0.502614 0.02186 5.81576e-06 0.00400627 0.107808 0.056179 0.00133395 0.0255794 6.58663e-06 0.0332631 0.000364539 0.0130474 0.0265278 2.84311e-06 0.018662 0.00175049 0.116697 4.03316e-05 0.00140078 0.00208385 8.75374e-05 0.00625406 4.23529e-06 1.91717e-05 0.00452251 0.0558747 4.80807e-06 
0.374397 0.0146795 0.000175344 0.00308976 0.0923731 0.000713339 4.48139e-07 0.00466176 1.29586e-06 0.00476247 1.32972e-05 0.0871651 5.71788e-05 4.60083e-10 0.256291 0.00335286 0.124598 4.77404e-08 2.96782e-06 0.00311971 2.41746e-06 0.00857971 2.79969e-05 3.71358e-06 0.021742 0.000190202 7.12158e-08 
0.613073 0.0158906 0.000281896 0.00410211 0.0353494 0.0312549 8.83036e-08 0.000483296 0.000112771 0.229642 5.21817e-05 0.00242292 0.0215232 4.06725e-11 0.0328319 0.00143737 0.0039704 8.03886e-07 0.00168147 0.00124458 3.24696e-06 0.00279752 1.20936e-07 3.25159e-11 0.000884732 0.000927897 3.17333e-05 
0.289166 0.0189406 1.61569e-07 0.0142302 0.0400845 0.0834217 0.000503334 0.182618 0.00157989 0.0500625 0.000746255 0.0314632 0.0232978 2.90414e-10 0.0308607 0.00129104 0.00108486 1.25703e-06 3.54442e-05 0.143067 0.00480957 0.00495571 2.27869e-06 0.000170741 0.0770223 0.000584511 2.86259e-08 
0.387252 0.106947 7.89042e-05 0.00177779 0.0142368 0.0908498 0.010561 0.0137744 4.94013e-05 0.00561681 0.00258807 0.0488516 0.0950452 2.80192e-06 0.065399 0.0124684 0.0127118 0.0049256 0.0755338 0.00228343 0.00112805 0.0215074 6.24221e-05 2.04112e-05 0.00225151 0.0240759 9.83169e-07 
0.191853 0.0124955 3.22053e-05 0.00139092 0.0707879 0.0920507 1.40848e-05 0.00132459 5.29398e-06 0.0248686 0.00485401 0.158606 0.0213793 9.71763e-06 0.177241 0.00391015 0.171464 0.000250572 0.000753418 0.00380717 0.000325454 0.00102014 9.88955e-05 0.000140801 0.00991559 0.051374 2.76999e-05 
0.269879 0.00809959 4.92337e-05 0.23078 0.0104264 0.0468441 1.39084e-11 0.0894343 0.00122312 0.0486543 1.83921e-11 0.0172395 0.104069 2.34325e-11 0.00022858 0.000350783 0.00436051 0.000444024 0.00593142 0.00857878 0.000149795 0.0847144 5.27678e-08 1.87333e-11 0.0581152 0.0104279 3.69191e-08 
0.324694 0.0235907 0.000253087 0.00502689 0.0548098 0.229169 7.11247e-10 0.0384392 5.29245e-06 0.0267309 0.000319368 0.0870758 0.0345573 2.54669e-08 0.0465727 0.00145958 0.0361231 0.000877361 0.000399394 0.00539449 0.000456584 0.0317852 7.12266e-05 0.000142596 0.040352 0.0115762 0.000117947 
0.515971 0.0141133 0.000438538 0.0516007 0.0721484 0.0312967 4.43086e-07 0.00856143 3.24939e-05 0.0721732 0.000383652 0.0794559 0.0180129 4.83966e-08 0.0750336 0.00686812 0.0238981 0.000108041 2.93631e-05 0.000520025 6.03954e-05 0.00276567 4.61773e-05 0.00088876 0.0237213 0.00154238 0.000329167 
0.376233 0.00210865 1.39797e-10 4.7377e-08 0.0531086 0.0539055 7.79276e-05 1.51749e-11 1.23761e-10 0.23142 1.08667e-10 0.00796473 0.123018 6.20449e-07 0.00100593 4.05499e-11 0.00024374 7.6009e-08 0.000111615 0.000604714 0.000815835 0.00125371 2.18164e-11 1.10683e-10 0.00286696 0.145261 9.83555e-08 
0.284768 0.020977 0.000393942 0.00159661 0.0942969 0.054497 0.000194356 0.000862511 1.43734e-05 0.0210085 7.54719e-05 0.0272108 0.0388766 3.6993e-07 0.0972195 0.191498 0.0393603 5.2841e-06 0.00312278 0.00113158 0.000598947 0.101574 0.017826 8.27431e-05 0.00210006 0.000677759 3.0434e-05 
0.750817 0.00184315 1.35044e-07 0.00388186 0.00674674 0.00921323 8.50061e-11 6.13573e-05 1.28025e-10 0.0187908 3.98043e-07 0.180451 0.000124291 1.43216e-10 0.0176665 0.000227065 8.07862e-05 0.00499862 0.000192545 0.00085541 0.000809184 0.00284901 0.000202445 9.3124e-07 9.8233e-05 8.8929e-05 1.1409e-10 
0.271358 0.0620277 4.76979e-05 0.0177774 0.0798917 0.0775787 2.89625e-09 0.000914012 7.05963e-08 0.0541944 3.82992e-09 0.265287 0.0477794 2.17845e-07 0.0160833 0.00351852 3.83922e-06 2.71168e-06 0.000211539 0.0834995 1.79695e-07 0.00385969 1.16781e-06 8.65281e-06 0.0158819 7.01427e-05 1.89281e-06 
0.592523 0.0690693 4.98343e-06 0.00286723 0.0162968 0.0629247 0.000245656 0.010307 6.30821e-07 0.00289792 8.55431e-05 0.017069 0.0226876 0.0248761 0.13483 0.00133099 0.000227277 0.00251561 0.000252992 0.00702728 5.04595e-05 0.00821208 1.14572e-05 0.000109075 0.0173832 0.00619122 3.60693e-06 
0.354168 0.0777272 0.199564 0.0013603 0.0705654 0.00943985 0.000218868 0.0300915 7.29386e-05 0.0107097 0.0014111 0.0641019 0.0107663 0.000401712 0.015809 0.0478837 0.00731078 0.00064029 0.00196249 0.00464475 0.0124043 0.0559661 0.000105761 0.00082825 0.00723565 0.0145976 1.29721e-05 
0.257129 0.0183397 5.16044e-05 0.0149945 0.0297969 0.199126 5.04688e-07 0.0852801 0.000139869 0.0553572 1.80883e-05 0.230091 0.00981538 2.31164e-09 0.0128232 0.00132979 0.000604994 0.00418598 0.000861081 0.00452255 0.000663859 0.00908345 4.06348e-05 0.0205039 0.0398795 0.00518872 0.000172562 
0.318299 0.0535065 0.00161496 0.00908828 0.0373127 0.137915 0.00113867 0.0189832 0.000675377 0.0461285 0.00115565 0.0667863 0.0648372 0.000656664 0.0966536 0.00936972 0.0218174 0.00409935 0.00180122 0.0499306 0.00130604 0.0133857 0.00039733 0.00267084 0.0313233 0.00912196 2.53497e-05 
0.28268 0.0462091 0.00033647 0.00225741 0.0581064 0.0892745 0.000132905 0.00667232 0.000728006 0.0373481 0.000363414 0.105477 0.0498699 0.000522218 0.0527811 0.00788147 0.0339875 0.000577653 0.0261819 0.00946894 0.000211858 0.0229121 0.00193267 0.00101554 0.0206864 0.142337 4.76491e-05 
0.299676 0.0351977 4.83541e-05 0.0040297 0.0549525 0.119825 0.00426901 0.0135148 0.000513799 0.238226 0.00046886 0.102314 0.0513105 0.00870412 0.018027 0.0100628 0.00254375 8.7355e-06 0.00241479 0.0150094 0.000235237 0.00130429 7.75933e-06 0.00237962 0.011807 0.00289865 0.00025 
0.26925 0.0312907 0.000391455 0.024324 0.114376 0.0611551 8.84226e-06 0.0065701 0.0024175 0.0218516 6.76377e-05 0.109438 0.0179102 2.16429e-06 0.107468 0.00658611 0.0436543 0.000392313 0.0504904 0.0173576 0.000150929 0.0280349 0.0114377 0.00379077 0.0684675 0.00304603 7.00907e-05 
0.563986 0.00482987 0.0303794 0.00337007 0.0875252 0.0375705 5.84999e-09 0.0027846 8.74492e-12 0.00022104 8.5405e-05 0.0249936 0.00120255 9.78259e-12 0.233566 0.000272636 0.00220448 2.24333e-05 0.00153347 0.00106296 4.20716e-05 0.00156836 5.32879e-05 0.00239058 0.00018027 0.000154455 1.25115e-07 
0.368928 0.0136856 1.73369e-07 0.00222247 0.147344 0.103041 1.73506e-07 0.00448073 1.73407e-07 0.132664 0.00298339 0.0961111 0.00470656 1.73372e-07 0.0511554 0.0334885 1.73634e-07 1.73325e-07 1.73511e-07 0.0110944 0.00499741 1.73644e-07 1.73648e-07 1.73438e-07 0.0142405 0.00859481 0.000260332 
0.69384 0.0398856 2.75792e-05 0.000944495 0.0544001 0.0283534 0.000348031 0.00402529 1.09357e-05 0.0182599 3.47415e-05 0.0449556 0.0162485 2.87821e-08 0.0318763 0.00187712 0.00588136 1.81064e-05 0.000973512 0.023645 0.00026697 0.00430958 4.93659e-05 0.0106015 0.0166544 0.00245718 5.53057e-05 
0.306343 0.0149815 5.72359e-05 0.00104444 0.0790469 0.049747 7.90508e-08 0.005966 5.57308e-05 0.0485109 1.47087e-05 0.112844 0.101519 1.48351e-08 0.18044 0.00147265 0.0413136 0.000289767 0.000309795 0.00364831 0.000689736 0.000792993 5.64204e-05 1.6961e-08 0.0188289 0.0316905 0.000335968 
0.162165 0.048517 0.000112125 0.0246956 0.0275061 0.131199 1.49158e-07 0.0191768 3.09526e-06 0.0112314 0.000699674 0.124653 0.0619574 1.8486e-08 0.0859499 0.00574512 0.0424613 0.000236016 0.00656244 0.00732959 0.0036667 0.155401 0.00042863 6.80815e-06 0.0744942 0.00579766 4.28506e-06 
0.356873 0.00874291 1.97644e-05 0.0003891 0.160735 0.0244538 0.000551363 0.0196051 0.00355207 0.0154494 0.00046339 0.029583 0.0183554 2.28355e-12 0.147507 0.0112805 0.0632425 0.000643168 0.0396887 0.000918238 0.000211193 0.0753614 0.0172251 0.00136851 0.00136564 0.00230327 0.000112355 
0.309845 0.0425222 0.000338522 0.0173525 0.0493846 0.0586449 6.44894e-07 0.00556281 0.000416245 0.00840501 0.0065362 0.233423 0.0185566 0.000190133 0.0923887 0.0197753 0.0886366 0.000178818 0.00122653 0.00397101 0.00013744 0.00545041 0.000123163 0.00503605 0.0154166 0.00233147 0.0141493 
0.72254 0.00959732 0.000402782 0.0143477 0.0024701 0.0603985 0.000148594 0.0273449 2.92434e-05 0.0878841 1.56279e-05 0.00499177 0.0459012 7.58518e-10 0.0026711 0.000458297 0.000592027 5.16589e-05 0.00120813 0.00194271 9.53861e-06 0.00560457 8.14257e-07 3.34533e-05 0.00451 0.00684571 5.58575e-07 
0.268535 0.0786125 6.93579e-06 0.0018231 0.0584915 0.12699 4.66464e-10 0.00650878 6.07186e-07 0.0246086 3.65258e-05 0.2386 0.0339346 0.000383912 0.00382184 0.00191304 0.00643411 7.40393e-05 0.0108089 0.0691855 0.00104421 0.000690198 3.71867e-08 0.00122543 0.0573529 0.00891416 3.52122e-06 
0.370054 0.049522 0.00208036 0.00315355 0.114517 0.0148098 0.000288627 0.000838567 0.000215697 0.0255467 0.00415513 0.296491 0.0214453 0.0115331 0.0102254 0.00939714 0.00798699 0.00019663 0.00365768 0.0169066 0.00905734 0.0017799 7.11789e-05 0.00135666 0.0241627 0.000546079 5.52444e-06 
0.376064 0.113867 1.30931e-07 0.00591123 0.0211451 0.111579 4.13761e-12 0.000597122 1.05998e-08 0.0477892 1.14518e-05 0.183527 0.000895574 6.97094e-12 0.00986616 0.000209539 0.0441602 7.95573e-12 0.00139742 0.00193559 3.91722e-12 1.20279e-10 0.000243635 5.57297e-12 0.0800827 0.000718361 4.44816e-09 
0.281167 0.0321188 0.000358173 0.000786536 0.15351 0.109493 0.000294287 0.00857868 0.000267052 0.0257 0.00105387 0.0626041 0.0473599 3.48521e-05 0.117197 0.00519957 0.0830031 0.00214325 0.00309141 0.00220984 0.000793391 0.0390763 0.000565884 0.00285509 0.010572 0.00992912 3.76515e-05 
0.817 0.0199704 2.75054e-05 0.00389394 0.033579 0.0371726 0.000659507 0.00396128 0.000288006 0.00246434 5.21495e-05 0.00852107 0.00232116 1.4859e-08 0.0501311 0.00120673 0.00607799 0.00254348 0.00232085 0.00257907 9.77814e-05 0.00188363 4.67585e-06 2.1004e-05 0.00274171 0.000477777 2.78665e-06 
0.561461 0.0137279 0.000146042 0.000190828 0.0151929 0.194372 4.92759e-10 5.14959e-05 2.90773e-06 0.00856567 1.73733e-05 0.0117905 0.0814677 8.30187e-10 0.0266898 0.0206709 0.0406118 9.47469e-10 0.000298989 0.000979568 0.000361096 0.0106593 1.29205e-05 3.35568e-07 0.0103934 0.00233494 7.51987e-07 
0.470406 0.00694359 5.06117e-05 0.00696583 0.0123096 0.214698 4.7982e-09 0.000225166 2.48742e-08 0.00269803 0.000715077 0.056244 0.00546062 3.67001e-11 0.0253487 0.000645505 0.00411858 0.000221032 0.000151633 0.00324461 0.000448779 0.107053 6.12202e-05 0.0730957 0.0044502 0.00440057 4.517e-05 
0.523112 0.032385 6.5951e-06 0.11632 0.0252444 0.143126 0.000558775 0.0678109 1.82351e-06 0.00681161 0.000266005 0.0122869 0.0154906 1.36091e-06 0.0262939 0.00222559 0.000711049 0.000359889 0.00016791 0.00233596 0.000282987 0.00925625 6.69159e-06 0.000872818 0.0105077 0.00352806 2.94738e-05 
0.254585 0.109549 3.94976e-05 0.0028479 0.0312649 0.0195379 7.47398e-05 0.241476 0.000851357 0.0197903 0.00153515 0.173657 0.0202102 3.2393e-10 0.038443 0.0167119 0.015471 0.00601147 0.00999037 0.00170002 0.0117556 0.0111978 0.00170184 0.000195353 0.00767914 0.00370555 1.81136e-05 
0.463265 0.0393055 7.64532e-05 0.00354 0.0272559 0.135861 0.00396264 0.0609841 3.58937e-05 0.00885209 0.000546558 0.0680343 0.0602163 0.00035971 0.0439447 0.00566173 0.0187644 0.00193691 0.00397343 0.00793192 0.000418183 0.0108978 0.0106819 0.0104897 0.00834213 0.00458388 7.76594e-05 
0.547873 0.0248834 7.41314e-06 0.0261914 0.0628674 0.10243 1.23567e-08 0.0610949 0.000376501 0.00586823 0.00296582 0.0255388 0.00289888 0.000426232 0.0741616 0.000913466 0.0269577 0.000555328 0.000435875 0.0135516 0.000392841 0.000952827 3.47066e-05 0.000114335 0.0180205 0.000484888 2.31581e-06 
0.15629 0.129468 0.00387828 0.0253312 0.127995 0.0669305 0.00788049 0.00978516 0.000236519 0.102213 0.00566117 0.0959965 0.085007 2.25441e-05 0.0250169 0.00349215 0.00223913 1.02822e-05 0.000478513 0.0649183 0.00067694 0.0141373 5.42807e-06 7.04075e-06 0.0422335 0.0300784 1.18689e-05 
0.502775 0.0379102 0.000112402 0.00376215 0.267676 0.0416447 0.000866356 0.0115604 6.88064e-05 0.00934502 0.000260556 0.0192443 0.00778385 0.000305843 0.0550987 0.00387979 0.00191023 0.00127183 0.000262238 0.00880408 0.00011266 0.00134169 0.00129496 0.00320254 0.0186864 0.000802841 1.62374e-05 
0.316769 0.041325 8.69629e-05 0.0261442 0.0185293 0.289545 2.42941e-09 0.00284778 7.45604e-07 0.0184579 2.63763e-05 0.055452 0.0174862 1.4524e-07 0.0864401 0.00232175 0.022153 0.000225144 0.000527132 0.0115669 0.000377957 0.0163144 0.000124312 0.0475844 0.016457 0.00917412 6.39797e-05 
0.659421 0.00240683 0.000372365 0.00184175 0.183548 0.0118342 1.76463e-06 0.00147798 0.000138098 0.027176 0.00118434 0.0555904 0.00221664 4.14374e-06 0.0191365 0.00250375 0.00329317 5.51503e-08 4.04771e-05 0.00496767 0.000114734 0.00060848 6.24279e-06 6.6816e-05 0.0204757 0.0015605 1.18438e-05 
0.327043 0.282127 0.000267751 0.00370372 0.0375139 0.0445795 0.00277891 0.0289533 0.0002482 0.0162196 0.00920457 0.029372 0.0610198 2.77414e-07 0.0409449 0.00289528 0.0381573 0.000637886 0.00361369 0.00758086 0.000929575 0.0124177 2.75543e-05 0.000383674 0.0107089 0.0386373 3.38589e-05 
0.359273 0.0287426 0.000100767 0.00120665 0.0381289 0.121678 0.0174905 0.00751547 1.88136e-06 0.0145403 0.00117114 0.0572958 0.0620868 0.000362208 0.0555169 0.00335837 0.0112008 7.84672e-05 0.00198994 0.0428956 0.0926987 0.0515659 0.000300713 0.00529156 0.0182455 0.00723046 3.37699e-05 
0.673887 0.0140515 0.000655274 0.000186236 0.0261071 0.147675 1.16679e-06 0.000382915 9.50991e-07 0.0166585 1.56751e-10 0.0414205 0.0109724 7.21945e-07 0.011155 0.00676456 0.00146808 0.000160353 0.0264158 0.00819688 2.44929e-05 0.011499 6.72476e-08 7.63821e-05 0.00164951 0.00058956 5.85496e-07 
0.493025 0.0333122 0.000159753 0.00236003 0.0558225 0.121101 0.000120851 0.020748 0.000318553 0.0250014 0.0061668 0.0358123 0.104963 3.61128e-06 0.0255207 0.00439591 0.0159631 0.000604617 0.00166843 0.011135 0.0039195 0.00487401 0.00149612 8.75122e-05 0.0243121 0.00709413 1.45014e-05 
0.405419 0.0431693 4.29641e-07 0.00112408 0.0723705 0.0354562 8.79447e-05 0.0249596 0.00295947 0.119784 0.00273074 0.11597 0.0443647 1.75934e-05 0.0106059 0.0395189 0.0520196 1.80984e-06 0.00199163 0.00460924 0.000219895 0.00828736 8.02229e-07 0.000403798 0.0131895 0.000738197 1.06763e-07 
0.276928 0.0289317 0.0262368 0.0127912 0.110244 0.132691 0.00390413 0.00971543 0.000802172 0.0763611 0.000231695 0.0179062 0.0796158 1.19025e-05 0.0241701 0.0070684 0.0734706 0.000933708 0.00584184 0.0182506 0.00141889 0.00833948 0.00423046 0.00126997 0.0278166 0.0506573 0.000160478 
0.312038 0.0227354 2.55194e-06 0.00117904 0.240687 0.0290251 6.02558e-06 0.00216688 0.000295474 0.00748424 1.85947e-05 0.110678 0.00722886 1.17418e-09 0.195434 0.000956818 0.0305474 0.00154751 0.00811965 0.00161597 1.94775e-05 0.00438184 8.5371e-05 0.000879821 0.0115274 0.0110089 0.000330263 
0.482161 0.00784615 0.00769934 0.00365356 0.0807784 0.100513 1.0197e-07 0.016063 0.000141731 0.090141 0.000916818 0.0801562 0.0285166 0.000270687 0.0201947 0.00241954 0.00253221 0.0045286 0.00085248 0.0478973 0.00032449 0.0109617 3.71117e-05 0.00510114 0.00549395 0.000512612 0.000286888 
0.272603 0.0105983 0.154439 0.000928281 0.197573 0.021886 0.00844047 0.00180409 1.22842e-05 0.0147713 0.000471059 0.03795 0.0208343 0.00044947 0.0377107 0.0170387 0.0480307 0.000214288 0.000154354 0.00631708 0.00236641 0.00391069 0.00386963 0.00171728 0.00234304 0.00234556 0.131222 
0.373198 0.010308 0.0011126 0.000583903 0.280959 0.0718035 0.00198367 0.00826105 0.00107253 0.0275359 0.000257951 0.0520718 0.0198344 5.11356e-06 0.078657 0.00337894 0.0288354 0.000137573 0.000644058 0.0032751 0.000399508 0.00682976 0.0119339 0.00209145 0.00679552 0.00776347 0.000270402 
0.260655 0.00205232 3.12556e-08 8.62301e-05 0.0365553 0.221218 0.000118048 0.0385404 5.17761e-06 0.257263 2.62535e-05 0.00418687 0.0515644 3.50753e-11 0.015329 0.000581181 0.0240485 6.52496e-05 8.69617e-05 0.0155767 5.0422e-05 0.0447671 2.77998e-05 4.32744e-06 0.020794 0.00639667 1.51567e-06 
0.633306 0.049407 1.70595e-07 0.00111552 0.0240124 0.0285295 1.71806e-08 0.0436543 5.99062e-08 0.04332 0.000268984 0.037069 0.00233613 2.20442e-09 0.0807169 0.0288687 0.00216599 5.7842e-07 7.64177e-05 0.00104439 0.000756259 0.000116339 1.8248e-06 2.28238e-08 0.0229355 0.000297622 6.63804e-08 
0.625598 0.00390548 0.00152237 0.00667999 0.00617837 0.136703 1.04733e-07 0.000204329 4.06981e-06 0.00204143 2.44994e-05 0.0478788 0.0192995 1.88324e-05 0.0102928 0.000187102 0.00957843 0.000709169 3.48466e-05 0.000893089 0.000296472 0.117847 2.08317e-05 0.000308073 0.00144283 0.0083204 9.43275e-06 
0.380772 0.094029 0.000113656 0.0244407 0.0428953 0.012113 8.1088e-11 0.0418623 0.000135146 0.00870843 9.79937e-05 0.24302 0.00372625 4.9942e-07 0.0247954 0.00459464 0.0181872 0.00240551 0.0020044 0.0294701 6.19608e-05 0.0319389 7.41309e-05 0.000870729 0.0277023 0.00598047 1.64718e-08 
0.669742 0.0113452 2.84531e-06 0.000379965 0.0735744 0.0104347 0.0115556 0.0122755 8.10672e-05 0.0722317 0.000545453 0.0158179 0.00642536 1.24386e-05 0.0111386 0.00439615 0.0702766 0.00126536 0.00430799 0.0033084 0.000385803 0.00184808 3.80751e-05 6.95046e-05 0.00337806 0.0151614 2.08878e-06 
0.376987 0.0152022 0.00017779 0.000743321 0.133538 0.137256 4.95794e-05 0.00782878 2.56927e-05 0.0850829 0.000593362 0.033734 0.0306248 1.10115e-08 0.0422053 0.0133115 0.022019 2.68329e-06 0.000131518 0.00769335 4.16591e-05 0.074256 0.00377924 3.4988e-05 0.00778461 0.00687592 2.04751e-05 
0.58826 0.00534507 4.67822e-12 0.000517148 0.00613595 0.320754 2.74994e-12 6.64493e-09 6.48609e-06 0.00269173 2.58355e-08 0.0389885 0.00965561 4.63303e-12 0.0197943 0.00146375 0.00139244 5.28755e-12 0.0012704 0.000619609 3.94128e-05 0.00219585 1.6485e-06 2.18843e-08 0.000811124 5.65942e-05 9.10341e-09 
0.14801 0.0205282 0.118803 0.00919209 0.0809227 0.120143 0.00118228 0.00824809 0.000493306 0.0957143 0.000636631 0.0680253 0.0938627 0.000393172 0.0475671 0.0075117 0.0170724 0.00156233 0.00427221 0.00337556 0.000931779 0.117254 0.0045142 0.000795535 0.00837338 0.0202091 0.000406513 
0.262343 0.00664675 6.81591e-06 0.000277251 0.0559316 0.0924429 3.38792e-10 0.00916996 4.06112e-06 0.0296238 2.78392e-05 0.00392967 0.0318284 4.2686e-12 0.192251 0.00413459 0.247443 1.08815e-08 0.000779132 0.000751819 0.00180159 0.00999911 9.14485e-05 3.96533e-09 0.00142711 0.0490882 1.76627e-06 
0.372193 0.0353052 0.000100162 0.00106106 0.0324524 0.230191 3.73034e-12 0.00866462 0.0148705 0.0276892 0.000103353 0.0143913 0.0410619 0.000621741 0.0220726 0.0288935 0.0125625 0.00043093 0.000700515 0.00830156 0.000158912 0.0499164 3.27458e-05 0.0495041 0.0343791 0.0143246 1.70647e-05 
0.286486 0.0231379 0.00155297 0.00255224 0.071062 0.215678 0.00220467 0.0133913 8.48543e-05 0.0397702 0.000271908 0.0174923 0.0489528 0.000165359 0.162447 0.00283673 0.0410069 0.000384536 0.00186557 0.00524874 0.000298737 0.0357485 0.00240849 0.00287571 0.0136138 0.0084266 3.6688e-05 
0.214196 0.0596357 3.35122e-05 0.0161282 0.0546529 0.0591059 0.0024633 0.00943094 0.00702737 0.030003 0.000531869 0.21297 0.0798691 6.47601e-05 0.0161891 0.00995801 0.00897769 0.003486 0.0487884 0.0531883 0.00233799 0.0166293 0.000707359 0.0110585 0.0625662 0.0197288 0.000272199 
0.58565 0.0267809 1.47749e-05 0.0160469 0.0558991 0.0157152 7.61375e-12 0.00833109 5.13736e-06 0.0106914 0.000487307 0.0643264 0.00449038 0.00160999 0.0337757 0.00367183 0.000216205 2.82157e-07 4.04808e-06 0.102728 2.1783e-06 0.000771237 0.0547425 0.000313562 0.0129201 0.000780632 2.53007e-05 
0.428834 0.000591454 1.56682e-09 6.56801e-05 0.0444799 0.0157008 9.21004e-10 0.00137508 9.32738e-08 0.0132469 0.00411838 0.00421425 0.205936 6.42513e-06 3.88497e-06 8.30056e-07 0.000119704 0.000902721 1.77967e-05 0.00472446 0.000416292 0.257263 0.000312461 8.29321e-06 0.00161301 0.0160444 4.42066e-06 
0.233565 0.0267846 1.0385e-05 0.00258712 0.180213 0.0840931 0.0036528 0.0170038 5.05982e-05 0.0457654 0.00946811 0.0805212 0.0198764 0.00577304 0.163513 0.0216182 0.0445218 0.000313788 0.00182804 0.00358294 0.00170293 0.0379287 7.74925e-05 0.00327174 0.0103174 0.00159461 0.000365046 
0.231541 0.0250903 5.62827e-05 0.00113027 0.0366847 0.12064 0.0101435 0.0737149 1.07068e-05 0.137887 0.00016273 0.0285532 0.0646499 1.55742e-06 0.0279165 0.00344698 0.00414617 8.05293e-05 2.76829e-06 0.0898681 0.000560611 0.00239151 0.0314935 7.88244e-05 0.089409 0.0199146 0.000423985 
0.662256 0.0335393 1.4072e-08 0.00523346 0.0160319 0.196671 1.14293e-12 0.00020663 1.4737e-05 0.000917897 2.43522e-08 0.0449652 0.000302922 1.24772e-07 0.0234556 0.00322318 0.000546404 2.19761e-12 0.000369433 0.00239487 1.56284e-05 0.00427129 3.29281e-06 4.94188e-05 0.00548644 4.49842e-05 8.5795e-09 
0.449744 0.100635 0.00013789 0.0203557 0.0467862 0.101056 3.22269e-05 0.0138436 0.0015779 0.0149553 0.000196805 0.0773623 0.0323635 6.4634e-05 0.0268802 0.018219 0.00343136 0.000106688 0.000777648 0.0261829 0.000598003 0.0220968 1.22034e-05 0.007991 0.0274617 0.00709523 3.5289e-05 
0.657324 3.2681e-05 0.00013103 2.45384e-05 0.00894342 0.0437917 3.91109e-08 2.41362e-05 0.000102806 0.00168619 2.67155e-05 0.0026494 0.214034 6.58929e-08 0.000144649 6.00023e-06 0.0131398 8.78633e-05 0.00204837 0.00556743 2.70035e-05 0.010045 4.33377e-06 6.74104e-05 0.0198444 0.020243 3.86745e-06 
0.628103 0.0359522 5.98429e-05 0.00309444 0.0435872 0.0527104 0.000312411 0.0130553 3.99711e-07 0.00975716 0.000100268 0.0223063 0.030133 0.000244506 0.0543677 0.0784748 0.000601569 0.00159062 0.000540547 0.00490709 0.000103701 0.00620084 1.24432e-06 0.000657657 0.0126251 0.000511425 9.83312e-07 
0.529414 0.0525762 9.61526e-05 0.00166798 0.123793 0.0199577 3.00064e-05 0.0560087 0.00372297 0.0257535 0.000957463 0.0263308 0.0431473 4.22713e-11 0.0481448 0.0228751 0.00375493 0.000420344 0.00341828 0.0077977 0.00185366 0.00748761 0.00162595 8.60757e-06 0.0179079 0.00124555 4.50393e-06 
0.31049 0.00945564 3.58978e-07 0.000204023 0.0756206 0.0449783 0.0392221 0.000276463 3.91288e-06 0.0770025 4.07499e-05 0.034294 0.198865 2.29356e-05 0.103517 0.0109133 0.0563797 1.19435e-05 0.000637904 0.00125202 0.000103357 0.0269833 8.65875e-05 4.82918e-05 0.00471554 0.00483459 4.02138e-05 
0.608207 0.0353431 0.000275339 0.00701571 0.0752602 0.0432794 1.05129e-06 0.0195315 0.00014307 0.0796889 7.82501e-05 0.00780911 0.0386951 0.00724031 0.0371318 0.00336914 0.00905408 0.000210221 0.00119563 0.00192514 0.000424908 0.00335229 4.27415e-05 0.000173446 0.0112278 0.00931897 5.19073e-06 
0.314644 0.0012493 0.000307908 0.000780642 0.19059 0.0660518 4.83246e-07 0.000362364 1.49976e-06 0.234557 0.000439963 0.0629478 0.0169977 5.77197e-06 0.00961187 9.01567e-05 0.000513014 0.000153124 0.000180634 0.0123261 0.000219365 2.2118e-05 3.51148e-07 5.46851e-06 0.0737063 0.0142344 3.10778e-07 
0.579095 0.0429817 0.000239407 0.00342167 0.0480468 0.0609805 0.000101969 0.0175069 3.20012e-06 0.0105024 0.000432565 0.0469227 0.0192896 5.15868e-05 0.0789888 0.00255825 0.0535197 0.00260064 0.00047223 0.0077427 0.000430582 0.00997911 6.07491e-05 0.000542861 0.0112911 0.00222358 1.39299e-05 
0.362948 0.037161 0.000394927 0.0106633 0.0158831 0.154657 3.15902e-11 0.00498647 0.000297046 0.0122984 0.000127088 0.0782609 0.0231781 6.51609e-05 0.0148934 0.00159624 0.110622 7.46268e-05 0.000357812 0.0417324 0.000688922 0.0501334 0.000417631 0.000433334 0.0600947 0.0179648 6.93214e-05 
0.36288 0.0255884 3.361e-05 1.23817e-07 0.000138669 0.255436 0.000193874 8.28244e-06 4.31862e-07 0.198967 3.7919e-07 1.30784e-06 0.0538261 4.83107e-07 0.000214785 5.01009e-05 0.000274287 5.51357e-07 0.00518003 0.086322 0.000164588 0.000214147 1.22479e-06 3.86224e-07 0.0104528 4.98889e-05 3.84858e-07 
0.341078 0.0362326 9.59228e-05 0.00527232 0.0944255 0.0196034 8.8716e-06 0.000323401 4.95998e-05 0.045907 8.10718e-05 0.153875 0.0638896 1.13904e-06 0.147396 0.00141314 0.0562067 0.000293674 2.99354e-05 0.000353909 0.000488479 0.00364216 4.27351e-05 0.000385468 0.0279685 0.000904002 3.13843e-05 
0.246016 0.0438579 0.000772087 0.00310542 0.18506 0.0449139 0.000298688 0.00446489 0.00308252 0.0158144 0.000523043 0.0303513 0.0869662 1.18148e-05 0.022061 0.00940955 0.0236788 0.00623233 0.00419016 0.00496777 0.000899773 0.232572 0.0087124 0.00103903 0.0183956 0.00255666 4.6716e-05 
0.360592 4.49817e-05 8.37629e-11 4.86641e-08 0.105773 0.0166988 4.92374e-11 0.000145175 0.000319046 0.287233 3.82048e-08 0.000381916 0.0194628 8.29539e-11 0.166244 8.96188e-05 0.00222427 9.4673e-11 0.000116764 0.000530792 2.59314e-05 1.11068e-07 1.30718e-11 6.63182e-11 0.000292403 0.0398247 3.47711e-08 
0.280898 0.0216798 0.00221606 0.00271936 0.260874 0.062161 0.000666575 0.0129128 0.000584979 0.0590463 0.00174192 0.0440046 0.0676182 4.10877e-06 0.0467474 0.0348751 0.0358934 0.000947626 0.00242365 0.00634495 0.00262986 0.0379628 0.000535515 0.000177111 0.00636546 0.00795554 1.36477e-05 
0.437752 0.0557601 3.50594e-05 0.000291386 0.0359561 0.0126452 0.0180545 0.00172233 9.43989e-08 0.0512664 2.20891e-05 0.117489 0.0369641 1.33203e-06 0.0597336 0.0021662 0.00280534 0.0092713 0.000855258 0.13138 0.000542046 0.000433033 5.45556e-05 1.16723e-07 0.0218897 0.00290944 3.6165e-09 
0.585444 0.0366262 0.000696364 0.00416384 0.0335314 0.0509583 0.000401294 0.0378886 2.1422e-05 0.0567382 0.000643316 0.0182324 0.0377205 0.00140496 0.0330335 0.00524911 0.0145675 0.000618232 0.00103915 0.0130117 0.0014933 0.0300661 1.45999e-05 0.00542322 0.0109246 0.0200845 4.29251e-06 
0.212605 0.0124831 0.0107561 0.0187487 0.0725179 0.0616783 0.014661 0.000462129 0.000388456 0.104469 0.000631803 0.118729 0.0912748 3.35331e-06 0.000302723 0.000852411 0.033253 0.000240775 0.00148622 0.0588392 0.00205323 0.00569958 2.62723e-06 2.36939e-06 0.0244656 0.153394 1.56041e-07 
0.266241 0.0102535 0.000111479 0.0028605 0.109088 0.188366 0.00451697 0.0134381 3.82243e-06 0.0364337 3.91526e-05 0.0284069 0.0184588 3.79976e-11 0.0590741 0.000736614 0.06012 9.29432e-05 0.00143304 0.00473414 0.00264121 0.143841 0.0001412 0.00175424 0.0244658 0.0227371 1.03271e-05 
0.533841 0.00253844 1.58192e-05 0.00150181 0.0336124 0.040602 0.000713058 0.0172101 0.000623704 0.094882 2.97815e-05 0.00680604 0.0023114 6.42464e-08 0.00284972 0.000285317 0.0407967 5.22816e-06 0.000138977 0.00168069 0.000679557 0.000932308 2.89245e-06 2.18613e-08 0.0098304 0.208108 3.11287e-06 
0.367591 0.0251335 8.62005e-08 0.000627307 0.152293 0.018335 8.6273e-07 0.000185468 5.30418e-10 0.0241769 6.56248e-05 0.107676 0.0896453 5.93358e-10 0.0220965 0.0093579 0.0950654 6.77183e-10 3.43482e-10 0.00098479 3.33429e-10 0.0140587 0.0573997 0.000333289 0.0114096 0.00356272 1.88175e-06 
0.310962 0.0355376 0.00016145 0.000974395 0.0254934 0.0166658 0.000965193 0.00191818 0.0249055 0.0415972 0.000597019 0.0478785 0.16066 0.00967665 0.0663432 0.00130065 0.136786 0.000222961 0.0198062 0.0028021 7.16078e-05 0.0181335 5.45995e-05 3.15707e-06 0.0112505 0.0652277 4.82199e-06 
0.549603 0.0191172 5.92485e-08 0.00244427 0.0351775 0.0702895 3.57877e-09 0.000499706 8.18983e-12 0.00302425 1.21963e-08 0.134783 0.0036143 9.16163e-12 0.0329805 0.00101168 0.000382608 1.17182e-07 1.28303e-05 0.00967724 0.003638 0.00285158 1.44324e-05 8.88491e-08 0.130737 0.00014231 7.29844e-12 
0.458502 0.0714844 5.30196e-05 0.00096666 0.0485647 0.0345192 0.0028326 0.0317422 8.38278e-07 0.0646318 0.000302089 0.105361 0.00441409 0.00076282 0.022107 0.00569486 0.00369471 4.95571e-08 2.03543e-06 0.0105233 1.29085e-05 0.00049242 3.17166e-05 0.000738395 0.012553 0.119987 2.4276e-05 
0.300664 0.0301879 1.89474e-05 0.00175053 0.0387747 0.256568 7.94097e-05 0.00584145 9.77351e-05 0.00513587 0.00121897 0.0327391 0.0160456 1.99121e-10 0.235852 0.00227145 0.0165154 9.52011e-06 0.000202582 0.00363526 0.000119448 0.0423597 4.83141e-05 0.00447632 0.00268087 0.00255905 0.000147372 
0.572219 0.0117312 2.6332e-06 0.00193593 0.324004 0.00571719 8.94307e-06 7.54101e-05 1.99449e-07 0.00493614 0.000102159 0.015701 0.00202361 1.92929e-07 0.0327948 0.00102764 0.000172985 2.1506e-11 2.39369e-05 0.00842536 0.000196878 0.000226276 3.64354e-06 3.02321e-06 0.0185049 0.000161636 1.18037e-06 
0.241375 0.0106995 1.32428e-06 0.0817677 0.0430233 0.147777 0.000450209 0.00553312 3.3734e-05 0.0791654 0.000941368 0.0794818 0.0573235 2.69653e-11 0.0289622 0.000444403 0.105167 0.00129066 0.000124241 0.00544649 0.000381231 0.0849361 0.000134684 0.00381501 0.0136362 0.00778057 0.000307334 
0.432838 0.0265508 0.000209168 0.000840397 0.0895623 0.0239354 6.90529e-05 0.0386831 0.00178824 0.22239 0.000399357 0.0230019 0.0458738 6.23425e-05 0.0257668 0.0109143 0.00183904 0.000265752 0.00232213 0.0201329 0.00106919 0.0148055 0.00085559 1.40842e-05 0.00921082 0.00659637 3.45826e-06 
0.22264 0.0587978 0.00273705 0.00418194 0.0399315 0.183154 0.0225469 0.00291868 3.11162e-05 0.099599 0.000532604 0.0943941 0.127105 8.848e-05 0.0197728 0.0148721 0.00634329 2.74604e-05 0.00201214 0.0173262 0.00153396 0.00805356 3.81388e-05 2.67596e-05 0.047239 0.0240956 5.19593e-07 
0.461721 0.00885552 0.000108002 0.000524416 0.0411732 0.0500916 0.00173631 0.0030309 3.38928e-07 0.199898 0.000406678 0.0449724 0.0945172 2.47035e-08 0.010492 0.00186256 0.00743593 0.000586782 0.000189242 0.00600559 0.00226341 0.0181663 3.05113e-05 1.74591e-06 0.0238676 0.0220596 3.07733e-06 
0.269277 0.0440809 0.00208906 0.00172987 0.131991 0.0306842 0.00256855 0.0403675 0.000351805 0.157311 0.000582498 0.0250748 0.0484285 0.0109549 0.0325084 0.01212 0.025482 0.001197 0.00349301 0.00591925 0.0294621 0.0313915 0.0137351 0.0023857 0.0104473 0.0606216 0.00574591 
0.313038 0.0672852 0.00270212 0.00413296 0.177444 0.0433185 2.72611e-05 0.00393825 0.0100383 0.175913 0.0013043 0.0299301 0.0421002 2.58772e-05 0.0787635 0.00455625 0.00513801 0.000126755 0.00868421 0.0116097 0.000150145 0.0131561 2.448e-05 0.000168532 0.00430237 0.00212052 8.83614e-07 
0.29521 0.010746 0.000706414 0.00936437 0.061635 0.213164 0.00150962 0.00843992 0.000370119 0.121286 0.000352915 0.0770374 0.0508925 0.000451755 0.0312377 0.00435417 0.0267785 0.000366366 0.00279326 0.00337878 0.00167581 0.0259395 0.00091835 0.0105328 0.007183 0.0336605 1.45964e-05 
0.487464 0.00722707 8.47497e-05 0.00370941 0.0252846 0.148783 4.39678e-11 0.00140603 0.013259 0.108779 0.00103004 0.123244 0.0232058 1.61044e-07 0.0316247 0.00619095 0.00139807 7.04429e-07 3.75818e-05 0.00822671 6.89329e-05 9.9283e-05 3.36694e-05 7.48482e-06 0.00559211 0.00324261 9.17251e-07 
0.626934 0.0454649 2.5434e-05 0.00404219 0.0264566 0.0851627 0.0155091 0.00507109 5.6637e-06 0.0150326 0.0107642 0.0501928 0.0130238 1.95293e-09 0.0249567 0.000556326 0.000974669 0.00159546 0.000136104 0.0162416 0.000288086 0.0355705 9.44607e-05 0.00220946 0.010919 0.00874228 3.04047e-05 
0.293203 0.0107704 6.89773e-08 0.000967124 0.0408545 0.283972 5.40467e-07 0.000604211 2.90464e-10 0.0107679 2.80858e-06 0.06907 0.0334565 3.2493e-10 0.0485801 0.00745733 0.0550216 8.38436e-07 0.00727237 0.00708922 0.000128204 0.00890918 1.52505e-05 3.94513e-07 0.106451 0.0153967 9.44843e-06 
0.468006 0.0377801 5.31736e-05 0.00579304 0.0270833 0.128138 0.000420183 0.000728957 0.058343 0.0257324 0.000763058 0.0377382 0.0659915 9.9309e-05 0.0357318 0.0154703 0.00946801 0.000110094 0.00344981 0.0184652 0.000118407 0.00939053 4.18815e-06 0.000800889 0.0502144 0.000104083 1.59797e-06 
0.235889 0.122826 1.05693e-05 0.0329014 0.0412068 0.142803 0.00032516 0.0566523 9.78442e-06 0.0128427 0.000172841 0.0137737 0.0227456 2.4889e-07 0.145344 0.0036015 0.0511868 0.00187082 0.0175835 0.0058392 0.00017681 0.00394206 6.56441e-05 1.98685e-05 0.0676582 0.0205502 2.8944e-06 
0.397659 0.0326416 0.00307051 0.00398519 0.0909648 0.120402 0.00604573 0.0113424 0.000967629 0.068037 0.00188416 0.0413481 0.049379 0.000300132 0.0631237 0.0107087 0.0219823 0.000956631 0.00582897 0.0164134 0.00312841 0.0129055 0.000731536 0.00206564 0.0207662 0.0132956 6.61817e-05 
0.328166 0.11085 7.01803e-05 0.000616391 0.0578204 0.147189 6.98733e-11 0.000123226 1.05234e-10 0.00193839 1.97974e-07 0.113725 0.0860817 1.17721e-10 0.0455243 0.010113 5.93781e-07 3.37194e-07 1.32007e-06 0.000469508 1.39817e-07 0.0744047 8.6865e-08 0.00208524 0.0208195 1.49169e-06 9.378e-11 
0.442767 0.0453402 2.74359e-05 0.00318685 0.182165 0.0646928 4.61511e-06 0.0196704 0.000571635 0.00922355 0.000247495 0.0497565 0.00737499 6.50666e-05 0.0342777 0.0102856 0.0357128 0.000515145 0.0133413 0.017002 5.97537e-05 0.00877254 9.56956e-06 5.82521e-07 0.0497956 0.0051314 2.70287e-06 
0.520551 0.0032324 2.60511e-05 0.00133138 0.022856 0.0469675 0.00059602 0.0158257 0.00184789 0.0870182 2.6422e-05 0.00645702 0.00443638 1.20215e-05 0.00373012 0.000370867 0.0403624 8.32864e-06 0.000169824 0.00190462 0.000663829 0.000939769 2.88608e-06 2.48182e-06 0.0111688 0.229488 3.94882e-06 
0.405663 0.0352062 0.00162009 0.00773693 0.0402059 0.104357 0.0100473 0.00127259 0.00014675 0.0263458 0.00224129 0.0837159 0.0484325 4.70354e-09 0.0315926 0.00818446 0.038765 0.00533262 0.000507281 0.00293808 0.000136695 0.0216552 0.000168281 0.0563117 0.0641573 0.00308871 0.00017037 
0.52897 0.155254 0.00607888 0.000641206 0.0555235 0.0261051 8.37739e-08 0.00783053 7.73816e-06 0.000206783 0.000131097 0.0693347 0.0300616 1.91714e-06 0.00788507 0.000366733 0.00118892 1.11896e-07 0.000169313 0.0970436 7.36543e-07 0.00134031 3.07775e-07 0.00118164 0.0102769 0.000267895 0.000130844 
0.145638 0.0455183 0.000141197 0.00243947 0.0696554 0.0857648 0.000214622 0.0236767 3.68338e-05 0.13068 0.000863378 0.0435401 0.140448 0.000317825 0.0171613 0.0154548 0.136374 0.000103381 0.0119202 0.00600216 0.000889379 0.041012 0.00109731 0.000683923 0.0179984 0.0623656 2.26655e-06 
0.30159 0.0238015 0.00482942 0.0043665 0.0650951 0.16957 0.00204256 0.0136412 0.000278765 0.0625281 0.000410382 0.0222723 0.0813003 1.10332e-05 0.0218396 0.0140048 0.0337249 0.000570552 0.00463267 0.00455564 0.00193858 0.0919604 0.0215088 0.000373401 0.0143116 0.0388166 2.47478e-05 
0.521233 0.0297622 0.000118589 0.00284723 0.123845 0.0633682 2.78084e-06 0.007026 1.10792e-05 0.049642 0.000188409 0.016145 0.0313321 0.000197865 0.0157316 0.104216 0.00654433 6.95868e-05 5.67326e-05 0.00455071 7.60501e-05 0.00493444 0.000114839 0.00571831 0.0093101 0.00295309 4.57002e-06 
0.284542 0.0648105 1.12986e-05 0.00209964 0.0122204 0.0549718 0.000107563 0.0480003 1.69638e-08 0.00536675 0.00301061 0.013131 0.0103774 2.99603e-06 0.189412 0.0563104 0.0293598 4.99584e-07 0.000193088 0.00118539 0.00246711 0.114079 1.19884e-05 9.28498e-05 0.106806 0.0013628 6.64591e-05 
0.4164 0.0338674 0.000298895 0.00637674 0.0474929 0.122253 0.00611155 0.0119427 2.26335e-05 0.0534132 0.000871924 0.0457207 0.031235 1.43337e-05 0.0432899 0.00392831 0.0371394 0.0010078 0.00515728 0.0666653 0.00114567 0.0314829 5.92521e-05 0.000242468 0.0277796 0.00607699 4.09591e-06 
0.594553 0.0789335 9.95766e-06 0.00226595 0.0549243 0.006107 2.20735e-09 0.148289 1.40778e-09 9.72696e-05 0.000763452 0.0264736 0.00442977 6.51705e-13 0.0647364 0.00305769 0.00165767 8.4609e-06 0.000378111 0.00323606 8.85458e-05 0.00241786 2.4007e-05 6.79378e-07 0.00742299 0.000124987 4.72454e-08 
0.232414 0.0304555 6.11994e-05 0.00291819 0.077769 0.0637843 0.000980882 0.0680905 2.77367e-06 0.0395747 0.00012134 0.0562438 0.122481 0.000683564 0.100598 0.000841993 0.0452063 2.72941e-05 0.00111446 0.043033 0.000392045 0.00892289 7.04093e-05 0.0628749 0.0137746 0.0275444 1.84886e-05 
0.567294 0.00792889 1.39916e-06 0.00305002 0.0766914 0.0176427 1.27211e-05 0.0114731 2.54006e-05 0.0241643 0.000299002 0.0418065 0.0576863 1.03038e-05 0.11887 0.00405713 0.00317967 0.000589984 0.000201285 0.0194685 0.00072406 0.00181869 0.00403888 0.00889437 0.0235993 0.00629442 0.000178251 
0.385727 0.00498438 3.0403e-09 0.000129986 0.068987 0.0559479 6.38038e-13 1.40988e-07 0.000151981 0.0799018 0.000406502 0.0505083 0.011576 4.23209e-07 0.0486796 0.00168898 0.00112789 0.000836459 0.000757214 0.00480286 0.0016129 0.00706954 3.29089e-05 0.270859 0.00139777 0.00281298 9.98492e-07 
0.43705 0.0432555 0.000162314 0.00400213 0.201631 0.0493935 1.10655e-05 0.0350199 5.56802e-06 0.00567031 0.000325691 0.0732312 0.00820384 0.000270113 0.0397971 0.00358228 0.00389743 0.000560809 0.000216007 0.00714878 7.71609e-05 0.00325403 0.000161188 0.0598903 0.0214684 0.00160522 0.000109011 
0.263969 0.0940781 0.000308512 0.0076572 0.0388882 0.0498191 0.00420583 0.0254291 4.97055e-06 0.0433396 0.00177646 0.25126 0.0175497 0.000601594 0.0373049 0.0320971 0.0349868 0.00727003 0.00131943 0.0178554 0.00528605 0.0178585 8.8541e-05 0.00270953 0.0417405 0.00250733 8.80465e-05 
0.610055 0.0276261 7.00889e-08 0.00141374 0.0115024 0.0484155 8.92082e-08 0.00776039 7.68151e-07 0.165751 0.0010891 0.0122163 0.0101133 9.51897e-10 0.0141891 0.00152615 0.00802143 0.000547983 2.496e-05 0.00310672 2.79921e-05 0.000863464 2.29098e-06 0.000140825 0.0726023 0.00300295 3.65916e-08 
0.45223 0.0595319 0.00256848 0.00622183 0.0183497 0.112049 0.000517208 0.0476056 3.64845e-05 0.00711451 0.000300899 0.0815418 0.0462717 1.23235e-08 0.0281286 0.0208251 0.00477911 6.23192e-06 0.0540886 0.00732233 0.00497126 0.0217369 0.000675189 0.00211486 0.0205905 0.000401403 2.09007e-05 
0.515134 0.0732381 7.59751e-05 0.00194313 0.129112 0.0701161 8.162e-09 0.0129541 1.28493e-05 0.0113205 0.000178591 0.0445451 0.0099814 1.93022e-07 0.0444839 0.0102405 0.0378812 6.80141e-05 0.00178761 0.0133511 0.00162259 0.00205822 2.54547e-05 0.00308124 0.0125084 0.00427915 1.8506e-07 
0.606825 0.00625628 2.94617e-09 0.00725263 0.0132013 0.264013 1.56083e-12 4.86536e-05 6.48172e-06 0.00122993 3.44112e-05 0.0745519 0.000434305 2.62964e-12 0.0168816 0.00207146 0.00201016 7.66928e-08 0.00129828 0.000532526 2.8693e-05 0.00275253 6.01084e-06 6.69434e-05 0.000465458 3.20397e-05 6.77059e-09 
0.384226 0.0284981 0.000682804 0.00445728 0.0751569 0.0808449 0.018333 0.0130952 0.000652374 0.110501 0.00126371 0.039007 0.0458188 0.000160599 0.0555699 0.0105839 0.0481597 0.0035679 0.00304689 0.00678772 0.000887237 0.0237223 0.00182939 0.00045313 0.014687 0.0279712 3.57709e-05 
0.235889 0.122826 1.05693e-05 0.0329014 0.0412068 0.142803 0.00032516 0.0566523 9.78442e-06 0.0128427 0.000172841 0.0137737 0.0227456 2.4889e-07 0.145344 0.0036015 0.0511868 0.00187082 0.0175835 0.0058392 0.00017681 0.00394206 6.56441e-05 1.98685e-05 0.0676582 0.0205502 2.8944e-06 
0.672972 0.022406 4.3446e-05 0.0185473 0.00830858 0.0944063 0.00162609 0.00253872 1.48909e-06 0.00398792 0.000229203 0.0549116 0.0163952 0.000856777 0.0133522 0.0039608 0.000607939 0.00045894 0.00264539 0.0190891 0.000370434 0.0423145 0.000107736 0.00970438 0.00825188 0.00190101 5.30465e-06 
0.667582 0.0309078 5.566e-05 0.00101325 0.0823981 0.0233569 0.000293047 0.0273165 0.00133462 0.0216073 0.00061332 0.0217626 0.0373706 0.000167948 0.0371896 0.0121201 0.00542945 0.000261381 0.00267814 0.00580271 0.00172521 0.00595226 0.000672973 0.000366342 0.0105461 0.00147174 4.07181e-06 
0.364741 0.0346533 0.00081074 0.00727624 0.0669502 0.140094 0.000807366 0.00718424 0.00167444 0.0710164 0.00216369 0.0417761 0.0448165 3.93175e-05 0.062814 0.0069866 0.0594253 0.000519123 0.0141296 0.00796448 0.000996258 0.0296471 0.00152807 0.00070927 0.0151711 0.0160486 5.75647e-05 
0.285817 0.0447057 4.80778e-05 0.0004146 0.0623817 0.213307 3.79321e-08 0.000913675 1.52636e-08 0.0233951 0.0041932 0.261828 0.000894535 1.43425e-10 0.0240712 0.00885035 0.0202073 1.49996e-06 3.5172e-05 0.00560453 0.00353155 0.017205 0.000124898 0.00176225 0.0173293 0.00336333 1.46043e-05 
0.206718 0.030907 5.37911e-05 0.00580805 0.0558923 0.0803026 5.2905e-06 0.00348712 6.86745e-06 0.0165363 3.94574e-05 0.124207 0.0399494 4.50339e-11 0.124357 0.00337793 0.184618 0.000162748 0.00081049 0.00621172 0.000214363 0.00723123 9.70344e-05 0.0061823 0.0154144 0.0873661 4.26844e-05 
0.390357 0.0250247 0.000474394 0.00181546 0.243404 0.0576576 0.00255605 0.00752299 0.000323744 0.0590238 0.00134087 0.0330166 0.0240463 0.000112378 0.0262751 0.00756089 0.0714871 0.00162039 0.00140878 0.00306327 0.00278726 0.0136901 0.00039087 8.73368e-05 0.0102127 0.0147252 1.55669e-05 
0.354392 7.5643e-08 7.55104e-08 0.000136188 0.155484 0.0442285 7.55702e-08 0.0888004 0.0003475 0.176567 0.000392898 0.00335862 0.0680082 7.55117e-08 0.0749948 0.00226846 0.0113818 0.00480133 7.55724e-08 0.00210229 7.55741e-08 0.000786631 0.000272352 0.000264466 0.0034265 0.00790275 8.31705e-05 
