0.0146676 0.863485 7.8493e-07 5.89768e-09 0.00495146 0.00390362 1.36584e-08 2.52392e-05 1.57201e-06 0.0100513 0.00131255 0.0150059 0.0409683 2.30114e-08 6.87333e-06 0.00109983 0.000500494 1.75191e-05 0.000961537 0.000712091 1.29309e-08 5.68546e-06 5.06441e-08 5.45446e-06 0.0421605 0.000156282 1.83316e-08 
0.0866871 0.476374 0.118564 0.0322998 0.00386153 0.00275552 2.12172e-10 0.000189232 0.00143197 0.00533638 1.59336e-07 0.02322 0.00157079 0.000605082 3.7719e-05 0.00118171 3.42432e-05 4.0796e-10 0.000296042 0.0116916 0.00073586 0.0595696 9.02786e-05 7.44277e-08 0.172705 0.000380566 0.000381079 
0.14332 0.3559 5.97398e-05 0.000698129 0.00589127 0.047214 0.00257891 0.0162235 6.00222e-06 0.0203909 0.000715588 0.244056 0.0710608 1.52461e-05 0.00580235 0.0189773 0.00554072 4.20159e-05 0.0269845 0.00537295 0.00121322 0.00701118 0.00162816 0.00894789 0.00858481 0.00174546 1.92053e-05 
0.0686208 0.320328 0.00738381 0.00153714 0.156643 0.0360833 7.69076e-11 0.00019719 5.46957e-05 0.0354192 0.00425511 0.0565974 0.0222011 1.29572e-10 0.11394 0.000111578 0.0696958 0.019295 3.10845e-07 0.000603498 0.00156993 4.10717e-06 1.98058e-05 1.01537e-06 0.00239138 0.0830052 4.10092e-05 
0.010003 0.573222 0.000387522 0.17159 0.00305876 0.144358 0.00123054 0.0478429 0.000155088 0.000164873 0.000245723 0.00708122 0.00444606 9.49037e-07 0.00478579 0.00102219 0.000659402 1.02256e-05 0.0133444 0.000607644 0.000287331 0.0043085 7.47962e-06 0.000419503 0.0105908 0.00016815 1.60872e-06 
0.0191948 0.702424 0.000117052 0.0125571 0.00119535 0.0574864 4.60199e-05 0.0774438 5.55222e-08 0.00420488 0.000311933 0.00155981 0.00125175 5.04707e-08 0.00536412 0.000732404 0.00123684 1.52322e-06 0.000170581 0.00977097 1.52222e-05 0.00868892 1.04584e-05 3.92156e-06 0.0959045 0.00030641 1.54987e-06 
0.041227 0.266228 0.000687028 0.0357546 0.0189523 0.0560462 0.000215021 0.172872 0.000684651 0.0250489 0.001653 0.0323457 0.0923813 4.45222e-07 0.00252162 0.00204668 0.0046433 0.000718895 0.00167034 0.0382326 0.000978401 0.00888447 2.58692e-05 2.00903e-05 0.187253 0.00890755 8.22192e-07 
0.139647 0.278204 0.0147308 0.0188895 0.0516405 0.133399 0.00220526 0.0882468 0.00117842 0.00572674 0.000778335 0.0271435 0.0863097 1.01668e-11 0.0286844 0.00399683 0.0552539 0.00105066 0.0118349 0.000391425 0.00100922 0.0280308 0.00130169 2.15035e-05 0.0177111 0.00251447 9.91994e-05 
0.0319258 0.60299 0.000121668 0.0372606 0.00326211 0.0584094 2.95363e-05 0.0106921 0.000451639 0.00956209 0.000385662 0.0139277 0.0216111 1.96013e-09 0.00620185 0.00123763 0.000193943 1.45101e-05 0.000271175 0.0169314 0.00270506 0.00239933 2.26774e-05 1.99821e-05 0.176851 0.0012742 0.00124722 
0.0916286 0.190603 0.00115704 0.0207121 0.0705122 0.0337141 1.72052e-05 0.10864 1.1438e-09 0.0197844 0.000575747 0.0971419 0.0683516 7.34014e-05 0.0823747 0.000672169 0.0372878 3.68653e-05 0.000185953 0.0109478 0.000154975 0.00285726 5.58173e-06 0.0035464 0.135374 0.0236456 1.01931e-09 
0.0580816 0.375259 0.000762674 0.0608931 0.0285066 0.0269611 0.000835167 0.0462632 0.00421839 0.0191227 0.00885403 0.0592728 0.0226063 0.000774171 0.00822648 0.00935633 0.0106903 0.00318623 0.0110455 0.038897 0.00123474 0.0122499 0.00123597 0.00356848 0.185188 0.0026597 5.06982e-05 
0.0680571 0.270461 0.00152717 0.236598 0.0111061 0.0344072 0.000688716 0.0848797 0.00265447 0.0102542 0.00174014 0.0363795 0.0262341 1.68473e-06 0.00847001 0.00857957 0.00408513 0.00504566 0.00637099 0.00948775 0.00549686 0.00746954 0.00153318 0.00327044 0.14995 0.00439569 0.000856446 
0.169769 0.370485 4.12297e-06 4.12886e-06 4.13021e-06 4.13022e-06 4.12624e-06 0.0227192 4.12388e-06 0.0904523 4.12472e-06 0.0718697 0.00909025 4.12304e-06 0.0223035 0.0371611 4.12929e-06 4.12194e-06 4.12635e-06 0.0305581 4.12645e-06 0.0136316 4.12962e-06 4.12461e-06 0.142488 0.0194112 4.12463e-06 
0.0834335 0.23691 0.00479768 0.041002 0.0312978 0.0695285 0.00366946 0.0596368 0.00105674 0.0246498 0.00247488 0.148732 0.0301591 0.00167693 0.0242598 0.0119324 0.0152631 0.00158274 0.00673967 0.0317115 0.00370121 0.0259869 0.00294756 0.0028514 0.127925 0.00575478 0.000318972 
0.0699187 0.583645 8.31289e-06 2.22973e-05 0.00841125 0.0147604 1.98278e-06 0.00956675 2.53112e-06 0.00431416 0.00033634 0.0118907 0.0518637 2.74582e-08 0.00567145 0.00284409 0.0776408 3.13373e-08 5.02172e-05 0.000683015 0.00056909 0.00331867 8.30199e-07 2.19517e-08 0.0253031 0.129176 4.06177e-07 
0.0219071 0.504322 0.00402378 0.0189823 0.0137652 0.016136 7.88459e-07 0.139082 4.89348e-05 0.00604667 0.000156566 0.05789 0.0131078 1.34082e-05 0.0352829 0.00216511 0.00653485 7.10178e-05 0.000187712 0.00825464 0.000264403 0.0380949 0.000105948 8.67125e-05 0.112162 0.00126421 4.30715e-05 
0.225606 0.318875 0.000182959 0.0164981 0.00958339 0.0320982 0.0008305 0.07463 0.00154109 0.0111268 0.000147119 0.00400367 0.135752 3.3142e-07 0.000388491 4.09052e-05 0.000935753 1.41346e-05 0.00182886 0.0129889 0.00120342 0.0240989 3.3658e-06 9.92873e-06 0.122881 0.00469832 3.2702e-05 
0.0152232 0.40625 0.00199269 0.0266503 0.0245276 0.029209 1.16293e-06 0.0367342 0.000406423 0.0328801 4.60858e-06 0.00731674 0.0912135 4.94443e-10 0.00170473 0.00262737 0.0058477 0.00010618 0.00820381 0.00955785 1.78997e-07 0.00686354 1.47846e-06 4.4629e-07 0.280692 0.0119846 3.39711e-07 
0.0248648 0.284985 9.08243e-05 0.0224162 0.0347734 0.0285425 0.00359392 0.017014 0.0195008 0.016602 0.0039748 0.0955389 0.00381037 1.33405e-05 0.00916638 0.00223165 0.00514225 0.000932888 0.000355251 0.190534 0.000425853 0.00104136 3.12794e-05 0.00276665 0.224085 0.00754177 2.5039e-05 
0.142771 0.348844 0.00021734 0.0123271 0.00257392 0.0156123 0.000461937 0.0963009 0.000349678 0.0166773 0.000353628 0.0314788 0.159996 5.26037e-08 0.00278951 0.00244052 0.000415406 0.00740137 0.0160208 0.00269397 0.0511346 0.0726062 5.69095e-05 0.00122989 0.0125048 0.00273507 6.74115e-06 
0.00902529 0.619801 0.000149167 0.0238608 0.00244432 0.0492075 0.000107181 0.0241395 0.000105869 0.00606573 3.26896e-05 0.00917561 0.00549596 4.72575e-10 0.00594575 0.000704999 0.00289785 3.87149e-06 0.000318042 0.049262 9.20676e-05 0.000443433 1.78785e-06 2.75196e-05 0.189733 0.000958773 6.7101e-09 
0.0820943 0.354217 2.27591e-06 0.0144541 0.00497596 0.0366327 0.000223496 0.0750863 6.49794e-07 0.00265975 0.00075863 0.044803 0.001937 2.70055e-11 0.0282738 0.0101069 0.0594005 0.000127838 0.267302 0.00434183 0.000932304 0.000162754 0.000967315 0.000315409 0.00957877 0.000618051 2.7012e-05 
0.256196 0.292613 0.0108092 0.0157649 0.0316221 0.0192765 0.00353075 0.108016 8.7066e-06 0.00567821 0.00140327 0.0546979 0.00417131 3.84705e-11 0.0305704 0.0104574 0.00795702 0.00114441 0.00147139 0.0188797 0.00104302 0.00180546 8.30052e-05 0.0885871 0.0328162 0.00120246 0.000194843 
0.00723424 0.470907 5.96391e-07 0.0326582 0.00322031 0.141958 1.49059e-11 0.0526314 6.06983e-05 0.0275865 3.71921e-08 0.0208228 0.00721103 2.5113e-11 0.000560142 0.00209796 3.32822e-05 0.000346632 0.102432 0.0164782 1.24395e-07 0.00264047 8.63175e-05 6.82236e-07 0.110466 0.000568584 7.44977e-08 
0.156822 0.263801 4.42305e-08 0.0215702 0.0360624 0.0382545 1.18931e-06 0.0540369 2.46128e-05 0.00381112 0.000915606 0.171733 0.00336196 3.04556e-11 0.0115765 0.0323481 0.000839377 3.66599e-08 0.000102267 0.148384 1.91307e-05 0.00052316 1.67736e-05 0.000111182 0.0555949 8.85146e-05 1.52128e-06 
2.85179e-06 0.340196 0.00541134 0.213516 2.85157e-06 0.0116943 2.84883e-06 0.0379268 0.00911386 2.85146e-06 2.84779e-06 0.0884014 2.85147e-06 2.84663e-06 2.85108e-06 2.85043e-06 0.00285379 2.84586e-06 2.84891e-06 2.85068e-06 0.0105441 2.8511e-06 2.85117e-06 2.84771e-06 0.272882 0.00741507 2.84772e-06 
0.0909463 0.398375 0.000363626 0.0991704 0.00871937 0.041894 0.00871796 0.0814576 0.000218599 0.0318774 6.77963e-05 0.0104674 0.0200451 5.82313e-09 0.0092531 0.000484659 0.000932326 0.000287929 0.000657708 0.00117204 0.000130445 0.124214 3.44576e-05 0.000488639 0.0684341 0.00116481 0.000425066 
0.000356404 0.770412 0.0136587 0.000523218 0.000622698 0.026369 8.00841e-11 0.00382202 1.20612e-10 0.0018459 9.20248e-06 0.0020016 0.0152921 1.34924e-10 0.104538 6.34492e-08 0.0205058 7.82174e-05 7.81043e-11 2.93317e-05 7.58185e-11 0.000145171 1.21511e-08 4.498e-08 0.033052 0.00673865 1.07484e-10 
0.062708 0.181956 0.00200007 0.00259824 0.0195868 0.0319008 0.00158042 0.0233844 8.94407e-05 0.176175 0.00131461 0.0977487 0.0947447 0.00166685 0.0646122 0.00928191 0.0120049 0.00295532 0.00275688 0.0316103 0.000788954 0.00711986 0.000134042 9.02075e-05 0.161685 0.00946669 3.94713e-05 
0.0830909 0.211281 0.000486689 0.0403148 0.0497659 0.0427595 0.0218173 0.0418717 0.000610425 0.0948711 0.00426487 0.115452 0.0262273 0.000961845 0.011826 0.00736978 0.0125215 0.00366293 0.00206119 0.041085 0.00618774 0.010721 0.00116401 0.00137131 0.160459 0.00774925 4.56717e-05 
0.0100919 0.602404 0.000242196 0.0408245 0.027079 0.0281375 7.27136e-05 0.0466964 0.00731623 0.00421315 8.98138e-05 0.0070025 0.0194888 1.86331e-11 0.0111065 0.00512245 0.00117976 0.00035338 0.00802747 0.00628016 0.000196552 0.0561955 0.00291395 7.46351e-06 0.113956 0.000998394 4.51137e-06 
0.0991919 0.339994 0.00224533 0.0317616 0.0166481 0.0545308 0.00266946 0.0859141 0.000777857 0.0087884 0.0196082 0.0597284 0.0267732 4.82769e-07 0.030906 0.0156798 0.00761157 0.0107761 0.00268179 0.0150885 0.000836108 0.0223763 8.77926e-05 0.00149949 0.132619 0.0111814 2.42332e-05 
0.00995541 0.704967 3.006e-06 0.109039 0.000651962 0.000736391 1.10404e-08 0.10388 7.99844e-08 4.53089e-06 0.000337774 0.00150203 0.000275252 8.81807e-10 0.000665985 0.00122662 3.42956e-06 3.62112e-07 0.000232313 0.000213292 8.49034e-06 9.22908e-05 6.27552e-07 2.19742e-05 0.0661809 1.69998e-06 5.61552e-08 
0.0400131 0.428132 2.80403e-07 0.0369127 0.0049271 0.0805127 4.44774e-06 0.0312025 3.00319e-05 0.00946815 0.00469196 0.143881 0.0182201 3.16781e-09 0.00647862 0.00179702 0.000866717 0.00716494 0.00011008 0.150199 4.11643e-05 0.00183591 0.000112532 0.00107223 0.0323212 1.60613e-06 2.37428e-06 
0.0806539 0.346246 0.000159611 0.0198039 0.0376499 0.0805498 8.70452e-05 0.0752521 0.000180958 0.0063551 0.00519116 0.0761614 0.064079 1.60759e-07 0.0334468 0.00390966 0.0158206 0.00581639 0.00177063 0.0180526 0.00977275 0.00631188 4.88844e-05 0.000791429 0.105957 0.0059255 5.43722e-06 
7.37532e-07 0.648301 7.79663e-08 0.17461 6.76728e-08 1.77001e-06 1.88287e-09 0.0534809 1.41705e-08 7.47191e-08 0.000425534 0.0230059 1.13684e-07 2.26425e-12 0.0146225 0.000990812 4.54965e-13 6.46059e-08 1.26879e-07 0.0057032 0.000492155 0.000828092 9.91938e-09 4.19978e-08 0.0775366 1.23517e-08 9.92253e-09 
0.0937055 0.231498 0.000114153 0.0358871 0.0254922 0.0204827 2.60336e-05 0.132114 0.00131765 0.0223811 0.0029665 0.0837553 0.00812092 0.00330026 0.017954 0.0148563 0.00982671 0.000163877 0.000372423 0.0984231 0.000822048 0.0105327 3.17262e-05 0.000904212 0.178778 0.00610931 6.40726e-05 
0.0417742 0.450256 0.000178111 0.0959906 0.000604679 0.247994 2.90554e-08 0.000466801 0.000127112 0.00296263 2.11726e-05 0.0776288 0.0199587 0.00205845 0.000167816 0.000657335 0.0042492 1.58247e-05 9.91861e-05 0.0246181 0.000230709 0.00143034 1.1218e-05 0.000347605 0.027961 0.000176029 1.40109e-05 
0.0456012 0.30711 7.14258e-05 0.00586959 0.0215241 0.0160036 5.15297e-06 0.0829644 6.82935e-05 0.022387 0.0210893 0.303793 0.0327867 0.00976688 0.0169515 0.000596797 0.00696475 5.32656e-05 0.000263186 0.0138675 0.00254101 0.00315159 0.000121745 0.0104535 0.0699931 0.00599168 9.22229e-06 
0.028325 0.758061 5.07858e-06 0.0437587 0.00165228 0.00330303 2.21048e-05 0.0689569 5.78579e-05 0.000403158 8.09733e-06 0.00294331 0.019665 1.77077e-09 0.00333568 1.54275e-05 1.58394e-06 2.02093e-09 0.00048111 0.0276918 6.67094e-08 4.24615e-05 1.48525e-06 1.41566e-09 0.0363782 0.00488762 3.09444e-06 
0.0493508 0.41162 9.98716e-05 0.00877271 0.0203644 0.00827142 0.000187533 0.238702 0.000437362 0.00393472 3.949e-05 0.0158495 0.00478679 2.09276e-10 0.0269637 0.00623218 0.00210484 0.000330363 0.00259805 0.00890902 0.00102053 0.00358323 0.00108566 7.3635e-06 0.176639 0.00810352 6.69506e-06 
0.100555 0.333638 0.0033887 0.0265108 0.0144175 0.0326292 2.07218e-07 0.196896 0.0450625 0.0307538 5.89138e-05 0.0323454 0.014715 5.71293e-11 0.00254485 0.000283396 0.000367819 0.000532182 0.000712437 0.0411494 0.00759055 0.0123839 6.04575e-05 0.0213992 0.0813181 0.000676101 1.05598e-05 
0.0469243 0.300101 0.000384555 0.0515972 0.0427867 0.0436057 0.000156177 0.0295792 0.00100315 0.0417528 0.00221598 0.0922354 0.0145783 4.03192e-07 0.0187138 0.00462642 0.00840927 0.00413619 0.00763098 0.0603324 0.00215341 0.0427935 0.000385986 0.000129619 0.166526 0.0171675 7.42377e-05 
0.042263 0.287312 0.00143695 0.177747 0.0188794 0.124757 0.000215565 0.0400958 0.00206835 0.0067146 0.00200664 0.0256304 0.048461 1.06874e-08 0.0108401 0.00802164 0.00751691 0.000375587 0.00250191 0.0121911 0.000466089 0.0164845 0.00294314 0.0139435 0.126007 0.00158409 0.0195371 
0.0770137 0.40407 0.000596531 0.02197 0.0132284 0.00236218 0.000945879 0.0103465 5.92829e-08 0.150205 0.0063167 0.029876 0.00963845 0.00336678 0.000190056 0.000343239 0.00601168 5.15996e-05 4.37093e-06 0.032186 0.000987259 0.0147451 1.20351e-05 0.000130856 0.209926 0.00547087 4.32744e-06 
0.0568093 0.445226 0.000258373 0.0441367 0.00713313 0.00229473 3.09757e-09 0.00105947 0.000132152 0.00566389 0.000394681 0.0437572 0.00450075 0.00383606 0.00548958 0.000212815 1.28244e-06 7.41683e-06 3.021e-09 0.279553 0.000811762 0.000180563 2.99079e-07 9.36928e-06 0.0984201 0.000110632 5.446e-07 
0.0664915 0.222395 2.31418e-05 0.00269748 0.00979254 0.00669791 6.43746e-10 0.0976699 3.58547e-05 0.00509028 0.0011208 0.161862 0.0379966 1.08457e-09 0.185028 0.157217 0.00910992 2.87029e-08 3.6412e-05 0.000938514 0.0116828 0.017955 5.80367e-05 0.000121913 0.00566407 0.000237723 7.80779e-05 
0.00317433 0.580566 8.82293e-08 0.010034 0.00164623 0.00123406 2.38833e-09 0.000674019 4.32528e-06 0.00950407 0.000213844 0.0646174 0.0130049 4.02379e-09 1.92985e-06 1.07412e-06 8.08518e-10 4.59224e-09 3.59595e-06 0.0514511 7.9853e-07 0.00494894 0.000149345 7.05295e-07 0.240793 0.0179757 3.20548e-09 
0.274272 0.332054 6.16881e-05 0.00457292 0.00688061 0.0395604 1.03065e-09 0.00853579 9.23861e-07 0.00136956 1.17784e-06 0.233932 0.00169513 0.000205656 0.0248779 0.0138031 0.00137015 0.00222059 0.000627435 0.0353952 0.000103546 0.000746001 2.0129e-05 0.000132115 0.0160094 0.0015467 6.75116e-06 
0.0339648 0.319046 0.000684004 0.00641376 0.0429709 0.0603156 0.0124078 0.0235633 7.34008e-05 0.00467443 0.0372658 0.265353 0.0198536 1.66051e-09 0.0209257 0.00595133 0.0039873 0.00791557 0.00413628 0.0193746 0.0582859 0.00110058 5.1784e-05 3.25745e-05 0.0514023 0.000233922 1.53931e-05 
0.012219 0.305107 0.0094926 0.00385875 0.0430126 0.0934105 2.58345e-10 0.00795307 2.5138e-05 0.0402837 3.60888e-06 0.00653678 0.0642247 4.35253e-10 0.13423 0.000440092 0.157862 0.0230046 2.51958e-10 2.03644e-05 2.12035e-07 0.051146 7.07736e-05 3.66042e-08 0.0338641 0.0132344 2.95372e-08 
0.0713916 0.314519 0.00273202 0.0318271 0.0255601 0.0417549 0.000450795 0.0730621 0.00322268 0.0258895 0.000755333 0.0702697 0.0223049 6.41841e-06 0.0160877 0.00806155 0.00806194 0.0021194 0.00382243 0.0333235 0.00133408 0.0159341 0.00256333 0.000162215 0.214263 0.00849681 0.00202395 
0.0434632 0.414291 3.99788e-05 0.0486225 0.00299709 0.141023 3.68027e-06 0.0760373 3.20899e-06 0.00488028 1.26567e-05 0.00473326 0.0374493 6.66718e-07 0.00469864 9.53312e-05 0.00122736 2.13605e-05 0.00163788 0.00182456 0.00166611 0.0104002 3.18879e-06 2.0559e-07 0.187955 0.0169119 6.69126e-07 
0.05921 0.445551 0.0009551 0.0672743 0.0218143 0.0279849 8.8993e-06 0.0333977 0.00523081 0.0625652 0.000523323 0.0221301 0.0280387 3.31359e-05 0.00949238 0.00453776 0.00409552 9.24169e-05 0.00117453 0.0517963 0.000799296 0.0185461 0.000844264 3.42304e-05 0.130723 0.00314533 1.68935e-06 
0.0455546 0.288137 0.00401669 0.0294657 0.0122228 0.195088 1.42356e-08 0.0356244 1.08942e-06 0.00380616 7.28951e-05 0.163439 0.0033407 6.28998e-11 0.0146936 0.00289831 0.00281117 3.08168e-07 0.00339274 0.00187698 0.000435033 0.0455052 1.52671e-05 8.77743e-06 0.147201 0.000390068 1.833e-06 
0.0182789 0.208284 6.11505e-05 0.0466412 0.0344935 0.0101289 1.96231e-10 0.00748985 0.000387199 0.0864277 0.00277642 0.187947 0.00838961 3.30605e-10 0.00679442 0.152186 0.0113722 7.11271e-06 0.0219801 0.14768 2.83975e-05 0.00774998 0.000889179 3.1318e-07 0.0198679 0.000106171 0.0200323 
0.123151 0.572359 6.66723e-06 0.0202194 0.000657291 0.00619772 4.06317e-07 0.166556 9.53349e-07 8.11693e-05 0.000145599 0.00136351 0.0319536 6.37084e-07 0.0423956 0.00257174 1.93354e-06 2.61817e-06 0.0023485 0.000381671 0.000218104 0.0015814 3.66074e-06 1.73588e-06 0.0277655 3.2146e-05 2.71016e-06 
0.060796 0.287567 0.000440509 0.0486612 0.020789 0.039365 0.00224696 0.101781 0.00141354 0.0154251 0.00276005 0.0631983 0.031965 6.91404e-05 0.0108515 0.00944209 0.00610106 0.00255778 0.00854368 0.0566106 0.00249452 0.0146997 0.00113041 0.00345538 0.201213 0.00637856 4.34971e-05 
0.0464761 0.432406 0.000553189 0.0359723 0.0127839 0.0309662 0.00117994 0.0615418 0.000460554 0.0135745 0.00089968 0.0706664 0.0138013 0.00358986 0.0101891 0.00645828 0.00267098 0.00103596 0.00564611 0.0177719 0.000921913 0.00949034 0.00019213 0.00084423 0.213188 0.005083 0.00163565 
0.0383676 0.255808 0.000198354 0.0898424 0.00617745 0.0881791 0.000176048 0.161579 0.000109301 0.00716249 0.00129036 0.0262 0.022348 7.35327e-08 0.00438215 0.00381433 0.024709 0.00218463 0.00967797 0.0261113 0.00194733 0.0167595 0.000197155 0.0023811 0.2087 0.00164652 5.20115e-05 
0.100282 0.177052 0.000154808 0.0483419 0.0618623 0.0668653 0.00215731 0.043557 0.00287625 0.0294237 0.00272651 0.159283 0.0456977 0.000506022 0.0182165 0.0091492 0.014414 0.00129478 0.0105637 0.0196657 0.00214474 0.0212835 0.000938755 0.00142563 0.151205 0.00868143 0.000229999 
1.58622e-06 0.749827 9.37692e-10 0.0205957 7.72895e-11 3.08739e-07 5.51193e-10 1.01786e-10 8.30132e-10 9.57342e-11 7.28883e-10 0.14161 9.46033e-07 8.26579e-06 1.60988e-10 8.16242e-07 2.27664e-06 1.05983e-09 5.37566e-10 5.23652e-06 5.21834e-10 1.58644e-10 1.46334e-10 7.42405e-10 0.0879474 2.02625e-10 7.39779e-10 
0.0210614 0.230128 0.000161524 0.0176076 0.105419 0.0112088 1.79533e-06 0.073934 0.00596352 0.0752025 0.000243979 0.0801851 0.131605 1.59166e-09 0.0810337 0.0079733 0.0280174 2.57163e-06 0.0504462 0.00019564 0.00368025 0.0244322 0.00561961 1.27247e-09 0.0179958 0.0278405 4.09288e-05 
0.0194003 0.627244 8.59873e-06 0.0692303 0.000601989 0.00814299 1.06657e-05 0.0126153 1.21099e-10 0.00825847 7.90519e-05 0.0448244 0.00296434 1.35468e-10 0.000709787 0.000547323 0.00117258 7.62814e-05 1.98266e-05 0.141334 0.000372925 6.39992e-05 9.83119e-08 0.000104522 0.0621404 7.72308e-05 4.1709e-08 
0.000356404 0.770412 0.0136587 0.000523218 0.000622698 0.026369 8.00841e-11 0.00382202 1.20612e-10 0.0018459 9.20248e-06 0.0020016 0.0152921 1.34924e-10 0.104538 6.34492e-08 0.0205058 7.82174e-05 7.81043e-11 2.93317e-05 7.58185e-11 0.000145171 1.21511e-08 4.498e-08 0.033052 0.00673865 1.07484e-10 
0.214323 0.216515 0.00127053 0.131258 0.00851734 0.030067 1.00278e-08 0.0114625 0.0854353 0.00549059 0.000500033 0.00303609 0.0814079 5.81654e-11 0.000326979 0.000101221 5.69369e-05 1.49694e-05 0.000381006 0.0133822 0.000739886 0.0356399 1.91141e-05 1.03395e-05 0.149946 0.0100979 7.23928e-07 
0.000230156 0.435381 0.0042155 0.219176 1.36404e-07 0.0454558 3.93936e-09 0.00891689 2.87764e-08 1.50609e-07 0.000119267 0.00862126 0.000843756 1.80919e-07 0.00724506 0.000275334 4.99146e-11 1.30481e-07 3.13197e-05 0.188154 8.28698e-05 0.00224339 2.00294e-08 8.48347e-08 0.079007 2.49461e-08 2.01915e-08 
0.106241 0.385258 0.000123307 0.0107376 0.0148894 0.00838727 0.00145115 0.0592429 0.00192549 0.0259579 2.87203e-06 0.085663 0.0910239 2.15727e-05 0.0018977 0.00825117 0.00262137 0.000294625 5.7865e-06 0.0188349 0.00275086 0.0144778 1.63129e-05 5.93871e-06 0.155658 0.00394938 0.000310575 
0.113368 0.63247 0.00196001 0.00577994 0.00757145 0.0787948 2.2386e-09 0.00644825 1.43917e-05 0.00482166 4.70489e-07 0.00243568 0.0033326 2.64733e-10 0.00407672 0.000320561 0.00300637 0.000465685 0.00101911 0.00808864 9.87289e-08 0.0199514 2.80896e-06 1.66075e-05 0.105681 0.000373689 1.11859e-08 
0.110077 0.221727 9.17356e-06 0.0462836 0.0335177 0.0687023 9.15548e-11 0.0521167 9.26551e-06 0.050045 6.02032e-06 0.203302 0.0159459 1.54249e-10 0.00555308 0.0895885 5.41676e-07 3.11968e-07 0.00938259 0.0305986 2.45634e-05 0.0126958 4.84045e-05 0.000317807 0.0500045 4.39731e-05 1.64786e-07 
0.0352962 0.654254 0.00442419 0.00899672 0.00488019 0.0137161 0.000680261 0.115827 0.000714081 0.00612974 0.0242233 0.0491016 0.00725702 0.000592714 0.00218057 0.00467206 0.00178072 7.15606e-05 0.00501055 0.00976211 0.000856982 0.00488211 0.000158428 0.00159987 0.0420159 0.000863343 5.26411e-05 
0.019557 0.646671 5.58266e-08 0.0479703 0.00956323 0.0247378 3.06265e-07 0.0313678 0.000262528 0.000837925 4.98581e-05 0.168939 0.00252354 4.43006e-10 0.00282329 4.742e-05 4.04057e-05 5.0559e-10 0.00144512 0.000925439 0.00343232 0.0118547 6.98087e-11 3.54165e-10 0.0267161 0.000234686 2.98156e-08 
0.0400045 0.515627 5.41874e-05 0.0144715 0.00145777 0.0306989 0.000188192 0.206237 5.36772e-08 0.0126697 0.000684785 0.00242063 0.0029644 1.31946e-08 0.00942468 0.00120285 0.00463351 2.49572e-06 4.19683e-05 0.0079083 8.92688e-06 0.0197769 1.58555e-05 1.08185e-05 0.1286 0.000890629 4.3959e-06 
0.0128774 0.462055 1.90677e-05 0.153333 0.0090006 0.0616798 2.57861e-06 0.0352235 6.97706e-05 0.0191348 0.00020504 0.00017563 0.00281041 1.09582e-09 0.00228984 0.000632647 7.76347e-07 2.00075e-05 0.00143777 0.00304715 4.34993e-06 0.00100926 1.86675e-06 1.10734e-07 0.234969 3.25489e-08 2.68247e-08 
0.0213383 0.509134 0.000121983 0.186591 4.14569e-08 0.00981656 2.41551e-10 0.0333692 3.63791e-10 0.000203071 3.19421e-10 0.000900677 0.0100776 1.37396e-07 0.000196094 1.39149e-05 0.00140413 0.000242711 6.72225e-05 0.0038689 2.44263e-05 0.00661156 5.10658e-08 3.25346e-10 0.214773 0.00124488 2.40359e-08 
0.0300621 0.341941 0.00156225 0.053906 0.0109872 0.0655673 0.000410794 0.035533 0.00249826 0.00537828 0.00126033 0.0556595 0.0135479 5.37759e-05 0.0075185 0.00434573 0.00146437 0.000411684 0.00118786 0.318183 0.000226349 0.00813274 0.0159036 0.00251173 0.0193497 0.00212206 0.000275044 
0.0786307 0.573284 0.000258656 0.0727243 0.0150787 0.0395149 0.000283926 0.0376043 3.38605e-05 0.00750564 0.000144485 0.0284796 0.0311673 4.10903e-09 0.0243365 0.0101288 0.00354565 4.85483e-06 0.000201876 0.00296012 0.00201004 0.0280104 1.84589e-05 4.98979e-05 0.038691 0.0053147 1.78256e-05 
0.0331395 0.198031 0.00198854 0.00980488 0.0382204 0.100117 0.00480992 0.0139756 0.000553571 0.0541062 0.000203451 0.125271 0.061371 0.000556886 0.0594862 0.00693534 0.103108 0.000582095 0.00410291 0.0348191 0.00512557 0.0502105 0.000846707 0.0147178 0.0570821 0.0208237 1.16163e-05 
0.056064 0.313499 0.00450502 0.0176027 0.00683359 0.0606355 0.000811707 0.0606811 4.58682e-06 0.019544 0.000127916 0.0294397 0.0368932 4.70118e-05 0.0346137 0.0178104 0.00424025 0.000700319 0.0140451 0.127147 0.00248745 0.00570389 3.65339e-05 0.00411606 0.179843 0.00248998 7.69629e-05 
0.0384012 0.257229 2.73698e-05 0.018021 0.0121386 0.0103784 2.99538e-09 0.0394595 0.000221231 0.00733756 0.00904969 0.19867 0.0753567 5.04653e-09 0.14598 0.119224 0.0229408 3.94132e-06 0.000218665 0.000912591 0.00496316 0.0088329 3.00645e-05 0.000115867 0.00403072 0.0256485 0.000807581 
0.140764 0.336894 0.000171037 0.0105468 0.0320086 0.0155431 9.87495e-05 0.124962 3.15488e-05 0.00374054 0.001149 0.208092 0.000831571 6.37521e-08 0.0129869 0.0196728 0.00839845 8.73681e-05 0.00257358 0.00868422 0.00283183 0.0018821 0.000111716 8.27715e-05 0.0665732 0.00126706 1.55155e-05 
0.171719 0.242742 7.23258e-05 0.0185755 0.0116018 0.0870704 0.000561722 0.0233547 3.9958e-05 0.0220381 0.000195106 0.0867626 0.0911694 2.81983e-05 0.0185829 0.00385161 0.0188719 6.00876e-05 0.00421015 0.026002 0.000179372 0.00672187 4.65059e-05 0.000150591 0.140655 0.0247258 1.09602e-05 
0.0912441 0.333884 0.000675795 0.0504408 0.040436 0.0664168 0.00241021 0.132803 5.98635e-05 0.0118456 0.000739083 0.0602218 0.0164435 3.25295e-05 0.0158158 0.00608011 0.0204689 0.00333743 0.0323427 0.00944958 0.00902026 0.0134555 0.000470516 0.00292936 0.074977 0.00391716 8.20584e-05 
0.0116564 0.615479 0.00010706 0.000187963 0.0070513 0.000487349 0.000926306 0.10955 1.90397e-05 0.00168818 0.000236531 0.117738 0.000349343 7.57343e-06 0.0117663 0.0407251 0.0236447 4.26364e-05 0.000861149 0.0235349 0.0315076 0.000722013 2.49794e-05 1.5739e-05 0.00125813 0.000392581 1.95224e-05 
0.0616198 0.587358 7.68262e-05 0.0181887 0.00316641 0.0905442 3.0008e-07 0.104083 1.04634e-05 0.001141 0.000529526 0.0413995 0.00129715 3.70462e-10 0.00230198 0.00204723 1.47234e-05 5.03528e-06 0.000716969 0.00218831 0.000920059 0.0156041 0.000208903 0.0460496 0.0204141 7.74268e-05 3.60465e-05 
0.0889917 0.363327 0.000454031 0.00395837 0.0289774 0.134114 4.76805e-08 0.00836058 0.000154123 0.0602164 0.000393623 0.0455515 0.0799147 0.000331371 0.0301663 0.0173033 0.0307737 0.000181104 0.00268662 0.00196044 0.0101378 0.0134239 2.63895e-05 0.00263952 0.0191322 0.056787 3.6348e-05 
0.00737805 0.508446 0.00160142 0.0116255 0.00831331 0.00439757 0.0387968 0.0184925 1.00635e-07 0.0115932 0.000135515 0.0934338 0.00727536 3.76913e-08 0.048843 0.00267918 0.0460218 0.000947949 0.00173199 0.0147089 0.00245479 0.000165819 5.55789e-05 1.96887e-06 0.168409 0.00249088 3.86011e-07 
0.110474 0.546083 0.000278536 0.00264392 0.00148923 0.0175475 0.000837935 0.00725706 3.13657e-05 0.00126596 0.000633213 0.0660922 0.0494338 1.32199e-05 0.0291 0.00327712 0.00071159 1.71236e-05 0.00368869 0.0936981 0.000266782 0.00523288 3.28549e-05 0.000198959 0.058061 0.00160867 2.55842e-05 
0.0224274 0.631932 0.00014982 0.0117526 0.00605012 0.00735439 0.00105434 0.0380751 0.000104989 0.00863542 0.000920162 0.0465716 0.00183638 2.0087e-06 0.00800682 0.00773013 0.000652994 0.000135544 0.0089053 0.0226678 0.000899526 0.00742921 0.000308778 1.0472e-05 0.165347 0.00103887 8.11812e-07 
0.0106633 0.803074 3.12375e-05 0.00475451 0.0183109 0.0233104 0.000785812 0.0290828 3.4216e-07 0.00521736 0.00218478 0.0489148 0.000680154 3.16144e-07 0.000856877 0.00483989 0.00114453 8.71569e-05 7.49638e-05 0.0106533 0.000242638 0.000959399 4.65511e-06 4.15832e-06 0.0330275 0.0010891 5.3051e-06 
0.0155081 0.454499 2.91917e-05 0.00324586 0.00717594 0.0077571 1.19041e-09 0.00208178 1.18612e-06 0.0005414 9.83738e-06 0.0337909 0.0688909 1.94534e-07 0.00166022 2.94282e-05 0.00449119 0.00110944 0.000220288 0.00654934 0.000200461 1.16055e-05 2.3729e-05 4.62501e-07 0.390697 0.00147549 3.1944e-07 
0.190182 0.350323 0.0261955 0.000882329 0.012087 0.0525654 0.00572805 0.000897255 0.000229317 0.0242916 0.00140509 0.014628 0.0422915 7.21955e-11 0.00895344 0.00385255 0.0811534 0.0106979 0.00145049 0.00315445 0.000109625 0.0412132 0.000148389 1.08484e-06 0.121147 0.00631201 9.99247e-05 
0.0231945 0.444834 0.00538026 0.00843547 0.0358707 0.0217526 2.70792e-08 0.232138 1.61847e-07 0.000217076 9.1846e-05 0.0640532 0.018539 1.17651e-08 0.0261379 3.19212e-06 0.00705754 7.03435e-07 5.45873e-05 0.00124246 3.81613e-06 3.62093e-05 4.48144e-05 4.57952e-07 0.0945015 0.0164094 1.15333e-07 
1.45579e-08 0.96037 0.000382452 0.00226797 2.09726e-07 0.0089109 8.33498e-11 2.85851e-07 1.2553e-10 1.23386e-07 1.1022e-10 0.0032044 0.000901632 1.40426e-10 1.56404e-07 0.00310716 6.79706e-05 1.60264e-10 1.70659e-07 2.33067e-07 1.32158e-07 0.000789342 4.36131e-08 1.12264e-10 0.0199971 6.69507e-08 1.11867e-10 
0.0531845 0.557444 2.06432e-05 0.0124474 0.0121864 0.0163175 5.6657e-06 0.02629 0.000121153 0.0166341 0.00226697 0.124874 0.0176192 0.0138018 0.0165205 0.0515407 0.00196712 5.63525e-05 0.0109786 0.00638134 0.00307799 0.00235843 0.00018072 5.87423e-06 0.0388103 0.00297751 0.0119304 
0.0594401 0.280646 1.05493e-07 0.00129939 0.0513842 0.0117098 0.0301281 0.000146289 0.00230817 0.0944118 0.000195544 0.125619 0.181442 0.000282441 0.000631426 0.0262142 0.00101328 0.000301481 0.00313521 0.0188802 0.000683897 0.00106119 8.38913e-06 0.000349572 0.0931015 0.0146968 0.000910357 
0.0933907 0.235103 0.00370419 0.00198683 0.039863 0.232467 0.000467851 0.0721093 3.31044e-08 0.0045882 0.000976152 0.0307831 0.0227254 2.41939e-11 0.0795228 0.000651378 0.0868826 4.30169e-06 0.00504876 0.000753258 0.000101665 0.0604497 2.27048e-05 0.000107594 0.0215238 0.00669431 7.28015e-05 
0.00413489 0.651398 0.000189552 0.0200445 0.00126632 0.258635 6.435e-10 0.0293849 4.77358e-09 0.000237327 8.23032e-05 0.00105227 0.00169106 2.01878e-11 0.004152 0.000227828 0.00073872 2.17065e-08 0.000114626 0.00155219 4.44381e-06 0.00321008 1.66638e-05 2.41939e-06 0.021717 0.000147328 1.18909e-07 
0.118267 0.371255 0.0213265 0.15022 0.00780782 0.0442036 4.34225e-05 0.0749779 6.54225e-06 0.018078 0.000122392 0.102831 0.0176641 0.00863795 0.00479901 0.00129619 0.00123251 0.000215885 0.00215509 0.000948685 0.000115961 0.00540581 4.01203e-06 0.000252961 0.0470444 0.00104889 3.93265e-05 
0.0131162 0.337627 8.40527e-05 0.137831 0.00171213 0.00803313 7.89034e-05 0.0137771 5.74217e-06 0.0137521 0.00840994 0.279489 0.0378385 7.08724e-07 0.0140426 0.0122328 0.000761989 0.000175671 0.000496655 0.0165923 0.00672965 0.00309788 5.89289e-06 0.000410981 0.0875038 0.00618751 6.31672e-06 
0.000356404 0.770412 0.0136587 0.000523218 0.000622698 0.026369 8.00841e-11 0.00382202 1.20612e-10 0.0018459 9.20248e-06 0.0020016 0.0152921 1.34924e-10 0.104538 6.34492e-08 0.0205058 7.82174e-05 7.81043e-11 2.93317e-05 7.58185e-11 0.000145171 1.21511e-08 4.498e-08 0.033052 0.00673865 1.07484e-10 
0.0687617 0.524818 1.58929e-06 5.65726e-05 0.00115014 0.0320557 1.61917e-09 0.0689913 5.67351e-05 0.000452185 2.80648e-05 0.0229579 0.164681 2.72973e-06 0.00079018 0.0148675 0.00512977 9.58161e-07 0.00650251 0.00996004 0.000253255 0.00463711 3.86978e-06 2.38546e-05 0.070647 0.00312492 4.4939e-05 
0.0175031 0.527022 0.00518088 0.04275 0.00558183 0.0164468 1.29556e-06 0.0118655 0.000468413 0.0271361 8.80636e-05 0.0318563 0.0130467 3.19519e-05 0.00322901 0.00350587 0.00414175 5.61227e-07 0.000620033 0.0300434 0.00368724 0.000561189 0.000185812 0.000258844 0.2515 0.00328216 5.35485e-06 
0.216336 0.383884 0.000802573 0.0122575 0.00169705 0.13815 1.06717e-11 0.0223184 1.37435e-08 0.00132023 5.06445e-06 0.0596403 0.0131108 1.79794e-11 0.0578405 0.00118421 6.88158e-05 3.71334e-07 0.00056998 0.0284756 7.03464e-05 0.000269179 3.00797e-05 4.25107e-08 0.058053 0.00391661 3.99206e-07 
0.057892 0.428527 5.23526e-06 0.0278828 0.00466748 0.0628698 0.000253434 0.0983534 5.11614e-06 0.00585403 0.012525 0.152184 0.011855 6.21483e-05 0.00683443 0.00682056 0.00239687 0.0108991 0.000299845 0.0126787 0.0500968 0.0153775 7.05272e-05 3.05497e-05 0.0263165 0.00520078 4.09662e-05 
0.0560133 0.493819 0.00023204 0.016807 0.00702606 0.0933895 1.03486e-08 0.00348587 1.35156e-05 0.0274136 0.000524242 0.18254 0.00659166 7.81924e-06 0.00850247 0.00281243 0.000657048 0.000841294 0.00176827 0.0433429 0.000330067 0.00794217 8.51302e-05 0.00307099 0.0417464 0.00103596 1.14507e-06 
0.110069 0.223361 2.07279e-05 0.0279698 0.0938016 0.0298404 8.4702e-08 0.00255213 5.36628e-06 0.0012173 2.73388e-05 0.100062 0.070297 4.43395e-07 0.0600533 0.0275789 0.163184 9.53752e-05 1.16218e-05 0.0509303 0.00027012 0.0122971 1.41989e-05 0.00225673 0.0214534 0.00255486 7.53019e-05 
0.0460986 0.154331 0.0468695 0.0180296 0.0722171 0.00828767 0.000415324 0.0604262 0.000310362 0.0438803 0.00352498 0.121332 0.0509094 1.12212e-06 0.0137517 0.0208605 0.0329659 2.21361e-07 0.00324802 0.00803517 0.000261984 0.0374887 0.000687885 0.000231088 0.110407 0.145428 3.44694e-07 
0.0977487 0.257513 5.7262e-05 0.0292296 0.0169367 0.0841405 0.00367375 0.117117 0.0188821 0.0196666 0.00208474 0.0721445 0.0358932 8.67408e-05 0.0123137 0.0130308 0.00901366 0.06648 0.000243361 0.0378126 0.00375047 0.00510263 0.00847521 0.000301548 0.0845055 0.00378693 9.22752e-06 
0.0010399 0.398692 3.1206e-05 0.203538 7.12208e-06 0.000384787 2.70439e-11 0.0153116 7.85246e-08 2.01961e-08 1.69956e-08 0.036913 0.000614446 4.55628e-11 0.000258237 0.000272753 0.000484966 2.74004e-07 7.71103e-09 0.00163915 0.000762456 0.000143782 7.17977e-12 5.18598e-08 0.339396 0.000510238 1.23134e-07 
0.00673202 0.463501 3.84452e-08 0.0385353 0.000223324 0.00119574 1.28265e-10 0.0762746 6.6823e-05 1.05229e-07 1.69615e-10 0.222787 0.000802093 2.16098e-10 7.15972e-05 0.0016444 4.34215e-11 2.46627e-10 2.28547e-07 0.00163997 0.000382247 3.69171e-11 3.40526e-11 6.15964e-07 0.186143 4.71518e-11 1.7215e-10 
6.85671e-08 0.942689 1.36968e-05 0.00328847 0.000892959 0.000438654 3.12401e-06 0.0287882 4.24491e-10 9.16862e-07 0.000108461 1.56668e-08 0.0032584 0.000126079 3.33474e-08 6.44123e-08 0.000114733 3.10135e-08 2.24903e-08 0.0108226 2.66842e-10 3.041e-05 7.48284e-11 3.79632e-10 0.00929702 0.000126574 3.78289e-10 
0.0734051 0.483013 2.1167e-05 0.0331673 0.0135642 0.0401468 0.000546608 0.134239 0.000122085 0.00549736 0.000697171 0.0290196 0.00285956 6.17808e-08 0.0199247 0.00268452 0.0188864 6.71815e-05 0.103913 0.00461413 0.000567455 0.000775947 0.000639914 0.00296631 0.0278493 0.000742481 6.94138e-05 
0.0291097 0.583516 0.000861162 0.0731932 0.00318582 0.0155287 1.37295e-05 0.107626 8.32476e-06 0.00180911 0.00075165 0.00750945 0.000481092 9.92908e-12 0.00388377 0.00608001 4.58385e-05 4.35547e-06 0.08587 0.0142286 0.000299493 0.00721534 0.000560698 5.00801e-07 0.058183 3.06124e-05 3.65042e-06 
0.012923 0.748986 0.00515168 0.0212303 0.0288341 0.00732698 0.000715584 0.00360439 9.22954e-08 0.011081 0.00160572 0.0617984 0.00859581 2.46293e-06 0.00895322 0.00496982 0.000460442 9.982e-05 7.69573e-05 0.00649344 5.02911e-05 0.00278041 9.20455e-06 0.0124055 0.0513585 0.000388717 9.87916e-05 
0.0474238 0.407959 0.00356356 0.0526397 0.0094025 0.0160637 4.0724e-06 0.0262024 3.20154e-05 0.00524466 0.00519369 0.0257036 0.00250612 1.59929e-07 0.003304 0.00176388 0.00932795 5.57128e-06 4.31335e-05 0.00342479 0.000346206 0.0175336 7.59585e-05 1.04095e-05 0.357102 0.0051157 7.88223e-06 
0.0225108 0.471318 0.0075062 0.0107017 0.0201217 0.0476792 4.4232e-06 0.0322797 2.29975e-06 0.0350156 0.0012051 0.0645794 0.044803 1.7911e-08 0.0175967 0.0303044 0.0217928 0.00319337 8.02909e-05 0.00939808 3.53957e-05 0.0203556 1.2958e-05 0.00160175 0.0874802 0.0504127 9.00252e-06 
0.0351318 0.318213 0.000712423 0.0054102 0.0246746 0.168879 3.83975e-05 0.0577868 2.03966e-10 0.0015521 0.00020456 0.143629 0.0908241 2.28168e-10 0.00767741 0.000837453 0.103896 2.60402e-10 0.00224883 0.000140469 2.37045e-07 0.00315351 2.26677e-05 0.000328258 0.031042 0.00359717 4.63269e-07 
0.0461419 0.373244 7.49608e-05 0.0272269 0.00273087 0.0200687 0.00226446 0.0497508 0.000873038 0.0122777 0.00016712 0.00328953 0.0400869 1.76714e-08 0.00274364 0.000454628 0.00131207 3.13206e-06 9.23605e-05 0.0185243 3.58766e-05 0.0418403 7.38853e-06 4.52448e-08 0.355742 0.00104335 3.66068e-06 
0.0576991 0.616922 0.000209402 0.0129852 0.00893802 0.0247392 0.00146286 0.0702808 5.59121e-05 0.00195702 5.67589e-05 0.0170521 0.0105462 1.36667e-10 0.0316852 0.00873077 0.0367089 5.26709e-05 0.00631138 0.00680976 0.000389489 0.00286678 0.000294054 2.15008e-05 0.0708903 0.0123306 3.96964e-06 
6.85671e-08 0.942689 1.36968e-05 0.00328847 0.000892959 0.000438654 3.12401e-06 0.0287882 4.24491e-10 9.16862e-07 0.000108461 1.56668e-08 0.0032584 0.000126079 3.33474e-08 6.44123e-08 0.000114733 3.10135e-08 2.24903e-08 0.0108226 2.66842e-10 3.041e-05 7.48284e-11 3.79632e-10 0.00929702 0.000126574 3.78289e-10 
0.0409254 0.670031 8.03043e-08 0.0548389 0.000632825 0.144207 1.10724e-10 0.0323261 1.66255e-07 5.29548e-07 0.00614943 0.0349316 0.000214504 1.86544e-10 2.61237e-06 0.00018567 4.95476e-07 2.12898e-10 4.32028e-05 1.69655e-05 0.00137948 0.0139345 2.80749e-06 3.94842e-05 0.000135265 4.07033e-11 1.8397e-06 
0.0599604 0.645956 8.23629e-05 0.115363 0.0123995 0.00226773 8.40052e-08 0.0129644 3.6833e-08 0.00225714 6.89483e-06 0.0260879 0.0029178 2.76094e-09 0.0175523 0.00799723 0.00588521 1.24486e-10 1.50225e-05 0.00474571 3.98655e-08 0.000205957 3.06755e-05 1.69184e-07 0.0831842 0.000116543 3.70445e-06 
0.0286279 0.403558 0.000180635 0.00927058 0.0348181 0.00764088 5.43323e-05 0.0575849 0.000119479 0.0210885 0.000294628 0.0984608 0.00243959 0.000225877 0.00231831 0.247181 0.000902925 0.000148401 0.000986998 0.00724972 0.0133396 0.00123758 7.95418e-05 0.000144829 0.0109601 0.000750249 0.0503363 
0.000967914 0.57445 6.90088e-05 0.0111202 0.100956 0.003615 3.01288e-05 8.95277e-06 1.0198e-05 0.00730104 0.00278694 0.0364029 0.0241528 1.64602e-07 0.00203573 0.167135 0.00303419 0.000677934 0.000137182 0.000115945 0.000214708 0.000399318 2.9031e-05 3.04436e-05 0.0467112 0.0176079 1.31127e-07 
0.0450406 0.439852 2.7917e-06 0.0127573 0.00157119 0.101003 0.0170982 0.0273079 5.56767e-07 0.0180666 0.000333975 0.0320509 0.0237584 3.80631e-10 0.00499363 0.0070216 0.0212722 0.000215038 2.01899e-05 0.0282674 0.000125729 0.0073055 4.53419e-07 2.64911e-08 0.210714 0.00121518 5.6014e-06 
1.64723e-05 0.345596 8.27123e-10 1.91065e-06 9.23108e-06 0.211988 4.86199e-10 8.16146e-06 2.93631e-07 1.52678e-05 6.42937e-10 0.0945056 0.00881131 8.19135e-10 2.34737e-05 0.00608012 0.0815469 9.34855e-10 4.74179e-10 1.5688e-05 4.60302e-10 3.23116e-05 5.55168e-07 6.54864e-10 0.251328 2.03042e-05 9.79476e-07 
0.0137247 0.556044 0.00330592 0.0176062 0.00431227 0.029515 0.000368718 0.187961 0.0113936 0.00118481 5.35042e-05 0.0178144 0.00588098 2.62733e-10 0.00343376 0.000567327 0.000488395 7.07737e-06 0.00205649 0.0118356 0.000791277 0.00107695 2.60659e-06 1.57877e-05 0.130226 0.00032827 5.59741e-06 
0.0628014 0.556572 5.31507e-05 0.0493735 0.00862817 0.131535 2.9607e-10 0.014932 8.41653e-07 0.00782439 0.0011497 0.077341 0.00895728 4.98811e-10 5.66692e-05 0.00300393 0.0282593 3.12013e-05 4.50958e-05 0.01332 0.00013141 0.00193416 6.31528e-06 0.000396765 0.0217065 0.0119186 2.16568e-05 
0.00769606 0.26528 0.000219743 0.0261411 0.0210362 0.123494 8.01443e-06 0.151177 5.71679e-09 0.0224895 3.83308e-07 0.0130533 0.192782 6.39515e-09 0.0430679 5.94583e-05 0.03231 3.07709e-07 2.814e-05 0.0128068 0.000176597 0.00931172 0.000337896 3.94733e-06 0.0406971 0.0378207 2.01095e-06 
0.0866871 0.476374 0.118564 0.0322998 0.00386153 0.00275552 2.12172e-10 0.000189232 0.00143197 0.00533638 1.59336e-07 0.02322 0.00157079 0.000605082 3.7719e-05 0.00118171 3.42432e-05 4.0796e-10 0.000296042 0.0116916 0.00073586 0.0595696 9.02786e-05 7.44277e-08 0.172705 0.000380566 0.000381079 
0.0615661 0.288602 0.00154049 0.056419 0.0154589 0.0522769 0.000270039 0.0273557 0.003108 0.0172114 0.00043782 0.043667 0.0309393 0.00045238 0.010696 0.00420567 0.00441879 0.000667263 0.00420108 0.116682 0.00225079 0.00960545 0.00116272 0.000732375 0.24266 0.00340199 1.06141e-05 
0.129631 0.186709 1.15379e-07 0.000275417 0.175941 0.0123446 2.04848e-07 0.1156 2.02981e-06 0.0455527 6.29991e-08 0.0255626 0.0166439 1.11758e-10 0.126099 0.0191174 0.0353508 1.27546e-10 0.00118751 0.00147196 9.61764e-08 0.0162798 5.64875e-05 9.20305e-08 0.0919497 0.000224435 1.04618e-07 
0.0573395 0.353136 2.01323e-10 0.00989744 0.00214702 0.0039615 3.43308e-07 2.18535e-11 1.24939e-07 0.00521393 2.19245e-07 0.0976267 1.42371e-06 1.99378e-10 3.45643e-11 4.26352e-07 0.00408593 2.27545e-10 3.00196e-07 0.185903 3.37235e-08 2.5549e-07 7.85761e-08 1.59395e-10 0.280685 8.52715e-07 1.74873e-07 
0.135345 0.253648 1.46815e-05 0.0226987 0.202428 0.0225545 0.00024227 0.096883 3.24413e-05 0.00492399 0.00164355 0.132792 0.00470046 1.32042e-09 0.0349439 0.00346449 0.00520088 0.000102285 0.0131273 0.00297914 0.000603491 0.000530821 0.00045327 0.00936733 0.0487899 0.00219715 0.000333898 
0.0423988 0.179897 0.0224273 0.0387371 0.0276717 0.0122192 5.55085e-06 0.00139676 4.67598e-08 0.0113872 0.00918873 0.122892 0.0530618 0.0918061 0.0136704 0.0247101 0.0413002 1.36906e-06 0.00588668 0.000947158 2.18432e-07 0.0552132 3.91185e-07 0.00732762 0.0608295 0.0142923 0.162732 
