0.0516604 0.00591079 1.09929e-07 0.00170942 0.0188738 0.00313622 2.33581e-09 0.00639727 1.50999e-05 0.00569607 0.00239182 0.878677 0.000657838 1.99705e-10 0.0109062 0.00655858 0.0012843 0.000243778 3.45585e-05 0.00114452 0.000659507 0.00187877 0.000232075 5.12677e-08 0.00134587 0.000566065 1.98359e-05 
0.196398 0.165001 0.00080309 0.0210589 0.0684141 0.0911582 2.22823e-06 0.0550579 8.89845e-05 0.00965231 0.00125568 0.200184 0.0266074 5.36202e-11 0.0101317 0.0242034 0.00144168 0.0013701 0.000531388 0.0319431 0.000550483 0.00108803 9.90421e-05 0.00654313 0.0859846 0.000374884 5.60127e-05 
0.307072 0.00488571 0.000634525 0.000314635 0.0665701 0.0285381 0.00109966 0.0028827 4.42259e-05 0.0271161 0.00226107 0.313066 0.0101326 1.74395e-10 0.00884476 0.0020045 0.00139586 2.83668e-06 0.00016448 0.00115271 0.183813 0.0273527 0.00069428 0.0065063 0.000983434 0.00241913 4.86422e-05 
0.128298 0.114337 8.38671e-07 0.0180061 0.0378657 0.0508532 0.0101009 0.0585411 0.00052454 0.0530907 0.000473008 0.37315 0.0214683 1.29256e-09 0.0300176 0.000235582 0.00339423 0.00428139 0.000103198 0.0325013 0.0094563 0.00166103 0.000498122 0.0064944 0.0324146 0.0122263 6.4445e-06 
0.0640839 0.180472 1.5023e-05 0.00243861 0.00131765 0.00263668 8.4061e-11 5.74123e-07 1.26601e-10 0.00144382 0.00141263 0.645298 0.0019855 0.028633 6.46746e-05 0.00565153 0.00203131 1.63644e-07 0.00261354 0.00528221 0.000893809 7.66033e-08 3.0459e-05 0.0441794 0.00927891 0.000188298 4.86222e-05 
0.296253 0.0821762 0.00010217 0.000279095 0.0225124 0.00324733 0.0091995 0.000957495 1.53872e-05 0.0166932 0.00180574 0.488852 0.0128631 2.86556e-08 0.000856756 0.0339741 0.0025054 8.36722e-08 0.00106634 0.00337576 0.000379015 0.000346093 8.24941e-05 0.0171268 0.00234473 0.00296037 2.62778e-05 
0.0777197 0.237455 2.10048e-05 0.0299874 0.0216959 0.00840743 2.88762e-06 0.0128604 1.14256e-05 0.00296102 0.000993351 0.4215 0.00246402 1.68091e-09 0.00250254 0.00664684 0.0129876 0.000323471 0.010738 0.00967056 0.000834871 0.0225251 0.000452186 0.0178657 0.0973652 0.0019828 2.57272e-05 
0.0304963 0.013944 4.75549e-07 0.000386743 0.0252285 0.0307787 0.00629643 9.4226e-08 8.10141e-09 0.0214882 0.00730818 0.776622 0.0022955 8.44395e-10 0.00191645 0.00909407 0.000471849 1.23583e-05 0.0262276 0.000900618 0.00260863 3.2307e-06 2.8177e-05 6.75058e-10 0.0431979 0.000688335 5.33565e-06 
0.016915 0.0145227 7.78034e-07 0.000173154 0.00324929 0.00291132 2.31485e-06 0.000376575 2.80776e-08 7.14581e-06 0.0117682 0.924844 0.000385611 6.79055e-08 0.00172433 0.00218291 0.000687515 7.75877e-05 8.42328e-05 0.00156954 0.000201588 0.000408683 0.000452846 0.0162023 0.00105556 0.000125812 7.13959e-05 
0.019591 0.0403554 3.38561e-06 0.00017284 0.0304155 0.00903676 1.90202e-07 9.62606e-05 6.09926e-09 0.00173102 0.00334332 0.825342 0.000104552 6.823e-09 0.00084025 0.030022 0.00484499 1.47497e-05 2.14474e-06 0.000104341 0.000570914 0.0249442 6.01896e-05 0.00300612 0.00248817 0.00290949 2.92629e-07 
0.0196397 0.023678 2.96531e-05 0.00185438 0.0184224 0.00466155 0.00485892 0.00179172 8.52819e-05 0.00261401 0.00307001 0.489699 0.00115116 0.000576984 0.00308729 0.00446389 0.000841646 2.26096e-07 0.00294341 0.00824519 0.00197976 0.00220772 6.24242e-05 0.385091 0.0177994 6.35103e-05 0.0010816 
0.106251 0.0196681 0.00211802 0.0141948 0.037124 0.133569 9.19312e-07 0.000881221 3.03683e-05 0.0442216 0.0017561 0.451258 0.0156629 2.93976e-08 0.0337585 0.0533384 0.0168114 3.93537e-06 0.00205355 0.0020572 0.000125907 0.0406 0.000914108 0.00634524 0.0159789 0.00116876 0.000108663 
0.0396679 0.0147002 5.37788e-05 0.00130857 0.00679542 0.0326063 0.000755651 0.000903957 7.04982e-05 0.00860348 0.00300203 0.785105 0.00426719 1.76275e-05 0.000755197 0.00410829 0.000407044 0.00025163 0.00032711 0.0172186 0.0379173 0.0172975 5.9217e-05 0.0193364 0.00408045 0.000284879 9.92396e-05 
0.158281 0.075202 0.00368437 0.00482087 0.0492257 0.129044 2.13722e-07 0.00118864 1.46033e-06 0.0384789 0.00101482 0.285003 0.0647751 5.01823e-07 0.0482388 0.00405703 0.031064 5.13592e-07 0.00145981 0.048713 7.73596e-05 0.00289784 3.98937e-05 0.00184359 0.0481108 0.00277135 4.63507e-06 
0.164279 0.0414524 4.55094e-06 0.0050696 0.104836 0.0504682 0.0637459 0.00693716 1.21204e-05 0.0028831 0.00265177 0.266483 0.000807091 4.24753e-09 0.0889071 0.0502443 0.00271846 4.59108e-05 0.00340619 0.00474247 0.0405087 0.0134969 0.000413952 0.0819517 0.00349291 0.000294302 0.000147217 
0.155103 0.0742933 0.00287531 0.0138076 0.0531565 0.132132 0.0011821 0.0191035 0.00365136 0.0518311 0.00211213 0.201143 0.110617 0.00423535 0.0260421 0.0117139 0.0215995 0.000903058 0.0154628 0.0106323 0.00132753 0.0236543 0.000743648 0.0054323 0.0413296 0.0154621 0.000453856 
0.0553407 0.130475 0.000978218 0.000960402 0.0176482 0.00335214 0.000241729 0.0170215 2.74065e-10 0.00542048 0.00398237 0.391685 0.0102578 1.00945e-05 0.0143074 0.242333 0.00505088 8.91314e-07 0.000467166 0.00630971 0.0651416 0.0160334 0.000151364 4.85916e-05 0.00979814 0.00278039 0.000203846 
0.0915267 0.0785602 0.00154406 0.00167163 0.0167745 0.0440393 4.82214e-06 0.0114647 2.20755e-06 0.00200472 0.000968476 0.489556 0.00655546 0.000382994 0.184981 0.000972153 4.02527e-05 0.000167983 0.000126848 0.045938 3.4088e-05 0.000601886 3.11295e-05 0.0105582 0.0100193 0.00143885 3.47911e-05 
0.0637435 0.0231947 4.64324e-06 0.00319774 0.00229372 0.0162058 0.00108641 0.00110562 1.40797e-07 0.00721506 0.00212405 0.431616 0.0519917 1.05087e-09 0.0214165 0.0121754 0.0430015 1.00735e-07 6.92153e-07 0.040977 0.0332979 0.0201234 0.00262327 0.00147739 0.0347786 0.00154306 0.184807 
0.118301 0.142009 0.00213047 0.00673152 0.0025359 0.0050986 2.47775e-08 0.00219642 4.0403e-07 0.000114771 0.000377468 0.508952 0.00125864 1.09476e-10 0.0028408 0.00707034 0.000885296 1.24941e-10 0.00233126 0.00434732 0.000456479 0.000654377 0.000582552 0.15473 0.0359408 3.18975e-05 0.000422573 
0.0192023 0.121472 5.61061e-05 0.00433748 0.0106751 0.26093 3.18162e-10 0.0532405 4.81064e-06 0.000474951 0.000108643 0.402861 0.00347005 5.36031e-10 0.0340974 0.00827301 0.00120713 3.1084e-05 0.00277244 0.00131347 3.12311e-05 0.0368086 5.89679e-05 6.21299e-05 0.0341566 0.00435253 1.24189e-06 
0.0303117 0.0751967 0.000187031 0.0232106 0.0101262 0.0714618 4.81327e-06 0.00011043 1.58537e-07 0.00479741 0.002434 0.682973 0.00712649 1.51836e-08 0.00426734 0.00174826 0.00258927 7.23924e-05 0.00104969 0.0158523 0.000289784 0.00439745 0.000153752 0.000505299 0.0570842 0.00404115 8.63961e-06 
0.265316 0.0839931 4.59327e-08 0.0115665 0.0632761 0.0313476 0.00170197 0.0055403 0.000190755 0.00577087 0.000292031 0.356364 0.00982407 4.18211e-11 0.0034264 0.0012722 0.0233602 0.00184628 0.00105591 0.0228374 0.00160511 0.00470332 0.000179683 3.34342e-11 0.104088 0.000433411 8.64837e-06 
0.0350514 0.0463138 5.38049e-06 0.0124727 0.0108392 0.0245346 8.07375e-07 0.00459978 6.70824e-05 0.00920795 3.15947e-05 0.745876 0.00744091 4.3722e-08 0.00238003 0.00599986 0.00264206 5.74052e-06 0.000523941 0.0183931 0.00101667 0.000158736 5.00131e-05 6.55189e-05 0.0719426 0.000280628 9.97135e-05 
0.117594 0.01392 2.07179e-05 5.48338e-05 0.022462 0.00596887 0.000136608 7.3234e-06 1.56592e-05 0.0348623 5.3472e-05 0.396987 0.164014 1.14434e-07 1.11167e-05 0.0011527 0.00177623 1.306e-07 5.29422e-07 0.045717 0.000116687 0.00156156 3.91676e-05 0.0650149 0.0236434 0.104865 4.14852e-06 
0.129744 0.0246238 3.34684e-07 0.00642384 0.025733 0.001073 7.6062e-05 0.0540608 1.76938e-07 0.00543954 0.00202245 0.595189 0.0112222 7.35314e-06 0.0500871 0.000643289 0.0142554 0.00226106 0.000871007 0.0085635 4.34788e-07 0.0037086 0.000142716 0.000252224 0.0611738 0.00238953 3.61735e-05 
0.0470663 0.0272114 0.00299693 0.00057711 0.0183264 0.0261508 0.00433068 0.00234528 1.2026e-07 0.00255533 0.0150807 0.746858 0.0113253 1.3453e-07 0.0240591 0.000473419 0.0248534 4.48725e-05 0.000817382 0.00302095 8.31394e-05 0.00155746 3.44342e-05 0.0327601 0.00590148 0.00131404 0.00025578 
0.0815691 0.0203953 2.1098e-05 0.0150608 0.0176428 0.0102821 3.14368e-06 0.0141962 3.28737e-05 0.00171692 0.00216453 0.634145 0.0175968 5.25002e-09 0.0839694 0.0063916 0.00146942 7.07015e-05 5.42038e-05 0.00944899 0.0315927 0.00240118 0.000352993 0.0300433 0.0191233 0.000214986 4.03798e-05 
0.0356215 0.000723502 5.21273e-05 7.33263e-06 0.00293497 0.00145805 0.000119914 0.0032116 3.79377e-06 0.00013594 0.00418294 0.85664 0.0457026 7.51591e-05 0.000212215 0.00956093 0.00354892 3.03849e-07 0.00829856 8.43553e-06 0.00329036 0.00733681 0.000100774 0.00245769 5.83284e-05 0.013978 0.000279459 
0.0185315 0.0182419 0.00073008 0.00203313 0.0101888 0.0525304 0.000465142 0.000694661 0.000117629 0.00668652 6.95912e-05 0.632458 0.0935042 0.00319284 0.0868065 0.00873579 0.0189459 0.000472178 2.90857e-06 0.0157321 0.000120112 0.00109528 0.00143558 3.47511e-05 0.0270714 8.12003e-05 2.17294e-05 
6.0273e-09 1.15154e-08 1.42881e-07 3.62658e-08 1.1777e-08 1.14714e-08 8.39881e-08 1.55096e-08 1.26491e-07 1.45875e-08 1.12174e-05 0.959549 1.44137e-08 1.41501e-07 2.45306e-08 0.000145097 2.84324e-08 1.61491e-07 8.19117e-08 0.0401575 7.9594e-05 4.35362e-05 2.22976e-08 1.13124e-07 1.29791e-05 3.0875e-08 1.12724e-07 
0.106467 0.0117524 0.000112529 0.000282684 0.0326472 0.0540717 0.0208106 4.50875e-05 4.42162e-07 0.0442928 0.000815487 0.55965 0.0608771 6.65152e-05 0.014583 0.0152138 0.0288307 0.00011418 6.51893e-05 0.00525492 0.000631307 0.0310648 2.66994e-05 0.000629116 0.00943358 0.0022241 3.695e-05 
0.261319 0.0252906 0.000639496 0.00350941 0.0486044 0.0601012 4.32061e-06 0.00077447 3.06572e-06 0.00144656 6.9572e-05 0.418009 0.0478495 1.05543e-05 0.00210966 0.0175053 5.70516e-05 1.62734e-09 0.000259121 0.00131123 0.000109686 0.0206567 0.000219194 0.088681 0.000827802 0.000598629 3.40571e-05 
2.88697e-05 0.0308342 6.82629e-08 0.000841878 2.22772e-05 1.38348e-05 7.21101e-05 7.07775e-07 0.000323721 0.0656098 0.00996211 0.772759 0.0500038 6.76036e-08 0.00153698 1.63171e-05 6.40246e-06 0.000983559 3.75394e-07 0.0438212 5.8202e-07 1.15491e-08 0.000358152 2.2986e-06 0.0120185 0.0107829 5.38551e-08 
0.0373615 0.0291066 0.00360368 0.00356816 0.00731149 0.09976 0.0012486 0.000510077 0.000102392 0.0150833 0.000587592 0.279953 0.0728064 3.94705e-10 0.0212435 0.0252642 0.12847 0.000544592 0.0169063 0.109424 0.00617959 0.0197596 7.07244e-05 2.53586e-05 0.0167548 0.104354 5.06633e-07 
0.0739756 0.0031721 9.25093e-05 8.23951e-05 0.0239086 0.00368626 0.0323906 0.00015303 4.03495e-09 0.0468875 0.0115404 0.275836 0.0904715 0.000117071 0.0751159 0.00204543 0.0794093 0.00354528 3.168e-05 0.00290029 0.00732839 0.0061769 0.000182289 0.000519703 0.00324221 0.0560571 0.201132 
0.0505344 0.0299955 9.67965e-08 0.0014078 0.0147586 0.00596105 8.74601e-08 9.20625e-07 2.27187e-07 0.00518151 0.0165581 0.703004 0.00669675 1.1703e-05 0.054133 0.00832054 1.45776e-06 0.000203239 0.000499813 0.0649656 0.00706858 0.0047959 0.00190432 2.68797e-05 0.0239351 3.24616e-05 1.86942e-06 
0.0578981 0.144836 6.21025e-06 0.00457888 0.0201464 0.0484079 1.84419e-06 0.000229194 1.19491e-06 0.0239704 0.00172631 0.551362 0.0243368 1.22507e-05 0.0116852 0.00630023 0.0180615 3.83451e-06 0.000666478 0.00271203 0.000362222 0.00120186 7.75298e-05 0.0639259 0.0023006 0.0132141 0.00197521 
0.0605313 0.0553774 0.00168281 0.00585832 0.0326734 0.0977314 0.00194061 0.000989926 4.66459e-05 0.013345 0.00495845 0.382304 0.0361851 0.000364337 0.17003 0.0126348 0.0537738 0.000160329 0.00256773 0.00296889 0.00165147 0.0364921 0.000315627 0.00141753 0.0223401 0.00158337 7.48663e-05 
0.0453021 0.081558 4.44786e-08 0.00213017 3.67063e-06 0.0181874 1.16954e-11 0.00621268 1.76141e-11 9.44496e-05 0.00034388 0.701971 0.0022027 1.55954e-08 0.00201561 0.000405537 0.000316604 2.24878e-11 0.001119 0.00508054 6.63289e-08 6.02145e-05 0.000377839 0.123124 0.00944861 4.65771e-05 1.40316e-07 
0.104155 0.00188229 4.49851e-06 0.0128854 0.00289697 0.00440882 2.64431e-06 0.0188226 0.00017881 0.262658 0.109744 0.444911 0.00153253 0.00987389 0.00225624 0.00166264 0.00635584 0.00413965 0.00128566 0.000628024 0.00131535 0.000968082 7.02027e-07 0.000301377 0.00252695 0.00436179 0.000240957 
0.0125731 0.00688648 5.79759e-05 6.40061e-05 0.028092 2.00471e-05 1.04778e-06 5.06959e-05 1.57803e-06 8.48884e-05 0.00295855 0.899648 0.0265088 1.76528e-06 0.000156654 6.95507e-05 0.000305184 0.000113161 0.000642541 0.000248451 0.0188833 0.0023392 1.30454e-05 1.41127e-06 0.000248455 2.8242e-05 1.40628e-06 
0.0208665 0.0788097 0.000825175 0.00199312 0.0424552 0.00563162 5.10311e-05 0.0297602 5.1999e-09 0.00130517 0.000160315 0.724395 0.00211 5.81692e-09 6.34922e-06 0.00046815 0.000724459 5.66864e-05 0.00489014 0.00159362 0.00323972 0.000750342 0.00912556 0.0644204 0.00167432 0.00464733 4.00252e-05 
0.0324714 0.00115846 0.000137648 0.000322248 0.01267 0.0294788 0.0772855 0.000170025 2.9423e-06 0.0437968 0.0267082 0.505708 0.00302557 6.41325e-05 0.00136533 0.00739113 0.0637936 4.18881e-05 0.000230329 0.00129793 0.167963 0.0182539 0.000561719 0.000310864 0.00133487 0.00437433 8.10524e-05 
0.0156237 0.00268757 9.77553e-08 1.34126e-05 0.00315743 3.90986e-06 0.000180719 1.06113e-08 8.65421e-08 9.98039e-09 7.59868e-08 0.974526 1.60844e-06 9.68112e-08 1.67832e-08 9.61524e-06 3.87046e-05 1.10488e-07 0.00307292 1.69534e-05 4.33295e-05 1.65387e-08 1.52555e-08 0.000528963 1.73658e-05 7.68117e-05 7.71227e-08 
0.00524517 0.000596687 0.00042379 0.000492581 0.0351202 9.95254e-07 0.0278992 0.000205644 4.76885e-08 0.017447 0.0146215 0.823295 0.00717878 1.78926e-05 0.00453125 0.0523699 0.00464647 5.81604e-05 0.000115667 0.001017 0.00150693 0.00191001 6.95587e-05 3.8607e-05 0.000685874 0.000463802 4.23744e-05 
0.00118674 0.000467113 4.21329e-08 1.7725e-07 0.00146606 0.00250014 9.8411e-08 1.60887e-05 7.88697e-10 0.00636888 1.3157e-05 0.956668 0.000157601 8.82284e-10 0.000133447 0.00222489 0.00171608 1.74639e-05 3.92534e-06 0.00264105 0.000128726 1.26564e-05 1.58214e-05 1.75316e-09 0.0242417 2.05368e-05 7.02855e-10 
0.0895587 0.0227105 0.000219625 0.00245888 0.0314712 0.0966851 3.51987e-06 0.000197554 6.03004e-06 0.121348 0.00613072 0.375634 0.0406422 0.00355277 0.0109834 0.00938883 0.00248169 2.59143e-05 0.000413906 0.141167 0.00184212 0.0175512 8.0642e-05 0.000152401 0.0128499 0.0124273 1.66803e-05 
0.132242 0.0549257 0.00103445 0.0046426 0.0557523 0.060099 8.47151e-05 0.0244948 0.000649275 0.0708979 0.00148654 0.402803 0.0175889 0.0136497 0.00908296 0.015353 0.0227181 0.00137141 0.00056493 0.0376169 0.0125075 0.00356337 0.00570014 0.000124462 0.0348579 0.000364546 0.0158239 
0.120799 0.0131399 3.21599e-07 0.00156622 0.1443 0.00866546 0.000939083 0.00429548 1.8709e-08 0.000473085 0.0158024 0.546012 0.00998903 5.44125e-08 0.0563105 0.0151686 0.00387093 0.000635108 6.22927e-05 0.0103371 0.000298395 0.00010419 0.000133496 0.024737 0.0166459 0.000103393 0.00561121 
0.0192023 0.121472 5.61061e-05 0.00433748 0.0106751 0.26093 3.18162e-10 0.0532405 4.81064e-06 0.000474951 0.000108643 0.402861 0.00347005 5.36031e-10 0.0340974 0.00827301 0.00120713 3.1084e-05 0.00277244 0.00131347 3.12311e-05 0.0368086 5.89679e-05 6.21299e-05 0.0341566 0.00435253 1.24189e-06 
0.0546931 0.00676615 0.00311639 0.00239489 0.0251834 0.0031091 0.0066461 0.0276628 0.000521974 0.0513888 0.00379083 0.726431 0.0054099 3.01017e-10 0.026956 0.00352915 0.00924525 2.48543e-05 4.60978e-06 0.00766001 0.0137892 6.76139e-05 5.6393e-05 1.8549e-07 0.0130265 0.0085151 1.03923e-05 
0.111028 0.0155723 1.57956e-09 0.0119203 0.160171 4.65874e-05 8.81245e-05 0.0124933 2.70844e-06 0.00382652 3.81305e-05 0.408455 0.00123197 1.56431e-09 1.04985e-05 0.000131305 0.0877274 5.11229e-05 1.61668e-06 0.00336785 0.0208934 0.0317882 9.36559e-06 2.16891e-05 0.13099 0.000131827 1.40849e-06 
0.1232 0.0345082 9.63926e-05 0.00241969 0.0347048 0.00888133 3.82091e-05 0.0250758 7.27003e-06 0.00366328 0.000768443 0.539629 0.000942247 2.50235e-07 0.0115296 0.111168 0.00347299 3.22869e-07 0.00267987 0.00373904 0.0141539 0.0593469 0.00021966 5.22688e-06 0.0178699 0.00162589 0.000254544 
0.0392292 0.050273 4.75577e-08 0.00420943 0.00819805 0.000372751 1.30744e-06 5.12437e-06 7.09948e-05 0.00198735 2.16961e-05 0.823165 0.000169136 4.70984e-08 0.00114787 0.000860721 2.78826e-06 1.62226e-06 0.000310659 0.0431172 1.06275e-06 0.000341937 2.23316e-06 1.76501e-05 0.0263022 0.000191243 3.752e-08 
0.0455573 0.191176 0.000576192 0.0213295 0.0178327 0.0720569 8.87099e-07 0.0457028 7.36028e-05 0.0450925 0.000849343 0.377518 0.00809578 1.50974e-05 0.00210036 0.00174838 3.90786e-05 4.92026e-05 0.000341306 0.0546944 0.00233507 0.00116301 4.7478e-05 0.000959695 0.110547 9.75339e-05 6.44077e-09 
0.114135 0.0693891 1.50472e-05 0.0166325 0.037986 0.0502464 0.00416664 0.0279367 0.00127873 0.0155325 0.00178747 0.508822 0.0140697 0.000398476 0.0425564 0.020485 0.00386895 5.38218e-05 0.00211137 0.028082 0.00883869 0.00246289 8.6405e-05 0.0017431 0.0191425 0.0071199 0.00105276 
0.306645 0.0169663 1.89948e-06 0.000629366 0.103262 0.0584281 9.51477e-05 0.00745338 0.000202006 0.0202899 0.00108685 0.309909 0.0222817 3.89322e-07 0.0363218 0.00415422 0.0296565 0.0422853 0.00236119 0.00432633 0.000649246 0.00300644 0.000963313 0.022014 0.00469022 0.00218697 0.000132413 
0.0260601 0.0924236 0.0241238 0.00378669 0.0283593 0.0131503 1.94934e-07 0.00330769 4.53232e-07 0.00372105 0.00376186 0.611512 0.0134934 1.31238e-08 0.0276136 0.104749 0.00660315 4.85385e-06 3.43015e-05 0.00269698 0.00177505 0.0139578 0.00020441 0.00970344 0.00715214 0.00159374 0.000211131 
0.0576539 0.0567922 0.000307477 0.00202796 0.0224278 0.0188725 9.56028e-07 0.02954 7.56243e-06 0.0381555 0.000688391 0.415267 0.0120433 6.56186e-11 0.00100391 0.0168181 0.000272504 4.40181e-09 0.0500789 0.0125197 0.0281852 0.199395 0.00114074 0.00106611 0.0314741 0.00411522 0.000145892 
0.174761 0.0693674 2.79328e-07 0.00061568 0.164589 0.0401544 2.7955e-07 0.00640782 0.00145311 0.0396491 0.00268297 0.195734 2.79808e-07 2.79333e-07 0.00643503 0.052921 0.050776 2.82051e-05 0.0530322 0.0588835 2.79564e-07 2.79772e-07 2.79779e-07 2.79439e-07 0.0471189 0.0353883 2.79441e-07 
0.067332 0.100508 0.000130854 0.00160919 0.101734 0.00627686 0.00451023 0.00426159 3.45599e-05 0.0132093 0.00445204 0.204067 0.0147664 6.98452e-07 0.00950893 0.177283 0.0859735 9.36544e-06 0.0554619 0.0244312 0.0223015 0.0619767 0.00057332 1.78316e-05 0.0300135 0.00954675 9.53565e-06 
0.0654433 0.063706 0.00188597 0.0594147 0.0417531 0.0240956 0.0013331 0.030989 0.000308455 0.00883699 0.00713245 0.534844 0.01625 4.90356e-06 0.0444584 0.0244525 0.00782059 0.00228877 0.00648183 0.00417614 0.00285913 0.0261464 0.00658689 0.00294121 0.0126028 0.00307916 0.000108448 
0.0894147 0.0518647 1.25941e-05 0.000541556 0.0709442 0.0945821 2.35137e-08 0.0195236 6.01684e-07 0.0113366 1.81251e-05 0.236523 0.210244 1.80746e-05 0.0267881 0.0184284 0.0320431 5.76187e-05 0.00136562 0.00789239 0.000653392 0.0191866 4.51031e-05 0.022182 0.0803302 0.00581738 0.000186844 
0.116785 0.0626388 0.00463898 0.00140745 0.0601922 0.0188068 0.000819406 0.00809095 1.36467e-07 0.00755804 0.0253199 0.362274 0.0203368 1.36439e-07 0.0208806 0.0356448 0.0192262 0.00205982 0.00441065 0.00487794 0.0530779 0.140179 0.00907415 0.00111936 0.0117262 0.00807565 0.000778141 
0.00285262 0.00707014 1.93533e-08 1.1402e-05 0.00374015 0.00274696 1.13762e-08 0.000851435 1.71333e-08 0.00316592 2.57594e-05 0.951114 0.00282746 1.91664e-08 0.0205574 0.000484112 0.000329376 4.03346e-05 1.1095e-08 0.00210371 0.000125035 0.00103794 0.000152452 3.70476e-05 1.78792e-05 0.000707928 1.02023e-06 
0.104784 0.0227257 0.000123013 0.00209441 0.017152 0.0356918 0.00413476 0.000394269 1.15193e-05 0.00686835 0.00344537 0.730556 0.0049576 1.07092e-05 0.0359895 0.0049706 0.00185653 0.00281609 0.00451969 0.00311604 0.000490933 0.00441558 0.000601645 0.0019159 0.00430655 0.00203605 1.4994e-05 
0.00745847 0.0529802 7.13725e-05 0.00262508 0.0026546 0.240224 2.91237e-05 0.00965173 0.00015465 0.0159183 0.00191957 0.578441 0.0232298 1.10705e-08 0.0103871 0.000145262 0.00138228 6.9221e-06 0.0103725 0.0049292 0.00239315 0.00417735 2.85135e-05 5.02865e-06 0.0294027 0.00141145 6.03628e-07 
0.0586031 0.0249657 0.00294786 0.000595764 0.0787392 0.0184168 1.93092e-06 0.00631126 8.66072e-05 0.0195851 0.000468797 0.685352 0.0107206 0.000342532 0.0111168 0.00833954 0.0243605 3.71275e-06 3.67361e-05 0.00649213 0.000859491 0.0224585 1.76435e-05 5.46369e-05 0.0029249 0.0160751 0.000123124 
3.97793e-06 0.0614866 1.27555e-11 0.00253379 0.143041 0.0377548 7.49792e-12 0.0164042 7.1153e-08 0.0157977 0.00447579 0.397105 0.0266935 4.97335e-06 0.207231 0.00623105 0.00185049 0.0141138 1.75508e-07 0.0300963 0.000798537 1.0583e-06 7.31934e-05 6.41992e-06 0.0189972 0.0152761 2.34091e-05 
0.0695433 0.106923 0.000378557 0.00442722 0.0969224 0.0261349 0.00359472 0.0377893 0.000249298 0.0429908 0.00803112 0.233036 0.00888517 7.00207e-05 0.0314312 0.190381 0.00838168 0.000852472 0.0196451 0.0054006 0.00653268 0.0214475 0.0546354 0.000318754 0.0176869 0.00416035 0.000151055 
0.0259668 0.008932 0.000312021 0.000707993 0.0372553 0.0157949 0.000131311 0.00114549 7.41207e-06 0.00488377 0.00729699 0.721661 0.0190884 2.28653e-09 0.0281678 0.0113144 0.0171203 0.000260494 0.000450362 0.000443529 0.000475464 0.0107549 0.000501676 0.00703944 0.00146666 0.00904604 0.0697755 
0.0362424 0.0910418 3.52493e-07 0.0174352 0.0241125 0.00545221 0.00150963 0.0107554 0.000163258 0.00255616 0.000422714 0.532581 0.000945671 2.8905e-09 0.00139709 0.0125656 0.00318354 1.37134e-06 0.000752116 0.0297735 0.00197786 9.95517e-05 0.00044201 0.168555 0.0457535 0.0120487 0.000232221 
0.0567466 0.0229202 5.07433e-05 1.21268e-05 0.0142418 0.194133 7.6838e-05 0.000896583 7.24952e-08 0.0355035 1.86522e-05 0.444157 0.0577947 1.39775e-05 0.00403574 0.00348118 6.63646e-06 0.00012203 0.000527079 0.00101457 0.000192077 0.000197345 1.78292e-06 0.145976 0.00219081 0.0156889 6.46047e-08 
0.158161 0.0278727 9.84518e-06 0.000164787 0.146634 0.0362513 0.0131812 0.00759857 4.5798e-08 0.198606 0.00543873 0.330271 0.00465486 1.54065e-06 0.00736017 0.0277654 8.94706e-05 0.00159538 4.01662e-05 0.0254003 0.00321079 4.8512e-05 0.000140508 1.94122e-05 0.00480318 0.000675609 4.50687e-06 
0.139437 0.0285164 1.21472e-06 0.00346357 0.139237 0.0669048 7.20801e-08 0.0138697 1.5425e-06 0.00247168 0.0195169 0.31007 0.00180487 4.1891e-07 0.190358 0.00509425 0.0231327 0.000865808 0.00137734 0.00330155 0.000152185 0.00990488 0.000304982 0.0313926 0.00780391 0.000869131 0.000147476 
0.0906418 0.044663 0.000575745 2.34496e-05 0.0366634 0.0444158 0.00598413 0.0283835 6.29424e-06 0.208423 0.017578 0.266067 0.182886 2.4469e-05 0.0100805 0.00103816 0.0139407 0.000149555 0.000194113 0.0213738 0.00282516 0.000134032 2.70445e-05 1.79394e-05 0.0127994 0.0110838 4.32553e-09 
0.0976971 0.0206984 0.000382802 0.00169763 0.0224014 0.0476724 3.22602e-06 0.00575559 3.25208e-06 0.016982 0.00150791 0.436391 0.0298955 0.0201388 0.0440552 0.147652 0.00435205 0.000758183 0.00146787 0.00830353 0.00456981 0.0235547 0.0011579 0.0166711 0.0125805 0.00245932 0.03119 
0.0776797 0.0493389 5.41851e-05 0.00152351 0.117932 0.00946083 0.0225845 0.00327268 0.00567378 0.0662342 0.0446017 0.403344 0.00945113 1.14715e-05 0.012813 0.0673825 0.00463189 0.00075769 0.0112592 0.0376308 0.0112943 0.00769524 0.0001143 0.000506702 0.0199959 0.0146998 5.55415e-05 
0.0250887 0.0410758 9.79067e-09 1.43006e-06 0.0685648 1.50057e-05 5.75514e-09 1.06277e-09 0.000104835 0.0523603 0.0153917 0.402656 0.0207875 0.00010047 0.135347 0.0833004 0.0118485 1.10659e-08 1.19819e-05 0.131253 1.12901e-05 0.0120666 1.28677e-06 7.75164e-09 6.95823e-06 3.01389e-06 3.33569e-06 
0.0966118 0.00443529 8.3186e-06 0.000310163 0.0570221 0.00632821 7.41566e-06 0.000703047 1.34615e-05 0.0150619 0.000329172 0.751575 0.0049398 7.72251e-07 0.00885047 0.00505036 0.00703894 3.41791e-05 0.00265068 0.00467977 9.13239e-05 0.00130771 8.51716e-05 0.0300929 0.00186833 0.000626799 0.000277254 
0.158535 0.0111953 5.9701e-07 6.14219e-06 0.0181074 0.00390125 9.07802e-05 0.000376769 1.36596e-06 0.00101556 0.00109593 0.714662 0.00430745 4.9172e-10 0.0224064 0.0114147 0.00106796 4.69244e-05 0.00578726 0.000444586 3.79543e-06 0.0407192 0.000260557 0.00454807 3.95194e-06 2.24166e-07 7.92885e-08 
0.0636988 0.0493058 5.26664e-05 0.00153198 0.0130993 0.0330342 0.00157586 0.00433885 2.61618e-08 0.0112294 0.000751589 0.70704 0.0105932 2.92662e-08 0.00573795 0.00940978 0.00527458 0.000149239 0.00240918 0.00170769 0.00536673 0.000347753 0.000179519 0.0254029 0.00504885 0.042674 3.95907e-05 
0.0556091 0.0839078 0.00450098 0.0388628 0.0656345 0.0207809 0.000719868 0.00632341 1.30632e-05 0.104482 0.00403868 0.322844 0.0630021 9.44466e-06 0.00820446 0.0448581 0.00329605 0.00930549 0.000391503 0.0419843 0.0145547 0.00149028 0.000370141 0.0239209 0.0634289 0.0174035 6.3254e-05 
0.164239 0.0539577 5.93634e-05 0.00186601 0.0519355 0.0583564 0.00296701 0.0152138 5.009e-06 0.00721445 0.00207411 0.387036 0.006742 2.66168e-06 0.0817513 0.0165039 0.0233472 0.000720526 0.00361072 0.0163893 0.00131174 0.0073782 0.000313062 0.0552811 0.00852746 0.00838017 0.0248158 
0.0344772 0.0221244 8.07585e-08 0.0167054 0.0116795 0.0116812 0.000195734 0.000579249 0.000767124 0.0919255 0.000638602 0.511577 0.0494097 7.99785e-08 0.0717978 0.0555803 0.083089 0.000155911 0.00012416 0.0129946 2.85457e-05 0.00779093 5.06753e-05 6.39395e-08 0.00596606 0.010657 3.76031e-06 
0.0210018 0.0545835 0.000174521 0.000236613 0.0251424 0.00782527 0.000310329 0.0003382 0.000246076 0.0629809 0.00206913 0.453873 0.00480638 1.46169e-06 0.00162672 0.15841 0.00232413 1.83274e-05 0.00464243 0.00233565 0.000678853 0.0238198 0.161014 0.0100391 0.000535286 0.00065162 0.000314318 
0.0153767 0.0343501 0.00474632 0.000180589 0.102634 0.00753726 0.00510413 0.00149456 7.83138e-05 0.0405427 0.0106993 0.454709 0.101446 2.69042e-09 0.00368947 0.0161982 0.0451997 0.00258209 0.00019035 0.0471485 0.0397636 0.00289362 0.00136196 0.0023022 0.0168565 0.0429075 7.42902e-06 
0.209081 0.051423 1.49592e-05 0.0637404 0.0359586 0.0590011 1.83865e-10 0.00665523 0.00022956 0.0464948 0.000472484 0.330958 0.0336876 7.76117e-06 0.0101377 0.00142219 0.00488614 4.69846e-07 0.000598568 0.0457144 3.64544e-05 0.00706101 3.13544e-05 0.000126904 0.0784608 0.013798 1.15644e-06 
0.0660221 0.201371 0.000899202 0.0139614 0.0148306 0.217777 1.397e-05 0.0248094 5.17556e-05 0.00947353 8.66889e-05 0.218672 0.0396896 9.66115e-09 0.106383 0.00085593 0.00207492 0.000634583 0.000271809 0.00540463 0.000435406 0.00875396 2.1819e-05 0.00153573 0.0620167 0.00366299 0.00029148 
0.048477 0.09326 0.000223175 0.000671367 0.0722932 0.0142009 0.0311945 0.000783709 6.63859e-07 0.013718 0.000861012 0.324084 0.00835888 5.06674e-07 0.143463 0.00206143 0.219181 1.02299e-07 0.00146325 0.000291629 0.00207744 0.0026412 0.000108529 0.018374 0.000478352 0.00136351 0.000369026 
2.70213e-05 0.03804 1.62282e-06 0.00191414 0.0066691 0.00508742 1.90057e-08 0.00598951 2.86238e-08 5.54058e-07 0.000478874 0.855536 0.0464456 3.20203e-08 0.00013558 9.51088e-07 5.21648e-06 3.65439e-08 3.91015e-06 0.006466 2.39048e-06 3.13741e-06 0.000765837 0.000334855 0.0316133 0.00047334 5.04467e-06 
0.088187 0.142987 2.69655e-10 0.00169031 0.221636 0.0141282 7.73297e-07 8.21982e-05 9.54218e-05 0.107646 0.00243431 0.345989 0.0240988 2.67051e-10 1.53888e-06 2.2103e-07 0.00116433 0.00449214 1.15885e-06 0.0193182 0.000998379 0.000992853 0.00519118 0.000281164 0.0164839 0.00134147 0.000757863 
0.160358 0.0662356 0.00386568 0.0345709 0.0654744 0.0342605 0.000885971 0.00479436 0.000349807 0.0481687 0.0110074 0.270578 0.0507981 7.26108e-07 0.0630262 0.012159 0.0282184 0.00380754 0.0078302 0.00856098 7.49443e-05 0.0299873 0.0022885 0.0221346 0.0474734 0.0230157 7.46509e-05 
0.0518601 0.0496053 7.01577e-05 0.000511209 0.0898114 0.000725235 0.000487528 0.0156888 6.91921e-06 0.0713142 0.0175668 0.404572 0.145775 9.27218e-05 0.0171095 0.00280627 0.0534926 0.00346342 0.00192371 0.0347567 0.000112037 0.0114988 2.67813e-05 2.51394e-05 0.0217141 0.00498145 2.67851e-06 
0.0392077 4.68499e-06 4.63274e-07 0.00505273 1.98135e-06 7.89647e-06 1.07633e-11 5.23734e-07 4.44063e-05 0.00179496 1.95008e-07 0.600758 1.86102e-06 1.81337e-11 0.197339 2.84045e-06 0.0161044 3.99012e-06 3.52917e-06 0.120339 6.43001e-07 5.93557e-07 1.23161e-07 4.56675e-07 0.0193274 2.79226e-06 3.14935e-07 
0.0885299 0.0312101 0.00331916 0.00694037 0.0352393 0.0256869 0.00163347 0.00501094 0.000275472 0.0546655 0.00195269 0.487262 0.0726091 0.000165131 0.0401045 0.0149362 0.0306345 0.000815441 0.00497303 0.00888661 0.00371233 0.0240596 0.000734481 0.00170294 0.0406303 0.0140849 0.000225603 
0.0361211 0.0469524 0.0134274 0.00159451 0.0554511 0.0146087 1.39494e-06 0.00697276 0.000121047 0.00229205 0.000656215 0.683784 0.00527304 2.88494e-08 0.00887397 0.0118461 0.028455 1.43703e-06 0.00324634 0.00848376 0.00596993 0.00257256 0.000317899 0.0214612 0.0250233 0.0161418 0.000350814 
0.0721946 0.0429335 9.26501e-05 0.00941515 0.0128788 0.0128968 0.00152924 0.00151035 4.438e-05 0.00650839 0.013151 0.550671 0.00314632 0.0050101 0.0195755 0.0354301 0.026868 0.0210478 0.0002565 0.135203 0.00525318 0.00480927 0.000158098 0.000365494 0.0118302 0.006831 0.000389379 
0.233156 0.0509435 1.37876e-06 0.00240434 0.0666566 0.00504755 1.87158e-08 0.000437591 5.36355e-05 0.0563409 0.0694195 0.433656 0.00534969 2.81996e-06 0.00826015 0.00473572 0.00105165 0.000683125 1.43525e-05 0.0473605 2.88158e-05 0.000737934 4.22982e-06 2.14233e-05 0.013186 0.000446108 9.04123e-10 
0.0185222 0.093793 0.000230166 0.0154386 0.0183942 0.128839 2.25296e-05 0.0293355 0.000471909 0.0146267 0.0038768 0.472904 0.00858111 4.57958e-07 0.00301501 0.00168843 0.00229764 0.00141657 0.00894437 0.0171756 0.00764058 0.00792547 1.71209e-05 0.00178582 0.14204 0.00101391 3.3107e-06 
0.0175953 0.155646 3.56454e-05 0.000341395 0.0585672 2.1012e-07 1.5384e-06 3.72627e-05 2.31693e-06 0.00225014 0.00038232 0.737441 0.00547577 2.59185e-06 0.00779523 0.00724158 0.00291979 5.91921e-05 1.50037e-06 4.45186e-05 4.99414e-05 0.00212181 9.39163e-06 0.000179725 2.18073e-05 0.00164671 0.000130012 
0.05488 0.114784 8.75008e-06 0.0142011 0.114353 0.000187359 0.00926446 0.00194238 2.79975e-05 0.0445363 0.0090203 0.465999 0.0178672 5.36835e-08 0.000955301 0.00452639 0.00334469 0.00670206 0.00202876 0.00333251 0.0382012 0.00925585 4.19929e-07 2.08923e-07 0.0747304 0.00982983 2.05149e-05 
0.161608 0.0041126 5.30179e-05 2.49264e-05 0.00931042 2.13093e-05 2.17134e-09 0.109612 3.27018e-09 0.282433 0.0163356 0.305665 0.00133795 1.4965e-06 7.28267e-05 0.00156446 2.76542e-05 1.00411e-06 0.0113989 0.00332011 0.0150767 3.0892e-05 6.01171e-06 0.000546488 2.20425e-05 0.0773902 2.73208e-05 
0.0109489 0.0503763 7.38972e-06 0.00609201 0.00138839 0.0156066 3.49397e-06 1.20122e-05 7.51217e-09 4.54273e-06 0.00415253 0.639077 1.50347e-06 8.40357e-09 2.06171e-05 0.0166818 3.85191e-06 0.00370113 0.000677423 6.42145e-06 0.226857 4.30248e-06 0.000199032 4.56835e-07 0.0241728 4.1337e-06 5.22496e-07 
0.0132819 0.0129805 2.06216e-10 0.0370395 0.00559415 0.255071 1.21217e-10 0.00317299 2.3752e-07 0.000603807 1.02683e-07 0.524199 0.0127648 2.04224e-10 0.0424143 0.00560613 0.0130739 5.06678e-07 0.0280964 0.0272646 9.49423e-08 0.000101506 0.000175949 0.0102514 0.00800216 0.000304206 9.28743e-07 
0.0538687 0.0586599 0.000977349 0.0169317 0.0486742 0.0199132 1.69287e-05 0.0162828 0.000136105 0.0389468 0.0243253 0.566403 0.0184944 7.51458e-07 0.0220465 0.00524224 0.00769647 0.000638271 0.00340064 0.070415 0.00382744 0.00386724 6.85349e-05 0.000177534 0.016661 0.00232398 4.44829e-06 
0.0108813 0.00771681 7.19113e-05 8.26627e-05 0.0528002 0.0077094 0.0300626 0.000196444 0.000495677 0.0123238 0.0245749 0.374605 0.114668 0.00335852 0.194676 0.00299883 0.00353195 0.00193356 0.00361681 0.00517614 0.0477207 0.000647564 0.000142083 0.00363434 0.00138914 0.00225746 0.0927283 
0.138575 0.0750003 1.98019e-05 0.000311953 0.0800752 0.0618691 1.99669e-09 0.000330544 9.7998e-06 0.00144714 0.000566971 0.500546 0.00543458 3.36398e-09 0.024768 0.062855 0.0395204 3.83921e-09 0.000513271 0.000567389 8.02468e-05 0.000277316 4.94492e-05 0.00291887 0.00380896 0.000375848 7.88464e-05 
0.000101787 0.00010178 0.000101601 0.000101747 0.00010178 0.0102798 0.000101682 0.000101775 0.000101624 0.000101776 0.000101645 0.793984 0.000101776 0.000101603 0.000101762 0.000101739 0.000101757 0.000101576 0.000101685 0.000101748 0.000101687 0.000101763 0.061161 0.132236 0.000101774 0.000101754 0.000101642 
0.0516604 0.00591079 1.09929e-07 0.00170942 0.0188738 0.00313622 2.33581e-09 0.00639727 1.50999e-05 0.00569607 0.00239182 0.878677 0.000657838 1.99705e-10 0.0109062 0.00655858 0.0012843 0.000243778 3.45585e-05 0.00114452 0.000659507 0.00187877 0.000232075 5.12677e-08 0.00134587 0.000566065 1.98359e-05 
0.182961 0.0204906 3.93477e-05 0.000496158 0.0843605 0.0168468 0.0512329 0.000440326 9.21336e-07 0.00234752 0.00157601 0.235993 0.00596499 1.29677e-08 0.121087 0.0278044 0.210366 0.000241671 0.00731962 0.00472467 0.000279397 0.0101594 0.000810957 0.00112742 0.00329178 0.00850047 0.00153748 
0.0646642 0.0814288 0.000150397 0.00099389 0.144794 0.0604988 8.95237e-07 0.0157265 1.37687e-05 0.0738529 0.000642898 0.448665 0.0373208 1.49763e-07 0.00557358 0.0311558 0.00329564 0.00249364 0.000266822 0.00206576 0.00197524 0.0015307 6.27006e-05 0.00117422 0.0176476 0.00341447 0.000590778 
0.0281499 0.0659644 0.000869434 0.00204704 0.178104 0.0202972 5.07667e-06 0.0122606 8.42493e-08 0.0956651 0.0017426 0.464573 0.00703464 1.63399e-10 0.00243768 0.0042529 0.00295768 4.09696e-06 5.99644e-05 0.019701 0.00149008 0.0628916 2.46705e-05 0.0172281 0.00424309 0.00799608 2.84497e-07 
0.0314381 0.220201 0.000388928 0.00725444 0.029009 0.0175653 0.0121372 0.0346672 6.16106e-05 0.0153668 0.000670204 0.25384 0.0037625 0.00137979 0.00734656 0.0608468 0.0018764 0.000116907 0.017284 0.0385062 0.204279 0.00693713 4.06117e-05 0.0010783 0.0327228 0.00121979 3.77794e-06 
0.0905804 0.07844 7.23042e-05 0.0013509 0.0385886 0.0106014 6.46866e-07 0.0200379 4.75836e-06 0.0551189 0.000544133 0.332628 0.0271214 1.16974e-07 0.00980121 0.0688308 0.0003001 1.9286e-07 0.00232053 0.0214247 0.182815 0.00220851 3.78356e-05 0.000547322 0.0326655 0.0239565 2.08394e-06 
0.0761478 0.108729 0.00173997 0.00122078 0.0373961 0.00565521 3.9421e-06 0.000850443 2.27842e-05 0.0633307 0.00336111 0.405832 0.0220438 1.36124e-10 0.013788 0.00789572 0.00607103 3.41019e-05 5.17156e-07 0.00958643 0.00079706 0.0154916 0.0309573 4.04135e-08 0.148674 0.0403224 4.84354e-05 
0.111006 0.0135397 1.86112e-07 0.000655443 0.151789 0.00437619 2.68896e-07 0.00390159 2.13757e-07 0.00256918 0.00103295 0.464537 0.00141803 2.59156e-10 0.0658854 0.156265 0.0095972 0.000613631 2.00233e-05 0.00077674 0.000219859 0.00645886 7.59667e-05 0.00329022 0.000811023 0.00105956 0.000100888 
0.0530124 0.00910862 3.56033e-09 0.00159717 0.212997 0.00444585 2.38951e-06 0.0112983 3.15194e-09 0.0456838 0.00526896 0.318856 0.0047966 3.52595e-09 0.0169829 0.00471321 0.0238478 1.01819e-06 0.0130659 0.0106608 0.158079 0.0464386 0.00116441 2.52902e-06 0.0196264 0.0383501 5.60778e-07 
0.030532 0.104813 0.000183895 0.00269731 0.0205356 0.152485 3.84618e-05 0.0540972 0.00254865 0.0218393 3.83938e-05 0.442747 0.060059 5.73546e-05 0.0204935 0.000298266 0.0118959 0.000728103 0.0114529 0.012938 0.000400686 0.0018281 0.000821165 2.88778e-06 0.0400294 0.00641928 1.89357e-05 
0.00857232 0.0638803 0.00281974 0.000149306 0.00830673 0.00737551 4.19673e-05 0.000182208 1.87022e-06 0.00390958 0.00253375 0.802703 0.00124912 2.09214e-06 0.00175121 0.00336959 0.0878834 0.000516 3.46994e-05 0.000316966 0.000115461 0.00151566 3.60675e-05 0.000576862 0.000671038 0.00136064 0.000125081 
0.0839594 0.0749478 3.95592e-09 0.00106547 0.0767333 0.0280168 0.00103278 7.85422e-05 4.05686e-06 0.0123797 0.00737306 0.539815 0.0282103 3.91771e-09 0.0466886 0.00329846 0.000537674 7.56711e-06 0.00963513 0.00116399 3.00877e-05 0.00346402 4.48525e-05 1.21891e-05 0.0814238 7.00796e-05 7.46312e-06 
0.00025868 0.000257771 3.77768e-09 0.000515985 0.00268568 0.000609193 1.17605e-05 1.11601e-06 7.1047e-06 5.72714e-07 0.00806809 0.976391 0.000452142 3.7412e-09 1.00083e-06 0.00518659 9.45911e-05 4.26972e-09 4.5851e-08 0.000384678 0.00142979 0.000800726 2.61327e-05 0.0027567 9.42506e-07 8.16316e-10 6.01098e-05 
0.0172111 0.125274 4.42142e-07 0.0537996 0.00756006 0.00323792 1.7293e-09 0.0185371 1.1925e-07 3.02781e-05 5.82663e-07 0.621738 2.96776e-10 2.91348e-09 1.26519e-05 1.843e-06 1.26524e-06 1.83506e-06 2.38366e-07 0.0646092 1.20418e-06 6.59827e-05 0.000141826 0.00044119 0.0814793 1.37108e-06 0.0058531 
0.0548848 0.0213406 4.09831e-05 0.000337662 0.210879 0.00601602 0.0143318 8.13721e-05 9.71405e-05 0.0264254 0.000367794 0.30301 0.106202 9.76533e-08 0.00814405 0.0158924 0.0181432 3.12966e-05 0.0859347 0.022087 0.0139959 0.00200376 0.000578758 6.27433e-05 0.00590937 0.0830596 0.000142571 
0.0359216 0.0697 2.21248e-07 0.00110951 0.0169592 0.0158825 0.00221983 0.00147408 9.13674e-07 0.00206113 0.0515229 0.743481 0.000591098 7.593e-09 0.0319716 0.0095985 0.00204098 2.44968e-06 0.00315676 0.0008462 5.66503e-05 0.00223264 0.000135144 0.00724967 0.00154993 3.83996e-05 0.000197661 
0.0695385 0.120586 0.167099 0.00359725 0.0320635 0.0210749 2.12175e-10 0.0124279 0.000219727 0.053553 0.000982749 0.249139 0.017587 3.57468e-10 0.0119244 0.0114954 0.102065 5.24914e-06 0.00140949 0.00164416 0.00249059 0.002676 0.000462342 0.000137973 0.00874192 0.0327072 0.076372 
0.0157436 0.0212669 2.25053e-06 0.0032699 0.00928875 0.0148002 9.26045e-08 2.46346e-05 0.0390248 0.148829 0.00239158 0.215272 0.113623 8.04901e-05 0.00221699 0.0298576 0.184313 0.00319432 0.00151347 0.0899137 0.000246958 0.00772622 2.93671e-05 7.2731e-07 0.091299 0.00606814 3.4202e-06 
0.0180218 0.0488615 0.000372957 0.000268007 0.00063346 0.119476 0.000341568 0.0094118 0.000815844 0.0314439 0.00221833 0.496039 0.01124 7.14417e-08 0.000132607 0.097031 1.10602e-06 4.23102e-07 0.027545 0.01961 0.055858 0.00248419 5.06361e-05 3.88771e-07 0.0574183 0.000723386 9.92801e-07 
0.0208756 0.0427339 1.19459e-05 1.43241e-05 0.00312097 0.00321095 6.08245e-07 8.8785e-05 9.16056e-07 0.0021458 0.00875048 0.839729 0.00241618 1.02476e-06 1.50431e-05 0.000549222 0.00068933 2.86301e-05 0.000111569 0.0386451 0.00256242 0.000606127 3.4744e-05 0.0180839 0.0152758 0.000254269 4.32184e-05 
0.0817806 0.0569289 0.000185697 0.00228912 0.0890231 0.0322882 0.000214919 0.000479834 2.83493e-05 0.038641 0.000167945 0.232182 0.100377 9.37853e-08 0.0101045 0.038622 0.0569529 0.00289454 0.0125976 0.0129345 0.00348911 0.0395831 0.00360799 0.00289114 0.165837 0.00472401 0.0111755 
4.08871e-06 6.33831e-07 0.00149619 3.96359e-07 0.0354933 2.70862e-06 4.0205e-07 3.34057e-07 1.00902e-10 0.113726 2.61365e-06 0.540637 0.00107429 4.80859e-06 0.239003 1.53403e-06 0.0195111 0.00463948 0.0018359 1.50848e-06 9.19778e-07 1.27287e-07 3.02554e-08 9.02388e-11 5.62278e-07 0.0425599 3.10232e-06 
0.00816833 0.0174692 7.07962e-06 0.000411074 0.00660631 0.014547 2.50023e-07 2.66825e-05 6.47598e-07 1.1285e-05 1.55298e-05 0.893111 0.0217119 6.77042e-09 0.00645773 0.0131196 0.00153825 5.68345e-05 2.28741e-05 0.0036905 4.79969e-05 7.0758e-05 0.000428201 0.00858155 0.00386366 1.70389e-05 1.87365e-05 
0.0104627 0.0253233 2.46299e-05 2.51917e-06 0.0572637 0.00252993 0.00335495 1.86619e-05 0.000240937 0.0199074 0.000678872 0.52634 0.0535962 4.84343e-06 0.00145157 0.0873052 0.000885245 5.78632e-06 0.0721286 0.00171236 2.38285e-05 0.0270734 0.0113459 0.00023232 0.0961364 0.00177706 0.000173684 
0.0175225 0.17241 0.000304716 0.00772613 0.00542703 0.0213929 0.000300693 0.0231975 9.41582e-05 0.0105634 0.00800184 0.503647 0.0182442 3.24317e-06 0.0335527 0.0145158 0.0166926 8.25955e-05 0.00033348 0.097203 0.000223143 0.00598966 9.05507e-05 0.000226574 0.0261046 0.0161308 1.92222e-05 
0.0151981 0.0194011 6.02749e-05 7.21522e-05 0.0125635 0.00804915 0.0262727 0.000130225 0.00875841 0.0431792 0.0413818 0.646074 0.046544 0.0021719 0.00160373 0.00761527 0.00251508 0.000107365 0.000210561 0.0204181 0.000262479 0.0119274 8.34159e-05 0.0662254 0.00757992 0.00444444 0.00715028 
