0.0108281 0.0372786 0.000849606 0.00504034 0.0146839 0.0460259 0.00130673 0.00155076 0.00398943 0.215503 0.00162254 0.0369482 0.323392 0.000273176 0.00314768 0.00190278 0.00611301 1.26717e-05 0.00100168 0.0141605 0.00132462 0.063833 0.00382542 8.30298e-05 0.159127 0.0459669 0.000208871 
0.108331 0.000292383 4.57398e-07 3.514e-05 0.0050621 0.175279 2.20751e-07 1.5867e-05 1.08688e-05 0.297531 2.74742e-09 1.54389e-07 0.391178 3.50036e-09 0.00156433 0.00652704 2.9486e-07 3.99486e-09 0.000153514 0.00139199 1.11414e-06 0.00825623 9.31677e-07 2.79839e-09 0.000412938 0.00395451 3.53645e-08 
0.161001 0.124048 0.0294378 0.0258027 0.00894883 0.159862 9.14897e-11 0.00138328 0.00197918 0.0118067 0.000517065 0.0250318 0.220067 1.5357e-05 0.0207755 0.0209905 0.0230641 0.00399506 3.22998e-05 0.0115933 0.00184362 0.011469 1.83416e-05 0.000265562 0.123912 0.0121361 4.52003e-06 
0.0819379 0.037684 0.153315 0.0129879 0.0390462 0.123643 0.000106004 0.0564211 0.000509759 0.0536752 0.000298882 0.0168414 0.163582 0.00144045 0.00501901 0.00103423 0.0693806 0.000180486 0.000267382 0.00591444 0.000129964 0.0121501 9.115e-06 9.01293e-06 0.0683946 0.0960213 1.01456e-06 
0.211787 0.0125081 0.000144922 0.00168913 0.0218361 0.21588 8.30681e-06 5.54642e-05 0.0728891 0.0723737 1.00934e-09 0.0129939 0.300279 1.06606e-07 0.0208756 0.00184261 0.00604155 5.20135e-06 1.57233e-06 0.0191747 0.000725211 0.000804361 0.00753165 3.91946e-05 0.0202404 0.000272687 5.38478e-07 
0.00796501 0.000381198 8.0199e-07 1.03369e-07 0.0773499 0.0425459 3.30316e-10 6.37253e-08 2.49738e-05 0.227672 1.30608e-07 0.00240094 0.455033 5.56508e-10 0.0530465 0.00662558 1.72335e-06 3.25105e-07 0.0861201 0.000530448 3.12722e-10 0.0202153 0.000454683 1.78084e-07 0.00112149 0.0183077 0.000202561 
0.0350717 0.0677704 0.000105345 5.59439e-05 0.0146668 0.0364439 3.81181e-06 2.60435e-05 2.23761e-05 0.0131295 3.79698e-05 0.045733 0.780629 6.42205e-06 0.000656442 0.000192584 0.00115646 7.3293e-06 4.515e-05 0.00014259 2.13056e-05 0.00178644 1.01198e-06 5.13416e-06 0.00158803 0.000690443 5.116e-06 
0.0509182 0.0316877 0.00021739 9.14817e-08 0.00743853 0.30913 1.10172e-12 0.00573574 2.22675e-07 0.0229784 5.53636e-08 0.0901828 0.352974 2.43505e-05 0.00613453 1.22328e-08 3.25229e-08 6.32338e-07 1.61183e-08 0.0394952 0.000503082 0.000872848 0.0470258 5.82848e-05 0.0339227 0.000699972 6.5359e-08 
0.0531542 0.0126107 0.000278306 0.000404351 0.136075 0.0395382 4.91662e-10 0.00216075 0.000326769 0.135775 3.3643e-05 0.0293263 0.387627 8.2834e-10 0.0504801 0.00562799 0.0364257 8.22307e-08 0.000938685 0.00239528 1.14249e-05 0.00252957 8.62675e-05 0.00100011 0.00315214 0.100003 3.94457e-05 
0.0586151 0.0151851 0.00021304 0.00270175 0.0200898 0.0841587 4.15505e-05 0.00865429 0.000527789 0.0396817 4.47637e-06 0.00295505 0.579963 5.16559e-07 0.0183767 0.000442929 0.0633174 0.000616166 0.00354793 0.00512804 1.75299e-05 0.0287161 3.13152e-05 1.47556e-05 0.0194112 0.0475807 7.30379e-06 
0.0303883 0.0652914 9.01528e-08 0.0035501 0.000385491 0.00038755 0.000540347 0.00545368 8.4932e-06 0.116567 2.04363e-06 0.0850657 0.40577 8.92821e-08 0.000220865 2.615e-08 0.0013239 3.9149e-07 5.16835e-08 5.79236e-06 8.20641e-05 2.18664e-06 1.99456e-07 5.9656e-06 0.00487668 0.280072 7.11249e-08 
0.26481 0.0107693 1.92287e-08 0.00407668 0.0306801 0.127265 1.01439e-10 2.01661e-05 1.24082e-05 0.123336 4.49263e-08 0.00415503 0.345629 1.70901e-10 0.00603773 0.000741191 0.00234181 4.09208e-07 0.000879371 0.000934007 0.000333374 0.0649962 6.97227e-06 2.79124e-05 0.00324464 0.00970314 4.48835e-07 
0.209531 0.0143524 7.19044e-06 0.000130991 0.00515811 0.241797 8.04637e-06 0.000536807 7.09121e-07 0.0785642 1.06808e-05 0.0468423 0.25008 0.000318147 0.0930348 0.000412046 0.0110017 6.86816e-05 2.43657e-05 0.0259003 0.000986343 0.000413109 6.45855e-07 7.10325e-05 0.0105783 0.0101704 5.88057e-07 
0.0239903 0.281381 0.000429704 0.0149369 0.0408478 0.102557 2.06636e-09 0.138102 5.06611e-06 0.00284311 1.33311e-07 0.0144529 0.284048 8.61712e-11 0.0159725 0.00355569 0.00431252 6.67827e-05 0.00839966 0.00068532 7.53249e-06 0.0161592 0.00214673 1.06553e-07 0.0443221 0.000778664 7.26039e-08 
0.0273959 0.00568993 7.09832e-05 0.000238543 0.0140875 0.00836787 3.6242e-09 3.75319e-06 0.0353656 0.22669 4.55051e-05 0.0555148 0.550674 0.00668439 0.00230383 0.0105145 0.00952954 0.00142707 0.000146666 1.93099e-07 3.43116e-09 0.00293892 8.13031e-06 0.0030344 0.00355638 0.0152866 0.0204248 
0.00524812 7.65005e-05 2.37116e-07 6.58895e-08 0.0233935 0.0200297 3.61059e-10 5.56171e-07 0.0005627 0.00249535 9.66569e-07 0.000602739 0.415719 6.08303e-10 0.000317009 1.09599e-07 0.383907 4.4866e-07 0.000506232 8.72336e-10 5.48873e-05 0.00776369 3.92914e-08 3.60787e-08 2.77956e-05 0.139265 2.87683e-05 
0.0261887 0.0019074 1.34262e-05 1.29699e-09 5.44979e-06 0.00190835 0.00282244 3.15712e-05 4.94076e-07 0.0431908 7.68291e-05 0.0145577 0.647146 5.81528e-07 3.82227e-06 1.35754e-06 0.000255923 1.6279e-05 0.020471 2.37805e-06 0.0153069 3.08304e-06 1.16568e-05 2.0978e-06 0.00104903 0.225024 2.20629e-06 
0.114488 0.0326581 2.09856e-07 0.00226809 0.0214228 0.0592334 1.23357e-07 0.00216194 5.27558e-06 0.0536131 0.000267231 0.000518061 0.54393 2.07829e-07 0.0726753 0.00486214 0.00180472 0.00321206 0.000491456 0.000229163 1.16787e-07 0.000144149 1.56146e-05 3.62955e-06 0.0220738 0.0639201 1.25022e-06 
0.0340112 0.00560002 3.82339e-05 0.000124564 0.0482396 0.294194 8.63523e-11 1.60273e-05 0.00997741 0.0127481 0.000330954 0.00821614 0.356816 7.90819e-08 0.054839 0.00398156 0.0507295 3.89745e-06 0.0325828 0.00110026 0.000162819 0.0541812 0.0102207 3.16318e-06 0.000850428 0.02102 1.23888e-05 
0.0154661 0.00118907 7.34967e-05 2.17676e-05 0.0675297 8.35946e-05 0.00037521 0.000283202 3.86618e-08 0.0217127 0.000233101 0.0138484 0.367993 4.32494e-08 0.0173691 0.000174147 0.199433 3.77612e-06 0.000622536 0.00157695 2.43034e-08 0.00226192 0.000176231 3.11236e-07 0.00139087 0.151487 0.136695 
0.0682102 0.064712 0.00131449 0.00232282 0.0878749 0.0993077 3.15821e-05 0.000186046 0.000544502 0.0381661 0.000249085 0.130376 0.176821 6.15049e-05 0.0844925 0.0983851 0.0617061 0.00414913 0.0108854 0.0102632 0.0036269 0.0142712 0.00951885 9.03178e-05 0.00403316 0.028177 0.000223202 
0.0948316 0.0102513 0.000147471 0.000182093 0.0394718 0.0749334 0.15513 8.52979e-05 7.43244e-06 0.187832 0.0025564 0.0466994 0.256813 4.16354e-08 0.00451365 0.017812 0.0110168 3.33245e-05 0.00730933 0.00570312 0.000668017 0.0706369 0.000461073 0.000334005 0.00436186 0.00819955 9.22184e-06 
0.158955 0.0196911 6.80473e-05 0.00610314 0.007508 0.266251 2.24426e-05 0.0154999 5.48582e-05 0.0462033 0.000144109 0.0033644 0.352352 1.07471e-10 0.043939 0.000152882 0.00712437 6.07636e-07 0.000245324 0.00283985 0.00345422 0.0142685 1.32025e-05 3.94187e-07 0.00573118 0.0460115 1.09466e-06 
0.0252704 0.00477531 0.0002716 0.000413634 0.00140102 0.0328211 0.000355344 0.00314847 5.57723e-06 0.0316634 0.0408571 0.0267729 0.609607 5.12887e-05 0.00304693 0.0015606 0.0335782 6.0842e-05 1.80325e-05 0.00275533 7.86464e-05 0.00409939 6.24497e-06 0.000249278 0.162004 0.0150985 3.02938e-05 
0.180362 0.0196148 0.000251391 0.0285342 0.0242168 0.12257 0.000305578 0.000579235 0.000122616 0.0740192 5.50112e-05 0.0394061 0.195571 0.000292983 0.064991 0.00450189 0.0770513 0.0285381 0.000392916 0.00233833 0.000181963 0.0620826 6.25587e-05 8.5511e-05 0.0153596 0.0581811 0.000331763 
0.133478 0.0241804 0.0038349 0.00120372 0.0251598 0.0481644 1.11953e-09 0.00121569 0.000144752 0.0632052 0.000315598 0.00571331 0.596494 1.88616e-09 0.00178632 8.09899e-08 0.00457389 0.000756989 2.69967e-05 0.0121285 6.32808e-07 0.0161581 1.01582e-07 1.57951e-06 0.0559036 0.00555375 9.08763e-08 
0.0695294 0.0340104 1.76617e-05 0.00321319 0.0105821 0.00966703 0.00968907 0.00490218 4.89488e-05 0.0659889 0.000240172 0.154319 0.318918 5.52736e-06 0.00696552 0.000441348 0.00949441 0.00440454 0.00352977 0.00668941 0.00123861 0.00322568 8.56484e-05 0.0795724 0.18358 0.019634 6.81432e-06 
0.0701536 0.0710303 4.06123e-06 0.0561907 0.0319763 0.0167502 0.0339677 0.00354484 2.1256e-05 0.0923858 0.000126539 0.188234 0.320715 2.17386e-08 0.0148377 0.000142739 0.0117267 1.16387e-05 0.000314396 0.0222365 0.000337721 0.00221435 4.61428e-07 2.17361e-05 0.00630629 0.0567499 2.99583e-07 
0.0521227 0.0384076 0.0267916 0.00109533 0.0679292 0.00271434 2.69157e-05 0.000609038 0.000166572 0.195619 0.00261421 0.147738 0.245777 1.49693e-06 0.00364608 0.0120258 0.00350646 0.000292894 8.57665e-06 0.00152007 4.97423e-05 0.00157779 7.4539e-07 2.44995e-05 0.00287525 0.192693 0.000165172 
0.1633 0.0154456 0.00134015 0.000520613 0.040559 0.0850122 0.00623445 0.00261383 0.000177127 0.191977 0.000409002 0.0166216 0.292626 0.000765998 0.0183892 0.0128561 0.00757664 0.000109256 0.00550595 0.0714394 0.00114097 0.0211133 6.27972e-05 6.6229e-05 0.0188421 0.0252887 6.29402e-06 
0.118273 0.0099955 6.5767e-05 0.000542591 0.086255 0.129329 2.02818e-06 0.00792584 0.00177241 0.120026 5.63818e-08 0.00253763 0.299881 8.73207e-11 0.0217063 0.00180008 0.0118637 9.9757e-07 0.0590521 0.00052406 6.36549e-05 0.0683596 0.00210405 6.98093e-11 0.00664326 0.0512762 1.31023e-07 
0.10193 0.0219248 0.0010275 0.00159989 0.061436 0.0498752 0.000290305 0.00334668 0.000347299 0.151086 0.000127113 0.0250727 0.403101 0.000598818 0.00950636 0.00189513 0.0161523 0.0253553 0.00599152 0.0083043 0.00091534 0.0279946 0.000453513 0.000354919 0.046412 0.0348914 1.02683e-05 
0.130233 0.041926 0.000142289 0.0057839 0.00992355 0.103838 2.3936e-05 0.00530119 1.68844e-05 0.0292299 0.000182118 0.0090613 0.27828 4.15602e-08 0.0412539 0.000535933 0.0247827 0.00179459 0.00110698 0.0256599 0.00225208 0.0392341 1.08608e-08 1.68986e-07 0.142246 0.107192 9.67271e-09 
0.0567269 0.0665296 0.000382816 0.00258053 0.10415 0.0368301 0.00175993 0.00790656 0.00135129 0.0308321 0.0141715 0.113147 0.242907 0.000799483 0.0159604 0.0159141 0.0126303 0.000575015 0.0108717 0.0264373 0.000176664 0.0313769 0.00219481 0.143686 0.0192609 0.0405436 0.000296819 
0.072919 0.0301377 0.000481389 0.00185213 0.0190103 0.00894371 0.0240225 0.00105011 3.75492e-08 0.00714807 0.00265359 0.0923002 0.414071 4.20048e-08 0.00144595 0.000738219 0.064157 0.000335816 1.9552e-05 0.00229864 0.00119943 0.0269 0.000653076 1.8918e-05 0.0208446 0.206729 7.08517e-05 
0.256222 0.0470392 0.000582521 0.00466856 0.00893589 0.159193 5.217e-07 0.0123242 6.16332e-07 0.0124093 0.000848626 0.06997 0.296578 0.000538513 0.00259338 0.00247967 0.00872264 4.4855e-05 0.00594911 0.015074 1.20124e-05 0.016941 5.24819e-06 1.18605e-05 0.0436351 0.0352179 1.04857e-06 
0.122962 0.0297565 0.000180251 0.00324625 0.0300242 0.160966 0.000120282 0.0148719 0.000249758 0.0611813 0.00271499 0.0309949 0.24498 0.000283452 0.02217 0.00956616 0.0251468 0.000429407 0.00216742 0.00879622 0.0114406 0.0614288 0.00459288 0.00285025 0.0408215 0.107335 0.000722772 
0.0975467 0.0126351 0.00148716 0.00613201 0.0912144 0.170217 1.24412e-05 0.0115027 0.0012398 0.0481508 0.000151269 0.0112749 0.209997 0.00116245 0.0171891 0.0149495 0.103631 0.000340129 0.0106368 0.000991504 0.036366 0.0918343 0.00315906 0.00177595 0.00842942 0.0467013 0.00127263 
0.00764469 0.000127417 0.00845093 2.73841e-05 0.00647491 0.00506918 6.58715e-05 7.58148e-05 3.56543e-06 0.000182057 1.63174e-05 0.00012921 0.70708 8.08799e-08 0.000926233 2.51898e-05 0.247585 3.53663e-05 0.000319482 1.18032e-05 1.35808e-05 0.000551505 4.52989e-06 8.00979e-06 0.000778586 0.0143781 1.552e-05 
0.188305 0.0256841 0.000303898 0.000860949 0.0453329 0.090014 0.00263446 0.00906757 0.000450696 0.0275038 0.00139276 0.024616 0.37175 0.00179715 0.0809425 0.00410197 0.0290235 0.000493149 0.0202427 0.00581568 0.000248455 0.0274865 0.000472774 0.000119781 0.0234798 0.00498759 0.0128725 
0.0119523 0.153285 2.74156e-10 0.037357 0.00571381 0.00187199 1.61154e-10 5.63342e-05 1.6549e-07 0.206728 2.13106e-10 0.0112215 0.3066 2.71508e-10 1.25609e-06 0.00251423 0.00171598 3.09864e-10 7.05525e-05 0.00454922 1.5257e-10 0.00303343 0.00103303 0.233704 0.0134987 0.00480104 0.0002917 
0.0991903 0.00860831 1.40825e-05 5.01838e-05 0.0197827 0.0145328 5.05576e-06 0.000678603 5.48834e-08 0.0610518 4.60966e-05 0.000568412 0.407665 7.93134e-07 0.0144073 0.000247029 0.0215313 1.54921e-07 0.010998 0.00015647 0.00338556 0.000430708 0.000163085 2.35775e-05 0.00272288 0.333739 4.9356e-09 
0.0150295 0.0178361 2.64186e-09 0.000251664 0.182245 0.000553411 0.0153674 0.000124748 0.000885405 0.0214276 0.00303358 0.0121144 0.381977 8.97778e-06 0.000207733 0.0023512 2.94816e-07 7.82172e-05 5.88565e-08 0.00330414 0.00094803 0.00039242 0.153575 0.000589846 0.0892594 0.0977757 0.000663839 
0.0231727 0.0644023 7.74325e-07 0.00155611 0.08754 0.0676664 0.0282113 0.000247214 6.85504e-07 0.0768913 0.00036298 0.0738012 0.455207 0.0716035 0.000230929 0.00735433 0.000381528 0.00122695 0.0086537 0.00376582 0.000195868 0.00336661 0.000193165 6.13062e-07 0.0195134 0.00444905 4.56218e-06 
0.167077 0.0925764 0.00907381 0.0089366 0.00579255 0.176187 5.74658e-06 0.00747529 2.21325e-07 0.0608191 9.37873e-06 0.0312841 0.206825 5.29286e-09 0.11563 0.00343536 0.00183648 0.000227213 0.0576815 0.0191163 3.04659e-05 0.00116503 9.36463e-06 3.5672e-05 0.0334183 0.00132282 2.93485e-05 
0.113428 0.0452858 3.15952e-05 0.00168997 0.0822518 0.0853302 0.0363582 0.0148429 6.09055e-06 0.1227 0.000432932 0.0419621 0.242238 5.00775e-05 0.0262107 0.0712556 0.00277779 2.18175e-06 0.0309011 0.00261273 0.0126054 0.0143686 9.583e-05 1.54667e-08 0.0417803 0.0107761 6.28645e-06 
0.172606 0.0182669 8.78065e-06 0.00062949 0.00389846 0.0231241 0.106393 0.000238916 1.14336e-07 0.00906628 0.000899127 0.200119 0.408233 1.27903e-07 4.83168e-05 0.00053701 0.000458133 1.45972e-07 0.00192008 0.00148193 0.00135621 5.07825e-05 2.26925e-06 1.02253e-07 0.0501214 0.000529867 1.04555e-05 
0.20212 0.00653946 3.47815e-09 8.82819e-10 0.0106846 0.00967929 3.37863e-06 9.95691e-05 1.9986e-06 0.000585103 3.62323e-05 0.0251049 0.424043 3.44456e-09 2.9537e-05 0.000133373 6.5626e-05 3.93118e-09 1.70888e-05 0.0075329 0.311831 0.00143256 3.47372e-05 3.28419e-06 3.94445e-10 1.10308e-05 1.0726e-05 
0.0886649 0.0115117 0.00010413 0.00277441 0.0175847 0.17407 0.000143171 0.00434115 0.000790697 0.0492405 0.000476052 0.00787573 0.41165 0.000600201 0.0352161 0.00147349 0.0109083 0.0361266 0.00104852 0.00577245 0.000311263 0.0878733 1.95801e-05 5.68515e-05 0.0128336 0.0385143 1.76681e-05 
0.148418 0.0214762 0.000334536 0.0064925 0.0552631 0.0908001 0.000376269 0.00575549 0.000205432 0.0702436 0.0012824 0.0223065 0.383975 5.24361e-05 0.0182723 0.0129354 0.0543099 0.000603187 0.00212902 0.00582226 0.00229751 0.0512213 0.0038574 0.000397048 0.0198104 0.02135 1.3526e-05 
0.0859208 0.0215344 0.00127135 0.00201993 0.0443208 0.0561728 1.77347e-05 0.00397654 0.000168924 0.181438 9.96166e-05 0.00698789 0.277435 0.00136989 0.01505 0.00166736 0.0216932 0.0101827 0.000248859 0.00262482 0.000195074 0.0568256 2.72879e-05 5.81783e-06 0.00351061 0.205234 8.16977e-07 
0.120296 0.000457799 4.10796e-07 3.26648e-05 0.0106736 0.158549 5.96414e-07 1.28582e-05 9.01861e-06 0.314812 3.1722e-09 8.29753e-06 0.338118 7.15825e-08 0.00152134 0.0129274 2.71723e-05 4.6125e-09 0.000125676 0.00133533 0.000124866 0.0267618 7.32937e-06 3.23104e-09 0.000776739 0.0134212 2.67809e-08 
0.0424037 0.0280702 0.000430405 0.000272756 0.000787711 0.0801705 5.49023e-07 5.9152e-05 8.26864e-07 0.000923808 0.000239975 0.00343701 0.82437 9.2498e-07 0.00200819 0.00970483 0.000718067 1.05565e-06 5.3545e-07 0.000428113 5.1978e-07 0.00193499 0.000105147 0.00163854 0.000487967 0.0018037 7.36867e-07 
0.208038 0.0047165 2.56051e-05 0.000121404 0.00470075 0.0014063 0.00492877 7.19709e-05 0.000235378 0.0543296 1.89607e-05 0.00129286 0.620534 6.47385e-09 8.40108e-05 1.89613e-09 1.30082e-09 2.19892e-06 5.74375e-05 0.00415764 0.0742734 0.0165205 1.13272e-07 2.03555e-06 0.00112304 0.00335944 4.9862e-07 
0.146717 0.0103819 1.71681e-10 0.000117987 0.00252437 0.0166079 1.22951e-06 0.000581031 0.00104802 0.000518724 8.73442e-06 0.00067074 0.749746 0.000788061 0.0113744 0.000228413 0.0219851 7.72356e-06 7.88216e-06 0.000126809 1.84932e-05 0.000403203 6.17402e-07 1.09095e-06 0.032048 0.00408641 1.57029e-08 
0.0558787 0.0280515 0.0315834 0.000649513 0.110418 0.0642474 1.63404e-07 0.00701922 5.9355e-05 0.000775572 3.34146e-05 0.00706818 0.517998 3.40132e-09 0.0254132 0.0105451 0.0567344 1.09443e-05 0.00316367 0.000766273 0.00463561 0.00345707 8.41816e-08 2.3756e-10 0.00274967 0.0687344 7.22686e-06 
0.199823 0.0175608 2.86503e-05 0.000634833 0.00386505 0.100204 7.20966e-08 0.0336034 1.8174e-05 0.00545187 3.71238e-07 0.00287022 0.523726 2.00135e-05 0.00534321 0.000109197 0.0154515 5.61204e-06 0.0043036 0.00489781 0.000356181 0.0171232 4.08315e-06 4.25489e-07 0.0527021 0.0118971 1.38326e-07 
0.160051 0.0211348 0.000159573 0.000309128 0.0717581 0.0894451 0.00248053 0.00179166 0.00352642 0.041634 0.000823982 0.0405278 0.289425 3.16728e-08 0.0180614 0.0523288 0.00200634 0.000804358 0.000774784 0.0310878 0.00166426 0.108399 0.00762559 0.0126463 0.035381 0.00605978 9.37798e-05 
0.0209232 0.0142492 5.07315e-05 0.000166485 0.0813448 0.155646 0.002315 0.0495046 1.43006e-05 0.0478427 3.62169e-05 0.00743322 0.372062 0.0207722 0.010202 0.117671 0.00295243 7.65363e-07 2.74762e-05 0.0121568 3.96669e-05 0.019735 0.00180541 7.01329e-06 0.00814109 0.0548809 1.90877e-05 
0.00206878 2.37266e-06 0.000439991 7.4723e-06 7.33289e-05 0.000203274 4.02889e-05 3.19565e-06 7.79852e-05 0.000957083 2.28838e-05 0.108088 0.864676 2.91552e-05 5.05435e-06 8.5393e-06 0.000130349 3.3274e-05 0.0117702 7.24215e-06 1.63834e-05 0.000570576 4.59426e-06 2.33084e-05 0.00731057 0.00340713 2.32259e-05 
0.117478 0.0159293 0.000470513 0.00644175 0.0216333 0.185449 0.00207428 0.00228276 0.028486 0.041907 0.000201827 0.0394805 0.423858 7.01695e-06 0.0170438 0.0188791 0.012864 0.000908078 0.00307375 0.00344295 0.000179702 0.0468422 0.000285278 0.000431509 0.00579267 0.00452958 2.78412e-05 
0.10922 0.0887054 3.50907e-05 0.0217131 0.032716 0.0196972 0.00577534 0.0720393 0.000148529 0.10674 1.43329e-05 0.0220077 0.218429 2.83509e-08 0.0829729 0.0434367 0.00889389 0.00226018 0.0387792 0.0204612 0.0214852 0.0544939 0.00229503 1.49608e-05 0.0245099 0.00307694 7.79573e-05 
0.082362 0.147831 0.00030022 0.0117425 0.081109 0.0402387 5.06237e-07 0.00452846 4.81268e-05 0.0295842 0.000108296 0.0327419 0.225561 3.59722e-05 0.0141913 0.0362973 0.00252907 4.69534e-08 3.42879e-07 0.00852541 0.000407835 0.00557481 2.45671e-06 1.35484e-05 0.205939 0.0701988 0.000127877 
0.151563 0.0367915 0.00230807 0.00615432 0.0793673 0.108397 0.00145123 0.00796675 0.00181917 0.0978321 0.000850114 0.0310919 0.207049 0.000939892 0.0186998 0.0131559 0.0178543 0.00102545 0.00466041 0.0301017 0.0023035 0.0538856 0.00563059 0.000808554 0.0314895 0.08633 0.000473627 
0.11886 0.0587451 0.00130117 0.00380758 0.0907545 0.0738611 5.90289e-05 0.00111011 0.000324025 0.087201 2.79376e-05 0.09659 0.185375 9.37838e-06 0.0166715 0.00192243 0.0025305 5.67648e-05 0.000993757 0.0223959 0.000449878 0.113211 0.00013526 1.18996e-05 0.031871 0.0917006 2.33177e-05 
0.249288 3.18158e-07 3.0388e-10 3.19223e-07 0.0166503 0.153238 1.22952e-08 1.1079e-07 2.69022e-10 0.0108186 2.36211e-10 0.00263616 0.261445 3.00945e-10 0.00497089 1.01652e-06 0.0481939 3.4346e-10 1.7421e-10 0.00133748 3.76783e-05 0.00844939 2.02705e-07 2.40593e-10 0.0126621 0.230271 2.39742e-10 
0.0215452 0.000173727 7.20406e-06 0.000421783 0.158597 0.00435082 0.000181944 3.56609e-05 7.49335e-05 0.0200726 1.42204e-07 0.000533637 0.72567 1.81175e-07 0.000108058 0.00315493 0.000798277 2.0677e-07 6.5078e-05 7.8174e-06 2.05547e-06 0.0221328 0.00403541 0.00151453 0.000624561 0.0357757 0.00011588 
0.00524812 7.65005e-05 2.37116e-07 6.58895e-08 0.0233935 0.0200297 3.61059e-10 5.56171e-07 0.0005627 0.00249535 9.66569e-07 0.000602739 0.415719 6.08303e-10 0.000317009 1.09599e-07 0.383907 4.4866e-07 0.000506232 8.72336e-10 5.48873e-05 0.00776369 3.92914e-08 3.60787e-08 2.77956e-05 0.139265 2.87683e-05 
0.149998 0.00942704 0.0011184 0.000695081 0.0107203 0.0181412 0.00037684 0.00244855 6.3711e-05 0.270047 1.29734e-05 0.0208441 0.429564 2.47471e-07 0.0734508 0.00171933 0.000273758 7.65991e-09 9.73745e-05 0.00156033 2.5921e-10 0.000352603 1.11796e-07 1.15967e-06 0.00658574 0.00250171 3.67469e-10 
0.0369439 0.00692838 3.04504e-06 0.00026347 0.158578 0.0289904 6.48152e-06 0.000923102 0.00847375 0.052638 0.000555325 0.00455591 0.602544 3.81916e-07 0.0337084 0.00428136 0.00730527 6.04367e-07 6.61637e-05 0.025872 0.00305461 0.00395019 1.07445e-07 4.53267e-09 0.0154918 0.00486152 3.18826e-06 
0.066897 0.0242532 0.00123248 0.00104332 0.0012674 0.052366 1.34101e-05 0.00382145 0.000449449 0.0714385 0.000161243 0.0257254 0.527204 0.0174092 0.0353524 0.000936957 0.00700892 5.17e-05 0.00216982 0.00343931 5.14085e-06 0.00100481 3.68728e-10 2.33342e-07 0.152105 0.0046439 1.86407e-09 
0.20212 0.00653946 3.47815e-09 8.82819e-10 0.0106846 0.00967929 3.37863e-06 9.95691e-05 1.9986e-06 0.000585103 3.62323e-05 0.0251049 0.424043 3.44456e-09 2.9537e-05 0.000133373 6.5626e-05 3.93118e-09 1.70888e-05 0.0075329 0.311831 0.00143256 3.47372e-05 3.28419e-06 3.94445e-10 1.10308e-05 1.0726e-05 
0.00510294 0.0010515 6.45879e-06 0.00166205 0.000730452 0.0285861 4.21079e-09 1.18943e-06 6.49876e-05 0.164928 0.00123665 0.00630281 0.607609 7.09423e-09 0.00138775 1.71222e-07 0.0825206 0.00048096 4.758e-05 7.52597e-06 0.000152915 0.0114933 7.04424e-06 3.32389e-06 0.0146123 0.0651712 0.00683327 
0.0488841 0.0140281 2.24138e-05 0.000258564 0.0158735 0.276146 0.000214814 6.26699e-05 0.000336335 0.0413292 9.346e-08 0.000140545 0.480791 0.00122585 0.00812706 0.0273929 0.00363125 6.18396e-07 0.00232768 0.0279462 1.14514e-07 0.0158048 2.34563e-07 1.13324e-09 0.0316165 0.00383934 1.12923e-09 
0.0450882 0.094831 0.00737689 0.0180007 0.0154418 0.0304146 0.00354275 0.000394311 4.66454e-05 0.0298939 0.00665256 0.0683015 0.417733 1.15111e-05 0.0459634 0.00168557 0.0552358 0.00101927 0.000318545 0.0221319 8.3497e-05 0.0223349 0.000109926 5.26449e-05 0.0963288 0.0169488 5.78763e-05 
0.0681876 0.0537244 4.17126e-06 0.000755299 0.151293 0.0643777 0.00034789 0.000310328 3.60515e-05 0.0981647 0.000135934 0.0385735 0.210668 2.76336e-05 0.105696 0.00255062 0.106538 0.000201141 0.0093963 0.000354579 0.000245676 0.0310081 0.00215769 6.82301e-06 0.045021 0.0102111 7.37972e-06 
0.0288158 0.0101819 0.000185805 0.00186269 0.19476 0.0639398 0.000197047 0.0357826 0.0112948 0.0242744 0.000144941 0.00378185 0.20784 7.25618e-07 0.0286686 0.168615 0.0171989 0.000224474 0.114858 0.0278333 1.30472e-05 0.0232195 0.0189321 0.000328402 0.014672 0.00234118 3.38304e-05 
0.0821406 0.00084244 0.000232153 0.000259883 0.231418 0.0274167 0.00154121 0.00294789 0.000353701 0.0579274 3.12987e-05 0.0297127 0.434854 6.24676e-05 0.00190197 0.0229139 0.000943406 4.07884e-05 3.68103e-05 0.00111438 0.00068998 0.0144462 0.0166711 0.000184554 0.00140171 0.0698872 2.79775e-05 
0.0786628 0.0259279 3.90292e-05 0.000930687 0.0481426 0.276072 0.000229212 0.000780167 4.08074e-06 0.0628583 0.00120693 0.0973545 0.28281 1.15952e-05 0.0193315 0.0627969 0.00660057 5.60435e-07 4.8177e-05 0.00460663 0.00235252 0.0074936 2.26212e-05 2.94271e-06 0.00963007 0.0120796 4.24831e-06 
0.113892 0.0223076 0.000435173 0.00649761 0.0217738 0.0506162 0.000307769 0.011773 0.000738107 0.0538973 0.000293526 0.010363 0.473185 1.86292e-08 0.0234189 0.000311486 0.0223168 0.0178533 1.5815e-05 0.00132569 0.000498909 0.0721797 4.69668e-05 3.6829e-06 0.00905233 0.0868959 8.6465e-07 
0.120192 0.0675691 0.00138295 0.0037024 0.104333 0.056038 0.000710212 0.0175071 0.000184712 0.0716256 0.00224957 0.125396 0.132481 0.000978684 0.0328656 0.029484 0.0553525 0.000234686 0.0226077 0.00735967 0.0013654 0.0240798 0.00543584 0.000176397 0.0234596 0.0929694 0.000258865 
0.20212 0.00653946 3.47815e-09 8.82819e-10 0.0106846 0.00967929 3.37863e-06 9.95691e-05 1.9986e-06 0.000585103 3.62323e-05 0.0251049 0.424043 3.44456e-09 2.9537e-05 0.000133373 6.5626e-05 3.93118e-09 1.70888e-05 0.0075329 0.311831 0.00143256 3.47372e-05 3.28419e-06 3.94445e-10 1.10308e-05 1.0726e-05 
0.0246167 0.0232331 0.000323753 0.00314452 0.00640493 0.00106577 0.00202584 0.00395753 4.00388e-06 0.0229655 0.000152695 0.0350595 0.767565 0.00221407 0.00145596 0.00160493 0.00260838 0.000637863 0.0011144 0.00704761 0.00210907 0.00698805 8.53434e-05 2.44053e-05 0.00310315 0.0800185 0.000469727 
0.0748857 0.0131709 0.0083644 0.00256442 0.0470167 0.121204 9.40157e-05 0.0258888 9.96329e-05 0.0479278 0.00159921 0.14029 0.17811 9.04683e-05 0.04203 0.00124971 0.156019 0.00248099 0.000351329 0.0108639 0.00160386 0.030358 0.00436405 0.00174403 0.0140449 0.0735702 1.53407e-05 
0.0625189 0.00322986 1.53558e-06 0.00159887 0.0147305 0.13625 2.487e-09 0.000888527 2.04063e-07 0.0949038 0.000272413 0.00611818 0.355075 4.19004e-09 0.0776475 6.96118e-05 0.195878 1.55812e-07 0.000280437 1.31994e-06 0.000439793 0.00974488 1.72283e-05 3.34976e-09 0.0237679 0.0165622 2.12597e-06 
0.044097 0.0107697 0.00075068 0.00866894 0.0536503 0.0651075 0.00155758 0.00759354 7.83287e-05 0.0574304 2.07029e-05 0.0153606 0.284004 0.00234938 0.149367 0.002331 0.187196 5.8187e-05 0.00135308 0.00185547 9.84827e-05 0.0415803 0.000989519 0.000495679 0.0233504 0.0332708 0.00661491 
0.148605 0.160379 4.66424e-05 0.00202193 0.0107217 0.039662 8.05536e-06 0.00010045 3.09394e-06 0.0283607 2.75142e-05 0.171934 0.245807 6.24129e-09 0.0679105 0.00257304 0.0131013 0.013823 1.65355e-05 0.0016525 0.000105011 0.00906833 2.48309e-05 9.46636e-05 0.0595715 0.0228526 0.00152953 
0.0142113 0.0525821 0.00440738 0.00158786 0.0708369 0.0346332 3.89463e-05 0.0227989 0.00107937 0.0399167 0.000227779 0.0369098 0.387356 1.78606e-05 0.00211895 0.00106627 0.0291338 0.19856 0.000310273 0.00552836 0.00142639 0.0302138 0.000532086 3.67985e-05 0.019788 0.044659 2.25011e-05 
0.0109883 0.00439198 6.64487e-06 0.00106792 0.00366191 0.0586188 0.000110216 2.25809e-06 5.2801e-07 0.355174 7.57756e-05 0.132624 0.357092 1.16158e-05 0.00369123 0.0287068 0.00264686 1.78728e-07 1.89978e-06 0.00764593 2.73071e-05 0.00283953 4.12501e-06 4.5002e-05 0.0106564 0.0198924 1.57903e-05 
0.0138513 0.0107779 0.00906778 0.00324977 0.0226898 0.000178206 2.53496e-06 4.14316e-05 0.000467667 0.18813 9.96294e-06 0.0834924 0.47359 4.88188e-07 0.00448673 0.00104489 0.100772 1.489e-08 3.83727e-05 0.00275051 2.83711e-05 0.000578499 1.79545e-05 9.15278e-07 0.0110934 0.0735916 4.72762e-05 
0.138653 0.0205758 6.62979e-06 0.000798188 0.103361 0.126263 1.53312e-05 0.0105857 1.91497e-05 0.0902365 5.80265e-06 0.132537 0.158391 2.62465e-08 0.0378474 0.00183253 0.088609 0.00178714 0.00206083 0.00303561 0.00128435 0.0134768 1.78819e-05 1.64717e-09 0.0254943 0.0430762 2.88535e-05 
0.102733 0.0197246 0.00627325 0.0072923 0.0292723 0.134133 0.000232608 0.00957036 0.000703635 0.0424307 0.00033283 0.0130012 0.357596 0.00177747 0.0230537 0.00676355 0.0738788 0.00113126 0.00436498 0.0099336 0.000319696 0.102532 0.00145462 0.00112626 0.0198698 0.0256696 0.0048295 
0.0694801 0.0494793 0.00251609 0.0112933 0.0172422 0.0471248 0.00612585 0.0138775 0.00392135 0.122413 0.000679334 0.0508769 0.281295 0.000176783 0.00727495 0.00828578 0.0705186 0.000577204 0.00274229 0.0478793 0.0209303 0.0370827 0.0046477 8.09021e-06 0.0574677 0.066076 8.07354e-06 
0.182057 0.111211 3.1721e-05 0.030574 0.0125018 0.154821 0.00392331 0.00401282 5.40485e-05 0.0407983 0.000268527 0.00796478 0.244866 2.67306e-05 0.0088792 0.0059097 0.0997324 0.000659269 0.00052352 0.00230382 1.55576e-05 0.00314721 1.13812e-06 0.000341055 0.0794911 0.00588483 1.81466e-08 
0.130529 0.068986 7.73942e-05 0.00745522 0.0320982 0.0288163 6.99179e-05 0.0180769 0.00184194 0.0465482 0.0016106 0.15442 0.159132 1.41374e-05 0.0357678 0.011307 0.00426434 0.000704881 0.0828578 0.00646971 8.87652e-05 0.154922 0.000374456 7.12401e-06 0.0115337 0.0418257 0.000200172 
0.0362427 0.0489486 0.00215324 0.0500068 0.00993269 0.0561151 6.50938e-08 0.00367484 6.90506e-06 0.0419829 3.41479e-05 0.155929 0.183386 9.39488e-09 0.0914755 0.00497409 0.0499999 0.000160333 0.000766121 0.00131628 0.000155164 0.147412 0.00026135 2.86941e-07 0.109845 0.00521621 3.85715e-06 
0.0444184 0.0107282 5.82808e-05 0.00266728 0.0356679 0.239528 2.37577e-05 0.000969352 3.58861e-05 0.0642713 0.000597915 0.0925264 0.259917 5.0111e-05 0.0680895 0.0608329 0.0532732 0.000286676 0.00693214 0.00277368 2.77112e-06 0.00314205 8.05648e-05 0.000100633 0.0112011 0.040031 0.00179366 
0.245572 0.00108891 0.000550069 4.00249e-05 0.0310313 0.135967 0.00935916 0.000181742 5.56441e-06 0.159041 3.48437e-05 0.00130043 0.342096 0.000168266 0.00766733 0.00812237 0.00251388 1.4821e-05 0.000104621 0.0334019 1.98452e-05 0.00961082 1.84153e-05 0.000147542 0.00474242 0.00719619 2.96208e-06 
0.1267 0.035585 0.000460324 0.00281352 0.0578675 0.123348 0.000286587 0.00318273 0.0015655 0.0728276 0.00183723 0.174706 0.179709 8.38167e-11 0.103818 0.0069033 0.0280229 0.000486506 0.000329063 0.0176216 0.000921525 0.00450563 8.9399e-05 0.000539668 0.0397114 0.0161066 5.50714e-05 
0.0978832 0.0353729 0.000258498 0.00024682 0.114314 0.0634288 0.000133679 0.0416083 0.000137184 0.143448 1.4036e-05 0.100941 0.156578 9.44992e-09 0.002245 0.0102169 0.00280324 0.000534669 0.00614465 0.00327616 0.00015592 0.0827312 0.00688821 0.000114757 0.0975589 0.0329537 1.23188e-05 
0.0416267 0.0208315 0.0139984 7.68994e-07 0.0678027 0.020973 7.58356e-07 0.00322851 0.0141256 0.0634293 0.00712007 0.179983 0.203528 6.74664e-09 0.000935927 0.161485 0.00253867 7.69975e-09 0.000514482 0.000692658 0.0404534 0.00509996 0.000228521 0.0922371 0.000731983 0.0584293 5.15759e-06 
0.0516604 0.0361669 0.000149545 0.0149817 0.0334937 0.0493508 0.0028138 0.00196287 0.000133036 0.0772095 0.000119037 0.0283604 0.375962 0.000304789 0.00724068 0.00177579 0.00575732 0.000193494 0.000238529 0.00502379 0.0334786 0.0126702 0.000171682 0.00726081 0.0519253 0.201582 1.38046e-05 
0.0534467 0.00267726 0.0166273 0.00114014 0.0390507 0.116622 0.000332315 0.00959651 5.92704e-05 0.0240475 0.00102899 0.0349177 0.590787 3.6593e-07 0.0690288 0.00154868 0.00645377 0.0191664 0.000316446 0.000543713 0.000322773 0.00609125 0.000110857 0.000208204 0.00499704 0.000839153 3.97951e-05 
0.112061 7.11623e-07 0.000122305 1.87161e-07 0.0532283 0.153001 4.13441e-11 4.62218e-05 5.11896e-07 0.106792 2.96729e-08 0.0136768 0.35884 6.96555e-11 0.00420595 0.00206626 0.0134328 8.01444e-06 0.000372188 0.00397354 0.000190047 0.168618 2.33576e-05 7.74062e-06 0.000168077 0.00913955 2.51486e-05 
0.0348503 0.11651 0.000210344 0.0686616 0.0986692 0.0878063 1.45278e-05 0.0048269 0.0032445 0.0071787 0.00108335 0.0526255 0.235774 2.87162e-05 0.00491456 0.0155241 0.0809664 0.0164907 0.00241173 0.000590573 0.00693202 0.104004 0.00718362 0.0159637 0.0124751 0.0200117 0.00104775 
0.0834256 0.0105491 0.000271067 0.000492236 0.00378091 0.19445 8.3299e-06 0.000606647 0.00113446 0.0725147 7.40776e-05 0.00272908 0.536915 8.93789e-07 0.0179288 0.00058162 0.0263253 0.00117534 0.000312925 0.00275446 0.000235246 0.0084127 0.00257028 7.04505e-05 0.0130912 0.0195768 1.30902e-05 
0.00520824 0.00246221 1.38929e-06 0.000806972 0.120151 0.0157831 5.81911e-05 1.44836e-05 0.00145545 0.104235 0.00705825 0.0123404 0.669854 4.72651e-07 0.00175795 0.00584968 0.00167764 0.00010408 7.85549e-06 0.0229266 0.000121189 0.00336422 0.00280292 1.0933e-05 0.0161968 0.00574453 6.68299e-06 
0.182222 0.00121795 2.16491e-05 2.75124e-05 0.134893 0.0117052 1.10045e-09 3.85032e-05 3.19823e-05 0.0788758 2.23952e-05 0.132695 0.276631 4.46351e-05 0.0256967 0.0828039 0.0206498 1.55464e-05 0.000129823 0.0116839 2.70638e-06 0.0093927 3.46393e-06 2.32608e-05 0.00600545 0.0177235 0.00744256 
0.0510518 0.0289545 0.00244886 0.0366877 0.048536 0.117045 4.16518e-07 0.0145486 0.00381916 0.103763 0.0451926 0.0504956 0.160686 7.58723e-07 0.0447645 0.0750048 0.10828 0.000105497 0.00473405 0.00955029 3.90618e-05 0.0548828 0.00185091 5.83054e-06 0.0338124 0.00373961 4.0056e-08 
0.00389734 0.00108336 0.00116855 0.000410521 0.134157 0.00544751 1.75933e-09 0.000137743 0.000152551 0.00808124 0.000107855 0.0585659 0.304681 0.00201606 0.0263025 0.0132379 0.261902 0.00035493 0.0102187 6.52845e-05 6.05323e-06 0.0210489 0.00260255 3.27583e-05 0.000805847 0.110905 0.0326107 
0.121652 0.00432029 0.000174933 0.00124078 0.026421 0.0351807 1.04017e-10 0.00304647 7.84492e-05 0.29925 5.21163e-05 0.00373123 0.361796 6.60461e-08 0.0300462 2.34491e-05 0.0407731 0.000563733 0.000219103 0.000142457 1.22497e-05 0.0190831 1.70472e-05 1.55377e-05 0.015755 0.03639 1.44463e-05 
0.0361189 0.127636 3.58628e-05 0.0400704 0.0117228 0.0375923 0.000303478 0.0603785 0.000446014 0.026947 0.000765253 0.0636904 0.404509 0.000450379 0.0343075 0.000897786 0.0110037 0.000412111 6.78336e-05 0.00917049 0.00469461 0.00459967 3.33053e-06 9.563e-07 0.089231 0.0349425 2.0471e-06 
0.208038 0.0047165 2.56051e-05 0.000121404 0.00470075 0.0014063 0.00492877 7.19709e-05 0.000235378 0.0543296 1.89607e-05 0.00129286 0.620534 6.47385e-09 8.40108e-05 1.89613e-09 1.30082e-09 2.19892e-06 5.74375e-05 0.00415764 0.0742734 0.0165205 1.13272e-07 2.03555e-06 0.00112304 0.00335944 4.9862e-07 
0.16154 0.04243 0.000478993 0.00539326 0.0247146 0.118792 3.41488e-06 0.0152136 0.0134268 0.0430547 0.00011279 0.0247498 0.391369 6.33815e-09 0.0759004 0.00203691 0.00831897 4.49598e-05 0.00139446 0.0042409 0.0078193 0.021574 3.1142e-05 1.08202e-05 0.0120456 0.0251798 0.0001237 
0.222024 0.0122455 1.25078e-08 0.00388038 0.0140548 0.0636459 0.00764036 5.36738e-05 0.00012867 0.0143043 5.68705e-05 0.00540479 0.331401 3.06512e-07 0.028747 0.233165 0.00342341 0.000202524 5.00952e-06 0.0237453 0.000399282 0.0196133 3.3982e-07 0.000566663 0.0148349 0.000456072 1.42509e-10 
0.074418 0.0656826 1.4816e-06 3.06863e-06 0.240629 0.117207 1.76924e-06 5.86126e-05 4.13601e-07 0.0250141 6.2564e-06 0.0011474 0.435296 2.75208e-09 0.00189643 2.41797e-05 0.00247393 3.38013e-06 1.16917e-05 0.00635244 0.000114556 3.50839e-05 1.38699e-05 2.20018e-09 0.0285462 0.0010626 2.19239e-09 
0.0101653 0.0949837 5.18833e-10 0.00247681 0.00502714 0.053683 0.00160635 0.00103619 0.000911351 0.0549754 4.93455e-05 0.0104844 0.422022 8.63032e-06 0.000220139 3.36731e-07 0.00632203 5.00936e-05 7.52407e-05 0.0269834 9.28659e-05 0.000720471 2.60829e-05 1.97386e-07 0.285287 0.0227883 4.04496e-06 
0.0439756 0.0197809 0.0684982 0.0115796 0.164785 0.18094 2.72533e-06 0.00941262 0.00165405 0.0207234 0.000828768 0.0126966 0.253893 2.47847e-09 0.0138772 0.0076398 0.0375749 0.0174026 0.00751389 0.000373134 4.0118e-05 0.0248805 0.00219833 1.99542e-05 0.003216 0.0964923 1.457e-06 
0.0907212 0.00520854 0.000371733 4.78336e-05 0.000150046 0.00536005 0.000382277 0.0032473 3.33594e-05 0.00783206 0.000111634 0.0179523 0.730781 7.32519e-06 0.000238403 9.42524e-05 0.00330231 0.00277964 6.64056e-05 0.0020056 0.000778986 0.00253269 5.38719e-05 0.00686533 0.026788 0.0922425 4.52979e-05 
0.149901 0.0699003 0.0071779 0.0107963 0.031989 0.155428 0.000528267 0.0184646 0.000343712 0.00838741 0.000166929 0.0180445 0.367243 4.92988e-05 0.0275672 0.058157 0.0398927 0.000387728 0.00107618 0.00935307 0.000237033 0.00667531 0.000214174 0.000344723 0.0139318 0.00374075 1.92838e-06 
0.171552 0.0784722 0.00217605 0.00515954 0.0686581 0.109049 0.000645421 0.0148091 0.00126355 0.118405 0.000571625 0.0379955 0.207845 3.6437e-05 0.0278889 0.0139894 0.0115381 0.000924667 0.0248509 0.0213821 0.00271737 0.0253347 7.53883e-05 0.000228124 0.0466378 0.00777943 1.39503e-05 
0.0739318 0.00509619 0.000317767 0.000819612 0.109346 0.216901 6.87635e-06 0.00791033 7.99001e-05 0.0221353 0.0144915 0.0728349 0.242347 2.26441e-09 0.0898017 0.000584244 0.0426671 0.000250873 0.000123415 0.00171746 1.69618e-05 0.0221819 5.06827e-05 2.1502e-06 0.0320826 0.0442259 7.61857e-05 
0.0330966 0.0158615 4.93574e-05 0.000872596 0.112433 0.136933 6.78354e-06 0.000211604 0.00179043 0.019179 0.000727267 0.0934922 0.323515 8.22384e-06 0.072564 0.0505455 0.104055 0.000277809 0.000922505 0.000213425 0.000225245 0.0130995 4.40644e-05 5.0922e-05 0.000839789 0.0188915 9.41013e-05 
0.0276527 0.00716067 0.00725847 0.000281316 0.229355 0.0569961 0.0189203 0.0035759 0.000485564 0.0288864 0.00281621 0.00720322 0.4012 0.00017066 0.0420802 0.0074395 0.0609839 0.00216099 0.00609559 0.00218553 4.06588e-05 0.026952 0.0232054 3.80824e-05 0.00232717 0.0344397 8.90228e-05 
0.0902774 0.0129311 0.000757742 0.00242944 0.0474937 0.16831 4.66458e-05 0.00556553 0.087097 0.0318962 0.000104036 0.00972304 0.257891 0.00021688 0.011292 0.00274651 0.0408855 0.000236 0.00239864 0.0048824 0.125595 0.0555584 0.00123698 8.63477e-05 0.00969338 0.0304535 0.000195194 
0.0380372 0.00900176 9.43681e-08 0.00585595 0.108147 0.0209587 0.000130555 0.000168593 9.68978e-06 0.0507566 8.07641e-05 0.00199088 0.599442 8.41423e-05 0.0011157 8.89751e-05 0.00148925 7.62565e-06 0.000132528 0.0683793 0.0004105 0.00102964 4.74678e-06 2.98974e-06 0.0428856 0.0497464 4.34506e-05 
0.21912 0.115529 0.000636426 0.00487245 0.0377026 0.0552388 7.80317e-06 0.133273 0.0129608 0.0462507 0.000181003 0.014223 0.231015 1.11419e-05 0.00872417 0.00174133 0.00507879 0.00469377 0.00188223 0.00161374 0.00114222 0.0269982 1.77269e-05 2.75204e-05 0.0379419 0.0390987 1.73079e-05 
0.0170342 0.0153187 2.74552e-05 0.000682557 0.00740444 0.00429079 0.0044628 0.000644944 0.000659233 0.0197443 0.000106514 0.0266658 0.601205 0.0161022 0.00419646 0.00483764 0.000573876 9.63342e-07 3.70782e-05 0.0025871 0.00143751 0.00127656 2.37364e-05 1.85393e-05 0.269353 0.00129148 1.65475e-05 
0.139138 0.0274237 6.57092e-05 0.00176272 0.0715602 0.200167 0.0025806 0.00678404 0.000587454 0.0317053 0.000718562 0.0462912 0.25089 0.000211191 0.00830481 0.038732 0.0128271 6.11819e-05 0.00599971 0.0202991 4.369e-05 0.0471157 2.82444e-05 5.96802e-06 0.0698216 0.0168691 5.6093e-06 
0.000355488 3.68319e-07 0.000206734 0.000473971 3.76686e-07 0.00179506 2.68635e-06 4.96075e-07 4.04582e-06 0.0175163 0.000362742 0.00118718 0.973604 4.52589e-06 7.8461e-07 1.3256e-06 9.09408e-07 0.00126189 2.61994e-06 1.12423e-06 0.00122404 0.000276842 3.90232e-05 0.000609564 0.00106334 9.87534e-07 3.60547e-06 
0.070445 0.053227 0.00971724 0.0145568 0.0552795 0.0221578 0.00209386 0.004215 0.00238655 0.0529033 0.00343889 0.125836 0.418094 0.0263885 0.0104067 0.0250543 0.0153233 0.003885 0.00257899 0.00486955 0.00247224 0.00294586 0.000639918 0.00632527 0.0164645 0.0341353 0.0141605 
0.00575707 0.0307603 4.1833e-05 0.00549151 0.0074333 0.0318795 0.00176996 0.00603947 0.0524657 0.0666689 0.0011447 0.0873057 0.430864 0.167522 0.000611259 6.81699e-05 0.00154861 0.000763361 3.7109e-06 0.00855815 0.000200485 0.00654925 0.00718004 0.000309299 0.0552269 0.0237239 0.000113003 
0.0931743 0.0179964 0.000832559 0.00460885 0.0302327 0.0633493 0.00290431 0.00513662 0.00022967 0.0249542 5.38231e-05 0.0164876 0.587993 1.9784e-05 0.0107544 0.00545426 0.0417872 0.000150717 0.00333115 0.00558576 0.000325887 0.0289203 5.99915e-05 0.000977209 0.0102323 0.0420606 0.00238751 
0.0619446 0.0472212 0.000111196 0.00216567 0.0152942 0.0395571 0.00200326 0.00526059 0.000182999 0.0186572 9.96558e-05 0.0162769 0.513324 0.0206215 0.0082183 0.000432784 0.0434782 0.000123055 0.00574396 0.00841884 0.00183058 0.00659617 1.5406e-05 0.00095235 0.0906252 0.09084 5.5906e-06 
0.0441973 0.00791255 0.00048118 0.00687799 0.0973658 0.0320883 0.000186531 0.00172904 0.000199406 0.182574 1.64449e-05 0.0153189 0.270374 1.33948e-05 0.00745226 0.00864872 0.0134384 4.82038e-05 0.000503126 0.000778233 0.000596521 0.0212733 0.0104242 0.000247598 0.0317019 0.244241 0.00131135 
0.0106952 0.150631 0.000118206 2.03909e-05 0.00350653 0.080023 1.0848e-08 0.115641 4.4663e-05 4.95103e-06 3.24077e-06 0.0223255 0.463699 1.82763e-08 0.000104654 4.70043e-05 0.000624102 6.60422e-05 0.00060918 0.0013472 1.06494e-05 9.82426e-06 2.0407e-06 7.57066e-06 0.145455 0.00499814 5.22534e-06 
