0.0523482 0.0325886 3.92125e-05 0.00483123 0.059398 0.0859736 0.000343291 0.00743533 0.00177939 0.0190433 0.000138262 0.0510247 0.162216 3.38863e-09 0.349162 0.00955832 0.0864168 0.00178818 0.00669751 0.0128003 0.000160307 0.0254899 0.000702824 4.13965e-05 0.0238842 0.00612978 8.86643e-06 
0.0835687 0.00778454 1.38136e-05 0.00171847 0.118013 0.0305736 0.0307597 0.00111719 6.92982e-06 0.00195227 0.000136962 0.189348 0.00280197 2.23208e-08 0.374576 0.00321592 0.137588 4.17386e-05 2.43197e-05 0.00219862 0.000176521 0.000365982 0.000210313 0.00649776 0.00150146 0.00224261 0.0035658 
0.0703235 0.0294225 8.24103e-05 0.00256525 0.0876502 0.0568655 5.23621e-10 0.00989421 4.25853e-05 0.00855995 0.000263673 0.187587 0.0206784 0.000322843 0.225239 0.0252522 0.178041 0.00121124 0.000650133 0.00443742 0.00153142 0.00431545 0.0285383 0.000175089 0.0539504 0.00194314 0.000457139 
0.203301 0.0188716 0.000110007 0.0015421 0.109236 0.0669587 6.20425e-05 0.000307113 2.96442e-05 0.0218855 0.00021024 0.129708 0.0858469 3.10807e-11 0.250945 0.0695557 0.0120021 0.00236725 1.73082e-07 0.000150441 1.93511e-08 0.00138142 1.9736e-08 1.62148e-07 0.00331937 0.0221928 1.59043e-05 
0.0373168 0.0288481 0.000525734 0.000369369 0.127329 0.0323571 0.000114137 6.59863e-05 9.61647e-06 0.017655 0.12912 0.167008 0.0504594 3.03313e-09 0.214113 0.000322714 0.0681445 0.000972862 0.00013904 0.00558846 0.00015094 0.107228 2.90112e-05 3.61376e-05 0.00340907 0.00864984 3.77092e-05 
0.218128 0.0252309 0.000480682 0.00592034 0.104637 0.123024 0.000642374 0.0129029 0.00129981 0.0278327 0.000310012 0.0401309 0.0455172 0.000389297 0.261139 0.0315224 0.031216 0.000640503 0.00352567 0.012552 0.000758846 0.0178302 0.00233047 0.00549029 0.0158739 0.010612 6.22693e-05 
0.00525158 4.17854e-07 6.20237e-07 8.42799e-09 0.00193705 0.0251487 9.5405e-05 2.44188e-07 2.30966e-06 0.000563704 3.4392e-05 0.0118475 0.00358907 3.28841e-08 0.917663 0.00052844 1.71308e-05 7.10577e-06 3.281e-07 1.65287e-05 1.00524e-05 9.94734e-07 2.87093e-05 0.0324366 0.000406156 0.000412498 1.00917e-06 
0.103463 0.0384614 3.42308e-05 8.00208e-05 0.0469009 0.0690539 0.000177255 0.00445899 6.07516e-07 0.00489623 0.00378846 0.265912 0.0166969 3.20197e-06 0.341824 0.000663369 2.26436e-05 1.01588e-05 0.00126397 0.0601723 8.63282e-05 0.0237514 1.48909e-05 0.00253734 0.0154947 0.000229896 2.30358e-06 
0.100921 0.0190868 8.85492e-06 0.00503058 0.00969215 0.00651428 0.000137164 0.0350332 5.56179e-05 0.00413918 0.00355649 0.0105342 0.00646546 0.00162294 0.514869 0.0959058 0.0196365 1.22365e-05 0.00414639 0.000254533 0.00102183 0.115471 2.20856e-05 3.04179e-06 0.0450445 0.000776108 3.84376e-05 
0.193273 0.00489513 4.90954e-06 0.000219064 0.0797711 0.0582319 5.23122e-06 0.00549808 1.14571e-06 0.00116234 0.00132537 0.101902 0.00204482 1.50753e-06 0.453495 0.00189704 0.0644976 0.000184472 8.9939e-05 0.00104257 0.00015347 0.0173078 0.000274091 0.010425 0.000995874 0.000917615 0.000383282 
0.134916 0.0151654 1.37057e-05 0.000283104 0.00762328 0.0409907 8.48738e-12 0.0032177 7.84084e-05 0.00222268 7.45294e-05 0.0398801 0.00192662 2.88933e-07 0.741348 0.000967165 0.00523468 0.000396877 0.000479894 0.00110838 0.000251283 0.000405048 1.88334e-05 0.000346191 0.00193928 0.00110474 7.98038e-06 
0.0815106 0.00991421 8.3414e-07 0.000272044 0.0812198 0.0153434 0.00020318 0.00225621 1.72041e-05 0.00613851 0.00069043 0.161043 0.0198765 1.11999e-10 0.299577 0.0135175 0.269196 4.17709e-06 0.000197614 0.000922546 7.74112e-05 0.0220942 9.35569e-05 4.7094e-05 0.00302907 0.0114404 0.00131802 
0.124653 0.0519556 0.000394526 0.00335013 0.0248714 0.175951 0.00035108 0.0195712 0.00152001 0.0204449 0.00120419 0.0956814 0.0298239 5.80248e-07 0.336924 0.0111943 0.011897 0.00047903 0.000732532 0.0252702 0.00788388 0.0046399 0.00294734 0.000458869 0.043384 0.00438383 3.19554e-05 
0.000768282 0.109518 0.00160977 2.45078e-07 1.10868e-07 0.00573067 8.71105e-08 1.36535e-11 1.11353e-10 0.00784766 9.77718e-11 0.00944336 0.0568111 1.24566e-10 0.7722 1.64021e-07 0.0235147 1.42164e-10 1.20325e-07 1.79063e-05 2.3489e-05 2.12803e-11 1.96291e-11 9.95856e-11 9.92362e-05 0.0124153 9.92333e-11 
0.00327106 0.212874 0.00264334 0.00108113 0.109238 0.0171482 9.63917e-08 0.000532885 0.000136414 0.0242241 0.00200577 0.0909 0.00536619 0.000993394 0.483551 0.00822598 0.0115972 0.00177163 0.000102125 0.0123036 0.000831687 0.000717806 4.58863e-05 0.000152465 0.00349177 0.0067162 7.81897e-05 
0.286042 0.0308487 2.17523e-05 0.000565328 0.0146393 0.0377607 3.38032e-12 0.0100349 8.93692e-07 0.00028482 2.62327e-05 0.0228477 0.00201853 2.93348e-07 0.578587 0.00117291 0.00689172 0.000291987 0.000689028 0.00208448 8.79632e-06 0.000827391 2.00836e-05 0.000243287 0.00255535 0.00152731 9.64791e-06 
0.103253 0.0128881 3.85008e-05 0.000941318 0.0813776 0.013209 1.36164e-08 0.00177262 9.14432e-09 0.000173246 8.78071e-05 0.287192 0.00082234 1.16569e-10 0.415932 0.00169423 0.0694355 4.38202e-06 0.000141993 0.000646781 3.75592e-05 0.00252456 0.000123193 0.00401292 0.000777258 0.001739 0.00117506 
0.0235807 0.0147651 4.98222e-05 0.0141576 0.00602412 0.214425 2.85158e-07 0.00330028 0.000140791 0.0234013 0.000569467 0.150342 0.0614241 5.611e-07 0.301812 0.00263923 0.157431 0.000156823 5.72802e-05 0.00436871 8.58438e-05 0.00429323 0.000106258 6.38796e-05 0.0108063 0.00593942 5.9339e-05 
0.0301881 4.68073e-05 0.000123 0.000159628 0.032517 0.0624258 4.89614e-05 0.000161075 1.69591e-05 0.0276352 0.000245193 0.0674028 0.0126129 0.000355109 0.592932 0.00118922 0.159122 0.000126874 0.000181754 0.00113823 0.000183092 0.000498093 6.8077e-06 1.40687e-05 0.000173534 0.0104632 3.19314e-05 
0.106904 0.0299282 1.30037e-05 0.0156622 0.212975 0.00504263 4.44634e-05 0.024488 0.00119195 0.00501871 0.00631245 0.201107 0.0439448 3.39891e-10 0.249991 0.00477925 0.0454351 0.0056278 0.00171535 0.000875952 0.000227026 0.0147942 0.000179655 3.69574e-08 0.00954312 0.0140111 0.000187577 
0.0475715 0.00072896 8.85063e-07 0.000100252 0.0776166 0.161801 2.20278e-08 0.000118795 5.29528e-06 0.00100186 7.13371e-05 0.0128462 0.001164 4.05041e-10 0.391292 0.000591863 0.300721 5.98512e-06 8.16443e-05 0.000302337 8.51445e-05 0.00262885 4.2108e-05 9.55036e-08 0.000248187 0.000940458 3.43113e-05 
0.0959049 0.0295082 0.000427141 0.00981687 0.0167781 0.26313 4.08437e-05 0.0236144 7.89848e-06 0.0151768 0.000331901 0.00831277 0.0617864 6.12022e-07 0.412342 0.00426305 0.00979573 0.000409188 0.00109628 0.000970499 0.000910442 0.0230028 0.00646715 0.000855089 0.00577745 0.00923001 4.33361e-05 
0.11978 0.0730054 5.98893e-05 9.60172e-05 0.0877079 0.00809079 1.72557e-08 0.000115141 1.34296e-05 0.00630344 0.000100239 0.0522344 0.00323158 2.52752e-10 0.615329 0.00148406 0.00883345 0.000285366 1.31738e-05 6.43145e-05 9.67173e-05 0.0212062 1.19186e-05 0.000369359 0.000250976 0.0011484 0.000169577 
0.120312 0.0176721 0.000154386 0.0035196 0.0794436 0.121619 1.16045e-06 0.00153824 8.44795e-06 0.00858028 8.26902e-05 0.028636 0.177146 9.47367e-08 0.195546 0.0021354 0.127252 8.35626e-05 0.0011091 0.000202982 9.2092e-05 0.0791398 5.04681e-05 3.91997e-05 0.00411799 0.0314792 3.93398e-05 
0.0571569 0.00223468 8.48467e-05 0.00101156 0.00973404 0.00326775 0.000632848 0.000792104 5.37249e-06 0.0194512 2.5817e-05 0.0295778 1.89013e-05 2.49528e-07 0.859454 0.000594555 0.00635833 0.00242102 0.000132705 0.000527243 5.32272e-05 3.12711e-05 2.03017e-05 2.12302e-05 0.00537803 0.000671946 0.000341771 
0.156322 0.00190759 5.54072e-05 0.00324494 0.227303 0.0783185 5.88425e-06 0.00712909 0.000337416 0.0258575 9.27874e-05 0.0187385 0.0124581 3.21458e-11 0.413945 0.00224676 0.00835434 0.00019349 0.00737561 0.00149305 0.00100303 0.0178952 0.00099744 1.77735e-05 0.0112762 0.00332397 0.000106706 
0.0127258 0.00683904 2.88927e-05 0.0041706 0.0302592 0.0164313 0.0097548 0.000763807 0.000699203 0.0134451 0.000247062 0.0596962 0.0916735 0.0011982 0.262945 0.0213572 0.015151 0.00180794 0.00316778 0.0349014 0.0051249 0.176246 0.0924968 0.00032258 0.00184136 5.49836e-05 0.136651 
0.00296664 0.000412656 4.03566e-06 8.7629e-05 0.00173773 0.0157819 1.53633e-07 8.31914e-05 4.95698e-06 0.0142161 0.000740297 0.14242 0.031429 2.15861e-06 0.693415 0.000366927 0.094392 8.69172e-05 0.000314202 0.000124773 0.000651227 6.83045e-06 5.54098e-05 0.000368654 1.71892e-05 0.000268771 4.47238e-05 
0.0464129 0.000200861 2.97965e-06 0.00435957 0.000973083 0.0240051 2.17489e-09 5.23749e-05 9.94365e-10 0.00100266 1.18257e-05 0.00985188 0.000777424 2.90974e-12 0.891319 0.000251897 0.000581703 2.89188e-08 2.77267e-05 0.00566618 0.000415444 0.000950429 1.73765e-05 7.96548e-06 0.0126896 0.000420387 1.48004e-06 
0.0127258 0.00683904 2.88927e-05 0.0041706 0.0302592 0.0164313 0.0097548 0.000763807 0.000699203 0.0134451 0.000247062 0.0596962 0.0916735 0.0011982 0.262945 0.0213572 0.015151 0.00180794 0.00316778 0.0349014 0.0051249 0.176246 0.0924968 0.00032258 0.00184136 5.49836e-05 0.136651 
0.0643149 0.00793947 4.10334e-08 3.0394e-05 0.0643799 0.00221014 2.10097e-07 0.256362 2.77783e-05 0.00242052 4.44954e-05 0.00325436 0.00334917 2.03825e-11 0.572109 0.0089237 0.0124236 2.3262e-11 2.83152e-05 0.000448522 0.00167528 1.05168e-07 2.25569e-08 1.38546e-06 5.69779e-05 1.1545e-07 4.02566e-09 
0.114894 0.0296899 0.00011662 0.000137611 0.0402656 0.0468882 5.34731e-05 0.00949069 1.73241e-05 0.00583889 0.00371361 0.275294 0.00758914 4.94037e-08 0.288416 0.0107683 0.0624132 0.000383428 7.0087e-07 0.0286413 0.0338867 7.40373e-05 3.94386e-06 0.027627 0.0127515 0.0010294 1.58384e-05 
0.0373168 0.0288481 0.000525734 0.000369369 0.127329 0.0323571 0.000114137 6.59863e-05 9.61647e-06 0.017655 0.12912 0.167008 0.0504594 3.03313e-09 0.214113 0.000322714 0.0681445 0.000972862 0.00013904 0.00558846 0.00015094 0.107228 2.90112e-05 3.61376e-05 0.00340907 0.00864984 3.77092e-05 
0.141914 0.0123133 3.40476e-05 0.00689686 0.0496312 0.150921 4.71561e-05 0.0072888 0.00284355 0.0256472 0.00198199 0.0394488 0.0348415 0.000791718 0.449477 0.00420085 0.0305258 0.000478798 0.00167504 0.00242102 0.000476336 0.0101362 0.00381489 0.00109078 0.00489434 0.0161579 5.01391e-05 
0.163094 0.0188359 0.000219966 0.0016404 0.218434 0.00659108 5.61778e-06 0.0268432 5.00627e-05 0.00263555 0.000186331 0.11007 0.00433253 0.000584805 0.287938 0.0674173 0.0691611 1.37825e-05 0.000690732 0.000723411 0.0106545 0.002306 0.000125877 0.000876921 0.00170352 0.0018002 0.00306489 
0.0295152 0.00159464 2.11144e-05 0.00217227 0.0274772 0.0636657 5.45337e-07 0.00322027 0.000634673 0.00773413 0.00180568 0.232267 0.00838242 4.3348e-10 0.420865 0.00359669 0.0183532 0.000356388 0.0168084 0.000106843 0.0488862 0.104214 0.000552651 0.00588649 0.00152229 0.000223538 0.00013795 
0.0251955 0.0214191 2.91157e-10 3.05045e-05 0.00130489 0.00472028 0.000268533 0.00101324 2.02501e-07 0.0121699 0.0205167 0.240871 0.00455247 4.71998e-08 0.377209 0.0091007 0.0191585 1.81754e-08 2.4536e-05 0.000787836 0.000143373 0.255292 2.63635e-08 2.3725e-07 0.00245572 0.00364392 0.000121615 
0.0567936 0.00157718 1.06411e-05 0.00806583 0.00290284 0.0232344 1.81221e-09 0.00174207 1.36836e-07 0.0011009 2.8214e-05 0.0304975 0.000555305 2.65263e-12 0.848302 0.000581187 0.00124422 7.33227e-05 3.43806e-05 0.00565891 0.000999554 0.00206085 3.43336e-05 2.11391e-05 0.0134647 0.00091796 9.86406e-05 
0.0889348 0.0639516 6.79614e-05 0.00176505 0.0130376 0.0461807 0.000604631 0.0387643 0.000106715 0.0213111 0.001028 0.00459413 0.192617 3.22464e-11 0.410191 0.0366429 0.0032802 2.40676e-05 0.000135248 0.0190638 0.00567807 0.0179199 0.0057372 8.9217e-05 0.0261915 0.00207439 8.81269e-06 
0.0902101 0.0172416 0.00550189 0.00242682 0.0678972 0.0826376 0.000271258 0.00811159 0.000218693 0.0246942 0.000142091 0.0241212 0.104334 0.000288869 0.293685 0.00910222 0.135208 0.00132066 0.00386905 0.00133555 0.000532536 0.0651565 0.000844091 0.000228575 0.00271563 0.0578847 2.08416e-05 
0.0198937 0.00260416 1.11628e-05 4.46852e-05 0.0196985 0.00633777 9.55875e-08 0.000205845 4.05737e-05 0.000584347 0.00163978 0.0904126 0.00480363 2.00645e-09 0.564055 0.00253503 0.259734 3.46482e-07 3.3489e-05 0.00033338 0.00112343 0.0208223 2.30334e-05 7.36441e-07 0.000434365 0.00341752 0.00121069 
0.0904711 0.0259615 2.27376e-05 0.00239591 0.0467073 0.0443434 4.87915e-05 0.0288841 0.000713964 0.00982695 9.71439e-05 0.0401314 0.163201 2.098e-05 0.415312 0.00394704 0.0441346 0.000549559 0.0082353 0.00402174 0.00085255 0.0147782 0.000544408 9.482e-05 0.0278072 0.026764 0.000132742 
0.0251955 0.0214191 2.91157e-10 3.05045e-05 0.00130489 0.00472028 0.000268533 0.00101324 2.02501e-07 0.0121699 0.0205167 0.240871 0.00455247 4.71998e-08 0.377209 0.0091007 0.0191585 1.81754e-08 2.4536e-05 0.000787836 0.000143373 0.255292 2.63635e-08 2.3725e-07 0.00245572 0.00364392 0.000121615 
0.295339 0.000329615 4.21236e-06 1.99397e-06 0.0423195 0.183554 1.77768e-08 7.14754e-05 3.03714e-07 0.00329098 1.70024e-05 0.0128849 0.0216416 2.99499e-08 0.434644 7.47567e-05 0.00166774 0.000242188 2.24311e-06 0.000140864 0.000112044 0.00329153 1.31944e-07 5.61488e-06 5.8357e-06 0.000357562 1.05155e-06 
0.0643149 0.00793947 4.10334e-08 3.0394e-05 0.0643799 0.00221014 2.10097e-07 0.256362 2.77783e-05 0.00242052 4.44954e-05 0.00325436 0.00334917 2.03825e-11 0.572109 0.0089237 0.0124236 2.3262e-11 2.83152e-05 0.000448522 0.00167528 1.05168e-07 2.25569e-08 1.38546e-06 5.69779e-05 1.1545e-07 4.02566e-09 
0.0513221 0.145411 0.14263 0.0614166 0.0115104 0.0739163 0.00180031 0.00828081 0.000428544 0.0606385 0.0135351 0.0438575 0.0243644 0.000248162 0.169401 0.00278976 0.0128921 0.000938704 0.00450127 0.0131103 0.0123987 0.00358697 4.25083e-05 0.00134078 0.101617 0.0380027 1.83484e-05 
8.6092e-06 1.32706e-06 8.79524e-07 6.77079e-07 5.35102e-06 5.12076e-06 2.01687e-07 1.86389e-07 2.2044e-07 1.74044e-06 1.16647e-06 0.0767515 1.19936e-05 1.36009e-08 0.90712 2.8074e-06 0.0159443 9.84931e-05 2.15511e-06 8.39115e-07 3.06092e-06 3.43166e-05 5.82249e-07 9.19876e-07 5.71465e-07 2.30089e-06 3.67211e-07 
0.265667 0.103154 6.21772e-05 0.00285234 0.0677963 0.0341912 6.28204e-06 0.0455865 0.000765424 0.00688961 0.00151649 0.0816626 0.00354246 0.000224582 0.279588 0.00374558 0.0261441 0.000245539 0.00309291 0.0101469 0.000247225 0.00160763 4.02478e-05 0.00607122 0.0546531 0.000454039 4.72788e-05 
0.0752806 0.0900013 0.0031963 0.0173996 0.00196947 0.0519047 8.04086e-09 0.00383384 1.38616e-05 0.0129232 6.39156e-05 0.0277092 0.0606524 6.2467e-10 0.599127 0.00127158 0.00903759 0.000359854 0.0103361 0.0166404 5.20029e-06 0.0122625 0.000215665 3.99664e-06 0.00553274 0.000153566 0.00010578 
5.26659e-06 0.0461941 9.72657e-09 0.00636751 0.267586 9.83354e-06 5.71746e-09 0.00942247 0.00142102 7.93073e-07 0.000467637 0.0260743 0.0163695 9.63263e-09 0.599725 1.38189e-05 0.0260619 0.000110528 2.53389e-05 1.68871e-06 6.93658e-07 6.40044e-06 2.14105e-06 4.08525e-05 6.83477e-05 7.11294e-06 1.80161e-05 
0.0724256 0.106168 0.000561341 0.00923044 0.0226078 0.0804613 6.65024e-05 0.0488117 9.63054e-06 0.087648 0.000105468 0.0446382 0.0503451 1.05179e-05 0.344812 0.000422348 0.0146559 0.000406347 0.000435838 0.0208198 0.00012818 0.00361226 3.61021e-05 0.00108427 0.0898044 0.000632123 6.0272e-05 
0.0490725 0.0303662 0.000560195 0.0317293 0.0216721 0.0654098 8.33863e-06 0.00136389 7.88398e-05 0.00540323 5.73372e-05 0.0559004 0.0132226 6.71856e-10 0.340211 0.281643 0.00626112 0.000319768 0.0425557 0.0292674 0.000291385 0.00918843 0.00297344 7.90583e-06 0.00919179 0.00307957 0.000164537 
0.0251955 0.0214191 2.91157e-10 3.05045e-05 0.00130489 0.00472028 0.000268533 0.00101324 2.02501e-07 0.0121699 0.0205167 0.240871 0.00455247 4.71998e-08 0.377209 0.0091007 0.0191585 1.81754e-08 2.4536e-05 0.000787836 0.000143373 0.255292 2.63635e-08 2.3725e-07 0.00245572 0.00364392 0.000121615 
0.166808 0.00246409 2.82071e-10 7.46671e-05 0.00100515 0.0185924 5.38875e-07 0.00140083 0.000206757 0.0315342 0.00223721 0.128789 0.0313336 4.99738e-07 0.365551 1.58892e-06 2.84301e-05 8.55342e-07 0.000147778 0.00170643 0.205301 0.0222565 0.000389803 0.00209755 0.000265666 0.0173787 0.000428007 
0.0382427 0.0475652 0.000446521 0.0227586 0.0653166 0.0916762 1.8077e-05 0.0079841 0.000633697 0.0251587 0.000259609 0.0610314 0.0498792 1.97316e-06 0.411218 0.00616755 0.0376115 0.00105746 0.0241968 0.00207699 5.30606e-05 0.0385721 0.00039798 2.44366e-06 0.0459993 0.0215174 0.000156416 
0.0721318 0.0024747 4.91247e-06 1.24688e-06 0.000179086 0.00723484 1.77518e-05 5.33247e-07 4.34898e-06 0.00164478 0.00068468 0.11741 0.1031 4.86503e-06 0.666891 0.00312251 0.0239754 5.55232e-06 0.000550677 0.00032549 5.96669e-06 8.16117e-05 6.93676e-06 3.88939e-06 1.77489e-06 0.00011581 1.91946e-05 
0.172072 0.025617 1.09272e-05 0.00419512 0.0186028 0.0309897 7.40216e-05 0.00404452 3.60205e-07 0.00426644 0.000213923 0.0998855 0.00324262 2.52292e-06 0.597444 0.00632954 0.00404732 0.000584568 0.000224028 0.0134432 0.00127408 0.0020315 5.35456e-05 0.00223914 0.00803438 0.000962453 0.000114776 
0.00251337 0.00695128 4.78512e-05 0.000647399 0.00676566 0.185537 1.42966e-08 0.000285574 1.79744e-09 0.00282236 5.59597e-05 0.20885 0.0131193 3.82653e-12 0.295724 0.0027322 0.0100953 0.000331683 0.000107811 0.00180985 9.47423e-09 0.000954267 0.000230634 4.89636e-05 0.260287 4.67038e-05 3.51722e-05 
0.00307534 0.00156392 4.79664e-08 2.85087e-05 0.000189083 0.0307238 2.81956e-08 5.20673e-09 4.24643e-08 0.00010739 0.000676337 0.277821 8.98328e-05 4.75031e-08 0.680692 3.62043e-06 0.00118756 5.4214e-08 0.000150774 2.07331e-06 0.00329764 2.67417e-06 5.76085e-07 3.79768e-08 0.000386331 1.0365e-08 1.22358e-06 
0.202704 0.0330471 0.00130502 0.00424181 0.0855827 0.071022 1.08667e-08 0.00791601 0.000117241 0.00903548 0.0397546 0.0111785 0.00925379 2.59742e-11 0.505173 0.00514876 1.72637e-07 0.000193056 0.00149577 0.00608519 9.40691e-06 0.00161907 0.00259138 2.19817e-08 0.00169916 0.000815932 1.01969e-05 
0.263469 0.01747 2.74139e-05 0.00032671 0.0320188 0.0827761 2.0661e-08 0.0109397 1.17063e-05 0.0130822 0.000326778 0.00942784 0.00971576 1.26511e-07 0.514909 0.00336481 0.00737244 7.86451e-05 0.000506733 0.00140273 0.000234512 0.0207646 0.00691668 6.55641e-05 0.00202838 0.0027551 9.29516e-06 
0.0352681 0.0114011 1.65742e-05 0.00212913 0.0205997 0.0922793 0.000988408 0.00400782 1.1816e-06 0.00366403 0.0600141 0.196197 0.00626686 2.90255e-07 0.512912 0.00208633 0.0108628 0.000559926 2.51411e-05 0.00757264 0.0231554 0.000922968 2.52993e-05 0.00628609 0.00247297 1.1035e-05 0.000274259 
0.113455 0.0159482 1.09825e-05 0.00040525 0.23915 0.0111494 8.13262e-05 9.10794e-05 0.000392331 0.0391035 0.00562286 0.195486 0.0135627 5.47766e-09 0.282873 0.00637164 0.0258945 6.56572e-05 0.00174569 0.000209107 0.00490558 0.0323097 0.00376118 0.000219116 0.00435806 0.00252498 0.000303303 
0.136051 0.0296416 0.000547662 0.00983502 0.0484051 0.0282932 0.000309748 0.00377306 7.11322e-06 0.0192752 0.00360421 0.118905 0.0233309 1.09174e-11 0.379718 0.00354289 0.15843 0.000994197 0.000127121 0.0022591 0.000269198 0.00701816 1.28378e-05 0.000120155 0.0158272 0.00867294 0.00102943 
0.0998874 0.0110199 0.00170854 0.000936102 0.0994795 0.097252 0.000104938 0.000122973 5.80973e-05 0.0234079 0.000197865 0.0520522 0.0970867 8.1262e-06 0.338112 0.00217941 0.15224 3.09353e-07 0.000617326 0.000997014 7.37462e-05 0.0124406 3.03144e-05 0.000713304 0.00474314 0.00415887 0.0003713 
0.024084 0.000538529 4.12482e-05 0.00105958 0.0185562 0.115527 3.55352e-07 0.00231082 3.31484e-06 0.16883 0.00643644 0.0944006 0.0148372 1.5705e-09 0.205203 0.029413 0.027021 3.63803e-05 0.0493621 0.00227435 0.176396 0.00867735 6.34192e-06 1.71332e-05 0.00652691 0.0471155 0.00132571 
0.129465 0.020397 6.75932e-05 0.00319231 0.0392495 0.132631 8.93564e-07 0.00882286 1.55013e-05 0.0143123 0.000480044 0.0843128 0.0744463 3.7882e-09 0.390574 0.0084969 0.0459011 0.000137642 0.000157396 0.00127114 0.000115026 0.0247292 5.8763e-05 0.00131944 0.00461358 0.0144728 0.000760198 
0.322593 0.0162312 1.75915e-05 0.00799391 0.102587 0.0331512 0.000520288 0.0127024 0.000293555 0.0288384 0.000207474 0.0279376 0.0579345 0.000133598 0.325544 0.00570613 0.0175216 0.00907629 0.000920443 0.00465316 0.00130205 0.00746686 0.000842941 0.000992291 0.012381 0.00243424 1.66141e-05 
0.136051 0.0296416 0.000547662 0.00983502 0.0484051 0.0282932 0.000309748 0.00377306 7.11322e-06 0.0192752 0.00360421 0.118905 0.0233309 1.09174e-11 0.379718 0.00354289 0.15843 0.000994197 0.000127121 0.0022591 0.000269198 0.00701816 1.28378e-05 0.000120155 0.0158272 0.00867294 0.00102943 
0.207762 0.00485097 2.10732e-05 9.52935e-05 0.0577187 0.130451 3.67526e-08 0.00709346 3.7268e-05 0.0525623 0.000927192 0.000849796 0.0235533 4.24211e-12 0.408412 0.00607359 0.00394885 4.8414e-12 0.000198073 0.000593741 0.000749817 0.071893 0.0174051 3.39139e-12 0.00119081 0.00361022 3.35215e-06 
0.135072 0.128254 1.88112e-05 0.00466054 0.00460833 0.0704111 0.000113482 0.109702 0.109196 0.00449333 0.00347291 0.0567077 0.0989302 0.000341943 0.202623 0.000529736 0.00832486 4.78163e-06 1.87669e-05 0.0190531 1.19665e-05 0.000690518 4.96634e-07 5.31717e-05 0.036656 0.00598382 6.69598e-05 
0.0696175 0.0415001 0.000562818 0.000442919 0.00840724 0.00981515 0.000244517 0.0239259 4.69605e-06 0.0130913 0.000145923 0.00747817 0.0177631 2.88032e-07 0.766736 0.0127709 0.00967719 0.000156085 0.00241543 0.000562072 0.00299738 0.000499406 2.21929e-05 1.63299e-08 0.00317821 0.00798556 1.68818e-08 
0.0251955 0.0214191 2.91157e-10 3.05045e-05 0.00130489 0.00472028 0.000268533 0.00101324 2.02501e-07 0.0121699 0.0205167 0.240871 0.00455247 4.71998e-08 0.377209 0.0091007 0.0191585 1.81754e-08 2.4536e-05 0.000787836 0.000143373 0.255292 2.63635e-08 2.3725e-07 0.00245572 0.00364392 0.000121615 
0.111886 0.0334056 0.00152706 0.00110156 0.0240533 0.120239 0.00016467 0.00225014 6.05219e-06 0.0175084 0.00017849 0.0214293 0.0611067 0.000146851 0.274603 0.0013776 0.0401798 7.92931e-07 0.00321626 0.0407836 0.000240721 0.228089 0.000369503 1.53605e-05 0.0143923 0.0016939 3.57575e-05 
0.112617 0.0540298 0.000134689 0.00942931 0.127028 0.018088 4.48971e-05 0.00483142 0.0250964 0.0596259 0.000613659 0.189529 0.0661209 2.03316e-05 0.224469 0.01121 0.0190831 0.000122877 0.0019324 0.0146255 0.0037769 0.0204272 0.00216221 0.000727815 0.013738 0.0204558 5.97857e-05 
0.178341 0.0380963 0.000497738 0.000654363 0.0269523 0.155633 0.000113066 0.0142681 4.88651e-06 0.0290331 0.000239086 0.0223716 0.0412532 1.65469e-07 0.447914 0.0150532 0.00519539 0.00264853 0.00146207 0.000803193 0.00144502 0.00150571 1.95253e-05 8.48414e-05 0.00309849 0.0133102 1.38754e-06 
0.0815307 0.0434517 0.000151055 0.000347112 0.0344899 0.0389992 0.000750866 0.0113534 4.58304e-05 0.0101073 0.000144006 0.0181365 0.056686 4.29256e-06 0.625087 0.0109414 0.0387561 2.04247e-08 0.00627836 0.000717451 0.00073386 0.00113526 3.89871e-05 0.000128203 0.00222476 0.0177249 3.5461e-05 
0.0567936 0.00157718 1.06411e-05 0.00806583 0.00290284 0.0232344 1.81221e-09 0.00174207 1.36836e-07 0.0011009 2.8214e-05 0.0304975 0.000555305 2.65263e-12 0.848302 0.000581187 0.00124422 7.33227e-05 3.43806e-05 0.00565891 0.000999554 0.00206085 3.43336e-05 2.11391e-05 0.0134647 0.00091796 9.86406e-05 
0.0116341 0.0495436 1.89325e-05 0.000203876 0.00256722 0.159146 1.11296e-06 0.00934048 0.00719676 0.0018592 0.000288837 0.141752 0.026799 1.3677e-05 0.402516 0.000765599 0.0761371 5.65476e-05 2.19241e-05 0.000453447 0.0305645 0.00513133 1.05749e-05 0.000138557 0.0665786 0.00724953 1.12578e-05 
0.0077677 0.00122776 1.51449e-06 3.00968e-05 0.00401832 0.0243603 2.09771e-05 9.66097e-05 0.000386658 0.020347 2.85129e-06 0.000927133 0.0232105 1.02798e-10 0.842973 0.00151145 0.000732789 0.000119875 0.000822611 0.00101833 2.7315e-05 0.0640795 0.00379061 8.21829e-11 0.000574947 0.00195033 1.64391e-06 
0.0307345 0.0246725 8.21431e-05 0.000793334 0.00639498 0.246119 1.43356e-07 0.00288848 3.14989e-05 0.099068 8.04176e-05 0.114031 0.0569163 4.39793e-05 0.3674 0.00025595 0.0113724 2.75642e-07 0.000116291 7.70881e-06 0.000315863 0.0038004 9.43336e-06 1.93087e-07 0.0231645 0.0116945 6.60491e-06 
0.152102 0.0328144 0.00190601 0.000585421 0.0102313 0.103088 0.00015386 0.017755 2.49747e-05 0.016806 0.000187076 0.00652863 0.0463582 4.58418e-07 0.544879 0.00807538 0.0239263 0.0018589 0.0022557 0.00112514 0.00221718 0.00408094 8.02082e-05 3.5663e-05 0.00829584 0.0146278 1.09999e-06 
0.181009 0.0169144 2.53952e-05 0.00154761 0.274737 0.0445493 0.00625569 0.00768544 0.000176734 0.022016 0.000489601 0.0466198 0.0172799 0.00368032 0.287513 0.00603553 0.0481784 0.000278694 0.00266812 0.00478622 0.000182932 0.0118827 0.000254496 0.00563405 0.00764201 0.00178048 0.000176182 
0.0863302 0.0244763 0.00191643 0.000472855 0.0117952 0.0300652 0.000450784 0.00500913 1.22777e-05 0.00893611 1.61919e-05 0.00627227 0.107422 1.01002e-05 0.623395 0.000392791 0.0168531 2.64882e-05 8.46048e-05 0.0193994 1.4473e-05 0.0317083 8.74164e-06 0.00122243 0.00790232 0.0157792 2.86567e-05 
0.00207737 0.00180786 0.000138085 2.95052e-05 0.00312164 0.0273949 0.000206618 0.0182683 2.44625e-06 0.0030271 6.73218e-05 0.00203853 0.178773 2.39334e-11 0.737344 0.000466026 0.00426886 0.000144116 5.31403e-08 0.0102097 0.000332122 0.0030982 1.37408e-05 2.25095e-08 0.00712689 3.88973e-05 4.52806e-06 
0.0280262 0.0284481 0.000691638 0.0193828 0.0354563 0.0994839 0.0177119 0.000969639 9.2594e-05 0.086116 5.38696e-05 0.133135 0.0348314 0.0033059 0.28581 0.0254348 0.0254143 0.000546642 0.0211973 0.0145687 0.00186771 0.118184 0.00415675 0.00129836 0.0124786 0.00129453 4.22861e-05 
0.0904313 0.0169212 1.17534e-05 0.0141673 0.0526772 0.191137 0.000194489 4.00907e-05 0.00112097 0.0401095 0.00477926 0.1254 0.0689481 6.94569e-08 0.226808 0.00709685 0.116935 2.19494e-05 0.000369812 0.0150025 0.00017918 0.00599047 5.62319e-05 0.0056931 0.00686636 0.00898055 6.17119e-05 
0.053834 0.0316595 5.65328e-05 0.0114851 0.0224829 0.0400389 1.62238e-08 0.00896405 0.000188026 0.0456083 9.16242e-05 0.0387962 0.133763 3.46268e-05 0.490125 0.00291175 0.0302194 0.00085585 0.000813174 0.0035197 0.000277511 0.0353433 3.18641e-05 4.1067e-05 0.0387823 0.00169954 0.00837736 
0.180717 0.0604091 7.5931e-05 0.00660636 0.068598 0.0227864 8.04785e-05 0.00013627 8.44757e-09 0.0139563 0.000107323 0.21243 0.0144247 8.0053e-08 0.309055 0.0418763 0.0138075 0.000630881 2.71612e-05 0.00991209 0.000893966 0.0172706 0.000328932 0.0110035 0.0135827 0.00126227 2.16008e-05 
0.119354 0.0188115 0.0028567 0.00206143 0.101029 0.0919115 0.000131596 0.00106855 7.68382e-05 0.0353713 0.000224558 0.0177512 0.0195213 4.90405e-07 0.291501 0.000594465 0.287775 4.02768e-11 0.000241974 0.00190424 5.48022e-06 0.00314368 3.37827e-05 7.37553e-08 0.00271764 0.00162962 0.000283131 
0.139918 0.00129925 2.48276e-05 0.000232781 0.180362 0.00753211 6.94658e-07 0.00507208 0.000655272 0.0135663 2.54768e-05 0.00372091 0.0408103 4.13934e-12 0.556855 0.00215315 0.0243933 0.000377873 0.000467383 0.000160069 1.90734e-05 0.0185086 0.00122071 3.84865e-06 0.000571293 0.00199289 5.71958e-05 
0.0916667 0.0497759 0.00174578 0.00177039 0.0625379 0.111407 1.8321e-07 0.000210785 0.000388293 0.0397242 9.33518e-06 0.0229876 0.0714166 1.08569e-06 0.239429 0.00514969 0.0266737 0.0213815 0.00138568 0.000733783 0.00239869 0.230515 0.002758 3.57894e-06 0.00407415 0.0118508 3.35925e-06 
0.0778907 0.00956996 0.00353424 0.00361997 0.0582892 0.0859671 0.00185703 0.0145053 0.00285728 0.0505603 0.000183409 0.0301961 0.22362 1.73906e-06 0.23923 0.00482631 0.0564156 0.00302047 0.0131411 0.00816416 0.000117818 0.0912367 0.0087335 5.81749e-06 0.00834972 0.00403703 6.87764e-05 
0.0414772 0.0175045 9.10312e-05 0.0036772 0.078473 0.0118915 0.0271956 0.0115439 0.00193878 0.0231523 0.000116615 0.0420292 0.0635278 2.08403e-07 0.152534 0.147417 0.0812804 0.00220686 0.131769 0.00210161 0.000170891 0.130422 0.00553377 0.000322519 0.00422729 0.0175141 0.00188165 
0.0681303 0.0174555 0.000292609 0.00042639 0.0362509 0.0682555 0.000925184 0.000182184 0.00722959 0.0185745 0.000252248 0.138268 0.0559533 2.83787e-06 0.366968 0.0799766 0.058431 0.00092102 0.00156275 0.00279263 0.00246655 0.0482466 0.00137864 0.00102329 0.00433608 0.0193996 0.000298021 
0.0848216 0.026847 8.01868e-06 0.00145402 0.0581637 0.0447238 0.000657168 0.151733 0.00162954 0.0245394 0.0023287 0.0414375 0.0313148 1.02562e-06 0.276127 0.00215855 0.0390079 0.00169969 0.0910549 0.00142894 0.000101413 0.0199376 0.00403293 0.000138707 0.00549828 0.089123 3.20434e-05 
0.286042 0.0308487 2.17523e-05 0.000565328 0.0146393 0.0377607 3.38032e-12 0.0100349 8.93692e-07 0.00028482 2.62327e-05 0.0228477 0.00201853 2.93348e-07 0.578587 0.00117291 0.00689172 0.000291987 0.000689028 0.00208448 8.79632e-06 0.000827391 2.00836e-05 0.000243287 0.00255535 0.00152731 9.64791e-06 
0.0588019 3.33464e-08 6.50526e-05 0.000222266 0.0352213 0.106521 1.15927e-05 0.0012322 4.20273e-09 0.00344857 5.99915e-05 0.13084 0.0165832 8.44877e-13 0.375023 0.00140462 0.248383 7.03691e-05 0.00010882 0.00122765 0.000330552 0.00560491 0.000153076 0.0116762 0.000296986 0.00248938 0.00022525 
0.162254 0.063452 1.64623e-05 0.00824664 0.076984 0.0371756 1.82894e-05 0.0284036 0.000121593 0.0424487 0.000907523 0.0719775 0.0358132 0.00562716 0.196656 0.00536848 0.00867858 0.0116239 0.0243189 0.178365 0.000245982 0.00377118 4.94487e-05 8.1446e-06 0.0187085 0.0187547 4.71295e-06 
0.0132391 0.000246694 1.31955e-05 0.00206415 0.0188408 0.0181013 3.81604e-08 7.7676e-05 9.03517e-05 0.000932412 1.09615e-05 0.35711 0.00671552 1.05972e-06 0.426455 0.0421385 0.102346 0.00144794 0.000327346 2.65433e-05 0.00190139 0.00472726 0.002969 1.66546e-06 0.000132648 6.32015e-05 2.01612e-05 
0.148565 0.0266057 0.000107079 0.000680852 0.0425148 0.0556807 0.0170285 0.00329039 9.45172e-05 0.0188192 0.0129911 0.244614 0.0188013 2.32224e-05 0.324543 0.00793783 0.033962 0.00030068 0.00391477 0.00744997 0.000167277 0.00520007 0.00491201 0.00582563 0.00120679 0.0146261 0.000137494 
0.0622391 0.00287922 2.1792e-06 0.0025425 0.00177033 0.0429258 1.08903e-11 0.000251471 0.000113307 0.0039501 3.25474e-05 0.0547083 0.00163753 1.83477e-11 0.818679 0.000361748 0.00110148 0.000196673 3.79624e-05 0.00276763 0.000578396 3.13261e-05 1.05338e-05 2.37281e-05 0.00293176 0.000224107 3.11965e-06 
0.129525 0.115203 1.64646e-05 0.00722586 0.00682661 0.0841562 1.32674e-05 0.000864865 0.0235636 0.0185929 6.28001e-05 0.102036 0.07439 4.62188e-08 0.320479 0.00127267 0.0581407 0.0191574 0.00078525 0.00379125 0.000297308 0.000249191 1.02218e-05 9.75539e-05 0.0292183 0.00401459 9.70997e-06 
0.0536806 0.0153782 2.23676e-05 2.00338e-05 0.0123386 0.0110766 0.000536441 0.00476608 6.30063e-07 0.00290291 0.000720387 0.0450143 0.0255805 0.000833384 0.628024 0.00078616 0.140624 4.85811e-08 0.00594976 0.000436442 1.48252e-07 0.0484736 0.000246718 3.69902e-06 0.00119315 0.00132807 6.25894e-05 
0.0349306 0.00263595 1.47185e-05 0.00050856 0.0171858 0.115912 7.83881e-05 0.000174052 0.000399105 0.0221046 0.00385296 0.271396 0.0107493 5.69869e-06 0.35479 0.000694771 0.11481 0.000308934 0.000323574 0.00373485 0.0123857 0.00246709 0.000127295 0.00126394 0.00041789 0.0284727 0.000255828 
0.286802 0.0345054 8.1993e-05 0.00654277 0.0499283 0.0853486 0.000129178 0.015579 8.0629e-05 0.0121247 0.000933653 0.0574162 0.0361138 0.0063876 0.287611 0.0199337 0.0484474 0.00163862 0.000789838 0.00678967 0.000153947 0.00573612 0.000144943 0.00285125 0.0122268 0.0134515 0.00825159 
0.239005 0.0545022 0.000475719 0.00252263 0.0501506 0.0679173 0.00243111 0.0147473 5.5084e-05 0.0727217 0.0114322 0.0537774 0.053217 0.00170112 0.28532 0.0164797 0.0126721 0.00156747 0.00155482 0.00791368 0.00562007 0.0191019 0.00120413 0.000478512 0.0170188 0.00638906 2.35846e-05 
0.216456 0.0181145 3.99973e-05 0.0174401 0.0724289 0.241532 3.26167e-05 0.0155338 3.57655e-06 0.000273646 0.00480528 0.0327738 0.0206305 1.88314e-08 0.334023 0.00100796 0.0128949 0.00155884 6.06906e-05 0.000858566 9.45171e-05 0.00306773 3.33587e-05 0.00468848 0.00157659 4.11697e-05 2.96278e-05 
0.0305418 0.000217455 7.15931e-07 7.76016e-05 0.0941348 0.0331388 7.78052e-07 2.2019e-06 4.72618e-05 0.0139137 3.52009e-07 0.238999 0.129637 1.08073e-06 0.314647 0.00968722 0.0739749 1.12758e-09 5.71933e-10 0.0196521 9.62384e-06 4.35058e-07 4.2765e-05 1.04398e-05 0.0058663 0.0340568 0.00134036 
0.168084 0.0367249 0.00374518 0.00540054 0.0220973 0.0317721 0.000363057 0.0138902 3.5892e-05 0.0191477 0.000160013 0.040089 0.00708205 8.25248e-06 0.615492 0.012324 0.00640925 0.000719202 0.00145449 0.00372132 0.00139077 0.000527255 3.49537e-05 0.000297397 0.00624384 0.00277837 7.44433e-06 
0.0385793 0.0267431 6.41935e-07 0.00133278 0.135763 0.00724661 1.52764e-11 2.11604e-08 6.21425e-08 0.00709745 2.83018e-08 0.117964 7.39342e-08 2.57373e-11 0.47259 0.00027147 0.189677 2.82867e-06 1.48987e-11 7.80029e-08 3.68814e-07 4.39683e-12 8.11537e-09 2.05759e-11 4.8043e-08 0.00273166 1.98901e-07 
0.345805 0.000706213 4.05499e-09 0.000106456 0.0916728 0.0675121 5.4569e-09 0.000117949 1.14508e-05 0.000419292 0.000283428 0.0184588 0.00323958 1.32438e-10 0.439195 0.00114716 0.0243004 0.00229383 4.88098e-05 0.000615108 0.000175252 0.00183065 6.72398e-05 0.000959012 0.000717165 0.000233355 8.33221e-05 
8.6092e-06 1.32706e-06 8.79524e-07 6.77079e-07 5.35102e-06 5.12076e-06 2.01687e-07 1.86389e-07 2.2044e-07 1.74044e-06 1.16647e-06 0.0767515 1.19936e-05 1.36009e-08 0.90712 2.8074e-06 0.0159443 9.84931e-05 2.15511e-06 8.39115e-07 3.06092e-06 3.43166e-05 5.82249e-07 9.19876e-07 5.71465e-07 2.30089e-06 3.67211e-07 
0.00525158 4.17854e-07 6.20237e-07 8.42799e-09 0.00193705 0.0251487 9.5405e-05 2.44188e-07 2.30966e-06 0.000563704 3.4392e-05 0.0118475 0.00358907 3.28841e-08 0.917663 0.00052844 1.71308e-05 7.10577e-06 3.281e-07 1.65287e-05 1.00524e-05 9.94734e-07 2.87093e-05 0.0324366 0.000406156 0.000412498 1.00917e-06 
0.244921 0.0153563 0.00234576 0.00229162 0.090913 0.120794 0.000586387 0.0285123 0.000394022 0.0225755 0.000896712 0.0439311 0.0473956 7.62142e-05 0.260601 0.0122164 0.0494357 0.000247193 0.00196357 0.00607916 0.000303106 0.0167009 0.0031472 0.00256736 0.0058715 0.0198155 6.13566e-05 
0.107453 0.0562024 0.000609999 0.00112921 0.0438295 0.0147174 2.17219e-05 0.000917495 0.00143676 0.100363 0.000354013 0.176349 0.0758347 2.4892e-09 0.250954 0.014863 0.0730908 0.000474096 0.0072644 0.0122977 0.000980426 0.0114547 0.00370763 3.31061e-06 0.00486205 0.0408226 7.48796e-06 
0.0567936 0.00157718 1.06411e-05 0.00806583 0.00290284 0.0232344 1.81221e-09 0.00174207 1.36836e-07 0.0011009 2.8214e-05 0.0304975 0.000555305 2.65263e-12 0.848302 0.000581187 0.00124422 7.33227e-05 3.43806e-05 0.00565891 0.000999554 0.00206085 3.43336e-05 2.11391e-05 0.0134647 0.00091796 9.86406e-05 
0.135646 0.040508 2.81392e-05 0.0102597 0.117276 0.0280918 1.11873e-05 0.0333348 0.000350125 0.00405024 0.000521131 0.065898 0.0171324 6.73255e-09 0.355508 0.0158431 0.116477 0.00198152 0.0025629 0.00256085 0.000676209 0.0227767 0.00187598 0.000275082 0.0202646 0.00602241 6.77023e-05 
0.062426 0.157082 0.0207268 0.0012973 0.145413 0.0326536 0.000129541 0.00238823 5.05356e-05 0.153869 0.000132129 0.0404929 0.0457274 0.0041712 0.18502 0.0469389 0.000577793 0.00302025 0.0147537 0.05414 7.40173e-05 0.00845102 3.41281e-05 1.16648e-05 0.0202575 4.85327e-05 0.00011338 
0.0839491 0.00334727 2.70347e-05 0.00292601 0.0339246 0.0859583 5.2435e-06 1.55837e-05 0.00013334 0.00318126 3.9838e-05 0.0438626 0.0446762 0.000910676 0.503718 0.00219544 0.168328 0.00148976 0.000112876 0.000556112 0.00518967 0.014156 3.04549e-05 0.000191273 0.000423062 0.000602846 4.98597e-05 
0.0449114 0.0402271 1.33764e-05 0.00407826 0.0767456 0.0799163 0.0126164 0.00013795 0.00761749 0.0198136 0.00164778 0.157445 0.149746 3.10243e-06 0.253355 0.00531125 0.0211138 1.64649e-05 2.57589e-05 0.0359986 6.98244e-05 0.0488629 0.000855579 0.000196973 0.00434093 0.0233679 0.0115654 
0.114134 0.0474765 2.163e-07 0.000894217 0.0998093 0.149885 1.78803e-10 0.000462289 2.69289e-10 0.00727273 1.20563e-07 0.0835277 0.0198112 3.01243e-10 0.266815 0.0145731 0.062415 3.438e-10 0.00445513 0.00313967 1.69279e-10 0.0732683 0.000250551 8.23948e-07 0.0209976 0.0307799 3.12168e-05 
0.129103 0.0004316 2.14625e-05 5.18105e-05 0.0207267 0.00542535 7.50192e-08 0.000401744 2.14688e-05 0.0172413 1.3593e-05 0.00150598 0.0308644 5.01962e-12 0.741169 0.000225578 0.037402 0.000176671 2.0718e-05 0.00026691 1.93263e-05 0.0140154 1.45562e-05 3.38062e-06 0.000331367 0.000482491 6.5e-05 
0.284119 0.00185575 7.64999e-12 1.88265e-08 0.0974034 0.0121961 4.49681e-12 7.42201e-06 0.000147874 0.0122772 5.94646e-12 0.0174096 0.0228476 7.5761e-12 0.514911 0.00195049 0.0241105 3.37775e-07 0.000138781 0.000122045 4.25729e-12 0.0011624 2.28704e-05 4.0041e-10 0.000221713 0.00896808 0.000127614 
0.286042 0.0308487 2.17523e-05 0.000565328 0.0146393 0.0377607 3.38032e-12 0.0100349 8.93692e-07 0.00028482 2.62327e-05 0.0228477 0.00201853 2.93348e-07 0.578587 0.00117291 0.00689172 0.000291987 0.000689028 0.00208448 8.79632e-06 0.000827391 2.00836e-05 0.000243287 0.00255535 0.00152731 9.64791e-06 
0.0941498 0.165076 6.59067e-05 0.00652368 0.00206923 0.0455548 1.2901e-06 0.00894334 0.00197825 0.000490053 1.62793e-06 0.0412479 0.14203 2.06357e-09 0.245924 0.000477877 7.53573e-07 0.000941398 0.177215 0.0120062 8.44038e-05 0.000400604 5.34638e-06 2.13103e-07 0.0529663 0.00184252 3.41475e-06 
0.129103 0.0004316 2.14625e-05 5.18105e-05 0.0207267 0.00542535 7.50192e-08 0.000401744 2.14688e-05 0.0172413 1.3593e-05 0.00150598 0.0308644 5.01962e-12 0.741169 0.000225578 0.037402 0.000176671 2.0718e-05 0.00026691 1.93263e-05 0.0140154 1.45562e-05 3.38062e-06 0.000331367 0.000482491 6.5e-05 
0.0198937 0.00260416 1.11628e-05 4.46852e-05 0.0196985 0.00633777 9.55875e-08 0.000205845 4.05737e-05 0.000584347 0.00163978 0.0904126 0.00480363 2.00645e-09 0.564055 0.00253503 0.259734 3.46482e-07 3.3489e-05 0.00033338 0.00112343 0.0208223 2.30334e-05 7.36441e-07 0.000434365 0.00341752 0.00121069 
0.129103 0.0004316 2.14625e-05 5.18105e-05 0.0207267 0.00542535 7.50192e-08 0.000401744 2.14688e-05 0.0172413 1.3593e-05 0.00150598 0.0308644 5.01962e-12 0.741169 0.000225578 0.037402 0.000176671 2.0718e-05 0.00026691 1.93263e-05 0.0140154 1.45562e-05 3.38062e-06 0.000331367 0.000482491 6.5e-05 
0.0315244 0.0179287 0.00441891 0.00015106 0.0103749 0.096148 1.23445e-06 2.70656e-05 1.11606e-05 0.0426021 0.105199 0.122491 0.0230353 0.00010586 0.417918 0.00041139 0.0555807 2.37358e-06 4.40595e-06 0.0242328 3.48906e-05 7.31066e-05 5.21063e-07 0.000387918 0.0342703 0.0130621 2.60957e-06 
0.136051 0.0296416 0.000547662 0.00983502 0.0484051 0.0282932 0.000309748 0.00377306 7.11322e-06 0.0192752 0.00360421 0.118905 0.0233309 1.09174e-11 0.379718 0.00354289 0.15843 0.000994197 0.000127121 0.0022591 0.000269198 0.00701816 1.28378e-05 0.000120155 0.0158272 0.00867294 0.00102943 
0.246856 0.00216274 5.80941e-05 0.0117505 0.0290216 0.045116 0.000109393 0.00434385 7.08428e-06 0.0209962 0.000106872 0.0413775 0.00334349 3.30154e-12 0.563518 0.00295997 0.00489123 0.000465305 7.53336e-05 0.00675732 0.00119599 0.00440516 0.000101931 0.000166804 0.00878385 0.00135272 7.70372e-05 
0.187076 0.0549225 0.000104857 0.0119904 0.0895718 0.146491 1.12765e-06 0.0225497 0.000481508 0.0029367 0.000689727 0.0710487 0.0280369 1.91971e-13 0.257278 0.0121183 0.0200191 0.0035996 0.0131555 0.00326609 0.000444785 0.0554915 0.00820119 0.00276491 0.00577759 0.00181202 0.000169424 
0.0271741 0.0231713 2.68725e-05 0.033683 0.0339948 0.0164191 0.00031502 0.000333534 0.00417614 0.0128455 0.00147959 0.0457188 0.0622542 2.3058e-06 0.589185 0.00143444 0.0374737 5.52869e-05 0.000468776 0.0116067 0.000964664 0.0117565 0.00026018 8.9765e-07 0.0405764 4.39065e-05 0.0445795 
0.0422449 0.00362936 0.0929235 0.00154858 0.0588915 0.0615124 1.17147e-05 0.000414085 1.73908e-06 0.00394427 0.00330217 0.0307306 0.0906104 1.04449e-07 0.354949 0.00531437 0.218688 2.68967e-10 2.22743e-05 0.000414617 0.000435791 0.0202005 4.94381e-05 0.00204082 0.000165772 0.00769491 0.000258657 
