0.014429 0.0211621 0.00131617 0.00573585 0.053526 0.0942971 0.00181115 5.34968e-05 2.03597e-05 0.00982515 0.00775777 0.0823379 0.0166519 9.25105e-09 0.0147088 0.651939 0.00470146 6.76039e-05 0.000679985 0.00136072 2.58832e-05 0.0110264 3.91714e-05 9.22086e-06 0.00381001 0.00270483 2.65834e-06 
0.0187207 0.0341224 0.000109083 0.000276333 0.00644174 0.000258953 0.00134122 0.0400038 4.04778e-09 0.0304346 0.00499848 0.115514 0.00188205 9.90944e-07 0.000230913 0.2728 0.00328654 1.2861e-05 0.00319246 0.00201121 0.206484 0.028879 0.224748 0.000208565 0.000471682 0.00338924 0.000180854 
0.0472357 0.0092087 5.55264e-05 0.000311119 0.0309798 0.00253362 0.000120582 0.00247383 1.47714e-05 0.00147691 0.0031343 0.102372 3.95105e-09 3.87877e-08 0.129499 0.661343 0.00205704 0.00023146 2.99239e-05 0.00239451 0.000151947 8.93767e-05 2.75424e-05 6.02169e-05 0.00199684 0.00122513 0.000977548 
0.0140644 0.0279564 2.65457e-06 0.000177673 0.0376517 0.000574797 0.0022177 0.00457977 2.32521e-06 0.0162944 8.72158e-07 0.0105094 0.0186696 7.3671e-07 0.00386626 0.855769 0.00014336 1.16541e-06 6.96528e-08 0.000120083 0.000808219 0.000122334 0.0033806 9.13107e-07 0.000174667 0.00170318 0.00120723 
0.06748 0.0183641 8.506e-05 0.00333277 0.111105 0.0187955 0.000600285 0.000843101 0.0489724 0.0179961 0.000285281 0.0412542 0.0170241 1.09314e-07 0.0240448 0.449913 0.00177704 0.00049052 0.124352 0.0106585 0.000129468 0.00881806 0.0229589 0.00192137 0.00567921 0.0030689 5.08176e-05 
0.0384509 0.017399 0.00757115 0.00143038 0.0571909 0.0383717 0.00165433 0.000323511 0.00847195 0.0361658 0.000131481 0.0137677 0.152624 6.75303e-09 0.00947529 0.548737 0.000165781 0.000216759 0.00292942 0.0026796 1.79079e-05 0.0052754 0.0246009 0.00129573 0.00816159 0.0228901 1.35984e-06 
0.00566038 0.00283806 4.82394e-07 5.60399e-05 0.00109427 0.000396635 4.01124e-05 0.000991914 2.54803e-10 0.00149174 0.000604748 0.00447838 0.000434697 0.0020864 0.00282539 0.958344 0.000184696 2.94784e-06 0.0030019 0.000179776 0.00782076 0.000998833 0.00561378 2.84707e-09 0.000666197 0.000182336 5.85797e-06 
0.0251884 0.00473828 4.36983e-05 0.0106262 0.0229916 0.0154279 1.11206e-10 0.0015476 0.0173324 0.00447426 3.76871e-05 0.0343561 0.0343111 9.61451e-09 0.00899679 0.637334 0.00177654 2.19817e-07 0.00662633 0.0110683 0.000586153 0.0124477 0.000796809 0.130148 0.019071 3.4481e-05 3.77427e-05 
0.0237805 0.0382531 0.0570082 0.000761685 0.00820496 0.00634257 0.000861285 0.00466976 1.77537e-05 0.0115488 0.000900617 0.0862773 0.00454685 6.01717e-07 0.00990474 0.608187 0.00979337 3.09761e-05 0.0395602 0.000583348 0.00389357 0.0569995 0.0220723 0.000174227 0.00436756 0.00123687 2.2721e-05 
0.0548777 0.028293 0.000324003 0.00290609 0.0514938 0.0167357 0.000481437 0.00362896 9.31082e-06 0.0396312 0.000385417 0.306774 0.00810841 0.00107362 0.00432223 0.420651 0.00775619 0.00184118 0.00013435 0.0276767 0.0149972 0.00128198 7.20998e-05 4.02383e-06 0.00629511 0.000242124 3.22368e-06 
0.0543829 0.0128088 8.926e-05 0.00050044 0.140989 0.0254466 7.0239e-06 0.000412407 2.98817e-05 0.0224722 0.000726017 0.257567 0.020282 0.0179012 0.0140783 0.37773 0.00685089 0.000586287 0.00295944 0.0107905 0.0102777 0.0118827 0.00044896 0.00220043 0.0010524 0.00748444 4.31171e-05 
0.0824533 0.0660747 1.72942e-05 0.000877374 0.106353 0.0436663 1.21708e-06 0.000122509 0.0195956 0.0375887 0.00281049 0.0220987 0.0479451 1.38653e-09 0.0217252 0.364774 0.00343581 1.15933e-05 0.000347866 0.1108 0.000600258 0.0382985 0.000141662 0.00872976 0.0158871 0.00563046 1.23564e-05 
0.0127287 0.0463714 4.72625e-05 0.000303607 0.102617 1.80471e-06 5.66826e-07 0.008161 2.50985e-07 0.149961 0.000889794 0.303607 7.08348e-08 0.0196115 1.31803e-10 0.316922 0.00148418 2.56269e-06 0.00107368 0.0235738 0.000612769 0.000466737 2.888e-05 1.18569e-06 0.0114358 9.67123e-05 2.43605e-08 
0.0219341 0.140223 0.000264197 0.00106664 0.0862379 0.000985062 3.46713e-06 0.00342254 0.000540779 0.00787381 0.00293929 0.154896 0.00244473 6.34544e-11 0.00880002 0.344751 0.00198742 0.00241454 0.01525 0.000209081 0.00477519 0.0529978 0.136064 0.00118549 0.00448886 0.004141 0.000104654 
0.0408076 0.015334 1.70486e-05 0.000520266 0.174531 0.0112285 0.00399252 0.00553321 8.18701e-06 0.0121044 0.000568733 0.111731 0.0248788 2.02678e-06 0.00520532 0.377418 0.00415306 8.81266e-05 0.0280274 0.00856007 0.0205918 0.0144638 0.102858 6.63761e-05 0.00565051 0.0315594 0.000100988 
0.0518463 0.0833212 0.000486987 0.00413018 0.0631425 0.0111251 0.0159551 0.0483478 0.000531654 0.0207734 0.0057842 0.217397 0.0284065 3.70569e-05 0.0194975 0.221227 0.00873222 0.000249137 0.0221862 0.00783468 0.0791301 0.0558542 0.0221548 0.00163459 0.00439914 0.00570053 0.000115489 
0.00935967 0.0466651 1.17926e-05 0.0403358 0.0968861 0.0022049 1.77107e-05 0.0128398 7.73462e-07 0.0177987 0.0048547 0.0940924 0.00293731 2.04912e-10 0.000468345 0.516452 0.00205467 0.000444128 0.01507 0.00311207 0.00112332 0.0297513 0.0767735 3.30258e-06 0.0130481 0.0136512 4.33233e-05 
0.0331596 0.111972 0.000129579 0.00365603 0.061876 0.0108481 0.000966158 0.0145233 0.000179554 0.0225466 0.00030153 0.181001 0.0248345 1.22867e-07 0.00227634 0.256608 0.00592741 0.000899326 0.0980041 0.0516835 0.037689 0.061352 0.00672982 3.6015e-06 0.00906748 0.00376349 2.24697e-06 
0.00566038 0.00283806 4.82394e-07 5.60399e-05 0.00109427 0.000396635 4.01124e-05 0.000991914 2.54803e-10 0.00149174 0.000604748 0.00447838 0.000434697 0.0020864 0.00282539 0.958344 0.000184696 2.94784e-06 0.0030019 0.000179776 0.00782076 0.000998833 0.00561378 2.84707e-09 0.000666197 0.000182336 5.85797e-06 
0.0545632 0.0246065 0.000194922 0.0107418 0.0468552 0.0721474 2.37836e-05 0.00459587 0.000113255 0.00546677 0.00247218 0.127795 0.0227768 0.00533739 0.0341251 0.493068 0.00927544 0.000252074 0.00476579 0.000933901 0.00636494 0.0510622 0.0070768 5.73631e-05 0.00840908 0.00676564 0.00015293 
0.0160383 0.00948504 2.85635e-05 0.00131992 0.06805 0.0272032 1.00692e-05 0.000751436 0.000405578 0.00993632 0.000210842 0.0194155 0.0665784 0.00874948 0.0128474 0.7177 0.00517122 0.000173608 0.00514018 0.00290469 0.00198742 0.012005 0.00417917 1.11718e-05 0.00212098 0.00612144 0.0014548 
0.220544 0.125553 3.2681e-06 0.00899157 0.0159856 0.138743 1.28051e-07 0.00512989 6.55301e-07 0.01434 1.74118e-05 0.0103513 0.049319 8.64057e-08 0.0113691 0.335724 0.000216455 1.95932e-05 5.68024e-05 0.0108212 0.0013414 0.00227298 7.3695e-05 0.00387811 0.0436874 0.000968467 0.000591561 
0.00566038 0.00283806 4.82394e-07 5.60399e-05 0.00109427 0.000396635 4.01124e-05 0.000991914 2.54803e-10 0.00149174 0.000604748 0.00447838 0.000434697 0.0020864 0.00282539 0.958344 0.000184696 2.94784e-06 0.0030019 0.000179776 0.00782076 0.000998833 0.00561378 2.84707e-09 0.000666197 0.000182336 5.85797e-06 
0.0146477 0.0239818 0.00131675 0.00451547 0.0605249 0.0679011 0.00102591 0.000132398 0.000207972 0.031282 0.0112603 0.0992365 0.0152691 5.45094e-09 0.0171242 0.583655 0.00356047 0.000323373 0.0052273 0.00143716 5.43169e-05 0.0471799 0.00173499 0.00164335 0.00384527 0.00290907 3.69818e-06 
0.0436695 0.00479468 1.79277e-05 0.00097669 0.0603025 0.011095 3.31246e-08 0.00139791 4.10348e-06 0.00832829 1.23345e-07 0.0877675 0.00298438 5.00941e-06 0.00101475 0.620355 0.000992995 2.21207e-10 0.0035268 0.000456078 0.000156347 0.0106708 0.0513215 6.32897e-07 0.0900874 7.37285e-05 6.98167e-07 
0.0912901 0.0121701 7.58075e-05 0.000587935 0.21013 0.0303105 1.48482e-05 0.000750416 6.36139e-05 0.0336828 3.81675e-06 0.16101 0.036286 0.0383475 0.0144227 0.318991 0.00720058 0.000654953 0.00492939 0.00493228 0.00144112 0.0176262 0.000506309 1.28667e-05 0.000100712 0.0144556 2.32854e-06 
0.0187207 0.0341224 0.000109083 0.000276333 0.00644174 0.000258953 0.00134122 0.0400038 4.04778e-09 0.0304346 0.00499848 0.115514 0.00188205 9.90944e-07 0.000230913 0.2728 0.00328654 1.2861e-05 0.00319246 0.00201121 0.206484 0.028879 0.224748 0.000208565 0.000471682 0.00338924 0.000180854 
0.0559261 0.0703102 2.21322e-05 0.00247928 0.0117077 0.013634 1.02288e-08 0.0136522 0.00432468 0.0037647 4.69071e-05 0.0618161 0.000508261 1.62972e-08 0.00353135 0.701225 0.00198191 1.42566e-07 0.00330944 0.00182446 0.000183828 0.00338047 0.0394988 1.63236e-08 0.00528219 0.00155654 3.31488e-05 
0.00801524 0.00391476 0.000152336 9.4336e-05 0.147835 0.00092094 0.228705 0.00681429 4.43332e-07 0.000870556 7.6204e-05 0.128403 0.00818562 3.63736e-10 2.35212e-06 0.461872 0.00227927 5.82934e-07 4.27332e-08 4.87391e-05 0.000437263 4.89274e-07 1.03869e-07 0.000883864 0.000427128 3.71284e-06 5.59098e-05 
0.0389564 0.0114717 3.12775e-05 0.00114136 0.191123 0.0166204 7.68879e-06 0.00330731 0.00543186 0.024763 0.000191856 0.0231288 0.071174 0.000211311 0.0194645 0.380664 0.00357516 0.000677948 0.00582208 0.00248502 7.37441e-05 0.0169228 0.0239445 0.150019 0.00536009 0.00330355 0.000127993 
0.0751034 0.0328724 4.48143e-05 0.0157195 0.0403292 0.0276783 0.00219794 0.00978925 0.000778508 0.00843905 0.000897761 0.0168557 0.0116236 8.83863e-05 0.0262137 0.256399 0.00240242 0.000127179 0.202783 0.00431163 0.00175266 0.122917 0.131507 0.00068284 0.00783763 0.000599248 4.8957e-05 
0.0947529 0.020557 0.000665711 0.00181433 0.1061 0.109994 1.20941e-05 0.000210651 0.000374494 0.165733 0.00131016 0.0446441 0.0440361 2.69245e-06 0.0184103 0.337014 0.00354652 9.93299e-06 0.00446334 0.00571951 0.00119746 0.0257106 0.000988691 3.55293e-08 0.00975183 0.00298 3.92552e-07 
0.0470446 0.00713656 0.000291755 0.000570135 0.196788 0.045828 0.0211891 0.000828229 0.0037389 0.0762338 0.000283994 0.0103493 0.0627116 0.000416292 0.0210485 0.435844 0.00274648 0.000402459 0.0161218 0.00431603 9.65928e-05 0.0254256 0.00783636 0.000195864 0.0104779 0.00203993 3.83675e-05 
0.0225769 0.0633355 1.26697e-05 0.00287947 0.00663981 0.00228459 0.000304515 0.0307046 1.01742e-05 0.00643273 1.08276e-05 0.110694 0.00252464 2.54623e-07 0.0183826 0.615477 0.00434948 9.28183e-07 0.000375849 0.00400228 0.000543489 0.000993719 0.105206 1.10506e-05 0.00162599 9.36399e-05 0.000527219 
0.00509813 0.0139653 0.00196834 0.0822203 0.00239323 0.00426024 3.21478e-09 0.000130487 7.41636e-06 0.00263461 1.18877e-05 0.00218988 0.000701869 1.18073e-07 0.000107152 0.59308 3.56401e-05 1.03069e-08 1.31785e-07 0.161515 6.24425e-05 0.121371 0.000143321 5.73458e-11 0.0079179 0.000179365 6.69128e-06 
0.0376105 0.0181575 0.126779 0.00048933 0.0105024 0.000986201 0.00179543 0.00451521 9.27137e-06 0.00497364 0.000229298 0.0366795 0.00246556 2.42983e-07 0.00275293 0.537586 0.0420076 1.58143e-06 0.00706594 0.000491879 0.000202062 0.0885138 0.0705764 1.59861e-05 0.00495893 0.000623003 1.09092e-05 
0.0181282 0.00211677 7.29017e-06 0.000124193 0.0510638 0.00837637 0.000669867 0.000436476 0.000301423 0.0791526 0.00026427 0.00127104 0.0363737 0.00278174 0.015525 0.762715 0.00223563 0.00131792 0.00183755 0.000333356 0.00260216 0.00581282 0.00291082 9.77352e-08 0.00344591 0.000190773 5.80062e-06 
0.0389564 0.0114717 3.12775e-05 0.00114136 0.191123 0.0166204 7.68879e-06 0.00330731 0.00543186 0.024763 0.000191856 0.0231288 0.071174 0.000211311 0.0194645 0.380664 0.00357516 0.000677948 0.00582208 0.00248502 7.37441e-05 0.0169228 0.0239445 0.150019 0.00536009 0.00330355 0.000127993 
0.0289535 0.0126722 1.64489e-05 0.000114698 0.0769761 0.00279691 0.00151395 0.000538423 2.57435e-05 0.0142568 0.0145781 0.19137 0.00109329 5.64831e-07 0.012233 0.633178 0.00325721 0.000339172 0.00048739 0.000688034 0.0003302 0.00122505 4.54461e-05 4.51559e-07 0.00195258 0.00133874 1.82063e-05 
0.204475 0.0113912 0.000408597 0.00158783 0.183114 0.0189589 9.84658e-08 0.00192387 7.64589e-05 0.0141114 2.79379e-05 0.0590673 0.014641 4.29845e-05 0.0515724 0.315097 0.0641501 9.25376e-07 0.000265383 0.00294128 0.000395552 0.00736679 2.95834e-05 5.06805e-05 0.04817 0.000133199 5.06447e-07 
0.0434589 0.00826997 0.000408249 0.0304094 0.0831187 0.0138119 9.89081e-05 0.02855 0.000418656 0.0128304 0.00121174 0.0743706 0.00382082 6.69648e-06 0.00424752 0.492972 0.00587342 0.00218244 0.0871556 0.0159648 0.000414072 0.0150067 0.0574314 1.03498e-06 0.0173764 0.000372517 0.000216697 
0.00245786 0.216305 3.05775e-06 6.25582e-06 0.0136789 1.05716e-05 0.00050135 6.49491e-05 5.22712e-05 0.0518996 0.0397472 0.201791 0.00323635 4.27957e-08 2.75131e-05 0.385414 1.95737e-05 4.88416e-08 0.000769357 0.0181312 0.0134746 0.0293392 0.00133465 3.44755e-06 0.0153762 0.00635403 1.79337e-06 
0.0556613 0.0258284 0.000208107 0.00247709 0.0577119 0.0336644 0.0245042 0.00247229 0.00075228 0.0340079 0.00417057 0.141822 0.0576019 0.00659327 0.0279639 0.368847 0.032304 0.000165173 0.0118082 0.0160411 0.000890943 0.028253 0.00057549 0.000120956 0.0201857 0.0142432 0.0311257 
0.0543718 0.0018766 2.65732e-05 0.000438863 0.30632 0.00976177 0.00209876 0.000321385 0.000342223 0.086343 0.000260651 0.0100284 0.0558966 9.70996e-05 0.0159066 0.397011 0.00131361 0.00515642 0.000674074 0.000797651 6.89387e-05 0.0125035 0.0314907 0.000242482 0.00534444 0.00129664 9.81996e-06 
0.145158 0.0348668 0.000534201 0.0039117 0.129962 0.0398418 9.46545e-07 0.00115635 0.00011233 0.0190027 9.11118e-06 0.00593101 0.0265015 9.55572e-08 0.0106545 0.395406 0.00061629 0.00118896 0.00059358 0.00241229 0.000659141 0.179373 6.55284e-05 3.81775e-05 0.00169647 0.00030718 1.2362e-06 
0.0124341 0.000554804 1.48207e-05 3.73881e-05 0.168553 0.00346111 1.45426e-05 1.44212e-05 0.013193 0.0173886 1.60295e-05 0.00199252 0.0735032 0.00111099 0.00506627 0.42173 0.0015216 5.91462e-08 0.00121858 4.64822e-06 1.1524e-06 0.00854642 0.245464 0.00640823 0.000563172 0.00513683 0.0120505 
0.0437803 0.0612849 4.55524e-05 0.0278274 0.152718 0.0304066 0.000248435 0.02442 1.65194e-05 0.00488476 0.000188406 0.0610056 0.00705344 3.97262e-10 0.00718204 0.462863 0.0018885 0.00108702 0.0091651 0.000642132 0.00626518 0.0196114 0.0616071 6.56025e-05 0.00431334 0.0114292 4.94065e-07 
0.0559261 0.0703102 2.21322e-05 0.00247928 0.0117077 0.013634 1.02288e-08 0.0136522 0.00432468 0.0037647 4.69071e-05 0.0618161 0.000508261 1.62972e-08 0.00353135 0.701225 0.00198191 1.42566e-07 0.00330944 0.00182446 0.000183828 0.00338047 0.0394988 1.63236e-08 0.00528219 0.00155654 3.31488e-05 
0.103204 0.032049 6.97069e-05 0.00174012 0.0950727 0.0471144 0.0184953 0.127253 0.0002917 0.100493 0.00018931 0.0475029 0.132018 0.000202976 0.0282191 0.188137 0.00293625 6.95606e-05 0.0346861 0.00614159 5.99669e-05 0.0212873 0.00663036 0.000696046 0.00498554 0.000444633 1.09239e-05 
0.0152026 0.0142613 8.65543e-06 0.00630148 0.266224 0.0732809 1.5516e-05 0.00524349 1.32698e-06 0.0022704 0.000628389 0.0923367 0.0319478 3.0025e-05 0.0170889 0.458952 0.000620198 6.20809e-07 1.42063e-07 8.14594e-06 1.2839e-06 0.000991366 0.000444059 4.66351e-05 0.00372647 0.0103672 6.98015e-07 
0.0737238 0.0156818 7.71934e-06 0.000582682 0.212488 0.0530136 7.02521e-06 0.00293758 0.00017542 0.0125056 0.00700541 0.0318162 0.014638 1.31653e-06 0.0117201 0.495351 0.00873211 6.04306e-05 6.35648e-05 0.0382444 9.73036e-05 0.00200883 3.90998e-05 9.82132e-05 0.0186176 0.000382708 4.85197e-07 
0.0195767 0.0197516 0.000106259 0.0104047 0.012919 0.00785808 2.13677e-06 0.00273945 2.53261e-05 0.0153871 7.58287e-05 0.278788 0.00420328 1.77801e-08 0.00691447 0.570768 0.00324682 0.000586089 0.00012853 0.0014047 0.00329291 0.0252662 0.000111334 8.07258e-06 0.0143915 0.00176251 0.000281612 
0.00801524 0.00391476 0.000152336 9.4336e-05 0.147835 0.00092094 0.228705 0.00681429 4.43332e-07 0.000870556 7.6204e-05 0.128403 0.00818562 3.63736e-10 2.35212e-06 0.461872 0.00227927 5.82934e-07 4.27332e-08 4.87391e-05 0.000437263 4.89274e-07 1.03869e-07 0.000883864 0.000427128 3.71284e-06 5.59098e-05 
0.0331735 0.00839565 9.34028e-06 0.000643062 0.0107086 0.00754442 0.000214793 0.00362535 2.96235e-05 0.0152231 0.0030194 0.131722 0.00662979 0.000588004 0.00980804 0.45725 0.00134249 0.000228236 0.00258956 0.00151184 0.00499554 0.00495983 0.291238 1.15127e-05 0.00337883 0.000963131 0.000196305 
0.0389564 0.0114717 3.12775e-05 0.00114136 0.191123 0.0166204 7.68879e-06 0.00330731 0.00543186 0.024763 0.000191856 0.0231288 0.071174 0.000211311 0.0194645 0.380664 0.00357516 0.000677948 0.00582208 0.00248502 7.37441e-05 0.0169228 0.0239445 0.150019 0.00536009 0.00330355 0.000127993 
0.0437803 0.0612849 4.55524e-05 0.0278274 0.152718 0.0304066 0.000248435 0.02442 1.65194e-05 0.00488476 0.000188406 0.0610056 0.00705344 3.97262e-10 0.00718204 0.462863 0.0018885 0.00108702 0.0091651 0.000642132 0.00626518 0.0196114 0.0616071 6.56025e-05 0.00431334 0.0114292 4.94065e-07 
0.0952455 0.0545457 0.000172471 0.020402 0.0306415 0.0340732 0.0013301 0.00651745 0.00023866 0.0584966 0.00345055 0.102401 0.0232995 7.52768e-07 0.0159554 0.222144 0.00789875 0.00028738 0.00725603 0.178252 0.000364384 0.0657743 0.019027 0.000198658 0.0372714 0.0147116 4.38619e-05 
0.148014 0.0676035 0.000939811 0.0043969 0.0674413 0.0177658 0.00239972 0.0097548 0.00690202 0.0052054 0.00026253 0.0672014 0.0375387 1.70951e-06 0.0132198 0.298368 0.00461466 6.45236e-05 0.0208598 0.0109857 0.0482907 0.00592011 0.00778316 0.127025 0.025995 0.00132843 0.000117437 
0.00566038 0.00283806 4.82394e-07 5.60399e-05 0.00109427 0.000396635 4.01124e-05 0.000991914 2.54803e-10 0.00149174 0.000604748 0.00447838 0.000434697 0.0020864 0.00282539 0.958344 0.000184696 2.94784e-06 0.0030019 0.000179776 0.00782076 0.000998833 0.00561378 2.84707e-09 0.000666197 0.000182336 5.85797e-06 
0.0113526 0.0646554 0.000170049 0.00197589 0.108271 0.00123104 0.00391454 0.0261716 2.16013e-07 0.0106935 0.00129711 0.0426716 0.00113976 7.45431e-07 0.0106673 0.541989 0.00110341 0.00158084 0.0156629 0.000788359 0.134415 0.0185825 0.000589998 3.72591e-05 0.000568887 0.000449119 1.97518e-05 
0.0705234 0.0428996 6.3496e-05 0.00142247 0.235656 0.0131434 6.40347e-07 6.78474e-05 0.000147397 0.0189301 0.000164149 0.225768 0.0161258 3.99532e-10 0.0178399 0.289834 0.00310318 1.53757e-06 0.000562596 0.00629523 3.0237e-05 0.00997636 0.0410773 0.000639472 0.00228232 0.00220325 0.00124172 
0.0277339 0.0068886 0.000752725 0.000462179 0.258063 0.00203978 1.56344e-05 1.02841e-05 4.91658e-06 0.165874 0.00351659 0.0282907 0.00158269 0.115163 0.00549775 0.304416 0.00382494 0.00317986 0.000119177 0.0450352 3.23384e-05 0.00611291 3.51945e-09 0.000123121 0.000524644 0.0207311 5.46389e-06 
0.0698674 0.0244895 0.000343987 0.0017765 0.117863 0.0098389 0.0417042 0.00242153 2.51936e-05 0.0297257 0.0125409 0.049097 0.0484119 0.0371071 0.0140154 0.503799 0.00821555 0.000612976 0.00127146 0.00653085 0.000507506 0.00245446 0.00529971 0.000183983 0.010511 0.00131093 7.36196e-05 
0.0706815 0.000478747 0.000113724 1.47022e-06 0.394872 0.00180254 5.23471e-05 2.68949e-06 2.31602e-06 0.00782556 2.81162e-05 0.00627215 0.00343733 3.18347e-08 0.011819 0.434791 0.00102174 3.63321e-08 6.21245e-06 0.000229273 1.45293e-06 0.0515068 0.00519115 0.00562587 0.00404601 0.000169125 2.22691e-05 
0.0170258 0.00132594 7.51401e-08 0.000136974 0.143358 0.00580805 2.37651e-05 2.43931e-05 3.38111e-07 0.00341308 0.0108258 0.28165 0.00752604 3.43259e-10 0.00444233 0.42972 0.00288038 4.43868e-07 0.0336924 3.07932e-05 0.0189916 0.0377796 0.000194327 7.80205e-05 0.000784717 0.000287458 2.39749e-08 
0.0164976 0.115839 0.00562566 0.00926706 0.0523554 0.0216119 0.000197416 0.00502184 0.00352362 0.0358619 0.00276907 0.18887 0.0378907 8.31958e-06 0.0402254 0.381809 0.0327589 0.000548129 0.00880087 0.00119406 0.00188539 0.0134506 0.0031325 4.19208e-05 0.0200892 0.000721174 3.68001e-06 
0.0417145 0.0088727 0.000189172 0.00069702 1.65102e-07 0.0511406 8.81963e-12 0.000211703 1.32829e-11 0.0099913 0.000160569 0.420664 0.00596437 1.48591e-11 4.20917e-07 0.447636 0.00329572 1.69583e-11 1.97922e-08 0.00156078 4.34278e-08 5.86408e-08 2.20123e-08 0.00206028 0.00583945 3.78045e-07 1.18372e-11 
0.0311593 0.0202479 2.16658e-05 0.000736503 0.11754 0.000651188 1.64783e-05 0.0193208 9.07209e-05 0.0132056 0.000332204 0.0946837 0.0132026 8.14311e-08 0.00588815 0.657252 0.0004544 3.63484e-05 0.00194412 0.00431982 0.000634731 0.00222169 0.000600577 0.00103654 0.00595653 0.00823545 0.000210878 
0.00801524 0.00391476 0.000152336 9.4336e-05 0.147835 0.00092094 0.228705 0.00681429 4.43332e-07 0.000870556 7.6204e-05 0.128403 0.00818562 3.63736e-10 2.35212e-06 0.461872 0.00227927 5.82934e-07 4.27332e-08 4.87391e-05 0.000437263 4.89274e-07 1.03869e-07 0.000883864 0.000427128 3.71284e-06 5.59098e-05 
0.00509813 0.0139653 0.00196834 0.0822203 0.00239323 0.00426024 3.21478e-09 0.000130487 7.41636e-06 0.00263461 1.18877e-05 0.00218988 0.000701869 1.18073e-07 0.000107152 0.59308 3.56401e-05 1.03069e-08 1.31785e-07 0.161515 6.24425e-05 0.121371 0.000143321 5.73458e-11 0.0079179 0.000179365 6.69128e-06 
0.00566038 0.00283806 4.82394e-07 5.60399e-05 0.00109427 0.000396635 4.01124e-05 0.000991914 2.54803e-10 0.00149174 0.000604748 0.00447838 0.000434697 0.0020864 0.00282539 0.958344 0.000184696 2.94784e-06 0.0030019 0.000179776 0.00782076 0.000998833 0.00561378 2.84707e-09 0.000666197 0.000182336 5.85797e-06 
0.027956 1.05725e-06 0.000109646 2.78039e-07 0.181486 0.00875276 1.23666e-07 3.02887e-05 2.60195e-05 0.00301711 2.38478e-05 0.0679541 0.0209773 9.08406e-12 0.00828576 0.635518 0.0012915 9.00442e-07 7.9642e-07 0.000168262 4.84531e-06 0.0072547 0.0292868 0.00187795 0.000152328 0.00578268 4.04461e-05 
0.0365028 0.00748434 3.30443e-08 0.00024628 0.0335372 0.00540558 3.51737e-11 0.000167956 8.96449e-06 0.0155539 0.000654057 0.100958 0.00215454 5.92597e-11 7.45122e-05 0.471832 0.00116448 3.07977e-07 0.0892388 0.0584474 2.35222e-05 0.00024347 0.173166 4.73757e-11 0.00204241 0.00109196 1.43096e-06 
0.142645 0.0283745 7.9852e-05 0.000970993 0.111055 0.00529865 0.0104435 0.0381991 1.05661e-05 0.0338601 0.00797825 0.17279 0.0101311 1.73872e-07 0.0122592 0.287727 0.00125831 1.83637e-06 0.0926351 0.0182749 0.0116135 0.00324752 0.000623992 0.00562243 0.00426594 0.000632889 6.354e-07 
0.0720599 0.0336919 0.000310871 0.00292165 0.134581 0.0315456 2.59655e-09 0.000780103 0.00173966 0.014847 0.00544314 0.116012 0.0316519 3.46521e-06 0.0442031 0.433023 0.0151776 2.31443e-06 0.00203395 4.36299e-05 0.00904632 0.0210836 0.00429698 0.00700396 0.0163926 0.00210226 2.31261e-06 
0.125542 0.0132615 0.00362073 0.00157251 0.107521 0.106899 1.09057e-06 0.00117429 1.95703e-05 0.0678395 0.00372639 0.113299 0.0631842 0.00081892 0.0276415 0.259441 0.0147497 3.86313e-05 0.0329176 0.00102785 0.000199853 0.00864566 0.0295014 0.00476597 0.00143761 0.0029138 0.00824026 
0.0243052 0.013094 2.61366e-05 0.00159246 0.0719273 0.0315622 0.0242611 0.00181026 1.57162e-05 0.0109841 0.00144516 0.214919 0.059355 2.74336e-07 0.00223811 0.358401 0.00309933 9.18033e-07 0.00279387 0.0946168 5.28582e-06 0.00541062 0.004039 1.22468e-05 0.0735954 0.000471037 1.89341e-05 
0.0803819 0.0040027 1.5818e-05 0.000284659 0.283064 0.0320624 0.000112999 0.00321091 0.00404818 0.00632729 0.000222687 0.0174504 0.0458451 0.000823718 0.0574946 0.354925 0.0242809 0.000334483 0.00883255 0.000434628 0.0031095 0.0338046 0.00776443 0.0162422 0.00318003 0.00653347 0.00521074 
0.00881317 0.0196166 0.000489284 0.000891098 0.0831868 0.00590293 8.46213e-07 0.000128403 0.000245207 0.110623 0.0131919 0.103561 0.00855479 2.00309e-11 0.0159379 0.344377 0.00111942 4.88165e-07 0.024395 0.000805724 6.90476e-05 0.224046 0.0129719 0.0164375 0.00291992 0.00171409 1.0101e-06 
0.018933 0.039071 0.000102231 0.00113915 0.0428702 0.0379095 0.00132721 0.00334572 1.24697e-05 0.0388349 0.000888355 0.10526 0.0202932 0.000599647 0.00133286 0.478936 0.00142205 8.0511e-07 3.86468e-05 0.193997 0.00010051 0.00523381 0.00292869 1.30685e-05 0.00448365 0.000920334 5.93038e-06 
0.0495183 0.0126761 3.81603e-05 0.00117784 0.0871967 0.0171378 0.000432064 0.00601942 0.0028375 0.0122183 0.00105914 0.00415509 0.0203793 0.000380394 0.0639024 0.584615 0.00265852 8.86256e-05 0.0113289 0.00583926 0.00150772 0.0642265 0.0407129 7.04176e-05 0.00915526 0.00066769 1.07644e-06 
0.0286201 0.0388919 0.0739225 0.000828431 0.00724484 0.00678012 0.00115483 0.00500957 2.76464e-06 0.00560695 0.000310814 0.0944046 0.00361095 1.17099e-07 0.00722201 0.585688 0.0125984 3.07517e-06 0.0320985 0.000759893 0.000874191 0.0598622 0.0278886 6.91034e-05 0.00525502 0.00126413 2.85161e-05 
0.0125339 0.0604745 0.000240336 0.0594937 0.00392477 0.0269001 0.000223432 0.0101063 9.21965e-06 0.117031 0.00178466 0.0903081 0.0547153 3.09317e-07 0.00483049 0.237421 0.0199133 0.000519166 0.0377107 0.0043284 0.000920501 0.0513271 0.0820032 1.84912e-05 0.104565 0.0184918 0.000205096 
0.0439175 0.0747935 0.128098 0.000521971 0.0704607 0.00136779 0.129853 0.00631731 0.000517273 0.00485892 0.00619293 0.226659 0.00626236 2.5102e-05 0.00321405 0.255558 0.013333 0.000153339 0.00116936 0.00578067 0.00155217 5.38146e-05 0.000333294 0.00347104 0.00357278 0.0116665 0.000296447 
0.0551514 0.0437141 1.13656e-07 0.0003971 0.0607614 0.00477997 0.10675 0.0105788 0.00107426 0.0229166 0.0110078 0.00365734 0.0137098 0.000197245 0.00790981 0.611972 0.00012952 3.75853e-05 0.00375209 0.00695902 0.00236171 0.00427834 0.000674135 0.00179522 0.0173668 0.00806736 6.18602e-07 
0.020888 0.0113938 0.000820596 0.00534162 0.159661 0.0654786 1.2801e-05 8.17756e-05 0.00104892 0.193367 0.000542189 0.00730293 0.0863736 2.18765e-08 0.00684706 0.312366 0.000163859 4.63729e-05 0.0512701 0.0100652 0.000466797 0.0340506 0.00131713 1.39114e-05 0.0308382 0.000241626 1.76483e-10 
0.0550096 0.0199052 5.2386e-06 6.73491e-05 0.0709484 0.00883722 4.59014e-06 0.000433875 3.06995e-06 0.0725571 7.89692e-05 0.107727 0.00890484 2.79182e-08 0.00217103 0.519516 0.00125242 0.000241234 0.00674777 0.0273732 0.000591069 0.00308183 0.0880946 0.00143798 0.00128855 0.00237569 0.0013459 
0.0459932 0.0300706 0.00479006 0.0020398 0.165748 0.0224034 0.0091422 0.00214695 0.00106745 0.067858 0.000592076 0.0509708 0.0418184 4.8843e-05 0.0208413 0.469732 0.00546315 0.00258887 0.00293067 0.00556606 0.0142086 0.00439148 0.00515862 0.0174725 0.0048162 0.00177264 0.000368306 
0.0559261 0.0703102 2.21322e-05 0.00247928 0.0117077 0.013634 1.02288e-08 0.0136522 0.00432468 0.0037647 4.69071e-05 0.0618161 0.000508261 1.62972e-08 0.00353135 0.701225 0.00198191 1.42566e-07 0.00330944 0.00182446 0.000183828 0.00338047 0.0394988 1.63236e-08 0.00528219 0.00155654 3.31488e-05 
0.0181734 0.00624813 1.56632e-05 0.000560133 0.0998184 0.0158909 1.15779e-07 8.88364e-05 0.00106702 0.0179355 2.29747e-05 0.0128026 0.0657108 5.09857e-09 0.0125211 0.529342 0.000659613 3.01088e-07 0.000666619 0.000200978 1.69241e-05 0.00819486 0.0519283 0.152775 0.00147281 0.00376203 0.000125302 
0.0175115 0.0181872 4.02413e-05 0.000947638 0.0712294 0.0125926 5.08143e-06 0.00683562 0.00040678 0.00292684 0.000109029 0.114331 0.00507021 0.00339215 0.0211833 0.685506 0.00304242 0.000471141 0.0101528 0.00936218 0.00014133 0.00991083 0.000572884 4.4559e-06 0.00383266 0.00218442 5.00727e-05 
0.0613541 0.0613793 2.09211e-05 0.00897732 0.0427813 0.00872913 3.81348e-06 0.0112295 1.30616e-05 0.00968936 0.00091967 0.198402 0.0179508 3.08444e-07 0.153863 0.371972 0.0015589 0.000613641 0.000918084 0.012854 0.000524517 0.0133468 0.00757515 0.000392266 0.0139965 0.000748101 0.00018594 
0.00881317 0.0196166 0.000489284 0.000891098 0.0831868 0.00590293 8.46213e-07 0.000128403 0.000245207 0.110623 0.0131919 0.103561 0.00855479 2.00309e-11 0.0159379 0.344377 0.00111942 4.88165e-07 0.024395 0.000805724 6.90476e-05 0.224046 0.0129719 0.0164375 0.00291992 0.00171409 1.0101e-06 
0.00764076 0.0850164 0.053736 0.000933528 0.00177335 0.0443662 5.83592e-06 2.86813e-05 3.22587e-05 0.00296243 2.62538e-07 0.115714 0.00126351 3.34487e-07 0.00839664 0.480132 0.00270529 3.54976e-05 0.0321171 0.00200605 2.06533e-05 0.00235445 0.0636571 2.67408e-07 0.0561701 0.0387577 0.000173947 
0.102754 0.0125853 8.28928e-06 0.00380619 0.0679001 0.0318508 0.000250673 0.000276758 0.00339406 0.00755224 0.00842878 0.060089 0.0196624 3.12065e-05 0.120289 0.454782 0.0107786 0.000744201 0.00458083 0.0389845 0.000165747 0.0164337 0.00245806 0.00700879 0.0231108 0.00195189 0.00012164 
2.73119e-05 0.00956868 0.0125758 0.00977741 2.49844e-07 1.97144e-06 1.86822e-09 2.73132e-07 1.40884e-07 3.00455e-07 1.83117e-10 0.0912164 0.00426986 2.333e-10 0.00226071 0.864955 0.00435968 2.66259e-10 1.35052e-10 3.45408e-06 3.47072e-07 7.81664e-07 4.32657e-06 8.17292e-08 0.000973496 5.13788e-09 3.33741e-06 
0.06748 0.0183641 8.506e-05 0.00333277 0.111105 0.0187955 0.000600285 0.000843101 0.0489724 0.0179961 0.000285281 0.0412542 0.0170241 1.09314e-07 0.0240448 0.449913 0.00177704 0.00049052 0.124352 0.0106585 0.000129468 0.00881806 0.0229589 0.00192137 0.00567921 0.0030689 5.08176e-05 
0.0607773 0.00195683 2.59715e-05 6.84402e-05 0.146412 0.0106074 0.00348999 0.000109428 1.86639e-05 0.0534131 0.0017364 0.00743532 0.113123 0.000327428 0.0807462 0.447494 0.0308826 0.000359139 0.000976513 0.000349634 4.77632e-05 0.0145343 0.00783324 0.00109622 0.000256233 0.00210597 0.0138176 
0.0186965 0.00335783 1.10392e-05 0.000771858 0.0207659 0.0598863 1.98242e-05 0.000415221 1.03041e-06 0.136737 0.00181682 0.0256332 0.0427231 2.21276e-05 0.0284899 0.386413 0.0111734 0.000344751 0.185162 0.000615384 0.000445196 0.017561 1.22784e-07 4.8968e-10 0.000688296 0.0010692 0.0571799 
0.0495183 0.0126761 3.81603e-05 0.00117784 0.0871967 0.0171378 0.000432064 0.00601942 0.0028375 0.0122183 0.00105914 0.00415509 0.0203793 0.000380394 0.0639024 0.584615 0.00265852 8.86256e-05 0.0113289 0.00583926 0.00150772 0.0642265 0.0407129 7.04176e-05 0.00915526 0.00066769 1.07644e-06 
0.00881317 0.0196166 0.000489284 0.000891098 0.0831868 0.00590293 8.46213e-07 0.000128403 0.000245207 0.110623 0.0131919 0.103561 0.00855479 2.00309e-11 0.0159379 0.344377 0.00111942 4.88165e-07 0.024395 0.000805724 6.90476e-05 0.224046 0.0129719 0.0164375 0.00291992 0.00171409 1.0101e-06 
0.00801524 0.00391476 0.000152336 9.4336e-05 0.147835 0.00092094 0.228705 0.00681429 4.43332e-07 0.000870556 7.6204e-05 0.128403 0.00818562 3.63736e-10 2.35212e-06 0.461872 0.00227927 5.82934e-07 4.27332e-08 4.87391e-05 0.000437263 4.89274e-07 1.03869e-07 0.000883864 0.000427128 3.71284e-06 5.59098e-05 
0.0186625 0.0648942 0.00761175 0.0102189 0.0516686 0.0138466 0.00628296 0.00683231 6.15369e-06 0.0141877 0.00207613 0.296229 0.0113027 1.79568e-06 0.0109186 0.401601 0.0202254 0.00128197 0.00355834 0.00231582 0.00211849 0.0112529 0.0157001 0.000391783 0.0241785 0.00136774 0.00126732 
0.131025 0.010964 0.000194283 0.00101228 0.0630104 0.017073 0.0230656 0.00412931 5.63398e-05 0.076432 0.000396915 0.114833 0.0265399 7.92102e-06 0.0157133 0.217456 0.00965201 0.000762274 0.00819456 0.0674357 0.000435806 0.0759904 0.100936 0.0273568 0.00685009 0.0003738 0.000102619 
0.0233718 0.0100754 1.6084e-07 3.9135e-06 0.137987 0.00834947 0.0130782 1.29479e-07 0.000824931 0.00275522 1.34226e-05 0.0659258 0.0413774 2.77232e-10 0.0253475 0.639699 0.00250127 3.85243e-07 0.00321226 0.000225409 0.00273773 0.01858 0.000210441 0.0010203 0.00169507 0.000977913 3.02089e-05 
0.0247543 0.000380424 4.52746e-09 6.21856e-05 0.07212 0.0558242 1.16225e-07 1.05963e-06 4.78182e-08 0.0470102 0.000186624 0.0030713 0.014744 9.21699e-08 0.00323608 0.767455 0.000325253 7.45757e-08 0.000137989 0.00365788 0.000323191 0.00409556 0.00114727 5.19591e-08 0.000222435 0.00124382 1.01187e-06 
0.00566038 0.00283806 4.82394e-07 5.60399e-05 0.00109427 0.000396635 4.01124e-05 0.000991914 2.54803e-10 0.00149174 0.000604748 0.00447838 0.000434697 0.0020864 0.00282539 0.958344 0.000184696 2.94784e-06 0.0030019 0.000179776 0.00782076 0.000998833 0.00561378 2.84707e-09 0.000666197 0.000182336 5.85797e-06 
0.0559261 0.0703102 2.21322e-05 0.00247928 0.0117077 0.013634 1.02288e-08 0.0136522 0.00432468 0.0037647 4.69071e-05 0.0618161 0.000508261 1.62972e-08 0.00353135 0.701225 0.00198191 1.42566e-07 0.00330944 0.00182446 0.000183828 0.00338047 0.0394988 1.63236e-08 0.00528219 0.00155654 3.31488e-05 
0.00881317 0.0196166 0.000489284 0.000891098 0.0831868 0.00590293 8.46213e-07 0.000128403 0.000245207 0.110623 0.0131919 0.103561 0.00855479 2.00309e-11 0.0159379 0.344377 0.00111942 4.88165e-07 0.024395 0.000805724 6.90476e-05 0.224046 0.0129719 0.0164375 0.00291992 0.00171409 1.0101e-06 
0.0137911 0.000966146 5.25064e-05 0.000429673 0.00305461 0.0158465 0.000111831 3.36433e-05 0.0209156 0.177317 0.00163367 0.211121 0.0113493 0.00482006 0.00343735 0.43115 7.84243e-05 6.74322e-06 1.77201e-05 0.0791218 0.0098387 0.00122482 0.000552406 2.15458e-08 0.0112402 0.00188875 2.14696e-08 
0.00881317 0.0196166 0.000489284 0.000891098 0.0831868 0.00590293 8.46213e-07 0.000128403 0.000245207 0.110623 0.0131919 0.103561 0.00855479 2.00309e-11 0.0159379 0.344377 0.00111942 4.88165e-07 0.024395 0.000805724 6.90476e-05 0.224046 0.0129719 0.0164375 0.00291992 0.00171409 1.0101e-06 
0.0899027 0.00363832 0.000122369 0.000150343 0.176501 0.014924 0.0029055 1.14203e-05 6.92251e-05 0.0393478 4.66303e-05 0.0448851 0.0973851 0.000225394 0.0154048 0.273211 0.00834365 5.65605e-05 0.000411648 0.00506676 0.000187185 0.00328625 0.0832782 0.116892 0.00065894 0.0147154 0.00837231 
0.021553 0.111937 0.00892598 0.0252672 0.163455 0.000230215 7.302e-07 0.00183611 0.00126823 0.0168437 0.00495661 0.0560676 0.0841915 9.25405e-09 0.0187335 0.235917 0.0137204 0.000450521 0.0141147 6.86976e-05 6.91791e-05 0.00428794 0.000134428 3.55056e-06 0.175405 0.0404518 0.000110983 
0.0263306 0.148303 7.00152e-05 0.00104573 0.0036518 0.00190835 8.88228e-11 0.00908804 4.70137e-06 0.000646115 9.15403e-08 0.132006 0.000605886 1.49646e-10 0.00019799 0.575002 1.17797e-05 1.70787e-10 0.00817568 0.0126632 0.000220502 4.49217e-05 0.0649402 0.000754231 0.0143274 1.21757e-07 1.62986e-06 
0.00948883 0.00458174 0.000303396 0.00131941 0.0547328 0.00148946 2.70817e-06 2.51813e-07 6.04028e-05 0.0393065 1.89104e-05 0.00714901 0.0135755 0.00191792 0.000239258 0.748409 0.000375936 8.36372e-07 0.000790104 0.107885 3.88054e-05 0.000580205 3.5653e-05 1.34889e-06 0.00360297 0.00409279 1.27973e-06 
0.0140644 0.0279564 2.65457e-06 0.000177673 0.0376517 0.000574797 0.0022177 0.00457977 2.32521e-06 0.0162944 8.72158e-07 0.0105094 0.0186696 7.3671e-07 0.00386626 0.855769 0.00014336 1.16541e-06 6.96528e-08 0.000120083 0.000808219 0.000122334 0.0033806 9.13107e-07 0.000174667 0.00170318 0.00120723 
0.00680027 0.0273641 0.00197686 0.00217769 0.0409382 0.00571114 2.42542e-05 0.0104844 0.00138881 0.0299017 0.000261613 0.148263 0.0108318 0.000182061 0.0270345 0.566416 0.0227141 0.00876428 0.0346513 0.0149841 0.00089411 0.019982 0.0119547 3.92439e-05 0.00294041 4.25435e-05 0.00327633 
0.00509813 0.0139653 0.00196834 0.0822203 0.00239323 0.00426024 3.21478e-09 0.000130487 7.41636e-06 0.00263461 1.18877e-05 0.00218988 0.000701869 1.18073e-07 0.000107152 0.59308 3.56401e-05 1.03069e-08 1.31785e-07 0.161515 6.24425e-05 0.121371 0.000143321 5.73458e-11 0.0079179 0.000179365 6.69128e-06 
0.0184477 0.00205274 7.76041e-06 0.000129597 0.0517764 0.00875988 0.00530557 0.000459496 0.00113731 0.0791604 0.000504184 0.00148783 0.0383252 0.00424455 0.0151014 0.741217 0.00222787 0.00142885 0.00284315 0.0004017 0.00296187 0.00707504 0.0102615 1.29237e-07 0.00448714 0.000189724 6.21546e-06 
0.0483558 0.0321401 3.54375e-05 0.188582 0.00726205 0.0270653 5.47203e-05 0.094869 1.9243e-07 0.00598868 0.00127561 0.0445633 0.00919439 0.00053379 0.014558 0.467936 0.00139565 0.000121489 0.00691916 0.00337999 0.00805103 0.0147977 0.00244855 0.000357497 0.0179102 0.00218554 1.80479e-05 
0.0113642 0.0541432 8.73655e-06 0.00771598 0.030801 0.0164197 3.16299e-05 0.00113916 9.92686e-08 0.000142562 7.58813e-05 0.0490656 0.00568751 7.52735e-07 0.0095584 0.772582 0.00694466 3.42154e-05 2.35319e-06 0.000571913 2.7144e-05 8.21904e-05 8.22638e-08 3.05252e-07 0.0253165 0.00824328 4.05434e-05 
0.0239674 0.00200563 1.32176e-06 5.62212e-06 0.00956801 0.000180004 0.00573933 4.0912e-05 2.04993e-06 0.0138533 1.02891e-07 0.0539498 0.0259728 0.000120899 0.000174966 0.859191 0.00188309 1.49607e-07 7.58839e-08 0.00195068 0.000942587 2.23944e-08 4.21349e-06 3.92049e-05 1.50112e-08 0.000384997 2.16393e-05 
0.142645 0.0283745 7.9852e-05 0.000970993 0.111055 0.00529865 0.0104435 0.0381991 1.05661e-05 0.0338601 0.00797825 0.17279 0.0101311 1.73872e-07 0.0122592 0.287727 0.00125831 1.83637e-06 0.0926351 0.0182749 0.0116135 0.00324752 0.000623992 0.00562243 0.00426594 0.000632889 6.354e-07 
0.0345218 0.0123377 1.7313e-07 0.00042867 0.0218552 0.00878251 0.000100645 0.000171936 2.41995e-08 0.00494996 0.00213928 0.062018 0.00520221 0.000632639 0.0327029 0.775886 0.00139479 2.97363e-06 0.00825302 0.000444459 0.000403106 0.023632 3.39324e-05 6.07029e-05 0.00337261 0.000667154 5.03338e-06 
4.83855e-05 0.000124008 0.000236581 3.32365e-05 0.00048376 0.00603401 0.00041636 2.19162e-05 2.5152e-05 0.0249907 0.000124951 0.107153 0.000369516 0.000564311 0.0024821 0.823363 3.00109e-05 0.000167249 1.85135e-06 0.00052218 0.00543636 0.0232943 0.000932789 2.5568e-06 0.00199327 6.97829e-07 0.00114725 
0.0509355 0.0199447 0.00023494 0.00276334 0.0432625 0.0346028 0.00166368 0.00930428 0.000576557 0.0218037 0.00053421 0.0186677 0.0227424 0.000391937 0.0190048 0.313525 0.0282208 0.000423808 0.164933 0.00789926 0.00156549 0.14976 0.0727181 2.11576e-05 0.0104311 0.00398611 8.25767e-05 
0.0658174 0.0747201 3.16297e-05 0.105238 0.0966631 0.0230719 8.42422e-05 0.00306071 8.98636e-07 0.0172217 0.00194112 0.129388 0.0123234 3.75783e-08 0.02414 0.326936 0.00233011 0.000214535 0.068915 0.00639813 0.00233347 0.0145387 0.000150958 0.0013087 0.022255 0.000913041 4.33822e-06 
0.0793628 0.0413725 0.00111765 0.000781162 0.102986 0.118474 0.000245246 0.000985675 0.000272278 0.07582 0.000206294 0.011262 0.109069 0.000124936 0.0104906 0.381434 0.0115532 0.000314374 0.00083668 0.00306339 0.000725177 0.0204771 4.57691e-05 0.000206486 0.0250508 0.00370449 1.84126e-05 
0.0389564 0.0114717 3.12775e-05 0.00114136 0.191123 0.0166204 7.68879e-06 0.00330731 0.00543186 0.024763 0.000191856 0.0231288 0.071174 0.000211311 0.0194645 0.380664 0.00357516 0.000677948 0.00582208 0.00248502 7.37441e-05 0.0169228 0.0239445 0.150019 0.00536009 0.00330355 0.000127993 
0.00774716 0.00430905 1.84703e-06 0.000272617 0.0118235 0.00314037 3.56072e-11 7.04266e-06 0.0190896 0.00317611 4.91246e-05 0.00644381 0.0202815 7.50425e-09 0.00156656 0.730917 0.000100924 4.17214e-09 0.000134768 0.0116321 6.25867e-05 0.000455873 4.24851e-05 0.170172 0.00851202 4.24594e-05 1.89184e-05 
0.0682302 0.0118237 7.19041e-05 0.000251329 0.0173069 0.0053781 1.92549e-06 0.00280925 2.02407e-05 0.0110286 0.00152717 0.0245585 0.0327124 1.72788e-09 0.00173591 0.783786 0.000627264 1.55422e-06 0.00020257 0.0034645 0.0166314 0.0121741 3.88964e-06 0.000277734 0.0011335 0.0040644 0.000176472 
0.0186965 0.00335783 1.10392e-05 0.000771858 0.0207659 0.0598863 1.98242e-05 0.000415221 1.03041e-06 0.136737 0.00181682 0.0256332 0.0427231 2.21276e-05 0.0284899 0.386413 0.0111734 0.000344751 0.185162 0.000615384 0.000445196 0.017561 1.22784e-07 4.8968e-10 0.000688296 0.0010692 0.0571799 
0.0443351 0.0777218 0.000115605 0.0155716 0.14372 0.0170685 5.22939e-05 0.0322775 2.67395e-05 0.00280626 0.000274324 0.233183 0.080536 2.47106e-07 0.0152663 0.257129 0.0202766 0.0001319 0.0396156 0.00150505 0.00293936 0.00666727 0.000332729 0.000241076 0.00315804 0.00504598 9.95251e-07 
0.111241 0.0201289 2.09225e-05 0.0022824 0.0271241 0.0455675 3.24407e-05 0.00293847 7.67824e-06 0.0463412 0.00104889 0.0428897 0.0251599 0.00206705 0.0356376 0.481551 0.0134936 0.000120029 0.00344724 0.0102389 0.00863359 0.092798 0.0127258 0.00321523 0.00900453 0.00220991 7.43691e-05 
0.0345917 0.00810212 4.18147e-05 0.000326877 0.159654 0.051674 1.48503e-08 2.4012e-05 3.33492e-05 0.021103 8.74728e-05 0.110297 0.0499365 4.55941e-06 0.0317515 0.424372 0.0029334 8.43377e-07 0.00058026 0.0306946 3.64681e-05 0.00181117 0.000258741 0.00961928 0.0029444 0.0588829 0.000238175 
0.00881317 0.0196166 0.000489284 0.000891098 0.0831868 0.00590293 8.46213e-07 0.000128403 0.000245207 0.110623 0.0131919 0.103561 0.00855479 2.00309e-11 0.0159379 0.344377 0.00111942 4.88165e-07 0.024395 0.000805724 6.90476e-05 0.224046 0.0129719 0.0164375 0.00291992 0.00171409 1.0101e-06 
