0.231422 0.0108062 4.63397e-06 0.000345562 0.0960417 0.154518 1.34565e-07 0.000464858 2.50522e-05 0.0135819 0.000117024 0.0395813 0.0863673 4.76643e-09 0.0277638 0.00103868 0.274232 2.06395e-05 0.00158323 0.000974196 0.000220357 0.0130931 1.41124e-05 6.14624e-06 0.00391085 0.043847 1.98542e-05 
0.0671443 0.0492069 0.00425733 0.00920471 0.103858 0.223727 2.55951e-06 0.0179094 0.00716653 0.0318831 0.000659084 0.0304214 0.0740209 0.0610697 0.0170749 0.00383634 0.2263 0.00033223 0.000876933 0.0141051 0.000593148 0.0106194 2.17487e-05 3.49808e-08 0.0184893 0.0272198 5.58843e-11 
0.14502 0.0623281 0.00499024 0.0194029 0.105812 0.0730271 0.0017296 2.83388e-05 3.60223e-08 0.00542639 2.11164e-05 0.0700811 0.0976712 1.97307e-10 0.106315 0.00578337 0.184448 6.0944e-08 0.000118607 0.0572613 0.000230166 0.00536677 2.06863e-06 8.9335e-06 0.0288972 0.0259866 4.3796e-05 
0.174617 2.67608e-08 1.37566e-05 0.000771234 0.0382455 0.0234361 0.00244558 0.00508519 6.96117e-09 0.0450379 2.66248e-05 0.00738883 0.0278212 8.92916e-12 0.217767 0.00014043 0.264951 1.25e-07 0.000100999 0.00136815 0.00332655 0.0542887 0.000222799 3.03529e-08 0.0107193 0.122225 1.19042e-08 
0.0133453 0.17566 2.05356e-05 0.0433472 0.0123553 0.00217451 2.07765e-11 0.00403177 2.45463e-07 3.60857e-12 1.15022e-06 0.0328131 0.0367768 3.50036e-11 0.0786172 0.000758583 0.581075 7.91496e-07 2.86522e-07 0.00192375 2.01177e-07 0.0126541 3.03765e-05 7.12953e-05 0.00358096 0.000545831 0.000215309 
0.0305619 0.00391629 6.66682e-05 9.46654e-05 0.0524668 0.142964 0.000381993 0.0037499 9.75484e-07 0.0965666 2.79887e-05 0.018478 0.0263742 0.000196763 0.158798 0.001345 0.353597 2.78877e-05 0.0017624 0.00365117 4.97353e-05 0.0180272 6.60422e-05 3.77637e-06 0.0161084 0.0707069 9.5977e-06 
0.0538669 0.0142711 0.000188992 0.000541269 0.0523195 0.0330499 3.19669e-08 0.000922724 4.42921e-05 0.0334396 0.000280429 0.0787268 0.0770688 1.52663e-05 0.11255 0.0126258 0.337592 0.000740316 0.0128532 0.00140536 5.67532e-05 0.112904 0.0376402 0.000170605 0.0112828 0.0154355 8.31638e-06 
0.0106871 0.0062448 0.000190077 0.000428036 0.00398915 0.020332 2.46704e-06 0.00113751 1.08341e-08 0.0247138 0.00188315 0.117391 0.00678414 8.36652e-09 0.0463149 0.0049039 0.743123 0.000174255 0.00016186 0.000546767 0.0018508 0.003444 0.00023488 1.16091e-05 0.00196519 0.00348183 4.38447e-06 
0.147512 0.0758418 0.000408653 0.00263226 0.0377479 0.205278 0.000242505 0.00703815 0.00047705 0.0379782 0.000480823 0.0375426 0.134391 4.94294e-06 0.00792896 0.00428203 0.211592 0.0011128 0.00294616 0.00578652 0.000450332 0.0169515 3.16666e-05 0.000253407 0.0464966 0.0145847 7.92435e-06 
0.0526851 0.000463299 1.00472e-08 0.0100987 0.261189 0.0403326 5.66388e-12 0.0016246 3.60879e-05 0.0336632 0.000581071 0.0302063 0.0419855 4.31569e-08 0.0794053 0.140067 0.271419 2.77627e-07 0.000138497 0.000349525 4.60663e-05 0.00880459 0.00030487 0.000711794 0.000467464 0.0251616 0.000259269 
0.104875 0.0110232 0.00334154 0.00360678 0.14826 0.0908033 0.000219473 0.0131678 0.000978843 0.0332597 0.00044193 0.0512686 0.0795241 2.29982e-07 0.110905 0.00497826 0.203128 0.00838337 0.00231779 0.00368137 0.000235562 0.0368146 0.00355631 0.00260322 0.00815277 0.0744079 6.44298e-05 
0.0298677 0.0469951 4.87823e-06 0.00629999 0.0749923 0.00120967 0.000259327 4.50795e-05 9.86601e-07 0.00162168 0.0405838 0.133033 0.00177892 1.10367e-06 0.0101402 0.00212356 0.448408 5.52961e-06 0.00109069 0.000282601 0.154729 0.0312097 0.000158032 0.000313991 0.000896727 0.0139049 4.42216e-05 
0.128345 0.0208859 5.06168e-07 0.00103498 0.0352947 0.042703 4.92508e-05 0.00223299 0.000155835 0.0302892 0.000210592 0.0394223 0.0488495 1.71356e-07 0.0364814 0.000665033 0.448594 0.000563785 0.000220794 0.0369858 2.46082e-05 0.00219392 1.77571e-05 1.62522e-07 0.107491 0.0171748 0.00011203 
0.00893566 0.00170273 0.000123495 6.17579e-05 0.0513449 0.138758 6.85288e-09 0.0152727 7.77296e-06 0.0655136 7.32476e-06 5.26422e-05 0.0149968 2.38511e-06 0.0349712 0.00113778 0.591033 1.31766e-08 0.00406852 0.000418297 9.96114e-06 0.0223786 5.24168e-05 2.6367e-06 0.00508471 0.0440583 5.58953e-06 
0.0632943 0.000360161 1.63077e-06 2.93504e-05 0.141463 0.0712525 4.78912e-10 2.44687e-06 5.2356e-06 0.000808694 1.3066e-06 0.00868459 0.0011712 8.06858e-10 0.347919 0.000208026 0.362589 9.20845e-10 3.86258e-05 0.000111686 1.67219e-06 0.00144103 8.22791e-06 2.47194e-05 2.33546e-05 0.000460248 9.9872e-05 
0.0305619 0.00391629 6.66682e-05 9.46654e-05 0.0524668 0.142964 0.000381993 0.0037499 9.75484e-07 0.0965666 2.79887e-05 0.018478 0.0263742 0.000196763 0.158798 0.001345 0.353597 2.78877e-05 0.0017624 0.00365117 4.97353e-05 0.0180272 6.60422e-05 3.77637e-06 0.0161084 0.0707069 9.5977e-06 
0.0305619 0.00391629 6.66682e-05 9.46654e-05 0.0524668 0.142964 0.000381993 0.0037499 9.75484e-07 0.0965666 2.79887e-05 0.018478 0.0263742 0.000196763 0.158798 0.001345 0.353597 2.78877e-05 0.0017624 0.00365117 4.97353e-05 0.0180272 6.60422e-05 3.77637e-06 0.0161084 0.0707069 9.5977e-06 
0.226738 0.0321288 1.28175e-06 0.000106217 0.0268417 0.0266641 2.23275e-07 0.00301643 0.000102035 0.0165656 7.35474e-06 0.000569526 0.170957 1.32001e-11 0.00314876 0.00040859 0.450023 7.04507e-05 2.37379e-05 0.000371889 0.000144536 0.000541008 2.45139e-06 4.63456e-09 0.0409547 0.000612081 1.26102e-08 
0.046426 0.0101197 6.99057e-05 0.000104248 0.107396 0.152989 9.86276e-05 0.00151205 1.50051e-06 0.0056903 8.0353e-06 0.0670868 0.0294276 3.27987e-11 0.244819 0.0050674 0.315922 0.000403978 0.00010349 0.00207535 0.000101897 0.00112724 7.50241e-05 4.17836e-05 0.001723 0.00734794 0.000262447 
0.0369986 0.0146431 0.0557143 0.00108197 0.0541914 0.0297346 1.03746e-10 0.000392387 4.2521e-05 0.201755 0.00695533 0.00420437 0.0132499 5.78443e-05 0.00445636 0.0035497 0.298892 1.19389e-05 2.65315e-05 0.0030826 8.93269e-05 0.0157452 0.000204209 8.12832e-05 0.0116414 0.243198 1.5207e-07 
0.0588966 0.00224033 0.000341788 0.00231653 0.101119 0.082687 6.23933e-06 0.000289331 0.000812153 0.0533148 0.000317199 0.0298865 0.104665 1.66723e-08 0.0117969 0.00372165 0.464361 7.26994e-07 0.00173726 0.000725713 3.15276e-05 0.00805238 4.04811e-05 1.07811e-07 0.00180043 0.0707307 0.000108913 
0.00489918 1.32296e-05 1.26599e-05 0.000561408 0.161499 0.0248809 9.53183e-08 0.00104955 5.724e-07 0.0326643 4.00441e-06 0.0445729 0.145521 0.0679369 0.00582723 0.00481325 0.250372 1.27759e-05 0.00477637 3.98905e-08 9.02412e-08 7.8787e-06 3.62367e-06 1.09821e-05 4.08429e-07 0.249547 0.00101203 
0.0474234 0.149424 1.28593e-05 0.000811882 0.0101536 0.00756861 0.000130832 0.000149128 5.20448e-05 0.0883267 4.95684e-07 0.0597705 0.0834251 0.0270785 0.00250121 0.00171931 0.396892 0.00407828 0.000874052 0.0381059 3.06255e-07 0.0102706 1.16692e-06 1.35365e-09 0.0648257 0.00634309 6.08737e-05 
0.0929325 0.0419253 0.000506856 0.0015648 0.0187048 0.0180975 0.000724503 0.00451103 1.14237e-06 0.0754919 0.000307929 0.258164 0.0518912 1.45824e-05 0.00427565 0.00373891 0.356651 6.05885e-05 5.64075e-05 0.0103715 3.12465e-05 0.000858471 5.64872e-05 0.000136448 0.0090791 0.0497213 0.000125011 
0.0422831 0.0116762 5.37698e-06 0.000309117 0.0547944 0.0110577 1.13258e-07 0.0052943 3.12614e-06 0.000507112 0.00024104 0.160119 0.00572995 1.37726e-09 0.116788 0.00979039 0.270577 1.02189e-06 0.00033191 0.00036141 0.261348 0.0402255 0.00133334 0.00502502 0.00146027 0.00043221 0.000306387 
0.182962 0.0259201 2.46701e-06 0.000490131 0.13294 0.0211072 1.00427e-07 0.00687627 4.55715e-07 0.00430317 1.10013e-05 0.162516 0.0506722 2.62572e-09 0.156736 0.000793255 0.221705 4.23622e-05 0.00342514 0.000326306 0.000442803 0.0236109 2.95751e-05 0.00122669 0.000823081 0.00290838 0.000129553 
0.0246242 0.00376873 8.86478e-05 0.0324363 0.157353 0.0650523 1.21611e-07 0.00127784 0.00162201 0.0100016 0.000105819 0.0175984 0.126223 2.79125e-08 0.123164 0.0161085 0.238181 0.000744756 0.00319954 0.000155764 5.02957e-05 0.0108375 0.0139475 0.0870697 0.00233719 0.0632501 0.000801485 
0.0510065 0.0076285 1.07823e-05 0.000176225 0.0800863 0.00834284 0.032751 0.000851598 6.59524e-06 0.00196037 0.000577926 0.170974 0.0186026 0.000394908 0.151277 0.00626917 0.226643 0.000184218 0.000535594 0.000715449 0.000498687 0.0102508 0.000296751 0.000208177 0.00101145 0.016472 0.212267 
0.0305619 0.00391629 6.66682e-05 9.46654e-05 0.0524668 0.142964 0.000381993 0.0037499 9.75484e-07 0.0965666 2.79887e-05 0.018478 0.0263742 0.000196763 0.158798 0.001345 0.353597 2.78877e-05 0.0017624 0.00365117 4.97353e-05 0.0180272 6.60422e-05 3.77637e-06 0.0161084 0.0707069 9.5977e-06 
0.128764 0.00969503 0.00734525 8.45291e-05 0.125591 0.117046 0.00020054 0.000489655 0.000168393 0.0347765 0.000451029 0.089479 0.0232761 5.39651e-08 0.0945727 0.00682302 0.263166 1.13471e-05 0.000708552 0.00376008 0.00362545 0.0595739 0.000173096 0.0110991 0.00321069 0.0158865 2.25975e-05 
0.0305619 0.00391629 6.66682e-05 9.46654e-05 0.0524668 0.142964 0.000381993 0.0037499 9.75484e-07 0.0965666 2.79887e-05 0.018478 0.0263742 0.000196763 0.158798 0.001345 0.353597 2.78877e-05 0.0017624 0.00365117 4.97353e-05 0.0180272 6.60422e-05 3.77637e-06 0.0161084 0.0707069 9.5977e-06 
0.0675523 0.0315261 0.131946 0.00326473 0.0392181 0.0167873 2.01854e-05 0.000911415 1.73757e-05 0.0366566 0.000282276 0.278795 0.0550414 2.54707e-07 0.00378279 0.00201584 0.281108 0.000284793 0.00287491 0.000946138 0.00012327 0.0126862 0.000146665 1.31373e-06 0.0203522 0.012569 0.00108925 
0.0828672 0.0327558 0.000600883 0.00623642 0.0498556 0.0191305 4.81503e-05 0.00105589 2.66346e-05 0.0252573 0.000320749 0.259397 0.0043477 0.000374586 0.0144028 0.0160728 0.331085 0.00139804 0.00138047 0.0912051 0.000409645 0.0127554 0.000241871 3.83627e-05 0.00875104 0.0396241 0.000360049 
0.100494 0.00041856 3.45541e-06 3.876e-05 0.0178155 0.0167429 4.10298e-12 1.42614e-05 1.31254e-05 0.00805653 3.26936e-06 0.000601218 0.00732023 6.9126e-12 0.0038913 0.000255782 0.833366 4.25263e-07 0.000112627 2.41448e-05 3.84952e-08 0.00478315 9.71685e-05 5.65351e-09 7.62037e-05 0.0058634 7.44657e-06 
0.0601766 0.0232127 9.88e-05 0.00502987 0.160287 0.0881566 0.00152814 0.00290539 0.000318321 0.0491129 0.00289284 0.0841276 0.0690764 2.59803e-06 0.0257907 0.00559556 0.310175 0.00719163 0.00208962 0.00828717 0.00146697 0.0607625 0.000688548 0.00207247 0.0144853 0.0144397 2.93255e-05 
0.0573022 0.0260025 2.20905e-05 0.000164613 0.0377514 0.101258 1.96579e-06 0.00236324 1.73917e-05 9.13048e-06 1.43307e-05 0.0469937 0.158847 4.06879e-10 0.0277561 0.000175237 0.357583 5.98146e-07 0.0124103 0.000142967 0.00130327 0.102608 0.00591638 0.0577954 0.00180254 0.00097478 0.000785019 
0.201246 0.0717791 0.00218038 0.0903956 0.0593345 0.0790676 0.0183896 0.006847 2.87331e-05 0.0117578 0.000400316 0.0603265 0.0310706 1.43692e-11 0.0357781 0.0058717 0.262706 0.00105796 0.00555003 0.00107249 0.00226144 0.0169621 0.000209743 0.0188982 0.0113583 0.00521751 0.000233177 
0.116892 0.0236519 3.30613e-06 0.0003796 0.0125735 0.028768 0.000149588 0.00206869 4.71232e-05 0.113603 3.60161e-05 0.00751464 0.155172 8.63377e-07 0.0415728 0.000186295 0.432244 0.000970161 0.000123686 0.00318534 1.16698e-05 0.000111784 2.58609e-06 5.15004e-06 0.0583908 0.00233082 5.03979e-06 
0.031892 0.0311986 2.30534e-05 0.000993513 0.0158158 0.326206 5.8159e-09 0.00236219 1.08094e-05 0.0149391 1.36123e-05 0.00376307 0.0589063 6.8999e-07 0.0141248 0.000577837 0.451736 0.000184124 0.00187809 0.00166921 0.000255404 0.00315987 1.11551e-05 2.10793e-05 0.00319587 0.0367893 0.000272494 
0.0243123 0.00400335 0.000284063 0.000145158 0.0220915 0.095098 3.43548e-08 0.000188205 1.1171e-07 0.000676313 0.00108378 0.247593 0.021955 2.88685e-11 0.273753 0.00744677 0.282701 0.000417245 7.92792e-05 0.000271261 0.000594942 0.0126592 0.000250409 0.00126757 0.000972298 0.00195455 0.000201051 
0.0284354 0.0381 0.00925008 0.0274301 0.0358941 0.052949 0.00417116 0.0231947 1.24871e-05 0.00380215 0.252978 0.0327185 0.0344305 0.00781317 0.0418305 0.0118326 0.376016 2.41185e-05 0.000404854 0.000494047 0.000441662 0.00285002 6.59531e-05 3.41643e-05 0.00672787 0.00781623 0.000282655 
0.0305619 0.00391629 6.66682e-05 9.46654e-05 0.0524668 0.142964 0.000381993 0.0037499 9.75484e-07 0.0965666 2.79887e-05 0.018478 0.0263742 0.000196763 0.158798 0.001345 0.353597 2.78877e-05 0.0017624 0.00365117 4.97353e-05 0.0180272 6.60422e-05 3.77637e-06 0.0161084 0.0707069 9.5977e-06 
0.122783 0.0135129 1.3011e-06 0.00292886 0.0294618 0.0203181 0.0542029 0.0344876 2.19497e-06 0.157265 0.00144472 0.026221 0.0027198 3.17575e-10 0.0152156 0.00114502 0.428289 0.000528381 0.00020189 0.00799571 0.00219257 0.00515655 9.04733e-05 0.000138591 0.00888832 0.0648062 1.6086e-06 
0.0144431 0.00768427 9.94606e-06 0.00232674 0.00482864 0.00236321 1.13475e-05 0.000972743 1.9292e-08 0.0105411 1.10668e-05 0.030203 0.1512 2.15812e-08 0.00892568 0.00749034 0.605039 0.000317694 0.000515959 0.000108326 1.21272e-08 0.0427756 3.88609e-06 1.34041e-06 0.0236111 0.0863377 0.000277408 
0.118966 0.0292602 0.00510035 0.00289697 0.106122 0.0483929 0.00507132 0.0174463 0.002251 0.0326033 0.000594636 0.0394847 0.0520709 2.09675e-06 0.150427 0.00981292 0.287101 0.00517231 0.00578291 0.00607735 0.000286536 0.0323347 0.00193685 0.00454853 0.0110619 0.0102918 0.0149035 
0.0718979 0.00132331 7.8859e-06 0.000202062 0.153512 0.0890379 6.83352e-07 0.00217863 2.98298e-05 0.00453518 9.93935e-05 0.0519939 0.0237099 9.95762e-06 0.0189077 0.0246083 0.318865 0.000128517 0.000468915 0.00068626 0.000179842 0.222558 3.87066e-06 9.20411e-07 0.00165409 0.0133781 2.16211e-05 
0.205475 0.00094076 0.000292803 0.000361974 0.0773207 0.0570099 8.39777e-13 0.000630115 1.47037e-05 0.0108126 1.45058e-05 0.0120679 0.0251833 3.63376e-08 0.102477 0.00189155 0.487231 4.40853e-08 6.39866e-05 0.000513024 5.71215e-05 0.015939 1.01978e-05 1.42444e-05 8.92746e-05 0.00157749 1.1581e-05 
0.194141 0.014234 4.89655e-06 0.00271121 0.0502734 0.0233767 0.00052392 0.0230847 0.01817 0.0374702 0.0222049 0.00489561 0.0266221 4.82414e-07 0.0137118 0.01856 0.489381 0.00149778 0.0034417 0.0034094 0.0137233 0.0112361 0.00117555 7.79467e-07 0.0258982 0.000239624 1.17439e-05 
0.104372 0.0437871 0.000464782 0.0336832 0.0259505 0.108201 0.0012784 0.025937 4.78531e-05 0.02403 0.00103408 0.151939 0.108451 0.000514747 0.0789776 0.0200216 0.212762 0.00211059 0.00366449 0.010926 0.0012213 0.0224913 8.08817e-05 0.000850732 0.009928 0.00713772 0.000136628 
0.119286 0.0585825 0.00106541 0.0035729 0.0888306 0.0787373 0.00664613 0.0135544 0.0014485 0.0529387 0.00187484 0.084593 0.101971 0.000316504 0.0236434 0.0256015 0.19125 0.0191454 0.00433382 0.0069974 0.0277508 0.0141034 0.000197335 0.000352872 0.0105334 0.0608344 0.00183921 
0.0207566 0.00854018 0.0415011 0.000771317 0.114727 0.0219177 5.58836e-08 1.05287e-06 8.41643e-08 0.00553409 7.28589e-05 0.0151726 0.106386 9.41513e-08 0.00555256 0.00128184 0.621259 0.006931 0.000804462 1.06445e-06 2.93786e-05 0.00509247 1.0626e-06 7.01278e-06 0.0212467 0.00237837 3.54963e-05 
4.09575e-05 2.13747e-07 2.22576e-05 0.000112846 0.00602611 0.112755 0.000161577 8.32279e-06 2.34791e-06 0.0111231 1.91673e-05 0.135236 0.00015397 2.62652e-06 0.0374778 0.000610387 0.6934 0.000239059 0.000175091 5.37695e-06 0.000486262 3.34828e-05 0.000654119 0.000120893 3.00216e-05 2.2188e-05 0.00108047 
0.241766 0.00411311 8.58047e-05 0.00211727 0.0543101 0.118725 0.00105541 0.0147528 0.00272856 0.0163306 1.93744e-05 0.00111816 0.0511173 2.13228e-08 0.00783446 0.000632388 0.3278 3.15983e-05 0.000960927 0.0186185 0.000274342 0.00547298 3.25536e-06 6.5014e-07 0.0321905 0.0979397 4.25722e-07 
0.0411993 0.00323587 8.7189e-05 0.000707662 0.0163321 0.0238575 2.52701e-06 0.000124743 2.77135e-05 0.0127216 6.17888e-05 0.0193135 0.0251107 1.99487e-06 0.0107425 0.00091105 0.81956 0.000983242 0.000582713 0.00113691 0.00012918 0.0010886 2.00768e-05 6.47887e-05 0.0021853 0.0197666 4.51687e-05 
0.0305619 0.00391629 6.66682e-05 9.46654e-05 0.0524668 0.142964 0.000381993 0.0037499 9.75484e-07 0.0965666 2.79887e-05 0.018478 0.0263742 0.000196763 0.158798 0.001345 0.353597 2.78877e-05 0.0017624 0.00365117 4.97353e-05 0.0180272 6.60422e-05 3.77637e-06 0.0161084 0.0707069 9.5977e-06 
0.174617 2.67608e-08 1.37566e-05 0.000771234 0.0382455 0.0234361 0.00244558 0.00508519 6.96117e-09 0.0450379 2.66248e-05 0.00738883 0.0278212 8.92916e-12 0.217767 0.00014043 0.264951 1.25e-07 0.000100999 0.00136815 0.00332655 0.0542887 0.000222799 3.03529e-08 0.0107193 0.122225 1.19042e-08 
0.0305619 0.00391629 6.66682e-05 9.46654e-05 0.0524668 0.142964 0.000381993 0.0037499 9.75484e-07 0.0965666 2.79887e-05 0.018478 0.0263742 0.000196763 0.158798 0.001345 0.353597 2.78877e-05 0.0017624 0.00365117 4.97353e-05 0.0180272 6.60422e-05 3.77637e-06 0.0161084 0.0707069 9.5977e-06 
0.0154084 0.000308043 3.02499e-05 9.03221e-05 0.0206916 0.223355 6.13619e-07 0.000612135 1.25907e-05 0.00334731 4.74462e-05 0.00412993 0.0458238 2.6587e-07 0.0900295 0.00420448 0.517256 0.000106183 0.00176096 8.68084e-05 0.000478267 0.0569883 1.34395e-05 1.3963e-06 0.00036682 0.0148463 4.06712e-06 
0.0658273 0.0194491 0.000152631 0.00107982 0.0368835 0.0866693 8.39778e-07 0.00372897 8.70593e-05 0.00334739 6.42278e-05 0.0645492 0.0424147 9.34385e-09 0.0499906 0.00072903 0.549144 0.000961254 0.0029531 0.00309941 2.30989e-05 0.0442705 0.000140809 2.29374e-06 0.011049 0.0133667 1.56048e-05 
0.0474362 0.0732148 2.41829e-05 0.00234262 0.0299876 0.081571 3.45306e-07 0.0154618 3.5589e-05 0.118501 0.000366689 0.0508948 0.156217 4.93532e-05 0.0440086 0.000178591 0.26687 4.79492e-06 0.000130505 0.0493104 0.000507619 0.00421689 2.68372e-05 0.000436589 0.00824831 0.0499573 1.24722e-07 
0.205475 0.00094076 0.000292803 0.000361974 0.0773207 0.0570099 8.39777e-13 0.000630115 1.47037e-05 0.0108126 1.45058e-05 0.0120679 0.0251833 3.63376e-08 0.102477 0.00189155 0.487231 4.40853e-08 6.39866e-05 0.000513024 5.71215e-05 0.015939 1.01978e-05 1.42444e-05 8.92746e-05 0.00157749 1.1581e-05 
0.0510778 0.0202123 0.000164898 0.0102119 0.0331979 0.200638 2.21236e-07 0.00766073 1.6478e-05 0.0250834 0.000109837 0.0685375 0.0315819 1.3375e-06 0.103265 0.00841974 0.389077 0.000110587 0.00201674 0.000917928 0.00128681 0.0321465 6.74532e-05 1.56044e-05 0.00612347 0.00805814 8.81248e-07 
0.0146651 0.00864539 3.21927e-05 0.00061074 0.00942225 0.0106183 2.31901e-06 3.9811e-07 7.1371e-07 0.000455535 1.16246e-05 0.00457572 0.120602 2.92325e-09 0.0796867 2.92127e-05 0.634017 1.11513e-05 2.71978e-06 0.00083476 1.39275e-05 0.000294853 1.08245e-05 1.5342e-07 0.0936744 0.0217815 1.35506e-07 
0.208344 0.00573723 0.000381356 0.000399912 0.0185288 0.232504 2.83879e-08 0.00668105 0.0013591 0.125225 2.59001e-05 0.00680414 0.0448839 5.63158e-07 0.015703 0.000582458 0.249567 3.60854e-06 0.000953402 0.00152322 0.00225807 0.0576292 1.2024e-05 1.52208e-08 0.00630322 0.0145781 1.21672e-05 
0.0632996 0.00870499 0.00953911 0.00042916 0.0617589 0.00466731 0.00335682 0.00168591 9.19518e-05 0.00804574 0.00339069 0.341351 0.00181194 5.27768e-07 0.00834089 0.0485834 0.401634 0.00618575 0.000168689 0.00115769 0.0058847 0.0104097 5.4879e-05 5.30568e-05 0.000819798 0.00821968 0.000354521 
0.0820833 0.0060209 7.10327e-06 0.0400802 0.122759 0.0518643 5.29469e-10 0.0102848 6.90164e-05 0.00398172 0.00057839 0.116826 0.0293728 4.50775e-05 0.104011 0.00334446 0.184323 5.5162e-07 0.155694 0.00265921 0.000841303 0.0166548 0.00474485 3.82879e-06 0.0491211 0.0145924 3.59588e-05 
0.0655954 0.0217345 0.00394639 0.00459768 0.0208908 0.00348015 7.20848e-06 5.21917e-07 1.15076e-06 0.00438063 4.76005e-06 0.0105934 0.00614372 4.73204e-05 4.48101e-05 0.00177417 0.845834 0.0010353 0.0003756 0.00318383 5.11056e-05 0.000207141 1.26928e-05 1.02915e-06 1.47413e-07 0.00605532 1.02551e-06 
0.108405 0.00942116 0.00101641 0.0011299 0.0521109 0.00711363 0.000176743 0.00231595 1.44228e-05 0.0129365 0.000153664 0.072378 0.0178835 8.93807e-07 0.0123706 0.00159961 0.686478 0.00021496 0.000115682 0.0002271 0.000192537 0.00577566 2.55976e-05 9.66367e-05 0.000591065 0.00594184 0.00131408 
0.00647903 2.42566e-08 6.17193e-07 2.01965e-07 8.08849e-07 2.40534e-06 1.31946e-07 2.00423e-07 2.93539e-07 1.50438e-06 4.00423e-09 0.163285 0.0269581 5.05109e-11 0.10149 1.77546e-07 0.691806 5.76466e-11 2.83653e-07 3.13684e-07 4.03081e-07 0.00976257 0.000208066 4.03813e-11 5.78413e-12 4.36774e-06 1.52946e-07 
0.194141 0.014234 4.89655e-06 0.00271121 0.0502734 0.0233767 0.00052392 0.0230847 0.01817 0.0374702 0.0222049 0.00489561 0.0266221 4.82414e-07 0.0137118 0.01856 0.489381 0.00149778 0.0034417 0.0034094 0.0137233 0.0112361 0.00117555 7.79467e-07 0.0258982 0.000239624 1.17439e-05 
0.00901264 0.000330086 0.00191245 0.0112944 0.0272182 0.0208338 5.20984e-11 1.06911e-05 2.52147e-07 0.000985764 5.33525e-06 0.00932316 0.0154014 8.7774e-11 0.000776186 5.42727e-05 0.897809 0.00107356 3.19443e-05 1.26207e-06 8.7253e-07 0.00146226 5.53749e-06 3.539e-06 0.000163582 0.00228875 1.24649e-06 
0.0236188 0.00421779 0.000263767 0.00180115 0.013729 0.0334687 3.41872e-10 0.0157397 0.000113732 0.0348225 2.52557e-05 0.000566133 0.0524079 2.6491e-07 0.00118447 1.63602e-05 0.408803 3.92755e-05 0.0018627 0.000409713 5.88471e-06 0.0267316 3.4121e-06 2.51706e-06 0.00787001 0.372295 1.28331e-06 
0.0432849 0.00735929 7.85021e-06 0.000131866 0.0102907 0.18722 1.47974e-05 7.57511e-06 7.58948e-05 0.0056987 3.54175e-11 0.00432088 0.121645 2.4355e-08 0.0589987 0.000273591 0.357816 3.59344e-07 6.57171e-05 9.06856e-05 0.00011276 0.0846775 3.78716e-07 1.27527e-07 0.00602553 0.111881 3.59469e-11 
0.168436 0.0128018 7.02654e-08 4.42289e-05 0.00170812 0.0418922 4.95295e-06 0.000186704 1.33868e-06 0.0139615 8.92719e-07 0.000287591 0.336719 2.3374e-10 0.000324356 2.96774e-05 0.361589 7.02269e-07 2.63619e-05 0.000199541 0.00010619 0.00239171 3.35486e-07 1.86865e-10 0.0591067 0.000180983 4.79025e-09 
0.0371808 0.00416228 0.000121963 2.69728e-05 0.0353353 0.00368831 1.31729e-09 7.14839e-05 0.00014373 0.00174768 4.23256e-07 0.00402804 0.00110723 2.21933e-09 0.00344397 0.00228318 0.89241 0.00013602 7.65055e-05 0.00105758 2.78264e-05 1.07498e-05 4.5041e-06 5.15531e-07 0.000866168 0.0120662 2.6118e-06 
0.0557707 0.00052793 1.0575e-05 9.27296e-05 0.0361324 0.0185799 4.80437e-12 0.000122015 3.11184e-07 0.000945063 2.49561e-05 0.00800118 0.0094114 8.09427e-12 0.144566 0.000234428 0.703826 5.2068e-05 0.00186258 0.00024503 1.23931e-08 0.0167257 1.14271e-05 4.35414e-07 0.000198017 0.00263908 2.01136e-05 
0.0661318 0.0264297 3.16996e-06 0.0303413 0.0178454 0.24992 0.0133086 0.00125038 0.000239271 0.00639692 1.6291e-06 0.0205948 0.118564 4.56446e-07 0.0886633 0.0251893 0.286896 0.00427503 6.98336e-05 0.00181723 0.00220587 0.0344666 1.8871e-05 2.97585e-05 0.00368735 0.0016351 1.85799e-05 
0.0781138 0.0589942 2.18193e-05 0.00404993 0.022225 0.00799786 1.73444e-05 0.0119035 1.04963e-06 0.00238187 0.000110429 0.0468472 0.0344953 2.49571e-11 0.00399138 0.00320003 0.682054 2.84828e-11 0.00417946 0.00700953 7.61488e-05 0.0106965 1.19787e-05 0.000109666 0.0161473 0.0053648 2.73341e-08 
4.88563e-07 1.54009e-05 2.33023e-05 1.09249e-05 2.58169e-06 9.29853e-07 6.80793e-06 4.06956e-06 1.02532e-05 1.01256e-05 9.00263e-06 9.0962e-06 1.16835e-06 1.14698e-05 1.98841e-06 3.35941e-06 0.999636 1.30902e-05 6.63963e-06 3.27441e-05 6.44531e-06 1.95945e-06 1.80741e-06 9.16964e-06 1.76135e-05 0.000129004 2.42241e-05 
0.00210974 0.00030822 1.87803e-06 1.66348e-05 0.0276257 0.270831 3.50831e-11 0.000789732 2.67294e-06 0.000728219 1.61783e-05 0.000317321 0.00948195 2.83979e-07 0.00406523 0.00109695 0.667889 1.77169e-07 0.00101523 2.3747e-07 0.00151129 0.00921429 1.07676e-06 6.28294e-09 0.000156499 0.00281852 1.38583e-06 
0.174486 0.000105539 1.40261e-06 5.05895e-05 0.0854347 0.0090261 2.72386e-06 5.54597e-05 9.16661e-06 0.0176731 3.74504e-05 0.0132765 0.0331944 1.16187e-08 0.168643 0.00107095 0.46163 0.000275308 0.000228401 0.000352609 0.000237876 0.0290439 2.31373e-05 2.58561e-06 6.08156e-05 0.00507552 2.91469e-06 
0.0119125 0.00134757 4.49213e-06 0.0227559 0.117613 0.00645954 9.35578e-08 0.000745015 1.5968e-06 0.00133052 0.00956739 0.0607831 0.119882 0.000193167 0.0221343 0.0636053 0.539784 1.727e-05 0.000122502 0.0115952 0.000147936 0.000239053 4.03542e-05 4.16223e-08 0.00895341 0.000751502 1.29745e-05 
0.114871 0.0268251 0.0159577 0.000671809 0.0205986 0.0202444 4.8102e-11 0.00990313 0.000212176 0.0432062 8.3485e-05 0.132162 0.0166643 8.10411e-11 0.0747668 0.00235372 0.498221 2.40904e-05 0.00303065 0.00196969 9.57275e-05 0.00282765 6.06648e-06 0.000106761 0.00256423 0.0126117 2.20275e-05 
0.0510065 0.0076285 1.07823e-05 0.000176225 0.0800863 0.00834284 0.032751 0.000851598 6.59524e-06 0.00196037 0.000577926 0.170974 0.0186026 0.000394908 0.151277 0.00626917 0.226643 0.000184218 0.000535594 0.000715449 0.000498687 0.0102508 0.000296751 0.000208177 0.00101145 0.016472 0.212267 
0.179043 0.0970749 0.00010175 0.0184494 0.0224166 0.16426 1.14264e-06 0.00781723 0.00324471 0.0530873 0.000627344 0.0419112 0.0454189 2.77846e-07 0.00881958 0.00317983 0.260975 1.60214e-05 0.0092288 0.0173664 0.0002632 0.0108981 6.66541e-05 4.9884e-07 0.0549489 0.000783115 1.10797e-06 
0.0325702 0.0252211 0.000223449 0.00149923 0.0106434 0.0295405 9.28683e-05 0.0026214 3.23518e-08 0.00278184 0.000829932 0.0284415 0.00512157 1.25738e-09 9.68915e-06 0.00166898 0.444727 0.000519124 0.0867041 0.0805646 0.0119855 0.13578 0.000288257 3.98205e-05 0.0910321 0.00709314 5.44332e-08 
0.201904 0.00693932 0.000182607 0.000723979 0.0065896 0.257845 4.82284e-06 0.00221138 0.0126099 0.00822149 0.0001268 0.0217581 0.0502712 1.07652e-06 0.00510848 0.000990514 0.283579 0.000937619 0.0124683 0.00200172 0.000152395 0.101488 1.44919e-05 6.27405e-07 0.0178598 0.00599873 1.18209e-05 
0.0352644 0.00371237 0.000107943 2.43621e-05 0.0260688 0.00324922 9.77281e-09 6.32275e-05 5.34462e-05 0.00106316 1.26596e-06 0.00345955 0.017268 1.6465e-08 0.00881189 0.00211774 0.826889 2.45376e-05 7.39537e-05 0.0628894 1.65079e-05 0.0034877 4.98812e-06 1.68548e-06 0.000564312 0.00477876 4.06453e-06 
0.0383111 0.00412813 8.37558e-05 0.00896815 0.0443359 0.0691787 1.29702e-07 0.00211074 0.00456233 0.0333338 5.95061e-05 0.0677167 0.120792 4.00081e-09 0.227093 0.0476949 0.296454 0.00089881 0.00133817 0.00430022 0.000156027 0.0176469 0.00262094 6.64933e-05 0.00259888 0.00554899 2.09481e-06 
0.0890475 0.0449907 5.32293e-05 0.00905287 0.0510288 0.0993539 0.0179402 0.0140934 6.38801e-05 0.118725 0.000165153 0.0605243 0.0822904 8.44792e-10 0.0754887 0.00295828 0.184914 0.00064877 0.000341085 0.0256286 0.00569145 0.0266145 8.49655e-05 6.75376e-10 0.0586159 0.0316765 8.35992e-06 
0.0451661 0.200923 0.147301 0.0283814 0.038397 0.0178121 4.00102e-08 0.00449176 3.25703e-05 0.00594436 1.95018e-05 0.0509029 0.0240595 2.14302e-10 0.0615008 0.000999508 0.268826 0.00201991 9.72186e-07 0.0110244 0.000281598 0.0133578 1.28719e-05 0.00288697 0.0751458 0.000385415 0.000126503 
0.201246 0.0717791 0.00218038 0.0903956 0.0593345 0.0790676 0.0183896 0.006847 2.87331e-05 0.0117578 0.000400316 0.0603265 0.0310706 1.43692e-11 0.0357781 0.0058717 0.262706 0.00105796 0.00555003 0.00107249 0.00226144 0.0169621 0.000209743 0.0188982 0.0113583 0.00521751 0.000233177 
0.038083 0.00517287 0.000105704 0.000576727 0.0684008 0.0200138 0.0174901 0.00592546 1.10761e-05 0.0108998 0.0028516 0.145077 0.0840332 0.00297598 0.240151 0.00387153 0.323979 0.000919557 2.21922e-05 0.00873469 0.00011484 0.00418458 3.94263e-05 0.00237383 0.00488722 0.00829346 0.000811979 
0.0357459 0.0428708 0.00036592 0.00546122 0.035032 0.196481 8.42715e-05 0.000635342 3.30888e-07 0.0382377 0.000401086 0.108809 0.0115317 1.57664e-05 0.0688823 0.00564074 0.358646 2.00114e-05 0.000126016 0.00297423 0.0098207 0.00479506 0.00117437 0.0209539 0.0315496 0.0195902 0.000155706 
0.0171317 0.0434663 0.0912638 0.00797411 0.0649246 0.0840094 2.70669e-10 0.00353275 0.000225883 0.0459761 0.00453835 0.0495115 0.176019 4.56015e-10 0.00561644 0.00135596 0.297757 1.25703e-06 1.23803e-05 0.000137275 9.37753e-05 0.0117448 0.00015652 0.000137902 0.0152663 0.0791456 1.43231e-06 
0.232323 0.00573001 4.99646e-06 0.000304431 0.0300134 0.203007 1.19402e-06 0.000546306 0.000102301 0.0230557 1.34514e-05 0.00825552 0.124656 3.60922e-09 0.0795733 0.0021515 0.265415 0.00028078 0.000553878 0.000529967 5.19103e-05 0.01606 2.12124e-05 0.000506482 0.000943417 0.00588325 1.69631e-05 
0.188827 0.0189757 2.54476e-05 0.000791236 0.0143581 0.0157658 0.000144315 0.0010075 0.00111117 0.00542153 0.000829098 0.130976 0.0105155 0.000589519 0.0473109 0.0295721 0.452942 0.0116703 0.000239524 0.0408602 3.32887e-05 0.002127 0.000155835 0.0106175 0.013886 0.000651499 0.000595427 
0.0376216 0.0193855 0.005729 0.000924576 0.0999656 0.0135761 1.51015e-06 0.00472365 0.000225363 0.0100807 0.00497242 0.0475388 0.0382936 3.91662e-05 0.016854 0.00191879 0.301484 0.13773 1.87548e-05 0.00692922 0.00296882 0.0111286 3.17979e-05 0.137849 0.00987789 0.0138661 0.0762653 
0.0705991 0.00796939 1.53925e-05 8.02578e-05 0.232356 0.0751504 1.40025e-05 0.000753441 4.96443e-07 0.0469015 2.21079e-05 0.0141038 0.0168402 0.00053309 0.132636 0.00157443 0.324128 0.000513535 0.000815671 0.00160532 5.29881e-05 0.0288652 0.000370029 4.61408e-05 0.0128797 0.0311637 9.91203e-06 
0.0305619 0.00391629 6.66682e-05 9.46654e-05 0.0524668 0.142964 0.000381993 0.0037499 9.75484e-07 0.0965666 2.79887e-05 0.018478 0.0263742 0.000196763 0.158798 0.001345 0.353597 2.78877e-05 0.0017624 0.00365117 4.97353e-05 0.0180272 6.60422e-05 3.77637e-06 0.0161084 0.0707069 9.5977e-06 
0.0945153 0.0192006 0.000338519 0.00529576 0.0524033 0.0598706 3.44422e-05 0.0159776 0.000787529 0.0139033 0.000225062 0.17169 0.0589844 2.08214e-06 0.0640483 0.0153687 0.344707 0.00600419 0.0113508 0.00155393 0.00386391 0.0266976 0.00874615 0.00393657 0.00673514 0.0120332 0.00172657 
0.200915 0.0111498 0.000368972 0.00206879 0.0427503 0.207158 2.04848e-07 0.00223834 0.000530679 0.066743 0.000272782 0.0258818 0.0249725 3.6764e-08 0.0131567 0.000949401 0.226999 0.000143523 0.0412752 0.0117837 0.00655065 0.0717107 0.000459151 9.59446e-05 0.0167335 0.0250826 9.90954e-06 
0.205475 0.00094076 0.000292803 0.000361974 0.0773207 0.0570099 8.39777e-13 0.000630115 1.47037e-05 0.0108126 1.45058e-05 0.0120679 0.0251833 3.63376e-08 0.102477 0.00189155 0.487231 4.40853e-08 6.39866e-05 0.000513024 5.71215e-05 0.015939 1.01978e-05 1.42444e-05 8.92746e-05 0.00157749 1.1581e-05 
0.201246 0.0717791 0.00218038 0.0903956 0.0593345 0.0790676 0.0183896 0.006847 2.87331e-05 0.0117578 0.000400316 0.0603265 0.0310706 1.43692e-11 0.0357781 0.0058717 0.262706 0.00105796 0.00555003 0.00107249 0.00226144 0.0169621 0.000209743 0.0188982 0.0113583 0.00521751 0.000233177 
0.0154084 0.000308043 3.02499e-05 9.03221e-05 0.0206916 0.223355 6.13619e-07 0.000612135 1.25907e-05 0.00334731 4.74462e-05 0.00412993 0.0458238 2.6587e-07 0.0900295 0.00420448 0.517256 0.000106183 0.00176096 8.68084e-05 0.000478267 0.0569883 1.34395e-05 1.3963e-06 0.00036682 0.0148463 4.06712e-06 
0.10896 0.00903331 0.000177324 7.88599e-05 0.0438334 0.0543266 0.00227674 0.00394476 8.65866e-06 0.0583886 9.36971e-05 0.0156338 0.102152 9.85982e-05 0.0743779 0.000942118 0.385704 0.000605852 0.00366943 0.000214799 0.000359193 0.121033 4.47577e-05 3.64743e-06 0.000552726 0.0134827 4.17039e-06 
0.0174214 0.0380598 4.26009e-08 5.43313e-06 0.00172602 1.79277e-07 2.01599e-10 7.32631e-05 1.04768e-07 0.000626378 2.66589e-10 0.00788247 0.0316962 3.39649e-10 3.11222e-07 0.000209315 0.845731 2.90474e-07 0.00012113 0.0325269 1.90861e-10 0.00347888 6.46498e-09 2.71535e-10 0.0175062 0.002935 3.0488e-09 
0.0909622 0.0106892 2.83196e-05 0.000621819 0.0413122 0.0281616 3.28354e-12 0.000308643 1.30965e-05 0.00500775 0.000531145 0.0193367 0.0116177 5.53202e-12 0.00368971 0.0123597 0.765457 2.99307e-07 0.000127303 0.000497427 6.40529e-06 0.00364714 8.89231e-06 2.99913e-05 0.00393892 0.00164012 6.84329e-06 
0.10082 0.00557019 1.3923e-09 0.00334534 0.110457 0.0187022 0.0587824 0.000788066 1.125e-05 0.0266339 0.000677532 0.159888 0.00945118 4.67955e-05 0.117238 0.00266616 0.348078 0.00118391 6.72801e-05 0.00477702 0.000588451 0.00137775 0.000122894 2.71567e-05 0.00426236 0.0241433 0.000294256 
0.139537 0.022576 0.000486314 0.00345037 0.141944 0.132156 4.14944e-09 0.0182636 0.000295549 0.0855464 0.000670392 0.0506909 0.0798036 0.00537962 0.0630675 0.0238969 0.155745 0.0016256 0.00148668 0.00911581 0.00145675 0.0182553 0.00117858 0.00109477 0.0196575 0.0225858 3.38926e-05 
0.140474 0.00171515 0.000226484 8.29313e-05 0.0231166 0.185277 1.60023e-05 0.00117992 8.59903e-06 0.180184 1.04313e-05 0.00176032 0.0790341 2.07761e-08 0.00544592 0.000258882 0.257373 2.12804e-06 0.000234854 0.000582191 0.000437587 0.0615655 1.5377e-05 5.06074e-07 0.000812197 0.0601862 8.99705e-07 
0.103584 0.0732548 7.88077e-05 0.00265256 0.0300945 0.076404 7.8322e-05 0.0281119 1.66648e-05 0.0346224 0.00147378 0.0602845 0.0712489 4.11605e-10 0.00831312 0.000232043 0.303245 1.82304e-05 0.00159731 0.0130784 3.59522e-05 0.0368224 2.0457e-05 0.000757577 0.0367829 0.117191 2.88196e-07 
0.0186338 0.00922733 8.27914e-05 0.000326998 0.0114913 0.000317777 0.00161502 7.68366e-05 5.91201e-06 0.00449226 0.000630838 0.0208919 0.00387013 9.21231e-07 0.00553816 0.000607691 0.911193 0.000445476 0.00038225 0.00368282 6.83642e-05 0.00388755 4.29965e-06 7.36486e-07 0.00213791 0.000379591 8.84855e-06 
0.0302764 0.000522732 0.000173831 0.00143372 0.0741232 0.0764488 0.000183373 0.0119604 0.000312109 0.0709249 4.33926e-05 0.0404595 0.0461044 5.41216e-07 0.0505244 0.0037522 0.49223 0.000390188 2.82309e-06 0.000215884 0.000242922 0.00943777 5.09335e-06 1.18602e-05 0.0602266 0.0299762 1.65194e-05 
0.0196371 0.00557884 9.05092e-05 0.000159849 0.0351213 0.0168377 0.00017868 0.000580464 3.02524e-05 0.00647713 3.35714e-05 0.0931649 0.0692648 1.07126e-07 0.178224 0.00518793 0.484956 6.34242e-05 0.00013837 0.00111768 1.39331e-06 0.00149446 0.000150877 0.00016469 9.40813e-05 0.0154789 0.0657736 
0.118676 0.142449 8.63848e-05 0.00463411 0.0518151 0.0518622 0.00222564 0.0136582 0.000427612 0.0287918 0.0271598 0.0189744 0.0870604 6.35289e-11 0.0077739 0.0183494 0.252894 1.13567e-05 0.00310321 0.00583895 0.000685437 0.0925363 0.00012918 1.89245e-06 0.0658426 0.00496019 5.30587e-05 
0.0702442 0.0301439 3.41356e-08 7.58107e-05 0.103163 0.00548814 0.00253389 0.0263192 6.62608e-06 0.142795 2.27693e-06 0.0608348 0.0746305 0.00031052 0.0995802 0.069995 0.264958 2.32826e-05 0.0123695 0.000722228 0.0219712 0.00205606 3.36479e-05 6.98391e-06 0.00350409 0.00819906 3.26182e-05 
0.0106871 0.0062448 0.000190077 0.000428036 0.00398915 0.020332 2.46704e-06 0.00113751 1.08341e-08 0.0247138 0.00188315 0.117391 0.00678414 8.36652e-09 0.0463149 0.0049039 0.743123 0.000174255 0.00016186 0.000546767 0.0018508 0.003444 0.00023488 1.16091e-05 0.00196519 0.00348183 4.38447e-06 
0.128603 0.0323999 0.00144341 0.0056891 0.0397181 0.0490541 0.00264785 0.00516597 0.00239493 0.0876634 0.00178243 0.0399693 0.166349 5.42377e-06 0.0136675 0.00221699 0.246968 9.21844e-05 0.000319759 0.00554279 0.00229806 0.0102024 0.000889961 0.000426629 0.0221844 0.132162 0.000142771 
0.166947 0.0180143 0.00132729 0.00215994 0.143043 0.0446186 0.00141019 0.00798652 0.000456855 0.0515499 0.0097435 0.0855569 0.0391594 1.82244e-06 0.029949 0.00618252 0.1801 0.0079636 0.00220299 0.0243763 0.00976049 0.016259 0.000560847 0.02934 0.00987261 0.109574 0.00188282 
0.00210974 0.00030822 1.87803e-06 1.66348e-05 0.0276257 0.270831 3.50831e-11 0.000789732 2.67294e-06 0.000728219 1.61783e-05 0.000317321 0.00948195 2.83979e-07 0.00406523 0.00109695 0.667889 1.77169e-07 0.00101523 2.3747e-07 0.00151129 0.00921429 1.07676e-06 6.28294e-09 0.000156499 0.00281852 1.38583e-06 
0.0364825 6.10409e-08 7.00858e-07 2.26094e-09 0.0221964 0.0324484 5.23612e-09 1.94177e-05 1.04915e-06 0.000100879 3.58181e-05 0.111907 0.0263314 5.02988e-07 0.285297 4.65168e-06 0.483573 6.76222e-05 0.000176238 1.29697e-06 9.05075e-06 0.000202648 3.76409e-06 9.05261e-05 1.71743e-05 0.000926605 0.000105651 
0.00210974 0.00030822 1.87803e-06 1.66348e-05 0.0276257 0.270831 3.50831e-11 0.000789732 2.67294e-06 0.000728219 1.61783e-05 0.000317321 0.00948195 2.83979e-07 0.00406523 0.00109695 0.667889 1.77169e-07 0.00101523 2.3747e-07 0.00151129 0.00921429 1.07676e-06 6.28294e-09 0.000156499 0.00281852 1.38583e-06 
0.0361059 0.000304014 4.30822e-05 0.000116864 0.00789996 0.0606457 6.15868e-10 2.93811e-05 2.78649e-06 0.000940673 3.59418e-06 0.00294786 0.0483863 8.98018e-13 0.114394 0.000227885 0.379269 0.000212126 0.000176869 1.41708e-07 0.000342196 0.346818 3.00844e-05 2.32275e-06 0.000175622 0.000909269 1.64758e-05 
0.117151 0.00140416 0.000715431 0.000125598 0.165639 0.112612 2.67542e-09 0.00184345 3.25359e-05 0.0562564 1.76249e-05 0.00489228 0.0464163 2.05789e-05 0.0425771 0.00142642 0.38773 5.77335e-10 0.000876269 0.00166175 7.40922e-05 0.0203926 1.17134e-06 5.71463e-09 0.00111253 0.0370198 1.85883e-06 
0.285909 0.0210573 0.000497556 0.00070903 0.0473737 0.0577862 2.36908e-07 0.00321951 2.1831e-05 0.0129238 0.000113617 0.00286391 0.138924 4.4555e-12 0.00461108 0.00290579 0.298729 0.000127924 0.000138045 0.00173486 0.000423429 0.040196 1.07184e-05 1.70857e-06 0.0701623 0.00955434 5.43492e-06 
0.0922907 0.00930616 2.72512e-05 0.0249715 0.13833 0.0869574 8.5009e-07 0.00122291 1.34713e-06 0.0222648 1.9041e-05 0.0564033 0.0231348 1.82894e-05 0.144909 0.00786819 0.353041 3.06327e-05 0.000763144 0.00450487 3.49397e-05 0.00342655 0.000188825 0.00318256 0.0178109 0.00905006 0.000240741 
0.00210974 0.00030822 1.87803e-06 1.66348e-05 0.0276257 0.270831 3.50831e-11 0.000789732 2.67294e-06 0.000728219 1.61783e-05 0.000317321 0.00948195 2.83979e-07 0.00406523 0.00109695 0.667889 1.77169e-07 0.00101523 2.3747e-07 0.00151129 0.00921429 1.07676e-06 6.28294e-09 0.000156499 0.00281852 1.38583e-06 
0.19547 0.00785776 0.000972685 0.00101463 0.0180201 0.0722626 0.000142389 3.95094e-05 9.21274e-07 0.0036935 2.91074e-05 0.00472764 0.045121 7.01769e-12 0.159418 0.000561644 0.421121 5.67015e-06 6.88095e-05 0.00124188 2.63978e-05 0.0188784 2.81573e-06 3.08544e-05 0.00363375 0.0455575 0.000101159 
0.218673 0.040669 9.57863e-06 0.00131543 0.044592 0.058576 3.57578e-12 0.00777742 5.38535e-12 0.0060678 0.000111841 0.0127217 0.0114978 5.03699e-10 0.128023 0.0262335 0.356984 1.01951e-05 0.00333351 0.00169783 0.00370939 0.0417047 0.000226088 2.30475e-06 0.0236498 0.0124116 2.15147e-06 
0.129013 0.0036706 0.00856215 0.00526811 0.0578708 0.0174785 1.63599e-07 0.00383735 0.00106995 0.0388754 8.50983e-05 0.0157178 0.209103 7.44755e-10 0.0299155 0.00266362 0.29477 0.000671308 0.00164238 0.00780504 7.07298e-05 0.123173 0.00164655 3.77092e-05 0.00176747 0.0450424 0.000241979 
0.0774942 0.00186987 3.41834e-08 0.000130155 0.0868168 0.0178499 1.2249e-09 0.0121601 4.99703e-05 0.0119744 1.76064e-05 0.0351011 0.0196152 1.43133e-05 0.00646265 8.00052e-05 0.552537 0.00302639 0.000768262 0.000326294 9.5809e-06 0.00144411 8.80257e-05 7.39624e-05 0.000630001 0.171449 1.05121e-05 
0.017972 0.0143343 2.41033e-05 0.000661469 5.57728e-05 1.24383e-05 1.33641e-05 0.00135891 2.86761e-09 0.00017296 1.62027e-06 0.184562 0.150229 3.20788e-09 0.0293468 4.31872e-05 0.376228 0.000150517 0.0314638 0.00081922 1.80263e-09 0.00115319 9.11089e-06 1.27007e-06 0.00221481 0.189164 8.69972e-06 
0.213014 0.000841324 0.00146378 1.45735e-05 0.000715238 0.0155237 2.09058e-07 4.29614e-06 0.000117208 0.00125957 1.56417e-06 0.0606281 0.00166319 1.47532e-05 0.006971 0.000282978 0.554424 5.03095e-06 0.000364537 0.10577 1.19013e-05 0.00159129 5.34257e-07 2.81582e-07 0.0353019 1.39911e-05 7.52549e-07 
0.0575818 0.00864101 0.00238482 0.00155439 0.0124248 0.0665724 1.32949e-07 0.00124792 2.60523e-06 0.032252 0.00466447 0.190186 0.0241799 8.32861e-07 0.0244998 0.107693 0.398487 0.0105536 2.38516e-05 0.033942 0.0017779 0.0115509 6.48992e-05 7.25338e-05 0.00217114 0.00743119 3.89992e-05 
0.0604887 0.0160798 0.000130117 0.0018415 0.0753542 0.0708298 0.000219164 0.0026629 3.59798e-07 0.0336463 0.000501913 0.202382 0.0444978 0.000234236 0.0825422 0.0210139 0.209908 5.27424e-05 0.00219161 0.0264754 0.00863336 0.0344638 0.000172615 0.000956918 0.0226451 0.0820313 4.46222e-05 
