0.0036987 0.0248902 3.09735e-05 0.00213874 9.1529e-05 0.0111302 2.9946e-11 1.26819e-05 4.51005e-11 0.00280066 0.000353224 0.0289665 0.00935005 5.04522e-11 1.31691e-08 0.000713709 2.16709e-06 5.75796e-11 3.44879e-08 0.88422 0.000185081 0.000393635 1.20147e-08 1.57185e-08 0.0304941 0.000527498 5.83571e-09 
0.0145923 0.0276895 1.08047e-05 0.000942147 0.00387881 0.0014344 1.23425e-05 0.000560529 6.98497e-09 0.00796134 0.00539261 0.062856 5.05394e-05 1.54384e-06 0.000198378 0.0151365 0.000214866 8.49475e-07 4.13161e-07 0.83884 1.63368e-06 0.00886589 7.50445e-08 4.32969e-05 0.0112587 5.62086e-05 9.86539e-10 
0.0639384 0.02018 3.12246e-06 0.00429357 0.0081187 0.197374 0.0037385 2.15881e-05 5.42856e-07 0.0653363 2.32383e-05 0.0107098 0.0364353 4.95014e-09 0.0189719 0.00294173 0.00238032 1.51196e-06 0.00219413 0.446765 0.00114274 0.105763 3.28547e-05 1.23693e-06 0.00621542 0.00341703 2.10802e-08 
0.0378275 0.0315877 0.000492484 0.00226042 0.0230164 0.0277385 0.00795086 0.00943338 4.00415e-05 0.261766 0.000162576 0.120409 0.0144672 4.96303e-06 0.00649844 0.00521185 0.00144988 1.6229e-06 4.73569e-05 0.312084 4.84735e-05 0.000390675 0.000130117 6.31589e-06 0.134385 0.00219091 0.000396813 
0.000145092 0.286922 1.47575e-09 0.00561886 3.03739e-06 0.00169069 0.00148681 0.0149063 1.30647e-09 0.0143713 1.14712e-09 0.0133608 0.101644 1.4615e-09 0.00300957 3.02719e-07 2.66002e-07 2.21021e-06 8.46028e-10 0.363989 0.00426575 2.37359e-07 1.07805e-05 1.16841e-09 0.187944 0.000630473 1.16427e-09 
0.0951596 0.019034 0.00184511 0.00563971 0.0159731 0.12962 1.42754e-05 0.00162385 6.26298e-06 0.00727592 0.000243311 0.0323986 0.0320202 4.48478e-08 0.0146945 0.0038844 0.00100298 2.21016e-06 8.7167e-05 0.582006 0.00020069 0.0293693 2.37253e-06 0.000195302 0.0241757 0.00348548 3.94088e-05 
0.0592207 0.105878 0.00140038 0.0373605 0.0225588 0.0450058 4.41128e-08 0.0410355 0.000131486 0.0399938 5.19221e-05 0.0631078 0.0256087 0.00011374 0.00230525 0.0117254 0.00238894 0.0133597 0.00958282 0.358524 0.00025647 0.0249458 8.93781e-05 0.000115873 0.130476 0.00475602 6.87419e-06 
0.0161823 0.0311332 1.02231e-07 0.00109167 0.00362724 0.00678962 0.00110854 0.00066257 2.2164e-07 0.00380444 0.00136986 0.261834 0.00762505 6.63408e-10 0.00159497 0.00291851 0.00566667 7.57129e-10 0.00126215 0.614486 5.13728e-05 0.00138497 2.131e-05 0.00658556 0.0304431 0.000356163 5.28491e-10 
0.0161823 0.0311332 1.02231e-07 0.00109167 0.00362724 0.00678962 0.00110854 0.00066257 2.2164e-07 0.00380444 0.00136986 0.261834 0.00762505 6.63408e-10 0.00159497 0.00291851 0.00566667 7.57129e-10 0.00126215 0.614486 5.13728e-05 0.00138497 2.131e-05 0.00658556 0.0304431 0.000356163 5.28491e-10 
0.0709647 0.137056 0.000497367 0.021723 0.0114159 0.0536801 0.000298824 0.0352482 2.23794e-05 0.117301 0.000449937 0.0634473 0.033868 3.97121e-05 0.00215079 0.00852495 0.00148365 0.00258239 0.000334582 0.304287 0.00169387 0.0044904 0.000132878 4.27715e-05 0.111116 0.0171419 7.22788e-06 
0.00171271 0.00625634 0.00409224 0.00133226 0.00342172 0.0261933 4.55732e-08 2.52136e-08 2.17147e-07 0.00895573 0.000177158 0.0529181 0.00301338 1.54303e-10 0.000575159 0.00531467 0.000614879 1.76102e-10 0.000451431 0.858519 2.82901e-07 0.00393208 2.43151e-11 1.23359e-10 0.0225172 1.78032e-06 1.18044e-07 
0.0186707 0.0281204 2.07445e-07 0.000790628 0.00808085 0.00625292 0.000783333 0.00059518 0.0063724 0.0206266 0.00113596 0.32943 0.0384983 4.26389e-09 0.00130826 0.00490007 0.00675739 8.35468e-09 0.0032656 0.490998 3.68605e-05 0.00097762 1.51036e-05 0.00465096 0.0268752 0.000857672 3.39674e-09 
0.0342665 0.027114 0.000125257 0.00324175 0.0141594 0.039573 0.000192842 0.00520596 0.000164828 0.0450101 0.00192954 0.0218414 0.0112213 1.76591e-05 0.00937331 0.0365909 0.00100725 4.81114e-05 0.0182393 0.607063 0.00284059 0.109998 0.000295016 2.04361e-06 0.00808728 0.00230017 9.22507e-05 
0.0688956 0.0976762 0.00191876 0.00737181 0.00458225 0.0162412 0.000852397 0.00180722 2.89379e-05 0.021206 1.00391e-05 0.0236274 0.0202588 2.96041e-05 0.00515526 0.00244836 0.00534225 3.68512e-05 0.00260893 0.633547 2.60585e-05 0.000687584 1.64742e-06 7.58002e-06 0.0851588 0.000441927 3.16795e-05 
0.0268904 0.00225097 1.01846e-06 0.063691 0.0111606 0.0145268 0.00659716 0.000225813 1.28847e-07 0.000141284 4.21344e-06 0.107556 0.0139091 3.5424e-06 0.0217733 7.81305e-06 0.107545 3.48734e-08 3.42321e-07 0.605952 0.0123834 0.00201388 1.71531e-06 1.11438e-05 0.00333537 7.84153e-06 9.43462e-06 
0.175332 0.0769004 0.000151862 0.0163936 0.0161891 0.183775 1.91548e-05 0.0133871 1.51735e-06 0.0164608 0.000344057 0.037525 0.0471783 7.34996e-07 0.00624074 0.00390939 0.00210853 0.0019874 0.0002081 0.268417 0.0038033 0.0106572 7.18291e-07 6.34218e-05 0.11737 0.00157303 1.24572e-06 
0.0778962 0.0732501 0.000824925 0.000457176 0.0758773 0.0584552 4.80819e-10 4.35763e-08 0.000399427 0.00789382 6.35823e-10 0.0421216 0.0375417 8.10072e-10 0.00301787 0.00282653 1.62771e-10 9.24512e-10 4.68933e-10 0.533314 0.00185513 0.0113812 4.08599e-07 6.47619e-10 0.0678012 0.00508609 5.75707e-07 
0.0824249 0.0125676 3.81389e-05 0.00643674 0.104405 0.196825 7.15727e-05 0.00268256 0.000560981 0.021307 0.00244947 0.0457227 0.0668453 7.36384e-07 0.014947 0.00101738 0.00354105 0.0001619 0.00151345 0.359908 0.0002068 0.0374674 0.000331408 0.000659946 0.0244878 0.0133678 5.13413e-05 
0.0881291 0.00435683 0.000630966 0.00125295 0.00595931 0.243263 2.55282e-07 1.10506e-05 9.39875e-11 0.00292225 8.97298e-08 0.00208677 0.0057306 1.0514e-10 0.00477871 1.69262e-07 1.48164e-07 1.19993e-10 2.00546e-09 0.62023 8.05604e-05 0.000461973 1.65679e-11 9.78893e-08 0.0201054 9.82643e-08 3.6238e-08 
0.0660683 0.0705903 0.00417445 0.00369536 0.0372777 0.071335 0.0196312 0.00602078 0.00182639 0.0573977 0.00210154 0.0516415 0.0323609 3.10314e-07 0.00392094 0.0130283 0.00285246 0.0124188 0.000755193 0.357261 0.0617695 0.0566122 0.00261002 9.93685e-05 0.0617379 0.00280326 9.52512e-06 
0.0244255 0.0512982 3.71018e-06 0.0226268 0.000334514 0.00858295 0.000298176 7.6547e-05 2.05754e-09 0.00274233 4.95292e-05 0.00550771 0.00241237 4.08165e-11 0.000358425 0.00286835 6.04546e-05 4.65828e-11 0.000560251 0.835578 0.000237612 0.000373199 1.09001e-07 2.10131e-05 0.0415844 4.60288e-08 3.00496e-09 
0.0492874 0.0419324 8.75501e-05 0.0079442 0.0387993 0.0274204 0.000905635 0.000328724 0.000501232 0.0258981 0.00251488 0.0684968 0.0264828 1.18569e-06 0.0152662 0.0129656 0.00659933 0.00383521 0.00137964 0.555872 0.00350666 0.00285593 0.000216736 5.28541e-05 0.104798 0.00183879 0.000212674 
0.0428589 0.057648 6.8557e-05 0.00337553 0.0535685 0.00803504 2.17841e-07 0.00230884 0.00363562 0.0695671 0.0262343 0.0988811 0.0221781 3.41751e-10 0.00996158 0.0648205 0.00507636 0.0060998 0.0130279 0.39046 0.000668333 0.0454486 0.00334985 1.53802e-07 0.0704049 0.00231333 9.04143e-06 
0.0148921 0.00158581 5.27417e-06 0.000146984 0.0331954 0.000169247 3.10025e-06 3.12776e-05 4.66918e-06 0.185041 0.000221286 0.00073249 0.00280164 6.88902e-05 1.51829e-05 0.115432 0.000380998 5.96112e-06 0.000138555 0.639859 6.30983e-05 6.11811e-06 8.23074e-07 4.17575e-06 0.0049777 0.000212976 4.16098e-06 
0.15107 0.0354042 7.7533e-05 0.0050373 0.0192546 0.0690712 0.00388082 0.0074469 0.0047281 0.0294395 0.000171493 0.0326746 0.0264499 1.54301e-05 0.00492041 0.004725 0.000483867 0.00162687 0.00175075 0.458499 0.00205082 0.0520048 0.000332069 2.24976e-05 0.0834345 0.00530247 0.000125799 
0.0335447 0.0650248 1.51508e-05 0.0156603 0.000782579 0.00225772 6.30899e-10 0.0269076 2.8728e-08 0.00184303 5.29413e-05 0.00512585 0.00619278 1.74157e-06 0.0052255 0.00973785 2.25316e-07 2.20273e-06 8.07916e-06 0.787553 0.000254785 2.19388e-05 5.45354e-08 9.27715e-05 0.0393293 0.000365157 8.46757e-10 
0.0195053 0.0855406 1.84874e-05 0.00341442 0.00823935 0.0205229 1.58995e-05 0.00446957 0.0681113 0.0493149 1.18588e-05 0.0649073 0.0211701 5.60601e-07 0.04111 0.098149 0.000631557 0.000100039 8.18252e-06 0.465235 1.98095e-05 0.0108262 1.74153e-06 0.00241516 0.019308 0.0169522 4.46592e-07 
0.00529499 0.0138391 3.79967e-05 0.0480395 0.00105339 0.000402764 0.000261661 3.97879e-08 1.21071e-08 0.00775464 2.92431e-05 0.00551512 0.00641636 6.06832e-11 0.000189869 0.00432962 0.000312544 0.00012347 0.0236038 0.806147 0.0347857 0.000755034 0.000135679 3.18358e-06 0.0404762 0.000493092 3.24651e-07 
0.0172217 0.0195694 0.00116536 0.00139291 1.24713e-05 0.0560453 1.09423e-08 0.000148495 4.41377e-08 0.0246553 1.76371e-06 0.0096078 0.0142887 1.84353e-08 0.00616496 0.00753555 9.7999e-07 0.022779 1.06718e-08 0.762609 0.0414232 0.00763483 8.52533e-06 0.00462748 0.00293773 6.31738e-05 0.000106249 
0.0236562 0.0286937 1.51532e-05 0.00284117 0.0415906 0.0272307 4.84772e-05 0.000543169 1.01996e-07 0.100272 0.000115334 0.215842 0.022511 1.14098e-07 0.0289395 0.0207821 0.0106816 6.51939e-06 0.00125756 0.419272 0.00143612 0.0184069 3.23119e-06 9.12169e-08 0.0170089 0.0186867 0.000160296 
0.229184 0.127395 2.97165e-08 0.003324 0.0189119 0.0161797 4.94678e-07 0.0455977 8.81909e-11 0.0118818 4.14401e-05 0.0848175 0.0376788 2.34471e-07 0.0411937 0.0022506 0.0116351 1.12593e-10 8.0101e-08 0.29908 5.77428e-08 1.39125e-07 6.19941e-08 3.12393e-06 0.0705428 0.000281806 7.85921e-11 
0.00807182 0.069982 0.000362525 0.000647419 0.00554476 0.0297049 0.011076 0.034672 2.3921e-06 0.0015007 0.000132634 0.275808 0.0117095 8.48725e-09 0.0102684 0.043071 0.00952053 3.21522e-07 0.00348597 0.44065 0.0214053 0.00151016 5.83774e-06 1.19607e-06 0.0145089 0.00635595 2.43636e-06 
0.0558991 0.104271 0.00116426 0.0248745 0.0105159 0.0274674 0.00143167 0.00897838 0.00285356 0.0257178 0.00275375 0.0577414 0.0152839 0.000577263 0.00642341 0.00322027 0.00306523 0.00367125 0.00166221 0.55433 0.00200062 0.00476533 0.00118673 0.00663222 0.07083 0.00264146 4.16257e-05 
0.0176529 0.0495107 0.000443903 0.01414 0.0221445 0.0397888 1.73053e-05 0.00436292 4.85732e-06 0.0134984 0.000171624 0.14359 0.00541747 6.46504e-08 0.00180886 0.040689 0.000273751 0.00121934 0.0128211 0.601908 0.000307817 0.0127725 0.000563702 0.00047594 0.0086553 0.00763691 0.000124402 
0.0312778 0.0204893 2.93145e-05 0.0216653 0.0788085 0.146632 0.0103476 0.000114299 0.00254243 0.0932079 3.30512e-05 0.034813 0.0846854 1.37229e-07 0.00758555 0.016729 0.01097 0.0192797 0.00011153 0.290081 8.5307e-05 0.0565384 0.0104473 0.0221954 0.0338697 0.00721278 0.000248574 
0.0436802 0.0112468 1.07132e-07 3.4844e-05 0.00385886 0.0046218 2.89168e-10 1.56112e-05 4.35506e-10 0.000285041 0.000473634 0.0200717 0.000643279 4.87183e-10 0.00684002 0.112197 2.50696e-08 5.56008e-10 0.000423298 0.787499 6.95108e-08 0.00033719 7.67701e-11 0.000115502 0.00765025 2.95215e-07 4.88149e-06 
0.0465324 0.0155188 0.00397502 0.000760883 0.0108373 0.0231442 1.42813e-08 0.000112433 1.14907e-06 0.27474 9.97053e-08 0.00272235 0.0117815 7.47096e-10 0.00286599 0.0183385 0.00681914 5.43253e-07 0.000290764 0.429433 3.85666e-05 0.0859119 2.13758e-05 5.97272e-10 0.0586459 0.00747966 2.861e-05 
0.0131739 0.0883174 5.70404e-06 0.00437131 0.0129931 0.0428498 0.00572235 0.00207433 1.60708e-05 0.0406066 0.000958533 0.194914 0.0452434 3.50078e-06 0.0137537 0.0573122 0.00112594 0.00337511 0.0388759 0.354764 1.80031e-05 0.00487299 0.000190562 0.000737778 0.0440923 0.0296315 3.58785e-08 
0.017234 0.0931575 4.95526e-06 0.00885977 0.00276915 0.00555674 0.00879116 0.00103652 2.37363e-05 0.000447864 0.000104126 0.101715 0.0337082 0.000433328 0.00151364 0.00765965 0.00116911 0.000227498 4.40063e-06 0.624816 0.000111455 0.000412787 0.000144668 0.00321403 0.0851716 0.00170913 3.70047e-06 
0.00533089 0.0142857 3.20024e-05 0.0412841 0.00105691 0.000369243 7.38595e-07 1.84501e-09 2.5535e-09 0.00775264 2.83077e-07 0.00508786 0.00553077 5.92802e-11 0.000140529 0.003898 0.000264397 1.5863e-05 0.0140186 0.823861 0.0337518 0.000748333 6.04549e-05 9.34342e-08 0.0420474 0.00046254 1.34173e-08 
0.0145923 0.0276895 1.08047e-05 0.000942147 0.00387881 0.0014344 1.23425e-05 0.000560529 6.98497e-09 0.00796134 0.00539261 0.062856 5.05394e-05 1.54384e-06 0.000198378 0.0151365 0.000214866 8.49475e-07 4.13161e-07 0.83884 1.63368e-06 0.00886589 7.50445e-08 4.32969e-05 0.0112587 5.62086e-05 9.86539e-10 
0.0974494 0.0665142 0.000135926 0.0155592 0.0174156 0.120615 0.000957684 0.024842 0.000168726 0.0330035 0.0010856 0.124996 0.10718 0.00124125 0.0293613 0.00771374 0.00389608 0.0757099 0.000732357 0.180634 0.000391245 0.00324658 2.28144e-05 0.00433792 0.0821728 0.000607863 9.23436e-06 
0.0331873 0.0307918 1.3895e-07 0.0082114 0.000782234 0.00225706 3.72312e-10 0.0267889 2.16473e-08 0.00184258 5.27367e-05 0.00488398 0.00574634 1.22718e-06 0.00522401 0.00973569 1.58758e-07 1.42896e-06 7.96342e-06 0.861605 1.61144e-05 1.88209e-07 9.88435e-11 9.2119e-05 0.00852928 0.00024197 4.99695e-10 
0.0395606 0.0974311 6.99009e-05 0.0593529 0.00136657 0.00637052 1.97287e-08 0.000172902 5.88348e-10 0.00239666 6.9431e-09 0.00777767 0.00311436 1.49031e-07 0.00185994 0.000998872 3.83816e-05 8.36379e-09 5.76108e-07 0.725255 0.000181432 0.000656433 5.41106e-07 1.98086e-06 0.05256 0.000832552 8.36529e-07 
0.0241697 0.0098049 4.65285e-06 0.000221794 0.00295331 0.00755244 0.0125995 0.000181678 4.23077e-07 0.0676629 0.011829 0.0243187 1.26313e-05 1.28943e-09 3.18348e-05 3.77663e-10 0.00369097 1.4451e-06 1.41058e-06 0.789335 3.0839e-07 0.0334252 7.37314e-05 5.74581e-07 0.00833374 0.00379356 4.3719e-07 
0.0429079 0.0412998 0.000599494 0.00677014 0.017125 0.0264147 0.0147632 0.0041443 0.00123604 0.026044 0.000725901 0.0314489 0.0224571 0.000675066 0.00463617 0.00605981 0.00383759 0.00379444 0.00274156 0.667451 0.000514163 0.00558004 0.00106716 0.000302474 0.0632557 0.00413003 1.80071e-05 
0.247972 0.0732649 0.000216799 0.033102 0.0104215 0.0180462 5.55032e-05 0.0559616 2.74264e-07 0.0485302 0.000142753 0.0987314 0.0215518 6.14273e-08 0.0182199 0.0104257 0.000989384 0.000462296 0.000169442 0.328016 0.00112776 0.00923553 2.28201e-05 0.000785986 0.0211759 0.00124858 0.000123161 
0.0706295 0.0684454 2.83658e-05 0.114583 0.00686048 0.0323122 1.27149e-05 0.0399006 0.000267009 0.0131068 0.00089706 0.0149488 0.0224356 2.23654e-09 0.00517549 0.00207768 0.000672029 0.000218889 0.000785579 0.306545 9.63244e-05 0.00176668 2.23788e-06 2.28902e-06 0.293919 0.00431126 5.50455e-08 
0.0145923 0.0276895 1.08047e-05 0.000942147 0.00387881 0.0014344 1.23425e-05 0.000560529 6.98497e-09 0.00796134 0.00539261 0.062856 5.05394e-05 1.54384e-06 0.000198378 0.0151365 0.000214866 8.49475e-07 4.13161e-07 0.83884 1.63368e-06 0.00886589 7.50445e-08 4.32969e-05 0.0112587 5.62086e-05 9.86539e-10 
0.0623282 0.00839354 0.000896249 0.000965826 0.00431765 0.0812593 0.000181029 0.00548468 4.26471e-05 0.0121107 2.78079e-06 0.00646724 0.02724 3.47227e-10 0.00125646 0.00768697 2.72555e-06 3.63727e-05 2.34887e-07 0.741843 0.0257927 0.00505452 1.79395e-05 9.0382e-06 0.00733801 0.00126681 5.65791e-06 
0.0844901 3.5054e-06 3.49925e-06 3.50425e-06 0.0855351 0.137766 0.0914063 3.50521e-06 3.50002e-06 0.0974495 3.50074e-06 0.0392639 0.115327 3.49932e-06 0.0658938 3.50399e-06 3.50462e-06 3.49838e-06 3.50213e-06 0.15209 0.0332745 3.50482e-06 0.00666282 3.50065e-06 0.0907879 3.50451e-06 3.50066e-06 
0.219157 0.0286427 0.00303515 0.0081995 0.0393046 0.0653577 2.57575e-05 0.00953998 0.000646852 0.062884 0.00238995 0.0808152 0.0199474 7.11447e-08 0.0753635 0.00820686 0.00622954 1.02456e-05 0.000924727 0.35504 0.000173189 0.000958503 3.06506e-05 6.44701e-05 0.0122126 0.000836361 2.98254e-06 
0.161977 0.0552591 8.09659e-05 0.0138971 0.0289749 0.0335233 0.00259509 0.000230103 6.56457e-08 0.0357554 0.000231666 0.027541 0.166608 3.69584e-09 0.0320285 0.000650974 0.105785 1.12487e-06 6.44839e-07 0.204091 0.00077506 0.0263 1.4964e-06 4.94013e-05 0.0760156 0.0276276 4.80688e-07 
0.040848 0.0694864 0.0224924 0.00903687 0.0159784 0.0520318 0.00134016 0.00989555 0.00142528 0.0436376 0.000446311 0.132497 0.0434022 1.04969e-05 0.00634273 0.00683055 0.00811485 0.0113844 0.00161103 0.295333 0.0050909 0.0134896 0.00175259 0.000246261 0.198667 0.00860022 8.45053e-06 
0.0178686 0.0367709 1.06743e-05 0.00100463 0.0110296 0.0478713 0.000327387 0.000121138 2.07085e-07 0.0127224 8.23727e-06 0.341765 0.00222165 3.75489e-06 0.0075475 0.0079991 0.000937991 0.000299297 0.000789357 0.482662 8.91187e-06 0.000592064 4.00988e-05 6.19368e-07 0.0250486 0.00182255 0.000526328 
0.0198383 0.00807682 3.67031e-10 3.32056e-05 0.249128 2.94676e-11 1.52862e-06 8.22027e-08 1.30269e-07 0.129633 0.0144074 0.0907393 0.00132077 0.00197551 9.73709e-07 0.0631594 1.01677e-06 1.43318e-06 7.34588e-07 0.392488 0.0131781 6.20961e-11 0.00062815 9.90759e-07 0.0142467 0.0011403 2.89564e-10 
0.00446169 0.0196905 6.9585e-06 0.0119109 1.4101e-08 1.37351e-08 0.00694829 0.00134979 0.000331494 0.00517999 0.000141564 0.0614763 0.0627154 2.54261e-07 2.07577e-05 0.0851653 2.03418e-05 5.02355e-06 0.000726159 0.725309 0.00284827 0.0115307 4.60592e-05 1.35447e-07 3.30624e-05 7.13476e-05 1.02497e-05 
9.39948e-08 0.00212828 1.72759e-06 0.00341345 1.42636e-12 0.00050031 1.01722e-11 2.88801e-08 1.53199e-11 1.76676e-12 1.34514e-11 4.12375e-09 2.24764e-05 1.71378e-11 2.97101e-12 2.95755e-09 3.03636e-10 1.95589e-11 9.92068e-12 0.965907 1.32862e-08 1.48024e-08 7.82564e-10 1.37009e-11 0.0280268 3.7394e-12 1.36525e-11 
0.0395606 0.0974311 6.99009e-05 0.0593529 0.00136657 0.00637052 1.97287e-08 0.000172902 5.88348e-10 0.00239666 6.9431e-09 0.00777767 0.00311436 1.49031e-07 0.00185994 0.000998872 3.83816e-05 8.36379e-09 5.76108e-07 0.725255 0.000181432 0.000656433 5.41106e-07 1.98086e-06 0.05256 0.000832552 8.36529e-07 
0.0428589 0.057648 6.8557e-05 0.00337553 0.0535685 0.00803504 2.17841e-07 0.00230884 0.00363562 0.0695671 0.0262343 0.0988811 0.0221781 3.41751e-10 0.00996158 0.0648205 0.00507636 0.0060998 0.0130279 0.39046 0.000668333 0.0454486 0.00334985 1.53802e-07 0.0704049 0.00231333 9.04143e-06 
0.0881291 0.00435683 0.000630966 0.00125295 0.00595931 0.243263 2.55282e-07 1.10506e-05 9.39875e-11 0.00292225 8.97298e-08 0.00208677 0.0057306 1.0514e-10 0.00477871 1.69262e-07 1.48164e-07 1.19993e-10 2.00546e-09 0.62023 8.05604e-05 0.000461973 1.65679e-11 9.78893e-08 0.0201054 9.82643e-08 3.6238e-08 
5.34978e-05 0.0297937 3.9981e-05 0.00630912 0.00335591 0.0020391 0.000564408 0.000257475 0.00402297 0.0113088 6.08566e-08 0.0747646 7.89792e-09 1.05936e-05 1.34414e-08 0.00221362 0.00846435 2.54645e-06 0.00465711 0.848613 1.87263e-05 5.37984e-07 6.85548e-07 4.39568e-06 0.00250691 0.000997494 6.17664e-08 
0.0536736 0.177869 3.61348e-07 0.104449 0.00156364 0.00388022 4.83027e-10 0.0804089 1.14635e-06 0.00376869 1.09162e-07 0.0170094 0.00207697 2.31962e-05 0.00263202 0.00530513 0.000242545 2.05549e-05 0.00547693 0.507897 0.000151178 0.00195583 8.27043e-05 4.75116e-07 0.0304497 0.0010607 6.9165e-07 
0.062352 0.0882359 0.000182268 0.00302315 0.0211775 0.0718819 0.00761341 0.00266466 4.82916e-07 0.00325157 0.000740567 0.0118702 0.0545294 4.10613e-07 0.0391722 0.00264988 0.00032699 5.28797e-06 7.15511e-05 0.27098 0.0933956 0.0921642 7.64472e-06 8.14839e-06 0.172661 0.00103339 6.87898e-07 
0.029464 0.0707742 0.000378059 0.0249619 0.00719046 0.0420829 1.59318e-05 0.016444 1.65534e-05 0.0251947 0.0205203 0.0932207 0.0219288 1.15654e-05 0.0216553 0.0083116 0.0317008 4.51243e-08 0.00447149 0.5277 3.47607e-05 4.40417e-05 1.58997e-05 0.000817887 0.0467431 0.00630096 1.72556e-07 
0.0280382 0.0128659 0.000215713 0.000234323 0.00632628 0.00913764 2.34837e-05 0.0152535 3.66501e-05 0.0645108 0.00169883 0.0477537 0.010086 4.53308e-06 0.000850732 0.0286838 0.00252184 1.79895e-05 0.00213977 0.703015 0.00847654 0.00181018 4.41442e-06 0.000294746 0.0559215 7.63458e-05 1.34812e-06 
0.0604295 0.0248913 0.00108717 0.0134564 0.0223783 0.0639449 0.00139348 0.000888538 0.00132461 0.239448 0.0108329 0.0918706 0.101316 2.1632e-05 0.00508534 0.0160487 0.00251491 0.000350295 0.000375943 0.258515 0.000877257 0.011893 0.00173948 0.00350926 0.0637792 0.00202611 2.18568e-06 
0.0161823 0.0311332 1.02231e-07 0.00109167 0.00362724 0.00678962 0.00110854 0.00066257 2.2164e-07 0.00380444 0.00136986 0.261834 0.00762505 6.63408e-10 0.00159497 0.00291851 0.00566667 7.57129e-10 0.00126215 0.614486 5.13728e-05 0.00138497 2.131e-05 0.00658556 0.0304431 0.000356163 5.28491e-10 
0.0384492 0.258401 9.97436e-05 0.00698507 0.00585672 0.0455784 0.000236957 0.00447052 0.000162085 0.0087958 1.0026e-08 0.0141902 0.0159672 4.25007e-07 0.00198884 8.32575e-05 0.00291582 2.03675e-05 0.000169573 0.378156 0.000204462 0.00511629 0.0298717 7.31429e-07 0.179624 0.00265405 2.11383e-06 
0.0737673 0.0875032 5.89315e-08 0.000687259 0.0204498 0.0495971 7.65052e-05 0.00607073 7.04372e-10 0.0921303 0.0005969 0.0235721 0.0405928 8.42314e-06 0.00968839 0.000139246 0.00696577 0.00837415 6.8763e-08 0.531551 5.53099e-05 5.54566e-05 1.24165e-10 0.000600724 0.0474362 8.10798e-05 3.83087e-08 
0.0230747 0.00786562 1.84943e-05 0.00405327 0.0533062 0.00248847 4.46492e-06 0.0193115 0.00183027 0.0100506 0.000548091 0.023269 1.35668e-05 7.52237e-06 0.0110429 0.00486685 0.00752054 0.000390446 0.000985291 0.799415 0.000926131 0.0018446 0.000334544 6.01382e-06 0.0265145 0.000305445 5.99255e-06 
0.166674 0.0665168 1.12274e-05 0.0182894 0.0144757 0.0687 5.11643e-07 0.00843773 1.28246e-06 0.0116889 0.000453336 0.11275 0.0237734 7.06874e-10 0.0126502 0.00665877 0.0013173 1.18464e-06 0.00684094 0.374496 2.77791e-05 0.0087493 2.19297e-08 0.000116399 0.0970837 0.00028542 5.63117e-10 
0.0326614 0.0391491 4.81757e-05 0.0106516 0.0179511 0.00550652 6.82637e-05 4.36645e-06 0.000119751 0.0981873 0.000170974 0.267471 0.00122457 1.48086e-05 0.000849713 0.106596 0.00729923 4.55274e-05 0.0987284 0.306245 4.50665e-05 0.000327082 0.000433278 4.97434e-08 0.00568891 0.000487341 2.56941e-05 
0.00529499 0.0138391 3.79967e-05 0.0480395 0.00105339 0.000402764 0.000261661 3.97879e-08 1.21071e-08 0.00775464 2.92431e-05 0.00551512 0.00641636 6.06832e-11 0.000189869 0.00432962 0.000312544 0.00012347 0.0236038 0.806147 0.0347857 0.000755034 0.000135679 3.18358e-06 0.0404762 0.000493092 3.24651e-07 
0.0899817 0.0560749 7.78135e-05 0.000454496 0.0127297 0.0218549 0.0742774 4.99639e-05 0.000222343 0.118775 0.0131439 0.00321568 0.0037092 7.85391e-05 0.00256687 0.00177146 0.0115022 6.04341e-05 4.71707e-06 0.503515 0.00145428 0.0142283 5.5666e-07 2.96149e-07 0.0695482 0.000701813 9.5575e-08 
0.00913902 0.143896 0.000590811 0.0423542 0.00298469 0.00493664 2.18061e-05 0.0107619 1.08185e-07 0.00152621 0.00121669 0.0923434 0.000313688 2.82112e-09 0.00436103 0.000564961 0.00072511 3.65041e-05 6.23348e-06 0.669459 0.00064398 0.000245959 2.06121e-05 0.00942115 0.00421123 0.000215563 4.12075e-06 
0.0143755 0.14354 3.77459e-06 0.0200963 0.0184066 0.0302007 8.32682e-08 0.00736015 4.49203e-06 0.0345007 3.64824e-05 0.0533281 0.0246341 1.40288e-07 0.0269501 0.0220031 0.00670274 1.11987e-05 1.96495e-05 0.538959 1.17761e-05 0.0139162 0.00018829 0.00899132 0.035436 0.000173958 0.000149457 
0.0315247 0.0147563 0.000209971 0.00222101 0.012067 0.0904369 0.000142156 0.000413624 0.00201745 0.0162744 0.000370339 0.0197795 0.0375899 1.70983e-08 0.00237345 0.00199997 0.00112195 0.0074492 0.000441339 0.643785 0.000343144 0.00873275 0.00497359 1.55162e-07 0.0984059 0.00249193 7.80973e-05 
0.0441461 0.0519578 0.0111609 0.00200932 0.0290618 0.0533376 0.000243528 0.00164739 0.00747554 0.0881984 1.16786e-05 0.0376492 0.0390439 0.000353406 0.00654684 0.148798 0.00914938 0.000162421 0.012025 0.265161 0.045091 0.0610856 0.00891269 1.9512e-06 0.0726743 0.00409108 4.87042e-06 
0.00732269 0.0152965 8.99341e-07 0.000253602 0.00613759 0.0325521 5.2865e-07 4.02725e-06 1.07127e-05 0.0688374 0.000345066 0.0418469 0.0446928 8.90655e-07 0.000225146 0.00189494 1.78963e-07 1.49361e-05 5.18719e-05 0.765875 5.00492e-07 0.00085398 3.97144e-07 7.12042e-07 0.00813554 0.00564237 2.65682e-06 
0.0595067 0.0391477 3.22059e-05 0.00398332 0.0348654 0.0462893 1.76415e-05 0.000680667 6.10645e-05 0.0171014 0.00197386 0.161779 0.0544964 2.22176e-07 0.00735109 0.0522324 0.018371 1.34638e-05 0.000211721 0.472483 0.000387664 0.015019 0.000237987 0.00160927 0.0115671 0.000456877 0.000124167 
0.0370791 0.0212224 7.57828e-05 0.00413406 0.0249376 0.0106446 2.43424e-05 0.000309605 3.17495e-05 0.0170779 6.60232e-05 0.0559841 0.00610529 3.82901e-10 0.00474838 0.0114536 0.000245383 3.56534e-05 0.00387534 0.769147 0.000103443 0.000944081 1.09013e-05 3.96469e-07 0.0311924 0.000550851 4.38178e-07 
0.066383 0.0505485 5.58367e-05 0.0132071 0.0245079 0.0285879 0.00275343 0.0107344 0.00194964 0.0304524 0.00591601 0.0530909 0.0104194 0.000739505 0.0121958 0.017676 0.00904868 0.00473459 0.00254764 0.600569 0.00241067 0.00610293 3.36532e-05 0.00136946 0.0381765 0.0057835 5.01548e-06 
0.105498 0.0468157 0.0115678 0.0110093 0.0938718 0.0336646 0.00219952 0.00386097 0.00777135 0.0294913 0.000420256 0.0474707 0.113849 2.46324e-05 0.0141029 0.00948653 0.0264676 0.000178743 0.00694342 0.206818 0.000177765 0.112844 0.00822877 0.000135655 0.103774 0.00332358 4.69387e-06 
0.108398 0.0398104 0.000918761 0.00326079 0.0205197 0.252464 0.000586403 0.00207618 0.00551958 0.0262169 0.000321875 0.0432852 0.0711402 3.92285e-07 0.0301209 0.00686896 0.00239633 0.000164223 0.00226446 0.256368 0.000351382 0.00319934 5.43548e-06 9.45742e-05 0.12307 0.000572631 4.99769e-06 
0.286033 0.157546 7.10329e-05 0.00127361 0.0195025 0.0294079 0.0109351 0.00427627 1.36882e-07 0.0345828 5.28157e-08 0.0313421 0.0413383 5.90766e-07 0.00815585 0.00610659 0.0131711 1.8557e-07 0.0396844 0.288646 1.68902e-07 0.00245061 1.01411e-05 5.053e-08 0.0253404 5.44703e-05 7.09861e-05 
0.0419257 0.107185 1.45605e-05 0.0678759 0.00753321 0.00768228 1.44061e-08 0.0169045 1.50229e-09 0.000262247 1.55084e-07 0.0123338 0.000440245 9.47229e-08 0.00769957 0.00185845 0.00113222 1.9203e-08 1.03785e-06 0.548458 0.000400932 0.000442486 2.96911e-06 0.00628081 0.171473 9.30682e-05 3.08022e-07 
0.133118 0.115579 0.00221836 0.0107186 0.0465659 0.0334819 0.00507008 0.0058277 0.00960362 0.0497443 0.00491426 0.0732866 0.0366455 3.68464e-05 0.00925853 0.0582504 0.00475996 0.000291453 0.00532061 0.245218 5.51847e-05 0.0117997 6.69933e-05 0.000335541 0.132437 0.00539556 6.56064e-07 
9.39948e-08 0.00212828 1.72759e-06 0.00341345 1.42636e-12 0.00050031 1.01722e-11 2.88801e-08 1.53199e-11 1.76676e-12 1.34514e-11 4.12375e-09 2.24764e-05 1.71378e-11 2.97101e-12 2.95755e-09 3.03636e-10 1.95589e-11 9.92068e-12 0.965907 1.32862e-08 1.48024e-08 7.82564e-10 1.37009e-11 0.0280268 3.7394e-12 1.36525e-11 
0.0214509 0.0123276 3.35147e-06 0.000457688 0.00467724 0.00608947 9.58109e-07 0.0041691 1.1163e-06 0.00543556 3.91085e-05 0.00611981 0.000387817 7.74556e-06 0.000924476 0.000923025 0.00240963 2.1885e-06 1.20883e-05 0.907273 0.000100634 3.72715e-05 1.133e-08 6.75112e-07 0.0271437 5.97729e-06 1.69946e-08 
0.0606089 0.0211354 4.64884e-05 0.00338035 0.0256787 0.0186557 0.000486578 0.0010981 0.00453333 0.039229 0.00113384 0.0956258 0.00960756 3.09112e-05 0.00122671 0.0214731 0.00600053 0.000394355 0.000760774 0.664237 0.00109562 0.00235391 1.35741e-05 5.22215e-05 0.0201298 0.00101105 7.49848e-07 
0.0145923 0.0276895 1.08047e-05 0.000942147 0.00387881 0.0014344 1.23425e-05 0.000560529 6.98497e-09 0.00796134 0.00539261 0.062856 5.05394e-05 1.54384e-06 0.000198378 0.0151365 0.000214866 8.49475e-07 4.13161e-07 0.83884 1.63368e-06 0.00886589 7.50445e-08 4.32969e-05 0.0112587 5.62086e-05 9.86539e-10 
0.0161823 0.0311332 1.02231e-07 0.00109167 0.00362724 0.00678962 0.00110854 0.00066257 2.2164e-07 0.00380444 0.00136986 0.261834 0.00762505 6.63408e-10 0.00159497 0.00291851 0.00566667 7.57129e-10 0.00126215 0.614486 5.13728e-05 0.00138497 2.131e-05 0.00658556 0.0304431 0.000356163 5.28491e-10 
0.0246667 0.035529 6.7391e-05 0.00290582 0.00378984 0.00400334 8.75088e-07 3.43723e-08 1.95158e-08 0.0041252 0.00072822 0.0238275 0.00930794 1.87622e-11 2.37245e-08 3.08884e-07 2.50597e-07 2.14127e-11 5.53084e-06 0.68838 0.00544688 0.00035036 2.5034e-07 9.05707e-05 0.195837 0.000936139 1.04612e-08 
0.110015 0.0613085 0.000346871 0.138109 0.0042747 0.0218132 7.47965e-05 0.0452547 0.000364184 0.0202869 0.00173346 0.102123 0.0137896 4.57161e-06 0.0210814 0.018547 0.00133379 6.42203e-05 3.89348e-05 0.351841 8.63439e-05 6.84357e-05 3.1028e-06 0.0149564 0.0707969 0.00166726 1.66061e-05 
0.0369886 0.0374914 0.000107946 0.0772468 0.0229172 0.0269815 0.00669798 0.000112821 0.00514248 0.101732 1.61308e-06 0.0225521 0.0934049 0.000611562 0.0018023 0.00271711 2.32827e-07 0.000166878 0.00192964 0.461406 0.000414771 0.00072286 7.68812e-09 5.98736e-10 0.0644487 0.0344022 5.96618e-10 
1.66173e-05 0.0580513 1.68418e-05 0.00495448 0.00847091 0.00354471 3.02894e-08 0.000121177 8.39584e-07 0.000365939 1.08958e-06 0.00949315 0.268217 5.10309e-08 0.0370642 0.00196373 0.0546166 0.036181 1.90247e-05 0.439735 3.48948e-06 0.00476192 6.79545e-06 2.4987e-06 0.0693226 0.00306662 1.73566e-06 
0.249184 0.0277104 4.44558e-05 0.000285016 0.00970318 0.0164757 0.00103291 0.00274876 1.07527e-05 0.093439 0.000274768 0.00569103 0.0206897 5.4341e-05 0.00723137 0.00388935 0.00372543 3.80836e-05 0.00175494 0.544902 0.000340559 0.00140679 7.65547e-06 1.69816e-05 0.00216312 0.00715323 2.72619e-05 
7.98852e-05 0.00365285 1.02397e-06 0.00591463 4.3118e-13 0.000488547 3.07498e-12 1.62367e-08 4.63111e-12 5.34079e-13 4.06627e-12 9.21191e-10 1.34718e-05 5.18064e-12 2.66165e-09 5.80935e-05 6.49405e-11 5.91252e-12 2.99896e-12 0.967768 2.96836e-09 1.74496e-05 8.16363e-13 4.1417e-12 0.0220058 1.1304e-12 4.12705e-12 
0.0331932 0.104685 0.000185337 0.0495 0.00636077 0.0233301 4.38811e-07 0.0103702 3.47465e-07 0.0033472 0.000426347 0.0313257 0.000521756 3.49466e-09 0.00668996 0.00135313 0.00125113 2.09006e-05 1.31711e-05 0.715616 0.000537249 0.00152834 3.39143e-05 0.00267562 0.00639762 0.000614311 2.16493e-05 
0.300843 0.0222603 0.000309108 0.00384574 0.00238471 0.0400585 2.2733e-05 4.90295e-05 2.28126e-09 0.00560829 3.14247e-05 0.0834129 0.00225104 3.41103e-07 0.01141 0.014772 7.71817e-05 0.000433219 6.61124e-05 0.495362 1.33846e-05 0.00282345 1.93713e-06 0.00119192 0.0104285 0.0023407 1.7715e-06 
0.0340574 0.0345612 7.46751e-05 0.00928585 0.0274738 0.0196867 1.48917e-05 0.00383856 0.000572585 0.0801295 0.00311368 0.0191336 0.0341599 3.67874e-09 0.00720382 0.0403447 0.00181991 0.00153433 0.00331629 0.567897 0.00162961 0.0125562 0.000764348 2.15221e-07 0.0917281 0.0050786 2.45313e-05 
0.0113342 0.141596 0.000440424 0.000835457 0.00434409 0.0172185 5.17462e-05 0.000246252 1.82318e-05 0.0248872 0.000411279 0.0680325 0.0109228 5.28946e-07 0.00063904 0.000276838 0.000922903 0.000260442 0.000759818 0.631769 2.97234e-07 0.00142276 2.04065e-05 8.76647e-06 0.0821265 0.00144658 7.86894e-06 
0.0382341 0.000583471 8.73246e-06 0.000559699 0.0131956 0.213524 0.000393213 0.000204479 0.00123142 0.0583346 1.18831e-05 0.0341927 0.0191961 9.2468e-05 0.00625595 0.0775279 0.00374161 1.12036e-06 4.38262e-06 0.530924 0.000907847 0.000310142 8.07182e-05 0.000109991 0.000360726 1.34743e-05 1.25165e-07 
0.0899817 0.0560749 7.78135e-05 0.000454496 0.0127297 0.0218549 0.0742774 4.99639e-05 0.000222343 0.118775 0.0131439 0.00321568 0.0037092 7.85391e-05 0.00256687 0.00177146 0.0115022 6.04341e-05 4.71707e-06 0.503515 0.00145428 0.0142283 5.5666e-07 2.96149e-07 0.0695482 0.000701813 9.5575e-08 
0.0505593 0.0271511 0.00173009 0.0076679 0.0612215 0.0472678 7.63271e-06 0.000184674 0.000127314 0.180974 0.0302849 0.0200629 0.0519963 8.12176e-06 0.00703516 0.0161739 0.00521968 0.0145833 0.000172911 0.416739 0.000497049 0.0391595 9.99683e-06 0.000180981 0.0155566 0.00542702 1.09908e-06 
0.127808 0.125858 0.000176572 0.0412799 0.0114604 0.0942211 5.69137e-05 0.026402 0.000352804 0.00882455 8.95157e-05 0.206527 0.00828975 1.53808e-06 0.0117111 0.00366923 0.0151538 2.77926e-05 0.000886636 0.277396 0.000155481 0.00264096 3.99067e-05 0.00169833 0.0325678 0.00207699 0.000628398 
0.0102424 0.121847 3.54739e-05 0.219179 0.00481298 0.12665 1.51019e-05 0.0380688 5.19673e-05 0.0057933 0.00126001 0.014702 0.0168845 8.77612e-10 0.000151701 0.00229065 0.0194406 0.000731196 3.56071e-05 0.231139 0.0542811 0.00152735 3.24171e-08 6.00076e-08 0.091831 0.0387043 0.000324905 
0.113292 0.00609465 0.00104033 0.00044379 0.0463513 0.0733954 0.000108391 0.000259187 3.28918e-05 0.0208056 0.000332205 0.134319 0.00412506 2.08332e-07 0.000648275 4.88885e-05 0.00708745 0.00648003 4.18113e-05 0.518235 0.000729498 0.00469051 7.69201e-06 0.000119495 0.0110854 0.0502182 6.92443e-06 
0.22061 0.00304531 9.76565e-06 0.000444009 0.0774475 0.03915 0.091886 0.00100965 0.000130361 0.0291643 0.000393471 0.0187537 0.0404666 6.09522e-06 0.00558066 0.0216945 0.00721477 0.000242075 0.000106493 0.407848 0.000538106 0.00302987 2.0979e-05 0.0191463 0.0120232 1.11867e-05 2.65003e-05 
0.0258689 0.0129835 0.00404537 0.000711063 0.00910368 0.127076 0.000580255 6.20162e-05 0.00386998 0.109364 0.000200706 0.00738883 0.153309 1.50545e-10 0.00654496 0.00267451 0.000346149 4.38557e-05 6.23922e-06 0.281659 0.000128296 0.00850504 4.39959e-09 1.20354e-10 0.244134 0.00139348 1.19928e-10 
0.0102424 0.121847 3.54739e-05 0.219179 0.00481298 0.12665 1.51019e-05 0.0380688 5.19673e-05 0.0057933 0.00126001 0.014702 0.0168845 8.77612e-10 0.000151701 0.00229065 0.0194406 0.000731196 3.56071e-05 0.231139 0.0542811 0.00152735 3.24171e-08 6.00076e-08 0.091831 0.0387043 0.000324905 
0.0532301 0.0120831 4.0747e-05 2.59638e-07 0.0704936 0.0520429 2.94285e-10 1.43949e-07 4.43212e-10 0.231274 3.89155e-10 3.56043e-07 0.0485892 4.95804e-10 8.6194e-07 0.000434276 1.73539e-05 9.48608e-06 8.4745e-07 0.331241 1.64341e-05 0.00812097 7.81285e-11 8.76071e-07 0.187762 0.00464075 3.94972e-10 
0.00801221 0.0115036 2.39155e-06 0.0766206 0.0128938 0.112488 7.94496e-10 0.000819744 3.40198e-06 0.127993 0.0211761 0.00195954 0.0158488 5.16668e-07 0.0177989 0.0223487 0.00314501 4.77337e-06 4.19382e-06 0.538175 4.10401e-05 0.00071115 0.000134927 0.00272576 0.0246365 0.00045796 0.000493776 
0.034668 0.103705 2.54581e-05 0.0736821 0.000488148 0.00854046 7.02452e-05 0.0106996 2.7319e-06 0.00066241 4.85782e-05 0.28351 0.00278557 1.94895e-06 0.000395511 0.00703266 1.04109e-09 5.91319e-09 2.01293e-05 0.360778 2.69785e-05 0.000983585 4.24336e-06 0.000802441 0.110954 0.000109658 1.79314e-06 
0.0514893 0.0597846 0.000309063 0.000649678 0.043889 0.198355 4.38862e-07 0.0092359 2.60083e-06 0.0183319 2.90463e-05 0.0167819 0.040633 1.2375e-09 0.0288492 0.0241356 0.00626483 0.0470323 0.000455189 0.318699 0.000200145 0.114777 0.000312852 0.00114663 0.017419 0.00108914 0.0001274 
0.109379 0.0300855 5.16291e-05 0.000689218 0.0164177 0.00892958 0.000752696 0.000830398 5.64492e-05 0.000669967 0.000451914 0.093013 0.00520436 2.70575e-07 0.00339179 0.000413988 0.00356832 0.000118183 0.000349468 0.697981 5.8032e-05 0.00388228 4.5845e-05 0.00197356 0.017183 0.00433147 0.000171292 
0.00604906 0.0177779 4.47599e-11 0.00305598 0.00118223 3.59362e-12 2.63107e-11 4.85866e-12 4.80343e-05 0.00395018 0.0037639 0.11295 0.000763212 0.113949 0.013881 0.0161793 8.90693e-12 0.0045667 0.00236533 0.625285 0.0632763 7.57271e-12 0.0023395 3.54381e-11 0.00861671 9.67212e-12 3.53127e-11 
1.93769e-06 0.362766 1.7291e-05 0.000604451 5.42861e-08 0.000894947 7.61608e-10 2.56992e-05 1.14703e-09 6.63702e-06 8.59375e-07 0.0172159 0.00478466 1.28314e-09 4.06947e-06 7.96654e-05 1.76125e-07 6.06406e-08 7.4278e-10 0.568409 7.21042e-10 1.54414e-07 3.53167e-06 9.65618e-07 0.045144 3.94908e-05 1.02219e-09 
0.0155863 0.0357418 0.000631198 0.00648003 0.145848 0.021189 0.00175143 0.000239316 0.00149147 0.0559733 4.05683e-05 0.166876 0.0628891 1.40682e-06 0.00329272 0.00716496 6.73299e-05 5.25186e-05 0.00117487 0.388053 0.00125953 0.00190153 6.60065e-05 5.90841e-05 0.0812679 0.000897169 4.50002e-06 
0.106012 0.0130912 8.66058e-05 0.00378063 0.0337573 0.0469019 0.000776201 0.0043332 0.00125562 0.0732009 0.000526961 0.0494315 0.0234146 0.00172454 0.00562836 0.00602954 0.00163517 0.00161663 0.00264686 0.428646 0.0536399 0.0417332 0.00163563 0.000830462 0.087544 0.010075 4.64937e-05 
0.0531647 0.106585 0.00020192 0.00871663 0.00361312 0.00543273 3.46063e-07 3.58658e-08 5.31825e-12 0.00661417 1.32621e-07 0.0471514 0.0140286 5.94931e-12 2.4754e-08 1.22152e-07 9.91015e-08 6.78978e-12 2.18724e-06 0.707134 0.00691696 0.00105066 9.89998e-08 0.000271369 0.0391157 4.18007e-08 1.09054e-08 
0.161814 0.00630731 5.44142e-05 0.0006057 0.052194 0.0462931 0.00557603 0.00720543 6.00474e-05 0.0490644 6.54404e-05 0.11432 0.0270854 1.39969e-07 0.0259233 0.0123786 0.00277377 0.00508207 0.000123242 0.437562 0.00133602 0.0217993 5.29873e-06 3.4782e-07 0.0156777 0.00667878 1.40104e-05 
1.33584e-07 0.0207771 2.60632e-11 0.0010214 5.15798e-09 4.64542e-07 1.53204e-11 2.23531e-08 2.30735e-11 8.51765e-09 2.02593e-11 3.3779e-08 1.85627e-07 2.58115e-11 4.47468e-12 7.28409e-06 5.18641e-12 2.94579e-11 1.49417e-11 0.907267 1.08798e-07 1.21266e-07 4.06736e-12 2.06352e-11 0.070926 5.63197e-12 2.05622e-11 
0.00384066 0.212446 0.00157286 0.0460311 0.0251849 0.0126835 2.91777e-07 0.00788872 0.000501305 0.00187088 0.000442799 0.129688 0.0869084 4.27775e-07 0.00751278 0.00797913 0.00683474 0.0269105 0.0366695 0.222777 0.000156255 0.00212267 0.00413678 0.000527299 0.138236 0.0170685 8.45739e-06 
0.206137 0.00408193 1.22627e-05 0.004885 0.00509734 0.00661535 4.96697e-06 0.00074269 0.00151537 0.00219723 1.88526e-05 0.0810631 0.051155 5.42848e-05 0.0013875 0.000767301 0.298837 0.000306657 0.00678912 0.32005 4.38603e-05 0.000242296 1.96339e-05 4.33997e-06 0.00623367 0.0017148 2.3356e-05 
0.015982 0.0484441 6.9707e-06 0.000454574 0.0159921 0.00657682 0.00154383 0.0273898 1.78985e-06 0.130322 4.76043e-06 0.0204146 0.00149532 4.52743e-05 5.3208e-10 7.83955e-06 1.30938e-06 0.0150151 4.5935e-06 0.52635 1.01641e-06 1.65307e-06 3.80379e-05 2.45371e-09 0.189904 1.3653e-06 1.28679e-06 
0.0234694 0.0150439 0.000107852 0.00950003 0.0090393 0.00420145 0.00562423 0.00281363 1.05444e-05 0.0145788 0.00152782 0.0443122 0.00848371 3.10627e-05 0.00353364 0.00887502 0.00119313 1.62382e-06 0.0071969 0.798663 0.00415355 0.000840551 0.000129751 0.000142615 0.0318919 0.00463453 1.26533e-07 
0.0648825 0.0349179 0.000220621 0.00501123 0.00412495 0.170326 0.00163569 0.00475788 4.09732e-06 0.088657 0.000980958 0.0125921 0.0416393 3.90683e-07 0.0129261 0.000674593 0.00029686 6.54196e-06 5.23663e-05 0.494547 0.000238908 0.0142101 0.000114357 4.42389e-05 0.0440511 0.00308732 1.18061e-07 
0.300843 0.0222603 0.000309108 0.00384574 0.00238471 0.0400585 2.2733e-05 4.90295e-05 2.28126e-09 0.00560829 3.14247e-05 0.0834129 0.00225104 3.41103e-07 0.01141 0.014772 7.71817e-05 0.000433219 6.61124e-05 0.495362 1.33846e-05 0.00282345 1.93713e-06 0.00119192 0.0104285 0.0023407 1.7715e-06 
9.5768e-09 0.000554413 2.27024e-07 6.92051e-05 1.87125e-08 0.000379139 1.33449e-07 2.46433e-08 2.00983e-07 2.31782e-08 0.000300175 0.000599618 1.37642e-05 2.24831e-07 3.89768e-08 0.00075736 4.51763e-08 2.56594e-07 0.000481684 0.996711 1.26341e-07 3.84091e-08 3.54288e-08 1.79743e-07 0.00013133 4.90574e-08 1.79108e-07 
0.101592 0.0565812 0.000236834 0.00261943 0.0557728 0.0603633 0.0001674 0.0259567 0.00012661 0.0418598 0.0018731 0.0436279 0.0315533 2.07142e-05 0.0243068 0.0116109 0.031169 0.000248736 0.00116146 0.433509 0.000191651 0.00698267 5.59958e-05 0.000637954 0.0578505 0.00987156 5.38037e-05 
0.167954 0.0121652 7.18566e-08 0.0158406 0.00703036 0.179222 7.42688e-11 0.000200009 7.49919e-09 0.0182438 3.70475e-05 0.00478421 0.0921104 1.25126e-10 0.0189745 0.000291454 5.06635e-07 1.42803e-10 0.00105737 0.472685 0.000388982 0.00107015 1.97173e-11 1.74946e-06 0.00755203 0.000390816 1.55947e-08 
0.00594885 0.0364774 0.00015825 0.00389825 0.01783 0.00156738 0.0027472 0.00418979 1.05477e-05 0.0403961 0.000202675 0.0151661 0.0558856 1.94079e-07 0.000606308 6.48542e-06 3.25222e-05 4.95534e-05 0.00173603 0.797883 5.70794e-05 0.00046951 2.76675e-06 3.80063e-05 0.00807416 0.00656418 2.2984e-06 
0.0401725 0.13339 0.000211625 0.041527 0.00946586 0.034987 1.08283e-08 0.00721234 8.56012e-05 0.0107416 0.000252637 0.193339 0.0175893 0.0526535 0.0105494 0.0011886 0.000747341 0.000989687 0.000499921 0.347154 6.52925e-05 0.00212228 4.3274e-06 9.71093e-05 0.0947175 0.000218874 1.89066e-05 
