0.0213637 0.00063314 1.21053e-05 0.000262712 0.0039035 0.41277 0.00146324 0.00071158 9.62689e-06 0.014935 9.44377e-09 1.8417e-05 0.0180811 3.63486e-12 0.0055551 0.00550992 5.47908e-05 1.36807e-05 0.000148466 0.0120264 4.27505e-05 0.49552 3.14901e-05 2.90592e-12 0.00573963 0.0011937 5.9851e-08 
0.135222 0.0462263 1.15678e-05 0.000780588 0.0164652 0.0137299 2.33614e-05 1.40225e-09 1.86801e-06 0.0348259 0.0225087 0.0968733 0.099327 1.27933e-08 0.00616748 0.00355501 0.000377433 1.09298e-05 0.000425644 0.0619019 0.000290333 0.405213 7.06239e-05 2.18957e-05 0.0438944 0.0120378 3.85625e-05 
0.0113632 0.00168851 8.33207e-05 0.000141856 0.00770975 0.0110018 3.0157e-10 5.05903e-05 2.33802e-05 0.00327887 2.14434e-09 4.28779e-05 0.00391192 4.55054e-12 0.0019336 0.0012349 0.000149092 4.07606e-08 0.000143129 0.000155737 8.54077e-05 0.955492 0.000300211 7.15459e-10 0.0011075 0.000101411 6.66921e-07 
0.0355737 0.00100137 7.86727e-06 0.00677389 0.00828232 0.0518818 2.26893e-12 0.00865981 1.57109e-05 0.00179758 4.90856e-06 0.00334142 0.00995625 3.82263e-12 0.110371 0.000365265 0.0229435 6.1069e-05 0.000632881 0.000163728 2.74942e-05 0.735083 0.000128999 1.58291e-08 0.00223764 0.000679625 8.65431e-06 
0.0530205 0.00346448 6.8754e-05 0.0113252 0.175496 0.00331902 2.15625e-07 0.00221083 0.000648901 0.0745092 1.53934e-05 0.0196315 0.0527732 8.47865e-11 0.0104965 0.0723755 0.00160338 0.000941548 0.149598 0.00139574 2.26087e-05 0.268687 0.0910134 4.92667e-06 0.0042479 0.00311293 1.65761e-05 
0.0432628 0.00319653 0.000107711 0.000304184 0.0526009 0.142904 1.89489e-10 0.00411675 9.42509e-06 0.033225 0.000222054 0.00707591 0.301789 8.41601e-05 0.00701195 0.0260898 0.00669668 5.57483e-05 2.58924e-05 0.00228644 6.15666e-05 0.307592 8.31915e-05 0.000233113 0.00706309 0.0538977 5.10884e-06 
0.0174024 0.00757974 0.00254267 0.000986521 0.00852763 0.102216 7.72277e-11 0.00188781 7.8205e-05 0.00703091 5.60223e-06 0.00237693 0.00566128 4.6055e-13 0.00124439 0.00214362 0.000195212 5.17484e-06 0.000618973 0.000852017 0.000590265 0.830912 0.00049218 3.6819e-13 0.00459857 0.00205042 1.29281e-06 
0.00865274 0.00492472 4.17524e-05 0.00116089 0.186357 0.0361652 3.98184e-06 0.0131993 0.010001 0.00326138 2.7252e-05 0.00240342 0.017729 1.88438e-07 0.0107599 0.00699717 0.00675184 0.00042652 0.159005 0.000764215 0.000177165 0.513104 0.00503051 3.50865e-07 0.0111156 0.00192836 1.12259e-05 
0.00634113 0.0308185 1.96216e-06 0.000147837 0.0763345 0.00155391 1.43591e-09 0.000809818 0.0025268 0.00434498 0.000808066 0.0669572 0.000358436 5.04786e-10 0.0106292 0.34679 0.00188822 0.00069011 0.018936 0.0352904 0.00984348 0.370114 0.00460183 8.74497e-08 0.0101497 6.06128e-05 3.70044e-06 
0.257319 0.0356975 3.3819e-05 0.0413069 0.0140371 0.204199 5.4933e-07 0.000347452 0.000132508 0.00327759 0.00164012 0.0357706 0.0121112 2.13922e-11 0.0123093 0.00846043 0.00107559 0.000243361 0.0010401 0.000459917 6.72171e-05 0.359846 6.34737e-05 0.00558148 0.00400775 0.000970236 1.65961e-06 
0.0426128 0.00755721 0.00120532 0.000875939 0.0653883 0.235561 0.00135097 0.00638838 2.85953e-05 0.0601616 8.02118e-05 0.0154458 0.0210121 4.71431e-05 0.0543216 0.00317349 0.123278 2.27564e-05 0.00228067 0.0035426 0.000700046 0.266996 0.000474522 9.0765e-07 0.0147581 0.0727305 6.30544e-06 
0.10466 0.0181157 2.65769e-05 0.0585277 0.0833273 0.0437784 3.64339e-08 0.00587815 0.00119952 0.00611079 0.00202736 0.169011 0.0346997 4.8928e-11 0.18653 0.0142462 0.0148629 0.000932214 0.00555062 0.000371893 0.000324501 0.237969 0.00380273 2.16486e-05 0.00658574 0.00119424 0.000246354 
0.397358 0.00939074 2.47439e-05 0.000578715 0.0067377 0.0766213 0.000125529 0.00902489 1.50643e-05 0.0217138 0.000151197 0.00436813 0.00636887 0.000341762 0.00496951 0.00103943 0.000813574 0.00340069 4.87268e-05 0.00912043 1.82182e-05 0.417609 3.00199e-05 0.000987999 0.0275738 0.00156627 2.34299e-06 
0.024977 0.00815913 0.00039685 0.000992618 0.0321051 0.156512 1.88784e-08 0.0736262 0.000194707 0.0084952 3.38146e-05 0.00549933 0.016786 1.38078e-09 0.00140229 0.000846353 0.00484834 0.000124791 0.0447608 0.00213385 0.00113584 0.537604 0.000146188 2.66216e-08 0.0578431 0.0213665 9.72701e-06 
0.0076391 0.0123009 0.00290756 0.000238305 0.0219693 0.00195586 4.98437e-10 0.000453971 6.99459e-05 0.00433137 1.45206e-05 0.00131499 0.00652847 7.41792e-12 7.19192e-09 0.00248484 0.000242918 8.46587e-12 2.05217e-08 2.90349e-05 0.000242423 0.935258 0.000137614 5.93032e-12 0.00167887 0.000181008 2.06663e-05 
0.0113632 0.00168851 8.33207e-05 0.000141856 0.00770975 0.0110018 3.0157e-10 5.05903e-05 2.33802e-05 0.00327887 2.14434e-09 4.28779e-05 0.00391192 4.55054e-12 0.0019336 0.0012349 0.000149092 4.07606e-08 0.000143129 0.000155737 8.54077e-05 0.955492 0.000300211 7.15459e-10 0.0011075 0.000101411 6.66921e-07 
0.0782125 0.00667364 0.19305 0.00042507 0.101171 0.00804094 7.21312e-09 0.00197388 0.0044119 0.0297118 0.00108583 0.0108564 0.0180474 2.9095e-11 0.00488267 0.0374297 0.0119518 2.85122e-05 0.00273588 0.000270616 0.000836626 0.473299 0.00563149 1.36209e-05 0.00197561 0.0072602 2.44082e-05 
0.0108327 0.00525951 0.00222781 0.000589679 0.0166965 0.0429123 1.43721e-06 0.00256138 0.000809653 0.00577618 5.51578e-05 0.00217186 0.00973136 5.57436e-11 0.00336075 0.00432482 0.000528511 0.000210346 0.00524722 0.000324564 0.000205177 0.872234 0.00974075 5.73198e-06 0.0024831 0.00170567 3.43647e-06 
0.194438 0.01954 3.35097e-05 0.000539197 0.0480705 0.000577129 0.00570228 0.00253928 3.14108e-05 0.0150537 0.179399 0.1053 0.00974258 3.93633e-07 0.00440971 0.0150135 0.0123716 7.93093e-05 8.81532e-06 0.0447514 0.000317872 0.338554 0.000307468 1.25099e-06 0.00225127 0.000930853 3.66998e-05 
0.0898878 0.0131573 7.02082e-05 0.000179265 0.017185 0.0798564 0.008104 0.00389717 9.97676e-07 0.00595791 0.000234644 0.0133733 0.0359771 3.51028e-12 0.0660205 0.0010125 0.180012 0.000206301 0.00773851 0.000759089 0.000994715 0.469243 5.40714e-05 3.79056e-06 0.00366761 0.00239941 6.97222e-06 
0.0771234 0.00486247 4.61966e-05 5.27428e-05 0.0153923 0.014761 0.0194492 0.00131423 4.08495e-06 0.00615836 0.000563081 0.0083461 0.035966 3.30878e-12 0.0952404 0.0017031 0.329801 0.00053179 0.0017768 0.00027735 0.00214807 0.38298 6.63076e-05 9.09093e-06 0.000346052 0.00106602 1.44892e-05 
0.0202691 0.0106116 0.00350184 0.000880507 0.00938913 0.140099 7.6543e-11 0.00255614 6.31124e-05 0.00903199 7.84139e-06 0.00332769 0.00647605 3.27407e-13 0.00174213 0.0026827 0.000273291 6.45722e-06 0.000747753 0.00110649 0.000615787 0.778725 0.000385722 2.61748e-13 0.00516642 0.00233231 1.80912e-06 
0.0522251 0.00346259 3.97628e-06 0.00311765 0.115473 0.0083924 5.59064e-08 0.00623794 2.35334e-06 0.00573877 0.0150326 0.252925 0.0016759 4.66127e-11 0.229737 0.0115016 0.0147874 0.000351606 0.0032646 0.000515804 0.000568602 0.269275 0.000560286 2.09963e-05 0.00277422 0.00204574 0.000309239 
0.0762971 0.00251603 0.00032513 0.0757668 0.0378632 0.0767028 1.81645e-05 0.000228182 6.70362e-06 0.0867385 2.23986e-05 0.0147899 0.00267001 2.06843e-07 0.020392 0.049459 0.0896194 5.03512e-05 0.00498113 0.000527053 0.000238875 0.211468 0.187712 0.00795692 0.00456182 0.0485037 0.000584259 
0.0174024 0.00757974 0.00254267 0.000986521 0.00852763 0.102216 7.72277e-11 0.00188781 7.8205e-05 0.00703091 5.60223e-06 0.00237693 0.00566128 4.6055e-13 0.00124439 0.00214362 0.000195212 5.17484e-06 0.000618973 0.000852017 0.000590265 0.830912 0.00049218 3.6819e-13 0.00459857 0.00205042 1.29281e-06 
0.0145177 0.00188896 0.000196227 0.0426401 0.00526705 0.0435178 0.00185803 8.6919e-05 6.15036e-05 0.0372863 4.73931e-05 0.0159003 0.00265563 2.52504e-07 0.000573955 0.00696548 0.000450506 0.00747992 0.00105439 0.00226186 1.36264e-05 0.672576 0.109403 0.00115448 0.0298221 0.00229264 2.77009e-05 
0.119194 0.0288745 0.000469183 0.00434785 0.0590451 0.0539793 0.00230277 0.0107562 0.000187818 0.0545732 0.000109052 0.010259 0.163259 5.6728e-05 0.0165505 0.00198876 0.0406494 0.000162492 0.0096511 0.00311986 0.000480085 0.372907 0.000873891 0.000471581 0.0183214 0.0273974 1.23711e-05 
0.0171061 0.00440129 0.000630513 0.000331864 0.0134168 0.00486351 6.66018e-09 0.000131405 1.23208e-05 0.00138745 0.000747025 0.0343303 0.00121628 7.11688e-12 0.000692276 0.00564366 0.000790045 3.22163e-08 8.74497e-05 0.00020367 0.001935 0.910176 0.000171146 1.01397e-06 0.00134802 0.000375714 1.32936e-06 
0.0748471 0.0083621 0.00139396 0.000578819 0.021499 0.0645302 8.47083e-06 0.00827862 8.91691e-05 0.0063793 0.00105335 0.00880549 0.0263264 1.91516e-11 0.0434932 0.00172985 0.0566468 0.000212962 0.00465535 0.00047212 0.000907845 0.663804 0.000142098 6.76767e-06 0.00246601 0.00329227 1.8214e-05 
0.0456841 0.010984 6.68828e-06 0.00553913 0.0175863 0.00985523 1.48672e-05 0.0706743 7.40447e-05 0.0108441 0.000939685 0.150794 0.00649317 2.28562e-09 0.0206311 0.00382284 0.00541445 2.51174e-05 0.0132801 0.020433 0.005743 0.596013 0.000165059 0.000175403 0.0041497 0.000635932 2.18504e-05 
0.0245398 0.0233893 0.00299315 0.000432773 0.0330212 0.0187026 9.57143e-10 0.0131908 4.04183e-05 0.0201364 6.97452e-06 0.00580506 0.0848206 3.49434e-11 0.000212904 0.00255915 0.000597106 3.98799e-11 3.01097e-05 0.000668168 0.000602412 0.741938 0.000137351 2.79358e-11 0.0170964 0.00907 9.88943e-06 
0.0827378 0.00140501 1.8331e-06 0.000181599 0.0151106 0.0823821 0.000311486 3.62373e-05 5.74489e-05 0.00552805 0.00034189 0.00817014 0.0363126 1.18957e-11 0.232931 0.00128252 0.0997718 0.000724519 0.00182973 1.36959e-05 0.000916507 0.427624 3.59426e-05 5.44789e-05 6.94271e-06 0.00223183 3.97478e-07 
0.106536 0.0107047 0.000105533 0.00364074 0.0265999 0.0816367 0.00320755 0.0193785 0.000391044 0.0581036 0.000722419 0.187253 0.0171802 9.15783e-05 0.0620107 0.0139589 0.0291703 0.000775694 0.00798952 0.00305343 0.0130623 0.330566 0.000863395 0.000135339 0.0179596 0.00476758 0.000135368 
0.0316847 0.0123553 0.00132034 0.000956507 0.0571317 0.0392726 1.74421e-06 0.00285716 0.000513677 0.0428487 9.28836e-05 0.0238201 0.0183861 1.26186e-06 0.00528602 0.252814 0.00534697 5.46342e-05 0.00157588 0.00202039 0.000909081 0.411587 0.0843849 2.80102e-05 0.00287561 0.000511716 0.00136315 
0.0603453 0.00829349 4.76648e-05 0.00112089 0.100213 0.0489582 0.000222104 0.000929039 0.00073684 0.0281902 0.000564281 0.0260771 0.0308268 3.90939e-06 0.00715909 0.0329593 0.00224864 8.23138e-06 0.00086029 0.00863541 5.84442e-05 0.599602 0.00304398 0.000262862 0.0357323 0.00282745 7.34407e-05 
0.177324 0.057187 4.16081e-05 0.0102803 0.0140713 0.0962359 0.00199376 0.00370507 0.00084475 0.020593 0.000956833 0.0607505 0.034932 0.000499131 0.0551671 0.000697075 0.0377124 0.00166 0.0101436 0.00632416 0.000112903 0.360663 2.21059e-05 0.00206308 0.0136436 0.0323543 2.07628e-05 
0.0781144 0.00488642 3.29996e-05 7.66658e-05 0.015246 0.0274133 0.0138923 0.00107934 2.91843e-06 0.00538472 0.000402207 0.00596151 0.0356106 2.78609e-12 0.0785953 0.00152113 0.247779 0.000379857 0.00156312 0.000379702 0.00161258 0.478268 6.0412e-05 7.70516e-06 0.000920144 0.000797768 1.20963e-05 
0.309616 0.00550785 2.33008e-06 0.00367533 0.0351236 0.193652 5.96363e-05 0.000548123 4.35472e-06 0.00574522 1.97621e-05 0.0142519 0.00986355 1.80758e-12 0.0295224 0.00329758 0.000688217 9.07022e-05 0.000284118 0.0229484 0.000253446 0.353339 0.000407665 0.00657868 0.00420405 0.000312475 2.6629e-06 
0.0361621 0.0334211 0.00156031 0.00137233 0.0709836 0.0170954 0.00301155 0.102267 0.000567693 0.0226546 0.00216835 0.0347664 0.00905567 1.05305e-09 0.0143759 0.0173926 0.00145514 0.00152478 0.00546079 0.00115963 0.000900355 0.554423 0.00939056 0.0518512 0.00557036 0.00123379 0.000175482 
0.0903055 0.0601565 0.00428493 0.000659559 0.052737 0.101061 3.6019e-06 0.00231338 7.21036e-05 0.0758393 2.25997e-05 0.0481817 0.0369753 2.7372e-09 0.00178382 0.042297 0.0011224 0.000144484 0.00202252 0.01871 0.000984276 0.412617 0.000111476 1.90894e-05 0.0380679 0.00949772 9.16594e-06 
0.0321614 0.00483922 0.000285663 0.000366766 0.016555 0.0133685 0.00242156 0.00391627 7.31193e-06 0.00295206 0.00108597 0.0292953 0.0100973 7.99276e-12 0.0175435 0.00399231 0.0628404 0.00019878 0.000817567 0.000234842 0.179226 0.613632 0.000378074 1.42967e-05 0.00214008 0.00161627 1.3145e-05 
0.104721 0.0156243 7.48608e-05 0.00675713 0.0387349 0.0423864 0.0121891 0.00740959 2.95949e-05 0.0218503 0.0008899 0.185038 0.0464586 2.85205e-06 0.112862 0.0110598 0.018309 2.4757e-05 0.00623729 0.00157775 0.000829613 0.359728 0.000233458 7.28713e-06 0.00254809 0.00437614 4.03426e-05 
0.143992 0.0154255 0.000693553 0.000345881 0.0955942 0.0178574 0.00638704 0.000338848 1.17066e-05 0.196676 0.0080264 0.0066498 0.111274 9.8124e-10 0.00207829 0.00158947 0.00407095 0.00887102 1.1441e-05 0.00255044 0.00105667 0.350485 0.000253992 1.42238e-08 0.0151022 0.0106524 4.23204e-06 
0.00728164 0.00556172 0.00102865 0.000447279 0.0132579 0.0383567 6.15511e-06 0.00317841 0.000558003 0.00437956 3.56604e-05 0.00179246 0.00962315 1.31229e-10 0.00334521 0.00286911 0.000507823 8.5639e-05 0.00646701 0.00020082 8.95776e-05 0.887824 0.00937667 1.27817e-05 0.00201489 0.00169686 2.02279e-06 
0.0860573 0.0107765 0.00150439 0.0105804 0.0729472 0.0540356 8.9236e-05 0.0116258 0.000897621 0.0569211 0.000483255 0.0156436 0.0104765 0.000106965 0.0088975 0.00412676 0.0567764 0.028478 0.00185052 0.00336456 0.198834 0.339264 0.000294486 1.46774e-05 0.0117482 0.0141963 9.22498e-06 
0.05751 0.0247563 0.0253791 0.0155299 0.154575 0.037691 1.23655e-05 0.00136732 0.000857732 0.0355307 0.000110259 0.10848 0.0609257 1.19166e-10 0.0145552 0.154904 0.0249813 0.00539442 0.00632049 0.0005205 3.48952e-05 0.250539 0.00608505 6.78522e-08 0.00910552 0.00482766 6.85843e-06 
0.142999 0.0423576 0.000195777 0.000523362 0.012346 0.0714723 0.00148324 0.00480852 4.05465e-05 0.0171817 0.00164562 0.00790024 0.0515137 8.60904e-12 0.0107356 0.00117168 0.10389 0.000322774 0.000412924 0.00524282 0.000284178 0.504652 9.04475e-06 1.11507e-05 0.0122551 0.00653814 7.53312e-06 
0.0923794 0.0185473 0.000145474 0.00318664 0.0365128 0.259714 2.86639e-09 0.00422453 0.000236257 0.0200555 0.000267057 0.0500539 0.0207623 1.11831e-10 0.0109568 0.00439906 0.00918684 0.000632063 0.00559708 0.00250929 0.000118721 0.439655 0.00327605 0.00155041 0.00922893 0.00668897 0.000115298 
0.0481733 0.0146805 4.17247e-05 0.00718746 0.0162163 0.394413 3.1802e-06 0.00748913 0.000419181 0.0135839 0.00046815 0.0197056 0.00622042 9.89244e-11 0.0411526 0.00172502 0.00341075 4.28132e-05 0.00105298 0.00136242 0.000166866 0.417543 0.000217945 0.000822296 0.00288368 0.0010073 9.77705e-06 
0.200054 0.0480802 2.00934e-05 0.000776026 0.0392067 0.116059 2.35635e-07 0.0371339 7.76247e-05 0.0257626 1.3911e-08 0.012119 0.032536 2.88464e-10 0.108173 0.0192034 0.00305725 2.23745e-06 0.0017913 0.00268475 0.00577039 0.333521 0.000122089 4.16969e-09 0.00951455 0.00433476 1.2088e-07 
0.127771 0.0322693 0.000366438 0.00137591 0.022769 0.10027 0.00907859 0.00585325 0.000306941 0.0295395 0.00129954 0.0254115 0.0538909 1.58901e-10 0.0370665 0.000927807 0.0491798 0.000160274 0.00038212 0.00219126 0.00243536 0.44648 0.000428777 0.000276377 0.0308014 0.0193874 8.18567e-05 
0.0353595 0.0127758 0.000123436 0.000668452 0.207701 0.0174127 7.49945e-05 0.00132285 0.00116168 0.0238054 0.000474582 0.07949 0.0225553 5.06524e-12 0.0381672 0.108682 0.000501843 0.00122073 0.0546411 0.00102052 0.000159587 0.329438 0.055399 8.69762e-05 0.00253724 0.00516557 5.48823e-05 
0.0488145 0.0171397 0.000402477 0.0110032 0.0102426 0.213312 2.95363e-08 0.013314 1.97408e-05 0.00277409 0.000510623 0.0161807 0.00639456 8.25643e-12 0.0298517 0.00239631 0.00576243 3.50937e-05 0.00173102 0.000631229 0.00103123 0.613242 0.000197408 7.06008e-06 0.00369807 0.00130022 7.44796e-06 
0.0377544 0.0204695 4.57881e-05 0.0142365 0.021278 0.0221844 4.81566e-08 0.00341102 2.71486e-05 0.141068 4.22336e-08 0.182536 0.136007 5.38079e-08 0.00977548 0.00307823 0.00099202 0.0596647 0.0111171 0.000439165 0.000148141 0.308233 0.000967445 7.42064e-07 0.0222486 0.00429394 2.30139e-05 
0.0910213 0.0224048 0.0006491 0.00472859 0.0376368 0.176713 7.86998e-06 0.00513908 0.000170447 0.0385968 0.000290991 0.0380599 0.0267765 5.4994e-08 0.00380575 0.00990967 0.00469678 1.82651e-05 0.245144 0.00250631 0.000937587 0.265314 0.001131 1.90379e-06 0.0209597 0.00332402 5.56268e-05 
0.0236105 0.00934337 0.000239433 0.16774 0.0100071 0.0320695 5.26151e-09 0.00166016 2.19324e-05 0.0131346 0.000259297 0.00376965 0.0191713 9.27789e-12 0.000613551 0.002482 0.00267572 5.87472e-05 0.000385123 0.000191903 0.0160316 0.553081 0.000341229 4.25914e-05 0.134945 0.00809257 3.15891e-05 
0.0543628 0.0126001 0.000483008 0.000321904 0.0314052 0.302182 9.42652e-07 1.313e-05 9.01161e-06 0.0198494 9.14825e-07 0.0131941 0.0198787 2.34183e-10 0.052173 0.0148497 0.0154133 0.0100226 0.00196489 0.0274778 1.66331e-05 0.412248 0.000422063 1.8722e-10 0.00904621 0.00205668 8.61549e-06 
0.119305 0.0444347 0.000179251 0.00337713 0.171509 0.0984323 0.000401363 0.0131011 0.000877714 0.0832551 0.000894116 0.0390792 0.0671245 0.00183867 0.0360306 0.0145068 0.0114373 0.00107126 0.042409 0.00401149 0.000954725 0.21428 0.00826983 7.67736e-05 0.0134971 0.00957036 7.55022e-05 
0.0174024 0.00757974 0.00254267 0.000986521 0.00852763 0.102216 7.72277e-11 0.00188781 7.8205e-05 0.00703091 5.60223e-06 0.00237693 0.00566128 4.6055e-13 0.00124439 0.00214362 0.000195212 5.17484e-06 0.000618973 0.000852017 0.000590265 0.830912 0.00049218 3.6819e-13 0.00459857 0.00205042 1.29281e-06 
0.0225434 0.00754397 0.000133929 0.00150391 0.0598256 0.0746123 4.0109e-07 0.00710286 0.00415481 0.00924473 0.000209141 0.0360395 0.0149438 3.18417e-12 0.0202625 0.0231623 0.00104216 0.000576742 0.056578 0.000303027 0.000447318 0.619435 0.0247436 3.40379e-09 0.0137245 0.00185981 6.94567e-06 
0.189103 0.0816563 1.59827e-06 0.0132862 0.181083 1.60108e-06 1.59953e-06 1.60099e-06 1.59862e-06 1.60101e-06 1.59895e-06 0.159949 1.60102e-06 1.5983e-06 0.0174503 0.0344111 0.00880554 1.59787e-06 0.0148777 0.00800447 1.59962e-06 0.195781 0.0120079 1.5989e-06 0.0336222 0.0499424 1.59891e-06 
0.186027 0.0678912 0.000397659 0.00127823 0.00636311 0.0798827 0.0361233 0.00774063 1.13139e-05 0.00159725 0.000520493 0.0301097 0.025113 8.88092e-10 0.0255335 0.000959837 0.108295 0.00169718 0.0118538 0.00691616 0.0526709 0.338805 6.74563e-06 7.56202e-05 0.00944333 0.00065739 2.93178e-05 
0.182782 0.0243107 3.11892e-05 0.000356569 0.00375345 0.0616285 0.00322926 0.00349046 1.25013e-05 0.00541011 0.000674394 0.00229613 0.0291965 1.83521e-12 0.0114493 0.00219277 0.0205038 0.000289425 8.48861e-05 0.00247093 0.00193867 0.633421 2.95756e-06 3.33704e-05 0.00799762 0.00242504 1.88263e-05 
0.0560678 0.040897 1.76303e-05 0.00363496 0.0106096 0.220358 4.30056e-08 0.000557738 1.33485e-05 0.022705 0.000122252 0.0892473 0.0454142 7.40815e-11 0.0232794 0.0419715 0.0025413 9.40274e-06 0.000755959 0.00303037 0.000137724 0.424771 0.000187241 0.000100878 0.00873397 0.00479209 4.34736e-05 
0.182782 0.0243107 3.11892e-05 0.000356569 0.00375345 0.0616285 0.00322926 0.00349046 1.25013e-05 0.00541011 0.000674394 0.00229613 0.0291965 1.83521e-12 0.0114493 0.00219277 0.0205038 0.000289425 8.48861e-05 0.00247093 0.00193867 0.633421 2.95756e-06 3.33704e-05 0.00799762 0.00242504 1.88263e-05 
0.0160997 0.00672517 0.0020177 0.0275039 0.0204261 0.0450367 3.12493e-08 0.00227744 0.000844426 0.010613 0.000202195 0.00305544 0.0157303 4.7357e-12 0.00337989 0.00557847 0.00133405 0.000387415 0.00504691 0.000348792 0.00397599 0.797825 0.00960408 1.46735e-05 0.0186597 0.00329892 1.42352e-05 
0.0222854 0.00369736 0.000939442 0.000160268 0.00266581 0.019227 5.56814e-05 0.000679327 0.00201344 0.0157532 0.0025676 0.00834151 0.140488 2.15866e-06 0.00139895 0.0250081 6.0789e-05 0.000556543 0.000278833 0.0218396 0.00500251 0.715899 0.00196031 1.24967e-07 0.00834182 0.000775961 9.32215e-07 
0.129808 0.0536061 0.000125615 0.0148587 0.0327997 0.09868 0.013917 0.0112657 8.61035e-05 0.0265743 0.00860517 0.145411 0.0627422 1.55001e-07 0.0607118 0.00231125 0.0509145 0.000431957 0.00586571 0.0310554 0.000725718 0.213954 0.000105387 0.000588109 0.0170024 0.0178106 4.35824e-05 
0.0259625 0.0176889 0.000565242 0.0274011 0.0174388 0.10966 0.00192507 0.000439752 0.000365864 0.10319 9.27705e-05 0.0355701 0.092596 2.88814e-05 0.00316009 0.0210904 0.00164201 0.101894 0.00884323 0.133738 0.000251779 0.165908 0.0632247 0.00761157 0.0538338 0.00576708 0.0001104 
0.0076391 0.0123009 0.00290756 0.000238305 0.0219693 0.00195586 4.98437e-10 0.000453971 6.99459e-05 0.00433137 1.45206e-05 0.00131499 0.00652847 7.41792e-12 7.19192e-09 0.00248484 0.000242918 8.46587e-12 2.05217e-08 2.90349e-05 0.000242423 0.935258 0.000137614 5.93032e-12 0.00167887 0.000181008 2.06663e-05 
0.0331834 0.0255621 0.00382233 0.00427949 0.133378 0.220401 0.0106598 0.0133939 0.00350927 0.0098041 2.87366e-05 0.0123825 0.0169179 8.11299e-06 0.00879094 0.00810883 0.0163111 0.00032997 0.0151703 0.00873949 0.000173617 0.430124 0.00539854 0.00106268 0.0104783 0.00797665 5.43779e-06 
0.0980731 0.000780307 2.33172e-08 0.000334842 0.00723255 0.0767804 5.22116e-09 4.35512e-05 5.70376e-05 0.00453582 0.000624364 0.0076247 0.0199774 1.85336e-11 0.0615849 0.000912574 0.193374 0.000766788 0.000311475 0.000233286 0.000781729 0.523509 1.65597e-05 9.17901e-07 0.00216534 0.000265041 1.38212e-05 
0.11328 0.0155565 0.00197436 0.0010155 0.0305909 0.274856 4.86104e-07 0.00765715 0.000182971 0.0212954 0.000193219 0.0273781 0.0608041 9.16366e-11 0.0114194 0.00171771 0.0140688 0.000174863 0.000717269 0.00286957 0.0866068 0.287374 0.000337039 8.7442e-05 0.0333645 0.0064452 3.36885e-05 
0.0993531 5.5979e-07 5.26564e-07 2.89867e-05 0.03221 0.100924 3.96776e-11 0.0216276 1.11751e-06 1.34383e-06 5.24686e-11 0.0840316 0.0245001 6.68477e-11 0.065683 0.00956435 0.0190149 1.79293e-06 0.156441 0.000388791 0.00180587 0.362072 0.000737549 5.3442e-11 0.0216109 1.31419e-08 1.06559e-07 
0.0236105 0.00934337 0.000239433 0.16774 0.0100071 0.0320695 5.26151e-09 0.00166016 2.19324e-05 0.0131346 0.000259297 0.00376965 0.0191713 9.27789e-12 0.000613551 0.002482 0.00267572 5.87472e-05 0.000385123 0.000191903 0.0160316 0.553081 0.000341229 4.25914e-05 0.134945 0.00809257 3.15891e-05 
0.0186435 0.0249432 0.000384995 0.0845991 0.0384419 0.0394142 8.69393e-08 5.82878e-05 0.000376699 0.143913 0.000489333 0.0697897 0.065542 1.68011e-05 0.00530169 0.0556314 0.00629001 0.000382918 0.00402756 0.00179618 8.77133e-06 0.271662 0.141881 7.40877e-06 0.0117237 0.0146011 7.32458e-05 
0.12653 0.0284531 0.00145334 0.00697397 0.0716791 0.130382 0.000647182 0.0203229 0.00366468 0.0976597 8.74885e-05 0.0134604 0.0382789 2.00409e-11 0.0323678 0.0195447 0.00377834 0.00026111 0.00704731 0.039883 0.000838387 0.287241 0.00217827 1.34932e-09 0.0664196 0.000844772 2.6097e-06 
0.0113632 0.00168851 8.33207e-05 0.000141856 0.00770975 0.0110018 3.0157e-10 5.05903e-05 2.33802e-05 0.00327887 2.14434e-09 4.28779e-05 0.00391192 4.55054e-12 0.0019336 0.0012349 0.000149092 4.07606e-08 0.000143129 0.000155737 8.54077e-05 0.955492 0.000300211 7.15459e-10 0.0011075 0.000101411 6.66921e-07 
0.0371651 0.0153412 0.000280904 0.00750943 0.0227232 0.233311 7.96079e-10 0.0315885 0.0154115 0.0296322 4.74933e-05 0.00614316 0.110196 1.30767e-07 0.0303115 0.0123567 0.0258096 0.00229672 0.00331112 0.00326729 0.000221674 0.252438 0.00126646 0.000738888 0.036652 0.12196 1.97209e-05 
0.0204676 0.0319437 2.49746e-05 0.0020665 0.0057187 0.0540646 0.00388456 0.0225664 1.19635e-06 0.0115979 0.000220059 0.012857 0.0450776 2.66144e-10 0.0384114 0.000588124 0.128018 0.000145818 0.00393028 7.59266e-05 0.00018591 0.600379 3.00861e-05 5.04557e-06 0.0115931 0.00614304 4.06863e-06 
0.127626 0.0156171 0.000483333 0.00846727 0.0314767 0.0525529 0.00792374 0.00476576 0.000515351 0.162798 0.0013112 0.051115 0.0174221 3.65686e-09 0.002572 0.00317551 0.0038365 0.000397255 0.00146975 0.0030917 0.00249858 0.485811 0.000888806 0.00102497 0.00834245 0.00481197 5.5004e-06 
0.00728164 0.00556172 0.00102865 0.000447279 0.0132579 0.0383567 6.15511e-06 0.00317841 0.000558003 0.00437956 3.56604e-05 0.00179246 0.00962315 1.31229e-10 0.00334521 0.00286911 0.000507823 8.5639e-05 0.00646701 0.00020082 8.95776e-05 0.887824 0.00937667 1.27817e-05 0.00201489 0.00169686 2.02279e-06 
0.105652 0.0197615 0.00419492 0.0182391 0.0240938 0.257144 0.000150839 0.01887 2.36122e-05 0.0101576 0.00124916 0.0241128 0.0173925 6.18629e-11 0.0102954 0.00325965 0.00920832 0.0288568 0.000618031 0.00135101 0.0993891 0.32988 0.000278189 0.000864657 0.00895597 0.00597473 2.64144e-05 
0.257873 0.0345194 3.38102e-05 0.0382075 0.0174752 0.159177 4.78943e-07 0.000381169 3.64431e-05 0.00351639 0.00164006 0.0357706 0.0122792 1.74153e-11 0.0065088 0.00843427 0.000486147 3.30181e-05 0.000983162 0.000659151 4.4776e-05 0.410913 7.5877e-05 0.00440276 0.00590742 0.000639605 2.28121e-06 
0.159886 0.0233051 0.000148122 0.00124272 0.0586627 0.0757152 0.0062407 0.0171844 3.10884e-05 0.0675555 0.00101991 0.0184614 0.0328318 2.08333e-08 0.0477643 0.00602757 0.0673079 0.000181011 0.00349483 0.00183696 0.0720563 0.299325 0.024829 8.02906e-05 0.00551292 0.00924242 5.67979e-05 
0.0912362 0.0224266 0.000287519 0.00248328 0.0587272 0.0575865 0.000582511 0.00382907 5.31129e-05 0.045807 0.000150973 0.040732 0.0507077 0.000116137 0.024574 0.0142639 0.0185985 2.33238e-05 0.00762844 0.0730197 0.0605496 0.344458 5.42387e-05 0.00300425 0.0632981 0.0157716 3.00599e-05 
0.101723 0.0110624 0.0361972 0.00310701 0.137522 0.0425265 0.000173115 0.0183624 0.00175064 0.0177248 0.00119046 0.0608437 0.0302581 3.57504e-09 0.0655273 0.0238864 0.0982272 0.000401054 0.0104955 0.00178471 0.06811 0.239791 0.00592882 0.000898912 0.00834904 0.0140733 8.61304e-05 
0.0693106 0.00975073 1.88124e-06 0.0173925 0.0673193 0.0718093 1.93143e-08 0.000924363 0.00477422 0.00564838 8.65192e-05 0.0778276 0.0377428 1.22188e-10 0.268816 0.0102838 0.0381573 0.0138725 0.00171733 0.00358605 0.00019589 0.276699 0.00498897 0.000569413 0.0154702 0.0026109 0.000444315 
0.0468724 0.00236697 0.000145497 0.0009873 0.00396446 0.202678 5.80092e-13 0.00272909 9.82774e-06 0.00117886 4.66703e-09 0.00527197 0.0295225 9.77324e-13 0.0186425 0.00011526 0.0483867 0.000287386 0.000291605 0.000117638 0.00078585 0.631394 4.14075e-05 9.6772e-09 0.00198497 0.00220638 2.02333e-05 
0.142999 0.0423576 0.000195777 0.000523362 0.012346 0.0714723 0.00148324 0.00480852 4.05465e-05 0.0171817 0.00164562 0.00790024 0.0515137 8.60904e-12 0.0107356 0.00117168 0.10389 0.000322774 0.000412924 0.00524282 0.000284178 0.504652 9.04475e-06 1.11507e-05 0.0122551 0.00653814 7.53312e-06 
0.132815 0.0301905 1.87219e-06 0.000211388 0.227801 0.0174885 0.0111021 0.0170975 0.000390528 0.00367069 9.59978e-06 0.00821606 0.0375713 3.88298e-09 0.0964477 0.0377916 0.00643239 0.000361824 0.0054963 0.0255488 0.0495893 0.25839 0.00682194 5.55939e-10 0.0137887 0.01275 1.52578e-05 
0.157545 0.0479008 7.72731e-05 0.000465693 0.0235243 0.222194 6.69029e-07 0.0222811 4.66323e-05 0.0295259 0.000197453 0.0153376 0.0856896 4.07846e-08 0.0896507 0.0244768 0.00593294 6.3527e-06 0.00293262 0.00161098 0.0034628 0.254659 8.04856e-05 1.18407e-08 0.00882432 0.00357685 7.71075e-08 
0.0967067 0.065071 0.000295694 0.00532314 0.106384 0.0251212 0.000179504 0.00401056 0.000223899 0.0244479 0.000171048 0.0936513 0.0624197 0.000540262 0.0221257 0.0215113 0.0375819 0.0103565 0.00252035 0.0149327 0.000461571 0.368655 0.0245613 6.29044e-05 0.00755818 0.00462323 0.000503746 
0.0229786 0.0449504 0.000474858 0.00344451 0.0434418 0.0507216 0.000487954 0.000893438 5.6906e-08 0.0166991 3.62352e-06 0.0770084 0.00375163 8.43997e-10 0.00689445 0.00479029 0.0103445 6.73704e-05 0.000196336 0.00041127 5.43544e-06 0.672876 0.000362195 1.63794e-07 0.0333581 0.00583404 4.3179e-06 
0.257873 0.0345194 3.38102e-05 0.0382075 0.0174752 0.159177 4.78943e-07 0.000381169 3.64431e-05 0.00351639 0.00164006 0.0357706 0.0122792 1.74153e-11 0.0065088 0.00843427 0.000486147 3.30181e-05 0.000983162 0.000659151 4.4776e-05 0.410913 7.5877e-05 0.00440276 0.00590742 0.000639605 2.28121e-06 
0.071517 0.0606254 0.000239372 0.00113726 0.0283465 0.184564 7.47123e-06 0.029365 0.000173802 0.0218653 0.000612436 0.143204 0.046116 2.63314e-08 0.0559904 0.0283648 0.00590038 0.000501275 0.0114368 0.00138113 0.0987163 0.197744 0.00381834 2.01316e-05 0.00659709 0.00174403 1.17656e-05 
0.128725 0.0300421 1.47231e-06 0.000210528 0.241929 0.0163675 0.00880463 0.019618 3.76837e-06 0.00370745 9.16816e-06 0.0076737 0.0389379 4.37593e-09 0.0968017 0.0403045 0.0052598 0.00060104 0.00510856 0.0235263 0.0419473 0.263294 0.00348868 4.35756e-10 0.0148252 0.00879904 1.32944e-05 
0.263291 0.00390399 3.66838e-06 0.000116412 0.085599 0.0355294 1.30221e-06 0.000396399 0.00020027 0.00318006 9.82004e-08 0.000877289 0.0773484 6.99885e-10 0.0335651 0.00730811 0.00198536 7.98759e-10 7.12228e-06 0.000365056 1.30857e-06 0.430999 0.0497977 5.82292e-07 0.00172849 0.00377916 1.52426e-05 
0.10466 0.0181157 2.65769e-05 0.0585277 0.0833273 0.0437784 3.64339e-08 0.00587815 0.00119952 0.00611079 0.00202736 0.169011 0.0346997 4.8928e-11 0.18653 0.0142462 0.0148629 0.000932214 0.00555062 0.000371893 0.000324501 0.237969 0.00380273 2.16486e-05 0.00658574 0.00119424 0.000246354 
0.0372968 0.0438205 3.00318e-05 0.015713 0.00601165 0.0649697 7.20741e-09 0.0166506 1.40816e-05 0.00706136 0.000318505 0.00225445 0.00890468 1.21429e-08 0.110956 0.000253453 0.0173957 4.61354e-05 0.00155826 0.00063026 2.05598e-05 0.636757 9.46288e-05 6.62604e-06 0.0286521 0.000576411 6.62218e-06 
0.287997 0.00351802 0.000365357 0.000473057 0.16293 0.108829 2.47358e-08 0.000115109 7.19244e-05 0.00107278 4.17083e-05 0.0236735 0.0114754 4.16743e-08 0.0368028 0.00348395 0.00434117 0.000563856 0.00527238 0.00251826 0.000345315 0.341356 1.96958e-05 5.14656e-05 0.00102738 0.00358351 7.06397e-05 
0.163123 0.0171859 4.737e-05 0.000253427 0.0110542 0.0378121 0.00107647 0.00553072 1.34539e-05 0.00622353 0.000569286 0.0028779 0.0545273 2.01036e-12 0.0157452 0.00106209 0.117518 7.43446e-05 0.00025984 0.0022275 0.000416673 0.54674 1.075e-05 1.63284e-05 0.00684158 0.00878157 1.10295e-05 
0.00858702 0.00283971 2.07877e-05 0.000503767 0.0370085 0.00135926 2.89344e-10 0.00201365 0.000574808 0.00407304 1.42658e-05 0.00793505 0.00657505 6.63013e-12 0.0043699 0.0119997 0.00106868 0.000132378 0.0170501 0.00016493 5.1561e-05 0.879971 0.012746 9.78683e-09 0.000747951 0.0001905 2.69719e-06 
0.082629 0.00226135 3.87408e-07 8.5334e-05 0.00789757 0.0826773 1.5633e-12 5.45215e-05 2.35444e-12 0.000773686 2.15435e-08 0.00479019 0.00746126 2.63382e-12 0.0196588 0.000517606 0.0108117 8.74149e-09 0.000195662 1.26729e-08 9.72632e-05 0.778949 9.54129e-06 4.29769e-06 0.000838167 0.000284561 2.3355e-06 
0.00883281 0.00472914 0.00143515 0.000151433 0.0133612 0.00168571 1.42915e-09 0.000153758 2.204e-05 0.00130684 1.02216e-08 3.40723e-08 0.00896606 4.38259e-12 0.00036427 0.00058799 0.000213874 5.00172e-12 8.11225e-05 0.00019142 0.000101681 0.953343 2.96354e-05 3.39551e-09 0.00443143 1.04004e-05 6.92523e-07 
0.187808 0.00310513 5.17371e-08 0.000392758 0.00458299 0.0103517 0.0007242 0.000490822 1.01141e-05 0.000918536 1.83287e-07 0.000644091 0.0526112 2.86385e-11 0.0036376 0.000188826 0.0364385 5.52766e-05 5.09803e-05 0.00138195 0.0063761 0.68466 4.51284e-12 1.73095e-05 0.00120676 0.00432739 2.02178e-05 
0.0117224 0.00322294 0.00162261 0.000423598 0.028413 0.0258798 4.92051e-09 0.000887008 0.00186018 0.00753864 0.000188837 0.00199925 0.0157878 3.0176e-12 0.0049555 0.0073383 0.00109152 0.00079553 0.0115979 0.000233354 0.000105981 0.84608 0.0240633 1.50835e-05 0.00223531 0.0019342 8.23632e-06 
0.0771234 0.00486247 4.61966e-05 5.27428e-05 0.0153923 0.014761 0.0194492 0.00131423 4.08495e-06 0.00615836 0.000563081 0.0083461 0.035966 3.30878e-12 0.0952404 0.0017031 0.329801 0.00053179 0.0017768 0.00027735 0.00214807 0.38298 6.63076e-05 9.09093e-06 0.000346052 0.00106602 1.44892e-05 
0.10466 0.0181157 2.65769e-05 0.0585277 0.0833273 0.0437784 3.64339e-08 0.00587815 0.00119952 0.00611079 0.00202736 0.169011 0.0346997 4.8928e-11 0.18653 0.0142462 0.0148629 0.000932214 0.00555062 0.000371893 0.000324501 0.237969 0.00380273 2.16486e-05 0.00658574 0.00119424 0.000246354 
0.0355737 0.00100137 7.86727e-06 0.00677389 0.00828232 0.0518818 2.26893e-12 0.00865981 1.57109e-05 0.00179758 4.90856e-06 0.00334142 0.00995625 3.82263e-12 0.110371 0.000365265 0.0229435 6.1069e-05 0.000632881 0.000163728 2.74942e-05 0.735083 0.000128999 1.58291e-08 0.00223764 0.000679625 8.65431e-06 
0.022531 0.00463373 0.00021579 0.000763723 0.0331492 0.0646921 3.85614e-10 0.00644426 0.00249845 0.00580623 0.000165957 0.0103842 0.028534 3.97486e-12 0.0127428 0.00548007 0.00442994 0.000842185 0.0728852 0.000287249 0.000318278 0.681259 0.015572 1.66166e-05 0.0227544 0.00358503 8.10235e-06 
0.0843454 0.00944199 0.000355889 0.000509556 0.0210419 0.10703 1.05194e-05 0.00458964 7.04052e-05 0.00665044 0.000897215 0.0230412 0.0402259 1.44185e-10 0.0201235 0.0018765 0.00814747 5.35447e-05 0.00179304 0.0010794 0.0197489 0.628326 0.000335101 0.00117572 0.016114 0.00300056 1.58021e-05 
0.0207728 0.00793939 0.00309949 0.000915593 0.0298153 0.0961598 2.99837e-10 0.000152572 7.78687e-06 0.0555723 2.13452e-09 0.00122264 0.0333406 3.80174e-12 0.00333954 0.00144755 0.00120092 3.45776e-05 2.5634e-05 0.000144669 2.24666e-05 0.737957 0.00050401 3.03933e-12 0.00449862 0.00182659 4.09054e-07 
0.0620817 0.0375169 0.000883433 0.00077523 0.0518587 0.101619 4.59957e-08 0.0117301 0.029874 0.00990369 4.03371e-06 0.00564071 0.188157 1.38408e-08 0.00267802 0.00225955 0.0241575 0.00015116 0.000694255 0.000281228 0.000176211 0.356525 0.000126952 3.85398e-07 0.101726 0.0111172 6.16636e-05 
0.024977 0.00815913 0.00039685 0.000992618 0.0321051 0.156512 1.88784e-08 0.0736262 0.000194707 0.0084952 3.38146e-05 0.00549933 0.016786 1.38078e-09 0.00140229 0.000846353 0.00484834 0.000124791 0.0447608 0.00213385 0.00113584 0.537604 0.000146188 2.66216e-08 0.0578431 0.0213665 9.72701e-06 
0.0280387 0.132351 0.00252075 0.00162983 0.112608 0.00295392 4.2048e-07 0.0193417 0.000203777 0.0175186 0.000120416 0.0125281 0.00555944 1.77078e-11 0.00267425 0.0172757 0.000924136 8.81104e-05 0.00736286 0.000126484 0.0020842 0.627252 0.000205604 0.000187756 0.0056512 0.000770963 2.2116e-05 
0.0336215 0.0199086 0.0234391 0.000974224 0.125244 0.0809302 4.5303e-05 0.0131611 0.000134266 0.123398 0.000327729 0.0968335 0.150131 3.10067e-07 0.00627031 0.00333373 0.0114387 5.2131e-05 0.0152468 0.0100945 0.000376981 0.191043 0.000177653 4.46402e-07 0.0435611 0.0502558 3.75659e-07 
0.0174024 0.00757974 0.00254267 0.000986521 0.00852763 0.102216 7.72277e-11 0.00188781 7.8205e-05 0.00703091 5.60223e-06 0.00237693 0.00566128 4.6055e-13 0.00124439 0.00214362 0.000195212 5.17484e-06 0.000618973 0.000852017 0.000590265 0.830912 0.00049218 3.6819e-13 0.00459857 0.00205042 1.29281e-06 
0.187808 0.00310513 5.17371e-08 0.000392758 0.00458299 0.0103517 0.0007242 0.000490822 1.01141e-05 0.000918536 1.83287e-07 0.000644091 0.0526112 2.86385e-11 0.0036376 0.000188826 0.0364385 5.52766e-05 5.09803e-05 0.00138195 0.0063761 0.68466 4.51284e-12 1.73095e-05 0.00120676 0.00432739 2.02178e-05 
0.0167776 0.00342181 0.000138146 0.000137571 0.0122267 0.0419504 3.53653e-06 4.65174e-05 1.75572e-05 0.00736621 3.33514e-09 7.23393e-05 0.0140493 1.6442e-11 0.00996422 0.00526214 0.00135457 3.25241e-08 7.8594e-05 0.0155002 5.34816e-05 0.861952 0.000206675 1.31447e-11 0.00885975 0.000559923 2.92916e-07 
0.00728164 0.00556172 0.00102865 0.000447279 0.0132579 0.0383567 6.15511e-06 0.00317841 0.000558003 0.00437956 3.56604e-05 0.00179246 0.00962315 1.31229e-10 0.00334521 0.00286911 0.000507823 8.5639e-05 0.00646701 0.00020082 8.95776e-05 0.887824 0.00937667 1.27817e-05 0.00201489 0.00169686 2.02279e-06 
0.00953413 0.0031472 0.000714834 0.000184902 0.00984264 0.014461 1.017e-10 5.93453e-05 6.2521e-05 0.00722836 2.02433e-06 0.000770726 0.00275571 2.84987e-13 0.00117495 0.00409643 3.29062e-05 5.61158e-10 0.000240635 0.00037399 0.000184572 0.943219 0.000511583 2.27836e-13 0.00101235 0.000390312 4.05282e-07 
0.00316874 0.000272801 2.07195e-09 9.88457e-05 0.000416899 1.67979e-05 6.48544e-05 2.24909e-10 1.83428e-09 0.0344136 0.00160155 0.0126166 0.00450695 8.91291e-08 2.00543e-05 3.07417e-05 0.000360008 5.83268e-06 1.18782e-09 0.00419297 1.15306e-09 0.936936 3.23344e-10 1.64044e-09 3.52862e-05 0.00123959 1.74292e-06 
0.0113632 0.00168851 8.33207e-05 0.000141856 0.00770975 0.0110018 3.0157e-10 5.05903e-05 2.33802e-05 0.00327887 2.14434e-09 4.28779e-05 0.00391192 4.55054e-12 0.0019336 0.0012349 0.000149092 4.07606e-08 0.000143129 0.000155737 8.54077e-05 0.955492 0.000300211 7.15459e-10 0.0011075 0.000101411 6.66921e-07 
0.0445096 0.0978434 0.000111072 0.0306767 0.180154 0.0172878 0.000219622 0.0848412 0.000607461 0.0177541 0.000572492 0.118202 0.0237319 3.03123e-07 0.018774 0.0416633 0.00476371 0.000309084 0.0297651 0.0352405 0.00558755 0.23313 0.00575323 3.9224e-05 0.00491109 0.00352003 3.11629e-05 
0.134684 0.0164557 3.90636e-05 0.000637777 0.00503897 0.0850241 0.00134555 0.00587421 2.47597e-05 0.00486368 0.000385927 0.00405359 0.0199784 1.42301e-12 0.0154737 0.00179001 0.0152335 0.00015912 0.000125999 0.00262468 0.0016813 0.675185 1.06765e-05 1.50826e-05 0.00778831 0.00149302 1.33639e-05 
0.201508 0.0143514 0.00025051 0.000879394 0.0237305 0.075807 0.00167142 0.00810821 0.000151602 0.0114846 0.000309487 0.0115174 0.0529701 2.3576e-05 0.0234306 0.00137674 0.0368788 0.000357008 0.0040586 0.00476344 0.1142 0.39409 0.000447609 0.000204457 0.0115892 0.00582936 1.13866e-05 
0.00728164 0.00556172 0.00102865 0.000447279 0.0132579 0.0383567 6.15511e-06 0.00317841 0.000558003 0.00437956 3.56604e-05 0.00179246 0.00962315 1.31229e-10 0.00334521 0.00286911 0.000507823 8.5639e-05 0.00646701 0.00020082 8.95776e-05 0.887824 0.00937667 1.27817e-05 0.00201489 0.00169686 2.02279e-06 
0.0171061 0.00440129 0.000630513 0.000331864 0.0134168 0.00486351 6.66018e-09 0.000131405 1.23208e-05 0.00138745 0.000747025 0.0343303 0.00121628 7.11688e-12 0.000692276 0.00564366 0.000790045 3.22163e-08 8.74497e-05 0.00020367 0.001935 0.910176 0.000171146 1.01397e-06 0.00134802 0.000375714 1.32936e-06 
0.0246784 0.00792329 0.00103451 0.00102673 0.0279531 0.147267 1.38352e-06 0.0577677 0.000175082 0.00847654 2.90243e-05 0.00497036 0.0141638 1.81554e-08 0.00158859 0.00121488 0.00459944 0.000103686 0.033302 0.00188854 0.00103427 0.602519 0.000217744 1.40304e-05 0.0421757 0.015868 7.36701e-06 
0.0978008 0.0104796 0.000487535 0.000447031 0.01715 0.139652 0.00810387 0.0128546 1.78223e-05 0.0126715 0.000495073 0.00885846 0.0367089 1.87708e-12 0.0420273 0.00144232 0.101982 0.000347747 0.00304815 0.00177106 0.00212172 0.487745 8.5501e-05 5.13907e-05 0.00733373 0.00630839 8.11759e-06 
0.24176 0.0191431 8.61643e-06 0.00144296 0.015019 0.0913173 0.0015836 0.000454987 1.12921e-05 0.00854196 0.00234331 0.0243205 0.0193413 2.77092e-11 0.0259528 0.00158774 0.0537271 0.00043235 0.00270911 0.00213243 0.00079573 0.479326 1.85765e-05 7.56124e-07 0.00419543 0.00383098 3.22447e-06 
0.0187879 0.000692783 2.65806e-05 0.000208168 0.0094127 0.0658209 1.90835e-10 0.00940262 1.19371e-05 0.00038255 2.08214e-07 0.00157608 0.0182795 3.21514e-10 0.0219667 7.39795e-05 0.0386077 6.71828e-05 0.000108014 1.66111e-05 9.38688e-05 0.812014 1.14367e-05 2.4296e-06 0.00148708 0.000939577 9.66266e-06 
0.0337362 0.00469787 0.00292634 0.00109047 0.0605649 0.0611425 6.92871e-06 0.00146621 0.00157436 0.0682509 0.000276049 0.00676904 0.0769985 6.78357e-11 0.0224946 0.03998 0.017688 0.000274561 0.158981 0.000365202 0.000114489 0.418253 0.0148413 2.74737e-05 0.00289522 0.00447745 0.000107934 
0.0202691 0.0106116 0.00350184 0.000880507 0.00938913 0.140099 7.6543e-11 0.00255614 6.31124e-05 0.00903199 7.84139e-06 0.00332769 0.00647605 3.27407e-13 0.00174213 0.0026827 0.000273291 6.45722e-06 0.000747753 0.00110649 0.000615787 0.778725 0.000385722 2.61748e-13 0.00516642 0.00233231 1.80912e-06 
