0.0495164 0.243944 0.0132029 0.0867612 0.0126198 0.0515199 0.00123412 0.13732 0.000258048 0.0192959 0.00223365 0.061234 0.0165876 0.000523084 0.00788775 0.00333466 0.00238376 0.000105598 0.00263016 0.0110821 0.00442235 0.00543903 2.84785e-05 0.000306433 0.259497 0.00661972 1.1865e-05 
0.0322982 0.291098 0.00126136 0.0185104 0.0197367 0.0121614 0.00254369 0.0156087 0.0022049 0.012748 0.000820797 0.0458127 0.00924341 2.10586e-05 0.00277432 0.010104 0.0185211 8.7094e-05 0.0168621 0.0197922 0.00292632 0.00924075 9.48798e-05 0.000793756 0.452227 0.00245976 4.70777e-05 
0.0383971 0.0194307 1.67791e-05 0.00415797 0.00869861 0.00250231 0.00297543 3.36968e-05 0.00220956 0.0339688 5.47327e-06 0.00135165 0.00455646 1.20865e-07 0.00107612 0.000264754 0.0101131 0.000155885 0.000234364 0.00663201 7.12221e-05 0.000348753 4.01998e-09 1.20726e-11 0.862168 0.000630763 3.97264e-09 
0.00601095 0.0114867 5.76692e-06 0.00465619 0.00189821 0.00515055 3.60916e-06 0.000506054 4.70081e-08 0.000979538 5.09468e-06 0.00738797 0.000925993 9.59284e-10 0.00146915 0.000288329 9.44714e-05 7.68414e-05 1.97155e-05 0.00021176 3.36105e-05 0.000431154 5.03612e-06 1.56021e-12 0.958274 7.93817e-05 9.27775e-08 
0.00267103 0.0774502 3.83925e-06 0.00228454 0.00109087 0.000197786 4.67839e-09 1.93282e-05 6.26786e-07 0.000443889 4.01309e-07 0.0017988 0.169863 0.0126282 1.36643e-09 2.26673e-06 0.000402073 7.29641e-07 9.60491e-06 0.00356386 4.4292e-09 8.00183e-07 6.9511e-06 1.67312e-05 0.727527 1.70566e-05 6.27906e-09 
0.00934811 0.276899 7.73263e-05 0.0273956 0.000452541 0.0123028 1.00235e-06 0.04098 3.24007e-08 0.0122787 3.47632e-08 0.000446022 0.0156736 1.53596e-08 0.000132925 1.53642e-05 0.000623518 1.17516e-07 1.46021e-07 0.0238454 4.23804e-08 0.00547579 8.68981e-09 3.57791e-11 0.572482 0.00156972 6.25921e-07 
0.00416102 0.115869 2.72229e-08 0.17199 0.00147562 1.51133e-12 1.10652e-11 3.02846e-08 1.66649e-11 0.000946292 2.20539e-07 0.0285481 0.000576576 1.86424e-11 0.000978233 5.82063e-08 1.42042e-07 2.1276e-11 0.245915 0.000701339 6.92188e-08 3.69508e-08 6.74989e-09 1.49038e-11 0.428465 0.00037338 1.05098e-08 
0.0367441 0.242883 0.000250886 0.0204243 0.0168847 0.0424857 9.09146e-05 0.0441769 0.000710889 0.00570515 0.00015327 0.0207023 0.0188078 0.000537828 0.0161468 0.00307507 0.00755777 0.000373175 0.0163675 0.0476926 0.000835756 0.025095 0.00117636 0.00214789 0.42559 0.00336753 1.67662e-05 
0.126262 0.23625 0.000430885 0.033173 0.00761102 0.0119251 7.60547e-08 0.00153917 1.90982e-09 0.00058958 5.61913e-06 0.0852504 0.00507627 2.62634e-06 1.14771e-06 0.00217438 1.56998e-07 2.43826e-09 0.00146852 0.00535914 0.00143289 0.000622207 4.8599e-06 1.70799e-09 0.480688 0.000131985 1.70195e-09 
0.0219928 0.136533 0.00110163 0.0398412 0.00904977 0.0669583 0.00175228 0.022379 0.00561832 0.0134427 0.000426159 0.0284811 0.0538139 4.39354e-08 0.00206925 0.00172761 0.0651074 0.0003786 0.00492121 0.0681816 0.00084434 0.0145518 1.23269e-06 5.92931e-06 0.432887 0.00788788 4.54608e-05 
0.234284 0.0333119 1.11131e-06 0.017241 0.0331738 0.00715377 9.88292e-07 0.130072 5.03873e-05 0.0614197 0.000373597 0.0473514 0.00753382 1.14058e-09 0.0100107 0.00016848 0.0015231 3.79582e-05 1.55113e-05 0.0237038 0.00223372 4.50731e-06 5.1972e-08 0.00204553 0.387543 0.000745007 8.59324e-07 
0.0238492 0.188786 3.85707e-05 0.213047 0.00778254 0.0462095 3.75647e-05 0.0348377 0.00018424 0.0149626 0.00012631 0.0158166 0.0167176 1.01555e-05 0.0158657 0.0039214 0.00871772 0.00088555 0.0328499 0.126397 0.0018167 0.00659741 0.00083606 0.00172759 0.236725 0.00121043 4.36237e-05 
0.098804 0.117452 0.00279058 0.0257742 6.98696e-07 0.038499 6.98025e-07 0.107315 6.97625e-07 0.0346547 0.0048153 6.98697e-07 0.019843 6.97485e-07 6.98577e-07 6.98417e-07 0.00810378 6.97298e-07 6.98045e-07 0.0279398 6.9806e-07 0.0220758 6.98597e-07 6.9775e-07 0.489898 0.0020264 6.97753e-07 
0.0473481 0.258098 0.00283379 0.0293478 0.0204489 0.0684581 0.00142604 0.0519933 0.00293866 0.0124806 0.000343808 0.0278746 0.017161 4.38467e-07 0.0191245 0.00376383 0.00279578 0.00688837 0.00254209 0.0326198 0.000280352 0.0135321 2.63451e-05 0.000137682 0.374674 0.00283867 2.37116e-05 
0.0487551 0.0752555 7.50231e-05 0.149108 0.0105276 0.114391 0.00014634 0.00940068 0.00162019 0.0482621 7.00098e-05 0.0292619 0.0909851 5.20542e-06 0.012194 0.00299049 0.00298044 0.000817673 0.00256817 0.0188162 0.00110257 0.00949425 0.0104083 0.000771169 0.358309 0.00166605 1.82934e-05 
0.0691942 0.272016 0.000158181 0.0254613 0.0231205 0.0382715 0.000407951 0.0148673 0.00107503 0.0204733 0.000824991 0.0509984 0.0201688 3.45288e-05 0.0114121 0.00466389 0.00334879 0.000177607 0.00424811 0.0874837 0.0028995 0.00382351 4.38026e-05 2.96684e-05 0.343795 0.000958366 4.3957e-05 
0.0682787 0.180686 0.00461157 0.118112 0.0127441 0.0131984 0.000144706 0.0254026 0.0433036 0.032499 0.000312964 0.010409 0.00765276 0.0116462 0.00100364 0.00584191 0.0138951 5.13629e-06 0.000606702 0.00713325 2.42988e-05 0.0135098 4.04645e-05 7.25583e-06 0.425506 0.00342424 1.11301e-06 
0.0711194 0.118805 7.11428e-05 0.00882912 0.00497993 0.12411 0.000944738 0.00818444 6.38448e-05 0.0450397 6.83209e-05 0.0253291 0.0560642 4.49438e-07 0.00836576 0.000300323 0.00334691 2.0326e-05 0.000643353 0.0534972 7.77305e-05 0.0262182 6.84449e-05 1.72375e-05 0.436401 0.00743222 2.65778e-06 
0.00650234 0.00991939 7.39827e-07 3.0276e-06 2.3133e-06 0.00123824 4.15998e-05 0.000132583 6.81964e-05 0.159982 5.7508e-07 0.0409654 0.0478831 7.32681e-07 0.00020041 0.000296308 1.26516e-05 8.36188e-07 0.000888675 0.0723173 4.1172e-07 3.59357e-05 6.75152e-06 3.28132e-05 0.659419 1.27572e-06 4.76834e-05 
0.00667354 0.260335 2.77021e-05 3.30823e-07 0.00877271 0.00175846 2.04084e-06 0.00374098 4.55666e-10 0.0705202 7.76038e-07 0.0118208 0.0248956 5.09735e-10 0.000194549 3.69335e-07 9.08685e-07 8.25352e-07 8.96595e-07 0.0869819 6.06076e-07 1.90205e-07 8.97377e-08 4.07512e-10 0.524061 0.000210313 4.0607e-10 
0.0503151 0.192567 0.00103729 0.198677 0.0116372 0.0213731 0.00174115 0.0283304 0.00500273 0.0140798 0.00292157 0.0783472 0.0133149 0.000945809 0.0169564 0.0106348 0.00773971 0.000802766 0.00492206 0.0196664 0.00354777 0.0177242 0.000110596 0.000386294 0.295159 0.00204824 1.18244e-05 
0.0261665 0.316479 8.96359e-05 0.0272119 0.00400345 0.00154326 7.43336e-07 0.0564218 6.90434e-08 0.00547587 4.71957e-11 0.00100002 0.00165403 6.01297e-11 0.000141729 0.00012836 0.0343266 6.86244e-11 9.08929e-08 0.0011639 6.3118e-05 0.000830684 4.75431e-06 4.80712e-11 0.52304 0.000254836 4.79012e-11 
0.00601095 0.0114867 5.76692e-06 0.00465619 0.00189821 0.00515055 3.60916e-06 0.000506054 4.70081e-08 0.000979538 5.09468e-06 0.00738797 0.000925993 9.59284e-10 0.00146915 0.000288329 9.44714e-05 7.68414e-05 1.97155e-05 0.00021176 3.36105e-05 0.000431154 5.03612e-06 1.56021e-12 0.958274 7.93817e-05 9.27775e-08 
0.110409 0.102435 0.00051374 0.0117992 0.00837223 0.0412626 8.97649e-06 0.0355197 1.13784e-05 0.00487673 0.012279 0.174446 0.0650536 2.02132e-07 0.0278483 0.00174984 0.0266848 0.000259904 0.00715747 0.0127377 0.000140241 0.0534149 2.38992e-05 0.000993758 0.295938 0.00593091 0.000132929 
0.0573982 0.190834 0.00402997 0.0133863 0.00478793 0.0594256 0.000255611 0.000299323 0.000417213 0.0958859 3.23519e-07 0.173434 0.116095 0.000174274 0.00409212 0.00386335 0.0109028 4.51332e-07 0.00117789 0.0033943 0.00012963 0.00033449 6.95528e-08 4.62533e-10 0.258742 0.000911584 2.69135e-05 
0.0439149 0.0976623 0.000370786 0.00810428 0.00788862 0.030431 0.000789045 0.000923691 0.000242017 0.00737898 0.00103622 0.0922745 0.148099 8.83512e-08 0.000304653 5.21479e-05 0.00527968 0.00822834 0.00555912 0.0234985 0.000655321 0.00514406 1.6513e-05 1.93887e-05 0.505888 0.00623747 1.16451e-06 
0.0700979 0.0549479 0.000868117 0.0163812 0.0734568 0.059345 4.00897e-05 0.0108806 0.000422498 0.0559741 0.000216516 0.0334618 0.0505868 1.12995e-05 0.0292091 0.00359459 0.0277571 0.00129187 0.00133532 0.004423 0.00301734 0.157807 0.00180828 0.000212324 0.33853 0.0042963 2.67257e-05 
0.0604001 0.16141 0.000107392 0.0325751 0.00108355 0.239135 4.23654e-10 0.0206389 2.75006e-05 0.00763961 0.000107311 0.00354494 0.0370385 1.38982e-08 0.00956562 0.000210323 0.0339211 1.78864e-05 0.000110362 0.0101551 5.60223e-05 0.0897236 2.98285e-06 7.10001e-06 0.2906 0.00191231 9.65318e-06 
0.078357 0.0558246 5.1163e-08 0.21064 0.014606 0.0880344 1.16362e-06 0.00106045 3.09101e-09 0.0230818 6.716e-11 0.087342 0.000447845 8.55653e-11 0.00310783 0.00382404 0.00251625 9.76533e-11 4.09735e-06 0.00195719 3.34841e-05 0.000620804 4.08373e-06 0.000375318 0.426801 0.00135961 1.32305e-06 
0.107543 0.0242664 0.000529963 0.249913 0.00118207 0.066158 6.21459e-07 0.000591286 0.00121939 0.00144132 4.63022e-06 0.0211006 0.00168988 0.000192464 0.0156351 0.000511553 0.0153402 4.78273e-05 8.12829e-05 0.151251 6.51024e-05 0.0056901 3.67477e-07 5.27509e-06 0.333781 0.00175529 3.70941e-06 
0.0357107 0.0340688 1.11236e-09 0.241856 0.00904076 0.00426644 0.000915994 0.0174144 3.29017e-06 0.0148772 2.9828e-05 0.0100448 0.0299039 2.48113e-08 0.000123212 0.000316921 0.00201204 0.00156189 4.47827e-05 0.00586798 6.79659e-05 0.000656059 1.22598e-06 1.05614e-06 0.588777 0.00243774 1.9779e-08 
0.0573309 0.0713577 1.10503e-07 0.080184 0.000679491 0.00459881 6.49558e-08 0.00250683 1.13274e-05 0.00235288 4.25899e-07 0.215268 0.0640232 3.18412e-05 0.00141199 1.85071e-06 2.19894e-08 0.000100799 1.77395e-06 0.0915215 0.000239993 1.86955e-08 1.72448e-08 0.000134766 0.408231 1.10564e-05 8.71799e-08 
0.0391971 0.115008 0.000855009 0.270365 0.00739772 0.0219682 2.15304e-05 0.0187705 1.70364e-05 0.0051276 0.000230772 0.0375274 0.00747157 0.000175428 0.00864306 0.00198251 0.00255098 0.000218984 0.000128459 0.0869551 0.000325279 0.00490052 3.91167e-05 0.000840409 0.368549 0.000725667 8.18316e-06 
0.0553447 0.154194 1.34672e-08 0.00372734 0.0321055 0.00225855 1.63886e-05 0.266927 6.5005e-06 0.00172953 1.92084e-05 0.0179853 0.00519079 4.60227e-10 0.00510318 0.0089931 0.000265263 4.78406e-11 0.0919048 0.00106489 0.0332172 0.0285763 2.01311e-05 4.33393e-08 0.28917 0.00213344 4.69084e-05 
0.00615879 0.0466911 5.72821e-05 0.0068901 0.00391799 0.0144569 1.80732e-07 0.000118024 3.41934e-05 0.0919342 7.8719e-05 0.00215097 0.222067 5.04463e-10 0.000794542 0.000907008 0.00188205 0.000319355 0.00177746 0.00675518 5.72368e-06 0.0164984 0.00037052 2.06362e-07 0.566689 0.00944453 2.38568e-08 
0.0643914 0.229256 0.000486312 0.0282206 0.0139681 0.0175637 0.00320982 0.0234473 0.00251 0.0104186 0.00100215 0.0675323 0.0107762 5.50177e-06 0.00860305 0.00322794 0.00572852 0.00593905 0.00796739 0.0965159 0.00433774 0.0119902 0.0021087 0.00084377 0.375066 0.00484712 3.72677e-05 
0.0147425 0.105111 5.03985e-07 0.00340567 0.0021356 0.0317968 0.000231931 0.00219015 1.83772e-08 0.00221185 0.000572304 0.0354017 0.00495774 2.62112e-08 2.19971e-07 0.0511456 4.9694e-05 2.68294e-07 2.47256e-05 0.00443796 2.53481e-05 0.00362384 1.12397e-05 0.00180932 0.735869 0.000244683 1.06468e-09 
0.00601095 0.0114867 5.76692e-06 0.00465619 0.00189821 0.00515055 3.60916e-06 0.000506054 4.70081e-08 0.000979538 5.09468e-06 0.00738797 0.000925993 9.59284e-10 0.00146915 0.000288329 9.44714e-05 7.68414e-05 1.97155e-05 0.00021176 3.36105e-05 0.000431154 5.03612e-06 1.56021e-12 0.958274 7.93817e-05 9.27775e-08 
0.00959291 0.0146683 4.87803e-09 0.00149209 0.0068612 0.000211081 0.00420784 1.90016e-06 7.87929e-06 0.0270391 7.25881e-06 0.000696832 0.00173126 4.83092e-09 0.000283837 0.000118028 0.00200678 9.09487e-05 7.69337e-06 0.00222468 9.59678e-06 0.000291421 7.61254e-10 3.86212e-09 0.927889 0.00056059 3.84846e-09 
0.00601095 0.0114867 5.76692e-06 0.00465619 0.00189821 0.00515055 3.60916e-06 0.000506054 4.70081e-08 0.000979538 5.09468e-06 0.00738797 0.000925993 9.59284e-10 0.00146915 0.000288329 9.44714e-05 7.68414e-05 1.97155e-05 0.00021176 3.36105e-05 0.000431154 5.03612e-06 1.56021e-12 0.958274 7.93817e-05 9.27775e-08 
0.0283151 0.0748987 7.4957e-05 0.0772555 0.00843425 0.0255093 6.86301e-06 0.0575187 5.4889e-09 0.00290204 6.38341e-05 0.0527664 0.0154266 8.91349e-12 0.0108737 0.000695771 0.00417397 0.00745692 0.000326044 0.00139564 3.39162e-05 0.00189295 2.79765e-05 7.12596e-12 0.626525 0.00342544 7.52784e-07 
0.0233252 0.0285922 1.68386e-05 0.234012 0.00569221 0.00716941 0.000902434 0.00965 0.00152598 0.0216652 0.00229505 0.00173854 0.0100757 1.08187e-07 0.000325672 0.000852961 0.00720553 0.00482067 0.000556511 0.00791319 0.000435137 0.0001681 1.06213e-06 6.59724e-09 0.629508 0.0015522 3.51364e-07 
0.00416102 0.115869 2.72229e-08 0.17199 0.00147562 1.51133e-12 1.10652e-11 3.02846e-08 1.66649e-11 0.000946292 2.20539e-07 0.0285481 0.000576576 1.86424e-11 0.000978233 5.82063e-08 1.42042e-07 2.1276e-11 0.245915 0.000701339 6.92188e-08 3.69508e-08 6.74989e-09 1.49038e-11 0.428465 0.00037338 1.05098e-08 
0.00456412 0.0383806 9.57934e-06 0.0363639 0.00430947 0.00119814 3.05648e-06 0.000149478 4.72041e-09 0.00192307 0.000189368 0.0199591 0.000968227 7.24298e-12 0.00307652 0.000460473 0.000570894 9.89266e-05 0.031221 0.000645435 2.58092e-05 0.000627574 1.14278e-05 5.79046e-12 0.854934 0.000308517 1.00014e-06 
0.0257879 0.212968 0.000104935 0.249429 0.0160729 0.0419193 3.78165e-05 0.113517 2.88079e-05 0.0013516 0.00175879 0.00756648 0.00185288 1.72908e-09 0.00291767 0.00412197 0.000239471 0.000506457 0.00274475 0.00156299 0.000141438 0.00228629 5.59435e-05 1.19733e-07 0.312863 0.000164005 8.2781e-07 
0.070084 0.100149 3.31318e-05 0.146001 0.0113019 0.0116143 0.000383424 0.0367514 3.80534e-05 0.0322138 0.00029248 0.130279 0.0134059 6.45314e-06 0.00395071 0.00183271 0.000769298 0.00469927 0.000137182 0.17358 0.0124434 0.0032214 2.81369e-05 1.86403e-05 0.243186 0.00357703 1.79906e-06 
0.00892457 0.359221 0.0428142 0.0254813 0.000693487 0.0214293 0.000439677 0.0338558 1.97523e-06 0.00881527 3.5947e-05 0.00175822 0.0104352 3.63388e-07 0.000640241 0.000425947 0.000603901 4.68943e-06 3.91861e-06 0.019296 3.42152e-05 0.005967 9.49175e-07 1.00312e-08 0.458213 0.000903452 5.69172e-07 
0.00416102 0.115869 2.72229e-08 0.17199 0.00147562 1.51133e-12 1.10652e-11 3.02846e-08 1.66649e-11 0.000946292 2.20539e-07 0.0285481 0.000576576 1.86424e-11 0.000978233 5.82063e-08 1.42042e-07 2.1276e-11 0.245915 0.000701339 6.92188e-08 3.69508e-08 6.74989e-09 1.49038e-11 0.428465 0.00037338 1.05098e-08 
0.123178 0.00971529 0.000653615 0.00192415 0.0337177 0.221296 6.21222e-06 0.000101162 1.14234e-07 0.0386336 2.59334e-07 0.0516881 0.0168328 2.83315e-06 0.0101489 0.00450567 0.00068882 2.48586e-06 0.000871381 0.0200075 0.00147167 6.2766e-05 1.22831e-05 8.82257e-10 0.463853 0.000625947 8.79137e-10 
0.000144693 0.0504687 1.6506e-05 0.00791536 2.4585e-05 0.0068338 1.33376e-07 0.00310473 0.0514407 0.00122035 1.93518e-05 9.73481e-05 0.00487741 4.24292e-05 3.06173e-05 1.32878e-05 0.000123618 1.38224e-05 0.00712295 0.0154459 3.44248e-05 0.000311528 9.23048e-06 9.21962e-06 0.850669 9.3453e-06 1.56217e-06 
0.0943466 0.167946 0.000101787 0.0540673 0.0266052 0.0331883 0.00197197 0.082774 0.000503781 0.0272542 0.00260161 0.0489606 0.0266192 1.19374e-06 0.022372 0.00644034 0.00299087 0.00627485 0.000756609 0.102556 0.00176316 0.00408406 0.00238484 0.010802 0.266319 0.00621743 9.74665e-05 
0.000407746 0.0697974 0.00252854 0.0103333 0.015711 0.0154351 1.15779e-07 0.00544778 0.0036741 0.0362421 8.01887e-07 0.244617 0.189525 2.68802e-05 0.0313071 0.00475456 0.00584463 5.60408e-06 0.000154567 0.0035923 0.000292975 0.00510605 4.50915e-05 4.12204e-07 0.335673 0.0190828 0.000394018 
0.00416102 0.115869 2.72229e-08 0.17199 0.00147562 1.51133e-12 1.10652e-11 3.02846e-08 1.66649e-11 0.000946292 2.20539e-07 0.0285481 0.000576576 1.86424e-11 0.000978233 5.82063e-08 1.42042e-07 2.1276e-11 0.245915 0.000701339 6.92188e-08 3.69508e-08 6.74989e-09 1.49038e-11 0.428465 0.00037338 1.05098e-08 
0.0762555 0.172319 0.00500323 0.00673062 0.06543 0.0475177 0.000940098 0.023864 0.000471167 0.10507 0.000136256 0.126569 0.0436844 1.19518e-08 0.0147579 0.00191493 0.01407 5.91219e-06 7.01585e-05 0.0106658 0.0741686 0.0135086 6.84367e-05 3.325e-05 0.175178 0.0215596 7.52842e-06 
0.00416102 0.115869 2.72229e-08 0.17199 0.00147562 1.51133e-12 1.10652e-11 3.02846e-08 1.66649e-11 0.000946292 2.20539e-07 0.0285481 0.000576576 1.86424e-11 0.000978233 5.82063e-08 1.42042e-07 2.1276e-11 0.245915 0.000701339 6.92188e-08 3.69508e-08 6.74989e-09 1.49038e-11 0.428465 0.00037338 1.05098e-08 
0.000291111 0.0046032 3.49726e-07 0.00573843 0.00217572 0.0400181 6.97454e-08 0.29255 1.75798e-06 2.21145e-06 2.4952e-09 0.00143859 0.0128432 7.66116e-09 0.00023718 0.00259729 0.00225866 2.37934e-06 0.00121791 0.00200144 6.66019e-08 0.00881177 8.17647e-06 7.42118e-08 0.622729 0.000473055 1.12936e-08 
0.00743336 0.0144172 1.42055e-07 0.00393237 0.00529894 0.000159098 0.00299638 1.1245e-07 4.66134e-07 0.0209379 4.29575e-07 0.000590862 0.00155708 3.00244e-10 0.000213029 8.36804e-05 0.00167243 6.11709e-05 9.65072e-07 0.00186924 4.99664e-06 0.000218172 4.73123e-11 2.40033e-10 0.93813 0.000422195 2.39184e-10 
0.023442 0.0889083 2.15874e-05 0.00951239 0.00383446 0.099272 6.3942e-05 0.0469293 7.40224e-05 0.0179083 0.00135519 0.0186637 0.167974 2.12993e-06 0.00136547 0.000231128 0.00417198 7.46998e-05 0.00047682 0.0497543 0.00141729 0.00124791 1.72611e-05 1.49315e-06 0.442028 0.0212486 3.48897e-06 
0.102154 0.00927576 1.59812e-09 0.00381947 0.0388218 0.0199703 1.49404e-07 0.00280439 5.37449e-08 0.000352296 1.59793e-06 0.162824 3.58595e-08 1.46517e-11 0.00346516 0.00374734 0.00336477 0.000104964 0.000104486 0.0242568 0.0263042 0.00241317 7.56398e-05 7.55224e-08 0.595925 0.000214619 2.20798e-08 
0.0874607 0.063694 0.000420356 0.000754323 0.0156062 0.0253204 5.71919e-07 0.0017146 0.000147825 0.0292234 0.000486734 0.25369 0.00266355 9.63554e-07 0.021811 0.00698999 0.00522527 1.09968e-06 0.000452609 0.00187202 0.000361131 0.000334237 0.000214226 7.70322e-07 0.480599 0.000844162 0.000110929 
0.202154 0.129486 3.67695e-07 0.0175593 0.0471108 0.0258986 0.000530217 0.0010296 1.46384e-07 0.00303857 0.000275942 0.122911 0.000522855 3.24654e-06 0.0295354 0.00763749 0.000617836 0.000755598 1.80114e-05 0.0763932 1.67503e-07 0.00091178 2.78403e-05 2.0982e-06 0.332413 0.00116247 5.18994e-06 
0.0120461 0.131575 2.85406e-06 0.00203315 0.00110398 0.0155367 4.79958e-10 0.0113413 2.92141e-05 0.000147536 5.81545e-07 0.0217806 0.0432191 8.08621e-10 4.26317e-07 2.21016e-05 0.00830927 1.91351e-06 0.00154333 0.00118289 7.80997e-05 0.0245041 3.79932e-06 1.46813e-06 0.72501 0.000526866 8.37587e-08 
0.00601095 0.0114867 5.76692e-06 0.00465619 0.00189821 0.00515055 3.60916e-06 0.000506054 4.70081e-08 0.000979538 5.09468e-06 0.00738797 0.000925993 9.59284e-10 0.00146915 0.000288329 9.44714e-05 7.68414e-05 1.97155e-05 0.00021176 3.36105e-05 0.000431154 5.03612e-06 1.56021e-12 0.958274 7.93817e-05 9.27775e-08 
0.0759673 0.266604 0.00229956 0.101866 0.0297206 0.0455819 0.000348436 0.0571431 0.00154848 0.0448512 4.05839e-05 0.0239988 0.00582246 0.00349045 0.00156898 0.000352465 0.00823968 0.00468934 0.0181231 0.00957515 5.12273e-05 0.0013166 5.4951e-06 2.93679e-05 0.292906 0.00385418 5.74402e-06 
2.68574e-12 0.0784058 6.3667e-11 0.00299779 1.02307e-08 5.11161e-12 3.74247e-11 0.000581427 1.86761e-07 1.36796e-07 4.94895e-11 1.95114e-07 0.000649339 6.30521e-11 4.88819e-07 1.84674e-11 1.26693e-11 7.19596e-11 9.843e-07 6.17244e-07 9.90408e-08 1.07715e-11 9.93573e-12 1.71937e-07 0.917363 1.37578e-11 5.02293e-11 
0.00601095 0.0114867 5.76692e-06 0.00465619 0.00189821 0.00515055 3.60916e-06 0.000506054 4.70081e-08 0.000979538 5.09468e-06 0.00738797 0.000925993 9.59284e-10 0.00146915 0.000288329 9.44714e-05 7.68414e-05 1.97155e-05 0.00021176 3.36105e-05 0.000431154 5.03612e-06 1.56021e-12 0.958274 7.93817e-05 9.27775e-08 
0.00601095 0.0114867 5.76692e-06 0.00465619 0.00189821 0.00515055 3.60916e-06 0.000506054 4.70081e-08 0.000979538 5.09468e-06 0.00738797 0.000925993 9.59284e-10 0.00146915 0.000288329 9.44714e-05 7.68414e-05 1.97155e-05 0.00021176 3.36105e-05 0.000431154 5.03612e-06 1.56021e-12 0.958274 7.93817e-05 9.27775e-08 
0.000711819 0.274502 4.67415e-05 0.14782 0.000142662 0.00119961 1.05651e-07 0.014819 3.56498e-06 0.00176852 8.61176e-07 0.083339 0.00152655 1.94425e-09 0.000748898 0.000401647 0.000512338 5.11781e-05 1.6028e-06 0.00136473 0.000677002 0.000154516 1.61147e-07 5.67069e-06 0.46982 0.00037238 9.95951e-06 
0.00601095 0.0114867 5.76692e-06 0.00465619 0.00189821 0.00515055 3.60916e-06 0.000506054 4.70081e-08 0.000979538 5.09468e-06 0.00738797 0.000925993 9.59284e-10 0.00146915 0.000288329 9.44714e-05 7.68414e-05 1.97155e-05 0.00021176 3.36105e-05 0.000431154 5.03612e-06 1.56021e-12 0.958274 7.93817e-05 9.27775e-08 
0.00743229 0.028986 7.76001e-08 0.00444524 0.00529749 0.000818641 0.00298583 6.03357e-08 2.54534e-07 0.0209343 2.30489e-07 0.00059054 0.0015564 1.52693e-10 0.000212689 8.33457e-05 0.00167151 6.08026e-05 7.54815e-07 0.00347166 4.90199e-06 0.000217835 2.40612e-11 1.22071e-10 0.920807 0.000421661 1.2164e-10 
0.00416102 0.115869 2.72229e-08 0.17199 0.00147562 1.51133e-12 1.10652e-11 3.02846e-08 1.66649e-11 0.000946292 2.20539e-07 0.0285481 0.000576576 1.86424e-11 0.000978233 5.82063e-08 1.42042e-07 2.1276e-11 0.245915 0.000701339 6.92188e-08 3.69508e-08 6.74989e-09 1.49038e-11 0.428465 0.00037338 1.05098e-08 
0.0307178 0.0263525 1.34306e-05 0.005116 0.00695895 0.00280868 0.00238072 0.000229328 0.00182872 0.0271752 4.38795e-06 0.00108134 0.00405471 1.20758e-07 0.000860928 0.000211821 0.00809059 0.000124729 0.000187528 0.0066857 9.13595e-05 0.000279017 4.0167e-09 1.39025e-11 0.874242 0.000504635 3.97087e-09 
0.0135016 0.0274661 2.72042e-11 0.22013 0.00375998 0.000992014 9.81252e-08 0.0341931 5.27747e-06 0.0148258 1.85678e-05 0.0117341 0.00024152 4.60497e-09 0.000240302 8.04722e-05 0.00293277 5.13833e-06 4.3963e-05 0.00068985 8.33645e-06 0.00036388 2.08567e-06 1.81707e-06 0.666917 0.00184612 7.94376e-09 
0.0715633 0.131303 4.70527e-05 0.0390761 0.0159874 0.0231388 0.000633867 0.0678316 3.45512e-05 0.00538965 5.72418e-05 0.0345103 0.00701473 9.96364e-10 0.0269349 0.000619512 0.00216249 0.000780595 0.00133088 0.00749963 0.000207206 0.00144256 0.0080726 1.12468e-05 0.55079 0.00340416 0.000157108 
0.000642138 0.127137 0.00184491 0.00567659 2.10548e-06 0.000372231 5.77129e-10 0.0022908 4.89911e-08 3.15334e-07 9.02734e-05 0.00437482 0.00678483 7.06374e-08 3.02753e-09 2.84788e-10 5.4014e-07 1.1097e-09 5.62862e-10 0.0108461 5.46389e-10 0.0010713 1.4828e-07 7.77339e-10 0.838866 2.97591e-09 1.05875e-07 
0.0106012 0.113376 5.1292e-06 0.00538872 0.00280254 0.00656843 3.72225e-05 0.00118984 0.00167326 0.064313 0.000472386 0.072852 0.0206815 0.00601186 0.000362316 0.0010561 0.000657784 0.000362514 0.00187589 0.030826 4.58677e-05 0.00390527 1.71064e-07 0.000840783 0.653882 0.000200425 1.23924e-05 
0.116569 0.129071 0.000556811 0.0222449 0.0755177 0.0969027 0.000725544 0.00531321 0.000832916 0.0494284 5.41837e-05 0.0523707 0.0627053 7.61239e-05 0.00376234 0.00105432 0.035873 0.0080736 0.00017292 0.054525 2.04317e-05 0.0117698 2.48235e-06 4.99832e-06 0.270046 0.00214408 0.000183196 
0.00601095 0.0114867 5.76692e-06 0.00465619 0.00189821 0.00515055 3.60916e-06 0.000506054 4.70081e-08 0.000979538 5.09468e-06 0.00738797 0.000925993 9.59284e-10 0.00146915 0.000288329 9.44714e-05 7.68414e-05 1.97155e-05 0.00021176 3.36105e-05 0.000431154 5.03612e-06 1.56021e-12 0.958274 7.93817e-05 9.27775e-08 
0.00416102 0.115869 2.72229e-08 0.17199 0.00147562 1.51133e-12 1.10652e-11 3.02846e-08 1.66649e-11 0.000946292 2.20539e-07 0.0285481 0.000576576 1.86424e-11 0.000978233 5.82063e-08 1.42042e-07 2.1276e-11 0.245915 0.000701339 6.92188e-08 3.69508e-08 6.74989e-09 1.49038e-11 0.428465 0.00037338 1.05098e-08 
0.00601095 0.0114867 5.76692e-06 0.00465619 0.00189821 0.00515055 3.60916e-06 0.000506054 4.70081e-08 0.000979538 5.09468e-06 0.00738797 0.000925993 9.59284e-10 0.00146915 0.000288329 9.44714e-05 7.68414e-05 1.97155e-05 0.00021176 3.36105e-05 0.000431154 5.03612e-06 1.56021e-12 0.958274 7.93817e-05 9.27775e-08 
0.0307178 0.0263525 1.34306e-05 0.005116 0.00695895 0.00280868 0.00238072 0.000229328 0.00182872 0.0271752 4.38795e-06 0.00108134 0.00405471 1.20758e-07 0.000860928 0.000211821 0.00809059 0.000124729 0.000187528 0.0066857 9.13595e-05 0.000279017 4.0167e-09 1.39025e-11 0.874242 0.000504635 3.97087e-09 
0.0309792 0.271539 0.0041012 0.0996426 0.00858764 0.0919476 4.96123e-08 0.0474799 0.0183442 0.00616897 0.000122017 0.0836068 0.0121076 2.04884e-08 0.00665444 0.00156102 0.00179107 0.000721263 0.00323161 0.00771754 0.00126669 0.0209043 0.0029226 3.73939e-05 0.278413 0.00014875 3.35464e-06 
0.0344819 0.088494 0.000567417 0.0699974 0.0394781 0.0566537 0.00309316 0.09418 5.24086e-06 0.0220786 0.00050952 0.141859 0.0127352 2.99359e-06 0.00379705 0.000422489 0.0139686 0.000138564 0.00019091 0.00310488 0.000561805 0.0109482 6.64314e-06 0.0113843 0.383923 0.00740708 9.90153e-06 
0.0111427 0.144906 4.91404e-05 0.00205386 0.0199786 0.0455255 3.5522e-09 0.00949548 9.76225e-07 0.0022165 4.44679e-07 0.0251115 0.0526156 5.98465e-09 0.0147459 0.00117843 0.00220654 6.83012e-09 0.00195884 0.00205428 0.000126024 0.00067732 1.32328e-05 4.78448e-09 0.663265 0.00067809 1.5362e-07 
0.00601095 0.0114867 5.76692e-06 0.00465619 0.00189821 0.00515055 3.60916e-06 0.000506054 4.70081e-08 0.000979538 5.09468e-06 0.00738797 0.000925993 9.59284e-10 0.00146915 0.000288329 9.44714e-05 7.68414e-05 1.97155e-05 0.00021176 3.36105e-05 0.000431154 5.03612e-06 1.56021e-12 0.958274 7.93817e-05 9.27775e-08 
0.113448 0.0554582 0.000272204 0.0179207 0.00871313 0.115594 0.000428557 0.0380504 4.33872e-05 0.0104812 0.000574184 0.0502486 0.0337577 7.00258e-06 0.0137249 0.00176597 0.00203181 0.00419387 0.000809587 0.0038453 0.000515866 0.0265776 0.00224805 6.22861e-05 0.49518 0.00403751 9.18039e-06 
0.0417265 0.208648 0.000686558 0.106548 0.00975114 0.0385351 0.00252394 0.0415357 0.00455725 0.0145997 0.000443731 0.0260843 0.019463 0.00597295 0.00775932 0.00436781 0.007686 0.0100322 0.00404694 0.100199 0.00264169 0.00698763 0.00167385 0.00279607 0.328151 0.00256354 2.0092e-05 
0.111899 0.173365 0.00265652 0.0922175 0.048702 0.0833761 3.22807e-06 0.00531554 4.77652e-05 0.0137929 3.41228e-05 0.0197239 0.034509 1.47358e-09 0.00605873 0.00253566 0.0121393 0.0113959 0.00189993 0.107979 0.000120045 0.0142997 0.000186783 1.52821e-05 0.251738 0.00598245 5.728e-06 
0.00601095 0.0114867 5.76692e-06 0.00465619 0.00189821 0.00515055 3.60916e-06 0.000506054 4.70081e-08 0.000979538 5.09468e-06 0.00738797 0.000925993 9.59284e-10 0.00146915 0.000288329 9.44714e-05 7.68414e-05 1.97155e-05 0.00021176 3.36105e-05 0.000431154 5.03612e-06 1.56021e-12 0.958274 7.93817e-05 9.27775e-08 
2.1661e-05 9.32272e-05 5.90147e-08 0.000804387 4.8643e-09 6.20736e-05 3.469e-08 0.000119799 5.22453e-08 6.02514e-09 4.58731e-08 0.0922266 2.85822e-05 5.84447e-08 0.00685735 1.71179e-08 1.17436e-08 6.67013e-08 7.78481e-05 1.45177e-08 2.30224e-05 9.98441e-09 9.20969e-09 4.67241e-08 0.899513 0.000172171 4.65589e-08 
0.128368 0.147093 0.000186444 0.0432092 0.0843991 0.0934963 6.11455e-05 0.0234079 0.00698922 0.0639578 0.000376727 0.0611162 0.0650648 6.9975e-06 0.0089516 0.00898479 0.00611736 0.001819 0.00102473 0.0401675 0.00566583 0.01295 2.57331e-05 0.00195391 0.184337 0.0102507 1.94889e-05 
3.57096e-06 0.264793 1.05516e-06 0.165456 2.55106e-06 0.00117295 1.83209e-09 0.00825819 0.000115702 0.0118034 0.00288307 0.193449 0.00292655 5.60356e-07 1.14081e-05 4.53119e-09 0.00693123 3.52272e-09 1.7868e-09 0.00319716 0.0631372 0.00116394 0.00149106 4.42244e-07 0.2732 1.90295e-06 2.45893e-09 
0.0635247 0.076523 0.000157282 0.0488635 0.0447169 0.105332 0.00272046 0.0168859 0.000414516 0.0626097 0.017396 0.0578843 0.0468538 5.73007e-06 0.012471 0.0069038 0.0234069 0.000368529 0.00163387 0.0105011 0.0261964 0.00946222 0.00122725 9.90616e-05 0.36029 0.00353926 1.28802e-05 
0.0480715 0.275761 1.45096e-06 0.000284359 0.0354004 0.0584826 0.00781909 0.0571801 6.63758e-07 0.0229508 8.1824e-05 0.0871163 0.0161579 4.63966e-05 0.0106102 0.00224708 0.0192274 0.000467012 0.000434494 0.00674939 3.14767e-05 0.0169434 6.96313e-05 2.10823e-07 0.312614 0.0210285 0.000223038 
0.0459263 0.225365 0.00477195 0.0271136 0.0125547 0.0129411 0.000541093 0.00854168 0.000194995 0.0128709 0.000165162 0.0755295 0.0166819 0.000162332 0.00664863 0.00550378 0.00914119 0.000829345 0.00231968 0.0991621 0.00175136 0.00183917 0.000620203 0.000343368 0.42413 0.0043314 1.89921e-05 
0.127922 0.204936 2.06891e-10 0.301512 1.7053e-11 4.05816e-07 1.21614e-10 0.00134318 1.83159e-10 0.0035087 1.60819e-10 0.0128605 0.00150054 6.50755e-09 5.07016e-07 4.32295e-07 0.00434874 2.33838e-10 5.8494e-08 0.0118767 1.15136e-10 0.000376069 2.13854e-08 1.63803e-10 0.329224 0.00058946 1.63224e-10 
0.0100534 0.00283452 0.00169164 0.000344743 0.00249493 0.163185 3.45576e-10 0.0107096 4.92256e-05 0.00521549 1.23412e-05 0.000125558 0.0172765 5.82217e-10 0.00073901 1.37434e-05 0.00201947 0.00946649 0.000541324 0.000279169 0.000134673 0.0833948 2.68044e-05 3.11756e-05 0.670042 0.0193137 5.58794e-06 
0.0614631 0.105312 0.000617759 0.0326598 0.0128338 0.0493699 0.000608029 0.0225857 0.000224288 0.0187922 9.87655e-05 0.079762 0.0130443 2.43522e-06 0.013984 0.00983176 0.0135257 0.000229531 0.00284484 0.0101909 0.00025734 0.00380098 0.000129734 4.01702e-05 0.543739 0.00399836 5.3537e-05 
0.0174584 0.233889 1.42959e-05 0.0481299 0.00313793 0.0114584 1.58771e-06 0.0279376 1.64466e-07 0.000579238 0.00016819 0.00841279 0.00104197 2.52652e-08 0.00313108 0.00129835 0.000399457 7.52429e-05 0.000129113 0.000433915 5.35808e-05 0.000489517 4.5349e-06 3.16995e-06 0.641697 5.4899e-05 1.87882e-07 
4.75129e-12 0.0843407 1.12632e-10 0.247386 0.000829637 0.00186088 6.62073e-11 0.0146485 7.44585e-07 0.048814 1.39039e-05 0.00027135 0.00315268 1.31327e-07 0.000784327 6.438e-09 2.49352e-07 1.27302e-10 6.45706e-11 2.15177e-07 1.18501e-07 0.00260947 9.07938e-06 8.91751e-11 0.586528 0.00874988 8.88597e-11 
0.0384936 0.073233 0.000143843 0.0744136 0.0107794 0.0115119 0.0010863 0.00971562 0.00534365 0.0415567 0.000261948 0.0217103 0.0100407 7.81687e-08 0.00271274 0.000169452 0.011754 0.000842736 0.000209883 0.00824233 0.00766239 0.000266596 2.84989e-07 0.00130251 0.667065 0.0014813 2.61949e-09 
0.0825263 0.0571184 0.000139542 0.0039203 0.0150392 0.0379052 1.60243e-06 0.0418392 0.000765431 0.0264671 0.00365288 0.0873428 0.151821 8.63443e-05 0.00257382 0.000905919 0.00426306 0.000488889 0.00431369 0.0215638 0.00573683 0.00351649 0.00370797 0.00012538 0.440094 0.00407732 6.66879e-06 
0.0237659 0.0925459 8.07083e-05 0.00507414 0.00272875 0.049435 0.000688888 0.0471524 4.64979e-06 0.00577748 7.16807e-05 0.000771855 0.0123937 1.71094e-10 0.00110295 0.000335698 2.99632e-07 3.82959e-05 0.0199151 0.176261 7.80789e-08 0.0183156 9.77435e-09 1.36782e-10 0.54354 3.7332e-11 1.36298e-10 
0.0351612 0.241914 0.00404508 0.127624 0.00701413 0.0632681 0.000445782 0.0444308 0.00571408 0.00546589 0.000102013 0.0612713 0.0115844 1.17446e-08 0.00840029 0.00225837 0.00342801 0.00427438 0.00971003 0.0103974 0.00127595 0.00658865 0.00355512 0.00340979 0.338356 0.000297218 7.50003e-06 
0.100621 0.211521 0.00549729 0.0260981 0.0167804 0.0121027 0.0141235 0.022335 9.58877e-05 0.0164364 0.000247082 0.0687877 0.0351088 2.87293e-08 0.00429705 0.00180285 0.00694154 0.000897779 0.000141657 0.037239 0.00715013 0.0139896 2.59917e-05 0.000283581 0.386716 0.010757 2.4816e-06 
0.00601095 0.0114867 5.76692e-06 0.00465619 0.00189821 0.00515055 3.60916e-06 0.000506054 4.70081e-08 0.000979538 5.09468e-06 0.00738797 0.000925993 9.59284e-10 0.00146915 0.000288329 9.44714e-05 7.68414e-05 1.97155e-05 0.00021176 3.36105e-05 0.000431154 5.03612e-06 1.56021e-12 0.958274 7.93817e-05 9.27775e-08 
0.0283421 0.118863 0.000188496 0.116209 0.0269438 0.0668195 4.46774e-06 0.0198046 0.00391207 0.0123255 1.48038e-05 0.0328131 0.057624 2.34157e-08 0.00206201 0.0124305 0.00415209 8.57586e-05 0.000692925 0.00902527 0.00052766 0.00365253 0.00771249 0.0252735 0.446914 0.00346954 0.000137404 
0.0361508 0.343368 1.87582e-05 0.00884121 0.00179642 0.0220793 6.31442e-11 0.121699 2.68327e-05 0.000488872 7.63209e-08 0.000213437 0.0120143 1.06384e-10 0.006536 0.00144538 0.000136594 8.07623e-08 0.0320192 0.00808749 0.00655724 0.0252445 0.000237308 3.98684e-08 0.373032 6.46646e-06 9.37631e-08 
0.0160575 0.054079 9.00416e-07 0.00270891 0.00147028 0.0207086 6.89534e-11 0.0151178 3.79831e-05 0.000194845 1.83389e-07 0.00825298 0.0576139 1.16171e-10 1.34494e-07 2.86506e-05 0.0110724 6.03623e-07 0.0017466 0.00157546 0.00010288 0.0326605 4.91539e-06 4.63137e-07 0.775866 0.000698814 2.63181e-08 
0.00292981 0.00501764 0.000169078 0.029056 0.00246507 0.0373366 6.69073e-08 0.218173 1.41877e-06 0.000792297 8.33219e-09 0.00238017 0.0160273 0.00313231 0.000589813 0.00434181 0.00318799 1.78947e-06 0.00122696 0.00540284 6.05044e-07 0.00886129 8.89282e-06 2.0383e-05 0.656771 0.00210542 3.12804e-07 
0.0199289 0.14903 0.196921 0.00473641 0.0158297 0.0589494 0.00494729 0.00232136 9.83772e-05 0.160099 0.00178392 0.0300757 0.0110119 0.000200344 0.00284978 0.00270765 0.0195706 0.000274383 0.000144682 0.00978803 0.000643034 0.00859902 0.00144213 9.47321e-06 0.291791 0.00624744 5.84037e-07 
0.102154 0.00927576 1.59812e-09 0.00381947 0.0388218 0.0199703 1.49404e-07 0.00280439 5.37449e-08 0.000352296 1.59793e-06 0.162824 3.58595e-08 1.46517e-11 0.00346516 0.00374734 0.00336477 0.000104964 0.000104486 0.0242568 0.0263042 0.00241317 7.56398e-05 7.55224e-08 0.595925 0.000214619 2.20798e-08 
0.0200388 0.0260569 4.11727e-05 0.00305347 0.025619 0.0088574 2.59545e-06 0.00113381 8.72757e-08 0.0111568 7.49055e-05 0.032204 0.00338287 0.00033585 0.000964097 0.000627811 0.000357064 5.41137e-05 1.3418e-05 0.000649239 2.27682e-05 0.0037854 3.46393e-06 1.71963e-06 0.860862 0.000701365 1.08309e-07 
0.0352128 0.244288 0.000194573 0.014814 0.0102526 0.0140145 0.00073785 0.0255544 0.00101413 0.0457899 0.00751664 0.0277621 0.00407772 0.00220215 0.00575374 0.00767624 0.00122422 7.26092e-05 1.84387e-05 0.230145 0.00140195 0.0083795 3.78134e-06 0.00103055 0.310186 0.000674719 1.76647e-06 
0.0665592 0.0861368 0.0017477 0.00622057 0.0403076 0.0126113 4.82854e-07 0.00224569 2.71084e-08 0.0496213 7.78995e-05 0.188324 0.0249938 7.67307e-07 0.0174793 0.000546763 0.00537455 8.37675e-07 5.84254e-08 0.0717867 0.000188791 0.00162979 1.98351e-05 2.31741e-09 0.404683 0.0193146 0.000128665 
0.115579 0.134851 0.000269658 0.0280749 0.00804272 0.0471282 0.00402932 0.0551572 8.18014e-05 0.0244892 0.000250332 0.0311444 0.0269993 0.0044515 0.00625063 0.00146853 0.002174 8.9958e-05 0.0012061 0.104708 0.000531822 0.00451819 3.0342e-05 0.0030186 0.38953 0.00591196 1.29887e-05 
0.00416102 0.115869 2.72229e-08 0.17199 0.00147562 1.51133e-12 1.10652e-11 3.02846e-08 1.66649e-11 0.000946292 2.20539e-07 0.0285481 0.000576576 1.86424e-11 0.000978233 5.82063e-08 1.42042e-07 2.1276e-11 0.245915 0.000701339 6.92188e-08 3.69508e-08 6.74989e-09 1.49038e-11 0.428465 0.00037338 1.05098e-08 
0.000847642 0.338767 8.94842e-06 0.0414919 0.00123887 0.00373114 9.32155e-08 0.0259357 0.0195307 0.0188158 1.19858e-05 0.0106002 0.0213174 6.95279e-10 0.000481619 0.00483714 0.0018068 0.00368036 2.12509e-05 0.0159257 2.05093e-06 0.00164236 1.90191e-05 3.52564e-06 0.485221 0.00406155 9.96794e-09 
0.031456 0.190925 0.00258598 0.113818 0.0162138 0.0533 0.000152824 0.0750751 0.000548966 0.0280031 0.00105459 0.0271246 0.0197529 0.00504791 0.0131157 0.00817573 0.00913091 0.000625507 0.00888507 0.0253501 0.00443479 0.0208956 0.00236006 0.00213713 0.332191 0.00762366 1.58794e-05 
0.0146781 0.0679674 4.10727e-11 0.0188773 0.00577652 0.187644 3.63063e-08 0.00417998 6.54107e-07 0.00356549 3.01186e-06 0.00891715 0.0912293 1.26633e-06 0.000750464 2.5092e-05 0.0016813 0.000277983 0.00135629 0.00384721 3.99437e-08 0.00212779 1.61096e-08 3.25187e-11 0.586229 0.000864598 9.60982e-09 
0.0132422 0.142791 0.0010665 0.0322675 0.00531052 0.0502592 0.000754752 0.00481628 0.000274678 0.011377 0.000164192 0.0717163 0.0630447 0.00078642 0.0153551 0.00277289 0.00433373 0.0010257 0.00017259 0.0360813 0.000186498 0.00200736 0.00154788 0.000379675 0.534323 0.00393739 6.6042e-06 
0.10385 0.143783 0.000430868 0.0354163 0.021613 0.0788867 0.00178217 0.0129031 0.00194321 0.0907795 0.00186054 0.0850612 0.126016 0.00540205 0.0165664 0.00571044 0.00438192 0.00315844 0.00206578 0.0289617 0.00268762 0.0119102 0.000631808 0.00232753 0.195517 0.0163437 1.01841e-05 
0.0163147 0.0350437 8.74011e-11 0.176312 0.0135517 0.0059962 0.000187487 0.258338 0.0219575 0.0179789 1.19491e-07 0.0132597 0.0301172 8.6557e-11 3.12168e-08 2.53518e-11 0.00247966 9.13625e-07 5.01059e-11 0.0331086 0.000400471 4.07973e-06 1.05607e-09 6.91987e-11 0.374948 1.62531e-06 6.33079e-08 
0.0525604 0.0781051 0.000460906 0.0732579 0.0255414 0.0677075 0.000368802 0.00855742 0.00114866 0.0579838 0.00453498 0.0409486 0.0604656 9.20712e-05 0.0117404 0.000676268 0.00445465 0.00408509 0.000642928 0.0266137 0.000183058 0.00589227 0.00909415 0.000875304 0.462895 0.001056 5.81965e-05 
0.0122215 0.0135633 5.7601e-10 0.0107523 0.00205416 0.0281721 2.19098e-05 6.96291e-05 2.18763e-06 0.00436645 1.57046e-07 0.00265617 0.0119394 5.70447e-10 0.000556551 0.00192559 0.0121819 6.51035e-10 3.30219e-10 0.176148 2.73652e-05 1.45237e-06 8.98908e-11 5.11785e-06 0.723335 1.2447e-10 4.0608e-07 
0.0307178 0.0263525 1.34306e-05 0.005116 0.00695895 0.00280868 0.00238072 0.000229328 0.00182872 0.0271752 4.38795e-06 0.00108134 0.00405471 1.20758e-07 0.000860928 0.000211821 0.00809059 0.000124729 0.000187528 0.0066857 9.13595e-05 0.000279017 4.0167e-09 1.39025e-11 0.874242 0.000504635 3.97087e-09 
0.0265487 0.331651 0.00112369 0.034026 0.00563994 0.0815777 1.05547e-06 0.0687361 1.09057e-05 0.00610504 0.000409829 0.0522557 0.00625573 1.77771e-07 0.0067832 0.00455578 0.000747237 0.00203177 0.00768717 0.00445242 0.0022398 0.0098467 8.04896e-05 6.709e-06 0.345918 0.00130684 1.90529e-06 
0.0551529 0.0999364 0.00078907 0.00842178 0.0231918 0.0345437 5.45072e-05 0.00670197 7.03525e-06 0.0153902 0.000792402 0.0387872 0.023559 9.49995e-07 0.00940734 0.00158511 0.00117343 0.00150236 0.000327222 0.034863 0.00471863 0.00788629 1.39233e-05 0.00155345 0.624204 0.00543549 6.60273e-07 
0.00934811 0.276899 7.73263e-05 0.0273956 0.000452541 0.0123028 1.00235e-06 0.04098 3.24007e-08 0.0122787 3.47632e-08 0.000446022 0.0156736 1.53596e-08 0.000132925 1.53642e-05 0.000623518 1.17516e-07 1.46021e-07 0.0238454 4.23804e-08 0.00547579 8.68981e-09 3.57791e-11 0.572482 0.00156972 6.25921e-07 
0.00601095 0.0114867 5.76692e-06 0.00465619 0.00189821 0.00515055 3.60916e-06 0.000506054 4.70081e-08 0.000979538 5.09468e-06 0.00738797 0.000925993 9.59284e-10 0.00146915 0.000288329 9.44714e-05 7.68414e-05 1.97155e-05 0.00021176 3.36105e-05 0.000431154 5.03612e-06 1.56021e-12 0.958274 7.93817e-05 9.27775e-08 
0.00601095 0.0114867 5.76692e-06 0.00465619 0.00189821 0.00515055 3.60916e-06 0.000506054 4.70081e-08 0.000979538 5.09468e-06 0.00738797 0.000925993 9.59284e-10 0.00146915 0.000288329 9.44714e-05 7.68414e-05 1.97155e-05 0.00021176 3.36105e-05 0.000431154 5.03612e-06 1.56021e-12 0.958274 7.93817e-05 9.27775e-08 
0.00913016 0.0178597 0.000950432 0.000706463 0.00690203 0.0657628 1.30138e-08 0.0527355 5.67846e-06 0.00836581 4.65457e-07 0.0983522 0.147635 1.30135e-09 0.000237295 0.000306806 0.00611223 1.48519e-09 0.003949 0.00236948 6.02073e-07 0.00252697 5.07006e-08 1.04037e-09 0.462157 0.113934 2.5177e-07 
0.106058 0.228407 0.022435 0.0362929 0.012915 0.0475755 0.000935032 0.0638539 7.25176e-05 0.0131394 0.000957898 0.0680024 0.0196336 7.06603e-05 0.00643435 0.0050477 0.00610799 0.000236641 0.00102739 0.0436761 0.00126657 0.00646345 3.62449e-05 0.0123856 0.293061 0.0038906 1.79179e-05 
0.00021788 0.0874654 1.10347e-09 0.0201262 9.00982e-08 0.0268197 0.0382065 9.62148e-07 4.36947e-06 0.00415411 0.00108309 0.160693 0.00429086 8.38284e-06 0.00520789 7.19517e-07 0.000182492 0.0218805 8.81739e-08 0.0856388 0.000110489 1.8669e-10 3.45012e-05 6.81995e-06 0.543866 7.51726e-07 8.70566e-10 
