0.0107699 0.0509431 3.10071e-06 0.831513 0.000198742 0.0194469 1.04054e-10 0.0108447 5.39074e-06 0.000198734 8.95264e-06 0.00442739 0.00510951 3.30987e-06 0.00431101 7.98068e-05 5.64458e-05 9.03604e-06 2.23529e-05 0.0043678 7.56614e-06 0.000314845 1.05808e-05 0.00240424 0.0549229 1.94068e-05 1.46465e-06 
0.0205217 0.0157277 5.40751e-06 0.863692 0.00140631 0.0231807 7.44533e-09 0.0203533 0.0107917 0.0021676 1.62874e-05 0.00229103 0.00319456 3.29333e-12 0.00535345 8.43905e-05 0.000333674 5.03218e-05 0.00020337 0.00256856 0.000301871 0.00170291 3.19847e-05 0.00220192 0.0237716 4.48715e-05 2.35445e-06 
0.199194 0.202068 0.000282289 0.206515 0.00490656 0.0135799 0.0058654 0.165008 5.0726e-06 0.00583257 0.000789518 0.0395318 0.0163681 0.00412352 0.0239343 0.0241665 0.00329135 0.000305956 0.00140283 0.018272 0.00194992 0.0181765 3.31725e-05 5.30836e-05 0.039308 0.00503587 2.08742e-06 
0.00873583 0.274391 0.00488523 0.340697 0.00700098 0.0193586 1.02426e-09 0.00887692 0.00331832 0.00971073 0.000441161 0.00160354 0.0261976 7.1548e-11 0.134733 0.00552141 0.000973771 7.1412e-07 0.0413868 0.000267112 1.10509e-06 0.00373496 4.49263e-05 3.13715e-06 0.107852 0.000265374 5.23368e-09 
0.0230542 0.00790604 1.49058e-05 0.937012 8.01703e-05 0.00716243 1.2464e-12 0.00270291 1.87716e-12 0.000181683 2.71906e-06 0.00702113 0.000919008 1.04548e-10 0.000420975 0.000544728 0.000231063 0.000855188 8.09813e-06 0.00133709 2.29951e-05 0.00144406 1.96809e-06 1.61939e-06 0.00896167 0.000113705 6.68437e-10 
0.0272028 0.0293718 9.72549e-06 0.850188 0.000446177 0.0411867 2.54141e-10 0.0111367 2.31075e-05 0.000560576 5.70712e-08 0.00410626 0.00298962 2.61595e-12 0.0141657 0.000104507 0.000216856 1.00484e-05 6.36608e-05 0.00551413 6.92521e-06 0.0004054 3.32201e-05 0.000952924 0.0112916 1.18468e-05 2.03418e-06 
0.0242207 0.00676444 1.57711e-05 0.936694 0.000158642 0.00762242 4.33111e-09 0.00253727 3.4912e-12 0.000237499 3.66188e-06 0.0068223 0.00142965 6.7153e-10 0.000442996 0.000543485 0.000262189 0.000799911 8.03415e-06 0.00126274 2.17435e-05 0.00147515 1.74407e-06 6.4783e-06 0.00854844 0.000121045 2.612e-08 
0.0034112 0.0128329 2.21137e-05 0.611949 0.00838477 0.00444074 7.46471e-10 0.030044 3.45138e-06 0.00473465 0.00242383 0.00381038 0.0386997 1.25763e-09 2.11134e-07 0.000143395 0.000877136 1.23686e-05 0.000231197 0.000336348 4.09925e-05 0.000199252 2.01528e-06 1.11875e-07 0.272771 0.00462947 2.35416e-08 
0.0052262 0.060037 6.17089e-11 0.570529 1.11646e-06 0.0106046 3.62736e-11 1.43354e-07 5.46304e-11 6.55285e-08 6.47607e-07 0.164792 6.22516e-12 6.11129e-11 2.80121e-06 1.52164e-07 1.22797e-11 4.04599e-07 1.62769e-07 1.02773e-06 0.000717376 3.36186e-07 4.33452e-08 0.000457166 0.18763 1.33346e-11 1.07154e-07 
0.0305277 0.0155262 0.000144654 0.554652 0.0653142 0.0528612 6.798e-08 0.229383 5.19132e-05 0.00188184 0.00299245 0.00526203 0.00570212 2.76441e-11 0.00243746 0.00740707 0.00157126 0.00335434 0.00163309 0.00128809 8.32409e-05 0.000447972 7.89403e-05 1.10265e-08 0.0165403 0.000858827 8.90834e-08 
0.013316 0.0486049 7.63621e-05 0.824836 0.00147156 0.0340306 1.27488e-10 0.00858804 2.50926e-07 0.0145083 8.95966e-06 0.00289072 0.00540883 9.0464e-12 0.0057272 0.000294735 0.000504616 0.000206237 2.23626e-05 0.00484793 7.57411e-06 0.00721252 0.000208206 0.00046674 0.0263154 0.000444653 1.47249e-06 
0.130092 0.119703 0.00052321 0.147806 0.0699314 0.113561 1.14741e-08 0.0367886 0.000959566 0.032166 0.000262021 0.112785 0.0418589 1.15056e-06 0.0157415 0.00265322 0.0164278 0.000185555 0.00363416 0.00295878 0.0157598 0.0128096 6.80328e-05 2.68488e-05 0.0878534 0.035439 5.2515e-06 
0.052365 0.197523 0.000563022 0.358867 0.00329155 0.0330842 4.29255e-09 0.220406 0.00816267 0.00197637 0.000114084 0.0078204 0.00317378 2.73419e-09 0.0188973 0.00166949 0.0102542 0.000197446 0.000905369 0.00287163 0.000102014 0.0195977 3.6123e-05 5.57769e-05 0.0578049 0.000261175 2.12454e-07 
0.0244642 0.169185 2.7395e-07 0.419924 2.19404e-07 0.00404735 1.84567e-11 0.00517104 1.20548e-07 0.00610492 0.00033782 0.122705 0.00251351 3.32804e-09 0.018263 2.17342e-06 0.00490196 3.54882e-11 3.05543e-08 0.0035782 0.000494952 9.89797e-05 0.000143411 6.03911e-08 0.218024 4.02031e-05 9.91714e-09 
0.00352945 0.0405105 9.43881e-08 0.686 0.0017083 0.0102118 8.17578e-09 0.0886915 3.60075e-06 4.67097e-05 0.00185849 0.00388817 0.00180105 7.01707e-08 2.01955e-05 7.07095e-05 0.00352239 0.04047 0.000194586 0.00141434 2.24814e-05 8.50975e-05 7.59663e-09 2.63753e-05 0.107256 0.00865827 9.67889e-06 
0.0191438 0.00543083 9.77034e-06 0.948067 0.000193099 0.00681057 1.07948e-08 0.00189471 5.91178e-12 0.000315837 4.26257e-06 0.00630983 0.00186994 1.72866e-10 0.000354712 0.000363818 0.000227177 0.000559868 5.31031e-06 0.00120019 1.50634e-05 0.00122592 1.28998e-06 1.07598e-05 0.00586592 0.000120688 1.01048e-09 
0.111353 0.0330389 0.000409877 0.38342 0.0152575 0.0406328 7.13624e-06 0.11749 0.00103367 0.0292491 1.19682e-05 0.0300891 0.030647 1.80503e-08 0.00706258 0.00182175 0.00983384 0.0380501 0.0076425 0.0144356 0.000216125 0.0201053 0.0111666 6.58622e-05 0.0931936 0.00375582 1.0476e-05 
0.00022948 0.005399 4.48382e-06 0.901185 2.76102e-07 0.00241931 1.19491e-11 0.0484561 1.352e-08 0.000285173 0.001596 0.00013623 0.00211347 2.01315e-11 3.48999e-12 0.000116649 0.000135008 1.91482e-05 0.000174813 0.000622383 6.9249e-05 1.57838e-06 3.07809e-09 1.03353e-08 0.036534 0.000502743 1.60373e-11 
0.0724812 0.203912 0.000414851 0.26354 0.013627 0.0305349 0.000501838 0.025657 0.00274744 0.0308673 0.00143351 0.032154 0.0421379 0.00410441 0.0136475 0.0198468 0.00624734 0.000175203 0.000355313 0.0366023 0.0029812 0.00179438 5.64052e-05 0.00775231 0.183064 0.00335567 8.47612e-06 
0.0138235 0.0108207 4.53314e-06 0.930958 0.000291453 0.0200093 5.56187e-11 0.00979997 3.09036e-08 0.000216851 1.3104e-05 0.0013378 0.000971763 5.01704e-13 0.00632259 8.49993e-05 8.27358e-05 1.32163e-05 3.2753e-05 0.000722537 1.10752e-05 0.000461695 1.5499e-05 0.000683151 0.00331447 6.20823e-06 2.12408e-06 
0.0131034 0.0334071 3.52841e-05 0.799861 0.00327221 0.00850022 7.23328e-07 0.100883 0.000634891 0.00143234 0.000259869 0.00903873 0.0026712 7.12988e-11 0.00709296 0.00012292 0.000311144 0.000149846 0.000395895 0.00386952 6.74983e-05 0.00143961 4.6978e-05 0.000232484 0.0131486 1.987e-05 2.22182e-06 
0.0307858 0.0496795 5.97067e-05 0.805061 0.000842464 0.051527 7.23366e-11 0.00185756 0.00446406 0.00212255 9.32665e-06 0.0223833 0.0041729 5.08441e-10 0.000946602 0.000527461 0.00168398 0.000144075 5.54589e-05 0.00419298 0.000444167 0.00593661 2.89131e-05 0.00216572 0.0106865 0.000216029 6.18396e-06 
0.0196496 0.0460887 2.92545e-05 0.51204 0.0154143 0.0344176 1.72921e-09 0.171087 0.000217105 0.00882419 0.00417885 0.0172266 0.0194192 9.44882e-09 0.00265254 0.00644831 0.00527136 0.000466084 0.00207129 0.000888605 0.000237723 0.00663429 0.000347736 0.0229631 0.0993084 0.00405866 5.95309e-05 
0.0525415 0.0175678 5.5987e-05 0.608986 0.00498366 0.021327 1.91637e-05 0.091047 0.00166104 0.00449322 5.62679e-05 0.00517473 0.00678686 6.7988e-08 0.00141244 0.00202975 0.0192322 0.0680068 0.00575889 0.00471565 0.000109441 0.00355703 9.6859e-06 4.3121e-12 0.0795849 0.000882595 5.60413e-07 
0.00789844 0.013958 1.49258e-05 0.698777 0.00252122 0.00971995 8.8223e-06 0.122393 3.53225e-05 0.00175507 0.00221985 0.00323939 0.00379858 4.38831e-12 0.00053936 0.0020563 0.00207741 0.0617701 0.00358183 0.0010649 9.73104e-06 0.00377355 4.79013e-06 3.50827e-12 0.0584488 0.000333428 7.0592e-08 
0.0183142 0.0129411 5.60459e-06 0.912414 0.000337584 0.0234596 3.51458e-10 0.0124054 4.86124e-08 0.000236877 2.61869e-05 0.00152536 0.00120621 4.88687e-13 0.00772066 9.41411e-05 9.8004e-05 1.48409e-05 3.62802e-05 0.00139507 1.17865e-05 0.000588579 1.95507e-05 0.0035152 0.0036232 6.97439e-06 3.42515e-06 
0.0423232 0.16647 0.000148421 0.300397 0.0403319 0.00861443 7.3041e-07 0.0153261 0.000800896 0.0232869 0.000576498 0.0487102 0.040526 4.02854e-09 0.00889129 0.00169878 0.00335429 0.00247456 0.00921497 0.00163175 0.000151293 0.0270429 0.00211414 0.00522655 0.247323 0.00327515 8.88232e-05 
0.0400959 0.155706 8.95167e-05 0.347787 0.0195347 0.0338034 5.31399e-05 0.271848 0.000229203 0.0134308 0.000116085 0.00980019 0.00875523 1.71975e-08 0.00629926 0.00762518 0.0032003 0.000254763 0.000264898 0.0130899 0.000606141 0.00708761 1.91873e-05 0.000954801 0.0575432 0.00180396 2.22205e-06 
0.0339237 0.0441415 0.00046636 0.692857 0.0101749 0.0751633 7.33825e-07 0.0431333 6.46419e-05 0.00390793 1.95112e-05 0.0029088 0.0159479 1.02033e-07 0.0133034 0.00078587 0.0135791 6.28232e-05 0.00156852 0.00721413 5.44625e-05 0.00749173 2.78273e-05 0.000280792 0.0287871 0.00405044 8.37675e-05 
0.0369371 0.0819517 0.000441698 0.281063 0.0615699 0.0459122 3.70551e-05 0.00923945 0.000412037 0.0361411 4.46761e-05 0.0353654 0.0450026 7.94463e-11 0.00328658 0.189061 0.000532847 0.000836736 0.161361 0.00388945 0.000653561 0.00106381 5.92513e-07 3.60419e-08 0.00488176 0.000315695 6.32894e-11 
0.0335443 0.144984 7.63673e-05 0.544311 0.0177747 0.0156942 0.000244671 0.0301127 0.00044295 0.00690482 0.000440157 0.127436 0.0071399 0.000537751 0.00448842 0.00742521 0.00282589 0.0111727 0.000202773 0.00525048 0.00132236 0.0101683 6.92004e-05 0.00157741 0.0253351 0.000514571 4.34598e-06 
0.0242207 0.00676444 1.57711e-05 0.936694 0.000158642 0.00762242 4.33111e-09 0.00253727 3.4912e-12 0.000237499 3.66188e-06 0.0068223 0.00142965 6.7153e-10 0.000442996 0.000543485 0.000262189 0.000799911 8.03415e-06 0.00126274 2.17435e-05 0.00147515 1.74407e-06 6.4783e-06 0.00854844 0.000121045 2.612e-08 
0.0620811 0.0419589 4.34737e-05 0.709182 0.0218629 0.019458 6.94925e-06 0.0371779 7.95467e-05 0.00302527 0.000349732 0.0207656 0.00284354 4.61048e-09 0.0260291 0.000486557 0.00208765 0.000166184 4.10696e-05 0.00649589 0.000114207 0.00173983 0.0217172 0.000306282 0.0205999 0.000226581 0.00115452 
0.0657862 0.160202 0.00250298 0.195554 0.115104 0.0285999 0.0012339 0.00459673 4.71349e-05 0.00842281 0.00615209 0.0840005 0.0484178 7.2274e-09 0.0197072 0.0100443 0.000492785 0.000441638 0.000252968 0.0316796 0.000728156 0.00569016 0.0502227 7.6587e-05 0.149749 0.0102754 1.93849e-05 
0.00992705 0.190156 0.000504715 0.410822 0.00189654 0.0517245 0.000164773 0.00125308 0.000180477 0.00734879 1.6525e-05 0.031737 0.076219 2.84012e-06 0.00394111 0.00042142 0.0148249 0.00239151 0.0187263 0.0142453 0.000473528 0.00190674 0.0721227 0.000891287 0.0841126 0.00392812 6.16857e-05 
0.0203065 0.204035 1.20396e-07 0.218991 0.0230792 0.0718113 7.59041e-09 0.0169989 0.000497641 0.0169903 3.11887e-07 0.0562605 0.0411725 3.6793e-11 0.00251555 0.0073797 0.00359056 4.19908e-11 0.000285118 0.000706692 0.000436105 0.002557 0.000276939 0.148488 0.158133 0.0051525 0.000335628 
0.240173 0.154841 0.00489326 0.261347 3.08138e-11 0.0897955 2.1975e-10 0.0152652 3.30957e-10 7.66322e-07 9.43522e-07 0.0388552 0.0139229 3.70229e-10 0.00450899 0.000304297 0.0877592 0.000867957 1.98537e-06 0.00126189 2.08045e-10 0.0453011 5.54829e-08 2.95982e-10 0.0288261 0.0120747 9.87576e-08 
0.0138235 0.0108207 4.53314e-06 0.930958 0.000291453 0.0200093 5.56187e-11 0.00979997 3.09036e-08 0.000216851 1.3104e-05 0.0013378 0.000971763 5.01704e-13 0.00632259 8.49993e-05 8.27358e-05 1.32163e-05 3.2753e-05 0.000722537 1.10752e-05 0.000461695 1.5499e-05 0.000683151 0.00331447 6.20823e-06 2.12408e-06 
0.0230542 0.00790604 1.49058e-05 0.937012 8.01703e-05 0.00716243 1.2464e-12 0.00270291 1.87716e-12 0.000181683 2.71906e-06 0.00702113 0.000919008 1.04548e-10 0.000420975 0.000544728 0.000231063 0.000855188 8.09813e-06 0.00133709 2.29951e-05 0.00144406 1.96809e-06 1.61939e-06 0.00896167 0.000113705 6.68437e-10 
0.210936 0.0454557 0.00175395 0.366328 0.0144601 0.00681317 5.55676e-08 5.51138e-07 0.0082634 2.07344e-06 1.66773e-07 0.0054679 0.025499 1.86427e-06 1.35066e-06 5.84044e-07 0.00812437 0.0907037 2.378e-06 0.00697593 0.000281535 0.000445709 6.19897e-08 8.22341e-11 0.208482 4.10639e-07 6.11762e-08 
0.00402669 0.0834435 0.000241973 0.316366 0.000822326 0.0151094 1.25722e-06 0.301951 2.37398e-05 0.0372092 2.52343e-05 0.0298595 0.0113974 1.28385e-09 0.000245284 1.16302e-05 0.00224077 0.000129469 0.0030321 0.033404 5.66469e-05 0.000540582 4.28609e-07 6.06902e-07 0.158702 0.00115971 1.73969e-07 
9.16195e-05 0.0295512 6.8367e-10 0.477439 7.40578e-05 0.00125236 1.06654e-07 0.00963583 2.72099e-06 0.0383982 5.31428e-10 0.016096 0.00117324 6.77067e-10 1.30817e-06 7.87541e-08 0.00103899 2.9393e-06 3.91939e-10 2.41347e-06 3.69924e-05 0.000997688 2.69108e-07 5.41287e-10 0.423958 0.000247373 5.39372e-10 
0.141292 0.0527976 5.67419e-05 0.25253 0.0166128 0.0328001 0.00044186 0.196095 1.1111e-05 0.00980166 5.95073e-05 0.0554524 0.0233353 0.000169742 0.0090215 0.00854789 0.0344773 0.00150921 0.0197468 0.0111698 4.83283e-05 0.00640742 0.000195377 9.13731e-06 0.120951 0.00645808 3.1041e-06 
0.0274138 0.0682663 1.9945e-08 0.602827 0.00144822 0.0130499 8.06184e-06 0.000232798 1.76572e-08 0.0243341 0.00194589 0.0106951 0.0058667 1.97524e-08 0.00188257 0.000929139 0.00151091 4.12831e-05 7.04396e-05 0.00244854 0.000147215 0.00230609 4.20067e-05 3.9844e-07 0.234282 0.000251453 1.18306e-07 
0.00022948 0.005399 4.48382e-06 0.901185 2.76102e-07 0.00241931 1.19491e-11 0.0484561 1.352e-08 0.000285173 0.001596 0.00013623 0.00211347 2.01315e-11 3.48999e-12 0.000116649 0.000135008 1.91482e-05 0.000174813 0.000622383 6.9249e-05 1.57838e-06 3.07809e-09 1.03353e-08 0.036534 0.000502743 1.60373e-11 
0.0191438 0.00543083 9.77034e-06 0.948067 0.000193099 0.00681057 1.07948e-08 0.00189471 5.91178e-12 0.000315837 4.26257e-06 0.00630983 0.00186994 1.72866e-10 0.000354712 0.000363818 0.000227177 0.000559868 5.31031e-06 0.00120019 1.50634e-05 0.00122592 1.28998e-06 1.07598e-05 0.00586592 0.000120688 1.01048e-09 
6.34332e-05 0.000827807 8.91984e-10 0.996363 2.84229e-05 0.000240881 5.17631e-13 5.63065e-05 7.79586e-13 8.18965e-05 4.36449e-07 0.000144605 5.25956e-05 8.72092e-13 1.46679e-08 1.38352e-05 5.16813e-05 3.63392e-06 1.52803e-06 1.5811e-08 2.37207e-05 0.000129441 2.61111e-05 0.000697944 0.00118626 3.37961e-06 3.18809e-06 
0.0230542 0.00790604 1.49058e-05 0.937012 8.01703e-05 0.00716243 1.2464e-12 0.00270291 1.87716e-12 0.000181683 2.71906e-06 0.00702113 0.000919008 1.04548e-10 0.000420975 0.000544728 0.000231063 0.000855188 8.09813e-06 0.00133709 2.29951e-05 0.00144406 1.96809e-06 1.61939e-06 0.00896167 0.000113705 6.68437e-10 
0.0171993 0.0119533 5.66564e-06 0.916562 0.000364315 0.024866 5.91176e-11 0.0119674 3.85272e-08 0.000271062 1.63775e-05 0.00158191 0.0012147 4.79366e-13 0.00790323 9.41414e-05 0.000103418 1.65193e-05 4.09398e-05 0.000903164 1.16386e-05 0.000577117 1.93733e-05 0.000739171 0.00357861 7.75993e-06 2.65454e-06 
0.0250968 0.0354101 5.47991e-06 0.524822 0.00120738 0.00755883 7.94378e-06 0.0157822 2.60442e-05 0.00962562 2.5277e-05 0.0113416 0.00407979 6.5461e-07 0.000427149 0.000357323 0.00200728 0.000980082 5.0594e-05 0.00527875 8.43854e-05 0.00086728 6.13308e-06 1.04904e-05 0.353198 0.00174217 4.61509e-07 
0.0156178 0.037863 7.46814e-06 0.851298 0.00117885 0.011544 9.7965e-11 0.00640501 1.85422e-08 0.000580886 0.00012602 0.00703278 0.00139224 3.40457e-12 0.00600866 0.00014326 0.000376962 7.63778e-06 0.0126783 0.00188549 3.07383e-05 0.000469034 1.74185e-05 0.000394443 0.0448568 8.04648e-05 4.53587e-06 
0.169143 0.0506678 0.00473084 0.375373 0.0504095 0.100148 5.04464e-07 0.0610367 0.000152592 0.0152708 0.00726922 0.0491712 0.013832 1.41938e-08 0.0101748 0.00951222 0.0026109 0.000836836 0.000450684 0.010944 0.000171194 0.0128861 1.41785e-05 6.39604e-07 0.0542266 0.000808494 0.000158709 
0.00238311 0.344657 3.48308e-05 0.362994 2.5844e-12 0.00334987 1.84308e-11 0.016453 6.08408e-08 0.00267323 1.89011e-05 0.00205519 0.0457336 3.10517e-11 0.00107238 0.000114429 0.000252301 0.000719586 4.54032e-07 0.0018274 0.00794335 0.00211518 5.44477e-06 8.87245e-08 0.19576 0.00983692 2.47367e-11 
0.0156178 0.037863 7.46814e-06 0.851298 0.00117885 0.011544 9.7965e-11 0.00640501 1.85422e-08 0.000580886 0.00012602 0.00703278 0.00139224 3.40457e-12 0.00600866 0.00014326 0.000376962 7.63778e-06 0.0126783 0.00188549 3.07383e-05 0.000469034 1.74185e-05 0.000394443 0.0448568 8.04648e-05 4.53587e-06 
0.092654 0.103709 3.71716e-06 0.441821 0.00512576 0.0177393 0.0242205 0.0115809 1.03471e-08 0.0118269 0.00124248 0.00766511 0.0196667 1.42736e-05 0.0110941 0.00273062 0.000218502 0.000152719 0.00532968 0.16167 0.0244542 0.0061034 0.00177534 0.00382881 0.0399673 0.00536681 3.86386e-05 
0.120484 0.0242386 0.000704672 0.28634 0.0683208 0.042773 0.000386718 0.129191 0.000650465 0.0181482 6.13631e-12 0.0076749 0.0484876 7.81798e-12 0.00339746 0.00503374 0.012941 0.0503804 0.00198825 0.00183636 2.60392e-05 0.0357077 0.0723542 9.95777e-08 0.054846 0.0140583 3.07212e-05 
0.0514692 0.202019 5.60683e-05 0.413931 0.0038999 0.0156301 3.25241e-05 0.0778735 0.000149521 0.003981 7.59059e-05 0.012226 0.0148094 7.6776e-06 0.00936009 0.00241497 0.000902825 0.000351744 0.00166669 0.108426 0.000134136 0.00367194 0.000131953 0.00100533 0.0727603 0.00300953 3.68049e-06 
0.00022948 0.005399 4.48382e-06 0.901185 2.76102e-07 0.00241931 1.19491e-11 0.0484561 1.352e-08 0.000285173 0.001596 0.00013623 0.00211347 2.01315e-11 3.48999e-12 0.000116649 0.000135008 1.91482e-05 0.000174813 0.000622383 6.9249e-05 1.57838e-06 3.07809e-09 1.03353e-08 0.036534 0.000502743 1.60373e-11 
0.282514 0.000271659 4.45495e-06 0.332162 6.69714e-06 3.57673e-07 2.61871e-06 1.87295e-06 3.94394e-06 0.00372348 3.46291e-06 0.141615 0.00288134 4.41193e-06 7.64852e-07 0.0042068 8.86508e-07 5.03521e-06 0.000211678 0.00162231 0.0261643 7.53712e-07 6.9523e-07 0.000114998 0.204451 9.62667e-07 2.37104e-05 
0.0138235 0.0108207 4.53314e-06 0.930958 0.000291453 0.0200093 5.56187e-11 0.00979997 3.09036e-08 0.000216851 1.3104e-05 0.0013378 0.000971763 5.01704e-13 0.00632259 8.49993e-05 8.27358e-05 1.32163e-05 3.2753e-05 0.000722537 1.10752e-05 0.000461695 1.5499e-05 0.000683151 0.00331447 6.20823e-06 2.12408e-06 
0.0138235 0.0108207 4.53314e-06 0.930958 0.000291453 0.0200093 5.56187e-11 0.00979997 3.09036e-08 0.000216851 1.3104e-05 0.0013378 0.000971763 5.01704e-13 0.00632259 8.49993e-05 8.27358e-05 1.32163e-05 3.2753e-05 0.000722537 1.10752e-05 0.000461695 1.5499e-05 0.000683151 0.00331447 6.20823e-06 2.12408e-06 
0.0270581 0.00804129 1.8938e-05 0.929369 0.000142236 0.00821313 1.256e-12 0.00295204 1.89162e-12 0.00018776 3.40694e-06 0.00747729 0.00103102 7.69007e-10 0.000479235 0.000643205 0.00025626 0.000997783 9.45762e-06 0.00134339 2.66825e-05 0.00162254 2.05146e-06 4.25097e-06 0.0100019 0.000119183 3.29742e-08 
0.035922 0.0410405 4.97536e-06 0.629613 0.00617206 0.00405765 1.98623e-08 0.00127233 2.3342e-06 0.00157069 0.000129331 0.0855245 0.000838164 9.64353e-08 0.00428416 0.0010719 0.00119731 1.44453e-06 0.0327519 0.00635348 0.000142696 0.00634666 7.0924e-05 0.000811932 0.140573 0.000243358 3.43928e-06 
0.0138235 0.0108207 4.53314e-06 0.930958 0.000291453 0.0200093 5.56187e-11 0.00979997 3.09036e-08 0.000216851 1.3104e-05 0.0013378 0.000971763 5.01704e-13 0.00632259 8.49993e-05 8.27358e-05 1.32163e-05 3.2753e-05 0.000722537 1.10752e-05 0.000461695 1.5499e-05 0.000683151 0.00331447 6.20823e-06 2.12408e-06 
0.00367509 0.0892537 5.64952e-06 0.288155 0.00100586 0.0261306 0.000291015 0.000190789 3.81695e-05 0.0118953 7.23817e-07 0.227528 0.0625098 0.00720468 0.0327409 0.00993567 0.00849744 0.000327599 0.000318507 0.160809 0.000311563 0.00858006 0.000649741 2.46256e-06 0.0590988 0.000842312 1.24177e-06 
0.0111411 0.324175 0.000502489 0.332139 0.013466 0.0816018 5.72626e-08 0.1392 0.00726112 0.0015986 0.00103836 0.0311143 0.00328594 9.50342e-07 0.00177314 0.000667114 0.00217322 0.000470737 0.0190228 0.00166377 0.000757651 0.00208747 2.58617e-05 2.64071e-05 0.0226243 0.00218153 6.15497e-07 
0.0159076 0.138228 7.12291e-05 0.500688 0.00939294 0.0138281 1.01069e-09 0.0128435 0.00115351 0.00408955 0.000167143 0.00595945 0.0466164 4.81034e-09 0.0116196 0.00189494 0.00420566 0.00246714 0.00685595 0.000230258 5.11128e-05 0.0203132 0.000795866 4.19441e-06 0.20078 0.00183176 5.13462e-06 
0.0112061 0.0217927 7.65842e-05 0.425465 0.0381221 0.0412574 1.88529e-06 0.00104067 0.00169937 0.00210946 5.98408e-05 0.0496814 0.0474803 2.03862e-06 0.30214 0.00371596 0.0106158 0.00252023 0.00372854 1.81912e-05 4.4405e-05 0.00229044 0.0106633 0.00698845 0.0167469 0.000385013 0.000147748 
0.0138235 0.0108207 4.53314e-06 0.930958 0.000291453 0.0200093 5.56187e-11 0.00979997 3.09036e-08 0.000216851 1.3104e-05 0.0013378 0.000971763 5.01704e-13 0.00632259 8.49993e-05 8.27358e-05 1.32163e-05 3.2753e-05 0.000722537 1.10752e-05 0.000461695 1.5499e-05 0.000683151 0.00331447 6.20823e-06 2.12408e-06 
0.00983407 0.279399 1.25027e-05 0.502381 0.00833769 0.0145826 3.17856e-08 0.00561752 5.01019e-09 0.00710577 4.04267e-05 0.00836164 0.00975808 9.3747e-11 0.000119281 0.0150414 0.00195377 0.0013412 0.00169002 0.0102929 0.000241062 0.000362711 7.38281e-07 5.88947e-05 0.122246 0.00122231 7.46817e-11 
0.0191438 0.00543083 9.77034e-06 0.948067 0.000193099 0.00681057 1.07948e-08 0.00189471 5.91178e-12 0.000315837 4.26257e-06 0.00630983 0.00186994 1.72866e-10 0.000354712 0.000363818 0.000227177 0.000559868 5.31031e-06 0.00120019 1.50634e-05 0.00122592 1.28998e-06 1.07598e-05 0.00586592 0.000120688 1.01048e-09 
0.0903461 0.209927 0.000288105 0.290367 0.0156146 0.0285583 0.000421906 0.0880426 0.00062754 0.0131101 0.00432132 0.0218631 0.0232106 0.00112222 0.0107713 0.0041741 0.00439488 0.00209839 0.000861519 0.0169026 0.00469562 0.00859555 0.000196224 0.0023805 0.150383 0.00667329 5.28448e-05 
0.0138235 0.0108207 4.53314e-06 0.930958 0.000291453 0.0200093 5.56187e-11 0.00979997 3.09036e-08 0.000216851 1.3104e-05 0.0013378 0.000971763 5.01704e-13 0.00632259 8.49993e-05 8.27358e-05 1.32163e-05 3.2753e-05 0.000722537 1.10752e-05 0.000461695 1.5499e-05 0.000683151 0.00331447 6.20823e-06 2.12408e-06 
0.0183338 0.140327 1.41522e-05 0.649521 0.00202074 0.0201956 8.99685e-07 0.0869143 2.98042e-06 0.00424838 0.00101972 0.0154469 0.00228843 1.50167e-07 0.00214215 0.000397947 0.000853017 4.69154e-06 0.000170307 0.0203773 0.000255407 0.00457476 3.21428e-05 0.00198969 0.0288209 4.73945e-05 8.50227e-07 
0.0971242 0.129764 5.52116e-06 0.260313 0.00935079 0.0351703 5.93553e-08 0.000636998 1.25603e-09 0.0162876 0.0010849 0.0931518 0.109863 1.40507e-09 0.00774906 0.0169922 0.0113616 0.00580101 7.63743e-08 0.0639361 0.000107815 0.0334721 4.72035e-08 0.0381465 0.0684795 0.00119685 4.5314e-06 
0.0271322 0.00789178 1.87654e-05 0.92965 0.000132078 0.00817916 1.26453e-12 0.00293656 1.90447e-12 0.000188426 3.18737e-06 0.00721688 0.000994632 7.22693e-10 0.00048925 0.00064398 0.000260142 0.000952211 9.56033e-06 0.0013462 2.58776e-05 0.00163037 2.0754e-06 3.94854e-06 0.0101766 0.000115822 3.06676e-08 
6.34332e-05 0.000827807 8.91984e-10 0.996363 2.84229e-05 0.000240881 5.17631e-13 5.63065e-05 7.79586e-13 8.18965e-05 4.36449e-07 0.000144605 5.25956e-05 8.72092e-13 1.46679e-08 1.38352e-05 5.16813e-05 3.63392e-06 1.52803e-06 1.5811e-08 2.37207e-05 0.000129441 2.61111e-05 0.000697944 0.00118626 3.37961e-06 3.18809e-06 
0.00789844 0.013958 1.49258e-05 0.698777 0.00252122 0.00971995 8.8223e-06 0.122393 3.53225e-05 0.00175507 0.00221985 0.00323939 0.00379858 4.38831e-12 0.00053936 0.0020563 0.00207741 0.0617701 0.00358183 0.0010649 9.73104e-06 0.00377355 4.79013e-06 3.50827e-12 0.0584488 0.000333428 7.0592e-08 
0.0202591 0.322127 2.11089e-06 0.436642 0.00363462 0.0179787 1.78563e-09 0.103554 2.36879e-05 0.00181579 0.000854866 0.00061628 0.0199452 3.00838e-09 0.000963069 0.000250932 0.00465199 0.000351023 0.000402682 0.00361607 4.55372e-05 0.00971694 5.49737e-06 2.40508e-09 0.0444868 0.00804601 1.03359e-05 
0.0164782 0.00345306 1.63274e-05 0.760825 0.0173656 0.0286357 1.65446e-11 0.0924038 4.85103e-06 0.00475743 0.00259802 0.0068751 0.00311168 4.00705e-08 0.00102576 0.000359763 0.0137531 0.000317912 0.00375565 0.000784152 0.00137401 0.00541009 1.15212e-05 1.85802e-08 0.023247 0.0134359 7.15751e-07 
0.0101099 0.205466 4.46589e-05 0.470112 0.00587192 0.0233316 8.92389e-05 0.0953982 0.00471219 0.00233032 7.74369e-05 0.00196412 0.0114254 4.12997e-06 0.00263895 0.000714642 0.00680802 0.000780796 0.00384517 0.00414196 0.000241303 0.00594637 0.000428605 1.26272e-06 0.140458 0.00305582 1.63764e-06 
0.0567929 0.077483 0.00486703 0.510826 0.0486575 0.0473336 1.23912e-05 0.0115274 1.08573e-05 0.0151835 0.000102535 0.0852085 0.0036026 7.27395e-08 0.0204105 0.0171483 0.00381111 0.00153891 0.00485611 0.00998187 0.00110646 0.00807213 0.00026276 0.0286111 0.0411011 0.00141164 7.9561e-05 
0.0191438 0.00543083 9.77034e-06 0.948067 0.000193099 0.00681057 1.07948e-08 0.00189471 5.91178e-12 0.000315837 4.26257e-06 0.00630983 0.00186994 1.72866e-10 0.000354712 0.000363818 0.000227177 0.000559868 5.31031e-06 0.00120019 1.50634e-05 0.00122592 1.28998e-06 1.07598e-05 0.00586592 0.000120688 1.01048e-09 
0.0742299 0.0131661 0.000705912 0.353765 0.0212715 0.0522571 2.18302e-08 0.00219776 0.000618776 0.00827245 4.76835e-05 0.0308222 0.0839089 4.52046e-06 0.00626148 0.00132291 0.0100177 4.04554e-05 0.00139959 0.0174881 0.000487494 0.30889 0.000356093 0.000546663 0.00964995 0.00220181 6.96579e-05 
0.0226239 0.0531916 0.000109983 0.667673 0.00716392 0.025642 8.04502e-09 0.0242301 5.7474e-08 0.0303806 0.00069078 0.0725639 0.0306655 3.68196e-08 0.00247397 0.000692664 0.000688336 0.000287435 0.000187543 0.00220728 0.00113493 0.00326392 0.000615661 0.00450466 0.0480728 0.000934096 1.72701e-06 
0.0931383 0.0109763 0.00011994 0.547636 0.00395424 0.018029 1.68198e-05 0.0615569 0.00355881 0.00713667 1.69416e-05 0.00603977 0.00829741 8.04721e-08 0.00179896 0.000506084 0.0273909 0.0987131 0.00850698 0.00811649 0.000101741 0.003327 2.07472e-05 3.5176e-12 0.0902062 0.000834641 4.42956e-07 
0.0153065 0.0113844 4.17221e-05 0.925723 0.000277038 0.0196909 9.37055e-10 0.0106323 4.76105e-08 0.000190361 2.24562e-05 0.00125028 0.00108413 1.01598e-11 0.00634612 8.1634e-05 8.35619e-05 1.26754e-05 2.95356e-05 0.00118572 1.03511e-05 0.000473478 1.64027e-05 0.00300291 0.00314532 5.91431e-06 2.95068e-06 
0.0312865 0.0818735 0.00184014 0.490229 0.0114736 0.0282584 0.000159448 0.0032528 0.000238653 0.0130276 0.000239765 0.0194205 0.00221179 7.8994e-05 0.0225401 0.000500083 0.0035822 0.000122052 0.000645139 0.0987018 0.000163938 0.00750757 4.83344e-05 0.000855726 0.180582 0.00114383 1.70653e-05 
0.0126252 0.00649961 2.61967e-06 0.944771 0.000237436 0.0131136 3.37646e-11 0.00636077 2.4527e-08 0.000222682 6.73185e-06 0.00127044 0.000684384 5.11892e-13 0.00533898 6.08609e-05 8.7272e-05 1.352e-05 2.37851e-05 0.00124348 9.69282e-06 0.000364046 2.08177e-05 0.00411252 0.00292086 5.92439e-06 3.73943e-06 
0.00857828 0.0655023 3.30083e-07 0.412615 0.00148078 0.00825091 1.08348e-06 0.0247387 3.61638e-07 0.00187524 0.0002257 0.134195 0.000910049 7.42282e-10 1.28682e-10 0.130269 4.3778e-07 0.000115073 0.000640863 0.0028035 0.0174867 0.00182235 4.47033e-05 0.00139508 0.187013 3.64208e-05 5.91325e-10 
0.0823908 0.0171342 8.9963e-05 0.553274 0.00512034 0.0256455 3.07914e-05 0.0476084 0.00266921 0.0068994 1.27121e-05 0.00662426 0.0104872 7.15053e-08 0.00226996 0.00195278 0.0309087 0.0949318 0.00731379 0.00661278 7.63161e-05 0.00571661 1.55632e-05 4.08866e-12 0.0909856 0.00122887 3.32823e-07 
0.0191438 0.00543083 9.77034e-06 0.948067 0.000193099 0.00681057 1.07948e-08 0.00189471 5.91178e-12 0.000315837 4.26257e-06 0.00630983 0.00186994 1.72866e-10 0.000354712 0.000363818 0.000227177 0.000559868 5.31031e-06 0.00120019 1.50634e-05 0.00122592 1.28998e-06 1.07598e-05 0.00586592 0.000120688 1.01048e-09 
0.0573971 0.0223996 9.29781e-05 0.850985 0.000918249 0.0128101 2.36196e-07 0.00628755 9.66156e-06 0.00205809 1.98444e-06 0.0160836 0.00265697 3.68083e-09 0.000865571 0.000357908 0.000549344 0.000563276 4.90743e-05 0.00438802 1.57993e-05 0.00147927 4.79975e-05 1.44243e-06 0.0195929 0.000388286 1.9839e-08 
0.0223612 0.00572803 1.31038e-05 0.941697 0.000207709 0.00740325 5.30071e-06 0.00216082 6.15539e-12 0.000331901 4.2682e-06 0.00625963 0.00209642 6.03369e-10 0.000420805 0.000460229 0.000258839 0.000609269 6.62205e-06 0.00122115 1.70531e-05 0.0013718 1.41434e-06 1.15905e-05 0.00722433 0.000128402 2.27089e-08 
0.00423175 0.018433 2.5807e-05 0.685741 6.40493e-05 0.00140218 1.4218e-12 0.233992 0.0177088 0.000249629 1.88015e-12 0.0012265 0.00135999 2.39541e-12 0.000143082 0.000128615 0.00034441 0.00105373 0.00131146 0.00258064 1.87103e-05 0.00146464 1.19855e-05 1.91503e-12 0.0284229 8.53603e-05 2.12139e-08 
0.0525415 0.0175678 5.5987e-05 0.608986 0.00498366 0.021327 1.91637e-05 0.091047 0.00166104 0.00449322 5.62679e-05 0.00517473 0.00678686 6.7988e-08 0.00141244 0.00202975 0.0192322 0.0680068 0.00575889 0.00471565 0.000109441 0.00355703 9.6859e-06 4.3121e-12 0.0795849 0.000882595 5.60413e-07 
0.0560894 0.0671888 4.2327e-05 0.682233 0.00838829 0.0242183 3.18513e-06 0.0295114 1.99828e-05 0.00378053 4.59621e-05 0.0574222 0.0030445 1.96671e-11 0.0122966 0.00180887 0.0022392 2.79957e-05 0.000894258 0.0034895 0.00164114 0.010543 0.000180614 0.00368264 0.0310199 0.000160692 2.73718e-05 
0.0092426 0.0214918 5.74929e-05 0.756357 0.0017076 0.00380506 1.52095e-09 0.000575746 3.05702e-05 0.00704434 9.49578e-05 0.133329 0.0069779 1.98211e-10 0.000864002 0.000329335 0.000598975 0.0128694 8.08622e-08 0.0183381 8.11246e-05 0.000805711 1.47317e-06 1.58462e-10 0.0245595 0.000837808 5.16676e-08 
0.0203065 0.204035 1.20396e-07 0.218991 0.0230792 0.0718113 7.59041e-09 0.0169989 0.000497641 0.0169903 3.11887e-07 0.0562605 0.0411725 3.6793e-11 0.00251555 0.0073797 0.00359056 4.19908e-11 0.000285118 0.000706692 0.000436105 0.002557 0.000276939 0.148488 0.158133 0.0051525 0.000335628 
0.0525415 0.0175678 5.5987e-05 0.608986 0.00498366 0.021327 1.91637e-05 0.091047 0.00166104 0.00449322 5.62679e-05 0.00517473 0.00678686 6.7988e-08 0.00141244 0.00202975 0.0192322 0.0680068 0.00575889 0.00471565 0.000109441 0.00355703 9.6859e-06 4.3121e-12 0.0795849 0.000882595 5.60413e-07 
0.0369371 0.0819517 0.000441698 0.281063 0.0615699 0.0459122 3.70551e-05 0.00923945 0.000412037 0.0361411 4.46761e-05 0.0353654 0.0450026 7.94463e-11 0.00328658 0.189061 0.000532847 0.000836736 0.161361 0.00388945 0.000653561 0.00106381 5.92513e-07 3.60419e-08 0.00488176 0.000315695 6.32894e-11 
0.0170675 0.0128638 4.29674e-06 0.915457 0.000364315 0.0248123 5.74356e-11 0.0121827 3.85114e-08 0.000271062 1.63771e-05 0.00125878 0.0012147 4.62084e-13 0.00780762 8.49502e-05 0.000103418 1.65191e-05 2.95877e-05 0.000830284 1.10236e-05 0.000577116 1.93732e-05 0.000853915 0.00414307 7.75987e-06 2.65446e-06 
0.00707997 0.00586327 1.49772e-05 0.949916 6.69348e-05 0.00408824 1.14966e-06 0.000887908 1.25396e-08 0.000320867 4.71306e-06 0.00335111 0.000641154 1.87139e-08 0.000122913 0.00015176 7.87987e-05 0.000196178 2.23719e-06 0.0191193 0.000295006 0.00103644 1.33376e-06 4.37507e-06 0.00625317 0.0005024 3.82352e-08 
0.0138235 0.0108207 4.53314e-06 0.930958 0.000291453 0.0200093 5.56187e-11 0.00979997 3.09036e-08 0.000216851 1.3104e-05 0.0013378 0.000971763 5.01704e-13 0.00632259 8.49993e-05 8.27358e-05 1.32163e-05 3.2753e-05 0.000722537 1.10752e-05 0.000461695 1.5499e-05 0.000683151 0.00331447 6.20823e-06 2.12408e-06 
0.0286079 0.0518545 1.17619e-06 0.768662 0.00122187 0.0152256 1.08699e-10 0.0699621 1.42149e-06 0.00474123 2.9621e-05 0.00605784 0.0032574 2.72801e-11 0.00564864 0.0014317 0.0011021 4.66154e-05 0.00636599 0.00292039 0.000119741 0.00354837 0.000125532 0.000349526 0.0285393 0.000177932 1.47194e-06 
0.0269988 0.122973 7.51487e-05 0.659483 0.00161077 0.0274385 2.30595e-06 0.104746 3.121e-08 0.00336444 1.46425e-08 0.00180438 0.00322873 3.31421e-12 0.00778948 0.000117121 0.000357333 1.15998e-05 3.71524e-05 0.00642755 7.18863e-06 0.000992586 1.55112e-05 0.000445121 0.0319132 0.000156348 4.86918e-06 
0.0159076 0.138228 7.12291e-05 0.500688 0.00939294 0.0138281 1.01069e-09 0.0128435 0.00115351 0.00408955 0.000167143 0.00595945 0.0466164 4.81034e-09 0.0116196 0.00189494 0.00420566 0.00246714 0.00685595 0.000230258 5.11128e-05 0.0203132 0.000795866 4.19441e-06 0.20078 0.00183176 5.13462e-06 
0.0907886 0.0293745 4.69288e-05 0.700222 0.00469667 0.073223 5.82141e-07 0.0194453 3.84334e-05 0.00541158 1.12322e-05 0.00377491 0.0215158 8.56379e-12 0.0134657 0.00163316 0.00129948 0.000144864 0.000809202 0.0121831 3.33181e-05 0.0058016 3.23417e-05 0.00055697 0.0152111 0.000278751 1.21196e-06 
0.174834 0.0500196 1.80265e-05 0.52794 0.00343074 0.0474736 0.000195261 0.0242466 0.000224834 0.00797564 1.88955e-06 0.03487 0.0123488 4.66452e-08 0.0063451 0.0042441 0.00259878 0.000311317 0.00125324 0.036783 7.17464e-05 0.000454178 2.01098e-05 3.82649e-05 0.0535693 0.0107148 1.76265e-05 
0.0525415 0.0175678 5.5987e-05 0.608986 0.00498366 0.021327 1.91637e-05 0.091047 0.00166104 0.00449322 5.62679e-05 0.00517473 0.00678686 6.7988e-08 0.00141244 0.00202975 0.0192322 0.0680068 0.00575889 0.00471565 0.000109441 0.00355703 9.6859e-06 4.3121e-12 0.0795849 0.000882595 5.60413e-07 
6.34332e-05 0.000827807 8.91984e-10 0.996363 2.84229e-05 0.000240881 5.17631e-13 5.63065e-05 7.79586e-13 8.18965e-05 4.36449e-07 0.000144605 5.25956e-05 8.72092e-13 1.46679e-08 1.38352e-05 5.16813e-05 3.63392e-06 1.52803e-06 1.5811e-08 2.37207e-05 0.000129441 2.61111e-05 0.000697944 0.00118626 3.37961e-06 3.18809e-06 
6.34332e-05 0.000827807 8.91984e-10 0.996363 2.84229e-05 0.000240881 5.17631e-13 5.63065e-05 7.79586e-13 8.18965e-05 4.36449e-07 0.000144605 5.25956e-05 8.72092e-13 1.46679e-08 1.38352e-05 5.16813e-05 3.63392e-06 1.52803e-06 1.5811e-08 2.37207e-05 0.000129441 2.61111e-05 0.000697944 0.00118626 3.37961e-06 3.18809e-06 
0.0276189 0.0172297 9.71023e-06 0.868019 0.000487594 0.041824 7.03729e-11 0.018904 6.57426e-08 0.000422487 1.58386e-08 0.00216814 0.00181423 4.5971e-13 0.0135484 0.000107203 0.000124062 2.48158e-05 6.36333e-05 0.00154668 1.53854e-05 0.000507826 3.321e-05 0.000952435 0.00456508 1.18389e-05 2.02217e-06 
0.0126374 0.11431 0.0013443 0.638661 0.00121776 0.0182066 0.000706914 0.0205965 4.07414e-07 0.00178558 0.00370422 0.00881402 0.00470358 1.37801e-10 0.00537534 9.55257e-05 0.00233982 5.11501e-05 4.96209e-05 0.0049482 0.00061216 0.000925852 8.39427e-06 0.00137595 0.156839 0.000682582 7.35892e-06 
0.0171993 0.0119533 5.66564e-06 0.916562 0.000364315 0.024866 5.91176e-11 0.0119674 3.85272e-08 0.000271062 1.63775e-05 0.00158191 0.0012147 4.79366e-13 0.00790323 9.41414e-05 0.000103418 1.65193e-05 4.09398e-05 0.000903164 1.16386e-05 0.000577117 1.93733e-05 0.000739171 0.00357861 7.75993e-06 2.65454e-06 
0.0230542 0.00790604 1.49058e-05 0.937012 8.01703e-05 0.00716243 1.2464e-12 0.00270291 1.87716e-12 0.000181683 2.71906e-06 0.00702113 0.000919008 1.04548e-10 0.000420975 0.000544728 0.000231063 0.000855188 8.09813e-06 0.00133709 2.29951e-05 0.00144406 1.96809e-06 1.61939e-06 0.00896167 0.000113705 6.68437e-10 
0.0018609 0.186529 0.00021727 0.421544 8.49115e-05 0.00227658 2.71301e-08 0.00648688 1.00945e-10 0.0055474 0.0267639 0.0275087 0.0074157 1.12923e-10 0.000195138 3.48821e-06 0.00145982 1.79789e-07 4.1012e-06 0.00511831 0.00543146 0.000230195 2.89303e-06 6.06209e-05 0.299314 0.00194413 8.99578e-11 
0.0371791 0.0535687 8.5992e-06 0.745737 0.00281863 0.02173 7.70246e-07 0.0157768 7.38503e-05 0.00901143 7.01025e-05 0.0374045 0.00399798 4.75147e-11 0.0114274 0.00168136 0.00174905 2.18495e-05 0.00365532 0.0016805 5.31621e-05 0.00550609 6.8206e-05 0.00314669 0.0417784 0.00176929 8.5403e-05 
0.0137591 0.149089 0.000121897 0.513065 0.00442172 0.0698608 4.55881e-06 0.0154764 3.07953e-05 0.00154313 0.000101501 0.0132511 0.00402422 1.24162e-06 0.00633262 0.000854986 0.00356871 0.000276662 0.00413239 0.000823695 0.000252328 0.00271911 7.76193e-05 0.00220086 0.192907 0.00109261 1.1055e-05 
0.0138235 0.0108207 4.53314e-06 0.930958 0.000291453 0.0200093 5.56187e-11 0.00979997 3.09036e-08 0.000216851 1.3104e-05 0.0013378 0.000971763 5.01704e-13 0.00632259 8.49993e-05 8.27358e-05 1.32163e-05 3.2753e-05 0.000722537 1.10752e-05 0.000461695 1.5499e-05 0.000683151 0.00331447 6.20823e-06 2.12408e-06 
0.0148766 0.0314791 6.15051e-05 0.791516 0.00177811 0.0287723 1.95864e-06 0.0149566 1.01166e-06 0.0105757 3.5862e-05 0.00312951 0.00522444 1.02268e-06 0.00732018 0.000258553 0.000379932 0.00392142 0.000119632 0.00214006 6.3591e-05 0.00227396 6.33805e-05 0.00238893 0.078429 0.000216652 1.48816e-05 
0.0571353 0.156923 0.00152824 0.279775 0.011475 0.0232231 0.00510643 0.0369009 6.53737e-05 0.0184932 0.000618156 0.133339 0.0123307 4.41086e-07 0.0102653 0.0101684 0.00650565 0.000176511 0.00100722 0.00974197 0.00356212 0.00333971 0.00255318 0.00192176 0.208927 0.00485264 6.42032e-05 
0.0171993 0.0119533 5.66564e-06 0.916562 0.000364315 0.024866 5.91176e-11 0.0119674 3.85272e-08 0.000271062 1.63775e-05 0.00158191 0.0012147 4.79366e-13 0.00790323 9.41414e-05 0.000103418 1.65193e-05 4.09398e-05 0.000903164 1.16386e-05 0.000577117 1.93733e-05 0.000739171 0.00357861 7.75993e-06 2.65454e-06 
0.0434412 0.0259247 2.14346e-05 0.599759 0.01358 0.0299768 4.70849e-11 0.0851437 0.000324404 0.0145835 0.00465981 0.00473556 0.0147363 7.93274e-11 2.26319e-06 0.00174533 0.00830923 0.00678682 0.000330075 0.00710415 0.000358615 3.14458e-05 6.46081e-06 1.46414e-08 0.137752 0.000685742 1.37312e-06 
0.0230542 0.00790604 1.49058e-05 0.937012 8.01703e-05 0.00716243 1.2464e-12 0.00270291 1.87716e-12 0.000181683 2.71906e-06 0.00702113 0.000919008 1.04548e-10 0.000420975 0.000544728 0.000231063 0.000855188 8.09813e-06 0.00133709 2.29951e-05 0.00144406 1.96809e-06 1.61939e-06 0.00896167 0.000113705 6.68437e-10 
0.118638 0.156099 0.00104696 0.198447 0.0351491 0.0954492 1.35426e-05 0.0639962 0.000110459 0.00991007 0.000388478 0.0462879 0.0411444 5.61778e-05 0.0297767 0.00340618 0.052911 0.001002 0.00187989 0.0102979 0.000228265 0.0348468 0.000219416 0.00487982 0.0802787 0.00890873 0.0046292 
0.0329328 0.0166217 9.76809e-06 0.857435 0.000901127 0.00468823 4.41464e-08 0.0337663 4.93036e-09 0.00169706 4.58415e-05 0.00842043 0.00124406 1.61975e-10 0.000275581 0.000443808 0.000883852 0.00126222 5.30984e-06 0.00542499 6.34794e-05 0.000945256 4.23364e-06 3.65277e-05 0.0327454 0.000146698 4.15064e-07 
0.0131117 0.300912 1.66405e-05 0.426325 0.0111163 0.0194429 3.2128e-08 0.00748984 4.426e-09 0.00947358 5.37569e-05 0.0106447 0.0130103 6.4292e-11 0.00015898 0.0200536 0.00260487 0.00178797 0.00225285 0.0137226 0.000321263 0.000483535 9.80107e-07 7.84308e-05 0.145309 0.00162951 5.1217e-11 
0.0269988 0.122973 7.51487e-05 0.659483 0.00161077 0.0274385 2.30595e-06 0.104746 3.121e-08 0.00336444 1.46425e-08 0.00180438 0.00322873 3.31421e-12 0.00778948 0.000117121 0.000357333 1.15998e-05 3.71524e-05 0.00642755 7.18863e-06 0.000992586 1.55112e-05 0.000445121 0.0319132 0.000156348 4.86918e-06 
0.0823908 0.0171342 8.9963e-05 0.553274 0.00512034 0.0256455 3.07914e-05 0.0476084 0.00266921 0.0068994 1.27121e-05 0.00662426 0.0104872 7.15053e-08 0.00226996 0.00195278 0.0309087 0.0949318 0.00731379 0.00661278 7.63161e-05 0.00571661 1.55632e-05 4.08866e-12 0.0909856 0.00122887 3.32823e-07 
0.10661 0.159112 6.71e-05 0.192001 0.00608936 0.0253765 7.79398e-06 0.0317606 0.000336868 0.0215321 1.64714e-05 0.130281 0.0336077 0.000281189 0.00692497 0.0499116 0.00323412 0.000558905 0.00864529 0.110419 0.000317756 0.0111506 4.64096e-05 4.4361e-05 0.100971 0.000695782 3.40688e-08 
0.0823908 0.0171342 8.9963e-05 0.553274 0.00512034 0.0256455 3.07914e-05 0.0476084 0.00266921 0.0068994 1.27121e-05 0.00662426 0.0104872 7.15053e-08 0.00226996 0.00195278 0.0309087 0.0949318 0.00731379 0.00661278 7.63161e-05 0.00571661 1.55632e-05 4.08866e-12 0.0909856 0.00122887 3.32823e-07 
0.0191438 0.00543083 9.77034e-06 0.948067 0.000193099 0.00681057 1.07948e-08 0.00189471 5.91178e-12 0.000315837 4.26257e-06 0.00630983 0.00186994 1.72866e-10 0.000354712 0.000363818 0.000227177 0.000559868 5.31031e-06 0.00120019 1.50634e-05 0.00122592 1.28998e-06 1.07598e-05 0.00586592 0.000120688 1.01048e-09 
