0.209483 0.0229132 2.4226e-05 0.000365859 0.266723 0.119275 0.00173034 0.0259194 0.000959699 0.0290418 0.00049202 0.00434081 0.0534398 1.76608e-10 0.117036 0.015881 0.016613 0.00564034 0.00207679 0.00561525 0.000610343 0.0580772 0.0302646 0.000215375 0.0075583 0.0056808 2.29607e-05 
0.108964 0.0102286 2.86514e-06 0.000225086 0.532227 0.0270806 0.000208654 0.00429747 2.03425e-06 0.00903202 0.0225396 0.0521547 0.0257645 1.412e-08 0.115912 0.00261788 0.00276752 4.32049e-05 0.000271371 0.0648656 0.000205997 0.0178395 0.000101531 8.27913e-05 0.000838652 0.00145642 0.000270317 
0.0377545 0.000274249 2.51883e-08 8.53724e-05 0.7002 0.00601358 1.44158e-05 5.93083e-05 0.0559302 0.000698161 0.000401085 0.00849359 0.000675592 7.94513e-08 0.0167289 0.164108 0.00371699 4.37459e-08 5.63576e-11 2.60724e-05 1.67826e-06 0.00287467 3.10698e-06 1.76785e-08 0.000326333 0.00160995 3.99983e-06 
0.133599 0.0108825 3.242e-05 0.000477668 0.575297 0.00696855 0.000718615 0.00305686 4.93311e-05 0.0533167 0.00289731 0.121595 0.00422144 5.21355e-12 0.011352 0.0168241 0.00236767 0.00142566 9.14866e-05 0.00402435 0.0191665 0.001163 0.000258263 0.0275055 0.00200162 0.000574055 0.000134205 
0.0619225 0.0041059 0.00013766 8.92738e-05 0.256377 0.00832512 0.00119389 0.013471 6.42318e-05 0.0342968 0.000127236 0.0471138 0.0578981 0.00940833 0.0527465 0.233235 0.0252855 0.0004703 0.00229215 0.000375857 0.000134409 0.00455201 0.152706 0.00509488 0.000381675 0.0256756 0.00251928 
0.0734853 0.0190512 6.76682e-05 0.0513421 0.40307 0.0262422 0.00429245 0.0210217 1.74804e-05 0.0300224 0.00159746 0.065527 0.078221 1.04206e-06 0.00858846 0.0215878 0.0129181 7.80066e-05 0.0050301 0.00372624 0.00870041 0.0645794 0.0456428 0.000976426 0.0344624 0.0195642 0.000187108 
0.129369 0.0356 1.71098e-05 0.00392134 0.423107 0.0252925 1.75995e-06 0.0481926 0.0100852 0.037924 0.000552314 0.053829 0.0241318 1.09783e-06 0.0437444 0.0422099 0.017634 0.00211977 0.00638465 0.00635451 0.000581618 0.0121835 0.00580881 0.0106315 0.0593037 0.00101552 2.92097e-06 
0.205292 0.0345192 0.00269508 0.000131827 0.251142 0.0355603 0.000208453 6.29798e-05 7.77357e-05 0.125227 0.000108471 0.0283948 0.0148598 4.9898e-10 0.165115 0.0200513 0.0217214 3.62579e-08 0.0100143 0.0100407 2.02876e-07 0.0547113 5.24666e-05 2.72636e-05 0.0177881 0.00219872 3.68675e-07 
0.317998 0.112584 2.55793e-05 0.000430481 0.338263 0.00156243 0.00472593 0.00326099 8.46014e-05 0.0280323 0.000709553 0.0384086 0.0175782 7.09945e-12 0.0554856 0.0145678 0.0306745 0.00332335 0.00392636 0.00149547 0.000426046 0.00809833 0.0068041 0.000163214 0.00355381 0.0076916 0.000126766 
0.00209681 0.00797579 0.000175748 1.80973e-05 0.499277 0.0094978 0.000937496 0.0295965 8.74496e-06 0.0210449 0.000103344 0.0212139 0.110258 1.47003e-06 0.00842905 0.0131451 0.000357179 1.6777e-06 0.000127862 0.000699927 9.63666e-07 0.0146404 0.0126974 0.000431266 0.218798 0.028457 8.08496e-06 
0.180003 0.0114982 4.46753e-06 0.00099688 0.390428 0.00820737 0.000171723 0.00605021 8.62754e-06 0.0021535 0.00430353 0.172093 0.00103126 5.95149e-12 0.185999 0.0100162 0.00805612 0.000166598 1.23758e-05 0.00409025 0.000225408 0.00106283 9.68274e-05 0.00169275 0.00275286 0.00638536 0.00249328 
0.0689323 3.98708e-05 3.56704e-09 5.39666e-12 0.890949 0.00324088 0.000176308 5.42271e-07 1.674e-05 0.00786635 1.11948e-08 5.44249e-05 0.00224375 2.10565e-11 0.00590026 0.0109771 0.00412305 2.40312e-11 2.5626e-05 1.9865e-06 9.98462e-10 0.00543677 2.03794e-06 4.10532e-08 1.29498e-05 1.08558e-07 2.45351e-08 
0.228878 0.0254792 6.78081e-05 0.0011054 0.299227 0.0335048 2.61913e-05 0.0205422 0.00872179 0.00841007 0.00245871 0.0310147 0.0511884 1.79452e-07 0.0631235 0.00817627 0.088623 0.066928 0.00356921 0.00174283 0.00055897 0.0330029 0.00497472 2.31647e-07 0.0172419 0.00142366 1.07154e-05 
0.182027 0.0423089 0.000727119 0.00272494 0.272992 0.0507437 0.000299108 0.013711 0.00261738 0.0428617 2.02466e-05 0.0477763 0.191205 1.37607e-05 0.0202633 0.0413706 0.00289969 0.00133247 0.0196078 0.00870793 4.78417e-05 0.0151192 0.00899005 4.94668e-05 0.0190779 0.0124925 1.33576e-05 
0.0272813 2.54018e-12 1.07193e-07 7.99989e-12 0.950857 6.52361e-07 2.77535e-06 3.21399e-05 1.14125e-06 7.54975e-06 2.44996e-11 0.00214678 0.0104999 3.12137e-11 1.6488e-06 1.44183e-05 2.6029e-07 3.56233e-11 1.80689e-11 1.18636e-07 2.98358e-08 0.00905135 6.15913e-05 1.24024e-06 3.65214e-05 3.28073e-06 7.41027e-07 
0.0799196 0.0313824 0.000450687 0.00348859 0.17525 0.145619 1.90286e-05 0.00846727 0.000158464 0.0788955 0.000325939 0.0293293 0.166081 0.0010164 0.106437 0.0403049 0.0201247 0.00105774 0.0142111 0.00452139 0.000345552 0.0395345 0.0134136 0.00145693 0.00747778 0.0235882 0.00712393 
0.136686 0.000961903 1.35151e-05 0.000262334 0.466069 0.00805195 1.0692e-07 0.010476 0.00121491 0.00753697 1.65334e-05 0.00236427 0.024559 2.18056e-12 0.321894 0.00478078 0.00473096 0.000143808 0.000685511 2.62137e-05 4.145e-06 0.00430613 0.00272736 5.9564e-09 0.000521851 0.00196103 6.80779e-06 
0.11583 0.0115549 3.34784e-07 0.00274027 0.292804 0.149958 3.91586e-05 0.00501477 5.46112e-05 0.0606915 0.000293176 0.0240288 0.105941 5.20503e-05 0.0115562 0.00202293 0.0131281 0.000550118 9.32633e-08 0.000945626 0.00513181 0.112421 9.03741e-06 1.12764e-10 0.0629682 0.0222637 2.6237e-08 
0.0928797 0.0196823 5.07381e-06 0.00123911 0.524882 0.117927 1.00592e-05 0.00733981 2.61783e-05 0.00523975 5.82315e-05 0.0768515 0.0637897 3.75111e-09 0.00514584 0.0321432 0.00205276 4.75968e-05 0.00112056 0.00244011 0.00756253 0.0118653 0.000245986 4.06653e-05 0.0240487 0.00259266 0.000763408 
0.0347632 0.00517117 0.00173293 0.000203222 0.425308 0.00332965 5.01778e-05 0.00836094 6.33636e-05 0.0649535 0.00164383 0.29684 0.00787752 2.05803e-07 0.00707971 0.0339381 0.040113 0.000395104 7.28652e-05 0.000499864 6.05893e-05 0.032383 0.0123877 0.00158078 0.005754 0.0153752 6.28622e-05 
0.00820918 0.0075791 6.28289e-08 0.000298613 0.733208 3.06877e-08 5.24627e-08 0.181352 0.000139092 2.16755e-07 0.000471573 0.0357602 0.0076418 5.62277e-05 1.20958e-07 0.0141691 0.00108698 0.00414219 0.000152915 1.32014e-07 6.69677e-05 0.00215319 0.000357352 2.59372e-05 0.00149052 0.00157078 6.76488e-05 
0.13283 0.0208758 0.000436825 0.000443141 0.402702 0.0878734 1.17734e-05 0.000725547 0.00142281 0.0368239 0.000627709 0.132475 0.0605599 0.00120661 0.0320077 0.0103123 0.00553289 0.000699692 0.00641467 0.010614 0.000216336 0.0411375 0.00346514 0.00111496 0.00808284 0.00129659 9.12843e-05 
0.228191 0.0301062 0.00812168 0.0029713 0.292758 0.0216425 3.571e-05 0.000395838 0.0398943 0.0627583 0.000358179 0.0877855 0.1034 4.67533e-10 0.00683217 0.00727204 0.0238914 3.32731e-08 0.000743568 0.0129902 0.00219461 0.0211974 9.0856e-08 0.0225012 0.0206557 0.00288128 0.00042173 
0.114171 0.0768922 0.000546361 0.00552992 0.530404 0.00961994 9.34994e-06 0.0510305 0.000885925 0.0193848 0.000521544 0.0336883 0.0106378 2.64688e-07 0.02399 0.0162111 0.0201456 0.0321421 0.00228919 0.0041901 0.000211443 0.0216921 0.000641247 4.06918e-08 0.0210991 0.00406412 1.34725e-06 
0.0798655 0.0314003 4.35949e-05 0.00584591 0.349677 0.00225537 0.00161893 0.0380014 4.33507e-05 0.0110003 0.000646493 0.0129275 0.00921654 3.82953e-10 0.0714979 0.0471949 0.00431305 1.21244e-05 0.134325 0.000344417 0.0248767 0.0203434 0.12388 2.42126e-08 0.0294062 0.00126132 2.5305e-06 
0.25809 0.0302386 0.00289973 0.00166957 0.455535 0.0324879 0.000680192 0.00796895 1.40453e-05 0.0570954 0.000328829 0.0533198 0.0130846 1.26779e-05 0.0335892 0.00996246 0.00105773 1.69155e-05 0.00015069 0.0178489 0.000338732 0.00328355 0.000948097 0.00286989 0.00409344 0.0122576 0.000157364 
0.113697 0.00391524 6.88634e-05 0.00223415 0.445977 0.019589 0.000987429 0.00108831 0.00120988 0.032709 3.80305e-05 0.00879751 0.032798 1.17676e-10 0.0221928 0.219223 0.00266939 3.53391e-07 3.53214e-06 0.0218453 6.87235e-05 0.00113126 0.0541148 0.000151895 0.013562 0.000404099 0.0015226 
0.141258 0.0090033 2.03545e-09 0.000415973 0.592398 0.00984757 2.77702e-09 0.0234274 7.78218e-06 0.00174769 0.0124015 0.114342 0.00612659 4.76338e-06 0.0310176 0.011743 0.00119258 0.0011795 4.0116e-05 0.00153925 0.000109592 0.00170427 2.73039e-05 0.0371483 0.00264951 0.000666251 2.97493e-06 
0.165719 0.0443159 5.70165e-05 0.000292384 0.237698 0.00337079 0.000939188 0.0494968 2.92799e-05 0.0196057 0.00118203 0.173813 0.0167782 0.00185715 0.017079 0.186675 0.000569087 0.000104849 0.000324984 0.00520253 7.80818e-06 0.00893263 0.0134775 0.0411934 0.00533305 0.00517818 0.000767697 
0.0105836 0.00354273 4.06926e-07 0.00025294 0.447175 0.000292032 3.58403e-09 0.0039915 0.00149185 0.00208525 6.46006e-05 0.015978 0.0613934 2.19346e-08 0.00141388 0.414513 0.000973672 1.95594e-05 3.68111e-05 1.15912e-07 6.78533e-06 0.000873214 0.000684826 0.00347934 0.012787 0.01836 8.62117e-07 
0.0952256 0.00540852 3.71861e-05 0.000832962 0.401563 0.035269 4.55682e-06 0.000855788 0.0155949 0.0660345 5.64419e-11 0.0219381 0.0471354 7.44516e-08 0.00540461 0.14983 0.0106987 1.61549e-07 0.000129434 0.000190435 6.51323e-07 0.0103871 0.0790472 0.000236618 0.0528319 0.0010145 0.000328488 
0.189613 0.0152511 0.000139853 0.00101157 0.281715 0.0620834 0.00313603 0.00856103 0.00202545 0.041968 0.000394002 0.0388904 0.0441464 1.4176e-06 0.133768 0.01651 0.0673564 0.000809757 0.00915616 0.00249912 0.000725366 0.0300534 0.0275321 0.000923858 0.00395564 0.0177185 5.54805e-05 
0.0522359 0.0575961 0.000229362 0.00226638 0.265103 0.0647028 0.000169721 0.00254426 0.0043061 0.00710937 0.00015611 0.0311081 0.0319807 5.62208e-10 0.0111659 0.0600519 0.008537 0.000279837 0.00353398 0.139314 0.00143959 0.222764 0.00433242 0.00462346 0.0221784 0.0022676 3.89258e-06 
0.119661 0.0440134 0.0017903 0.00520177 0.279703 0.0700273 4.87022e-06 0.00162989 0.000266398 0.0113979 0.000298833 0.110362 0.0272013 1.57567e-11 0.0553739 0.0145702 0.0131906 0.000888643 0.127 0.00174606 0.00521895 0.0894683 0.00172157 0.000379513 0.00694345 0.011682 0.000259436 
0.363324 0.0110086 6.69324e-05 0.0100685 0.473028 0.0165425 8.0009e-06 0.000313731 2.88098e-05 0.0111532 6.01364e-05 0.0159136 0.0386916 7.04363e-10 0.0302366 0.000317559 0.00688827 0.00116257 3.63243e-05 0.00372928 0.000375165 0.00490892 1.6069e-05 0.00605704 0.00493217 0.00106092 7.1579e-05 
0.0327917 0.0006273 7.00149e-07 3.91381e-05 0.775258 0.00289311 0.000654133 0.0432181 8.08274e-06 0.0435272 0.0117529 0.0317913 0.00633099 2.00163e-07 0.00808795 0.00183762 0.000239349 0.00108398 6.64248e-05 0.00564402 0.0232625 0.00434087 5.65543e-05 0.00570739 0.000398291 0.000343309 3.84455e-05 
0.0729287 0.0447331 0.00012687 0.00209707 0.327367 0.018249 0.00515438 0.0167575 0.000290323 0.0426842 0.0261059 0.185486 0.03854 2.99921e-05 0.0173936 0.0338376 0.0585007 0.00238715 0.00123393 0.0273563 0.00196969 0.0107461 0.0090568 0.0120343 0.0248006 0.0194183 0.000714664 
0.261509 0.0693537 6.64867e-06 0.00225629 0.301444 0.0198871 1.67815e-05 0.0302114 4.80524e-05 0.0139593 0.000827001 0.105689 0.00887804 2.96608e-12 0.0179301 0.0257342 0.0186564 0.000575039 0.017525 0.01413 6.83923e-06 0.00169395 1.19984e-05 2.37126e-12 0.0788863 0.0107588 4.1156e-06 
0.0187688 0.00534888 0.000136732 0.000321752 0.205109 0.0438421 5.31582e-05 5.25277e-05 4.47911e-05 0.0844433 4.40517e-05 0.106043 0.156684 0.00082218 0.120148 0.170597 0.022411 0.00259639 9.55519e-06 0.00600067 1.32324e-05 0.00746506 0.0112575 0.000315448 0.00202851 0.0332948 0.00214906 
0.0611602 0.0274687 2.52614e-05 0.00266241 0.503298 0.0241378 0.00377724 0.00211247 0.00146044 0.020205 0.0356096 0.120988 0.0148061 6.50952e-08 0.0173931 0.0867379 0.0015186 0.00107463 0.00141422 0.0152705 0.000490646 0.00717176 0.0224899 0.0147887 0.0131582 0.000617737 0.000162544 
0.0610641 0.00192895 3.4258e-05 0.000224071 0.352648 0.0293113 0.0147094 0.000474045 0.000632024 0.0711458 0.000220761 0.0479511 0.0425673 0.00190401 0.0123115 0.284278 0.00362039 0.000786394 0.00160156 0.0155746 0.000611068 0.0150631 0.0380393 0.000480964 0.000415345 0.00235819 4.42744e-05 
0.166994 0.00419127 4.82701e-05 0.000266453 0.240131 0.00697994 0.00169855 0.00101268 4.90431e-06 0.0207801 0.000344824 0.23694 0.00201636 1.59625e-07 0.124149 0.00627321 0.0646957 1.02871e-05 0.0114241 0.000374971 3.07639e-05 0.00108873 0.0381644 0.00403271 0.0015021 0.00115038 0.0656941 
0.225688 0.0469388 9.56615e-05 0.00241949 0.270935 0.0763211 0.00179115 0.0241804 0.000194327 0.0394581 0.00243077 0.0468909 0.0483104 4.80855e-05 0.0896852 0.00893437 0.0346319 0.00112723 0.000344568 0.0208307 0.00462647 0.025632 0.0018411 0.00316678 0.0109754 0.0124696 3.27726e-05 
0.133572 0.000691829 4.90477e-07 1.82346e-07 0.403556 0.151372 0.000267315 0.0033492 0.00231543 0.106898 0.00766332 0.0443152 0.113142 7.06011e-11 0.000619005 9.77199e-05 1.54754e-07 1.79636e-07 3.75149e-07 0.00256828 0.0068159 0.0202298 0.00186634 2.57599e-07 4.85766e-05 0.000609994 5.85862e-08 
0.064692 0.000545604 5.60857e-06 0.00464344 0.444279 0.0253432 0.00160795 0.00905702 3.71316e-05 0.0328818 0.000676952 0.0317133 0.0169854 1.43192e-07 0.101577 0.0005328 0.240477 0.000228434 0.000157512 0.00353634 0.000348432 0.00449571 4.50005e-05 0.00176654 0.00480537 0.00949812 6.21121e-05 
0.135528 1.30091e-05 2.56687e-06 2.08769e-06 0.755564 0.00712412 0.000109224 8.31526e-06 1.14709e-07 0.0240761 9.8024e-07 0.000153701 0.00865389 2.05029e-11 0.0520836 0.00701992 0.00226998 4.76692e-06 0.00036419 6.21058e-06 2.75678e-07 0.00389689 0.00269498 1.24656e-07 4.82752e-06 0.000418577 7.44855e-08 
0.100813 0.0047093 3.58608e-05 2.12065e-05 0.571432 0.00361115 0.0488858 0.000510979 9.59671e-05 0.0517581 0.000348993 0.0253189 0.0786774 0.000681386 0.0157429 0.0116238 0.0347128 0.0113731 0.000117319 0.00662377 0.00104173 0.00441963 0.00192914 0.000107354 0.00104218 0.0243591 7.13766e-06 
0.137004 0.0272569 2.5238e-05 0.000593778 0.54642 0.00196791 0.00934214 0.0596386 0.000649195 0.00347645 0.000706695 0.012542 0.0580698 4.37853e-05 0.0270303 0.0276844 0.00268638 0.000346791 0.011843 0.000730166 0.00184968 0.0375787 0.00363592 0.000221257 0.00768661 0.0209375 3.34218e-05 
0.29255 0.0123694 4.84644e-05 0.000934849 0.396922 0.0258941 0.00320668 0.00155087 0.000306185 0.0765716 0.0010199 0.0879576 0.0116008 1.44101e-06 0.0545181 0.00372704 0.00861158 2.99961e-05 0.000848475 0.00578775 0.00104223 0.000615886 0.00560223 0.00146695 0.00206618 0.00466693 8.31939e-05 
0.140473 0.0014789 6.22296e-05 0.000282163 0.669596 0.00628089 0.000114717 0.0023462 0.000294398 0.0374263 0.000209112 0.00700234 0.0434238 0.000167301 0.0752759 0.00181139 0.00483217 7.44675e-05 0.000301424 0.00264164 0.000102954 0.00109474 0.000666896 4.9626e-06 0.00245314 0.00157811 4.44376e-06 
0.118854 0.000232029 1.24573e-11 2.10439e-05 0.745729 0.00383263 1.64328e-05 0.000731547 2.77983e-08 0.0072425 1.48841e-05 0.000167933 0.000663525 1.2337e-11 0.110136 0.0012514 0.00820038 6.77919e-06 0.000533696 8.9808e-05 0.0002153 0.000715068 1.19053e-06 9.86293e-12 0.00108962 0.000255058 4.27011e-09 
0.0919645 0.0424637 0.000638851 0.00090697 0.201589 0.00379999 0.0294478 0.0069324 0.0011711 0.0281352 0.0038522 0.0321988 0.0188415 0.00522128 0.0743034 0.154221 0.00383597 0.0283778 0.0276447 0.00157946 0.00058569 0.170256 0.0587498 4.12878e-06 0.00329011 0.00975053 0.000237965 
0.178389 0.00715953 1.723e-05 0.00102626 0.609472 0.0184022 0.000226997 0.00051296 0.00107124 0.0291159 0.000851526 0.0325448 0.0183699 3.04466e-06 0.016793 0.00397321 0.00556792 0.044787 5.57244e-05 0.00692025 0.000291729 0.00286787 0.00207556 0.000464176 0.0175247 0.00150259 1.33346e-05 
0.147707 0.0451559 0.000856255 0.00756479 0.172096 0.111961 0.000298157 0.00678137 0.00423754 0.0745771 0.000600344 0.0372815 0.0377213 1.56382e-07 0.0289345 0.0603565 0.00567947 0.000579987 0.168835 0.00429974 0.000229346 0.0422007 0.00210801 0.000519684 0.0310265 0.008374 1.82313e-05 
0.188384 0.0370606 0.0259918 0.00325573 0.20329 0.0763695 0.000331773 0.0273323 0.000321804 0.0487676 0.000365974 0.074428 0.100469 0.000129202 0.0228692 0.037934 0.0794554 0.00280834 0.0137928 0.00335942 0.00350242 0.0128571 0.00639373 0.000226117 0.0220572 0.00819718 4.93459e-05 
0.148324 0.00794741 2.01448e-05 0.000278317 0.623542 0.0206154 3.34528e-05 0.00620918 0.000106507 0.0385048 0.000724987 0.0368398 0.0124832 9.69563e-06 0.0149443 0.0047741 0.0302249 0.0253115 0.000438667 0.00779099 0.00055207 0.00349285 0.00089187 8.83004e-05 0.0053781 0.0104647 8.50007e-06 
0.23371 0.00894104 9.10141e-06 0.000205559 0.53952 0.0428945 3.57536e-05 0.000321276 1.50993e-06 0.0135404 4.2156e-05 0.0183101 0.0043431 1.48532e-07 0.0862961 0.000689433 0.0153577 6.23897e-05 8.51986e-05 0.00218371 5.11517e-05 0.0293771 4.1216e-05 0.000292687 0.00310105 0.000585739 2.35527e-06 
0.236526 0.00649447 4.30884e-06 8.41803e-05 0.483181 0.00106825 0.0120835 0.00260807 2.76546e-06 0.0110322 0.0211182 0.0932746 0.00397059 9.41956e-07 0.0474407 0.0117626 0.00597378 0.027087 0.0069597 0.016001 0.000375512 0.00491083 0.000622616 0.00249804 0.00118698 0.00365485 7.74103e-05 
0.175658 0.014439 1.378e-05 0.00137326 0.378881 0.0197273 8.8169e-05 0.00193995 2.34933e-06 0.0182071 0.0040775 0.141824 0.00640529 1.02771e-08 0.0925206 0.0782312 0.00257182 0.0023821 0.000352139 0.00616904 0.000441814 0.0178123 7.01499e-05 0.0133076 0.0217251 0.00133019 0.000448424 
0.142495 0.0107009 2.72627e-05 0.00108999 0.34267 0.00844691 3.73325e-06 0.00020712 9.81152e-05 0.0166695 9.11319e-05 0.271768 0.0376049 1.89273e-10 0.0183885 0.00330943 0.00839941 1.84487e-06 8.36325e-05 0.0480654 0.000247321 0.00110888 7.83243e-05 0.00475995 0.0712222 0.0122405 0.000222101 
0.056432 0.00161987 6.56678e-07 0.00530104 0.189916 0.103523 1.6287e-05 0.0105323 1.87742e-05 0.0121562 0.00892114 0.0844793 0.0357276 2.39585e-06 0.141974 0.0197095 0.174166 0.000272869 0.00444945 0.000973079 9.59061e-05 0.0016158 0.000357734 0.000500774 0.00319231 0.024084 0.119961 
8.12889e-11 1.55305e-10 1.927e-09 4.89109e-10 0.446197 1.54712e-10 1.13273e-09 2.09175e-10 1.70596e-09 0.0125212 1.49789e-09 0.108319 0.310853 1.90839e-09 3.34181e-06 2.34816e-06 3.83462e-10 2.17799e-09 1.10473e-09 2.70253e-06 1.82415e-06 1.40222e-06 3.00724e-10 1.52568e-09 1.94518e-06 0.122096 1.52028e-09 
0.119009 0.0192055 0.000297552 0.000761732 0.212604 0.177023 0.000757586 0.025274 0.00161231 0.0305285 0.00106217 0.0633126 0.0466153 3.57454e-06 0.0491272 0.0277968 0.0797082 0.000277944 0.00506301 0.00210643 0.00962078 0.0920856 0.000839558 0.00726827 0.0038876 0.00635782 0.0177936 
0.0583271 0.0229858 1.82792e-05 0.000679634 0.582829 0.00960155 0.000349352 0.000589246 6.29551e-05 0.0666087 0.000255447 0.0208618 0.0119901 1.79081e-12 0.0178854 0.146686 0.00107814 0.000230062 0.0473745 0.000367742 3.98142e-05 0.00087308 0.00462815 7.52533e-05 0.000750658 0.00485239 1.47031e-08 
0.274856 0.0217618 3.07721e-05 0.000854032 0.428924 0.0120229 5.11535e-06 0.00894021 0.000973218 0.0237367 0.000207193 0.101474 0.0477369 1.28612e-06 0.00777698 0.0181505 0.0133718 0.000201164 0.00118423 0.00625324 0.00637544 0.00160005 0.000227571 0.000791085 0.00350374 0.0189466 9.49821e-05 
4.88858e-05 2.12557e-10 2.63738e-09 2.67833e-06 0.999807 2.11746e-10 2.21708e-05 6.01487e-07 2.33485e-09 2.43687e-05 1.68127e-05 2.16325e-10 1.30105e-05 2.6119e-09 2.11915e-05 1.19349e-05 5.24821e-10 1.3417e-05 1.51197e-09 6.48797e-10 7.92716e-06 4.46205e-10 2.42875e-06 2.08811e-09 7.92638e-06 5.69908e-10 2.08072e-09 
0.125167 0.0484002 0.000156335 0.000627957 0.162504 0.0031189 0.00145565 0.00369146 0.0012623 0.149045 0.00546544 0.0963615 0.0936514 0.0146868 0.0494847 0.0846149 0.0165076 0.00510516 0.011696 0.00583157 0.00145068 0.0675822 0.020139 6.2629e-05 0.00848576 0.0234343 1.07125e-05 
0.0518882 0.0497379 6.26008e-05 0.0120325 0.599335 0.159178 0.000572194 0.000181608 0.000581468 0.0157996 8.45014e-05 0.0367465 0.0429036 1.33927e-06 0.00491155 0.00153559 0.000243785 0.000175239 0.00441008 0.00104665 0.00712292 0.00247252 0.000929395 8.90495e-05 0.00776047 0.000193261 3.92675e-06 
0.013952 0.0271412 1.90131e-09 0.00729781 0.508094 1.52649e-10 6.94382e-07 0.0208059 2.83725e-06 0.0013225 0.00210282 0.14597 0.208121 9.76894e-09 0.00203425 0.0279767 0.001103 6.32154e-07 1.24345e-07 0.00945401 2.3814e-07 0.0157099 2.60562e-05 0.00298075 0.000832269 0.00506444 6.78519e-06 
0.0611497 0.00356938 6.8849e-06 0.00239949 0.203846 0.00148438 0.137019 0.00540617 7.36381e-09 0.0401807 0.18817 0.114805 0.0191019 4.37522e-05 0.0137277 0.00983329 0.0103749 2.02694e-06 0.00133353 0.0961439 0.0366257 0.00147041 3.11394e-05 2.30131e-06 0.0521807 0.000596246 0.000496549 
0.188178 0.00715203 1.36226e-08 5.63481e-05 0.500863 0.034667 1.66897e-06 6.50016e-07 4.85723e-07 0.000365991 1.52502e-05 0.221006 5.23446e-05 1.3491e-08 0.0452174 0.00021718 0.000399831 1.53969e-08 2.97139e-05 0.000346476 2.94949e-05 4.2775e-06 3.91271e-05 0.000737417 1.57282e-06 0.000141724 0.000476269 
0.198716 0.0327433 0.000472026 0.00202441 0.247 0.110307 0.000471156 0.0213107 0.000274 0.0604196 0.000811937 0.0375067 0.064958 0.000819704 0.0243657 0.00665226 0.0344098 0.001354 0.00396454 0.00510895 0.00299165 0.0612876 0.00113107 0.000590031 0.020237 0.0600617 1.0849e-05 
0.0900094 0.00194978 0.000252145 0.000290334 0.530372 0.0072766 4.31634e-05 0.00765976 6.99574e-05 0.00824639 0.116672 0.180024 0.0123546 0.000146077 0.0126863 0.00581034 0.00407103 0.0004388 0.000137781 0.00446826 0.000238719 0.00515793 0.00473121 0.000571651 0.0026103 0.00367888 3.28293e-05 
0.192132 0.0145946 0.000853443 0.00661758 0.228464 0.0379948 2.13443e-06 0.000879567 0.000229096 0.0925538 0.000844172 0.019693 0.101386 0.000750666 0.0800338 0.048281 0.0417163 0.000965772 0.0015616 0.00714269 0.00152678 0.0683963 0.000730423 0.00014656 0.0261424 0.0263595 1.54992e-06 
0.0495331 0.000274217 1.95311e-08 9.661e-05 0.702325 0.0057837 1.43994e-05 5.92723e-05 0.0464113 0.00268904 0.000400965 0.00849346 0.000675549 5.91694e-08 0.0155628 0.158919 0.00331651 3.89556e-08 1.24109e-08 2.60416e-05 1.67209e-06 0.00343719 4.76764e-06 1.57415e-08 0.000345091 0.00162615 3.9927e-06 
0.129369 0.0356 1.71098e-05 0.00392134 0.423107 0.0252925 1.75995e-06 0.0481926 0.0100852 0.037924 0.000552314 0.053829 0.0241318 1.09783e-06 0.0437444 0.0422099 0.017634 0.00211977 0.00638465 0.00635451 0.000581618 0.0121835 0.00580881 0.0106315 0.0593037 0.00101552 2.92097e-06 
4.09754e-05 0.000453903 5.26224e-06 0.000961864 0.688773 0.286908 3.09324e-06 5.71213e-07 0.00441285 0.00237972 0.00279088 0.0034761 0.000281827 5.21141e-06 0.00165083 1.52638e-06 0.000417209 5.94764e-06 0.000716667 1.29451e-06 0.00596071 8.90292e-07 8.21212e-07 4.16631e-06 0.000525761 0.000216334 4.15157e-06 
0.262051 0.00905225 0.000310385 0.000298229 0.312058 0.0321551 0.0169012 0.013252 5.17898e-05 0.0287688 0.00252664 0.0499205 0.0163809 4.38475e-11 0.0374034 0.00968847 0.110129 0.00235644 0.0230148 0.00304011 0.00295749 0.0129103 0.000337009 2.21178e-07 0.00432937 0.0500853 2.06435e-05 
0.206512 0.0387984 0.00115328 0.000856199 0.306265 0.0299633 0.00846402 0.0505791 4.45824e-05 0.0100025 0.000376893 0.0310043 0.0436889 0.000157174 0.0979111 0.0337272 0.0424132 0.000233814 0.00068294 0.00224371 0.00659991 0.038239 0.00718878 4.79557e-05 0.00759175 0.0352039 5.15109e-05 
0.0516429 0.00870464 9.14186e-07 0.000363884 0.622224 0.00217391 0.0328176 0.00694285 6.60032e-05 0.050898 0.0485134 0.125594 0.00170661 4.49566e-09 0.0223939 0.002608 0.000367756 0.000283555 0.00021413 0.0041509 0.0137347 0.00244833 1.57101e-05 7.18269e-06 0.00118472 0.000889838 5.30822e-05 
0.135018 0.0469265 0.000509668 0.0017493 0.226127 0.14733 0.00209502 0.0151635 0.00140299 0.0196944 0.00312281 0.0363471 0.0272623 8.78202e-07 0.0852606 0.0401645 0.045353 0.0123665 0.0210745 0.00184303 0.00473573 0.101625 0.0110629 0.000332772 0.00435402 0.00898537 9.24991e-05 
0.156504 9.49728e-05 6.28251e-12 0.00672388 0.699992 0.0159269 2.18844e-05 0.00564448 9.42584e-05 0.0293712 0.000158491 0.00445453 0.00279298 3.07819e-06 0.0246159 0.0032399 0.0259381 0.00559083 0.000288424 0.000258766 6.57462e-05 0.0022938 1.09632e-06 0.0110539 0.00257876 0.00228417 7.75986e-06 
0.088321 1.954e-09 4.25015e-09 3.17191e-13 0.731368 0.00305994 1.10041e-07 4.54647e-06 4.52499e-08 0.0309523 2.0409e-09 1.28948e-08 0.00908816 1.23761e-12 0.0131272 0.109763 0.00106817 1.41244e-12 3.29625e-09 1.97609e-05 1.18297e-09 0.013216 2.44206e-06 4.91748e-08 9.64006e-06 1.30079e-07 2.93813e-08 
0.0222238 0.0526075 1.75982e-05 0.00254725 0.332679 0.00733548 0.00101947 0.000341258 0.00234893 0.133769 1.55577e-05 0.0648261 0.0265003 3.70261e-10 0.0156049 0.046047 0.00172882 0.00101532 0.0289861 0.0105388 1.2183e-05 0.128358 0.109562 0.000183385 0.007761 0.00394952 2.16661e-05 
0.0933143 0.0511047 0.00766606 0.0123343 0.171582 0.0895832 2.11879e-08 0.00199226 5.11929e-07 0.0912385 0.00114928 0.137782 0.109073 1.25051e-09 0.00159272 0.021451 0.0123417 0.000555866 0.0549032 0.00575442 9.77274e-05 0.0210313 0.00283113 5.35637e-07 0.106422 0.00613875 5.8422e-05 
0.273236 0.0160892 0.000120956 0.00433499 0.289239 0.108962 0.00215387 0.0115248 0.000296624 0.0626859 0.00137134 0.0122761 0.0441099 1.04893e-05 0.0319798 0.0802365 0.00531698 0.000486905 0.00539524 0.00559367 0.000431325 0.0204328 0.00510427 0.00155133 0.010845 0.00618386 3.13726e-05 
0.0878633 0.0288864 2.2639e-05 0.00479851 0.38699 0.160891 0.000724363 0.0272641 0.000520314 0.0338561 0.000278946 0.030689 0.0265258 6.85702e-08 0.0215905 0.0279012 0.0235721 0.0001777 0.00402662 0.00252672 0.0164603 0.0659332 0.0119516 2.87851e-07 0.00525485 0.031286 8.70074e-06 
0.0168847 0.00166256 1.0795e-05 0.00061078 0.325128 0.00313281 0.0102342 0.0102377 1.54008e-05 0.0221032 1.74612e-05 0.0663224 0.0777067 0.00718174 0.0257383 0.296113 0.0155719 9.47616e-05 1.68666e-05 0.000574437 0.000798549 0.000426698 0.00108673 0.0885592 0.00158773 0.00546167 0.0227216 
0.200195 0.0363507 5.94524e-05 0.00477874 0.252817 0.047935 0.00168566 0.0199182 0.00386328 0.0260842 0.00216621 0.0622354 0.0418052 0.00011233 0.048065 0.0357955 0.0393183 0.00959349 0.012714 0.00819129 0.0441445 0.0545152 0.0109289 0.000569693 0.0252018 0.0109345 2.19349e-05 
0.120015 0.0315484 9.58017e-06 0.000823202 0.551947 0.00825793 1.78261e-05 0.0159849 1.23377e-05 0.00481689 0.00492782 0.0757722 0.0149513 6.28452e-10 0.0190306 0.0395239 0.00257184 0.00185616 0.000825031 0.00156018 0.0440581 0.016509 0.00160086 0.0248089 0.00256477 0.015762 0.000244172 
0.118261 0.0202738 0.000183641 0.0363824 0.217019 0.0356832 0.000842412 0.0127762 0.00102007 0.0412035 0.00101643 0.0629367 0.0501729 2.37199e-05 0.0370917 0.0663714 0.0138979 0.0102349 0.045543 0.0111586 0.00642967 0.109972 0.0491714 0.000106703 0.0239678 0.0282074 5.25666e-05 
0.0854977 0.00185959 2.61833e-11 0.0013649 0.499152 0.0539186 0.0908221 0.00202231 2.30917e-08 0.123425 0.00155812 0.00342384 0.0173079 2.59304e-11 0.00783913 2.83512e-08 0.0279236 2.95937e-11 1.48652e-07 0.0175167 0.00364084 0.00494775 4.0628e-05 2.07303e-11 0.0173274 0.0404122 2.0657e-11 
0.101098 0.109397 0.00629778 0.00341203 0.225408 0.0230007 0.000424343 0.00274601 0.00038861 0.0217521 0.00130156 0.198955 0.0241424 1.54169e-06 0.0183385 0.132501 0.0267097 0.00619271 0.000365691 0.0241392 0.0018897 0.00923347 0.00333104 0.00115273 0.0191018 0.0386733 4.60675e-05 
0.143292 0.00557067 9.40864e-05 0.000347275 0.643668 0.0213208 9.24368e-05 0.000720142 1.41832e-05 0.0421968 0.000240412 0.0469722 0.0502252 6.84418e-05 0.0064017 0.00355106 0.00197512 0.000178971 9.82114e-06 0.000924941 5.129e-05 0.0014356 0.0213496 5.72951e-06 0.00164494 0.00749333 0.000155398 
0.106003 0.0171801 9.14766e-06 0.00336892 0.47067 0.00975752 1.94366e-05 0.00121444 2.00149e-06 0.00350612 0.00282955 0.284228 0.00292383 6.30733e-10 0.0500822 0.00159617 0.0138466 0.00016542 0.00222363 0.0020964 0.000493102 0.000332274 0.000107605 0.00452837 0.0160811 0.00616682 0.000567579 
0.267171 0.00102587 9.03628e-09 1.51849e-05 0.306143 0.0214166 8.1631e-09 0.000479829 2.44466e-11 0.00346397 0.000834303 0.22476 4.07591e-05 2.73474e-11 0.0629694 0.00171827 0.00868837 3.84825e-05 0.000225963 0.00537505 6.16496e-05 0.00931882 0.000239403 0.0837581 0.00138074 0.000758798 0.000116852 
0.0957732 0.00768745 4.39211e-05 6.09812e-05 0.817422 1.7921e-07 5.07974e-05 2.34473e-07 5.47745e-08 0.0219768 7.30788e-05 0.00383248 0.00373998 9.42853e-10 0.00114799 0.000338928 3.15478e-05 0.000223197 3.48043e-07 9.3872e-05 0.0461556 1.09604e-05 8.50721e-05 5.42784e-07 0.000883062 0.000367087 1.41246e-07 
0.12357 0.0411583 1.77439e-06 0.00111086 0.549808 0.0100225 7.96716e-06 0.00446289 0.000337891 0.123886 0.000681469 0.0664297 0.0127506 0.000246998 0.0218572 0.005414 0.00210793 0.0013945 0.00104531 0.00588358 0.000463609 0.0163717 0.00252338 1.10175e-05 0.00299621 0.00545546 1.49905e-06 
0.164042 0.0103605 0.000682582 0.00065605 0.330296 0.0592899 0.000435703 0.000665526 0.00396455 0.0696537 8.01014e-05 0.0380921 0.11427 5.54344e-11 0.0250904 0.0493158 0.000938648 8.7048e-05 0.00328933 0.0130303 0.000162338 0.0213507 0.0637182 0.00154981 0.0097018 0.0190924 0.000184194 
0.26634 0.00108294 5.89338e-05 6.71149e-05 0.654736 0.0241154 8.52705e-12 0.000257152 7.92272e-06 0.0122586 2.55949e-05 0.00547006 0.000970237 2.25534e-05 0.0220787 0.00410336 0.00387358 5.04908e-08 0.000360001 0.000262706 9.80611e-05 0.0032665 1.71804e-06 9.41523e-06 0.000387692 0.000144866 1.26548e-06 
0.217807 0.0199706 0.000499621 0.00212704 0.250655 0.0607307 2.09682e-07 0.00608477 0.000220456 0.0553397 0.000222856 0.0926748 0.0686371 0.00536266 0.0314458 0.00162476 0.0748778 0.00123887 0.014907 0.0214117 0.0015724 0.00413485 0.0044951 0.000195331 0.0379956 0.0257523 1.51041e-05 
0.00860191 0.0675485 0.164619 8.49504e-06 0.358031 0.0137849 4.7778e-07 7.3757e-05 0.000775351 0.0021279 0.0240598 0.209939 0.0459669 2.46432e-06 0.00238544 0.026109 0.0264185 2.25938e-06 0.00300385 8.70796e-05 0.000798848 0.0120126 0.0002595 8.91021e-06 0.0109913 0.0223661 1.69413e-05 
0.201303 0.0222138 0.000957945 0.00390663 0.287882 0.0365259 0.0236122 0.00920236 0.000674271 0.0922448 0.00162542 0.0541718 0.0752085 0.000510745 0.0303719 0.0107566 0.0322868 0.00171853 0.00547198 0.00810469 0.00256959 0.0216833 0.00405302 0.00109455 0.0137541 0.0579481 0.000147303 
0.207509 0.0321381 8.97174e-08 0.00204745 0.228952 0.019265 4.07524e-05 0.0199776 3.94015e-05 0.012562 0.0483538 0.0398867 0.0136533 1.41736e-06 0.17349 0.117422 0.0309235 0.00212721 0.000486072 0.000759583 0.00152011 0.0250802 5.65486e-05 5.22843e-08 0.0233081 0.000346809 5.27514e-05 
0.226679 0.0282474 0.000115183 0.0136092 0.278882 0.0440607 0.000614993 0.0185231 0.0004724 0.0649346 0.00136649 0.0752435 0.0304592 3.40713e-05 0.0420627 0.0615579 0.0399295 0.00486338 0.00372736 0.00998463 0.00266231 0.0117651 0.00254677 0.00400398 0.0227579 0.0108235 7.30168e-05 
0.109768 0.00318224 1.44997e-06 0.00122883 0.759896 0.0103258 0.0016866 3.8999e-05 8.46818e-09 0.0114603 0.000709182 0.0198085 0.00178876 8.26332e-12 0.0139578 0.000459903 0.0625566 1.27253e-08 3.55121e-05 0.000193663 2.50749e-05 0.000318385 6.95195e-07 0.000208941 0.0012519 0.000970341 0.000126137 
0.0604572 0.0146394 1.75518e-05 0.000408779 0.520532 0.00136367 0.00053966 0.0196248 0.0205249 0.00746972 4.20072e-05 0.0611124 0.0220459 6.88661e-06 0.107434 0.0217772 0.00426007 0.00227462 0.0116126 0.000629222 0.00846986 0.0753906 0.0354801 7.31243e-07 0.00174853 0.00213049 6.80918e-06 
0.229396 0.00354373 6.63487e-06 2.1524e-05 0.543905 0.00678211 1.91424e-05 0.00160636 5.27789e-07 0.0183875 0.00837651 0.106298 0.0152359 2.76368e-10 0.0110415 0.0234368 0.000386236 0.000193027 1.46714e-05 0.000786484 0.000111402 0.000789604 4.16613e-05 0.00805794 0.00400201 0.0175308 2.86907e-05 
0.0589591 0.123842 0.00199552 0.0182735 0.378072 0.0376166 6.24765e-09 0.00402587 0.000211599 0.0748459 0.00345851 0.0374518 0.0227201 1.68592e-06 0.0616255 0.000181479 0.0491052 0.0225063 0.000123256 0.000538347 0.000603526 0.0110306 1.17097e-05 0.00598008 0.020682 0.0660924 4.49056e-05 
0.038935 0.00342718 5.70437e-05 0.000493032 0.420848 0.0212084 0.0640389 0.000419901 0.000970215 0.183962 0.0120235 0.0463867 0.0554301 8.58258e-05 0.0756657 0.00721383 0.00270994 5.56884e-06 0.000285453 0.0153719 1.9825e-05 0.000242136 4.56488e-05 0.00357562 0.00402475 0.0424134 0.000141155 
0.0932837 0.0339954 3.97988e-06 0.000290084 0.530217 0.0052108 0.000804145 0.0284563 1.17416e-05 0.0272294 0.00127477 0.109951 0.027694 0.000466737 0.0221381 0.0829345 0.0063323 0.000119169 5.40355e-05 0.0112811 0.000985331 0.00175539 0.000248851 0.00766202 0.00245872 0.00478271 0.000358854 
0.0214585 0.00670806 4.38516e-06 0.000219502 0.789719 0.00201488 0.000340762 3.15147e-06 0.000472793 0.0715534 0.0014322 0.0547086 0.0134343 6.59738e-08 0.00163831 0.0129887 7.77925e-05 3.455e-05 0.000174623 0.00817585 0.000397589 0.000181339 0.00788281 2.11142e-06 0.00218192 0.00419365 1.28257e-06 
0.206836 0.00914586 1.10239e-10 0.000992052 0.439743 0.0313339 1.02389e-07 0.101769 1.01389e-05 0.00807913 0.00119808 0.0175993 0.0754856 4.48539e-12 0.0323842 0.00158809 0.0129248 0.00104138 1.17185e-05 0.00316207 3.24056e-05 0.0313876 5.45779e-05 2.21633e-05 0.0118697 0.0133114 1.74481e-05 
0.157448 0.000132836 4.49508e-09 1.73514e-12 0.723842 0.0108024 0.000461578 1.79949e-06 5.56725e-05 0.0262203 9.68957e-09 1.36217e-08 0.00747849 6.77013e-12 0.0196665 0.0365883 0.00432731 7.72656e-12 1.5649e-08 6.59607e-06 1.25268e-09 0.012923 2.57962e-06 5.19492e-08 4.31194e-05 1.37408e-07 3.10407e-08 
0.037469 0.00166093 6.49352e-09 0.00894504 0.819866 0.00041298 0.000211622 0.000117938 3.82989e-06 0.000202481 1.32962e-06 0.000396518 0.0417659 6.43081e-09 0.00690259 0.000318179 0.000215615 0.000130482 3.72265e-09 7.46671e-08 6.99511e-08 0.00228349 0.000230791 1.76042e-07 1.81179e-05 0.0788457 1.58692e-06 
0.0420171 0.000205728 6.81295e-07 0.000137699 0.740302 0.0150695 0.00116874 4.45266e-05 0.034814 0.00438213 0.000311137 0.00637035 0.000506748 8.6815e-08 0.0113425 0.12482 0.00180041 2.11905e-06 7.29294e-11 1.95955e-05 8.04425e-06 0.014995 2.33476e-06 1.57e-08 0.000468743 0.00120755 3.00897e-06 
0.0770461 0.00181372 0.000138084 0.000131618 0.773732 0.0104892 0.00206379 3.89446e-05 2.85056e-06 0.0540495 0.0012864 0.00409021 0.0202749 1.71669e-11 0.00928917 0.014711 0.0244653 1.88728e-08 0.000212488 0.00290328 0.000143024 0.000722794 2.58951e-06 7.23919e-06 0.000289477 0.00205229 4.38943e-05 
0.128908 0.0203017 0.0685259 0.00217975 0.285452 0.0767944 6.74816e-06 0.000243969 0.000245825 0.0743503 0.00126303 0.040565 0.136849 4.74075e-05 0.0341836 0.00220802 0.0277145 0.00566776 0.000602182 0.0102721 0.0060584 0.0160414 0.000136779 0.0403663 0.00933382 0.0116561 2.56378e-05 
0.152603 0.0193445 4.60402e-05 0.00104709 0.531176 0.0717745 4.25341e-06 3.3024e-05 6.0839e-06 0.0990101 0.00407606 0.0128721 0.049955 4.06261e-12 0.0095461 0.00274724 0.00198441 1.98673e-08 0.00103548 0.0205087 0.00074245 0.00872413 8.08225e-05 8.65019e-06 0.00618385 0.00648701 3.08721e-06 
0.132611 0.0175242 4.66475e-05 0.000444178 0.398986 0.023507 0.00204514 0.00184567 0.000167419 0.0804695 0.00142755 0.0779947 0.0599962 6.80543e-07 0.0122492 0.0087496 0.004981 0.000391675 0.0117734 0.00804548 0.000760316 0.0309055 0.000743071 9.70476e-06 0.00827365 0.116047 4.46025e-06 
0.0737965 0.00215184 0.000128717 0.000367558 0.510945 0.0826607 8.54147e-05 0.00209351 0.00124176 0.068462 2.63274e-08 0.00512134 0.0392544 0.000104791 0.0269041 0.0237266 0.0243666 0.000971267 0.00100093 0.000765992 2.06404e-05 0.0215869 0.00406403 4.44513e-05 0.000968575 0.109167 1.43467e-08 
0.052354 0.0216791 0.000496036 0.00206849 0.332987 0.0172003 8.9842e-05 0.00093386 0.00368554 0.171546 0.000354341 0.150164 0.10912 5.24962e-10 0.0387315 0.0178327 0.0026318 0.00105546 0.0014077 0.0168541 0.000470881 0.0239821 0.0132429 0.000321819 0.0124682 0.00828608 3.55646e-05 
0.06498 0.0146042 9.58634e-05 0.00467395 0.39698 0.0196304 0.00161355 0.00359076 0.0020699 0.0276269 0.0122349 0.212162 0.0534337 6.08563e-06 0.0661607 0.0372069 0.00958677 8.22197e-05 0.0157143 0.0165013 0.00017175 0.00155994 0.00801514 0.0149447 0.0120956 0.00292471 0.00133394 
0.154784 0.0151351 4.98019e-05 0.00220706 0.534572 0.0217144 7.24016e-05 0.014431 0.00512333 0.0575277 0.000759726 0.0631734 0.0335881 9.58273e-09 0.0179546 0.0108443 0.00692832 0.00234843 0.0033099 0.00605685 0.0033892 0.0113027 0.00192225 0.000942647 0.0168969 0.0148664 9.87802e-05 
0.019797 0.00241047 7.22989e-08 0.0011671 0.866017 0.00976631 0.000341532 5.41553e-05 0.00642235 0.00184123 0.000272679 0.0239252 0.0445763 7.16007e-08 0.0147557 3.01758e-05 0.00660253 0.000273841 4.1448e-08 7.37108e-05 2.90491e-05 1.22319e-08 9.39055e-06 0.000313214 0.000130606 0.000490675 0.000700004 
0.229559 0.00747625 1.45226e-07 0.00219187 0.306446 0.0114913 2.14779e-07 0.0569562 2.88757e-05 0.00191907 0.00554346 0.261943 2.91436e-09 1.16138e-12 0.0603631 0.00313327 0.0337606 0.00040159 0.000131494 0.00299646 0.000581002 0.00131827 0.000285009 2.06459e-05 0.0128754 0.000543161 3.39122e-05 
0.0676903 0.0364855 0.000209281 0.00104627 0.374887 0.0702162 0.00222392 0.00611795 0.000475339 0.086441 0.000160942 0.10929 0.0570333 0.00065396 0.0556571 0.0155119 0.00266809 0.00121329 0.0123146 0.00953905 1.70247e-05 0.0263072 0.0258938 0.000325907 0.00453259 0.0330802 8.34968e-06 
0.192418 0.0355491 0.00092218 0.000323001 0.328498 0.0171965 0.0123872 0.00190376 5.16632e-05 0.0381442 0.000493418 0.0721997 0.115435 1.30097e-06 0.00786983 0.0159857 0.00287795 0.00157902 0.000120662 0.0324298 0.00151102 0.0405728 0.00192778 0.00015596 0.0145952 0.0647986 5.27248e-05 
0.074089 0.000424171 5.65984e-07 2.08243e-05 0.746714 0.00898776 3.71975e-05 2.9117e-05 0.000121228 0.00922969 2.57209e-07 0.00288647 0.0725292 2.64052e-08 0.0215033 0.0387333 0.00363773 9.21417e-07 0.000294303 0.000158099 3.344e-05 0.0110451 0.0014428 9.6424e-05 0.000582716 0.007378 2.48161e-05 
0.103611 0.00588181 9.84566e-05 0.000526114 0.587219 0.0192229 0.000942909 0.00279575 0.00424804 0.0167931 0.00144881 0.035032 0.0358359 6.41208e-06 0.0263196 0.132451 0.00264131 3.2936e-05 0.000358151 0.00995318 0.000658884 0.00231463 0.00138129 0.00129949 0.00471284 0.00341276 0.000802669 
0.0157667 0.00514301 1.85191e-06 0.000252822 0.721224 3.05915e-07 1.70173e-07 0.00880198 4.20359e-05 0.0186433 3.98488e-05 0.0160426 0.0185816 1.92204e-08 0.00474228 0.184948 9.70862e-05 1.30984e-06 4.5378e-06 0.00154159 2.88299e-05 0.000676027 0.000395758 0.000551135 0.000411083 0.00206211 1.12533e-06 
0.12418 0.00269976 5.21232e-05 0.00037891 0.406674 0.078425 0.00049589 0.0079628 0.00223078 0.0125756 3.49492e-05 0.00726634 0.0180419 5.88201e-11 0.087269 0.00449213 0.0389986 0.000119661 0.00145292 0.00105617 0.000286187 0.199003 3.94956e-05 0.000100915 0.00548051 0.000612395 7.09086e-05 
0.206799 0.0528748 3.73128e-05 0.000897298 0.226804 0.0634061 0.000679233 0.01561 0.00107861 0.0360603 0.000605498 0.0322142 0.0804888 2.06693e-06 0.157937 0.0276353 0.00743548 0.000173828 0.00639693 0.0015598 0.000111256 0.0528366 0.00750883 0.000733559 0.0125875 0.00748073 4.5542e-05 
0.0402542 0.0105041 0.000655556 0.000177825 0.53541 0.00156278 5.22632e-05 0.000860173 0.0278066 0.189714 0.00560786 0.0497623 0.00386459 9.08157e-09 0.0129796 0.0185036 0.000753473 2.92792e-05 0.0221152 0.000403109 0.000232287 0.0734874 0.00461582 7.26034e-09 0.000441013 0.000206624 3.83647e-07 
0.0596967 0.0354162 7.44908e-05 0.00289728 0.54539 0.0446999 3.35395e-05 0.0329211 3.87787e-05 0.0252456 0.00133388 0.154311 0.00258257 0.000197912 0.0107648 0.00241007 0.0228745 0.00445299 0.00221151 0.00959112 0.00201634 0.00421613 4.59779e-05 4.58618e-05 0.0236296 0.0128938 8.72464e-06 
0.0708222 0.0170854 0.00204816 0.00101632 0.456694 0.0218773 0.00371358 0.00145038 0.00208184 0.0451494 0.000382758 0.085759 0.146456 0.00375372 0.0272266 0.00321378 0.0221396 0.00483777 2.5813e-05 0.00686189 0.000187105 0.00598989 5.31111e-05 0.000468874 0.0266233 0.0414987 0.00258382 
