0.150102 0.020754 1.14569e-05 0.0300073 0.0256523 0.388688 7.83918e-07 0.0141061 0.0115653 0.00769412 0.000199866 0.173217 0.0100018 1.47623e-07 0.0254142 0.0317993 0.00543911 0.000209584 0.0096638 0.0153104 0.000426203 0.0264425 8.42892e-05 0.00102419 0.0489441 0.00323379 8.5762e-06 
0.0772321 0.0385008 0.000195539 0.00470041 0.0106645 0.43148 1.94073e-07 0.00158569 3.68801e-06 0.026456 0.00171984 0.314008 0.00551357 1.08068e-05 0.00842794 0.00736077 0.00280328 3.7571e-06 0.000192472 0.00519582 0.00207359 0.00847465 9.03237e-06 2.00924e-05 0.0506443 0.00271957 3.60399e-06 
0.160378 0.0617289 1.49944e-05 0.00371726 0.0147826 0.577791 4.52025e-12 0.0114538 4.87464e-06 0.00125872 6.66924e-05 0.0504307 0.018679 3.7906e-07 0.0244481 0.000766766 0.00894542 0.000375069 0.00654734 0.00173921 0.000124758 0.0328297 3.2752e-05 0.0191773 0.00277477 0.00189937 3.31174e-05 
0.0095779 0.000299659 2.58395e-08 4.35413e-05 0.00125306 0.860211 7.97688e-12 2.27522e-06 3.7704e-09 0.000892433 4.66018e-09 0.00648597 0.043562 1.34392e-11 0.0760415 0.00040833 1.02224e-07 1.53378e-11 6.35681e-07 0.000104988 1.94989e-08 1.29018e-05 1.05686e-06 0.000222114 0.000542847 0.000337878 1.93331e-09 
0.024855 0.00169544 2.15931e-05 0.00101818 0.048278 0.513278 0.000586647 0.0263767 3.59083e-06 0.00908616 0.000119686 0.00116501 0.0116544 5.70135e-08 0.00391567 9.71891e-06 0.0590954 6.32721e-06 0.000837024 0.00114757 0.000545674 0.0410213 4.49912e-06 8.2829e-12 0.0040775 0.251199 1.59473e-06 
0.255991 0.0245869 0.000405136 0.0140492 0.024535 0.382767 0.000229705 0.0106887 0.000101202 0.0285942 6.13429e-05 0.0231703 0.0294427 1.17315e-06 0.0182401 0.00205069 0.0185439 0.00888596 0.00185837 0.00760573 0.000136699 0.113546 0.00134595 0.00457109 0.0193111 0.00926906 1.17997e-05 
0.106551 0.0252515 6.80563e-05 0.00495926 0.00945219 0.816834 1.66168e-10 0.00936084 8.56149e-07 0.0040119 0.000111762 0.00111709 0.0029916 1.88149e-12 0.0109633 0.00052385 0.00149024 5.66927e-09 0.00030961 0.000239073 2.40574e-05 0.0047329 2.16882e-05 3.68547e-09 0.000853243 0.000130023 2.09289e-06 
0.126501 0.0420724 0.000618839 0.031505 0.0248849 0.449556 2.27831e-08 0.0104376 0.00127848 0.0120666 4.00486e-05 0.120752 0.0264743 2.81914e-07 0.0799404 0.00395953 0.00572496 0.00201006 0.00289266 0.00125999 0.0038606 0.0254498 6.57944e-05 0.000185193 0.0254327 0.00300416 2.62817e-05 
0.0596638 0.00333297 6.68964e-06 0.000174954 0.00785363 0.790406 7.61779e-12 0.00190954 9.1936e-06 0.00582891 1.84028e-06 0.00377505 0.0188182 1.28343e-11 0.00704226 0.000110837 0.00956155 2.14233e-05 0.000190358 0.000107496 0.00012317 0.0847171 4.29814e-05 3.29231e-05 0.00220748 0.00405959 2.17867e-06 
0.0470815 0.0277601 1.40894e-05 0.000546302 0.0270262 0.552363 2.02012e-05 0.0201421 8.24511e-06 0.00805875 0.00121792 0.00474326 0.0285657 1.55963e-09 0.0119583 0.00435487 0.0812546 0.000344429 0.00312232 0.0072052 0.000346624 0.011986 2.38823e-05 9.17647e-05 0.00225372 0.159501 1.02273e-05 
0.0911424 0.0934158 8.87809e-07 0.00318977 0.0357524 0.277571 7.57966e-11 5.93782e-05 0.000109995 0.064924 0.071561 0.132089 7.66306e-07 1.277e-10 0.024514 0.00430484 0.00652292 7.95667e-05 0.00113912 0.00405281 0.00144777 0.0484132 0.000617348 0.000688894 0.129147 0.00923909 1.7285e-05 
0.156436 0.0272061 0.000885329 0.00584808 0.0297478 0.187938 0.0007228 0.00531999 6.52658e-05 0.0820466 0.000723308 0.0885503 0.0759969 8.81438e-08 0.0165429 0.0123947 0.123201 0.00190902 0.00626654 0.0052008 0.000372661 0.0911455 0.00259564 4.88755e-05 0.0170478 0.0617824 5.76789e-06 
0.0330678 0.00394028 0.000148297 0.000936904 0.00305101 0.686327 7.74528e-09 0.000153161 0.000476114 0.0012703 6.51727e-05 0.00618206 0.011654 3.0807e-06 0.00235463 0.00230262 0.000833823 0.000633895 0.000224296 0.00134333 0.000919528 0.212901 0.0279917 6.38992e-05 0.0029051 0.000216382 3.46804e-05 
0.0416685 0.000309724 0.000343238 0.0437463 0.00199094 0.660184 9.53448e-12 6.6235e-05 0.00103327 0.0138852 1.26081e-11 0.00569715 0.0876071 1.01995e-08 0.00158691 0.000862998 1.60796e-05 0.000486006 6.08138e-05 0.00110446 4.48161e-05 0.101515 0.0371455 1.78292e-08 0.000437102 0.000208152 9.53438e-07 
0.022083 0.00164 5.38984e-06 0.000802779 0.0523858 0.580526 0.000659694 0.011359 3.38902e-06 0.00837578 9.35352e-05 0.00133893 0.0130331 3.72356e-09 0.00355362 9.17347e-06 0.0570115 4.19602e-06 0.000698815 0.00096195 0.000593879 0.0456359 4.73005e-06 7.23283e-12 0.00327374 0.195944 1.52305e-06 
0.0881977 0.0295315 0.00017369 0.0292328 0.0785312 0.277241 1.18148e-07 0.0149205 0.000889068 0.0266471 0.000473004 0.0816457 0.0437177 2.8493e-12 0.0464784 0.0193628 0.0062021 0.000230444 0.0133378 0.00675496 0.000665766 0.211047 0.00708894 0.00302141 0.0112288 0.00337167 8.90761e-06 
0.136064 0.0515525 0.0230929 0.0177642 0.0360651 0.244514 0.000918707 0.00907394 0.00337827 0.11918 0.0118305 0.0518991 0.0353526 7.0403e-07 0.0226889 0.00317975 0.00262289 0.000442397 0.0176667 0.0263629 8.84557e-05 0.0323673 0.00142429 2.38467e-05 0.141834 0.0106053 5.54877e-06 
0.134545 0.0205041 0.00173333 0.000905782 0.0264437 0.451558 8.13953e-07 0.0130479 0.000426432 0.0395667 1.44539e-06 0.0147313 0.21464 2.58396e-09 0.0236094 0.00142779 0.012733 2.32284e-07 0.000309141 0.00254211 0.000918433 0.00705988 4.96563e-06 3.65026e-07 0.00343743 0.029853 3.05509e-07 
0.34506 0.0284329 0.000266585 0.00379098 0.025849 0.394701 0.00156088 0.00502228 0.000545369 0.0200756 0.000123268 0.0353372 0.0274245 4.86459e-06 0.0141681 0.00563194 0.0191024 0.000252784 0.000692642 0.0114396 0.00240425 0.015482 3.65819e-05 0.000408842 0.0375744 0.0046013 1.06531e-05 
0.0794413 0.0364798 0.000272677 0.00171053 0.0367153 0.340726 0.0697342 0.0155586 0.000963203 0.0685094 0.00128179 0.0350002 0.123205 5.35335e-07 0.0170468 0.00392682 0.00770111 0.00275798 0.0278893 0.0127801 0.0023287 0.0488069 0.00679531 0.00360628 0.0432228 0.0135327 6.37407e-06 
0.0695266 0.0695524 0.00129083 0.00219017 0.0291981 0.273433 4.69462e-05 0.0106691 0.000128015 0.0491767 0.0350057 0.0150175 0.105368 6.44833e-07 0.0149619 0.000174694 0.0324149 0.000142023 0.00619424 0.0200606 0.000120475 0.00775164 0.00246252 2.19682e-06 0.196805 0.0582793 2.61482e-05 
0.0690155 0.0144668 1.29603e-05 0.00194352 0.0208226 0.77658 1.7808e-06 0.0148685 6.97751e-06 0.00467853 0.00163913 0.00996241 0.0123604 5.41207e-10 0.00866372 0.00468294 0.0320422 8.9978e-05 0.00332871 0.00244513 0.000809231 0.0170971 3.54359e-05 1.5522e-06 0.00393861 0.000505347 8.63772e-07 
0.0661093 0.0191086 2.0222e-07 0.00164429 0.0635121 0.345059 2.78966e-07 0.00010238 5.59857e-07 0.0678459 0.0368175 0.235861 0.000714312 1.50632e-10 0.0155466 0.00298596 0.00219652 0.00264549 0.00215734 0.0276672 7.3112e-07 0.0155025 5.55229e-05 7.77155e-07 0.0939874 0.000475052 4.26122e-06 
0.134724 0.0431501 0.000290618 0.00551493 0.00918994 0.537639 2.45862e-10 0.0912939 0.000215351 0.0643123 0.00057353 0.0165986 0.0186145 5.91787e-13 0.0258833 0.00043721 0.00292163 0.000109505 0.00396781 0.00225291 0.00236569 0.0203208 5.5583e-05 0.00253071 0.00922285 0.00781403 1.19658e-06 
0.122934 9.0252e-07 9.00938e-07 9.02225e-07 0.0446755 0.450901 9.01651e-07 9.02472e-07 9.01136e-07 0.164524 0.00072196 0.0627259 0.0957547 9.00954e-07 9.02365e-07 9.02158e-07 9.02319e-07 9.00712e-07 9.01677e-07 0.0163314 0.00207481 0.0277036 9.02391e-07 0.0024344 0.00920605 9.0229e-07 9.01301e-07 
0.102166 0.136154 6.48895e-05 0.0166237 0.0693099 0.145898 0.000231559 0.00683033 7.58323e-05 0.113747 0.00161775 0.123678 0.0577064 1.45453e-08 0.00313636 0.000563296 0.00999754 0.000175754 0.0503901 0.0203501 0.00367692 0.0097554 1.86477e-05 6.30763e-08 0.103453 0.024378 2.62685e-06 
0.272056 0.033342 0.00023829 0.00283809 0.0254457 0.283276 0.00161547 0.0192604 0.000373977 0.0295845 0.00317449 0.0142223 0.0489172 0.000181471 0.0158931 0.00508098 0.0179681 0.000894031 0.00138429 0.044351 0.00176439 0.145807 0.0019565 0.000520275 0.0226625 0.00718321 8.47001e-06 
0.14692 0.0866535 0.000241416 0.00675905 0.0780139 0.29896 0.00564306 0.00636391 0.0199491 0.0325867 0.000446252 0.0290306 0.158288 3.21642e-05 0.0296568 0.00504299 0.02403 0.000309934 0.00566093 0.0160109 0.000589959 0.0219027 0.000413215 0.00247871 0.0190081 0.00496673 4.09186e-05 
0.135018 0.0826949 0.000100134 0.00304155 0.0121309 0.270223 9.15399e-06 0.00343386 0.000266711 0.00992907 0.000896458 0.0970668 0.0316992 1.13405e-07 0.247347 0.00365586 0.00875657 0.000947188 0.00604595 0.0107939 0.00039799 0.0266949 0.00395922 0.0203371 0.0221996 0.00228699 6.69382e-05 
0.0535537 0.0102403 7.27928e-07 0.00370289 0.00982191 0.476811 6.68689e-09 0.00026995 0.000833809 0.050703 8.14717e-05 0.0125183 0.148727 3.52566e-05 0.0136898 0.00176818 0.00202259 5.79462e-05 0.000281664 0.0140835 0.000162098 0.133206 4.79566e-05 8.02093e-06 0.0445599 0.0228112 4.97097e-07 
0.0461717 0.0259284 3.42981e-05 0.0161471 0.0130489 0.550082 2.10617e-08 0.00656392 3.42256e-05 0.0509673 0.00392586 0.0113889 0.0377488 1.48405e-05 0.00300926 0.00914727 0.00412907 0.000468157 0.00023209 0.0319133 0.00190988 0.0137336 0.0117814 0.0917778 0.0556538 0.0141726 1.54449e-05 
0.116804 0.0070971 4.19389e-05 0.000413413 0.132521 0.254666 2.27645e-08 0.0624423 1.39866e-05 0.108228 5.02304e-05 0.0165903 0.118446 6.94142e-09 0.0500662 0.00130675 0.0046488 1.59946e-05 0.00168653 0.00473593 6.96159e-05 0.0868004 0.000203287 4.60379e-07 0.0115038 0.0216469 7.32808e-07 
0.0557161 0.0191646 0.000690322 0.00450835 0.0130212 0.426329 8.3474e-07 0.00745683 2.93376e-05 0.00448128 0.000661916 0.020471 0.00579956 9.34545e-12 0.00392908 0.00241729 0.002147 0.00131385 0.000468282 0.00152805 0.00102709 0.408527 0.000117536 3.35343e-05 0.0174216 0.00273489 4.06095e-06 
0.239759 0.027797 0.00499288 0.00557835 0.0230202 0.287339 0.000312939 0.00335044 0.140166 0.0614879 0.000478309 0.0506969 0.0339297 1.2496e-09 0.00279748 0.00196526 0.00315817 8.19569e-05 0.000471459 0.0265116 0.0014561 0.0515999 4.82277e-05 8.95198e-05 0.0155485 0.0173621 8.23824e-07 
0.0308955 0.028817 0.000171806 0.00631932 0.00131246 0.858321 1.15087e-10 0.0197375 3.5147e-06 0.00163631 9.00352e-05 0.00192686 0.00317893 1.15246e-12 0.00181506 0.000244915 0.000228156 1.04912e-05 0.000543909 0.000673066 0.000197335 0.0398167 3.03748e-05 2.55441e-09 0.00308472 0.000942006 2.70983e-06 
0.214985 0.0379272 6.65535e-06 0.010315 0.023283 0.355782 1.51435e-07 0.0015781 4.33116e-06 0.00470416 0.000434052 0.208888 0.0196899 9.32094e-08 0.083236 0.00480442 0.00200678 0.000224142 0.000447327 0.0124949 0.000187093 0.00371983 2.70918e-05 0.00287355 0.0100808 0.00214042 0.000159294 
0.0480551 0.055701 1.03538e-05 0.0596027 0.0212554 0.314061 8.45679e-08 0.0127751 0.00105634 0.0119866 0.000406987 0.278634 0.00435845 1.4485e-06 0.0617606 0.00955684 0.00273717 0.00055686 0.0210125 0.045256 0.000672597 0.0112594 0.00100155 0.000310415 0.0376776 0.000274847 1.90452e-05 
0.220905 0.00897297 3.7761e-05 0.00146563 0.0424064 0.413872 1.22183e-05 7.63635e-05 5.72189e-05 0.0263962 7.78327e-06 0.16039 0.0524503 2.41925e-08 0.0077915 0.00221904 0.00386645 5.94942e-08 0.00149004 0.00589109 0.000457766 0.00844008 4.00957e-05 4.4341e-11 0.0414812 0.00127045 2.16239e-06 
0.177237 0.000888588 2.99155e-05 0.000204488 0.0142086 0.628828 4.95377e-06 5.66364e-05 2.19882e-05 0.0103412 4.10917e-06 0.00563699 0.0226235 4.24696e-08 0.05766 0.000610658 0.0331034 0.00168597 0.000653072 0.000636724 6.52121e-05 0.0429577 5.50773e-05 3.44407e-06 0.000799179 0.00167933 4.75638e-06 
0.0139178 0.0349693 8.70515e-05 0.00591351 0.000380537 0.93805 5.8301e-07 0.000505101 4.36804e-06 0.000201295 0.000223415 0.000437553 0.00100998 6.21289e-09 0.00115899 0.00017136 2.75635e-05 1.98984e-05 0.000197111 0.000104068 4.90143e-05 0.00202463 1.43688e-05 1.29355e-05 0.000476101 3.54838e-05 7.89197e-06 
0.0307491 0.0278447 2.63125e-09 0.00018774 0.0783279 0.594458 1.5467e-09 5.8948e-05 2.32943e-09 0.0251824 2.04532e-09 0.102854 0.00827512 2.60584e-09 0.0104954 8.91826e-08 0.00178283 1.04701e-06 0.000410832 0.0716411 3.35603e-07 1.13057e-05 1.00363e-05 1.06818e-06 0.0460779 0.00155537 7.39938e-05 
0.119177 0.0466873 0.000465224 0.00635614 0.0457942 0.293565 0.000804085 0.0290078 0.000228113 0.0162864 0.000718959 0.207815 0.0600376 0.00101378 0.0474782 0.00512041 0.0214926 0.000411021 0.0157949 0.0119718 0.00062976 0.0227279 0.000102067 0.000118896 0.0426258 0.00355174 1.78925e-05 
0.0753937 1.92416e-08 1.97181e-05 0.0619188 1.05842e-07 0.61833 5.63919e-12 7.80816e-05 3.15703e-08 0.0172132 7.45712e-12 0.00349701 0.0345867 9.50076e-12 2.4654e-07 0.00287633 9.0726e-09 1.08429e-11 0.000202588 5.88084e-06 3.43007e-08 0.18527 0.000232998 7.59546e-12 1.27657e-08 0.000375181 1.01209e-09 
0.268894 0.000558262 2.43811e-05 0.0374054 0.00319338 0.463062 2.04648e-07 0.000147055 1.82323e-08 0.00860663 5.96523e-08 0.0173131 0.0392163 8.26852e-12 0.00483804 0.00449047 0.000113489 1.72746e-08 0.000701629 0.00112598 2.87233e-05 0.147577 0.000195987 6.5259e-08 9.15765e-05 0.00241536 1.16109e-06 
0.0429378 0.00198904 0.000145637 0.000267035 0.074059 0.648536 0.00212753 0.00183991 0.000152055 0.079027 7.02339e-06 0.00189863 0.0222138 0.000294705 0.0287918 0.0160399 0.0170862 3.18431e-05 0.000362964 0.00655653 2.88767e-05 0.0476607 9.44701e-05 9.95028e-08 0.00436836 0.00348172 1.50209e-06 
0.155069 0.0430407 0.000103472 0.00573189 0.0156912 0.482779 0.000617963 0.0566126 7.27807e-05 0.00752683 0.000119678 0.00855898 0.0231093 1.44925e-08 0.0421522 0.024395 0.0667013 0.0183546 0.00179969 0.00119346 0.00239601 0.0323197 2.32898e-05 6.64415e-05 0.00641112 0.00514583 7.72358e-06 
0.147698 0.061742 0.00202466 0.000190047 0.0407185 0.285489 0.000566984 0.000669629 0.000990367 0.0711072 0.000636939 0.0374598 0.223114 3.29958e-07 0.0141095 0.00919552 0.010486 0.000140777 8.40786e-05 0.0096 0.000113476 0.0213642 8.52358e-05 0.00354922 0.0511654 0.00769563 3.62777e-06 
0.0781298 0.0125204 4.22678e-05 0.0178668 0.00816947 0.700581 7.23004e-12 0.00203523 1.4939e-06 0.00277936 4.15018e-07 0.0202326 0.0301439 1.2181e-11 0.0908223 0.000748337 0.00892973 0.000159668 0.000491185 0.000484932 4.69048e-05 0.00850747 5.87321e-05 0.00853619 0.00507786 0.00360679 2.68554e-05 
0.035826 0.0154803 1.42707e-05 0.00155021 0.00368275 0.845646 2.08921e-10 0.011113 3.12834e-06 0.00312584 0.000298717 0.00202518 0.0135475 6.30307e-10 0.00598781 0.00475692 0.0232982 7.37459e-06 0.00421749 0.000609048 0.000803754 0.0253199 1.80422e-05 3.04268e-06 0.00234245 0.000322037 5.9144e-07 
0.0399867 0.162549 0.000463273 0.00202484 0.095084 0.236493 0.00010261 0.0424278 0.00455694 0.0531312 5.0157e-05 0.00648176 0.0527515 7.2701e-12 0.0668743 0.00451707 0.160904 0.00010132 0.00159369 0.00730911 2.85664e-05 0.0175294 3.50297e-05 0.000162723 0.0109289 0.0339134 1.22565e-07 
0.152455 0.0110931 0.00603121 0.00126827 0.015621 0.351442 0.000183333 0.00509621 0.006338 0.013619 0.000140156 0.0190629 0.0458938 7.03716e-07 0.0495428 0.00205783 0.218498 0.00110272 0.00201071 0.00128329 0.000208489 0.080486 1.62047e-05 0.00012236 0.00563244 0.010786 8.92214e-06 
0.0764075 0.00747758 0.000122495 0.000597649 0.00681545 0.507549 4.51871e-07 0.000339931 3.30816e-05 0.0661184 2.47683e-09 0.00320772 0.26071 1.04187e-07 0.00569551 0.00057598 0.000209694 1.12018e-07 0.00192529 0.0101044 9.15784e-06 0.0310715 8.12472e-06 2.52278e-09 0.0077943 0.0132266 5.9862e-08 
0.136879 0.0689477 9.4165e-05 0.0101596 0.0345696 0.232289 0.000421699 0.00202588 2.66206e-05 0.0191875 0.0016784 0.144512 0.0362463 3.17698e-05 0.016958 0.00887583 0.00715919 0.0113115 0.00337588 0.00788471 0.00106705 0.222376 0.000138308 0.00273615 0.0282158 0.00279305 3.83785e-05 
0.0781359 0.0130721 1.35113e-05 0.000131585 0.22402 0.256696 2.63214e-05 0.000539859 0.000206396 0.0543924 0.000785885 0.0410421 0.0733635 3.78569e-08 0.0163684 0.0122032 0.00072663 9.31259e-05 0.0098856 0.00017303 3.76759e-05 0.14492 0.0548985 0.0135296 0.00178602 0.00284231 0.000111405 
0.144589 0.0816923 0.00358347 0.00783438 0.0497856 0.170788 0.00326735 0.00489483 0.000959997 0.129706 0.000138982 0.0465274 0.0892829 6.21243e-05 0.00962487 0.00315035 0.0201218 0.0273409 0.024844 0.0130286 0.000549487 0.0995273 0.00168969 1.98206e-05 0.0452383 0.0217514 1.22369e-06 
0.208223 0.021829 0.00014916 0.00783585 0.0529963 0.291519 1.6286e-07 0.0154171 0.000328402 0.0117756 0.00013947 0.0239417 0.0235744 1.32522e-08 0.0303033 0.00488277 0.00730727 0.000413071 0.00687419 0.00229305 0.000372892 0.279512 0.00176734 0.000161408 0.00475652 0.00362191 4.87351e-06 
0.250735 0.00560973 0.000286975 0.000227944 0.00668307 0.364816 0.000442798 0.00236303 0.000238807 0.0454729 1.38453e-05 0.00587512 0.195395 2.62147e-05 0.0641749 0.00219274 0.00338267 2.185e-05 0.00110536 0.00858833 7.57241e-05 0.0173537 2.30412e-05 7.48598e-05 0.0155184 0.00930123 2.74977e-07 
0.0596638 0.00333297 6.68964e-06 0.000174954 0.00785363 0.790406 7.61779e-12 0.00190954 9.1936e-06 0.00582891 1.84028e-06 0.00377505 0.0188182 1.28343e-11 0.00704226 0.000110837 0.00956155 2.14233e-05 0.000190358 0.000107496 0.00012317 0.0847171 4.29814e-05 3.29231e-05 0.00220748 0.00405959 2.17867e-06 
0.0263558 0.0284216 0.000287796 0.00924837 0.0041832 0.644888 6.53543e-08 3.75669e-05 0.000467988 0.00643048 3.05263e-06 0.0163588 0.0862289 2.52332e-06 0.00084421 0.0214382 0.000535561 0.000647936 7.50167e-06 0.113215 0.00019056 0.0194139 0.00909643 2.12625e-05 0.0116419 1.30267e-05 2.0784e-05 
0.0331301 2.85468e-06 2.68668e-06 0.000147813 0.0328433 0.305037 1.1145e-09 0.0072701 5.69995e-06 6.85282e-06 1.47379e-09 0.300088 0.00817538 1.87768e-09 0.107643 0.00319888 0.0199191 9.14449e-06 0.0522788 0.000132508 0.00185977 0.120774 0.000251844 8.91489e-07 0.00722272 6.73504e-08 5.44605e-07 
0.0308955 0.028817 0.000171806 0.00631932 0.00131246 0.858321 1.15087e-10 0.0197375 3.5147e-06 0.00163631 9.00352e-05 0.00192686 0.00317893 1.15246e-12 0.00181506 0.000244915 0.000228156 1.04912e-05 0.000543909 0.000673066 0.000197335 0.0398167 3.03748e-05 2.55441e-09 0.00308472 0.000942006 2.70983e-06 
0.20099 0.15035 8.17928e-06 0.00366723 0.0257724 0.210651 1.00187e-08 0.00262907 2.34843e-06 0.0553667 6.49473e-08 0.0634659 0.0888225 1.88871e-05 0.0127451 0.0167583 0.0150919 1.91296e-10 0.000373978 0.0128583 0.00010303 0.0101752 7.51714e-07 5.27599e-07 0.0792121 0.0509368 4.95742e-08 
0.0690155 0.0144668 1.29603e-05 0.00194352 0.0208226 0.77658 1.7808e-06 0.0148685 6.97751e-06 0.00467853 0.00163913 0.00996241 0.0123604 5.41207e-10 0.00866372 0.00468294 0.0320422 8.9978e-05 0.00332871 0.00244513 0.000809231 0.0170971 3.54359e-05 1.5522e-06 0.00393861 0.000505347 8.63772e-07 
0.118844 0.00883372 8.39661e-05 0.000333126 0.142352 0.352057 0.00153254 0.00427271 0.000434528 0.0316267 0.000208546 0.0158825 0.105221 9.82092e-05 0.0602159 0.0358432 0.0265399 5.88227e-05 0.0056443 0.00332061 7.33554e-05 0.0737529 7.19627e-05 5.77839e-06 0.00984228 0.00279871 5.17399e-05 
0.0920139 0.0762677 0.000316512 0.0475536 0.00613046 0.516562 1.24205e-10 0.0626904 3.24971e-06 0.0111285 0.000529126 0.00530387 0.0581094 1.17341e-12 0.0239731 0.000222522 0.00432915 3.50602e-05 0.000402705 0.00180155 1.91959e-05 0.061882 2.6454e-05 1.46101e-05 0.0214131 0.00927028 1.17568e-06 
0.41836 0.00841236 2.50898e-12 0.000914298 0.00720034 0.484506 1.47482e-12 0.000139752 6.4813e-06 0.000937758 1.0325e-05 0.0478616 0.00117878 2.48475e-12 0.0212602 0.00210606 0.0013924 2.83577e-12 0.00109461 0.000241162 7.81784e-06 0.00320028 3.76564e-06 0.000157321 0.000994133 1.29511e-05 1.48642e-06 
0.249932 0.0211385 0.000191613 0.00243558 0.0527122 0.273516 9.37846e-11 0.000327394 2.87763e-06 0.13144 5.4799e-06 0.0494442 0.112772 1.58006e-10 0.0252114 0.000271603 0.000105296 1.68944e-05 3.96838e-05 0.0169463 0.000362548 0.0473555 1.34246e-05 2.44471e-08 0.0128297 0.00292904 7.56327e-08 
0.137948 0.0117779 0.000416317 0.0152124 0.0110766 0.501541 9.37596e-09 0.029247 0.000502366 0.00896883 5.9949e-06 0.0322672 0.141552 7.59691e-09 0.0342538 0.00123123 0.00381482 0.000832363 0.00137852 0.00331628 8.02831e-05 0.0327434 0.0114656 0.00825726 0.00465999 0.0073646 8.71135e-05 
0.0260949 0.121581 0.000862003 0.00773714 0.111776 0.253638 1.0524e-07 0.013457 0.0017536 0.00408432 3.07421e-07 0.0163802 0.0662683 2.22532e-10 0.00705534 2.46649e-05 0.0168385 0.165901 0.000608648 0.0100429 0.000145698 0.0278475 1.00082e-05 2.1626e-07 0.138775 0.00911617 2.07568e-06 
0.240864 0.0182946 0.0008661 0.000751905 0.0376877 0.403441 1.76972e-05 0.00495105 0.00239097 0.0223723 1.76438e-05 0.0121054 0.0285558 1.03377e-06 0.0329491 0.00388076 0.0855082 0.000322746 0.00589067 0.00186399 0.00014297 0.077941 0.000572669 6.72125e-05 0.015158 0.00337256 1.26526e-05 
0.0446854 0.101432 2.34662e-05 0.0055048 0.00726819 0.673412 6.38361e-12 0.0281837 3.62148e-06 0.00166276 7.56095e-05 0.0483164 0.0167292 6.74815e-07 0.00870959 0.000223636 0.00464666 1.38384e-07 0.0101696 0.00167349 6.59466e-05 0.00228451 4.98991e-05 0.0403406 0.00327662 0.00124308 1.7483e-05 
0.0564764 0.0441775 1.9661e-05 0.011475 0.0175448 0.457392 1.21265e-07 0.00385399 3.39636e-07 0.0117268 0.000184244 0.135518 0.0724752 3.25298e-10 0.109485 0.0293011 0.00276069 0.000396759 0.000339312 0.00155538 3.34427e-05 0.000932987 0.000209677 3.52461e-05 0.0387901 0.00423479 0.00108137 
0.0693733 0.0232259 8.37462e-05 0.00586439 0.0249656 0.651182 2.71723e-05 0.00586978 0.000690925 0.0207084 0.00158033 0.0300518 0.0454671 2.63585e-06 0.033669 0.00211601 0.00766058 0.00116946 0.00168037 0.0102242 0.00112538 0.0192771 0.0107792 0.00236672 0.0216248 0.00917665 3.7059e-05 
0.0596638 0.00333297 6.68964e-06 0.000174954 0.00785363 0.790406 7.61779e-12 0.00190954 9.1936e-06 0.00582891 1.84028e-06 0.00377505 0.0188182 1.28343e-11 0.00704226 0.000110837 0.00956155 2.14233e-05 0.000190358 0.000107496 0.00012317 0.0847171 4.29814e-05 3.29231e-05 0.00220748 0.00405959 2.17867e-06 
0.0376311 0.0122797 4.8713e-05 0.000559781 0.00984366 0.785223 1.83756e-06 0.00238943 8.78865e-06 0.0442052 1.95823e-06 0.0152472 0.0123592 2.90299e-10 0.0479146 0.000597742 0.00992727 0.000176839 0.000376399 0.000626626 1.61638e-05 0.0111907 1.43912e-05 0.000133586 0.00546471 0.00373081 3.06997e-05 
0.035826 0.0154803 1.42707e-05 0.00155021 0.00368275 0.845646 2.08921e-10 0.011113 3.12834e-06 0.00312584 0.000298717 0.00202518 0.0135475 6.30307e-10 0.00598781 0.00475692 0.0232982 7.37459e-06 0.00421749 0.000609048 0.000803754 0.0253199 1.80422e-05 3.04268e-06 0.00234245 0.000322037 5.9144e-07 
0.134724 0.0431501 0.000290618 0.00551493 0.00918994 0.537639 2.45862e-10 0.0912939 0.000215351 0.0643123 0.00057353 0.0165986 0.0186145 5.91787e-13 0.0258833 0.00043721 0.00292163 0.000109505 0.00396781 0.00225291 0.00236569 0.0203208 5.5583e-05 0.00253071 0.00922285 0.00781403 1.19658e-06 
0.0764695 0.0464887 0.000648185 0.00738184 0.00110272 0.80003 7.32789e-07 0.000326429 1.42414e-06 0.00745281 6.01435e-05 0.000364595 0.0325674 4.50841e-11 0.00695909 0.000447288 0.00411404 5.41039e-08 0.00138375 0.000210119 0.000104267 0.00449978 5.75869e-05 1.96193e-05 0.000577777 0.00873123 1.27014e-06 
0.0336581 0.00103293 7.87275e-05 3.88493e-05 0.0128607 0.338414 3.67512e-07 2.98912e-06 5.53497e-07 0.169747 4.13793e-05 0.175723 0.14751 6.19175e-07 0.00698256 0.0430615 6.98291e-06 0.000109346 1.03593e-05 0.033304 0.000933262 0.035284 4.53841e-05 1.4885e-05 0.00108178 5.27635e-05 3.41019e-06 
0.0690155 0.0144668 1.29603e-05 0.00194352 0.0208226 0.77658 1.7808e-06 0.0148685 6.97751e-06 0.00467853 0.00163913 0.00996241 0.0123604 5.41207e-10 0.00866372 0.00468294 0.0320422 8.9978e-05 0.00332871 0.00244513 0.000809231 0.0170971 3.54359e-05 1.5522e-06 0.00393861 0.000505347 8.63772e-07 
0.0502236 0.0256245 0.000123315 0.00778634 0.0154987 0.308739 1.21616e-08 0.00500648 5.98269e-06 0.00728611 0.00070237 0.130866 0.0236997 6.66997e-08 0.145769 0.110545 0.0550943 3.17195e-05 0.00164268 0.000978115 0.000136947 0.100543 0.000185579 3.01734e-05 0.00538897 0.00406019 3.18824e-05 
0.112786 0.0187301 0.000192515 0.006902 0.0193789 0.544079 0.000277019 0.00443766 0.00131116 0.0113468 0.000146467 0.0235509 0.110868 1.56232e-06 0.0270743 0.00519685 0.0136973 0.000654653 0.0125366 0.00804589 7.31745e-05 0.0398615 3.57281e-05 0.000104082 0.0346655 0.00404446 2.0334e-06 
0.160489 0.0279171 0.00103467 0.00100894 0.0501744 0.458917 3.52078e-05 0.00300974 2.60843e-05 0.00944462 0.000841889 0.0641287 0.0424621 9.59762e-11 0.00388258 0.0404546 0.0429221 0.000154729 0.000101685 0.00649477 0.0124969 0.0492491 0.00112838 0.00864031 0.00493766 0.0100458 2.16259e-06 
0.0363131 0.0288327 0.000450261 0.000642401 0.0342908 0.284344 4.19535e-09 0.0130009 1.43448e-05 0.0105138 0.0011773 0.0950202 0.0521392 1.48318e-09 0.0704057 0.00528169 0.0663801 0.000158214 0.00202896 0.00194147 0.00108908 0.235985 0.000379808 0.0001925 0.00939658 0.0499241 9.81841e-05 
0.117167 0.0564445 6.89564e-06 0.0119864 0.0227114 0.262925 0.000123482 5.87599e-05 7.40019e-08 0.129365 5.60496e-05 0.0213001 0.101938 1.04786e-10 0.0508548 0.00820528 0.00376016 9.43604e-08 0.0060991 0.117676 9.97172e-05 0.0639751 9.01422e-05 1.87429e-07 0.0173751 0.00778168 2.43577e-09 
0.178549 0.00372662 6.41481e-08 0.00226056 0.0168868 0.231827 5.58136e-09 0.0550883 2.46675e-06 0.00339621 2.74358e-06 0.000670023 0.213289 3.0395e-07 0.000914857 0.0128643 0.0860996 9.77468e-08 0.000351007 0.000989369 2.46998e-07 0.00198251 0.158634 4.57954e-11 0.0317966 0.000591368 7.7034e-05 
0.0924616 0.0258212 9.15268e-06 0.0133464 0.00533892 0.248813 6.18781e-05 0.0278736 4.71661e-06 0.118053 0.00562263 0.0419098 0.00619292 7.08065e-08 0.209812 0.00384258 0.00341569 8.64907e-05 9.25238e-05 0.0137584 0.000372217 0.0180679 4.33132e-05 0.000104914 0.164142 0.0007474 5.80122e-06 
0.0308955 0.028817 0.000171806 0.00631932 0.00131246 0.858321 1.15087e-10 0.0197375 3.5147e-06 0.00163631 9.00352e-05 0.00192686 0.00317893 1.15246e-12 0.00181506 0.000244915 0.000228156 1.04912e-05 0.000543909 0.000673066 0.000197335 0.0398167 3.03748e-05 2.55441e-09 0.00308472 0.000942006 2.70983e-06 
0.0418541 0.00613195 0.00102375 0.000993883 0.0193914 0.287296 0.00262879 0.0260688 7.41205e-05 0.126778 8.33428e-05 0.00447412 0.0631075 2.65087e-05 0.00743029 0.000161334 0.0944905 3.56191e-05 0.000487048 0.0124205 7.98015e-05 0.0438443 0.0066929 0.000433803 0.0250121 0.228978 2.06042e-06 
0.11574 0.023093 0.000523578 0.0053752 0.056228 0.296111 0.00078408 0.0092604 0.00890643 0.0198973 0.0073877 0.050677 0.0532351 3.13187e-07 0.0559312 0.0086341 0.0344807 0.00211148 0.0077888 0.0186614 0.00433572 0.192619 0.000220107 0.00349707 0.0203014 0.00416429 3.59265e-05 
0.0911424 0.0934158 8.87809e-07 0.00318977 0.0357524 0.277571 7.57966e-11 5.93782e-05 0.000109995 0.064924 0.071561 0.132089 7.66306e-07 1.277e-10 0.024514 0.00430484 0.00652292 7.95667e-05 0.00113912 0.00405281 0.00144777 0.0484132 0.000617348 0.000688894 0.129147 0.00923909 1.7285e-05 
0.0446854 0.101432 2.34662e-05 0.0055048 0.00726819 0.673412 6.38361e-12 0.0281837 3.62148e-06 0.00166276 7.56095e-05 0.0483164 0.0167292 6.74815e-07 0.00870959 0.000223636 0.00464666 1.38384e-07 0.0101696 0.00167349 6.59466e-05 0.00228451 4.98991e-05 0.0403406 0.00327662 0.00124308 1.7483e-05 
0.178489 0.0494847 0.000175481 0.00635111 0.0138797 0.421643 6.52917e-10 0.0189552 8.5086e-07 0.00819702 0.00228173 0.181049 0.00851751 1.06379e-07 0.0148077 0.045108 0.0144718 7.55395e-07 0.00158959 0.00112529 0.000213122 0.00587186 9.45583e-05 0.00702982 0.0165706 0.00406727 2.53846e-05 
0.0603694 0.0101072 4.0163e-05 0.000182885 0.00467478 0.612092 0.000647577 0.00129047 1.31968e-05 0.00520603 0.000198625 0.0272654 0.0442817 9.87234e-08 0.0575698 0.00190574 0.00635338 7.46491e-05 4.09302e-05 0.00096432 0.000554164 0.15062 5.10849e-06 0.000152047 0.0116356 0.00373895 1.56807e-05 
0.172258 0.0369918 0.00119957 0.00953286 0.0542941 0.207405 0.000484731 0.0276061 0.000643858 0.0676271 0.000532202 0.0198764 0.178548 0.000132224 0.0279946 0.00510192 0.045656 0.0026776 0.00375279 0.00801833 0.000912189 0.054797 0.00373733 0.00185577 0.0400871 0.0281326 0.000144336 
0.0242883 0.0287656 0.000118022 0.00452373 0.00549926 0.723922 4.3123e-10 0.0148056 4.04965e-05 0.0056813 0.000109498 0.0317912 0.0330724 7.44608e-09 0.0626551 0.000761178 0.00670257 0.00213911 0.000507433 0.00937048 0.000415263 0.0199192 0.00978978 2.9235e-05 0.00999313 0.00507828 2.18584e-05 
0.166598 0.0177013 5.98113e-05 0.0243057 0.00544366 0.353621 0.0088249 0.00765754 5.81989e-06 0.0132802 0.000113217 0.0380354 0.0369817 3.16854e-10 0.105358 0.00460775 0.0304757 0.000413527 0.00581402 0.00128287 0.00405695 0.163214 8.99284e-05 0.00346913 0.00458757 0.0039598 4.26491e-05 
0.155295 0.00502854 6.2364e-05 0.00247686 0.0202935 0.253276 2.47923e-05 0.0157859 3.37266e-05 0.0297217 3.63784e-05 0.0159329 0.0661092 6.36024e-10 0.0632215 0.00243203 0.0470066 0.000615767 0.12868 0.00358517 5.93535e-05 0.129672 4.6835e-05 0.00012295 0.0282079 0.0322706 2.10352e-06 
0.0179556 0.0177942 0.000205155 0.00161045 0.00010066 0.338587 0.000475671 0.00127789 0.00137444 0.00529347 8.7237e-06 0.00399233 0.15479 9.15995e-06 0.000117393 0.000789827 0.0117933 0.0006447 6.58122e-05 0.20483 0.000293281 0.0206357 9.8963e-06 4.70053e-06 0.216247 0.00109182 1.89375e-06 
0.00859229 0.00162588 9.09682e-07 0.0015715 0.00423015 0.565369 9.76894e-07 0.000172485 7.4311e-06 0.00520573 7.78489e-05 0.000373254 0.00726676 1.24771e-10 0.00408168 0.00123603 2.25329e-05 1.27741e-05 0.000185211 0.000846455 8.41581e-06 0.398904 1.86279e-05 4.37318e-08 0.000166517 2.25966e-05 1.53929e-06 
0.148358 0.0905405 9.32852e-05 0.00662352 0.0505886 0.194351 5.13778e-11 0.00520875 0.00013508 0.136215 0.000277508 0.0761071 0.0772138 8.65599e-11 0.0210731 0.00207809 0.100202 0.000469641 0.000464769 0.00356634 1.75588e-05 0.0296982 7.76673e-05 3.5084e-08 0.0147992 0.0418408 1.24704e-07 
0.035826 0.0154803 1.42707e-05 0.00155021 0.00368275 0.845646 2.08921e-10 0.011113 3.12834e-06 0.00312584 0.000298717 0.00202518 0.0135475 6.30307e-10 0.00598781 0.00475692 0.0232982 7.37459e-06 0.00421749 0.000609048 0.000803754 0.0253199 1.80422e-05 3.04268e-06 0.00234245 0.000322037 5.9144e-07 
0.144347 0.0185186 0.000475736 0.00229103 0.0642079 0.218568 1.89186e-11 0.037218 1.75051e-05 0.162004 4.13175e-05 0.00440857 0.153004 2.13527e-07 0.0144136 0.00436061 0.00908417 4.33382e-05 1.13384e-05 0.0102343 1.98423e-06 0.00758291 0.000315105 0.0433428 0.0272272 0.0782729 7.99207e-06 
0.0297665 0.000157649 1.74104e-06 0.00689847 0.00252424 0.503874 2.67836e-12 0.000112207 1.00165e-08 0.00681738 1.29332e-08 0.00271589 0.0269288 1.20255e-09 0.0116729 0.0102394 0.0148791 3.00854e-08 0.000372471 2.9233e-06 0.000173885 0.382484 1.95249e-05 3.6075e-12 3.35537e-05 0.000325535 1.21996e-07 
0.158946 0.0269918 0.000568882 0.00169171 0.021834 0.418432 0.000364667 0.000135882 6.6944e-05 0.170179 4.08461e-07 0.0288548 0.0522754 3.05575e-11 0.00217054 0.000293509 0.0103988 2.77319e-07 0.00253884 0.0142907 7.78868e-06 0.0138823 2.67274e-06 2.18262e-08 0.0751075 0.000964856 1.41263e-08 
0.035826 0.0154803 1.42707e-05 0.00155021 0.00368275 0.845646 2.08921e-10 0.011113 3.12834e-06 0.00312584 0.000298717 0.00202518 0.0135475 6.30307e-10 0.00598781 0.00475692 0.0232982 7.37459e-06 0.00421749 0.000609048 0.000803754 0.0253199 1.80422e-05 3.04268e-06 0.00234245 0.000322037 5.9144e-07 
0.035826 0.0154803 1.42707e-05 0.00155021 0.00368275 0.845646 2.08921e-10 0.011113 3.12834e-06 0.00312584 0.000298717 0.00202518 0.0135475 6.30307e-10 0.00598781 0.00475692 0.0232982 7.37459e-06 0.00421749 0.000609048 0.000803754 0.0253199 1.80422e-05 3.04268e-06 0.00234245 0.000322037 5.9144e-07 
0.224478 0.00304007 1.07038e-07 0.000948711 0.0271445 0.414337 8.16157e-05 5.84785e-05 1.84087e-05 0.158361 9.37613e-12 0.0173958 0.0621779 1.19457e-11 0.00455777 0.000131841 0.00671973 1.36333e-11 0.00117526 0.00535704 1.63037e-05 0.000427817 2.34836e-06 1.70718e-08 0.0723223 0.00124845 1.10458e-08 
0.0953365 0.0457547 0.000471298 0.0187918 0.0523246 0.421985 2.68831e-06 0.0133243 0.00801192 0.0200029 0.000250129 0.0530994 0.0613249 3.11624e-09 0.0938505 0.00425226 0.0246316 0.000819513 0.00268506 0.00154181 0.00118379 0.0300032 0.000107832 0.00909382 0.0337538 0.00736893 2.73641e-05 
0.0597345 0.244718 0.0107772 0.000197328 0.000190881 0.388814 1.81132e-10 4.6286e-05 1.46214e-07 0.0325167 0.0206814 0.0839935 0.0493175 4.95524e-07 0.00638308 5.13413e-05 1.1165e-06 0.00010248 0.00123491 0.0221423 0.00397421 0.00100751 1.37688e-08 0.000314051 0.0737956 3.56292e-07 4.47945e-06 
0.249535 0.00602026 6.1854e-08 0.00019529 0.0255393 0.643057 8.04602e-12 0.000273975 1.21513e-08 0.0110051 0.000170303 0.0292028 0.0222965 1.35557e-11 0.00542523 0.0029647 3.62136e-08 4.70947e-07 2.83279e-05 0.000367166 1.19309e-08 0.00288073 1.67208e-06 0.000547826 0.000476713 4.47336e-07 1.02574e-05 
0.183705 0.012121 1.13256e-06 5.81926e-05 0.0561136 0.303453 1.92344e-07 0.0139363 1.29185e-06 0.0688399 2.88605e-06 0.00354263 0.072494 3.80935e-11 0.113059 0.00653505 0.0604075 2.13901e-06 0.000673774 0.0294123 0.000851723 0.0493051 3.68104e-07 2.37058e-05 0.0195339 0.00592603 6.05623e-07 
0.0338817 0.152148 3.51704e-05 0.00825703 0.00617739 0.599292 3.80354e-12 0.0422752 5.42059e-06 7.26523e-05 8.54122e-05 0.0490406 0.0107925 5.36396e-07 0.0130642 0.000335387 0.00696979 1.31816e-07 0.0152539 0.000878838 3.57887e-05 0.00118014 7.48283e-05 0.0544076 0.00384435 0.00186453 2.61863e-05 
0.0596638 0.00333297 6.68964e-06 0.000174954 0.00785363 0.790406 7.61779e-12 0.00190954 9.1936e-06 0.00582891 1.84028e-06 0.00377505 0.0188182 1.28343e-11 0.00704226 0.000110837 0.00956155 2.14233e-05 0.000190358 0.000107496 0.00012317 0.0847171 4.29814e-05 3.29231e-05 0.00220748 0.00405959 2.17867e-06 
0.0794446 0.0329942 0.00474647 0.00154201 0.0891465 0.418173 9.3061e-06 0.0123943 0.000273779 0.0130619 6.06729e-05 0.00440364 0.0364927 1.83536e-11 0.0369015 0.0030801 0.0529665 0.000333249 0.00562013 0.000587335 7.35303e-05 0.174781 0.00236255 0.000190675 0.0180935 0.0122244 4.24642e-05 
0.0529284 0.0468516 0.00101415 0.000592451 0.0421266 0.268046 0.000140006 0.000665967 3.18871e-05 0.0192994 0.000204071 0.0295154 0.150638 7.95861e-08 0.237401 0.0130475 0.0202781 0.000100569 0.000175652 0.00386502 8.4555e-05 0.02307 0.0391725 0.00195119 0.00632307 0.0423745 0.000102611 
0.040765 0.0297508 2.48787e-05 0.00112955 0.0267713 0.552367 5.93234e-12 0.0111316 4.14256e-06 0.0164596 1.89562e-06 0.0051963 0.065867 2.28941e-09 0.0192292 0.000383698 0.152132 7.69607e-05 0.00205492 0.0014231 0.000267703 0.0253407 1.35074e-05 1.31289e-08 0.00564867 0.0437835 0.000177307 
0.00218259 0.00173766 7.44339e-05 0.000345238 0.00388096 0.851648 2.32871e-11 1.61199e-05 1.09359e-06 0.00643085 3.07943e-11 0.00304602 0.0698483 3.92336e-11 0.0385933 0.000155979 0.000556365 1.32941e-08 3.60782e-06 3.34395e-05 2.09259e-05 5.77533e-07 8.35044e-06 2.24644e-05 0.00649164 0.0149022 4.34713e-09 
0.0416685 0.000309724 0.000343238 0.0437463 0.00199094 0.660184 9.53448e-12 6.6235e-05 0.00103327 0.0138852 1.26081e-11 0.00569715 0.0876071 1.01995e-08 0.00158691 0.000862998 1.60796e-05 0.000486006 6.08138e-05 0.00110446 4.48161e-05 0.101515 0.0371455 1.78292e-08 0.000437102 0.000208152 9.53438e-07 
0.204867 0.0670967 3.28216e-05 0.00341174 0.0071239 0.46264 0.00430167 0.027429 2.36286e-06 0.00530477 0.00192601 0.0251176 0.0615479 1.91182e-06 0.0241285 0.0599926 0.00216847 0.00131146 0.00574712 0.00211874 0.00139859 0.0261128 5.97479e-05 7.13164e-05 0.00330486 0.00278232 2.39785e-07 
0.0346465 0.0139365 0.000228374 0.00069888 0.0171805 0.425742 1.48284e-05 0.0414594 6.02576e-06 0.01179 4.47685e-05 0.0491225 0.0338149 9.1551e-08 0.189569 0.000297681 0.0851313 1.2432e-05 0.00146689 0.00360383 7.82437e-05 0.0548688 0.000121175 8.51086e-07 0.00458074 0.0315804 2.85483e-06 
0.07313 0.00766115 0.000345272 0.000543853 0.0101555 0.567115 0.000264142 0.0031711 7.60486e-05 0.0488891 4.1085e-05 0.0149549 0.101047 0.00893015 0.035516 0.00213102 0.00972014 9.40708e-06 0.000152011 0.0204534 9.20187e-05 0.0193919 1.42084e-05 0.00106664 0.00813804 0.0669895 1.8835e-06 
0.0913993 0.0514476 0.000593917 0.00965598 0.0260292 0.334191 0.0147083 0.00588668 0.000310457 0.0550096 0.00132168 0.137323 0.0493481 5.1593e-08 0.0394614 0.0213191 0.0203872 0.0004062 0.0107246 0.00252449 0.00671384 0.0737133 0.000394283 0.00373725 0.0407777 0.00259977 1.61698e-05 
0.186044 0.000967148 0.00021573 0.0574309 6.66802e-08 0.53859 5.9775e-12 0.000362696 1.76827e-05 0.0351836 7.90449e-12 0.00801841 0.0439721 1.00707e-11 0.00233978 0.00239778 6.25569e-05 1.14934e-11 0.0108643 0.000269133 2.16116e-08 0.111939 0.000116509 8.05113e-12 0.000105249 0.00110278 6.40867e-10 
0.0755373 0.0213484 0.000293817 0.001633 0.0265058 0.575636 4.39136e-12 0.0171998 5.4896e-05 0.0299294 8.11467e-06 0.0366488 0.0488343 7.39844e-12 0.125533 0.00278984 0.00632095 0.000362986 0.00223687 0.00263458 0.000941137 0.00750351 3.62872e-05 2.55619e-05 0.00855661 0.00942672 1.95997e-06 
0.0690155 0.0144668 1.29603e-05 0.00194352 0.0208226 0.77658 1.7808e-06 0.0148685 6.97751e-06 0.00467853 0.00163913 0.00996241 0.0123604 5.41207e-10 0.00866372 0.00468294 0.0320422 8.9978e-05 0.00332871 0.00244513 0.000809231 0.0170971 3.54359e-05 1.5522e-06 0.00393861 0.000505347 8.63772e-07 
0.0790363 0.0163822 0.000369672 0.00797805 0.00977908 0.528181 0.00010047 0.00283241 1.17572e-05 0.0290587 1.25274e-05 0.0262197 0.0661179 1.58118e-08 0.0347686 0.00545957 0.0186857 0.000181735 0.00154384 0.0745289 0.00431548 0.0468168 0.000103673 0.00101311 0.0381922 0.00830867 1.9298e-06 
0.035826 0.0154803 1.42707e-05 0.00155021 0.00368275 0.845646 2.08921e-10 0.011113 3.12834e-06 0.00312584 0.000298717 0.00202518 0.0135475 6.30307e-10 0.00598781 0.00475692 0.0232982 7.37459e-06 0.00421749 0.000609048 0.000803754 0.0253199 1.80422e-05 3.04268e-06 0.00234245 0.000322037 5.9144e-07 
0.137661 0.00214163 3.44238e-05 0.0202001 0.0167939 0.692058 8.73443e-05 0.000439876 0.000926423 0.0251451 0.000569684 0.00133081 0.0255441 6.06563e-10 0.0146872 0.00329184 0.00023908 0.000119299 0.00135544 0.00860067 0.000166061 0.0478395 7.8396e-06 4.93698e-05 0.000572107 0.000139016 6.53928e-08 
0.128255 0.01891 5.14328e-05 0.00520335 0.00334033 0.525414 2.0642e-10 0.00506146 9.36837e-06 0.00195384 0.000153543 0.00319511 0.0186655 1.1327e-12 0.0415625 0.000498905 0.0668013 2.31895e-05 0.000425754 0.000112984 0.000226966 0.177454 8.88372e-06 4.53895e-05 0.00235229 0.000269512 4.83314e-06 
0.0279329 0.0239668 0.00744774 0.0390534 0.0270242 0.386521 4.4504e-08 0.0143153 0.000757535 0.0135426 0.000284378 0.0244879 0.153861 4.2763e-05 0.0780538 0.00570779 0.0296171 0.00285151 0.0102489 0.000837295 0.00011992 0.0653263 0.00364562 0.00144745 0.0282469 0.00977002 0.0448899 
0.118754 0.0122448 0.00131672 0.0076851 0.0157913 0.448939 4.3625e-10 0.00989995 0.000265637 0.00928517 6.80575e-05 0.00330219 0.15103 2.46553e-11 0.0200633 0.00123103 0.00961663 0.00041345 0.00222424 0.000978563 4.21134e-05 0.162239 0.00117095 0.000244378 0.00625109 0.0169398 3.59356e-06 
0.0214824 0.00172671 2.55171e-05 0.00079071 0.0547827 0.570624 0.000693306 0.0143429 4.2432e-06 0.0087345 0.000141443 0.00137683 0.0132132 6.73014e-08 0.00403677 1.14854e-05 0.0576053 7.47546e-06 0.000989204 0.00133385 0.00061022 0.0471362 5.31673e-06 8.8934e-12 0.00344381 0.19688 1.88429e-06 
0.321691 0.00772119 1.55261e-08 0.000623366 0.0231564 0.4565 3.3876e-12 0.000152637 1.45799e-06 0.00288096 2.75309e-05 0.0404006 0.0231608 5.70734e-12 0.0318457 0.000730354 0.00430182 0.000565484 0.000239804 0.00211937 0.000219821 0.0805958 4.36533e-06 0.000469156 0.00130679 0.00126337 2.24947e-05 
0.130527 0.0415688 0.000265826 0.0107459 0.123365 0.150992 3.35297e-05 0.014065 0.00798977 0.0655538 0.000252194 0.117838 0.0449865 5.24594e-07 0.0596523 0.024888 0.00640005 0.000519463 0.0069026 0.00837425 0.00277593 0.115528 0.00128904 0.00392767 0.0567227 0.0047783 5.68217e-05 
