0.000390125 0.0705389 0.00032694 0.00100702 0.00120118 0.000110583 0.799895 0.00860428 7.02035e-11 2.28822e-05 8.81379e-05 0.0892498 0.000256601 8.98398e-09 1.25724e-05 0.0065158 0.000458163 2.1405e-07 0.00781949 0.00029364 0.00433133 0.00363228 0.00239274 0.000668771 0.00198321 0.000151573 4.91298e-05 
0.00624136 0.141144 0.000426243 0.00364329 0.00975407 0.000313486 0.513512 0.0294011 1.78928e-07 0.00210707 0.00198475 0.231036 0.000215488 8.84596e-10 0.00147491 0.0391915 0.000917125 3.88085e-05 0.000927644 0.00184963 0.00258319 0.00777864 0.000621185 0.000624835 0.00405355 0.000137122 2.25496e-05 
0.0284737 0.022871 9.05889e-05 8.7349e-05 0.0927513 0.00452314 0.520334 0.00478577 4.31345e-07 0.0809374 0.0023029 0.0814153 0.0202492 0.000155762 0.00226684 0.00118664 0.00414229 5.00777e-06 1.61876e-06 0.0487772 0.0100049 0.00803918 2.96269e-05 4.06119e-06 0.0605237 0.00604096 1.2576e-07 
0.0929648 0.0126505 1.5391e-05 4.75615e-05 0.26888 0.00183467 0.460513 0.000191584 4.85624e-11 0.076509 0.000293274 0.00614511 0.00589566 1.96819e-07 0.00179541 0.00121292 0.000858122 0.00100449 0.0100681 0.0034186 0.00030743 0.00060152 6.97319e-08 7.19935e-08 0.00374267 0.0510497 1.1337e-09 
0.0892474 0.0578185 7.12688e-05 0.00217943 0.0444076 0.00303748 0.385599 0.00470299 7.67215e-05 0.0584892 0.030908 0.0902362 0.0146391 1.42959e-05 0.00322815 0.0153221 0.00656811 9.50258e-05 6.90744e-05 0.0108828 0.0919366 0.0423243 0.00101063 0.015538 0.00354457 0.0280473 5.68588e-06 
3.0623e-06 7.27533e-06 3.76113e-09 9.54645e-10 2.60441e-06 3.01968e-10 0.880151 6.12813e-07 2.33412e-06 9.4083e-06 3.47937e-05 0.105079 3.79421e-10 3.72481e-09 3.29389e-06 1.85573e-06 7.48441e-10 1.02067e-05 2.15621e-09 4.33023e-05 3.56038e-06 0.0146109 5.87012e-06 6.85198e-06 8.14729e-06 9.835e-06 5.93756e-06 
0.0186702 0.0129454 0.000355335 0.000752879 0.0161839 0.00629252 0.401744 0.0137767 1.69437e-05 0.320577 0.0115927 0.0506734 0.0025764 0.000458885 0.0576387 0.00206572 0.00259128 0.0011343 0.000141125 0.00561153 0.0576076 0.00123451 0.000173486 7.89909e-05 0.0130145 0.00207924 1.21732e-05 
0.107179 0.00427325 8.295e-09 6.98594e-05 0.119735 0.0262073 0.248614 2.96694e-07 7.3435e-09 0.202151 0.00340779 0.0120725 0.0607603 8.21489e-09 3.09971e-07 0.0986133 2.36677e-05 9.37542e-09 1.51412e-05 0.0429761 0.00115591 0.0598713 0.000100627 8.87505e-06 0.00927109 0.00349307 4.76208e-07 
0.00356548 0.001521 1.08488e-05 2.75363e-06 8.94218e-07 0.00271256 0.939953 1.17764e-06 9.60439e-06 0.0132867 8.43297e-06 0.0166349 0.00640252 0.00116915 0.00170884 3.14684e-06 0.000147636 1.22619e-05 0.0010959 0.00518211 0.00204026 1.83546e-06 1.69304e-06 8.58942e-06 0.00109561 0.0034146 8.55904e-06 
0.037823 0.0179316 1.12919e-06 0.000254154 0.0214429 0.00763538 0.523509 0.000272911 2.76514e-07 0.0342837 0.0109297 0.144564 0.0400307 0.0432185 0.010495 0.00363462 0.0119385 0.00690725 0.00117743 0.00720786 0.0178518 0.0128937 0.00138536 0.0232936 0.00213918 0.00740353 0.0117758 
0.00701514 0.0103736 0.000104721 0.000722045 0.16087 0.000580836 0.667251 0.0014314 0.000353232 0.0423971 0.000201097 0.0350721 0.0140762 4.67385e-09 0.00230698 0.01185 0.000830259 5.33413e-09 2.70559e-09 0.00194719 6.95616e-05 0.00245652 0.0211574 0.000120166 0.0152707 0.00347953 6.34713e-05 
0.0805864 0.0224685 5.43067e-06 0.000415431 0.0144327 0.0200945 0.527434 0.00150911 4.00978e-05 0.235828 0.00215992 0.00195768 0.0169346 7.77684e-06 0.00166132 0.00037318 0.0248869 0.00037233 0.0016076 0.00406564 2.68223e-05 0.00675257 1.68696e-05 4.67356e-07 0.0232303 0.0131309 1.25111e-06 
0.00993132 0.0709229 0.000120298 0.000666781 0.0650582 0.0244372 0.414708 0.000619198 0.0001386 0.0509666 0.019517 0.205064 0.0266699 0.00319423 5.11343e-05 0.00144679 0.00833916 0.00420805 0.00401749 0.0450172 0.000540862 0.0112712 1.08521e-06 4.32405e-06 0.0018659 0.0312189 3.33493e-06 
0.0627495 0.00790944 0.000110271 0.00226172 0.100409 0.00146228 0.223892 0.00049604 4.87946e-05 0.0248379 0.000687205 0.206755 0.0342468 1.77703e-05 0.0340289 0.0174907 0.139692 1.74198e-06 0.00390205 0.00466116 0.000696198 0.0142319 5.57911e-05 0.00149143 0.000635345 0.116947 0.000282681 
0.102883 0.0213344 1.88876e-05 0.00158469 0.210435 0.0174316 0.273091 0.0139028 0.000596224 0.181587 0.00150731 0.0333167 0.00691452 2.81632e-07 0.00864495 0.0031049 0.00293195 0.000814777 0.000530561 0.00600295 0.00121657 0.0108446 0.0501736 1.32744e-05 0.013899 0.0371932 2.77155e-05 
0.0850096 0.00261908 4.46055e-06 0.000178061 0.109836 0.00439726 0.256481 0.00210221 6.91768e-05 0.0828781 0.141426 0.0465022 0.00280693 2.11167e-08 0.00530917 0.0395168 0.00366879 0.000136484 2.70705e-05 0.0234878 0.145696 0.0304426 0.00139676 1.85208e-05 0.0108331 0.00514723 9.98171e-06 
0.00483282 0.010504 0.000380029 0.00105547 0.00254795 0.0017669 0.932779 0.00171272 0.000111728 0.0017279 0.000278698 0.0123101 0.00228439 4.34917e-06 0.00426521 0.00216044 0.00572181 0.000167992 0.00079304 0.000933322 8.05385e-05 0.00174805 0.000262041 0.000160764 0.00339499 0.000825082 0.00719098 
0.000390125 0.0705389 0.00032694 0.00100702 0.00120118 0.000110583 0.799895 0.00860428 7.02035e-11 2.28822e-05 8.81379e-05 0.0892498 0.000256601 8.98398e-09 1.25724e-05 0.0065158 0.000458163 2.1405e-07 0.00781949 0.00029364 0.00433133 0.00363228 0.00239274 0.000668771 0.00198321 0.000151573 4.91298e-05 
0.0868906 0.0142041 1.50487e-05 0.000332526 0.0964643 0.0064652 0.648763 0.000319575 0.000108646 0.0176017 0.000828341 0.062468 0.013773 2.84994e-09 0.00263048 0.00306448 0.00062181 0.0278686 1.64124e-05 0.00402865 0.000254588 0.00511548 3.19119e-06 0.000451681 0.00640831 0.00130221 2.27035e-09 
0.104578 0.0227011 2.74996e-05 0.00132074 0.106838 0.0841108 0.324946 0.0151926 0.000508877 0.1408 0.00253774 0.0133985 0.0427199 4.41054e-06 0.0122736 0.00574095 0.00301026 0.0355609 0.00852194 0.0450102 0.00087154 0.0114054 0.00308186 0.000267143 0.0107067 0.00385918 7.02288e-06 
0.000390125 0.0705389 0.00032694 0.00100702 0.00120118 0.000110583 0.799895 0.00860428 7.02035e-11 2.28822e-05 8.81379e-05 0.0892498 0.000256601 8.98398e-09 1.25724e-05 0.0065158 0.000458163 2.1405e-07 0.00781949 0.00029364 0.00433133 0.00363228 0.00239274 0.000668771 0.00198321 0.000151573 4.91298e-05 
0.0346389 2.17199e-10 2.69497e-09 6.84032e-10 0.00452864 0.0784408 0.731801 8.70717e-07 2.38583e-09 0.000513394 5.64034e-06 0.0224236 0.111645 2.66894e-09 0.0129782 7.81708e-10 5.36281e-10 3.04598e-09 1.54499e-09 6.62964e-10 5.83099e-07 1.26201e-05 4.2057e-10 2.1337e-09 6.66423e-05 0.00294409 2.12616e-09 
0.0558797 0.0115153 6.4363e-05 5.66991e-05 0.287498 0.00769641 0.336771 0.000139204 1.10495e-05 0.138554 0.0249005 0.0190098 0.0295635 2.66786e-06 0.00610241 0.00470529 0.0463389 0.000935025 0.000222327 0.00597946 0.000715061 0.0116564 5.46208e-05 5.77271e-07 0.000223347 0.0114038 9.47939e-07 
2.94411e-05 0.00770322 1.4236e-05 4.11685e-07 3.07793e-05 0.00926622 0.882314 5.04883e-07 3.66934e-06 0.0409793 1.89207e-05 0.00852171 0.0332365 1.6063e-06 2.78468e-07 0.00251241 3.22761e-07 4.27034e-05 9.29851e-07 0.00726979 0.00091031 2.74412e-07 2.5312e-07 0.00388269 0.00321777 4.01467e-05 1.27963e-06 
0.160109 0.0262887 7.38023e-05 0.00276912 0.0485645 0.0531061 0.353077 0.0185279 0.000253042 0.172883 0.0018431 0.0143979 0.0131038 7.28046e-06 0.0094671 0.0013703 0.0022217 0.0445737 0.00234632 0.0260474 0.000557002 0.0313466 0.00089773 0.00012823 0.0131555 0.00287134 1.30882e-05 
0.0152245 0.00317433 4.4217e-06 0.00016073 0.173871 0.00273941 0.310827 0.000142327 3.71456e-09 0.234512 0.000631366 0.113152 0.0280677 4.15532e-09 0.000256139 5.95987e-05 0.00346325 4.74235e-09 2.40543e-09 0.00165382 0.00317559 0.0210502 1.46763e-05 3.44017e-06 0.0860577 0.001755 3.71631e-06 
0.00125877 0.00741581 0.00189585 0.00162557 0.0318559 0.0318469 0.33308 0.000217219 7.17034e-09 0.272031 0.0108314 0.158727 0.00519341 8.02117e-09 0.0215153 0.00358016 0.00196326 9.15433e-09 0.0276358 0.0244875 0.0108351 0.0144649 2.28467e-05 9.60553e-06 0.0375812 0.00192578 6.38991e-09 
0.000390125 0.0705389 0.00032694 0.00100702 0.00120118 0.000110583 0.799895 0.00860428 7.02035e-11 2.28822e-05 8.81379e-05 0.0892498 0.000256601 8.98398e-09 1.25724e-05 0.0065158 0.000458163 2.1405e-07 0.00781949 0.00029364 0.00433133 0.00363228 0.00239274 0.000668771 0.00198321 0.000151573 4.91298e-05 
0.0624348 0.0216206 0.000657087 0.000711276 0.0184678 0.0209309 0.237081 0.00212043 0.00996022 0.159953 0.000132468 0.0224996 0.0263455 1.29337e-07 0.00317487 0.112299 0.00346524 4.95415e-05 0.00953644 0.118631 0.00154624 0.0273118 0.121145 3.35028e-06 0.0193606 0.000505109 5.74903e-05 
0.0149469 0.103049 1.28825e-07 0.00880324 0.00954712 0.00273568 0.348783 0.000265056 5.40714e-07 0.00385835 0.0537174 0.335461 0.00327671 4.08597e-08 0.00355278 0.0338785 0.0104142 0.00508294 0.00441335 0.0107665 0.0037256 0.0210051 0.00383961 0.000130783 0.0162313 0.00201323 0.000502257 
0.00280148 0.0214877 0.00126649 0.000431099 0.0182057 5.24972e-05 0.517795 0.0102171 1.27845e-10 5.19136e-05 0.000220904 0.331751 0.000204864 1.43016e-10 0.0123156 0.0250987 0.0197465 0.000614469 6.21321e-05 0.00310796 0.00626362 0.0186521 0.00193404 0.00734933 0.000260293 3.01852e-05 7.96128e-05 
0.00766553 0.0105697 5.55436e-06 9.24396e-06 0.0292419 0.0821592 0.747285 1.85843e-05 7.4728e-06 0.00758292 6.92793e-07 0.0538269 7.8559e-05 9.34639e-05 4.91414e-05 0.000370869 9.14732e-06 1.00735e-06 0.000190186 0.0606695 0.000134945 1.50788e-07 6.37661e-06 2.46372e-06 1.01075e-07 1.31e-05 8.4113e-06 
0.0868906 0.0142041 1.50487e-05 0.000332526 0.0964643 0.0064652 0.648763 0.000319575 0.000108646 0.0176017 0.000828341 0.062468 0.013773 2.84994e-09 0.00263048 0.00306448 0.00062181 0.0278686 1.64124e-05 0.00402865 0.000254588 0.00511548 3.19119e-06 0.000451681 0.00640831 0.00130221 2.27035e-09 
0.0148075 0.00229045 3.994e-07 0.000566202 0.339644 0.000675222 0.356457 2.50937e-05 2.6544e-09 0.219741 5.60299e-05 0.00559186 0.00698353 7.02236e-10 0.00140627 0.000476683 5.40358e-06 8.3118e-07 9.08197e-05 0.00217212 8.84209e-06 0.000589208 0.0200652 1.61873e-07 0.0260058 0.00233861 8.16905e-07 
0.0779179 0.0612321 6.04166e-05 0.000295902 0.0235305 5.73851e-05 0.562765 0.000449306 4.17985e-07 0.00830774 0.00081905 0.0742707 0.0127397 6.70718e-06 0.0126613 0.00497684 2.04655e-05 0.0475017 0.000900023 0.0163448 0.0543983 0.00102264 3.32455e-05 0.000246127 0.0328498 0.00658156 1.00176e-05 
0.0997875 0.0152699 0.00422121 0.00108761 0.0438481 0.00221586 0.349171 0.00129895 4.4003e-05 0.290172 0.00346017 0.0181714 0.0536668 1.22113e-06 0.0156423 0.00202995 0.00183276 0.00315391 0.0119018 0.0231709 0.00688979 0.0107401 4.18519e-05 3.45443e-05 0.0138041 0.0282329 0.000110327 
0.0205643 0.00216776 0.00072411 0.000415167 0.100396 0.0060669 0.466732 0.00125606 0.000281131 0.237226 7.82626e-05 0.00231372 0.0617342 8.73081e-08 0.00445737 0.00210633 0.000397672 0.000195727 0.00142186 0.0415052 0.01244 0.00377208 2.0521e-06 1.42427e-05 0.0138696 0.0198624 6.95523e-08 
0.113444 0.0217144 0.000339921 0.000610409 0.0431318 0.030882 0.411593 0.00239665 0.00371631 0.106319 0.00851898 0.0348051 0.0300431 5.19832e-08 0.0359713 0.00738629 0.00604722 0.000161623 0.00137838 0.0291784 0.000570798 0.0483975 0.000122146 4.15584e-08 0.0238535 0.00632261 0.0330956 
0.129582 0.00406403 5.22863e-07 5.24543e-05 0.142967 0.000297246 0.457911 0.000466131 7.85075e-05 0.1653 5.14655e-07 0.000840159 0.0396136 9.26761e-05 0.00101109 0.0188619 0.000906482 1.41162e-05 0.000431056 0.00166842 0.000135864 0.000981903 0.00112323 2.83718e-06 0.00130515 0.0322356 5.70013e-05 
0.000390125 0.0705389 0.00032694 0.00100702 0.00120118 0.000110583 0.799895 0.00860428 7.02035e-11 2.28822e-05 8.81379e-05 0.0892498 0.000256601 8.98398e-09 1.25724e-05 0.0065158 0.000458163 2.1405e-07 0.00781949 0.00029364 0.00433133 0.00363228 0.00239274 0.000668771 0.00198321 0.000151573 4.91298e-05 
0.181025 0.0290532 8.29336e-05 0.00522477 0.0745279 0.0424467 0.189281 0.00567479 0.000846661 0.10401 0.00558897 0.0720639 0.0351235 1.56469e-06 0.0112036 0.00731741 0.00517115 0.000900111 0.0031468 0.132169 0.00117858 0.00880115 0.000137917 4.31238e-05 0.0721574 0.012801 2.22324e-05 
0.135643 0.00813824 0.000173787 0.00146509 0.0519271 0.0967361 0.197275 0.00296546 0.00206591 0.17263 0.00103264 0.0584247 0.0228934 3.36709e-07 0.0441803 0.0013426 0.0593702 0.0404997 0.00444884 0.0204824 0.00502754 0.015384 4.35397e-05 1.97998e-05 0.0427447 0.0128406 0.00224476 
0.0121693 0.00752653 1.17898e-05 0.000224932 0.0804491 0.00561249 0.647792 0.000328177 0.00901202 0.096062 0.00764719 0.0103968 0.0158339 4.92927e-09 0.000220827 0.0057485 5.79754e-05 0.000636329 0.0127708 0.0575869 2.04532e-05 0.00048035 1.3903e-06 3.94074e-09 0.0292712 0.000139354 3.9268e-09 
0.0141769 0.00388482 1.05544e-05 0.000157923 0.0220983 0.0171286 0.456815 0.0189936 5.8412e-05 0.233998 0.00330784 0.0557397 0.0182459 6.44417e-06 0.0135955 0.00155186 0.00623074 7.07222e-07 2.56812e-05 0.017566 0.00246829 1.17281e-05 2.16244e-05 4.00045e-09 0.112725 0.00117962 1.19462e-07 
0.0380496 0.0237747 0.000422861 0.0108856 0.0577097 0.107271 0.176821 0.0221942 8.06657e-06 0.116411 0.00057759 0.109307 0.049653 3.86577e-06 0.00468696 0.00829969 0.155286 0.000426531 0.00376809 0.00140063 0.0425009 0.0184488 2.86068e-05 4.25126e-05 0.00516402 0.0408116 0.00604668 
0.0127523 0.00165468 3.33472e-09 1.45736e-06 0.263252 0.0592265 0.437078 1.56652e-07 4.66461e-07 0.0710739 0.000323748 0.0115462 0.124563 3.30251e-09 3.9669e-06 5.70468e-07 0.00945476 2.15918e-07 2.98843e-06 0.0055866 0.000422323 3.44203e-06 1.27165e-07 2.64022e-09 0.000855625 0.00219731 2.63088e-09 
0.0320348 0.00568183 1.50351e-05 0.000420947 0.0711306 0.001263 0.729501 0.000969837 9.12068e-06 0.0570251 0.00196045 0.0371531 0.0111144 1.18462e-09 0.00147557 0.00449973 0.00218725 0.000218472 0.000215875 0.00253058 0.000542944 0.00323684 0.027367 9.20573e-05 0.00305368 0.00629428 6.33301e-06 
0.0127523 0.00165468 3.33472e-09 1.45736e-06 0.263252 0.0592265 0.437078 1.56652e-07 4.66461e-07 0.0710739 0.000323748 0.0115462 0.124563 3.30251e-09 3.9669e-06 5.70468e-07 0.00945476 2.15918e-07 2.98843e-06 0.0055866 0.000422323 3.44203e-06 1.27165e-07 2.64022e-09 0.000855625 0.00219731 2.63088e-09 
0.0469666 1.12618e-06 1.12421e-06 1.12582e-06 0.191002 0.0451611 0.423039 0.00214077 1.12446e-06 0.0576594 0.00202556 0.133341 0.0509028 1.12423e-06 1.12599e-06 1.12573e-06 1.12593e-06 1.12393e-06 1.12513e-06 1.12583e-06 0.000676219 0.00686971 1.12602e-06 1.12466e-06 0.0195955 0.020605 1.12466e-06 
0.000390125 0.0705389 0.00032694 0.00100702 0.00120118 0.000110583 0.799895 0.00860428 7.02035e-11 2.28822e-05 8.81379e-05 0.0892498 0.000256601 8.98398e-09 1.25724e-05 0.0065158 0.000458163 2.1405e-07 0.00781949 0.00029364 0.00433133 0.00363228 0.00239274 0.000668771 0.00198321 0.000151573 4.91298e-05 
0.10626 0.00474859 8.36722e-06 0.00412133 0.0808868 0.00222137 0.34528 0.00398356 9.71592e-05 0.246055 0.00222849 0.0366974 0.0307552 9.13215e-06 0.0247127 0.00109006 0.00361533 0.0534711 1.06209e-05 0.021519 0.00338144 0.00135104 0.0136721 0.000903643 0.00354444 0.00913958 0.000235754 
0.0329891 0.000275766 1.17151e-07 5.58161e-07 0.0301058 3.20299e-05 0.405369 1.91579e-07 1.89897e-06 0.297479 4.41074e-08 0.114197 0.0211693 4.44818e-09 0.0141289 0.0171016 0.00018789 5.48042e-06 2.27916e-06 0.013837 0.00977184 0.00248212 0.000795148 7.04631e-05 0.00121194 0.0387834 1.81736e-06 
0.0284071 0.0502998 8.74329e-05 0.00237888 0.0719727 0.0137562 0.33839 0.0313903 0.000406963 0.195903 0.00135128 0.112894 0.0580111 2.77356e-06 0.004039 0.00238935 0.00378049 2.86126e-05 1.1265e-05 0.0220606 0.00182738 0.00125954 0.00437931 0.000253691 0.0488123 0.00590064 6.60012e-06 
0.105647 0.0256983 1.92733e-05 0.000857653 0.171297 0.0250828 0.258152 0.0185315 0.000205462 0.0876801 0.000440377 0.0102562 0.0316347 4.9223e-06 0.0130855 0.129464 0.0261235 0.00329038 0.000205046 0.0148063 0.00109804 0.00516938 0.0161149 0.000120603 0.00428439 0.0506991 3.17045e-05 
0.0692646 0.103753 0.000706071 0.0409577 0.0934646 0.032858 0.203842 2.89052e-05 1.41785e-06 0.083843 5.7572e-05 0.0157481 0.107665 4.62093e-07 0.0121555 0.00598339 0.00341344 0.00190815 4.46003e-05 0.0253256 0.00649696 0.00599822 7.22551e-06 3.69424e-07 0.0113205 0.175151 4.62221e-06 
0.208951 0.0450658 0.000114315 0.00147679 0.11565 0.057794 0.2686 0.0387498 7.68659e-05 0.0801174 0.00716794 0.0470386 0.0422163 5.56572e-07 0.00668311 0.00331798 0.000459493 0.00110502 0.00813503 0.0214099 0.00757645 0.0143841 4.24882e-05 0.000329564 0.0178535 0.0056797 4.07531e-06 
0.0029177 0.111013 0.000114365 0.0014193 0.00505526 0.000112605 0.624269 2.83915e-05 0.00051523 0.107393 0.01516 0.0571836 0.0100349 0.000159299 0.00519215 0.0272378 0.000271132 0.000117454 9.21167e-06 0.00180629 0.0020422 0.0164605 7.45654e-05 0.000258732 0.00682666 0.00410436 0.000223011 
0.157356 0.0374415 0.000513203 0.00593734 0.0678978 0.0744973 0.177145 0.0147518 0.00141007 0.112458 0.00377788 0.0764118 0.0606983 0.000326367 0.0523885 0.00934038 0.0245282 0.00216571 0.00721817 0.0296916 0.00427243 0.0168464 0.00502119 0.000512222 0.0427287 0.0145422 0.000121184 
0.0868906 0.0142041 1.50487e-05 0.000332526 0.0964643 0.0064652 0.648763 0.000319575 0.000108646 0.0176017 0.000828341 0.062468 0.013773 2.84994e-09 0.00263048 0.00306448 0.00062181 0.0278686 1.64124e-05 0.00402865 0.000254588 0.00511548 3.19119e-06 0.000451681 0.00640831 0.00130221 2.27035e-09 
0.0982462 0.0148119 8.83138e-05 0.00118892 0.0362266 0.00117956 0.377156 0.0026808 4.04723e-06 0.0355984 0.00529696 0.0122333 0.142783 0.000777914 0.000417708 0.0179308 0.00114874 0.0257602 1.05127e-06 0.12389 0.00203354 0.000637357 0.000140697 3.09993e-08 0.00512229 0.0102704 0.084376 
0.0469666 1.12618e-06 1.12421e-06 1.12582e-06 0.191002 0.0451611 0.423039 0.00214077 1.12446e-06 0.0576594 0.00202556 0.133341 0.0509028 1.12423e-06 1.12599e-06 1.12573e-06 1.12593e-06 1.12393e-06 1.12513e-06 1.12583e-06 0.000676219 0.00686971 1.12602e-06 1.12466e-06 0.0195955 0.020605 1.12466e-06 
0.123793 0.00405508 2.87805e-06 4.87369e-06 0.0221301 1.81734e-05 0.647756 9.82207e-06 3.89946e-06 0.146808 0.00078626 0.032925 0.0213149 4.93706e-05 2.59788e-05 0.000196121 4.82584e-06 4.65568e-07 3.81556e-06 2.42237e-05 7.13341e-05 6.96901e-08 3.36307e-06 1.2559e-06 4.6714e-08 6.91526e-06 4.40152e-06 
0.0145833 0.0718347 0.000302873 0.0121087 0.00503938 0.00190388 0.653104 0.00818497 3.3896e-10 0.00128074 0.000100681 0.195858 0.000506953 1.82556e-08 0.000787223 0.00593499 0.000599667 0.00385583 0.00649917 0.00134379 0.00340045 0.00775113 0.00192283 0.00121639 0.00164479 0.000200823 3.48838e-05 
0.0346191 0.0220104 4.59221e-06 0.000376259 0.105332 0.000362263 0.560498 0.000378437 1.12565e-05 0.144403 0.0493423 0.02462 0.00904198 1.37215e-07 0.0121055 0.000248864 0.000860407 1.56599e-07 4.25199e-05 0.00916382 0.00926387 0.007127 5.70004e-05 2.7543e-06 0.00962898 0.000455062 4.33494e-05 
0.197443 0.0703262 0.000233281 0.0099932 0.0509626 0.049114 0.22137 0.0376474 0.000164457 0.133834 0.00187443 0.0269458 0.00685465 1.31984e-06 0.0371979 0.00617137 0.00847058 0.0227298 0.0115839 0.0594716 0.00108572 0.00568802 2.41233e-05 0.000314941 0.0161073 0.0243887 1.33074e-06 
0.0279878 0.0710012 3.04427e-05 0.000213821 0.0105662 5.19244e-05 0.312525 2.3367e-05 0.0315613 0.00347793 0.232055 0.224512 0.000225707 0.0334876 0.000133966 0.0013472 1.95173e-05 4.27656e-07 0.0235076 0.0237698 5.35507e-06 0.00106097 0.000664691 1.97976e-05 0.00130119 0.000450697 2.98513e-07 
0.0485468 0.00747819 1.26195e-05 2.22746e-05 0.0181794 0.00904846 0.778661 0.000448335 2.45926e-05 0.0776906 0.000391609 0.0125588 0.0177429 1.00138e-06 0.00230895 3.85439e-05 0.00122634 4.33046e-07 0.000214789 0.00446807 0.000415659 0.00182502 1.67608e-05 8.17028e-06 0.00796854 0.010702 2.74995e-07 
0.0874286 0.00904234 3.66139e-07 0.000135038 0.0985491 0.00101611 0.647056 9.87125e-05 9.40028e-10 0.0889568 0.000330546 0.0105818 0.0240948 1.78799e-07 0.0057868 0.00407768 0.000921771 0.000163091 0.00387875 0.00555725 0.000118728 0.000264935 2.97785e-05 8.40688e-10 0.0082677 0.00364276 2.28969e-07 
0.000390125 0.0705389 0.00032694 0.00100702 0.00120118 0.000110583 0.799895 0.00860428 7.02035e-11 2.28822e-05 8.81379e-05 0.0892498 0.000256601 8.98398e-09 1.25724e-05 0.0065158 0.000458163 2.1405e-07 0.00781949 0.00029364 0.00433133 0.00363228 0.00239274 0.000668771 0.00198321 0.000151573 4.91298e-05 
0.000390125 0.0705389 0.00032694 0.00100702 0.00120118 0.000110583 0.799895 0.00860428 7.02035e-11 2.28822e-05 8.81379e-05 0.0892498 0.000256601 8.98398e-09 1.25724e-05 0.0065158 0.000458163 2.1405e-07 0.00781949 0.00029364 0.00433133 0.00363228 0.00239274 0.000668771 0.00198321 0.000151573 4.91298e-05 
0.0543272 0.0219753 1.06718e-05 0.000168413 0.0279281 0.0039236 0.640082 0.00589281 2.3415e-07 0.17209 0.000254067 0.00336296 0.0136286 3.47502e-09 0.0012079 0.000338692 0.000465433 0.000125663 0.00355262 0.0313928 0.000188211 0.00208894 4.87036e-06 2.15711e-05 0.00943279 0.00753673 5.25849e-08 
0.18573 0.163808 0.000198103 6.85495e-05 0.10066 0.00347817 0.23044 0.0023549 0.0513846 0.0251224 0.000310537 0.00312296 0.0545768 1.00915e-09 0.00563338 0.0226372 0.00319899 0.00233356 0.00607058 0.0546846 0.00843546 0.0402908 3.21167e-08 2.18787e-05 0.00175774 0.0336655 1.49504e-05 
0.118743 0.0530277 4.69791e-05 0.00113946 0.154875 0.01237 0.218715 0.012853 0.000231042 0.0810638 0.0227625 0.0951997 0.0490665 9.68549e-07 0.00932686 0.00405535 0.0149041 0.000389756 0.00525531 0.0148602 0.0035759 0.0305182 4.38594e-05 0.000390565 0.0258208 0.070763 2.27665e-06 
0.0771981 0.00942245 0.000119775 9.09901e-08 0.0460197 0.0236874 0.308424 1.46365e-06 0.000740265 0.054145 5.37851e-05 0.105205 0.0341184 3.55022e-07 0.254666 0.0110202 0.0163616 0.00431471 6.78651e-06 0.0121954 0.00984914 0.00254557 0.00332053 0.000100284 0.0165773 0.00977471 0.000132192 
0.0817177 0.0161045 9.56375e-05 0.065863 0.028436 0.00824522 0.162676 0.117175 0.00143253 0.0167817 0.000535898 0.135935 0.0630592 1.06225e-05 0.0735113 0.0272378 0.0175065 0.00368684 0.13578 0.0164015 0.00013293 0.0177265 0.00481211 0.00125452 0.00289535 0.000610834 0.000376219 
0.0532257 0.00151128 1.38337e-05 3.9134e-05 0.105522 0.00292697 0.668138 8.32435e-06 5.28298e-05 0.110749 0.0141379 0.00469283 0.00365922 9.31954e-10 0.00121244 0.000225944 0.000471532 3.19101e-05 0.0062293 0.00435995 0.000289524 0.016036 1.03818e-05 6.7562e-07 0.00448321 0.00197199 6.25582e-08 
0.017176 0.0166326 1.64868e-05 0.000305937 0.0163294 4.68615e-05 0.585487 0.0220901 8.42921e-05 0.12988 0.0119151 0.0392623 0.00132107 1.54586e-07 4.10561e-05 0.00380668 0.000221941 1.76425e-07 0.000190657 0.122752 0.0301808 0.000388556 0.000135731 0.000274407 0.00132741 0.000109304 2.48058e-05 
0.0178278 0.0437443 3.68592e-05 0.000474925 0.00616332 0.0307194 0.368795 0.000190351 0.000250399 0.121919 0.00784148 0.133715 0.0478822 1.32693e-05 0.00478292 0.0135101 0.00981305 0.000157852 0.00133477 0.0782377 0.000951945 0.0961258 0.00440609 0.00040729 0.00974886 0.000915016 3.5722e-05 
0.0421507 0.0118593 2.72454e-05 8.81859e-05 0.185991 0.00838231 0.377649 0.000123919 2.07975e-05 0.163999 0.0345003 0.0264872 0.0405279 2.14628e-06 0.00367086 0.00747294 0.0528075 0.000495936 8.92562e-05 0.00392161 0.0130799 0.00590469 4.42149e-05 2.67807e-07 0.000178971 0.0205236 1.45362e-06 
0.178255 0.00447631 0.000249719 0.000223537 0.0650349 0.0148557 0.378701 0.00117912 0.0141451 0.171952 0.00142388 0.0253304 0.0527933 7.61315e-05 0.00695316 0.0440852 0.00207062 0.00140706 0.000175219 0.0254107 0.00143768 0.00534415 3.6257e-05 0.000709348 0.00201029 0.00165549 8.48534e-06 
0.060557 0.00528714 6.69335e-05 0.000432777 0.0726899 0.00614025 0.478626 0.000283022 8.53701e-06 0.0968618 0.00845756 0.0711641 0.023126 4.22465e-09 0.00145889 0.0235887 0.00348576 0.000417985 5.80726e-06 0.0131267 0.000167623 0.0360943 3.36901e-05 3.37744e-09 0.0513407 0.0465778 6.75062e-07 
0.0639608 0.0181596 0.00195937 0.00111089 0.110967 0.00994483 0.217803 7.07584e-05 0.000292411 0.00584873 0.00538976 0.200828 0.0245967 1.02313e-07 0.00494868 9.86396e-06 0.0237116 0.00942471 5.9227e-08 0.00417397 0.000203194 0.0655191 3.64505e-05 1.53073e-05 0.0283966 0.202625 3.58305e-06 
0.139433 0.0128078 2.35327e-06 9.69542e-06 0.0447705 0.00971224 0.626693 3.9104e-06 2.86368e-07 0.0492547 7.01477e-05 0.0404849 0.00585697 0.000345014 0.0502723 0.000180881 0.00283123 6.16853e-06 4.05026e-05 0.00267397 6.93492e-05 0.0111379 4.2247e-06 0.00161678 0.000522061 0.00118588 1.38199e-05 
0.0532257 0.00151128 1.38337e-05 3.9134e-05 0.105522 0.00292697 0.668138 8.32435e-06 5.28298e-05 0.110749 0.0141379 0.00469283 0.00365922 9.31954e-10 0.00121244 0.000225944 0.000471532 3.19101e-05 0.0062293 0.00435995 0.000289524 0.016036 1.03818e-05 6.7562e-07 0.00448321 0.00197199 6.25582e-08 
0.000390125 0.0705389 0.00032694 0.00100702 0.00120118 0.000110583 0.799895 0.00860428 7.02035e-11 2.28822e-05 8.81379e-05 0.0892498 0.000256601 8.98398e-09 1.25724e-05 0.0065158 0.000458163 2.1405e-07 0.00781949 0.00029364 0.00433133 0.00363228 0.00239274 0.000668771 0.00198321 0.000151573 4.91298e-05 
0.000390125 0.0705389 0.00032694 0.00100702 0.00120118 0.000110583 0.799895 0.00860428 7.02035e-11 2.28822e-05 8.81379e-05 0.0892498 0.000256601 8.98398e-09 1.25724e-05 0.0065158 0.000458163 2.1405e-07 0.00781949 0.00029364 0.00433133 0.00363228 0.00239274 0.000668771 0.00198321 0.000151573 4.91298e-05 
0.181654 0.0573603 5.31612e-10 4.76352e-05 0.0578331 2.31626e-05 0.328989 0.0134995 0.000110275 0.208631 0.00444316 0.0453575 0.00610706 1.0214e-07 0.00781892 0.00119377 0.00206808 0.000781511 0.001666 0.0468034 0.00178288 0.00857774 2.04372e-06 2.36189e-06 0.0131452 0.012103 9.27775e-08 
0.000390125 0.0705389 0.00032694 0.00100702 0.00120118 0.000110583 0.799895 0.00860428 7.02035e-11 2.28822e-05 8.81379e-05 0.0892498 0.000256601 8.98398e-09 1.25724e-05 0.0065158 0.000458163 2.1405e-07 0.00781949 0.00029364 0.00433133 0.00363228 0.00239274 0.000668771 0.00198321 0.000151573 4.91298e-05 
0.0393349 0.00173574 4.00391e-06 0.00042565 0.129196 0.000826205 0.616222 2.18274e-06 1.08327e-05 0.0881205 0.0340371 0.0379266 0.00903782 4.83461e-08 0.0120932 0.000248008 0.000854542 5.5176e-08 4.16362e-05 0.00879919 0.0092559 0.00941648 0.000108264 2.3872e-06 0.000823405 0.00144592 3.2369e-05 
0.0397558 0.0715253 3.66964e-05 0.0119594 0.136549 0.00717009 0.36839 0.0146563 0.000106562 0.0297189 0.000425671 0.036026 0.00151042 1.84377e-06 0.00280694 0.00780803 0.00492302 3.26849e-05 0.0247216 0.0404433 0.00175474 9.70583e-05 8.50061e-06 4.49181e-06 0.199039 0.000526796 9.32585e-07 
0.0049169 0.000257024 1.68733e-10 2.39893e-07 0.0295133 0.000427743 0.867089 6.57467e-07 0.000326185 0.0943097 0.000108389 0.00127967 0.0008837 1.0072e-07 0.000257056 4.11666e-07 6.2208e-09 1.90711e-10 1.24695e-05 7.24666e-05 7.68941e-06 2.77979e-05 3.68289e-09 1.33592e-10 0.00022343 0.000286103 1.3312e-10 
0.243864 0.0207126 1.66387e-05 0.0232219 0.0284187 0.00637171 0.338254 0.0404573 6.08767e-05 0.066875 0.000944245 0.00262442 0.139904 6.11687e-06 0.00237295 0.000203886 0.000135648 0.000238104 0.00138037 0.0423085 0.000400238 0.000995326 2.51376e-05 4.18852e-10 0.0401678 4.07492e-05 4.1737e-10 
0.0845087 0.0119305 4.63222e-05 0.00241618 0.0132391 0.0250569 0.644236 0.0205699 1.99806e-05 0.0481158 0.000339519 0.00957911 0.0545008 6.61428e-05 0.0208549 0.0116054 0.0006635 0.00201473 0.00104541 0.0393799 0.000336919 0.00439461 4.97178e-05 2.11693e-06 0.0044684 0.000559524 7.75322e-08 
0.0954077 0.0045593 2.178e-07 0.000289048 0.0711598 0.00682214 0.478958 0.00137763 0.0745696 0.158858 0.000147806 0.0466977 0.001101 3.0504e-06 0.0147482 0.0015761 0.000185932 4.87149e-05 1.71433e-06 0.00647038 0.00128582 0.000149524 1.04189e-05 1.50778e-05 0.0328904 0.00266013 6.87172e-06 
0.200564 0.0051544 1.71979e-05 3.54835e-05 0.0148949 0.0892561 0.339591 0.00992467 1.25288e-06 0.101013 0.00363131 0.00257407 0.0176107 0.00054025 0.00900445 0.0392699 0.000725457 0.0263447 0.00174443 0.00411012 0.0010554 0.125383 0.000128625 5.03214e-05 0.00605309 0.00132239 9.25973e-08 
0.000390125 0.0705389 0.00032694 0.00100702 0.00120118 0.000110583 0.799895 0.00860428 7.02035e-11 2.28822e-05 8.81379e-05 0.0892498 0.000256601 8.98398e-09 1.25724e-05 0.0065158 0.000458163 2.1405e-07 0.00781949 0.00029364 0.00433133 0.00363228 0.00239274 0.000668771 0.00198321 0.000151573 4.91298e-05 
0.0450491 0.0329684 0.000117947 0.00110087 0.0693693 0.00845402 0.480257 0.0133426 3.92024e-05 0.141826 0.0048558 0.0307625 0.0270924 9.85013e-11 0.00347721 0.00167565 0.00383181 6.66451e-05 0.00191955 0.00426031 0.00096513 0.0586774 6.30307e-05 6.90004e-06 0.0377126 0.0321018 6.51184e-06 
0.0708635 0.0465307 0.000168205 0.000416735 0.121846 0.000502702 0.462763 0.0174231 1.43387e-06 0.170346 0.00101518 0.008753 0.0192653 0.0026243 0.0125663 0.00572032 0.00635138 0.000143525 0.0144113 0.0029046 8.1171e-05 0.0165765 1.58475e-05 9.63254e-06 0.00643824 0.0122618 3.02563e-08 
0.0693852 0.085596 2.45998e-05 0.00312417 0.0473966 0.00121809 0.324915 0.0296874 0.00174811 0.150386 0.0303354 0.17086 0.00964589 3.05697e-07 0.00692658 0.00121389 0.000993819 0.00116 0.000547985 0.0165277 0.0059995 0.0177383 0.00010469 3.17815e-05 0.0152201 0.00901802 0.000195162 
0.000200056 1.3527e-07 1.67841e-06 4.26012e-07 1.30791e-05 0.00075669 0.945402 1.82191e-07 9.68711e-05 0.0315794 1.30466e-06 0.000801887 0.0162636 1.6622e-06 1.81389e-06 0.00321406 3.33993e-07 1.89702e-06 9.62211e-07 0.0010032 0.000260764 0.00028283 2.61929e-07 1.32886e-06 0.000112197 3.62686e-07 1.32416e-06 
0.0329978 0.000278668 2.22838e-07 1.03587e-06 0.0301148 4.63349e-05 0.274484 2.77675e-07 3.56589e-06 0.267732 8.42159e-08 0.270293 0.0625802 1.13334e-08 0.0141327 0.01714 0.000191513 1.02869e-05 4.22838e-06 0.0138425 0.00979143 0.00248622 0.00168261 7.43817e-05 0.00163231 0.000476116 3.37267e-06 
0.0522224 0.0219534 5.58694e-05 0.00048748 0.0474626 0.0226874 0.230864 0.00119687 8.93519e-05 0.222855 0.0111241 0.158394 0.0857453 1.3389e-06 0.00819553 0.00500654 0.00896397 0.00107358 0.0244104 0.0125581 0.0275887 0.00430589 0.000613095 1.31038e-05 0.0370003 0.0151288 2.17185e-06 
0.0540728 0.000621524 0.00554409 1.18964e-07 0.000229866 0.00125533 0.716797 0.0328257 0.000305784 0.0108428 0.0111171 0.11948 0.0367199 7.48172e-05 0.000393936 0.000138664 0.0027131 0.000307891 0.00247045 0.00308573 6.10482e-05 6.82915e-06 1.57268e-05 0.000124209 5.5062e-05 0.000268376 0.000472066 
0.0636488 0.00738534 0.000111227 0.000690534 0.142024 0.00512215 0.328452 0.00369697 1.63117e-05 0.160277 0.00865018 0.146543 0.0379921 8.96553e-06 0.00632216 0.0265697 0.00838318 0.000169785 0.000630626 0.0124479 0.00357366 0.00174759 0.0151577 5.27958e-05 0.012261 0.00800316 6.18266e-05 
0.0532257 0.00151128 1.38337e-05 3.9134e-05 0.105522 0.00292697 0.668138 8.32435e-06 5.28298e-05 0.110749 0.0141379 0.00469283 0.00365922 9.31954e-10 0.00121244 0.000225944 0.000471532 3.19101e-05 0.0062293 0.00435995 0.000289524 0.016036 1.03818e-05 6.7562e-07 0.00448321 0.00197199 6.25582e-08 
0.00513841 0.000814674 4.61643e-05 0.000161023 0.00978106 0.00163631 0.660683 8.76101e-05 0.000141349 0.00126646 0.0390808 0.12249 0.013031 2.89727e-07 0.00117397 0.00836563 0.0166104 0.000131472 0.000911303 0.0010243 0.000162341 0.0337203 5.56305e-05 0.000495871 0.000283398 0.0823999 0.000306781 
0.139378 0.0150197 4.14035e-05 0.00155577 0.0708368 0.0172765 0.411606 0.00316524 0.000681726 0.0760534 0.00839057 0.0361368 0.0472701 8.9972e-05 0.0196519 0.0204402 0.000477753 0.0635469 0.0165004 0.0311021 0.00100019 0.00918812 2.12445e-06 1.03537e-06 0.0041121 0.00647476 8.13809e-08 
0.013606 0.0109192 0.000184551 0.000956283 0.0225269 0.00636572 0.344729 0.0102152 1.20641e-05 0.309994 0.0126082 0.0759084 0.0029974 0.000414013 0.0688654 0.00305877 0.00376193 0.00196143 0.000225956 0.00853788 0.0820797 0.00207033 0.000190724 0.000196169 0.0163764 0.00121899 1.95309e-05 
0.130665 0.0192559 1.33451e-08 0.000704918 0.193886 0.000890755 0.486687 0.00265475 2.87767e-06 0.128662 0.00197519 0.00439716 0.000698857 4.51314e-10 0.00515508 0.000121615 0.00212604 1.63735e-05 5.42649e-05 0.0054328 0.000396356 0.00400782 4.29228e-06 3.60807e-10 0.0057672 0.00643681 2.43616e-08 
0.140334 0.045822 0.00129496 0.00123556 0.150326 0.0285328 0.250134 0.094171 0.0053772 0.0683451 0.00201769 0.023224 0.102101 3.81038e-05 0.0157988 0.00296135 0.00908564 0.000671432 0.000244576 0.00733538 0.00387884 0.0153526 0.0168119 0.00013046 0.0122876 0.00196774 0.000519857 
0.0594294 0.0118579 4.52907e-06 0.0916337 0.133083 0.0198744 0.225005 0.0100666 3.16664e-05 0.0915031 0.104115 0.0963825 0.00039818 1.14985e-07 0.00017566 0.00430195 2.15163e-07 0.000151388 0.00056874 0.0155114 0.107409 0.0020544 1.6603e-05 2.00894e-05 0.023779 0.00262248 3.56783e-06 
0.177917 0.0467225 6.38969e-05 0.00258106 0.0754917 0.0733261 0.20042 0.0308294 8.99849e-06 0.0474409 0.00575551 0.0701282 0.0501535 8.81745e-07 0.0264787 0.0882716 0.00155505 4.08193e-06 0.00246806 0.00624885 0.000551789 0.0223002 0.0422832 0.0030593 0.0159375 0.00887567 0.00112691 
0.00766553 0.0105697 5.55436e-06 9.24396e-06 0.0292419 0.0821592 0.747285 1.85843e-05 7.4728e-06 0.00758292 6.92793e-07 0.0538269 7.8559e-05 9.34639e-05 4.91414e-05 0.000370869 9.14732e-06 1.00735e-06 0.000190186 0.0606695 0.000134945 1.50788e-07 6.37661e-06 2.46372e-06 1.01075e-07 1.31e-05 8.4113e-06 
0.150206 0.00250942 6.5586e-05 0.000166869 0.146335 0.00623006 0.27233 0.000752169 3.99702e-06 0.10894 5.40746e-05 0.00965635 0.0430982 0.000365567 0.012764 0.0412355 0.00155227 6.04496e-06 1.97725e-06 0.195317 0.00181149 0.00128356 1.88135e-05 1.98113e-07 0.00100462 0.00428902 1.36076e-06 
0.0110731 0.00851426 0.000373133 0.0829798 0.0344195 0.00178436 0.543896 0.00164944 1.40085e-05 0.0857489 7.51276e-07 0.0017804 0.00855774 9.57165e-07 0.0128271 0.00119118 0.000552687 1.09239e-06 0.000155083 0.032503 0.000323611 0.000136257 0.000209051 7.65213e-07 0.170518 0.000752808 3.66397e-05 
1.38401e-05 1.38391e-05 1.38149e-05 1.38346e-05 1.38391e-05 1.38391e-05 0.976114 1.38384e-05 1.38179e-05 1.38386e-05 1.38207e-05 0.0235403 1.38386e-05 1.38151e-05 1.38367e-05 1.38336e-05 1.3836e-05 1.38114e-05 1.38262e-05 1.38348e-05 1.38265e-05 1.38368e-05 1.38371e-05 1.38203e-05 1.38383e-05 1.38356e-05 1.38204e-05 
0.0590644 0.00021659 1.25236e-10 3.99984e-05 0.334321 6.73073e-05 0.477063 5.83447e-06 2.6722e-06 0.120872 3.63173e-05 0.00187178 0.000518773 1.24026e-10 2.41237e-07 0.000337872 0.000112186 2.51168e-07 2.94582e-05 0.000376859 0.000167666 0.00104564 1.97534e-06 1.67885e-06 0.00221475 0.0016316 9.88029e-11 
0.147494 0.000637254 1.84368e-06 2.21983e-05 0.00570126 0.00189291 0.732535 2.50325e-05 4.30043e-07 0.0857984 4.75103e-05 0.000250346 0.0119541 6.97416e-07 7.95526e-07 5.34223e-07 6.96146e-08 1.8834e-08 2.14683e-06 0.005405 5.55458e-05 4.3422e-05 2.60047e-09 1.31931e-08 0.00626825 0.000520207 0.00134318 
0.184444 0.0766855 1.56348e-05 0.0217326 0.1267 0.00683622 0.229392 0.0177439 1.38941e-05 0.102129 0.00323074 0.0775932 0.0142169 2.58078e-07 0.0352278 0.00429287 0.0040188 0.00560712 4.98258e-05 0.0257631 0.00148179 0.00725901 3.40082e-06 0.000337125 0.0538418 0.00138414 2.15377e-08 
0.0997574 0.0933556 0.00204314 0.00843642 0.102082 0.00403149 0.238142 0.109879 0.000449469 0.0166892 0.00271567 0.0703556 0.0265299 2.01526e-05 0.0061654 0.010059 0.00485234 0.000206167 0.000124096 0.0199549 0.000401194 0.00461823 0.000283072 8.51624e-08 0.00172609 0.021842 0.15528 
0.102845 0.0179601 3.72085e-05 0.000423162 0.131922 0.000770657 0.41649 0.00048879 4.51145e-06 0.132552 2.7034e-05 0.0135407 0.0766445 0.000230654 0.0173379 0.0188487 0.00284883 0.00052203 0.0345497 0.00215364 0.0010509 0.0240468 5.42766e-05 8.37906e-05 0.0011865 0.00337997 5.00563e-07 
0.0456075 0.0482767 4.76895e-05 6.59685e-06 0.025195 0.0302008 0.386159 0.0513212 3.54167e-09 0.0922712 4.91132e-06 0.0629351 0.108755 3.96193e-09 0.0218677 1.16041e-09 3.87716e-06 1.99791e-06 0.0383042 0.000427314 5.01293e-05 6.37258e-05 3.20039e-05 3.1674e-09 0.0573737 0.0310942 3.15619e-09 
0.0972809 0.0679802 2.25828e-05 0.00244015 0.0806511 6.65968e-05 0.294279 0.0198919 0.00020164 0.16815 0.00019065 0.061305 0.0450257 7.13767e-10 0.00185491 0.00173913 0.00123291 6.21544e-05 4.65961e-05 0.0802197 0.00282684 0.0107115 1.32696e-08 1.6804e-06 0.0441094 0.0196274 8.2516e-05 
0.112103 0.0712636 4.70658e-06 0.00206194 0.0515953 0.00239942 0.423953 0.00327436 1.48201e-06 0.0336812 0.000594134 0.0117407 0.0555362 1.33418e-06 0.00461488 0.106485 5.73137e-05 3.64896e-05 0.000283859 0.0928408 0.000208084 0.000460874 2.75519e-05 1.73044e-05 0.00569881 0.0210576 3.9782e-07 
0.00280148 0.0214877 0.00126649 0.000431099 0.0182057 5.24972e-05 0.517795 0.0102171 1.27845e-10 5.19136e-05 0.000220904 0.331751 0.000204864 1.43016e-10 0.0123156 0.0250987 0.0197465 0.000614469 6.21321e-05 0.00310796 0.00626362 0.0186521 0.00193404 0.00734933 0.000260293 3.01852e-05 7.96128e-05 
0.0868906 0.0142041 1.50487e-05 0.000332526 0.0964643 0.0064652 0.648763 0.000319575 0.000108646 0.0176017 0.000828341 0.062468 0.013773 2.84994e-09 0.00263048 0.00306448 0.00062181 0.0278686 1.64124e-05 0.00402865 0.000254588 0.00511548 3.19119e-06 0.000451681 0.00640831 0.00130221 2.27035e-09 
0.00168134 0.00597974 2.49926e-07 9.91759e-05 7.90158e-05 0.0023229 0.755026 1.91337e-06 0.00231184 0.0107085 0.00115245 0.186975 0.00189363 0.000137749 0.00124257 0.0143306 0.00140092 3.48943e-06 1.43647e-05 0.000864812 8.24034e-08 0.000101076 2.31078e-08 0.00146788 0.0119462 0.000258289 1.16819e-07 
0.000390125 0.0705389 0.00032694 0.00100702 0.00120118 0.000110583 0.799895 0.00860428 7.02035e-11 2.28822e-05 8.81379e-05 0.0892498 0.000256601 8.98398e-09 1.25724e-05 0.0065158 0.000458163 2.1405e-07 0.00781949 0.00029364 0.00433133 0.00363228 0.00239274 0.000668771 0.00198321 0.000151573 4.91298e-05 
0.100789 0.0111947 0.000105345 0.000355538 0.0731873 0.00723018 0.282954 0.00593486 3.34048e-05 0.185242 0.000542308 0.0297673 0.129397 0.00207996 0.0166694 0.0243189 0.000580938 0.0270715 0.00100507 0.0857119 0.00401515 0.00280515 0.000298836 0.000307094 0.00650594 0.00189268 4.86871e-06 
0.198302 0.00552024 0.000111986 5.62423e-05 0.0448908 0.149307 0.258699 0.000228924 5.08579e-08 0.0255714 0.000148637 0.0654003 0.0318703 1.80068e-06 0.15253 0.0115899 0.0151218 0.00039471 0.0302052 0.00564306 0.000136887 0.00209286 0.000121624 9.104e-05 0.00151973 0.000412092 3.14782e-05 
0.13921 0.011017 1.33744e-05 0.000765906 0.112221 0.028338 0.409237 0.000262009 0.000829417 0.131121 0.018239 0.0344515 0.0242582 4.73346e-09 0.00708933 0.00683743 0.00257823 0.000100229 0.00374748 0.0143298 0.00868401 0.0382166 3.15373e-05 0.000134114 0.00187294 0.00640764 6.54904e-06 
0.000390125 0.0705389 0.00032694 0.00100702 0.00120118 0.000110583 0.799895 0.00860428 7.02035e-11 2.28822e-05 8.81379e-05 0.0892498 0.000256601 8.98398e-09 1.25724e-05 0.0065158 0.000458163 2.1405e-07 0.00781949 0.00029364 0.00433133 0.00363228 0.00239274 0.000668771 0.00198321 0.000151573 4.91298e-05 
0.0728186 0.0653418 0.000268018 0.000185601 0.0295894 0.0353468 0.409453 0.0504333 0.0020463 0.0555366 0.00916861 0.0166802 0.00409733 0.038384 0.0519389 0.00414412 0.00224265 6.44624e-05 0.0380923 0.0314125 1.13758e-05 0.00493826 0.0314242 0.00109024 0.0437293 0.00149481 6.72166e-05 
0.000390125 0.0705389 0.00032694 0.00100702 0.00120118 0.000110583 0.799895 0.00860428 7.02035e-11 2.28822e-05 8.81379e-05 0.0892498 0.000256601 8.98398e-09 1.25724e-05 0.0065158 0.000458163 2.1405e-07 0.00781949 0.00029364 0.00433133 0.00363228 0.00239274 0.000668771 0.00198321 0.000151573 4.91298e-05 
0.111832 0.00101508 2.10402e-07 0.000503297 0.0938208 0.00469472 0.431435 0.000102014 1.93123e-06 0.0803876 0.000158941 0.0255537 0.019108 2.57834e-07 0.0309888 0.155579 0.000312715 5.01124e-05 3.21367e-06 0.017724 5.14472e-06 0.00181774 3.88021e-05 4.23087e-05 0.0207343 0.00409064 3.73971e-07 
