0.0477591 0.140479 1.43227e-05 0.00463618 0.0027327 0.00568082 8.80718e-05 0.756066 6.33454e-07 0.000398604 0.00013308 0.00300208 0.000781437 5.89508e-11 0.0135259 0.0102998 7.92201e-05 9.80183e-06 0.000458237 0.00302018 0.00113899 0.000328408 8.11446e-06 1.08188e-06 0.00919673 0.000160442 5.76341e-07 
0.00208279 0.0133805 3.83193e-12 0.000650902 0.000419808 0.000524666 5.10222e-09 0.950046 4.52069e-07 0.00197653 6.3066e-05 0.00208741 0.00153533 3.79492e-12 3.57039e-05 4.19172e-05 0.00125075 4.71122e-05 2.87019e-06 0.00743231 1.33175e-05 4.69295e-05 4.35813e-11 1.62018e-08 0.0183503 1.15477e-05 3.02315e-12 
0.189196 0.0436478 7.69915e-05 0.00244281 0.151836 0.0266303 0.000464996 0.276482 8.18839e-05 0.0420836 6.57123e-05 0.0516337 0.0666859 0.00213342 0.0211365 0.0268258 0.0498175 0.00115322 0.00557387 0.00225911 0.000161854 0.0189439 8.97828e-05 0.0041442 0.00539273 0.0109163 0.000123442 
0.00194961 0.14254 0.000241322 0.00724707 0.000535353 0.0439717 1.85038e-12 0.664105 1.32959e-05 0.000735181 5.52003e-08 0.00087755 0.0065585 3.11747e-12 0.000141724 4.24717e-05 0.000465849 8.76163e-05 0.00040861 0.00150822 0.000399921 0.0162669 3.03681e-05 1.39442e-07 0.100969 0.0109041 2.7523e-07 
0.136666 0.0362438 0.0370719 0.0148555 0.079156 0.0592214 0.00187833 0.243508 0.00135557 0.0428627 0.0023315 0.0440646 0.0495022 4.59935e-08 0.00598778 0.00434489 0.0265484 0.0960396 0.00332505 0.00444961 0.00044903 0.0321256 0.000620545 6.70807e-06 0.0542326 0.0231224 3.04168e-05 
0.0170508 0.00659783 4.67893e-09 0.000394436 0.00321011 0.000257333 5.28311e-05 0.860539 0.00331396 0.0804166 7.79463e-05 0.00423319 0.000452992 8.69935e-10 1.48565e-08 2.74187e-09 0.000644666 1.06043e-06 5.24908e-12 0.00459193 0.000316523 0.00211474 4.1363e-07 1.09467e-09 0.0100664 0.00566702 2.45918e-09 
0.00382811 0.00068627 1.31075e-05 0.30017 0.000302081 0.000976715 1.21818e-12 0.679655 2.56517e-05 0.000363702 8.16047e-09 0.00136364 0.000363688 2.05236e-12 7.06014e-05 9.0584e-05 2.29163e-05 0.000317817 0.00163463 0.000574457 1.23564e-05 0.000735716 8.50739e-06 1.64078e-12 0.00878385 1.13164e-08 3.5508e-07 
0.00284893 0.0384621 2.72051e-06 0.25372 0.00012144 0.00224597 2.56705e-11 0.599779 1.9673e-08 0.000593 5.7609e-05 0.00437889 0.00170163 4.3249e-11 0.00033763 2.68388e-05 3.30207e-05 8.65055e-05 0.000281573 0.00331534 0.000128342 3.92844e-05 7.77496e-07 1.58958e-07 0.090723 0.0011155 8.59966e-09 
0.0577418 0.0657018 1.11917e-05 0.267502 0.00369017 0.01203 0.0012729 0.509924 6.94384e-06 0.00371091 0.000665597 0.00990464 0.00248309 1.95116e-06 0.00845284 0.00625665 0.00188237 0.000466714 0.00429821 0.00289763 0.000985859 0.00245494 2.47196e-05 2.29543e-05 0.0306568 0.00695307 1.10922e-07 
0.0235131 0.285024 2.50857e-07 0.080907 0.00437648 0.0811482 0.00406823 0.363034 0.00118585 0.00717056 0.000118427 0.0634163 0.00265227 3.69709e-10 0.00820719 0.00301931 1.57459e-05 0.0212483 0.000179659 0.00211909 7.41543e-05 0.00363973 0.000150626 0.000464512 0.0442661 5.93366e-07 2.66324e-07 
0.0422778 0.193227 0.00463706 0.0488057 0.017625 0.0461202 0.000779158 0.360793 0.00122928 0.0155807 0.000993928 0.0152894 0.0392072 0.000723827 0.0197177 0.0106466 0.00785046 0.000136435 0.00403465 0.00811496 0.000409162 0.0194503 0.000395122 1.02783e-05 0.13228 0.00965914 6.59241e-06 
0.123414 0.111079 7.41876e-06 0.00325952 0.0655158 0.00962651 7.18756e-07 0.297884 0.00042932 0.00441349 1.48316e-05 0.152262 0.0192073 5.28236e-10 0.0103269 0.00270368 0.00106108 0.00068524 0.00267935 0.0949129 4.09706e-05 0.000452418 4.83215e-06 7.19625e-05 0.0994612 0.000485021 4.20809e-10 
0.0337401 0.0566527 0.000151959 0.0428736 0.00789758 0.128958 3.61093e-08 0.676115 2.47944e-06 0.000683264 0.000291514 0.00484283 0.00653861 3.06635e-12 0.0117462 0.000286981 0.00415316 3.6626e-05 0.00018179 0.000501283 4.41879e-05 0.013687 2.44326e-05 0.00124037 0.0085731 0.000760974 1.58406e-05 
0.115445 0.129029 2.31728e-06 0.00686375 0.0659528 0.00826729 1.02337e-05 0.262015 8.60846e-05 0.00580764 7.4298e-05 0.0238443 0.00515398 4.07733e-10 0.010081 0.00770811 0.0017085 7.47346e-11 0.0643944 0.00216528 0.0208058 0.020601 2.32615e-05 3.69971e-08 0.248361 0.00156106 3.84154e-05 
0.0504663 0.134916 7.65956e-05 0.0497064 0.00905166 0.00749539 0.000321372 0.629603 1.69027e-05 0.00560542 0.000686456 0.0362787 0.00209039 5.90006e-08 0.0119198 0.00784237 0.0019947 0.00053012 0.0095077 0.002843 0.00738139 0.000635944 9.52483e-05 1.21183e-05 0.028698 0.00220767 1.72691e-05 
0.00241067 0.0431375 3.13007e-10 0.00457726 0.00210952 0.000371958 2.5303e-08 0.842747 0.0791576 0.000132956 1.46796e-08 0.00229246 0.000507245 1.80384e-11 0.00077865 2.19412e-05 0.00170873 1.94198e-06 0.00177399 0.0019993 2.49465e-08 8.21218e-05 3.13777e-06 1.4421e-11 0.016153 3.25146e-05 2.81076e-08 
0.00382811 0.00068627 1.31075e-05 0.30017 0.000302081 0.000976715 1.21818e-12 0.679655 2.56517e-05 0.000363702 8.16047e-09 0.00136364 0.000363688 2.05236e-12 7.06014e-05 9.0584e-05 2.29163e-05 0.000317817 0.00163463 0.000574457 1.23564e-05 0.000735716 8.50739e-06 1.64078e-12 0.00878385 1.13164e-08 3.5508e-07 
0.0011636 0.105041 9.40441e-05 0.00295952 0.000372138 0.00522965 2.11737e-08 0.851887 1.12737e-07 0.000539532 4.04978e-07 0.00405059 0.000654929 6.04209e-12 0.000183885 0.00025634 0.000204448 7.35297e-07 0.000155554 0.00105383 0.00222383 0.00202519 1.19059e-05 1.27247e-06 0.0201548 0.00173488 2.60495e-07 
0.0135706 0.0850511 4.0412e-05 0.0175191 0.00423042 0.127005 0.00113889 0.434178 4.88058e-06 0.0114756 0.000102669 0.0299402 0.0426615 4.25696e-08 0.0103098 0.000891061 0.05337 0.000239775 0.000554343 0.00153847 0.00241113 0.0674413 6.90328e-05 2.22128e-06 0.0928519 0.00340017 3.05681e-06 
0.00623648 0.00160983 5.05089e-07 0.000646938 0.0155831 0.0114216 4.24508e-09 0.935566 0.0001019 0.00410743 1.01157e-05 0.000616622 0.00206202 1.81427e-09 4.61331e-05 2.79098e-05 0.000609898 3.99914e-09 1.34997e-05 0.00028368 2.42664e-05 0.00434213 1.25832e-08 4.83925e-06 0.00380734 0.0128769 8.00465e-07 
0.0037328 0.0983421 0.105044 0.0147144 0.00427915 0.14294 4.6039e-09 0.46377 3.84423e-05 0.00467715 6.51846e-05 0.00225748 0.0163143 3.8287e-08 0.000458906 0.000825686 0.00189763 3.93913e-05 0.000867078 0.00122648 0.00136324 0.0280995 2.70956e-05 8.27378e-08 0.0818888 0.0271314 2.432e-07 
0.0477591 0.140479 1.43227e-05 0.00463618 0.0027327 0.00568082 8.80718e-05 0.756066 6.33454e-07 0.000398604 0.00013308 0.00300208 0.000781437 5.89508e-11 0.0135259 0.0102998 7.92201e-05 9.80183e-06 0.000458237 0.00302018 0.00113899 0.000328408 8.11446e-06 1.08188e-06 0.00919673 0.000160442 5.76341e-07 
0.0713574 0.124771 0.00160658 0.00403151 0.00845168 0.056063 0.000156432 0.537457 1.83916e-05 0.00535817 0.000915329 0.0492471 0.0128923 1.22304e-09 0.0409288 0.00167872 0.0218111 3.69341e-06 0.00201094 0.00207021 0.00342245 0.0303909 8.94632e-05 1.41791e-05 0.0206058 0.00464554 2.67158e-06 
0.0480809 0.208399 0.000171723 0.00467732 0.016695 0.0128479 0.00261761 0.332054 1.57439e-05 0.0133089 0.000574991 0.198547 0.0189812 9.41914e-07 0.0045049 0.0551749 0.002733 9.58359e-05 0.0228622 0.0277429 0.0117502 0.000709051 0.000176082 6.21602e-05 0.0153166 0.00189518 4.73311e-06 
0.0336148 0.25149 4.96609e-11 0.0585598 0.00396316 0.00290437 2.91916e-11 0.471037 1.57578e-05 0.00716942 7.53122e-07 0.0193 0.00291996 4.91813e-11 0.00383949 0.0105064 0.00153331 0.000108426 0.0834509 0.0119701 0.000131841 0.00146363 0.000223207 5.21812e-08 0.0352028 0.00059474 6.41506e-09 
0.0710708 0.17524 0.000336214 0.160797 0.0103163 0.0557338 3.2002e-05 0.261836 0.00472582 0.00728711 0.00336722 0.0340437 0.0226713 0.000591464 0.0065131 0.00589317 0.0146235 0.010165 0.0142176 0.00762072 0.000796851 0.0233403 8.02278e-05 0.000336152 0.102387 0.00596815 9.71423e-06 
0.00241067 0.0431375 3.13007e-10 0.00457726 0.00210952 0.000371958 2.5303e-08 0.842747 0.0791576 0.000132956 1.46796e-08 0.00229246 0.000507245 1.80384e-11 0.00077865 2.19412e-05 0.00170873 1.94198e-06 0.00177399 0.0019993 2.49465e-08 8.21218e-05 3.13777e-06 1.4421e-11 0.016153 3.25146e-05 2.81076e-08 
0.0339568 0.051721 2.23796e-05 0.001616 0.0545853 0.00046291 0.0163709 0.423935 1.76242e-06 0.0180733 0.00320296 0.0905131 0.000474388 3.93137e-09 0.0129685 0.0104419 0.00115068 0.000854083 0.000151934 0.00211522 0.0011913 0.00358903 9.21849e-05 0.266053 0.00579183 0.000376573 0.00028876 
0.0339568 0.051721 2.23796e-05 0.001616 0.0545853 0.00046291 0.0163709 0.423935 1.76242e-06 0.0180733 0.00320296 0.0905131 0.000474388 3.93137e-09 0.0129685 0.0104419 0.00115068 0.000854083 0.000151934 0.00211522 0.0011913 0.00358903 9.21849e-05 0.266053 0.00579183 0.000376573 0.00028876 
0.000200636 0.0322375 1.07156e-11 0.000553421 2.71955e-09 3.39482e-05 6.29886e-12 0.946197 9.48648e-12 0.000299052 1.54506e-10 0.000824489 5.30436e-05 1.06122e-11 3.2556e-05 1.52764e-08 1.06652e-06 1.21113e-11 0.0145139 0.000418446 1.91575e-08 1.47524e-05 3.00788e-07 1.20067e-08 0.00458774 3.20136e-05 1.49207e-09 
0.111928 0.0967142 3.16098e-06 0.00315198 0.00152738 0.0106406 3.95692e-05 0.713046 1.32991e-12 0.000981819 1.81359e-05 0.00131502 0.00205265 5.80175e-11 0.0220095 0.00562102 0.000934345 1.69789e-12 0.000304329 0.0010069 0.00049573 0.000222449 5.63385e-06 1.18937e-12 0.019633 0.00834885 3.61799e-08 
0.0307851 0.244085 6.70987e-05 0.0473695 0.022419 0.0395374 0.00164164 0.343657 0.00242127 0.00519357 0.000184909 0.0252588 0.0148642 0.00913997 0.00544427 0.0072409 0.00645103 0.000130586 0.0128579 0.0364472 0.000549957 0.00228927 2.46489e-05 4.89751e-05 0.141013 0.000876722 2.69882e-07 
0.0245458 0.0451395 0.0523231 0.0783318 0.00368653 0.090946 7.72447e-06 0.436158 1.56862e-05 0.00147708 0.000166847 0.0105255 0.00864608 5.89317e-08 0.00602732 0.000961621 0.00500669 0.000130286 0.000255171 0.000359787 0.00202821 0.00686822 5.03306e-06 6.90632e-07 0.214887 0.0114994 8.63031e-08 
0.0344576 0.153348 9.53323e-12 0.018605 0.00396263 0.00290378 5.60381e-12 0.697556 1.56932e-05 0.00182886 7.26572e-07 0.00711295 0.000360807 9.44116e-12 0.00383835 0.0114467 0.00153281 9.20826e-06 0.0518211 0.00246087 0.000131693 0.0018784 0.000223109 1.23146e-08 0.00647753 2.82292e-05 2.78071e-09 
0.152543 0.21669 3.92829e-06 0.0359058 0.0219766 0.0211105 0.00249272 0.361507 6.23211e-08 0.00594447 0.00207242 0.0408941 0.0200911 1.05202e-05 0.019527 0.00150871 0.00342978 0.00341017 0.00685092 0.0057387 0.00107484 0.00060701 1.81773e-05 9.21565e-07 0.0563922 0.0201565 4.2886e-05 
0.0377492 0.215779 1.4731e-05 0.0952747 0.0124187 0.041373 1.92777e-07 0.25818 0.00215936 0.0104631 3.52492e-05 0.0276798 0.0264595 3.20572e-08 0.00756257 0.0103724 0.00162502 0.00533559 0.0523683 0.0540617 0.000651559 0.00361608 0.0382943 4.4144e-06 0.0981849 0.00033313 3.02907e-06 
0.0889012 0.0674304 9.88298e-07 0.00745722 0.00152742 0.00842133 3.86875e-08 0.701302 3.82705e-12 0.000611668 1.81514e-05 0.000993538 0.00110245 1.3316e-10 0.0141059 0.00200817 0.000207074 4.88598e-12 0.000283795 0.00193512 0.000404117 0.00022247 6.08915e-07 3.42262e-12 0.0918475 0.011219 2.90272e-10 
0.0339568 0.051721 2.23796e-05 0.001616 0.0545853 0.00046291 0.0163709 0.423935 1.76242e-06 0.0180733 0.00320296 0.0905131 0.000474388 3.93137e-09 0.0129685 0.0104419 0.00115068 0.000854083 0.000151934 0.00211522 0.0011913 0.00358903 9.21849e-05 0.266053 0.00579183 0.000376573 0.00028876 
0.0272857 0.0487189 8.59456e-07 0.00309955 0.0165284 0.0110536 2.43769e-06 0.842265 2.29304e-05 0.00370795 9.17739e-05 0.0046582 0.000742506 2.00617e-07 0.004565 0.00022805 0.00200484 9.60748e-05 0.000131461 0.00093878 0.000189635 0.00248116 2.26006e-05 2.58968e-07 0.028132 0.00303209 3.15449e-07 
0.035611 0.0702713 0.00121121 0.0273833 0.00842839 0.0123642 0.00121681 0.755818 0.00495646 0.00508947 0.000693871 0.00834949 0.00523998 1.48055e-05 0.00922416 0.00328511 0.00225765 0.000258155 0.00821623 0.00298811 0.00151181 0.00497124 0.000208675 0.000213034 0.0217894 0.00237788 0.00605031 
0.0422368 0.127246 0.000209331 0.0850563 0.0144092 0.0156621 0.000422286 0.50043 0.000588168 0.0210697 0.000785501 0.0380503 0.0179977 9.38555e-05 0.00897451 0.00233196 0.00339607 0.0010508 0.00173954 0.0139439 0.000824233 0.00249477 4.38111e-05 0.00371524 0.0944881 0.00272475 1.5415e-05 
0.0471022 0.039625 7.87887e-06 0.0213093 0.0228339 0.0334807 6.8211e-05 0.663535 4.35456e-05 0.00226723 0.0373931 0.0547901 0.00234034 8.20549e-08 0.00986665 0.00178334 0.00244884 8.44214e-05 0.000421405 0.00186358 0.000191825 0.00287105 1.36072e-05 0.00613677 0.0283022 0.0211929 2.69589e-05 
2.04054e-05 0.135868 3.23817e-06 0.0049319 4.13072e-05 0.0123909 1.73241e-12 0.802059 5.70466e-07 2.89027e-08 2.29089e-12 0.000148706 0.000775379 2.91872e-12 9.02314e-06 1.91503e-05 6.21012e-05 2.3627e-06 0.000239765 0.000250639 9.95728e-05 0.00114072 1.05348e-05 2.33339e-12 0.0397857 0.00214115 1.7468e-09 
0.00669492 0.00346889 3.74426e-06 0.182388 0.00502909 0.00862843 6.94524e-07 0.756397 4.56513e-05 0.00240459 0.000440614 0.00177645 0.00226341 1.63804e-07 0.000685923 0.00015916 0.00404758 0.000403123 0.00290297 0.00156335 4.39144e-05 0.00472721 9.12494e-06 3.29189e-05 0.0139935 0.00188878 8.72173e-07 
0.0142145 0.0444544 4.09218e-08 0.0060238 0.00223164 0.0242392 5.05559e-12 0.859888 1.10825e-05 0.00138652 1.69088e-07 0.0022878 0.00283364 8.51752e-12 0.00177748 0.00401569 0.00124356 4.94793e-06 0.0150031 0.000654454 5.90073e-05 0.00478989 7.64887e-05 2.63823e-06 0.0141793 0.000622615 1.37987e-07 
0.000362948 0.000578209 8.73904e-08 0.000200312 0.000249439 0.0337024 3.37683e-12 0.943201 1.1436e-08 4.65132e-08 4.46543e-12 1.91264e-05 0.00455055 5.68919e-12 1.85808e-05 5.5705e-05 0.000232379 8.62485e-09 9.44258e-08 1.18502e-06 1.66377e-08 0.00100808 5.51442e-09 5.78143e-09 0.014513 0.0013065 2.81191e-09 
0.022939 0.0671606 8.40197e-06 0.005355 0.0288745 0.0126825 7.68583e-08 0.727118 0.000269913 0.00447339 2.53473e-06 0.0120478 0.0219139 3.56653e-12 0.00738043 0.00236505 0.000855313 0.000780949 0.00279531 0.0206432 5.63951e-05 0.000742753 1.70213e-06 2.73854e-08 0.0611235 0.000409338 2.84121e-12 
0.0618722 0.21884 0.00103961 0.0557584 0.00999906 0.0192109 0.00151766 0.227469 0.000133064 0.0276892 0.000408141 0.0324946 0.0218852 1.09085e-05 0.00510819 0.00704407 0.0119257 0.00110811 0.000606078 0.0240912 0.00326051 0.00949732 0.000331546 0.0934446 0.160328 0.00492049 5.62275e-06 
0.000200636 0.0322375 1.07156e-11 0.000553421 2.71955e-09 3.39482e-05 6.29886e-12 0.946197 9.48648e-12 0.000299052 1.54506e-10 0.000824489 5.30436e-05 1.06122e-11 3.2556e-05 1.52764e-08 1.06652e-06 1.21113e-11 0.0145139 0.000418446 1.91575e-08 1.47524e-05 3.00788e-07 1.20067e-08 0.00458774 3.20136e-05 1.49207e-09 
0.069001 0.183102 0.000648551 0.0435047 0.014503 0.0292393 0.000179304 0.223061 0.000564482 0.0353536 0.000369854 0.103992 0.0166511 0.00316252 0.00693132 0.00370111 0.00969526 0.00168523 0.00475351 0.132043 0.00440309 0.0121824 6.3604e-05 0.00377954 0.0924508 0.00497118 6.28944e-06 
0.0344576 0.153348 9.53323e-12 0.018605 0.00396263 0.00290378 5.60381e-12 0.697556 1.56932e-05 0.00182886 7.26572e-07 0.00711295 0.000360807 9.44116e-12 0.00383835 0.0114467 0.00153281 9.20826e-06 0.0518211 0.00246087 0.000131693 0.0018784 0.000223109 1.23146e-08 0.00647753 2.82292e-05 2.78071e-09 
0.0839615 0.0383445 0.000100873 0.00587717 0.0581183 0.00740869 0.0274164 0.224446 8.00061e-06 0.0180195 0.00290949 0.0966092 0.0106494 3.17042e-09 0.0552162 0.011469 0.0767274 0.00182072 0.00117085 0.00144336 0.00534054 0.159654 0.000935576 0.107205 0.00381754 0.00108707 0.00024451 
0.0407996 0.0969045 0.000167785 0.0267917 0.00824582 0.0222937 0.000481056 0.666647 1.79916e-05 0.00525706 0.000488279 0.0372764 0.00356529 1.13638e-10 0.00469043 0.00066353 0.00633621 0.0002237 0.00130718 0.00588837 0.0130093 0.00632597 4.3291e-05 0.00363433 0.0452911 0.00363838 1.16752e-05 
0.0405991 0.173549 2.41567e-05 0.0279047 0.00577095 0.00374836 0.000276508 0.383625 2.64808e-06 0.00298885 0.00021413 0.0458843 0.000825631 2.21546e-09 0.00225354 0.0104941 6.70708e-05 6.85867e-07 0.0159929 0.0017166 0.0466061 0.00097096 9.95641e-05 1.69136e-06 0.235949 0.00043364 8.80873e-07 
0.141691 0.217791 0.000631872 0.0522165 0.0243509 0.0133564 0.00119498 0.31382 3.07663e-05 0.0145798 0.000505437 0.0169711 0.00647766 1.81027e-10 0.00386305 0.00399717 0.00286167 0.000241884 0.00432976 0.00752174 0.000443451 0.00257824 0.0324707 1.15629e-07 0.12614 0.0113094 0.000626612 
0.00505913 0.0281452 3.59318e-05 0.213266 0.00209837 0.00361542 2.23499e-08 0.700575 5.47191e-06 0.00114126 0.00332604 0.010204 0.000883425 7.22321e-09 0.000722359 0.00137596 0.00137331 0.000317687 0.0013659 0.00168958 0.00217332 0.00252835 2.81666e-05 3.64306e-06 0.0189671 0.0010988 1.13638e-06 
0.150798 0.0516605 5.83327e-07 0.00666525 0.0151435 0.00561912 0.0285027 0.484896 1.23417e-11 0.022212 0.000104336 0.00296142 0.00252011 2.05875e-10 0.0105086 0.00117165 0.000291628 1.57566e-11 0.000462506 0.00639819 0.000679365 0.000395057 3.58683e-07 1.10375e-11 0.170199 0.0388101 3.2477e-10 
0.00573054 0.0559459 4.62001e-06 0.00570596 0.000200481 0.0240643 6.32074e-08 0.864959 4.08908e-05 0.000440608 2.89355e-05 0.0030415 0.00283082 4.35195e-12 0.00193195 5.1448e-05 9.71045e-05 0.000308655 0.00185465 0.00305273 0.000779656 7.62313e-05 2.59521e-06 3.66406e-06 0.0287744 7.34667e-05 1.01591e-08 
0.00623648 0.00160983 5.05089e-07 0.000646938 0.0155831 0.0114216 4.24508e-09 0.935566 0.0001019 0.00410743 1.01157e-05 0.000616622 0.00206202 1.81427e-09 4.61331e-05 2.79098e-05 0.000609898 3.99914e-09 1.34997e-05 0.00028368 2.42664e-05 0.00434213 1.25832e-08 4.83925e-06 0.00380734 0.0128769 8.00465e-07 
0.0540625 0.150858 5.65133e-05 0.0402962 0.00555571 0.0366049 9.0845e-05 0.583453 0.00049182 0.00461939 0.000519931 0.0205934 0.00762029 1.66334e-05 0.0104832 0.00391056 0.00505969 0.000363989 0.0122888 0.00302987 0.00121493 0.0147173 0.00021789 0.00618503 0.0334751 0.00421005 4.05773e-06 
0.0590871 0.0706824 2.55364e-05 0.00245898 0.0610351 0.00985869 0.00158964 0.707751 0.000137654 0.0175507 3.36428e-05 0.00716488 0.0131121 1.18189e-10 0.00508605 0.00140263 0.00114818 0.0001659 4.3148e-05 0.00164107 0.00108545 0.0201035 6.83163e-05 0.000244474 0.0132426 0.00527899 2.14316e-06 
0.00623648 0.00160983 5.05089e-07 0.000646938 0.0155831 0.0114216 4.24508e-09 0.935566 0.0001019 0.00410743 1.01157e-05 0.000616622 0.00206202 1.81427e-09 4.61331e-05 2.79098e-05 0.000609898 3.99914e-09 1.34997e-05 0.00028368 2.42664e-05 0.00434213 1.25832e-08 4.83925e-06 0.00380734 0.0128769 8.00465e-07 
0.0312994 0.11282 2.33127e-06 0.00573744 0.0063154 0.0428285 6.98968e-08 0.55162 2.09704e-05 0.0016384 0.000391298 0.0396305 0.0238004 8.51319e-10 0.0392794 0.000219195 0.0231394 0.000161372 0.00288445 0.011194 0.000361993 0.000677849 1.26795e-05 2.16581e-06 0.103925 0.00203769 6.69461e-07 
0.00382811 0.00068627 1.31075e-05 0.30017 0.000302081 0.000976715 1.21818e-12 0.679655 2.56517e-05 0.000363702 8.16047e-09 0.00136364 0.000363688 2.05236e-12 7.06014e-05 9.0584e-05 2.29163e-05 0.000317817 0.00163463 0.000574457 1.23564e-05 0.000735716 8.50739e-06 1.64078e-12 0.00878385 1.13164e-08 3.5508e-07 
0.0399589 0.107085 2.31223e-06 0.0106384 0.0161215 0.00992141 5.52513e-08 0.708211 0.000395557 0.00411762 3.5594e-06 0.0134803 0.00818834 5.8533e-12 0.00765574 0.00767626 0.00136092 0.000332954 0.0224063 0.0109428 0.000109789 0.00152574 5.68529e-05 6.83506e-06 0.0295375 0.000263816 9.98237e-10 
0.267558 0.090304 8.03978e-05 0.00326698 0.00834214 0.164725 4.06509e-05 0.339474 7.24489e-05 0.0117654 2.6158e-05 0.0116553 0.0113003 2.0388e-12 0.0206377 0.00378967 0.00047587 8.39681e-05 0.000103899 0.00664331 0.000989072 0.0482073 7.22528e-05 1.62994e-12 0.00913527 0.00124436 6.59241e-06 
0.0381195 0.000576547 5.0337e-10 0.000364356 0.0168588 0.00209303 3.51843e-05 0.888229 0.000161485 0.0454035 7.76327e-06 0.000354152 0.00234444 8.42042e-13 0.000557379 9.01369e-06 0.00039308 7.99971e-05 1.19659e-10 0.000246453 4.09269e-06 0.000306913 1.01255e-07 1.80875e-07 0.00185751 0.00199698 9.25212e-08 
0.0311459 0.0960917 8.90135e-05 0.0104068 0.00657835 0.013569 0.000277036 0.762603 2.48361e-06 0.00107158 0.00053234 0.0117484 0.00180461 1.41472e-07 0.00618807 0.00518867 0.000994316 1.41694e-05 0.0130162 0.000899683 0.00100536 0.000602889 5.31048e-05 0.0262625 0.00891975 0.00093039 4.13383e-06 
0.0577093 0.152503 0.000296934 0.0291315 0.0137433 0.0358416 0.000172231 0.550438 0.00134666 0.00418751 0.000294804 0.0213127 0.0125271 3.46936e-06 0.0205189 0.00651358 0.00593313 0.000349505 0.0311643 0.00665564 0.0012816 0.0152783 0.000820074 0.00129793 0.0255687 0.00500919 0.000101122 
0.0966465 0.0772429 6.65379e-05 0.00756753 0.145828 0.018619 5.56957e-05 0.317954 3.89393e-06 0.0109908 0.00128996 0.154934 0.00561587 1.08883e-07 0.00775288 0.00219047 0.0573916 0.000801909 0.000157576 0.0285978 0.000223498 0.00228243 2.45878e-05 0.000930579 0.0604061 0.00241768 8.32087e-06 
0.00524168 0.00535661 2.98502e-06 0.0798906 0.000856909 0.00141869 2.40953e-09 0.878278 1.31119e-05 0.00161085 3.8112e-05 0.00229378 0.00135744 3.2598e-12 0.000152455 0.000115338 0.00124758 0.000305477 0.000521414 0.00365406 2.36873e-05 0.000857515 2.09967e-06 7.83953e-09 0.0167585 3.12425e-06 8.1592e-08 
0.0129869 0.0332657 0.00013355 0.411059 0.0108967 0.000697768 2.71333e-07 0.445477 0.0042773 0.00495811 0.000598749 0.0271565 0.00500988 2.68988e-11 0.00478303 0.000130023 0.000321542 0.000686396 0.00115099 0.00848494 0.000196419 0.0020821 4.22009e-05 2.15045e-11 0.0256011 3.48663e-06 2.61796e-07 
0.0541472 0.0320056 9.77541e-06 0.00292765 0.0713024 0.0134007 0.00019265 0.75696 0.000535663 0.0126065 0.000324496 0.00741151 0.0077434 7.24946e-11 0.0123402 0.00236549 0.00198386 0.000135866 0.000399826 0.00304408 0.00120185 0.00443806 2.34611e-05 2.67311e-05 0.0118608 0.00261058 1.4535e-06 
0.0612101 0.176859 1.84142e-05 0.00546644 0.00351347 0.00730391 0.000113234 0.691531 4.29118e-07 0.00051249 0.000171102 0.00383373 0.0010047 7.32802e-11 0.0173187 0.013148 0.000101854 1.26014e-05 0.000584437 0.0038372 0.00146441 0.000404834 1.04327e-05 1.39076e-06 0.0113706 0.000206282 7.40899e-07 
0.108619 0.166077 2.4228e-08 0.0157715 0.131588 0.0209451 4.53235e-05 0.203942 7.77628e-10 0.0441861 0.00110994 0.0057796 0.00977173 5.2432e-06 0.0234578 0.00202895 0.00976406 3.6052e-06 0.00283492 0.135435 0.0276699 0.0114908 2.12591e-05 0.00281204 0.0765885 5.1824e-05 5.19932e-08 
0.0273433 0.0862705 0.000678333 0.117682 0.00921312 0.00932789 0.000721771 0.677784 0.0011311 0.00722712 0.000492182 0.0063748 0.00516156 1.01907e-05 0.00581655 0.00302181 0.00113851 0.000205294 0.00566152 0.00312303 0.000673981 0.00750515 0.000223857 1.74294e-05 0.021923 0.00126985 2.55358e-06 
0.0265424 0.0403034 1.3918e-07 0.00619741 0.0122962 0.0105892 5.27554e-09 0.849658 8.57223e-05 0.00611557 9.86241e-06 0.00386722 0.00160979 1.73698e-09 0.00265081 0.00283032 0.00451955 5.96909e-06 0.0173026 0.00117621 8.69161e-05 0.00403698 4.84457e-05 4.51835e-05 0.00588964 0.00413217 6.87914e-07 
0.016582 0.226482 9.18585e-08 0.0122957 0.00198457 0.0137411 5.33765e-09 0.683847 1.516e-05 0.00990714 4.2573e-08 0.0021687 2.07532e-05 6.52595e-08 4.78005e-05 0.000147164 0.000548193 7.00996e-11 2.36586e-07 0.00184579 6.25868e-05 0.0027093 1.25988e-08 2.60936e-07 0.0241101 0.00348463 1.46392e-08 
0.0226505 0.00162321 3.4542e-10 0.00405341 0.0118714 0.0353402 2.5131e-05 0.465313 1.80512e-05 0.160487 0.000202608 0.183023 0.00404132 3.42084e-10 4.25359e-05 0.000461886 0.03241 6.79235e-05 5.87001e-06 0.0165786 0.000231396 5.84399e-11 1.72477e-08 2.73482e-10 0.0615378 1.47353e-05 2.72514e-10 
0.00411 0.119644 0.000150229 0.00487634 0.000312868 0.026077 0.000161645 0.753182 7.03231e-09 0.00244831 8.06569e-12 0.00124155 0.016115 9.01487e-07 0.000136714 1.30832e-05 0.000387063 5.30684e-09 0.00063576 0.00311613 1.0226e-08 0.00253905 3.38912e-09 8.21532e-12 0.0623198 0.00253171 1.86564e-07 
0.0233807 0.0562076 5.3355e-05 0.0027162 0.0104009 0.0323228 0.00579371 0.753317 8.08004e-05 0.00730676 0.00386134 0.027186 0.0360765 4.19538e-06 0.00294182 0.00580038 0.00109911 0.000293612 0.000508263 0.00691226 0.00521011 0.000442777 3.05764e-05 0.000460872 0.0165654 0.000896886 0.000130301 
0.00623648 0.00160983 5.05089e-07 0.000646938 0.0155831 0.0114216 4.24508e-09 0.935566 0.0001019 0.00410743 1.01157e-05 0.000616622 0.00206202 1.81427e-09 4.61331e-05 2.79098e-05 0.000609898 3.99914e-09 1.34997e-05 0.00028368 2.42664e-05 0.00434213 1.25832e-08 4.83925e-06 0.00380734 0.0128769 8.00465e-07 
0.00200031 0.0734791 7.31265e-06 0.00137259 0.000583328 4.26655e-06 5.07238e-08 0.900137 7.6859e-12 0.000650624 1.42836e-06 0.00833173 0.000191294 8.59791e-12 0.000174494 0.000335456 0.000106015 3.03723e-09 4.99606e-05 0.00199645 0.00192483 0.000306836 2.87746e-06 4.71754e-06 0.00764017 0.000699588 1.1223e-08 
0.00196463 0.1094 2.5045e-06 0.0326561 0.000785578 0.107772 3.67822e-08 0.51998 3.23243e-06 0.0164684 1.21875e-07 0.0269513 0.0119666 9.37883e-11 0.00028597 0.000101818 0.0102326 1.0542e-05 1.85016e-05 0.00132043 0.000223109 0.00877385 1.7505e-05 7.49798e-11 0.14804 0.00302398 7.36416e-09 
7.16354e-05 0.0265418 4.69131e-12 0.000866116 0.000191214 3.76649e-13 2.75764e-12 0.849598 1.19477e-09 2.70235e-09 2.12728e-05 2.81156e-06 1.98197e-10 4.646e-12 7.27787e-06 4.99092e-05 9.58448e-09 5.30235e-12 5.19247e-05 0.000593631 0.103993 0.000210653 1.9664e-08 0.00011753 0.0176833 1.01374e-12 3.53815e-09 
0.0336148 0.25149 4.96609e-11 0.0585598 0.00396316 0.00290437 2.91916e-11 0.471037 1.57578e-05 0.00716942 7.53122e-07 0.0193 0.00291996 4.91813e-11 0.00383949 0.0105064 0.00153331 0.000108426 0.0834509 0.0119701 0.000131841 0.00146363 0.000223207 5.21812e-08 0.0352028 0.00059474 6.41506e-09 
0.168724 0.2167 4.97583e-05 0.0559602 0.0288467 0.0264637 0.0027382 0.257107 9.5401e-05 0.00895828 2.21908e-05 0.0609764 0.0065988 1.09247e-11 0.0477465 0.000385083 0.00416451 0.000186248 0.00155438 0.0216247 0.000245298 0.000911333 0.0220456 3.66961e-05 0.0597051 0.00769081 0.000463648 
0.0344576 0.153348 9.53323e-12 0.018605 0.00396263 0.00290378 5.60381e-12 0.697556 1.56932e-05 0.00182886 7.26572e-07 0.00711295 0.000360807 9.44116e-12 0.00383835 0.0114467 0.00153281 9.20826e-06 0.0518211 0.00246087 0.000131693 0.0018784 0.000223109 1.23146e-08 0.00647753 2.82292e-05 2.78071e-09 
0.0129869 0.0332657 0.00013355 0.411059 0.0108967 0.000697768 2.71333e-07 0.445477 0.0042773 0.00495811 0.000598749 0.0271565 0.00500988 2.68988e-11 0.00478303 0.000130023 0.000321542 0.000686396 0.00115099 0.00848494 0.000196419 0.0020821 4.22009e-05 2.15045e-11 0.0256011 3.48663e-06 2.61796e-07 
0.0190667 0.112003 2.19095e-05 0.00300193 0.00574313 0.00656526 0.00118253 0.738231 0.000288196 0.00258242 3.61708e-05 0.00934792 0.00627713 3.81981e-11 0.0020295 0.000827258 0.000676979 0.000146822 0.00183132 0.010216 0.0051237 0.000579477 1.37105e-05 0.00110668 0.0730307 6.85828e-05 1.45236e-06 
0.00517536 0.107251 0.000308 0.226939 0.00105612 0.0194205 2.94863e-11 0.388169 2.97711e-05 0.00473778 3.09241e-05 0.0241971 0.00503936 4.96778e-11 0.00031427 1.43965e-05 0.000502921 0.000164515 0.00389193 0.00650922 6.87958e-05 0.000693769 4.18762e-07 1.1136e-07 0.203998 0.00148799 1.44202e-07 
0.00352718 0.0581567 1.93952e-05 0.00415468 0.00033993 0.00620479 2.38176e-06 0.895526 1.31563e-05 0.000508137 6.1758e-05 0.00404471 0.000920856 5.38979e-12 0.000717505 0.000499639 0.000127418 0.000141771 0.00528993 0.00210097 0.00258959 0.000206979 1.70084e-05 3.40843e-06 0.0146148 0.000210848 7.60347e-08 
0.0328069 0.164107 4.82398e-05 0.00753719 0.0163434 0.0168283 0.000350453 0.6199 0.000819955 0.005248 7.80072e-05 0.0238096 0.00825138 1.60529e-05 0.00733023 0.0400592 0.000797848 0.000973158 0.0024615 0.0106328 0.00268178 0.000890459 1.66485e-05 4.91296e-05 0.0322361 0.00201594 0.00371044 
0.0515802 0.221093 1.65632e-06 0.00803241 0.00238371 0.00460729 0.000909395 0.631658 3.14526e-06 0.000480875 0.000219191 0.00302323 0.00227272 2.01664e-07 0.00873652 0.0117647 2.03976e-05 9.41853e-06 0.0288581 0.00164522 0.00282175 0.000272501 6.92952e-05 1.49112e-05 0.0193108 0.000211395 6.67275e-08 
0.160886 0.0528753 8.35009e-05 0.213917 0.00608336 0.0971346 2.75283e-06 0.306909 4.54025e-05 0.00510597 0.00072077 0.0419006 0.00418789 1.7326e-10 0.0241074 0.0032025 0.000265243 0.0183278 0.00279644 0.0034405 0.00336261 0.0192296 0.000138653 0.00180677 0.0310006 0.00246956 1.91845e-07 
0.0230607 0.069402 0.000414703 0.0328922 0.00744208 0.116144 0.00109811 0.439471 0.000680615 0.0236353 0.000459877 0.00880333 0.00702024 6.38387e-07 0.00503866 0.00151605 0.000557884 0.225751 0.000708593 0.00342905 0.000347337 0.0149869 2.18856e-05 2.24192e-06 0.014771 0.00234045 3.77063e-06 
0.0393163 0.170232 0.000164945 0.0116714 0.0112107 0.0567891 7.33863e-05 0.580157 0.000587146 0.0363878 0.000930677 0.0157306 0.0144461 3.8618e-05 0.0045787 0.000204281 0.0125286 1.53249e-06 0.000259693 0.0030478 0.000147724 0.00564174 5.60807e-06 2.21698e-05 0.0148474 0.0209733 5.8534e-06 
0.00573054 0.0559459 4.62001e-06 0.00570596 0.000200481 0.0240643 6.32074e-08 0.864959 4.08908e-05 0.000440608 2.89355e-05 0.0030415 0.00283082 4.35195e-12 0.00193195 5.1448e-05 9.71045e-05 0.000308655 0.00185465 0.00305273 0.000779656 7.62313e-05 2.59521e-06 3.66406e-06 0.0287744 7.34667e-05 1.01591e-08 
0.139936 0.194007 3.62666e-05 0.0526397 0.0260513 0.0383395 0.0015422 0.227805 0.000136965 0.0175311 0.000647369 0.0389998 0.0172586 5.33269e-07 0.0263891 0.00407366 0.00315171 0.00350275 0.00887917 0.00491915 0.00343927 0.00976221 3.39378e-05 0.000664862 0.170258 0.00986631 0.000128032 
0.00832269 0.0254479 4.25796e-05 0.389093 0.00236256 0.0630153 4.87341e-11 0.466994 1.53981e-05 0.00060338 0.00164259 0.00108222 0.00425068 3.04938e-09 0.00373117 0.000256889 0.00349801 0.00052677 0.00175767 0.00036998 3.93074e-05 0.00893492 1.58083e-05 3.53427e-06 0.0166577 0.00133565 6.29535e-07 
0.0303947 0.0813514 0.000352591 0.248738 0.00640177 0.0289655 0.00315689 0.350326 0.000824172 0.00281937 0.000134698 0.0426494 0.00805426 3.64043e-08 0.00445842 0.00287623 0.000743 0.00324237 0.0167061 0.0172553 0.0928261 0.012351 0.000121293 2.65144e-05 0.0438203 0.00140357 9.81205e-07 
0.0924697 0.154643 0.000579516 0.0730567 0.0267072 0.0301091 1.52393e-05 0.371029 0.000258456 0.0316279 0.000431018 0.0497922 0.0137584 5.13849e-05 0.00832422 0.00159302 0.0147545 0.00102162 0.00289776 0.0130505 0.00298714 0.0084158 0.00564662 0.00100945 0.0924531 0.00329881 1.81338e-05 
0.0227371 0.188054 0.000199684 0.0175098 0.0199232 0.045169 0.00281543 0.359053 0.00135517 0.00460687 0.000195241 0.0208902 0.0460198 5.62269e-05 0.00590376 0.00351768 0.00574325 0.000401724 0.00318642 0.109819 0.0010329 0.0156995 0.00399793 5.70354e-05 0.118396 0.00363041 2.9215e-05 
0.00836505 0.0731286 8.36504e-05 0.115304 0.00140623 0.136866 9.5893e-11 0.630886 4.23606e-06 0.000274603 5.587e-05 0.000381196 0.00637789 1.75242e-12 0.00668769 8.80129e-05 0.00167789 5.81417e-05 0.000147551 0.000128891 1.05547e-05 0.00724108 6.31073e-06 6.87801e-06 0.0101597 0.000653627 3.40298e-07 
6.95724e-07 0.0214673 3.49056e-12 0.00309365 4.63054e-06 3.08872e-09 2.05182e-12 0.969951 1.02284e-06 1.41444e-05 2.71327e-12 4.19969e-07 2.54343e-11 3.45685e-12 8.48089e-08 0.000221251 6.946e-13 1.53223e-05 0.00342686 0.000229702 2.78235e-08 2.35703e-05 2.42468e-08 2.76361e-12 0.00155072 7.54273e-13 2.75383e-12 
0.0869203 0.157454 2.40329e-06 0.0281611 0.014929 2.40752e-06 2.4052e-06 0.255667 0.0245213 2.40742e-06 2.40431e-06 0.217641 0.0445397 2.40334e-06 0.00553873 2.40655e-06 2.40698e-06 2.40269e-06 2.40526e-06 0.0387512 2.40532e-06 0.0151672 0.0103532 2.40425e-06 0.0483905 2.4069e-06 0.0519345 
0.0233538 0.0947975 1.9601e-06 0.00648456 0.00370088 0.0118521 0.000118685 0.794669 3.32379e-05 0.00157442 7.12447e-05 0.00334072 0.00228037 2.86843e-08 0.00425867 0.00248654 0.00113801 0.000151207 0.0121391 0.00196156 0.0131663 0.00227647 4.30546e-05 5.14314e-05 0.0191262 0.000922681 3.75817e-07 
0.0412966 0.070452 5.39459e-06 0.00296841 0.00440175 0.0132015 0.00011029 0.814253 1.0899e-05 0.00379066 0.00150731 0.00352723 0.00314467 5.32239e-12 0.0218179 0.00183504 0.000701549 5.02247e-06 0.000142277 0.000976398 0.00577871 0.00506286 5.37303e-06 8.1661e-06 0.00450338 0.000492045 1.08394e-06 
0.039937 0.0277719 2.66255e-05 0.0519127 0.0512223 0.0185444 0.000437089 0.735915 0.000421348 0.00808009 0.000657107 0.00446871 0.00897741 2.4354e-08 0.00714792 0.00114387 0.00254218 0.000510498 0.000841139 0.00192597 3.81182e-05 0.00378172 2.56048e-05 5.22586e-05 0.0298817 0.00373613 8.46871e-07 
0.194555 0.119199 4.83617e-08 0.0405874 0.00348043 0.0319792 1.35839e-08 0.261033 3.45019e-07 0.00457937 5.64558e-08 0.0856604 0.0181747 9.88842e-06 0.00255568 1.16681e-05 0.00990986 0.000811754 1.78528e-05 0.00321259 0.00119843 0.00239466 3.55711e-06 3.08558e-07 0.20054 0.020084 2.96835e-09 
0.127698 0.108586 0.000102087 0.085413 0.0125378 0.0779593 4.58504e-05 0.307875 1.93257e-05 0.010872 0.000384563 0.0995731 0.0194831 1.66902e-07 0.0272911 0.00382972 0.0112667 0.00387604 0.0334216 0.0141691 0.000206316 0.0054579 6.43265e-05 0.000259565 0.046989 0.0026175 2.42842e-06 
0.105621 0.0502889 4.1184e-05 0.0813105 0.0217354 0.0778379 3.71115e-07 0.563541 1.82635e-05 0.00315674 0.000106335 0.0200323 0.00397797 1.35063e-07 0.0455191 0.000471805 0.00373568 0.00025614 0.000135304 0.00357243 0.000114991 0.00515313 4.44999e-05 0.000451517 0.0111099 0.00173796 2.95109e-05 
0.00200031 0.0734791 7.31265e-06 0.00137259 0.000583328 4.26655e-06 5.07238e-08 0.900137 7.6859e-12 0.000650624 1.42836e-06 0.00833173 0.000191294 8.59791e-12 0.000174494 0.000335456 0.000106015 3.03723e-09 4.99606e-05 0.00199645 0.00192483 0.000306836 2.87746e-06 4.71754e-06 0.00764017 0.000699588 1.1223e-08 
0.0788767 0.195394 0.000696693 0.050848 0.0315974 0.035646 0.00291259 0.261079 0.00141028 0.0165487 0.00385455 0.0365131 0.0289346 0.000267154 0.0129029 0.0121458 0.00962861 0.000601239 0.00799691 0.0286284 0.00117904 0.0117216 0.000639292 0.00399045 0.158235 0.00772296 2.99835e-05 
0.0281181 0.243492 0.000625248 0.0727367 0.00423114 0.0351032 8.40659e-06 0.402854 1.84151e-06 0.00104223 0.000419148 0.0229575 0.00264477 7.68856e-09 0.00914008 0.000825087 0.00256206 2.84323e-05 0.000654789 0.129478 0.000452435 0.00227865 1.45989e-05 0.000699398 0.0353467 0.00428071 5.47973e-06 
0.188105 0.0109766 2.9669e-10 0.00648569 0.174311 0.0530013 3.83247e-06 0.288877 9.02502e-05 0.0284706 0.0020214 0.163662 0.00614952 1.0204e-07 0.0110238 0.00256442 0.00501132 0.00496298 9.04872e-05 0.0150638 0.00269206 0.010968 5.73771e-05 3.86841e-08 0.0241022 0.00130718 1.8673e-06 
0.0419492 0.207025 2.79983e-05 0.00289378 0.00788369 0.00894365 0.00613857 0.652871 0.000112088 0.00435851 3.4435e-05 0.0109169 0.00258377 5.74754e-12 0.0268758 0.00322436 0.000357516 4.3005e-09 0.000308445 0.00151577 0.00916512 0.00151112 2.0278e-05 2.04986e-05 0.0111093 0.000152543 1.12252e-06 
0.00356026 0.0647108 5.32844e-06 0.00465053 0.000722873 0.0107629 5.25856e-07 0.874144 0.00813766 0.000211983 6.00768e-06 0.00186602 0.00140847 1.54108e-11 0.00118636 4.30726e-05 0.000318803 8.99769e-05 0.00348302 0.00163894 0.000348572 0.00033326 6.0302e-06 1.37451e-06 0.0220853 0.000278009 3.03227e-07 
0.267558 0.090304 8.03978e-05 0.00326698 0.00834214 0.164725 4.06509e-05 0.339474 7.24489e-05 0.0117654 2.6158e-05 0.0116553 0.0113003 2.0388e-12 0.0206377 0.00378967 0.00047587 8.39681e-05 0.000103899 0.00664331 0.000989072 0.0482073 7.22528e-05 1.62994e-12 0.00913527 0.00124436 6.59241e-06 
0.0515802 0.221093 1.65632e-06 0.00803241 0.00238371 0.00460729 0.000909395 0.631658 3.14526e-06 0.000480875 0.000219191 0.00302323 0.00227272 2.01664e-07 0.00873652 0.0117647 2.03976e-05 9.41853e-06 0.0288581 0.00164522 0.00282175 0.000272501 6.92952e-05 1.49112e-05 0.0193108 0.000211395 6.67275e-08 
0.0664946 0.218988 0.000752778 0.0539587 0.0163333 0.0352803 0.000772355 0.346198 0.000953655 0.00922398 0.00240923 0.0291515 0.0180695 8.8202e-06 0.0146064 0.00751472 0.00452102 0.000234585 0.00576494 0.0146806 0.00327293 0.0159215 0.00158153 0.00299944 0.122578 0.00765126 7.8388e-05 
0.0344576 0.153348 9.53323e-12 0.018605 0.00396263 0.00290378 5.60381e-12 0.697556 1.56932e-05 0.00182886 7.26572e-07 0.00711295 0.000360807 9.44116e-12 0.00383835 0.0114467 0.00153281 9.20826e-06 0.0518211 0.00246087 0.000131693 0.0018784 0.000223109 1.23146e-08 0.00647753 2.82292e-05 2.78071e-09 
0.040581 0.149057 0.000255593 0.18977 0.0128443 0.0431792 0.000780262 0.406229 0.000655193 0.00400742 0.00154188 0.0269777 0.0129476 5.66187e-05 0.0162657 0.00816227 0.00889475 0.00113198 0.00444947 0.00504755 0.00129125 0.0129183 0.00038616 0.00224783 0.047412 0.00229373 0.000615875 
0.0644753 0.218298 2.06995e-06 0.00927893 0.00297917 0.00575911 0.00110786 0.6021 3.70257e-07 0.000585372 0.000273985 0.00368331 0.0028409 2.50919e-07 0.0109194 0.0145943 2.54962e-05 1.17719e-05 0.0360726 0.00156986 0.00352717 0.000340625 8.66181e-05 1.35434e-05 0.021189 0.000264242 8.33423e-08 
0.0135326 0.0387067 2.77458e-05 0.00175689 0.0025761 0.00996002 0.000119986 0.880058 1.55611e-05 0.0113879 5.99421e-07 0.0012995 0.00751589 1.63319e-07 0.000783185 1.67544e-05 0.000356894 8.557e-06 0.00459963 0.00137385 6.65563e-06 0.00129913 6.49544e-07 5.58048e-07 0.0223667 0.00223 1.5447e-07 
0.0779562 0.057437 9.83148e-07 0.00297244 0.00152737 0.0084212 1.44605e-08 0.805662 9.51645e-13 0.000611632 1.81345e-05 0.000776014 0.0011024 5.06872e-11 0.0141082 0.0014368 0.000206987 1.21496e-12 0.000297899 0.000824031 0.000404004 0.000222446 6.06387e-07 8.51077e-13 0.0180728 0.00794086 1.10267e-10 
0.0393038 0.207284 0.000741179 0.0633983 0.0195381 0.0211148 0.00213065 0.32686 7.97682e-05 0.00811333 0.00119494 0.127244 0.0204741 3.0574e-06 0.00776466 0.0115449 0.00376387 0.000352489 0.000920802 0.0363943 0.00247514 0.00801711 0.00726312 0.000200801 0.0776437 0.00598508 0.000193792 
0.0271465 0.106062 2.78631e-05 0.0871211 0.00333363 0.0634767 3.19874e-09 0.654128 1.43816e-05 0.00131675 3.27686e-05 0.00269144 0.00344124 2.66428e-10 0.00791598 0.00284558 0.00275255 3.95611e-05 0.0113727 0.000829118 5.89406e-05 0.00641818 7.25052e-05 5.21499e-06 0.0184698 0.000427814 3.66159e-07 
0.0211093 0.217211 8.16797e-06 0.00374578 0.000915711 0.00483734 0.000342537 0.615791 8.9703e-05 0.000573742 1.20776e-05 0.000703503 0.00135989 5.34704e-08 0.00824397 0.00305745 6.14398e-05 3.09796e-06 0.0103357 0.00323384 0.000260826 0.000354918 0.000113329 2.79025e-10 0.107586 4.94395e-05 3.85867e-07 
0.0428532 0.348799 0.000493775 0.0229689 0.00763311 0.0113695 1.45342e-07 0.537125 5.99876e-05 0.0028842 4.53737e-05 0.00553353 0.000663037 5.37688e-11 0.00362822 0.000428073 0.000292372 1.19364e-05 0.000506616 0.00206937 3.74895e-05 0.000298304 5.47541e-07 1.87709e-06 0.0121698 0.00012674 3.2001e-09 
0.0115057 0.00588917 3.15072e-09 0.000353067 0.00214008 0.000171557 3.52216e-05 0.904334 0.00224542 0.0536111 5.19666e-05 0.00287069 0.000301996 6.53545e-10 2.73107e-06 1.83703e-07 0.00042978 7.07273e-07 7.05432e-10 0.00318347 0.00021102 0.00145327 2.75839e-07 7.37556e-10 0.00743087 0.00377802 1.66023e-09 
0.0702053 0.0986418 6.59489e-05 0.00769881 0.0132648 0.0652081 2.21189e-05 0.557377 0.00213437 0.00774026 0.000235655 0.0202134 0.00621294 5.60077e-06 0.0180844 0.00226675 0.0128535 4.53629e-05 0.0337224 0.00327303 0.00167341 0.0545921 0.000512093 6.28919e-06 0.0149677 0.00897312 4.10884e-06 
0.0483974 0.0700578 0.000128015 0.00993268 0.0166611 0.0195004 0.000279163 0.731292 0.00239743 0.00450366 0.000148256 0.00899539 0.00477794 8.65483e-06 0.0151682 0.00344261 0.00234738 0.000139124 0.00281499 0.00282719 0.000855103 0.00560123 0.000151736 0.00375835 0.0425956 0.0032101 8.23634e-06 
0.00873031 0.0414902 5.08984e-05 0.179365 0.00123448 0.0305316 2.10218e-08 0.6916 0.00287382 0.00121569 4.87954e-05 0.00165976 0.00482419 3.00483e-12 0.00188075 0.000152102 0.00283653 0.000336381 0.000630791 0.00272556 3.51856e-05 0.00554141 8.69398e-06 7.94689e-06 0.0217162 0.000503801 1.04832e-07 
