0.0527159 0.125014 7.14923e-06 0.000783402 0.00104105 0.0027047 0.0135827 0.00804772 0.349079 0.00423469 8.60733e-05 0.00411194 0.00552117 1.45786e-08 0.00446609 0.188224 0.00338572 0.0827275 0.107077 0.000417362 0.0137403 0.000765595 4.30617e-05 4.12002e-10 0.0322016 2.22115e-05 1.12148e-07 
0.00494911 0.00713521 2.69124e-05 6.15908e-08 0.00448111 4.10983e-06 1.42638e-07 1.07486e-07 0.837414 0.0351423 0.00705056 0.0397554 0.0520228 2.40313e-07 0.000106966 5.92492e-06 1.0972e-05 2.74263e-07 0.000101067 0.00261665 2.99594e-05 3.48891e-07 3.78685e-08 7.39085e-05 0.00521542 0.0038566 1.91441e-07 
0.00224808 2.62337e-05 2.73412e-07 6.93971e-08 3.56013e-05 0.000240884 0.000639104 8.16791e-08 0.888714 0.0519002 7.98529e-05 0.00379938 0.0497098 2.10916e-06 5.1076e-06 0.000180361 5.44073e-08 3.09024e-07 0.000362292 0.00110586 3.5179e-06 4.62573e-08 4.81877e-07 2.1647e-07 0.000879427 6.59638e-05 2.15705e-07 
0.00781617 0.000678009 0.00883129 1.79161e-05 0.000335542 0.0419935 4.31645e-08 4.68408e-05 0.755795 0.0278138 0.00198172 0.0893148 0.0275557 2.71429e-06 0.00826386 0.00106589 4.22046e-05 6.41566e-05 1.50905e-05 0.0142413 0.000622193 0.000198893 3.35378e-05 4.92203e-05 0.00206054 0.0111571 2.84235e-06 
0.0599481 0.0810793 0.000144351 0.00672983 0.00425616 0.122702 0.000219826 0.000988111 0.229951 0.0618837 0.00228565 0.188096 0.0130823 0.000378318 0.000107523 0.00390321 0.00383727 4.49787e-06 0.000905189 0.047373 0.00229378 0.028385 0.000120147 4.89489e-08 0.135165 0.00616067 5.59073e-08 
0.0181708 0.0762191 0.000407145 0.118769 0.00589502 0.00521178 1.2075e-06 0.0242415 0.633366 0.00285912 6.7303e-06 0.0202324 0.0080427 1.93819e-06 0.000223063 0.00430743 0.000192161 0.00516876 0.000102488 0.0582108 4.59994e-06 0.000317393 7.4322e-08 2.11549e-07 0.0177788 0.000267158 2.11782e-06 
0.00107738 0.000115578 6.78268e-08 0.0206915 0.0315477 3.82012e-05 3.98699e-08 5.77466e-07 0.524375 0.194038 5.27229e-08 0.0293409 0.0997179 6.71717e-08 0.000203393 0.000103453 0.0291297 5.95633e-06 1.08756e-07 0.0540764 3.3817e-05 6.5039e-06 6.52678e-08 5.3701e-08 0.0135036 0.00199338 5.3511e-08 
0.0156812 0.00160339 0.000651528 0.000122007 0.0028733 0.021319 1.36851e-07 0.000147915 0.689555 0.139317 0.00735616 0.0811936 0.0022108 0.000149261 0.0193042 0.000799228 0.000287516 0.000436841 0.000102669 0.00353054 0.00132453 0.00135515 8.17286e-05 0.00033516 0.00452558 0.00571812 1.91558e-05 
0.248655 0.0328488 8.37992e-08 0.0100698 0.0920833 0.0928432 5.48315e-05 3.96949e-06 0.250431 0.0514892 3.24941e-05 0.0138995 0.0498021 1.18897e-07 0.0520393 0.015559 0.00027691 1.18417e-07 1.02108e-05 0.0473193 4.66365e-05 0.00524241 1.59283e-07 5.07758e-11 0.0372877 4.94636e-06 5.05962e-11 
0.0046611 0.00198758 7.05988e-07 5.20646e-05 0.0031932 0.0130267 0.000170004 1.09465e-06 0.872758 0.0579037 0.00141904 0.0256797 0.00745906 0.00186054 0.00136247 0.00191562 7.61454e-06 0.000129664 0.000126378 0.000323239 0.000479318 2.69762e-05 1.19265e-05 0.000601176 0.00449763 0.000345573 2.98204e-07 
0.0961483 0.0743963 0.10785 0.0262839 0.028535 0.0107091 3.48626e-05 0.0303869 0.125771 0.0368634 0.0054263 0.105155 0.018464 1.50761e-05 0.00259247 0.1238 0.0198986 0.0108915 0.0503992 0.00677906 0.0272015 0.0444658 0.000372325 9.66418e-06 0.043173 0.00437693 2.74617e-06 
0.00241387 0.00500898 2.13265e-07 0.00953656 0.0109483 0.00267 0.000115571 0.000891542 0.693786 0.0459752 0.00104844 0.125061 0.0204788 7.25992e-05 0.000680899 1.34029e-05 0.0255406 0.000465996 0.00014466 7.06741e-05 5.08181e-05 0.0174846 3.32817e-08 3.37174e-05 0.0242286 0.0100837 0.00319498 
0.00668854 0.00239537 0.000339879 3.9771e-07 0.00736243 0.0022166 0.000282398 5.86986e-07 0.733917 0.106153 0.000302553 0.0664699 0.00345465 0.000503256 0.0107941 0.000908229 0.00143365 0.00337708 8.81464e-09 0.0245782 0.000222636 2.67586e-05 8.6562e-06 8.45234e-05 0.0204831 0.00794851 4.87518e-05 
0.019959 0.120989 9.91256e-08 2.22398e-06 0.000245406 0.000683427 1.67423e-05 0.0154675 0.456883 0.0102771 3.0176e-06 0.0227295 0.0014547 7.5598e-10 0.00196984 0.089765 1.67116e-05 0.0110388 0.218429 0.000375286 0.00624862 0.000591168 3.84845e-05 6.04375e-10 0.0228163 4.29965e-07 6.02237e-10 
0.0139723 0.00350199 0.0090365 0.000183949 0.00307068 0.00148728 0.0141339 2.18763e-05 0.596747 0.0146281 0.0222841 0.0886099 0.0100199 0.001259 0.0213816 0.00661227 0.0178416 0.000636078 5.24687e-05 0.0273133 0.00012606 0.00518269 8.1803e-06 8.23832e-05 0.0419541 0.0998025 5.07579e-05 
0.019959 0.120989 9.91256e-08 2.22398e-06 0.000245406 0.000683427 1.67423e-05 0.0154675 0.456883 0.0102771 3.0176e-06 0.0227295 0.0014547 7.5598e-10 0.00196984 0.089765 1.67116e-05 0.0110388 0.218429 0.000375286 0.00624862 0.000591168 3.84845e-05 6.04375e-10 0.0228163 4.29965e-07 6.02237e-10 
0.00318106 0.00708608 6.1799e-08 0.000171152 0.0106223 0.015204 0.000519932 0.000199859 0.800598 0.0895362 5.80026e-05 0.0174413 0.00696867 0.000769773 0.00012527 0.000429181 2.98584e-05 6.98483e-08 3.54286e-08 0.038576 0.000731819 0.000895882 1.10362e-07 4.89286e-08 0.00488152 0.00197196 1.7137e-06 
0.0560682 0.138049 0.00138965 0.00691691 0.111604 0.016655 0.00565687 0.010871 0.210811 0.176271 0.0033507 0.0435947 0.0726762 2.74298e-06 0.0193678 0.0150648 0.00317224 0.000367352 0.00735314 0.00595072 0.00105218 0.0555169 0.000285068 3.51303e-05 0.0294949 0.00840533 1.70696e-05 
0.000433001 4.86317e-05 1.82649e-06 1.66236e-05 0.000281785 0.00036081 4.67387e-06 2.34245e-07 0.99464 0.000346255 2.3775e-05 0.00343186 5.7046e-06 7.54477e-06 6.30271e-06 7.73079e-05 1.08158e-05 2.06439e-06 1.17398e-06 2.99994e-05 1.4565e-05 1.99118e-05 3.84338e-07 0.000179333 4.28702e-05 1.10305e-05 1.44098e-06 
0.0675629 0.0205505 0.00028727 0.0020863 0.0369722 0.104474 1.38524e-05 0.00192468 0.279626 0.0182914 1.07897e-05 0.0333492 0.0601965 2.69023e-07 0.0340839 0.000680673 0.107981 0.00311526 0.00503369 0.00424016 0.000625601 0.199892 0.000104193 4.03303e-06 0.01305 0.00583809 4.83708e-06 
0.0261662 0.00162622 0.00103352 3.72319e-05 0.000665566 0.051054 1.20737e-07 0.000652863 0.414985 0.0932623 0.00181436 0.238656 0.0300697 0.0156569 0.0103593 0.00271322 0.000595205 0.000168249 3.34229e-05 0.00327031 0.000813081 0.000895368 3.3316e-05 4.30741e-05 0.0472754 0.0581126 7.90683e-06 
0.00720767 0.0523516 2.38163e-06 5.22335e-06 0.140164 0.0562271 4.03232e-06 4.3361e-06 0.534727 0.0294847 7.77883e-05 0.148799 0.00987796 4.44141e-09 5.33674e-06 8.13168e-06 0.0188994 0.00207426 1.44936e-05 1.89677e-05 6.21933e-07 4.61157e-06 7.8126e-08 3.55072e-09 1.20374e-05 1.18165e-05 1.73256e-05 
0.0149789 0.0255686 0.000718201 0.00363914 0.0573821 0.1134 1.08391e-08 0.0146523 0.264816 0.0621411 0.00731043 0.044289 0.0672589 1.82614e-08 0.0152353 0.00022681 0.0217202 3.14289e-05 0.00065878 0.000453499 0.000785902 0.00860618 2.8647e-05 6.7751e-06 0.132629 0.143461 1.12119e-06 
0.000224794 5.16583e-05 1.7879e-05 0.000695033 0.000155442 0.0247771 3.97383e-07 7.86746e-08 0.964909 0.000191614 2.31858e-06 0.00692846 6.0586e-06 6.35907e-07 0.000305421 7.83973e-06 1.07555e-06 5.85949e-08 4.34301e-08 2.18008e-05 1.20936e-05 0.00130693 1.88198e-08 4.10456e-08 0.000380068 4.08173e-06 4.09004e-08 
0.00214094 0.0326167 3.05283e-10 0.0089554 9.23455e-07 0.131545 4.09691e-07 0.0196856 0.649155 0.00646623 2.70954e-07 0.121104 0.000982168 1.12621e-05 0.000631129 0.000969688 2.04784e-07 3.45045e-10 1.03325e-05 0.000791847 0.000737616 9.732e-05 0.000175082 1.56123e-05 0.0239076 5.51481e-08 2.40849e-10 
0.119006 0.0128339 2.95147e-06 0.00338756 0.252591 0.00892053 0.00582816 3.46157e-07 0.274007 0.0629124 0.00100485 0.00825572 0.237066 6.00981e-06 3.72984e-06 4.21751e-05 6.21237e-06 3.3359e-06 1.79922e-06 1.63997e-05 0.00215227 0.00227701 5.44481e-07 0.000196668 2.24413e-05 0.00945389 2.32852e-06 
0.000770501 0.00053111 8.31399e-07 0.000131365 0.0140005 0.0023642 9.38332e-05 0.00364185 0.859018 0.0933247 0.00242168 0.00850899 0.000503044 0.000103001 0.000334462 0.000287578 0.00228906 0.000349644 4.38275e-05 0.0056878 0.000281011 1.4066e-07 9.16468e-07 0.000113922 0.00514939 4.37537e-05 4.53201e-06 
0.0594777 0.0155712 0.000350988 0.014599 0.00431055 2.56891e-05 0.0305173 3.81653e-07 0.665185 0.020651 0.0727417 0.0232123 0.00206922 8.87988e-06 0.000130256 7.49363e-05 0.00199419 3.82893e-06 1.94212e-06 0.0128751 0.0602626 0.00157648 5.28675e-07 0.00114938 0.0113434 0.0018643 2.67267e-06 
0.0527159 0.125014 7.14923e-06 0.000783402 0.00104105 0.0027047 0.0135827 0.00804772 0.349079 0.00423469 8.60733e-05 0.00411194 0.00552117 1.45786e-08 0.00446609 0.188224 0.00338572 0.0827275 0.107077 0.000417362 0.0137403 0.000765595 4.30617e-05 4.12002e-10 0.0322016 2.22115e-05 1.12148e-07 
0.0858567 0.0335547 2.25932e-10 0.05524 0.0258733 0.00427857 0.000283804 0.0703597 0.346784 0.13769 0.000359883 0.0101695 5.3451e-07 1.08069e-06 0.000737761 1.44626e-05 0.0047111 1.26447e-07 1.29524e-10 0.0012432 4.46359e-07 0.000486443 8.08179e-08 1.78879e-10 0.215762 0.00659245 1.78246e-10 
0.0335469 0.0726327 4.24079e-05 0.00692307 0.00323107 0.105187 0.000488913 0.00949326 0.31702 0.0577376 0.00318818 0.195109 0.00906836 0.000233125 0.000148789 0.00602036 0.00188603 1.66603e-06 0.00154128 0.0450379 0.00233221 0.0104231 0.000184189 1.67528e-05 0.116075 0.00243123 1.06435e-07 
0.0495653 0.0556376 1.50092e-08 0.0019703 0.0202919 0.120289 8.99688e-05 0.119273 0.313042 0.0282752 0.000332718 0.0157193 0.0231641 7.89015e-07 4.50754e-05 0.12128 0.00079638 3.38765e-06 0.000796839 0.0639545 0.000836515 0.0129356 3.02062e-06 1.18833e-08 0.0494723 0.00222511 1.67029e-07 
0.0527159 0.125014 7.14923e-06 0.000783402 0.00104105 0.0027047 0.0135827 0.00804772 0.349079 0.00423469 8.60733e-05 0.00411194 0.00552117 1.45786e-08 0.00446609 0.188224 0.00338572 0.0827275 0.107077 0.000417362 0.0137403 0.000765595 4.30617e-05 4.12002e-10 0.0322016 2.22115e-05 1.12148e-07 
0.000207859 0.00112381 1.38389e-06 0.0283897 0.000136054 0.000173902 2.75796e-06 1.69646e-07 0.924855 0.000166999 1.31498e-05 0.013205 0.0241478 0.00423102 3.47232e-06 4.18693e-05 5.9207e-06 1.56414e-06 8.62044e-07 1.51425e-05 8.10364e-06 9.67651e-05 2.69715e-07 1.09568e-06 2.10685e-05 0.00314824 1.0918e-06 
0.0548435 0.0010707 0.00731244 0.000315155 1.40402e-05 0.0456313 0.00163463 0.000364166 0.731468 0.0559294 0.000789068 0.0691994 0.00999263 0.00423084 0.00165448 0.00578352 0.000258102 5.44448e-07 0.000126939 0.00403045 4.30068e-06 0.00227349 6.01403e-07 3.81384e-07 0.00275369 0.00030866 9.16736e-06 
5.14951e-05 2.05366e-08 2.54815e-07 6.46768e-08 2.10032e-08 1.36297e-05 1.49785e-07 2.76601e-08 0.994569 2.60155e-08 1.98072e-07 1.13453e-05 2.57056e-08 2.52354e-07 4.37481e-08 5.93488e-06 1.61339e-05 2.88005e-07 1.46082e-07 0.000100141 1.41807e-07 0.00523044 3.97659e-08 2.01747e-07 2.88977e-08 5.50628e-08 2.01033e-07 
0.0201936 0.0301953 2.44631e-07 0.00713179 6.07315e-05 0.125967 0.000154608 0.0108782 0.664079 0.0167222 3.32668e-05 0.0949286 0.00231246 2.78607e-05 0.0015332 0.000778807 0.000333519 3.16672e-10 3.96327e-05 0.00150453 0.000413499 0.000273743 0.000138489 4.86704e-06 0.0222083 8.56736e-05 2.21043e-10 
0.00468245 0.00497671 3.57067e-05 9.48809e-05 0.00346958 0.0445178 9.64891e-06 3.83045e-05 0.872477 0.0159116 4.8191e-05 0.00778822 0.026469 1.47362e-06 4.31271e-06 0.000106679 1.43252e-05 3.5084e-07 1.77954e-07 1.13231e-06 2.30786e-06 4.61694e-05 3.27061e-07 2.45762e-07 0.0153411 0.0039561 5.83e-06 
0.00214094 0.0326167 3.05283e-10 0.0089554 9.23455e-07 0.131545 4.09691e-07 0.0196856 0.649155 0.00646623 2.70954e-07 0.121104 0.000982168 1.12621e-05 0.000631129 0.000969688 2.04784e-07 3.45045e-10 1.03325e-05 0.000791847 0.000737616 9.732e-05 0.000175082 1.56123e-05 0.0239076 5.51481e-08 2.40849e-10 
0.0156718 0.0153159 6.37348e-05 0.000142117 0.00307848 0.0229055 2.56781e-05 0.000760725 0.703592 0.111536 0.00748693 0.0757489 0.0102179 0.000899418 0.0073861 0.00372126 0.00029755 2.23806e-05 6.42271e-05 0.000769022 0.000605915 0.00447491 1.96748e-05 0.00354659 0.00553356 0.0061123 1.81352e-06 
0.0426914 0.22429 7.93112e-05 0.00134525 0.000217325 0.00552258 1.19805e-05 0.0134785 0.326349 0.0202101 2.15944e-06 0.0210854 0.0129158 6.92428e-10 0.0027888 0.0667706 0.00430199 0.0217029 0.156279 0.00118554 0.00807702 0.0198278 7.73113e-05 5.53567e-10 0.0506698 0.000120568 5.51609e-10 
0.0708835 0.00823056 2.01392e-07 0.00148563 0.02124 0.190678 2.26736e-06 0.000469174 0.306482 0.00815362 1.88212e-05 0.0217469 0.253634 9.41294e-07 0.00350196 0.0159298 0.0189195 1.72907e-05 0.000116958 0.000862919 0.000122166 0.0106705 0.0539799 3.74063e-06 0.00747399 0.00532868 4.71745e-05 
0.0316676 2.91094e-05 3.93588e-07 9.99e-08 0.0120503 3.39979e-06 0.0086564 9.14286e-08 0.741036 0.073925 0.00222143 0.0323674 0.0577845 0.00112153 0.000301422 0.000138231 7.83216e-08 0.000556871 0.000249738 0.0362691 0.00053631 9.01804e-06 4.72796e-07 3.90599e-06 0.000717599 0.000347498 6.67122e-06 
0.000562312 3.69823e-08 4.5887e-07 0.000104978 4.2464e-05 3.03513e-06 0.000175629 9.3166e-08 0.902834 0.0814301 5.04738e-05 0.0107767 0.00218616 1.98721e-06 0.000458939 0.000109048 9.13123e-08 5.18638e-07 2.63064e-07 0.000741206 3.06159e-06 7.7634e-08 4.37806e-07 3.63304e-07 5.48642e-05 0.000458818 3.66352e-06 
0.067854 0.0843451 0.000474219 0.00170755 0.00202863 0.230947 2.45287e-06 0.0263835 0.301281 0.0980003 1.32495e-05 0.0193214 0.0490204 3.49286e-07 0.00218694 1.29729e-09 0.000623674 5.99029e-05 8.6134e-08 0.00165943 0.00065727 0.00192988 0.00127098 6.0688e-07 0.060013 0.0501339 8.57862e-05 
0.00630758 0.117547 0.000698225 0.000760676 1.13545e-05 0.285065 2.10625e-10 0.000234412 0.332858 0.0588659 5.69174e-08 0.0459206 0.0935303 5.2142e-08 0.00506314 2.60302e-07 1.31577e-07 2.55726e-06 4.32435e-08 0.00186954 0.000754131 0.00184473 0.0173269 0.000789002 0.0298258 0.000598356 0.000125939 
0.000475917 0.101421 1.45968e-08 0.00383417 0.000341695 0.0005289 6.9742e-05 0.0134827 0.857125 0.00138871 8.14318e-06 0.00168657 1.36129e-05 2.10093e-06 2.0691e-05 0.00167034 3.80501e-06 1.6498e-08 5.43774e-08 0.00634289 2.78206e-05 3.06049e-05 3.82857e-08 6.47175e-05 0.0114514 9.4793e-06 1.15159e-08 
0.0850411 0.00335709 2.04396e-08 0.00141851 0.00755389 0.00502248 1.68478e-05 0.0110686 0.672679 0.136261 0.0138519 0.0298314 0.000359487 2.02422e-08 0.000312429 3.43627e-06 0.00309118 2.66428e-07 3.08641e-06 0.000993533 0.000180507 0.000514211 2.03609e-06 1.27735e-06 0.0243228 0.00411306 1.68453e-07 
0.0131156 0.0294445 0.000175521 0.00219243 0.0220927 0.0454002 9.44685e-05 4.46415e-05 0.387804 0.0104005 0.00151734 0.0477906 0.0171569 0.338325 0.000832741 0.0079109 0.00116224 0.0101435 0.00069863 0.0132115 0.0012095 0.00190119 0.0203419 1.49675e-06 0.0262728 0.000200565 0.000559202 
0.000290398 0.129427 0.000596474 7.38986e-05 0.00280743 0.000360879 7.80424e-05 0.000910182 0.738067 0.0075355 0.0118628 0.0237138 0.00106293 6.10038e-07 0.000185616 1.78675e-07 0.00272871 3.77296e-06 3.53137e-07 0.00500797 0.00199077 2.31737e-05 2.06574e-06 4.877e-07 0.0689292 0.00430062 4.02481e-05 
0.00912535 0.0124408 1.92035e-05 0.00160658 3.24534e-05 0.00425468 0.00383387 2.41314e-05 0.323879 0.057694 0.00728446 0.284842 0.14946 7.72171e-07 0.00761025 0.00544891 1.12546e-05 0.000311442 2.2392e-08 0.115881 0.00023194 0.000157407 3.95186e-06 3.09245e-08 0.00379473 0.0120518 3.08151e-08 
0.00920851 0.0214928 2.30813e-08 4.75397e-05 0.0319169 0.0277454 0.0557115 0.000291534 0.222605 0.187111 0.147 0.0279673 0.0964446 0.00282115 0.00324443 0.00234571 0.000281644 2.60877e-08 1.32322e-08 0.0120415 4.44545e-06 6.72579e-06 3.35621e-07 1.82743e-08 0.0950627 0.0566253 2.39468e-05 
0.00300685 0.00421019 1.28713e-06 1.79042e-06 0.00212611 0.00184368 1.15559e-06 5.16879e-07 0.874639 0.0292322 0.000266496 0.0550493 0.00299959 1.48165e-06 0.00845436 0.000780577 2.43446e-05 5.2026e-05 1.30744e-05 0.000101051 0.00384308 1.67631e-05 5.20683e-05 0.00338665 0.00265963 0.0064652 0.00077163 
0.0467115 0.010287 0.00302529 0.133291 0.0189476 0.00380733 0.00294837 1.76306e-05 0.218515 0.00812954 0.189274 0.101052 0.0267492 4.93041e-08 0.00543317 2.2796e-06 0.1106 1.53489e-06 4.0889e-07 0.0209302 0.0048479 0.00130109 1.4927e-07 4.39778e-09 0.0881554 0.0059717 4.36435e-07 
0.0464495 0.133631 0.000152846 0.000847998 0.00865388 0.00225393 0.011319 0.00670651 0.298533 0.0125173 7.1732e-05 0.0071931 0.0173612 9.54314e-05 0.00493591 0.197585 0.00806041 0.106097 0.0942064 0.000347816 0.0114504 0.00193544 3.58901e-05 1.04951e-07 0.0276653 0.00189363 9.47697e-08 
0.0858567 0.0335547 2.25932e-10 0.05524 0.0258733 0.00427857 0.000283804 0.0703597 0.346784 0.13769 0.000359883 0.0101695 5.3451e-07 1.08069e-06 0.000737761 1.44626e-05 0.0047111 1.26447e-07 1.29524e-10 0.0012432 4.46359e-07 0.000486443 8.08179e-08 1.78879e-10 0.215762 0.00659245 1.78246e-10 
0.0208709 0.0310058 0.000182785 0.000166725 0.237751 0.0407817 1.51386e-06 0.0067775 0.36481 0.0197389 1.62512e-05 0.00197554 0.127233 2.2072e-09 0.00362823 0.0114293 0.000344677 0.000100698 0.000105491 0.000179745 0.013648 0.0628615 0.00835251 0.000469146 0.0330386 0.0145287 1.36096e-06 
0.152776 0.184644 0.000245769 0.0095546 0.0565495 0.0509122 1.30744e-05 0.00480752 0.200805 0.0345667 7.06869e-05 0.0622537 0.0816902 4.23264e-06 0.0635106 0.00290907 0.00103637 0.000473944 0.0255282 0.0102328 0.000156227 0.00244148 3.96575e-05 7.75969e-05 0.0530713 0.00162788 2.30523e-06 
0.0871215 0.00716968 1.00395e-05 0.00632216 0.061934 0.0987967 0.000253453 0.000489735 0.257574 0.139523 9.52592e-05 0.00381507 0.187508 0.000597201 0.00303367 0.0125891 0.0110349 0.000603247 0.000456069 0.00799179 0.000802205 0.0173011 0.025908 7.44925e-05 0.0334496 0.0355026 4.36218e-05 
0.00239575 0.0150131 2.12296e-08 0.000765334 0.00367312 0.00379392 0.000757049 1.03921e-07 0.738806 0.0316601 0.000438328 0.0180526 0.106506 9.92973e-07 0.00355595 0.000691003 1.07223e-05 2.39947e-08 2.18908e-08 0.0650959 4.39175e-05 1.72892e-05 1.17392e-08 1.68083e-08 0.00861651 0.000106577 1.67488e-08 
0.000822266 0.00788205 7.99893e-07 0.183377 2.04784e-05 0.023999 2.61397e-05 0.000289964 0.344287 0.00650919 6.2177e-07 0.132038 5.0046e-05 7.92167e-07 3.56245e-05 4.47786e-05 1.29919e-05 9.04078e-07 4.58568e-07 0.0216541 4.45148e-07 1.3533e-07 1.87508e-06 5.24564e-05 0.278764 0.000108215 1.99182e-05 
0.11305 0.0128312 0.0514721 1.1844e-05 0.00681184 0.0130523 1.03696e-08 4.1564e-06 0.375556 0.0828 0.000144863 0.094376 0.0677385 4.28353e-05 0.0450587 0.0445567 3.51039e-09 1.99384e-08 0.00106631 0.0390862 0.000467422 1.43761e-06 3.66898e-05 1.39668e-08 0.0506152 0.00117397 4.57713e-05 
0.0218488 0.0905009 0.000948336 0.00211311 0.0645639 0.0107228 0.000105504 2.84392e-05 0.31581 0.090942 0.00018026 0.0213908 0.0534056 0.00449014 0.0207086 0.0217081 0.0225876 4.10777e-05 0.000392157 0.0693671 0.000198719 0.0268517 0.000129126 2.48475e-06 0.118417 0.0425436 1.58562e-06 
0.0527159 0.125014 7.14923e-06 0.000783402 0.00104105 0.0027047 0.0135827 0.00804772 0.349079 0.00423469 8.60733e-05 0.00411194 0.00552117 1.45786e-08 0.00446609 0.188224 0.00338572 0.0827275 0.107077 0.000417362 0.0137403 0.000765595 4.30617e-05 4.12002e-10 0.0322016 2.22115e-05 1.12148e-07 
0.0497987 0.0311294 3.35083e-06 0.186539 0.0321448 0.0207539 0.0644361 0.00962912 0.300561 0.00631039 7.29367e-08 0.150524 0.0161295 1.44763e-09 0.0335046 0.0126504 0.00817731 1.66219e-05 0.0205469 0.0189904 0.00413538 0.0192042 0.00103967 4.27014e-05 0.012133 0.00155541 4.47129e-05 
0.120464 0.0106222 2.40416e-09 0.138831 0.0749919 0.0283345 1.60169e-06 0.000815922 0.478185 0.00633862 1.24654e-07 0.00935901 0.00852081 3.38852e-08 0.0935507 0.000597112 7.99565e-05 2.71729e-09 2.10236e-06 0.0194988 0.000264493 0.000968103 7.78539e-09 4.06471e-07 0.00857132 2.19836e-06 1.89673e-09 
0.162719 0.0772076 0.00247131 0.00424317 0.0177626 0.111296 0.000908165 0.0063139 0.301862 0.058872 0.000331429 0.0627909 0.036605 3.05691e-09 0.0109692 0.0354782 0.00461157 0.00341438 0.0315494 0.0141931 0.00524599 0.011936 0.000360335 4.70664e-05 0.03257 0.00624192 1.78296e-07 
0.00681011 0.0291267 0.000129314 0.00221733 0.0203269 0.134459 4.98339e-08 0.000468465 0.590385 0.0398254 0.00013557 0.0228683 0.0416587 0.000211974 0.0284343 0.00156527 0.0019657 0.000307373 0.00517499 0.00119448 0.000121048 0.0496502 0.0158233 2.24018e-08 0.00588032 0.00124861 1.23627e-05 
0.0075109 0.00860099 7.98838e-08 2.0276e-08 0.00102387 0.00387868 0.00124355 0.000200232 0.812327 0.0940263 0.00193209 0.026464 0.026705 3.7329e-06 0.000105798 0.00167548 1.58964e-08 9.02886e-08 4.57963e-08 0.00702944 1.70145e-05 1.35151e-08 1.19204e-06 1.02868e-05 0.00605345 0.00118873 1.88114e-06 
6.0424e-07 0.0403005 6.03137e-07 0.0132885 6.04195e-07 0.00743222 6.03614e-07 0.000423519 0.902551 6.04172e-07 6.03393e-07 0.0052571 6.04173e-07 6.03147e-07 6.04092e-07 6.03953e-07 6.04061e-07 0.00500539 6.03631e-07 6.04006e-07 0.00917602 6.04095e-07 6.04109e-07 6.03377e-07 0.0165546 6.04042e-07 6.03379e-07 
0.00101941 0.00203174 0.000810849 0.000274848 0.000829238 0.00253368 0.000113735 0.000321109 0.804479 0.0799326 0.00622795 0.0355621 0.0510974 6.40539e-07 0.000227677 0.00169872 0.000357738 0.000543828 0.000127923 0.00128382 0.000172086 0.00168585 2.68474e-05 0.000417218 0.00603294 0.00216724 2.41114e-05 
9.5862e-06 0.00669317 0.000113637 0.00196809 1.09092e-05 0.00224962 6.38019e-07 4.43002e-07 0.846259 0.0417187 8.437e-07 0.00040813 0.0469477 1.07492e-06 1.5483e-06 3.14834e-07 0.000168852 0.00122844 0.000644634 0.000873441 0.00256581 4.59499e-06 2.21829e-07 8.59352e-07 0.0242532 0.0238753 8.56313e-07 
0.014106 0.000465985 2.88038e-07 9.4243e-06 0.0164665 0.00168207 8.28389e-07 5.48107e-06 0.572525 0.176734 0.00101072 0.0550042 0.0035419 0.148964 0.000547807 0.00365669 4.09741e-05 0.000566414 8.63803e-07 0.00147437 0.000150227 0.000135674 4.31431e-06 0.00200699 0.000515875 0.000371776 1.1618e-05 
5.38872e-05 0.0145252 0.00220902 0.00554272 0.0507756 0.00860189 8.8603e-06 0.000206661 0.395446 0.00535475 0.0155621 0.0485999 0.0063921 4.49147e-07 2.22929e-06 0.000121224 0.387964 6.88612e-06 2.60001e-07 0.0140101 0.0075386 0.024309 1.89282e-05 3.59074e-07 0.0116381 0.00104519 6.56619e-05 
0.05278 0.046818 3.35067e-05 0.000755871 0.0174948 0.0824687 0.000943373 0.00630411 0.391458 0.0242708 0.00092555 0.0508895 0.0374916 7.29223e-05 0.185511 0.0217836 0.0203104 0.00136205 0.000911569 0.0231891 0.00131809 0.00193146 4.31487e-05 0.00570875 0.0151584 0.0100441 2.11572e-05 
0.0372047 0.0882471 5.55891e-06 0.000588876 0.000740195 0.00192095 0.00962191 0.00578203 0.455365 0.00299546 6.74122e-05 0.00290498 0.00391683 1.03184e-07 0.00316137 0.169379 0.00241978 0.0932452 0.0890531 0.00030787 0.00971284 0.000546035 3.8007e-05 4.75675e-09 0.0227566 1.8645e-05 6.60017e-07 
0.0527159 0.125014 7.14923e-06 0.000783402 0.00104105 0.0027047 0.0135827 0.00804772 0.349079 0.00423469 8.60733e-05 0.00411194 0.00552117 1.45786e-08 0.00446609 0.188224 0.00338572 0.0827275 0.107077 0.000417362 0.0137403 0.000765595 4.30617e-05 4.12002e-10 0.0322016 2.22115e-05 1.12148e-07 
0.0281631 0.000586513 0.000119287 0.000236626 0.0190063 0.0073565 0.0633072 1.30189e-08 0.49273 0.291269 1.79389e-05 0.00289494 0.0402759 9.89698e-05 0.00288366 0.000315667 1.52532e-08 8.66354e-08 7.2546e-08 0.00976635 0.000413376 0.000586768 3.72134e-08 6.06879e-08 0.00133272 0.0386381 6.04733e-08 
0.017461 0.00286127 0.183626 0.00191419 0.0230873 0.00104326 1.6377e-06 2.14177e-09 0.672474 0.0216705 0.000433223 0.0394135 0.00998424 2.47382e-06 1.49405e-05 0.0128835 0.00758052 5.24334e-10 2.51731e-05 0.00119566 0.000626651 3.13204e-05 9.42893e-09 3.67295e-10 0.00238862 0.00123768 4.33372e-05 
0.00141556 0.0282234 2.93565e-09 0.00105237 0.000413677 0.00108723 1.17153e-05 0.0317402 0.92381 0.000930958 2.01645e-05 0.00169456 2.29978e-05 1.1546e-06 1.72477e-05 0.00117247 0.00347186 3.31802e-09 6.7785e-09 0.00168426 3.32594e-05 2.50338e-05 6.35688e-09 1.47724e-06 0.00312383 4.60631e-05 2.31604e-09 
0.197459 0.0427763 1.87317e-05 0.000431686 0.0336057 0.18965 8.49496e-09 0.00647187 0.310745 0.004725 0.000365392 0.0338759 0.0136965 2.48379e-05 0.00916959 0.00849353 0.00125946 0.00180506 0.00505243 0.000317587 0.000274136 0.0404749 0.00474813 0.0772976 0.0171218 0.000117419 2.32445e-05 
0.0178237 0.129901 1.88053e-05 0.00510156 0.0206427 0.0105344 0.00111675 0.00820635 0.309934 0.0471951 0.00331945 0.051538 0.0365629 9.04651e-08 0.00725082 0.163095 0.00143364 0.0281798 0.067855 0.029757 0.00607104 0.00432647 0.0211736 4.12422e-05 0.0287766 0.000141957 3.254e-06 
0.0141985 0.00391371 0.000102914 0.000261333 0.00401312 0.0120867 1.77595e-07 3.63497e-06 0.704071 0.0807497 0.00787652 0.0918422 0.0219272 6.29986e-06 0.00351626 0.0220036 2.02378e-05 0.000279503 1.73204e-07 0.000502046 0.000122487 1.75386e-05 3.89722e-06 0.00710065 0.0017421 0.0236328 5.85561e-06 
0.0105866 0.0879092 0.000613019 0.00132211 0.0303643 1.07125e-06 0.00387364 0.0389587 0.525306 0.00901208 0.00249059 0.0921568 0.0932288 5.13932e-05 0.0025842 7.85607e-05 0.0169468 0.0178069 0.00211783 0.00322353 0.0360182 0.00757239 6.46127e-06 2.33767e-06 0.0146235 0.00314486 3.99993e-07 
2.51754e-05 3.68597e-05 2.07885e-06 3.18245e-05 2.86081e-05 6.6991e-05 1.22199e-06 1.08621e-06 0.999588 4.32637e-05 1.61593e-06 1.00432e-05 2.94246e-05 2.05877e-06 3.95103e-06 6.02997e-07 4.13678e-07 2.34962e-06 1.39304e-06 2.01903e-05 6.55238e-05 1.20157e-05 4.81932e-07 1.6459e-06 1.7328e-05 3.98198e-06 1.64008e-06 
0.00104076 0.000159072 6.14574e-08 6.23577e-05 0.000690326 0.00100555 1.78007e-06 2.65368e-07 0.99462 0.000756674 3.43037e-05 0.0003398 2.9587e-05 2.75094e-06 2.88689e-05 0.00095635 2.75302e-05 6.94621e-08 6.18965e-08 6.71391e-05 4.58513e-05 4.39834e-05 3.25286e-08 4.86581e-08 7.24868e-05 1.43026e-05 4.8486e-08 
0.0714102 0.131381 7.1363e-06 0.000783117 0.000589201 0.00624434 0.00614865 0.0125955 0.319021 0.00413934 0.000181955 0.00607511 0.00671412 1.33752e-08 0.00552802 0.178806 0.0103132 0.0803214 0.097246 0.000664671 0.0121597 0.00120469 5.5924e-05 3.46768e-10 0.0483636 4.58591e-05 1.01324e-07 
0.00420453 0.0109609 1.96278e-07 0.00158126 2.60679e-06 0.0279869 8.22452e-06 2.83408e-07 0.732252 0.05882 0.00168263 0.115141 0.0196482 0.00198997 0.00797938 0.010647 1.61118e-06 2.21844e-07 5.92167e-06 0.00166218 1.60577e-05 2.93891e-06 3.07776e-07 1.55401e-07 0.00252838 0.00287485 1.78083e-06 
0.000473251 0.0818621 2.81535e-09 0.00453196 0.0566366 0.054668 8.16523e-07 0.000526565 0.508396 0.0855777 5.06202e-06 0.0202829 0.132682 1.30105e-06 1.69295e-05 0.0425263 2.36633e-06 3.18205e-09 5.23967e-08 0.00459077 0.00207372 0.00196773 4.01829e-08 2.22902e-09 0.00130591 0.00186874 2.62163e-06 
0.0362909 0.0098289 2.65509e-05 0.00563346 0.0165013 0.184835 1.01016e-05 0.000225334 0.619505 0.0307241 0.00270878 0.0285946 0.00479116 6.16903e-07 0.00258227 0.00273945 0.00023085 1.66957e-05 0.00593106 0.00718607 0.01148 0.0241488 1.07566e-05 0.000215911 0.00542179 0.000359986 4.21513e-07 
0.088944 0.00227497 4.34439e-06 0.000969519 0.0202643 0.0550847 0.0022377 1.04434e-05 0.560907 0.209048 2.49349e-05 0.000153147 0.00608907 6.99754e-07 0.00625036 0.00319879 0.000189988 6.13541e-06 3.28709e-05 0.0182611 3.33845e-05 0.0209859 2.56468e-07 1.29398e-08 0.00502407 3.89761e-06 1.2894e-08 
0.0217402 0.00298067 4.70495e-05 0.000115201 0.00199415 0.0127299 0.00241182 9.13818e-05 0.512405 0.144489 0.00187573 0.0494646 0.0928347 0.00186489 0.00566441 0.0022767 0.00179621 6.44278e-06 3.60445e-05 0.11506 0.000313326 0.00726013 8.5312e-06 4.94273e-06 0.00341351 0.0191143 9.18971e-07 
0.00788792 3.24546e-05 0.000130732 0.0005196 9.57739e-05 0.00372526 1.08687e-06 2.0366e-07 0.871141 0.00956265 0.0112356 0.0873555 0.00112455 1.75764e-06 6.02791e-06 0.00431547 0.000284268 5.46411e-07 3.10704e-07 0.00116372 1.10073e-05 9.91717e-06 1.35625e-05 3.82759e-07 0.00137651 3.5851e-06 3.81406e-07 
0.0527159 0.125014 7.14923e-06 0.000783402 0.00104105 0.0027047 0.0135827 0.00804772 0.349079 0.00423469 8.60733e-05 0.00411194 0.00552117 1.45786e-08 0.00446609 0.188224 0.00338572 0.0827275 0.107077 0.000417362 0.0137403 0.000765595 4.30617e-05 4.12002e-10 0.0322016 2.22115e-05 1.12148e-07 
0.166681 0.0295045 2.20453e-07 0.00660118 0.0950942 0.109029 0.00203 4.43866e-05 0.25867 0.0815091 0.00952783 0.0768087 2.20832e-07 0.0019182 0.0115703 0.0877716 0.0174207 2.20398e-07 2.20634e-07 0.011392 2.20639e-07 0.0118353 2.20809e-07 2.20541e-07 0.015436 0.00715362 2.20542e-07 
0.0527159 0.125014 7.14923e-06 0.000783402 0.00104105 0.0027047 0.0135827 0.00804772 0.349079 0.00423469 8.60733e-05 0.00411194 0.00552117 1.45786e-08 0.00446609 0.188224 0.00338572 0.0827275 0.107077 0.000417362 0.0137403 0.000765595 4.30617e-05 4.12002e-10 0.0322016 2.22115e-05 1.12148e-07 
0.0527159 0.125014 7.14923e-06 0.000783402 0.00104105 0.0027047 0.0135827 0.00804772 0.349079 0.00423469 8.60733e-05 0.00411194 0.00552117 1.45786e-08 0.00446609 0.188224 0.00338572 0.0827275 0.107077 0.000417362 0.0137403 0.000765595 4.30617e-05 4.12002e-10 0.0322016 2.22115e-05 1.12148e-07 
0.127662 0.00135954 0.000259525 0.000110423 0.0352632 0.00344408 1.22016e-06 8.35972e-06 0.603246 0.0326542 1.61351e-06 0.00647434 0.00969366 2.0557e-06 0.000151885 4.71861e-06 0.000262798 0.000647226 0.0033639 0.14544 9.98974e-05 0.000477709 3.23936e-07 1.64344e-06 0.0292393 0.000128939 1.63763e-06 
0.00183674 0.00222127 1.99796e-05 1.51854e-10 0.00395122 7.74582e-05 0.00322472 1.60263e-09 0.898798 0.0334625 0.00181192 0.0390277 0.00523405 0.00103365 0.000464104 0.00038544 8.15897e-06 6.76201e-10 3.42984e-10 0.00144717 0.00016279 0.00129493 1.98388e-06 4.73678e-10 0.00392488 0.00160814 3.02889e-06 
0.00048528 0.000114839 7.03426e-07 5.16057e-05 0.000341348 0.000541237 3.00852e-06 4.91558e-07 0.997599 0.000419297 1.66604e-05 0.000132042 1.60231e-05 4.83107e-06 2.04786e-05 5.55456e-05 7.67401e-06 7.95047e-07 4.93932e-07 5.30465e-05 3.46619e-05 3.4157e-05 1.80733e-07 5.56928e-07 5.39261e-05 1.18927e-05 5.54959e-07 
0.019959 0.120989 9.91256e-08 2.22398e-06 0.000245406 0.000683427 1.67423e-05 0.0154675 0.456883 0.0102771 3.0176e-06 0.0227295 0.0014547 7.5598e-10 0.00196984 0.089765 1.67116e-05 0.0110388 0.218429 0.000375286 0.00624862 0.000591168 3.84845e-05 6.04375e-10 0.0228163 4.29965e-07 6.02237e-10 
0.0243719 0.0377974 2.01358e-05 0.000924592 0.018828 0.044934 4.92583e-07 0.00188626 0.346427 0.210831 0.00241907 0.00710676 0.11948 3.73812e-09 0.00294548 0.025214 0.00654993 1.74698e-05 0.000121286 0.0148733 1.14735e-05 0.00947696 5.81781e-07 0.000756033 0.121585 0.00342247 2.9779e-09 
0.000316446 7.33282e-05 1.44586e-07 3.10564e-05 0.000219593 0.000351609 8.01972e-07 1.76399e-07 0.870559 0.0149491 0.00570305 0.088056 0.00206795 1.28549e-06 1.14275e-05 0.0122515 2.11035e-06 6.19081e-05 1.15541e-07 3.1646e-05 1.89361e-05 2.02316e-05 4.8118e-08 9.23725e-05 3.33696e-05 0.00514691 1.14069e-07 
0.00150116 0.000957318 1.88035e-06 0.000406735 0.00280487 0.000211132 0.00305776 4.44193e-05 0.857926 0.00389876 0.0134316 0.052495 0.0403176 5.04227e-09 0.000220201 0.000240178 0.00283089 8.90492e-05 0.000695881 0.00654618 0.000156168 0.000865782 3.26325e-05 4.03109e-09 0.0101996 0.0010689 4.01683e-09 
0.0527159 0.125014 7.14923e-06 0.000783402 0.00104105 0.0027047 0.0135827 0.00804772 0.349079 0.00423469 8.60733e-05 0.00411194 0.00552117 1.45786e-08 0.00446609 0.188224 0.00338572 0.0827275 0.107077 0.000417362 0.0137403 0.000765595 4.30617e-05 4.12002e-10 0.0322016 2.22115e-05 1.12148e-07 
0.00048298 0.00188012 6.80009e-09 5.21892e-05 0.0605188 0.0369266 2.26517e-06 5.32018e-07 0.592486 0.000416555 1.40458e-05 0.000130588 0.237104 3.60926e-06 0.0617093 4.82236e-05 0.00294898 7.68579e-09 8.23586e-08 5.2499e-05 0.00275972 3.37347e-05 6.24658e-08 5.38388e-09 5.31861e-05 0.00237579 5.36484e-09 
0.0524205 0.0165709 5.36492e-07 0.0039065 1.05478e-06 0.117013 4.55646e-07 2.22487e-05 0.685772 0.0342131 3.11238e-07 0.0637385 0.00377054 1.91997e-05 0.00205945 0.000224194 0.000622006 2.76981e-10 4.98489e-07 0.00206108 7.54895e-07 0.000474061 8.65415e-05 1.94025e-10 0.0167938 0.000228632 1.93338e-10 
0.0126964 0.00125321 0.000155681 5.27339e-06 0.00272055 0.0125039 0.0223252 8.27428e-08 0.650639 0.211389 0.000578614 0.0535228 0.0134917 1.68854e-06 0.000906155 0.000452169 4.81851e-05 2.1589e-05 0.000322214 0.00129634 0.000613996 0.000947576 7.99189e-06 0.000939765 0.000530144 0.0126303 7.20283e-07 
0.019959 0.120989 9.91256e-08 2.22398e-06 0.000245406 0.000683427 1.67423e-05 0.0154675 0.456883 0.0102771 3.0176e-06 0.0227295 0.0014547 7.5598e-10 0.00196984 0.089765 1.67116e-05 0.0110388 0.218429 0.000375286 0.00624862 0.000591168 3.84845e-05 6.04375e-10 0.0228163 4.29965e-07 6.02237e-10 
0.0301385 0.0020912 0.000504586 0.0056999 0.014512 0.00143846 9.15668e-05 0.00858791 0.536504 0.292191 0.0021158 0.0714713 0.00899142 7.33348e-07 0.000126365 8.44158e-06 0.0100716 0.0018336 9.5355e-08 0.000554172 0.00217026 0.000199414 1.72564e-06 8.39387e-08 0.00691618 0.00377883 8.36418e-08 
0.00341473 0.0434612 6.12003e-05 0.00462142 0.000479775 0.0128668 5.99529e-05 0.00511494 0.721367 0.0177366 0.000709265 0.0746396 0.000830242 1.06277e-07 0.000225442 0.0172246 0.00156065 0.0035091 0.0225469 0.00787071 0.00334813 0.00784275 0.00213016 4.41302e-05 0.0482117 6.61669e-05 5.61918e-05 
0.102989 5.92724e-05 5.53927e-06 7.55761e-06 0.00544712 0.0758175 4.52384e-07 1.22124e-05 0.495215 0.0702032 9.25147e-05 0.0148241 0.0642048 2.84721e-06 0.00653157 0.00558945 2.08163e-05 3.50197e-08 3.52466e-05 0.000584521 0.000148746 0.00877102 6.91566e-05 2.45312e-08 0.00418899 0.145178 6.45257e-07 
0.0688172 0.0502027 5.704e-05 0.003948 0.0268501 0.0616632 0.00294678 0.0012878 0.65497 0.0266732 0.00146323 0.0207851 0.0555486 3.25393e-05 0.00538176 0.00297909 0.000542683 2.28111e-06 0.000976645 0.00605877 0.000120346 0.00226446 1.05378e-05 1.28039e-06 0.00451867 0.0018971 8.3442e-07 
0.019959 0.120989 9.91256e-08 2.22398e-06 0.000245406 0.000683427 1.67423e-05 0.0154675 0.456883 0.0102771 3.0176e-06 0.0227295 0.0014547 7.5598e-10 0.00196984 0.089765 1.67116e-05 0.0110388 0.218429 0.000375286 0.00624862 0.000591168 3.84845e-05 6.04375e-10 0.0228163 4.29965e-07 6.02237e-10 
0.112507 0.0706294 0.000604287 0.0268186 0.0319389 0.0817154 1.00131e-05 0.00643949 0.246144 0.0167378 0.000137235 0.0237697 0.0786525 7.02461e-08 0.0190563 0.000485134 0.0554525 0.0015989 0.00435262 0.00603709 0.00136244 0.162321 0.000210214 1.46253e-05 0.0453524 0.00765007 3.18143e-06 
0.000567359 8.66241e-05 8.79165e-06 0.00281798 0.000376172 0.0161435 9.25285e-07 1.40757e-07 0.972966 0.000412321 1.8414e-05 0.00466837 1.60812e-05 1.42802e-06 0.000203751 0.000520614 1.48768e-05 4.32216e-08 3.53543e-08 3.64594e-05 2.48543e-05 0.000841994 1.76086e-08 3.02766e-08 0.000265686 7.72507e-06 3.01695e-08 
0.0527159 0.125014 7.14923e-06 0.000783402 0.00104105 0.0027047 0.0135827 0.00804772 0.349079 0.00423469 8.60733e-05 0.00411194 0.00552117 1.45786e-08 0.00446609 0.188224 0.00338572 0.0827275 0.107077 0.000417362 0.0137403 0.000765595 4.30617e-05 4.12002e-10 0.0322016 2.22115e-05 1.12148e-07 
0.0668922 0.040563 0.000844709 0.0268389 0.0481447 0.0465859 1.24864e-10 6.21998e-06 0.310231 0.109441 3.52126e-07 0.0321545 0.218593 4.97368e-05 0.011607 0.0155597 0.000572079 2.40087e-10 0.000900051 0.00654058 0.000921922 0.0103772 1.60813e-06 1.35069e-06 0.0425694 0.0106026 1.90179e-07 
0.00630758 0.117547 0.000698225 0.000760676 1.13545e-05 0.285065 2.10625e-10 0.000234412 0.332858 0.0588659 5.69174e-08 0.0459206 0.0935303 5.2142e-08 0.00506314 2.60302e-07 1.31577e-07 2.55726e-06 4.32435e-08 0.00186954 0.000754131 0.00184473 0.0173269 0.000789002 0.0298258 0.000598356 0.000125939 
0.00214094 0.0326167 3.05283e-10 0.0089554 9.23455e-07 0.131545 4.09691e-07 0.0196856 0.649155 0.00646623 2.70954e-07 0.121104 0.000982168 1.12621e-05 0.000631129 0.000969688 2.04784e-07 3.45045e-10 1.03325e-05 0.000791847 0.000737616 9.732e-05 0.000175082 1.56123e-05 0.0239076 5.51481e-08 2.40849e-10 
0.0120086 0.0109563 4.80906e-07 0.00212352 0.0112153 0.00538994 2.82686e-07 8.0849e-06 0.51795 0.00950145 0.000309553 0.315597 4.85135e-08 4.76261e-07 0.0863235 0.000339551 0.00147108 0.000137299 0.00017262 0.0190213 0.000275672 0.000203527 0.000243311 5.89694e-05 0.00266828 0.00397534 4.78144e-05 
0.150173 0.0332659 1.38946e-05 0.00027625 0.0209404 0.139812 2.14676e-08 0.00404769 0.413104 0.00590117 0.000231949 0.0561414 0.00854315 5.13912e-05 0.00573797 0.00530745 0.00256728 0.00114595 0.0302929 0.000207889 0.000577109 0.025236 0.00297656 0.0826813 0.0106732 7.74184e-05 1.64062e-05 
0.0527159 0.125014 7.14923e-06 0.000783402 0.00104105 0.0027047 0.0135827 0.00804772 0.349079 0.00423469 8.60733e-05 0.00411194 0.00552117 1.45786e-08 0.00446609 0.188224 0.00338572 0.0827275 0.107077 0.000417362 0.0137403 0.000765595 4.30617e-05 4.12002e-10 0.0322016 2.22115e-05 1.12148e-07 
0.0527159 0.125014 7.14923e-06 0.000783402 0.00104105 0.0027047 0.0135827 0.00804772 0.349079 0.00423469 8.60733e-05 0.00411194 0.00552117 1.45786e-08 0.00446609 0.188224 0.00338572 0.0827275 0.107077 0.000417362 0.0137403 0.000765595 4.30617e-05 4.12002e-10 0.0322016 2.22115e-05 1.12148e-07 
0.00169802 0.0419039 0.00301387 0.127191 0.00682046 0.0362009 0.000363863 0.00122525 0.457308 0.00154257 0.000370025 0.00482229 0.00614402 5.69297e-10 0.00200486 0.0012916 0.00659593 0.00793804 0.000362363 0.018843 0.0508385 0.00536945 3.08391e-08 1.21676e-05 0.210672 0.00746479 3.67921e-06 
0.0527159 0.125014 7.14923e-06 0.000783402 0.00104105 0.0027047 0.0135827 0.00804772 0.349079 0.00423469 8.60733e-05 0.00411194 0.00552117 1.45786e-08 0.00446609 0.188224 0.00338572 0.0827275 0.107077 0.000417362 0.0137403 0.000765595 4.30617e-05 4.12002e-10 0.0322016 2.22115e-05 1.12148e-07 
0.0052454 0.0242005 5.2904e-08 9.38449e-05 0.00593805 0.00301204 3.1098e-08 2.42751e-05 0.806434 0.134395 2.49348e-06 0.00140495 0.0154134 1.35424e-06 9.08286e-09 2.31817e-05 8.31606e-05 5.97947e-08 3.03292e-08 2.67788e-05 1.42008e-05 8.95057e-09 8.25607e-09 4.1886e-08 0.00346035 0.00022712 4.17379e-08 
0.0273691 0.132199 2.24712e-07 0.000805604 0.0168003 0.00203274 0.00181363 0.0322958 0.474258 0.0330036 0.00317493 0.120443 0.0106115 2.87902e-05 0.00151493 0.0545755 0.000972811 0.00406058 0.0309976 0.015902 0.0203503 0.00123892 2.24424e-05 1.85865e-08 0.0150095 0.000519498 1.85207e-08 
0.0383504 0.00700453 5.93854e-05 0.000339316 0.0381808 0.0310668 0.00148311 2.64039e-05 0.289829 0.138728 0.00273344 0.243642 0.163149 0.00071801 0.00176688 0.0114332 0.000818236 0.00178085 0.00260231 0.00249536 0.000355231 0.0065632 0.00989154 0.000997603 0.0053483 0.000622688 1.47038e-05 
0.111722 0.059543 2.85501e-07 0.000870066 0.127629 0.0133934 5.39993e-05 0.0481187 0.283953 0.061928 0.00304052 0.147264 0.0209177 0.000419543 0.00545388 0.0319637 0.00106538 0.000498357 2.0796e-05 0.00881408 0.00719608 0.0257555 0.00297233 4.11695e-06 0.00934385 0.0280523 5.85286e-06 
0.00214094 0.0326167 3.05283e-10 0.0089554 9.23455e-07 0.131545 4.09691e-07 0.0196856 0.649155 0.00646623 2.70954e-07 0.121104 0.000982168 1.12621e-05 0.000631129 0.000969688 2.04784e-07 3.45045e-10 1.03325e-05 0.000791847 0.000737616 9.732e-05 0.000175082 1.56123e-05 0.0239076 5.51481e-08 2.40849e-10 
0.0239791 0.0338192 4.64079e-08 0.00320964 0.00768939 0.0240539 0.00471272 0.001156 0.528929 0.106773 0.00230024 0.0693212 0.137567 0.00162882 0.00329955 0.00579757 0.00019636 0.00886076 7.71848e-05 0.0110605 7.32384e-05 0.000308005 2.87934e-06 0.000146234 0.01275 0.0122869 1.5537e-06 
0.00630758 0.117547 0.000698225 0.000760676 1.13545e-05 0.285065 2.10625e-10 0.000234412 0.332858 0.0588659 5.69174e-08 0.0459206 0.0935303 5.2142e-08 0.00506314 2.60302e-07 1.31577e-07 2.55726e-06 4.32435e-08 0.00186954 0.000754131 0.00184473 0.0173269 0.000789002 0.0298258 0.000598356 0.000125939 
0.045347 0.245363 5.19252e-06 0.00101307 0.00263429 0.00314153 0.0450566 0.0056754 0.246251 0.00298754 0.000190705 0.0332338 0.0038939 1.12744e-06 0.00315002 0.148779 0.0023886 0.0583612 0.0890231 0.00069558 0.0155082 0.00873356 0.000147212 0.000126194 0.0380751 0.000160572 5.76068e-05 
