0.225779 0.0240784 0.000412956 0.000954586 0.189523 0.0186852 0.0113076 0.0099211 0.003236 0.333061 0.00169387 0.0218286 0.0370948 3.12676e-05 0.0255792 0.00662239 0.0103801 0.000399816 0.00246564 0.00533889 0.0017134 0.0244133 0.0068436 0.000733186 0.0122242 0.0256099 6.94764e-05 
0.0928556 0.00469056 0.000106503 0.0101258 0.0413444 0.0502844 1.79668e-07 0.077033 3.25851e-05 0.215545 0.00019808 0.01319 0.0793802 1.91993e-07 0.000402622 2.65482e-05 0.155985 0.000231458 9.39451e-05 0.0025079 0.00661541 0.0466761 2.4743e-06 1.07936e-05 0.010254 0.192392 1.51365e-05 
1.43663e-09 0.00078941 3.40562e-08 4.05093e-06 0.00883995 0.000132231 2.00189e-08 3.69679e-09 2.8079e-06 0.715905 0.00801002 0.00068557 0.160593 0.000968497 0.00256571 0.0112592 9.51666e-06 2.79275e-06 0.00202399 0.000567235 3.88807e-07 5.76181e-09 5.31474e-09 2.69636e-08 0.0025751 0.0850644 2.68682e-08 
0.0548166 0.058188 0.000772197 0.00259551 0.14276 0.0528664 4.13839e-08 0.0160196 0.00020768 0.421789 0.000156093 0.0473634 0.0455745 1.80528e-06 0.0112052 0.00274633 0.072588 0.000969499 0.000638201 0.0185474 0.000320004 0.015461 6.29183e-06 1.57564e-05 0.0213715 0.0127721 0.000247403 
0.0997229 0.141257 3.75301e-07 0.00383084 0.0448919 0.0549492 0.0242223 0.0438651 0.00203713 0.294329 0.000482132 0.020712 0.105565 5.38687e-08 0.00150574 0.00888286 0.00292576 0.000560117 0.000397486 0.0807689 0.00731064 0.00751264 1.19835e-06 1.15537e-09 0.0430736 0.0111954 4.78281e-08 
0.176333 0.0531576 1.66198e-05 0.00233961 0.0432279 0.224171 6.38447e-10 0.000193528 6.7461e-07 0.225623 7.5948e-06 0.0378174 0.0361734 1.07564e-09 0.00416627 0.000446267 0.0296927 1.2276e-09 0.128735 0.00134238 1.11323e-07 0.0055626 0.00041834 8.59929e-10 0.0187633 0.0118047 6.2123e-06 
0.02139 0.0198584 0.000291019 0.00478955 0.0121937 0.00657677 0.0311824 0.00843065 0.000326415 0.417628 0.00026291 0.0990238 0.165769 0.00751674 0.00176279 0.0203171 0.00833073 2.40677e-05 0.0151242 0.0180526 0.000476422 0.0141756 2.77061e-05 1.58034e-08 0.0333544 0.0931128 3.0126e-06 
0.094742 0.0261735 9.84125e-06 0.00544527 0.212243 0.0307721 0.0356453 0.00612064 1.21769e-05 0.289456 0.00943146 0.102843 0.0158989 3.60857e-05 0.0403907 0.00229607 0.001972 1.0601e-05 0.000897883 0.0915506 0.00673729 0.00838282 6.72886e-05 5.75387e-05 0.0109493 0.00784491 1.39319e-05 
0.131314 0.0323495 7.35885e-05 0.00436155 0.00665857 0.0456114 1.7727e-10 2.38359e-05 0.00102692 0.647594 6.25267e-05 0.0117897 0.00676116 3.51642e-07 0.00231485 0.00830657 0.0297694 4.46038e-05 0.00198295 0.000712085 0.00233268 0.0529316 0.000556245 0.000633842 0.0112768 0.00151044 2.46139e-07 
0.102813 0.0144647 0.000329826 0.00244528 0.00762179 0.0146425 1.32473e-05 0.00031883 0.000541133 0.273061 3.41939e-05 0.00873401 0.239051 0.0206361 0.00870852 3.02459e-05 0.0144243 0.00313943 0.000213047 0.00313589 9.97416e-05 0.0131083 6.20616e-06 3.91533e-06 0.0585317 0.213891 1.28042e-06 
0.231128 0.00331559 3.35426e-05 0.000111672 0.111066 0.0269118 0.000504581 1.86125e-05 0.00039551 0.331092 0.00125069 0.000438179 0.141332 1.97249e-07 0.000140611 0.000746256 8.93233e-05 6.3841e-06 4.66783e-05 0.00233013 3.91316e-05 0.0258593 0.0104801 5.3849e-05 0.00975086 0.102849 1.09459e-05 
0.0163636 0.0603289 1.66258e-05 0.00203808 0.000531493 0.00224584 0.00164641 0.00232358 8.63214e-06 0.43015 0.00358558 0.314185 0.0113506 1.79472e-06 0.0504011 2.64026e-05 0.00534235 8.63634e-05 1.03892e-06 0.0807631 0.0029914 0.000108879 6.61255e-06 3.72051e-05 0.0126536 0.00250034 0.000304848 
0.137773 0.00415111 7.90327e-05 0.00210443 0.323191 0.021473 6.92897e-08 8.79751e-07 0.0286898 0.351027 2.6697e-07 0.00270016 0.0307361 0.02626 0.00453528 0.000402112 0.00648097 9.57703e-07 9.69505e-05 0.0203206 0.00614037 0.000595851 7.2505e-06 9.39243e-10 0.0266409 0.0065867 5.84169e-06 
0.110605 0.0215696 0.00111932 0.000756778 0.109051 0.151745 0.00831039 0.0290527 0.000669656 0.206453 0.00240675 0.0252751 0.0221909 2.21029e-06 0.060869 0.153219 0.0267514 0.018427 0.00249061 0.0114458 0.00213715 0.0153404 1.0863e-05 7.93613e-06 0.0115406 0.00854778 4.14536e-06 
0.11596 0.0285464 6.04191e-05 0.0375874 0.0236721 0.0955633 2.04341e-07 0.014009 1.05982e-05 0.434732 0.000437449 0.0750827 0.0145503 4.58732e-05 0.0152435 0.01374 0.0010907 0.00017684 0.000435661 0.008764 0.00828888 0.0729939 0.00228369 4.34941e-05 0.0320479 0.00463426 1.09916e-07 
0.130744 0.0201346 4.45385e-05 0.00665983 0.0113489 0.0165508 0.00104469 0.0204016 0.00132526 0.38239 0.0038008 0.206051 0.0229501 1.67201e-05 0.00768662 0.000908535 0.020135 6.45901e-05 3.00111e-05 0.0191077 0.00187844 0.000233792 0.000128163 0.00563731 0.117205 0.00352077 1.33907e-06 
0.105296 0.00553478 8.76158e-05 1.55793e-05 0.0958149 0.0728021 1.95574e-05 2.74414e-05 1.56507e-05 0.695164 0.000150705 0.00723224 0.00349022 8.72629e-08 0.00511527 0.000142397 0.00341554 2.84046e-06 5.55423e-05 0.00184135 0.0010135 0.00134798 4.82889e-06 0.000122111 0.000523943 0.000763551 5.97327e-07 
0.173193 0.0538559 0.0013252 0.0077964 0.0298895 0.139166 0.00510508 0.0173562 0.000119925 0.196912 0.000112443 0.0289485 0.155315 2.60507e-05 0.0241892 0.00695483 0.00956045 0.0022852 0.000172199 0.0230473 0.000865075 0.0756317 0.000937681 0.000778562 0.0364504 0.00998053 2.53354e-05 
0.039537 0.03046 0.000258636 0.00117285 0.0514838 0.0507992 0.00104128 0.0119528 0.000496416 0.65392 0.000356121 0.0140042 0.0424732 0.023301 0.012146 0.00492101 0.00550101 9.36762e-05 0.000982283 0.00658093 0.000145117 0.0210117 0.002136 3.7179e-05 0.0158925 0.00929484 9.91408e-07 
0.106393 0.0012124 0.00271371 0.000167913 0.0547262 0.159071 0.000758349 0.000762316 2.80719e-05 0.302122 0.0160147 0.0429881 0.067565 0.00129168 0.0231938 0.0506423 7.16869e-05 1.69988e-06 2.44634e-06 0.105376 0.00559843 0.0078882 0.000470491 0.00814703 0.0108105 0.0319831 3.77919e-07 
0.0389253 0.00893804 0.000223731 0.00131791 0.0768425 0.0678177 0.00240236 0.000260576 4.9515e-06 0.209971 0.0496016 0.0741445 0.12459 8.16011e-10 0.0406386 0.00154705 0.0424322 0.000125604 4.72371e-10 0.000103763 3.05428e-05 0.0199587 0.00647212 0.000347957 0.00384501 0.175721 0.053737 
0.0737778 0.00307246 0.000106394 0.000238541 0.044389 0.00702826 0.000710499 1.31497e-05 1.90807e-06 0.81471 7.71917e-05 0.024109 0.00612136 4.3783e-08 0.00377843 0.000429872 0.00102195 5.29036e-05 7.09283e-06 0.00788237 0.000447232 3.52311e-05 1.25745e-06 3.50027e-08 0.00268224 0.00930362 2.08946e-06 
0.0157262 0.00141085 1.5382e-06 0.000104807 0.00954665 0.000438863 0.00342267 2.1062e-06 1.71322e-06 0.846419 0.000240259 0.0203153 0.0618604 1.52335e-06 5.62315e-05 1.48405e-05 2.49541e-05 1.73855e-06 8.81833e-07 0.0173561 1.96069e-06 0.000474285 0.00740709 2.91922e-05 0.00175283 0.0132452 0.000142783 
0.160833 0.0154502 5.90561e-05 0.00234474 0.063518 0.0387351 0.000285524 0.00123209 0.012774 0.294521 0.000497956 0.0204228 0.139135 0.000419632 0.0954286 0.00158632 0.0532701 0.00119478 0.00308946 0.00957946 0.00162792 0.0166693 0.0174691 1.33975e-05 0.0128651 0.0369744 3.55382e-06 
0.0341307 0.0550928 0.000212223 0.00266289 0.0212932 0.0693864 0.0240893 0.000325984 3.02977e-06 0.465473 0.00010457 0.0119178 0.0118113 6.3679e-06 8.54183e-05 0.000811484 0.000139476 1.43122e-05 1.20348e-05 0.143894 0.000821374 0.00809978 0.0936939 1.09791e-05 0.0426032 0.00290991 0.0103937 
0.00330837 0.000322856 0.0633876 1.95591e-07 0.0386701 0.000612582 7.59409e-06 1.33394e-06 0.000151475 0.605427 0.255786 0.00122516 0.0133179 3.23168e-05 0.000297312 0.00233548 0.0003237 4.86754e-09 0.000135173 0.00122286 1.00137e-05 0.0012231 0.00417397 4.33595e-05 0.000795896 0.00718694 2.03031e-06 
0.0173807 0.0133076 5.29733e-06 0.000504096 0.0179748 0.0108953 0.000853479 9.96234e-05 7.57334e-07 0.837632 0.00131245 0.0566833 0.00110546 0.000119425 0.00163919 0.000336935 0.00716536 0.00022588 3.52948e-05 0.0118457 8.68177e-05 0.0136001 6.4497e-06 4.56284e-05 0.00661126 0.000526005 6.74905e-07 
0.040566 0.0111655 1.6189e-05 0.000951277 0.0115186 0.00525085 8.84996e-05 0.000373181 2.94632e-05 0.835218 0.000117876 0.00571019 0.0344169 1.60593e-05 0.000270475 0.00523887 0.021855 5.54226e-05 0.00088494 0.00107354 0.000330483 0.00696514 0.000541609 9.70945e-06 0.0038904 0.0134454 9.07384e-07 
0.0453147 0.0351809 0.000129149 0.00119927 0.0132733 0.0413025 2.98527e-09 5.04908e-05 1.3086e-06 0.406082 0.000731834 0.0515695 0.00698473 1.17819e-06 0.00400508 4.9906e-05 0.338669 1.30095e-05 0.00487109 0.0084592 0.000282322 0.0163661 4.46851e-05 0.000812491 0.0163625 0.0081162 0.000127915 
0.136425 0.0367805 0.00145736 0.00208959 0.0681928 0.0630431 0.0442368 0.0051997 0.000575372 0.296704 0.00067126 0.0519856 0.0604065 0.000251993 0.0208664 0.00537734 0.00269536 0.000833371 0.00115019 0.0189175 0.00372682 0.137264 0.00023224 0.000842146 0.0179314 0.0220513 9.35088e-05 
0.0816329 0.0347158 0.00206401 0.0206241 0.0714112 0.0622932 1.7906e-06 0.00114655 8.96656e-05 0.365112 6.54262e-06 0.00149037 0.102317 0.00105847 0.0138871 0.00780542 0.0548683 0.000147198 0.001026 0.00128983 6.82115e-05 0.10437 0.00814949 1.74734e-06 0.0543385 0.0100808 2.96704e-06 
0.00147362 0.00833278 5.48835e-07 3.81101e-06 0.0571107 0.0147918 4.98846e-05 2.02113e-05 0.000841122 0.804722 0.0017256 0.01052 0.0322514 3.83399e-05 0.000950166 0.00298906 0.00171321 4.66537e-05 6.90195e-05 0.000211197 0.00927764 0.044339 2.63054e-06 4.34533e-07 0.00422895 0.00407505 0.000215291 
0.0988613 0.0364341 0.0061545 0.00150928 0.102557 0.0486696 0.00156373 0.00865846 0.00107544 0.194146 0.000125998 0.0446092 0.0869729 0.00192495 0.0749292 0.1077 0.011065 0.000511172 0.00238015 0.00325154 0.00162299 0.133563 0.00772856 0.000512897 0.0147969 0.00702655 0.0016488 
0.12024 0.0229669 7.16024e-05 0.00459208 0.0935859 0.0871539 7.8765e-05 0.0208741 0.000409576 0.165897 0.000140068 0.0754144 0.0410344 6.71265e-05 0.064232 0.017183 0.135874 0.000351008 0.00297085 0.00638667 0.00456733 0.0742229 0.00513133 0.000249916 0.02029 0.0360074 7.1415e-06 
0.034117 0.00146517 2.44872e-07 9.40199e-05 0.0390726 0.0214533 0.00220335 3.24324e-07 1.61325e-06 0.726092 0.00224391 0.000861223 0.0749304 4.02856e-07 0.0032514 0.00396345 0.00630065 6.76513e-07 7.42629e-05 0.000940604 6.46808e-05 0.000980621 8.34562e-06 0.0521938 0.00471623 0.0249609 9.14862e-06 
0.0483997 0.000566885 1.65441e-05 3.60283e-05 0.00853439 0.114704 1.34908e-09 8.21533e-06 0.000228676 0.387938 1.03428e-05 0.18506 0.0114538 2.27289e-09 0.21176 0.000613049 0.000234112 1.05686e-05 0.000666473 0.00140109 0.0013787 0.0253758 9.71551e-05 0.000470471 0.000137398 0.000896502 1.10059e-06 
0.0906992 0.00460838 0.000177183 6.41226e-05 0.017844 0.00099398 0.00536781 5.56894e-06 0.00382883 0.402565 0.0112215 0.00468438 0.264496 0.000984547 0.0335236 0.0139078 0.0261084 1.17942e-06 3.94847e-05 0.00372195 0.00207409 0.000715623 1.13946e-05 2.3118e-05 0.00166305 0.110669 4.68528e-07 
0.011524 0.0315699 7.29585e-09 0.0587502 0.0114034 0.0184608 4.37686e-05 0.000714952 0.0829492 0.576912 0.0119928 0.0245773 0.106934 2.45884e-06 0.00606518 0.0269376 0.000273193 1.35589e-09 1.47567e-05 0.000516622 0.000221377 1.40301e-05 1.55846e-08 9.49795e-10 0.0189734 0.0111497 9.46435e-10 
0.0526087 0.09933 0.00482817 0.000828492 0.0176606 0.0103472 0.0735906 0.00113731 0.0257293 0.313555 0.0117867 0.0672495 0.0293368 1.16641e-05 0.020959 0.121224 0.0277711 0.000445858 0.0104726 0.0183836 0.015613 0.0523915 0.000497964 1.82446e-09 0.0211192 0.00311869 3.75013e-06 
0.030526 0.0958683 4.85509e-07 0.11284 0.0482567 0.0526151 4.89116e-09 0.000221941 1.04788e-06 0.303295 0.0012339 0.00833358 0.24951 8.24049e-09 0.00705331 0.0035098 0.00537443 4.34936e-06 0.00082196 0.0599103 9.47901e-05 2.1792e-05 5.07344e-05 0.000344675 0.00878423 0.0112707 5.80297e-05 
0.264771 0.0263001 3.246e-05 0.00219947 0.0610835 0.0345772 0.00249422 0.00649598 6.19254e-05 0.437123 0.00109655 0.0235729 0.0174968 9.76307e-09 0.0351765 0.0104822 0.00537259 0.000263696 0.00247965 0.0110158 0.00110117 0.0108 0.000251833 0.000190935 0.0331082 0.0124312 2.0946e-05 
0.0150729 0.0139855 1.28992e-06 0.000204018 0.143122 0.176162 4.2663e-08 0.000212229 6.23914e-07 0.273773 0.000238562 0.0544184 0.0793631 1.92589e-05 0.0207077 0.0378784 0.118603 0.00012259 0.000396748 0.000864895 0.000118738 0.0505267 3.4186e-06 5.42645e-06 0.00537605 0.00880935 1.42389e-05 
0.110436 0.0157055 2.92688e-05 0.00480644 0.137226 0.0341903 0.00225925 0.0059084 0.000415577 0.451194 0.000447454 0.0136815 0.103176 0.000259805 0.0217368 0.00263563 0.00615488 0.0010251 0.00422748 0.00365609 0.00137476 0.0526069 0.000501617 0.00013839 0.0167177 0.00948808 4.92314e-07 
0.0896076 0.0290927 0.00218157 0.0006522 0.213961 0.0563435 2.61817e-07 0.000946836 0.000824605 0.357674 0.00122761 0.00447931 0.0863336 2.34509e-07 0.0331293 0.0100744 0.0106723 0.000285127 0.00105926 0.00175838 8.33265e-05 0.0688465 3.15146e-05 0.00041198 0.0149879 0.0153259 9.21469e-06 
0.0512409 0.00382441 0.000305069 0.000899978 0.0531102 0.00793997 1.6044e-07 0.00689153 0.0112739 0.553304 0.113657 0.0232988 0.0303062 4.44415e-05 0.0169233 0.00478632 0.0037413 0.000294658 0.0749799 0.0255595 0.00309285 0.00191084 0.000652706 0.000721356 0.00860863 0.00262016 1.21394e-05 
0.229032 0.00767438 0.000171456 0.00355425 0.0366093 0.0813698 0.000111599 0.00863558 0.000499678 0.43533 7.06397e-05 0.00565918 0.0168864 8.06881e-11 0.0373515 0.000754607 0.039646 2.04217e-05 0.00015476 0.0191346 0.00048055 0.0281169 1.96206e-06 6.45068e-11 0.0372539 0.0114806 1.1806e-08 
0.00569683 0.00931731 8.44996e-05 0.00141459 0.0135237 0.00887094 0.000264519 6.32809e-06 5.84877e-05 0.839698 0.0321089 0.040017 0.0151273 0.000637622 0.00500819 0.0018121 0.00351128 1.95149e-07 1.67936e-05 0.0011247 0.000445664 0.00838567 0.00940377 0.00024939 0.00228774 0.000857661 7.09236e-05 
0.066997 0.00509584 9.57656e-07 0.000206657 0.21184 0.0716925 0.00282562 0.00128401 0.000127421 0.325777 0.0171092 0.1042 0.020759 1.44088e-06 0.00851105 0.0817206 0.00593019 0.000309868 9.11284e-05 0.0110279 0.000641134 0.00883682 0.002624 3.38885e-05 0.0215384 0.0308163 2.25828e-06 
0.0751854 0.00637009 4.24521e-05 0.000504819 0.0877777 0.0430305 0.00229128 0.000149218 3.28012e-05 0.335174 0.000878082 0.0424016 0.241011 8.2465e-08 0.0175347 0.0270752 0.0035973 0.000195078 0.000370885 0.020264 0.000100401 0.0123461 0.00924984 0.000937571 0.0049054 0.0685705 4.1579e-06 
0.100356 0.0569606 4.55641e-06 0.000136411 0.0317415 0.00647896 4.75194e-06 3.53061e-06 0.00087246 0.375041 0.0331152 0.369511 1.68759e-05 0.0150275 7.61643e-06 0.00655756 0.00094247 1.04883e-05 6.52329e-06 0.000997544 1.44401e-06 7.67597e-06 5.5873e-08 2.83464e-07 0.00212227 5.95691e-06 6.9372e-05 
0.0113506 0.257254 0.00372285 0.00011366 0.0168059 0.0644427 4.00488e-06 1.51507e-07 1.28639e-05 0.440261 0.00654419 0.0170137 0.065956 8.28091e-07 0.023931 0.00125495 0.00813039 5.46165e-07 0.000288469 0.0099322 9.35836e-05 0.0375509 3.23337e-07 2.34044e-07 0.0336677 0.00166755 1.91278e-09 
0.00282538 0.000490194 5.05966e-05 3.5439e-06 0.0149628 3.32692e-06 2.7251e-05 2.75822e-09 2.24951e-08 0.593635 5.29488e-05 0.0041302 0.0165725 0.358 0.00170563 0.00112793 8.56287e-06 2.87193e-08 0.0014816 0.00210707 0.000709692 0.00043171 3.96539e-09 1.32614e-05 0.00122648 0.000433903 2.00467e-08 
3.39028e-07 0.243957 1.71962e-06 0.0317066 0.00876789 2.39447e-06 3.58436e-11 3.19707e-07 5.9435e-08 0.442564 4.73986e-11 0.00435247 0.0170056 6.03883e-11 3.96783e-07 6.03154e-07 0.000204901 0.00196086 3.49574e-11 6.27034e-07 3.39344e-11 4.88588e-06 5.63354e-07 4.82779e-11 0.239955 0.00951396 4.81071e-11 
0.211541 0.0246765 0.00132707 0.00133048 0.177178 0.0568252 0.00205061 0.00871243 0.00156485 0.266935 0.00282762 0.0534421 0.0322728 0.00283169 0.0407341 0.0232285 0.00613354 0.000743608 0.0092347 0.00421695 0.00142542 0.0347459 0.00195601 0.00588449 0.0115957 0.0162752 0.000310414 
0.020639 0.0520944 2.61604e-05 0.00573145 0.0358177 0.0106845 0.00110647 0.000584008 0.00212686 0.588233 6.88835e-06 0.0150754 0.0956971 0.0172472 0.00471689 0.00231515 0.00110771 5.14358e-05 0.000226732 0.075168 5.2464e-05 0.00104223 3.43571e-05 2.72769e-09 0.0604015 0.00981372 2.71805e-09 
0.0623658 0.0126236 8.12994e-05 0.000489608 0.039936 0.00794935 0.00897401 0.000216326 2.19944e-06 0.614967 0.000164117 0.0407108 0.106193 0.00242588 0.00088577 0.0371956 3.83582e-05 0.000260413 1.30401e-08 0.0220204 0.00140254 0.00366168 5.27403e-05 5.91244e-07 0.0355681 0.00176205 5.34396e-05 
0.135017 0.038445 3.08148e-05 0.000687535 0.0288075 0.032738 0.000992773 0.0134488 0.000102322 0.383589 0.000262134 0.220237 0.0373688 1.08634e-07 0.00144229 0.00155131 0.00438364 1.95987e-08 6.39911e-05 0.0157151 0.000324537 0.000378727 5.41936e-06 1.18002e-07 0.069383 0.0150243 2.28151e-09 
0.258263 0.0280841 0.000166993 0.0112186 0.0634638 0.0255818 2.4571e-08 0.0104635 0.0452472 0.284508 0.00063804 0.0145606 0.0225737 0.000221762 0.0221535 0.00998938 0.0922186 4.07052e-06 0.000276642 0.00499357 1.09142e-05 0.0111278 8.20644e-06 1.03302e-07 0.0720136 0.0222113 2.04356e-06 
0.039537 0.03046 0.000258636 0.00117285 0.0514838 0.0507992 0.00104128 0.0119528 0.000496416 0.65392 0.000356121 0.0140042 0.0424732 0.023301 0.012146 0.00492101 0.00550101 9.36762e-05 0.000982283 0.00658093 0.000145117 0.0210117 0.002136 3.7179e-05 0.0158925 0.00929484 9.91408e-07 
0.0639109 0.222042 3.58649e-08 0.00419827 0.0505513 0.00394655 6.95425e-07 1.95391e-06 9.30965e-08 0.343331 3.42491e-07 0.248835 0.0163227 0.00112284 1.86512e-07 0.00478058 1.04729e-11 2.58267e-07 0.00158386 0.0169066 5.01797e-06 0.00165129 4.36324e-08 1.02735e-07 0.0126562 0.00815192 5.29709e-08 
0.220562 0.00528829 0.000156331 0.000508299 0.0131662 0.263867 6.01962e-05 0.0161066 2.69325e-06 0.365573 0.00012964 0.000541008 0.0811242 3.77333e-08 0.00753079 0.000413808 0.000899031 3.50566e-05 0.00019772 0.0023277 4.48183e-05 0.011296 1.13395e-05 2.16866e-06 0.00352547 0.00662907 9.43602e-07 
0.0599046 0.0293094 0.000129016 0.000812807 0.100488 0.0313611 0.000195729 0.000453084 0.00185332 0.259981 0.0886112 0.0270447 0.16319 6.28156e-05 0.0479329 0.0156727 0.0687489 0.0207762 0.000841343 0.00437884 0.000786807 0.0209598 0.0174951 1.53273e-07 0.0333286 0.00568095 4.75367e-07 
0.0407321 0.00161754 0.000411572 0.000142251 0.147487 0.0157015 0.000167442 0.00046901 0.00818823 0.609481 3.84908e-05 0.0038783 0.0511299 5.24137e-05 0.0120364 0.00851111 0.0070152 0.000138288 0.000740861 0.000655297 0.000628131 0.00794644 0.0772685 2.03207e-06 0.00227692 0.0032811 2.60589e-06 
0.0430677 0.0217529 8.3159e-05 0.00107343 0.029211 0.0936867 7.12615e-05 0.00155583 0.00357938 0.335949 0.00048992 0.127956 0.0563941 0.00226887 0.00709534 0.0254111 0.00356388 1.03052e-06 0.0790206 0.0345265 0.00511583 0.0848149 0.000118286 0.000332307 0.0370934 0.00574815 1.96611e-05 
0.0823711 0.0271824 5.45949e-05 0.000905963 0.0986427 0.0159989 0.000282831 8.53087e-05 0.000141116 0.50711 0.0460814 0.0935765 0.0112707 2.4622e-09 0.0141786 0.017202 0.00282446 0.000393456 0.0128769 0.032525 0.00484238 0.00798057 0.00210502 0.000197928 0.0105017 0.0105907 7.80258e-05 
0.0717684 0.104896 0.000218027 0.00336281 0.129777 0.145557 3.98727e-07 0.00685913 0.00187969 0.27153 0.000816239 0.0677029 0.033049 0.000108194 0.0991143 0.0111314 0.013752 0.00195159 0.00156718 0.000493975 3.49229e-05 0.0134487 0.00199128 0.000613229 0.00126518 0.0170783 3.29795e-05 
0.159208 0.0156263 2.26565e-06 0.00183096 0.0559639 0.0050721 0.11067 0.0583237 6.99065e-05 0.378088 0.00322151 0.0495576 0.0170746 1.81697e-08 0.0174158 0.00426225 0.00374563 0.000512789 0.0523248 0.0129798 0.000749517 0.00941439 5.60917e-07 6.64733e-06 0.00930375 0.0345748 8.05725e-07 
0.0453936 0.0120233 0.000115866 0.00111602 0.195514 0.0731527 3.73602e-05 0.00336859 0.0048652 0.269846 0.000121067 0.0450342 0.0888524 0.00162242 0.0286388 0.0111249 0.0270584 0.000264662 0.0110737 0.0024413 0.000327579 0.0503503 0.0403442 3.76508e-08 0.0147318 0.0725555 2.61185e-05 
0.0873467 0.0201676 0.000157593 0.0102294 0.151237 0.0707459 0.000212232 0.00653426 0.0003576 0.343669 0.000282444 0.052451 0.104672 3.31656e-05 0.0142582 0.0105671 0.0125679 0.000249052 0.00524021 0.00951162 0.00217805 0.0221941 0.00341218 0.00327004 0.0553141 0.0127719 0.000370334 
0.056701 0.033169 3.51703e-05 0.00501448 0.00125926 0.0571601 8.72317e-06 0.00112506 2.88757e-05 0.7348 1.88302e-05 0.034106 0.0425957 6.01742e-09 7.02665e-05 3.66457e-05 0.000992304 0.00143003 3.89969e-07 0.00693522 5.85306e-05 0.00817897 2.51757e-06 4.81068e-09 0.0153076 0.000965413 4.79366e-09 
0.169967 0.0140359 0.000307683 0.00026105 0.0836618 0.18645 0.0674514 0.000298792 1.69062e-05 0.295532 9.9434e-06 0.00260786 0.121342 0.000233199 0.0183415 0.00570516 0.0002657 3.31402e-06 1.76569e-05 0.00753207 0.000905704 0.00685797 3.26917e-05 7.57172e-06 0.0155323 0.00262296 4.27525e-07 
0.0762893 0.0552676 0.00593493 0.000322578 0.0915273 0.00926605 5.9622e-08 6.28318e-05 3.03116e-05 0.676364 0.00161052 0.0157631 0.000887497 0.000150294 0.0088151 0.000561782 0.00466789 1.1464e-07 2.24854e-06 0.0361876 4.27619e-05 0.000302293 0.00454605 1.1888e-05 0.00453666 0.00679757 5.15748e-05 
0.109042 0.0499198 0.000426717 0.000715754 0.0344597 0.191657 0.0107768 0.0321375 3.57705e-05 0.257452 0.00670376 0.081208 0.0832965 4.7907e-06 0.0174375 0.00226967 0.00212253 0.00441799 0.038877 0.00654113 0.00640063 0.0330464 0.000301945 7.97622e-06 0.00674693 0.0239922 1.71782e-06 
0.0923432 0.0254999 0.000382002 0.00300487 0.133293 0.140749 0.00027074 0.00582197 0.00171124 0.201005 0.000574004 0.126644 0.107789 0.00131554 0.0450906 0.00104662 0.0150252 0.00543792 0.00512972 0.0193634 0.000209415 0.0232646 3.05814e-05 0.000120656 0.0261356 0.0187287 1.37702e-05 
0.00282538 0.000490194 5.05966e-05 3.5439e-06 0.0149628 3.32692e-06 2.7251e-05 2.75822e-09 2.24951e-08 0.593635 5.29488e-05 0.0041302 0.0165725 0.358 0.00170563 0.00112793 8.56287e-06 2.87193e-08 0.0014816 0.00210707 0.000709692 0.00043171 3.96539e-09 1.32614e-05 0.00122648 0.000433903 2.00467e-08 
0.104355 0.0647553 1.02776e-07 0.00216662 0.0465753 0.110758 2.588e-10 4.77912e-11 3.89769e-10 0.267794 1.28607e-05 0.207612 0.0189508 2.14392e-07 0.00965683 0.000529906 0.0131403 6.90661e-08 8.67234e-07 0.0139058 0.000108601 0.015201 3.76816e-05 0.113646 0.00187953 0.00516577 0.00374766 
0.122455 0.021582 0.000606436 0.000947124 0.108451 0.064031 0.105397 0.00798425 2.41122e-05 0.32114 0.00314911 0.037249 0.0583931 3.66128e-05 0.00334797 0.0023903 0.00957906 0.000173779 0.00369167 0.0281704 0.00035045 0.0461916 8.5128e-05 0.00096132 0.0316389 0.0219726 4.64436e-07 
0.0385039 0.026013 7.5905e-05 0.00081406 0.0966909 0.0780028 2.31478e-05 0.125841 0.000134461 0.278189 5.649e-05 0.144289 0.0354764 5.86456e-05 0.00494986 0.0048238 0.000888671 4.17513e-07 0.0012173 0.0325325 0.000242662 0.00176984 0.000136903 1.37327e-05 0.0832296 0.0460252 1.36177e-06 
0.133453 0.053604 0.000177287 0.000287965 0.0204683 0.0170878 0.000752296 0.115376 2.42965e-05 0.260048 0.000187536 0.067269 0.187194 2.38202e-05 0.0301767 0.0248723 0.0183558 7.07331e-05 0.00412166 0.00260906 0.027833 0.00865963 0.000154544 0.00157433 0.00733049 0.018157 0.000131454 
0.0475528 0.00997296 2.56499e-05 0.000314472 0.0585928 0.0135608 0.00284768 0.00140327 1.38988e-06 0.803587 0.00027623 0.00466218 0.0210686 9.19233e-10 0.00448855 0.000245834 0.00436402 6.19913e-06 3.2642e-05 0.00374777 0.0130155 0.000378267 3.55032e-07 2.68923e-05 0.00501422 0.00481368 7.32289e-10 
0.205192 0.0153563 0.000538944 0.000706575 0.0606965 0.0145996 0.00160286 0.0132776 1.44492e-05 0.532366 0.00201749 0.0287853 0.00808946 6.62196e-05 0.0130146 0.00881883 0.0448554 0.000196019 0.000441407 0.00354584 0.00151552 0.0220366 0.000262529 2.36289e-06 0.0156384 0.00633848 2.46358e-05 
0.0806533 0.0295551 0.00142496 0.0013293 0.0765397 0.0753624 0.00168999 0.0171022 0.000313564 0.214024 0.000909205 0.034317 0.0844037 0.00057514 0.0502996 0.00368992 0.0875553 0.000367098 0.00383425 0.00779285 0.00150714 0.0337234 0.0025094 0.000198124 0.0318024 0.158467 5.32283e-05 
0.00687368 0.010206 0.000405517 0.00238048 0.0687955 0.0235108 0.000465726 0.000371263 0.0135537 0.595299 0.00023126 0.0034197 0.085877 4.48628e-06 0.0210531 0.0596455 0.00122304 0.000449152 0.00223848 0.0228573 0.00643177 0.0103103 0.0260548 0.000320206 0.0367988 0.00122332 5.54323e-07 
0.149394 0.0122241 0.000129403 0.000655583 0.112457 0.197464 8.66597e-08 0.00248186 0.00102715 0.247208 0.000702114 0.0067752 0.110362 1.85717e-08 0.0188647 0.0349077 0.0186021 9.18202e-05 0.000516597 0.0211218 4.2479e-05 0.0210708 6.88103e-05 0.00016739 0.0243867 0.0192796 6.25264e-08 
0.216185 0.0114919 3.18715e-06 0.00445498 0.14985 0.0151633 0.0779066 0.00149412 6.87949e-06 0.290209 0.00165068 0.0201107 0.0701432 0.000427723 0.0246184 0.0436334 0.00193037 0.00122965 0.0200179 0.00685012 0.00025109 0.00108055 9.01769e-05 0.000324417 0.00268795 0.038183 5.90864e-06 
0.376705 0.000206621 4.04619e-10 4.60174e-05 0.0546579 0.0149333 0.0111513 0.00122953 3.23274e-08 0.518608 4.26755e-05 0.000349969 0.00564609 4.00711e-10 1.33653e-06 6.99368e-05 0.000125091 1.62442e-05 1.09374e-06 0.00203511 3.97778e-06 0.00331022 4.4735e-09 2.20741e-08 0.00654236 0.00431868 4.43048e-08 
0.0892542 0.0697749 0.000318147 0.00474572 0.0735792 0.0689945 0.000123698 0.00267465 4.07626e-05 0.427014 0.000336337 0.0818824 0.00902887 3.01848e-07 0.00126499 0.0152342 0.000462453 0.00623267 0.000769036 0.0101832 0.000614259 0.000610801 9.77309e-06 0.000173377 0.0929282 0.0437348 1.42828e-05 
0.00105726 3.31446e-05 8.62013e-05 0.0602009 2.45734e-05 0.000128263 0.000104879 2.90084e-06 1.68107e-06 0.468558 2.13752e-05 0.0184525 0.000576808 4.91588e-05 6.05705e-05 0.0823833 1.17676e-06 0.000184678 0.000162523 0.000334793 0.000556461 0.0288282 0.334627 1.47026e-08 0.00342627 0.00013339 3.83495e-06 
0.214243 0.0128637 0.000307339 0.00325223 0.0549033 0.0320222 0.00143495 0.000181909 0.000114158 0.259746 0.000434813 0.186111 0.0379197 8.04587e-07 0.00540376 0.00245453 0.018019 0.00016101 0.000454563 0.131325 0.000402306 0.00502319 5.84043e-05 1.24533e-07 0.0319267 0.00123482 2.14007e-06 
0.240456 0.0281053 0.000348876 0.00378284 0.0404608 0.063078 0.00148791 0.0132546 1.98549e-05 0.421442 0.00041556 0.0302462 0.0478739 8.38524e-07 0.0166881 0.00329138 0.013692 0.000111313 0.00429406 0.0184227 0.000552769 0.00636277 0.00193916 5.94448e-05 0.0211022 0.02217 0.000341712 
0.0439761 0.0132888 0.000597441 0.00119867 0.0419694 0.00478002 0.00103674 0.000460227 0.000181107 0.740235 2.59653e-05 0.0136001 0.0503038 0.0413996 1.69843e-05 0.000545822 0.00122679 0.00526581 0.00354574 0.00933925 8.5125e-05 0.00455211 2.33031e-06 9.46768e-06 0.0198353 0.00250092 2.11588e-05 
0.0718737 0.0227941 6.58868e-05 0.00183618 0.100153 0.0196999 7.17209e-05 0.0231023 3.32236e-05 0.34174 0.082307 0.0281348 0.0141156 2.47439e-05 0.01514 0.00205544 0.0377949 0.000879092 0.0014699 0.00223703 0.000343413 0.00788064 0.000402465 0.00213399 0.0118981 0.21179 2.246e-05 
0.179218 0.0103805 2.42592e-06 0.000421515 0.0332343 0.110062 3.22907e-07 0.0315866 3.6779e-05 0.350445 5.03728e-06 0.0356363 0.0970811 4.38404e-09 0.025024 0.00274724 0.00563515 0.000208531 0.000649372 0.00177434 0.000155759 0.00267226 3.36045e-05 0.000277642 0.0116379 0.101071 3.65757e-06 
0.00695365 0.00265402 8.01541e-05 0.000549081 0.0115083 0.00753432 8.4409e-06 0.000226223 7.13329e-06 0.693943 4.75697e-07 1.61279e-05 0.0531355 6.18539e-05 0.00324494 0.000215659 0.0230943 8.02783e-09 9.5634e-05 0.00122373 3.95272e-09 0.0104053 1.2959e-06 5.62348e-09 0.18279 0.00225037 4.56272e-08 
0.146174 0.0380951 7.61451e-05 0.00104431 0.17684 0.010227 0.00608133 0.0430484 0.00174862 0.29195 0.00191498 0.0486926 0.0389033 0.00326943 0.0185795 0.00752953 0.0374775 0.0285374 0.00124312 0.0100109 0.000905757 0.0173421 0.021738 0.00208858 0.0175042 0.0285069 0.000470264 
0.192169 0.00160458 0.000763852 0.000207179 0.0841108 0.0699768 1.11084e-05 0.000307944 9.92432e-06 0.194023 0.00165748 0.0157019 0.161029 4.75595e-10 0.0125074 0.00276205 0.141624 5.36273e-09 0.0116917 0.00391337 0.00117789 0.0064376 0.00119836 2.91287e-05 0.00307128 0.094013 1.44559e-06 
0.127206 0.0118182 0.000317288 0.000959198 0.120331 0.173037 9.4199e-05 0.00347546 0.00755239 0.387024 0.000224593 0.02234 0.0462694 2.11517e-07 0.0469497 0.00901384 0.00528516 0.000341785 0.00576593 0.00450204 0.00202659 0.013846 0.000295086 0.000785574 0.00315931 0.00737118 8.63944e-06 
0.187694 0.0560162 0.0314161 0.000705986 0.106664 0.0725043 0.00410412 0.03014 0.00122913 0.201992 0.00481135 0.032386 0.0627699 0.000330584 0.0300072 0.0401814 0.0073288 0.00010339 0.00214495 0.0099054 0.00892398 0.0683256 0.00969634 0.000261216 0.0246184 0.00571832 2.16701e-05 
0.109687 0.0229293 9.55095e-05 0.00174915 0.0956501 0.0209078 0.133466 0.00987834 0.000859213 0.449832 0.00106838 0.0491711 0.0176837 3.12678e-06 0.0139111 0.00784573 0.00883968 0.00211408 0.00234461 0.00865711 0.000236821 0.00909785 0.00793595 1.18906e-05 0.00930422 0.0166795 4.11524e-05 
0.153824 0.0324364 3.95827e-06 0.0224761 0.0629156 0.00189981 0.034304 0.0308794 3.37403e-06 0.364076 0.00471326 0.0828741 0.053909 0.00675024 0.0130273 0.0586581 0.000174216 0.00623289 0.0020968 0.0233991 0.00181013 0.00171686 8.01819e-05 2.42352e-06 0.0256087 0.0161261 1.9994e-06 
0.396875 4.7295e-11 5.86828e-10 1.48948e-10 0.0220392 1.22544e-07 3.44948e-10 6.36999e-11 5.19515e-10 0.57311 4.56151e-10 2.02208e-07 0.00797213 5.8116e-10 1.0075e-10 1.70217e-10 1.16775e-10 6.63262e-10 3.36421e-10 3.75481e-07 1.27397e-06 9.92826e-11 9.1579e-11 4.64613e-10 6.65502e-11 1.5345e-06 4.6297e-10 
0.00139942 0.116405 1.71856e-09 4.29517e-05 0.000890151 0.00114787 4.87237e-06 0.000172029 0.331489 0.373945 3.02495e-05 0.00014209 0.0832385 7.76281e-06 8.10402e-06 0.000103887 1.41431e-05 1.9424e-09 3.76092e-07 8.06633e-05 4.00553e-05 5.27015e-05 2.93834e-07 1.36064e-09 0.090759 2.57636e-05 1.35583e-09 
0.0044812 0.00269713 2.32566e-08 1.66756e-05 0.0164028 0.00241935 0.000817209 2.52449e-09 0.00222408 0.850102 0.000166508 7.20474e-05 0.0667642 0.00175523 1.89e-06 0.0367083 1.20196e-05 2.62857e-08 1.79167e-05 0.00998227 0.000127906 3.3912e-05 3.60228e-06 5.59239e-06 0.000614009 0.00457226 1.40692e-06 
4.22094e-07 0.00600685 1.8992e-06 4.82252e-06 0.0568224 0.000887587 0.00183797 4.44438e-10 0.00254101 0.579208 0.024625 0.0643013 0.145994 4.05479e-09 0.000193092 0.00351043 7.39156e-07 0.00132196 1.20658e-06 0.00660738 0.0914062 1.63828e-06 6.38953e-10 0.000880408 0.0137419 6.41148e-05 3.96159e-05 
0.0896675 2.74862e-06 0.00191052 2.7089e-07 0.420233 0.00438349 4.46568e-10 1.19754e-05 2.4172e-06 0.441168 1.98831e-07 9.28079e-07 2.10271e-06 7.52365e-10 0.00946554 0.00278461 0.00211191 2.89108e-07 0.00359308 1.86888e-10 5.0678e-07 0.0246591 3.40225e-07 6.01485e-10 8.61553e-11 1.64164e-10 5.9176e-07 
3.39028e-07 0.243957 1.71962e-06 0.0317066 0.00876789 2.39447e-06 3.58436e-11 3.19707e-07 5.9435e-08 0.442564 4.73986e-11 0.00435247 0.0170056 6.03883e-11 3.96783e-07 6.03154e-07 0.000204901 0.00196086 3.49574e-11 6.27034e-07 3.39344e-11 4.88588e-06 5.63354e-07 4.82779e-11 0.239955 0.00951396 4.81071e-11 
0.207131 0.0283907 0.000429193 0.00223008 0.0448384 0.184366 0.00179344 0.0076215 0.000506746 0.350554 0.000224092 0.0184131 0.0451424 0.0106182 0.011864 0.00450473 0.013429 0.000156839 0.00131062 0.00901299 0.00129463 0.0256957 0.00119703 0.000204493 0.0208587 0.00820427 8.34912e-06 
0.117534 0.00825526 0.000297361 0.0257895 0.0235429 0.105337 6.7653e-06 0.0120195 0.000369752 0.496571 0.0007625 0.105495 0.029314 0.000203761 0.00766684 0.000625949 0.000693871 0.000474639 0.000452403 0.00821482 0.000371478 0.00761994 4.59076e-05 0.0089201 0.0193713 0.0200292 1.53387e-05 
0.000596163 0.0186041 3.69916e-05 0.00365958 0.000894673 0.00975604 8.69007e-06 0.000109933 2.1074e-06 0.832732 0.000242714 0.000124954 0.0285664 2.43171e-10 0.00322779 0.000791249 0.0010754 7.43777e-08 5.07877e-05 4.74809e-05 0.00356337 0.00940768 0.00270336 1.94405e-10 0.0679535 0.0158448 1.14145e-07 
0.144812 0.0078832 0.000999416 0.00131334 0.0789128 0.0537401 0.000983707 0.0080919 0.00080716 0.397971 0.00227807 0.0247284 0.182424 0.000100935 0.0165775 0.00587725 0.00405251 0.000144823 0.000537228 0.0164748 0.000162357 0.0161225 0.000134272 0.000773649 0.0132736 0.0208011 2.15195e-05 
0.174124 0.01534 3.7446e-05 0.00469629 0.0518969 0.00702564 0.00348455 0.0544091 2.22087e-05 0.509377 0.000762173 0.00967213 0.0740226 1.14664e-09 0.00272631 1.31078e-05 0.0108607 9.2006e-05 0.000158131 0.0127622 3.83836e-05 0.00560439 1.57429e-05 9.68543e-05 0.018864 0.0438956 1.76645e-06 
0.085043 0.00994301 0.00821778 9.44987e-05 0.188146 0.00281067 0.00586786 0.000385966 0.0023252 0.271464 0.017847 0.0198951 0.0308486 2.49119e-05 0.117921 0.0922473 0.00102192 0.00019657 0.00279159 0.0120627 0.0788376 0.0116562 0.00886978 0.0228644 0.00395682 0.00464468 1.59003e-05 
0.0217827 0.0610678 1.01455e-06 0.00121843 0.0653457 0.012704 0.000143429 1.03015e-06 1.54878e-06 0.351936 0.00378393 0.122748 0.0468068 1.46421e-06 0.00320029 2.7994e-06 0.281802 5.50165e-08 5.37027e-06 0.00823176 0.000127197 7.10522e-05 4.61022e-07 3.22485e-06 0.016391 0.00260064 2.20192e-05 
0.00915212 0.0431931 0.000399345 0.000230286 0.0731262 0.12066 2.67132e-07 0.0768546 0.00014698 0.429124 0.000143822 0.0319335 0.111178 5.86978e-05 0.00599868 4.77542e-06 0.00621876 8.159e-06 8.40229e-05 0.000356364 6.5332e-05 0.0302918 4.96198e-06 3.59802e-07 0.0443532 0.0164094 2.84896e-06 
0.0598748 0.000789036 3.00526e-08 0.00193064 0.0381734 0.000428286 0.0176255 1.68097e-05 0.0007333 0.604517 4.10555e-07 0.158499 0.000116632 2.97624e-08 0.0230757 0.0022689 0.00357385 0.0120821 1.72288e-08 0.00737616 2.17635e-07 0.0200199 4.10613e-08 3.08352e-06 0.0096448 0.0392413 9.33089e-06 
0.135807 0.0372629 0.00063511 0.00279186 0.138631 0.0290292 0.0274472 0.0239932 0.000484847 0.239623 0.000789901 0.0428345 0.0269459 0.000482161 0.0204626 0.0221998 0.0587826 0.015296 0.0245818 0.00468644 0.00342718 0.0143439 0.0646131 1.26495e-05 0.0173315 0.0474692 3.60735e-05 
0.0539701 0.0655183 0.00478673 0.00225177 0.127649 0.0269995 0.000764636 0.0154645 3.8616e-05 0.227389 0.00373707 0.0918165 0.0346255 1.31012e-06 0.0120145 0.203124 0.00192541 0.00459716 0.064497 0.0010816 0.0191915 0.00912679 0.000144599 1.48654e-05 0.0119524 0.0173115 6.47158e-06 
0.222633 0.0272815 0.000503413 0.00841723 0.0869674 0.0546203 0.00178309 0.0148741 0.000535955 0.223125 0.00181153 0.0656809 0.0632094 0.000535121 0.0270744 0.016192 0.0235601 0.00141078 0.00609357 0.0188414 0.0014789 0.0459683 0.000777452 0.00819567 0.0166299 0.0612552 0.000543523 
0.188596 0.00110698 0.000131862 0.000456656 0.0179058 0.099122 0.00514044 0.020404 3.30937e-05 0.340354 8.55227e-05 0.000443418 0.0300549 1.50486e-09 0.00404167 0.00196584 0.0321767 0.000190404 8.07161e-05 0.00162765 4.23847e-05 0.0227401 1.60039e-05 0.00301015 0.0118406 0.218399 3.41824e-05 
0.130903 0.00833112 0.000759812 0.00110703 0.026208 0.0767404 7.25789e-07 0.0100663 0.00168613 0.583186 9.60732e-06 0.0380883 0.0306893 2.09821e-09 0.00565701 0.00496363 0.0189328 0.0001303 0.00847512 0.000317899 4.278e-06 0.0440284 0.000368115 2.71512e-08 0.00715317 0.00219335 5.43883e-07 
0.0652171 0.0228477 0.00134366 0.00372223 0.0283996 0.0955067 1.75617e-05 0.00150203 0.000329157 0.246641 9.14609e-05 0.0531037 0.19047 1.9842e-10 0.155658 0.00267965 0.00808409 0.000255204 0.00224202 0.0121264 0.00107698 0.027158 3.33732e-05 0.00579525 0.0602526 0.0154238 2.20673e-05 
4.22094e-07 0.00600685 1.8992e-06 4.82252e-06 0.0568224 0.000887587 0.00183797 4.44438e-10 0.00254101 0.579208 0.024625 0.0643013 0.145994 4.05479e-09 0.000193092 0.00351043 7.39156e-07 0.00132196 1.20658e-06 0.00660738 0.0914062 1.63828e-06 6.38953e-10 0.000880408 0.0137419 6.41148e-05 3.96159e-05 
0.015061 0.00122931 5.39775e-09 1.37005e-09 0.00276718 0.36419 4.04252e-06 5.85923e-10 1.00689e-05 0.430537 1.08045e-05 7.44641e-06 0.0279462 5.34562e-09 0.000261003 2.09972e-06 1.07412e-09 6.1008e-09 3.09446e-09 0.0444596 3.0039e-09 7.21469e-08 8.4236e-10 4.2736e-09 0.112942 0.000572525 4.25848e-09 
0.0285125 0.00487451 3.21381e-05 0.000418066 0.0309948 0.00654869 5.5128e-05 0.0127357 0.000538469 0.797331 0.0048288 0.0584764 0.00487642 1.81756e-06 0.00119166 0.00101402 4.73996e-05 3.70895e-05 1.05215e-06 0.00724985 0.00104494 1.3713e-05 8.91838e-07 0.00495054 0.0339062 0.000315086 2.85994e-06 
0.196443 0.0323642 0.00947785 0.00172927 0.0274762 0.0114472 0.000735509 0.0257122 8.57214e-05 0.217253 0.0126846 0.160043 0.0184655 5.01943e-07 0.00241971 0.0243526 0.0120706 0.00321239 0.000693749 0.000561849 0.177251 0.0302438 0.000326578 0.00419029 0.00638118 0.0237725 0.000606521 
0.0499977 0.00378779 4.24157e-05 0.000614115 0.0365959 0.0156792 8.4379e-05 0.0111406 0.265772 0.487081 8.86808e-05 0.0567309 0.000275156 3.0215e-06 0.000451086 0.00395924 0.00181469 1.49457e-06 7.20476e-05 0.01022 0.0017962 0.000736357 6.91485e-06 3.11479e-07 0.0457317 0.00731718 3.10377e-07 
0.0971887 0.010247 4.89677e-08 4.99424e-06 0.0325075 0.00197837 0.0131839 5.31542e-09 0.12572 0.653873 1.60205e-05 0.00968616 0.00812742 0.00640874 0.00389382 0.00501951 9.74427e-09 5.53457e-08 6.30565e-06 0.0158975 4.30871e-06 0.000169047 5.42662e-06 0.0065519 0.00568123 0.00382822 8.56031e-07 
0.096714 0.0282584 0.000292352 0.00112638 0.0417305 0.049452 0.00152162 0.0075235 0.000391631 0.559393 0.000341198 0.0136044 0.0993587 0.0181141 0.00959429 0.00357273 0.00388318 7.39716e-05 0.000782152 0.0143245 0.000363134 0.0196353 0.00165929 2.9093e-05 0.0160986 0.0121608 1.28598e-06 
0.0233181 0.0118107 2.93809e-05 0.00934812 0.00562799 0.239001 1.53703e-06 0.00104033 3.15943e-07 0.570858 0.0012004 0.0372144 0.00955371 0.000996057 0.0737151 0.000233336 0.000708152 1.99481e-05 5.1368e-05 0.00193249 5.11023e-05 5.04169e-05 0.000217321 9.63935e-05 0.012554 0.000365905 3.91606e-06 
0.142583 0.0143846 0.00104611 0.00138305 0.0409869 0.0411657 0.00042413 0.0070149 0.0284238 0.279986 0.000867924 0.0791065 0.153756 1.2995e-07 0.0106605 0.0250435 5.92811e-05 0.000210838 0.00295237 0.0993675 0.00023144 0.00378567 0.000399951 1.0389e-07 0.0656713 0.000487863 8.49046e-07 
0.230947 0.0312784 0.000140261 0.00106952 0.114042 0.0402284 0.000122665 0.00596563 0.000224436 0.26233 0.00154587 0.0851572 0.0354625 0.00256834 0.0125187 0.00353343 0.110679 2.28973e-05 0.00525083 0.0103654 9.87031e-05 0.00914766 3.61839e-06 0.00629224 0.0118004 0.0192007 3.80237e-06 
0.0358506 0.0265379 0.0177866 0.000560493 0.0155183 0.030362 0.00065893 6.72361e-06 2.36929e-05 0.290964 0.00819323 0.00739011 0.0271735 2.51388e-06 0.23628 0.000509612 0.274885 7.64864e-07 0.000203901 0.00213915 0.000823937 0.00148097 3.0169e-06 0.00298315 0.00511669 0.0145403 4.99651e-06 
0.0394073 0.0438199 0.000172514 0.00779383 0.154221 0.150916 2.30377e-07 0.024411 9.84715e-05 0.25972 0.000320884 0.0177134 0.178367 8.52143e-05 0.0127482 0.0505157 0.0188548 0.00100334 0.0229927 0.00150675 7.9363e-05 0.00853604 0.000249891 2.25699e-05 0.00361971 0.00282343 9.76661e-07 
0.0968403 0.00695249 1.44416e-05 0.00159855 0.020507 0.0539206 6.69049e-05 1.85481e-05 4.14665e-05 0.610217 0.000221263 0.00301049 0.0785652 5.8617e-09 0.00488079 0.00143534 0.0264757 0.000105138 0.000389954 0.000247518 0.00023889 0.060515 0.000561247 7.35719e-08 0.0107863 0.0223892 6.80978e-07 
0.221648 0.0254511 1.42811e-05 0.004286 0.0225699 0.0889241 0.00020164 0.00784818 6.48614e-05 0.457046 0.000575204 0.0249219 0.0633865 0.000137223 0.0353262 0.0112126 0.00393573 0.000375099 0.000674019 0.00518848 0.000815851 0.001502 9.86248e-06 0.000152165 0.0074248 0.0163067 1.44871e-06 
0.21813 0.0205691 0.00289657 0.00563562 0.0520749 0.101324 0.00283181 0.0178704 0.000223702 0.350549 0.000355081 0.0313961 0.0423759 2.27886e-06 0.0378053 0.00326806 0.0101217 0.000892034 0.0011517 0.0085357 0.000288066 0.0594618 0.00225327 0.00119567 0.0152183 0.0133683 0.000206288 
