0.950585 0.00177181 0.00305092 0.0029986 7.11807e-09 8.76949e-05 1.00882e-07 0.000997657 0.00226735 0.038241 6.31051e-13 7.12958e-10 1.79329e-12 
0.956169 0.000695943 0.00062349 0.0124157 1.58373e-05 5.11927e-06 2.11558e-07 0.000431909 0.00175786 0.0277998 7.51448e-05 9.90921e-06 1.84267e-07 
0.719342 9.56824e-05 0.00177349 0.052172 2.47318e-07 0.00110039 7.68251e-07 0.0201984 0.00103236 0.204033 4.80588e-05 7.19578e-06 0.000196452 
0.956169 0.000695943 0.00062349 0.0124157 1.58373e-05 5.11927e-06 2.11558e-07 0.000431909 0.00175786 0.0277998 7.51448e-05 9.90921e-06 1.84267e-07 
0.877678 0.0345812 0.0427132 0.00534962 2.78701e-09 0.000343756 3.12015e-07 0.0114243 0.00252323 0.0236052 2.01581e-06 0.0017469 3.18795e-05 
0.37 0.0220799 0.0949432 0.0931025 3.8459e-05 0.00481395 0.0961066 0.035331 0.0839848 0.170906 0.00868778 0.00136374 0.0186421 
0.947091 5.70645e-05 0.00381028 0.00782207 1.42412e-07 0.000106602 6.62676e-11 2.34134e-05 0.0022045 0.038848 1.97908e-05 1.75098e-05 2.72843e-08 
0.950585 0.00177181 0.00305092 0.0029986 7.11807e-09 8.76949e-05 1.00882e-07 0.000997657 0.00226735 0.038241 6.31051e-13 7.12958e-10 1.79329e-12 
0.709076 0.000914539 0.048969 0.00825483 3.22791e-05 0.0494914 4.90108e-05 0.00748086 0.0348144 0.100061 4.44466e-05 7.24522e-06 0.0408057 
0.834052 0.000359841 0.0502985 0.0152009 4.24843e-06 0.00118977 2.36619e-05 0.000314535 0.0128788 0.0847586 6.01227e-05 3.98219e-06 0.000854819 
0.78036 0.000134551 0.00235175 0.0034324 9.14453e-09 0.000419785 2.13394e-11 0.00174733 0.00249831 0.209054 8.89603e-07 8.29235e-07 3.31908e-08 
0.688393 0.00746967 0.256586 0.0131804 1.27342e-05 0.000120164 0.000879964 0.0228256 0.00604288 0.00319717 0.000219773 0.000205244 0.000867101 
0.41769 0.0117001 0.0343636 0.0857581 2.25694e-07 1.81378e-05 0.000369013 4.0206e-05 0.102178 0.347362 0.000238325 1.18294e-05 0.000270027 
0.646358 0.00121909 0.119113 0.0487851 2.10907e-08 0.00135548 0.000111711 0.00462536 0.0136536 0.142305 0.000366207 0.000201332 0.0219062 
0.722556 2.14219e-05 0.0448621 0.143204 1.59553e-05 0.000197781 0.00116461 0.00371219 0.00683622 0.0771306 2.63793e-05 1.26218e-05 0.000260706 
0.347109 0.00173191 0.176456 0.061661 3.18962e-05 0.0286811 3.56691e-05 0.00588577 0.0906313 0.281214 0.000181371 6.88026e-05 0.00631212 
0.536335 0.0020438 0.0653763 0.0433283 2.05731e-06 0.000440469 0.0086651 0.0177739 0.0736984 0.252287 2.27715e-05 5.14711e-07 2.62503e-05 
0.904646 9.69608e-05 0.00842511 0.00252834 6.74785e-06 2.79263e-08 2.9472e-07 0.000386681 0.00228468 0.0559691 4.38873e-06 0.0255707 8.06813e-05 
0.947091 5.70645e-05 0.00381028 0.00782207 1.42412e-07 0.000106602 6.62676e-11 2.34134e-05 0.0022045 0.038848 1.97908e-05 1.75098e-05 2.72843e-08 
0.448701 0.000947183 0.0526506 0.0530937 1.58777e-07 0.000129099 7.3785e-05 8.98937e-05 0.012044 0.427494 0.000149643 0.00447289 0.000153863 
0.887738 0.000364676 0.0360094 0.00809782 7.87487e-07 0.000717101 1.21153e-05 0.00558119 0.00803258 0.0501462 1.51521e-05 0.00277654 0.000508861 
0.248188 0.015486 0.0891549 0.18522 9.22937e-07 0.000527384 6.05496e-05 0.025263 0.0897314 0.139814 1.65088e-05 0.206299 0.000237912 
0.443836 0.00464934 0.0262615 0.302475 2.41977e-05 0.00551984 5.97444e-05 0.0347622 0.0325787 0.148774 9.77331e-05 0.000597071 0.000364857 
0.473264 0.000783492 0.00611825 0.115021 2.14942e-07 0.00144419 4.86327e-05 0.237361 0.00326644 0.161443 5.27597e-05 4.7177e-05 0.00115086 
0.485287 0.000555529 0.0172132 0.0424846 9.9518e-06 0.0266537 4.75611e-05 0.00253783 0.0080217 0.401141 9.22368e-05 4.95668e-05 0.0159057 
0.438918 0.00596981 0.0353285 0.0725383 0.000205135 0.0017246 0.000161491 0.0098726 0.0221619 0.395055 0.0126679 4.30416e-05 0.00535328 
0.624337 0.0119933 0.0602246 0.0646765 1.20355e-05 0.00602499 0.00244571 0.00497232 0.101784 0.118841 0.000381545 3.45709e-05 0.00427309 
0.39009 0.0140824 0.0681601 0.0254863 8.56489e-06 0.0124418 0.000428953 0.0126998 0.321294 0.133211 0.000647802 4.63101e-05 0.0214026 
0.625356 0.00266163 0.0423665 0.00921353 3.16127e-08 0.000151661 1.53953e-05 0.00150516 0.077666 0.239655 0.00122218 4.58569e-08 0.000187393 
0.956169 0.000695943 0.00062349 0.0124157 1.58373e-05 5.11927e-06 2.11558e-07 0.000431909 0.00175786 0.0277998 7.51448e-05 9.90921e-06 1.84267e-07 
0.904646 9.69608e-05 0.00842511 0.00252834 6.74785e-06 2.79263e-08 2.9472e-07 0.000386681 0.00228468 0.0559691 4.38873e-06 0.0255707 8.06813e-05 
0.956169 0.000695943 0.00062349 0.0124157 1.58373e-05 5.11927e-06 2.11558e-07 0.000431909 0.00175786 0.0277998 7.51448e-05 9.90921e-06 1.84267e-07 
0.976142 0.000164219 0.000234416 0.000181002 8.24642e-12 1.61957e-08 8.41051e-06 0.000169393 0.00391258 0.0190262 2.42072e-07 7.21545e-12 0.000161853 
0.787944 9.29771e-05 0.106046 0.0212925 8.64028e-07 0.000241416 1.78171e-09 0.00963241 0.00537998 0.0691708 3.1595e-05 1.68486e-07 0.000167295 
0.778023 0.0511289 0.0623787 0.007129 1.69135e-08 0.00123749 6.10416e-07 0.00783155 0.0330859 0.0518325 0.00014152 0.00166268 0.0055485 
0.42405 0.00456439 0.203292 0.0397021 0.00018797 0.00587502 0.000107241 0.0297897 0.0492379 0.238135 4.49e-05 2.57014e-06 0.00501145 
0.762896 5.66586e-05 0.0815878 0.0135143 9.35531e-08 0.000249748 3.50256e-09 0.0116163 0.00303488 0.126913 1.13694e-08 7.47845e-10 0.000130957 
0.292114 0.00517001 0.160644 0.0999306 0.000299308 0.000210998 0.00499052 0.0710799 0.0635531 0.273193 0.0131882 0.00192091 0.0137057 
0.344797 0.00261499 0.170323 0.0813527 3.50631e-06 0.000365033 2.13612e-08 0.0213473 0.0634612 0.31234 0.000547333 0.000851328 0.00199659 
0.424854 0.0316047 0.0755714 0.00558311 0.000285431 0.00619266 0.193919 0.000434609 0.231628 0.0289127 0.00014502 2.26281e-06 0.000866435 
0.601712 0.0059294 0.0916618 0.0123982 6.34841e-06 0.000652053 0.000190029 0.00276812 0.0223046 0.26193 5.70583e-05 3.0451e-06 0.000386596 
0.723013 1.61892e-06 0.0131611 0.134253 2.21687e-07 3.53433e-05 5.00357e-05 0.00295877 0.000992627 0.125456 3.15129e-06 1.4943e-05 5.93942e-05 
0.515279 2.61513e-05 0.0298289 0.102421 7.81419e-08 0.000399551 3.59322e-08 0.0682709 0.00194463 0.27737 6.03871e-05 3.90681e-11 0.00440006 
0.521375 0.000303475 0.000733035 0.00231846 0.0634497 1.0334e-06 6.53805e-05 1.06263e-07 0.0607542 0.349809 0.000290309 9.58322e-06 0.000890039 
0.784469 0.00101162 0.0489899 0.0121694 1.9722e-10 0.0026922 4.19169e-05 0.000696496 0.0286425 0.11527 0.000403172 5.43065e-07 0.00561249 
0.755167 0.00267234 9.54209e-07 0.0170811 9.52976e-07 9.53644e-07 0.00610247 9.54103e-07 0.157435 0.046756 9.53993e-07 0.00019158 0.0145897 
0.735237 0.00509326 0.057945 0.0381288 2.73094e-12 0.000224255 0.000210384 0.00262832 0.0240892 0.135747 9.02858e-06 0.000285946 0.000401516 
0.688393 0.00746967 0.256586 0.0131804 1.27342e-05 0.000120164 0.000879964 0.0228256 0.00604288 0.00319717 0.000219773 0.000205244 0.000867101 
0.463088 0.0284543 0.0992397 0.142217 4.4941e-06 0.000826556 0.046977 0.0155665 0.0827138 0.115818 0.00240962 0.000762183 0.00192251 
0.712472 0.00199347 0.0125325 0.0266744 1.46619e-05 0.00455712 6.76323e-05 0.00815366 0.0160987 0.216543 0.000200573 0.000102608 0.000589871 
0.644581 5.1106e-05 0.0158433 0.0104695 2.65528e-07 7.64604e-05 2.24092e-05 1.59186e-05 0.00643757 0.322147 5.40461e-05 0.000225081 7.64088e-05 
0.424854 0.0316047 0.0755714 0.00558311 0.000285431 0.00619266 0.193919 0.000434609 0.231628 0.0289127 0.00014502 2.26281e-06 0.000866435 
0.809626 0.0001936 0.0447461 0.00921288 1.34886e-08 0.000134072 1.53314e-05 0.000127096 0.0535425 0.0809928 0.00122195 1.95708e-08 0.000187245 
0.45423 0.00106672 0.0630878 0.102641 5.01427e-07 0.00759173 3.61954e-08 0.034184 0.0118199 0.188188 5.88413e-05 3.10085e-06 0.137128 
0.700025 0.000782042 0.0564754 0.0400547 1.14821e-05 0.0143457 0.00354505 0.00757846 0.0342969 0.131885 4.27531e-05 6.5588e-05 0.0108913 
0.501632 0.0168715 0.00819336 0.00740202 2.24262e-09 0.00148966 2.71742e-06 0.0132467 0.00605149 0.444626 0.000205293 8.32884e-06 0.00027065 
0.92274 8.55961e-05 0.00561864 0.0116393 2.13519e-07 0.000159901 1.47544e-12 3.51197e-05 0.00326135 0.0564069 2.96847e-05 2.33257e-05 3.8961e-08 
0.530833 0.0372396 0.167409 0.0135052 5.75424e-08 0.00035946 6.80332e-09 0.0380553 0.00694191 0.205578 1.63318e-08 8.73214e-10 7.91302e-05 
0.729877 0.00142809 0.0850113 0.0221614 9.43035e-06 0.00259471 0.000113439 0.000982246 0.033816 0.123159 3.94671e-05 1.0976e-05 0.000797273 
0.851734 5.66477e-05 0.0763144 0.0135142 1.21391e-10 0.000241407 1.49362e-09 0.00843837 0.00254327 0.0470096 4.41951e-09 3.17273e-10 0.00014792 
0.928754 0.000937113 0.0267285 0.0196602 1.58759e-06 3.49538e-05 0.00042019 0.0187486 0.000324416 0.00393109 7.37567e-07 0.000374961 8.39968e-05 
0.554603 0.000722739 0.18162 0.00377087 4.00166e-09 0.000482786 2.29515e-08 3.549e-07 0.0223863 0.23626 3.38654e-07 5.0003e-08 0.000153455 
0.650293 0.00249496 0.0585713 0.0772268 7.05684e-06 0.00161111 0.00358744 0.00802389 0.0338486 0.161466 0.000532022 0.000358895 0.00197928 
0.404591 0.000180717 0.101296 0.052473 1.65422e-06 0.00631514 0.000521859 0.0186693 0.0290636 0.379697 7.95124e-05 7.49138e-06 0.00710309 
0.901695 1.04047e-06 0.000189095 3.45738e-05 1.872e-09 0.0700728 3.8612e-05 3.30386e-10 0.000467919 0.0267307 2.24759e-08 1.46943e-09 0.000770092 
0.554603 0.000722739 0.18162 0.00377087 4.00166e-09 0.000482786 2.29515e-08 3.549e-07 0.0223863 0.23626 3.38654e-07 5.0003e-08 0.000153455 
0.928754 0.000937113 0.0267285 0.0196602 1.58759e-06 3.49538e-05 0.00042019 0.0187486 0.000324416 0.00393109 7.37567e-07 0.000374961 8.39968e-05 
0.964796 3.40087e-05 0.00141703 0.0028757 4.79564e-08 0.000140858 6.10045e-10 8.03388e-06 0.00313204 0.0272668 0.000280123 6.51877e-06 4.29122e-05 
0.852463 0.000884835 0.0286462 0.00789988 3.76998e-07 0.00072809 5.35065e-05 0.000102432 0.0268136 0.082128 2.45825e-05 0.000216004 3.93142e-05 
0.753788 0.00269962 0.0617342 0.0253825 4.75094e-09 0.000326158 0.000103538 0.00123249 0.0388613 0.114942 0.000341477 0.000220845 0.000367791 
0.485287 0.000555529 0.0172132 0.0424846 9.9518e-06 0.0266537 4.75611e-05 0.00253783 0.0080217 0.401141 9.22368e-05 4.95668e-05 0.0159057 
0.45423 0.00106672 0.0630878 0.102641 5.01427e-07 0.00759173 3.61954e-08 0.034184 0.0118199 0.188188 5.88413e-05 3.10085e-06 0.137128 
0.944525 0.000671443 0.0048008 0.00672436 5.96352e-07 0.000130054 4.61202e-08 0.000387979 0.00258137 0.0401692 4.50547e-06 4.44604e-06 1.56157e-08 
0.762654 0.00670347 0.13797 0.0315581 4.49988e-06 0.00182378 0.000735716 0.0081129 0.0142736 0.0349452 8.97159e-05 0.000527341 0.000601023 
0.788682 0.000462652 0.0644648 0.0194791 5.4616e-06 0.0015297 3.00172e-05 0.000404401 0.0164875 0.107274 7.73001e-05 3.85786e-06 0.00109905 
0.755868 0.0051375 0.0350555 0.0273616 4.47391e-06 0.00102577 0.000299481 0.00383048 0.0143236 0.123548 0.000859492 0.000445112 0.0322411 
0.775117 9.03603e-05 0.0241503 0.0153851 4.38293e-11 5.2623e-05 2.32971e-09 0.00471623 0.00367244 0.172672 1.34878e-08 7.81046e-05 0.00406525 
0.593403 0.00402991 0.174622 0.0225903 1.94608e-07 0.00489311 6.30932e-05 0.00298075 0.0161249 0.178953 2.74753e-05 0.000956269 0.00135663 
0.542644 0.00208659 0.046322 0.0250211 5.38939e-06 0.00106309 0.0216184 0.00182369 0.0275008 0.331556 0.000200519 3.4781e-05 0.000123569 
0.956169 0.000695943 0.00062349 0.0124157 1.58373e-05 5.11927e-06 2.11558e-07 0.000431909 0.00175786 0.0277998 7.51448e-05 9.90921e-06 1.84267e-07 
0.852463 0.000884835 0.0286462 0.00789988 3.76998e-07 0.00072809 5.35065e-05 0.000102432 0.0268136 0.082128 2.45825e-05 0.000216004 3.93142e-05 
0.95107 0.000815024 0.000691007 0.0169027 3.49491e-05 2.38366e-05 5.14457e-07 0.000679484 0.0018432 0.0277744 9.77443e-05 1.1893e-05 5.55006e-05 
0.947091 5.70645e-05 0.00381028 0.00782207 1.42412e-07 0.000106602 6.62676e-11 2.34134e-05 0.0022045 0.038848 1.97908e-05 1.75098e-05 2.72843e-08 
0.783614 0.00153229 0.00442409 0.0350852 2.31857e-06 1.41331e-08 3.91805e-06 0.0101624 0.000690285 0.164432 1.36699e-06 1.62792e-08 5.22709e-05 
0.307602 0.0103627 0.225893 0.177306 2.2997e-06 2.30131e-06 0.0312908 0.0156587 0.0550326 0.176843 2.30215e-06 2.30009e-06 2.30099e-06 
0.928754 0.000937113 0.0267285 0.0196602 1.58759e-06 3.49538e-05 0.00042019 0.0187486 0.000324416 0.00393109 7.37567e-07 0.000374961 8.39968e-05 
0.956169 0.000695943 0.00062349 0.0124157 1.58373e-05 5.11927e-06 2.11558e-07 0.000431909 0.00175786 0.0277998 7.51448e-05 9.90921e-06 1.84267e-07 
0.59498 2.10865e-05 0.0054701 0.0168426 5.70739e-10 0.000231405 4.32709e-07 0.000594726 0.00217136 0.364941 2.5091e-05 0.00790846 0.00681346 
0.762896 5.66586e-05 0.0815878 0.0135143 9.35531e-08 0.000249748 3.50256e-09 0.0116163 0.00303488 0.126913 1.13694e-08 7.47845e-10 0.000130957 
0.558595 4.14395e-09 0.0188741 0.0374998 2.01085e-06 0.000129446 0.000157276 0.00619252 0.00989972 0.367081 1.21621e-05 1.7639e-09 0.00155699 
0.711302 0.000852561 0.051914 0.0158445 1.97652e-09 0.000130359 0.000102872 0.00115974 0.00764573 0.210587 1.38553e-06 9.64793e-05 0.000362942 
0.535973 1.09315e-05 0.00143674 0.0485706 2.32113e-06 4.81927e-06 2.28232e-07 0.00485905 0.00106911 0.405187 0.000125114 7.98413e-05 0.00268142 
0.809626 0.0001936 0.0447461 0.00921288 1.34886e-08 0.000134072 1.53314e-05 0.000127096 0.0535425 0.0809928 0.00122195 1.95708e-08 0.000187245 
0.284839 0.0141604 0.103071 0.0993118 0.000226894 0.034165 0.00168183 0.0442645 0.174158 0.240732 0.00113356 0.00158279 0.000672605 
0.518643 0.00265164 0.0279819 0.0326702 2.39219e-06 9.53224e-05 5.67691e-05 0.000683917 0.0159412 0.400025 0.000154095 0.000973781 0.000120833 
0.671361 0.00484541 0.0566464 0.0280759 0.0051141 0.00216158 0.000258548 0.00372177 0.0848009 0.138978 0.000218675 0.00134776 0.00246936 
0.644581 5.1106e-05 0.0158433 0.0104695 2.65528e-07 7.64604e-05 2.24092e-05 1.59186e-05 0.00643757 0.322147 5.40461e-05 0.000225081 7.64088e-05 
0.645892 0.00892948 0.0708756 0.0858297 1.29906e-05 0.000134313 0.000907588 0.0367836 0.0171764 0.132954 6.15216e-06 0.000282374 0.000216603 
0.559917 0.000855048 0.000231851 0.002735 4.54246e-08 0.0035998 3.49433e-09 1.19808e-05 0.00129075 0.431341 1.88173e-11 2.66264e-08 1.74832e-05 
0.910579 0.000278899 0.00746339 0.021466 6.3364e-07 0.000114423 0.000104694 0.0125849 0.000432521 0.0467574 7.24497e-06 0.000119408 9.15995e-05 
0.744311 0.0021114 0.0561567 0.0247645 0.00826537 0.00272519 0.00633831 0.00728962 0.0253355 0.112131 6.67612e-05 0.00465648 0.00584833 
0.716625 3.52446e-05 0.0135742 0.0750069 4.79309e-07 0.000340821 3.5781e-05 0.00388286 0.00169885 0.182346 2.89475e-05 1.69949e-05 0.00640799 
0.749775 0.00424463 0.0655231 0.0512043 0.00104346 0.0033447 0.00439666 0.0123026 0.0224247 0.0809663 0.000895537 0.00104516 0.00283381 
0.440233 0.0129454 0.128797 0.0660203 1.99058e-05 0.00416689 0.00121259 0.0141408 0.0555419 0.269539 0.00627048 0.00027271 0.000840543 
0.989941 5.63794e-09 1.14065e-05 4.33826e-06 2.53402e-12 4.33601e-08 1.42358e-10 6.6059e-11 0.000994039 0.00904449 5.0418e-06 1.09025e-09 1.97838e-08 
0.294177 2.40724e-06 0.106419 0.051043 0.0555464 2.40619e-06 2.40548e-06 0.0204648 0.179117 0.266037 0.00698291 0.0202036 2.40586e-06 
0.851173 0.000923769 0.0258124 0.0204166 9.47909e-07 0.0113143 9.43473e-05 0.001933 0.0132979 0.0729424 0.000148415 2.47891e-05 0.00191842 
0.853344 0.00217041 0.0530588 0.0397745 1.95365e-06 0.00522267 0.000121334 0.00104867 0.00893515 0.0361799 1.72174e-05 1.44742e-05 0.000110894 
0.980923 0.00104052 0.00269938 0.00117173 0.00016401 0.00108501 0.00123919 0.000280361 0.00841878 0.0025726 0.000405453 7.54896e-08 5.00932e-08 
0.49903 0.00118835 0.102313 0.195714 5.99694e-06 0.00162183 0.000213961 0.0222811 0.0249968 0.130228 7.86824e-05 1.74724e-05 0.0223114 
0.644116 0.000205402 0.0477765 0.180227 2.46054e-07 0.00091412 5.73174e-05 0.00240557 0.00417441 0.1026 9.26995e-05 2.62497e-05 0.017405 
0.392436 0.00177008 0.149436 0.122085 7.64737e-05 0.000324287 3.54592e-05 0.00939733 0.0958862 0.214871 0.00020727 0.000228959 0.0132467 
0.264577 0.19687 0.121914 0.0736325 2.68759e-06 0.000583601 0.00917829 0.149309 0.0896437 0.0844612 3.49003e-06 9.71423e-05 0.00972642 
0.59488 0.00124447 0.167494 0.0925789 4.23856e-05 0.00047718 0.00019992 0.00339768 0.0174602 0.121922 4.07904e-05 2.53312e-05 0.00023713 
0.644581 5.1106e-05 0.0158433 0.0104695 2.65528e-07 7.64604e-05 2.24092e-05 1.59186e-05 0.00643757 0.322147 5.40461e-05 0.000225081 7.64088e-05 
0.770116 0.00169949 0.030555 0.021901 0.0430827 0.000753047 0.000106358 0.00423584 0.0257943 0.0908405 0.000362234 0.0104881 6.58409e-05 
0.770642 0.00137638 0.0775524 0.0204268 8.1665e-07 0.00573194 5.52005e-05 0.000762465 0.0334736 0.0891893 6.38079e-05 0.000355537 0.00036974 
0.905974 0.000243125 0.00491784 0.0122345 4.70738e-07 0.000348197 1.47407e-05 0.000695747 0.00321948 0.068668 1.08393e-05 0.00330498 0.000367905 
0.688393 0.00746967 0.256586 0.0131804 1.27342e-05 0.000120164 0.000879964 0.0228256 0.00604288 0.00319717 0.000219773 0.000205244 0.000867101 
0.784469 0.00101162 0.0489899 0.0121694 1.9722e-10 0.0026922 4.19169e-05 0.000696496 0.0286425 0.11527 0.000403172 5.43065e-07 0.00561249 
0.344198 0.011136 0.0198822 0.00715141 6.58084e-06 0.000947171 0.0168656 0.000492896 0.297281 0.297598 0.00131393 5.74981e-05 0.00306969 
0.809626 0.0001936 0.0447461 0.00921288 1.34886e-08 0.000134072 1.53314e-05 0.000127096 0.0535425 0.0809928 0.00122195 1.95708e-08 0.000187245 
0.851395 3.73288e-05 0.00934169 0.0530861 2.66869e-07 0.000116784 7.35605e-06 0.000695035 0.00238685 0.0827289 8.43116e-05 2.33697e-05 9.67909e-05 
0.399022 0.0113476 0.0452089 0.102617 5.77337e-06 0.000141158 0.000204814 0.000512472 0.12511 0.314074 0.00136251 0.000132076 0.000262443 
0.553368 0.0014443 0.0730518 0.0557819 1.46527e-08 0.00234859 0.0494366 0.00712748 0.00213167 0.222138 3.21962e-05 0.000865287 0.032274 
0.636636 0.00127629 0.0348753 0.0398515 9.611e-06 0.103457 0.000284601 0.0130352 0.0244574 0.145486 0.000172905 0.000165158 0.000293374 
0.375114 0.0111263 0.0656339 0.0478502 0.000261556 0.00283387 0.00125579 0.0117914 0.102744 0.369988 0.00849188 1.65013e-05 0.00289213 
0.762896 5.66586e-05 0.0815878 0.0135143 9.35531e-08 0.000249748 3.50256e-09 0.0116163 0.00303488 0.126913 1.13694e-08 7.47845e-10 0.000130957 
0.734165 8.64852e-05 0.0392164 0.0751601 1.01197e-06 0.000112936 4.38618e-05 0.00177136 0.0137917 0.135233 0.000262769 1.72829e-05 0.000138731 
0.711302 0.000852561 0.051914 0.0158445 1.97652e-09 0.000130359 0.000102872 0.00115974 0.00764573 0.210587 1.38553e-06 9.64793e-05 0.000362942 
0.933213 0.000463064 0.00255876 0.000643019 8.41845e-09 0.00113572 1.46086e-05 0.00158945 0.0143129 0.0457262 1.03153e-06 5.79982e-12 0.000342622 
0.507605 0.000906665 0.142901 0.0298072 3.72422e-06 0.00031793 0.000199549 0.00409272 0.0294563 0.283811 4.05608e-05 0.000544386 0.000314166 
0.780769 0.000281648 0.00973387 0.0458462 3.65233e-07 0.000126713 2.00841e-05 0.00252063 0.00206122 0.155285 1.25029e-05 0.00216858 0.00117402 
0.364314 0.000206366 0.177393 0.209415 1.28728e-06 0.000409331 3.43458e-06 0.00205417 0.00407944 0.242113 4.80803e-07 8.76566e-06 2.28668e-06 
0.59498 2.10865e-05 0.0054701 0.0168426 5.70739e-10 0.000231405 4.32709e-07 0.000594726 0.00217136 0.364941 2.5091e-05 0.00790846 0.00681346 
0.644581 5.1106e-05 0.0158433 0.0104695 2.65528e-07 7.64604e-05 2.24092e-05 1.59186e-05 0.00643757 0.322147 5.40461e-05 0.000225081 7.64088e-05 
0.678747 0.00107085 0.0766011 0.154801 2.5871e-06 0.00137252 2.02229e-05 0.0499301 0.00661643 0.0280437 0.00197117 0.000366939 0.000456512 
0.521375 0.000303475 0.000733035 0.00231846 0.0634497 1.0334e-06 6.53805e-05 1.06263e-07 0.0607542 0.349809 0.000290309 9.58322e-06 0.000890039 
0.259631 0.032779 0.111247 0.115944 6.80514e-05 0.0198912 0.0176914 0.0222275 0.13784 0.246036 0.0177381 0.000740426 0.018168 
0.712755 8.84503e-05 0.0102654 0.0231763 3.38497e-07 0.000879287 9.57046e-06 0.00194237 0.00214186 0.226791 4.19214e-05 1.20469e-05 0.0218968 
0.770193 0.00883376 0.184694 0.00766619 1.23596e-05 0.000119345 0.00409999 0.0196963 0.00312214 0.000598785 0.000184236 0.000109398 0.000669791 
0.928754 0.000937113 0.0267285 0.0196602 1.58759e-06 3.49538e-05 0.00042019 0.0187486 0.000324416 0.00393109 7.37567e-07 0.000374961 8.39968e-05 
0.76537 0.00568768 0.192799 0.00998879 1.80496e-05 0.000103777 0.000720588 0.0172366 0.00459311 0.00242643 0.000181607 0.000173771 0.000700254 
0.424854 0.0316047 0.0755714 0.00558311 0.000285431 0.00619266 0.193919 0.000434609 0.231628 0.0289127 0.00014502 2.26281e-06 0.000866435 
0.793787 0.00627458 0.0936753 0.0292109 1.45968e-06 0.0027792 0.000585301 0.00462612 0.0167111 0.0508022 4.5483e-05 0.00111417 0.000387094 
0.560507 0.00555708 0.00305765 0.122032 9.52122e-07 0.000243016 9.48287e-07 0.0203989 0.0229726 0.265067 2.5441e-05 1.21351e-05 0.000125294 
0.39274 0.00114385 0.00809771 0.116757 4.27462e-07 0.00317814 0.0133344 0.00279284 0.147161 0.313567 0.000457559 4.67281e-06 0.000764419 
0.853344 0.00217041 0.0530588 0.0397745 1.95365e-06 0.00522267 0.000121334 0.00104867 0.00893515 0.0361799 1.72174e-05 1.44742e-05 0.000110894 
0.809626 0.0001936 0.0447461 0.00921288 1.34886e-08 0.000134072 1.53314e-05 0.000127096 0.0535425 0.0809928 0.00122195 1.95708e-08 0.000187245 
0.448393 0.00319971 0.0615745 0.0760236 4.32815e-05 0.00176124 0.00667621 0.0224485 0.0511489 0.311683 0.0131442 5.99446e-05 0.00384426 
0.644581 5.1106e-05 0.0158433 0.0104695 2.65528e-07 7.64604e-05 2.24092e-05 1.59186e-05 0.00643757 0.322147 5.40461e-05 0.000225081 7.64088e-05 
0.661901 0.00155964 0.15208 0.0693824 9.32207e-10 0.000242043 0.00017576 0.0084419 0.0190624 0.0786559 0.000392363 3.58702e-06 0.00810321 
0.305266 0.0314537 0.163196 0.123161 0.00119618 0.000677664 0.00532388 0.0181792 0.193303 0.0524566 0.00453918 0.101081 0.00016608 
0.928754 0.000937113 0.0267285 0.0196602 1.58759e-06 3.49538e-05 0.00042019 0.0187486 0.000324416 0.00393109 7.37567e-07 0.000374961 8.39968e-05 
0.379358 0.00106578 0.0592022 0.115757 4.52269e-06 0.000510312 0.0034748 0.00759476 0.0213992 0.364496 6.59778e-05 1.46992e-06 0.0470701 
0.692227 0.00116646 0.0308783 0.0210161 1.76889e-05 0.00575671 0.00224172 0.000617993 0.0292345 0.214295 0.000298853 6.46605e-05 0.00218476 
0.71552 0.00307408 0.0719642 0.0312168 3.00657e-06 0.00171848 7.85992e-05 0.0106577 0.02903 0.131974 8.75542e-05 1.40056e-05 0.00466219 
0.832418 0.000637974 0.035883 0.0245027 1.28837e-06 0.00142837 2.7644e-05 0.00270824 0.0108441 0.0881432 0.000257914 1.28485e-05 0.00313512 
0.823206 0.00227144 0.0430506 0.08879 2.53793e-06 0.00595961 9.42868e-05 0.00395725 0.00669788 0.0257874 2.91948e-05 3.53249e-05 0.000118257 
0.722325 9.75672e-05 0.107827 0.105314 2.72076e-05 0.00127797 0.000886213 0.00420977 0.0223387 0.0346063 5.8784e-05 1.07312e-05 0.00102143 
0.688393 0.00746967 0.256586 0.0131804 1.27342e-05 0.000120164 0.000879964 0.0228256 0.00604288 0.00319717 0.000219773 0.000205244 0.000867101 
0.421559 0.00945736 0.0916682 0.104334 0.000127445 0.00109891 0.00678089 0.0253039 0.138148 0.130377 0.0215818 0.0223774 0.0271861 
0.368176 0.000677045 0.209574 0.315172 7.9001e-05 0.000681821 1.98182e-08 0.00261001 0.0196911 0.083017 0.000141541 6.7687e-05 0.000113285 
0.397557 0.01376 0.135063 0.0693752 6.73747e-05 0.0213739 2.88721e-05 0.0243079 0.0393086 0.279846 0.000142835 0.0149152 0.00425292 
0.540446 0.00547418 0.0123552 0.0270853 8.01736e-06 0.000491128 2.74534e-06 0.0147658 0.00240178 0.389939 1.35453e-05 1.08288e-07 0.00701771 
0.579463 0.00194277 0.0623262 0.0995609 5.50649e-06 0.00247357 0.0013822 0.00954673 0.0302373 0.200237 0.00170209 0.00449007 0.00663263 
0.390425 0.00940214 0.117096 0.0373076 3.46597e-06 0.00180131 0.0280244 0.00691589 0.0649588 0.342121 5.25795e-05 1.80089e-06 0.00189087 
0.228975 0.00444848 0.173729 0.186701 0.000691901 0.00531698 0.0401841 0.0290067 0.068031 0.22489 4.58172e-05 0.00016126 0.0378179 
0.712755 8.84503e-05 0.0102654 0.0231763 3.38497e-07 0.000879287 9.57046e-06 0.00194237 0.00214186 0.226791 4.19214e-05 1.20469e-05 0.0218968 
0.819482 0.000931448 0.0177482 0.0178113 4.15291e-07 0.00285068 2.23138e-05 0.00342399 0.0175432 0.118109 0.000113501 1.46373e-06 0.00196277 
0.647757 0.00131369 0.0202175 0.0406795 4.59289e-07 0.000263787 0.000170199 0.00487197 0.0283877 0.252129 0.000119572 1.52178e-05 0.00407447 
0.688393 0.00746967 0.256586 0.0131804 1.27342e-05 0.000120164 0.000879964 0.0228256 0.00604288 0.00319717 0.000219773 0.000205244 0.000867101 
0.450557 0.0091222 0.147229 0.03139 0.000321731 0.000327575 0.000122621 0.0168253 0.0141227 0.299114 0.0281361 7.24791e-06 0.00272503 
0.642344 4.25904e-05 0.0642113 0.0183086 7.62842e-08 0.000187961 1.84417e-08 0.00871576 0.00227657 0.263814 6.70251e-08 3.26502e-09 9.89731e-05 
0.646358 0.00121909 0.119113 0.0487851 2.10907e-08 0.00135548 0.000111711 0.00462536 0.0136536 0.142305 0.000366207 0.000201332 0.0219062 
0.688393 0.00746967 0.256586 0.0131804 1.27342e-05 0.000120164 0.000879964 0.0228256 0.00604288 0.00319717 0.000219773 0.000205244 0.000867101 
0.306338 0.0372852 0.0673499 0.281432 3.30904e-06 0.0119845 0.000134084 0.0552858 0.0904563 0.116206 0.002653 0.0308378 3.42624e-05 
0.92274 8.55961e-05 0.00561864 0.0116393 2.13519e-07 0.000159901 1.47544e-12 3.51197e-05 0.00326135 0.0564069 2.96847e-05 2.33257e-05 3.8961e-08 
0.626521 2.26603e-06 0.0184019 0.187955 3.10144e-07 4.94781e-05 7.0046e-05 0.00414226 0.00138967 0.161368 4.41116e-06 2.0918e-05 7.56282e-05 
0.560507 0.00555708 0.00305765 0.122032 9.52122e-07 0.000243016 9.48287e-07 0.0203989 0.0229726 0.265067 2.5441e-05 1.21351e-05 0.000125294 
0.784469 0.00101162 0.0489899 0.0121694 1.9722e-10 0.0026922 4.19169e-05 0.000696496 0.0286425 0.11527 0.000403172 5.43065e-07 0.00561249 
0.381701 0.0179387 0.0424611 0.0429406 1.58218e-06 0.00109012 0.000443148 0.0065774 0.151346 0.351433 1.40946e-05 0.00320315 0.000850746 
0.928754 0.000937113 0.0267285 0.0196602 1.58759e-06 3.49538e-05 0.00042019 0.0187486 0.000324416 0.00393109 7.37567e-07 0.000374961 8.39968e-05 
0.665711 0.0561313 0.0609416 0.0668522 0.000801635 0.00361356 0.00597332 0.00809885 0.0897444 0.0418999 8.493e-05 9.90536e-06 0.000137309 
0.720249 0.00117985 0.051567 0.0784559 1.86653e-06 0.00152809 0.000764212 0.00415247 0.0283012 0.105985 0.00130467 0.000335797 0.0061751 
0.418717 0.00401512 0.356105 0.0527819 4.03246e-05 6.94003e-09 6.75321e-08 0.00375258 0.0404907 0.123539 1.54034e-05 0.000542555 1.27331e-07 
0.742868 0.0046948 0.0523972 0.00590576 5.05119e-09 5.26377e-05 9.2564e-05 0.00797692 0.0183525 0.163953 7.45823e-07 0.00142315 0.00228286 
0.553689 6.75939e-13 1.63297e-13 0.000349425 4.54539e-12 8.60673e-08 3.16908e-12 0.000239957 0.000813575 0.444783 2.43694e-05 3.97713e-12 0.000100538 
0.956169 0.000695943 0.00062349 0.0124157 1.58373e-05 5.11927e-06 2.11558e-07 0.000431909 0.00175786 0.0277998 7.51448e-05 9.90921e-06 1.84267e-07 
0.933213 0.000463064 0.00255876 0.000643019 8.41845e-09 0.00113572 1.46086e-05 0.00158945 0.0143129 0.0457262 1.03153e-06 5.79982e-12 0.000342622 
0.916504 0.00495751 0.0397514 0.013742 1.1466e-06 0.0109381 0.000187383 0.00954169 0.000399586 0.00375276 1.08219e-05 0.000151357 6.22028e-05 
0.711874 0.0161431 0.0740666 0.0663492 1.29033e-05 0.00787163 4.7474e-05 0.00847007 0.0121831 0.101787 3.36639e-05 0.000855266 0.000306419 
0.399503 0.0015877 0.206522 0.0578883 3.40115e-05 0.000132877 0.00157774 0.0954433 0.107691 0.113185 2.24715e-05 0.000619569 0.0157933 
0.947091 5.70645e-05 0.00381028 0.00782207 1.42412e-07 0.000106602 6.62676e-11 2.34134e-05 0.0022045 0.038848 1.97908e-05 1.75098e-05 2.72843e-08 
0.783358 0.00242207 0.0617463 0.0041708 5.38006e-06 0.00273884 0.00560686 0.000254985 0.0661991 0.0730462 0.000102152 8.48301e-06 0.000340778 
0.762896 5.66586e-05 0.0815878 0.0135143 9.35531e-08 0.000249748 3.50256e-09 0.0116163 0.00303488 0.126913 1.13694e-08 7.47845e-10 0.000130957 
0.274851 0.00867689 0.0960595 0.213603 0.000164143 0.0833323 0.00238082 0.0188096 0.157595 0.139309 0.000481578 1.35836e-05 0.00472336 
0.34829 0.00533569 0.129693 0.0685202 0.0110183 0.00363018 0.00100562 0.00562207 0.121734 0.294 0.00235151 0.000255998 0.0085439 
0.744388 0.00299466 0.0263221 0.0162842 1.086e-07 0.00075699 0.000126601 0.000919155 0.0467115 0.159162 5.47213e-05 0.00227979 1.0324e-07 
0.950585 0.00177181 0.00305092 0.0029986 7.11807e-09 8.76949e-05 1.00882e-07 0.000997657 0.00226735 0.038241 6.31051e-13 7.12958e-10 1.79329e-12 
0.698507 0.00755209 0.0787098 0.0578046 7.04509e-06 0.00457654 0.000164071 0.00164586 0.0303108 0.12054 4.47166e-05 1.15813e-05 0.000126045 
0.425676 0.0101972 0.0234251 0.022348 6.60405e-06 0.000988392 0.000550416 0.00383989 0.184546 0.327131 3.33536e-05 0.000459097 0.00079853 
0.530833 0.0372396 0.167409 0.0135052 5.75424e-08 0.00035946 6.80332e-09 0.0380553 0.00694191 0.205578 1.63318e-08 8.73214e-10 7.91302e-05 
0.463496 0.0101477 0.129453 0.0510364 8.81845e-05 0.00221391 0.0436585 0.0211018 0.15085 0.0787313 0.0114542 0.0162494 0.02152 
0.531986 0.000154745 0.0032487 0.0103563 0.000181268 0.000281397 0.00131122 0.00229394 0.446574 0.00228108 0.000404431 0.000146261 0.000780676 
0.495083 0.00818073 0.063792 0.089918 6.89958e-05 0.00796565 0.00538607 0.00623413 0.0892119 0.221311 0.00911037 0.000868823 0.00286962 
0.879499 0.000291382 0.00390022 0.0504936 7.84537e-06 2.99212e-05 1.07803e-05 0.0016701 0.0015841 0.0623996 3.93935e-05 1.66653e-05 5.6984e-05 
0.950585 0.00177181 0.00305092 0.0029986 7.11807e-09 8.76949e-05 1.00882e-07 0.000997657 0.00226735 0.038241 6.31051e-13 7.12958e-10 1.79329e-12 
0.738208 0.00122287 0.0596362 0.0381812 3.33394e-05 0.000698746 0.0048376 0.00596571 0.00945388 0.140537 0.000711119 7.6656e-06 0.000506953 
0.37722 0.0057878 0.0584867 0.0120983 1.3615e-10 0.000734569 0.00486287 0.000704827 0.326988 0.208649 0.000625876 0.000118098 0.00372321 
0.712755 8.84503e-05 0.0102654 0.0231763 3.38497e-07 0.000879287 9.57046e-06 0.00194237 0.00214186 0.226791 4.19214e-05 1.20469e-05 0.0218968 
0.762896 5.66586e-05 0.0815878 0.0135143 9.35531e-08 0.000249748 3.50256e-09 0.0116163 0.00303488 0.126913 1.13694e-08 7.47845e-10 0.000130957 
0.956169 0.000695943 0.00062349 0.0124157 1.58373e-05 5.11927e-06 2.11558e-07 0.000431909 0.00175786 0.0277998 7.51448e-05 9.90921e-06 1.84267e-07 
0.778023 0.0511289 0.0623787 0.007129 1.69135e-08 0.00123749 6.10416e-07 0.00783155 0.0330859 0.0518325 0.00014152 0.00166268 0.0055485 
0.357753 0.0122268 0.222239 0.0774979 5.92465e-05 0.000227682 0.0223253 0.000889686 0.237161 0.0665393 4.60621e-05 1.09549e-06 0.00303379 
0.712755 8.84503e-05 0.0102654 0.0231763 3.38497e-07 0.000879287 9.57046e-06 0.00194237 0.00214186 0.226791 4.19214e-05 1.20469e-05 0.0218968 
0.656132 0.000834068 0.0705785 0.00236813 6.57508e-06 0.00062123 0.174583 0.00200449 0.0714537 0.0211687 9.02213e-05 3.46237e-05 0.000125097 
0.573677 0.0117964 0.00236048 0.0105145 1.25291e-06 0.000525425 1.06614e-06 0.00544305 0.00193289 0.391204 8.13533e-06 0.000103019 0.00243275 
0.807784 0.00144957 0.0611635 0.0230635 4.59411e-06 0.00345484 7.92019e-05 0.000755767 0.0223944 0.0778146 0.000202774 7.44142e-06 0.00182535 
0.40328 0.0288755 0.0565468 0.0590855 8.7604e-05 0.00510773 0.00652135 0.071972 0.0517704 0.190373 0.0125373 0.00010403 0.113739 
0.446656 9.32391e-07 0.00167056 0.00159724 1.58267e-10 1.11354e-06 0.0049647 3.9527e-06 0.244075 0.300674 5.06436e-08 1.05405e-06 0.000354854 
0.669985 0.00514993 0.0805125 0.0534625 5.05938e-06 0.00268766 0.00160349 0.00765764 0.0248603 0.15147 0.000151991 0.000121747 0.00233215 
0.644581 5.1106e-05 0.0158433 0.0104695 2.65528e-07 7.64604e-05 2.24092e-05 1.59186e-05 0.00643757 0.322147 5.40461e-05 0.000225081 7.64088e-05 
0.809626 0.0001936 0.0447461 0.00921288 1.34886e-08 0.000134072 1.53314e-05 0.000127096 0.0535425 0.0809928 0.00122195 1.95708e-08 0.000187245 
0.784469 0.00101162 0.0489899 0.0121694 1.9722e-10 0.0026922 4.19169e-05 0.000696496 0.0286425 0.11527 0.000403172 5.43065e-07 0.00561249 
0.783614 0.00153229 0.00442409 0.0350852 2.31857e-06 1.41331e-08 3.91805e-06 0.0101624 0.000690285 0.164432 1.36699e-06 1.62792e-08 5.22709e-05 
0.688393 0.00746967 0.256586 0.0131804 1.27342e-05 0.000120164 0.000879964 0.0228256 0.00604288 0.00319717 0.000219773 0.000205244 0.000867101 
0.352581 0.00210951 0.302565 0.0267357 1.86976e-06 0.00192685 0.000334138 0.0103806 0.0886165 0.18594 0.0275669 0.00100506 0.00023656 
0.338097 0.00252147 0.0482053 0.0105282 3.14028e-06 0.0487197 5.97511e-05 0.094905 0.118063 0.287366 7.9682e-05 0.0307968 0.0206546 
0.875534 0.00474012 0.0577689 0.0184404 2.52236e-06 0.000561278 0.00106367 0.00563856 0.00666677 0.0285003 5.68045e-05 2.83169e-05 0.00099828 
0.680355 2.93022e-05 0.039639 0.00737128 1.12231e-07 0.000116595 1.45262e-07 0.00542117 0.00213964 0.264641 9.49844e-09 1.15498e-06 0.000285724 
0.368176 0.000677045 0.209574 0.315172 7.9001e-05 0.000681821 1.98182e-08 0.00261001 0.0196911 0.083017 0.000141541 6.7687e-05 0.000113285 
0.691703 0.0130284 0.0736255 0.0531544 3.36172e-06 1.40049e-08 0.02283 0.0974065 0.0198645 0.0265029 0.000269694 0.000393878 0.00121835 
0.635282 0.00119894 0.0757774 0.0136247 8.79586e-06 0.00553343 2.99372e-05 0.0136133 0.054658 0.181711 0.000175174 4.00668e-06 0.018384 
0.784469 0.00101162 0.0489899 0.0121694 1.9722e-10 0.0026922 4.19169e-05 0.000696496 0.0286425 0.11527 0.000403172 5.43065e-07 0.00561249 
0.517673 0.00925409 0.0346906 0.165786 1.72684e-06 0.01757 0.000167353 0.000936022 0.0240826 0.221012 0.000133405 0.000195343 0.00849879 
0.434348 0.0286058 0.0330667 0.0152565 4.03563e-07 0.00124718 6.78128e-05 0.00130727 0.0618507 0.388529 1.61325e-05 0.0323661 0.00333805 
0.394764 0.086901 0.353535 0.0505038 2.06275e-08 1.19272e-07 5.13375e-07 0.00231846 0.0131053 0.0988092 1.6601e-08 1.91381e-05 4.27294e-05 
0.928754 0.000937113 0.0267285 0.0196602 1.58759e-06 3.49538e-05 0.00042019 0.0187486 0.000324416 0.00393109 7.37567e-07 0.000374961 8.39968e-05 
0.883638 1.70678e-11 0.000838083 0.00452579 1.14773e-10 0.00268191 0.000150413 0.00275089 0.000256967 0.105048 7.33869e-08 6.80816e-07 0.000109978 
0.688393 0.00746967 0.256586 0.0131804 1.27342e-05 0.000120164 0.000879964 0.0228256 0.00604288 0.00319717 0.000219773 0.000205244 0.000867101 
0.947091 5.70645e-05 0.00381028 0.00782207 1.42412e-07 0.000106602 6.62676e-11 2.34134e-05 0.0022045 0.038848 1.97908e-05 1.75098e-05 2.72843e-08 
0.880795 0.00072674 0.00448863 0.0262386 3.27152e-09 0.00078513 3.12316e-05 0.000310499 0.00621958 0.080006 2.08809e-06 6.41244e-07 0.000395446 
0.713435 0.0068 0.0874 0.0284312 0.000174847 0.00139987 0.000778142 0.0118089 0.0408147 0.0930628 0.0148815 0.000149692 0.000863681 
0.295429 0.0283757 0.253283 0.23193 2.63553e-06 0.0099367 9.04805e-06 0.00247748 0.067027 0.0638526 0.000323546 5.33143e-11 0.0473531 
0.537016 0.000900866 0.00625754 0.0225621 7.45701e-09 0.000224936 2.46993e-11 0.00396754 0.0138347 0.414807 4.78863e-07 1.38316e-05 0.000415513 
0.851734 5.66477e-05 0.0763144 0.0135142 1.21391e-10 0.000241407 1.49362e-09 0.00843837 0.00254327 0.0470096 4.41951e-09 3.17273e-10 0.00014792 
0.607119 7.02597e-07 0.139529 4.92485e-07 7.64179e-09 2.34807e-10 1.02038e-05 0.0262177 0.141925 0.0837581 1.37364e-07 2.50571e-07 0.00143891 
0.733228 3.05751e-05 0.00377833 0.00968302 7.72054e-08 0.000209467 2.36358e-07 0.000357137 0.00235345 0.241794 2.44392e-05 0.00489067 0.00365033 
0.530833 0.0372396 0.167409 0.0135052 5.75424e-08 0.00035946 6.80332e-09 0.0380553 0.00694191 0.205578 1.63318e-08 8.73214e-10 7.91302e-05 
0.75426 0.0038565 0.0439898 0.0396853 1.84769e-08 0.000484171 0.000130696 0.00171497 0.0192507 0.134368 4.69263e-05 0.0017477 0.000465446 
0.548538 0.00728957 0.105508 0.0811522 9.79835e-08 0.0014311 0.000148937 0.00338118 0.0318723 0.206004 7.11449e-05 0.000117708 0.0144855 
0.866455 1.58794e-06 2.23532e-05 0.0067038 1.36286e-09 0.000137325 3.73842e-08 0.00380628 0.000227739 0.12255 1.7859e-05 2.20163e-06 7.5252e-05 
0.947091 5.70645e-05 0.00381028 0.00782207 1.42412e-07 0.000106602 6.62676e-11 2.34134e-05 0.0022045 0.038848 1.97908e-05 1.75098e-05 2.72843e-08 
0.735237 0.00509326 0.057945 0.0381288 2.73094e-12 0.000224255 0.000210384 0.00262832 0.0240892 0.135747 9.02858e-06 0.000285946 0.000401516 
0.596303 0.00537417 0.0436236 0.0195439 5.99498e-06 0.0074064 0.00379526 0.0107556 0.0426997 0.26931 0.000145134 6.22444e-06 0.00103098 
0.809626 0.0001936 0.0447461 0.00921288 1.34886e-08 0.000134072 1.53314e-05 0.000127096 0.0535425 0.0809928 0.00122195 1.95708e-08 0.000187245 
0.558595 4.14395e-09 0.0188741 0.0374998 2.01085e-06 0.000129446 0.000157276 0.00619252 0.00989972 0.367081 1.21621e-05 1.7639e-09 0.00155699 
0.518643 0.00265164 0.0279819 0.0326702 2.39219e-06 9.53224e-05 5.67691e-05 0.000683917 0.0159412 0.400025 0.000154095 0.000973781 0.000120833 
0.494201 0.000406672 0.101559 0.0999785 7.63659e-08 7.81247e-06 4.53061e-05 0.00497069 0.00320069 0.295593 2.76073e-07 2.59554e-06 3.3558e-05 
0.893141 0.00203592 0.0142677 0.0323913 9.84408e-07 0.00140128 5.21295e-05 0.00190956 0.00499907 0.0496045 5.48679e-06 6.84205e-06 0.000184653 
0.730215 0.000171883 0.000379798 0.00664143 0.000105453 3.04799e-07 0.00185788 0.00723439 0.119236 0.133699 0.00027862 5.6199e-07 0.000180236 
0.642344 4.25904e-05 0.0642113 0.0183086 7.62842e-08 0.000187961 1.84417e-08 0.00871576 0.00227657 0.263814 6.70251e-08 3.26502e-09 9.89731e-05 
0.788776 0.0010033 0.0485983 0.0226264 5.76685e-05 0.00408745 3.21321e-05 0.00482128 0.0282244 0.088337 0.000134525 1.01574e-05 0.0132917 
0.947091 5.70645e-05 0.00381028 0.00782207 1.42412e-07 0.000106602 6.62676e-11 2.34134e-05 0.0022045 0.038848 1.97908e-05 1.75098e-05 2.72843e-08 
0.558595 4.14395e-09 0.0188741 0.0374998 2.01085e-06 0.000129446 0.000157276 0.00619252 0.00989972 0.367081 1.21621e-05 1.7639e-09 0.00155699 
0.851734 5.66477e-05 0.0763144 0.0135142 1.21391e-10 0.000241407 1.49362e-09 0.00843837 0.00254327 0.0470096 4.41951e-09 3.17273e-10 0.00014792 
0.520982 0.000424461 0.12597 0.284988 7.14095e-05 0.000522422 2.68955e-05 0.00160536 0.0119611 0.0499912 0.000100947 5.45694e-05 0.00330237 
0.822118 1.3554e-06 0.00805119 0.0756467 3.08685e-07 0.0196042 4.37667e-05 0.00139814 0.000990393 0.0720444 3.27764e-05 6.98052e-06 6.15939e-05 
0.514847 0.000810286 0.0236126 0.0614559 2.50989e-05 0.00147878 1.50956e-05 0.0367964 0.00193142 0.296276 0.0625839 1.96794e-05 0.000147401 
0.834052 0.000359841 0.0502985 0.0152009 4.24843e-06 0.00118977 2.36619e-05 0.000314535 0.0128788 0.0847586 6.01227e-05 3.98219e-06 0.000854819 
0.834052 0.000359841 0.0502985 0.0152009 4.24843e-06 0.00118977 2.36619e-05 0.000314535 0.0128788 0.0847586 6.01227e-05 3.98219e-06 0.000854819 
0.798312 0.00132176 0.0552616 0.0270548 1.05655e-07 0.000923784 4.25679e-05 0.0011059 0.0199961 0.0937608 0.000277591 3.85698e-05 0.00190404 
0.947091 5.70645e-05 0.00381028 0.00782207 1.42412e-07 0.000106602 6.62676e-11 2.34134e-05 0.0022045 0.038848 1.97908e-05 1.75098e-05 2.72843e-08 
0.548762 2.59144e-09 0.067738 0.0733506 7.3081e-06 0.000924417 0.0102539 3.74032e-06 0.102728 0.194406 0.00166111 1.0881e-09 0.000164857 
0.392864 2.28283e-07 0.0245717 0.0208618 0.225962 1.4252e-05 0.0849639 0.000197556 0.145064 0.0466248 0.000262617 6.01989e-05 0.0585529 
0.686003 0.00419114 0.0319561 0.0338084 5.37604e-06 0.00277616 0.000765313 0.0032691 0.046019 0.1898 7.10747e-05 0.000209117 0.00112667 
0.424854 0.0316047 0.0755714 0.00558311 0.000285431 0.00619266 0.193919 0.000434609 0.231628 0.0289127 0.00014502 2.26281e-06 0.000866435 
0.809626 0.0001936 0.0447461 0.00921288 1.34886e-08 0.000134072 1.53314e-05 0.000127096 0.0535425 0.0809928 0.00122195 1.95708e-08 0.000187245 
0.860979 0.001844 0.0200684 0.0553233 7.07364e-07 0.00255905 0.000106111 0.00177434 0.00607613 0.0508476 1.17554e-05 1.412e-05 0.000395661 
0.762896 5.66586e-05 0.0815878 0.0135143 9.35531e-08 0.000249748 3.50256e-09 0.0116163 0.00303488 0.126913 1.13694e-08 7.47845e-10 0.000130957 
0.783614 0.00153229 0.00442409 0.0350852 2.31857e-06 1.41331e-08 3.91805e-06 0.0101624 0.000690285 0.164432 1.36699e-06 1.62792e-08 5.22709e-05 
