1.27179e-05 0.282638 0.278646 0.107627 1.39151e-08 0.0541937 0.0122473 0.0252574 0.0445057 0.192544 7.13058e-05 0.000506639 0.00174958 
0.0361834 0.556757 0.0287756 0.100629 1.80952e-05 0.00547733 1.64513e-05 0.00434123 0.239199 0.028113 2.18211e-05 2.32752e-06 0.000465387 
0.0132764 0.253597 0.0945771 0.0757717 1.27393e-06 0.226963 0.0192955 0.0730349 0.194367 0.0471434 0.00166312 0.000181586 0.000127987 
0.000258994 0.637713 0.183117 0.0343302 4.75196e-06 0.0515413 0.00170196 0.0104488 0.0717439 0.0055106 6.61976e-05 0.00351537 4.76899e-05 
1.26891e-07 0.95037 0.00136593 0.011548 1.29429e-05 1.16395e-05 0.000100753 0.0146771 0.018059 0.00357936 4.11983e-06 0.000178268 9.31984e-05 
0.00437227 0.329355 0.0403335 0.171158 0.000133353 0.00186017 0.000102462 0.00368105 0.295627 0.137059 0.0012036 1.01237e-06 0.015113 
2.90801e-05 0.633517 0.166007 0.0624848 6.18652e-06 0.00032711 0.00172354 0.00491905 0.0976504 0.0228785 2.50732e-05 0.000255926 0.0101772 
0.000191995 0.649037 0.0575686 0.0144093 8.43916e-07 0.000938638 5.88385e-07 0.00734729 0.0294196 0.236907 1.72426e-07 7.3841e-07 0.00417834 
0.019854 0.28505 0.201308 0.0338527 1.39801e-06 0.00506631 0.000584838 0.0240344 0.214458 0.215514 0.000175335 7.50408e-06 9.35886e-05 
0.0558049 0.312923 0.3067 0.154068 9.05346e-06 0.00847108 0.000892212 0.0220461 0.0990724 0.0388153 0.000270324 0.000104767 0.000822326 
0.00428008 0.394544 0.20543 0.145383 4.9237e-07 0.00128119 0.0128042 0.0311375 0.132416 0.070006 0.000426595 0.00099672 0.00129478 
0.00279519 0.354872 0.160059 0.0750071 0.00259175 0.00978572 0.0039724 0.019126 0.226954 0.128817 0.0157942 0.000132412 9.24941e-05 
0.0270364 0.473957 0.321624 0.0962902 1.71494e-05 0.000266076 3.11403e-05 0.0123031 0.0153944 0.0489474 0.00385932 1.08348e-05 0.000263414 
0.0304207 0.356118 0.190863 0.0416953 0.00880881 0.00110855 0.000121244 0.0119944 0.210209 0.141196 4.6599e-05 5.41433e-05 0.00736447 
1.56592e-05 0.74295 0.0216162 0.0379688 2.71796e-06 0.00129626 2.29858e-06 0.0261129 0.160002 0.0080486 5.52086e-05 8.09021e-05 0.00184912 
5.14896e-06 0.608594 0.112781 0.113294 5.14294e-06 0.00721032 5.14502e-06 5.14902e-06 0.0391395 0.09424 0.0108168 5.14381e-06 0.0138989 
0.00462335 0.574239 0.272554 0.063174 8.24643e-08 0.0013154 9.16347e-06 0.028537 0.00485561 0.050181 6.11265e-05 0.000368985 8.07767e-05 
0.00108493 0.525541 0.0637844 0.0183185 0.106632 0.000165386 0.00433731 0.121103 0.111745 0.0471512 0.00013591 1.79342e-06 2.58412e-07 
0.000558256 0.762445 0.0276677 0.0422998 0.00123523 0.000281439 0.000116626 0.00373243 0.150187 0.00851735 3.58401e-06 2.57219e-05 0.00292985 
0.00264259 0.693647 0.0552836 0.0801157 2.80536e-07 0.000292178 8.21245e-05 0.102932 0.00210688 0.0589614 0.00314406 6.97444e-06 0.000785003 
0.000130431 0.823258 0.0542987 0.0386248 9.74265e-05 5.14446e-05 0.00087245 0.0014822 0.052139 0.0288927 1.09413e-05 5.45487e-07 0.000141435 
0.00674536 0.365401 0.266341 0.279016 4.01817e-06 0.00879198 0.00639546 0.013405 0.00903 0.0264727 0.0176747 0.000229006 0.0004939 
8.78599e-05 0.70949 0.00288158 0.014742 1.01654e-07 0.00142834 2.87536e-07 0.0514047 0.180505 0.0393632 2.03924e-06 9.55049e-05 1.19166e-07 
0.00785227 0.305748 0.14779 0.255704 0.00349946 0.00215945 0.00155408 0.109551 0.0967263 0.0603996 0.00762424 0.00102748 0.000364537 
0.000761309 0.515028 0.106772 0.0857792 2.27947e-06 0.000235463 0.000935973 0.260171 0.0233207 0.00570983 0.00116284 8.67603e-05 3.42945e-05 
0.00282517 0.445785 0.195024 0.317851 1.2724e-07 1.12717e-05 2.55701e-06 0.0180522 0.00479792 0.0155522 3.24702e-06 6.85532e-06 8.87342e-05 
0.000349361 0.72827 0.0730102 0.0605922 1.89584e-06 0.00199876 0.000110777 0.11043 0.00694191 0.0160435 0.00147811 6.46697e-06 0.000766074 
0.000491632 0.503831 0.142255 0.0975737 1.26757e-07 0.000562652 0.00173667 0.0870266 0.0898597 0.0479544 0.027465 3.03318e-05 0.00121313 
0.000317768 0.329169 0.25748 0.184831 1.70428e-05 0.0605983 0.000770832 0.0122835 0.0879439 0.0616767 0.000313773 0.00215497 0.00244299 
0.000717099 0.542026 0.211899 0.12286 1.65225e-05 0.00123104 6.6884e-05 0.0270647 0.040084 0.0529784 8.25267e-06 0.000387355 0.000659887 
0.00295847 0.561264 0.201982 0.0276057 5.12573e-06 0.00930347 0.000866412 0.0237847 0.14265 0.0240431 0.000256567 0.000111283 0.00516935 
2.37102e-05 0.414666 0.142651 0.186528 2.85521e-06 0.000442314 0.000845532 0.0252381 0.148005 0.0800247 1.06246e-05 1.11937e-05 0.00154977 
0.0190925 0.411434 0.209469 0.0229249 1.91173e-06 0.007879 0.000231727 0.0721051 0.0614474 0.195081 0.000183376 2.89971e-07 0.000149792 
0.0717953 0.583953 0.0972985 0.0558493 0.0231384 0.0136016 0.00428178 0.0425482 0.0721684 0.0270444 0.00791644 1.35854e-05 0.000391197 
1.97237e-05 0.460384 0.169198 0.0918625 1.36838e-05 3.04878e-05 0.0374864 0.223182 0.00471252 0.0130116 8.61721e-05 5.33833e-08 1.37285e-05 
0.00366794 0.709307 0.185537 0.0223458 1.31633e-05 0.0211283 1.42207e-05 0.0123482 0.0195817 0.0255793 0.000220396 1.75964e-05 0.000239525 
0.0321628 0.296973 0.268844 0.20794 9.41181e-08 3.00506e-07 0.0001307 0.180703 0.00839939 0.00479696 2.87397e-06 1.27113e-07 4.60246e-05 
0.0166257 0.414578 0.331188 0.0640214 7.61697e-06 0.0203879 0.00453569 0.04469 0.0487749 0.0318513 0.000390697 0.0137139 0.00923506 
0.00198698 0.67758 0.0305199 0.0581465 9.91245e-10 0.000100351 0.00621716 0.0484735 0.0370031 0.139884 1.33541e-05 8.67319e-10 7.48447e-05 
0.000197092 0.716165 0.0576484 0.135818 4.1559e-06 3.6017e-06 0.000135826 0.0249758 0.0222283 0.0388087 0.00222092 5.6045e-05 0.00173879 
0.00470214 0.328617 0.112053 0.114813 0.00346216 0.01022 0.00197395 0.0302703 0.102739 0.0552815 0.000437847 0.00104032 0.234389 
0.0346225 0.457569 0.0978499 0.0646365 5.85433e-05 0.00109037 0.00114218 0.0138524 0.264162 0.0126478 0.0349033 0.00330755 0.0141577 
0.0112913 0.531772 0.243993 0.0449719 1.24464e-05 0.0279223 0.0152954 0.022445 0.0415308 0.0521366 0.0014748 0.0068869 0.000267763 
0.00672248 0.301303 0.113897 0.17752 2.41511e-05 0.00244163 0.0494966 0.0411031 0.175125 0.124966 0.00322404 0.000165624 0.00401158 
3.50476e-06 0.288086 0.142314 0.273052 3.50066e-06 0.0252259 3.50207e-06 3.5048e-06 0.0802671 0.191031 3.50439e-06 3.50125e-06 3.50263e-06 
0.000277894 0.781966 0.021015 0.0427664 0.000268251 0.000943264 0.0202466 0.0260895 0.0826721 0.0143342 0.00913111 4.07702e-05 0.000249025 
0.00389004 0.310351 0.10737 0.274865 0.000136873 0.000412399 0.000232901 0.124651 0.0353043 0.0696186 0.0680829 6.11632e-05 0.00502314 
0.0170981 0.270568 0.187831 0.11253 0.000242466 0.00780308 0.00250746 0.00839978 0.183046 0.138206 0.0610718 0.00791877 0.00277717 
0.0301152 0.571193 0.191897 0.11712 1.00366e-05 0.00317281 0.000449324 0.00709538 0.0218529 0.0525429 0.00102861 0.00330669 0.000215865 
0.00174806 0.368381 0.159306 0.25476 9.51414e-06 0.000702036 0.00117307 0.131348 0.00418612 0.0779251 4.839e-05 1.16076e-05 0.000401745 
5.95262e-05 0.882259 0.0131876 0.0268014 1.85133e-05 0.00112887 0.000245158 0.0582998 0.0113499 0.0019436 0.00469882 7.2995e-06 9.68869e-07 
0.00346321 0.779209 0.0352194 0.0122369 5.51854e-05 0.00227658 0.00089229 0.0203041 0.0785667 0.053541 0.0075086 0.0067256 1.74733e-06 
0.0140466 0.324905 0.138735 0.122974 7.23144e-07 0.0229201 0.00123963 0.0321169 0.0844604 0.257147 0.000279648 1.29773e-05 0.00116179 
0.018272 0.330514 0.124729 0.208664 1.17738e-06 1.17821e-06 0.000118964 0.0519852 0.133445 0.125905 1.17864e-06 1.17758e-06 0.00636262 
0.0346225 0.457569 0.0978499 0.0646365 5.85433e-05 0.00109037 0.00114218 0.0138524 0.264162 0.0126478 0.0349033 0.00330755 0.0141577 
0.0346225 0.457569 0.0978499 0.0646365 5.85433e-05 0.00109037 0.00114218 0.0138524 0.264162 0.0126478 0.0349033 0.00330755 0.0141577 
1.78416e-09 0.559761 0.121992 1.66599e-07 2.66485e-10 0.0222191 0.00568733 0.00543875 0.175893 0.10822 0.000789097 6.71852e-08 1.54506e-07 
6.4213e-05 0.875309 0.0119678 0.00849721 8.49853e-05 0.000551018 0.00100886 0.0689443 0.0182195 0.00613521 0.00920318 1.50621e-07 1.43036e-05 
0.000350146 0.37118 0.306039 0.0745482 5.23242e-05 0.0018319 0.0554298 0.014536 0.0730262 0.00892073 0.091114 0.000697597 0.0022739 
2.21612e-08 0.690906 0.0707226 0.032607 1.771e-07 8.4043e-08 7.68934e-05 0.00245837 0.197002 0.00369804 1.41197e-05 1.54959e-07 0.0025143 
0.0158841 0.575699 0.116621 0.166641 1.84874e-06 0.00131262 0.000415608 0.053938 0.0162091 0.0487106 0.00299621 0.000385165 0.00118563 
0.000225835 0.488228 0.080822 0.273277 3.11693e-05 0.0033514 0.00130637 0.0511317 0.0298561 0.0610924 0.00407365 0.000305534 0.00629856 
0.000610838 0.585965 0.193504 0.0782188 2.94132e-06 0.00183543 0.000952464 0.0408302 0.0117265 0.00485557 0.0807501 0.000475719 0.000272357 
1.54929e-05 0.91923 0.00818686 0.0185624 9.60014e-06 5.48899e-06 1.61494e-06 0.00308544 0.016948 0.0339314 6.89741e-06 1.41046e-07 1.63435e-05 
0.0252577 0.435011 0.117647 0.0911002 0.00890369 0.00201871 0.000289814 0.00865065 0.250395 0.0342515 0.0130701 0.00132532 0.0120793 
0.0101521 0.341755 0.106323 0.107308 4.83192e-06 0.0442908 0.001285 0.0375191 0.0943893 0.173113 2.56762e-06 0.0838561 5.53249e-07 
0.00010037 0.619977 0.0316446 0.0738752 5.92812e-06 2.87447e-05 0.000235794 0.00221744 0.0821106 0.189464 0.000155604 9.99229e-09 0.000184136 
0.00928104 0.425377 0.157033 0.17684 0.0298021 0.00018524 0.000426477 0.128431 0.0508075 0.015758 0.0044433 0.00153576 8.06156e-05 
0.00074567 0.455854 0.169657 0.23353 1.49004e-05 0.00150555 5.82499e-05 0.023384 0.0582473 0.0367177 0.0169893 6.10147e-06 0.00329008 
7.53666e-05 0.76173 0.0369621 0.0296836 0.000357246 0.000941845 0.022312 0.0366839 0.0812016 0.0178009 0.0121399 2.68267e-05 8.44161e-05 
0.011214 0.514392 0.169176 0.0726183 6.86523e-09 0.000775605 3.20422e-05 0.0739605 0.0759145 0.0751331 0.000162883 2.18439e-05 0.00659933 
0.00163977 0.71448 0.0101968 0.100509 3.9248e-09 1.86252e-09 2.7364e-09 0.0424749 0.0639439 0.0667547 8.01901e-10 1.27359e-06 2.27881e-09 
3.88226e-07 0.937881 0.0480435 0.00207281 3.10249e-06 0.00460662 2.16308e-06 0.000887812 0.00423611 0.00079982 6.33889e-07 0.00146395 1.80136e-06 
0.00136286 0.307677 0.276145 0.244608 2.15565e-07 0.0155374 0.014756 0.0521558 0.0444295 0.0372295 0.000158632 0.00018153 0.00575976 
0.00192106 0.730483 0.148026 0.0457592 3.06535e-06 0.00400773 0.000155488 0.00942819 0.0186384 0.0412665 6.6367e-06 0.000300139 4.29331e-06 
7.08736e-06 0.825802 0.0896598 0.0461398 1.13317e-06 7.98304e-06 0.000146313 0.0118684 0.0108612 0.0154992 1.39429e-06 6.95542e-07 4.65122e-06 
0.002232 0.700093 0.217428 0.0132705 0.000191095 0.000166204 0.00352642 0.0437521 0.00614605 0.00710664 0.00596131 1.69626e-06 0.000124374 
0.00761966 0.332318 0.296931 0.0109093 0.00015945 0.157558 7.99688e-05 0.00173744 0.184118 0.00691344 9.94245e-05 0.000253764 0.00130176 
0.00703205 0.334545 0.276345 0.0910431 2.01051e-05 0.00218935 3.88887e-05 0.0276163 0.105523 0.153454 5.85683e-05 0.000628892 0.00150619 
0.000156335 0.416169 0.163386 0.127774 2.47441e-06 0.0302115 1.91514e-05 0.00141433 0.201544 0.0549866 0.000183737 0.00012516 0.00402857 
0.00377419 0.493581 0.183616 0.14973 1.01414e-05 0.00348118 0.000138791 0.0251631 0.030311 0.109034 2.8041e-05 0.0005976 0.000535189 
0.0163825 0.533568 0.0433647 0.0284899 2.6067e-06 0.000777163 3.57012e-06 0.0213368 0.168302 0.0979259 5.82899e-06 0.088853 0.000988288 
6.9504e-12 0.903043 0.0241563 1.6427e-06 5.55437e-11 0.0460768 3.48568e-07 9.78302e-07 0.0267137 2.19516e-06 1.48676e-07 4.90903e-07 4.32471e-06 
0.01505 0.319512 0.0453172 0.314353 3.99889e-07 0.00524175 1.39712e-07 0.0155006 0.143237 0.130685 0.0108277 3.87075e-06 0.000271849 
0.00358595 0.726568 0.112123 0.00861675 7.42984e-05 0.0012821 0.000126043 0.0241584 0.0950619 0.0199762 0.00838935 3.87552e-06 3.39606e-05 
0.00873118 0.387192 0.0245277 0.259702 2.20926e-06 0.000306285 0.00437017 0.00723691 0.0176723 0.080306 0.000190099 0.209359 0.000404547 
0.000666824 0.558382 0.0350229 0.115567 8.6823e-08 1.64432e-07 4.1376e-05 0.148185 0.000368128 0.141738 2.19254e-05 3.60596e-06 2.70864e-06 
1.44588e-05 0.777526 0.127369 0.00100513 4.02368e-08 0.00384083 0.000232941 0.000878162 0.0745258 0.0145216 4.40211e-06 7.68907e-05 4.33567e-06 
0.00133245 0.3145 0.280836 0.204116 3.18435e-06 0.00229018 7.46745e-06 0.125216 0.0283382 0.0424939 5.01419e-06 2.12332e-06 0.000859321 
0.000148642 0.338443 0.13199 0.261495 9.63358e-05 0.000114966 0.00141984 0.0180918 0.0419714 0.00553188 0.199132 4.61551e-05 0.00151935 
0.000163946 0.319523 0.227783 0.199347 3.98554e-06 0.00232607 0.000745315 0.132782 0.0348561 0.0746615 0.00776868 3.41922e-06 3.55485e-05 
0.000413108 0.692917 0.0990563 0.0713379 5.11798e-05 0.000642934 0.00165043 0.00983216 0.102144 0.0181916 2.79579e-05 4.04552e-08 0.00373548 
0.000150176 0.320721 0.0933912 0.132374 2.43937e-06 0.00022732 0.00323535 0.313651 0.0294622 0.101614 0.000485425 0.000128094 0.00455679 
5.26267e-05 0.406263 0.198355 0.249536 1.14468e-05 6.36112e-05 0.000540924 0.0978139 0.0348686 0.0124601 1.02763e-05 6.49781e-06 1.82913e-05 
1.93732e-09 0.896567 0.0157564 0.0300269 1.5482e-08 2.3866e-05 7.27581e-05 0.0464674 0.00255589 0.00653907 0.000238239 0.000483384 0.0012693 
0.0147512 0.4614 0.403493 0.0233805 1.0597e-06 0.000150042 0.000551198 0.00744266 0.0598055 0.028864 1.15777e-05 1.74451e-06 0.000148256 
0.000175762 0.762289 0.00623302 0.0280245 7.61621e-05 0.0561808 0.00768172 0.0340882 0.0824486 0.0228009 5.98725e-10 2.56403e-09 9.57285e-07 
1.56004e-08 0.494323 0.0441258 0.205908 1.64938e-09 0.222558 5.15774e-07 0.00464239 0.00495695 0.0234853 1.42659e-07 1.44317e-09 9.57654e-10 
0.017887 0.603068 0.209934 0.0664881 3.00415e-06 0.0293452 9.63558e-07 0.0122212 0.0345569 0.0263851 0.000109426 6.37971e-08 9.20331e-07 
0.000190473 0.52035 0.242761 0.0504068 3.25708e-08 0.000345732 3.76669e-07 0.159408 0.0149916 0.0115238 4.31502e-09 1.09297e-10 2.14335e-05 
0.0131215 0.690958 0.0320205 0.00282168 7.50979e-07 2.7737e-05 0.000593416 0.0683427 0.115673 0.0760894 1.46671e-05 0.000122136 0.000214047 
0.00405795 0.591011 0.200575 0.0159055 2.65418e-05 0.0499343 0.00158288 0.0346673 0.059264 0.0218532 0.0210782 1.6812e-05 2.72082e-05 
0.00205768 0.257118 0.0582802 0.251534 0.0594534 0.000602595 0.000101457 0.0108586 0.2114 0.00856531 0.00505633 2.71684e-06 0.13497 
0.0406103 0.542009 0.0888665 0.0428547 8.50712e-06 0.00190904 8.74569e-05 0.0297456 0.134958 0.116387 0.00246532 2.3603e-05 7.54692e-05 
0.00952591 0.327577 0.242594 0.110829 0.000701248 0.00341472 0.000650493 0.108865 0.0905859 0.0864546 0.0163712 0.000287057 0.00214334 
0.00117995 0.476205 0.012591 0.0076541 2.16023e-05 0.0128389 0.000109793 0.0248777 0.404407 0.0579614 0.00176732 5.54081e-07 0.000385625 
0.000543804 0.34255 0.218592 0.210332 1.31294e-05 0.00109945 0.014502 0.026868 0.0533874 0.0601911 0.0678401 4.78683e-05 0.00403315 
1.65339e-07 0.716886 0.0833675 0.180892 1.32129e-06 6.27021e-07 9.21216e-07 0.0159485 0.00218361 0.000667426 2.69962e-07 1.15611e-06 5.04556e-05 
0.000161237 0.626961 0.164566 0.0685506 1.84394e-05 0.000241237 0.00510351 0.0619137 0.02565 0.00718807 0.0382012 0.000504434 0.000940633 
4.59731e-05 0.670261 0.155617 0.0371258 4.67179e-06 0.000143419 0.000868327 0.0283583 0.0209602 0.00840878 0.0710013 0.000154236 0.00705051 
0.00103138 0.607737 0.0894372 0.0804991 4.63097e-06 0.0335835 0.000676453 0.0018288 0.17435 0.010403 2.48012e-05 2.46198e-05 0.000399052 
0.000363949 0.703474 0.103951 0.0113692 6.96392e-05 0.00573924 5.0863e-05 0.00597571 0.137958 0.0302091 8.44101e-05 1.97221e-05 0.000735972 
0.0346144 0.340217 0.298393 0.0690014 1.70843e-07 0.00134534 0.000149352 0.0373027 0.0912046 0.12679 0.000101494 4.64818e-05 0.000833461 
1.19525e-05 0.766085 0.0657538 0.0400943 2.12151e-06 2.4223e-05 0.0114705 0.00849582 0.0512468 0.00198952 0.0521858 2.7952e-06 0.00263746 
0.000186756 0.615452 0.0233757 0.0757092 5.15653e-06 0.00490041 0.00661636 0.117956 0.0952247 0.0584113 2.94927e-05 2.3473e-05 0.00210869 
0.000979797 0.671451 0.0208243 0.0594874 0.000154282 0.184048 0.000132872 0.0225241 0.0150419 0.0244498 0.000206533 0.000145156 0.000555728 
0.00349463 0.475633 0.191576 0.204066 2.20733e-05 0.00756576 0.00126131 0.0371693 0.0345542 0.0131735 0.025589 0.00560918 0.000286225 
0.0239623 0.326751 0.000308693 0.00123296 2.55783e-05 0.000550487 0.178998 0.0133119 0.319051 0.135345 1.84367e-05 0.000189584 0.000255202 
0.000348279 0.829062 0.0662515 0.0138685 0.000118905 2.21257e-05 0.000101107 0.00950793 0.0729162 0.00754679 7.02073e-05 0.000169089 1.73454e-05 
0.000159274 0.558077 0.0102201 0.0813534 8.6993e-06 0.00182801 5.47585e-05 0.0392136 0.0199005 0.0684271 0.215877 1.8273e-05 0.00486217 
0.00890028 0.812191 0.024098 0.0101083 2.74332e-06 0.000259192 3.98808e-05 0.0349095 0.0222928 0.0871804 6.257e-06 2.56369e-06 9.08552e-06 
1.44588e-05 0.777526 0.127369 0.00100513 4.02368e-08 0.00384083 0.000232941 0.000878162 0.0745258 0.0145216 4.40211e-06 7.68907e-05 4.33567e-06 
0.00078519 0.56584 0.0528043 0.0462338 2.55385e-05 0.000421552 7.76878e-06 0.00651334 0.0954771 0.228908 5.90508e-05 9.24773e-05 0.00283186 
0.00145931 0.592644 0.168153 0.0785021 2.08158e-05 0.0059675 0.00190597 0.0268769 0.0548848 0.00703173 0.0410011 0.0194314 0.00212055 
0.00124358 0.444511 0.123949 0.229945 9.85236e-08 0.00444028 0.00201249 0.0437989 0.053167 0.095526 0.000108538 0.000262988 0.00103479 
0.00104234 0.335492 0.238746 0.229007 1.65036e-05 0.00291454 0.0143407 0.0310406 0.0877091 0.0342217 0.0230649 0.000196403 0.00220886 
0.00063798 0.751752 0.0951564 0.0909626 1.22888e-06 3.02444e-06 0.000138883 0.0475126 0.00518203 0.00854791 3.1677e-05 1.88963e-05 5.48601e-05 
0.00202233 0.870477 0.0874373 0.00659272 2.53775e-06 0.00545021 0.00086169 0.0208036 0.000991741 0.0040399 5.18503e-07 0.00130436 1.57866e-05 
0.0150844 0.683954 0.230964 0.0213498 7.82302e-05 0.000663537 0.00103533 0.0118189 0.0218182 0.00829199 0.0043421 4.15343e-06 0.000595529 
8.6799e-06 0.653424 0.116125 0.0419454 2.47452e-07 0.000146208 0.00143009 0.133691 0.0347898 0.0160776 0.00222673 2.93823e-05 0.000105908 
0.00190089 0.401397 0.363321 0.0551867 1.55273e-05 0.000839416 0.00356652 0.00451637 0.0746664 0.0944754 3.85607e-05 6.54588e-05 1.02058e-05 
0.00239491 0.331268 0.325969 0.0476293 6.20959e-06 0.013677 0.000585009 0.0364499 0.183276 0.0557262 0.000128594 4.8494e-05 0.00284103 
0.000315218 0.345823 0.112812 0.0461794 6.70625e-06 0.00258448 0.000874259 0.307932 0.143008 0.0395422 2.70205e-05 0.000851948 4.30501e-05 
0.000141753 0.73496 0.158549 0.019191 7.88945e-06 0.000186217 0.000364589 0.0713301 0.0108128 1.25308e-07 0.00371522 0.000295738 0.000446215 
0.00890028 0.812191 0.024098 0.0101083 2.74332e-06 0.000259192 3.98808e-05 0.0349095 0.0222928 0.0871804 6.257e-06 2.56369e-06 9.08552e-06 
0.0017322 0.322371 0.236249 0.20681 9.98354e-06 0.00157631 1.31967e-05 0.0272093 0.121175 0.0810184 0.0012145 4.77794e-07 0.000620525 
0.00151483 0.536612 0.129168 0.125242 6.22925e-05 0.00369086 0.00119476 0.0111635 0.0703588 0.117564 6.53717e-05 0.00177638 0.00158667 
0.000187531 0.289547 0.147772 0.104231 0.000523809 0.000292386 0.151703 0.108051 0.154059 0.01046 0.0200852 0.00135173 0.0117374 
0.0214296 0.453347 0.222223 0.12269 3.47301e-07 8.20745e-05 0.00118609 0.0934825 0.0184917 0.0629825 5.74425e-05 2.95165e-06 0.00402451 
0.0028909 0.556202 0.13382 0.0351766 5.87202e-05 0.00101584 0.00553835 0.0130224 0.145588 0.0927407 0.00902034 0.00441427 0.00051099 
7.71202e-05 0.58462 0.191905 0.0215435 1.78482e-05 0.0166825 0.00100724 0.0497048 0.0223544 0.111215 2.95691e-05 1.17525e-05 0.000830904 
0.000567501 0.604477 0.0966494 0.126109 1.80764e-06 0.00014044 0.0457116 0.0156099 0.0603856 0.030042 0.0179512 8.0311e-05 0.00227385 
0.000856328 0.659276 0.0182621 0.0475983 0.00042277 8.48669e-06 0.0155006 0.112773 0.0421973 0.102663 2.47598e-06 1.52318e-08 0.000439609 
0.0138115 0.550982 0.0631471 0.124671 0.0173287 0.00356367 0.000585722 0.120471 0.0662564 0.0385686 2.91669e-05 1.69836e-05 0.000568639 
0.00486389 0.486753 0.15461 0.133006 1.04107e-09 0.000430622 0.000289238 0.0593966 0.00765657 0.152955 3.09505e-06 3.67563e-05 8.14844e-08 
0.0207043 0.572852 0.114798 0.112157 0.00571184 0.00145721 0.00383298 0.0451775 0.052731 0.0626764 0.004121 0.0023105 0.00147081 
0.00039289 0.458736 0.197777 0.0226414 9.06426e-05 0.000142166 0.00961104 0.0983695 0.152996 0.0240175 0.0324763 0.00201444 0.000735265 
0.000252043 0.528391 0.222293 0.0990982 7.26664e-07 5.37771e-05 7.79932e-07 0.127775 0.00119669 0.0207637 0.000121098 4.7071e-06 4.96792e-05 
0.000458469 0.676625 0.0591282 0.17987 8.12343e-07 0.000350501 4.31646e-05 0.0428304 0.00162922 0.0261254 2.90566e-06 0.012892 4.39027e-05 
0.00422079 0.502259 0.192604 0.124894 0.000197183 0.0014295 1.41867e-05 0.00304956 0.0341503 0.137091 6.06604e-05 6.58631e-06 2.42697e-05 
0.0172341 0.417615 0.12329 0.147892 5.69003e-06 0.117723 0.00190335 0.0346867 0.0720561 0.0395963 0.00171114 7.88148e-07 0.0262863 
0.0077281 0.350183 0.181122 0.0609939 5.12739e-05 0.0021111 0.112469 0.0127451 0.11545 0.0267807 0.0951355 0.0167005 0.01853 
0.00436387 0.426921 0.11872 0.262349 4.29675e-06 0.00073258 0.00543074 0.0156393 0.138515 0.0255382 8.82291e-05 0.000890804 0.000806651 
1.26935e-05 0.895398 0.00479325 0.0377011 3.63823e-09 1.60913e-06 0.00973891 0.0223415 0.0157528 0.0142569 2.00709e-06 5.3082e-07 5.90626e-07 
0.00239031 0.491983 0.22298 0.0536291 6.50621e-05 0.000511799 0.0427346 0.00821695 0.109079 0.063371 0.0045625 0.000205477 0.000271159 
0.0156384 0.322258 0.220996 0.176221 0.00113747 1.81579e-05 0.00694803 0.0774101 0.069463 0.0631691 0.0460048 0.000677716 5.90511e-05 
3.37235e-05 0.670517 0.135216 0.00544549 2.12888e-08 0.00923213 0.00163682 0.0257952 0.137154 0.013613 1.5645e-07 0.000316051 0.00104064 
0.000776904 0.443648 0.406133 0.0930493 0.000206382 0.0118104 9.79498e-05 0.0194034 0.0121526 0.0126827 1.46653e-06 3.06017e-05 7.07845e-06 
0.00815494 0.329563 0.211821 0.038358 1.95155e-05 0.00128717 0.0172933 0.0057067 0.285608 0.101908 0.000171456 1.21328e-06 0.000108219 
4.56288e-08 0.702236 0.131468 0.0251905 4.37956e-09 0.053609 0.000165 0.0194848 0.0341774 0.0336542 1.34645e-05 4.0484e-07 1.76865e-06 
0.0125857 0.291524 0.181416 0.125806 5.7622e-06 0.016244 0.164643 0.078861 0.0536977 0.0514867 0.00723357 0.0113234 0.00517358 
7.41354e-07 0.996756 2.51041e-05 0.00153286 5.92448e-06 4.72749e-05 4.1306e-06 0.000531427 0.000588378 1.06725e-05 1.21047e-06 5.1838e-06 0.000490779 
0.0353024 0.348888 0.101536 0.137874 2.52219e-05 0.00327188 0.00199931 0.0648737 0.0915395 0.0509193 0.155196 2.69931e-05 0.00854869 
9.01924e-06 0.761759 0.109783 0.0221619 4.01569e-09 0.00140482 0.000137404 0.00375102 0.0506784 0.0165894 1.66671e-06 0.0335268 0.000197243 
0.0477741 0.518632 0.0700298 0.099001 5.61354e-06 0.00285111 9.48021e-05 0.0468532 0.0873555 0.106572 0.0170098 0.00284648 0.000973684 
0.00492872 0.435467 0.231051 0.0344213 3.91324e-06 0.0183744 0.00470796 0.0225034 0.153914 0.0506975 0.01898 7.54084e-05 0.0248755 
0.0017393 0.415748 0.0899368 0.10966 1.41763e-06 0.0209194 4.10517e-06 0.0340771 0.265267 0.0558253 0.0010013 2.37498e-05 0.00579705 
0.0031412 0.266828 0.140897 0.1133 0.00151092 0.0959572 0.00274038 0.0338606 0.224111 0.115668 0.000833332 0.000893473 0.000259226 
0.0110199 0.528658 0.203446 0.0356409 1.56569e-06 0.00658316 0.00154339 0.00587156 0.184063 0.0230381 4.35363e-05 5.69206e-07 9.07339e-05 
0.000424941 0.373613 0.267598 0.320482 2.64625e-07 0.00612248 1.76884e-05 0.00683215 0.00613693 0.0161476 4.17278e-05 0.00234239 0.000240817 
0.00431228 0.51163 0.0679806 0.26742 7.73759e-05 0.000125393 0.00101388 0.0735825 0.0263112 0.0086632 0.0221098 2.35661e-05 0.0167499 
0.00446332 0.556946 0.251923 0.0629658 4.72816e-05 0.00383764 0.00643525 0.0545087 0.0276323 0.00822648 0.0131169 0.00183629 0.00806071 
0.00558742 0.469045 0.440908 0.0106545 7.32279e-08 0.0006799 4.81323e-06 0.0169347 0.0159059 0.0402636 7.72364e-06 1.49922e-07 8.34145e-06 
0.0102693 0.504534 0.248401 0.0435745 7.24618e-06 0.0150014 0.00143297 0.0122688 0.0789704 0.0833248 0.000478799 0.00107214 0.000665439 
0.00180546 0.426875 0.220922 0.0250739 4.69378e-05 0.126761 0.00209863 0.0249911 0.0824505 0.0558379 0.0277632 0.00518152 0.000193129 
0.0150844 0.683954 0.230964 0.0213498 7.82302e-05 0.000663537 0.00103533 0.0118189 0.0218182 0.00829199 0.0043421 4.15343e-06 0.000595529 
0.0150844 0.683954 0.230964 0.0213498 7.82302e-05 0.000663537 0.00103533 0.0118189 0.0218182 0.00829199 0.0043421 4.15343e-06 0.000595529 
1.25372e-05 0.731668 0.0488337 0.0676289 1.8033e-06 1.06546e-05 7.40125e-08 0.0378889 0.0928105 0.0200339 1.89994e-06 9.2884e-08 0.00110934 
7.35617e-08 0.429657 0.0405005 3.49677e-06 8.82179e-08 0.00733286 0.0593226 0.00207743 0.40473 0.0561259 0.000242965 1.48088e-06 5.56318e-06 
0.00374258 0.361562 0.35777 0.128773 2.31175e-08 0.000749645 0.000288547 0.118791 0.0132679 0.015047 1.43566e-06 2.2624e-06 3.74036e-06 
8.69379e-05 0.629592 0.0920212 0.100024 1.35177e-05 0.000148105 7.72552e-05 0.173425 0.00284873 0.00163625 1.156e-05 1.85506e-05 9.71962e-05 
0.0145293 0.561423 0.180389 0.0192365 5.66149e-07 0.000774627 0.0038085 0.0646448 0.0815489 0.0730565 3.83279e-05 9.75014e-05 0.000452935 
1.24597e-05 0.372392 0.135849 0.00763312 3.88477e-06 0.000342055 0.00145113 0.287455 0.102858 0.00145204 0.00031446 4.62115e-05 0.0901906 
4.2558e-06 0.59168 0.0733752 0.0831381 6.5539e-06 1.39225e-05 0.0119088 0.219054 0.00183203 0.00319057 0.0156989 1.23531e-05 8.46953e-05 
0.0112913 0.531772 0.243993 0.0449719 1.24464e-05 0.0279223 0.0152954 0.022445 0.0415308 0.0521366 0.0014748 0.0068869 0.000267763 
4.94325e-05 0.520099 0.359288 0.0562832 5.42222e-07 6.67927e-06 0.000277354 0.0569684 0.00221681 0.00480867 1.37105e-08 1.75716e-06 5.36036e-07 
7.53845e-05 0.569587 0.216134 0.00978521 5.32816e-06 0.000956083 8.297e-05 0.0194519 0.040009 0.118954 0.0107549 0.000131404 0.0140733 
0.00963719 0.343883 0.237531 0.161628 0.00355682 0.011806 0.00606033 0.0754494 0.0806 0.0512723 0.0120069 0.00175044 0.00481882 
0.00720665 0.671314 0.0606777 0.108496 3.2472e-09 0.0040143 1.66755e-05 0.0641829 0.045992 0.0360303 0.000863437 6.23205e-07 0.00120556 
0.0109972 0.352361 0.120512 0.146192 2.98901e-06 0.00598681 0.00126797 0.0866543 0.0827624 0.0936009 0.000167455 0.0933852 0.00610945 
0.0158841 0.575699 0.116621 0.166641 1.84874e-06 0.00131262 0.000415608 0.053938 0.0162091 0.0487106 0.00299621 0.000385165 0.00118563 
7.8671e-05 0.52813 0.00100738 0.117958 3.96295e-06 0.00537293 5.55817e-07 0.325734 0.000217209 0.0208569 3.19858e-05 0.000597423 1.04359e-05 
0.000151562 0.458215 0.384448 0.141582 9.8712e-07 8.26062e-06 0.000185738 0.00167387 0.00260021 0.0111004 4.40515e-06 1.39804e-08 2.94994e-05 
0.00288752 0.863717 0.0980535 0.00499269 1.25627e-05 0.000121454 0.000807585 0.0229686 0.00146707 0.00465226 0.000110826 0.000141536 6.72666e-05 
0.000348383 0.439667 0.0608839 0.0559881 0.000479453 0.00143712 0.00563888 0.371615 0.0151728 0.0478831 0.000591569 0.000294686 2.50748e-07 
0.00151355 0.363988 0.0898697 0.0133595 0.155546 0.000841203 6.43015e-07 0.156873 0.197197 0.0195704 1.32376e-05 8.75165e-05 0.00113985 
0.0321627 0.550297 0.162577 0.0595288 0.0163411 0.0054376 0.00601033 0.00944562 0.115615 0.0419092 0.000276903 2.41417e-05 0.000374055 
0.00530534 0.474604 0.213915 0.0442662 1.95732e-07 0.00475332 1.47016e-06 0.0291837 0.206579 0.021142 0.000249122 1.20048e-09 7.75601e-07 
0.000173909 0.334716 0.252297 0.163761 1.43694e-06 0.000953097 0.0313309 0.0467997 0.0134766 0.146788 0.000903279 0.00831988 0.000479113 
0.00058018 0.522788 0.227955 0.0340151 5.36313e-05 0.00484512 0.000928238 0.0262539 0.0295954 0.00759462 0.14514 0.000125637 0.000125012 
0.00374112 0.276256 0.216389 0.21251 3.1398e-06 0.00444924 0.0347472 0.0117776 0.134677 0.077855 0.0205356 0.00534764 0.0017115 
0.0123472 0.457519 0.335746 0.113154 1.15292e-07 0.00143519 0.000661021 0.0054399 0.0119293 0.0595307 0.000172652 1.38207e-07 0.00206411 
0.00377728 0.407616 0.269331 0.123648 1.37057e-08 0.00135502 0.00046786 0.0168516 0.108652 0.0669421 1.21737e-06 0.000576225 0.000781343 
0.00519317 0.344404 0.273089 0.128013 0.000214438 0.00550112 0.00364638 0.0687175 0.0827806 0.0428614 0.0369433 0.00468227 0.00395325 
3.6397e-05 0.611652 0.0882095 0.169814 5.18583e-06 0.000311848 0.00122139 0.117293 0.00635079 0.00116842 0.00361801 4.3758e-05 0.000274625 
0.0192283 0.314567 0.167642 0.2487 2.34452e-05 0.00225867 0.00372954 0.0378827 0.0721495 0.126887 1.24775e-05 0.0030619 0.00385771 
1.90718e-05 0.480429 0.362035 0.0657863 8.3606e-08 0.00256115 0.0020396 0.0120566 0.0452815 0.00225972 0.000166335 0.0272441 0.000121039 
0.00239031 0.491983 0.22298 0.0536291 6.50621e-05 0.000511799 0.0427346 0.00821695 0.109079 0.063371 0.0045625 0.000205477 0.000271159 
0.0245689 0.313063 0.187858 0.215413 1.1519e-06 0.00144611 2.00809e-05 0.0644471 0.0333167 0.147274 0.0107669 0.000124861 0.00169968 
0.043892 0.354632 0.00335209 0.271812 1.49859e-08 0.000376161 1.7701e-08 0.324544 2.0525e-05 0.00120144 0.000137611 3.26668e-05 7.42768e-08 
0.00133696 0.281201 0.203392 0.173902 4.78173e-07 5.42183e-05 0.0150547 0.0608267 0.227898 0.00186556 0.0333756 0.000296339 0.000796689 
1.16287e-06 0.371973 0.0367463 0.0743883 3.44532e-07 0.00362325 0.00138042 0.0995709 0.0299791 0.046476 8.56097e-07 0.335116 0.000743509 
0.000461991 0.6618 0.0166722 0.0695634 1.17149e-05 0.0183547 1.36967e-07 0.0020507 0.0722039 0.158571 2.82091e-06 1.71891e-07 0.000306427 
0.00431228 0.51163 0.0679806 0.26742 7.73759e-05 0.000125393 0.00101388 0.0735825 0.0263112 0.0086632 0.0221098 2.35661e-05 0.0167499 
0.0161931 0.273641 0.0641694 0.271359 0.000584483 1.40368e-05 0.000530966 0.159759 0.0951455 0.118351 5.91285e-05 1.20856e-05 0.000181691 
0.00708002 0.537519 0.123014 0.186293 8.62505e-07 0.00588729 7.37008e-05 0.00522426 0.00463548 0.129468 0.000179565 0.000509093 0.000115868 
0.00207449 0.548821 0.101646 0.0516446 2.16858e-05 0.0337527 0.000121713 0.0312481 0.16526 0.064367 1.52954e-05 0.000363691 0.000663274 
0.000748763 0.590745 0.0406426 0.108195 3.16198e-06 0.00135437 0.000302491 0.0269947 0.12337 0.10541 0.000172854 5.50206e-05 0.00200526 
1.33619e-06 0.994519 3.83619e-07 0.00086433 1.06781e-05 5.06729e-06 7.44484e-06 1.25718e-06 0.00457255 5.82088e-07 2.18171e-06 9.34311e-06 6.19987e-06 
0.00518136 0.45302 0.158111 0.0538118 2.49926e-05 0.0443789 0.0840603 0.0225337 0.0722796 0.0983965 0.00667782 2.61771e-05 0.00149798 
0.000348383 0.439667 0.0608839 0.0559881 0.000479453 0.00143712 0.00563888 0.371615 0.0151728 0.0478831 0.000591569 0.000294686 2.50748e-07 
0.00888629 0.397359 0.0995442 0.0161453 3.10012e-06 0.0116985 0.247315 0.104869 0.074245 0.0395219 0.000368208 1.05324e-05 3.36938e-05 
0.00120162 0.537515 0.190129 0.0336448 6.98762e-09 1.49928e-06 4.87182e-09 0.0675974 0.0872964 0.0825764 5.98539e-06 6.11403e-09 3.21034e-05 
0.00128911 0.360873 0.358475 0.0732156 1.2066e-05 0.000557461 0.0524881 0.0474957 0.0809246 0.00895666 0.00600324 0.00108916 0.00861986 
0.00113104 0.363934 0.251012 0.0132533 0.000379393 0.0810022 0.0186087 0.00163896 0.198305 0.0701301 0.00011848 1.58166e-05 0.000471642 
3.76856e-08 0.632324 0.0256863 0.00587038 2.24932e-05 3.99754e-06 5.44001e-05 0.00212849 0.285159 0.0480928 1.41316e-06 2.63511e-07 0.000656141 
0.0394315 0.460085 0.143236 0.0756564 1.88149e-05 0.244435 0.000589352 0.0108 0.020212 0.00543814 8.49338e-05 8.1635e-06 4.50536e-06 
8.74431e-06 0.413087 0.277349 0.231632 1.76774e-06 0.00220667 0.000313391 0.0614612 0.00939039 0.00452656 6.50165e-06 6.11071e-07 1.63148e-05 
0.0252829 0.374874 0.191189 0.0135805 4.32093e-06 8.3147e-05 0.000958684 0.0904815 0.268679 0.0236614 0.0103941 0.000543871 0.000267123 
0.00063798 0.751752 0.0951564 0.0909626 1.22888e-06 3.02444e-06 0.000138883 0.0475126 0.00518203 0.00854791 3.1677e-05 1.88963e-05 5.48601e-05 
0.0115851 0.376465 0.0526603 0.0987849 2.0198e-05 0.00188918 0.00627175 0.0471051 0.110718 0.141888 0.0493463 0.00325255 0.100014 
4.39645e-06 0.741323 0.124472 0.0123901 2.22434e-06 0.000898245 1.55082e-06 0.0218933 0.0982869 2.38141e-05 4.54468e-07 1.94625e-06 0.00070221 
0.000672979 0.502882 0.203715 0.115673 5.43935e-06 0.00824579 0.000260713 0.0616016 0.00769649 0.0656716 7.00227e-05 0.0334766 2.8589e-05 
0.0158841 0.575699 0.116621 0.166641 1.84874e-06 0.00131262 0.000415608 0.053938 0.0162091 0.0487106 0.00299621 0.000385165 0.00118563 
0.000452775 0.621422 0.0952686 0.0383446 0.000264155 0.000512636 1.11136e-05 0.0127335 0.0170011 0.134747 0.0139401 3.09903e-06 0.065299 
6.2364e-05 0.514131 0.147402 0.0905624 1.92239e-07 0.018963 0.000306037 0.177146 0.042488 0.007969 0.000840148 1.01885e-05 0.000120022 
0.000324971 0.349366 0.123711 0.132132 1.0883e-05 0.0952954 0.00171282 0.13032 0.0991723 0.0576548 0.00224642 0.00731925 0.000733897 
0.000412067 0.348903 0.156325 0.189218 0.0177006 0.0395813 0.00440767 0.0904226 0.10083 0.00360898 0.0476013 0.000514462 0.000475064 
0.0230254 0.356134 0.105359 0.116013 7.13311e-11 3.38502e-11 2.22117e-09 0.076639 0.0810843 0.241555 4.44177e-06 3.58123e-08 0.000185745 
0.00102035 0.461134 0.353861 0.0574371 4.83593e-06 0.00205186 0.000140544 0.0350514 0.0601499 0.0286863 1.20162e-05 4.71009e-05 0.000403161 
0.00368676 0.427905 0.252983 0.174512 0.00138261 0.00326935 0.000352897 0.0118139 0.0405514 0.064144 0.0175698 0.00170552 0.000123271 
0.00099115 0.413075 0.0428516 0.0809453 3.39267e-06 0.0106665 0.000533026 0.0564729 0.28858 0.103157 0.00240835 2.83181e-06 0.000313627 
0.000110809 0.550503 0.0683393 0.0662886 0.000783868 0.00942973 0.0340759 0.175234 0.0488732 0.043895 5.82655e-06 0.00222825 0.000232635 
9.10819e-05 0.811583 0.0293111 0.0487983 1.34558e-05 0.000386899 8.06577e-06 0.0370098 0.0553563 0.0150877 1.57913e-05 4.16152e-06 0.0023342 
0.0536046 0.514354 0.0436872 0.0256047 1.47283e-08 0.000169144 0.00103416 0.00561295 0.300806 0.0388342 0.000912844 3.51057e-05 0.015345 
0.00115271 0.421424 0.154387 0.0525763 4.26452e-09 0.000172349 4.46101e-06 0.0152679 0.0412889 0.305359 0.000115566 0.00813345 0.000117725 
0.0022622 0.438239 0.228338 0.11997 3.86202e-06 0.0118118 2.73976e-05 0.00990195 0.0347294 0.153943 0.000502464 0.000221989 4.83097e-05 
0.000142794 0.579235 0.0386445 0.107578 1.02213e-06 0.00163326 2.8506e-05 0.0362688 0.0810058 0.151757 1.72476e-06 1.24109e-06 0.00370173 
3.29749e-06 0.325418 0.131455 0.0146629 5.72041e-06 0.187013 0.000455917 0.263332 0.0469069 0.0304843 4.1795e-05 5.94529e-05 0.000161615 
0.00205768 0.257118 0.0582802 0.251534 0.0594534 0.000602595 0.000101457 0.0108586 0.2114 0.00856531 0.00505633 2.71684e-06 0.13497 
0.000175762 0.762289 0.00623302 0.0280245 7.61621e-05 0.0561808 0.00768172 0.0340882 0.0824486 0.0228009 5.98725e-10 2.56403e-09 9.57285e-07 
0.00515447 0.425677 0.144217 0.122396 3.49546e-05 0.00586852 0.00373873 0.203435 0.0470331 0.0294741 0.00852325 0.000680538 0.00376635 
0.000383968 0.340875 0.022007 0.20277 3.7194e-06 4.6068e-06 0.00578177 0.000699528 0.0424612 0.312587 0.0665918 0.00326212 0.00257235 
5.317e-05 0.596661 0.0248886 0.132036 1.34511e-05 0.00156898 3.26281e-05 0.00619226 0.161352 0.0758494 0.000680423 0.000584896 8.78432e-05 
0.00452022 0.415622 0.308573 0.167997 5.34787e-05 0.00145781 4.53736e-05 0.0503743 0.0104833 0.0206017 0.0196966 6.70681e-05 0.00050704 
0.00761966 0.332318 0.296931 0.0109093 0.00015945 0.157558 7.99688e-05 0.00173744 0.184118 0.00691344 9.94245e-05 0.000253764 0.00130176 
0.000437853 0.484742 0.0984876 0.149924 3.7735e-09 0.000236629 0.000606827 0.165438 0.0139297 0.0746355 6.72464e-05 0.00177742 0.00971688 
0.000257327 0.784207 0.000466677 0.000977728 6.94375e-05 3.42157e-05 0.000128264 0.0594743 0.102949 0.0508792 3.75877e-05 0.000426645 9.28967e-05 
0.00998954 0.327671 0.29201 0.150587 4.22439e-07 0.0209236 0.000267305 0.00980604 0.140454 0.0393609 0.00695409 0.000806996 0.00116869 
0.000163568 0.592134 0.0931908 0.120028 7.12873e-07 0.000733949 7.99282e-05 0.038943 0.0386507 0.115392 0.000582587 2.74059e-08 0.000100648 
2.88129e-07 0.335964 0.187638 0.0463019 1.16959e-05 7.68329e-06 4.57274e-05 0.311976 0.0578312 0.0436671 5.26544e-10 2.25491e-09 0.0165565 
0.0109553 0.655284 0.0817436 0.0735515 3.41633e-05 0.000347138 0.00440457 0.0533307 0.0367924 0.0371091 0.00877753 0.0368553 0.000814497 
1.44588e-05 0.777526 0.127369 0.00100513 4.02368e-08 0.00384083 0.000232941 0.000878162 0.0745258 0.0145216 4.40211e-06 7.68907e-05 4.33567e-06 
5.187e-06 0.767598 0.0922237 0.0389928 6.43426e-09 0.00076884 6.56946e-07 0.0513125 0.0437093 0.00538717 1.48394e-07 9.79496e-07 1.35555e-07 
0.000187514 0.629337 0.114591 0.138048 1.48719e-08 2.59168e-08 0.0185216 0.0225353 0.0308385 0.0234916 0.00112403 1.59893e-08 0.0213261 
9.05321e-06 0.832208 0.0874536 0.0616514 4.29108e-06 2.03633e-06 1.58042e-05 0.0156443 0.00178624 0.00120499 8.76737e-07 1.64841e-05 2.49147e-06 
0.00124358 0.444511 0.123949 0.229945 9.85236e-08 0.00444028 0.00201249 0.0437989 0.053167 0.095526 0.000108538 0.000262988 0.00103479 
0.00242179 0.289563 0.0857995 0.0809793 5.9221e-06 0.162227 1.77066e-05 0.0430153 0.160539 0.175065 1.57279e-05 1.9795e-05 0.000330548 
0.0127036 0.402731 0.337838 0.107471 2.69213e-05 0.00159006 0.016928 0.0231276 0.0529452 0.0404877 0.00245375 0.000271878 0.00142487 
0.00231962 0.590204 0.243034 0.0384551 6.03486e-06 0.00501606 8.85578e-05 0.0342927 0.0401183 0.0408209 5.63799e-06 3.50431e-06 0.00563602 
0.00205297 0.368299 0.240846 0.195766 0.000122364 0.00477799 0.00200495 0.0571338 0.0858609 0.0271267 0.0154941 1.61405e-05 0.000499292 
0.00377584 0.336531 0.227831 0.257366 6.90763e-06 0.00121823 0.000612129 0.0249865 0.0639604 0.0726457 0.00654791 0.00439955 0.000119565 
0.00135862 0.579061 0.128865 0.0982327 7.68059e-05 8.10341e-05 0.000146103 0.00175805 0.0557267 0.134678 8.24465e-08 1.50976e-05 8.39861e-07 
0.00326403 0.692406 0.0781591 0.0776162 4.62184e-06 0.110081 2.22351e-05 0.00605558 0.0260264 0.00617714 8.65014e-05 7.2677e-05 2.87388e-05 
0.000244047 0.488711 0.173667 0.0581442 6.21628e-09 1.43782e-06 4.33404e-09 0.0928524 0.055642 0.130185 4.06037e-07 5.43912e-09 0.000551945 
0.0150844 0.683954 0.230964 0.0213498 7.82302e-05 0.000663537 0.00103533 0.0118189 0.0218182 0.00829199 0.0043421 4.15343e-06 0.000595529 
6.35164e-06 0.532827 0.372679 0.00270309 3.67994e-08 0.00714742 0.000180861 0.00332605 0.0722386 0.00878584 8.17434e-06 9.76886e-05 3.6328e-08 
2.04139e-05 0.785008 0.0494086 0.0143237 2.0079e-05 7.01785e-05 0.00510656 0.00194493 0.106594 0.00237645 0.000285061 2.33216e-06 0.0348405 
0.00952504 0.413927 0.269621 0.15811 6.61597e-06 0.00229035 0.000454458 0.0139369 0.0712435 0.0586534 7.03569e-05 0.00117996 0.000981419 
1.34022e-10 0.654389 3.00472e-05 0.319366 1.07103e-09 5.08258e-10 1.0679e-05 1.23955e-05 1.08584e-05 0.0261781 2.18829e-10 9.3713e-10 3.04773e-06 
0.0158841 0.575699 0.116621 0.166641 1.84874e-06 0.00131262 0.000415608 0.053938 0.0162091 0.0487106 0.00299621 0.000385165 0.00118563 
1.44588e-05 0.777526 0.127369 0.00100513 4.02368e-08 0.00384083 0.000232941 0.000878162 0.0745258 0.0145216 4.40211e-06 7.68907e-05 4.33567e-06 
4.1088e-06 0.509988 0.172368 0.048998 0.0191953 0.00155344 0.0106217 0.140409 0.0710206 0.0222285 0.000353796 0.000395424 0.00286384 
0.00019262 0.656706 0.130371 0.0278727 0.00021348 0.000835538 0.0262502 0.0433055 0.0987071 0.003847 0.0116303 3.67991e-06 6.41761e-05 
0.00489449 0.675425 0.172217 0.0486768 1.6039e-05 0.00106987 7.90852e-05 0.0304861 0.0464448 0.017377 0.000318881 0.00287546 0.000120048 
0.00862806 0.409635 0.252324 0.290794 1.04941e-06 0.00514662 0.00011155 0.0191785 0.0041068 0.0088603 7.99818e-06 0.0010829 0.000122821 
1.44777e-05 0.458862 0.0716797 0.0766039 7.6025e-08 0.000228499 0.000154047 0.0800883 0.113688 0.196787 5.37246e-06 9.75832e-07 0.00188852 
0.000165135 0.443049 0.0729733 0.0164085 8.8636e-07 0.000764612 6.20977e-05 0.386183 0.0226002 0.0184449 0.024417 0.000839609 0.0140919 
0.000150838 0.628403 0.105554 0.138032 2.05605e-06 0.000859998 0.000352163 0.0709765 0.00790099 0.0471818 4.98024e-06 0.000246735 0.00033537 
