0.0186008 0.0659842 0.85437 0.0234596 1.41788e-06 0.00561655 0.00020942 0.0025251 0.0145084 0.0124705 0.000140796 0.00184581 0.000267438 
0.00512614 0.00800851 0.417256 0.0966152 2.62589e-06 0.0142808 0.000193344 0.00526584 0.10219 0.333504 5.44181e-05 0.0109167 0.00658654 
0.0101033 0.0182098 0.340759 0.269886 9.56994e-05 0.0391977 0.025005 0.0664602 0.152676 0.068715 0.000803292 1.20953e-05 0.00807699 
0.0819097 0.00196062 0.342121 0.0854094 0.00427819 0.0188499 0.099602 0.000219734 0.315459 0.0489573 0.000780652 2.51595e-09 0.000452448 
0.0186428 0.0234813 0.664556 0.185793 1.11239e-05 0.00364949 0.00021053 0.0128187 0.0234777 0.0129813 0.0478221 5.70329e-05 0.00649909 
0.0116625 6.80664e-12 0.251238 0.136644 0.00227565 1.04662e-06 0.000276826 0.235449 0.126054 0.236327 7.07721e-05 8.25665e-07 4.89355e-08 
0.0030571 0.000165051 0.428247 0.0739448 0.000136444 0.000249737 0.00633797 0.00791125 0.394941 0.0822067 0.000331667 7.39056e-06 0.00246383 
0.00115794 0.0032909 0.387496 0.270889 4.49454e-07 0.00109683 0.000112625 0.00445251 0.0168747 0.313243 5.85086e-06 0.000138143 0.00124192 
0.00368608 0.0209794 0.523101 0.0976857 0.000901181 0.000487098 0.0526139 0.139993 0.0883439 0.00444826 0.00212391 2.47e-05 0.0656114 
0.0132104 1.71183e-05 0.632664 0.0305729 0.0100753 0.00316623 0.0783898 9.09041e-05 0.222546 0.00879004 0.000452409 2.57647e-07 2.46982e-05 
0.000475149 0.00297336 0.571359 0.216423 0.000356701 0.000286659 0.000138248 0.177122 0.0289416 0.00179766 2.88434e-05 2.55317e-05 7.19217e-05 
0.0307436 0.00791873 0.591626 0.243647 1.84453e-05 0.00273445 0.0226645 0.00974937 0.0501759 0.0338103 0.000973589 0.00458755 0.00135081 
0.000517507 1.02905e-05 0.66535 0.224129 6.69344e-09 1.47168e-05 0.000248733 2.19148e-05 0.0486385 0.0601327 9.67698e-06 0.000451842 0.000474537 
0.0385201 0.000617856 0.758748 0.0633866 3.20014e-06 0.00268424 0.000239583 0.00260515 0.0114362 0.121443 1.12333e-06 1.89226e-05 0.000296091 
0.00226014 0.00319049 0.590879 0.0132912 0.000842367 0.00500644 0.00338422 0.0119359 0.328667 0.0371906 0.000189464 2.63266e-05 0.0031372 
0.0975431 0.0119764 0.352077 0.195638 0.000159832 0.00103405 0.0139457 0.0223205 0.136449 0.0659328 0.0124989 0.0001629 0.0902608 
0.0500607 0.0489243 0.57153 0.0845419 1.11e-05 0.00811272 0.0123674 0.0136598 0.0957355 0.0970069 0.00746779 0.00945555 0.0011264 
0.00985877 0.0167482 0.693189 0.185365 6.18728e-05 0.00218163 0.00269357 0.0150963 0.0371212 0.0367729 6.74146e-05 0.000614406 0.000230055 
0.0772604 8.69252e-07 0.76829 0.0742486 2.28611e-08 1.65288e-08 1.60839e-07 5.58551e-07 0.025952 0.0539434 4.57998e-08 0.000303468 3.03258e-07 
0.0161605 0.23857 0.387212 0.27288 5.12844e-06 0.000788984 0.000558536 0.0244037 0.0121698 0.0431181 4.36033e-05 0.00159942 0.00249053 
0.00797672 0.00707643 0.287006 0.158049 9.36136e-06 0.00324304 0.00567667 0.00863943 0.259428 0.260846 0.000177472 5.87744e-05 0.00181361 
0.000269366 0.0361259 0.593578 0.114606 7.74918e-06 0.0442459 0.00941325 0.0421354 0.116088 0.0195146 0.0171997 0.00659723 0.000218988 
0.0231791 0.0172385 0.396195 0.282583 0.000130327 0.00689756 0.00124118 0.0183773 0.130892 0.114958 0.00162496 7.99408e-05 0.00660352 
0.00765294 0.0712693 0.481865 0.133129 0.00556426 0.00656302 0.0353231 0.114383 0.0621345 0.0311007 0.0411054 0.00155334 0.00835541 
0.00156011 0.0175573 0.506552 0.303223 3.37674e-08 0.00136136 0.000193153 0.114399 0.0340419 0.016082 6.68831e-06 0.00292732 0.00209615 
0.0309699 0.0701684 0.742538 0.132451 1.30417e-08 0.00015363 9.78207e-05 0.0098378 0.00154979 0.0113358 4.67125e-07 3.03184e-05 0.000866166 
5.3935e-06 8.80422e-07 0.956638 0.0422154 1.35756e-05 7.81954e-06 0.000106215 8.59484e-07 2.191e-05 0.000985998 1.80941e-06 2.72227e-07 1.42925e-06 
0.0191948 0.249302 0.373835 0.186884 7.05678e-06 0.000836037 0.00126361 0.0517825 0.0217228 0.0873376 0.00574933 0.00170485 0.000380451 
0.0385697 0.0168887 0.502036 0.291601 1.93722e-05 0.000285652 0.000213188 0.0278107 0.0523682 0.0681712 0.000325154 8.49495e-05 0.00162575 
5.78957e-05 0.00953337 0.788418 0.0184288 1.36183e-06 0.0101476 0.000232431 0.00161736 0.149978 0.0117999 2.09168e-05 5.65318e-05 0.00970757 
0.000836082 0.0003661 0.638115 0.0954378 2.35838e-05 5.05913e-05 0.0131575 0.000327325 0.190619 0.027452 0.000539217 5.3322e-06 0.03307 
0.0181859 0.0256912 0.676515 0.145259 7.29993e-09 5.50733e-05 7.13776e-05 0.00382336 0.0127777 0.1171 1.94391e-07 0.00011087 0.000411028 
0.0551531 0.0272534 0.43688 0.373738 9.7573e-05 0.00121423 0.00485773 0.00824929 0.0570742 0.0276946 0.00660854 0.000460987 0.000718456 
0.00355168 0.335618 0.36661 0.199785 1.91123e-06 0.00130952 0.00168132 0.0197707 0.0239505 0.0386211 0.00383884 0.00510516 0.000156118 
0.00359688 0.0965686 0.49549 0.201535 6.61039e-05 0.00188697 0.0041913 0.00491772 0.0796758 0.0216998 0.059217 0.0141894 0.0169659 
0.000228604 0.0286786 0.512484 0.0875998 4.69182e-06 0.00177129 0.000792042 0.139656 0.14873 0.010645 9.37276e-06 0.066801 0.00259953 
0.0184948 4.23199e-07 0.522179 0.0463047 4.22717e-07 4.23013e-07 4.22888e-07 0.00943816 0.266596 0.0845238 0.0271678 4.22788e-07 0.0252932 
0.0667818 0.0146864 0.373648 0.251667 0.000556325 0.00495315 0.0289339 0.0178081 0.215207 0.0155738 0.00521062 0.00339602 0.00157737 
0.00095389 0.00107234 0.721661 0.119036 7.50086e-05 0.000181125 0.00778574 0.0935228 0.0525271 0.00242084 0.000324213 0.000340274 9.94186e-05 
0.00319907 0.00229858 0.715939 0.102131 1.33641e-05 0.00118782 0.000155993 0.00946281 0.0762966 0.0890285 5.58208e-05 1.50993e-05 0.000215965 
0.0694773 0.010565 0.297171 0.262227 0.000215255 0.00135711 0.0043431 0.017113 0.140166 0.179597 0.00996245 0.000237636 0.00756938 
0.0195156 0.0774232 0.411406 0.300599 0.000323764 0.00157847 0.0425801 0.00153764 0.0900639 0.054396 0.000107679 0.000112828 0.0003554 
0.0107974 0.033589 0.315251 0.0197569 6.53107e-06 0.220623 0.00163613 5.14734e-05 0.188605 0.20857 0.000739436 4.301e-05 0.000330467 
0.000145831 1.27177e-09 0.634999 0.275728 5.19331e-09 3.37181e-05 0.000425519 2.48272e-05 0.0678502 0.0134012 6.50538e-06 8.76107e-06 0.00737711 
0.000291368 0.000414436 0.571095 0.011259 0.000122462 0.00229632 0.000189023 0.0459207 0.336573 0.0302786 0.000251814 0.000169672 0.00113815 
0.0058036 0.0275298 0.80584 0.0183469 7.09259e-05 0.0147945 4.64249e-05 0.0827455 0.0321531 0.0117874 4.40131e-05 0.000111076 0.000726685 
0.00752535 0.0279247 0.44931 0.239367 6.07671e-08 4.49313e-05 0.00643706 0.0107801 0.191623 0.0660002 5.49333e-06 7.27999e-07 0.000981636 
0.00513696 0.00446351 0.802635 0.0937886 8.70567e-06 0.000525767 0.0275609 0.0019628 0.0347635 0.0191232 0.000157561 0.000232378 0.00964152 
0.0175657 0.0563393 0.524624 0.143861 7.36239e-06 8.4871e-05 0.000408803 0.11279 0.022298 0.0755867 2.13765e-05 0.00012161 0.0462907 
0.0440408 0.00967124 0.696652 0.142062 6.60792e-06 0.000704913 0.00222573 0.0615208 0.0200899 0.0136608 0.00256524 0.00645166 0.000348548 
0.0697598 0.00920327 0.433511 0.13551 1.37767e-05 0.00259193 0.000270474 0.0113089 0.113282 0.221079 0.00247241 8.17895e-05 0.000915214 
0.0258457 0.00826927 0.635571 0.0897963 9.46864e-07 0.0471142 0.000209238 0.00640586 0.0789662 0.0451219 9.02247e-06 7.75868e-05 0.0626125 
0.00064827 0.00603978 0.97623 0.0103771 4.44153e-09 0.000837725 1.28604e-05 0.0028756 0.00166486 0.00106172 0.000117161 1.95788e-08 0.00013467 
0.000374468 0.000287654 0.542854 0.360381 1.61865e-06 0.00487298 1.32579e-05 0.0674413 0.00765984 0.0133152 5.66629e-06 0.000271317 0.00252152 
0.00153567 0.00506623 0.680938 0.222874 1.13349e-05 1.53968e-05 0.0142712 0.000419102 0.0148944 0.0545269 1.75706e-05 0.00082291 0.00460673 
0.0212705 0.0432567 0.366807 0.248387 4.09016e-06 0.00324776 0.000310334 0.0763194 0.180282 0.058164 6.68526e-05 1.49166e-05 0.00186898 
0.0214248 0.024008 0.473023 0.100447 0.000450651 0.00101691 0.00823537 0.0135453 0.155158 0.201626 3.54899e-05 6.74787e-05 0.00096133 
0.0121528 0.0155016 0.684942 0.148669 5.50476e-05 0.00631752 0.00424882 0.0260276 0.0488228 0.0461387 0.000102213 0.000314677 0.00670704 
0.000726143 0.101261 0.565468 0.19733 7.32443e-05 0.000140616 0.000167386 0.0788201 0.0445103 0.0109849 7.6811e-05 1.72853e-06 0.000439682 
0.0482163 0.0787679 0.431903 0.180682 7.08301e-06 1.20028e-05 0.000341901 0.217386 0.00209134 0.0394042 6.66617e-06 5.50441e-06 0.001177 
0.000744345 0.0170822 0.529628 0.325456 2.35919e-05 0.00187659 0.000305114 0.0702188 0.016193 0.0262575 0.00883428 0.0031689 0.000212279 
0.00133457 0.00492445 0.762744 0.128965 0.000325653 0.00165983 0.00318507 0.0115162 0.0561221 0.0194468 0.00894404 0.000104517 0.000728521 
3.52273e-05 0.026462 0.518984 0.347997 1.94506e-07 2.78687e-06 0.00766502 0.0782307 0.0187769 0.000212332 6.90026e-10 0.00124075 0.000393141 
0.0123741 0.00244197 0.496957 0.196265 0.00082163 0.00044483 0.00590247 0.0856114 0.0782719 0.120249 1.94952e-05 4.49685e-05 0.000596414 
0.0372339 0.0519538 0.487749 0.0833169 1.11732e-05 0.0153658 0.00910371 0.0341819 0.160109 0.0747471 0.00650705 0.038941 0.000779417 
0.00869718 0.0157483 0.823201 0.0677102 1.62998e-05 0.00198779 0.00484588 0.00386434 0.0497453 0.0122423 0.0049243 0.00500127 0.00201553 
0.0066339 0.08436 0.59839 0.137047 8.69001e-05 0.00541574 0.0016313 0.0150912 0.0968197 0.0396151 0.00100728 1.73483e-07 0.0139016 
0.0235902 0.00171223 0.509596 0.307061 0.00015953 0.0119229 0.00753215 0.0713647 0.0494079 0.0122924 0.000256337 0.00201992 0.00308419 
0.120092 0.000646323 0.406331 0.0703474 9.91847e-05 0.00224995 0.00134793 0.132186 0.225832 0.0389439 3.62546e-05 2.98624e-06 0.00188607 
0.00269724 0.0938285 0.42164 0.239303 5.38649e-05 0.00256249 0.000347605 0.012913 0.0354101 0.1898 0.000140497 0.0006354 0.00066792 
0.00932756 0.0173244 0.654782 0.141613 3.49549e-05 6.7967e-06 0.00406387 0.0062875 0.110437 0.0541661 8.50593e-06 0.00159729 0.000351602 
0.000230518 0.000878591 0.817049 0.164914 3.81781e-08 2.92336e-06 7.33412e-07 0.00345003 0.00858735 0.00488605 1.78512e-10 1.28036e-06 2.51888e-07 
0.00345843 0.269498 0.542804 0.0804545 3.58679e-05 0.000311864 4.34482e-05 0.00777507 0.0715987 0.0231773 2.28812e-05 8.09057e-05 0.000738265 
0.00018634 0.0562219 0.233438 0.191372 1.06072e-05 0.00313064 0.224737 0.0979187 0.173863 0.0123677 0.00539467 0.000126144 0.00123373 
0.00546858 0.0157443 0.455073 0.389141 8.49812e-05 0.000370969 0.007388 0.0252226 0.0223136 0.0680504 0.0071811 0.000236213 0.00372566 
0.000836185 0.0171579 0.617617 0.232156 4.82565e-06 0.000596753 0.000302858 0.0268145 0.0621123 0.0413783 1.11232e-05 4.15051e-06 0.00100744 
0.00335845 0.325319 0.480796 0.00751855 1.50058e-05 1.97396e-05 6.76793e-05 0.0465676 0.00316095 0.109547 0.0235695 5.60894e-05 5.27325e-06 
0.0160211 0.0454383 0.423159 0.22593 1.43402e-06 0.000278092 0.0246952 0.0471173 0.0712049 0.0562784 0.000931717 5.74507e-06 0.0889391 
0.00848244 0.0415478 0.543751 0.255367 2.43689e-05 0.000476456 0.00219204 0.00269829 0.122146 0.0180068 0.00183787 0.0020965 0.00137328 
0.00146292 0.0928627 0.656541 0.173906 3.22213e-06 0.00444944 0.000886482 0.0117927 0.0354719 0.0114748 0.00318346 0.00787414 9.12858e-05 
0.00953225 0.0264381 0.394562 0.391057 2.94859e-05 0.00191931 0.0020836 0.115323 0.0228301 0.0309756 0.000652951 0.000117058 0.00447992 
0.000383344 0.002861 0.561844 0.217193 0.000380706 0.00156968 0.000133384 0.155179 0.0415474 0.0187109 2.01182e-05 4.70706e-07 0.000177976 
8.59252e-07 6.81751e-05 0.880335 0.00402162 1.75636e-06 8.22382e-05 4.70905e-05 0.000152373 0.0298033 0.0854673 1.11922e-07 2.84453e-07 1.93842e-05 
0.00752371 0.0712529 0.263621 0.248647 0.00154039 0.00262509 0.00457216 0.0169236 0.125115 0.166302 0.0637502 0.00438378 0.0237428 
0.00937794 0.0250355 0.382493 0.177343 0.00285455 0.0105304 0.0318921 0.0159817 0.29315 0.0502465 0.000306687 3.75836e-05 0.000752047 
0.00563341 0.2272 0.295633 0.0471659 4.01417e-05 0.000385607 0.105099 0.00737299 0.201185 0.00867783 0.0623759 0.0334849 0.00574607 
0.000132041 0.00926797 0.914764 0.0116021 3.03659e-06 0.00092477 0.000125467 0.000599576 0.0107733 0.0515676 5.69139e-06 0.000113856 0.000120625 
2.19699e-05 0.00116285 0.958118 0.0311395 2.6201e-10 1.69617e-06 1.82675e-10 0.00777774 0.00103366 2.31371e-07 2.9503e-05 2.29253e-10 0.000714855 
0.037809 5.25355e-06 0.429541 0.17371 3.4925e-05 2.42366e-05 0.0665603 0.0189101 0.0649014 0.203441 0.000742425 8.60804e-06 0.00431206 
0.295807 0.0527373 0.375054 0.0576984 3.59394e-05 0.00195619 0.000331276 0.015098 0.0693576 0.129238 0.00131126 1.9517e-05 0.00135475 
0.000492317 0.0155515 0.499468 0.244236 2.81033e-07 0.000157548 1.21452e-05 0.017625 0.078665 0.141899 1.2647e-05 6.45303e-06 0.00187353 
0.00104246 0.00417557 0.438048 0.13989 0.00454274 0.000331974 0.0110131 0.06265 0.309498 0.0121342 0.0161897 2.90315e-05 0.000454669 
0.0582289 0.0206044 0.446646 0.16364 0.000245813 0.0182216 0.00337394 0.0644571 0.111503 0.105419 0.00450737 0.00139453 0.00175957 
0.00210958 0.00202523 0.383046 0.382811 5.84599e-06 4.9182e-05 0.00370741 0.00273403 0.0990447 0.12348 4.37015e-05 1.4238e-06 0.000942615 
0.00694549 0.0534018 0.408599 0.199964 2.22931e-05 0.0343745 0.000215374 0.0904335 0.0798835 0.12044 0.00500462 0.00043176 0.000284064 
0.0323975 0.0435668 0.497882 0.098821 2.13277e-05 0.0162335 0.0046112 0.0302906 0.206587 0.0272901 0.00190065 0.00820774 0.0321908 
0.00485718 0.077397 0.271218 0.0661318 0.000442528 0.0190437 0.232273 0.0240841 0.234453 0.0341651 0.0164702 0.000195987 0.0192681 
0.00115364 0.0403238 0.56223 0.266337 2.68413e-05 0.00124593 0.000439777 0.00789521 0.0780468 0.02637 0.0155777 8.96128e-06 0.000344787 
0.0851892 0.0309812 0.323889 0.185695 5.58024e-05 0.000534619 0.0019129 0.0468377 0.217612 0.105143 0.000189437 0.00163741 0.000322745 
0.00618762 0.0459258 0.628051 0.211522 1.98732e-05 0.000277886 0.00244507 0.0127977 0.0246669 0.0437932 0.00609054 8.11964e-05 0.0181418 
0.0174195 0.015129 0.48877 0.16293 4.92165e-05 0.022926 0.0146957 0.0178709 0.1412 0.116718 0.00195975 1.26475e-05 0.000317694 
0.00480309 0.0272131 0.551215 0.0926695 1.40061e-05 0.00120291 0.00732622 0.0167048 0.163861 0.0978444 0.000788302 0.0306779 0.00567932 
5.85132e-05 0.0158121 0.44963 0.246558 0.000354719 0.000805903 0.000843552 0.0577229 0.192817 0.0337386 4.81047e-05 0.00101076 0.000599772 
0.00664417 0.000568349 0.399841 0.166145 0.000487299 0.000839185 0.102765 0.00474226 0.310636 0.00682805 0.00043023 1.39344e-06 7.2218e-05 
0.00171158 0.00790242 0.510369 0.345416 0.000215031 0.00108074 0.00580875 0.0244753 0.00812642 0.082926 7.28028e-06 2.86002e-06 0.011959 
0.00223623 0.0229449 0.7551 0.0292251 2.38642e-06 0.0134375 0.000316399 0.0380062 0.104888 0.0228312 0.000143698 2.11271e-05 0.0108474 
0.00995186 9.83597e-05 0.821209 0.0483925 2.39195e-06 0.000835478 0.00118129 0.00481196 0.0167158 0.0967197 1.30628e-05 1.21489e-06 6.74598e-05 
0.0267793 2.85548e-05 0.560664 0.187433 9.80532e-06 0.000150932 0.000152771 0.0280036 0.0506291 0.145145 3.19583e-06 0.000273828 0.000727405 
0.00220377 0.00622335 0.715873 0.179866 0.00169036 9.50176e-06 0.0041946 0.0265265 0.0388715 0.0216649 4.57954e-05 0.00252204 0.00030802 
0.0265201 0.0347274 0.452041 0.0952976 0.000179504 0.156824 0.00113632 0.0204009 0.15329 0.035277 0.0178609 3.06047e-05 0.00641438 
0.00119405 0.00384408 0.806025 0.0338987 0.000108203 0.000274764 0.000470348 0.00154337 0.0753503 0.0594303 0.000469705 6.5923e-06 0.0173846 
0.0538788 0.0624343 0.406996 0.0252304 0.00103005 0.00131315 0.0927868 0.011757 0.262399 0.0368972 0.0449228 1.68712e-05 0.000337654 
0.00115264 0.00864575 0.920644 0.0130945 0.000348226 0.000187016 0.00332272 0.00857995 0.00941518 0.0173473 0.0169087 0.000308347 4.54524e-05 
0.0139478 0.000653349 0.79016 0.115977 8.97637e-05 0.000229327 0.000211953 0.0121764 0.0397908 0.026607 1.29549e-05 6.55984e-07 0.000142773 
0.0243461 0.0398982 0.3057 0.305386 0.000107645 0.00292663 0.00125721 0.0765011 0.053326 0.159688 0.0244383 0.00122617 0.00519972 
0.00849296 0.0444788 0.317762 0.0841488 0.000109126 0.0528547 0.000918238 0.0769832 0.0821448 0.276551 0.00088673 0.0523363 0.0023331 
0.000803115 0.0352866 0.695155 0.128958 0.000137283 0.000585472 0.00289941 0.0178757 0.0701562 0.0379796 0.000369214 0.00181111 0.00798321 
0.0160336 0.164819 0.397676 0.121853 2.38786e-05 0.00141593 0.005305 0.123583 0.0991408 0.039384 0.0129157 0.0126616 0.00518914 
0.0538788 0.0624343 0.406996 0.0252304 0.00103005 0.00131315 0.0927868 0.011757 0.262399 0.0368972 0.0449228 1.68712e-05 0.000337654 
0.0331215 0.00676618 0.455896 0.169068 5.89063e-05 0.000703564 0.000709218 0.163635 0.0784622 0.083133 2.49824e-05 0.000612356 0.00780953 
6.14672e-05 6.08567e-07 0.373169 0.254721 6.07874e-07 0.00790851 0.00231146 0.0111987 0.266758 0.079794 6.08522e-07 6.07977e-07 0.00407565 
0.00598505 0.0140686 0.456517 0.174602 3.80105e-05 0.0276304 0.000435767 0.0543169 0.159489 0.105463 0.000443533 0.000538072 0.000472985 
0.00169833 0.110056 0.350324 0.2733 5.35507e-05 0.0254817 0.000382152 0.104439 0.00876612 0.0647548 0.0382984 0.0223051 0.000140572 
0.017973 0.00543484 0.37508 0.326232 0.000886108 0.00765464 0.00143284 0.0098911 0.192254 0.0487404 0.012633 6.3973e-06 0.00178223 
0.0287152 0.0763392 0.546862 0.0839921 6.2743e-06 0.00162582 3.21337e-05 0.23481 0.0111184 0.0162951 3.26124e-05 9.62947e-05 7.50382e-05 
0.0562019 0.0401581 0.69484 0.125462 1.47314e-06 0.00315711 0.000805231 0.00123831 0.0118369 0.0652861 3.39766e-05 0.000896504 8.25642e-05 
0.0119899 0.0331394 0.453132 0.0123709 0.000177338 0.00340344 0.00636026 0.0462889 0.355612 0.0221929 0.00155717 0.000630557 0.053145 
0.00241003 0.0124238 0.86265 0.0488786 1.14008e-06 6.25268e-05 0.000151081 0.00248635 0.0125465 0.0582922 4.01886e-07 7.79903e-06 8.9775e-05 
0.00869718 0.0157483 0.823201 0.0677102 1.62998e-05 0.00198779 0.00484588 0.00386434 0.0497453 0.0122423 0.0049243 0.00500127 0.00201553 
0.00620113 0.000590648 0.606912 0.100901 0.00295726 0.000419309 0.00830639 0.0749999 0.130633 0.0623039 9.29095e-06 0.00143028 0.00433657 
0.0103356 0.0354382 0.504855 0.269918 0.00493839 0.00016027 0.00380859 0.0443712 0.0434959 0.0653698 0.0146927 0.000744354 0.00187156 
0.000492317 0.0155515 0.499468 0.244236 2.81033e-07 0.000157548 1.21452e-05 0.017625 0.078665 0.141899 1.2647e-05 6.45303e-06 0.00187353 
0.0181884 0.168592 0.470382 0.184959 6.66023e-06 0.00297248 0.00137588 0.0787387 0.024741 0.0425173 0.00649633 0.000351663 0.000678835 
0.0117232 0.177552 0.452345 0.200636 1.36992e-05 0.00414412 0.000760906 0.0262995 0.0775052 0.0461624 3.17754e-05 3.39603e-05 0.00279273 
0.0110848 0.000110734 0.527024 0.20789 0.000269672 0.0011158 0.0146749 0.0272403 0.193486 0.0163491 0.000604001 0.000112005 3.83906e-05 
0.112188 0.0378705 0.705473 0.0410452 4.9709e-05 0.00671585 0.00544291 0.00569278 0.0361089 0.0391745 0.00852636 0.000234197 0.00147771 
0.000669414 0.0177324 0.591309 0.0285311 0.000301323 0.00419777 9.66794e-05 0.0146893 0.19537 0.103183 0.0424235 0.000833618 0.000662683 
0.00791891 0.044371 0.499764 0.23038 3.0709e-05 0.014808 0.00471813 0.106739 0.0387673 0.0519273 5.80806e-05 0.000389217 0.000128576 
0.0562568 0.0194352 0.30967 0.144732 0.000167191 0.00253644 0.0441559 0.0317733 0.232169 0.108443 0.040226 0.010177 0.000258444 
0.0418937 0.20683 0.588005 0.054718 5.34092e-07 0.000154129 0.00606179 0.00252279 0.0708468 0.0288025 4.60691e-06 8.35522e-05 7.6066e-05 
0.0543872 0.011534 0.601854 0.0585657 0.000997232 0.0124608 0.0156466 0.01991 0.173456 0.0179806 0.0316631 0.000253381 0.00129061 
6.72209e-05 0.362364 0.515879 0.0661871 8.80443e-07 0.000284957 5.49493e-05 0.0416646 0.00750277 0.00369415 1.10449e-05 3.14713e-05 0.00225793 
0.000721003 0.00871186 0.481586 0.178346 0.000181406 0.0019787 0.000806332 0.00595874 0.270722 0.0485806 3.09157e-05 3.81766e-09 0.00237612 
0.000407892 0.0387202 0.313024 0.301052 0.00120918 0.00115956 1.95109e-05 0.0117333 0.297638 0.0318149 2.26639e-05 0.00298426 0.000214649 
0.00504474 0.052926 0.62137 0.188666 1.26815e-05 0.00135046 0.0435329 0.00662119 0.0227248 0.0341957 0.0209877 0.00230361 0.000264975 
0.0124843 0.000141304 0.70938 0.0923009 0.000369605 0.00140923 0.00059349 0.0618991 0.115099 0.00512383 8.91861e-05 0.000493036 0.000616747 
0.000792152 0.0499231 0.426899 0.142974 5.16896e-05 0.000226087 0.0599037 0.000420084 0.286202 0.0101433 0.00376317 2.10505e-08 0.0187012 
0.0769454 0.0769429 0.0769547 0.0769534 0.0768553 0.0769092 0.0768864 0.0769462 0.0769498 0.0769527 0.0769372 0.0768683 0.0768986 
0.00944683 0.0274078 0.639835 0.213245 0.00061437 0.000676513 0.00412002 0.0383419 0.0426499 0.0231308 0.000127348 7.47008e-05 0.000330199 
0.00457603 0.0229513 0.662806 0.0600263 4.75963e-07 0.038501 0.00757823 0.0179828 0.11411 0.064394 0.000123686 0.00253345 0.00441676 
0.0131858 0.0181653 0.22278 0.198601 0.000126975 0.0537548 0.000227557 0.0391309 0.182859 0.071707 0.194746 0.000109452 0.00460674 
0.0185696 0.00962443 0.728855 0.120141 0.000185041 0.000170197 0.000647947 0.00542784 0.0532109 0.0617913 3.57209e-05 4.6646e-06 0.00133669 
0.0511523 0.204373 0.389992 0.084339 4.33606e-06 6.11369e-05 0.000171217 0.0621373 0.145249 0.0623429 6.25276e-05 6.6095e-07 0.00011502 
0.0139138 0.0506016 0.753655 0.0888933 7.75951e-05 0.00448376 0.00192302 0.02701 0.0362439 0.0172945 0.00268435 0.00244907 0.000770513 
0.0240913 0.00719492 0.486033 0.225074 1.27194e-05 7.02973e-06 0.00056303 0.077108 0.113515 0.0662418 7.48956e-06 6.96192e-08 0.000152102 
0.0267793 2.85548e-05 0.560664 0.187433 9.80532e-06 0.000150932 0.000152771 0.0280036 0.0506291 0.145145 3.19583e-06 0.000273828 0.000727405 
0.000500048 0.00416122 0.441928 0.398111 0.00137482 0.000117503 0.000110688 0.115621 0.0337546 0.00384314 1.74946e-06 6.15849e-05 0.000415028 
0.0111302 0.00877828 0.504192 0.153594 0.00230807 0.00040835 0.00115777 0.0281723 0.266436 0.0212826 0.000215867 4.87243e-05 0.00227597 
0.0101418 0.00429909 0.602491 0.0898232 1.60796e-05 4.894e-05 0.000459596 0.00591293 0.261402 0.0247072 8.49256e-05 8.03072e-06 0.000605199 
0.0370128 0.0762724 0.564745 0.216624 7.38335e-06 0.000854154 0.00524077 0.0168591 0.0179035 0.0613043 0.000171389 0.00152742 0.00147792 
0.0277596 0.0496765 0.341537 0.294384 6.22808e-05 0.0137777 0.00305374 0.0696723 0.0637456 0.133526 3.7182e-05 5.24678e-05 0.00271624 
0.0734739 0.0210256 0.657506 0.163984 1.9646e-05 8.56695e-05 0.00143076 0.042611 0.0236194 5.61765e-06 0.00233183 0.0110714 0.00283508 
0.0349799 0.103577 0.53254 0.162101 4.71508e-06 0.00561995 0.00069306 0.0332962 0.0550452 0.0707221 0.000129969 0.000432782 0.000857623 
0.0280364 0.00200266 0.703145 0.074392 0.000251906 0.000566825 0.0202657 0.00544579 0.031866 0.132314 1.21307e-05 0.000199108 0.00150302 
0.0105787 0.071919 0.755582 0.0632965 3.05068e-05 0.0093514 0.00390961 0.0323203 0.0155497 0.00829005 0.0267169 0.00161842 0.000837397 
0.0196543 0.000741918 0.435528 0.230022 0.000238604 0.00334851 0.0159453 0.090038 0.153088 0.0424066 0.00194518 0.00529623 0.00174651 
0.00119405 0.00384408 0.806025 0.0338987 0.000108203 0.000274764 0.000470348 0.00154337 0.0753503 0.0594303 0.000469705 6.5923e-06 0.0173846 
0.0387944 0.0429388 0.662297 0.130381 7.18751e-06 0.000869447 0.00139209 0.0338651 0.0626981 0.0265804 2.55778e-05 1.44063e-05 0.000135747 
0.000480894 0.0637703 0.32003 0.0660415 0.0982993 0.000304779 0.013723 0.037619 0.29275 0.074847 0.000489489 0.0273374 0.0043069 
0.0124428 0.100503 0.591658 0.100517 1.03483e-05 1.03555e-05 1.03524e-05 0.0870384 1.0361e-05 0.107769 1.03593e-05 1.035e-05 1.03541e-05 
0.0535048 0.0028003 0.550081 0.335755 3.97741e-08 8.13765e-05 9.6845e-05 0.000971602 0.0065516 0.0500738 1.22135e-05 2.5017e-07 7.05162e-05 
0.0134285 0.0854849 0.382372 0.298069 0.000159684 0.00201556 0.00114914 0.0623118 0.0548451 0.0847898 0.0132098 0.001538 0.00062647 
0.00955278 0.0239503 0.279415 0.118203 6.62586e-05 0.000336467 0.216205 0.24544 0.0799171 0.0252047 5.82927e-05 3.48675e-06 0.00164674 
0.000854177 0.00270374 0.501487 0.333776 6.31219e-05 0.000498174 0.00513811 0.0183797 0.102015 0.0241655 1.08384e-05 7.4012e-06 0.0109002 
0.00374472 0.00320779 0.483042 0.390132 1.99348e-05 0.0060437 0.000115651 0.0758234 0.00337673 0.0330981 3.20848e-05 0.00115994 0.000204395 
0.0608066 0.00873723 0.684264 0.173258 4.29841e-06 0.000205829 0.000828823 0.00345124 0.0311194 0.0371593 1.64307e-05 3.59119e-06 0.000145759 
0.0146488 0.0148632 0.367585 0.2089 6.0982e-05 0.00295539 0.01094 0.0824512 0.182874 0.109953 7.33088e-05 0.000682087 0.00401419 
0.00251008 0.00219124 0.450556 0.424738 6.06409e-11 2.87772e-11 1.14285e-08 0.0694366 0.000187493 0.05038 1.23899e-11 1.23584e-07 3.81991e-07 
0.107428 0.0224281 0.406666 0.1227 0.000882468 0.00566084 0.00648238 0.0935638 0.181751 0.0494579 0.00039701 2.82432e-05 0.00255358 
0.00445412 0.00443572 0.837851 0.0637848 0.000126099 0.000219793 0.000865899 0.0421649 0.0399755 0.00535182 0.000317054 0.000103416 0.000350233 
0.031479 0.00438151 0.309865 0.117245 0.000136416 0.0190463 0.00560554 0.0123562 0.222101 0.277487 2.64786e-05 2.22322e-06 0.000269294 
0.0210507 0.017495 0.384516 0.117768 0.000451218 0.000765765 0.0254213 0.0724739 0.268212 0.0484345 0.0139897 0.000807566 0.0286143 
0.000114139 0.0252592 0.88061 0.00853487 0.000249826 0.0271246 0.00449753 0.0309561 0.0193372 0.00288639 0.000144515 0.000267269 1.87014e-05 
0.00136212 0.0133251 0.660481 0.131616 2.62296e-06 0.00364007 0.000614081 0.04655 0.0912193 0.0504453 5.99101e-05 2.79208e-05 0.000656754 
0.00944683 0.0274078 0.639835 0.213245 0.00061437 0.000676513 0.00412002 0.0383419 0.0426499 0.0231308 0.000127348 7.47008e-05 0.000330199 
0.00115593 0.0487586 0.679636 0.102456 4.01867e-05 0.000408884 0.00348543 0.00143905 0.0316596 0.130879 9.77568e-06 1.59729e-05 5.58601e-05 
0.00974974 0.00174237 0.618226 0.317752 3.0157e-06 0.00109527 0.000168374 0.00841299 0.0275635 0.0152382 7.41787e-06 1.7798e-07 4.17857e-05 
0.00064827 0.00603978 0.97623 0.0103771 4.44153e-09 0.000837725 1.28604e-05 0.0028756 0.00166486 0.00106172 0.000117161 1.95788e-08 0.00013467 
0.238575 0.0112862 0.358081 0.132509 2.3186e-05 0.00254621 0.000931296 0.0392362 0.0616306 0.154015 0.000646908 5.73932e-05 0.000462555 
0.00157232 0.000990574 0.853762 0.0252489 7.49387e-06 0.000756892 4.99168e-05 0.0169586 0.0247237 0.064369 0.0109784 0.00036959 0.000213164 
0.00823723 0.00896096 0.55566 0.354871 3.02199e-06 0.00203407 3.16067e-06 0.0118465 0.00664932 0.00508828 0.046039 1.02334e-05 0.000596738 
1.07418e-06 4.14397e-06 0.34683 0.261235 6.22003e-10 2.95172e-10 6.94298e-07 0.0218316 0.0784614 0.291635 3.55966e-07 5.4424e-10 3.61145e-10 
0.125958 0.00102634 0.495463 0.203843 0.00133333 0.00716855 0.00655196 0.00149813 0.110639 0.0444897 0.000794253 1.56964e-05 0.00121843 
0.0024684 0.00692492 0.505762 0.016545 0.00102134 0.000431577 0.0479827 0.00270359 0.119104 0.0862547 2.60949e-05 2.00218e-05 0.210756 
0.0103118 0.000927449 0.561777 0.170619 7.80221e-05 0.00817951 0.0351459 0.00494986 0.106795 0.061867 0.0277354 0.00010216 0.0115115 
0.00307984 0.0304092 0.502204 0.4234 4.09761e-05 0.00915052 0.000386484 0.00813399 0.00964627 0.0133006 9.46901e-05 3.88841e-05 0.000115066 
0.00944683 0.0274078 0.639835 0.213245 0.00061437 0.000676513 0.00412002 0.0383419 0.0426499 0.0231308 0.000127348 7.47008e-05 0.000330199 
0.00612174 0.0781255 0.389069 0.201386 0.00125975 0.000625297 0.000853565 0.0375779 0.0686536 0.215893 1.44807e-05 5.86975e-05 0.000362021 
0.00756513 0.00338954 0.495528 0.33359 9.35913e-07 0.00205569 0.000661847 0.0826559 0.0273869 0.0460999 0.000169273 0.000599662 0.000297891 
0.0302782 0.00241706 0.767279 0.0657963 1.47633e-05 0.0020571 0.000195525 0.0480713 0.0363818 0.0382925 0.000176114 0.000299919 0.00874076 
0.00906173 0.0985359 0.613707 0.177951 8.25963e-06 0.000424542 0.00036228 0.0347989 0.018912 0.0417953 0.00232083 0.000272033 0.00185084 
0.00314944 0.0173499 0.679916 0.0902622 1.67911e-05 0.0252389 0.000267175 0.0810057 0.0212305 0.0813016 2.24493e-05 0.000223706 1.59489e-05 
0.000108233 2.90219e-05 0.87317 0.0860434 0.000419569 0.00044909 0.00301853 0.0023129 0.0322605 0.00191209 0.000104967 7.91187e-06 0.00016341 
0.00329447 0.00432877 0.315712 0.0658661 0.00249829 0.00554059 0.000119001 0.0425528 0.30036 0.259658 1.30233e-05 2.63913e-08 5.69049e-05 
0.0262481 0.0298754 0.509184 0.311158 0.000301239 0.00628453 0.000318993 0.0387012 0.0435461 0.0152804 0.0139094 0.00419336 0.000999308 
0.134284 0.0280843 0.326072 0.324718 0.000132472 0.00469093 0.00285352 0.068468 0.0600377 0.0199512 0.0211898 0.00454145 0.00497712 
0.00947217 0.177566 0.422691 0.168361 5.02061e-06 0.0218667 0.00698068 0.0642717 0.0865734 0.040397 0.000701452 0.000451963 0.000662731 
5.43896e-05 0.115228 0.453889 0.0305633 1.2881e-07 9.4133e-05 0.0203019 0.0521228 0.201813 0.00702492 0.0769326 8.12217e-05 0.0418945 
0.179121 6.81664e-05 0.558219 0.0931646 0.000874378 0.00109325 0.0111679 0.000284599 0.080098 0.0756167 6.46412e-05 1.52342e-06 0.000226106 
0.00184966 0.0226699 0.488675 0.0820358 4.00658e-05 0.00715572 0.00145151 0.0779686 0.245461 0.0704705 0.000763066 5.65011e-05 0.00140204 
0.00823978 0.0596013 0.413725 0.195565 2.86118e-06 0.00285357 0.00720118 0.0287324 0.205444 0.077335 0.000137469 9.24379e-05 0.00106987 
0.00180138 0.245576 0.273365 0.210136 6.29178e-06 0.000446266 0.000511589 0.174942 0.0102696 0.0824707 8.60855e-05 8.51214e-05 0.000305198 
0.00541843 0.0462283 0.541103 0.269726 0.000108326 0.0237271 0.00458004 0.0142627 0.0657765 0.0154113 0.00699577 0.00623984 0.000422792 
0.0266829 0.0181764 0.32384 0.17344 0.000134605 0.0067094 0.00404028 0.169519 0.201925 0.0607413 0.00748244 0.000524972 0.00678345 
0.0358162 0.00552316 0.327664 0.205541 4.11974e-05 0.000358021 0.0321495 0.00671442 0.149628 0.235277 3.43922e-05 5.71508e-05 0.00119511 
0.0110959 0.0812374 0.403722 0.334348 0.00196599 0.00331875 0.00123637 0.0407244 0.0401481 0.0755484 0.00436038 0.00130057 0.000993801 
0.00530827 0.0107984 0.39821 0.32137 7.64721e-05 0.000361183 0.00191712 0.0560922 0.0841383 0.121324 1.17261e-06 0.000325127 7.71771e-05 
0.000996556 0.0900967 0.358226 0.222686 5.11098e-05 0.00718438 0.00631926 0.100497 0.146125 0.0553794 2.77777e-05 0.00711713 0.00529442 
0.00035349 0.0182442 0.682819 0.129322 1.70462e-11 7.81335e-05 0.0322125 0.000117636 0.0328037 0.058611 8.30489e-06 0.0411802 0.00425006 
0.00652653 0.00090923 0.501991 0.242286 0.00147951 0.000121775 0.000625089 0.0577526 0.0296592 0.15533 2.86576e-06 0.000153605 0.00316295 
0.0197082 0.0565803 0.424222 0.140434 1.67353e-05 0.00345779 0.0027575 0.218977 0.0696676 0.0517976 0.000227168 0.000988512 0.0111663 
0.0160573 0.138806 0.516217 0.240664 5.12169e-06 0.000109481 0.00275977 0.040798 0.00392005 0.030983 0.00803096 9.22e-05 0.00155799 
0.0105715 0.0756909 0.41736 0.0746361 3.66101e-05 0.00116805 0.00124121 0.319233 0.053721 0.0205985 0.00480334 0.0197221 0.0012177 
0.0543727 0.0019944 0.403097 0.343423 0.000105213 0.00396001 1.6466e-05 0.115449 0.0574056 0.0194772 0.000310933 0.000121923 0.000267417 
0.0137763 0.148179 0.51212 0.014899 1.80449e-06 0.0441398 0.000490567 0.0283668 0.160359 0.0774294 6.42458e-05 4.22393e-06 0.000169644 
0.00569127 0.0652716 0.343979 0.177633 4.42227e-05 0.00599421 0.00119654 0.311105 0.0245111 0.0628244 0.000102288 9.33537e-05 0.00155461 
0.0109412 0.235481 0.345275 0.190717 5.80772e-08 0.000134265 5.55859e-05 0.0486115 0.0452529 0.122817 1.12953e-05 0.000130981 0.000571863 
0.0366816 0.0386206 0.434485 0.116933 9.95061e-06 0.000210661 0.0307279 0.0093764 0.108587 0.177232 3.69564e-05 0.00109305 0.0460062 
0.011636 0.036889 0.434823 0.053923 6.65431e-06 0.000297077 8.57486e-05 0.41893 0.0204869 0.0217592 3.24164e-05 0.000132503 0.000999355 
0.00368723 0.00377285 0.607629 0.0357572 7.11897e-05 0.00878536 0.00227911 0.0217891 0.223737 0.0773081 8.7787e-05 2.62249e-05 0.0150698 
0.0464709 0.00556478 0.719684 0.141106 3.05346e-06 0.000161587 0.000621346 0.00212027 0.0255138 0.0586561 9.97851e-06 1.71146e-06 8.64575e-05 
0.00946721 0.011635 0.789851 0.0269431 4.47547e-05 0.00341489 0.000397321 0.0275032 0.106163 0.0177657 0.000139899 9.06534e-05 0.00658441 
0.0457585 0.0103431 0.479579 0.187364 0.000163297 0.00164243 0.00518075 0.0182671 0.150264 0.100708 0.000364787 5.01116e-07 0.000364215 
0.00763576 0.00672117 0.323316 0.199606 0.000353332 0.00853575 0.014811 0.0859711 0.27626 0.075625 0.000192636 3.30916e-05 0.000938138 
0.00467467 0.143997 0.530747 0.0501039 6.37624e-06 0.0048037 0.000193693 0.0338547 0.123757 0.102275 0.00166246 0.000159556 0.00376464 
0.0116234 0.00213851 0.693475 0.180269 0.000257206 0.00205993 0.00416684 0.0136683 0.0529646 0.00509302 0.0277096 0.00325148 0.00332245 
0.0243617 0.0354894 0.641884 0.0204715 1.27849e-07 0.00243361 0.0237139 0.000381711 0.119552 0.121084 1.36676e-05 0.000186121 0.0104282 
0.00563817 0.0109526 0.723258 0.166442 1.34224e-05 5.08602e-05 0.000717797 0.032505 0.0109331 0.0454209 1.07426e-05 0.0039087 0.0001486 
0.0123186 0.0161943 0.591315 0.0579338 2.11292e-05 0.0366338 0.000304903 0.0383309 0.201208 0.0258639 0.01644 0.00214576 0.00128986 
0.00311192 0.111915 0.523212 0.212875 2.47272e-08 1.88495e-05 1.81047e-06 0.053031 0.012671 0.0805027 1.27699e-06 0.00233515 0.000324879 
0.0102647 0.00164838 0.536916 0.165102 5.19617e-06 0.0397721 0.000339174 0.00472005 0.193145 0.0474481 0.000175866 0.000105075 0.000358391 
0.0155412 0.0420407 0.575675 0.0408628 3.40955e-07 0.000109548 3.22955e-05 0.0245231 0.0275719 0.00675966 0.000394658 0.264737 0.00175195 
0.00619783 0.0734503 0.341503 0.233284 0.000120797 0.024391 0.00270814 0.0872731 0.191607 0.0264296 0.00258489 0.00242024 0.00803045 
0.0171239 0.161366 0.674572 0.0511777 2.42451e-05 0.000501742 0.00846117 0.00902857 0.0529444 0.0226156 0.00155313 7.6292e-05 0.000554903 
0.026928 0.0225992 0.339573 0.252082 0.000168897 0.000573924 0.00208299 0.0361221 0.10606 0.208481 0.00118795 0.000299348 0.00384128 
0.0122346 0.00230347 0.871031 0.048355 2.18129e-05 0.000668387 0.000646729 0.0354594 0.0144014 0.00134607 0.0111285 0.00197992 0.000423793 
0.00885981 0.0150886 0.515881 0.275751 1.5848e-06 0.00746745 7.25773e-05 0.0332197 0.0147972 0.0763076 0.000147733 3.18491e-05 0.052373 
0.000222943 0.00131198 0.835415 0.015707 4.12568e-06 6.24536e-05 0.0042328 0.0106476 0.0795836 0.000582987 0.000351583 0.047342 0.00453584 
0.00270476 0.0375788 0.424896 0.0860944 3.8895e-05 0.0691708 0.00287514 0.129624 0.0658998 0.0570567 0.0172548 0.104911 0.0018946 
0.000121877 0.000207172 0.832825 0.0167905 1.04091e-10 0.00763296 1.09454e-06 3.06263e-05 0.128583 0.00532264 0.00010392 9.10774e-11 0.00838127 
0.00255195 0.0376991 0.359538 0.218703 0.000844417 0.00189792 0.00192818 0.0420073 0.140304 0.0961056 0.0938944 0.00185291 0.00267303 
0.00194781 0.0187543 0.467561 0.275992 7.60191e-06 0.000334109 2.28013e-06 0.123223 0.0103755 0.101608 2.45697e-05 1.24772e-06 0.000167771 
0.00681679 0.0682575 0.712516 0.104428 7.39554e-06 0.000649414 0.00723987 0.0272224 0.038629 0.0274754 0.00241143 0.00422075 0.000125604 
0.0822499 0.00831168 0.481502 0.13162 0.00360233 0.00115602 0.0120274 0.00372487 0.125011 0.149309 5.66038e-05 8.16894e-06 0.00142178 
0.0414078 0.00990245 0.434994 0.299395 0.000736047 0.00761838 0.00229865 0.0791379 0.0553983 0.0621639 0.00226891 0.00226104 0.00241769 
0.0364321 0.026647 0.284146 0.263865 5.6969e-05 0.0111946 0.00364917 0.199541 0.0727415 0.0952944 0.000285846 0.00296553 0.00318086 
0.00922427 0.310784 0.40098 0.0936766 7.53549e-06 0.000505766 7.56302e-05 0.0242406 0.0188633 0.112535 0.0280878 8.78871e-05 0.000931556 
0.000178251 0.000484779 0.864685 0.0253156 7.54709e-05 0.000309625 4.73267e-06 0.0739131 0.0289949 0.00539749 5.34603e-05 3.71829e-06 0.000583701 
0.0535819 0.00064884 0.652174 0.12728 2.49674e-05 5.36895e-05 0.00768676 0.0215212 0.0812194 0.055099 0.00045813 1.35251e-06 0.000250991 
0.00559945 0.0363511 0.787444 0.0676577 1.5591e-05 0.00908489 0.00107884 0.0383886 0.0413239 0.00315675 0.00848168 0.00107082 0.000346472 
0.0231543 0.000245498 0.455907 0.281993 4.113e-05 0.0102408 0.000806693 0.0324415 0.134348 0.0590652 9.73607e-05 0.00073149 0.000927464 
0.0146853 0.0397696 0.381621 0.180162 0.00286694 0.0230922 0.102471 0.0165631 0.1603 0.0583657 0.00197009 0.0148582 0.00327407 
0.00800943 0.00428166 0.698996 0.120561 1.73215e-08 0.000365111 0.00928105 0.00102738 0.0737727 0.0781074 8.10262e-07 5.49713e-06 0.00559133 
0.195796 0.00613991 0.264471 0.224587 0.00319454 0.00374713 0.00728042 0.0291891 0.189142 0.0677318 0.00854685 7.39299e-05 9.97111e-05 
0.0896272 0.000560181 0.737169 0.0252741 3.28656e-07 0.00031343 0.000142763 0.000679469 0.0408055 0.101215 0.000129753 4.10114e-07 0.00408323 
0.000266804 7.07225e-05 0.527157 0.396454 9.05628e-06 2.95233e-05 0.0149829 0.00126784 0.0345701 0.0243858 2.9269e-06 1.41586e-06 0.000801182 
0.0256233 0.0458255 0.56402 0.10808 5.30873e-06 0.00551333 0.0088591 0.0101824 0.106604 0.0671944 0.0360418 0.0142388 0.00781241 
0.00349362 0.0390361 0.444051 0.119122 2.80642e-05 0.00116194 0.000807913 0.335163 0.0258378 0.00644526 0.0241953 0.00039703 0.000261392 
0.00157411 0.000230347 0.548199 0.034345 5.82414e-05 0.0244074 0.0144016 0.000490967 0.219501 0.149714 0.000118407 2.84404e-05 0.00693147 
0.0552298 0.05001 0.590937 0.0687891 0.000132388 0.00186774 0.0016892 0.0396429 0.115873 0.0624914 0.0114109 0.000462393 0.0014642 
0.0294839 0.0337896 0.4076 0.0965045 0.000168048 0.0101888 0.0120595 0.0388423 0.286365 0.0765527 0.00188847 0.000151925 0.00640551 
0.0024789 0.00280131 0.578866 4.30498e-06 5.18442e-06 0.149843 3.47374e-05 0.0996882 0.0109442 0.154967 0.000259779 0.000106385 1.0827e-06 
0.0135809 0.00513002 0.715488 0.132221 0.000155605 0.00513984 0.00223132 0.0717157 0.0247399 0.0290378 3.58511e-05 0.000171499 0.000353251 
0.0506587 0.00580821 0.756969 0.0421399 2.20061e-08 9.74579e-05 2.76693e-05 0.0102371 0.0722124 0.0479022 9.68493e-06 1.53945e-07 0.0139379 
0.00267086 0.000783787 0.550344 0.0675622 8.85055e-13 2.53267e-08 1.60641e-06 0.000608929 0.0177 0.360251 1.80831e-13 1.90377e-05 5.86776e-05 
0.0139005 0.0297341 0.869808 0.0366359 2.72515e-05 0.00161782 0.000277107 0.0168456 0.0161408 0.014229 2.53439e-05 0.000163068 0.000595106 
0.0184948 4.23199e-07 0.522179 0.0463047 4.22717e-07 4.23013e-07 4.22888e-07 0.00943816 0.266596 0.0845238 0.0271678 4.22788e-07 0.0252932 
0.00418997 0.0177365 0.544666 0.200119 9.29113e-06 0.0174404 3.55582e-05 0.0114315 0.151905 0.018023 0.0233992 5.07454e-06 0.0110395 
0.00652751 0.00201918 0.669694 0.152882 0.000191143 0.000546073 0.000393373 0.0344656 0.0692655 0.0610678 2.37328e-05 0.00160827 0.00131509 
0.0024122 7.37119e-06 0.721719 0.143352 0.000907755 0.00406371 7.91512e-05 0.00238748 0.0719985 0.052811 0.000114594 2.65405e-07 0.000147453 
0.0244882 0.0179396 0.559152 0.302325 5.24445e-06 0.000888546 0.000253564 0.0241129 0.0267346 0.0436103 3.90286e-05 3.40497e-06 0.000447321 
0.022311 0.167849 0.634737 0.0283197 0.000104799 0.00881998 0.00102591 0.0411248 0.0728216 0.0202544 0.000263547 0.000659851 0.00170816 
0.00558437 0.030265 0.409116 0.0427411 0.00053709 0.00174742 0.010445 0.0306718 0.392385 0.0245208 0.0515198 5.42642e-06 0.000461462 
0.000209972 0.0394352 0.466907 0.0663202 0.127986 0.0104273 0.00839369 0.0359173 0.239213 0.00120057 0.00024579 0.00350925 0.0002351 
0.00686451 0.00695852 0.889553 0.0298445 4.18435e-06 0.000944732 9.03451e-05 0.0313901 0.0237992 0.0101938 6.47918e-05 1.07259e-05 0.000281552 
0.0582289 0.0206044 0.446646 0.16364 0.000245813 0.0182216 0.00337394 0.0644571 0.111503 0.105419 0.00450737 0.00139453 0.00175957 
0.00791466 0.0252761 0.539557 0.32299 1.93095e-08 0.00822991 1.74647e-07 0.0429111 0.0235838 0.0275222 1.93328e-05 1.65954e-08 0.00199594 
0.00686224 0.00951688 0.399979 0.11846 0.0013054 0.00160472 0.0675349 0.010754 0.360176 0.0236384 0.000147596 4.86996e-06 1.59488e-05 
0.0073351 0.043478 0.805843 0.0519785 1.54218e-05 0.000329616 0.000222038 0.0183598 0.0139526 0.0500974 0.00680638 0.000711538 0.000870837 
0.0660775 0.0127275 0.633205 0.195547 9.29822e-05 0.00114431 0.00519128 0.024949 0.0356002 0.0209366 0.00290699 0.000859767 0.000761939 
