0.00427949 0.0992378 0.27292 0.386294 0.000701695 0.00419498 0.03821 0.10476 0.0296733 0.0510427 0.0033377 0.00212173 0.00322713 
5.34118e-08 1.78117e-06 0.0377351 0.942797 2.21937e-06 8.93653e-09 0.000933542 0.00748366 0.00886726 0.00217668 3.09114e-12 2.03703e-07 2.5759e-06 
0.0128987 0.0077789 0.0328767 0.543928 0.000841766 0.181479 0.000447948 0.0314739 0.117402 0.0653131 0.00146476 0.000195625 0.00390028 
0.0123253 0.0333856 0.324779 0.542663 1.01006e-05 0.010487 0.00031153 0.0382339 0.0118792 0.0248341 0.000268229 2.4862e-05 0.000798041 
0.0168955 0.000214317 0.0359012 0.903572 2.56776e-06 0.00331397 7.14834e-05 0.00469033 0.0113274 0.0231337 3.17605e-05 1.94491e-06 0.000844076 
0.0241775 0.00611531 0.180847 0.50071 2.53133e-09 0.196483 7.01138e-05 0.00768733 0.0345206 0.0172005 0.000657954 9.76498e-05 0.0314331 
0.00159635 0.000302264 0.355498 0.390298 2.91677e-05 0.000171342 0.0933049 0.000492057 0.0196833 0.128427 3.85127e-05 0.0099761 0.000183101 
0.0115254 0.0864856 0.0414781 0.761596 2.08351e-06 0.0031853 3.58508e-06 0.00181891 0.0109176 0.0652833 0.00174014 0.0133582 0.00260616 
0.0570492 0.00201358 0.239079 0.369088 1.06704e-06 0.00649035 0.000118236 0.00481412 0.234098 0.0862583 0.000305827 4.87661e-05 0.000635326 
0.0192874 0.00049527 0.10126 0.81385 4.02966e-06 0.0049789 4.46843e-05 0.00698111 0.0242744 0.027803 6.09522e-05 3.37884e-06 0.000957096 
0.00907729 0.041486 0.136234 0.372131 4.28632e-05 0.00697292 0.00226542 0.103524 0.171475 0.119173 0.00172409 0.0178256 0.0180686 
0.00583877 0.00397719 0.189175 0.30579 5.36837e-06 2.49033e-06 0.296646 0.000425948 0.0345517 0.159421 0.00128282 3.60667e-06 0.00287933 
0.00765716 0.0280238 0.229467 0.360195 3.0142e-05 0.00268129 0.00158832 0.204694 0.0987227 0.0534048 0.00473243 9.57876e-05 0.00870765 
0.00785785 0.0211489 0.12954 0.43512 0.140414 0.037037 0.000750986 0.0868406 0.0754529 0.0458841 0.0193275 0.000150441 0.000476061 
0.000310033 0.0704019 0.111274 0.729499 8.50827e-06 7.18179e-05 0.000194154 0.0172727 0.00172426 0.0670212 0.00222128 6.6473e-07 4.30146e-07 
0.0793795 2.36451e-07 0.225987 0.449319 0.001252 0.00208009 2.36277e-07 0.0437219 0.148174 0.0466343 0.00255372 2.36222e-07 0.000898235 
0.0565048 0.000180375 0.27198 0.512935 0.000136149 0.000954564 0.00267789 0.0290833 0.0846361 0.0400387 9.44753e-05 0.000107043 0.000671314 
0.00056954 0.00272526 0.0497744 0.613989 3.30992e-08 0.000365062 0.00288322 0.00176641 0.174626 0.0333028 8.55004e-05 8.97166e-06 0.119904 
0.0337341 0.0150806 0.295697 0.450056 0.000220539 0.00316015 0.000535897 0.0602417 0.0544371 0.0763277 0.000725586 0.00321013 0.00657384 
0.0263718 0.000222113 0.049895 0.877311 2.86274e-06 0.00340513 5.2997e-05 0.010727 0.0100444 0.021208 4.43986e-05 8.14849e-06 0.000707267 
0.0238246 0.0245664 0.270219 0.484827 3.3505e-06 0.00124268 0.00350259 0.0800604 0.0341671 0.0716372 3.19761e-05 0.00573664 0.000181925 
0.0472185 0.00469285 0.162316 0.529568 7.88481e-05 0.00041867 6.16266e-06 0.060203 0.0686829 0.126762 1.65251e-06 1.5216e-06 4.94329e-05 
0.010838 0.158686 0.292177 0.338854 0.000295156 0.000510679 0.0258459 0.0122646 0.0339376 0.116448 0.0085244 1.1599e-05 0.00160591 
0.0169224 0.0081542 0.176819 0.549319 0.000331685 0.000179599 0.00206943 0.0714646 0.0651682 0.0715939 0.00748626 0.0110956 0.0193959 
0.000402591 0.0473294 0.318266 0.508571 1.30855e-06 0.000172294 2.87642e-05 0.0345899 0.037913 0.0520092 2.84268e-08 8.7567e-07 0.000715953 
0.0295369 0.00163997 0.201918 0.494904 8.51693e-06 0.006551 0.000140111 0.0268771 0.137416 0.0982984 0.000717819 3.66108e-06 0.00198952 
0.0361424 0.0235262 0.161179 0.535435 0.000201239 0.00880184 0.000749088 0.0143299 0.100206 0.114507 0.00284207 9.00591e-05 0.0019901 
0.000209971 0.0144941 0.0622249 0.674954 0.000188838 1.15373e-07 8.57543e-05 0.0307036 0.0128118 0.203892 6.20108e-05 2.36892e-08 0.000372257 
0.0348757 0.0765192 0.215917 0.365336 0.000170821 0.00446886 0.00201438 0.0259472 0.195033 0.0690023 0.00853966 0.00048355 0.00169144 
0.00491963 0.0506044 0.232695 0.306373 2.8337e-05 0.0184145 7.74035e-06 0.0568878 0.26143 0.0599823 0.000509194 0.000150445 0.00799766 
0.00556764 0.0270843 0.0711302 0.790034 0.000360185 0.00447936 1.29268e-05 0.0117407 0.0397145 0.0398135 0.000676378 0.000134908 0.00925154 
0.0320447 0.00590697 0.0428017 0.843149 1.89133e-05 0.0043053 8.87223e-07 0.0313173 0.0114675 0.027034 0.000652233 2.27041e-05 0.00127845 
0.0028274 0.0128216 0.375312 0.570531 1.10243e-06 0.00235482 2.38317e-05 0.0293453 0.0016658 0.004378 0.000179987 2.47002e-05 0.000534423 
0.00170534 0.0702112 0.166144 0.338969 9.27909e-08 1.86533e-06 0.00140889 0.272121 0.00747704 0.141907 1.21134e-07 2.70938e-05 2.64374e-05 
0.0263527 0.0498086 0.264987 0.455018 7.54513e-06 0.000462797 0.00456215 0.0472444 0.0825904 0.0667223 9.5874e-05 0.000154772 0.00199313 
0.00495188 0.00949761 0.228705 0.556627 4.44768e-05 0.00321849 0.00463965 0.00798611 0.0569074 0.122632 0.000208339 0.00368094 0.000901244 
0.000120878 0.106449 0.317429 0.457397 0.00026474 3.75779e-05 0.000604748 0.00675838 0.044322 0.0579299 0.000197869 4.19547e-08 0.00848904 
0.00700593 0.000702808 0.156848 0.568054 0.00150798 1.09167e-05 7.48602e-05 0.0159114 0.121211 0.12817 0.00033547 2.91156e-06 0.000164863 
0.000967693 0.00152235 0.013952 0.966584 2.35072e-06 0.00586188 7.42862e-06 0.000618209 0.00246821 0.00402802 0.00252873 4.52091e-05 0.00141403 
0.013464 0.00184426 0.296132 0.317308 0.000117161 0.0237211 0.00093677 0.122462 0.126786 0.0730228 0.0193449 0.00429292 0.000567815 
0.0124158 0.000547308 0.07633 0.852504 1.94484e-05 0.000442163 0.000172865 0.0177942 0.0156756 0.0235279 2.7643e-05 0.000304402 0.000239077 
0.00342546 0.044474 0.26223 0.423726 0.000103427 0.00175673 0.00393945 0.0377599 0.0577475 0.155824 0.000103057 3.56154e-05 0.00887482 
0.0501977 0.0944053 0.140795 0.499681 0.000235868 0.00104612 0.000371387 0.0470162 0.0978058 0.0609581 0.00664067 7.61069e-05 0.000770747 
0.0153229 0.0103754 0.42386 0.459738 0.000268364 0.000615021 0.000107044 0.0245552 0.0230112 0.0419143 6.51498e-05 5.06684e-06 0.000162522 
0.0122961 0.0455283 0.123766 0.510121 0.000138587 0.000991643 0.00801853 0.0246055 0.0525394 0.20491 0.0157378 0.000272745 0.00107461 
1.68106e-06 0.0232146 0.253851 0.630285 5.95247e-08 7.04426e-11 2.46326e-06 0.0268802 0.0196258 0.0461167 3.03289e-11 5.846e-07 2.18744e-05 
4.06892e-05 6.71919e-09 0.453734 0.536477 3.07862e-09 5.16906e-05 0.000928391 0.0003667 0.000126048 0.00827102 8.76455e-13 8.47465e-07 3.36143e-06 
0.0215139 3.8899e-07 0.186698 0.596542 4.64931e-07 0.000656134 0.00293562 9.2599e-05 0.0299934 0.160497 7.7617e-05 1.4152e-05 0.000978735 
0.00524054 0.175233 0.207855 0.49781 3.7631e-06 0.00253753 0.00305979 0.0310462 0.0552204 0.02036 0.000703426 2.48561e-05 0.000906223 
0.284565 0.0035202 0.144329 0.324112 0.00256009 0.000911785 0.00140335 0.0321867 0.164031 0.0174227 0.0129784 0.0112649 0.000715135 
0.0192874 0.00049527 0.10126 0.81385 4.02966e-06 0.0049789 4.46843e-05 0.00698111 0.0242744 0.027803 6.09522e-05 3.37884e-06 0.000957096 
0.00356925 0.0603306 0.19629 0.447456 2.58011e-05 0.00123018 0.00341937 0.204225 0.0375592 0.0263386 0.0190641 0.000147097 0.000344077 
0.031155 0.0271719 0.0613488 0.589834 0.000404111 0.0143329 0.00018557 0.0151511 0.196588 0.0598732 0.00118319 0.000855104 0.00191721 
0.023021 0.149675 0.214853 0.485754 0.000393436 0.020253 0.00243591 0.0198015 0.0372967 0.0338605 0.00813955 1.55094e-05 0.00450219 
0.112352 0.000578424 0.283761 0.48094 4.72885e-06 0.000393052 0.00111318 0.0222319 0.0709294 0.0251865 0.000134458 3.81577e-06 0.00237169 
0.0168955 0.000214317 0.0359012 0.903572 2.56776e-06 0.00331397 7.14834e-05 0.00469033 0.0113274 0.0231337 3.17605e-05 1.94491e-06 0.000844076 
0.045197 0.0604983 0.269999 0.412746 1.37866e-05 0.000573738 0.00134882 0.0315018 0.0441932 0.126163 0.000626293 0.00475663 0.00238204 
0.00598592 0.0133326 0.320283 0.544308 1.3612e-05 0.000122344 0.000243566 0.00766354 0.0265701 0.0801735 2.75341e-05 0.000818276 0.000457938 
0.00361519 0.00422566 0.0211412 0.492366 6.73199e-05 0.0972118 2.81805e-05 0.0177652 0.00346121 0.292849 0.00155315 4.60921e-06 0.0657121 
0.0179454 0.000655732 0.161109 0.768043 0.0001403 0.000562994 9.40227e-07 0.0156927 0.0201763 0.0110409 0.000251386 2.12408e-05 0.00436018 
0.000206891 0.321389 0.0962671 0.469907 6.44433e-07 0.0624456 0.000123668 0.0321181 0.00466664 0.0128673 1.90011e-07 8.61229e-07 6.49892e-06 
0.00214339 0.0282547 0.0989839 0.372853 3.11889e-05 1.60002e-05 4.10167e-05 0.0288054 0.136161 0.325083 4.9583e-05 0.0010351 0.00654274 
0.0132347 0.0320414 0.364573 0.555298 2.34212e-05 0.000310752 1.17983e-05 0.0264687 0.000203653 0.00772913 9.00675e-09 2.34372e-05 8.15714e-05 
0.00746742 0.00539208 0.303467 0.480025 0.000836156 0.001296 0.00140261 0.0723841 0.0829214 0.0399146 0.000131414 0.00455142 0.000211306 
0.0122902 0.0341217 0.135117 0.615731 0.000212192 0.00170586 0.0146487 0.0210399 0.136272 0.0188019 0.0043895 0.0017389 0.00392991 
0.0207955 2.46089e-05 0.0450405 0.510359 0.000235398 0.0042588 0.00013992 0.00674034 0.257592 0.152425 2.31025e-05 0.000255266 0.00211092 
0.00333469 0.00803187 0.339452 0.484144 1.9392e-05 0.00304913 0.000652309 0.0451396 0.0773718 0.0366727 0.000469615 0.000394457 0.0012684 
0.0476723 0.00540532 0.119262 0.716999 4.90521e-06 0.0378117 0.00109433 0.0338578 0.00974781 0.0276338 2.82352e-05 0.000434448 4.82981e-05 
0.0262127 0.00382137 0.0591061 0.784863 7.38513e-06 0.00264465 9.00148e-05 0.0213618 0.0246987 0.0543799 0.0176685 0.000610681 0.00453564 
0.0154919 0.150595 0.238646 0.410506 0.00035335 0.00324338 0.000557379 0.0744124 0.0276045 0.0760543 0.000910647 0.000321509 0.00130408 
0.00491589 0.038659 0.199642 0.645907 2.46956e-05 0.000648192 0.00504994 0.0576758 0.0124759 0.0317346 2.37317e-05 0.00305361 0.000189705 
0.00361519 0.00422566 0.0211412 0.492366 6.73199e-05 0.0972118 2.81805e-05 0.0177652 0.00346121 0.292849 0.00155315 4.60921e-06 0.0657121 
0.0175892 0.000105969 0.0850866 0.87065 8.51348e-05 0.0015254 1.58651e-06 0.00583594 0.0118202 0.00468582 0.000711884 1.11799e-08 0.00190209 
0.0184718 0.00871586 0.272774 0.380014 5.21606e-05 0.0457519 0.0223258 0.0478665 0.135106 0.0576736 0.00829579 0.000358225 0.00259476 
0.0376378 0.0019614 0.25275 0.686941 0.000105762 0.00229743 0.00170969 0.000638268 0.00471972 0.0108436 4.37322e-05 5.70042e-05 0.000294485 
0.018865 0.0282661 0.119196 0.406647 1.14617e-06 0.000165615 0.00634228 0.0221504 0.158901 0.128441 0.000420487 6.45545e-06 0.110598 
0.000310921 0.00481532 0.0892981 0.791481 0.00204646 0.000271346 6.19776e-05 0.0280325 0.0427262 0.0375922 0.00126985 5.51963e-06 0.00208884 
0.0150967 0.0102559 0.33665 0.35074 0.000151798 0.00194941 0.00797059 0.0246381 0.127952 0.12164 0.000543495 0.00116167 0.00125019 
0.00469986 0.0022654 0.163437 0.469437 1.35226e-06 0.0149645 0.000148615 0.00362556 0.203423 0.129669 0.000326382 3.94366e-05 0.00796293 
0.000428651 0.0401525 0.402001 0.499332 0.000127639 0.000546765 4.12325e-05 0.0421379 0.00781883 0.00722207 5.30369e-05 7.8057e-05 6.05154e-05 
1.74599e-05 3.84415e-06 0.109668 0.832864 9.50665e-05 0.000278929 5.15433e-05 0.0148403 0.0413943 0.000263048 3.77338e-05 0.00044053 4.57062e-05 
0.00569386 0.0626777 0.135407 0.4189 0.000173069 0.00321017 0.000442696 0.09772 0.0432229 0.137782 0.0914954 0.00117545 0.00210063 
0.0112611 0.000142551 0.0100163 0.873865 1.12816e-05 0.0110892 1.80081e-05 0.0096776 0.0704542 0.00567519 0.00619423 0.000538027 0.00105685 
0.0019876 0.102635 0.250245 0.286798 0.0042311 0.0117619 0.000104801 0.0515632 0.0405921 0.211921 0.0182495 0.000771012 0.0191396 
0.000206891 0.321389 0.0962671 0.469907 6.44433e-07 0.0624456 0.000123668 0.0321181 0.00466664 0.0128673 1.90011e-07 8.61229e-07 6.49892e-06 
0.00814107 0.000821261 0.351725 0.538422 3.78009e-06 0.00249329 0.000382217 0.0100721 0.0169503 0.0587537 0.00672509 0.00429097 0.00122005 
0.0133332 0.00688028 0.199296 0.283602 0.00169467 0.0219762 0.0550239 0.141932 0.0806883 0.100625 0.0169994 0.0719179 0.00603124 
0.000149192 0.0703814 0.282958 0.576942 1.46514e-05 5.30613e-06 0.00243989 0.0393393 0.01209 0.0143478 0.000507244 0.000447557 0.000377987 
0.0528908 0.0283662 0.279526 0.337284 3.02247e-05 0.00663613 0.000889475 0.0901017 0.0725766 0.0515779 0.0759379 0.0028332 0.00134996 
0.000561966 1.58936e-05 0.0952013 0.623573 2.02606e-05 0.00121494 0.000267853 0.00605367 0.272211 0.000674631 8.8559e-05 9.18256e-06 0.000107376 
0.0319353 9.08464e-06 0.0219172 0.892998 3.53515e-06 0.000559883 6.99284e-05 0.00201608 0.00375499 0.046581 2.13412e-05 6.77071e-06 0.000127105 
0.00026277 0.00180836 0.0270021 0.802324 2.28389e-06 7.41442e-05 0.000151076 0.00229477 0.00341597 0.0081502 0.0459071 0.000660996 0.107946 
0.0222756 0.0123958 0.185259 0.465098 0.000290007 0.00122992 0.0198897 0.0175472 0.141604 0.127405 0.000595449 0.00159282 0.00481724 
0.0120139 0.00253705 0.0240314 0.924523 3.95786e-05 0.00733451 1.84643e-06 0.00327016 0.00969955 0.0127356 0.00108139 4.75706e-05 0.00268434 
0.000967693 0.00152235 0.013952 0.966584 2.35072e-06 0.00586188 7.42862e-06 0.000618209 0.00246821 0.00402802 0.00252873 4.52091e-05 0.00141403 
0.00919009 0.00982908 0.204928 0.389494 0.00108737 0.0496934 5.19057e-05 0.0662812 0.0465734 0.19899 0.000684524 1.58727e-05 0.0231809 
0.0103541 0.00137203 0.01311 0.940845 1.29049e-06 0.00567456 2.31405e-05 0.00382333 0.00903546 0.0118255 0.00264989 0.000129408 0.00115663 
0.0289078 0.00637303 0.21096 0.465488 5.15421e-07 0.13538 0.000267377 0.0070235 0.0970081 0.0422435 0.00502195 5.15516e-07 0.00132607 
0.0343557 0.0103627 0.19335 0.590503 5.08055e-05 0.00785636 0.00197283 0.0146386 0.0689837 0.0647763 0.00410704 0.00843241 0.00061095 
0.0324749 0.00276174 0.0815313 0.690502 4.61927e-05 0.000963902 4.13395e-06 0.163097 0.0223167 0.00580318 0.000277505 7.87188e-06 0.000213451 
0.00248242 0.0340766 0.157299 0.613693 1.34545e-05 0.00020558 0.00154728 0.0100698 0.0246065 0.122505 0.0325997 0.000354776 0.000546273 
0.000405217 0.000249904 0.369766 0.571032 2.30962e-06 0.000378404 0.000536276 0.00560155 0.0111236 0.0372358 3.95397e-05 2.65e-08 0.00362966 
0.00498709 0.00344209 0.269745 0.383193 1.57232e-05 0.00687096 2.01166e-06 0.139194 0.0774051 0.114615 0.000185222 2.24387e-05 0.000322937 
0.0138333 0.0103334 0.217024 0.341607 0.000399496 0.00020801 0.000933086 0.0557508 0.012572 0.0293467 0.00943395 8.37962e-05 0.308475 
0.00319856 2.30379e-06 0.329929 0.515071 2.64247e-05 3.95477e-05 0.00110349 0.000111702 0.0899123 0.0603055 1.72827e-05 1.12318e-05 0.000271288 
0.004458 0.00508598 0.0247847 0.853169 1.25859e-05 0.0110573 6.92445e-05 0.00765473 0.0187494 0.00536029 0.0666904 0.00170068 0.0012074 
0.000469449 4.54178e-08 0.374793 0.584312 3.75399e-05 0.00127148 0.00140448 0.00309526 0.00896728 0.0231223 7.88125e-06 5.42342e-05 0.00246474 
0.0103119 0.00328747 0.186518 0.539618 0.000374065 0.0152247 0.0025218 0.0154792 0.091104 0.12782 0.00406596 0.000478866 0.00319577 
0.00108666 0.00232914 0.127141 0.781394 9.45038e-06 0.0037405 5.30455e-05 0.0359971 0.0121887 0.0278604 0.00764977 0.000348064 0.000202753 
0.0855364 0.00132303 0.189803 0.49254 3.43702e-05 0.00587683 2.23485e-05 0.04457 0.0092939 0.169328 0.000730904 1.23663e-05 0.000929109 
0.00330898 0.00729641 0.343518 0.42246 1.4676e-05 0.013027 0.000485408 0.107889 0.0598289 0.0402716 0.000871149 0.000413671 0.000615054 
0.019462 0.00258541 0.161682 0.626954 4.97795e-07 0.0011029 0.000410295 0.0256178 0.0748215 0.079467 2.60812e-05 0.000114811 0.00775601 
0.0113725 0.0745915 0.28462 0.296871 0.0115413 0.000534905 0.00133767 0.245701 0.0409387 0.0321588 0.000124101 1.59757e-06 0.000207001 
0.00125965 0.00027952 0.124356 0.819965 3.30112e-05 0.0127086 1.7961e-05 0.00703674 0.0298605 0.00336938 0.000100209 0.000763461 0.000250428 
0.00161841 0.0216626 0.037433 0.905272 2.45379e-07 0.00109636 4.47074e-06 0.0132562 0.00357757 0.0138505 0.00154409 6.38733e-06 0.000677986 
0.0133373 0.00162848 0.0598672 0.721527 5.36238e-05 0.00250342 3.45086e-05 0.0801674 0.005804 0.0939723 0.00031026 0.0180145 0.00277976 
0.000247075 0.00120863 0.0233146 0.904461 1.82812e-06 9.7239e-06 0.00111994 0.0539328 0.0036671 0.0119996 1.27315e-08 2.10084e-06 3.52702e-05 
0.0144558 0.0150812 0.0239574 0.528529 0.000177113 0.0747139 4.62165e-05 0.0213636 0.214575 0.0177026 0.0869481 0.00169259 0.000757218 
0.0132606 0.00926657 0.226422 0.612353 3.52677e-05 0.00259715 0.00656953 0.0450129 0.0169825 0.0494177 0.0148349 0.00253585 0.000712191 
0.0130447 0.00289962 0.316504 0.580773 3.97917e-06 0.000829638 0.000315485 0.023778 0.0122368 0.0466642 5.4177e-06 0.00274191 0.000203667 
0.00820939 0.00656747 0.345098 0.435807 2.33221e-05 0.000282357 0.000490384 0.114821 0.0481789 0.0385722 5.05718e-05 8.51436e-05 0.001815 
0.0328764 0.000801438 0.0713195 0.769639 1.65998e-05 0.000380678 0.000218226 0.0238127 0.0522813 0.0478626 5.99996e-05 8.76187e-06 0.000722692 
0.000315818 0.00012204 0.122746 0.790897 6.4538e-05 0.00147179 3.3575e-05 0.063897 0.0171297 0.000798725 8.13709e-05 8.79504e-05 0.00235479 
0.0173773 0.0202915 0.231556 0.321582 2.71989e-06 0.000841708 3.5569e-05 0.145771 0.05991 0.192251 0.00765381 0.00220983 0.000518572 
0.00579212 9.05178e-05 0.191275 0.517915 0.000190771 0.00105461 0.000250206 0.246613 0.0345003 0.00210521 7.16868e-05 5.20922e-05 8.98598e-05 
0.000324671 0.00966976 0.205175 0.709325 9.2245e-09 0.000468387 1.78802e-05 0.0615013 0.00569051 0.00744319 8.22056e-05 8.67537e-09 0.00030214 
0.000729939 0.000817477 0.377361 0.604405 5.4142e-07 4.28205e-05 1.40961e-05 0.00296839 0.0012605 0.0123037 1.39149e-07 4.6786e-06 9.14792e-05 
0.0918161 0.0020656 0.208491 0.476792 0.000456475 0.000215606 0.077195 0.0239682 0.0296922 0.0854439 0.00276607 2.09355e-05 0.00107684 
0.00132104 0.129765 0.223017 0.285042 2.58905e-05 0.0192915 0.00129601 0.0419264 0.0687775 0.206715 0.00651099 0.013335 0.00297656 
0.00794907 0.0050874 0.309525 0.533857 6.07103e-05 0.00110679 0.00165898 0.0198041 0.0443161 0.0762297 5.57149e-05 5.04581e-05 0.000299375 
0.0151544 0.00710314 0.274426 0.510748 0.000219768 0.000175227 0.00173055 0.0968727 0.0294452 0.00668124 0.033848 0.0179654 0.00563015 
0.0469087 0.00213299 0.129132 0.693581 8.21198e-06 0.000863439 0.000980718 0.0116296 0.0256214 0.0417574 0.00423979 0.0428199 0.000324673 
0.0356123 0.0647184 0.108938 0.368385 0.000172848 0.0734508 0.002227 0.0470005 0.0610691 0.211484 0.0151101 0.00122181 0.0106107 
0.000993413 0.000477337 0.0666109 0.651785 0.000867771 0.0041827 0.00047768 0.0293626 0.207667 0.0123982 0.0229381 0.000377373 0.00186184 
0.0192874 0.00049527 0.10126 0.81385 4.02966e-06 0.0049789 4.46843e-05 0.00698111 0.0242744 0.027803 6.09522e-05 3.37884e-06 0.000957096 
0.0245361 0.0484434 0.28611 0.401494 0.000107763 0.000257005 0.000101317 0.0187815 0.0263847 0.141717 0.00279988 0.000482378 0.0487855 
0.000219672 0.00075303 0.33801 0.612047 3.45886e-06 0.000361554 2.73581e-05 0.000530376 0.0223163 0.0252214 2.38886e-05 1.51844e-08 0.000485976 
0.000967693 0.00152235 0.013952 0.966584 2.35072e-06 0.00586188 7.42862e-06 0.000618209 0.00246821 0.00402802 0.00252873 4.52091e-05 0.00141403 
0.0172893 0.0244136 0.200426 0.699374 2.00991e-06 0.000651739 0.000358261 0.00299024 0.00825095 0.0459952 0.000211091 9.79893e-06 2.69151e-05 
0.00802328 0.0067634 0.12564 0.796563 6.77019e-05 0.00821786 0.000473332 0.0118483 0.0125279 0.0295513 4.65857e-05 1.92039e-05 0.000258609 
0.0234365 0.00391278 0.182959 0.50898 3.72306e-05 0.029293 0.00313772 0.031895 0.159536 0.0507616 0.00368442 0.000351313 0.00201451 
0.0392921 0.0257502 0.0716372 0.556761 1.7838e-05 0.0160288 0.0113616 0.0065496 0.078526 0.0468579 0.0420005 0.103835 0.00138198 
2.97366e-05 0.206127 0.193226 0.502705 6.39789e-11 0.00580866 3.64269e-06 0.0577513 0.0215634 0.0124701 0.00031499 5.59802e-11 2.99802e-08 
0.00159758 0.000538929 0.354571 0.39921 5.0226e-05 0.000151911 0.00092738 0.0698139 0.118391 0.053895 0.000479796 9.88338e-11 0.000373544 
0.00844153 0.00166568 0.0931067 0.805221 2.11122e-05 0.00210946 7.68312e-06 0.0411276 0.0128635 0.0350431 0.00014959 1.52658e-06 0.000241007 
0.00465006 0.0926258 0.108265 0.521787 4.51107e-05 0.00112692 0.000459704 0.0527867 0.0217932 0.185132 0.0041867 0.00696404 0.000177832 
0.0170055 0.0066257 0.326999 0.450276 1.51134e-05 0.00174396 0.0082637 0.0274837 0.0396569 0.118041 6.35836e-05 0.000107885 0.00371827 
0.0104423 0.0264296 0.322855 0.379255 6.37968e-07 0.00107574 0.0194324 0.00383331 0.124428 0.0617129 0.0011994 0.00258421 0.046752 
0.0212938 0.0140215 0.131434 0.663358 2.62904e-05 0.0120788 0.00501402 0.0132919 0.0855841 0.0470445 0.00539783 0.000732973 0.000722639 
0.00198197 0.00159126 0.0441572 0.457321 3.50024e-06 0.00317089 3.65528e-06 0.0173535 0.396783 0.0767359 0.000867794 1.31205e-07 3.04566e-05 
0.00608689 0.00355848 0.24406 0.666715 6.57201e-06 0.00235844 0.000356325 0.00660464 0.0478134 0.0166133 0.000162444 0.000134404 0.0055296 
0.0256111 0.033776 0.14398 0.723132 8.61639e-06 0.000351176 0.00022452 0.00404339 0.0268105 0.0367538 2.10551e-05 1.87886e-05 0.00526911 
0.0408817 0.0669474 0.286582 0.445802 0.000154176 0.00160085 0.00283358 0.00701159 0.064405 0.082852 8.1391e-05 1.15437e-05 0.000837383 
0.0210136 0.015663 0.0617842 0.517366 1.10677e-05 0.0017536 0.000690686 0.0174903 0.0807568 0.115859 2.4051e-05 9.46651e-06 0.167577 
0.00510858 0.000306787 0.164758 0.675208 2.91755e-08 0.000137281 4.23099e-07 0.0033321 0.0311074 0.118401 2.20158e-05 3.13693e-06 0.00161581 
0.00412316 0.0154112 0.41373 0.436465 7.52229e-06 0.00328296 0.000684355 0.0118327 0.0324182 0.0806083 3.10648e-05 0.000605313 0.00080058 
0.0063276 0.194665 0.149774 0.249595 0.000178378 0.0116166 0.0179762 0.22704 0.0783652 0.0494288 0.0141335 0.000473237 0.000425765 
0.0182698 0.0157785 0.353636 0.539266 0.000185802 0.000304181 0.00443944 0.000820749 0.0320411 0.0336866 1.77033e-05 1.35267e-05 0.00153994 
1.66958e-05 3.28171e-07 0.154562 0.601905 4.76068e-08 0.00868321 2.3546e-07 3.57806e-07 0.197254 0.0352013 0.00237337 5.32693e-07 3.03754e-06 
0.0175264 0.000251909 0.385182 0.428789 7.6165e-06 0.000886265 0.00207324 0.00394494 0.0299746 0.130381 1.77909e-05 3.54689e-05 0.00092918 
0.0184088 0.0241668 0.20969 0.432847 0.000278456 0.00850257 0.0139766 0.0404054 0.0989519 0.046888 0.101329 0.00429615 0.000259718 
0.000465977 0.00091541 0.0236235 0.818141 5.90753e-06 0.0259394 0.00399115 0.00137668 0.116547 0.00714397 0.00142385 1.13561e-08 0.000426444 
0.00307997 0.00127241 0.398546 0.521471 5.4085e-08 1.92956e-06 2.6875e-08 0.0055143 0.0414544 0.0284265 1.96419e-06 4.61751e-06 0.000227277 
0.0139845 0.00152058 0.0183539 0.928615 1.80553e-06 0.00475546 1.74699e-05 0.00433118 0.0110346 0.0143396 0.00176481 7.86956e-05 0.00120282 
0.0258429 2.7977e-05 0.284271 0.362804 3.73521e-09 6.39617e-08 3.37233e-05 0.00851125 0.0280534 0.290407 6.44942e-07 1.96279e-06 4.65099e-05 
0.111782 0.000501569 0.125908 0.680003 5.66158e-06 7.16821e-05 2.97308e-05 0.025201 0.0218381 0.0340784 4.00114e-05 1.83705e-07 0.000541521 
0.000982688 0.0139583 0.154375 0.302505 2.124e-06 0.00118083 7.87684e-05 0.0510326 0.22458 0.248836 3.44604e-05 1.98487e-05 0.00241398 
0.00386312 0.00322041 0.144631 0.594722 0.000249541 0.00404549 0.0089013 0.0151901 0.172376 0.0358114 0.00526816 0.000473903 0.0112471 
0.000808846 3.64478e-05 0.0394351 0.826524 1.62279e-05 0.0128573 1.68902e-05 0.116329 0.00176844 0.000434503 9.39599e-06 0.000767624 0.00099673 
0.00598304 0.038376 0.223309 0.504587 0.000129179 0.000240643 0.00172606 0.110437 0.0250879 0.0785729 0.00010812 0.0050563 0.0063868 
0.0593872 0.0110194 0.177065 0.390256 1.24944e-05 0.00671378 4.25752e-05 0.0703 0.0998516 0.17383 0.000229876 2.6803e-05 0.0112648 
0.00484312 0.0213148 0.298917 0.519067 8.31404e-07 0.000497224 2.87857e-05 0.0513155 0.0795404 0.0239961 0.000110168 0.000245252 0.000123457 
0.000206891 0.321389 0.0962671 0.469907 6.44433e-07 0.0624456 0.000123668 0.0321181 0.00466664 0.0128673 1.90011e-07 8.61229e-07 6.49892e-06 
0.0111888 0.223699 0.16082 0.261458 1.65159e-06 0.00259012 0.00064798 0.10138 0.0499618 0.161252 0.000136283 0.000410598 0.0264534 
0.0108308 0.158732 0.256165 0.378124 3.52658e-05 0.00485396 0.00282467 0.0655494 0.057618 0.0549214 0.0053411 0.00223785 0.0027663 
0.0118888 0.0946351 0.115187 0.33867 1.80142e-06 0.013873 0.00354035 0.104462 0.204129 0.0859918 0.0269743 2.35235e-05 0.000623579 
0.161833 2.88484e-05 0.300757 0.47453 3.59324e-06 0.00020048 8.08099e-05 0.000878999 0.0032 0.0584219 8.83792e-06 1.00894e-05 4.71811e-05 
0.0267965 0.00215885 0.17814 0.445751 0.000103981 0.000421681 0.00570852 0.0509072 0.234647 0.0530303 0.000184663 0.000290679 0.001859 
0.00159141 0.000685855 0.168853 0.67789 2.23732e-06 0.000350978 0.0103743 0.00217332 0.0725159 0.0428922 0.000401943 3.3244e-06 0.0222658 
0.00769817 0.000245857 0.0702366 0.566309 0.000843203 0.00105233 0.0496424 0.0104571 0.21144 0.0817821 0.000246995 4.39788e-06 4.20461e-05 
0.00259108 0.0611775 0.390242 0.41712 1.32109e-05 5.2474e-05 0.000131694 0.0180234 0.00438362 0.0987766 0.0018944 0.00507091 0.0005237 
0.000206891 0.321389 0.0962671 0.469907 6.44433e-07 0.0624456 0.000123668 0.0321181 0.00466664 0.0128673 1.90011e-07 8.61229e-07 6.49892e-06 
0.0293884 0.0420653 0.218053 0.317224 7.84317e-07 0.00286619 0.00665751 0.301208 0.0182803 0.063799 3.35028e-05 2.35195e-05 0.00040089 
0.00307496 0.00143677 0.0747217 0.759903 0.000274386 0.0108729 0.105485 0.00361508 0.00485954 0.0350204 0.000616594 1.12503e-05 0.000108769 
0.0248229 0.0058811 0.176297 0.68697 7.80051e-06 0.000404862 0.00181597 0.0315373 0.014118 0.0462653 0.000736098 0.0108265 0.000317221 
0.000102043 0.00228814 0.102227 0.438766 4.83089e-05 0.00303047 0.000347684 0.323157 0.0104008 0.115443 4.87712e-05 0.000257078 0.00388434 
0.00237422 0.0037087 0.247604 0.711594 7.29177e-07 6.37972e-05 8.14984e-05 0.00209179 0.0020686 0.0269757 7.55918e-06 0.0032872 0.000141797 
0.0103541 0.00137203 0.01311 0.940845 1.29049e-06 0.00567456 2.31405e-05 0.00382333 0.00903546 0.0118255 0.00264989 0.000129408 0.00115663 
0.00212624 0.00178678 0.15124 0.384933 0.000148232 0.00612992 0.000165812 0.0052349 0.209901 0.238022 0.000126096 7.4746e-05 0.000110725 
0.00370892 0.148748 0.131067 0.519175 5.59136e-05 0.000271201 8.35567e-05 0.120756 0.0665948 0.00946683 1.0867e-05 3.42501e-05 2.73513e-05 
0.0064989 0.0202189 0.0583051 0.696695 0.000101013 0.00439895 0.000574558 0.0487073 0.046564 0.0899457 0.0104867 0.00102206 0.0164817 
0.0168955 0.000214317 0.0359012 0.903572 2.56776e-06 0.00331397 7.14834e-05 0.00469033 0.0113274 0.0231337 3.17605e-05 1.94491e-06 0.000844076 
0.01838 0.0127508 0.218611 0.526485 6.3243e-05 0.00252673 0.00186636 0.0146154 0.152268 0.0458539 8.46859e-05 5.76264e-06 0.00648903 
0.0677845 0.000846277 0.186097 0.608866 7.20284e-05 0.0291483 9.35221e-05 0.0365916 0.0212011 0.0421144 6.87668e-05 0.000172908 0.00694384 
0.018275 0.0390119 0.325416 0.381322 0.0724268 0.00105262 0.00387005 0.0629593 0.0152367 0.0792614 0.000331531 0.00024086 0.000595458 
0.0110708 0.00143933 0.121482 0.337815 5.37587e-05 0.000715648 5.57683e-05 0.00200859 0.276968 0.211539 1.22554e-06 0.0356118 0.00123917 
0.0274757 0.0111243 0.16922 0.495929 7.21207e-05 0.0081774 0.0045788 0.0641627 0.0835845 0.114596 0.0138719 0.00517776 0.00203034 
0.00596179 0.024988 0.123079 0.639486 3.30448e-05 0.00415295 0.000103633 0.116875 0.0510177 0.012725 0.0203266 0.000747084 0.000504461 
0.00139472 3.14774e-06 0.142681 0.42761 1.65495e-05 6.21008e-08 6.89838e-05 0.00344675 0.0559069 0.368689 1.41242e-05 0.000104896 6.40631e-05 
5.28251e-06 0.0806625 0.0782937 0.60228 8.6422e-07 0.000436049 0.183188 0.0304359 0.00725599 0.0166629 4.104e-07 0.000760156 1.79091e-05 
0.00693621 0.00297154 0.0165822 0.892777 5.92162e-06 0.00837334 9.50037e-05 0.00562268 0.0147413 0.00683056 0.0426909 0.00127065 0.0011028 
0.0361515 0.00207654 0.066532 0.717896 0.000127866 0.00183009 0.000228703 0.119554 0.00720586 0.0464691 0.000793999 0.000296318 0.00083786 
0.00290482 0.0001777 0.0642224 0.910366 2.42924e-06 0.000134597 3.46124e-05 0.0109547 0.00455394 0.00656083 5.86832e-05 9.17976e-06 2.00672e-05 
0.000281772 0.307745 0.0410799 0.376566 8.95232e-08 0.00013586 2.47044e-07 0.0325818 0.0422916 0.19918 0.000119823 7.29544e-06 1.01998e-05 
0.008436 0.018625 0.257722 0.55369 0.000168092 0.00402646 0.00316631 0.0148329 0.0388192 0.0929118 0.000209716 1.45496e-05 0.00737763 
0.00883691 0.0381779 0.162662 0.460751 3.70216e-05 0.00198555 0.000521346 0.201214 0.0798429 0.0374943 0.000557208 8.65696e-05 0.00783302 
0.0677845 0.000846277 0.186097 0.608866 7.20284e-05 0.0291483 9.35221e-05 0.0365916 0.0212011 0.0421144 6.87668e-05 0.000172908 0.00694384 
0.000274509 0.000590268 0.346877 0.482685 0.000632877 0.0171974 0.000412333 0.0797417 0.0612978 0.0035022 0.00264657 0.00404111 0.000100955 
0.0281157 0.000756762 0.0969097 0.578646 9.32768e-06 0.00151508 0.000490743 0.240362 0.015919 0.030157 3.57456e-05 4.58271e-06 0.00707832 
0.000854568 0.0500794 0.0369642 0.377704 5.51516e-06 0.00148533 0.0017182 0.00561057 0.135926 0.0541177 0.000130364 0.335361 4.3729e-05 
0.0148759 0.186295 0.246251 0.351735 1.12648e-05 0.000621291 0.00124676 0.0228207 0.0664462 0.109277 0.000144171 3.68085e-05 0.000239012 
0.00128944 0.00377297 0.290395 0.625624 0.00018028 0.00777079 0.00437458 0.0119099 0.0299406 0.0240517 0.000310194 7.93896e-06 0.000372538 
0.034104 0.0249284 0.210715 0.663021 5.10742e-06 1.99983e-07 2.01914e-05 0.0468878 0.00196749 0.0171567 0.000839671 2.88661e-06 0.000351307 
0.0765859 0.000504109 0.285514 0.531082 6.24459e-05 0.00117559 4.63822e-05 0.0787219 0.00695342 0.0189696 0.000217731 2.4608e-05 0.000141568 
0.0328756 0.115098 0.221473 0.333081 1.03407e-08 0.000677118 0.000108047 0.0114349 0.0548017 0.230204 2.34274e-05 1.42876e-05 0.000209699 
1.11049e-06 1.11045e-06 0.369838 0.585291 1.10919e-06 1.10997e-06 1.10964e-06 0.0208785 0.00244433 0.0143278 1.11037e-06 0.00454957 0.00266467 
1.66958e-05 3.28171e-07 0.154562 0.601905 4.76068e-08 0.00868321 2.3546e-07 3.57806e-07 0.197254 0.0352013 0.00237337 5.32693e-07 3.03754e-06 
0.00668307 0.00510686 0.0464854 0.877147 8.16631e-06 0.00789493 6.74145e-05 0.00798897 0.0148001 0.00831426 0.0234658 0.000877476 0.00116033 
0.0058977 1.60959e-07 0.0813811 0.846843 1.60196e-07 2.68709e-05 3.1394e-05 0.00503542 0.00921486 0.0514842 4.16429e-07 1.75504e-06 8.3124e-05 
0.00909207 0.000843872 0.11878 0.765165 1.79184e-05 0.000745453 0.000488802 0.0168319 0.069162 0.0147303 0.00256306 0.000586904 0.000992343 
0.00767716 0.0548899 0.0146654 0.762702 6.56317e-08 9.14279e-06 4.25869e-06 0.145953 8.96808e-05 0.013935 1.75549e-06 6.68265e-06 6.54903e-05 
0.178093 0.02722 0.208452 0.226978 0.000249218 0.00671527 0.000594097 0.0436196 0.0873705 0.21367 0.00112758 0.00187616 0.00403423 
0.00155964 0.0147171 0.0751281 0.72336 8.83802e-06 0.00148566 0.0316639 0.00965584 0.0432525 0.085465 0.0033359 2.73019e-08 0.0103679 
0.0387995 0.0285192 0.141979 0.546111 6.65889e-05 0.0034671 0.00514148 0.0340774 0.101312 0.0995015 0.000297878 1.84235e-05 0.00070877 
0.031708 0.0188429 0.17024 0.613543 5.93838e-06 0.000506487 0.00149146 0.041224 0.0532053 0.0610533 0.000174533 0.00680848 0.00119622 
0.018425 1.31698e-05 0.0423746 0.918702 6.83716e-05 0.00196757 1.87622e-06 0.00859959 0.00599595 0.00261147 0.00101113 4.49742e-06 0.000225177 
0.00290482 0.0001777 0.0642224 0.910366 2.42924e-06 0.000134597 3.46124e-05 0.0109547 0.00455394 0.00656083 5.86832e-05 9.17976e-06 2.00672e-05 
0.00769461 1.14715e-08 0.0586608 0.885925 8.00591e-07 0.000137116 5.82411e-05 0.000421649 0.00148171 0.0454846 3.76099e-06 3.00816e-09 0.000131436 
0.0658516 0.0175302 0.270432 0.361699 1.24478e-05 0.0751435 5.09754e-06 0.087012 0.0128659 0.10211 0.000189235 0.00282232 0.00432589 
0.0241286 0.00134325 0.0456103 0.771848 1.85693e-05 0.0105721 0.000112108 0.0378542 0.0646714 0.0187927 0.0220228 0.00220844 0.000817585 
7.38634e-06 0.0792383 0.102843 0.785824 4.75464e-06 3.92145e-06 0.000528769 0.0198833 0.00364657 0.00594438 9.71451e-07 1.49762e-05 0.00205886 
0.0272496 0.0443493 0.315344 0.436612 3.07542e-05 0.00103198 0.00893277 0.0137366 0.0827117 0.069946 2.89041e-05 2.86122e-06 2.33178e-05 
0.00361777 0.000928868 0.335944 0.367646 0.000721478 0.0970583 0.000307798 0.0854601 0.0502107 0.0433175 7.8105e-05 0.0126988 0.00201089 
0.0135101 0.00346722 0.0596229 0.684459 8.6656e-05 0.00474523 0.038637 0.0199588 0.0732226 0.10204 3.9673e-05 0.000177565 3.271e-05 
0.00900002 0.0377341 0.229749 0.49219 1.50606e-05 0.00122869 0.00030466 0.181035 0.0138982 0.0240749 0.00286411 0.00704442 0.000861572 
0.0407599 0.0182787 0.141634 0.415042 7.78343e-07 0.00051203 9.60719e-06 0.0188933 0.274525 0.0899073 0.000208192 3.03055e-05 0.000199521 
0.0393253 0.000863278 0.14935 0.663089 9.52764e-06 0.000606871 0.000453331 0.0761364 0.00763794 0.0598293 0.00168944 0.000707812 0.000301002 
0.0270444 2.97765e-06 0.189438 0.591815 7.83099e-05 0.000300483 0.0213197 0.00640378 0.0636393 0.0765763 3.36365e-05 0.022984 0.00036373 
0.000621617 9.16417e-06 0.154656 0.474363 6.54896e-06 0.000725872 6.2599e-05 0.00184409 0.0127956 0.353718 2.81561e-05 1.12802e-06 0.00116825 
0.0816875 3.36898e-05 0.0607076 0.81212 2.56879e-05 0.00240884 1.42662e-05 0.0158178 0.0156595 0.00978004 0.000872847 5.53403e-05 0.000816533 
0.0281157 0.000756762 0.0969097 0.578646 9.32768e-06 0.00151508 0.000490743 0.240362 0.015919 0.030157 3.57456e-05 4.58271e-06 0.00707832 
0.0160978 0.0119869 0.335956 0.438147 4.16933e-05 0.000826234 0.000278464 0.027911 0.0979118 0.0603581 0.00927698 2.68318e-05 0.00118157 
0.0120139 0.00253705 0.0240314 0.924523 3.95786e-05 0.00733451 1.84643e-06 0.00327016 0.00969955 0.0127356 0.00108139 4.75706e-05 0.00268434 
0.0192874 0.00049527 0.10126 0.81385 4.02966e-06 0.0049789 4.46843e-05 0.00698111 0.0242744 0.027803 6.09522e-05 3.37884e-06 0.000957096 
0.0575529 0.0194979 0.0824096 0.668011 6.66679e-05 0.00316079 0.00011421 0.0878942 0.0487299 0.0324801 3.22411e-05 8.30842e-06 4.24634e-05 
0.00270564 0.000343886 0.0451278 0.752766 2.22471e-06 1.70095e-05 0.000348517 0.00946213 0.158952 0.0298585 8.93387e-08 5.55108e-05 0.000360067 
0.00117522 0.00279047 0.0154715 0.872854 7.96032e-06 0.0105952 0.00017599 0.0028319 0.0301335 0.0136673 0.0454704 0.00398974 0.000836789 
0.00223378 0.0568793 0.0911882 0.30632 0.198516 0.0116193 0.00197515 0.020202 0.175123 0.0263573 0.10881 0.000431307 0.000344281 
0.0297589 0.00356882 0.146026 0.652796 0.000124556 0.0111323 0.000453363 0.0460529 0.0872713 0.0188857 0.00277444 0.00104247 0.000113467 
0.0127172 0.237431 0.25547 0.27432 0.000311574 0.00102371 0.00229775 0.119374 0.0212528 0.0383062 0.0298614 3.68644e-05 0.00759694 
0.0779725 2.11145e-06 0.0717567 0.504687 2.81852e-05 4.7417e-05 0.0570277 0.00896998 0.063565 0.13753 2.45472e-05 0.0779986 0.000390646 
0.00553337 0.0222399 0.0643407 0.57085 0.000586795 0.0238418 0.00763144 0.038048 0.0523081 0.0841118 0.126442 0.000225298 0.00384101 
0.00307997 0.00127241 0.398546 0.521471 5.4085e-08 1.92956e-06 2.6875e-08 0.0055143 0.0414544 0.0284265 1.96419e-06 4.61751e-06 0.000227277 
0.0118536 0.00764487 0.215104 0.640865 0.000383717 0.00325155 0.00133513 0.0394083 0.0411409 0.038605 0.000116688 9.51826e-05 0.000195421 
0.102375 0.0160179 0.126841 0.414743 6.13558e-05 0.0276622 0.000391761 0.0204679 0.191069 0.0862632 0.0121085 0.000618889 0.00138116 
0.0107319 0.00942788 0.0900463 0.69176 7.83055e-05 0.00330563 8.68315e-05 0.0232395 0.162013 0.00441376 0.00350089 0.000344742 0.00105152 
0.0215826 0.0212901 0.354136 0.462017 5.41518e-05 0.0170846 0.00129744 0.0331486 0.0367541 0.039257 0.0023362 0.00292028 0.00812176 
0.0055042 0.0341544 0.16259 0.697451 1.43724e-08 0.000800714 0.00022684 0.0710802 0.00872417 0.0191408 0.000203687 6.26613e-08 0.00012328 
0.000884831 0.0428341 0.0505414 0.517151 1.34363e-05 0.0386934 0.000895243 0.0065266 0.0676533 0.150351 0.00249409 0.0138735 0.108089 
0.00678177 0.00437606 0.180771 0.687976 8.61565e-05 0.00226209 0.00165843 0.0783599 0.0131906 0.0238906 4.34121e-05 0.000236726 0.000367883 
0.0319353 9.08464e-06 0.0219172 0.892998 3.53515e-06 0.000559883 6.99284e-05 0.00201608 0.00375499 0.046581 2.13412e-05 6.77071e-06 0.000127105 
0.0081209 0.00715834 0.0321461 0.900275 0.000162255 0.000663323 0.000115782 0.00226943 0.00261645 0.0328273 0.0118594 0.00138549 0.000399837 
0.0517556 0.00711663 0.103372 0.559975 1.37235e-05 0.00696295 3.94416e-05 0.0249817 0.0982382 0.127104 0.016344 0.00372224 0.000375372 
0.000265379 0.00230194 0.0630248 0.712582 8.41206e-05 0.0010803 0.000266723 0.0657912 0.106679 0.0454104 0.000773318 1.24121e-05 0.00172809 
0.00106495 0.000364061 0.134653 0.789683 0.000124349 0.024782 3.14534e-05 0.0420205 0.00237906 0.00476545 2.14535e-06 1.84489e-05 0.000111423 
0.000747244 0.0927294 0.00631026 0.784117 8.12421e-06 0.0131768 0.000117061 0.00625982 0.0474518 0.0123647 0.0340209 0.00239671 0.000300289 
0.0321259 0.0134331 0.0703766 0.769662 1.10507e-05 0.0063135 0.000258776 0.0161247 0.0385979 0.0520168 5.82409e-05 0.000311458 0.000710386 
0.0129071 0.00406764 0.107448 0.794186 4.70486e-05 0.00473766 0.000148876 0.0271547 0.0139081 0.0350373 9.56824e-05 8.2344e-06 0.000253518 
0.00418761 0.000887799 0.111528 0.632861 2.91751e-05 0.00260608 0.00193065 0.0173808 0.122261 0.0260451 0.0391824 0.000859613 0.0402403 
0.00317151 0.0680896 0.265752 0.31192 0.00083537 0.000290829 0.00408051 0.0217673 0.154093 0.0680815 0.0835694 0.00348282 0.0148666 
0.0216357 0.00012018 0.183231 0.628532 6.26627e-05 0.000240405 0.0170562 0.00576496 0.0589516 0.0657003 2.69146e-05 0.0183876 0.000291006 
0.034686 0.0183697 0.217812 0.410787 7.86003e-06 0.00297664 0.00033537 0.174174 0.0185194 0.118603 0.00225774 0.000622872 0.000847592 
0.0325726 0.0141256 0.334595 0.461559 2.43615e-05 0.00365323 0.00039803 0.0378761 0.019848 0.073111 0.000106002 0.0142024 0.00792793 
0.0168955 0.000214317 0.0359012 0.903572 2.56776e-06 0.00331397 7.14834e-05 0.00469033 0.0113274 0.0231337 3.17605e-05 1.94491e-06 0.000844076 
0.00255382 0.253883 0.240103 0.34895 0.000107969 0.00141091 0.00103346 0.0481159 0.0582643 0.0438388 0.000137264 8.35574e-05 0.00151813 
0.0120329 0.0415565 0.259233 0.430213 0.00404419 0.00155194 0.00965856 0.0523853 0.0711832 0.110884 0.000943816 0.00592666 0.00038733 
0.00854721 0.08733 0.0149608 0.574157 4.15555e-05 0.00318542 0.000163129 0.00799808 0.0216797 0.110029 0.169479 5.38229e-06 0.00242369 
0.0030149 1.21264e-05 0.0295016 0.952446 3.40104e-07 0.000905941 6.54946e-06 0.00207054 0.00195724 0.0100384 1.34667e-05 4.62469e-06 2.80909e-05 
0.000491516 0.00163343 0.327685 0.486775 0.000267736 0.000118193 0.00917199 0.0034349 0.116339 0.0535301 1.44102e-05 9.22377e-05 0.000446635 
0.00284832 0.0261983 0.349237 0.432085 3.08736e-05 0.00170174 0.000181567 0.155366 0.0102183 0.0218244 2.84002e-05 4.23119e-06 0.000275343 
0.00671369 0.00373274 0.151762 0.752199 4.34198e-05 0.00725735 0.000398849 0.0320966 0.032304 0.012661 0.000140639 0.000526101 0.000164371 
0.000180088 0.054932 0.229431 0.532543 1.88099e-08 3.22075e-08 0.000105786 0.0138752 0.0124771 0.135099 1.00299e-05 0.00173662 0.0196099 
0.000106181 0.00491319 0.162563 0.659947 0.00675995 0.000535974 0.000187616 0.157263 0.00318361 0.00257868 0.0017104 0.000236526 1.54263e-05 
0.00508587 0.0259391 0.120552 0.34414 2.7524e-05 0.00647158 5.0171e-05 0.0525274 0.085763 0.17037 5.10298e-05 0.00105812 0.187964 
0.0115083 0.226196 0.193924 0.319554 8.40632e-05 0.00204482 0.00454039 0.0451453 0.131891 0.0603005 0.00262366 0.00147316 0.000715555 
2.56147e-07 7.04759e-09 2.90016e-05 0.698052 4.10955e-06 9.01846e-06 1.27349e-06 1.69503e-05 0.30188 6.18831e-07 1.84333e-06 1.07469e-06 3.76647e-06 
0.00980801 0.038589 0.117839 0.758566 0.000872638 0.000575283 8.29399e-05 0.0342054 0.0137673 0.0217215 5.35859e-05 0.000101735 0.0038174 
0.0184141 0.104905 0.132576 0.345339 0.0644592 0.00621708 0.0154185 0.0282692 0.0727627 0.137721 0.00144692 0.00954088 0.0629299 
