0.00284454 0.000174518 0.154035 0.067297 0.0975938 0.000108613 0.0217289 0.525215 0.0467071 0.0739168 9.15302e-05 0.000255162 0.0100329 
7.4117e-05 0.0479083 0.0911688 0.198855 3.04329e-05 0.000482435 4.01451e-06 0.58617 0.0448991 0.0264667 3.52503e-06 0.000139808 0.00379756 
0.0121558 0.0787313 0.0737697 0.0589649 2.16228e-05 0.000313061 3.1273e-06 0.719297 0.00740864 0.0487284 1.6483e-05 0.000423218 0.000166664 
0.00973722 0.00354019 0.0967486 0.110121 6.87803e-05 4.46667e-06 0.000118889 0.650395 0.0334166 0.0903623 5.2404e-06 0.00485193 0.000630358 
0.22226 0.00458868 0.0302386 0.236672 3.93856e-07 3.81278e-05 3.96016e-06 0.347004 0.00513345 0.153968 5.40059e-06 5.5779e-07 8.6668e-05 
0.000665448 0.301761 0.160868 0.0413722 1.12255e-06 4.66403e-07 3.64352e-07 0.466955 0.0207181 0.00765078 5.86837e-06 1.06054e-06 4.95408e-07 
0.053752 0.000743069 0.0537605 0.247361 2.28813e-06 0.0119458 9.08906e-06 0.614142 0.000748531 0.0173631 2.46194e-05 0.000116397 3.14058e-05 
0.0125779 0.149782 0.126664 0.144872 3.82711e-05 0.000532031 0.0132996 0.242803 0.203263 0.0984231 0.000356428 0.00610778 0.00127978 
0.00111916 0.0234843 0.361038 0.0996814 7.67346e-05 0.019904 0.000387346 0.465774 0.0154387 0.0101119 0.000156105 0.0017656 0.0010622 
0.053752 0.000743069 0.0537605 0.247361 2.28813e-06 0.0119458 9.08906e-06 0.614142 0.000748531 0.0173631 2.46194e-05 0.000116397 3.14058e-05 
0.053752 0.000743069 0.0537605 0.247361 2.28813e-06 0.0119458 9.08906e-06 0.614142 0.000748531 0.0173631 2.46194e-05 0.000116397 3.14058e-05 
1.42415e-07 0.279018 0.221126 0.0750347 2.78938e-11 0.000393447 1.7116e-07 0.404703 0.00465947 0.0141871 0.000875949 5.93103e-07 5.42571e-07 
0.00105239 0.0403434 0.253587 0.0975491 0.000167367 0.000504427 0.0190759 0.284467 0.191835 0.102001 0.00254019 0.00254419 0.00433288 
0.00101121 9.91774e-07 0.0979303 0.205212 8.1849e-06 0.000851685 8.55457e-08 0.558241 0.00693778 0.0580857 1.33138e-07 7.00349e-06 0.0717135 
0.232791 0.00346775 0.0362428 0.0892298 1.32175e-05 0.000967013 0.000232215 0.314288 0.028472 0.263831 2.10783e-05 0.0302501 0.000194168 
0.0217856 0.00146429 0.164229 0.0675627 0.000279478 0.0193459 0.178128 0.404555 0.0903287 0.0382945 0.0122473 0.00112538 0.000654871 
0.0205081 0.0352887 0.0647639 0.0849655 0.000334184 0.0101887 0.000147895 0.577016 0.0811899 0.119634 0.000100655 0.0010619 0.00480083 
0.00667571 0.0242094 0.342887 0.138416 7.68219e-08 0.000709176 0.000416972 0.417334 0.0423651 0.0161542 0.000110132 7.58921e-05 0.0106469 
0.000652159 8.89937e-08 0.032693 0.0265958 0.000388291 0.000298751 0.00202306 0.805091 0.102146 0.0230942 0.00178601 1.53434e-07 0.00523201 
0.0199662 0.000140829 0.0884575 0.232128 4.06132e-09 0.000404235 3.49901e-09 0.618428 0.00280082 0.0375414 5.44568e-09 3.82159e-09 0.000132997 
0.000830527 0.01385 0.0729329 0.0527834 0.138896 5.58766e-09 0.00163286 0.697153 0.0182869 0.00357998 3.05271e-05 1.03026e-08 2.35334e-05 
0.00149522 0.00268566 0.260892 0.191602 0.0019157 0.00320582 0.135682 0.290281 0.0502514 0.0406178 0.0197085 0.00140254 0.000260162 
0.000961191 0.116789 0.228522 0.13138 1.96005e-05 0.00019458 0.000351445 0.451121 0.0525012 0.0169705 0.000819229 0.000228292 0.000141634 
0.00196927 0.00836746 0.203576 0.0789434 6.86333e-06 0.00690125 0.000746825 0.54 0.113945 0.0417348 2.28596e-05 5.5046e-05 0.00373135 
0.0142719 0.00442679 0.303752 0.16349 0.0731982 0.00615957 0.000948309 0.30506 0.0887751 0.0240395 0.000370295 0.0131436 0.0023651 
0.0218039 0.17771 0.164483 0.219523 6.96889e-07 0.00094365 0.000871211 0.349968 0.00748622 0.0524239 0.00465808 2.11372e-05 0.000107077 
0.000259816 0.02199 0.103363 0.229868 4.03715e-06 0.00989724 0.000129421 0.566139 0.02667 0.041141 0.000191872 0.000294595 5.26037e-05 
1.23229e-05 0.347958 0.0526255 0.0954199 0.000329163 0.00143867 0.0093792 0.4828 0.00902721 0.000963555 4.58826e-05 5.11839e-07 1.15174e-07 
0.0194392 0.000935914 0.0645204 0.341488 4.27057e-06 0.00818419 0.00096162 0.533928 0.00256011 0.0278399 1.35456e-05 1.32189e-05 0.000111628 
0.000652159 8.89937e-08 0.032693 0.0265958 0.000388291 0.000298751 0.00202306 0.805091 0.102146 0.0230942 0.00178601 1.53434e-07 0.00523201 
0.00522371 0.069557 0.125462 0.315974 0.000907144 0.0017307 0.00281928 0.406823 0.0315397 0.0297208 0.00727724 0.000915617 0.00205042 
0.000611116 0.0895178 0.00805902 0.0194581 0.000131783 0.00158192 0.000250989 0.824162 0.0440505 0.0121123 3.25619e-05 2.73439e-06 2.87272e-05 
0.000247264 0.084757 0.151719 0.134301 5.22457e-06 0.0121912 0.0128578 0.386975 0.063285 0.146172 3.57974e-05 0.00651882 0.000935013 
0.053752 0.000743069 0.0537605 0.247361 2.28813e-06 0.0119458 9.08906e-06 0.614142 0.000748531 0.0173631 2.46194e-05 0.000116397 3.14058e-05 
0.00349203 0.0412554 0.23663 0.249854 8.90178e-05 0.00447707 0.00296175 0.265662 0.14846 0.039869 0.00122972 0.00262578 0.00339432 
0.00504835 0.145729 0.0718266 0.0842488 6.37373e-06 0.0189827 1.51054e-05 0.638014 0.0264144 0.00590134 0.00134676 0.000335052 0.0021318 
0.0206346 0.00204241 0.0893356 0.0882235 1.09424e-05 0.000791781 3.34783e-06 0.784589 0.00078816 0.0130078 2.9894e-06 5.06532e-06 0.00056483 
0.00524508 0.0106848 0.15011 0.0814551 0.000620822 0.00524406 7.48905e-06 0.346943 0.19975 0.198284 1.78617e-05 0.00103021 0.000608512 
0.053752 0.000743069 0.0537605 0.247361 2.28813e-06 0.0119458 9.08906e-06 0.614142 0.000748531 0.0173631 2.46194e-05 0.000116397 3.14058e-05 
0.00245525 0.0190479 0.112854 0.0478126 3.40589e-05 0.0305418 0.00528535 0.730624 0.022541 0.0257723 3.30993e-05 0.000905379 0.00209279 
0.053752 0.000743069 0.0537605 0.247361 2.28813e-06 0.0119458 9.08906e-06 0.614142 0.000748531 0.0173631 2.46194e-05 0.000116397 3.14058e-05 
0.00437548 0.0394695 0.237878 0.308952 5.44065e-05 0.000143349 0.0001045 0.322762 0.0676624 0.0184817 8.678e-05 5.87279e-06 2.39696e-05 
0.00405443 0.0567712 0.23844 0.0722955 0.000104631 0.000945473 0.00351857 0.431241 0.135185 0.0446678 0.00846748 0.00390284 0.000405286 
0.000962296 0.0579335 0.276356 0.0842246 5.89143e-08 0.000428999 0.000967832 0.448265 0.0270006 0.102928 0.000111148 9.5191e-06 0.000811717 
0.053752 0.000743069 0.0537605 0.247361 2.28813e-06 0.0119458 9.08906e-06 0.614142 0.000748531 0.0173631 2.46194e-05 0.000116397 3.14058e-05 
0.0349083 0.175451 0.0566635 0.0286738 1.91228e-09 2.71893e-05 1.76307e-07 0.673538 0.000907528 0.0296625 6.04052e-05 1.79051e-05 9.00882e-05 
0.053752 0.000743069 0.0537605 0.247361 2.28813e-06 0.0119458 9.08906e-06 0.614142 0.000748531 0.0173631 2.46194e-05 0.000116397 3.14058e-05 
6.90779e-06 0.346028 0.144998 0.0864731 6.42631e-08 0.0246633 0.000297146 0.36872 0.0152226 0.00808024 0.000169112 0.00522434 0.000116133 
1.90342e-08 0.0537415 0.230929 0.0989555 9.12048e-08 0.000999617 9.15246e-05 0.435453 0.0158199 0.162185 7.72111e-08 0.000124932 0.00169898 
0.053752 0.000743069 0.0537605 0.247361 2.28813e-06 0.0119458 9.08906e-06 0.614142 0.000748531 0.0173631 2.46194e-05 0.000116397 3.14058e-05 
0.0893743 0.00101387 0.0901348 0.0631097 6.95919e-05 1.16195e-05 0.000771474 0.630455 0.0328846 0.0914463 2.46311e-05 0.000287877 0.000415949 
0.0119887 0.0186222 0.168654 0.176472 0.000214683 0.0053734 0.00566112 0.570957 0.0077711 0.0298709 0.000571798 0.00117615 0.00266668 
0.00100767 0.321234 0.0731178 0.0411259 1.1178e-08 7.96729e-07 1.67891e-05 0.543181 0.000105617 0.0162659 5.18108e-05 0.00389248 3.05805e-07 
0.053752 0.000743069 0.0537605 0.247361 2.28813e-06 0.0119458 9.08906e-06 0.614142 0.000748531 0.0173631 2.46194e-05 0.000116397 3.14058e-05 
0.000305757 0.0705506 0.0218119 0.00708841 2.14803e-05 4.98346e-05 0.00261426 0.844613 0.0348077 0.01788 5.75207e-06 8.95294e-07 0.000250405 
0.0235569 0.0335863 0.0503333 0.0872486 1.40127e-05 0.000110146 2.86821e-05 0.431495 0.0528293 0.313743 1.5115e-05 2.54924e-05 0.00701396 
0.00496503 0.00016549 0.222166 0.2403 0.000203803 0.00106854 9.70672e-05 0.387621 0.110113 0.0310626 0.000226294 0.000217809 0.00179348 
0.00044114 0.0136526 0.0136103 0.0466012 1.81997e-06 0.001415 2.22003e-05 0.878428 0.00110142 0.0446487 2.66815e-05 5.31804e-07 5.00169e-05 
0.00713583 0.0914333 0.141633 0.177988 3.03928e-06 0.000522174 0.000284966 0.538247 0.01155 0.0290565 7.8395e-05 0.000355777 0.00171167 
0.00237495 1.65263e-05 0.0235316 0.0409449 1.65676e-09 6.87146e-06 1.1551e-09 0.925183 0.000104623 0.00783755 3.38502e-10 1.44963e-09 9.61941e-10 
0.053752 0.000743069 0.0537605 0.247361 2.28813e-06 0.0119458 9.08906e-06 0.614142 0.000748531 0.0173631 2.46194e-05 0.000116397 3.14058e-05 
0.0361357 0.00801574 0.199231 0.0650811 2.11684e-08 6.32374e-05 0.00327531 0.572545 0.0335481 0.0799874 1.56239e-05 7.64268e-05 0.00202514 
0.053752 0.000743069 0.0537605 0.247361 2.28813e-06 0.0119458 9.08906e-06 0.614142 0.000748531 0.0173631 2.46194e-05 0.000116397 3.14058e-05 
0.0134409 0.00339273 0.0216771 0.265071 5.147e-07 0.00124565 0.000123666 0.678069 0.00143744 0.0148935 3.71158e-05 9.58975e-05 0.000514948 
0.053752 0.000743069 0.0537605 0.247361 2.28813e-06 0.0119458 9.08906e-06 0.614142 0.000748531 0.0173631 2.46194e-05 0.000116397 3.14058e-05 
1.69453e-10 0.116811 0.0386139 1.05688e-06 1.35418e-09 9.64584e-07 1.89773e-07 0.655357 0.189214 7.82558e-07 3.59961e-07 1.18488e-09 7.86257e-10 
0.00190836 0.248508 0.152838 0.0105726 0.00132877 0.0262696 2.41474e-08 0.481068 0.0629528 0.0140643 0.000324241 0.000146039 1.97816e-05 
0.0053696 0.0592618 0.0902527 0.0568525 0.00186978 0.00463559 0.000668114 0.643106 0.110652 0.0251089 0.0011957 0.000170597 0.000856362 
1.6437e-11 0.00155392 0.0127642 1.01387e-06 1.31355e-10 8.04181e-07 5.86215e-07 0.967369 0.0166608 4.37512e-07 2.6838e-11 1.14933e-10 0.0016491 
3.0893e-05 0.0444032 0.183006 0.254104 1.83821e-05 0.000604242 0.00128837 0.462843 0.007793 0.0330077 0.0071801 0.000187318 0.00553366 
0.053752 0.000743069 0.0537605 0.247361 2.28813e-06 0.0119458 9.08906e-06 0.614142 0.000748531 0.0173631 2.46194e-05 0.000116397 3.14058e-05 
0.0176256 0.0414504 0.200509 0.104575 1.34801e-05 0.0065301 0.00626879 0.317237 0.191534 0.109709 4.12032e-05 7.52635e-07 0.00450647 
2.4805e-05 0.0147788 0.20167 0.0450741 3.16902e-05 1.67111e-08 8.31731e-07 0.648415 0.0745412 0.00403302 7.1949e-09 1.74146e-05 0.0114127 
0.00553839 0.00016445 0.0454856 0.187868 1.04681e-05 4.97895e-05 2.40617e-05 0.75804 0.00144733 0.00133909 9.07063e-06 1.38372e-05 1.06023e-05 
0.053752 0.000743069 0.0537605 0.247361 2.28813e-06 0.0119458 9.08906e-06 0.614142 0.000748531 0.0173631 2.46194e-05 0.000116397 3.14058e-05 
3.70388e-05 0.294507 0.194743 0.0518029 1.50925e-05 0.000586193 0.000484748 0.328179 0.0983266 0.0304746 0.000184297 0.000120486 0.00053869 
0.053752 0.000743069 0.0537605 0.247361 2.28813e-06 0.0119458 9.08906e-06 0.614142 0.000748531 0.0173631 2.46194e-05 0.000116397 3.14058e-05 
0.00755922 0.0562837 0.127574 0.295905 0.000340045 0.0113625 0.0015963 0.414846 0.012236 0.0721084 0.000144066 1.73792e-06 4.26402e-05 
0.0262548 0.00202457 0.108795 0.251338 0.000168628 0.00255183 0.00514408 0.478961 0.0959297 0.0250521 0.00200054 0.000252422 0.00152727 
0.00131691 0.0875151 0.0128748 0.106695 9.71216e-05 0.00675525 9.68023e-06 0.49734 0.0737189 0.190974 0.00573143 0.0163137 0.000658175 
0.00549359 0.116867 0.153879 0.142976 3.97035e-06 0.000345544 0.00032696 0.466695 0.0444531 0.0624516 1.59568e-05 0.00629659 0.000196036 
0.053752 0.000743069 0.0537605 0.247361 2.28813e-06 0.0119458 9.08906e-06 0.614142 0.000748531 0.0173631 2.46194e-05 0.000116397 3.14058e-05 
7.97303e-11 1.17667e-05 3.79766e-06 0.00746598 6.3716e-10 0.00369224 1.37689e-06 0.943278 0.00347302 0.0420721 1.34586e-07 1.334e-06 3.69946e-10 
1.007e-06 0.0244466 0.0124567 0.121745 0.00908637 0.000336123 1.38803e-07 0.80933 0.00722646 0.01536 1.09773e-05 1.52009e-07 5.72838e-07 
0.0041688 0.0115103 0.09119 0.0431176 5.40018e-05 0.00110083 1.24541e-05 0.811351 0.0266088 0.00997926 0.000333493 0.000217262 0.000355863 
0.053752 0.000743069 0.0537605 0.247361 2.28813e-06 0.0119458 9.08906e-06 0.614142 0.000748531 0.0173631 2.46194e-05 0.000116397 3.14058e-05 
0.00854096 0.0290987 0.0543807 0.241281 5.37366e-06 0.016965 1.57371e-05 0.582157 0.00926625 0.0579762 2.25588e-05 3.99621e-05 0.000251213 
0.053752 0.000743069 0.0537605 0.247361 2.28813e-06 0.0119458 9.08906e-06 0.614142 0.000748531 0.0173631 2.46194e-05 0.000116397 3.14058e-05 
0.053752 0.000743069 0.0537605 0.247361 2.28813e-06 0.0119458 9.08906e-06 0.614142 0.000748531 0.0173631 2.46194e-05 0.000116397 3.14058e-05 
0.00867322 0.00880977 0.178766 0.169539 0.000101957 0.00022333 0.00051365 0.557753 0.0549044 0.0192725 0.00118034 3.40565e-05 0.000229 
0.0664284 0.00354516 0.109035 0.102976 1.26353e-05 0.000509877 4.84572e-09 0.708051 0.00269678 0.00560465 1.96171e-05 6.90017e-05 0.00105169 
4.83578e-05 0.135639 0.0485152 0.0903354 0.000762173 0.000246114 0.0331224 0.605914 0.0803827 0.00466193 0.000208242 1.34939e-06 0.000163428 
0.000337495 0.0498777 0.044165 0.0525222 1.23816e-05 0.00064974 0.00030201 0.777889 0.0525087 0.0216263 2.34275e-06 3.25089e-05 7.44055e-05 
0.00030639 0.0575525 0.169168 0.186641 0.0233668 0.0131382 0.0291171 0.377271 0.11217 0.0198703 0.00349105 0.00772646 0.000180935 
0.0123125 0.0938852 0.201681 0.310792 3.10485e-05 0.0033088 0.000400379 0.328222 0.0207638 0.0278955 3.93269e-05 0.000160151 0.000507641 
0.053752 0.000743069 0.0537605 0.247361 2.28813e-06 0.0119458 9.08906e-06 0.614142 0.000748531 0.0173631 2.46194e-05 0.000116397 3.14058e-05 
0.0232336 0.000822727 0.041913 0.0427612 9.24751e-05 0.000275975 0.000225318 0.588685 0.0380678 0.180791 6.52155e-06 0.0814415 0.00168413 
0.053752 0.000743069 0.0537605 0.247361 2.28813e-06 0.0119458 9.08906e-06 0.614142 0.000748531 0.0173631 2.46194e-05 0.000116397 3.14058e-05 
0.0228742 0.0287621 0.0634384 0.139648 7.55289e-05 0.0144039 2.56272e-05 0.557029 0.0980989 0.0730277 0.000869935 0.00116142 0.000584855 
0.00332473 0.0573703 0.187298 0.259066 4.41898e-05 0.00211206 6.31896e-06 0.357524 0.0618323 0.0464677 0.024836 1.71696e-05 0.000101248 
0.00864849 0.00134779 0.115024 0.383514 0.000115578 0.00274123 7.42443e-05 0.443608 0.0322425 0.0124553 3.85399e-05 1.21925e-05 0.000177926 
0.137223 0.00490452 0.142448 0.0882358 3.85104e-07 4.6238e-06 1.68084e-07 0.301241 0.0869547 0.23898 9.94247e-07 3.81976e-06 3.38008e-06 
0.000652159 8.89937e-08 0.032693 0.0265958 0.000388291 0.000298751 0.00202306 0.805091 0.102146 0.0230942 0.00178601 1.53434e-07 0.00523201 
0.000111362 0.015981 0.0386623 0.027974 1.39818e-05 0.0177077 0.000175201 0.810256 0.00530596 0.0837362 1.92965e-05 2.50958e-05 3.19965e-05 
0.00437548 0.0394695 0.237878 0.308952 5.44065e-05 0.000143349 0.0001045 0.322762 0.0676624 0.0184817 8.678e-05 5.87279e-06 2.39696e-05 
4.95441e-05 0.244968 0.247713 0.0625149 0.000486778 0.000202067 0.00215053 0.248267 0.0850294 0.108377 9.84198e-05 1.02426e-05 0.000132591 
0.00367357 0.0116066 0.125813 0.0950496 7.0994e-06 0.0163558 0.00037026 0.634951 0.0572949 0.0505864 0.000120681 0.00047367 0.00369749 
0.053752 0.000743069 0.0537605 0.247361 2.28813e-06 0.0119458 9.08906e-06 0.614142 0.000748531 0.0173631 2.46194e-05 0.000116397 3.14058e-05 
0.0145512 0.0122284 0.15347 0.0414544 3.40278e-05 0.00146385 0.00275383 0.737022 0.0230376 0.0128507 0.0005262 0.000172788 0.000434253 
9.88573e-05 0.00697768 0.350272 0.0941368 4.26986e-05 0.000191366 0.000569998 0.399151 0.136968 0.00808399 1.42339e-05 0.00264147 0.000852186 
6.28687e-07 7.47128e-07 1.80495e-07 0.00255838 5.02411e-06 2.38419e-06 3.50285e-06 0.991788 0.00434542 0.00128749 1.02651e-06 4.396e-06 2.91708e-06 
0.00418463 0.0138256 0.159168 0.0223147 0.00287045 0.000240003 0.0166066 0.611799 0.12678 0.032839 4.94175e-06 3.71038e-05 0.00932943 
0.0079902 0.130412 0.159505 0.194009 4.93876e-05 0.000138466 0.000199164 0.350517 0.0909845 0.0639094 9.15839e-06 0.000155695 0.00212052 
0.053752 0.000743069 0.0537605 0.247361 2.28813e-06 0.0119458 9.08906e-06 0.614142 0.000748531 0.0173631 2.46194e-05 0.000116397 3.14058e-05 
0.0126557 0.075742 0.210687 0.173503 7.15621e-05 0.0169005 0.00190953 0.238117 0.0559347 0.20846 0.000343902 8.72682e-05 0.00558821 
0.000259816 0.02199 0.103363 0.229868 4.03715e-06 0.00989724 0.000129421 0.566139 0.02667 0.041141 0.000191872 0.000294595 5.26037e-05 
0.053752 0.000743069 0.0537605 0.247361 2.28813e-06 0.0119458 9.08906e-06 0.614142 0.000748531 0.0173631 2.46194e-05 0.000116397 3.14058e-05 
0.053752 0.000743069 0.0537605 0.247361 2.28813e-06 0.0119458 9.08906e-06 0.614142 0.000748531 0.0173631 2.46194e-05 0.000116397 3.14058e-05 
0.0214494 0.0687223 0.327645 0.0189377 0.000153136 7.71296e-05 0.00445708 0.433041 0.100986 0.0233176 0.00011409 3.37879e-05 0.00106513 
0.00406995 0.0183987 0.087555 0.131644 0.000236812 0.0318156 1.94909e-05 0.679082 0.0118975 0.0341921 4.39106e-05 9.00624e-06 0.00103576 
0.000875144 0.00469669 0.372648 0.0653321 3.86789e-05 4.93742e-05 3.1275e-08 0.554284 0.000351726 0.00119372 1.23138e-05 0.000390746 0.000127607 
0.00054776 0.113349 0.161669 0.087693 1.29413e-05 0.00286953 0.00241978 0.513039 0.00586278 0.11234 3.88726e-05 1.85016e-05 0.000139003 
0.000532828 0.30209 0.0111675 0.0507632 5.57117e-08 9.26414e-07 0.142701 0.460896 0.019085 0.0127263 3.707e-05 4.87466e-08 3.23472e-08 
0.053752 0.000743069 0.0537605 0.247361 2.28813e-06 0.0119458 9.08906e-06 0.614142 0.000748531 0.0173631 2.46194e-05 0.000116397 3.14058e-05 
0.053752 0.000743069 0.0537605 0.247361 2.28813e-06 0.0119458 9.08906e-06 0.614142 0.000748531 0.0173631 2.46194e-05 0.000116397 3.14058e-05 
0.0152425 0.0237719 0.289942 0.169087 5.91837e-05 0.00143638 0.00109019 0.335373 0.103294 0.0591118 5.4146e-05 0.000120767 0.00141678 
0.000128981 0.0220799 0.0205584 0.0350942 8.34633e-06 0.008846 0.00265527 0.761138 0.132993 0.0121043 0.000568534 1.52795e-06 0.00382304 
0.000473148 0.00097642 0.0310955 0.0254507 4.09498e-09 9.69313e-08 0.00145258 0.869599 0.0224771 0.0435349 0.000193784 0.00399474 0.000752308 
1.5919e-07 0.110494 0.115702 0.103243 3.1122e-07 0.000339841 0.00231194 0.494351 0.0634315 0.0925881 4.68754e-05 0.0174884 3.58955e-06 
0.000864168 0.0147836 0.120302 0.0912802 1.83366e-06 7.67096e-05 0.000143104 0.645482 0.085649 0.0354603 4.42694e-05 0.00122386 0.0046884 
0.053752 0.000743069 0.0537605 0.247361 2.28813e-06 0.0119458 9.08906e-06 0.614142 0.000748531 0.0173631 2.46194e-05 0.000116397 3.14058e-05 
0.053752 0.000743069 0.0537605 0.247361 2.28813e-06 0.0119458 9.08906e-06 0.614142 0.000748531 0.0173631 2.46194e-05 0.000116397 3.14058e-05 
0.00631683 0.0331132 0.154559 0.113676 1.65438e-05 0.000206383 0.000107671 0.332637 0.0730088 0.286042 0.000264359 5.20239e-05 5.33007e-07 
0.00247552 0.00762839 0.320831 0.282514 2.35331e-05 0.000138728 0.000302547 0.356275 0.00623923 0.0233734 5.65428e-06 0.000119651 7.35463e-05 
0.053752 0.000743069 0.0537605 0.247361 2.28813e-06 0.0119458 9.08906e-06 0.614142 0.000748531 0.0173631 2.46194e-05 0.000116397 3.14058e-05 
0.00475889 0.0525626 0.0915796 0.0739546 2.508e-06 0.000625179 0.000503863 0.72342 0.0393508 0.00995161 0.000993002 0.00142683 0.000870508 
0.00787277 0.0952468 0.107614 0.208299 6.03628e-06 0.00291349 0.000951048 0.39182 0.0217451 0.162752 4.17113e-05 0.000134319 0.000604624 
0.053752 0.000743069 0.0537605 0.247361 2.28813e-06 0.0119458 9.08906e-06 0.614142 0.000748531 0.0173631 2.46194e-05 0.000116397 3.14058e-05 
0.000399601 0.0307249 0.249217 0.12875 0.00253782 0.000439605 0.0868174 0.42717 0.0277266 0.0366863 0.00919663 9.48303e-06 0.000325271 
0.00737909 0.0495257 0.0995863 0.051056 0.000213917 0.00623002 0.000321481 0.718973 0.0300353 0.0337941 0.000897669 0.000222808 0.0017644 
0.0149276 1.75946e-05 0.331534 0.0457207 0.00140592 9.95732e-05 9.711e-05 0.541798 0.0613633 0.00261138 9.09347e-05 0.00021407 0.000119935 
0.00319786 0.00795763 0.049817 0.180774 0.273565 5.11791e-05 0.0465409 0.305137 0.0812551 0.044595 0.0054498 3.36212e-07 0.00165965 
0.000529668 0.0827628 0.0447064 0.113846 4.14538e-05 0.0095298 0.00294519 0.683276 0.0319176 0.0278366 0.00249877 2.02574e-05 8.92111e-05 
0.0134409 0.00339273 0.0216771 0.265071 5.147e-07 0.00124565 0.000123666 0.678069 0.00143744 0.0148935 3.71158e-05 9.58975e-05 0.000514948 
0.0812093 0.0988704 0.311882 0.0556095 6.00666e-06 0.00305557 0.00027533 0.355907 0.0676742 0.024917 6.66172e-05 1.95345e-06 0.000524986 
0.053752 0.000743069 0.0537605 0.247361 2.28813e-06 0.0119458 9.08906e-06 0.614142 0.000748531 0.0173631 2.46194e-05 0.000116397 3.14058e-05 
0.00437548 0.0394695 0.237878 0.308952 5.44065e-05 0.000143349 0.0001045 0.322762 0.0676624 0.0184817 8.678e-05 5.87279e-06 2.39696e-05 
0.0441088 0.000178495 0.0438193 0.239865 7.99087e-08 0.00020328 9.4609e-08 0.669435 0.000251851 0.00211655 3.01363e-06 9.38103e-07 1.79261e-05 
0.0110687 0.0227695 0.162901 0.0581346 0.000149963 0.00223509 0.00173217 0.624644 0.0875472 0.0249656 0.0015917 0.000668851 0.0015916 
4.47226e-09 0.09123 0.104055 0.0969469 3.57398e-08 4.12373e-06 0.000917081 0.602455 0.0374486 0.0669431 7.30222e-09 3.12716e-08 2.07511e-08 
5.17728e-05 0.012156 0.0856465 0.119016 2.06371e-05 0.000280958 4.52902e-05 0.72228 0.0289844 0.0296038 1.96845e-05 0.000100796 0.00179467 
0.0406573 0.0225243 0.0513921 2.76824e-05 0.00188156 7.40648e-05 0.000341414 0.723402 0.0455983 0.113369 0.000105279 0.000424134 0.000203676 
0.00437548 0.0394695 0.237878 0.308952 5.44065e-05 0.000143349 0.0001045 0.322762 0.0676624 0.0184817 8.678e-05 5.87279e-06 2.39696e-05 
0.053752 0.000743069 0.0537605 0.247361 2.28813e-06 0.0119458 9.08906e-06 0.614142 0.000748531 0.0173631 2.46194e-05 0.000116397 3.14058e-05 
0.0556691 0.000556293 0.0327237 0.162285 0.00046921 0.0015471 0.000419528 0.640654 0.0340154 0.0690772 0.000186023 5.37306e-05 0.00234291 
0.000960223 0.0792082 0.0530132 0.243767 8.15199e-06 0.000633144 0.00543266 0.476106 0.0410767 0.0671176 0.000138554 0.000404139 0.0321349 
0.00139845 0.270355 0.0208759 0.188884 1.70411e-07 9.08218e-05 4.06459e-05 0.283666 0.0484168 0.0828969 5.45974e-05 1.66169e-05 0.103305 
0.00381711 0.000695235 0.0450745 0.0751217 3.89301e-05 1.63769e-05 0.00031915 0.820155 0.0493635 0.00537799 1.24093e-05 3.91581e-06 3.74349e-06 
0.00162801 0.00159473 0.0507886 0.289608 6.77907e-07 0.000928777 0.00105368 0.63716 0.0065311 0.0106608 2.81144e-05 1.25087e-05 5.08211e-06 
5.82115e-05 0.00325375 0.152546 0.182463 4.41061e-06 6.23915e-05 0.000323563 0.576256 0.013228 0.0716748 1.10004e-05 3.15123e-05 8.7746e-05 
0.053752 0.000743069 0.0537605 0.247361 2.28813e-06 0.0119458 9.08906e-06 0.614142 0.000748531 0.0173631 2.46194e-05 0.000116397 3.14058e-05 
0.0013508 6.25416e-05 0.0706852 0.0221392 0.110663 0.000195658 3.26261e-05 0.457348 0.327783 0.00973486 5.32115e-06 3.5599e-07 5.01769e-09 
2.03123e-05 0.259299 0.0937029 0.135764 0.000367903 0.000292008 0.0487151 0.30804 0.0825563 0.0711504 8.9162e-05 2.46821e-07 2.07295e-06 
0.053752 0.000743069 0.0537605 0.247361 2.28813e-06 0.0119458 9.08906e-06 0.614142 0.000748531 0.0173631 2.46194e-05 0.000116397 3.14058e-05 
0.053752 0.000743069 0.0537605 0.247361 2.28813e-06 0.0119458 9.08906e-06 0.614142 0.000748531 0.0173631 2.46194e-05 0.000116397 3.14058e-05 
0.053752 0.000743069 0.0537605 0.247361 2.28813e-06 0.0119458 9.08906e-06 0.614142 0.000748531 0.0173631 2.46194e-05 0.000116397 3.14058e-05 
0.0172129 0.00930219 0.102604 0.361548 0.000259125 0.00107192 0.000476744 0.45524 0.00862617 0.0383393 0.00380538 0.000977117 0.000536811 
0.00393633 0.105199 0.190934 0.259364 7.5342e-05 0.00341284 0.00348628 0.323589 0.0327493 0.0517211 0.00920684 0.0158099 0.000515635 
0.0178545 0.00185426 0.0673281 0.319219 5.29749e-08 2.70571e-05 2.2398e-08 0.584816 0.00595223 0.00287451 6.5934e-05 3.16522e-11 7.84842e-06 
0.000124695 0.000128089 0.0461258 0.0103101 0.000257343 0.000850909 1.56495e-05 0.925943 0.0144314 0.00176903 3.50854e-06 2.15342e-05 1.92738e-05 
0.00151595 0.0115964 0.120815 0.0646207 0.000179621 0.00288305 0.000942494 0.631374 0.118173 0.0470794 0.000411348 0.00011692 0.00029175 
0.000652159 8.89937e-08 0.032693 0.0265958 0.000388291 0.000298751 0.00202306 0.805091 0.102146 0.0230942 0.00178601 1.53434e-07 0.00523201 
0.00522517 0.0469281 0.0351917 0.0837638 9.55483e-08 0.000123027 6.6617e-08 0.647452 0.0450001 0.13631 3.17336e-07 4.12631e-06 1.60439e-06 
0.000652159 8.89937e-08 0.032693 0.0265958 0.000388291 0.000298751 0.00202306 0.805091 0.102146 0.0230942 0.00178601 1.53434e-07 0.00523201 
0.0112082 0.027435 0.151882 0.0492463 0.000117082 0.000614691 0.000753072 0.488829 0.212015 0.0508205 0.000118939 0.000916633 0.00604417 
0.000652159 8.89937e-08 0.032693 0.0265958 0.000388291 0.000298751 0.00202306 0.805091 0.102146 0.0230942 0.00178601 1.53434e-07 0.00523201 
0.000215337 0.00785401 0.326045 0.00638175 0.00013591 7.59339e-11 0.000389428 0.474379 0.135563 0.00421423 0.044647 1.43222e-07 0.000174574 
0.00480306 0.114192 0.187394 0.0755358 2.37404e-05 0.0032222 0.000373794 0.377039 0.148028 0.0739162 0.00497901 0.000759687 0.00973354 
0.0128701 0.0277684 0.222164 0.110939 0.00011839 0.0010339 0.000252142 0.512971 0.0736529 0.0302461 5.20598e-05 0.00128021 0.00665173 
0.053752 0.000743069 0.0537605 0.247361 2.28813e-06 0.0119458 9.08906e-06 0.614142 0.000748531 0.0173631 2.46194e-05 0.000116397 3.14058e-05 
0.0130091 0.111724 0.256615 0.188068 0.000204559 0.00261551 0.00373921 0.308056 0.0643352 0.0454416 0.00308987 0.00175881 0.00134363 
0.0134147 0.0248997 0.376257 0.0914875 5.06596e-05 0.000691185 0.00964793 0.472153 0.00574616 0.00419762 8.1277e-06 0.000114799 0.00133149 
0.00486756 0.000169173 0.000757533 1.64743e-08 0.00136242 0.000800289 0.086953 0.568038 0.328991 0.0011563 0.00645276 0.000278 0.000172959 
0.053752 0.000743069 0.0537605 0.247361 2.28813e-06 0.0119458 9.08906e-06 0.614142 0.000748531 0.0173631 2.46194e-05 0.000116397 3.14058e-05 
0.053752 0.000743069 0.0537605 0.247361 2.28813e-06 0.0119458 9.08906e-06 0.614142 0.000748531 0.0173631 2.46194e-05 0.000116397 3.14058e-05 
2.87029e-06 0.000338845 0.0374635 0.10102 0.000218935 0.00831085 2.77115e-05 0.851026 0.000468271 5.22747e-05 2.08585e-08 0.00107121 8.37229e-08 
0.000674801 1.2387e-05 0.0365136 0.0284587 0.00163834 0.0012857 0.00204956 0.785384 0.106629 0.030088 0.0018172 1.68654e-05 0.00543198 
0.0169395 0.0348821 0.249101 0.12697 4.75228e-05 0.000217415 0.00178855 0.347367 0.216402 0.00493994 0.000371032 6.58752e-05 0.000907788 
0.0079478 0.0113809 0.39109 0.127581 3.67603e-05 0.00483 0.000237332 0.421626 0.00903383 0.0258141 7.70137e-06 0.00019152 0.000222983 
0.0101113 0.0399677 0.183169 0.15879 0.00116232 0.0147041 0.00374161 0.303541 0.235868 0.0461063 0.000284174 7.96219e-05 0.00247447 
1.80987e-08 0.0521533 0.274122 0.128991 1.08514e-07 7.26299e-11 2.7388e-06 0.469279 0.0641903 0.0112615 1.01506e-07 8.74026e-08 1.44863e-07 
0.00437548 0.0394695 0.237878 0.308952 5.44065e-05 0.000143349 0.0001045 0.322762 0.0676624 0.0184817 8.678e-05 5.87279e-06 2.39696e-05 
2.66033e-05 0.00115182 0.0968459 0.223235 5.23489e-05 0.0017621 1.68588e-05 0.51191 0.0532248 0.105123 2.04864e-06 0.00529796 0.00135087 
0.000695263 0.0277086 0.0763488 0.247316 0.000497109 8.99232e-05 0.000500829 0.501317 0.0978414 0.0455915 0.00170085 9.54366e-05 0.000298024 
0.000220461 0.00744187 0.031659 0.0300215 2.45947e-10 0.00207328 0.000593679 0.909598 0.000400432 0.0179818 6.46799e-07 9.13304e-06 1.00292e-07 
0.053752 0.000743069 0.0537605 0.247361 2.28813e-06 0.0119458 9.08906e-06 0.614142 0.000748531 0.0173631 2.46194e-05 0.000116397 3.14058e-05 
0.0894624 0.000334971 0.020039 0.148881 3.35529e-09 0.00123906 0.00029288 0.488442 0.00684343 0.12374 1.58193e-05 5.14343e-05 0.120658 
0.0116576 0.0163765 0.0535351 0.0180623 1.5382e-06 0.00306556 5.41773e-05 0.872399 0.0108617 0.0136194 1.04451e-05 5.25645e-05 0.000304089 
0.000232197 0.000220502 0.00436378 0.0190465 3.12858e-07 4.1503e-05 3.49407e-07 0.974983 0.000244861 0.000537097 0.000240325 5.74852e-06 8.41153e-05 
0.00124328 0.285673 0.0643762 0.0666975 2.99822e-05 0.0245266 0.000253924 0.383405 0.136208 0.0304135 5.10376e-05 0.00655787 0.000564089 
0.00152264 0.00706559 0.07205 0.085473 2.55891e-05 0.00177993 6.35345e-05 0.544155 0.280607 0.00667344 0.000232665 9.15773e-09 0.000351053 
0.000253992 0.000687839 0.0886076 0.0391685 0.000485238 0.000285223 0.000924313 0.546286 0.314699 0.00836358 5.96542e-05 2.21588e-05 0.000156761 
0.00226386 0.0347516 0.0609301 0.0744629 4.86962e-05 0.00557474 0.0010848 0.642661 0.153651 0.0235485 3.38519e-05 0.000791157 0.000198292 
0.053752 0.000743069 0.0537605 0.247361 2.28813e-06 0.0119458 9.08906e-06 0.614142 0.000748531 0.0173631 2.46194e-05 0.000116397 3.14058e-05 
4.2819e-05 5.19044e-07 0.226237 0.0168624 5.75925e-07 3.97126e-10 0.00141743 0.381065 0.318873 0.0536838 7.89959e-09 0.00181687 7.3624e-07 
0.00415215 0.230889 0.18997 0.0294172 6.92547e-06 0.0110815 0.000963612 0.36015 0.0907856 0.08256 8.82975e-06 5.14264e-07 1.59081e-05 
0.00653655 0.0134681 0.290472 0.226685 4.73264e-05 0.00367931 0.00132716 0.291196 0.116242 0.0485258 0.000181614 0.000436059 0.00120286 
0.000652159 8.89937e-08 0.032693 0.0265958 0.000388291 0.000298751 0.00202306 0.805091 0.102146 0.0230942 0.00178601 1.53434e-07 0.00523201 
0.00152264 0.00706559 0.07205 0.085473 2.55891e-05 0.00177993 6.35345e-05 0.544155 0.280607 0.00667344 0.000232665 9.15773e-09 0.000351053 
0.053752 0.000743069 0.0537605 0.247361 2.28813e-06 0.0119458 9.08906e-06 0.614142 0.000748531 0.0173631 2.46194e-05 0.000116397 3.14058e-05 
0.053752 0.000743069 0.0537605 0.247361 2.28813e-06 0.0119458 9.08906e-06 0.614142 0.000748531 0.0173631 2.46194e-05 0.000116397 3.14058e-05 
4.10742e-05 0.00290641 0.00776423 0.0120374 1.57848e-05 2.54824e-05 0.000357795 0.952247 0.0143302 0.0102013 4.51822e-06 3.50827e-05 3.34471e-05 
0.00569071 0.284377 0.0262465 0.0616985 0.00112672 1.61005e-06 0.00403752 0.287764 0.253811 0.0752116 3.33578e-05 1.65654e-06 1.09233e-08 
0.00632709 0.00467931 0.0361986 0.193209 9.52356e-07 0.000650235 1.04611e-06 0.712206 0.0218601 0.0075969 1.22086e-05 4.97937e-05 0.0172088 
0.00437548 0.0394695 0.237878 0.308952 5.44065e-05 0.000143349 0.0001045 0.322762 0.0676624 0.0184817 8.678e-05 5.87279e-06 2.39696e-05 
0.053752 0.000743069 0.0537605 0.247361 2.28813e-06 0.0119458 9.08906e-06 0.614142 0.000748531 0.0173631 2.46194e-05 0.000116397 3.14058e-05 
0.053752 0.000743069 0.0537605 0.247361 2.28813e-06 0.0119458 9.08906e-06 0.614142 0.000748531 0.0173631 2.46194e-05 0.000116397 3.14058e-05 
0.0151912 0.00357879 0.04188 0.239032 6.35816e-07 0.00117314 0.00043159 0.681371 0.00201073 0.0144922 3.91159e-05 8.64745e-05 0.000713478 
0.00193376 0.0265387 0.000601188 0.0566021 7.59491e-09 3.60417e-09 2.52649e-05 0.469303 0.0211916 0.423552 7.22837e-06 4.0276e-06 0.00024118 
0.00677751 0.112588 0.201083 0.123236 9.85208e-06 5.9939e-05 0.000831521 0.46669 0.0366129 0.0450855 0.00053608 4.62107e-06 0.00648416 
0.00129701 0.0521283 0.0166958 0.0330173 6.65046e-06 1.38217e-06 1.07714e-05 0.87953 0.00199795 0.0152831 8.96062e-06 9.16554e-07 2.15319e-05 
1.38286e-05 1.38282e-05 1.38303e-05 1.38301e-05 1.38124e-05 1.38221e-05 1.3818e-05 0.970792 0.0290556 1.38299e-05 1.38272e-05 1.38148e-05 1.38202e-05 
0.000476552 0.0811129 0.0777372 0.0620028 4.17852e-07 0.00192413 4.7703e-05 0.733998 0.040334 0.00229392 3.48717e-06 5.78729e-06 6.29985e-05 
0.00630832 0.090492 0.0776549 0.149927 8.67382e-05 0.00430458 0.000973441 0.455186 0.109056 0.0992107 0.000163554 0.00351205 0.00312445 
0.00785028 0.0493605 0.124642 0.0887046 9.88575e-05 0.000630124 0.000154586 0.663101 0.0175278 0.038453 0.00462772 0.00171121 0.00313838 
0.053752 0.000743069 0.0537605 0.247361 2.28813e-06 0.0119458 9.08906e-06 0.614142 0.000748531 0.0173631 2.46194e-05 0.000116397 3.14058e-05 
0.002879 0.0672008 0.15418 0.245314 0.00038811 0.000847617 8.65733e-05 0.45012 0.0521239 0.0141239 0.00421411 0.00195533 0.00656671 
0.000514252 0.0556373 0.0491107 0.0456037 0.000127655 0.00082186 0.00114591 0.722412 0.0108701 0.0390539 0.0733188 0.00119141 0.000192539 
0.00112226 1.27657e-06 0.243759 0.0121237 7.89856e-09 1.62511e-05 5.50694e-09 0.4371 0.109961 0.195879 2.93749e-05 2.50427e-06 6.43838e-06 
0.00574148 0.0543909 0.0740537 0.0603048 3.28698e-05 0.00298682 0.000879612 0.665821 0.0979506 0.0224274 0.00911865 8.2345e-05 0.00620982 
0.0112082 0.027435 0.151882 0.0492463 0.000117082 0.000614691 0.000753072 0.488829 0.212015 0.0508205 0.000118939 0.000916633 0.00604417 
0.053752 0.000743069 0.0537605 0.247361 2.28813e-06 0.0119458 9.08906e-06 0.614142 0.000748531 0.0173631 2.46194e-05 0.000116397 3.14058e-05 
0.0144421 0.00793313 0.0839521 0.0327808 1.2796e-05 0.0221319 0.000117585 0.544669 0.0921474 0.201458 0.000109391 2.39824e-07 0.000245615 
0.053752 0.000743069 0.0537605 0.247361 2.28813e-06 0.0119458 9.08906e-06 0.614142 0.000748531 0.0173631 2.46194e-05 0.000116397 3.14058e-05 
0.0121588 0.0241926 0.160289 0.224938 0.000987449 0.00104981 0.00341071 0.332229 0.137024 0.102211 0.000144671 0.000165639 0.00119972 
0.053752 0.000743069 0.0537605 0.247361 2.28813e-06 0.0119458 9.08906e-06 0.614142 0.000748531 0.0173631 2.46194e-05 0.000116397 3.14058e-05 
0.00103321 0.0504662 0.175722 0.243212 1.58597e-06 9.76941e-06 5.2193e-05 0.387079 0.0376237 0.10477 1.04253e-06 2.05549e-05 9.32574e-06 
0.00437548 0.0394695 0.237878 0.308952 5.44065e-05 0.000143349 0.0001045 0.322762 0.0676624 0.0184817 8.678e-05 5.87279e-06 2.39696e-05 
0.00150157 0.0369901 0.0578693 0.0393423 9.07575e-05 0.00798258 0.00127066 0.452009 0.071162 0.331214 0.000133854 0.000167632 0.000266829 
0.000228271 0.0378176 0.0820867 0.0426356 0.0350458 0.0144305 0.000815154 0.729975 0.0347585 0.0186674 2.24392e-05 9.36579e-08 0.00351722 
5.88144e-05 0.173002 0.153533 0.226345 6.20348e-06 0.0017714 0.000797735 0.432825 0.00361904 0.00760728 4.86725e-05 0.000197964 0.000187649 
0.000837827 0.0279199 0.117505 0.201968 1.16672e-05 0.0152854 8.55313e-05 0.462738 0.0443055 0.128019 5.25514e-05 0.000874971 0.000395608 
0.053752 0.000743069 0.0537605 0.247361 2.28813e-06 0.0119458 9.08906e-06 0.614142 0.000748531 0.0173631 2.46194e-05 0.000116397 3.14058e-05 
0.000345626 0.0227392 0.128024 0.186804 1.16921e-07 6.49269e-11 2.80891e-07 0.595483 0.022437 0.0441673 3.47228e-08 1.19713e-10 7.94386e-11 
0.0112082 0.027435 0.151882 0.0492463 0.000117082 0.000614691 0.000753072 0.488829 0.212015 0.0508205 0.000118939 0.000916633 0.00604417 
0.00708437 0.0877884 0.176148 0.0305036 5.49353e-07 0.083318 0.00907309 0.263011 0.142157 0.195383 0.000289946 5.95438e-05 0.0051836 
0.053752 0.000743069 0.0537605 0.247361 2.28813e-06 0.0119458 9.08906e-06 0.614142 0.000748531 0.0173631 2.46194e-05 0.000116397 3.14058e-05 
0.0812093 0.0988704 0.311882 0.0556095 6.00666e-06 0.00305557 0.00027533 0.355907 0.0676742 0.024917 6.66172e-05 1.95345e-06 0.000524986 
0.053752 0.000743069 0.0537605 0.247361 2.28813e-06 0.0119458 9.08906e-06 0.614142 0.000748531 0.0173631 2.46194e-05 0.000116397 3.14058e-05 
0.0133209 0.199318 0.293665 0.103953 6.79756e-06 0.00662609 0.00791359 0.32225 0.0272093 0.0205833 0.00271548 0.000961368 0.00147741 
0.0232549 0.0381307 0.123769 0.204912 0.000108421 0.0032001 0.0116515 0.490975 0.053926 0.0479336 5.38232e-05 0.000434223 0.00165054 
0.000962296 0.0579335 0.276356 0.0842246 5.89143e-08 0.000428999 0.000967832 0.448265 0.0270006 0.102928 0.000111148 9.5191e-06 0.000811717 
0.053752 0.000743069 0.0537605 0.247361 2.28813e-06 0.0119458 9.08906e-06 0.614142 0.000748531 0.0173631 2.46194e-05 0.000116397 3.14058e-05 
0.00573035 0.00561527 0.120202 0.064761 1.97013e-05 0.000694287 0.000778023 0.631323 0.0948385 0.0697218 9.22425e-06 0.000633306 0.00567423 
9.14734e-05 0.00151469 0.132102 0.191685 0.00136199 0.00361983 2.19876e-05 0.603309 0.0437634 0.0222158 3.48088e-05 2.61398e-05 0.000253359 
0.053752 0.000743069 0.0537605 0.247361 2.28813e-06 0.0119458 9.08906e-06 0.614142 0.000748531 0.0173631 2.46194e-05 0.000116397 3.14058e-05 
1.57194e-05 0.102188 0.154084 0.155654 1.5701e-05 1.5712e-05 1.57073e-05 0.455882 0.132066 1.57209e-05 1.57177e-05 1.57036e-05 1.57098e-05 
0.00437548 0.0394695 0.237878 0.308952 5.44065e-05 0.000143349 0.0001045 0.322762 0.0676624 0.0184817 8.678e-05 5.87279e-06 2.39696e-05 
0.000366504 0.00868946 0.266155 0.0809561 6.26803e-05 0.0111896 0.000392078 0.479237 0.0688112 0.0476069 0.0188928 0.0171866 0.000454123 
0.053752 0.000743069 0.0537605 0.247361 2.28813e-06 0.0119458 9.08906e-06 0.614142 0.000748531 0.0173631 2.46194e-05 0.000116397 3.14058e-05 
0.0474123 0.0759127 0.0764694 0.144331 1.00778e-06 0.0108724 0.00107811 0.433756 0.0896443 0.1199 4.14356e-05 1.75453e-05 0.000563734 
0.00152264 0.00706559 0.07205 0.085473 2.55891e-05 0.00177993 6.35345e-05 0.544155 0.280607 0.00667344 0.000232665 9.15773e-09 0.000351053 
0.053752 0.000743069 0.0537605 0.247361 2.28813e-06 0.0119458 9.08906e-06 0.614142 0.000748531 0.0173631 2.46194e-05 0.000116397 3.14058e-05 
0.000239322 1.29961e-05 0.269508 0.0406793 0.00140052 0.00128735 0.000419817 0.617941 0.0422638 0.00742143 2.40919e-05 0.0182197 0.000582871 
0.00217311 0.00853538 0.0380969 0.0286934 4.03513e-06 0.000618855 0.00191133 0.817804 0.0940453 0.00614401 0.000191841 9.27544e-05 0.00168945 
0.0198179 0.0159316 0.0636725 0.306049 0.000347434 0.00072684 0.000337849 0.583801 0.00310776 0.0060832 2.52479e-07 6.3988e-05 6.11331e-05 
8.63996e-05 0.125502 0.210276 0.0140906 1.47627e-07 0.000443662 0.000472749 0.468301 0.00976757 0.170301 0.000750806 5.89863e-06 2.29621e-06 
0.00539376 0.144272 0.108758 0.0404763 2.01047e-05 0.0020899 0.000260153 0.646711 0.0291839 0.0114401 0.00924437 0.0021178 3.27763e-05 
3.54997e-05 0.0495219 0.0606601 0.277887 1.38697e-07 0.000193859 4.11994e-05 0.539592 0.00863655 0.0564078 4.29016e-06 0.00657468 0.000444385 
0.0143366 0.0328416 0.149645 0.0506675 3.16196e-06 0.000268733 0.000947226 0.420186 0.261592 0.0117566 0.000519954 2.20072e-05 0.0572145 
0.000652159 8.89937e-08 0.032693 0.0265958 0.000388291 0.000298751 0.00202306 0.805091 0.102146 0.0230942 0.00178601 1.53434e-07 0.00523201 
0.00120671 0.00827017 0.0841875 0.115166 4.08364e-05 0.00088939 0.00640737 0.331008 0.134308 0.317465 0.000129958 0.0002045 0.000716855 
0.00910557 0.0843415 0.195269 0.26397 0.000265785 0.0025359 0.00382114 0.350625 0.0435544 0.0399321 0.00475742 0.000495404 0.00132693 
0.00358082 0.0265612 0.183243 0.0425964 5.31153e-05 0.00599294 0.00189696 0.375779 0.067423 0.0887054 6.99985e-06 0.201612 0.002549 
7.93124e-07 0.000616116 0.0056027 0.00336703 3.49001e-06 0.000156835 1.65036e-05 0.974823 0.00928401 0.00612823 1.40103e-06 9.63358e-09 2.99405e-10 
0.053752 0.000743069 0.0537605 0.247361 2.28813e-06 0.0119458 9.08906e-06 0.614142 0.000748531 0.0173631 2.46194e-05 0.000116397 3.14058e-05 
0.00194277 0.018211 0.292289 0.28693 4.98725e-05 0.000819561 3.65221e-05 0.327593 0.0203768 0.0506176 0.00017322 0.000358585 0.000601512 
0.016087 0.150002 0.114628 0.180033 1.05338e-05 0.0077228 0.00749892 0.370807 0.0547062 0.0976675 5.80161e-05 4.64963e-05 0.000732798 
0.053752 0.000743069 0.0537605 0.247361 2.28813e-06 0.0119458 9.08906e-06 0.614142 0.000748531 0.0173631 2.46194e-05 0.000116397 3.14058e-05 
0.00117528 0.00846968 0.0737957 0.102008 8.64322e-05 0.00527826 0.00247298 0.771764 0.00300356 0.0312659 0.000127195 0.000277826 0.000275339 
0.00166575 0.00204993 0.0403978 0.0165955 3.41517e-07 0.000272191 0.000361277 0.87885 0.0436018 0.0161398 1.53556e-05 1.70996e-06 4.85786e-05 
0.00933842 0.107785 0.227634 0.231304 4.84836e-05 0.00434372 0.000696613 0.342422 0.0370562 0.0319734 0.00131463 0.00556095 0.000522713 
1.65886e-05 6.64966e-06 0.0794502 0.0887865 0.000569653 0.000231171 0.000101251 0.82038 0.00930139 0.00113579 5.25157e-06 1.11985e-05 4.66966e-06 
0.0130281 0.034752 0.03153 0.0488636 5.14518e-07 0.000147343 3.77474e-06 0.81766 0.0125885 0.0343679 3.70936e-05 1.47041e-05 0.00700644 
0.00512819 0.00362443 0.00470324 0.00163296 0.000204152 0.000782561 0.000459093 0.972299 0.00597526 0.00476747 0.000321711 6.13264e-05 4.06948e-05 
8.44928e-08 0.0197508 0.00766993 0.00206546 0.172452 0.00978217 1.32428e-05 0.681201 0.099013 0.000968477 2.78814e-06 3.43763e-07 0.00708085 
