0.0406594 0.0746259 3.04531e-06 1.65427e-06 5.9762e-11 2.15256e-06 1.37541e-07 0.0149536 0.627051 0.242677 1.1479e-07 1.09862e-07 2.59894e-05 
5.07608e-05 1.25516e-10 0.0464414 0.0366774 7.44784e-05 2.97392e-06 2.97008e-06 2.4034e-07 0.896402 0.0199614 0.000385058 3.71296e-07 1.17408e-06 
0.002296 0.0236516 0.232814 0.076903 9.25858e-08 0.0413803 0.000138651 0.0538869 0.338275 0.229499 0.000267609 0.000261244 0.000626577 
0.021824 0.00340407 0.191023 0.0822915 1.4817e-05 0.00329256 0.00129432 0.015246 0.573402 0.10527 0.000174558 1.13239e-05 0.00275259 
0.047273 0.00087739 0.199859 0.0507668 7.15613e-09 5.63429e-05 0.000498001 0.0101879 0.498186 0.16056 0.000210968 0.00376286 0.0277621 
0.0128564 0.134941 0.141721 0.0193795 1.93499e-05 0.000803377 5.06808e-05 0.0112022 0.58337 0.0955024 1.18606e-06 4.73343e-05 0.000105056 
0.01926 0.0689202 0.189232 0.106716 0.000244448 0.0203937 0.00634114 0.0166558 0.52451 0.0418769 0.00215381 0.000207499 0.00348769 
0.00101609 0.00377471 0.131147 0.0605857 0.02659 0.0015248 0.0184751 0.00497625 0.721016 0.028598 0.00039834 0.00147897 0.00041875 
0.00121152 4.81081e-06 0.0399067 0.022722 5.74503e-09 0.000559005 0.00747187 0.0162771 0.894428 0.017072 0.000120459 1.80359e-07 0.000226602 
1.7482e-05 0.000120497 0.000249826 0.00378201 1.29958e-07 6.16718e-08 0.000432919 0.000174892 0.985557 0.00956874 7.38436e-05 2.27937e-05 7.5456e-08 
0.0012452 0.000528128 0.210582 0.00638957 3.39941e-05 0.0435618 0.00133457 0.0329019 0.669305 0.0306306 0.00018715 0.00231543 0.000984555 
0.000267938 4.63633e-05 0.0015113 0.000865138 0.00721488 0.000394459 0.00769033 4.46991e-05 0.98088 0.000878096 9.32105e-05 3.13047e-05 8.22082e-05 
0.0569074 0.00357916 0.0475888 0.0637842 2.85729e-06 0.00545743 0.000659635 0.00462392 0.675374 0.0817176 0.0582655 0.000863451 0.00117606 
2.3236e-07 0.0308602 0.0548357 0.0196473 2.01434e-07 0.129901 2.41539e-07 0.00360635 0.679866 0.00657216 0.00085649 3.52432e-11 0.0738543 
0.00371497 0.027672 0.108479 0.0350463 0.000935914 0.000832116 0.0329772 0.0033226 0.754622 0.0322881 9.79496e-05 8.09711e-07 1.03126e-05 
0.063012 0.0127423 0.0483899 0.120804 4.27914e-08 0.00279937 8.79042e-05 0.00332887 0.637596 0.0492755 0.0511138 0.00822373 0.00262729 
2.63203e-08 8.2235e-06 0.127721 0.0487463 9.38603e-05 8.855e-06 0.000496194 0.00539784 0.814908 0.00231939 1.88842e-05 9.75923e-06 0.000272202 
0.000116162 0.000261957 0.161205 0.00897365 0.000721957 0.0254127 0.000279051 0.207784 0.548161 0.0191971 0.000429425 0.00319683 0.0242614 
0.00286483 0.298031 0.0141206 0.0212187 4.0764e-06 0.0364387 3.34236e-05 0.0259175 0.36098 0.240046 5.55435e-05 1.94779e-06 0.000287187 
0.0381741 0.00440932 0.235208 0.0399792 0.000153578 0.000502724 0.0364762 0.0168573 0.506251 0.102655 0.000236179 0.000351497 0.0187455 
0.00166425 0.000556796 0.0644776 0.0241154 1.80355e-07 0.0799705 3.85621e-05 0.000121009 0.784291 0.0254118 0.00280228 1.46927e-07 0.0165501 
0.000636765 0.000318474 0.0174331 0.177423 1.62478e-05 0.00115696 0.0808295 0.0609601 0.650725 0.00984892 0.000202593 9.96197e-06 0.00043983 
0.0226984 0.162282 0.16311 0.0574098 8.96517e-06 0.016683 0.00340558 0.064293 0.319609 0.160761 0.0279611 0.00134388 0.000433855 
0.00432387 0.0209212 0.0587614 0.101741 0.000398043 0.00577662 0.00341861 0.00421182 0.352545 0.00699952 0.129639 0.000124603 0.31114 
4.91031e-06 6.55257e-08 0.00134476 2.12207e-05 4.40632e-07 2.09102e-07 2.48523e-05 0.000137878 0.981995 0.0164703 9.00283e-08 3.85544e-07 2.55838e-07 
0.000224489 0.00687587 0.0362454 0.0753656 7.59582e-06 0.00096672 0.000849683 0.00612036 0.61732 0.242624 0.000109266 2.45098e-05 0.0132669 
0.000789796 0.00107803 0.0187991 0.037131 8.00419e-08 8.10991e-05 1.41699e-05 0.00447313 0.867708 0.0694359 0.000110049 0.000313322 6.6178e-05 
0.0180128 0.000305407 0.0638428 0.0486975 2.03986e-06 0.00529999 0.00236775 0.0040865 0.745823 0.105534 0.000228984 0.00492208 0.000877029 
0.000292703 0.0174897 0.0349871 0.129115 1.15651e-05 0.000189464 0.00161005 0.0541787 0.712335 0.0477882 0.00012185 1.37745e-05 0.00186679 
0.00544537 0.0245241 0.0390525 0.0331701 3.59402e-08 0.00172956 0.0003013 0.0224727 0.798871 0.0511595 0.000207878 0.00448338 0.0185822 
5.23118e-05 0.172322 0.0187428 0.000389733 0.00150457 0.000216991 0.0313584 0.000999405 0.771015 0.00273594 0.000634566 6.29911e-08 2.8506e-05 
1.0102e-05 0.200926 0.308041 0.0403655 2.00268e-05 2.60305e-06 1.90256e-06 1.79909e-06 0.400197 0.0504301 4.24118e-07 2.54896e-07 3.6522e-06 
0.000273932 0.0068109 0.116046 0.0836395 7.67376e-05 0.000486462 0.00103314 0.080012 0.548547 0.0675471 2.84561e-07 0.0926064 0.00292062 
2.37493e-06 0.303553 0.135585 0.0242905 3.25971e-08 3.7822e-06 1.41552e-07 0.0218504 0.316505 0.194843 5.94795e-08 8.04631e-08 0.00336748 
0.0840535 0.00294139 0.193047 0.0515392 1.36546e-05 0.00247151 0.0442391 0.0939055 0.503105 0.0237591 0.000411371 8.08544e-05 0.000432527 
0.000742666 4.65289e-07 0.227359 0.100446 0.00625865 0.0585144 0.00772487 0.00744244 0.495729 0.0902996 0.00515499 1.33125e-06 0.000325826 
0.000962924 1.68197e-08 7.58934e-06 0.0405046 1.29922e-08 6.16547e-09 8.87357e-06 0.00171932 0.914955 0.0404689 2.65453e-09 0.00137233 7.63197e-07 
0.00401066 0.168408 0.0850491 0.192307 6.04137e-07 0.030579 0.00487416 0.00904896 0.37571 0.0136504 0.0531212 0.00187698 0.0613641 
1.09239e-05 1.02113e-05 2.56458e-05 9.96176e-11 2.09341e-09 9.15953e-05 1.47414e-07 1.05983e-05 0.999839 8.66161e-06 3.42218e-06 1.8317e-09 1.21547e-09 
0.0569074 0.00357916 0.0475888 0.0637842 2.85729e-06 0.00545743 0.000659635 0.00462392 0.675374 0.0817176 0.0582655 0.000863451 0.00117606 
4.75692e-05 0.0241069 0.029895 0.403229 7.24536e-07 0.00135758 8.33678e-07 0.0105386 0.524865 0.00564324 0.000265302 1.55149e-08 5.07883e-05 
0.0799727 0.0126418 0.186362 0.075649 0.000607667 0.00248532 0.0863295 0.00548338 0.459585 0.0860516 0.00043993 0.00365766 0.000734662 
0.0232787 0.000305442 0.00061332 0.00117839 1.14851e-05 0.000905271 0.000226901 0.000562357 0.940951 0.0273528 0.00450391 6.25047e-05 4.77338e-05 
0.0248269 0.00305662 0.209991 0.0636485 0.000158228 0.00176481 0.00678335 0.0371428 0.485853 0.132564 0.0104046 0.000140813 0.0236647 
0.00358393 0.00119712 0.133493 0.0449595 7.1904e-05 0.361497 9.88561e-05 0.00434126 0.422915 0.0254968 0.000716113 0.000162376 0.00146709 
0.00229704 1.96033e-10 0.00383687 0.00488382 1.31824e-09 6.25571e-10 0.0215126 1.38396e-06 0.891611 0.075857 7.17123e-07 1.15343e-09 7.65392e-10 
0.000151213 3.27403e-06 0.00028576 0.000112746 7.59768e-05 1.04479e-05 1.535e-05 0.00016777 0.99914 1.20017e-06 4.49832e-06 1.92639e-05 1.27831e-05 
0.00301188 0.0384691 0.22131 0.0978256 0.00023271 0.000402073 0.00178374 0.0460569 0.551601 0.0319844 0.000741708 0.00496656 0.00161484 
0.0431666 0.00881888 0.0836541 0.284711 1.1177e-05 0.00287067 0.000299358 0.0366423 0.319081 0.190836 0.000665914 4.98698e-05 0.0291929 
0.0775209 0.00110332 0.21861 0.0779507 0.000591081 0.00795844 0.00280016 0.0473653 0.431073 0.130871 0.00149946 0.000102349 0.00255434 
0.0334096 0.0125335 0.087617 0.1007 0.000267107 0.06592 0.116247 0.00576932 0.470686 0.0433723 5.16499e-05 0.0506678 0.0127575 
0.000315327 0.0250899 0.125841 0.21836 0.000265538 0.00037716 0.00224738 0.0558456 0.505847 0.0496125 0.0156331 2.13463e-05 0.000544002 
0.00551263 0.00253227 0.339134 0.0143727 0.00826846 0.000948868 0.0280398 0.000671959 0.551303 0.0488549 0.000202759 2.66664e-07 0.000158127 
0.000640585 0.00159874 0.332815 0.104149 0.000981876 0.00455941 0.000415321 0.103269 0.3758 0.0529388 5.29634e-05 0.000298982 0.0224801 
0.0248269 0.00305662 0.209991 0.0636485 0.000158228 0.00176481 0.00678335 0.0371428 0.485853 0.132564 0.0104046 0.000140813 0.0236647 
0.000248102 0.0515263 0.263686 0.021532 2.2786e-10 0.250167 0.000411617 0.0205409 0.345708 0.0459799 8.84804e-05 9.49576e-05 1.65797e-05 
0.0126704 0.0143786 0.230773 0.181322 0.000463041 0.00722192 0.00935388 0.0349662 0.375768 0.111403 0.000195503 0.000480292 0.0210047 
0.00292608 0.0356441 0.0796294 0.102968 0.00653545 0.0228455 0.0107805 0.0395808 0.594017 0.0950134 0.00291413 4.43501e-06 0.00714116 
0.000429939 1.78922e-05 0.000945707 0.0015299 1.4882e-06 0.000383942 0.242441 0.00017143 0.694264 0.05954 0.000263326 7.69233e-08 1.14073e-05 
8.99352e-05 0.136905 0.173037 0.0954676 0.000205677 0.000345657 2.25261e-07 0.00738393 0.501853 0.0332388 6.60127e-08 0.00022261 0.0512511 
0.0287458 0.00105729 0.0632981 0.0214519 6.4411e-05 0.00461595 0.0604832 0.00541443 0.655049 0.158697 0.000924471 1.94389e-06 0.000195655 
0.0233539 0.151264 0.291999 0.0569998 0.00188319 0.0172391 0.00193682 0.0340602 0.352641 0.0652812 0.00199149 0.000504648 0.000845718 
1.28647e-09 5.27772e-06 0.012496 0.0038294 1.02808e-08 0.00521357 7.16782e-09 0.000537913 0.966455 0.0113438 0.000117809 8.99546e-09 1.72684e-06 
0.018037 0.0201086 0.27114 0.125446 0.000504715 0.0548091 0.00186457 0.0645364 0.294919 0.124128 0.00645676 0.0025332 0.0155172 
0.00753559 0.000220038 0.0709754 0.00132077 5.91655e-05 0.000954421 0.00618872 0.00800776 0.573146 0.0026844 0.000267602 0.318181 0.0104591 
0.0337789 0.00013397 0.229039 0.143236 0.000941556 0.00323249 0.00349701 0.00162984 0.51937 0.0465251 0.000111642 0.0184062 9.87543e-05 
0.0221819 0.00990338 0.0193862 0.00888494 0.000160296 0.0113756 0.00181534 0.00274607 0.876273 0.0469719 0.000161054 7.38482e-06 0.00013244 
0.00101806 0.0229891 0.3066 0.111921 0.000180757 0.00174946 0.117143 0.0259064 0.322943 0.0828655 0.000767671 2.39485e-05 0.00589191 
0.0313622 0.0240927 0.0627663 0.162055 0.126651 0.0515601 0.000329428 0.0465874 0.387845 0.0837743 0.0181734 0.00284905 0.00195398 
2.80689e-09 3.3357e-09 7.17287e-05 0.0250993 1.6255e-05 0.00120714 1.93219e-05 0.26428 0.707048 0.0022442 4.58304e-09 1.96268e-08 1.40172e-05 
0.0390983 0.000918457 0.079909 0.0581815 0.0289327 0.0280373 0.00894898 0.0300542 0.668825 0.0528882 0.000804029 1.6195e-05 0.00338629 
6.04694e-06 6.04675e-06 6.04767e-06 0.0544341 0.229521 6.04409e-06 0.0211541 6.047e-06 0.680325 6.04751e-06 0.0145172 6.04088e-06 6.04326e-06 
7.25658e-07 1.18094e-07 0.0971167 1.15535e-06 0.00547555 1.05124e-06 0.0672027 1.15363e-07 0.821308 0.00831069 0.000583414 3.41873e-08 1.90758e-07 
0.00240559 0.00827793 0.0846912 0.0233185 0.000198744 0.0011081 0.074255 0.00112578 0.763991 0.0404902 0.000131129 7.09045e-07 6.57445e-06 
0.00113034 0.0815781 0.299539 0.0150004 1.27585e-07 1.2289e-05 0.000496755 0.00447905 0.494932 0.0979249 2.04622e-08 2.57499e-06 0.00490451 
0.011269 0.000889499 0.0265573 0.00285372 2.45511e-05 0.00319878 0.00434541 0.000366609 0.942872 0.00442605 0.00305941 9.38468e-05 4.42341e-05 
0.0349553 0.0239893 0.128654 0.0252608 1.09112e-07 0.103739 0.0129961 0.00359776 0.535424 0.0177141 0.00821227 6.90255e-07 0.105456 
3.29872e-05 3.29861e-05 3.29912e-05 0.204575 0.00662267 3.29717e-05 3.29619e-05 3.29875e-05 0.788472 3.29903e-05 3.29837e-05 3.29542e-05 3.29671e-05 
0.0709759 0.119295 0.194646 0.056576 1.48953e-05 0.00554193 0.00160898 0.107657 0.225349 0.217824 0.000406954 4.91289e-05 5.49352e-05 
7.82871e-07 2.95707e-10 0.183776 0.107445 0.000337181 7.87808e-05 0.0760818 2.42081e-05 0.611299 0.0195139 0.000145478 1.78093e-11 0.00129779 
0.0216383 0.0360504 0.207102 0.0541353 8.07921e-06 0.0108039 0.000312534 0.101207 0.474482 0.0780521 4.80749e-05 5.80907e-05 0.0161032 
3.84887e-09 1.64709e-05 1.10501e-09 1.39062e-05 1.54097e-05 1.45962e-08 6.45484e-06 3.62128e-09 0.99992 1.71039e-05 1.06897e-05 2.69126e-08 1.78586e-08 
0.00697341 0.00187923 0.206974 0.0264941 1.53459e-07 0.00242022 0.0292486 4.96741e-06 0.680521 0.0453624 0.000122307 1.11801e-10 7.41886e-11 
0.0346474 0.0115642 0.249833 0.214386 0.00789951 0.00108028 0.026344 0.0897875 0.286457 0.067569 0.00165389 1.43339e-05 0.00876385 
0.0416542 0.00357707 0.157706 0.186187 5.10765e-05 0.00246793 0.0162192 0.00506244 0.389092 0.0632159 0.108357 0.00377563 0.0226349 
0.00125383 0.000143772 0.175286 0.00988947 0.000573175 0.00043419 0.0246381 0.0200871 0.758719 0.0086038 0.000133073 1.14833e-05 0.000227169 
0.00109143 0.00423117 0.292854 0.0224667 0.0015689 0.000316512 0.0216682 0.00312743 0.647554 0.00443963 0.000436636 2.83659e-07 0.000245076 
7.24845e-07 0.000159286 0.0538278 0.078294 0.00658615 9.23865e-07 0.00256609 0.099044 0.75759 0.00155214 0.000335922 8.3392e-07 4.22005e-05 
0.0126778 0.010509 0.0990825 0.177311 1.57142e-05 0.0115225 0.0103745 0.119583 0.536049 0.019536 0.00111884 0.000306772 0.00191292 
0.00407435 0.0130412 0.22668 0.178626 2.35106e-05 0.000234436 0.000797199 0.038507 0.341799 0.181655 0.00475375 0.00022143 0.00958678 
0.0153237 0.000143282 0.195186 0.0214603 0.00160768 0.00223984 0.130682 0.0034637 0.610268 0.017735 0.000606185 0.000522198 0.000762342 
0.0189141 0.127396 0.172829 0.124069 1.5214e-05 0.101934 0.00106687 0.0154736 0.187063 0.134866 0.00892321 0.00140223 0.106049 
0.0125989 0.0698604 0.0875882 0.0438175 5.68117e-07 0.0296596 0.000385338 0.0170653 0.463493 0.269854 0.000368438 2.1126e-05 0.00528745 
0.000413436 0.12544 0.0283455 0.0172639 1.96168e-10 0.0134884 3.58255e-07 0.00546789 0.37967 0.0909954 0.00112786 0.00103996 0.336747 
5.12494e-05 0.18267 0.116189 0.0921609 0.00203849 0.000313028 0.0199496 0.00262167 0.432785 0.061779 0.0768268 0.000248941 0.0123666 
0.0250776 0.0155246 0.28477 0.0538443 7.31841e-06 0.00213214 0.00425685 0.0175169 0.42916 0.15149 0.000523006 9.09237e-06 0.0156875 
0.00166425 0.000556796 0.0644776 0.0241154 1.80355e-07 0.0799705 3.85621e-05 0.000121009 0.784291 0.0254118 0.00280228 1.46927e-07 0.0165501 
0.00278676 0.00611679 0.0593955 0.164115 8.45975e-11 3.31796e-08 0.0234675 0.0122452 0.663118 0.0683628 0.000194854 1.17126e-08 0.000196802 
0.000352264 0.0020996 0.0530852 0.0681449 0.243644 2.62805e-05 0.00604469 0.0259441 0.571768 0.013576 0.000507429 0.000219655 0.0145881 
0.00495669 0.0207967 0.226396 0.091616 5.45757e-06 0.0042417 0.000758508 0.0480106 0.53956 0.062993 9.83588e-05 6.92431e-05 0.000496814 
0.00602866 0.0528541 0.0783136 0.00796341 3.51139e-09 0.00395013 2.44817e-09 0.00108102 0.770264 0.0781461 1.13844e-05 6.92681e-06 0.00138047 
3.78521e-06 0.203728 6.48369e-07 7.94141e-05 7.4555e-10 2.21195e-08 5.19803e-10 1.40444e-06 0.793937 0.00225015 1.52328e-10 6.52341e-10 4.32879e-10 
0.00429586 0.0311429 0.127911 0.0121957 0.000252687 0.00106857 0.00013705 0.00892661 0.748925 0.0615488 4.90356e-05 2.04407e-06 0.00354483 
0.0200286 0.00573058 0.281469 0.063527 9.4564e-05 0.0013812 0.000147802 0.00339919 0.398964 0.196204 8.23104e-05 0.000115165 0.0288564 
0.010071 0.0140984 0.28122 0.126658 0.00505926 0.011041 0.00902171 0.0776249 0.407367 0.0534703 0.000489689 0.00206869 0.00180963 
1.21178e-05 4.26685e-07 0.272162 0.134858 1.25073e-06 0.0324722 1.45544e-06 0.0651325 0.484828 0.010138 1.67808e-07 0.000392839 1.6244e-06 
0.000136484 0.0365349 0.0937693 0.0762903 0.124181 0.039215 0.00963145 0.0326543 0.576252 0.0078828 0.000202575 0.00323786 1.17295e-05 
0.0590837 0.0196393 0.101574 0.0466172 2.81084e-05 0.0160298 0.058057 0.0103627 0.426928 0.245129 0.00065635 1.45761e-08 0.0158947 
1.07643e-07 0.000897371 5.71545e-05 0.0120567 0.00140339 0.000216834 6.11283e-07 1.45096e-07 0.888262 0.0413179 4.90215e-08 1.88223e-07 0.055788 
0.0409566 0.00056308 0.143591 0.0649184 0.00111423 0.00706856 0.0574646 0.000320405 0.628926 0.0510701 0.000743629 2.00482e-08 0.00326367 
0.0487148 0.0396564 0.297863 0.0896144 3.62809e-07 3.37625e-05 6.81972e-05 0.0195045 0.340282 0.161615 2.3339e-05 0.00241986 0.000204281 
0.0277077 0.0521903 0.120327 0.00481548 1.57233e-05 0.00889968 8.5059e-06 0.0259172 0.726348 0.0336467 5.9615e-05 2.73389e-08 6.38523e-05 
0.0569074 0.00357916 0.0475888 0.0637842 2.85729e-06 0.00545743 0.000659635 0.00462392 0.675374 0.0817176 0.0582655 0.000863451 0.00117606 
0.00384042 0.0184927 0.345726 0.0106553 0.000227936 0.0836616 0.0192828 0.00817776 0.416646 0.0923419 0.000246658 2.12004e-05 0.000680017 
0.000327629 0.00313654 0.0340443 0.0275089 6.98007e-05 1.08792e-06 0.00299472 0.0292313 0.661384 0.224948 0.00290088 4.30903e-06 0.0134483 
0.00207958 0.018306 0.176713 0.0724306 6.32698e-05 0.00109601 0.0192611 0.0122988 0.361403 0.0315847 0.117853 0.0990019 0.0879087 
0.0244251 0.220559 0.202615 0.0863287 3.71468e-07 0.0220619 0.00939313 0.0631555 0.229422 0.0641279 0.00252958 0.0251788 0.0502026 
0.00279252 0.00612779 0.162266 0.051805 9.20478e-06 0.000855524 0.00194073 0.252229 0.423819 0.0546424 0.00501706 0.0254663 0.0130296 
0.00590434 0.0429243 0.203856 0.0779974 1.02279e-05 0.00135085 0.00797083 0.0664785 0.463334 0.116758 2.56234e-05 0.00898622 0.0044042 
0.0024428 0.0648378 0.0563576 0.171824 2.03932e-07 0.000178336 0.000136322 0.00406234 0.410317 0.248553 7.26899e-05 0.00195927 0.0392583 
0.0298639 0.00344571 0.122924 0.0494474 0.0166464 0.000630777 0.00123795 0.00505076 0.658608 0.102029 0.00038383 4.15442e-07 0.00973172 
0.0136201 0.0132955 0.244305 0.214842 0.00364979 0.00106389 0.00951793 0.068217 0.340773 0.021371 0.0361853 0.0218987 0.01126 
0.00291226 0.0405646 0.168666 0.0792181 0.000394306 0.000898704 0.0368386 0.0192147 0.472265 0.178077 5.43483e-05 0.000589633 0.000307225 
0.0204699 0.169458 0.145929 0.0847028 9.91233e-06 0.085228 0.00233551 0.0842174 0.272903 0.127138 0.00235145 5.34535e-05 0.00520353 
0.000401959 0.0019693 0.0756068 0.0114399 0.000439831 5.39318e-05 0.0003515 8.29437e-05 0.866811 0.0427135 5.62982e-05 4.80585e-05 2.51322e-05 
0.00239828 1.68987e-06 0.0524918 0.0381661 0.00128171 1.08917e-05 0.0319464 4.06586e-05 0.824988 0.0473402 0.000565816 7.16492e-06 0.000761518 
0.000219484 0.000168588 0.0204201 0.00215189 6.98924e-06 0.000187109 0.000151748 0.0117731 0.946589 0.0180617 2.52887e-05 0.000179769 6.5608e-05 
0.00714663 0.0691959 0.181208 0.0680642 0.000752407 0.000860764 0.0201866 0.00904009 0.587346 0.0481668 0.000241933 8.64487e-06 0.00778145 
0.142441 0.0016814 0.13143 0.121145 0.000276333 0.00238929 0.00262489 0.00253217 0.496966 0.0979331 0.000266138 4.30165e-07 0.000313679 
0.00438921 0.0362942 0.208684 0.152168 0.000118765 0.000290914 0.000779036 0.0109687 0.528946 0.0539789 3.20489e-06 9.95612e-07 0.00337788 
0.0262533 0.00909279 0.332271 0.0268269 1.41625e-06 0.0170748 0.00273425 0.0101076 0.527916 0.0469543 5.489e-05 4.85696e-05 0.000663474 
9.08785e-05 0.000437312 0.107789 0.0918782 0.000320734 0.0370711 0.00359553 0.0243755 0.67971 0.0427947 0.000107672 0.0039678 0.00786166 
0.00511281 0.00253087 0.113431 0.0156073 0.00248644 0.00439976 0.0230968 0.0181917 0.768775 0.0078938 0.00768624 1.39729e-06 0.0307868 
0.0198647 0.00632946 0.29728 0.0714371 0.000595991 0.00094214 0.00391717 0.0237656 0.386663 0.0231814 0.150701 0.000117103 0.0152059 
0.00130882 0.000767424 0.0489382 0.00247508 0.00292871 3.52397e-07 7.02223e-05 0.00266944 0.918532 0.0223046 6.48803e-07 2.67087e-08 4.1712e-06 
0.0559738 0.011081 0.0571547 0.0146843 0.00351755 0.000364225 0.00063629 0.000820669 0.54618 0.0416038 0.26657 5.90489e-06 0.00140741 
0.0198647 0.00632946 0.29728 0.0714371 0.000595991 0.00094214 0.00391717 0.0237656 0.386663 0.0231814 0.150701 0.000117103 0.0152059 
3.22666e-05 3.65202e-06 2.09928e-10 0.000112957 0.000250204 0.268755 0.000692836 0.000130479 0.718002 1.00819e-06 0.0120085 1.04881e-06 1.06807e-05 
0.0192915 0.0428353 0.0906785 0.0253606 4.37307e-06 0.0808525 3.28662e-05 0.0211393 0.514192 0.201183 2.65187e-05 6.37072e-06 0.00439711 
0.000140901 0.197206 0.225614 0.124272 1.14808e-06 0.00024789 0.000784134 0.0306883 0.235532 0.0320791 0.132068 0.0154206 0.00594674 
0.0675373 0.000521422 0.17783 0.0672643 0.000216559 7.6133e-05 0.00503207 0.000562273 0.615606 0.0321258 7.15044e-05 7.42601e-06 0.0331487 
0.0235556 0.0439189 0.0859158 0.0142321 2.53563e-05 0.00011523 0.0251726 0.00900915 0.770959 0.0251876 7.4514e-05 0.000200313 0.00163361 
4.3126e-05 0.02032 0.144573 0.0200974 0.00302632 7.00874e-07 0.000582852 0.00366094 0.805162 0.00247081 1.47483e-05 2.19032e-05 2.57463e-05 
8.14828e-05 0.018942 0.386134 0.0439664 0.00122389 8.81119e-05 0.0137097 0.00233572 0.518813 0.0144096 3.63696e-05 6.32293e-06 0.000253558 
0.0193158 0.000619827 0.266043 0.0205379 8.79585e-06 0.0123307 0.0205279 0.00627548 0.526369 0.127228 0.000123408 0.000172753 0.000447843 
0.0195872 0.00558125 0.290744 0.119607 0.000342717 0.0105191 0.00705338 0.0321084 0.388428 0.113621 0.00924277 0.000167027 0.00299825 
0.00327618 0.00189678 0.152427 0.0734028 0.000946971 0.00013781 0.055522 0.00988509 0.48356 0.205929 0.000120515 3.71286e-06 0.0128924 
0.000282035 0.00316423 0.0220987 0.00748732 1.25197e-05 0.00210235 0.010648 8.25165e-05 0.762301 0.07768 2.67283e-06 0.114135 3.98597e-06 
0.0140329 0.000410702 0.248362 0.0791755 0.000225649 0.010141 0.00031222 0.184128 0.41628 0.0459413 9.83829e-05 0.000239212 0.000653108 
0.000847932 0.00276375 0.0556833 0.0250842 0.00273744 0.00180797 0.0730578 0.0132765 0.798437 0.0258143 2.10186e-05 6.06702e-05 0.000408012 
0.0115773 0.0475344 0.328729 0.0749247 0.000211095 0.00852317 0.0729374 0.043122 0.340644 0.0505404 0.00023865 0.00903594 0.0119823 
0.00602866 0.0528541 0.0783136 0.00796341 3.51139e-09 0.00395013 2.44817e-09 0.00108102 0.770264 0.0781461 1.13844e-05 6.92681e-06 0.00138047 
0.0182886 0.00199584 0.0736182 0.0463753 0.0426704 0.000133216 0.000431476 0.0154876 0.741016 0.0538028 0.000171565 0.00580073 0.000207669 
0.006743 1.04387e-11 0.0157912 0.231097 1.25139e-07 4.06801e-08 0.116786 5.08684e-05 0.570175 0.0558013 4.87257e-05 6.14196e-11 0.00350673 
0.0387202 0.00240758 0.0331872 0.0482995 2.77645e-05 0.000260852 0.000150002 0.0258715 0.685006 0.162752 0.000191978 2.43293e-05 0.00310155 
0.00426904 0.0842294 0.148138 0.0376567 0.0331905 0.000275574 0.00114442 0.026301 0.608233 0.0541829 0.00179669 1.28109e-06 0.000581817 
0.00636471 0.0108403 0.0265275 0.0103212 0.00129862 0.0020915 0.00136812 0.0387584 0.821504 0.0803108 0.000422448 1.10141e-06 0.000190938 
0.00367857 0.00731343 0.299674 0.12671 0.00015573 0.00305526 0.0260885 0.0141708 0.454 0.0492438 0.011872 0.001056 0.00298216 
0.0349875 0.00263715 0.181833 0.0293227 7.89173e-05 0.00166888 0.000437948 0.000971195 0.702989 0.042758 0.000124286 0.000584854 0.00160618 
0.000382054 0.0214355 0.051585 0.021356 5.00657e-06 0.00125629 0.00521086 0.0012971 0.728707 0.150466 0.00025505 0.000746007 0.0172985 
0.00207958 0.018306 0.176713 0.0724306 6.32698e-05 0.00109601 0.0192611 0.0122988 0.361403 0.0315847 0.117853 0.0990019 0.0879087 
0.156745 0.0388604 0.232387 0.0167357 0.000102726 0.0485001 0.000127961 0.00520292 0.344627 0.155545 0.000168196 4.68881e-06 0.000993127 
0.0157673 0.106731 0.0482134 0.0538811 0.00911864 8.0592e-06 0.0286889 0.0720602 0.374008 0.189602 8.15899e-05 0.00148066 0.100358 
0.0170424 0.00830536 0.404559 0.0381075 0.00306918 0.00481847 0.00240336 0.013515 0.450203 0.036494 0.000192268 0.0117831 0.0095067 
0.00676365 0.00010552 0.0121341 0.0766648 0.0032655 0.00192751 0.000177734 0.018069 0.660818 0.211604 1.09e-05 4.32063e-07 0.00845942 
0.00618541 0.00236564 0.218428 0.0260433 3.50417e-05 0.0278571 0.0141738 0.00261391 0.568315 0.116888 0.000109972 0.000213583 0.0167705 
0.00255849 0.0136893 0.116494 0.0127259 3.65059e-06 0.000860641 0.000645508 0.0481718 0.677923 0.125733 0.00119437 3.71131e-09 2.46274e-09 
0.00205838 0.00181137 0.0333068 0.00264491 0.00187299 0.000881424 0.0007315 0.000890179 0.9425 0.0101492 0.00200331 1.76384e-05 0.00113271 
0.0232787 0.000305442 0.00061332 0.00117839 1.14851e-05 0.000905271 0.000226901 0.000562357 0.940951 0.0273528 0.00450391 6.25047e-05 4.77338e-05 
0.000769172 0.00836314 0.0157096 0.00589428 6.91908e-05 0.014011 0.00317558 0.0401165 0.838656 0.0725871 3.30929e-05 5.07208e-06 0.000610556 
0.00432098 1.88175e-06 0.0563372 0.0100602 0.000102572 1.02685e-07 0.14599 1.23548e-05 0.714697 0.0684379 3.99614e-05 3.65454e-10 5.96104e-08 
0.0118237 0.0403 0.119323 0.0493247 1.37675e-05 0.00619808 0.00314 0.00589765 0.501139 0.2623 6.46586e-05 0.000306662 0.000169657 
3.84592e-05 0.00513382 0.000145591 0.00021322 1.56365e-05 7.42031e-06 9.92119e-05 0.00731316 0.965761 0.020595 3.19479e-06 1.36816e-05 0.000660164 
0.00251789 0.0496686 0.16976 0.0653717 8.61922e-05 0.000539133 0.010958 0.0104684 0.485931 0.0524629 0.14402 7.52449e-05 0.0081405 
0.00213076 3.71689e-12 0.226015 0.0672592 2.49944e-11 0.00165184 0.00108784 0.0182731 0.676686 0.00556358 0.00108871 2.18696e-11 0.00024407 
0.00012182 0.00830622 0.173328 0.10939 0.231717 0.000423111 0.00144135 0.0908077 0.366748 0.0116781 0.000713288 5.32911e-05 0.00527232 
0.00816535 0.0207659 0.214379 2.49641e-06 0.000344099 0.0151522 6.20185e-05 2.21488e-06 0.702165 0.038324 0.000386536 2.63126e-07 0.000250256 
0.00264854 0.0401742 0.0200853 0.0634671 9.79407e-06 0.0206351 3.7128e-05 0.00339461 0.52532 0.324131 3.28243e-05 4.96091e-05 1.49485e-05 
0.00111802 0.0270082 0.287308 0.0349462 0.000353626 0.00165001 0.0690732 0.0567935 0.421921 0.0930916 0.0060612 2.28223e-06 0.000673449 
0.00121338 0.060615 0.0489975 0.145875 0.00150835 6.62408e-05 0.00150832 0.0102674 0.346243 0.108515 0.215374 0.00419676 0.0556194 
0.169658 0.0144396 2.6783e-06 3.49337e-07 1.22193e-07 2.57609e-07 1.0123e-05 1.9172e-07 0.806989 0.00889835 1.38623e-11 5.93651e-11 4.60943e-07 
0.0196221 0.00916693 0.218268 0.227255 0.000801118 0.00458672 0.0150199 0.109913 0.304423 0.0291319 0.0510105 0.010558 0.000244421 
0.00435493 0.00473881 0.0139328 0.00553696 0.000344076 3.94933e-05 0.077151 0.000498247 0.863842 0.0293445 0.00017479 7.46991e-08 4.28088e-05 
0.00630766 0.00103983 0.139235 0.0793355 0.00144667 0.0642048 0.0110519 0.00461819 0.660964 0.0274363 0.00294266 7.67019e-06 0.0014106 
0.00468784 0.00515788 0.354444 0.0218707 1.80891e-05 0.00210228 0.000201551 0.00473749 0.55427 0.051554 6.44909e-05 0.000302558 0.000589909 
0.0122502 0.0317105 0.254581 0.0732763 3.95208e-05 0.0278055 0.0515807 0.0141226 0.453804 0.0699259 0.000957946 4.24007e-05 0.00990375 
0.000269309 0.00722485 0.107553 0.126053 0.000160815 0.000736459 0.000977568 0.00832224 0.718838 0.0245968 0.0050719 9.74948e-06 0.000186909 
0.0045237 5.73487e-07 0.0884586 0.00312039 5.93684e-06 1.9297e-06 0.169597 2.58533e-07 0.596133 0.137872 0.000101101 1.4681e-09 0.000185238 
0.000277071 0.283462 0.152033 0.00674306 1.5212e-07 0.00713401 0.007888 0.00596113 0.467725 0.0653448 0.000948142 4.28837e-07 0.00248344 
0.153378 0.0371864 0.0991614 0.0112 0.000151188 0.000928278 0.0110282 0.00534857 0.587432 0.0938661 0.000214751 9.66263e-05 8.3525e-06 
0.000368587 0.000368575 0.000368631 0.000368625 0.000368155 0.000368413 0.0371987 0.00036859 0.958748 0.000368622 0.000368548 0.000368217 0.000368363 
0.063012 0.0127423 0.0483899 0.120804 4.27914e-08 0.00279937 8.79042e-05 0.00332887 0.637596 0.0492755 0.0511138 0.00822373 0.00262729 
7.75946e-06 1.2181e-05 2.01549e-05 5.97782e-05 1.21997e-06 2.52852e-05 0.123627 0.0457205 0.457867 0.365463 0.00719086 1.14793e-06 4.40009e-06 
0.000127864 0.037284 0.224825 0.0724615 3.3539e-06 9.07995e-05 0.00052926 0.0492666 0.58895 0.0262496 3.22051e-05 1.51938e-06 0.000177617 
0.00470172 0.0060239 0.127635 0.226336 6.41581e-05 0.0830912 0.0230769 0.00501217 0.419851 0.0887727 0.0129999 1.66517e-06 0.00243422 
2.0382e-06 2.90432e-08 0.0116224 0.0096039 0.000760885 4.86619e-05 0.044995 0.000302745 0.919147 0.00726461 0.00106985 0.0051671 1.52102e-05 
0.0317114 0.028851 0.214302 0.0351419 4.39697e-05 0.00222063 0.118853 0.0402011 0.448541 0.0762576 0.000507092 0.000711779 0.00265711 
0.0131035 0.0234049 0.0513007 0.132068 1.99815e-05 0.000392876 0.0185527 0.00253305 0.405268 0.234768 0.000625533 0.000253739 0.11771 
0.00166989 1.99888e-07 0.0658539 0.359216 0.000428541 0.000966364 0.000504382 4.45637e-07 0.394467 0.149747 2.89261e-06 0.0261328 0.00101015 
7.17744e-05 0.110533 0.126261 0.0463039 0.000186094 0.000815152 3.09207e-05 0.0171195 0.514159 0.17989 5.4216e-05 2.57611e-07 0.00457416 
0.0386886 0.00535133 0.122263 0.111135 2.20539e-05 0.00718543 0.0245811 0.0859038 0.545108 0.038773 0.00604544 0.012113 0.00282957 
0.00250283 0.0130148 0.198082 0.123169 3.0872e-06 0.00029112 0.0538856 0.161408 0.410467 0.0018975 0.0243821 0.0100757 0.00082133 
0.132428 0.00419585 0.16571 0.0292341 0.000555137 0.00117884 0.0198189 0.00107068 0.578294 0.0650366 0.000283834 1.89805e-05 0.00217492 
0.0411681 0.012811 0.372362 0.0331915 0.000598794 0.000519858 0.00942358 0.0615924 0.374022 0.0919926 0.00147582 6.52192e-05 0.000777375 
0.000415527 0.00232103 0.181163 0.269849 0.000491673 0.00185299 0.00349058 0.0523563 0.473434 0.0104432 0.00028408 1.81533e-05 0.00387937 
0.0539763 0.0214152 0.0613376 0.0966411 0.000249211 0.00065022 0.0018238 0.00164749 0.693354 0.0687938 9.0616e-05 6.39474e-06 1.3845e-05 
0.00887142 0.00344915 0.123621 0.225771 4.00931e-05 3.60042e-05 0.00143383 0.000248437 0.447242 0.177226 2.57402e-05 6.62329e-06 0.0120281 
0.00960093 7.21024e-05 0.380795 0.0230988 0.16452 0.000157075 0.000526171 0.0222716 0.389971 0.00831565 0.000217759 2.88661e-08 0.000452469 
0.0021595 6.98168e-05 0.0592446 0.0217978 8.03174e-05 4.80717e-05 0.0556456 0.000130143 0.824866 0.0355086 0.00042968 2.11003e-08 2.00284e-05 
0.0277077 0.0521903 0.120327 0.00481548 1.57233e-05 0.00889968 8.5059e-06 0.0259172 0.726348 0.0336467 5.9615e-05 2.73389e-08 6.38523e-05 
0.000987852 0.00566482 0.102532 0.100644 0.197435 0.0587348 0.00249267 0.0144429 0.37198 0.138373 0.00234583 7.00855e-10 0.00436657 
0.0249557 2.40251e-05 0.0425806 0.121703 1.00265e-06 0.00147636 0.00145803 0.00519404 0.662178 0.122618 0.000112669 0.0107085 0.0069908 
0.0025697 0.015142 0.197705 0.117068 3.33071e-06 0.000385538 0.0547186 0.162325 0.404515 0.00182868 0.0328273 0.0101251 0.000787261 
3.29872e-05 3.29861e-05 3.29912e-05 0.204575 0.00662267 3.29717e-05 3.29619e-05 3.29875e-05 0.788472 3.29903e-05 3.29837e-05 3.29542e-05 3.29671e-05 
0.0164295 0.0061257 0.173824 0.104288 0.00178599 0.00738107 0.0188502 0.0163745 0.574979 0.0742114 0.000697724 3.61118e-06 0.00504917 
0.0031125 0.000431319 0.331459 0.0449085 0.000143735 0.000193991 0.000213117 0.000855104 0.506458 0.11022 1.71085e-05 3.00917e-06 0.00198463 
0.0334965 0.126953 0.0777232 0.0243247 2.55827e-06 0.0134038 0.000381719 0.0061518 0.678868 0.0368989 0.00101972 8.95855e-07 0.000774928 
0.0236261 0.00291948 0.00580308 0.0453034 1.68078e-05 0.00141112 1.58148e-05 0.00692672 0.866767 0.0123147 0.0341121 0.000210917 0.00057324 
0.00150935 2.72665e-06 0.000255041 0.000521713 2.33355e-05 1.15356e-09 0.007188 6.91574e-07 0.733785 0.244758 7.53658e-05 2.12695e-09 0.0118803 
0.0155417 0.00291928 0.324638 0.0593175 0.000209958 0.0582011 0.105124 0.000535903 0.337289 0.0492778 0.000887725 0.0440719 0.00198615 
0.000884307 0.145101 0.22041 0.127793 5.35189e-05 0.00685422 0.0072982 0.0362324 0.388258 0.0485109 0.0085767 0.0018344 0.00819363 
0.0250813 0.0755641 0.113031 0.0293512 5.33432e-05 0.127277 0.000346818 0.0245917 0.536309 0.0590044 0.000129674 0.00236181 0.00689895 
0.0201207 0.0175075 0.254543 0.0103458 1.72274e-05 0.000564008 0.0445035 0.0628291 0.509108 0.0424982 0.00352531 0.000400102 0.0340373 
0.000880458 1.29501e-07 0.078813 0.049999 5.66939e-10 1.52895e-07 2.527e-07 0.0696587 0.713169 0.087034 1.86246e-05 4.9606e-10 0.000426343 
1.54179e-07 0.0552542 0.027287 0.0546868 0.0179222 0.0017187 0.00286592 0.100353 0.734564 0.00524122 2.96068e-06 2.90764e-07 0.000104296 
0.0310506 0.00250786 0.225195 0.202361 5.42027e-05 0.000659801 0.0130689 0.0131358 0.316426 0.0881779 0.0748621 0.00268679 0.0298147 
0.000769798 0.00852619 0.365592 0.070135 3.68811e-06 0.0300032 0.0115141 0.0741585 0.405748 0.0326999 0.000100261 6.70265e-07 0.000748862 
0.00697295 0.000655675 0.102528 0.0099427 3.40772e-05 0.00191998 5.27895e-06 0.0016021 0.864144 0.0118279 0.000187956 1.15896e-05 0.000168369 
0.0061366 7.17085e-05 0.306318 0.0185452 6.6189e-06 0.00112371 0.00369099 0.000689661 0.421193 0.24195 0.000183068 5.52698e-07 9.11777e-05 
5.07305e-07 0.00487945 0.0231388 0.00731874 5.0549e-07 0.000288575 0.0219941 0.0950576 0.663678 0.0869913 0.000766799 0.0237505 0.0721348 
0.0283681 0.0201078 0.168876 0.0791616 9.6198e-08 0.000173092 0.00241979 0.00568449 0.606244 0.0832739 0.00313729 1.63217e-05 0.00253738 
0.000208718 9.90787e-07 0.10246 0.00560617 0.000417449 0.147409 0.00101001 3.76374e-05 0.740285 0.00246719 9.73513e-06 9.52522e-06 7.80735e-05 
0.056532 0.00400908 0.135522 0.04279 8.43567e-06 0.00727701 0.0059038 0.00714198 0.487577 0.0862963 0.1186 4.25417e-05 0.0483006 
0.0316915 1.42397e-06 0.14595 0.0906667 8.23861e-05 0.000209456 7.53842e-06 0.00986344 0.487544 0.222153 0.000375741 1.57427e-05 0.0114392 
0.0530049 0.0545064 0.118957 0.0397554 1.08985e-05 0.00450196 0.000136601 0.00334594 0.67681 0.0436498 5.19819e-05 2.04257e-05 0.00524903 
0.0106339 0.0961224 0.208573 0.135451 8.99981e-05 0.00305299 0.0222143 0.0445929 0.425556 0.0345247 0.00027766 0.00222046 0.0166898 
0.00746949 0.00746492 0.0611805 0.0600556 1.8087e-05 0.00686236 0.0506673 0.00705729 0.721473 0.0763422 0.000363805 2.48246e-05 0.00102034 
2.76097e-05 3.74223e-06 0.000125289 0.000127169 2.51649e-05 1.1942e-05 8.6844e-05 6.49846e-05 0.997482 0.000165364 5.14159e-06 2.20188e-05 0.00185237 
0.0440387 0.0231387 0.259969 0.200585 1.21342e-05 0.0689182 0.000687371 0.00940434 0.321575 0.0458004 0.00570026 0.0023746 0.0177954 
0.0126663 9.83209e-06 0.0303276 0.0107992 8.4152e-06 0.000405944 0.000598755 0.000544593 0.712313 0.23221 3.72678e-05 4.96216e-08 7.89012e-05 
0.00126326 0.232011 0.200657 0.0248859 4.44134e-06 0.0364289 0.000108574 0.00233995 0.404453 0.0766304 6.89972e-05 2.99024e-06 0.0211454 
0.0205539 0.000363457 0.18157 0.0412342 0.000452717 0.000601952 0.0145243 0.00724071 0.595882 0.127709 0.00026209 0.00220766 0.00739856 
0.00170619 0.0240685 0.0512063 0.0468055 0.00186041 0.00475636 0.0232432 0.0273596 0.788931 0.0275826 0.00241183 4.12771e-08 6.8538e-05 
0.00297098 0.00365588 0.0699355 0.00182039 0.00446925 0.00210137 0.000855968 0.000577745 0.894198 0.0187713 0.000550145 4.08181e-08 9.36281e-05 
0.063012 0.0127423 0.0483899 0.120804 4.27914e-08 0.00279937 8.79042e-05 0.00332887 0.637596 0.0492755 0.0511138 0.00822373 0.00262729 
0.0530049 0.0545064 0.118957 0.0397554 1.08985e-05 0.00450196 0.000136601 0.00334594 0.67681 0.0436498 5.19819e-05 2.04257e-05 0.00524903 
9.23887e-05 0.389122 0.0452346 0.068962 1.75851e-05 0.00231812 0.00154759 0.000711605 0.400806 0.0568093 0.0328293 7.44117e-05 0.00147524 
0.0819571 0.00284941 0.196792 0.109264 4.66669e-05 0.0074294 0.011249 0.00197404 0.536939 0.0500655 8.36557e-05 6.27457e-05 0.00128853 
0.00108644 0.0167264 0.218276 0.134133 3.76679e-05 0.0212368 0.00123175 0.0465607 0.520183 0.00731649 0.0301579 6.92644e-05 0.00298456 
0.114 0.0100658 0.287538 0.144316 2.09719e-05 0.0113111 0.0168989 0.010995 0.324654 0.0797486 9.83184e-05 0.000110637 0.000242935 
0.0447769 0.000101823 0.102848 0.0232771 0.000619455 0.00251915 0.0115992 0.00372769 0.434483 0.00134143 0.361113 4.51877e-05 0.0135482 
0.015571 0.0424347 0.0793907 0.212623 0.000496175 0.00752452 0.166659 0.0095801 0.378922 0.0610081 0.00529053 0.00552355 0.0149768 
0.00138257 0.0152164 0.0201367 0.0156319 2.26537e-09 9.90771e-07 1.46958e-05 0.000123168 0.798523 0.148831 4.95155e-06 3.75671e-06 0.000131319 
0.00180216 0.0968776 0.157899 0.0690019 4.04337e-05 0.00064338 0.104196 0.203354 0.329272 0.0348201 0.000385702 0.00040814 0.00130007 
0.00136314 0.0245703 0.19753 0.293963 9.06364e-07 0.00516837 0.00358969 0.0643825 0.29491 0.0651069 0.00068718 5.37761e-05 0.0486746 
0.0195636 0.0171574 0.255634 0.175161 0.000284174 0.00642136 0.000904681 0.035864 0.298538 0.156227 9.02553e-05 0.00091628 0.0332397 
0.0103355 0.0219502 0.203181 0.0338365 8.53455e-06 8.95467e-06 0.0059517 0.00813138 0.641975 0.0700181 9.53541e-05 4.21472e-06 0.00450376 
0.000397738 6.50926e-05 0.00226311 0.000632825 0.00100201 0.000577025 0.00783039 6.35089e-05 0.797776 0.189131 0.000133644 2.12055e-05 0.000106111 
0.00175616 0.0394873 0.202404 0.118237 1.9331e-07 0.000753408 0.000374916 0.130096 0.449385 0.0573898 2.11971e-05 3.08673e-07 9.39066e-05 
0.00053926 0.0538364 0.076927 0.00597638 1.8176e-06 0.00243567 5.05671e-05 0.0047629 0.810465 0.0443899 0.000237263 0.000329203 4.83257e-05 
0.0236418 0.0110636 0.128304 0.0057366 1.65668e-06 0.000640066 0.000115753 0.00238116 0.58912 0.229201 0.000143446 8.72215e-05 0.00956398 
0.0121495 0.00271909 0.270144 0.17565 4.18376e-05 0.0024493 0.000804545 0.121485 0.341193 0.065917 0.000156671 1.29254e-05 0.00727765 
0.00697295 0.000655675 0.102528 0.0099427 3.40772e-05 0.00191998 5.27895e-06 0.0016021 0.864144 0.0118279 0.000187956 1.15896e-05 0.000168369 
0.019575 0.0094073 0.062295 0.0246537 0.000416052 0.0301165 0.00573242 0.0090802 0.757137 0.0769176 0.000342848 0.00015215 0.00417452 
0.000390085 5.41885e-07 0.0130507 0.0360952 7.65086e-06 0.000304494 0.000536732 0.0012271 0.725176 0.222735 2.85527e-06 3.37916e-06 0.00047019 
0.213123 9.00531e-06 0.182792 0.0232606 0.000148473 0.000116159 0.0105435 2.93524e-05 0.389912 0.173259 7.76135e-05 2.17578e-06 0.00672761 
0.00121506 0.000753281 0.14554 0.0865588 6.95536e-05 0.00267204 0.00137042 0.00842414 0.66978 0.0782208 6.67762e-05 0.000434174 0.00489529 
0.163146 2.91137e-06 0.0473155 0.00805928 3.27184e-05 0.0221626 0.0690023 4.19197e-05 0.452818 0.236385 0.00103364 3.57406e-09 2.86947e-12 
0.0100794 0.0120406 0.182994 0.00909236 0.000787215 6.7869e-05 0.143758 0.00582516 0.581791 0.0523113 0.00101036 3.56735e-05 0.000206329 
0.0126778 0.010509 0.0990825 0.177311 1.57142e-05 0.0115225 0.0103745 0.119583 0.536049 0.019536 0.00111884 0.000306772 0.00191292 
0.318415 0.000299967 0.107037 9.04208e-07 0.00748174 0.0300344 0.0192958 0.0111297 0.436569 0.0669252 0.00213387 6.84097e-08 0.000676729 
3.11774e-09 3.7051e-09 6.1494e-05 0.019359 2.49152e-08 1.18235e-08 2.43368e-05 1.90699e-05 0.980506 2.59427e-05 5.09058e-09 2.18003e-08 4.35433e-06 
0.0168278 0.0256692 0.167517 0.1533 2.38031e-05 0.0475547 0.00533043 0.0351421 0.482841 0.0632714 0.000478816 8.0045e-05 0.00196422 
0.0509653 1.58292e-09 0.0451147 0.00682938 3.03079e-05 0.000283581 8.71277e-05 0.247735 0.464769 0.169663 0.000207265 8.09235e-05 0.0142343 
0.00766784 0.0284129 0.0194448 0.0285855 8.43404e-05 0.0322922 2.11876e-05 0.0658276 0.747913 0.0622486 0.00589121 0.00152758 8.29932e-05 
0.0171011 0.0177725 0.18923 0.16786 0.00755317 0.00221921 0.0117129 0.0316084 0.511595 0.0413665 0.00011318 0.000107134 0.00176033 
0.150771 0.0256036 0.0586566 0.20376 7.0132e-05 0.000626373 0.000159551 0.0964123 0.417819 0.0447833 0.000579198 2.28816e-06 0.000756135 
0.00134749 0.00148673 0.325513 0.0827826 0.00657213 0.000300111 0.00186687 0.152225 0.422461 0.00526216 4.46203e-05 1.16483e-05 0.00012708 
0.0107332 0.00551575 0.118173 0.125404 0.000734235 0.000154767 0.0194934 0.0139689 0.666644 0.0337223 0.00161362 0.00309864 0.000743814 
0.0354151 0.0222789 0.09968 0.23988 4.0835e-06 0.000660123 8.76379e-05 0.147566 0.251581 0.199751 4.03026e-06 0.00302159 7.0044e-05 
0.0531213 0.0202745 0.0136456 0.018494 0.00199251 0.0166412 3.41436e-05 0.332729 0.3581 0.0248426 0.00104526 0.000580096 0.158499 
0.0392137 0.0184553 0.122207 0.0773994 0.00177431 0.000177517 0.0183052 0.00184992 0.668683 0.0491823 0.000271307 0.00171646 0.000764289 
0.0078431 0.0755491 0.0570745 0.0643021 2.18456e-06 1.04639e-05 0.00141664 0.0313514 0.630765 0.0807944 2.91023e-05 7.16097e-05 0.0507907 
0.00201545 0.123124 0.115767 0.0339909 3.04988e-05 0.00304384 0.000661874 0.0192183 0.537228 0.164564 6.5395e-06 3.18059e-06 0.000346653 
0.0126778 0.010509 0.0990825 0.177311 1.57142e-05 0.0115225 0.0103745 0.119583 0.536049 0.019536 0.00111884 0.000306772 0.00191292 
0.00639292 0.00410884 0.0651654 0.418699 0.000393435 0.000673534 0.000615276 0.0110701 0.480297 0.012022 1.37423e-05 2.12574e-10 0.000549084 
0.0340083 0.0298304 0.129673 0.0315336 4.01958e-05 0.001955 0.00474232 0.00474706 0.549863 0.192037 7.60013e-05 3.00037e-05 0.0214646 
0.0664673 0.0376033 0.0826546 0.0897499 6.79111e-06 0.0041993 0.000762122 0.00825719 0.492822 0.156382 0.0479176 0.0114657 0.00171209 
