0.418042 0.00220239 0.0335641 0.0292603 3.00872e-05 0.000577249 0.0146349 0.00781848 0.0306645 0.461433 9.86527e-05 0.000105238 0.00156979 
0.0185618 0.0122417 0.119023 0.0759 1.13166e-06 0.00345822 0.000377129 0.0123048 0.20345 0.53392 0.00105007 0.000161944 0.0195502 
0.417758 0.024636 0.00486922 0.0175519 1.6319e-07 0.000177113 6.34067e-10 0.0169674 0.0245035 0.493199 5.09301e-07 1.1265e-05 0.000326659 
0.0570021 0.000359834 0.0261586 0.0410543 6.6993e-06 0.000422222 0.00800775 0.00045722 0.0018324 0.854688 0.000180859 0.00783218 0.00199821 
0.0202688 0.0249912 0.0795029 0.0784976 4.91997e-06 0.00971385 0.0134118 0.0177421 0.0442513 0.695371 3.42657e-05 0.0104469 0.00576389 
0.0144551 0.0526054 0.0966138 0.155179 6.07569e-05 0.0163398 0.00199426 0.0302351 0.197895 0.423776 0.00229328 0.000870428 0.00768268 
0.00138353 0.0450646 0.126542 0.288125 2.05629e-08 0.000556697 5.29819e-05 0.0363833 0.0229834 0.478587 0.000256156 2.11028e-06 6.37834e-05 
0.130007 0.000494435 0.0311667 0.0348046 3.91948e-06 1.9806e-05 0.00580185 0.000575716 0.00135081 0.795694 6.99488e-05 4.42632e-08 1.08261e-05 
0.12489 4.47217e-05 0.0158067 0.139869 2.72948e-06 0.000557501 0.00106815 0.00166775 0.0311182 0.63097 1.26213e-05 0.0531207 0.000872123 
0.00144488 0.00151843 0.0172583 0.0139811 8.62379e-07 0.000112236 4.10304e-05 0.0034599 0.00566146 0.952778 3.45627e-05 2.03575e-05 0.00368857 
0.126984 0.00239241 0.020816 0.0858037 1.75285e-06 4.70408e-05 0.00023283 0.00108122 0.00514958 0.757238 1.88978e-05 3.14991e-07 0.000233504 
0.0645283 0.0274756 0.128107 0.0529037 3.13145e-05 0.01826 0.00251704 0.0229227 0.0799521 0.597558 0.00126507 0.00032957 0.00415016 
0.106721 7.20033e-06 0.0348179 0.291148 1.219e-07 0.000104012 9.63865e-05 0.0307637 0.0168824 0.505941 6.21306e-06 3.79525e-05 0.0134744 
0.000851212 0.00180183 0.0133817 0.0133226 1.70188e-07 6.48192e-05 6.5431e-06 0.000636805 0.00567148 0.964125 2.34775e-05 6.20981e-07 0.000113645 
0.104093 0.00621807 0.0831442 0.0985839 6.97785e-07 6.98274e-07 6.98067e-07 0.0166975 0.00391309 0.680853 6.98529e-07 6.97903e-07 0.00649376 
0.000302952 0.0965143 0.214579 0.152421 1.46369e-05 0.00188613 0.157121 0.0162468 0.0926872 0.21512 0.00108605 0.0054176 0.0466032 
0.0993771 0.00648977 0.035492 0.092851 9.28257e-06 0.00171264 0.000419384 0.00584339 0.0360977 0.701211 0.0142769 0.00406353 0.00215635 
0.0400195 0.00312238 0.130373 0.222375 0.000185569 0.000908408 0.0165927 0.0231534 0.117096 0.428405 6.81798e-05 8.94042e-06 0.0176915 
1.27379e-10 0.0218941 0.142231 0.210715 3.41223e-06 0.00263479 0.001509 0.00397135 0.071744 0.54518 9.07374e-07 0.000115904 5.91034e-10 
0.0668098 0.0154774 0.127308 0.0913105 7.8948e-05 0.00458441 0.00193106 0.0492445 0.0973254 0.535632 0.000248331 0.00465995 0.00538962 
0.000851212 0.00180183 0.0133817 0.0133226 1.70188e-07 6.48192e-05 6.5431e-06 0.000636805 0.00567148 0.964125 2.34775e-05 6.20981e-07 0.000113645 
0.0341861 0.0040719 0.0403782 0.0953621 2.8986e-06 0.00955862 0.00181905 0.00927857 0.0355184 0.757783 2.69699e-05 0.00423101 0.00778301 
0.0805977 0.00129786 0.0353767 0.053624 5.93078e-06 0.000146938 0.00335131 0.00224724 0.00128593 0.820387 4.94465e-05 1.08625e-05 0.0016188 
0.0896057 0.000253621 0.0408851 0.0769476 3.09536e-05 0.000104236 2.12918e-05 0.0247041 0.0198826 0.741198 5.18636e-06 1.06489e-05 0.0063508 
0.0357455 3.28556e-07 0.0333903 0.0469995 1.5909e-10 7.54964e-11 1.93187e-07 0.0864674 0.0145689 0.781899 3.25047e-11 0.000191612 0.000737381 
0.00201535 0.00018768 0.079392 0.165576 3.95536e-08 6.66253e-11 7.75006e-05 3.95072e-07 0.00702968 0.745704 2.86853e-11 6.43531e-08 1.79121e-05 
0.00343674 0.0108921 0.0253652 0.138307 4.53496e-06 0.000587836 0.000376662 0.0318474 0.0692064 0.719531 4.77648e-05 1.71362e-05 0.000380142 
0.000541999 0.00509563 0.0761131 0.110001 3.77788e-05 1.19614e-07 1.13396e-05 0.0146718 0.0308911 0.762292 2.28348e-06 3.76677e-08 0.00034153 
0.123226 0.00980627 0.127353 0.12181 1.73739e-05 0.00126731 0.00457891 0.0260213 0.0948671 0.451573 0.000242649 0.00212222 0.037115 
0.00165952 0.0116791 0.140829 0.11893 2.57949e-05 0.00507321 0.00136528 0.0255021 0.322034 0.36895 9.79106e-06 7.21213e-11 0.0039427 
0.0210676 6.92604e-06 0.0189284 0.0290304 8.18715e-06 3.85022e-05 0.00844062 0.000133449 0.000891865 0.920852 6.97011e-05 4.42569e-08 0.000532182 
0.332268 0.00801833 0.0617464 0.0623515 3.45571e-06 0.00079453 0.00342706 0.00438694 0.0139947 0.448896 9.89804e-05 0.000277116 0.0637368 
0.0527574 0.0119894 0.0838396 0.107137 0.00011823 0.00168237 0.00187581 0.020438 0.0612388 0.654541 0.000232741 0.000240793 0.00390951 
0.0173027 0.0293441 0.12581 0.137385 1.1468e-10 0.00151241 0.00324776 0.00711356 0.200635 0.382781 0.00140713 0.000712991 0.0927479 
0.000501429 0.0604878 0.0367826 0.290887 0.000429966 0.00137801 6.51012e-05 0.00878659 0.0163913 0.571258 0.00199843 0.000941078 0.0100917 
0.343481 0.00387944 0.069603 0.123892 1.86875e-05 0.00490422 0.000598039 0.0236558 0.0492734 0.37049 0.000221543 0.00284921 0.00713347 
0.0259842 8.65694e-06 0.0236605 0.03623 1.02315e-05 4.23321e-05 0.0094275 0.000166809 0.00109011 0.902631 8.3551e-05 5.5145e-08 0.000665205 
0.00819473 0.00224653 0.223292 0.180112 8.75781e-08 1.81655e-06 2.91124e-05 0.00696698 0.00387715 0.57508 7.38044e-07 0.00014313 5.62568e-05 
0.00190875 3.91395e-08 0.00563047 0.00103652 5.34466e-09 7.37611e-08 1.19617e-11 0.00193165 0.187683 0.80175 5.93214e-05 1.50116e-11 2.10441e-08 
0.000409848 0.176497 0.0609477 0.0954159 0.000210138 0.000346532 0.00642653 0.00950548 0.0358412 0.589253 0.024212 0.000851071 8.39294e-05 
0.417758 0.024636 0.00486922 0.0175519 1.6319e-07 0.000177113 6.34067e-10 0.0169674 0.0245035 0.493199 5.09301e-07 1.1265e-05 0.000326659 
0.0118349 0.0423499 0.0245662 0.102576 0.00168331 0.000346817 0.00227381 0.133061 0.302079 0.376112 0.000140802 0.000302529 0.00267286 
0.00133492 0.0266914 0.0508276 0.228006 0.000107445 0.000451337 7.99598e-05 0.00846033 0.0624297 0.600346 6.66474e-06 7.60895e-06 0.0212512 
0.146424 0.000734132 0.043819 0.156364 6.00926e-07 0.00135601 0.000326481 0.0312469 0.00496784 0.614218 6.98344e-06 3.75644e-07 0.00053512 
0.0836985 0.00953923 0.120584 0.0560613 1.17342e-06 0.0724636 5.851e-06 0.062871 0.00630412 0.583667 3.309e-06 1.30327e-05 0.00478806 
0.00684563 0.0316581 0.196265 0.116044 0.000312865 0.00292606 0.0014215 0.0193821 0.117831 0.505489 5.93957e-05 0.000290183 0.00147559 
0.0110347 6.46042e-08 0.0466278 0.343746 2.8363e-07 6.28143e-05 0.00304233 0.0516843 0.00301376 0.539889 3.60871e-06 0.000490475 0.000405799 
1.27832e-06 0.178469 0.0314095 0.0424349 4.91027e-07 0.000133162 6.00723e-07 0.0227154 0.047018 0.677591 6.04788e-05 3.08193e-05 0.000135285 
0.0859717 0.0109026 0.100656 0.0681343 0.000812914 0.00421762 0.00633064 0.00823287 0.211613 0.495593 0.00180953 0.00137397 0.00435173 
0.0277258 0.0023437 0.133054 0.226803 4.43323e-07 0.00179192 0.00100241 0.0209256 0.00341228 0.534237 3.56703e-05 0.0486398 2.84468e-05 
0.00194532 0.000305536 0.0408754 0.0688555 0.004011 7.35437e-05 0.000279327 0.0177482 0.0685474 0.794486 1.2093e-05 1.73836e-05 0.00284279 
0.00033374 1.50556e-05 0.000416538 0.00205543 2.12777e-05 5.71112e-05 0.0127493 6.9667e-05 4.50367e-05 0.983601 0.000150957 2.73611e-12 0.00048466 
0.000851212 0.00180183 0.0133817 0.0133226 1.70188e-07 6.48192e-05 6.5431e-06 0.000636805 0.00567148 0.964125 2.34775e-05 6.20981e-07 0.000113645 
0.0110508 0.004443 0.116395 0.0775704 0.00235249 0.0544173 0.00177315 0.0110491 0.115105 0.600985 0.000378121 5.65939e-06 0.00447505 
0.0156702 2.45405e-05 0.0195177 0.0208501 6.31523e-06 6.50657e-05 0.00486988 0.000478238 0.0153338 0.922678 9.85669e-05 2.61042e-08 0.000407403 
0.0520904 0.00106568 0.0252097 0.117348 0.000250472 0.00125597 0.000994316 0.00264908 0.0675052 0.708277 0.010745 0.00250347 0.0101057 
0.0942464 0.0222942 0.0874113 0.106396 4.11012e-05 0.0039791 0.00246388 0.0161116 0.0748542 0.588533 0.00105949 0.000189431 0.00241955 
0.0126569 0.0238197 0.10343 0.361806 1.02411e-05 0.00844858 0.000248878 0.026167 0.0403445 0.383163 0.00666119 0.0315409 0.00170277 
0.116487 0.00046319 0.00104746 0.214445 1.49989e-08 3.33004e-05 2.89062e-05 0.0411359 0.0109451 0.614398 4.31132e-08 1.73872e-07 0.00101618 
0.0210676 6.92604e-06 0.0189284 0.0290304 8.18715e-06 3.85022e-05 0.00844062 0.000133449 0.000891865 0.920852 6.97011e-05 4.42569e-08 0.000532182 
0.00276215 0.116526 0.0796127 0.0736286 3.88621e-06 0.00226194 0.000180462 0.0110318 0.350455 0.35305 0.00860376 0.00011455 0.0017698 
0.0197379 0.11278 0.181901 0.229323 0.0138427 0.00017199 0.00350023 0.0131639 0.158858 0.26563 0.00075052 0.000105016 0.000235524 
0.00436852 0.0117476 0.0793091 0.0651521 1.58272e-07 1.91054e-05 0.000312744 0.191653 0.0700004 0.56994 3.66397e-06 0.000446864 0.00704604 
0.0775062 0.000418861 0.0974747 0.150015 3.30108e-05 0.00182602 0.000145563 0.0188149 0.0906579 0.553931 4.45262e-05 8.75049e-06 0.0091235 
0.00190875 3.91395e-08 0.00563047 0.00103652 5.34466e-09 7.37611e-08 1.19617e-11 0.00193165 0.187683 0.80175 5.93214e-05 1.50116e-11 2.10441e-08 
0.0210676 6.92604e-06 0.0189284 0.0290304 8.18715e-06 3.85022e-05 0.00844062 0.000133449 0.000891865 0.920852 6.97011e-05 4.42569e-08 0.000532182 
0.0575355 0.0088266 0.11736 0.0981979 0.000701751 0.0019696 0.00712353 0.0229135 0.0917752 0.580601 0.000391003 0.00019899 0.0124059 
0.00781481 0.00430691 0.110717 0.228647 9.49361e-05 0.00418053 0.00282424 0.0154381 0.154078 0.468834 0.00024936 0.00257544 0.000240172 
0.338745 0.00359036 0.116159 0.0753349 0.000524983 0.0243051 0.00237536 0.00921536 0.0338739 0.368837 0.000331162 0.00103556 0.0256715 
0.0840258 0.00445796 0.174721 0.213651 2.25382e-06 0.000118114 0.000394903 0.000175689 0.0640396 0.458376 4.49132e-06 1.21553e-06 3.20395e-05 
0.240365 1.89431e-05 0.0461098 0.091535 4.48291e-06 5.48325e-06 4.58218e-05 0.000839722 0.220563 0.399146 1.09335e-05 1.18832e-05 0.00134371 
0.00229554 0.0816036 0.284509 0.0372198 4.91432e-07 0.00148087 5.87554e-06 0.00276165 0.0118235 0.574799 0.000153362 2.04572e-07 0.00334675 
0.0361381 0.00438176 0.0343958 0.085323 4.98338e-07 0.00655032 0.00222847 0.0100572 0.0207118 0.791113 3.72293e-05 0.00397768 0.00508524 
0.136241 0.000120682 0.140394 0.0365677 0.000111702 0.000205173 0.000339966 0.0308722 0.192952 0.457637 1.95552e-05 1.35057e-05 0.00452589 
0.30093 0.0647626 0.0846149 0.0312097 2.51126e-09 0.00466616 6.72758e-05 0.0114381 0.0700526 0.422484 3.3957e-05 0.00968 6.07421e-05 
0.0122878 1.98803e-07 1.85271e-07 0.0116197 1.91126e-10 4.05668e-05 2.53797e-07 0.000324439 0.0421898 0.933533 4.40888e-06 1.67231e-10 1.10971e-10 
0.0360238 0.0172447 0.148249 0.118916 8.97027e-06 0.00162814 0.00742036 0.0471929 0.095312 0.487191 0.000326333 3.04649e-06 0.0404838 
0.337364 0.000692815 0.00603195 0.0729491 5.85479e-06 5.21734e-06 7.59722e-06 0.0124434 0.00352003 0.552406 0.000177354 9.38452e-05 0.0143022 
0.00343291 4.85067e-05 0.166379 0.025066 4.08789e-08 0.101072 0.000206218 0.000311572 0.105119 0.597167 8.09101e-05 1.68491e-06 0.00111455 
0.0293162 0.0560613 0.0443284 0.0396686 3.93045e-06 0.0104491 0.00436489 0.00210396 0.0376903 0.774588 1.40955e-05 0.000978825 0.000432325 
0.0701035 0.00316517 0.100153 0.297807 2.85138e-07 0.000687006 0.00443277 0.00361604 0.0389329 0.358918 1.24926e-05 3.60198e-06 0.122169 
0.32194 0.00784863 0.0409811 0.088871 5.16184e-06 7.65505e-05 0.000348882 0.00300879 0.00734081 0.528879 3.15891e-05 5.74386e-07 0.000668087 
4.70135e-06 3.64694e-05 6.1096e-05 0.188577 4.22094e-09 0.000106164 7.36011e-06 3.92099e-05 0.142981 0.668183 8.62406e-10 3.69692e-06 2.45075e-09 
0.0745083 0.0760043 0.0801747 0.0854619 1.54212e-05 0.021354 0.00236363 0.027584 0.0514102 0.572668 0.00199635 0.0040633 0.00239622 
0.0159124 0.115468 0.165122 0.137031 0.00107688 0.00386898 0.0389924 0.0198734 0.224268 0.272019 0.00221528 3.30603e-06 0.00415023 
0.126402 0.00424524 0.172667 0.128451 0.000855889 0.00747025 0.000234508 0.0980757 0.0686599 0.392815 3.36112e-05 5.3638e-06 8.52557e-05 
0.194224 2.04088e-05 0.044861 0.00697457 6.02066e-06 0.000490757 0.0139926 0.00516531 0.361058 0.372327 0.000665344 0.000182305 3.17768e-05 
0.00660605 0.000735224 0.268048 0.0870745 0.00052449 6.72785e-05 0.00522371 0.0114766 0.238077 0.378162 2.3026e-05 0.000223174 0.00375801 
0.071845 0.0366685 0.0938582 0.0833226 4.86365e-05 0.00546711 0.0042578 0.0558239 0.0516519 0.594625 0.00017197 0.000766194 0.00149267 
0.0463424 0.0174914 0.0376207 0.0524288 3.01253e-06 0.000555606 4.87318e-05 0.00469239 0.0558835 0.783434 0.000876172 2.81683e-05 0.000594985 
1.57291e-12 0.000104457 0.000459236 0.0016229 1.25698e-11 1.11415e-08 8.76376e-12 1.4799e-12 4.07161e-05 0.997772 2.54687e-08 1.09983e-11 4.75922e-07 
0.0210471 0.000883236 0.188863 0.0815759 6.86661e-06 0.00332393 3.02975e-05 0.0997008 0.0801819 0.523503 2.04402e-05 6.51263e-06 0.000857176 
0.016054 0.000314912 0.0210966 0.0273418 7.11972e-06 5.14666e-05 0.00719207 0.000311173 0.00225251 0.924028 8.85104e-05 2.02563e-07 0.00126175 
0.00726066 0.00489631 0.0548451 0.0399388 0.000117774 0.000146038 0.00391614 0.000788628 0.0259437 0.860194 5.49069e-05 7.90739e-05 0.00181912 
0.0661134 0.0163733 0.106421 0.0778364 0.00011935 3.13321e-05 0.000135499 0.0206095 0.121767 0.567702 1.90898e-05 1.35582e-05 0.0228588 
0.0113078 0.0160141 0.0316015 0.0253905 0.00315392 0.00027012 0.000143556 0.00307976 0.181643 0.727309 1.27429e-05 1.13033e-06 7.27929e-05 
0.373703 0.000744396 0.0697203 0.0645778 1.30741e-05 0.0326165 8.09264e-05 0.00681645 0.0090735 0.439534 7.64127e-05 0.00145366 0.0015892 
0.00508752 0.0962102 0.0523145 0.0880647 3.06034e-08 1.31043e-05 0.00453695 0.0218436 0.0633993 0.664824 6.24259e-05 0.000763834 0.00287975 
0.00193969 0.000970298 0.072232 0.100785 1.695e-10 3.66759e-07 1.28416e-05 0.00445495 0.01476 0.804845 3.46316e-11 1.42334e-08 9.84145e-11 
0.0453849 0.00023632 0.0393832 0.2376 2.38894e-06 0.000255304 3.72583e-06 0.100214 0.00753587 0.568056 0.000178353 4.45626e-05 0.00110612 
0.00535338 0.0400338 0.139742 0.0344551 3.61182e-07 0.000762296 0.00163894 0.00459081 0.0140903 0.745908 6.46249e-07 5.62323e-08 0.0134241 
0.142976 0.0154968 0.0868658 0.0783489 1.91797e-05 0.00279379 0.0010662 0.0136449 0.0468534 0.591269 0.00207885 0.00162326 0.016964 
0.0221175 0.0130365 0.00970068 0.0603963 5.93233e-06 0.0342087 4.26028e-05 0.0137787 0.00462482 0.7823 0.00022592 2.19352e-05 0.0595407 
0.0471553 0.00561414 0.0210457 0.184491 0.000647434 0.0548457 0.000625139 0.0590532 0.00983977 0.573906 3.20356e-07 8.26621e-10 0.042776 
0.00160928 0.00152083 0.0554711 0.107361 0.000244992 0.000692765 0.108818 0.000110013 0.0195969 0.696619 0.000192715 0.00725058 0.000512639 
0.0246609 0.00159225 0.0430411 0.037014 0.000135133 7.41791e-05 0.0118699 0.00405541 0.0369259 0.838682 0.000212123 3.63738e-05 0.00170039 
0.104994 0.101261 0.081978 0.103167 5.51891e-09 0.0230404 0.00017769 0.0164399 0.211717 0.304135 5.51334e-05 0.0530345 3.65246e-08 
0.000757573 0.00011145 0.110085 0.00789385 7.16479e-07 1.63424e-05 3.24104e-05 0.00092843 0.40818 0.471992 1.83881e-06 1.60704e-10 1.1741e-07 
0.00128057 0.175739 0.0379413 0.253952 1.50433e-07 0.00130585 0.000140518 0.131073 0.0213357 0.375777 1.9344e-05 3.23995e-05 0.00140369 
0.0831632 0.00197186 0.176419 0.188564 0.00579858 0.000977058 0.00967557 0.0501271 0.0428814 0.432098 0.000325791 0.000398987 0.00759956 
0.0434717 0.036257 0.0242134 0.0301695 1.2674e-07 7.555e-06 5.34102e-05 0.010327 0.012651 0.835316 3.22981e-06 6.27229e-05 0.00746734 
0.0135991 0.0597591 0.0375839 0.00796911 7.29186e-05 0.0137206 0.000202094 0.00840022 0.0265797 0.830891 2.23352e-06 2.6507e-05 0.0011937 
0.0155419 0.000193411 0.0650468 0.00682794 3.95686e-06 0.00173364 0.00204367 0.00080104 0.328055 0.579513 0.000235391 1.93028e-07 4.00822e-06 
0.175752 0.0119047 0.0507996 0.0827586 0.000209749 0.0002451 0.00137492 0.0101826 0.102797 0.562918 0.000107381 0.0001637 0.000787025 
0.0853942 0.0069566 0.0617854 0.0469071 5.75628e-05 0.0209475 0.00284583 0.0076355 0.0323354 0.721774 0.00190781 0.000339174 0.0111141 
0.0699546 0.00174142 0.0396298 0.0745974 2.11483e-05 0.000642273 0.0116133 0.00527714 0.0132119 0.781191 3.81626e-05 0.00115928 0.000922353 
0.0331082 0.00224487 0.0319802 0.0816369 1.19195e-05 0.000379343 0.000357717 0.0148778 0.0142803 0.806647 0.00776722 0.000925315 0.00578323 
0.119571 0.00343515 0.0693969 0.0458999 2.00161e-06 0.0256968 0.000451037 0.0068351 0.0235673 0.700128 0.0028463 0.000710035 0.00146084 
0.00724217 0.0140605 0.110473 0.0381262 0.000345986 0.00121831 0.0018011 0.0233206 0.104087 0.69701 2.41288e-06 0.000135366 0.00217725 
0.0385411 0.0879681 0.271876 0.161278 6.78356e-07 0.000110334 0.000119903 0.0188552 0.00916095 0.411938 1.12843e-05 3.19181e-05 0.000107846 
0.00671008 0.0759845 0.183753 0.145392 1.77587e-05 0.00260471 0.00282161 0.00943431 0.145588 0.417215 5.15628e-05 0.000983629 0.00944419 
0.260282 0.00030639 0.151266 0.0760712 1.35162e-07 0.0022644 7.60947e-06 0.0584731 0.0509252 0.399801 5.71776e-09 1.14188e-07 0.000603619 
0.010674 0.00133503 0.0295612 0.08702 5.51596e-06 0.00180548 4.30921e-05 0.0169402 0.00873287 0.837161 2.00499e-05 4.33522e-06 0.00669766 
0.0113343 0.00270369 0.00344511 0.000604872 3.18116e-10 2.69909e-06 0.00130254 5.32039e-05 0.0259233 0.954624 1.18689e-08 3.24017e-06 2.73075e-06 
0.0210676 6.92604e-06 0.0189284 0.0290304 8.18715e-06 3.85022e-05 0.00844062 0.000133449 0.000891865 0.920852 6.97011e-05 4.42569e-08 0.000532182 
0.00862588 0.0206295 0.320172 0.132824 1.53038e-05 0.00337487 0.000206425 0.00349251 0.0942275 0.39498 0.0209855 1.02823e-08 0.000466764 
0.0172375 7.47099e-05 0.0186975 0.0556472 3.53797e-05 3.15306e-05 0.00690685 0.000733093 0.00086226 0.899281 5.70576e-05 3.76588e-08 0.00043575 
0.267053 0.0403737 0.0572349 0.261101 1.18556e-05 0.0499871 8.28602e-05 0.0215416 0.0277659 0.271027 4.85158e-05 0.00368898 8.41101e-05 
0.126982 0.0319653 0.0817882 0.0742386 9.17075e-05 0.00865156 0.0014635 0.0235446 0.0519384 0.59037 0.00169076 0.00208076 0.00519518 
0.000179997 0.0722118 0.0233438 0.152911 5.49516e-06 0.00222141 3.62388e-06 0.0037219 0.352848 0.378324 0.000651586 0.000113076 0.0134633 
0.264716 0.00493278 0.0490395 0.0620909 1.6551e-05 0.000256628 0.000134381 0.0323685 0.030083 0.553021 7.59288e-05 0.00215191 0.00111298 
0.00508752 0.0962102 0.0523145 0.0880647 3.06034e-08 1.31043e-05 0.00453695 0.0218436 0.0633993 0.664824 6.24259e-05 0.000763834 0.00287975 
0.337302 0.00473153 0.0582355 0.195634 1.10083e-05 0.00146078 2.89969e-05 0.0546631 0.00195815 0.345684 8.28501e-06 5.90661e-05 0.000223731 
0.00779635 0.0678097 0.00777706 0.0507165 2.97334e-07 0.0032937 0.000422286 0.0102901 0.0309385 0.818625 0.000296248 0.000311651 0.00172242 
0.0268137 0.0522102 0.192669 0.102911 0.000398314 0.00171795 0.00176078 0.0318337 0.0752855 0.513505 0.000105018 0.000179029 0.000611382 
0.0611449 0.019779 0.106307 0.060764 4.24596e-05 0.000479778 0.000658249 0.0112503 0.084126 0.64822 0.000112372 3.10326e-05 0.00708548 
0.022991 0.00179626 0.0746651 0.0956342 4.6852e-05 0.000115504 0.000596823 0.000586072 0.0304546 0.771273 1.28368e-05 6.31886e-07 0.00182696 
0.0184955 2.58411e-11 0.0805177 0.0142333 1.7377e-10 5.42349e-05 3.8744e-07 0.0544265 0.276321 0.327411 4.69536e-05 1.52045e-10 0.228493 
0.0211423 0.00522227 0.169561 0.172111 0.00796309 0.000538948 0.0404294 0.0423051 0.139054 0.338948 0.000496757 0.0556099 0.00661869 
0.0181873 0.0236983 0.0960639 0.00361864 0.000291755 0.0348259 0.052531 0.0123386 0.305875 0.400033 7.14178e-05 0.0360129 0.0164521 
0.000501429 0.0604878 0.0367826 0.290887 0.000429966 0.00137801 6.51012e-05 0.00878659 0.0163913 0.571258 0.00199843 0.000941078 0.0100917 
0.00664809 0.0010514 0.0171567 0.0189043 1.57315e-06 6.25481e-05 0.00143493 0.000443732 0.0043348 0.948773 3.02402e-05 5.38755e-07 0.00115857 
0.0147715 0.0110074 0.0775918 0.0843063 1.00505e-05 0.00600631 0.00019866 0.00876902 0.199007 0.597537 0.000135679 1.58766e-05 0.000643813 
0.00525003 5.03864e-06 9.54382e-05 0.000113231 3.38827e-05 1.6079e-05 0.00021034 5.07407e-05 0.0109069 0.983086 6.92278e-06 0.000205674 1.96728e-05 
0.171796 0.000202177 0.0183306 0.0078704 8.2002e-07 0.000361856 3.15567e-06 0.000292704 0.143497 0.654783 0.00256649 1.87176e-09 0.0002957 
0.000689104 0.0812064 0.175588 0.209926 3.36349e-05 0.00293945 0.000815623 0.0525437 0.0466561 0.429231 3.12816e-05 0.00031733 2.3633e-05 
0.0215038 0.00225785 0.210245 0.0657688 6.46597e-05 0.000549482 0.000117613 0.0514921 0.317545 0.330196 3.40225e-05 1.60953e-05 0.000209679 
0.116276 0.0016174 0.0729041 0.0734296 5.08308e-06 0.000948092 0.00254494 0.0203117 0.0793119 0.617268 2.31509e-05 0.00836441 0.00699599 
0.0073226 0.0016086 0.0225996 0.0546439 6.49991e-07 8.88561e-05 3.15528e-05 0.00222224 0.02981 0.878843 2.01769e-05 8.76795e-05 0.00272062 
0.049725 0.0565116 0.317014 0.00295019 2.31612e-06 0.000218773 2.33812e-06 0.00211884 0.0396832 0.531581 1.9405e-07 6.72766e-06 0.000185408 
0.0295862 0.00250305 0.0679698 0.238739 2.02031e-05 0.00180277 6.22659e-06 0.0273751 0.0148879 0.617014 3.85052e-06 8.91749e-06 8.27451e-05 
0.0617569 0.0134504 0.000644315 0.00212915 6.74622e-10 8.57304e-08 1.10067e-07 0.000903594 0.000300387 0.920804 1.63994e-07 5.90281e-10 1.07143e-05 
0.00190875 3.91395e-08 0.00563047 0.00103652 5.34466e-09 7.37611e-08 1.19617e-11 0.00193165 0.187683 0.80175 5.93214e-05 1.50116e-11 2.10441e-08 
0.162563 0.00174666 0.0486293 0.0748357 0.00124373 3.8224e-09 0.00149359 0.013723 0.0603207 0.629236 0.000103593 1.4069e-06 0.00610248 
0.00423118 0.00125303 0.0389463 0.0436306 0.00029937 0.000944636 0.0492602 0.0039202 0.107864 0.712181 0.0340462 2.89566e-05 0.00339373 
0.000264235 0.0274889 0.237475 0.0223045 1.42916e-07 0.00798798 8.12418e-05 0.137364 0.0298771 0.534355 6.99904e-08 1.77563e-09 0.00280131 
0.024625 0.0143178 0.189594 0.244808 7.46062e-05 0.00851575 0.0032625 0.0299306 0.125701 0.355705 3.12963e-05 0.00272859 0.000704967 
0.00211828 0.0810103 0.0801144 0.0698343 2.52599e-06 3.03016e-05 0.0175896 0.0137255 0.0193534 0.716171 2.26311e-05 4.24393e-07 2.76167e-05 
0.0720583 0.00528903 0.0870311 0.0705805 0.000181021 0.00795378 0.0139442 0.023936 0.0407996 0.567275 0.000824015 0.000639447 0.109488 
0.124782 0.00834395 0.0436027 0.114367 1.19298e-05 0.0022019 0.000539186 0.00751287 0.0436274 0.629055 0.0183557 0.00511925 0.00248134 
0.00763594 0.0358705 0.041213 0.0642406 0.00378303 0.000383895 0.00143106 0.0340037 0.0310306 0.779899 3.94198e-05 1.44535e-05 0.000454462 
0.210516 0.0117855 0.0786611 0.0970853 0.000143929 0.00356728 0.00154402 0.00777866 0.0481892 0.52869 0.00393448 0.00221863 0.00588511 
0.0566931 0.00585449 0.0487026 0.0734674 8.5857e-06 0.00482958 0.00114862 0.00816292 0.0404793 0.668248 2.00689e-05 0.00969702 0.0826884 
0.0195908 9.32822e-07 0.18678 0.198439 0.00326209 9.32413e-07 9.32137e-07 0.138158 0.169603 0.26337 0.00195971 9.31918e-07 0.0188331 
0.0244572 0.103721 0.0802539 0.0374509 7.34317e-06 0.00176717 0.000949161 0.00528614 0.0675731 0.677651 2.57601e-05 4.91073e-05 0.000809024 
0.000167163 0.0140779 0.047463 0.269284 0.000119894 7.63794e-05 0.000125799 0.0429934 0.0107618 0.602595 0.0120821 0.000189151 6.40418e-05 
0.0200009 0.0646232 0.0470183 0.00881391 2.67809e-07 0.000676754 0.00024273 0.0133438 0.308279 0.533582 0.000248914 7.15123e-05 0.00309861 
1.57291e-12 0.000104457 0.000459236 0.0016229 1.25698e-11 1.11415e-08 8.76376e-12 1.4799e-12 4.07161e-05 0.997772 2.54687e-08 1.09983e-11 4.75922e-07 
0.00152107 0.0488574 0.0824343 0.0522139 4.37078e-07 1.92088e-05 5.1678e-05 0.0113297 0.0142647 0.788805 4.03879e-05 4.29468e-09 0.000461854 
0.120244 0.00542035 0.243741 0.20548 2.14329e-05 0.000411561 0.000562535 0.00672298 0.0783271 0.325651 0.00011297 4.18785e-05 0.0132637 
0.0178267 0.00511957 0.0617741 0.0479659 7.89031e-07 1.33337e-05 7.97213e-06 0.0471272 0.042299 0.777736 9.02886e-05 2.57172e-05 1.36767e-05 
0.330351 0.00794289 0.0746435 0.0669377 1.91003e-05 0.0283454 5.91007e-05 0.0118149 0.0601487 0.419687 6.68675e-06 4.22525e-06 3.97019e-05 
0.23821 0.00574017 0.124626 0.0483522 6.74315e-06 0.0263548 0.00530003 0.00449093 0.0294448 0.490148 3.89867e-06 0.0266947 0.000627313 
0.0645763 1.00165e-07 0.00592821 0.0439178 7.12644e-09 0.000138317 8.63869e-05 0.000208656 0.0352612 0.849876 7.18305e-06 1.5119e-08 4.76695e-08 
0.121942 0.0368369 0.196135 0.0878764 0.000317073 0.0180483 0.000550531 0.000675871 0.0615976 0.468626 8.41471e-06 0.000116591 0.0072692 
0.0919499 0.0108405 0.141878 0.0287392 4.27217e-05 0.0326386 0.001502 0.00503212 0.0976953 0.586907 7.60608e-05 4.5068e-05 0.00265293 
4.8675e-12 0.0015699 0.000529523 6.78217e-07 3.88983e-11 2.32605e-07 2.71202e-11 4.57967e-12 2.97104e-07 0.997899 7.94755e-12 3.40352e-11 2.2585e-11 
0.111656 0.011334 0.112514 0.0626189 0.000214783 0.000405334 0.00229231 0.00418966 0.0235522 0.670798 0.000326076 7.22239e-06 9.18516e-05 
0.00676519 5.09042e-06 0.00360664 7.06273e-05 3.09829e-07 0.00197436 2.39955e-05 4.93977e-07 0.000744051 0.986701 2.08614e-09 0.000108328 2.83355e-08 
0.0285138 0.00130207 0.0980528 0.336057 1.99618e-05 0.00493468 0.00550232 0.00342269 0.0248536 0.490123 0.00322542 8.01286e-05 0.00391225 
0.0252449 0.000169492 0.0199104 0.115996 0.0132219 0.00994997 0.00157527 0.00319776 0.0421359 0.73636 0.00318473 0.0136678 0.0153852 
0.112286 4.69084e-12 0.020997 0.00801137 3.15438e-11 7.22833e-07 0.000357808 3.42161e-05 0.0602279 0.798085 4.60147e-08 4.26259e-08 2.16918e-07 
0.0271727 0.0165386 0.13198 0.0813344 5.17028e-05 0.00211645 0.13512 0.0261142 0.174 0.36288 0.0183312 0.00291153 0.0214484 
0.111739 0.00331664 0.0266008 0.0864673 0.000432321 0.000198557 0.000514299 0.0214347 0.0577672 0.668612 0.00039579 0.0218865 0.000635119 
0.00525558 6.69989e-05 0.2271 0.0250674 1.10809e-06 3.71101e-05 0.000744506 0.000124561 0.36645 0.373868 3.07227e-06 0.000101386 0.00118142 
0.126665 0.00119953 0.247894 0.0331639 6.98385e-05 0.0162068 0.0115078 0.00960174 0.151356 0.335558 0.000107096 0.0026413 0.0640292 
0.000516027 0.0021183 0.041014 0.0205334 9.87584e-07 0.000131658 9.76435e-06 0.00204681 0.0120186 0.920672 2.94447e-05 1.61762e-05 0.000893023 
0.0106399 0.140539 0.0175146 0.038873 1.14197e-06 7.87524e-06 0.00038788 0.0984031 0.0587036 0.634183 0.000361235 0.00013413 0.000252009 
0.0147551 0.0196205 0.0766357 0.176029 2.68548e-05 0.00367352 0.00111395 0.182665 0.0476495 0.451741 0.000141832 0.00537805 0.0205695 
0.00756911 0.00253246 0.150986 0.162522 2.3406e-05 0.00302682 0.000145154 0.0537965 0.110783 0.476353 0.000132793 0.000280009 0.0318499 
0.00118946 0.0035944 0.240504 0.168118 4.46351e-05 0.0543695 0.000525793 0.0248455 0.130071 0.37247 0.000275999 0.00352195 0.000469152 
0.205347 0.00271573 0.0743214 0.0419726 0.00038047 0.00611832 0.0364116 0.000766737 0.101952 0.528618 0.000225382 1.05721e-05 0.00116058 
0.0287201 1.36408e-06 0.0195539 0.0852102 2.07068e-10 0.000351964 0.000370239 0.00178218 0.00741181 0.622349 4.82277e-05 0.000134487 0.234067 
0.036632 0.0184495 0.0721339 0.149136 1.29584e-05 0.000425587 0.00421827 0.00787388 0.0522633 0.594173 0.046665 0.0110835 0.00693312 
0.373703 0.000744396 0.0697203 0.0645778 1.30741e-05 0.0326165 8.09264e-05 0.00681645 0.0090735 0.439534 7.64127e-05 0.00145366 0.0015892 
0.0466402 0.0388074 0.103201 0.0583822 0.0108426 0.00726782 0.00128337 0.098995 0.139926 0.491241 0.00058578 0.000182351 0.00264442 
0.000590259 0.00838965 0.000357018 0.000445411 9.3651e-09 2.29669e-06 6.86437e-07 0.0076047 0.167386 0.814981 1.09778e-05 9.83529e-07 0.000230148 
0.00845231 0.0427702 0.0674507 0.0235785 1.45461e-07 3.47455e-06 3.75108e-05 0.0230625 0.0744439 0.759097 0.000171626 1.27275e-07 0.000931733 
0.0453813 0.0135848 0.0968629 0.092745 0.000349874 0.00237909 0.000140153 0.0278335 0.199068 0.517847 6.69392e-05 0.00322497 0.000516777 
0.0300937 0.00187936 0.104688 0.127527 1.30726e-05 0.00557404 1.87217e-07 0.00607987 0.106279 0.616669 3.3659e-05 3.69214e-05 0.00112492 
0.0798046 0.0694006 0.0195809 0.0191296 0.000237832 0.00415755 0.00193319 0.00943986 0.0539475 0.742269 8.98244e-05 9.59629e-06 3.94226e-08 
0.0746032 0.0088441 0.10376 0.105157 5.537e-06 0.00369139 0.00020708 0.0086271 0.12081 0.540908 0.00213466 0.0240074 0.00724515 
3.70546e-09 0.0394863 0.008241 0.011296 0.000224082 0.000257874 1.29678e-05 0.000899011 0.102944 0.834186 3.90014e-05 9.60537e-07 0.00241343 
1.84263e-05 0.00105826 0.113126 0.0618538 1.61747e-05 4.21908e-06 0.171646 0.00519153 0.124899 0.518517 0.000104016 4.08152e-07 0.00356468 
0.00193969 0.000970298 0.072232 0.100785 1.695e-10 3.66759e-07 1.28416e-05 0.00445495 0.01476 0.804845 3.46316e-11 1.42334e-08 9.84145e-11 
0.0398217 0.0260044 0.0810439 0.304437 1.83019e-06 0.00114786 0.000697796 0.00751082 0.138629 0.399484 0.000220994 0.000928872 7.24087e-05 
0.0460359 0.0655483 0.301405 0.0691753 0.000115401 0.000333552 0.000396748 0.0262637 0.149735 0.340181 3.3931e-05 1.2053e-05 0.000763664 
0.0812441 0.00550479 0.180643 0.0254691 0.000257159 0.0762256 8.46298e-05 0.000756891 0.0560205 0.573122 4.45351e-07 0.000370433 0.000301301 
0.00619182 0.0169997 0.0346895 0.06529 1.25143e-05 0.00180874 0.000517535 0.0115972 0.0343939 0.801705 0.00204866 0.0145353 0.01021 
0.00299869 0.0396556 0.291817 0.256642 4.34078e-05 9.95305e-08 0.000200034 0.0254483 0.0061595 0.375619 3.13666e-05 1.20373e-08 0.00138474 
0.0330431 0.00414788 0.0538794 0.0838561 0.000320589 0.000389934 0.176738 0.0219285 0.0265864 0.587884 0.000251063 5.36766e-05 0.0109214 
0.0210676 6.92604e-06 0.0189284 0.0290304 8.18715e-06 3.85022e-05 0.00844062 0.000133449 0.000891865 0.920852 6.97011e-05 4.42569e-08 0.000532182 
0.143886 0.00323504 0.199656 0.253775 0.000175808 7.28884e-05 0.00067363 0.107879 0.00690294 0.278691 8.79287e-06 0.00491774 0.000126045 
0.0181076 0.0464442 0.218567 0.0560249 0.000175909 0.00322465 0.00261377 0.00899575 0.0986694 0.504194 0.0379336 0.00270614 0.00234296 
0.000851212 0.00180183 0.0133817 0.0133226 1.70188e-07 6.48192e-05 6.5431e-06 0.000636805 0.00567148 0.964125 2.34775e-05 6.20981e-07 0.000113645 
0.0330431 0.00414788 0.0538794 0.0838561 0.000320589 0.000389934 0.176738 0.0219285 0.0265864 0.587884 0.000251063 5.36766e-05 0.0109214 
0.0451187 0.00948582 0.129101 0.14043 0.000187695 0.00329439 0.002145 0.0468789 0.110178 0.472308 0.00327243 0.00672412 0.0308754 
0.00468724 0.000268918 0.107014 0.0332752 0.000192683 0.000482581 0.0670955 0.000528262 0.0550065 0.717255 0.000319611 1.31713e-07 0.0138751 
0.373703 0.000744396 0.0697203 0.0645778 1.30741e-05 0.0326165 8.09264e-05 0.00681645 0.0090735 0.439534 7.64127e-05 0.00145366 0.0015892 
0.269883 0.00751641 0.0599966 0.0766883 2.26582e-06 0.000945285 0.000136524 0.0118126 0.011803 0.559822 6.56756e-05 1.88885e-05 0.00130994 
0.135657 0.000941698 0.00939093 0.0166713 4.7137e-06 6.44677e-05 1.50161e-05 0.0346942 0.00360989 0.774192 2.21652e-05 0.0153535 0.00938315 
0.000904079 1.73815e-05 0.026238 0.00986568 8.9303e-06 1.4532e-05 0.00640388 0.00111001 0.00146296 0.944228 6.05082e-05 1.31191e-07 0.00968603 
0.143704 2.58095e-13 0.00176825 9.44024e-07 6.24983e-09 0.00142635 1.07091e-07 8.6641e-09 0.0358996 0.817163 6.0615e-06 3.07531e-05 4.23247e-08 
0.000829238 0.186944 0.206729 0.131643 6.95221e-10 5.61249e-07 6.59902e-05 0.0394349 0.0509462 0.383296 6.40689e-08 6.08304e-10 0.000110098 
0.00169828 0.0575327 0.0308988 0.0618819 2.13165e-05 0.000259818 1.89959e-05 0.0219308 0.00938492 0.802467 4.30784e-05 0.0138024 6.01254e-05 
0.00062871 0.0827833 0.150719 0.162216 1.37282e-08 0.00204985 1.08904e-07 0.0956083 0.23997 0.264162 7.38738e-05 2.80848e-07 0.00178773 
0.120695 0.00732236 0.0500771 0.0399188 1.29969e-05 6.69908e-05 0.0357899 0.000138348 0.0209936 0.724967 5.06447e-06 2.78635e-06 9.13259e-06 
0.256246 0.0150576 0.170284 0.049844 5.64049e-08 0.000719755 0.000113304 0.0352946 0.045762 0.425436 2.57899e-05 9.9755e-06 0.0012074 
0.0210676 6.92604e-06 0.0189284 0.0290304 8.18715e-06 3.85022e-05 0.00844062 0.000133449 0.000891865 0.920852 6.97011e-05 4.42569e-08 0.000532182 
0.0113343 0.00270369 0.00344511 0.000604872 3.18116e-10 2.69909e-06 0.00130254 5.32039e-05 0.0259233 0.954624 1.18689e-08 3.24017e-06 2.73075e-06 
0.123069 0.00582336 0.0705752 0.0529382 6.38664e-05 0.00295001 0.000584223 0.00814069 0.0306667 0.497436 0.000105595 5.2799e-05 0.207594 
0.170626 0.0210118 0.0721513 0.0755318 3.04394e-05 0.00429809 0.000903176 0.0100038 0.0706535 0.57352 7.07786e-05 1.88467e-05 0.00117968 
0.0210676 6.92604e-06 0.0189284 0.0290304 8.18715e-06 3.85022e-05 0.00844062 0.000133449 0.000891865 0.920852 6.97011e-05 4.42569e-08 0.000532182 
0.0557885 0.00862345 0.0160447 0.0231766 1.31293e-07 0.0255127 8.08835e-05 0.0691956 0.0727946 0.715932 1.4088e-05 2.30979e-05 0.0128141 
0.00470678 0.0159914 0.0474723 0.230579 2.28345e-10 2.11956e-09 3.25295e-05 0.193806 0.000177657 0.507234 3.38173e-08 1.99798e-10 1.32581e-10 
0.0210676 6.92604e-06 0.0189284 0.0290304 8.18715e-06 3.85022e-05 0.00844062 0.000133449 0.000891865 0.920852 6.97011e-05 4.42569e-08 0.000532182 
0.0210676 6.92604e-06 0.0189284 0.0290304 8.18715e-06 3.85022e-05 0.00844062 0.000133449 0.000891865 0.920852 6.97011e-05 4.42569e-08 0.000532182 
0.00110704 0.0146958 0.0793005 0.10117 1.50189e-11 1.51536e-08 3.67404e-06 1.104e-05 0.0443789 0.758982 1.01641e-08 9.15954e-06 0.000341916 
0.00691661 0.0623624 0.0565099 0.081825 9.19112e-07 6.24686e-05 0.00095648 0.0192612 0.0428482 0.688532 2.49225e-07 0.000278019 0.0404462 
0.0108782 0.0948352 0.0847143 0.10228 9.32214e-08 6.96658e-07 2.75461e-10 0.047804 0.131881 0.449678 0.000156369 0.000243602 0.0775285 
0.0699939 0.00592464 0.0529587 0.257465 3.81548e-05 0.000683761 6.96816e-06 0.0362431 0.0150418 0.549966 3.21171e-05 4.4304e-05 0.0116018 
3.70546e-09 0.0394863 0.008241 0.011296 0.000224082 0.000257874 1.29678e-05 0.000899011 0.102944 0.834186 3.90014e-05 9.60537e-07 0.00241343 
0.0105106 0.0412249 0.185032 0.0680707 3.17964e-05 7.44151e-05 0.000177186 0.00131247 0.231087 0.459681 2.40671e-05 0.00263806 0.000135519 
0.022991 0.00179626 0.0746651 0.0956342 4.6852e-05 0.000115504 0.000596823 0.000586072 0.0304546 0.771273 1.28368e-05 6.31886e-07 0.00182696 
0.036632 0.0184495 0.0721339 0.149136 1.29584e-05 0.000425587 0.00421827 0.00787388 0.0522633 0.594173 0.046665 0.0110835 0.00693312 
0.166128 0.0338302 0.101012 0.154203 4.32748e-07 0.00672937 0.000646047 0.00719479 0.0739604 0.453977 0.00227498 6.87761e-06 3.6495e-05 
0.174965 2.16014e-07 0.0474516 0.00298742 6.89752e-07 0.147963 4.91302e-05 0.0150764 0.0267855 0.470535 4.92075e-09 1.80384e-11 0.114187 
0.000409848 0.176497 0.0609477 0.0954159 0.000210138 0.000346532 0.00642653 0.00950548 0.0358412 0.589253 0.024212 0.000851071 8.39294e-05 
0.371752 0.0040125 0.0393771 0.117224 1.11582e-05 8.58448e-06 2.23489e-05 0.00612854 0.0457201 0.41565 1.24487e-05 7.73995e-06 7.39652e-05 
0.0153682 0.274188 0.140735 0.153044 3.06809e-06 0.00334928 0.00218615 0.0226546 0.108113 0.277559 0.000265827 8.78362e-06 0.00252466 
0.228735 0.0124431 0.231653 0.0238298 4.52464e-09 0.00139891 0.000654621 0.00570828 0.192419 0.303135 1.11835e-08 2.3266e-05 9.91069e-08 
0.00190875 3.91395e-08 0.00563047 0.00103652 5.34466e-09 7.37611e-08 1.19617e-11 0.00193165 0.187683 0.80175 5.93214e-05 1.50116e-11 2.10441e-08 
0.015779 0.0156256 0.129553 0.269869 1.74716e-05 0.0505025 0.00140084 0.0148365 0.117908 0.313127 0.00207428 0.000467043 0.06884 
0.0174552 0.0264266 0.129561 0.0898599 2.01567e-05 0.00825666 0.00104238 0.0329385 0.0856348 0.371405 0.000152262 0.000398254 0.23685 
0.00171202 0.00191808 0.00880129 0.0498372 2.26074e-05 0.000108995 5.37203e-06 0.0156618 0.0491064 0.872453 1.02321e-05 1.18463e-07 0.000363286 
0.369648 0.0017768 7.23979e-07 0.00654967 8.62127e-09 5.21447e-05 3.36607e-08 1.35753e-07 0.000363596 0.621608 2.51523e-11 9.42934e-08 6.33292e-07 
0.135983 0.00310696 0.0255374 0.00230389 1.18096e-06 0.0001297 5.8187e-05 0.0032827 0.0196658 0.796942 2.7242e-05 2.18325e-06 0.0129593 
0.0393115 1.97129e-05 0.245168 0.0653077 1.01798e-05 0.00165068 4.95657e-05 0.00472963 0.0876861 0.555369 2.68732e-05 0.000636543 3.45092e-05 
2.96231e-05 0.0407288 0.119687 0.0830964 4.16886e-07 0.000503615 3.71744e-05 0.00399081 0.0816289 0.59406 1.14945e-05 2.28579e-05 0.0762025 
0.0210676 6.92604e-06 0.0189284 0.0290304 8.18715e-06 3.85022e-05 0.00844062 0.000133449 0.000891865 0.920852 6.97011e-05 4.42569e-08 0.000532182 
0.274012 2.54222e-05 0.0254677 0.074131 6.28499e-07 0.000287663 1.89078e-06 0.0823389 0.0380683 0.505411 9.59016e-06 0.000131406 0.000114848 
0.0873987 0.00715697 0.052797 0.0341383 1.28615e-05 0.00579105 0.00429724 0.00567958 0.0455747 0.754178 0.000351098 3.10238e-06 0.00262179 
0.375248 0.0308668 0.0157182 0.0590097 5.48817e-05 3.69938e-05 5.64243e-08 0.000886871 0.0696755 0.448457 4.51242e-05 3.25283e-08 2.9549e-07 
0.0289061 0.020808 0.0949385 0.183477 2.85472e-05 0.0113774 0.00111346 0.0419693 0.0797608 0.529085 0.00184782 0.00251892 0.00416892 
0.07723 0.207623 0.206159 0.154728 4.6025e-06 0.00125397 0.000611594 0.0119289 0.0733877 0.266248 5.01578e-05 6.22696e-05 0.000712353 
0.0505087 0.00367104 0.0135041 0.0440847 0.000157815 0.000138571 0.225349 0.283169 0.0611276 0.316039 0.000571718 6.5375e-06 0.00167234 
0.0356107 0.0134049 0.128985 0.222574 5.96189e-06 0.00365637 0.000571525 0.00809243 0.239856 0.344874 0.000360997 0.00103491 0.000973174 
0.000981875 0.00414305 0.217247 0.201965 2.35055e-07 0.000255779 0.000176092 0.00685291 0.183099 0.384099 1.14758e-05 8.36324e-10 0.00116859 
0.0560472 0.00393371 0.0592423 0.151666 1.28689e-06 0.00331212 0.00024862 0.0265169 0.0757022 0.529417 6.40539e-05 1.72251e-07 0.0938485 
0.000713182 0.00247294 0.0107194 0.0176113 6.66338e-07 6.00194e-05 0.000700733 0.00016815 0.383999 0.582165 3.64915e-06 0.00138507 1.58877e-06 
0.0705597 0.0195418 0.124574 0.0972446 0.000511069 0.002114 0.00483363 0.028245 0.0843356 0.56006 0.000746069 0.000884673 0.00635041 
0.144659 0.0428209 0.0227964 0.0596214 4.19183e-06 0.000484484 0.000127385 0.00608781 0.0856577 0.637692 1.77679e-05 7.86377e-09 3.10241e-05 
0.00190875 3.91395e-08 0.00563047 0.00103652 5.34466e-09 7.37611e-08 1.19617e-11 0.00193165 0.187683 0.80175 5.93214e-05 1.50116e-11 2.10441e-08 
0.0363488 0.0131234 0.0318159 0.0361867 2.92558e-05 0.000425863 0.00592601 0.00512642 0.000175873 0.869484 0.000154021 9.46286e-05 0.00110871 
0.00657249 0.0446057 0.0401359 0.0634428 1.8079e-07 0.000203516 6.45777e-06 0.00066607 0.0126031 0.830892 2.11888e-05 0.000502483 0.000348326 
0.00190875 3.91395e-08 0.00563047 0.00103652 5.34466e-09 7.37611e-08 1.19617e-11 0.00193165 0.187683 0.80175 5.93214e-05 1.50116e-11 2.10441e-08 
0.000516027 0.0021183 0.041014 0.0205334 9.87584e-07 0.000131658 9.76435e-06 0.00204681 0.0120186 0.920672 2.94447e-05 1.61762e-05 0.000893023 
0.111075 0.0359079 0.0623774 0.0676594 0.000622359 0.00072826 0.00177741 0.0324008 0.0524945 0.632695 0.00188875 0.000316663 5.63198e-05 
0.0260892 0.0100991 0.0946779 0.0725797 8.13044e-06 0.000543944 0.000248869 0.0234192 0.0207473 0.739145 0.0057276 0.000784317 0.00592939 
0.0602002 0.00574484 0.05088 0.139954 0.0162739 0.00250941 0.0275808 0.0154409 0.0419753 0.614184 0.000150237 0.0187505 0.00635608 
0.100945 0.00875217 0.106286 0.0334899 0.000569018 0.000642427 0.0444737 0.000375404 0.171249 0.521206 0.000206266 0.00050461 0.0112996 
0.00448033 0.0220571 0.147868 0.0325235 6.81393e-06 0.000275051 0.00149859 0.0457474 0.0359311 0.601614 0.086601 6.81146e-05 0.0213287 
0.0305243 9.77838e-06 0.030224 0.117631 7.73534e-06 0.000349505 0.000508419 0.0021684 0.0176579 0.766619 1.01043e-05 6.46981e-06 0.0342829 
0.00119834 0.00144546 0.180141 0.150023 0.000412735 0.000840432 0.00433018 0.000717135 0.126387 0.532681 1.04551e-05 0.00119755 0.000615988 
0.0591761 0.00289789 0.0058111 0.0218724 0.0013298 4.17658e-07 0.000273779 0.000368638 0.0926377 0.815291 1.37092e-06 0.00032776 1.2031e-05 
0.00719952 0.00377097 0.0662051 0.0968719 1.27727e-05 0.00401938 0.000179139 0.00232597 0.0374755 0.594401 1.68546e-05 6.01026e-07 0.187521 
