0.526921 0.0150829 0.171021 0.0173201 0.00706025 0.00261626 0.00142504 0.0142659 0.000167952 1.93496e-05 0.0806603 0.0243668 0.00646007 0.0946719 0.0379406 
0.40059 6.40588e-05 0.0641509 0.0296454 0.012893 0.00184553 0.000249662 0.103013 3.48448e-06 5.29496e-05 0.20261 0.00470807 0.059633 0.0492356 0.0713056 
0.229181 0.00329035 0.100127 0.020042 0.213976 0.00268657 0.00350745 0.0652021 0.000840969 8.1851e-05 0.0588921 0.0400993 0.0115997 0.219113 0.0313601 
0.702974 0.0032144 0.0350047 0.0165105 0.00867129 0.000246492 0.00512544 0.0202499 0.00246023 0.000256123 0.0816572 0.0250369 0.00902547 0.0494804 0.0400868 
0.30574 0.0129804 0.0547987 0.0390212 0.0650456 0.0152175 0.00609484 0.0376493 0.000832691 0.000182384 0.0938276 0.018993 0.0232875 0.236063 0.0902662 
0.652284 0.00365126 0.0620478 0.0209984 0.0137219 0.000304865 0.00334774 0.0380319 0.000125178 0.000373851 0.0700881 0.0555832 0.00642475 0.0211595 0.0518579 
0.277912 0.00990908 0.136112 0.0217288 0.0223847 0.000811021 0.00486569 0.114903 0.00300883 0.000377998 0.0935095 0.0548841 0.0315568 0.177353 0.0506845 
0.198335 0.0163136 0.166278 0.0595455 0.0185941 0.0028715 0.0104571 0.124681 0.00307721 0.00141423 0.102815 0.0390284 0.0417941 0.152316 0.0624799 
0.362484 5.18321e-08 0.340052 1.8156e-08 0.223416 3.04239e-11 1.20106e-11 0.0214062 6.3201e-10 3.33293e-11 0.0325959 1.51042e-06 3.76237e-09 0.0200429 2.00128e-06 
0.275862 0.00467295 0.229672 0.0275382 0.071304 0.00135528 0.00461822 0.146184 0.000387522 4.10621e-05 0.0357413 0.0147171 0.0167282 0.0742704 0.0969084 
0.309361 0.003322 0.155791 0.0361574 0.00289949 0.00272615 0.035761 0.0818361 0.000253207 0.000932965 0.213435 0.00858365 0.0621988 0.0203648 0.0663776 
0.400378 0.0326287 0.086914 0.0320252 0.00920673 0.00168556 0.0111463 0.0567776 0.00905909 8.17394e-05 0.0907631 0.0238997 0.0962973 0.0247257 0.124411 
0.209928 0.00661711 0.209598 0.0233009 0.0164027 0.000388521 0.0125195 0.206599 0.00153573 0.000151682 0.0734057 0.0263551 0.0362862 0.086715 0.0901963 
0.671659 0.00143188 0.0494961 0.0122204 0.00269981 3.96643e-05 0.00460387 0.0300595 0.00158332 9.01916e-05 0.031749 0.00943007 0.0229985 0.0341237 0.127815 
0.405889 0.00151047 0.270189 0.0398582 0.0331393 0.0011618 0.00403101 0.0948055 1.95352e-05 0.000722528 0.037666 0.00331034 0.0112516 0.0393612 0.057084 
0.52747 0.00165492 0.0400003 0.0156473 0.00473171 0.0011302 0.0112678 0.13605 0.00608965 0.000286067 0.043691 0.0426752 0.0210227 0.0472953 0.100988 
0.273264 0.00689534 0.223768 0.0282043 0.0217422 0.000334731 0.0122251 0.0686868 0.000658525 3.75826e-05 0.174135 0.0228901 0.0282598 0.0621377 0.0767604 
0.47493 0.00506855 0.145768 0.038386 0.00728949 0.000745756 0.00336409 0.104329 0.000232693 0.0266837 0.0402814 0.0470067 0.0250786 0.0606685 0.020168 
0.315727 0.0131856 0.0788587 0.0429134 0.0106201 0.000253512 0.00482807 0.0680005 0.00150484 0.000822386 0.306856 0.0277574 0.0330156 0.0904603 0.00519639 
0.479308 0.00633423 0.109742 0.0169502 0.0093393 0.00102983 0.00214124 0.102943 0.0106386 0.000173932 0.0703433 0.0194222 0.0708942 0.0808951 0.0198448 
0.398531 0.00367526 0.126345 0.0529031 0.0104127 0.000392228 0.00138334 0.0386157 0.00182677 0.000167789 0.192063 0.0114281 0.052534 0.0473929 0.0623292 
0.394327 0.0119754 0.159936 0.0427226 0.00438703 0.000766154 0.012214 0.0771748 0.0106856 0.001205 0.149718 0.0150527 0.040254 0.0504736 0.0291087 
0.464381 9.89299e-05 0.0462525 0.0676501 0.00753238 0.000997188 0.00039262 0.0584596 0.00236063 0.000146732 0.160957 0.00958235 0.00831804 0.0599951 0.112876 
0.26372 0.00116376 0.0809084 0.022741 0.0237444 0.000576719 0.00397259 0.0314293 5.52058e-05 5.4651e-05 0.149691 0.182764 0.0263899 0.175996 0.0367924 
0.400068 0.00727489 0.0739599 0.0125812 0.00873906 0.00197378 0.0274775 0.205159 0.000202533 0.00014807 0.0630756 0.030946 0.00892642 0.129554 0.0299144 
0.353306 0.00676458 0.151126 0.0461803 0.0114776 0.00110832 0.00616763 0.0914728 0.00183083 0.000719476 0.125725 0.0486493 0.0195213 0.0522422 0.0837079 
0.176912 0.0296746 0.172457 0.0273861 0.0075171 0.00480268 0.103329 0.172698 0.00139684 3.82624e-05 0.0811196 0.00961108 0.066479 0.0385449 0.108035 
0.301942 0.0495192 0.164423 0.0734653 0.0288548 0.00675974 0.0107707 0.037343 0.0180984 3.96861e-05 0.146947 0.0536905 0.0368204 0.026423 0.0449026 
0.223274 0.0161299 0.196401 0.0227543 0.00658802 0.000857623 0.00713931 0.192176 3.80919e-05 0.000208343 0.155528 0.0097787 0.0356328 0.112412 0.0210813 
0.258876 0.00575307 0.162143 0.0364375 0.0469067 0.000792143 0.00120268 0.0734742 0.00427464 0.000261084 0.0880669 0.0168507 0.0111144 0.257867 0.0359797 
0.650413 0.0086552 0.0759965 0.0134016 0.0197651 0.000519569 0.00397856 0.0427333 0.000131941 0.000206037 0.0589924 0.0409335 0.00461557 0.0282981 0.0513599 
0.52574 0.0105561 0.144955 0.00966422 0.0040397 0.000116465 0.0242526 0.0798432 0.000186177 4.98301e-05 0.0415807 0.0352844 0.0161751 0.0736137 0.0339432 
0.310341 0.000736265 0.0699116 0.0339221 0.0104913 0.00161337 0.000309334 0.0121752 0.0153637 3.08629e-05 0.278603 0.00397703 0.0209982 0.114996 0.126531 
0.566335 0.00194115 0.0807594 0.00770848 0.0101577 0.00142709 0.0253682 0.0263796 0.0072103 4.29959e-06 0.0328202 0.0914764 0.0226593 0.0729275 0.0528257 
0.298163 0.0142091 0.147177 0.0827107 0.0101571 0.00159269 0.00886301 0.10479 0.00453312 0.00402778 0.0667303 0.00949559 0.0318451 0.0676666 0.148039 
0.671669 0.00848064 0.127542 0.00679674 0.000369294 6.93721e-06 0.000340069 0.0717295 3.00286e-05 2.88937e-05 0.0120474 0.00258188 0.00668554 0.0147458 0.0769464 
0.281725 0.00356401 0.118296 0.00881765 0.00791262 0.000667488 0.117055 0.109889 0.00584787 3.13468e-05 0.153119 0.0486438 0.0461903 0.0420964 0.0561435 
0.290235 0.0114438 0.156096 0.0887626 0.00723373 0.000710984 0.00391543 0.0541156 0.00114638 0.00518229 0.100362 0.0135464 0.0128335 0.026762 0.227655 
0.24671 0.0222244 0.0982375 0.0812168 0.0358681 0.00111798 0.00673227 0.190256 0.00413303 0.000311579 0.0703236 0.00852707 0.134764 0.0574741 0.0421035 
0.29448 0.004811 0.170535 0.0304712 0.0156044 0.000363329 0.00328506 0.107689 0.000389311 0.000581854 0.113774 0.0519707 0.0204136 0.114169 0.0714633 
0.379746 0.0155059 0.106681 0.025306 0.0115973 0.00106297 0.0036408 0.0485304 0.000202298 0.000310138 0.208937 0.051628 0.00355545 0.12454 0.0187578 
0.470745 0.0106117 0.106875 0.0173931 0.0243405 0.000157094 0.00334828 0.083173 0.00101235 0.00414246 0.1019 0.0254408 0.0305256 0.0689551 0.0513802 
0.264565 0.00436548 0.0807187 0.0220301 0.0243468 0.00130387 0.0152389 0.0210528 0.00351108 6.76717e-05 0.0838675 0.13575 0.0396322 0.230705 0.0728454 
0.388005 0.0149763 0.111294 0.0165183 0.00803896 0.000295534 0.00270003 0.0376612 0.00251893 0.00104435 0.329216 0.010184 0.0135955 0.027709 0.0362434 
0.299294 0.00250868 0.0719346 0.257382 0.0116449 0.00139677 0.01227 0.0713374 3.12686e-06 0.00115743 0.089367 0.00094318 0.0470018 0.0173802 0.116379 
0.264593 0.0127839 0.162204 0.057336 0.0311841 0.0034267 0.00439476 0.0601169 0.00121475 0.000997541 0.141694 0.0711239 0.019059 0.122681 0.0471902 
0.688009 0.00814382 0.0557362 0.0121699 0.00794022 0.000133991 0.00559919 0.0616801 1.25035e-05 8.01302e-05 0.0914974 0.0212534 0.00383382 0.0301917 0.0137189 
0.212439 0.0560674 0.181323 0.0275415 0.00991883 0.000895693 0.00511551 0.210188 0.00112701 0.00129249 0.143488 0.0282714 0.0224242 0.0493234 0.0505841 
0.258662 0.0391673 0.159239 0.0446108 0.00902143 0.000396633 0.0102917 0.0708981 0.00105766 5.56336e-05 0.20949 0.0206449 0.0584236 0.02879 0.0892521 
0.457102 0.0116035 0.122518 0.0252436 0.03184 0.00016077 0.00291755 0.0848895 0.00120738 4.24553e-05 0.0838096 0.0228407 0.0660166 0.0467778 0.0430302 
0.265955 0.00901712 0.156474 0.0282309 0.0103437 0.000623585 0.00374388 0.153356 0.00409579 0.000362475 0.118533 0.0313565 0.0155549 0.140684 0.0616694 
0.201832 0.00765495 0.0693975 0.0693474 0.0163256 0.000531458 0.00822097 0.133058 0.0060716 5.78216e-05 0.180465 0.0110993 0.0224166 0.0811186 0.192404 
0.285488 0.00121638 0.171972 0.0142283 0.00393069 0.000616431 0.00166065 0.0184881 0.017912 0.000574644 0.283253 0.0418225 0.0133114 0.0179391 0.127587 
0.779511 0.00078708 0.0863205 0.00163598 0.00136961 0.00021169 0.000167852 0.01746 9.47543e-05 1.85575e-05 0.0236977 0.00717714 0.0564215 0.0109767 0.0141496 
0.2729 0.0584519 0.168849 0.047184 0.00363356 0.00123681 0.0017526 0.178916 0.000520149 0.000188608 0.0963067 0.0165492 0.0386967 0.0807201 0.0340949 
0.307651 0.000305422 0.223051 0.0134755 0.0065741 0.00541917 0.00133322 0.0236643 0.000317856 8.45663e-05 0.228926 0.0263878 0.0115784 0.0212006 0.130031 
0.676306 0.00249944 0.0444015 0.0129317 0.0506462 0.00147163 0.0242973 0.0164421 0.00862026 0.000349654 0.0378781 0.0168596 0.0327903 0.034572 0.0399338 
0.467025 0.00815427 0.119542 0.0203386 0.00616464 0.000378921 0.018296 0.0648857 0.00115858 0.000350492 0.0526646 0.0665411 0.021871 0.1189 0.0337296 
0.367123 0.00529222 0.0876961 0.028874 0.0669139 0.000427423 0.00579648 0.086153 0.000822079 0.000532269 0.054624 0.0836719 0.0146857 0.142967 0.0544206 
0.191436 0.0211224 0.148315 0.0495125 0.0104256 7.5991e-05 0.000840853 0.181158 0.000349239 0.000276248 0.161924 0.0669596 0.0116912 0.137873 0.0180402 
0.717911 0.00477676 0.060257 0.00920037 0.00154528 0.000820474 0.00802108 0.00992506 0.000157162 0.000736247 0.0634386 0.0285 0.0188597 0.0124148 0.0634361 
0.305081 0.00217358 0.274692 0.0234808 0.00576378 0.00810215 0.000866328 0.0540148 2.42881e-05 0.000315275 0.162121 0.0305661 0.0136444 0.0421513 0.0770033 
0.276583 0.0168075 0.0850528 0.021301 0.0264521 0.00097716 0.00870196 0.182297 0.00506959 0.00017709 0.0731371 0.0378037 0.0615953 0.156805 0.0472399 
0.364663 0.00623559 0.0514579 0.0206997 0.0157957 0.00163345 0.021767 0.202262 0.0004854 3.8852e-05 0.0231833 0.0646436 0.027314 0.152398 0.0474223 
0.246659 0.00951242 0.22149 0.0696459 0.0121479 2.44376e-05 0.0747824 0.119953 2.58697e-05 0.000224647 0.0451727 0.0213015 0.0800204 0.0665573 0.0324825 
0.539897 0.000860383 0.021574 0.0410633 0.227686 3.15366e-05 0.000640645 0.0456653 1.34403e-05 6.67189e-07 0.0333234 0.0544117 0.00883699 0.0118194 0.0141759 
0.287597 0.00985549 0.233547 0.0372977 0.0104808 0.00237703 0.0091938 0.134491 0.0013815 8.58084e-05 0.0714437 0.00847983 0.0215169 0.123041 0.0492106 
0.387953 0.00043651 0.0821613 0.0312725 0.00299552 0.00200119 0.0167077 0.286379 0.000415536 0.000139881 0.0548443 0.0134532 0.0247408 0.0554823 0.0410173 
0.319895 0.00026819 0.185728 0.0156029 0.00577196 0.0027325 0.00141798 0.0911868 4.20634e-06 1.96042e-05 0.149975 0.00676297 0.00629254 0.120119 0.0942239 
0.712154 0.000867505 0.0165027 0.0264319 0.000909882 0.000471052 0.0601631 0.00594953 0.00022917 0.000475446 0.0430607 0.00315895 0.032914 0.00629411 0.0904176 
0.442512 0.00849259 0.179857 0.0221859 0.00609904 0.000569081 0.00363667 0.0391149 0.00133191 0.000515711 0.0641104 0.0103712 0.00828446 0.128682 0.0842375 
0.385113 0.000584609 0.0753916 0.00931469 0.00759462 0.000229014 0.0134757 0.136209 0.0039289 6.52127e-05 0.0455815 0.0474892 0.0467726 0.172379 0.0558715 
0.363064 0.00832489 0.13271 0.0352723 0.0143839 0.00119627 0.0113014 0.081508 0.00159836 0.000183194 0.0964129 0.0379794 0.0227257 0.126154 0.0671853 
0.216134 0.0188415 0.134933 0.0276444 0.0407175 0.00710295 0.0106536 0.0871531 0.00217355 0.000346192 0.0799886 0.212366 0.0146426 0.104109 0.0431937 
0.732102 0.0076838 0.0559913 0.0279372 0.00271184 0.00530929 0.0237309 0.0214704 0.000293712 0.000743337 0.0393984 0.00547906 0.022212 0.0155369 0.0393997 
0.2579 0.0106008 0.193 0.0385042 0.0173758 0.000118222 0.000773231 0.0670152 0.000300958 0.00074581 0.15223 0.0836305 0.00703369 0.0835177 0.0872547 
0.237875 0.00504151 0.144605 0.0175315 0.0115262 9.51772e-05 0.0015731 0.134696 0.00064258 0.0300772 0.145303 0.0325011 0.0190327 0.17706 0.0424399 
0.384802 0.00851075 0.119436 0.0161635 0.00673376 0.000354109 0.00950776 0.103964 0.00034827 0.000146435 0.0462742 0.0201811 0.0118635 0.198201 0.0735131 
0.480621 0.00722317 0.0515615 0.0292235 0.0506192 0.000121302 0.00170029 0.028229 0.00155832 0.00027054 0.22404 0.0104909 0.0113122 0.0276467 0.0753825 
0.202326 0.00321861 0.128647 0.0919149 0.00792987 0.0242768 0.0045535 0.156375 0.000181567 0.00379682 0.107809 0.0176994 0.0358205 0.0955604 0.119891 
0.195033 0.0085593 0.162904 0.0289528 0.0200178 0.0029157 0.0114438 0.164337 0.0017407 0.000164563 0.0737704 0.0550428 0.0315222 0.173717 0.0698792 
0.26931 0.0260432 0.262967 0.010417 0.00828928 0.00316884 0.00637075 0.219774 0.00740779 0.000334816 0.0495983 0.00678238 0.0935213 0.0197201 0.0162953 
0.39211 0.0396961 0.0700463 0.0775338 0.026553 2.70276e-07 2.70384e-07 0.0297758 2.70418e-07 2.7026e-07 0.194071 0.0197146 0.00446237 0.0977896 0.0482465 
0.463726 0.00213195 0.0932053 0.0296691 0.00380353 0.010259 0.00106023 0.109756 0.000212488 0.000447879 0.125286 0.00763239 0.0634932 0.0387735 0.0505426 
0.621808 0.000478646 0.0463316 0.0744265 0.0179683 0.000177529 0.00089056 0.0389972 2.02054e-06 8.37845e-05 0.0965785 0.0119434 0.0028225 0.0316845 0.0558069 
0.431678 0.0178916 0.140969 0.104432 0.00154962 0.000993035 0.0104199 0.117031 0.000305344 4.65664e-05 0.0557562 0.005501 0.0538841 0.0356706 0.0238717 
0.338042 0.207605 0.0360053 0.0691833 0.00898966 0.000648271 0.00100985 0.0833926 0.000597129 0.000225093 0.114469 0.0259957 0.0118917 0.0885937 0.0133521 
0.394791 0.0300703 0.0814784 0.0578913 0.00626697 0.00416064 0.00790763 0.133066 0.0191409 2.92019e-05 0.0186488 0.036911 0.0975496 0.0871391 0.0249498 
0.648377 0.00564648 0.0980962 0.023492 0.00662502 0.000667777 0.00167622 0.0325897 0.000189024 0.000513284 0.0501677 0.0192839 0.0110989 0.0250601 0.0765164 
0.428649 0.010428 0.0744745 0.0463604 0.0122113 0.00231088 0.033567 0.141455 0.00284296 0.000259267 0.0402353 0.0184514 0.0306024 0.101118 0.0570343 
0.501032 0.00444169 0.157042 0.0243677 0.0142908 0.000426405 0.0250013 0.107491 0.0115377 8.74688e-05 0.0445988 0.0244014 0.0102674 0.0223401 0.0526743 
0.225134 3.55429e-05 0.22063 0.00994443 0.00299212 0.000978229 0.000158334 0.200672 3.46534e-06 2.06064e-09 0.085431 0.105884 0.009489 0.134504 0.00414294 
0.2144 0.0121358 0.192756 0.131953 0.00812095 0.00351917 0.0240269 0.0417946 0.00132007 5.93167e-05 0.126248 0.00893241 0.0394997 0.103834 0.0913998 
0.40939 0.00205314 0.133343 0.0123822 0.0342169 1.54756e-05 7.71196e-05 0.262255 6.60391e-06 0.000290263 0.0814881 0.0209456 0.0057866 0.0176274 0.0201236 
0.347788 0.0664806 0.0926556 0.0280985 0.00578767 0.00451625 0.0439019 0.0214004 0.00518313 1.03814e-05 0.125032 0.0134581 0.0777471 0.0718302 0.0961105 
0.562146 0.0104135 0.0988621 0.0195675 0.0110116 0.000968421 0.00710239 0.0712419 0.000597297 0.000114454 0.0861355 0.0102942 0.0251751 0.0641707 0.0321989 
0.339669 0.0107499 0.155011 0.017245 0.00573204 0.000375158 0.00651366 0.259702 0.00125468 0.000192066 0.0496216 0.0480028 0.0103182 0.0652243 0.0303892 
0.389481 0.0188032 0.0526041 0.0662154 0.00766209 0.00052197 0.0257729 0.196569 5.16122e-05 5.65962e-05 0.0464984 0.0137502 0.0469604 0.0763626 0.0586902 
0.560719 0.00362744 0.0990439 0.00732269 0.00625245 0.00045196 0.00204323 0.123308 0.0038145 0.000202961 0.0515946 0.00929509 0.0281431 0.0334985 0.0706824 
0.384766 0.0363632 0.0705427 0.033702 0.0134257 0.000180323 0.0204585 0.0697113 2.55273e-05 1.02589e-06 0.0232842 0.0162744 0.0447097 0.0776033 0.208952 
0.274961 0.0708672 0.139727 0.082199 0.0199058 0.00153979 0.00385528 0.0325001 0.0091479 0.000751971 0.155905 0.0243308 0.0798528 0.0581653 0.0462909 
0.271856 0.010283 0.24019 0.0426779 0.0458952 0.00197568 0.00172886 0.163968 5.73174e-05 0.0134965 0.087385 0.00806037 0.0215414 0.0558722 0.0350127 
0.253667 0.00214143 0.239236 0.0706232 0.00666468 0.000136294 0.0198194 0.167606 0.000391495 0.00048788 0.0715198 0.00622158 0.0732923 0.0334615 0.0547313 
0.707603 0.00204428 0.038271 0.00695217 0.00223519 0.000293803 0.00854618 0.00971483 0.000139941 0.00073623 0.0523157 0.108531 0.0179781 0.014479 0.0301602 
0.25984 0.222919 0.119359 0.0144546 0.0203514 0.0014577 0.0362177 0.0624883 0.00528928 2.79435e-05 0.152594 0.0151716 0.0243731 0.0254014 0.0400551 
0.335722 0.00705085 0.168413 0.0122073 0.00608541 0.00376632 0.0576773 0.169521 0.000224864 0.00033158 0.0647271 0.0443951 0.049033 0.0346206 0.0462252 
0.255281 0.00711241 0.0861006 0.0298929 0.0285599 0.00270899 0.00371605 0.0433346 0.00182871 0.000348967 0.136487 0.120713 0.0190155 0.199234 0.0656674 
0.297773 0.0157344 0.0828537 0.00849993 0.0435061 4.01166e-05 0.0107575 0.00737813 0.00030898 1.84812e-05 0.165835 0.126785 0.00892294 0.204838 0.026748 
0.231136 0.00441609 0.120811 0.0279671 0.00357147 0.000207171 0.0183913 0.193891 0.000277416 5.99372e-05 0.099149 0.0263706 0.0481115 0.0759902 0.14965 
0.269404 0.00216202 0.118029 0.0321895 0.124003 0.000672108 0.00809779 0.116816 0.000192105 0.000474297 0.0894881 0.0460341 0.00412479 0.136649 0.0516644 
0.344527 0.00797531 0.127383 0.0270438 0.0358727 0.000739449 0.02656 0.0952483 0.00124885 0.0011901 0.100574 0.0639241 0.0127476 0.112449 0.0425175 
0.599763 0.00323074 0.0509866 0.000975502 0.0213294 5.06107e-05 0.000551172 0.0140794 0.00115108 0.000173245 0.0163563 0.0677969 0.000839185 0.218762 0.00395535 
0.357066 0.00956445 0.0543025 0.0167795 0.00764841 0.000860468 0.152034 0.285944 0.000125242 1.383e-06 0.0245068 0.00495107 0.0209679 0.0481563 0.017092 
0.268228 0.0114075 0.128625 0.0692854 0.00380988 0.000159294 0.00465102 0.0230717 0.00257073 3.08527e-05 0.183402 0.00721 0.0188058 0.110962 0.167781 
0.226986 0.000713984 0.183399 0.0139612 0.00752374 6.26811e-05 0.000915154 0.186379 1.2534e-05 0.000176483 0.093654 0.0565182 0.0130911 0.200125 0.0164818 
0.314922 0.00176979 0.146978 0.0308187 0.103785 0.00063274 0.0162527 0.0789504 0.00041676 0.00922889 0.088853 0.0464019 0.0252321 0.0837941 0.0519639 
0.300385 0.0289763 0.142237 0.0354088 0.00712095 0.000302828 0.0126989 0.184442 0.000944344 0.000225542 0.081462 0.00386594 0.0401741 0.0689858 0.0927702 
0.396133 0.00407817 0.182621 0.0557833 0.0184543 0.000300632 0.00411626 0.0901108 0.000391008 0.00026966 0.118869 0.028231 0.0185684 0.0413769 0.0406975 
0.252476 0.00367709 0.206302 0.0172205 0.144044 0.00044641 0.00289776 0.0954024 0.00280577 0.00019278 0.0588195 0.04717 0.0107091 0.0840446 0.0737924 
0.259973 0.00706844 0.107509 0.0364261 0.0329185 0.0068707 0.00271696 0.171516 0.000985106 0.00116348 0.0833832 0.0138193 0.0196234 0.102966 0.15306 
0.320772 0.0130818 0.0792567 0.0317839 0.0107132 3.18315e-05 0.00856934 0.106298 0.000599028 0.00428033 0.0717225 0.0357281 0.0372506 0.153772 0.126141 
0.517589 0.00430776 0.0538254 0.0702491 0.00265219 0.000433459 0.00712644 0.0392629 0.000187217 0.00023812 0.0201663 0.123812 0.026165 0.0557417 0.0782429 
0.313521 0.00135897 0.128684 0.0465521 0.000904078 0.00112321 0.0395442 0.0416438 0.000539311 2.85082e-05 0.190339 0.00499135 0.0484458 0.0192187 0.163106 
0.305569 0.0109169 0.160002 0.0608725 0.0289853 0.000630922 0.00315978 0.105413 0.00152328 0.000266549 0.0926248 0.0272727 0.0196112 0.07255 0.110602 
0.530063 0.0166266 0.0553851 0.0127261 0.00330274 9.27693e-05 0.00453247 0.0160969 0.000169147 1.16735e-05 0.0446629 0.00408942 0.0457393 0.226669 0.0398329 
0.550652 0.00684278 0.0594392 0.0240429 0.00878271 0.00137749 0.00678369 0.139926 0.0014831 0.000160067 0.0477791 0.0198221 0.02274 0.0719315 0.0382375 
0.332661 0.0593635 0.110443 0.0514134 0.0140384 0.00191858 0.00302562 0.0705582 0.0040723 0.000132386 0.167049 0.0136922 0.0415523 0.0424845 0.0875962 
0.980571 0.00191153 0.00185542 0.000688995 0.000589176 9.87515e-05 0.00198003 0.00388711 0.000127265 0.000177401 0.000193527 0.000991743 0.00291192 0.00221791 0.00179807 
0.239926 0.00418768 0.139251 0.0121202 0.028365 0.000784698 0.00136178 0.061662 0.00102064 4.69094e-05 0.228377 0.0933534 0.0079991 0.156142 0.0254018 
0.485175 0.00581394 0.0637803 0.00913225 0.0162105 0.000304155 0.00720195 0.230622 2.81555e-05 1.41041e-05 0.0202194 0.0529868 0.00564375 0.0869639 0.0159031 
0.570746 0.00978825 0.0173524 0.0459818 0.00461512 4.35959e-05 0.00208829 0.0166411 0.000331592 0.000129435 0.0375673 0.0122374 0.00822897 0.21029 0.0639584 
0.211158 0.0329989 0.0867583 0.0142491 0.122465 0.000119495 0.00135259 0.126556 0.000774609 0.000605983 0.173333 0.0678148 0.0130237 0.0964135 0.0523776 
0.203832 0.122175 0.111067 0.0432364 0.00532053 0.0053321 0.0460852 0.0360971 0.0238331 5.55935e-06 0.057696 0.00424067 0.12493 0.0197118 0.196437 
0.374929 0.00310312 0.125715 0.0550431 0.00435706 0.00139921 0.00404615 0.201492 0.00161738 0.000108116 0.0407901 0.0062144 0.0850467 0.0801357 0.0160033 
0.442512 0.00849259 0.179857 0.0221859 0.00609904 0.000569081 0.00363667 0.0391149 0.00133191 0.000515711 0.0641104 0.0103712 0.00828446 0.128682 0.0842375 
0.3867 0.0049958 0.249222 0.0331226 0.0106527 0.000624644 0.00428728 0.116821 0.000477683 0.0215136 0.0398022 0.0440209 0.0197233 0.0483476 0.0196881 
0.206083 0.00844538 0.136079 0.0670139 0.00472799 0.00071311 0.0265397 0.120362 0.000920347 8.41654e-05 0.193867 0.0258219 0.061505 0.0735751 0.0742624 
0.301148 0.00408587 0.255298 0.0386958 0.00397647 9.05433e-06 0.00112056 0.220614 2.21737e-05 1.06272e-05 0.0477498 0.00300662 0.0371908 0.028997 0.0580745 
0.297553 0.00305461 0.0689719 0.110681 0.107189 0.0002958 0.00916331 0.0127322 0.000747035 0.00339278 0.110677 0.0767514 0.0110767 0.130726 0.0569883 
0.321747 0.0015878 0.0660694 0.00492774 0.0239436 0.000349077 0.0127397 0.070555 0.000297014 2.73912e-06 0.041873 0.261857 0.0595079 0.11644 0.018103 
0.296384 0.00206287 0.163885 0.0233363 0.0236055 0.00463584 0.00177805 0.0388103 0.000988033 5.49459e-05 0.23658 0.0127491 0.0265185 0.0502471 0.118363 
0.495337 0.00284688 0.102526 0.0234812 0.0367745 0.000686573 0.00162727 0.0275077 0.00236395 0.000323539 0.0938564 0.0334391 0.0454211 0.0317031 0.102106 
0.331106 0.000617066 0.157074 0.0205151 0.0228807 5.70182e-05 0.00343783 0.0621301 0.00162398 0.00012139 0.0932371 0.109606 0.0270402 0.155401 0.0151529 
0.505272 0.027514 0.109891 0.035848 0.00347884 0.000756867 0.00238839 0.102689 8.6756e-05 0.000125203 0.0741793 0.0272094 0.0252671 0.0474359 0.0378583 
0.568838 0.0108915 0.0973231 0.0205556 0.0108425 0.000575576 0.00762788 0.0774369 0.000638593 0.000121624 0.0806958 0.0097217 0.0202966 0.0654062 0.0290286 
0.3136 0.0066903 0.132699 0.00852868 0.00401543 0.00153092 0.0869872 0.264038 0.000180731 0.00010782 0.0646403 0.0295555 0.0282998 0.022711 0.036415 
0.265017 0.00181808 0.0754629 0.101364 0.00819185 2.55522e-05 0.00277391 0.0124724 1.2671e-05 0.000286275 0.248294 0.0269071 0.0039196 0.116687 0.136767 
0.316991 0.00579215 0.112815 0.0232328 0.0982084 0.000470259 0.00247688 0.0698283 0.00062982 5.77587e-05 0.0816459 0.0608302 0.0439094 0.1466 0.0365123 
0.278583 0.0175942 0.0951202 0.0343169 0.00614076 0.00108309 0.00292367 0.0334687 0.000416284 0.00015321 0.241975 0.00381694 0.0335651 0.0481457 0.202698 
0.448386 0.0104984 0.324276 0.0263944 0.0162825 0.000112024 0.0144879 0.0453806 9.30261e-06 0.000230339 0.0376984 0.00527033 0.0138382 0.0236514 0.033485 
0.458025 0.00958758 0.166323 0.0260374 0.00651254 0.000396118 0.00409525 0.0580524 0.000484308 7.58267e-05 0.0848727 0.00765559 0.0108611 0.140217 0.0268033 
0.281806 0.00183394 0.192727 0.0188142 0.0314521 0.000754603 0.00117008 0.0464175 0.00406363 0.000439364 0.117665 0.0679206 0.00323412 0.0640381 0.167664 
0.558389 0.00337738 0.160247 0.0127243 0.0370297 0.00119468 0.0165841 0.0398507 0.00324493 0.000330957 0.0496335 0.0269921 0.00919288 0.0331596 0.0480493 
0.383255 0.0435917 0.230095 0.0232559 0.00753178 0.000350572 0.00445492 0.0900653 0.000163789 0.000916673 0.0619407 0.0227016 0.0209625 0.0296354 0.0810788 
0.235258 0.00237333 0.130523 0.0170039 0.0710058 0.00192676 0.00553839 0.0955314 3.50663e-05 0.000163777 0.0871652 0.194504 0.0127091 0.124935 0.0213268 
0.424948 0.0157789 0.124468 0.0573743 0.00772647 0.00128589 0.076992 0.0559481 3.87131e-05 0.000318161 0.0825725 0.00355177 0.0115174 0.0233327 0.114147 
0.362527 0.0214904 0.151342 0.0460572 0.00739439 0.0010368 0.00123917 0.0170937 0.000134261 0.00184726 0.137633 0.0546565 0.0088252 0.105807 0.0829166 
0.220327 0.000460066 0.186639 0.00970557 0.0156406 0.00035274 0.00149353 0.046185 0.0177328 0.0001273 0.134864 0.0386013 0.00758449 0.179704 0.140583 
0.365143 0.00759438 0.192389 0.0184571 0.0258792 0.00134629 0.00270788 0.133992 0.0014408 0.00048559 0.0831539 0.0253405 0.0236389 0.0199262 0.0985053 
0.305369 0.00755687 0.236309 0.0340822 0.00149034 0.00540831 0.00349433 0.121767 0.00172963 0.000104894 0.134198 0.00814345 0.0581088 0.0431993 0.0390392 
0.409771 0.00585417 0.133912 0.00992111 0.00499664 0.00312229 0.0765661 0.141548 0.000182456 0.000279073 0.0529164 0.0341935 0.0451039 0.0276402 0.0539933 
0.269116 0.0161988 0.114882 0.0855144 0.0048163 0.00137411 0.0280559 0.261435 0.0027274 8.99228e-05 0.0715708 0.0226405 0.0222684 0.0642025 0.0351077 
0.351125 0.0131886 0.207802 0.0273078 0.00709301 0.000752495 0.00498049 0.0818024 0.000491057 0.000421307 0.0838561 0.0149017 0.015945 0.153794 0.0365382 
0.321005 0.0147012 0.134072 0.157555 0.00855174 0.000615436 0.0141557 0.0327118 0.00075147 0.00141167 0.0959619 0.00448278 0.113632 0.0317706 0.0686211 
0.19396 0.0758483 0.157681 0.0456277 0.00863063 0.00278497 0.00907027 0.185092 0.00177244 0.000932707 0.125823 0.0102986 0.0689878 0.0539632 0.0595275 
0.261878 0.000432596 0.236778 0.036165 0.00119861 0.0016276 0.0256573 0.190638 0.000560304 0.00160556 0.0463475 0.0210343 0.0592398 0.0469439 0.0698936 
0.352796 0.00263532 0.157453 0.00751714 0.0120648 0.000136154 0.00255697 0.0571551 0.00267971 0.000273673 0.204265 0.0758902 0.0101415 0.0863092 0.0281256 
0.305878 0.0284659 0.106145 0.0184559 0.00589332 0.00759956 0.0388875 0.0148363 0.00274656 5.21305e-06 0.0906312 0.00344482 0.0829229 0.0186183 0.275469 
0.567342 0.00101746 0.0945396 0.00243005 0.0707959 0.000450082 0.00140217 0.0102514 6.13424e-06 3.72629e-05 0.10663 0.0273745 0.00615674 0.0803654 0.0312017 
0.292066 0.00208258 0.075816 0.044244 0.131134 0.00941395 0.00105925 0.0456715 0.000429156 5.78911e-05 0.0573607 0.010491 0.0426557 0.174768 0.11275 
0.334963 0.0340175 0.236072 0.0358849 0.0102677 0.000251996 0.00612174 0.130102 0.00205146 0.00171304 0.130488 0.0080041 0.0168655 0.0183836 0.0348132 
0.364519 0.00631053 0.133143 0.01883 0.0205947 0.0284135 0.00236426 0.134499 0.00312938 0.00029336 0.0473341 0.0322216 0.0208567 0.135564 0.0519266 
0.257863 0.0126681 0.251816 0.0367639 0.0499937 0.000282624 0.00271665 0.0741762 0.00143311 0.000177785 0.159572 0.0218091 0.0219931 0.0754161 0.0333191 
0.228849 0.0389633 0.138781 0.0246175 0.00493839 0.00115236 0.0594111 0.153113 0.0100347 0.000786548 0.0479008 0.00734599 0.182019 0.0182247 0.0838625 
0.429309 0.0100621 0.124928 0.0106077 0.00969098 0.00233166 0.00271122 0.0262556 0.00741312 0.000253193 0.178661 0.0409837 0.0166214 0.108633 0.0315383 
0.409608 0.00382908 0.267223 0.0187636 0.00123326 0.000115293 0.00233559 0.137467 1.7225e-05 0.000273629 0.0462612 0.00612116 0.0125339 0.0432061 0.0510124 
0.25778 0.00706336 0.238696 0.0458141 0.0114043 0.00289885 0.00162052 0.0799491 0.000843143 0.00102068 0.233538 0.0272476 0.0299478 0.0245725 0.0376042 
0.234355 0.00208838 0.183557 0.0239776 0.0122893 0.00119875 0.0329021 0.114062 0.000156435 0.000321658 0.18339 0.0423262 0.0116552 0.119051 0.03867 
0.661972 0.00273418 0.0471132 0.0129498 0.0534491 0.00151084 0.0259297 0.0173869 0.0101858 0.000422079 0.04025 0.0174767 0.0348655 0.0338176 0.0399368 
0.285158 0.021601 0.177623 0.0611655 0.00855769 0.000239787 0.00972489 0.194936 0.00012013 0.000133324 0.0393474 0.0223099 0.0163686 0.143666 0.0190494 
0.352899 0.00635631 0.140882 0.0321346 0.010565 0.0183483 0.000487854 0.0205619 0.000139772 0.0206533 0.117674 0.0546537 0.124953 0.0683602 0.0313314 
0.537695 0.000455841 0.184423 0.00645372 0.0171744 0.000400116 0.00322146 0.134611 0.000182488 4.06949e-05 0.0214836 0.00868732 0.0113111 0.026457 0.0474039 
0.183502 0.0158149 0.164514 0.0473956 0.00455523 0.000500317 0.0297103 0.101745 0.000136321 0.000712792 0.103727 0.0159819 0.0144187 0.150732 0.166555 
0.43691 0.0175327 0.14565 0.0166011 0.032185 0.000333327 0.00196993 0.12289 4.50095e-05 0.00145615 0.103223 0.0129707 0.0109861 0.028893 0.0683552 
0.241201 0.0218451 0.0140482 0.0721707 0.00228316 0.000328397 0.00304878 0.0199026 0.0200944 3.55062e-05 0.14063 0.00222072 0.219926 0.0551809 0.187084 
0.420455 0.00473588 0.135042 0.00876757 0.00459069 0.00279742 0.076 0.145173 2.30061e-05 0.000132694 0.0501912 0.03234 0.0424887 0.0262348 0.051028 
0.421539 0.00348811 0.0348842 0.0167795 0.000805687 0.00890725 0.00576684 0.263891 0.0104046 0.000320442 0.0734109 0.00556949 0.0468835 0.0507281 0.056622 
0.427096 0.00349421 0.11587 0.0232404 0.0158857 0.00106628 0.0210868 0.264028 0.0161322 0.000410841 0.0213998 0.0192557 0.0149733 0.0343477 0.0217138 
0.372246 0.00601975 0.168707 0.0371868 0.0324111 0.00106323 0.00435148 0.136849 0.002916 7.93503e-05 0.106351 0.00385316 0.0346365 0.0225326 0.0707973 
0.233767 0.0161915 0.103403 0.150088 0.0137351 0.00272649 0.00903457 0.0415608 0.0079371 0.000621677 0.153528 0.0305179 0.0392584 0.0454978 0.152133 
0.371719 0.0141586 0.0793768 0.0188913 0.00631723 0.000237127 0.0163369 0.124775 0.00353737 0.00150084 0.189292 0.0475399 0.0203494 0.0433418 0.0626259 
0.24308 0.0050097 0.10122 0.0814154 0.0164692 0.000381699 0.0304418 0.0387531 2.22534e-05 9.98953e-05 0.181043 0.0507868 0.0231151 0.188511 0.0396512 
0.355658 0.0181896 0.0534334 0.0253801 0.0493562 0.000382941 0.00127792 0.0238459 0.000132325 1.40116e-05 0.0828113 0.0387583 0.00332435 0.26152 0.0859153 
0.430527 0.00293447 0.153883 0.0144089 0.00829718 0.00402601 0.0597496 0.149121 4.42493e-05 0.000367566 0.0449207 0.00539735 0.0285999 0.0673196 0.030404 
0.316967 0.000862335 0.0892473 0.00867204 0.0464319 0.00191666 0.0016086 0.0163878 0.000227299 7.38335e-05 0.136481 0.0455418 0.0134209 0.288933 0.0332281 
0.1903 0.0101238 0.123468 0.0583642 0.0358264 0.00540246 0.00689292 0.11103 0.000483106 0.000482427 0.186299 0.0219127 0.0487681 0.104136 0.0965103 
0.287985 0.00933365 0.232554 0.0661056 0.00534908 0.000841048 0.0119963 0.10752 0.00163609 0.000646985 0.0896657 0.0176851 0.0352871 0.0620038 0.0713918 
0.289156 0.0110883 0.276019 0.0213026 0.029608 0.000380879 0.00178884 0.0883329 0.000344923 0.00103493 0.0547359 0.0304356 0.00403672 0.159062 0.0326743 
0.352052 0.00744015 0.103759 0.0470345 0.0146432 0.000591759 0.00277726 0.274485 0.00748706 8.43167e-05 0.0731525 0.0128551 0.0304477 0.0335598 0.0396309 
0.828947 5.25386e-05 0.0369906 0.00190873 0.0186845 0.000913096 6.49892e-05 0.000450255 2.8711e-06 2.11898e-07 0.0383797 0.00952573 9.72649e-05 0.0591541 0.00482856 
0.302595 0.00373229 0.180928 0.0222257 0.0193362 0.00199125 0.00421175 0.155173 0.00202656 0.000111035 0.110056 0.0218097 0.0236066 0.0405437 0.111654 
0.717911 0.00477676 0.060257 0.00920037 0.00154528 0.000820474 0.00802108 0.00992506 0.000157162 0.000736247 0.0634386 0.0285 0.0188597 0.0124148 0.0634361 
0.196855 0.0526388 0.126361 0.0111167 0.00330229 0.0001778 0.00151019 0.122656 0.123474 1.57573e-05 0.0920473 0.00254675 0.194432 0.0504465 0.0224205 
0.219733 0.0166917 0.181245 0.0600849 0.0269132 0.000930092 0.0201325 0.122841 0.00330374 0.00691368 0.136745 0.0600615 0.0375563 0.0801807 0.0266687 
0.730924 0.00122925 0.0660475 0.00650871 0.0441299 0.000262863 0.000496703 0.0142667 0.00152865 9.51166e-05 0.0407897 0.0082002 0.00510271 0.0582487 0.0221694 
0.41671 0.00630286 0.207498 0.018883 0.00538858 0.00146262 0.000841661 0.101444 0.000145753 0.000265398 0.0815664 0.0059423 0.0740967 0.0497548 0.029697 
0.648366 0.00306359 0.0976176 0.00848962 0.00141271 0.000478643 0.00575342 0.0353293 0.000112502 0.000492586 0.050404 0.0488596 0.0154103 0.0148141 0.0693961 
0.316143 0.0355032 0.116454 0.0578947 0.00846771 0.00233882 0.0393004 0.105666 0.00886721 0.00230891 0.0797325 0.0179718 0.0642189 0.0475919 0.0975406 
0.348101 0.0372317 0.149865 0.0201172 0.0168715 0.00178668 0.00823116 0.0261317 0.000891839 0.0253069 0.0723948 0.010877 0.030024 0.220373 0.0317964 
0.7105 0.00331646 0.0569544 0.0155479 0.00920473 0.00032856 0.00295 0.0162027 0.00200592 0.000169816 0.046193 0.0166323 0.0402079 0.0326725 0.0471136 
0.324782 0.00244276 0.144096 0.0288333 0.00135822 0.000284141 0.00200988 0.14644 0.00019805 0.000281811 0.0995558 0.0375772 0.0722701 0.0667626 0.0731083 
0.414153 0.00804776 0.0514591 0.0261792 0.0262061 0.000800227 0.00440147 0.0145885 0.00604986 0.000176693 0.195497 0.016184 0.0271557 0.0690792 0.140023 
0.611897 0.00480816 0.0749828 0.0196942 0.00795118 0.0013347 0.00513134 0.0791966 0.000196303 0.00021773 0.0562637 0.0368266 0.0207959 0.0572502 0.0234533 
0.233342 0.00806022 0.158152 0.0185294 0.010123 0.00143338 0.0130809 0.0963668 0.00168299 0.00014599 0.0944897 0.0925149 0.0455337 0.16036 0.0661861 
0.28203 0.0427569 0.0479975 0.0410328 0.00987371 0.0201963 0.00538384 0.148806 0.00223673 0.000151081 0.0782769 0.0261065 0.0288025 0.184176 0.0821729 
0.3734 0.00864577 0.0970656 0.0728784 0.0070349 0.00454235 0.00668643 0.192201 0.00937659 6.12626e-05 0.086416 0.00182634 0.04573 0.0353559 0.0587789 
0.408206 0.00273296 0.192311 0.0198565 0.0111305 0.000101228 0.000143931 0.0122869 0.000424637 0.000808983 0.254735 0.015394 0.00684152 0.0441473 0.0308806 
0.374542 0.00614482 0.138247 0.021733 0.0274546 0.00048206 0.00961609 0.13213 0.00078784 8.63027e-05 0.0785133 0.0658608 0.0167905 0.0883 0.0393106 
0.249927 0.0112806 0.152084 0.0479322 0.00337517 0.00198499 0.00966528 0.140394 0.000443332 6.9577e-05 0.102836 0.0324316 0.0430533 0.0363859 0.168137 
0.290696 0.015143 0.0270152 0.244113 0.000255451 5.91837e-08 2.69413e-07 0.0216509 2.89404e-08 1.44047e-11 0.0450414 1.37419e-06 7.77862e-08 0.205889 0.150193 
0.249389 0.00543033 0.176931 0.0666002 0.0231273 0.00160841 0.00708059 0.208341 0.00110475 0.000200292 0.104164 0.0129732 0.0319005 0.057106 0.0540432 
0.363095 0.0163358 0.108033 0.0341204 0.00372348 0.00112892 0.0149827 0.0520133 0.0178499 0.000115232 0.0676317 0.0092956 0.113988 0.0368208 0.160866 
0.437553 0.00487396 0.221029 0.0213445 0.00798688 0.000915612 0.00410807 0.0705323 0.000291545 0.000284371 0.112536 0.0195688 0.0442249 0.0295191 0.0252316 
0.257636 0.00836936 0.138652 0.0475688 0.00255253 0.003402 0.00113166 0.0771174 0.00684627 0.000198882 0.130871 0.00786313 0.232104 0.0258359 0.0598504 
0.348916 0.00230639 0.288164 0.022129 0.00240911 1.3493e-07 5.98832e-05 0.115247 1.1739e-05 6.83813e-05 0.128574 0.00291692 0.0120659 0.0288178 0.0483137 
0.257327 0.00228079 0.167614 0.0213342 0.0166107 0.00181203 0.00938432 0.241069 2.0553e-05 0.00022204 0.0829154 0.0495551 0.0111898 0.0732384 0.0654268 
0.322063 5.56337e-05 0.230815 0.00761305 0.00458921 0.00696748 0.000407545 0.0297811 0.000284495 0.000108726 0.199138 0.026329 0.0126749 0.0105305 0.148643 
0.250617 0.00961612 0.176925 0.0379343 0.0219933 0.00208476 0.00672128 0.130482 0.00121173 0.000850592 0.0972188 0.0407234 0.0234234 0.134227 0.065971 
0.176757 0.141808 0.0699269 0.166421 0.00342118 0.000655822 0.0400274 0.0152912 0.000725946 7.38173e-06 0.147598 0.0211665 0.0302645 0.0537793 0.13215 
0.283681 0.00117465 0.153942 0.022425 0.013311 0.000375848 0.025962 0.031056 0.00263834 0.000479745 0.247418 0.0363024 0.0250979 0.0481283 0.108007 
0.602334 0.03542 0.053736 0.0540803 0.00473594 0.000251047 0.0124843 0.11897 1.00906e-05 0.000343633 0.0599509 0.00600605 0.00923236 0.0222956 0.0201493 
0.75118 0.00170141 0.0249855 0.0425802 0.00404 6.15629e-05 0.00171155 0.0285744 0.000134658 0.000245054 0.0272298 0.0371489 0.0227916 0.031047 0.0265688 
0.623279 0.003705 0.0383848 0.0379296 0.00543459 9.83148e-05 0.000304625 0.0249509 0.000295558 0.000133822 0.057406 0.0249937 0.0201902 0.0811702 0.0817233 
0.346351 0.00302905 0.111883 0.0260234 0.00397988 0.00195991 0.00703454 0.136997 0.000178119 2.86042e-05 0.0842024 0.00338577 0.171349 0.0176322 0.0859663 
0.280633 0.00257528 0.189407 0.0303158 0.0464214 0.000940636 0.0121947 0.212258 0.0124857 0.000113587 0.0787023 0.0203632 0.0236059 0.0489275 0.0410562 
0.228199 0.00834176 0.130831 0.0210547 0.0332576 0.00296175 0.115434 0.130321 0.00218283 0.000168004 0.0527857 0.038301 0.033265 0.0670112 0.135885 
0.289156 0.0110883 0.276019 0.0213026 0.029608 0.000380879 0.00178884 0.0883329 0.000344923 0.00103493 0.0547359 0.0304356 0.00403672 0.159062 0.0326743 
0.409586 0.00923308 0.0911075 0.00539178 0.0231937 0.000276514 0.00374842 0.0401974 0.018442 2.60771e-06 0.0478201 0.120327 0.0783997 0.139969 0.012306 
0.173079 0.0320173 0.131724 0.100302 0.00600945 0.00102737 0.00464639 0.0866843 0.00217629 0.116197 0.0340435 0.0457887 0.0641519 0.0743285 0.127824 
0.268524 0.001786 0.182212 0.0454105 0.00940695 5.91277e-05 0.0174363 0.0881878 0.00154938 0.00380833 0.224815 0.03376 0.00725638 0.0425721 0.0732148 
0.326508 0.00894123 0.277617 0.0114021 0.017097 0.00395893 0.00236996 0.100059 0.00027658 0.00653244 0.0971609 0.0116446 0.0127532 0.0955334 0.0281467 
0.298346 0.00293116 0.189509 0.0311187 0.006889 0.00111047 0.00675359 0.106134 0.00111308 3.65195e-05 0.0317812 0.0499813 0.0284943 0.221731 0.0240701 
0.323622 8.57953e-05 0.15127 0.0189279 0.00607356 0.000224278 0.00355314 0.0167413 0.000368866 4.72698e-05 0.118544 0.0233093 0.10569 0.0541943 0.177348 
0.305033 0.0051765 0.114225 0.0254277 0.00367714 0.000494355 0.00508718 0.289962 0.000401569 0.00112438 0.0611848 0.00774577 0.0162104 0.0759167 0.0883337 
0.495051 0.00148183 0.0525797 0.0112664 0.034549 0.00072117 0.00256437 0.19858 0.000322045 0.000465378 0.00389575 0.0673773 0.0150542 0.0789825 0.0371101 
0.538457 0.0125324 0.109671 0.0207297 0.00996981 0.000459177 0.00730536 0.106566 0.000523197 0.000102231 0.0699942 0.00917757 0.0209548 0.065899 0.0276589 
0.271964 0.00561091 0.171533 0.0219299 0.0136555 0.00148856 0.012236 0.224594 0.00140758 0.000242071 0.112967 0.0219913 0.0220707 0.0618552 0.0564536 
0.206335 0.0110836 0.197099 0.0159536 0.00838462 0.00172614 0.00658885 0.177759 5.5034e-05 2.46404e-05 0.181219 0.00514896 0.0149375 0.060083 0.113603 
0.314062 0.00810114 0.192974 0.0300625 0.0205546 0.00146812 0.00858919 0.0367411 0.000950116 0.000373776 0.235882 0.0419329 0.0127009 0.0545434 0.0410651 
0.204732 0.000752914 0.0487347 0.0353472 0.00957902 0.000581583 0.0440496 0.174095 0.0005221 0.000115547 0.0139789 0.202569 0.0120663 0.162696 0.0901796 
0.253869 0.00250023 0.17565 0.018062 0.0218311 0.0013212 0.00222626 0.117319 0.000326052 6.7465e-05 0.145284 0.0175958 0.0205354 0.157835 0.0655771 
0.612636 0.00268402 0.118456 0.0168819 0.0349749 0.000670261 0.0100973 0.0493939 0.00196417 8.26886e-05 0.0446711 0.0205058 0.00675037 0.0498893 0.0303419 
0.234298 0.00169518 0.151023 0.0180363 0.141472 0.000755609 0.00107127 0.0209099 0.00328092 2.58785e-05 0.095839 0.0682656 0.0107964 0.18739 0.0651417 
0.544897 0.00200163 0.128547 0.0121072 0.019864 0.00133103 0.00164117 0.0432503 0.00229374 0.000143168 0.0964362 0.0114424 0.0231748 0.0480002 0.0648701 
0.397607 0.0216799 0.301183 0.0142941 0.00755334 0.00343318 0.0140656 0.0438762 0.00535883 0.00019512 0.0589561 0.00741212 0.0281087 0.0329962 0.0632799 
0.5861 0.00605805 0.0571228 0.0611197 0.0117104 0.00266009 0.00173081 0.0292204 0.000216219 0.000527629 0.0797773 0.0191436 0.0182221 0.0621146 0.0642762 
0.517999 0.00163527 0.118155 0.0300231 0.00996494 0.000686811 0.00189113 0.0510643 0.00231716 0.000177737 0.0684614 0.0384437 0.0409608 0.053074 0.0651457 
0.47697 0.00461733 0.0948807 0.043379 0.0229202 0.00780786 0.00281837 0.0312448 0.00146845 0.000115575 0.1651 0.0185528 0.0171666 0.0362778 0.0766806 
0.520462 0.00562551 0.146953 0.0196975 0.0309073 8.92339e-05 0.000890188 0.0540495 1.69067e-05 0.000407388 0.117207 0.0160698 0.0188711 0.0428726 0.0258805 
0.2197 0.0121874 0.153107 0.0378539 0.0426175 0.00393034 0.00971644 0.0770122 0.00269318 0.000382289 0.0774971 0.0789613 0.0324186 0.200304 0.0516192 
