0.000529963 4.25491e-05 1.00342e-06 0.157567 0.0946626 7.98069e-05 0.00617714 0.000101149 0.000610472 0.00986697 0.636277 0.0459673 0.00773647 0.0400165 0.00036476 
0.000316362 6.99208e-05 7.70692e-05 0.0525942 0.042402 0.000842486 0.00099007 0.000122842 0.00276239 0.0077391 0.77215 0.0554454 0.0441132 0.00917852 0.0111965 
0.000393437 1.40595e-05 7.27009e-06 0.0825035 0.113229 0.000871547 0.000486457 1.99404e-05 0.00118773 0.0240627 0.416446 0.05864 0.287536 0.0130759 0.00152575 
0.0164037 0.00602012 1.68528e-05 0.0612044 0.0304676 8.86275e-05 0.00107239 0.0041059 0.00239672 0.0104941 0.661114 0.136382 0.0153685 0.0420845 0.012781 
0.00187317 3.93158e-05 2.86082e-06 0.0127104 0.0110913 2.9749e-05 2.73115e-05 9.37025e-05 0.120891 0.00207466 0.759258 0.0547695 0.0351701 0.000741696 0.00122727 
0.000228475 3.52672e-05 0.00028755 0.0963909 0.0269921 0.000344265 0.00336785 0.000500783 0.00167748 0.0207615 0.70622 0.0975875 0.0239527 0.0131238 0.00852937 
0.00397247 0.000187463 0.000579659 0.195434 0.0561967 0.00436411 0.143182 0.000338616 0.00294855 0.00512675 0.291149 0.0564292 0.0488665 0.103121 0.0881035 
0.0167732 0.000421041 0.000176715 0.0715325 0.0205599 0.0381139 0.121123 0.000145078 0.00944468 0.00177699 0.419626 0.224927 0.0386846 0.0283104 0.00838454 
0.0138279 0.0136502 2.44003e-05 0.0361879 0.0455992 0.00437943 0.00927441 0.0111915 0.00299133 0.0174278 0.363814 0.103196 0.0264962 0.0151226 0.336817 
0.00129803 1.89195e-05 8.2533e-05 0.123426 0.0193878 8.37429e-05 0.00419229 2.74019e-05 9.0658e-06 0.00369967 0.776118 0.064607 0.00286929 0.00305212 0.00112825 
0.00246431 0.00242576 8.08167e-05 0.0730379 0.0500027 0.00298319 0.000879281 0.00180217 0.0095148 0.00852707 0.673054 0.104559 0.0341365 0.0199585 0.0165732 
0.0279107 0.000270164 1.96121e-05 0.115949 0.0587957 0.00238818 0.010739 0.000110401 0.0893077 0.0248726 0.471443 0.163123 0.0256329 0.00757242 0.00186537 
0.000529963 4.25491e-05 1.00342e-06 0.157567 0.0946626 7.98069e-05 0.00617714 0.000101149 0.000610472 0.00986697 0.636277 0.0459673 0.00773647 0.0400165 0.00036476 
0.0116581 1.76715e-05 3.15156e-05 0.0222905 0.0320104 5.83059e-05 0.00233227 9.30984e-05 0.000594763 0.0083726 0.848365 0.019596 0.0139287 0.0336767 0.00697484 
0.000507737 2.9259e-05 3.08264e-05 0.114618 0.0690911 0.000140118 0.00110235 0.000121288 0.000502408 0.0129708 0.719896 0.0128328 0.0109132 0.0472271 0.0100172 
0.0339845 0.066737 3.62572e-05 0.105643 0.0171191 0.000124702 0.00139292 0.00651735 0.0685301 0.00468705 0.365418 0.248203 0.040694 0.0185678 0.0223449 
0.00112582 0.00534295 0.00012024 0.259224 0.0473528 0.000312191 0.0041524 0.000347569 0.00527472 0.00771194 0.571937 0.0195167 0.0565272 0.0192449 0.00180926 
0.00547362 0.000153262 0.000217077 0.231742 0.0296903 0.000160666 0.0170076 0.000701706 0.00784528 0.00721502 0.417 0.251741 0.010451 0.0165114 0.00408894 
0.0071474 0.000507983 3.2239e-05 0.235005 0.0634964 0.00274716 0.00204642 0.00156367 0.0287701 0.00653463 0.368124 0.221264 0.0521691 0.00505039 0.00554188 
0.0174563 0.00810984 2.64233e-05 0.0668414 0.0517254 0.000337922 0.00558186 0.00772334 0.0221769 0.0145714 0.550069 0.108355 0.071655 0.0140747 0.0612949 
0.00974902 0.000962968 0.000116276 0.245574 0.0198161 9.23659e-05 0.0334367 0.00228498 0.0140239 0.00421336 0.382226 0.22431 0.0445332 0.0050525 0.0136092 
0.00308188 0.000271672 2.82617e-05 0.0378843 0.0402967 0.00176438 0.00488773 0.00158554 0.0425334 0.0234482 0.580799 0.185667 0.0301166 0.0312136 0.0164216 
0.0116581 1.76715e-05 3.15156e-05 0.0222905 0.0320104 5.83059e-05 0.00233227 9.30984e-05 0.000594763 0.0083726 0.848365 0.019596 0.0139287 0.0336767 0.00697484 
0.0197837 0.00379892 0.000113688 0.0511774 0.0824595 0.00142343 0.000975228 0.00732199 0.0901171 0.0301678 0.3504 0.252522 0.0740027 0.0117632 0.023973 
0.000707547 1.91434e-05 4.24632e-05 0.178207 0.0363308 0.000108472 0.00621605 0.000150707 0.000500403 0.0216753 0.558157 0.140295 0.0161214 0.0410756 0.000393774 
0.0066346 0.00493476 0.000124063 0.279313 0.0296827 0.000546529 0.0174137 0.000520874 0.0664059 0.0187187 0.374547 0.153027 0.0278013 0.0118368 0.00849218 
0.0019008 3.86978e-06 0.000519476 0.0435929 0.210256 0.0349315 0.0292954 0.000212742 0.160652 0.0194465 0.287894 0.121393 0.087385 0.0020411 0.000475283 
0.00963652 0.00412566 7.58804e-05 0.141941 0.0585104 0.000276244 0.00369165 0.00310442 0.163966 0.0244945 0.272874 0.22713 0.0676819 0.0187185 0.00377402 
0.00400985 0.00561868 9.91288e-05 0.0664606 0.0765003 0.0180529 0.00475165 0.0163094 0.035459 0.00594647 0.353733 0.28907 0.0784816 0.0345805 0.0109267 
0.000397024 2.98332e-05 0.000484056 0.133412 0.0531795 0.0374903 0.00921842 0.00214864 0.00332978 0.00982101 0.552333 0.127203 0.0467065 0.0193502 0.00489638 
0.012411 8.66496e-05 0.00337503 0.143074 0.0386256 0.000190197 0.00793564 0.000357411 0.027026 0.0132956 0.454318 0.110074 0.179849 0.00520448 0.00417693 
0.0458968 0.00495296 4.57992e-05 0.0902315 0.12933 0.00291821 0.0220374 0.0023597 0.0667872 0.0047911 0.275069 0.238122 0.0459335 0.046617 0.0249071 
0.0173667 0.0109914 1.55179e-05 0.0337522 0.00914174 6.09775e-05 0.000932067 0.00633575 0.0149752 0.00213341 0.441637 0.303361 0.0557015 0.0204785 0.0831169 
0.000125374 3.56244e-05 2.31027e-05 0.0523339 0.0729992 0.000309951 0.00146135 0.000169216 0.000544963 0.00649379 0.792186 0.0237669 0.0129767 0.0220846 0.0144893 
0.0865142 0.0241561 0.000327704 0.100881 0.0445161 0.000359146 0.0203521 0.00329761 0.00639221 0.00820667 0.503002 0.141599 0.0151856 0.0228854 0.0223262 
0.0133217 0.00212252 0.00048234 0.180861 0.0460905 0.00177642 0.00452708 0.0020627 0.0899643 0.0174507 0.290573 0.250841 0.0532649 0.0324192 0.0142432 
0.0116694 2.57494e-05 0.000105161 0.0576717 0.0364188 8.89777e-05 0.00488689 0.000139104 0.000724585 0.0129321 0.7608 0.0521241 0.0171504 0.0405967 0.00466604 
0.000191481 5.43954e-05 3.51803e-05 0.0613501 0.0171465 0.000473298 0.00167217 7.23482e-05 0.000773301 0.0034362 0.843683 0.0303414 0.0162236 0.0180169 0.00652989 
0.0125177 0.00596441 0.000181454 0.0823979 0.0268912 0.00335019 0.00495527 0.0286723 0.00414515 0.00527839 0.463696 0.21773 0.0568976 0.025744 0.0615784 
0.00670307 1.95214e-05 0.000113855 0.219551 0.141635 0.00123772 0.0306357 0.000741018 0.0691491 0.179365 0.247634 0.0475512 0.0158194 0.0390765 0.000767292 
0.00413218 4.26266e-05 0.000561377 0.0931537 0.0594078 0.00800688 0.0319838 6.29508e-05 0.013391 0.0254645 0.543006 0.155521 0.0237812 0.0406864 0.000798177 
0.0121898 2.47477e-05 4.23536e-05 0.225653 0.125693 0.0010161 0.119485 9.16483e-06 0.00749925 0.0913044 0.258197 0.0379955 0.00743597 0.110088 0.00336572 
0.0116581 1.76715e-05 3.15156e-05 0.0222905 0.0320104 5.83059e-05 0.00233227 9.30984e-05 0.000594763 0.0083726 0.848365 0.019596 0.0139287 0.0336767 0.00697484 
0.00699644 7.55548e-06 6.07595e-06 0.0906023 0.211489 0.00709145 0.0196863 0.0024354 0.0136792 0.0989348 0.257343 0.0175423 0.0158246 0.245759 0.0126033 
0.0111377 0.00788825 7.8428e-05 0.107875 0.0303046 0.000741123 0.00427894 0.00323653 0.00219926 0.0137844 0.48146 0.165142 0.0255007 0.035997 0.110376 
0.0313599 0.00716791 0.00023041 0.107807 0.0187284 6.88443e-05 0.00376798 0.00332361 0.0054795 0.0273464 0.453029 0.185896 0.0136237 0.012705 0.129466 
0.0388966 0.00178949 0.00336115 0.0886166 0.056849 0.00615903 0.0447734 0.00383497 0.0228485 0.006369 0.261233 0.180826 0.229634 0.0232368 0.031573 
0.050635 0.00582334 1.58226e-05 0.0425813 0.0444474 8.55195e-05 0.00320902 0.00428534 0.00233821 0.0115117 0.657434 0.0783703 0.0151982 0.0638919 0.0201728 
0.0090526 0.000200686 1.37101e-05 0.195026 0.0775784 0.000404218 0.0885698 6.96708e-05 0.00496538 0.00694591 0.453824 0.0927009 0.00777364 0.0494871 0.013388 
0.0288078 0.0336 1.75921e-06 0.0382881 0.0211424 0.00066936 0.000868494 0.00847607 0.00409637 0.00224165 0.39123 0.194616 0.204455 0.0237745 0.047732 
0.0102651 0.073568 7.26453e-06 0.0344678 0.00871899 5.77975e-05 0.00333205 0.00313675 0.00811278 0.00116227 0.429882 0.330755 0.0305519 0.0134806 0.0525015 
0.12159 0.0602771 0.00529753 0.207708 0.02046 0.000221555 0.0295956 0.000438133 0.0118307 0.0053888 0.275764 0.162691 0.090116 0.00586521 0.00275604 
0.0114725 0.000172459 0.000111678 0.0937872 0.0986585 0.077916 0.0155177 0.000896228 0.0502091 0.0860153 0.396587 0.124943 0.00483125 0.0335616 0.00532104 
0.00918042 0.00892129 8.28536e-06 0.0958674 0.0858461 0.0868077 0.026613 0.000822425 0.0275936 0.0485978 0.43682 0.0941305 0.0257781 0.0113185 0.0416948 
0.000799141 0.00018898 1.78069e-05 0.0685098 0.0557428 0.171832 0.00123615 0.00416654 0.00340397 0.00516025 0.333106 0.26157 0.0601225 0.0325682 0.00157648 
0.0220366 3.08664e-05 0.000430608 0.108443 0.0864006 0.00805297 0.0135631 0.00232045 0.00724642 0.00675211 0.535339 0.144367 0.0277872 0.0327772 0.0044535 
0.00150758 0.000171558 0.000124126 0.0208405 0.0165386 0.0132074 0.0466646 7.84502e-05 0.00366383 0.000821519 0.727131 0.0796572 0.0490727 0.00749579 0.0330251 
0.000159659 1.39795e-07 6.27446e-06 0.0155919 0.157826 0.290032 0.00152577 0.000556956 0.0381839 0.000355684 0.34374 0.0453799 0.0889959 0.0175966 4.97819e-05 
0.0865769 0.00676771 0.000152989 0.229616 0.0393788 0.000725449 0.0152952 0.00528629 0.0113296 0.0100466 0.263898 0.159135 0.0619358 0.0296467 0.0802097 
0.000555446 1.09461e-05 4.99061e-05 0.0421224 0.0366252 5.54527e-05 0.00314974 0.000128672 0.000503289 0.0105749 0.830776 0.0389923 0.0108682 0.0242834 0.00130395 
0.0187373 2.90459e-05 0.000291476 0.240423 0.0718847 0.000128777 0.0140064 0.000273289 0.00391877 0.0464809 0.36084 0.0848445 0.0906628 0.058793 0.00868645 
0.00750616 0.000262845 3.19311e-05 0.076837 0.0427847 0.000252697 0.0282679 7.38965e-05 0.00129188 0.0597467 0.669088 0.0866521 0.00396275 0.00739822 0.0158429 
0.00090418 3.95006e-05 5.08549e-06 0.0965956 0.117298 3.0065e-05 0.00483358 5.01468e-06 0.071301 0.00711111 0.380299 0.0609869 0.252753 0.00779732 4.07979e-05 
0.00474577 2.07206e-05 0.000113934 0.057625 0.0672841 0.00372369 0.036784 0.000183358 0.0127024 0.00545904 0.508071 0.212359 0.0445824 0.0392428 0.00710258 
1.66453e-05 1.99889e-06 5.19771e-07 0.33216 0.0704652 0.000159325 0.00940219 1.92569e-05 0.000475866 0.00500545 0.408015 0.160582 0.00311009 0.0105328 5.37592e-05 
0.00717899 1.73909e-05 3.22237e-05 0.201488 0.0643598 0.000538717 0.00364237 0.000157909 0.0149949 0.0278788 0.455673 0.0543487 0.0227658 0.13169 0.0152329 
0.028859 0.000181421 7.57504e-05 0.29807 0.130813 0.000265106 0.00511258 0.000664513 0.0173424 0.0158276 0.323282 0.12402 0.0342763 0.00620496 0.0150058 
0.0122557 0.0184102 0.00021243 0.0828272 0.0772051 0.0011233 0.0118567 0.00601526 0.0176623 0.0385072 0.548149 0.101208 0.0478874 0.0248529 0.011827 
0.00729806 2.1547e-05 0.000316229 0.184827 0.0712227 0.0110451 0.0113897 0.00310788 0.00140853 0.00931107 0.591525 0.0550409 0.0129099 0.0400802 0.000495935 
0.0077108 0.000474597 0.00012209 0.0729009 0.0282079 0.00259323 0.00698784 0.0116864 0.0279445 0.0103348 0.608404 0.127168 0.0709697 0.0174091 0.00708641 
0.0116581 1.76715e-05 3.15156e-05 0.0222905 0.0320104 5.83059e-05 0.00233227 9.30984e-05 0.000594763 0.0083726 0.848365 0.019596 0.0139287 0.0336767 0.00697484 
0.000859583 1.76437e-05 0.000208261 0.199676 0.0394394 0.000187931 0.00557785 8.07884e-05 0.00221837 0.0122768 0.625555 0.0894992 0.00610544 0.0174702 0.000826814 
0.00363689 8.93324e-05 0.00020875 0.0333156 0.122373 0.000314051 0.00596057 0.000467214 0.00162482 0.0140285 0.390513 0.0621016 0.338496 0.000810529 0.0260599 
0.0169885 6.01359e-05 2.91329e-05 0.100294 0.0557475 0.000242315 0.0249945 0.000530772 0.228044 0.0937059 0.276526 0.173223 0.00486919 0.0126127 0.0121332 
0.0142834 0.00996574 0.0109062 0.0873256 0.0279618 0.00423693 0.0210297 0.00396766 0.0302073 0.00201845 0.320867 0.112711 0.222343 0.0129941 0.119181 
0.00170625 3.03906e-05 0.000126616 0.240518 0.0623455 0.00022298 0.00616024 8.19892e-05 0.000483905 0.0120799 0.583587 0.0724942 0.00445516 0.013037 0.00267082 
0.00412964 0.000308803 0.000500175 0.120679 0.158049 0.000767499 0.0129331 0.000575623 0.0200284 0.0213977 0.407742 0.140685 0.0401419 0.0706444 0.00141876 
0.000721706 1.84544e-05 8.90963e-06 0.0292304 0.00745575 6.68636e-05 0.000962846 0.000114604 0.00239031 0.0287901 0.87238 0.0454243 0.00419325 0.00116362 0.00707882 
0.00811819 8.6065e-05 0.00070434 0.0350215 0.0149918 0.00162919 0.0235334 0.000265743 0.00553328 0.00296409 0.767779 0.0516914 0.0567367 0.00871291 0.0222319 
0.0012502 0.000183274 6.14356e-05 0.266284 0.171024 0.0181994 0.00526724 0.00142804 0.0060273 0.00650236 0.335898 0.0787419 0.03061 0.0709895 0.00753394 
0.000232567 1.78357e-05 0.000220152 0.11345 0.0292939 0.00038675 0.0042966 0.000633839 0.00112025 0.0295719 0.675622 0.120193 0.0104147 0.00980771 0.00473937 
0.0155806 0.00403636 0.000135179 0.0881388 0.0653483 0.000798447 0.00256186 0.010566 0.00240792 0.0192928 0.654969 0.0766457 0.0302139 0.0190858 0.0102191 
0.0206718 0.000661684 3.04456e-05 0.11516 0.050847 0.000984147 0.023568 9.45827e-05 0.00280338 0.00804538 0.602734 0.0564471 0.0800681 0.0211175 0.0167667 
0.0112807 0.00322579 6.67744e-05 0.128862 0.0696809 0.000827422 0.00827556 0.0118377 0.0132801 0.0254102 0.345934 0.275237 0.0129582 0.0695306 0.0235924 
0.000414347 3.484e-05 0.00576513 0.0856881 0.045777 0.000148083 0.00638104 0.000151453 0.003243 0.0100163 0.619383 0.087861 0.111167 0.0238953 7.44499e-05 
0.0135932 0.00139592 8.81631e-05 0.036875 0.0430446 0.010472 0.00604916 0.00137223 0.00219362 0.0103397 0.573276 0.113071 0.0810579 0.0967406 0.010431 
0.0559891 0.0377268 0.00191723 0.106253 0.124297 0.000236258 0.0039448 0.00785233 0.0606785 0.00656264 0.257013 0.194098 0.0656953 0.0120342 0.0657016 
0.0225496 0.000120073 0.0011874 0.20095 0.15144 0.00224541 0.111521 0.000258435 0.0190677 0.00698813 0.222621 0.166865 0.0222497 0.0666493 0.00528684 
0.00795148 0.00023582 0.00158459 0.279769 0.0410736 0.000348375 0.0315383 0.000102305 0.0745892 0.0152462 0.332 0.158548 0.0188241 0.0217279 0.0164613 
0.0400429 7.73279e-05 0.00032714 0.190307 0.0225583 0.000305919 0.0380723 0.000352389 0.014354 0.00462481 0.52684 0.125093 0.00990881 0.0248618 0.00227427 
0.00638419 0.00636044 0.000162307 0.144711 0.0591625 0.00560531 0.0139587 0.000522526 0.00756895 0.0107988 0.487828 0.203399 0.0215387 0.0268188 0.00518101 
0.000652792 3.21429e-05 3.96224e-05 0.0605197 0.0473353 0.000180137 0.00127767 9.56104e-05 0.000248856 0.0151151 0.792014 0.013956 0.00686367 0.0537689 0.00790026 
0.0012405 1.22061e-05 0.000193325 0.22239 0.0437683 0.000184805 0.0157719 0.0001505 0.00327685 0.0123287 0.582905 0.100732 0.00553456 0.0102694 0.00124171 
0.00577617 0.000683195 0.00364509 0.139512 0.0318373 0.00107198 0.0122825 0.00146714 0.00641788 0.0147821 0.454391 0.262321 0.0337526 0.0231544 0.00890507 
0.120953 0.00984507 7.06701e-05 0.0293639 0.023468 0.00104304 0.0292998 0.00290697 0.0308836 0.00278016 0.452955 0.220989 0.0267802 0.00826431 0.0403965 
0.00252887 0.000107147 6.22756e-05 0.137287 0.0744715 0.00854104 0.00730628 0.000697832 0.0133006 0.0162101 0.551657 0.133579 0.0308662 0.0142008 0.00918488 
0.00371751 0.00119241 6.59699e-05 0.0786885 0.0563974 0.00222853 0.00585681 0.00271792 0.0833914 0.0861683 0.482184 0.156373 0.0121606 0.0238837 0.00497435 
0.00655556 7.05602e-05 0.000130154 0.182157 0.0524187 0.000798037 0.0458942 3.62148e-05 0.016886 0.0209126 0.372234 0.268656 0.0110867 0.0186806 0.00348363 
0.0114672 0.00490376 2.14712e-05 0.0176528 0.0795045 0.00779551 0.0189977 0.00146493 0.0865518 0.010776 0.516108 0.0916068 0.0632566 0.0682228 0.0216705 
0.00120915 3.29015e-05 9.61308e-05 0.148996 0.043185 0.000543747 0.00670114 0.000161913 0.00636049 0.0141131 0.642165 0.0794649 0.0196321 0.0300704 0.00726848 
0.00365779 0.00104053 1.0942e-05 0.317253 0.018929 0.000188762 0.00113722 0.00150366 0.00139514 0.0486393 0.33636 0.227156 0.0255753 0.0127582 0.00439522 
0.015942 0.0104297 0.00072857 0.0645042 0.0236043 0.00109132 0.00397461 0.223878 0.00986171 0.00579427 0.391257 0.153567 0.0630537 0.0196687 0.0126453 
0.0199214 0.00272308 0.000181328 0.112342 0.055633 0.00515948 0.00493209 0.00186906 0.00459329 0.0159135 0.553889 0.115964 0.04368 0.0460925 0.0171066 
0.256424 0.00282049 0.000991065 0.172485 0.0473683 0.000159838 0.0612452 0.000494331 0.0012796 0.0310543 0.272684 0.119842 0.00803722 0.0096751 0.0154391 
0.0759543 0.00567481 9.68696e-05 0.139869 0.0408432 0.00037436 0.00684698 0.00930285 0.00202935 0.0357101 0.469171 0.121624 0.0139442 0.0410712 0.0374875 
0.000654328 0.000158774 0.000208291 0.0723156 0.0416288 0.000154789 0.00151363 0.000187584 0.00451457 0.00378825 0.560138 0.116383 0.120165 0.0138656 0.0643245 
0.00663292 3.82823e-05 0.00130229 0.186154 0.0338801 5.31946e-05 0.0506601 0.000136049 0.000177882 0.00391449 0.639288 0.0253486 0.0480966 0.00266966 0.00164795 
0.0222295 0.00365498 3.63544e-05 0.0920717 0.0430865 0.000452956 0.00210677 0.051149 0.0225423 0.00573595 0.424952 0.226617 0.0599833 0.012501 0.0328801 
0.0100622 0.00517462 0.000522265 0.13626 0.0758108 0.00520686 0.0573489 0.00265462 0.20555 0.0170647 0.213525 0.179247 0.0518953 0.0273003 0.012377 
0.0258596 0.00154507 0.000187076 0.0773269 0.0316402 0.00969976 0.0323064 0.000586724 0.00305511 0.00387309 0.465943 0.138095 0.0666396 0.022565 0.120678 
0.0641365 0.000979793 0.000968019 0.0969387 0.0429559 5.16316e-05 0.0439192 0.00209599 0.000911325 0.0403647 0.261758 0.23464 0.186357 0.016986 0.00693787 
0.0164988 0.013541 4.08667e-06 0.0686576 0.0863751 9.84167e-05 0.00269774 0.00257956 0.0301163 0.000502515 0.323728 0.149086 0.039506 0.00594213 0.260667 
0.000289711 1.29061e-05 9.44334e-05 0.263553 0.0867858 0.000617379 0.0143302 0.000844951 0.000192832 0.0278773 0.328888 0.185866 0.0523349 0.0367425 0.00157125 
6.11716e-06 2.42629e-05 8.04521e-06 0.133031 0.0578821 0.000154827 0.0043578 2.50617e-05 0.00645115 0.00744263 0.616754 0.0108352 0.143696 0.016786 0.00254514 
0.00369526 0.00047042 8.47132e-05 0.228827 0.0601801 0.000580992 0.0235118 0.001757 0.0150825 0.00996545 0.294425 0.231039 0.0179275 0.102069 0.0103839 
0.0187965 9.91948e-05 6.33196e-05 0.0140538 0.126874 0.236575 0.0113162 0.000308404 0.0095887 0.00452445 0.297955 0.119566 0.143967 0.0101955 0.00611793 
0.0058253 0.00370841 5.70868e-06 0.191189 0.0213628 6.69745e-05 0.00534833 0.00222448 0.219897 0.00200756 0.299159 0.201968 0.0221793 0.0205707 0.00448793 
0.00696821 0.000149905 6.42482e-05 0.0421472 0.0213696 0.00240924 0.00227566 0.000392323 0.0449626 0.00774178 0.718657 0.114371 0.0194474 0.015293 0.00375097 
8.73347e-05 1.81427e-05 7.79383e-05 0.0758973 0.0116842 0.000143595 0.00332668 9.14879e-05 0.00985576 0.0032747 0.421231 0.18634 0.263679 0.0127011 0.0115918 
0.00157931 0.000102332 9.37483e-05 0.0187246 0.0134508 4.78953e-05 0.00110498 7.97135e-05 0.00330369 0.0127694 0.891754 0.0213207 0.00341637 0.0145278 0.0177248 
0.000785987 0.00269475 2.20217e-05 0.0796643 0.0280787 0.000102378 0.00509718 7.13185e-05 0.00584186 0.180236 0.638643 0.0342253 0.0110101 0.0121171 0.00141026 
0.00268494 6.74229e-05 0.000214956 0.013657 0.0275194 0.00133872 0.0163705 0.000137565 0.00316138 0.00262744 0.803 0.0492412 0.0126664 0.0123002 0.0550129 
9.58006e-05 3.08791e-07 1.54e-07 0.0618682 0.115911 2.44777e-06 0.0587842 8.87099e-06 0.0613001 0.0285189 0.343813 0.27766 0.013799 0.0369371 0.00130065 
0.0193161 0.00093931 0.000180044 0.266106 0.0772375 0.00298505 0.0155922 0.00394777 0.0238449 0.019712 0.324773 0.164132 0.0365077 0.0256629 0.0190645 
0.00116924 7.75609e-05 6.83814e-05 0.175327 0.106872 0.00010223 0.00770388 0.000137414 0.000799997 0.0115282 0.585377 0.0516272 0.00946347 0.0492874 0.000458556 
0.0551551 0.00691581 5.04688e-08 0.150269 0.115053 5.35213e-05 0.00158139 0.00415032 0.00432528 0.00515079 0.387091 0.174232 0.0144819 0.0291157 0.052425 
0.119962 0.0183832 0.00444696 0.206527 0.0547432 0.000845488 0.0480429 0.00529029 0.00818119 0.0203616 0.23228 0.127403 0.0400657 0.0388907 0.0745763 
0.00668925 0.000633131 0.000114769 0.0753935 0.0432841 0.000362684 0.00203921 0.000873307 0.0140844 0.0388304 0.602093 0.145007 0.0420405 0.0110238 0.0175309 
0.000470254 9.20715e-06 5.74718e-05 0.106949 0.309936 0.000556346 0.00138889 5.42707e-05 0.0172357 0.00525982 0.346733 0.049695 0.135897 0.0188463 0.00691132 
0.0214172 0.00220291 6.31314e-05 0.163982 0.028666 0.00133572 0.0119506 0.00354652 0.00509168 0.0078321 0.403335 0.229135 0.0370392 0.0181676 0.0662353 
0.00459246 0.00312646 0.000201662 0.0405911 0.0701985 0.00032093 0.00941331 0.00358133 0.000737264 0.00591683 0.587194 0.149637 0.0681273 0.0338575 0.0225039 
0.00243607 1.38068e-05 0.000181121 0.236886 0.108109 0.000386867 0.00317831 0.000371964 0.00183615 0.0240638 0.51151 0.0445595 0.0270562 0.020879 0.0185321 
0.0522939 2.95011e-05 4.12062e-05 0.125904 0.0331679 0.000617779 0.0108516 0.000185325 0.00230157 0.00417221 0.50252 0.169583 0.0419102 0.0528783 0.00354341 
0.0116581 1.76715e-05 3.15156e-05 0.0222905 0.0320104 5.83059e-05 0.00233227 9.30984e-05 0.000594763 0.0083726 0.848365 0.019596 0.0139287 0.0336767 0.00697484 
0.00546865 0.00275975 0.000131263 0.0294703 0.0330237 0.00569222 0.00999376 0.00135614 0.00395899 0.0149862 0.661302 0.090582 0.0657739 0.05177 0.0237309 
0.000721706 1.84544e-05 8.90963e-06 0.0292304 0.00745575 6.68636e-05 0.000962846 0.000114604 0.00239031 0.0287901 0.87238 0.0454243 0.00419325 0.00116362 0.00707882 
0.00249287 2.38047e-05 0.000131584 0.220526 0.0207938 9.9533e-05 0.00284175 0.000193953 0.0133321 0.0105244 0.634182 0.0643793 0.0100005 0.0155427 0.00493591 
0.00722367 0.000308707 0.000387446 0.0548836 0.0151595 0.00842985 0.0151965 0.000636729 0.0136911 0.00334587 0.547312 0.19882 0.074987 0.0206568 0.0389613 
0.000902436 1.83133e-05 0.000106667 0.0598615 0.0314535 0.00014639 0.00275613 0.000104921 0.000306867 0.0141717 0.794686 0.0374022 0.0213292 0.0328364 0.00391738 
0.0389294 0.0130766 0.000852035 0.164889 0.0505341 0.000389788 0.0193433 0.00595741 0.00279456 0.0192313 0.381429 0.203559 0.0393063 0.0478096 0.0118989 
0.00378369 0.00015125 0.0512742 0.0623847 0.0731552 0.000341508 0.00246328 0.000474824 0.0735856 0.00843867 0.429476 0.217999 0.0435418 0.0305471 0.0023837 
0.0152345 0.0153789 0.000268135 0.182663 0.0886013 0.00332648 0.0289427 0.00260664 0.0272943 0.012542 0.337251 0.167642 0.0732119 0.0339569 0.0110802 
0.0259838 0.00127899 0.000317736 0.180335 0.038062 0.000380863 0.00681336 0.00590154 0.00122432 0.0389072 0.568494 0.0765245 0.0208619 0.0242628 0.0106524 
0.0124062 0.00770784 2.06302e-07 0.0547271 0.0513031 0.265756 0.000946065 0.00201373 0.0239332 0.00521049 0.314412 0.138065 0.0407619 0.0190225 0.0637342 
0.00693365 0.000629693 5.36978e-05 0.0402717 0.0836169 0.000597171 0.0315191 0.0169484 0.0341945 0.00546118 0.322654 0.212861 0.177603 0.0460218 0.0206339 
0.0692303 0.0223778 0.00477488 0.0506575 0.012853 0.00456867 0.0054596 0.0036739 0.166867 0.0020358 0.267809 0.213076 0.135971 0.0032631 0.0373833 
0.0130817 0.00182805 1.35278e-06 0.0411209 0.252697 0.190008 0.00124398 0.000962188 0.046739 0.00684509 0.275201 0.0703797 0.0325488 0.0371285 0.0302152 
0.0132902 0.000157294 0.000471098 0.12679 0.0691904 0.00161364 0.00953053 0.000460464 0.0130955 0.0183003 0.434135 0.200306 0.0523077 0.0449805 0.015371 
0.0125629 0.0748445 6.83247e-05 0.0964497 0.121775 0.000223177 0.0123356 0.00026906 0.0646928 0.0148012 0.504278 0.0478398 0.0294514 0.0121315 0.00827679 
0.00119796 9.09992e-05 0.000461209 0.0132549 0.0112477 6.91419e-05 0.0152585 0.000198972 4.14377e-08 0.00158632 0.834442 0.0655271 0.0109327 0.00172266 0.0440099 
0.00308456 0.0313966 9.12168e-05 0.304267 0.0270407 0.000113596 0.00148213 0.0023162 0.00235691 0.0117714 0.465079 0.128583 0.00955972 0.0107886 0.00206945 
0.00616538 0.00373433 0.00020428 0.0615342 0.0137657 0.0031182 0.00222969 0.00888629 0.00249607 0.00718937 0.408676 0.322988 0.133157 0.0132385 0.0126174 
0.00243067 9.41846e-06 0.000198706 0.036857 0.0103286 1.63506e-05 0.0017281 0.0022936 0.147976 0.000681095 0.575882 0.1057 0.109702 0.000793438 0.00540252 
0.00268899 8.2219e-05 4.88405e-05 0.282788 0.0838474 0.000374254 0.0186033 3.3488e-05 0.0021347 0.0238675 0.442052 0.127687 0.00488162 0.0103434 0.000566559 
0.0202903 0.00645016 4.68059e-05 0.0459524 0.167265 0.000380521 0.000762633 0.0131195 0.00575436 0.0588255 0.453705 0.09018 0.0822675 0.0398693 0.0151318 
0.0116581 1.76715e-05 3.15156e-05 0.0222905 0.0320104 5.83059e-05 0.00233227 9.30984e-05 0.000594763 0.0083726 0.848365 0.019596 0.0139287 0.0336767 0.00697484 
0.00130744 2.22123e-05 5.51461e-05 0.0537993 0.0277739 0.00134528 0.00240286 0.000536419 0.0104808 0.00507806 0.723114 0.0763918 0.0490984 0.020831 0.0277635 
0.00751413 5.98372e-06 0.000155956 0.119699 0.0457686 0.00123834 0.0160136 2.48778e-05 0.000975093 0.0324246 0.400667 0.287907 0.00238138 0.085172 5.20317e-05 
0.014269 0.0122333 0.000203596 0.126932 0.0254996 0.000121966 0.00297893 0.00183813 0.0111218 0.0063409 0.422153 0.276133 0.0535038 0.0153748 0.0312956 
0.00236752 7.91776e-05 0.00012018 0.167224 0.0609802 0.00630408 0.00815125 0.000950311 0.0113068 0.0152656 0.536237 0.144091 0.025361 0.0167459 0.00481617 
2.17707e-05 7.27933e-06 6.88956e-05 0.0740477 0.018552 0.000225436 0.000210129 0.00027704 0.000804103 0.0116604 0.823836 0.0477243 0.00422085 0.0183124 3.14065e-05 
2.90283e-05 8.6115e-06 2.16107e-07 0.212458 0.0455277 0.000346813 0.00160848 0.000132749 0.0152008 0.0225857 0.585651 0.0747421 0.00539289 0.0362706 4.53568e-05 
0.00292134 0.00170166 0.00789578 0.155013 0.0858197 0.00356672 0.0395236 0.00594186 0.0249273 0.0396251 0.31314 0.171526 0.0751186 0.0705668 0.00271212 
0.0282295 0.0125729 9.86569e-06 0.106271 0.0166021 0.000157729 0.00429038 0.00780452 0.020188 0.00794016 0.378935 0.281465 0.0851853 0.0285044 0.0218437 
0.00444143 0.000385986 0.000352086 0.118985 0.0333581 0.00297457 0.0163745 0.000457872 0.00678725 0.0197123 0.622229 0.0603001 0.0540089 0.0465639 0.0130688 
0.000281477 1.04037e-05 3.0669e-05 0.228008 0.0381811 0.00214123 0.00405853 2.86084e-05 0.0215774 0.00543368 0.316647 0.306775 0.0689929 0.00770916 0.000125213 
0.000652792 3.21429e-05 3.96224e-05 0.0605197 0.0473353 0.000180137 0.00127767 9.56104e-05 0.000248856 0.0151151 0.792014 0.013956 0.00686367 0.0537689 0.00790026 
0.00365779 0.00104053 1.0942e-05 0.317253 0.018929 0.000188762 0.00113722 0.00150366 0.00139514 0.0486393 0.33636 0.227156 0.0255753 0.0127582 0.00439522 
0.0105345 0.00329334 0.0173049 0.143459 0.0477868 0.000264179 0.00985587 0.00198068 0.0291336 0.0137055 0.378115 0.123993 0.0731495 0.104101 0.0433221 
0.0445631 4.22533e-05 8.6618e-05 0.128736 0.0360569 0.000283787 0.0925871 9.78714e-06 0.00687285 0.00269248 0.363249 0.255051 0.00770144 0.0614083 0.000659919 
0.0119801 0.00061188 0.000168584 0.0430792 0.0502238 0.000252955 0.0410149 0.0043103 0.00895408 0.00466164 0.420586 0.312694 0.0609958 0.0293183 0.0111478 
0.0244244 0.000848237 3.96611e-05 0.20492 0.0689374 0.000779757 0.0722494 0.0014261 0.0665643 0.0359666 0.312876 0.0989996 0.084395 0.00132059 0.0262536 
0.0116581 1.76715e-05 3.15156e-05 0.0222905 0.0320104 5.83059e-05 0.00233227 9.30984e-05 0.000594763 0.0083726 0.848365 0.019596 0.0139287 0.0336767 0.00697484 
0.0106782 7.60111e-06 0.000137496 0.0417839 0.0343603 0.000301888 0.0109265 0.00693869 0.00179064 0.00514324 0.763037 0.0834995 0.0318683 0.00828779 0.00123842 
0.00523692 4.47196e-05 0.0002601 0.0394845 0.0167936 5.75541e-05 0.00490889 0.000193705 0.00650423 0.0134346 0.833014 0.0441306 0.00966786 0.014478 0.011791 
0.000185509 1.75989e-06 5.41646e-07 0.325153 0.0921943 0.000292583 0.00113245 6.5805e-05 0.00231691 0.0481744 0.366827 0.0768403 0.0161539 0.0706454 1.57205e-05 
3.88894e-05 1.51504e-06 2.57931e-05 0.306623 0.0220052 6.95749e-05 0.0344907 0.0001194 0.0493005 0.00836476 0.310218 0.23556 0.021275 0.0113482 0.000559881 
0.0219256 0.122265 1.89648e-07 0.0502395 0.0100127 5.6367e-05 6.66177e-05 0.00811053 0.00297417 0.0641821 0.493673 0.0832744 0.0120534 0.00902559 0.122141 
0.00264549 0.00016369 0.00282857 0.105304 0.0175413 9.72227e-05 0.0702591 0.00012236 2.78564e-07 0.00267592 0.605151 0.0992577 0.0405114 0.00626244 0.0471805 
0.0358335 7.2015e-05 0.000714529 0.2547 0.0675382 7.83496e-05 0.0392221 0.00020655 0.0279868 0.0103475 0.259917 0.210631 0.0392853 0.037733 0.0157342 
0.0188367 0.00182021 0.000383023 0.0696617 0.0325207 0.0037938 0.0329232 0.00227705 0.0263874 0.0197463 0.533553 0.135783 0.056727 0.0316218 0.0339644 
0.0014856 0.000707815 1.43713e-05 0.139932 0.0993076 0.00456539 0.00374002 0.00185986 0.035814 0.0135112 0.518369 0.145291 0.0237343 0.00602792 0.00563994 
0.00817818 0.00511274 0.000135975 0.159967 0.0428976 0.00193033 0.00870046 0.00105522 0.0700016 0.0130792 0.393493 0.217524 0.0457983 0.0182294 0.0138969 
0.00186537 0.000638316 0.00030112 0.148647 0.0285908 0.00863954 0.00567568 0.00184779 0.00208902 0.00592364 0.341721 0.326781 0.0351653 0.0880161 0.00409908 
0.0107343 0.00185818 0.000611635 0.122057 0.0759501 0.00321722 0.0180196 0.00212981 0.0496744 0.0123116 0.407127 0.139672 0.11676 0.0273802 0.0124963 
0.0126881 0.00310901 0.000210546 0.120827 0.0512529 0.000814351 0.00854576 0.00200631 0.0332096 0.0117901 0.439403 0.203868 0.0753094 0.0288159 0.00814998 
0.00176815 7.34799e-06 8.06923e-06 0.303858 0.0943619 0.000241958 0.0133631 8.51558e-05 0.000752177 0.0395209 0.375276 0.0750735 0.00538355 0.0899051 0.000395773 
0.0122673 0.00809425 0.000893399 0.203568 0.0669427 0.000308726 0.0701084 0.000564521 0.0678656 0.0209552 0.291355 0.202771 0.0315387 0.0179462 0.0048215 
8.96462e-05 1.62577e-05 2.13191e-05 0.0621416 0.0171365 0.00018123 0.000340329 9.74112e-05 0.000430193 0.00564734 0.841674 0.0306869 0.00687093 0.0294915 0.00517515 
0.0185638 2.5047e-05 0.000277583 0.151479 0.119915 0.0479955 0.0201284 0.0108643 0.000190071 0.00477992 0.512543 0.0186151 0.0235585 0.0709815 8.38434e-05 
0.00815973 5.36098e-05 4.25887e-05 0.0847327 0.294111 4.88283e-05 0.00935363 5.48791e-05 0.0292997 0.0468495 0.366735 0.0556532 0.0147203 0.0892603 0.000925442 
0.0185638 2.5047e-05 0.000277583 0.151479 0.119915 0.0479955 0.0201284 0.0108643 0.000190071 0.00477992 0.512543 0.0186151 0.0235585 0.0709815 8.38434e-05 
0.00961772 0.000641671 0.00119122 0.168215 0.0370961 0.000344451 0.00782488 0.00124239 0.00648249 0.00902884 0.388472 0.337032 0.0136343 0.0176569 0.00151932 
0.0116581 1.76715e-05 3.15156e-05 0.0222905 0.0320104 5.83059e-05 0.00233227 9.30984e-05 0.000594763 0.0083726 0.848365 0.019596 0.0139287 0.0336767 0.00697484 
0.00722292 0.00366078 0.000735922 0.133564 0.0509471 0.00205329 0.0100386 0.00438481 0.00339803 0.0119701 0.384352 0.198615 0.0881255 0.0399774 0.0609545 
0.00382815 2.30632e-05 4.3403e-05 0.0912869 0.0324311 0.000161014 0.00157081 9.15967e-05 0.00345045 0.010251 0.786077 0.0185499 0.00734058 0.0340143 0.0108809 
0.00288934 8.64959e-05 4.45811e-05 0.11182 0.0573662 0.0237633 0.0821894 0.000134164 0.00184049 0.00832179 0.538519 0.108563 0.00487908 0.0483623 0.0112201 
0.00311251 8.61716e-06 0.000114593 0.288571 0.0318987 0.000454541 0.00237743 0.000764965 0.0119099 0.011288 0.455032 0.123848 0.0279639 0.0413999 0.00125644 
0.00763783 0.000122862 8.14368e-05 0.106142 0.0356699 0.000174655 0.00490329 0.000144574 0.00704027 0.012032 0.61623 0.158516 0.00723186 0.0407409 0.0033329 
0.141327 0.00232012 2.35365e-06 0.0685252 0.0829637 0.0854233 0.0340678 0.130543 0.0402653 0.00573615 0.239695 0.0956739 0.0230611 0.013705 0.0366915 
0.00067235 1.35503e-05 1.34175e-06 0.0103451 0.218533 0.00132439 0.00328716 4.30878e-08 0.0385174 0.100783 0.33848 0.071439 0.203045 0.00429136 0.0092682 
0.000412719 4.88955e-06 5.41352e-06 0.0699588 0.0646626 0.000120959 0.00244637 8.45877e-05 0.00251359 0.0197194 0.746871 0.0372151 0.011166 0.0440809 0.000737668 
0.00449577 0.0546469 8.65672e-05 0.0936391 0.095378 0.0309234 0.00261237 0.00338112 0.0246687 0.00590003 0.363442 0.193975 0.108335 0.00961635 0.00889919 
0.00668881 0.000920236 0.000160311 0.0719247 0.0292538 0.000354606 0.00873193 0.000628579 0.0194696 0.0278445 0.55456 0.171887 0.0857094 0.0111016 0.0107651 
0.076732 0.0192577 1.49383e-06 0.0157931 0.000928827 1.15319e-05 0.0360864 0.00815647 0.0163361 0.000299486 0.358746 0.224017 0.0477494 0.000934759 0.19495 
0.0116694 2.57494e-05 0.000105161 0.0576717 0.0364188 8.89777e-05 0.00488689 0.000139104 0.000724585 0.0129321 0.7608 0.0521241 0.0171504 0.0405967 0.00466604 
0.000472176 2.06564e-05 0.000379772 0.206759 0.060298 0.00131919 0.00912938 0.000616533 0.00174489 0.0307868 0.471842 0.114893 0.0776199 0.0219661 0.00215289 
0.0146578 0.00137412 7.85373e-05 0.0429406 0.0372445 0.000128315 0.00974284 0.00619462 0.0134616 0.0138662 0.302564 0.0800668 0.189968 0.0402982 0.247414 
0.00560974 0.00517447 2.83531e-07 0.241772 0.00929336 1.59778e-05 0.00133337 0.00147233 0.00116122 0.00106586 0.505941 0.124839 0.0689989 0.00800156 0.0253211 
0.002183 3.8587e-05 3.0632e-05 0.129482 0.0291431 0.000219792 0.00691774 5.41241e-05 0.00308146 0.00520539 0.696595 0.100033 0.00934451 0.0175114 0.000159833 
0.0120229 0.00625406 0.000171027 0.130959 0.0579272 0.00287322 0.0109307 0.0027616 0.0785892 0.0232192 0.327805 0.250802 0.0593846 0.021634 0.0146663 
0.00880978 0.00488678 6.61848e-05 0.0398828 0.0555051 0.0034394 0.00744094 0.00215523 0.00777157 0.00400133 0.471307 0.101408 0.0502312 0.0163297 0.226765 
0.00776072 0.00499362 0.000131579 0.0772419 0.0341348 0.00563281 0.00531614 0.00257305 0.0230563 0.00688957 0.350569 0.282266 0.159628 0.0282333 0.0115735 
0.000191481 5.43954e-05 3.51803e-05 0.0613501 0.0171465 0.000473298 0.00167217 7.23482e-05 0.000773301 0.0034362 0.843683 0.0303414 0.0162236 0.0180169 0.00652989 
0.0116581 1.76715e-05 3.15156e-05 0.0222905 0.0320104 5.83059e-05 0.00233227 9.30984e-05 0.000594763 0.0083726 0.848365 0.019596 0.0139287 0.0336767 0.00697484 
0.0998166 0.0422938 0.000275797 0.20223 0.0409358 6.20573e-05 0.012959 0.00248404 0.0464391 0.00170125 0.244212 0.163986 0.113531 0.0164283 0.0126452 
0.100181 0.0170306 0.000458922 0.151969 0.0125349 0.000112949 0.00893316 0.0027496 0.00523297 0.00259939 0.343659 0.295909 0.032237 0.0149238 0.0114691 
0.0127872 7.36562e-05 0.000174998 0.113611 0.0345056 0.000396747 0.059975 4.65695e-05 0.00567751 0.0121214 0.556263 0.171435 0.00542413 0.0255038 0.00200398 
0.00110945 2.55351e-05 0.00072011 0.251611 0.0718597 0.000160524 0.0123304 0.000104021 0.00634069 0.0127378 0.445008 0.152647 0.0137164 0.0227419 0.00888709 
0.0835654 0.00478463 8.11863e-05 0.0745116 0.0495726 0.0115043 0.0346024 0.00420518 0.0174546 0.00327979 0.423804 0.162824 0.0631713 0.0386558 0.0279834 
0.0229792 2.3494e-05 0.000318905 0.0579575 0.0924999 0.000102943 0.00423446 0.000231144 0.00281348 0.0157655 0.634665 0.0824992 0.039532 0.0333316 0.0130454 
0.00299488 7.06649e-06 2.52335e-05 0.189689 0.1229 0.000128263 0.00414876 5.65259e-05 0.00299453 0.0444587 0.355831 0.1363 0.00273355 0.137628 0.00010518 
0.0313599 0.00716791 0.00023041 0.107807 0.0187284 6.88443e-05 0.00376798 0.00332361 0.0054795 0.0273464 0.453029 0.185896 0.0136237 0.012705 0.129466 
0.0425562 0.0134905 4.78703e-05 0.0974252 0.00659516 0.000328038 0.015787 0.00770411 0.00266062 0.00124679 0.427755 0.264055 0.080052 0.0135601 0.0267365 
0.0441326 0.00360777 0.000171048 0.327192 0.0369379 7.23031e-05 0.0122876 0.00210981 0.00159368 0.0721864 0.388699 0.039792 0.0268275 0.0184629 0.0259281 
0.099378 0.00260755 7.87433e-06 0.0814024 0.0300247 1.9346e-05 0.00609796 0.00218323 0.0318442 0.0526296 0.422815 0.177069 0.0182279 0.0413178 0.0343762 
0.00119796 9.09992e-05 0.000461209 0.0132549 0.0112477 6.91419e-05 0.0152585 0.000198972 4.14377e-08 0.00158632 0.834442 0.0655271 0.0109327 0.00172266 0.0440099 
0.00665986 0.000819704 0.000418453 0.183127 0.0514614 0.000323276 0.0088471 0.000836806 0.00408064 0.0170054 0.555024 0.0898601 0.0480211 0.0312638 0.00225183 
0.0122997 0.00185047 8.4633e-05 0.0773848 0.0579163 0.000413678 0.00280772 0.00612191 0.0110667 0.0306335 0.405743 0.223098 0.0400946 0.0566057 0.0738795 
0.00145095 1.14628e-05 0.000203008 0.122394 0.0261011 0.000112308 0.00395363 0.000101347 0.0190174 0.0126391 0.456238 0.211552 0.0111717 0.133035 0.00202001 
0.0362944 0.00985703 0.00016018 0.0585107 0.00575725 0.000292068 0.00573931 0.00681507 0.00331738 0.0010489 0.405438 0.198941 0.238 0.00743905 0.0223909 
0.00189893 0.000165238 0.000103288 0.121778 0.0742419 0.000978543 0.0118477 0.0114417 0.0243832 0.05567 0.494527 0.0934409 0.0388658 0.019107 0.0515506 
0.00011561 1.07636e-06 9.66752e-05 0.269086 0.0117292 5.41891e-05 0.000402777 5.55286e-05 0.00128452 0.00410673 0.668895 0.0180237 0.0182642 0.00786073 2.3951e-05 
0.00120282 3.66629e-05 0.0293937 0.166633 0.0209136 3.97748e-05 0.0385666 0.00734708 0.00590939 0.00735815 0.388791 0.249008 0.0821034 0.000129674 0.00256633 
0.000289711 1.29061e-05 9.44334e-05 0.263553 0.0867858 0.000617379 0.0143302 0.000844951 0.000192832 0.0278773 0.328888 0.185866 0.0523349 0.0367425 0.00157125 
0.02046 0.00198574 0.000443394 0.100059 0.0631446 0.000273817 0.0211346 0.00468113 0.0635233 0.0207537 0.281188 0.149889 0.187985 0.0268783 0.0576014 
0.0666736 0.0666758 0.0666083 0.0666845 0.0666845 0.0666097 0.0666739 0.0666344 0.0666754 0.0666716 0.0666868 0.0666861 0.0666816 0.0666814 0.0666724 
0.0398486 0.00351275 0.000305657 0.189401 0.0616921 0.00969091 0.0114738 0.0123732 0.00576947 0.0132623 0.364009 0.227315 0.0248092 0.0320512 0.00448553 
8.61378e-05 2.80246e-05 0.00024261 0.102759 0.0382622 0.000187219 8.56345e-05 4.01693e-05 0.0138325 0.0184959 0.701123 0.0714043 0.024008 0.0294036 4.13556e-05 
0.0154711 0.00588316 0.000140144 0.0260797 0.0367772 0.0081592 0.0125731 0.00284126 0.00334241 0.00684331 0.383072 0.0988086 0.0267458 0.0157619 0.357501 
2.90339e-05 7.50758e-06 2.67567e-07 0.147681 0.0368309 0.000346853 0.000283541 0.000461747 0.00150443 0.0229275 0.65014 0.0951905 0.00828043 0.0362707 4.53636e-05 
0.0248303 0.0071489 2.67944e-05 0.119183 0.0745172 0.00017501 0.0205746 0.00168381 0.00924146 0.00766716 0.514946 0.117485 0.0289872 0.0206067 0.0529261 
0.000417715 2.67315e-05 0.000171849 0.080649 0.0485103 0.000249591 0.00187449 0.000201214 0.000674709 0.0186712 0.752284 0.0290788 0.00877809 0.0539766 0.00443599 
0.0104011 0.00652606 7.48939e-05 0.0562005 0.0248767 0.000105487 0.00840629 0.00442706 0.141175 0.00783789 0.35457 0.214855 0.147311 0.0156964 0.00753774 
0.00454282 2.36553e-05 0.000267971 0.197153 0.0503531 0.000205688 0.00698044 0.000105435 0.000640206 0.00942002 0.626763 0.0807388 0.00472264 0.0153022 0.00278048 
0.0107053 0.00545241 0.000508759 0.0537409 0.0403685 0.00125003 0.0424488 0.00612497 0.00361505 0.0149701 0.314947 0.256939 0.0927425 0.0157629 0.140424 
0.00264207 0.00155715 0.000197853 0.0418196 0.0614474 0.00639064 0.0102691 0.00145334 0.00506067 0.0132626 0.671886 0.0787611 0.0599786 0.016445 0.0288292 
0.0188936 0.00185434 0.000259199 0.0499537 0.00665982 0.00604405 0.0954989 7.94879e-05 6.65705e-05 0.000978561 0.617471 0.0341992 0.0698358 0.00667552 0.0915298 
0.0293863 2.23521e-05 0.000254239 0.126523 0.048282 0.000396319 0.0104869 6.69293e-05 0.00218085 0.0133764 0.347364 0.0833673 0.00326231 0.334537 0.000494339 
0.00179646 9.54851e-05 0.00013629 0.152833 0.0925948 0.000878303 0.00589584 0.00025054 0.0125802 0.0410753 0.564192 0.0683238 0.0232019 0.0338182 0.0023274 
0.180747 0.00918186 3.4693e-05 0.0797029 0.0298187 0.000351674 0.0853196 0.00270947 0.00425482 0.0109036 0.329632 0.136492 0.0635906 0.00853764 0.0587239 
0.0182184 0.00140491 2.42048e-05 0.14466 0.179827 0.00235754 0.00326718 0.00518847 0.0127444 0.0195044 0.327936 0.167542 0.0350445 0.062778 0.0195041 
0.0200073 0.0100901 5.84796e-05 0.0304335 0.0307934 0.000913348 0.00101995 0.00448625 0.00251577 0.01274 0.611965 0.109873 0.111305 0.0399561 0.0138429 
0.000429474 1.02301e-05 2.16704e-05 0.0325751 0.0324433 4.22531e-05 0.000806942 0.000143105 0.00197763 0.0118252 0.85817 0.0374958 0.00493363 0.0185189 0.000606546 
