0.0992081 0.156537 0.131507 0.04406 0.00684555 0.0014487 0.00485406 0.123323 0.0135398 1.08494e-06 0.164642 0.0140254 0.119456 0.0289039 0.0916477 
0.0581615 0.0169569 0.104867 0.0826576 0.00980147 0.00055352 0.0118132 0.0235226 0.00412884 0.000582448 0.367749 0.105899 0.0945753 0.0384636 0.0802681 
0.0257481 0.0138598 0.0920722 0.0369472 0.0062103 8.59795e-05 0.00374691 0.00729737 0.000221897 0.000422185 0.705825 0.0341161 0.0171295 0.0394536 0.0168639 
0.0655409 0.0367589 0.23356 0.0561473 0.0256254 0.000919573 0.00499333 0.0419739 0.00592319 0.000234371 0.371587 0.0225686 0.0132109 0.0412487 0.0797076 
0.181144 0.00203428 0.102969 0.0747609 0.0315561 0.000666668 0.00939086 0.196592 0.00285558 0.000281741 0.254156 0.0292227 0.0165205 0.0342431 0.0636067 
0.0512761 0.0713946 0.117043 0.107233 0.00591342 0.00062276 0.0092553 0.0287103 0.0180461 2.16e-05 0.421781 0.0161317 0.065588 0.0287855 0.0581984 
0.0655107 0.00947898 0.289136 0.0259944 0.0121418 0.000618606 0.00394449 0.061067 0.00142486 0.000364006 0.418925 0.0296452 0.0135774 0.0370555 0.0311158 
0.189302 0.00541328 0.0686964 0.087394 0.018333 0.00125716 0.00377743 0.0432318 0.0245299 0.000396654 0.206923 0.0384492 0.0410899 0.164017 0.107189 
0.133478 0.0160023 0.16826 0.158994 0.00161639 0.00124454 0.00166448 0.162226 6.49947e-06 0.000135601 0.238962 0.00182279 0.0169756 0.0588726 0.0397396 
0.0133017 0.274044 0.0748461 0.0355851 0.00109894 0.000638725 0.0192845 0.0109516 0.0015855 0.000142075 0.454422 0.0138531 0.0448931 0.0223007 0.0330532 
0.0652072 0.0206691 0.29487 0.0189932 0.0171609 0.00285727 0.00693978 0.0551738 0.000890792 0.000219146 0.345664 0.030034 0.0249132 0.0220863 0.0943218 
0.0815872 0.0201802 0.12873 0.128507 0.0077738 0.00233207 0.00735384 0.0521465 0.00158777 9.55999e-05 0.365605 0.020263 0.0564941 0.0488928 0.0784505 
0.140127 0.00635913 0.16348 0.0355975 0.0137808 0.0336025 0.00624525 0.0462754 0.00754676 0.000335303 0.281252 0.0192824 0.0175923 0.0519973 0.176527 
0.0411757 0.115288 0.057959 0.0350554 0.128669 0.00140953 0.00861062 0.0429722 0.116373 5.20278e-05 0.301546 0.020998 0.0193359 0.0138824 0.0966723 
0.0546032 0.0110313 0.142379 0.0513228 0.00871765 0.00080283 0.011177 0.0277333 0.00267712 0.000278195 0.514872 0.0369408 0.0561767 0.0401417 0.0411459 
0.0315935 0.171461 0.0908373 0.0886909 0.0307277 0.00245638 0.0102035 0.0313114 0.0369951 3.93921e-05 0.373078 0.0172342 0.0346645 0.0178577 0.0628503 
0.18739 0.0307421 0.151649 0.0355575 0.0189332 0.00145283 0.00238958 0.0367674 0.0140191 0.000155271 0.187722 0.0585132 0.0279056 0.109494 0.137309 
0.12922 0.0408165 0.209442 0.0510848 0.013613 0.00259697 0.00607063 0.0817581 0.00951675 0.000437043 0.261575 0.023272 0.0434077 0.0424774 0.0847127 
0.182883 0.0163035 0.183938 0.090323 0.0149834 0.000541773 0.00293579 0.0258421 2.39885e-05 4.3668e-06 0.284629 0.0375319 0.0213399 0.0619028 0.0768165 
0.0810272 0.00872617 0.0867628 0.0456714 0.00712097 0.000263903 0.00267473 0.0125406 0.00509599 0.000139502 0.556756 0.0195767 0.00857797 0.0306544 0.134412 
0.0418806 0.0207978 0.282836 0.121749 0.00520993 0.00120744 0.00398676 0.0264449 0.00275442 0.000441183 0.333329 0.0192982 0.0445868 0.0318359 0.0636412 
0.0908932 0.0221789 0.230956 0.104803 0.0204923 0.00247428 0.00497169 0.0638399 0.00396382 0.00346003 0.287904 0.0174047 0.0408192 0.0428303 0.0630095 
0.0858405 0.00230256 0.151052 0.0397482 0.0265772 0.00060887 0.00604841 0.033524 1.73591e-05 6.88603e-05 0.414033 0.0933414 0.00337068 0.0404398 0.103027 
0.0568828 0.059171 0.19607 0.17629 0.00697297 0.000641224 0.0106697 0.0415995 0.000281809 0.000301642 0.262687 0.0105665 0.0272389 0.114227 0.0364004 
0.0477639 0.0668924 0.183155 0.0863409 0.0151964 0.00210088 0.00634505 0.0389334 0.00770707 0.000236954 0.321758 0.0271915 0.0667 0.0234767 0.106202 
0.0257481 0.0138598 0.0920722 0.0369472 0.0062103 8.59795e-05 0.00374691 0.00729737 0.000221897 0.000422185 0.705825 0.0341161 0.0171295 0.0394536 0.0168639 
0.0682459 0.0847528 0.188228 0.0453715 0.00866775 0.00201491 0.0159895 0.0545135 0.0195799 4.13539e-05 0.309784 0.0299669 0.0308238 0.0226656 0.119355 
0.114878 0.014409 0.202442 0.0200539 0.0200919 0.00152274 0.00211222 0.111009 0.0133994 0.000316866 0.383815 0.0328379 0.0152905 0.0458112 0.0220095 
0.0720883 0.00109368 0.151984 0.0109796 0.0169496 1.18845e-07 0.00187889 0.0770939 5.9347e-06 0.000127214 0.581879 0.0114151 0.00897163 0.0176157 0.047917 
0.0757027 0.0267908 0.232762 0.094184 0.00752044 0.00220465 0.00539538 0.0464927 0.00692173 0.00156306 0.279022 0.0241423 0.0418888 0.0425729 0.112837 
0.0672865 0.0623187 0.0984006 0.0725763 0.00727642 0.0058422 0.00687597 0.0996937 0.00595834 0.000230091 0.429198 0.0124839 0.0456656 0.0193935 0.0668002 
0.0549428 0.0103234 0.123028 0.117749 0.0198178 9.05134e-05 0.00319958 0.0192821 0.0195129 8.08574e-05 0.542025 0.0308499 0.00594227 0.0333398 0.0198161 
0.0840865 0.000236902 0.169214 0.0178998 0.00883725 0.00262173 0.000367459 0.0671817 0.000135499 0.000150282 0.523124 0.0259526 0.00582527 0.0706799 0.023687 
0.0904665 0.00312138 0.0569484 0.109217 0.0327062 0.000380338 0.00146396 0.00891999 0.00188863 0.00236365 0.505913 0.0481674 0.00395509 0.103534 0.0309554 
0.0240248 0.0209226 0.1878 0.0442923 0.0145372 0.000242103 0.00222009 0.0559708 0.0479061 0.00164782 0.325071 0.00990373 0.11037 0.0427161 0.112376 
0.0983557 0.00672866 0.193123 0.0597522 0.00665869 0.000455842 0.00149335 0.046105 0.00194947 0.00135351 0.441963 0.019004 0.0510103 0.0289448 0.0431031 
0.0291678 0.00890554 0.0547693 0.0280884 0.00430189 0.000129623 0.00227887 0.0100619 0.000390956 0.000261582 0.790366 0.0257964 0.00280548 0.0158292 0.026847 
0.0476543 0.0111358 0.106361 0.057405 0.0220333 0.000229337 0.0047692 0.049629 0.00289331 0.000452801 0.577953 0.0289299 0.0179965 0.0405058 0.0320518 
0.018498 0.0211986 0.151249 0.083879 0.032702 0.000793486 0.00729978 0.0373769 0.0205163 0.000624109 0.500814 0.0417571 0.0397447 0.0227836 0.0207635 
0.0257481 0.0138598 0.0920722 0.0369472 0.0062103 8.59795e-05 0.00374691 0.00729737 0.000221897 0.000422185 0.705825 0.0341161 0.0171295 0.0394536 0.0168639 
0.129741 0.00837133 0.229316 0.0306563 0.011864 0.00217538 0.0025002 0.0983543 0.00112899 0.000408857 0.276179 0.0386095 0.0416512 0.0783847 0.0506594 
0.0341531 0.106691 0.161005 0.104059 0.00429611 0.0114241 0.00906954 0.0358065 0.023746 0.000287784 0.191936 0.0241035 0.0973686 0.0215703 0.174484 
0.133091 0.00041646 0.0516059 0.0153307 0.0389299 0.00677106 0.00210586 0.00865311 2.34146e-05 0.000134947 0.405735 0.112958 0.0257464 0.156323 0.0421747 
0.192052 0.0117925 0.191358 0.0522158 0.0146846 0.00279441 0.00601399 0.0952678 0.00319418 0.000880322 0.235304 0.0508338 0.033731 0.0542968 0.0555812 
0.0297522 0.0565443 0.0862504 0.0665935 0.00536237 0.000160935 0.00288443 0.0350124 0.000477014 0.000548517 0.599358 0.0244983 0.0140236 0.0456401 0.0328937 
0.0380362 0.018454 0.212576 0.0813864 0.0142613 0.00131291 0.00788436 0.056178 0.0128678 0.000398689 0.405867 0.036911 0.0372362 0.0338664 0.0427637 
0.0820369 0.0100375 0.186479 0.0977382 0.0189773 0.00280892 0.00493632 0.0799219 0.00573499 0.000301658 0.344061 0.0184905 0.0300831 0.0439323 0.0744609 
0.072949 0.0103754 0.166644 0.158243 0.00820944 0.000359948 0.0119929 0.140759 0.000478804 0.000300787 0.267676 0.0201504 0.0453441 0.0364017 0.0601147 
0.0737698 0.0521191 0.156578 0.0635475 0.0105301 0.00296421 0.00607869 0.0307008 0.00294805 0.000854215 0.295022 0.0112376 0.0522834 0.0300587 0.211307 
0.0623969 0.00967668 0.0924728 0.110799 0.0175452 0.000748181 0.0125947 0.0411228 0.0637672 0.000620404 0.240389 0.0199348 0.0539359 0.0611705 0.212825 
0.0752837 0.0122461 0.205914 0.0389769 0.00550278 0.0124861 0.00928248 0.0348154 0.00861367 0.00104827 0.263792 0.0611155 0.081593 0.040117 0.149213 
0.0411002 0.051009 0.157845 0.0964244 0.00384391 0.000758985 0.00255847 0.0554109 0.0020288 0.000448816 0.252612 0.0798463 0.0295794 0.0140097 0.212524 
0.0654747 0.0763293 0.112316 0.0309802 0.061025 0.0128458 0.00368309 0.0349724 5.5565e-05 7.72559e-05 0.371189 0.0364716 0.0151181 0.113077 0.0663856 
0.118295 0.00452655 0.135772 0.064296 0.0869039 0.00012556 0.00260309 0.0218841 9.09576e-06 9.66254e-05 0.299323 0.136153 0.00590707 0.0596189 0.064486 
0.193136 0.00528091 0.088289 0.0558704 0.0470172 0.000309411 0.00207345 0.0459552 9.01869e-06 9.09137e-05 0.368495 0.0538838 0.00556004 0.0606733 0.073357 
0.0306399 0.0612199 0.116157 0.189154 0.00514668 0.00305594 0.0129853 0.00910113 0.0220046 1.80305e-06 0.347754 0.0201939 0.124624 0.0137513 0.0442105 
0.0487104 0.0579506 0.189965 0.0707197 0.0192394 0.00202659 0.00998664 0.100513 0.0184761 0.0383801 0.200489 0.0218935 0.0960859 0.0266199 0.098945 
0.0581468 0.00987653 0.147895 0.0232496 0.00188689 0.000573859 0.10204 0.0884614 0.000825105 0.000852678 0.422026 0.0444244 0.0262986 0.0241014 0.0493419 
0.0216275 0.156472 0.0760877 0.0355886 0.063476 0.000246119 0.0130399 0.0522083 0.0536123 0.000144005 0.387095 0.0194277 0.0537301 0.0138153 0.0534297 
0.0583178 0.0148068 0.125455 0.142785 0.00777817 0.000978564 0.00903827 0.0296165 0.0120822 0.000740362 0.352599 0.0172082 0.0893748 0.0378203 0.101399 
0.0739434 0.01445 0.171591 0.179208 0.00786451 0.000883922 0.0395156 0.0684327 0.00739569 6.94623e-05 0.18543 0.025786 0.0430273 0.0591684 0.123234 
0.0276437 0.007136 0.0248699 0.0376552 0.00112793 0.00010508 0.000151117 0.000519997 6.90554e-06 0.000134411 0.500634 0.00142077 0.011862 0.00284997 0.383883 
0.0551643 0.0299747 0.241543 0.0963077 0.0105133 0.0017302 0.00937053 0.0511703 0.00468149 0.000316506 0.329125 0.028042 0.0753649 0.0240847 0.0426112 
0.0182335 0.018316 0.113457 0.0711245 0.00210018 0.000144803 0.00714429 0.0544648 0.000314702 0.00161826 0.600131 0.0124898 0.0448713 0.0271532 0.0284373 
0.0310576 0.0252127 0.149415 0.137872 0.0169987 0.000166166 0.00924412 0.013223 4.27279e-05 0.000221083 0.522358 0.0218841 0.0266137 0.0264912 0.0191987 
0.130885 0.002111 0.188558 0.0440036 0.0332453 0.000736112 0.00289769 0.124984 0.00208964 0.00110171 0.227194 0.0502955 0.0381658 0.0816111 0.0721212 
0.104919 0.0232359 0.157576 0.05127 0.00439973 0.0372856 0.0182681 0.184522 0.00341948 2.83465e-05 0.210608 0.02483 0.0669467 0.0552308 0.0574616 
0.0924122 0.00632313 0.114641 0.0353803 0.00736849 6.48864e-05 0.000519394 0.0214303 0.000272589 5.2014e-05 0.590636 0.0167621 0.00494633 0.0291687 0.0800222 
0.0205899 0.0353371 0.262449 0.0846643 0.00282898 0.00118716 0.0139205 0.0221535 0.00904676 0.000583822 0.28124 0.0212578 0.10633 0.033633 0.104778 
0.0765846 0.0422116 0.248856 0.0571879 0.00971913 0.00118549 0.00480108 0.0995161 0.00451628 0.000142881 0.261127 0.009622 0.0521108 0.0371431 0.0952764 
0.0818954 0.00164572 0.134413 0.041224 0.00900823 0.00103748 0.0026346 0.047042 1.71064e-05 0.000401023 0.580258 0.051674 0.00146828 0.0155188 0.0317624 
0.0740226 0.0230473 0.167721 0.0338544 0.0299495 0.00205861 0.0340749 0.0302633 0.00909531 0.000414059 0.386202 0.0334407 0.0503558 0.0432786 0.0822221 
0.0553393 0.00681139 0.090869 0.0330191 0.00459601 0.00376413 0.00177436 0.0135793 0.000426381 6.49389e-05 0.613827 0.0163661 0.0474613 0.0160258 0.0960762 
0.126025 0.00606523 0.155417 0.0319839 0.00593991 0.00030009 0.0290593 0.038307 0.00839024 0.000243838 0.546681 0.0068105 0.000471479 0.0234333 0.0208726 
0.0604445 0.000642434 0.0967723 0.0813006 0.00424687 0.0211751 0.0014254 0.029491 0.000556648 0.000105135 0.623444 0.0129814 0.017022 0.01907 0.0313225 
0.0500847 0.0525961 0.202353 0.0616966 0.00679433 0.00116844 0.0017311 0.0254105 0.00581188 0.000137681 0.357649 0.0454153 0.0413082 0.0581121 0.0897315 
0.0376588 0.0421649 0.225405 0.0315052 0.00547499 0.00194351 0.0105357 0.0733441 0.0112704 0.000148282 0.369559 0.0274746 0.0391225 0.0286345 0.0957581 
0.0882132 0.0194026 0.213617 0.0388013 0.0142997 0.000430779 0.00578505 0.0356586 0.000686231 0.000483398 0.463694 0.0206739 0.00851922 0.0380432 0.0516916 
0.0808401 0.0105046 0.313818 0.0312766 0.0131448 0.000479743 0.00381122 0.106163 0.00154498 0.00105868 0.320389 0.0174104 0.0242334 0.0411337 0.0341916 
0.0398687 0.0581979 0.0643982 0.224381 0.0208273 0.00498852 0.00343631 0.0416587 0.000738465 4.95228e-05 0.383446 0.0159121 0.0327928 0.0548766 0.0544279 
0.15039 0.124734 0.153911 0.0421616 0.0101091 0.00265285 0.00685124 0.0665072 0.00128614 0.000177735 0.265993 0.0231437 0.078223 0.0572365 0.0166241 
0.0246352 0.0552197 0.0837394 0.0362423 0.00309238 0.000191463 0.010018 0.0148536 0.000368104 0.000577076 0.656484 0.0217912 0.0239065 0.0315153 0.0373662 
0.0666841 0.000142061 0.089906 0.0183885 0.00483883 0.000920629 0.000259798 0.0318349 4.74806e-05 0.00160344 0.762143 0.00420747 0.00261917 0.014896 0.00150839 
0.0483804 0.0678529 0.125062 0.0438072 0.00113972 0.0118106 0.0065625 0.102259 0.0126443 1.28783e-05 0.249948 0.00289839 0.202313 0.0189372 0.106371 
0.0929175 0.00180729 0.230744 0.0381759 0.0185881 0.000647996 0.00204774 0.0557639 0.000168592 0.000246344 0.392431 0.0186276 0.0129003 0.0642558 0.0706777 
0.0386544 0.0104962 0.0254905 0.0141415 0.012161 4.93566e-05 0.00236365 0.00414781 1.358e-05 2.26258e-05 0.775124 0.0434549 0.000748717 0.0620423 0.0110892 
0.0333285 0.0778534 0.153438 0.136534 0.0157503 0.00367231 0.0528938 0.0329491 0.0113038 0.00015443 0.252406 0.0305056 0.0978744 0.0260057 0.0753317 
0.0105301 0.315508 0.0835436 0.0427197 0.0042064 0.0005932 0.00996383 0.021393 0.0124948 5.85466e-05 0.415826 0.00685051 0.037968 0.014226 0.0241183 
0.052651 0.00978036 0.337118 0.0282952 0.0110449 0.000767351 0.00299051 0.0176321 0.0184681 4.38078e-05 0.372989 0.016616 0.017913 0.0202221 0.0934683 
0.048949 0.00452277 0.270372 0.0426517 0.00910889 0.00214569 0.00401188 0.00816262 0.000283858 0.000498432 0.526869 0.0191753 0.00581774 0.0285119 0.028919 
0.0582883 0.0322842 0.202124 0.0590094 0.0118849 0.00409926 0.00973595 0.0229357 0.00691139 0.000250221 0.443297 0.0205829 0.0471266 0.0436956 0.0377746 
0.0915442 0.0168204 0.245646 0.0601695 0.0148093 0.00180857 0.00464481 0.0436582 0.00267157 0.000175571 0.352308 0.0255273 0.0335125 0.0438304 0.0628732 
0.0182335 0.018316 0.113457 0.0711245 0.00210018 0.000144803 0.00714429 0.0544648 0.000314702 0.00161826 0.600131 0.0124898 0.0448713 0.0271532 0.0284373 
0.0134257 0.0235333 0.117369 0.0582185 0.000578009 5.89192e-07 0.0231844 0.342199 0.000130784 1.09144e-05 0.364514 0.00055923 0.0283927 0.0246072 0.00327647 
0.0753986 0.0365474 0.197903 0.139178 0.0107667 0.0123459 0.00770065 0.0514588 0.00644395 0.00342047 0.258444 0.0537254 0.0329209 0.0476672 0.0660787 
0.143102 0.0084705 0.103463 0.072432 0.0144068 0.000222726 0.00243834 0.0273782 0.00491666 0.000266972 0.524185 0.0322003 0.00467161 0.0353711 0.0264754 
0.0173042 0.0292072 0.067974 0.0873474 0.00758719 0.00019308 0.0164454 0.0221746 9.66772e-06 0.000237626 0.606922 0.0176881 0.0349298 0.0553569 0.0366225 
0.0840865 0.000236902 0.169214 0.0178998 0.00883725 0.00262173 0.000367459 0.0671817 0.000135499 0.000150282 0.523124 0.0259526 0.00582527 0.0706799 0.023687 
0.117528 0.0437659 0.136902 0.0263385 0.128788 0.000227749 0.00592646 0.0906473 0.000514854 3.02946e-05 0.169734 0.0521661 0.153192 0.0457054 0.028535 
0.093581 0.000745811 0.268172 0.0124948 0.0165988 2.74928e-05 0.00153199 0.0857122 1.06971e-05 0.000111807 0.446778 0.0108794 0.00940578 0.0248788 0.029071 
0.12158 0.0387344 0.118112 0.0574582 0.101267 0.0155141 0.00385847 0.0312474 0.0103022 6.46831e-05 0.293956 0.0635628 0.0177073 0.0660879 0.0605486 
0.0920159 0.0172139 0.0602447 0.113735 0.00914917 0.00084771 0.00895004 0.0605611 0.00281058 0.000245504 0.24818 0.0213946 0.103085 0.0408637 0.220703 
0.0519028 0.0182239 0.0455997 0.0271167 0.0156188 0.000155466 0.00466551 0.0139767 0.000438351 0.000353158 0.710628 0.0532933 0.00295304 0.0396553 0.0154191 
0.108723 0.000586342 0.153138 0.030814 0.0176036 0.00186394 0.00102404 0.0200014 0.000179933 0.000455675 0.363526 0.0219189 0.00534502 0.058152 0.216669 
0.084758 0.0150517 0.182447 0.030677 0.0228326 0.000507283 0.00155964 0.286007 0.00677958 0.000851779 0.290007 0.0149962 0.015241 0.0193123 0.0289724 
0.0257481 0.0138598 0.0920722 0.0369472 0.0062103 8.59795e-05 0.00374691 0.00729737 0.000221897 0.000422185 0.705825 0.0341161 0.0171295 0.0394536 0.0168639 
0.0348349 0.12718 0.135282 0.0602563 0.00475723 0.000796894 0.00282504 0.0321073 0.0211326 0.000263019 0.447652 0.00890966 0.0291482 0.0407958 0.0540583 
0.140079 0.024933 0.154432 0.113592 0.0150851 0.000351128 0.00282155 0.0344005 2.55365e-05 8.79198e-05 0.379919 0.0386865 0.0139576 0.0446217 0.0370079 
0.0655107 0.00947898 0.289136 0.0259944 0.0121418 0.000618606 0.00394449 0.061067 0.00142486 0.000364006 0.418925 0.0296452 0.0135774 0.0370555 0.0311158 
0.089271 0.00478323 0.190976 0.0561578 0.0143686 0.000872706 0.00266535 0.0187422 0.00559265 5.82798e-05 0.311209 0.0140485 0.0109343 0.0502397 0.230081 
0.155876 2.85995e-05 0.12125 0.0174439 0.12608 0.000158062 0.000662837 0.00474939 1.37357e-06 2.57253e-05 0.327211 0.127554 0.012288 0.0248729 0.081798 
0.0569728 0.0778307 0.113496 0.154377 0.0126371 2.13517e-05 0.00128092 0.0183653 0.00129761 0.000156214 0.422102 0.018888 0.0135876 0.0300976 0.0788905 
0.0362278 4.74182e-05 0.189002 0.00886641 0.000661737 0.000150707 0.00095054 0.0496941 1.55072e-06 0.000114225 0.614652 0.0193389 0.0122099 0.0146389 0.0534431 
0.0655107 0.00947898 0.289136 0.0259944 0.0121418 0.000618606 0.00394449 0.061067 0.00142486 0.000364006 0.418925 0.0296452 0.0135774 0.0370555 0.0311158 
0.0196203 0.00829253 0.109939 0.037114 0.0287453 0.000264309 0.00832829 0.0187297 0.00219704 0.000138204 0.68457 0.0158932 0.0299795 0.0132172 0.0229719 
0.194282 0.0321899 0.059943 0.0494325 0.00725756 0.0206012 0.00089726 0.0184673 2.81935e-05 7.07109e-05 0.283256 0.000905881 0.0448205 0.0183588 0.269489 
0.0950603 0.0107172 0.115028 0.00933017 0.0858351 0.00106612 0.0164622 0.0529387 0.00239134 0.000432723 0.237183 0.117608 0.0253766 0.213019 0.0175508 
0.187737 0.0027626 0.194571 0.023337 0.00838304 0.00866829 0.00617862 0.0587904 0.00888764 0.00120835 0.32654 0.0202165 9.03191e-05 0.0352993 0.11733 
0.0925539 0.00654774 0.251524 0.0147612 0.0422851 0.00123179 0.00257319 0.0356116 0.0006815 0.00147664 0.438726 0.0291146 0.0163206 0.0282523 0.03834 
0.0150606 0.0128818 0.105463 0.0602379 0.0232395 0.000220241 0.0075578 0.0169479 0.00203853 0.000169896 0.677156 0.0251419 0.0257138 0.0121054 0.0160656 
0.0720883 0.00109368 0.151984 0.0109796 0.0169496 1.18845e-07 0.00187889 0.0770939 5.9347e-06 0.000127214 0.581879 0.0114151 0.00897163 0.0176157 0.047917 
0.0736208 0.0349041 0.127374 0.198922 0.0220852 0.0017406 0.011328 0.0478383 0.013161 9.76367e-05 0.255968 0.0176343 0.077472 0.0445602 0.0732938 
0.0655107 0.00947898 0.289136 0.0259944 0.0121418 0.000618606 0.00394449 0.061067 0.00142486 0.000364006 0.418925 0.0296452 0.0135774 0.0370555 0.0311158 
0.0239221 0.0642527 0.145723 0.152822 0.00736696 0.000394225 0.0132068 0.0600274 0.00380036 0.000266153 0.428317 0.0179375 0.0357487 0.0313372 0.0148791 
0.0573245 0.109369 0.131612 0.0650574 0.0117229 0.00492336 0.00871703 0.0227703 0.00491357 0.00074798 0.363949 0.0223291 0.0465888 0.0266305 0.123345 
0.0129294 0.0195436 0.0794448 0.0766967 0.0047954 0.000358149 0.0114889 0.020346 0.000368347 0.000764648 0.664337 0.0318012 0.0368482 0.0185153 0.0217623 
0.153685 0.0107957 0.109465 0.0695114 0.0242128 0.000453355 0.00432488 0.135386 0.000572126 0.000138947 0.321407 0.0270281 0.0165369 0.10001 0.0264728 
0.0554533 0.0398065 0.154042 0.065028 0.00644563 0.00271032 0.00351157 0.0721742 0.0032688 0.000357693 0.350211 0.0165241 0.145717 0.0309736 0.0537762 
0.0404418 0.0116457 0.183466 0.0489993 0.0116317 0.000346508 0.0047509 0.0171832 0.00112329 0.000142223 0.546105 0.0232658 0.0120778 0.0349283 0.0638931 
0.0266344 0.0121512 0.0858644 0.075405 0.00159423 0.0172206 0.0395113 0.0698908 0.00138837 9.89043e-05 0.260915 0.0164178 0.244738 0.0260766 0.122094 
0.111006 0.0140314 0.172802 0.0373919 0.0137081 0.00552783 0.00984152 0.0777093 0.00666645 0.000310136 0.245763 0.0253452 0.179206 0.0462649 0.0544249 
0.0662372 0.0135961 0.0711512 0.0988159 0.00216977 0.000459244 0.00579349 0.0709482 0.00165678 5.15241e-05 0.47527 0.025979 0.0317548 0.00750905 0.128608 
0.153383 0.00975456 0.165474 0.0103281 0.0442727 0.000874566 0.00226582 0.264691 0.00838084 0.000452678 0.26593 0.0204556 0.0113652 0.0243561 0.0180151 
0.0257481 0.0138598 0.0920722 0.0369472 0.0062103 8.59795e-05 0.00374691 0.00729737 0.000221897 0.000422185 0.705825 0.0341161 0.0171295 0.0394536 0.0168639 
0.0182335 0.018316 0.113457 0.0711245 0.00210018 0.000144803 0.00714429 0.0544648 0.000314702 0.00161826 0.600131 0.0124898 0.0448713 0.0271532 0.0284373 
0.177899 0.00329721 0.0372003 0.0269186 0.00614331 0.00136362 0.0192656 0.00412516 4.50616e-06 1.00041e-05 0.479638 0.0464396 0.0403836 0.104552 0.0527595 
0.0443112 0.0374946 0.236862 0.117534 0.00822971 3.07713e-05 0.00835601 0.0877393 0.00511116 0.000418254 0.317816 0.00955819 0.0633717 0.0426151 0.0205533 
0.0645087 0.0140176 0.159383 0.0504015 0.0461834 0.00139652 0.00266182 0.0195997 0.0133826 0.000394057 0.436851 0.0592726 0.0252128 0.0549553 0.05178 
0.0540939 0.00773701 0.12764 0.0249076 0.0774159 0.000433541 0.00262392 0.052677 0.00189219 0.000329697 0.283159 0.259961 0.00999357 0.0578739 0.0392622 
0.0541848 0.0189797 0.150906 0.112631 0.0107157 0.00123565 0.00948498 0.0280647 0.00472329 0.00140618 0.492834 0.0313277 0.0129236 0.0290337 0.0415479 
0.0257481 0.0138598 0.0920722 0.0369472 0.0062103 8.59795e-05 0.00374691 0.00729737 0.000221897 0.000422185 0.705825 0.0341161 0.0171295 0.0394536 0.0168639 
0.0349063 0.00940418 0.0513858 0.0253813 0.00651139 4.93542e-05 0.00226317 0.00471256 9.39342e-06 4.76028e-06 0.805328 0.0230761 0.00167321 0.021181 0.014113 
0.0518584 0.00025146 0.183989 0.0185703 0.00595838 0.00208261 0.000331657 0.0754245 0.000206066 6.04085e-05 0.566871 0.0227863 0.00416455 0.0604943 0.00695173 
0.0535452 0.164536 0.143413 0.0205251 0.00871349 0.000935388 0.0124627 0.057111 0.0038823 5.57782e-05 0.429512 0.0197327 0.0188706 0.0300009 0.0367037 
0.0803548 0.0256208 0.130576 0.191261 0.0405694 0.000766481 0.00131519 0.0215023 2.3726e-05 0.000932923 0.331712 0.0187963 0.0243399 0.0447824 0.087447 
0.105414 0.000337937 0.219211 0.0114667 0.00912816 0.000107784 0.000317953 0.0311283 5.01465e-06 6.78941e-05 0.524259 0.0127422 0.0074662 0.0489882 0.0293598 
0.0257481 0.0138598 0.0920722 0.0369472 0.0062103 8.59795e-05 0.00374691 0.00729737 0.000221897 0.000422185 0.705825 0.0341161 0.0171295 0.0394536 0.0168639 
0.0633763 0.000552586 0.261817 0.0105482 0.00606948 0.000504017 0.0101699 0.0126221 6.44804e-05 0.000296618 0.287406 0.0919811 0.0213506 0.0511574 0.182084 
0.0822989 0.0383991 0.149545 0.0527745 0.0114236 0.00232517 0.00537485 0.0268615 0.00598465 0.00500952 0.355972 0.0282566 0.0238435 0.0324173 0.179514 
0.074324 0.105218 0.116839 0.0588908 0.00665583 0.0086362 0.10787 0.0944038 0.00749359 0.000189144 0.197038 0.0282432 0.029763 0.0760039 0.0884323 
0.0721761 0.0846275 0.171979 0.168178 0.0123695 0.000658563 0.00652184 0.115433 0.00337813 3.97882e-05 0.252172 0.00868867 0.0291158 0.0170492 0.0576122 
0.0686173 0.0178705 0.102775 0.0367515 0.0297864 0.000540392 0.00721603 0.1812 0.00217399 0.0108967 0.223686 0.125801 0.138641 0.0168269 0.0372174 
0.00934438 0.257218 0.0560126 0.0350761 0.000760746 0.00056595 0.214226 0.0627904 0.00317377 0.000305682 0.288311 0.00744314 0.0372811 0.00863653 0.0188543 
0.0701642 0.0034376 0.140862 0.0650775 0.0076267 0.00043354 0.0193532 0.0418767 6.60271e-06 4.00266e-05 0.5508 0.0241551 0.00606974 0.0334045 0.036693 
0.192499 0.00525774 0.196854 0.0706822 0.0186385 0.00220711 0.00282773 0.123128 0.00253126 0.000735138 0.270561 0.0148168 0.0171621 0.0507149 0.0313841 
0.0124535 0.0319251 0.0955766 0.0256763 0.00529367 5.34632e-05 0.00250507 0.0464849 1.73306e-05 0.000287811 0.728116 0.00398769 0.0205193 0.0178387 0.00926485 
0.117235 0.00386953 0.164963 0.0355445 0.00682936 0.0101203 0.00684101 0.0582256 1.84916e-05 0.00367623 0.442076 0.025262 0.0388909 0.0355142 0.0509345 
0.0716081 0.142282 0.188969 0.0483335 0.0204626 0.00230583 0.00493727 0.0261568 0.0151524 9.54603e-05 0.307494 0.0255752 0.061363 0.0480606 0.0372043 
0.154381 0.0275232 0.0512835 0.0179458 0.00174772 0.000126572 0.000805031 0.00345673 1.4404e-05 1.27746e-05 0.585674 0.0021874 0.0127929 0.00754416 0.134506 
0.0258865 0.0243074 0.173055 0.168146 0.00523685 0.000695339 0.022291 0.0350135 0.00516688 5.7956e-05 0.420604 0.0303929 0.0229274 0.0434001 0.0228196 
0.00971149 0.023379 0.0879394 0.0733927 0.000355141 0.000148021 0.00570307 0.030068 3.65441e-05 0.00196753 0.707828 0.00614533 0.0263533 0.0101293 0.0168432 
0.122542 0.0124872 0.200873 0.0383753 0.0164817 0.000739248 0.00312052 0.0811225 0.016374 0.00028638 0.292103 0.029509 0.0103354 0.0578762 0.117774 
0.0762305 0.0163122 0.181419 0.0471712 0.0135495 0.00855926 0.0111732 0.0825972 0.00786859 0.000604606 0.352921 0.0448041 0.051289 0.0388751 0.0666249 
0.0319698 0.0286701 0.129534 0.274418 0.045654 0.0012951 0.00607422 0.0136088 0.00451849 0.000352491 0.278989 0.0223428 0.0154868 0.0149677 0.132118 
0.0216527 0.0758797 0.0927962 0.0353832 0.00223793 0.000228917 0.0123904 0.0108314 0.000225251 0.000524159 0.642289 0.0160479 0.0281761 0.0271661 0.0341712 
0.0811796 0.0174616 0.282001 0.0372604 0.0181636 0.00101963 0.00225112 0.116176 0.00667841 0.00285728 0.313327 0.0477574 0.0209786 0.0312214 0.0216671 
0.140259 0.0243042 0.158602 0.0787697 0.0110926 0.00201508 0.00601669 0.00901657 0.00117388 0.000220068 0.33195 0.0160375 0.110209 0.0217639 0.088569 
0.0858682 0.00305283 0.251709 0.0248308 0.00550078 0.000472075 0.00681327 0.0921038 0.000127944 0.000331595 0.376624 0.0162639 0.0478082 0.0433207 0.045173 
0.0883134 0.00825059 0.202727 0.0594178 0.00947986 0.00206764 0.001689 0.0526521 0.000355142 0.00137203 0.315067 0.020276 0.154426 0.0482575 0.0356491 
0.0120534 0.0121319 0.0958235 0.0804207 0.00028733 0.000182936 0.00581011 0.0448094 3.96066e-05 0.00203602 0.655942 0.0101171 0.0418663 0.0105414 0.0279381 
0.0857551 0.00656594 0.178102 0.0200476 0.0116785 0.00157235 0.00129449 0.0210412 0.00248004 0.000322695 0.302828 0.0526056 0.0139004 0.0287845 0.273022 
0.14626 0.0140939 0.137041 0.0825046 0.0182706 0.000593165 0.00216137 0.0440593 0.000167802 0.000165458 0.234474 0.0636281 0.0208414 0.183377 0.0523617 
0.0682561 0.00292312 0.118131 0.0217033 0.00478299 0.00032842 0.00342046 0.0523928 0.000131972 0.000841834 0.673581 0.0188322 0.00178207 0.0125668 0.0203266 
0.0537747 0.0108921 0.172393 0.132346 0.0255971 0.0034406 0.00505627 0.0191163 0.0031651 0.000211454 0.411467 0.0460942 0.0199675 0.0544907 0.0419877 
0.0966545 0.0141625 0.209718 0.030188 0.0628769 0.000530938 0.00632562 0.0900944 0.00189004 0.000118317 0.371869 0.00861328 0.0176235 0.0436788 0.0456568 
0.0841812 0.0108183 0.197438 0.0534144 0.00594669 0.00178291 0.0066075 0.0172756 0.0331361 9.45285e-05 0.253898 0.0170251 0.0167417 0.0507771 0.250864 
0.0574211 0.0385775 0.197386 0.043486 0.00856764 0.000278473 0.00130045 0.0142099 3.71642e-05 0.000223891 0.51945 0.0242275 0.0130639 0.0284789 0.0532909 
0.0327054 0.00449533 0.227061 0.0141623 0.0249872 0.000125768 0.00288804 0.0104396 8.77889e-06 7.4968e-05 0.454371 0.139544 0.00996654 0.0414517 0.0377178 
0.107084 0.000784334 0.265836 0.0138733 0.0197308 4.14977e-05 0.00194231 0.110943 1.36154e-05 0.000142855 0.393526 0.0111782 0.011461 0.0251877 0.0382547 
0.0411757 0.115288 0.057959 0.0350554 0.128669 0.00140953 0.00861062 0.0429722 0.116373 5.20278e-05 0.301546 0.020998 0.0193359 0.0138824 0.0966723 
0.0504897 0.0129717 0.218885 0.0556787 0.0025715 0.00194853 0.00193681 0.104917 0.00198778 0.000494602 0.475827 0.00532574 0.0160853 0.0269462 0.0239338 
0.0276537 0.0081045 0.186981 0.160457 0.00287198 0.000412141 0.00582245 0.00939981 0.000193992 0.000216824 0.414783 0.0242304 0.0773842 0.0169255 0.064564 
0.125253 0.0133018 0.214908 0.0854948 0.006037 0.00138079 0.0133364 0.113312 0.00503076 0.000933652 0.218786 0.0200447 0.0236463 0.0192488 0.139286 
0.0291678 0.00890554 0.0547693 0.0280884 0.00430189 0.000129623 0.00227887 0.0100619 0.000390956 0.000261582 0.790366 0.0257964 0.00280548 0.0158292 0.026847 
0.168569 0.0260292 0.117844 0.0464821 0.0118496 0.00049149 0.00307846 0.00819319 0.0453408 4.90981e-05 0.24622 0.0315089 0.00773793 0.158051 0.128554 
0.0545873 0.0142326 0.0382671 0.0292786 0.0162184 4.03755e-05 0.00416905 0.00812733 2.54381e-05 2.71354e-05 0.740866 0.0375605 0.00149635 0.0435134 0.0115902 
0.024893 0.176035 0.129353 0.104532 0.00434701 0.000790384 0.00637752 0.0650867 0.00204606 0.000125612 0.188686 0.0119914 0.166568 0.0374773 0.08169 
0.0601684 0.0524595 0.127994 0.0894004 0.00547544 0.00217917 0.00973407 0.0541952 0.014599 0.000265771 0.325078 0.0068322 0.107198 0.0336749 0.110746 
0.0342808 0.0869525 0.0860374 0.0560293 0.0457597 0.00158396 0.0171076 0.0323063 0.0210786 0.000270446 0.483041 0.0243538 0.0466681 0.0177013 0.0468294 
0.152359 0.0114977 0.246227 0.0322621 0.0172395 0.000270107 0.00249519 0.0813579 0.00135289 0.000196664 0.34983 0.0129564 0.00709005 0.0572643 0.0276013 
0.0375999 0.000320311 0.224144 0.00568258 0.00260052 4.30888e-07 0.000155288 0.0167875 4.59527e-06 9.3431e-06 0.691552 0.00189739 0.00262955 0.0147682 0.00184786 
0.0524845 0.000430158 0.313572 0.00788676 0.00354334 5.32343e-10 0.000202425 0.0234041 4.20322e-06 7.77269e-06 0.569138 0.00258647 0.00362388 0.0205621 0.00255509 
0.0543107 0.109928 0.158988 0.112222 0.0198784 0.00194514 0.0095007 0.04505 0.00973562 0.000498605 0.308535 0.0260555 0.0412602 0.0461177 0.0559742 
0.0724244 0.0225048 0.188909 0.0253785 0.0189908 0.00212767 0.00894179 0.0500894 0.00658671 8.4014e-05 0.456629 0.0225544 0.0320931 0.0420581 0.0506284 
0.123301 0.00514079 0.193752 0.0456598 0.0117259 0.00369073 0.00495836 0.0317228 1.24558e-05 0.000569435 0.32157 0.0110446 0.0201471 0.0404114 0.186294 
0.0565404 0.000490931 0.230245 0.029929 0.0099315 0.000594448 0.000625322 0.0218362 4.28008e-05 0.00129804 0.542794 0.0203655 0.017838 0.022203 0.0452656 
0.057863 0.00942559 0.0428888 0.019442 0.0097192 0.000226756 0.00451492 0.0304856 0.000551086 0.000733912 0.328943 0.136255 0.194851 0.0176475 0.146453 
0.0632941 0.0344967 0.188463 0.0441407 0.0108075 0.00409632 0.0128701 0.0438536 0.00154439 0.000549628 0.400663 0.0730361 0.0193574 0.0628252 0.0400024 
0.0479153 0.0480297 0.180729 0.222789 0.0275411 0.00898968 0.00549469 0.0474613 0.00380914 0.000142302 0.230239 0.0450388 0.0259074 0.0835575 0.0223559 
0.0512761 0.0713946 0.117043 0.107233 0.00591342 0.00062276 0.0092553 0.0287103 0.0180461 2.16e-05 0.421781 0.0161317 0.065588 0.0287855 0.0581984 
0.0896397 0.0221161 0.0910538 0.140538 0.0103625 0.00224588 0.00451854 0.0144255 0.0231746 0.000586171 0.418447 0.0250652 0.0439196 0.0339529 0.0799545 
0.0257481 0.0138598 0.0920722 0.0369472 0.0062103 8.59795e-05 0.00374691 0.00729737 0.000221897 0.000422185 0.705825 0.0341161 0.0171295 0.0394536 0.0168639 
0.104388 0.0254905 0.175368 0.107713 0.00886668 0.000927974 0.0130127 0.0476452 0.0035629 0.000141691 0.211886 0.0907839 0.0560513 0.092671 0.0614905 
0.103576 0.031376 0.217602 0.0682529 0.0347613 0.00235463 0.00419749 0.105411 0.00603816 0.000281875 0.252105 0.0277052 0.0308274 0.0469995 0.0685124 
0.0411757 0.115288 0.057959 0.0350554 0.128669 0.00140953 0.00861062 0.0429722 0.116373 5.20278e-05 0.301546 0.020998 0.0193359 0.0138824 0.0966723 
0.202234 0.00286099 0.195351 0.0608929 0.00148652 0.000858773 0.000706665 0.0180208 9.00852e-06 0.000222345 0.346999 0.00286362 0.00537213 0.0867481 0.0753741 
0.0392361 0.0137198 0.0335912 0.0960454 0.00121197 0.000986883 0.133895 0.0288404 0.00266654 1.09204e-05 0.333568 0.0247449 0.0942699 0.0259116 0.171302 
0.0605164 0.271274 0.137219 0.0424292 0.00142679 0.00145826 0.0101359 0.03016 0.00848192 0.000614501 0.316484 0.00535821 0.0363788 0.0138726 0.0641905 
0.0131368 0.00770753 0.0836536 0.0589722 0.000759392 0.00013282 0.0118948 0.0245195 9.98311e-06 0.000523247 0.765021 0.00217085 0.00941132 0.00706725 0.0150194 
0.0867642 0.00719779 0.299912 0.0490093 0.0188194 0.000563796 0.00307892 0.0296522 0.000259195 0.00199495 0.377331 0.0152713 0.0127659 0.0274339 0.0699466 
0.0237416 0.0132816 0.26453 0.0762828 0.00125388 0.000270092 0.0134247 0.0660409 0.000287778 0.000235324 0.435931 0.0117139 0.0151096 0.0147546 0.0631428 
0.0210781 0.0222275 0.0469068 0.104872 0.000983928 0.00530934 0.00214006 0.0091652 0.000111563 0.000423285 0.594803 0.0109916 0.0211087 0.0315903 0.128289 
0.0645462 0.0620934 0.100243 0.0122037 0.103405 0.00111393 0.00480315 0.0385898 0.000254336 0.000246271 0.407915 0.0505604 0.0145415 0.104824 0.0346616 
0.126138 0.00408096 0.0793842 0.152084 0.0451503 0.000383311 0.00181566 0.0122834 0.00240362 0.00295495 0.313874 0.0668432 0.00531695 0.144315 0.0429737 
0.0710987 0.0201516 0.160161 0.24694 0.00425934 0.000900027 0.00269325 0.0517139 5.65972e-05 0.00303988 0.348843 0.0127806 0.0146618 0.0252549 0.0374454 
0.0687556 0.0338341 0.245864 0.0518502 0.0078118 0.00108202 0.00258932 0.0289888 0.000549039 0.000754418 0.440363 0.0196905 0.00510904 0.0330874 0.0596712 
0.0771604 0.00907207 0.228132 0.122087 0.00969411 0.00044552 0.00643377 0.0201944 0.000440005 0.000239746 0.270548 0.0682305 0.0308368 0.12845 0.028036 
0.222067 0.00611975 0.179472 0.0388308 0.0130739 0.00131087 0.00188536 0.0371447 0.00316429 0.000433846 0.362093 0.0138559 0.0337761 0.0377943 0.0489786 
0.0692464 0.0159835 0.11588 0.03334 0.00916617 0.00279559 0.00670661 0.0575769 0.0039996 0.000232147 0.439116 0.026669 0.141103 0.0181216 0.060063 
0.0131368 0.00770753 0.0836536 0.0589722 0.000759392 0.00013282 0.0118948 0.0245195 9.98311e-06 0.000523247 0.765021 0.00217085 0.00941132 0.00706725 0.0150194 
0.0480779 0.0430527 0.105753 0.0497733 0.0556023 0.00164302 0.00279769 0.0144281 0.0199734 0.000320034 0.504903 0.0279731 0.0344203 0.0509409 0.0403411 
0.0188811 0.042356 0.0599166 0.0745806 0.00598584 9.79718e-05 0.0097827 0.00762626 3.14742e-05 0.00014676 0.717808 0.0118438 0.0141136 0.0226534 0.0141758 
0.0616303 0.0467343 0.209118 0.0402769 0.00952825 0.00135035 0.00587443 0.0490338 0.00582189 0.000354135 0.411898 0.0222535 0.0424118 0.0284808 0.065234 
0.114623 0.00800922 0.19017 0.0336574 0.0114993 0.00207849 0.00186016 0.093571 0.00822448 0.000135112 0.370835 0.0187517 0.0492443 0.0578176 0.0395238 
0.0408382 0.0639666 0.243637 0.148041 0.00514594 0.00308712 0.014664 0.0444855 0.0207641 0.00178984 0.256897 0.00949217 0.0692363 0.0175613 0.0603935 
0.0820484 0.018294 0.0370184 0.0256676 0.010489 0.000418425 0.00298922 0.00926485 0.00322398 5.32514e-05 0.677238 0.0201694 0.0037488 0.0796624 0.0297138 
0.132405 0.00181179 0.0924148 0.0572263 0.00795464 0.000485857 0.00378228 0.0405731 0.0153817 0.00039071 0.467814 0.0212677 0.010445 0.0119019 0.136145 
0.047965 0.0134944 0.0331046 0.0236734 0.0150436 4.93471e-05 0.0031536 0.00969819 2.44362e-05 3.31646e-05 0.768584 0.0396851 0.00133196 0.0332124 0.0109462 
0.0947169 0.0138213 0.153615 0.118404 0.00407175 0.00394974 0.00448562 0.071893 0.00449102 0.000122652 0.315152 0.0216 0.0512051 0.0329033 0.109569 
0.0294773 0.000269742 0.0679891 0.0547322 0.00716933 4.61366e-05 0.00534416 0.122708 6.61357e-06 0.019603 0.424093 0.0491102 0.0414022 0.145593 0.0324559 
0.0575499 0.0489749 0.20324 0.0813889 0.00605175 0.0014354 0.0140478 0.0314237 0.0108105 0.000398268 0.338631 0.0219172 0.0808518 0.024743 0.0785365 
0.117528 0.0437659 0.136902 0.0263385 0.128788 0.000227749 0.00592646 0.0906473 0.000514854 3.02946e-05 0.169734 0.0521661 0.153192 0.0457054 0.028535 
0.0695227 0.00598338 0.194803 0.243675 0.010396 2.07298e-05 0.00164997 0.0248016 4.02832e-05 0.00408377 0.33938 0.019969 0.00600081 0.0548161 0.0248581 
0.0145553 0.0287497 0.107522 0.0212966 0.00648739 4.01018e-05 0.0021488 0.0653593 1.29986e-05 0.000215866 0.649348 0.00299078 0.0266709 0.0569001 0.0177017 
0.0693771 0.0212657 0.272621 0.0507833 0.0105227 0.000813559 0.0068454 0.0546606 0.00386527 0.00027264 0.33015 0.031641 0.0590202 0.0466797 0.0414817 
0.0794667 0.0176754 0.111098 0.0352133 0.015013 0.000304297 0.00467737 0.0916766 0.00114695 0.00116371 0.274206 0.0293598 0.229189 0.0845681 0.0252417 
0.0359268 0.00667277 0.19985 0.0459534 0.00298616 0.00303248 0.00314282 0.0169424 0.00321769 0.000701935 0.536075 0.016799 0.0297023 0.014908 0.0840901 
0.0754396 0.0359623 0.169223 0.0465363 0.0237765 0.0140926 0.00371211 0.0247291 0.0129017 0.00078035 0.444732 0.023181 0.0369001 0.0347047 0.0533287 
0.0835446 0.128103 0.242966 0.0255189 0.0131814 0.00274948 0.00739296 0.0824961 0.00517918 0.000413337 0.285706 0.0145266 0.0322445 0.0246015 0.0513767 
0.037639 0.118388 0.195444 0.166516 0.0138965 0.00219351 0.00568011 0.0505958 0.0137519 0.000856485 0.205344 0.00562375 0.0930201 0.0598054 0.0312451 
0.0577323 0.0995729 0.19122 0.0665808 0.0114272 0.000973125 0.00974605 0.0725754 0.00294797 0.000491251 0.336258 0.0149032 0.0472641 0.0303381 0.0579697 
0.0709885 0.00804388 0.162817 0.0893945 0.0161461 9.49211e-05 0.00308721 0.101689 0.000336662 0.000808656 0.370831 0.0744892 0.021213 0.061342 0.0187179 
0.0743961 0.00178021 0.170756 0.020813 0.00323551 0.000299188 0.00238949 0.104 8.90531e-06 0.000404436 0.567168 0.0100477 0.00324491 0.0099611 0.031495 
0.0655107 0.00947898 0.289136 0.0259944 0.0121418 0.000618606 0.00394449 0.061067 0.00142486 0.000364006 0.418925 0.0296452 0.0135774 0.0370555 0.0311158 
0.025898 0.0140203 0.15526 0.126628 0.000986143 0.0249707 0.0111248 0.0454474 0.00226954 0.0149226 0.323342 0.0050516 0.141296 0.0146793 0.0941031 
0.0964465 0.0214201 0.162054 0.0850538 0.0232418 0.000241513 0.00601915 0.016766 0.000228539 0.00200767 0.264338 0.0186337 0.0214331 0.0364686 0.245648 
0.0192144 0.0746159 0.0826764 0.0343204 0.00171679 0.000140553 0.0109405 0.00864082 2.11655e-05 0.000227417 0.676644 0.0100006 0.0265458 0.0233822 0.0309126 
0.0193485 0.0480504 0.110385 0.123043 0.00448305 7.37929e-05 0.00764474 0.0195891 0.00225082 0.000404495 0.548113 0.0188158 0.0315252 0.0403115 0.025962 
0.117162 0.00144478 0.136387 0.0383789 0.0251438 0.00384758 0.00196274 0.0221787 0.000779221 0.000159373 0.472445 0.013257 0.0314763 0.0238919 0.111486 
0.0888191 0.0148221 0.243749 0.0528975 0.00906394 0.000748846 0.00279032 0.0581946 0.000591079 0.000262731 0.396855 0.0225703 0.0081703 0.0414252 0.05904 
0.0690323 0.0390333 0.218072 0.0266128 0.00562641 0.000330184 0.00305945 0.0513892 0.000299665 0.000167055 0.452617 0.00900712 0.020295 0.0307392 0.0737193 
0.0771939 0.0375888 0.155969 0.135554 0.0466182 0.00164087 0.00591287 0.0478185 0.00639528 0.00335915 0.204949 0.0640569 0.0593819 0.0987431 0.0548184 
0.0915245 0.00840121 0.200841 0.0303667 0.0205444 0.00186471 0.00499275 0.0400012 0.00111646 0.000126404 0.466461 0.0287724 0.011118 0.0582894 0.0355794 
0.0658547 0.00761675 0.0455858 0.0962468 0.0199112 0.00491934 0.00491632 0.00804807 0.020126 0.000309528 0.651356 0.0073282 0.00795489 0.0189692 0.0408569 
0.057863 0.00942559 0.0428888 0.019442 0.0097192 0.000226756 0.00451492 0.0304856 0.000551086 0.000733912 0.328943 0.136255 0.194851 0.0176475 0.146453 
0.0554294 0.00701676 0.226996 0.0763228 0.0123763 0.00113859 0.00602086 0.0360927 0.000658301 0.000802406 0.368779 0.0497759 0.0406118 0.0875133 0.0304653 
0.0915286 0.0103433 0.138297 0.116036 0.00541464 0.000896149 0.00175701 0.0334934 0.000167997 0.00508749 0.391783 0.0190195 0.0187104 0.089197 0.078269 
0.0890699 0.00378036 0.220325 0.0387564 0.004675 0.000342361 0.00110573 0.0192035 4.02187e-05 0.0881093 0.259703 0.0132317 0.0147506 0.0586337 0.188273 
0.0328374 0.141502 0.0743831 0.0426653 0.142786 0.000732279 0.0108417 0.0615458 0.0396342 1.68243e-06 0.294986 0.0209524 0.0224142 0.0117346 0.102982 
0.0447633 9.61657e-05 0.0845796 0.0277659 0.00667483 0.00763256 0.000200231 0.125248 0.000418089 0.000100385 0.541438 0.0448159 0.00329376 0.103531 0.00944213 
