0.147758 0.000848887 0.163899 0.00659529 0.0590768 0.00103935 0.00773504 0.113987 0.000900933 5.81694e-07 0.13011 0.194354 0.0295592 0.123379 0.0207566 
0.0203628 0.00012424 0.024284 0.000589744 0.0170135 0.000177089 0.00171484 0.022908 0.00055188 2.63688e-05 0.0341995 0.742409 0.00694075 0.12721 0.00148837 
0.105256 0.0385437 0.0834595 0.0247226 0.0190261 0.00160181 0.0412393 0.12944 0.00347155 0.00019344 0.130157 0.286586 0.0329133 0.0745824 0.0288076 
0.0951903 0.00292257 0.0932874 0.0154336 0.174652 0.00529483 0.00458235 0.0360921 0.00131102 0.00233005 0.119834 0.272039 0.0304197 0.111483 0.0351277 
0.0546361 0.0168282 0.0667989 0.0425052 0.00341717 0.0014963 0.0102113 0.0814451 7.01875e-05 8.0557e-05 0.0286447 0.481011 0.0152069 0.0178087 0.179839 
0.0322222 0.0161144 0.0108989 0.00789527 0.00168254 0.000170601 0.000303529 0.00873628 0.000240217 0.000162782 0.00713783 0.834618 0.00343224 0.0505088 0.0258763 
0.307094 9.72968e-05 0.0615136 0.00109549 0.0178159 4.90586e-06 0.00142776 0.00914335 2.47065e-06 6.59475e-07 0.0600378 0.448288 0.000274581 0.0843684 0.00883598 
0.0881558 0.000289271 0.0508387 0.00578909 0.00604646 0.000250833 0.000650828 0.0155733 7.49252e-05 0.000300375 0.0279406 0.726233 0.000965025 0.049653 0.0272391 
0.0180405 0.0609501 0.220758 0.0254609 0.00594169 0.000629719 0.00126055 0.0101864 0.00250677 0.000202315 0.069501 0.43542 0.0570261 0.0311341 0.0609823 
0.121721 0.00870392 0.151925 0.0224783 0.0244752 0.000568795 0.0071982 0.0996483 0.00238552 0.00110208 0.0727424 0.237815 0.0241701 0.167281 0.0577853 
0.0408678 0.0129203 0.0136071 0.00837441 0.0112304 0.000123737 0.000681066 0.019838 0.000174604 0.000119429 0.0193921 0.764986 0.00329425 0.0742043 0.0301868 
0.0501475 0.00667068 0.0902431 0.00633193 0.0357803 3.93313e-05 0.0111288 0.0593209 0.000450338 0.000142997 0.0369027 0.558083 0.0195298 0.108453 0.0167759 
0.0631113 0.000368361 0.134494 0.0548273 0.0152953 0.000154886 0.0108678 0.0638872 0.000988818 0.000250437 0.129465 0.214595 0.167779 0.136564 0.00735153 
0.109089 0.01327 0.0698388 0.0216759 0.221974 0.00313677 0.00206148 0.0171195 0.000837202 0.000172229 0.0908816 0.228985 0.00624118 0.194782 0.0199347 
0.204747 0.00290565 0.13103 0.0375243 0.0172469 0.00242785 0.00308394 0.0708712 7.50311e-06 0.000102504 0.0566591 0.303809 0.00768488 0.146846 0.0150555 
0.043004 0.00225335 0.0747579 0.00773504 0.31215 0.000115841 0.00114401 0.0106669 0.000598365 0.00034115 0.053527 0.419845 0.00586951 0.0498629 0.018129 
0.0448098 0.00596714 0.0262151 0.0139819 0.00892553 0.000154959 0.00934931 0.0170619 0.00146468 0.000261336 0.0500209 0.683527 0.00480406 0.12221 0.0112465 
0.0443928 0.00952203 0.0713277 0.0168747 0.0132428 0.00434518 0.00637258 0.0229153 0.00230074 0.00027693 0.0568457 0.6614 0.00933904 0.0657222 0.0151224 
0.0444415 0.0566626 0.120947 0.0146145 0.00660221 5.47324e-05 0.0666498 0.0488681 0.000287316 0.000397715 0.0435736 0.363658 0.022569 0.196127 0.0145468 
0.0390092 0.0091675 0.0726384 0.0463724 0.0226064 0.000156558 0.000671991 0.0128916 0.000156467 0.000273142 0.0625417 0.625312 0.00218306 0.0508759 0.0551436 
0.0751989 0.015917 0.0980313 0.0340465 0.045171 0.00528366 0.00425335 0.051695 0.0168276 0.000316581 0.0752516 0.305429 0.0345669 0.20936 0.0286509 
0.0367062 0.00104564 0.0509611 0.0047768 0.00979336 0.000275682 0.00553718 0.00946846 0.000180499 6.78661e-05 0.0511211 0.733682 0.019437 0.0738061 0.00314104 
0.123591 0.000364304 0.189053 0.0232439 0.0359272 0.000219687 0.00179467 0.00951693 0.000107954 0.000133025 0.096142 0.271723 0.022674 0.195964 0.0295455 
0.0322222 0.0161144 0.0108989 0.00789527 0.00168254 0.000170601 0.000303529 0.00873628 0.000240217 0.000162782 0.00713783 0.834618 0.00343224 0.0505088 0.0258763 
0.0322222 0.0161144 0.0108989 0.00789527 0.00168254 0.000170601 0.000303529 0.00873628 0.000240217 0.000162782 0.00713783 0.834618 0.00343224 0.0505088 0.0258763 
0.0510894 0.00707245 0.0358002 0.0113108 0.0176432 0.000161105 0.00293472 0.0194819 0.00884167 0.000225293 0.0396191 0.730689 0.00541974 0.0525868 0.0171246 
0.0469622 0.000479349 0.0639916 0.0201773 0.00817781 1.77013e-05 0.00173998 0.00613034 1.91347e-05 1.65339e-05 0.0557677 0.72413 0.00793814 0.0581373 0.00631528 
0.0419605 0.0329247 0.0528598 0.0531021 0.0953381 0.000245391 0.00700954 0.0163641 0.00146215 0.000300706 0.125788 0.421292 0.00734917 0.130608 0.0133966 
0.0629528 0.00385863 0.0948994 0.0246823 0.0103012 0.000719892 0.00337983 0.0196976 0.000505891 0.00139987 0.0557221 0.541869 0.0197878 0.0726851 0.0875386 
0.0373658 0.0350623 0.12508 0.0270897 0.0194573 0.00183546 0.00984859 0.0300362 0.01141 0.000238646 0.0684371 0.474537 0.0692169 0.0650767 0.0253086 
0.104512 0.0301089 0.157804 0.0460715 0.0123675 0.000914621 0.00573437 0.0670928 0.00411752 0.000514457 0.113427 0.255516 0.100827 0.0648538 0.0361393 
0.0470755 0.00172173 0.0620672 0.0237098 0.0110541 7.47841e-05 0.00277146 0.00707641 0.000177597 0.000171617 0.0515443 0.697678 0.00848204 0.0772408 0.00915443 
0.0490323 0.0158624 0.0926927 0.0213279 0.0371176 0.00432771 0.0106904 0.0246807 0.00310356 0.00946664 0.073297 0.535656 0.025767 0.0696154 0.0273626 
0.0872765 0.00631428 0.105272 0.0214506 0.0702424 0.000927828 0.00605441 0.0802067 0.00256076 0.000343275 0.0515972 0.393559 0.0175578 0.116886 0.0397509 
0.0834517 0.00768031 0.106526 0.0299712 0.0299197 0.000705719 0.00955577 0.0488226 0.00539639 0.000260518 0.108745 0.256663 0.0354961 0.246349 0.0304569 
0.12052 0.00168257 0.103568 0.0103055 0.0243895 0.000413549 0.00402774 0.0822749 0.00221793 0.000192999 0.0674107 0.278834 0.0262762 0.264204 0.013682 
0.0560279 0.00615439 0.0810081 0.0278964 0.0120769 0.00264394 0.00501503 0.0497571 0.0015911 0.0147982 0.109966 0.485163 0.0148462 0.105613 0.0274431 
0.0238323 0.009122 0.0386578 0.00488248 0.0134671 1.0252e-05 0.00796648 0.00929016 0.000527371 2.1328e-05 0.0550355 0.675665 0.036612 0.11796 0.00694999 
0.0476309 0.0065723 0.0756669 0.0221638 0.212304 0.000172782 0.000984844 0.012453 0.000869587 0.000371422 0.058849 0.478006 0.0047268 0.0477388 0.0314904 
0.0633667 0.00575782 0.0480692 0.0200111 0.0140629 0.000282414 0.0017425 0.0089354 0.00279676 0.000245749 0.159898 0.579178 0.00441183 0.0703279 0.0209137 
0.043004 0.00225335 0.0747579 0.00773504 0.31215 0.000115841 0.00114401 0.0106669 0.000598365 0.00034115 0.053527 0.419845 0.00586951 0.0498629 0.018129 
0.152726 0.00397877 0.0877105 0.040982 0.0497669 0.0004107 0.0118411 0.144571 0.00838299 8.93338e-05 0.0518875 0.225614 0.0203321 0.137738 0.0639699 
0.0510894 0.00707245 0.0358002 0.0113108 0.0176432 0.000161105 0.00293472 0.0194819 0.00884167 0.000225293 0.0396191 0.730689 0.00541974 0.0525868 0.0171246 
0.0434891 0.0609881 0.104636 0.0395156 0.0161004 0.000877924 0.00330885 0.0301721 0.000253411 0.000302119 0.0354345 0.436916 0.0107922 0.11952 0.0976943 
0.0339286 1.6618e-05 0.0316475 0.00163731 0.0344617 0.000414594 0.000811874 0.00279413 2.95877e-05 1.05902e-06 0.0587851 0.717811 0.0057447 0.108718 0.00319885 
0.307552 0.00101594 0.0723513 0.00115757 0.0266144 0.0200543 0.00343549 0.00937127 1.92386e-06 5.29464e-07 0.0604243 0.385428 0.000215881 0.103165 0.00921277 
0.0676343 0.00678601 0.118491 0.0348786 0.0404338 0.000217019 0.019973 0.070307 0.00105873 0.000183289 0.0940304 0.414044 0.0109136 0.0979467 0.0231026 
0.0771806 0.034872 0.110936 0.0586994 0.0176037 0.000881819 0.00251113 0.0361389 0.000307469 0.000269732 0.0426772 0.424131 0.0193347 0.0734435 0.101012 
0.0540415 0.00131455 0.0507159 0.0103446 0.019985 3.23124e-06 0.116719 0.0333014 0.000103969 0.000129039 0.0594769 0.45012 0.0302332 0.161829 0.0116826 
0.0482151 0.0150645 0.0520941 0.021341 0.212133 0.000171646 0.00906603 0.018909 0.00128662 0.000301908 0.0579791 0.476515 0.00859724 0.0595931 0.0187332 
0.0593649 0.00175784 0.0817889 0.0297934 0.00870835 0.000181865 0.00401396 0.00988389 0.000123131 0.000130391 0.0467008 0.558103 0.0106004 0.114657 0.0741927 
0.0444748 0.00149217 0.0543293 0.0205485 0.00971872 8.41872e-05 0.00240194 0.0065024 0.00015392 0.000148738 0.0446718 0.723099 0.0073511 0.0770898 0.00793384 
0.0753334 0.000262043 0.154362 0.00258243 0.0117751 8.07635e-05 0.00183275 0.00998792 3.21258e-05 1.17624e-09 0.0394216 0.482219 0.0293841 0.161271 0.0314555 
0.0390092 0.0091675 0.0726384 0.0463724 0.0226064 0.000156558 0.000671991 0.0128916 0.000156467 0.000273142 0.0625417 0.625312 0.00218306 0.0508759 0.0551436 
0.141221 0.00519135 0.0997032 0.0160869 0.00863426 0.000393625 0.0312688 0.0616944 0.0065332 4.73849e-05 0.061782 0.348315 0.041442 0.0814759 0.0962109 
0.0376242 0.0198631 0.0827705 0.0129301 0.0198662 0.00381049 0.107902 0.0234023 0.0099829 0.000268461 0.040466 0.51378 0.0187979 0.0857001 0.0228358 
0.0359041 0.000321727 0.128996 0.00103459 0.015329 2.47006e-05 0.00175879 0.00239079 0.00109093 1.01025e-07 0.0360686 0.585088 0.0340181 0.150967 0.00700845 
0.0988548 0.00108376 0.115095 0.0322076 0.0430149 0.000385706 0.0043089 0.178981 0.00151897 0.000168006 0.0514555 0.372434 0.0116573 0.0715739 0.017261 
0.043004 0.00225335 0.0747579 0.00773504 0.31215 0.000115841 0.00114401 0.0106669 0.000598365 0.00034115 0.053527 0.419845 0.00586951 0.0498629 0.018129 
0.100672 0.00350119 0.0479348 0.00983306 0.00859594 0.000271646 0.00192924 0.0636488 0.00139769 0.000215785 0.0319919 0.506293 0.00818943 0.191044 0.0244816 
0.214388 0.0367472 0.103387 0.019816 0.0125157 0.000461667 0.00165241 0.00619934 7.27205e-05 2.70147e-05 0.0670234 0.407852 0.00870624 0.0755758 0.0455754 
0.0563474 0.016729 0.0940614 0.0164451 0.0170584 0.00245912 0.00743597 0.0286889 0.0073986 0.000151938 0.0656346 0.534809 0.0492041 0.068291 0.035285 
0.0168185 0.0399329 0.109231 0.0379853 0.0110015 0.00169261 0.00517662 0.0236757 0.00835622 0.000262727 0.0345909 0.540376 0.0175873 0.0315411 0.121772 
0.0953569 0.067849 0.0873797 0.0439638 0.0762217 0.0515936 0.120331 0.128342 1.24142e-05 0.000365469 0.0369008 0.18791 0.00497603 0.0865043 0.0122935 
0.0553964 0.00209608 0.0286167 0.0107902 0.00962497 0.000200983 0.0173554 0.025679 0.00191529 0.000178876 0.0513612 0.6883 0.00729038 0.0860645 0.0151301 
0.0345917 0.0037663 0.255651 0.0141484 0.0262264 0.000242225 0.00102539 0.0147415 0.00114647 0.000371919 0.236182 0.264743 0.00711106 0.034084 0.105969 
0.0532312 0.00122753 0.0631907 0.0256019 0.155259 0.00022055 0.0114315 0.0248268 0.00054619 0.000354355 0.0597232 0.499375 0.00699473 0.0858541 0.012163 
0.0688607 0.0140525 0.109865 0.0221559 0.0282234 0.00107309 0.0058776 0.0457747 0.00282012 0.000943219 0.10184 0.442784 0.0214983 0.112553 0.0216786 
0.063079 0.00156279 0.0676416 0.00808527 0.133449 0.000210611 0.00107692 0.0144319 0.000821776 0.000400932 0.0462875 0.584701 0.00400742 0.0505489 0.0236953 
0.039653 0.0236059 0.125313 0.0210743 0.0155339 0.00077669 0.00918817 0.0170557 0.00488423 0.000210251 0.0929279 0.520161 0.0390508 0.0494101 0.0411555 
0.0551738 0.00160704 0.0805114 0.0127053 0.0110655 0.000298241 0.0082497 0.0189264 0.00022005 0.00012481 0.063562 0.610874 0.0318396 0.0976285 0.00721352 
0.166345 0.0103784 0.158111 0.018908 0.0110792 0.00435172 0.0551659 0.0274672 0.00666468 0.000210411 0.0683486 0.321954 0.0314641 0.0417946 0.0777564 
0.0509842 0.0128538 0.0819801 0.0196571 0.121212 0.000473491 0.00653648 0.0242314 0.00503109 0.000372038 0.0698041 0.476332 0.0166649 0.0823055 0.0315616 
0.043004 0.00225335 0.0747579 0.00773504 0.31215 0.000115841 0.00114401 0.0106669 0.000598365 0.00034115 0.053527 0.419845 0.00586951 0.0498629 0.018129 
0.0322222 0.0161144 0.0108989 0.00789527 0.00168254 0.000170601 0.000303529 0.00873628 0.000240217 0.000162782 0.00713783 0.834618 0.00343224 0.0505088 0.0258763 
0.0918205 0.00535706 0.117329 0.0473509 0.0553336 0.000549418 0.00336083 0.0319917 0.000680086 0.00177619 0.0973287 0.215605 0.00595867 0.213418 0.112139 
0.0445465 0.00012717 0.102022 0.00289077 0.0172252 0.000561433 0.0108116 0.00983968 9.16271e-05 0.000190203 0.0692219 0.594916 0.0189078 0.108572 0.0200767 
0.0327136 0.042128 0.0314838 0.0224758 0.00666693 0.000597657 0.00171471 0.0132034 0.0018709 0.000132862 0.0395911 0.655667 0.0122423 0.100768 0.0387437 
0.0539798 0.0175482 0.230474 0.0334529 0.0160435 0.00114117 0.0199629 0.0429813 0.0103269 0.000257868 0.0471277 0.237209 0.06829 0.0557845 0.165421 
0.043004 0.00225335 0.0747579 0.00773504 0.31215 0.000115841 0.00114401 0.0106669 0.000598365 0.00034115 0.053527 0.419845 0.00586951 0.0498629 0.018129 
0.043004 0.00225335 0.0747579 0.00773504 0.31215 0.000115841 0.00114401 0.0106669 0.000598365 0.00034115 0.053527 0.419845 0.00586951 0.0498629 0.018129 
0.0528601 0.00152615 0.133033 0.00774795 0.229083 0.000233787 0.00364496 0.18672 0.00288013 0.000182401 0.0229475 0.26405 0.0065264 0.0657738 0.0227909 
0.0322222 0.0161144 0.0108989 0.00789527 0.00168254 0.000170601 0.000303529 0.00873628 0.000240217 0.000162782 0.00713783 0.834618 0.00343224 0.0505088 0.0258763 
0.0376242 0.0198631 0.0827705 0.0129301 0.0198662 0.00381049 0.107902 0.0234023 0.0099829 0.000268461 0.040466 0.51378 0.0187979 0.0857001 0.0228358 
0.0652336 0.00027492 0.110415 0.0287116 0.0276383 0.000684797 0.00703243 0.0391313 0.00040626 0.000238767 0.111553 0.381074 0.0744287 0.142554 0.0106235 
0.0546317 0.00137734 0.0592603 0.0283548 0.0127044 1.51836e-05 0.00334289 0.00448654 1.12757e-05 1.27585e-06 0.0674163 0.659152 0.00682378 0.0946842 0.0077383 
0.0355732 0.0013513 0.0566021 0.00116124 0.0148358 0.000205464 0.0233536 0.0130972 9.22029e-05 1.13614e-05 0.0286287 0.627027 0.00576638 0.182777 0.00951689 
0.299522 0.000511112 0.0720929 0.00464001 0.0193288 3.81641e-06 0.00308429 0.00746621 4.73659e-06 5.13936e-07 0.0898787 0.380464 0.000494437 0.111956 0.0105524 
0.0422344 0.00600549 0.0902085 0.022106 0.0273973 0.000454055 0.0112649 0.0569102 0.00192433 0.000307751 0.0610586 0.559646 0.0147675 0.0839381 0.0217772 
0.0168185 0.0399329 0.109231 0.0379853 0.0110015 0.00169261 0.00517662 0.0236757 0.00835622 0.000262727 0.0345909 0.540376 0.0175873 0.0315411 0.121772 
0.0510894 0.00707245 0.0358002 0.0113108 0.0176432 0.000161105 0.00293472 0.0194819 0.00884167 0.000225293 0.0396191 0.730689 0.00541974 0.0525868 0.0171246 
0.0510894 0.00707245 0.0358002 0.0113108 0.0176432 0.000161105 0.00293472 0.0194819 0.00884167 0.000225293 0.0396191 0.730689 0.00541974 0.0525868 0.0171246 
0.0824539 0.00142884 0.0575138 0.0077422 0.0105935 0.000676879 0.0168731 0.0399304 0.00214101 0.000167739 0.0444482 0.595511 0.00900551 0.0999449 0.0315693 
0.151558 0.00194511 0.0440053 0.0315013 0.197885 0.000390142 0.0138736 0.00899964 0.00030171 0.00237655 0.0303969 0.251915 0.00508611 0.24161 0.0181558 
0.137257 0.00313012 0.0851862 0.014247 0.0141369 0.0013632 0.00948243 0.0366501 0.000538519 0.000792051 0.0779491 0.399222 0.0233871 0.101118 0.0955403 
0.0255115 0.00177267 0.0672512 0.00241479 0.000466349 8.34357e-06 0.233307 0.162731 1.65295e-05 3.81544e-06 0.0533684 0.252297 0.0467505 0.144143 0.00995876 
0.0914735 0.0210526 0.0652545 0.0303526 0.0883788 0.005917 0.0145426 0.0294082 0.000143721 7.68494e-05 0.222032 0.276217 0.0236791 0.0693336 0.0621379 
0.135323 0.00577987 0.104418 0.0448132 0.0562867 0.00148946 0.00513948 0.0283317 0.000491265 0.000407851 0.0937043 0.384847 0.00788283 0.0888229 0.0422632 
0.0417065 0.0111466 0.0578509 0.037268 0.0186562 0.000166656 0.000821565 0.0108318 0.000684931 0.00036749 0.0730744 0.585607 0.00247065 0.125654 0.0336927 
0.0640429 0.0155835 0.123192 0.0188076 0.0241996 0.00583232 0.00936115 0.0516932 0.00247603 0.0102936 0.0669825 0.467886 0.0155803 0.0964072 0.0276625 
0.0940149 0.00797933 0.0938868 0.064102 0.0200576 0.000702219 0.0106877 0.105811 0.00169402 0.000959634 0.121689 0.268231 0.0193677 0.166607 0.0242099 
0.0940054 0.00889407 0.15169 0.0379939 0.0750425 0.0010311 0.01009 0.074391 0.00872871 0.00025588 0.082695 0.226392 0.0184136 0.146292 0.064085 
0.0826092 0.00932425 0.14944 0.0322083 0.144976 0.00132219 0.00899113 0.115175 0.00256536 0.00121829 0.0630461 0.201072 0.0290123 0.123147 0.0358926 
0.0339286 1.6618e-05 0.0316475 0.00163731 0.0344617 0.000414594 0.000811874 0.00279413 2.95877e-05 1.05902e-06 0.0587851 0.717811 0.0057447 0.108718 0.00319885 
0.0407978 0.00149342 0.0597942 0.0206919 0.00770146 6.48021e-05 0.00288305 0.023029 0.000186907 0.000185234 0.0485454 0.726638 0.00939071 0.0503516 0.00824663 
0.0523858 0.00835494 0.114168 0.0204202 0.014956 0.00204749 0.00836454 0.0572673 0.00301422 0.000189538 0.0741984 0.501615 0.0286287 0.0824061 0.031984 
0.0238323 0.009122 0.0386578 0.00488248 0.0134671 1.0252e-05 0.00796648 0.00929016 0.000527371 2.1328e-05 0.0550355 0.675665 0.036612 0.11796 0.00694999 
0.11112 0.00505632 0.197546 0.0191317 0.0198237 0.000215079 0.0122535 0.109983 0.000485477 0.00225532 0.0454597 0.229387 0.0382146 0.184033 0.0250349 
0.151068 0.00224495 0.0990019 0.00760042 0.0337638 0.0555515 0.016247 0.0633823 0.000241877 3.86982e-05 0.116482 0.22302 0.000896913 0.205582 0.0248787 
0.0286115 0.00402283 0.0566457 0.0264619 0.0248356 6.46893e-05 0.02732 0.0160944 0.00689309 0.000116529 0.152155 0.572339 0.0221425 0.0399433 0.0223537 
0.113753 0.0152816 0.130585 0.0405647 0.0490301 0.0013869 0.00785414 0.054087 0.00312088 0.000615578 0.0877754 0.23381 0.0314717 0.182063 0.0486019 
0.0322222 0.0161144 0.0108989 0.00789527 0.00168254 0.000170601 0.000303529 0.00873628 0.000240217 0.000162782 0.00713783 0.834618 0.00343224 0.0505088 0.0258763 
0.0829874 0.00221822 0.0189162 0.00740145 0.00616017 7.58423e-05 0.000572272 0.026394 0.00292775 3.92884e-05 0.0505355 0.415657 0.00134446 0.373485 0.0112864 
0.291093 0.00304126 0.0518691 0.00666744 0.0150867 0.00128423 0.00459614 0.00870038 0.000219955 0.000104416 0.0421199 0.362592 0.0152839 0.187627 0.00971486 
0.0512768 0.0179921 0.0683121 0.0116653 0.0270587 0.0087551 0.00301885 0.0212179 0.000897424 0.000329395 0.0628733 0.620494 0.00818041 0.0831644 0.0147644 
0.0180405 0.0609501 0.220758 0.0254609 0.00594169 0.000629719 0.00126055 0.0101864 0.00250677 0.000202315 0.069501 0.43542 0.0570261 0.0311341 0.0609823 
0.0371913 0.000188702 0.0426159 0.00316893 0.032896 0.00057949 0.00180312 0.00492831 0.000604096 0.000281724 0.0639684 0.685687 0.00902481 0.111156 0.00590707 
0.0238323 0.009122 0.0386578 0.00488248 0.0134671 1.0252e-05 0.00796648 0.00929016 0.000527371 2.1328e-05 0.0550355 0.675665 0.036612 0.11796 0.00694999 
0.0652509 0.00858888 0.0364321 0.0145235 0.21701 0.0420212 0.00376968 0.0201636 0.00194574 0.000219465 0.166611 0.291366 0.00894553 0.0949833 0.0281689 
0.0373658 0.0350623 0.12508 0.0270897 0.0194573 0.00183546 0.00984859 0.0300362 0.01141 0.000238646 0.0684371 0.474537 0.0692169 0.0650767 0.0253086 
0.0218867 0.00793472 0.0356634 0.00403113 0.0148414 1.004e-06 0.00781731 0.0079688 8.31778e-05 2.54141e-07 0.0590075 0.673897 0.0406671 0.120504 0.00569636 
0.0246328 0.0457091 0.0654806 0.0224863 0.0193864 0.0017221 0.0123256 0.0161569 0.0125033 0.000302523 0.0526049 0.600874 0.0517322 0.0561367 0.0179465 
0.0451986 0.00979758 0.132189 0.0423519 0.00317535 0.000885684 0.00528413 0.128095 0.00808418 0.000342221 0.0825132 0.416266 0.0394857 0.0553539 0.0309772 
0.0517071 0.00355846 0.0783204 0.0138648 0.259496 0.000240401 0.00174887 0.0115924 0.00178836 0.000499744 0.118807 0.363417 0.00638351 0.06867 0.0199055 
0.035157 0.00042692 0.0294136 0.00248239 0.0765897 0.00162692 0.00133345 0.00377653 0.000427767 0.000205693 0.0479904 0.610397 0.0197309 0.163697 0.00674474 
0.0407978 0.00149342 0.0597942 0.0206919 0.00770146 6.48021e-05 0.00288305 0.023029 0.000186907 0.000185234 0.0485454 0.726638 0.00939071 0.0503516 0.00824663 
0.0948584 0.0194561 0.121845 0.0264743 0.0252554 0.000844825 0.00776862 0.0507531 0.000165394 0.000223595 0.0930104 0.327527 0.0455532 0.170435 0.0158308 
0.129962 0.00551257 0.0986089 0.0271805 0.0498908 0.000611906 0.0083069 0.158537 0.00792563 0.000389962 0.0482745 0.246315 0.019006 0.159473 0.0400058 
0.0424306 0.0181199 0.101669 0.0344097 0.0610768 0.000843802 0.0068551 0.0156906 0.00537292 0.000286147 0.165546 0.412864 0.0389161 0.0721375 0.0237821 
0.0342355 0.0179927 0.0763556 0.0119363 0.00956703 0.000854382 0.00899871 0.0152186 0.00710622 9.52856e-05 0.0414586 0.561187 0.0509144 0.149999 0.0140801 
0.0355732 0.0013513 0.0566021 0.00116124 0.0148358 0.000205464 0.0233536 0.0130972 9.22029e-05 1.13614e-05 0.0286287 0.627027 0.00576638 0.182777 0.00951689 
0.0671184 0.0112689 0.065211 0.02634 0.00674265 0.00102949 0.00725788 0.0620317 0.000467785 0.000276016 0.0388056 0.541512 0.0105946 0.0532494 0.108095 
0.131324 0.00340013 0.0952763 0.0992305 0.016609 0.00039332 0.00192219 0.0129608 2.30958e-05 0.000247191 0.136092 0.234211 0.00562669 0.227849 0.0348348 
0.0695144 0.027313 0.100077 0.043191 0.0172566 0.00116848 0.00984253 0.0206974 0.0039917 0.000317593 0.1546 0.427861 0.0173873 0.0838491 0.0229323 
0.0493443 0.00960066 0.112432 0.0189482 0.0137327 0.00163473 0.00838449 0.0472094 0.0026742 0.000186484 0.0703434 0.526167 0.0167278 0.0956233 0.0269923 
0.0481413 0.0124852 0.0360809 0.00814931 0.0166347 0.000110773 0.00435084 0.0220188 0.000279888 0.000347592 0.0475657 0.75017 0.0040432 0.0375532 0.0120685 
0.141979 0.0117243 0.103756 0.0345273 0.0268433 0.000874077 0.0124137 0.0314624 0.0020564 0.00112069 0.121423 0.345535 0.0255377 0.108053 0.0326927 
0.0448985 0.000148912 0.0389207 0.00453372 0.0364813 0.000339215 0.00217751 0.00241378 4.56128e-05 8.67131e-07 0.0846996 0.63188 0.00704241 0.142057 0.00436055 
0.086576 0.0156455 0.113696 0.0318776 0.0659677 0.00193888 0.0248624 0.0810311 0.0113965 0.00025503 0.113286 0.173921 0.119909 0.116531 0.0431058 
0.0881558 0.000289271 0.0508387 0.00578909 0.00604646 0.000250833 0.000650828 0.0155733 7.49252e-05 0.000300375 0.0279406 0.726233 0.000965025 0.049653 0.0272391 
0.0390092 0.0091675 0.0726384 0.0463724 0.0226064 0.000156558 0.000671991 0.0128916 0.000156467 0.000273142 0.0625417 0.625312 0.00218306 0.0508759 0.0551436 
0.114838 0.00906911 0.103262 0.0307299 0.0632264 0.00179599 0.00505513 0.0543539 0.00292723 0.00127088 0.0817728 0.255104 0.0213522 0.216322 0.0389217 
0.0507656 0.00640543 0.10317 0.015595 0.0144481 0.00128193 0.0132404 0.0310613 0.0052167 0.000170996 0.0650562 0.565274 0.0260303 0.0613565 0.0409277 
0.0406952 0.0120778 0.0986451 0.0577539 0.0199232 0.000195941 0.00135387 0.00766014 0.000353844 0.000353113 0.276427 0.427701 0.00524729 0.0341968 0.0174158 
0.0366966 0.00179011 0.202625 0.0106408 0.00431744 0.000236949 0.00388625 0.103192 0.00690911 0.000172036 0.0330558 0.468852 0.0136407 0.0698862 0.0440985 
0.0721722 0.0135039 0.108004 0.0603929 0.0711433 0.000893553 0.00887071 0.0526312 0.0158679 0.000493701 0.105722 0.275642 0.0193861 0.162564 0.0327117 
0.146776 0.0205276 0.162621 0.0379598 0.0501445 0.000813472 0.0177984 0.028111 0.0217027 0.000186396 0.122037 0.163605 0.0473055 0.146399 0.0340136 
0.0846577 0.016733 0.231534 0.0113435 0.0214396 0.00797932 0.00615929 0.056135 0.00224767 0.000528595 0.0675297 0.382539 0.00728186 0.0787563 0.0251356 
0.0423906 0.0137932 0.0831759 0.0142495 0.152666 0.00106799 0.0117866 0.0903645 0.00379194 0.000275896 0.0589545 0.401068 0.0296786 0.0748076 0.0219294 
0.0528849 0.00550023 0.0626288 0.0176601 0.0482509 0.000132598 0.0121395 0.0197507 0.00145585 0.000134942 0.0785738 0.549134 0.0242589 0.108305 0.0191893 
0.191367 0.011393 0.105973 0.015001 0.0531587 0.00184364 0.0160647 0.0478933 0.00299694 5.93367e-05 0.0972005 0.197801 0.0189121 0.197614 0.0427218 
0.0929928 0.0179273 0.0981146 0.0705406 0.0408926 0.000461394 0.00473653 0.107686 0.000168065 0.000225319 0.0746245 0.373064 0.0130656 0.0709036 0.0345971 
0.0279915 0.00756367 0.0526261 0.0362239 0.0263774 6.4845e-05 0.026455 0.014104 0.00707731 0.000117883 0.181725 0.539663 0.0210669 0.0350622 0.0238811 
0.0532409 0.00539534 0.0511417 0.0179046 0.0436315 0.000258664 0.00762585 0.0170925 0.00324678 0.000320464 0.123018 0.595195 0.0100866 0.0528469 0.0189953 
0.0531305 0.00960266 0.200893 0.0484154 0.0284852 0.000413444 0.00712601 0.0712173 0.000314011 0.000315394 0.177354 0.296619 0.0164229 0.0663246 0.0233667 
0.341271 0.000808654 0.0478441 0.000852104 0.022668 3.85104e-06 0.00152564 0.0231295 0.000404323 5.60677e-07 0.0466963 0.348669 0.042619 0.116636 0.00687254 
0.115125 0.0139428 0.0630468 0.00768414 0.0397538 0.000255448 0.00315611 0.126244 0.000621917 0.000609735 0.0437592 0.456535 0.0103916 0.0991382 0.0197357 
0.047366 0.00294072 0.0462092 0.00477374 0.021974 0.000233842 0.00439997 0.0185381 0.000412727 0.000139207 0.0501367 0.702703 0.016161 0.0735953 0.0104164 
0.131353 0.00708416 0.153237 0.00953492 0.0240956 0.0648696 0.0109371 0.0707912 0.0025004 0.000306005 0.0994714 0.188487 0.00389325 0.179073 0.0543664 
0.0787589 0.0111919 0.0881321 0.018885 0.0879719 0.00445424 0.0102397 0.0340682 0.00251993 0.000327936 0.0742486 0.362293 0.0136494 0.186931 0.0263276 
0.0769026 0.00248315 0.0914837 0.0186647 0.015188 0.000832278 0.0267455 0.122086 0.00138847 8.23114e-05 0.0810283 0.269305 0.0195958 0.223114 0.0511001 
0.113209 0.0552519 0.14044 0.0315514 0.0160227 0.00247096 0.00787494 0.0431798 0.00231594 0.000450829 0.129399 0.294467 0.0274867 0.0887228 0.047157 
0.0935169 0.0276391 0.134926 0.0289732 0.00929193 0.000811883 0.00239062 0.109522 0.00544129 0.00102753 0.208961 0.224474 0.0420395 0.0602774 0.0507088 
0.129163 0.00371282 0.093389 0.0133573 0.011438 0.000142552 0.00581582 0.0499345 0.000179382 0.000133876 0.0538137 0.527749 0.0119066 0.0799028 0.0193615 
0.0402834 0.00833323 0.0324982 0.0146085 0.0146553 0.000100366 0.00964855 0.0127039 0.00115061 0.000162968 0.0695721 0.636461 0.0180895 0.128512 0.0132198 
0.0718271 0.0174338 0.0907618 0.0250862 0.27444 0.000348083 0.00206642 0.0291035 0.0040887 0.000621905 0.0612986 0.286816 0.015372 0.0901275 0.0306091 
0.117604 0.00111483 0.0627228 0.0219517 0.0279908 0.00991046 0.0111726 0.0148273 4.38867e-05 0.000165393 0.0865986 0.292825 0.0474084 0.131599 0.174065 
0.0566364 0.0458697 0.154656 0.015723 0.0080878 0.00179454 0.0171956 0.0538597 0.00185642 1.49118e-05 0.181211 0.343464 0.026353 0.0543979 0.0388799 
0.0485776 0.00708818 0.0687412 0.0283956 0.126831 0.00027994 0.0032871 0.0106079 0.0033084 0.000296707 0.293732 0.304851 0.00660608 0.077201 0.0201963 
0.0238323 0.009122 0.0386578 0.00488248 0.0134671 1.0252e-05 0.00796648 0.00929016 0.000527371 2.1328e-05 0.0550355 0.675665 0.036612 0.11796 0.00694999 
0.131963 0.00466274 0.0850577 0.0734072 0.00588062 0.000473155 0.0100949 0.125178 6.95292e-06 8.52002e-06 0.0577455 0.322505 0.0612315 0.0738554 0.0479303 
0.0960565 0.00156578 0.0431901 0.00977059 0.00840403 0.00172642 0.00627443 0.121848 0.00153655 9.55501e-05 0.0401411 0.306913 0.00934795 0.296425 0.0567053 
0.034662 0.0439558 0.130358 0.0330788 0.0246663 0.00170031 0.0719434 0.0958738 0.0120804 0.000173552 0.1112 0.209461 0.14096 0.0650698 0.0248169 
0.0390092 0.0091675 0.0726384 0.0463724 0.0226064 0.000156558 0.000671991 0.0128916 0.000156467 0.000273142 0.0625417 0.625312 0.00218306 0.0508759 0.0551436 
0.0768309 0.00233799 0.0442273 0.0108781 0.00338039 0.000166417 0.0132801 0.0413091 0.000155035 0.000868608 0.0461678 0.600857 0.0263033 0.0402875 0.0929502 
0.0464229 0.0234583 0.0963431 0.0186002 0.0672771 0.000587264 0.00436105 0.0398584 0.00288472 0.000297365 0.111805 0.467318 0.0212577 0.0805229 0.0190062 
0.227803 0.00205702 0.108284 0.0253749 0.0877498 0.00328144 0.00975855 0.0387401 0.000200943 0.000513532 0.106731 0.239758 0.0142502 0.112028 0.0234697 
0.043004 0.00225335 0.0747579 0.00773504 0.31215 0.000115841 0.00114401 0.0106669 0.000598365 0.00034115 0.053527 0.419845 0.00586951 0.0498629 0.018129 
0.0777385 0.00728456 0.178549 0.0281379 0.0146344 0.000672446 0.00445614 0.076526 0.000652146 0.000326684 0.0274661 0.347339 0.0132591 0.139367 0.0835908 
0.0474762 0.0084896 0.0820813 0.0137396 0.0704807 0.000437965 0.00835717 0.0335983 0.00253323 0.000275545 0.0679516 0.560383 0.0130056 0.0710487 0.0201415 
0.0322222 0.0161144 0.0108989 0.00789527 0.00168254 0.000170601 0.000303529 0.00873628 0.000240217 0.000162782 0.00713783 0.834618 0.00343224 0.0505088 0.0258763 
0.0998486 0.0154961 0.198325 0.0289387 0.0486851 0.00572207 0.0114734 0.0461102 0.00330887 0.000281517 0.0976436 0.312026 0.0238546 0.0455234 0.0627634 
0.0844564 0.00135912 0.0823911 0.0109361 0.145267 0.000180643 0.0114664 0.197664 0.00381444 0.000264133 0.031851 0.206589 0.00463782 0.0804202 0.138703 
0.0553964 0.00209608 0.0286167 0.0107902 0.00962497 0.000200983 0.0173554 0.025679 0.00191529 0.000178876 0.0513612 0.6883 0.00729038 0.0860645 0.0151301 
0.0884281 0.00691694 0.0524952 0.00867992 0.0353866 0.000531426 0.0206854 0.0184957 0.00270576 6.42194e-05 0.0719238 0.37666 0.0260398 0.270825 0.0201623 
0.0942154 0.00791545 0.0372907 0.0157786 0.0638109 0.000293305 0.0240967 0.0477222 0.00159908 1.6289e-05 0.161465 0.34956 0.0103313 0.139412 0.0464927 
0.178052 0.0149118 0.104711 0.0399601 0.0672992 0.00148241 0.00986006 0.0280767 0.000227407 0.000419684 0.0946177 0.223269 0.016743 0.185326 0.035044 
0.0899706 0.00191196 0.0497301 0.0117529 0.0322348 8.26389e-05 0.0241481 0.17485 0.00849994 3.95102e-05 0.0330259 0.243781 0.0118914 0.177861 0.14022 
0.202984 0.0141511 0.172921 0.0743876 0.00873089 0.000130851 0.00225625 0.0775958 0.000151444 9.09991e-05 0.044941 0.281708 0.0187352 0.0608867 0.0403289 
0.043004 0.00225335 0.0747579 0.00773504 0.31215 0.000115841 0.00114401 0.0106669 0.000598365 0.00034115 0.053527 0.419845 0.00586951 0.0498629 0.018129 
0.0470755 0.00172173 0.0620672 0.0237098 0.0110541 7.47841e-05 0.00277146 0.00707641 0.000177597 0.000171617 0.0515443 0.697678 0.00848204 0.0772408 0.00915443 
0.0322222 0.0161144 0.0108989 0.00789527 0.00168254 0.000170601 0.000303529 0.00873628 0.000240217 0.000162782 0.00713783 0.834618 0.00343224 0.0505088 0.0258763 
0.0708994 0.00563302 0.0446882 0.0203787 0.027984 0.000367075 0.0884672 0.0250226 0.000572161 0.000277419 0.0912144 0.462392 0.0112172 0.122527 0.0283599 
0.0123081 0.0351174 0.142629 0.0352632 0.00580042 0.00165603 0.00333594 0.0256464 0.00902696 0.000236322 0.0225163 0.51527 0.0692938 0.0167453 0.105154 
0.120083 0.0116927 0.107806 0.0138319 0.0111408 0.000964912 0.00408994 0.0642774 0.00285233 0.00101274 0.0583003 0.471599 0.0203068 0.0788967 0.0331454 
0.0881558 0.000289271 0.0508387 0.00578909 0.00604646 0.000250833 0.000650828 0.0155733 7.49252e-05 0.000300375 0.0279406 0.726233 0.000965025 0.049653 0.0272391 
0.0501155 1.18043e-05 0.0395384 3.5183e-09 0.00257849 7.7795e-09 2.30529e-05 0.197538 1.96484e-06 1.23983e-09 0.0262954 0.472046 1.02866e-14 0.211851 2.79227e-09 
0.0640897 0.00350426 0.0318421 0.0039566 0.00359607 0.000283032 0.00274387 0.0199049 5.52337e-05 0.000750091 0.0176072 0.725315 0.0040931 0.0947137 0.0275453 
0.0421592 0.00077439 0.0396051 0.109678 0.00946209 0.00228227 0.00358987 0.00770457 0.00547365 0.000496843 0.0678851 0.34662 0.021895 0.111526 0.230848 
0.0989964 0.0309568 0.151308 0.0344401 0.0104383 0.00161021 0.0228329 0.125735 0.00934159 0.000523315 0.0768567 0.227098 0.019038 0.164861 0.0259643 
0.0585 0.012783 0.101181 0.0225604 0.0174095 0.000754982 0.0127004 0.0333769 0.00312952 0.000377789 0.0712035 0.546526 0.0263327 0.0705712 0.0225926 
0.0881558 0.000289271 0.0508387 0.00578909 0.00604646 0.000250833 0.000650828 0.0155733 7.49252e-05 0.000300375 0.0279406 0.726233 0.000965025 0.049653 0.0272391 
0.144333 0.00286986 0.0650073 0.032449 0.0288027 0.000518118 0.013167 0.0357353 0.00702543 2.27584e-05 0.0787471 0.326711 0.022979 0.218028 0.0236043 
0.0374475 0.0459185 0.0642698 0.0231088 0.0170915 0.000117268 0.0106153 0.0402694 0.0020913 3.24882e-05 0.0667325 0.489417 0.0340473 0.154688 0.0141533 
0.0708182 0.00618292 0.0539357 0.00708935 0.00528778 6.32794e-05 0.0417512 0.185699 0.0281995 1.60678e-05 0.0219069 0.315009 0.0335315 0.200342 0.0301678 
0.0503962 0.00260823 0.0662477 0.0137833 0.0341394 0.000257915 0.00733347 0.0446781 0.00186879 0.000256322 0.0782784 0.60967 0.00867281 0.0652589 0.0165508 
0.180289 0.00152722 0.105656 0.0129386 0.00494601 0.0395211 0.000931169 0.0242608 0.00011403 0.247847 0.0316782 0.253467 0.00334509 0.0757112 0.0177674 
0.307094 9.72968e-05 0.0615136 0.00109549 0.0178159 4.90586e-06 0.00142776 0.00914335 2.47065e-06 6.59475e-07 0.0600378 0.448288 0.000274581 0.0843684 0.00883598 
0.0322222 0.0161144 0.0108989 0.00789527 0.00168254 0.000170601 0.000303529 0.00873628 0.000240217 0.000162782 0.00713783 0.834618 0.00343224 0.0505088 0.0258763 
0.0855929 0.00926732 0.100771 0.025556 0.015354 0.00179386 0.00729381 0.100415 0.00148335 0.000318284 0.106116 0.40571 0.0245851 0.0908864 0.0248572 
0.0456933 0.00178214 0.0318094 0.00623766 0.0329367 0.00138618 0.00212299 0.31668 0.000630155 8.66889e-05 0.0865923 0.428155 0.00437175 0.0360709 0.0054445 
0.0629528 0.00385863 0.0948994 0.0246823 0.0103012 0.000719892 0.00337983 0.0196976 0.000505891 0.00139987 0.0557221 0.541869 0.0197878 0.0726851 0.0875386 
0.0447709 0.0560008 0.0903767 0.0301643 0.00991359 0.000534612 0.0196403 0.102917 0.00869387 6.26608e-05 0.0695228 0.467419 0.035472 0.0454074 0.0191042 
0.0402863 0.000285521 0.0607018 0.00552518 0.0156062 0.00013802 0.01341 0.0229656 0.000974442 0.000494332 0.105746 0.566799 0.0686489 0.0746952 0.0237237 
0.0238146 0.00195957 0.0954792 0.00840261 0.00626681 0.00047159 0.0256173 0.218651 0.00016396 8.98051e-05 0.00978733 0.524261 0.0123551 0.0559827 0.0166981 
0.0824286 0.00613686 0.108839 0.0628484 0.00701724 0.000249506 0.00367431 0.0192692 0.000219776 4.08264e-05 0.0787572 0.490571 0.00747024 0.106178 0.0263 
0.0708182 0.00618292 0.0539357 0.00708935 0.00528778 6.32794e-05 0.0417512 0.185699 0.0281995 1.60678e-05 0.0219069 0.315009 0.0335315 0.200342 0.0301678 
0.0904609 2.07877e-05 0.0192718 0.00861078 0.0239481 0.000108634 0.016131 0.0813399 0.0127797 0.00180492 0.184997 0.365741 0.0559815 0.107486 0.0313181 
0.109277 0.026528 0.07985 0.0968131 0.132298 0.0040359 0.00609108 0.0426279 0.0131079 0.000204346 0.0851856 0.282521 0.0305237 0.0575076 0.033428 
0.0760735 0.0413247 0.0995429 0.0394022 0.0150081 0.00577286 0.00561349 0.0302602 0.00314821 0.00182948 0.128407 0.323209 0.0281188 0.178651 0.023639 
0.27723 0.00758944 0.115616 0.0289117 0.0100353 0.00021816 0.00521066 0.038221 0.00186816 0.000101683 0.0575011 0.310522 0.03751 0.0815153 0.0279494 
0.0373658 0.0350623 0.12508 0.0270897 0.0194573 0.00183546 0.00984859 0.0300362 0.01141 0.000238646 0.0684371 0.474537 0.0692169 0.0650767 0.0253086 
0.0373658 0.0350623 0.12508 0.0270897 0.0194573 0.00183546 0.00984859 0.0300362 0.01141 0.000238646 0.0684371 0.474537 0.0692169 0.0650767 0.0253086 
0.0480983 0.00468332 0.0937005 0.0236948 0.0670573 0.000206664 0.00713717 0.0328097 0.00187358 0.000153447 0.0788426 0.327807 0.0271771 0.277036 0.00972259 
0.0383811 0.0256691 0.0520266 0.0462347 0.202948 8.58242e-05 0.00305375 0.0134697 0.000583153 0.000323493 0.0808848 0.357724 0.0114516 0.151015 0.0161487 
0.147758 0.000848887 0.163899 0.00659529 0.0590768 0.00103935 0.00773504 0.113987 0.000900933 5.81694e-07 0.13011 0.194354 0.0295592 0.123379 0.0207566 
0.0516382 0.00527772 0.0221252 0.0346677 0.0240198 0.000151643 0.00242248 0.0043955 0.000125695 0.000288655 0.0938672 0.559869 0.00503286 0.174948 0.02117 
0.0469622 0.000479349 0.0639916 0.0201773 0.00817781 1.77013e-05 0.00173998 0.00613034 1.91347e-05 1.65339e-05 0.0557677 0.72413 0.00793814 0.0581373 0.00631528 
0.179907 0.00653561 0.164969 0.0131957 0.00746419 0.00444064 0.00511837 0.14841 0.00152187 0.000177928 0.0530432 0.226971 0.0194157 0.145385 0.0234443 
0.0590938 0.0055145 0.159075 0.00986144 0.0171648 0.000267588 0.00153703 0.0105318 0.00331482 1.47546e-07 0.0592024 0.368779 0.0936355 0.206362 0.00566016 
0.132942 0.00343669 0.0326189 0.0389829 0.0314645 7.41273e-05 0.000687782 0.0392593 0.000827223 1.59702e-05 0.0997311 0.398415 0.00127408 0.155547 0.0647237 
0.058195 0.0499403 0.0985456 0.0353976 0.0405918 0.00254359 0.0590133 0.0322356 0.0669736 8.87013e-06 0.0946272 0.257645 0.108039 0.0674624 0.0287804 
0.039193 0.0588609 0.106704 0.0294854 0.0174175 0.000816862 0.0126611 0.0587769 0.00564596 0.000165561 0.0785735 0.43694 0.0443652 0.0898146 0.0205788 
0.0360212 0.0110777 0.0861688 0.0140617 0.0343234 0.00113021 0.00344937 0.0380445 0.00270626 0.000248782 0.0384769 0.631572 0.0294082 0.02685 0.0464613 
0.138545 0.00778972 0.12356 0.019194 0.033275 0.00582918 0.01779 0.122583 0.00136849 0.000200902 0.0431193 0.312536 0.0222977 0.108494 0.0434172 
0.122283 0.0254816 0.0538036 0.198317 0.0110366 0.000393315 0.00203481 0.0124913 0.00197208 0.000213414 0.127894 0.264918 0.0161516 0.13139 0.0316199 
0.0457455 0.0686168 0.159297 0.0200108 0.0189408 0.0391421 0.0017805 0.0120945 0.00034116 0.000403229 0.108725 0.393527 0.00749999 0.102882 0.0209929 
0.0407978 0.00149342 0.0597942 0.0206919 0.00770146 6.48021e-05 0.00288305 0.023029 0.000186907 0.000185234 0.0485454 0.726638 0.00939071 0.0503516 0.00824663 
0.0599884 0.00117915 0.0689352 0.0217774 0.0349825 0.00030221 0.003357 0.0333594 0.000121664 0.000193544 0.0352709 0.477392 0.0101837 0.231628 0.0213291 
0.1594 0.00419008 0.059367 0.010617 0.0106765 0.0149305 0.00285872 0.0570616 0.000555042 0.000389721 0.0388928 0.338092 0.0124122 0.26205 0.0285071 
0.0598916 0.0192934 0.0755716 0.0553121 0.0159346 0.000955339 0.00483199 0.0159004 0.00374906 0.000626825 0.0978591 0.352652 0.0288213 0.229929 0.0386717 
0.0180405 0.0609501 0.220758 0.0254609 0.00594169 0.000629719 0.00126055 0.0101864 0.00250677 0.000202315 0.069501 0.43542 0.0570261 0.0311341 0.0609823 
0.0787843 0.00316736 0.156554 0.00442799 0.0130258 0.000661449 0.0204578 0.074628 0.00223947 0.00161333 0.0816823 0.251087 0.0552275 0.235994 0.02045 
0.0402539 0.00103816 0.173236 0.00961023 0.00870823 0.0011763 0.00135974 0.122548 1.83877e-05 0.000232871 0.0601869 0.486567 0.00407901 0.0199445 0.0710411 
0.08349 0.00216201 0.065885 0.0321409 0.0360898 0.000668952 0.00886366 0.0594701 1.77979e-06 8.98608e-05 0.172655 0.452216 0.0117796 0.0548559 0.0196317 
0.319256 0.00712021 0.0225831 0.00388959 0.00425641 0.000137178 0.00083803 0.0186395 0.0014495 0.0010783 0.0172375 0.411595 0.0167406 0.14165 0.0335296 
0.161721 0.00188679 0.0340196 0.0157981 0.208159 0.00045516 0.0040591 0.010151 0.000181655 8.54278e-05 0.0312236 0.277774 0.00374796 0.235968 0.0147685 
0.0321033 0.00546818 0.0468659 0.0152428 0.0106777 0.000132747 0.00440086 0.0130124 0.0005909 0.000210249 0.0575335 0.693724 0.0165658 0.0959813 0.00749048 
0.280543 0.000756791 0.0758846 0.00321237 0.0178265 0.000138568 0.0035546 0.0137164 0.000139883 0.000428454 0.0657715 0.432932 0.000989014 0.0904524 0.0136537 
0.115199 0.00106859 0.163021 0.0208939 0.00117058 0.00143417 0.000576268 0.0641408 1.81651e-05 0.00011004 0.00308028 0.515751 0.0434886 0.06861 0.00143734 
0.0564152 0.000659197 0.0426186 0.00382488 0.0610216 0.00034698 0.00336061 0.0383967 0.000122862 0.000201925 0.0596796 0.678953 0.0076671 0.0348093 0.0119225 
0.0653713 0.00859874 0.0993256 0.0269803 0.0839979 0.000264491 0.0106386 0.0599706 0.00165617 0.00804698 0.0561707 0.422811 0.0147707 0.0978372 0.0435592 
0.0364536 0.0104769 0.0322014 0.0183684 0.0105655 0.000126269 0.000664808 0.00561085 0.000587051 0.000286694 0.0619458 0.61236 0.00154262 0.199937 0.00887265 
0.043004 0.00225335 0.0747579 0.00773504 0.31215 0.000115841 0.00114401 0.0106669 0.000598365 0.00034115 0.053527 0.419845 0.00586951 0.0498629 0.018129 
0.0631113 0.000368361 0.134494 0.0548273 0.0152953 0.000154886 0.0108678 0.0638872 0.000988818 0.000250437 0.129465 0.214595 0.167779 0.136564 0.00735153 
0.0516176 0.0096041 0.0937225 0.0188383 0.0345482 0.00138159 0.00844093 0.0473516 0.00256601 0.000364172 0.0778041 0.535477 0.0162338 0.0757217 0.0263281 
0.105175 0.00126089 0.0756641 0.00501585 0.0208898 0.00182591 0.00306512 0.0300275 0.00254124 1.0183e-05 0.0426131 0.563714 0.0171915 0.102582 0.0284235 
0.0373658 0.0350623 0.12508 0.0270897 0.0194573 0.00183546 0.00984859 0.0300362 0.01141 0.000238646 0.0684371 0.474537 0.0692169 0.0650767 0.0253086 
