0.0118996 0.000182031 0.000770125 0.349216 0.0149943 0.000460106 0.00672491 5.91585e-05 0.00055561 0.0584717 0.0506159 0.49624 0.00452544 0.00388401 0.00140082 
0.00424938 2.33218e-05 0.000174372 0.0249198 0.00218282 2.73991e-07 0.0115421 7.28329e-05 0.0239333 0.000526622 0.00369042 0.916019 0.0106431 8.60568e-05 0.00193656 
0.0191555 0.00370392 0.000146387 0.211714 0.0301612 7.51846e-05 0.05575 0.00186469 0.00401249 0.00434827 0.172301 0.289983 0.189108 0.0092242 0.00845282 
0.017034 0.00333105 0.000132646 0.0824087 0.0203395 0.000208713 0.0338944 0.00260591 0.0131187 0.0056092 0.11737 0.526545 0.147178 0.0227189 0.00750488 
0.049614 0.00414233 0.000153688 0.0106789 0.0017596 2.36196e-06 0.00416439 0.00304637 0.00649314 0.000351803 0.0086482 0.831976 0.0430594 0.000594163 0.0353159 
0.0200824 0.0119127 0.000150177 0.162715 0.0424594 0.00044082 0.0111764 0.00291848 0.0233628 0.0129574 0.269283 0.351018 0.0306805 0.0362737 0.0245694 
0.0315729 0.00679591 0.000211634 0.113792 0.0397548 0.00253791 0.0171036 0.00282808 0.0354174 0.0126342 0.220772 0.411102 0.0464773 0.0230642 0.0359369 
0.0446373 0.00457014 3.19834e-06 0.0416449 0.0188179 0.00155012 0.00719743 0.00229207 0.0256192 0.00160592 0.1739 0.391789 0.0740423 0.0116342 0.200696 
0.0634467 0.0674672 9.34675e-06 0.0321213 0.00844178 0.000831208 0.017501 0.0145517 0.00763977 0.000239048 0.217363 0.332656 0.0261262 0.00242344 0.209182 
0.0562674 0.000515826 0.000955414 0.223498 0.0568323 0.00135882 0.0380371 0.00299139 0.016676 0.0130397 0.195836 0.317817 0.0354517 0.0373053 0.00341824 
0.246238 0.0154587 8.1276e-06 0.0481088 0.0639577 0.000256113 0.00516876 0.114588 0.0161562 0.0242342 0.117401 0.262394 0.0338798 0.00170394 0.0504476 
0.0168716 0.0471899 1.9874e-05 0.0183614 0.0179064 8.3609e-05 0.000444176 0.00642618 0.0556316 0.00239185 0.267053 0.365633 0.17084 0.0053006 0.0258473 
0.0126317 0.00184316 0.000109148 0.141954 0.0297907 0.00709896 0.00763554 0.00172174 0.00408544 0.00536531 0.211662 0.454485 0.0791901 0.0338911 0.00853606 
0.078051 0.00520275 5.32724e-05 0.10711 0.103077 0.000188873 0.0186452 0.00720727 0.0271126 0.00534946 0.11868 0.447248 0.0243621 0.0521898 0.00552226 
0.0188871 0.00950438 0.000315216 0.0748418 0.00955354 5.41784e-05 0.0018486 0.00629053 0.0160853 0.00208328 0.298502 0.408407 0.0401471 0.0255342 0.0879456 
0.0352676 0.0212979 0.000251548 0.0541427 0.064147 0.0029593 0.0189917 0.0265072 0.0606171 0.00326425 0.20288 0.281351 0.0972656 0.00322778 0.127829 
0.00943628 0.000503913 1.57079e-05 0.0796874 0.0412741 0.000383425 0.00245757 0.000913573 0.0484386 0.00667442 0.251786 0.501507 0.03353 0.00562338 0.0177685 
0.0385375 0.0219256 7.37764e-07 0.0158558 0.00573049 0.0014982 0.00430444 0.000900455 0.0910887 0.000696352 0.0255679 0.725446 0.0111196 0.00250432 0.0548233 
0.139725 0.0250941 0.00920784 0.118575 0.0307648 0.000323365 0.237741 0.0051985 0.00380227 0.00277304 0.0776984 0.26333 0.0650975 0.00673874 0.0139307 
0.0136023 4.51302e-05 0.00430554 0.289851 0.0489533 0.00014899 0.0371263 0.000279842 0.00888984 0.00539879 0.12494 0.408325 0.0331847 0.00540315 0.019547 
0.13119 0.220003 1.82916e-08 0.00885792 0.00221376 2.94644e-06 7.52845e-05 0.0107304 0.00714005 2.53383e-05 0.0124475 0.516725 0.0505815 0.00113789 0.0388695 
0.102625 0.0107018 9.14608e-06 0.0328686 0.0356363 0.000162123 0.00740533 0.0110496 0.123999 0.00294018 0.0840291 0.290677 0.0690792 0.00186054 0.226957 
0.252167 0.229219 0.000150699 0.0459792 0.00402398 0.0041329 0.00915225 0.00459518 0.0206767 0.00117847 0.0731863 0.316801 0.0188137 0.0031807 0.0167421 
0.0771862 0.000312456 0.00195421 0.046118 0.0448377 0.00254747 0.0848956 0.000189104 0.00216756 0.00379642 0.263228 0.393131 0.0502716 0.0188478 0.0105173 
0.0181675 0.000918916 0.00142968 0.155906 0.0124584 1.91204e-05 0.198939 0.000783312 0.00123931 0.00243474 0.154492 0.232782 0.0221129 0.0133248 0.184992 
1.76085e-06 4.8653e-08 4.15664e-08 0.00578984 0.000676937 2.0418e-09 0.00111436 4.06652e-06 0.0477039 7.57497e-08 0.00263483 0.814573 0.127498 7.48e-08 2.7469e-06 
0.0388114 0.0109448 0.000271485 0.0205588 0.00793422 2.89713e-06 0.0266232 0.00935055 0.0509043 0.000410903 0.0343617 0.741891 0.0179542 0.00112969 0.0388507 
0.062299 0.0352011 0.000245774 0.0438322 0.0271867 0.000558187 0.0255931 0.00556296 0.0221447 0.00206628 0.0832031 0.559494 0.0721425 0.0199801 0.0404904 
0.0268892 0.0161337 0.000306924 0.0641961 0.0274602 0.00062705 0.0202017 0.00727578 0.0173672 0.0027945 0.271092 0.42955 0.0610371 0.0211947 0.0338743 
0.00437701 0.000117285 1.41254e-05 0.0439275 0.0254164 0.000137305 0.000698593 0.00164388 0.196931 0.00334835 0.22716 0.436219 0.0309488 0.0238328 0.00522766 
0.0130597 2.60089e-05 0.000146437 0.151866 0.0141208 0.000128959 0.0152744 0.000237489 0.00580637 0.00410368 0.223792 0.503939 0.014604 0.0525244 0.000370924 
0.12054 0.0124858 0.000989651 0.164444 0.0243567 6.99888e-05 0.153795 0.00614783 0.00275873 0.00240722 0.0489823 0.350581 0.0507057 0.0319782 0.0297578 
0.0139368 2.2807e-05 3.24304e-10 0.0383332 0.035977 2.80185e-07 0.0335414 9.181e-06 0.00144501 0.00404122 0.0271147 0.478757 0.00188524 0.00703303 0.357903 
0.0465172 0.0174716 0.000131178 0.124904 0.0781356 0.000155773 0.0998297 0.0165391 0.0205428 0.00200474 0.146813 0.345212 0.0445738 0.0307376 0.0264319 
0.0117836 0.000382911 0.190289 0.125951 0.0251139 8.45571e-05 0.167824 0.000634443 0.00154825 0.00118067 0.0993372 0.290568 0.0735324 0.011043 0.000727282 
0.031653 0.0357349 0.000263643 0.0908589 0.090687 0.000365055 0.141894 0.00281264 0.00492097 0.00380509 0.0996916 0.332001 0.0769841 0.0259085 0.0624199 
0.0158338 0.0035668 0.000152228 0.151841 0.0286722 7.19021e-05 0.0379598 0.00290968 0.0328399 0.0162745 0.188677 0.310534 0.140032 0.0217066 0.0489275 
0.034086 0.000586124 0.00113307 0.299284 0.0409436 0.000187677 0.0460993 0.000710375 0.00137353 0.0157532 0.181189 0.30707 0.0121288 0.0576004 0.00185546 
0.15155 0.0212808 5.60659e-05 0.156541 0.0265936 0.000287252 0.0529467 0.00835215 0.0218775 0.00103749 0.171571 0.264188 0.0767287 0.00425829 0.0427317 
0.0247971 0.0183231 0.00030674 0.0320122 0.0329267 0.00183206 0.0511136 0.00171652 0.0094055 0.000764423 0.295901 0.396549 0.0807951 0.00989589 0.0436616 
0.201979 0.00819229 8.4614e-09 0.0242897 0.0376979 4.4696e-05 0.0101083 0.00232709 0.00966591 0.000529849 0.0261683 0.49457 0.172372 0.00192958 0.0101251 
0.0297612 0.0159892 0.0005301 0.147452 0.0176055 4.20644e-06 0.256692 0.00502058 0.0132068 0.000916352 0.0347019 0.293117 0.165721 0.00894003 0.0103419 
0.00347328 0.00276906 0.00084509 0.0149703 0.00221698 8.77548e-07 0.00139034 0.00143656 0.000114997 0.00126815 0.00540426 0.95371 0.00711735 0.000468441 0.0048144 
0.0100097 0.00226873 2.72549e-06 0.0813097 0.0348438 2.71242e-05 0.0198643 0.00121293 0.071104 0.0229883 0.0914694 0.61589 0.0343276 0.00261883 0.0120624 
0.107636 6.73022e-06 0.000250996 0.133351 0.0996149 6.61686e-05 0.01063 0.000133651 0.000541977 0.0055676 0.112623 0.512587 0.00825877 0.00863532 9.71737e-05 
0.0743324 0.00669116 8.46231e-05 0.0807036 0.0352764 0.000417582 0.00348249 0.00454949 0.00428298 0.0141879 0.309258 0.352784 0.0257766 0.0191705 0.0690024 
0.0659836 0.00949607 1.93958e-06 0.0625782 0.0239824 0.00126508 0.00850812 0.00502026 0.0572356 0.000790131 0.0612179 0.578336 0.0700915 0.00132388 0.0541691 
0.00120991 2.74895e-05 0.000353269 0.0551226 0.0159473 0.000301422 0.0143151 0.000135992 0.00826731 0.00403829 0.0720928 0.584522 0.22668 0.0159706 0.00101592 
0.026524 0.00749264 0.000443432 0.114924 0.0504884 0.000996445 0.0170011 0.00333672 0.0358802 0.0106148 0.291066 0.29163 0.101273 0.0309718 0.0173587 
0.00371131 0.00187847 0.000867751 0.109727 0.00996341 2.24425e-05 0.00502175 0.00136346 0.00703332 0.00446818 0.0541563 0.77985 0.0114761 0.00698896 0.0034713 
0.0050388 0.00260267 3.5005e-05 0.0752013 0.0129094 0.000131881 0.00373307 0.00552654 0.0157074 0.00328907 0.233825 0.409174 0.196771 0.0264086 0.009646 
0.0768481 0.00480471 0.000138851 0.064759 0.0203044 0.000345922 0.00785185 0.0128956 0.00598373 0.0186592 0.150977 0.578171 0.0476756 0.00726938 0.00331578 
0.00714054 0.00115121 0.000911724 0.0658516 0.0225097 0.00231142 0.00555494 0.000757472 0.0010609 0.00368157 0.187914 0.661585 0.0268686 0.00409169 0.00860955 
0.0516213 0.004728 0.000560054 0.133128 0.0348033 4.46804e-05 0.10022 0.00298402 0.00139679 0.00346289 0.0228749 0.592135 0.0315594 0.00390993 0.0165711 
0.110915 0.0430783 5.15901e-05 0.0777013 0.0338404 0.000325994 0.0135965 0.00406887 0.0213107 0.00455959 0.242763 0.327464 0.0322729 0.0661097 0.0219426 
0.017383 0.000773056 0.000157223 0.0504118 0.0349639 0.000141594 0.0222863 0.00249114 0.00950015 0.0159237 0.110379 0.654523 0.0230251 0.0463818 0.0116591 
0.00700883 0.00341058 3.15436e-05 0.0800773 0.00472289 6.47398e-05 0.00195945 0.0058973 0.0126756 0.0011456 0.1493 0.687469 0.0390119 0.00148548 0.0057398 
0.00237016 0.000783891 4.32561e-05 0.255926 0.0992124 0.000791005 0.0083028 0.00206084 0.00858853 0.0180322 0.152095 0.306132 0.0144355 0.0923585 0.0388686 
0.141595 0.0953062 4.56971e-06 0.0552266 0.00677141 8.08718e-05 0.00518448 0.0203249 0.00881215 0.000550411 0.104639 0.446462 0.0301598 0.0277832 0.0570994 
0.0312815 0.00773248 0.000554286 0.0945433 0.0544516 0.000456788 0.0197468 0.00832018 0.0868182 0.0108423 0.248855 0.277851 0.0825076 0.0113752 0.0646644 
0.082982 0.0295277 1.41457e-06 0.141587 0.100836 0.000124691 0.0297145 0.00540315 0.0025565 0.0157238 0.0254684 0.297399 0.0302024 0.166289 0.072184 
0.0354176 0.000783514 0.00074538 0.154315 0.0203121 0.00032286 0.0854094 0.000944169 0.000427588 0.00693752 0.208757 0.432515 0.0317736 0.018204 0.00313549 
0.0620443 0.033162 0.000201279 0.0239288 0.0122129 0.000444577 0.0170748 0.0304189 0.0137654 0.00653786 0.0758017 0.582058 0.105995 0.00435333 0.0320008 
0.0244243 0.024827 7.37585e-06 0.0246348 0.0042888 5.31255e-05 0.00192463 0.00609968 0.0157318 0.000757703 0.0411157 0.791555 0.034273 0.0040477 0.026259 
0.000289203 0.0530413 0.00024379 0.269702 0.054199 0.000734377 0.0039575 0.000352964 0.016213 0.0115432 0.164382 0.339139 0.0172703 0.0682278 0.000703661 
0.0429437 0.00098261 2.16002e-06 0.0452295 0.0157242 0.000442426 0.00807885 0.000873127 0.186234 0.00092134 0.244027 0.305235 0.141449 0.004464 0.00339306 
0.00347328 0.00276906 0.00084509 0.0149703 0.00221698 8.77548e-07 0.00139034 0.00143656 0.000114997 0.00126815 0.00540426 0.95371 0.00711735 0.000468441 0.0048144 
0.0355096 0.0525973 1.49146e-05 0.024757 0.0267752 5.67821e-05 0.00179793 0.00516562 0.0116562 0.00103111 0.0348814 0.736147 0.0337634 0.0193304 0.0165162 
0.00629156 0.000689239 7.67439e-05 0.113812 0.0380865 0.00184179 0.00460758 0.00115463 0.00706363 0.00615429 0.282568 0.423996 0.0734175 0.0355249 0.00471572 
0.00224812 9.21202e-09 1.08204e-08 0.169213 0.0702012 5.02849e-05 0.0119135 4.14706e-05 0.00068107 0.0116301 0.174297 0.522428 0.00408336 0.0318178 0.00139426 
0.0849591 0.0107773 0.000278142 0.145322 0.0500336 0.000493619 0.01208 0.00366345 0.0390057 0.00526936 0.219398 0.293842 0.0764726 0.0365422 0.0218637 
0.00422557 4.64851e-06 0.000380357 0.12482 0.0369835 0.000147174 0.00375486 0.00100219 0.00120674 0.0105125 0.271437 0.390506 0.140357 0.0145366 0.000125543 
0.071194 0.0127247 8.11193e-06 0.0451639 0.0123968 0.000153884 0.00973016 0.00307141 0.0125625 0.00140054 0.0492328 0.689883 0.0578357 0.00855651 0.0260859 
0.0072273 0.00108614 9.25378e-05 0.0959072 0.0381778 0.000212276 0.00162461 0.00235836 0.0479132 0.00744035 0.222941 0.501222 0.0409753 0.0260882 0.0067333 
0.0117271 1.31818e-05 0.000240102 0.189421 0.0285455 4.24396e-05 0.11495 0.000557952 0.00860419 0.0137335 0.241091 0.334263 0.00498984 0.051725 9.63818e-05 
0.0139368 2.2807e-05 3.24304e-10 0.0383332 0.035977 2.80185e-07 0.0335414 9.181e-06 0.00144501 0.00404122 0.0271147 0.478757 0.00188524 0.00703303 0.357903 
0.00424938 2.33218e-05 0.000174372 0.0249198 0.00218282 2.73991e-07 0.0115421 7.28329e-05 0.0239333 0.000526622 0.00369042 0.916019 0.0106431 8.60568e-05 0.00193656 
0.049981 0.00580342 0.00101655 0.0586743 0.0304047 0.000373059 0.0044711 0.00274749 0.00496487 0.00667378 0.317203 0.35702 0.105147 0.0290497 0.0264695 
0.0174768 0.0371395 0.000170612 0.0460462 0.0100185 0.000255431 0.00349057 0.00218057 0.018646 0.00248537 0.237438 0.445799 0.140649 0.00230055 0.035904 
0.271359 0.000133059 0.000406457 0.121464 0.0518345 0.000121458 0.0300443 0.000247314 0.0041503 0.00652446 0.0797026 0.342035 0.0121324 0.0766232 0.00322172 
0.0139368 2.2807e-05 3.24304e-10 0.0383332 0.035977 2.80185e-07 0.0335414 9.181e-06 0.00144501 0.00404122 0.0271147 0.478757 0.00188524 0.00703303 0.357903 
0.0453951 0.00704887 0.000365393 0.176948 0.050241 0.00721865 0.0564447 0.00651912 0.034721 0.00620068 0.169744 0.270488 0.100061 0.00647615 0.062127 
0.0326972 0.00013924 0.000137034 0.206443 0.0294913 0.000166877 0.121269 0.000369036 0.150906 0.00573245 0.0683042 0.354486 0.0110757 0.0135466 0.00523602 
0.220782 0.0059141 0.000166325 0.14787 0.0394092 0.000307508 0.0426322 0.00267665 0.00411968 0.0205106 0.0701446 0.377836 0.0419654 0.0142434 0.0114225 
0.140476 0.0116163 0.000376592 0.0932565 0.0241718 0.00773382 0.0197302 0.00972856 0.0321604 0.00197142 0.240817 0.292454 0.067941 0.00589331 0.0516725 
0.0122279 0.000470271 0.000620067 0.0392837 0.0174707 0.000155464 0.0335241 0.000190403 0.0608037 0.00587076 0.377487 0.400139 0.0305706 0.01416 0.00702602 
0.413688 0.00777987 0.00320636 0.0427447 0.0172332 0.000358048 0.00504945 0.000580468 0.00450797 0.00304156 0.0490758 0.435262 0.0131432 0.00344489 0.000885267 
0.0050388 0.00260267 3.5005e-05 0.0752013 0.0129094 0.000131881 0.00373307 0.00552654 0.0157074 0.00328907 0.233825 0.409174 0.196771 0.0264086 0.009646 
0.0746637 0.133475 3.3907e-10 0.0141234 0.00203344 1.34751e-05 6.19101e-05 0.00789937 0.0236572 0.000440021 0.180336 0.499479 0.0315297 0.00179747 0.0304904 
0.0150437 0.00132706 0.000148604 0.159911 0.042591 0.00101865 0.0221392 0.00118893 0.048135 0.0102122 0.158557 0.464168 0.0401818 0.0249031 0.0104759 
0.0283489 0.00383457 0.000528846 0.168409 0.0610232 0.00571686 0.049142 0.00313189 0.0486825 0.035858 0.160876 0.223577 0.111506 0.0634767 0.0358886 
0.0515481 0.0225762 0.000187765 0.231551 0.0429038 0.000354996 0.0167177 0.00191213 0.0848198 0.0564522 0.160214 0.267413 0.036395 0.0149838 0.0119707 
0.00691987 7.72918e-05 4.76845e-05 0.0848699 0.0238394 0.000192749 0.0633442 0.000130323 0.0122034 0.00470694 0.0996317 0.536088 0.161434 0.00572894 0.000786071 
0.00775823 0.001781 0.000351914 0.143058 0.0464849 0.000395794 0.0167998 0.0019977 0.0255529 0.0204473 0.308658 0.357532 0.0324154 0.0312359 0.00553051 
0.0355096 0.0525973 1.49146e-05 0.024757 0.0267752 5.67821e-05 0.00179793 0.00516562 0.0116562 0.00103111 0.0348814 0.736147 0.0337634 0.0193304 0.0165162 
0.0084774 0.00207654 0.000297076 0.154017 0.0535335 0.00144434 0.0138535 0.000582461 0.00711074 0.0123313 0.276523 0.378948 0.0459378 0.0392656 0.00560199 
0.0438557 0.00018161 0.00511627 0.191743 0.0379756 1.36115e-05 0.255542 0.01028 0.0520787 0.00662573 0.0912975 0.27811 0.0114826 0.0136217 0.00207639 
0.00048887 3.43078e-05 0.000252994 0.162235 0.0342325 0.000323286 0.00252131 0.000283488 0.00238735 0.0371916 0.257371 0.411605 0.0548363 0.0361805 5.69246e-05 
0.115646 0.0051495 0.000371932 0.151694 0.0373655 0.000122162 0.195082 0.00276762 0.00301232 0.0122438 0.123981 0.250877 0.00936555 0.0254559 0.0668642 
0.0825417 0.0965115 1.00684e-06 0.0724164 0.00233769 0.000151592 0.0267498 0.188728 0.097615 0.000704049 0.0290997 0.340132 0.0223322 0.00443349 0.0362457 
0.0286336 0.0539642 3.40871e-05 0.0247823 0.0104979 0.000242063 0.00146985 0.0078503 0.0153562 0.00234923 0.119941 0.601138 0.0729256 0.017068 0.0437483 
0.172318 0.0202668 0.000444221 0.0568812 0.032184 0.000198277 0.00106763 0.00297471 0.174735 0.0040986 0.168281 0.262424 0.0850341 0.00968888 0.00940374 
0.0111053 0.000254539 8.7153e-11 0.0167801 0.000959289 8.10175e-06 1.18283e-05 0.000931753 0.00480833 0.000277611 0.184984 0.722132 0.0517216 0.000411983 0.00561384 
0.0222187 0.0104464 7.06902e-05 0.12661 0.0218893 0.00131255 0.00208556 0.00881543 0.0089223 0.00721788 0.169951 0.569164 0.0247919 0.00923868 0.0172653 
0.0348141 0.00413582 9.02706e-05 0.0518281 0.0944328 0.000638407 0.00891944 0.00298087 0.0342661 0.0214393 0.0763453 0.369401 0.0259353 0.261521 0.0132515 
0.0189905 0.00732025 0.000131259 0.206559 0.0887193 0.00356553 0.0249615 0.00112418 0.0359105 0.0130689 0.209888 0.293536 0.0628563 0.0230048 0.0103647 
0.0271876 0.0126874 6.34866e-05 0.0687858 0.0263358 0.00208037 0.00550245 0.00432239 0.0181622 0.00713905 0.202189 0.32154 0.217277 0.0166857 0.0700412 
0.0166366 0.0039673 0.000210459 0.202078 0.0271978 0.000635123 0.0123973 0.00149333 0.0135092 0.0158232 0.263484 0.374741 0.0320858 0.0258943 0.00984691 
0.0895238 0.0764744 1.42594e-05 0.0335747 0.00689497 6.11551e-05 0.00377917 0.0106996 0.00276844 0.000492431 0.0744826 0.564451 0.0783612 0.0112501 0.0471728 
0.0557894 0.0227293 6.27955e-06 0.0625654 0.0373168 0.000124124 0.0172382 0.00354475 0.0653692 0.00158608 0.035049 0.622935 0.0233974 0.00564414 0.0467053 
0.0744463 0.0612339 0.000108358 0.0540566 0.0186779 8.65794e-05 0.0077748 0.00390609 0.0357767 0.00372314 0.179852 0.490837 0.058431 0.000901945 0.0101881 
0.0113002 0.00230825 0.000163818 0.083933 0.0485406 0.00203427 0.0126919 0.00225176 0.0473621 0.00817541 0.280518 0.389907 0.0808128 0.0183794 0.0116214 
0.00216259 0.000164019 3.66635e-06 0.177281 0.0280433 3.92147e-05 0.00144855 0.00161381 0.192679 0.00280599 0.127767 0.383115 0.0577654 0.0229191 0.00219179 
0.0891643 0.0078088 1.1961e-05 0.154274 0.22573 0.0078303 0.000913273 0.00598466 0.00657138 0.0272288 0.163218 0.246853 0.0112304 0.0307724 0.0224101 
0.00684531 0.00096693 0.00123049 0.1112 0.0238251 0.000123159 0.00680053 0.00114837 0.0228038 0.0140564 0.0866061 0.690623 0.0215239 0.00746779 0.00477969 
0.0334127 0.142765 9.15609e-08 0.00549307 0.0287911 1.43972e-05 0.00145838 0.00971898 0.0413397 0.000493217 0.0964228 0.529356 0.0311531 0.0235824 0.055999 
0.0307485 0.00506987 1.49744e-05 0.0338357 0.0040688 4.53636e-05 0.00420737 0.00301984 0.0248503 0.000661832 0.0189505 0.80859 0.0350577 0.00760527 0.0232745 
0.117313 0.00307818 3.95846e-05 0.0262613 0.028931 0.000974059 0.058739 0.00173808 0.238217 0.00232224 0.0621095 0.331791 0.0229239 0.000311817 0.105251 
0.0187869 0.00145976 0.0199971 0.0874474 0.0311536 2.6919e-05 0.1739 0.000160052 0.0086735 0.00557097 0.282744 0.327095 0.0103226 0.0321454 0.000516697 
0.0152108 0.0152589 0.000947504 0.108626 0.00296219 0.000194932 0.0160274 0.00658294 0.0317418 0.00042428 0.2438 0.337621 0.205463 0.00249963 0.0126391 
0.00256769 2.28153e-05 0.000761364 0.129673 0.0422212 0.000192569 0.0137854 0.000569175 0.0145522 0.00673346 0.306757 0.425515 0.0346273 0.0213552 0.000667029 
0.0652838 0.0737193 0.000102245 0.0542619 0.0326426 3.17804e-05 0.00399855 0.00414759 0.0176731 0.000493827 0.0371939 0.514777 0.131081 0.0134325 0.0511613 
0.0422338 0.00567521 4.98955e-05 0.134856 0.043705 0.000303989 0.0185883 0.00446434 0.0300363 0.108697 0.186687 0.240086 0.101904 0.00458045 0.0781322 
0.0122802 0.00888029 0.000135193 0.124636 0.0277301 0.000720453 0.00370081 0.00319882 0.0126327 0.0100673 0.317289 0.383417 0.0207119 0.0213021 0.0532986 
0.00830613 0.000512159 2.9841e-06 0.075023 0.130679 0.000180634 0.0625666 0.00683399 0.109028 0.0146893 0.193415 0.253782 0.027446 0.0676768 0.049859 
0.0106252 0.000393092 0.000198515 0.177211 0.0571911 0.000465703 0.0111586 0.000832443 0.0112014 0.00562542 0.217016 0.388445 0.0790591 0.0362667 0.00430999 
0.00589562 0.000352459 8.5054e-05 0.116307 0.0322454 8.98179e-05 0.0148077 0.00103838 0.0101822 0.00672537 0.214156 0.564306 0.0168971 0.0113261 0.00558612 
0.0171376 0.00492451 4.47262e-05 0.0234778 0.0117071 2.4271e-05 0.000781005 0.00401388 0.15105 0.00248146 0.334836 0.421923 0.0144498 0.00255447 0.0105942 
0.00137808 6.55874e-06 7.8622e-05 0.0707221 0.0163575 0.000207349 0.00121672 0.0010479 0.0176254 0.00730447 0.166058 0.675847 0.0246641 0.0159879 0.00149816 
0.00155911 1.22411e-05 0.000150859 0.04664 0.00223787 2.95346e-08 0.000927013 0.00173472 0.0144772 0.00108224 0.0945005 0.804384 0.0296872 0.000855789 0.00175131 
0.0311764 0.0143741 7.15711e-08 0.076857 0.00873716 5.24236e-05 0.0110798 0.00301597 0.0306798 0.00195058 0.16194 0.41554 0.0227418 0.0032933 0.218562 
0.0334855 0.000110158 0.000288755 0.126492 0.0550527 0.00281016 0.0701027 0.0040499 0.00556046 0.00659622 0.286324 0.362344 0.0101928 0.0340606 0.00252872 
0.00153759 0.00982399 0.000624327 0.154183 0.0318512 0.000168741 0.00354012 0.000422427 0.0035421 0.01237 0.120537 0.63551 0.0132115 0.0126197 5.82816e-05 
0.192372 0.0393974 2.63405e-05 0.0236138 0.0113948 0.00525134 0.0065442 0.00646171 0.00822165 0.000366792 0.14222 0.326689 0.0180665 0.010072 0.209302 
0.0222384 0.00136227 0.00035007 0.118071 0.23772 0.000984401 0.0541262 0.0188763 0.0244627 0.0153392 0.105665 0.24477 0.100428 0.0179247 0.0376813 
0.0458654 0.0131788 6.28211e-07 0.0567769 0.0295889 2.6989e-05 0.000394716 0.00498379 0.0375909 0.00220838 0.0902698 0.67522 0.0295294 0.00667956 0.00768589 
0.0576957 0.0107275 0.000232614 0.0230561 0.0128354 0.000102299 0.00840923 0.00982286 0.00887168 0.000686588 0.0633413 0.696138 0.0309796 0.00458434 0.0725167 
0.0594475 0.00504873 3.05879e-06 0.0157629 0.0355025 5.4721e-05 0.0224525 0.00181678 0.0460937 0.000240639 0.227562 0.311662 0.237479 0.0235031 0.0133706 
0.0139827 0.0240322 8.03731e-09 0.0789579 0.00404961 4.61814e-05 0.0146692 0.00528653 0.0237369 0.000714317 0.0753271 0.661969 0.0796569 0.00149676 0.0160749 
0.041746 0.0166166 6.06008e-05 0.0793471 0.101326 8.84001e-05 0.00287124 0.014877 0.0575293 0.00555001 0.119434 0.449696 0.0646261 0.0122131 0.034019 
0.0155523 0.00444687 0.000669291 0.137043 0.0289619 0.00134647 0.0238787 0.00256282 0.00972562 0.00697387 0.2719 0.413556 0.0555683 0.0200421 0.00777264 
0.173888 0.00736499 0.000864015 0.0508657 0.0113539 4.51803e-05 0.00929094 0.00801786 0.0178773 0.00186496 0.0522469 0.624202 0.0261627 0.00319768 0.0127586 
0.0283876 0.0036923 4.34779e-05 0.0328802 0.0429123 1.06281e-05 0.0314217 0.0358176 0.0383884 0.0150857 0.137117 0.381231 0.0518896 0.0205294 0.180593 
0.0174854 0.00204805 0.000116068 0.299853 0.0722412 0.000182732 0.0275826 0.000416332 0.0102839 0.0305477 0.174887 0.351195 0.00902843 3.82814e-05 0.00409469 
0.0718309 0.0219081 0.000267629 0.135241 0.00842507 7.16663e-05 0.0399997 0.0137822 0.0112876 0.00113427 0.125871 0.456459 0.0793486 0.00588363 0.0284889 
0.00691987 7.72918e-05 4.76845e-05 0.0848699 0.0238394 0.000192749 0.0633442 0.000130323 0.0122034 0.00470694 0.0996317 0.536088 0.161434 0.00572894 0.000786071 
0.0918038 0.0143434 4.5173e-05 0.130955 0.0471686 0.0012948 0.059897 0.00353862 0.0394248 0.00718945 0.166759 0.298448 0.0567837 0.0223858 0.0599634 
0.0184703 0.000316826 0.00053784 0.203913 0.0150172 0.000124077 0.0204023 0.00121888 0.0317207 0.010836 0.244731 0.386701 0.0266461 0.0347001 0.00466586 
0.0374823 0.0659723 6.92487e-06 0.0246882 0.00469051 5.08051e-05 0.00100701 0.00633975 0.0175811 0.00153623 0.231189 0.551691 0.0367901 0.00515126 0.0158243 
0.02099 0.0164907 0.000807645 0.152739 0.0102989 0.000257818 0.017175 0.00501669 0.00128359 0.00275829 0.248716 0.458483 0.0391315 0.0194404 0.00641095 
0.0272186 0.00262902 1.68822e-05 0.0504022 0.0868145 0.00296841 0.0244733 0.00190229 0.0311392 0.0251828 0.114686 0.334511 0.0253198 0.109984 0.162752 
0.036869 0.0027236 0.0005158 0.0878657 0.0353113 0.000893079 0.0730638 0.0015034 0.00705995 0.0189494 0.171811 0.493924 0.0439144 0.0174656 0.00813059 
0.0360242 4.99465e-05 0.000415063 0.0880534 0.106019 0.041998 0.0071943 0.000183059 0.125561 0.0139997 0.208173 0.33259 0.0112742 0.00669051 0.0217751 
0.0124182 0.000164884 6.2897e-08 0.198381 0.0253921 2.6945e-06 0.0567262 0.000205977 0.0391435 0.00933032 0.0422616 0.432609 0.112179 0.000182909 0.0710035 
0.0313471 0.000652626 0.000371443 0.0521144 0.00422031 5.90128e-05 0.010102 0.0014357 0.0122098 0.000997824 0.0937116 0.635307 0.124135 0.0239836 0.00935198 
0.116426 0.0297535 0.000273448 0.144086 0.13706 0.000102979 0.0716297 0.034308 0.0377396 0.0103628 0.102167 0.204529 0.031739 0.0559821 0.0238403 
0.038777 0.018238 3.04582e-05 0.039995 0.033858 0.00120909 0.0207143 0.00362977 0.035926 0.00162714 0.145637 0.441032 0.157487 0.00589109 0.0559482 
3.29039e-05 0.000628652 3.71888e-06 0.109307 0.104651 0.000889118 0.0085729 6.15506e-05 0.0094962 0.00481402 0.26569 0.345302 0.149862 0.00030109 0.000388498 
0.0104729 4.37113e-05 0.00026667 0.18134 0.055814 7.37889e-05 0.107642 0.000111105 0.00173019 0.0127032 0.076734 0.433624 0.11079 0.00615624 0.00249768 
0.017908 0.00395282 0.00242988 0.214496 0.0543698 0.00104967 0.00993192 0.00409595 0.00326365 0.00560082 0.14293 0.419651 0.0684094 0.00833294 0.0435776 
0.0882252 0.00576413 4.43065e-05 0.0520043 0.0266016 8.81119e-06 0.0222505 0.00242762 0.00500181 0.00420271 0.0193677 0.720848 0.0324066 0.00125745 0.0195893 
0.016543 0.00257527 0.00023374 0.113032 0.0414633 0.000161747 0.0114122 0.00294204 0.00339564 0.0142001 0.19855 0.507543 0.0500448 0.0284984 0.00940469 
0.0303607 1.32703e-05 6.84054e-05 0.0533255 0.055504 0.000202161 0.0118719 0.00148607 0.0344755 0.0065667 0.0438499 0.698992 0.0463872 0.00259527 0.0143013 
0.00784557 0.00125542 3.74221e-05 0.182996 0.0148164 7.7962e-05 0.00467517 0.00173649 0.0226283 0.0233855 0.262302 0.43446 0.0152205 0.0258568 0.00270667 
0.0181675 0.000918916 0.00142968 0.155906 0.0124584 1.91204e-05 0.198939 0.000783312 0.00123931 0.00243474 0.154492 0.232782 0.0221129 0.0133248 0.184992 
0.0706423 0.0433038 1.24955e-06 0.084885 0.192949 2.06257e-05 0.0372808 0.00169121 0.0532049 0.00634241 0.132774 0.310013 0.00980235 0.0409514 0.0161368 
0.00815849 0.000272765 2.24297e-05 0.0566216 0.0323981 0.000106056 0.0375517 0.00445031 0.100621 0.00538349 0.183373 0.509084 0.0212437 0.0384111 0.002302 
0.00790266 0.000300878 7.89853e-05 0.134323 0.15606 1.90291e-05 0.120963 0.000130098 0.00559726 0.00859584 0.159729 0.22687 0.119273 0.0226765 0.037481 
0.0273505 0.00257561 4.8251e-05 0.0695858 0.0296685 0.000357675 0.00570901 0.00258404 0.00517193 0.0124141 0.187074 0.591193 0.0158739 0.0428017 0.0075924 
0.00347328 0.00276906 0.00084509 0.0149703 0.00221698 8.77548e-07 0.00139034 0.00143656 0.000114997 0.00126815 0.00540426 0.95371 0.00711735 0.000468441 0.0048144 
0.188586 0.0120824 0.0163797 0.150418 0.0292995 9.62298e-06 0.180264 0.00678998 0.0136844 0.00259078 0.0536452 0.238468 0.0673778 0.00268572 0.0377189 
0.00142672 0.000875217 9.63206e-08 0.109336 0.0174017 0.000359753 0.000565443 0.00163521 0.0306833 0.00573716 0.223737 0.474051 0.108949 0.0143848 0.0108582 
0.0139368 2.2807e-05 3.24304e-10 0.0383332 0.035977 2.80185e-07 0.0335414 9.181e-06 0.00144501 0.00404122 0.0271147 0.478757 0.00188524 0.00703303 0.357903 
0.0223226 0.00117135 8.03272e-06 0.104412 0.00665247 5.65554e-08 0.00370032 0.000268374 0.180885 0.00502414 0.0870313 0.225452 0.189804 0.000190294 0.173078 
0.00541348 4.76252e-05 0.000446669 0.0840138 0.0578553 5.46191e-05 0.0862041 0.00656552 0.170235 0.00845673 0.151369 0.351966 0.00770897 0.0260568 0.0436056 
0.0186213 0.00013405 0.00110836 0.196875 0.101741 0.000895161 0.124248 2.89464e-05 0.00292659 0.0268093 0.184991 0.276742 0.0034143 0.060493 0.000972184 
0.00384878 0.00110783 1.34635e-08 0.120097 0.0245733 0.000229105 0.00108077 0.00415924 0.0183701 0.0131638 0.321708 0.374819 0.038296 0.0758864 0.00266119 
0.00384878 0.00110783 1.34635e-08 0.120097 0.0245733 0.000229105 0.00108077 0.00415924 0.0183701 0.0131638 0.321708 0.374819 0.038296 0.0758864 0.00266119 
0.0354873 0.00374352 0.000306882 0.144248 0.0394484 0.000142693 0.0116393 0.00317523 0.0211585 0.00433708 0.222492 0.277482 0.169141 0.0354039 0.0317935 
0.0154277 0.012557 9.75184e-06 0.0709255 0.0250117 7.57478e-05 0.00337185 0.0127427 0.0109928 0.0119089 0.299781 0.458461 0.0312387 0.0307293 0.0167667 
0.00926496 0.000543901 0.00266 0.248478 0.039417 7.32389e-05 0.056271 0.00424748 0.0015592 0.00663376 0.195054 0.315403 0.106614 0.00947215 0.00430867 
0.00336802 0.0344739 0.000638822 0.0621104 0.0297479 6.05886e-05 0.00862815 0.000200859 0.0135989 0.00320988 0.27314 0.495854 0.0635386 0.00325258 0.00817781 
0.158977 0.182558 1.23844e-05 0.116747 0.0178073 8.5933e-05 0.0547734 0.00574178 0.00648471 0.00215373 0.115665 0.19321 0.113825 0.00532112 0.0266383 
0.0111473 0.00056749 0.000407507 0.175248 0.0210893 0.000748992 0.00692391 0.000398279 0.0253082 0.00553886 0.313369 0.353793 0.0500525 0.0139836 0.0214232 
0.00966319 3.0627e-05 0.00139341 0.205363 0.119467 8.02846e-05 0.0396112 0.00189629 0.00242554 0.0052199 0.20771 0.368106 0.018674 0.0168605 0.00349878 
0.133746 3.42221e-08 2.50006e-05 0.117436 0.201249 0.000531154 0.0851332 0.00019041 0.00253356 0.131713 0.0234466 0.241618 0.0574617 0.00419078 0.000725449 
0.02099 0.0164907 0.000807645 0.152739 0.0102989 0.000257818 0.017175 0.00501669 0.00128359 0.00275829 0.248716 0.458483 0.0391315 0.0194404 0.00641095 
0.0174967 0.010408 0.000435149 0.13359 0.0384766 0.00244993 0.015123 0.00157223 0.023973 0.0103758 0.302776 0.342339 0.0590743 0.0284601 0.0134501 
0.0126381 0.00142361 5.04591e-10 0.038301 0.00535471 0.00039489 0.00910408 0.000250439 0.258402 0.000132524 0.143519 0.362426 0.142146 0.00840909 0.017498 
0.0433332 0.00222835 0.000358819 0.0869576 0.0919054 9.72624e-05 0.0167547 0.00911117 0.105515 0.000778865 0.0423036 0.552555 0.0201992 0.00430608 0.0235962 
0.00424938 2.33218e-05 0.000174372 0.0249198 0.00218282 2.73991e-07 0.0115421 7.28329e-05 0.0239333 0.000526622 0.00369042 0.916019 0.0106431 8.60568e-05 0.00193656 
0.0166708 0.0056598 0.000241356 0.106938 0.038612 0.00253288 0.01306 0.00294696 0.0417433 0.0124129 0.232803 0.440842 0.0491647 0.022779 0.0135939 
0.0291313 0.0015163 2.40186e-05 0.0362908 0.0475426 2.53254e-07 0.0106769 0.0182332 0.381461 0.000710967 0.0262056 0.411359 0.0113665 0.00378209 0.0216991 
0.126078 0.00763788 0.00012451 0.0722198 0.0398853 0.000162213 0.0421985 0.00266058 0.0307449 0.00467218 0.055759 0.489051 0.0601473 0.0215555 0.0471031 
0.00873931 8.45205e-05 0.000253083 0.0298126 0.00816185 2.5424e-05 0.0131088 0.000571688 0.00423128 0.00100394 0.081309 0.792817 0.0501258 0.00643895 0.00331642 
0.0189764 0.00010411 8.57083e-05 0.0197137 0.00875562 5.99305e-05 0.00443663 0.000646713 0.00991003 0.00109995 0.046 0.733098 0.142225 0.012427 0.00246136 
0.0745037 0.0228814 3.14733e-06 0.0704067 0.0550854 0.001033 0.00676324 0.00738658 0.012503 0.0063942 0.297953 0.30947 0.0376629 0.0334946 0.0644586 
0.0863833 0.0107105 0.000444817 0.186109 0.0461321 0.000397751 0.0928502 0.00133444 0.0215131 0.00530845 0.0337125 0.425306 0.0258354 0.0362944 0.0276684 
0.0126742 0.00731641 8.79494e-05 0.29401 0.0605029 0.00884126 0.00923561 0.00125951 0.0148222 0.00739935 0.189813 0.340761 0.017273 0.0325093 0.00349443 
0.0883956 0.00720219 8.75578e-06 0.0617395 0.0993742 0.0004875 0.0796156 0.00361808 0.0182076 0.0329265 0.114326 0.25924 0.0343606 0.0894897 0.111008 
0.0139368 2.2807e-05 3.24304e-10 0.0383332 0.035977 2.80185e-07 0.0335414 9.181e-06 0.00144501 0.00404122 0.0271147 0.478757 0.00188524 0.00703303 0.357903 
0.188826 0.00747081 0.0020851 0.158555 0.00219579 0.000278355 0.0190295 0.00413891 0.0181927 0.000840358 0.0557684 0.470342 0.0417519 0.0208679 0.0096582 
0.0174561 0.000706088 4.90418e-05 0.293909 0.0121196 7.81343e-05 0.00285113 0.00218979 0.0151166 0.0229217 0.188147 0.400353 0.0256452 0.0125127 0.00594476 
0.049494 3.71432e-05 0.000152228 0.0557565 0.00871463 0.000171052 0.00879928 0.000718062 0.0079476 0.000983962 0.0210901 0.583912 0.242493 0.00333036 0.0163997 
0.0032719 4.76063e-06 1.96269e-06 0.173972 0.0322256 0.000885223 0.223781 1.18432e-05 0.062775 0.00504655 0.0536404 0.357193 0.0761431 0.00157781 0.00946928 
0.260859 0.0898068 1.26541e-05 0.157797 0.0368248 0.00036204 0.00517999 0.0146651 0.00372518 0.00308386 0.0684761 0.28154 0.0276182 0.0299181 0.0201315 
0.0219064 0.00229575 0.00018507 0.0426441 0.00887984 0.000487965 0.00774438 0.00248784 0.00608175 0.00203088 0.11492 0.737817 0.0356973 0.00500557 0.0118164 
0.0552806 0.127225 4.70221e-08 0.0125178 0.0189185 3.62711e-05 0.0041245 0.00623247 0.00310357 0.00020905 0.0436669 0.496115 0.0146471 0.0826633 0.13526 
0.0111283 0.00120923 8.51052e-05 0.00450137 0.000837832 7.34221e-07 0.00118824 0.000384699 0.0174751 1.76312e-05 0.143342 0.413079 0.395739 0.000283986 0.0107271 
0.00997068 0.000480319 1.18227e-05 0.0970323 0.0509514 0.000918668 0.00265694 0.00107415 0.00645394 0.00538499 0.191196 0.494665 0.0407473 0.0960281 0.00242778 
0.0485895 0.00558939 4.22274e-05 0.0137182 0.00163712 2.45687e-06 0.00586767 0.00365763 0.0171236 0.000558672 0.0220238 0.824794 0.0332854 0.000476603 0.0226342 
0.0146216 2.02477e-05 0.000213591 0.053229 0.00683857 4.72499e-05 0.00706513 0.000206397 0.007592 0.00259639 0.0542637 0.816107 0.0196377 0.0156334 0.00192803 
0.0238798 0.0020648 0.00063884 0.174419 0.0262756 0.000120036 0.148151 0.00175616 0.00253681 0.0106486 0.221029 0.251082 0.1174 0.0174112 0.00258725 
0.0416936 0.0126448 0.000208596 0.0921422 0.0129516 0.000426435 0.016294 0.0057751 0.0122138 0.00193176 0.102351 0.539551 0.0588533 0.0136178 0.0893449 
0.0115253 8.67014e-05 0.00216922 0.145911 0.00509489 6.56436e-11 0.0471577 6.02809e-05 0.00355874 4.99613e-08 0.170385 0.453092 0.00899331 0.149474 0.00249226 
0.237195 0.0423867 1.9487e-09 0.0432077 0.0389776 0.000355946 0.00334644 0.00155709 0.0121117 0.000665755 0.00604424 0.548995 0.0242344 0.0224862 0.0184363 
0.0144314 0.000122096 0.000127756 0.299813 0.0395478 7.23523e-05 0.0660818 0.000874249 0.0285835 0.0037819 0.0641549 0.453038 0.0129042 0.0143274 0.0021399 
0.0217351 0.00565048 0.000112547 0.13551 0.0518558 0.000502999 0.00664462 0.00465588 0.0116907 0.00502119 0.171484 0.47499 0.018365 0.076619 0.0151633 
0.0794295 0.00524352 1.4402e-06 0.0398725 0.0302868 0.00021241 0.00738703 0.0567754 0.0459559 0.0656276 0.119366 0.278857 0.228152 0.00535177 0.0374808 
0.0197288 0.00227675 0.000236522 0.154049 0.0289025 0.000286642 0.0153789 0.00225334 0.0292287 0.00643916 0.228965 0.401503 0.0377107 0.0472824 0.0257586 
0.00163324 0.00029808 1.22802e-05 0.049248 0.0277079 0.000705572 0.00552991 0.000823051 0.161453 0.00909576 0.148637 0.520751 0.0293589 0.0409556 0.00379054 
0.00210784 6.72833e-05 1.28033e-05 0.0715131 0.0312015 0.000750578 0.00910698 4.38881e-05 0.0123975 0.0025722 0.226523 0.575933 0.0114814 0.0391393 0.0171503 
0.00874023 0.000170946 0.000171779 0.272099 0.0447919 0.000224978 0.0539786 6.56317e-05 0.0100486 0.0290761 0.188037 0.368635 0.00390045 0.0186589 0.00140099 
0.00649888 0.00465244 0.000990031 0.199747 0.0421692 0.0161589 0.0779304 0.00175543 0.000768518 0.00309407 0.238937 0.263053 0.0773422 0.0270867 0.039816 
0.00349205 0.000600887 1.97697e-07 0.0161332 0.000320795 4.29995e-08 0.0304339 0.00570904 0.334049 0.000117891 0.00400587 0.485834 0.0615299 1.77145e-05 0.0577558 
0.0281136 0.000885472 0.000350456 0.0837544 0.0256352 0.000102343 0.045044 0.000241687 0.00454495 0.00422774 0.146615 0.595361 0.036507 0.0249114 0.00370578 
0.256148 0.00970134 0.00113854 0.247835 0.028484 3.03528e-06 0.0452174 0.00371756 0.0155728 0.0157425 0.040593 0.275693 0.0243327 0.00876506 0.0270565 
0.0734846 0.014288 0.000102137 0.0254615 0.00955961 0.000317943 0.115186 0.00576986 0.0935022 0.000544725 0.0553381 0.343839 0.0861677 0.0423409 0.134098 
0.0237401 0.0383133 1.82832e-06 0.0744964 0.0768086 1.11904e-05 0.248932 0.0034736 0.0307122 0.0047304 0.102237 0.289096 0.0491333 0.0400772 0.018237 
0.0119431 7.9191e-05 0.000108345 0.0557095 0.0260397 8.88061e-05 0.00384873 0.00116074 0.0102736 0.00659864 0.0485872 0.699119 0.0721055 0.0640133 0.000324377 
0.0171376 0.00492451 4.47262e-05 0.0234778 0.0117071 2.4271e-05 0.000781005 0.00401388 0.15105 0.00248146 0.334836 0.421923 0.0144498 0.00255447 0.0105942 
0.00576314 2.65461e-05 7.4851e-06 0.0475719 0.0146645 6.03493e-06 0.0651837 0.000258238 0.259948 0.0147562 0.00648092 0.56647 0.0115602 0.000358903 0.00694455 
0.00453182 0.0166294 0.000753781 0.147257 0.0199524 0.00372711 0.00667498 0.00127011 0.00274879 0.00602736 0.263095 0.402653 0.0917999 0.0310472 0.00183273 
0.0157249 5.30527e-05 0.00020993 0.108201 0.0228327 0.000173014 0.0119135 0.000517792 0.00538971 0.00955746 0.167603 0.530275 0.0634175 0.0627791 0.00135167 
0.0153876 5.70589e-05 0.000789618 0.0766693 0.0541039 6.47355e-05 0.0433872 0.000113888 0.000927132 0.0208614 0.138878 0.53277 0.111085 0.00417076 0.000733266 
0.176821 0.00455999 0.000120917 0.125945 0.0189145 1.33415e-05 0.154964 0.00199426 0.0043552 0.0135845 0.0533591 0.296179 0.0877914 0.0112779 0.0501203 
0.177114 0.024327 8.45889e-06 0.017721 0.0306467 0.00263115 0.0123349 0.00100851 0.011224 0.00133871 0.0510726 0.62775 0.00601613 0.0146712 0.0221359 
0.0426375 0.0389983 0.000145285 0.155378 0.0208492 0.000118522 0.0192948 0.00401599 0.00330277 0.00247188 0.318707 0.336464 0.0178021 0.0070229 0.0327921 
0.121203 0.00590599 3.49256e-05 0.117025 0.0274069 8.95943e-05 0.157006 0.00424903 0.00934009 0.00292435 0.018613 0.513311 0.00845905 0.000696614 0.0137357 
0.00256509 3.34492e-06 0.000142934 0.161838 0.098208 0.0013821 0.0119764 0.000237397 0.00153201 0.0252455 0.312093 0.312729 0.00348214 0.0685234 4.22239e-05 
0.082982 0.0295277 1.41457e-06 0.141587 0.100836 0.000124691 0.0297145 0.00540315 0.0025565 0.0157238 0.0254684 0.297399 0.0302024 0.166289 0.072184 
0.0261818 0.0303402 0.000379537 0.0954929 0.0145564 0.000579126 0.0242157 0.00777651 0.0242879 0.00522287 0.118895 0.502295 0.123133 0.00391536 0.0227285 
0.0379412 0.000142122 0.000367692 0.104465 0.175139 0.000877919 0.125488 0.000444808 0.0127938 0.00198492 0.210402 0.270873 0.0226343 0.0342226 0.00222416 
0.0224504 0.00331464 2.7085e-05 0.202148 0.0775472 7.86175e-05 0.026231 0.0019306 0.00782118 0.0242245 0.187022 0.327016 0.0777828 0.0244989 0.0179073 
0.00379894 0.00255165 5.51421e-06 0.0504303 0.00436398 0.000116535 0.000397777 0.00129083 0.146317 0.00318581 0.250051 0.486634 0.0492997 0.000503956 0.00105196 
0.0132682 0.0065222 0.000178797 0.090321 0.0197761 0.00017437 0.00192603 0.00834763 0.00164056 0.0060401 0.247824 0.54412 0.0230622 0.0242024 0.0125961 
0.0521867 3.62854e-05 8.84123e-05 0.126589 0.055706 0.000125909 0.0155858 0.000866721 0.0310863 0.0140001 0.181468 0.462161 0.0399885 0.0156045 0.004507 
0.0262232 7.381e-05 0.00240346 0.0937857 0.019256 0.00017443 0.0168469 0.000951641 0.0156539 0.000896203 0.11736 0.363529 0.311607 0.0277467 0.00349251 
0.144439 0.0345772 0.000609001 0.136256 0.0563572 3.35455e-05 0.0458268 0.000823026 0.0374353 0.00320055 0.0489243 0.35733 0.0486017 0.0635486 0.0220374 
0.138074 0.0217353 0.000652272 0.0787544 0.0116847 2.28928e-06 0.0384043 0.00666703 0.0356615 0.00306727 0.0380095 0.550518 0.0193246 0.00296203 0.0544828 
0.00880446 0.00131906 0.00105603 0.208311 0.0267185 0.000685446 0.0228022 0.00134459 0.00339937 0.0115772 0.266844 0.377425 0.0358 0.0287283 0.00518535 
0.0861498 0.00761165 7.15072e-05 0.0552523 0.001948 0.000222268 0.00469702 0.219737 0.0259209 0.000192617 0.0392611 0.508995 0.0239023 0.0108568 0.0151824 
0.0100097 0.00226873 2.72549e-06 0.0813097 0.0348438 2.71242e-05 0.0198643 0.00121293 0.071104 0.0229883 0.0914694 0.61589 0.0343276 0.00261883 0.0120624 
0.00854215 0.0010651 6.38271e-05 0.0573179 0.0240971 0.0133652 0.00350741 0.00322068 0.0080534 0.00511637 0.212464 0.593089 0.0396382 0.0226448 0.00781516 
0.0795242 0.000537062 6.81229e-06 0.0552012 0.0221043 1.98028e-06 0.0303865 0.00183824 0.00242903 0.00106466 0.0629385 0.598502 0.0273003 0.104545 0.0136196 
0.0259751 0.000978695 1.63001e-06 0.155171 0.0657955 8.93552e-05 0.0204746 0.00115631 0.136422 0.00965504 0.00868797 0.510428 0.0459226 0.00266065 0.0165814 
