0.025274 0.0437438 0.216098 0.154433 0.00266336 0.00111602 0.0026008 0.0163965 0.000223242 0.000104978 0.0967137 0.00985735 0.228408 0.0685522 0.133816 
0.0581394 0.0818728 0.119705 0.0183193 0.00291639 0.00394983 0.0034077 0.037577 0.0179891 0.000507917 0.0690272 0.0150302 0.514526 0.0293387 0.027694 
0.0281038 0.0122598 0.126254 0.0454626 0.00446196 0.00916647 0.00546554 0.0487465 0.0324489 0.0240584 0.0925222 0.0102869 0.376056 0.0161572 0.16855 
0.0347765 0.0268944 0.11046 0.0401236 0.00780366 0.00119259 0.0092451 0.0825559 0.0146572 0.000227505 0.106032 0.0647848 0.351086 0.0367028 0.113458 
0.0425051 0.0486542 0.242038 0.05541 0.00658922 0.0059842 0.0203638 0.0561434 0.00367215 1.15602e-05 0.00886269 0.0173913 0.270207 0.0265484 0.195619 
0.0840338 0.0631359 0.0931779 0.0738241 0.00470173 0.00707413 0.00832589 0.025621 0.0183406 6.62088e-05 0.181078 0.0240165 0.252745 0.0289393 0.134921 
0.151559 0.0140177 0.230393 0.0464244 0.00155502 0.00131303 0.0134825 0.122776 0.0139388 0.000169006 0.0701929 0.0146314 0.251604 0.0180555 0.0498866 
0.0993029 0.0161625 0.118803 0.0641149 0.00612815 0.00294961 0.00461805 0.0660754 0.023831 0.00177535 0.0823515 0.0151227 0.377906 0.0388258 0.0820339 
0.0207349 0.0075259 0.210282 0.108637 0.00226021 0.00531061 0.00216901 0.108194 0.116656 0.00229895 0.0564462 0.0161858 0.257235 0.00953992 0.0765241 
0.00869221 0.0416105 0.0622544 0.0636967 0.00325596 0.00885604 0.011608 0.027006 0.109812 0.000381009 0.0795196 0.00899208 0.529402 0.0244995 0.0204135 
0.0166171 0.224171 0.110095 0.0325013 0.00293234 0.00325246 0.019273 0.0324362 0.0374697 0.000110853 0.0893987 0.0224332 0.347242 0.0277548 0.0343122 
0.0524178 0.0978834 0.142476 0.114817 0.00612119 0.00278202 0.0155838 0.0288258 0.0172694 0.000145602 0.120998 0.0071403 0.203841 0.0640069 0.125692 
0.0218979 0.122225 0.0535549 0.015447 0.00101012 0.00121815 0.00377702 0.0465764 0.000231522 2.7633e-05 0.073087 0.00306242 0.544746 0.0141485 0.0989908 
0.0922548 0.0113002 0.131314 0.0476438 0.0288468 0.0049511 0.0924595 0.109988 0.00543336 0.000195913 0.0888604 0.0704467 0.194556 0.0897137 0.0320364 
0.142117 0.0414485 0.181015 0.0543052 0.00111426 0.0368311 0.0232926 0.0592047 0.00909266 6.91314e-05 0.105778 0.0015536 0.273105 0.0146592 0.0564149 
0.02453 0.0349841 0.1008 0.0254192 0.0149885 0.00388041 0.0116962 0.057945 0.0230915 4.91144e-05 0.0766627 0.0505171 0.516551 0.0321028 0.0267816 
0.0479848 0.0203064 0.171914 0.0201733 0.00177428 0.00203922 0.00428456 0.10678 0.0858522 0.000174209 0.0917686 0.00446745 0.392481 0.00631609 0.0436834 
0.0216202 0.0916774 0.247016 0.0622762 0.00224048 0.00177671 0.00613534 0.0486797 0.0196259 0.000319283 0.113392 0.00641685 0.309997 0.0105309 0.0582963 
0.0793816 0.036239 0.0851058 0.164963 0.00336773 0.00930046 0.00889889 0.0367189 0.0745635 3.85089e-05 0.10704 0.012166 0.208136 0.0420081 0.132073 
0.0616814 0.00719794 0.174 0.0198865 0.000851436 0.00289757 0.00941391 0.043023 0.000345516 2.97294e-05 0.0666161 0.00549305 0.371886 0.0136036 0.223074 
0.0294987 0.0174865 0.25047 0.0412532 0.00396253 0.00203892 0.0140165 0.137417 0.129828 0.000348506 0.0422117 0.00595804 0.254874 0.00858728 0.0620493 
0.015473 0.00907981 0.0328046 0.0200027 0.00172835 0.0038666 0.0220001 0.045469 0.0219415 0.000123936 0.0244982 0.0123632 0.755941 0.019733 0.0149745 
0.0506535 0.0118595 0.0406083 0.0134025 0.00413161 0.00199957 0.0442106 0.23106 0.00700847 6.59941e-05 0.0455123 0.0392606 0.441383 0.0212766 0.0475682 
0.0872362 0.0109206 0.0367054 0.11699 0.000239727 0.000357746 0.0130247 0.0721608 0.00813624 0.0507209 0.0372103 0.00271146 0.295597 0.00719972 0.26079 
0.0288587 0.00103448 0.271374 0.0344553 6.9533e-05 0.000195263 0.00139556 0.103632 1.66249e-05 9.3623e-05 0.00792523 0.00122701 0.521433 0.008134 0.0201568 
0.0492979 0.0317353 0.184609 0.175096 0.00123174 0.00164294 0.00367606 0.0561434 0.00288493 5.29524e-05 0.129053 0.00274911 0.23762 0.0104231 0.113785 
0.02453 0.0349841 0.1008 0.0254192 0.0149885 0.00388041 0.0116962 0.057945 0.0230915 4.91144e-05 0.0766627 0.0505171 0.516551 0.0321028 0.0267816 
0.0439628 0.0247103 0.130942 0.0190566 0.00775227 0.00124509 0.0689114 0.0996544 0.134582 1.81464e-05 0.0357663 0.0220295 0.284678 0.0878315 0.0388608 
0.0430269 0.0157726 0.0393504 0.0352004 0.000329067 0.00869252 0.0142155 0.0626104 0.0142802 1.03374e-05 0.0311078 0.00362732 0.440571 0.00819307 0.283012 
0.015473 0.00907981 0.0328046 0.0200027 0.00172835 0.0038666 0.0220001 0.045469 0.0219415 0.000123936 0.0244982 0.0123632 0.755941 0.019733 0.0149745 
0.025182 0.0514874 0.232467 0.0761137 0.00418445 0.00259392 0.00797457 0.0773573 0.082497 1.78148e-05 0.14476 0.00374288 0.235041 0.0138512 0.0427306 
0.0236394 0.0211072 0.0346544 0.0153701 0.0196552 0.000161629 0.00482356 0.0455807 0.2695 7.8368e-05 0.0384419 0.036579 0.463145 0.0205828 0.00668041 
0.0155509 0.043062 0.0220059 0.0498084 0.000232986 0.00171773 0.0302026 0.0176559 0.00947384 0.000109366 0.0591104 0.00433902 0.674089 0.012395 0.0602467 
0.0422371 0.0150624 0.103479 0.0407742 0.00124507 0.000257935 0.005398 0.207681 0.110538 0.000142185 0.0234721 0.00494694 0.422592 0.00927181 0.012903 
0.108088 0.0174544 0.104455 0.06322 0.00734266 0.0158289 0.00879817 0.0281886 0.00633627 9.33006e-05 0.0700253 0.0089615 0.375938 0.0165425 0.168728 
0.036781 0.0147568 0.159262 0.0160433 0.00158153 0.000598105 0.00651988 0.0444618 0.0363734 2.67722e-05 0.0707041 0.00471073 0.525699 0.00419929 0.0782829 
0.0376099 0.0884185 0.141598 0.0620879 0.0043576 0.00637609 0.00947358 0.0543542 0.0150715 0.000796642 0.163691 0.0222765 0.212118 0.0316435 0.150127 
0.0487112 0.0347746 0.179681 0.0629706 0.00130614 0.00223425 0.0407709 0.157941 0.0120027 2.71971e-05 0.050388 0.00655939 0.295767 0.0313754 0.0754908 
0.0362629 0.0517 0.209893 0.0377734 0.00267038 0.00225464 0.01021 0.062661 0.012274 8.42661e-05 0.144961 0.02637 0.325271 0.0219537 0.0556608 
0.0523111 0.044285 0.135799 0.0304726 0.000680214 0.00732576 0.00197596 0.0837213 0.0135526 0.0015485 0.0946609 0.0021513 0.442324 0.00812877 0.0810625 
0.00361823 0.0506656 0.0361309 0.0146403 0.00090782 0.000817196 0.201274 0.267361 0.00907163 7.84427e-07 0.0616902 0.0172655 0.306158 0.00949418 0.0209057 
0.0308703 0.0654701 0.164776 0.0473305 0.00188145 0.0022142 0.0039378 0.0647494 0.0688851 1.95147e-05 0.193949 0.00170829 0.291569 0.0102738 0.0523656 
0.195327 0.0187175 0.0922785 0.0702677 0.00566331 0.00159174 0.0137456 0.0422138 0.00599531 0.00144312 0.0477463 0.0245402 0.313565 0.0114975 0.155408 
0.0338785 0.0350415 0.179206 0.0426486 0.000470262 0.00584208 0.007589 0.0751388 0.0403385 3.32524e-05 0.0624252 0.00225548 0.352996 0.00619199 0.155945 
0.1093 0.00822381 0.105182 0.125679 0.00837753 0.0035422 0.0205602 0.118024 0.0171819 0.000186415 0.132713 0.0535161 0.143124 0.125461 0.0289291 
0.135879 0.013866 0.112934 0.0239358 0.0173238 0.00868972 0.0182681 0.0936695 0.168325 3.42009e-05 0.0304894 0.00670794 0.298197 0.028806 0.0428746 
0.0792416 0.0151081 0.114976 0.0233385 0.00544769 0.00113873 0.0348332 0.196594 0.0148188 0.000332161 0.0876779 0.0156175 0.359425 0.0246525 0.0267989 
0.0187308 0.144134 0.116442 0.0535994 0.00555407 0.00132184 0.00582463 0.0425757 0.0270192 0.000198397 0.0513464 0.0427487 0.360347 0.0211256 0.109031 
0.0319629 0.0454693 0.112928 0.0311427 0.00171059 0.000719205 0.0339917 0.240824 0.0081691 3.79078e-05 0.041445 0.0342734 0.334044 0.042059 0.0412232 
0.0236394 0.0211072 0.0346544 0.0153701 0.0196552 0.000161629 0.00482356 0.0455807 0.2695 7.8368e-05 0.0384419 0.036579 0.463145 0.0205828 0.00668041 
0.0229667 0.0269239 0.257702 0.064143 0.00734048 0.0010412 0.00781006 0.0420452 0.00659259 0.00064271 0.0976428 0.0443209 0.359717 0.0306739 0.0304377 
0.0669417 0.028421 0.130276 0.0176645 0.00787636 0.00226361 0.0100018 0.126955 0.0225511 1.80907e-05 0.0771207 0.0558221 0.395532 0.0377255 0.0208298 
0.0236394 0.0211072 0.0346544 0.0153701 0.0196552 0.000161629 0.00482356 0.0455807 0.2695 7.8368e-05 0.0384419 0.036579 0.463145 0.0205828 0.00668041 
0.036781 0.0147568 0.159262 0.0160433 0.00158153 0.000598105 0.00651988 0.0444618 0.0363734 2.67722e-05 0.0707041 0.00471073 0.525699 0.00419929 0.0782829 
0.0700318 0.0201789 0.117249 0.138931 0.0044285 0.00077962 0.0154417 0.0648505 0.0191676 2.10084e-05 0.0397295 0.0236518 0.407359 0.0196838 0.0584965 
0.018245 0.0149281 0.0808347 0.0426707 0.0135353 0.000734289 0.0252936 0.211708 0.0761972 0.000123704 0.0554663 0.0395301 0.355905 0.0339509 0.0308776 
0.0301148 0.0169661 0.0877725 0.0176586 0.00168753 0.000522927 0.22144 0.230019 0.0200491 5.81493e-05 0.0471654 0.00755111 0.263737 0.0158386 0.0394191 
0.0111854 0.0583549 0.107612 0.067499 0.000607497 0.0063274 0.0224622 0.016605 0.0474399 4.61374e-05 0.0720497 0.0103308 0.411513 0.00748682 0.16048 
0.0353596 0.0729624 0.132477 0.0427924 0.000482729 0.0166382 0.00738403 0.0551166 0.00591978 0.000490402 0.102901 0.0124112 0.359753 0.0104644 0.144847 
0.0832503 0.0135622 0.138722 0.0229577 0.0143315 0.000568652 0.0199418 0.139411 0.0126876 0.000110857 0.0586002 0.00916902 0.230191 0.0311117 0.225385 
0.015473 0.00907981 0.0328046 0.0200027 0.00172835 0.0038666 0.0220001 0.045469 0.0219415 0.000123936 0.0244982 0.0123632 0.755941 0.019733 0.0149745 
0.0439628 0.0247103 0.130942 0.0190566 0.00775227 0.00124509 0.0689114 0.0996544 0.134582 1.81464e-05 0.0357663 0.0220295 0.284678 0.0878315 0.0388608 
0.126944 0.0230864 0.192205 0.0595044 0.0053221 0.000258801 0.00162602 0.0916032 0.00890755 4.32765e-05 0.045179 0.0246158 0.341688 0.0293232 0.0496944 
0.0236394 0.0211072 0.0346544 0.0153701 0.0196552 0.000161629 0.00482356 0.0455807 0.2695 7.8368e-05 0.0384419 0.036579 0.463145 0.0205828 0.00668041 
0.111719 3.49644e-06 5.0214e-07 0.0147904 0.149054 1.31368e-05 0.0409754 0.0126753 0.0275626 0.00145352 0.0362084 1.82788e-06 0.528303 1.43745e-06 0.0772377 
0.0194462 0.0365939 0.13302 0.104495 0.0282968 0.00243345 0.0125396 0.182514 0.0124798 0.000249429 0.0360065 0.00926505 0.390746 0.0102696 0.021645 
0.0798708 0.0620021 0.145973 0.0479939 0.00489459 0.0806025 0.0102032 0.0453868 0.00139851 0.00663953 0.105366 0.0379456 0.1712 0.0624343 0.13809 
0.0878642 0.0861261 0.159934 0.0529512 0.00828773 0.000778252 0.004947 0.0505174 0.0388399 0.000246037 0.150855 0.00983031 0.230397 0.0342341 0.0841916 
0.0236029 0.0129361 0.0876665 0.0202624 0.00200559 0.00247177 0.0144656 0.0423348 0.0368842 0.000124508 0.0405978 0.00962751 0.649202 0.0130587 0.0447598 
0.0236394 0.0211072 0.0346544 0.0153701 0.0196552 0.000161629 0.00482356 0.0455807 0.2695 7.8368e-05 0.0384419 0.036579 0.463145 0.0205828 0.00668041 
0.032046 0.0517727 0.073869 0.165197 0.00112926 0.022799 0.00508099 0.0111071 0.00954983 0.000126002 0.143729 0.00293578 0.346226 0.0139525 0.12048 
0.0716129 0.053549 0.116665 0.0368003 0.00464133 0.00351365 0.00685989 0.127612 0.0556237 0.000299973 0.123249 0.020455 0.295965 0.0432698 0.0398847 
0.015473 0.00907981 0.0328046 0.0200027 0.00172835 0.0038666 0.0220001 0.045469 0.0219415 0.000123936 0.0244982 0.0123632 0.755941 0.019733 0.0149745 
0.0101617 0.0994158 0.170723 0.0666055 0.000625784 0.00188003 0.00355094 0.0197946 0.00702894 0.000287267 0.139808 0.00113442 0.430638 0.00359939 0.0447465 
0.0491154 0.0195416 0.126623 0.0265398 0.000741008 0.000403068 0.0084274 0.171442 0.0809069 4.93523e-05 0.0362209 0.00176882 0.43413 0.0153447 0.0287457 
0.063248 0.012413 0.164578 0.0181561 0.00311731 0.00847835 0.00204128 0.231421 0.00920544 0.000246161 0.0666038 0.00969409 0.328093 0.0197886 0.0629152 
0.0521385 0.0172037 0.149966 0.0274308 0.00591078 0.00509213 0.0212637 0.229075 0.00264165 2.74318e-05 0.0461985 0.0104551 0.251149 0.0667486 0.1147 
0.0439628 0.0247103 0.130942 0.0190566 0.00775227 0.00124509 0.0689114 0.0996544 0.134582 1.81464e-05 0.0357663 0.0220295 0.284678 0.0878315 0.0388608 
0.0236394 0.0211072 0.0346544 0.0153701 0.0196552 0.000161629 0.00482356 0.0455807 0.2695 7.8368e-05 0.0384419 0.036579 0.463145 0.0205828 0.00668041 
0.0155842 0.0614579 0.0692563 0.0953771 0.000393464 0.00410882 0.0338464 0.0198021 0.0222008 1.69482e-05 0.0763339 0.0036608 0.393959 0.00870864 0.195293 
0.0403734 0.112937 0.0884614 0.0231053 0.00112855 0.0018082 0.00744409 0.0500702 0.0827538 1.10904e-05 0.0640715 0.00661469 0.330841 0.0506334 0.139746 
0.0632003 0.0638613 0.12034 0.0713761 0.00585032 0.00415594 0.023115 0.0345 0.00898148 1.33758e-05 0.149585 0.0189254 0.251888 0.0987709 0.0854371 
0.0445697 0.0413388 0.1775 0.0162467 0.00116197 0.0447404 0.00697395 0.2054 0.0734241 5.46687e-05 0.0623821 0.0106309 0.220093 0.00907742 0.0864054 
0.0783767 0.0199087 0.224807 0.0228121 0.0195645 0.00254446 0.00656079 0.0818108 0.0184373 7.39967e-05 0.0533297 0.00250447 0.371244 0.0235219 0.0745037 
0.0901534 0.0266691 0.196635 0.034359 0.00555962 0.00194896 0.00854771 0.0859454 0.0128645 2.52333e-05 0.168371 0.0311149 0.233776 0.0283227 0.075708 
0.0379493 0.0350696 0.1203 0.0244509 0.0003395 0.00146675 0.00497525 0.11661 0.0316202 0.000259157 0.0897218 0.0217903 0.403897 0.00475754 0.106793 
0.0669417 0.028421 0.130276 0.0176645 0.00787636 0.00226361 0.0100018 0.126955 0.0225511 1.80907e-05 0.0771207 0.0558221 0.395532 0.0377255 0.0208298 
0.0403734 0.112937 0.0884614 0.0231053 0.00112855 0.0018082 0.00744409 0.0500702 0.0827538 1.10904e-05 0.0640715 0.00661469 0.330841 0.0506334 0.139746 
0.02453 0.0349841 0.1008 0.0254192 0.0149885 0.00388041 0.0116962 0.057945 0.0230915 4.91144e-05 0.0766627 0.0505171 0.516551 0.0321028 0.0267816 
0.0236394 0.0211072 0.0346544 0.0153701 0.0196552 0.000161629 0.00482356 0.0455807 0.2695 7.8368e-05 0.0384419 0.036579 0.463145 0.0205828 0.00668041 
0.0255514 0.00131561 0.0519793 0.0265516 0.000294691 0.000145709 0.0047155 0.000477998 0.000279344 0.00384629 0.00681317 0.00102087 0.841744 0.00567241 0.0295922 
0.0659533 0.0427731 0.15562 0.0319715 0.00354266 0.00303145 0.0404717 0.153544 0.00551126 0.00328567 0.0620104 0.0107062 0.318677 0.0275135 0.0753881 
0.0218979 0.122225 0.0535549 0.015447 0.00101012 0.00121815 0.00377702 0.0465764 0.000231522 2.7633e-05 0.073087 0.00306242 0.544746 0.0141485 0.0989908 
0.0992031 0.186359 0.177321 0.0139128 0.0274284 0.00366956 0.00571568 0.159286 0.00350899 7.06918e-05 0.0433213 0.00411356 0.21155 0.0414489 0.0230905 
0.0256556 0.0256446 0.0991229 0.0332685 0.000385922 0.000879624 0.00402729 0.168144 0.0266247 3.3969e-05 0.0576975 0.00147861 0.492968 0.00624793 0.0578211 
0.015473 0.00907981 0.0328046 0.0200027 0.00172835 0.0038666 0.0220001 0.045469 0.0219415 0.000123936 0.0244982 0.0123632 0.755941 0.019733 0.0149745 
0.0135064 0.0356855 0.044093 0.0268473 0.00151619 0.0050406 0.0252792 0.0213534 0.0859338 1.10411e-05 0.0367739 0.00397575 0.444532 0.00264099 0.252811 
0.0500341 0.0290316 0.139331 0.0359304 0.0022627 0.0329202 0.017758 0.193757 0.0136799 0.00011399 0.0309342 0.00786621 0.399089 0.0197858 0.0275065 
0.123493 0.0437246 0.159797 0.0237325 0.00134101 0.0293445 0.0129713 0.212158 0.00262636 5.67334e-05 0.0220879 0.00125127 0.333216 0.00699309 0.0272073 
0.047408 0.0296755 0.139574 0.113235 0.005282 0.00361825 0.0385486 0.102482 0.00996912 2.57319e-05 0.108915 0.0558033 0.214647 0.0540635 0.0767523 
0.0360313 0.192811 0.210574 0.0389933 0.00838156 0.00143139 0.0184944 0.0579708 0.0118533 0.000536134 0.106015 0.0313278 0.210577 0.0350007 0.0400025 
0.0525558 0.0154586 0.17036 0.044709 0.00557472 0.0121197 0.015006 0.129437 0.0146756 0.000463267 0.0676455 0.0204653 0.37794 0.0307706 0.0428185 
0.0597085 0.0295463 0.150148 0.0313193 0.00211742 0.00238938 0.00820653 0.241974 0.0316763 0.000608969 0.0433556 0.00422488 0.321885 0.0215542 0.0512856 
0.02453 0.0349841 0.1008 0.0254192 0.0149885 0.00388041 0.0116962 0.057945 0.0230915 4.91144e-05 0.0766627 0.0505171 0.516551 0.0321028 0.0267816 
0.0378528 0.0733338 0.243426 0.0176466 0.012114 0.00511186 0.00530849 0.0447969 0.0201454 0.000161336 0.10745 0.0354923 0.304 0.0536052 0.0395558 
0.015473 0.00907981 0.0328046 0.0200027 0.00172835 0.0038666 0.0220001 0.045469 0.0219415 0.000123936 0.0244982 0.0123632 0.755941 0.019733 0.0149745 
0.0152196 0.0164537 0.0545795 0.0123619 0.0025883 0.00123978 0.0344763 0.0231577 0.00378944 2.09708e-05 0.0320205 0.0282143 0.64861 0.101407 0.0258611 
0.0777091 0.0841002 0.134715 0.0296962 0.00365844 0.00719594 0.0201828 0.0180184 0.0412624 1.0279e-05 0.0684252 0.00393831 0.296079 0.0192562 0.195752 
0.0694544 0.0570172 0.0760641 0.0319784 0.0268657 0.00142119 0.00884781 0.214719 0.0494781 9.34334e-06 0.0990604 0.0105532 0.217093 0.0475626 0.0898746 
0.0669417 0.028421 0.130276 0.0176645 0.00787636 0.00226361 0.0100018 0.126955 0.0225511 1.80907e-05 0.0771207 0.0558221 0.395532 0.0377255 0.0208298 
0.107706 0.0121699 0.117027 0.0407153 0.000532739 0.00432557 0.0209494 0.247827 0.00532637 4.66749e-05 0.0734884 0.00137559 0.275249 0.0203468 0.0729141 
0.0506535 0.0118595 0.0406083 0.0134025 0.00413161 0.00199957 0.0442106 0.23106 0.00700847 6.59941e-05 0.0455123 0.0392606 0.441383 0.0212766 0.0475682 
0.0516696 0.00826946 0.122811 0.0194425 0.0838323 0.0100257 0.00709559 0.0342348 0.0272891 0.000481913 0.108785 0.0293314 0.306279 0.0474706 0.142983 
0.135879 0.013866 0.112934 0.0239358 0.0173238 0.00868972 0.0182681 0.0936695 0.168325 3.42009e-05 0.0304894 0.00670794 0.298197 0.028806 0.0428746 
0.221602 0.00748014 0.0486467 0.00504354 0.00200734 0.0110516 0.00141206 0.162866 0.00518423 0.000251431 0.0323527 0.00504705 0.441629 0.0166469 0.0387798 
0.015473 0.00907981 0.0328046 0.0200027 0.00172835 0.0038666 0.0220001 0.045469 0.0219415 0.000123936 0.0244982 0.0123632 0.755941 0.019733 0.0149745 
0.0508196 0.0109022 0.0836018 0.0187196 0.199445 0.00237755 0.0117708 0.0649092 0.0138499 0.000231587 0.0760034 0.117852 0.279174 0.0428857 0.0274565 
0.0379338 0.0212919 0.0244619 0.0897137 0.00220869 0.00102046 0.043599 0.005804 0.000271956 5.01999e-06 0.047782 0.00309832 0.372651 0.0357413 0.314417 
0.0501588 0.0215011 0.186123 0.0233359 0.00641683 0.00174864 0.0385174 0.114497 0.0124599 0.000103738 0.029486 0.0505306 0.24289 0.0290241 0.193208 
0.015473 0.00907981 0.0328046 0.0200027 0.00172835 0.0038666 0.0220001 0.045469 0.0219415 0.000123936 0.0244982 0.0123632 0.755941 0.019733 0.0149745 
0.0896174 0.0139388 0.125384 0.0207706 0.000191889 0.0354557 0.0286223 0.150885 0.0243619 1.57093e-05 0.0335682 0.00118867 0.367753 0.0380492 0.0701981 
0.077029 0.0418499 0.136086 0.0329115 0.000668474 0.000658305 0.00543715 0.0239201 0.00980167 3.32319e-05 0.0889903 0.0072131 0.421091 0.043967 0.110343 
0.063248 0.012413 0.164578 0.0181561 0.00311731 0.00847835 0.00204128 0.231421 0.00920544 0.000246161 0.0666038 0.00969409 0.328093 0.0197886 0.0629152 
0.0444013 0.0928157 0.149329 0.0318206 0.000771095 0.00321814 0.0480771 0.146776 0.0287491 0.000115043 0.0516124 0.00380427 0.359258 0.019633 0.0196194 
0.0551166 0.0335474 0.179974 0.0390615 0.0672946 0.00495433 0.0612909 0.0679938 0.00461795 9.02631e-05 0.044124 0.0173309 0.192282 0.055247 0.177075 
0.0875799 0.0355671 0.107214 0.0729319 0.00143871 0.0199009 0.00716686 0.141125 0.0127513 0.000405876 0.111689 0.0371733 0.227422 0.025167 0.112465 
0.0397926 0.00476222 0.192766 0.0348963 0.0055252 0.00275222 0.00532681 0.0221734 0.0143166 0.00024908 0.218561 0.016144 0.260688 0.0316146 0.150432 
0.015473 0.00907981 0.0328046 0.0200027 0.00172835 0.0038666 0.0220001 0.045469 0.0219415 0.000123936 0.0244982 0.0123632 0.755941 0.019733 0.0149745 
0.105713 0.0386555 0.180941 0.0227796 0.00633217 0.0487153 0.0133591 0.07584 0.0402792 7.29133e-06 0.0354735 0.0246034 0.276637 0.0370856 0.0935779 
0.02453 0.0349841 0.1008 0.0254192 0.0149885 0.00388041 0.0116962 0.057945 0.0230915 4.91144e-05 0.0766627 0.0505171 0.516551 0.0321028 0.0267816 
0.0228087 0.00192641 0.0820451 0.0311611 0.00678281 5.06002e-05 0.00960087 0.322702 0.0388753 0.000508529 0.0332202 0.0297815 0.379401 0.00926418 0.0318723 
0.0661298 0.00545171 0.0776959 0.0317724 0.0111427 0.00325857 0.02206 0.111526 0.00582228 0.000687398 0.0349396 0.00893734 0.34478 0.0348004 0.240996 
0.0563676 0.0442004 0.153011 0.0267573 0.00895794 0.0029407 0.0105438 0.188177 0.0621392 0.000132953 0.0710997 0.0330667 0.243605 0.0649141 0.0340861 
0.0104035 0.0149291 0.0596737 0.0165263 0.00170155 0.00271222 0.0128154 0.0263826 0.0338353 0.000398463 0.0183601 0.00811596 0.753763 0.0119881 0.0283943 
0.0669417 0.028421 0.130276 0.0176645 0.00787636 0.00226361 0.0100018 0.126955 0.0225511 1.80907e-05 0.0771207 0.0558221 0.395532 0.0377255 0.0208298 
0.0253995 0.0205822 0.0907144 0.110679 0.00254631 0.000382499 0.0192875 0.242077 0.0499267 0.00124636 0.0222872 0.0101459 0.309645 0.0119403 0.0831394 
0.0570851 0.023116 0.0578088 0.021019 0.00191002 0.00541548 0.0117754 0.0464057 0.0196524 0.138352 0.0573116 0.018989 0.472625 0.0234617 0.045073 
0.0782748 0.0245348 0.154267 0.0304928 0.000825035 0.000471173 0.0710523 0.212623 0.00901347 0.00095512 0.0469242 0.0158953 0.245878 0.0274157 0.0813769 
0.0283624 0.0239028 0.100054 0.0264274 0.00509535 0.0164956 0.00534694 0.262583 0.0132539 7.35406e-05 0.0122386 0.00835273 0.394147 0.0216999 0.0819659 
0.096424 0.00232704 0.188673 0.0813615 0.00409778 0.00727889 0.00231069 0.0718761 0.00102482 0.00166588 0.0558785 0.00748638 0.249218 0.0216272 0.20875 
0.0669417 0.028421 0.130276 0.0176645 0.00787636 0.00226361 0.0100018 0.126955 0.0225511 1.80907e-05 0.0771207 0.0558221 0.395532 0.0377255 0.0208298 
0.0271594 0.0661665 0.17283 0.0767076 0.00335897 0.00222558 0.0398941 0.192356 0.0222321 2.13771e-05 0.0688028 0.0277749 0.192992 0.0272626 0.0802158 
0.0834837 0.017019 0.146494 0.0289688 0.000502913 0.000535698 0.00159853 0.140061 0.154172 8.76904e-05 0.0192376 0.0020923 0.324924 0.0345278 0.0462949 
0.061643 0.0263768 0.119676 0.0250683 0.00649795 0.00563225 0.0198902 0.239738 0.0202736 2.35405e-05 0.0175959 0.0365523 0.293872 0.0447924 0.0823679 
0.0197193 0.23701 0.0631746 0.0284628 0.00180329 0.00403109 0.0160294 0.0335514 0.0252246 0.000123265 0.0917405 0.0132932 0.403936 0.0269113 0.0349886 
0.0715136 0.0457003 0.088922 0.0611166 0.00405708 0.00498464 0.0208729 0.0676051 0.0215868 7.60053e-05 0.104366 0.0108318 0.323202 0.102817 0.0723478 
0.0506535 0.0118595 0.0406083 0.0134025 0.00413161 0.00199957 0.0442106 0.23106 0.00700847 6.59941e-05 0.0455123 0.0392606 0.441383 0.0212766 0.0475682 
0.0391307 0.00302787 0.149572 0.0369474 0.00563847 0.00123353 0.00338122 0.0250031 2.79093e-05 0.000100253 0.242446 0.0132526 0.271364 0.133182 0.0756929 
0.0220865 0.0112156 0.107547 0.0124081 0.000331666 0.000431915 0.00376306 0.303857 0.0158101 0.000602144 0.0114683 0.0134348 0.39449 0.0139819 0.0885724 
0.0236394 0.0211072 0.0346544 0.0153701 0.0196552 0.000161629 0.00482356 0.0455807 0.2695 7.8368e-05 0.0384419 0.036579 0.463145 0.0205828 0.00668041 
0.0248061 0.0717995 0.0593316 0.086238 0.00145299 0.000379286 0.234433 0.0683707 0.00583059 0.0025418 0.0552885 0.021979 0.241612 0.0596462 0.0662903 
0.035545 0.0253883 0.10404 0.104059 0.00105486 0.0107605 0.00974307 0.0145388 0.03215 2.01377e-05 0.1625 0.0129467 0.24981 0.0169608 0.220481 
0.036781 0.0147568 0.159262 0.0160433 0.00158153 0.000598105 0.00651988 0.0444618 0.0363734 2.67722e-05 0.0707041 0.00471073 0.525699 0.00419929 0.0782829 
0.0196497 0.0159434 0.0608736 0.00688328 0.00127092 0.000412424 0.0409604 0.265008 0.210185 1.08509e-05 0.0267398 0.00886315 0.283892 0.0380013 0.0213057 
0.0239632 0.0222261 0.0942203 0.0204678 0.000260907 0.00592519 0.0153977 0.0309767 0.0369891 0.000191387 0.0506391 0.0158507 0.401932 0.00445694 0.276503 
0.0300373 0.0623313 0.230126 0.0296707 0.0021764 0.00228083 0.0153198 0.0303637 0.0443529 0.000109873 0.225677 0.00825818 0.238584 0.0299374 0.050774 
0.143264 0.0478327 0.183526 0.0370421 0.00422714 0.0147316 0.0292517 0.161683 0.0383828 0.000168287 0.0553049 0.0104155 0.219706 0.0254214 0.0290442 
0.0466033 0.0814667 0.164005 0.0537981 0.000982617 0.0194273 0.00728568 0.0668102 0.0199026 3.80922e-05 0.139734 0.0146398 0.256937 0.0138641 0.114506 
0.0567356 0.0876493 0.170574 0.0411273 0.000760275 0.00178856 0.0560431 0.0330486 0.0178405 0.000152785 0.223186 0.0175541 0.225317 0.0249308 0.0432917 
0.0620469 0.0515466 0.165677 0.0276365 0.000619076 0.00146378 0.00495466 0.247394 0.0771266 0.000839982 0.054803 0.014084 0.254405 0.0124917 0.0249111 
0.02453 0.0349841 0.1008 0.0254192 0.0149885 0.00388041 0.0116962 0.057945 0.0230915 4.91144e-05 0.0766627 0.0505171 0.516551 0.0321028 0.0267816 
0.0343639 0.0262977 0.144434 0.113061 0.0693418 0.00333377 0.0219999 0.0505506 0.0975507 0.00012429 0.0951782 0.0690026 0.163121 0.0563124 0.0553283 
0.0445697 0.0413388 0.1775 0.0162467 0.00116197 0.0447404 0.00697395 0.2054 0.0734241 5.46687e-05 0.0623821 0.0106309 0.220093 0.00907742 0.0864054 
0.061672 0.0294973 0.0821062 0.0479394 0.00131317 0.0242276 0.00301363 0.0325132 0.00149655 0.0105318 0.116961 0.0259014 0.309028 0.0512151 0.202584 
0.0333512 0.0311859 0.167667 0.0593434 0.00136058 0.0037742 0.00646295 0.0838604 0.0290624 4.25054e-05 0.092316 0.00246485 0.344495 0.00731568 0.137298 
0.0669417 0.028421 0.130276 0.0176645 0.00787636 0.00226361 0.0100018 0.126955 0.0225511 1.80907e-05 0.0771207 0.0558221 0.395532 0.0377255 0.0208298 
0.0283624 0.0239028 0.100054 0.0264274 0.00509535 0.0164956 0.00534694 0.262583 0.0132539 7.35406e-05 0.0122386 0.00835273 0.394147 0.0216999 0.0819659 
0.073716 0.036714 0.116604 0.0338268 0.00659911 0.000916468 0.00507101 0.0114421 0.00322382 0.000211524 0.0659777 0.00962952 0.436029 0.0378961 0.162143 
0.015473 0.00907981 0.0328046 0.0200027 0.00172835 0.0038666 0.0220001 0.045469 0.0219415 0.000123936 0.0244982 0.0123632 0.755941 0.019733 0.0149745 
0.0499964 0.0420325 0.0447115 0.0434585 0.00697144 0.00265531 0.00681033 0.0296268 0.0146648 7.50755e-06 0.0373481 0.00714235 0.46991 0.0132919 0.231373 
0.0484223 0.0307137 0.159592 0.0585261 0.00394957 0.00129479 0.101631 0.0620613 0.00977525 0.000187609 0.1087 0.0174524 0.281388 0.0427222 0.0735836 
0.0228896 0.0596816 0.111021 0.10567 0.000720897 0.00206689 0.0361259 0.041829 0.0045043 2.05111e-06 0.0699437 0.00313899 0.305862 0.0113529 0.225192 
0.117011 0.0112519 0.150157 0.0570057 0.0147909 0.00606095 0.00775165 0.130917 0.0120018 0.000298738 0.177153 0.0279207 0.215479 0.0420276 0.0301729 
0.0992265 0.0334629 0.236134 0.0328471 0.000861979 0.00100149 0.006057 0.091295 0.032929 0.00011264 0.0927556 0.0043895 0.300685 0.0275737 0.0406684 
0.0294987 0.0174865 0.25047 0.0412532 0.00396253 0.00203892 0.0140165 0.137417 0.129828 0.000348506 0.0422117 0.00595804 0.254874 0.00858728 0.0620493 
0.0490612 0.0396078 0.159219 0.0678447 0.00273908 0.0722152 0.0436098 0.0220138 0.0204799 5.23234e-06 0.0494157 0.00385529 0.266012 0.027776 0.176145 
0.0581394 0.0818728 0.119705 0.0183193 0.00291639 0.00394983 0.0034077 0.037577 0.0179891 0.000507917 0.0690272 0.0150302 0.514526 0.0293387 0.027694 
0.0803781 0.00248239 0.104708 0.0106185 0.00217877 0.000720604 0.00867701 0.252177 0.0716288 6.84516e-06 0.0601418 0.00848622 0.29026 0.0137098 0.0938265 
0.0573236 0.00482445 0.10718 0.0748963 0.000767722 0.00596621 0.00146155 0.0762212 0.0170793 0.0153413 0.0505877 0.0178611 0.424045 0.0189232 0.127521 
0.0445697 0.0413388 0.1775 0.0162467 0.00116197 0.0447404 0.00697395 0.2054 0.0734241 5.46687e-05 0.0623821 0.0106309 0.220093 0.00907742 0.0864054 
0.0708419 0.019096 0.121023 0.0613737 0.00118623 0.00187292 0.0142944 0.0481752 0.0203064 2.16006e-05 0.0833847 0.0125773 0.337867 0.0379022 0.170077 
0.0902464 0.0346551 0.169126 0.0164496 0.00664557 0.0291857 0.00534934 0.0967494 0.0574067 0.000319411 0.0537855 0.00619569 0.380992 0.0216264 0.031267 
0.015473 0.00907981 0.0328046 0.0200027 0.00172835 0.0038666 0.0220001 0.045469 0.0219415 0.000123936 0.0244982 0.0123632 0.755941 0.019733 0.0149745 
0.149644 0.0922879 0.0905147 0.0420124 0.0103988 0.00242612 0.0125496 0.0468938 0.00979009 0.000149584 0.113588 0.0132517 0.222871 0.0424915 0.151131 
0.215454 0.00406013 0.10716 0.0318915 0.0129122 0.000705244 0.00685101 0.101228 0.00341947 5.04561e-05 0.0333057 0.00994749 0.255616 0.0307908 0.186608 
0.0673482 0.0348188 0.169933 0.0191605 0.00788194 0.00139266 0.0244933 0.165777 0.0151104 7.24596e-05 0.0465809 0.0510706 0.291795 0.0541063 0.0504587 
0.105152 0.0518636 0.166926 0.0278847 0.00416482 0.0895781 0.0471858 0.0237392 0.00797758 1.41907e-06 0.0624233 0.0289901 0.230715 0.0301428 0.123255 
0.0974606 0.018152 0.0226626 0.0594536 0.00311832 0.0217937 0.00386413 0.135202 0.00733149 1.85595e-05 0.0477179 0.0118725 0.277429 0.0425401 0.251383 
0.0518973 0.00901686 0.096863 0.0457689 0.0109054 0.00110302 0.005314 0.0164232 0.0141123 9.20663e-05 0.0413785 0.0382661 0.418168 0.0310316 0.219659 
0.0510789 0.0309109 0.130826 0.0202532 0.00747428 0.00124934 0.0739368 0.127494 0.0294294 1.83e-05 0.0314144 0.0237041 0.343216 0.0889551 0.0400395 
0.221602 0.00748014 0.0486467 0.00504354 0.00200734 0.0110516 0.00141206 0.162866 0.00518423 0.000251431 0.0323527 0.00504705 0.441629 0.0166469 0.0387798 
0.036781 0.0147568 0.159262 0.0160433 0.00158153 0.000598105 0.00651988 0.0444618 0.0363734 2.67722e-05 0.0707041 0.00471073 0.525699 0.00419929 0.0782829 
0.0214733 0.0360105 0.0476266 0.0235086 0.0222846 0.00968321 0.017802 0.0224163 0.0348991 7.53765e-07 0.097909 0.0990025 0.446947 0.104073 0.016363 
0.0518745 0.0433904 0.161752 0.0596525 0.00735778 0.00236781 0.0282973 0.177542 0.0164603 0.000865181 0.102308 0.0129684 0.225697 0.0378344 0.0716323 
0.087588 0.054303 0.179359 0.035756 0.0192184 0.00326049 0.00807839 0.188089 0.0622184 0.000185963 0.0506372 0.00474311 0.189279 0.0572335 0.0600508 
0.186786 0.011688 0.100515 0.0541267 0.00239956 0.000341786 0.0049697 0.0770659 0.0185758 3.80829e-05 0.0309041 0.00616778 0.3282 0.0244581 0.153764 
0.0439628 0.0247103 0.130942 0.0190566 0.00775227 0.00124509 0.0689114 0.0996544 0.134582 1.81464e-05 0.0357663 0.0220295 0.284678 0.0878315 0.0388608 
0.0335694 0.0136841 0.263652 0.0354939 0.00138218 0.00124412 0.0217088 0.110464 0.0161498 1.0006e-05 0.0313555 0.0204247 0.330784 0.0462807 0.0737972 
0.0491127 0.00571063 0.167533 0.0160781 0.00593424 0.0130595 0.0246133 0.229203 0.0652016 5.63506e-05 0.0443033 0.0177745 0.263651 0.0344885 0.0632808 
0.221602 0.00748014 0.0486467 0.00504354 0.00200734 0.0110516 0.00141206 0.162866 0.00518423 0.000251431 0.0323527 0.00504705 0.441629 0.0166469 0.0387798 
0.0305512 0.0939729 0.189674 0.114539 0.00121509 0.00458006 0.00395635 0.0344094 0.00771106 0.000903953 0.0845301 0.00514338 0.23918 0.019393 0.17024 
0.0202664 0.138247 0.211855 0.0375232 0.00380155 0.00324732 0.019809 0.0550926 0.0528103 0.000112054 0.161079 0.00588315 0.222347 0.0187778 0.0491484 
1.36589e-05 1.36572e-05 1.36592e-05 0.0478187 1.36565e-05 1.36506e-05 1.3656e-05 0.0164044 1.36577e-05 1.36498e-05 1.36591e-05 1.36583e-05 0.935613 1.36586e-05 1.36587e-05 
0.0380343 0.0119035 0.0837612 0.0186068 0.00162029 0.000786068 0.00491731 0.0888996 0.0305976 0.00303781 0.0137381 0.0147321 0.65301 0.00822444 0.0281308 
0.063248 0.012413 0.164578 0.0181561 0.00311731 0.00847835 0.00204128 0.231421 0.00920544 0.000246161 0.0666038 0.00969409 0.328093 0.0197886 0.0629152 
0.0387897 0.0175935 0.156531 0.182743 0.0256844 0.000807328 0.00455386 0.0710226 0.00898961 9.41379e-05 0.13352 0.0115805 0.225276 0.0275757 0.0952386 
0.0461354 0.0231366 0.0857278 0.0475862 0.00137634 0.00275921 0.0115759 0.0173089 0.0242348 0.000230237 0.0497574 0.00984533 0.451768 0.011289 0.217269 
0.0309283 0.011456 0.0699071 0.0833748 0.000419477 0.046182 0.00266944 0.0602416 0.0836827 0.000201033 0.0183333 0.0013618 0.512793 0.00968177 0.0687681 
0.00596189 0.00750224 0.0422468 0.0985758 8.55937e-05 0.0151273 0.0022349 0.00655062 0.0218372 8.70963e-07 0.0455256 0.000304353 0.572317 0.00133332 0.180396 
0.0872362 0.0109206 0.0367054 0.11699 0.000239727 0.000357746 0.0130247 0.0721608 0.00813624 0.0507209 0.0372103 0.00271146 0.295597 0.00719972 0.26079 
0.0574924 0.0405607 0.245788 0.0352748 0.00171776 0.00327334 0.00415926 0.0274981 0.0695304 8.72505e-07 0.137032 0.00583867 0.263623 0.00757594 0.100634 
0.0487376 0.135277 0.139092 0.0347615 0.000281407 0.000475426 0.00088525 0.0817765 0.0227786 1.5567e-05 0.0867921 0.0130825 0.279037 0.014662 0.142345 
0.0219985 0.0964482 0.208749 0.109567 0.000291388 0.00664318 0.00428128 0.0170564 0.00439589 0.000418313 0.0591914 0.00291495 0.316279 0.00351264 0.148254 
0.0333306 0.00921277 0.121407 0.0588938 0.000246825 0.00177998 0.0104295 0.0757565 0.0283887 0.00156754 0.0271554 0.00138194 0.547641 0.0174304 0.0653774 
0.0527143 0.016935 0.102555 0.0616153 0.00146149 0.043789 0.147396 0.186658 0.0106079 0.00052346 0.0424548 0.017393 0.201572 0.0704297 0.0438954 
0.0201316 0.0522721 0.231805 0.0656263 0.00339869 0.00319876 0.00690701 0.0912423 0.105868 0.000172094 0.113486 0.00603501 0.245836 0.00965312 0.0443681 
0.0291703 0.0420817 0.108641 0.104806 0.00177887 0.00976213 0.0022941 0.0528124 0.00441483 0.00837692 0.0643662 0.00746914 0.511785 0.0196028 0.0326393 
0.0355939 0.00882987 0.0967218 0.0378651 0.00494352 0.000468331 0.00856268 0.183973 0.00529499 0.000863054 0.0266928 0.0105187 0.505618 0.0667977 0.00725632 
0.0305512 0.0939729 0.189674 0.114539 0.00121509 0.00458006 0.00395635 0.0344094 0.00771106 0.000903953 0.0845301 0.00514338 0.23918 0.019393 0.17024 
0.02453 0.0349841 0.1008 0.0254192 0.0149885 0.00388041 0.0116962 0.057945 0.0230915 4.91144e-05 0.0766627 0.0505171 0.516551 0.0321028 0.0267816 
0.0504079 0.0185689 0.218676 0.0323881 0.00273017 0.00239008 0.0137475 0.164366 0.0221176 0.000490136 0.0607435 0.00642539 0.330994 0.0104517 0.0655033 
0.02453 0.0349841 0.1008 0.0254192 0.0149885 0.00388041 0.0116962 0.057945 0.0230915 4.91144e-05 0.0766627 0.0505171 0.516551 0.0321028 0.0267816 
0.0196497 0.0159434 0.0608736 0.00688328 0.00127092 0.000412424 0.0409604 0.265008 0.210185 1.08509e-05 0.0267398 0.00886315 0.283892 0.0380013 0.0213057 
0.0228087 0.00192641 0.0820451 0.0311611 0.00678281 5.06002e-05 0.00960087 0.322702 0.0388753 0.000508529 0.0332202 0.0297815 0.379401 0.00926418 0.0318723 
0.0391958 0.0095623 0.208691 0.048202 0.00183403 0.000525915 0.0273193 0.0619472 0.0257448 0.000643749 0.0321937 0.0285197 0.445344 0.00580841 0.064468 
0.0344599 0.0204476 0.240098 0.0466703 0.00306937 0.00661475 0.0035405 0.191981 0.0197739 0.000251547 0.0396748 0.0042768 0.315635 0.0157013 0.057806 
0.0902464 0.0346551 0.169126 0.0164496 0.00664557 0.0291857 0.00534934 0.0967494 0.0574067 0.000319411 0.0537855 0.00619569 0.380992 0.0216264 0.031267 
0.0236394 0.0211072 0.0346544 0.0153701 0.0196552 0.000161629 0.00482356 0.0455807 0.2695 7.8368e-05 0.0384419 0.036579 0.463145 0.0205828 0.00668041 
0.146513 0.0128053 0.101878 0.0214784 0.0230459 0.00945886 0.0124527 0.096502 0.174206 4.10436e-06 0.0219323 0.00671885 0.285992 0.0214541 0.0655577 
0.0275747 0.0230908 0.114106 0.115658 0.000569932 0.00202458 0.00611968 0.0527703 0.0457737 6.7836e-05 0.100314 0.0127706 0.382335 0.0114269 0.105398 
0.0570019 0.0216324 0.0778928 0.0223971 0.00525177 0.000522096 0.0578419 0.280991 0.00803283 2.36022e-05 0.0179586 0.052114 0.332837 0.0341818 0.0313207 
0.053495 0.0182309 0.132732 0.0291902 0.000948368 0.0007347 0.00885267 0.303462 0.0096092 4.1515e-05 0.0338937 0.00969238 0.347226 0.0192123 0.0326794 
0.015473 0.00907981 0.0328046 0.0200027 0.00172835 0.0038666 0.0220001 0.045469 0.0219415 0.000123936 0.0244982 0.0123632 0.755941 0.019733 0.0149745 
0.13658 0.0458636 0.17446 0.033988 0.00122234 0.001168 0.00780015 0.0755784 0.0261147 6.24349e-05 0.0750703 0.033462 0.210539 0.0555634 0.122528 
0.110912 0.029367 0.148116 0.0307852 0.00214229 0.010614 0.0307349 0.100761 0.130128 0.000371851 0.0549968 0.00959617 0.276073 0.0222827 0.043119 
0.118045 0.0250625 0.117689 0.0194539 0.00183993 0.00341494 0.0167167 0.115026 0.012648 0.000172844 0.0557997 0.00861872 0.452716 0.0204592 0.0323373 
0.0476965 0.0141393 0.195498 0.0145885 0.00192985 0.000789261 0.00702875 0.113757 0.0293414 0.000115867 0.0550254 0.0100263 0.38966 0.0074079 0.112996 
0.0495977 0.0134966 0.10183 0.0542165 0.00227499 0.00699488 0.0154838 0.0524642 0.0348458 0.0459211 0.249277 0.00592798 0.288145 0.0166987 0.0628265 
0.0486202 0.0110822 0.0717825 0.0155328 0.0217437 0.00118832 0.0144408 0.0662983 0.00165192 0.00012988 0.0392357 0.0157782 0.351639 0.0191426 0.321734 
0.0559692 0.0225106 0.165748 0.0575612 0.00300713 0.000324902 0.00226223 0.0889325 0.0480424 0.0208943 0.125783 0.00606892 0.2385 0.0357101 0.128685 
0.0759204 0.0261306 0.191431 0.0659439 0.00425548 0.0121322 0.00857204 0.0395404 0.0160096 0.000200631 0.0853966 0.00955206 0.289219 0.0290907 0.146606 
0.0653628 0.0119382 0.222589 0.040284 0.013005 0.000450133 0.0129947 0.105986 0.0537326 2.54765e-05 0.0505303 0.00625527 0.348072 0.0206947 0.0480799 
0.0347765 0.0268944 0.11046 0.0401236 0.00780366 0.00119259 0.0092451 0.0825559 0.0146572 0.000227505 0.106032 0.0647848 0.351086 0.0367028 0.113458 
0.0124083 0.0195466 0.160227 0.0718 0.000925055 0.00479572 0.00738307 0.252438 0.0273309 0.00307023 0.0287754 0.00298255 0.358283 0.00486687 0.0451669 
0.0275536 0.0296346 0.119657 0.0371255 0.00264614 0.00183016 0.0094651 0.0851083 0.0046588 0.000149897 0.00959967 0.0489122 0.311018 0.0384668 0.274174 
0.0232312 0.0287633 0.185445 0.120455 0.00321845 0.00545633 0.00835892 0.136975 0.0203758 0.0028585 0.0845029 0.00664278 0.251167 0.0240934 0.098457 
0.0581394 0.0818728 0.119705 0.0183193 0.00291639 0.00394983 0.0034077 0.037577 0.0179891 0.000507917 0.0690272 0.0150302 0.514526 0.0293387 0.027694 
0.13658 0.0458636 0.17446 0.033988 0.00122234 0.001168 0.00780015 0.0755784 0.0261147 6.24349e-05 0.0750703 0.033462 0.210539 0.0555634 0.122528 
0.0228087 0.00192641 0.0820451 0.0311611 0.00678281 5.06002e-05 0.00960087 0.322702 0.0388753 0.000508529 0.0332202 0.0297815 0.379401 0.00926418 0.0318723 
0.050277 0.00923385 0.0921705 0.0472107 0.00416371 0.171745 0.0127035 0.0770474 0.0016088 0.000136355 0.0709871 0.0393568 0.215178 0.0553844 0.152797 
0.110643 0.00235542 0.129641 0.0651286 0.00146682 0.000150709 0.000520844 0.0657353 0.0245534 9.9337e-05 0.0762072 0.00461928 0.326731 0.014111 0.178037 
0.0644631 0.0112069 0.0999654 0.0325616 0.00871958 0.000363681 0.0235371 0.285174 0.0134546 4.35986e-05 0.0273989 0.0679606 0.303293 0.0248051 0.0370527 
0.0257558 0.0337634 0.202891 0.0564222 0.00881336 0.00444519 0.024027 0.130167 0.0201346 2.51331e-05 0.0568238 0.0183646 0.375236 0.0190205 0.0241104 
0.015473 0.00907981 0.0328046 0.0200027 0.00172835 0.0038666 0.0220001 0.045469 0.0219415 0.000123936 0.0244982 0.0123632 0.755941 0.019733 0.0149745 
0.015473 0.00907981 0.0328046 0.0200027 0.00172835 0.0038666 0.0220001 0.045469 0.0219415 0.000123936 0.0244982 0.0123632 0.755941 0.019733 0.0149745 
0.0338339 0.0513824 0.170366 0.0588364 0.000445819 0.00829451 0.00186798 0.13704 0.0234908 0.00949904 0.0483649 0.00315066 0.346759 0.00494861 0.10172 
0.129544 0.00888031 0.182426 0.0173164 0.00899665 0.00484742 0.0103613 0.0514605 0.00164685 0.00238169 0.157522 0.029766 0.301983 0.0309055 0.0619625 
0.0461693 0.0338907 0.176588 0.0879251 0.0267038 0.00050616 0.012483 0.18321 0.00534171 0.000239048 0.0469636 0.0135135 0.312695 0.0426388 0.0111327 
0.0222162 0.0159991 0.156277 0.0400844 0.00487283 0.00701017 0.00260718 0.025604 0.0186808 0.0007987 0.0331784 0.00988534 0.550289 0.0155821 0.0969146 
0.0353439 0.0210392 0.160318 0.0761936 0.00180335 0.00374286 0.00768402 0.0439389 0.0238457 0.00326268 0.12237 0.00968964 0.344671 0.00832632 0.13777 
0.0228087 0.00192641 0.0820451 0.0311611 0.00678281 5.06002e-05 0.00960087 0.322702 0.0388753 0.000508529 0.0332202 0.0297815 0.379401 0.00926418 0.0318723 
0.0302132 0.0438798 0.110772 0.0334418 0.00790023 0.00215454 0.00952995 0.0345637 0.013092 0.000307123 0.304147 0.0258016 0.315831 0.0334168 0.0349493 
0.0579143 0.00796369 0.263973 0.0789492 0.0075496 0.00587345 0.00550356 0.0669129 0.0222545 0.00024469 0.101003 0.0160199 0.295669 0.0121871 0.0579818 
