0.000145454 0.057089 1.77339e-05 0.0245738 0.351372 0.0032725 0.000134937 1.5009e-05 0.000286124 0.00156945 0.0440367 0.0112283 0.0247221 0.471813 0.00972317 
0.00524635 1.23621e-05 8.79518e-08 0.0259022 0.119814 0.00158349 0.00207791 6.48851e-06 0.000188133 0.00725704 0.0419833 0.0195219 0.000275163 0.775322 0.0008097 
0.0153765 0.000110656 7.2891e-09 0.0155246 0.174792 0.000512818 0.00335206 0.000597379 0.000832702 0.00544058 0.0437133 0.0186251 0.000427843 0.718804 0.00189031 
0.0384631 0.0584703 5.52192e-05 0.0592026 0.198303 0.000471702 0.00310602 0.0173349 0.00663767 0.0234367 0.142401 0.0566766 0.015252 0.369132 0.0110561 
0.0238047 1.88781e-05 4.3729e-07 0.0169726 0.277282 0.000399199 0.00291458 1.64227e-05 6.78543e-06 0.00832954 0.034373 0.00740534 2.21814e-05 0.628439 1.54556e-05 
0.00014394 5.54011e-05 1.65077e-05 0.0269414 0.259066 0.00363973 0.000660096 7.34144e-05 0.000638347 0.00679253 0.0852823 0.00701844 0.0159465 0.586977 0.00674871 
4.99033e-05 1.30769e-06 3.88682e-05 0.0335684 0.107302 0.000729 0.00217728 5.073e-05 0.00227614 0.0124767 0.0375939 0.0141442 0.00390625 0.785611 7.45633e-05 
0.0191366 0.0115721 0.000133078 0.051796 0.193323 0.000920403 0.00665817 0.00287363 0.0157231 0.021272 0.135855 0.158599 0.0561584 0.309421 0.0165584 
0.00148087 0.000401502 0.0021535 0.0329525 0.0288907 0.00715917 0.00380049 0.00142317 0.00842893 0.00921077 0.198894 0.0376701 0.0484881 0.604724 0.0143225 
0.0106996 0.000201244 0.000694284 0.105654 0.29001 0.00212114 0.0161911 0.00131656 0.0101419 0.0494929 0.0998344 0.0606777 0.0110147 0.336493 0.00545832 
0.0124887 0.00129804 5.72741e-05 0.0592009 0.27726 0.0146067 0.00608937 0.00141851 0.0138683 0.0317253 0.129269 0.0503239 0.0323132 0.364727 0.0053542 
0.0141721 0.00226553 0.000151026 0.0586751 0.216381 0.000167385 0.00704395 0.0336695 0.00400511 0.00895974 0.158397 0.200312 0.018848 0.226521 0.050431 
0.00991945 8.35025e-05 8.28269e-06 0.064293 0.162492 0.00213541 0.00800238 0.000357024 0.00166078 0.0282422 0.0299992 0.0300704 0.00423237 0.652657 0.00584706 
0.00136147 3.69522e-05 1.97478e-07 0.0641815 0.324701 0.00271913 0.0012304 0.00430992 0.000114748 0.139234 0.0827024 0.0196307 0.00817817 0.346004 0.00559605 
0.0355808 3.07463e-05 0.00096066 0.147483 0.185281 0.0024632 0.0606054 0.000128086 0.0037305 0.0357983 0.152726 0.130687 0.0174548 0.217249 0.00982161 
3.09415e-05 9.72466e-06 0.000236222 0.036253 0.0962472 0.00478947 0.00240368 0.0323794 0.000883207 0.0151558 0.0421569 0.0338055 0.00359773 0.73197 8.06962e-05 
0.000441375 3.07608e-05 3.46906e-05 0.0317682 0.0753933 0.000964532 0.00224285 0.000216846 0.000295876 0.0255448 0.0554784 0.010057 0.00119892 0.796102 0.000230308 
0.000163737 2.37761e-05 5.25847e-05 0.0308593 0.162904 0.00261622 0.00515061 6.17227e-05 0.000901059 0.00703285 0.0314151 0.00740002 0.00512304 0.74166 0.00463655 
0.01473 0.0073333 0.000149161 0.140224 0.169263 0.00104431 0.00378156 0.000967912 0.00519039 0.0629256 0.19471 0.0633098 0.0181566 0.315588 0.00262489 
0.0109307 4.23731e-05 9.82009e-07 0.0307021 0.330825 0.000381288 0.00185649 0.000701923 0.00114509 0.025866 0.134119 0.0365759 0.00110475 0.42562 0.000128646 
0.000173264 8.16094e-07 2.8518e-07 0.0249743 0.154035 7.31732e-05 0.000236826 0.00746655 0.000596031 0.334713 0.0532666 0.00799363 0.0160268 0.400195 0.000249014 
0.00063128 1.23041e-05 7.98898e-05 0.036716 0.102166 0.00164361 0.00549241 0.00347003 0.00120203 0.00790915 0.0567909 0.0269542 0.00872334 0.74722 0.000989403 
7.08177e-05 5.18936e-06 3.79294e-05 0.0427489 0.0594728 0.00235018 0.000387262 0.000502274 0.00155434 0.00815747 0.0770038 0.0478037 0.0192777 0.739319 0.00130905 
0.0102277 0.000547608 1.32842e-05 0.0919639 0.17671 0.00133558 0.00586855 0.000341636 0.00540623 0.0142383 0.0376491 0.0481102 0.00232988 0.594509 0.0107487 
0.0348215 0.000120011 0.000492214 0.0834348 0.193566 0.000173849 0.00388992 0.00464177 0.00166977 0.116153 0.127901 0.0335593 0.0260863 0.372855 0.000635521 
0.00524635 1.23621e-05 8.79518e-08 0.0259022 0.119814 0.00158349 0.00207791 6.48851e-06 0.000188133 0.00725704 0.0419833 0.0195219 0.000275163 0.775322 0.0008097 
0.0195767 0.000888765 8.12429e-05 0.10641 0.106501 0.011486 0.0247106 0.00170319 0.00807021 0.0182871 0.110466 0.0403483 0.00862683 0.52741 0.0154341 
0.0244003 0.00489188 3.20936e-05 0.0301021 0.0213659 0.000734774 0.00134494 0.00671692 0.00628504 0.00144987 0.0397598 0.263436 0.0324825 0.551924 0.0150737 
0.0263016 0.00223891 0.000158341 0.143024 0.0725461 0.00169491 0.106342 0.00108346 0.00456496 0.00181114 0.161075 0.154942 0.0239646 0.278726 0.0215279 
0.0149976 0.000470647 0.000149096 0.0814678 0.265184 0.00321169 0.00933732 0.00918694 0.00397976 0.0540103 0.155553 0.0426772 0.0245045 0.325983 0.00928673 
3.09415e-05 9.72466e-06 0.000236222 0.036253 0.0962472 0.00478947 0.00240368 0.0323794 0.000883207 0.0151558 0.0421569 0.0338055 0.00359773 0.73197 8.06962e-05 
0.00602187 5.15826e-05 3.03728e-05 0.0577853 0.319594 0.000825563 0.00872438 0.0150782 0.015899 0.0540803 0.0930006 0.0355741 0.00856488 0.383441 0.00132894 
0.00047805 0.000182718 3.30431e-07 0.0251913 0.288825 0.00269647 0.000198799 0.00483829 0.00290556 0.117463 0.0316816 0.00493439 0.00715669 0.510339 0.00310833 
6.66332e-06 1.31496e-06 3.95511e-07 0.0520616 0.294081 0.000234121 0.00315542 1.51124e-05 0.0124627 0.0564945 0.0169296 0.00957042 0.0191465 0.535238 0.000602961 
0.0350073 2.07705e-05 2.27555e-05 0.0569334 0.213271 0.000493663 0.00102763 0.00202637 0.000826523 0.0737605 0.136352 0.0437028 0.0106976 0.425203 0.00065513 
0.00175414 2.61608e-05 2.43601e-05 0.0375236 0.0670109 8.0331e-05 0.00096799 0.00866968 0.000343856 0.158498 0.0779104 0.017041 0.00850643 0.621233 0.00041065 
0.000573364 8.01876e-06 5.45025e-08 0.0333071 0.157155 0.000728766 0.00237446 4.02668e-05 0.000493097 0.0138989 0.0794446 0.0375541 0.0185454 0.655364 0.000513162 
0.000173264 8.16094e-07 2.8518e-07 0.0249743 0.154035 7.31732e-05 0.000236826 0.00746655 0.000596031 0.334713 0.0532666 0.00799363 0.0160268 0.400195 0.000249014 
0.000881315 2.11446e-05 1.05682e-05 0.0371794 0.122888 0.00145346 0.00149217 5.90361e-05 0.00169778 0.00298402 0.0282028 0.0392969 0.00580017 0.757344 0.000689574 
0.00117585 1.55709e-07 6.29152e-05 0.00393316 0.000559096 8.88013e-07 0.313258 0.00584538 0.000135258 0.000816583 0.059684 0.0817868 0.00173459 0.530902 0.000105254 
0.000312884 8.48783e-06 2.01583e-05 0.0299504 0.0865637 0.000720378 0.000498274 0.000112071 0.000193568 0.0368716 0.199179 0.0120754 0.0100272 0.62274 0.000726674 
0.0182481 0.00270087 9.30068e-07 0.10913 0.0439504 9.30088e-07 0.06638 9.30432e-07 0.00521456 9.30952e-07 9.31164e-07 9.31154e-07 0.00307354 0.751296 9.30962e-07 
0.0342297 2.46625e-05 2.08782e-05 0.0723573 0.264975 0.00203102 0.00129554 0.00192572 0.000987934 0.0659105 0.157758 0.0478945 0.0114351 0.33862 0.000533695 
0.0108271 0.000795526 2.92576e-05 0.0515887 0.0406392 0.000784283 0.00113897 0.00309006 0.00554406 0.00395693 0.0636895 0.258087 0.0255818 0.528664 0.00558392 
0.00358074 1.09923e-05 0.000231684 0.175123 0.168684 0.000280149 0.00582438 0.00556628 0.0021474 0.026089 0.145347 0.100696 0.0114916 0.349156 0.00577222 
0.000173264 8.16094e-07 2.8518e-07 0.0249743 0.154035 7.31732e-05 0.000236826 0.00746655 0.000596031 0.334713 0.0532666 0.00799363 0.0160268 0.400195 0.000249014 
0.0699845 0.0759104 0.000120327 0.0505053 0.105985 0.000392753 0.00114898 0.00212977 0.00447749 0.0344421 0.148024 0.135929 0.0452524 0.312101 0.0135961 
0.00393872 5.00995e-05 1.43969e-06 0.0208052 0.26644 0.000158198 0.00189527 0.000136097 0.000446236 0.0218748 0.0806934 0.0208049 0.00103242 0.581659 6.40472e-05 
0.0809054 0.0102617 3.26486e-06 0.0826805 0.106052 0.00287415 0.00223351 0.00572764 0.00312932 0.00933162 0.0779026 0.100237 0.0100021 0.484934 0.0237251 
0.00189316 3.36818e-05 1.88848e-05 0.0539239 0.108328 5.59986e-05 0.00344485 0.0101292 0.0016967 0.0661484 0.164155 0.051845 0.0317053 0.504636 0.00198585 
0.0049506 1.7785e-05 1.00271e-05 0.0741195 0.137003 0.0025863 0.00840842 0.000117465 0.00135444 0.0290809 0.0328368 0.0387772 0.00477574 0.661982 0.00397935 
0.0254169 3.21712e-06 1.53936e-06 0.0836846 0.327831 0.00233746 0.0111941 0.000791268 0.000345895 0.0278585 0.0811657 0.0276299 0.0214787 0.389994 0.000267783 
0.000476499 3.76123e-05 3.46875e-05 0.051644 0.107259 0.00123886 0.00229116 0.000236534 0.000487424 0.0382485 0.093022 0.0162244 0.00147542 0.687065 0.00025888 
0.000502671 0.0267239 0.00032017 0.072857 0.310129 0.0417648 0.00533251 6.6775e-05 0.00529255 0.0127675 0.0613495 0.0676672 0.0120652 0.382516 0.000645275 
0.00048413 6.56109e-06 4.82475e-08 0.0282377 0.155507 0.000596269 0.00198081 5.12493e-05 0.000403446 0.0119638 0.0650001 0.0307786 0.0151735 0.689397 0.000419862 
0.00504227 1.67648e-05 1.15758e-05 0.0383967 0.157996 0.00271592 0.012337 3.53755e-05 0.00154472 0.00712977 0.0675987 0.0303568 0.00120071 0.673188 0.00242981 
0.00127861 2.5963e-06 1.14854e-06 0.0226456 0.0685254 7.8567e-05 0.0018421 3.46713e-05 0.000711634 0.0240826 0.0512675 0.00411629 0.00291838 0.821574 0.000921035 
0.00207138 2.90913e-05 7.78449e-05 0.13084 0.280449 0.00221854 0.0269335 0.000119331 0.0114473 0.0403965 0.117777 0.0371135 0.0172838 0.33013 0.00311399 
0.000133915 1.52824e-06 2.72813e-06 0.0651381 0.279575 5.67128e-05 0.0128738 0.0718534 0.00129588 0.033055 0.0981199 0.0136095 0.00602002 0.41726 0.00100387 
0.000787711 2.5215e-05 8.18455e-12 0.0609458 0.273356 0.00188604 0.00187756 2.44822e-05 0.000359503 0.00827465 0.0776689 0.0609857 5.04245e-05 0.513723 3.50456e-05 
0.0124771 0.000398625 3.9966e-05 0.0603715 0.179925 0.00676658 0.00656477 0.000555704 0.00256388 0.0162769 0.0894922 0.0282842 0.00969523 0.579452 0.00713623 
0.0323575 0.000112835 0.000254768 0.0784291 0.264652 0.000173289 0.0141462 4.08442e-05 0.000126787 0.016001 0.220743 0.0240748 0.000967654 0.347048 0.000871906 
0.0246255 0.0032363 6.86244e-05 0.037788 0.0800209 0.00139404 0.00203645 0.0031226 0.00142644 0.0164609 0.0657044 0.0388006 0.00623084 0.709533 0.00955103 
0.000872542 1.66957e-05 7.53858e-06 0.0400426 0.158413 0.00158182 0.0174711 0.00010788 0.00231865 0.00589986 0.0466211 0.0254201 0.00124198 0.69739 0.00259454 
0.0400291 0.00336524 1.00936e-06 0.0707166 0.137289 0.00199248 0.00222736 0.00387696 0.00445234 0.00892148 0.0902506 0.087069 0.00987826 0.530079 0.00985143 
0.0723732 0.00889799 4.0741e-06 0.0341242 0.0759201 0.00127755 0.000973204 0.00670832 0.00230692 0.00670607 0.0542161 0.0572401 0.00969473 0.644423 0.0251342 
0.00446131 2.18453e-05 0.000230827 0.141488 0.132142 0.000635442 0.0522203 0.000134822 0.00260333 0.0156486 0.0769932 0.210636 0.059441 0.301866 0.00147672 
0.000274396 1.59716e-05 8.56605e-05 0.0344391 0.089651 0.00111826 0.00250261 0.000146913 0.00126742 0.019497 0.0516374 0.0135137 0.00294583 0.782743 0.000161335 
0.00245983 2.46324e-05 2.77995e-05 0.0409174 0.139702 0.000860648 0.0176443 0.000237312 0.00341231 0.0415671 0.0567997 0.0286453 0.00405848 0.663254 0.000389053 
0.00715969 0.000262998 3.19367e-05 0.0443409 0.0742386 0.000631246 0.0033 0.00140173 0.00438744 0.00691213 0.0844395 0.124028 0.0114905 0.632267 0.00510834 
0.00635148 1.51091e-05 1.07461e-07 0.0314525 0.144459 0.00193538 0.00253724 7.05031e-06 0.000229939 0.00885195 0.0513129 0.0238601 0.000329033 0.727708 0.000950399 
0.00828832 0.00200874 7.20004e-05 0.109083 0.179085 0.00796377 0.00746976 0.00214862 0.0134652 0.029257 0.138868 0.162435 0.0112386 0.274371 0.0542462 
0.00139861 1.4827e-05 5.84425e-06 0.0477302 0.198625 0.000979106 0.0171123 0.000194398 0.00312364 0.0136471 0.0928915 0.0905804 0.00158507 0.529339 0.00277343 
0.0226041 0.00112052 6.20202e-05 0.0764449 0.206986 0.00219157 0.00646186 0.00060985 0.0023496 0.100255 0.0561186 0.0328819 0.00531852 0.48393 0.00266563 
0.0350073 2.07705e-05 2.27555e-05 0.0569334 0.213271 0.000493663 0.00102763 0.00202637 0.000826523 0.0737605 0.136352 0.0437028 0.0106976 0.425203 0.00065513 
0.0940586 0.220008 5.14347e-09 0.00184164 0.000164727 2.80828e-06 0.00359833 0.0107245 0.0653478 2.51604e-05 0.0124464 0.255174 0.0226658 0.275079 0.0388632 
0.00495363 0.000115894 0.000117519 0.0912837 0.27437 0.0018329 0.0445176 0.000182083 0.0255974 0.0193011 0.077613 0.0477001 0.0222746 0.378263 0.0118768 
0.00727491 4.30139e-05 0.000329769 0.0518866 0.0630174 0.00314732 0.0184247 2.50347e-05 0.0201167 0.0112869 0.0675902 0.0254123 0.00610396 0.719098 0.00624326 
0.0435889 6.4382e-05 4.46683e-06 0.0505981 0.288033 0.000509439 0.00527351 7.35796e-06 6.33445e-05 0.0013978 0.0749361 0.0200227 8.46914e-05 0.515114 0.000301662 
0.012528 0.00579557 1.77726e-05 0.0453735 0.125605 0.00145754 0.00107081 0.00492673 0.00210559 0.00588789 0.0548922 0.0598719 0.00958449 0.554115 0.116768 
0.0350073 2.07705e-05 2.27555e-05 0.0569334 0.213271 0.000493663 0.00102763 0.00202637 0.000826523 0.0737605 0.136352 0.0437028 0.0106976 0.425203 0.00065513 
0.0780815 0.000496949 0.000263348 0.0772881 0.286658 0.000190168 0.0237377 0.000416282 0.0033112 0.0283098 0.132461 0.066311 0.0140678 0.287744 0.000662493 
0.00808375 0.00048416 9.53847e-05 0.102265 0.0456026 0.00065258 0.00262277 0.00191561 0.00400993 0.0131181 0.184134 0.247062 0.0293568 0.357078 0.00352023 
0.000573364 8.01876e-06 5.45025e-08 0.0333071 0.157155 0.000728766 0.00237446 4.02668e-05 0.000493097 0.0138989 0.0794446 0.0375541 0.0185454 0.655364 0.000513162 
0.208199 0.0343549 1.33115e-08 0.0595623 0.0798912 0.000308162 0.00218992 0.0111092 0.00714594 0.0131029 0.0773375 0.157511 0.0218094 0.270723 0.0567556 
0.000441806 0.0152408 0.000489289 0.191925 0.231551 0.0087369 0.0106282 3.58297e-05 0.00269624 0.0487693 0.0746222 0.111333 0.0127396 0.290542 0.000247795 
0.00105873 9.7435e-07 8.38805e-10 0.038678 0.262926 0.000773736 0.000812011 6.95246e-05 0.000542622 0.0105813 0.0375223 0.0270964 0.000319202 0.619192 0.000426671 
0.0809054 0.0102617 3.26486e-06 0.0826805 0.106052 0.00287415 0.00223351 0.00572764 0.00312932 0.00933162 0.0779026 0.100237 0.0100021 0.484934 0.0237251 
7.27536e-05 8.42858e-06 5.00011e-06 0.0286853 0.0601341 0.00031119 0.00120286 0.00307864 0.00124637 0.00601886 0.0222681 0.00440061 0.00306987 0.869403 9.48724e-05 
7.27536e-05 8.42858e-06 5.00011e-06 0.0286853 0.0601341 0.00031119 0.00120286 0.00307864 0.00124637 0.00601886 0.0222681 0.00440061 0.00306987 0.869403 9.48724e-05 
0.00915051 2.63817e-05 0.000190897 0.0769838 0.188222 0.00036578 0.00745571 0.00474401 0.0052378 0.0487246 0.122118 0.0906998 0.0305392 0.392985 0.0225563 
0.0350073 2.07705e-05 2.27555e-05 0.0569334 0.213271 0.000493663 0.00102763 0.00202637 0.000826523 0.0737605 0.136352 0.0437028 0.0106976 0.425203 0.00065513 
0.0159067 0.0014259 5.31424e-05 0.035237 0.0928239 0.00128228 0.0038484 0.00150862 0.00223649 0.0135424 0.055994 0.0263549 0.00865134 0.729123 0.0120119 
0.0153765 0.000110656 7.2891e-09 0.0155246 0.174792 0.000512818 0.00335206 0.000597379 0.000832702 0.00544058 0.0437133 0.0186251 0.000427843 0.718804 0.00189031 
0.00700549 7.55819e-05 0.000302256 0.0803612 0.145072 0.00458432 0.0236622 0.000387696 0.029709 0.0106323 0.136283 0.0732383 0.0106571 0.470516 0.00751303 
0.0134585 6.99798e-05 1.28387e-05 0.131074 0.130798 0.000689042 0.0132281 0.000269349 0.000902767 0.035452 0.202716 0.0431169 0.00441833 0.421104 0.00269019 
0.0311397 1.61941e-05 1.14087e-05 0.0256593 0.0984634 0.305362 0.0107243 1.9282e-05 0.000522614 0.00068999 0.0797954 0.0608534 0.00181892 0.382227 0.00269684 
0.000282172 1.91773e-05 0.000119561 0.0801498 0.153909 0.00204696 0.00483177 0.000505819 0.0051644 0.0158823 0.13722 0.0482847 0.0310393 0.518992 0.00155294 
6.09882e-05 1.74049e-05 6.98992e-05 0.0359936 0.143032 0.00256476 0.000713317 0.000292645 0.000985748 0.00828456 0.0739267 0.0243595 0.0153006 0.692476 0.00192221 
0.0350073 2.07705e-05 2.27555e-05 0.0569334 0.213271 0.000493663 0.00102763 0.00202637 0.000826523 0.0737605 0.136352 0.0437028 0.0106976 0.425203 0.00065513 
0.00585195 9.34886e-05 1.28091e-05 0.0270833 0.323624 0.000217794 0.00296758 0.00031167 0.0031558 0.0216146 0.100511 0.0273106 0.0029615 0.484113 0.000171127 
0.00537695 3.07242e-05 8.00604e-05 0.113578 0.283704 0.00242421 0.0232268 5.65447e-05 0.00723155 0.00752738 0.108 0.0362907 0.0484047 0.358759 0.00530948 
0.00086536 2.20058e-05 7.14096e-05 0.0365286 0.078485 0.000368386 0.000953656 0.00386014 0.000361335 0.0963688 0.136303 0.015854 0.0109889 0.618007 0.000962345 
0.000718274 2.17559e-05 4.20162e-05 0.0248576 0.0374557 0.000191075 0.00651667 5.81244e-05 0.002911 0.00657515 0.160676 0.0335148 0.00710999 0.704715 0.0146366 
0.0228929 0.000273721 0.000549308 0.0911221 0.248683 0.0031168 0.0243263 0.000254358 0.00388105 0.182374 0.0692657 0.0549798 0.0265278 0.264025 0.00772833 
0.00389151 0.00366869 0.000117424 0.035865 0.281734 0.00481994 0.00899563 0.000387706 0.0108534 0.100496 0.101218 0.0258824 0.02275 0.391002 0.00831718 
0.00393872 5.00995e-05 1.43969e-06 0.0208052 0.26644 0.000158198 0.00189527 0.000136097 0.000446236 0.0218748 0.0806934 0.0208049 0.00103242 0.581659 6.40472e-05 
0.000592556 8.016e-06 2.65239e-08 0.033307 0.0998342 0.000728718 0.00237442 4.02499e-05 0.000493074 0.00691914 0.0794445 0.035447 0.0159698 0.724328 0.000513135 
0.00366079 8.60322e-05 3.64146e-05 0.0470993 0.232861 0.00044061 0.00656985 0.0102042 0.00189831 0.0680698 0.0694585 0.0236302 0.00354676 0.528831 0.00360675 
0.0723732 0.00889799 4.0741e-06 0.0341242 0.0759201 0.00127755 0.000973204 0.00670832 0.00230692 0.00670607 0.0542161 0.0572401 0.00969473 0.644423 0.0251342 
0.0153765 0.000110656 7.2891e-09 0.0155246 0.174792 0.000512818 0.00335206 0.000597379 0.000832702 0.00544058 0.0437133 0.0186251 0.000427843 0.718804 0.00189031 
0.0342297 2.46625e-05 2.08782e-05 0.0723573 0.264975 0.00203102 0.00129554 0.00192572 0.000987934 0.0659105 0.157758 0.0478945 0.0114351 0.33862 0.000533695 
0.0134936 8.46297e-06 0.000126887 0.0880111 0.295566 0.00108338 0.00782703 0.0332488 0.00296186 0.10091 0.0903836 0.0334901 0.00259575 0.321454 0.00883985 
0.000927341 1.37791e-05 3.63626e-05 0.0246712 0.0494856 0.000122734 0.00806344 4.57378e-05 0.00275273 0.0071234 0.119378 0.0381437 0.00319237 0.739239 0.00680507 
0.0809054 0.0102617 3.26486e-06 0.0826805 0.106052 0.00287415 0.00223351 0.00572764 0.00312932 0.00933162 0.0779026 0.100237 0.0100021 0.484934 0.0237251 
0.0916332 2.996e-05 0.0263308 0.0921444 0.166203 0.000548576 0.00613275 0.0018321 0.000876912 0.0764577 0.164816 0.0520122 0.048858 0.269957 0.00216762 
0.0211315 0.000228626 3.01489e-05 0.0630741 0.227631 0.00071475 0.0171488 0.000482959 0.00749593 0.0114591 0.0566571 0.0660837 0.0104763 0.514845 0.00254155 
0.00757605 0.000614975 6.18435e-05 0.21657 0.126284 0.00186587 0.0179681 0.000678043 0.00175515 0.0195258 0.150264 0.0851768 0.020231 0.347725 0.00370422 
0.00102025 3.12009e-05 0.000393045 0.13346 0.0887392 0.00131192 0.00430643 0.000146568 0.00211494 0.0394865 0.14362 0.0718164 0.00811474 0.504321 0.00111709 
0.000229595 1.1544e-05 1.00267e-05 0.0349918 0.116597 0.00286623 0.00966413 4.26236e-05 0.00142159 0.00674874 0.0191803 0.0087076 0.00352033 0.793924 0.00208529 
0.000173264 8.16094e-07 2.8518e-07 0.0249743 0.154035 7.31732e-05 0.000236826 0.00746655 0.000596031 0.334713 0.0532666 0.00799363 0.0160268 0.400195 0.000249014 
0.00393872 5.00995e-05 1.43969e-06 0.0208052 0.26644 0.000158198 0.00189527 0.000136097 0.000446236 0.0218748 0.0806934 0.0208049 0.00103242 0.581659 6.40472e-05 
0.0153765 0.000110656 7.2891e-09 0.0155246 0.174792 0.000512818 0.00335206 0.000597379 0.000832702 0.00544058 0.0437133 0.0186251 0.000427843 0.718804 0.00189031 
0.00566345 3.77768e-06 3.26188e-07 0.0141154 0.331076 0.000112238 0.0141101 0.0550369 0.00644632 0.0164792 0.158662 0.0103885 0.005024 0.382386 0.000494951 
0.0108779 0.000970698 0.000740951 0.0653645 0.189436 0.00190622 0.00941307 0.00303999 0.00277109 0.0783675 0.113069 0.0490019 0.0159711 0.452443 0.00662708 
0.000592556 8.016e-06 2.65239e-08 0.033307 0.0998342 0.000728718 0.00237442 4.02499e-05 0.000493074 0.00691914 0.0794445 0.035447 0.0159698 0.724328 0.000513135 
0.0178148 0.000383967 3.43289e-05 0.0631842 0.307885 0.00335707 0.00177553 0.0122287 0.0105922 0.0210719 0.13653 0.0338029 0.0127012 0.378288 0.000349685 
0.00631815 2.12472e-05 9.03777e-06 0.0199923 0.0589103 6.52819e-05 0.00671073 0.0225752 0.000785241 0.214651 0.080225 0.0570761 0.00825529 0.523643 0.000761239 
0.000592556 8.016e-06 2.65239e-08 0.033307 0.0998342 0.000728718 0.00237442 4.02499e-05 0.000493074 0.00691914 0.0794445 0.035447 0.0159698 0.724328 0.000513135 
0.00953957 0.00703209 0.00015736 0.136893 0.266681 0.0035246 0.0310109 0.00011834 0.00740012 0.0596388 0.044165 0.0374379 0.0151556 0.374842 0.00640366 
0.0254152 0.00308641 9.8171e-05 0.0643054 0.093566 0.00079215 0.00199247 0.0024827 0.00210525 0.0272896 0.166359 0.0669742 0.0154894 0.518445 0.011599 
0.00156983 0.000978042 9.14151e-05 0.079977 0.119509 0.019312 0.00375098 0.00144485 0.00189879 0.00884507 0.146083 0.0515651 0.0199939 0.526359 0.0186219 
0.00682379 0.00050263 4.28474e-05 0.0451625 0.13058 0.00207631 0.00343151 0.00182809 0.00198259 0.00768432 0.0702163 0.0474126 0.00894623 0.670176 0.0031341 
0.000533267 3.9549e-05 4.45981e-05 0.0404364 0.0946052 0.00124011 0.00287788 0.000269589 0.00038041 0.0328021 0.0713293 0.0129305 0.00149173 0.740749 0.000270213 
0.000452077 1.42052e-05 6.96753e-10 0.00892055 0.145174 0.000267486 0.000212889 0.0135027 2.14867e-06 0.213926 0.0123346 0.00104735 0.000942035 0.602708 0.000496066 
0.00393872 5.00995e-05 1.43969e-06 0.0208052 0.26644 0.000158198 0.00189527 0.000136097 0.000446236 0.0218748 0.0806934 0.0208049 0.00103242 0.581659 6.40472e-05 
0.00936847 7.9235e-05 6.09037e-06 0.0432744 0.113517 0.000523649 0.00140632 0.0108917 0.00038412 0.0400001 0.0816558 0.0754707 0.00835217 0.614435 0.000634846 
0.00846236 0.00427681 6.02075e-05 0.0283138 0.0738078 0.00140109 0.0034266 0.00252708 0.00141963 0.00432361 0.177763 0.0581694 0.0584958 0.563391 0.0141617 
0.00524635 1.23621e-05 8.79518e-08 0.0259022 0.119814 0.00158349 0.00207791 6.48851e-06 0.000188133 0.00725704 0.0419833 0.0195219 0.000275163 0.775322 0.0008097 
0.000592556 8.016e-06 2.65239e-08 0.033307 0.0998342 0.000728718 0.00237442 4.02499e-05 0.000493074 0.00691914 0.0794445 0.035447 0.0159698 0.724328 0.000513135 
0.00175414 2.61608e-05 2.43601e-05 0.0375236 0.0670109 8.0331e-05 0.00096799 0.00866968 0.000343856 0.158498 0.0779104 0.017041 0.00850643 0.621233 0.00041065 
7.08177e-05 5.18936e-06 3.79294e-05 0.0427489 0.0594728 0.00235018 0.000387262 0.000502274 0.00155434 0.00815747 0.0770038 0.0478037 0.0192777 0.739319 0.00130905 
0.010737 0.00086236 5.01312e-05 0.0341718 0.025123 0.00063863 0.00113502 0.00316002 0.00488483 0.00162484 0.03586 0.22311 0.0243112 0.628822 0.00551008 
0.00212488 1.09681e-05 0.000145917 0.0756667 0.0303993 0.00103664 0.0586717 0.000122401 0.0120929 0.00624948 0.0096235 0.0551998 0.010593 0.733265 0.00479779 
0.00599267 0.000475765 4.53877e-05 0.0631929 0.333776 0.00353099 0.0171327 0.00193955 0.0070752 0.0601696 0.0879831 0.0529125 0.0180179 0.34304 0.00471534 
0.000872542 1.66957e-05 7.53858e-06 0.0400426 0.158413 0.00158182 0.0174711 0.00010788 0.00231865 0.00589986 0.0466211 0.0254201 0.00124198 0.69739 0.00259454 
6.71044e-11 3.14903e-07 7.65004e-05 0.212877 0.256485 5.38951e-05 6.55139e-11 0.0553888 5.25607e-05 0.000314494 0.0168812 0.00118159 0.0120673 0.444621 6.68789e-09 
0.000927341 1.37791e-05 3.63626e-05 0.0246712 0.0494856 0.000122734 0.00806344 4.57378e-05 0.00275273 0.0071234 0.119378 0.0381437 0.00319237 0.739239 0.00680507 
0.000415104 1.87483e-05 5.26471e-10 0.0198625 0.16213 0.00049 0.000180596 0.011796 2.33464e-05 0.210609 0.0324267 0.00320549 0.00100197 0.557403 0.000436887 
0.000573364 8.01876e-06 5.45025e-08 0.0333071 0.157155 0.000728766 0.00237446 4.02668e-05 0.000493097 0.0138989 0.0794446 0.0375541 0.0185454 0.655364 0.000513162 
0.0136037 2.70714e-05 0.000220227 0.0764234 0.285464 0.000160159 0.00378466 8.80934e-05 0.00197061 0.0795221 0.178425 0.0420592 0.00829371 0.308818 0.00114024 
0.00935215 0.00023016 0.000223865 0.164655 0.0589532 0.000191115 0.0429975 9.89233e-05 0.0101066 0.0258125 0.205736 0.0864127 0.00760705 0.384365 0.00325784 
0.000173264 8.16094e-07 2.8518e-07 0.0249743 0.154035 7.31732e-05 0.000236826 0.00746655 0.000596031 0.334713 0.0532666 0.00799363 0.0160268 0.400195 0.000249014 
0.000261887 1.68065e-06 0.000133245 0.0177522 0.412429 0.00183668 0.00104014 0.000300518 0.00712037 0.0273329 0.0351846 0.0127062 0.00107151 0.48058 0.00224885 
0.000656211 1.98001e-05 1.11903e-05 0.0468381 0.265225 0.00879395 0.000893377 0.000148303 0.00401648 0.0206298 0.126459 0.0745856 0.00551763 0.436794 0.00941131 
0.00161117 1.09965e-05 0.000120431 0.111607 0.122658 0.000294507 0.00290525 0.000189212 0.00431058 0.0316246 0.0895475 0.0333191 0.0963791 0.488626 0.0167963 
0.0108271 0.000795526 2.92576e-05 0.0515887 0.0406392 0.000784283 0.00113897 0.00309006 0.00554406 0.00395693 0.0636895 0.258087 0.0255818 0.528664 0.00558392 
4.99033e-05 1.30769e-06 3.88682e-05 0.0335684 0.107302 0.000729 0.00217728 5.073e-05 0.00227614 0.0124767 0.0375939 0.0141442 0.00390625 0.785611 7.45633e-05 
0.00608186 4.36474e-05 0.000173365 0.0453911 0.28633 0.000478109 0.00561019 0.0305415 0.00783018 0.010843 0.0922113 0.0957568 0.0241984 0.360409 0.0341014 
0.00758446 3.54566e-05 0.000640389 0.0917391 0.189591 0.00343402 0.0440634 0.00546413 0.00176099 0.0335632 0.0368979 0.0126588 0.00438378 0.561667 0.00651592 
0.00601865 4.35902e-05 4.05671e-06 0.0682216 0.075343 0.00154913 0.0125257 0.000305426 0.0398494 0.00611573 0.0455243 0.0597988 0.0135923 0.670089 0.00101961 
0.00028893 7.77168e-06 5.61176e-06 0.0164694 0.388937 0.00527888 0.000216695 0.00152211 0.00410855 0.0184868 0.0254453 0.00613302 0.00857768 0.52182 0.00270212 
0.000927341 1.37791e-05 3.63626e-05 0.0246712 0.0494856 0.000122734 0.00806344 4.57378e-05 0.00275273 0.0071234 0.119378 0.0381437 0.00319237 0.739239 0.00680507 
0.0299114 0.00263545 7.77248e-06 0.211668 0.0827798 0.000208627 0.0167634 0.0146856 0.008888 0.145747 0.121817 0.0792379 0.0164358 0.239406 0.0298087 
0.00693481 0.00103831 6.48666e-05 0.0537409 0.173074 0.00249496 0.00938319 0.00176533 0.0122755 0.0160772 0.147578 0.0957869 0.0177325 0.403 0.0590532 
1.46732e-05 3.8299e-06 1.65094e-06 0.189634 0.102288 0.000174537 0.00109322 0.162976 0.000753335 0.0497238 0.219098 0.036766 0.00467388 0.232777 2.28679e-05 
0.000265303 8.49277e-07 5.79242e-09 0.0540144 0.173231 0.00279112 0.00488089 6.1697e-06 0.00273031 0.0346799 0.0101332 0.00971947 0.00295674 0.701371 0.00321946 
0.0821341 0.000715986 0.000872032 0.205008 0.0756478 0.00120297 0.00685732 0.00122056 0.00681004 0.0103 0.218144 0.067914 0.0244022 0.288042 0.0107292 
0.00127861 2.5963e-06 1.14854e-06 0.0226456 0.0685254 7.8567e-05 0.0018421 3.46713e-05 0.000711634 0.0240826 0.0512675 0.00411629 0.00291838 0.821574 0.000921035 
0.00404347 2.31244e-05 0.00112385 0.147279 0.184386 0.00123005 0.017241 0.000471293 0.00390297 0.0675495 0.184822 0.141435 0.0211659 0.215502 0.00982508 
0.000875104 6.85633e-06 7.22042e-05 0.111481 0.278544 0.121161 0.0163269 7.76926e-05 0.00418501 0.0224926 0.0609546 0.0271974 0.00482148 0.35071 0.00109402 
0.000451585 0.0281533 0.000152763 0.0633969 0.334026 0.0449437 0.00355038 1.12174e-05 0.00407952 0.0102796 0.0436789 0.0617384 0.00769561 0.397185 0.000656361 
0.000469375 6.58117e-06 2.24541e-07 0.0316461 0.254147 0.000596556 0.00194307 3.30543e-05 0.0004036 0.0153222 0.0650011 0.0307268 0.0151756 0.584109 0.000420096 
0.0492404 0.0143533 1.61872e-05 0.0466873 0.11858 0.00132106 0.00816528 0.0041261 0.0164553 0.0084794 0.0709886 0.244046 0.0191226 0.377115 0.0213033 
0.0225336 0.000112889 1.1188e-07 0.1036 0.253682 0.00113447 0.0931588 0.00539002 0.00386348 0.0637303 0.0601259 0.0577528 0.00040871 0.331216 0.00329028 
0.000378967 1.09122e-05 2.59087e-05 0.0385077 0.10019 0.000926186 0.000640628 0.000144085 0.000248867 0.0473148 0.256087 0.0155256 0.012892 0.526173 0.000934285 
0.0307881 5.35392e-06 1.96051e-05 0.151536 0.234649 0.00075386 0.00746788 0.0141582 0.00608211 0.0660368 0.0919928 0.0506955 0.0167575 0.327768 0.00128945 
0.00676021 9.44671e-05 0.000477934 0.0750608 0.0536741 0.00747502 0.0354316 1.12515e-05 0.0446378 0.00237226 0.0647184 0.0461462 0.00861509 0.64435 0.010175 
7.26781e-05 5.63334e-06 8.15508e-05 0.0444234 0.0648509 0.0026481 0.000597809 0.000523468 0.00163653 0.00891975 0.0826096 0.0491501 0.0234046 0.71959 0.00148605 
0.0139046 0.00117965 5.41546e-05 0.0526804 0.121152 0.00536976 0.00587958 0.00351258 0.00188605 0.0226571 0.108495 0.0392779 0.00836803 0.60605 0.00953305 
0.000441375 3.07608e-05 3.46906e-05 0.0317682 0.0753933 0.000964532 0.00224285 0.000216846 0.000295876 0.0255448 0.0554784 0.010057 0.00119892 0.796102 0.000230308 
0.0350073 2.07705e-05 2.27555e-05 0.0569334 0.213271 0.000493663 0.00102763 0.00202637 0.000826523 0.0737605 0.136352 0.0437028 0.0106976 0.425203 0.00065513 
0.000178716 3.59285e-06 0.000115823 0.0539697 0.244215 0.000568068 0.0045781 0.00114963 0.00404673 0.0127873 0.0285551 0.0493164 0.0102535 0.589345 0.000918216 
0.00573785 0.000368229 5.88291e-05 0.0428106 0.108825 0.00376445 0.00589945 0.00140096 0.00147746 0.0185255 0.0660309 0.0277466 0.00487885 0.707035 0.00543972 
0.0019995 1.01887e-05 3.708e-05 0.279569 0.143596 0.00097406 0.00689845 0.000507768 0.00118069 0.00396223 0.0475445 0.116175 0.0716413 0.320479 0.00542486 
0.055739 0.00235803 5.5337e-05 0.0775701 0.0767443 0.00749855 0.0228638 0.00130923 0.00339612 0.00640965 0.04139 0.0933177 0.0151771 0.58979 0.00638079 
0.000573364 8.01876e-06 5.45025e-08 0.0333071 0.157155 0.000728766 0.00237446 4.02668e-05 0.000493097 0.0138989 0.0794446 0.0375541 0.0185454 0.655364 0.000513162 
0.0233653 0.000913113 8.84775e-05 0.157531 0.135585 0.000771745 0.000966398 0.000493574 0.00462437 0.224523 0.102413 0.028005 0.0163707 0.303818 0.00053082 
0.00198666 0.000116918 5.76705e-05 0.0530376 0.172247 0.00112243 0.00240597 6.7057e-05 0.00394095 0.0136909 0.0780965 0.015716 0.0126961 0.553865 0.0909534 
0.0104541 0.00139738 0.000198381 0.113068 0.115807 0.00256247 0.00752538 0.0011444 0.0087441 0.0182195 0.0677816 0.0510208 0.00802368 0.588468 0.00558416 
4.99033e-05 1.30769e-06 3.88682e-05 0.0335684 0.107302 0.000729 0.00217728 5.073e-05 0.00227614 0.0124767 0.0375939 0.0141442 0.00390625 0.785611 7.45633e-05 
0.00887432 1.75304e-05 3.56833e-09 0.158158 0.298853 0.00511685 0.0117441 9.35158e-09 6.21953e-10 0.00371176 0.0223027 0.00446614 3.28874e-06 0.486751 8.16917e-07 
0.00161757 2.79078e-05 4.02245e-05 0.0305846 0.122293 0.000102281 0.017934 4.33998e-05 0.00340171 0.0134677 0.128982 0.0526898 0.00385067 0.616033 0.00893146 
0.0423753 0.000901665 4.7444e-05 0.0479893 0.0865132 0.00073934 0.0149025 0.000533795 0.00872407 0.00263811 0.0929936 0.115731 0.0585365 0.523099 0.00427537 
0.00393872 5.00995e-05 1.43969e-06 0.0208052 0.26644 0.000158198 0.00189527 0.000136097 0.000446236 0.0218748 0.0806934 0.0208049 0.00103242 0.581659 6.40472e-05 
0.123444 0.00951388 0.000216674 0.0854999 0.0938916 0.00294954 0.0298997 0.00666232 0.00581133 0.0216449 0.0747687 0.110142 0.0292575 0.396878 0.00942008 
0.00230577 0.000148816 7.92097e-05 0.0694324 0.0120094 4.91885e-07 0.0175774 0.000141277 3.47943e-06 1.12304e-07 0.00024876 0.00379927 0.00163173 0.892338 0.000283756 
0.0281652 0.000420804 1.74926e-06 0.0505224 0.219688 0.0572489 0.0129123 0.000919108 0.00165271 0.0046381 0.0514353 0.0311704 0.00542733 0.492919 0.0428791 
0.027964 0.0004798 3.8361e-08 0.0510809 0.346788 0.000653615 0.150056 0.000238182 0.00312654 0.00682163 0.0358818 0.0270267 0.000270924 0.347796 0.00181581 
0.00251945 1.56303e-05 5.20301e-05 0.040242 0.104212 0.00135474 0.00614832 8.2731e-05 0.00106152 0.0159834 0.0756233 0.018358 0.00845972 0.723325 0.0025628 
0.000311291 0.000141811 0.211725 0.0667831 0.159465 0.010225 0.00945459 0.0484894 0.000326561 0.0441377 0.0330377 0.0420063 0.00214241 0.371655 9.98135e-05 
0.000573364 8.01876e-06 5.45025e-08 0.0333071 0.157155 0.000728766 0.00237446 4.02668e-05 0.000493097 0.0138989 0.0794446 0.0375541 0.0185454 0.655364 0.000513162 
0.0121642 0.000210648 0.000209379 0.0779154 0.162082 0.0369175 0.0188639 0.00145056 0.00413519 0.0137874 0.0770669 0.0532884 0.0216813 0.517335 0.0028922 
0.000522123 0.0133065 0.00057822 0.183583 0.254187 0.0103252 0.00997864 4.23369e-05 0.00113283 0.0543799 0.0881898 0.100993 0.0135644 0.269038 0.000179206 
0.0350073 2.07705e-05 2.27555e-05 0.0569334 0.213271 0.000493663 0.00102763 0.00202637 0.000826523 0.0737605 0.136352 0.0437028 0.0106976 0.425203 0.00065513 
0.0981212 1.63551e-05 1.06682e-05 0.115308 0.0363992 0.00400395 0.184057 0.000353604 0.00872631 0.0024115 0.116189 0.07776 0.0014464 0.354938 0.000258914 
0.0194736 6.98943e-05 0.000167226 0.0945871 0.229823 0.000828095 0.0114234 3.39291e-05 0.00705601 0.0489835 0.156441 0.12939 0.0209477 0.279778 0.000997427 
0.005232 0.000670201 0.0838742 0.0758991 0.0514605 0.0161246 0.135171 0.00114535 0.144041 0.020796 0.0748513 0.174538 0.0328222 0.182233 0.00114183 
0.00504885 0.00866249 7.55311e-05 0.0530476 0.305801 0.00181179 0.0146733 0.000411451 0.00894955 0.0509174 0.0663529 0.0606403 0.0183853 0.403891 0.00133161 
0.0521805 0.015447 4.09503e-05 0.108713 0.184907 0.0036622 0.0491211 0.000268979 0.0062467 0.0411805 0.19439 0.0417545 0.00452846 0.284493 0.0130663 
2.90142e-05 7.49809e-06 9.66664e-08 0.0671673 0.098177 0.000346708 0.00028337 0.000132676 0.00150429 0.0334104 0.138155 0.0315025 0.0026674 0.626515 0.000101237 
0.0137485 0.00149483 0.000364847 0.066916 0.263063 0.00403825 0.00673723 0.0071332 0.00310528 0.0104922 0.137674 0.0475392 0.0220736 0.382297 0.0333233 
0.00577439 7.10755e-05 5.44398e-05 0.053499 0.185131 0.00351369 0.00447747 0.000691695 0.0045351 0.0134214 0.089956 0.0386401 0.00800311 0.587446 0.00478501 
0.00393872 5.00995e-05 1.43969e-06 0.0208052 0.26644 0.000158198 0.00189527 0.000136097 0.000446236 0.0218748 0.0806934 0.0208049 0.00103242 0.581659 6.40472e-05 
0.0275181 3.61959e-06 3.95832e-05 0.0499927 0.227928 0.00053735 0.000648088 0.016798 0.00089589 0.0655873 0.101335 0.0417273 0.0120597 0.454524 0.000405029 
0.0153765 0.000110656 7.2891e-09 0.0155246 0.174792 0.000512818 0.00335206 0.000597379 0.000832702 0.00544058 0.0437133 0.0186251 0.000427843 0.718804 0.00189031 
0.0809054 0.0102617 3.26486e-06 0.0826805 0.106052 0.00287415 0.00223351 0.00572764 0.00312932 0.00933162 0.0779026 0.100237 0.0100021 0.484934 0.0237251 
0.000957307 2.25706e-05 0.000122792 0.0214129 0.159492 0.000929853 0.00185495 0.00299375 0.00252252 0.0512816 0.0658962 0.0140285 0.015355 0.657639 0.00549115 
0.0054905 0.000810136 0.000637946 0.14872 0.0915468 0.00167451 0.00885772 0.00168117 0.00614818 0.0322692 0.188008 0.235037 0.030819 0.241391 0.00690836 
3.43702e-06 8.6044e-07 3.27108e-11 0.0158715 0.219026 0.000598861 0.00159742 9.15937e-05 0.0444695 0.000601318 0.00666484 0.0200712 0.0100257 0.677018 0.00395992 
7.27536e-05 8.42858e-06 5.00011e-06 0.0286853 0.0601341 0.00031119 0.00120286 0.00307864 0.00124637 0.00601886 0.0222681 0.00440061 0.00306987 0.869403 9.48724e-05 
8.77662e-06 5.28438e-06 3.4752e-05 0.0304524 0.187085 0.00155724 0.00114583 3.10448e-05 0.00517504 0.0121413 0.0671301 0.00808702 0.0140509 0.672466 0.000628756 
0.0108271 0.000795526 2.92576e-05 0.0515887 0.0406392 0.000784283 0.00113897 0.00309006 0.00554406 0.00395693 0.0636895 0.258087 0.0255818 0.528664 0.00558392 
0.0187689 3.82625e-05 0.000500148 0.333252 0.118262 0.00137235 0.0320821 0.000229123 0.00570965 0.0258734 0.0481609 0.0497655 0.00198056 0.363148 0.000856988 
0.0255667 0.000838298 8.92434e-05 0.0686715 0.0893361 0.00194243 0.0109625 0.00252292 0.00144447 0.0169498 0.0325402 0.0484924 0.00708396 0.68664 0.00691954 
0.0415652 0.00502695 0.000162474 0.0448708 0.123688 0.00263713 0.00852593 0.00381581 0.00296406 0.00818263 0.0745011 0.0683294 0.0195409 0.539594 0.0565963 
3.09415e-05 9.72466e-06 0.000236222 0.036253 0.0962472 0.00478947 0.00240368 0.0323794 0.000883207 0.0151558 0.0421569 0.0338055 0.00359773 0.73197 8.06962e-05 
0.000341399 4.62884e-06 6.21346e-08 0.0246124 0.261572 0.00181435 0.00139677 3.61547e-05 0.000284503 0.00919396 0.0458335 0.021703 0.0106995 0.622212 0.00029608 
0.00431205 0.000801419 8.46632e-05 0.0357195 0.0563876 0.00136749 0.00179641 0.00205147 0.0027812 0.00980657 0.0561022 0.0936795 0.0171958 0.7133 0.00461381 
0.00622745 5.33312e-05 6.027e-05 0.0612193 0.204131 0.00187917 0.00717684 0.00101107 0.00111997 0.0310641 0.0363459 0.0342687 0.012505 0.598494 0.00444393 
0.0260082 1.54923e-05 1.69732e-05 0.116269 0.230998 0.000366938 0.00136369 0.00150571 0.00257189 0.062038 0.116384 0.0633861 0.038994 0.339157 0.00092443 
0.000352432 2.84445e-05 2.34986e-06 0.0688594 0.299781 0.0127523 0.00449422 2.43553e-05 0.000306773 0.036779 0.123588 0.0179811 0.0161487 0.418754 0.000147674 
7.40841e-05 1.26108e-05 7.67072e-06 0.0354565 0.0876446 0.0014743 0.000304899 0.00010294 0.000384183 0.00795453 0.119357 0.00872393 0.00717074 0.730784 0.000548758 
7.08177e-05 5.18936e-06 3.79294e-05 0.0427489 0.0594728 0.00235018 0.000387262 0.000502274 0.00155434 0.00815747 0.0770038 0.0478037 0.0192777 0.739319 0.00130905 
0.0174645 0.00146373 4.75467e-05 0.0442696 0.288732 0.00464347 0.00378451 0.00159704 0.0108686 0.00830231 0.127098 0.0501515 0.0249891 0.404191 0.0123973 
0.0108271 0.000795526 2.92576e-05 0.0515887 0.0406392 0.000784283 0.00113897 0.00309006 0.00554406 0.00395693 0.0636895 0.258087 0.0255818 0.528664 0.00558392 
0.000718274 2.17559e-05 4.20162e-05 0.0248576 0.0374557 0.000191075 0.00651667 5.81244e-05 0.002911 0.00657515 0.160676 0.0335148 0.00710999 0.704715 0.0146366 
0.0809054 0.0102617 3.26486e-06 0.0826805 0.106052 0.00287415 0.00223351 0.00572764 0.00312932 0.00933162 0.0779026 0.100237 0.0100021 0.484934 0.0237251 
0.0231808 2.69406e-05 0.000358963 0.134773 0.0240677 0.000188466 0.0161513 0.000144454 0.00523109 0.00989008 0.0788298 0.0785358 0.00464358 0.623834 0.000144133 
0.00127861 2.5963e-06 1.14854e-06 0.0226456 0.0685254 7.8567e-05 0.0018421 3.46713e-05 0.000711634 0.0240826 0.0512675 0.00411629 0.00291838 0.821574 0.000921035 
0.00197936 6.35886e-05 6.59957e-05 0.0567288 0.160404 0.00405432 0.0716902 0.000215225 0.00358498 0.0544709 0.128421 0.0388477 0.0247341 0.454268 0.000472718 
0.00802226 0.0118182 9.63743e-05 0.0430248 0.10623 0.00182792 0.01928 0.00136287 0.00547839 0.00823125 0.0750777 0.107557 0.0162308 0.587691 0.00807096 
0.0244003 0.00489188 3.20936e-05 0.0301021 0.0213659 0.000734774 0.00134494 0.00671692 0.00628504 0.00144987 0.0397598 0.263436 0.0324825 0.551924 0.0150737 
0.00374602 4.18654e-05 1.80282e-05 0.0254556 0.145614 0.00119385 0.00254517 0.000609312 0.000636343 0.00646103 0.062822 0.0213894 0.00700085 0.720454 0.00201268 
0.00189485 5.76769e-05 0.000112165 0.0737535 0.103622 0.000353803 0.0524426 2.43993e-05 0.00155126 0.0232744 0.0848472 0.0340012 0.00607396 0.617762 0.000228937 
0.000778891 3.30815e-05 0.00010685 0.0526131 0.292321 0.000510418 0.00589134 0.00419062 0.0206023 0.0982403 0.0775316 0.038991 0.0139494 0.391633 0.00260632 
0.000307129 1.23757e-05 1.2525e-07 0.014625 0.121207 0.000343339 0.00030359 0.0073402 2.7122e-05 0.143249 0.0206742 0.00263312 0.000667544 0.688219 0.000390569 
0.0809054 0.0102617 3.26486e-06 0.0826805 0.106052 0.00287415 0.00223351 0.00572764 0.00312932 0.00933162 0.0779026 0.100237 0.0100021 0.484934 0.0237251 
0.000390995 5.47165e-06 5.92637e-08 0.0401578 0.200132 0.000516485 0.00296851 2.74721e-05 0.028519 0.0144296 0.0755022 0.0905767 0.0285476 0.517419 0.000807152 
0.0387001 7.25311e-06 2.05091e-06 0.0296235 0.243352 0.00121041 0.000374995 0.0154159 0.000145199 0.0600501 0.0625775 0.0239818 0.00707123 0.516858 0.000630344 
0.00395286 1.33676e-05 5.76698e-06 0.0562035 0.180893 0.00155085 0.00237946 0.000750446 0.00407199 0.0154992 0.10086 0.0470964 0.00478386 0.581573 0.000365541 
