0.255921 0.0157632 0.106985 0.0139054 0.0166224 9.66731e-05 0.00682388 0.0862457 0.00104786 0.000254443 0.0846747 0.0316664 0.0324576 0.280938 0.0665971 
0.0458149 0.000363655 0.0637625 0.0126996 0.0126012 0.00101376 0.000868799 0.00377412 0.000178368 3.42206e-06 0.0326258 0.0199244 0.00729735 0.726581 0.0724906 
0.229711 0.0215137 0.11683 0.0255196 0.0129215 0.000159294 0.00501731 0.0681409 0.00197722 7.17704e-07 0.119373 0.0486063 0.0115417 0.236337 0.102352 
0.124448 0.00423002 0.168382 0.0410889 0.0214188 0.00144736 0.0106275 0.131255 0.00953797 0.00020709 0.168775 0.0661017 0.0203022 0.192428 0.0397506 
0.0465394 0.00776587 0.0973296 0.0392749 0.0879683 2.01867e-05 0.00221649 0.029475 0.00018202 9.26228e-05 0.0808854 0.0553148 0.0902443 0.45269 0.0100015 
0.0467213 0.0104762 0.0569484 0.0107311 0.060259 0.00193676 0.00828992 0.0298199 0.00173345 0.000371824 0.207687 0.109368 0.0169033 0.429285 0.00946834 
0.0971203 0.00268294 0.144683 0.0597094 0.220784 0.000181853 0.0051587 0.0869405 4.95596e-05 0.000736384 0.0716647 0.0238294 0.00780929 0.248651 0.029999 
0.0835064 0.0457512 0.0953716 0.00242001 0.0135202 0.000132142 0.00068018 0.0737335 1.00501e-05 4.0276e-06 0.00361122 0.0156417 0.0112411 0.630102 0.0242742 
0.252169 0.000706398 0.0365161 0.041445 0.010304 0.0610428 0.0131644 0.00945647 9.33041e-05 0.000212239 0.0875726 0.116326 0.0632515 0.277051 0.03069 
0.175145 0.00858338 0.0937721 0.0301625 0.155646 0.000907944 0.00911872 0.0411933 0.00417979 0.000117339 0.0892923 0.0829488 0.0417676 0.233361 0.0338039 
0.0268594 0.0100856 0.0412851 0.0196372 0.0459856 0.000918548 0.0055182 0.0228441 0.000222799 0.000241703 0.0889365 0.137694 0.0173178 0.572147 0.0103069 
0.113402 0.000455677 0.0461978 0.00885073 0.0138549 0.000172463 0.0151278 0.0225584 4.87454e-05 2.85575e-07 0.0630948 0.281285 0.0490766 0.353583 0.0322923 
0.144403 0.00284407 0.106161 0.0278311 0.00872621 0.000157771 0.0201349 0.115516 0.00449541 0.000135081 0.130357 0.055364 0.0680078 0.255886 0.0599805 
0.123018 0.0126112 0.157436 0.0372737 0.0426126 0.00199218 0.00954836 0.0660096 0.00207062 0.000522377 0.0809114 0.10631 0.0393774 0.284815 0.0354917 
0.11918 0.012753 0.131356 0.0370668 0.078323 0.0269152 0.00400973 0.0395872 0.00175722 0.000807509 0.0852147 0.0670261 0.0203069 0.313544 0.0621528 
0.249545 0.00557725 0.16478 0.0360354 0.0237609 0.000752814 0.000909813 0.0498381 0.000215462 5.96756e-05 0.104016 0.00945911 0.0263774 0.298897 0.0297768 
0.191512 0.00106123 0.077453 0.0118976 0.0146846 0.0215283 0.00641628 0.162358 0.0140977 4.89079e-06 0.0476113 0.137541 0.0154583 0.24477 0.0536062 
0.0628488 0.00170031 0.0528488 0.0123402 0.0340959 1.37779e-05 0.0935231 0.0695344 0.00320149 0.000564988 0.0385255 0.0737595 0.0323497 0.507377 0.0173164 
0.185364 0.0155794 0.14132 0.0262479 0.10015 0.00350021 0.0129621 0.0981681 0.000922429 0.000192694 0.0797786 0.0386526 0.0304532 0.226519 0.0401889 
0.080976 0.0471125 0.168803 0.0350695 0.0172783 0.00038023 0.00425037 0.0701415 0.00347156 0.000345165 0.134373 0.124467 0.0267252 0.262221 0.024386 
0.0699967 0.00246618 0.0396008 0.0332055 0.143133 0.000254232 0.00111039 0.0197419 0.00169826 0.000382331 0.0495933 0.060559 0.00674219 0.529835 0.0416812 
0.164173 0.0112621 0.139924 0.0681381 0.03969 0.000703169 0.00585337 0.0667707 0.0021883 0.00321946 0.0812782 0.0821214 0.0416309 0.252411 0.0406368 
0.177299 0.00268199 0.168826 0.0277795 0.0867626 4.76899e-05 0.000633647 0.184601 0.00174084 4.5269e-05 0.0527301 0.0104666 0.0211028 0.211329 0.0539534 
0.136986 0.00431003 0.11684 0.0140396 0.0279502 1.69902e-05 0.00065363 0.173418 1.92964e-05 2.22557e-06 0.00964423 0.0557061 0.0673158 0.330039 0.0630598 
0.129055 0.0096216 0.0828145 0.0293823 0.214865 0.00159262 0.0105782 0.045949 0.00566855 0.00111185 0.108057 0.0723995 0.0187149 0.233279 0.0369107 
0.0820152 0.0550699 0.115279 0.00822998 0.0294234 8.82763e-06 0.001051 0.125342 0.00124621 3.15119e-06 0.00672644 0.0230378 0.0208845 0.503882 0.0278008 
0.248033 0.000245798 0.102812 0.0122201 0.0245452 0.000710236 0.00146158 0.049139 0.000142197 8.66737e-05 0.0281441 0.0814507 0.010056 0.357767 0.0831861 
0.183816 0.0063928 0.0762864 0.0167621 0.201644 0.000804543 0.00772434 0.0428957 0.00124396 5.208e-05 0.0591197 0.072177 0.0127177 0.281395 0.0369683 
0.0266731 0.00385607 0.0471064 0.00602411 0.0283941 2.03021e-05 0.000917414 0.0194358 0.000418835 9.48181e-05 0.0166943 0.0162847 0.00855978 0.813223 0.0122975 
0.109389 0.00118531 0.127405 0.0183345 0.0713256 8.11675e-05 0.00136925 0.0622729 0.000436904 0.000302682 0.0597872 0.0870303 0.017173 0.421959 0.0219476 
0.203496 0.0078897 0.125307 0.0155966 0.152667 0.00143423 0.00440511 0.0824652 0.0016533 5.28324e-05 0.0484915 0.0400136 0.0142603 0.277214 0.0250524 
0.0268594 0.0100856 0.0412851 0.0196372 0.0459856 0.000918548 0.0055182 0.0228441 0.000222799 0.000241703 0.0889365 0.137694 0.0173178 0.572147 0.0103069 
0.162068 0.00623197 0.0855852 0.0251019 0.0539682 0.000345324 0.00437963 0.0211171 0.0846649 5.53015e-05 0.0616484 0.0144198 0.205438 0.211834 0.0631431 
0.204383 0.0319491 0.120827 0.0144644 0.00499778 0.000109022 0.00360985 0.104689 3.40496e-05 1.37565e-05 0.0542591 0.059057 0.0213537 0.359239 0.0210132 
0.0734101 0.00552465 0.0594339 0.0417837 0.0242913 0.0327377 0.00242837 0.0545593 0.000171284 0.00115509 0.0435227 0.0974852 0.01611 0.534356 0.0130306 
0.0591409 0.0134365 0.0656364 0.0377852 0.0561058 0.000650766 0.00860834 0.0190708 0.0058261 0.00334011 0.0939421 0.0983687 0.026192 0.474876 0.0370207 
0.127169 0.0178249 0.110563 0.0378807 0.0164922 0.00127784 0.0149566 0.12653 0.00221529 0.00014599 0.123539 0.131318 0.037605 0.203403 0.0490801 
0.163037 0.00990553 0.149189 0.0397103 0.0323099 0.00103476 0.00780627 0.127301 0.00233742 0.00122484 0.0995398 0.0794453 0.0279662 0.213749 0.0454433 
0.118932 0.00322108 0.0490057 0.0118562 0.119534 0.000401273 0.0099481 0.0827003 7.22287e-06 2.93753e-05 0.0228701 0.0599475 0.00399472 0.510835 0.00671687 
0.0429413 0.000833817 0.0634691 0.00585221 0.0315863 0.000577644 0.00176767 0.0234956 0.000420574 1.45094e-05 0.0193608 0.0150857 0.0075076 0.76788 0.0192077 
0.054262 0.014405 0.0855305 0.014327 0.168134 0.00023134 0.00229106 0.0312465 0.000650324 0.000139255 0.0762098 0.178272 0.0213289 0.341738 0.011235 
0.134083 0.000892073 0.0584983 0.0268954 0.0305107 0.000431581 0.000493022 0.0152814 0.00231479 4.07901e-05 0.0326634 0.209947 0.00367841 0.464588 0.0196821 
0.0941397 0.143682 0.124734 0.0969492 0.0381328 0.00220968 0.0130738 0.0560918 0.0023842 0.00079517 0.0639209 0.0581199 0.047836 0.218155 0.0397766 
0.0835064 0.0457512 0.0953716 0.00242001 0.0135202 0.000132142 0.00068018 0.0737335 1.00501e-05 4.0276e-06 0.00361122 0.0156417 0.0112411 0.630102 0.0242742 
0.0502136 0.00427377 0.207705 0.0153088 0.00694926 0.000216454 0.0171606 0.0677317 0.000132028 0.000606021 0.0589716 0.197624 0.0335509 0.331346 0.00821017 
0.170455 0.0160571 0.12151 0.0579462 0.0279337 0.000444035 0.0326331 0.0842821 0.00259451 0.000974084 0.0797425 0.0646212 0.0208264 0.239489 0.0804918 
0.163406 0.0056526 0.121589 0.029522 0.0667242 0.00137763 0.00197165 0.0667818 0.00631078 0.0133338 0.155197 0.0751565 0.0226853 0.233549 0.0367418 
0.0766741 0.0229102 0.0943991 0.117058 0.0201282 0.000839223 0.00218085 0.033426 0.00249412 4.33004e-06 0.174968 0.0444123 0.0327836 0.323239 0.0544829 
0.332951 0.0007039 0.0604743 0.0137391 0.00380142 0.00695785 0.00406054 0.0251026 0.000921135 0.000520937 0.0295128 0.0373922 0.00652342 0.445636 0.031703 
0.123539 0.00762023 0.130494 0.0857596 0.0158406 0.00109257 0.0832258 0.0916038 0.00379502 0.000141145 0.0550044 0.0445354 0.0255967 0.271346 0.060406 
0.0737451 0.00490191 0.059763 0.0170714 0.0796344 0.0012129 0.00696815 0.0939933 2.6156e-05 0.000245604 0.140566 0.101378 0.0160114 0.378489 0.0259942 
0.155621 0.0107855 0.13589 0.0405111 0.0342009 0.00221092 0.0106219 0.0790788 0.00458765 0.00267242 0.0969791 0.109065 0.0258482 0.244762 0.0471659 
0.219207 0.00688868 0.11467 0.0250745 0.0257392 0.000402582 0.00458601 0.0570873 0.000143614 8.94347e-05 0.0966353 0.135244 0.0153232 0.243572 0.0553376 
0.0132163 7.0206e-05 0.0264844 1.66161e-05 0.000216633 1.39467e-06 0.00198711 0.153467 0.000121899 0.00738576 0.0062458 6.46742e-05 0.000667954 0.786787 0.00326755 
0.187506 0.0035774 0.184238 0.0360276 0.0329198 0.00135543 0.00264101 0.102688 0.000738412 0.000163533 0.126197 0.0308063 0.0230539 0.230709 0.0373786 
0.0421626 0.00138836 0.0624646 0.00646804 0.0289676 0.000658579 0.00215966 0.0221573 0.00157928 5.75952e-05 0.0199096 0.0207053 0.00745789 0.764614 0.0192496 
0.112726 0.00952522 0.197867 0.0240018 0.0216528 0.00101227 0.00663865 0.189406 0.00180764 4.04524e-05 0.0495179 0.038927 0.0396827 0.270051 0.0371427 
0.209371 0.0207098 0.121473 0.0493561 0.0114622 0.00507248 0.0220842 0.0583013 0.000382424 0.000128506 0.0782124 0.0402413 0.0483252 0.268473 0.0664065 
0.154404 0.0150978 0.113253 0.0320912 0.0339502 0.0019889 0.0117319 0.0823302 0.00291283 0.000251043 0.0866974 0.142771 0.0275115 0.254789 0.04022 
0.074124 0.0085534 0.0984729 0.174543 0.00833551 0.000729741 0.00675245 0.0190145 0.000403206 0.164618 0.127449 0.0851971 0.0137118 0.187625 0.0304707 
0.0835064 0.0457512 0.0953716 0.00242001 0.0135202 0.000132142 0.00068018 0.0737335 1.00501e-05 4.0276e-06 0.00361122 0.0156417 0.0112411 0.630102 0.0242742 
0.0960436 0.00494966 0.0771989 0.0490424 0.108945 0.000532158 0.0160111 0.0551382 0.00441869 3.54957e-05 0.154563 0.153072 0.0507452 0.209595 0.0197098 
0.0315269 0.0234927 0.134459 0.10653 0.018547 0.00782356 0.0101983 0.0626489 0.00901089 0.000574977 0.102657 0.0982184 0.0895373 0.208032 0.0967428 
0.200901 0.0109844 0.121831 0.0282134 0.0225737 0.00177618 0.00822959 0.0708712 0.00158672 0.00066367 0.0619503 0.178388 0.026195 0.22809 0.0377463 
0.115706 0.00328161 0.0886791 0.0411391 0.010419 0.0232846 0.00250907 0.0374847 0.00461439 0.000676913 0.184999 0.0221352 0.0111458 0.429574 0.024351 
0.205137 0.0137508 0.132234 0.0321591 0.0263383 0.00165246 0.0105675 0.04528 0.00161313 0.000202583 0.105396 0.101521 0.0285686 0.24256 0.0530199 
0.135781 0.0269439 0.058963 0.00248439 0.0105555 0.000466417 0.0012868 0.0502661 0.0002262 5.55217e-05 0.00442283 0.114476 0.00754267 0.57036 0.0161695 
0.212646 0.0450412 0.00580655 0.0371109 0.00672792 2.39663e-08 0.000108316 0.00561688 1.06144e-05 2.80082e-08 0.0611782 0.197877 3.66645e-05 0.423252 0.00458689 
0.0453861 0.000311725 0.0570984 0.0119128 0.0131351 0.000869008 0.000744718 0.00323499 0.000152928 2.9359e-06 0.027965 0.0185898 0.00625491 0.752207 0.0621349 
0.0130214 0.000459703 0.0153133 0.0033151 0.201893 1.38153e-06 4.77777e-05 0.00451971 5.73909e-07 3.68039e-09 0.00143784 0.0595887 9.91405e-05 0.6861 0.0142019 
0.103054 0.00110261 0.153089 0.0177291 0.0085111 0.00272273 0.00943295 0.135931 0.000616053 0.000432839 0.0542523 0.0736815 0.0189955 0.361956 0.0584922 
0.0546103 0.00551595 0.0276925 0.130789 0.0116001 0.000257881 0.00519449 0.0178849 0.0190413 0.000137376 0.0542113 0.0596452 0.0160189 0.587859 0.00954147 
0.0835064 0.0457512 0.0953716 0.00242001 0.0135202 0.000132142 0.00068018 0.0737335 1.00501e-05 4.0276e-06 0.00361122 0.0156417 0.0112411 0.630102 0.0242742 
0.0775368 0.00276186 0.154081 0.0815777 0.0658648 0.0001591 0.0322514 0.0374603 0.00971848 0.000280638 0.14308 0.117618 0.0342452 0.21465 0.0287159 
0.0917778 0.00121468 0.0644016 0.0498103 0.0101455 0.00992045 0.00205299 0.0257279 4.83743e-05 8.0444e-05 0.0665027 0.08503 0.0129544 0.551768 0.0285645 
0.0626215 0.00507875 0.0372822 0.0162899 0.0146077 0.000189848 0.00593336 0.0109952 0.000213678 2.65271e-05 0.178227 0.210618 0.019557 0.41354 0.0248193 
0.0292467 0.00294449 0.0413068 0.00709081 0.0290666 2.0131e-06 0.00078968 0.0138155 3.08474e-05 9.0324e-06 0.0221387 0.00973318 0.00641539 0.827984 0.00942594 
0.0755214 0.00493471 0.186263 0.0266624 0.0401448 0.000562381 0.00190641 0.188126 0.00036455 0.00160407 0.108844 0.0864844 0.0064048 0.231384 0.040792 
0.168983 0.00878002 0.0885034 0.0317995 0.0566612 0.00821505 0.00617993 0.0430328 0.00259542 0.000129518 0.0950813 0.0877167 0.0232062 0.327743 0.0513727 
0.0961729 0.0026924 0.0507382 0.0196237 0.134127 0.000448041 0.00145356 0.00938179 0.00275966 0.000303328 0.127958 0.0864641 0.00416707 0.443207 0.0205029 
0.187872 0.00406525 0.0720612 0.013457 0.0437429 0.00110944 0.00318635 0.117614 0.00929854 0.000256039 0.0591528 0.0979641 0.0143652 0.340729 0.035125 
0.119506 0.00554639 0.174906 0.0237589 0.0113354 0.00111012 0.0100367 0.117415 0.000630727 0.000480221 0.0253707 0.0496633 0.0251524 0.40506 0.0300294 
0.130073 0.00575761 0.0928286 0.0182271 0.0127565 0.00364733 0.0087541 0.0383935 0.000224704 0.000160633 0.0812543 0.244015 0.0227962 0.276606 0.0645062 
0.112522 0.0200768 0.207199 0.034573 0.0161899 0.00145263 0.0214604 0.0749876 0.00787432 0.00020865 0.100561 0.0355201 0.0223184 0.306179 0.0388768 
0.113993 0.0170958 0.080762 0.0158867 0.0427212 0.000455404 0.0112151 0.103715 0.00760419 2.45204e-05 0.135493 0.00844944 0.0391758 0.391419 0.0319907 
0.0428426 0.00140147 0.0762915 0.00951083 0.0360017 0.0005764 0.00268098 0.0237402 0.00045176 1.43513e-05 0.0324448 0.0175655 0.00818212 0.726309 0.0219867 
0.0772633 0.00434818 0.146042 0.0342149 0.0544352 0.000240269 0.0122798 0.045048 0.00149682 0.000304242 0.135772 0.198757 0.0399741 0.209527 0.0402978 
0.191125 0.00671701 0.136604 0.00331868 0.0163267 0.000141204 0.000695144 0.193561 4.10528e-05 1.51243e-05 0.0640255 0.127376 0.00483392 0.208744 0.0464756 
0.144324 0.0161942 0.131353 0.0447074 0.0141517 0.000682132 0.00616853 0.0613171 0.00397921 0.00149633 0.103304 0.088699 0.0300859 0.31255 0.040987 
0.14044 0.000384382 0.0840661 0.00748196 0.0149799 0.0210586 0.0376487 0.101586 2.31634e-05 9.41205e-05 0.0198913 0.132958 0.0243043 0.351471 0.0636122 
0.0907954 0.0095952 0.12206 0.154374 0.0180926 0.00334642 0.00324419 0.0352204 0.000759794 0.0106021 0.170902 0.0120023 0.0135618 0.296368 0.0590758 
0.0650951 0.00881975 0.0589819 0.172374 0.025375 0.0479244 0.0018503 0.0147174 0.00017337 0.002179 0.212309 0.0990186 0.0292015 0.227119 0.0348611 
0.0952104 0.0444808 0.104556 0.00693069 0.0164369 9.91088e-05 0.00193644 0.0561872 1.53436e-05 3.02098e-06 0.0161839 0.0186885 0.0103511 0.60266 0.0262605 
0.109411 0.00554118 0.172523 0.030774 0.0625437 0.000532723 0.00387932 0.120763 0.00202425 0.000229295 0.0647375 0.0495362 0.0247146 0.312986 0.0398044 
0.12308 0.0108772 0.141795 0.0446019 0.070392 0.000842813 0.00555111 0.0673257 0.00187188 0.000362978 0.0920892 0.0778949 0.0226007 0.292254 0.0484602 
0.0826382 0.00510929 0.0718443 0.0130775 0.00364579 0.000697197 0.0250873 0.163764 0.0264357 1.29704e-05 0.0231795 0.24544 0.056619 0.27079 0.0116594 
0.0896008 0.00707151 0.112562 0.0339014 0.079103 0.00176728 0.0214479 0.0965187 0.00140336 0.000406008 0.0685163 0.0527484 0.0201593 0.377264 0.0375298 
0.0815973 0.00816208 0.0686329 0.0222237 0.281104 0.000346791 0.00166268 0.026054 0.000134258 8.53504e-05 0.0382869 0.0343985 0.0112927 0.395292 0.0307272 
0.0891431 0.00424104 0.0468323 0.0336617 0.134467 0.000882844 0.000368943 0.00293381 0.000523618 0.000332796 0.136348 0.0920417 0.00383287 0.417724 0.0366666 
0.0807871 0.0415207 0.0687634 0.0195805 0.108834 0.000633486 0.0731721 0.0874188 0.000935332 0.000454247 0.103845 0.173648 0.00658808 0.175483 0.058336 
0.115171 0.00757872 0.145601 0.0352585 0.0197772 0.000119849 0.0202326 0.103152 0.000620521 0.00108027 0.0748294 0.0564703 0.0226982 0.348013 0.0493978 
0.132164 0.002394 0.0630718 0.012234 0.0116683 0.000418452 0.000828824 0.0254151 2.18672e-05 0.00112782 0.14757 0.039864 0.0106405 0.527682 0.0248993 
0.0770031 0.0760696 0.0823715 0.0612324 0.0681148 0.00146498 0.00871132 0.0781692 0.0100643 4.76658e-05 0.155951 0.04358 0.010166 0.301269 0.025785 
0.0850676 0.00216239 0.0109562 0.0150673 0.0466007 0.00451281 7.94485e-05 0.00937288 0.00164904 2.91682e-05 0.0700286 0.308642 0.00663335 0.430838 0.0083613 
0.199726 0.00284711 0.055342 0.0179518 0.011111 0.000134756 0.00325191 0.0129529 8.40045e-06 3.93349e-05 0.0399254 0.266741 0.00646678 0.350792 0.0327092 
0.0407235 0.0156484 0.0552128 0.00764932 0.0273731 0.00495902 0.00105507 0.0525352 2.57764e-05 1.34555e-05 0.0172742 0.0110196 0.00789284 0.734904 0.0237141 
0.165724 0.00694353 0.173497 0.0984617 0.064089 0.00135648 0.00209728 0.0442601 9.38676e-05 8.72399e-05 0.0679457 0.0276489 0.0228039 0.293798 0.0311927 
0.107801 0.000281272 0.0620413 0.0172546 0.0218286 0.00382278 0.00131983 0.0121503 6.55079e-05 0.000283837 0.131646 0.112767 0.0259809 0.45274 0.0500165 
0.127271 0.00313391 0.174056 0.103439 0.0209559 8.09401e-05 0.00340032 0.0675603 1.6108e-05 7.22162e-05 0.131855 0.111461 0.00773782 0.205783 0.0431771 
0.114488 0.00646536 0.135342 0.0183537 0.183968 0.0303993 0.00262171 0.0677522 0.000196669 0.000292577 0.0924246 0.029916 0.0114576 0.254067 0.0522543 
0.063521 0.000244979 0.103975 0.101303 0.00671491 0.00011208 0.000564837 0.0284949 0.000233162 8.50407e-05 0.108864 0.0235659 0.00587416 0.534157 0.0222899 
0.0964178 0.00468077 0.0463167 0.0425817 0.00335111 1.13593e-05 0.0248222 0.0131974 0.000218377 0.00183715 0.135587 0.119428 0.0417007 0.45926 0.0105896 
0.0531876 0.000916322 0.0204599 0.00812066 0.0098225 0.00138957 0.000816653 0.00238537 9.37491e-05 0.000234153 0.139833 0.0801489 0.00122846 0.639968 0.0413954 
0.04106 0.00997123 0.0299667 0.0151922 0.00807251 1.35236e-05 0.00242908 0.00321799 3.56508e-05 0.000134544 0.0645403 0.106026 0.00601326 0.696328 0.0169996 
0.0527988 0.0354286 0.0442875 0.00730618 0.0694188 0.00709534 0.0024847 0.133493 0.000114505 0.000932693 0.0521194 0.136147 0.00584022 0.41535 0.037183 
0.111104 0.0109848 0.108961 0.020035 0.0768208 0.00214114 0.016026 0.0660846 0.00273899 6.68838e-05 0.125743 0.164218 0.0213173 0.240505 0.0332545 
0.0896008 0.00707151 0.112562 0.0339014 0.079103 0.00176728 0.0214479 0.0965187 0.00140336 0.000406008 0.0685163 0.0527484 0.0201593 0.377264 0.0375298 
0.0531876 0.000916322 0.0204599 0.00812066 0.0098225 0.00138957 0.000816653 0.00238537 9.37491e-05 0.000234153 0.139833 0.0801489 0.00122846 0.639968 0.0413954 
0.101215 0.00326322 0.11108 0.0149149 0.0343907 0.00106804 0.0223718 0.0353632 1.38754e-05 2.15857e-05 0.0623185 0.0944161 0.0149269 0.490254 0.0143821 
0.136624 0.00881909 0.103761 0.0241865 0.0484319 0.00707065 0.00930391 0.129724 0.0127168 0.000262634 0.129565 0.144193 0.0292033 0.147642 0.0684981 
0.108339 0.0101372 0.132306 0.0133764 0.0642323 0.000808855 0.0102166 0.102369 0.00696171 9.34999e-05 0.0943414 0.0575239 0.00739212 0.319942 0.0719585 
0.0377394 0.00459726 0.0761846 0.0099564 0.031727 0.000427593 0.00196474 0.0389266 6.72242e-05 1.97282e-05 0.0192122 0.01414 0.0119323 0.73851 0.0145952 
0.114329 0.00502272 0.0538024 0.0408848 0.0894011 3.09185e-05 0.00035929 0.026099 1.60438e-05 0.000103273 0.107371 0.115452 0.0039918 0.394801 0.0483365 
0.119672 0.0179086 0.168268 0.022457 0.0207549 7.66029e-05 0.0499453 0.0571279 0.00023206 1.95971e-05 0.124968 0.141455 0.0488372 0.218051 0.0102263 
0.15672 0.0299335 0.101739 0.0579173 0.0149889 8.73965e-05 0.00251782 0.0152044 0.000829605 0.000372926 0.206719 0.0556305 0.00561149 0.314057 0.0376705 
0.0910069 0.00193079 0.0621603 0.00929794 0.00984497 0.000105444 0.0033793 0.0491687 0.000182924 0.0357646 0.0448474 0.149014 0.0171364 0.508083 0.0180772 
0.16819 0.0136015 0.128808 0.106794 0.0187389 0.00039358 0.00229285 0.052354 0.00115924 0.000619473 0.120322 0.042048 0.0386035 0.225538 0.080536 
0.182793 0.000244866 0.0287137 0.00884396 0.0192502 0.0415427 0.00425879 0.146044 0.00762781 1.00069e-05 0.0431119 0.0916202 0.0188188 0.348554 0.0585665 
0.0531876 0.000916322 0.0204599 0.00812066 0.0098225 0.00138957 0.000816653 0.00238537 9.37491e-05 0.000234153 0.139833 0.0801489 0.00122846 0.639968 0.0413954 
0.114095 0.0165316 0.0345615 0.0207307 0.302441 1.94267e-05 0.00188823 0.0229267 0.000316769 0.000129246 0.0693995 0.0637426 0.00964603 0.316842 0.02673 
0.0835064 0.0457512 0.0953716 0.00242001 0.0135202 0.000132142 0.00068018 0.0737335 1.00501e-05 4.0276e-06 0.00361122 0.0156417 0.0112411 0.630102 0.0242742 
0.106212 0.0122572 0.0458085 0.0190235 0.0851381 0.00211672 0.00345233 0.0204964 0.0223606 7.0255e-05 0.126932 0.102291 0.0287813 0.379635 0.0454251 
0.0386893 0.00277376 0.0336736 0.0368211 0.160413 1.2212e-05 0.00127136 0.00451561 0.000463828 0.000272255 0.0521178 0.196646 0.00184852 0.433087 0.037395 
0.181407 0.00828718 0.112835 0.0315995 0.0426333 0.00196114 0.010442 0.0557788 0.00345589 0.000401395 0.0962026 0.143705 0.0263567 0.241631 0.0433042 
0.178136 0.0110489 0.182476 0.029046 0.0471173 0.00382938 0.00551911 0.0904265 0.00131281 0.000218118 0.0778769 0.048031 0.0294501 0.221604 0.0739067 
0.063521 0.000244979 0.103975 0.101303 0.00671491 0.00011208 0.000564837 0.0284949 0.000233162 8.50407e-05 0.108864 0.0235659 0.00587416 0.534157 0.0222899 
0.0360412 0.000220553 0.0371678 0.0113434 0.010749 0.000119867 0.000575751 0.00431489 0.000144133 4.04394e-06 0.0220686 0.0220964 0.0074653 0.774535 0.0731541 
0.121038 0.008581 0.087479 0.0311813 0.131773 0.000346823 0.0124711 0.0281095 0.0769936 0.000338261 0.0702871 0.0172404 0.179259 0.207257 0.0276447 
0.145981 0.00243065 0.155399 0.0339154 0.0765419 0.00107248 0.00206833 0.138577 0.000326007 0.00128515 0.139157 0.0588599 0.0220104 0.166636 0.0557392 
0.115794 0.00956743 0.167277 0.0303956 0.0157074 0.000506552 0.00602939 0.108835 0.000844848 0.000227136 0.0934326 0.0696347 0.0177445 0.319666 0.044337 
0.159346 0.0038239 0.156409 0.0168291 0.127136 0.00297568 0.00377068 0.0909115 5.37693e-05 6.64103e-05 0.0777561 0.140771 0.0117031 0.172067 0.0363804 
0.0835064 0.0457512 0.0953716 0.00242001 0.0135202 0.000132142 0.00068018 0.0737335 1.00501e-05 4.0276e-06 0.00361122 0.0156417 0.0112411 0.630102 0.0242742 
0.221922 0.0129208 0.129663 0.0272018 0.0442086 0.0154127 0.00301279 0.0856973 0.00767516 5.28829e-05 0.0628885 0.0492064 0.0285519 0.264998 0.0465888 
0.05115 0.0072412 0.0709859 0.0238834 0.0756252 0.000811986 0.00333536 0.0253773 0.000400672 0.00193127 0.125197 0.0947116 0.0115071 0.427366 0.0804762 
0.0839428 0.0529176 0.113546 0.00487811 0.0153534 0.000489959 0.0019979 0.0763278 0.000442371 0.000107106 0.0086857 0.0333808 0.0148125 0.561361 0.0317566 
0.197655 0.0311154 0.0308001 0.0186854 0.00376579 0.00263488 0.000769629 0.0184666 2.14573e-06 0.000179405 0.0150703 0.0317209 0.0135897 0.56247 0.0730755 
0.0766733 0.00156059 0.155146 0.00769675 0.0369609 4.76917e-06 0.0171042 0.0272082 1.44405e-06 1.23327e-07 0.118229 0.131213 0.00322823 0.419735 0.00523799 
0.0749281 0.00265364 0.0664251 0.0553465 0.0157961 0.000393703 0.00332918 0.00360645 7.76449e-06 5.84835e-05 0.115634 0.00367488 0.00155468 0.622081 0.0345107 
0.118276 0.00786315 0.131529 0.0317022 0.0197651 0.000470739 0.00427722 0.07722 0.000127452 3.76561e-05 0.0656257 0.10327 0.0294288 0.314937 0.0954703 
0.109904 0.00584838 0.0726683 0.03522 0.0937764 0.000126845 0.00178506 0.0484674 3.87395e-05 0.000186567 0.0382134 0.0537806 0.0200736 0.494311 0.0255996 
0.220916 0.00598334 0.132531 0.0249195 0.0198775 0.0129532 0.0055294 0.0570825 2.13847e-05 3.55472e-05 0.0345565 0.0607016 0.0271715 0.280874 0.116848 
0.112092 0.0171446 0.0479929 0.0322465 0.0324198 1.69334e-05 0.00153481 0.0174567 6.92221e-05 7.29272e-05 0.0878943 0.0337114 0.027415 0.440454 0.149479 
0.0977511 0.0136956 0.0716206 0.00461536 0.0181644 0.00574856 0.0106519 0.0335652 0.00353155 1.87819e-05 0.141652 0.0229553 0.118085 0.4238 0.0341445 
0.0531876 0.000916322 0.0204599 0.00812066 0.0098225 0.00138957 0.000816653 0.00238537 9.37491e-05 0.000234153 0.139833 0.0801489 0.00122846 0.639968 0.0413954 
0.123606 0.0130287 0.118404 0.0372274 0.0508874 0.000630237 0.00576562 0.0510269 0.0088919 0.0015159 0.0673626 0.221974 0.0206351 0.232608 0.0464371 
0.132062 0.0051065 0.0678405 0.0540436 0.192937 0.000156618 0.00471462 0.0149447 0.000674067 0.000135349 0.110684 0.125639 0.00782543 0.248589 0.0346479 
0.0397208 0.103411 0.0963705 0.028526 0.020291 0.000281997 0.0507612 0.155187 0.00479731 1.0862e-05 0.0253582 0.0131394 0.0539337 0.378469 0.0297418 
0.0377394 0.00459726 0.0761846 0.0099564 0.031727 0.000427593 0.00196474 0.0389266 6.72242e-05 1.97282e-05 0.0192122 0.01414 0.0119323 0.73851 0.0145952 
0.105828 0.00685349 0.17045 0.0131447 0.0100881 0.00055299 0.00156382 0.112402 0.00341409 0.00051131 0.115981 0.0929859 0.00240689 0.340536 0.0232809 
0.0983157 0.0126975 0.154717 0.0156946 0.148941 0.000680933 0.00426762 0.0672096 4.29081e-05 3.02818e-05 0.0403188 0.0656808 0.00704642 0.342138 0.0422191 
0.193062 0.0197954 0.118777 0.0377682 0.0700476 0.0023805 0.00958172 0.0697132 0.00238782 0.0176978 0.123066 0.0548715 0.0218291 0.211173 0.0478499 
0.12751 0.00797838 0.100043 0.0392685 0.102609 0.00311514 0.00558007 0.0290068 0.0013693 0.00104413 0.0991264 0.154657 0.0252498 0.265984 0.0374584 
0.181175 0.0159286 0.147201 0.0219681 0.027112 0.00207391 0.00211382 0.0723334 0.0017325 0.000146925 0.0470566 0.0630429 0.0208423 0.346634 0.0506379 
0.152643 0.00409771 0.0438756 0.148221 0.00594202 0.00121128 0.0197447 0.0238342 0.000124181 1.97202e-05 0.0905406 0.0349851 0.0115138 0.342971 0.120276 
0.0643507 0.00801066 0.0995258 0.00666567 0.0378307 0.000929249 0.00235752 0.0333602 4.90686e-05 2.22268e-05 0.0577746 0.0190681 0.00858988 0.638095 0.0233703 
0.332951 0.0007039 0.0604743 0.0137391 0.00380142 0.00695785 0.00406054 0.0251026 0.000921135 0.000520937 0.0295128 0.0373922 0.00652342 0.445636 0.031703 
0.151989 0.0130723 0.203517 0.012637 0.00959074 0.000502475 0.0057243 0.0985387 0.00173872 0.000344724 0.0487389 0.067437 0.0248246 0.333055 0.0282896 
0.172482 0.0150753 0.126106 0.0420563 0.0270847 0.00235016 0.00657337 0.109836 0.00169052 0.000626951 0.0635045 0.108491 0.0323978 0.2538 0.0379258 
0.217763 0.00630295 0.135189 0.0267281 0.0204905 0.0140514 0.00584175 0.0573274 2.20352e-05 3.93078e-05 0.0365844 0.0595733 0.0289517 0.270659 0.120476 
0.168695 0.00434078 0.0529586 0.0281576 0.116879 0.00025523 0.00107129 0.013503 8.83043e-06 5.80695e-06 0.0773133 0.045557 0.0121975 0.445458 0.0335989 
0.0447818 0.0122043 0.0738361 0.0199765 0.0465254 0.00263831 0.00320222 0.0331139 0.00427114 0.000234026 0.0572065 0.138849 0.0655443 0.485055 0.0125613 
0.0360412 0.000220553 0.0371678 0.0113434 0.010749 0.000119867 0.000575751 0.00431489 0.000144133 4.04394e-06 0.0220686 0.0220964 0.0074653 0.774535 0.0731541 
0.156531 0.00863606 0.111406 0.021843 0.0148846 0.000343973 0.0134065 0.16038 0.000230037 5.43192e-05 0.0759691 0.0468439 0.0225288 0.329165 0.0377779 
0.0835064 0.0457512 0.0953716 0.00242001 0.0135202 0.000132142 0.00068018 0.0737335 1.00501e-05 4.0276e-06 0.00361122 0.0156417 0.0112411 0.630102 0.0242742 
0.121842 0.0191016 0.0907565 0.0449524 0.0297957 0.000325816 0.0104772 0.073792 0.00823163 2.98774e-05 0.171347 0.0625315 0.0538438 0.243447 0.0695262 
0.086637 0.0243924 0.059617 0.0168867 0.00675406 0.000235752 0.0345963 0.136097 6.72226e-05 4.87661e-05 0.0835426 0.223864 0.0248469 0.261998 0.0404157 
0.0762605 0.00604614 0.16489 0.0119197 0.0341798 4.21542e-05 0.0205325 0.0335639 0.000125496 1.9389e-05 0.118022 0.15122 0.00609302 0.366428 0.0106574 
0.173305 0.0101462 0.17689 0.0320026 0.0232839 0.000525572 0.0172072 0.18352 0.00227706 0.0002846 0.0840784 0.0505894 0.0326218 0.185937 0.0273305 
0.108412 0.00508504 0.0555534 0.0234797 0.0269859 0.000247581 0.00650238 0.015904 0.0011993 0.000159287 0.131166 0.111689 0.0242641 0.454813 0.03454 
0.11413 0.00911658 0.161025 0.0301578 0.165912 0.00114392 0.00802134 0.102927 0.0026089 0.000492078 0.0801004 0.0537549 0.0274712 0.203834 0.0393057 
0.160227 0.0140456 0.0524355 0.0245508 0.125552 0.000423002 0.011945 0.019228 0.000230007 0.000220493 0.0662367 0.0659879 0.00588097 0.406714 0.0463225 
0.146134 0.0068356 0.0569475 0.0471721 0.164118 0.000188698 0.00456289 0.03262 8.67529e-06 4.30764e-08 0.0820127 0.128549 0.0160128 0.30124 0.0135982 
0.0531876 0.000916322 0.0204599 0.00812066 0.0098225 0.00138957 0.000816653 0.00238537 9.37491e-05 0.000234153 0.139833 0.0801489 0.00122846 0.639968 0.0413954 
0.105505 0.0354983 0.143956 0.109862 0.0082306 4.80156e-05 0.00555743 0.114165 0.00022753 0.00567883 0.0477301 0.0148973 0.0776327 0.249181 0.0818306 
0.125565 0.00438721 0.148165 0.0625611 0.0918937 0.00102742 0.00202951 0.0391424 0.000359205 0.00190167 0.105864 0.0408997 0.0135807 0.261305 0.101318 
0.0791024 0.00307981 0.087809 0.03698 0.0441528 0.000117375 0.00573134 0.0190891 0.00151281 0.000208983 0.226772 0.061557 0.0069685 0.407124 0.0197949 
0.11105 0.00441011 0.0455106 0.0101904 0.0158297 0.00014323 0.00137173 0.033571 0.00152111 0.000135496 0.05913 0.0421046 0.0221031 0.612251 0.0406782 
0.220916 0.00598334 0.132531 0.0249195 0.0198775 0.0129532 0.0055294 0.0570825 2.13847e-05 3.55472e-05 0.0345565 0.0607016 0.0271715 0.280874 0.116848 
0.170864 0.00409393 0.136154 0.0318792 0.0822239 0.000828409 0.00774927 0.0612947 0.00732953 0.000361925 0.0825995 0.0439851 0.0170607 0.294114 0.0594616 
0.0932076 0.00108598 0.0756468 0.0157139 0.0131099 0.00106137 0.000754375 0.0434192 0.00568117 0.000563431 0.107691 0.146447 0.0020897 0.47536 0.0181688 
0.0428426 0.00140147 0.0762915 0.00951083 0.0360017 0.0005764 0.00268098 0.0237402 0.00045176 1.43513e-05 0.0324448 0.0175655 0.00818212 0.726309 0.0219867 
0.314512 0.000819761 0.0435834 0.0136661 0.031225 0.0113133 0.00586985 0.0499453 0.000371604 1.96275e-05 0.0289073 0.0323784 0.00910042 0.329654 0.128634 
0.0611581 0.0133061 0.145526 0.0518849 0.0146574 0.00038471 0.00543594 0.120821 0.000421759 9.99091e-05 0.0458099 0.0272762 0.0303199 0.449245 0.0336537 
0.0642711 0.00108136 0.114878 0.0972544 0.00759232 0.000248512 0.00140783 0.0319623 0.00366937 0.000495058 0.109499 0.0356729 0.00824478 0.497069 0.0266544 
0.0565982 0.0110076 0.105954 0.096191 0.0220379 0.00344065 0.0147991 0.175497 0.0245662 1.39678e-05 0.0639789 0.0446797 0.0836035 0.265344 0.0322878 
0.162855 0.00127608 0.11322 0.0333242 0.0298236 0.00184877 0.0651084 0.0920973 0.000190776 8.52658e-06 0.0774902 0.0558561 0.0462904 0.284131 0.0364794 
0.11463 0.0057845 0.21461 0.0248039 0.0084065 0.000194237 0.0084705 0.0848545 0.0035253 0.000938997 0.0516027 0.214548 0.0161312 0.229784 0.0217162 
0.146758 0.007138 0.16364 0.0286787 0.00841757 0.000213771 0.00636983 0.0962302 2.16613e-05 0.000746575 0.160678 0.1258 0.0257512 0.19454 0.0350154 
0.103749 0.00259941 0.0594781 0.142526 0.115193 0.037465 0.00167031 0.109872 4.07422e-05 0.000282888 0.0469003 0.0356095 0.00112245 0.311873 0.0316183 
0.162432 0.0244953 0.104766 0.0186535 0.00689933 0.000950252 0.0130067 0.13084 0.000678055 0.000299267 0.0305712 0.0860913 0.0225397 0.378152 0.0196249 
0.105165 0.00769063 0.152592 0.0226442 0.0931297 0.0124797 0.00959578 0.0704101 1.28607e-05 0.000143839 0.0869198 0.0519755 0.0132909 0.291578 0.0823721 
0.0503949 0.00900482 0.105238 0.125757 0.0314042 0.00130632 0.00310181 0.0165878 0.000476509 8.62766e-05 0.136976 0.113243 0.00626679 0.36494 0.0352166 
0.222832 0.00116488 0.0529878 0.0242519 0.0101127 0.000549028 0.0084916 0.0296821 0.00697027 0.000824993 0.10805 0.0391857 0.00771532 0.386981 0.1002 
0.0894781 0.00396878 0.219646 0.0136124 0.00651051 0.00090545 0.00225282 0.0523276 0.00112653 0.00238479 0.0410347 0.170313 0.0102021 0.342653 0.0435848 
0.195643 0.00382055 0.0609277 0.0249442 0.0125416 0.000107806 0.0044425 0.0106225 1.05152e-05 3.14684e-05 0.0592372 0.241967 0.00616463 0.348309 0.0312304 
0.0422258 0.000640122 0.0418999 0.0155177 0.0117755 0.000101426 0.00109772 0.00376907 0.000166441 3.42192e-06 0.034421 0.0224167 0.00714198 0.7479 0.0709231 
0.14352 0.0131911 0.07651 0.0285211 0.0633065 0.0146034 0.000819326 0.0533074 0.00118635 0.000230155 0.13846 0.0729413 0.0101506 0.316295 0.0669575 
0.104265 0.031652 0.0603082 0.0166724 0.0434702 1.80472e-06 0.00694499 0.0140101 2.27364e-05 1.72325e-06 0.0681995 0.17536 0.0264753 0.429155 0.0234603 
0.162077 0.00609969 0.0953396 0.035938 0.118393 0.000670562 0.00553117 0.0635795 0.00139371 0.0172665 0.130869 0.0886671 0.0173185 0.223399 0.0334575 
0.157962 0.00212162 0.0789054 0.194679 0.0029198 0.00111835 0.00221491 0.0245343 1.97721e-05 7.62416e-05 0.202507 0.0128666 0.0224443 0.224906 0.0727245 
0.18087 0.00507795 0.134346 0.0279133 0.0735801 0.00162568 0.00436984 0.106778 0.00216596 0.000258465 0.0700005 0.0557155 0.0219486 0.273873 0.0414777 
0.0791024 0.00307981 0.087809 0.03698 0.0441528 0.000117375 0.00573134 0.0190891 0.00151281 0.000208983 0.226772 0.061557 0.0069685 0.407124 0.0197949 
0.186781 0.00226658 0.104717 0.00947238 0.143633 0.000823288 0.00180467 0.0951687 0.00256287 0.000182581 0.0468903 0.161574 0.0125688 0.205423 0.0261318 
0.195406 0.00905116 0.221213 0.0373518 0.0127164 0.00381376 0.00181922 0.0993026 0.0053272 0.000162648 0.0537739 0.048148 0.0164734 0.277589 0.0178515 
0.0505585 0.000731803 0.0948614 0.0106724 0.00790974 0.000378256 0.000719378 0.0267033 4.14268e-05 0.00035348 0.0243712 0.0746438 0.0536533 0.585035 0.0693666 
0.1301 0.0137328 0.130325 0.0284913 0.0312621 0.00177519 0.020029 0.17743 0.00237317 0.00020969 0.0648348 0.102913 0.0293227 0.219797 0.0474048 
0.0532665 0.000529302 0.00408267 0.0140176 0.0410292 2.25537e-05 0.000608448 0.0027821 2.74293e-06 2.13746e-08 0.0505502 0.056025 0.00350678 0.754313 0.0192638 
0.0932186 0.00560926 0.0857277 0.0330838 0.156354 0.00316071 0.00242663 0.0602691 0.00109516 9.15472e-05 0.0740849 0.049828 0.0116669 0.381241 0.042142 
0.115084 0.00553548 0.0928386 0.00631355 0.0108509 6.06214e-05 0.00260538 0.0388214 0.0010452 3.40357e-05 0.104251 0.0354036 0.0142182 0.521299 0.051639 
0.121281 0.0169917 0.156675 0.0488953 0.0636862 0.00298865 0.00895965 0.0785068 0.00328287 0.000571893 0.0943163 0.123676 0.0294842 0.2027 0.0479841 
0.205362 0.00586145 0.116285 0.021559 0.096626 0.00158157 0.00422777 0.0510541 0.000609179 0.00152886 0.102626 0.0408797 0.019398 0.278351 0.05405 
0.0589614 3.09783e-05 0.00547878 0.0214181 0.0114406 0.0972884 0.00124114 0.00740679 7.44443e-05 2.57506e-08 0.0204683 0.0318322 0.00199234 0.677569 0.0647972 
0.0531876 0.000916322 0.0204599 0.00812066 0.0098225 0.00138957 0.000816653 0.00238537 9.37491e-05 0.000234153 0.139833 0.0801489 0.00122846 0.639968 0.0413954 
0.199005 0.00423092 0.20277 0.0343699 0.0098598 0.00126119 0.00046461 0.0220738 6.21369e-06 0.0106066 0.178979 0.0377526 0.0427542 0.21376 0.0421072 
0.177381 0.00800029 0.233784 0.0124803 0.0126978 0.000496989 0.00413602 0.038071 0.000343402 0.000121909 0.132383 0.0305609 0.0232273 0.276503 0.0498129 
0.0531876 0.000916322 0.0204599 0.00812066 0.0098225 0.00138957 0.000816653 0.00238537 9.37491e-05 0.000234153 0.139833 0.0801489 0.00122846 0.639968 0.0413954 
0.167829 0.00275646 0.134968 0.0515132 0.0212243 0.00120592 0.00339431 0.124766 3.86803e-05 2.60121e-05 0.0571351 0.0391724 0.0221846 0.204001 0.169784 
0.102732 0.0103481 0.125007 0.0310982 0.130202 0.000683709 0.00912666 0.0499779 0.00633823 9.32474e-05 0.0762235 0.104946 0.0187823 0.304714 0.0297275 
0.117647 0.0331988 0.258158 0.00494221 0.00789024 0.000110006 0.00063814 0.0829249 5.90113e-06 2.38776e-06 0.00210681 0.00912676 0.0286149 0.402908 0.0517253 
0.145981 0.00243065 0.155399 0.0339154 0.0765419 0.00107248 0.00206833 0.138577 0.000326007 0.00128515 0.139157 0.0588599 0.0220104 0.166636 0.0557392 
0.037693 0.000944295 0.0719296 0.00663136 0.0357944 0.000653251 0.00200217 0.0266266 0.000475719 1.62646e-05 0.0219409 0.0170957 0.00850728 0.747922 0.0217671 
0.117803 0.00158884 0.0163195 0.00952082 0.0249511 0.000490975 0.00190602 0.00775018 0.000163208 9.56878e-05 0.0326522 0.0311708 0.00677725 0.734726 0.0140848 
0.0835064 0.0457512 0.0953716 0.00242001 0.0135202 0.000132142 0.00068018 0.0737335 1.00501e-05 4.0276e-06 0.00361122 0.0156417 0.0112411 0.630102 0.0242742 
0.094569 0.0501029 0.0247653 0.0321507 0.0576909 0.000133094 0.000504237 0.103755 0.00217859 0.000339431 0.105525 0.05735 0.00146962 0.424819 0.0446466 
0.0950281 0.00904924 0.0484269 0.0124318 0.00940755 0.000187197 0.0102058 0.0471765 0.000954415 0.00016685 0.0202177 0.12419 0.0303835 0.563843 0.0283316 
0.145981 0.00243065 0.155399 0.0339154 0.0765419 0.00107248 0.00206833 0.138577 0.000326007 0.00128515 0.139157 0.0588599 0.0220104 0.166636 0.0557392 
0.0437146 0.000553912 0.0691835 0.0517001 0.0279818 1.0136e-05 0.000340338 0.00142444 3.92392e-05 0.000266805 0.0716905 0.0826009 0.000996517 0.618512 0.0309854 
0.109135 0.00530913 0.0900332 0.0158236 0.0135449 0.000231706 0.00867823 0.211918 0.00885836 2.64457e-05 0.026421 0.0600154 0.027247 0.385963 0.0367945 
0.117541 0.00460529 0.156858 0.018592 0.0133445 0.000260936 0.00335752 0.103151 0.000119374 0.0156443 0.0436194 0.125709 0.0221249 0.352131 0.0229423 
0.0984675 0.0282232 0.100697 0.0519761 0.0102306 0.000288812 0.00121784 0.11928 0.000421481 0.00121551 0.0802475 0.0126702 0.118792 0.330522 0.0457508 
0.0852776 0.00395668 0.147347 0.0154413 0.0361505 3.4068e-06 0.0193033 0.0199571 3.13178e-06 8.81391e-08 0.150655 0.109972 0.00331429 0.401586 0.00703228 
0.105325 0.00374175 0.0765686 0.0213562 0.0288331 0.0238771 0.00118807 0.0177041 2.92747e-05 8.58772e-05 0.0543599 0.0110414 0.0173398 0.575902 0.0626488 
0.158408 0.00416773 0.150719 0.018337 0.0139165 0.00330394 0.0107255 0.16993 0.00070389 0.00249681 0.105513 0.0678795 0.0371314 0.235578 0.0211894 
0.058883 0.0157702 0.064648 0.00142974 0.022679 0.000338533 0.0157066 0.0424771 9.0395e-06 3.18302e-06 0.0153211 0.272387 0.0113541 0.468077 0.0109164 
0.058009 0.0201543 0.110363 0.0404017 0.00859666 0.00606049 0.00600558 0.0200465 0.0011789 0.000168033 0.131526 0.181747 0.0194057 0.311766 0.0845712 
0.14182 0.00583318 0.122905 0.0235492 0.0293758 1.32149e-05 0.00167705 0.136479 2.34155e-05 1.7313e-06 0.0262819 0.0563454 0.0582792 0.335944 0.061472 
0.0951805 0.00213565 0.18413 0.0695075 0.00998581 0.000209642 0.00139604 0.0571148 0.00105404 0.000254107 0.102897 0.0943891 0.00945813 0.342389 0.0298988 
0.162928 0.00690846 0.123704 0.0131583 0.0392185 0.00575434 0.0536744 0.0745807 0.000239381 2.35962e-05 0.0688484 0.11493 0.0476179 0.251412 0.0370015 
0.128735 0.000119219 0.294687 0.0132447 0.0203986 0.00093317 0.000135326 0.0310303 0.000381104 3.61908e-08 0.0601898 0.0802431 0.0203886 0.299138 0.0503756 
0.0575817 0.000917379 0.104344 0.127868 0.201208 7.16769e-05 0.0526735 0.0144774 0.000149998 0.000476701 0.0510229 0.078678 0.00316597 0.300476 0.00688818 
0.0396304 0.0174919 0.0808068 0.0228267 0.110282 0.00233591 0.00402704 0.0185902 0.0108914 0.000145027 0.124338 0.0432968 0.0477531 0.438473 0.0391116 
0.0711727 0.00581847 0.0726651 0.016789 0.0873305 0.00391279 0.00977833 0.0719273 0.000945854 0.000561808 0.0567348 0.226903 0.0232448 0.308417 0.043799 
0.0754914 0.071156 0.174556 0.0236405 0.0218236 1.44363e-06 0.00848965 0.0481875 4.98052e-05 1.59214e-05 0.161852 0.0554594 0.0240984 0.278679 0.0564994 
0.171613 0.00783051 0.119788 0.0724601 0.0292359 0.0026582 0.00471099 0.0381009 0.000517388 0.00132755 0.120367 0.072398 0.0139989 0.278071 0.0669225 
0.278672 0.0175569 0.026119 0.0270084 0.0163536 1.20396e-05 0.001069 0.0486946 0.000552097 1.97384e-07 0.125387 0.169993 0.00269524 0.28163 0.00425667 
0.110719 0.005597 0.134301 0.0140625 0.195797 0.0350761 0.00176691 0.0775818 0.000198698 0.000337588 0.0772242 0.0304745 0.0121288 0.249984 0.054751 
0.0761937 0.135351 0.130544 0.0444363 0.0453575 0.0023942 0.00957472 0.103922 0.00775146 0.000106041 0.0808602 0.037143 0.0302787 0.253411 0.0426757 
0.123908 0.0172288 0.195637 0.0194774 0.0227386 0.000882117 0.00873697 0.144011 0.002238 8.89803e-05 0.0500043 0.0387491 0.0193196 0.306844 0.0501367 
0.0751802 0.0032126 0.00955174 0.0131421 0.00843661 8.98657e-05 0.000367946 0.0110318 0.00475854 4.55801e-05 0.0593059 0.397673 0.00958239 0.403236 0.0043853 
0.0520703 0.0278752 0.0247213 0.0397727 0.0393448 8.73252e-05 0.000375596 0.0113366 0.0013037 2.03568e-05 0.172309 0.106773 0.00624208 0.469703 0.0480644 
