0.041134 0.0235778 0.253785 0.0579191 0.0043239 0.00337675 0.0133371 0.0455011 0.0124108 0.000295127 0.0831412 0.0168877 0.0840885 0.030284 0.329938 
0.0905048 0.0013645 0.107393 0.117683 0.00524098 0.000404203 0.0186821 0.111404 7.59599e-05 0.000680753 0.0851669 0.0325409 0.0331686 0.0666159 0.329075 
0.0742742 0.0230349 0.0958387 0.150787 0.00491848 0.00101499 0.00548241 0.0350081 0.000258903 7.33364e-05 0.0685546 0.00811766 0.0231179 0.057673 0.451845 
0.131526 0.0066746 0.0842172 0.0766358 0.00513033 0.00276975 0.00442597 0.124419 7.29237e-05 4.27446e-05 0.0216094 0.0103502 0.16888 0.0138773 0.349369 
0.0666648 0.0650257 0.107459 0.176521 0.00276266 0.00413528 0.00661455 0.028982 0.0335528 0.000201911 0.0535788 0.0101339 0.0977275 0.0345418 0.312098 
0.183295 0.00659859 0.0733193 0.0553581 0.00866053 0.00640071 0.00440001 0.0474194 8.5578e-05 0.000206132 0.0798833 0.0593384 0.0312029 0.0872209 0.356611 
0.0131304 0.0153148 0.13057 0.0578866 0.00103085 0.00277462 0.011691 0.0276163 0.00912682 0.00105239 0.0470911 0.00820039 0.0771218 0.0268513 0.570542 
0.0509918 0.00150887 0.0473509 0.0746745 0.000983628 0.000527422 0.20605 0.0875608 0.00227351 0.000638975 0.0879835 0.0145703 0.136425 0.0422214 0.24624 
0.0313515 0.0340236 0.239834 0.0776655 0.00507911 0.0855217 0.0206283 0.0159151 0.00877787 0.000271464 0.0770045 0.00400628 0.128524 0.0195825 0.251815 
0.159879 0.00245015 0.219222 0.0322897 0.0129868 0.00159281 0.00549902 0.0663524 0.000783275 0.000348168 0.0776613 0.0458983 0.0661273 0.038116 0.270794 
0.0927907 0.00362959 0.273947 0.0302852 0.00539606 7.61634e-06 0.00189006 0.111322 0.000792097 8.11471e-05 0.00763124 0.0260498 0.042794 0.0506104 0.352773 
0.0226254 0.0238763 0.0768055 0.056258 0.000880717 0.00112162 0.00495894 0.0479755 0.0362357 0.00022179 0.0636811 0.038901 0.0620671 0.0347166 0.529675 
0.0016819 1.65015e-05 2.36986e-06 0.000786233 2.11243e-05 0.000547754 0.000408004 0.00182937 1.27519e-05 6.79201e-05 0.000500138 1.10406e-05 0.000522831 6.78406e-06 0.993585 
0.259615 0.00010819 0.0253686 0.0373051 0.0025681 0.0107257 0.0019698 0.00912255 5.65886e-06 1.22025e-05 0.154791 0.000216679 2.55857e-08 0.00397181 0.49422 
0.0561024 0.00305771 0.099247 0.0111191 0.00581655 0.000129903 0.00371996 0.132375 1.31508e-05 0.000219979 0.0758769 0.0107984 0.0176084 0.0389806 0.544935 
0.0141675 0.024672 0.16265 0.176934 0.000409198 0.000903134 0.00547806 0.0160493 0.0636206 0.000260641 0.0625416 0.00705842 0.176862 0.00755929 0.280834 
0.0562124 0.0831753 0.100954 0.0468071 0.0821385 0.00566545 0.0129915 0.0656002 0.021582 9.89816e-06 0.204788 0.016713 0.0326355 0.0279482 0.242779 
0.0519745 0.00314399 0.0695367 0.0194751 0.00779449 0.000487625 0.00145545 0.0764284 0.00013782 0.000359686 0.0402338 0.0430543 0.018802 0.0810844 0.586032 
0.0569299 0.0121909 0.113872 0.0518799 0.0171941 0.000407331 0.0145339 0.15431 0.0252768 0.000139483 0.0959981 0.0208935 0.0582869 0.0625195 0.315569 
0.0886824 0.00495177 0.14017 0.0295284 0.0125671 0.000256171 0.00523283 0.0371565 0.0129082 0.000227981 0.136266 0.0551853 0.0154967 0.0379414 0.423429 
0.20665 0.00870229 0.163623 0.068772 0.0143798 0.000868054 0.00473207 0.108065 0.000252775 0.000362887 0.0503181 0.0370648 0.0412249 0.0524011 0.242584 
0.0380719 0.00690333 0.234716 0.055393 0.00994369 0.000426468 0.0198339 0.0566061 0.0026645 0.000116794 0.0499488 0.0130847 0.149504 0.0457003 0.317086 
0.0184403 0.000380707 0.0295588 0.0208568 0.000693379 0.00101353 0.00834066 0.000651319 6.9973e-06 0.000402272 0.152749 0.000977837 0.00442947 0.00611448 0.755385 
0.0477063 0.00588708 0.184259 0.0352568 0.00443461 0.00125687 0.000776982 0.024233 0.015925 0.000364525 0.116155 0.0127212 0.0863814 0.00959674 0.455045 
0.0491118 0.00585263 0.198776 0.05947 0.00320117 0.000153152 0.0252359 0.0691961 0.0132286 0.000355882 0.0987246 0.00668691 0.040479 0.0155944 0.413934 
0.025033 0.00752101 0.0657046 0.0541942 0.00216723 0.000464435 0.00482505 0.0184683 0.00169801 8.8108e-05 0.065338 0.0151088 0.0261373 0.0503784 0.662874 
0.102089 0.0220453 0.125381 0.0902056 0.0148883 0.00935069 0.010288 0.052561 0.00975042 0.000149874 0.10179 0.0254973 0.0763438 0.0729243 0.286736 
0.0476957 0.00674395 0.286049 0.0346261 0.00973663 0.00149928 0.00925172 0.0867903 0.0155945 4.75683e-05 0.0223384 0.016866 0.0573078 0.0240048 0.381448 
0.130224 0.00936475 0.181414 0.0908732 0.00259479 0.000553462 0.00286626 0.0276819 0.00310559 0.000749737 0.195251 0.0096717 0.0503037 0.0100711 0.285275 
0.0599018 0.0080969 0.0877946 0.128636 0.00866502 0.000165354 0.00292823 0.0272071 0.00324713 4.76073e-05 0.10678 0.0100603 0.028919 0.03969 0.487861 
0.100438 0.00547481 0.174839 0.0545309 0.003787 0.00104096 0.0117014 0.0464513 0.00125678 0.000177623 0.053007 0.00959278 0.0320187 0.0272809 0.478402 
0.0477636 0.00781346 0.075924 0.035358 0.0240098 0.00233813 0.00535826 0.043349 0.00123755 0.000168788 0.0618993 0.0197839 0.0156979 0.0607139 0.598584 
0.084706 0.0119814 0.08707 0.100232 0.011457 0.000698999 0.0156587 0.040606 0.031928 6.18345e-05 0.0604084 0.010675 0.137123 0.0159026 0.391491 
0.00272245 0.0304427 0.0613529 0.0924469 0.00818675 0.00326246 0.0457218 0.0246198 0.00532899 2.16115e-06 0.0062271 0.00253536 0.0922075 0.042558 0.582385 
0.0718066 0.0172863 0.13619 0.119929 0.00617938 0.00150494 0.0179363 0.0673294 0.00904995 0.000331261 0.128034 0.0514857 0.062271 0.037599 0.273067 
0.13447 0.000289235 0.213713 0.0455992 0.00116244 0.00121344 0.00267061 0.236468 2.2881e-05 5.20185e-06 0.0198254 0.00935417 0.0668676 0.006605 0.261734 
0.0266011 0.0114388 0.0359338 0.0189235 0.0567145 0.00231521 0.00134611 0.0539598 0.00464304 9.03068e-05 0.172346 0.00258584 0.0109993 0.00430625 0.597796 
0.0836475 0.0168213 0.204737 0.13394 0.00719341 0.0338943 0.0042995 0.0327429 0.00334141 0.000175559 0.165124 0.0105428 0.0257837 0.0721132 0.205644 
0.134676 0.0103923 0.166424 0.0403878 0.0154849 0.0489916 0.01137 0.0239356 0.00110035 0.000581621 0.168197 0.0229636 0.0310904 0.0691514 0.255253 
0.110352 0.00952133 0.165715 0.0881526 0.0279563 0.0211013 0.0186064 0.0392977 0.00670532 0.00460075 0.0885799 0.0259013 0.101699 0.0807247 0.211087 
0.121795 0.0264965 0.133679 0.0632679 0.0018109 0.00789664 0.00476457 0.15749 0.00217993 0.000217768 0.0615388 0.00449995 0.19443 0.0245629 0.19537 
0.050579 0.0317223 0.13987 0.0483562 0.0141369 0.00152342 0.0041047 0.0259995 0.00104577 6.17053e-05 0.129604 0.0178745 0.0695738 0.0288161 0.436732 
0.0477063 0.00588708 0.184259 0.0352568 0.00443461 0.00125687 0.000776982 0.024233 0.015925 0.000364525 0.116155 0.0127212 0.0863814 0.00959674 0.455045 
0.0115842 0.0047074 0.0382009 0.116915 0.00119551 0.000743812 0.00503783 0.0799824 0.00325494 0.000495641 0.0568105 0.00392667 0.00741805 0.0320512 0.637676 
0.0269249 0.0232779 0.0452804 0.0791815 0.00205873 0.000882732 0.00277358 0.0231945 0.0235869 1.88559e-06 0.0660837 0.00374118 0.0921708 0.0200527 0.590789 
0.12048 0.00292869 0.0498618 0.0259991 0.00999841 0.00210365 0.000958322 0.0201356 0.000134769 6.25704e-05 0.0494659 0.009496 0.0417925 0.0246789 0.641903 
0.0543205 0.00124051 0.172975 0.114081 0.0115805 0.000625538 0.000731169 0.0138886 0.00176475 4.53272e-05 0.102446 0.00907677 0.0068186 0.0298173 0.480588 
0.165697 0.00167897 0.0908028 0.0481323 0.00875823 0.000945197 0.00637834 0.124595 1.46914e-05 2.38001e-05 0.128137 0.00494547 0.0132617 0.0268849 0.379745 
0.0607522 0.0142087 0.0351215 0.0532091 0.00147934 0.016466 0.00185406 0.00596193 0.12217 5.08789e-05 0.0446856 0.00362163 0.149595 0.0313379 0.459486 
0.115708 0.0035757 0.0938898 0.0735135 0.000684073 0.0121253 0.00305257 0.0872358 8.44696e-05 3.26716e-05 0.0142631 0.00079723 0.0157975 0.0722052 0.507035 
0.0621628 0.0264939 0.187613 0.102663 0.00541091 0.00163759 0.0108733 0.114187 0.0150188 0.000247604 0.10833 0.00946011 0.141282 0.024567 0.190053 
0.0241519 0.00583331 0.268347 0.0762564 0.00164039 0.00048808 0.00289481 0.0487795 0.00791522 5.28984e-05 0.0148963 0.000646344 0.137974 0.00936964 0.400754 
0.196179 0.0170971 0.0585755 0.0509858 0.00675132 0.0337651 0.00801606 0.0178193 0.0158704 1.07653e-05 0.0660554 0.019986 0.0734939 0.0347449 0.400649 
0.0495424 0.0409499 0.159172 0.114678 0.00891412 0.00043777 0.0190466 0.0464412 0.0163603 0.00151495 0.124929 0.0159524 0.0383886 0.0304432 0.333229 
0.0914115 0.00124573 0.0783768 0.0214432 0.00591245 0.00740569 0.00083645 0.0550277 7.69018e-06 4.38802e-05 0.0264172 0.014834 0.00396371 0.00800597 0.685068 
0.0584095 0.0246534 0.0344484 0.0173888 0.0154946 0.00103842 0.00441059 0.0654515 0.182992 0.000218737 0.0931566 0.0027217 0.0808722 0.166874 0.251869 
0.0413508 0.00450881 0.297796 0.0216357 0.0013385 0.00013399 0.00263122 0.0278826 0.000115904 0.00578354 0.107966 0.00493077 0.0606583 0.0438787 0.379389 
0.0631307 0.00978953 0.125517 0.0237039 0.00304057 0.000782214 0.011232 0.106619 0.00501662 0.000191455 0.0223251 0.00890914 0.0986593 0.0268816 0.494203 
0.178524 0.028987 0.159441 0.0378904 0.00158508 0.00241554 0.00957799 0.0798319 0.0122272 4.63711e-05 0.148455 0.00589315 0.10986 0.0465269 0.178738 
0.155231 0.0200201 0.139194 0.0403886 0.00982011 0.00308437 0.0100955 0.0320415 0.00469916 4.11263e-05 0.163642 0.0152994 0.0674917 0.0730753 0.265877 
0.257916 1.41793e-07 0.00598837 0.00475582 3.81606e-06 4.47288e-06 1.21182e-06 0.0128799 0.000119413 1.28107e-06 0.243478 6.53096e-07 4.86003e-08 3.32576e-06 0.474848 
0.0186598 0.016299 0.104106 0.261057 0.00325636 0.00122503 0.00309835 0.0630553 0.00400527 0.000335763 0.021249 0.0148461 0.143343 0.0325542 0.312909 
0.196443 0.00200341 0.0650221 0.0222788 0.0224278 0.00159262 0.0104104 0.131665 0.00397383 7.96547e-05 0.0640731 0.00604989 0.0284268 0.140798 0.304756 
0.18514 0.0185316 0.113552 0.0353397 0.0219099 0.00161869 0.00979209 0.0898868 0.0150265 0.000133434 0.137555 0.0125066 0.0652584 0.0351196 0.25863 
0.0635198 0.0193918 0.0667858 0.0717348 0.00600867 0.000392212 0.00783498 0.0654413 0.00155395 0.000458143 0.25072 0.03762 0.0378231 0.0393759 0.33134 
0.0936401 0.019816 0.161008 0.0673415 0.0106899 0.00511229 0.00833718 0.0596654 0.00931359 0.000657983 0.140389 0.0246545 0.12051 0.0512863 0.227578 
0.0602973 0.0258388 0.20974 0.0686941 0.00728112 0.00531426 0.0111876 0.0648281 0.0101135 0.00194329 0.0980513 0.0172699 0.167397 0.0334467 0.218597 
0.117743 0.00591251 0.19996 0.033051 0.0113947 0.000661376 0.00672233 0.012872 5.51207e-05 0.00027905 0.0286507 0.0208509 0.0419283 0.0198053 0.500114 
0.0412468 0.0375268 0.118714 0.0834855 0.00173624 0.0043697 0.0444413 0.0633978 0.00929636 8.80481e-07 0.0756549 0.00283863 0.192133 0.0291488 0.29601 
0.0450432 0.0115719 0.0559921 0.05603 0.00525924 0.000682855 0.248102 0.0388745 0.065615 0.00028476 0.0548353 0.0284663 0.0563162 0.0304687 0.302458 
0.0879875 0.0202783 0.0779324 0.0633906 0.00861358 0.00369526 0.00684289 0.0743864 0.000373619 8.54262e-05 0.145748 0.025692 0.0337076 0.0472062 0.404061 
0.00544764 8.42754e-10 0.000335497 0.0380115 0.0259963 0.0151586 0.00177555 0.0419588 6.51256e-10 4.16933e-07 0.0199158 2.68545e-07 0.0110817 0.0535353 0.786782 
0.110328 0.0132731 0.147995 0.076315 0.000704438 0.00264069 0.016614 0.0883572 0.0125354 0.000151233 0.0661475 0.0317017 0.0583154 0.029585 0.345336 
0.0256728 0.00596001 0.069977 0.164373 0.00650359 5.94788e-05 0.00230005 0.0127932 0.00269232 3.19087e-05 0.0988495 0.00596585 0.0966984 0.0107669 0.497357 
0.031386 0.1577 0.146099 0.0396375 0.019955 0.00497057 0.0531638 0.0612288 0.0330812 9.28666e-05 0.144749 0.0166004 0.0809314 0.0234097 0.186995 
0.0253469 0.0170873 0.0973884 0.0320763 0.00917802 0.00837391 0.0200549 0.0460627 0.028907 0.000112867 0.029311 0.0114498 0.174732 0.0149286 0.48499 
0.0213152 0.00949771 0.150766 0.0686371 0.0014254 0.00028735 0.00342848 0.0172006 1.21516e-05 4.64118e-05 0.0676617 0.00330124 0.0791518 0.026336 0.550933 
0.052505 0.0567806 0.170824 0.0851217 0.0045957 0.0172298 0.0170133 0.0488633 0.0066328 0.000185803 0.0702763 0.0130656 0.144212 0.0257753 0.286918 
0.0440425 0.00987758 0.21871 0.0378579 0.00469576 0.0023761 0.0117475 0.025385 0.00526014 0.00031387 0.144442 0.0454779 0.155864 0.0541896 0.23976 
0.0613126 0.00264658 0.0259207 0.107464 0.0167105 8.4572e-05 0.00435444 0.0103784 0.004781 0.000108741 0.0753255 0.00439682 0.0126682 0.0641766 0.609672 
0.0182651 0.0516668 0.00834524 0.0500385 0.000441731 0.0452415 0.00945327 0.0233821 0.00482549 1.50005e-07 0.0435853 0.00128565 0.125569 0.0037602 0.61414 
0.0942438 0.0102982 0.113766 0.0121184 0.00277686 0.00149074 0.00188549 0.131684 0.000699433 0.00126911 0.0349326 0.0138299 0.0398031 0.0488992 0.492304 
0.05753 0.0558711 0.173904 0.0957994 0.00864205 0.00261041 0.00372093 0.0403551 0.00353407 0.000124497 0.197767 0.0132992 0.0946163 0.0296302 0.222595 
0.016119 0.0232855 0.0964713 0.172057 0.0108626 0.0014103 0.0878851 0.0909393 0.0130141 0.0369864 0.0535311 0.0215721 0.0932467 0.0161049 0.266515 
0.0396548 0.00727459 0.0396621 0.128141 0.00173929 0.0288849 0.0136982 0.0145461 0.00505413 1.24454e-05 0.0778069 0.00387 0.207275 0.103581 0.3288 
0.0553604 0.00223178 0.217726 0.105012 0.00452022 3.40621e-05 0.000944357 0.0353075 0.000248959 2.90853e-05 0.211137 0.0431275 0.0134753 0.0173251 0.293521 
0.0234291 0.0150686 0.131312 0.0356755 0.00310956 0.00261066 0.0125883 0.0399086 0.00735192 2.9659e-06 0.0150841 0.0236684 0.123577 0.0631733 0.50344 
0.0317861 0.00982116 0.215987 0.0333468 0.000908825 0.00118327 0.000316763 0.0106046 0.000284879 2.89086e-05 0.117534 0.00144394 0.238836 0.0108388 0.327078 
0.121959 0.0231365 0.19942 0.0353482 0.00320102 0.00514259 0.0159519 0.139365 0.00186367 0.000654584 0.0726306 0.0123467 0.102231 0.023913 0.242836 
0.0515662 0.0158835 0.140544 0.165283 0.0126968 0.00314595 0.00910572 0.0337888 0.00289127 0.000298573 0.154695 0.00978517 0.0238024 0.0403825 0.336132 
0.137264 0.000995358 0.0292054 0.0406566 0.0103905 0.0848032 0.00565438 0.109653 0.00358952 1.28873e-05 0.0732515 0.00198356 0.0392733 0.0887469 0.37452 
0.109725 0.00598913 0.128989 0.0621795 0.0195356 0.000920593 0.00740257 0.133293 0.00804433 0.000102133 0.121825 0.0320745 0.0301544 0.0647254 0.275039 
0.0221976 0.0142413 0.0698598 0.0658158 0.00208688 0.00143721 0.0088177 0.0223168 0.00282765 0.000152119 0.0265696 0.00461336 0.0719552 0.0138774 0.673232 
0.0477063 0.00588708 0.184259 0.0352568 0.00443461 0.00125687 0.000776982 0.024233 0.015925 0.000364525 0.116155 0.0127212 0.0863814 0.00959674 0.455045 
0.0860496 0.0121135 0.182007 0.0525963 0.0197014 0.000461706 0.0128131 0.0806967 0.000176928 0.000187095 0.0426265 0.0651758 0.0365226 0.164878 0.243993 
0.129684 0.000272225 0.0704023 0.136488 0.00831349 0.000202041 0.00116439 0.0603851 1.46117e-06 4.67925e-05 0.0487828 0.00155517 0.0866982 0.0429498 0.413054 
0.0267701 0.00200253 0.0244417 0.0364011 0.000521883 0.0175201 0.0010776 0.00171541 0.00116994 3.23278e-05 0.0114956 0.000300247 0.249026 0.00492751 0.622598 
0.062927 0.00669707 0.122668 0.0523049 0.00515386 0.000746686 0.00950893 0.109782 0.0319036 0.000366692 0.149076 0.0230367 0.0379434 0.0482253 0.33966 
0.244694 0.0113722 0.175276 0.0282471 0.0169503 0.00136327 0.00294046 0.0535716 0.00585027 2.66668e-05 0.0672994 0.0294638 0.0279956 0.0667137 0.268235 
0.20472 0.000344846 0.0372661 0.0415709 0.00143677 0.0386047 0.000314961 0.0348835 5.2622e-05 0.000178871 0.028349 0.0444391 0.0872181 0.00474987 0.475871 
0.0484328 0.00677222 0.129351 0.0923316 0.00899187 0.0011556 0.00138298 0.0206952 0.000934778 0.000261381 0.0402869 0.0664638 0.0321034 0.0231607 0.527676 
0.134417 0.00246689 0.196743 0.0687744 0.011912 0.000256351 0.00372261 0.0931327 0.000194332 0.000101732 0.0362194 0.00692103 0.0259273 0.0585061 0.360705 
0.0328201 0.00231116 0.143006 0.0274767 0.00134262 0.00401741 0.0039706 0.0316318 0.00194189 0.000227335 0.0182263 0.00722019 0.0863689 0.018661 0.620778 
0.0446278 6.01302e-05 0.19651 0.00111297 0.00100597 7.64158e-06 0.000284413 0.00617576 1.95022e-06 3.5191e-06 0.020503 0.0158503 0.05389 0.0451855 0.614781 
0.0404523 0.00252472 0.0708216 0.0688399 0.00182407 0.000497722 0.0201363 0.140728 0.000274676 0.000557722 0.0220552 0.0704382 0.0239246 0.0628655 0.474059 
0.0497467 0.0120009 0.308064 0.0577326 0.00184943 0.000626157 0.00411283 0.0547796 0.00379185 0.00029272 0.0669671 0.0103839 0.0525724 0.0200251 0.357055 
0.054775 0.0126693 0.237586 0.0410493 0.00616281 0.00649139 0.0064789 0.0541255 0.0228461 4.17019e-05 0.0444138 0.0193733 0.0910324 0.0117257 0.391229 
0.0203441 0.00730917 0.251244 0.0586067 0.00128602 0.000655813 0.0174058 0.00845998 0.000129146 0.000159925 0.0357604 0.00633516 0.210117 0.0393051 0.342882 
0.0740373 0.0134773 0.154796 0.0450573 0.00865061 0.000763296 0.00514764 0.111898 0.00786887 0.000312659 0.152476 0.0365504 0.0430366 0.0535175 0.29241 
0.1685 0.0595532 0.158337 0.0501881 0.00490582 0.00121864 0.0311418 0.0955028 0.00598129 0.000460236 0.0655701 0.00925862 0.100601 0.0340474 0.214733 
0.0867117 0.020694 0.119295 0.0492582 0.010007 0.00151765 0.0142185 0.0285325 0.0208911 0.000874808 0.212102 0.0173181 0.0194679 0.0296763 0.369435 
0.0484896 0.0151599 0.129842 0.0251538 0.00614763 0.00741785 0.0200035 0.0396687 0.00252856 0.000293995 0.127025 0.0237355 0.0585126 0.122473 0.373548 
0.0367065 0.0152682 0.125024 0.0334762 0.0311543 0.00761715 0.0226718 0.0423423 0.014066 3.35381e-05 0.0308819 0.00737273 0.251851 0.0215851 0.359949 
0.0711765 0.00973482 0.0609202 0.18363 0.00313204 0.0198397 0.0125468 0.0491621 0.0090776 0.000103805 0.0748749 0.0135309 0.00781378 0.0260376 0.45842 
0.053679 0.00160599 0.095335 0.0267182 0.00627522 0.00109459 0.00240121 0.0168933 0.0290472 0.000310271 0.229963 0.00781319 0.0404847 0.0114793 0.476899 
0.17148 0.0191249 0.0615027 0.0317832 0.000805183 0.00012768 0.000618306 0.0350877 9.97804e-06 1.71006e-05 0.0392679 0.000436752 0.00223882 0.00500093 0.632499 
0.16787 0.0820998 0.133453 0.0307939 0.0076177 0.00132211 0.0183786 0.0622749 0.0273829 0.000172734 0.0845228 0.0132457 0.105248 0.0229258 0.242692 
0.0252408 0.0203742 0.160647 0.0396154 0.00647093 0.0108301 0.0187897 0.0455293 0.0290383 0.000122618 0.0322812 0.00840784 0.275894 0.0253337 0.301425 
0.0693727 0.00704182 0.192308 0.0342476 0.0422828 0.00256131 0.00444315 0.0614898 0.000479355 0.000155487 0.182855 0.0460646 0.0185048 0.0324631 0.305731 
0.0339091 0.00971685 0.0742501 0.0540891 0.00094309 0.00172528 0.011963 0.0157399 0.078079 5.58726e-05 0.0260353 0.00337059 0.26761 0.00559645 0.416916 
0.0731913 0.00141229 0.180817 0.0954016 0.0123776 0.00452267 0.00832638 0.0901538 0.00602344 0.000223006 0.0613512 0.00547886 0.0243893 0.031557 0.404774 
0.0294007 2.25874e-05 0.0205359 0.000340389 1.63778e-05 6.42961e-05 0.000564151 0.0403219 6.73185e-06 1.66323e-05 0.00819613 0.000445331 0.0589144 3.79809e-05 0.841116 
0.0299372 0.00555586 0.156306 0.0546609 0.00962741 0.038778 0.00759884 0.0243982 0.00965215 0.000109662 0.0379474 0.0372398 0.23398 0.0443533 0.309855 
0.0332788 0.0135939 0.0772266 0.0239903 0.000724047 0.00262768 0.034238 0.0226719 0.0178994 0.000140002 0.0427743 0.00403146 0.246455 0.00767358 0.472675 
0.13216 0.00384344 0.111322 0.0593177 0.00727784 0.0180876 0.00245872 0.0707975 5.89354e-05 0.000196349 0.143565 0.0178201 0.0231702 0.0567029 0.353222 
0.0292858 2.77592e-05 0.16989 0.00627344 0.000327625 0.000200214 1.29428e-05 2.12009e-08 2.59559e-12 1.82503e-08 0.328512 0.000149357 4.46548e-05 0.00758102 0.457695 
0.130386 3.18817e-05 0.0604035 0.000194488 0.00062038 0.00146529 0.0548998 0.126826 0.00056995 3.70046e-06 0.00628417 0.0139204 0.0802607 0.00541729 0.518716 
0.0915168 0.00192524 0.0805455 0.0546204 0.0175805 0.00110484 0.00504668 0.0960895 1.78124e-05 3.59144e-05 0.135849 0.00570748 0.0150602 0.0307541 0.464146 
0.184116 0.00260113 0.0487689 0.0935638 0.0078254 0.19549 0.00445006 0.0585275 0.00844753 0.000248653 0.0790729 0.0129686 0.0141242 0.0651572 0.224638 
0.063005 6.42157e-13 0.319961 0.00660721 0.000850996 0.0011538 0.0012978 0.0183829 2.28321e-09 2.64312e-12 0.131307 0.00530281 0.00356295 0.012013 0.436556 
0.0319841 0.0214605 0.289202 0.0357999 0.00155434 0.00310394 0.00584628 0.0202944 0.0172669 0.000285276 0.0630001 0.0249134 0.0781152 0.012666 0.394508 
0.0494678 0.0195562 0.209764 0.0549286 0.00135293 0.00568487 0.0221529 0.0471493 0.00197218 2.26793e-05 0.0207382 0.00279777 0.239592 0.0142228 0.310598 
0.132536 0.00749038 0.10016 0.0238252 0.015893 0.00162943 0.0140864 0.0335437 0.0239904 3.88624e-05 0.117116 0.0224459 0.0202561 0.0216264 0.465362 
0.0373637 0.00222524 0.0893898 0.0259651 0.013873 3.18218e-05 0.0027956 0.0317057 0.00057606 1.35875e-05 0.0473756 0.0130027 0.0336741 0.0308883 0.67112 
0.0438419 0.0113657 0.186705 0.0870192 0.0167229 0.00195477 0.0317621 0.140276 0.00316296 0.00445349 0.0334382 0.0105591 0.0858788 0.0460574 0.296802 
0.0440092 0.0266467 0.192351 0.158788 0.010886 0.0021453 0.0101436 0.041765 0.00647752 0.000746399 0.132366 0.0196276 0.0265844 0.03847 0.288992 
0.00781857 0.00343857 0.102385 0.0394866 7.81441e-05 0.00741782 0.00057987 0.000655248 0.0377625 5.04724e-07 0.14608 0.000738621 0.199221 0.00111303 0.453224 
0.0755236 0.0334482 0.0945804 0.102306 0.00634996 0.00116868 0.00375363 0.00984719 0.0285137 0.000257465 0.137156 0.00725895 0.174127 0.0122766 0.313433 
0.120894 0.0133045 0.107613 0.042766 0.012625 0.00735996 0.00791956 0.0624817 0.0113253 0.000810284 0.0633869 0.0106823 0.153474 0.019802 0.365555 
0.0678115 0.0137993 0.186292 0.0367619 0.0110999 0.00276933 0.00776113 0.0838134 0.00825995 0.000838889 0.0385116 0.0307828 0.0576498 0.16273 0.291119 
0.0686899 0.00193276 0.176825 0.0697881 0.00803428 0.0209557 0.00429374 0.0822638 0.000442083 0.000725931 0.104686 0.00216774 0.0620009 0.0197485 0.377445 
0.0686234 0.0307927 0.068853 0.176642 0.0316816 0.000510021 0.00824105 0.0254021 0.00196361 2.4298e-05 0.0947925 0.0242525 0.0311525 0.0451768 0.391892 
0.0874113 0.0258466 0.099476 0.0387919 0.00195298 0.0024273 0.00555183 0.0344483 0.0682635 2.72906e-05 0.0343988 0.0138464 0.196491 0.0222942 0.368773 
0.072065 0.146334 0.169416 0.102366 0.000880692 0.000336691 0.0077569 0.0756737 0.00377571 6.03439e-05 0.105834 0.00657166 0.113346 0.0156383 0.179944 
0.0953804 0.0418184 0.157598 0.117974 0.0145257 0.00195036 0.0252931 0.0776485 0.0138003 8.19221e-05 0.0951798 0.0482198 0.0690841 0.0405099 0.200936 
0.066474 0.0416426 0.23232 0.079222 0.00875834 0.000888887 0.00376483 0.0433603 0.00432468 0.00043911 0.16003 0.0268774 0.0265868 0.0313935 0.273917 
0.0436566 0.02339 0.147096 0.0457155 0.00263487 0.000989181 0.00954103 0.0451256 0.00266652 0.000247058 0.183266 0.0207386 0.0330624 0.0223976 0.419474 
0.109414 0.00604551 0.117407 0.0502385 0.00877166 0.00208424 0.00541516 0.0266213 0.00152212 0.000100726 0.105254 0.0286432 0.0153514 0.115652 0.407479 
0.0989488 0.00680994 0.0442908 0.17504 0.00789426 0.00260613 0.0125231 0.0219158 0.0212328 2.96766e-05 0.0537639 0.00978169 0.103463 0.0201828 0.421517 
0.122921 0.00675106 0.134597 0.10433 0.0151297 0.0145532 0.00077019 0.0307358 5.86799e-05 9.45069e-05 0.183644 0.0841206 0.0121568 0.0642671 0.22587 
0.0829628 0.000639329 0.33405 0.0257747 0.0114046 0.00048981 0.00588401 0.032608 0.000265683 0.000244361 0.0545532 0.0173213 0.0320404 0.0325087 0.369253 
0.074249 0.0186588 0.0642602 0.0367039 0.161747 0.0111732 0.12015 0.0225653 0.00068531 0.0017426 0.192339 0.025071 0.0102188 0.0249408 0.235496 
0.0691745 0.00695926 0.146152 0.0792664 0.0207158 0.00012472 0.00510877 0.0225718 0.0028804 0.100006 0.178679 0.0236438 0.0343555 0.045993 0.26437 
0.0606996 0.0142523 0.213317 0.0760765 0.0202879 0.0012388 0.00947045 0.143535 0.000541617 0.000165386 0.0653829 0.0238646 0.04419 0.0559169 0.271061 
0.0600672 0.0105726 0.0616562 0.0263826 0.0162198 0.000382814 0.00987156 0.113128 0.00604007 0.000175083 0.0864373 0.0316691 0.0329201 0.0215097 0.522968 
0.237234 0.173574 0.0708169 0.0523805 0.00276388 0.000415093 0.00795982 0.0170803 0.0137934 0.000141693 0.0402143 0.0169707 0.0688226 0.0512897 0.246544 
0.0295525 0.0190408 0.112764 0.161818 0.00855691 0.0117019 0.00731206 0.0474334 0.00716812 0.000550741 0.0323789 0.0150527 0.0538325 0.0274069 0.465431 
0.0436948 0.0304907 0.120799 0.0832848 0.00487197 0.00808913 0.00609375 0.0455155 0.0229543 3.58986e-05 0.0536447 0.0060685 0.124053 0.0163005 0.434103 
0.150475 0.0152289 0.117458 0.0808648 0.00943492 0.00329907 0.0104514 0.0478511 0.0124859 0.000371681 0.0416497 0.00291588 0.0589608 0.0161177 0.432435 
0.065716 0.0844334 0.122148 0.0762472 0.003057 0.00179678 0.00705561 0.148123 0.00247755 1.61478e-05 0.163868 0.00681771 0.0942043 0.0326671 0.191373 
0.0729985 0.00784868 0.188284 0.0987982 0.0252387 0.000476581 0.107832 0.0337903 0.00139785 0.00125286 0.14352 0.0362854 0.0390452 0.0544202 0.188811 
0.093882 0.000517789 0.079779 0.134717 0.00116305 0.0016102 0.0102451 0.0704231 0.00177388 0.000256591 0.0624176 0.00242915 0.0199181 0.0204813 0.500386 
0.0814523 0.0322219 0.14409 0.112251 0.0106481 0.0129528 0.00671248 0.0492834 0.00981699 0.00192645 0.154317 0.0225903 0.131666 0.0375901 0.192481 
0.0201869 8.91292e-05 0.0288347 0.0243832 0.149675 0.000115107 0.00137934 0.027916 0.0114158 9.99711e-05 0.0423376 0.0135041 0.00234257 0.0181601 0.65956 
0.153873 0.000896901 0.140671 0.103131 0.0486712 0.000151897 0.00479166 0.0706616 2.18855e-05 0.00123533 0.0950163 0.0233181 0.0269922 0.0895974 0.240971 
0.00855096 0.0016466 0.146599 0.0163182 7.09308e-05 1.63915e-06 0.000280169 0.134699 7.04219e-06 1.23595e-05 0.0557505 0.000261473 0.0258555 0.0149903 0.594957 
0.0802581 0.00281013 0.166621 0.0316545 0.00164418 0.000703328 0.00162238 0.0175673 0.000146027 0.00412422 0.276076 0.00853693 0.010849 0.0438178 0.353569 
0.0190435 0.00250823 0.146333 0.191998 0.00463672 0.000726326 0.00106164 0.107189 2.32358e-05 0.000170386 0.119055 0.0213667 0.0280167 0.0188362 0.339036 
0.214117 0.0122827 0.257097 0.023984 0.0115244 0.000684249 0.00768444 0.016865 0.0019878 0.000376273 0.133262 0.0097363 0.00979396 0.0244845 0.276121 
0.0879577 0.000754731 0.100903 0.0359647 0.0105358 6.11533e-05 0.00316869 0.0619438 0.00247055 4.7514e-06 0.077462 0.00455316 0.130674 0.0751027 0.408443 
0.0329449 0.00193658 0.0659214 0.0184102 0.0156518 0.000174319 0.022614 0.0212711 0.000398338 5.68113e-06 0.00982698 0.002817 0.0439306 0.0274507 0.736646 
0.0420971 0.00834331 0.155503 0.0606675 0.0224256 0.00211667 0.00570765 0.0455553 0.0048346 0.000534168 0.0868075 0.0347775 0.0305746 0.0453366 0.454719 
0.0960394 0.00791097 0.0693803 0.0986009 0.0195541 0.00668251 0.0220324 0.0312555 0.00320636 0.000246942 0.097065 0.0132138 0.0250849 0.0841346 0.425592 
0.0184403 0.000380707 0.0295588 0.0208568 0.000693379 0.00101353 0.00834066 0.000651319 6.9973e-06 0.000402272 0.152749 0.000977837 0.00442947 0.00611448 0.755385 
0.0152672 0.0153142 0.077935 0.019866 0.00106486 0.00269408 0.00934016 0.0536844 0.00994193 0.0013328 0.0824589 0.00832675 0.122168 0.0111508 0.569455 
0.0631307 0.00978953 0.125517 0.0237039 0.00304057 0.000782214 0.011232 0.106619 0.00501662 0.000191455 0.0223251 0.00890914 0.0986593 0.0268816 0.494203 
0.165804 0.012974 0.0742953 0.0907254 0.0159254 0.000773311 0.0107116 0.0532863 0.000199121 0.000111585 0.211899 0.020394 0.0139754 0.0424222 0.286503 
0.104149 0.0397058 0.113664 0.0974891 0.013833 0.00119823 0.0117675 0.0299149 0.00434678 0.000244853 0.168884 0.0259461 0.0877517 0.0419763 0.25913 
0.057956 0.0238171 0.0296784 0.0158618 0.0150819 0.000891343 0.00343994 0.0670468 0.181711 5.66153e-05 0.090796 0.000931649 0.0845062 0.170438 0.257787 
0.228771 0.00768645 0.116239 0.0260106 0.00993756 0.000506523 0.0858162 0.056094 0.00464316 3.22735e-05 0.0375427 0.014774 0.0611089 0.0278612 0.322977 
0.0967872 0.00302223 0.113165 0.0894514 0.0065468 0.00359417 0.0226506 0.072019 6.28957e-05 0.000129453 0.0723141 0.0218509 0.101709 0.0264348 0.370262 
0.0738253 0.080566 0.0800259 0.0596281 0.0118334 8.71723e-05 0.00194545 0.0173157 1.3706e-05 7.35002e-05 0.0898497 0.0190096 0.0620912 0.0513801 0.452355 
0.0755138 0.00356194 0.131738 0.0328341 0.00358887 0.000791464 0.0100148 0.0960833 0.00367885 0.000264017 0.0508131 0.0340663 0.058671 0.0526222 0.445758 
0.0334283 0.01087 0.124673 0.0669867 0.00108539 0.000906932 0.0579414 0.055945 0.0506951 0.00235545 0.0482582 0.0209219 0.113825 0.026488 0.38562 
0.0527788 0.0404961 0.151545 0.0553698 0.00439712 0.00155979 0.00436938 0.0317918 0.0198963 4.22527e-05 0.142941 0.00618555 0.106893 0.0198476 0.361887 
0.0182651 0.0516668 0.00834524 0.0500385 0.000441731 0.0452415 0.00945327 0.0233821 0.00482549 1.50005e-07 0.0435853 0.00128565 0.125569 0.0037602 0.61414 
0.0631307 0.00978953 0.125517 0.0237039 0.00304057 0.000782214 0.011232 0.106619 0.00501662 0.000191455 0.0223251 0.00890914 0.0986593 0.0268816 0.494203 
0.0540362 0.0055565 0.0362699 0.0256364 0.00595708 0.000106739 0.00301396 0.0067299 1.20784e-05 2.5717e-06 0.281672 0.00582355 0.00298232 0.0163396 0.555862 
0.122137 0.0247562 0.125461 0.0537015 0.00348304 0.00180184 0.00993472 0.0870506 0.062858 6.33484e-05 0.112008 0.00675185 0.104257 0.0216813 0.264055 
0.0631307 0.00978953 0.125517 0.0237039 0.00304057 0.000782214 0.011232 0.106619 0.00501662 0.000191455 0.0223251 0.00890914 0.0986593 0.0268816 0.494203 
0.15191 0.0324876 0.133356 0.0520244 0.0033936 0.0226161 0.00357271 0.149796 0.000325225 0.000206983 0.152261 0.00391538 0.0417371 0.0608718 0.191527 
0.0164733 0.0173657 0.0925788 0.0212785 0.00170586 0.0105962 0.281928 0.091971 0.0079195 0.000105263 0.0110278 0.0065528 0.111688 0.0133178 0.315491 
0.0700528 0.0515523 0.0735523 0.0399792 0.00521627 0.0116325 0.0289351 0.0344372 0.00496414 0.00017379 0.0469034 0.0184555 0.26545 0.0665615 0.282134 
0.14091 0.0136937 0.150618 0.0432075 0.0137141 0.00236257 0.0480216 0.0523489 0.0635963 0.0379572 0.150358 0.0240007 0.0520411 0.0388382 0.168331 
0.136568 0.00863164 0.170591 0.0265706 0.00516025 0.00107358 0.00515271 0.163716 0.000454952 0.000440741 0.105572 0.0155337 0.0224265 0.0500365 0.288072 
0.0519022 0.103524 0.141562 0.0918911 0.00562456 0.00554706 0.0084116 0.0265019 0.0115885 0.000131026 0.221214 0.0160576 0.0252014 0.0228702 0.267972 
0.0173981 0.00167216 0.0306598 0.0369015 0.00640103 0.00424452 0.00961293 0.0537235 0.000104893 0.000563369 0.0638213 0.00873107 0.00360995 0.17561 0.586946 
0.0941657 0.00891943 0.114056 0.0597796 0.00399917 0.000270276 0.00810929 0.00758271 0.000197101 0.00129394 0.320597 0.00889482 0.0187722 0.0180676 0.335295 
0.0360886 0.0103269 0.105123 0.0382458 0.00286351 0.000934417 0.00590326 0.115399 0.000204161 0.000525241 0.0906352 0.0251988 0.039355 0.0899044 0.439293 
0.207925 0.00295866 0.111895 0.0623432 0.0128688 0.00031685 0.00370757 0.0606882 0.000128695 2.7743e-05 0.151843 0.019542 0.0558242 0.0421481 0.267783 
0.0933832 0.0069635 0.0953455 0.0552954 0.00421064 0.00104351 0.00948493 0.0147238 0.000150083 0.000338347 0.2391 0.0273619 0.0540653 0.0118692 0.386665 
0.0701098 0.0121055 0.0721888 0.0159727 0.00801911 1.62068e-05 0.00258997 0.365228 1.12616e-05 0.000284095 0.0245853 0.000414969 0.0185003 0.0343362 0.375638 
0.0579291 0.0105858 0.0840008 0.0669099 0.0237289 0.000299017 0.00984825 0.0258528 6.02977e-05 5.03254e-06 0.0550708 0.0092558 0.0702517 0.0321744 0.554028 
0.0481214 0.00708254 0.30557 0.0412418 0.0125606 0.00141576 0.0746033 0.051552 0.000300428 0.000847104 0.0608335 0.0320908 0.0143164 0.0357286 0.313735 
0.123043 0.00253527 0.139536 0.0302104 0.0192789 0.000577699 0.0376226 0.109927 0.00935936 0.000178629 0.0693823 0.0305059 0.0622591 0.0399112 0.325673 
0.141862 0.0176678 0.0727881 0.0202201 0.00987254 0.000346563 0.00235148 0.0117528 0.000217499 0.000148847 0.251627 0.0262443 0.00860857 0.069205 0.367088 
0.0659769 0.0150118 0.0745117 0.0672531 0.000395713 0.00123906 0.0112425 0.0317156 0.0208309 0.000354279 0.0998247 0.0154864 0.0770635 0.0193927 0.499701 
0.178459 0.00939567 0.200852 0.0290784 0.0253776 0.00106721 0.00987069 0.16317 0.00542049 1.12871e-05 0.106293 0.00503181 0.0360513 0.0200388 0.209883 
0.0630351 0.0154773 0.0687254 0.239262 0.00796193 0.000813469 0.00271067 0.0765053 0.004069 0.000645022 0.102289 0.0244093 0.0271484 0.0266731 0.340275 
0.0880822 0.00511928 0.170312 0.0291369 0.00665054 0.000411461 0.00706385 0.0506301 0.0038671 0.000375796 0.158755 0.0135818 0.0488787 0.0750022 0.342133 
0.120777 0.00917656 0.103859 0.0442394 0.00672133 0.00155084 0.0235933 0.117315 0.00638908 0.000299058 0.0887046 0.0116044 0.0456242 0.0406493 0.379496 
0.0347726 0.0171461 0.076759 0.0300121 0.00467386 0.000456367 0.0077267 0.0239783 0.0143093 2.53489e-06 0.130633 0.0302767 0.0790988 0.0251812 0.524973 
0.0304613 0.0127645 0.0835547 0.0741818 0.00302254 0.00833784 0.0070165 0.0460145 0.0232231 0.000491564 0.0960479 0.00714835 0.107461 0.00951577 0.490758 
0.109739 0.021568 0.134705 0.0271457 0.0043843 0.00044349 0.00751686 0.142863 0.00248215 0.00041596 0.223575 0.0096252 0.052181 0.0206864 0.242669 
0.07351 0.00883506 0.258826 0.0399249 0.0117554 0.000365508 0.00490388 0.109268 0.00197721 0.000155934 0.092412 0.019546 0.033898 0.0398125 0.30481 
0.0784544 0.0125438 0.25432 0.0492208 0.0114304 0.00225981 0.00200354 0.0158966 0.00566944 0.000196392 0.180324 0.00893363 0.0257668 0.020976 0.332005 
0.0716185 0.0202022 0.142767 0.0212587 0.00824678 0.00236078 0.00947267 0.0303433 0.00132513 0.000178101 0.169983 0.018802 0.0273725 0.0336152 0.442455 
0.0804041 0.0182274 0.0983657 0.038768 0.00604295 0.0211614 0.00567614 0.0130322 0.00225611 0.000204876 0.138022 0.036079 0.0591033 0.0280744 0.454583 
0.0152672 0.0153142 0.077935 0.019866 0.00106486 0.00269408 0.00934016 0.0536844 0.00994193 0.0013328 0.0824589 0.00832675 0.122168 0.0111508 0.569455 
0.0759191 0.044534 0.0963153 0.116125 0.00794785 0.00407067 0.0386478 0.0415302 0.0563373 0.00116782 0.148318 0.0163008 0.0466119 0.0846138 0.22156 
0.0392986 0.000342723 0.285581 0.00866445 0.000823412 0.00417624 0.00607273 0.225224 2.10066e-06 3.19098e-07 0.0185533 0.00749374 0.111614 0.00334453 0.288809 
0.0848746 0.0102107 0.0375522 0.139674 0.00121118 0.0448902 0.00487249 0.0302748 4.61472e-06 1.61193e-05 0.0602401 0.00126615 0.0139347 0.0134873 0.55749 
0.0924777 0.00861053 0.117725 0.0195744 0.00396254 0.000885067 0.0333745 0.0642597 0.00398647 0.000177554 0.0938973 0.0592142 0.0404807 0.0292423 0.432132 
0.0199495 0.0020471 0.182183 0.0136219 0.00267484 0.000226719 0.0085615 0.021764 0.00111053 1.71212e-05 0.0209926 0.0173189 0.0536443 0.0314637 0.624424 
0.0903724 0.00021393 0.106533 0.0281995 0.0240763 0.000389663 0.000386261 0.01327 5.82485e-06 0.000385392 0.32055 0.0300044 0.000650477 0.0413206 0.343643 
0.0724223 0.00741691 0.143788 0.0669114 0.0215893 0.000136596 0.00186629 0.0244804 0.00294371 0.0899264 0.191228 0.0247769 0.0330381 0.0449555 0.27452 
0.0586043 0.00754653 0.233346 0.0248807 0.00668779 0.00189954 0.0222419 0.148329 0.00239443 0.000149897 0.0538163 0.0191894 0.0328634 0.0296454 0.358405 
0.0756039 0.017222 0.128326 0.0247944 0.0533559 0.00131444 0.00687443 0.052893 0.00557763 2.28407e-05 0.0297173 0.0475169 0.0285958 0.12701 0.401175 
0.0408363 0.00720413 0.253346 0.0167388 0.00146136 0.00132763 0.00622765 0.132669 0.00253349 0.000340366 0.0878042 0.00861469 0.105987 0.0242057 0.310703 
0.0927238 0.000240429 0.130835 0.0159229 0.00563356 0.000765751 0.000813949 0.00783817 0.00122484 0.000121932 0.268682 0.0787981 0.00188165 0.0304593 0.364059 
0.0359355 0.0205824 0.12761 0.0424576 0.0112837 0.00743945 0.0252986 0.0599497 0.0344091 0.0001765 0.0409021 0.0161923 0.164788 0.0201696 0.392805 
0.182735 0.00407539 0.14989 0.0589008 0.00759341 0.00185099 0.00555336 0.022805 0.000120295 0.000338626 0.149499 0.0420513 0.00694275 0.151418 0.216226 
0.00622827 0.00160465 0.131139 0.00813234 0.0019541 0.000206713 0.00215322 0.0121722 0.000210122 1.22194e-05 0.00406416 0.00490583 0.0570735 0.0077368 0.762407 
0.0597421 0.000685595 0.0223407 0.0456917 0.00285261 6.33992e-05 0.000502348 0.00709693 0.000390904 4.71543e-06 0.391439 0.00777475 0.0166885 0.002851 0.441876 
0.0697077 0.00540249 0.265203 0.0404948 0.00665215 0.00139507 0.00529695 0.054642 0.00569203 0.00106016 0.0643304 0.0351811 0.0373697 0.031258 0.376314 
0.0753783 0.0915409 0.119188 0.108789 0.00825059 0.000988542 0.00672539 0.0364365 0.016426 0.000607568 0.157649 0.0275231 0.0354485 0.0706973 0.244352 
0.0775164 0.00410569 0.128902 0.12905 0.00940264 0.000988852 0.00272509 0.026918 0.000470603 8.29779e-05 0.163917 0.0069019 0.0500981 0.0497774 0.349143 
0.0678214 0.00176819 0.195471 0.0744748 0.00843054 0.0497563 0.00743627 0.0773395 6.14944e-05 0.000207883 0.0909876 0.0660073 0.0403641 0.0741608 0.245713 
0.0830201 0.0645286 0.162925 0.0361405 0.00464527 0.0105695 0.0214115 0.0797021 0.00478259 0.000167763 0.0763486 0.046351 0.122619 0.0476157 0.239172 
0.0609977 0.0617342 0.114673 0.074103 0.00370261 0.0258656 0.0163767 0.0327034 0.0175138 1.67054e-05 0.0684994 0.0171291 0.201816 0.0277492 0.277119 
0.134788 0.00137045 0.0639952 0.0370369 0.0112131 0.000361912 0.00152531 0.00999039 0.000552984 0.00021975 0.0650863 0.0572118 0.00383166 0.0484863 0.56433 
0.0482257 0.017444 0.0454488 0.0262939 0.00218789 0.00160892 0.00481565 0.00971186 0.00313188 0.000124333 0.0361607 0.0343784 0.239081 0.0215567 0.50983 
0.0475589 0.00958604 0.117743 0.0727148 0.0109574 0.00171937 0.0030795 0.0325433 0.000391578 0.000145212 0.285251 0.0110802 0.026534 0.0344709 0.346224 
0.0343177 0.0146642 0.174461 0.0593581 0.00256315 0.000543045 0.00411071 0.0508456 0.021424 2.57454e-05 0.0553189 0.0168948 0.0671295 0.0236068 0.474737 
0.0600958 0.0162039 0.0381345 0.127092 0.00540184 0.0481609 0.0122362 0.0129883 0.00853858 8.18182e-05 0.0556243 0.00634512 0.0747966 0.0332067 0.501093 
0.154225 0.00013929 0.0753255 0.0210954 0.000169316 4.7351e-09 0.00249924 0.273179 6.49476e-07 3.28894e-05 0.0553152 0.00328353 0.0101926 0.0623823 0.34216 
0.086468 0.00273815 0.099933 0.0946622 0.0548355 0.000718057 0.00484703 0.051537 0.00458758 8.49481e-05 0.113686 0.00767938 0.0464107 0.0276711 0.404141 
0.133487 0.0150532 0.232398 0.0283864 0.0020494 0.000920599 0.00930707 0.0861574 0.00289574 3.11236e-05 0.100228 0.00107956 0.0259248 0.00953417 0.352548 
0.0976374 0.0171457 0.0945377 0.0191929 0.0125696 0.000886375 0.00156413 0.0362919 0.000152643 0.00022701 0.240861 0.0129875 0.00810944 0.020888 0.436949 
0.149883 0.00194937 0.196695 0.0378866 0.0134057 0.0171157 0.00256497 0.0625827 0.000357685 0.000255528 0.159808 0.0402659 0.0202527 0.0494934 0.247484 
0.216543 0.00990506 0.11503 0.0436497 0.00611938 0.000105945 0.0135579 0.107495 0.000114311 6.27457e-05 0.0704735 0.0131009 0.00969667 0.0569683 0.337177 
0.0683658 0.0111504 0.237947 0.029727 0.00672424 0.00161386 0.00611914 0.0130102 0.00860951 0.000245251 0.124299 0.0217969 0.0488527 0.0346713 0.386868 
0.0813639 0.00205728 0.22718 0.0459233 0.0408884 0.000354323 0.00175939 0.0962226 0.00889663 4.66902e-05 0.0759669 0.0321745 0.0418232 0.0189316 0.326412 
0.0854175 0.0222831 0.0838969 0.0249418 0.00295529 0.0660578 0.03656 0.045177 0.0312339 4.6405e-05 0.046323 0.0628823 0.0711205 0.0855552 0.335549 
0.0186312 4.46036e-05 0.0110824 0.00506568 0.00276906 0.000132823 0.0033975 0.419763 2.14175e-06 0.000168605 0.0069698 0.01617 0.00763012 0.0238344 0.484338 
0.119246 0.00778652 0.258049 0.0407152 0.013816 0.000863613 0.00784283 0.0630259 0.000260437 0.000632957 0.128486 0.0211555 0.019862 0.040339 0.277919 
0.137374 0.00292119 0.146394 0.0364609 0.00882287 0.000267799 0.00238723 0.0239233 0.0179364 0.000534693 0.24022 0.0473895 0.0641462 0.0286107 0.242611 
0.0846557 0.0341883 0.110457 0.059928 0.0270656 0.0219057 0.0115044 0.0502431 0.0162331 7.13082e-05 0.10859 0.0242076 0.0982183 0.0661466 0.286585 
0.0345461 0.00179636 0.0292578 0.0456876 0.00329145 1.011e-05 0.00139176 0.0531036 0.00233097 0.000784699 0.0089993 0.00378128 0.068612 0.0116857 0.734721 
0.0283705 0.12633 0.160913 0.0403433 0.00208203 0.000897691 0.00912201 0.0995563 0.0112874 0.000217472 0.0690686 0.0150964 0.0973659 0.0129422 0.326407 
