0.08287 0.0181396 0.208782 0.0512939 0.0117858 0.000524627 0.00414738 0.124496 0.00385149 0.000325445 0.0455371 0.143968 0.0471022 0.0560356 0.201141 
0.0350272 0.0150711 0.418288 0.192866 0.00395453 0.0015472 0.00651224 0.0264036 0.00423119 0.00149186 0.120326 0.0244026 0.0387986 0.0213702 0.0897096 
0.0790491 0.00868138 0.212112 0.0683207 0.0159907 0.00224914 0.0105157 0.198927 0.000710134 0.000158045 0.124128 0.028658 0.0585143 0.0846471 0.107339 
0.160933 0.00270718 0.295886 0.159444 0.0102668 0.000304261 0.000771225 0.0389142 7.39984e-06 0.00297738 0.169834 0.0147906 0.0183003 0.104158 0.0207059 
0.0924348 0.00877698 0.371994 0.017291 0.00373272 0.00194822 0.00595456 0.177655 0.00168094 0.000207208 0.187391 0.0185659 0.0382858 0.0261268 0.0479547 
0.12064 0.00219834 0.278107 0.0281977 0.0147927 0.00100863 0.00450418 0.20587 0.00517502 0.000110492 0.153011 0.0300905 0.0587866 0.0419893 0.0555172 
0.019839 0.0332014 0.327958 0.0804777 0.00491784 0.000957662 0.0124162 0.0316412 0.0346312 0.00026827 0.240629 0.0398493 0.112355 0.0315458 0.0293132 
0.224004 0.011296 0.362797 0.0488704 0.0208977 0.00182888 0.00353588 0.0954264 0.00179997 8.19888e-06 0.0681416 0.0350519 0.0152952 0.0646675 0.0463794 
0.0904701 0.000655206 0.418588 0.0139576 0.0150501 0.00154336 0.00377717 0.0981946 0.000354689 0.000112892 0.0526621 0.0954825 0.0122882 0.134727 0.0621369 
0.0900664 0.00799707 0.536783 0.00993901 0.0124466 4.20045e-05 0.000874557 0.209631 0.000336334 4.50539e-05 0.0266808 0.0053058 0.0613048 0.0145407 0.0240069 
0.067884 0.0186015 0.37655 0.069244 0.0127713 0.000166829 0.00628759 0.201838 0.000354853 0.000313717 0.13794 0.0147557 0.0328421 0.0277442 0.0327071 
0.10101 0.0157393 0.287672 0.120508 0.00508145 0.00146611 0.00794017 0.224912 0.00373967 0.000241599 0.0906855 0.00998088 0.0360047 0.02878 0.0662374 
0.0914657 0.0214241 0.326986 0.0599385 0.00803859 0.00246748 0.00680983 0.107991 0.00439372 0.000337836 0.21687 0.0173922 0.0501085 0.0456068 0.0401703 
0.144411 0.0298283 0.295608 0.0482154 0.00608019 0.0273674 0.0035958 0.174758 0.00766703 0.000255438 0.0991365 0.00389851 0.0326725 0.0666357 0.0598703 
0.0613589 0.0200431 0.425875 0.0299331 0.0094774 0.00158325 0.0344029 0.132966 0.0045992 0.000371176 0.106933 0.0270305 0.0528267 0.0274272 0.0651727 
0.0614166 0.16443 0.271603 0.0229813 0.0128552 0.000317325 0.0187252 0.0969973 0.00358893 0.000300129 0.25232 0.0202985 0.0217375 0.0260839 0.0263457 
0.0528395 0.00585365 0.477375 0.00950566 0.00466048 0.0078254 0.00388332 0.0712197 0.0124867 3.60171e-05 0.0565216 0.0282262 0.142072 0.0628449 0.06465 
0.0396285 0.00992973 0.510293 0.0591359 0.0102645 0.00110518 0.00399212 0.0753996 0.000151021 0.000372122 0.161129 0.019676 0.0167873 0.0306284 0.0615078 
0.213048 0.00175609 0.359653 0.0148541 0.0517328 0.00189093 0.00263196 0.0900721 0.00224313 0.000126103 0.0855696 0.0119189 0.0216988 0.0311949 0.11161 
0.0391646 0.145519 0.220433 0.0792929 0.0380361 0.00186147 0.00163911 0.201097 0.000279842 0.156705 0.0543257 0.0115358 0.016776 0.0163226 0.0170125 
0.0723268 0.00996852 0.549106 0.0598231 0.00644121 0.00188711 0.00257044 0.0855346 0.00177753 0.000715266 0.129428 0.0241274 0.0124141 0.0276394 0.0162407 
0.11678 0.0174959 0.29327 0.042247 0.0131005 0.017483 0.00799303 0.0872439 0.00494312 0.000823923 0.199246 0.034911 0.0350917 0.051786 0.0775842 
0.0712812 0.00988742 0.373717 0.0295004 0.0109524 0.000751168 0.00572067 0.0648178 0.00754929 0.000156182 0.273454 0.0158233 0.0284698 0.0240501 0.0838686 
0.036897 0.0135346 0.283177 0.194679 0.00454259 0.000254369 0.00954443 0.0994579 0.000494849 0.00070377 0.193144 0.0160744 0.0367314 0.068204 0.0425602 
0.0654175 0.00566277 0.530899 0.0335352 0.0165082 0.000274682 0.00359235 0.176221 0.000738149 0.000309709 0.0614075 0.0129866 0.0215724 0.0322968 0.0385784 
0.0720362 0.0382591 0.289599 0.0497074 0.00794156 0.00101223 0.00683786 0.0979303 0.0104076 0.000124508 0.233791 0.0207035 0.038798 0.0254005 0.107451 
0.092363 0.00577289 0.585299 0.0128393 0.00341628 0.000713928 0.000911333 0.125426 0.000161447 0.000648279 0.0997475 0.0213905 0.00911424 0.0281802 0.0140164 
0.141095 0.0757179 0.203491 0.105753 0.00669716 0.00294903 0.00517351 0.0418428 0.0153677 0.000429106 0.173795 0.0107399 0.128393 0.0494173 0.0391381 
0.0022476 0.0209407 0.450302 0.148417 0.0359673 0.00612923 0.0123658 0.0763387 3.44208e-06 3.17508e-05 0.0164286 0.00780046 0.105665 0.00946306 0.107899 
0.0583048 0.012398 0.387775 0.0378857 0.0123815 0.000600168 0.00340227 0.0526386 0.00162425 0.00169519 0.338233 0.0322959 0.0104499 0.0283686 0.0219476 
0.0849392 0.0193237 0.411755 0.0391365 0.00172441 0.0095791 0.00481012 0.104186 0.00363802 0.000365586 0.158055 0.0105374 0.0568699 0.0267372 0.0683431 
0.0600091 0.0328939 0.281757 0.0634555 0.00767505 0.00144444 0.0108616 0.126182 0.0123366 8.04646e-05 0.233526 0.023687 0.0821406 0.0231504 0.0408006 
0.0753354 0.0109522 0.339742 0.132737 0.0122967 0.00277078 0.00317073 0.0396817 0.00460673 0.00524523 0.204348 0.0447856 0.0345294 0.0344037 0.0553952 
0.0770553 0.00614337 0.379863 0.0259925 0.0119486 0.0153826 0.00185729 0.0280958 1.84406e-05 0.00020455 0.325807 0.0287047 0.0128028 0.0409682 0.0451556 
0.198548 0.000569171 0.28142 0.0381021 0.0615797 2.09982e-05 0.000944742 0.0432917 9.32756e-06 0.000113697 0.22222 0.0152469 0.0498597 0.0332526 0.0548213 
0.031027 0.0204254 0.453622 0.0319 0.000871696 0.00645113 0.0196164 0.202213 0.0200059 4.88669e-05 0.0295625 0.00995411 0.108111 0.018412 0.0477787 
0.0608614 0.00417621 0.502851 0.0181679 0.00826241 0.000640671 0.00334096 0.0405746 0.00154958 0.000127551 0.196426 0.0366897 0.0286002 0.0351476 0.0625836 
0.0640482 0.0175603 0.285059 0.0951283 0.00950128 0.00268861 0.00854746 0.0573181 0.00415661 0.000261211 0.111284 0.0219643 0.0529632 0.0283641 0.241155 
0.0651839 0.0127456 0.338478 0.0826756 0.0088648 0.00155627 0.0123304 0.259852 0.00555654 0.00237287 0.06818 0.0158564 0.0438603 0.0266758 0.055811 
0.184138 0.00961624 0.262165 0.017309 0.0223451 0.00098153 0.00636871 0.132011 0.0019136 7.64255e-05 0.180584 0.0142115 0.0203971 0.0309828 0.1169 
0.101819 0.0136036 0.424327 0.0105388 0.0168709 0.00182687 0.00521485 0.274762 0.00724449 2.58745e-05 0.0310991 0.00945594 0.035035 0.0348499 0.0333266 
0.122042 0.00504881 0.38671 0.0193346 0.0168229 0.000164536 0.00276627 0.110824 0.0203023 3.6014e-05 0.0862807 0.0393503 0.0705307 0.0496469 0.0701403 
0.0690191 0.0321962 0.304338 0.089224 0.0141333 0.00268421 0.00400991 0.0480591 0.0041035 0.000204356 0.296784 0.0233535 0.0192558 0.0312713 0.0613636 
0.0772098 0.0075109 0.32665 0.143688 0.00651416 0.000877433 0.0311794 0.205794 0.00200218 0.00184528 0.0398623 0.0350041 0.0318038 0.0546752 0.0353841 
0.0267934 0.113032 0.243111 0.192925 0.00780053 0.00278169 0.0167065 0.0832708 0.0124251 0.000106621 0.145424 0.0161944 0.0447705 0.0198922 0.0747666 
0.196516 0.000509456 0.378086 0.0400536 0.00169873 0.000183316 0.0047381 0.129194 5.8232e-05 0.000406013 0.0950155 0.00761012 0.0450005 0.0340094 0.0669207 
0.097644 0.00212718 0.458336 0.00897017 0.0126472 0.00112721 0.00461081 0.0743083 0.000234321 0.00011323 0.171028 0.038971 0.0166801 0.0432944 0.0699079 
0.10602 0.0184926 0.291236 0.0393019 0.015034 0.00264574 0.00351283 0.0170311 0.00021907 0.000332909 0.17877 0.0287812 0.0112783 0.0442341 0.24311 
0.196798 0.0378181 0.224235 0.0237282 0.00343936 0.002214 0.00635503 0.0748604 0.00427934 0.00452432 0.161631 0.0234103 0.176527 0.0235921 0.0365874 
0.0642764 0.00605925 0.38521 0.0237892 0.00540073 0.0015351 0.0058855 0.155927 0.00885603 7.65426e-05 0.134629 0.0613604 0.0631545 0.0201104 0.0637294 
0.0604756 0.0243902 0.356801 0.0492034 0.00882809 0.00245078 0.0296761 0.0735618 0.0100599 0.000175782 0.0634949 0.0187973 0.17494 0.0657992 0.0613465 
0.0600158 0.0448659 0.332961 0.0236608 0.0493805 0.000579131 0.0203008 0.177747 0.0118398 0.000139456 0.031642 0.0790515 0.0742001 0.031716 0.0618996 
0.0596459 0.0260572 0.304743 0.0425882 0.00257486 0.00199842 0.0123697 0.293485 0.0148778 9.29497e-05 0.0282852 0.00485609 0.136609 0.0144652 0.0573517 
0.0759678 0.0882663 0.212641 0.0334296 0.0159118 0.000798278 0.0398543 0.135667 0.0083252 0.000367824 0.164567 0.0262899 0.0533131 0.0289904 0.115611 
0.0833573 0.0296469 0.26725 0.0658931 0.00899168 0.00192185 0.00892669 0.100126 0.013898 0.000638934 0.159313 0.0345916 0.113881 0.0331788 0.0783842 
0.0856692 0.0092718 0.417443 0.108266 0.0105345 0.000639412 0.00281879 0.0764938 0.00192956 0.0145979 0.158035 0.0172244 0.027713 0.0349211 0.0344424 
0.0503842 0.00687648 0.379343 0.0670341 0.00660594 0.000723766 0.00446758 0.089697 0.00775496 0.000214788 0.195985 0.0125985 0.0380432 0.0283916 0.11188 
0.0650323 0.0257048 0.380812 0.0725835 0.00920674 0.00443695 0.00455674 0.0527678 0.0067032 0.000265028 0.192823 0.0201508 0.0503638 0.0305237 0.0840697 
0.0408284 0.0405561 0.2788 0.103452 0.00702211 0.048177 0.0133244 0.0306128 0.00345228 8.4146e-05 0.238204 0.0186481 0.06394 0.0339619 0.0789365 
0.185826 0.00267497 0.413109 0.013586 0.0253268 0.00135187 0.00162866 0.0351432 0.000310897 0.000231485 0.18381 0.00858358 0.00506484 0.0710247 0.0523281 
0.101821 0.0041158 0.499147 0.0110422 0.0160714 0.00116296 0.00420505 0.136325 0.00210444 0.000228142 0.111394 0.0234673 0.0097744 0.0338186 0.0453226 
0.0352049 0.0059334 0.28392 0.186222 0.0078333 0.000525297 0.0216949 0.11272 0.000448601 1.2375e-05 0.0271341 0.0506288 0.0633783 0.0129045 0.19144 
0.145322 0.00182944 0.514558 0.0267202 0.0121147 1.67115e-05 0.000621231 0.141037 1.19221e-05 8.3894e-05 0.0360795 0.0125501 0.0289757 0.0262946 0.0537842 
0.0561032 0.0149736 0.476114 0.0503921 0.0124892 0.00140893 0.00704255 0.06899 0.00746997 0.000762638 0.165963 0.0274892 0.033993 0.0275588 0.0492499 
0.0290068 0.0150807 0.423318 0.053984 0.00309537 7.02571e-05 0.00929512 0.289544 0.000923054 0.0366046 0.0473139 0.0341004 0.0146302 0.0291522 0.0138809 
0.0522868 0.0356708 0.311561 0.0283988 0.0146111 0.000591509 0.00457653 0.0653275 0.00402087 0.000755019 0.254258 0.0285042 0.0613212 0.0321086 0.106008 
0.0934334 0.0938238 0.303407 0.0305709 0.00660779 0.00534052 0.00937045 0.0770125 0.0178812 0.000542727 0.111787 0.0393118 0.0797616 0.0681806 0.0629696 
0.0246858 0.0968986 0.296338 0.0428439 0.00305086 0.00751238 0.0148075 0.0356297 0.0221642 0.00134642 0.130532 0.018351 0.152267 0.0185504 0.135023 
0.0436376 0.0128091 0.536643 0.0240999 0.0888418 0.00431449 0.00305236 0.0220867 0.00228243 0.000311839 0.168928 0.0241464 0.0132297 0.022123 0.0334931 
0.216977 0.0108073 0.357871 0.0255632 0.00497624 6.97471e-05 0.0011754 0.175831 6.75751e-05 0.0001694 0.025412 0.0125898 0.0223948 0.0901825 0.0559127 
0.0638143 0.0185343 0.314011 0.0547647 0.0118028 0.0316933 0.00641892 0.0706444 0.00765023 0.000277102 0.113905 0.0208536 0.0346586 0.0317536 0.219218 
0.0679675 0.103359 0.212481 0.178803 0.00684616 0.000891674 0.0129878 0.0423507 0.00207156 0.000776542 0.193014 0.0176099 0.0246158 0.0455734 0.0906512 
0.0385809 0.00115269 0.348953 0.016897 0.0867454 0.000358474 0.00164391 0.247729 0.000176583 0.000556311 0.0195673 0.00890516 0.0178011 0.104902 0.10603 
0.0497933 0.0173095 0.352869 0.0776497 0.00953019 0.000818969 0.0051801 0.135086 0.00930008 0.000881758 0.187246 0.0222703 0.0606775 0.0251231 0.046265 
0.0615634 0.0581624 0.282183 0.0472396 0.00619112 0.000867407 0.00717469 0.0874535 0.011718 0.000974876 0.209408 0.030378 0.104443 0.0431168 0.0491261 
0.0192644 0.02641 0.399662 0.0795395 0.00309739 0.0024932 0.00334071 0.0156477 0.0158059 0.000167704 0.0603162 0.0256761 0.239946 0.00919856 0.0994354 
0.0907952 0.00761845 0.533097 0.017712 0.00672522 0.00146542 0.00773362 0.152553 0.00479459 0.000954747 0.0811287 0.0175788 0.0186893 0.026256 0.0328976 
0.112626 0.0239786 0.278443 0.0554395 0.00789019 0.00181746 0.00278898 0.0929693 0.000155973 2.08381e-05 0.215068 0.0274203 0.0334109 0.120072 0.027899 
0.0493974 0.0299701 0.282291 0.105642 0.000716527 0.00195841 0.00902357 0.0935187 0.000820201 0.000175076 0.086026 0.0138222 0.130056 0.0291874 0.167395 
0.0914374 0.0273669 0.275116 0.0930068 0.00633879 0.0279547 0.00926465 0.132993 0.00226153 0.000347591 0.0854769 0.00982324 0.0812583 0.0470192 0.110335 
0.0858402 0.0116835 0.304415 0.0758502 0.0135331 0.000940466 0.00814971 0.132434 0.00281931 0.000223647 0.145797 0.0158537 0.0375699 0.0382261 0.126665 
0.0661005 0.00284735 0.389492 0.0458684 0.00460751 0.000491242 0.00429705 0.161198 0.000122338 9.8956e-05 0.0863122 0.00108331 0.1271 0.0199255 0.0904556 
0.0726728 0.00544787 0.334341 0.0266007 0.0164585 0.00103046 0.0201128 0.325095 0.00165624 0.00170104 0.0849742 0.0100136 0.0269832 0.0265632 0.0463494 
0.016441 0.19234 0.295036 0.0762879 0.00669454 0.00193683 0.00423795 0.0498668 0.0222448 0.0673666 0.0941465 0.00653287 0.123289 0.0138778 0.0297014 
0.0612922 0.0117955 0.407841 0.0584919 0.0111484 0.00234038 0.00666751 0.063743 0.00448056 0.000974735 0.16687 0.0276361 0.0514524 0.0398481 0.0854178 
0.0797775 0.0177806 0.259777 0.12382 0.0170516 0.00130732 0.00253377 0.0758584 0.00167401 0.000343619 0.188685 0.0314902 0.0312804 0.120643 0.0479785 
0.0983363 0.0085407 0.316943 0.0512665 0.00888261 0.00849276 0.00291337 0.246425 0.000170887 0.000384698 0.116371 0.0207845 0.0254309 0.0376001 0.0574573 
0.0610346 0.0227646 0.296279 0.102972 0.00811631 0.00252615 0.011456 0.0732715 0.00926588 0.000886029 0.0979607 0.0191355 0.0935667 0.0316271 0.169138 
0.0682605 0.0233794 0.418946 0.025806 0.0111503 0.00187181 0.00791771 0.0931396 0.0245695 0.00123917 0.136634 0.0281132 0.0729532 0.0326551 0.053364 
0.0374271 0.10906 0.310242 0.0320105 0.00305254 0.0114821 0.0147995 0.0400022 0.040527 4.93622e-05 0.0768476 0.0159266 0.2163 0.014651 0.0776227 
0.0347145 0.0740571 0.393143 0.0659944 0.00510568 0.00372201 0.00508953 0.0166382 0.00531881 0.000737338 0.173109 0.0403961 0.0423976 0.0399903 0.0995863 
0.0425795 0.01571 0.429242 0.0441621 0.00231429 0.000574903 0.00522476 0.156637 0.00457542 0.000309114 0.0554413 0.0128456 0.141301 0.011323 0.0777602 
0.134962 0.00805652 0.290707 0.0297143 0.00874688 0.00170804 0.023208 0.134056 0.00675463 0.000450778 0.0568087 0.0546719 0.06063 0.0440066 0.145519 
0.0845055 0.0115516 0.466645 0.06982 0.00690884 0.000869264 0.00242647 0.0770385 0.00867945 0.000277455 0.105281 0.0086194 0.0352061 0.0262064 0.0959645 
0.163856 0.0144753 0.22494 0.0249132 0.000971387 0.000716694 0.00390556 0.0322041 0.0566696 0.000150337 0.163128 0.0230015 0.0166122 0.0520494 0.222407 
0.0651176 0.00191422 0.542554 0.0399309 0.00113653 0.00047231 0.00233812 0.0699606 2.99849e-05 0.000231977 0.0764726 0.0401137 0.0589434 0.0126792 0.0881046 
0.014778 0.0185559 0.318335 0.131406 0.0155691 0.000252411 0.0011238 0.0155057 0.00253728 0.00096515 0.0668356 0.0180936 0.252613 0.0247034 0.118726 
0.10185 0.037428 0.222945 0.0214918 0.0934935 0.00155091 0.0128502 0.144015 0.0115836 0.000592893 0.205173 0.0231553 0.034013 0.0477869 0.0420713 
0.0548898 0.000320162 0.336293 0.00794047 0.000857562 0.000937386 7.56915e-05 0.28955 6.63557e-06 0.0112556 0.250176 0.00813656 0.00504532 0.0105735 0.0239413 
0.227628 0.00450802 0.363833 0.0143738 0.0113122 7.00515e-05 0.000302095 0.0844892 0.000461369 0.000374445 0.20521 0.0206086 0.0221105 0.0253918 0.0193267 
0.0269225 0.0191811 0.418537 0.0784745 0.00650847 0.0036908 0.00823221 0.0410185 0.0275186 0.000375795 0.0313256 0.0112553 0.179028 0.0174878 0.130444 
0.0484402 0.0499798 0.27773 0.120935 0.00873293 0.00283485 0.00221745 0.0608375 0.00561959 0.000414142 0.156837 0.0341674 0.0234832 0.17027 0.0375017 
0.0368427 0.00870919 0.364542 0.219808 0.00474047 0.00205129 0.00577692 0.0530892 0.00542942 0.00335347 0.150012 0.0131643 0.0277158 0.0144573 0.0903076 
0.0750311 0.00322031 0.377614 0.103035 0.0313148 0.00219124 0.00218312 0.157481 0.00300868 0.000629609 0.130647 0.0146569 0.0234288 0.037443 0.0381158 
0.14354 0.000536083 0.54695 0.0103812 0.0132416 0.00069058 0.0016507 0.0501617 0.00369293 0.000365151 0.0847162 0.0277621 0.00791315 0.0400574 0.0683412 
0.056027 0.0178764 0.352776 0.058589 0.00645868 0.00217297 0.0120866 0.121708 0.00691421 0.00035452 0.0758809 0.0235023 0.0878465 0.0351301 0.142677 
0.166218 0.00597947 0.325709 0.0171263 0.0153579 0.000127639 0.00335557 0.298426 2.87194e-05 0.000323058 0.0213048 0.027144 0.00953514 0.0596876 0.0496756 
0.0587474 0.017674 0.460355 0.0952275 0.00932994 0.00333795 0.00905502 0.0683765 0.00646764 0.000216275 0.122844 0.0160616 0.0398002 0.0186541 0.0738526 
0.0334029 0.129361 0.215681 0.0788917 0.00780309 0.00255308 0.0114352 0.117872 0.0411896 6.89481e-05 0.0536566 0.026229 0.180854 0.0321193 0.0688826 
0.0529726 0.0783497 0.341508 0.0995099 0.00739725 0.00229146 0.00481074 0.0951732 0.00945398 0.000130002 0.179073 0.028327 0.0525615 0.0250845 0.023357 
0.12116 0.0091091 0.270217 0.0562068 0.0119947 0.000380323 0.00996994 0.233445 0.000272373 0.0021813 0.0989932 0.0273998 0.0372326 0.0835269 0.0379105 
0.0126917 0.0413513 0.308175 0.0753754 0.000619215 0.00250585 0.0100675 0.069456 0.0116953 3.07658e-05 0.155955 0.212723 0.041814 0.0170257 0.0405147 
0.0857791 0.105684 0.217858 0.0645694 0.0149854 0.00220587 0.0140493 0.150164 0.0293385 0.000564365 0.0916012 0.0231184 0.114141 0.0390905 0.0468514 
0.0494246 0.0294745 0.282496 0.0920618 0.0214013 0.00179139 0.01116 0.107459 0.0146134 0.00033196 0.100029 0.0230208 0.0461682 0.0327443 0.187824 
0.0884183 0.00730311 0.388115 0.0717163 0.00873976 0.00412411 0.0108961 0.122801 0.001603 0.000665563 0.110895 0.0621037 0.0360553 0.0319686 0.0545945 
0.0765643 0.0241696 0.313743 0.0498235 0.00857828 0.00251171 0.0224192 0.0763035 0.00430229 0.000760052 0.134046 0.018646 0.0530827 0.0405887 0.174461 
0.0408755 0.0137398 0.648951 0.0122498 0.0125437 5.02132e-06 0.00467726 0.0711948 0.000876731 8.5877e-05 0.0366425 0.0183489 0.0632838 0.0376994 0.0388257 
0.0365893 0.186628 0.275824 0.0381912 0.0163771 0.00274872 0.0158655 0.103194 0.012495 0.000131011 0.109202 0.0414482 0.0908064 0.0338103 0.03669 
0.109221 0.0754343 0.22069 0.0583938 0.00469193 0.0029703 0.0399952 0.0409907 0.00546704 0.00162117 0.133838 0.0139308 0.113782 0.0780946 0.100879 
0.0407468 0.0237218 0.474104 0.0674951 0.0149052 0.00203538 0.0105982 0.0630516 0.014244 0.00056105 0.10386 0.0169882 0.0516581 0.0196304 0.0964005 
0.0415515 0.0276819 0.417244 0.0483717 0.00200833 0.00580623 0.00771954 0.201929 0.0215559 0.000357749 0.0825628 0.0127474 0.0814053 0.00982936 0.0392289 
0.0599292 0.00291875 0.591503 0.010918 0.0123225 0.000457493 0.00653251 0.183463 0.00232545 0.000562021 0.0297074 0.0214981 0.0102986 0.0292812 0.0382826 
0.0570196 0.0122095 0.460236 0.0447842 0.0134671 0.00191523 0.00532589 0.0729319 0.00732551 0.000643587 0.156966 0.0239285 0.0286705 0.0250583 0.0895184 
0.0837789 0.00551545 0.436697 0.0968144 0.0109857 0.001702 0.00711473 0.046818 0.00191467 0.000369866 0.114725 0.0464025 0.020304 0.0420495 0.0848088 
0.107973 0.0153807 0.367772 0.0496842 0.0096486 0.00518666 0.00722494 0.0579175 0.00478175 0.000519326 0.244108 0.0238702 0.027016 0.0304085 0.0485087 
0.176322 0.0232649 0.309872 0.063287 0.00533904 0.0320815 0.017137 0.100192 0.0109288 0.000245767 0.0741642 0.00798106 0.0765981 0.0480414 0.0545447 
0.0552648 0.00366191 0.428397 0.0281729 0.00698072 0.00164307 0.00391599 0.0390687 0.00218944 0.000396811 0.0925486 0.0220733 0.0256276 0.0310388 0.25902 
0.0760443 0.00778534 0.42949 0.023794 0.0159433 0.048039 0.00260481 0.101443 0.00506165 0.000120998 0.0891042 0.0229261 0.0945912 0.0325222 0.0505293 
0.0354491 0.0108097 0.382583 0.066312 0.00202615 0.000945196 0.00677973 0.023121 0.0136529 0.000566538 0.160578 0.00561675 0.149095 0.0142853 0.128179 
0.211242 0.0301528 0.222207 0.0311071 0.00426317 0.00736882 0.00974145 0.101215 0.0134761 0.00374722 0.129932 0.0180579 0.126025 0.0318288 0.0596355 
0.107481 0.00847514 0.286095 0.0427469 0.00521896 0.0109024 0.00531695 0.0437105 0.00343721 0.000232682 0.106104 0.0114282 0.0425082 0.0423434 0.283999 
0.062559 0.0309803 0.261792 0.0375367 0.00729017 0.00142898 0.0270341 0.161942 0.00468194 0.000383509 0.0427797 0.00989792 0.0705417 0.0493809 0.231771 
0.251096 0.00794172 0.26485 0.0209898 0.0102053 0.00333034 0.00266152 0.0772695 0.000195219 0.00066774 0.121751 0.0287027 0.0592978 0.0972922 0.0537494 
0.0703102 0.00136621 0.398713 0.0167469 0.00252397 0.000103836 0.000309998 0.363497 2.82664e-05 0.00133979 0.0883728 0.0034198 0.0124446 0.0164415 0.0243825 
0.156479 0.0039154 0.343035 0.0235648 0.00868907 0.0031262 0.00495004 0.270709 0.00231874 0.00031865 0.0403171 0.00730043 0.0365105 0.0297857 0.0689806 
0.0443501 0.0448289 0.437484 0.039815 0.0082445 0.00160909 0.00619346 0.0495421 0.00433533 0.000113028 0.0951406 0.0110022 0.0706845 0.0189121 0.167745 
0.0232817 0.0459238 0.28773 0.0821876 0.00274203 0.00170703 0.00806843 0.161509 0.011695 9.46881e-05 0.122955 0.00147098 0.181812 0.0170686 0.0517538 
0.0422513 0.00594523 0.586338 0.0214911 0.0100548 0.00137296 0.00474169 0.183651 0.000493096 0.00145453 0.0544892 0.0105833 0.0199914 0.0204293 0.0367128 
0.0331535 0.134131 0.235561 0.0529625 0.00253079 0.000458151 0.0205518 0.173564 0.0468237 0.00188506 0.0837435 0.02601 0.0723494 0.063814 0.0524616 
0.0714447 0.0130455 0.384028 0.072835 0.0242048 0.0019741 0.0153874 0.083882 0.012164 0.000152018 0.0666278 0.025269 0.0420457 0.034633 0.152307 
0.058465 0.0240387 0.464952 0.06976 0.00445995 0.00377544 0.0125537 0.0251786 0.00271249 0.000255626 0.16376 0.0401976 0.0555429 0.0415001 0.0328477 
0.0754255 0.00953931 0.305521 0.0332938 0.00469554 0.0014963 0.0169784 0.0921822 0.00131022 0.00214455 0.138821 0.0384774 0.0402188 0.0173131 0.222583 
0.0465496 0.0166253 0.28474 0.129451 0.00896096 0.00211206 0.00348828 0.0257915 0.00616786 0.000423039 0.25555 0.0242983 0.0212585 0.0280258 0.146558 
0.117833 0.00697571 0.408699 0.0856983 0.0139308 0.00107893 0.00436631 0.0943922 0.0160499 0.000665552 0.102371 0.0214366 0.0242064 0.0284188 0.0738774 
0.116687 0.0046183 0.490241 0.0311453 0.0342865 0.00175417 0.00231815 0.0795102 0.00190191 0.00110837 0.0878591 0.0183903 0.0144196 0.0526042 0.063156 
0.160357 0.00181593 0.338956 0.00797029 0.0115552 0.000819732 0.0468632 0.124598 0.00128574 3.11286e-05 0.0555018 0.0726674 0.0156316 0.112988 0.0489599 
0.0841359 0.144246 0.278876 0.0318174 0.00231726 0.0071159 0.234669 0.0333805 0.017444 8.37391e-06 0.0447226 0.020739 0.0527425 0.0130967 0.0346896 
0.0250813 0.118754 0.241782 0.0203011 0.0028468 0.00378516 0.00763502 0.218287 0.0821717 0.000673286 0.0248935 0.0112618 0.1862 0.0117382 0.0445884 
0.04768 0.00718624 0.320468 0.0699423 0.0127879 0.000348477 0.00750072 0.0641806 0.00156159 0.00038886 0.268609 0.0676767 0.0558508 0.0417816 0.0340374 
0.0238736 0.0134755 0.404851 0.213756 0.0123646 0.00191551 0.00840573 0.0280188 0.0323057 0.000738536 0.0592684 0.00879181 0.0928058 0.0313881 0.0680408 
0.0691421 0.00118472 0.36923 0.114778 0.0117619 0.0017441 0.0225499 0.118317 1.40711e-05 0.000250606 0.0301628 0.0389388 0.0180055 0.0861028 0.117817 
0.100669 0.00935714 0.267248 0.0797732 0.0222184 0.000211551 0.00919907 0.205118 0.00777012 0.000240954 0.0454063 0.0177728 0.0773413 0.0602702 0.0974044 
0.035819 0.0782759 0.456952 0.0477453 0.002754 0.00552319 0.0031258 0.0288819 0.00299832 0.000154327 0.0637774 0.0188984 0.0642395 0.0225523 0.168303 
0.0969163 0.0221829 0.358248 0.0722204 0.0109511 0.00200034 0.00303547 0.148553 0.0127894 0.000216105 0.0530645 0.00444913 0.0825678 0.0247056 0.1081 
0.0650404 0.026567 0.272764 0.080743 0.0101054 0.000937538 0.0121084 0.104117 0.00157424 0.000947733 0.154872 0.0336987 0.0283134 0.0406757 0.167536 
0.0394665 0.0558406 0.354539 0.158651 0.00598783 0.0028981 0.00898875 0.0613845 0.0110395 0.0109149 0.102106 0.0342769 0.0392796 0.0322957 0.0823316 
0.110805 0.0125373 0.597613 0.0139426 0.0278383 0.0020261 0.00670093 0.0361548 0.00275267 0.000151146 0.123486 0.00670599 0.00724098 0.0251574 0.0268868 
0.0960094 0.001767 0.531566 0.0132073 0.0170995 0.00328764 0.00768672 0.103941 0.000488982 0.000128584 0.0699218 0.031277 0.0079526 0.0490895 0.066577 
0.0630146 0.0109117 0.372888 0.078566 0.0115407 0.00321294 0.0101553 0.0778451 0.00402806 0.000796851 0.159969 0.026301 0.024932 0.0688142 0.0870245 
0.0595964 0.0256049 0.350413 0.0826869 0.0227998 0.00159925 0.00396984 0.0593305 0.00710732 0.000308793 0.184706 0.0453002 0.0509426 0.0350221 0.0706124 
0.0459635 0.0586917 0.363755 0.0333741 0.00438799 0.00171654 0.0301887 0.0706785 0.00535926 0.0011803 0.15221 0.0126823 0.0853655 0.020367 0.11408 
0.103147 0.00860745 0.430569 0.0299606 0.00968661 0.00280204 0.00654547 0.0604772 0.00225684 0.000333443 0.104168 0.0281433 0.040404 0.046666 0.126234 
0.117119 0.000386432 0.57657 0.0171045 0.0194241 7.00994e-05 0.00125075 0.0903452 1.7773e-05 6.70225e-05 0.0310312 0.030757 0.00317554 0.0294843 0.0831972 
0.0512963 0.0160315 0.452375 0.0466585 0.0118023 0.00207419 0.00208573 0.0363304 0.00102294 2.98044e-05 0.145286 0.0445428 0.0199236 0.0198903 0.15065 
0.061088 0.0135472 0.270354 0.068795 0.00818595 0.000881672 0.00595698 0.0635835 0.00274645 0.000412859 0.161772 0.0209959 0.0311544 0.0309391 0.259587 
0.128754 0.0470282 0.236479 0.0377799 0.0434557 0.000714483 0.00525841 0.222108 0.00153405 0.000172756 0.076344 0.0291401 0.0360377 0.0558089 0.0793848 
0.0764678 0.00656105 0.43508 0.0300815 0.0118351 0.00195302 0.00689041 0.0790838 0.00343269 0.000887648 0.1096 0.0307683 0.0611602 0.0439891 0.102209 
0.0691208 0.00269288 0.299464 0.0743069 0.00792564 0.00268446 0.00326497 0.280157 7.55892e-05 0.0390295 0.137356 0.00634123 0.014403 0.0453701 0.0178079 
0.0727275 0.0336275 0.365099 0.125685 0.00907449 0.000229355 0.00187365 0.0980856 0.0221262 0.0014072 0.150959 0.0103456 0.0232843 0.0232746 0.0622011 
0.145912 0.0156556 0.22856 0.0931105 0.00668418 0.0230129 0.00200219 0.0142626 0.00254601 0.000520462 0.217446 0.0562154 0.0621268 0.0657849 0.0661608 
0.0809876 0.00963219 0.289571 0.0659847 0.0093694 0.00200973 0.01208 0.0968529 0.00912641 0.000141736 0.228692 0.0157786 0.0241115 0.0260721 0.12959 
0.0723251 0.00975263 0.346773 0.013165 0.0331482 0.000462981 0.0299976 0.207372 0.000280139 0.00110057 0.199768 0.0340468 0.00623291 0.0254654 0.0201094 
0.0329732 0.0159418 0.563055 0.0649848 0.00804031 0.0032486 0.00971548 0.0274824 0.0139305 0.000390626 0.121224 0.0289068 0.0328087 0.024546 0.0527509 
0.0785794 0.0250977 0.291478 0.0331513 0.0134696 0.00112814 0.00585278 0.0707536 0.0131477 0.00247609 0.14168 0.0304601 0.0885471 0.0326453 0.171533 
0.0408755 0.0137398 0.648951 0.0122498 0.0125437 5.02132e-06 0.00467726 0.0711948 0.000876731 8.5877e-05 0.0366425 0.0183489 0.0632838 0.0376994 0.0388257 
0.058055 0.000986514 0.418668 0.0129381 0.00544202 0.000187622 0.00453741 0.27133 7.69563e-05 0.000509452 0.108206 0.0197674 0.0361422 0.0275997 0.0355532 
0.102845 0.0544184 0.320446 0.0476921 0.00425356 0.00272529 0.0148197 0.0931241 0.0050613 0.000162514 0.148646 0.00791941 0.111804 0.0147764 0.0713071 
0.0383671 0.00425567 0.750762 0.00784983 0.0107536 6.58347e-07 0.00918924 0.123413 0.00217685 6.82958e-06 0.0244457 0.00763328 0.00222141 0.00441639 0.0145082 
0.0929662 0.00348136 0.587912 0.0155318 0.0143683 0.00234737 0.0103633 0.0904935 0.0054935 0.000294481 0.114637 0.0102813 0.00606593 0.0201248 0.0256392 
0.0867242 0.00327741 0.326432 0.0155772 0.00610036 0.00177848 0.00527535 0.146091 0.0162062 0.000247369 0.0875565 0.0277239 0.0432348 0.0308887 0.202887 
0.0237352 0.0489251 0.370264 0.0615679 0.00193681 0.00225946 0.0102219 0.0285613 0.0179165 0.000386602 0.0932478 0.00729039 0.262608 0.00996232 0.061117 
0.0662169 0.0194506 0.276356 0.189983 0.0127266 0.00253105 0.0055544 0.0536806 0.00685381 0.00010887 0.152361 0.0182373 0.05386 0.0383543 0.103726 
0.0326521 0.0503343 0.329401 0.0920102 0.0196089 0.00173797 0.00906305 0.0637352 0.00938468 0.000297963 0.237319 0.0220123 0.0492794 0.0314634 0.0517013 
0.0827574 0.0133614 0.319732 0.0417286 0.00423393 0.0071833 0.00762792 0.171448 0.00654128 0.000374651 0.0810357 0.0244976 0.0375044 0.0398813 0.162093 
0.166784 0.00552404 0.319427 0.0286867 0.00428693 0.00460272 0.00341739 0.205521 0.00392216 1.60793e-05 0.107454 0.0268625 0.0216265 0.0466318 0.0552373 
0.0283896 0.0574278 0.423543 0.138963 0.00657717 0.00029934 0.0046252 0.0252445 0.010656 0.00561117 0.0693519 0.00547998 0.0649191 0.0311706 0.127741 
0.129266 0.00778867 0.353469 0.0925873 0.00534241 0.0138367 0.0025896 0.108406 0.000304808 0.0387451 0.182321 0.00422655 0.0129638 0.0278205 0.0203332 
0.159628 0.0249623 0.309623 0.0718699 0.0189767 0.00685037 0.00525305 0.101669 0.000841237 0.00076296 0.141996 0.0205901 0.0221544 0.0639234 0.0508991 
0.214479 0.00907904 0.236037 0.0141029 0.0941501 0.000795369 0.00591555 0.206788 0.000421149 0.000220223 0.101925 0.00510086 0.0265216 0.0354293 0.0490354 
0.0790648 0.0110687 0.542966 0.0250599 0.0138284 0.00130234 0.00692303 0.0624386 0.0126351 0.000267703 0.0686786 0.0259537 0.0326959 0.0254675 0.0916495 
0.0334029 0.129361 0.215681 0.0788917 0.00780309 0.00255308 0.0114352 0.117872 0.0411896 6.89481e-05 0.0536566 0.026229 0.180854 0.0321193 0.0688826 
0.0612152 0.000591522 0.514522 0.00827442 0.0352977 0.000616105 0.00151852 0.200384 2.20801e-05 0.000248566 0.131457 0.0118928 0.00649964 0.0107412 0.0167198 
0.122139 0.0132366 0.377171 0.0526046 0.00662122 0.000531109 0.00417303 0.0456452 0.00974249 0.000445418 0.240671 0.0214639 0.0214132 0.019471 0.0646707 
0.0875164 0.00828382 0.386553 0.0309747 0.0165261 6.79887e-05 0.00697171 0.199868 0.00264923 0.000265805 0.128464 0.00883075 0.0302813 0.028769 0.0639778 
0.0453962 0.00497977 0.492584 0.0585305 0.0232122 0.00012159 0.000884114 0.0539821 2.80268e-05 0.000297635 0.225921 0.0176174 0.0242554 0.0229133 0.0292774 
0.100807 0.0480848 0.32507 0.0560588 0.00266215 0.0015098 0.0127805 0.0944664 0.00735951 0.000427303 0.22228 0.0107615 0.0404243 0.0219933 0.0553143 
0.117046 0.0218773 0.20479 0.043156 0.01614 0.00150699 0.0188547 0.123822 0.0147032 0.000307178 0.12668 0.0190166 0.0421207 0.0494922 0.200487 
0.150765 0.0177882 0.21213 0.0264424 0.00971318 0.000489772 0.00376757 0.158642 0.00350352 0.106786 0.139264 0.0403611 0.0306971 0.0502839 0.0493666 
0.0457355 0.0114293 0.34782 0.267358 0.0211432 0.000988803 0.00356233 0.0812343 0.000743496 0.000131642 0.0511103 0.00504194 0.0118147 0.0405617 0.111325 
0.0753049 0.0207369 0.379797 0.0220976 0.00284614 0.0131695 0.0119043 0.161948 0.000317864 0.00282238 0.106786 0.0395919 0.0416361 0.0633811 0.057661 
0.120714 0.00979499 0.310779 0.0666085 0.0231855 0.000594003 0.00320193 0.140239 0.000362635 0.00138243 0.17818 0.0170077 0.0290156 0.0626361 0.0362988 
0.0489728 0.013143 0.340765 0.032694 0.00229977 0.00179369 0.00841146 0.0573162 0.00774468 0.000127982 0.162436 0.00647405 0.0807802 0.020353 0.216689 
0.124635 0.0425061 0.274544 0.0384204 0.0188286 0.00096769 0.00667987 0.0929883 0.00351779 0.000107468 0.239915 0.0197765 0.0186481 0.0430153 0.0754495 
0.0710799 0.0101266 0.404325 0.0407402 0.00714106 0.0123162 0.00268548 0.0423664 0.00614796 0.000718047 0.0733115 0.0442128 0.220852 0.0205756 0.043401 
0.0829855 0.00163417 0.603948 0.0202708 0.0227231 0.00177571 0.00218083 0.0636554 0.0250752 0.000559232 0.0456498 0.0114747 0.0198641 0.0224838 0.0757203 
0.175879 0.00351151 0.541788 0.012492 0.00681163 0.00116378 0.0016855 0.0665616 1.55471e-05 0.000140929 0.0878493 0.0123065 0.0126307 0.0375886 0.0395757 
0.115027 0.0348687 0.355207 0.0647148 0.00944686 0.000181533 0.000969578 0.187649 9.27602e-05 0.00363223 0.106013 0.00979523 0.0284164 0.0517596 0.0322255 
0.0373138 0.0596373 0.232867 0.0964433 0.00504842 0.0175139 0.0270361 0.0573837 0.0129225 7.00392e-05 0.14101 0.0280078 0.108062 0.0261761 0.150508 
0.108013 0.000407043 0.327308 0.00878828 0.0196725 2.07119e-05 0.000879315 0.0268292 2.77622e-06 8.98818e-08 0.121475 0.125308 0.140683 0.0752485 0.0453638 
0.0682472 0.0273675 0.206857 0.11921 0.013787 0.00147578 0.00835044 0.154604 0.0390729 0.000571521 0.145707 0.0144966 0.0477044 0.0416237 0.110925 
0.0488881 0.0148692 0.398333 0.0488241 0.00971591 0.000533705 0.0108154 0.0854417 0.00930833 0.00055234 0.203224 0.0169015 0.0505696 0.030231 0.0717925 
0.0938963 0.0383 0.195415 0.0572245 0.00619891 0.00471821 0.0137631 0.136858 0.00908336 0.00234643 0.101366 0.026793 0.128734 0.0619046 0.123398 
0.0944906 0.00437888 0.540195 0.0167752 0.0177095 0.00250453 0.0130743 0.0989398 0.00696034 0.000378392 0.135634 0.0122921 0.00696701 0.0217195 0.0279807 
0.0753108 0.00398474 0.509648 0.0159571 0.017778 0.00274436 0.00402465 0.213938 0.00428716 0.000400688 0.0740411 0.0152808 0.0126196 0.0252426 0.024742 
0.0107859 0.0282909 0.603841 0.0404345 0.0111572 0.00100575 0.00561603 0.0229699 0.00731053 0.000268073 0.0538268 0.0142066 0.136099 0.0136907 0.0504973 
0.105398 0.00941003 0.347257 0.0573838 0.00671874 0.000369208 0.00662309 0.088975 0.000240365 0.000176392 0.139581 0.00395876 0.0142931 0.0174984 0.202116 
0.0885941 0.00823278 0.364813 0.0040703 0.0144216 0.261258 0.0307995 0.0894141 6.00563e-06 1.62086e-08 0.0120137 0.0108118 0.00942584 0.106137 2.94808e-06 
0.0696063 0.0171751 0.353819 0.107161 0.0317966 0.0021668 0.0179019 0.107814 0.0104236 0.000307123 0.0989098 0.0388969 0.041322 0.0382334 0.064466 
0.0452337 0.023845 0.288551 0.249151 0.00904538 0.00189113 0.00437495 0.0233296 0.0280995 9.49079e-05 0.243149 0.0132363 0.0090066 0.0283573 0.0326344 
0.151363 0.0109645 0.199009 0.123327 0.0139287 0.000212148 0.0111107 0.174954 0.0118518 0.00236272 0.0759935 0.0080972 0.105469 0.0471619 0.0641949 
0.0450973 0.00983573 0.453582 0.160168 0.00846401 0.0011885 0.0128939 0.122137 0.00989177 0.000331492 0.0766836 0.0120191 0.0161973 0.0226663 0.0488444 
0.0603441 0.0151014 0.324202 0.0668725 0.00455199 0.00129193 0.00907426 0.251298 0.0130291 0.00028739 0.0385536 0.00631959 0.086956 0.0240964 0.098021 
0.098016 0.0125336 0.42283 0.0803788 0.00869843 0.000603798 0.00451558 0.120291 0.00560129 9.39941e-05 0.0828846 0.0312946 0.0307082 0.0335663 0.0679841 
0.0967375 0.0445416 0.276967 0.0456085 0.0113879 0.0013508 0.0138968 0.0629575 0.00642671 0.000826638 0.199947 0.031791 0.0695139 0.0359267 0.102121 
0.0924696 0.0111555 0.250849 0.134205 0.00925139 0.000643235 0.0083499 0.166386 0.00509233 0.000496737 0.156249 0.0182952 0.0516186 0.035235 0.059703 
0.0857296 0.00207256 0.520413 0.0104724 0.0123221 0.00152256 0.00540855 0.176785 0.00125785 0.000500705 0.0517886 0.0248287 0.0156481 0.0239619 0.0672887 
0.120439 0.0078499 0.328697 0.0315453 0.0177952 0.000856166 0.00757231 0.164985 0.00312686 0.000316777 0.184349 0.0183147 0.0212943 0.0433742 0.049484 
0.101821 0.0041158 0.499147 0.0110422 0.0160714 0.00116296 0.00420505 0.136325 0.00210444 0.000228142 0.111394 0.0234673 0.0097744 0.0338186 0.0453226 
0.173551 0.014141 0.382714 0.013884 0.0075299 0.00192436 0.0037883 0.126116 0.00742039 0.00147809 0.109385 0.0166231 0.0507242 0.0408126 0.0499071 
0.113715 0.00404309 0.44588 0.0290362 0.0299507 0.0099254 0.00396113 0.109767 0.00188648 0.000197821 0.0722372 0.0163474 0.0219987 0.0256124 0.115441 
0.0396596 0.0183513 0.503817 0.0533455 0.00175347 0.00151867 0.00265544 0.0473194 0.00867124 0.000653565 0.199847 0.0233556 0.0472669 0.0145511 0.0372343 
0.124322 0.0169673 0.239708 0.102966 0.013768 0.00665949 0.0103048 0.0507217 0.00548171 0.0055441 0.146631 0.0261474 0.0490086 0.0888661 0.112904 
0.0451508 0.014892 0.483243 0.0408604 0.0038229 0.000935706 0.017466 0.0635782 0.000244454 0.000326332 0.0714848 0.0337534 0.0721028 0.0331694 0.11897 
0.073374 0.0136402 0.472392 0.0669884 0.00598436 0.0021405 0.00371298 0.0604062 0.00132237 0.000752118 0.164658 0.0169072 0.0245336 0.0466211 0.0465671 
0.0886159 0.0114361 0.305257 0.0426473 0.00553968 0.00428212 0.0167173 0.295017 0.00473499 0.000273779 0.088636 0.0171267 0.0499301 0.0203057 0.0494802 
0.0499792 0.095979 0.309618 0.0544915 0.0763186 0.000138327 0.00139074 0.24422 8.39032e-05 0.0555363 0.0554909 0.0148267 0.00133617 0.0188031 0.0217876 
0.0889556 0.0215546 0.393448 0.0779108 0.0133122 0.00127119 0.0061252 0.0883174 0.00623167 0.000620166 0.125094 0.0272275 0.0483024 0.048898 0.0527314 
0.14524 0.0243734 0.22735 0.0276026 0.0178755 0.000146449 0.0111424 0.136875 0.00147448 5.90878e-05 0.084892 0.0529499 0.0327073 0.209804 0.0275076 
0.115696 0.0286183 0.224461 0.0511593 0.0118836 0.0105274 0.00391798 0.115295 0.00173776 0.000470498 0.191746 0.0298523 0.0742278 0.0435206 0.0968866 
0.0938779 0.0559106 0.272835 0.101395 0.00806561 0.00238104 0.0106314 0.171964 0.00799396 0.000374904 0.11592 0.0113373 0.0484698 0.0300141 0.068829 
0.0624784 0.0126087 0.434785 0.0785279 0.0203359 0.0015354 0.00948071 0.103641 0.000182041 0.000198611 0.138641 0.0172291 0.0220903 0.0695168 0.028749 
0.109167 0.016591 0.233946 0.065198 0.00446408 0.00024997 0.0168766 0.118919 0.00188777 0.000343883 0.0612769 0.0654124 0.145976 0.0602145 0.0994771 
0.135983 0.0282322 0.307826 0.0167462 0.0085306 0.000275203 0.00181818 0.0318424 0.00436748 0.000473339 0.187873 0.177504 0.0130823 0.0357012 0.0497451 
0.161424 0.00129077 0.392451 0.00776526 0.015292 0.000327314 0.00318294 0.0361749 1.24647e-05 4.76625e-05 0.237075 0.0140219 0.00365012 0.0755319 0.0517531 
0.0666246 0.0181941 0.315097 0.0493608 0.00956221 0.00148865 0.014487 0.0756515 0.00215574 0.000742921 0.182778 0.0291179 0.0656746 0.0479667 0.121097 
0.0196115 0.00915923 0.596088 0.0450045 0.000588981 0.00323462 0.007388 0.0565816 0.00868532 0.000158103 0.0466604 0.00799797 0.0884145 0.00837097 0.102056 
0.0590204 0.0403709 0.299767 0.0821921 0.019813 0.00285868 0.0202308 0.0551201 0.00332701 0.000133727 0.247235 0.0223529 0.0563846 0.0394653 0.0517282 
0.0836925 0.0373939 0.304142 0.0600757 0.00645699 0.00352774 0.0209442 0.0699908 0.00620619 0.000395854 0.109449 0.0280708 0.117799 0.0469932 0.104862 
0.163036 0.00557999 0.248006 0.0228565 0.0251188 3.69785e-05 0.0213889 0.0953858 0.00102921 0.000154234 0.175523 0.0157747 0.0601206 0.0372754 0.128715 
0.0154217 0.0139198 0.257187 0.120805 0.0110957 0.00781409 0.00914448 0.0427694 0.000870764 0.000310886 0.229987 0.0574076 0.175856 0.0354401 0.0219712 
0.0512788 0.0210497 0.300037 0.147613 0.0108677 0.00203228 0.00665719 0.060983 0.011748 0.000356325 0.16582 0.0262701 0.0679022 0.0268421 0.100543 
0.0884502 0.00248204 0.468011 0.0211452 0.0124774 0.000600013 0.0094607 0.106963 3.96779e-05 0.000252964 0.113023 0.0580313 0.0118406 0.0637038 0.0435197 
0.0432514 0.0109834 0.384032 0.0365098 0.013863 0.000159574 0.00491051 0.092631 0.000761738 0.000386367 0.218606 0.0332794 0.087073 0.0326604 0.0408922 
0.0569973 0.0215775 0.310118 0.0894375 0.00885328 0.00686705 0.0186261 0.0363101 0.0213019 0.000493928 0.130388 0.0201215 0.140281 0.0319634 0.106664 
0.132056 0.00101249 0.519777 0.0223886 0.00687169 0.00229213 0.000949633 0.0919256 1.31941e-05 0.000116881 0.036449 0.0810689 0.0239722 0.0303094 0.0507973 
0.0371401 0.00969218 0.313124 0.0720545 0.00809273 5.69653e-05 0.00286206 0.306142 0.000809456 0.0610718 0.122892 0.00837186 0.0215865 0.0253106 0.0107935 
0.122738 0.0056249 0.248227 0.0379413 0.0519687 0.000838148 0.00407143 0.166288 0.00661964 0.000485898 0.137787 0.0182628 0.126404 0.0453481 0.0273948 
0.0857049 0.0453228 0.205535 0.0759269 0.00437447 0.00186525 0.0120515 0.0591897 0.0174981 3.1073e-05 0.161523 0.017249 0.180033 0.0223792 0.111316 
0.161582 0.0205984 0.220409 0.051109 0.00890669 0.00279388 0.00203945 0.0478902 0.00121971 2.39714e-05 0.201045 0.0518139 0.0347119 0.102451 0.0934059 
0.181491 0.0495774 0.220439 0.0212119 0.00232722 0.0025995 0.108994 0.103061 0.0346881 7.30443e-05 0.0534675 0.00901099 0.0370052 0.0643348 0.111718 
0.0313825 0.0226503 0.499355 0.0600995 0.00555217 0.00275345 0.00482808 0.0388357 0.00857278 7.40364e-05 0.0947655 0.0226898 0.107371 0.026785 0.074285 
0.0865557 0.000730735 0.337756 0.0105749 0.0100334 0.00452591 0.00307444 0.254629 0.00020081 0.00105307 0.131178 0.0509388 0.0108046 0.0460338 0.0519111 
