0.00558731 0.000210378 5.57782e-05 0.416459 0.103939 0.000740112 0.0171541 0.000458794 0.00477007 0.0146998 0.324036 0.0702459 0.0117474 0.0224699 0.00742677 
0.0481427 1.35931e-05 0.000199545 0.431333 0.103612 0.000130538 0.0634652 0.000547172 0.000521972 0.0648573 0.0758833 0.128439 0.0462425 0.0346699 0.00194224 
0.0671814 0.000224377 0.00181029 0.331304 0.114342 0.000583522 0.111563 0.000116872 0.0195935 0.00566092 0.14131 0.168398 0.0144603 0.0076589 0.0157927 
0.0213421 0.000757736 0.00122234 0.385597 0.0306489 8.14167e-05 0.0246116 0.000430143 0.000814438 0.0165793 0.215154 0.18493 0.00449748 0.111241 0.00209303 
0.000537714 4.86265e-06 0.000112531 0.827249 0.0473809 0.000116398 0.00477165 0.000267775 0.00680309 0.0174951 0.0416557 0.0317719 0.0136567 0.00748572 0.00069054 
0.0117819 0.000277106 0.231293 0.304308 0.0330957 0.000268936 0.119675 0.00413931 0.000605185 0.00894915 0.122677 0.0620387 0.096754 0.00340632 0.000731131 
0.0023274 0.0171566 0.0007026 0.30584 0.0810652 0.000446993 0.00928709 0.000585608 0.00587309 0.0875199 0.243645 0.183318 0.00924897 0.0529311 5.33161e-05 
0.0104571 0.000869138 3.87519e-06 0.407631 0.175131 0.0132247 0.0329259 0.00171136 0.00848242 0.00702545 0.108065 0.116821 0.0438245 0.00644256 0.0673857 
0.000749525 4.04596e-06 4.96186e-06 0.802165 0.0831173 0.000435641 0.0145988 0.000169055 0.00436135 0.00861319 0.0396891 0.0281243 0.00153108 0.0146753 0.00176162 
0.0104432 0.00181777 0.000323326 0.333938 0.110676 0.000932194 0.0239001 0.00692057 0.0340753 0.00582615 0.209859 0.159895 0.0401608 0.0413246 0.0199077 
0.0742896 5.92952e-05 0.000409967 0.345463 0.0668212 0.000321111 0.286828 6.9166e-06 6.70527e-07 0.00597306 0.0998739 0.0983661 0.00537722 0.0141237 0.00208694 
0.0144746 0.000171483 0.000697253 0.419057 0.016223 2.34599e-05 0.382092 0.00279304 0.00467755 0.000275638 0.0717366 0.0310237 0.0560045 0.000417095 0.00033293 
0.00102397 1.33069e-05 0.000120594 0.637805 0.0349435 0.00078303 0.130147 0.000144705 0.0211479 0.000832454 0.0754247 0.0555427 0.0385434 0.00350318 2.3971e-05 
0.000250971 1.42672e-05 0.00125507 0.379435 0.0242607 6.32051e-05 0.0862388 0.000136748 0.00443705 0.00208071 0.297953 0.0633525 0.135225 0.0032478 0.00204879 
0.000144404 0.0184934 6.04672e-05 0.554691 0.0898108 0.00743745 0.000975674 9.72451e-05 0.00176993 0.160241 0.0465891 0.00290593 0.00533524 0.0109282 0.100519 
0.0394885 0.00409486 0.000132405 0.314822 0.088917 0.000127068 0.0549305 0.00232734 0.010128 0.0681713 0.194305 0.155158 0.024538 0.0272032 0.0156573 
0.0107274 0.000134728 0.0860458 0.627417 0.129949 0.000357692 0.0233394 0.000279552 0.00292865 0.00563309 0.0208927 0.0327466 0.0128174 0.0463352 0.000395618 
0.00237084 0.000147741 3.11399e-08 0.284111 0.162215 3.29755e-07 0.213707 6.44633e-06 2.51723e-08 0.0020131 0.126904 0.187392 0.00128763 4.60044e-05 0.0197984 
0.0559369 0.00405864 3.56701e-05 0.421685 0.057031 0.000115261 0.00164915 0.00487284 0.00370854 0.0497619 0.122722 0.220903 0.0201602 0.0149476 0.0224119 
0.0204883 0.000119777 0.00124982 0.331201 0.260308 0.00072969 0.0466196 0.000485538 0.00710832 0.0525417 0.156687 0.0832158 0.018725 0.0161146 0.00440597 
0.00946477 3.66381e-05 0.000185583 0.598002 0.0224 0.000322826 0.0710693 2.17444e-05 0.00375838 0.0239448 0.146429 0.101323 0.00929994 0.0100835 0.0036584 
0.101115 0.000537384 7.29272e-06 0.237544 0.0962673 0.000364664 0.175837 0.00110094 0.181976 0.011176 0.0255415 0.056363 0.00960583 0.0665875 0.0359773 
0.0319312 6.087e-05 0.00273699 0.534208 0.0110936 0.00321902 0.107509 0.000106553 0.000391424 0.00401555 0.0907634 0.167734 0.0206902 0.02385 0.00169104 
0.0600247 0.00836472 1.53048e-08 0.360246 0.0953461 0.00306448 0.000398855 0.0228557 0.00983977 0.0578611 0.178572 0.0985722 0.0614494 0.032859 0.0105463 
0.00846244 0.000471895 0.00189731 0.245463 0.0822361 0.00230245 0.132141 0.000142418 0.00486508 0.0068665 0.174597 0.241477 0.0759806 0.0104074 0.01269 
0.00030353 5.98199e-06 5.02137e-05 0.391777 0.107792 0.000177462 0.0057497 2.86623e-05 0.000214983 0.0394853 0.340919 0.0959565 0.00602789 0.0114068 0.000105242 
0.00615082 0.00141111 5.2196e-05 0.37354 0.0303435 0.0922944 0.02895 0.000857177 0.00230096 0.00117659 0.241831 0.118708 0.0797482 0.00309122 0.019545 
0.0214611 0.000113184 0.0216984 0.345182 0.0518051 0.000373778 0.0852513 0.0101007 0.000987628 0.0185204 0.191374 0.222274 0.0174124 0.012512 0.000933633 
0.00180124 1.44708e-05 8.67623e-08 0.41073 0.0771377 0.000266284 0.00305236 0.000142841 0.0216496 0.0126986 0.33303 0.0748828 0.0396718 0.023939 0.00098256 
0.000509006 8.16051e-06 2.07924e-11 0.815862 0.118853 0.00739884 0.00128861 5.09328e-05 0.00238352 0.002273 0.00615634 0.00799571 0.000198307 0.0332384 0.00378391 
0.0505911 0.000208075 2.25016e-05 0.329831 0.17205 0.00168051 0.0900323 0.000224918 0.0135768 0.0236431 0.0658802 0.164293 0.016555 0.0282173 0.0431934 
0.101682 0.00541603 2.62771e-05 0.310197 0.0965388 0.000123164 0.0376523 0.0826263 0.0218209 0.00393187 0.0484485 0.127545 0.0460879 0.0127368 0.105167 
0.00801392 0.00158628 0.000710115 0.258534 0.0541365 0.0134889 0.0513104 0.00150146 0.00350884 0.0213193 0.1068 0.0879907 0.0852675 0.050769 0.255063 
0.000992619 7.51123e-06 3.32177e-07 0.446445 0.165326 0.00034691 0.105119 0.000132819 0.00150448 0.0567853 0.138156 0.0432093 0.00266766 0.0392612 4.53731e-05 
0.00320717 0.000320485 0.000628764 0.255544 0.0988206 0.00092096 0.0272058 0.00110215 0.0261289 0.0109193 0.165927 0.192296 0.0474231 0.0276215 0.141934 
0.0026958 8.80637e-05 0.000325984 0.43453 0.0790404 0.000188113 0.0829323 0.000107337 0.000644337 0.0087049 0.290871 0.050025 0.0202948 0.0274251 0.00212662 
0.00626453 4.67112e-05 0.000169364 0.438942 0.0287742 0.00167109 0.19993 0.00454477 0.00109144 0.00839264 0.0983054 0.135105 0.0565043 0.014272 0.00598707 
0.00162998 0.000239243 0.00483872 0.463857 0.00630952 8.9431e-07 0.382413 0.00279713 0.014683 0.0070278 2.8607e-06 0.103882 0.0115664 1.85361e-06 0.00075117 
0.0229769 0.000936294 0.000666497 0.257719 0.0680906 0.000563072 0.0456577 0.000471058 0.00427654 0.0460661 0.19915 0.246928 0.013209 0.0810926 0.0121968 
0.00854335 0.023851 0.000185089 0.33639 0.137017 0.00211909 0.00508933 0.000120895 0.0531378 0.0238239 0.211277 0.119544 0.0358622 0.0429816 5.74085e-05 
0.015532 0.0186322 0.000421219 0.387083 0.00947343 0.0200846 0.0181755 0.00149296 0.00616235 0.00256406 0.235752 0.125031 0.106601 0.00180357 0.0511911 
0.012082 0.00091518 7.58763e-05 0.297898 0.0611999 0.000191713 0.00284671 0.000620555 0.00309509 0.0130767 0.251784 0.282041 0.0490555 0.0172723 0.00784625 
0.0309644 0.014992 0.000383357 0.313642 0.0684018 0.00143727 0.201644 0.00131664 0.00477533 0.010031 0.0760344 0.0959984 0.0102584 0.0163591 0.153762 
0.0730547 0.000643281 8.71602e-05 0.338899 0.0302906 3.17297e-05 0.243162 7.0076e-05 0.0402049 0.00749845 0.0485052 0.162667 0.0459386 0.00718808 0.00175854 
0.00979056 0.000140682 0.00405952 0.347209 0.068147 0.00030627 0.0439959 0.000188926 0.00880886 0.011308 0.251433 0.135336 0.0856623 0.019202 0.0144119 
0.102555 0.000337697 1.9113e-06 0.386711 0.057501 2.05731e-08 0.372536 1.64841e-05 0.0179983 0.0235935 0.0175923 0.0167512 1.0778e-07 6.81872e-07 0.00440508 
0.0060662 2.23815e-05 8.68958e-05 0.403247 0.0641373 0.000683095 0.0743466 0.000571265 0.00106474 0.014255 0.17795 0.217423 0.00543115 0.033735 0.000979873 
0.0295531 0.00400235 0.000425565 0.267903 0.0820595 0.00425776 0.0764805 0.00140995 0.00874415 0.020992 0.180327 0.20446 0.0309073 0.0529271 0.0355507 
0.0224954 0.00193794 0.000132216 0.306982 0.0482684 0.00169406 0.0202673 0.000896049 0.071034 0.00936084 0.26558 0.180652 0.042409 0.0215157 0.00677466 
0.00308876 7.50855e-06 3.01364e-07 0.379056 0.157848 0.000346862 0.0297815 0.000270859 0.00766935 0.146927 0.190077 0.041408 0.00684246 0.0362707 0.000405741 
0.00636341 0.00541179 0.0189008 0.476742 0.0635216 0.00318291 0.0805306 0.00175273 0.0637955 0.0161881 0.0536645 0.121235 0.0241788 0.0291261 0.0354062 
0.0367251 0.0204813 5.34523e-05 0.31188 0.0701843 0.000331029 0.0933757 0.00515812 0.0282455 0.00579342 0.0813895 0.214878 0.0455914 0.0329025 0.0530101 
0.00629635 0.000280556 0.000186689 0.422495 0.0567905 0.000359408 0.0282771 0.00352557 0.0122619 0.0170403 0.287317 0.0953522 0.0108576 0.0363174 0.022642 
0.0393525 0.00284768 0.000524906 0.4686 0.0202104 0.0217638 0.106756 0.00647419 0.00901733 0.00142591 0.131022 0.128726 0.0384286 0.000953673 0.0238971 
0.016206 0.0135026 0.0767853 0.322737 0.0416108 0.000343327 0.133904 0.000925235 0.0138294 0.00556288 0.0493483 0.117956 0.180737 0.0155326 0.0110201 
0.00156156 6.01074e-06 0.00137334 0.436094 0.137441 5.72002e-05 0.0226027 9.52968e-05 0.00982112 0.0116096 0.250566 0.100398 0.0174414 0.00818063 0.00275247 
0.0168066 0.000909717 0.000421501 0.298735 0.0836596 0.00118809 0.0321404 0.00152046 0.0232526 0.0888483 0.217143 0.155196 0.014217 0.0513057 0.0146568 
0.00268351 4.4957e-05 0.000131747 0.522111 0.118707 0.00169916 0.00467411 0.00111662 0.000911996 0.0180571 0.172065 0.0831948 0.0517694 0.020431 0.00240272 
0.0263603 5.64137e-07 0.000141279 0.577582 0.0401257 0.00737923 0.167678 1.38779e-05 0.000668182 0.00121304 0.0911955 0.059307 0.0218555 0.00602319 0.00045629 
0.0970029 0.000153908 2.72373e-05 0.379156 0.147273 0.00239927 0.201735 3.00897e-05 0.000441401 0.00173745 0.0168387 0.0507439 0.00454314 0.0614934 0.0364239 
0.0114407 0.00168491 0.000223548 0.322999 0.00718378 0.000117907 0.0434768 0.00204672 0.142459 0.000950255 0.07704 0.21735 0.159704 0.00697579 0.00634859 
0.00222061 1.94472e-06 3.59302e-05 0.47106 0.0524357 0.000107603 0.00721751 0.00041867 0.00595997 0.0331159 0.208077 0.207616 0.0051911 0.00649351 4.85538e-05 
0.0091121 0.000471882 0.0155732 0.263584 0.251949 0.000720499 0.0124493 0.000170489 0.174535 0.00584823 0.166153 0.0240585 0.0449768 0.0250348 0.00536256 
0.0682817 0.00271095 0.000377321 0.399218 0.128193 0.000121129 0.053741 0.00918872 0.00251523 0.0292893 0.0474445 0.106341 0.121139 0.0218375 0.00960044 
0.00880496 0.000331883 0.0237896 0.371889 0.0280582 0.000580718 0.29718 3.95178e-05 0.0128248 0.00232759 0.107844 0.0637106 0.0808355 0.00166148 0.00012115 
0.0031438 0.000396811 5.09528e-05 0.318855 0.0138938 0.000557847 0.000961431 0.00360419 0.00926667 0.00863544 0.170472 0.230184 0.210704 0.0253606 0.00391277 
0.0248367 0.000125558 0.00201058 0.385557 0.0216831 0.00175113 0.256015 4.72038e-05 0.068832 0.00161631 0.0744983 0.124159 0.0266623 0.0115461 0.000660138 
0.0127376 3.47845e-05 0.00149196 0.347834 0.151785 0.00128719 0.300403 0.00122377 0.0218259 0.0245915 0.0469546 0.0337114 0.0255048 0.0295783 0.00103672 
0.129797 0.0385026 2.30508e-05 0.233895 0.101698 5.91439e-05 0.074345 0.00772373 0.000548625 0.0180808 0.145771 0.148569 0.0200766 0.0128057 0.0681036 
0.00476883 2.76136e-05 0.000309077 0.399488 0.0981789 0.0004845 0.0548361 0.000132534 0.00767496 0.0637584 0.203494 0.142345 0.0123313 0.0112532 0.000917218 
0.00483294 0.0125441 6.88364e-05 0.496522 0.0662351 0.00117316 0.00634997 0.00137885 0.00469111 0.00752363 0.171249 0.142122 0.0169316 0.0536678 0.0147105 
0.00844786 5.7594e-05 0.000203806 0.306641 0.159991 0.00105296 0.0922811 7.58196e-05 0.0375967 0.08068 0.177497 0.0655786 0.0170784 0.0280011 0.0248169 
0.0299585 0.00261413 0.000125679 0.460646 0.0530559 0.00044173 0.00996032 0.05359 0.014304 0.0991486 0.133087 0.0911658 0.044325 0.00361165 0.00396632 
0.137475 0.00230907 0.000220969 0.305898 0.0439422 0.00018691 0.187531 0.00256724 0.013405 0.0571457 0.0544039 0.132822 0.0181471 0.00704648 0.0368993 
8.61241e-07 3.64324e-08 3.81677e-08 0.49674 1.00262e-06 0.000457963 0.0598602 3.24454e-07 0.0117675 0.00642528 0.0799611 0.316659 0.0196828 5.67915e-08 0.00844392 
0.0317146 0.000125071 0.000553462 0.409813 0.0724362 0.0039003 0.0858449 5.34158e-05 0.00147295 0.00440704 0.226991 0.117046 0.0161373 0.0291365 0.000367975 
0.0286419 0.000916593 0.000181842 0.484113 0.0899868 9.22903e-05 0.114038 0.00782706 0.0374044 0.00813428 0.0690341 0.130861 0.0221004 0.00403835 0.00262967 
0.00252171 0.00025739 3.22518e-05 0.225629 0.0934557 0.000121544 0.0129712 9.95643e-05 0.0440067 0.00727346 0.209413 0.133805 0.195719 0.00216933 0.0725242 
0.00607209 3.78012e-05 0.000132387 0.299207 0.0457542 0.000347523 0.179779 6.18459e-05 0.0321355 0.000874902 0.244657 0.16623 0.00499306 0.0194722 0.000245708 
0.00235871 3.36885e-05 0.00139834 0.29678 0.0935963 0.000396054 0.0152016 0.0011371 0.000752122 0.0507981 0.25087 0.24332 0.00285153 0.0403423 0.000163703 
0.0518534 9.52381e-05 0.000547763 0.483891 0.0325865 0.000104389 0.0146191 4.58678e-06 0.000220966 0.0473803 0.333412 0.0111144 0.0129807 0.0111816 8.08411e-06 
0.163533 0.00353063 0.00100076 0.372059 0.0567052 0.000257408 0.038575 0.00127686 0.00108915 0.0510083 0.174955 0.0961654 0.0257465 0.00970449 0.0043932 
0.000267055 1.74459e-05 5.88557e-05 0.387565 0.0639164 0.000235178 0.00328414 0.00126418 0.000451298 0.0276273 0.346975 0.14884 0.00162797 0.0177313 0.000139051 
0.0141542 0.000785907 0.0112235 0.426811 0.149306 0.0017948 0.0792451 0.00124881 0.00337394 0.0228013 0.0502576 0.0927456 0.0457343 0.0857524 0.0147658 
0.00925787 1.88742e-05 6.16931e-05 0.514739 0.331942 0.00311403 0.00745864 0.000106142 0.0153915 0.0049095 0.0201702 0.0162375 0.018982 0.0454454 0.0121662 
0.0602823 0.000154838 6.04639e-05 0.245101 0.130908 0.000243606 0.0897031 0.0019195 0.00927411 0.00823699 0.156929 0.188743 0.00768951 0.0987172 0.00203697 
0.0697804 0.00376636 0.00190555 0.333334 0.0258844 0.000398482 0.0151811 0.00141149 0.00257409 0.00695953 0.201176 0.125691 0.18259 0.0140974 0.0152508 
0.000131334 2.74805e-05 9.48448e-07 0.30394 0.108777 0.00017441 0.00680148 5.48165e-05 0.0607865 0.0938063 0.246944 0.0712371 0.0409975 0.066303 1.86368e-05 
0.0851272 0.000464717 0.00242565 0.375549 0.181994 0.000866062 0.0309589 0.000314419 0.00113762 0.0171499 0.0650778 0.101521 0.0153115 0.118409 0.00369285 
0.0146387 0.000408153 0.14779 0.249772 0.0252139 0.000433416 0.158634 0.000393139 0.0241375 0.0126857 0.0904767 0.19268 0.0762808 0.00293215 0.003524 
0.00276448 5.71084e-05 7.26182e-06 0.448108 0.283758 0.00303811 0.0856819 0.000168846 0.00189816 0.00739448 0.0679433 0.0439919 0.00193584 0.0466919 0.00656091 
0.00168707 7.68789e-05 8.35955e-05 0.432309 0.211028 0.00196368 0.035656 0.000289054 0.0353848 0.0208532 0.0389305 0.106238 0.00172124 0.100911 0.0128692 
0.0021418 2.58321e-06 1.25846e-06 0.293651 0.067247 0.000914013 0.27448 0.000225612 0.0712077 0.0447798 0.0388821 0.197185 0.00752622 0.00164469 0.000111326 
9.54037e-05 1.12077e-05 0.000169769 0.396717 0.189805 0.0210988 0.00136061 0.000282702 0.000297558 0.00604087 0.0620656 0.0792706 0.163369 0.0789917 0.000423404 
0.259627 3.4275e-06 2.1161e-08 0.611938 0.0460808 1.46609e-05 0.0065577 1.44554e-08 0.0237913 0.0216581 7.17245e-06 4.24877e-07 6.17604e-06 2.18015e-09 0.030315 
0.0015987 8.72871e-05 6.5281e-05 0.464356 0.060549 6.24756e-05 0.110153 5.46978e-05 0.00151699 0.0415812 0.0687376 0.172767 0.0745667 0.00357465 0.000329687 
0.00537904 4.20413e-05 8.39511e-11 0.623678 0.000652886 1.24419e-07 8.7615e-07 1.64497e-07 1.49171e-11 0.0043585 0.0298892 0.335103 4.56233e-05 0.00020922 0.000640872 
0.0421557 0.000213807 0.00391088 0.562806 0.110116 0.00533895 0.0393097 0.00010199 0.0105567 0.0649878 0.0639382 0.0765615 0.00757212 0.00230953 0.0101203 
0.0329794 0.00016536 1.44189e-10 0.475916 0.26878 0.00386185 0.178728 1.21333e-07 0.00270523 0.00175229 0.000100262 0.013278 0.000902227 0.00856321 0.0122676 
0.00174602 4.44874e-08 1.19949e-06 0.250723 0.12208 0.00804443 0.0698718 6.16381e-07 0.0260945 0.091195 0.0158029 0.0920292 0.0583033 0.245697 0.0184107 
0.00844491 0.00193666 5.45244e-05 0.267742 0.0146557 0.00210369 0.101953 0.00240517 0.00578526 0.00191185 0.244952 0.202571 0.127588 0.00167907 0.0162168 
0.00263969 0.000462863 0.000331862 0.260075 0.222357 0.000346771 0.126453 0.000132713 0.00150434 0.0579722 0.16409 0.0856404 0.00393173 0.0695574 0.00450585 
0.00449443 5.62711e-05 0.000198646 0.343493 0.0704744 3.9428e-05 0.144286 9.96927e-05 0.00530488 0.108472 0.163392 0.117764 0.0101559 0.0307528 0.00101511 
0.00516711 0.000825273 2.73204e-05 0.428876 0.0215014 0.000105084 0.00648342 0.000819663 0.0560127 0.0197767 0.22522 0.200491 0.0192019 0.012497 0.00299465 
0.00871822 0.000207888 0.0947762 0.333442 0.0148514 9.66739e-05 0.159622 0.000248656 0.0264768 0.0046977 0.0365625 0.195565 0.0955864 0.0270839 0.00206551 
7.64939e-05 8.7807e-05 5.70966e-05 0.350309 0.165489 0.000482826 0.00493594 9.92282e-05 0.00217869 0.0324275 0.275427 0.111842 0.0101318 0.0463596 9.68582e-05 
0.00412155 0.000118217 2.84356e-06 0.61474 0.0356552 0.000166312 0.0724985 6.6206e-05 0.0699853 0.025767 0.101554 0.0247494 0.00646756 0.0435875 0.000520263 
0.00242909 9.6584e-05 0.000297763 0.539003 0.0260505 9.4505e-05 0.0613685 0.000603666 0.00249908 0.00578692 0.216813 0.110874 0.0081579 0.0255095 0.000416469 
0.0830145 0.000207245 0.00051659 0.432939 0.0593419 0.000527841 0.169662 0.00018356 0.000215969 0.00699555 0.0326608 0.128565 0.00608223 0.0330156 0.0460712 
0.00541325 0.000406407 1.40963e-06 0.609275 0.069857 0.000543658 0.0197306 0.0152123 0.00847579 0.0417682 0.0600996 0.121537 0.0203162 0.022183 0.00518014 
0.0086434 4.54863e-05 0.000309835 0.431055 0.0863214 0.000434018 0.118644 8.5044e-05 0.00816122 0.00375948 0.102915 0.136794 0.0788055 0.0215163 0.00251078 
0.0769229 0.000186115 0.000749018 0.293562 0.0722066 0.000358347 0.0793818 5.3394e-05 0.00643057 0.0111 0.215696 0.219466 0.0183437 0.0035157 0.00202783 
0.0038485 0.000638099 2.80372e-05 0.387376 0.0154482 8.07069e-05 0.00268419 0.00242119 0.0017096 0.0204526 0.326768 0.21556 0.00841458 0.0122732 0.00229689 
0.0501663 3.23582e-05 3.7425e-05 0.487914 0.130513 0.000192301 0.0981031 0.000343317 0.0205251 0.0146632 0.0888702 0.0460254 0.059339 9.68866e-05 0.00317835 
0.00429511 3.48575e-05 0.000306714 0.450038 0.208472 0.0098155 0.0622239 0.000317236 0.00136953 0.058143 0.0881323 0.0474295 0.00625067 0.0626092 0.000562205 
3.74631e-07 0.000107599 0.000410478 0.452906 0.02219 0.000132035 0.0306317 3.25004e-06 0.150353 7.88579e-06 0.134353 0.0774363 0.131365 0.000101917 1.46208e-06 
0.036453 0.00244198 2.42996e-05 0.299911 0.0672585 0.000108322 0.173332 0.000206857 0.00577833 0.0102121 0.0580884 0.12421 0.206544 0.0129618 0.00247026 
0.00599531 0.00023058 0.144514 0.418983 0.0506353 0.000104199 0.1507 0.000201951 0.00122856 0.0060249 0.0685012 0.0874785 0.0490779 0.00837164 0.00795276 
0.0416079 0.00452819 0.000788966 0.388732 0.0677668 0.01727 0.0942535 0.00331601 0.0345781 0.0070857 0.163456 0.111953 0.0428427 0.00891824 0.0129029 
0.0188848 0.00144826 0.00579896 0.265148 0.0447089 0.000591148 0.218641 0.00172653 0.00926838 0.00535691 0.163398 0.140857 0.0929387 0.00874388 0.0224892 
0.00903564 0.000163762 0.00039714 0.340339 0.10426 0.000272539 0.102555 0.000369877 0.0132028 0.0069401 0.180139 0.167003 0.0480981 0.0167564 0.0104689 
0.00507804 0.00338767 0.000240327 0.284147 0.0330259 0.000294601 0.0719562 0.00756865 0.169831 0.030762 0.16227 0.120697 0.064366 0.00935544 0.0370198 
0.0018385 1.6509e-06 0.00133555 0.332572 0.235987 6.99986e-05 0.0734745 0.00053765 0.0273498 0.237194 0.0329766 0.0251011 0.00467546 0.0199653 0.00692076 
0.0293649 0.0206007 0.000264099 0.322906 0.0555895 0.00211476 0.172685 0.00166184 0.0238444 0.00806934 0.0842055 0.103413 0.0120271 0.0165152 0.146738 
0.039089 0.000115555 0.0011078 0.407087 0.040082 4.66385e-06 0.234872 9.98768e-05 0.0667855 0.00380566 0.0582692 0.109879 0.0269167 0.0107275 0.00115891 
0.151411 0.0973318 0.000217642 0.205373 0.0300084 0.000459283 0.0863784 0.00271233 0.0217023 0.00383284 0.159088 0.143162 0.0761224 0.020161 0.00203968 
0.00762324 0.000166609 0.00216159 0.43003 0.0668418 0.00122715 0.131591 0.000105975 0.0204864 0.0047824 0.142197 0.147231 0.0127239 0.0116624 0.02117 
0.004526 5.9211e-05 8.44747e-05 0.279342 0.0797703 0.000443442 0.249041 0.000456911 0.00727857 0.00336176 0.0940068 0.202007 0.0220188 0.0441995 0.0134049 
0.0068451 1.24162e-05 5.87443e-07 0.256339 0.17163 0.000198603 0.220225 2.36437e-05 0.148049 0.00875768 0.00810084 0.0428205 0.103844 0.0141279 0.0190253 
0.0132558 0.000211486 0.000672011 0.289445 0.0726072 0.000282109 0.147398 0.000128557 0.0071649 0.0101431 0.280198 0.0750325 0.0662978 0.0104976 0.0266662 
0.00984685 0.000286614 0.000246658 0.448396 0.130225 0.000150721 0.233977 0.000321525 0.0177784 0.0368322 0.0362663 0.0650368 0.0119303 0.00792415 0.000781388 
0.0122861 0.000329467 0.0960065 0.439966 0.053639 0.000215869 0.132322 0.000137171 0.017845 0.00229164 0.11422 0.0566844 0.0610645 0.0107625 0.00222988 
0.0763533 0.00247304 0.000326611 0.523776 0.0567845 0.00272899 0.0200963 0.00202009 0.00291627 0.0519046 0.17622 0.0367588 0.0127863 0.0267818 0.00807312 
0.00209556 1.0063e-05 0.000782438 0.352605 0.0998115 0.000176932 0.138292 4.79375e-05 0.0145526 0.0259681 0.216008 0.0862269 0.0358891 0.0274144 0.000120052 
0.0204289 0.000285162 7.74577e-05 0.395764 0.131517 0.000226582 0.0238877 0.00128907 0.017683 0.0120294 0.202548 0.120382 0.0669768 0.00582303 0.00108255 
0.0388365 8.521e-05 6.27685e-05 0.69036 0.0500537 0.000905451 0.0309203 0.00112246 0.0248429 0.0159686 0.0732898 0.0632109 0.00194026 0.0073587 0.00104238 
0.0709106 0.000170755 5.24376e-05 0.195609 0.134973 0.000213701 0.194049 0.000298999 0.0475991 0.153795 0.0642182 0.124507 0.00422102 0.00467319 0.0047093 
0.0196583 0.000156498 0.00117724 0.368394 0.160092 0.000399421 0.0569223 0.0002341 0.00507158 0.0697373 0.151265 0.12086 0.023153 0.0173286 0.00555019 
0.0162238 5.95569e-05 0.000233305 0.322777 0.130578 3.20661e-05 0.178951 3.62386e-05 0.0216415 0.00459837 0.0624319 0.0779853 0.00903762 0.167981 0.00743332 
0.00187082 4.38388e-06 0.00435299 0.566864 0.0527691 0.000193831 0.147435 0.0116465 0.0132298 0.0133269 0.0396594 0.122825 0.00692808 0.00987953 0.00901492 
0.00481114 9.3761e-05 0.0203891 0.417585 0.0497327 0.000136581 0.274012 0.00035149 0.0192318 0.00799043 0.0699015 0.0559539 0.0663061 0.0132904 0.000214684 
0.0024515 0.000156332 0.000119069 0.316604 0.186424 0.00363676 0.0376159 0.000248472 0.0195157 0.103107 0.204182 0.0740363 0.0256359 0.0235013 0.00276514 
0.0145676 0.00387286 9.94587e-05 0.406351 0.0762514 0.000163931 0.0425484 0.00224308 0.00807133 0.0521446 0.218915 0.146832 0.0114227 0.0135044 0.00301186 
0.0464307 1.53218e-05 0.000210043 0.388029 0.0513422 3.71003e-05 0.178439 5.07558e-05 0.00810799 0.0102768 0.194622 0.110905 0.00338592 0.00812305 2.55581e-05 
0.0118649 0.00102401 0.000509435 0.392959 0.0325142 0.000269667 0.00754244 0.00163244 0.0032327 0.0412309 0.29823 0.140385 0.0272321 0.0217446 0.0196289 
0.0602082 1.99333e-05 0.000309129 0.402243 0.0328333 0.00269309 0.00402925 2.89143e-05 0.000159036 0.0609754 0.377701 0.033084 0.00194153 0.0222485 0.001526 
0.0162985 0.000156663 0.0239511 0.29574 0.111586 0.000202756 0.225024 2.96082e-05 0.0947962 0.0452285 0.0503877 0.0947332 0.0211418 0.0127346 0.00798895 
0.013328 0.00172582 0.000229994 0.39457 0.0746173 0.000740218 0.00366306 0.388891 0.00587676 0.0118821 0.0315098 0.0287264 0.00545742 0.0172991 0.0214823 
0.0218456 0.0011976 5.63026e-05 0.337491 0.0854307 0.00249119 0.00914538 0.00114822 0.00388202 0.00730598 0.193688 0.265983 0.0142339 0.0504865 0.00561475 
0.0830145 0.000207245 0.00051659 0.432939 0.0593419 0.000527841 0.169662 0.00018356 0.000215969 0.00699555 0.0326608 0.128565 0.00608223 0.0330156 0.0460712 
0.014426 7.52063e-05 0.00144512 0.471257 0.11955 0.000359554 0.110812 0.000425434 0.00106333 0.0352408 0.0692585 0.146744 0.0176669 0.0105223 0.00115386 
0.00923536 0.000535135 0.0291824 0.292702 0.0961938 0.00300832 0.273498 2.68838e-05 0.0758643 0.0199637 0.0218553 0.159715 0.0114276 0.00243586 0.00435619 
0.00518775 3.56609e-07 0.00028307 0.307465 0.120492 2.74447e-05 0.151647 7.16814e-05 0.0236283 0.0489504 0.0721027 0.214039 0.0192408 0.034002 0.00286218 
0.000523963 0.000272648 4.1984e-07 0.327567 0.0203795 3.20769e-05 0.000409845 0.00137968 0.00145325 0.0186 0.305358 0.297396 0.0202354 0.005846 0.000546479 
0.176247 0.00444176 4.9345e-07 0.253762 0.18594 2.95557e-06 0.00849338 0.00500444 0.000739079 0.00140925 0.232123 2.90737e-06 0.0652187 0.0666123 2.13351e-06 
0.0219366 0.00111568 8.76301e-05 0.235574 0.109324 0.00106825 0.0473411 0.00211764 0.218881 0.0320913 0.172476 0.0907248 0.0442844 0.00374638 0.019231 
0.000659259 5.22936e-06 1.51468e-06 0.772422 0.067969 2.00169e-05 0.0142561 0.000141771 0.0331131 0.0128858 0.0158875 0.0598759 0.00247941 0.0190338 0.00124966 
2.99365e-05 7.94729e-06 9.06368e-06 0.530763 0.0352861 0.000353259 0.000292268 0.000137875 0.00151091 0.020954 0.340125 0.0315154 0.00267678 0.036292 4.6437e-05 
0.201529 7.60752e-05 0.00021436 0.232443 0.225215 0.000924753 0.0494722 8.80641e-05 0.000572245 0.0559328 0.0896104 0.0689451 0.00692437 0.0474822 0.0205705 
0.0037096 1.98129e-05 0.000129606 0.312582 0.113061 0.00441069 0.0220343 0.00308809 0.104119 0.0140047 0.159584 0.121883 0.0656304 0.060884 0.0148603 
0.017576 0.00187764 0.000365304 0.290805 0.0980728 0.00221201 0.0331014 0.00283596 0.0214754 0.0128069 0.259588 0.123734 0.0759607 0.0238044 0.0357852 
0.217013 0.000774118 1.10149e-06 0.288145 0.109427 0.000251026 0.132064 0.00288622 0.0983982 0.0193356 0.0578919 0.036731 0.0225752 0.00418268 0.0103235 
0.0271083 8.0882e-05 0.000127376 0.62356 0.00202922 4.22425e-06 0.228969 9.54181e-06 0.00058575 0.00254992 0.0104277 0.0961615 0.00553434 0.00112043 0.00173181 
0.0407116 0.000409198 0.000837366 0.41175 0.0597962 5.14e-05 0.0814401 3.78133e-05 0.0114424 0.00880271 0.0867204 0.236647 0.00875087 0.0524894 0.000113782 
0.00892423 1.39426e-05 0.000536031 0.518033 0.0479163 0.000202111 0.0232227 0.000162275 0.00537579 0.0220058 0.194722 0.14809 0.0169306 0.0130512 0.000814017 
0.0152135 0.000149192 0.000229237 0.341741 0.0520284 0.000256374 0.255295 0.00103083 0.0413984 0.0144557 0.108484 0.118166 0.0207772 0.0257743 0.00499972 
0.00170596 3.13457e-05 0.00156291 0.378369 0.082014 0.000596662 0.026172 0.000591077 0.00658012 0.0162016 0.280056 0.147824 0.0415659 0.0165324 0.000197427 
0.0546113 0.0115424 2.41511e-06 0.302309 0.00803536 8.99901e-05 0.0275026 0.00504654 0.000634481 5.20383e-05 0.0752658 0.0668478 0.202465 0.00555688 0.240038 
0.00272281 2.46959e-05 1.32315e-05 0.431688 0.028449 0.000117167 0.15968 4.82634e-05 0.0778458 0.0671043 0.101226 0.0113387 0.104871 0.0147208 0.000151042 
0.0154878 0.00324474 0.000400527 0.330801 0.127865 0.00470817 0.0191136 0.00762779 0.0147217 0.0160291 0.231597 0.127333 0.043627 0.0461702 0.0112729 
0.0424403 0.0197428 0.000385509 0.531426 0.0452409 0.00591987 0.0385271 0.000563763 0.00763578 0.0626877 0.0701938 0.0753143 0.0755831 0.0129704 0.0113685 
0.0458932 0.000197053 0.00423576 0.411435 0.046502 1.92257e-07 0.260457 7.21791e-05 0.000103158 0.00795099 0.0764588 0.125453 0.0187189 0.00146125 0.00106166 
0.0122724 0.000279713 7.17463e-05 0.477878 0.140446 0.000514144 0.01726 0.00110949 0.00860977 0.00317504 0.183118 0.0999755 0.0381804 0.00385018 0.0132587 
0.00232919 0.000225097 0.000166372 0.530198 0.078626 0.00072033 0.0590517 0.00100132 0.0180334 0.0165682 0.141377 0.0742527 0.0244312 0.0498144 0.00320585 
0.0510541 0.00184672 0.00078771 0.270956 0.000351792 1.18011e-05 0.0429463 0.000793265 3.67118e-08 0.000791609 0.21778 0.203667 0.201686 0.00201715 0.00531091 
0.000659259 5.22936e-06 1.51468e-06 0.772422 0.067969 2.00169e-05 0.0142561 0.000141771 0.0331131 0.0128858 0.0158875 0.0598759 0.00247941 0.0190338 0.00124966 
9.35838e-05 8.96439e-06 0.000485925 0.297613 0.0496852 0.000324213 0.00931685 0.000750122 0.0250481 0.0177384 0.226919 0.270216 0.0506412 0.0511286 3.03976e-05 
0.0442171 0.00398803 0.000371869 0.354386 0.0558726 0.000339329 0.0178311 0.00266574 0.00743584 0.0231692 0.20644 0.223121 0.00762683 0.0491118 0.00342407 
0.000326819 1.87317e-08 0.0036371 0.304761 0.208988 2.24136e-07 0.0400245 0.000441486 0.000651299 5.67992e-07 0.285854 0.151871 4.7514e-07 0.00339175 5.17064e-05 
0.0148594 7.91987e-05 0.000181417 0.269122 0.260328 8.3005e-05 0.0663565 0.000133332 0.0132456 0.00916944 0.176625 0.154277 0.00533614 0.0245335 0.00567188 
0.00799719 0.000154676 0.000418423 0.423181 0.116768 0.00574455 0.212231 0.000612478 4.56621e-05 0.00749438 0.0367219 0.144173 0.00819316 0.0336392 0.00262561 
0.00707563 6.0583e-05 0.00032239 0.362975 0.0711065 1.37004e-07 0.154349 0.000619574 0.00185445 0.00845951 0.0450672 0.292238 0.0466084 0.00844326 0.000820439 
0.0244429 0.000503457 0.00251407 0.269958 0.0794694 0.0029978 0.098773 0.00100801 0.0389215 0.00767568 0.0613328 0.0964012 0.215826 0.020765 0.0794117 
0.0160391 0.000240408 0.000134096 0.334044 0.0313085 0.000125905 0.169247 0.000136845 0.030614 0.00940526 0.153116 0.199692 0.00738638 0.00526411 0.0432474 
0.0359779 0.106341 0.00125898 0.487584 0.0459052 0.000175289 0.0335661 0.000594516 0.00690618 0.0129781 0.120917 0.0940163 0.00598532 0.0452321 0.0025617 
0.000531322 7.39759e-06 0.000108526 0.500374 0.0970359 0.000418164 0.00189497 6.73855e-05 0.0334865 0.00900828 0.200313 0.120387 0.00333692 0.0329859 4.47586e-05 
0.0371012 0.000219486 0.000135316 0.457398 0.0582387 1.17718e-05 0.226972 5.19771e-06 0.00997442 0.00158924 0.0587694 0.100283 0.00198618 0.0190875 0.0282283 
0.042665 0.000676574 0.000586226 0.323134 0.234824 0.00276821 0.0543406 0.000310643 0.0212347 0.0691531 0.0888553 0.0440645 0.0274892 0.0704775 0.0194208 
0.00171167 2.24096e-05 4.69884e-05 0.422007 0.038897 0.000260955 0.156022 0.000126868 0.242056 0.00341753 0.037765 0.07608 0.0129713 0.0065069 0.00210744 
0.0149286 4.21246e-05 0.000423457 0.646622 0.076348 0.00123659 0.00757008 0.000187366 0.0245392 0.0551563 0.0902859 0.0507889 0.0280367 0.00373639 9.83462e-05 
0.00443411 9.44834e-05 4.77547e-05 0.386993 0.257799 0.00038756 0.0797967 0.000271075 0.00202639 0.0949115 0.0423533 0.0561334 0.0216073 0.0222699 0.0308745 
0.0140778 0.000232829 0.000164813 0.513536 0.0839227 0.000438246 0.0122661 0.000771728 0.00438806 0.0247089 0.144408 0.154486 0.0204 0.0175642 0.00863412 
0.084082 0.00741463 4.12914e-05 0.37342 0.0177653 1.39873e-05 0.120776 0.00120411 0.107182 0.00964816 0.0541914 0.178409 0.0256879 0.00313633 0.0170295 
0.00107155 5.44198e-06 7.12028e-07 0.640113 0.160623 0.00464694 0.028425 5.11874e-06 0.000417918 0.00657609 0.042876 0.0324303 0.00612641 0.0245938 0.0520886 
7.40601e-05 1.82369e-06 7.27036e-08 0.855478 0.0301599 0.000169706 0.000143451 6.40129e-06 0.0169792 0.0307359 0.0264236 0.019295 0.00653967 0.0111366 0.00285689 
0.0726468 0.000990819 4.65753e-06 0.289231 0.0997135 0.000207614 0.0768558 0.000736126 0.0260476 0.00512262 0.043424 0.129184 0.0348312 0.0263141 0.19469 
0.000772108 6.58585e-06 3.60069e-07 0.449048 0.0658002 0.00296819 0.00150108 0.000229509 0.00527303 0.00405674 0.174295 0.0896707 0.0100523 0.196308 1.81664e-05 
0.0109062 0.00128626 0.00011105 0.354953 0.061873 0.000446976 0.124477 0.000516438 0.13446 0.0144512 0.0583364 0.181712 0.0190548 0.00917484 0.02824 
0.00113635 0.0026256 0.00012426 0.382492 0.0979556 5.23073e-05 0.0126423 0.000606744 0.115341 0.0134315 0.199635 0.140299 0.0109482 0.0204364 0.00227405 
0.001438 8.02728e-07 0.000112848 0.460575 0.212569 0.000387873 0.0322151 0.000106949 0.0186118 0.0136502 0.120911 0.035973 0.0867808 0.0086659 0.0080026 
0.00820931 0.000207968 8.16339e-05 0.386462 0.128186 0.0011061 0.0104785 0.00180399 0.0139308 0.0545954 0.287571 0.0365347 0.0183623 0.0424991 0.00997208 
0.0109018 0.000245836 0.00244501 0.350443 0.0946938 0.00103075 0.013506 0.00109671 0.0190939 0.033562 0.115052 0.266562 0.0283429 0.0390697 0.0239548 
0.0225652 0.00129863 0.000167455 0.379617 0.0582103 3.71284e-05 0.00237408 0.00194989 0.00063077 0.00630298 0.109947 0.378176 0.01266 0.0232922 0.00277192 
0.0109188 6.10785e-05 0.000252493 0.559071 0.0719049 5.22872e-06 0.280943 0.000381647 0.000673583 0.00715173 0.0502844 0.0101703 0.00548684 0.00262792 6.68587e-05 
0.00504902 0.000672163 0.000220842 0.354536 0.142389 0.00535119 0.0324165 0.000593529 0.0109871 0.0104129 0.313172 0.0514101 0.0161557 0.0442755 0.0123579 
0.00232543 7.19192e-05 0.000141409 0.513598 0.103135 0.004772 0.0451718 0.000688455 0.0429604 0.105454 0.0904716 0.0722987 0.00678336 0.00557421 0.00655414 
0.0203766 7.34997e-06 5.40272e-05 0.536085 0.0904051 0.000706777 0.0968091 8.6928e-05 0.0326137 0.0330586 0.0475408 0.112292 0.0191342 0.0027966 0.00803337 
0.00264063 0.000143817 5.45821e-07 0.380996 0.0482133 0.000592619 0.0532105 2.6854e-05 0.0222663 0.0100687 0.112497 0.310632 0.0411249 0.0161829 0.00140369 
0.00929472 0.0191512 0.000401783 0.450568 0.0407269 6.79542e-05 0.00146152 6.6236e-05 0.0709669 0.00801999 0.149514 0.103677 0.117222 0.0257127 0.00314932 
0.00235281 9.62632e-06 0.000776295 0.369524 0.181228 0.000580778 0.145622 0.000317922 0.00184032 0.0364564 0.169365 0.0647981 0.0223081 0.00439939 0.000421241 
0.0644471 0.0041119 1.23488e-07 0.282788 0.136098 1.51027e-05 0.0218726 0.00538416 0.00839419 0.0355477 0.247656 0.0606232 0.0769867 0.00956234 0.0465137 
0.0196639 0.00322217 0.0853776 0.208755 0.0178842 0.000404302 0.15382 0.000947564 0.0144897 0.002211 0.15751 0.188963 0.135352 0.00652854 0.00487055 
0.0125314 0.000497441 0.0067738 0.300529 0.113302 0.00698346 0.127828 0.000544943 0.162318 0.00836556 0.0388597 0.104204 0.0744283 0.00178389 0.0410496 
0.0119551 0.000120599 6.28736e-05 0.363395 0.276625 0.00153832 0.16705 0.000200453 0.000142211 0.010056 0.00758776 0.0959642 0.00115292 0.0557694 0.00838056 
0.000240362 7.47638e-06 3.1084e-05 0.653799 0.0192604 6.77083e-05 0.0163006 0.000184766 0.0701458 0.0161408 0.0596257 0.0857172 0.0167049 0.0500726 0.0117015 
0.035741 0.000623224 3.69582e-10 0.361232 0.054978 3.27334e-08 0.244251 0.000556665 0.00186277 0.0986032 0.00248006 0.0381059 0.00504989 0.000143748 0.156373 
0.00142933 7.0449e-06 0.00141837 0.431743 0.175617 0.000190883 0.0243674 0.0012133 0.0010946 0.0504999 0.0886381 0.18696 0.00298405 0.0322072 0.00162925 
0.0144872 0.000327225 1.08005e-05 0.556747 0.0773436 0.0535705 0.0163268 0.00123971 0.00704985 0.0340295 0.0676745 0.0846583 0.0320234 0.0129323 0.0415791 
0.000377873 9.0696e-08 9.51505e-08 0.4266 0.0852604 0.00038173 0.000963897 0.000398726 0.0432431 0.0355883 0.0752 0.321576 0.00275433 0.00759291 6.23876e-05 
0.205323 0.0390837 4.09173e-06 0.242112 0.0100954 0.000319987 0.0428112 0.0015149 0.0428302 0.000424933 0.122845 0.203521 0.0651782 0.00330072 0.0206355 
0.0518815 3.01933e-05 0.000436616 0.519263 0.0238634 0.000140438 0.014569 1.56658e-05 0.000633645 0.0230918 0.175198 0.143391 0.023325 0.0221155 0.00204535 
0.00030353 5.98199e-06 5.02137e-05 0.391777 0.107792 0.000177462 0.0057497 2.86623e-05 0.000214983 0.0394853 0.340919 0.0959565 0.00602789 0.0114068 0.000105242 
0.0478324 0.000952763 0.00015459 0.269288 0.136699 0.00161086 0.105113 0.000890866 0.027321 0.073363 0.106841 0.109842 0.0595632 0.0164267 0.0441009 
0.0441035 0.000120642 8.84131e-05 0.594955 0.0677169 0.00128257 0.0438467 0.0015906 0.0161805 0.0226433 0.103934 0.0896415 0.00198415 0.010434 0.00147761 
0.102026 0.000738254 0.000257425 0.384858 0.0648102 0.00018523 0.0690747 0.00243882 0.000932767 0.00787972 0.185545 0.118437 0.0205061 0.0364397 0.00587143 
0.0103355 0.00483083 2.41952e-05 0.279872 0.0629858 0.000765157 0.0178086 0.00367558 0.0416625 0.0114655 0.241985 0.190387 0.0467191 0.029903 0.0575807 
0.000431651 1.04696e-05 8.36974e-05 0.512562 0.0217261 8.85612e-05 0.00638291 0.00012789 0.0822695 0.00595701 0.244364 0.0924495 0.0088076 0.0246492 9.02082e-05 
0.000930882 6.16959e-05 0.000175171 0.639838 0.00360927 0.000208498 0.00337573 7.79724e-05 0.0310408 0.006358 0.244281 0.0615196 0.00505487 0.00297388 0.000494429 
0.116515 0.00184417 0.000524172 0.396907 0.072052 0.000112776 0.113995 0.0194907 0.0138663 0.0133046 0.130739 0.076957 0.0257862 0.0102892 0.00761758 
0.005988 0.000215132 0.00236182 0.472922 0.0377475 0.000182176 0.332672 0.00136588 0.00173677 0.00414471 0.0747204 0.0355198 0.0144043 0.0158991 0.00012051 
0.000118163 9.39947e-06 4.72723e-05 0.750467 0.113632 0.00764049 0.00735677 0.000172262 0.026822 0.0153903 0.0374399 0.0114197 0.0250895 0.00416883 0.00022642 
0.0106451 0.000138376 0.000252446 0.490471 0.156623 0.000528831 0.0914528 0.000112902 0.0179671 0.00461626 0.0933508 0.104477 0.0161312 0.0116208 0.00161244 
0.00275886 0.000929151 9.86648e-05 0.506033 0.035714 4.73474e-05 0.00728716 0.000847029 0.0213113 0.0012657 0.0449185 0.0199826 0.0779631 0.00167905 0.279165 
0.00551167 0.000541564 0.00077167 0.34617 0.0624413 0.00830402 0.282492 0.00499942 0.0147828 0.0173125 0.0856209 0.0675749 0.0735925 0.0293722 0.000512821 
0.0519965 6.78957e-05 0.0001353 0.711523 0.01923 5.38386e-05 0.0787121 0.00108006 0.0166698 0.00150507 0.021305 0.0636518 0.0159477 0.00188805 0.0162338 
0.00173938 1.4459e-05 4.32908e-08 0.54682 0.186475 0.00580846 0.013482 0.00010569 0.0182211 0.00375675 0.030139 0.158725 0.00888913 0.019679 0.00614442 
0.0142829 0.00065959 0.000130372 0.263241 0.157373 0.0169978 0.122255 0.00138766 0.0292341 0.038916 0.17746 0.116951 0.0395449 0.00863732 0.0129296 
0.00576277 0.00134865 0.0037362 0.294171 0.141146 0.0102769 0.0621154 0.000357119 0.0435585 0.0179618 0.220421 0.122007 0.0485258 0.0224664 0.00614657 
0.00407178 0.000325889 8.06502e-05 0.659538 0.0140324 9.2398e-05 0.01589 0.000583708 0.00900067 0.0154416 0.120951 0.133004 0.0132842 0.00769026 0.00601307 
0.0198051 7.89409e-05 0.000240074 0.473472 0.119492 0.00358417 0.0650623 0.00260817 0.00501323 0.01172 0.134748 0.0829228 0.0384573 0.0341037 0.00869219 
0.00631926 0.000268372 0.000108638 0.536203 0.0746863 0.00229788 0.0167739 0.000548588 0.00734497 0.00440025 0.0951768 0.124998 0.0685029 0.0498938 0.0124771 
0.00280564 8.54634e-05 2.34044e-05 0.296628 0.113132 0.00288153 0.0510375 0.000505256 0.0398336 0.0136599 0.214471 0.19255 0.0276233 0.0350107 0.00975272 
0.0474309 0.000401813 8.71071e-05 0.533942 0.0549133 0.000653584 0.103272 0.000386772 0.0500195 0.0119048 0.047305 0.089113 0.0477935 0.00899305 0.00378428 
0.0098304 0.011738 0.000355451 0.547171 0.0374543 0.00018582 0.0144728 5.13529e-05 0.011241 0.00328025 0.0831795 0.256614 0.0216744 0.00114115 0.00161046 
0.0203179 9.91548e-05 4.37521e-05 0.384807 0.112284 0.000509174 0.00464582 8.02396e-05 0.0039357 0.0128982 0.138749 0.154101 0.00372988 0.163755 4.40086e-05 
0.000962956 1.32823e-05 3.23265e-06 0.400686 0.265325 0.000555023 0.0182471 0.000269046 0.00435358 0.152244 0.0820875 0.0290118 0.0292735 0.0159389 0.00102932 
0.0128466 6.71887e-05 0.000158595 0.511734 0.147638 0.000467907 0.0190893 0.00377756 0.0200159 0.00743255 0.128448 0.11347 0.00833746 0.0263864 0.00013063 
0.000635166 2.41785e-06 2.55279e-06 0.739051 0.0562308 0.00187145 0.00304366 3.27693e-05 0.102132 0.000104142 0.0664186 1.34074e-05 0.00398792 0.0264667 7.30232e-06 
0.00774572 0.000872826 0.000320563 0.390853 0.00170495 3.11196e-05 0.123828 0.00208879 0.0390334 0.00169776 0.11994 0.143266 0.128386 0.0379244 0.00230807 
0.0536775 0.00858871 0.000803357 0.235773 0.0368325 0.00812095 0.0713857 0.00418555 0.0416121 0.0441219 0.205945 0.189934 0.0673287 0.013878 0.0178126 
0.000147794 0.000355528 4.55293e-06 0.545558 0.0196235 0.00144224 0.291383 0.00578197 0.0102043 0.00571346 0.0658098 0.0163092 0.0254398 0.00992274 0.00230378 
0.00121472 0.000178277 0.000538374 0.530653 0.00423088 8.32994e-05 0.00139463 0.00012921 7.00021e-06 0.000171463 0.235887 0.0155206 0.0383081 0.00173051 0.169953 
0.0087258 4.77789e-05 0.00259225 0.711705 0.0191456 0.000140467 0.0871749 0.0002174 0.00953281 0.00489408 0.0458137 0.0856565 0.0117648 0.0103 0.00228954 
0.0958574 0.000566603 0.000218876 0.270495 0.125604 0.000659117 0.179298 0.000163549 0.0083769 0.0256648 0.0825716 0.0975727 0.0294955 0.0475859 0.0358706 
0.0163193 5.85181e-05 1.63743e-05 0.357837 0.341439 0.00110757 0.0597696 3.16808e-05 0.00411308 0.00671266 0.108178 0.0362001 0.00625316 0.0518261 0.0101373 
