0.00415152 6.83912e-05 6.33349e-05 0.0941927 0.455063 0.02055 0.0195065 0.000632488 0.0120545 0.0713518 0.092006 0.0361962 0.0138515 0.174114 0.00619747 
0.0131862 0.00374968 0.000231897 0.211058 0.325892 0.00331721 0.019837 0.000666562 0.00793361 0.0354872 0.174883 0.0479954 0.0335555 0.117713 0.00449408 
0.000125449 5.20953e-05 2.77062e-07 0.0772443 0.46327 0.0101525 0.000122575 0.000494938 0.0277852 0.0245664 0.261723 0.0122698 0.113786 0.00830156 0.000105824 
0.0308577 5.19654e-05 2.16261e-06 0.196752 0.284571 9.98517e-05 0.0354073 0.00039293 0.00490431 0.0387933 0.202517 0.0927574 0.00231017 0.108074 0.00250788 
0.00486082 2.60784e-05 4.57284e-06 0.159618 0.1711 0.00295006 0.00217814 0.00132221 0.137135 0.0587333 0.154992 0.147968 0.0643563 0.0763609 0.0183946 
0.00157325 2.25426e-05 9.21444e-05 0.0878385 0.398041 0.000745856 0.00681682 0.00372344 0.0126341 0.0495586 0.164819 0.0395284 0.0354745 0.195813 0.00331937 
0.00294772 9.55128e-05 0.000268763 0.180846 0.499334 4.5821e-05 0.00883934 0.000184506 0.0024969 0.0967623 0.0645996 0.0316893 0.00772433 0.103143 0.00102246 
0.00656174 0.000243395 2.00021e-05 0.20304 0.217798 0.000480633 0.00292094 0.000995543 0.0167055 0.0288634 0.161402 0.187666 0.0105502 0.1549 0.00785249 
0.0114404 6.53178e-06 2.01828e-07 0.0229535 0.576482 0.00498981 0.00411637 9.36484e-05 0.0863014 0.0733935 0.0764336 0.0250864 0.0106561 0.104903 0.00314387 
0.00707353 2.37861e-05 9.05327e-05 0.147178 0.492046 0.00928984 0.0062765 0.00531825 9.9416e-05 0.0425726 0.18812 0.0128227 0.00472461 0.0801852 0.00417862 
0.00973672 0.000538674 0.000153955 0.0959066 0.399083 0.092537 0.0139779 0.0032445 0.00783815 0.0411052 0.0718911 0.0963496 0.0299154 0.129616 0.00810646 
0.0035633 1.19654e-05 0.000286713 0.129121 0.61277 0.000251005 0.00965086 0.000191829 0.00549584 0.00383585 0.152931 0.0539357 0.0190289 0.00832555 0.000599778 
0.00351579 5.47322e-06 1.13713e-05 0.186275 0.263194 0.000909094 0.0208118 0.000651296 0.00450019 0.0210648 0.121637 0.113203 0.00712656 0.25689 0.000205825 
0.111222 0.000157398 0.00128902 0.15928 0.235597 0.00272247 0.0256127 0.000157179 0.0141278 0.0691631 0.1273 0.0765099 0.090241 0.0816655 0.00495459 
5.45318e-06 5.96528e-06 1.10952e-10 0.045927 0.765924 0.00379751 0.00297779 6.21863e-05 0.0182427 0.0111879 0.0501699 0.0193339 0.00135314 0.0809212 9.11116e-05 
0.00968515 5.93894e-05 0.000213173 0.193218 0.369854 0.00257467 0.0651438 0.00748696 0.0487975 0.0513109 0.0729199 0.0735541 0.0729787 0.0303244 0.00187916 
0.0260096 3.65113e-05 0.000224744 0.0931273 0.733301 0.00171282 0.00574058 0.000614092 0.00308804 0.00535163 0.00722456 0.013243 0.00629429 0.103725 0.000307151 
0.000547712 8.1407e-05 3.20528e-06 0.0330378 0.892597 0.00866004 0.00705261 2.51307e-07 0.00624371 0.0118661 0.021842 0.00374697 0.00627302 0.00510326 0.00294483 
0.0108079 0.0309269 7.61332e-05 0.0487545 0.515692 0.000413426 0.00650795 0.00319794 0.00586271 0.0713347 0.14072 0.0458624 0.0120782 0.092717 0.015049 
0.00117564 1.65333e-06 1.09671e-07 0.0224423 0.81492 0.000558521 0.00349335 4.14833e-05 0.000657789 0.0568864 0.0514592 0.00713912 0.00743066 0.0337545 3.95644e-05 
0.00213821 2.96779e-05 1.91426e-06 0.112265 0.655332 0.0164361 0.0325512 6.82141e-05 0.00344411 0.0205372 0.0953667 0.0176676 0.0238813 0.00902545 0.0112555 
0.00702964 3.12458e-05 0.000134928 0.232104 0.471926 0.000652006 0.00730134 9.65083e-05 0.000600687 0.0759673 0.116147 0.0622397 0.0131936 0.0123522 0.000223902 
0.000682344 2.31034e-05 8.91329e-09 0.0216547 0.897835 0.00297802 0.00392482 0.0195601 1.03664e-05 0.0297198 0.000570242 0.00289216 0.00129622 0.0185245 0.000329093 
0.00676111 0.000149049 1.14389e-05 0.201707 0.372881 0.00213029 0.000267048 0.000286133 0.00771509 0.0318519 0.177822 0.0263297 0.010033 0.161106 0.000950491 
0.0339136 0.000240291 0.000290059 0.165465 0.3554 0.0269482 0.0481623 0.000125182 0.0164802 0.0151421 0.156524 0.0561831 0.00985296 0.102045 0.0132286 
0.000346584 9.27382e-06 2.91813e-08 0.0217256 0.623185 0.000272083 0.000199114 4.46018e-05 0.0130822 0.237258 0.0321591 0.0224295 0.0091999 0.0394857 0.000603288 
0.0979034 0.000164991 0.000420867 0.202058 0.26708 0.00129939 0.256516 0.000999572 3.4633e-05 0.0109948 0.0630166 0.0325544 0.00126663 0.0650551 0.000636267 
0.000531246 5.20017e-07 1.59457e-06 0.157992 0.334337 0.176922 0.00391111 0.000208224 0.0005497 0.0902348 0.159293 0.0283444 0.0200074 0.0275832 8.37549e-05 
0.00385525 6.4491e-06 3.03756e-06 0.0425397 0.697983 0.00130834 0.00651847 0.00166812 0.00246749 0.0676388 0.063909 0.0211576 0.00751168 0.0631102 0.0203229 
0.00051738 1.43372e-05 1.22648e-07 0.253152 0.407494 0.00231203 0.0038029 6.75295e-05 0.00479396 0.0453494 0.148059 0.055469 0.011435 0.0668863 0.000647054 
0.00786433 0.00134118 3.49108e-05 0.0633808 0.500634 0.00205389 0.0124272 0.000547212 0.00486385 0.237634 0.0584577 0.0410236 0.00804842 0.0567466 0.00494208 
0.00100779 2.91359e-05 0.00027415 0.0538174 0.410677 0.00118209 0.00217701 0.000226513 0.000781698 0.0312145 0.378417 0.0289339 0.0106793 0.080444 0.000138167 
0.00621516 0.000128622 6.64787e-05 0.214619 0.220678 0.000250464 0.211839 0.0348849 0.00378659 0.0527452 0.125443 0.119905 0.00185654 0.00133836 0.00624298 
9.33733e-05 1.91549e-05 3.12964e-07 0.00963382 0.963553 0.000540279 0.00234487 1.8059e-06 0.000587316 0.00331177 0.0092278 0.00657929 0.000508188 0.00338857 0.000210325 
2.26499e-05 4.31225e-07 8.35922e-07 0.00608412 0.901725 0.000944174 0.000305966 7.04201e-06 0.0211407 0.00425494 0.0148632 0.0371734 0.00299656 0.0103631 0.000118256 
0.00533015 3.50271e-05 9.28612e-06 0.198799 0.463397 0.0060549 0.0267918 5.08464e-05 0.00645179 0.0634116 0.0431541 0.0405828 0.00893692 0.122405 0.01459 
0.01053 0.00141696 0.000239788 0.0852017 0.568747 0.00197959 0.00625954 0.00149074 0.00676665 0.07611 0.0853372 0.064791 0.0174837 0.0666285 0.00701721 
0.000119022 6.17765e-06 0.000171712 0.255189 0.392201 0.00465207 0.0111563 4.398e-05 0.00398662 0.00745902 0.199701 0.0917922 0.00340623 0.0291574 0.000958041 
0.0134815 0.000125797 4.53313e-09 0.190148 0.230436 0.00520624 0.208388 0.000268237 0.0106535 0.0115786 0.100816 0.0921501 0.00872219 0.121885 0.00614224 
0.0476553 0.000661082 0.000432987 0.110501 0.378019 0.248237 0.00764712 0.00283598 0.00356894 0.0164531 0.0659685 0.029915 0.00635138 0.0723881 0.00936477 
0.00420348 0.000883723 6.52619e-05 0.066933 0.498589 0.00172004 0.00606787 0.000607844 0.00156029 0.0119466 0.0571957 0.0478773 0.0131729 0.28643 0.00274755 
7.36965e-05 2.1937e-05 0.000153295 0.07124 0.602353 0.000727382 0.0105749 4.02046e-05 0.0592096 0.0578055 0.0755357 0.0730112 0.0150688 0.0282117 0.00597287 
0.0247525 4.95121e-06 3.87751e-05 0.123129 0.322825 0.00131282 0.000208323 0.00346415 0.000589932 0.0915271 0.20031 0.116734 0.00516684 0.109536 0.00040098 
0.010034 0.00125287 5.75736e-05 0.127293 0.275518 0.0281515 0.0148207 0.00843929 0.00731088 0.0543338 0.155427 0.146175 0.023193 0.143065 0.00492859 
0.00626026 0.000188573 0.000212818 0.100187 0.437453 0.261962 0.014183 0.00114308 0.00951129 0.0131393 0.0579231 0.0283066 0.0104923 0.0513668 0.00767147 
0.070864 0.000170199 2.73895e-05 0.0867344 0.24542 0.00108445 0.168107 0.000235655 0.01219 0.00973688 0.159613 0.0333259 0.00641378 0.138774 0.0673021 
0.000682344 2.31034e-05 8.91329e-09 0.0216547 0.897835 0.00297802 0.00392482 0.0195601 1.03664e-05 0.0297198 0.000570242 0.00289216 0.00129622 0.0185245 0.000329093 
0.00978 0.00129056 2.91361e-05 0.141518 0.469958 0.00257222 0.0416084 0.00222179 0.0435392 0.0449994 0.0480935 0.0624974 0.00857054 0.117812 0.00551028 
0.00886583 9.23712e-05 0.000109153 0.152741 0.474386 0.00152304 0.0340894 0.00139203 0.00535794 0.030037 0.139795 0.0907384 0.0194083 0.0406232 0.000841368 
6.79642e-05 1.02711e-05 7.14319e-06 0.0389532 0.520995 0.000434619 0.00328834 2.32373e-05 0.0015756 0.0201193 0.247629 0.0197887 0.0252188 0.112634 0.00925533 
1.59642e-05 1.03534e-07 1.95132e-07 0.00495114 0.918818 0.000745698 0.000242841 3.70761e-06 0.0171519 0.00362619 0.0128287 0.0306031 0.00243596 0.00848485 9.14797e-05 
0.0029305 0.00115171 3.44703e-05 0.0916557 0.522291 0.00186861 0.00710737 0.00387782 0.0127968 0.0844702 0.127991 0.0684133 0.0124556 0.0565236 0.00643252 
0.060526 0.00195878 5.61229e-05 0.168482 0.389487 0.00732156 0.100104 0.0024123 0.0206392 0.0527724 0.0792251 0.0618505 0.00756786 0.0320541 0.0155438 
0.0766158 6.03457e-05 2.72613e-06 0.030164 0.278485 0.000351766 0.188991 1.63538e-05 0.177396 0.0301572 0.116249 0.0520434 0.0453216 0.00129698 0.0028488 
0.0468585 7.79165e-05 7.57199e-08 0.300989 0.329067 0.000854073 0.206267 0.000167276 3.11265e-09 0.00354408 0.0123581 0.00177095 0.000145385 0.097901 1.4618e-07 
0.00343678 1.28245e-05 4.82829e-05 0.196663 0.352924 0.00199976 0.0515649 0.00146462 0.072948 0.00218621 0.0194636 0.237508 0.0355112 0.0242611 8.51845e-06 
0.00881454 3.84166e-05 9.46343e-05 0.0636721 0.505836 0.00575711 0.015126 0.000270943 0.00126415 0.0172026 0.0736269 0.0242916 0.00639728 0.277323 0.00028449 
0.00219219 0.00061434 1.15163e-06 0.0257874 0.640573 0.1174 0.000466131 0.0008208 0.0020008 0.0724333 0.0576828 0.0165296 0.00717329 0.0526457 0.00367976 
0.00022865 1.16465e-05 2.53604e-05 0.0989662 0.632496 0.00181418 0.0165653 7.18737e-05 0.00371888 0.0644638 0.0573204 0.0137346 0.00260804 0.107687 0.000287963 
0.000328518 0.000259807 0.000261247 0.0557466 0.290055 7.38363e-05 0.000334739 4.42892e-06 0.0162187 0.025256 0.282518 0.0194924 0.110241 0.0192641 0.179945 
0.00440281 3.0811e-05 0.0247206 0.24449 0.370468 0.000619057 0.154974 0.000396071 0.0890535 0.0501649 0.0191069 0.000802005 0.0333644 0.00714421 0.000262303 
4.79127e-05 3.18279e-06 9.6802e-07 0.242692 0.391051 0.0187818 0.00768427 0.000106111 0.00214425 0.17217 0.0697806 0.0228933 0.00551123 0.0669612 0.000171999 
0.0190964 1.91491e-05 2.03886e-05 0.218356 0.40415 0.00105629 0.196667 3.07245e-05 0.0428422 0.0082842 0.0444158 0.0299022 0.00404758 0.029644 0.00146749 
0.00575585 0.000333038 0.22705 0.065425 0.369213 0.00058073 0.0276329 0.000161811 0.00605851 0.0575755 0.0579044 0.0339825 0.112116 0.0285995 0.00761163 
9.47707e-05 6.31287e-05 3.86335e-05 0.134478 0.453127 0.00034086 0.00191369 4.47525e-05 0.0051301 0.00618581 0.28375 0.0225616 0.0282771 0.0539455 0.0100492 
9.33733e-05 1.91549e-05 3.12964e-07 0.00963382 0.963553 0.000540279 0.00234487 1.8059e-06 0.000587316 0.00331177 0.0092278 0.00657929 0.000508188 0.00338857 0.000210325 
0.000300846 6.68598e-06 5.93259e-08 0.0109926 0.794705 0.000853742 0.0022461 0.0055992 3.10984e-06 0.0377389 0.000163129 0.000826899 0.000370782 0.146098 9.43865e-05 
0.000225241 1.58932e-05 0.00022088 0.047939 0.676455 0.000531613 0.0435995 9.01343e-05 0.000963478 0.108363 0.0387096 0.0235421 0.00553265 0.0528213 0.000990718 
0.0497834 2.43685e-05 0.000301794 0.159827 0.38105 0.0138446 0.0314835 0.000273807 0.00822466 0.0195352 0.0452227 0.0700579 0.00144953 0.213691 0.00523104 
0.00657277 0.000308825 6.96767e-05 0.0875173 0.762567 0.00227044 0.0106922 0.000192944 0.00677696 0.0249431 0.0268145 0.0185816 0.0111942 0.0382478 0.00325094 
0.00110233 6.95434e-06 7.00963e-05 0.211255 0.413103 0.000587416 0.00717438 4.66374e-05 0.00408102 0.0100894 0.145564 0.143247 0.00189356 0.0610672 0.000712219 
9.33733e-05 1.91549e-05 3.12964e-07 0.00963382 0.963553 0.000540279 0.00234487 1.8059e-06 0.000587316 0.00331177 0.0092278 0.00657929 0.000508188 0.00338857 0.000210325 
0.018223 2.59302e-05 4.02404e-05 0.123766 0.441148 0.000987912 0.0480693 0.00040706 0.00241013 0.00234596 0.201522 0.0402429 0.016767 0.0451897 0.0588541 
0.0033498 2.15926e-05 4.24748e-05 0.0797024 0.376261 0.00209974 0.00250875 7.85204e-05 0.00325794 0.0386011 0.193566 0.0721971 0.0465449 0.171344 0.0104252 
0.00109145 9.50729e-06 0.000748741 0.191796 0.321885 0.00703274 0.00988105 0.0122096 0.0492266 0.049776 0.172321 0.108184 0.0582867 0.016682 0.000869705 
0.0153541 0.00227739 0.000272317 0.142008 0.317522 0.000529983 0.00733682 0.00869702 0.0218801 0.0614101 0.0547816 0.046516 0.084391 0.0235213 0.213502 
0.00318943 0.000136562 0.00021997 0.105689 0.436185 0.00147598 0.0107996 0.00015006 0.000681782 0.0622194 0.152322 0.0532112 0.0227184 0.124804 0.0261972 
9.33733e-05 1.91549e-05 3.12964e-07 0.00963382 0.963553 0.000540279 0.00234487 1.8059e-06 0.000587316 0.00331177 0.0092278 0.00657929 0.000508188 0.00338857 0.000210325 
0.0344628 0.00139039 1.45883e-05 0.211784 0.217242 0.00065796 0.0820749 0.0024693 0.00080747 0.00398909 0.19272 0.174752 0.0456443 0.0225486 0.00944186 
0.00207412 0.00361916 1.49533e-05 0.169123 0.483382 0.0260927 0.00106339 0.0133644 0.00109967 0.039236 0.079145 0.0250145 0.00308126 0.14549 0.00819995 
0.00145049 5.11173e-06 3.02386e-05 0.0176537 0.651974 0.0133603 0.00338184 0.0105392 0.000490386 0.041491 0.105934 0.00625021 0.00405364 0.142231 0.00115487 
0.000967246 0.000312067 5.65419e-06 0.0823884 0.372062 0.00114291 0.000636351 0.000143302 0.00191845 0.244104 0.124088 0.0966524 0.0289255 0.0386891 0.00796529 
0.000421011 4.71258e-06 9.84474e-05 0.0176481 0.703405 6.26359e-05 0.00991653 0.000236556 0.00105946 0.0997384 0.0648286 0.0237007 0.00731614 0.0714997 6.36075e-05 
6.80797e-05 0.000116262 0.000132743 0.082712 0.708621 0.00355932 0.0452103 4.07255e-05 0.0122474 0.0504197 0.00157221 0.0016759 0.00353463 0.0594189 0.0306705 
5.11187e-05 8.69897e-06 4.90383e-07 0.104371 0.55291 0.00118361 0.00207033 4.07389e-05 7.51781e-05 0.00427079 0.0774991 0.00233519 0.0110676 0.237381 0.00673455 
0.00106927 8.03743e-05 0.00110896 0.176997 0.467619 0.000465449 0.0132717 6.59735e-05 0.025847 0.00485877 0.127946 0.0700082 0.0394067 0.0675402 0.00371588 
9.61403e-05 1.45073e-06 5.50938e-05 0.229211 0.395545 0.000355988 0.0155071 1.45868e-05 0.00113314 0.0126707 0.0688329 0.0330861 0.00195714 0.241344 0.000189692 
0.00756501 0.000775914 6.37376e-05 0.0861337 0.297414 0.00252228 0.00753244 0.000665592 0.00464194 0.193342 0.115687 0.046155 0.018682 0.186574 0.0322453 
0.011742 9.44878e-05 4.13414e-06 0.167457 0.230238 1.51065e-06 0.084693 1.73792e-05 0.126203 0.111491 0.0366964 0.0822539 0.0450292 0.00734698 0.0967317 
9.33733e-05 1.91549e-05 3.12964e-07 0.00963382 0.963553 0.000540279 0.00234487 1.8059e-06 0.000587316 0.00331177 0.0092278 0.00657929 0.000508188 0.00338857 0.000210325 
0.0216241 0.000101283 1.83323e-06 0.0445559 0.851705 0.000391381 0.00288605 1.91004e-05 0.00876548 0.00870504 0.0239623 0.024257 0.00565016 0.00512844 0.00224711 
8.80388e-06 2.07017e-05 1.00125e-06 0.0639217 0.391374 0.0124417 0.00817049 4.03655e-05 0.00166922 0.0407908 0.30196 0.00945215 0.107711 0.0621602 0.000278322 
0.0280876 0.000128751 1.54736e-06 0.0977484 0.695848 0.0011233 0.01677 5.7344e-05 0.00158066 0.0303567 0.0180117 0.0526831 0.00342739 0.0416934 0.0124823 
0.000620526 2.0092e-06 2.10585e-07 0.351705 0.418518 9.75008e-05 0.00171794 2.99866e-05 0.00123234 0.0293207 0.0630504 0.0870419 0.000450126 0.0452948 0.000918619 
0.0043164 0.000107947 7.25783e-06 0.196033 0.472551 0.000171607 0.00482581 0.00321268 0.00453593 0.0518357 0.0875181 0.108346 0.0285637 0.00539099 0.0325841 
0.00109181 7.26545e-06 6.92423e-06 0.299938 0.415531 0.00110497 0.0900375 1.95183e-05 1.05787e-06 0.113233 0.0234908 0.0528816 0.000583164 0.00195811 0.000114952 
5.91896e-06 1.68586e-06 7.81261e-07 0.0844014 0.718167 0.000847784 0.00300195 0.0236859 0.00455596 0.0116836 0.0310116 0.00901671 0.0673591 0.0462477 1.30196e-05 
0.00414692 0.000126763 0.000289646 0.218804 0.301414 0.0169664 0.042962 0.00017012 0.0140383 0.0289085 0.121563 0.0663042 0.0726062 0.109862 0.00183811 
0.00327366 3.1965e-05 2.38517e-06 0.048394 0.832311 0.000101567 0.00654165 6.37314e-06 0.00793741 0.010741 0.043911 0.024058 0.00106075 0.0213136 0.000315609 
0.00967405 5.8228e-05 9.85108e-05 0.12286 0.407399 0.00104419 0.0124632 0.00147361 0.00590925 0.0352208 0.217566 0.0618881 0.0126485 0.109897 0.00180016 
0.00526002 0.00010684 0.000106026 0.144994 0.26962 0.0112695 0.0533819 6.81343e-05 0.01635 0.0366662 0.176863 0.0470049 0.0239516 0.205918 0.00844092 
0.00172085 4.61733e-05 0.00446731 0.107619 0.344832 0.00133292 0.00584191 9.05631e-05 0.0235655 0.0794741 0.173179 0.057403 0.0351639 0.164024 0.00124136 
0.00266807 1.69056e-06 3.01927e-07 0.0354308 0.764828 0.000491275 0.00132239 1.37034e-05 0.00110669 0.108955 0.0191714 0.00398953 0.0309565 0.0310621 2.8994e-06 
0.0180447 0.00222938 5.97088e-05 0.0875198 0.385357 0.00696758 0.00749168 0.00207223 0.00807383 0.168586 0.115296 0.0591501 0.0108025 0.117648 0.0107004 
3.79385e-08 3.28555e-08 1.90734e-07 0.00105649 0.990275 1.87376e-07 3.70393e-08 0.00105551 5.76488e-05 0.002015 0.00141825 0.000425575 0.000536225 0.00292013 0.000239664 
0.00315936 0.000296069 2.95987e-05 0.061398 0.501488 1.29771e-06 0.0876309 0.00545882 0.0411358 0.00112142 0.0929037 0.0901161 0.0275661 0.0591973 0.0284976 
0.00147074 4.0144e-05 1.07268e-05 0.200289 0.297667 0.0170544 0.0866463 0.000326962 0.088677 0.0189325 0.119194 0.103275 0.0428476 0.0131712 0.0103965 
0.0490796 0.000152337 0.00176344 0.168068 0.323812 0.000378406 0.00745094 0.000227804 0.00408972 0.0848549 0.191503 0.054735 0.0343858 0.0790245 0.000475218 
0.000752186 4.56017e-05 0.000472276 0.163676 0.399805 0.0003334 0.11009 0.000226461 0.00287438 0.133978 0.0808813 0.029615 0.0209872 0.048438 0.00782497 
0.00883581 6.68047e-05 3.95738e-05 0.0643925 0.472248 0.0183428 0.055758 0.000572493 0.0191501 0.0107848 0.0823961 0.0556378 0.0279966 0.170353 0.0134253 
0.00158808 1.56428e-06 0.000129106 0.057961 0.435857 0.00495707 0.0035615 0.000430914 0.00648949 0.205952 0.212377 0.0539439 0.00330695 0.0130605 0.00038451 
4.89223e-05 3.28127e-06 9.5125e-07 0.0192899 0.734136 0.00178079 0.00133413 4.43099e-05 0.0289058 0.0131761 0.0875956 0.0201533 0.00401523 0.0894683 4.68803e-05 
0.000682344 2.31034e-05 8.91329e-09 0.0216547 0.897835 0.00297802 0.00392482 0.0195601 1.03664e-05 0.0297198 0.000570242 0.00289216 0.00129622 0.0185245 0.000329093 
0.00307326 1.15429e-05 4.45927e-05 0.183217 0.380336 0.000840341 0.00315006 0.00016572 0.000357591 0.176804 0.0941264 0.0446189 0.00391507 0.10908 0.000260005 
0.00136112 2.25213e-05 3.59287e-05 0.202646 0.444868 0.00284553 0.00364184 0.000122358 0.00045183 0.0179661 0.18401 0.0345702 0.00211616 0.104249 0.00109347 
0.00130449 4.02389e-05 1.27982e-05 0.079428 0.712573 0.00185899 0.00692307 0.000129171 0.00550803 0.0251899 0.0703956 0.0507822 0.013466 0.0252421 0.0071466 
0.00959878 0.00743935 2.44991e-05 0.0804961 0.378954 0.00383858 0.0459127 0.0125324 0.0146434 0.0206463 0.145545 0.0581815 0.0129692 0.204862 0.00435684 
0.00745734 4.96547e-05 0.000165244 0.166856 0.373838 0.00149129 0.0307694 9.58215e-06 0.0166349 0.0679195 0.157427 0.0970987 0.0102037 0.0687996 0.00127997 
4.89223e-05 3.28127e-06 9.5125e-07 0.0192899 0.734136 0.00178079 0.00133413 4.43099e-05 0.0289058 0.0131761 0.0875956 0.0201533 0.00401523 0.0894683 4.68803e-05 
0.00631313 0.00400318 6.33521e-06 0.0817212 0.47825 0.000896104 0.00641235 0.0083243 0.012367 0.181176 0.0411885 0.0383242 0.0121373 0.0761733 0.0527067 
0.000913755 3.15021e-05 6.43526e-05 0.251994 0.268097 0.0143914 0.0126911 0.000396074 0.00418643 0.0329738 0.216176 0.069964 0.0204936 0.107486 0.000141035 
0.00240595 2.55144e-05 3.06821e-05 0.120058 0.536515 0.000894433 0.00677864 8.45988e-05 0.00944382 0.0456801 0.105484 0.0252404 0.0149558 0.131628 0.000774741 
9.47707e-05 6.31287e-05 3.86335e-05 0.134478 0.453127 0.00034086 0.00191369 4.47525e-05 0.0051301 0.00618581 0.28375 0.0225616 0.0282771 0.0539455 0.0100492 
0.0267385 0.00125186 0.00218905 0.0504599 0.703066 0.000635338 0.0413139 0.0357515 0.00552038 0.00908902 0.0527439 0.0156782 0.00290097 0.048653 0.00400841 
0.0100184 0.00195747 1.6428e-06 0.127329 0.307217 0.00305742 0.00273857 0.00309852 0.022805 0.0222328 0.15365 0.174152 0.0695342 0.0314665 0.0707418 
0.000221154 8.28152e-05 9.05317e-05 0.0744965 0.61394 0.0415482 0.00204499 0.000121615 0.00162805 0.0264878 0.115634 0.00681096 0.0099825 0.0261898 0.0807207 
9.33733e-05 1.91549e-05 3.12964e-07 0.00963382 0.963553 0.000540279 0.00234487 1.8059e-06 0.000587316 0.00331177 0.0092278 0.00657929 0.000508188 0.00338857 0.000210325 
0.014176 0.00184259 2.48594e-05 0.0638613 0.621143 0.00358662 0.00856325 0.000664639 0.0023096 0.0327387 0.0833307 0.0618464 0.0174804 0.0707434 0.0176885 
0.00409365 1.68151e-05 7.96107e-05 0.102256 0.351151 0.00284893 0.00532674 0.00452296 0.00563418 0.156325 0.153099 0.0338873 0.0294037 0.147594 0.00376221 
5.53206e-05 1.47926e-05 0.000292514 0.0827868 0.601799 0.000276284 0.00852089 2.88415e-05 0.0266135 0.0594159 0.112689 0.0329159 0.0403265 0.0325588 0.00170647 
0.00145552 4.76866e-06 5.92724e-06 0.0827559 0.883963 0.00103883 0.00164742 6.64421e-05 0.00272532 0.000699283 0.00961175 0.00729645 0.00304402 0.00548433 0.000200802 
0.00135996 5.28463e-06 0.000168601 0.191847 0.54394 0.00047955 0.00896609 8.6935e-05 0.0024219 0.103689 0.0917767 0.0322703 0.00822418 0.0144919 0.000271889 
0.00224466 0.0024849 7.88335e-08 0.108381 0.592347 0.00129484 0.0114248 0.0013631 0.0611543 0.0230955 0.0733946 0.0221466 0.00783393 0.0886104 0.00422422 
0.0288195 0.000829806 6.9616e-05 0.102759 0.435674 0.00233591 0.030194 0.00131243 0.0082399 0.0313061 0.109788 0.0909554 0.0166348 0.126902 0.0141805 
0.0013136 8.56776e-05 0.000109389 0.160734 0.201359 0.00061667 0.0133167 0.000117961 0.0262337 0.195172 0.140561 0.114964 0.0319994 0.102835 0.0105819 
0.00244763 5.78295e-05 8.75926e-05 0.0725744 0.630902 0.000841512 0.0166685 4.60788e-05 0.000358223 0.0651178 0.0569592 0.069789 0.00357587 0.0804506 0.000123657 
0.00392828 2.75808e-05 1.72096e-05 0.143832 0.472088 0.00254396 0.152431 4.03467e-06 0.0791311 0.0850962 0.0326939 0.0141291 0.00695617 0.00337355 0.00374735 
4.92743e-05 4.92351e-05 3.62371e-06 0.0151279 0.53269 0.0238578 0.000712528 3.74649e-05 0.0076498 0.13371 0.0525816 0.0150166 0.0201142 0.19651 0.00188989 
0.00784366 0.000209136 0.00127107 0.221689 0.276934 0.000988508 0.0690885 0.000426888 0.00153328 0.0604257 0.180799 0.110737 0.0071618 0.0583596 0.00253256 
0.00221156 1.50246e-05 0.000150638 0.227506 0.507016 0.00114575 0.0092895 0.000109358 0.000113906 0.025575 0.0822025 0.0310457 0.0296515 0.0830758 0.000891798 
0.139377 0.000239286 7.95739e-10 0.190138 0.429096 0.000162864 0.079851 4.30662e-05 0.0112906 0.0207398 0.00384998 0.0814114 0.00203268 0.036542 0.00522649 
0.000996689 1.00844e-05 9.78422e-05 0.0276254 0.531047 0.00616134 0.00150829 0.0245504 0.00104648 0.04891 0.234039 0.0220214 0.00758824 0.091229 0.00316925 
0.0034899 0.00012829 0.000103181 0.172094 0.329232 0.000103274 0.027762 0.000214499 0.00144339 0.0137333 0.209297 0.0521458 0.00393276 0.177274 0.00904625 
9.9997e-05 1.71815e-05 0.000187622 0.0722204 0.502301 0.000644497 0.0453799 4.7248e-05 0.0833256 0.0484293 0.0649046 0.0653189 0.0287312 0.084726 0.00366627 
0.00284086 2.8446e-05 0.000159861 0.072581 0.573046 0.00186294 0.0087533 0.0009567 0.00698417 0.02329 0.0813394 0.0317369 0.00980238 0.185408 0.00120919 
0.00843145 1.21142e-05 4.23828e-05 0.172755 0.612008 0.00565401 0.012196 5.96368e-07 0.00137918 0.00173646 0.0324347 0.0119328 0.0552885 0.0370807 0.049048 
0.00355091 3.22179e-05 0.00321854 0.0509758 0.55127 0.000541817 0.00577734 0.00116039 0.0148608 0.0765705 0.160373 0.029066 0.00787136 0.091551 0.00317968 
0.0113504 0.00207997 0.000348153 0.19304 0.261358 0.00693162 0.0264833 0.00317753 0.014629 0.101987 0.154557 0.106811 0.0399966 0.0701888 0.00706131 
0.00507909 6.91384e-06 5.76093e-06 0.0163672 0.31998 0.000285875 0.0123492 0.101882 0.00604165 0.0529591 0.240895 0.00929688 0.00480141 0.223933 0.00611699 
0.00608032 7.73898e-05 0.00012578 0.100614 0.451112 0.00156367 0.0303054 0.00250075 0.00583137 0.138685 0.0770956 0.0454164 0.0129808 0.117281 0.0103298 
0.0614221 0.0284722 0.000145345 0.109632 0.22723 2.92171e-05 0.178215 0.018857 0.0141494 0.0043585 0.0129639 0.156404 0.0291016 0.00537203 0.153647 
0.0229209 4.44026e-05 0.000881373 0.0695029 0.433897 6.05892e-07 0.235478 7.01555e-07 0.00270602 0.100974 1.93774e-06 0.105554 0.0120018 0.0139693 0.00206678 
0.0207899 6.01027e-06 0.000290112 0.126715 0.225613 0.00147323 0.0384309 0.00083909 0.0207176 0.0226311 0.144413 0.177369 0.101692 0.00518434 0.113835 
8.60657e-06 3.54989e-05 1.38455e-07 0.0237049 0.530653 0.000658588 0.00542541 4.43166e-06 0.000947178 0.00511014 0.0172213 0.00107231 0.00268279 0.411674 0.000801486 
0.0417652 0.000185742 2.07323e-08 0.0525445 0.613892 0.0203477 0.0120974 3.45483e-05 0.017061 0.00849392 0.0227933 0.0418667 0.00467479 0.158014 0.0062297 
0.00252958 6.60552e-05 4.43377e-06 0.114959 0.614716 0.00339085 0.0267713 0.000119661 0.00438878 0.00525178 0.0765469 0.0329954 0.0836008 0.032397 0.00226267 
0.000498618 5.39782e-05 0.000198121 0.110519 0.400445 0.000266938 0.00591581 0.000131974 0.0121499 0.234549 0.114315 0.0336107 0.0391699 0.0413511 0.00682474 
0.0123044 0.0019651 0.00013168 0.0770379 0.469102 0.003684 0.0128386 0.00225835 0.0231966 0.0657295 0.0999494 0.0610443 0.0223035 0.133666 0.0147883 
0.0107609 3.67945e-05 3.01143e-06 0.00878934 0.454124 9.74856e-05 0.00140838 0.000655072 0.000889492 0.0603121 0.0595499 0.021684 0.000889523 0.380693 0.000107304 
0.00112976 2.11437e-05 9.6152e-06 0.0406303 0.463862 0.00102338 0.000622225 8.82808e-05 0.000215054 0.0278162 0.35983 0.0189778 0.00615967 0.0794887 0.000126448 
0.000519176 3.32042e-07 8.28917e-09 0.237374 0.692209 2.34164e-06 0.010198 4.55183e-07 0.00888903 0.0259959 0.0179262 0.00135388 0.00529095 0.000239926 1.41465e-06 
0.000405625 1.56998e-05 2.08875e-05 0.098893 0.557423 0.00951675 0.0132388 0.000957079 0.000233381 0.00919925 0.164707 0.0139155 0.00568892 0.124662 0.00112286 
0.00369658 4.88962e-06 5.9894e-05 0.146306 0.363145 0.00202835 0.231965 0.000105258 0.0694745 0.0108099 0.073751 0.0459967 0.0101196 0.0191205 0.0234162 
0.000682344 2.31034e-05 8.91329e-09 0.0216547 0.897835 0.00297802 0.00392482 0.0195601 1.03664e-05 0.0297198 0.000570242 0.00289216 0.00129622 0.0185245 0.000329093 
0.0110977 0.00136565 0.000506436 0.116674 0.479113 0.00471853 0.0184285 0.0012323 0.011656 0.083201 0.0929717 0.0645044 0.0185102 0.0873646 0.00865601 
0.00899204 0.00187818 0.000233318 0.194797 0.307788 0.00480797 0.0644284 0.00426769 0.00703732 0.011274 0.216473 0.102813 0.0458783 0.0110399 0.0182909 
0.0624285 0.000376788 6.65822e-05 0.164877 0.324142 0.00222625 0.108871 2.96017e-05 0.00209013 0.0212548 0.0252371 0.00448483 0.00804059 0.275184 0.000690677 
0.00835801 0.000545831 5.54258e-11 0.121956 0.515188 0.00188486 0.00239625 0.00218183 0.00296667 0.0177855 0.0963613 0.12037 0.0317061 0.0378485 0.0404518 
0.000268209 2.70893e-06 0.000159028 0.0175664 0.364391 0.00453065 0.000708784 0.0903507 0.00161789 0.0139364 0.0432303 0.0160842 0.093799 0.353016 0.000338825 
0.0067458 1.09973e-05 2.02273e-05 0.141538 0.258113 0.00176359 0.0439051 0.0965936 0.137769 0.0125079 0.172146 0.0373794 0.0190715 0.0721874 0.000248179 
0.00561256 9.01332e-06 6.41375e-06 0.15845 0.516663 0.00279199 0.00657395 1.58309e-05 4.39504e-06 0.0479651 0.0748843 0.0510273 6.81199e-05 0.135869 5.94827e-05 
0.033733 0.005157 5.01112e-05 0.195259 0.268639 0.00481323 0.0736323 0.00300178 0.00389185 0.0153727 0.0875495 0.0790581 0.0223116 0.095221 0.11231 
0.00072892 4.74798e-06 0.00792624 0.0821966 0.36003 0.00163815 0.00480363 9.64862e-05 0.00120726 0.274862 0.0522324 0.0161355 0.0497127 0.13816 0.0102655 
0.0020206 0.00440919 5.55352e-05 0.0394838 0.656882 0.00173451 0.00866129 0.00334513 0.0119056 0.104214 0.0739727 0.027239 0.00421345 0.0604402 0.00142294 
0.000680788 1.7483e-05 2.03908e-06 0.0128266 0.763285 0.101218 0.001577 0.000808068 2.38629e-05 0.00359145 0.0065981 0.00153588 2.43819e-05 0.106126 0.00168516 
0.0257918 8.418e-05 0.000126402 0.12578 0.284292 0.00042175 0.207634 0.0288349 0.000391374 0.0323823 0.076266 0.0957859 0.0111502 0.102214 0.00884601 
0.00661125 0.000622793 1.50597e-05 0.273362 0.326791 0.00199374 0.0383382 0.048409 0.00511913 0.102922 0.0182249 0.113371 0.00159022 0.0283925 0.0342366 
0.0400548 0.0271568 0.00732675 0.120141 0.210892 0.000297941 0.0868845 0.0222635 0.00987564 0.0180833 0.104179 0.17266 0.0175956 0.0914892 0.0711003 
4.89223e-05 3.28127e-06 9.5125e-07 0.0192899 0.734136 0.00178079 0.00133413 4.43099e-05 0.0289058 0.0131761 0.0875956 0.0201533 0.00401523 0.0894683 4.68803e-05 
3.27012e-06 8.80664e-07 1.92155e-05 0.16222 0.262033 0.00401838 0.00697952 2.49516e-05 0.0245701 0.106505 0.117723 0.189333 0.113357 0.0080373 0.00517546 
0.0026393 1.9479e-05 4.31301e-06 0.0495775 0.738858 0.000931335 0.00502504 5.06027e-06 0.0609198 0.00373559 0.0700181 0.0522946 0.00977264 0.00604859 0.00015034 
0.00276958 7.82708e-05 0.000104756 0.266449 0.384547 0.000171821 0.0241488 0.000999157 0.00192141 0.0229516 0.106573 0.0702488 0.00391861 0.114963 0.000155063 
0.000262297 3.59929e-06 5.71742e-07 0.0219167 0.615785 0.0025489 0.00189459 4.55063e-05 0.124426 0.0864121 0.00630758 0.0333459 0.00066045 0.106338 5.30028e-05 
0.000132414 3.22683e-06 5.59463e-06 0.0734805 0.621971 0.0127432 0.0110109 0.00115837 0.00032673 0.00746714 0.0918903 0.0105072 0.00638636 0.162874 4.26987e-05 
0.0135465 0.00101285 2.32826e-05 0.0922943 0.459699 0.0244055 0.0188938 0.00206004 0.00995479 0.15017 0.029209 0.0356901 0.00923121 0.145352 0.00845694 
0.00597822 0.00288274 9.87257e-05 0.0742664 0.43342 0.00262713 0.0137426 0.00198803 0.00773815 0.128908 0.0902045 0.0508835 0.0155443 0.160745 0.0109729 
8.52459e-05 1.77496e-05 2.44728e-05 0.0884071 0.471074 0.00119019 0.00267205 0.000195327 0.0409 0.0243487 0.149219 0.0603316 0.04867 0.112313 0.00055162 
1.69877e-09 5.7839e-07 1.60733e-05 0.0106076 0.858501 0.00139561 0.00385393 2.55794e-06 2.00669e-07 1.81437e-05 3.53329e-05 0.0214824 0.0966266 3.89536e-05 0.00742141 
0.000682344 2.31034e-05 8.91329e-09 0.0216547 0.897835 0.00297802 0.00392482 0.0195601 1.03664e-05 0.0297198 0.000570242 0.00289216 0.00129622 0.0185245 0.000329093 
0.000368754 0.000118761 0.00017519 0.0656388 0.612926 0.00117478 0.0046147 0.000147127 0.00249995 0.0745741 0.0717995 0.0385295 0.00908288 0.102336 0.0160144 
0.00118266 2.9309e-06 0.000108967 0.0338473 0.412012 0.000690787 0.00386655 4.93954e-05 0.007817 0.02246 0.0962397 0.0149055 0.0110676 0.393141 0.00260891 
0.0175251 0.00133237 0.000203318 0.134346 0.383169 0.0130657 0.0423634 0.00074307 0.0010525 0.0142016 0.154049 0.0898996 0.0331764 0.112524 0.00234992 
0.0119238 6.58294e-06 9.86964e-05 0.1211 0.307558 0.00192945 0.0070479 0.0443626 0.00843569 0.083721 0.0900802 0.0554995 0.00531615 0.253701 0.00921855 
0.0247767 0.0034241 0.000196772 0.259661 0.439802 0.0011259 0.0453454 0.00528731 0.0129929 0.0110309 0.0531236 0.0591703 0.035797 0.0439115 0.00435509 
0.00608201 9.4748e-05 0.000601276 0.0966292 0.493329 0.0014133 0.0125279 0.0016413 0.0114427 0.127614 0.107485 0.0918104 0.00941395 0.0324437 0.00747167 
0.0168475 0.000164841 0.00127455 0.0989715 0.439276 0.00254149 0.0334329 0.00762032 0.00695974 0.110348 0.0874036 0.0546185 0.0123578 0.122518 0.00566528 
0.0028703 1.74431e-05 0.000435292 0.35958 0.437409 9.60666e-05 0.044787 0.000214373 0.0116035 0.0437171 0.0421436 0.0318728 0.00153794 0.0228916 0.000823617 
0.00250916 0.000272278 0.00062739 0.0968808 0.47117 0.000471811 0.00410051 0.00596658 0.00187733 0.143292 0.0951752 0.144507 0.0018597 0.00781797 0.0234727 
4.89223e-05 3.28127e-06 9.5125e-07 0.0192899 0.734136 0.00178079 0.00133413 4.43099e-05 0.0289058 0.0131761 0.0875956 0.0201533 0.00401523 0.0894683 4.68803e-05 
0.028644 0.00022985 0.00196027 0.0949537 0.532106 0.00228753 0.078151 0.000714863 0.0155774 0.0488856 0.0338963 0.0684888 0.0357242 0.0498249 0.00855558 
0.000228608 0.0522304 0.000347034 0.109949 0.559032 0.000448513 0.00327975 0.000980489 0.020889 0.0257517 0.138191 0.0491629 0.0277698 0.0108422 0.000897232 
1.9265e-05 1.02509e-07 1.91602e-07 0.00604881 0.900817 0.000908278 0.000296084 4.33378e-06 0.0209494 0.00442842 0.0156765 0.0373989 0.00297577 0.0103659 0.000111301 
0.209958 0.0123557 2.5214e-05 0.128123 0.245673 0.00845878 0.055765 0.00201383 0.00789509 0.0867257 0.0679989 0.0762099 0.0313302 0.0510222 0.0164464 
0.00179562 8.67522e-06 0.000111042 0.0463215 0.330803 0.123795 0.022315 6.96315e-05 0.0139816 0.0108786 0.265689 0.0826596 0.0923974 0.00876171 0.000412443 
0.00830529 0.00104809 0.00475693 0.0702646 0.439613 0.00190792 0.00624579 0.00549264 0.00441611 0.147893 0.113429 0.0401953 0.0164067 0.132766 0.00725981 
0.0151872 0.000221656 0.000147181 0.112234 0.322182 0.00271776 0.0296034 0.000128483 0.0108274 0.306528 0.0858786 0.0397073 0.0166071 0.0544896 0.00353996 
0.0244789 0.00244548 0.000150268 0.075447 0.29211 0.044253 0.0150595 0.00139894 0.0163504 0.07278 0.192131 0.114649 0.0579598 0.0578403 0.0329458 
0.000714866 4.84972e-06 9.76642e-05 0.262908 0.595767 0.000435968 0.038436 8.57753e-05 0.000250289 0.0252435 0.0353815 0.0243895 0.00293483 0.0132364 0.000113758 
0.00835902 5.58484e-05 0.000218893 0.110319 0.461914 0.00662742 0.00666393 9.50044e-05 0.000774732 0.0542841 0.204303 0.0530931 0.0330673 0.0550379 0.00518703 
0.00498511 0.000261386 0.00106054 0.182951 0.344429 0.000164481 0.00692112 0.000423937 0.0423456 0.0187436 0.151871 0.142936 0.0027068 0.0358752 0.0643263 
0.0970061 0.000335325 6.60305e-05 0.115992 0.290851 0.000187819 0.0101086 0.00110167 0.0149902 0.0521361 0.073669 0.0680936 0.0139939 0.25894 0.00252925 
0.0306512 1.0524e-05 4.62267e-05 0.185811 0.29115 0.0196504 0.108059 6.75674e-05 0.0205386 0.0191351 0.146566 0.112002 0.000739902 0.0600948 0.0054785 
0.0222901 0.0003444 9.35287e-05 0.11039 0.467967 0.0671617 0.0507124 0.000422187 0.011475 0.0232478 0.0686728 0.0543732 0.0163246 0.0830959 0.0234298 
0.000112281 6.23419e-05 1.70355e-07 0.0527458 0.436413 0.00034608 0.00198849 6.64054e-05 0.000790991 0.0256362 0.0758608 0.0157514 0.00458173 0.385188 0.000456623 
0.00606725 8.5718e-05 0.0029904 0.0850767 0.493679 0.000873156 0.00686037 0.00106919 0.0117007 0.16204 0.128268 0.0423947 0.00931753 0.0456639 0.00391284 
0.0111225 0.00425614 8.18289e-06 0.0481068 0.399252 0.00400624 0.00984328 0.000413587 0.00496135 0.0475124 0.0760351 0.043845 0.00323858 0.332736 0.014662 
0.0127043 0.00048919 6.1818e-05 0.108735 0.484883 0.00653329 0.0268855 0.0157684 0.00495692 0.0217509 0.134588 0.063091 0.00702273 0.0976091 0.0149208 
0.0050391 0.000179694 5.00163e-05 0.208136 0.45151 0.00922099 0.00915911 0.000191447 0.00732885 0.00742692 0.13541 0.0958863 0.0243021 0.0223582 0.0238018 
0.0582917 7.64742e-05 2.89787e-05 0.179141 0.353861 0.0126526 0.00550146 0.000985514 0.00107452 0.0290618 0.14652 0.143573 0.0337952 0.0348822 0.000553062 
0.0114502 0.000425092 1.51558e-06 0.0281967 0.356462 0.000123301 0.00417308 0.000586774 0.000955358 0.0606832 0.137144 0.0543127 0.00269391 0.342684 0.000107584 
0.00900949 0.00156582 0.00622388 0.122041 0.300781 0.0040693 0.0224108 0.00555757 0.0237708 0.153436 0.109616 0.0794589 0.0118897 0.140171 0.00999921 
0.0118011 7.38442e-06 0.000198768 0.12707 0.51363 0.000385571 0.0831943 0.000102156 0.017437 0.00121342 0.0324007 0.0806463 0.00927622 0.0507065 0.0719305 
0.0015278 6.24551e-05 0.000187722 0.135099 0.349099 0.000221381 0.0464771 0.000910835 0.0757718 0.013907 0.0992669 0.133795 0.0126147 0.0689135 0.0621468 
0.0111992 0.00159329 0.00107924 0.0862017 0.300757 0.00105238 0.00997612 0.00155369 0.00599087 0.275274 0.0976759 0.046277 0.0128152 0.141366 0.00718793 
0.00187348 5.40792e-05 5.92452e-05 0.0847298 0.44581 0.00169154 0.0124644 0.00309017 0.00378646 0.327002 0.0591806 0.0265796 0.00697437 0.0259937 0.000710218 
0.00198335 0.0111297 4.95964e-06 0.279892 0.449632 0.0430454 0.000308495 0.000130875 0.000243467 0.0152501 0.0869994 0.0216993 0.00230619 0.0736753 0.0136995 
0.0192335 0.0188293 0.000700491 0.0973964 0.397723 0.0766284 0.0235173 0.000500602 0.0128161 0.0943876 0.0642278 0.120708 0.0152087 0.0384836 0.0196391 
9.33733e-05 1.91549e-05 3.12964e-07 0.00963382 0.963553 0.000540279 0.00234487 1.8059e-06 0.000587316 0.00331177 0.0092278 0.00657929 0.000508188 0.00338857 0.000210325 
0.044479 0.0436463 0.000238299 0.133333 0.394804 0.000438959 0.0179915 0.00421493 0.0346333 0.0152391 0.0708002 0.180407 0.0242919 0.0216 0.0138825 
0.00172309 2.25345e-05 0.000110905 0.132015 0.55314 0.0155661 0.01512 0.000159364 0.00601657 0.0625725 0.127156 0.0197357 0.0250384 0.0384016 0.00322326 
0.000123428 1.67772e-05 2.69437e-07 0.0356323 0.677351 0.00133499 0.000673944 5.10495e-05 0.00220903 0.0244625 0.0754357 0.0544103 0.0206049 0.107139 0.000555419 
0.0424233 0.000268355 4.22843e-05 0.235112 0.285133 0.00291032 0.0806443 0.000130686 0.00291764 0.0279336 0.030928 0.100238 0.00373805 0.162881 0.0247002 
0.0038529 0.0100226 0.000461184 0.114228 0.431889 0.00919005 0.0690463 0.000193632 0.0311523 0.0795064 0.0700238 0.0766881 0.0216034 0.0718015 0.01034 
0.00631833 0.00711656 1.22671e-05 0.0571209 0.381444 0.00554328 0.0192923 0.000311352 0.00452111 0.0611626 0.0871481 0.033052 0.0122657 0.320164 0.00452732 
0.044355 1.30743e-05 1.80019e-05 0.178869 0.389109 0.0548618 0.0295982 1.66241e-05 0.084418 0.118576 0.0107281 0.0285374 0.0147109 0.00462517 0.0415637 
0.000501074 3.63421e-05 0.000118171 0.118428 0.279132 0.00130698 0.0120533 0.000194624 0.00734186 0.0244951 0.198679 0.0406668 0.0382285 0.277894 0.000923384 
0.00240595 2.55144e-05 3.06821e-05 0.120058 0.536515 0.000894433 0.00677864 8.45988e-05 0.00944382 0.0456801 0.105484 0.0252404 0.0149558 0.131628 0.000774741 
0.0723842 0.000297598 7.44989e-05 0.187978 0.253985 0.000945577 0.159425 0.0180256 3.26523e-07 0.0017251 0.0243969 0.0963784 0.00946342 0.0848755 0.090045 
0.00678324 3.49382e-06 0.000799981 0.233758 0.543674 0.00366357 0.00764567 8.55484e-05 0.00024625 0.0237078 0.0102733 0.0384454 0.000271113 0.12838 0.00226302 
0.00666081 0.000263962 0.000258662 0.143823 0.50445 0.00106318 0.00107542 0.00025996 0.00378328 0.0298211 0.201628 0.0199465 0.00615694 0.0804635 0.000345297 
8.37507e-05 1.09889e-06 7.65191e-07 0.0325593 0.742281 0.00465836 0.000363804 2.75634e-06 0.000703886 0.0212491 0.0292106 0.0127772 0.00766046 0.148437 1.08402e-05 
0.0124046 0.000125205 4.22284e-05 0.207747 0.394486 0.000978481 0.0810114 2.84031e-05 0.0100758 0.00866456 0.102367 0.0560996 0.00858965 0.108731 0.0086497 
0.00318584 4.98836e-05 2.09863e-05 0.113787 0.388573 0.000576374 0.0233454 0.000424685 0.0443382 0.0118258 0.268449 0.0698465 0.0408487 0.00846225 0.0262666 
0.0455645 4.81553e-05 5.0634e-05 0.204385 0.264646 0.000133729 0.0803131 0.000388693 0.00790779 0.0276505 0.124109 0.179169 0.0171676 0.0447921 0.00367432 
0.0308213 0.00642922 0.000114869 0.0841997 0.371407 0.00117403 0.00620157 0.00669783 0.0281988 0.00415113 0.183331 0.171249 0.0484137 0.0188973 0.0387125 
0.000638218 2.18575e-05 3.59008e-06 0.0133056 0.546145 0.00206835 0.00263878 4.07181e-06 0.00430401 0.0144507 0.110395 0.0191558 0.00278354 0.283281 0.000804591 
0.0172011 0.00140688 2.37428e-05 0.102065 0.56858 0.00241571 0.0255364 0.00114341 0.0372784 0.0251719 0.122964 0.0443164 0.0251681 0.0195745 0.00715467 
0.00510456 0.000219449 0.000149772 0.117665 0.421683 0.0122796 0.0124313 0.00211525 0.00932517 0.0207596 0.101259 0.0479418 0.0161781 0.224505 0.00838385 
0.0240488 0.000976905 6.54247e-06 0.131391 0.417738 0.000408568 0.117176 2.11514e-05 0.0413273 0.0230746 0.0924647 0.0805641 0.0445916 0.000259417 0.0259508 
3.27012e-06 8.80664e-07 1.92155e-05 0.16222 0.262033 0.00401838 0.00697952 2.49516e-05 0.0245701 0.106505 0.117723 0.189333 0.113357 0.0080373 0.00517546 
0.00201068 0.00373462 6.31917e-06 0.0783283 0.737971 0.0198042 0.00302072 8.1081e-05 0.00366668 0.0319171 0.0661243 0.0186077 0.00820968 0.0261094 0.000407985 
0.0412253 0.0176445 4.31662e-05 0.0988549 0.214305 0.000977132 0.0011272 0.0249048 0.0151222 0.0134458 0.144955 0.15882 0.068526 0.0322039 0.167844 
0.00491603 5.1068e-05 4.00629e-05 0.0362402 0.834169 0.0086882 0.0178161 0.044541 0.00131501 0.00693903 0.0170037 0.00554749 0.0163346 0.00618576 0.000212246 
