0.00195054 0.000214104 0.00224833 0.120373 0.0330445 2.90209e-05 0.723894 1.22359e-05 0.000732113 0.00801126 0.0466699 0.0397521 0.00468866 0.0179117 0.000468377 
0.0177373 0.000108514 8.53303e-05 0.16971 0.159517 0.00176977 0.349379 0.00873396 0.00577848 0.00838027 0.0261562 0.181606 0.0307627 0.00146002 0.0388152 
0.00674969 5.8358e-05 0.000195898 0.246816 0.0127356 5.67413e-05 0.402808 0.000107158 0.00433321 0.195095 0.0446897 0.0508828 0.00725307 0.0281349 8.45092e-05 
0.16058 0.024607 6.63626e-06 0.0245349 0.0523345 0.000192029 0.532613 0.000820312 0.00614645 0.0038671 0.00362797 0.0524418 0.00622636 0.0585754 0.0734265 
0.0148229 0.00011209 0.0208152 0.112712 0.0160886 8.38909e-05 0.493724 0.000547264 0.0107316 0.000537954 0.0328131 0.0605385 0.180864 0.0111482 0.0444602 
0.000666771 0.000984422 0.0133636 0.0321541 0.0490427 3.74e-06 0.72753 0.0127296 0.00293938 9.47555e-06 0.0265218 0.0116485 0.122397 7.74998e-06 6.15885e-07 
0.0078798 0.000178603 0.000637195 0.220096 0.0111951 3.22013e-06 0.62109 0.000111508 0.0019048 0.00448115 0.0213902 0.089903 0.00746425 0.010231 0.00343427 
0.112768 0.0121618 0.00147176 0.210911 0.0404439 3.31636e-05 0.272581 0.0104706 0.0525891 0.00047686 0.00492505 0.0687434 0.0161522 0.00115538 0.195117 
0.121706 0.0205858 3.39088e-06 0.0871492 0.0737156 0.00629887 0.341822 0.00179787 0.00496041 0.0345403 0.0671431 0.140874 0.011912 0.0190872 0.0684045 
0.0117546 0.000106119 0.0174309 0.22246 0.136028 0.00048298 0.34221 9.88577e-05 0.00272372 0.00446916 0.0512802 0.0195406 0.178231 0.00499778 0.00818591 
0.0149893 0.000171898 0.00205594 0.167884 0.0797177 0.000378033 0.586236 1.2652e-05 0.0024309 0.0209322 0.0100479 0.083292 0.0041133 0.00759661 0.0201412 
0.00890397 0.000235591 0.0277417 0.161185 0.030521 6.34136e-05 0.594659 0.000111376 0.00363491 0.00487384 0.0809585 0.0741879 0.00849313 0.00316874 0.0012615 
0.0152533 0.000291937 2.41487e-06 0.166102 0.0586621 0.0190242 0.649028 1.24095e-06 0.000676214 0.0182111 0.032868 0.0131409 0.0122842 0.0109793 0.00347512 
0.0128284 2.11059e-05 0.00172123 0.131384 0.0566447 6.92685e-07 0.568187 8.02038e-07 0.00852671 1.75498e-06 0.0138604 0.104755 0.0855729 0.0121123 0.00438264 
0.0078798 0.000178603 0.000637195 0.220096 0.0111951 3.22013e-06 0.62109 0.000111508 0.0019048 0.00448115 0.0213902 0.089903 0.00746425 0.010231 0.00343427 
0.00617831 0.000651755 0.00570437 0.291904 0.0100283 1.46298e-05 0.613601 0.000611534 1.67313e-06 0.00289115 0.0191086 0.029345 0.00449208 0.0143134 0.00115517 
0.00143178 0.000107724 0.000134004 0.177545 0.0815704 0.000218138 0.376834 2.12432e-05 0.00824623 0.0175513 0.0890755 0.178358 0.0462815 0.0219256 0.000699855 
0.00945421 0.000386578 0.000282921 0.164707 0.192257 0.0264392 0.257251 6.21894e-06 0.121089 0.137209 0.0427748 0.00833053 0.00889887 0.0276593 0.00325438 
0.0136575 1.80448e-05 0.000287355 0.103398 0.0158211 5.51809e-05 0.788456 0.000130382 0.00210326 0.00433289 0.0111829 0.0366645 0.00768983 0.015285 0.000917661 
0.0047475 0.00202081 0.00215305 0.128328 0.0225572 1.50357e-05 0.729577 0.000892848 0.00116634 0.0141751 0.0399467 0.0326565 0.0129894 0.00793774 0.000837116 
0.00342745 0.000282469 3.30797e-05 0.354062 0.154532 0.000487302 0.38406 0.000637159 0.00261013 0.00722712 0.0503791 0.0220461 0.0106172 0.00853866 0.00106081 
0.0177847 0.0302347 0.00771225 0.109295 0.0970545 5.5351e-05 0.362713 0.000217751 0.0134783 0.307529 0.0335644 0.0179138 0.000980273 0.000822244 0.000644622 
0.102629 0.000134939 0.000368803 0.213818 0.0639333 0.000152969 0.377966 0.000275917 0.0057862 0.00906741 0.101029 0.0887701 0.00753524 0.0255392 0.00299396 
0.0509443 0.00010838 0.000275717 0.248685 0.115131 0.00011708 0.354356 0.000625834 0.00515723 0.00228667 0.0901197 0.0775974 0.0134507 0.0272933 0.0138517 
0.0577901 7.66235e-05 0.00101083 0.11165 0.0388393 0.00238508 0.271147 0.000185102 0.0196637 0.0500382 0.107348 0.087808 0.21817 0.0208048 0.0130836 
0.00655798 0.00084837 0.00118037 0.315428 0.0685545 7.72414e-06 0.456106 4.2021e-05 0.0188449 0.00290118 0.00857648 0.0818084 0.00453765 0.0242151 0.0103914 
0.0337307 0.000820392 0.000746896 0.178174 0.119334 5.6524e-07 0.347023 1.10114e-05 0.0122819 0.0360452 0.0814171 0.13934 0.023168 0.0170453 0.0108618 
0.093807 0.00829598 9.48322e-05 0.198252 0.0807224 8.84769e-05 0.297394 0.00160018 0.01315 0.0365505 0.0285149 0.0777297 0.0188682 0.0472368 0.0976956 
0.00103414 6.68207e-06 0.000180145 0.175669 0.0216503 0.000544765 0.720016 0.000651503 0.000100951 0.00687249 0.0325546 0.0241077 0.0132193 0.00311045 0.000281876 
0.0715311 0.000114858 2.65342e-05 0.260968 0.121664 0.000405574 0.365342 0.000540913 0.00168837 0.0101531 0.0554913 0.0579682 0.00930584 0.0255086 0.0192918 
0.0112866 4.95851e-05 0.0260251 0.14059 0.0344766 5.31172e-06 0.758325 0.004002 6.70717e-06 0.00675126 0.0122509 0.00570582 1.12588e-05 0.000513326 8.74675e-07 
0.0141888 0.0145086 0.00421306 0.203311 0.060086 0.00163221 0.39238 0.000589809 0.0541423 0.0107613 0.0634003 0.111563 0.0381124 0.0275571 0.00355503 
0.0229415 8.96125e-05 0.00109829 0.303163 0.0788607 0.00011199 0.464822 0.000137047 0.00204442 0.00528151 0.04467 0.0684172 0.00653644 0.00113711 0.00068837 
0.00205832 0.000360098 0.0115893 0.0113731 0.0171008 0.000259231 0.905566 0.000335 0.00184392 0.00215662 0.017833 0.0153445 0.00841497 0.00493044 0.000834341 
0.00132253 2.26576e-05 0.00103956 0.139972 0.0584467 2.85214e-05 0.513045 0.00133073 0.00344874 0.00269672 0.0966183 0.157182 0.0183977 0.00617949 0.000268679 
5.00095e-05 1.312e-08 7.6165e-08 6.85188e-05 1.55594e-05 7.48239e-08 0.9998 5.20294e-08 1.35336e-08 1.19754e-05 2.72934e-09 3.1412e-09 7.53946e-09 7.84705e-09 5.35364e-05 
0.0220296 0.000176778 0.00509877 0.191997 0.00873563 0.000121679 0.612584 0.000181061 0.000186677 0.00408968 0.105806 0.0329174 0.00697562 0.00894193 0.00015789 
0.0209471 0.000647648 0.00139428 0.143995 0.00817704 5.8848e-05 0.627481 0.000217726 0.000951303 0.00561429 0.0176036 0.143975 0.0140993 0.00991525 0.00492302 
0.0161729 0.000581827 1.64459e-08 0.273105 0.00263302 1.83316e-06 0.284948 1.43451e-06 0.0131637 0.00226248 0.23057 0.0505535 0.029188 3.45147e-07 0.0968178 
0.0213445 4.14786e-05 1.44071e-05 0.107421 0.127366 0.00302008 0.575864 2.66911e-06 0.00429191 0.00641356 0.0512256 0.0186146 0.0252303 0.00995446 0.0491955 
0.000850351 0.000592709 0.00360799 0.189909 0.00754035 1.63987e-05 0.718057 7.77004e-05 3.86049e-06 0.00289625 0.0140931 0.0438232 0.00404312 0.0143189 0.000170017 
0.0599701 0.004755 5.89308e-05 0.175562 0.0256937 0.000677386 0.343193 0.00732393 0.0582649 0.000690915 0.0594234 0.137143 0.0740932 0.0175479 0.035603 
0.000654966 4.15887e-05 0.000123775 0.171406 0.0365639 0.000798526 0.544681 4.80669e-05 0.0418499 0.00752564 0.0232033 0.0894358 0.0299665 0.0357088 0.0179922 
0.00738346 6.11957e-05 6.24752e-05 0.0139393 0.0217401 9.62072e-05 0.775237 0.0112728 0.080824 0.00324222 0.0398334 0.0309547 0.0044194 0.00745393 0.00348012 
0.0187657 6.93416e-05 0.000749956 0.084967 0.19637 0.000299367 0.397253 6.78665e-05 0.0195897 0.230076 0.0245971 0.0136566 0.00801658 0.00338003 0.00214122 
0.0923325 0.000211468 0.000713342 0.349148 0.0919545 9.93839e-05 0.368939 0.000103092 0.000623845 0.00503482 0.0470382 0.0169699 0.0100184 0.0158285 0.000985327 
0.145951 0.00109037 0.00113513 0.188867 0.111787 4.80062e-05 0.425746 0.000314815 0.00272656 0.0344092 0.0201617 0.0418608 0.00354116 0.0150991 0.00726149 
0.102217 0.00377437 0.000406033 0.225551 0.0343902 0.000166207 0.231213 0.00184767 0.00195657 0.0105395 0.129348 0.187613 0.00674922 0.0297811 0.0344465 
0.0256535 0.00385965 0.000248631 0.117389 0.0197446 4.3571e-05 0.579603 2.08777e-05 0.00232903 0.0182217 0.0299215 0.159738 0.0411115 0.00197638 0.000138364 
0.00474797 1.02416e-06 6.63453e-05 0.104498 0.0208225 8.94157e-08 0.28743 3.42721e-05 0.0293314 0.182846 0.0867883 0.0513722 0.19603 0.000250748 0.0357819 
0.0147046 0.000807507 0.0172219 0.217615 0.0148442 1.89255e-05 0.579718 0.000154715 0.00627654 0.0369834 0.0845339 0.00455042 0.00852308 0.000683995 0.0133642 
0.0102037 0.000592388 0.0996559 0.119192 0.143863 7.02977e-05 0.292949 0.000837865 0.00339576 0.00194197 0.0399381 0.134666 0.105329 0.0468373 0.000528032 
0.00115599 1.68578e-05 3.86184e-06 0.191363 0.0971447 0.000127505 0.268894 0.0203282 0.0453032 0.00702285 0.138457 0.135187 0.0881375 0.000415428 0.00644257 
0.00339337 0.000432475 0.0842039 0.0314932 0.0290172 0.000169486 0.559083 0.000158334 0.0289739 0.00283714 0.0346395 0.0451062 0.0900986 0.0900439 0.000350397 
0.0285498 0.000101333 0.000769176 0.2572 0.145508 0.00294899 0.375112 0.000351405 0.00106241 0.0059327 0.0803219 0.0339275 0.00156442 0.0600365 0.00661353 
0.146334 0.00332637 0.000327196 0.243959 0.0931673 0.0143682 0.286681 0.000497459 0.00113073 0.023374 0.0475745 0.0598242 0.0278668 0.0273875 0.0241814 
0.00159396 4.68767e-06 0.000126307 0.347471 0.00606357 5.60636e-05 0.557785 6.4909e-05 0.00931189 0.000142016 0.0422753 0.0348612 0.000118798 0.000116153 9.23285e-06 
0.164698 0.010636 4.9464e-06 0.0399346 0.192285 1.54123e-06 0.241966 0.00344264 0.0334412 0.019427 0.0325533 0.161394 0.0211205 0.0542447 0.0248509 
0.0444388 0.000181876 0.000937561 0.218268 0.112667 0.000345611 0.431268 0.00010129 0.000628254 0.00477803 0.0638235 0.0781611 0.00415712 0.0316325 0.00861086 
0.0193336 0.000920132 4.10201e-07 0.0111517 0.0706477 0.00188871 0.451865 6.20488e-06 0.140144 0.0480554 0.0421802 0.202847 0.00564904 1.67595e-07 0.00531102 
0.00094554 1.48779e-05 0.000230144 0.164841 0.0275245 2.69193e-05 0.548918 0.000123516 0.0019521 0.0225092 0.1275 0.0704114 0.0246552 0.0101816 0.000166513 
0.000605575 0.000280557 0.000125904 0.190398 0.207997 0.00032397 0.364948 6.33437e-05 0.0013896 0.00759834 0.114324 0.0861069 0.0244447 0.00130977 8.46157e-05 
0.040759 0.00898658 0.000347424 0.111788 0.00902344 5.74053e-06 0.321801 0.290928 0.00973343 0.00253178 0.0367118 0.121256 0.0276808 0.00258058 0.0158662 
0.00815286 0.000171821 1.42402e-05 0.134141 0.281157 0.000878785 0.496333 0.000697406 0.00145385 0.00490797 0.014302 0.0297677 0.00386444 0.0227743 0.00138286 
0.03884 0.000287552 0.00218518 0.134027 0.0801452 0.0110694 0.436671 0.0111565 0.0156801 0.0202722 0.059438 0.104476 0.0667913 0.0103302 0.00862951 
0.019372 0.000196139 0.0003458 0.305579 0.0749631 0.000129423 0.417636 2.99954e-06 0.0216047 0.00280909 0.0304793 0.0519559 0.0747733 0.000111264 4.20341e-05 
0.0168349 0.000127085 0.0134337 0.212678 0.0137018 0.00303924 0.372613 0.00171229 0.000287077 0.00204169 0.214468 0.0932151 0.0471269 0.0040298 0.00469118 
0.0128352 6.5612e-06 0.000744654 0.222882 0.0650821 3.62742e-05 0.299238 0.00062945 0.000286364 0.0103491 0.121067 0.21 0.0514235 0.00516809 0.0002522 
0.0116449 0.000194053 0.000936925 0.190001 0.0261184 5.36777e-05 0.652536 0.000658866 0.0200244 0.00466733 0.0497135 0.0303609 0.00975382 0.00158737 0.0017494 
0.168019 0.000628455 0.019872 0.123017 0.0399702 7.53349e-05 0.369842 0.0020043 0.00578963 0.000919078 0.106207 0.0742782 0.0601906 0.00720127 0.0219856 
0.0972508 1.74507e-05 0.000295785 0.0822582 0.0056461 0.000183517 0.603421 0.000233597 0.000228544 0.0154294 0.118339 0.0714696 0.00206345 0.00296371 0.000200224 
0.0182914 0.000129854 0.000829084 0.198123 0.033806 0.000189425 0.299223 6.53294e-05 0.167152 0.00330891 0.0909189 0.126619 0.0242117 0.0332474 0.00388419 
0.156642 0.0326015 1.22014e-05 0.00872059 0.0273715 0.00026309 0.620503 0.000894835 0.00145999 0.00274272 0.00200327 0.0185512 0.00728601 0.0299023 0.0910454 
0.000608686 1.64681e-05 0.000218676 0.0980526 0.0111583 0.000309949 0.746715 0.000226339 0.00546317 0.0105044 0.0678465 0.0520299 0.00541784 0.0012069 0.000225677 
0.00210636 0.0013702 0.00147369 0.0643892 0.00832387 0.00219566 0.573906 0.000124476 0.00410523 0.000673928 0.200986 0.106738 0.0226256 0.00638488 0.00459681 
0.104595 0.00150478 0.000233878 0.154615 0.0942736 0.00307165 0.248601 0.000708929 0.00760446 0.00451304 0.0809716 0.157366 0.0325584 0.0472035 0.0621797 
0.0129353 0.00279659 0.160841 0.0554128 0.0129928 2.29308e-06 0.594725 5.82417e-05 0.0242761 0.00116233 0.0794289 0.0182253 0.035102 0.00155099 0.000489968 
0.0161422 0.00545117 0.00230243 0.0419123 0.00940116 1.95201e-05 0.844743 3.50857e-05 4.57927e-06 0.00255269 0.0138287 0.0498412 0.0048974 0.00306885 0.00580005 
0.0107444 7.11875e-05 9.5316e-05 0.144129 0.0174223 0.0114996 0.759394 3.59206e-05 0.003593 0.00295439 0.0110547 0.0238468 0.0072821 0.00247627 0.0054012 
0.00130453 4.33218e-06 0.000700332 0.257032 0.169125 2.16048e-06 0.272155 0.000147957 0.0086987 0.0367897 0.0332393 0.0851628 0.134405 0.00120977 2.31336e-05 
0.167305 0.107578 1.22707e-05 0.118131 0.00057592 4.31344e-06 0.334149 0.00593876 0.00151999 0.000296074 0.0245351 0.191838 0.0220341 0.00273783 0.0233443 
0.0324772 0.000391455 0.00028963 0.242 0.0613938 0.0328305 0.445415 0.00496923 0.0187046 0.00783914 0.0432573 0.0742172 0.0309321 0.000978092 0.00430472 
0.117757 0.00028958 0.0824525 0.121424 0.0127736 0.000298661 0.360345 3.97326e-05 0.112234 0.0134348 0.0633551 0.0811026 0.00763127 0.0201582 0.00670375 
0.0227142 3.10776e-06 0.000308544 0.0548933 0.00831074 1.76843e-05 0.769479 3.91089e-06 0.00472612 0.00401148 0.0552023 0.0716733 0.00456856 0.00348077 0.000606683 
0.00700625 0.0005424 1.97008e-06 0.193122 0.229449 0.00492643 0.37753 0.000228722 0.00499647 0.00717316 0.0472374 0.035341 0.0013341 0.0427195 0.048391 
0.071571 0.028653 9.1312e-06 0.0646418 6.1827e-05 7.21233e-06 0.435391 0.00402254 0.00131429 3.0716e-05 0.0759605 0.153524 0.125464 0.000534417 0.0388152 
0.00155316 0.000301814 0.000582645 0.245841 0.0274758 6.30311e-06 0.609393 0.000372642 0.00147281 0.0048428 0.0409091 0.0453509 0.0210008 0.000739517 0.000157751 
0.0546782 0.00422696 4.2731e-06 0.0174258 0.0107289 0.0229152 0.346352 0.00135226 0.050442 0.000263833 0.0280717 0.12278 0.00982867 0.0164223 0.314508 
0.0237612 0.0318306 0.000578345 0.0729275 0.0329734 0.000149198 0.582469 0.00600797 0.000543665 0.00508144 0.127833 0.0992014 0.0109583 0.000945352 0.00473966 
0.000350885 3.10823e-05 0.000928102 0.114018 0.021841 0.00119759 0.515381 0.000423137 0.0331359 0.0501566 0.124046 0.106413 0.0304899 0.000749262 0.000838525 
0.0119014 0.000217413 0.253442 0.116582 0.0155683 1.98433e-05 0.403781 3.33428e-05 0.00195075 0.000715267 0.0393184 0.10463 0.0418865 0.000758174 0.00919645 
9.95495e-05 0.000139876 0.000263363 0.0455767 0.00201857 0.000229156 0.701421 1.99687e-05 0.00448938 0.000119785 0.174096 0.0494514 0.0213713 0.000651471 5.24623e-05 
0.244189 0.0157244 0.00151368 0.238037 0.119566 4.22543e-06 0.306212 0.00143293 0.00366169 0.00876526 0.0486786 8.49121e-06 0.0115976 0.000485062 0.00012279 
0.0355173 0.025782 0.0623508 0.0651941 0.0788417 7.19301e-06 0.669084 0.00371231 9.02348e-06 0.000496457 2.28329e-05 1.43955e-05 0.0588084 1.47992e-05 0.000144953 
0.0161422 0.00545117 0.00230243 0.0419123 0.00940116 1.95201e-05 0.844743 3.50857e-05 4.57927e-06 0.00255269 0.0138287 0.0498412 0.0048974 0.00306885 0.00580005 
0.0620741 0.123668 2.02131e-05 0.0473557 0.00679251 7.704e-06 0.710772 0.000321191 0.0119461 0.0223865 0.00959309 0.00423318 0.000775337 2.74971e-05 2.69834e-05 
0.0045543 0.000180096 0.00407301 0.145997 0.081455 3.47518e-07 0.290281 0.0300207 0.156236 8.80657e-07 0.0234565 0.221665 0.0287317 0.0110932 0.00225465 
0.0582234 0.01177 0.00014298 0.132666 0.0203632 0.000417678 0.235406 0.00279184 0.0232935 0.00349084 0.0639512 0.185255 0.0425159 0.00713304 0.21258 
0.00153021 5.65502e-05 9.94822e-05 0.186586 0.0294458 0.000646267 0.650633 0.000148219 0.00850347 0.0176161 0.0145525 0.0483639 0.0178104 0.0228374 0.00117104 
0.00602459 0.000161918 0.000811666 0.077695 0.152535 0.0769955 0.44703 3.10018e-05 0.0163556 0.0172077 0.0577566 0.130414 0.00890329 0.0067667 0.00131122 
0.00268663 5.78481e-05 0.00156192 0.0785713 0.0699793 6.36134e-05 0.775206 5.29438e-05 0.00233369 0.00790605 0.0289792 0.0108027 0.0071061 0.0111586 0.00353426 
0.000189438 9.52235e-05 0.000168825 0.177854 0.213557 0.00149949 0.399493 4.50284e-05 0.000331992 0.0855942 0.0434434 0.075716 0.000674687 3.54955e-07 0.00133805 
0.0204634 0.000620985 0.00108585 0.220171 0.0388772 0.000153043 0.496063 6.18142e-06 0.0217991 0.0161754 0.044578 0.0568815 0.0770537 0.000700317 0.00537123 
0.00599421 0.00177307 5.57356e-05 0.210736 0.0154432 0.000211217 0.627776 0.00147834 0.0004392 0.00164348 0.0661504 0.0124863 0.0529341 0.00287339 5.00016e-06 
0.0182174 1.31317e-07 3.53875e-06 0.0537766 0.0136375 1.57067e-06 0.514876 1.81854e-06 0.0116022 0.00338882 0.0759345 0.0957591 0.210944 0.000967689 0.000889522 
0.00352206 0.000151467 8.87861e-05 0.148913 0.124349 0.000186437 0.551918 1.96851e-05 0.00513668 0.0287444 0.0187263 0.0790524 0.02825 0.00646829 0.00447397 
0.0070616 2.61927e-05 4.00281e-06 0.0266241 0.0225851 0.0038028 0.65694 0.000116512 0.0729547 0.00316386 0.0552718 0.141798 0.0069145 0.00225191 0.000484127 
0.0303686 0.00234096 5.09487e-06 0.144704 0.0782887 0.006167 0.449502 0.00123583 0.0050627 0.0383968 0.0659078 0.147604 0.00932445 0.0150881 0.00600426 
0.0594116 0.000451023 0.000318188 0.0460918 0.0178768 0.000554471 0.299488 4.43577e-05 0.0167089 0.00310611 0.185433 0.297079 0.0131347 0.0275492 0.0327531 
0.0130479 0.000197002 0.000225781 0.141025 0.0607212 0.000802491 0.546497 0.000151235 0.0178045 0.0236473 0.0279987 0.12156 0.00730665 0.03031 0.00870599 
0.0356665 1.80985e-05 3.35532e-05 0.131138 0.051246 0.000312368 0.424971 5.18376e-05 0.021568 0.003698 0.0321021 0.0586012 0.194753 0.0244537 0.0213858 
0.0284161 0.000417356 0.0411235 0.237795 0.0585776 6.01911e-05 0.503786 9.03899e-06 0.0152702 0.00233484 0.0146532 0.0524789 0.0339553 0.00781565 0.00330702 
0.0305452 4.53754e-05 0.00023851 0.260962 0.0719534 0.000246754 0.354853 0.000197774 0.00762779 0.0121642 0.06589 0.130182 0.00526671 0.0126248 0.0472024 
0.0250521 0.000180277 0.00656233 0.260218 0.0173671 0.00467682 0.323502 0.000508501 0.00114744 0.00122219 0.207431 0.0746951 0.0564988 0.0116195 0.00931901 
0.14556 0.00610836 4.02992e-05 0.0906559 0.00854025 0.000519293 0.347978 0.00393743 0.0362521 0.000786348 0.0188878 0.201476 0.0171917 0.00290743 0.119159 
0.0591539 0.000662423 0.00722661 0.194143 0.0570219 0.000656638 0.352078 0.0014637 0.00614508 0.0062424 0.0883554 0.0928154 0.111129 0.015922 0.00698399 
0.0294797 0.00115858 0.0101618 0.132695 0.0236175 9.66098e-06 0.716356 0.000308016 0.0019822 0.0085442 0.0293071 0.0362733 0.00582942 0.00199502 0.00228311 
0.00981665 8.14083e-05 0.00188669 0.209324 0.0665051 0.00152361 0.392915 0.0112873 0.0101596 0.0108451 0.127395 0.0981502 0.00943563 0.0458586 0.00481599 
0.00111317 0.000235209 3.02884e-05 0.0369269 0.0491193 2.42889e-05 0.705309 6.03972e-05 0.176233 0.0035574 0.0120936 0.0117788 6.95486e-05 0.00344881 1.23977e-07 
0.0796025 0.000110657 0.0522441 0.167919 0.0449636 6.97231e-06 0.586572 5.27389e-06 0.000863713 0.00357847 0.0284866 0.0251085 0.00989897 0.000546811 9.28268e-05 
0.0101659 0.00082209 0.00474575 0.0531727 0.0164442 0.000773107 0.792828 0.000129569 0.0292785 0.00270123 0.0404934 0.0212112 0.000463927 0.00209434 0.0246758 
0.0377918 0.177473 0.0643419 0.160649 0.0418673 6.80062e-05 0.189147 0.000945859 0.00596992 0.00376465 0.106227 0.131491 0.0611015 0.0116107 0.00755133 
0.00523438 0.00023599 0.00389615 0.116314 0.00754409 1.77187e-06 0.779947 2.05174e-06 0.00921624 4.48991e-06 0.0420919 0.0347369 3.75592e-06 3.67229e-06 0.000768311 
0.00106605 6.52438e-05 0.000180338 0.104292 0.0686351 0.000669823 0.286753 0.000315191 0.0471781 0.143674 0.181515 0.0762048 0.0147114 0.0653587 0.00938088 
0.00324974 6.91059e-05 0.000155843 0.0134454 0.00031386 5.19601e-05 0.57943 0.000120076 8.58509e-06 0.000165245 0.326351 0.0281846 0.0479926 0.000117257 0.000344223 
0.0143426 0.00064563 0.120819 0.133649 0.0095477 1.45523e-05 0.244653 0.000603799 0.0119278 0.00262384 0.109269 0.183329 0.126161 0.0406335 0.00178193 
0.112557 0.0654151 6.62716e-06 0.210706 0.0722569 0.00022508 0.225333 0.00265184 0.0260626 0.00202055 0.0188686 0.174206 0.022434 0.00484777 0.0624082 
0.044102 5.43571e-06 3.85944e-06 0.0480417 0.116564 0.00153678 0.620056 0.000975596 0.0487267 0.00235685 0.0822466 0.0253515 0.00504669 0.00169164 0.00329453 
0.00529546 0.000218092 0.00264294 0.199807 0.0421407 0.00010315 0.417367 0.00010419 0.0072699 0.0074951 0.0454837 0.182806 0.0770366 0.0117168 0.000513853 
0.00549412 0.000271191 0.028823 0.145003 0.0681658 0.000152854 0.482858 0.000168202 0.0062993 0.0214743 0.119078 0.0455254 0.0723947 0.00190121 0.00239083 
0.107879 0.0118148 4.71617e-05 0.215478 0.0449427 4.49219e-07 0.283755 0.00171177 0.0213365 0.0744976 0.0467473 0.129508 0.0357118 0.0059083 0.0206625 
0.0220268 3.09e-05 0.00137874 0.212037 0.0302113 0.000190437 0.606958 0.000296607 0.00666172 0.00717491 0.0641575 0.0208648 0.0226051 0.00125124 0.00415471 
0.0259135 8.01783e-05 0.000114549 0.265246 0.13331 0.00234697 0.460322 6.61133e-05 0.0171096 0.00430615 0.0143497 0.0425784 0.00302825 0.0303769 0.000851206 
0.0182682 3.91129e-05 0.0159102 0.118011 0.0399129 0.000584559 0.525344 0.000990524 0.0221998 0.00639205 0.164987 0.0244469 0.0476697 0.0138846 0.00135875 
0.105761 5.78544e-05 0.000149734 0.119791 0.156736 5.00707e-05 0.264675 1.7506e-05 6.91526e-07 0.000356613 0.144467 0.0536701 0.0106857 0.127255 0.0163267 
0.121706 0.0205858 3.39088e-06 0.0871492 0.0737156 0.00629887 0.341822 0.00179787 0.00496041 0.0345403 0.0671431 0.140874 0.011912 0.0190872 0.0684045 
0.00674969 5.8358e-05 0.000195898 0.246816 0.0127356 5.67413e-05 0.402808 0.000107158 0.00433321 0.195095 0.0446897 0.0508828 0.00725307 0.0281349 8.45092e-05 
0.0115953 6.50124e-05 4.95137e-06 0.0360896 0.0672203 2.82e-05 0.439327 6.74218e-06 9.35997e-05 0.00231645 0.0617058 0.031401 0.165107 0.179578 0.00546155 
0.0981406 0.0138134 0.00017196 0.138727 0.0554081 0.000669041 0.25284 0.0206963 0.00693632 0.00975427 0.062908 0.121109 0.125792 0.0215412 0.0714922 
0.0152415 7.0567e-05 0.000105226 0.233621 0.114482 0.000304477 0.457114 0.00013372 0.00277982 0.00842402 0.0238121 0.061106 0.00356891 0.0210421 0.0581942 
8.31116e-05 4.26119e-05 0.00111414 0.0732221 0.00670567 0.000499561 0.908924 0.000574136 0.000620707 0.00351726 0.00156828 0.000988867 0.00104004 0.00101694 8.27482e-05 
0.0613531 3.00079e-05 0.00136969 0.231742 0.0165577 0.000233708 0.334804 0.00032899 0.000969847 0.00827265 0.0815386 0.213671 0.0349173 0.0130618 0.00114923 
0.0331955 0.000610274 0.000138235 0.210039 0.0762263 0.00298882 0.556695 0.000118533 0.00201122 0.00755383 0.0406138 0.0351425 0.00413548 0.0294272 0.00110435 
0.0078798 0.000178603 0.000637195 0.220096 0.0111951 3.22013e-06 0.62109 0.000111508 0.0019048 0.00448115 0.0213902 0.089903 0.00746425 0.010231 0.00343427 
0.00930261 0.000356581 0.000856735 0.190973 0.0729497 0.000253541 0.440919 0.00057517 0.00917732 0.0170425 0.0472979 0.0376427 0.0261978 0.145824 0.000631815 
0.00440173 3.9247e-05 0.000499747 0.220175 0.0924621 5.85477e-05 0.358022 0.000179378 0.0490268 0.000111541 0.0648593 0.059515 0.103698 0.00478327 0.0421681 
0.00453172 1.89702e-05 0.000485033 0.199686 0.0329631 0.0254917 0.390043 6.93662e-05 0.13003 0.00582841 0.0236163 0.154465 0.0151731 0.0155736 0.00202519 
0.125654 2.29015e-05 8.99471e-05 0.0669297 0.0115663 0.000169597 0.650294 0.000140604 0.000189368 0.000850666 0.00735927 0.0791698 0.0202962 0.0346593 0.00260802 
0.000955255 3.27807e-05 7.48133e-05 0.0657553 0.0232253 0.000223434 0.544596 0.00789986 0.00148562 0.00456939 0.0405778 0.269467 0.00341402 0.0376791 4.42757e-05 
0.0477689 5.27928e-05 7.19847e-05 0.215506 0.240562 0.0132212 0.36739 3.0595e-05 0.000214119 0.00224939 0.0280043 0.00807623 6.58357e-05 0.0767867 1.09139e-07 
0.00828118 0.000184174 0.0141874 0.213898 0.0544653 0.000282095 0.552131 0.000388058 0.00165878 0.0223843 0.0648559 0.0199497 0.00504788 0.0337943 0.00849132 
0.00483372 3.18685e-05 2.12612e-05 0.0673198 0.110874 0.000226418 0.650248 1.09487e-05 0.00291444 0.0592835 0.0854796 0.00337284 0.00347447 0.0101351 0.00177309 
0.00305448 2.47164e-05 5.21783e-05 0.161696 0.0684817 0.0025328 0.597692 0.0324234 0.0017802 0.0554854 0.0395827 0.0286543 0.00204548 0.00570555 0.000790041 
0.112858 0.00386019 3.34797e-06 0.109839 0.0395296 6.52352e-05 0.341258 0.0637091 0.0145578 0.000286297 0.0351183 0.15564 0.0328326 0.0276628 0.06278 
0.0274821 0.000114494 0.0011424 0.230599 0.073292 0.000337451 0.462815 0.000190188 0.010224 0.00515608 0.07474 0.077808 0.0219006 0.00748256 0.00671558 
0.0128379 0.000100719 0.00133011 0.0812994 0.0817884 0.000732162 0.556573 0.000644598 0.00545008 0.00234086 0.0301638 0.0176594 0.00631632 0.0394441 0.163319 
0.155465 0.000753961 0.000260239 0.128527 0.131185 0.000621603 0.187685 0.000387167 0.00319015 0.01125 0.104809 0.146471 0.0108669 0.0298236 0.0887053 
0.159881 0.034183 6.12012e-07 0.00727937 0.016544 0.000489712 0.291681 0.00993645 0.0947166 3.58089e-05 0.00850374 0.0637908 0.0127206 0.0794455 0.220791 
0.0844136 0.00431172 0.019026 0.21023 0.0650906 0.000137326 0.435087 0.0222239 0.0051809 0.0156428 0.0804638 0.0236354 0.00569441 0.0168547 0.0120078 
0.016328 1.68613e-05 0.000273872 0.222807 0.0172791 0.000337165 0.33513 0.000194592 0.0883206 0.0564449 0.117837 0.124086 0.0150192 0.00084755 0.00507774 
0.0505502 0.000140997 0.000212113 0.163636 0.114117 0.0029501 0.41483 0.000158764 0.0180017 0.0077569 0.046878 0.0983424 0.000143504 0.0821062 0.000176035 
0.0078798 0.000178603 0.000637195 0.220096 0.0111951 3.22013e-06 0.62109 0.000111508 0.0019048 0.00448115 0.0213902 0.089903 0.00746425 0.010231 0.00343427 
0.0231942 7.34999e-05 0.00888492 0.189887 0.00317397 5.5785e-06 0.401476 1.26191e-05 0.00175387 0.00678468 0.0819137 0.25726 0.0144167 0.00939074 0.00177267 
0.0376293 0.0132342 0.00450528 0.158512 0.0226364 9.67653e-05 0.360627 0.00192394 0.00199149 0.00303461 0.137414 0.189809 0.0515123 0.00633473 0.0107388 
0.0223177 0.0105259 0.000702436 0.215015 0.0807717 0.00023038 0.253241 0.00189862 0.00549731 0.0276883 0.140781 0.133014 0.0663221 0.0265819 0.0154132 
0.0547337 0.0032531 0.000198963 0.157127 0.0906324 0.00525557 0.337551 0.00258927 0.00314663 0.0053897 0.115915 0.0701311 0.0273017 0.0768811 0.0498937 
0.0727709 0.013712 0.00159224 0.0866932 0.0490116 0.000142317 0.408348 0.00160685 0.00300868 0.00242436 0.175023 0.0772164 0.0240575 0.0126726 0.0717203 
0.00867137 0.000453432 0.0025121 0.172279 0.0129934 3.39751e-05 0.737957 0.00044959 0.00315952 0.00281129 0.00521836 0.0425198 0.00486198 0.00421094 0.00186915 
0.00588814 7.84063e-06 0.00021054 0.289274 0.0181075 9.35589e-05 0.336009 0.00010823 0.281714 0.000236547 0.000298529 0.000188205 0.0676558 0.000193453 1.54179e-05 
9.95495e-05 0.000139876 0.000263363 0.0455767 0.00201857 0.000229156 0.701421 1.99687e-05 0.00448938 0.000119785 0.174096 0.0494514 0.0213713 0.000651471 5.24623e-05 
0.205679 6.44487e-05 0.000659663 0.23567 0.10695 4.51384e-05 0.308081 0.000160558 0.00228513 0.00743413 0.0432239 0.04361 0.023262 0.01996 0.00291456 
2.69165e-05 1.02139e-05 8.95898e-06 0.0310593 0.0289076 3.97799e-06 0.894546 0.00290395 0.0101449 1.00709e-05 0.00114669 0.00398714 0.0202312 0.00691426 9.90895e-05 
0.13864 0.00867913 3.33025e-05 0.10379 0.0875708 1.13225e-05 0.286345 0.00205763 0.0106585 0.000497694 0.100292 0.0929687 0.0516793 0.059017 0.0577593 
0.0546782 0.00422696 4.2731e-06 0.0174258 0.0107289 0.0229152 0.346352 0.00135226 0.050442 0.000263833 0.0280717 0.12278 0.00982867 0.0164223 0.314508 
0.10717 0.0109143 0.000460506 0.105082 0.0727676 0.000773983 0.40869 0.0071107 0.0103056 0.00667841 0.0613668 0.122013 0.0722291 0.00473806 0.00969967 
0.0141012 0.00631237 0.10262 0.178263 0.047619 0.000188875 0.254396 0.000409952 0.0525382 0.0121481 0.0845245 0.196741 0.0391168 0.00866378 0.00235626 
0.00345622 2.10387e-05 5.35735e-05 0.100294 0.0999699 2.38331e-05 0.662618 2.75483e-05 0.0544789 0.00275601 0.0421016 0.00671087 0.0215119 0.00446774 0.00150963 
0.130281 0.00633327 6.28163e-05 0.2098 0.0795378 2.67303e-05 0.212315 0.00250346 0.00160124 0.00563938 0.0607327 0.194071 0.017093 0.0196544 0.0603482 
0.0118526 0.000587548 0.00141899 0.309528 0.0910689 0.00117728 0.368492 0.000694221 0.000432666 0.00974438 0.0534695 0.0629099 0.0163196 0.0708721 0.00143231 
0.00169793 0.00053054 0.00719727 0.350962 0.0150731 2.88351e-05 0.494674 0.000150635 2.82154e-06 0.00578108 0.0281728 0.0586888 0.00807684 0.0286254 0.000338031 
0.0546656 0.00201765 0.000285638 0.123894 0.0255878 0.000127247 0.358943 0.000150068 0.000100056 0.00190758 0.319234 0.0298582 0.0371603 0.0353439 0.0107249 
0.0117592 0.00339673 0.0729382 0.176123 0.0452628 0.000620903 0.364926 0.00056971 0.00111569 0.00533524 0.0641768 0.130535 0.0199068 0.0221871 0.0811463 
0.181878 0.0284723 0.000508127 0.076512 0.0377965 8.27147e-05 0.312591 0.00538618 0.0827575 0.0072534 0.0606944 0.139027 0.0234693 0.00416631 0.0394059 
0.000314505 3.52247e-05 0.000122529 0.351852 0.069292 5.44097e-05 0.543233 0.000902591 6.86401e-05 0.00359071 0.0104953 0.00777572 0.00508742 0.000980075 0.00619543 
0.0369822 3.36526e-05 0.000410967 0.139673 0.257442 0.00110471 0.405404 0.000140573 0.000276655 0.0032684 0.0526104 0.0239739 0.0180946 0.0601678 0.00041673 
0.0335875 5.65113e-05 0.000163525 0.237492 0.108489 2.89727e-05 0.339459 5.52726e-05 0.0181954 0.00314373 0.0161424 0.0766114 0.0644701 0.0807115 0.0213937 
0.000724551 1.55216e-05 0.000108559 0.148131 0.186232 0.00530154 0.4795 0.000701906 0.0154241 0.0162587 0.0281474 0.0279781 0.0726249 0.00550865 0.0133432 
0.0378763 0.0307614 0.00155003 0.120196 0.0343669 5.4283e-05 0.428467 0.00134283 0.0097285 0.00711636 0.0814596 0.197025 0.0171051 0.0134422 0.0195079 
0.0425891 0.00113852 0.000673802 0.248235 0.0582583 0.00244461 0.280255 0.00368523 0.0202226 0.00802806 0.141674 0.125125 0.0487728 0.00716593 0.0117337 
0.00651309 0.000432071 0.00217418 0.175046 0.0593223 0.00016878 0.549538 4.00269e-07 4.12226e-05 0.00951803 0.0320341 0.0281182 0.00571823 0.00565064 0.125724 
0.0066661 0.000124902 0.000185789 0.154895 0.143749 0.00819083 0.374929 5.45439e-05 0.0401153 0.016732 0.0931563 0.121012 0.00506437 0.0286102 0.0065153 
0.0161422 0.00545117 0.00230243 0.0419123 0.00940116 1.95201e-05 0.844743 3.50857e-05 4.57927e-06 0.00255269 0.0138287 0.0498412 0.0048974 0.00306885 0.00580005 
0.0287472 0.000114574 0.013672 0.192527 0.0630203 0.000733061 0.345185 0.000278736 0.0812499 0.00272178 0.101672 0.105324 0.0314426 0.0105853 0.0227264 
0.00391402 2.82276e-05 8.28594e-05 0.139513 0.0894022 5.27106e-05 0.312201 0.000786606 0.000546699 0.00542224 0.284755 0.0879142 0.0686263 0.00641224 0.000342993 
0.0332619 3.50136e-05 6.37485e-06 0.15561 0.273445 0.00136739 0.314341 1.55972e-05 0.00818369 0.00127285 0.0396853 0.0132485 0.048349 0.0849528 0.0262255 
0.0566192 0.000531597 2.31606e-05 0.188379 0.157357 0.00235022 0.455701 0.00585374 0.0143863 0.00376694 0.0290724 0.0289974 0.0148215 0.0336132 0.00852662 
0.0442795 0.000131272 0.000377758 0.188677 0.112861 0.0219874 0.387051 0.000426192 0.00422891 0.00894812 0.0248208 0.122994 0.0428209 0.0361176 0.00427966 
0.104139 0.000800509 7.07484e-05 0.397625 0.0201444 8.66797e-08 0.447073 1.00288e-10 1.10348e-06 6.15798e-07 4.29869e-06 0.0128974 0.0172195 2.44443e-05 3.12612e-11 
0.0286832 0.00260391 0.00126032 0.121338 0.0226983 0.000653902 0.623557 0.000325594 0.000636188 0.0025028 0.036037 0.11562 0.029199 0.00785583 0.0070291 
0.000171222 0.000203079 0.00209483 0.053439 0.0300724 0.000204194 0.821097 8.87415e-05 0.00583842 0.00492787 0.0124799 0.0328085 0.0141023 0.0194102 0.00306282 
0.136351 0.00353067 0.000280133 0.127686 0.0612112 0.000188047 0.202417 0.015492 0.00269479 0.00354068 0.0983959 0.14205 0.159488 0.00663832 0.0400352 
0.000248087 3.25666e-05 6.91689e-06 0.0637564 0.05887 0.000729958 0.540948 3.7579e-05 0.00241271 0.00256396 0.039402 0.00574773 0.000289872 0.28394 0.00101422 
0.0465286 0.000101025 0.00184142 0.226719 0.0844557 5.81164e-05 0.340143 0.00152626 0.00047553 0.00485306 0.200489 0.0770519 0.000293272 0.0152415 0.000222201 
0.0217917 9.30535e-05 0.0749703 0.0521785 0.0230277 4.5398e-05 0.642854 0.000761211 1.55705e-05 0.00123663 0.0418595 0.0763201 0.00646655 0.056707 0.00167219 
0.0295958 0.000230261 0.000205427 0.336454 0.139617 0.00127754 0.368442 0.000188364 0.00631986 0.00397471 0.0167167 0.048088 0.00940328 0.0224494 0.0170376 
0.0568625 0.00458886 1.67065e-06 0.225476 0.0413212 1.62928e-06 0.336111 0.000343485 0.0142339 0.005485 0.0643735 0.141991 0.0752188 0.000124667 0.033866 
0.111559 0.0152831 0.0293238 0.0680833 0.108276 0.000138053 0.246141 0.0974877 0.00591253 0.0065986 0.020031 0.0904008 0.0400865 0.0459417 0.114737 
0.00277451 4.20867e-07 1.13311e-05 0.188288 0.0054477 0.0058856 0.424264 3.32448e-05 0.230995 0.0286586 0.0542271 0.0425798 0.00879361 0.000126903 0.00791434 
0.031647 0.000189415 7.99449e-05 0.122451 0.0497923 0.000344891 0.646931 0.00010944 0.017411 0.0208898 0.0327925 0.0574886 0.00875342 0.00844519 0.00267381 
0.0205993 0.000157568 0.00022211 0.200957 0.0303123 0.000930186 0.546454 8.69773e-05 0.0257618 0.00340565 0.0245257 0.0345958 0.00794893 0.0131074 0.0909352 
0.049834 0.000332997 0.000164253 0.145645 0.051609 0.000720818 0.349311 0.000348817 0.0274007 0.0176103 0.0502064 0.206416 0.0792431 0.00131939 0.0198381 
0.0364534 0.00196141 0.000221795 0.189657 0.0321201 6.24594e-05 0.498898 0.00148257 0.00151209 0.00708178 0.0817108 0.0991825 0.0279392 0.0120323 0.00968436 
0.00122703 4.87198e-05 1.74016e-05 0.0181934 0.0268461 0.00778933 0.4002 8.10449e-06 0.00453886 0.0402754 0.182322 0.0826705 0.235406 2.15694e-05 0.000436044 
0.0290507 3.73971e-05 0.000181437 0.148456 0.024411 0.000388154 0.367029 0.00085397 0.0155443 0.015397 0.188902 0.0808497 0.0419407 0.0461704 0.0407874 
0.0015961 1.46458e-05 0.00106359 0.152038 0.0178229 0.00705985 0.604588 0.000158172 0.00144873 0.0114538 0.0133018 0.129747 0.0153772 0.0434721 0.000858219 
0.0817905 0.000896031 0.0009199 0.141103 0.109737 0.000247818 0.358116 0.000155258 0.00269893 0.0415448 0.0619763 0.109857 0.0370489 0.0317536 0.0221549 
0.000563859 8.08301e-05 0.00139977 0.0270396 0.0123609 2.4e-05 0.92964 0.000933465 0.00223686 0.00201709 0.00627525 0.012775 0.00333212 0.00131109 1.0495e-05 
0.022153 9.08077e-05 0.000593525 0.066641 0.0828656 3.85213e-06 0.518966 0.00242497 0.0286414 0.0241171 0.0548703 0.162994 0.0120124 0.0195955 0.00403045 
0.0433046 0.000458285 0.000363933 0.124783 0.0551171 0.000160151 0.619573 0.000188311 0.00985238 0.0044611 0.0459112 0.0588244 0.0254988 0.00705944 0.00444369 
0.0382921 0.00350112 0.000287248 0.0472828 0.048916 1.48923e-05 0.250562 0.0012328 0.125697 0.00994783 0.0229466 0.220719 0.0233004 0.00512398 0.202176 
0.00868422 0.000117579 0.0289752 0.0941162 0.0478531 0.0002127 0.468499 0.0144577 0.00504606 0.00403511 0.0327985 0.105882 0.0698009 0.118615 0.000907289 
0.0237823 0.000115964 0.000666165 0.265535 0.00506926 0.000253977 0.56404 0.00228288 0.00457301 0.0433575 0.046584 0.0398389 0.00190925 0.00103798 0.00095381 
0.00736016 6.04509e-05 7.71118e-05 0.118137 0.0442554 1.11481e-06 0.808964 7.55007e-07 1.22652e-10 0.000834797 3.58857e-05 0.0200649 5.30605e-05 0.000152598 3.15961e-06 
0.0372236 0.000143833 0.00012641 0.0645107 0.231278 0.00235763 0.321293 8.53594e-05 0.0615874 0.0235229 0.0862243 0.00948185 0.156311 0.00424879 0.00160571 
0.0112683 0.00014601 0.00127862 0.246892 0.13854 0.000133649 0.274236 0.00147113 0.00384649 0.0294135 0.0987401 0.132027 0.047166 0.00849234 0.00634864 
0.00160201 0.000344897 0.0406066 0.18425 0.0790915 0.000446261 0.515561 6.59888e-05 0.00334032 0.00629061 0.0323238 0.0279326 0.0367222 0.0705871 0.000835095 
0.000226652 7.36776e-05 0.000156522 0.141984 0.0778894 0.0510448 0.494441 3.55094e-05 0.0152291 0.00134093 0.113803 0.0327177 0.0289858 0.0271081 0.0149635 
0.00652904 4.12004e-05 5.94916e-05 0.141705 0.146806 0.0158336 0.487114 0.00356899 0.0198357 0.0165408 0.0336936 0.0703694 0.0124426 0.006455 0.0390052 
0.00161899 3.21398e-05 2.84688e-06 0.133796 0.145345 6.76465e-05 0.341112 0.0001337 0.00750505 0.0145631 0.128604 0.141642 0.0266097 0.0516654 0.00730182 
0.022526 0.0203054 3.70045e-05 0.0352243 0.00616895 7.39312e-08 0.410188 2.84555e-07 2.63536e-08 0.00470597 0.398474 0.0481564 0.0229752 0.0126576 0.0185811 
0.0150713 0.000456973 0.000480138 0.152094 0.0156016 0.0225768 0.75549 6.80346e-05 7.41872e-05 0.000148868 0.00904182 0.0190459 0.00860678 0.000121758 0.00112129 
0.0395506 0.000815482 0.0732711 0.195263 0.0893339 0.000478202 0.459575 0.000363928 0.00264733 0.00984552 0.0377505 0.0432287 0.0138754 0.0325937 0.00140785 
0.0308961 6.88996e-05 0.0024865 0.130092 0.0867196 0.000663412 0.513867 0.000210671 0.00359878 0.0123026 0.0396308 0.0578195 0.00527058 0.107325 0.00904952 
0.156642 0.0326015 1.22014e-05 0.00872059 0.0273715 0.00026309 0.620503 0.000894835 0.00145999 0.00274272 0.00200327 0.0185512 0.00728601 0.0299023 0.0910454 
0.00344673 1.54495e-05 0.00015257 0.113498 0.068203 0.000405632 0.473828 9.08151e-05 0.0195788 0.0144962 0.120123 0.16119 0.0142075 0.00690927 0.00385446 
0.0796025 0.000110657 0.0522441 0.167919 0.0449636 6.97231e-06 0.586572 5.27389e-06 0.000863713 0.00357847 0.0284866 0.0251085 0.00989897 0.000546811 9.28268e-05 
0.00312128 0.000333285 0.000109606 0.242421 0.0352075 7.88177e-05 0.440456 0.000285055 0.035357 0.0103584 0.0204309 0.175815 0.00648207 0.0129846 0.0165593 
0.0260755 0.000275655 0.0381045 0.240197 0.141971 0.0010888 0.294536 0.000323891 0.0235807 0.00620466 0.0212517 0.148817 0.0309924 0.0255458 0.00103537 
0.0115953 6.50124e-05 4.95137e-06 0.0360896 0.0672203 2.82e-05 0.439327 6.74218e-06 9.35997e-05 0.00231645 0.0617058 0.031401 0.165107 0.179578 0.00546155 
0.0212804 0.000218271 0.000299533 0.150696 0.218154 6.38281e-07 0.389481 0.000613577 0.00220744 1.61722e-06 0.0157705 0.166858 0.0234013 1.32271e-06 0.0110169 
0.000331113 1.63699e-05 0.000421969 0.0359155 0.00464979 0.000318839 0.889965 0.000355692 0.000234433 0.00185139 0.0401222 0.00520202 0.00305173 0.0174519 0.000112239 
0.000654966 4.15887e-05 0.000123775 0.171406 0.0365639 0.000798526 0.544681 4.80669e-05 0.0418499 0.00752564 0.0232033 0.0894358 0.0299665 0.0357088 0.0179922 
0.00340128 1.33608e-05 1.06846e-06 0.162428 0.0116344 0.000187088 0.588886 0.000833902 0.0897181 0.00574616 0.0196584 0.0639476 0.0530192 2.48155e-05 0.000500863 
0.0125989 0.00178587 0.0508183 0.109919 0.0343338 2.54204e-05 0.509148 0.00202655 0.223361 0.000475037 0.00304983 0.0229057 0.0289068 0.000275948 0.00036945 
0.00677254 7.90236e-05 0.000939161 0.227568 0.0437685 0.00634768 0.560267 8.0434e-06 0.00148199 0.0011324 0.0312272 0.0702502 0.0465104 0.00163612 0.00201226 
9.8356e-05 4.96508e-05 0.00133692 0.131379 0.0650126 0.000593548 0.54003 0.000687084 0.000749018 0.00999225 0.191246 0.0242399 0.00125723 0.0332311 9.77613e-05 
0.0078798 0.000178603 0.000637195 0.220096 0.0111951 3.22013e-06 0.62109 0.000111508 0.0019048 0.00448115 0.0213902 0.089903 0.00746425 0.010231 0.00343427 
0.00166177 0.00171677 8.35517e-05 0.144986 0.0219056 4.55091e-05 0.547588 6.95507e-05 0.000818399 0.0247892 0.0339897 0.210316 0.00282647 0.00884735 0.000355868 
0.018199 3.07508e-05 0.000119438 0.18636 0.0413552 7.94079e-06 0.704706 1.26889e-05 0.00421286 0.000505123 0.00789498 0.0330323 0.00232179 0.00110282 0.000138448 
0.0408656 5.11238e-06 4.2438e-07 0.189142 0.138288 0.000257008 0.211521 3.77591e-05 0.00345381 0.00847151 0.0835658 0.210192 0.0051016 0.102535 0.00656363 
0.0313137 0.000171295 0.000454012 0.0805664 0.127405 0.00108057 0.588012 0.00179823 0.0069868 0.00799048 0.0292203 0.058174 0.0658315 0.000583096 0.000412554 
0.0491664 0.000183839 0.000138241 0.151167 0.0975742 0.00216528 0.542577 5.54747e-05 1.8815e-05 0.0528428 0.0274005 0.0330941 0.00102836 0.04256 2.86246e-05 
0.00748305 0.00294169 0.00093067 0.215131 0.00352202 0.000125462 0.397515 0.00450553 0.000543455 0.000895385 0.150313 0.0708549 0.140742 0.00222396 0.00227347 
