0.164895 0.00100072 0.190083 0.00664287 0.0212206 0.00129063 0.0300239 0.231645 0.000418384 4.64261e-05 0.0883256 0.0812025 0.0137979 0.136223 0.0331854 
0.113117 0.00312201 0.0459369 0.0338908 0.126935 7.12408e-05 0.0207577 0.507527 0.000915199 0.000106368 0.0396966 0.0126502 0.029929 0.0402872 0.0250586 
0.0152048 0.0114091 0.100302 0.0113169 0.0141315 0.000628441 0.00416801 0.733461 0.00762727 0.000384271 0.0190522 0.0134759 0.0244342 0.0118852 0.0325186 
0.10052 0.00248227 0.107628 0.0068838 0.0285283 0.000767573 0.0345179 0.279426 0.00597357 0.000138126 0.0217583 0.121733 0.0608403 0.207527 0.0212758 
0.0219342 0.0106964 0.115565 0.0166661 0.00306815 0.0162565 0.0139021 0.630157 0.0307461 0.000202723 0.0255308 0.0118215 0.0591837 0.00781881 0.036451 
0.0408264 0.055728 0.0884583 0.0205241 0.00102716 0.000724648 0.0616195 0.378573 0.00518531 9.71527e-05 0.0557113 0.00207172 0.245059 0.0288954 0.0154989 
0.0949718 0.0209326 0.0487859 0.0966843 0.00144726 0.0010086 0.0123769 0.382801 0.000243243 1.30301e-05 0.0907604 0.00660727 0.0324698 0.0808508 0.130047 
0.0531343 0.0129789 0.139468 0.0221115 0.00512079 0.00157964 0.0851556 0.524362 0.00320802 1.22037e-05 0.0174035 0.00262763 0.0915913 0.0277559 0.0134911 
0.133849 0.028409 0.102645 0.0386082 0.00120386 0.00146721 0.0508245 0.231053 0.0347482 4.91487e-05 0.08136 0.00748863 0.220591 0.0128085 0.0548936 
0.040924 0.00887251 0.0819777 0.0333982 0.00592991 0.00129249 0.0283554 0.618658 0.00455782 0.000677662 0.068512 0.0237255 0.0216825 0.0319445 0.0294922 
0.109254 0.0191284 0.29455 0.0235987 0.0102693 1.82754e-05 0.00155809 0.381495 0.00196625 0.000344933 0.0645681 0.00720171 0.0286992 0.0202428 0.0371059 
0.0206103 0.0185966 0.135197 0.0198742 0.00117393 0.00357015 0.0539543 0.504543 0.0548779 7.14009e-05 0.0178122 0.0184301 0.135005 0.00485506 0.0114292 
0.245236 7.0258e-06 0.107518 7.02648e-06 7.02545e-06 7.02239e-06 7.02518e-06 0.425824 7.02606e-06 7.02197e-06 0.0941656 7.02638e-06 0.0372467 0.0899464 7.02658e-06 
0.0560837 0.0074693 0.312768 0.0139304 0.000744624 7.27875e-07 0.00434785 0.376 9.22575e-06 4.0962e-05 0.0122939 0.00208827 0.058507 0.0279914 0.127724 
0.0362882 0.00792459 0.163529 0.00726213 0.00063206 0.000263094 0.00623606 0.673846 0.00260199 5.38403e-05 0.0407797 0.00401234 0.0208407 0.0172797 0.0184508 
0.0868837 0.0200928 0.157519 0.103925 0.0107976 0.00537591 0.0539799 0.400891 0.00219963 0.0046206 0.0461791 0.00955061 0.0506109 0.025425 0.0219489 
0.0751338 0.0103411 0.203919 0.0239844 0.00625324 0.000148521 0.0314652 0.339063 0.00247025 4.24709e-05 0.0806017 0.0129384 0.065319 0.0873651 0.0609554 
0.105418 0.00512811 0.221865 0.043532 0.0125337 1.75484e-07 0.00163869 0.328894 0.000123625 0.00549718 0.225148 0.00546853 0.00428285 0.0180925 0.0223775 
0.0867695 0.0134598 0.303398 0.0519424 0.010505 0.000883203 0.00880515 0.313667 0.00115716 0.000165471 0.076872 0.00971467 0.0418182 0.0484267 0.032416 
0.0728308 0.00199282 0.0968336 0.0770759 0.0016053 0.00558462 0.0168706 0.50431 0.00726863 0.00100748 0.0135819 0.00614694 0.0412699 0.0186118 0.13501 
0.0413645 0.0901444 0.115493 0.172214 0.00343999 0.000271071 0.0138557 0.279758 0.0161265 0.00314593 0.0499425 0.00653256 0.125637 0.0124198 0.0696548 
0.060949 0.0165778 0.131431 0.00610776 0.00334592 0.00123114 0.0331977 0.310601 0.152882 2.72097e-05 0.0154776 0.0345121 0.169978 0.0376816 0.026 
0.0825728 0.00700682 0.211589 0.0433845 0.000997731 0.00264042 0.00407912 0.437235 0.000181624 0.0256198 0.0590639 0.00173001 0.0163737 0.0237498 0.0837753 
0.0538985 0.000848675 0.176028 0.0184846 0.0106417 0.000340448 0.0183584 0.526918 0.00253809 0.000208872 0.0938086 0.0070404 0.0205072 0.00936417 0.0610141 
0.0152048 0.0114091 0.100302 0.0113169 0.0141315 0.000628441 0.00416801 0.733461 0.00762727 0.000384271 0.0190522 0.0134759 0.0244342 0.0118852 0.0325186 
0.0365907 0.000606508 0.054739 0.0116869 0.00598051 6.00559e-05 0.00346072 0.726146 0.00067319 0.000309877 0.0984737 0.0146806 0.0195354 0.0166515 0.0104058 
0.0433128 0.00136031 0.0768793 0.0272775 0.00319738 7.18724e-05 0.00986509 0.750205 0.000566792 0.000273215 0.0218558 0.0291425 0.0103302 0.0171094 0.00855242 
0.125167 0.00173487 0.251523 0.148236 0.0030984 0.000259293 0.00737904 0.383286 8.82043e-05 4.99425e-06 0.0174581 0.00456987 0.014849 0.0245294 0.0178169 
0.0631963 0.000718395 0.0666966 0.0170881 0.00750123 4.50899e-05 0.0202271 0.678698 0.000334076 0.000101355 0.0145383 0.0226553 0.0347096 0.0567519 0.0167387 
0.0487661 0.00544285 0.234151 0.0230953 0.00625521 0.000394353 0.0474782 0.469197 0.00429148 0.00217392 0.0532619 0.0192836 0.0445945 0.0143468 0.027268 
0.10618 0.00641503 0.120909 0.0393556 0.0265471 0.000518207 0.014878 0.264116 0.00214309 0.00159936 0.0956845 0.00650888 0.146519 0.13223 0.0363959 
0.0791477 0.00712559 0.0736817 0.0455171 0.0136158 1.83303e-05 0.0155652 0.63017 0.00129164 0.000289002 0.0551891 0.00736883 0.0406166 0.0198049 0.0105984 
0.0675081 0.0174466 0.141702 0.0385453 0.000707057 0.00071187 0.017848 0.417101 0.00824169 0.000154767 0.0522091 0.0237702 0.0969003 0.0612598 0.0558944 
0.0454415 0.00295901 0.228829 0.0113416 0.00431577 0.00252261 0.00328351 0.5123 0.000825998 0.0029697 0.0903072 0.0380076 0.00584001 0.0247089 0.0263473 
0.0721409 0.0038366 0.149091 0.0139708 0.000808797 0.000203444 0.00741833 0.44468 0.00134816 0.000141838 0.0935643 0.00297211 0.169442 0.0165143 0.0238673 
0.107262 0.0311381 0.2522 0.0290592 0.00415614 0.001226 0.0458039 0.318253 0.00944289 5.71075e-05 0.0327686 0.0265982 0.0607221 0.0341872 0.0471251 
0.034245 0.0136511 0.0935598 0.0219355 0.00792787 0.000785425 0.015263 0.659306 0.00755753 0.000237325 0.0304929 0.0205627 0.0409836 0.0219945 0.0314983 
0.218504 0.00658573 0.238105 0.0111631 0.0140269 0.000391657 0.00525879 0.252684 0.00115337 2.62533e-05 0.05788 0.0277228 0.0221164 0.12028 0.0241014 
0.0152048 0.0114091 0.100302 0.0113169 0.0141315 0.000628441 0.00416801 0.733461 0.00762727 0.000384271 0.0190522 0.0134759 0.0244342 0.0118852 0.0325186 
0.0648488 0.0159151 0.0908166 0.0172328 0.00387519 0.00339403 0.0675965 0.513816 0.00741286 0.00015997 0.0334983 0.0112395 0.0625816 0.0315269 0.0760858 
0.0627416 0.0122153 0.252718 0.023749 0.00731118 0.00114779 0.00821009 0.312868 0.00916777 0.000201279 0.118998 0.00754866 0.096637 0.0468174 0.0396685 
0.0712303 0.00863379 0.211521 0.038804 0.0113041 0.00170626 0.0182681 0.464523 3.26962e-05 0.000173753 0.0390216 0.0165839 0.0140763 0.0311012 0.0730207 
0.0152048 0.0114091 0.100302 0.0113169 0.0141315 0.000628441 0.00416801 0.733461 0.00762727 0.000384271 0.0190522 0.0134759 0.0244342 0.0118852 0.0325186 
0.100341 0.0166464 0.244843 0.0881232 0.00142203 9.6809e-05 0.00357402 0.318161 0.00750473 0.000484899 0.046819 0.00217691 0.112378 0.0136287 0.0438011 
0.0152048 0.0114091 0.100302 0.0113169 0.0141315 0.000628441 0.00416801 0.733461 0.00762727 0.000384271 0.0190522 0.0134759 0.0244342 0.0118852 0.0325186 
0.07239 0.000856909 0.0817948 0.00494008 0.00109295 1.76773e-06 0.0463619 0.596637 3.46839e-05 4.02988e-06 0.0195548 0.0430025 0.0294473 0.0996997 0.00418175 
0.0545493 0.00881232 0.232592 0.0714473 0.0446858 0.000525716 0.00514109 0.3516 0.00395356 8.172e-05 0.0420069 0.0445613 0.0610689 0.041446 0.0375287 
0.104382 0.000582005 0.0985035 0.00753541 0.00422786 0.00699692 0.00479075 0.639508 0.00013138 0.000235321 0.0411888 0.00531982 0.0487625 0.0179826 0.0198529 
0.1417 0.00297425 0.107332 0.00395662 0.0179502 0.00048236 0.0232696 0.371 0.000202303 0.000214139 0.0523563 0.175878 0.00587053 0.0859752 0.0108395 
0.0469972 8.9658e-08 0.156439 0.143966 0.00158378 0.00274554 0.087452 0.390165 6.24527e-07 0.00553043 0.104861 1.27216e-06 0.00835405 0.00795524 0.0439492 
0.091931 0.00598686 0.113248 0.108677 0.00727953 0.000786062 0.0224565 0.247357 0.00385408 0.000133663 0.13523 0.0484052 0.105412 0.0910206 0.0182221 
0.0614285 0.00420096 0.17816 0.039233 0.00070839 0.000216413 0.000279459 0.530891 0.000158098 0.000978964 0.0268761 0.0130037 0.0771782 0.0291279 0.0375595 
0.0457575 0.000114366 0.0849692 0.0168797 0.00515156 4.97794e-05 0.000141268 0.689187 2.38606e-05 3.46972e-05 0.00441072 0.0499643 0.000672113 0.0289002 0.073744 
0.0712303 0.00863379 0.211521 0.038804 0.0113041 0.00170626 0.0182681 0.464523 3.26962e-05 0.000173753 0.0390216 0.0165839 0.0140763 0.0311012 0.0730207 
0.0570462 0.00389113 0.211452 0.148205 0.00142937 0.000130354 0.000922878 0.317912 1.51679e-05 0.0022644 0.198006 0.00424538 0.0156289 0.0166468 0.0222044 
0.0922743 0.0114628 0.146451 0.0601355 0.0108999 0.00309186 0.0275384 0.370466 0.000924878 0.000697003 0.0777677 0.0124042 0.0731739 0.0738926 0.03882 
0.0152048 0.0114091 0.100302 0.0113169 0.0141315 0.000628441 0.00416801 0.733461 0.00762727 0.000384271 0.0190522 0.0134759 0.0244342 0.0118852 0.0325186 
0.078435 0.0306621 0.140587 0.0394615 0.0231188 0.00134972 0.0263578 0.311269 0.000316778 0.000700834 0.0830521 0.0606091 0.0702515 0.0958599 0.037968 
0.0293589 0.0298265 0.103272 0.0274382 0.000605914 0.000907579 0.100849 0.431322 0.0689444 0.000117565 0.033871 0.029706 0.103099 0.0124379 0.0282446 
0.0438714 0.00398445 0.0218227 0.00753698 0.000536974 4.31931e-05 0.0139709 0.715239 1.28513e-05 7.29032e-06 0.0246025 0.0365923 0.0389362 0.0587454 0.0340978 
0.163895 0.00347146 0.213272 0.0107672 0.0027675 6.23784e-05 0.000780133 0.37182 2.1891e-05 0.000933162 0.0515246 0.0626868 0.0259411 0.0651183 0.0269382 
0.158832 0.00827378 0.147404 0.0464891 0.0083142 0.000387641 0.00480344 0.480386 6.18802e-05 0.000255671 0.0679534 0.00335911 0.0276493 0.016842 0.0289887 
0.0152048 0.0114091 0.100302 0.0113169 0.0141315 0.000628441 0.00416801 0.733461 0.00762727 0.000384271 0.0190522 0.0134759 0.0244342 0.0118852 0.0325186 
0.191231 0.00736194 0.189548 0.0156807 0.0105054 7.68632e-05 0.00151509 0.488476 0.000727571 0.00126787 0.0567169 0.00354313 0.00865055 0.0208341 0.00386499 
0.0874133 1.37426e-05 0.0105571 0.0764204 0.000921828 1.84425e-06 0.0177467 0.672945 4.13173e-06 5.65106e-05 8.00094e-05 1.30589e-05 0.0779908 0.0211919 0.034643 
0.0234574 0.000708517 0.0421249 0.0415653 0.00211596 0.00826564 0.00381525 0.62331 0.000742511 0.0698969 0.081611 0.0174634 0.0184197 0.0195221 0.0469808 
0.0912312 0.0114902 0.179731 0.0873293 0.011893 0.00416213 0.00206173 0.199999 0.000904432 0.000574924 0.197031 0.0168354 0.0128967 0.0693967 0.114464 
0.0885853 0.00886013 0.0804613 0.0230641 0.00924266 0.00572155 0.220457 0.246418 0.0153745 9.38508e-05 0.0888664 0.0302752 0.119518 0.0219717 0.0410893 
0.0625972 0.00970917 0.247674 0.0365604 0.0172025 0.00183992 0.00869259 0.407524 0.00466053 0.0101514 0.0552757 0.0222929 0.0511103 0.020423 0.0442864 
0.0152048 0.0114091 0.100302 0.0113169 0.0141315 0.000628441 0.00416801 0.733461 0.00762727 0.000384271 0.0190522 0.0134759 0.0244342 0.0118852 0.0325186 
0.0152048 0.0114091 0.100302 0.0113169 0.0141315 0.000628441 0.00416801 0.733461 0.00762727 0.000384271 0.0190522 0.0134759 0.0244342 0.0118852 0.0325186 
0.0645479 0.212557 0.114167 0.0520772 0.00333139 0.00507789 0.00575063 0.246809 0.00120339 0.103928 0.0441742 0.0126929 0.0225714 0.0325366 0.0785761 
0.0152048 0.0114091 0.100302 0.0113169 0.0141315 0.000628441 0.00416801 0.733461 0.00762727 0.000384271 0.0190522 0.0134759 0.0244342 0.0118852 0.0325186 
0.127237 0.00185029 0.0794731 0.00286776 0.00460653 1.61035e-05 0.035744 0.611828 3.98557e-05 1.74563e-05 0.014768 0.0241547 0.00952667 0.0673153 0.0205549 
0.141386 0.0116142 0.110682 0.0393122 0.0154217 0.00149647 0.017465 0.375533 0.000806167 0.000328778 0.148829 0.0089353 0.0517824 0.0300283 0.0463796 
0.072688 0.00288104 0.137929 0.0110226 0.00502343 0.000551362 0.256942 0.405994 9.78027e-05 0.000298988 0.0251769 0.00647907 0.0145397 0.0327828 0.0275927 
0.150731 0.00735388 0.183102 0.0701661 0.0249947 0.000388898 0.00309041 0.312618 0.0192858 4.4717e-05 0.0501888 0.0500703 0.0425554 0.0395749 0.045836 
0.0399959 0.0386538 0.0634532 0.077793 0.00221457 0.00400228 0.0938236 0.397374 0.0101389 7.96912e-05 0.0463904 0.00794868 0.16237 0.0181581 0.037604 
0.0575235 0.00104418 0.0632763 0.015828 0.0164206 1.40177e-05 0.00302223 0.682772 0.00120892 5.93055e-05 0.0185361 0.0479925 0.0168389 0.0564161 0.019047 
0.0895275 0.000792881 0.0489161 0.0257315 0.00128136 0.000273954 0.0508302 0.628291 0.0203839 0.000263896 0.0272182 0.00478553 0.0189098 0.0144623 0.0683321 
0.0712303 0.00863379 0.211521 0.038804 0.0113041 0.00170626 0.0182681 0.464523 3.26962e-05 0.000173753 0.0390216 0.0165839 0.0140763 0.0311012 0.0730207 
0.0409964 0.00724865 0.262588 0.072005 0.00411962 2.39354e-05 0.0041768 0.423538 0.0546475 0.00121385 0.050545 0.00511348 0.0228148 0.0164357 0.0345335 
0.124249 0.00144811 0.0990628 0.0092439 0.00318756 2.89214e-05 0.0149581 0.612406 0.000115519 0.00058454 0.0416854 0.0180268 0.00536696 0.0576481 0.0119878 
0.0607547 0.00443437 0.20035 0.0286797 0.00213415 0.000153955 0.0173373 0.560595 0.00046338 0.000287671 0.0365207 0.0189527 0.0212722 0.0232375 0.0248263 
0.11503 0.00391395 0.161912 0.10459 0.0141982 0.121856 0.00245818 0.197133 6.77347e-06 0.000209796 0.0232793 0.0150405 0.0340103 0.174879 0.0314837 
0.120291 0.00828218 0.183644 0.0311324 0.0170655 0.00162462 0.0169963 0.293615 0.00132684 0.000730842 0.0608843 0.0513468 0.0368193 0.138659 0.0375814 
0.0257341 0.0222579 0.129173 0.0315743 0.00399864 0.0164447 0.00426381 0.349547 0.0429413 0.000807776 0.0324358 0.00213581 0.203866 0.0127844 0.122036 
0.106552 0.00698615 0.210839 0.0215035 0.0248483 0.000528863 0.00537086 0.311785 5.93793e-05 2.1911e-05 0.0966316 0.0488013 0.0373513 0.0485622 0.0801585 
0.139091 0.01231 0.114463 0.0434916 0.00342145 0.000735077 0.140069 0.296548 0.012692 0.000418916 0.0648316 0.0310643 0.0569411 0.0349036 0.0490197 
0.0904261 0.00825957 0.137752 0.0293123 0.00133765 2.9739e-05 0.00940615 0.50292 0.0183077 6.07101e-05 0.0154502 0.00313596 0.0298071 0.110562 0.043233 
0.028575 0.176153 0.151781 0.0273258 0.00694039 0.000575845 0.0133119 0.399195 0.0326496 0.000729738 0.0681398 0.0140095 0.0273606 0.01892 0.0343327 
0.0114016 0.00770919 0.0684607 0.0122493 0.0091825 0.00252777 0.00236069 0.46283 0.023986 0.326433 0.0168642 0.0092467 0.017697 0.00767114 0.0213802 
0.0502115 0.0193824 0.193908 0.00663041 0.00761487 0.000328325 0.00265157 0.589486 0.00281323 0.000352463 0.0261041 0.00633637 0.00869287 0.0589569 0.0265305 
0.071516 0.00226938 0.186143 0.116653 0.0142816 0.000156228 0.00775025 0.517754 0.000704066 0.00128161 0.0194734 0.0114354 0.0073344 0.0119015 0.031347 
0.136464 0.00351526 0.136198 0.0197102 0.00846139 0.000463687 0.0147892 0.402704 0.0042091 0.00226462 0.0632618 0.0227085 0.0481837 0.0842652 0.052802 
0.0581368 0.0134155 0.150366 0.0320195 0.00254726 0.00712907 0.026006 0.459431 0.00299765 0.000128105 0.0486898 0.0153956 0.0822628 0.0746833 0.0267914 
0.0915969 0.00484855 0.120339 0.0169727 0.00259328 0.000215739 0.00540838 0.517927 0.000222528 8.15535e-05 0.0661656 0.00873218 0.0313567 0.082588 0.0509516 
0.383727 0.00271963 0.0638989 6.84487e-06 0.00167194 4.89033e-06 0.0426804 0.419656 1.2765e-07 6.50854e-07 6.11431e-06 2.21337e-06 0.0453789 0.0271999 0.0130464 
0.138183 0.00439627 0.240505 0.0228557 0.0150253 0.000370688 0.00534823 0.386182 0.00652802 0.000232641 0.0493064 0.0156036 0.025951 0.0489325 0.0405792 
0.110332 0.00116926 0.090337 0.0311955 0.0149092 0.000279849 0.0523687 0.550985 0.000817159 0.000255353 0.0405186 0.037223 0.0158867 0.018109 0.0356135 
0.101118 0.00775534 0.224674 0.0471701 0.139838 0.000181483 0.0073667 0.23663 0.00119063 7.64139e-05 0.0683825 0.0116252 0.0231817 0.0412895 0.089521 
0.0152048 0.0114091 0.100302 0.0113169 0.0141315 0.000628441 0.00416801 0.733461 0.00762727 0.000384271 0.0190522 0.0134759 0.0244342 0.0118852 0.0325186 
0.0735992 0.00555117 0.196719 0.0140218 0.00301717 0.00104446 0.00287142 0.550441 2.31538e-05 0.000296007 0.0582299 0.0161233 0.0100913 0.03347 0.0345014 
0.0301377 0.00221839 0.209926 0.0551446 0.00834141 9.68803e-05 0.00147689 0.499969 0.000514132 0.000540353 0.119582 0.0180798 0.00701031 0.0123893 0.0345737 
0.0804674 0.000303276 0.189941 0.0069913 0.00623318 0.00157261 0.00117912 0.522574 0.00059155 0.000198163 0.0809464 0.0215991 0.0100928 0.0253099 0.0519998 
0.0536163 0.00351456 0.150036 0.0173727 0.149714 6.37214e-05 0.00612339 0.319639 3.3008e-05 0.00030339 0.0278007 0.0178482 0.0361565 0.173534 0.0442455 
0.090532 0.00125829 0.255613 0.0148264 0.00423184 0.000722831 0.00478436 0.478081 0.000401049 0.000662154 0.0233138 0.00713271 0.0182756 0.0498458 0.0503193 
0.0576884 0.00380606 0.286739 0.0992254 0.000811249 7.24074e-05 0.00143776 0.314085 0.000124343 0.100973 0.0137022 0.00843773 0.0554951 0.0221045 0.0352965 
0.0920499 0.000303033 0.156071 0.0232036 0.0150955 0.000659509 0.00360766 0.475103 0.0215713 0.000261755 0.0381829 0.0630324 0.0332323 0.0499528 0.0276727 
0.0525926 0.00162261 0.209076 0.00403044 0.00186646 0.000796409 0.0133993 0.616709 7.22094e-05 0.000460819 0.0278092 0.0201289 0.00988822 0.0340299 0.00751889 
0.0707928 0.007451 0.141735 0.00797892 0.00155697 0.00442657 0.0544289 0.51592 0.0060837 4.74316e-05 0.0250249 0.0104162 0.0899763 0.0353125 0.0288481 
0.0152048 0.0114091 0.100302 0.0113169 0.0141315 0.000628441 0.00416801 0.733461 0.00762727 0.000384271 0.0190522 0.0134759 0.0244342 0.0118852 0.0325186 
0.0360332 0.0065151 0.210148 0.0152591 0.00408969 0.00114104 0.0015543 0.568459 0.00133969 0.004213 0.0799595 0.017677 0.0109707 0.0179649 0.0246759 
0.102218 0.00967327 0.158064 0.0406549 0.00257643 0.00072197 0.00711862 0.400704 0.000870143 0.0339677 0.0587096 0.00690481 0.0629426 0.0354076 0.079466 
0.157108 0.00229167 0.215038 0.0115716 0.00698079 0.000229497 0.00818416 0.322584 8.7544e-05 0.000404446 0.0766752 0.0621982 0.0507242 0.0676113 0.0183116 
0.0152048 0.0114091 0.100302 0.0113169 0.0141315 0.000628441 0.00416801 0.733461 0.00762727 0.000384271 0.0190522 0.0134759 0.0244342 0.0118852 0.0325186 
0.0152048 0.0114091 0.100302 0.0113169 0.0141315 0.000628441 0.00416801 0.733461 0.00762727 0.000384271 0.0190522 0.0134759 0.0244342 0.0118852 0.0325186 
0.0293589 0.0298265 0.103272 0.0274382 0.000605914 0.000907579 0.100849 0.431322 0.0689444 0.000117565 0.033871 0.029706 0.103099 0.0124379 0.0282446 
0.0450894 0.0342404 0.181879 0.118322 0.00232908 0.000202355 0.00305537 0.497644 0.000678516 0.000473429 0.0231463 0.00700823 0.028664 0.0223648 0.0349028 
0.0152048 0.0114091 0.100302 0.0113169 0.0141315 0.000628441 0.00416801 0.733461 0.00762727 0.000384271 0.0190522 0.0134759 0.0244342 0.0118852 0.0325186 
0.0494551 0.0163597 0.083015 0.0494072 0.00340995 0.0110856 0.119167 0.393356 0.00949268 1.47982e-05 0.0326972 0.00755458 0.0899794 0.0391943 0.0958117 
0.152096 0.011248 0.235994 0.0979341 0.010896 4.49903e-05 0.00216301 0.307139 0.00823055 0.00010882 0.115087 0.00752615 0.0102108 0.0291127 0.0122083 
0.0949244 0.00931201 0.111879 0.0673876 0.0126812 0.000437294 0.0139555 0.464286 0.0265779 0.000453581 0.0696145 0.0283257 0.0443588 0.0230563 0.0327497 
0.0674293 0.00874173 0.136104 0.0252428 0.00533702 0.00114565 0.0147215 0.485781 0.00351453 3.19969e-05 0.05445 0.00929076 0.0671733 0.106668 0.0143676 
0.110161 0.00285904 0.0955398 0.026141 0.000683676 0.000243326 0.000362553 0.665121 3.8316e-05 0.000707025 0.0513815 0.00165719 0.0212739 0.0155876 0.00824314 
0.182642 0.00703445 0.181273 0.0339316 0.00331129 0.000466557 0.00504539 0.352657 8.24139e-05 0.000704557 0.0669525 0.0123496 0.0258853 0.0579108 0.0697543 
0.0698771 0.0376549 0.137343 0.0515656 0.00703391 0.000285069 0.00625476 0.477104 0.000998061 0.00024332 0.0836266 0.0126504 0.0309142 0.016871 0.0675784 
0.287407 0.00617651 0.151986 0.0129775 0.00528219 0.00199708 0.044191 0.312243 0.000336726 0.000332982 0.0423218 0.0320671 0.031241 0.0374214 0.0340198 
0.182585 0.00148368 0.189319 0.0187101 0.0128065 0.000748814 0.00618314 0.265954 0.00235579 0.0173603 0.0454646 0.0125691 0.0385257 0.0616972 0.144238 
0.105206 0.00138921 0.193008 0.00935571 0.0125519 0.000153205 0.0160841 0.521162 0.00102306 3.27368e-05 0.0121981 0.0214243 0.0301753 0.056828 0.0194093 
0.0760755 0.000397273 0.0694831 0.00384094 0.0028522 2.37312e-05 0.00221792 0.714058 0.000419699 4.79172e-05 0.00850051 0.0249704 0.0140577 0.0432199 0.0398356 
0.262447 0.00601224 0.174862 0.0424021 0.0170551 0.000231047 0.00215781 0.326893 0.000250132 0.000129795 0.042922 0.00757204 0.0168819 0.0620413 0.0381424 
0.0643266 0.0169864 0.165613 0.0670286 0.000578837 0.00026408 0.0609817 0.370978 6.2225e-05 0.000303023 0.0473215 0.0269139 0.0343038 0.0648792 0.0794595 
0.11545 0.00513106 0.0879042 0.0594274 0.0153159 0.000390933 0.0441543 0.464218 0.000226078 9.23834e-05 0.0609913 0.0300547 0.0179682 0.047661 0.0510144 
0.0152048 0.0114091 0.100302 0.0113169 0.0141315 0.000628441 0.00416801 0.733461 0.00762727 0.000384271 0.0190522 0.0134759 0.0244342 0.0118852 0.0325186 
0.0152048 0.0114091 0.100302 0.0113169 0.0141315 0.000628441 0.00416801 0.733461 0.00762727 0.000384271 0.0190522 0.0134759 0.0244342 0.0118852 0.0325186 
0.128287 0.00241584 0.121978 0.0344123 0.0063667 0.00541538 0.0267404 0.375962 0.00369032 0.000336882 0.0339277 0.0150348 0.139959 0.045785 0.0596884 
0.0477127 0.084684 0.299835 0.0316839 0.00495874 0.000142979 0.00895483 0.343501 0.00264163 0.000860522 0.102413 0.0116685 0.0323354 0.0157261 0.0128812 
0.0585982 0.00200192 0.0537548 0.0597054 0.00105649 0.00150738 0.0337291 0.555869 8.06312e-05 9.52439e-05 0.0133439 0.00553052 0.0984573 0.0989174 0.0173524 
0.0437487 0.00134828 0.134971 0.131316 0.0132341 0.00316873 0.000807836 0.515822 0.000390485 0.0295607 0.0739198 0.00129897 0.0174154 0.0165338 0.016464 
0.0378342 0.00164726 0.178668 0.00748543 0.0039721 0.000105645 0.0013951 0.69712 0.00175862 0.00163811 0.0381485 0.00415125 0.00481947 0.00852738 0.0127291 
0.0668276 0.00839371 0.11968 0.0285723 0.0039123 0.00557149 0.0151763 0.312523 0.0120221 0.000379614 0.122757 0.0988341 0.103895 0.037813 0.0636426 
0.066019 0.00409118 0.152057 0.0819489 0.0117698 0.00123642 0.0133848 0.479449 0.000161141 0.000181139 0.0795674 0.0125088 0.0365078 0.0246496 0.0364683 
0.194174 0.00249747 0.0986424 0.0280092 0.0106113 0.000420628 0.0292225 0.34109 0.0012003 0.000343937 0.0648167 0.0253117 0.0587038 0.0559911 0.0889655 
0.0875101 0.00363422 0.131411 0.0261341 0.0052293 0.000245667 0.00808002 0.505703 0.00683107 0.000552369 0.0506553 0.0224722 0.018611 0.101155 0.0317758 
0.0152048 0.0114091 0.100302 0.0113169 0.0141315 0.000628441 0.00416801 0.733461 0.00762727 0.000384271 0.0190522 0.0134759 0.0244342 0.0118852 0.0325186 
0.0967123 0.00467816 0.143613 0.036335 0.00137888 0.00042808 0.0140725 0.519869 2.41579e-05 0.000424236 0.0356736 0.0446291 0.0229442 0.0354917 0.0437255 
0.0731917 0.00602801 0.0539021 0.0127576 0.00891057 0.000157977 0.0525569 0.59511 7.10168e-05 0.000510662 0.0230554 0.0352165 0.0502495 0.0623519 0.02593 
0.135755 0.00662845 0.129357 0.0417356 0.00686421 0.000218492 0.187555 0.251393 0.0111207 0.000767571 0.0285068 0.00486877 0.0667536 0.0311028 0.097373 
0.0733023 0.017497 0.285309 0.0195225 0.00235323 3.26002e-05 0.00553692 0.489711 8.11062e-05 0.0295732 0.0163033 0.00143076 0.0365702 0.00519389 0.017583 
0.036568 0.00944921 0.183448 0.0264311 0.00967426 0.00025638 0.0107566 0.591084 0.0218592 0.00106517 0.0300821 0.0124605 0.0194713 0.0199682 0.0274264 
0.104572 0.00530662 0.177379 0.042655 0.00510599 0.000579175 0.0544869 0.443126 0.000866528 0.0180555 0.0487965 0.0176942 0.0208902 0.026405 0.0340812 
0.0516423 0.0176518 0.191477 0.0522711 0.0110955 0.000477815 0.039576 0.389812 0.00655581 0.000308724 0.0462194 0.0125504 0.10669 0.0261623 0.0475101 
0.0152048 0.0114091 0.100302 0.0113169 0.0141315 0.000628441 0.00416801 0.733461 0.00762727 0.000384271 0.0190522 0.0134759 0.0244342 0.0118852 0.0325186 
0.0759311 0.0491421 0.108947 0.00932963 0.0165638 9.7799e-05 0.0170058 0.539566 0.0027452 0.000657515 0.0391594 0.032453 0.0262154 0.0451348 0.0370511 
0.135443 0.00515312 0.138253 0.00671593 0.00173766 0.000655802 0.0148942 0.533532 0.000503092 0.0150277 0.0311444 0.0162053 0.0391 0.0379623 0.0236721 
0.107242 0.00529371 0.31862 0.00533496 0.00575141 0.000220742 0.00711668 0.34457 1.09416e-05 0.000790748 0.0291369 0.0390708 0.00370148 0.125637 0.00750167 
0.0364176 0.000769846 0.217447 0.0204417 0.00181303 3.18606e-05 0.00282423 0.630784 2.68266e-05 0.00093891 0.0148319 0.0116542 0.00879735 0.0160725 0.0371486 
0.0403475 0.044866 0.325885 0.0191215 0.0299323 0.000765103 0.00428219 0.32976 0.00239924 0.000565277 0.130354 0.00770112 0.0314754 0.0211054 0.0114397 
0.133415 0.0413576 0.173078 0.0269739 0.0160078 0.000237622 0.00243427 0.369245 0.00259508 0.00160208 0.0182233 0.010738 0.0442961 0.102326 0.0574701 
0.307433 0.00254945 0.0898114 0.0153552 0.00459802 0.000741707 0.0127754 0.320553 0.000173677 0.000106519 0.0390126 0.034635 0.0215181 0.0453913 0.105346 
0.0525333 0.00873581 0.150113 0.0317926 0.019193 0.000595962 0.0106979 0.403519 1.79607e-05 0.00329239 0.11837 0.00689641 0.0810741 0.0380291 0.0751408 
0.0980185 0.00013631 0.14635 0.0203687 0.00854398 6.66679e-05 0.00736149 0.450827 0.00011753 0.00684459 0.172786 0.00340149 0.0197062 0.0137767 0.051695 
0.139091 0.01231 0.114463 0.0434916 0.00342145 0.000735077 0.140069 0.296548 0.012692 0.000418916 0.0648316 0.0310643 0.0569411 0.0349036 0.0490197 
0.0420987 0.00353477 0.151956 0.0273834 0.0032294 0.000210021 0.0159768 0.578434 2.49413e-05 0.000293409 0.0434887 0.018901 0.0503914 0.0466855 0.0173919 
0.055243 0.00369449 0.213418 0.114256 0.0100271 0.000509721 0.00475002 0.385779 0.00120361 0.00067891 0.116531 0.0131991 0.0351387 0.0108444 0.0347273 
0.044128 0.025949 0.130594 0.0271083 0.00473821 0.00495594 0.0207447 0.5158 0.00326141 6.64274e-05 0.0472232 0.0037611 0.103233 0.0396228 0.0288143 
0.0847247 0.0297376 0.179674 0.0371119 0.0229971 0.00110732 0.0887484 0.279426 0.00588072 5.40218e-05 0.0702719 0.0188026 0.0953874 0.0301392 0.0559366 
0.0884047 0.0280702 0.16604 0.01695 0.00435058 0.000697009 0.0037741 0.43751 0.00500355 8.08599e-06 0.035529 0.0115871 0.0809456 0.0888751 0.0322548 
0.274028 0.0100358 0.140219 0.0197095 0.00508489 0.000386624 0.00782808 0.33594 0.000202339 2.1677e-05 0.0465535 0.00589081 0.0861356 0.0227319 0.045232 
0.036568 0.00944921 0.183448 0.0264311 0.00967426 0.00025638 0.0107566 0.591084 0.0218592 0.00106517 0.0300821 0.0124605 0.0194713 0.0199682 0.0274264 
0.0768449 0.0774513 0.154777 0.164029 0.00121409 0.00590055 0.00678979 0.237873 0.00799894 0.00703088 0.0436544 0.00507583 0.159898 0.0193958 0.0320665 
0.0525546 0.00219777 0.276878 0.0139868 0.00601565 0.000261215 0.00351913 0.548084 0.00226943 0.00184315 0.0494882 0.0108537 0.00649952 0.01101 0.0145381 
0.132722 0.00159424 0.089607 0.0472586 0.00838143 0.000293235 0.0229504 0.481799 0.0220623 0.000229519 0.0499123 0.0443955 0.0193915 0.0222709 0.0571321 
0.140185 0.00397459 0.158095 0.0100748 0.00288282 0.000449745 0.0270047 0.333431 0.00178602 0.000101957 0.0862996 0.0127086 0.0336504 0.0640683 0.125288 
0.0565499 0.0013173 0.122981 0.0130945 0.00127784 4.85708e-05 0.0026602 0.602701 0.000687339 0.000117246 0.019329 0.0314431 0.0701203 0.0327946 0.0448781 
0.0784203 0.0093327 0.092451 0.0359691 0.00254346 0.000660364 0.00790867 0.573528 0.000514024 0.000469892 0.0509839 0.0322008 0.0187299 0.0766009 0.0196873 
0.0947667 0.0570709 0.214388 0.0106341 0.00522161 0.00051625 0.00532252 0.311698 6.90013e-05 0.000330468 0.226582 0.0138067 0.0220087 0.0218402 0.0157447 
0.0741967 0.00380939 0.116514 0.0588104 0.011286 0.00013224 0.0166064 0.496126 3.21783e-05 0.00208518 0.0384973 0.00360259 0.0397451 0.0991997 0.0393569 
0.0456549 0.0713506 0.153324 0.0216107 0.00424716 0.0014717 0.112791 0.228124 0.00512158 8.59619e-05 0.0508708 0.023057 0.13038 0.120381 0.0315308 
0.0538139 0.0250685 0.0730303 0.0379068 0.00412207 0.00538077 0.0627053 0.448453 0.00734436 0.0169809 0.023317 0.0191819 0.120773 0.0543636 0.0475589 
0.0623215 0.00905961 0.127745 0.0366489 0.00119526 0.00102219 0.0271105 0.62922 0.00204909 6.52706e-05 0.0235232 0.00310051 0.031594 0.0201042 0.025241 
0.101425 0.0248709 0.118473 0.0609125 0.00683076 0.0017517 0.0436486 0.287489 0.0323829 0.000439514 0.108286 0.00744917 0.100349 0.0507139 0.0549784 
0.0219342 0.0106964 0.115565 0.0166661 0.00306815 0.0162565 0.0139021 0.630157 0.0307461 0.000202723 0.0255308 0.0118215 0.0591837 0.00781881 0.036451 
0.090251 0.00876655 0.13228 0.108261 0.0219915 0.000321994 0.0169501 0.164246 0.000759342 0.000226775 0.147114 0.0312613 0.0779213 0.157711 0.0419381 
0.0766018 0.00815566 0.219814 0.0578288 0.00279149 0.00189914 0.0141237 0.395295 0.00148839 0.000147899 0.0672452 0.0122494 0.0657735 0.0344862 0.0421004 
0.0627416 0.0122153 0.252718 0.023749 0.00731118 0.00114779 0.00821009 0.312868 0.00916777 0.000201279 0.118998 0.00754866 0.096637 0.0468174 0.0396685 
0.0179206 0.0146429 0.0982574 0.0123714 0.000471792 0.0092549 0.021628 0.576934 0.00645516 0.000105425 0.010216 0.0672014 0.0572329 0.0206225 0.0866851 
0.197072 0.00318234 0.162301 0.016081 0.00272674 7.84703e-05 0.01327 0.378771 0.0446254 4.93041e-05 0.0226039 0.0705329 0.0603941 0.0115295 0.0167826 
0.0152048 0.0114091 0.100302 0.0113169 0.0141315 0.000628441 0.00416801 0.733461 0.00762727 0.000384271 0.0190522 0.0134759 0.0244342 0.0118852 0.0325186 
0.072688 0.00288104 0.137929 0.0110226 0.00502343 0.000551362 0.256942 0.405994 9.78027e-05 0.000298988 0.0251769 0.00647907 0.0145397 0.0327828 0.0275927 
0.143128 8.84466e-05 0.080205 0.00254295 0.00113599 0.000114005 0.00202591 0.665522 0.00050271 2.37839e-05 0.0144027 0.0230594 0.00761574 0.048292 0.0113412 
0.0730791 0.0077536 0.100125 0.0264857 0.00724532 0.00122444 0.0781622 0.479907 0.00250526 0.00122727 0.0449915 0.0219978 0.05194 0.0542796 0.0490768 
0.0789752 0.00720444 0.109796 0.00846685 0.00894155 0.000169429 0.0139322 0.476403 0.000108729 4.31459e-05 0.0133899 0.105315 0.0534765 0.121753 0.00202466 
0.0400661 0.0149458 0.135935 0.0846749 0.00247316 0.000308414 0.00349101 0.393845 0.000483921 0.00127246 0.256841 0.0121434 0.0135574 0.0182323 0.0217304 
0.0621548 0.0672161 0.18879 0.0499513 0.0326968 0.00118114 0.0294818 0.230488 0.0118522 0.000128217 0.185361 0.0286036 0.0355711 0.0338409 0.0426838 
0.19524 0.00366123 0.148263 0.0142288 0.00259858 0.00861942 0.00310126 0.381646 0.0746974 0.000241871 0.0532561 0.00388489 0.0600677 0.0194542 0.0310393 
0.060949 0.0165778 0.131431 0.00610776 0.00334592 0.00123114 0.0331977 0.310601 0.152882 2.72097e-05 0.0154776 0.0345121 0.169978 0.0376816 0.026 
0.0503403 0.0066895 0.236338 0.051031 0.00648402 0.000204463 0.01799 0.474814 0.0116492 0.00245443 0.041064 0.0146543 0.0406575 0.0225716 0.0230572 
0.0759522 0.00327685 0.157831 0.0323832 0.0129416 0.000747916 0.00439094 0.482841 0.0164257 0.000142949 0.0815001 0.0116519 0.0318664 0.0149028 0.0731458 
0.0737233 0.00105049 0.108756 0.013229 0.00178461 0.000826342 0.0241239 0.657544 3.8355e-05 0.000726401 0.0267802 0.0104846 0.0408218 0.027979 0.0121323 
0.0368934 0.0023664 0.0976318 0.00981495 0.00217457 0.0012187 0.0304539 0.649867 0.000674831 0.0122126 0.0169766 0.00729115 0.00974875 0.0169839 0.105692 
0.172192 0.00246858 0.122824 0.0177882 0.0873299 0.00218369 0.0378883 0.302457 8.96627e-05 0.000141427 0.0672152 0.0440401 0.0268962 0.0582039 0.0582818 
0.0627416 0.0122153 0.252718 0.023749 0.00731118 0.00114779 0.00821009 0.312868 0.00916777 0.000201279 0.118998 0.00754866 0.096637 0.0468174 0.0396685 
0.0714666 0.03201 0.181262 0.0369726 0.0150341 0.000758738 0.0232051 0.358054 0.01983 0.000593143 0.0982396 0.0169538 0.0765441 0.0361597 0.0329163 
0.060949 0.0165778 0.131431 0.00610776 0.00334592 0.00123114 0.0331977 0.310601 0.152882 2.72097e-05 0.0154776 0.0345121 0.169978 0.0376816 0.026 
0.183645 0.0251784 0.206261 0.0357579 0.0150236 0.00375205 0.0174173 0.246885 0.00655189 0.000364994 0.123734 0.0134755 0.0452786 0.0414295 0.0352453 
0.0696777 0.0096685 0.18616 0.141307 0.0031598 0.00039899 0.0128306 0.431585 0.00681376 8.43451e-05 0.0216623 0.023175 0.0275132 0.0387811 0.0271832 
0.0589847 0.00284071 0.0952866 0.0635084 0.0126426 0.00191467 0.00543535 0.409743 0.000341957 0.000133842 0.0903022 0.070499 0.0487154 0.0597153 0.0799359 
0.0523633 0.0157711 0.174933 0.0148084 0.0214016 0.00038265 0.0797184 0.267996 0.0124011 1.27959e-05 0.0792475 0.118157 0.0985355 0.0538142 0.0104575 
0.0152048 0.0114091 0.100302 0.0113169 0.0141315 0.000628441 0.00416801 0.733461 0.00762727 0.000384271 0.0190522 0.0134759 0.0244342 0.0118852 0.0325186 
0.163024 0.00406525 0.149 0.00905032 0.0114856 0.000539429 0.00168932 0.551124 1.1764e-05 0.000280291 0.0436765 0.0184963 0.0114254 0.0256311 0.0104995 
0.036568 0.00944921 0.183448 0.0264311 0.00967426 0.00025638 0.0107566 0.591084 0.0218592 0.00106517 0.0300821 0.0124605 0.0194713 0.0199682 0.0274264 
0.0548795 0.00967007 0.171721 0.0288442 0.00357163 0.00135206 0.0333884 0.328735 0.00884315 2.06619e-05 0.0395033 0.0346352 0.13944 0.0189253 0.12647 
0.100904 0.0149832 0.193383 0.0294836 0.00418117 0.000392852 0.0176759 0.410425 0.00011457 6.81582e-05 0.057878 0.00806154 0.0506984 0.0928858 0.0188656 
0.157059 0.00411058 0.166869 0.0220343 0.0107872 0.00026823 0.0163106 0.441636 0.0050462 0.000689883 0.0472787 0.0152882 0.0208045 0.0299407 0.0618767 
0.0782891 0.0211317 0.29501 0.0196308 0.00189453 0.00125494 0.00483442 0.336313 0.00810564 0.00518684 0.0425346 0.0111212 0.0703074 0.0802978 0.0240879 
0.0874663 0.00316372 0.165757 0.0352097 0.0152672 0.000509952 0.0152757 0.462414 0.000232135 0.000161915 0.0760161 0.0136119 0.0272436 0.0776969 0.019974 
0.157646 0.0110444 0.0995447 0.0283312 0.00539172 0.000186213 0.029382 0.256805 0.00065099 8.63186e-05 0.0399786 0.04075 0.0736431 0.116645 0.139915 
0.0965345 0.00133379 0.283552 0.0188669 0.00165191 0.00232957 0.00249156 0.301443 1.30965e-05 0.000760968 0.104367 0.00398753 0.0205599 0.024132 0.137976 
0.0373805 0.00323893 0.167108 0.0421721 0.0159105 1.50429e-05 0.0007418 0.569364 0.00634581 4.67347e-05 0.0465355 0.0056943 0.0889084 0.00776049 0.00877813 
0.0772832 0.0182479 0.154871 0.0258794 0.0269063 0.000454997 0.0133734 0.378888 0.00502392 0.000150505 0.111579 0.00880786 0.0434172 0.0361 0.0990177 
0.13674 0.00434837 0.124931 0.022135 0.00680854 0.000950189 0.0410401 0.42348 0.0142428 9.85267e-05 0.0616139 0.0403732 0.0221315 0.0347765 0.0663304 
0.072688 0.00288104 0.137929 0.0110226 0.00502343 0.000551362 0.256942 0.405994 9.78027e-05 0.000298988 0.0251769 0.00647907 0.0145397 0.0327828 0.0275927 
0.0556164 0.0171441 0.113597 0.0425735 0.000938675 0.00206082 0.0784912 0.455676 0.00428176 1.62194e-05 0.0460255 0.0113955 0.0197435 0.0361524 0.116288 
0.139461 0.00323896 0.232068 0.0121318 0.00715891 0.000244983 0.00519268 0.293439 0.000988497 0.000122393 0.0627174 0.0408707 0.0501088 0.0507051 0.101551 
0.0502239 0.0262229 0.252024 0.0407716 0.0134062 0.00085936 0.003673 0.347136 0.0010568 0.00661904 0.109522 0.0317581 0.0639154 0.0294013 0.0234106 
0.154479 0.0216683 0.150769 0.0272528 0.00396086 0.00103311 0.0843763 0.202362 0.00205604 2.76856e-05 0.019408 0.0712479 0.0737562 0.0867079 0.100894 
0.0299219 0.0314464 0.0829267 0.102779 0.00345861 0.00268317 0.0278053 0.437462 0.00911362 0.000286897 0.0874205 0.00503637 0.126332 0.0172784 0.03605 
0.132566 0.00357048 0.19535 0.0386266 0.0120019 0.000633079 0.0077329 0.340689 0.0100799 0.00027235 0.105882 0.00642378 0.0313448 0.0390064 0.075821 
0.089498 0.0128618 0.269383 0.0765193 0.00488578 0.00755705 0.0117319 0.29976 0.00765645 6.64302e-05 0.112026 0.00467804 0.0280841 0.0313929 0.0438995 
0.216733 0.00724628 0.264348 0.0126029 0.0257151 0.000925222 0.00226788 0.328792 0.000682247 0.000167569 0.0520781 0.0155553 0.0122876 0.040658 0.0199406 
0.0757808 0.0883751 0.18743 0.0608135 0.00665885 0.00133885 0.0250106 0.232749 0.0223533 0.000135425 0.148299 0.0122353 0.072483 0.0328675 0.0334693 
0.135075 6.44462e-05 0.0899437 0.0696606 0.00147897 0.0458025 0.0293851 0.399973 3.04741e-06 0.000753107 0.116236 0.020532 0.00309535 0.0132594 0.0747373 
0.0414058 0.00757273 0.174484 0.0256587 0.00452388 0.000999888 0.0103746 0.562318 0.00169033 0.000404861 0.058983 0.00772171 0.030892 0.0162558 0.0567153 
0.0741835 0.0341635 0.187625 0.0912228 0.00901183 0.000775833 0.0115108 0.340106 0.0147602 6.66279e-05 0.0659143 0.0179859 0.0834604 0.0291437 0.0400693 
0.0677323 0.00845682 0.0747461 0.0194746 0.0516254 0.000170887 0.0486306 0.290394 0.00317181 0.000197562 0.0656029 0.197508 0.021365 0.126053 0.0248718 
0.0883569 0.0436206 0.139808 0.0338858 0.0160175 0.00214898 0.0348934 0.215342 0.00571301 8.42725e-06 0.081264 0.0385531 0.127715 0.0995189 0.0731537 
0.139113 0.000602287 0.112639 0.0276103 0.0172617 0.000602264 0.0176747 0.450953 2.69791e-05 0.000717902 0.0334842 0.0140186 0.0400577 0.045378 0.09986 
0.0565309 0.0364732 0.239255 0.0248624 0.00277462 0.00154646 0.0147193 0.443169 0.00297709 1.91116e-05 0.0362044 0.00569779 0.0438502 0.0389528 0.0529673 
0.0697564 0.00255851 0.0779118 0.047004 0.00140083 0.0820942 0.00372405 0.581844 9.3314e-05 0.0168718 0.0270535 0.0047014 0.0398442 0.0281039 0.0170386 
0.287932 0.000466804 0.031563 0.0118728 0.0105857 6.81398e-05 0.00471521 0.353479 0.000300937 3.85507e-06 0.0255823 0.0329099 0.0468095 0.0929612 0.100749 
0.0602903 0.00156767 0.355698 0.025588 0.00685632 0.00152941 0.00121474 0.366233 0.000377424 0.00126074 0.0576148 0.0705477 0.0185597 0.017539 0.0151235 
0.105613 0.00188281 0.176944 0.0128784 0.00311291 9.36014e-05 0.0365633 0.513877 0.000184632 0.000156249 0.0439743 0.019847 0.0346518 0.0387127 0.0115082 
0.0579388 0.000940061 0.314363 0.027869 0.00130441 8.59221e-05 0.0150151 0.34198 0.000157359 0.00744131 0.140319 0.015387 0.0150046 0.0276722 0.0345224 
0.0672505 0.0209081 0.258323 0.020909 0.0011902 0.00330532 0.00316518 0.286517 0.00366073 6.87514e-05 0.0381004 0.00359384 0.216193 0.0474511 0.0293644 
0.184011 0.00149583 0.133009 0.0082809 0.0102392 0.000412748 0.0306658 0.286796 0.000307148 6.53374e-05 0.0549983 0.0709751 0.0284119 0.131363 0.0589689 
0.0152048 0.0114091 0.100302 0.0113169 0.0141315 0.000628441 0.00416801 0.733461 0.00762727 0.000384271 0.0190522 0.0134759 0.0244342 0.0118852 0.0325186 
0.0800164 0.0971544 0.154745 0.0246388 0.0145122 0.00150608 0.00510876 0.302571 0.000322545 0.000300164 0.135939 0.0401917 0.00772582 0.0359667 0.0993017 
0.0152048 0.0114091 0.100302 0.0113169 0.0141315 0.000628441 0.00416801 0.733461 0.00762727 0.000384271 0.0190522 0.0134759 0.0244342 0.0118852 0.0325186 
0.285593 0.00194576 0.186017 0.00911172 0.0122034 0.000317193 0.00208107 0.375928 0.000213362 0.000193313 0.0649917 0.00737608 0.0130884 0.0237744 0.0171651 
0.146053 0.00381103 0.187107 0.0510534 0.00608329 0.00656538 0.00952817 0.399366 0.0026265 0.000261386 0.0364179 0.00879575 0.018284 0.0460066 0.0780407 
0.097335 0.00160769 0.107183 0.014997 0.00873217 0.00135123 0.00663352 0.49701 0.000622637 0.000174587 0.10432 0.0383855 0.0229566 0.0663675 0.0323236 
0.0970796 0.0069477 0.218331 0.0335683 0.00768784 0.00756528 0.00490242 0.332713 0.00419039 0.000459299 0.0973873 0.0302362 0.0333691 0.0609669 0.0645953 
0.0742159 0.0095333 0.156089 0.0256652 0.0290267 0.00636138 0.0133868 0.334087 0.00913681 0.000911513 0.0790937 0.0696847 0.0553911 0.0915785 0.0458389 
0.0666132 0.0118752 0.111443 0.0156043 0.0141785 0.00245243 0.0939662 0.477302 0.0107208 0.00265198 0.0518897 0.00868642 0.0666525 0.0242864 0.0416775 
0.0537744 0.00569322 0.187281 0.0121265 0.00563373 0.000595715 0.0834139 0.428647 6.33686e-05 0.000351403 0.0723804 0.0534881 0.0253726 0.0329594 0.03822 
0.0432138 0.00942836 0.151436 0.0392645 0.00414011 0.00509857 0.0463646 0.365535 0.000332185 0.000263202 0.066064 0.0191879 0.202071 0.0271781 0.0204228 
0.072688 0.00288104 0.137929 0.0110226 0.00502343 0.000551362 0.256942 0.405994 9.78027e-05 0.000298988 0.0251769 0.00647907 0.0145397 0.0327828 0.0275927 
