0.167139 0.04894 0.000612612 0.0182771 0.0360957 1.0636e-05 0.00033274 0.00170142 0.393219 0.000480875 0.0734225 0.0734035 0.145647 0.0011024 0.0396151 
0.0223733 0.000295016 0.00155103 0.166683 0.0766902 0.000301625 0.0892543 0.000262621 0.217015 0.0115033 0.0946894 0.111561 0.160034 0.0375621 0.0102248 
0.0394441 9.84172e-07 3.03893e-07 0.0258507 0.0962588 1.13018e-06 0.00425429 4.79334e-06 0.639356 0.112733 0.0370807 0.0351551 0.000477596 9.1394e-07 0.00938155 
0.0652888 0.00811997 1.32234e-05 0.0115017 0.00591099 2.52599e-06 0.000473789 0.00954034 0.629557 0.000258746 0.0264569 0.074842 0.150355 0.00046471 0.0172144 
2.91161e-05 1.252e-07 7.26819e-07 0.0301796 0.0206779 0.00729487 0.0439291 4.9681e-06 0.847744 5.77728e-05 0.00369828 0.00812737 0.0380725 7.48819e-08 0.000184019 
0.0614622 1.89839e-05 0.00453809 0.0728843 0.00440639 4.01764e-05 0.0329205 0.000152829 0.45106 0.0103279 0.0669911 0.209826 0.0824767 0.00233216 0.000563291 
0.160741 0.0543783 1.83489e-06 0.0546766 0.0351312 9.1427e-06 0.00294767 0.0022743 0.313365 0.0104206 0.0689103 0.17326 0.087078 0.0120398 0.0247659 
0.0498125 0.00560333 2.35928e-07 0.120362 0.0430193 1.24659e-05 0.105486 0.00330424 0.374665 0.00759813 0.0569369 0.04741 0.053337 9.92168e-05 0.132354 
0.0441051 0.000462544 8.09902e-05 0.0992458 0.0474965 0.000324332 0.0198195 0.000868534 0.397879 0.0138423 0.105442 0.0312623 0.21123 0.0114393 0.0165015 
0.00202358 4.02114e-05 3.2133e-05 0.0344898 0.118423 0.00246522 0.09327 5.4944e-06 0.47289 0.0207838 0.0545806 0.144833 0.0329227 0.011684 0.0115569 
0.0175239 0.00764716 3.04391e-05 0.038959 0.058777 0.00433683 0.035449 0.00188673 0.370236 0.00913876 0.186667 0.199757 0.0208405 0.00624164 0.0425091 
0.200886 0.0163938 1.51269e-08 0.0185546 0.0091782 0.000643987 0.000886815 0.0123713 0.347475 0.00113883 0.135538 0.193502 0.0226171 0.000795241 0.0400189 
0.0419703 0.00760309 5.01091e-06 0.047074 0.00981768 0.00010242 0.0428533 0.00391987 0.428183 0.00352185 0.0674213 0.279243 0.0238833 0.00120883 0.0431922 
0.00264356 0.000268673 3.1037e-06 0.0933922 0.0339504 0.000762422 0.030174 1.40976e-05 0.45885 0.0036379 0.0726805 0.0813803 0.0563469 0.00108084 0.164815 
6.20597e-06 5.3745e-06 3.12003e-05 0.00151687 0.000159987 0.00173503 0.00153087 2.13133e-05 0.993431 0.000282074 0.000273917 0.000108615 0.000493133 3.21447e-06 0.000401548 
0.00688002 0.00123275 0.000450087 0.150778 0.0404238 0.000687761 0.0626806 0.00079542 0.542777 0.0111646 0.0487473 0.0330415 0.0348949 0.0270588 0.0383876 
0.0315991 0.0159521 3.08984e-06 0.0440856 0.0336792 0.000593497 0.00214209 0.00365374 0.408544 0.00292605 0.129279 0.185917 0.0720931 0.0135086 0.0560236 
0.00259261 1.0266e-06 0.000222121 0.0119856 0.0114103 0.000109098 4.45214e-05 0.00122159 0.717507 0.0181605 0.0482215 0.156311 0.030065 7.7989e-05 0.00207047 
0.000305996 0.00767375 0.00012949 0.127853 0.0449221 0.000475652 0.00574697 7.33628e-05 0.351473 0.015069 0.194029 0.191167 0.0136138 0.046332 0.0011356 
0.000952818 3.42132e-05 2.86359e-06 0.0538096 0.0144857 4.86282e-05 0.060263 3.75372e-06 0.831507 1.88843e-05 0.0200759 0.00213265 0.0113232 1.31442e-05 0.00532859 
0.00561663 3.62002e-05 5.60165e-05 0.100644 0.0099716 0.00118295 0.0886316 6.65201e-05 0.507904 0.00573804 0.163242 0.0695164 0.0361696 0.00703991 0.00418466 
0.000230634 0.0293955 0.000122166 0.019132 0.0676155 0.0142758 0.0200417 2.07831e-05 0.513372 0.0189389 0.22215 0.0603355 0.012426 0.000398612 0.021545 
0.000879086 5.08267e-06 9.44506e-06 0.0263566 0.0570139 7.32987e-05 0.000918925 0.000548384 0.557226 0.00495699 0.214809 0.0962114 0.0366277 0.00409859 0.000265425 
0.0165838 0.0101124 0.00402572 0.166968 0.043649 0.00174681 0.0128528 0.00327364 0.234176 0.0152796 0.221804 0.133653 0.109862 0.01394 0.0120735 
0.00552717 0.000304002 5.97141e-05 0.102552 0.0362157 0.00137689 0.00397304 0.000852492 0.275271 0.00415498 0.173387 0.216998 0.166998 0.00785014 0.004479 
0.00147872 7.39579e-05 1.11174e-05 0.0799697 0.0116744 0.000189006 0.0423413 1.45816e-05 0.806684 7.34008e-05 0.00558307 0.0190698 0.0220897 5.10904e-05 0.010696 
0.0151276 0.00298044 0.000236984 0.0871629 0.0448894 0.00214273 0.0221108 0.00459876 0.215128 0.00921581 0.210261 0.19203 0.0617583 0.0123585 0.119998 
0.0119493 0.00230928 9.52271e-05 0.0134908 0.00888211 1.78736e-05 0.0129445 0.000722008 0.604553 0.0018665 0.0209882 0.0284842 0.260072 0.00171798 0.0319064 
0.0425009 0.00425032 3.78571e-05 0.0951882 0.0143334 0.00011488 0.0973872 0.00127238 0.236359 0.00234945 0.172748 0.185733 0.0748466 0.000524351 0.0723548 
0.00729794 0.000517589 0.000131894 0.0718533 0.0468905 9.17494e-05 0.00181929 0.000985822 0.608655 0.031418 0.1269 0.0587039 0.025669 0.01581 0.00325567 
0.10063 0.052741 9.39855e-09 0.0766995 0.0256264 0.000582807 0.00598188 0.00188226 0.313742 0.00421722 0.0446553 0.230994 0.113 0.00170441 0.0275433 
0.0483407 0.00943107 7.82128e-06 0.0816591 0.0262236 1.04024e-06 0.00320018 0.000331457 0.477672 0.0268529 0.0815363 0.0902055 0.11856 0.000140265 0.0358383 
0.0408375 0.00516823 0.000342622 0.0078277 0.00696006 4.5688e-05 0.00552109 0.00158645 0.601169 0.000185118 0.030875 0.0432878 0.110645 0.00229958 0.143249 
0.000760433 0.00677379 7.44784e-07 0.321474 0.120254 3.2152e-05 0.000196665 0.0014856 0.363791 0.0144212 0.124144 0.0285471 0.0157764 0.000869172 0.00147315 
0.000245634 1.68662e-05 3.50306e-05 0.104338 0.0968841 3.92186e-05 0.00892882 5.88861e-05 0.359239 0.0441824 0.0968808 0.242913 0.0267727 0.0190922 0.00037322 
0.0530633 0.00531793 2.07989e-05 0.0445271 0.0761066 0.00223167 0.00016496 0.00130316 0.235063 0.0912523 0.0689992 0.206813 0.0496582 0.0010776 0.164401 
0.00747071 0.0105124 0.00659201 0.00448854 0.00552307 0.0030294 0.00389735 0.00318471 0.603868 0.00733879 0.0300051 0.210207 0.0987914 0.00351523 0.00157578 
0.0358526 0.0023321 4.50193e-06 0.015383 0.00831747 0.00046966 0.00240113 5.87645e-05 0.657961 0.000553593 0.0309613 0.23104 0.00509559 0.00884923 0.000719807 
0.00226224 6.8083e-05 0.00102556 0.0778313 0.0849001 0.00346047 0.0371226 0.00058658 0.394983 0.00783667 0.248442 0.0671609 0.0476364 0.00365651 0.0230269 
0.000850358 1.04036e-05 0.000346083 0.0950816 0.00198306 0.000274332 0.00788035 0.000182708 0.724316 0.000860758 0.110868 0.050032 0.00670187 0.000441553 0.000170423 
0.0110723 0.00103251 3.49364e-07 0.0205702 0.0505806 0.000197378 0.177291 4.42079e-06 0.544091 0.00850441 0.0588609 0.0293792 0.0556841 0.000175379 0.0425567 
0.027605 0.00215627 5.92007e-07 0.0246224 0.0092497 2.1988e-05 0.173317 0.00469962 0.382882 0.00702179 0.22714 0.0998955 0.0345752 0.00306255 0.00374953 
0.0155254 0.00590244 4.2355e-05 0.034646 0.0528972 0.0031826 0.0294643 0.00129621 0.319319 0.056623 0.229013 0.206592 0.0183243 0.0192208 0.00795095 
0.00694363 6.65817e-06 7.70735e-10 0.0369103 0.121318 3.25587e-07 0.00453313 4.33312e-05 0.698464 0.0099329 0.0564519 0.0187977 0.045679 0.000527885 0.00039167 
0.012246 0.00019161 1.76635e-05 0.0155128 0.0108264 0.00069093 0.0711433 0.000324135 0.425789 0.00188046 0.0438636 0.275875 0.128158 0.00101227 0.0124696 
0.141974 0.0114494 1.11252e-05 0.0412491 0.0686425 1.81427e-05 0.0297602 0.0908628 0.214556 0.00454276 0.06475 0.12634 0.0679086 0.00982178 0.128113 
0.0063861 0.00121173 4.24675e-05 0.0683096 0.0382982 0.000507751 0.00614247 0.00117894 0.259531 0.00860201 0.225109 0.256172 0.0797046 0.014769 0.034035 
0.000662976 0.000336453 8.3699e-05 0.013985 0.0039185 0.00391867 0.0618844 0.000844668 0.634217 0.00310838 0.140782 0.0458018 0.0852684 0.000996067 0.0041922 
0.0386324 0.0064117 0.0206862 0.121434 0.0387091 4.85454e-05 0.0522178 0.00572997 0.37087 0.00552334 0.0863682 0.144637 0.0678006 0.0166297 0.0243018 
0.0603964 0.0703937 3.28096e-06 0.0179462 0.000639298 1.43524e-06 0.00306717 0.0045222 0.562829 0.000289363 0.0344645 0.085 0.0975575 0.000638328 0.062252 
0.156898 0.0117948 1.05773e-06 0.00504754 0.00227863 1.92421e-06 0.0116007 0.00544137 0.325783 1.12239e-05 0.0196894 0.167638 0.0799093 0.00045583 0.21345 
0.0937734 0.0206623 7.06986e-05 0.0512256 0.0101196 7.1086e-05 0.0234641 0.170271 0.279536 0.00333658 0.040615 0.232706 0.0259453 0.011563 0.0366402 
0.0305632 0.00687765 9.13862e-06 0.0444216 0.112652 0.00138694 0.0958623 0.000377029 0.259685 0.00501158 0.141732 0.202419 0.0400902 0.00589334 0.0530183 
0.0404722 0.0547351 0.000119667 0.046169 0.0100408 0.000200563 0.0396924 0.00251164 0.578485 0.00267611 0.0350333 0.083428 0.0655448 0.00161873 0.0392732 
0.00104484 1.32946e-05 6.62416e-06 0.0834308 0.0383544 0.00037133 0.055189 9.13012e-06 0.759915 0.00779647 0.00405273 0.00865328 0.0403084 2.77228e-06 0.000852454 
0.00398677 0.0021776 6.96369e-05 0.0411182 0.0379431 0.00222797 0.0108573 0.000956852 0.385133 0.0569946 0.206813 0.188642 0.0116431 0.0256013 0.025835 
0.0766959 0.00555851 1.8196e-05 0.0102718 0.0370441 0.00625965 0.000168661 0.00542319 0.236469 0.0127082 0.236332 0.227555 0.107194 0.00350693 0.0347958 
0.100108 0.0231421 1.30576e-06 0.0700588 0.0459441 0.0196851 0.0759464 0.00110877 0.168293 0.155622 0.117141 0.164227 0.0292391 0.00919808 0.0202853 
0.00481367 6.8397e-09 1.89554e-08 0.104467 0.162254 0.00405181 0.0111035 0.000344449 0.348159 0.0064814 0.0181159 0.313829 0.0152482 0.00572651 0.00540554 
0.00558944 5.11715e-06 6.70162e-09 0.0162938 0.0761195 0.058156 0.300651 8.49178e-06 0.37339 0.00761149 0.0485433 0.0531586 0.031711 0.000401948 0.0283608 
0.015247 0.00664177 6.30073e-08 0.0687235 0.107272 9.02033e-05 0.00217427 0.00678622 0.443851 0.0287242 0.101796 0.14173 0.0526898 0.0143766 0.00989692 
0.0023229 0.000365606 4.48578e-06 0.0117584 0.00823743 7.2008e-10 0.00480059 0.000142699 0.517108 0.000707292 0.0268232 0.394349 0.0276593 0.00117291 0.00454861 
0.000668799 8.54341e-06 0.000231161 0.146346 0.0123198 0.000923966 0.00503021 0.00434697 0.661376 0.00122064 0.0646959 0.0642023 0.0365106 0.00142013 0.000698571 
0.0769064 0.0526528 1.24849e-05 0.00765316 0.00536569 1.57577e-05 0.00424231 0.00117506 0.643398 0.000162874 0.00760796 0.0613889 0.110553 0.000654799 0.0282109 
0.00827986 0.00013602 2.92833e-05 0.0681118 0.0858664 0.00777138 0.0535381 9.08201e-05 0.483887 0.00652854 0.169472 0.0662873 0.0397305 0.00389587 0.00637463 
0.0367406 0.00554105 0.000218173 0.0961324 0.0620234 0.00439038 0.0086821 0.00193394 0.412113 0.014833 0.136138 0.157212 0.0240047 0.0100829 0.0299535 
0.00345145 2.6123e-07 9.72346e-07 0.0148862 0.119342 0.00225248 0.10148 2.21508e-08 0.616037 0.0385254 0.00851019 0.0366186 0.0210283 0.0206823 0.0171844 
0.0515248 0.113676 8.87002e-05 0.0646359 0.047403 0.000685791 0.00719926 0.000976467 0.361162 0.0337835 0.235225 0.0656726 0.00681266 0.00360254 0.00755229 
0.0550298 0.00862163 8.98155e-06 0.0487799 0.0349772 1.58942e-05 0.103958 0.00199185 0.326036 0.0087214 0.0564877 0.295576 0.0256766 0.000398652 0.0337202 
5.63998e-05 3.89558e-06 1.27784e-06 0.0275953 0.0101422 9.23697e-07 0.00349702 9.45929e-08 0.921909 0.0167726 0.014967 0.00305103 0.00177733 1.70634e-05 0.000208867 
0.000173858 0.0345259 0.000224946 0.116888 0.114962 0.00319648 0.00832914 1.87973e-05 0.324241 0.218972 0.117844 0.0369989 0.01988 0.00346149 0.000283562 
0.00415712 4.71032e-06 3.71106e-05 0.181501 0.201172 0.000201716 0.00951288 0.0525373 0.227506 0.0165676 0.159405 0.0837005 0.028731 0.0302445 0.00472152 
0.0168127 0.00281456 1.02924e-06 0.0633381 0.0180211 0.0669371 0.0358769 0.00147004 0.341502 0.00234345 0.0606858 0.265487 0.0561033 0.0500087 0.0185983 
0.000291044 3.57728e-06 4.76116e-05 0.0803282 0.0134572 5.57709e-06 0.0112596 1.72022e-05 0.437738 0.00132784 0.160934 0.272948 0.0124867 0.0015695 0.00758551 
0.00396905 9.50525e-05 0.00132941 0.127146 0.0200598 0.0680067 0.0590195 0.000996013 0.459497 0.00612525 0.0684311 0.0569425 0.106214 0.00664873 0.0155202 
0.0029646 0.000506126 4.25936e-06 0.0380954 0.0140071 0.000143173 0.00391549 0.00052431 0.404834 0.00212995 0.124317 0.336942 0.0550044 0.000203919 0.016408 
0.0321455 0.010239 1.4551e-06 0.0253145 0.00322194 0.00132485 0.000449848 0.00308245 0.432365 0.00464711 0.109321 0.232928 0.0845979 0.00398204 0.0563794 
0.000406935 5.07734e-06 6.32122e-09 0.244643 0.0722554 1.76443e-07 0.000209959 5.95384e-06 0.539397 0.00461364 0.0869387 0.0187654 0.0275084 0.000995865 0.00425521 
0.0602909 0.00495683 3.75132e-07 0.0193645 0.0367608 0.0244102 0.00139802 0.00186346 0.280811 0.00240619 0.248414 0.170458 0.0398052 0.00132035 0.10774 
0.0316072 0.0129286 7.88393e-06 0.0986576 0.0669714 0.00214738 0.0222625 0.00320058 0.22706 0.109174 0.22296 0.150381 0.0241823 0.00427768 0.0241821 
0.0023936 0.0173449 0.000163992 0.202543 0.0306596 0.0071157 0.0015122 0.0014037 0.302304 0.0045796 0.231603 0.141398 0.0294935 0.01012 0.0173652 
0.00186567 0.00119055 3.41336e-05 0.281504 0.147004 1.20931e-06 0.0514644 0.00214798 0.39318 0.000517147 0.071363 0.0231267 0.0223814 0.00246651 0.00175317 
0.00220984 7.99942e-06 6.73654e-07 0.0129342 0.00481279 3.14075e-09 0.0394642 6.8327e-05 0.549415 0.012588 0.000202569 0.368964 0.00260737 1.83046e-05 0.00670652 
0.0602909 0.00495683 3.75132e-07 0.0193645 0.0367608 0.0244102 0.00139802 0.00186346 0.280811 0.00240619 0.248414 0.170458 0.0398052 0.00132035 0.10774 
0.0034454 1.13092e-07 1.72105e-05 0.000942049 0.00102275 5.08551e-07 0.000479534 0.000820946 0.887884 4.30852e-05 0.000540001 0.0706447 0.0230946 1.7296e-07 0.0110649 
0.000858913 0.000200601 0.000104239 0.105303 0.0518583 0.00121708 0.0466301 0.000248175 0.32864 0.0126869 0.20269 0.140342 0.0483915 0.0149879 0.0458413 
0.00736911 3.92172e-05 1.26583e-05 0.123817 0.0691787 2.46641e-05 0.000841696 3.08089e-05 0.358072 0.0305649 0.188054 0.121668 0.0690684 0.0288456 0.00241345 
0.00171574 3.49974e-05 4.69277e-06 0.285465 0.028554 6.03562e-05 0.0294386 0.000397564 0.575331 3.86819e-05 0.0428199 0.00719725 0.0222402 0.000619345 0.00608242 
0.000476668 0.000135838 1.77723e-06 0.0469482 0.0254777 0.000108718 0.0107988 8.05581e-06 0.540839 0.00341459 0.156643 0.172967 0.0269902 0.0066801 0.00851049 
0.0588086 0.039515 0.000189345 0.0625361 0.0376388 0.000107612 0.038365 0.000148272 0.347281 0.00597173 0.172759 0.13238 0.0621644 0.0113725 0.0307621 
5.92844e-05 0.00731225 0.000495907 0.0470235 0.196757 0.009446 0.078243 0.00543185 0.420269 0.0161836 0.0520308 0.0289103 0.0785466 0.00344221 0.0558488 
0.0291244 0.00165151 0.000292023 0.0898073 0.0388889 0.00251266 0.0276934 0.00104273 0.328783 0.00637338 0.176465 0.237 0.037376 0.0168197 0.00617019 
0.0388372 0.041913 0.0102009 0.0361223 0.00270121 8.18182e-07 0.00930475 0.00269338 0.562611 0.000756299 0.0445576 0.141982 0.0815599 0.0010728 0.025686 
0.00848915 0.0181546 1.71844e-06 0.0752159 0.0252348 4.53858e-05 0.00240972 0.00202996 0.421482 0.00707658 0.173759 0.158009 0.0849131 0.00814411 0.0150354 
0.006061 5.02844e-05 0.000162218 0.151128 0.10137 0.00320755 0.0551551 0.00126668 0.269159 0.0397293 0.132424 0.201309 0.0243818 0.00948905 0.00510695 
0.0430372 0.00391314 3.20972e-08 0.165216 0.123743 0.0616283 0.00143129 0.00207743 0.188544 0.0055328 0.150104 0.140167 0.0649224 0.00548282 0.0442009 
0.00241671 0.000229139 0.00242478 0.115862 0.0416299 0.00948606 0.0384687 0.000498931 0.2596 0.0264459 0.242832 0.19022 0.0551459 0.00660963 0.00812984 
0.00325061 2.53403e-05 7.92076e-05 0.0345971 0.0431972 0.00193388 0.0188104 0.00089838 0.348588 0.0783563 0.2661 0.17171 0.0180285 0.00338119 0.0110442 
6.8014e-05 5.44572e-06 4.53045e-06 0.0235796 0.00973561 6.15825e-05 0.0711958 2.24232e-05 0.552056 0.0102052 0.0660243 0.160722 0.104644 0.000147931 0.00152734 
0.0199668 0.00752741 1.65906e-05 0.0592182 0.0250495 0.00049433 0.00141345 0.00406644 0.509238 0.00261684 0.0589837 0.236959 0.0381259 0.00423551 0.032088 
0.00150897 0.000257751 0.000212448 0.028715 0.0271826 0.000212935 0.117187 3.93257e-05 0.72616 0.00383566 0.0113502 0.049255 0.00671982 0.022979 0.00438468 
0.00121258 1.25872e-05 1.32913e-05 0.0302758 0.198055 0.000103028 0.00307951 8.11407e-05 0.352952 0.00460791 0.197945 0.0603439 0.138193 0.00829882 0.00482695 
0.00220984 7.99942e-06 6.73654e-07 0.0129342 0.00481279 3.14075e-09 0.0394642 6.8327e-05 0.549415 0.012588 0.000202569 0.368964 0.00260737 1.83046e-05 0.00670652 
0.0189418 0.00216218 0.00020758 0.0960401 0.00834458 0.00011035 0.0149946 0.00168641 0.327539 0.00825965 0.147754 0.323072 0.0341063 0.00650169 0.0102805 
0.0266146 0.0985064 4.12211e-05 0.0213508 0.0221237 0.000752591 0.00913293 0.00156576 0.249232 0.00685434 0.0712337 0.216254 0.193429 0.0158847 0.0670249 
0.00255961 5.21441e-07 4.4714e-07 0.0910494 0.000909096 2.37699e-08 0.0227729 4.35566e-05 0.517033 0.00150828 0.00582598 0.148656 0.162868 4.69176e-06 0.0467694 
0.018343 9.80837e-06 8.09488e-07 0.139279 0.00633183 0.0129688 0.0197671 2.33315e-05 0.671092 0.00124733 0.060607 0.061743 0.007702 0.000375194 0.000509799 
0.00650086 6.10214e-06 2.92466e-07 0.0485727 0.0811137 1.12669e-05 0.0306976 0.000157799 0.730379 0.00443321 0.0703955 0.00859888 0.0183289 0.000116451 0.000687545 
0.000879086 5.08267e-06 9.44506e-06 0.0263566 0.0570139 7.32987e-05 0.000918925 0.000548384 0.557226 0.00495699 0.214809 0.0962114 0.0366277 0.00409859 0.000265425 
0.0333105 8.22953e-05 1.30999e-07 0.00516853 0.00434917 9.37651e-09 0.000398026 0.000302058 0.775862 0.00163153 0.0197059 0.100038 0.0552875 2.30389e-07 0.00386368 
0.104207 0.00787856 2.62798e-07 0.056268 0.0958971 0.00021732 0.109404 0.00167806 0.192209 0.00839151 0.061659 0.19021 0.060742 0.0143137 0.0969243 
0.0301766 0.0284776 8.91383e-07 0.0368357 0.0446394 0.00141745 0.00506671 0.00447857 0.264651 0.00191064 0.0883004 0.220949 0.238403 0.00183562 0.0328568 
0.000626051 0.000219054 0.000171763 0.0705819 0.0272691 0.000343595 0.0202005 2.22924e-05 0.451131 0.00661021 0.162361 0.20876 0.0162209 0.02641 0.00907207 
0.000557106 2.49656e-06 6.55412e-07 0.0127105 0.00378281 7.01942e-06 0.00532098 4.3876e-05 0.565838 0.000286021 0.00111764 0.39661 0.00852819 2.53352e-06 0.00519222 
0.00205949 0.0026021 0.000160269 0.122951 0.0990773 0.00108985 0.0759687 0.000115371 0.439091 0.0110244 0.054056 0.10868 0.0307602 0.0497532 0.00261073 
0.00306633 0.00612044 1.2843e-05 0.0167576 0.0192827 0.000121846 0.000453723 0.0373107 0.658425 0.00221835 0.103393 0.0945189 0.0501241 0.00303788 0.00515645 
0.0111972 8.90588e-05 0.00238116 0.160732 0.083638 0.00214554 0.0157519 0.0001323 0.264243 0.011593 0.248236 0.0817654 0.104074 0.0101306 0.00389069 
0.0315991 0.0159521 3.08984e-06 0.0440856 0.0336792 0.000593497 0.00214209 0.00365374 0.408544 0.00292605 0.129279 0.185917 0.0720931 0.0135086 0.0560236 
0.0032252 2.55305e-05 0.000358642 0.0549141 0.0543197 0.0085688 0.0692457 0.000185776 0.316163 0.00551455 0.22569 0.192821 0.00984494 0.0435783 0.0155439 
0.137997 1.26327e-05 4.73452e-06 0.159372 0.178647 0.00183477 0.00562391 0.000102842 0.205413 0.019205 0.0809079 0.178528 0.0277107 0.000555895 0.00408314 
0.00309016 0.00108102 0.0669701 0.0504884 0.0528245 0.00025598 0.0192211 2.55292e-05 0.418767 0.129181 0.0999427 0.117538 0.0242531 0.014771 0.0015899 
0.139759 0.00469691 2.4847e-05 0.0308508 0.00614507 1.90359e-05 0.0517142 0.000845506 0.466599 0.00156284 0.028104 0.244416 0.010047 0.000562581 0.0146536 
0.00180209 4.69506e-05 5.34417e-05 0.0079768 0.0496876 0.00103159 0.0182994 0.00018687 0.630013 0.0902547 0.0304712 0.129398 0.0143809 0.0260865 0.000311229 
0.043101 0.0495876 2.69783e-05 0.0158728 0.00353778 5.14481e-06 0.0126813 0.00260455 0.452201 0.000905661 0.0324166 0.234446 0.113149 0.000897133 0.0385677 
0.0516655 0.0769787 3.1634e-08 0.00801909 0.0416326 5.759e-05 2.2095e-05 0.00404533 0.478515 0.0132658 0.128373 0.131422 0.0516583 0.00322673 0.011119 
0.210099 0.0863749 2.06285e-07 0.0228086 0.00589125 1.85124e-05 0.00125189 0.00226937 0.327959 0.0022624 0.0487368 0.245182 0.0388833 0.000331716 0.00793044 
0.0363734 0.00225298 2.66604e-05 0.0549695 0.0311756 0.00035147 0.0231378 0.00329508 0.380818 0.00120963 0.133154 0.191556 0.070301 0.00663263 0.0647464 
0.0144614 0.003002 9.88137e-07 0.033874 0.0540832 5.04625e-06 0.0689247 0.00210184 0.515788 0.000155804 0.0286235 0.122783 0.116728 0.0157148 0.0237538 
0.0772387 0.00604534 2.53309e-05 0.024705 0.0211582 0.000377369 0.0257647 0.00206406 0.431883 0.00122023 0.0170519 0.0800627 0.0863535 0.00162538 0.224424 
0.0937499 0.0110871 0.000122621 0.0406415 0.0406904 0.000261091 0.00883843 0.0100396 0.326172 0.00519939 0.321899 0.107328 0.0101327 0.0143645 0.00947404 
6.91444e-05 2.36383e-06 1.08099e-05 0.0796797 0.023967 0.000252348 0.00414242 0.000236452 0.382294 0.00997718 0.0373178 0.170265 0.246479 0.0421582 0.00314838 
0.000121653 1.04257e-05 7.4823e-06 0.00755156 0.00225719 1.77153e-05 0.0270265 1.75451e-06 0.807762 9.45818e-06 0.0253287 0.129831 9.61069e-06 1.77755e-05 4.76633e-05 
0.0356948 0.00385009 7.98567e-06 0.00399207 0.0125168 0.000126748 0.0936878 0.00500326 0.556896 0.00838063 0.0156393 0.234706 0.00766628 0.00132817 0.0205037 
0.229282 0.0185195 9.07723e-07 0.00566526 0.107224 1.19618e-05 0.0246231 0.00739639 0.252726 3.88494e-05 0.0725462 0.0822495 0.0314032 0.000761282 0.167551 
0.00203359 1.3744e-06 3.15682e-06 0.0291973 0.0310149 0.000299051 0.0629134 6.2806e-06 0.805712 0.0028428 0.0145144 0.0271812 0.00785299 0.0154374 0.000990131 
0.0431036 0.0235616 1.91687e-06 0.0264548 0.000375473 1.11362e-06 0.000814636 0.00290395 0.70344 0.000196121 0.0502138 0.102149 0.0262207 0.000736656 0.0198265 
0.00150087 2.77914e-05 5.76141e-07 0.0695948 0.0773959 6.61509e-05 0.00719531 0.0742767 0.548723 0.00339216 0.0357242 0.0783383 0.0850069 0.0128704 0.00588725 
0.00220984 7.99942e-06 6.73654e-07 0.0129342 0.00481279 3.14075e-09 0.0394642 6.8327e-05 0.549415 0.012588 0.000202569 0.368964 0.00260737 1.83046e-05 0.00670652 
0.000142623 1.48367e-05 2.70399e-05 0.0405304 0.0510527 0.0537933 0.0492834 0.000130046 0.620155 0.0824108 0.0407801 0.00469202 0.0319715 0.0233098 0.00170689 
0.00319025 0.00641195 3.57079e-07 0.0120831 0.0172475 8.76386e-05 0.000133304 0.0421832 0.697259 0.00142327 0.0823522 0.084586 0.0460476 0.00153395 0.00546058 
0.00220984 7.99942e-06 6.73654e-07 0.0129342 0.00481279 3.14075e-09 0.0394642 6.8327e-05 0.549415 0.012588 0.000202569 0.368964 0.00260737 1.83046e-05 0.00670652 
0.00844324 0.000526981 0.000169057 0.186779 0.0817485 0.00193764 0.0348798 0.00137733 0.338224 0.00329386 0.0669494 0.186533 0.0526286 0.0115523 0.024957 
0.000159659 0.0129295 0.000234549 0.115941 0.095865 0.00214673 0.0229644 0.014689 0.503624 0.0126539 0.109052 0.0215331 0.0640418 0.0144485 0.00971628 
0.000847531 2.36108e-05 0.00477619 0.102887 0.0333974 5.6016e-05 0.0127132 0.000325714 0.438388 0.00466281 0.262455 0.0453369 0.0891417 0.00461529 0.000373994 
0.00192661 6.9897e-05 1.97763e-06 0.0208968 0.032335 0.00208593 0.0285191 6.07837e-05 0.534696 0.00619447 0.0790245 0.266587 0.0243853 0.00255898 0.000657555 
0.000254979 5.7494e-07 3.33767e-06 0.00233444 0.192242 0.114722 0.00377155 2.28001e-06 0.61422 0.00369324 0.00323887 0.00218596 3.30391e-07 0.000220906 0.063109 
8.27409e-05 1.74158e-05 1.2263e-06 0.0623296 0.00408475 1.08885e-05 0.0211897 7.303e-06 0.815092 0.00381239 0.00609139 0.0705976 0.0138067 0.000148671 0.00272784 
0.00814141 0.00307684 9.07418e-07 0.0393159 0.0618624 0.000178664 0.014936 0.00142797 0.298249 0.0249435 0.169398 0.0965722 0.231074 0.0269354 0.0238876 
0.094367 0.0817636 8.22542e-06 0.0579672 0.0313313 0.000261421 0.00197855 0.00232786 0.344193 0.0221707 0.0659395 0.247549 0.0295091 0.000894085 0.0197394 
0.050935 0.0026477 9.33896e-06 0.0259967 0.0372041 1.21741e-06 0.105904 0.00243762 0.583429 0.00507638 0.024798 0.106768 0.0224845 0.00544274 0.0268655 
0.0132596 0.0119059 3.41147e-06 0.0427465 0.0768411 3.75662e-05 0.00381738 0.000273479 0.532873 0.000815519 0.104733 0.135401 0.0719893 0.00344753 0.00185575 
0.0133247 0.15821 1.12648e-05 0.0509723 0.0831112 0.000278342 0.00426912 0.000274428 0.469343 0.026376 0.136979 0.0117424 0.0367032 0.00149662 0.00690754 
1.70194e-05 8.11437e-06 0.000201733 0.00933267 0.0703066 0.000313727 0.028451 2.54198e-05 0.766147 0.0220546 0.0190543 0.0373589 0.0366466 0.00942987 0.00065277 
0.0325745 1.61525e-05 2.03391e-05 0.0070412 0.0395191 0.00616124 9.83231e-05 0.000824071 0.326482 0.0132393 0.210833 0.250014 0.102722 0.00131345 0.00914199 
0.0107287 0.00165151 6.36381e-07 0.1329 0.0494799 3.61221e-05 0.00833125 0.000668706 0.590827 0.0133273 0.148113 0.0231532 0.0132628 0.00304095 0.00447919 
0.0341024 6.5153e-05 1.80589e-06 0.207924 0.0996724 0.0045656 0.127775 0.000221249 0.385649 0.0248791 0.0229103 0.0237273 0.0506671 0.00799868 0.00984036 
0.0184315 0.0017425 0.000312871 0.135552 0.0380654 6.24109e-05 0.0162531 0.000700993 0.320429 0.0115492 0.275389 0.0630446 0.104646 0.00476127 0.00906119 
0.0126484 0.01018 0.00224547 0.0303979 0.0168705 4.93756e-08 0.0120026 0.000270067 0.75678 0.000359422 0.0076389 0.0451375 0.0866775 0.0110651 0.00772659 
0.0290223 0.0018323 0.00996776 0.16679 0.0238375 9.04811e-05 0.0683415 0.00134678 0.347779 0.0365421 0.142889 0.0718319 0.0867477 0.00566025 0.00732134 
0.00586298 0.149834 2.88173e-05 0.0138375 0.0319313 6.55306e-05 0.000861321 0.00601728 0.527784 0.00631444 0.0260768 0.158643 0.0645563 0.000218341 0.00796761 
0.0251402 0.0025611 3.6757e-06 0.0446182 0.0292058 0.000676691 0.0114876 0.0120177 0.508217 0.000218119 0.0884097 0.0834763 0.0461163 0.00797058 0.139881 
0.00144835 0.0025352 1.67067e-05 0.0280596 0.14969 2.26069e-05 0.00158034 2.58801e-05 0.539643 0.00670306 0.115717 0.0209102 0.124357 0.00233618 0.00695538 
0.191971 0.00288232 2.75789e-06 0.0344088 0.00863244 2.99715e-05 0.00027603 0.0146447 0.317031 0.00405482 0.0812791 0.273863 0.0596589 8.59795e-05 0.0111791 
0.0160872 8.5848e-05 5.06125e-08 0.0439275 0.25033 0.0014529 0.0382774 2.41212e-05 0.267894 0.00417437 0.252796 0.061222 0.00431796 0.0587795 0.000631995 
0.000834747 1.28273e-06 2.3881e-06 0.0147955 0.00268191 6.89551e-05 5.73252e-05 0.000297746 0.697631 0.000942648 0.00326117 0.186321 0.0325849 0.00204411 0.0584758 
0.00776234 6.92449e-05 0.00400857 0.100375 0.0202486 0.00011664 0.140993 0.00212389 0.28097 0.0187301 0.0509916 0.262726 0.108214 0.00225095 0.000419089 
0.0358526 0.0023321 4.50193e-06 0.015383 0.00831747 0.00046966 0.00240113 5.87645e-05 0.657961 0.000553593 0.0309613 0.23104 0.00509559 0.00884923 0.000719807 
0.00853446 0.00266586 4.42682e-05 0.172483 0.00967543 2.0761e-05 0.0488901 0.0076606 0.474145 0.000110438 0.0432417 0.0383839 0.0587658 0.000627742 0.134751 
0.186112 0.0117796 0.0001692 0.0486959 0.118011 0.000277155 0.0928888 0.00611756 0.310514 0.00456864 0.090004 0.0962015 0.016835 0.00104282 0.0167828 
0.0112156 0.00740189 6.99069e-07 0.0030636 0.00527055 0.0205488 0.0407044 0.0032898 0.469106 0.00175246 0.0771148 0.289264 0.0178644 0.000477149 0.0529251 
0.00482331 2.59704e-05 0.000123738 0.048774 0.0174544 0.12915 0.134868 0.000441699 0.256763 0.0331571 0.080241 0.138356 0.154192 0.001233 0.000395844 
0.0022349 0.000131315 0.0001278 0.0487324 0.0332058 0.000234723 0.140108 0.000170702 0.523532 0.0656989 0.0474603 0.0780741 0.00337429 0.0432461 0.0136681 
0.000566054 1.365e-05 0.000358634 0.0285618 0.00284375 0.000160541 0.0369936 0.000221308 0.872136 0.00140071 0.0138854 0.0184583 0.0126855 0.000796122 0.0109182 
0.0221278 0.000408423 7.5783e-05 0.0978286 0.0201871 0.000573716 0.0137312 0.00320628 0.440418 0.0163947 0.181668 0.171588 0.0143055 0.013209 0.00427745 
0.00264356 0.000268673 3.1037e-06 0.0933922 0.0339504 0.000762422 0.030174 1.40976e-05 0.45885 0.0036379 0.0726805 0.0813803 0.0563469 0.00108084 0.164815 
0.097184 0.00770892 3.82154e-05 0.0677157 0.0400494 0.000363033 0.0014325 0.00996232 0.280426 0.00721114 0.119653 0.202592 0.0633624 0.00295957 0.0993416 
0.000496025 4.67648e-06 1.85091e-05 0.03935 0.0703175 0.000205138 0.00784385 0.000132418 0.450207 0.00780128 0.0737876 0.0507322 0.26816 0.0022994 0.0286453 
0.00883681 5.36822e-05 9.36722e-05 0.12153 0.0478029 0.0039654 0.0102234 0.00406783 0.390921 0.00328049 0.0779335 0.0905278 0.168159 0.0061409 0.0664632 
0.0558888 0.0193666 0.0113931 0.018292 0.0255379 2.01318e-07 0.0155886 0.000174981 0.474285 0.000893711 0.035495 0.144424 0.0719684 0.0776577 0.049034 
0.00386946 5.53741e-08 2.06481e-08 0.255127 0.185158 1.62363e-08 0.0690571 5.35138e-08 0.3014 0.00462732 0.00560248 0.13382 0.0213668 0.00566651 0.0143049 
0.00118425 5.06675e-07 8.40078e-07 0.0875553 0.0249468 6.51418e-05 0.152781 3.00105e-08 0.662218 0.00808072 0.0247637 1.89624e-06 0.0372296 0.000155677 0.0010167 
0.176617 0.0435016 8.54533e-05 0.0184141 0.00257447 3.89727e-05 0.0350076 0.00178928 0.337843 0.000773872 0.0831017 0.239955 0.0259395 0.0109109 0.0234486 
0.00468459 1.17968e-05 3.16936e-07 0.170586 0.0712102 0.000892657 0.000337536 0.000110343 0.579372 0.00211543 0.000850717 0.126422 0.0268656 0.0013259 0.0152147 
0.0217176 0.0011547 0.000181137 0.0383246 0.0591177 0.00185047 0.0232318 0.00213376 0.350832 0.0140027 0.208056 0.140398 0.0654988 0.0559355 0.0175657 
0.0001542 5.43092e-05 0.000154566 0.0352063 0.0544872 0.000972825 0.000224692 0.000896674 0.632357 0.006534 0.182119 0.0110525 0.064349 0.00507854 0.00635942 
0.0209653 0.0794806 2.48248e-05 0.056433 0.0502328 7.67437e-05 0.161464 0.00104358 0.519075 0.0101992 0.0469456 0.0152356 0.0102857 0.00866509 0.0198732 
0.00318012 0.00128409 4.88551e-05 0.0664235 0.103751 0.000307899 0.00765824 6.62125e-05 0.506019 0.0163908 0.159117 0.0459676 0.0584763 0.00890916 0.0223998 
0.0112156 0.00740189 6.99069e-07 0.0030636 0.00527055 0.0205488 0.0407044 0.0032898 0.469106 0.00175246 0.0771148 0.289264 0.0178644 0.000477149 0.0529251 
0.00114901 0.000833899 3.01173e-06 0.0683902 0.0603288 6.03436e-05 0.00427693 0.000497079 0.589696 0.0305143 0.149129 0.0229697 0.0666376 0.00329245 0.0022216 
0.0513416 0.00160847 0.00982294 0.025273 0.079724 0.000441943 0.00793453 0.00230202 0.465589 0.00177891 0.0842849 0.184218 0.0621597 0.0176344 0.00588661 
0.00627691 5.83441e-08 2.4654e-08 0.0727577 0.0185731 6.59121e-06 0.00156802 0.000338935 0.35445 0.00372192 0.144614 0.18992 0.160875 0.00252609 0.0443712 
0.00138137 0.000401366 0.00174842 0.0804585 0.0444897 0.00268143 0.0685003 0.000791549 0.552235 0.00605724 0.0920088 0.104992 0.0397293 0.00329109 0.00123414 
0.00719468 0.00665873 3.63856e-05 0.16669 0.0936306 0.00597769 0.00270808 0.000231105 0.297264 0.0294608 0.0606202 0.294142 0.012068 0.020587 0.00273029 
0.00113627 0.000104892 6.09416e-05 0.0832086 0.0548604 2.12496e-05 0.00422681 8.90053e-05 0.423608 0.00246846 0.0729807 0.248163 0.0412817 0.000774313 0.0670153 
6.80626e-05 0.000150078 2.12624e-06 0.111524 0.0066602 0.000144871 0.0333353 4.59053e-05 0.661968 0.00175042 0.0394054 0.066389 0.0691988 0.00838734 0.000970703 
0.00666462 0.0101529 3.58452e-05 0.0145182 0.00385292 7.75623e-05 0.122434 0.00189079 0.494861 0.00325018 0.022621 0.257556 0.0124768 0.000171315 0.0494364 
0.057296 0.0229727 2.35314e-06 0.0300437 0.0311959 0.000227468 0.00178422 0.0106081 0.368607 0.00414271 0.0726297 0.30013 0.0542416 0.00139625 0.0447218 
0.0574675 0.00146972 0.000381279 0.123232 0.0373466 0.0015093 0.011394 0.00116301 0.32797 0.0147577 0.125972 0.18081 0.0663823 0.00080992 0.0493353 
0.00220984 7.99942e-06 6.73654e-07 0.0129342 0.00481279 3.14075e-09 0.0394642 6.8327e-05 0.549415 0.012588 0.000202569 0.368964 0.00260737 1.83046e-05 0.00670652 
0.0775 0.0651168 9.6058e-05 0.11333 0.00963994 0.000308225 0.0206501 0.00112069 0.419444 0.00298659 0.0267061 0.130572 0.0875016 0.00220492 0.0428226 
0.000629142 5.75968e-09 4.85219e-09 0.00421063 0.00130066 3.24362e-09 0.00110198 0.000628095 0.881906 2.08079e-06 0.000768368 0.106288 0.00245728 1.84812e-05 0.000689909 
0.234024 0.0037827 6.76237e-08 0.0246399 0.0120099 2.2459e-05 0.0092291 0.00613793 0.355162 0.000664872 0.0154101 0.248478 0.0460151 0.00034063 0.0440828 
0.000852572 4.5694e-06 9.30223e-07 0.0372947 0.0718509 0.00332693 0.0107995 2.98419e-05 0.417357 0.0365886 0.179419 0.144714 0.0161159 0.0813371 0.000308802 
0.0326025 0.0117042 3.39114e-06 0.0363994 0.0690985 0.000160918 0.0208325 0.00168988 0.459208 0.00972052 0.0226172 0.164877 0.088953 0.00854057 0.0735923 
0.0346427 0.0115801 7.48889e-07 0.00667841 0.00142186 1.86754e-06 0.000663847 0.00543764 0.360551 9.58694e-05 0.0342615 0.264777 0.131155 0.000455518 0.148277 
0.0193581 0.00398823 5.15333e-07 0.0375244 0.0596106 0.00169945 0.0388372 0.00131185 0.268662 0.0125084 0.197286 0.197908 0.120187 0.0124472 0.0286704 
0.19941 0.0142844 3.27293e-07 0.115926 0.0427261 0.000194768 0.00882101 0.000700004 0.232019 0.00854267 0.0594763 0.224146 0.0576569 0.0139883 0.0221088 
0.00337471 8.51013e-05 0.00010773 0.0245622 0.0478339 0.0166124 0.0617762 0.0247576 0.420374 0.0182971 0.24643 0.0465562 0.0621593 0.0227709 0.00430273 
0.0259019 0.00279907 2.7087e-05 0.080585 0.0631306 0.00108278 0.109517 0.00110915 0.420796 0.000274861 0.0506614 0.0706988 0.159986 0.00214406 0.011286 
0.00241357 0.0355117 3.0035e-05 0.124053 0.0569616 6.19727e-05 0.00127969 0.000130269 0.497272 0.0221871 0.181703 0.0232796 0.0434234 0.00535761 0.00633614 
0.000220131 0.000111488 0.00298351 0.0356974 0.00194192 0.00132732 0.00289248 0.00153418 0.861912 0.00334952 0.0796062 0.00266461 0.00280141 0.00273908 0.000218877 
0.00583633 0.00064749 3.12289e-06 0.0872052 0.0578921 4.76746e-05 0.138462 0.000111516 0.244873 0.0400239 0.241195 0.133994 0.0222652 0.0043435 0.0230998 
0.00701457 1.0997e-05 4.27051e-06 0.0211633 0.00711281 0.000806592 0.0552228 0.000533774 0.753198 0.0160417 0.0103987 0.104556 0.00604785 4.65689e-05 0.0178426 
0.00332835 0.000126854 2.91947e-05 0.137775 0.0274724 0.000496519 0.0427531 5.5628e-05 0.407668 0.00566227 0.0305356 0.276283 0.012308 0.0164027 0.0391029 
0.00404671 0.00012843 1.08001e-05 0.201484 0.0238246 0.000291011 0.0263519 8.49255e-05 0.266679 0.0108979 0.152911 0.241875 0.0478572 0.0152431 0.00831453 
8.31409e-05 4.72501e-06 2.58502e-07 0.0366056 0.0839108 0.0012027 0.000642564 1.32244e-06 0.337636 0.00186287 0.0400686 0.211429 0.276395 0.00593423 0.00422336 
0.00167344 0.00024402 0.00023743 0.0649793 0.0288719 0.000234667 0.204002 2.82467e-05 0.586973 0.00628031 0.0187997 0.0444793 0.00735941 0.0154179 0.0204197 
0.00815664 0.000142158 0.000750874 0.0372843 0.0259642 6.2349e-05 0.00593831 7.33682e-05 0.681893 0.000709888 0.100416 0.104225 0.0247679 0.00587279 0.00374283 
0.00671839 0.000629029 0.00126202 0.0944963 0.0578036 0.0105218 0.0512891 0.000449566 0.230126 0.144428 0.15355 0.176506 0.0260005 0.0408356 0.0053837 
0.0107296 1.13078e-05 0.00102897 0.201848 0.0375015 2.68733e-05 0.00684989 0.000539112 0.437166 0.00081499 0.187649 0.0737046 0.00917186 0.0144637 0.018494 
0.0596815 0.00056535 0.000362294 0.164734 0.0219768 5.0586e-05 0.121622 3.17283e-06 0.245039 0.00248719 0.140304 0.119178 0.0464126 0.0732296 0.00435398 
0.0604872 0.00277925 3.05246e-06 0.0247565 0.0418357 3.43268e-05 0.0960935 0.00311204 0.250686 0.0261591 0.0324015 0.214497 0.00678968 0.0310342 0.209332 
0.000582424 4.71312e-05 0.0039877 0.234429 0.0357546 0.000160229 0.0885193 8.93385e-05 0.443358 0.0421013 0.0181504 0.0462244 0.0736192 0.0129101 6.64812e-05 
0.00433027 9.59597e-05 0.000127606 0.062795 0.0243993 0.000306419 0.0131723 6.22177e-05 0.334333 0.0899291 0.143535 0.29728 0.0127034 0.0155019 0.00142862 
0.00796602 0.00987765 1.13467e-05 0.0326903 0.280048 0.00128013 0.000289884 0.00294431 0.360617 0.0776897 0.0445845 0.111764 0.0162857 0.0388699 0.0150823 
0.0341213 0.00412992 0.000855803 0.0879984 0.0119396 0.000178163 0.00668967 0.00500068 0.584787 0.043605 0.0429081 0.103963 0.0421443 0.00650581 0.0251735 
0.0328427 0.0101778 4.35861e-06 0.0444846 0.0440679 0.00173096 0.000185654 0.00179829 0.607161 0.00174118 0.0578257 0.0799906 0.0774935 0.00735677 0.033139 
0.0358526 0.0023321 4.50193e-06 0.015383 0.00831747 0.00046966 0.00240113 5.87645e-05 0.657961 0.000553593 0.0309613 0.23104 0.00509559 0.00884923 0.000719807 
0.0244883 0.00628781 1.34526e-06 0.0231582 0.0131998 1.21157e-05 0.1176 0.00196281 0.557949 0.00203286 0.0209378 0.181178 0.0164299 0.000219956 0.0345423 
0.000170395 2.14463e-05 6.00683e-07 0.00408998 0.045566 0.00463878 0.0747799 0.00267625 0.556268 0.00234193 0.0159199 0.0626363 0.00274876 0.0002282 0.227914 
0.0536392 0.0137109 2.8083e-05 0.0449704 0.0479048 0.00181026 0.0118434 0.00175919 0.250025 0.0149188 0.193499 0.219657 0.121496 0.0157945 0.00894431 
0.087863 0.000142246 0.000780261 0.0965407 0.0975283 0.000742172 0.0389149 0.000487844 0.320343 0.0031065 0.134058 0.197388 0.0171624 0.00191763 0.00302461 
0.0102458 0.0114478 8.28007e-06 0.0388322 0.000722527 1.85976e-05 0.00064039 0.00351702 0.471516 0.000154535 0.0962081 0.150664 0.145058 0.000639505 0.0703277 
0.00149075 2.75494e-05 0.000116942 0.136139 0.00711724 9.65168e-05 0.00416176 0.000124203 0.664686 0.00323195 0.0706922 0.10777 0.0027329 0.00144985 0.000163512 
0.0571074 0.0348022 3.23881e-07 0.00678221 0.00329107 3.76044e-06 0.0007926 0.00131139 0.361365 0.000109013 0.0517642 0.154832 0.310624 0.000296922 0.0169172 
0.106577 0.00385539 2.85522e-07 0.0040031 0.0385053 2.86681e-06 0.00937619 0.0133299 0.443226 0.00458231 0.0195605 0.105829 0.0463436 0.14387 0.0609372 
0.00239014 0.000162268 0.000790093 0.00144421 0.00145541 1.49237e-07 0.0112602 0.00774153 0.970557 3.40727e-08 0.000114867 0.00198167 0.000586476 0.000241041 0.00127452 
0.0495849 0.000383527 2.23706e-06 0.262615 0.0406568 0.000894526 0.0978339 2.88008e-05 0.366074 0.00554809 0.0146498 0.119445 0.0195481 0.0106906 0.0120448 
1.86931e-06 3.47555e-05 2.30486e-06 0.27247 0.0976948 0.00656887 0.0111726 8.68252e-06 0.373761 0.0114308 0.0629462 0.0797671 0.0442123 0.0397282 0.000199904 
0.0210305 0.00073535 0.000102794 0.0836828 0.134358 0.00479453 0.0368115 0.00177948 0.286062 0.00973683 0.147979 0.185584 0.0476476 0.0173314 0.0223656 
1.75813e-05 8.89453e-07 3.4747e-07 0.00659635 0.00233857 3.41352e-07 0.00502496 6.78897e-05 0.946286 1.52303e-05 0.00857991 0.0238494 0.0071049 1.10464e-05 0.000106044 
0.0464245 0.00910747 0.000348471 0.0891979 0.0333454 0.00682218 0.0768259 0.0118471 0.34952 0.00118805 0.0373771 0.126492 0.170591 0.010428 0.0304845 
0.00807292 5.55735e-05 0.000227174 0.0689887 0.0353987 9.134e-05 0.0906047 0.00456778 0.45708 0.0183239 0.0607791 0.140168 0.047287 0.0263017 0.0420531 
0.00257361 0.000226077 4.95305e-06 0.020729 7.72205e-05 1.06268e-06 0.00526738 0.00015133 0.315275 2.37569e-05 0.295389 0.29309 0.0638673 0.000474444 0.0028503 
0.0445555 6.05416e-06 6.48796e-07 0.00231584 0.0349133 2.67928e-06 0.000700419 0.00507836 0.647592 0.00241664 0.0261047 0.141286 0.0825126 2.22457e-05 0.0124933 
0.00586298 0.149834 2.88173e-05 0.0138375 0.0319313 6.55306e-05 0.000861321 0.00601728 0.527784 0.00631444 0.0260768 0.158643 0.0645563 0.000218341 0.00796761 
0.00363767 1.88415e-05 0.000315583 0.0868362 0.308645 0.00260781 0.0251469 0.0183014 0.311546 0.0148797 0.100685 0.0466277 0.0613659 0.0191562 0.000229595 
0.0154379 0.00281842 7.3028e-06 0.0247188 0.0123263 0.0143812 0.0516545 0.00167059 0.378918 0.00205305 0.154228 0.254602 0.0186073 0.00101323 0.0675634 
0.016736 0.000303745 1.03022e-05 0.0111448 0.0546578 0.000164814 0.0442538 2.66332e-06 0.660393 0.000658357 0.0140444 0.0264128 0.0123902 0.0263082 0.132519 
0.000796115 0.000150992 5.76357e-05 0.0918444 0.248454 0.0654297 0.00458347 0.000135598 0.370804 0.00638753 0.0898021 0.0551639 0.0282323 0.0356362 0.00252129 
0.0462272 0.0116354 1.60365e-05 0.127442 0.151181 0.000153787 0.110563 0.0010001 0.230366 0.0184975 0.117732 0.0886077 0.0751465 0.0172603 0.00417101 
0.0212925 0.0320333 0.000106426 0.0192108 0.0505794 0.00653808 0.0393734 0.00895291 0.46541 0.00903047 0.0688033 0.133178 0.0141667 0.124298 0.00702688 
0.000136137 1.07723e-05 0.00242142 0.0317198 0.261224 1.23855e-05 0.0177172 0.0442666 0.458513 0.00228566 0.106755 0.0215044 0.0445006 0.00848606 0.000446878 
0.00558464 1.99641e-05 4.99691e-06 0.138316 0.0168098 1.93533e-05 0.00719012 3.66456e-06 0.78813 8.04945e-05 0.00766886 6.09718e-05 0.035809 9.35897e-05 0.000207887 
