0.133827 0.845408 0.0192109 9.59436e-05 0.00145803 
0.089497 0.86583 0.0446727 6.09074e-09 1.3999e-08 
0.246448 0.425265 0.196874 0.000279843 0.131134 
0.134447 0.626714 0.0966613 0.00215198 0.140026 
0.133413 0.812044 0.0398466 6.0705e-07 0.0146963 
0.381136 0.394481 0.174379 0.0205074 0.0294966 
0.232739 0.607289 0.1412 0.00198177 0.0167899 
0.0715437 0.457389 0.422876 0.000119874 0.0480712 
0.0303876 0.944711 0.0233678 2.32093e-05 0.00151086 
0.164845 0.694323 0.11841 0.00101457 0.0214084 
0.0698244 0.912807 0.0162592 7.90669e-06 0.00110129 
0.025264 0.967843 0.00650634 5.91612e-07 0.000386357 
0.171333 0.661659 0.136736 0.000249049 0.0300226 
0.141612 0.836589 0.0201608 0.000112831 0.00152457 
0.232009 0.689177 0.0678343 8.92082e-05 0.0108908 
0.184052 0.782454 0.0320064 1.96215e-05 0.00146818 
0.190424 0.680703 0.123004 0.000696177 0.00517329 
0.279822 0.627044 0.0849023 5.86697e-05 0.00817283 
0.208375 0.52822 0.203627 0.00136646 0.0584122 
0.189447 0.652597 0.139243 7.56613e-06 0.0187054 
0.273055 0.507133 0.142025 0.0072573 0.0705292 
0.0919697 0.893644 0.00887925 0.000415194 0.00509162 
0.131562 0.813063 0.0146881 0.000184215 0.0405027 
0.328474 0.464955 0.134755 0.000168784 0.0716475 
0.0925298 0.899137 0.0047186 0.0018815 0.00173296 
0.197119 0.752074 0.0149006 0.00016765 0.0357389 
0.102633 0.810407 0.0461338 4.87274e-06 0.0408211 
0.325829 0.41301 0.218509 0.00038244 0.0422692 
0.265818 0.598999 0.120425 6.50801e-05 0.0146928 
0.116022 0.753098 0.0986866 0.000177437 0.0320163 
0.104499 0.848872 0.0107759 0.00237935 0.033474 
0.306691 0.539043 0.150667 0.000106067 0.00349297 
0.197119 0.752074 0.0149006 0.00016765 0.0357389 
0.0579249 0.806048 0.128277 1.38746e-06 0.00774859 
0.0248638 0.954759 0.019121 1.90913e-05 0.00123666 
0.40085 0.448056 0.129098 0.000183633 0.0218125 
0.119251 0.711598 0.138397 0.000646337 0.0301073 
0.0928772 0.859112 0.0273638 1.82074e-06 0.0206456 
0.0986858 0.889853 0.00805646 0.000207905 0.00319642 
0.042458 0.948815 0.00580637 3.049e-05 0.00289052 
0.19266 0.684366 0.063379 0.000359567 0.0592355 
0.294982 0.504488 0.189742 0.000249166 0.0105387 
0.0925298 0.899137 0.0047186 0.0018815 0.00173296 
0.347981 0.463106 0.0987977 0.0209527 0.0691621 
0.111975 0.733085 0.136002 0.000202294 0.0187357 
0.150528 0.746608 0.095121 0.000211225 0.00753177 
0.0149561 0.936238 0.03673 0.00937648 0.0026999 
0.105886 0.492777 0.381624 0.00353645 0.0161767 
0.118423 0.868109 0.00945278 0.000249484 0.00376543 
0.227446 0.59549 0.163098 0.000190765 0.0137751 
0.0876243 0.807379 0.0659282 0.000665161 0.0384038 
0.0303876 0.944711 0.0233678 2.32093e-05 0.00151086 
0.211753 0.653478 0.089761 0.000272386 0.0447358 
0.313459 0.40636 0.0832065 0.00047127 0.196503 
0.371966 0.467823 0.072729 0.0125471 0.0749349 
0.0278832 0.953008 0.0176922 2.03955e-05 0.00139642 
0.336229 0.456313 0.0122449 0.0789274 0.116286 
0.202701 0.607833 0.138048 9.40101e-06 0.0514077 
0.066536 0.665043 0.268329 1.27839e-05 7.96267e-05 
0.0820397 0.913047 0.00393454 1.72308e-06 0.000976896 
0.179528 0.807586 0.00894261 5.06528e-05 0.00389274 
0.119804 0.572985 0.29432 1.75296e-05 0.0128729 
0.257496 0.658464 0.0467489 0.000119635 0.0371722 
0.00128834 0.807993 0.190703 5.97736e-06 9.55546e-06 
0.182878 0.786922 0.0142275 0.000232018 0.0157399 
0.174077 0.805678 0.00720905 2.27992e-05 0.0130131 
0.157705 0.563961 0.253173 0.000114033 0.0250468 
0.0211606 0.567194 0.403602 0.000135597 0.00790758 
0.177039 0.501954 0.306696 7.60267e-05 0.0142352 
0.117297 0.815761 0.0654469 0.000133743 0.00136119 
0.433076 0.438071 0.108022 6.7546e-05 0.0207631 
0.244012 0.630374 0.0994102 0.00237655 0.0238267 
0.332599 0.578311 0.0551603 0.000109377 0.0338207 
0.26047 0.599708 0.107776 0.000262996 0.0317835 
0.0303876 0.944711 0.0233678 2.32093e-05 0.00151086 
0.116483 0.836507 0.0308514 0.000324686 0.0158338 
0.268003 0.673364 0.0195401 0.000222302 0.0388708 
0.0912804 0.852988 0.0460832 0.000167327 0.0094814 
0.260516 0.672419 0.0651048 6.3145e-05 0.00189647 
0.117435 0.616449 0.150508 0.00336645 0.112241 
0.213066 0.723639 0.0542754 6.75752e-05 0.00895252 
0.0986858 0.889853 0.00805646 0.000207905 0.00319642 
0.0452009 0.846919 0.101661 5.49962e-06 0.00621415 
0.211688 0.690677 0.0193246 0.0046885 0.0736214 
0.066536 0.665043 0.268329 1.27839e-05 7.96267e-05 
0.286216 0.621192 0.0857664 0.000103901 0.00672208 
0.233293 0.676771 0.0593053 7.35191e-05 0.0305575 
0.152108 0.80123 0.0285776 0.00185712 0.0162274 
0.364349 0.505079 0.0891456 0.000149237 0.0412772 
0.241338 0.374853 0.285472 0.0175673 0.0807691 
0.202657 0.733928 0.0483464 6.80346e-05 0.0150009 
0.210211 0.641851 0.105653 0.00258757 0.0396983 
0.234319 0.708332 0.0376876 3.03838e-05 0.0196306 
0.187324 0.679674 0.065061 0.00172804 0.0662129 
0.0824995 0.869118 0.0386197 5.16229e-05 0.00971072 
0.187012 0.629145 0.148715 7.56828e-05 0.0350529 
0.16446 0.651693 0.148211 8.17325e-05 0.0355541 
0.217787 0.531126 0.240321 0.000120456 0.0106451 
0.100471 0.868684 0.0142902 7.91521e-05 0.0164761 
0.306254 0.401921 0.213439 9.42435e-05 0.0782916 
0.112564 0.630381 0.160386 4.00724e-05 0.0966288 
0.288071 0.567416 0.0911475 0.000303601 0.0530623 
0.207181 0.592552 0.144804 0.00783275 0.04763 
0.314605 0.461776 0.0965993 0.000577585 0.126443 
0.0241272 0.628705 0.312681 0.00025307 0.0342338 
0.110953 0.65227 0.214396 5.77751e-05 0.0223231 
0.13319 0.763339 0.087129 0.000203199 0.0161389 
0.238294 0.66455 0.0364043 0.0012465 0.0595046 
0.249542 0.513774 0.183081 0.000793868 0.0528086 
0.197119 0.752074 0.0149006 0.00016765 0.0357389 
0.0986858 0.889853 0.00805646 0.000207905 0.00319642 
0.291395 0.468154 0.20057 6.24316e-05 0.0398174 
0.237399 0.618754 0.106844 9.178e-05 0.0369116 
0.256014 0.5225 0.184183 0.000971209 0.0363318 
0.207672 0.698629 0.0273287 0.000807447 0.0655625 
0.168472 0.754471 0.0561527 0.00067397 0.0202304 
0.171036 0.759123 0.0294522 0.00203183 0.038357 
0.265408 0.557185 0.149254 0.00485563 0.0232971 
0.0418445 0.928321 0.0248011 3.03651e-05 0.00500269 
0.135515 0.841876 0.0209194 0.000110376 0.00157886 
0.1992 0.644688 0.144359 0.000176395 0.0115773 
0.22944 0.752481 0.00971311 0.0025133 0.00585304 
0.179529 0.70395 0.109148 1.91183e-05 0.00735415 
0.21465 0.422353 0.0397638 0.011139 0.312094 
0.0303876 0.944711 0.0233678 2.32093e-05 0.00151086 
0.0421923 0.780452 0.176648 1.20858e-06 0.000707445 
0.256336 0.40819 0.278671 0.0158083 0.0409952 
0.327578 0.559222 0.0980254 0.000137883 0.0150367 
0.1613 0.740844 0.0679371 0.00682665 0.0230915 
0.148706 0.828562 0.0210216 0.000127568 0.00158259 
0.100744 0.76971 0.0346404 0.00380432 0.091101 
0.179528 0.807586 0.00894261 5.06528e-05 0.00389274 
0.118497 0.764355 0.106283 0.000867086 0.00999799 
0.11926 0.809823 0.0475026 0.000480219 0.0229342 
0.307749 0.584438 0.103933 0.000325947 0.00355409 
0.183581 0.802647 0.00988515 5.06596e-05 0.00383606 
0.0303876 0.944711 0.0233678 2.32093e-05 0.00151086 
0.24264 0.653121 0.0855219 0.000256085 0.0184612 
0.175457 0.686043 0.100946 0.00292153 0.0346315 
0.202896 0.687125 0.0634073 0.00384216 0.0427302 
0.320449 0.345939 0.322494 0.000176582 0.0109403 
0.0668754 0.856897 0.0552192 0.000923005 0.0200858 
0.162475 0.645119 0.14247 0.000122296 0.0498141 
0.181461 0.664808 0.0776182 0.0112184 0.0648944 
0.491062 0.491086 0.0175761 1.59295e-05 0.000260205 
0.20365 0.560694 0.163473 0.000695733 0.0714865 
0.0947261 0.547993 0.346334 0.000137917 0.0108088 
0.13893 0.464469 0.309216 0.0206796 0.0667056 
0.19312 0.537914 0.210015 0.0133415 0.0456093 
0.0906445 0.849446 0.0588711 7.37657e-06 0.00103135 
0.18361 0.792849 0.0186922 0.000344109 0.00450533 
0.151226 0.751823 0.0753693 3.83668e-05 0.0215428 
0.0961669 0.841243 0.0424572 7.1827e-06 0.0201253 
0.204211 0.67596 0.109682 0.000133049 0.0100133 
0.352775 0.493177 0.132549 0.000423672 0.0210752 
0.221847 0.630792 0.110071 0.000424482 0.0368651 
0.127751 0.783612 0.0848518 4.502e-05 0.00374047 
0.052685 0.917373 0.024322 2.03204e-06 0.00561767 
0.0813616 0.846558 0.0505834 7.95371e-05 0.0214176 
0.184249 0.718513 0.0656558 0.00329963 0.0282821 
0.121402 0.540139 0.327433 1.6886e-05 0.0110093 
0.2915 0.539918 0.0138295 0.00107253 0.15368 
0.299323 0.530429 0.0572248 0.000310748 0.112712 
0.219524 0.603782 0.111235 0.00453411 0.0609246 
0.0642296 0.914519 0.012561 8.97827e-05 0.00860073 
0.267615 0.340782 0.0524461 0.0055125 0.333645 
0.120507 0.66687 0.211322 4.82637e-06 0.00129549 
0.161732 0.783396 0.0503498 7.76551e-05 0.00444512 
0.25871 0.585431 0.0507699 0.00157331 0.103516 
0.366708 0.590539 0.0335254 0.00829448 0.000932783 
0.238695 0.631594 0.113821 0.00166925 0.0142219 
0.0578257 0.924694 0.0148757 1.24948e-05 0.0025925 
0.262171 0.682782 0.0487412 2.60416e-06 0.00630367 
0.22082 0.668243 0.100903 0.000271375 0.00976202 
0.276592 0.574479 0.0663071 0.00197696 0.0806447 
0.374698 0.603982 0.0176136 6.73226e-06 0.00370011 
0.152421 0.523899 0.242646 0.00351894 0.0775158 
0.119708 0.861282 0.0158581 0.000179408 0.00297292 
0.156158 0.79321 0.011974 0.00292718 0.0357312 
0.0192208 0.926102 0.0539457 6.06924e-08 0.000731219 
0.135515 0.841876 0.0209194 0.000110376 0.00157886 
0.205454 0.755817 0.0350558 7.00216e-05 0.00360358 
0.17904 0.733813 0.0456355 0.00253689 0.0389752 
0.105658 0.813823 0.0770722 0.00143255 0.00201376 
0.105824 0.512678 0.37942 6.05967e-05 0.00201783 
0.0248632 0.947071 0.0266859 1.90418e-05 0.00136105 
0.123746 0.735174 0.136145 3.69713e-05 0.00489783 
0.124902 0.858578 0.0118403 0.000191342 0.00448877 
0.0986858 0.889853 0.00805646 0.000207905 0.00319642 
0.377668 0.442011 0.131568 0.000834251 0.0479189 
0.305363 0.654582 0.0353654 3.07786e-05 0.00465894 
0.213071 0.653487 0.108611 0.00179544 0.0230343 
0.321969 0.535011 0.117459 0.000626566 0.0249343 
0.0514898 0.868736 0.0774043 4.19125e-07 0.00236911 
0.280142 0.617559 0.0746134 0.0206528 0.00703231 
0.127273 0.86187 0.00796175 0.000178751 0.00271626 
0.153796 0.526804 0.254108 0.0169556 0.0483355 
0.0465262 0.94073 0.00801504 0.000340142 0.00438856 
0.23802 0.578019 0.159165 0.000164237 0.024631 
0.228372 0.605148 0.124955 5.78688e-07 0.0415253 
0.00502895 0.991681 0.00317535 7.79628e-06 0.000106641 
0.283987 0.655091 0.0519102 5.48718e-05 0.00895648 
0.215345 0.745239 0.0364064 4.63424e-05 0.00296393 
0.13484 0.842748 0.0206055 0.000265528 0.00154097 
0.190404 0.5813 0.205523 7.22894e-05 0.0227011 
0.379373 0.480333 0.115193 0.00280878 0.0222917 
0.318176 0.543765 0.0704485 0.000703265 0.0669065 
0.167327 0.785303 0.0278804 5.87513e-05 0.0194304 
0.26671 0.656508 0.0620582 0.000318312 0.0144056 
0.22758 0.526509 0.231666 0.00045568 0.0137888 
0.116874 0.82527 0.0134422 6.36162e-05 0.04435 
0.22632 0.361078 0.189511 0.0962093 0.126882 
0.357597 0.5696 0.065184 0.000330203 0.00728899 
0.262298 0.628511 0.107019 4.7195e-05 0.00212415 
0.191306 0.520798 0.205639 0.00547475 0.0767827 
0.0858792 0.878438 0.0136851 0.000382871 0.0216149 
0.206428 0.485077 0.258706 0.0104151 0.0393738 
0.0325406 0.797856 0.155101 7.60573e-05 0.0144261 
0.139941 0.801355 0.034066 0.00883132 0.0158071 
0.120463 0.864374 0.00780283 0.00334629 0.0040141 
0.188482 0.576911 0.225566 8.83623e-06 0.00903238 
0.0273276 0.938393 0.0212337 5.83323e-06 0.0130395 
0.0986858 0.889853 0.00805646 0.000207905 0.00319642 
0.219942 0.664361 0.0869222 0.00184012 0.0269348 
0.170128 0.816258 0.0114607 5.66275e-07 0.00215282 
0.190052 0.719498 0.0716125 3.91325e-06 0.0188339 
0.243838 0.566771 0.148051 0.00663038 0.0347088 
0.227624 0.648727 0.0481044 0.00924471 0.0662994 
0.205173 0.6353 0.127599 0.000732472 0.0311951 
0.112544 0.744056 0.116724 1.08429e-07 0.0266762 
0.0532218 0.894765 0.0222317 1.01051e-06 0.02978 
0.20099 0.658134 0.0976887 0.00984382 0.0333445 
0.2915 0.539918 0.0138295 0.00107253 0.15368 
0.0654334 0.815939 0.0714573 0.000393527 0.0467763 
0.307749 0.584438 0.103933 0.000325947 0.00355409 
0.331988 0.500251 0.166983 7.0784e-05 0.0007066 
0.170259 0.582565 0.129453 0.00135391 0.116368 
0.119528 0.439997 0.1637 0.0106621 0.266112 
0.060322 0.885052 0.0405681 3.12854e-06 0.0140552 
0.107762 0.855128 0.00976985 3.50909e-05 0.0273048 
0.0839402 0.885258 0.0183927 1.6223e-06 0.012408 
0.311906 0.419465 0.196961 0.00264644 0.069022 
0.104957 0.406058 0.0681142 0.134882 0.285989 
0.227624 0.648727 0.0481044 0.00924471 0.0662994 
0.140451 0.834658 0.0217566 0.000244053 0.00289081 
0.00651595 0.925962 0.0385735 2.3658e-06 0.0289466 
0.197119 0.752074 0.0149006 0.00016765 0.0357389 
0.336982 0.570659 0.0769927 0.000988015 0.0143785 
0.255259 0.467494 0.226531 0.000583176 0.0501325 
0.207237 0.691413 0.0627621 0.00300939 0.0355786 
0.118423 0.868109 0.00945278 0.000249484 0.00376543 
0.135515 0.841876 0.0209194 0.000110376 0.00157886 
0.109147 0.876097 0.00833215 9.15019e-06 0.00641494 
0.372154 0.41533 0.210104 2.7489e-05 0.00238532 
0.0723241 0.91571 0.0101357 0.000209114 0.00162106 
0.00651595 0.925962 0.0385735 2.3658e-06 0.0289466 
0.283832 0.519543 0.137385 0.000511752 0.0587273 
0.071883 0.893728 0.0108745 0.00101206 0.0225025 
0.281937 0.561598 0.0999249 0.000130783 0.0564097 
0.195838 0.669764 0.104826 0.000182848 0.0293894 
0.0912237 0.882322 0.0247813 5.74737e-05 0.00161514 
0.0723241 0.91571 0.0101357 0.000209114 0.00162106 
0.140997 0.789705 0.0534043 0.000425046 0.0154684 
0.0707597 0.920451 0.00749109 7.05515e-05 0.00122765 
0.273055 0.507133 0.142025 0.0072573 0.0705292 
0.0167568 0.586766 0.391761 7.0306e-05 0.00464659 
0.0642997 0.712151 0.114248 0.0146005 0.0947009 
0.129567 0.716467 0.152418 6.90141e-06 0.0015411 
0.088126 0.878888 0.0224813 4.40663e-06 0.0105005 
0.0837669 0.894326 0.0113707 0.000388025 0.0101483 
0.0826089 0.904392 0.00789553 0.000359201 0.00474447 
0.372154 0.41533 0.210104 2.7489e-05 0.00238532 
0.248152 0.585622 0.141036 0.00520586 0.019984 
0.224298 0.693258 0.047991 0.00143886 0.0330144 
0.150204 0.835498 0.0111181 4.14896e-05 0.00313876 
0.135515 0.841876 0.0209194 0.000110376 0.00157886 
0.159363 0.781448 0.0405808 7.20964e-05 0.0185363 
0.0425209 0.906883 0.0415178 0.00530918 0.00376941 
0.239049 0.496488 0.218505 0.00201829 0.0439395 
0.252294 0.708301 0.0281382 0.000103613 0.0111633 
0.271621 0.653056 0.0475766 0.00120164 0.0265443 
0.352372 0.558359 0.0268059 0.00219667 0.0602671 
0.102992 0.73071 0.109196 5.2322e-07 0.0571015 
0.227624 0.648727 0.0481044 0.00924471 0.0662994 
0.133996 0.711302 0.133566 0.0042296 0.0169058 
0.177232 0.665474 0.135291 0.0046959 0.017307 
0.103741 0.667776 0.194887 0.0315866 0.00200863 
0.449021 0.457965 0.0751354 2.61473e-05 0.0178524 
0.309246 0.553244 0.0963787 0.000191272 0.0409394 
0.105643 0.881155 0.0101906 1.29428e-05 0.00299818 
0.138006 0.823488 0.0126546 7.18774e-05 0.0257798 
0.235733 0.714173 0.0454355 6.13815e-06 0.00465187 
0.438808 0.454661 0.0981534 0.00173018 0.00664742 
0.0555515 0.932105 0.00626414 0.0004373 0.00564236 
0.151174 0.806883 0.025813 0.000146885 0.015983 
0.2021 0.598896 0.059829 0.000591385 0.138583 
0.162636 0.678604 0.0586678 0.0868163 0.0132757 
0.199825 0.382554 0.283825 0.00016172 0.133633 
0.194906 0.445632 0.0637979 4.23283e-05 0.295622 
0.0995706 0.799654 0.0859054 0.000209978 0.0146599 
0.208857 0.603514 0.0305817 0.0154832 0.141564 
0.186549 0.782458 0.0280514 5.65462e-05 0.00288497 
0.314461 0.658131 0.00609837 0.000998911 0.0203108 
0.00651595 0.925962 0.0385735 2.3658e-06 0.0289466 
0.258771 0.645253 0.064961 0.000205453 0.0308092 
0.203687 0.645155 0.146807 0.000140021 0.00421039 
0.0995117 0.825418 0.0325716 0.00240186 0.0400968 
0.0437881 0.814476 0.081162 6.01965e-05 0.0605137 
0.0986858 0.889853 0.00805646 0.000207905 0.00319642 
0.0986858 0.889853 0.00805646 0.000207905 0.00319642 
0.360997 0.509745 0.0422399 0.00150862 0.0855103 
0.139473 0.73595 0.113148 0.000103066 0.0113267 
0.208857 0.603514 0.0305817 0.0154832 0.141564 
0.0950339 0.695186 0.160065 0.000161305 0.0495543 
0.00431645 0.99175 0.000486886 8.97945e-05 0.00335713 
0.0289824 0.924011 0.0353897 3.60317e-05 0.0115812 
0.179611 0.744432 0.0674976 0.00215287 0.00630701 
0.179528 0.807586 0.00894261 5.06528e-05 0.00389274 
0.135515 0.841876 0.0209194 0.000110376 0.00157886 
0.170715 0.688342 0.138369 0.000133626 0.00244001 
0.394767 0.412042 0.131749 0.00253566 0.0589069 
0.154347 0.362338 0.115753 0.00586398 0.361699 
0.0361692 0.850753 0.0941502 9.7449e-05 0.0188298 
0.148551 0.804116 0.0210247 0.000163919 0.0261449 
0.281001 0.332406 0.315101 0.00452926 0.0669631 
0.169404 0.76395 0.0370861 1.87101e-05 0.0295416 
0.158914 0.802115 0.035576 0.000184579 0.0032098 
0.0729664 0.899143 0.0272859 2.29137e-06 0.000602891 
0.212439 0.706436 0.0671932 8.6274e-05 0.0138451 
0.105342 0.694655 0.138463 0.00391408 0.057625 
0.200578 0.664138 0.11044 7.53357e-05 0.0247681 
0.094151 0.824249 0.0214256 0.00396783 0.0562068 
0.273142 0.629469 0.071818 7.30777e-05 0.0254985 
0.135515 0.841876 0.0209194 0.000110376 0.00157886 
0.327722 0.551292 0.105842 7.33248e-05 0.0150706 
0.324371 0.649029 0.0231417 1.07808e-08 0.00345821 
0.104543 0.853487 0.0296978 1.71168e-05 0.0122544 
0.125648 0.854018 0.0188369 7.99474e-05 0.00141686 
0.13484 0.842748 0.0206055 0.000265528 0.00154097 
0.0950058 0.788148 0.113236 1.43086e-05 0.00359677 
0.0758445 0.895261 0.0232195 9.9554e-05 0.00557596 
0.0416514 0.896365 0.061391 1.08968e-06 0.000591859 
0.0218013 0.965329 0.00904583 6.32521e-05 0.00376087 
0.0859572 0.667074 0.191059 2.43086e-05 0.0558861 
0.166401 0.784997 0.0285045 0.000169412 0.0199289 
0.105721 0.403102 0.402601 0.00081327 0.0877627 
0.109835 0.453096 0.420504 0.000584557 0.0159813 
0.249129 0.55595 0.181072 0.00014231 0.0137066 
0.144663 0.812248 0.0171226 0.00185186 0.0241145 
0.154952 0.575052 0.234126 0.000341814 0.0355287 
0.0692806 0.904144 0.0167661 0.000139502 0.00967008 
0.314496 0.392247 0.185272 0.0079284 0.100057 
0.230189 0.669301 0.0931676 0.00105175 0.00629107 
0.235382 0.616588 0.121715 0.00373834 0.0225775 
0.167889 0.643515 0.166785 0.000939804 0.0208713 
0.260249 0.730899 0.00646658 5.43691e-05 0.00233117 
0.267593 0.68456 0.0440667 8.44458e-05 0.00369577 
0.0555515 0.932105 0.00626414 0.0004373 0.00564236 
0.185798 0.79066 0.0207748 4.10841e-05 0.00272558 
0.120166 0.863856 0.0141137 0.000227912 0.00163562 
0.236609 0.61514 0.108836 0.00161635 0.0377987 
0.00651595 0.925962 0.0385735 2.3658e-06 0.0289466 
0.00651595 0.925962 0.0385735 2.3658e-06 0.0289466 
0.11004 0.848876 0.0251816 3.93226e-05 0.0158628 
0.15252 0.814791 0.0119322 0.000242089 0.0205144 
0.0986858 0.889853 0.00805646 0.000207905 0.00319642 
0.213055 0.769587 0.0122736 0.000105244 0.00497956 
0.125648 0.854018 0.0188369 7.99474e-05 0.00141686 
0.328132 0.382419 0.196692 0.000368313 0.0923891 
0.169597 0.516892 0.269101 2.04945e-06 0.0444089 
0.189088 0.755294 0.0159803 0.00127261 0.0383642 
0.220271 0.687478 0.0702947 0.0044611 0.0174952 
0.00651595 0.925962 0.0385735 2.3658e-06 0.0289466 
0.0986858 0.889853 0.00805646 0.000207905 0.00319642 
0.161179 0.812877 0.0161775 0.000218182 0.00954872 
0.313459 0.40636 0.0832065 0.00047127 0.196503 
0.154323 0.452286 0.391039 1.01895e-05 0.00234196 
0.125648 0.854018 0.0188369 7.99474e-05 0.00141686 
0.116012 0.855373 0.023372 0.000758276 0.00448471 
0.143218 0.600054 0.0229764 0.145147 0.088605 
0.124902 0.858578 0.0118403 0.000191342 0.00448877 
0.0726444 0.874605 0.00923111 6.0711e-05 0.0434585 
0.117737 0.700799 0.0528875 5.10284e-05 0.128526 
0.218332 0.690795 0.0878821 5.53725e-06 0.00298528 
0.135515 0.841876 0.0209194 0.000110376 0.00157886 
0.19082 0.644974 0.144177 0.00243041 0.0175984 
0.289435 0.583892 0.125967 7.56754e-05 0.000630658 
0.00651595 0.925962 0.0385735 2.3658e-06 0.0289466 
0.329732 0.508879 0.157209 1.74488e-05 0.00416318 
0.281937 0.561598 0.0999249 0.000130783 0.0564097 
0.359056 0.601867 0.0364144 7.43874e-06 0.00265487 
0.150482 0.825546 0.02315 1.60436e-05 0.00080571 
0.181537 0.731853 0.0702518 0.000154183 0.0162044 
0.0787681 0.755186 0.164167 1.00018e-05 0.00186944 
0.0183882 0.97149 0.00967304 5.99983e-06 0.000442963 
0.262463 0.600193 0.137175 3.27702e-06 0.000166209 
0.00542668 0.988816 0.005743 5.28952e-07 1.37589e-05 
0.174054 0.422771 0.22548 0.0175958 0.160099 
0.253785 0.548751 0.16514 0.000195576 0.0321278 
0.101741 0.812843 0.0374166 6.88525e-08 0.0479995 
0.0726444 0.874605 0.00923111 6.0711e-05 0.0434585 
0.270496 0.611719 0.0966622 0.000274078 0.0208482 
0.423187 0.508245 0.0597399 0.0001043 0.00872375 
0.208819 0.53371 0.237347 0.000642905 0.0194809 
0.322852 0.459812 0.0653858 0.00817635 0.143773 
0.241081 0.394711 0.303529 0.00647576 0.054203 
0.277543 0.475022 0.178606 0.00361661 0.0652129 
0.00651595 0.925962 0.0385735 2.3658e-06 0.0289466 
0.234927 0.625423 0.0760923 0.00892803 0.0546296 
0.325766 0.605521 0.063525 0.000139439 0.00504857 
0.170715 0.688342 0.138369 0.000133626 0.00244001 
0.141544 0.812034 0.0268596 0.0110573 0.008505 
0.0953495 0.863197 0.0344262 6.05274e-06 0.0070216 
0.167386 0.652794 0.0100975 0.00337677 0.166345 
0.14611 0.700001 0.111308 0.00101825 0.0415634 
0.182731 0.571207 0.236258 1.10876e-05 0.00979237 
0.0775371 0.903903 0.0173143 2.12861e-05 0.00122476 
0.0948019 0.846234 0.0448804 6.63133e-05 0.0140176 
0.300426 0.52547 0.123934 0.00345813 0.0467126 
0.245176 0.377211 0.294852 0.0315919 0.05117 
0.120996 0.810872 0.0641381 2.62102e-06 0.00399054 
0.205454 0.755817 0.0350558 7.00216e-05 0.00360358 
0.442164 0.517966 0.0239485 0.000322486 0.0155997 
0.236345 0.686262 0.0752935 3.9649e-05 0.00206006 
0.299337 0.555905 0.111037 0.00133948 0.0323812 
0.314496 0.392247 0.185272 0.0079284 0.100057 
0.132937 0.827039 0.0141552 0.0018564 0.0240129 
6.4847e-05 0.944362 0.0330554 3.28937e-06 0.0225145 
0.11304 0.874948 0.00902015 0.000235768 0.002756 
0.0947936 0.752325 0.146533 1.716e-05 0.0063309 
0.152328 0.680305 0.156951 0.000488641 0.00992733 
0.190236 0.72777 0.0700186 3.9933e-05 0.0119352 
0.115862 0.836497 0.0353933 5.06657e-07 0.012247 
0.0726444 0.874605 0.00923111 6.0711e-05 0.0434585 
0.0726444 0.874605 0.00923111 6.0711e-05 0.0434585 
0.368895 0.415288 0.0758229 3.92412e-05 0.139954 
0.0534664 0.886401 0.0512262 0.000103977 0.00880246 
0.354198 0.478059 0.1019 0.00187754 0.0639654 
0.330549 0.58944 0.0650729 0.000460926 0.0144771 
0.142942 0.780385 0.052984 0.00168132 0.0220081 
0.224826 0.578774 0.11555 0.00122202 0.0796273 
0.151261 0.633433 0.213457 7.68006e-06 0.00184121 
0.0940103 0.874744 0.0114911 0.0027773 0.0169772 
0.0303876 0.944711 0.0233678 2.32093e-05 0.00151086 
0.396533 0.544741 0.0501259 0.000403146 0.00819695 
0.353504 0.626114 0.0184892 0.000162579 0.00173004 
0.216928 0.548615 0.222924 3.29759e-05 0.0115002 
0.203904 0.765901 0.0254867 0.000349685 0.00435918 
0.262206 0.66205 0.0493092 0.000208521 0.0262262 
0.387451 0.553499 0.0459863 0.00050055 0.0125627 
0.117834 0.827918 0.0183382 6.77014e-05 0.0358418 
0.065498 0.898473 0.0102518 0.000294227 0.0254834 
0.260662 0.40473 0.279138 0.0028744 0.0525959 
0.318154 0.495944 0.0954679 0.0014522 0.0889815 
0.0749973 0.899431 0.00901 0.000271225 0.0162906 
0.00789491 0.934116 0.0545687 2.31444e-08 0.00342009 
0.0986858 0.889853 0.00805646 0.000207905 0.00319642 
0.118423 0.868109 0.00945278 0.000249484 0.00376543 
0.211688 0.690677 0.0193246 0.0046885 0.0736214 
0.176874 0.759648 0.0513463 0.000147991 0.0119833 
0.0726444 0.874605 0.00923111 6.0711e-05 0.0434585 
0.173206 0.693791 0.129578 8.97021e-05 0.00333519 
0.135515 0.841876 0.0209194 0.000110376 0.00157886 
0.277145 0.523909 0.157991 0.00150974 0.0394459 
0.167619 0.737521 0.0395671 0.000661409 0.0546313 
0.0986858 0.889853 0.00805646 0.000207905 0.00319642 
0.217148 0.743741 0.0286612 0.000138526 0.0103108 
0.065498 0.898473 0.0102518 0.000294227 0.0254834 
0.20896 0.490214 0.225246 0.000952971 0.0746266 
0.240841 0.579397 0.150495 0.00939664 0.0198708 
0.308658 0.486559 0.172832 3.73737e-06 0.0319475 
0.189736 0.718164 0.0692494 0.00205898 0.0207911 
0.165412 0.771875 0.058625 3.70069e-06 0.00408384 
0.224988 0.655328 0.104008 0.00189909 0.0137777 
0.301458 0.484902 0.0384826 0.0117397 0.163418 
0.197277 0.653885 0.0324984 6.83068e-05 0.116271 
0.0397683 0.62538 0.235521 0.000271947 0.0990588 
0.291333 0.498593 0.195546 0.00502724 0.00950181 
0.228155 0.653335 0.108474 9.5346e-05 0.00994052 
0.0486711 0.769947 0.142446 0.000473548 0.0384623 
0.109675 0.625082 0.250204 0.00162554 0.0134139 
0.00431645 0.99175 0.000486886 8.97945e-05 0.00335713 
0.201874 0.74581 0.0474921 2.64878e-06 0.00482118 
0.0661616 0.915093 0.00692574 0.000291551 0.0115276 
0.145488 0.599048 0.248524 9.10208e-05 0.00684856 
0.269789 0.672538 0.038494 0.0020198 0.0171593 
0.154105 0.734625 0.0172024 0.00639141 0.0876761 
0.208053 0.590226 0.163215 0.00340298 0.0351035 
0.158361 0.713584 0.123973 2.44681e-05 0.0040568 
0.071884 0.842956 0.0705639 2.16712e-05 0.014574 
0.212888 0.646307 0.113524 0.000870117 0.0264112 
0.0382895 0.884452 0.0750665 1.78969e-06 0.00219067 
0.118423 0.868109 0.00945278 0.000249484 0.00376543 
0.314605 0.461776 0.0965993 0.000577585 0.126443 
0.349263 0.376972 0.271075 3.28234e-05 0.00265693 
0.11004 0.848876 0.0251816 3.93226e-05 0.0158628 
0.327265 0.452214 0.198737 0.00231412 0.0194701 
0.199974 0.692574 0.0808974 0.00116901 0.0253853 
0.125663 0.854509 0.00787645 4.92386e-05 0.011902 
0.0925298 0.899137 0.0047186 0.0018815 0.00173296 
0.218322 0.430022 0.333116 2.78156e-05 0.0185115 
0.219745 0.5177 0.232305 0.000392722 0.029858 
0.156696 0.775548 0.0597965 2.433e-05 0.00793575 
0.0303876 0.944711 0.0233678 2.32093e-05 0.00151086 
0.186685 0.722219 0.0598444 0.000933569 0.0303181 
0.065498 0.898473 0.0102518 0.000294227 0.0254834 
0.147556 0.424066 0.405158 0.00162966 0.0215912 
0.125742 0.760608 0.0865944 0.00119277 0.0258628 
0.197119 0.752074 0.0149006 0.00016765 0.0357389 
0.11004 0.848876 0.0251816 3.93226e-05 0.0158628 
0.162731 0.738074 0.0912673 0.00336916 0.00455848 
0.00651595 0.925962 0.0385735 2.3658e-06 0.0289466 
0.197119 0.752074 0.0149006 0.00016765 0.0357389 
0.0810106 0.904141 0.012136 9.87226e-05 0.00261394 
0.195485 0.618658 0.152187 0.00014166 0.0335281 
0.267669 0.377729 0.0550059 0.14992 0.149676 
0.102613 0.850511 0.0346285 0.000157303 0.0120896 
0.263466 0.398878 0.333156 6.29963e-05 0.00443731 
0.189691 0.75862 0.0155658 0.00421553 0.0319076 
0.167682 0.55629 0.11784 0.0033484 0.15484 
0.256653 0.447802 0.0554313 0.00385849 0.236255 
0.0986858 0.889853 0.00805646 0.000207905 0.00319642 
0.208949 0.716577 0.0339298 0.00164933 0.038895 
0.349586 0.474128 0.162975 0.000188509 0.0131225 
0.37435 0.517461 0.0855561 0.000174217 0.0224582 
0.316766 0.393509 0.122555 0.0287267 0.138443 
0.0527499 0.882501 0.0503007 4.29882e-05 0.0144054 
0.118423 0.868109 0.00945278 0.000249484 0.00376543 
0.065498 0.898473 0.0102518 0.000294227 0.0254834 
0.278188 0.439769 0.240652 0.000962084 0.0404292 
0.180493 0.653325 0.0641913 0.000317911 0.101673 
0.283073 0.593662 0.0961792 4.93641e-06 0.0270809 
0.135515 0.841876 0.0209194 0.000110376 0.00157886 
0.117164 0.85536 0.0219951 0.000421784 0.00505971 
0.128373 0.646557 0.191328 5.63644e-05 0.0336851 
0.0729664 0.899143 0.0272859 2.29137e-06 0.000602891 
0.0830199 0.750665 0.158943 0.000104023 0.00726803 
0.104561 0.882064 0.00870465 0.000252234 0.00441781 
0.0729664 0.899143 0.0272859 2.29137e-06 0.000602891 
0.117953 0.630864 0.225169 0.00165986 0.0243531 
0.113799 0.844747 0.0311269 5.02268e-05 0.0102777 
0.0986858 0.889853 0.00805646 0.000207905 0.00319642 
0.124382 0.789708 0.0572144 0.00119843 0.0274973 
0.400646 0.416043 0.147575 0.00218639 0.0335496 
0.0986858 0.889853 0.00805646 0.000207905 0.00319642 
0.112649 0.824932 0.0463966 5.95612e-05 0.015962 
0.0986858 0.889853 0.00805646 0.000207905 0.00319642 
0.277293 0.456797 0.23749 0.000731984 0.0276882 
0.313459 0.40636 0.0832065 0.00047127 0.196503 
0.131776 0.79372 0.0633922 2.90442e-05 0.0110829 
0.195857 0.661296 0.0898626 0.000780356 0.0522041 
0.350526 0.471829 0.151163 0.00214279 0.0243396 
0.0729664 0.899143 0.0272859 2.29137e-06 0.000602891 
0.0578257 0.924694 0.0148757 1.24948e-05 0.0025925 
0.266971 0.532483 0.0385844 0.000287552 0.161673 
0.180135 0.769903 0.0331821 8.79054e-05 0.0166917 
0.125648 0.854018 0.0188369 7.99474e-05 0.00141686 
0.0986858 0.889853 0.00805646 0.000207905 0.00319642 
0.263828 0.406487 0.325897 0.000859991 0.00292745 
0.32375 0.596113 0.0576554 0.00525774 0.0172237 
0.33136 0.504988 0.154705 0.000112026 0.00883545 
0.107 0.834114 0.023846 0.00107016 0.0339701 
0.0723241 0.91571 0.0101357 0.000209114 0.00162106 
0.141687 0.817931 0.0170347 0.00206107 0.0212862 
0.262171 0.682782 0.0487412 2.60416e-06 0.00630367 
0.201281 0.710692 0.0654455 0.00340945 0.0191722 
0.117834 0.827918 0.0183382 6.77014e-05 0.0358418 
0.416531 0.42965 0.139213 0.000168498 0.0144375 
0.353771 0.426544 0.21866 0.000206617 0.000817699 
0.302591 0.324113 0.146371 0.00805114 0.218874 
0.120165 0.800586 0.0629119 2.62167e-05 0.0163106 
0.132286 0.850042 0.010065 5.79115e-05 0.00754921 
0.131679 0.713235 0.14742 8.92633e-05 0.00757682 
0.368629 0.372967 0.200163 0.00811609 0.0501252 
0.165206 0.743413 0.0887078 8.63267e-05 0.00258758 
0.275025 0.575867 0.130904 6.09842e-06 0.0181979 
0.2915 0.539918 0.0138295 0.00107253 0.15368 
0.284547 0.55151 0.127073 0.000509982 0.0363598 
0.325766 0.605521 0.063525 0.000139439 0.00504857 
0.278751 0.430982 0.261697 8.65601e-05 0.0284835 
0.322633 0.329222 0.193857 0.0919172 0.0623698 
0.00651595 0.925962 0.0385735 2.3658e-06 0.0289466 
0.183901 0.70753 0.0578508 0.034139 0.0165793 
0.0303876 0.944711 0.0233678 2.32093e-05 0.00151086 
0.0727281 0.784751 0.113257 7.01116e-05 0.0291943 
0.0988833 0.654341 0.231257 0.000252507 0.015266 
0.140051 0.75935 0.0716248 0.0120933 0.0168818 
0.0729664 0.899143 0.0272859 2.29137e-06 0.000602891 
0.0322869 0.93691 0.023602 1.1786e-05 0.00718977 
0.33114 0.378814 0.285655 5.30884e-06 0.0043855 
0.276313 0.49007 0.167866 0.00370053 0.0620507 
0.382256 0.439545 0.0909054 0.000219774 0.0870732 
0.156585 0.574696 0.160527 0.00435235 0.10384 
0.125232 0.705847 0.0120498 0.0144357 0.142436 
0.100291 0.788969 0.0926857 0.00401753 0.0140364 
0.248954 0.579835 0.0994897 0.000545752 0.0711765 
0.0929719 0.891818 0.0130316 0.000268859 0.00190918 
0.189984 0.313631 0.284877 0.000671928 0.210836 
0.10232 0.860477 0.0337773 0.00100834 0.00241762 
0.123884 0.523463 0.328224 2.48251e-06 0.0244266 
0.227931 0.554247 0.0279231 0.00467081 0.185227 
0.221906 0.615275 0.0373535 1.31672e-05 0.125452 
0.0986858 0.889853 0.00805646 0.000207905 0.00319642 
0.157011 0.793547 0.0139615 8.91575e-06 0.0354718 
0.262148 0.377588 0.302623 0.000179206 0.0574611 
0.13484 0.842748 0.0206055 0.000265528 0.00154097 
0.210041 0.557994 0.165892 0.000625505 0.0654463 
0.00532623 0.987501 0.00060166 0.000101155 0.00646982 
0.269768 0.43252 0.2421 0.00151638 0.0540953 
0.333767 0.44724 0.0517848 0.0806892 0.0865198 
0.0530907 0.910697 0.0339275 0.000154818 0.00213009 
0.0726444 0.874605 0.00923111 6.0711e-05 0.0434585 
0.1369 0.726733 0.124859 7.58874e-06 0.0115004 
0.255022 0.637505 0.0743203 0.000241341 0.0329117 
0.0698244 0.912807 0.0162592 7.90669e-06 0.00110129 
0.196144 0.731234 0.0536046 0.0100539 0.00896358 
0.236148 0.710245 0.0440782 0.00324622 0.00628346 
0.00651595 0.925962 0.0385735 2.3658e-06 0.0289466 
0.30535 0.502098 0.158339 0.000230779 0.033983 
0.120463 0.864374 0.00780283 0.00334629 0.0040141 
0.125648 0.854018 0.0188369 7.99474e-05 0.00141686 
0.223367 0.666921 0.0988013 3.15045e-05 0.0108787 
0.0734878 0.905716 0.0169153 0.00102054 0.00286018 
0.0903783 0.726241 0.126013 0.0448525 0.0125149 
0.295228 0.42211 0.256215 3.72718e-05 0.0264098 
0.288726 0.469188 0.179901 0.0274756 0.0347092 
0.106167 0.822613 0.046631 9.94485e-05 0.0244894 
0.114703 0.491875 0.175499 0.000481554 0.217441 
0.223842 0.598642 0.153041 0.00176663 0.0227082 
0.245176 0.377211 0.294852 0.0315919 0.05117 
0.125648 0.854018 0.0188369 7.99474e-05 0.00141686 
0.0919697 0.893644 0.00887925 0.000415194 0.00509162 
0.111307 0.849906 0.0375341 2.5853e-05 0.00122712 
0.315174 0.581203 0.0334603 0.000236407 0.0699264 
0.333507 0.52272 0.133252 0.000143575 0.0103785 
0.0984311 0.459993 0.337787 0.000740584 0.103048 
0.232558 0.58838 0.154666 0.000727199 0.0236685 
0.279994 0.626369 0.0386202 0.000658515 0.0543591 
0.263516 0.42928 0.186433 0.0117741 0.108997 
0.148592 0.676186 0.172318 2.7109e-05 0.00287674 
0.175159 0.762964 0.0343851 0.00292163 0.0245701 
0.314496 0.392247 0.185272 0.0079284 0.100057 
0.142722 0.797163 0.0534353 2.72121e-05 0.00665258 
0.0986858 0.889853 0.00805646 0.000207905 0.00319642 
0.125648 0.854018 0.0188369 7.99474e-05 0.00141686 
0.174077 0.805678 0.00720905 2.27992e-05 0.0130131 
0.0986858 0.889853 0.00805646 0.000207905 0.00319642 
0.130058 0.831848 0.0204824 0.000479418 0.0171312 
0.255036 0.677684 0.0654796 0.000163164 0.00163747 
0.432095 0.505266 0.0476041 0.0018133 0.0132219 
0.163132 0.68625 0.113058 0.0051532 0.0324066 
0.263819 0.583525 0.0842869 0.000238579 0.0681301 
0.137358 0.480151 0.336722 3.78287e-05 0.045732 
0.184722 0.701501 0.0282904 0.00503358 0.0804523 
0.0727182 0.834481 0.0590151 1.62791e-05 0.0337692 
0.297217 0.556653 0.129515 0.00369954 0.0129165 
0.0475089 0.937108 0.0131912 7.17347e-06 0.00218499 
0.179011 0.622827 0.185973 0.00206497 0.0101243 
0.0369147 0.948129 0.00976482 8.00181e-05 0.00511105 
0.404512 0.574636 0.0142804 2.1936e-05 0.00655019 
0.303123 0.642589 0.00675683 1.96448e-05 0.047512 
0.308913 0.317557 0.222918 0.0209578 0.129654 
0.298874 0.673475 0.0254379 5.55722e-05 0.00215715 
0.202949 0.706359 0.0812215 4.48561e-05 0.00942553 
0.140318 0.791124 0.0578893 0.000316848 0.0103524 
0.202416 0.79065 0.00502957 4.22889e-05 0.00186253 
0.0961009 0.819779 0.0439547 3.91091e-05 0.0401258 
0.119488 0.86033 0.0139917 2.37057e-05 0.00616681 
0.251396 0.640226 0.0785389 5.56202e-05 0.0297833 
0.0760075 0.885261 0.0343631 0.000266121 0.00410189 
0.237842 0.585377 0.162573 0.000181099 0.0140267 
0.0726444 0.874605 0.00923111 6.0711e-05 0.0434585 
0.162452 0.736523 0.0178946 0.00435329 0.0787778 
0.297335 0.339225 0.297032 0.000170967 0.0662373 
0.288994 0.583139 0.0897286 0.000163661 0.037974 
0.148334 0.827115 0.0123706 0.000307829 0.0118733 
0.169304 0.46278 0.104859 0.0668091 0.196249 
0.179528 0.807586 0.00894261 5.06528e-05 0.00389274 
0.0729664 0.899143 0.0272859 2.29137e-06 0.000602891 
0.0776756 0.842809 0.0603747 3.3952e-05 0.0191066 
0.382256 0.439545 0.0909054 0.000219774 0.0870732 
0.101947 0.874173 0.0101995 0.000252947 0.0134274 
0.213283 0.649868 0.127988 0.000103215 0.00875764 
0.236366 0.495992 0.251007 0.00109105 0.0155446 
0.190066 0.399719 0.341799 0.000104528 0.0683107 
0.312337 0.410536 0.179285 0.0573797 0.0404608 
0.119246 0.65275 0.215524 0.000406718 0.0120727 
0.18209 0.737177 0.0588518 0.000735406 0.0211459 
0.229109 0.476363 0.165566 0.000198005 0.128764 
0.345969 0.51595 0.0780572 0.00142274 0.0586014 
0.114083 0.836834 0.0244449 0.000823185 0.0238149 
0.104544 0.86559 0.0167623 0.000131991 0.0129722 
0.191556 0.635788 0.132463 0.000349683 0.0398431 
0.13484 0.842748 0.0206055 0.000265528 0.00154097 
0.0946831 0.848792 0.0051965 0.0409718 0.010357 
0.0703603 0.630697 0.123776 0.000492659 0.174674 
0.14942 0.803495 0.0142435 0.00155321 0.0312885 
0.13484 0.842748 0.0206055 0.000265528 0.00154097 
0.208385 0.535251 0.231397 0.000115487 0.0248515 
0.0912804 0.852988 0.0460832 0.000167327 0.0094814 
0.0301222 0.859611 0.0894393 9.83985e-05 0.0207294 
0.217763 0.406169 0.371855 1.28121e-05 0.0041999 
0.0723241 0.91571 0.0101357 0.000209114 0.00162106 
0.0303876 0.944711 0.0233678 2.32093e-05 0.00151086 
0.00651595 0.925962 0.0385735 2.3658e-06 0.0289466 
0.259923 0.401104 0.299039 0.000672678 0.0392618 
0.235829 0.631612 0.0850091 0.00648438 0.0410652 
0.203762 0.570201 0.200743 0.00144929 0.0238447 
0.334272 0.55431 0.0671834 0.000646949 0.0435878 
0.165412 0.771875 0.058625 3.70069e-06 0.00408384 
0.0986858 0.889853 0.00805646 0.000207905 0.00319642 
0.186485 0.71138 0.0502602 0.016835 0.0350401 
0.358495 0.432261 0.157451 0.0117539 0.0400388 
0.295126 0.569352 0.0770153 0.000710812 0.0577959 
0.172652 0.480619 0.345102 3.81439e-05 0.00158776 
0.0872707 0.863018 0.0390526 1.09491e-07 0.0106584 
0.118423 0.868109 0.00945278 0.000249484 0.00376543 
0.0303876 0.944711 0.0233678 2.32093e-05 0.00151086 
0.098909 0.856961 0.0220331 3.03495e-05 0.022067 
0.157128 0.582641 0.245197 7.33033e-05 0.0149607 
0.108031 0.798829 0.0835823 0.000233739 0.00932417 
0.0303876 0.944711 0.0233678 2.32093e-05 0.00151086 
0.107901 0.805354 0.0805113 4.65342e-05 0.00618718 
0.128222 0.838267 0.01935 2.26328e-05 0.014138 
0.183681 0.691696 0.117192 0.00253962 0.00489181 
0.343405 0.44499 0.158261 0.000172563 0.0531711 
0.0938841 0.874764 0.0147805 0.000340127 0.0162313 
0.135515 0.841876 0.0209194 0.000110376 0.00157886 
0.111509 0.83855 0.0336137 0.000890412 0.0154366 
0.113198 0.490378 0.381307 0.00014023 0.0149762 
0.0303876 0.944711 0.0233678 2.32093e-05 0.00151086 
0.0322336 0.953657 0.00993407 7.28205e-07 0.00417509 
0.157317 0.796651 0.0235204 0.000465129 0.0220466 
0.120166 0.863856 0.0141137 0.000227912 0.00163562 
0.0430129 0.87658 0.0461503 0.0103238 0.0239331 
0.244001 0.342881 0.313059 3.52003e-05 0.100023 
0.259887 0.477975 0.262049 1.56926e-05 7.29461e-05 
0.0427338 0.925376 0.0263091 3.07578e-05 0.00555083 
0.34237 0.354932 0.274819 0.000414687 0.0274643 
0.433844 0.476203 0.0523808 0.00255479 0.0350168 
0.237477 0.684359 0.074045 3.86301e-05 0.00408074 
0.230684 0.493447 0.248452 0.000245862 0.027171 
0.125648 0.854018 0.0188369 7.99474e-05 0.00141686 
0.063932 0.911991 0.0120133 0.000192814 0.0118712 
0.121158 0.71027 0.0951019 0.00616056 0.0673094 
0.233669 0.608516 0.136827 0.000276328 0.0207115 
0.138929 0.830492 0.0164972 3.7485e-05 0.0140447 
0.464961 0.495122 0.0294413 3.7116e-06 0.0104716 
0.125232 0.705847 0.0120498 0.0144357 0.142436 
0.26608 0.51875 0.166283 0.000100206 0.0487871 
0.252008 0.700292 0.0468412 1.74742e-05 0.000841112 
0.339726 0.46286 0.135855 0.000328301 0.0612306 
0.0470574 0.947127 0.00511269 2.62809e-06 0.000700241 
0.282548 0.584428 0.130925 1.56169e-05 0.00208364 
0.144521 0.758847 0.0782374 0.00226117 0.0161334 
0.103126 0.670526 0.154864 0.000129984 0.0713538 
0.0303876 0.944711 0.0233678 2.32093e-05 0.00151086 
0.150746 0.737738 0.105246 0.000172101 0.00609805 
0.130917 0.749398 0.116292 3.12007e-05 0.00336179 
0.117606 0.849019 0.0200768 0.000114247 0.0131843 
0.282036 0.539534 0.151253 0.00852555 0.0186515 
0.114847 0.815496 0.0508187 0.000128692 0.0187093 
0.0834813 0.80504 0.0812108 0.000173273 0.0300943 
0.024926 0.961471 0.0121793 2.1833e-06 0.00142158 
0.211763 0.715218 0.0694354 0.000199858 0.00338385 
0.300152 0.676581 0.0136754 3.75021e-05 0.00955355 
0.312887 0.391413 0.285518 0.000196037 0.00998634 
0.125232 0.705847 0.0120498 0.0144357 0.142436 
0.0802796 0.502369 0.132645 0.0108622 0.273844 
0.185943 0.701552 0.0810471 0.000430305 0.0310279 
0.0621016 0.912601 0.0168652 1.68296e-05 0.00841579 
0.102314 0.766209 0.130594 1.3921e-05 0.000868848 
0.199957 0.686473 0.0924555 4.89937e-05 0.0210662 
0.375007 0.495526 0.0589091 0.00233758 0.0682205 
0.0723241 0.91571 0.0101357 0.000209114 0.00162106 
0.112713 0.761575 0.108385 0.000914841 0.0164118 
0.274905 0.557385 0.138039 0.000940758 0.02873 
0.0948496 0.892129 0.00919555 0.000288415 0.00353715 
0.0486711 0.769947 0.142446 0.000473548 0.0384623 
0.0853961 0.854685 0.0516549 2.84125e-05 0.00823569 
0.245176 0.377211 0.294852 0.0315919 0.05117 
0.136143 0.687233 0.0902704 0.00377404 0.0825791 
0.0303876 0.944711 0.0233678 2.32093e-05 0.00151086 
0.0325378 0.843259 0.120238 1.34784e-05 0.00395134 
0.0835666 0.83586 0.0641436 2.03207e-09 0.0164297 
0.213811 0.539442 0.203906 0.00043343 0.0424084 
0.320967 0.384665 0.190617 0.00702223 0.0967286 
0.0553322 0.791023 0.0351047 4.0621e-05 0.118499 
0.106967 0.661584 0.0754089 1.55755e-05 0.156025 
0.15423 0.79088 0.0118902 3.75606e-05 0.0429618 
0.00651595 0.925962 0.0385735 2.3658e-06 0.0289466 
