0.000261814 0.253997 0.0166685 0.066516 8.3185e-11 0.00334441 0.0187994 0.190036 1.2439e-06 0.104749 0.0502901 0.0187897 0.000469161 0.053864 0.0862502 8.31274e-06 0.108194 8.95748e-09 0.0237178 0.00404318 
0.0417948 0.313645 0.0258276 0.0243736 0.000611643 0.0144251 0.00634675 0.144091 0.000865484 0.0113872 0.00359669 0.0271085 0.00950161 0.084896 0.0907908 0.00574129 0.0242045 2.96105e-05 0.0303464 0.140416 
0.0439337 0.302287 0.010656 0.0645516 0.000485319 0.0174601 0.145667 0.016959 9.19202e-06 0.000239479 0.000121624 0.0477841 0.000250651 0.110297 0.22328 0.000172911 0.00239941 4.73053e-05 0.0129071 0.000491347 
0.0152468 0.402256 0.0106252 0.087015 1.06021e-06 0.00173395 0.101953 0.0583685 7.22252e-06 0.00155815 0.000400886 0.0120314 2.62538e-05 0.0415768 0.215799 5.16357e-05 0.00639899 9.41153e-06 0.0365194 0.00842131 
0.0432717 0.343588 0.0120565 0.0179952 2.11761e-05 0.0109866 0.0509564 0.179838 4.03014e-05 0.000412598 0.000306488 0.0112901 0.00111447 0.0127555 0.252346 1.13842e-05 0.0380125 0.0010267 0.00257972 0.0213911 
0.0167513 0.291367 0.0122411 0.0402341 0.000269337 0.0542652 0.0172315 0.0572855 0.000919274 0.0038452 0.00372447 0.00417936 0.0028765 0.152299 0.283374 0.00459932 0.0169993 7.30271e-06 0.00549544 0.0320357 
0.00197703 0.474858 0.0168901 0.00648379 0.000171439 0.00858945 0.0176611 0.13203 0.000243826 0.00197815 0.00110512 0.0056482 0.00311199 0.0336002 0.0686404 0.000510465 0.208257 3.66073e-05 0.00266617 0.0155414 
0.108991 0.273214 0.0415518 0.0632618 0.000176429 0.0170048 0.0405282 0.131795 0.000351104 0.00581121 0.00589732 0.0399768 0.00148925 0.041459 0.181243 0.000809349 0.0173752 0.000432281 0.010342 0.0182921 
0.0379277 0.348041 0.0707123 0.0539825 0.00646131 0.000866735 0.000307833 0.0324777 0.0459728 0.000101704 0.00743175 0.0685094 3.57115e-05 0.00416248 0.236373 3.81161e-05 0.008935 0.000218378 0.0772163 0.000228794 
0.0226271 0.466657 0.0220226 0.0387813 7.38474e-07 0.0133932 0.00379483 0.0309484 0.0103722 0.000591698 0.000593958 0.0701173 0.00184218 0.00669982 0.240906 3.69243e-05 0.00975003 0.000134713 0.0599606 0.000769413 
0.147211 0.344225 0.0103668 0.0348415 2.3839e-05 0.0109187 0.0470916 0.046392 3.15986e-05 0.00300588 0.000347193 0.0171885 0.000261309 0.0136057 0.29116 0.00460402 0.0159312 0.000161879 0.00866718 0.00396566 
0.0782343 0.295666 0.0129758 0.0196003 4.18788e-05 0.0189032 0.0197481 0.0768315 0.000585592 0.0020878 0.00199027 0.00511645 0.00277044 0.107697 0.219037 0.0037845 0.021945 9.02896e-06 0.00538657 0.107589 
0.076965 0.316994 0.0289718 0.0510056 0.000185962 0.0193724 0.0145194 0.170407 0.00164195 0.000411298 0.00154778 0.0419412 0.00520842 0.0178841 0.232711 0.000310925 0.00685236 0.000421915 0.00981795 0.00282931 
0.0114532 0.825911 0.0127779 0.00810058 1.10282e-05 0.00191644 0.00150102 0.0197817 1.34354e-05 0.000256357 2.40892e-05 0.00209832 7.05761e-05 0.00126321 0.107202 1.11063e-05 0.00176012 2.5454e-05 0.00425958 0.00156215 
0.0312768 0.427207 0.010511 0.02811 6.57336e-05 0.0283229 0.0315685 0.189567 0.00176603 0.00402432 0.0139149 0.039991 0.0019695 0.0796578 0.0697637 0.000946363 0.0175618 0.000260743 0.00816765 0.0153474 
0.0101266 0.252097 0.00561216 0.0812762 2.69095e-06 0.0551737 0.0309879 0.198042 3.5358e-05 0.000184968 0.00290008 0.0342739 0.00154154 0.0807263 0.22732 0.000442154 0.00696968 1.3455e-05 0.00734722 0.00492705 
0.0252788 0.385361 0.0247384 0.0606514 8.52211e-06 0.0127104 0.00511954 0.0679538 0.0129424 0.00107284 0.00236196 0.0843173 0.000191748 0.0330768 0.207622 5.27014e-05 0.0396656 0.000100465 0.0285167 0.00825746 
0.0913297 0.348946 0.0364857 0.0453946 0.000627286 0.00815362 0.0185984 0.0638774 0.000345821 0.000192958 0.0159798 0.0508927 0.000161136 0.06418 0.196496 0.00360404 0.00933811 5.03473e-05 0.0313627 0.0139842 
0.0900617 0.314095 0.0190505 0.0499024 0.000940074 0.0219226 0.027499 0.0539334 7.71818e-05 0.0131421 0.0132368 0.0275907 0.00018233 0.0177601 0.25646 4.29655e-05 0.081289 0.000239561 0.00910329 0.00347079 
0.172626 0.32282 0.0178244 0.0458615 3.32193e-05 0.076305 0.00854171 0.0654867 5.00739e-05 0.00207769 2.8918e-05 0.00472906 0.000166556 0.00843127 0.246452 0.000113427 0.0103143 0.000279077 0.0123785 0.00548118 
0.0119553 0.451977 0.0333861 0.0385266 4.59267e-05 0.00516328 0.0129823 0.0886433 3.36724e-05 0.000937488 0.000684487 0.0714237 4.93746e-05 0.0151206 0.218767 9.66235e-05 0.0313421 0.00207445 0.00731116 0.00947958 
0.0755513 0.438165 0.0350256 0.0465213 9.54312e-05 0.00948269 0.00779719 0.0390961 3.33186e-05 0.00016396 4.09168e-05 0.00760156 2.14871e-05 0.00326772 0.292794 9.30467e-06 0.0039917 4.95874e-06 0.0393946 0.00094207 
0.0657007 0.444078 0.0266871 0.0181898 8.98104e-07 0.00426294 0.00486175 0.0480876 9.00666e-06 0.00044129 0.000122544 0.00650564 0.00010616 0.00477626 0.30515 0.000116577 0.0111398 1.28579e-05 0.00618087 0.0535697 
0.0799277 0.492873 0.0457766 0.0354173 1.13247e-06 0.00281533 0.0021204 0.00987192 3.31997e-05 0.00132274 7.85453e-05 0.00486698 0.000212164 0.00171679 0.2798 3.71261e-05 0.00295151 1.9654e-05 0.0342555 0.00590197 
0.0221282 0.533502 0.0271952 0.0501997 1.1253e-05 0.0292985 0.0188529 0.0354926 0.000526776 0.00141632 0.000835515 0.0117934 0.00234269 0.0212335 0.202126 0.0104934 0.0117804 8.60568e-05 0.00775775 0.0129274 
0.0353465 0.261476 0.00229648 0.033868 0.00231462 0.0672966 0.0490413 0.160884 3.23713e-05 0.00316591 0.00358486 0.0262647 0.000190812 0.036043 0.196857 1.83888e-05 0.0727164 0.00630481 0.0340357 0.00826302 
0.0450806 0.406517 0.0203812 0.0179452 4.85706e-07 0.0100502 0.0130008 0.0810862 1.34244e-05 0.000526205 0.000144571 0.0259088 0.00390901 0.0102595 0.348485 4.30986e-05 0.00401277 0.000349476 0.00694936 0.00533662 
0.0522408 0.239942 0.00546251 0.01372 2.9902e-05 0.00788877 0.0300939 0.154604 0.00118647 0.000581547 0.0887418 0.0154575 0.00428885 0.228072 0.106773 0.0083102 0.026632 0.000259179 0.00128144 0.0144352 
0.0799277 0.492873 0.0457766 0.0354173 1.13247e-06 0.00281533 0.0021204 0.00987192 3.31997e-05 0.00132274 7.85453e-05 0.00486698 0.000212164 0.00171679 0.2798 3.71261e-05 0.00295151 1.9654e-05 0.0342555 0.00590197 
0.0351694 0.231118 0.00425987 0.0301875 0.000127403 0.117793 0.030694 0.175805 0.00121118 0.0049084 0.00272615 0.00586005 0.00717919 0.0678276 0.114567 0.0112446 0.0913021 5.15153e-05 0.00291941 0.0650491 
0.0369969 0.52395 0.0052512 0.0142841 3.24347e-05 0.00304371 0.0150595 0.171059 0.000147545 0.000143105 6.5178e-05 0.00689741 6.92039e-05 0.00752507 0.191893 6.19191e-05 0.00528639 0.000704606 0.00522498 0.0123048 
0.0379277 0.348041 0.0707123 0.0539825 0.00646131 0.000866735 0.000307833 0.0324777 0.0459728 0.000101704 0.00743175 0.0685094 3.57115e-05 0.00416248 0.236373 3.81161e-05 0.008935 0.000218378 0.0772163 0.000228794 
0.106335 0.226032 0.0270767 0.0453284 0.0106591 0.008285 0.0234085 0.193848 0.00105979 0.00176551 0.00536318 0.0168341 0.00445762 0.0488332 0.182587 0.00467442 0.0235185 4.20544e-05 0.0231067 0.0467853 
0.0961413 0.375491 0.0792105 0.142579 7.68003e-05 0.00167358 0.000727078 0.107376 5.00004e-07 0.000330911 0.00129622 0.0311999 0.000371969 0.0496991 0.0427228 0.00192885 0.0371579 6.30276e-06 0.00458166 0.0274282 
0.149447 0.224708 0.0213231 0.0360515 0.000199124 0.00893046 0.0115668 0.0878818 0.00206107 0.00165486 0.0385092 0.0584425 0.00340936 0.0878143 0.206794 0.0237973 0.00523775 0.00022953 0.0095062 0.0224369 
0.00653632 0.297895 0.0117616 0.138863 9.66768e-08 0.00448623 0.10713 0.0222656 0.000212412 0.000170335 0.0192864 0.0364008 0.000243328 0.0449922 0.280946 2.44304e-05 0.0106518 8.0132e-06 0.00922274 0.00890299 
0.103241 0.368322 0.0160305 0.055455 0.00103764 0.00642761 0.0464081 0.107221 0.000347876 0.000737427 0.00129088 0.0513509 0.000124097 0.0066695 0.194982 1.64054e-05 0.0157368 0.000211499 0.0192169 0.00517269 
0.19828 0.315472 0.0269326 0.0253466 3.45085e-05 0.0245602 0.0164472 0.121378 0.0044375 0.00267385 0.0027686 0.0158209 0.00154629 0.0291467 0.159293 0.0119308 0.0152624 0.000114436 0.016369 0.0121847 
0.00507996 0.312768 0.00747294 0.0966497 3.4623e-05 0.00522944 0.0272009 0.040785 4.62652e-05 0.000920847 0.000336505 0.218497 0.000188702 0.0769193 0.177805 0.00013052 0.0117045 8.09227e-05 0.00273051 0.0154193 
0.0183071 0.471529 0.0204312 0.0129369 2.17662e-06 0.00302933 0.0115726 0.0317081 6.79276e-06 0.000382208 0.00384422 0.0594034 0.000108161 0.0175884 0.337129 1.55374e-05 0.00278739 1.11262e-05 0.00672924 0.00247842 
0.0905144 0.630244 0.00505289 0.0076734 0.000173366 0.0033992 0.0152335 0.177723 0.00115046 0.00033769 0.0010672 0.0289812 0.00241932 0.0134987 0.00423189 9.24842e-05 0.00519901 0.000771979 0.000724433 0.0115119 
0.0405437 0.67975 0.000202244 0.0028995 1.11416e-07 0.00196398 0.0018772 0.209061 5.6707e-06 0.000103666 0.000516962 0.0399379 0.00113804 0.00345002 0.00631386 5.43396e-05 0.00646838 0.00144066 0.00033601 0.0039364 
0.0253589 0.386359 0.00512164 0.0236826 6.79044e-06 0.00649899 0.106384 0.134143 0.000131599 0.000286176 0.00498516 0.00468114 0.00189645 0.131301 0.092773 0.000602364 0.0523299 5.09835e-07 0.0013953 0.0220625 
0.0553145 0.378363 0.0193801 0.0454275 2.39449e-05 0.0072894 0.0205122 0.09344 0.00127996 0.000824874 0.00070191 0.0445249 0.000353828 0.0392361 0.189919 0.000309669 0.0835455 7.98341e-05 0.0119818 0.00749184 
0.170346 0.46953 0.0476607 0.0181219 3.78658e-05 0.00258319 0.0119515 0.0409333 0.000170447 0.000106956 0.00011088 0.00902529 6.52992e-05 0.00433406 0.197979 3.16305e-05 0.00156515 0.000223512 0.0163208 0.00890271 
0.116052 0.49738 0.0451349 0.0213178 6.92431e-05 0.00125483 0.0149861 0.0151294 1.69001e-05 0.0012734 4.73613e-05 0.00409383 4.03038e-05 0.00471622 0.218996 7.44336e-06 0.00266604 3.73884e-06 0.0532169 0.00359801 
0.0189257 0.631364 0.0170598 0.0153807 9.18361e-07 0.00644281 0.00486802 0.0366874 1.42652e-05 0.000289385 2.22531e-05 0.00609239 9.05013e-05 0.003529 0.244706 4.13384e-05 0.00714459 3.71364e-05 0.00522423 0.00208001 
0.113957 0.314094 0.0319856 0.0366114 0.00299539 0.00938927 0.0424381 0.153104 0.011844 0.00133441 0.0186587 0.0135213 0.00121587 0.0323019 0.175471 0.000499368 0.0148622 0.000593978 0.0195087 0.00561238 
0.00153811 0.566174 0.0131374 0.00504327 0.000133819 0.0066816 0.0137373 0.11103 0.000190296 0.00153942 0.000860346 0.00439351 0.00332659 0.0261346 0.053388 0.000397815 0.177976 2.8718e-05 0.00219909 0.0120894 
0.0557097 0.176027 0.0192721 0.093443 0.00406786 0.141516 0.0520555 0.0951976 0.000154436 0.0282072 0.00480269 0.0884785 0.000389862 0.0715346 0.0999257 0.00376818 0.00845515 0.0288867 0.0181522 0.00995551 
0.0359137 0.335785 0.0606678 0.0561559 0.00413945 0.00280672 0.00848339 0.0387931 0.0217852 0.00017351 0.00392792 0.0476787 3.03417e-05 0.00656494 0.305215 2.87853e-05 0.00685852 0.000391069 0.0641832 0.000417899 
0.130697 0.371034 0.0300908 0.0367027 8.73136e-06 0.00343106 0.00555449 0.0707842 0.00129489 0.000645261 0.00165156 0.022021 0.000751034 0.0112329 0.291665 0.00475019 0.000807243 0.000217896 0.0156774 0.00098242 
0.0203797 0.258356 0.0235652 0.0919961 5.20939e-05 0.00239823 0.00954278 0.234429 0.00010125 0.000508178 0.00150366 0.0766467 0.000557917 0.057688 0.15566 0.000416207 0.0286237 0.000163307 0.0319323 0.00547899 
0.016836 0.497854 0.0399639 0.0327477 5.03961e-06 0.00321297 0.00568305 0.0571358 5.38431e-05 0.000496163 0.0003073 0.0371261 2.65576e-05 0.00558273 0.268855 3.23379e-05 0.0145021 6.64283e-05 0.0177803 0.00173305 
0.0189257 0.631364 0.0170598 0.0153807 9.18361e-07 0.00644281 0.00486802 0.0366874 1.42652e-05 0.000289385 2.22531e-05 0.00609239 9.05013e-05 0.003529 0.244706 4.13384e-05 0.00714459 3.71364e-05 0.00522423 0.00208001 
0.0200929 0.257277 0.00221966 0.023317 0.000859107 0.00182961 0.0523442 0.0554388 0.000108196 0.00105743 0.0122343 0.15816 0.00778766 0.066945 0.0302007 0.0746423 0.00194317 0.209288 0.00870098 0.0155533 
0.0512153 0.344824 0.0819257 0.0778825 1.49863e-06 0.0107386 0.00701762 0.0351092 3.63626e-05 0.000563497 5.74229e-05 0.00854812 5.09155e-05 0.00708822 0.267402 2.85897e-05 0.013199 2.5121e-05 0.085593 0.00869262 
0.073045 0.324947 0.00948945 0.0117529 0.00038497 0.0199809 0.0117777 0.236595 0.00116285 0.00901889 0.00448723 0.0344405 0.00219586 0.0951454 0.0463418 0.00306275 0.0947904 9.27174e-05 0.00369746 0.0175909 
0.0799277 0.492873 0.0457766 0.0354173 1.13247e-06 0.00281533 0.0021204 0.00987192 3.31997e-05 0.00132274 7.85453e-05 0.00486698 0.000212164 0.00171679 0.2798 3.71261e-05 0.00295151 1.9654e-05 0.0342555 0.00590197 
0.0179206 0.316161 0.00268799 0.192414 0.000138672 0.0511966 0.0584518 0.0784542 0.000461132 0.0415229 0.00274848 0.00759702 0.00328482 0.0182947 0.0834799 0.00140432 0.00819325 5.5689e-07 0.0411116 0.0744767 
0.0366773 0.362156 0.0316164 0.0349679 2.08407e-05 0.149248 0.00743437 0.0895192 0.000452558 0.00124027 0.0020922 0.0135008 0.00296465 0.0762837 0.113219 0.00627105 0.0293397 0.00042135 0.0191723 0.0234023 
0.0524519 0.359192 0.0111778 0.083254 0.00136077 0.0075297 0.0362614 0.0650295 0.000371809 0.000896971 0.00225735 0.0156466 0.00101897 0.0740662 0.204527 0.00112915 0.0325604 4.79137e-05 0.0057767 0.0454437 
0.105335 0.451277 0.0396313 0.0686609 1.44457e-05 0.0164805 3.53787e-05 0.0995623 3.13047e-07 0.00944518 0.000117156 0.0663647 0.00898817 0.013988 0.109537 2.043e-05 0.00381845 1.70332e-05 0.00506198 0.00164439 
0.00230543 0.380739 0.00576503 0.105824 2.87903e-05 0.0979301 0.0750019 0.0851853 4.37439e-05 0.00403998 7.00311e-05 0.01791 8.08051e-08 0.0158731 0.162266 5.96519e-06 0.0340708 6.42691e-05 0.0127283 0.000148451 
0.154219 0.252168 0.0299512 0.0715241 2.7318e-06 0.0169095 0.0390677 0.175848 0.000160811 0.000604612 0.00128389 0.0472391 0.0035917 0.0451275 0.145679 2.86926e-05 0.0121775 7.54627e-05 0.00226243 0.00207914 
0.0315889 0.514221 0.0242095 0.0434408 0.000164964 0.00263482 0.00677995 0.128143 1.32973e-05 0.000700482 0.000101271 0.0326336 0.00037474 0.0103429 0.183274 1.63513e-05 0.0121815 0.000238096 0.00104977 0.00789094 
0.0200351 0.282235 0.00976479 0.036362 2.92008e-05 0.0170001 0.0223111 0.153271 0.000249629 0.00117493 0.00100894 0.0418304 0.00109693 0.104813 0.246142 0.00069561 0.0117908 0.000264369 0.00731138 0.0426139 
0.0270496 0.287969 0.0132606 0.0405144 0.000745605 0.00249973 0.0187844 0.0939472 2.38847e-05 0.000891626 0.00337195 0.124314 2.06984e-05 0.0667787 0.282676 0.00114689 0.0129826 1.22003e-05 0.019534 0.00347641 
0.0378631 0.664061 0.0118976 0.00526858 6.29284e-08 0.0369669 0.00832362 0.0211903 0.000415647 0.0013129 0.00114581 0.00318396 0.00110824 0.0372807 0.135196 0.000635915 0.00891844 0.000134075 0.00104158 0.024055 
0.0168825 0.605949 2.96382e-06 0.000230176 2.71787e-12 0.000126428 1.18989e-08 0.271062 0.000470798 0.00017119 0.000149419 0.0712767 0.000853493 0.0258466 0.0041839 0.000210943 0.000232413 0.00060099 0.00013955 0.00161051 
0.02279 0.456638 0.00103516 0.105049 8.99934e-08 0.00755537 0.0131919 0.104422 0.000711491 0.000227108 0.00166431 0.0157153 0.000137157 0.0179567 0.0400805 4.41861e-05 0.187668 0.00114245 0.011913 0.0120581 
0.0925274 0.408366 0.0266057 0.0312481 2.6608e-05 0.00889607 0.0192437 0.10526 0.000295613 0.000663573 0.00230577 0.0239204 0.00344446 0.0588917 0.196003 0.000539722 0.00364551 0.000114488 0.00992352 0.00807855 
0.0999726 0.599442 0.00979698 0.018999 0.000267946 0.0201303 0.0143573 0.114769 0.00171399 0.00128408 0.00114872 0.0133226 0.00299812 0.0158372 0.0571671 0.00083372 0.00821935 0.000425276 0.00302748 0.016288 
0.0383791 0.283945 0.0166484 0.0180927 0.00012513 0.00700225 0.0444532 0.128109 0.000304746 0.107745 0.00155071 0.0111245 0.00588654 0.0205492 0.167295 0.00116072 0.0863283 0.000347582 0.0532137 0.00774013 
0.0257592 0.502462 0.0302422 0.0402274 5.10885e-06 0.0462396 0.0152837 0.0368802 3.92106e-06 0.00264417 0.00607343 0.0152556 0.0004448 0.0288031 0.0603994 0.00205958 0.124258 7.15276e-05 0.0207216 0.0421651 
0.00874328 0.377177 0.000821578 0.06423 8.71336e-05 0.0465475 0.0353286 0.0382499 3.69079e-07 0.0200302 0.00290216 0.0593135 0.000208135 0.134287 0.104806 0.0035024 0.00340986 9.91664e-06 0.00339494 0.0969506 
0.026458 0.374975 0.0238984 0.021421 0.000271189 0.133709 0.0092018 0.128967 0.00427233 0.00109212 0.00894519 0.0284241 0.00447917 0.0285166 0.0155637 0.00543385 0.0158182 0.000207295 0.00478515 0.163561 
0.0202476 0.313514 0.0434208 0.0341909 8.73688e-05 0.00359097 0.0523104 0.195634 4.04989e-05 0.00100781 0.00283828 0.115908 0.0119866 0.0314038 0.138199 0.000101173 0.00793882 0.000124749 0.02553 0.00192539 
0.0611658 0.384948 0.0217242 0.0230867 0.00260051 0.0216155 0.0209186 0.179129 0.000322872 0.00188934 0.00258406 0.0263568 0.00118019 0.0336984 0.144977 0.00162682 0.0411099 0.000645614 0.020048 0.0103729 
0.0230955 0.22708 0.202479 0.219055 6.81754e-05 0.0043257 0.0592565 0.0584082 0.0011204 0.00139474 5.78921e-05 0.015063 0.000150207 0.00141877 0.0999776 1.30272e-05 0.0243914 0.000380376 0.0565173 0.00574746 
0.0124613 0.271283 0.00185118 0.0890696 7.25377e-08 0.00438584 0.0427946 0.189002 1.33498e-05 0.000584853 0.00448269 0.106401 0.000347093 0.0649432 0.166911 0.00040064 0.0262512 0.000140944 0.00656083 0.0121151 
0.235432 0.35546 0.0657232 0.0310805 5.82434e-07 0.00705937 0.00899952 0.0916053 6.10518e-05 0.000706686 0.00579784 0.0189958 0.000815768 0.00785673 0.121284 1.88541e-05 0.00986582 0.000551101 0.0218416 0.0168448 
0.0124681 0.352202 0.00273041 0.00299821 1.11199e-05 0.0126803 0.0628109 0.0885468 1.91765e-05 0.303315 0.000114098 0.135457 0.000106242 0.00292808 0.0078485 4.45804e-06 0.0115352 0.000358488 0.00107483 0.00279079 
0.166661 0.584426 0.0263649 0.00415416 1.33069e-05 0.00132843 0.00834005 0.129784 8.21288e-05 0.000160661 0.00549532 0.0108824 0.000206567 0.0147095 0.0258776 7.7889e-05 0.00278103 0.000426794 0.00733847 0.0108905 
0.0920432 0.663411 0.00466213 0.0181028 1.42132e-06 0.00383498 0.0131511 0.0574899 1.62192e-05 0.000367029 0.000114974 0.00234115 0.000245561 0.00472433 0.106248 5.4901e-05 0.00411431 0.000608135 0.00562241 0.0228463 
0.0510611 0.369399 0.0104025 0.215336 0.000832883 0.0154737 0.0247894 0.0506828 0.000141461 0.000394115 0.00209502 0.0555662 0.000483544 0.0239707 0.14154 0.000106307 0.0139072 0.00011363 0.0150114 0.00869296 
0.0189257 0.631364 0.0170598 0.0153807 9.18361e-07 0.00644281 0.00486802 0.0366874 1.42652e-05 0.000289385 2.22531e-05 0.00609239 9.05013e-05 0.003529 0.244706 4.13384e-05 0.00714459 3.71364e-05 0.00522423 0.00208001 
0.0310263 0.38302 0.00784899 0.0193558 0.00185999 0.0182079 0.0855331 0.0290574 0.00023266 0.00263019 9.99644e-05 0.00190903 4.21033e-05 0.0268027 0.35613 2.1825e-05 0.0246716 5.48911e-05 0.00474934 0.00674536 
0.0359137 0.335785 0.0606678 0.0561559 0.00413945 0.00280672 0.00848339 0.0387931 0.0217852 0.00017351 0.00392792 0.0476787 3.03417e-05 0.00656494 0.305215 2.87853e-05 0.00685852 0.000391069 0.0641832 0.000417899 
0.0427191 0.730504 0.00574128 0.00584082 1.06647e-07 0.00417999 0.00348745 0.121919 1.64791e-05 0.000617988 7.21226e-05 0.00886624 0.000502201 0.00520313 0.0432386 4.91835e-05 0.0105143 0.000793908 0.00199961 0.0137353 
0.0799277 0.492873 0.0457766 0.0354173 1.13247e-06 0.00281533 0.0021204 0.00987192 3.31997e-05 0.00132274 7.85453e-05 0.00486698 0.000212164 0.00171679 0.2798 3.71261e-05 0.00295151 1.9654e-05 0.0342555 0.00590197 
0.0551473 0.296027 0.0204278 0.0984761 0.000152984 0.00602951 0.0355847 0.122118 0.00301937 0.00144878 0.00186721 0.0319468 0.0100447 0.0308292 0.236027 0.00355513 0.0111777 0.00032365 0.0128595 0.0229372 
0.0900755 0.378025 0.0545646 0.0463604 0.000184728 0.0149053 0.0168803 0.0834992 0.00624112 0.00099923 0.00338438 0.0186283 0.0021341 0.0196785 0.208442 0.00122959 0.0112338 0.000271069 0.0343291 0.0089335 
0.204739 0.580433 0.00895342 0.0281194 2.12212e-08 0.00659425 0.0256117 0.0693522 1.39594e-05 0.000276856 0.00142029 0.0145303 0.00312828 0.011897 0.0358926 2.72489e-05 0.00284991 0.000180146 0.00262991 0.00335066 
0.0116626 0.434261 0.0234685 0.0259342 5.10042e-06 0.00473884 0.0227263 0.0195639 2.07015e-05 0.000126976 2.69965e-05 0.00907016 7.26092e-06 0.00526251 0.410854 3.46733e-06 0.0186725 6.4093e-07 0.0134118 0.000182094 
0.0799277 0.492873 0.0457766 0.0354173 1.13247e-06 0.00281533 0.0021204 0.00987192 3.31997e-05 0.00132274 7.85453e-05 0.00486698 0.000212164 0.00171679 0.2798 3.71261e-05 0.00295151 1.9654e-05 0.0342555 0.00590197 
0.0191701 0.479752 0.0294195 0.0538287 6.23207e-06 0.00485225 0.00766264 0.0361093 3.93541e-05 0.00142257 0.000289164 0.0365293 0.000120465 0.00357824 0.288429 0.00736327 0.010054 7.96044e-05 0.0170817 0.00421197 
0.0150067 0.28694 0.0020295 0.00915142 3.7855e-05 0.00278829 0.0271345 0.047148 0.00205387 0.000779075 0.0210392 0.0845732 0.000532285 0.208629 0.250314 0.00167719 0.02344 0.00247633 0.000724592 0.0135253 
0.0084361 0.36381 0.00372384 0.035413 1.95266e-06 0.0094567 0.215482 0.0703663 0.00880065 0.000704309 0.0199895 0.0268297 0.00132056 0.0622908 0.161795 1.66584e-05 0.00135002 5.85304e-05 0.00505307 0.00510124 
0.0709892 0.286105 0.0312713 0.0393087 0.00133492 0.0280755 0.010835 0.147944 0.00163767 0.0191585 0.00682596 0.0185065 0.00381424 0.0605787 0.165321 0.00691133 0.0531602 5.63238e-05 0.0244993 0.0236667 
0.0755513 0.438165 0.0350256 0.0465213 9.54312e-05 0.00948269 0.00779719 0.0390961 3.33186e-05 0.00016396 4.09168e-05 0.00760156 2.14871e-05 0.00326772 0.292794 9.30467e-06 0.0039917 4.95874e-06 0.0393946 0.00094207 
0.00867926 0.751117 0.0232845 0.0406149 1.14986e-05 0.00133909 0.00391568 0.102533 2.21215e-05 0.00074113 0.00306488 0.0105825 0.000656189 0.00384111 0.0211224 0.000146095 0.00280014 0.000125652 0.0210616 0.00434066 
0.0093055 0.598398 0.0654454 0.0113531 7.53684e-05 0.021584 0.0553586 0.0535437 9.9325e-05 0.000489159 0.000410596 0.0128828 0.00013189 0.0341072 0.119272 5.93322e-05 0.012119 0.000225517 0.0036345 0.00150539 
0.0302131 0.5068 0.0206931 0.0512236 1.30554e-05 0.0328554 0.0277839 0.0732082 1.57769e-05 9.77009e-05 0.00023281 0.0056035 0.000317612 0.00622418 0.221593 1.21967e-05 0.00936093 3.32637e-05 0.012554 0.00116531 
0.0100324 0.415319 0.00989105 0.0436687 0.00202934 0.006243 0.0065849 0.0843793 0.00105482 0.00264222 0.00669907 0.137406 0.0112474 0.080322 0.142733 0.00300206 0.00489451 2.12384e-05 0.00377475 0.028056 
0.0227733 0.449435 0.0125003 0.0329314 0.000210205 0.00972638 0.0760306 0.0383349 1.15437e-05 0.000230015 0.000199177 0.00266518 9.65689e-05 0.0872024 0.195361 5.28101e-05 0.022646 2.51446e-05 0.00375291 0.0458145 
0.0603253 0.247371 0.0210837 0.206278 0.0145462 0.0178349 0.0243121 0.0879168 0.02861 0.00466799 0.00105965 0.0489184 1.66556e-05 0.0612557 0.0998701 0.000430552 0.0354637 0.0020729 0.0328659 0.00510044 
0.0879432 0.230269 0.00656649 0.0494876 0.0426846 0.224996 0.056923 0.037163 7.67881e-05 0.000422511 0.000433393 0.0127446 0.000786372 0.03143 0.137351 0.00012417 0.0404003 0.000169231 0.0239589 0.0160703 
0.0917471 0.601505 0.00648681 0.00603251 0.000231146 0.00356448 0.0179447 0.204102 0.00153392 0.000190692 0.00105874 0.0386416 0.00253521 0.0122546 2.49902e-06 7.53037e-05 0.00689895 0.00102929 0.000559408 0.00360673 
0.0114159 0.481861 0.0505892 0.0380862 1.15868e-06 0.00176941 0.00126316 0.0833618 0.000102781 0.00124511 0.000559027 0.0584278 3.30673e-05 0.00366781 0.24477 2.81113e-05 0.009041 0.00228212 0.00971414 0.001781 
0.012995 0.689583 0.00344963 0.0382306 8.15591e-07 0.00130268 0.000923328 0.0615489 0.000308631 0.000590765 0.00118903 0.0718636 0.000150087 0.0113688 0.0942755 3.78816e-05 0.0052213 0.000639788 0.00467058 0.00165026 
0.0117396 0.458006 0.00124349 0.089979 1.18604e-06 0.0116452 0.129734 0.0672777 1.06017e-06 0.000114092 4.67988e-07 0.00118376 5.42294e-05 0.0481941 0.175681 8.32489e-06 0.00213803 2.33954e-06 0.00182766 0.00116932 
0.0395693 0.455108 0.0553616 0.0886796 2.37402e-06 0.00475255 0.00425556 0.0453075 1.87067e-05 0.00073153 0.00937735 0.0129545 0.000103695 0.0242526 0.0905781 0.00518965 0.0064343 0.000284765 0.0590267 0.0980113 
0.00302277 0.260394 0.00316565 0.0276877 1.75132e-05 0.0276427 0.0469785 0.0792101 0.000775546 0.00136393 0.0348803 0.00298309 0.00424276 0.234763 0.0733082 0.0541963 0.00284198 4.32042e-06 0.077697 0.0648248 
0.0561497 0.17596 0.0203371 0.174327 3.28518e-06 0.0180533 0.17399 0.12574 1.2628e-05 0.000209017 0.000400676 0.0154236 0.00034457 0.0600665 0.16429 1.55499e-05 0.000626331 8.23317e-07 0.0123976 0.00165246 
0.0110816 0.418818 0.00210307 0.0135219 6.45563e-05 0.0123071 0.0155223 0.249968 0.000290553 0.00122917 0.0127953 0.0426886 0.00161062 0.0329755 0.104536 0.0113987 0.0480317 0.000103145 0.0029748 0.0179794 
0.129869 0.244305 0.0232505 0.0100659 0.000312906 0.0208777 0.0381234 0.154874 0.00486468 0.00239824 0.00389327 0.0522008 0.00341092 0.202172 0.0305212 0.00382767 0.0133729 0.000291585 0.00592415 0.055444 
0.21362 0.290264 0.0782492 0.0427095 2.46377e-05 0.00401667 0.0211413 0.053047 0.0045871 0.00357952 0.00858008 0.0203089 0.000521292 0.0162052 0.169289 6.53503e-05 0.00874076 0.000456366 0.0636701 0.000923981 
0.0187643 0.770958 0.0157441 0.00678184 1.36399e-07 0.00310704 0.00220877 0.0941248 1.75812e-05 0.00111326 0.00042672 0.0103605 0.000507981 0.0078522 0.0380787 6.26005e-05 0.00563615 6.86602e-05 0.00233242 0.0218543 
0.011339 0.393379 0.0128301 0.0408784 0.00311816 0.011992 0.035656 0.0380371 5.99687e-05 0.00150061 0.000747182 0.0148353 9.80902e-05 0.0135017 0.335478 1.67296e-05 0.0779347 3.36697e-05 0.00520542 0.00335857 
0.0736879 0.330669 0.0364266 0.0474565 0.00164939 0.00179409 0.0052037 0.0711867 0.00909364 0.000324668 0.00284109 0.0449095 0.000117343 0.00791806 0.320359 2.67143e-05 0.0047157 0.000229234 0.0409191 0.000472004 
0.025837 0.451722 0.0406885 0.0375573 5.03951e-06 0.00309764 0.00591987 0.0419898 5.76574e-05 0.000705203 0.000423995 0.0411765 0.000112635 0.00445727 0.308282 4.57675e-05 0.013858 7.12048e-05 0.0194985 0.00449368 
0.0338393 0.325767 0.0181416 0.03018 7.49666e-06 0.00234608 0.0141421 0.0597417 0.00147013 0.000866959 0.00142078 0.298689 0.0413109 0.0828674 0.0567052 7.30081e-05 0.00300515 0.000308091 0.00600372 0.0231145 
0.0911347 0.355518 0.0102391 0.0439163 0.000107417 0.0459385 0.0339219 0.0974909 0.000263658 0.00214233 0.000375326 0.00410676 0.00209153 0.02136 0.117161 0.000524015 0.139945 2.09963e-05 0.0158326 0.0179099 
0.0344608 0.396883 0.0125764 0.0575383 3.89095e-05 0.0113928 0.0386621 0.0478739 0.000107186 0.002482 0.00485736 0.0207084 0.0057723 0.014302 0.307822 0.000532138 0.0153694 0.000151158 0.019309 0.00916034 
0.0353486 0.286726 0.00520652 0.052594 0.000146922 0.169727 0.00952183 0.09303 0.000277099 0.00688811 0.0230138 0.0145611 0.00546972 0.0262612 0.109543 0.0935072 0.00574065 5.52932e-05 0.00727906 0.0551023 
0.0881488 0.340118 0.0348801 0.0439553 0.00178117 0.000750794 0.00106491 0.0764945 0.0133072 0.00030553 0.00408497 0.0549322 0.000156832 0.00675176 0.285596 3.20541e-05 0.00498791 0.000135323 0.0421293 0.000387393 
0.0379277 0.348041 0.0707123 0.0539825 0.00646131 0.000866735 0.000307833 0.0324777 0.0459728 0.000101704 0.00743175 0.0685094 3.57115e-05 0.00416248 0.236373 3.81161e-05 0.008935 0.000218378 0.0772163 0.000228794 
0.0203029 0.2688 0.235127 0.109758 0.00315821 0.00640815 0.0135972 0.0176631 2.34842e-05 0.00122378 0.000294818 0.00269038 3.93623e-05 0.0167027 0.132133 0.00214515 0.00880882 3.14365e-05 0.156507 0.00458595 
0.00988392 0.481125 0.00111023 0.0636901 1.01671e-07 0.0971947 0.0798179 0.00924826 3.20002e-06 0.000381098 0.000145933 0.000444907 1.4187e-05 0.0672836 0.155798 1.82563e-05 0.0178001 2.00679e-07 0.00404487 0.0119949 
0.0952512 0.406834 0.00309651 0.0146156 2.47934e-05 0.0201628 0.0472877 0.0434406 0.000307072 0.000389598 0.00100349 0.00334803 9.22657e-05 0.019989 0.298492 1.647e-05 0.00196462 0.000140808 0.024299 0.019244 
0.059237 0.349456 0.00678993 0.0406885 2.58242e-06 0.00190231 0.0173645 0.0424764 0.00721155 0.0976428 2.26964e-05 0.0553113 4.56174e-05 0.0879866 0.216362 6.31991e-05 0.00655565 0.000534203 0.0091208 0.00122639 
0.0315115 0.331676 0.0283285 0.0455402 0.000269333 0.0711765 0.01176 0.0424859 0.00179191 0.0036846 0.00951497 0.0137492 0.00348025 0.118929 0.215007 0.00515612 0.0133945 1.06269e-05 0.0152819 0.0372513 
0.0628448 0.236624 0.0403676 0.166976 3.59913e-05 0.0131649 0.0232798 0.137784 0.000665725 0.00529616 0.00190462 0.0479331 0.000697192 0.0123086 0.192479 0.00366168 0.0261837 0.000282683 0.0177595 0.00975096 
0.0416928 0.278231 0.0119378 0.0130513 0.000181276 0.00556931 0.0565171 0.276692 0.000512364 0.00227881 0.00123618 0.0114092 0.00115216 0.0849732 0.0923589 0.006759 0.086817 0.000165607 0.00477563 0.023689 
0.0477939 0.236255 0.112932 0.119507 7.97212e-09 0.00175053 0.00731461 0.046543 0.040729 1.01566e-05 0.00206946 0.0175136 6.46766e-05 0.143995 0.160313 0.0015756 0.00947672 0.000176914 0.0195695 0.0324099 
0.00948403 0.500504 0.0128823 0.0305879 0.00112144 0.013864 0.00769408 0.0703438 0.000181083 0.00528537 0.000507789 0.0235427 0.000217065 0.129564 0.0669388 0.00319521 0.0305 0.0166061 0.0469196 0.0300606 
0.0639753 0.572696 0.00640631 0.0680568 1.71509e-06 0.0124084 0.019266 0.0840952 1.72567e-05 4.01384e-05 0.000909165 0.0219255 0.013968 0.0346093 0.0564829 1.36854e-05 0.0236664 0.00021402 0.00874035 0.0125078 
0.00237092 0.470541 0.0184168 0.00672079 0.000196196 0.00864551 0.0188133 0.129562 0.000336271 0.00200716 0.00124904 0.00574587 0.00347902 0.0345278 0.0675741 0.00142045 0.209037 9.95146e-05 0.00277647 0.0164808 
0.192573 0.423815 0.00997503 0.024107 5.5596e-07 0.0166829 0.00919467 0.0417057 0.0790442 8.87697e-05 0.000130008 0.00542297 0.000275084 0.00383207 0.159911 0.000761682 0.00162333 0.00128387 0.0230224 0.00655046 
0.055984 0.312626 0.0092058 0.0302281 0.000254551 0.0195734 0.0775512 0.0536073 0.00159125 0.0035229 0.00288708 0.0211508 0.000795506 0.0526684 0.122095 0.000452502 0.221009 0.00365005 0.00773505 0.00341184 
0.115457 0.648223 0.00550713 0.0138967 0.000107886 0.00532255 0.013343 0.126839 0.000808084 0.000250203 0.000622741 0.0311141 0.00172097 0.0151385 0.0109794 8.59454e-05 0.00416175 0.000400687 0.00132461 0.00469587 
0.0595273 0.356347 0.0162998 0.0787429 5.74692e-05 0.0110723 0.0111103 0.0481561 8.3478e-06 0.000477064 6.70852e-05 0.0278288 0.000297043 0.0156959 0.338651 2.21434e-05 0.00372897 1.0253e-05 0.0303348 0.00156609 
0.0913182 0.611838 0.0151689 0.0171434 0.000108149 0.00815113 0.0157813 0.0953205 0.000771629 0.00208989 0.000882823 0.0225292 0.0031369 0.0182636 0.0454949 0.000128252 0.0135082 0.000394059 0.00219132 0.0357801 
0.00263603 0.556957 0.0225201 0.00832129 0.000228575 0.00978843 0.0179779 0.136542 0.000325088 0.00256123 0.000271023 0.00672776 0.00389857 0.0448003 0.0740545 0.000680605 0.0877369 4.88016e-05 0.00320196 0.0207219 
0.0162407 0.581986 0.00627956 0.0438119 3.04289e-06 0.00449993 0.00645329 0.0363032 5.99938e-05 0.011401 0.00110161 0.00863147 0.0235943 0.0346909 0.201721 2.16681e-05 0.00404301 2.79477e-05 0.0139387 0.00519061 
0.101624 0.52244 0.0340526 0.0309834 3.43998e-05 0.00246987 0.00311699 0.0254009 4.31197e-05 0.000712496 0.000115175 0.00670021 0.000154317 0.00290453 0.23132 2.40566e-05 0.00305392 7.64799e-05 0.0313868 0.00338596 
0.0111278 0.772882 0.0133692 0.00520527 3.1083e-08 0.00134811 0.00201039 0.125335 1.24254e-05 0.000685665 0.00336649 0.0128671 0.000535202 0.0051338 0.0212275 0.000187184 0.00190733 0.000101297 0.0177552 0.00494242 
0.0249351 0.294802 0.0550913 0.102712 3.42801e-06 0.0232852 0.0148128 0.0525902 0.00608119 0.00385418 0.00292656 0.110965 0.000476144 0.00350609 0.250066 0.000350282 0.0142496 0.000104738 0.0341997 0.00498813 
0.025132 0.38061 0.044759 0.0395006 3.43748e-06 0.00237896 0.00555041 0.0539805 5.52507e-05 0.00069835 0.000477571 0.0699151 0.000394354 0.00671043 0.328714 7.41671e-05 0.0123193 0.000481283 0.0198145 0.00843074 
0.04914 0.511567 0.0169966 0.0437757 1.0535e-06 0.00418124 0.00819704 0.0889885 5.09194e-05 9.63122e-05 0.00441676 0.00767157 0.000132316 0.0336131 0.100723 0.00225213 0.00579685 0.000456073 0.080143 0.0418007 
0.0755513 0.438165 0.0350256 0.0465213 9.54312e-05 0.00948269 0.00779719 0.0390961 3.33186e-05 0.00016396 4.09168e-05 0.00760156 2.14871e-05 0.00326772 0.292794 9.30467e-06 0.0039917 4.95874e-06 0.0393946 0.00094207 
0.00608234 0.436952 0.0201456 0.0504901 6.05336e-06 0.031296 0.0442433 0.11519 1.90706e-06 0.00169054 0.00105924 0.0145677 0.000218798 0.0338419 0.161869 4.85403e-05 0.0390763 0.00151356 0.0315905 0.0101166 
0.0678847 0.312656 0.0172466 0.0379327 7.1451e-12 0.00925686 0.0611646 0.178009 0.0291146 0.00291576 0.00651962 0.00698987 0.000746627 0.0772328 0.0707077 0.0896138 0.00412735 3.61744e-05 0.0204356 0.00740961 
0.0249005 0.411026 0.0345184 0.074922 0.000103087 0.00686166 0.0160977 0.0430168 1.28462e-05 0.00182414 0.00660504 0.0190964 0.00017568 0.0312396 0.197119 0.0241518 0.00775307 0.000222171 0.0400734 0.0602809 
0.0869145 0.430523 0.00885359 0.166057 2.53657e-07 0.0138708 0.00953447 0.0741129 0.0205951 0.0038633 0.00283823 0.046401 0.00863771 0.0238669 0.0553205 9.01103e-05 0.0124247 5.3468e-05 0.00353746 0.0325042 
0.0692923 0.260147 0.0163774 0.0343789 1.16387e-05 0.00398199 0.0536895 0.0791437 0.000623019 0.00153303 0.00859775 0.0622312 0.0078066 0.100346 0.0469602 0.00965043 0.00505273 2.03824e-05 0.00151331 0.238644 
0.0749929 0.305212 0.00948593 0.0338593 0.000410165 0.0225665 0.0253599 0.0577584 0.000181568 0.000377452 0.0154402 0.00883186 9.19741e-05 0.161953 0.241163 8.71493e-05 0.0061531 2.26274e-06 0.00365704 0.0324164 
0.00586958 0.306515 0.00537616 0.00457395 2.1419e-05 0.00765176 0.0148909 0.125029 0.000563073 0.000873227 0.0149956 0.00952111 0.00376133 0.182407 0.0147821 0.0457321 0.013841 2.64343e-05 0.00104826 0.242522 
0.00197703 0.474858 0.0168901 0.00648379 0.000171439 0.00858945 0.0176611 0.13203 0.000243826 0.00197815 0.00110512 0.0056482 0.00311199 0.0336002 0.0686404 0.000510465 0.208257 3.66073e-05 0.00266617 0.0155414 
0.148892 0.375857 0.0085094 0.0568615 0.00014984 0.0100007 0.0670689 0.133673 0.00157609 0.00145479 0.00181806 0.0293176 0.00132526 0.0291667 0.112514 4.88992e-05 0.00873705 0.000386702 0.00198868 0.0106531 
0.0799277 0.492873 0.0457766 0.0354173 1.13247e-06 0.00281533 0.0021204 0.00987192 3.31997e-05 0.00132274 7.85453e-05 0.00486698 0.000212164 0.00171679 0.2798 3.71261e-05 0.00295151 1.9654e-05 0.0342555 0.00590197 
0.0172781 0.237579 0.000854037 0.00160304 4.10546e-05 0.042686 0.105763 0.0894161 0.000178356 0.000640298 0.00166096 0.0104316 0.00122001 0.228884 0.175555 0.00197833 0.0123002 1.33784e-05 0.000360227 0.0715572 
0.0308575 0.636516 0.0328243 0.0159483 5.07785e-06 0.00320642 0.00309254 0.0724947 5.97851e-06 0.00025595 2.11881e-05 0.0046916 0.000125408 0.00755378 0.120411 1.05121e-05 0.028032 2.59054e-05 0.0426642 0.00125791 
0.194734 0.597304 0.00607344 0.0333247 1.81139e-06 0.010929 0.0177165 0.0529791 6.63678e-06 0.00105804 0.00128605 0.00874583 0.00267613 0.0169207 0.0359207 2.83273e-05 0.00856486 7.64294e-05 0.00169238 0.00996116 
0.0252471 0.428369 0.0294578 0.0384216 4.46531e-07 0.0032109 0.00667485 0.0191078 0.00118014 0.000604075 0.000247619 0.0285776 0.000442617 0.0135491 0.368873 1.86976e-05 0.0117318 0.000136211 0.0111116 0.0130381 
0.0779525 0.329794 0.00592233 0.0753218 0.000153293 0.0168251 0.124083 0.154692 0.002076 0.000415607 0.0106016 0.0347693 0.00497614 0.0337332 0.074869 0.0296744 0.00809 0.000729283 0.0028902 0.0124316 
0.174768 0.241833 0.031151 0.0982341 1.27054e-05 0.032857 0.0150869 0.136413 8.78564e-05 0.00284454 0.00127614 0.0110584 0.000416697 0.00676567 0.216988 7.65497e-06 0.0169193 0.000174317 0.00980351 0.00330226 
0.013888 0.280598 0.0166384 0.0237494 4.84707e-05 0.015163 0.249425 0.0539515 0.00015813 0.00170288 0.000386738 0.0269238 0.00232221 0.0483144 0.217955 0.00015733 0.0278617 5.28231e-05 0.0166149 0.00408768 
0.0799277 0.492873 0.0457766 0.0354173 1.13247e-06 0.00281533 0.0021204 0.00987192 3.31997e-05 0.00132274 7.85453e-05 0.00486698 0.000212164 0.00171679 0.2798 3.71261e-05 0.00295151 1.9654e-05 0.0342555 0.00590197 
0.0206454 0.43943 0.00476904 0.140564 1.47005e-05 0.0321703 0.0149816 0.0775193 0.00199521 0.000306832 0.0506667 0.0819938 0.000102864 0.0213883 0.081688 8.36483e-06 0.00326795 0.000624938 0.0272569 0.000605695 
0.037489 0.232116 0.0115841 0.0279728 0.00480036 0.102601 0.0169533 0.0951293 0.000901194 0.00252418 0.0038339 0.022013 0.00345209 0.124892 0.177619 0.0136044 0.0515813 0.000273996 0.00573782 0.064921 
0.124305 0.549371 0.0190258 0.0244369 9.20188e-05 0.00203879 0.00354882 0.0442889 2.72987e-05 0.000270014 0.000127899 0.00711615 7.30202e-05 0.00395072 0.192461 1.30652e-05 0.00244718 4.723e-06 0.0253554 0.00104648 
0.0868698 0.639241 0.0210991 0.00721167 1.75773e-07 0.00515872 0.00165935 0.151498 1.16471e-06 0.000616525 0.00266211 0.0358252 0.0021075 0.00169429 0.0173635 0.00017608 0.00186711 6.6679e-05 0.0189686 0.0059131 
0.025295 0.57708 0.0293082 0.0255504 3.90587e-05 0.00387923 0.00537366 0.0446833 5.5272e-05 0.000556952 8.54299e-05 0.00546537 9.14803e-05 0.00294339 0.259659 1.5257e-05 0.00440132 0.000205679 0.0127475 0.00256466 
0.034546 0.727681 0.00631404 0.00899451 7.41195e-08 0.00139783 0.0335247 0.0092533 1.31046e-05 0.000323599 0.00098826 0.00393576 3.09825e-05 0.0153547 0.131183 1.16232e-05 0.000987888 0.000145458 0.00913485 0.0161797 
0.17629 0.456785 0.000489387 0.0062158 3.07596e-08 0.00167371 0.0200891 0.0265812 0.000106821 0.00029923 0.000262197 0.0012015 3.85317e-05 0.00529726 0.265379 1.78519e-05 0.00110489 6.07293e-08 0.0220878 0.0160804 
0.028263 0.810017 0.00543781 0.00412715 4.80085e-05 0.00135827 0.000570594 0.093704 3.33964e-05 8.80652e-05 0.000541866 0.00499547 0.000934091 0.0107674 0.0122147 3.39733e-06 0.0228924 0.000962691 0.000617268 0.00242356 
0.1334 0.661269 0.00946252 0.0248629 1.41878e-08 0.00623915 0.0161404 0.0580392 1.03362e-05 0.000435901 0.00132813 0.0131671 0.0022795 0.0117687 0.0380474 4.65808e-05 0.0032849 9.91232e-05 0.00222008 0.0178986 
0.0335276 0.341742 0.017248 0.0301071 0.00010693 0.0107093 0.00754655 0.315128 0.000158515 0.000815955 0.00865728 0.0558938 0.00248019 0.0264161 0.0713791 0.000447172 0.0539779 0.000378411 0.0198452 0.00343453 
0.00625755 0.65185 0.00285717 0.0118369 9.79072e-06 0.00108505 0.00397275 0.00850543 0.00171261 1.55501e-05 0.000851268 0.0997803 8.57825e-05 0.0486454 0.0461178 0.000269407 0.00503169 0.000546796 0.000358213 0.110211 
0.0111278 0.772882 0.0133692 0.00520527 3.1083e-08 0.00134811 0.00201039 0.125335 1.24254e-05 0.000685665 0.00336649 0.0128671 0.000535202 0.0051338 0.0212275 0.000187184 0.00190733 0.000101297 0.0177552 0.00494242 
0.0445309 0.275961 0.0210166 0.226632 1.78695e-06 0.114409 0.0324166 0.033239 0.000347308 0.000339753 1.47035e-07 0.0172015 1.90819e-06 0.0255535 0.117769 1.29146e-05 0.0715525 6.56392e-08 0.0166635 0.00235112 
0.00331165 0.722469 0.0189648 0.023594 0.00362148 0.00452587 0.0155457 0.0363815 1.81336e-05 0.000574878 3.83026e-05 0.00565852 3.09842e-05 0.00904944 0.0864584 3.12451e-05 0.0546041 9.30893e-05 0.00158601 0.0134431 
0.0349291 0.336053 0.0215811 0.0104046 0.000108347 0.0101892 0.0407569 0.176693 0.000280319 0.000505966 0.0404471 0.00222233 0.00318254 0.0250934 0.243419 0.000745255 0.024369 8.02458e-07 0.00328896 0.0257296 
0.0228492 0.445481 0.00634895 0.0444269 0.000104633 0.0344211 0.0114146 0.0648767 0.0160048 0.00394499 0.00438161 0.0366849 0.00528714 0.087949 0.071423 0.046317 0.0303039 0.00159089 0.023521 0.0426682 
0.0130611 0.257469 0.0105982 0.0272993 0.0203722 0.0431776 0.0493575 0.159994 0.00141124 0.00200077 0.00316846 0.00330234 0.0035661 0.125409 0.129807 0.00787914 0.013467 5.10824e-05 0.00304697 0.125562 
0.0268507 0.354622 0.00235984 0.0203492 0.00118221 0.00251229 0.0546646 0.0498294 0.000146228 0.00131286 0.0132082 0.126275 0.00566923 0.0607458 0.0187286 0.0856741 0.00255676 0.157263 0.00554859 0.0105017 
0.00303019 0.272891 0.00110254 0.000429879 1.62262e-06 0.0397079 0.011786 0.205035 0.0109703 0.00209838 0.00427444 0.0549009 0.0132875 0.0867503 0.0446555 0.0189416 0.00658534 1.05419e-07 0.00020767 0.223343 
