0.000323887 0.000322121 0.734628 0.00526731 0.0249427 0.115483 0.0380064 0.0197472 4.88454e-05 0.056816 0.00418396 0.000230201 
3.89811e-05 0.00713933 0.783373 0.00115225 0.00166523 0.0996188 0.0357797 0.0286858 0.000555949 0.0241183 0.0178454 2.68676e-05 
0.0023157 0.0198232 0.306697 0.0189577 0.0386565 0.172499 0.132129 0.0449074 0.0015947 0.0961829 0.158754 0.00748411 
1.80645e-05 0.0225503 0.563653 0.00660076 0.0147373 0.127182 0.191451 0.0109487 5.46086e-05 0.0235326 0.0392701 1.40173e-06 
8.90299e-05 0.0310451 0.482445 0.0352248 0.173039 0.0524436 0.039619 0.0956967 2.7674e-05 0.0873151 0.00116493 0.00189013 
0.000353061 0.00678051 0.670219 0.00987334 0.0144665 0.106741 0.0643188 0.0112551 0.000567935 0.0803803 0.0349385 0.000105485 
0.000582554 0.0477 0.242918 0.0967783 0.0737994 0.141713 0.0971173 0.0612344 0.0102538 0.202408 0.0241091 0.0013856 
0.000471769 0.0511265 0.487696 0.0123604 0.0328998 0.111776 0.0351559 0.0799915 0.00450955 0.138024 0.0449727 0.00101557 
8.19716e-05 0.0117978 0.754351 0.00622244 0.0056957 0.0867341 0.0563315 0.0145088 0.000314539 0.0554848 0.00795976 0.000517276 
2.71597e-05 0.004919 0.505246 0.0210948 0.0160116 0.332948 0.0425205 0.0114901 1.33839e-05 0.0400333 0.0255698 0.000125425 
0.000232531 0.0435031 0.436756 0.0337065 0.0964395 0.0388671 0.0880826 0.0142857 0.00311474 0.24059 0.0039506 0.000471531 
0.000259003 0.0172717 0.525425 0.0229971 0.0209312 0.0955382 0.0610037 0.0211364 0.000626043 0.0717267 0.162934 0.00015063 
0.0011758 0.0196885 0.252938 0.0271609 0.0549878 0.243707 0.0838719 0.111969 0.00253999 0.171462 0.0299418 0.000556782 
0.000382122 0.0250993 0.332638 0.0593849 0.0504569 0.250972 0.119756 0.0294276 0.0040012 0.0933234 0.0307363 0.00382217 
0.000142088 0.0100147 0.772254 0.00808602 0.0315358 0.0999354 0.0243456 0.0216196 0.00020041 0.0143618 0.0173728 0.000131241 
0.00239751 0.0126554 0.354222 0.017163 0.0247229 0.345551 0.0705249 0.094838 0.000206692 0.0500173 0.0270472 0.00065372 
0.000164525 0.0314655 0.586407 0.00708508 0.0164242 0.123914 0.0401848 0.0594515 0.00052305 0.0988121 0.0355126 5.56874e-05 
0.000240746 0.122408 0.270525 0.0629253 0.0151131 0.151092 0.128807 0.103616 0.00155513 0.130195 0.0132045 0.000319171 
0.000250585 0.0185801 0.321403 0.0338613 0.0207239 0.274512 0.101849 0.0163167 0.000834166 0.069743 0.139115 0.00281138 
5.79775e-05 0.00590335 0.722852 0.00516464 0.00475303 0.118315 0.0719301 0.00425972 4.83004e-05 0.0329972 0.033648 7.03224e-05 
0.000126423 0.00832288 0.474575 0.0339339 0.0232809 0.120081 0.158883 0.0692303 1.23348e-06 0.0685209 0.042087 0.000956685 
0.000238795 0.0410478 0.318631 0.0302447 0.0249705 0.232813 0.0997193 0.0651638 0.00420925 0.0838811 0.0986771 0.000404135 
0.000206122 0.0105352 0.592105 0.0044906 0.0161572 0.173344 0.100044 0.00652023 0.000499015 0.064029 0.0315102 0.000559742 
9.01792e-05 0.0289452 0.348929 0.0313735 0.0226481 0.20975 0.112939 0.00788105 0.00115965 0.101605 0.134095 0.000583798 
0.000287454 0.0146434 0.67792 0.0199165 0.0162551 0.0843248 0.0674469 0.029098 0.00237348 0.0736961 0.0107461 0.00329202 
0.0228641 0.0109581 0.224962 0.108857 0.111554 0.141414 0.0955985 0.0978005 0.00122157 0.162341 0.0161721 0.00625719 
0.000380866 0.142129 0.390093 0.0183468 0.0167912 0.20127 0.048131 0.0556359 0.00028579 0.123056 0.00376175 0.000119705 
0.000171642 0.0206322 0.523581 0.0109796 0.0364146 0.150619 0.0413727 0.0708556 0.00239659 0.133261 0.00896607 0.00075038 
0.00017669 0.0154878 0.676399 0.0193415 0.0192042 0.0797902 0.0954169 0.0207128 0.0029212 0.0556904 0.0144103 0.000448912 
0.000165826 0.0462675 0.372594 0.0122418 0.0905042 0.21215 0.0378487 0.0616943 0.0024531 0.142258 0.0145721 0.0072505 
0.000317465 0.0265275 0.323472 0.0447601 0.0358267 0.254664 0.0812626 0.0583106 0.0177447 0.106444 0.0460567 0.00461325 
0.000318553 0.0669042 0.347754 0.0126051 0.0256697 0.306824 0.0828792 0.0702285 0.00150911 0.0705505 0.0135764 0.00118067 
0.000279065 0.030423 0.287046 0.0413317 0.0349298 0.20524 0.134109 0.0622111 0.00125757 0.135521 0.0655047 0.00214721 
0.000191139 0.0106712 0.842715 0.00754546 0.027933 0.0760841 0.0106213 0.0106349 0.000277481 0.0118201 0.00132473 0.000181609 
0.000191139 0.0106712 0.842715 0.00754546 0.027933 0.0760841 0.0106213 0.0106349 0.000277481 0.0118201 0.00132473 0.000181609 
0.000191139 0.0106712 0.842715 0.00754546 0.027933 0.0760841 0.0106213 0.0106349 0.000277481 0.0118201 0.00132473 0.000181609 
0.000268708 0.0174685 0.361889 0.0281135 0.0438243 0.259184 0.0845756 0.0427414 0.000700543 0.102645 0.043423 0.015167 
1.09885e-05 0.00997695 0.44434 0.0170827 0.0258458 0.266344 0.0437337 0.0133941 0.000162931 0.0444699 0.127493 0.00714572 
0.00146234 0.0110193 0.551209 0.02667 0.0816212 0.122456 0.0632925 0.0287827 0.000553348 0.105919 0.00617775 0.000836409 
9.01792e-05 0.0289452 0.348929 0.0313735 0.0226481 0.20975 0.112939 0.00788105 0.00115965 0.101605 0.134095 0.000583798 
9.2698e-06 0.176603 0.2634 0.0368586 0.0682553 0.113439 0.0854282 0.049759 0.0718679 0.103975 0.0265211 0.00388343 
3.15628e-08 1.92134e-05 0.776139 7.04819e-05 0.000394789 0.216013 0.00301373 0.000546184 2.25779e-07 0.00218432 0.00161855 7.04074e-07 
3.66197e-05 0.0170901 0.543661 0.0108501 0.0318865 0.12679 0.1181 0.0188718 2.9549e-05 0.116242 0.0139708 0.00247116 
0.000935171 0.0465594 0.403139 0.135306 0.0058992 0.0656992 0.0267407 0.135559 7.7444e-06 0.0460555 0.133492 0.00060577 
2.44854e-06 0.00278143 0.756242 0.00287171 0.00374166 0.107947 0.0598992 0.00463069 2.94278e-05 0.0310251 0.0307769 5.16593e-05 
0.000289528 0.0228567 0.545431 0.0136221 0.0382687 0.183257 0.0580255 0.0254441 0.00233912 0.102391 0.00742076 0.000653693 
0.000488995 0.0259247 0.277507 0.0394086 0.0478149 0.275159 0.116715 0.0751576 0.00139067 0.119483 0.0200624 0.000888191 
0.000207231 0.0131871 0.32222 0.0116801 0.0186353 0.313854 0.0753895 0.0901901 0.00236801 0.119801 0.0321247 0.000342652 
9.75483e-06 0.0182255 0.55225 0.0145975 0.190979 0.0559263 0.147348 0.0043502 2.65832e-06 0.0161753 0.000131641 4.42801e-06 
0.000293666 0.00632303 0.67538 0.0261008 0.00837643 0.161699 0.0647618 0.00614717 0.000526834 0.0329348 0.0173498 0.000106644 
0.000393221 0.00910686 0.619453 0.0250929 0.0276986 0.094144 0.0666942 0.0136113 0.000847481 0.0817334 0.0610665 0.000158462 
0.000553988 0.00603816 0.334913 0.0418881 0.0265012 0.117876 0.270978 0.0130787 0.00228051 0.0900449 0.0953479 0.000498958 
0.000488084 0.0398095 0.485428 0.039067 0.0929655 0.141511 0.0495334 0.0304648 0.000232054 0.113208 0.00669534 0.000597692 
3.24262e-05 0.0404261 0.245044 0.0206551 0.0409652 0.185599 0.0978753 0.0989984 3.70555e-05 0.238683 0.0313633 0.000321291 
0.000221649 0.071532 0.247571 0.0690064 0.085966 0.101496 0.103667 0.0238291 0.0609304 0.165185 0.0698415 0.000754587 
2.44854e-06 0.00278143 0.756242 0.00287171 0.00374166 0.107947 0.0598992 0.00463069 2.94278e-05 0.0310251 0.0307769 5.16593e-05 
0.000236818 0.0822601 0.492513 0.0346702 0.0407207 0.0806712 0.0703487 0.0401405 0.0123112 0.129134 0.0154011 0.00159252 
0.000254395 0.0138404 0.554967 0.00733992 0.0211676 0.12039 0.0404316 0.0713861 0.000786375 0.126324 0.0426834 0.000429042 
0.000243746 0.0321443 0.356647 0.0653594 0.0207804 0.212247 0.114495 0.0604049 0.000187989 0.109234 0.0274652 0.000792094 
0.00066021 0.00770865 0.345849 0.0112097 0.0285473 0.316112 0.0669343 0.149823 0.00188597 0.0563521 0.0136195 0.00129893 
0.000207204 0.021958 0.435531 0.0414279 0.023577 0.138084 0.0991706 0.0801329 0.00107041 0.120758 0.0378866 0.00019612 
8.18436e-05 0.0102111 0.462377 0.0170861 0.0612249 0.321771 0.034833 0.0197332 0.0011826 0.054122 0.0172788 9.79295e-05 
0.000429879 0.12939 0.19753 0.0619345 0.0160547 0.132579 0.122083 0.149759 0.0014945 0.173551 0.0148761 0.000319154 
0.00460999 0.0170066 0.525348 0.0256592 0.0219051 0.151151 0.0824644 0.0124768 0.000688179 0.116278 0.0423221 9.07436e-05 
0.000338345 0.0108147 0.45263 0.0296409 0.0444998 0.238473 0.0815529 0.0218602 0.0222997 0.080296 0.0172687 0.000326362 
0.000156929 0.00762805 0.736095 0.024601 0.00886131 0.0984854 0.048818 0.00870895 0.000211347 0.0595228 0.00679452 0.000116842 
0.000290615 0.00969123 0.351885 0.0329452 0.0141259 0.229111 0.106144 0.035922 6.05742e-06 0.115084 0.049166 0.055629 
0.000237647 0.0178009 0.460645 0.0258053 0.0187896 0.150504 0.102527 0.0777902 0.00215065 0.107382 0.0356463 0.00072164 
0.000353061 0.00678051 0.670219 0.00987334 0.0144665 0.106741 0.0643188 0.0112551 0.000567935 0.0803803 0.0349385 0.000105485 
4.20842e-05 0.016068 0.500715 0.0374708 0.0129205 0.132977 0.0760102 0.025 7.38193e-05 0.107995 0.0903335 0.000393387 
7.5421e-05 0.000236211 0.408382 0.00284831 0.00395071 0.370681 0.0810004 0.0218633 3.73059e-07 0.0673627 0.043597 2.66517e-06 
0.000297528 0.00523167 0.642255 0.0478533 0.0484747 0.0756692 0.067186 0.0135628 0.000151951 0.0787369 0.0204746 0.000105918 
0.000353061 0.00678051 0.670219 0.00987334 0.0144665 0.106741 0.0643188 0.0112551 0.000567935 0.0803803 0.0349385 0.000105485 
0.000235475 0.00655084 0.543451 0.00994907 0.0236946 0.232329 0.0437011 0.0750647 0.00156441 0.0554103 0.00771452 0.000335539 
0.000218274 0.0106737 0.693087 0.00883352 0.0226959 0.0903412 0.0521402 0.0429103 0.00267528 0.0640077 0.0122948 0.000122494 
0.000519749 0.0434402 0.44759 0.0342315 0.0874591 0.0955706 0.137275 0.0516087 0.00361504 0.0807464 0.0152387 0.00270525 
9.14552e-05 0.00735342 0.333458 0.0149021 0.0141846 0.291095 0.0415592 0.0112718 0.000241335 0.0895262 0.174688 0.0216286 
0.000306825 0.0996315 0.610839 0.0288246 0.0269931 0.0662536 0.0529871 0.0207323 0.0130465 0.0645818 0.0143485 0.00145469 
0.00104635 0.0407391 0.232959 0.126796 0.0129232 0.128395 0.0398432 0.220624 7.60602e-06 0.0943896 0.0644514 0.0378251 
0.00036341 0.0147238 0.55931 0.0323463 0.0097905 0.134359 0.0595141 0.025579 0.000533089 0.0665611 0.0967145 0.00020488 
0.000411749 0.00616281 0.546844 0.0117342 0.0340694 0.165881 0.0613127 0.029548 3.8112e-05 0.111182 0.0324672 0.000348929 
0.000121379 0.0348715 0.261169 0.0359234 0.0276104 0.229651 0.152033 0.00935692 0.00156103 0.130779 0.116374 0.000548263 
0.000353061 0.00678051 0.670219 0.00987334 0.0144665 0.106741 0.0643188 0.0112551 0.000567935 0.0803803 0.0349385 0.000105485 
0.000187644 0.0101339 0.633708 0.00430658 0.0211616 0.117178 0.0785587 0.0162764 0.00013963 0.102137 0.014621 0.00159188 
8.87453e-05 0.0151235 0.416879 0.0186191 0.0148849 0.175858 0.0601326 0.00937298 0.000674489 0.0705759 0.211919 0.00587138 
0.000191139 0.0106712 0.842715 0.00754546 0.027933 0.0760841 0.0106213 0.0106349 0.000277481 0.0118201 0.00132473 0.000181609 
0.000376796 0.0422306 0.619561 0.0308305 0.0504549 0.0735815 0.05453 0.0238253 0.00780032 0.0781653 0.0177212 0.000922798 
0.000191139 0.0106712 0.842715 0.00754546 0.027933 0.0760841 0.0106213 0.0106349 0.000277481 0.0118201 0.00132473 0.000181609 
0.000110336 0.0191287 0.419902 0.00690189 0.0178976 0.117819 0.0410727 0.0825291 0.00228468 0.091707 0.200586 6.16103e-05 
9.01792e-05 0.0289452 0.348929 0.0313735 0.0226481 0.20975 0.112939 0.00788105 0.00115965 0.101605 0.134095 0.000583798 
0.000297528 0.00523167 0.642255 0.0478533 0.0484747 0.0756692 0.067186 0.0135628 0.000151951 0.0787369 0.0204746 0.000105918 
6.63731e-05 0.0309009 0.643014 0.00254624 0.00545581 0.125715 0.0698909 0.0399967 0.00115 0.0788948 0.00228133 8.81494e-05 
1.38628e-05 0.00155184 0.4273 0.0399202 0.060867 0.222535 0.0921388 0.0421607 0.000660161 0.0458257 0.0669686 5.84434e-05 
9.01792e-05 0.0289452 0.348929 0.0313735 0.0226481 0.20975 0.112939 0.00788105 0.00115965 0.101605 0.134095 0.000583798 
0.000257466 0.0475272 0.431301 0.0341821 0.0168383 0.163881 0.110394 0.0582059 0.000571658 0.109636 0.0267353 0.000469842 
4.6732e-06 0.00849235 0.674321 0.0340074 0.00875308 0.122574 0.07043 0.00629383 1.82206e-05 0.0648555 0.010189 6.07141e-05 
0.00024207 0.0327596 0.234669 0.0836263 0.0368802 0.156778 0.123276 0.139265 0.000276 0.14835 0.0412363 0.0026407 
1.9265e-05 0.00364155 0.673132 0.00567246 0.0103063 0.159979 0.0700012 0.00598843 5.24915e-05 0.0394092 0.0315105 0.000287254 
0.000245531 0.0128423 0.741963 0.0117659 0.018127 0.0813092 0.0435639 0.0247064 0.00880206 0.039984 0.0165511 0.000139264 
0.000218274 0.0106737 0.693087 0.00883352 0.0226959 0.0903412 0.0521402 0.0429103 0.00267528 0.0640077 0.0122948 0.000122494 
0.000411749 0.00616281 0.546844 0.0117342 0.0340694 0.165881 0.0613127 0.029548 3.8112e-05 0.111182 0.0324672 0.000348929 
3.9136e-06 0.00540745 0.319951 0.00677933 0.0919613 0.303723 0.0754684 0.0270404 0.00176308 0.103554 0.00677576 0.0575719 
0.00252864 0.0124212 0.414053 0.0330562 0.0205097 0.399224 0.0359762 0.0140995 0.000289558 0.0464297 0.021018 0.000393899 
0.000351721 0.125261 0.179026 0.0711052 0.0165353 0.152002 0.141138 0.123981 0.00127802 0.171299 0.0177625 0.000261127 
0.000847947 0.00897244 0.419475 0.0129941 0.109953 0.187695 0.0978374 0.0561567 0.000552729 0.0915508 0.012893 0.0010712 
0.000287679 0.00748593 0.721817 0.00479271 0.00647387 0.113264 0.0661381 0.0073037 0.000615132 0.0423786 0.0293006 0.000143209 
7.43546e-05 0.0323687 0.330613 0.0357888 0.0720274 0.139015 0.241898 0.0412264 0.000168148 0.0710562 0.0282183 0.0075457 
0.000417711 0.00840524 0.399432 0.0503047 0.0451729 0.194289 0.100778 0.0345517 0.000495281 0.110766 0.0540549 0.00133292 
0.000434478 0.00606002 0.503627 0.00313888 0.0312384 0.37986 0.0260914 0.00615803 6.66549e-05 0.0312758 0.0119212 0.000128383 
0.000388267 0.00670924 0.620178 0.044119 0.0302367 0.125313 0.0765587 0.0115603 0.000666362 0.0612891 0.0228474 0.000133371 
0.000364795 0.0210957 0.433698 0.0442871 0.0220473 0.0930302 0.137454 0.0092367 0.00142162 0.0824537 0.154645 0.000265672 
0.00025059 0.0192996 0.295458 0.0431805 0.0624874 0.209595 0.0980369 0.0847014 0.00859726 0.16146 0.01591 0.00102289 
0.00122625 0.0256102 0.226856 0.0367792 0.0455349 0.171946 0.0704464 0.119683 0.00252593 0.159515 0.138851 0.00102619 
0.000288975 0.0112465 0.401232 0.0329002 0.06199 0.29182 0.0959214 0.0259504 0.00311293 0.0501598 0.0232596 0.00211762 
0.000250629 0.0069277 0.473079 0.0363092 0.0201249 0.0956903 0.214238 0.0101749 0.00260242 0.0593781 0.0809204 0.000304721 
2.44854e-06 0.00278143 0.756242 0.00287171 0.00374166 0.107947 0.0598992 0.00463069 2.94278e-05 0.0310251 0.0307769 5.16593e-05 
0.000189271 0.00810808 0.733266 0.0249669 0.0087809 0.0684649 0.054428 0.0280045 0.000249405 0.0665551 0.00687069 0.000116829 
0.000232601 0.025947 0.478621 0.0218987 0.0182296 0.18577 0.0818177 0.0139471 0.000504196 0.0790954 0.0852964 0.00863994 
0.000464398 0.018303 0.309823 0.0337164 0.0384011 0.147554 0.162374 0.0958516 0.00169867 0.159747 0.0312369 0.000829965 
0.000307125 0.0208884 0.518957 0.026373 0.0396653 0.107994 0.0756486 0.0659406 0.00323647 0.124676 0.0143555 0.00195846 
0.000284241 0.0502339 0.601257 0.0217394 0.0278432 0.0885469 0.0629333 0.0304862 0.00417541 0.0785202 0.0329706 0.00100922 
7.18807e-05 0.0467849 0.391869 0.0492659 0.0274061 0.132413 0.186181 0.0151286 9.92226e-05 0.0819272 0.0681555 0.000698249 
0.000242079 0.019054 0.513383 0.0266445 0.0607339 0.0920368 0.069961 0.0344976 0.00441196 0.140279 0.0381523 0.000604738 
0.000298963 0.0348249 0.37786 0.0327296 0.0538178 0.273648 0.0865649 0.0259481 0.000556527 0.0896761 0.0205758 0.00349871 
0.000200858 0.0150057 0.708283 0.0118008 0.0184865 0.113401 0.0581639 0.0339035 0.00182745 0.0307247 0.00780166 0.000400566 
0.000191139 0.0106712 0.842715 0.00754546 0.027933 0.0760841 0.0106213 0.0106349 0.000277481 0.0118201 0.00132473 0.000181609 
0.042966 0.0265646 0.4478 0.0305964 0.0345129 0.14122 0.0877164 0.0377775 0.00267631 0.120862 0.0180039 0.00930355 
4.84147e-05 0.0270319 0.488168 0.0177406 0.0296253 0.122154 0.0737943 0.0898313 0.0021681 0.140434 0.00888235 0.000121543 
0.000361049 0.0193364 0.635772 0.0146482 0.0142463 0.110311 0.0726093 0.0226161 0.00100653 0.0703342 0.0314441 0.0073138 
0.000232531 0.0435031 0.436756 0.0337065 0.0964395 0.0388671 0.0880826 0.0142857 0.00311474 0.24059 0.0039506 0.000471531 
2.568e-05 0.046983 0.712908 0.006503 0.0102786 0.0999746 0.0574523 0.0140357 0.000691871 0.0406072 0.0104778 6.26914e-05 
0.000633279 0.0261581 0.353288 0.0430983 0.0414174 0.22779 0.0966255 0.0532618 0.00354551 0.11312 0.0392396 0.00182267 
0.000375186 0.0022121 0.495124 0.0248578 0.0387735 0.204602 0.108411 0.058971 0.000249363 0.0579923 0.00581697 0.00261452 
0.00102211 0.0226886 0.371451 0.0354625 0.0318532 0.141744 0.0930996 0.0672298 0.00440299 0.131859 0.0980271 0.00115967 
6.44817e-05 0.0320515 0.555941 0.0465397 0.03256 0.0470416 0.174328 0.025584 0.00732821 0.0505576 0.0278953 0.000109494 
0.000306825 0.0996315 0.610839 0.0288246 0.0269931 0.0662536 0.0529871 0.0207323 0.0130465 0.0645818 0.0143485 0.00145469 
0.000348965 0.0248909 0.424128 0.0583322 0.0400725 0.0765651 0.0806449 0.133713 0.00924671 0.147839 0.00285688 0.00136246 
0.000318235 0.0175855 0.622499 0.0380848 0.0600041 0.0921899 0.0686456 0.0186877 0.00529046 0.0624371 0.0135973 0.000660434 
0.000527259 0.0212478 0.530537 0.0438749 0.0248221 0.128382 0.152053 0.025417 0.000435233 0.0596368 0.0128786 0.000188679 
0.000189271 0.00810808 0.733266 0.0249669 0.0087809 0.0684649 0.054428 0.0280045 0.000249405 0.0665551 0.00687069 0.000116829 
0.000243746 0.0321443 0.356647 0.0653594 0.0207804 0.212247 0.114495 0.0604049 0.000187989 0.109234 0.0274652 0.000792094 
0.000275898 0.0327431 0.344369 0.0328366 0.025287 0.205045 0.114594 0.00985495 0.00275236 0.108537 0.122977 0.000726887 
0.00044693 0.0113844 0.296228 0.0286541 0.0484861 0.235655 0.0575079 0.18247 0.00769684 0.105663 0.025043 0.000765641 
0.000181068 0.00880159 0.709312 0.0283857 0.0102246 0.101126 0.0562902 0.00944823 0.00024386 0.0680127 0.00783982 0.000134815 
7.64242e-05 0.026122 0.254829 0.0912785 0.0305053 0.11841 0.136679 0.0296125 0.00272132 0.102843 0.206707 0.000215125 
0.000337317 0.00710002 0.291504 0.0373601 0.0426641 0.102193 0.269278 0.0536555 0.00178739 0.13671 0.0569399 0.000471092 
0.000206766 0.0411783 0.484315 0.0481131 0.056586 0.0463643 0.147023 0.0211682 0.00713599 0.130958 0.0166681 0.000282926 
0.000334762 0.0171096 0.552943 0.0245287 0.0282773 0.132033 0.0676195 0.0671127 0.00145969 0.0820271 0.0262 0.000354734 
0.000297528 0.00523167 0.642255 0.0478533 0.0484747 0.0756692 0.067186 0.0135628 0.000151951 0.0787369 0.0204746 0.000105918 
0.000168261 0.0631532 0.453737 0.055883 0.0875927 0.0415735 0.0851476 0.00975472 0.00100269 0.199255 0.00242271 0.000308954 
7.2246e-05 0.0039508 0.441769 0.00211209 0.0208997 0.100111 0.00808522 0.241669 0.00223676 0.176817 0.00224642 3.14727e-05 
7.5421e-05 0.000236211 0.408382 0.00284831 0.00395071 0.370681 0.0810004 0.0218633 3.73059e-07 0.0673627 0.043597 2.66517e-06 
0.000476193 0.0240993 0.349098 0.0861489 0.0355945 0.192105 0.0986756 0.0601281 0.0150298 0.111563 0.0263697 0.000712304 
0.000297528 0.00523167 0.642255 0.0478533 0.0484747 0.0756692 0.067186 0.0135628 0.000151951 0.0787369 0.0204746 0.000105918 
0.000285832 0.036901 0.471553 0.0190073 0.0264964 0.103666 0.0595704 0.0970622 0.00402711 0.089752 0.0903768 0.00130168 
2.568e-05 0.046983 0.712908 0.006503 0.0102786 0.0999746 0.0574523 0.0140357 0.000691871 0.0406072 0.0104778 6.26914e-05 
0.000411792 0.013217 0.275471 0.0593094 0.0629128 0.251916 0.142594 0.0277305 0.000655575 0.090212 0.0754466 0.000123771 
0.000293654 0.0304925 0.590677 0.0269418 0.0233479 0.0832809 0.0826544 0.0230033 0.0040255 0.0877224 0.0471654 0.00039494 
0.000302815 0.0215657 0.360064 0.0802242 0.0361488 0.143977 0.079614 0.10801 0.000181548 0.107266 0.0617871 0.000858659 
6.44817e-05 0.0320515 0.555941 0.0465397 0.03256 0.0470416 0.174328 0.025584 0.00732821 0.0505576 0.0278953 0.000109494 
0.000341211 0.0193376 0.308287 0.062743 0.0231797 0.0952052 0.175124 0.0747074 0.00033694 0.206968 0.0331778 0.000592121 
0.000232531 0.0435031 0.436756 0.0337065 0.0964395 0.0388671 0.0880826 0.0142857 0.00311474 0.24059 0.0039506 0.000471531 
6.44966e-05 0.0286827 0.593038 0.0333361 0.0309046 0.0516969 0.14756 0.0287255 0.00715148 0.0546565 0.0240737 0.000109439 
0.00181602 0.00929567 0.342378 0.0113284 0.0144866 0.243219 0.0438311 0.216267 0.000613115 0.109432 0.00721852 0.000115269 
0.000994678 0.0301679 0.227933 0.0453251 0.0647855 0.111232 0.216452 0.13699 0.00664709 0.144334 0.0143529 0.000786561 
9.01792e-05 0.0289452 0.348929 0.0313735 0.0226481 0.20975 0.112939 0.00788105 0.00115965 0.101605 0.134095 0.000583798 
0.000237223 0.0071249 0.657233 0.00438009 0.00917846 0.0780358 0.058768 0.0382311 0.000121265 0.0480087 0.0983595 0.000322431 
0.00015811 0.00266926 0.385284 0.0171254 0.0457576 0.273061 0.102624 0.0423727 0.000916317 0.117951 0.0110637 0.00101695 
0.000158595 0.0270202 0.671139 0.0175106 0.0167015 0.128884 0.0732257 0.0178199 0.00126219 0.0340657 0.0119828 0.000229811 
0.000206808 0.00386818 0.385865 0.0201518 0.0335093 0.240996 0.075022 0.085552 0.000869587 0.142336 0.0112183 0.000405103 
0.000249464 0.0314147 0.506793 0.0383107 0.160322 0.0228893 0.0285041 0.032106 0.0106952 0.163581 0.00388175 0.00125314 
0.000643389 0.0258051 0.419989 0.0313694 0.0339756 0.200851 0.0718896 0.0327943 0.0042283 0.0959968 0.0821394 0.000318408 
0.00233613 0.0409473 0.41439 0.0914647 0.0277821 0.111951 0.109927 0.0099578 0.000461965 0.123318 0.0673412 0.000123866 
0.000232531 0.0435031 0.436756 0.0337065 0.0964395 0.0388671 0.0880826 0.0142857 0.00311474 0.24059 0.0039506 0.000471531 
0.00014825 0.02762 0.323155 0.0212323 0.173957 0.225775 0.107484 0.0214095 5.73501e-05 0.0714676 0.0191583 0.00853513 
0.000228923 0.037358 0.211174 0.0879499 0.0852373 0.110953 0.171355 0.157147 0.008271 0.0987466 0.029446 0.00213283 
3.9136e-06 0.00540745 0.319951 0.00677933 0.0919613 0.303723 0.0754684 0.0270404 0.00176308 0.103554 0.00677576 0.0575719 
0.000298848 0.00850749 0.503833 0.0295239 0.0256496 0.154361 0.0973868 0.0396524 0.000509847 0.101861 0.0381714 0.0002447 
0.000259971 0.00329215 0.415937 0.0415108 0.0630882 0.215395 0.0951317 0.0453731 0.00308253 0.0558027 0.0609836 0.000143889 
8.3501e-06 0.0190788 0.377663 0.0437018 0.0877162 0.120818 0.0643699 0.176565 9.56145e-06 0.0938202 0.0137856 0.00246284 
7.85455e-05 0.0107859 0.252872 0.0376381 0.0389364 0.24516 0.0828485 0.0772484 0.000323182 0.195983 0.0570985 0.00102789 
0.000297528 0.00523167 0.642255 0.0478533 0.0484747 0.0756692 0.067186 0.0135628 0.000151951 0.0787369 0.0204746 0.000105918 
8.33169e-06 0.0115049 0.424784 0.0156029 0.0115867 0.177733 0.055223 0.00675134 7.44473e-05 0.0603772 0.233946 0.00240873 
0.000787394 0.0400714 0.322071 0.0347701 0.040728 0.255149 0.105826 0.0460872 0.00281899 0.110045 0.0395108 0.00213487 
0.000344931 0.0440066 0.40414 0.0477941 0.0334721 0.128499 0.114329 0.0816183 0.0101555 0.119753 0.0148184 0.00106966 
0.000859458 0.00945606 0.605098 0.00858108 0.11108 0.0813151 0.0636547 0.0737213 0.000233258 0.0420532 0.00385266 9.5105e-05 
0.000303541 0.0342492 0.516951 0.0238296 0.0214625 0.101547 0.119998 0.0443271 0.00304692 0.101321 0.0323551 0.00060996 
5.77152e-05 0.134577 0.276536 0.0119631 0.0368747 0.234422 0.0633825 0.0888268 0.000381731 0.132257 0.0184811 0.00224064 
0.000429879 0.12939 0.19753 0.0619345 0.0160547 0.132579 0.122083 0.149759 0.0014945 0.173551 0.0148761 0.000319154 
0.000123086 0.0420105 0.474452 0.0256376 0.0396121 0.131461 0.095847 0.0135879 4.7576e-05 0.0486477 0.128533 4.10036e-05 
9.01792e-05 0.0289452 0.348929 0.0313735 0.0226481 0.20975 0.112939 0.00788105 0.00115965 0.101605 0.134095 0.000583798 
0.000342878 0.0113743 0.381099 0.0278809 0.0791406 0.158304 0.0346444 0.0866985 0.000615429 0.201009 0.0180119 0.000878608 
0.000533257 0.00237957 0.233312 0.0180448 0.0438384 0.228707 0.0963147 0.0639982 0.0154553 0.221743 0.0755053 0.000168033 
0.00045457 0.00982592 0.366203 0.0112815 0.0308076 0.311945 0.0832175 0.0125781 0.000708848 0.0576641 0.114839 0.000475032 
0.000671376 0.0217719 0.342498 0.0364723 0.0347388 0.232325 0.0771131 0.0779651 0.00377815 0.137057 0.0348029 0.000805252 
0.000191139 0.0106712 0.842715 0.00754546 0.027933 0.0760841 0.0106213 0.0106349 0.000277481 0.0118201 0.00132473 0.000181609 
0.000284096 0.0231196 0.336425 0.0370104 0.0685574 0.104884 0.103002 0.0601738 0.00329938 0.216607 0.0419854 0.00465241 
0.000278435 0.00843072 0.235406 0.0118808 0.170301 0.155181 0.06347 0.132794 0.00377778 0.0817249 0.1366 0.000155114 
0.000200858 0.0150057 0.708283 0.0118008 0.0184865 0.113401 0.0581639 0.0339035 0.00182745 0.0307247 0.00780166 0.000400566 
1.71403e-05 0.017967 0.346627 0.0193719 0.0333253 0.194448 0.162094 0.0664535 0.00232583 0.0460393 0.111028 0.000302886 
0.00036605 0.0484904 0.565403 0.0365275 0.0711113 0.0693811 0.0574629 0.0254998 0.005064 0.100957 0.0183721 0.00136536 
0.000353908 0.00679121 0.573193 0.01093 0.0174168 0.137417 0.0911249 0.0124943 0.000583597 0.103019 0.046569 0.00010724 
3.79437e-05 0.00965204 0.286671 0.00990796 0.125312 0.220767 0.0375285 0.21081 0.00853148 0.0534807 0.0372585 4.16564e-05 
0.000353061 0.00678051 0.670219 0.00987334 0.0144665 0.106741 0.0643188 0.0112551 0.000567935 0.0803803 0.0349385 0.000105485 
0.000553988 0.00603816 0.334913 0.0418881 0.0265012 0.117876 0.270978 0.0130787 0.00228051 0.0900449 0.0953479 0.000498958 
0.000216329 0.0219111 0.45043 0.0234236 0.0401922 0.0840652 0.0325401 0.163598 0.00361771 0.167538 0.0117762 0.000692186 
0.0002824 0.00858764 0.219434 0.0401518 0.0489219 0.180257 0.0943741 0.0810686 0.0259227 0.157554 0.14286 0.00058525 
0.000191139 0.0106712 0.842715 0.00754546 0.027933 0.0760841 0.0106213 0.0106349 0.000277481 0.0118201 0.00132473 0.000181609 
0.000249464 0.0314147 0.506793 0.0383107 0.160322 0.0228893 0.0285041 0.032106 0.0106952 0.163581 0.00388175 0.00125314 
7.95708e-05 0.0419762 0.365836 0.0293554 0.0202356 0.203693 0.0996521 0.00695387 0.00102323 0.0896513 0.141029 0.000515134 
4.44276e-05 0.0424249 0.376681 0.0232585 0.0185755 0.257428 0.0825624 0.0638193 0.000214495 0.112231 0.0227332 2.69837e-05 
0.000323887 0.000322121 0.734628 0.00526731 0.0249427 0.115483 0.0380064 0.0197472 4.88454e-05 0.056816 0.00418396 0.000230201 
0.00040122 0.0174317 0.311994 0.0353681 0.0154003 0.208064 0.1004 0.0279086 0.00133651 0.066315 0.214385 0.00099537 
0.000172638 0.0261049 0.431391 0.100526 0.0375248 0.0633467 0.065198 0.123004 0.0021978 0.142249 0.00696019 0.00132504 
0.000223122 0.0144843 0.271803 0.0371237 0.0867782 0.227297 0.11096 0.0438752 0.00193207 0.171213 0.0340283 0.000282256 
0.0167719 0.0757679 0.30865 0.0409568 0.0530353 0.0943774 0.0722191 0.110224 0.0111319 0.175211 0.0380045 0.00365052 
0.000561425 0.0463002 0.247787 0.044514 0.031776 0.216521 0.0837999 0.142 0.00956022 0.160314 0.0154262 0.00144031 
0.000323887 0.000322121 0.734628 0.00526731 0.0249427 0.115483 0.0380064 0.0197472 4.88454e-05 0.056816 0.00418396 0.000230201 
9.01792e-05 0.0289452 0.348929 0.0313735 0.0226481 0.20975 0.112939 0.00788105 0.00115965 0.101605 0.134095 0.000583798 
0.000268674 0.0189376 0.688668 0.00829299 0.0438504 0.10762 0.0470916 0.0213146 0.000637405 0.0605597 0.00239654 0.000362576 
0.000390752 0.0433488 0.432881 0.0294331 0.0662653 0.0800313 0.063546 0.0151007 0.0030793 0.17042 0.0950135 0.000490036 
8.0176e-05 0.0396193 0.347172 0.0293625 0.0307288 0.313802 0.0905876 0.0330786 0.00134409 0.0779144 0.0343672 0.00194393 
2.84173e-05 0.0150221 0.352285 0.040989 0.0357881 0.312275 0.0799492 0.0590325 0.00644814 0.0693738 0.0283613 0.000447735 
6.25841e-05 0.0727289 0.538778 0.0293296 0.0174064 0.13471 0.0773512 0.0502186 0.00225045 0.0632725 0.0137296 0.00016167 
1.63182e-05 0.0334632 0.376837 0.00829647 0.0302213 0.166911 0.0342673 0.264813 0.0273363 0.0536514 0.0040772 0.000109581 
0.00029197 0.0299871 0.434253 0.0376324 0.0204561 0.0841587 0.0720249 0.00789389 0.000475791 0.0934144 0.21926 0.000151807 
0.000269352 0.00970495 0.627198 0.0173164 0.0173094 0.0917778 0.078613 0.0507926 0.00186749 0.0712692 0.033634 0.000248247 
0.24823 0.0015736 0.263193 0.0166831 0.0212204 0.224217 0.0486176 0.0375315 8.02756e-05 0.0912808 0.00531327 0.0420597 
0.000325858 0.0176302 0.415656 0.032099 0.0330968 0.14168 0.111108 0.11552 0.00160127 0.110166 0.019294 0.0018221 
5.90441e-05 0.00272642 0.441815 0.023972 0.00558101 0.083505 0.0719412 0.321135 0.000692357 0.0385868 0.00878595 0.00120023 
0.00029197 0.0299871 0.434253 0.0376324 0.0204561 0.0841587 0.0720249 0.00789389 0.000475791 0.0934144 0.21926 0.000151807 
0.000421563 0.0098977 0.30652 0.0412978 0.0570763 0.297333 0.0803007 0.0509982 0.0132857 0.118356 0.023861 0.000651833 
0.00183394 0.0167752 0.389758 0.00768186 0.02118 0.168188 0.192788 0.110547 0.0122242 0.0412076 0.037731 8.45786e-05 
0.00292448 0.0119536 0.327974 0.0561995 0.0400446 0.165516 0.170304 0.0271298 0.000903559 0.172501 0.022599 0.00195078 
0.000429879 0.12939 0.19753 0.0619345 0.0160547 0.132579 0.122083 0.149759 0.0014945 0.173551 0.0148761 0.000319154 
0.000553844 0.0199243 0.279865 0.0273575 0.0459173 0.166636 0.231756 0.0369033 0.00112485 0.0833395 0.0702756 0.0363477 
0.00109297 0.0529062 0.35788 0.061459 0.0341635 0.19873 0.131441 0.0386386 0.00322457 0.0997979 0.0148749 0.00579131 
0.000276936 0.029296 0.505561 0.0581099 0.0198363 0.148562 0.081423 0.0153001 0.000587925 0.0534826 0.0874278 0.000136158 
2.44854e-06 0.00278143 0.756242 0.00287171 0.00374166 0.107947 0.0598992 0.00463069 2.94278e-05 0.0310251 0.0307769 5.16593e-05 
0.000227706 0.0100287 0.612856 0.0388592 0.0252239 0.168541 0.0666611 0.015227 0.000192164 0.0421308 0.0198883 0.000164959 
0.000245531 0.0128423 0.741963 0.0117659 0.018127 0.0813092 0.0435639 0.0247064 0.00880206 0.039984 0.0165511 0.000139264 
1.74676e-05 0.00570256 0.733088 0.0243035 0.00800816 0.0799457 0.0624301 0.00928967 3.46351e-05 0.0697042 0.00740503 7.082e-05 
0.000191139 0.0106712 0.842715 0.00754546 0.027933 0.0760841 0.0106213 0.0106349 0.000277481 0.0118201 0.00132473 0.000181609 
0.000293693 0.0336833 0.54856 0.0147194 0.020472 0.0838964 0.0491666 0.100776 0.00197962 0.118854 0.0238378 0.00376144 
0.000216453 0.0188278 0.403573 0.173993 0.0454243 0.154775 0.111695 0.022595 0.0020763 0.0569093 0.00945406 0.000460049 
0.000436431 0.0335603 0.443003 0.0273132 0.0211196 0.118115 0.155191 0.0133557 0.000342774 0.149604 0.00901256 0.0289464 
9.01792e-05 0.0289452 0.348929 0.0313735 0.0226481 0.20975 0.112939 0.00788105 0.00115965 0.101605 0.134095 0.000583798 
0.00114442 0.120456 0.3687 0.00610057 0.0219583 0.129856 0.108271 0.118095 0.000260679 0.116906 0.00608141 0.00216978 
0.000187364 0.0255499 0.542777 0.0167393 0.0154249 0.162574 0.0392128 0.0599747 0.000340954 0.107592 0.0295353 9.19102e-05 
0.000186625 0.00602482 0.528256 0.0268106 0.0202722 0.22732 0.0385173 0.0371348 0.000167067 0.0788468 0.0362036 0.000260374 
2.568e-05 0.046983 0.712908 0.006503 0.0102786 0.0999746 0.0574523 0.0140357 0.000691871 0.0406072 0.0104778 6.26914e-05 
0.000358814 0.00534829 0.380032 0.0116055 0.0422891 0.341784 0.0449676 0.0737526 0.000634728 0.069486 0.0144252 0.0153155 
0.000265225 0.0256318 0.71861 0.0114952 0.0173068 0.110923 0.0322331 0.0245093 0.00358354 0.0464362 0.00838763 0.000617733 
0.00024836 0.00568948 0.593688 0.0273516 0.0220084 0.109529 0.161974 0.0109633 0.00291813 0.0518433 0.0134459 0.000340335 
6.62915e-05 0.00593995 0.345251 0.0589542 0.0178298 0.219976 0.104949 0.0398407 0.00127661 0.134043 0.0717864 8.77763e-05 
0.000191139 0.0106712 0.842715 0.00754546 0.027933 0.0760841 0.0106213 0.0106349 0.000277481 0.0118201 0.00132473 0.000181609 
2.53806e-05 0.00836714 0.317494 0.0140747 0.153887 0.15363 0.0641044 0.13912 1.4515e-05 0.140238 0.00895046 9.49418e-05 
0.000236818 0.0822601 0.492513 0.0346702 0.0407207 0.0806712 0.0703487 0.0401405 0.0123112 0.129134 0.0154011 0.00159252 
0.000237223 0.0071249 0.657233 0.00438009 0.00917846 0.0780358 0.058768 0.0382311 0.000121265 0.0480087 0.0983595 0.000322431 
0.000110151 0.00524662 0.443748 0.0174054 0.0168788 0.403528 0.0383815 0.0145152 0.000188307 0.03716 0.0223784 0.000459543 
0.000249464 0.0314147 0.506793 0.0383107 0.160322 0.0228893 0.0285041 0.032106 0.0106952 0.163581 0.00388175 0.00125314 
0.000219766 0.0183324 0.721231 0.0190179 0.00924113 0.0920215 0.0610329 0.0168479 0.000674236 0.0504958 0.0106707 0.000214988 
8.97639e-05 0.135183 0.348063 0.00873499 0.0129109 0.241981 0.0801089 0.0768824 0.000370441 0.0685899 0.0268629 0.000223369 
0.000249464 0.0314147 0.506793 0.0383107 0.160322 0.0228893 0.0285041 0.032106 0.0106952 0.163581 0.00388175 0.00125314 
0.000144742 0.0144789 0.44417 0.0308009 0.0276089 0.113993 0.12194 0.0982116 0.000276671 0.116979 0.0305122 0.00088437 
0.000415867 0.0322539 0.428233 0.0755638 0.0071311 0.205068 0.0560896 0.116447 4.3057e-06 0.0277354 0.0507222 0.000335354 
4.27044e-05 0.00288684 0.69451 0.014535 0.0421789 0.152087 0.0162406 0.0210323 0.000219965 0.0432675 0.0128158 0.000183738 
7.08601e-05 0.00458979 0.535655 0.00782351 0.056388 0.171719 0.0761729 0.0294827 0.00144133 0.094887 0.0207282 0.00104177 
0.000353061 0.00678051 0.670219 0.00987334 0.0144665 0.106741 0.0643188 0.0112551 0.000567935 0.0803803 0.0349385 0.000105485 
0.00774723 0.0152938 0.47115 0.0306115 0.046928 0.139336 0.0628389 0.0699572 0.0016917 0.108969 0.0452188 0.000257332 
0.000240746 0.122408 0.270525 0.0629253 0.0151131 0.151092 0.128807 0.103616 0.00155513 0.130195 0.0132045 0.000319171 
0.000374685 0.0196759 0.562732 0.0232693 0.0292021 0.100799 0.0826067 0.0544 0.00264335 0.0998635 0.0231901 0.00124399 
1.78191e-06 0.120692 0.315423 0.0277748 0.0920083 0.0482789 0.0105669 0.228422 0.0172831 0.131566 0.00683539 0.00114827 
0.000287679 0.00748593 0.721817 0.00479271 0.00647387 0.113264 0.0661381 0.0073037 0.000615132 0.0423786 0.0293006 0.000143209 
0.000310463 0.0354389 0.44116 0.0272554 0.0407674 0.161754 0.0619643 0.091641 0.00340076 0.0979091 0.037833 0.000565731 
0.000236818 0.0822601 0.492513 0.0346702 0.0407207 0.0806712 0.0703487 0.0401405 0.0123112 0.129134 0.0154011 0.00159252 
5.45159e-06 0.00563922 0.739711 0.0249095 0.00768229 0.0964722 0.052003 0.00702838 1.62611e-05 0.0590573 0.00740507 7.08324e-05 
0.000311523 0.0104789 0.657709 0.0158744 0.0218238 0.0842092 0.0830587 0.0292515 0.00192996 0.0557177 0.039376 0.000259435 
8.19716e-05 0.0117978 0.754351 0.00622244 0.0056957 0.0867341 0.0563315 0.0145088 0.000314539 0.0554848 0.00795976 0.000517276 
0.000237654 0.0207488 0.597791 0.0115817 0.0166385 0.120106 0.0655851 0.0447092 0.0011541 0.0914549 0.0297739 0.000218895 
0.000127528 0.000133252 0.983881 0.00125121 0.00370489 0.00357278 0.000767173 0.00345528 0.000137683 0.0027853 0.000121936 6.22958e-05 
0.00197233 0.012626 0.313429 0.0477085 0.048324 0.251281 0.0893312 0.0616104 0.00658781 0.125123 0.041484 0.000522975 
1.31655e-06 0.293875 0.338637 0.00770869 0.0511703 0.153199 0.0128171 0.0787498 0.00847125 0.0372612 0.0173214 0.000787632 
0.000759905 0.109308 0.316057 0.0358547 0.0477949 0.0871725 0.0961389 0.140849 0.00812278 0.145343 0.0115392 0.00105907 
0.000266591 0.0464316 0.255376 0.0298798 0.0270922 0.167181 0.157626 0.214583 0.000236737 0.0789802 0.0221173 0.000228971 
0.000122698 0.0245351 0.607336 0.0107123 0.0302477 0.0786934 0.0580705 0.0589868 0.00392512 0.119992 0.00714565 0.000233098 
0.00014551 0.0581142 0.469089 0.0142416 0.0268142 0.170581 0.0686005 0.0192323 0.00104018 0.0621701 0.109942 2.95895e-05 
0.00273561 0.0406981 0.49056 0.0278254 0.0341235 0.153489 0.0966179 0.0396909 0.00682706 0.0813771 0.0235749 0.00248055 
0.000272591 0.0169459 0.365063 0.0260968 0.0372376 0.237776 0.10314 0.0302706 0.00122789 0.12813 0.0518437 0.00199435 
2.568e-05 0.046983 0.712908 0.006503 0.0102786 0.0999746 0.0574523 0.0140357 0.000691871 0.0406072 0.0104778 6.26914e-05 
0.000316542 0.0670418 0.522876 0.0288537 0.0284271 0.0805925 0.11893 0.0196504 0.00784658 0.0708606 0.0530907 0.00151376 
8.19716e-05 0.0117978 0.754351 0.00622244 0.0056957 0.0867341 0.0563315 0.0145088 0.000314539 0.0554848 0.00795976 0.000517276 
9.86287e-05 0.0329991 0.3479 0.0198164 0.0414992 0.208058 0.138797 0.106027 0.000133219 0.0932203 0.0104793 0.000971294 
0.241279 0.0047072 0.280649 0.00891767 0.0237359 0.152776 0.0924005 0.042298 0.000405688 0.0992872 0.0077889 0.0457544 
0.000232531 0.0435031 0.436756 0.0337065 0.0964395 0.0388671 0.0880826 0.0142857 0.00311474 0.24059 0.0039506 0.000471531 
0.0017895 0.0469938 0.422403 0.120311 0.00904648 0.0789559 0.0347319 0.152379 0.000117704 0.0610239 0.0714204 0.000827561 
0.000231236 0.0246852 0.554366 0.0343758 0.0333968 0.106231 0.0833145 0.0389207 0.00336677 0.082145 0.0381551 0.000811338 
0.000245531 0.0128423 0.741963 0.0117659 0.018127 0.0813092 0.0435639 0.0247064 0.00880206 0.039984 0.0165511 0.000139264 
0.000168243 0.0186049 0.601173 0.0250052 0.0215319 0.0632005 0.111366 0.0377817 0.00306701 0.0545894 0.0632492 0.000262654 
0.000250637 0.0232997 0.409885 0.0150102 0.038258 0.220617 0.125744 0.0538728 0.000594364 0.0941945 0.0176064 0.000667382 
0.000222746 0.00692287 0.606018 0.0405637 0.0235576 0.177571 0.0966195 0.00619796 0.000143179 0.0219163 0.0199696 0.000297643 
0.0013731 0.057802 0.340026 0.035686 0.0317144 0.228225 0.0909367 0.0117278 0.00226252 0.107027 0.092572 0.000648444 
0.000189271 0.00810808 0.733266 0.0249669 0.0087809 0.0684649 0.054428 0.0280045 0.000249405 0.0665551 0.00687069 0.000116829 
9.55764e-05 0.0154 0.648878 0.0254345 0.0297791 0.102243 0.0797211 0.0261633 0.0025364 0.0532829 0.016064 0.000402194 
2.14709e-06 0.00387984 0.526841 0.0054112 0.0134263 0.279918 0.00958574 0.120963 0.000212538 0.0266043 0.0130477 0.000107615 
0.00267369 0.0324786 0.275969 0.0764459 0.0409799 0.269724 0.114182 0.040437 0.000380164 0.0951392 0.0515103 7.98794e-05 
1.9265e-05 0.00364155 0.673132 0.00567246 0.0103063 0.159979 0.0700012 0.00598843 5.24915e-05 0.0394092 0.0315105 0.000287254 
0.000345068 0.0498439 0.452262 0.0368823 0.0324949 0.0886394 0.0802259 0.0238377 0.00698251 0.123108 0.104608 0.000770902 
0.000365383 0.019613 0.587301 0.0350397 0.0734103 0.0844599 0.0731414 0.0196123 0.006897 0.0879318 0.011485 0.000743285 
0.000399366 0.00740455 0.463628 0.0377016 0.0206422 0.0961244 0.217142 0.0104335 0.00348403 0.0610751 0.0816309 0.000334192 
9.44159e-05 0.00659102 0.41146 0.0224609 0.0172044 0.410798 0.0514061 0.0127367 0.000182474 0.0416364 0.0250361 0.000393895 
0.0100855 0.135547 0.168881 0.059936 0.104116 0.108999 0.13438 0.0904669 0.00443683 0.153964 0.0244404 0.00474719 
0.000193085 0.0355991 0.569337 0.0632188 0.0222014 0.0654053 0.144234 0.0162095 0.00591346 0.0684672 0.00725851 0.00196276 
0.000281244 0.0198571 0.462493 0.0491 0.0223993 0.236108 0.12905 0.0091273 0.00245897 0.0559591 0.00895212 0.00421449 
0.000354364 0.0346645 0.502285 0.0303303 0.049533 0.135488 0.0987437 0.0320412 0.00242678 0.0967157 0.0160423 0.00137514 
0.000432813 0.00349593 0.415112 0.0302925 0.0860569 0.213615 0.0905723 0.0905323 0.000287694 0.0607281 0.00704154 0.00183317 
6.44817e-05 0.0320515 0.555941 0.0465397 0.03256 0.0470416 0.174328 0.025584 0.00732821 0.0505576 0.0278953 0.000109494 
0.000353061 0.00678051 0.670219 0.00987334 0.0144665 0.106741 0.0643188 0.0112551 0.000567935 0.0803803 0.0349385 0.000105485 
4.38705e-05 0.197955 0.284064 0.0557781 0.0595128 0.0868133 0.0879216 0.0463697 0.0288685 0.134109 0.0160933 0.00247074 
0.000429879 0.12939 0.19753 0.0619345 0.0160547 0.132579 0.122083 0.149759 0.0014945 0.173551 0.0148761 0.000319154 
0.000268395 0.0223191 0.541207 0.0122711 0.0314982 0.0947375 0.0399081 0.0969066 0.00642574 0.144479 0.00953489 0.000444317 
0.000293666 0.00632303 0.67538 0.0261008 0.00837643 0.161699 0.0647618 0.00614717 0.000526834 0.0329348 0.0173498 0.000106644 
9.01792e-05 0.0289452 0.348929 0.0313735 0.0226481 0.20975 0.112939 0.00788105 0.00115965 0.101605 0.134095 0.000583798 
0.000425878 0.0271168 0.294303 0.0427544 0.0991584 0.242188 0.0776502 0.054252 0.00294799 0.135256 0.0195245 0.00442198 
0.000289445 0.0302585 0.397637 0.0232755 0.0171355 0.170775 0.057001 0.170054 0.000434246 0.104789 0.0277992 0.00055158 
