0.000177264 0.00546366 0.0135466 0.138708 0.573045 0.0428591 0.0202327 0.0590914 0.00685233 0.106334 0.0322111 0.0014788 
0.00122155 0.0620602 0.146372 0.0185507 0.310422 0.034176 0.288812 0.0541453 0.00122203 0.0622994 0.0205037 0.000215053 
0.000599119 0.00942224 0.00649486 0.283209 0.356017 0.0844882 0.126707 0.0620771 0.000528069 0.0659177 0.00371601 0.000823503 
1.6651e-05 0.120673 0.018384 0.0620723 0.433393 0.0384754 0.00801902 0.0881791 0.00400749 0.212106 0.00744036 0.00723354 
0.00784411 0.0595386 0.0395177 0.0355649 0.234332 0.0589552 0.086196 0.227941 0.00351581 0.213338 0.0326852 0.000570991 
0.000868484 0.0660372 0.00265494 0.0291195 0.469001 0.0703693 0.0426868 0.224563 0.00169817 0.0777055 0.0145103 0.000785659 
3.7157e-05 0.119316 0.00181937 0.0709153 0.220048 0.109076 0.10006 0.11261 0.0116595 0.208613 0.00437971 0.0414651 
6.39739e-05 0.0583203 0.0260209 0.0322759 0.317931 0.219663 0.12012 0.10105 0.00884721 0.102216 0.0117576 0.00173438 
7.8808e-08 0.000623543 5.87489e-05 0.0332292 0.466702 0.129911 0.279914 0.0205833 6.75101e-06 0.0576907 0.00299394 0.00828655 
0.00222856 0.0177408 0.00252233 0.0482063 0.746883 0.0457443 0.0155341 0.0145976 0.000149217 0.0961654 0.00127365 0.00895439 
9.86961e-05 0.0167353 0.0120435 0.0367583 0.380872 0.0758139 0.228618 0.0909696 0.00385935 0.139272 0.0134271 0.00153156 
0.000131107 0.0403293 0.0068739 0.159547 0.433797 0.0147088 0.0636177 0.0228091 0.074784 0.181963 0.000394402 0.00104479 
2.57147e-05 0.0261003 0.0172836 0.1176 0.349215 0.106347 0.109729 0.0992324 0.0295135 0.13398 0.007653 0.00332107 
2.06935e-05 0.00496341 0.0221662 0.0293659 0.467255 0.0554343 0.156311 0.15403 2.16843e-05 0.0999288 0.00985713 0.000646288 
0.000382227 0.0354473 0.00554593 0.0287636 0.622857 0.0563123 0.0305627 0.0295905 0.0260457 0.161716 0.00137332 0.00140377 
0.00151041 0.0974942 0.0143525 0.0830851 0.272627 0.0174428 0.0703048 0.152441 0.0168426 0.271784 0.00167265 0.00044349 
0.000247714 0.0188703 0.0164761 0.0472824 0.267073 0.086564 0.180865 0.0890572 0.0365052 0.247323 0.007027 0.00270969 
0.00010675 0.0270777 0.0124424 0.0805835 0.321202 0.121937 0.207497 0.01622 0.0111169 0.171087 0.00840759 0.0223216 
0.000371193 0.0166658 0.0398957 0.0251031 0.303292 0.0967598 0.219914 0.0393679 0.0035528 0.224182 0.0271007 0.00379486 
0.00240356 0.0219868 0.00810823 0.0678611 0.3123 0.0654411 0.240468 0.0459102 0.00202212 0.201245 0.0309329 0.00132166 
0.000180905 0.0233389 0.0172068 0.0922855 0.514553 0.0515242 0.123031 0.0334469 0.00183478 0.128476 0.0136516 0.000471256 
0.000135627 0.00421083 0.00291417 0.0301907 0.318658 0.127954 0.0429447 0.0619657 3.98727e-06 0.108039 0.0037385 0.299244 
5.39072e-05 0.143845 0.0192682 0.0704777 0.338854 0.133786 0.0518449 0.0832855 0.0152509 0.136088 0.00362851 0.00361757 
0.00144746 0.0046546 0.00118272 0.166858 0.459546 0.0763487 0.0902484 0.106967 3.91382e-06 0.0754267 0.016497 0.000819792 
0.000135683 0.00447432 0.00174188 0.0544457 0.349954 0.164809 0.23725 0.0281508 1.19428e-05 0.0981224 0.0608329 7.17895e-05 
0.000138704 0.012806 0.0122917 0.082729 0.240961 0.115832 0.233167 0.0311617 0.024605 0.232996 0.0127162 0.000596028 
4.94376e-05 0.0131788 0.0120642 0.0800546 0.224932 0.207223 0.207887 0.155534 0.00596976 0.0732844 0.019414 0.000408651 
0.00110997 0.0129993 0.0268806 0.07132 0.304247 0.1214 0.179172 0.0739367 0.00047883 0.188468 0.019044 0.00094381 
0.00101299 0.0969483 0.0182625 0.0879292 0.341867 0.17579 0.0815362 0.0780149 0.000382134 0.104437 0.0117352 0.00208383 
0.000836642 0.00719687 0.00983722 0.262316 0.30557 0.0312959 0.105767 0.0386801 0.00253269 0.227538 0.00798482 0.000444354 
0.000933656 0.1239 0.0247414 0.0781538 0.285352 0.0515116 0.172651 0.0634307 0.0178878 0.167239 0.00488404 0.00931451 
0.0111742 0.0453797 0.100657 0.0235233 0.577267 0.0448696 0.043579 0.0575793 0.0243779 0.065826 0.00375633 0.00201085 
2.20395e-05 0.0448099 0.0460076 0.0725892 0.2293 0.167482 0.169055 0.0577262 0.0292775 0.16828 0.0139278 0.00152263 
0.000171523 0.0255368 0.0130185 0.0236831 0.393583 0.0569218 0.090533 0.111659 0.00230757 0.106825 0.00696143 0.1688 
5.38854e-05 0.0215882 0.0300943 0.168735 0.304748 0.022563 0.255131 0.0192868 0.0239423 0.123327 0.00304153 0.0274893 
7.64601e-05 0.0091098 0.0283964 0.0811782 0.646655 0.034573 0.0859523 0.0311433 0.012227 0.057937 0.0125512 0.000200177 
0.000181481 0.0143918 0.012599 0.0953822 0.304589 0.122482 0.187127 0.0396441 0.00352715 0.206742 0.00825521 0.00507961 
0.000316324 0.0393888 0.011568 0.0241871 0.401281 0.258644 0.130351 0.062889 0.00446951 0.0630789 0.00148302 0.00234241 
0.000424641 0.0144074 0.0672683 0.089332 0.240944 0.19293 0.19988 0.0322075 0.00881797 0.143538 0.00841863 0.00183095 
5.72229e-05 0.0673592 0.0166235 0.0398774 0.617227 0.0733152 0.051791 0.0420121 0.0154467 0.0699932 0.00427817 0.00201973 
2.56541e-05 0.0392905 0.00777904 0.0452637 0.534975 0.0285649 0.0616092 0.093837 0.00351702 0.164708 0.0202368 0.00019299 
0.000426788 0.050203 0.00529584 0.0668974 0.326094 0.0896495 0.0787592 0.216131 0.00305384 0.153628 0.00222197 0.00763914 
4.30686e-05 0.0209312 0.00429888 0.0464374 0.606022 0.0733147 0.0489836 0.0115699 0.131156 0.0406404 0.00121417 0.0153882 
0.000189573 0.00262442 0.0209882 0.0614487 0.247401 0.150991 0.149687 0.0935771 0.000160541 0.240927 0.0318128 0.000191886 
0.000126524 0.173717 0.0247198 0.0237201 0.307951 0.0604419 0.0543534 0.0956238 0.0681284 0.157544 0.0274087 0.0062653 
0.000148738 0.0101153 0.00570373 0.0147816 0.467411 0.071674 0.0220627 0.234422 2.85312e-05 0.153519 0.0198393 0.000294214 
0.000142563 0.0264694 0.00605852 0.0420641 0.319442 0.117653 0.0606159 0.271145 0.000322884 0.112547 0.0374858 0.00605346 
0.00143651 0.0286301 0.0201777 0.0982039 0.569805 0.0698091 0.0601522 0.0502323 0.00479312 0.0657779 0.0193582 0.0116238 
5.60211e-05 0.000736804 0.0152314 0.0174134 0.704645 0.0571873 0.0342443 0.0615321 6.25325e-06 0.0941622 0.00846428 0.00632061 
0.000160869 0.000196785 0.000637533 0.210023 0.69538 0.0284938 0.044799 0.0109368 0.000126895 0.00654522 0.000616346 0.00208344 
3.49543e-05 0.158553 0.00414217 0.0894597 0.30174 0.00677771 0.0954265 0.0178896 0.0348733 0.285464 0.000492318 0.00514622 
0.000378647 0.0397452 0.0409776 0.0966779 0.198703 0.150114 0.179618 0.0873343 0.0284666 0.164143 0.0118482 0.00199277 
6.31738e-05 0.0089468 0.00987695 0.0191754 0.473032 0.0220749 0.0390265 0.0963039 0.0679886 0.262263 0.00102558 0.000223015 
0.0177408 0.0364599 0.0155574 0.052025 0.363295 0.048393 0.160956 0.0854484 0.0382887 0.172035 0.0087703 0.00103077 
3.25371e-05 0.0446229 0.00234904 0.0148297 0.623202 0.0273941 0.00375027 0.188406 0.000721759 0.0863866 0.00670103 0.00160365 
0.00591973 0.239492 0.0502606 0.0317151 0.334939 0.0329301 0.0548243 0.0857771 0.024001 0.132413 0.0067267 0.0010018 
2.32682e-05 0.0115648 0.0142871 0.0112106 0.264434 0.251784 0.186521 0.0602539 0.000629472 0.168283 0.0233594 0.00764863 
0.000284536 0.11391 0.0240222 0.0801984 0.280297 0.0452919 0.0713522 0.086582 0.0337758 0.258469 0.00511538 0.000700993 
0.000698322 0.00717864 0.0144323 0.0207465 0.553784 0.0317595 0.0847867 0.0373274 0.000144342 0.243368 0.00566725 0.000107015 
2.85048e-05 0.0454594 0.0380112 0.068451 0.382029 0.0245974 0.0635947 0.0406466 0.0187304 0.313625 0.00231424 0.00251226 
2.28627e-06 0.0599492 0.047557 0.0871317 0.284272 0.0324508 0.068364 0.197047 3.84135e-06 0.153865 0.0693552 1.87992e-06 
3.71286e-05 0.0131222 0.00165417 0.0296839 0.226634 0.178053 0.135652 0.159098 0.0274248 0.218838 0.00833927 0.00146384 
1.5786e-05 0.0672558 0.00124395 0.0384362 0.502015 0.0602526 0.0100955 0.0378334 0.139924 0.14146 0.000151356 0.00131557 
7.56183e-05 0.096961 0.141073 0.0631801 0.212613 0.118604 0.141786 0.0560056 0.00388885 0.155147 0.0102132 0.000453114 
0.000225823 0.0183151 0.077278 0.0735639 0.235012 0.214386 0.144813 0.125626 0.0332225 0.0510416 0.0263628 0.000153604 
0.0020324 0.0492861 0.0201655 0.0758825 0.335601 0.0678196 0.102757 0.0822142 0.0113202 0.238898 0.00845694 0.00556738 
3.527e-05 0.0347867 0.00270499 0.0188711 0.356912 0.0165318 0.0627316 0.102459 0.0657406 0.33805 0.000541205 0.000635052 
1.68231e-05 0.128867 0.0381054 0.0813295 0.199212 0.134751 0.0676927 0.137683 0.0175852 0.14161 0.0268774 0.0262694 
3.95037e-05 0.0646167 0.0132049 0.0220049 0.436519 0.0556516 0.0271755 0.122821 0.0222684 0.233111 0.000694679 0.00189271 
0.00196318 0.0577949 0.14004 0.058 0.203511 0.0802596 0.142237 0.0982091 0.0319109 0.18041 0.00400542 0.00165783 
7.92605e-05 0.0409296 0.00558548 0.0478206 0.619825 0.0931392 0.0438477 0.0527026 5.70134e-05 0.0912601 0.00405501 0.0006986 
0.000155637 0.0294076 0.0321208 0.0626741 0.404683 0.0944744 0.0873165 0.118142 0.012571 0.155847 0.000720268 0.00188733 
0.000365586 0.0784305 0.0160378 0.0682615 0.332339 0.0633127 0.0641212 0.120917 0.0154476 0.228403 0.0062956 0.00606748 
0.00234278 0.00220994 0.0113904 0.0703897 0.321647 0.0360001 0.141121 0.296256 3.31837e-05 0.100666 0.0145093 0.00343376 
0.000289897 0.158895 0.00136447 0.0955164 0.337845 0.00712842 0.134799 0.0270722 0.00837318 0.226016 0.000950744 0.00175023 
0.000367491 0.0194038 0.0217116 0.031249 0.40645 0.0403936 0.0595377 0.128709 0.00221938 0.268111 0.0201686 0.00167792 
0.000765709 0.0231287 0.0244689 0.0320756 0.421048 0.0653836 0.112867 0.0935849 0.00269099 0.209995 0.00703096 0.00696138 
7.60725e-05 0.0110648 0.00442766 0.0395938 0.63611 0.0372961 0.0999017 0.0263549 3.32854e-05 0.143071 0.00133091 0.000739015 
2.20958e-05 0.0679358 0.0104429 0.0672608 0.308623 0.069936 0.151087 0.0374252 0.0776035 0.192411 0.00549006 0.0117622 
0.00010571 0.0661685 0.019055 0.063594 0.277821 0.0920545 0.0509468 0.20096 0.00690335 0.211638 0.0098027 0.000950174 
0.000930853 0.0896528 0.00648223 0.110142 0.386353 0.0354942 0.0986639 0.0461558 0.00917188 0.214812 0.00144918 0.000692286 
0.000196117 0.086249 0.00693923 0.0400597 0.324844 0.0168437 0.0818162 0.139407 0.0378277 0.260387 0.000817326 0.00461319 
0.000109846 0.0278629 0.00929796 0.0445071 0.365902 0.133122 0.157211 0.0617262 8.76953e-05 0.167287 0.00247441 0.0304125 
0.00177475 0.0103247 0.0146481 0.332415 0.398987 0.0452857 0.068159 0.0670269 0.000889746 0.0532012 0.00597127 0.00131632 
0.0187862 0.00331859 0.0289916 0.0734815 0.346124 0.0180611 0.0245167 0.33888 0.00212627 0.138138 0.00482596 0.0027503 
0.000110802 0.0556194 0.0146299 0.0961537 0.297369 0.0584649 0.231963 0.0487141 0.00388153 0.179952 0.0106768 0.00246442 
0.000415073 0.0558647 0.02866 0.23703 0.328984 0.0394499 0.166642 0.03895 0.00558987 0.0926701 0.00460646 0.00113746 
7.885e-05 0.0766258 0.00418793 0.0301534 0.310316 0.0519362 0.0666481 0.147566 0.0386362 0.247213 0.0245202 0.00211764 
0.000191587 0.0200182 0.0364199 0.169178 0.360631 0.0492314 0.0406034 0.109695 0.00981753 0.199042 0.00346434 0.00170745 
0.000570882 0.00266317 0.00722315 0.0121541 0.617207 0.0549619 0.0269088 0.143258 0.00130159 0.131636 0.000552475 0.00156214 
0.0016774 0.164136 0.0355482 0.116011 0.280314 0.0472913 0.0618934 0.085299 0.0206002 0.181569 0.00208256 0.00357757 
0.00039254 0.0362338 0.0217765 0.165651 0.315622 0.0630565 0.0970981 0.0612816 0.0183412 0.210575 0.00664317 0.00332868 
0.000283922 0.0201573 0.0826404 0.0203089 0.317181 0.106729 0.0744723 0.0916073 0.00633015 0.26161 0.0157611 0.00291927 
9.81459e-07 0.00999643 0.00659767 0.0992639 0.520336 0.0947574 0.0177232 0.0784651 0.000368687 0.172036 0.00045121 4.16919e-06 
0.000936375 0.0248558 0.0249766 0.0584386 0.384587 0.0520755 0.0809389 0.121623 0.00496385 0.237788 0.00681343 0.00200222 
0.000283387 0.0304468 0.0210084 0.0649031 0.330581 0.0919106 0.0819374 0.155988 0.0196713 0.200127 0.00230076 0.000842669 
8.50628e-05 0.050694 0.00947392 0.0482601 0.567822 0.0517455 0.0504776 0.0753231 0.0174718 0.122823 0.00465958 0.00116456 
0.000192861 0.0838869 0.0170441 0.0277614 0.225783 0.061769 0.128851 0.214108 0.0210032 0.195691 0.00299176 0.020918 
0.000372242 0.0685154 0.0112745 0.0806839 0.217764 0.130732 0.169971 0.0593962 0.145244 0.0816867 0.0335359 0.000824286 
2.15608e-05 0.0413878 0.0569103 0.0362372 0.505506 0.0387728 0.0469251 0.0808609 0.00959192 0.131111 0.0176467 0.0350285 
9.95348e-05 0.0128366 0.00328957 0.14162 0.612427 0.106766 0.0672589 0.0118589 0.000125319 0.0419068 0.00128123 0.000530044 
0.00122155 0.0620602 0.146372 0.0185507 0.310422 0.034176 0.288812 0.0541453 0.00122203 0.0622994 0.0205037 0.000215053 
0.000776629 0.0129276 0.0141022 0.0732678 0.359068 0.106239 0.0814913 0.127047 0.0010478 0.221349 0.00218723 0.000495266 
6.23326e-05 0.0568987 0.0244351 0.0959185 0.273162 0.0291083 0.170842 0.0727677 0.0840427 0.0847723 0.107635 0.000355495 
0.000363322 0.014257 0.0326654 0.0502103 0.332128 0.0786937 0.18087 0.139707 0.0330547 0.13079 0.00616019 0.00109984 
0.000155823 0.00489867 0.00646466 0.0570813 0.365333 0.0413612 0.352338 0.0179217 0.000204957 0.149987 0.00292001 0.00133351 
0.000313512 0.141694 0.00787022 0.0507902 0.434429 0.0759472 0.0497795 0.12729 0.0156085 0.090199 0.00277445 0.00330452 
2.5775e-05 0.0872611 0.0057342 0.0325787 0.370119 0.0125406 0.024971 0.267428 0.00793083 0.190624 0.00019411 0.000592537 
0.000284222 0.0142676 0.0317327 0.0325794 0.362227 0.101284 0.230213 0.0761075 0.000629136 0.141229 0.00811597 0.00132957 
0.000776401 0.0672957 0.0113262 0.0342406 0.516412 0.0380458 0.0645024 0.0742833 0.0402103 0.145206 0.00336419 0.00433737 
0.00122155 0.0620602 0.146372 0.0185507 0.310422 0.034176 0.288812 0.0541453 0.00122203 0.0622994 0.0205037 0.000215053 
4.39637e-07 0.0301214 0.00106319 0.0448702 0.623157 0.0351309 0.088561 0.0386756 0.0266975 0.106975 0.00154116 0.00320616 
0.0208875 0.0189915 0.0221951 0.0811988 0.2453 0.0799466 0.0822085 0.191725 0.000106315 0.216403 0.0098131 0.0312242 
6.98519e-06 0.0412185 0.00221034 0.0104184 0.726853 0.00643789 0.0120484 0.00388532 0.0124306 0.177298 0.000940269 0.00625175 
6.63071e-05 0.017996 0.011408 0.0358263 0.410055 0.0726127 0.0771546 0.113736 0.000417467 0.21967 0.0402506 0.000806996 
1.17186e-06 0.103901 0.00128183 0.0730637 0.523823 0.00700937 0.108506 0.0376527 0.099846 0.0404522 0.00120664 0.00325696 
1.17661e-05 0.0431829 0.0126508 0.0155751 0.506477 0.0477283 0.0356723 0.125234 0.000622178 0.204583 0.00403407 0.00422852 
0.000995529 0.00787368 0.0229195 0.193844 0.32228 0.0552564 0.0268028 0.0806626 0.000376849 0.280454 0.00777803 0.000756174 
0.000280751 0.00572933 0.00930558 0.0153369 0.463599 0.044989 0.275359 0.0203801 0.0279507 0.125583 0.00927104 0.00221549 
0.0837588 0.0103367 0.0182471 0.0480174 0.436216 0.151384 0.0952405 0.0693481 0.00462393 0.0769348 0.00544254 0.000450392 
0.00187116 0.0426925 0.0136836 0.245283 0.346607 0.0745343 0.0808806 0.0436333 0.00629964 0.135115 0.00521093 0.00418857 
0.000217144 0.0292088 0.0179261 0.0365843 0.287899 0.237257 0.198622 0.0359754 0.0255996 0.112346 0.01563 0.00273524 
0.000443326 0.00841113 0.0177939 0.0544199 0.429462 0.0683631 0.246049 0.0115686 0.00533172 0.154048 0.00385701 0.000253197 
0.000160544 0.0142884 0.0290747 0.0324691 0.415635 0.0535602 0.271974 0.0303242 0.00954719 0.135638 0.00563792 0.00169071 
1.72739e-05 0.0402922 0.0190229 0.0190285 0.417293 0.0446191 0.0385089 0.0189896 0.0201337 0.373731 0.00441562 0.00394853 
0.000292856 0.0233961 0.00774667 0.0755648 0.577461 0.00753657 0.0351736 0.0652839 0.000957992 0.203672 0.00122792 0.00168659 
0.0115257 0.0133035 0.0128714 0.141098 0.361971 0.0505237 0.0456956 0.159239 0.0150881 0.182376 0.000600478 0.00570765 
0.00587328 0.0144654 0.0206933 0.032401 0.374665 0.0884896 0.155971 0.0701563 0.000226382 0.213769 0.0223683 0.000921551 
0.000420638 0.0881389 0.0511469 0.0229078 0.357204 0.0829351 0.115301 0.0521832 0.0309855 0.14792 0.0402301 0.010628 
0.000236338 0.00998026 0.00652316 0.0934585 0.387924 0.0970314 0.056354 0.095828 0.0067608 0.227937 0.0142712 0.00369515 
0.000132955 0.0597073 0.0107295 0.107237 0.234749 0.167194 0.12116 0.0935932 0.00715757 0.168248 0.0227721 0.00731946 
0.00204377 0.0430391 0.00292887 0.0143349 0.653399 0.0217168 0.0124175 0.168144 0.00247615 0.0750929 0.00224289 0.00216407 
0.000145593 0.0397849 0.00266923 0.0328499 0.304071 0.263057 0.0617629 0.141701 0.000465488 0.148681 0.00232394 0.00248714 
0.000251876 0.0177466 0.056799 0.0471656 0.316498 0.133934 0.112977 0.0574053 0.00132094 0.234058 0.0197195 0.00212473 
0.0127657 0.0128048 0.050793 0.055657 0.412986 0.0518553 0.139849 0.0588554 0.00206524 0.17224 0.0247855 0.00534339 
0.000137091 0.0159945 0.031817 0.0532417 0.469926 0.172448 0.034285 0.111932 0.000512018 0.0495011 0.0483358 0.0118706 
0.000225158 0.0140989 0.0230068 0.0602039 0.329614 0.0517794 0.156753 0.0486016 0.00231603 0.302007 0.0108132 0.000580945 
4.0463e-05 0.00352964 0.0062524 0.048276 0.478011 0.0818198 0.155808 0.11872 2.55997e-05 0.0878424 0.0147027 0.00497165 
0.000214884 0.00437801 0.0153316 0.0668868 0.286144 0.15945 0.108721 0.083625 0.0134197 0.0517314 0.015029 0.195068 
3.01153e-05 0.048983 0.0113826 0.0384097 0.472683 0.0870659 0.11353 0.0493909 0.0114917 0.165486 0.000806589 0.000740871 
8.87668e-06 0.0731273 0.0211268 0.104179 0.54384 0.0354339 0.032281 0.0308074 0.0105919 0.145294 0.00177931 0.00152988 
4.21094e-05 0.00041561 0.0316361 0.0208283 0.310289 0.0737165 0.284042 0.00928356 3.91167e-05 0.122037 0.14747 0.000200867 
0.00202954 0.00783504 0.00829493 0.0974488 0.297847 0.0790823 0.101918 0.133033 0.000456925 0.258994 0.00959332 0.00346719 
2.91435e-05 0.0624272 0.0145875 0.0371096 0.512984 0.075736 0.044074 0.054847 0.073272 0.120766 0.00236705 0.00180047 
0.000136062 0.013433 0.0275295 0.0527771 0.293374 0.0969364 0.128588 0.124773 0.00462837 0.220296 0.029259 0.00826905 
6.24984e-05 0.0503941 0.0146322 0.0707034 0.338373 0.0419851 0.120947 0.0687636 0.00370966 0.288205 0.00105306 0.00117086 
5.14406e-05 0.12922 0.0133141 0.0739799 0.245034 0.0476095 0.234407 0.0122094 0.0517116 0.107626 0.082338 0.00250003 
5.62616e-05 0.00511718 0.0194829 0.015107 0.627353 0.0824229 0.0683094 0.0458773 0.0269227 0.104241 0.00387835 0.00123259 
0.000191075 0.0181392 0.0118303 0.0242684 0.554827 0.0739256 0.0279272 0.146029 0.00516959 0.131769 0.00304638 0.00287733 
0.170893 0.00945262 0.0156443 0.0504024 0.243133 0.0165681 0.0581785 0.182738 0.00459605 0.050885 0.153026 0.0444837 
2.56951e-09 8.63008e-07 2.94183e-10 2.33618e-08 0.333329 0.221844 0.0783461 0.00750081 4.82964e-10 0.0330897 5.54537e-06 0.325884 
4.34493e-06 0.0073618 0.0121408 0.0339964 0.391455 0.141192 0.0376693 0.213812 0.00544706 0.126657 0.0257206 0.00454389 
0.000249498 0.0217654 0.0204493 0.047218 0.383248 0.0442382 0.236216 0.0570187 0.00282383 0.182647 0.00259121 0.00153467 
0.0059574 0.0276839 0.0196199 0.168368 0.273192 0.0639973 0.130984 0.0674629 0.0098852 0.219787 0.0113866 0.00167533 
5.1236e-05 0.0376323 0.0158703 0.0618573 0.55714 0.050683 0.0490401 0.0582151 0.0343176 0.126955 0.00502464 0.0032132 
0.0469318 0.0100664 0.0262853 0.0209636 0.27687 0.0922716 0.219894 0.0765491 0.00219254 0.203086 0.0211273 0.00376255 
0.000198942 0.0192234 0.0347919 0.0263013 0.516733 0.0555419 0.0914844 0.137679 0.00643932 0.0726484 0.0385649 0.000394124 
0.000128883 0.0348569 0.0080239 0.0358372 0.452894 0.18876 0.0726653 0.100906 0.00055304 0.0926277 0.00921943 0.00352692 
0.00013558 0.0505254 0.0102401 0.0365723 0.300122 0.155678 0.0518651 0.148136 0.00757037 0.215972 0.0058046 0.0173775 
3.22697e-05 0.0266455 0.00196282 0.0596184 0.427597 0.244951 0.139163 0.0491556 0.0232768 0.0248304 0.00188052 0.000887935 
0.000103159 0.0817042 0.0241595 0.0623983 0.271088 0.144932 0.0476829 0.189763 0.0089723 0.146386 0.0216165 0.00119494 
3.28529e-05 0.0304144 0.00377557 0.102281 0.292846 0.0600016 0.163941 0.189142 0.00233367 0.124417 0.0240297 0.00678611 
0.000522522 0.102861 0.017941 0.0877232 0.352993 0.0692958 0.128379 0.0819047 0.0181945 0.126821 0.0115475 0.00181743 
0.00421985 0.0214577 0.0209091 0.207676 0.220696 0.0848495 0.172099 0.0492399 0.00801262 0.182252 0.0243379 0.00425106 
0.000232982 0.00855185 0.0113435 0.0240783 0.31058 0.197484 0.156305 0.0755607 4.86676e-05 0.195495 0.0194097 0.000910061 
9.55586e-05 0.0380127 0.0160534 0.0801984 0.218992 0.0695329 0.162664 0.0718023 0.0845314 0.172326 0.082858 0.00293369 
0.00127664 0.0693315 0.0419367 0.126299 0.224083 0.105907 0.156249 0.0619433 0.00136223 0.194929 0.0161031 0.000579301 
0.000221545 0.0047157 0.00726183 0.0104378 0.368585 0.0316541 0.0637593 0.076468 0.0026416 0.206486 0.226403 0.0013664 
0.000122197 0.0291633 0.0494694 0.0722124 0.212727 0.0628975 0.155303 0.0663188 0.0723609 0.186212 0.0926931 0.000520248 
1.76755e-05 0.0102899 0.0547689 0.0177018 0.405067 0.028937 0.16637 0.0141334 0.0051498 0.290763 0.00618595 0.000614885 
0.000141406 0.0203127 0.025868 0.0121713 0.341526 0.122831 0.0519675 0.246168 7.719e-05 0.172308 0.00599192 0.000636545 
0.000262231 0.020658 0.032411 0.0517659 0.294721 0.156147 0.090033 0.187023 0.00123109 0.156899 0.00708863 0.00175985 
0.000184941 0.00747426 0.0283007 0.0416361 0.363279 0.0974231 0.137105 0.0482025 0.000308579 0.264725 0.0090304 0.00233089 
0.000109639 0.151752 0.0548784 0.0246044 0.250556 0.0575219 0.0314166 0.199673 0.0141032 0.208746 0.00500702 0.00163244 
6.77031e-05 0.00504627 0.0673449 0.0405413 0.345241 0.123573 0.0574325 0.100151 0.00564214 0.239234 0.0149029 0.000822841 
1.32621e-05 0.0131477 0.0332525 0.0191746 0.565772 0.138185 0.0106089 0.158891 0.0163111 0.0140647 0.0275952 0.00298387 
0.000191075 0.0181392 0.0118303 0.0242684 0.554827 0.0739256 0.0279272 0.146029 0.00516959 0.131769 0.00304638 0.00287733 
3.73423e-05 0.0826102 0.00388535 0.0672955 0.408276 0.0138906 0.0584983 0.0615921 0.0422315 0.258473 0.00129269 0.00191718 
7.57954e-05 0.0488622 0.0147394 0.225137 0.259362 0.0443414 0.194364 0.0571427 0.0033782 0.145015 0.0073891 0.000193249 
6.04619e-05 0.0016282 0.0107579 0.0993404 0.467925 0.0703425 0.130105 0.0169534 0.00154965 0.186604 0.0142225 0.000511396 
0.0031557 0.0274281 0.0136378 0.0899184 0.457139 0.0244557 0.070988 0.038579 0.00117122 0.266356 0.00317483 0.00399604 
0.000672564 0.0202264 0.0161817 0.0405986 0.298375 0.0606818 0.151986 0.0971752 0.0030228 0.297088 0.00976325 0.0042288 
0.000270843 0.0721352 0.0148434 0.0389242 0.529094 0.0928435 0.0665213 0.0216753 0.00792192 0.141892 0.00603661 0.00784181 
4.5088e-06 0.0441026 0.00688117 0.0502861 0.68058 0.044756 0.036447 0.0461533 0.0155104 0.062868 0.00880547 0.00360514 
2.58123e-05 0.0386332 0.014078 0.0698749 0.483397 0.065872 0.0711727 0.0731612 0.021514 0.15971 0.00106942 0.00149224 
0.000574156 0.00613757 0.0769243 0.0158125 0.523908 0.114692 0.133467 0.026599 0.000123494 0.0926597 0.00866315 0.000439116 
0.000275636 0.016543 0.0113905 0.0505387 0.301179 0.111304 0.239825 0.0258912 0.0131651 0.221204 0.00725597 0.00142661 
0.000475857 0.00887074 0.0183932 0.0276713 0.275104 0.126809 0.139844 0.194054 0.000551653 0.200326 0.00672593 0.00117574 
0.000269273 0.10412 0.0639573 0.0651266 0.29095 0.0389468 0.180996 0.116798 0.000873108 0.132214 0.00404203 0.00170811 
0.000375023 0.0186147 0.0130589 0.0530229 0.54038 0.0748699 0.0653258 0.107704 0.0036652 0.101843 0.0192355 0.0019045 
0.000358128 0.017879 0.0168363 0.0602886 0.454691 0.0342162 0.260011 0.0208366 0.000176409 0.118754 0.0151009 0.000851544 
6.83143e-05 0.0314902 0.00235176 0.0657838 0.460221 0.0315971 0.107077 0.0200648 0.0157154 0.264364 0.000663316 0.000603149 
0.000467961 0.000963623 0.00160862 0.201406 0.315634 0.22715 0.0519543 0.168312 0.0114261 0.0129248 0.00389699 0.00425532 
0.00260738 0.0348345 0.00414785 0.281063 0.400682 0.0556385 0.0730021 0.0821043 0.0036577 0.0556862 0.00278343 0.00379303 
0.000268985 0.00672744 0.0162109 0.0403215 0.540554 0.113557 0.0978811 0.0363404 0.0334997 0.0651285 0.0491998 0.000310959 
1.99714e-05 0.0524785 0.014569 0.0553594 0.460704 0.111364 0.0561308 0.195484 0.0112703 0.0228741 0.00193334 0.0178121 
2.41205e-05 0.00318259 0.0320564 0.0479689 0.333566 0.233935 0.170084 0.0355017 1.16932e-05 0.132146 0.0114213 0.000102655 
7.90869e-05 0.148398 0.0616849 0.0454447 0.451735 0.0766431 0.0367959 0.0318145 0.0165988 0.118912 0.0103149 0.00157851 
0.000962501 0.128668 0.0162947 0.0314652 0.280367 0.0633135 0.0309982 0.225667 0.0328885 0.1875 0.000865895 0.00101005 
2.52306e-05 0.15478 0.00500444 0.020611 0.345596 0.0325547 0.0691274 0.0702454 0.00048044 0.0843687 0.0213243 0.195882 
1.05802e-05 0.0354804 0.00907429 0.0174419 0.367968 0.069701 0.0217935 0.339952 0.0053696 0.123479 0.00302897 0.0067004 
0.000102524 0.109504 0.0166683 0.0667146 0.403072 0.0734362 0.0903928 0.0659839 0.0265082 0.118436 0.0272957 0.00188627 
0.000224335 0.0471144 0.0328057 0.0250305 0.271662 0.0584352 0.0344274 0.267338 0.000329011 0.20071 0.00445122 0.0574723 
0.000163265 0.0272722 0.0108311 0.0570267 0.405434 0.177471 0.0844617 0.0585778 0.0242654 0.142881 0.00779879 0.00381622 
5.78526e-05 0.0500047 0.0148073 0.214021 0.285859 0.0205543 0.0582384 0.0690783 0.00791141 0.261239 0.00664447 0.0115849 
0.000429515 0.0289428 0.0107768 0.0303907 0.26148 0.0754403 0.259209 0.159899 0.0027325 0.164127 0.00582976 0.000742975 
0.000187206 0.0265231 0.023602 0.0195759 0.435942 0.0752559 0.202571 0.0374303 0.00130598 0.164547 0.00983748 0.00322192 
8.55657e-05 0.0337752 0.0178474 0.0301148 0.512617 0.0440926 0.171987 0.015939 0.00205457 0.165941 0.00479939 0.000746624 
0.000321151 0.0651275 0.0450154 0.0530102 0.3385 0.0728671 0.0692174 0.091575 0.0180963 0.234428 0.00911161 0.00273018 
2.69142e-07 0.122144 0.00870666 0.155862 0.357931 0.0542706 0.173729 0.00826687 0.0197563 0.0946267 0.00401928 0.000686915 
0.000203628 0.0302855 0.0134023 0.0542217 0.455419 0.0741902 0.0926929 0.0853666 0.00836407 0.178647 0.00387402 0.00333252 
0.00828891 0.0190546 0.0223067 0.0524985 0.623451 0.0539499 0.114142 0.0395261 0.000426188 0.0591797 0.000600678 0.00657621 
0.00388756 0.0140098 0.0382724 0.0196118 0.318267 0.11242 0.121055 0.092588 0.00126392 0.240575 0.0249039 0.0131456 
4.69397e-05 0.102143 0.0220276 0.057656 0.344995 0.0141033 0.0814124 0.0459981 0.0746222 0.24706 0.00601218 0.00392328 
0.000185831 0.00638748 0.00332538 0.0786 0.270352 0.174765 0.125494 0.16252 6.05634e-05 0.144926 0.00188614 0.0314968 
6.8448e-05 0.0149142 0.0675348 0.071244 0.479513 0.0534117 0.115678 0.0370555 0.000931771 0.151755 0.000390086 0.00750386 
2.7192e-05 0.0270459 0.0549909 0.0302259 0.359416 0.187205 0.034707 0.0557724 0.0056297 0.133272 0.110585 0.00112296 
4.47142e-05 0.0755847 0.00870916 0.0956849 0.270698 0.112272 0.0791889 0.0770881 0.0818462 0.19065 0.00703255 0.00120141 
0.000229975 0.0109877 0.0348769 0.0199579 0.265994 0.251382 0.106097 0.0396542 0.000255658 0.251646 0.0178994 0.00101998 
6.73566e-05 0.0165634 0.0057148 0.147906 0.295627 0.0192759 0.0229726 0.23384 0.0232156 0.231912 0.00200754 0.000897922 
5.52573e-05 0.0301216 0.00258075 0.238121 0.404852 0.0106636 0.0603678 0.0251958 0.0512926 0.167651 0.000700464 0.00839772 
0.00010072 0.0460414 0.0182482 0.0359428 0.516664 0.0450282 0.0471578 0.0761732 0.0420212 0.15374 0.0124996 0.00638226 
1.21827e-05 0.0048497 0.00654961 0.00517671 0.794962 0.0125373 0.00434863 0.0172645 0.000272767 0.152397 0.001425 0.000204657 
9.50628e-05 0.0196359 0.0112358 0.149156 0.297646 0.0692111 0.0543045 0.122694 0.0147734 0.245927 0.0130803 0.00224211 
9.16356e-06 0.103636 0.00275706 0.041821 0.513128 0.0421781 0.098476 0.0873356 0.00909577 0.0720054 0.00752955 0.0220285 
0.00087286 0.0337324 0.0305464 0.175412 0.209153 0.0843731 0.141596 0.0869224 0.0421584 0.183005 0.0105625 0.00166579 
8.34817e-06 0.234243 0.00500003 0.0288939 0.328196 0.0150365 0.0249251 0.0353999 0.0155497 0.306291 0.00480952 0.00164659 
0.00260513 0.0395986 0.0310077 0.0618991 0.249582 0.0790055 0.0798428 0.0550338 0.111539 0.14356 0.145142 0.00118421 
0.00130243 0.0262131 0.0437435 0.0317767 0.276368 0.142095 0.0945908 0.0951802 0.00538474 0.260218 0.0220507 0.00107681 
7.96763e-05 0.000223524 0.00560904 0.237712 0.451056 0.145287 0.113409 0.0136675 0.000242804 0.0153946 0.00874388 0.00857519 
0.00024964 0.00484276 0.0119176 0.112179 0.515775 0.0529064 0.0648291 0.0626978 0.0104774 0.160331 0.00365515 0.000139061 
9.08415e-05 0.0974358 0.00138021 0.0881585 0.417015 0.0225104 0.0156825 0.114553 0.113567 0.0885298 0.000880005 0.0401962 
8.62389e-05 0.0049363 0.0101234 0.135292 0.399888 0.0843769 0.151744 0.0579969 0.000757982 0.13711 0.0169894 0.000699513 
6.98686e-05 0.191033 0.0189258 0.0694267 0.20346 0.139781 0.112642 0.127405 0.0240621 0.104619 0.00284499 0.0057314 
7.56447e-05 0.0620327 0.0212594 0.0468837 0.53151 0.114089 0.105039 0.0251985 1.47312e-05 0.0820157 0.0116899 0.00019084 
4.34951e-05 0.0666434 0.0106788 0.133056 0.317879 0.0146132 0.131139 0.0285849 0.0325761 0.258176 0.00348196 0.00312917 
1.5573e-05 0.157023 0.0132425 0.0389014 0.312869 0.0304857 0.109542 0.114639 0.0287269 0.192536 0.000559626 0.00145905 
0.000135435 0.0322416 0.0474302 0.0128814 0.685548 0.0454671 0.0478018 0.0400378 0.00518619 0.0520285 0.00665005 0.0245919 
0.000300854 0.0103091 0.0103923 0.14794 0.339316 0.111985 0.0895211 0.0793151 0.00163786 0.196754 0.00685402 0.00567334 
0.00393927 0.0123631 0.0265638 0.0638709 0.210119 0.157325 0.175431 0.132938 0.014261 0.176976 0.00879926 0.0174135 
0.000930853 0.0896528 0.00648223 0.110142 0.386353 0.0354942 0.0986639 0.0461558 0.00917188 0.214812 0.00144918 0.000692286 
0.000325502 0.0271982 0.0343633 0.0946932 0.241954 0.0776803 0.235295 0.0551259 0.0118508 0.172264 0.0468311 0.00241917 
0.0138972 0.033174 0.00169649 0.190941 0.454648 0.0958473 0.0449605 0.0385978 0.0122324 0.0696431 0.00867949 0.0356821 
7.04775e-05 0.0143339 0.00398502 0.0351679 0.76932 0.058033 0.0445532 0.0331991 0.00178882 0.0358522 0.000557644 0.00313868 
0.00392719 0.0308606 0.0129096 0.154459 0.4276 0.0606524 0.12833 0.0396031 0.000318519 0.136723 0.00389713 0.000718931 
0.0024565 0.000602941 0.0137052 0.0432615 0.588106 0.0163515 0.103738 0.199214 0.000674614 0.0278727 0.00310291 0.000914363 
7.50943e-06 0.0184723 0.0166323 0.00728334 0.424987 0.0295136 0.0155177 0.0846773 0.00040237 0.399285 0.00234082 0.000880121 
0.000105304 0.0625594 0.00135843 0.0191302 0.438625 0.00481632 0.0219351 0.0440405 0.0462519 0.35567 0.00026367 0.00524415 
0.000858229 0.0177744 0.00838614 0.0427033 0.317893 0.119519 0.103495 0.0502805 0.00127219 0.313105 0.0093415 0.0153711 
3.21721e-05 0.119573 0.00768667 0.0264397 0.411237 0.0430194 0.0648811 0.0764333 0.000862585 0.243895 0.00233487 0.00360498 
0.000197669 0.0226654 0.0167407 0.198906 0.317342 0.0670811 0.122997 0.046709 0.00652557 0.184254 0.0115 0.00508098 
0.000502972 0.00290471 0.00341725 0.0215321 0.551272 0.017398 0.369046 0.00606415 1.87298e-06 0.0274669 0.000390345 3.93169e-06 
4.93363e-05 0.0428514 0.0325871 0.0684225 0.409008 0.0496927 0.113258 0.0541542 0.0291375 0.195401 0.00427588 0.00116216 
0.00166532 0.00124856 0.024233 0.0538394 0.435285 0.34057 0.0421858 0.0306496 0.000188854 0.0387338 0.00458379 0.0268166 
3.31537e-05 0.00691725 0.00465354 0.0618856 0.644144 0.0575443 0.0243865 0.117547 6.29277e-06 0.0397771 0.00669704 0.0364083 
1.04344e-05 0.067626 0.0449843 0.0800922 0.525871 0.0493242 0.0569039 0.0210068 0.0381591 0.104521 0.00938815 0.00211254 
0.00147305 0.152994 0.0390244 0.11821 0.169201 0.0741319 0.118879 0.11732 0.0401456 0.153683 0.0135016 0.001436 
0.000471663 0.110988 0.0175964 0.0834331 0.261253 0.0792973 0.176482 0.0627706 0.0159093 0.172522 0.0154381 0.00383836 
8.27632e-05 0.00106983 0.00228491 0.0253643 0.701978 0.0301354 0.162522 0.0177884 0.00502018 0.050384 0.00321912 0.000151483 
0.000169223 0.0372381 0.0258366 0.0789579 0.316382 0.068738 0.15783 0.063577 0.00838556 0.223513 0.0154747 0.00389843 
0.00031277 0.099553 0.0114149 0.116762 0.294723 0.048593 0.0461138 0.216176 0.025232 0.137577 0.00229186 0.00125089 
4.48357e-05 0.0470093 0.0165783 0.0246211 0.499933 0.114583 0.162618 0.0198785 0.00276639 0.104147 0.00411003 0.00371049 
6.83682e-05 0.0061553 0.0028328 0.0429431 0.466051 0.0324511 0.335574 0.00500733 0.00532966 0.099138 0.0029922 0.0014566 
0.000169713 0.00762581 0.0274186 0.0265979 0.446393 0.0589089 0.0838745 0.083847 0.00176635 0.249545 0.0125713 0.00128158 
1.16862e-06 0.00481332 0.00169538 0.032158 0.48889 0.135635 0.0784593 0.124757 3.83014e-05 0.0322249 0.021855 0.0794729 
0.000200895 0.00549001 0.0144247 0.0342197 0.431929 0.0889851 0.175941 0.163065 0.000368866 0.0791298 0.00572273 0.000523315 
0.000238139 0.0113102 0.015085 0.049691 0.371328 0.0861415 0.0509819 0.130552 0.0928773 0.0856093 0.105152 0.00103356 
1.82814e-05 0.0432427 0.00257471 0.301776 0.422898 0.0751774 0.0173192 0.0294179 9.25953e-05 0.0850442 0.000831251 0.0216075 
7.26539e-05 0.00402962 0.0184064 0.0372513 0.274434 0.134723 0.227409 0.119587 1.9729e-05 0.175293 0.00646577 0.00230879 
0.0135184 0.012117 0.0141913 0.0453766 0.517733 0.108213 0.0436509 0.142239 0.00251803 0.0685844 0.0067194 0.0251384 
0.00450815 0.00360948 0.0270216 0.0336199 0.327823 0.0553888 0.15995 0.283092 1.48354e-05 0.0990266 0.00536948 0.000575498 
0.000602879 0.0444028 0.0101095 0.13203 0.424125 0.0125127 0.0636493 0.0183081 0.0655929 0.220223 0.00628563 0.00215831 
8.69408e-05 0.0108647 0.0248754 0.0438365 0.290491 0.117556 0.176443 0.0999628 0.000317937 0.223804 0.00880803 0.00295403 
0.000159469 0.015287 0.0139147 0.0373816 0.339545 0.0867247 0.214554 0.0549296 0.00377177 0.217388 0.0127541 0.00359038 
0.00146222 0.0185814 0.0180919 0.0315648 0.528841 0.100812 0.0742838 0.0675783 0.0052847 0.132679 0.0159726 0.00484836 
5.97779e-05 0.128366 0.0536675 0.0417304 0.527973 0.016298 0.0853735 0.0257005 0.00337131 0.113652 0.00257248 0.00123514 
0.00029718 0.0102743 0.0261018 0.0520881 0.474885 0.0686608 0.168585 0.0242206 0.0043955 0.157369 0.00839532 0.00472698 
0.000108447 0.00799567 0.0152368 0.0822743 0.294973 0.140179 0.0915164 0.14008 0.00328782 0.219347 0.00463396 0.000366932 
2.17856e-05 0.0704688 0.0282187 0.159287 0.205397 0.0833483 0.162488 0.0889437 0.00707871 0.187103 0.00477284 0.00287223 
0.000563686 0.00335326 0.0479547 0.021758 0.427434 0.0603697 0.136801 0.0262007 0.000281449 0.254608 0.0205054 0.000169184 
0.000214641 0.0693127 0.0795372 0.0296409 0.20442 0.13062 0.127012 0.177382 0.0156064 0.152491 0.0127103 0.00105319 
0.000879764 0.13937 0.0111262 0.0606309 0.412937 0.028307 0.0310777 0.0487448 0.0303305 0.226379 0.00614183 0.00407532 
2.31533e-07 0.0651209 0.017863 0.16843 0.336507 0.0386567 0.222723 0.017794 0.0524978 0.0766331 0.00129967 0.00247416 
0.000424987 0.0285522 0.0282801 0.0696457 0.327646 0.0961441 0.0564925 0.0557727 0.0187538 0.308299 0.00648107 0.00350733 
0.00204924 0.00703752 0.00847942 0.0408493 0.561179 0.0378924 0.0497934 0.0680139 8.3637e-05 0.221557 0.00301698 4.83433e-05 
0.000332265 0.019398 0.0115835 0.0399809 0.357208 0.0833591 0.12793 0.115448 0.0140139 0.221247 0.00746132 0.00203765 
0.000139079 0.0252884 0.0293388 0.223353 0.274001 0.0663092 0.19119 0.0165435 0.0023302 0.162167 0.00724963 0.00209025 
1.32828e-05 0.0641344 0.038772 0.158424 0.300845 0.0551009 0.171491 0.04201 0.0574208 0.096768 0.0138694 0.00115021 
4.69305e-05 0.00885662 0.0362864 0.0981508 0.245214 0.15602 0.152185 0.17499 6.95828e-06 0.108888 0.0170756 0.00227934 
1.26119e-05 0.0651656 0.0220461 0.0258878 0.482755 0.0191831 0.0430749 0.0273401 0.0614987 0.251741 0.000882949 0.00041143 
3.62223e-05 0.0268309 0.00641609 0.0930548 0.557029 0.035642 0.0421318 0.0589456 0.0247452 0.140336 0.00543428 0.00939742 
0.00146942 0.023568 0.0203252 0.172705 0.313377 0.154863 0.193482 0.0184268 0.00151102 0.088643 0.011254 0.000375389 
2.81668e-06 0.00580386 0.0015046 0.0340119 0.484947 0.0467739 0.0592986 0.0820285 8.10548e-05 0.0276195 0.00279269 0.255135 
0.00020247 0.0987662 0.0393125 0.0394085 0.342738 0.0773172 0.148896 0.0675345 0.0144579 0.158412 0.0109967 0.00195868 
0.000702533 0.0074937 0.00569963 0.0274936 0.316886 0.248599 0.237785 0.0536377 0.000137229 0.0980704 0.00297311 0.000523237 
0.00132876 0.00600943 0.0345845 0.0200764 0.388781 0.0891903 0.114482 0.0754134 0.0056374 0.260457 0.0031682 0.000871821 
0.00101105 0.0335429 0.0100932 0.0596376 0.623696 0.0364545 0.0423468 0.040196 0.0100439 0.136189 0.00383982 0.00294905 
0.000157419 0.0278639 0.0151629 0.0532734 0.207934 0.131326 0.204035 0.15004 0.00346254 0.193392 0.0126091 0.00074445 
0.000406243 0.0276215 0.00345006 0.0692702 0.28522 0.194951 0.073448 0.127074 2.15933e-05 0.210738 0.00546657 0.00233266 
0.00043573 0.00948686 0.00840531 0.0149732 0.395486 0.12685 0.271657 0.0133969 0.000812375 0.0677461 0.0627559 0.0279947 
0.000383733 0.0283016 0.0200363 0.0408701 0.338707 0.0715433 0.0749777 0.164528 0.0179018 0.224034 0.014731 0.00398548 
5.15558e-05 0.0166586 0.0102595 0.040799 0.61186 0.0724826 0.0518405 0.0619919 0.0116707 0.107267 0.00643451 0.00868414 
0.000171523 0.0255368 0.0130185 0.0236831 0.393583 0.0569218 0.090533 0.111659 0.00230757 0.106825 0.00696143 0.1688 
0.000185831 0.00638748 0.00332538 0.0786 0.270352 0.174765 0.125494 0.16252 6.05634e-05 0.144926 0.00188614 0.0314968 
4.50568e-05 0.0739926 0.0700666 0.0824938 0.27909 0.0485871 0.0562005 0.170377 0.000553488 0.202257 0.01493 0.00140721 
0.000216908 0.00108443 0.0115355 0.00450964 0.637805 0.00827311 0.0280977 0.241565 0.00189717 0.0613035 0.00370467 7.55356e-06 
0.000849843 0.0350926 0.0216782 0.0694329 0.28088 0.12002 0.1259 0.0755767 0.0529827 0.195233 0.0212087 0.00114552 
0.00117624 0.156521 0.0129474 0.0517665 0.233489 0.0715463 0.100005 0.161116 0.000138202 0.207907 0.00294211 0.000445968 
0.000227603 0.123554 0.0105991 0.0599422 0.209268 0.0606291 0.204245 0.16101 0.0201122 0.138502 0.00321718 0.00869412 
1.49933e-05 0.0273524 0.029131 0.0237938 0.382544 0.111396 0.0151395 0.374174 0.000911163 0.0309629 0.00452756 5.2569e-05 
0.00297732 0.0468257 0.0189509 0.120771 0.323163 0.0411463 0.152558 0.0412646 0.0303285 0.190663 0.0281506 0.0032006 
0.00104573 0.0351669 0.0232236 0.0245909 0.321371 0.0576055 0.0465982 0.12055 0.0247063 0.311442 0.00926398 0.0244358 
5.88769e-06 0.0997226 0.0226214 0.132321 0.345114 0.0122232 0.0641424 0.0354403 0.00976833 0.276506 0.000996742 0.00113876 
0.000185831 0.00638748 0.00332538 0.0786 0.270352 0.174765 0.125494 0.16252 6.05634e-05 0.144926 0.00188614 0.0314968 
0.00039038 0.00073876 0.00160823 0.0732837 0.627592 0.00941482 0.222556 0.00225679 0.000335999 0.0598329 0.00121996 0.000770377 
2.54914e-05 0.0822742 0.00649331 0.223855 0.25835 0.016069 0.0821618 0.0565844 0.0520799 0.211652 0.00217627 0.00827829 
3.25706e-09 0.0220639 3.64623e-07 0.00906 0.673097 0.00806434 0.0360572 0.0979741 0.00173375 0.105387 0.000333596 0.0462293 
3.10673e-05 0.0678019 0.0174304 0.072666 0.491355 0.0729832 0.0587624 0.0690991 0.0296455 0.10239 0.0128608 0.00497551 
0.000149452 0.0560826 0.0215355 0.0693164 0.329866 0.0864205 0.101531 0.0897569 0.0210168 0.205942 0.011825 0.00655777 
5.70057e-05 0.15293 0.0176955 0.0268792 0.351961 0.0320885 0.0510966 0.231383 0.0447146 0.0874614 0.00126481 0.00246861 
0.000447237 0.0348297 0.0280088 0.128978 0.380835 0.0742999 0.0779766 0.0448029 0.00804286 0.203717 0.00378112 0.0142807 
0.000282228 0.0746247 0.00709246 0.0394104 0.232122 0.0574458 0.10595 0.230861 0.0218863 0.217932 0.00936054 0.0030328 
8.09304e-06 0.0270275 0.00176455 0.0188673 0.647394 0.0041809 0.0308985 0.0454849 0.06464 0.140374 0.000154381 0.0192059 
3.08761e-05 0.098523 0.00827505 0.294368 0.36798 0.04225 0.111157 0.0189528 0.00389586 0.0469771 0.00335201 0.00423822 
0.000158475 0.0161918 0.0268271 0.0728769 0.326293 0.0755351 0.0595133 0.171095 0.0100324 0.23762 0.00377964 7.67177e-05 
4.3794e-06 0.0247315 0.00378913 0.0436863 0.422483 0.0340338 0.0540825 0.140516 0.0260691 0.243291 0.0054273 0.00188551 
0.000493215 0.0047693 0.0160626 0.2221 0.226772 0.165777 0.0651464 0.0825155 9.96841e-05 0.213683 0.00211653 0.000465008 
0.000358684 0.01221 0.0728798 0.0429501 0.354168 0.142304 0.104618 0.176896 2.27021e-05 0.0787772 0.0139906 0.000823694 
