0.00101265 0.0219159 0.0225124 0.0284514 0.112379 0.531355 0.111977 0.0500746 0.000907907 0.0657874 0.050411 0.00321488 
0.00037973 0.0177953 0.0644133 0.0258513 0.0670827 0.393425 0.109144 0.134537 0.00328919 0.15786 0.0251268 0.00109576 
0.00260419 0.00261541 0.021327 0.0207795 0.0266816 0.285745 0.283952 0.0481326 1.18262e-05 0.284856 0.0224687 0.000826527 
1.4347e-05 0.00503348 0.0250528 0.0129665 0.0181556 0.769649 0.032857 0.0227924 0.000458049 0.0795647 0.0329519 0.000503942 
0.000411456 0.00225799 0.0195058 0.018762 0.0693339 0.351249 0.347181 0.0295327 9.87295e-06 0.148567 0.0130777 0.000111536 
0.000147549 0.0361336 0.104722 0.0233163 0.10411 0.398504 0.104664 0.0721447 8.04125e-05 0.121013 0.0348594 0.000305617 
5.991e-05 0.00369196 0.034442 0.0130557 0.0810058 0.565164 0.0482893 0.105053 1.20439e-05 0.0948908 0.0539934 0.00034192 
0.000220838 0.0144144 0.0953997 0.0252988 0.0524095 0.406544 0.0685907 0.0894769 0.0015348 0.0999698 0.145055 0.00108599 
3.75735e-05 0.00361951 0.0235172 0.0866232 0.145055 0.409412 0.0587463 0.0956299 4.49709e-06 0.136927 0.040027 0.000400295 
1.25484e-05 0.00383604 0.0146717 0.0208561 0.121035 0.479609 0.0591143 0.128225 0.00496443 0.136866 0.0297671 0.00104296 
0.00636489 0.0142945 0.0400259 0.0809252 0.126075 0.330913 0.0776405 0.137379 0.00109152 0.120195 0.0486025 0.0164936 
7.06946e-07 0.00367058 0.0131428 0.0306266 0.0195481 0.766658 0.0624413 0.0422624 5.81252e-06 0.0479336 0.0126574 0.00105293 
0.000142481 0.00132494 0.0893938 0.0106664 0.0858149 0.569579 0.0373978 0.0562316 0.000264262 0.121861 0.0265535 0.000771045 
0.00306114 0.0405173 0.0339723 0.0936274 0.205202 0.238409 0.180153 0.0604424 0.00706196 0.0721553 0.0579437 0.00745372 
1.68805e-05 0.00861692 0.0758664 0.0667194 0.0293075 0.389877 0.34306 0.0107881 1.31025e-05 0.0429574 0.0326931 8.44812e-05 
0.000410378 0.00767108 0.0179582 0.0493848 0.0692054 0.271461 0.0964222 0.202242 0.0128137 0.24728 0.024884 0.000266906 
3.99835e-05 0.00159279 0.00966055 0.0177103 0.0365785 0.475839 0.151138 0.0136349 2.77371e-06 0.108293 0.18466 0.000850232 
0.000694177 0.0205964 0.0133701 0.029952 0.115884 0.428005 0.0867877 0.0958224 0.00345215 0.189971 0.014446 0.00101933 
0.000408048 0.0305264 0.073902 0.0346238 0.0493859 0.390841 0.0535643 0.124383 0.00142986 0.131487 0.107549 0.00189997 
0.000219381 0.00788138 0.0405862 0.0120832 0.0571613 0.566708 0.100845 0.085681 0.000118241 0.09103 0.0372516 0.000435305 
1.97395e-05 0.000187301 0.120143 0.00855486 0.0167511 0.540277 0.161838 0.0063488 6.57114e-06 0.124801 0.0162439 0.00482992 
0.000310822 0.00153506 0.03418 0.0331732 0.068913 0.537158 0.141561 0.0256257 0.0640636 0.0781842 0.0138653 0.00143033 
0.000332551 0.0153536 0.0280601 0.020687 0.0322738 0.464013 0.0758614 0.219007 0.000160379 0.134547 0.00918018 0.000523423 
0.000128313 0.128924 0.0118951 0.14081 0.172621 0.195775 0.0458985 0.12491 0.000191208 0.172211 0.00529833 0.00133787 
0.00115596 0.0101725 0.0222195 0.0376556 0.0671721 0.552797 0.0912782 0.0697101 0.000301299 0.0832643 0.0632916 0.000981716 
4.84622e-05 0.0122352 0.144215 0.0513808 0.0830171 0.346703 0.0744976 0.0808547 0.00156141 0.106985 0.0982441 0.000257164 
0.000221131 0.0104861 0.0526991 0.0181478 0.0849015 0.64743 0.0337509 0.0371731 0.00222204 0.106407 0.00645138 0.000109335 
0.000885779 0.00957496 0.120663 0.0539135 0.0605175 0.393476 0.186123 0.0388659 0.00190455 0.104102 0.0290185 0.000955956 
7.7381e-05 0.0107567 0.129944 0.0143468 0.0353631 0.258643 0.196766 0.179944 0.0206043 0.143959 0.00955706 3.87284e-05 
7.66292e-05 0.00405427 0.141729 0.021397 0.0271121 0.668613 0.0795529 0.00986374 1.23875e-05 0.0284867 0.0189932 0.000108401 
4.77013e-05 0.013361 0.132204 0.0101952 0.0189642 0.278491 0.240704 0.0253197 0.000204129 0.251044 0.0293792 8.56628e-05 
0.00171379 0.0104954 0.0723671 0.0143511 0.0212848 0.616963 0.0516779 0.093945 0.000400423 0.0824593 0.0341501 0.00019194 
1.88992e-05 0.0273882 0.216315 0.0190825 0.0229302 0.411255 0.110337 0.0169719 0.000802321 0.0861536 0.0809851 0.00776015 
5.73956e-05 0.0101592 0.00956428 0.145272 0.0660466 0.293173 0.131103 0.10814 1.18447e-05 0.211791 0.0056621 0.0190208 
0.000290199 0.019462 0.0581745 0.082546 0.109135 0.474137 0.139512 0.0241088 0.00194269 0.0656378 0.0246192 0.000434739 
0.000459786 0.0179843 0.0709416 0.0676581 0.104437 0.216029 0.204325 0.0480388 0.0393942 0.189316 0.0345338 0.00688238 
5.15806e-05 0.00202306 0.00443316 0.000343128 0.000204428 0.954342 0.00180751 3.02165e-06 0.000506119 0.000496732 0.0357448 4.45849e-05 
0.000261124 0.0294008 0.162937 0.0387678 0.0469849 0.364744 0.0993306 0.0979678 0.00307041 0.12313 0.0312781 0.00212659 
0.000143385 0.0115624 0.0209821 0.108066 0.0935385 0.19778 0.158488 0.171892 0.000342204 0.194999 0.0168022 0.0254041 
0.0011374 0.0223363 0.0959153 0.0169873 0.0432699 0.549123 0.0858927 0.0573806 0.00517703 0.108195 0.0138056 0.000779838 
0.000498745 0.00275466 0.0592705 0.14263 0.0324886 0.508274 0.0970282 0.030785 0.00367206 0.109521 0.0124753 0.000602474 
9.6545e-05 0.0675316 0.0156825 0.153378 0.163572 0.194167 0.054711 0.143316 0.00522624 0.140929 0.00620601 0.0551845 
0.000111535 0.0404402 0.0512528 0.0360186 0.218093 0.231605 0.165573 0.211834 0.00387309 0.0341283 0.00550461 0.00156578 
0.000233419 0.000489763 0.0661037 0.00817193 0.0290492 0.664237 0.0409938 0.0266547 0.000278561 0.140592 0.0217999 0.00139599 
0.000638936 0.00714859 0.0365781 0.0653078 0.0334991 0.498117 0.15155 0.044827 0.00448814 0.09336 0.0443896 0.020096 
3.1974e-05 0.0120178 0.300251 0.0243108 0.0338713 0.374487 0.189262 0.0161586 0.000264571 0.0372332 0.011775 0.000336782 
9.90595e-05 0.0136515 0.238484 0.0402541 0.0717359 0.24266 0.0586365 0.174952 0.00852932 0.0978222 0.0524737 0.000701952 
7.59082e-05 0.027142 0.146522 0.00318381 0.0142911 0.678006 0.00774076 0.0498266 0.00036317 0.066507 0.00612947 0.000212109 
0.000278485 0.00569407 0.0131813 0.0358255 0.0387816 0.449998 0.0373617 0.00587845 8.65269e-05 0.0106861 0.401999 0.000229946 
0.000317058 0.0752413 0.0733957 0.0848597 0.0302694 0.221965 0.126433 0.15935 0.000644542 0.20599 0.0204622 0.00107217 
6.14795e-05 0.0160822 0.090464 0.0176347 0.0855272 0.329253 0.107631 0.204326 0.00215849 0.125488 0.0207214 0.000651692 
0.00074466 0.0189452 0.023593 0.0077689 0.0805723 0.593744 0.146029 0.0294077 0.000474091 0.0964079 0.00196855 0.000344652 
9.92051e-05 0.00858073 0.0586583 0.0407067 0.0115723 0.38244 0.0995779 0.113071 0.000341754 0.0749209 0.209998 3.42701e-05 
0.000152317 0.0109551 0.00802549 0.0498475 0.0698586 0.287482 0.0746998 0.122507 0.0454537 0.171709 0.153205 0.00610458 
4.57416e-05 0.0134279 0.0859671 0.0417985 0.0421867 0.397712 0.0731316 0.018094 0.00801087 0.0590658 0.259489 0.00107072 
8.69976e-05 0.00295123 0.00501063 0.00225431 0.0111783 0.835566 0.0105128 0.0661983 3.99167e-06 0.0391585 0.0270576 2.15305e-05 
2.13351e-05 0.00447872 0.0873754 0.0232308 0.00999143 0.84874 0.00847278 0.00905328 5.41796e-06 0.00372788 0.0048525 5.02836e-05 
0.000883034 0.00822228 0.22183 0.0573123 0.150074 0.332791 0.0724153 0.0183608 0.00042431 0.0804583 0.0566146 0.000613238 
0.00168356 0.00555702 0.0981841 0.0336407 0.0311738 0.297656 0.0835688 0.122793 0.000413632 0.235834 0.0889943 0.000501093 
7.66141e-05 0.00667991 0.00973206 0.0158426 0.191983 0.45137 0.0643798 0.16649 0.00395304 0.0790803 0.00932632 0.00108537 
6.42469e-05 0.0133474 0.0149956 0.0275853 0.0859126 0.686513 0.0716828 0.0242223 0.000824865 0.0654798 0.0045085 0.00486385 
5.30102e-05 0.0114489 0.0478166 0.0348062 0.0478295 0.396548 0.213345 0.0744889 0.00260767 0.142648 0.0279981 0.000410168 
0.000187789 0.0167338 0.10498 0.031632 0.0465707 0.476641 0.0984467 0.0541289 0.0020332 0.0930315 0.0699227 0.00569147 
0.000228995 0.0126067 0.0333769 0.0197161 0.0327192 0.549808 0.0799015 0.166451 0.000201521 0.0943378 0.0079216 0.00273088 
2.66783e-05 0.00976271 0.0489767 0.00706395 0.064845 0.523304 0.0334997 0.130949 4.46667e-06 0.132668 0.0480212 0.000878912 
7.60848e-09 4.80339e-05 0.122396 0.0111837 0.0112742 0.260252 0.09933 0.225158 2.81774e-06 0.251665 0.0180143 0.000675959 
0.000155444 0.015144 0.0453161 0.0327779 0.0763298 0.477667 0.0749969 0.118963 0.000252121 0.14078 0.0170914 0.000526489 
0.00142462 0.0346518 0.0212764 0.0418862 0.0961681 0.328722 0.0596403 0.0780755 0.00913253 0.319546 0.00747667 0.00199938 
0.00445327 0.0488347 0.117419 0.016953 0.0318509 0.459579 0.0621154 0.13961 0.000598587 0.107805 0.0103354 0.000445749 
7.66443e-06 0.044557 0.0292993 0.00886451 0.0225707 0.690834 0.0220655 0.0508642 2.95773e-05 0.118955 0.0118845 6.77173e-05 
3.4416e-05 0.0188824 0.0215495 0.0808594 0.142689 0.260393 0.130172 0.135799 0.000297245 0.197181 0.00906065 0.00308298 
0.000382592 0.00466926 0.049318 0.0154654 0.0142583 0.552663 0.0449815 0.0341281 0.000511766 0.0804753 0.202387 0.000759175 
0.000443248 0.0326327 0.0728102 0.0425638 0.0575954 0.391501 0.0507392 0.0894449 0.00141075 0.120676 0.138967 0.00121587 
0.000531139 0.00497485 0.0519833 0.0244774 0.0289201 0.516676 0.104373 0.0622059 0.000322774 0.184837 0.0193048 0.00139304 
2.72275e-05 0.0309522 0.0530881 0.0540618 0.0472039 0.420733 0.146376 0.0561488 0.00111193 0.181386 0.00881134 0.000100352 
0.00029062 0.0225741 0.154458 0.0187353 0.0200873 0.458975 0.075502 0.0504055 0.00555832 0.0969497 0.0956197 0.000844485 
0.00105546 0.0240538 0.0772792 0.0417702 0.0545823 0.420767 0.0872017 0.124828 0.000628887 0.152792 0.0142796 0.000762346 
5.31945e-05 0.016502 0.0209862 0.0318054 0.0374535 0.665783 0.0325953 0.058187 0.00485828 0.0854867 0.0462396 5.00801e-05 
0.0387007 0.0314161 0.0129491 0.0216959 0.057541 0.433459 0.107701 0.193782 0.000264873 0.0858205 0.00921407 0.00745511 
0.00120827 0.00539534 0.0734542 0.0119638 0.0305265 0.619376 0.154163 0.0338924 4.28915e-05 0.0627159 0.00692086 0.000341098 
0.000592799 0.00631398 0.0739515 0.0985944 0.0414986 0.617938 0.0772132 0.0124869 0.000242539 0.0360284 0.00374933 0.0313899 
6.66047e-05 0.00671191 0.0315571 0.00938326 0.0877149 0.651406 0.0381266 0.0939778 0.00080752 0.0596293 0.020273 0.000346268 
1.28042e-05 0.0159251 0.0164913 0.0100263 0.0196354 0.778023 0.0196082 0.0518362 3.62956e-05 0.0592309 0.024879 0.00429553 
0.000343395 0.0116032 0.124668 0.0323942 0.0719526 0.405373 0.163137 0.0541661 0.00194831 0.100471 0.0307198 0.00322398 
0.000177144 0.00691457 0.0367726 0.108074 0.0515151 0.445454 0.0774772 0.0587307 0.00011371 0.165622 0.0485085 0.0006401 
0.000280661 0.00609292 0.12862 0.0195115 0.054788 0.505177 0.158199 0.0164249 0.000103545 0.0658892 0.0218195 0.0230943 
2.06419e-07 0.000408571 0.00511418 0.00113059 0.00115616 0.988598 0.00149848 1.20923e-08 3.87984e-08 0.000547572 0.00152846 1.80207e-05 
3.49989e-05 0.0171071 0.18378 0.0139315 0.0259438 0.415283 0.155657 0.0886748 7.94456e-05 0.062545 0.0367022 0.000261053 
6.05398e-05 0.00648256 0.135778 0.118221 0.0413886 0.289233 0.140043 0.0721649 1.90522e-05 0.174397 0.0221263 8.58848e-05 
0.000241024 0.0076356 0.0388049 0.0468548 0.0644382 0.481523 0.124357 0.0777889 0.00294635 0.123897 0.0308738 0.000638961 
0.000136885 0.0303864 0.0861842 0.0215483 0.0683168 0.277075 0.112873 0.223927 0.00262811 0.147573 0.0284554 0.000896176 
0.000131185 0.00241792 0.109183 0.175236 0.0134814 0.489158 0.0486871 0.00810532 2.56739e-05 0.143691 0.00978218 0.000101991 
0.000295516 0.0176465 0.0321213 0.0226217 0.0186116 0.344845 0.0796073 0.333443 0.000129639 0.135696 0.0144972 0.000485031 
9.06336e-05 0.00854008 0.0207311 0.0603777 0.0536498 0.412867 0.148715 0.0875255 0.000781883 0.088913 0.117412 0.000395635 
1.62597e-05 0.00394446 0.0244694 0.00936767 0.0176495 0.788465 0.022992 0.0254145 0.000489672 0.0753117 0.0313091 0.000571132 
0.000277629 0.0734216 0.096891 0.060777 0.0343202 0.373235 0.145326 0.0530541 0.00899694 0.136738 0.0081332 0.00882961 
0.00183495 0.0346475 0.208714 0.0259497 0.0392053 0.264577 0.119156 0.0743763 0.00285352 0.133433 0.0948982 0.000354576 
1.62597e-05 0.00394446 0.0244694 0.00936767 0.0176495 0.788465 0.022992 0.0254145 0.000489672 0.0753117 0.0313091 0.000571132 
0.000188713 0.0119047 0.276831 0.0295716 0.0368926 0.462191 0.0728621 0.0183589 0.000248623 0.0798988 0.0107655 0.000286539 
0.000236775 0.00135938 0.142317 0.0151612 0.0316332 0.662985 0.114181 0.00222376 8.77632e-05 0.0203663 0.00847623 0.000972016 
0.000312696 0.00857728 0.0236175 0.0328509 0.120845 0.24435 0.233838 0.0748009 0.00912083 0.201422 0.0497638 0.000499814 
0.000104941 0.0149747 0.0290513 0.0252407 0.145403 0.301563 0.112908 0.0959013 0.000384025 0.230044 0.0418959 0.00252992 
0.000350624 0.0232279 0.0652875 0.0759833 0.0281788 0.438895 0.221762 0.0192583 0.000751904 0.107528 0.0186906 8.58853e-05 
4.4059e-05 0.0281443 0.0338852 0.0093045 0.0361586 0.51927 0.0663929 0.133486 0.000197622 0.161376 0.0115646 0.000175818 
8.42035e-05 0.0379998 0.0157304 0.031991 0.289652 0.355276 0.0773376 0.0727047 0.021972 0.0902567 0.00621034 0.000785556 
9.63446e-05 0.0248857 0.0331729 0.0491958 0.0453919 0.331725 0.0724147 0.226658 5.90471e-05 0.204761 0.0102605 0.00137932 
0.000236775 0.00135938 0.142317 0.0151612 0.0316332 0.662985 0.114181 0.00222376 8.77632e-05 0.0203663 0.00847623 0.000972016 
0.000244791 0.167861 0.0465162 0.0395268 0.0393878 0.173526 0.150363 0.151749 0.111048 0.113011 0.00615708 0.000607531 
3.43092e-05 0.0417373 0.0809121 0.0539478 0.0857315 0.322624 0.186442 0.0936217 0.00883069 0.101002 0.0244627 0.000654022 
0.00169241 0.0124425 0.0218878 0.0423597 0.0557731 0.456687 0.03123 0.166889 0.00239863 0.199533 0.0042123 0.0048947 
0.00023541 0.0170893 0.0610312 0.0321294 0.0893211 0.351064 0.0893074 0.108494 0.001342 0.204578 0.041449 0.00395958 
2.45079e-05 0.0287229 0.0614746 0.039598 0.0291447 0.519624 0.0769046 0.0288803 0.000292208 0.0311399 0.184075 0.000120001 
8.01634e-05 0.00724628 0.0475247 0.035395 0.0385219 0.336418 0.0650903 0.228898 0.00681736 0.086591 0.147153 0.00026464 
0.000206177 0.0334249 0.0524441 0.020309 0.0762849 0.587551 0.077355 0.00577422 0.000205374 0.0814086 0.0646829 0.000353748 
0.000167095 0.0302532 0.154721 0.0164215 0.0396224 0.588314 0.0454331 0.0782027 0.0013531 0.0394128 0.00607929 1.98108e-05 
0.000718771 0.0335724 0.0922951 0.0371642 0.0560141 0.399152 0.100023 0.0679615 0.00184921 0.0979763 0.112434 0.000839031 
0.00030637 0.0180562 0.160272 0.0337524 0.0355469 0.383125 0.0908735 0.0577953 0.00173575 0.104886 0.111772 0.00187846 
8.4727e-05 0.000768723 0.0453427 0.151757 0.0278515 0.543494 0.09371 0.0265175 0.000259454 0.0976184 0.0121699 0.000425876 
0.000594523 0.0178978 0.077031 0.0271282 0.0545772 0.469192 0.0945357 0.0780163 0.00220826 0.13052 0.0442155 0.00408369 
9.7454e-05 0.000348207 0.0788493 0.0536332 0.106493 0.298918 0.119477 0.194261 7.91845e-06 0.136473 0.0114025 3.95795e-05 
0.000516545 0.00955742 0.0349286 0.0407821 0.181365 0.49067 0.159023 0.0318894 0.000630443 0.0270671 0.00414776 0.0194228 
0.000634467 0.001585 0.0298786 0.0254779 0.0738748 0.269865 0.0804064 0.212214 1.38772e-05 0.125718 0.17771 0.002622 
0.000126417 0.0119465 0.174315 0.0856249 0.0498721 0.31793 0.0999369 0.0757949 0.00501356 0.099155 0.0795355 0.000749302 
0.000462911 0.0269516 0.182032 0.0335541 0.0348556 0.410154 0.105032 0.0766435 0.00578473 0.0878796 0.0332913 0.00335811 
0.00655964 0.0212524 0.101572 0.0676496 0.0341363 0.22043 0.135194 0.0763184 0.00093769 0.211968 0.123637 0.000345772 
0.000782251 0.0161273 0.129809 0.0206624 0.0621948 0.381115 0.103701 0.116386 0.00139708 0.150588 0.0154132 0.00182459 
0.000607145 0.0177057 0.0899973 0.0785793 0.0491448 0.371936 0.130862 0.0842106 0.00431236 0.162032 0.0101528 0.000460985 
0.00120232 0.0215548 0.0781073 0.0499235 0.0584567 0.360122 0.120261 0.124749 0.00282544 0.152429 0.0275774 0.00279103 
0.000335994 0.0121823 0.0287457 0.014358 0.0443119 0.490711 0.0609966 0.0618685 0.00317622 0.206272 0.0759968 0.00104558 
0.000106778 0.0431306 0.0216251 0.0299768 0.169484 0.476852 0.0864214 0.0417775 0.000294562 0.116921 0.0103151 0.00309589 
0.00228248 0.0187115 0.1183 0.0309916 0.0418942 0.329234 0.0798621 0.10255 0.00255927 0.125409 0.147244 0.000961564 
0.000156728 0.0155385 0.0325925 0.0415718 0.149876 0.460147 0.0995989 0.0446027 0.000308013 0.139172 0.0157036 0.000732605 
0.0018537 0.0221033 0.0587604 0.038332 0.062886 0.344463 0.251838 0.0201035 0.000133376 0.193199 0.00542982 0.000897484 
9.29586e-05 0.00278445 0.0714879 0.00442028 0.0129639 0.675256 0.0256054 0.128132 0.00159273 0.057255 0.0201955 0.000214248 
4.19238e-05 0.0818879 0.131283 0.0125854 0.0194762 0.346438 0.0377022 0.109252 0.000106403 0.254207 0.00701441 5.53794e-06 
0.0206203 0.0196797 0.0491567 0.0579037 0.111813 0.190323 0.0826965 0.15069 0.106922 0.169743 0.0396732 0.000778289 
0.000297757 0.035201 0.0395618 0.117508 0.203116 0.261393 0.143221 0.0557915 0.0181613 0.103385 0.0205202 0.00184416 
0.00168495 0.0059373 0.00678859 0.22775 0.058241 0.265664 0.0537643 0.22797 0.0011799 0.146007 0.00489296 0.00012021 
0.000138165 0.0280519 0.155679 0.0375296 0.0599323 0.406265 0.0964701 0.0743785 0.00171602 0.109623 0.0256085 0.00460774 
0.00018217 0.0263716 0.0283775 0.0105636 0.159195 0.496198 0.0995061 0.111846 0.00223042 0.0442569 0.0209961 0.000276695 
0.0001124 0.0211272 0.129102 0.024196 0.0199248 0.449664 0.100325 0.0457062 0.000604218 0.140815 0.0677164 0.000707009 
4.57416e-05 0.0134279 0.0859671 0.0417985 0.0421867 0.397712 0.0731316 0.018094 0.00801087 0.0590658 0.259489 0.00107072 
0.000551913 0.00482176 0.142664 0.0190353 0.0195912 0.374423 0.13063 0.109305 0.00328822 0.177567 0.0176857 0.000437016 
0.000287996 0.0137028 0.0291173 0.0199618 0.0429264 0.4842 0.075636 0.0536837 0.00279094 0.202077 0.0747203 0.000896213 
0.000253445 0.00499118 0.25486 0.106603 0.0369349 0.32323 0.139832 0.0160632 2.47839e-05 0.101194 0.0156321 0.0003821 
0.00090405 0.0120642 0.1674 0.0213792 0.105774 0.347977 0.0993968 0.0413086 0.00312214 0.169806 0.027133 0.0037348 
3.39724e-05 0.00604479 0.04128 0.0379763 0.0311038 0.450687 0.150927 0.0801351 1.23201e-05 0.193296 0.00598577 0.00251797 
0.000658401 0.0115622 0.0649384 0.0183173 0.0329327 0.639831 0.158537 0.0246098 3.2727e-05 0.0427112 0.00536832 0.000501675 
0.00131137 0.00723273 0.0192944 0.0479377 0.0468434 0.377089 0.255282 0.152139 0.00105655 0.0710746 0.0205367 0.000202114 
0.000413287 0.0558836 0.0450617 0.0252129 0.0883383 0.467623 0.101077 0.0836226 0.00199905 0.119368 0.0108173 0.000583746 
2.24852e-05 0.0253089 0.161368 0.0321329 0.0388442 0.448027 0.0200395 0.134329 4.43337e-05 0.13843 0.00133101 0.000123349 
1.02188e-05 0.0430298 0.0256939 0.00318608 0.0201678 0.715388 0.0069136 0.066139 2.70385e-05 0.111416 0.00793866 9.02869e-05 
0.000191129 0.0139841 0.0928106 0.0757351 0.0532069 0.237865 0.148693 0.119536 0.000366781 0.217195 0.040296 0.000120482 
0.000231078 0.0236613 0.13891 0.023598 0.0444666 0.338183 0.308717 0.0110413 0.0026499 0.0851982 0.0229717 0.000371001 
0.00170647 0.028968 0.0525672 0.0371247 0.0592502 0.404857 0.105071 0.158554 0.00585259 0.125118 0.0138089 0.00712174 
0.000298973 0.00805075 0.0383785 0.0125597 0.0713649 0.45548 0.262542 0.030722 0.00146228 0.0970811 0.0214875 0.000571877 
0.00103269 0.0123853 0.012985 0.0757976 0.140584 0.288881 0.157148 0.0754096 0.00396478 0.223627 0.00746944 0.000716202 
8.24048e-06 0.0357475 0.0418526 0.116018 0.151305 0.277515 0.230743 0.0428643 0.00373833 0.0708477 0.0261167 0.00324406 
0.000161789 0.0159115 0.159 0.0283895 0.0459088 0.509318 0.141239 0.0221122 0.00123636 0.0563359 0.0200348 0.000352579 
0.00171379 0.0104954 0.0723671 0.0143511 0.0212848 0.616963 0.0516779 0.093945 0.000400423 0.0824593 0.0341501 0.00019194 
0.000321933 0.0152722 0.0215741 0.0288801 0.0243844 0.363375 0.0271462 0.288142 0.0161431 0.128571 0.0852455 0.000944146 
0.000397959 0.029742 0.238224 0.035795 0.0397532 0.391097 0.0759251 0.06215 0.000300523 0.101227 0.0249752 0.000413774 
0.000419922 0.0144313 0.142781 0.0292193 0.0363263 0.427776 0.0937441 0.0569502 0.00147341 0.141342 0.052128 0.00340872 
0.000217599 0.0218028 0.0266225 0.0421342 0.0570055 0.282381 0.0662031 0.245771 0.00148017 0.154106 0.0989289 0.00334698 
0.000982652 0.0165839 0.0846516 0.0362362 0.0629212 0.303383 0.10023 0.0918142 0.00344571 0.138078 0.153998 0.00767534 
9.17579e-05 0.018291 0.0104755 0.0390759 0.0878703 0.299745 0.28575 0.0640623 0.00343379 0.160382 0.0303586 0.000464099 
5.14089e-06 0.00426243 0.00996053 0.0340882 0.170242 0.307196 0.208477 0.0974891 0.000323006 0.138185 0.028309 0.00146192 
0.000431484 0.0313227 0.021227 0.0414657 0.202389 0.300262 0.159205 0.14628 0.000214217 0.0657789 0.0301727 0.0012509 
0.001233 0.0181293 0.242652 0.0311588 0.02182 0.367182 0.124221 0.0425198 6.00598e-05 0.141443 0.00916035 0.00041941 
5.01945e-05 5.96103e-05 0.00894218 0.00480888 0.0218786 0.828591 0.0754915 0.00464383 1.54496e-05 0.0461076 0.00916678 0.000243932 
0.000208086 0.0110331 0.0280439 0.00525778 0.0538745 0.620365 0.0187629 0.14951 0.000129525 0.109433 0.00325723 0.000124855 
2.09489e-06 0.0128326 0.0932484 0.0916217 0.0787779 0.573852 0.015432 0.0894956 9.76568e-06 0.0378324 0.00563121 0.00126454 
0.000269487 0.00661013 0.123646 0.0471537 0.124429 0.383313 0.157953 0.0261597 0.00224765 0.107218 0.0199548 0.00104544 
0.000244731 0.00707341 0.0443459 0.0213413 0.137028 0.452783 0.167338 0.068751 0.00173679 0.0857004 0.0129841 0.000674211 
0.000104009 0.0276862 0.00716488 0.0629522 0.174176 0.25373 0.132321 0.0908926 0.0031274 0.237895 0.00815647 0.0017951 
0.000487399 0.0118041 0.0857419 0.0394936 0.0577487 0.505165 0.0466484 0.050589 0.000398846 0.0339635 0.167806 0.000153788 
0.00014279 0.037876 0.0263257 0.11146 0.066596 0.345969 0.0803093 0.122665 0.00407642 0.154472 0.0499397 0.000168649 
0.000162268 0.0356581 0.0452783 0.0270036 0.143752 0.370915 0.108224 0.143246 0.00265804 0.0994469 0.022811 0.000843521 
0.000890912 0.0130733 0.0264458 0.0373793 0.17103 0.469116 0.087918 0.0407986 0.000330677 0.148617 0.0036515 0.000747835 
0.00482356 0.0264432 0.06542 0.0443664 0.0625236 0.335708 0.0938818 0.17125 0.00236318 0.162103 0.0293959 0.00172148 
0.000951586 0.000807338 0.0215304 0.0139462 0.0104414 0.283923 0.266855 0.0913048 4.62565e-06 0.206066 0.104166 4.29109e-06 
0.00019604 0.0217173 0.00636679 0.0744645 0.12968 0.282564 0.0493727 0.281752 0.000372557 0.141469 0.00473471 0.00731021 
0.00138167 0.0217533 0.136319 0.0287675 0.0402288 0.335053 0.0826157 0.128201 0.00137422 0.131234 0.0891142 0.00395838 
0.00045976 0.00913985 0.0932633 0.0635335 0.0434632 0.509491 0.0391068 0.108632 1.41777e-05 0.0727021 0.0311713 0.0290231 
0.000865381 0.00450985 0.0341518 0.0043499 0.00772893 0.358653 0.0487338 0.192885 9.48297e-05 0.172753 0.157844 0.017431 
7.53835e-05 0.0205464 0.00958436 0.025935 0.0635861 0.631604 0.0990677 0.0413565 0.00176236 0.0682062 0.0160941 0.0221819 
3.88266e-05 0.0112848 0.00860281 0.00540692 0.0374792 0.709122 0.0133907 0.124563 9.20856e-05 0.0852613 0.00451656 0.000241935 
0.000732832 0.013902 0.142036 0.037238 0.0445829 0.290402 0.169764 0.110838 3.14387e-05 0.178601 0.0115058 0.000365412 
5.36781e-05 0.00276645 0.0438344 0.0996509 0.0587582 0.447802 0.0251199 0.118782 3.27441e-05 0.070624 0.111052 0.0215238 
0.000201462 0.0110381 0.087181 0.0189318 0.0626987 0.641379 0.0938585 0.0189898 7.15002e-06 0.0473305 0.018314 6.95477e-05 
0.000236775 0.00135938 0.142317 0.0151612 0.0316332 0.662985 0.114181 0.00222376 8.77632e-05 0.0203663 0.00847623 0.000972016 
0.00331877 0.0184999 0.0560334 0.0491567 0.0602265 0.444833 0.0519164 0.193298 0.0026266 0.0953308 0.0231358 0.00162451 
0.00022311 0.0076784 0.113504 0.0504678 0.0243235 0.440277 0.198832 0.0217127 0.00146535 0.0842102 0.0571781 0.000128294 
0.000213747 0.0171326 0.0553555 0.0255177 0.0360663 0.281368 0.0748239 0.139507 0.00134638 0.126313 0.241865 0.00049055 
0.000185794 0.00938605 0.0603278 0.045873 0.0243221 0.419767 0.0643162 0.114091 0.00543009 0.23987 0.0128744 0.00355679 
0.000116119 0.0233349 0.0702786 0.0522281 0.125028 0.2138 0.174907 0.120222 0.00356333 0.207362 0.0083243 0.000836617 
0.000288215 0.0616182 0.0754146 0.0854578 0.0758242 0.33053 0.0817786 0.0159708 0.00260861 0.0638627 0.205379 0.00126688 
0.000973199 0.0221946 0.0798323 0.0656872 0.0661075 0.296923 0.126631 0.098462 0.00320764 0.171689 0.0648891 0.00340308 
0.00185079 0.0651138 0.0329976 0.0441704 0.145882 0.354256 0.0310758 0.189086 0.00222707 0.0876104 0.0395574 0.00617256 
0.000441868 0.00366867 0.0857598 0.0107159 0.0743518 0.637773 0.0287696 0.0390952 5.34106e-05 0.109973 0.00284227 0.00655597 
1.02188e-05 0.0430298 0.0256939 0.00318608 0.0201678 0.715388 0.0069136 0.066139 2.70385e-05 0.111416 0.00793866 9.02869e-05 
0.000216919 0.00763214 0.0806215 0.0272655 0.0868756 0.527077 0.0747569 0.0655492 0.00120015 0.0999138 0.0186363 0.0102552 
0.000700433 0.0234482 0.119116 0.0396783 0.0407882 0.290304 0.0605448 0.2311 0.00462363 0.173576 0.0157706 0.000349356 
0.00074466 0.0189452 0.023593 0.0077689 0.0805723 0.593744 0.146029 0.0294077 0.000474091 0.0964079 0.00196855 0.000344652 
0.000517896 0.00763198 0.122166 0.108659 0.0480131 0.398615 0.082777 0.0699606 0.00183288 0.0707146 0.0889707 0.000140865 
4.31134e-05 0.0225256 0.107746 0.00687045 0.0465723 0.54548 0.0555142 0.0699714 0.0174323 0.108123 0.0162132 0.00350828 
4.11321e-05 0.0167749 0.11777 0.0302898 0.054534 0.404664 0.0769194 0.105376 0.000933563 0.11633 0.0717673 0.00459951 
3.5342e-06 0.00905315 0.0840963 0.0132398 0.115414 0.502351 0.118618 0.0367385 0.00731975 0.101351 0.0112916 0.00052274 
0.000236775 0.00135938 0.142317 0.0151612 0.0316332 0.662985 0.114181 0.00222376 8.77632e-05 0.0203663 0.00847623 0.000972016 
0.000736743 0.0187252 0.0721853 0.0658129 0.0640345 0.306678 0.0932583 0.129264 3.56842e-05 0.230201 0.0188449 0.000223022 
5.02002e-08 0.00660339 0.104697 0.03977 0.0457847 0.363477 0.273096 0.14463 5.50952e-07 0.0199842 0.00164144 0.000316111 
6.78519e-05 0.00282188 0.00501954 0.0135444 0.0292074 0.530268 0.088614 0.206997 0.000221726 0.116456 0.00669274 8.99539e-05 
9.79761e-05 0.0161066 0.0594753 0.0601427 0.0338865 0.396017 0.126827 0.0889412 3.05061e-05 0.0500048 0.168295 0.000175664 
2.10922e-11 0.000588694 0.113085 0.00676989 0.0101363 0.838434 0.022493 1.2356e-12 3.96447e-12 0.00450976 0.00398277 1.85978e-07 
0.000239877 0.0108575 0.183811 0.0240295 0.0395873 0.448466 0.0720151 0.0603203 0.000646079 0.117131 0.0425388 0.000358393 
0.000483347 0.018109 0.0525519 0.013828 0.0342581 0.425557 0.0683625 0.154305 0.00017787 0.226718 0.0053359 0.000314326 
3.24623e-05 0.0182109 0.318315 0.0109413 0.03868 0.374311 0.0699605 0.0387696 0.000101835 0.107875 0.0213511 0.00145157 
5.11098e-05 0.143994 0.0381458 0.0500864 0.0353827 0.262321 0.0668365 0.196534 0.00409055 0.195145 0.0067882 0.000623676 
0.000350136 0.0253922 0.159393 0.0290867 0.0337412 0.305156 0.09055 0.0268285 0.0110162 0.0722717 0.241846 0.00436792 
0.000318237 0.0163807 0.085038 0.0502909 0.0351703 0.511689 0.125446 0.102522 0.00243198 0.0276017 0.0430124 9.84769e-05 
4.82573e-05 0.0244285 0.0709069 0.0227616 0.0900936 0.430438 0.042811 0.170426 0.0151059 0.121654 0.0112584 6.83355e-05 
0.000981777 0.0156051 0.174627 0.0194913 0.0987291 0.35802 0.111936 0.0863934 0.000389474 0.112743 0.0186074 0.0024751 
5.68326e-05 0.0248081 0.01846 0.0286009 0.185353 0.409575 0.067645 0.107699 2.37022e-05 0.118216 0.0366867 0.00287585 
0.00411312 0.0366103 0.128914 0.0759184 0.0469836 0.244212 0.0978577 0.171169 0.00234016 0.158011 0.0316016 0.00226826 
9.5185e-05 0.00294207 0.164404 0.0445469 0.0373738 0.465172 0.11744 0.0312531 1.58369e-05 0.0661899 0.0705116 5.54181e-05 
2.75578e-05 0.0167891 0.0835974 0.0169175 0.0392787 0.444646 0.0392725 0.251777 0.00924169 0.0871591 0.0111537 0.000140618 
4.57416e-05 0.0134279 0.0859671 0.0417985 0.0421867 0.397712 0.0731316 0.018094 0.00801087 0.0590658 0.259489 0.00107072 
0.0161582 0.0102597 0.188485 0.0214094 0.0316396 0.392833 0.0528503 0.122367 0.000137482 0.153683 0.00977127 0.00040654 
4.24532e-06 0.0120775 0.0799111 0.209983 0.0662031 0.325927 0.143887 0.024793 0.00208252 0.101449 0.0320383 0.00164417 
0.0157921 0.0187903 0.0257159 0.0135834 0.0881347 0.27 0.0449946 0.236653 1.53196e-05 0.26143 0.0246656 0.000224727 
7.97506e-05 0.013356 0.151491 0.0513343 0.0833939 0.337105 0.0746509 0.080051 0.00327763 0.110717 0.0942202 0.000323295 
0.000282423 0.0124033 0.0185767 0.0196763 0.16255 0.260884 0.114286 0.260785 0.000453813 0.102495 0.00649064 0.0411173 
0.000147847 0.00546762 0.0344444 0.0206091 0.0983561 0.323684 0.117678 0.128161 0.00037671 0.256468 0.013346 0.0012606 
0.000424415 0.00601509 0.0230199 0.0264372 0.0518224 0.337376 0.0555488 0.0798549 0.00102068 0.0843318 0.333853 0.000296031 
0.000279046 0.00866722 0.0207346 0.106099 0.0750649 0.397913 0.182502 0.0401934 0.0467145 0.107057 0.0138165 0.000958633 
0.000186495 0.0392903 0.096319 0.0200017 0.067764 0.360367 0.0821223 0.158626 0.00744731 0.124281 0.019197 0.0243988 
0.000369521 0.0308389 0.0693777 0.0541227 0.256517 0.261731 0.147151 0.0443464 0.0122688 0.115569 0.00549966 0.00220945 
0.000450851 0.0230552 0.170239 0.0219952 0.0479012 0.298623 0.0715002 0.0693867 0.00122661 0.149173 0.146113 0.00033492 
0.000373816 0.00788724 0.114609 0.0253536 0.109983 0.393136 0.167269 0.0327691 0.000732275 0.125881 0.018629 0.00337628 
2.30146e-05 0.0667447 0.344245 0.00607799 0.0127571 0.345088 0.159886 0.00391476 0.000651364 0.0521012 0.00832952 0.000182216 
5.28731e-05 0.0345608 0.107674 0.0461204 0.0638107 0.273367 0.0680942 0.0691685 0.036033 0.268685 0.0309729 0.00146017 
5.96807e-05 0.0498361 0.0133604 0.0885824 0.125459 0.264083 0.100659 0.22207 0.0253948 0.0962925 0.0133958 0.000806939 
0.000619671 0.017502 0.0202037 0.0601761 0.0357651 0.302838 0.246893 0.0673916 0.000362939 0.237435 0.0104297 0.000382857 
6.63925e-05 0.00942223 0.0230293 0.138559 0.0510038 0.246036 0.0791225 0.208093 0.000725219 0.22929 0.0119767 0.00267581 
3.03217e-06 0.058828 0.0738919 0.0672103 0.0207878 0.422783 0.0613906 0.0311607 4.2942e-05 0.100254 0.163604 4.38918e-05 
0.000177254 0.0113386 0.0174523 0.0264762 0.20547 0.374411 0.248054 0.020866 0.00621672 0.0685042 0.0203404 0.000693854 
0.00536208 0.0740305 0.298391 0.0196536 0.0152906 0.345689 0.0567751 0.0268446 0.00137138 0.0907192 0.0656388 0.000234209 
0.000274531 0.0410186 0.0611252 0.0271531 0.0764365 0.463107 0.0801267 0.0551377 0.000246932 0.163816 0.0311053 0.000452373 
0.000274171 0.0078437 0.0553734 0.0513468 0.204447 0.474997 0.0582454 0.04863 0.00204883 0.0835891 0.0127409 0.000463934 
0.000432381 0.0186654 0.0433965 0.0390043 0.0693991 0.455301 0.138066 0.0587047 0.00154663 0.101801 0.0727827 0.000900586 
0.00108187 0.0209694 0.0716799 0.135002 0.107679 0.381308 0.122381 0.0316963 0.000789735 0.109046 0.013711 0.00465568 
0.00038705 0.0130022 0.0901246 0.133235 0.0558283 0.264191 0.141771 0.0641905 0.000988063 0.217188 0.0184962 0.000598161 
0.000681508 0.0070632 0.0325105 0.0291613 0.0902816 0.416363 0.0848234 0.182885 0.000282907 0.124018 0.0309736 0.000956429 
1.02188e-05 0.0430298 0.0256939 0.00318608 0.0201678 0.715388 0.0069136 0.066139 2.70385e-05 0.111416 0.00793866 9.02869e-05 
2.73421e-05 0.0207184 0.131634 0.168251 0.0902284 0.236118 0.15484 0.0181265 2.0621e-06 0.110776 0.0684193 0.000859604 
0.00182553 0.0469894 0.163043 0.0043591 0.0205358 0.225853 0.132245 0.22529 0.00349831 0.162527 0.0135026 0.000332129 
0.000310916 0.0501002 0.0218231 0.0408746 0.185376 0.241566 0.10726 0.15321 0.0201346 0.120853 0.0575062 0.000985209 
0.000373135 0.0275298 0.0588006 0.0340657 0.0591977 0.398163 0.0834815 0.120912 0.000268581 0.192218 0.0249265 6.36229e-05 
0.000287996 0.0137028 0.0291173 0.0199618 0.0429264 0.4842 0.075636 0.0536837 0.00279094 0.202077 0.0747203 0.000896213 
0.0194686 0.0226937 0.0428995 0.0687487 0.175761 0.239551 0.0850857 0.145187 0.00983895 0.174738 0.0143785 0.00164891 
0.000271462 0.0200961 0.129861 0.0345045 0.0498255 0.570342 0.0685957 0.0540516 0.00294836 0.0462075 0.0230431 0.000253227 
0.00338371 0.0126731 0.0405512 0.0249786 0.0866784 0.318657 0.0740807 0.0998208 0.00203324 0.0954242 0.23699 0.00472975 
0.000277649 0.0292992 0.15307 0.035943 0.0408775 0.472972 0.0830753 0.0463177 0.00709515 0.10061 0.0279719 0.00249089 
0.000105871 0.0073546 0.0603028 0.0316457 0.00782944 0.757278 0.02831 0.0299732 2.90161e-05 0.035206 0.00535565 0.0366098 
1.1879e-05 0.04553 0.0302108 0.00338565 0.0230642 0.70076 0.00792345 0.066481 3.38288e-05 0.114452 0.00778769 0.000358941 
8.70503e-05 0.0153318 0.112834 0.0212407 0.0583566 0.70456 0.0286801 0.0114387 0.000234686 0.0448043 0.00216245 0.00026972 
0.000123584 0.0233901 0.0297232 0.0221785 0.0316599 0.537163 0.106017 0.101532 0.000462148 0.131716 0.0155353 0.000498639 
9.25583e-06 0.00291959 0.00741806 0.00783485 0.0820692 0.519965 0.117052 0.0704125 2.21927e-06 0.186819 0.00463469 0.000863518 
0.000182694 0.0155463 0.0942046 0.0425883 0.0431473 0.389822 0.0746785 0.0195723 0.0111005 0.0641262 0.243894 0.00113772 
1.02188e-05 0.0430298 0.0256939 0.00318608 0.0201678 0.715388 0.0069136 0.066139 2.70385e-05 0.111416 0.00793866 9.02869e-05 
0.00010043 0.0116084 0.0917641 0.0199904 0.0701033 0.611795 0.1038 0.0213093 6.72496e-06 0.0496122 0.0199077 3.32597e-06 
6.43491e-07 0.0229649 0.187982 0.0104512 0.00485953 0.42798 0.142783 0.0369953 1.26023e-06 0.130981 0.0349982 2.19923e-06 
0.000284686 0.0147954 0.036412 0.0274578 0.0292609 0.723496 0.0432501 0.0775157 0.000127245 0.0409969 0.00614518 0.000258239 
0.000889989 0.0243033 0.0567793 0.0209626 0.0527045 0.543681 0.126475 0.0396832 0.00634508 0.106161 0.0207656 0.00124969 
0.00121747 0.0216757 0.101586 0.00931778 0.00593557 0.511342 0.0474941 0.0584891 0.000108026 0.232362 0.0101749 0.000297006 
0.00411323 0.00594491 0.0463861 0.024327 0.132695 0.524574 0.137774 0.0271482 0.00465748 0.0787547 0.0114089 0.00221582 
3.92455e-05 0.055873 0.104307 0.0292496 0.0456909 0.412846 0.131687 0.052087 0.00152661 0.135973 0.0297487 0.000972391 
0.00016416 0.0274112 0.016163 0.0414096 0.117202 0.37008 0.159753 0.0660362 0.00206544 0.172695 0.0171097 0.00991022 
1.58808e-05 0.0362164 0.0366948 0.0645609 0.121901 0.248531 0.0580373 0.20606 0.0046083 0.198309 0.0243634 0.000700651 
2.10922e-11 0.000588694 0.113085 0.00676989 0.0101363 0.838434 0.022493 1.2356e-12 3.96447e-12 0.00450976 0.00398277 1.85978e-07 
6.24748e-05 0.0061281 0.000988349 0.0131311 0.0217871 0.520114 0.0781831 0.202648 0.000152803 0.122739 0.00866251 0.0254036 
0.00341886 0.0243369 0.0717066 0.039799 0.0380547 0.328946 0.124895 0.091323 0.000251218 0.263101 0.0129248 0.00124297 
0.000236775 0.00135938 0.142317 0.0151612 0.0316332 0.662985 0.114181 0.00222376 8.77632e-05 0.0203663 0.00847623 0.000972016 
5.57159e-05 0.0684152 0.105052 0.0520313 0.0742483 0.205534 0.123989 0.187262 0.00732503 0.153034 0.0218246 0.00123073 
3.88266e-05 0.0112848 0.00860281 0.00540692 0.0374792 0.709122 0.0133907 0.124563 9.20856e-05 0.0852613 0.00451656 0.000241935 
0.000285952 0.0985423 0.121844 0.0264237 0.0547091 0.250302 0.179431 0.0661583 0.00247504 0.155773 0.0424614 0.00159425 
0.000264161 0.0310942 0.276628 0.040776 0.0591491 0.34787 0.105195 0.0329586 0.00446549 0.0729056 0.0266698 0.00202501 
4.20435e-05 0.00304057 0.254256 0.0289265 0.0211651 0.333527 0.188109 0.0293935 0.000460216 0.0816159 0.0586646 0.000799175 
0.000469834 0.017259 0.153856 0.0593147 0.0319994 0.360365 0.116144 0.0775395 0.000112754 0.110324 0.0716209 0.000995406 
0.00044046 0.00615015 0.0744969 0.023747 0.0158516 0.460929 0.29503 0.0298508 0.000533571 0.0768349 0.0160056 0.000130102 
6.65066e-05 0.00631041 0.0330594 0.0194377 0.0529364 0.648444 0.126459 0.00940415 2.40248e-05 0.0508736 0.0520615 0.000922826 
0.000173647 0.022569 0.0274599 0.00650028 0.0392541 0.392371 0.0182223 0.196064 4.74005e-05 0.289346 0.00766681 0.000326038 
0.000402256 0.0133664 0.0242034 0.190073 0.0614591 0.304419 0.115795 0.106924 0.00887742 0.138238 0.0360919 0.000151467 
0.0366759 0.00837518 0.256341 0.0125024 0.0282654 0.484654 0.0476201 0.0683582 0.000209854 0.0514746 0.00532161 0.000201489 
0.00956458 0.0148043 0.0863069 0.0175861 0.0448818 0.522326 0.0926056 0.0983566 0.000570403 0.103997 0.0082015 0.00079903 
0.000134861 0.0795175 0.0551766 0.0197129 0.0324548 0.323737 0.0619297 0.163401 0.00050268 0.115521 0.147164 0.000747562 
3.09708e-09 0.0003805 0.125934 0.00341007 0.00939616 0.619513 0.00235924 0.00313132 6.25243e-07 0.0154846 0.220389 1.32396e-06 
2.39947e-05 0.0109647 0.0305363 0.0224877 0.0605453 0.35003 0.107983 0.179487 0.00280253 0.190659 0.0435289 0.000951466 
0.000176032 0.00609831 0.0953543 0.0406373 0.0271392 0.267046 0.121951 0.134111 0.0108101 0.191744 0.104581 0.000351709 
6.92943e-05 0.0222166 0.0388092 0.0101885 0.0805709 0.482947 0.104607 0.156819 0.000487245 0.0918729 0.0111459 0.000267338 
0.00047743 0.00504915 0.0163668 0.0110789 0.00373461 0.347859 0.136543 0.150138 1.38947e-05 0.303609 0.025034 9.61863e-05 
0.000223384 0.0161361 0.0115885 0.0161935 0.0404095 0.421643 0.212587 0.0724145 1.8013e-05 0.186587 0.021531 0.000668497 
0.000553839 0.00973334 0.312634 0.0258527 0.0602597 0.314055 0.0675337 0.0260461 0.000829132 0.0944018 0.0866325 0.00146727 
1.53239e-06 6.27472e-05 0.155525 0.0120532 0.00549647 0.763037 0.0156159 0.00115984 0.000726027 0.0393902 0.00676447 0.000168159 
0.000203695 0.0446254 0.0176754 0.0540478 0.0491319 0.252619 0.159999 0.223478 0.000547898 0.19147 0.00494852 0.00125323 
3.49396e-05 0.126978 0.0235312 0.066813 0.0386773 0.248213 0.0355176 0.216289 0.0101935 0.186786 0.00639094 0.0405757 
0.00140594 0.0248 0.125019 0.0525174 0.0499088 0.367798 0.0979065 0.0964712 0.00359665 0.141485 0.033451 0.00564031 
0.000670814 0.0212017 0.0808602 0.0585231 0.0211732 0.561801 0.0690486 0.034824 0.000356364 0.135371 0.0148315 0.00133824 
1.93966e-06 0.000106828 0.010341 0.0137759 0.136312 0.372442 0.280718 0.00486387 1.98123e-06 0.166072 0.0153618 3.56904e-06 
6.09016e-06 0.064589 0.121917 0.0352385 0.0480282 0.420404 0.0879822 0.0268862 0.00185679 0.16172 0.0296859 0.00168625 
0.00016436 0.0259059 0.133765 0.0457375 0.0731689 0.378175 0.124407 0.0664536 0.00317315 0.111344 0.0330188 0.00468661 
0.000445366 0.000933579 0.0691694 0.124189 0.0233309 0.547013 0.101374 0.0223743 0.00431709 0.0932047 0.0129546 0.000694676 
0.0006236 0.00236768 0.00262376 0.109145 0.0915312 0.476138 0.0451875 0.219039 4.94977e-06 0.041239 0.00576023 0.00633966 
0.000429929 0.0523075 0.207427 0.0934485 0.0144003 0.217284 0.110168 0.0423848 0.00362448 0.123931 0.134195 0.000399248 
0.00074466 0.0189452 0.023593 0.0077689 0.0805723 0.593744 0.146029 0.0294077 0.000474091 0.0964079 0.00196855 0.000344652 
0.000443985 0.075374 0.11015 0.134785 0.137076 0.191062 0.0921597 0.0785785 0.0134373 0.153395 0.00532874 0.00821043 
0.0145114 0.0145475 0.304665 0.0147467 0.0577281 0.358942 0.0405818 0.108021 0.00163765 0.0786314 0.00548561 0.000502015 
0.00283799 0.00574482 0.0645917 0.0173255 0.158598 0.427323 0.126625 0.0309449 0.000319557 0.139768 0.0239013 0.00202017 
0.00111364 0.020113 0.0429939 0.113063 0.0755326 0.317673 0.204704 0.0522454 0.00182283 0.150677 0.0197988 0.000263152 
0.00166767 0.0245997 0.0914995 0.0510564 0.058254 0.312794 0.10659 0.0974936 0.00290528 0.176995 0.0753112 0.000834744 
0.000210999 0.0231978 0.149545 0.179185 0.0434113 0.239394 0.15703 0.0907504 0.000181805 0.100349 0.0101785 0.0065669 
0.00124456 0.014057 0.0384976 0.0313069 0.143491 0.342012 0.124135 0.132076 3.10798e-05 0.159528 0.0113712 0.00224967 
0.0437537 0.0552967 0.0144009 0.0207918 0.047144 0.473616 0.12748 0.0378829 0.0002868 0.163369 0.012067 0.00391121 
2.56815e-05 0.0675883 0.139515 0.0970383 0.0527946 0.223236 0.174469 0.0565946 0.0054146 0.121626 0.0609944 0.000704715 
4.23969e-05 0.000876161 0.119905 0.00915867 0.0380398 0.417869 0.0611191 0.0816766 3.57799e-06 0.253028 0.0167773 0.00150418 
0.000106937 0.0180523 0.0655412 0.0867603 0.047457 0.388771 0.108585 0.0846704 4.09368e-05 0.121335 0.0775676 0.00111152 
