0.00022803 0.0295818 0.0515976 0.0687546 0.0784408 0.0932959 0.304105 0.101497 0.00783423 0.239694 0.0216966 0.00327482 
8.60615e-05 0.000167893 0.0100179 0.0395988 0.00576918 0.0621273 0.518115 0.031359 7.55029e-06 0.163033 0.169716 1.80995e-06 
0.000747395 0.0121252 0.00831776 0.0374635 0.290445 0.0242726 0.575933 0.00307636 0.000588155 0.0430381 0.00377563 0.000217463 
0.000381179 0.0168724 0.0324629 0.0347735 0.0299504 0.0711238 0.433328 0.0635858 0.0013757 0.298337 0.0171977 0.000610906 
0.000111216 0.011611 0.0304354 0.0575187 0.0360889 0.0621229 0.520433 0.0560226 1.18299e-05 0.209144 0.0159211 0.00057968 
5.05549e-06 0.0188971 0.0108165 0.0144514 0.159973 0.0418942 0.22216 0.171649 0.13375 0.209206 0.0171643 3.33696e-05 
0.000460399 0.0159128 0.0334323 0.0764297 0.0381439 0.0624922 0.572591 0.053147 0.00307793 0.104847 0.0391848 0.000280993 
0.000254933 0.0104317 0.0969267 0.00956959 0.143526 0.0855217 0.369936 0.0188507 0.000111897 0.258174 0.00631453 0.000382356 
0.000265837 0.00686994 0.027969 0.0395587 0.0251211 0.0305596 0.791431 0.00974545 0.000404059 0.0578667 0.0100103 0.000198021 
5.70754e-05 0.0851555 0.0225446 0.0470251 0.106267 0.0351563 0.319022 0.0433385 0.119126 0.0614774 0.159586 0.00124475 
0.000381179 0.0168724 0.0324629 0.0347735 0.0299504 0.0711238 0.433328 0.0635858 0.0013757 0.298337 0.0171977 0.000610906 
0.000571037 0.117729 0.0379075 0.0723337 0.0573607 0.0638057 0.31977 0.0435146 0.0111279 0.261886 0.0106209 0.00337376 
0.000381179 0.0168724 0.0324629 0.0347735 0.0299504 0.0711238 0.433328 0.0635858 0.0013757 0.298337 0.0171977 0.000610906 
0.000679564 0.033959 0.0579543 0.098252 0.0642014 0.0864487 0.446483 0.0152007 0.00898666 0.17679 0.00984848 0.00119638 
6.20829e-05 0.0450396 0.0318336 0.151988 0.132817 0.119565 0.314936 0.031375 0.00252066 0.150115 0.0145611 0.00518655 
2.65875e-05 0.0068372 0.0548832 0.0250184 0.0103841 0.0748535 0.772418 0.00420151 1.34894e-05 0.0249433 0.0263066 0.000113818 
0.00306829 0.0262588 0.0209136 0.133278 0.0897908 0.0977262 0.285041 0.0661476 0.00418574 0.249549 0.0214822 0.00255867 
0.000670802 0.0147376 0.0131097 0.0700406 0.0263494 0.132997 0.355833 0.042614 0.000856061 0.335992 0.00651502 0.000284977 
1.81739e-05 0.00423889 0.00909848 0.0864036 0.254951 0.109335 0.361652 0.0149211 0.000562227 0.146524 0.0120386 0.000257418 
0.0034177 0.0321249 0.0207549 0.132179 0.0498976 0.020722 0.56714 0.0557275 0.000847158 0.11498 0.00158852 0.000621039 
0.000162334 0.0141811 0.0241616 0.0636468 0.264914 0.05092 0.315423 0.0344532 0.00418199 0.211018 0.01502 0.00191809 
0.000427268 0.0288407 0.0375245 0.0525397 0.0187085 0.050384 0.702515 0.00836949 0.00027552 0.0902879 0.00999484 0.000132519 
0.000143915 0.0318936 0.00564212 0.0193749 0.0835022 0.0361262 0.653185 0.0196094 1.08645e-05 0.113563 0.0354607 0.00148738 
0.000237988 0.0466696 0.171406 0.0533571 0.0492919 0.194242 0.264669 0.089412 0.000650227 0.115703 0.0128472 0.00151413 
0.000170626 0.069594 0.00475435 0.0878767 0.0875212 0.149988 0.441341 0.0505973 0.00543267 0.0971032 0.00200885 0.00361272 
0.00655727 0.0107126 0.0217345 0.144278 0.11751 0.0523058 0.487098 0.0199121 0.0294171 0.0984221 0.0116394 0.000412963 
0.00027815 0.0287464 0.00905554 0.201747 0.0554441 0.0682754 0.339546 0.0547455 0.00435765 0.206175 0.0309498 0.000679549 
0.00436603 0.0100373 0.0255235 0.0372181 0.0803664 0.201381 0.251336 0.136193 0.00122009 0.218346 0.0333619 0.000650664 
3.3212e-05 0.0265627 0.0591829 0.0247728 0.0322916 0.082734 0.667724 0.0240888 1.06533e-05 0.0560127 0.0261621 0.000424535 
0.000313907 0.0666915 0.0210777 0.223228 0.0239156 0.039639 0.405738 0.0626694 0.00394941 0.144048 0.00854468 0.000184496 
0.00167099 0.0133384 0.0216247 0.304605 0.0635323 0.0652627 0.380706 0.0201946 0.00019774 0.111444 0.0168661 0.000557791 
0.000136351 0.00358815 0.0409079 0.0192218 0.0565374 0.0947244 0.726621 0.00383823 9.48007e-06 0.0310563 0.0231909 0.000167697 
0.000286203 0.199547 0.025972 0.137486 0.0366056 0.0342517 0.380885 0.0375049 0.00439087 0.136407 0.00547967 0.00118412 
0.000327205 0.0647188 0.0241668 0.0802769 0.119382 0.0152886 0.307068 0.0177682 0.0698584 0.296448 0.0030078 0.00168956 
0.000418242 0.0273635 0.0522369 0.147336 0.0418813 0.104371 0.342931 0.112388 0.00645201 0.137199 0.0269618 0.000460921 
0.000427268 0.0288407 0.0375245 0.0525397 0.0187085 0.050384 0.702515 0.00836949 0.00027552 0.0902879 0.00999484 0.000132519 
9.9639e-05 0.00170731 0.00861091 0.0635467 0.0360301 0.109331 0.399023 0.107777 6.066e-06 0.268916 0.00428433 0.000667912 
0.000158513 0.0139401 0.00894942 0.0214078 0.068475 0.0973318 0.668749 0.0143252 0.00750588 0.0552421 0.0433977 0.000517132 
4.10583e-05 0.0890398 0.0259884 0.0639715 0.114018 0.0328339 0.32343 0.0597757 0.0355915 0.0947838 0.159137 0.0013891 
5.70754e-05 0.0851555 0.0225446 0.0470251 0.106267 0.0351563 0.319022 0.0433385 0.119126 0.0614774 0.159586 0.00124475 
6.41901e-05 0.0113251 0.0204325 0.141542 0.0556409 0.0882139 0.364915 0.0984889 0.000803245 0.10774 0.103028 0.00780645 
0.000439431 0.0400929 0.021426 0.0462815 0.0939674 0.0816755 0.490544 0.0451215 0.0306797 0.132282 0.016706 0.000783406 
0.000880737 0.0187741 0.0361541 0.0754763 0.0486831 0.0523418 0.529498 0.0125863 0.0106158 0.202999 0.0103942 0.00159667 
0.000210421 0.0192235 0.0269914 0.0309455 0.0779813 0.103862 0.451245 0.0190634 0.000396137 0.261523 0.00811021 0.000448739 
2.26176e-05 0.00502758 0.0153247 0.0482512 0.0585532 0.208412 0.304089 0.103244 0.000765042 0.11675 0.00288392 0.136676 
0.000456826 0.00407029 0.0223582 0.0717788 0.139142 0.0921389 0.361712 0.0546932 2.42776e-05 0.235722 0.0177628 0.000140558 
5.16196e-06 0.00087071 0.0663598 0.0231748 0.0577444 0.0775001 0.557141 0.0257718 0.000914191 0.168648 0.0178271 0.00404344 
3.23801e-05 0.0299327 0.0272692 0.0184541 0.214797 0.161058 0.408719 0.0179176 0.00030823 0.0878069 0.0320207 0.00168431 
6.43866e-05 0.019617 0.0317666 0.137514 0.147615 0.0617709 0.327112 0.0651134 2.30888e-05 0.204514 0.00425815 0.000631944 
0.000427268 0.0288407 0.0375245 0.0525397 0.0187085 0.050384 0.702515 0.00836949 0.00027552 0.0902879 0.00999484 0.000132519 
0.00263178 0.00812084 0.0173589 0.0514678 0.066118 0.0759204 0.413953 0.035449 0.000295054 0.300618 0.0269873 0.00107999 
0.000529791 0.000884132 0.0146639 0.0832627 0.0270344 0.0267663 0.728444 0.0113961 6.55761e-06 0.0850823 0.0217133 0.000216348 
0.000335496 0.0160349 0.0707613 0.177406 0.0588997 0.212479 0.21448 0.0175339 1.23907e-05 0.201495 0.0287109 0.00185159 
9.65852e-05 0.0842132 0.0381538 0.0731317 0.054979 0.0326182 0.463749 0.0156312 0.00184977 0.227177 0.00797521 0.000424605 
0.00263178 0.00812084 0.0173589 0.0514678 0.066118 0.0759204 0.413953 0.035449 0.000295054 0.300618 0.0269873 0.00107999 
0.000256062 0.0219644 0.0780806 0.0764429 0.0422697 0.0669326 0.485653 0.0414851 0.000416157 0.175377 0.00955057 0.00157149 
0.000360956 0.0153639 0.0126644 0.0534158 0.0525998 0.116929 0.33941 0.102926 0.00238247 0.287337 0.0159979 0.000613397 
0.00106685 0.185063 0.0165329 0.103877 0.0597714 0.0200458 0.434812 0.0644428 0.00177963 0.10698 0.00496129 0.000665924 
0.000357451 0.0199383 0.050874 0.0525649 0.0583305 0.151217 0.309618 0.0466965 0.00261653 0.253462 0.0244202 0.0299045 
0.0012915 0.010757 0.0513876 0.0386401 0.0517896 0.151269 0.396676 0.0200853 0.000336443 0.248864 0.0267217 0.00218186 
0.000122755 0.0208808 0.0173213 0.0461686 0.117315 0.0595679 0.575961 0.0388567 0.000632578 0.109291 0.00814063 0.00574132 
0.000509189 0.0329772 0.0220411 0.145729 0.121482 0.0535295 0.273042 0.0952987 0.0253644 0.182427 0.0457499 0.0018499 
0.000162364 0.0115623 0.0177682 0.0641036 0.329422 0.034257 0.4071 0.00957063 0.000950182 0.115466 0.00870931 0.000928203 
0.000263953 0.0154609 0.0440465 0.0879956 0.051745 0.0746741 0.360825 0.0433043 0.00286512 0.299432 0.0187793 0.000607838 
0.0673975 0.0567354 0.0515039 0.074008 0.0552566 0.0737651 0.325781 0.0694118 0.00304641 0.182027 0.0401606 0.00090667 
0.000478638 0.0128211 0.0301395 0.0314415 0.0292757 0.110429 0.338322 0.132011 0.00318422 0.285925 0.0245953 0.00137742 
0.000423122 0.0505786 0.0160982 0.0521807 0.0935181 0.0457723 0.336484 0.0773428 0.00324656 0.29318 0.029018 0.00215794 
0.00218534 0.0227383 0.0503623 0.0477783 0.122725 0.0733586 0.276863 0.144929 0.000614925 0.241302 0.0137767 0.00336667 
2.6683e-06 0.0865732 0.0735815 0.0940887 0.0752957 0.235382 0.275665 0.0174174 0.00937523 0.109548 0.0131315 0.00993938 
7.50628e-05 0.0376865 0.0190859 0.172 0.078613 0.111597 0.360355 0.04822 0.00103323 0.167221 0.00380937 0.000304655 
0.00643278 0.105706 0.0256711 0.0986598 0.154964 0.0571922 0.229084 0.0860325 0.077938 0.141675 0.0107192 0.00592528 
0.000336227 0.126692 0.0978975 0.0521759 0.205919 0.0745638 0.232308 0.0399747 0.0137926 0.147763 0.00704032 0.00153652 
0.000129044 0.000738162 0.0151499 0.0183581 0.0285516 0.0983078 0.505949 0.0310309 1.19217e-05 0.248924 0.052755 9.49952e-05 
0.000232836 0.00891385 0.0592766 0.0254004 0.226943 0.0163619 0.505451 0.0035345 0.000167397 0.146924 0.0061188 0.000676089 
0.000201622 0.0649876 0.0316039 0.081064 0.0837928 0.0778159 0.405786 0.0999732 0.000841853 0.141442 0.0106699 0.00182104 
0.000235547 0.0359588 0.0213513 0.0329854 0.0502937 0.106167 0.504706 0.0164036 0.000853772 0.218446 0.00950929 0.00308925 
0.000139264 0.0342115 0.016458 0.039288 0.0628164 0.0726784 0.569567 0.0492871 0.000123244 0.13086 0.0240064 0.000564623 
0.000182727 0.0634227 0.021933 0.0782682 0.121847 0.0642769 0.324986 0.0623649 0.0220415 0.144371 0.0948155 0.00149073 
0.00042642 0.0476273 0.0637009 0.112652 0.0364812 0.0491856 0.555162 0.0254727 0.000349651 0.0956542 0.0129451 0.000342934 
0.000546482 0.0160289 0.0555163 0.0345047 0.163638 0.0845026 0.26598 0.0825683 0.0016009 0.265078 0.0260258 0.00401027 
0.000771948 0.0320981 0.0219698 0.0714141 0.0963968 0.0549076 0.43613 0.0678703 0.000774901 0.202877 0.0143182 0.000470817 
0.000361687 0.0298358 0.0269475 0.0735872 0.0691313 0.0433866 0.520351 0.0171006 0.027236 0.127831 0.0627439 0.00148759 
0.000183358 0.027901 0.0331895 0.0357836 0.0463727 0.0658201 0.356951 0.0728925 0.00142925 0.325596 0.0330194 0.000862048 
0.00036713 0.077564 0.0724468 0.171648 0.0672436 0.0335495 0.292183 0.0469968 0.0140075 0.214822 0.00740684 0.00176571 
0.00036959 0.0158174 0.0248137 0.0511518 0.102817 0.090428 0.328227 0.0403582 0.0020294 0.327368 0.0153128 0.00130731 
0.000496836 0.0253522 0.0246594 0.110225 0.0951059 0.0810187 0.271357 0.0980055 0.0104139 0.26617 0.0153511 0.00184477 
0.000262899 0.0305513 0.0236809 0.0542746 0.0977944 0.133203 0.384532 0.0520895 0.00165173 0.18433 0.0357054 0.00192433 
0.000427268 0.0288407 0.0375245 0.0525397 0.0187085 0.050384 0.702515 0.00836949 0.00027552 0.0902879 0.00999484 0.000132519 
0.000356202 0.0160986 0.0273298 0.0391467 0.0834441 0.0560358 0.385121 0.023194 0.0249813 0.329772 0.0136968 0.000823998 
0.000644558 0.0342266 0.0295911 0.0972967 0.0362354 0.0565728 0.618 0.0358678 0.0005064 0.0839808 0.00694315 0.000134951 
0.000273581 0.00731637 0.0350961 0.125853 0.0305615 0.0991057 0.384837 0.0317156 0.00582615 0.132283 0.146944 0.000188607 
0.00136414 0.0294777 0.0577221 0.0649771 0.116665 0.145574 0.307509 0.0314182 0.00568937 0.229152 0.00807831 0.00237348 
0.00341996 0.0599263 0.00679575 0.19278 0.179459 0.0337599 0.331744 0.027834 0.00534467 0.14708 0.0113249 0.000530159 
0.000418076 0.0335877 0.0275599 0.0585312 0.132981 0.0857114 0.293858 0.0858488 0.00751797 0.264166 0.00870285 0.00111793 
0.000292013 0.0430745 0.0795557 0.0494654 0.087998 0.193695 0.264392 0.0661638 0.00536697 0.138221 0.0708057 0.000968766 
0.00186843 0.0339039 0.0203966 0.0634474 0.142173 0.0570704 0.352295 0.0579815 0.0612292 0.202208 0.00698108 0.000445953 
0.000357843 0.0160024 0.0234494 0.0346487 0.0323305 0.0963977 0.31851 0.108781 0.0149278 0.27165 0.0815289 0.00141708 
0.000355533 0.0191035 0.0602618 0.0650809 0.0358965 0.266739 0.332211 0.0323925 0.00399154 0.160828 0.0225864 0.000553168 
0.000427268 0.0288407 0.0375245 0.0525397 0.0187085 0.050384 0.702515 0.00836949 0.00027552 0.0902879 0.00999484 0.000132519 
0.00104624 0.005996 0.0457222 0.0465001 0.016907 0.0474338 0.280437 0.116897 0.00384034 0.241575 0.19325 0.000394424 
0.000757496 0.0229359 0.0103445 0.103772 0.0717681 0.0354444 0.58335 0.0567066 3.56195e-05 0.112407 0.00150534 0.00097308 
0.000156925 0.0164759 0.0253069 0.0653592 0.0532633 0.0389891 0.613577 0.0299602 0.00236825 0.12805 0.0259781 0.000514697 
0.000221671 0.0174039 0.0719633 0.064154 0.078568 0.108615 0.361408 0.0539327 0.00800665 0.223036 0.0112682 0.00142186 
0.000297457 0.154997 0.0290977 0.0910619 0.121926 0.0600234 0.282421 0.049706 0.00643944 0.191434 0.0115358 0.00106003 
0.000664413 0.0458219 0.0317796 0.133262 0.0309031 0.0315445 0.509145 0.0369721 0.0185448 0.145491 0.0151536 0.000717443 
0.000802263 0.0103852 0.0367686 0.169082 0.0808218 0.222957 0.255267 0.0882081 0.00133689 0.0954259 0.0107027 0.0282425 
0.00263178 0.00812084 0.0173589 0.0514678 0.066118 0.0759204 0.413953 0.035449 0.000295054 0.300618 0.0269873 0.00107999 
0.0030958 0.00753674 0.0193949 0.033503 0.163011 0.110161 0.383164 0.0152503 0.000134294 0.256822 0.00774037 0.000186675 
0.00056002 0.0104794 0.0936564 0.0862622 0.184625 0.141931 0.305921 0.00636254 0.000215409 0.123817 0.0458399 0.000329727 
0.000261453 0.0164672 0.028683 0.0335372 0.0145857 0.0474836 0.742758 0.0309406 0.000391488 0.071545 0.013149 0.000197967 
0.000460121 0.0112587 0.025305 0.0120883 0.044642 0.0608722 0.521926 0.0704401 0.000666125 0.239142 0.0125658 0.000633083 
0.000205008 0.0441604 0.0184878 0.154844 0.0615788 0.0818744 0.344289 0.0495171 0.00206782 0.230429 0.0100692 0.00247771 
0.000769975 0.0395723 0.100431 0.0670047 0.0534966 0.218566 0.371253 0.0722732 3.17085e-05 0.0649721 0.0112986 0.000330658 
0.0234236 0.00389871 0.0259103 0.0551033 0.285649 0.0628492 0.300092 0.0129394 0.00328323 0.211103 0.0142127 0.00153533 
0.00030761 0.0140211 0.0168672 0.0577432 0.0284143 0.0424314 0.741503 0.0159314 2.67228e-05 0.0699686 0.0126366 0.00014855 
0.000375554 0.0560975 0.0462522 0.0504821 0.0367032 0.0327897 0.567198 0.0848587 0.0030373 0.101635 0.0194603 0.0011103 
0.000491276 0.0531926 0.0275437 0.118988 0.0217091 0.0234189 0.632634 0.013386 0.000516476 0.100003 0.00757574 0.000540425 
0.00021231 0.0164023 0.0336317 0.0880467 0.0522387 0.0902975 0.38297 0.0410813 0.000362136 0.205686 0.0889308 0.000140725 
0.000204882 0.0722818 0.0257077 0.0328762 0.0861401 0.0558781 0.30575 0.283049 0.00745948 0.111727 0.0120105 0.00691485 
0.000381179 0.0168724 0.0324629 0.0347735 0.0299504 0.0711238 0.433328 0.0635858 0.0013757 0.298337 0.0171977 0.000610906 
0.000113793 0.000676045 0.028505 0.0476389 0.00762923 0.0626541 0.380473 0.0759456 0.000277498 0.229552 0.164624 0.0019108 
0.000113793 0.000676045 0.028505 0.0476389 0.00762923 0.0626541 0.380473 0.0759456 0.000277498 0.229552 0.164624 0.0019108 
0.000356202 0.0160986 0.0273298 0.0391467 0.0834441 0.0560358 0.385121 0.023194 0.0249813 0.329772 0.0136968 0.000823998 
0.000417221 0.00826686 0.0356345 0.0626233 0.035299 0.0963948 0.315136 0.103273 0.000209613 0.183109 0.156272 0.00336557 
0.000919476 0.0643009 0.0141158 0.0510897 0.138709 0.0455165 0.298862 0.0713964 0.0224911 0.285403 0.00491222 0.00228446 
0.0012105 0.0144157 0.010276 0.0540688 0.261964 0.0633038 0.449664 0.0132277 0.000140784 0.127202 0.00427655 0.000250286 
3.43123e-05 0.0562411 0.0273862 0.08791 0.0699468 0.102646 0.367775 0.0652204 0.00502812 0.187489 0.028338 0.00198512 
0.000265837 0.00686994 0.027969 0.0395587 0.0251211 0.0305596 0.791431 0.00974545 0.000404059 0.0578667 0.0100103 0.000198021 
0.000850155 0.00465556 0.0253527 0.0296094 0.0498476 0.0514628 0.581086 0.0218465 7.77128e-05 0.218732 0.0160555 0.00042388 
0.000232667 0.00678538 0.0322992 0.0213983 0.0293004 0.0669381 0.655062 0.0187753 0.0108135 0.140837 0.0167007 0.00085797 
0.000171883 0.0163229 0.0204284 0.0381292 0.0467613 0.208416 0.31317 0.0914014 0.0013875 0.152869 0.109243 0.00169927 
0.000381179 0.0168724 0.0324629 0.0347735 0.0299504 0.0711238 0.433328 0.0635858 0.0013757 0.298337 0.0171977 0.000610906 
0.000717727 0.017238 0.0169172 0.0262671 0.169942 0.0495197 0.574064 0.0179563 0.000270339 0.117328 0.00945366 0.000325987 
0.000111803 0.00204144 0.0362382 0.0462743 0.0136868 0.0780542 0.353385 0.0783896 0.000265126 0.197099 0.194409 4.48286e-05 
0.000205704 0.000597858 0.0317296 0.0332032 0.024527 0.0926698 0.393937 0.0668721 0.00018911 0.208699 0.144872 0.00249796 
0.00025386 0.0132074 0.0334893 0.0731348 0.0820864 0.0858767 0.582416 0.0121767 0.000133799 0.060044 0.0568832 0.000298139 
0.000166928 0.0234498 0.0529803 0.0752124 0.0754225 0.0813994 0.394973 0.0433872 0.000923469 0.203823 0.0341711 0.0140904 
0.000656 0.00552714 0.0207352 0.101679 0.0495609 0.0620176 0.34763 0.0746021 0.0115694 0.157588 0.167943 0.000492126 
0.000104898 0.0160844 0.0317474 0.103902 0.124804 0.0997991 0.439523 0.036346 0.000922084 0.120402 0.025543 0.000821393 
0.000155119 0.196642 0.0724584 0.0609104 0.0736249 0.114281 0.215139 0.148297 0.0100561 0.0994726 0.00749455 0.00146903 
1.61769e-05 0.290739 0.00377966 0.135149 0.0664985 0.0284916 0.337206 0.0348038 0.0123106 0.085259 0.0054885 0.00025815 
9.76431e-05 0.0116674 0.00431746 0.0473785 0.139063 0.163508 0.375072 0.0361846 1.30577e-05 0.186035 0.0361951 0.000468377 
0.00022477 0.0126798 0.0428233 0.0624869 0.159342 0.119662 0.386742 0.031321 0.000165973 0.168473 0.0144581 0.00162152 
5.63748e-05 0.220328 0.0516924 0.0628686 0.0423068 0.0587687 0.274933 0.0579234 0.0299164 0.182828 0.0171912 0.00118739 
0.000147312 0.00657825 0.0247341 0.048479 0.101391 0.120316 0.503715 0.0220123 0.00777543 0.143237 0.0195915 0.0020238 
0.000349742 0.0146154 0.0284035 0.0286685 0.199873 0.0592183 0.32345 0.0553063 0.00437019 0.275449 0.00909157 0.00120353 
0.000851757 0.00701107 0.0280903 0.170983 0.0940031 0.0673503 0.301362 0.0523319 2.0284e-05 0.263115 0.0146124 0.000269626 
0.000152858 0.0458798 0.0140274 0.0452554 0.0301886 0.0366568 0.718529 0.0126419 0.000428552 0.0897693 0.00596823 0.000502123 
0.000343827 0.00271654 0.00546507 0.291673 0.140297 0.111879 0.321956 0.00505478 3.39704e-06 0.117042 0.00322327 0.000346384 
0.00204337 0.0297422 0.0397425 0.0370539 0.0457127 0.0794673 0.295033 0.216616 0.000772385 0.233729 0.0195434 0.000545145 
0.000281987 0.214895 0.0414333 0.0315303 0.049275 0.0449974 0.421538 0.0432203 0.0112614 0.0985916 0.0411915 0.00178373 
5.23567e-05 0.0653268 0.0523294 0.222305 0.118305 0.0580374 0.267253 0.00783575 0.00492831 0.171715 0.0295654 0.00234585 
0.000338301 0.0492805 0.0658576 0.0281929 0.0289569 0.0254287 0.693371 0.00875639 0.000343002 0.0869878 0.0120386 0.000448245 
0.000256331 0.0260659 0.0411124 0.100442 0.0304901 0.0208189 0.598386 0.036008 0.0055814 0.130175 0.0104907 0.000173473 
3.89071e-05 0.00983373 0.044546 0.0366705 0.010959 0.0540344 0.769336 0.0103712 2.30602e-05 0.0325139 0.0315592 0.000113807 
0.000221043 0.0457038 0.0160738 0.095374 0.0705968 0.0454271 0.385728 0.0547655 0.00175792 0.277325 0.00598482 0.00104188 
0.000112382 0.0300187 0.0298908 0.124556 0.0417767 0.0732403 0.480679 0.0173549 0.0045164 0.173545 0.0231905 0.00111922 
0.000369422 0.00829544 0.032059 0.0364703 0.023854 0.0434976 0.756262 0.00903707 0.0152409 0.0580108 0.0164745 0.000428645 
0.000421357 0.0353868 0.0319916 0.0434289 0.0155854 0.0408086 0.525883 0.0416697 0.000505942 0.245336 0.018851 0.000131339 
0.00204901 0.031751 0.0435754 0.10312 0.0750987 0.170831 0.296222 0.0870991 0.00346222 0.162901 0.0210098 0.00288043 
0.000495639 0.0538859 0.0227262 0.0828425 0.0731983 0.052381 0.324934 0.0672469 0.025216 0.246255 0.049653 0.00116557 
0.000859288 0.0388571 0.0501394 0.072547 0.0842277 0.132245 0.276561 0.0770171 0.00802811 0.235885 0.0213282 0.00230538 
0.000953987 0.00510305 0.0109453 0.0476148 0.108671 0.22891 0.430231 0.0067726 0.00996723 0.0942886 0.0219566 0.0345852 
0.000574511 0.0159916 0.0292292 0.0620798 0.169642 0.129976 0.257984 0.04425 0.0253215 0.210773 0.0538098 0.000367195 
0.00140213 0.0275316 0.00815823 0.085656 0.132067 0.101779 0.433018 0.0447879 0.0309128 0.130279 0.00352452 0.000884284 
0.000106142 0.0421243 0.0180055 0.0527888 0.211388 0.142894 0.308356 0.0369311 0.000151093 0.1758 0.00581732 0.00563741 
6.75426e-05 0.0016697 0.0401087 0.0348278 0.0842859 0.197142 0.364095 0.0268012 5.49911e-05 0.240185 0.00955699 0.00120457 
4.71582e-05 0.0831717 0.066733 0.0344012 0.0789962 0.0993168 0.207081 0.130777 0.000974954 0.159671 0.138613 0.0002163 
0.000148584 0.019519 0.0200759 0.147088 0.0481358 0.0434889 0.363492 0.0297042 0.00278945 0.272707 0.0505557 0.00229518 
0.000113793 0.000676045 0.028505 0.0476389 0.00762923 0.0626541 0.380473 0.0759456 0.000277498 0.229552 0.164624 0.0019108 
0.000265837 0.00686994 0.027969 0.0395587 0.0251211 0.0305596 0.791431 0.00974545 0.000404059 0.0578667 0.0100103 0.000198021 
0.000115186 0.00023189 0.0297303 0.00558437 0.163365 0.0889434 0.333916 0.0443161 0.0001288 0.320111 0.00770504 0.00585288 
0.000346856 0.0519684 0.0353394 0.0310532 0.0656848 0.189611 0.372027 0.104415 0.000157054 0.123499 0.0251828 0.000715509 
0.00263178 0.00812084 0.0173589 0.0514678 0.066118 0.0759204 0.413953 0.035449 0.000295054 0.300618 0.0269873 0.00107999 
0.00048152 0.00676606 0.0187725 0.131839 0.0575234 0.143505 0.468185 0.0219488 0.00154706 0.144911 0.00366293 0.000857678 
0.00014426 0.0128013 0.0243486 0.0314605 0.040655 0.0318389 0.802468 0.00946318 3.32356e-05 0.028415 0.0182145 0.000157227 
0.00021698 0.000292586 0.0164073 0.0110674 0.0312582 0.0657584 0.677853 0.0110594 4.67891e-06 0.169688 0.0144719 0.00192297 
0.000225401 0.108036 0.0689629 0.0788223 0.0353415 0.12268 0.431207 0.0201798 0.00976966 0.0904079 0.0332703 0.00109779 
0.00053552 0.0485749 0.0212094 0.0307115 0.0732802 0.0892909 0.362801 0.068808 0.0047601 0.284368 0.0136358 0.00202449 
0.000460399 0.0159128 0.0334323 0.0764297 0.0381439 0.0624922 0.572591 0.053147 0.00307793 0.104847 0.0391848 0.000280993 
0.000139342 0.0136228 0.0223845 0.0383006 0.0821444 0.0972357 0.352641 0.0588765 0.0019422 0.294316 0.0370202 0.00137679 
0.000213602 0.00281568 0.0287313 0.0264135 0.0150568 0.0395565 0.800839 0.00586056 6.39963e-06 0.0641435 0.0161112 0.000252085 
0.00263178 0.00812084 0.0173589 0.0514678 0.066118 0.0759204 0.413953 0.035449 0.000295054 0.300618 0.0269873 0.00107999 
3.99717e-06 0.00775156 0.0196074 0.0258494 0.0126269 0.0294268 0.850132 0.00497397 5.95918e-06 0.0388164 0.0106916 0.000113882 
3.52404e-05 0.0428924 0.00955906 0.0446025 0.0578529 0.186568 0.347992 0.182755 2.41679e-05 0.120132 0.0070364 0.0005504 
0.000166168 0.031043 0.0307106 0.0846868 0.0441058 0.134901 0.400111 0.0894832 0.000557819 0.156913 0.0250863 0.0022357 
0.00056002 0.0104794 0.0936564 0.0862622 0.184625 0.141931 0.305921 0.00636254 0.000215409 0.123817 0.0458399 0.000329727 
0.000980944 0.0341665 0.0281088 0.0568345 0.22419 0.115583 0.244786 0.0393798 0.00882442 0.212403 0.0205549 0.0141875 
0.00021029 0.0180729 0.0563886 0.144126 0.0557968 0.0788092 0.432438 0.0210059 0.00280662 0.163557 0.0253964 0.00139269 
7.23302e-05 0.0136313 0.0072596 0.0373124 0.0583141 0.113759 0.389834 0.0645374 0.00698965 0.299703 0.00708206 0.00150472 
0.000277963 0.058373 0.0428777 0.0778852 0.123434 0.09586 0.324439 0.0741569 0.0129059 0.100805 0.0864798 0.00250617 
0.000333885 0.0267334 0.0454135 0.133883 0.095432 0.07796 0.325768 0.0394726 0.00460601 0.203197 0.0377975 0.00940317 
0.000677641 0.212359 0.0205005 0.0315388 0.161433 0.0398723 0.268952 0.0881627 0.00546673 0.128203 0.00603267 0.0368025 
0.000750363 0.00810954 0.0335909 0.0355875 0.0268679 0.104357 0.358964 0.0635109 0.000315858 0.35407 0.0128763 0.0009993 
0.000263871 0.0107811 0.0280946 0.139321 0.0420791 0.0345535 0.526807 0.010736 0.000397743 0.184368 0.0208906 0.00170681 
1.36057e-05 0.235168 0.00317238 0.108632 0.117327 0.0108699 0.334701 0.00791833 0.129802 0.0400505 0.00718756 0.0051576 
0.000413427 0.0306653 0.0197183 0.0835622 0.148771 0.112806 0.355914 0.0771581 0.00141483 0.133082 0.00664245 0.0298527 
0.000114361 0.0286823 0.0221736 0.063178 0.0966668 0.0742567 0.491676 0.049704 0.00115926 0.161182 0.00709496 0.00411157 
4.91848e-06 0.00458786 0.0245089 0.0323114 0.0136295 0.0254339 0.831717 0.0057721 7.44259e-06 0.0485203 0.0133642 0.000142268 
0.00069059 0.00646923 0.0199698 0.0341089 0.0207551 0.030959 0.425105 0.0394776 0.000120144 0.151779 0.270115 0.000451135 
0.00064894 0.0448024 0.0129053 0.067387 0.0550555 0.0831302 0.363119 0.231875 0.00012744 0.137701 0.00211735 0.00113079 
0.000835044 0.0311282 0.0166451 0.0452531 0.0749097 0.0919595 0.436466 0.0615374 0.00136833 0.228988 0.0101517 0.000758256 
0.000156815 0.0208635 0.0330733 0.0812995 0.0964814 0.100092 0.36809 0.0540025 0.00994522 0.207039 0.0277207 0.00123664 
0.000759851 0.0269695 0.0626616 0.0866976 0.088426 0.0960848 0.351334 0.0753755 0.00922315 0.166758 0.0345187 0.00119193 
0.000324376 0.0449635 0.0446367 0.0723931 0.0555955 0.0761318 0.504985 0.0160158 0.0205641 0.114532 0.0480703 0.00178745 
0.000591652 0.0228013 0.0292761 0.0289718 0.0526764 0.078438 0.483081 0.0530049 0.00592646 0.231704 0.0129575 0.000571053 
0.000155908 0.00453427 0.0324188 0.0802865 0.147051 0.0929046 0.447855 0.0284755 0.000247279 0.135469 0.0291279 0.00147466 
0.000368154 0.0402131 0.0281324 0.0836049 0.0683434 0.0477152 0.480881 0.050615 0.000376071 0.18881 0.0104599 0.000480845 
0.000646505 0.0709905 0.0166774 0.222878 0.145455 0.0493606 0.298303 0.0373432 0.0058015 0.143412 0.00642259 0.00271083 
0.000381179 0.0168724 0.0324629 0.0347735 0.0299504 0.0711238 0.433328 0.0635858 0.0013757 0.298337 0.0171977 0.000610906 
0.000642567 0.0564845 0.0247329 0.0482047 0.0456106 0.042322 0.682436 0.0167743 0.000388747 0.0782295 0.00353353 0.000640098 
0.00277082 0.0163804 0.00694829 0.0717894 0.206898 0.0511002 0.405359 0.078441 0.000115545 0.147666 0.0121735 0.000357713 
0.000232725 0.0790833 0.0563323 0.0183977 0.0390652 0.130127 0.409419 0.0356888 0.000296585 0.105273 0.125055 0.00103015 
0.000381179 0.0168724 0.0324629 0.0347735 0.0299504 0.0711238 0.433328 0.0635858 0.0013757 0.298337 0.0171977 0.000610906 
0.000143641 0.0449543 0.0196154 0.0647092 0.058079 0.0766496 0.39777 0.0757424 0.00180528 0.244084 0.00943902 0.00700791 
8.50758e-05 0.106366 0.0250856 0.21872 0.172066 0.0267479 0.298431 0.0158738 0.0148259 0.116405 0.00329723 0.00209718 
1.57989e-05 0.00618959 0.00624991 0.0069606 0.161688 0.143574 0.501402 0.0300516 1.59718e-05 0.13201 0.0113544 0.000488563 
0.000545954 0.00649729 0.0232052 0.0514813 0.0189925 0.054532 0.263803 0.164676 0.00186402 0.25309 0.161211 0.000101483 
0.000410602 0.0149081 0.00928732 0.135516 0.107899 0.0395853 0.403551 0.0114281 0.131545 0.116079 0.00374638 0.0260449 
0.000397291 0.0122866 0.0303277 0.0538104 0.111579 0.156027 0.371686 0.0352501 0.00913366 0.159778 0.0589668 0.000757441 
0.000119548 0.195878 0.0839799 0.0587904 0.0533805 0.07049 0.314019 0.0949454 0.00180584 0.121363 0.00446942 0.000759511 
0.000391793 0.0222188 0.0390988 0.0638104 0.103356 0.124643 0.372408 0.0250277 0.00271714 0.171139 0.0701196 0.00506915 
0.00039511 0.0439813 0.0240646 0.0561907 0.0894331 0.0591079 0.422191 0.0531539 0.00680658 0.221505 0.0216676 0.00150333 
0.000265837 0.00686994 0.027969 0.0395587 0.0251211 0.0305596 0.791431 0.00974545 0.000404059 0.0578667 0.0100103 0.000198021 
0.00767337 0.0059593 0.087598 0.160291 0.0273207 0.171751 0.270526 0.0411301 0.00264529 0.200326 0.0246163 0.000162861 
0.00038168 0.013266 0.024543 0.217542 0.162858 0.106515 0.349231 0.0233887 0.000863959 0.0744876 0.0258187 0.00110325 
1.7157e-05 0.0332328 0.0269472 0.0590517 0.0563648 0.0693227 0.595081 0.0119813 0.0109039 0.0858387 0.0498695 0.00138877 
0.00037787 0.0214547 0.0523833 0.0380084 0.0879726 0.127558 0.291358 0.0777647 0.00490433 0.280368 0.0162567 0.00159292 
7.27022e-05 0.0262457 0.0223199 0.0280448 0.140165 0.0724722 0.352764 0.057192 0.00324403 0.271913 0.0252462 0.000319528 
0.00147652 0.170203 0.0326601 0.0457367 0.0478139 0.133497 0.267042 0.163077 0.00145695 0.119519 0.0171595 0.000359383 
0.0320259 0.012412 0.0105362 0.0320976 0.049918 0.0780434 0.382755 0.0494739 0.00140551 0.172784 0.177018 0.00153077 
0.000400463 0.00771156 0.0170736 0.0708888 0.0513094 0.074681 0.369284 0.0660276 0.00288043 0.307804 0.0311615 0.000777208 
0.00072815 0.00696095 0.0680633 0.151925 0.183402 0.090147 0.313986 0.0342847 0.000335699 0.125302 0.0237789 0.00108679 
0.0010464 0.112153 0.0244208 0.0754116 0.114255 0.048763 0.401044 0.0627297 0.0033484 0.148507 0.00748542 0.000836064 
2.55181e-05 0.0288396 0.0235076 0.0553002 0.0471366 0.160105 0.533145 0.0287314 0.0123646 0.0636552 0.0373906 0.00979911 
0.000246891 0.0188587 0.0249407 0.147009 0.086082 0.089011 0.288046 0.0834635 0.00260186 0.236764 0.0211348 0.0018414 
0.000359331 0.00732561 0.0919696 0.0457085 0.0640565 0.0950152 0.424846 0.052833 0.000140581 0.203873 0.0112332 0.00264022 
0.00066923 0.0402281 0.0292941 0.10964 0.043178 0.019815 0.666091 0.0166182 0.000411837 0.0682588 0.00529622 0.000499829 
6.22759e-05 0.0278595 0.109907 0.0732842 0.121104 0.0979176 0.444843 0.0192127 6.47161e-06 0.0912618 0.0123017 0.0022397 
0.000175205 0.0459779 0.0245508 0.0881861 0.0713328 0.0860962 0.3768 0.0698931 0.0187646 0.182805 0.0281815 0.00723664 
0.000209673 0.0330798 0.0110929 0.0387545 0.0711382 0.0651738 0.497853 0.0556901 0.000318675 0.219484 0.00650441 0.000700837 
0.000378067 0.033187 0.0156569 0.0502972 0.0450271 0.0872694 0.309953 0.119456 0.00026013 0.306784 0.0299283 0.00180265 
0.00112558 0.00373757 0.0978748 0.0480205 0.0670811 0.06328 0.573398 0.0108483 0.000681595 0.0762738 0.0575931 8.57192e-05 
0.000232797 0.0435435 0.0145237 0.139393 0.0388182 0.0740073 0.566388 0.0229151 0.000829947 0.0923051 0.00645354 0.000589387 
0.000367785 0.0228478 0.0437247 0.0496314 0.0517632 0.154668 0.27344 0.175323 0.000694885 0.197973 0.0288811 0.000684204 
0.000134565 0.00857103 0.0236053 0.0343101 0.021468 0.0569619 0.414102 0.0550065 5.51539e-05 0.205578 0.17976 0.000447077 
0.000158771 0.0600652 0.022626 0.0513304 0.049296 0.0710721 0.481566 0.111645 0.00110676 0.131087 0.0194391 0.00060807 
0.000716467 0.0485436 0.0271249 0.0330135 0.0355848 0.0497438 0.48301 0.0713531 0.00118863 0.202411 0.0465487 0.000761521 
6.61763e-05 0.012996 0.0190093 0.0305389 0.12129 0.123083 0.506033 0.0338168 0.00045779 0.119341 0.0260191 0.00734944 
0.000356202 0.0160986 0.0273298 0.0391467 0.0834441 0.0560358 0.385121 0.023194 0.0249813 0.329772 0.0136968 0.000823998 
0.00579364 0.00342817 0.0770521 0.169876 0.0233636 0.177249 0.282729 0.0383651 0.000276156 0.196174 0.025618 7.60091e-05 
0.000298585 0.0288607 0.0190105 0.254947 0.0382878 0.0464717 0.27936 0.0460915 0.00373322 0.266831 0.015294 0.000813409 
0.000327072 0.00842271 0.0284966 0.0667557 0.038391 0.0433785 0.458246 0.0490885 0.000181216 0.296999 0.00932161 0.000392114 
0.000252417 0.0256033 0.0422486 0.0459477 0.0547107 0.07744 0.592281 0.0178139 0.00122466 0.106987 0.03537 0.000120953 
0.000189332 0.0396448 0.00942655 0.159652 0.017167 0.0373079 0.502535 0.0903864 0.000530339 0.124847 0.0179289 0.000384505 
7.27975e-05 0.0038611 0.0180129 0.00491276 0.0170171 0.0414741 0.714848 0.0272597 1.57333e-06 0.167414 0.00429851 0.000828077 
0.000508955 0.0335454 0.00631116 0.0777687 0.0199656 0.0952782 0.597449 0.044333 5.49547e-05 0.114962 0.00978479 3.74548e-05 
0.000335496 0.0160349 0.0707613 0.177406 0.0588997 0.212479 0.21448 0.0175339 1.23907e-05 0.201495 0.0287109 0.00185159 
0.000918064 0.0707959 0.038512 0.0968043 0.0725158 0.0383151 0.363208 0.0445833 0.00629043 0.248947 0.0170668 0.0020435 
8.70533e-05 0.0393239 0.0174883 0.180127 0.175048 0.055899 0.333022 0.0262481 0.00238158 0.158445 0.00791708 0.00401241 
0.00171206 0.0881571 0.0679945 0.0996848 0.0779736 0.0346457 0.426346 0.0402987 0.000974378 0.157269 0.00424405 0.000700035 
0.000709623 0.00932218 0.0126382 0.0280621 0.0254784 0.0665905 0.389096 0.0953467 0.004057 0.354761 0.0125615 0.00137696 
0.000763865 0.0390031 0.0264061 0.160774 0.105474 0.0986872 0.282407 0.0759191 0.00686587 0.1784 0.0222261 0.00307388 
0.000428804 0.0635269 0.0359171 0.127723 0.117733 0.0278884 0.372681 0.0156702 0.0535158 0.180119 0.0035546 0.00124238 
0.000439362 0.0129561 0.0408144 0.0564402 0.078968 0.0976862 0.374879 0.0546234 0.000305127 0.242926 0.0122715 0.0276916 
0.000369363 0.0152246 0.0593284 0.0406308 0.0157628 0.0625944 0.714795 0.0148762 0.000428769 0.0452468 0.0305052 0.000237539 
0.00064894 0.0448024 0.0129053 0.067387 0.0550555 0.0831302 0.363119 0.231875 0.00012744 0.137701 0.00211735 0.00113079 
0.000344887 0.0117798 0.0704238 0.0293283 0.0151421 0.0841038 0.718079 0.00736297 0.00033497 0.0369782 0.0258843 0.000237552 
5.04716e-05 0.0104869 0.149177 0.00788584 0.177452 0.172441 0.367534 0.0127927 0.00248701 0.0981411 0.0013365 0.000215066 
0.000407469 0.0226544 0.0549253 0.0983869 0.0683908 0.0564745 0.495363 0.0339118 0.00562303 0.144735 0.0185875 0.000539964 
0.00052614 0.0120303 0.0285336 0.146349 0.10074 0.129211 0.357175 0.0223598 0.00301697 0.1864 0.0130129 0.000645297 
0.000979748 0.0161067 0.0209346 0.158392 0.0594345 0.0660545 0.459248 0.05105 5.03746e-05 0.162343 0.00453134 0.000874789 
6.37153e-05 0.00298267 0.0239684 0.017173 0.116906 0.214266 0.429896 0.00834516 1.15255e-05 0.139375 0.011615 0.0353967 
0.000891171 0.114769 0.0235089 0.123305 0.068381 0.0845794 0.254141 0.0696953 0.00742534 0.243123 0.00873806 0.00144312 
0.000113793 0.000676045 0.028505 0.0476389 0.00762923 0.0626541 0.380473 0.0759456 0.000277498 0.229552 0.164624 0.0019108 
0.000499119 0.0327418 0.019021 0.21231 0.154786 0.0607957 0.251156 0.0325429 0.00176223 0.227011 0.00617955 0.00119492 
2.47087e-06 0.144969 0.0826547 0.0486669 0.0650352 0.0205897 0.382101 0.0259984 0.0360276 0.0739458 0.119259 0.000750597 
0.00069059 0.00646923 0.0199698 0.0341089 0.0207551 0.030959 0.425105 0.0394776 0.000120144 0.151779 0.270115 0.000451135 
8.22557e-05 0.0190808 0.00617482 0.111089 0.0878451 0.065351 0.458548 0.0537009 2.32601e-05 0.187497 0.00871807 0.00188987 
0.000139147 0.000238564 0.030666 0.0146194 0.0998771 0.173926 0.40904 0.0331297 1.71177e-05 0.143498 0.0943391 0.000510672 
0.00197342 0.142233 0.028245 0.131692 0.0610063 0.028566 0.415709 0.0445065 0.00630195 0.136566 0.00213908 0.00106162 
2.42528e-05 0.0354066 0.0202292 0.0484763 0.211382 0.086762 0.359945 0.0519225 0.0139944 0.136601 0.0342366 0.0010205 
0.000598325 0.0355994 0.0208067 0.0618269 0.122437 0.0493397 0.321378 0.0576291 0.00275312 0.315553 0.00664718 0.00543106 
0.000153859 0.0334646 0.0254553 0.0651 0.113707 0.0897445 0.222669 0.199055 0.005686 0.212006 0.0286319 0.00432636 
0.000288138 0.0195217 0.0288853 0.0850751 0.0838734 0.125497 0.277301 0.103762 0.00104886 0.180371 0.0930054 0.00137068 
0.000382829 0.0280165 0.0341358 0.0369712 0.119143 0.0926421 0.501452 0.0178681 0.000299419 0.159409 0.0087077 0.000972175 
0.00016215 0.034328 0.0113444 0.168185 0.0707468 0.0363784 0.410046 0.046093 0.0101937 0.189409 0.022701 0.000413191 
1.5547e-05 0.0163489 0.0206499 0.0732293 0.0597696 0.0564387 0.440364 0.0115315 0.00745954 0.304563 0.00756975 0.0020602 
0.000147921 0.0103322 0.0407023 0.0440025 0.0201992 0.0930623 0.663731 0.0115553 1.82935e-05 0.082698 0.0330341 0.000516928 
2.97928e-05 0.0591333 0.0571989 0.0133695 0.0645137 0.205821 0.237617 0.207216 0.00833925 0.137355 0.00866306 0.000743963 
0.000139147 0.000238564 0.030666 0.0146194 0.0998771 0.173926 0.40904 0.0331297 1.71177e-05 0.143498 0.0943391 0.000510672 
0.000339387 0.0339789 0.0110421 0.141585 0.0866919 0.104434 0.464911 0.0554768 0.0015108 0.0942988 0.00439684 0.0013337 
0.000177235 0.0527295 0.0464152 0.0974721 0.0527139 0.0661294 0.407853 0.0702135 0.0129163 0.103585 0.0896262 0.000169164 
0.00236112 0.0251536 0.0114302 0.0662456 0.0792132 0.0446293 0.609206 0.0357175 0.000394231 0.11835 0.00639366 0.000905829 
6.60681e-05 0.00868595 0.0176698 0.0389054 0.164502 0.0451702 0.586379 0.0166083 0.000673944 0.10848 0.00861353 0.00424611 
0.00083402 0.0252409 0.0194948 0.224601 0.12255 0.0509767 0.243021 0.0887683 0.000374478 0.215799 0.00777334 0.000565867 
0.00098912 0.044056 0.0193384 0.052324 0.14891 0.105213 0.42187 0.028877 0.000251054 0.0657866 0.0326191 0.079765 
8.05957e-05 0.00467419 0.0368396 0.0285103 0.117365 0.249847 0.35205 0.0178291 0.0229691 0.117132 0.0489923 0.00371065 
0.000260718 0.00387951 0.0207267 0.0375545 0.0737033 0.117448 0.398506 0.061754 0.000157538 0.243376 0.0421987 0.000435207 
5.32776e-05 0.26236 0.034192 0.0803025 0.133048 0.0332849 0.317812 0.0284097 0.0107247 0.0966461 0.00228292 0.000883672 
0.000594535 0.0243371 0.022721 0.0846235 0.0400613 0.056486 0.628911 0.0304742 0.00112527 0.0976203 0.0107597 0.00228586 
0.000525541 0.00751587 0.043801 0.0823512 0.0483758 0.111872 0.330756 0.0629503 0.0034011 0.250127 0.0574443 0.000880555 
0.000200628 0.0272918 0.0194528 0.0709 0.0790055 0.0826553 0.47936 0.0482538 0.00548134 0.174103 0.0121176 0.00117794 
0.000126153 0.0231694 0.0428843 0.0471543 0.104702 0.108698 0.414459 0.160033 8.51781e-05 0.0763433 0.021225 0.00112131 
0.000138272 0.134988 0.00852132 0.0556626 0.0569021 0.0432801 0.579188 0.0254982 0.00227377 0.0863618 0.00681112 0.000375173 
0.000106065 0.139386 0.00767634 0.0417622 0.173312 0.154756 0.399448 0.00831935 0.00051103 0.069399 0.00490564 0.000419041 
0.000642567 0.0564845 0.0247329 0.0482047 0.0456106 0.042322 0.682436 0.0167743 0.000388747 0.0782295 0.00353353 0.000640098 
0.000119137 0.0346082 0.0239541 0.0494177 0.107362 0.0716965 0.349376 0.0559906 0.00447252 0.265332 0.0320279 0.00564365 
0.000126977 0.0178525 0.0166015 0.0534699 0.232016 0.0242074 0.566704 0.00658409 4.18895e-05 0.0751429 0.00708924 0.00016309 
0.000108992 0.149045 0.0489236 0.0553527 0.0703693 0.145301 0.226556 0.165834 0.0279915 0.0669248 0.0369477 0.00664622 
0.000306997 0.0147589 0.008759 0.0153192 0.0431266 0.0195894 0.795635 0.00687199 0.000194585 0.0565635 0.0385392 0.000335377 
0.00021145 0.0279587 0.0512771 0.230285 0.0438795 0.0678587 0.305418 0.0245093 0.00400447 0.233551 0.00956956 0.00147716 
0.000432466 0.0479795 0.0214 0.120159 0.0397486 0.0555067 0.477247 0.0638247 0.00780421 0.155879 0.00982705 0.000191922 
0.000875888 0.0335484 0.0319567 0.26161 0.0301259 0.0459041 0.294458 0.032229 0.00442693 0.239938 0.0243136 0.000613112 
4.64172e-05 0.109829 0.032454 0.0583927 0.113293 0.0344247 0.298082 0.0614527 0.0517224 0.0873816 0.152048 0.000873679 
0.000381179 0.0168724 0.0324629 0.0347735 0.0299504 0.0711238 0.433328 0.0635858 0.0013757 0.298337 0.0171977 0.000610906 
0.000189563 0.00928062 0.0260739 0.0600883 0.023523 0.0703637 0.454548 0.0579242 1.37929e-05 0.274352 0.0231366 0.000505782 
0.000369363 0.0152246 0.0593284 0.0406308 0.0157628 0.0625944 0.714795 0.0148762 0.000428769 0.0452468 0.0305052 0.000237539 
0.00572527 0.0608924 0.0207947 0.188165 0.158739 0.0313234 0.317517 0.0421909 0.00824208 0.150145 0.0124809 0.00378454 
0.000153805 0.0385283 0.0148142 0.131836 0.0336625 0.0178216 0.486846 0.0540774 2.41717e-05 0.217059 0.00494393 0.000231958 
9.84953e-06 0.0514456 0.0138913 0.0404166 0.159344 0.137384 0.337364 0.0872901 0.108077 0.0604841 0.00418259 0.000110012 
4.91848e-06 0.00458786 0.0245089 0.0323114 0.0136295 0.0254339 0.831717 0.0057721 7.44259e-06 0.0485203 0.0133642 0.000142268 
3.53371e-05 0.00680252 0.026074 0.026973 0.0216868 0.0963858 0.765056 0.00655016 1.34364e-05 0.0305779 0.0197782 6.6674e-05 
0.000367346 0.0512697 0.00145969 0.0594755 0.0817603 0.0129733 0.592244 0.0177394 2.23371e-05 0.178647 0.00403796 3.17487e-06 
0.00128964 0.0549203 0.0691898 0.0505198 0.0487159 0.171244 0.409864 0.0244663 0.000298557 0.12957 0.039572 0.000350045 
0.000571238 0.0777958 0.0181367 0.0441679 0.0414728 0.0352976 0.674008 0.0127705 0.0002555 0.0915977 0.00311149 0.00081433 
0.000159514 0.00555383 0.0125547 0.120844 0.0413941 0.0486053 0.589208 0.0367337 0.00213886 0.109922 0.00678083 0.0261056 
