0.000290457 0.00433372 0.0236209 0.170072 0.0427341 0.051971 0.0427713 0.530891 0.00390062 0.122043 0.00728676 8.5327e-05 
0.000233138 0.0653727 0.0211727 0.13621 0.0795659 0.172835 0.124418 0.201121 0.00238192 0.184599 0.0114661 0.000624557 
0.000138259 0.0138539 0.0224698 0.0293395 0.0441716 0.132145 0.0547227 0.505098 0.00208468 0.166184 0.0292868 0.000505673 
0.0015816 0.00406489 0.00248094 0.00710442 0.0136024 0.048358 0.0358406 0.588047 8.70432e-05 0.281744 0.00179808 0.0152918 
0.000760255 0.00565794 0.0116582 0.0381931 0.141504 0.099831 0.108029 0.430058 5.6856e-05 0.156009 0.00508239 0.00315999 
0.000199465 0.00563318 0.0252628 0.0293272 0.0425085 0.0556484 0.114746 0.480356 0.000416233 0.222106 0.0230307 0.000765049 
7.60541e-05 0.0639178 0.0113049 0.0528413 0.127649 0.0627161 0.0549262 0.357696 0.00682961 0.260301 0.00119029 0.000551509 
0.0110296 0.0154927 0.00503829 0.154143 0.0533218 0.10994 0.0483469 0.444339 0.000762876 0.141164 0.0157293 0.000692483 
0.00303167 0.00512247 0.0760157 0.0487609 0.0423886 0.158413 0.132727 0.29558 0.00134794 0.212922 0.0235746 0.00011624 
0.000954873 0.0963555 0.0740381 0.0491238 0.149888 0.0806939 0.0302226 0.309579 0.0256768 0.165592 0.0174596 0.000415706 
0.000511779 0.230184 0.0400038 0.0430181 0.0479243 0.046103 0.0501696 0.345082 0.0537627 0.139033 0.00250816 0.00169899 
0.000158427 0.0230177 0.0240638 0.0504893 0.0533949 0.233401 0.103111 0.293554 0.00109776 0.199829 0.0151103 0.00277386 
0.00129356 0.0107108 0.0217886 0.015368 0.0314752 0.0690788 0.109682 0.369259 0.020496 0.329753 0.0175999 0.00349579 
0.00020765 0.0248815 0.0130012 0.0199571 0.0506617 0.015338 0.0283215 0.648821 0.0331959 0.139282 0.00367393 0.0226587 
0.000711555 0.00166199 0.00564499 0.0213813 0.030842 0.0139212 0.056377 0.614422 2.49685e-05 0.233987 0.0208546 0.000171095 
0.000700504 0.171567 0.026187 0.0512454 0.0589769 0.0773855 0.0289054 0.435373 0.0154342 0.122584 0.00703744 0.00460256 
0.00255854 0.00902232 0.0153747 0.00664066 0.0199349 0.0395922 0.0286739 0.77361 0.000470652 0.0988798 0.00377009 0.0014722 
0.000315327 0.0452373 0.0120422 0.0222606 0.0157982 0.11969 0.0439686 0.478788 0.00143977 0.226418 0.0329187 0.00112385 
0.000125117 0.0739148 0.014088 0.0754689 0.0839814 0.102223 0.0878719 0.368714 0.00739427 0.154892 0.00148716 0.0298395 
6.65518e-05 0.0273782 0.0147946 0.054676 0.0324399 0.159967 0.206791 0.472334 0.00968665 0.0175809 0.00419388 9.06544e-05 
0.00197486 0.0578902 0.0350871 0.17679 0.123106 0.0229039 0.0297732 0.299598 0.036209 0.210761 0.00443421 0.00147252 
0.000218538 0.00590753 0.019526 0.0348439 0.0579872 0.112415 0.145254 0.423593 0.000466504 0.168322 0.0278811 0.00358571 
1.17557e-06 0.0471307 0.0482976 0.00810065 0.067129 0.0699162 0.011528 0.578138 0.0119067 0.154214 0.00279222 0.000845921 
0.000140083 0.00116531 0.0741811 0.00436518 0.00145644 0.118079 0.0231902 0.734958 0.00171905 0.0283252 0.0124114 9.28932e-06 
0.000420465 0.0137918 0.0148313 0.0137751 0.03667 0.0198895 0.0195853 0.737783 0.00881222 0.113317 0.0204664 0.000658023 
0.00020961 0.0404705 0.0270709 0.0487928 0.118485 0.0677899 0.101826 0.330876 0.0171154 0.236693 0.00935509 0.00131658 
0.000420465 0.0137918 0.0148313 0.0137751 0.03667 0.0198895 0.0195853 0.737783 0.00881222 0.113317 0.0204664 0.000658023 
0.000390029 0.00167966 0.0121475 0.0118813 0.0563501 0.134099 0.121253 0.475985 1.553e-05 0.183809 0.00152685 0.000863356 
0.000763336 0.106585 0.0289334 0.0401996 0.0407017 0.0695936 0.0428412 0.280586 0.102335 0.275707 0.0104887 0.0012646 
0.000121167 0.0904179 0.0236464 0.0332089 0.0902974 0.121925 0.0498381 0.375484 0.024297 0.182878 0.00533047 0.00255565 
0.00227697 0.0156845 0.0153546 0.0253978 0.00905084 0.0813122 0.124963 0.390626 0.0050458 0.315797 0.014293 0.000198122 
8.84235e-05 0.0557828 0.100328 0.0113463 0.0316782 0.106608 0.11612 0.493739 2.86384e-05 0.0726823 0.0113015 0.000296677 
0.000420465 0.0137918 0.0148313 0.0137751 0.03667 0.0198895 0.0195853 0.737783 0.00881222 0.113317 0.0204664 0.000658023 
1.60463e-05 0.00467277 0.0233742 0.0110856 0.0371039 0.184892 0.066384 0.53275 8.4943e-05 0.135459 0.00345042 0.000727471 
0.0122456 0.00319624 0.0479964 0.0420848 0.0485913 0.0418509 0.0882543 0.418282 6.16331e-05 0.293725 0.00123315 0.00247873 
0.000618824 0.0428344 0.0299529 0.0512045 0.0310377 0.12491 0.0764262 0.497202 0.000553645 0.13494 0.00906203 0.0012587 
4.76009e-05 0.00212064 0.041581 0.00862632 0.0337192 0.121301 0.0505395 0.483596 1.39522e-05 0.245963 0.0119768 0.00051466 
0.000443859 0.0261207 0.0181963 0.0193864 0.151696 0.0344564 0.0199095 0.585365 0.004904 0.135576 0.00349825 0.000448004 
0.000103647 0.112038 0.0892516 0.0489447 0.0958812 0.0869306 0.0692375 0.291342 0.00626327 0.178268 0.0215295 0.000210507 
7.87434e-05 0.195016 0.0652393 0.0287319 0.0361045 0.0563834 0.0882398 0.389079 0.0216408 0.11626 0.000918979 0.00230773 
0.000125011 0.0182824 0.0802284 0.0734593 0.153797 0.166915 0.121019 0.272899 0.000321669 0.10113 0.00906491 0.00275621 
0.000434117 0.0355039 0.0211902 0.0292293 0.0858033 0.0714782 0.0259687 0.556241 0.000198655 0.167222 0.00565638 0.00107402 
5.92303e-05 0.0242944 0.0157469 0.0221214 0.0495273 0.196372 0.0632426 0.434872 8.07098e-05 0.121874 0.0711711 0.00063782 
5.54285e-05 0.0570802 0.0158882 0.0190939 0.138123 0.0663316 0.0341828 0.556416 0.00022927 0.107845 0.00444973 0.000304922 
6.34717e-05 0.00178505 0.00184755 0.0233689 0.0479383 0.0650606 0.0807289 0.732357 0.000290785 0.0373081 0.00857953 0.000671734 
0.000470246 0.0675144 0.019402 0.0117208 0.211523 0.174762 0.0722427 0.272683 0.0491603 0.104535 0.0155787 0.00040783 
0.000158133 0.0236539 0.0188146 0.0383186 0.0614642 0.071959 0.0469247 0.489427 2.95856e-05 0.233535 0.0141341 0.00158183 
2.02368e-05 0.178291 0.0165127 0.244379 0.0788551 0.0497734 0.0292465 0.327482 0.0153968 0.038519 0.00302433 0.0185003 
0.0034685 0.0132566 0.0205544 0.121201 0.0904662 0.174836 0.105918 0.369393 0.000181222 0.0961744 0.00224606 0.00230411 
0.000237213 0.00387937 0.0191714 0.0072895 0.0472992 0.0738408 0.026845 0.553022 0.000281055 0.232368 0.0353948 0.000371115 
0.000513372 0.0200044 0.0252565 0.0483753 0.0491701 0.126766 0.13957 0.288939 0.00312772 0.282617 0.0144889 0.00117156 
0.0341569 0.088526 0.0154037 0.0765056 0.093303 0.0729014 0.140425 0.22312 0.0115753 0.19695 0.00403414 0.0430995 
0.0176074 0.00892755 0.00195984 0.0491382 0.0172363 0.0497881 0.0412208 0.629661 4.29466e-05 0.147312 0.028816 0.00828959 
0.000127016 0.0530897 0.0267074 0.0471215 0.12463 0.0870075 0.101223 0.309763 0.0174683 0.215905 0.0120839 0.00487388 
8.20084e-05 0.0684741 0.00529707 0.0470647 0.117484 0.0459654 0.0289188 0.332383 0.0167998 0.331249 0.00451874 0.00176361 
0.000420465 0.0137918 0.0148313 0.0137751 0.03667 0.0198895 0.0195853 0.737783 0.00881222 0.113317 0.0204664 0.000658023 
0.00881195 0.00555141 0.00254078 0.0182868 0.0350001 0.0254559 0.101218 0.70724 0.00203489 0.0691987 0.0246324 2.91432e-05 
0.000138384 0.00419636 0.00892618 0.0157303 0.0282226 0.0670639 0.0282121 0.489983 0.0124112 0.334071 0.0108691 0.000175568 
0.00116457 0.0901397 0.00950112 0.0475672 0.0414954 0.0424895 0.0267519 0.496035 0.00474538 0.237587 0.00196923 0.000553301 
0.00109084 0.0195864 0.0134608 0.0308997 0.0295803 0.0413133 0.0339243 0.602056 0.0216027 0.194282 0.0119784 0.000225699 
0.0381107 0.0376984 0.00383301 0.0561559 0.0349301 0.0221649 0.0281984 0.507606 0.000437404 0.269183 0.00157262 0.000109604 
8.51578e-05 0.0617006 0.0355844 0.049085 0.0287699 0.029639 0.0336606 0.678 0.00222397 0.0737706 0.0060657 0.00141539 
0.000432504 0.0239977 0.13141 0.0121105 0.0215871 0.120325 0.117491 0.419598 1.99245e-05 0.1202 0.0325052 0.000323807 
0.000224025 0.0493388 0.0107497 0.0210373 0.235685 0.0465277 0.0769728 0.329488 0.0202938 0.195686 0.00582364 0.00817313 
0.0900768 0.0148367 0.00951548 0.0217571 0.0429173 0.0443863 0.0642314 0.348105 0.00148528 0.345424 0.0090442 0.0082198 
9.08473e-05 0.0631482 0.0266859 0.0233895 0.0732219 0.0860639 0.0474284 0.375482 0.142075 0.150113 0.00749082 0.00481061 
1.7907e-05 0.0638677 0.0604986 0.0300796 0.0623858 0.0851274 0.0981153 0.471773 0.00552802 0.118724 0.00176442 0.00211821 
0.000420465 0.0137918 0.0148313 0.0137751 0.03667 0.0198895 0.0195853 0.737783 0.00881222 0.113317 0.0204664 0.000658023 
0.000457831 0.0302272 0.0191612 0.0873185 0.0638768 0.0951607 0.0752496 0.439188 0.00310992 0.174516 0.00979008 0.00194392 
3.40627e-05 0.0445011 0.0278192 0.0179807 0.172097 0.116475 0.0428008 0.405704 0.0180597 0.123083 0.00236903 0.0290761 
0.342792 0.0113682 0.0112623 0.0166444 0.0266352 0.018324 0.0157274 0.448781 0.0216232 0.071855 0.0133397 0.0016476 
0.000299108 0.116229 0.0341639 0.0250831 0.0469846 0.0775289 0.117672 0.383093 0.0526976 0.136319 0.00702666 0.00290334 
4.04005e-05 0.00617639 0.0130467 0.0852721 0.0293761 0.133741 0.108633 0.421087 0.00153761 0.134272 0.0661495 0.000668249 
7.45976e-05 0.0328586 0.0611996 0.030476 0.0794764 0.159297 0.11194 0.257249 0.00085627 0.251703 0.014339 0.000531495 
0.000492502 0.0201195 0.0405763 0.0109489 0.00849617 0.0794094 0.0253773 0.657582 3.37862e-05 0.152751 0.00405751 0.000155545 
8.88365e-05 0.198262 0.0094467 0.045322 0.129044 0.0300129 0.0420466 0.405289 0.0145959 0.121017 0.00317433 0.00170015 
9.08473e-05 0.0631482 0.0266859 0.0233895 0.0732219 0.0860639 0.0474284 0.375482 0.142075 0.150113 0.00749082 0.00481061 
0.0106725 0.0224918 0.00916886 0.0330789 0.0648011 0.160271 0.0341731 0.549661 0.00149644 0.110444 0.0037358 4.80272e-06 
0.000279835 0.22011 0.0101685 0.0527075 0.0856626 0.0599172 0.0306617 0.307043 0.00733223 0.219527 0.00235804 0.00423157 
0.000227659 0.00821082 0.0338888 0.103377 0.0728763 0.183049 0.0613023 0.363546 0.00190026 0.149281 0.0207868 0.00155426 
1.83742e-05 0.188917 0.0321148 0.0442307 0.0416061 0.0697377 0.0537057 0.38124 0.0219506 0.14153 0.0238122 0.00113702 
0.00669993 0.0920769 0.0205832 0.0486422 0.117992 0.111674 0.100358 0.324199 0.0623661 0.107567 0.00503955 0.00280281 
0.000239389 0.00513637 0.0307207 0.0122033 0.00623386 0.264314 0.015901 0.536554 9.9169e-06 0.108113 0.0205538 2.1465e-05 
0.000722974 0.00956908 0.00439605 0.0199334 0.0272939 0.0308742 0.019541 0.750824 0.00371415 0.127703 0.00376698 0.00166127 
0.0122312 0.0447482 0.00791324 0.0418712 0.0513426 0.0739008 0.0681556 0.612205 0.000619313 0.0804212 0.00400577 0.00258556 
0.00126303 0.0071177 0.0296398 0.0365845 0.142662 0.217265 0.120663 0.274758 0.000959433 0.129754 0.0360878 0.00324625 
0.000986647 0.0153938 0.0134722 0.0605436 0.0585038 0.0858309 0.0649705 0.487259 0.00243405 0.198749 0.00731368 0.00454271 
0.000230737 0.0440033 0.0166028 0.202385 0.0651791 0.0676847 0.043685 0.474284 0.00276808 0.0775495 0.0044216 0.00120597 
0.00256375 0.00640041 0.00392549 0.0901158 0.0478231 0.074891 0.0768826 0.541074 0.002979 0.138378 0.0141633 0.000804215 
0.00046061 0.0291557 0.029375 0.0402453 0.188868 0.0164639 0.0262859 0.489288 0.0622085 0.109486 0.00801643 0.00014666 
0.00010823 0.0809534 0.00923661 0.0467507 0.0771021 0.0456954 0.0612706 0.365621 0.12921 0.174504 0.00607957 0.0034685 
0.000134499 0.0616899 0.00890696 0.0477434 0.0237417 0.0357127 0.0772427 0.601281 0.00320458 0.135611 0.00388774 0.000843936 
0.000279697 0.0342855 0.0988835 0.03639 0.0322755 0.143955 0.0478811 0.322887 0.000535382 0.225779 0.00520692 0.0516411 
5.6509e-05 0.1024 0.0641058 0.0188652 0.0513516 0.041918 0.0411603 0.473161 0.00961474 0.189426 0.00691641 0.00102503 
0.00219285 0.00297008 0.00643748 0.0130003 0.00750984 0.0406571 0.0233084 0.606147 6.8595e-06 0.278438 0.0188275 0.000504855 
0.000420465 0.0137918 0.0148313 0.0137751 0.03667 0.0198895 0.0195853 0.737783 0.00881222 0.113317 0.0204664 0.000658023 
0.000290484 0.00342821 0.0177966 0.0242696 0.0281594 0.0678612 0.150372 0.619701 6.02169e-06 0.0855059 0.00252379 8.57684e-05 
0.000304529 0.0258831 0.0302611 0.00666108 0.015453 0.0696445 0.0416239 0.41007 0.00113402 0.393479 0.00536671 0.000119901 
0.0181705 0.00714485 0.010042 0.0781163 0.0576635 0.0378617 0.0289561 0.587121 0.000225609 0.169654 0.00219683 0.00284789 
0.000346339 0.0154975 0.0202093 0.0247836 0.0253793 0.0509748 0.0494127 0.58901 0.000486213 0.219201 0.00393947 0.000759603 
0.000420465 0.0137918 0.0148313 0.0137751 0.03667 0.0198895 0.0195853 0.737783 0.00881222 0.113317 0.0204664 0.000658023 
3.72754e-05 0.0149113 0.0112117 0.0172716 0.106359 0.146767 0.0636813 0.367853 3.35309e-05 0.259674 0.0121714 2.94752e-05 
5.32144e-05 0.00826763 0.00416398 0.0119628 0.0530113 0.0403948 0.0984547 0.605742 0.000528317 0.160564 0.0146427 0.00221481 
0.000420465 0.0137918 0.0148313 0.0137751 0.03667 0.0198895 0.0195853 0.737783 0.00881222 0.113317 0.0204664 0.000658023 
0.000222749 0.0258445 0.0174866 0.00617437 0.0462404 0.0689964 0.0221299 0.622375 0.0041572 0.179681 0.00538486 0.0013067 
0.000420465 0.0137918 0.0148313 0.0137751 0.03667 0.0198895 0.0195853 0.737783 0.00881222 0.113317 0.0204664 0.000658023 
0.000420465 0.0137918 0.0148313 0.0137751 0.03667 0.0198895 0.0195853 0.737783 0.00881222 0.113317 0.0204664 0.000658023 
0.000361138 0.00705135 0.0128163 0.0231534 0.0253556 0.0530645 0.0426299 0.633559 0.000758913 0.192351 0.00781328 0.0010856 
1.58884e-05 0.0669952 0.0239953 0.0364968 0.142709 0.0574433 0.0509554 0.406783 0.022809 0.177671 0.0120381 0.00208911 
0.0001396 0.0370254 0.0255132 0.0377854 0.0577019 0.20933 0.100595 0.276977 0.00876181 0.236438 0.00899868 0.000733558 
0.000476312 0.00443096 0.0189432 0.00719986 0.0202235 0.0416027 0.0628936 0.716312 0.000125952 0.125892 0.00188358 1.67678e-05 
0.000771568 0.0546875 0.0126061 0.0927863 0.0269021 0.077802 0.0204434 0.570289 0.00562518 0.133002 0.0046404 0.000444356 
0.000420465 0.0137918 0.0148313 0.0137751 0.03667 0.0198895 0.0195853 0.737783 0.00881222 0.113317 0.0204664 0.000658023 
2.01471e-05 0.0284425 0.0048834 0.029623 0.0513788 0.0207712 0.0536343 0.720467 0.00352439 0.0854091 0.00111634 0.000730151 
0.000992815 0.00811215 0.0154483 0.0645812 0.0753105 0.158887 0.0412423 0.511816 0.0066391 0.110632 0.0025395 0.00379954 
0.00124593 0.00032465 0.0222108 0.0200463 0.0890204 0.0272054 0.0326265 0.73804 2.86363e-05 0.0601633 0.00850539 0.00058229 
0.000712113 0.0103984 0.0138484 0.0764355 0.0593371 0.0739344 0.0756861 0.358847 0.0116097 0.30801 0.0102289 0.000952029 
0.000420499 0.014426 0.0151007 0.0124647 0.236301 0.0225197 0.015928 0.521364 0.0431563 0.117597 0.000345078 0.000377214 
0.00179423 0.0307994 0.0464931 0.00668719 0.00146491 0.0812878 0.0489635 0.480219 0.00221371 0.291103 0.00886133 0.000112742 
0.00182056 0.00256212 0.00547572 0.0108422 0.0130993 0.0281308 0.044231 0.629752 0.00152716 0.249735 0.0127045 0.000119921 
0.00116318 0.0295745 0.0031808 0.0302988 0.0687715 0.0109835 0.0391169 0.532851 0.0416622 0.237483 0.00208352 0.00283208 
0.000499565 0.0200428 0.0111308 0.0122575 0.0236082 0.148308 0.0450274 0.535472 0.00177803 0.197706 0.00388822 0.000282105 
0.000145149 0.00173292 0.0530935 0.00654776 0.00152446 0.152726 0.0166045 0.731033 0.00257855 0.0216019 0.0123979 1.39329e-05 
6.50825e-05 0.00470322 0.0109318 0.0329906 0.150485 0.112262 0.0759497 0.388661 3.15043e-05 0.203225 0.0188429 0.00185291 
0.000208503 0.00201681 0.00600126 0.0156426 0.038426 0.0491525 0.111303 0.621047 0.00010195 0.145149 0.0106397 0.000311397 
0.00115938 0.074084 0.0111382 0.137186 0.214107 0.0267296 0.0222707 0.344089 0.0638837 0.101993 0.00273107 0.00062864 
0.000184043 0.056542 0.00799619 0.0116841 0.0266288 0.0631435 0.0392984 0.66471 0.000100388 0.124262 0.00413778 0.00131274 
0.000136881 0.000150931 0.0224843 0.00238227 0.0015737 0.0651636 0.0572637 0.770192 5.34823e-06 0.0687531 0.011884 9.77509e-06 
0.000154582 0.0527699 0.00711018 0.0286357 0.0592528 0.0783358 0.0859387 0.506393 0.00317455 0.170302 0.00646808 0.00146454 
3.58353e-05 0.0696635 0.0118521 0.0237997 0.183817 0.0244123 0.0631523 0.249726 0.0885628 0.239568 0.00155204 0.0438581 
0.024999 0.194463 0.0281192 0.0436338 0.108014 0.0486718 0.0662292 0.389231 0.00881229 0.0831635 0.00204142 0.00262163 
1.03651e-06 0.114081 0.0110125 0.169325 0.0536832 0.061705 0.103617 0.378924 0.00993214 0.0900747 0.00706011 0.000583793 
0.000313454 0.00160578 0.0333487 0.173336 0.0647772 0.0212696 0.027009 0.648128 3.84743e-06 0.0293327 0.000644369 0.000231991 
0.00191335 0.0131751 0.0153575 0.0259604 0.0699512 0.144293 0.136261 0.442984 0.000196613 0.130301 0.0120852 0.00752227 
2.64078e-05 0.0397918 0.00295399 0.0680836 0.0768497 0.0920298 0.0979687 0.413605 0.000496439 0.202546 0.00537933 0.000268588 
0.0401255 0.000480489 0.0849968 0.0192754 0.00226161 0.214469 0.0542366 0.387981 1.22105e-05 0.16986 0.0262933 7.56161e-06 
0.000420465 0.0137918 0.0148313 0.0137751 0.03667 0.0198895 0.0195853 0.737783 0.00881222 0.113317 0.0204664 0.000658023 
0.000962832 0.00232609 0.0329925 0.0163412 0.010364 0.105412 0.0964113 0.471393 0.000286316 0.231063 0.0322527 0.000194589 
1.5893e-05 0.054026 0.0294184 0.0212008 0.14206 0.0997659 0.0494423 0.431682 0.00772304 0.15116 0.0124676 0.00103737 
0.000420465 0.0137918 0.0148313 0.0137751 0.03667 0.0198895 0.0195853 0.737783 0.00881222 0.113317 0.0204664 0.000658023 
4.0493e-05 0.00248702 0.0474489 0.0101793 0.0348765 0.152233 0.0704502 0.369542 1.49371e-05 0.295235 0.016944 0.000548965 
0.000420465 0.0137918 0.0148313 0.0137751 0.03667 0.0198895 0.0195853 0.737783 0.00881222 0.113317 0.0204664 0.000658023 
0.0574994 0.0367832 0.0335744 0.0896326 0.0462333 0.132389 0.178579 0.210852 0.00073889 0.197357 0.0161298 0.000231134 
0.000357543 0.0862787 0.0589268 0.0180354 0.00417238 0.0483479 0.0228551 0.698002 0.000105787 0.0569196 0.00597435 2.48449e-05 
0.000449265 0.0457299 0.00432845 0.0617763 0.0536029 0.0406616 0.141456 0.475605 0.0188335 0.149274 0.00290801 0.00537508 
0.00167911 0.0248768 0.0209713 0.0308094 0.101251 0.10269 0.0396522 0.455882 3.76904e-05 0.189957 0.00878496 0.0234091 
0.0009564 0.0644702 0.0396885 0.0386388 0.0425952 0.050088 0.0312949 0.5056 0.00171957 0.198922 0.0230204 0.00300643 
0.000428622 0.0265556 0.0293063 0.0832168 0.090174 0.149243 0.0537126 0.332319 0.00303667 0.161793 0.069792 0.000421991 
0.000271828 0.0285026 0.0316499 0.0454108 0.141404 0.086548 0.0500005 0.474281 0.00259138 0.134246 0.00454809 0.000545586 
0.000127499 0.0105089 0.0307343 0.00551162 0.0703795 0.0875474 0.0284979 0.697121 0.000103639 0.0666367 0.00136556 0.00146613 
0.000239746 0.0768411 0.0407611 0.0208848 0.130474 0.0723859 0.0996986 0.414178 0.0210156 0.0988958 0.0127987 0.0118268 
7.03851e-05 0.0509419 0.00147735 0.013675 0.0859711 0.0404781 0.0430538 0.573034 0.00919514 0.174839 0.00548099 0.00178339 
9.08473e-05 0.0631482 0.0266859 0.0233895 0.0732219 0.0860639 0.0474284 0.375482 0.142075 0.150113 0.00749082 0.00481061 
0.00013076 0.162641 0.00485838 0.0509559 0.116784 0.0386827 0.0638439 0.364937 0.00621684 0.108164 0.00258237 0.0802037 
0.00205388 0.016212 0.0220235 0.1212 0.0222022 0.0335242 0.190678 0.386131 0.00226516 0.194471 0.00913342 0.000105755 
5.59315e-05 0.0347064 0.0227917 0.163046 0.0177594 0.07375 0.0501873 0.299028 0.00523761 0.255279 0.0663724 0.0117864 
0.000164204 0.0118201 0.00909334 0.0385879 0.0418097 0.11902 0.0476185 0.540332 9.75426e-05 0.17846 0.0104086 0.00258872 
0.000558103 0.0620768 0.0172649 0.0408113 0.123934 0.0849218 0.0736488 0.340597 0.000211031 0.245094 0.0100225 0.000859614 
0.00025567 0.0261631 0.0072851 0.0785319 0.0310842 0.335489 0.108012 0.356043 4.3949e-06 0.0441148 0.0122981 0.000718889 
0.000441382 0.00457513 0.0137641 0.0105545 0.0538242 0.0731478 0.0402547 0.621101 0.000941179 0.177352 0.00381606 0.000227857 
0.00114905 0.00760129 0.0309367 0.023081 0.0460441 0.084918 0.0792768 0.348794 0.00673337 0.335046 0.0346788 0.00174151 
7.84779e-05 0.0127019 0.014319 0.0066464 0.0217886 0.17015 0.0668474 0.451259 2.14538e-05 0.247138 0.00669122 0.00235791 
8.08602e-05 0.127501 0.0298159 0.0351032 0.0480774 0.0213466 0.0356532 0.501836 0.0745005 0.123055 0.000800913 0.00222923 
0.000606559 0.0128373 0.0103021 0.0104314 0.0588952 0.154985 0.0514705 0.604681 0.000579466 0.0897813 0.00471012 0.000720183 
0.000375361 0.00251032 0.0275127 0.0204019 0.00936029 0.0732985 0.0539395 0.603978 0.000143924 0.204966 0.00312934 0.000383656 
0.000811262 0.00530627 0.0128882 0.0123958 0.019734 0.0896581 0.0732325 0.495007 0.000196971 0.276895 0.0121271 0.00174703 
0.0309347 0.0255034 0.0426198 0.0144754 0.0212103 0.0823763 0.0257361 0.595634 0.000535149 0.157224 0.0029781 0.000772373 
8.69859e-06 0.119202 0.00430342 0.0233954 0.14064 0.0528125 0.0409081 0.480376 0.00910566 0.126717 0.00052285 0.00200889 
0.000582291 0.0109168 0.027237 0.0213171 0.0668489 0.171618 0.0852047 0.349775 0.00123361 0.240496 0.0160071 0.0087625 
0.00893708 0.00918937 0.0203384 0.0157961 0.0323098 0.0709456 0.0296146 0.702669 0.00161742 0.0970776 0.00783419 0.0036704 
0.000567847 0.0164502 0.0124064 0.0554859 0.0230041 0.1388 0.0882986 0.484089 0.000701838 0.162313 0.0167703 0.00111378 
2.38932e-05 0.00105731 0.0524109 0.0188295 0.0275373 0.216759 0.041706 0.404522 2.68823e-05 0.214949 0.0219124 0.000265853 
1.30423e-05 0.158698 0.00931256 0.0120803 0.197475 0.0489651 0.0715588 0.23697 0.11899 0.143642 0.00168983 0.000604706 
0.00165397 0.0706256 0.047004 0.0569477 0.139042 0.126865 0.0535478 0.392197 0.00553592 0.0859754 0.0149326 0.0056737 
0.000238575 0.0056076 0.0567782 0.0218759 0.0578992 0.246618 0.107723 0.288733 1.54835e-05 0.195829 0.0162051 0.00247734 
0.139554 0.0631271 0.0805095 0.0885 0.105362 0.109444 0.0606814 0.195808 3.66214e-06 0.153728 0.00313213 0.000150704 
0.0134747 0.133155 0.00895511 0.0268278 0.027017 0.0854031 0.0364132 0.546114 0.000467455 0.118697 0.00326484 0.00021134 
0.00652784 0.00704496 0.0132884 0.00850633 0.00922408 0.0320599 0.0287548 0.674452 0.000276344 0.213636 0.00545418 0.000774854 
0.000928842 0.0314973 0.00613388 0.0255048 0.0534361 0.0525998 0.0841336 0.457083 0.00168943 0.28073 0.0062116 5.1803e-05 
0.0809498 0.0112316 0.0137439 0.0324885 0.0441385 0.102946 0.117227 0.30607 0.000533811 0.275056 0.0152715 0.000342676 
0.000910519 0.0205496 0.011445 0.0294087 0.0482162 0.080589 0.0740468 0.506946 0.00246817 0.199704 0.0244357 0.00128036 
0.000244497 0.0374583 0.0056761 0.0441703 0.0905519 0.0282144 0.0237452 0.622727 0.0169221 0.126666 0.00173121 0.00189308 
0.00251824 0.00138774 0.0185659 0.0115101 0.0182103 0.0276406 0.0562856 0.625119 0.000269505 0.233257 0.0049338 0.000302387 
0.000280271 0.0506855 0.00710059 0.035754 0.273793 0.0370878 0.0668269 0.33069 0.0282693 0.161019 0.0035935 0.00490079 
0.034453 0.00359472 0.00299255 0.0430461 0.0149658 0.121598 0.0948828 0.514582 7.56471e-05 0.161106 0.00862099 8.22117e-05 
5.34424e-05 0.0346062 0.0236811 0.0349945 0.0420537 0.125828 0.0992442 0.518185 0.000414597 0.092351 0.00867855 0.0199089 
0.0148305 0.00794923 0.00889015 0.0573315 0.0322062 0.168542 0.148027 0.430536 0.000993968 0.125827 0.00384111 0.00102484 
0.000420465 0.0137918 0.0148313 0.0137751 0.03667 0.0198895 0.0195853 0.737783 0.00881222 0.113317 0.0204664 0.000658023 
2.41506e-11 4.5429e-08 4.17517e-07 0.00837528 0.0739973 0.0599283 0.00121866 0.856478 4.02643e-07 2.8813e-07 8.23978e-07 2.08751e-11 
0.000648198 0.014032 0.0254428 0.0210024 0.0556498 0.160276 0.211333 0.28415 0.0014899 0.206221 0.0184009 0.00135402 
0.00109084 0.0195864 0.0134608 0.0308997 0.0295803 0.0413133 0.0339243 0.602056 0.0216027 0.194282 0.0119784 0.000225699 
9.08473e-05 0.0631482 0.0266859 0.0233895 0.0732219 0.0860639 0.0474284 0.375482 0.142075 0.150113 0.00749082 0.00481061 
0.000359368 0.00113293 0.00925501 0.0173155 0.0587894 0.031079 0.0262734 0.652541 6.26857e-06 0.172653 0.0305904 3.95142e-06 
9.75647e-07 0.000444477 0.0418191 0.00756598 0.0209188 0.222567 0.0156833 0.649323 1.24182e-06 0.0267965 0.00249418 0.0123849 
0.0136117 0.00804407 0.00313946 0.0525327 0.0205231 0.0690438 0.0416785 0.651383 0.000186857 0.136384 0.00281021 0.000662953 
1.6421e-05 0.0022568 0.0252196 0.0127187 0.0135444 0.170684 0.0280577 0.638207 4.18408e-05 0.103957 0.00527519 2.13316e-05 
0.000254973 0.00401752 0.00392563 0.0208479 0.0182272 0.134472 0.0595587 0.561086 0.000195633 0.190492 0.00486028 0.00206281 
0.000420465 0.0137918 0.0148313 0.0137751 0.03667 0.0198895 0.0195853 0.737783 0.00881222 0.113317 0.0204664 0.000658023 
0.000334473 0.00353014 0.0228005 0.0358086 0.0114838 0.082239 0.0667556 0.466428 3.84811e-05 0.295369 0.0129374 0.00227523 
0.00667818 0.00383825 0.0174749 0.00923641 0.00508292 0.10311 0.040074 0.710406 0.000164582 0.0993802 0.00405505 0.000498685 
0.0545073 0.0252781 0.00913637 0.0198538 0.0456225 0.0244976 0.0560395 0.448293 0.0231399 0.290811 0.00135626 0.00146469 
0.00130051 0.0639982 0.0254756 0.0285448 0.0557632 0.0927844 0.0544009 0.547911 0.00280572 0.111883 0.0139409 0.00119179 
0.000459712 0.00245072 0.0127422 0.0109465 0.0342848 0.0470194 0.0238112 0.640271 2.53639e-05 0.204335 0.0231707 0.000483715 
0.000420465 0.0137918 0.0148313 0.0137751 0.03667 0.0198895 0.0195853 0.737783 0.00881222 0.113317 0.0204664 0.000658023 
0.00265453 0.00263539 0.0065863 0.0210771 0.0385671 0.227619 0.0290829 0.542517 0.000324934 0.086763 0.0420124 0.000160745 
0.000237421 0.00949918 0.0150775 0.0337003 0.0352251 0.0842048 0.139429 0.55223 4.47743e-05 0.124571 0.00573067 4.87791e-05 
0.000108085 0.019429 0.00517629 0.198922 0.0636714 0.0931483 0.0725335 0.330566 0.00756977 0.198735 0.00819313 0.00194771 
0.000158133 0.0236539 0.0188146 0.0383186 0.0614642 0.071959 0.0469247 0.489427 2.95856e-05 0.233535 0.0141341 0.00158183 
0.035286 0.0131939 0.0242966 0.0236114 0.0326628 0.0691805 0.037953 0.650452 0.000286522 0.109328 0.00261493 0.00113396 
0.000248315 0.219689 0.0169629 0.0165139 0.0692635 0.13669 0.0757278 0.356059 0.00715562 0.100361 0.000587685 0.000740167 
0.000248489 0.0146589 0.00179506 0.107091 0.116579 0.0905602 0.0540303 0.536234 0.00211336 0.0741875 0.000817101 0.00168542 
0.000632462 0.00612514 0.00156245 0.0526984 0.168633 0.0778341 0.0612452 0.528093 1.86567e-05 0.092487 0.00324426 0.00742625 
0.000107578 0.00753588 0.0834468 0.0587747 0.0998006 0.0683677 0.0791933 0.440266 0.000385105 0.127283 0.0327345 0.00210464 
0.00389267 0.0214188 0.0159851 0.0580955 0.0886009 0.152397 0.0907651 0.342615 0.000981387 0.210757 0.00736594 0.00712597 
0.0017908 0.0155744 0.00542777 0.00886309 0.0372321 0.057084 0.0346716 0.697059 0.00281861 0.129563 0.00980635 0.000109491 
0.000187844 0.0192765 0.136392 0.0164892 0.0191491 0.216164 0.0361507 0.407048 0.000942449 0.141587 0.00561009 0.00100368 
0.000111774 0.124173 0.00527079 0.0408664 0.0753015 0.058091 0.0786598 0.466136 0.000517074 0.145825 0.00497658 7.14785e-05 
0.0012779 0.0127454 0.0351768 0.0376724 0.0255296 0.088651 0.0905214 0.441844 0.000810744 0.252188 0.0112149 0.00236765 
0.000132875 0.0250917 0.00203733 0.0118071 0.0643465 0.148958 0.0209487 0.521839 0.000812184 0.198326 0.00568371 1.73139e-05 
0.000424194 0.0288318 0.0268388 0.0288776 0.0403862 0.103408 0.067795 0.443963 0.00185165 0.208394 0.0484576 0.000772286 
0.000899936 0.0185603 0.0180956 0.047272 0.114778 0.0928564 0.122871 0.436656 0.00201399 0.13398 0.00329791 0.00871884 
0.000615073 0.0717944 0.0245461 0.0970835 0.0550869 0.030134 0.0386193 0.407584 0.00701185 0.257315 0.0094309 0.000778694 
0.0641865 0.0313632 0.027267 0.0250362 0.0289851 0.0338876 0.0283793 0.612711 0.000499648 0.141333 0.00517396 0.00117732 
0.000420465 0.0137918 0.0148313 0.0137751 0.03667 0.0198895 0.0195853 0.737783 0.00881222 0.113317 0.0204664 0.000658023 
6.8278e-05 0.153377 0.00651479 0.0244243 0.158082 0.0812548 0.0713903 0.331276 0.0219988 0.146707 0.00302317 0.00188354 
6.09336e-05 0.0291007 0.00226914 0.0396823 0.183948 0.0539932 0.0663061 0.34084 0.0167393 0.260257 0.00357695 0.00322697 
0.000106272 0.00302494 0.052122 0.01599 0.0701057 0.244053 0.19514 0.332478 0.000920884 0.0631199 0.0219276 0.00101272 
7.14586e-05 0.0257195 0.030155 0.0130297 0.0646004 0.066514 0.0921147 0.390585 0.0103322 0.293379 0.0121113 0.00138767 
4.33051e-06 0.0271793 0.00746632 0.0222594 0.0473198 0.0525083 0.0385524 0.634079 0.0170409 0.143547 0.0088486 0.00119406 
0.00263641 0.19039 0.0517827 0.0220167 0.0236518 0.0489997 0.0284317 0.576847 0.00457625 0.0446266 0.0050276 0.00101356 
3.05616e-05 0.0334764 0.0136657 0.00999006 0.0132171 0.213958 0.0256179 0.372789 2.12699e-05 0.314729 0.0022417 0.000262665 
0.000364482 0.0569621 0.00712859 0.0148348 0.0640314 0.0192479 0.0166613 0.618893 0.0453859 0.152252 0.0025456 0.00169263 
0.000134388 0.00685517 0.0451346 0.0124769 0.113504 0.127163 0.0918887 0.338341 0.00092852 0.252702 0.0097422 0.00113036 
0.017695 0.00956737 0.00382598 0.057133 0.0610157 0.133451 0.0792625 0.494211 0.00298047 0.110182 0.0232177 0.0074593 
0.0574459 0.00731252 0.00418519 0.0173294 0.00858785 0.0414084 0.0839904 0.575022 4.98437e-05 0.197763 0.00660859 0.000296682 
2.37723e-05 0.0951587 0.0761905 0.0200628 0.0840651 0.0491851 0.0593326 0.456488 0.00190724 0.142464 0.0126703 0.0024515 
0.000576039 0.00971887 0.205607 0.191164 0.00780413 0.0569657 0.0360111 0.393003 0.000253478 0.0962039 0.00211614 0.000575896 
0.000351246 0.0249503 0.040881 0.0173463 0.0164739 0.0375162 0.0850937 0.696152 6.35647e-05 0.0774885 0.00300418 0.000678937 
0.00310923 0.0335665 0.0465693 0.0196252 0.0949189 0.0415116 0.0308269 0.381863 0.0371416 0.305953 0.00329497 0.00162011 
0.00106254 0.0020805 0.0057612 0.0716459 0.0564259 0.0464459 0.0644676 0.468304 4.76789e-05 0.263014 0.0184645 0.00228054 
0.000304365 0.0208723 0.0159468 0.0218418 0.0433134 0.0351617 0.0187364 0.674797 0.00687833 0.14698 0.0146529 0.000515462 
0.0027206 0.066515 0.0122315 0.0204267 0.0580744 0.0597975 0.0637158 0.564615 0.0114442 0.121929 0.0153648 0.0031654 
0.000420465 0.0137918 0.0148313 0.0137751 0.03667 0.0198895 0.0195853 0.737783 0.00881222 0.113317 0.0204664 0.000658023 
0.000420465 0.0137918 0.0148313 0.0137751 0.03667 0.0198895 0.0195853 0.737783 0.00881222 0.113317 0.0204664 0.000658023 
0.00626423 0.0614005 0.00337277 0.0845538 0.201722 0.00913195 0.0266038 0.36049 0.0397986 0.198147 0.00139775 0.00711824 
0.00784045 0.0133564 0.0117842 0.0624826 0.040485 0.0889358 0.118817 0.35471 0.000255862 0.278109 0.0211639 0.00206048 
0.000193557 0.166109 0.00986249 0.0322381 0.0803637 0.0368342 0.0437886 0.488908 0.011205 0.126982 0.00222779 0.00128793 
0.000272063 0.0393966 0.0065382 0.025902 0.0905612 0.0737422 0.0626915 0.424547 0.0114506 0.256802 0.00701244 0.00108379 
1.58047e-06 0.002757 0.0353804 0.010443 0.133401 0.292979 0.0399456 0.435482 0.000392679 0.039778 0.0080502 0.00138992 
0.0028137 0.0267729 0.0220962 0.0785465 0.110814 0.0417474 0.0337798 0.493825 0.0229474 0.161957 0.00438521 0.000315171 
9.77232e-05 0.0001363 0.0174356 0.00179719 0.00697216 0.0705044 0.084661 0.623621 0.000109237 0.184427 0.0101984 4.04217e-05 
0.000261086 0.0723812 0.0083713 0.0216 0.0579964 0.0623852 0.042982 0.467013 0.00340723 0.258831 0.00476399 7.50331e-06 
0.000109511 0.00945817 0.00709456 0.0148826 0.243469 0.132455 0.0264352 0.365095 0.000661471 0.195807 0.00413092 0.000400687 
0.000151496 0.227236 0.0366638 0.0143453 0.142185 0.0396688 0.0586015 0.412143 0.00833992 0.0530335 0.00447653 0.00315476 
9.80815e-05 0.0325221 0.022261 0.0256598 0.0243642 0.0757793 0.014577 0.632215 0.00417239 0.160624 0.00640691 0.00132016 
0.00031559 0.0420031 0.0378366 0.0106979 0.0829527 0.147713 0.0859202 0.405815 0.000258069 0.175097 0.0069664 0.00442482 
5.28031e-05 0.0118858 0.0369724 0.0252566 0.0219048 0.103909 0.106594 0.551777 0.000978157 0.137078 0.003361 0.000231025 
0.000257187 0.0537924 0.00712626 0.0416461 0.0359386 0.0446515 0.0539504 0.549629 0.000326331 0.208432 0.00420894 4.15572e-05 
0.000204676 0.0302677 0.0981802 0.0338248 0.0395163 0.18329 0.113893 0.367756 0.000489742 0.116518 0.0150817 0.000977116 
4.72219e-06 0.104272 0.0296805 0.066151 0.163166 0.0240805 0.0817201 0.359671 0.00103658 0.167101 0.00136649 0.00175001 
0.00111175 0.077654 0.027401 0.0299136 0.0174289 0.0325956 0.101631 0.362113 0.00478752 0.336388 0.00858941 0.000386795 
0.000211323 0.0600042 0.0166666 0.071445 0.172643 0.0745988 0.0872325 0.295262 0.0129309 0.165198 0.0166287 0.0271788 
0.000100618 0.0247855 0.0189074 0.0470476 0.0508863 0.0641351 0.100611 0.401474 0.00809321 0.267704 0.0152126 0.00104258 
0.00103439 0.0517499 0.00883068 0.00486116 0.015369 0.0698655 0.0346753 0.689232 1.06284e-05 0.113768 0.0103109 0.000292644 
0.000198661 0.0208869 0.0267094 0.0970524 0.0423454 0.0520599 0.0716118 0.400057 0.000299928 0.284691 0.00273175 0.00135551 
8.02538e-05 0.0431937 0.00755686 0.0448597 0.117825 0.102052 0.0652556 0.425904 0.017513 0.151906 0.0043513 0.0195026 
0.00289222 0.00560645 0.0235744 0.108183 0.129173 0.0513518 0.0934404 0.351648 0.000721627 0.219803 0.0129991 0.000606696 
0.000810519 0.00132822 0.0421523 0.0203926 0.00992364 0.0197119 0.0189694 0.591208 1.30412e-05 0.290092 0.00387995 0.00151862 
0.00080414 0.0332792 0.0132469 0.0104237 0.00794669 0.0728307 0.0767241 0.590725 0.000243934 0.178507 0.0129158 0.00235258 
0.000711098 0.029203 0.0166595 0.140197 0.0243783 0.0614865 0.084538 0.407628 0.00243029 0.22559 0.00687247 0.000307301 
6.95172e-06 0.0670594 0.0230822 0.0198603 0.0417562 0.0479754 0.0398532 0.636058 0.00641239 0.0943052 0.000965898 0.0226652 
0.000119279 0.247149 0.00163429 0.0142574 0.0196923 0.00348098 0.0230713 0.577251 0.0184351 0.0918143 0.000283697 0.00281123 
0.000386633 0.000300512 0.0117357 0.0146129 0.00441432 0.0376049 0.0902937 0.734326 3.01738e-06 0.101395 0.00481118 0.000116738 
0.000443316 0.0391228 0.0388868 0.0142339 0.020169 0.145799 0.0669035 0.415633 0.000456192 0.254395 0.00314552 0.000811911 
0.000557658 0.0324709 0.00351402 0.0259289 0.0273841 0.0473631 0.0205869 0.65604 0.0101012 0.168056 0.00622507 0.00177245 
0.000143843 0.00535216 0.00811356 0.0252 0.0222838 0.0742467 0.03877 0.660172 0.00024285 0.159821 0.00200599 0.00364773 
0.0432003 0.0156743 0.00492879 0.0753928 0.0199999 0.0331688 0.139146 0.37322 0.0139784 0.276127 0.00458103 0.000582764 
0.0139249 0.0276738 0.0130275 0.0184435 0.0359913 0.0416706 0.0394575 0.425572 0.256733 0.110276 0.016336 0.000894417 
0.000981539 0.036847 0.0168663 0.0525595 0.0439817 0.10036 0.0895505 0.501043 8.00804e-05 0.143827 0.0130526 0.000850806 
0.00272623 0.00757619 0.00770527 0.0289441 0.0209398 0.0561062 0.068651 0.533557 0.00288394 0.260211 0.0102891 0.000410488 
1.54603e-05 0.020269 0.0955058 0.00687003 0.0181671 0.173923 0.0345167 0.373217 0.00476005 0.265407 0.00730578 4.20883e-05 
0.000222749 0.0258445 0.0174866 0.00617437 0.0462404 0.0689964 0.0221299 0.622375 0.0041572 0.179681 0.00538486 0.0013067 
0.000152605 0.116042 0.0204407 0.0162375 0.0436082 0.0483563 0.0394949 0.414779 0.00660309 0.267317 0.0179104 0.00905884 
0.000420465 0.0137918 0.0148313 0.0137751 0.03667 0.0198895 0.0195853 0.737783 0.00881222 0.113317 0.0204664 0.000658023 
0.000108471 0.0137209 0.00248472 0.0207608 0.0348773 0.0897586 0.042034 0.625848 2.79942e-05 0.155231 0.0146908 0.000458118 
0.000756666 0.00367774 0.0049446 0.0281282 0.0136309 0.0746622 0.264627 0.388047 3.825e-05 0.211779 0.00970836 7.41611e-08 
0.17954 0.0032288 0.00378057 0.0778886 0.023788 0.0153804 0.0337883 0.501829 4.11579e-05 0.150377 0.00395494 0.00640243 
0.0133028 0.0756551 0.019481 0.200247 0.00821887 0.0326789 0.121944 0.348904 0.00148627 0.165831 0.00512648 0.00712476 
0.000214744 0.107764 0.0278473 0.048408 0.162525 0.101798 0.13425 0.255808 0.0119253 0.135349 0.00682004 0.00729147 
8.88365e-05 0.198262 0.0094467 0.045322 0.129044 0.0300129 0.0420466 0.405289 0.0145959 0.121017 0.00317433 0.00170015 
0.000581693 0.00576261 0.00812328 0.0204246 0.0202266 0.182887 0.0882451 0.364247 3.18023e-05 0.292966 0.0161644 0.000340059 
0.000323067 0.0202673 0.0103023 0.0455597 0.189745 0.108227 0.0740676 0.334455 0.00172337 0.201956 0.00832429 0.00504946 
4.5406e-05 0.0197769 0.0275796 0.0167542 0.0628458 0.274097 0.0367252 0.38131 0.000291638 0.176547 0.00389074 0.000137166 
0.00109084 0.0195864 0.0134608 0.0308997 0.0295803 0.0413133 0.0339243 0.602056 0.0216027 0.194282 0.0119784 0.000225699 
0.000420465 0.0137918 0.0148313 0.0137751 0.03667 0.0198895 0.0195853 0.737783 0.00881222 0.113317 0.0204664 0.000658023 
0.00147649 0.0150348 0.0299275 0.0119084 0.0192416 0.123211 0.0937146 0.514376 6.74407e-05 0.174774 0.0125888 0.00367985 
0.000128687 0.0206505 0.0153814 0.0144209 0.0234467 0.0352715 0.0456323 0.616399 0.000225652 0.204738 0.0228849 0.000819737 
0.00132256 0.015847 0.00745342 0.0267871 0.0377377 0.049534 0.0811733 0.52156 0.00281779 0.214127 0.0415057 0.000134053 
0.000420465 0.0137918 0.0148313 0.0137751 0.03667 0.0198895 0.0195853 0.737783 0.00881222 0.113317 0.0204664 0.000658023 
9.41828e-06 0.00218434 0.0109821 0.00384842 0.00761396 0.107412 0.0151047 0.785615 9.4735e-06 0.0658663 0.00128516 6.93608e-05 
0.00121073 0.0748278 0.0220709 0.00695037 0.0556197 0.0431983 0.0218017 0.739591 0.000748744 0.0324172 0.0010266 0.000537233 
9.78073e-05 0.0107425 0.0162763 0.0133224 0.0417354 0.124043 0.100252 0.43337 0.000122874 0.21997 0.0398478 0.000220245 
0.000110831 0.0950173 0.0665659 0.138449 0.0981037 0.126773 0.0360909 0.366833 0.000305394 0.0683007 0.00259558 0.000854689 
0.000116432 0.0200709 0.0308203 0.0595907 0.0119389 0.115568 0.109915 0.545556 1.2272e-05 0.0971971 0.00847084 0.000742737 
0.251618 0.020379 0.00358446 0.0151178 0.00928297 0.0145519 0.169524 0.393604 0.00209826 0.111824 0.00764199 0.000773335 
0.000214356 0.0242492 0.00786714 0.0249217 0.0808119 0.223124 0.0749044 0.30101 0.00181813 0.24724 0.013135 0.000705126 
0.00023053 0.201604 0.00941849 0.0399057 0.0714248 0.0683393 0.036956 0.478577 0.00663506 0.0843101 0.00153982 0.00105856 
0.000158133 0.0236539 0.0188146 0.0383186 0.0614642 0.071959 0.0469247 0.489427 2.95856e-05 0.233535 0.0141341 0.00158183 
0.00165498 0.0233403 0.0274136 0.00836657 0.0159383 0.0526638 0.0520262 0.576828 0.00346546 0.226825 0.0111566 0.000320889 
4.0569e-05 0.132748 0.00350892 0.014811 0.0396949 0.05392 0.00836251 0.571369 0.00178284 0.170396 0.00173508 0.00163125 
4.61792e-05 0.0768058 0.00921757 0.090179 0.0954933 0.0308703 0.0915618 0.30928 0.0650684 0.194189 0.0340605 0.00322845 
4.46827e-05 0.0348142 0.0147663 0.0174695 0.06435 0.211655 0.0362292 0.386666 0.000316566 0.21389 0.0194887 0.00030928 
0.000219232 0.208565 0.00626637 0.045155 0.0665319 0.0603697 0.050205 0.380102 0.00973829 0.167877 0.00179542 0.00317491 
0.0517868 0.00462517 0.0111088 0.027635 0.0219531 0.0780785 0.0685502 0.468554 0.000233578 0.245522 0.0206017 0.00135206 
9.95871e-09 0.00737729 0.00947082 4.46029e-05 9.24365e-08 0.0481959 0.0154313 0.89271 0.000119149 0.0266508 2.32887e-07 4.52817e-12 
0.000355783 0.0412417 0.0719626 0.117179 0.0491278 0.147217 0.074907 0.330534 0.00642023 0.14594 0.0140566 0.00105818 
0.00105046 0.0145837 0.0129446 0.128608 0.0245235 0.0386087 0.239171 0.40065 0.000484973 0.134641 0.00426645 0.000467558 
0.000420465 0.0137918 0.0148313 0.0137751 0.03667 0.0198895 0.0195853 0.737783 0.00881222 0.113317 0.0204664 0.000658023 
3.11208e-05 0.0631803 0.0469213 0.0812213 0.0581318 0.0371996 0.0316821 0.531996 0.020027 0.125627 0.00281457 0.00116774 
0.000101641 0.0426283 0.0285708 0.028303 0.0973438 0.241581 0.0533333 0.25283 0.00209259 0.236141 0.0164658 0.000608741 
1.64159e-05 0.0145247 0.0936035 0.0160559 0.0563 0.160784 0.054277 0.39767 0.000124481 0.203269 0.00333052 4.45901e-05 
0.000187169 0.0243955 0.037471 0.0653943 0.0743665 0.14417 0.146056 0.241458 0.00535707 0.232113 0.026559 0.00247202 
0.000337687 0.00537723 0.0972497 0.00830637 0.111606 0.301724 0.0396198 0.315826 0.000458857 0.116117 0.00295749 0.00042088 
0.00224392 0.0184769 0.00891956 0.0684092 0.0238024 0.0346222 0.0508098 0.460381 0.00784207 0.315462 0.00819748 0.000833217 
0.000210773 0.0120004 0.021649 0.0124813 0.0135613 0.124775 0.0412387 0.679268 0.000101017 0.0802171 0.0118474 0.00265071 
0.000420465 0.0137918 0.0148313 0.0137751 0.03667 0.0198895 0.0195853 0.737783 0.00881222 0.113317 0.0204664 0.000658023 
