0.000330157 0.0224857 0.026846 0.151531 0.108691 0.121626 0.216293 0.0752627 0.00748449 0.251161 0.016766 0.0015231 
0.000292718 0.0355027 0.0181344 0.114625 0.0633026 0.0673797 0.279259 0.0690666 0.00123247 0.302257 0.0482973 0.000650974 
0.0151562 0.0206783 0.0726393 0.109753 0.032923 0.171784 0.14478 0.173958 0.00333769 0.237595 0.0158658 0.0015288 
0.000407302 0.0767294 0.00645133 0.0434625 0.169644 0.0257413 0.0400335 0.176131 0.156668 0.299299 0.00314168 0.00229111 
2.0157e-05 0.0265206 0.00930853 0.0992655 0.0848419 0.140756 0.165669 0.0737387 0.00346988 0.393437 0.00277473 0.000197474 
0.000574381 0.0310034 0.030697 0.0899988 0.0829076 0.0767073 0.0869759 0.067355 0.0042173 0.514205 0.0140377 0.00132109 
0.000405167 0.0181151 0.0232621 0.0795397 0.172644 0.10865 0.149139 0.081048 0.00135628 0.346752 0.0184708 0.00061817 
0.000846977 0.0943285 0.0119621 0.0458834 0.0192143 0.036444 0.106176 0.333075 0.00264111 0.337774 0.0111507 0.000503724 
0.000371007 0.0200747 0.0330997 0.0548392 0.163012 0.086875 0.142336 0.111115 0.00889527 0.364124 0.0124524 0.00280446 
0.000315101 0.00181877 0.00923597 0.02149 0.011344 0.0685718 0.321891 0.157499 1.26424e-05 0.33514 0.0723965 0.000284879 
0.000717117 0.0222364 0.0167847 0.0250372 0.0591917 0.0462717 0.0145145 0.303958 0.00474823 0.490667 0.0148209 0.00105253 
7.06188e-05 0.0532872 0.0169115 0.0469282 0.188708 0.0587852 0.0350813 0.112135 0.0290264 0.45557 0.00321967 0.000277284 
0.00374082 0.0676837 0.0188693 0.0410341 0.0908987 0.112164 0.140397 0.125661 0.0115581 0.377068 0.00795523 0.00296996 
0.000232562 0.00944903 0.0418095 0.0273448 0.0526178 0.0982686 0.190539 0.128012 0.00819296 0.395809 0.0447382 0.00298671 
4.03413e-05 0.0672659 0.0190572 0.0904486 0.107476 0.0672226 0.210903 0.0808535 0.0180625 0.32574 0.0104199 0.0025111 
0.00198561 0.0273805 0.0199666 0.14568 0.0396165 0.0961842 0.137025 0.138335 0.0211688 0.361595 0.00608286 0.00497966 
0.000282854 0.13059 0.0977195 0.0368368 0.12631 0.0948224 0.14661 0.0776912 0.0126692 0.263631 0.00544761 0.00738972 
0.000216975 0.0351033 0.0354083 0.0343934 0.0638 0.208576 0.137172 0.201338 0.00111744 0.269135 0.0120093 0.00173094 
0.000117339 0.0101088 0.000528561 0.0264559 0.269811 0.0162089 0.00773731 0.0530415 9.44444e-06 0.614331 0.000440614 0.00120983 
0.000742536 0.0199845 0.00717397 0.0866884 0.0323822 0.0846364 0.0980646 0.273346 0.00297176 0.379108 0.0106043 0.00429726 
0.000201128 0.0267143 0.0365583 0.0996058 0.21639 0.0638426 0.120037 0.0813479 0.0129289 0.332719 0.00735277 0.00230311 
7.39127e-06 0.044735 0.0106831 0.0144552 0.0654329 0.140049 0.0576482 0.248174 0.00753807 0.407328 0.00233349 0.00161536 
0.000205238 0.0116605 0.0186966 0.0664978 0.10428 0.174484 0.213798 0.0407824 3.61064e-05 0.361988 0.00684989 0.00072168 
8.37842e-05 0.0302932 0.055168 0.149011 0.069622 0.0978984 0.238783 0.0537149 0.00253419 0.276661 0.0246133 0.00161741 
0.000343817 0.0240296 0.0170294 0.126429 0.235605 0.0964645 0.118034 0.0585811 0.00761779 0.299067 0.00630963 0.0104892 
0.00729005 0.019687 0.0140379 0.0594174 0.0772221 0.0472454 0.0795575 0.0873963 0.00440377 0.598118 0.00479125 0.000833659 
0.000459622 0.0114643 0.00814746 0.0359926 0.0619273 0.211274 0.293401 0.0412523 0.00038091 0.295967 0.0377856 0.00194871 
0.000127047 0.0319256 0.0272544 0.07186 0.0830128 0.0894259 0.2258 0.14404 0.00688313 0.288975 0.0274148 0.00328138 
8.08005e-05 0.00409563 0.0579276 0.0549434 0.035094 0.107957 0.183627 0.210456 0.00135451 0.32602 0.0173142 0.00112987 
0.00124317 0.0253532 0.0667381 0.137879 0.0350192 0.0699897 0.192798 0.104982 0.000375091 0.34331 0.0210774 0.00123428 
3.23323e-05 0.0574201 0.0443786 0.0764504 0.228225 0.0252172 0.0377042 0.0713174 0.00477956 0.447223 0.00501902 0.00223318 
0.00109684 0.0129609 0.0084726 0.259434 0.105938 0.0367235 0.115719 0.102765 0.0128014 0.305064 0.0344736 0.00455224 
0.000330065 0.00685915 0.0229581 0.0196604 0.0322786 0.201825 0.0541128 0.225853 0.00820275 0.409491 0.0179022 0.000526858 
0.000346133 0.0106737 0.00531644 0.220578 0.0227527 0.0374177 0.0549064 0.289048 2.0405e-05 0.344462 0.013595 0.000884249 
8.12889e-05 0.0662919 0.0253351 0.0858811 0.0762023 0.0504262 0.225774 0.150882 0.0137046 0.286088 0.0178962 0.0014369 
0.000652099 0.00720849 0.0173298 0.0186483 0.0491768 0.176148 0.229514 0.0412515 0.00263944 0.414255 0.041763 0.00141435 
4.05847e-05 0.198004 0.065523 0.0605614 0.124203 0.0537829 0.0380433 0.0700659 0.0350283 0.350095 0.00121748 0.00343434 
0.000132241 0.0640955 0.00523811 0.0750493 0.161561 0.075574 0.114528 0.177785 0.000655821 0.306283 0.0147496 0.00434818 
1.69235e-05 0.119715 0.0110232 0.0162649 0.226642 0.0374485 0.0263464 0.240253 0.00603339 0.299626 0.0118849 0.00474446 
0.000314774 0.0274703 0.0220948 0.0486191 0.0276318 0.042991 0.382253 0.0484106 0.000211461 0.392851 0.0068478 0.000304789 
9.16333e-05 0.01069 0.0107024 0.0403746 0.0829078 0.107765 0.213229 0.116368 0.00041689 0.35455 0.0625584 0.000346652 
0.0011943 0.0290507 0.0637594 0.139324 0.0442613 0.0668977 0.195286 0.0990749 0.000308432 0.338507 0.0206243 0.00171169 
0.000125536 0.0507728 0.0362115 0.056291 0.207341 0.105236 0.147983 0.104922 0.0087734 0.236044 0.0444451 0.00185294 
0.000351478 0.021225 0.0363305 0.0536154 0.165851 0.0751725 0.285524 0.0584225 0.00997084 0.288403 0.0044429 0.000690915 
0.00106734 0.00771405 0.0226764 0.149335 0.12284 0.0503998 0.0489624 0.0465393 0.00028122 0.547416 0.00257556 0.000192549 
0.000204736 0.0102721 0.0345426 0.0335076 0.137546 0.0493028 0.0937006 0.069423 0.000261209 0.548445 0.0218062 0.000988496 
8.48041e-05 0.0217092 0.0425194 0.0464127 0.237375 0.1763 0.0863801 0.143894 0.000192744 0.242382 0.00189782 0.000852152 
0.000375485 0.00322871 0.0222511 0.0103267 0.111471 0.137477 0.210108 0.14146 6.9136e-05 0.338724 0.00656679 0.0179422 
0.000141551 0.0186845 0.0111877 0.0399376 0.156002 0.0306638 0.091771 0.0409253 0.0104868 0.59248 0.00438608 0.0033338 
0.00373241 0.125832 0.0175404 0.198607 0.102268 0.0764035 0.146618 0.080643 0.0047507 0.230706 0.0109834 0.00191492 
0.00160172 0.0322521 0.0148518 0.101652 0.0529013 0.0262498 0.0783705 0.0485804 0.0115805 0.626779 0.00314404 0.00203693 
0.00148996 0.0203293 0.0239631 0.0447685 0.0580216 0.0741444 0.0712412 0.30695 0.00480736 0.382846 0.0112743 0.000164434 
0.00175394 0.0220362 0.0114955 0.0727124 0.0197794 0.046555 0.118599 0.139916 0.00065689 0.560627 0.00549683 0.00037161 
0.000143714 0.0656696 0.0368361 0.0830563 0.123294 0.05346 0.116446 0.108329 0.0204331 0.389368 0.00133168 0.00163292 
0.000284848 0.0295071 0.017402 0.0548752 0.208769 0.049413 0.0516011 0.0398271 0.00578094 0.536135 0.00421446 0.00219023 
0.00142854 0.00674992 0.0197709 0.0177211 0.052601 0.0816455 0.17577 0.0395366 5.08518e-05 0.586361 0.018198 0.000166575 
0.000108365 0.0360462 0.011899 0.12857 0.0850924 0.0577299 0.229183 0.0636612 0.00444464 0.375691 0.00652683 0.00104817 
0.000152802 0.0900791 0.00527409 0.0800744 0.173423 0.00605972 0.0302227 0.104505 0.026242 0.481672 0.000629888 0.00166601 
3.06713e-05 0.157422 0.000486149 0.0209169 0.0804426 0.0195464 0.0126041 0.0778127 3.03514e-05 0.62693 0.00376307 1.5118e-05 
0.000237596 0.00419015 0.00991225 0.0159827 0.0455387 0.177095 0.237381 0.0378416 0.000266829 0.426106 0.0442055 0.00124274 
0.00140591 0.0120406 0.0129337 0.0496071 0.0496572 0.132123 0.133244 0.151414 0.00571398 0.43882 0.0117726 0.0012671 
0.000389168 0.0337584 0.0436052 0.0871756 0.156884 0.091399 0.196585 0.0796569 0.00915103 0.283174 0.0161948 0.00202685 
0.00165512 0.00424037 0.0249322 0.00680227 0.0455454 0.117149 0.0810472 0.145427 0.00197981 0.563534 0.00616665 0.0015215 
0.000518708 0.0265612 0.0238263 0.0801906 0.0515285 0.112916 0.260676 0.0653963 0.0044185 0.340326 0.0297316 0.00391037 
0.000568392 0.0174142 0.0149355 0.0202935 0.0147588 0.0413074 0.168565 0.106265 0.00247942 0.56602 0.0459724 0.00142113 
0.00079287 0.0200341 0.0259531 0.0601522 0.0211947 0.101638 0.176273 0.269399 0.00184662 0.280195 0.0420194 0.000501215 
1.23979e-05 0.0487358 0.0147247 0.0296795 0.148989 0.0172859 0.0159374 0.0673288 0.00838873 0.643132 0.00276485 0.00302044 
0.000848578 0.00789386 0.0703486 0.0129124 0.131268 0.0579441 0.0693403 0.10039 1.11435e-05 0.542504 0.0065097 2.88536e-05 
0.000555173 0.0404444 0.0168889 0.0592135 0.045055 0.0410207 0.23936 0.13451 0.00289591 0.396219 0.0230357 0.000801734 
9.93391e-05 0.100968 0.0234401 0.0862038 0.128546 0.0538136 0.19862 0.0260307 0.0095127 0.275716 0.0105556 0.0864947 
0.000540397 0.00692374 0.0115639 0.162741 0.153797 0.128464 0.121114 0.164526 2.63524e-05 0.242944 0.00733443 2.63386e-05 
0.000161644 0.172375 0.0542673 0.0244001 0.165136 0.0408788 0.0393001 0.147178 0.0469772 0.303634 0.00384767 0.00184378 
0.000145282 0.00165077 0.00783893 0.01881 0.0353156 0.166814 0.0542983 0.0385396 0.00498018 0.656433 0.0142529 0.000921307 
0.0946691 0.0419396 0.0332306 0.0389816 0.0831345 0.0880123 0.202907 0.140267 0.00595666 0.255939 0.0134814 0.00148123 
1.3918e-05 0.00898324 0.048977 0.0129181 0.0500738 0.247729 0.140488 0.145176 0.00168878 0.317881 0.0259832 8.78416e-05 
0.000442094 0.0626602 0.0165434 0.15893 0.192099 0.0280884 0.0616667 0.0796385 0.0397053 0.33981 0.00691815 0.013498 
0.000223407 0.0124304 0.0475026 0.158415 0.103229 0.0768629 0.179001 0.0273898 0.00236944 0.377115 0.0148968 0.000565137 
7.72434e-05 0.0224012 0.0506313 0.138502 0.0288246 0.04009 0.0475693 0.214324 0.00230038 0.441215 0.0137804 0.000284722 
0.000432955 0.236251 0.0303058 0.0851419 0.0499121 0.0360548 0.158298 0.130692 0.0129415 0.249015 0.0102093 0.00074561 
0.000864989 0.00631976 0.0540269 0.0674852 0.0227107 0.0907049 0.169429 0.0761808 0.000246193 0.504645 0.00684502 0.000541874 
6.51081e-06 0.193129 0.0365287 0.0901337 0.142554 0.0312625 0.140864 0.0606314 0.0270567 0.260992 0.0120723 0.00476957 
0.000241367 0.013658 0.0245092 0.0426185 0.078938 0.151777 0.243943 0.0589539 0.0046492 0.363782 0.0161152 0.000815383 
0.00185421 0.0863836 0.0147157 0.0432375 0.221488 0.0282782 0.0983908 0.151059 0.0758018 0.259582 0.0015924 0.0176168 
1.29674e-05 0.0152463 0.0557474 0.0289508 0.0343122 0.230216 0.0996938 0.17884 9.46161e-05 0.350916 0.00594182 2.8526e-05 
0.0188685 0.190603 0.0235206 0.0243735 0.0586993 0.0510142 0.10209 0.145465 0.00406118 0.358912 0.0214776 0.00091421 
0.000473 0.0454754 0.0222343 0.0847364 0.117403 0.169705 0.0775452 0.204636 0.00745823 0.237718 0.0315478 0.00106753 
0.00137283 0.0714779 0.0236981 0.128517 0.0967423 0.0242548 0.0636899 0.0547238 0.0378463 0.485171 0.00482992 0.00767587 
0.000340571 0.0504051 0.0140599 0.0592907 0.0372298 0.111065 0.129556 0.284545 0.000698589 0.304295 0.00842255 9.1519e-05 
0.000851228 0.0571582 0.0169707 0.152146 0.10368 0.0688091 0.20713 0.08436 0.00695338 0.241441 0.0209259 0.0395745 
0.000168716 0.0371052 0.0144835 0.0167732 0.106635 0.0313029 0.0785367 0.0473259 0.00341157 0.654328 0.00738263 0.00254674 
0.00214359 0.0488129 0.0269409 0.0635444 0.131901 0.0647231 0.069437 0.0543059 0.0116336 0.515272 0.00798925 0.00329708 
0.00405535 0.0738994 0.0191147 0.1342 0.125375 0.0589977 0.231107 0.0184242 0.0120176 0.314855 0.00674524 0.00120983 
0.000121225 0.0215149 0.023403 0.0444994 0.217881 0.0654741 0.0776869 0.0871576 0.016784 0.438607 0.00491608 0.00195456 
0.000701231 0.0108499 0.0342983 0.0540231 0.0536246 0.041132 0.088417 0.0934467 0.00157779 0.607599 0.0117957 0.00253504 
0.000602206 0.0311428 0.0346038 0.169087 0.149137 0.0681967 0.200363 0.0603506 0.00771884 0.263089 0.0121624 0.00354656 
0.000839377 0.0325271 0.0272015 0.0831818 0.186096 0.0761144 0.174589 0.0656068 0.00493985 0.337742 0.00896905 0.00219307 
0.000317765 0.00565426 0.0364419 0.0136852 0.0511582 0.19688 0.186459 0.110092 8.11563e-06 0.381368 0.0158163 0.00211873 
0.000318445 0.0370513 0.022574 0.0519492 0.137287 0.0576672 0.0723476 0.0560811 0.00985026 0.543391 0.00780669 0.00367654 
0.000737002 0.0277042 0.0256576 0.0584513 0.124715 0.0913864 0.189855 0.0832724 0.00402599 0.375991 0.0163917 0.00181254 
0.00024442 0.0137251 0.0319836 0.0381566 0.0552619 0.0751054 0.130471 0.148345 0.00079786 0.4944 0.00926209 0.00224688 
0.0011038 0.0289846 0.057725 0.142504 0.0399321 0.0716747 0.254517 0.0744461 0.0011626 0.306006 0.0200243 0.00191881 
0.000242964 0.0203694 0.0339562 0.0113958 0.0413715 0.197899 0.0437557 0.217401 0.000452446 0.396142 0.0359779 0.00103579 
0.00171033 0.0105965 0.0151527 0.0777285 0.0557909 0.124199 0.154864 0.0844235 0.0020999 0.462256 0.0104296 0.000749674 
3.50307e-05 0.0242665 0.0207508 0.0300695 0.157407 0.0595272 0.116896 0.0540719 0.00165598 0.526727 0.00723064 0.00136227 
0.00208485 0.00948768 0.0750439 0.120662 0.0194613 0.206759 0.130609 0.156451 0.000445053 0.263133 0.0152684 0.000594533 
8.73579e-05 0.0191702 0.0286888 0.0474736 0.0739943 0.0685487 0.113629 0.0501119 0.00489846 0.576964 0.0155285 0.000904998 
0.000686679 0.00678817 0.0465884 0.0404952 0.0289149 0.0940696 0.101671 0.26419 0.000379407 0.412907 0.00305332 0.000256741 
9.25723e-05 0.0141121 0.0149043 0.0305703 0.154376 0.0574878 0.137105 0.0862717 0.000557067 0.472398 0.0291735 0.00295137 
0.000745292 0.0223995 0.0248568 0.0371926 0.0342715 0.0459434 0.144288 0.0341995 0.00180871 0.642986 0.00754418 0.00376467 
0.000133269 0.0122628 0.0252687 0.0509612 0.10317 0.132707 0.226032 0.0969437 0.0026719 0.34292 0.00639544 0.000533874 
0.000413043 0.00701342 0.013936 0.0219213 0.0519832 0.0533718 0.0655009 0.219239 0.00472538 0.538576 0.0197216 0.00359789 
0.000318395 0.196707 0.00726426 0.023972 0.0895109 0.0551452 0.0524211 0.195319 0.0843328 0.242168 0.0148669 0.0379743 
0.000240552 0.149804 0.0277804 0.117482 0.143545 0.0447091 0.165345 0.0541406 0.0338765 0.243982 0.00646391 0.0126313 
0.000568392 0.0174142 0.0149355 0.0202935 0.0147588 0.0413074 0.168565 0.106265 0.00247942 0.56602 0.0459724 0.00142113 
0.000749987 0.0337592 0.0278096 0.0715364 0.0619263 0.0728911 0.24132 0.060655 0.00675561 0.410177 0.00958463 0.00283558 
0.000651581 0.00814521 0.0239457 0.0122554 0.0343287 0.0738028 0.0363573 0.172301 0.00207911 0.625541 0.0102345 0.00035846 
0.0126097 0.0215509 0.0179301 0.0336698 0.146252 0.0452316 0.112395 0.256324 0.00258577 0.339058 0.00974916 0.00264387 
0.00595745 0.0184807 0.0295665 0.0243708 0.0369193 0.0926956 0.104136 0.160043 0.00114559 0.478494 0.0464332 0.00175687 
5.09538e-05 0.0864805 0.0466105 0.0457258 0.071473 0.130556 0.0574583 0.238256 0.0116231 0.308056 0.00269069 0.00101863 
0.000162936 0.0582347 0.0248075 0.0558987 0.163444 0.0581855 0.0789615 0.106135 0.0239561 0.426434 0.00190176 0.00187857 
0.000568392 0.0174142 0.0149355 0.0202935 0.0147588 0.0413074 0.168565 0.106265 0.00247942 0.56602 0.0459724 0.00142113 
0.00367899 0.0126102 0.0226714 0.0871538 0.0616097 0.0831553 0.13467 0.151895 0.000132396 0.429445 0.0105248 0.00245348 
0.000366243 0.0358966 0.027349 0.0412443 0.13608 0.0638472 0.114252 0.235397 0.010903 0.302462 0.0106496 0.0215531 
0.000293535 0.0245213 0.0151288 0.121668 0.119148 0.0428287 0.111115 0.0640229 0.00199161 0.490418 0.00579299 0.00307177 
0.000328659 0.00613536 0.00431147 0.0233614 0.091688 0.0981328 0.127892 0.157318 0.0320289 0.452633 0.005914 0.000255937 
0.000954325 0.0122427 0.0218393 0.0288177 0.0817391 0.0414266 0.0874938 0.0609531 0.0032856 0.64605 0.0147185 0.000479615 
0.000560844 0.005155 0.0714604 0.0460317 0.133624 0.131518 0.152033 0.164707 0.012644 0.23638 0.0414287 0.00445789 
0.00021604 0.0783552 0.0271286 0.041766 0.0990071 0.156249 0.205175 0.0809184 0.00591739 0.27605 0.0230986 0.00611844 
0.0744737 0.0239354 0.0338764 0.0245688 0.170666 0.087974 0.137544 0.142289 0.0266608 0.254873 0.022505 0.000633958 
0.0484409 0.0157243 0.00430106 0.0496068 0.027585 0.0330746 0.0364778 0.32186 0.00210065 0.451913 0.00757708 0.00133918 
0.000354843 0.0223245 0.0113255 0.0176025 0.180591 0.0642084 0.0437558 0.19167 2.28319e-05 0.463467 0.00419243 0.000485474 
0.00100494 0.0343041 0.0354535 0.0810047 0.136458 0.112049 0.1563 0.0892242 0.00762294 0.335504 0.00859367 0.00248134 
8.19806e-05 0.00300946 0.0105475 0.0668971 0.0725915 0.0935833 0.0833213 0.0568858 0.000167282 0.608378 0.00367993 0.000856491 
0.00115547 0.0135883 0.0216671 0.0347359 0.0635569 0.0332138 0.23053 0.0347626 0.00599143 0.557268 0.00245277 0.00107726 
0.000284959 0.009815 0.0524336 0.095264 0.055617 0.268964 0.142765 0.0705464 3.68667e-05 0.283415 0.00635871 0.0144995 
0.000408415 0.0148444 0.0131385 0.027265 0.198268 0.047276 0.0964744 0.11823 0.00128318 0.473658 0.00825413 0.000899968 
0.000716307 0.0190776 0.0279188 0.0401405 0.0368215 0.0655947 0.205798 0.0302377 0.00126062 0.555517 0.0138475 0.00307 
0.00783603 0.0132156 0.00721523 0.0452449 0.0729682 0.059609 0.0592948 0.109259 0.00523496 0.607437 0.0105271 0.00215881 
8.06321e-05 0.00355548 0.0199067 0.0893366 0.110835 0.125399 0.128319 0.224682 0.000234649 0.288119 0.00451612 0.00501599 
0.000399983 0.0118345 0.0213138 0.0163651 0.0210501 0.0820029 0.167359 0.236164 0.00823766 0.238908 0.195718 0.000647564 
0.000309612 0.0509867 0.0265499 0.108089 0.0649847 0.0893985 0.221896 0.129058 0.00626105 0.252224 0.0499054 0.000336629 
0.00026965 0.0174483 0.0644538 0.115017 0.0632651 0.139135 0.120298 0.0898353 0.00205609 0.353137 0.0348479 0.000237957 
1.84602e-05 0.00801479 0.00251414 0.0232256 0.0581265 0.078411 0.0414287 0.371244 0.00122693 0.386198 0.0184726 0.0111191 
0.000337545 0.00242013 0.0361262 0.0700702 0.106714 0.088638 0.0893803 0.126774 0.00150676 0.46871 0.00923404 8.9777e-05 
0.000185531 0.0375232 0.020886 0.0738857 0.110732 0.0772332 0.20653 0.0977676 0.0141365 0.351525 0.00465416 0.00494128 
0.00048187 0.0166701 0.0421868 0.029081 0.203051 0.0884125 0.0905868 0.153274 0.000799022 0.346938 0.0268678 0.00165101 
0.000123853 0.0232673 0.015807 0.0567893 0.115039 0.0335116 0.0466229 0.0809378 0.0113327 0.608405 0.0060776 0.00208545 
0.000199412 0.0258133 0.0111431 0.147674 0.228075 0.0427717 0.0230519 0.0368862 0.000236466 0.467291 0.00504309 0.0118151 
0.000232353 0.0248432 0.0131969 0.100429 0.0974447 0.0816968 0.22172 0.104608 0.00392038 0.331592 0.0169561 0.00336018 
0.00201704 0.0226626 0.0481258 0.0879206 0.115227 0.113059 0.220604 0.0929239 0.00925056 0.24782 0.0391013 0.00128792 
8.92857e-05 0.0358409 0.0352031 0.121066 0.252729 0.0264796 0.0222354 0.116266 0.00943378 0.378436 0.000658482 0.00156208 
0.00150557 0.115072 0.0357367 0.150801 0.114404 0.0771537 0.145203 0.056121 0.0439816 0.242608 0.0119007 0.0055115 
0.000128389 0.0164189 0.0200823 0.038345 0.12214 0.0816892 0.107216 0.158864 0.000371654 0.426946 0.0254147 0.00238541 
0.000222574 0.0540455 0.0153746 0.0948454 0.0879187 0.0308715 0.062202 0.124011 0.00504413 0.522417 0.00175982 0.0012877 
0.000487469 0.054778 0.0163225 0.0512413 0.102112 0.0528139 0.17855 0.123877 0.0773295 0.29676 0.0430449 0.00268313 
0.000457218 0.0155714 0.0451512 0.0726178 0.100226 0.0575249 0.280843 0.072571 0.000173411 0.344065 0.0103489 0.000449885 
0.000353024 0.0206902 0.0139456 0.0585431 0.0773912 0.0625096 0.127365 0.110525 0.0214043 0.499006 0.00771973 0.000547087 
0.000369886 0.0283247 0.00808836 0.0175586 0.131979 0.0331684 0.020904 0.104213 0.00515703 0.64106 0.00703193 0.00214502 
0.000218883 0.159451 0.0384704 0.0868106 0.0792865 0.0868138 0.123407 0.0916804 0.00925204 0.273265 0.0495935 0.00175064 
0.00527727 0.0240031 0.0262386 0.187162 0.116742 0.0802075 0.219323 0.0551706 0.00773611 0.259065 0.0139367 0.00513805 
0.000282187 0.0166782 0.00686657 0.0321039 0.0394219 0.141809 0.186282 0.0798512 0.00603208 0.383021 0.105623 0.00203032 
0.000304658 0.171355 0.0177149 0.101151 0.082168 0.0675696 0.137353 0.0525873 0.0165754 0.319433 0.0310357 0.00275208 
7.63594e-05 0.0991961 0.0194139 0.139485 0.111262 0.052198 0.109117 0.0928829 0.0126485 0.35909 0.00298321 0.00164607 
0.000456698 0.0538994 0.0319219 0.0273426 0.18736 0.0754795 0.209617 0.0932837 0.000871415 0.297171 0.0132236 0.00937385 
0.000140263 0.00453866 0.0151618 0.0270555 0.0560025 0.105252 0.15513 0.128759 0.00746809 0.444556 0.0549893 0.000946323 
0.000467536 0.0606731 0.00638452 0.0636203 0.0917372 0.0498579 0.142586 0.184161 0.0987371 0.298577 0.00291617 0.000282938 
0.000194626 0.0298629 0.0185422 0.0467449 0.23871 0.140635 0.149201 0.0919504 0.00540757 0.267478 0.0103907 0.000882724 
0.000310772 0.0301511 0.0255702 0.105439 0.140246 0.0554126 0.169605 0.0682911 0.0118493 0.377391 0.0104938 0.00523971 
0.000438498 0.018395 0.0246295 0.074995 0.248361 0.0744375 0.182563 0.070747 0.00278137 0.292056 0.00970537 0.000891842 
0.000223747 0.055647 0.0293374 0.0406194 0.105984 0.142815 0.0916017 0.217105 0.00134246 0.251139 0.0638808 0.000305219 
6.78336e-05 0.0360643 0.0190761 0.0535287 0.145664 0.187164 0.131404 0.0404722 0.000906369 0.382311 0.00250546 0.000836224 
0.000138817 0.00636313 0.0167479 0.0687684 0.0261849 0.0709619 0.295969 0.0830676 0.000265965 0.343045 0.0881727 0.000314458 
0.000489033 0.0144965 0.0366109 0.0282811 0.0570311 0.174848 0.176184 0.117371 0.00557486 0.295751 0.0806029 0.0127584 
0.000242062 0.0309258 0.0129048 0.0480229 0.0875677 0.0450791 0.159845 0.0983698 0.00801687 0.491066 0.0136258 0.0043343 
0.000253296 0.039361 0.0244711 0.0517652 0.0765916 0.0908613 0.197753 0.186653 0.0044493 0.287023 0.0400916 0.000727473 
0.000373361 0.0338395 0.00637103 0.0386356 0.260743 0.0230981 0.117422 0.0191937 0.0154884 0.481236 0.00226581 0.00133285 
0.000149785 0.0593599 0.180668 0.0430764 0.0730143 0.121403 0.0929362 0.134971 0.00318522 0.187826 0.102194 0.0012164 
9.59937e-05 0.00833185 0.00869162 0.0165381 0.0467662 0.0498447 0.0839169 0.205512 0.00325002 0.557824 0.0188629 0.000365273 
0.000267948 0.00322009 0.0232411 0.0728739 0.0462362 0.045438 0.107339 0.116325 0.0011124 0.580234 0.00261484 0.00109749 
8.32195e-06 0.0130067 0.00990806 0.0828531 0.193506 0.0384645 0.0396599 0.0377649 0.00113318 0.580306 0.00323984 0.000149187 
0.000248314 0.0116717 0.00260246 0.00185347 0.137248 0.00632496 0.00777567 0.32705 3.78506e-05 0.50424 0.000771945 0.000175731 
0.000522088 0.0201173 0.0206663 0.0428055 0.0392975 0.251642 0.107656 0.153244 0.00641753 0.310091 0.0458363 0.00170478 
0.000533086 0.0780571 0.0198518 0.0598164 0.149949 0.0609971 0.251124 0.0578827 0.00577392 0.289442 0.0245255 0.00204643 
0.000115138 0.0682663 0.0191201 0.0292177 0.204092 0.0577959 0.0592238 0.0361548 0.0874193 0.426616 0.00918831 0.00279064 
0.000832671 0.0200883 0.0145136 0.0866166 0.225218 0.0457826 0.0865875 0.0707797 0.0076537 0.436696 0.00346113 0.0017703 
1.51e-05 0.0098848 0.00956967 0.00857959 0.0101579 0.0197939 0.0319527 0.129905 0.000180745 0.766057 0.0139029 6.15952e-07 
4.68817e-05 0.0262099 0.00964812 0.0420257 0.0727089 0.0249409 0.0808503 0.204776 0.00265229 0.525469 0.0103312 0.000341409 
0.000487099 0.129021 0.0079199 0.0741016 0.163252 0.0214858 0.0945824 0.0450967 0.0225491 0.437347 0.00183054 0.00232732 
7.86294e-05 0.0207176 0.0128517 0.0319198 0.231608 0.105862 0.0145308 0.143194 0.00401698 0.413297 0.00403176 0.017891 
0.000113716 0.011143 0.00853073 0.0528822 0.0876548 0.0491804 0.181285 0.0521945 0.00131578 0.531073 0.0213547 0.00327229 
0.000224377 0.0561895 0.0238197 0.0472685 0.195445 0.0608769 0.142014 0.0575069 0.00573701 0.397063 0.0122617 0.00159428 
0.00137718 0.0445041 0.0212974 0.0899138 0.0527934 0.103676 0.125394 0.191274 0.0388577 0.318374 0.0111913 0.00134635 
0.00152696 0.0299729 0.0285303 0.0837314 0.169003 0.0997626 0.165276 0.0728085 0.000379193 0.326942 0.0203531 0.00171519 
0.000119322 0.0197535 0.0208751 0.0590638 0.167957 0.0987743 0.157806 0.049819 0.00142772 0.396497 0.0264055 0.00150186 
0.000122417 0.0373375 0.0341522 0.0593777 0.182284 0.0617297 0.224655 0.0871844 0.0011717 0.29447 0.0153091 0.00220677 
4.8971e-05 0.0327295 0.00797426 0.172601 0.104923 0.0393532 0.228429 0.0717254 0.000418191 0.316066 0.0246627 0.00106917 
0.000206296 0.0472575 0.0176467 0.0918921 0.054369 0.0883903 0.239847 0.089849 0.00534854 0.350758 0.010995 0.00344046 
5.1808e-07 0.0906278 0.00099284 0.0207105 0.315053 0.00132572 0.00898803 0.0359299 0.016497 0.507804 0.000254651 0.00181592 
0.000496063 0.0111575 0.011073 0.0142969 0.0414757 0.100279 0.269333 0.0536277 0.000624591 0.477023 0.0184619 0.00215113 
0.00111993 0.0115242 0.0247707 0.0359924 0.0466326 0.0760594 0.210607 0.0675694 0.00204927 0.512338 0.00903541 0.00230183 
0.000537065 0.0371888 0.0277075 0.0754438 0.141798 0.065683 0.0729129 0.0526053 0.0112865 0.503173 0.00836758 0.00329709 
0.0104944 0.0190428 0.0226673 0.0461053 0.078137 0.0566055 0.167427 0.104457 0.00726808 0.478813 0.00847733 0.000504925 
5.66512e-05 0.0351802 0.0180041 0.131578 0.170393 0.0103112 0.0243732 0.188025 0.101941 0.317798 0.00194852 0.000391433 
0.000133572 0.0281497 0.0368504 0.120247 0.046704 0.111638 0.105673 0.21218 0.00443337 0.312069 0.0205471 0.00137513 
0.000619379 0.008448 0.0145215 0.178139 0.160437 0.0806467 0.0968079 0.174161 0.00793537 0.266242 0.011864 0.00017732 
0.00107742 0.0192953 0.0123307 0.324572 0.064096 0.064112 0.0886877 0.0259165 0.0266239 0.366902 0.00519485 0.00119146 
0.0041534 0.126564 0.0295715 0.0574562 0.0743328 0.0882254 0.111206 0.179159 0.0299062 0.230763 0.0677591 0.000903366 
0.000251264 0.100659 0.0168336 0.069873 0.144493 0.0832911 0.140907 0.161673 0.0519397 0.217794 0.0111251 0.00116052 
8.09892e-05 0.030871 0.0304442 0.0884851 0.0675586 0.1335 0.0540433 0.206463 0.0029139 0.373479 0.0109322 0.00122867 
0.000841602 0.0297558 0.0137054 0.106507 0.254585 0.0544741 0.159431 0.078326 0.00302099 0.294315 0.00371404 0.00132331 
0.00141598 0.0137975 0.0197428 0.0661045 0.0535785 0.127305 0.208123 0.152731 0.000424208 0.323956 0.0319977 0.00082401 
0.000726084 0.0286021 0.0294712 0.0337169 0.0612562 0.0661248 0.242811 0.249106 0.00232603 0.271651 0.0109567 0.00325222 
0.000703326 0.00580865 0.00362659 0.1265 0.0323518 0.0521515 0.16609 0.0632515 1.31762e-05 0.545273 0.00354854 0.000681853 
0.000239319 0.0314284 0.015387 0.191398 0.110673 0.0750655 0.0959142 0.0694513 0.00300541 0.395743 0.00891245 0.00278254 
0.00325165 0.0478567 0.0204899 0.0678815 0.0322011 0.0531581 0.238084 0.224524 5.02015e-05 0.296938 0.00631784 0.00924691 
0.00224806 0.0170777 0.0202255 0.0363314 0.0439094 0.0832393 0.0607082 0.0984441 0.0040305 0.535674 0.0977323 0.000379768 
6.88215e-05 0.200857 0.0308994 0.102642 0.130353 0.0483306 0.0599365 0.138371 0.0461374 0.232509 0.00725043 0.00264579 
0.000429789 0.0969434 0.0316759 0.060244 0.0811475 0.0342946 0.0912868 0.185218 0.0118797 0.38328 0.0212589 0.00234148 
5.61516e-05 0.0286159 0.00234662 0.0227295 0.273768 0.0118266 0.00989049 0.0204137 0.000560997 0.628168 0.000806085 0.000818415 
0.000541196 0.149099 0.0964926 0.0693032 0.0979512 0.0493172 0.107751 0.0991432 0.0206152 0.289785 0.0183265 0.00167453 
0.000701231 0.0108499 0.0342983 0.0540231 0.0536246 0.041132 0.088417 0.0934467 0.00157779 0.607599 0.0117957 0.00253504 
0.00182259 0.00625022 0.0218567 0.0202466 0.0789823 0.186033 0.117153 0.225186 0.00191041 0.330048 0.00941581 0.00109431 
1.35994e-05 0.1743 0.0199151 0.0388905 0.322509 0.0205725 0.023346 0.0524807 0.0133711 0.327677 0.0031332 0.00379164 
0.000401995 0.108671 0.0374677 0.11015 0.129959 0.0844987 0.119435 0.145889 0.0631168 0.191734 0.00789136 0.000784932 
0.000341814 0.111235 0.0358623 0.0576961 0.0434615 0.0571915 0.181735 0.138378 0.00519281 0.357807 0.0100659 0.00103245 
0.000290206 0.0208763 0.0138684 0.187664 0.0498373 0.0477097 0.0728744 0.126852 0.00927418 0.456199 0.0135038 0.00105091 
0.00149046 0.0681985 0.01061 0.197826 0.0902056 0.0352347 0.253223 0.0533802 0.0258819 0.254832 0.00664991 0.00246705 
0.000175944 0.010872 0.0129905 0.0254082 0.0540851 0.0700101 0.19666 0.0748413 0.00283209 0.524334 0.0257637 0.00202656 
9.2623e-05 0.0807491 0.00639027 0.0772686 0.063797 0.0407757 0.253995 0.106487 0.0188531 0.348846 0.00216387 0.000581276 
4.68778e-06 0.0420823 0.00523955 0.0103227 0.305824 0.0217312 0.010405 0.0640584 0.00265204 0.514063 0.0153139 0.008303 
0.00881076 0.063512 0.0116151 0.161865 0.0969927 0.0293204 0.11168 0.0505812 0.0211306 0.436356 0.0042722 0.00386473 
0.000864512 0.0232793 0.032798 0.0558311 0.0819247 0.0803616 0.0745211 0.0744781 0.00670317 0.558174 0.0103782 0.000686755 
0.00108062 0.0154567 0.0264353 0.0313575 0.121455 0.0989951 0.273903 0.0736841 0.001529 0.343844 0.0116207 0.000639097 
0.000925098 0.00469547 0.0257228 0.0228949 0.0374663 0.0846554 0.111487 0.242088 3.69769e-05 0.447003 0.0224449 0.000579891 
0.000715344 0.03278 0.0156242 0.115125 0.19832 0.042425 0.0729568 0.154907 0.00269297 0.351848 0.0115732 0.00103286 
0.00164157 0.0105923 0.00566346 0.112994 0.0220515 0.117498 0.119681 0.285597 0.00978376 0.300828 0.0122212 0.00144895 
0.00794419 0.00635057 0.0170099 0.015216 0.0615433 0.0700599 0.137883 0.106372 0.00284951 0.564054 0.00951298 0.00120474 
0.00474764 0.0263149 0.0317835 0.0965958 0.167483 0.167358 0.154539 0.0612692 0.00572642 0.25903 0.0184469 0.00670568 
0.00033711 0.152212 0.0312451 0.0422899 0.148291 0.034685 0.0593379 0.0967944 0.0841277 0.345531 0.00278626 0.00236229 
0.00033999 0.0360661 0.0349381 0.0491411 0.0608233 0.219228 0.150956 0.134886 0.00778444 0.257509 0.0461753 0.00215285 
0.00101214 0.0136539 0.0190154 0.0238497 0.0340896 0.0648302 0.0825329 0.126148 0.00610433 0.600154 0.0267967 0.00181379 
0.000926116 0.0752993 0.0235238 0.0756727 0.12509 0.05817 0.100807 0.119653 0.0084841 0.403315 0.00785152 0.00120663 
0.000550955 0.0151716 0.0264455 0.0469649 0.0620716 0.0413155 0.0310674 0.158729 0.0398645 0.574919 0.00264435 0.000255606 
0.00101214 0.0136539 0.0190154 0.0238497 0.0340896 0.0648302 0.0825329 0.126148 0.00610433 0.600154 0.0267967 0.00181379 
0.00041308 0.00893054 0.0415435 0.0209849 0.149597 0.061194 0.0521916 0.226441 0.00419382 0.428244 0.00451017 0.00175622 
1.67018e-05 0.0413115 0.04282 0.059698 0.145032 0.195467 0.14495 0.10518 1.58875e-05 0.238838 0.0265785 9.21161e-05 
0.000298502 0.0217175 0.0449786 0.0814214 0.0849679 0.0856832 0.172631 0.0751687 0.00635304 0.421643 0.00435785 0.000778701 
7.89454e-05 0.146358 0.0334155 0.040731 0.0731417 0.0601513 0.106584 0.231612 0.0286889 0.272428 0.00549888 0.00131186 
0.00180969 0.0160258 0.0183298 0.0976491 0.0642815 0.10247 0.221461 0.191137 0.0152047 0.249275 0.0214507 0.000906534 
0.013702 0.0680876 0.00982561 0.0860175 0.119259 0.0498154 0.122102 0.0722778 0.00219773 0.453314 0.00274647 0.000654039 
0.000322023 0.0243681 0.0174969 0.138954 0.0355543 0.0614363 0.278783 0.0772907 0.000453818 0.356199 0.00362214 0.00551939 
0.000260794 0.0059953 0.0376764 0.118144 0.127869 0.101588 0.274912 0.0111201 0.000115602 0.310238 0.0118734 0.000207233 
0.000734775 0.0400283 0.0332508 0.0561419 0.135947 0.0872258 0.201051 0.0868694 0.0023784 0.343546 0.0111787 0.00164836 
0.00101214 0.0136539 0.0190154 0.0238497 0.0340896 0.0648302 0.0825329 0.126148 0.00610433 0.600154 0.0267967 0.00181379 
0.000183525 0.0221899 0.0174703 0.020167 0.159092 0.132499 0.159346 0.129693 0.00100056 0.317769 0.037516 0.00307432 
0.00239286 0.00274831 0.00607609 0.0764587 0.0326112 0.036241 0.0463264 0.335797 8.69152e-05 0.45217 0.00886443 0.000227431 
0.00462243 0.0582926 0.0214664 0.0521036 0.0627418 0.0986424 0.113737 0.231663 0.00980553 0.319922 0.0253852 0.00161848 
4.0941e-05 0.169302 0.0379611 0.0440161 0.0726983 0.0948953 0.16434 0.112268 0.00257997 0.197341 0.104114 0.00044387 
0.000172535 0.0139485 0.0305647 0.0232814 0.255135 0.0609176 0.107174 0.109683 0.0120931 0.37532 0.00785998 0.00385062 
0.000459835 0.0420539 0.0211173 0.0122364 0.0258768 0.0656565 0.227008 0.0873556 0.00023012 0.468999 0.048599 0.000407468 
0.000318141 0.0154514 0.0351727 0.0692773 0.106846 0.124359 0.252121 0.100351 0.00559901 0.263201 0.0248735 0.00243005 
0.000338881 0.0540567 0.0292784 0.133909 0.250431 0.0457014 0.0655182 0.0775166 0.0101519 0.288343 0.0438736 0.000882401 
0.000496063 0.0111575 0.011073 0.0142969 0.0414757 0.100279 0.269333 0.0536277 0.000624591 0.477023 0.0184619 0.00215113 
0.000558644 0.0265887 0.0338838 0.0590073 0.0950656 0.0861451 0.240048 0.0811869 0.0038049 0.334877 0.0378707 0.000963557 
0.000191855 0.0228675 0.0104671 0.0438452 0.0697149 0.066009 0.0617983 0.308517 0.00154727 0.399891 0.0134928 0.00165757 
0.000534433 0.0166854 0.0321115 0.113916 0.0757083 0.0951975 0.144001 0.0883165 0.0079429 0.407745 0.0174576 0.000383489 
0.000916648 0.046711 0.0424526 0.0698937 0.182157 0.0618896 0.0809761 0.202806 0.019649 0.283223 0.00831387 0.00101149 
0.000381696 0.0186268 0.0305238 0.0705985 0.0810541 0.0691177 0.137551 0.071931 0.0039566 0.496003 0.013009 0.00724631 
0.000551389 0.00944345 0.00868955 0.107419 0.0839422 0.0412313 0.0556889 0.0907424 0.000443329 0.599734 0.00203847 7.64566e-05 
0.00106734 0.00771405 0.0226764 0.149335 0.12284 0.0503998 0.0489624 0.0465393 0.00028122 0.547416 0.00257556 0.000192549 
0.000361368 0.00776196 0.0320971 0.0492808 0.0624085 0.194025 0.183174 0.150685 0.00294261 0.295285 0.0209439 0.00103487 
0.000300709 0.0423989 0.0100628 0.0616562 0.0542198 0.0915045 0.114925 0.272526 0.0185217 0.326205 0.00705347 0.000625078 
0.00013517 0.0260323 0.00713157 0.0895575 0.0974147 0.125696 0.20074 0.143352 5.88156e-05 0.303364 0.00582966 0.000688712 
0.00147423 0.00262 0.070849 0.0365848 0.0131818 0.0432899 0.0509805 0.352701 0.000326816 0.405219 0.0211201 0.00165213 
0.000331906 0.0234086 0.011184 0.0776872 0.296937 0.0503343 0.140883 0.0380262 0.0217356 0.33149 0.00710217 0.00088019 
0.000344353 0.00925943 0.0267505 0.0539669 0.11268 0.0571169 0.23174 0.126604 0.0018042 0.358214 0.0208349 0.000685658 
0.000419378 0.0740354 0.00337965 0.122326 0.111975 0.0761309 0.158655 0.061047 0.0783321 0.304851 0.00751203 0.00133674 
0.000261161 0.034319 0.018248 0.0692394 0.064304 0.059501 0.259906 0.110603 0.00474441 0.350392 0.0254916 0.00299077 
0.00022448 0.0415821 0.0351295 0.137755 0.10552 0.0873839 0.173287 0.111196 0.00361174 0.275192 0.0236441 0.00547362 
0.000283986 0.0224551 0.00650696 0.0633044 0.142257 0.0816257 0.0821134 0.0494148 0.0017368 0.530165 0.0183871 0.00175014 
0.000471947 0.0375617 0.00931061 0.123307 0.0872804 0.017618 0.163478 0.0454289 0.00452439 0.50943 0.000963035 0.000626271 
0.00013996 0.0925671 0.0242559 0.0501863 0.203534 0.0273061 0.230576 0.0287857 0.044061 0.294894 0.00235802 0.00133529 
0.00016287 0.0814338 0.0255555 0.0784682 0.111433 0.0717521 0.264262 0.0699069 0.00801531 0.27799 0.00818285 0.0028381 
0.000528019 0.00469669 0.0606177 0.0786431 0.0352887 0.134983 0.163174 0.0934078 0.000823571 0.411272 0.0163476 0.000216736 
0.000350955 0.0307093 0.00751183 0.047266 0.0555026 0.157002 0.172655 0.186509 0.00526638 0.328813 0.00666985 0.0017439 
0.000460229 0.0207909 0.042832 0.0678051 0.0667973 0.129988 0.0963183 0.0842411 0.000150689 0.46968 0.0201723 0.000763913 
3.9095e-06 0.0131095 0.00608365 0.0236019 0.0844808 0.116801 0.139554 0.15943 0.000981154 0.444742 0.0112114 1.27988e-06 
6.90469e-05 0.0202115 0.0244912 0.0325049 0.282487 0.0866085 0.107952 0.0941665 0.00228561 0.330155 0.0169327 0.00213621 
0.000171511 0.0732418 0.0146369 0.0508182 0.185298 0.0937502 0.073012 0.194068 0.0192469 0.29132 0.00234561 0.00209023 
0.000963899 0.035516 0.0226512 0.158425 0.0783274 0.0816707 0.217516 0.120182 0.00159206 0.267524 0.0141942 0.00143744 
0.00046192 0.0344011 0.00866512 0.143469 0.020684 0.0237382 0.135679 0.225611 0.000799969 0.33369 0.06007 0.0127301 
9.49554e-05 0.0175398 0.0234136 0.032295 0.0655924 0.154653 0.0980208 0.144796 0.00243336 0.23036 0.191418 0.0393826 
0.00018107 0.000593444 0.0206018 0.0308543 0.0759727 0.255243 0.0510749 0.161676 0.00012612 0.367432 0.0270075 0.00923645 
0.000205433 0.0661326 0.0449833 0.0330454 0.0747009 0.1233 0.0331785 0.154809 0.0208056 0.437756 0.00952919 0.00155481 
0.000676476 0.00632051 0.0136104 0.0862657 0.0750188 0.0475867 0.0503965 0.100197 0.000396445 0.616587 0.00218516 0.000759779 
0.000476185 0.00110274 0.0124293 0.00507781 0.101777 0.0452597 0.0664471 0.0633668 0.000176735 0.686676 0.0165282 0.000683134 
0.000443157 0.0251215 0.0175333 0.050973 0.261849 0.0675386 0.162264 0.0891756 0.00541034 0.308424 0.00742154 0.00384533 
0.000538989 0.0171606 0.0430445 0.0531226 0.0771588 0.0735724 0.304549 0.0342638 0.00231598 0.37222 0.0202157 0.00183803 
0.000846977 0.0943285 0.0119621 0.0458834 0.0192143 0.036444 0.106176 0.333075 0.00264111 0.337774 0.0111507 0.000503724 
0.000386828 0.028616 0.0328629 0.0828662 0.0641512 0.0437544 0.134396 0.0301858 0.0140296 0.557747 0.00809836 0.00290594 
3.84145e-05 0.21149 0.0271634 0.0534428 0.0418157 0.0267169 0.0307231 0.144384 0.00563948 0.303515 0.154382 0.000688862 
0.00220595 0.00840363 0.0434048 0.065289 0.0558406 0.124785 0.0878646 0.171178 0.000183879 0.421052 0.0194009 0.000390883 
0.00208923 0.0200472 0.0291908 0.0763998 0.219736 0.0962787 0.176726 0.0760891 0.00582685 0.282954 0.0125414 0.00212051 
0.00183637 0.00631751 0.0130644 0.0606518 0.0227736 0.0901621 0.0726271 0.255107 9.74687e-05 0.422548 0.0542643 0.000550649 
0.000368859 0.0306776 0.0447492 0.0679571 0.0989101 0.0751837 0.28688 0.06985 0.0036158 0.309127 0.0118684 0.000812286 
0.000252599 0.00759637 0.0254632 0.0126593 0.0398587 0.087241 0.137313 0.139759 0.00196884 0.52497 0.021885 0.00103322 
0.000460546 0.017355 0.0329867 0.0838321 0.0905792 0.124553 0.13491 0.0941834 0.00607254 0.387115 0.0257413 0.00221137 
0.000309155 0.0247102 0.0119921 0.100298 0.195754 0.0479074 0.0701841 0.0570684 0.00130146 0.480818 0.00684292 0.00281458 
0.000273487 0.00894219 0.0246864 0.213157 0.0924052 0.0245754 0.12732 0.0353985 0.00112953 0.458545 0.0110332 0.00253403 
0.000695144 0.00107873 0.0391767 0.0124423 0.0287641 0.142206 0.131864 0.150348 0.0113761 0.43386 0.0471439 0.00104456 
0.000587664 0.0661169 0.0155705 0.0430736 0.0580001 0.16316 0.131389 0.231292 0.00702879 0.274581 0.00767882 0.00152141 
0.0006334 0.042307 0.0332048 0.0622778 0.0455762 0.119633 0.218026 0.0649778 0.00504339 0.387392 0.0179402 0.00298814 
0.000783609 0.0268568 0.0290129 0.0729177 0.194621 0.0995927 0.194636 0.111285 0.0082815 0.246576 0.0135471 0.00189012 
0.00859585 0.128309 0.0378679 0.14398 0.101049 0.0973194 0.0987079 0.0952312 0.00721714 0.242047 0.0248602 0.0148163 
0.000241407 0.0545353 0.0139792 0.0434074 0.211829 0.0481198 0.180741 0.101835 0.0172609 0.319382 0.00436332 0.00430544 
0.000168181 0.0333726 0.00537668 0.0978046 0.0481108 0.0608034 0.204145 0.0930308 0.00181936 0.44691 0.00756958 0.000889684 
0.000268217 0.084732 0.0479867 0.108852 0.0457962 0.039333 0.242137 0.0372339 0.0425022 0.346305 0.0037038 0.0011498 
0.000352067 0.0420339 0.0296235 0.0509158 0.0748643 0.134029 0.174849 0.199934 0.0116309 0.2505 0.0306735 0.000593975 
0.000138531 0.00615237 0.0103056 0.0158574 0.0312588 0.118664 0.208088 0.0701149 0.00655392 0.446758 0.0842038 0.00190397 
0.000113963 0.0483537 0.0143248 0.0636966 0.12368 0.0722003 0.144637 0.098978 0.0282981 0.394243 0.0109897 0.000484354 
0.000118484 0.0478633 0.0308055 0.008873 0.0738948 0.0905059 0.082039 0.317205 0.000530675 0.334509 0.0135887 6.71356e-05 
8.81614e-05 0.0184688 0.00987456 0.0342584 0.100375 0.0526458 0.11366 0.135436 0.00481014 0.522506 0.00619382 0.00168352 
7.94202e-05 0.0463851 0.0579929 0.0250686 0.158534 0.132075 0.0300031 0.237088 0.0101656 0.293124 0.00942135 6.20342e-05 
8.53675e-05 0.00875682 0.0431687 0.0189929 0.0592494 0.242925 0.0534038 0.256866 0.00034657 0.283165 0.032976 6.52596e-05 
0.0312007 0.0183103 0.0249785 0.0949956 0.0415982 0.0731896 0.132795 0.0405031 0.00481201 0.522474 0.00839739 0.00674557 
8.94992e-05 0.0369334 0.0293599 0.0461861 0.0767384 0.0593214 0.0848159 0.122149 0.0644761 0.455724 0.0201132 0.00409321 
0.0144499 0.00493783 0.0519172 0.00471323 0.0385718 0.101177 0.0424641 0.240614 5.86833e-05 0.48933 0.0112312 0.000534552 
0.000452054 0.0120037 0.0207147 0.0162913 0.03283 0.095591 0.303782 0.096601 0.000320087 0.406803 0.0141045 0.000506691 
0.00784016 0.0388973 0.0263833 0.0813693 0.0500722 0.087893 0.136947 0.179945 0.0358731 0.314006 0.0300494 0.0107241 
