0.122985 0.396228 4.07268e-11 0.182588 5.51768e-07 0.265105 1.38403e-06 0.0206871 2.758e-07 0.0124018 2.44387e-06 
0.103854 0.401908 6.95564e-05 0.0868054 3.68694e-06 0.0579714 0.116056 0.00123316 0.000141683 0.0111306 0.220827 
0.0897482 0.626807 0.0057208 0.0185065 5.10307e-08 0.0311531 0.0292011 0.00407078 0.000418773 0.00429008 0.190083 
0.000852575 0.740175 1.17327e-07 0.108641 2.14052e-05 0.0100446 0.0513941 0.00290631 0.0131934 0.00165107 0.0711198 
0.00854753 0.375082 0.000370456 0.184638 0.000181666 0.149046 0.129495 0.00343871 0.00105968 0.0599627 0.088178 
0.00451626 0.50552 3.38112e-07 0.291321 0.00685055 0.0189873 0.0124191 0.0505643 0.000128348 0.0738528 0.0358402 
0.0174243 0.64384 2.46932e-05 0.0347142 8.06379e-05 0.137812 0.0487523 0.0304453 0.000121487 0.0187418 0.0680431 
0.040268 0.593085 0.00464248 0.0786004 0.00039651 0.0905196 0.0372488 0.0118113 0.000577126 0.00878707 0.134063 
0.0151895 0.533021 0.00111039 0.111843 0.000404124 0.0231795 0.215408 0.00799483 0.00684531 0.00941971 0.0755839 
0.0490457 0.449159 2.66234e-05 0.0715216 0.039912 0.0954006 0.0255834 0.0255958 0.000343864 0.0469566 0.196454 
0.00542311 0.905952 1.7775e-06 0.0055371 0.0116007 0.0424755 0.000556591 0.00273818 0.000129117 6.95249e-05 0.0255168 
0.0109552 0.836291 8.43001e-05 0.00280535 2.94272e-08 0.00850191 0.00416521 0.0118916 7.02185e-06 0.000161224 0.125137 
0.00503647 0.504533 0.000223153 0.0239095 2.56545e-09 0.0773986 0.00647622 0.0561451 0.252547 0.00100842 0.072722 
0.00935866 0.876302 2.9014e-06 0.0046784 9.49082e-07 0.00386703 0.00301972 0.00105885 0.00092905 0.00194081 0.098842 
0.0337089 0.611763 0.000202984 0.0764825 0.00608683 0.0157502 0.00382616 0.00739883 3.35777e-05 0.0352209 0.209526 
0.0152658 0.873583 8.89943e-05 0.0200952 3.7879e-08 0.0215811 0.0471293 0.00162957 0.000790355 9.1389e-05 0.0197454 
0.0292975 0.856611 0.000271341 0.00639802 0.00102798 0.037027 0.0124848 0.00752872 0.000484582 0.00156034 0.0473083 
0.0025311 0.699046 6.21828e-05 0.000960511 3.89893e-07 0.00569749 0.0205429 6.4551e-08 7.88463e-06 0.00691019 0.264241 
9.99705e-05 0.583851 6.55978e-05 0.000758027 2.13609e-05 0.00504226 0.212037 0.0133705 6.88804e-07 0.0162452 0.168509 
0.0390121 0.403737 0.00118701 0.0502066 0.000239069 0.0610096 0.126407 0.0311535 0.00657733 0.0102747 0.270197 
0.0110805 0.529113 0.235824 0.0704913 0.000182716 0.00834408 0.00306711 0.012269 0.0415754 0.0196695 0.0683828 
0.00348745 0.599511 7.20574e-05 0.192517 7.64005e-06 0.00750206 0.0322162 0.0113164 0.00724365 0.0380478 0.108079 
0.114489 0.339478 0.0029018 0.0189223 3.28146e-05 0.0705788 0.138016 0.0183559 0.000446897 0.0213903 0.275387 
0.00280974 0.532368 4.0291e-05 0.00150468 8.28773e-10 0.00788832 0.0366992 0.000643457 0.001143 0.000387839 0.416515 
0.0237649 0.690031 0.000354803 0.00760096 9.4773e-05 0.0102275 0.0126806 0.00958644 0.000110153 0.00858645 0.236962 
0.00962392 0.539593 0.00624902 0.203211 0.0125105 0.0147858 0.0802937 0.00394165 0.0420077 0.0243586 0.063425 
0.0297842 0.519202 8.81015e-06 0.160102 5.62249e-07 0.0893507 0.0241233 0.000253441 4.82295e-05 0.126076 0.0510499 
0.000218164 0.838192 2.29522e-08 0.0232669 0.00867725 0.00382703 0.00552502 0.0131947 0.0958183 0.000369459 0.0109108 
0.209328 0.584832 6.38794e-09 0.0772229 3.46286e-07 0.07661 0.0357468 0.0155873 1.89702e-06 0.000668981 2.39452e-06 
0.0624054 0.743053 0.00518983 0.00103508 1.13479e-06 0.0469174 0.0275136 8.49825e-06 6.93566e-07 0.000477191 0.113398 
0.131787 0.433872 4.09042e-06 0.0237452 4.08943e-06 0.00450678 0.22759 4.09296e-06 4.09253e-06 0.00491565 0.173567 
0.0262778 0.871302 4.63135e-06 0.0053378 2.44656e-06 0.0494944 0.00196517 0.00653814 8.09038e-05 0.0189461 0.0200502 
0.0490442 0.432511 5.32165e-05 0.0283899 1.73953e-06 0.0826483 0.0149895 0.0104913 0.000214107 0.0390433 0.342614 
0.00885802 0.622508 0.000135475 0.0287339 2.68611e-05 0.160826 0.0532593 0.047318 0.000664635 0.00525744 0.0724129 
0.000218164 0.838192 2.29522e-08 0.0232669 0.00867725 0.00382703 0.00552502 0.0131947 0.0958183 0.000369459 0.0109108 
2.71336e-06 0.888459 0.00651127 2.71381e-06 2.71124e-06 2.71384e-06 2.7138e-06 2.71358e-06 0.099852 2.71358e-06 0.00515914 
0.00949182 0.739375 1.17898e-05 0.0409811 3.42688e-06 0.0373008 0.011194 0.0163723 0.000476822 0.0695227 0.0752707 
0.083975 0.660013 0.000831997 0.0273789 0.000495598 0.0965238 0.0118546 0.0239099 0.000576203 0.00296327 0.0914774 
0.00355566 0.795346 0.0001594 0.0174114 6.88521e-05 0.014982 0.0033196 0.00660144 0.000211744 0.00124632 0.157098 
0.173936 0.485249 0.000135102 0.0305243 4.5128e-10 0.0458637 0.055559 0.0613753 0.000231467 0.00961241 0.137514 
0.00272251 0.51327 2.59961e-05 0.0631034 0.000142788 0.0920536 0.0268228 0.0588638 0.000760047 0.155693 0.086542 
0.0920186 0.336434 0.000199558 0.0473171 4.56994e-08 0.129447 0.161114 0.076032 0.000513675 0.0127772 0.144146 
0.00618003 0.427728 0.033355 0.171358 0.00259121 0.0632162 0.192651 0.00340253 0.0273009 0.0101383 0.0620782 
0.00822934 0.820324 4.78699e-05 0.0180776 0.000200666 0.0764169 0.0040593 0.000500513 0.000154874 0.0474467 0.0245423 
0.0014305 0.740834 3.49542e-07 0.000759772 1.41168e-07 0.238021 1.08712e-06 1.04305e-05 3.14766e-07 2.28599e-06 0.0189395 
0.123496 0.48064 9.53482e-07 0.174768 0.000526877 0.134043 0.0136537 0.00842041 0.000450345 0.0157807 0.0482195 
3.25829e-05 0.856368 0.000191863 0.0202065 4.97629e-05 0.020349 0.0544635 0.0187963 0.0234187 0.00373703 0.00238705 
0.00075249 0.579908 0.00196524 0.247397 0.000113345 0.0290147 0.0547869 0.0257677 0.0223527 0.00708868 0.0308528 
0.00107648 0.693703 0.0233777 0.03459 0.000536011 0.0353326 0.0642239 0.009536 0.0876658 0.0071277 0.0428308 
0.00548758 0.927016 0.000445285 0.00499437 1.29806e-05 0.00456794 0.00281607 0.00179602 0.0100483 0.000528307 0.0422871 
0.00635846 0.363881 0.00110336 0.115475 0.00147115 0.0412474 0.157571 0.023383 0.181375 0.00335106 0.104783 
0.0312276 0.669884 0.000145861 0.0185891 6.14693e-08 0.214639 0.00047193 0.0281138 2.15704e-05 0.00341408 0.0334934 
0.00103892 0.930168 4.85277e-05 0.00114021 5.11137e-09 0.0424545 0.00177141 0.0193795 0.00299589 0.000316505 0.000686385 
0.0986395 0.264207 9.51027e-05 0.166206 4.98833e-07 0.155589 0.0649748 0.0307956 0.000209653 0.0214994 0.197784 
0.0111874 0.505938 0.0116785 0.0228964 1.04496e-06 0.156068 0.11435 0.00652231 8.47383e-05 0.00468496 0.166589 
0.0136464 0.61295 2.86026e-06 0.034513 1.25023e-05 0.143716 0.00890462 6.00581e-05 2.36451e-05 0.00426892 0.181902 
0.0514404 0.741587 0.000417259 0.010265 7.74499e-06 0.0226372 0.00468742 0.00106454 0.000326367 0.00845017 0.159117 
0.00197442 0.460273 0.000144736 0.0210923 1.94454e-07 0.0175464 0.368794 0.00436085 2.28782e-05 0.0112532 0.114538 
0.232004 0.575518 0.000148526 0.00352546 3.21156e-05 0.0951622 0.0105094 0.0148494 0.000476777 0.00163391 0.0661398 
0.0704065 0.540326 2.16613e-05 0.0353072 0.00035884 0.271118 0.0140975 0.0206745 0.000260089 0.00627579 0.041154 
0.144118 0.368699 0.000930322 0.279513 2.76258e-05 0.00134608 0.00463964 0.0155472 0.0736756 0.0199282 0.0915744 
0.323337 0.426659 0.000315705 0.029437 0.00011723 0.0275069 0.0972349 0.00148045 0.00182725 0.00309433 0.0889908 
0.0001468 0.602096 0.000146721 0.000146825 0.000146686 0.176338 0.000146824 0.000146812 0.000146797 0.000146813 0.220391 
0.00704785 0.853839 3.97574e-05 0.0280714 6.2526e-10 0.0680714 0.00441322 0.0125552 9.78205e-05 0.00255387 0.0233106 
0.0212081 0.449829 0.000287952 0.0509596 9.89573e-08 0.101375 0.0901354 0.00848768 0.000161634 0.00805525 0.2695 
0.0050956 0.936426 7.29459e-08 0.00515666 2.52405e-11 0.00654625 1.03821e-07 0.000793653 0.000185298 0.00112104 0.0446757 
0.00302945 0.382628 0.110215 0.051622 0.0350402 0.108974 0.103165 0.0215589 0.0129247 0.0886955 0.0821476 
0.060245 0.447477 2.81804e-06 0.330286 0.00026084 0.0676139 0.00240156 0.0729 0.000274658 0.00131917 0.0172197 
0.0850051 0.343922 0.000410303 0.217196 9.68838e-06 0.0639938 0.118001 0.000304956 0.028765 0.0116111 0.130781 
0.0124682 0.907969 6.58077e-05 0.0326374 1.98704e-08 0.0020158 0.00822277 5.34904e-07 1.218e-06 0.0217984 0.0148212 
0.108976 0.380829 0.000724882 0.0576621 0.0017499 0.142297 0.0508266 0.021336 0.000337565 0.0105836 0.224677 
0.0427729 0.482915 1.91901e-05 0.0581772 0.0069956 0.100847 0.134776 4.4848e-05 0.000189249 0.0022668 0.170996 
3.25829e-05 0.856368 0.000191863 0.0202065 4.97629e-05 0.020349 0.0544635 0.0187963 0.0234187 0.00373703 0.00238705 
0.0441353 0.651194 4.32044e-05 0.0040827 9.48063e-09 0.0371338 0.00409074 2.11061e-06 4.33521e-05 0.000751884 0.258522 
0.0408784 0.909184 1.31307e-06 0.000897366 1.36433e-06 0.0225891 0.000725425 8.10775e-05 0.00111164 0.00094586 0.023584 
0.0427062 0.765225 3.88337e-08 0.00248085 3.74895e-10 0.0620657 0.00260284 0.000756471 0.000213807 0.00815168 0.115797 
0.00498681 0.534797 0.000322749 0.116601 0.00014966 0.0116781 0.0208133 0.0153662 0.266968 0.00246481 0.0258524 
0.000218164 0.838192 2.29522e-08 0.0232669 0.00867725 0.00382703 0.00552502 0.0131947 0.0958183 0.000369459 0.0109108 
0.00482988 0.716795 2.68901e-10 0.0661514 3.53663e-10 0.057259 3.38805e-06 1.00977e-06 1.56912e-07 0.00357455 0.151386 
0.115731 0.528014 8.8158e-07 0.059889 5.12702e-06 0.111167 0.00892123 0.151526 0.00208503 0.00738798 0.0152731 
0.0968403 0.578401 0.000625736 0.00642485 0.000186738 0.0133942 0.00625482 0.018391 0.000744948 0.0195971 0.25914 
0.0157619 0.835992 0.00951464 0.0328687 1.18019e-05 0.0168598 0.0151017 0.00428905 0.000822526 0.0335872 0.0351904 
0.0457147 0.485543 0.00106119 0.0842962 7.29281e-05 0.0678961 0.0346921 0.0100845 0.0456322 0.0135828 0.211424 
0.11756 0.510871 0.000161509 0.0149202 0.00041167 0.127763 0.0174991 0.00252842 7.99377e-05 0.00537136 0.202833 
0.0216589 0.322083 4.19743e-06 0.304423 0.00175338 0.0990539 0.0434742 0.0128311 0.000195901 0.026376 0.168147 
0.0345422 0.649177 0.000180986 0.0941406 0.00124568 0.045056 0.0592786 0.00615583 0.0146296 0.0358956 0.0596981 
0.0167653 0.512702 0.00166878 0.0373681 0.000114036 0.0394546 0.0636701 0.0111747 0.000237352 0.040153 0.276692 
0.0418705 0.784749 8.9753e-08 0.154602 8.7999e-05 1.96308e-05 0.0108719 1.18623e-05 3.13286e-08 7.13692e-05 0.00771618 
0.00355566 0.795346 0.0001594 0.0174114 6.88521e-05 0.014982 0.0033196 0.00660144 0.000211744 0.00124632 0.157098 
0.0113144 0.537699 1.47398e-06 0.0270864 1.37727e-05 0.231857 0.0121554 0.0139724 2.40597e-05 0.00304075 0.162835 
0.164995 0.452882 7.51874e-11 0.0261738 2.34844e-05 0.320851 0.00373104 2.472e-06 0.000340998 0.00041575 0.0305847 
0.0240319 0.610258 0.000947868 0.064455 0.00138918 0.151981 0.0844879 0.000672763 0.00122668 0.0014361 0.059114 
2.69431e-05 0.916198 2.69286e-05 2.69475e-05 2.6922e-05 2.69478e-05 0.0593114 2.69453e-05 0.0242751 2.69453e-05 2.69484e-05 
0.0919671 0.340203 0.000142645 0.0248633 1.46495e-08 0.0402671 0.112503 0.00339133 0.000175199 0.04866 0.337828 
0.0215395 0.455311 0.000106528 0.0413205 0.00015572 0.142727 0.088648 0.0589659 0.0211735 0.0514729 0.118579 
0.128923 0.302204 1.09491e-05 0.258567 0.0171673 0.0848404 0.058593 0.00561395 0.000905695 0.017598 0.125577 
7.94946e-07 0.43311 8.50584e-07 0.0111776 8.61297e-05 0.0135119 0.107446 0.00258235 1.80668e-07 0.0733734 0.358711 
0.00989106 0.617075 9.48582e-08 1.36612e-06 2.41229e-07 0.162649 0.108928 0.0239102 0.000445708 0.000340329 0.0767583 
0.0313522 0.691349 0.000453408 0.0190435 9.81097e-06 0.0806543 0.0187389 0.00544002 0.000484423 0.00608958 0.146384 
0.0244736 0.650592 0.000300661 0.00567225 0.000104838 0.0787581 0.00967725 0.0348028 0.000287586 0.00400443 0.191326 
0.00947849 0.621751 0.0510208 0.0689778 0.00885106 0.00634728 0.0547876 0.0103111 0.000176459 0.0312986 0.137 
0.129492 0.54567 3.78376e-05 0.0411451 1.01099e-06 0.139137 0.0377155 0.00666431 7.31002e-05 0.0332346 0.0668304 
0.00210974 0.624383 0.045645 0.0236838 1.75056e-06 0.0167124 0.00739722 0.000131581 0.000174445 0.0450187 0.234742 
0.00548758 0.927016 0.000445285 0.00499437 1.29806e-05 0.00456794 0.00281607 0.00179602 0.0100483 0.000528307 0.0422871 
0.126449 0.323022 2.60831e-06 0.0418468 2.06642e-10 0.19443 3.97014e-07 1.57409e-07 5.48422e-11 0.244529 0.0697196 
0.012207 0.394737 0.0916304 0.168708 0.00107385 0.0385459 0.0259156 7.29745e-05 0.000333955 0.111644 0.155131 
0.00355566 0.795346 0.0001594 0.0174114 6.88521e-05 0.014982 0.0033196 0.00660144 0.000211744 0.00124632 0.157098 
0.0356129 0.3984 0.00540641 0.117858 0.000233972 0.0407299 0.173714 0.0252391 2.87859e-05 0.0633467 0.13943 
0.0587482 0.377782 6.62962e-06 0.092517 1.99339e-05 0.0966556 0.170064 0.107633 0.000218497 0.00865936 0.0876954 
0.0605197 0.607968 0.000229813 0.0530851 5.77632e-05 0.0394344 0.0141937 0.000257987 0.000567919 0.0753548 0.14833 
0.00458873 0.598875 0.000136402 0.0417376 5.94003e-10 0.00450765 0.0224364 6.08987e-05 1.75928e-05 0.0344589 0.29318 
0.00703146 0.677513 1.03028e-09 0.128627 1.35504e-09 3.20622e-06 0.0304116 3.32814e-07 3.59622e-10 0.156406 7.32852e-06 
0.0788224 0.697906 6.00696e-06 0.0525732 4.77011e-07 0.0311992 0.0134365 1.32629e-05 0.000159362 0.0053946 0.120489 
0.0974509 0.314899 0.00617285 0.116873 0.00217322 0.125836 0.0426255 0.00398134 2.89269e-05 0.0633633 0.226597 
0.0632971 0.452071 1.39138e-06 0.19164 0.000580102 0.0950427 0.0134169 0.00053485 0.000175643 0.126772 0.0564677 
0.0138306 0.38715 0.00136654 0.113791 0.000154511 0.0793737 0.115056 0.00207338 0.00568346 0.0315578 0.249962 
0.0114229 0.608025 9.10848e-06 0.0381553 7.14822e-08 0.0524088 0.0284301 0.00332574 4.26096e-05 0.184768 0.0734128 
0.250079 0.25032 5.66807e-05 0.0244416 0.000517159 0.168793 0.0382819 0.0476831 0.000151487 0.00181577 0.217861 
0.00282835 0.452969 8.0519e-06 0.336022 8.95384e-09 0.0100679 0.0234484 0.00262939 0.00012967 0.000649723 0.171248 
0.00725394 0.594379 5.83749e-05 0.197153 0.00318547 0.0671743 0.0436563 0.00346144 0.000824141 0.0127077 0.070147 
0.048235 0.609406 8.46871e-05 0.0296941 0.000669725 0.0754845 0.0071458 0.00374164 0.000116076 0.000219796 0.225203 
0.0741947 0.502459 0.000235765 0.0214824 8.18933e-08 0.342948 0.00460844 0.0119645 0.000587112 0.00671357 0.034806 
0.000160542 0.476036 0.000962835 0.00408794 0.000512551 0.00272006 0.0617969 5.04136e-05 0.00275679 0.00667458 0.444242 
7.44611e-05 0.984979 8.08451e-10 0.0025189 1.06329e-09 1.46166e-06 0.00744762 2.82311e-05 0.00349923 0.000853508 0.000597107 
0.0195653 0.290493 3.28862e-05 0.0678976 0.00296871 0.0657728 0.253403 0.0251463 0.0242543 0.0241083 0.226358 
0.00654412 0.608867 8.92471e-08 0.00494095 6.22844e-07 0.212444 0.138663 0.0017968 1.73386e-05 0.0125824 0.0141434 
3.25829e-05 0.856368 0.000191863 0.0202065 4.97629e-05 0.020349 0.0544635 0.0187963 0.0234187 0.00373703 0.00238705 
0.0557983 0.46177 1.7242e-05 0.0156809 2.89813e-06 0.283608 0.0264007 0.0145442 0.000217716 0.0527284 0.0892311 
0.0090238 0.882651 2.95074e-05 0.0177957 1.60526e-05 0.0166317 0.0216645 1.43991e-06 0.00216926 0.00153365 0.048483 
0.016116 0.502307 5.54895e-05 0.0932321 0.00397428 0.0924679 0.108802 0.0624213 7.8762e-05 0.0120618 0.108484 
0.0586427 0.547089 2.40949e-05 0.0347628 2.36315e-05 0.0771877 0.0690646 0.015626 0.000408806 0.0393288 0.157842 
0.0107991 0.945173 1.24039e-05 2.4356e-06 6.70791e-11 6.6705e-06 1.94726e-06 1.06748e-05 0.000667064 2.6143e-06 0.0433237 
0.0329302 0.588229 1.34324e-08 0.222758 0.00039893 0.0240519 0.0108162 0.0152324 0.000918382 0.014173 0.0904917 
0.00197752 0.441451 0.000378415 0.0861838 8.09342e-05 0.0411794 0.0793556 0.0269195 0.245595 0.0244814 0.0523972 
0.00103892 0.930168 4.85277e-05 0.00114021 5.11137e-09 0.0424545 0.00177141 0.0193795 0.00299589 0.000316505 0.000686385 
0.00573938 0.954844 2.84059e-09 0.0113984 9.45363e-06 0.00906258 1.75505e-07 0.0164541 2.97921e-08 0.00206903 0.000423322 
0.0489987 0.797432 3.55366e-06 0.0101772 1.57847e-06 0.0585444 0.00650218 0.0041507 2.89425e-05 0.00564592 0.0685148 
0.00426934 0.994803 1.10506e-07 8.14024e-12 9.68282e-11 9.7692e-07 8.76935e-08 3.84903e-08 0.000226301 1.12384e-07 0.000700279 
3.023e-06 0.844297 5.92411e-06 1.06601e-05 1.09142e-08 0.00132614 0.0406732 5.81777e-05 4.58703e-06 0.0388017 0.0748196 
0.0681919 0.352151 0.000426554 0.0864103 0.0132708 0.221197 0.00350401 0.0881505 9.18828e-05 0.00380614 0.162801 
0.127545 0.367876 2.04365e-07 0.00601074 3.8232e-09 0.0382003 0.128133 2.38131e-05 4.02398e-05 0.0502587 0.281912 
0.0776352 0.346852 0.000536833 0.0208536 7.63702e-06 0.192773 0.0252609 0.00167745 0.000255456 0.0689551 0.265192 
0.0125316 0.460018 0.00131018 0.0222841 2.13778e-08 0.086568 0.0150379 0.0247808 0.232527 0.00208824 0.142854 
0.0761693 0.718952 1.56534e-05 2.68764e-05 6.75997e-07 0.00982047 0.074791 0.00755655 6.32077e-05 0.0241497 0.088455 
0.0352591 0.507477 2.54114e-06 0.0522817 1.16611e-05 0.137847 0.0789615 0.0389483 0.000463859 0.0313119 0.117436 
0.000230454 0.999254 5.40398e-06 3.98074e-10 4.7351e-09 3.44933e-10 4.00748e-10 7.83947e-10 0.000507825 1.06924e-06 7.73005e-07 
0.0213136 0.779801 3.68187e-05 0.0185707 2.41124e-08 0.0298393 0.0962281 1.95152e-05 7.00324e-05 0.00768282 0.0464383 
0.0447758 0.506995 6.75389e-05 0.0135005 4.00614e-10 0.131648 0.103993 0.00915869 0.00101024 0.0154068 0.173444 
0.0313427 0.566699 3.24737e-06 0.0368388 0.00970647 0.0837071 0.0207056 0.0505018 0.000481752 0.00704365 0.19297 
0.0234522 0.872744 6.68628e-09 0.0768472 8.79389e-09 8.98713e-06 5.47057e-06 6.72669e-07 2.33387e-09 0.0252075 0.00173406 
0.0136634 0.403224 0.0734226 0.065882 0.00579112 0.217479 0.00113497 0.00771588 0.00134516 0.0351853 0.175156 
0.000655156 0.319975 7.81798e-06 0.142316 5.62333e-07 0.190456 0.0724266 0.0623258 0.00144893 0.0225546 0.187834 
0.0296513 0.568109 0.000468478 0.131111 0.000201391 0.0540169 0.13772 0.0251654 0.00431026 0.00327973 0.0459661 
0.0902695 0.856848 6.69429e-05 0.000505202 1.167e-07 0.0147493 2.74446e-05 0.00273992 0.0001262 0.000154642 0.0345125 
0.00749792 0.245546 0.00102379 0.023468 6.78562e-07 0.150502 0.106394 0.0322838 0.000208695 0.203291 0.229784 
0.00699607 0.940102 0.00213742 9.42716e-07 2.16217e-10 0.00265424 0.000774915 4.13171e-06 0.000856436 1.01189e-06 0.0464726 
0.0163339 0.410863 2.25288e-06 0.0278651 2.67872e-05 0.173984 0.0271269 0.0410231 0.000428619 0.00039456 0.301951 
0.0382028 0.371051 2.23218e-05 0.0261394 4.25217e-06 0.342774 0.0124016 0.00450761 3.52528e-05 0.00237063 0.202491 
0.00961185 0.398428 0.00137085 0.204212 0.0013939 0.0307525 0.0163809 0.00392154 0.0134262 0.00437475 0.316127 
0.00464073 0.694695 7.56296e-06 0.0124003 0.00655053 0.0558633 0.0702665 0.000526146 1.36185e-05 0.0505633 0.104473 
0.0286412 0.431621 0.173469 0.065048 0.000182509 0.126538 0.00436414 0.000954637 0.0018772 0.0544735 0.112831 
0.000263544 0.734316 0.0569437 0.00941738 0.000246522 0.000288497 0.0332532 6.9026e-05 0.0015304 0.0243484 0.139323 
0.00445636 0.836708 1.07214e-06 0.00446548 2.54302e-06 0.0529963 0.0115499 0.0141927 2.29171e-05 0.00199214 0.0736123 
0.0810513 0.361931 0.0013088 0.143756 1.18645e-05 0.060339 0.0621665 0.00586054 0.0377905 0.0270755 0.218709 
0.0183135 0.797277 0.000543945 0.0197594 1.05453e-05 0.0939471 0.0205501 0.0155191 0.000453395 0.000337022 0.0332888 
0.0121532 0.489458 0.000165947 0.0395617 1.13721e-06 0.0367837 0.0266831 0.0290953 0.00085722 0.000452535 0.364788 
8.53796e-05 0.956448 8.53335e-05 8.53936e-05 8.53128e-05 8.53946e-05 8.53936e-05 8.53865e-05 8.53776e-05 8.53866e-05 0.0427838 
0.108512 0.299112 6.89584e-05 0.29359 3.8198e-09 0.0451353 0.0402392 0.00787101 0.000549642 0.159001 0.0459214 
0.000357472 0.957468 8.44506e-08 3.76546e-07 1.57305e-10 0.0141317 0.0131298 0.000855711 0.000132229 0.00707668 0.00684759 
0.121316 0.52332 0.000355099 0.0794381 0.00174499 0.103787 0.00868173 0.00348361 0.000571665 0.0456641 0.111638 
0.00548758 0.927016 0.000445285 0.00499437 1.29806e-05 0.00456794 0.00281607 0.00179602 0.0100483 0.000528307 0.0422871 
0.00214248 0.760036 0.000104634 0.025944 7.23902e-12 0.00290847 0.0119706 3.50921e-07 0.000121692 1.87269e-07 0.196771 
0.00103892 0.930168 4.85277e-05 0.00114021 5.11137e-09 0.0424545 0.00177141 0.0193795 0.00299589 0.000316505 0.000686385 
0.211159 0.243595 1.07604e-05 0.106773 0.000132332 0.070112 0.0736072 0.0338619 7.21066e-05 0.0191488 0.241528 
0.0155991 0.386994 4.78929e-05 0.0529329 0.000373276 0.0542974 0.0579196 0.0169439 0.276441 0.0075997 0.130851 
0.0365138 0.658132 1.2975e-05 0.0422002 1.09125e-07 0.0303352 0.082875 0.000131365 1.22363e-05 0.019843 0.129944 
0.0556929 0.47144 0.000583707 0.0459226 0.000642807 0.102832 0.0985797 0.0145154 0.0138789 0.0100846 0.185828 
0.0278576 0.466747 6.30717e-06 0.143257 0.00619974 0.0481319 0.0211893 0.011215 0.0548404 0.0191631 0.201393 
0.0124401 0.469573 4.05348e-05 0.0107553 8.68902e-07 0.234596 0.01374 0.0398917 0.00212057 0.00474622 0.212095 
0.105297 0.374008 8.11283e-05 0.0511048 1.09693e-12 0.023443 0.0746771 0.024404 0.00138157 0.00144756 0.344156 
0.0189477 0.431042 0.000718038 0.0768487 0.00329575 0.0587688 0.111644 0.00797026 0.043472 0.0695263 0.177767 
0.0146759 0.619686 1.02023e-05 0.0281989 1.48881e-06 0.0094329 0.142642 0.0306611 5.28656e-05 0.00863493 0.146004 
0.0320098 0.672492 6.83261e-05 0.0975956 0.000596941 0.0816963 0.0246454 0.0301125 0.000638244 0.00415649 0.055988 
0.0287955 0.429523 9.89571e-05 0.0839926 0.0011271 0.102615 0.0405532 0.0322554 0.000143874 0.0232607 0.257635 
0.0228745 0.708874 6.84787e-05 0.00432211 7.17122e-05 0.0174016 0.0186735 0.00892611 0.000565204 0.018488 0.199734 
0.000218164 0.838192 2.29522e-08 0.0232669 0.00867725 0.00382703 0.00552502 0.0131947 0.0958183 0.000369459 0.0109108 
0.00179408 0.766672 1.86311e-06 0.00118182 2.56867e-05 0.0161806 0.00140704 0.0389569 0.000109113 0.00197859 0.171692 
0.000218164 0.838192 2.29522e-08 0.0232669 0.00867725 0.00382703 0.00552502 0.0131947 0.0958183 0.000369459 0.0109108 
0.0357981 0.708982 0.0122788 0.0895108 0.00213566 0.0553338 0.0199949 0.00128668 0.000356565 0.0253844 0.0489382 
0.0246736 0.878952 2.59075e-07 0.0125449 0.00193372 0.00503829 0.0128091 0.00140673 2.48272e-05 0.0015733 0.0610431 
0.00306424 0.432284 0.000186825 0.0506238 1.08729e-07 0.0524435 0.000303593 0.025457 1.26643e-07 0.266297 0.169339 
0.0202643 0.762071 2.00416e-06 0.0586389 5.7844e-05 0.0822246 0.00969835 0.00526184 0.000316614 0.0271338 0.0343311 
0.010007 0.744662 7.05429e-05 0.0564751 3.95476e-10 0.0824449 0.00700161 0.0168839 0.000676986 0.00131593 0.0804621 
0.0298836 0.520655 0.00012719 0.0403865 0.000227526 0.0586756 0.0205467 0.00413752 0.00288918 0.0328276 0.289644 
0.00238746 0.491901 0.0173709 0.0638202 0.132921 0.019341 0.00536045 1.05322e-05 0.00026271 0.0560705 0.210555 
0.00794761 0.532926 0.130458 0.123793 0.0159164 0.00346147 0.020938 0.00974903 0.000223775 0.035458 0.119128 
0.00503647 0.504533 0.000223153 0.0239095 2.56545e-09 0.0773986 0.00647622 0.0561451 0.252547 0.00100842 0.072722 
0.0418613 0.497893 5.61994e-08 0.10349 0.0190979 0.139867 0.00124796 0.142107 0.000345893 0.000965748 0.0531241 
0.0167093 0.583792 1.45286e-05 0.0915495 6.39578e-05 0.077639 0.0342604 0.015428 5.05901e-05 0.00813866 0.172354 
0.00268551 0.900252 5.7837e-06 0.0365027 0.000527166 0.0288558 0.00677054 1.06913e-06 0.00107722 0.00380334 0.0195189 
0.0508183 0.502894 0.000769215 0.0333891 5.45111e-09 0.0156069 0.0942644 0.00240539 0.00126411 0.0114992 0.28709 
0.0479056 0.625495 0.00129088 0.0370865 3.86231e-08 0.0848095 0.0189663 0.0076833 7.62323e-05 0.0231168 0.15357 
0.0152266 0.78557 4.64612e-08 0.0734352 0.00732949 0.00386439 0.00727474 0.0155209 0.0630121 0.00203039 0.0267362 
0.0634789 0.504216 0.000209 0.0813715 5.31252e-05 0.111209 0.00349705 0.135809 0.000184487 0.00577067 0.0942013 
0.006357 0.612267 1.9372e-06 0.00895599 1.61846e-08 0.149034 0.0263572 0.0921452 0.000157012 0.00652478 0.0981995 
0.00421875 0.908173 5.96453e-05 0.00673995 6.6961e-05 0.0159706 0.0031537 0.00509913 0.000354983 0.0186702 0.0374927 
0.170908 0.46115 7.50775e-08 0.0475251 5.5672e-07 0.0452302 0.0645165 0.032953 0.00143449 0.00181885 0.174463 
0.0422975 0.328908 2.11735e-05 0.30323 0.000404587 0.0959494 0.0216157 0.0034552 0.000707627 0.0251078 0.178304 
0.0022974 0.609638 0.00169943 0.0727683 3.09461e-05 0.0661391 0.128244 0.0451379 0.0371131 0.00225353 0.034679 
0.0115608 0.540804 0.000115674 0.180019 5.54076e-05 0.0186736 0.00870881 0.0701636 0.000263441 0.0265669 0.143069 
0.00607628 0.625526 1.76612e-05 0.0347643 1.1473e-05 0.180387 0.00505853 0.0976532 0.00032887 0.00926012 0.0409163 
0.00107419 0.404291 0.0217285 0.0251517 0.000710676 0.0918936 0.0598556 2.6708e-05 6.58023e-06 0.315935 0.0793264 
0.00505766 0.307878 4.30624e-09 0.147399 1.65386e-05 0.00192567 0.073524 1.05586e-05 2.08984e-05 0.290382 0.173786 
0.0288641 0.517918 1.99398e-05 0.0974018 1.40384e-05 0.0653053 0.0803753 5.57499e-05 0.000661959 0.0040437 0.205341 
0.0168274 0.535204 8.27514e-06 0.0433806 3.04432e-05 0.0957889 0.0413671 0.0344186 0.000152149 0.0109814 0.221841 
3.25829e-05 0.856368 0.000191863 0.0202065 4.97629e-05 0.020349 0.0544635 0.0187963 0.0234187 0.00373703 0.00238705 
7.44611e-05 0.984979 8.08451e-10 0.0025189 1.06329e-09 1.46166e-06 0.00744762 2.82311e-05 0.00349923 0.000853508 0.000597107 
3.25829e-05 0.856368 0.000191863 0.0202065 4.97629e-05 0.020349 0.0544635 0.0187963 0.0234187 0.00373703 0.00238705 
0.00393577 0.750064 0.000564416 0.029597 4.15157e-05 0.0853892 0.050064 0.0390735 9.71677e-05 0.0224732 0.0187003 
0.00920711 0.778718 5.4728e-05 0.0566607 2.69885e-06 0.0700072 0.0126116 0.0277453 0.000157985 0.0076662 0.0371682 
0.00716373 0.877608 4.04314e-06 4.83447e-08 5.7506e-07 0.0177265 0.0974788 9.52075e-08 1.52619e-07 9.26878e-08 1.80114e-05 
0.00115072 0.661183 0.000845777 0.0348414 0.000930548 0.00989763 0.0512733 0.000397779 0.000161876 0.00446154 0.234857 
0.0932254 0.47399 0.000250728 0.043802 2.46441e-06 0.108802 0.0419064 0.0397664 0.000146917 0.0379714 0.160137 
0.0182865 0.565277 0.000322503 0.142636 2.97184e-07 0.00752296 0.0626081 0.00413804 0.00652616 0.0774394 0.115243 
0.0292761 0.723491 0.000767512 0.0376028 1.27412e-09 0.0231125 0.0510476 0.00272594 0.000968442 0.025222 0.105786 
0.0142523 0.652013 2.84861e-09 0.00231265 4.65245e-08 0.316065 0.000110505 1.29669e-06 9.94318e-10 4.73743e-06 0.0152405 
0.0189593 0.769908 0.00114393 0.0396838 0.000259703 0.0499287 0.0217644 0.00689054 8.35894e-05 0.00253528 0.0888423 
7.864e-05 0.308668 0.000282576 0.0771407 0.00321192 0.0116347 0.125954 0.00437912 0.208406 0.156792 0.103451 
0.111535 0.432019 0.0234404 0.0301469 1.66853e-05 0.0674709 0.0571386 0.00781995 0.0971711 0.0239644 0.149276 
0.00921101 0.444904 0.00169655 0.164915 4.52461e-05 0.0385183 0.210139 0.00212688 0.000117152 0.0611021 0.0672252 
3.43473e-05 0.999657 3.43288e-05 3.4353e-05 3.43204e-05 3.43534e-05 3.43529e-05 3.43501e-05 3.43465e-05 3.43502e-05 3.43541e-05 
0.0512011 0.6059 8.58857e-05 0.0664868 5.25777e-07 0.113768 0.00705865 0.0179863 3.39901e-05 0.0501699 0.0873088 
0.00805092 0.584407 3.36144e-05 0.0699588 0.00285818 0.0124628 0.0826155 2.26635e-05 0.0416503 0.00620447 0.191736 
0.0347188 0.557074 0.000142124 0.00808559 0.000133227 0.140792 0.0179562 0.000858066 0.00080048 0.101571 0.137869 
0.000775174 0.843922 0.00114515 0.00975474 7.82684e-08 0.0131882 0.00238317 0.0494594 0.00014436 0.00120275 0.0780249 
0.039329 0.424112 0.000211655 0.11908 2.4085e-05 0.146505 0.0200747 0.0002527 0.000100662 0.135628 0.114683 
0.0578817 0.631585 0.000102725 0.0373685 0.000115025 0.157253 0.0147259 0.0171029 0.000325641 0.00646565 0.0770741 
0.000369154 0.702356 1.32343e-06 0.101659 1.06702e-06 0.00790853 0.0113845 1.2894e-05 9.63867e-07 0.0904292 0.0858777 
0.00656471 0.393336 0.000104178 0.0103185 2.33936e-09 0.238872 0.0287096 0.0756359 0.00520034 0.00367995 0.237579 
0.0325237 0.61465 0.000426881 0.148726 0.00218757 0.0582775 0.0335689 0.00822935 0.00054733 0.0149795 0.0858834 
0.226004 0.613323 1.59435e-09 0.0246358 2.23613e-07 0.00678755 0.0212388 0.107945 6.50661e-05 3.37979e-10 2.5077e-08 
0.0281489 0.655968 0.000264219 0.0239604 0.000219205 0.0782711 0.0335594 0.0144181 0.000496375 0.0109546 0.15374 
0.00010006 0.932168 6.49908e-08 0.0282578 0.00338301 0.0294207 1.84565e-05 4.78084e-06 2.26853e-08 0.000244463 0.00640245 
0.0158366 0.370494 0.000209905 0.273947 0.00209395 0.0177129 0.0262375 0.00141751 0.0558743 0.0462348 0.189941 
0.215658 0.616 1.72414e-09 0.0738605 2.26761e-09 0.0338584 0.0446337 2.42016e-05 5.58484e-05 0.010065 0.00584504 
0.00548758 0.927016 0.000445285 0.00499437 1.29806e-05 0.00456794 0.00281607 0.00179602 0.0100483 0.000528307 0.0422871 
0.00871003 0.467776 0.000603119 0.0786008 0.000122388 0.33997 0.0175108 0.0284795 0.0122716 0.0157627 0.0301924 
0.0994861 0.553071 0.000229008 0.00359155 3.86487e-09 0.0222993 0.010865 0.00200965 0.000534225 0.00326148 0.304652 
3.4882e-05 0.877048 1.30345e-09 0.114228 1.71431e-09 0.00840221 2.11024e-07 0.000286727 4.54973e-10 1.81342e-08 1.21469e-07 
0.0448934 0.401225 1.54266e-05 0.0160466 4.76061e-07 0.238961 0.00469748 0.0232321 9.74149e-05 0.00772823 0.263103 
0.0529488 0.678266 0.000650643 0.0619354 9.43981e-06 0.0371496 0.0144139 0.0214367 6.1349e-05 0.00155912 0.131569 
0.010122 0.674434 2.8255e-05 0.129846 0.000273935 0.0169318 0.013808 0.0303841 0.0011288 0.00461237 0.118431 
0.000945153 0.586316 2.07989e-06 0.0190323 0.000398041 0.070751 0.0128096 0.000298723 0.267112 0.00107281 0.0412632 
0.00506958 0.88462 0.00120533 0.00154668 9.87274e-07 0.0519999 0.000555907 1.82857e-06 9.43552e-05 2.72091e-05 0.0548782 
0.0293731 0.403754 1.31151e-05 0.0854552 2.02191e-05 0.181661 0.0596494 0.000144435 0.000877903 0.2268 0.0122514 
0.029701 0.678173 0.018828 0.00804319 2.68983e-10 0.0859495 0.00680289 0.0618678 0.000277488 0.0279743 0.0823826 
0.0244306 0.330431 5.58739e-07 0.188148 0.000559161 0.0626801 0.116244 5.59086e-07 0.00564674 0.0221405 0.249719 
0.0109668 0.696766 5.38735e-06 0.205427 0.0139063 0.0152226 0.00756545 0.0127261 0.000228776 0.00577069 0.0314155 
0.00548758 0.927016 0.000445285 0.00499437 1.29806e-05 0.00456794 0.00281607 0.00179602 0.0100483 0.000528307 0.0422871 
0.0329762 0.595218 0.000598358 0.0784078 4.10029e-05 0.0522608 0.0340914 0.012115 0.00019531 0.0839125 0.110183 
0.00516568 0.610793 1.21081e-05 0.0413363 4.9646e-06 0.0883023 0.0747567 0.0200284 4.8601e-05 0.0526877 0.106865 
0.0189227 0.49584 2.82895e-05 0.15515 2.07903e-06 0.110521 0.0396433 0.0168296 0.00249283 0.00709518 0.153475 
0.0285398 0.687937 0.000136132 0.127237 0.0865971 0.0106868 0.0517455 1.99408e-05 0.000736949 0.00621048 0.000153009 
0.0135794 0.474043 0.000290374 0.185458 0.0339139 0.0511296 0.0542201 0.0205512 0.00323766 0.0234164 0.14016 
0.000443247 0.839126 2.73096e-06 0.0719172 3.5918e-06 0.0866133 3.03987e-07 0.000428638 9.53252e-07 0.00146363 1.72408e-07 
0.00970362 0.495883 1.68479e-05 0.0793217 5.37986e-05 0.0478171 0.0229774 0.0441924 0.000147844 0.136115 0.163772 
0.000136026 0.712131 7.12512e-06 0.0414471 0.0132088 0.00473906 0.0124308 0.009442 0.192528 0.00147501 0.0124555 
0.00344727 0.627845 0.000243008 0.00550948 6.5851e-08 0.0118954 0.0649635 0.000450312 0.00030885 0.0112809 0.274057 
0.0567829 0.425666 0.0505972 0.102566 0.000273047 0.0311052 0.0588321 0.00152974 0.116594 0.00942386 0.14663 
0.0282271 0.383414 0.000363953 0.0263845 0.00042293 0.262114 0.0260388 0.064594 0.00260248 0.103916 0.101922 
0.0536584 0.449952 1.2491e-05 0.0890663 8.55773e-07 0.0562314 0.0535327 0.0214949 9.60909e-05 0.0010879 0.274867 
0.00105799 0.703512 5.07158e-06 0.0365198 0.00569207 0.00810451 0.00914862 0.0676036 0.149808 0.00204296 0.0165057 
0.0795737 0.560216 0.00107949 0.0659882 9.20843e-06 0.0725002 0.0117158 0.0150641 0.000639007 0.0163567 0.176858 
0.0385266 0.411917 0.000198298 0.0193233 1.68772e-05 0.0739305 0.146315 0.0195295 6.4994e-05 0.0593774 0.2308 
0.0125383 0.547429 4.0148e-05 0.0604521 6.48384e-05 0.070235 0.0513074 0.00730349 0.0052385 0.00632939 0.239062 
0.0126583 0.630258 0.000724412 0.171266 1.82544e-05 0.0187035 0.111907 0.00358559 0.000365638 0.0091835 0.0413299 
0.010122 0.674434 2.8255e-05 0.129846 0.000273935 0.0169318 0.013808 0.0303841 0.0011288 0.00461237 0.118431 
2.14559e-05 0.815736 0.00387655 0.00437844 0.0544214 0.0803327 0.00955392 1.68708e-08 0.00109569 0.00320944 0.0273748 
0.0089763 0.48736 4.38085e-06 0.136321 5.80687e-05 0.0601438 0.0272977 0.069248 0.00144425 0.00419973 0.204946 
0.0128109 0.475253 0.000498421 0.208118 4.52548e-05 0.0281957 0.00859895 0.0251401 0.000782379 0.0184877 0.22207 
0.176677 0.685902 4.33296e-07 0.00621295 8.42448e-11 0.00527218 0.000313218 0.00585403 0.00114034 0.00117512 0.117453 
0.00400471 0.689159 0.000107591 0.0588579 1.06739e-06 0.0139986 0.0106045 0.0228794 0.0023124 0.152272 0.0458029 
0.0012956 0.515739 3.30612e-05 0.0382568 0.00189719 0.0320182 0.0244441 0.0290758 0.311079 0.00409762 0.0420632 
0.00894267 0.66005 3.8134e-05 0.020745 1.2044e-06 0.127833 0.0246363 0.0124372 0.00117815 0.00435944 0.139779 
0.0232237 0.414645 6.84313e-06 0.111095 1.62042e-07 0.211491 0.063609 0.0814029 0.00107249 0.0133787 0.0800759 
0.0587379 0.307237 0.00105233 0.0453785 0.00117685 0.175498 0.0741803 0.0331925 9.23593e-05 0.0978467 0.205608 
0.0643595 0.397027 1.42149e-05 0.0149073 4.0909e-06 0.160964 0.0292832 0.11432 0.000691886 0.0094741 0.208955 
0.113991 0.354781 7.90019e-05 0.0340653 1.17126e-10 0.127683 0.0649091 0.0173583 0.000200037 0.00752812 0.279405 
0.015043 0.396667 7.27854e-05 0.0236947 1.56192e-07 0.091924 0.00675651 0.000444623 0.305966 2.65515e-05 0.159405 
0.00475576 0.653451 9.23676e-06 0.0246862 6.90371e-10 0.107179 0.03424 0.00234688 0.000585129 0.00100546 0.171742 
0.0530699 0.742856 3.19289e-05 0.0389519 5.86855e-06 0.0445982 0.00906123 0.0125437 8.60144e-05 0.00268083 0.0961145 
0.00737191 0.85688 1.223e-08 0.00397499 1.60851e-08 0.0106539 5.67671e-05 8.25034e-05 0.000258371 0.00102287 0.119698 
0.144118 0.368699 0.000930322 0.279513 2.76258e-05 0.00134608 0.00463964 0.0155472 0.0736756 0.0199282 0.0915744 
0.0044806 0.332113 5.89967e-05 0.0651468 4.34512e-05 0.0427228 0.219675 0.00619006 0.231359 0.00125328 0.0969572 
0.0141968 0.853991 9.20834e-08 0.00201738 2.43554e-10 0.0798295 1.75312e-06 2.46805e-05 0.00108443 0.00183443 0.0470202 
0.0542685 0.511801 3.07581e-05 0.000451792 6.64281e-07 0.347198 0.0116455 0.0155806 0.00056907 0.00399528 0.054459 
0.0242469 0.611193 1.22928e-05 0.0221975 0.00159807 0.0376861 0.0131949 0.00139133 0.000270718 0.00686325 0.281346 
0.248006 0.590329 1.74985e-06 4.85156e-07 4.35868e-11 0.0431264 0.0166568 0.00673877 9.15024e-07 2.37462e-07 0.0951388 
0.0399501 0.393994 0.119606 0.0295571 0.00351132 0.0938104 0.030422 0.00365252 0.000984073 0.03545 0.249062 
0.0753434 0.681104 2.06905e-07 0.0141384 0.00970096 0.0298678 0.00971769 0.00264644 0.00312308 0.000691401 0.173667 
0.00811935 0.347649 0.000286821 0.180979 0.00355306 0.0313969 0.0205058 0.00551479 0.0478798 0.015793 0.338322 
0.0366178 0.542009 1.27587e-05 0.0439025 0.000177978 0.126866 0.00944022 0.000846167 0.000114882 0.0130028 0.227011 
0.0104462 0.358403 1.34325e-05 0.104992 0.000248418 0.119489 0.0182503 0.0286553 0.26464 0.00301875 0.0918435 
0.0104483 0.72142 4.94747e-06 0.035947 0.000126291 0.0442316 0.0167791 0.0370476 0.00248777 0.00390978 0.127598 
5.84716e-07 0.866895 0.00318163 0.00437367 1.87776e-06 0.0489646 2.73956e-11 1.81145e-06 9.70848e-07 9.33953e-07 0.0765785 
0.0115039 0.557358 6.42006e-06 0.0841221 0.0147373 0.043924 7.20259e-09 1.10158e-05 2.25861e-08 5.91498e-05 0.288278 
0.0501241 0.898057 3.86679e-07 6.64587e-05 1.34748e-09 0.0400923 0.00202474 2.2309e-10 2.03117e-05 0.000301366 0.00931372 
0.0565158 0.522878 8.09001e-06 0.0291602 1.44913e-09 0.0667176 0.0252217 0.00535075 0.000645644 0.033136 0.260367 
0.0461715 0.677653 2.18648e-06 0.0275367 6.93229e-06 0.0201672 0.00878025 0.049357 0.00057502 0.146374 0.0233762 
0.00740381 0.581333 0.00175969 0.0839239 0.0232098 0.0420746 0.0926415 0.021124 0.0350935 0.00289551 0.108541 
0.00323536 0.607278 1.79982e-05 0.0197889 1.86489e-08 0.0360441 0.0108723 0.000378993 2.6848e-05 0.115535 0.206823 
0.00240574 0.294766 0.00128211 0.0221256 0.0778978 0.229319 0.0551971 0.00856937 0.0203632 0.0146238 0.273451 
0.0323923 0.28899 0.000145853 0.032184 3.45587e-08 0.100136 0.184539 0.0202396 5.41787e-05 0.0752967 0.266023 
0.015043 0.396667 7.27854e-05 0.0236947 1.56192e-07 0.091924 0.00675651 0.000444623 0.305966 2.65515e-05 0.159405 
0.00503647 0.504533 0.000223153 0.0239095 2.56545e-09 0.0773986 0.00647622 0.0561451 0.252547 0.00100842 0.072722 
0.083337 0.742664 2.25433e-05 0.0232345 0.000120199 0.0284596 0.00611732 0.00350608 0.000160541 9.37768e-05 0.112285 
0.000218164 0.838192 2.29522e-08 0.0232669 0.00867725 0.00382703 0.00552502 0.0131947 0.0958183 0.000369459 0.0109108 
0.0501195 0.512318 0.00127213 0.016895 5.97493e-07 0.0290197 0.036158 0.00331045 0.000297969 0.00868795 0.341921 
0.00110819 0.288817 0.0771963 0.0180441 0.0163253 0.242062 0.0604344 0.000391349 4.83238e-05 0.229323 0.0662508 
0.0551044 0.509774 0.000449557 0.0608216 0.00264355 0.0946803 0.0283312 0.00706903 0.0365752 0.0199777 0.184573 
0.000359249 0.843139 2.11901e-06 0.000367241 4.49414e-11 0.0734275 0.000129473 0.0813585 0.000623798 7.91054e-05 0.000514209 
0.0214998 0.286562 3.88149e-05 0.253592 0.00111142 0.0985689 0.0193733 0.055003 0.013099 0.0228014 0.228351 
0.00656471 0.393336 0.000104178 0.0103185 2.33936e-09 0.238872 0.0287096 0.0756359 0.00520034 0.00367995 0.237579 
0.175967 0.527875 1.48109e-05 0.00157369 1.79172e-11 0.121289 0.0134884 0.00476321 0.000218064 0.00452383 0.150287 
0.0582551 0.573761 0.0106062 0.0986219 0.000285789 0.0391663 0.108592 0.0390745 5.59221e-05 0.00377238 0.0678089 
0.00238439 0.327554 0.00401722 0.0714617 0.00454726 0.068799 0.224812 0.0575624 0.0154912 0.0101145 0.213257 
0.0258911 0.339369 8.36558e-06 0.0557306 0.00642034 0.12166 0.0900833 0.0433724 0.00150594 0.0632712 0.252688 
0.00548758 0.927016 0.000445285 0.00499437 1.29806e-05 0.00456794 0.00281607 0.00179602 0.0100483 0.000528307 0.0422871 
0.132282 0.305159 0.000398742 0.0369336 1.05735e-08 0.236619 0.0922098 0.0129935 0.000308455 0.0184156 0.164681 
0.247557 0.634674 4.2318e-08 0.000836048 0.000284586 0.0330981 0.0189251 0.0361241 0.000120846 0.00114847 0.027232 
0.0370803 0.641027 0.0140414 0.141952 0.00047861 0.0496644 0.0163405 0.00171795 0.000298283 0.022927 0.0744726 
0.00106736 0.534584 1.77629e-06 0.27309 0.00556271 0.0106172 0.0317777 0.00726573 0.052937 0.029973 0.0531235 
1.38765e-05 0.724942 1.08053e-05 0.00379059 1.1853e-07 0.0200019 0.234626 0.00166122 0.000902094 0.00138857 0.0126627 
0.17802 0.572181 0.0109218 0.0242431 0.000159606 0.0660179 0.0853857 0.0130491 0.000211522 0.00353941 0.0462714 
0.000655156 0.319975 7.81798e-06 0.142316 5.62333e-07 0.190456 0.0724266 0.0623258 0.00144893 0.0225546 0.187834 
0.0919603 0.331174 4.84086e-05 0.00722458 7.39206e-11 0.267218 0.0251238 0.0244213 7.98062e-05 0.0392479 0.213502 
0.286622 0.484176 0.00346391 0.0184581 5.14339e-05 0.0463607 0.0175201 0.00282225 6.45836e-05 0.00305768 0.137403 
0.00134936 0.647646 0.000106301 0.294255 1.20723e-06 0.0184262 0.0231435 0.00426413 0.00338142 0.00628472 0.00114168 
1.00799e-05 0.982002 6.74816e-07 0.00164653 7.08245e-06 0.00290574 2.09085e-06 8.94858e-10 0.000418191 0.00330962 0.00969781 
0.000379982 0.385114 5.80211e-05 2.64021e-05 5.177e-05 0.242924 0.00970121 0.0196138 0.000150576 0.2882 0.0537804 
0.111872 0.775897 1.45341e-06 9.65385e-05 1.00607e-09 0.0557422 0.00188504 0.00746817 9.86766e-05 0.000237735 0.0467012 
0.0290273 0.544594 0.0012141 0.0831912 0.000776693 0.151676 0.0173924 0.0658333 0.0155118 0.00319515 0.0875873 
0.00873194 0.868397 0.000672499 0.0117462 1.06562e-05 0.00725818 0.00155703 0.00374352 0.0006619 0.000153414 0.0970675 
0.0123171 0.688854 1.20255e-06 0.048922 2.66954e-06 0.124656 0.0108145 0.000608254 1.39547e-06 0.00376074 0.110062 
0.0361932 0.374196 1.77442e-05 0.0855208 1.70263e-05 0.0971872 0.159928 0.000290143 0.000758393 0.00382939 0.242062 
