3.63207e-06 4.81792e-06 1.44715e-06 0.00786008 7.42391e-07 4.72204e-06 0.000453354 4.38047e-05 1.24719e-06 1.87751e-06 0.991624 
0.00180055 0.0585637 0.000329727 0.077267 1.62928e-07 0.0518894 0.0299932 0.00262291 5.71041e-06 0.104226 0.673301 
0.0812181 0.059993 0.00593459 0.101806 0.000537223 0.266962 0.0443593 0.0216918 3.95468e-05 0.000982327 0.416476 
0.0212124 0.0883244 0.00218696 0.199837 0.000186305 0.0377785 0.290427 0.00771606 0.0242114 0.0278258 0.300294 
0.0179694 0.0409715 0.000133642 0.227327 0.000446176 0.0454667 0.168977 0.00830949 0.00456668 0.11938 0.366452 
0.00842717 0.0253531 0.000101616 0.168188 2.56465e-05 0.0217701 0.123368 0.00364979 0.000152068 0.0510429 0.597921 
0.119844 0.364872 5.94901e-05 0.00299428 3.00367e-05 0.0214461 0.0207719 0.00158487 0.000634699 0.00129341 0.466469 
0.0030252 0.00427238 0.000777283 0.0874594 1.20484e-05 0.0124961 0.382397 0.00860233 1.87836e-05 0.0938604 0.40708 
0.0300474 0.0593758 0.000105437 0.00172523 2.27132e-12 0.0193361 0.352268 0.00137037 4.11303e-05 0.00387485 0.531855 
0.011116 0.233883 0.000268955 0.0768758 9.35112e-05 0.0787446 0.113628 0.0834449 0.00938087 0.024068 0.368496 
0.0524109 0.125211 2.73477e-05 0.0729923 1.36216e-05 0.22788 0.118148 0.0166351 7.14442e-05 0.0908693 0.295741 
0.0151424 0.124148 0.000123649 0.0347935 0.00109371 0.0258037 0.00320896 0.053979 0.000677264 0.00173281 0.739297 
0.0548635 0.10736 0.00080566 0.0336748 1.57479e-11 0.225133 0.013007 0.0720043 3.09609e-08 0.00271238 0.490439 
0.0354692 5.63756e-08 1.38763e-07 0.26332 1.68595e-06 0.0398472 0.11787 2.43033e-07 2.60211e-09 0.00242744 0.541064 
0.00690155 0.0120853 5.77886e-06 0.00322479 1.61499e-12 0.0144901 0.207427 0.000150011 4.5104e-06 0.000160702 0.755551 
0.0517269 0.188837 0.000164684 0.190987 0.000228195 0.144597 0.109906 0.033544 0.000133217 0.0417442 0.238132 
0.0426118 0.056994 0.000162126 0.0756696 0.00105103 0.0575284 0.0157352 0.00146032 9.05827e-05 0.0169312 0.731766 
0.0108293 0.205124 0.000601758 0.057362 0.000843353 0.0591766 0.106727 0.0448342 0.000408394 0.139669 0.374424 
1.48797e-05 0.0270316 2.35989e-08 0.428882 9.21135e-07 0.00189184 0.00608511 9.74749e-05 0.000956378 0.000219053 0.534821 
0.161542 0.0538059 0.000137844 0.0683599 8.1531e-05 0.0870837 0.0839712 0.0888975 5.37036e-05 0.0249098 0.431157 
0.0420244 0.0775552 8.56791e-05 0.0482446 0.00241294 0.0794131 0.201443 0.0495506 0.0132056 0.0658495 0.420216 
0.00682079 0.0727841 0.00104597 0.148281 0.00089292 0.0220353 0.186053 0.00236794 0.00461125 0.0209047 0.534203 
0.00447169 0.0749493 0.00155261 0.228785 0.00594405 0.0606204 0.10179 0.0432987 0.00599611 0.0541134 0.418479 
0.0522868 0.0749985 0.00192058 0.0536546 0.00326425 0.129625 0.10572 0.00777411 0.0152886 0.0112633 0.544204 
0.00455504 0.13682 2.57416e-06 0.0179387 0.00239577 0.0469924 0.120511 0.00128799 0.000112902 0.12852 0.540864 
0.0637038 0.118402 0.0016384 0.066597 0.000545407 0.157052 0.035779 0.0264504 0.000278312 0.00131982 0.528234 
0.00500351 0.0281849 2.36789e-05 0.254901 0.000537554 0.000965772 0.0448858 1.21351e-05 0.000854914 0.0619038 0.602727 
0.0195016 0.340785 8.01501e-05 0.0768364 0.00116893 0.0186157 0.0222558 0.0201977 0.0190398 0.127068 0.354451 
0.0330065 0.138255 0.000290158 0.153345 0.00190348 0.047724 0.212917 0.0104163 0.000493908 0.0640203 0.337629 
0.0126066 0.108433 5.78532e-06 0.231166 2.09358e-12 0.08097 0.0602502 2.35009e-08 8.21622e-05 0.00616181 0.500324 
0.158435 0.286817 1.33586e-05 0.0150909 1.89494e-10 0.146265 0.0363547 0.00385896 0.000119823 0.000510528 0.352535 
0.0198385 0.250164 0.000832029 0.0977905 3.59199e-05 0.0314862 0.144598 0.013864 0.000655922 0.0343925 0.406342 
0.0516166 0.0616632 1.72513e-05 0.0452927 0.00208013 0.130617 0.18368 0.0194951 7.14408e-05 0.0112694 0.494197 
0.0794249 0.0464526 0.00014649 0.0407685 2.68761e-08 0.0328458 0.0108512 0.00173317 0.000674259 0.00156904 0.785534 
0.00501087 0.0608732 0.00194826 0.390245 0.000641851 0.0166647 0.0532534 0.00354983 0.00324432 0.0347465 0.429822 
0.0337126 0.00929732 0.00405641 0.0185916 8.36312e-10 0.023596 0.034092 0.0158206 5.49422e-05 0.00143535 0.859343 
0.0529206 0.00486702 0.0474817 0.0893219 0.00230183 0.122714 0.132135 0.0243121 0.021706 0.0107123 0.491528 
0.0426401 0.0436295 4.54189e-05 0.087706 0.00130431 0.0462201 0.281095 0.0147832 0.00528636 0.0203431 0.456946 
0.00711549 0.00758347 0.00034827 0.0258334 0.0135811 0.0774812 0.245857 0.0139257 7.39766e-05 0.014648 0.593552 
0.00812112 0.108464 0.000124118 0.0150813 0.00070017 0.0450414 0.20667 0.0277036 5.06751e-05 0.0412249 0.546819 
0.114281 0.336154 0.00386994 0.0303572 3.95431e-06 0.0298016 0.038907 0.00095636 3.48703e-05 0.0132858 0.432349 
0.00705272 0.0172156 4.76293e-06 0.00506719 1.60542e-12 0.0196203 0.0878905 2.5654e-05 6.71064e-06 0.000164583 0.862952 
0.0870113 0.313822 0.00590786 0.0388858 2.40615e-10 0.191233 0.0153304 0.00919375 3.08789e-05 0.00691151 0.331673 
0.0203249 0.0357928 6.87576e-05 0.0875786 4.47153e-05 0.0192158 0.00732375 0.001279 2.23172e-05 0.00393728 0.824412 
0.00618808 0.00666311 0.00113642 0.147122 2.27314e-05 0.0218499 0.227096 0.00129739 0.00849548 0.0658792 0.51425 
0.0393853 0.206671 0.000795275 0.012247 0.00170918 0.0373602 0.0663203 0.00396134 1.37346e-05 0.0151098 0.616427 
0.0687566 0.00505033 2.54398e-05 0.0698635 3.24267e-11 0.0637591 0.299337 0.0107332 2.80114e-05 0.0261215 0.456326 
0.126704 0.159294 0.000101407 0.0332463 2.31963e-05 0.177566 0.132866 0.0794807 4.17168e-05 0.0107577 0.279919 
0.0101931 0.0461229 0.000315481 0.239762 0.0037166 0.041101 0.109389 0.0201779 0.00888382 0.0858095 0.434528 
0.0182179 0.079843 0.000107757 0.00902184 4.76602e-05 0.112701 0.0404063 0.0159474 0.000161006 0.0017126 0.721833 
0.0238385 0.0689362 5.06544e-05 0.0658798 0.00704419 0.100703 0.0753562 0.0507032 0.000241183 0.0428042 0.564443 
0.0171886 0.0108999 6.80346e-08 0.0590165 6.21578e-11 0.0541322 0.100308 0.0070795 2.40889e-05 0.00105337 0.750297 
0.0467793 0.0585745 2.27031e-05 0.108593 0.000291682 0.268931 0.194922 0.00776617 4.88378e-05 0.00940588 0.304665 
0.0154445 0.0146873 0.00031719 0.0601812 2.05085e-05 0.0574047 0.251574 0.00865418 0.0024194 0.0897877 0.499509 
0.00920659 0.0998124 2.9504e-05 0.0422457 6.35581e-05 0.0485544 0.17012 0.0141014 0.000130868 0.0274511 0.588285 
0.0111202 0.0203529 0.00988181 0.13006 4.70267e-06 0.0361603 0.243778 0.0291234 0.000118361 0.0114887 0.507911 
0.0505254 0.10861 5.98014e-05 0.12456 3.49749e-06 0.0120978 0.186817 0.00193796 0.000581082 0.0205941 0.494214 
0.0136958 0.0870488 0.000735619 0.0258126 0.00599434 0.0139659 0.0451441 0.0120704 0.00120001 0.0219484 0.772384 
0.0175277 0.0243919 0.000408284 0.141273 0.000923527 0.0463235 0.101381 0.0151283 0.00606725 0.0277302 0.618845 
0.0120474 0.0524606 0.000401939 0.0430633 5.67162e-05 0.149091 0.190448 0.0127148 0.000240724 0.0523939 0.487082 
0.0200732 0.0746656 0.0156205 0.284076 0.00195632 0.0223807 0.03436 0.0146047 0.0040006 0.0394918 0.48877 
0.117133 0.173036 0.000668648 0.166283 0.00671459 0.101938 0.0676531 0.0434566 0.0129127 0.0561533 0.254051 
0.0301375 0.0126857 9.74099e-05 0.102154 1.02065e-07 0.0458303 0.14513 0.0117578 8.87953e-05 0.0333255 0.618793 
0.0293217 0.250506 0.00020149 0.0577357 0.0419789 0.0236324 0.0572351 0.0101345 0.00147154 0.0117015 0.516081 
0.00546393 0.00435839 1.48226e-05 0.0493592 0.00012671 0.211614 0.0781442 0.0670326 5.02445e-06 0.00512717 0.578754 
0.0111254 0.168431 1.80261e-08 0.022402 0.000195184 0.109965 0.139631 0.0133369 0.000285371 0.00278574 0.531841 
0.000676558 0.0870495 0.000764577 0.222192 1.53312e-11 0.0119074 0.144372 0.000395245 0.000406231 0.119516 0.412721 
0.0665814 0.16895 1.45917e-07 0.00845822 4.07241e-10 0.0849522 0.040157 4.71243e-05 9.76916e-08 0.00912799 0.621726 
0.011775 0.0335265 0.000504194 0.0566742 2.60886e-08 0.0139322 0.05127 0.00243129 0.00987939 0.0129131 0.807094 
0.0183983 0.0525156 0.00021209 0.0359311 1.14154e-05 0.104513 0.331402 0.036828 0.000689401 0.0181197 0.401379 
0.0139663 0.0442726 0.000385815 0.0407723 0.000148224 0.11565 0.0889776 0.00681472 2.96501e-05 0.092547 0.596435 
0.137245 0.140251 0.000430383 0.00548959 3.18306e-05 0.125152 0.107506 0.0135896 0.000296341 0.0106885 0.45932 
0.201772 0.0210482 0.000764809 0.127677 7.31741e-06 0.0354067 0.119275 0.000230117 2.57896e-05 0.0126656 0.481128 
0.0093459 0.0148239 5.99592e-07 0.434888 1.78576e-08 0.0630247 0.000378287 0.000260452 6.32558e-05 0.0130978 0.464118 
0.0450158 0.214566 0.00128854 0.0571262 0.000999344 0.0311082 0.14579 0.014054 0.017821 0.013172 0.459059 
0.0870236 0.0204391 0.00117441 0.0160059 1.0887e-13 0.0380965 0.00576855 0.00248575 5.36271e-09 0.000230972 0.828775 
0.0472029 0.0210333 0.000190846 0.052939 4.68618e-06 0.216014 0.0150399 0.00082207 3.08552e-06 0.00441842 0.642331 
0.000658351 0.120948 0.00306745 0.244362 0.000130075 0.000677282 0.00807937 0.000184041 0.000309571 0.00737116 0.614212 
0.0943011 0.036308 0.00420178 0.0670379 1.26373e-08 0.230184 0.155677 0.00627023 5.88862e-05 0.000960107 0.405001 
0.024101 0.0624087 0.000355749 0.126078 5.02463e-05 0.0477582 0.0912344 0.0138925 0.000236121 0.0166051 0.61728 
0.0308132 0.0139528 0.000127281 0.119455 0.0018829 0.0489467 0.105896 0.0413102 1.99093e-05 0.03485 0.602746 
0.0284518 0.134727 6.48639e-05 0.0119941 0.000343463 0.0471705 0.00379759 0.00285078 0.000412208 0.29954 0.470648 
0.0296535 0.00284818 2.72065e-05 0.0574144 6.73778e-11 0.0990872 0.192176 1.14861e-05 1.12643e-08 0.00430369 0.614478 
0.122388 0.0115163 0.00183784 0.0578885 2.23784e-06 0.206567 0.228913 0.0817466 0.0107651 0.0140559 0.26432 
0.00904447 0.00969687 4.50243e-05 0.389466 8.34086e-05 0.00783011 0.0276052 0.00345152 3.67272e-05 0.0286169 0.524124 
0.0149649 0.0237264 0.000292761 0.0916333 0.00158539 0.113202 0.237162 0.0515459 0.000188601 0.00519271 0.460506 
0.00466336 0.00146368 0.000413045 0.0246232 0.000147929 0.19252 0.346179 0.00305931 2.47742e-05 0.0622415 0.364665 
0.212984 0.197935 0.000685429 0.0147023 0.000237697 0.217628 0.0115801 0.0650705 0.00160067 0.0187986 0.258777 
0.0104246 0.00302083 3.74645e-05 0.115877 1.65702e-08 0.0501696 0.0111518 0.00159469 1.31383e-06 0.00229813 0.805424 
0.029139 0.0850581 4.66423e-08 0.0645477 0.0166766 0.248496 0.244499 0.000445183 0.000457415 0.014429 0.296252 
0.0158646 0.011075 8.61122e-05 0.0389561 2.44847e-05 0.03847 0.116013 0.00986223 1.94563e-05 0.042622 0.727007 
0.00174146 0.18897 0.000829763 0.186603 0.000617107 0.00651686 0.0596941 0.0205492 0.208589 0.0320037 0.293885 
0.0484256 0.11576 4.92299e-06 0.155645 4.79585e-05 0.12695 0.185401 0.00408621 4.75904e-05 0.0550058 0.308626 
0.0218043 0.0329395 1.70338e-05 0.018195 6.98252e-12 0.0500456 0.190694 0.000959359 0.000172967 0.00118059 0.683992 
0.00982855 0.00306166 7.17615e-10 0.156421 0.000401771 0.0375071 0.10832 0.130416 4.86722e-08 0.0159832 0.53806 
0.0291448 0.289433 3.00267e-06 0.0564955 2.13279e-07 0.0996579 0.0310545 0.00214255 3.33607e-06 0.0196338 0.472431 
0.0362216 0.0290995 0.00352 0.126034 0.00267269 0.143787 0.185678 0.0269302 0.00273832 0.0269401 0.416379 
0.0135253 0.134289 0.00524889 0.0077532 7.14346e-07 0.181571 0.101608 0.105101 4.18134e-06 0.150027 0.300872 
0.00604182 0.00847428 2.82329e-05 0.0616484 2.35345e-08 0.0271159 0.077253 9.74005e-05 4.28304e-05 0.00779983 0.811498 
0.00587542 0.053833 4.13269e-05 0.012831 6.17441e-08 0.157652 0.0742479 0.11327 0.000144577 0.002116 0.579988 
0.001737 0.049191 0.000915728 0.294403 0.000121714 0.0156122 0.152169 0.00405235 0.00196583 0.0309883 0.448843 
0.395705 0.0556261 8.48122e-08 0.0471697 2.93496e-05 0.0157034 0.00301911 0.0126831 3.37418e-05 0.000514331 0.469516 
0.0447113 0.094143 0.000153036 0.0482404 7.01211e-05 0.0593699 0.152882 0.00209949 0.00025181 0.02268 0.575398 
0.180813 0.0612796 0.000172085 0.0379398 8.3297e-05 0.0440031 0.223471 0.00499053 0.00125477 0.00981168 0.436181 
0.0205959 0.0330816 0.000142947 0.257626 7.08501e-06 0.206887 0.062878 0.0026758 2.44786e-05 0.0529456 0.363136 
0.19332 0.0277373 2.47369e-06 0.124684 5.151e-06 0.0269576 0.0557305 0.000633926 9.01228e-05 0.00674493 0.564094 
0.000780608 0.0450894 7.5471e-05 0.0195183 0.000285577 0.0342551 0.0586046 0.0139777 0.000101419 0.0975516 0.72976 
0.0220397 0.116504 2.99118e-05 0.34226 3.32691e-08 0.0043608 0.00454442 0.00231527 0.000426692 0.0182354 0.489284 
0.00280956 0.00233288 0.000604363 0.11551 1.24566e-06 0.0184374 0.0304795 0.0259278 2.65735e-06 0.245512 0.558382 
0.00215682 0.0220493 1.71128e-06 0.293207 7.81624e-10 0.00922865 0.00024961 3.12902e-08 1.52327e-08 0.000367098 0.672739 
0.00286345 0.0202969 4.11193e-06 0.0185977 0.00024919 0.0365231 0.100211 0.0277614 0.000203442 0.072261 0.721029 
0.00495385 0.125799 0.000243525 0.338219 6.871e-05 0.0330568 0.00322004 0.0161408 0.000146661 0.0133807 0.464771 
7.93957e-09 0.00220034 2.64683e-08 0.44275 7.84108e-06 9.01192e-05 0.0292477 6.39959e-06 0.0379828 0.00214048 0.485574 
0.0296375 0.144524 4.22188e-08 0.128304 0.20859 0.10942 0.016775 0.000400641 1.42322e-05 0.0538058 0.308528 
0.106561 0.070898 0.000170452 0.0210753 1.42896e-08 0.167 0.287199 0.00480534 0.0002808 0.00493848 0.337071 
0.0053183 0.0311093 0.000213991 0.0734109 0.000284654 0.0635934 0.0653957 0.00243959 0.000163139 0.0609534 0.697118 
0.112491 0.189321 0.000341484 0.198979 0.00179486 0.0988591 0.0457623 0.0814148 0.00014277 0.0109733 0.25992 
0.00374428 0.0522702 0.00208645 0.127209 0.0433528 0.0358919 0.0915944 0.0196712 0.00698119 0.0221081 0.59509 
0.001566 0.00890539 1.44302e-06 0.0560108 3.84617e-06 0.0422606 0.202802 0.0450894 3.86977e-07 0.00545784 0.637902 
0.0830177 0.272906 0.00504742 0.0356946 2.29814e-10 0.240641 0.0157475 0.0367295 2.52668e-05 0.00739599 0.302795 
0.00452111 0.010175 1.31282e-07 0.250811 7.33793e-06 0.114086 0.0419871 0.0060777 1.46833e-06 0.00603164 0.566302 
0.0977944 0.0111772 2.59318e-05 0.304868 1.43226e-06 0.0577631 0.0932374 0.0492122 6.20399e-06 0.0182643 0.36765 
0.014988 0.0461771 0.000128812 0.247169 0.0318998 0.0768943 0.0988135 0.0270486 0.00114636 0.0849446 0.37079 
0.0236527 0.151453 0.000794154 0.0212742 1.84413e-05 0.0840608 0.306148 0.015534 0.00024261 0.0238263 0.372996 
0.0279326 0.021369 0.000744048 0.111434 7.96304e-06 0.119965 0.194306 0.00504479 4.3635e-05 0.00192471 0.517228 
0.00973022 0.220902 0.00010385 0.12074 6.62154e-05 0.0638642 0.0696792 0.0237793 0.161187 0.00704956 0.322899 
0.025383 0.0567061 3.58403e-08 0.128896 0.0116705 0.171415 0.238587 0.000759527 0.000305031 0.0275871 0.33869 
0.152058 0.0177227 2.14804e-05 0.190329 0.00135845 0.0124516 0.140264 0.00379599 5.55446e-06 0.00279182 0.479202 
0.00457775 0.00504455 9.01836e-06 0.00734757 2.57854e-12 0.0313298 0.405215 0.000281117 7.90329e-06 0.0154224 0.530765 
0.0540005 0.0206531 0.00372337 0.0504613 6.5883e-08 0.28279 0.0297941 0.00995039 6.5933e-08 0.00477412 0.543853 
0.00959298 0.138874 0.0175148 0.166591 5.82427e-06 0.0239873 0.0107823 0.00089049 0.00043437 0.0255313 0.605796 
0.018493 0.0197431 0.000258009 0.0784963 0.000264061 0.0717729 0.261717 0.00405055 3.14604e-05 0.0138228 0.53135 
0.00708066 0.00870293 2.52321e-06 0.0304135 1.75663e-09 0.0234665 0.457559 0.000273064 2.02185e-05 0.000701498 0.47178 
0.00406884 0.0381479 7.20963e-05 0.146987 0.0108581 0.293708 0.155635 0.00050511 0.000306128 0.0385049 0.311207 
0.00718988 0.0554663 0.000112026 0.043972 0.000190645 0.0141062 0.0233632 0.00655952 0.000327419 0.0222927 0.82642 
0.00386506 0.0050743 2.53765e-05 0.040423 0.000731509 0.0851802 0.194374 0.00384479 2.54791e-05 0.178377 0.48808 
0.0156105 0.106242 0.000911005 0.119534 0.0131697 0.0783808 0.0432257 0.0909411 0.00511503 0.0209979 0.505873 
0.0273745 0.0222451 5.75665e-05 0.00786634 0.002798 0.020896 0.0209353 0.00235398 2.17392e-05 0.0373838 0.858068 
1.32647e-08 0.00185069 1.42803e-08 0.25806 6.03257e-06 0.000234827 0.0985498 1.29164e-05 0.0218879 0.00559742 0.6138 
0.0262925 0.0673577 9.3861e-05 0.0224443 0.000911091 0.0777527 0.326455 0.0120351 7.18787e-05 0.0184689 0.448117 
6.24107e-05 0.000811815 4.5044e-05 0.0410598 0.00223733 0.000570612 0.0826079 2.52033e-05 9.14194e-05 0.202793 0.669695 
0.00567402 0.0329021 0.000171929 0.0424403 1.09051e-11 0.0474404 0.360567 0.00654473 0.000316747 0.0380669 0.465876 
0.000754267 0.0111766 0.00019159 0.0497896 1.216e-08 0.0016032 0.0153988 1.86961e-05 3.58526e-05 0.0354617 0.88557 
0.00441267 0.0164385 1.1041e-05 0.00303718 1.75177e-07 0.0317154 0.020386 0.0095306 1.71364e-05 0.00414579 0.910305 
0.0954666 0.0190458 0.000303658 0.0482417 4.75232e-09 0.0323615 0.0296217 0.000896662 0.000494703 0.0217477 0.75182 
0.000869987 0.1125 4.74786e-05 0.0218824 0.00521646 0.00720794 0.235279 0.000340466 0.000261088 0.0419721 0.574423 
0.0530938 0.175712 0.000294408 0.0593401 9.86809e-09 0.114291 0.173135 0.00732918 0.000693301 0.0631638 0.352947 
0.00922312 0.318661 0.000364885 0.189592 4.77149e-07 0.0130254 0.0375173 0.000591963 0.00025381 0.00149452 0.429275 
0.043891 0.133819 6.00581e-05 0.0778329 1.39103e-05 0.0803163 0.0962475 0.00716976 0.0182062 0.0390053 0.503438 
0.0275665 0.064216 0.000832844 0.113697 0.000619454 0.0383937 0.295772 0.0129888 0.00216069 0.105109 0.338644 
0.0174415 0.0983646 0.000576299 0.0194498 6.32941e-05 0.10509 0.0775787 0.012312 0.000514861 0.267788 0.400821 
0.00863566 0.0223149 0.000144521 0.165114 0.000336272 0.014935 0.0144626 0.00698374 3.95129e-05 0.00576495 0.761269 
0.00114823 0.000304 1.51409e-05 0.0183243 0.0138097 0.0364124 0.155075 0.000463353 1.55204e-06 0.195296 0.57915 
0.007479 0.0280751 0.000128279 0.050304 2.07437e-05 0.0236912 0.37775 0.0187578 0.0001703 0.030434 0.46319 
0.0218692 0.046145 0.000193404 0.0297369 0.000260029 0.0887339 0.297321 0.000543025 5.60246e-05 0.0386857 0.476456 
0.173217 0.20393 1.06599e-06 0.0321752 0.000936876 0.106287 0.0749644 0.00714537 3.657e-05 0.0114789 0.389827 
0.00660887 0.237295 0.000486652 0.0399633 0.00631925 0.0984761 0.103679 0.0122292 0.00727413 0.0945165 0.393152 
0.00428562 0.0687623 0.000275091 0.10283 1.07187e-05 0.321428 0.0645184 0.0193901 4.29459e-05 0.0689524 0.349505 
0.0683217 0.0720813 0.000130094 0.144084 2.66585e-07 0.11113 0.00357409 0.0208208 3.88964e-05 0.000360734 0.579458 
0.0170279 0.0350453 0.000244914 0.185187 0.000187523 0.0432536 0.0988274 0.0117707 0.00221608 0.0845348 0.521705 
0.0551229 0.0980449 2.96413e-09 0.294379 2.2585e-05 0.0631414 0.0608588 0.00382445 6.45493e-06 0.0332931 0.391306 
0.0304345 0.0471718 0.000437438 0.241735 8.19671e-05 0.0607673 0.159058 0.0262597 0.0355343 0.0165569 0.381964 
0.0541913 0.107269 0.00016912 0.121648 1.88016e-07 0.120663 0.155373 0.00821538 5.89056e-06 0.18064 0.251825 
0.0114262 0.00318325 0.00016577 0.00935615 2.12646e-09 0.0866886 0.051646 0.000533818 3.75147e-06 0.000545673 0.836451 
0.0187085 0.0944075 0.000332899 0.193515 2.11839e-07 0.0721085 0.13388 0.00245679 0.000293952 0.0185125 0.465784 
0.0133967 0.0297296 0.00352649 0.0642365 5.65827e-05 0.00772754 0.0705196 0.00589299 0.0120948 0.0179664 0.774853 
0.00263498 0.00100773 2.37359e-06 0.0218088 0.00305265 0.0823688 0.126603 0.0142828 9.03397e-06 0.132777 0.615453 
0.0101471 0.0120297 2.15284e-07 0.0551762 7.32242e-05 0.109102 0.106517 0.0326121 1.25692e-05 0.00659302 0.667737 
0.00521642 0.00345765 0.0003074 0.0662761 0.000503767 0.0497595 0.374342 0.00333223 0.000432223 0.0518417 0.444531 
0.0684425 0.129974 7.57974e-05 0.0450552 0.000530907 0.130526 0.0175754 0.006746 5.97153e-05 0.00361195 0.597403 
0.0258548 0.262398 0.000385299 0.00315345 3.21341e-07 0.0106672 0.0225723 0.00183619 0.000306399 0.0384309 0.634395 
0.00292355 0.00727227 1.07038e-05 0.136204 0.0005012 0.0343464 0.0168818 0.0370129 9.98357e-05 0.00867609 0.756071 
0.00389581 0.0962333 0.00226034 0.244684 0.000838995 0.146952 0.071044 0.0463905 0.0521848 0.0229672 0.312549 
0.00833791 0.0236484 0.000104735 0.30513 0.000179155 0.011688 0.0179221 0.00855352 0.000856724 0.00364404 0.619935 
0.0129538 0.0247825 4.86121e-06 0.0400797 2.85661e-06 0.0823267 0.300949 0.0216669 4.58229e-05 0.0213687 0.495819 
0.0179668 0.0377128 0.000414674 0.322318 0.000832738 0.0323064 0.143312 0.0123267 0.011805 0.0149781 0.406027 
0.0262956 0.145893 8.87954e-05 0.0590176 1.20804e-12 0.0457915 0.0726273 0.000831241 4.8355e-05 0.00741798 0.641989 
0.0054365 0.0038455 8.59181e-05 0.188369 2.3725e-09 0.0480459 0.0834823 0.00624789 3.85049e-05 0.025487 0.638961 
0.1082 0.047738 0.00017643 0.152998 8.97538e-06 0.0898144 0.0721581 0.00386553 0.0167968 0.126512 0.381731 
0.0104362 0.0145008 0.0310546 0.153368 1.14858e-05 0.0562658 0.143604 0.00817354 5.82953e-05 0.0016846 0.580842 
0.00314838 0.0197612 6.1957e-06 0.0401673 0.000211584 0.233947 0.137713 0.0577819 6.02811e-05 0.035506 0.471698 
0.0157568 0.0852322 0.000232022 0.377304 0.000719812 0.0425519 0.0518035 0.0146043 0.00311859 0.0259767 0.3827 
0.000674507 0.0236033 0.000109147 0.264847 4.03085e-06 0.0162909 0.103043 0.000225296 0.000244017 0.107055 0.483904 
0.0318497 0.208246 2.29633e-06 0.0577223 1.97375e-07 0.118375 0.021738 0.000106887 7.18889e-05 0.0121824 0.549705 
0.0026145 0.0640744 0.00257752 0.15361 0.00074537 0.0137744 0.0900441 0.00911006 0.00230604 0.117509 0.543635 
0.142433 0.0641994 0.00296211 0.166779 0.000373665 0.0479762 0.135415 0.00903244 8.98992e-05 0.0600278 0.370712 
0.00492953 0.0326997 0.129377 0.00120125 1.99623e-07 0.0723601 0.011654 0.00511871 5.29793e-08 0.307081 0.435578 
0.00845949 0.0516048 1.94908e-05 0.0764327 4.05099e-05 0.0112549 0.011072 0.000346532 0.0857933 0.0359852 0.718991 
0.011132 0.0267353 0.00024811 0.113678 0.000160648 0.10759 0.323717 0.00381654 5.66128e-05 0.0733606 0.339506 
0.000805722 0.0055711 0.00010924 0.0378151 1.77754e-05 0.0186872 0.0745104 0.00390929 2.2719e-05 0.0603357 0.798216 
0.0081003 0.0712795 0.00144848 0.0367735 4.09307e-06 0.0500238 0.132384 0.000527766 6.88152e-05 0.00346997 0.69592 
0.00323581 0.0271822 1.21919e-05 0.00422753 7.69035e-13 0.0160694 0.381545 0.00031644 2.26654e-05 0.0039908 0.563398 
0.00956187 0.204617 1.1283e-05 0.0906765 1.71979e-11 0.241469 0.0523573 0.00100127 0.000199491 0.000205158 0.399901 
0.0759818 0.115167 0.000829937 0.201042 0.000185333 0.0992956 0.104031 0.0232147 0.00313671 0.0151505 0.361966 
0.0152223 0.0297796 0.000567183 0.0927431 0.00164057 0.0495984 0.325755 0.00977443 0.00681407 0.0145841 0.453521 
0.0132754 0.0342005 3.54925e-05 0.046796 8.54724e-06 0.0291158 0.25385 0.00463817 4.50754e-05 0.00274923 0.615285 
0.00314707 0.09543 0.00192694 0.193726 0.089479 0.0620551 0.144492 0.00618572 0.000377751 0.012674 0.390507 
0.0338348 0.10818 0.000664967 0.0766033 6.87539e-06 0.0167936 0.0381858 0.00483601 6.13455e-05 0.00174797 0.719085 
0.0315215 0.00945466 0.000137894 0.147199 0.00030946 0.0794287 0.227263 0.0129323 0.000155951 0.0318199 0.459777 
0.0789802 0.250139 0.000150071 0.101077 2.38405e-08 0.069673 0.0340873 0.0028038 5.83383e-05 0.025857 0.437174 
0.00323046 0.0257024 8.15811e-05 0.250001 4.97917e-08 0.0236868 0.278177 0.00577224 0.000161361 0.0697149 0.343473 
0.00533606 0.0275102 0.00030106 0.0784435 8.55887e-05 0.031445 0.323124 0.00144489 0.00270511 0.0617907 0.467814 
0.0005139 0.0335357 5.81847e-06 0.0785647 0.011324 0.0515 0.100203 0.156179 0.0464511 0.139077 0.382646 
0.041835 0.016139 0.000285211 0.0333334 0.00131236 0.0507064 0.235474 0.00818655 0.00819073 0.0480213 0.556516 
0.029139 0.0850581 4.66423e-08 0.0645477 0.0166766 0.248496 0.244499 0.000445183 0.000457415 0.014429 0.296252 
0.00463107 0.0501001 1.43478e-07 0.0576371 1.42661e-08 0.130066 0.198712 0.000469453 1.24745e-05 0.0554456 0.502926 
0.0472786 0.169346 5.81018e-05 0.10744 0.00938474 0.187996 0.0564911 0.126982 0.000153309 0.0178393 0.277031 
0.000805722 0.0055711 0.00010924 0.0378151 1.77754e-05 0.0186872 0.0745104 0.00390929 2.2719e-05 0.0603357 0.798216 
0.0108279 0.0385516 8.54457e-05 0.00191033 4.52641e-12 0.0320314 0.0476385 0.00523473 6.09376e-05 0.00331965 0.86034 
0.0159969 0.0886623 0.000417944 0.24459 0.00141346 0.0250163 0.0591553 0.0315892 0.00624673 0.0415364 0.485375 
0.0322544 0.0971849 0.00124767 0.0259379 5.28844e-12 0.300248 0.00262694 0.0092022 7.83686e-06 0.000312234 0.530978 
0.0329226 0.0665475 1.7409e-06 0.197211 1.74048e-06 0.0862379 0.0175972 1.74198e-06 1.7418e-06 0.135006 0.464471 
0.0927253 0.101065 0.000983387 0.0882509 1.31062e-05 0.0631212 0.0539622 0.11695 0.00320368 0.0147271 0.464999 
0.0131933 0.00661153 0.000301984 0.106323 1.14458e-06 0.0508882 0.00372216 0.00162588 0.0101597 0.00863383 0.798539 
0.00287594 0.070765 0.000490551 0.153164 0.00031697 0.0121399 0.106291 0.0133297 0.00080326 0.0265908 0.613233 
0.0381719 0.14879 0.00542296 0.0830214 0.000272226 0.106484 0.0696572 0.0322338 0.00126619 0.0469372 0.467744 
0.246121 0.107452 0.00379357 0.00951923 7.18289e-08 0.0864137 0.063643 0.111704 0.00568605 0.00242999 0.363237 
0.0130119 0.0131337 0.000324894 0.0457777 5.81119e-09 0.009255 0.0216887 0.000788828 0.000100314 0.0252712 0.870648 
0.00705272 0.0172156 4.76293e-06 0.00506719 1.60542e-12 0.0196203 0.0878905 2.5654e-05 6.71064e-06 0.000164583 0.862952 
0.0103973 0.0885605 0.0180082 0.0438227 0.00352625 0.0535986 0.272505 0.0198502 0.000418285 0.106936 0.382377 
0.0355968 0.058458 1.66754e-08 0.0252263 8.15271e-13 0.159692 0.0701565 0.000553877 8.24121e-05 0.0192228 0.631011 
0.0170004 0.0270655 0.00120111 0.109106 0.00139172 0.0455663 0.305449 0.0140528 0.00767757 0.13935 0.332141 
0.00399741 0.00926637 0.000108799 0.0586345 0.000425165 0.060649 0.14378 0.0373612 7.70531e-05 0.272218 0.413482 
0.238909 0.047272 0.0024428 0.0717202 2.52473e-05 0.188974 0.0819203 0.0165156 0.000244833 0.00901518 0.342961 
0.0196092 0.0125175 8.95347e-05 0.209611 3.40272e-05 0.0656803 0.0463741 0.017977 7.8868e-06 0.0638666 0.564233 
2.24762e-06 1.01918e-06 3.3541e-08 4.58555e-07 3.67306e-11 0.00423535 0.487351 1.71368e-06 9.74818e-12 1.10714e-07 0.508408 
0.00208013 0.0080857 0.000599169 0.111477 0.00461726 0.0372541 0.0470265 0.00667527 0.0017413 0.14663 0.633814 
0.0403892 0.249553 0.000515298 0.212661 0.00165626 0.0444899 0.0070158 0.0456448 0.0333715 0.0115791 0.353124 
0.00431464 0.0164601 0.00067663 0.0883253 0.00104595 0.0130296 0.0668511 0.00836948 0.00497342 0.02367 0.772284 
0.0138204 0.0075636 0.100322 0.241271 0.0001216 0.0804427 0.194426 0.0102868 0.000365412 0.0577454 0.293635 
0.0357336 0.260405 7.79918e-06 0.0663776 8.02282e-05 0.18506 0.0507793 0.00334629 0.00010516 0.0399438 0.358162 
0.00136948 0.0250557 0.000166518 0.134632 0.000470747 0.00553949 0.077184 0.00206239 0.00758252 0.0806543 0.665283 
0.0180065 0.015646 0.000529187 0.0776841 2.86963e-09 0.0346943 0.330779 0.00023351 0.000106751 0.00994085 0.51238 
0.163797 0.107342 3.91655e-05 0.0498431 4.35484e-06 0.115563 0.214719 0.0293047 0.000193124 0.0325312 0.286663 
0.259852 0.103542 3.90316e-05 0.0165456 1.61376e-09 0.122983 0.0383601 0.00298324 6.4505e-06 8.35226e-05 0.455605 
0.000955804 0.13587 3.31188e-05 0.126054 9.03042e-05 0.14432 0.0211079 0.10567 0.140019 0.00456527 0.321315 
0.0122354 0.0112247 4.44416e-06 0.171209 2.97312e-05 0.119001 0.0392881 0.0184826 4.08701e-08 0.142556 0.485969 
0.0138336 0.0287725 0.00154596 0.37328 0.000116656 0.0779826 0.026282 0.00150204 9.10755e-06 0.0170216 0.459654 
0.0495181 0.0729558 0.00023789 0.0398918 0.000464034 0.0429126 0.265608 0.0117484 0.00562918 0.0324846 0.478549 
0.0812374 0.143829 4.32458e-05 0.125592 0.00296582 0.111266 0.122825 0.0400652 0.000245703 0.0108659 0.361063 
0.0051307 0.00154469 0.00028376 0.24145 3.41616e-08 0.00380684 0.0448974 0.000309471 6.57222e-05 0.0588831 0.643629 
0.0307925 0.0619857 5.02702e-06 0.0864988 0.00333324 0.0453857 0.194057 0.0328882 0.000210224 0.126159 0.418684 
0.0350076 0.0519018 0.000479837 0.178845 6.82609e-06 0.0817025 0.0556476 0.00371319 2.66535e-05 0.0434819 0.549188 
0.000114651 0.0357855 3.46079e-09 0.00703317 1.89574e-12 0.023828 0.00851168 0.000374933 0.000256494 0.424924 0.499172 
0.00523941 0.127385 0.000156582 0.221027 5.55794e-06 0.00866258 0.00870957 0.0860334 0.0216585 0.0488841 0.472238 
0.00699924 0.00490119 4.1749e-06 0.0309085 0.00101446 0.0140986 0.339476 0.00198009 0.000355076 0.0402242 0.560038 
0.0351337 0.179607 0.000566195 2.1367e-07 8.13665e-08 0.104839 0.273972 9.87425e-07 0.000243363 0.010119 0.395519 
0.076387 0.0353123 0.00052719 0.292994 0.00222409 0.0668322 0.0572246 0.00751555 0.00640587 0.0832415 0.371336 
0.0106771 0.0113675 0.000662037 0.270466 0.0038568 0.080952 0.144685 0.00260591 0.0102923 0.103349 0.361086 
0.15834 0.160892 8.40191e-06 0.0718429 0.00188716 0.183616 0.107641 0.000802232 2.08586e-05 0.0126981 0.302251 
0.00149261 0.10459 7.24934e-05 0.0971902 0.201025 0.0630544 0.081628 0.000235845 3.50381e-05 0.210568 0.240108 
0.0660992 0.291433 0.000156478 0.00802314 1.59584e-05 0.139725 0.0316208 0.0191625 6.989e-05 0.136 0.307695 
0.0146236 0.00920839 3.53012e-06 0.0113326 2.29713e-12 0.0251926 0.248077 0.00195546 5.16327e-06 0.00346202 0.686139 
0.0304345 0.0471718 0.000437438 0.241735 8.19671e-05 0.0607673 0.159058 0.0262597 0.0355343 0.0165569 0.381964 
0.004767 0.0327975 0.0047253 0.10138 0.000235143 0.023012 0.180435 0.00371052 0.00046152 0.0552942 0.593182 
0.036427 0.161906 2.78774e-07 0.0323542 1.04117e-06 0.0129333 0.260717 0.00106587 0.00017344 0.0768229 0.417599 
0.0030847 0.058036 0.000152022 0.379692 2.90832e-05 0.0356312 0.0872558 0.0165847 0.00016907 0.0185342 0.400831 
0.00135002 0.00315228 0.00048372 0.0206527 7.50972e-06 0.0076336 0.0595149 0.0011892 5.42038e-06 0.0145703 0.89144 
0.0154782 0.0572858 4.83308e-05 0.0185748 9.53527e-06 0.0754747 0.0148737 0.0114176 9.20966e-05 0.0013571 0.805388 
0.0530938 0.175712 0.000294408 0.0593401 9.86809e-09 0.114291 0.173135 0.00732918 0.000693301 0.0631638 0.352947 
0.000840482 0.0157155 0.000118533 0.136345 0.00679217 0.00527478 0.0737596 0.00137759 0.00139696 0.050335 0.708045 
0.0518053 0.157572 8.51304e-05 0.0410931 2.71336e-07 0.0303407 0.0229127 0.00875613 6.08025e-05 0.00751384 0.67986 
0.0437871 0.15992 0.000734349 0.060535 0.00327054 0.127641 0.0411454 0.00824599 0.0098343 0.025132 0.519754 
0.0267869 0.00774715 0.00069537 0.169631 1.61635e-08 0.0685669 0.0584851 0.00634769 4.1587e-06 0.00115312 0.660582 
0.0224216 0.05351 0.000482543 0.120682 0.00272291 0.0768486 0.149833 0.0227692 0.00438599 0.0716207 0.474723 
0.395705 0.0556261 8.48122e-08 0.0471697 2.93496e-05 0.0157034 0.00301911 0.0126831 3.37418e-05 0.000514331 0.469516 
0.0414909 0.145211 4.02958e-08 0.119752 0.114317 0.123103 0.0179959 0.000560605 9.90635e-06 0.0504758 0.387084 
0.0779551 0.0689623 0.000822264 0.15285 0.00169813 0.119257 0.266226 0.00872367 3.48654e-05 0.0343216 0.269149 
0.0465828 0.0280231 0.0017219 0.353659 0.000139738 0.0489673 0.0627683 0.0079679 0.0129165 0.0166732 0.42058 
0.00982208 0.312875 4.27287e-09 0.0270822 7.62622e-07 0.0358664 0.0649055 1.33596e-05 0.000530421 0.166359 0.382545 
0.0345879 0.207814 0.0118278 0.10746 0.000127071 0.0592508 0.140851 0.00129899 0.000230717 0.0472428 0.389309 
0.00346142 0.104216 2.35319e-08 0.0111684 3.06401e-12 0.00877159 0.00113682 2.55748e-05 0.000760028 0.00691044 0.86355 
0.030575 0.0159331 0.000242298 0.0330925 2.49846e-05 0.0685405 0.221112 0.00769264 1.42159e-05 0.00309874 0.619675 
4.56822e-05 0.0266593 0.000929701 0.00834938 0.000861665 0.00114654 0.0464226 0.000847244 0.00785923 0.143923 0.762956 
0.0486196 0.00416956 0.000826777 0.332384 2.22852e-06 0.00907074 0.0213278 0.00806983 5.89221e-06 0.00279388 0.57273 
0.0382066 0.0139968 0.000600631 0.123339 0.00023865 0.0759551 0.275429 0.0135972 0.000148096 0.026358 0.432131 
0.00517306 0.0454891 0.000403308 0.0713572 2.61973e-05 0.0588309 0.319348 0.00993429 0.00817978 0.106702 0.374556 
0.0232641 0.248038 0.000238239 0.0436128 0.00148065 0.0241954 0.105099 0.00457669 0.193202 0.0706474 0.285646 
0.00094062 0.0140624 4.81518e-06 0.120464 0.000425802 0.0105209 0.00896754 0.00614847 5.81798e-05 0.0250939 0.813313 
0.395705 0.0556261 8.48122e-08 0.0471697 2.93496e-05 0.0157034 0.00301911 0.0126831 3.37418e-05 0.000514331 0.469516 
0.000684164 0.00198796 0.000849368 0.0102304 0.000272077 0.00335978 0.105967 0.000291962 0.0993501 0.183405 0.593603 
0.0121639 0.0570779 1.98877e-05 0.0305008 0.000141969 0.0439807 0.117419 0.0116542 0.000102263 0.00456005 0.72238 
0.0063105 0.0513066 3.31882e-05 0.0832218 0.00204828 0.0170358 0.013947 0.047384 0.000173575 0.0288171 0.749722 
0.0164004 0.0180152 3.38551e-05 0.0495987 5.57344e-06 0.0276993 0.132007 0.00956555 0.000109633 0.00510915 0.741455 
0.0365852 0.0517985 4.34537e-05 0.10103 1.27792e-10 0.0783091 0.201263 0.0139169 2.15621e-05 0.0221793 0.494853 
0.00520366 0.182702 0.00272915 0.177219 7.21619e-05 0.0217928 0.142854 0.0338433 0.00381582 0.13185 0.297918 
0.0154782 0.0572858 4.83308e-05 0.0185748 9.53527e-06 0.0754747 0.0148737 0.0114176 9.20966e-05 0.0013571 0.805388 
0.0125306 0.0331833 2.92092e-09 0.00246513 7.43424e-09 0.154014 0.191756 0.0285476 4.24163e-09 0.000849644 0.576653 
0.0701993 0.111166 0.000616621 0.0949884 1.99843e-07 0.0891896 0.122796 0.00216042 7.3942e-05 0.0128546 0.495955 
0.00784396 0.144876 0.00055289 0.0859677 3.06909e-06 0.154901 0.106709 0.0303769 0.000395165 0.0825349 0.385839 
0.00933973 0.0325373 0.00104551 0.0955615 4.88765e-06 0.0667177 0.0761114 0.00453264 1.97521e-05 0.0265448 0.687585 
0.00389966 0.0181199 0.000507416 0.235429 0.000118243 0.0250006 0.018997 0.0321628 0.000128502 0.01878 0.646856 
0.00218673 0.0174961 5.32971e-06 0.00962614 1.12955e-11 0.0257985 0.167351 6.46888e-05 9.90496e-06 0.0028376 0.774624 
0.000732628 0.000505582 8.10336e-09 0.179114 0.000371809 0.00790656 0.00568953 0.015458 4.53034e-10 0.0232045 0.767017 
0.0347741 0.0708967 0.00139201 0.0436332 2.10341e-06 0.0485727 0.0816916 0.00100021 9.25038e-06 0.000143904 0.717884 
0.00620396 0.0283145 0.000180811 0.0925979 0.000199591 0.0466948 0.329159 0.0189597 0.00131842 0.104755 0.371617 
0.00270536 0.0191783 8.17844e-11 0.00391335 1.07564e-10 0.00202279 0.42838 0.000164862 0.000178277 0.0644723 0.478985 
0.02844 0.01546 0.000165672 0.0661043 3.91959e-12 0.0551342 0.00986033 0.000512212 9.74086e-06 0.00115568 0.823158 
0.00281206 0.0619749 0.0163229 0.0246534 1.25268e-05 0.0143533 0.00610453 0.00837075 0.000650867 0.362281 0.502464 
0.000324163 0.0486551 8.16302e-06 0.0386401 0.0212885 0.0230598 0.392161 0.0278709 0.000160831 0.0336188 0.414212 
0.141027 0.201012 0.00210788 0.156827 0.000367344 0.148498 0.122235 0.00399005 6.12664e-05 0.0110794 0.212795 
0.000658418 0.122715 0.0030685 0.205936 0.00013016 0.000655386 0.00781689 0.000184154 0.000278691 0.00729084 0.651266 
0.0854246 0.0346759 0.00269985 0.139255 0.00304458 0.128667 0.195732 0.00328923 0.0500534 0.0301984 0.32696 
0.00504139 0.0114296 1.17701e-05 0.106678 2.745e-05 0.0154127 0.0485889 0.0931979 1.53957e-05 0.0360173 0.68358 
0.010318 0.0513227 1.78678e-05 0.0608866 0.000263598 0.247696 0.0744667 0.0931739 7.57187e-05 0.0216617 0.440117 
0.00365275 0.0901381 0.00776579 0.228668 0.000951963 0.0211857 0.0764422 0.000898758 0.0716586 0.0253529 0.473285 
0.000666433 0.0244831 0.00017787 0.188626 0.00722515 0.0172203 0.0589569 0.0110097 0.0100559 0.045344 0.636234 
0.0185399 0.32791 4.71787e-05 0.0144204 7.82355e-08 0.270571 0.0138043 0.000523382 0.000328575 0.00603875 0.347816 
0.0198385 0.250164 0.000832029 0.0977905 3.59199e-05 0.0314862 0.144598 0.013864 0.000655922 0.0343925 0.406342 
0.0234065 0.0688497 0.0019587 0.152112 0.00251014 0.0420856 0.0416274 0.015936 0.00419919 0.0367092 0.610606 
0.0227595 0.00771346 5.61e-08 0.0422724 1.06683e-06 0.0106892 0.378613 0.00203092 1.09884e-07 0.00440813 0.531513 
0.065125 0.214982 0.00963282 0.075018 0.000164859 0.0943678 0.133251 0.00821422 0.0205766 0.0539968 0.324672 
0.250158 0.163715 0.00882291 0.00159684 2.90252e-08 0.129158 0.144396 0.0013085 1.75925e-06 4.3349e-06 0.300838 
0.0046201 0.00504185 0.000883568 0.332331 0.000232464 0.0457225 0.114052 0.00301619 7.09869e-05 0.0521426 0.441887 
0.000295744 0.014293 0.000142545 0.0298136 0.000241543 0.00177159 0.105328 0.000586773 1.95326e-05 0.161688 0.685819 
0.261216 0.00579943 7.39135e-07 0.00896093 0.000504118 0.0688908 0.234801 0.000759932 7.13518e-06 0.000566183 0.418494 
0.170042 0.0801223 0.000232804 0.120476 0.0491961 0.117514 0.0955024 0.00131288 0.0616967 0.0246435 0.279262 
0.0164731 0.0130738 0.000567325 0.121367 0.00300414 0.108685 0.231538 0.00192205 7.90737e-05 0.0553982 0.447893 
0.00510911 0.0509552 3.75186e-05 0.145437 1.04792e-05 0.0368838 0.0138528 0.000607564 0.000196523 0.0288838 0.718026 
0.00247541 0.05134 0.00249114 0.0900984 0.000332792 0.0450867 0.0637025 0.048955 0.00109744 0.00555421 0.688866 
0.00407722 0.00336738 5.33522e-09 0.0226747 2.98337e-12 0.103027 0.0820785 0.0126782 0.000130897 0.158998 0.612968 
0.0212202 0.0437108 0.0163549 0.134143 1.66241e-05 0.0626504 0.13061 0.0127815 2.93275e-05 0.0486081 0.529875 
0.214586 0.00115749 1.50209e-07 0.0307799 2.25334e-08 0.0689762 0.201899 0.00128163 3.23313e-11 0.00173639 0.479583 
0.0206371 0.0795351 0.000443736 0.0885644 4.44955e-05 0.0839176 0.122077 0.0177381 0.00104676 0.0134971 0.572499 
0.00289115 0.0386794 0.000913706 0.0155188 0.000711856 0.194601 0.182203 0.0896327 0.00130189 0.1715 0.302047 
0.00551694 0.0284119 3.20592e-05 0.349647 0.000118677 0.00746672 0.0942437 0.00192276 2.06282e-05 0.0344211 0.478199 
0.00245465 0.0774344 0.00159331 0.0100538 1.28548e-05 0.00434374 0.039599 9.71259e-05 0.000458294 0.0273457 0.836607 
0.004721 0.015926 2.98534e-05 0.0647312 1.12178e-05 0.0281029 0.0727001 0.036089 0.000220133 0.313465 0.464003 
0.167751 0.142299 1.60727e-05 0.0578297 1.1024e-05 0.164726 0.0945685 0.0104006 6.3484e-05 0.0363383 0.325997 
0.0208955 0.0667325 0.000106725 0.101463 0.000369302 0.0552759 0.234263 0.00663307 7.77256e-05 0.0940153 0.420168 
0.0486168 0.0169657 6.67214e-08 0.144405 7.04111e-12 0.0347677 0.110136 0.0615324 4.98301e-05 0.0394687 0.544058 
0.0467734 0.173914 7.99324e-06 0.129586 7.77475e-05 0.18637 0.00138388 0.0278885 0.000154702 0.00558861 0.428256 
0.00236569 0.0235719 8.35642e-05 0.258403 0.000239193 0.0164396 0.00493996 0.0158258 0.000165238 0.000644601 0.677321 
0.0140362 0.292775 0.035152 0.0632037 3.57012e-06 0.0211645 0.00742316 0.00326169 0.00026182 0.01848 0.544238 
0.00498195 0.00473241 3.62896e-06 0.0503419 3.6522e-07 0.0375079 0.0639388 0.0402741 1.26242e-05 0.0562422 0.741964 
0.00102888 0.0419718 0.000272714 0.291916 0.000137102 0.0171411 0.0510317 0.0286068 0.0053676 0.0647262 0.4978 
0.0170182 0.0224391 0.00649659 0.152104 0.00110851 0.0560815 0.227564 0.0126218 0.000878145 0.0491774 0.454511 
0.0154809 0.249278 3.88061e-05 0.142226 0.00138825 0.00454298 0.00446393 0.00254694 0.000944508 0.00561474 0.573475 
0.0138782 0.0101618 7.26243e-05 0.0582239 0.000724259 0.0228591 0.0491748 0.0161965 0.000550085 0.0104292 0.817729 
0.0111254 0.168431 1.80261e-08 0.022402 0.000195184 0.109965 0.139631 0.0133369 0.000285371 0.00278574 0.531841 
0.00970938 0.0156399 4.30911e-07 0.174031 4.69664e-07 0.04178 0.238422 0.000204319 8.83333e-05 0.218369 0.301755 
0.0238323 0.340692 5.69277e-06 0.0584441 0.000992815 0.0371193 0.0209601 0.0084852 4.47272e-05 0.0503532 0.459071 
0.00756745 0.0223611 0.000519356 0.159634 5.39963e-05 0.0355718 0.131714 0.0269304 0.0145702 0.0486582 0.55242 
0.0370866 0.0288954 0.000328307 0.0850578 6.33572e-07 0.0378631 0.110656 0.00291407 0.000254894 0.0187373 0.678206 
2.63044e-05 0.176286 2.62902e-05 0.181556 2.62838e-05 2.6309e-05 0.00265717 0.00528761 2.63038e-05 0.297291 0.336791 
0.00622307 0.423074 4.43503e-05 0.0579918 1.45699e-07 0.0217276 0.0272905 0.000105974 0.00039141 0.0135799 0.449572 
0.0198443 0.351246 0.0171741 0.0719056 1.36204e-05 0.0799622 0.0654854 0.0207439 0.000224434 0.0160966 0.357304 
0.0139622 0.334248 0.00025185 0.00518073 1.09801e-09 0.0183705 0.215247 5.38752e-05 9.44321e-05 0.00192384 0.410668 
0.0273431 0.0167594 0.000178225 0.214181 5.86484e-06 0.0473796 0.290194 0.000371976 0.0161422 0.0285152 0.35893 
0.0108934 0.0228319 7.37795e-08 0.00276713 0.0989416 0.183286 0.0078726 0.00159789 0.000208028 0.00257046 0.66903 
