0.0116322 0.0082033 2.95639e-07 0.278458 0.000349698 0.198756 0.197663 0.000921155 4.15666e-05 0.10459 0.199385 
0.00492052 0.0229324 2.04129e-05 0.449774 2.03983e-06 0.0217598 0.303941 0.011572 0.00248155 0.0743058 0.10829 
0.0741039 0.0479544 0.000480534 0.411762 0.00022824 0.0713447 0.0702192 0.0229014 0.00630324 0.00843891 0.286263 
0.284252 0.024594 0.000626738 0.296189 0.00095297 0.0441106 0.161895 0.00338373 0.0142767 0.0234805 0.146239 
0.0765649 0.0071905 5.5819e-05 0.596629 0.000553039 0.0233087 0.000890806 0.0344635 1.81273e-05 0.00946639 0.250859 
0.0148753 0.0510007 0.00307636 0.524505 0.00199084 0.0305038 0.0287101 0.00537829 0.00646507 0.0188489 0.314646 
0.0528073 0.00882357 0.000114265 0.346405 0.000246336 0.0248086 0.33621 0.00481339 5.17849e-05 0.0300093 0.19571 
0.0505446 0.0936909 1.18457e-05 0.576429 5.25623e-06 0.0605225 0.0346777 0.00708645 0.000103569 0.00849215 0.168436 
0.00166178 0.0126873 9.0669e-06 0.534111 6.24442e-06 0.00669842 0.0171918 0.000437737 4.97133e-05 0.0318914 0.395255 
0.162706 0.213513 0.00539311 0.322203 0.00214621 0.011433 0.0730569 0.00434041 0.0599438 0.0188859 0.126379 
0.000388853 0.023016 0.125845 0.619465 0.00572447 0.00321147 0.0820158 0.00534149 0.0407792 0.0508167 0.0433964 
0.0217184 0.0977746 8.87965e-05 0.801425 0.0266595 0.00288634 0.0180894 0.001425 0.000439645 0.0294707 2.30387e-05 
0.0253207 0.28672 4.07953e-06 0.497912 1.39531e-05 0.0459755 0.0181237 0.0856265 0.000123581 0.00427822 0.0359026 
0.0119567 0.0247433 1.93656e-06 0.832793 4.43474e-07 0.0172702 0.0313299 0.000173888 3.90801e-06 0.00231842 0.079408 
0.00129313 0.000624532 4.4109e-06 0.652198 0.00208252 0.0050815 0.145929 0.0160159 0.00358474 0.156625 0.0165611 
0.0303398 0.0526369 0.000267083 0.309798 0.0013519 0.08942 0.112682 0.0119181 0.00311525 0.0876479 0.300823 
0.0151305 0.0408242 5.44964e-06 0.556065 0.000129342 0.0273847 0.0189805 0.00536779 0.00310727 0.135002 0.198004 
0.00523425 0.141838 0.000161609 0.469875 0.00953552 0.158914 0.0553696 0.0056133 1.13959e-05 0.0795804 0.0738672 
0.0139752 0.0238639 0.000881086 0.396445 9.87943e-05 0.0330771 0.282059 0.00130445 0.00286649 0.0465526 0.198876 
0.00200855 0.0111732 1.62845e-06 0.7185 0.00177017 0.00406224 0.0453768 0.000628129 0.00139312 0.1487 0.0663868 
0.0243611 0.0548554 0.0269399 0.793026 3.54871e-06 0.010748 0.0191852 0.011821 3.50191e-05 0.0318087 0.0272161 
0.0276246 0.0433076 3.13502e-06 0.483134 6.4458e-05 0.046189 0.06963 0.013163 0.0217784 0.0434702 0.251635 
0.0249378 0.0330037 0.000467884 0.445642 0.00155087 0.0475563 0.0144857 0.0033612 0.000225585 0.00399386 0.424775 
0.0244454 0.0940751 0.00334513 0.254047 0.00739813 0.0812248 0.235298 0.000210512 8.23714e-05 0.138628 0.161245 
0.0379217 0.079414 0.00417232 0.39011 1.30021e-05 0.0189607 0.0197007 0.000706493 0.118456 0.00355926 0.326986 
0.0322787 0.0614236 1.88142e-05 0.76349 2.11406e-05 0.0170925 0.0166078 0.00624565 1.20543e-05 0.0105513 0.0922589 
7.81616e-05 0.0928802 0.000181156 0.719978 0.0513355 0.01169 0.0467592 0.00341247 0.0195716 0.00220164 0.0519117 
0.276059 0.062421 1.14928e-06 0.383396 6.82665e-07 0.0277239 0.102597 2.04096e-07 1.17062e-05 0.0250845 0.122705 
0.00651708 0.077942 5.65945e-06 0.619667 0.000680193 0.0182353 0.215256 0.00065069 7.93378e-06 0.00208551 0.0589527 
0.0151758 0.00908792 3.41847e-06 0.869246 0.00208317 0.021704 0.00950543 0.0100134 0.000166606 0.00821866 0.0547954 
0.0336015 0.0709701 0.000105905 0.379669 0.000122775 0.223319 0.14215 0.00835133 2.28893e-05 0.0146106 0.127077 
0.00923377 0.00168301 1.24248e-06 0.730591 1.63413e-06 0.0120392 0.078776 0.0263894 6.55984e-06 0.115059 0.0262189 
0.00159418 0.0696689 6.73066e-05 0.418 3.57581e-05 0.016745 0.0603211 0.0125714 0.0138599 0.0746834 0.332453 
0.00984306 0.000909597 5.14747e-05 0.626651 9.40711e-09 0.000859126 0.109623 6.00165e-06 4.43573e-06 0.0171236 0.234929 
0.0144811 0.0944376 0.014075 0.509798 0.00964475 0.0440779 0.109784 0.0121027 0.0144664 0.0556876 0.121445 
0.0146008 0.0488674 0.00151864 0.57356 0.00136079 0.0145734 0.0606424 0.00252156 0.060059 0.0152362 0.207059 
0.00156336 0.0731442 2.51231e-05 0.767687 3.27903e-07 0.0197434 0.0838649 0.00021877 0.000144383 0.0273908 0.0262181 
0.0578762 0.208911 0.000949119 0.405719 3.37497e-05 0.0340162 0.0243525 0.00372802 0.0345711 0.00212413 0.227719 
0.00150138 0.000363786 6.15121e-07 0.721156 4.93336e-05 0.0185971 0.0499679 0.000115186 0.000136864 0.0854295 0.122683 
0.0107742 0.00584582 0.00164447 0.728815 0.00402256 0.0448165 0.0239196 9.71838e-05 0.119415 0.0357233 0.0249264 
0.0452066 0.0242943 9.14294e-06 0.590088 2.7936e-06 0.0137206 0.0867383 0.000150188 0.0105495 0.111833 0.117408 
0.0540567 0.00264067 1.23765e-05 0.589688 0.00076676 0.0368126 0.147513 0.00203619 4.57679e-05 0.094856 0.0715723 
0.0154841 0.02445 7.06498e-05 0.627157 3.13728e-05 0.00367119 0.0170555 0.00148094 0.00684668 0.113113 0.19064 
0.0439313 0.241427 0.00526486 0.548615 2.10181e-06 0.0311782 0.0443943 9.70626e-07 0.00424891 0.0398821 0.0410556 
0.0089812 0.00864196 2.67911e-05 0.887354 8.37514e-08 0.0108691 0.0117294 0.00150098 3.92907e-05 0.00911321 0.0617443 
0.101282 0.00936066 0.0035888 0.8615 4.61207e-05 0.000313321 0.00741572 0.00032609 7.4019e-06 0.0113097 0.00485096 
0.0033497 0.00122619 2.30823e-07 0.437937 1.50872e-09 0.00494048 0.166574 2.65934e-07 1.83286e-07 0.316237 0.0697347 
0.0304047 0.0503145 0.000484246 0.357714 0.000165207 0.0283294 0.150626 0.00498658 7.60898e-05 0.0320256 0.344874 
0.0356456 0.00357811 0.00669401 0.337047 0.000143536 0.062747 0.234255 0.0103161 1.00135e-05 0.0171786 0.292386 
0.0812401 0.0105746 0.000103878 0.273484 2.27192e-05 0.134945 0.11384 0.0691223 0.0225907 0.0352711 0.258805 
0.334193 0.0882449 0.000272713 0.384045 1.83117e-05 0.00246314 0.00482329 0.000102724 0.0523127 0.0120192 0.121505 
0.0142218 0.170938 3.35409e-05 0.448368 0.00211812 0.0274524 0.0202138 0.0216546 0.000379801 0.0536998 0.24092 
0.000355619 0.0030542 0.00109039 0.478232 2.47711e-06 0.00478978 0.0787629 0.00351561 0.000619438 0.00278489 0.426793 
0.0124592 0.112328 1.2201e-06 0.426681 5.81706e-07 0.0325588 0.184605 0.00170913 9.19176e-06 0.0195783 0.210069 
0.0337296 0.0533081 2.27371e-07 0.896998 1.80633e-10 0.00437351 0.000275348 3.55756e-06 5.70826e-06 0.000529855 0.0107758 
0.007857 0.0284843 4.26728e-05 0.456487 0.0141178 0.0140374 0.020491 0.00701921 0.00263904 0.0352788 0.413546 
0.00124409 0.00261549 1.13536e-05 0.331973 0.00607297 0.000193216 0.0210948 0.00321061 7.03278e-06 0.331379 0.302199 
0.0204515 0.114754 3.33417e-05 0.378562 4.1393e-05 0.035289 0.188842 0.028607 0.000141595 0.0531041 0.180175 
0.0209532 0.174315 0.000119722 0.266241 4.48628e-07 0.100393 0.151688 0.0170113 0.000238428 0.159372 0.109669 
0.00747815 0.098564 0.00126895 0.366078 0.00459969 0.0711315 0.160699 0.00604615 0.00239335 0.0366467 0.245095 
0.000499407 0.0278245 0.0428838 0.586067 0.0029995 0.0227056 0.087613 0.0058829 0.00318175 0.124948 0.095394 
7.99166e-10 8.54895e-06 2.52321e-09 0.999797 3.31857e-09 4.42415e-06 2.80862e-10 1.86859e-06 8.89632e-06 3.21466e-07 0.000178631 
0.162706 0.213513 0.00539311 0.322203 0.00214621 0.011433 0.0730569 0.00434041 0.0599438 0.0188859 0.126379 
0.00478305 0.0170699 0.00606406 0.432519 1.51389e-05 0.109727 0.270586 0.00101007 0.00904158 0.0337243 0.11546 
0.129261 0.0798828 8.4308e-05 0.356069 1.72842e-06 0.0651584 0.0488313 0.0021501 5.10948e-05 0.000481151 0.31803 
0.0046182 0.00172729 0.0462643 0.766668 1.04514e-05 0.0127947 0.0138312 0.00714661 0.00677187 0.0375058 0.102661 
0.016 0.0765726 0.00127318 0.404305 0.000105197 0.0334063 0.116205 0.00221044 0.256486 0.0175461 0.07589 
0.00695342 0.00925334 0.000101999 0.382319 5.72122e-09 0.0165461 0.139671 0.00103585 0.00808756 0.0900255 0.346006 
0.0290924 0.0301974 0.000359173 0.413384 0.295024 0.0546908 0.0213044 0.0470788 0.0448416 0.0137904 0.0502369 
0.0260736 0.00523343 5.10656e-07 0.716442 3.43421e-08 0.0704926 0.0597328 0.00623047 6.08132e-05 0.0418951 0.0738384 
0.201345 0.0904481 0.00150511 0.319978 0.000727998 0.149646 0.115223 0.0322805 0.000203403 0.0265224 0.0621199 
0.0240473 0.0352483 0.0328513 0.396397 5.91774e-05 0.0408963 0.134446 0.0113 0.00854902 0.0185539 0.297653 
0.0119792 0.0297782 4.25301e-05 0.763555 0.00228662 0.0310028 0.0362513 0.00656259 9.36926e-05 0.0608155 0.0576321 
0.0365909 0.239056 2.66829e-06 0.419402 0.000407235 0.0396255 0.0157676 0.0110817 0.000200178 0.000741753 0.237124 
0.0358996 0.0739458 0.00125394 0.505735 0.00191041 0.0446947 0.0609525 0.0122192 0.00957401 0.0726533 0.181162 
0.037448 0.0749091 3.50879e-05 0.450205 0.000521969 0.0182279 0.148283 0.000793524 0.00249491 0.0155649 0.251517 
0.00777951 0.00733596 2.84833e-07 0.874522 1.44593e-06 0.0135348 0.022136 0.0100245 8.17158e-07 0.0170516 0.0476133 
0.00293521 0.0148809 0.0206798 0.539154 0.00403125 0.0148744 0.111946 0.00301771 0.00224785 0.0865557 0.199677 
0.013897 0.0128396 7.29287e-07 0.498289 4.60497e-08 0.0120926 0.066723 0.00187039 6.45676e-06 0.0238413 0.37044 
0.0688865 0.0577433 0.00450297 0.381635 0.000413019 0.0641303 0.246185 0.0107607 0.000371218 0.0309363 0.134436 
0.00517448 0.0118083 7.4197e-06 0.829468 6.67743e-07 0.0932671 0.00300588 0.00712722 7.93171e-06 0.0118453 0.0382873 
0.0227539 0.0454913 0.00353457 0.536356 0.00107036 0.0355077 0.206992 0.00715721 0.00311284 0.0263845 0.111639 
0.0142088 0.215978 5.13268e-05 0.284669 6.24426e-10 0.0670984 0.0155933 1.03381e-10 3.19791e-07 0.28023 0.122172 
0.0104507 0.0114871 2.20035e-07 0.705515 3.70143e-06 0.0754602 0.0163284 0.016471 6.19723e-06 0.052855 0.111422 
0.0806472 0.0156733 9.29138e-05 0.418343 3.58709e-07 0.070013 0.0787456 0.0062292 0.000172001 0.134457 0.195626 
0.102461 0.0501675 1.00785e-05 0.339684 3.32831e-05 0.199095 0.0387922 0.0183214 0.000120986 0.0592565 0.192057 
0.0785946 0.00808402 9.31029e-06 0.225734 0.00199513 0.17392 0.18085 0.0636713 0.000135987 0.0856436 0.181362 
0.00526066 0.130972 2.4598e-06 0.445286 1.84595e-05 0.183812 0.000389428 0.142267 7.43529e-06 0.057484 0.0345003 
0.0087223 0.0374132 0.000120278 0.553157 7.33279e-05 0.00553982 0.00167799 0.0133234 0.000234281 0.00299209 0.376746 
0.00775694 0.00883558 1.58532e-07 0.326747 0.00781011 0.17448 0.19525 0.0238726 0.000227165 0.0167414 0.238279 
0.271153 0.0168614 4.8554e-06 0.464587 4.89324e-06 0.0419372 0.062116 9.81079e-05 0.000408004 0.105442 0.0373878 
0.00380216 0.0558749 1.64912e-06 0.559388 2.16895e-06 0.00260774 0.182154 0.000560641 2.84663e-05 0.0333488 0.162231 
0.193463 0.137475 0.00306597 0.194197 0.00256678 0.166409 0.0926925 0.0105931 0.000223243 0.00995919 0.189355 
0.000144341 0.00205921 2.3103e-05 0.571714 1.85153e-06 0.00161271 0.0425443 0.00145453 0.00472533 0.0398631 0.335857 
0.0147853 0.0371077 0.000454039 0.606475 0.000936659 0.0692738 0.0718878 0.0164998 0.011136 0.0169997 0.154444 
0.00523191 0.021096 2.50649e-05 0.383442 0.0225673 0.0333145 0.0447319 0.00497431 0.00553115 0.116715 0.362371 
0.0190281 0.0299902 0.00160572 0.471444 4.53683e-05 0.149281 0.0962073 0.00227946 7.97403e-05 0.0912218 0.138817 
0.0160716 0.0170481 6.25602e-06 0.766541 1.61493e-06 0.0175391 0.0354859 0.0330099 5.3343e-05 0.00829829 0.105944 
0.0144632 0.00492081 1.34132e-05 0.502272 7.71992e-05 0.214288 0.148415 0.0084262 2.36467e-05 0.0521782 0.0549225 
0.00494551 0.0999543 0.000202409 0.336407 0.000302335 0.0558109 0.193467 0.00632684 0.0105473 0.0794782 0.212559 
0.00419588 0.000737396 0.0185138 0.85491 1.61582e-06 0.022383 0.0526944 0.00189547 0.0023636 0.0248492 0.0174559 
0.0035897 0.00234708 6.55571e-09 0.690563 8.62217e-09 0.00836787 0.216278 0.000898033 1.20384e-07 0.0193533 0.0586031 
0.0291035 0.0559487 3.83458e-05 0.483471 0.00116023 0.052842 0.172514 0.000352424 0.0505009 0.0187592 0.13531 
0.00926735 0.0325914 6.34851e-05 0.562849 7.5226e-08 0.25627 0.0431117 0.0135287 6.75377e-08 0.0102483 0.0720691 
0.014715 0.071854 4.92442e-05 0.400065 0.00882034 0.0432329 0.0488001 0.0318685 0.0658006 0.0966548 0.21814 
0.0300209 0.142789 0.0014083 0.471469 4.78411e-06 0.0438023 0.040617 0.00118868 0.01539 0.0403464 0.212963 
0.0182545 0.00914738 5.96794e-06 0.764749 0.0164563 0.00444405 0.0207915 0.00431773 0.000284029 0.0919734 0.0695758 
0.0453639 0.0446085 0.0442479 0.637092 1.59283e-06 0.0488297 0.0099522 0.00318282 0.00153966 0.121315 0.0438665 
0.0300813 0.0628819 0.00121619 0.330434 0.00102628 0.0576437 0.115597 0.0173243 0.0017147 0.0855898 0.296491 
0.0187796 0.108853 0.00621927 0.341135 3.54583e-05 0.0145623 0.248882 0.00970859 0.0244582 0.00524114 0.222125 
0.0120541 0.117598 6.18682e-06 0.296739 0.0190336 0.079878 0.219027 0.000732144 0.000256768 0.0240929 0.230583 
0.247133 0.0278849 0.000415833 0.314704 4.91805e-08 0.020496 0.162394 0.00139422 9.84715e-05 0.000346799 0.225133 
0.00613295 0.0318269 0.000783012 0.834909 6.8055e-08 0.00320354 0.0308433 4.66653e-05 2.59597e-05 0.00252907 0.0896992 
0.0179702 0.0490949 0.000227791 0.635586 2.2651e-05 0.0328641 0.137287 0.00562553 0.000209972 0.0351243 0.0859873 
0.0124915 0.11993 0.000292714 0.406593 0.00128487 0.0426121 0.115391 0.00604754 0.0279763 0.0422745 0.225106 
0.0204765 0.109782 0.0175711 0.471168 0.00832461 0.0298426 0.0231337 0.0114173 0.0150273 0.116908 0.176349 
0.000118541 0.0963299 0.000541461 0.706811 0.0525287 0.0116742 0.0467021 0.00341297 0.0282419 0.00239337 0.0512458 
0.00891683 0.0064908 8.59677e-07 0.633849 7.6622e-05 0.0247341 0.00382519 0.0237177 2.7943e-07 0.197913 0.100476 
0.026077 0.0419504 6.87378e-07 0.443568 6.60505e-06 0.216018 0.259988 9.19509e-07 2.26818e-05 0.000363692 0.0120046 
0.00650059 0.0464512 6.98046e-06 0.468406 0.00137528 0.0365716 0.0152981 0.00182453 8.40989e-05 0.0112844 0.412198 
0.0018629 0.00245584 0.00126675 0.432964 0.00301513 0.00673025 0.0916995 0.0120772 1.9916e-06 0.238523 0.209403 
6.2974e-07 0.238327 4.27623e-10 0.354542 0.00064932 5.33186e-08 0.315462 4.02984e-08 1.10438e-06 0.020513 0.070504 
0.235028 0.188403 2.26128e-05 0.331395 1.50863e-05 0.00097475 0.00103614 0.0215029 0.00469637 0.156765 0.060161 
0.00568443 0.216803 1.22667e-05 0.409881 0.00336821 0.0134308 0.0674793 0.00771403 2.85579e-05 0.0504773 0.225121 
0.00575404 0.0609234 0.155999 0.340779 4.92466e-05 0.064667 0.0488144 0.0347095 0.0345987 0.00538785 0.248317 
0.00608577 0.00262742 0.000136549 0.81335 3.85954e-06 0.0097747 0.0574971 0.0097865 0.00172495 0.0136051 0.0854075 
0.282888 0.00919799 1.28267e-05 0.401042 0.00012237 0.196938 0.0412335 0.000190828 6.78924e-06 0.00313157 0.0652356 
0.00164622 0.00194422 5.86641e-06 0.587784 1.01471e-06 0.00426681 0.0411114 0.00805276 2.47394e-06 0.00627515 0.34891 
0.015208 0.000845684 4.57693e-06 0.58181 3.0019e-07 0.0764388 0.0448021 0.0239024 0.00832122 0.00556984 0.243097 
0.0421494 0.00646292 0.000134052 0.736685 3.59178e-05 0.0432721 0.101102 0.0037485 0.00623095 0.0106032 0.0495753 
0.0880224 0.294494 0.0321878 0.313492 0.0100891 0.00296978 0.0220489 0.000231287 0.0728339 0.0388555 0.124775 
0.0303094 0.141112 0.00153784 0.438252 0.00780522 0.171488 0.0476317 0.0269391 0.000631072 0.00788886 0.126405 
0.010913 0.0668383 4.20389e-05 0.40917 0.00102733 0.0597737 0.0150118 0.0250165 0.000232946 0.196914 0.21506 
0.0216608 0.00342944 0.000335901 0.621824 9.00736e-05 0.0119147 0.0119666 0.000604543 6.81633e-05 0.000722532 0.327383 
0.0711224 0.222891 0.0380006 0.259384 0.000849921 0.0899038 0.0528272 0.0153594 0.0760248 0.00683699 0.166801 
0.0721727 0.0271473 2.36644e-06 0.87612 8.8501e-07 0.00413961 0.00120217 0.000633472 0.00846786 0.00141466 0.00869868 
0.134247 0.112311 0.00352594 0.34719 3.79437e-05 0.013867 0.0601799 0.000505242 0.109 0.0300111 0.189124 
0.1515 0.00732792 2.01663e-07 0.26882 0.00113272 0.0530409 0.189804 0.000465873 8.01753e-06 0.0904604 0.23744 
0.096124 0.0462464 0.000146976 0.293157 0.000263248 0.186847 0.266079 0.000618788 0.000282978 0.0204128 0.0898228 
0.00339998 0.0606402 0.000555515 0.413788 0.0384936 0.01316 0.0746415 0.00222612 0.104864 0.0179064 0.270324 
0.0275777 0.0436133 0.00156906 0.393744 0.00317641 0.116151 0.269056 0.00275478 0.000242169 0.00770726 0.134408 
0.00776406 0.394149 3.2877e-06 0.434422 0.00159229 0.0425297 0.034424 0.00209229 0.0335983 0.00621458 0.0432105 
0.00609875 0.0559121 0.000844002 0.389574 1.27181e-05 0.03617 0.0946819 0.00519646 0.0109357 0.136147 0.264427 
0.000461535 0.258168 7.63965e-05 0.555413 5.29562e-08 0.00142028 0.0036191 4.07114e-06 0.0194213 0.156499 0.00491753 
0.0110223 0.0216018 4.41916e-05 0.376089 8.09552e-06 0.058645 0.128097 0.0121195 0.00847413 0.078836 0.305063 
0.0139982 0.0252513 1.88088e-06 0.547443 4.95884e-06 0.0101382 0.10329 0.0209676 2.96786e-06 0.00721393 0.271687 
0.00581446 0.190751 5.35283e-06 0.423084 0.00245043 0.00647832 0.0151785 0.00667701 4.25587e-05 0.000274398 0.349245 
0.00282211 0.253048 2.11173e-05 0.610752 1.90605e-05 0.000186402 0.0203568 0.0446571 0.000107833 0.0206052 0.0474243 
8.2065e-09 0.274386 0.00011514 0.662905 3.40778e-08 0.0194182 4.75873e-05 5.64195e-09 0.000259337 5.49264e-09 0.0428681 
0.0391588 0.0373208 0.000465821 0.417984 0.00189942 0.201542 0.117691 0.00380138 0.000534304 0.013177 0.166425 
0.0890781 0.165229 6.72139e-05 0.325933 0.000479054 0.0813716 0.179414 0.0170255 0.0010856 0.0168112 0.123505 
0.0112847 0.22361 9.39965e-05 0.264357 0.000411183 0.107705 0.0901827 0.0529455 0.0175623 0.0059537 0.225893 
0.0604932 0.031184 5.9326e-05 0.608184 3.90507e-09 0.0233311 0.0527852 0.000324237 5.09113e-05 0.00056862 0.22302 
0.0909352 0.125983 0.000209595 0.195708 0.0623331 0.185775 0.147229 0.000887484 0.000353626 0.0718605 0.118726 
0.0774173 0.0403862 0.0216142 0.454559 0.00103019 0.0206168 0.0786492 0.00379863 0.000507175 0.0127727 0.288649 
0.00349126 0.00614215 1.77208e-10 0.946431 0.000131766 0.000784476 0.0328463 3.89984e-05 0.00226816 0.0010014 0.00686408 
0.00653208 3.32928e-05 5.42217e-08 0.771901 4.89574e-06 0.00959265 0.0377808 0.0323704 5.88037e-08 0.00638494 0.1354 
0.105375 0.0281024 0.000136026 0.396471 2.81494e-06 0.239773 0.174878 6.46652e-08 0.00293528 0.0334242 0.0189017 
0.0123122 0.297565 1.15051e-07 0.394428 3.72333e-06 0.120009 0.0229905 0.0359444 0.000117016 0.035206 0.0814239 
5.91102e-07 0.154288 0.000131901 0.372859 7.15002e-05 0.161088 1.71145e-08 0.162667 5.2735e-08 1.84778e-07 0.148893 
0.0373489 0.118532 5.87538e-06 0.660903 6.61723e-08 0.0413843 0.0411612 0.000294498 0.000111136 0.0945311 0.00572738 
0.0035897 0.00234708 6.55571e-09 0.690563 8.62217e-09 0.00836787 0.216278 0.000898033 1.20384e-07 0.0193533 0.0586031 
0.0233412 0.0376738 0.000101277 0.438273 0.0013306 0.054854 0.0791162 0.0149932 0.00389174 0.0197617 0.326663 
0.0372372 0.0573892 0.000304334 0.506144 6.55181e-05 0.039699 0.150883 0.0101791 0.0131454 0.104855 0.0800977 
0.0491911 0.211563 0.0100415 0.263005 0.00106585 0.00941718 0.0415958 0.000335227 0.137656 0.0769678 0.199161 
0.133187 0.0327338 6.69076e-06 0.515673 0.000136652 0.0430513 0.0318114 0.00179502 5.93539e-05 0.0200053 0.22154 
0.0146772 0.291039 7.83264e-06 0.449412 3.08479e-05 0.0317668 0.00178759 0.0646981 8.72053e-05 0.130154 0.0163399 
0.0132427 0.0698523 9.3318e-05 0.430728 0.00112822 0.0199657 0.0978224 0.0015732 8.11643e-05 0.0853665 0.280146 
0.00402616 0.0142021 2.87879e-07 0.939728 2.10133e-05 0.000755549 0.032323 1.31097e-06 4.59054e-05 0.00205566 0.00684142 
0.00272549 0.0350467 2.3555e-05 0.85663 0.000114874 0.00644531 0.0675922 6.51096e-06 3.1464e-05 0.00184878 0.0295352 
0.0222873 0.0277564 2.42142e-06 0.473077 5.83862e-05 0.0372801 0.0533204 0.0526585 1.82897e-05 0.00964174 0.323899 
0.0220785 0.162424 8.68848e-05 0.196198 2.48949e-05 0.0721039 0.152258 0.0206371 0.19461 0.0222939 0.157285 
0.0694268 0.161744 0.00349114 0.261587 0.00603488 0.0348942 0.142681 0.0140572 0.0121452 0.086354 0.207586 
0.13828 0.122484 2.67835e-06 0.385152 2.6777e-06 0.172611 0.050659 2.68001e-06 2.67973e-06 0.0265349 0.104268 
0.0594476 0.1622 4.97777e-08 0.509922 9.11222e-08 0.187319 0.0101007 2.84527e-06 6.11692e-08 0.0092435 0.0617649 
0.0324665 0.0911151 4.34817e-05 0.433002 1.54662e-07 0.0113347 0.0688452 0.00845958 0.000285127 0.012009 0.342439 
0.0095716 0.0208258 2.71456e-05 0.702329 0.00370546 0.102666 0.0837676 0.00716436 0.00266317 0.0475872 0.019693 
0.287467 0.0526676 2.6484e-06 0.41217 0.00189024 0.0941474 0.045264 0.000439415 3.77516e-06 0.10269 0.003259 
0.033403 0.109007 0.000878586 0.44636 0.00046896 0.0285659 0.0456883 0.0134457 0.000752832 0.0170048 0.304425 
0.000122782 0.0245477 0.00108864 0.709881 3.12674e-06 0.00023603 0.118472 0.0810114 0.00122532 0.00410217 0.0593092 
0.0456668 0.0369429 4.2936e-05 0.413088 0.00605916 0.137812 0.137101 0.0106203 0.000140356 0.0864625 0.126064 
0.00181323 0.0296116 4.53894e-06 0.739062 0.00251931 0.00167857 0.0691313 0.000130561 0.0206632 0.0177682 0.117618 
0.00560424 0.303921 8.72706e-05 0.430582 1.31568e-07 0.0658648 0.0899428 0.031762 0.000410074 0.0693259 0.0024991 
0.406352 0.0720245 1.76429e-07 0.407687 1.03131e-06 0.0234109 0.0135131 0.029634 2.26887e-05 0.00108987 0.0462646 
0.0493078 0.082581 4.81901e-06 0.598179 5.71104e-08 0.0117143 0.0476148 0.0155175 0.000179219 0.097024 0.0978773 
0.00298965 0.00386135 4.07923e-05 0.632866 7.807e-07 0.00157745 0.0113729 0.000379565 0.000101837 0.000253705 0.346556 
0.0418265 0.118469 0.000224979 0.790219 1.59846e-05 0.0126048 0.0203027 6.7484e-06 7.17926e-10 0.0161505 0.000179381 
2.75096e-05 0.0207372 0.000762701 0.746196 1.17507e-06 9.378e-05 0.0163585 0.0286045 0.000309494 0.0402124 0.146696 
0.00924763 0.121276 7.56349e-07 0.527579 8.01221e-05 0.0218401 0.146484 0.0724484 0.00068731 0.0348017 0.0655553 
0.0190785 0.0221254 8.95701e-05 0.504049 7.31324e-05 0.0249216 0.231222 0.00118392 0.0106796 0.0317576 0.154819 
7.64901e-06 0.0243856 8.64445e-07 0.875827 2.63877e-09 0.00169878 0.0493728 4.36878e-10 4.8729e-07 0.0352243 0.0134827 
0.162706 0.213513 0.00539311 0.322203 0.00214621 0.011433 0.0730569 0.00434041 0.0599438 0.0188859 0.126379 
0.00608858 0.082287 0.235879 0.517478 0.0107066 0.00115365 0.0394468 6.17669e-05 0.0279851 0.0236116 0.0553021 
0.0130689 0.00860452 6.62754e-08 0.629756 2.19156e-06 0.135346 0.0510867 0.042196 1.52119e-05 0.00928225 0.110643 
0.00471496 0.0494295 0.0372996 0.833811 1.37375e-06 0.0131303 0.01214 0.00382547 1.25193e-05 0.001595 0.0440403 
0.00312121 0.00880307 7.03644e-06 0.7443 0.000261808 0.0129781 0.0588586 0.00119294 1.76172e-06 0.00742951 0.163046 
0.0150101 0.0257098 0.000207752 0.422048 0.00018619 0.0623271 0.0385887 0.0162065 0.000122829 0.00832882 0.411264 
0.00985939 0.00213874 2.8889e-05 0.466812 0.000411716 0.00676459 0.205088 0.00909445 0.000249375 0.0818501 0.217702 
0.00310635 0.0298618 1.00735e-06 0.776419 0.00478547 0.0446279 0.0328587 0.0233761 5.14224e-05 0.0118156 0.0730967 
0.00137123 0.0709247 0.000667806 0.772919 0.00115314 0.0417404 0.0270774 0.0160406 0.0115654 0.0134193 0.0431213 
0.0280079 0.115631 5.16507e-05 0.435823 0.00274005 0.0182434 0.0564677 0.0118211 2.60565e-05 0.276274 0.0549135 
0.0315927 0.0045722 2.22906e-06 0.378792 2.45558e-08 0.176576 0.181901 0.00546284 7.02576e-05 0.062066 0.158965 
4.60308e-05 0.00105615 5.96085e-07 0.758097 1.65092e-10 0.000148184 8.69981e-05 4.93162e-05 5.36632e-05 0.000120328 0.240342 
0.00251365 0.0766915 0.00112619 0.65237 1.89117e-05 0.11603 0.0545671 0.0235828 0.0142017 0.0298958 0.0290026 
0.0194272 0.0139389 0.000154265 0.474545 0.0202249 0.0636792 0.157933 0.00930033 0.00155947 0.0254853 0.213753 
0.0665581 0.206719 2.7903e-06 0.535498 0.000243278 0.0382428 0.0717767 0.0102366 0.000544384 0.0333314 0.0368473 
0.0123618 0.0111181 1.98554e-06 0.74683 5.68864e-07 0.0545484 0.0865047 0.0132266 4.79401e-06 0.00644854 0.0689543 
0.00482 0.185536 4.3595e-05 0.234281 4.78722e-06 0.00170509 0.0243162 0.0410625 0.179132 0.152657 0.176442 
0.0366948 0.0756719 5.07659e-08 0.297589 5.14968e-06 0.130628 0.031376 0.000564583 2.3807e-05 0.172652 0.254794 
0.00972969 0.199279 9.12351e-06 0.562736 0.000866879 0.0346356 0.130045 0.00134111 0.00155767 0.0189753 0.0408249 
0.0821239 0.220268 3.03286e-06 0.365082 8.23229e-06 0.0720791 0.0340012 0.0377324 0.00173282 0.0443471 0.142623 
0.0143347 0.000476318 2.38278e-08 0.972486 3.77471e-05 0.00137036 0.00387692 5.85688e-05 5.52478e-08 0.00144499 0.00591438 
0.00414543 0.022713 3.51605e-05 0.649097 0.000606159 0.00714466 0.0158644 0.0128689 5.08178e-05 0.00673079 0.280743 
0.007145 0.139334 6.99461e-06 0.669804 5.45826e-05 0.0740979 0.0143365 0.0561887 3.427e-05 0.000937118 0.0380612 
0.0262932 0.108517 2.35068e-05 0.296671 1.60484e-05 0.0834876 0.149192 0.0141476 0.000182264 0.0385956 0.282874 
0.0634021 0.168618 0.000347186 0.414379 2.23484e-05 0.0760606 0.0761341 0.00511914 0.0140808 0.0155274 0.16631 
0.00835144 0.142591 0.000293354 0.478238 0.000685468 0.0384015 0.00997756 0.0302026 0.0725401 0.0100938 0.208626 
0.000229592 0.0235625 0.000131666 0.476311 0.000524875 0.000149238 0.301962 3.36961e-05 0.133641 0.000899647 0.0625562 
0.00497999 3.57075e-10 2.0763e-09 0.317838 5.40444e-07 0.0469425 0.229873 0.0715527 3.42108e-09 0.029743 0.29907 
0.025336 0.110798 0.000529009 0.56845 0.0247511 0.0322763 0.0415545 0.0149455 0.0266317 0.00726062 0.147468 
0.00602769 0.00606855 0.000129824 0.425002 0.000432149 0.0990538 0.301703 7.21293e-06 5.92506e-06 0.0953485 0.0662214 
0.0191394 0.0456024 0.0125462 0.285255 0.00424187 0.0519145 0.225732 0.0180706 0.00443903 0.0988734 0.234185 
0.0258997 0.0479577 0.00362358 0.727062 0.000518773 0.0150686 0.0252512 0.0245342 0.0010112 0.0117108 0.117363 
0.00217415 0.0903525 0.00327589 0.572143 0.000104423 0.0453302 0.102703 0.001245 0.00320589 0.0217083 0.157758 
0.0193074 0.178765 3.29328e-06 0.644908 0.00215111 0.0418584 0.00574743 0.0065567 0.000134485 0.0536382 0.04693 
0.0434899 0.112002 1.38688e-05 0.693789 2.13636e-05 0.0181204 0.00439645 0.00038078 7.68931e-05 0.00463185 0.123078 
0.0503101 0.11238 4.84635e-05 0.659149 7.75479e-05 0.0253001 0.0621045 0.00801346 0.000283438 0.0148679 0.0674654 
0.0519181 0.0388036 0.000147623 0.71031 0.000113593 0.0222842 0.0187323 0.00150758 0.00403271 0.0155842 0.136566 
0.0282959 0.0106513 0.00396746 0.555678 4.16247e-09 0.0337998 0.0557775 5.11671e-07 1.10471e-09 0.000711581 0.311118 
0.000312202 0.006931 0.000324487 0.395235 3.2036e-06 0.0131652 0.338062 0.00168797 0.0359159 0.0119326 0.19643 
0.00285673 0.251075 0.0341826 0.377885 0.00484845 0.00780869 0.0206378 0.00245592 0.0524788 0.00328429 0.242487 
0.044463 0.00262785 0.0055173 0.670826 9.69071e-05 0.102504 0.13418 0.000118978 2.03555e-06 0.0129436 0.0267207 
0.00112976 0.0535731 0.00678347 0.533832 0.000188708 0.0211467 0.0868209 0.00235294 0.0190299 0.00189656 0.273246 
0.0131593 0.116847 0.00290118 0.295925 0.00102549 0.0546734 0.161208 0.000479899 6.292e-05 0.0739525 0.279765 
0.156668 0.138609 1.79905e-06 0.291077 1.84469e-07 0.0877378 0.0402927 0.00428666 2.22523e-05 0.0599243 0.22138 
0.0131959 0.030402 0.000867204 0.626946 6.79174e-05 0.0214187 0.0433797 0.00811565 0.00382749 0.123413 0.128366 
0.0812401 0.0105746 0.000103878 0.273484 2.27192e-05 0.134945 0.11384 0.0691223 0.0225907 0.0352711 0.258805 
0.052131 0.216404 1.04185e-05 0.314599 0.00420138 0.0300148 0.0495884 0.000767607 0.000432277 0.0273352 0.304516 
0.0339133 0.112165 1.9375e-06 0.409909 0.00709341 0.210756 0.0186451 0.00605567 0.000211328 0.1127 0.0885489 
0.00921328 0.0174978 0.00105847 0.869684 2.07499e-06 0.031773 0.0531653 7.78659e-05 7.06031e-06 0.00860037 0.00892097 
0.0230262 0.0922558 2.62463e-05 0.352276 0.054528 0.144738 0.195367 0.0413673 0.000416263 0.00465503 0.0913429 
0.0128631 0.00296161 1.28964e-06 0.890737 0.0316197 0.00970746 0.0234323 0.00037579 1.05665e-05 0.0131852 0.0151061 
0.0111817 0.0329899 0.000146818 0.746887 2.40376e-07 0.0110231 0.0541742 0.0144732 0.000143465 0.0115214 0.117459 
0.00984306 0.000909597 5.14747e-05 0.626651 9.40711e-09 0.000859126 0.109623 6.00165e-06 4.43573e-06 0.0171236 0.234929 
0.013876 0.0195948 9.87647e-05 0.524653 0.000435843 0.0453116 0.0637099 0.0309965 0.0179498 0.0495275 0.233846 
0.0104314 0.115174 0.000704049 0.477108 3.88699e-05 0.0406659 0.0266137 0.00426252 0.0157396 0.00969903 0.299563 
1.57221e-05 0.0550493 1.57136e-05 0.289349 0.281221 1.57249e-05 0.158835 1.57234e-05 1.57217e-05 1.57234e-05 0.215452 
0.00143516 0.214266 0.000357847 0.420428 0.000199105 0.109576 0.0557839 0.0366848 0.011766 0.0502192 0.0992841 
0.0322417 0.00237118 1.24507e-06 0.353528 4.6017e-05 0.0574417 0.189291 0.023451 4.26291e-05 0.00896281 0.332623 
0.00170117 3.16816e-06 3.00937e-05 0.895456 0.00199117 0.053859 0.00326113 0.000122806 0.00273906 0.0164129 0.0244235 
0.0247686 0.0720963 0.00012798 0.720659 1.00253e-06 0.0562974 0.0156747 0.00510035 0.0021321 0.00787211 0.0952708 
0.0458865 0.132506 0.00113456 0.258442 0.000287938 0.165883 0.193696 0.00613228 0.000237497 0.0180178 0.177777 
0.00506057 0.0441412 2.74403e-05 0.913593 4.64588e-08 0.00644303 0.00307165 4.44221e-05 2.4547e-05 0.00657239 0.0210218 
0.0112847 0.22361 9.39965e-05 0.264357 0.000411183 0.107705 0.0901827 0.0529455 0.0175623 0.0059537 0.225893 
0.0197493 0.132277 0.000918411 0.614698 0.00544119 0.10256 0.0796529 0.000369704 0.00322319 0.0191479 0.0219621 
0.00794793 0.0268746 2.04737e-07 0.832595 3.61764e-07 0.0197856 0.00899454 1.47686e-05 0.000107437 0.00476791 0.0989113 
0.00233657 0.118993 0.000688754 0.400033 0.113188 0.00521572 0.0910377 1.58615e-05 0.15355 0.0129193 0.102022 
0.0856979 0.0911862 2.03553e-05 0.414822 0.0227286 0.105946 0.00653845 0.00211992 0.000157278 0.0131907 0.257592 
0.132679 0.0013058 6.1492e-07 0.751839 1.27726e-07 0.0225543 0.0116369 0.0131015 9.11398e-06 0.0122803 0.0545935 
0.0346177 0.141097 1.94889e-05 0.39348 6.45194e-08 0.0433994 0.0550789 0.00525169 0.00821536 0.0389462 0.279894 
0.228536 0.0358595 0.000491789 0.491875 7.07554e-08 0.0555009 0.0475811 0.0121844 2.59885e-05 0.0163605 0.111585 
0.0146306 0.0864811 8.32737e-06 0.580939 6.06336e-06 0.146148 0.0590031 0.000801088 0.00176352 0.0365607 0.0736579 
0.165123 0.222972 5.47273e-08 0.542902 7.19782e-08 0.0689446 6.09177e-09 3.58696e-06 1.91028e-08 1.16014e-08 5.42469e-05 
0.0735625 0.0694229 0.00128303 0.397501 3.69809e-06 0.0553565 0.0283623 0.00298276 0.00437765 0.0165753 0.350573 
0.00121009 0.0107845 0.000101887 0.392545 2.26996e-06 0.0241969 0.227197 0.00470963 0.0123203 0.0594623 0.26747 
0.0143785 0.0273539 0.000689501 0.341001 0.000202704 0.0406015 0.206273 0.00745766 0.00395436 0.229985 0.128103 
0.00758777 0.0522259 0.00133819 0.608765 0.000640564 0.0302226 0.139954 0.0104892 0.00459026 0.0159226 0.128263 
0.0790164 0.0884426 0.00252412 0.346103 8.80405e-05 0.0162231 0.0589951 0.257156 0.00261777 0.00271054 0.146123 
0.0265917 0.0330922 1.07169e-06 0.438679 2.24175e-05 0.36597 0.00350578 2.65811e-06 1.9276e-07 0.0678196 0.0643146 
0.228919 0.0771559 0.00300966 0.254093 9.33674e-05 0.236241 0.0245542 0.00425573 0.00903555 0.00816053 0.154482 
0.00593177 0.00224018 8.5107e-05 0.816563 1.14826e-06 0.00905715 0.00682369 0.000470541 3.81207e-05 0.00131763 0.157472 
0.0131983 0.245683 2.44904e-06 0.461874 1.19557e-06 0.0670389 0.012852 0.00666172 0.00968786 0.0887416 0.0942583 
0.023213 0.322705 2.53424e-05 0.35722 0.000437702 0.0334324 0.0673809 2.64335e-05 0.000156347 0.101759 0.0936438 
0.00275458 0.0406613 4.27789e-06 0.416908 0.00140019 0.0234178 0.370011 5.55838e-05 3.30756e-05 0.0217913 0.122963 
0.0828054 0.102456 0.0340231 0.454771 0.000197563 0.0297434 0.0627376 0.000455626 0.00215947 0.0458077 0.184843 
0.0145551 0.00861948 7.69174e-05 0.688305 0.0330913 0.0538659 0.0941289 0.0124857 0.00257683 0.0272467 0.0650488 
0.0594476 0.1622 4.97777e-08 0.509922 9.11222e-08 0.187319 0.0101007 2.84527e-06 6.11692e-08 0.0092435 0.0617649 
0.000404142 0.145681 2.08883e-05 0.585715 1.51298e-05 0.0508923 0.0118325 0.00548594 0.000306213 0.0133679 0.18628 
0.0469609 0.103853 0.000723077 0.496372 0.00329774 0.087074 0.0606554 0.000555027 0.00826148 0.0935521 0.0986949 
0.00167887 0.0135573 2.69933e-05 0.567669 3.85469e-06 0.00139473 0.0519637 0.0225065 0.00435579 0.0126605 0.324183 
0.000426713 0.0925858 0.183307 0.348144 0.023287 0.00309627 0.110382 0.00230186 0.0226814 0.0693752 0.144412 
0.0042035 0.00526535 1.80757e-06 0.605776 5.57551e-06 0.184316 0.137658 0.000118743 7.72889e-05 0.000504987 0.0620729 
0.00328162 0.111196 0.000386246 0.450177 3.57319e-06 0.0768954 0.0993297 0.000240528 0.174741 0.00881801 0.0749306 
0.0139328 0.0154473 0.000560028 0.584791 6.32675e-05 0.0285613 0.0903448 0.00117643 0.00558538 0.0774074 0.18213 
0.0367849 0.0134163 0.0181264 0.535076 0.000722776 0.0770344 0.0616707 0.00258707 2.53253e-06 0.0336323 0.220947 
0.0388696 0.0495413 2.35359e-07 0.503432 5.97126e-05 0.126558 0.0504863 0.0151403 4.67879e-05 0.213013 0.00285192 
0.00799627 0.00635788 1.90607e-06 0.500086 0.000915317 0.101781 0.0807949 0.00453751 1.77234e-05 0.00254317 0.294968 
0.0369861 0.115898 0.00236456 0.358978 0.000208541 0.0520791 0.0902056 0.013312 0.010291 0.0105936 0.309084 
0.00354605 4.91098e-05 1.87361e-06 0.504045 0.000544806 0.0040018 0.244004 0.0385401 6.01244e-05 0.0998273 0.10538 
0.0161105 0.077561 0.00280152 0.518716 6.19285e-06 0.02107 0.302576 0.00086209 0.010549 0.00578714 0.0439611 
0.0279744 0.173174 2.17226e-07 0.514748 3.69961e-07 0.134222 0.00707328 1.29404e-06 0.00265734 0.0284305 0.111718 
0.0962996 0.0636704 8.41621e-05 0.515225 3.3449e-05 0.140636 0.0905606 0.00072939 0.0519181 0.00192639 0.0389166 
0.00687198 0.253009 0.000122292 0.362363 0.0223726 0.066481 0.013316 0.016086 0.000246812 0.0468484 0.212282 
6.2974e-07 0.238327 4.27623e-10 0.354542 0.00064932 5.33186e-08 0.315462 4.02984e-08 1.10438e-06 0.020513 0.070504 
0.0118591 0.000955925 3.82213e-05 0.878803 6.33955e-05 0.05004 0.0153995 0.000538156 1.70666e-06 0.0157513 0.0265498 
0.0771855 0.00266615 0.000441113 0.652941 4.21766e-07 0.0252355 0.0652447 0.00349386 1.1356e-06 0.00351899 0.169272 
0.000371362 0.0111658 4.27139e-05 0.580753 2.29437e-06 0.00334283 0.00462536 0.000864918 0.0257561 0.0787778 0.294298 
0.0132466 0.177526 0.00255479 0.320695 0.000150876 0.0392509 0.116603 0.00141121 0.0962612 0.0103299 0.221971 
0.0187871 0.0938409 0.00160839 0.448718 0.000440197 0.0375465 0.0236668 0.00945903 0.0197402 0.0519798 0.294213 
0.0378755 0.000788667 5.51659e-06 0.605891 3.07745e-05 0.148923 0.091712 0.00172543 0.000850485 0.102026 0.0101722 
0.00839263 0.0659872 8.44846e-06 0.634966 0.0732278 0.037729 0.104473 5.40119e-05 0.000746619 0.00969518 0.0647201 
2.31605e-07 0.00530116 4.10105e-07 0.576754 2.86871e-06 2.74881e-05 0.028968 2.08498e-06 0.0114518 0.000646071 0.376846 
0.00561779 0.00541156 0.000863112 0.547927 0.00012659 0.0191312 0.0264347 0.00859849 0.0148605 0.0206411 0.350388 
0.0132355 0.0707026 2.95744e-05 0.532336 0.000593981 0.0832594 0.0692903 0.00170257 0.1582 0.0131597 0.0574896 
0.00305255 0.0145934 7.81739e-09 0.48598 2.1005e-08 0.111807 0.284269 0.0547031 0.0136734 0.0205622 0.0113596 
0.00871211 0.0186063 0.000686569 0.704763 0.000791471 0.0547944 0.0737741 0.00125956 0.00706399 0.017574 0.111975 
0.287089 0.0449649 2.56238e-05 0.528179 5.08724e-08 0.086417 0.00172671 0.0158638 3.35818e-07 0.0173097 0.0184242 
0.00446453 0.240876 1.09769e-08 0.325062 0.000303547 0.176497 0.0156642 0.0808921 0.000123118 0.00423399 0.151883 
0.0103367 0.00375313 0.000132294 0.453774 1.06998e-05 0.0115432 0.0808615 0.00108218 0.0359023 0.0113663 0.391238 
5.33528e-09 0.0227495 0.000217202 0.948672 2.21549e-08 6.48316e-07 0.0283402 3.66799e-09 1.24837e-05 2.8674e-06 5.09166e-06 
0.0564295 0.038198 7.82028e-07 0.766938 6.57356e-05 0.013941 0.0186255 0.00103176 7.21687e-05 0.00327845 0.101419 
0.0231845 0.352121 7.36768e-05 0.372559 8.62448e-08 0.136376 0.025122 0.000779879 7.12062e-05 0.000868507 0.0888446 
0.0239065 0.0450611 0.000488576 0.305116 0.00124823 0.0566919 0.159698 0.0154251 0.0010767 0.131598 0.259689 
0.000354512 0.0992138 2.8464e-05 0.874369 1.49926e-05 0.00236344 0.0150926 6.55734e-06 0.000118633 0.000215416 0.00822261 
0.0040872 0.00228895 3.45067e-06 0.612205 0.0177014 0.00394628 0.130202 9.08154e-07 0.00296508 0.148964 0.077635 
0.162706 0.213513 0.00539311 0.322203 0.00214621 0.011433 0.0730569 0.00434041 0.0599438 0.0188859 0.126379 
0.00670452 2.72423e-05 4.22437e-09 0.785258 2.02214e-06 0.00954029 0.0350885 0.023597 2.6351e-09 0.0063287 0.133453 
0.0258143 0.0766062 0.00139044 0.573128 0.00262993 0.0410255 0.0821512 0.00330533 0.0146323 0.0242811 0.155036 
0.047509 0.0258848 0.000214319 0.669788 0.000339379 0.0607645 0.135389 0.00161995 5.92915e-05 0.0162142 0.0422173 
0.0142246 0.418575 8.90191e-05 0.420898 4.42772e-07 0.045694 4.43192e-07 0.00110833 0.00190581 0.0215378 0.0759665 
0.0337296 0.0533081 2.27371e-07 0.896998 1.80633e-10 0.00437351 0.000275348 3.55756e-06 5.70826e-06 0.000529855 0.0107758 
0.0225111 0.00326642 9.79688e-06 0.82849 8.83696e-07 0.00704968 0.0443007 0.000713071 7.89748e-05 0.0165741 0.0770048 
0.00278029 0.043258 0.000398604 0.505568 0.000948533 0.0662159 0.139806 0.00236161 0.0275684 0.0512886 0.159807 
0.0168488 0.0135705 4.38322e-05 0.519267 1.23825e-05 0.0265503 0.194592 0.0160454 3.02874e-05 0.052582 0.160458 
0.0391112 0.121788 0.00503758 0.427081 0.00771093 0.0149764 0.0356548 0.00730188 0.00761847 0.114354 0.219366 
0.00506309 0.0706421 6.90958e-05 0.336548 0.000409108 0.0251581 0.276459 2.51571e-05 2.91371e-05 0.05688 0.228717 
6.2974e-07 0.238327 4.27623e-10 0.354542 0.00064932 5.33186e-08 0.315462 4.02984e-08 1.10438e-06 0.020513 0.070504 
0.0145551 0.00861948 7.69174e-05 0.688305 0.0330913 0.0538659 0.0941289 0.0124857 0.00257683 0.0272467 0.0650488 
0.0199217 0.0775732 8.61724e-05 0.55767 0.000167253 0.0387774 0.0803462 0.018513 0.00105021 0.0409424 0.164952 
0.0105437 2.43579e-05 7.09154e-09 0.427906 6.29202e-08 0.00450174 0.214022 3.74563e-07 4.43363e-09 0.0055649 0.337438 
0.0098947 0.0262921 0.000413991 0.574435 7.80741e-05 0.0126964 0.0554309 0.0111055 0.00382486 0.0113844 0.294444 
0.0600934 0.0177769 0.0164483 0.711093 0.000619954 0.0375745 0.0998578 0.00037636 0.00129443 0.0243748 0.0304901 
0.00772664 0.0615361 3.37917e-05 0.491449 2.71609e-05 0.0274338 0.224492 0.053235 0.000511126 0.0388093 0.0947465 
0.0458065 0.0897597 0.0124124 0.469437 6.31168e-09 0.198433 0.128201 0.00869823 1.46534e-05 0.0137419 0.0334959 
0.000513647 0.00505296 7.8926e-07 0.8959 9.25569e-09 0.00338078 0.00154968 0.000932479 2.98011e-07 0.000274478 0.0923945 
0.0157492 0.0286942 1.09391e-05 0.5215 0.000333955 0.0282968 0.124127 0.00607564 0.000155074 0.0408228 0.234235 
0.223655 0.197506 0.000246994 0.232041 8.12319e-08 0.126909 0.192646 0.00269755 9.89487e-07 0.0156063 0.00869044 
0.00097817 0.0574869 0.00188907 0.292955 0.000315553 0.0896424 0.258287 0.00655785 0.0532205 0.0169423 0.221725 
0.0042699 0.0510863 5.89052e-07 0.672743 0.00083326 0.0300601 0.0811768 0.000274398 0.000127232 0.00955668 0.149871 
0.102393 0.209833 1.73393e-05 0.280938 0.033977 0.0885107 0.0103368 0.00426159 0.000682612 0.0120305 0.25702 
0.00187759 0.0971124 4.72477e-05 0.464993 1.80257e-05 0.0101775 0.0475108 0.0234292 0.00100898 0.117021 0.236804 
0.0110963 0.00380382 3.88276e-05 0.612328 5.6695e-08 0.0172429 0.0829325 0.000990175 7.50742e-06 0.0391231 0.232437 
0.0114793 0.0992289 4.01838e-06 0.553512 0.00486215 0.0887003 0.130919 0.00580871 0.069388 0.00924398 0.0268529 
3.2132e-08 0.000962567 9.27417e-06 0.50841 2.39813e-09 0.000527478 0.000198872 6.34298e-05 0.000122665 0.00763655 0.482069 
0.00475622 0.0115458 4.08512e-05 0.445726 0.00906059 0.0245854 0.0298446 0.0364081 0.000239271 0.0379565 0.399837 
0.0113372 0.0301206 5.52347e-06 0.683772 6.30551e-06 0.00215842 0.0164065 1.75487e-05 9.29424e-06 0.000418691 0.255748 
0.0180628 0.0425084 0.00270502 0.344986 0.00228312 0.0390242 0.163332 0.0043941 0.00592662 0.143669 0.233108 
0.14283 0.0505057 3.10521e-12 0.440471 8.37702e-05 0.0660897 0.0334808 0.00112454 4.43187e-09 0.0632292 0.202186 
0.0173371 0.00228267 5.35509e-07 0.859787 0.00167238 0.0429066 0.0108632 0.00693325 3.29033e-07 0.0293463 0.0288706 
