0.0091485 0.021344 0.00188649 0.00949122 1.14079e-07 0.759944 0.0695794 0.00124281 0.000157689 0.0474025 0.0798035 
0.0844632 0.146276 1.24045e-06 0.060888 4.41769e-05 0.508653 0.0474579 0.0168525 0.000862756 0.00931054 0.12519 
0.0869774 0.0563496 0.000502102 0.046548 0.000498126 0.351725 0.14372 0.0459782 0.00463029 0.0496175 0.213454 
0.00116835 6.59616e-05 1.10902e-05 6.01173e-05 8.88621e-07 0.996301 0.00133625 8.61485e-05 0.00017975 8.58804e-05 0.000704968 
0.0850897 0.025918 0.000299079 0.0279293 0.00014683 0.667825 0.0865001 0.00515801 0.000379782 0.0951675 0.00558686 
0.000932029 0.0248852 0.000388124 0.00992164 5.15168e-05 0.461142 0.0284574 0.102154 3.64791e-06 0.127302 0.244763 
0.000977467 0.0373228 3.32035e-05 0.162585 9.57242e-06 0.297456 0.188754 0.0963899 5.18287e-06 0.110674 0.105793 
0.00100448 0.00445148 8.41349e-11 0.000639848 1.07644e-06 0.826582 0.0176226 0.00461484 2.93676e-11 0.0715987 0.0734845 
0.15362 0.0114444 5.31498e-06 0.0754661 0.000249985 0.630024 0.0469521 0.0272663 1.15588e-05 0.0108091 0.0441513 
0.0864694 0.071089 1.40476e-06 0.201415 0.00589966 0.610606 0.000973069 3.36883e-05 4.16539e-05 0.00147276 0.021999 
0.00400908 0.0154631 4.02684e-05 0.00097992 2.50655e-07 0.515757 0.010223 0.390289 0.000305128 3.48819e-05 0.0628981 
0.0346635 0.348962 2.03787e-05 0.00771717 6.37341e-07 0.387213 0.0197247 0.0202917 0.00047166 0.0198188 0.161117 
0.0322447 0.0354053 0.000155396 0.0236594 0.000105878 0.600175 0.0927562 0.0356402 0.000908081 0.0300573 0.148893 
0.071067 0.0161155 0.000405735 0.0149329 5.12269e-07 0.707764 0.0370578 0.0160022 0.000175437 0.0313274 0.105151 
0.0478703 0.0170165 2.49324e-05 0.0569549 0.000128074 0.53555 0.088508 0.168943 6.44944e-05 0.0319026 0.0530376 
0.0555156 0.0305658 0.000116453 0.0195564 0.00106706 0.681851 0.0771286 0.0518403 0.00243613 0.0116766 0.0682456 
0.0485653 0.0919632 8.15988e-05 0.143912 0.0335743 0.300633 0.132366 0.00934992 1.92595e-05 0.122805 0.116731 
0.00633896 0.0966553 5.65278e-10 0.137671 7.2704e-08 0.720709 0.00103356 0.000141232 9.24634e-07 0.0266489 0.010801 
0.0509919 0.014507 0.000493114 0.0657331 6.68724e-06 0.641364 0.110846 0.00793271 0.0120212 0.0242171 0.0718872 
0.000255179 0.140884 9.36144e-12 0.00477172 1.23123e-11 0.847394 0.000493258 9.70296e-05 3.1777e-05 0.00149087 0.00458184 
0.00424631 0.00828821 8.04747e-06 0.00118081 2.36459e-05 0.927751 0.00738496 0.00174451 0.000578491 0.00482969 0.0439645 
9.44549e-05 0.00593517 5.19913e-06 0.000909689 6.13361e-07 0.574418 0.00774848 0.384356 0.000237772 2.67032e-05 0.0262671 
0.0895797 0.103688 0.000240675 0.0814601 1.32658e-05 0.423696 0.0889534 0.000123829 0.00284889 0.194131 0.0152662 
0.085411 0.197353 0.000159123 0.0414832 4.99526e-07 0.341918 0.0454503 0.00351782 0.000218435 0.0258916 0.258597 
0.00218898 0.00187896 2.79086e-09 0.00138111 6.14019e-07 0.937525 0.0189663 0.00108859 1.83313e-05 0.00147098 0.0354814 
0.000717332 0.0148758 0.0088746 0.0179238 1.04464e-06 0.39095 0.0627563 0.123745 3.59787e-05 0.310579 0.0695407 
0.0375879 0.199344 2.29897e-06 0.0348163 6.7684e-06 0.428155 0.216401 0.00173832 0.000198109 0.00774005 0.0740098 
0.0230368 0.00526462 5.33481e-07 0.00575227 8.05323e-07 0.788291 0.0534616 0.0038722 4.20114e-11 0.0262456 0.0940746 
0.102916 0.0547084 0.00257944 0.0257031 0.00130202 0.637726 0.0364153 0.0317165 0.00270427 0.0108908 0.0933385 
0.00100448 0.00445148 8.41349e-11 0.000639848 1.07644e-06 0.826582 0.0176226 0.00461484 2.93676e-11 0.0715987 0.0734845 
0.0342922 0.122475 2.77468e-06 0.0066732 6.87499e-07 0.440172 0.0150277 0.286696 0.000144605 0.00484012 0.0896768 
0.294122 0.0382998 0.205326 0.0536335 5.8737e-06 0.318441 0.0168838 0.0477369 5.61156e-06 0.00163233 0.023913 
0.00482571 0.0158118 2.03658e-07 0.00772726 2.44414e-07 0.8302 0.0214132 0.0391556 5.06361e-05 0.0166675 0.064148 
0.0580167 0.0811602 0.000125325 0.0537804 0.000851197 0.383758 0.0393105 0.0198675 0.0110739 0.00704747 0.345009 
0.0625279 0.0296803 0.000259999 0.0360335 0.000360714 0.635437 0.0800628 0.0373057 0.000232312 0.0185351 0.0995643 
0.0392581 0.0857354 0.0776279 0.036712 0.0013516 0.545264 0.0274716 0.070662 0.00702499 0.0113976 0.0974944 
0.010068 0.103058 7.37367e-05 0.0225285 0.000404613 0.743515 0.0281399 0.0303356 0.000129877 0.00157051 0.0601757 
0.00232136 0.00202713 8.78065e-08 0.000969056 1.13359e-06 0.931344 0.0194028 0.00180427 2.85015e-05 0.0013222 0.0407797 
0.340325 0.0133522 0.000676532 0.112511 5.97186e-08 0.347674 0.0564735 5.58225e-06 0.0263853 0.0468538 0.0557429 
0.00660011 0.00119066 1.81992e-06 0.0834617 0.0156983 0.404556 0.278573 0.0111972 4.2705e-05 0.0733438 0.125335 
0.0289755 0.0329628 0.00377361 0.0287618 0.00144591 0.44869 0.0450623 0.350904 0.000145019 0.00562936 0.0536489 
0.110169 0.0321289 0.000218973 0.0525518 0.00196869 0.519973 0.0338813 0.088089 0.00272816 0.0148422 0.143449 
0.10976 0.0252311 1.47862e-06 0.0264264 2.81418e-07 0.785183 0.0159116 0.00168496 0.000324695 0.0278381 0.00763863 
0.0163151 0.00156193 1.29819e-06 0.00925672 3.02935e-09 0.768374 0.11725 0.00951713 1.62411e-06 0.0012301 0.0764918 
0.0744598 0.246891 0.000140617 0.100731 7.21985e-05 0.284556 0.116778 0.0923304 0.000603736 0.00706034 0.0763774 
0.0709365 0.187574 2.0324e-06 0.00687957 2.21137e-05 0.476274 0.0338319 0.00056004 1.76724e-06 0.00056901 0.22335 
0.109331 0.062135 0.00195928 0.0546411 0.00189595 0.402726 0.0717641 0.0657434 0.00127075 0.025513 0.20302 
0.0553609 0.0526619 0.000162781 0.0560106 0.000607009 0.494216 0.0419884 0.186683 0.00321464 0.0163244 0.0927705 
0.0284894 0.261375 1.13866e-05 0.00758091 6.41917e-06 0.334911 0.0382022 0.0274287 0.000138351 0.00131465 0.300543 
0.00365189 0.0441498 3.38889e-05 0.0305375 1.76999e-05 0.431692 0.0593975 0.322594 9.6268e-05 0.00276202 0.105068 
0.0016555 0.0021536 1.02139e-07 0.00275367 4.30362e-07 0.975622 0.00587072 0.000899037 1.46635e-05 0.000723224 0.0103075 
0.131817 0.240718 0.000346926 0.039846 0.000275081 0.456034 0.0566898 0.0144896 0.00030728 0.00375529 0.0557207 
0.00940944 0.021911 0.00100968 0.0353522 7.64395e-05 0.698387 0.115028 0.0675514 0.00530797 0.0060282 0.0399384 
0.00218898 0.00187896 2.79086e-09 0.00138111 6.14019e-07 0.937525 0.0189663 0.00108859 1.83313e-05 0.00147098 0.0354814 
0.081964 0.0670425 0.000921063 0.0889382 0.000950581 0.458611 0.0685162 0.00399232 5.73477e-05 0.0180094 0.210997 
0.00207885 0.00223851 1.61646e-09 0.000715993 9.29067e-07 0.9351 0.0169726 0.00166298 2.79839e-05 0.000947248 0.0402551 
0.00696786 0.000403156 4.26168e-06 0.000337971 5.66075e-07 0.932648 0.0155584 0.0113479 7.51174e-05 0.000241352 0.0324156 
0.0451323 0.130735 0.00015212 0.239848 1.94195e-06 0.310611 0.0788563 0.0110139 0.000440756 0.014372 0.168837 
0.0795982 0.19486 0.000141347 0.0438998 0.00690249 0.386604 0.0782182 0.0103387 0.00011058 0.0232671 0.17606 
0.0313886 0.0452485 0.000708213 0.0356869 0.000970443 0.454023 0.0401831 0.26579 0.00117232 0.031728 0.0931012 
0.000992782 0.00327639 1.00292e-09 0.0041968 3.02547e-07 0.965458 0.00895366 0.000274878 2.09748e-05 0.00109761 0.0157291 
0.0345616 0.00093778 3.07668e-08 0.00162714 1.74631e-10 0.658925 0.181592 0.0763914 5.46564e-08 0.03713 0.00883454 
0.169672 0.00482478 1.22176e-05 0.0100266 1.44493e-08 0.751863 0.0138749 0.000188121 4.27086e-05 0.0022535 0.0472419 
0.0238398 0.234777 2.03473e-06 0.0219602 2.17038e-05 0.582232 0.0354921 0.0155864 0.000133205 0.000315892 0.0856396 
0.0691454 0.121159 0.000153238 0.0607432 0.00229065 0.375405 0.0442438 0.0179363 2.09146e-05 0.0184541 0.290448 
0.00696786 0.000403156 4.26168e-06 0.000337971 5.66075e-07 0.932648 0.0155584 0.0113479 7.51174e-05 0.000241352 0.0324156 
0.0798708 0.24204 3.80675e-07 0.0967217 3.80582e-07 0.282777 0.00754303 0.0338252 0.00274265 0.0138656 0.240613 
0.0152192 0.205055 0.0272309 0.041303 0.187293 0.20893 0.121534 0.00339103 0.000197768 0.102678 0.0871687 
0.0294856 0.0471652 8.68908e-06 0.0433497 3.16234e-05 0.602972 0.038362 0.102281 4.91619e-05 0.0320164 0.104279 
0.0329182 0.0583835 0.00107489 0.0847522 0.000924304 0.521686 0.115663 0.0383946 0.0234172 0.0134155 0.109371 
0.0364992 0.169879 0.00725963 0.121701 0.000558943 0.448575 0.0534849 0.0020052 5.3142e-08 0.00629101 0.153747 
0.00702155 0.00435392 2.24336e-07 0.03869 4.23325e-10 0.58368 0.145795 0.111733 5.11094e-07 0.0399415 0.0687837 
0.0249848 0.0232156 0.00827924 0.0383819 0.000451494 0.777755 0.0234934 0.0234979 0.00012533 0.017212 0.0626034 
0.00696786 0.000403156 4.26168e-06 0.000337971 5.66075e-07 0.932648 0.0155584 0.0113479 7.51174e-05 0.000241352 0.0324156 
0.129696 0.0351656 7.23364e-07 0.0249957 4.88495e-08 0.556519 0.00552987 0.0142755 9.77075e-07 0.0317866 0.20203 
0.00698502 0.00703497 6.89477e-07 0.00504152 1.63572e-06 0.891389 0.0199135 0.0322703 1.40153e-06 0.00650689 0.0308555 
0.0426527 0.164712 0.00428138 0.075782 0.00018719 0.267174 0.097638 0.0459753 0.0063678 0.0737919 0.221438 
0.0269854 0.0809958 1.96437e-05 0.0145298 1.85239e-05 0.776936 0.0207401 0.0442095 0.000564027 0.000881823 0.034119 
0.0327549 0.007176 2.70451e-11 0.0216431 8.15109e-05 0.88465 0.0185489 0.00901701 2.59686e-05 0.00681536 0.0192871 
0.01262 0.000626385 6.90401e-09 0.000119989 1.72798e-10 0.98174 0.000329007 0.00210773 6.90485e-08 0.00106808 0.00138876 
0.0109566 0.0161647 8.69619e-05 0.0255814 2.95367e-06 0.787056 0.0760447 0.0464658 3.77192e-05 0.00821901 0.029384 
0.00895823 0.0104065 1.20177e-05 0.00741881 0.00218902 0.889307 0.0113163 0.050104 4.39913e-05 0.0089468 0.0112971 
0.133392 0.00400209 1.48788e-06 0.0247582 1.50221e-08 0.662122 0.116138 0.0316637 6.81103e-08 9.5032e-07 0.027922 
0.074238 0.00438678 5.09302e-05 0.0235845 5.51251e-11 0.844022 0.0447044 0.000375869 2.24755e-05 0.00273743 0.00587792 
0.0286855 0.0490427 0.0020375 0.0277393 0.00158633 0.60522 0.0615318 0.0866338 0.000241736 0.0177345 0.119547 
0.00635629 0.00650205 0.00134747 0.0154159 0.0222723 0.596092 0.0643665 0.150965 0.000105847 0.00920835 0.127369 
0.00648302 0.00470104 4.12178e-05 0.00828666 2.27348e-06 0.904694 0.0375318 0.000246657 0.00465337 0.00313147 0.0302287 
4.27414e-05 0.0711665 4.40694e-06 0.255975 4.13708e-09 0.512979 0.159691 2.98639e-05 1.09797e-09 4.39436e-05 6.74388e-05 
0.00163494 0.0147113 1.26922e-06 0.0116252 2.42171e-06 0.779009 0.0139367 0.143323 0.000332402 0.00225155 0.0331729 
0.0176157 0.00491635 0.00129103 0.0262738 2.8087e-06 0.895178 0.0146585 0.0213239 7.73491e-05 0.0172502 0.00141274 
0.0751917 0.140003 6.92127e-06 0.112227 3.061e-09 0.260676 0.101997 0.120486 0.000244196 0.0113955 0.177773 
0.0106401 0.0477255 3.06952e-05 0.0378918 0.00131399 0.587814 0.0404773 0.0813336 7.45046e-06 0.0270277 0.165737 
0.14081 0.16086 0.000421848 0.195051 1.19523e-05 0.223866 0.0618147 0.014891 0.001577 0.0217959 0.178901 
0.00868507 0.0111481 2.85058e-11 0.00333762 4.23718e-09 0.91804 0.00192721 0.000260535 1.66018e-06 0.0497305 0.00686893 
0.00424126 1.95494e-08 1.13674e-07 0.000710153 0.000598173 0.98866 0.00123117 0.00337377 3.96785e-08 0.000455463 0.000729845 
0.000513039 0.00125445 0.00113254 0.000923174 1.48436e-09 0.530117 0.0120687 0.445447 3.57388e-05 0.000816623 0.00769116 
0.0685705 0.197458 7.88784e-05 0.00302851 4.58597e-10 0.522829 0.00217984 0.124702 0.000684594 0.00464425 0.075825 
0.00145057 0.00879231 7.03924e-05 0.0245869 0.130419 0.778289 0.0137259 9.44558e-12 7.27786e-06 0.0133205 0.0293383 
0.0389134 0.283862 1.24477e-09 0.067123 0.00889986 0.380174 0.0727303 0.0193552 1.37519e-07 0.00659861 0.122344 
0.0149087 0.0191099 2.58599e-05 0.00531884 6.78064e-07 0.81442 0.0214252 0.0304831 0.00113455 0.000626388 0.0925471 
0.00833355 0.0578326 4.06207e-06 0.0119905 0.00012818 0.886592 0.00612654 0.000515961 2.46131e-06 0.00522653 0.0232471 
0.0264837 0.153894 0.00102008 0.0113588 1.41461e-08 0.382625 0.0342084 0.00425376 1.24044e-05 0.0121651 0.373979 
0.0416833 0.304967 0.00512212 0.0371264 8.80437e-05 0.403601 0.0148352 0.00241005 0.00132608 0.0105722 0.178268 
0.00375069 0.000509584 0.000398807 0.0739575 5.80408e-09 0.878891 0.00596831 0.00016579 5.36778e-09 0.00469888 0.0316593 
0.00207885 0.00223851 1.61646e-09 0.000715993 9.29067e-07 0.9351 0.0169726 0.00166298 2.79839e-05 0.000947248 0.0402551 
0.0231515 0.0153821 0.000102042 0.036701 5.92316e-10 0.352594 0.0161017 0.248675 0.0188885 0.0103732 0.278031 
0.000444434 0.0082455 4.65559e-06 0.000581833 1.0904e-06 0.743029 0.00413238 0.222972 9.14338e-05 3.13577e-05 0.0204658 
0.00718013 0.131759 2.62373e-06 0.0414462 6.37103e-06 0.754608 0.0163123 0.00398473 1.35976e-05 0.00633927 0.0383482 
0.0119514 0.0534669 1.90504e-06 0.00842631 1.85731e-06 0.782739 0.0228303 0.0544925 0.0001255 0.000763508 0.0652004 
0.232527 0.0866518 0.000321577 0.00844545 0.000123746 0.511113 0.014631 0.0159309 3.76113e-05 0.00253023 0.127688 
0.00415515 0.000751663 1.1625e-06 0.0157365 0.000151656 0.882584 0.0187045 0.00290917 1.08668e-05 0.0508231 0.0241721 
0.0276156 0.00387868 9.75638e-05 0.0379869 1.62897e-08 0.728866 0.106378 0.0572069 4.5863e-05 0.00537968 0.0325445 
0.05466 0.142603 1.08345e-05 0.0625178 0.0012631 0.636307 0.0186908 0.0033281 3.61763e-05 0.0158844 0.0646987 
0.00854547 0.000477935 5.32548e-06 0.000422461 7.07233e-07 0.916077 0.019448 0.0141099 9.15216e-05 0.000301687 0.0405195 
0.0735791 0.0463366 2.47918e-05 0.118006 0.0039775 0.598709 0.0623781 0.0239774 2.23444e-05 0.00719149 0.0657981 
0.00696786 0.000403156 4.26168e-06 0.000337971 5.66075e-07 0.932648 0.0155584 0.0113479 7.51174e-05 0.000241352 0.0324156 
0.000255179 0.140884 9.36144e-12 0.00477172 1.23123e-11 0.847394 0.000493258 9.70296e-05 3.1777e-05 0.00149087 0.00458184 
0.045624 0.37408 0.00329082 0.00314587 9.05457e-10 0.501603 7.83559e-07 4.29516e-06 7.67924e-05 1.05201e-06 0.0721734 
0.00600755 0.00161831 5.90279e-05 0.0302866 0.000756906 0.690639 0.0223974 0.17575 7.31168e-05 0.0276944 0.0447178 
0.00843611 0.0886351 0.000123907 0.0325163 1.20474e-08 0.409698 0.0233524 0.0653195 0.000127173 0.000802748 0.370989 
0.00157444 0.112659 2.60696e-05 0.0524595 0.19785 0.321066 0.0442396 0.0738617 0.000428464 0.014774 0.181061 
0.0170861 0.145805 0.0572715 0.0277087 0.0276783 0.361023 0.0569057 0.0161783 0.00193577 0.117017 0.171391 
0.00396693 0.0197446 8.26235e-07 0.00977417 5.78408e-08 0.948518 0.0123521 0.00493032 1.43726e-08 5.6101e-05 0.00065701 
0.0379906 0.347326 7.58548e-07 0.0473751 0.000934815 0.490325 0.00464945 0.00180004 0.00026165 0.0129224 0.0564139 
0.00943596 0.00810513 0.000129211 0.00973638 8.01495e-06 0.814134 0.0477051 0.0411819 3.07578e-05 0.022125 0.0474082 
0.254698 0.0530474 0.000170026 0.0357953 0.000707451 0.472864 0.00993558 0.00229113 2.89298e-06 0.0294638 0.141024 
0.00189893 0.378796 1.58516e-10 3.81735e-06 8.33948e-06 0.619288 4.06e-08 2.01235e-06 3.20972e-07 7.35939e-07 2.65493e-06 
0.00172944 0.00149802 0.000313513 0.014661 2.90884e-10 0.797161 0.0899497 0.000278922 2.97065e-06 0.0421078 0.0522978 
0.0801182 0.0362366 0.00242684 0.0240726 0.000281588 0.635765 0.0407455 0.080803 0.000684751 0.0166703 0.082196 
0.115482 0.022867 2.96771e-05 0.146728 8.8229e-06 0.392388 0.0990593 0.00538993 0.0143352 0.0110688 0.192643 
0.0669355 0.0153957 4.2239e-06 0.00278892 2.56127e-07 0.456432 0.0235369 0.37428 1.2856e-05 0.00634702 0.0542669 
0.00283567 0.000287698 8.8495e-08 0.00486433 0.00102679 0.813804 0.00723949 0.145489 5.50849e-05 0.0241316 0.000266067 
0.0747766 0.0096 0.000663926 0.121358 7.08135e-07 0.448042 0.160869 0.0693097 0.000322795 0.0360569 0.0790008 
0.110933 0.266574 0.00320401 0.00878756 1.30394e-06 0.496038 0.00439001 0.00122932 1.58694e-07 0.0792293 0.0296132 
0.00808886 0.00289893 2.67706e-06 0.00026685 5.83114e-07 0.898253 0.0245697 0.0264932 4.70393e-05 0.000152257 0.0392272 
0.0601187 0.0230171 5.00419e-08 0.169995 1.64376e-07 0.270318 0.0337461 0.0881844 4.83122e-06 0.098045 0.25657 
0.0437971 0.0392514 3.72376e-06 0.0222272 9.22024e-07 0.707608 0.0950614 0.00750733 2.18156e-05 0.00704472 0.0774766 
0.0962055 0.189968 0.00275453 0.0876525 1.34973e-08 0.216966 0.17199 0.000407388 0.0028327 0.0325813 0.198642 
0.00636058 0.0258368 0.000130882 0.0233172 2.27441e-06 0.357183 0.3001 0.250307 0.000771595 0.00357445 0.0324158 
0.279252 0.0907243 0.0143109 0.0221199 0.0139198 0.455204 0.0265001 0.00336594 7.86486e-06 0.00322134 0.0913739 
0.0259312 0.0451863 0.00143864 0.0305654 0.00160444 0.739331 0.0726236 0.005899 0.00232128 0.0132331 0.0618659 
0.0108801 0.00314611 2.54186e-06 0.0011291 4.14943e-07 0.963135 0.0019343 0.000237997 5.86044e-05 0.0152773 0.00419891 
0.0292935 0.0141557 0.0632385 0.123156 5.93871e-05 0.635619 0.065579 0.0048755 3.95263e-05 0.00366442 0.0603195 
0.00557547 0.0170873 0.000372684 0.0651011 0.0170699 0.395499 0.259128 0.172867 4.50505e-05 0.0146658 0.0525882 
0.00358541 0.00810276 4.4926e-07 0.00798599 3.02451e-07 0.888908 0.0493248 0.000945691 5.87805e-05 0.00156513 0.0395231 
0.0282281 0.08017 1.58314e-05 0.0244147 0.00472171 0.740302 0.00834015 0.0532312 3.70834e-05 0.00755097 0.0529878 
0.0992227 0.0167809 0.000166246 0.0866596 8.21513e-06 0.495918 0.258891 0.0005931 0.0027485 0.0120076 0.0270033 
0.00271378 0.0953838 0.0122605 0.0130854 0.00391719 0.707909 0.0590145 0.0577086 0.0179419 0.00312854 0.0269372 
0.00129279 0.000603069 3.26674e-06 0.0822 1.81196e-11 0.903591 0.00137673 2.99989e-12 4.80887e-12 0.00355162 0.00738156 
0.170287 0.196431 8.72645e-06 0.00213706 3.6077e-06 0.342794 0.0135881 0.202471 1.33018e-05 0.0084718 0.0637947 
0.000255179 0.140884 9.36144e-12 0.00477172 1.23123e-11 0.847394 0.000493258 9.70296e-05 3.1777e-05 0.00149087 0.00458184 
0.0305908 0.0643631 0.00124748 0.062589 0.000199397 0.464133 0.0646137 0.109973 0.000387094 0.0167767 0.185127 
0.189282 0.0253334 1.70645e-05 0.010586 6.07612e-05 0.52516 0.156101 0.014154 2.08359e-05 0.0188392 0.0604457 
0.0203774 0.125927 0.000218099 0.0620613 0.00566302 0.576334 0.0418594 0.0245421 0.0125215 0.0226953 0.1078 
0.0406322 0.00289579 0.00604742 0.000964849 9.53705e-10 0.926139 0.00044798 0.0051863 8.11798e-09 0.000920564 0.0167658 
3.07562e-05 0.212274 3.07397e-05 3.07613e-05 0.0676414 0.273809 3.07613e-05 3.07587e-05 3.07555e-05 0.221494 0.224597 
0.119083 0.266226 1.72132e-06 0.00653751 4.45784e-07 0.489471 1.25227e-05 0.000816056 4.84361e-07 0.00258733 0.115264 
0.0318398 0.0112909 2.75612e-07 0.00801094 1.12335e-05 0.790986 0.0365755 0.0310138 3.99206e-06 0.0342066 0.0560607 
0.000255179 0.140884 9.36144e-12 0.00477172 1.23123e-11 0.847394 0.000493258 9.70296e-05 3.1777e-05 0.00149087 0.00458184 
0.0471722 0.0527892 3.55444e-09 0.0481439 2.55303e-05 0.481776 0.0722078 0.0189751 3.74459e-05 0.028591 0.250282 
1.46185e-05 0.308798 9.2363e-06 0.0590006 6.94524e-06 0.632147 4.40374e-06 1.43553e-09 2.30118e-09 1.94272e-05 4.16197e-10 
0.00709819 0.213306 8.83118e-05 0.0085095 6.1522e-11 0.468792 0.0201439 6.9698e-05 0.00647031 0.000147741 0.275375 
0.0096655 0.343399 0.00214318 0.015649 2.49672e-05 0.36369 0.0197303 0.0630553 0.000104506 0.00500842 0.17753 
0.00571166 0.00087749 6.18895e-11 0.00349063 8.1398e-11 0.502204 0.00139451 0.486235 2.16028e-11 7.733e-08 8.68663e-05 
0.0036106 0.0223103 7.79538e-07 0.0450704 0.024135 0.75904 0.0454607 0.000768015 4.7335e-05 0.0168614 0.0826952 
0.00909905 0.00313801 2.49038e-07 0.00746447 4.34902e-10 0.676106 0.11422 0.10058 6.74121e-06 0.02532 0.0640652 
0.0968602 0.0482883 2.73724e-05 0.0939163 0.00010768 0.59278 0.0373637 0.00879864 0.0334791 0.0139556 0.0744235 
0.00156651 0.00537403 0.000552208 0.162378 6.9434e-09 0.791912 0.00145147 3.37515e-05 1.84276e-09 0.000688452 0.0360436 
0.00709819 0.213306 8.83118e-05 0.0085095 6.1522e-11 0.468792 0.0201439 6.9698e-05 0.00647031 0.000147741 0.275375 
0.0737484 0.222911 1.7871e-05 0.0450186 0.0173311 0.560884 0.00554991 0.0102379 0.000206442 0.0193987 0.0446966 
0.000595893 0.0150482 3.27748e-09 0.00055193 8.28419e-09 0.913829 0.0388522 0.0217325 3.5128e-06 6.63125e-05 0.00932063 
0.0131656 0.0361995 0.000197179 0.0218312 1.54828e-07 0.511489 0.021046 0.261687 0.00362516 0.00719243 0.123567 
0.0572394 0.0424624 2.89983e-05 0.0351081 0.000721314 0.524248 0.207154 0.0651437 8.95375e-05 0.00763407 0.0601697 
0.0594037 0.175664 1.60839e-05 0.0273182 7.93429e-11 0.456595 0.0100558 0.0121792 2.08404e-05 0.0168523 0.241895 
0.00437216 0.00517063 0.000838504 0.0127862 0.0162259 0.586296 0.044216 0.241385 8.06917e-05 0.00620195 0.0824269 
0.12401 0.142121 0.000789217 0.021807 1.3133e-07 0.366043 0.0147397 0.0162681 2.54287e-05 0.000826134 0.31337 
0.0349682 0.0426763 0.034657 0.0569643 0.00894486 0.633324 0.0552435 0.00900151 1.44844e-05 0.0321275 0.0920786 
0.00323992 0.00398173 0.00219767 0.00326743 9.90983e-08 0.946154 0.00802372 0.017613 6.37423e-06 0.00512976 0.0103866 
0.0260003 0.0080636 1.2202e-05 0.0282242 0.00479628 0.642798 0.168843 0.00977027 3.70065e-06 0.00667935 0.104809 
0.0396142 0.0156576 0.00704027 0.0863229 0.0380486 0.377518 0.0900682 0.00693532 0.000296644 0.0442272 0.294271 
0.0551259 0.0430943 6.03264e-05 0.0338819 2.28212e-05 0.752006 0.0134452 0.00444149 0.000147814 0.0177988 0.0799758 
0.0972605 0.144875 0.00023014 0.0317669 2.36448e-07 0.375721 0.014238 0.163583 2.87645e-05 0.157239 0.015057 
0.0138444 0.0474578 1.76431e-05 0.0253 2.14474e-07 0.515575 0.164102 0.125398 0.000489641 0.013624 0.0941902 
0.00167227 0.00179763 1.3011e-07 0.000576058 1.1875e-06 0.930608 0.0309932 0.00133757 2.34041e-05 0.000762258 0.0322286 
0.210043 0.0474295 4.39769e-05 0.113966 3.34296e-05 0.240756 0.156021 0.00103566 1.8048e-05 0.030638 0.200015 
0.00207885 0.00223851 1.61646e-09 0.000715993 9.29067e-07 0.9351 0.0169726 0.00166298 2.79839e-05 0.000947248 0.0402551 
0.00696786 0.000403156 4.26168e-06 0.000337971 5.66075e-07 0.932648 0.0155584 0.0113479 7.51174e-05 0.000241352 0.0324156 
0.019467 0.0644468 0.00356315 0.0339594 0.000575694 0.663325 0.0236896 0.0469681 0.000760876 0.0103566 0.132888 
0.0243283 0.0307075 0.000969851 0.0416955 0.000440234 0.557355 0.0942524 0.0392896 0.00387195 0.0280069 0.179083 
0.207922 0.171687 0.000141929 0.0375822 0.0770319 0.375518 0.0218451 3.07412e-05 6.13038e-05 0.00352528 0.104655 
0.09826 0.0287754 0.000317952 0.043067 2.12592e-07 0.641513 0.0350875 0.0169774 6.09643e-05 0.00571911 0.130221 
0.0107856 0.000463842 5.14282e-07 0.0028727 3.27626e-10 0.838382 0.0182126 0.0841082 6.92984e-05 0.000659777 0.0444452 
0.0145602 0.0185794 0.000402595 0.0300979 0.0028007 0.484597 0.259406 0.147622 6.27906e-06 0.0058689 0.0360581 
0.0716031 0.0860441 0.00116775 0.0755099 0.00415365 0.513511 0.054175 0.053095 0.0028936 0.0438471 0.0939999 
0.00198412 0.0362073 1.07772e-05 0.00908809 4.27022e-09 0.824898 0.00308506 0.0128466 3.43263e-05 0.00184286 0.110003 
0.0120307 0.218278 5.70313e-06 0.00625643 4.91519e-07 0.584284 0.0195165 0.0562471 0.000148019 0.00121924 0.102014 
0.155826 0.104144 0.000770209 0.0602116 5.23722e-05 0.345556 0.0844586 0.0297647 0.000499751 0.0147623 0.203954 
0.0160253 0.0263819 0.000791986 0.0387837 0.00294265 0.325365 0.0157914 0.000482566 0.197976 0.0547232 0.320736 
0.0110636 0.0160671 2.60264e-06 0.0894125 6.40217e-09 0.717392 0.0604546 0.051817 0.00284552 0.00174566 0.0491998 
0.0972894 0.0897092 1.89546e-05 0.110887 0.000189766 0.449978 0.0669599 0.0268067 0.000742211 0.0497474 0.107671 
0.0311403 0.0410228 0.000827335 0.0646689 0.00214821 0.496703 0.0656915 0.148959 0.00123381 0.0364899 0.111116 
0.0761428 0.072324 2.5855e-07 0.0164987 0.0013864 0.701144 0.0226129 0.0694838 0.000333008 0.00522651 0.0348473 
0.0230346 0.0382098 0.000534752 0.0359421 9.02666e-06 0.57402 0.0470458 0.218635 0.00733287 0.00225857 0.0529775 
0.012569 0.0592629 8.33335e-07 0.012125 2.33475e-10 0.478978 0.054452 0.30766 0.000210304 0.000828457 0.0739133 
0.0776324 0.14023 6.3537e-08 0.226382 0.00226334 0.357637 0.0311728 0.00397924 0.000163883 0.0446949 0.115845 
0.111911 0.00242752 1.24105e-07 0.0156789 2.86583e-11 0.821877 0.00855536 0.000101397 1.70654e-08 0.0218308 0.0176178 
0.0379732 0.0533662 0.0108991 0.073418 0.000582511 0.535376 0.0518763 0.093549 0.00164496 0.0168402 0.124475 
0.0126767 0.202914 1.34325e-05 0.0160284 1.85615e-07 0.46052 0.0218828 0.0295328 6.53674e-05 0.0018036 0.254563 
0.122657 0.0600734 0.000224986 0.0323114 8.02213e-09 0.448602 0.0191328 0.0150901 3.53389e-05 0.00417665 0.297697 
0.00709819 0.213306 8.83118e-05 0.0085095 6.1522e-11 0.468792 0.0201439 6.9698e-05 0.00647031 0.000147741 0.275375 
0.0177624 0.0930276 0.0134257 0.0307508 0.000123013 0.348646 0.0356403 0.310259 0.00187175 0.00532542 0.143168 
0.00940944 0.021911 0.00100968 0.0353522 7.64395e-05 0.698387 0.115028 0.0675514 0.00530797 0.0060282 0.0399384 
0.0907154 0.281647 5.49067e-06 0.00105721 1.54328e-08 0.420133 0.00486329 0.0441268 1.76743e-05 0.000564209 0.156871 
0.00218898 0.00187896 2.79086e-09 0.00138111 6.14019e-07 0.937525 0.0189663 0.00108859 1.83313e-05 0.00147098 0.0354814 
0.0170991 0.00396705 1.30568e-08 0.00447804 3.41215e-05 0.964882 0.00527786 0.000117404 2.40892e-07 0.00248614 0.00165821 
0.0200114 0.00467287 0.00183496 0.0222416 2.42761e-10 0.475431 0.309067 4.81587e-05 0.0009584 0.145871 0.0198635 
0.00560453 0.000149734 1.60327e-05 0.17905 4.71309e-06 0.809139 7.64769e-05 6.20562e-05 8.89867e-05 0.000615191 0.00519331 
0.0143109 0.113539 0.000707296 0.0208909 0.000231206 0.549396 0.0145324 0.255077 2.90153e-05 0.00287645 0.02841 
0.0131123 0.0305876 3.37244e-05 0.0158626 2.21563e-05 0.387176 0.0331807 0.240731 0.247125 0.00271394 0.0294559 
0.052699 0.0555611 0.000269001 0.0155906 9.36486e-08 0.469779 0.00680928 0.0768961 0.000248259 0.00204416 0.320103 
0.166897 0.00908643 0.0134864 0.167384 2.3072e-08 0.269634 0.205343 0.0376464 2.15112e-05 0.00955614 0.120945 
0.0190248 0.0201524 0.00043677 0.0151902 0.00108586 0.58261 0.0404839 0.264136 0.000194526 0.0106954 0.0459894 
0.0168728 0.0143447 0.000193995 0.0195849 5.06381e-05 0.491403 0.0427669 0.226667 5.46265e-05 0.0213577 0.166703 
0.00042703 0.010901 0.000171853 0.012859 8.22935e-05 0.85384 0.0615641 0.010428 0.00184912 0.0126555 0.0352217 
0.0248618 0.0415768 0.000665725 0.0622702 0.000269945 0.641904 0.052837 0.0286119 0.000866706 0.010683 0.135453 
0.00499438 0.0166437 2.915e-09 4.20527e-08 7.41917e-09 0.899586 0.0219345 0.0568363 4.23726e-06 1.84327e-08 7.02062e-07 
0.03741 0.0165703 2.53423e-06 0.00625126 1.01102e-06 0.713698 0.130519 0.032853 0.000566012 0.000871112 0.0612582 
0.0503156 0.100907 5.88574e-11 0.246177 2.23699e-08 0.266041 0.0978766 7.25424e-05 0.000102243 0.0838055 0.154702 
0.00963126 0.00179975 1.07476e-05 0.00176612 8.95844e-07 0.907002 0.0320219 0.0132728 8.22791e-05 0.00113501 0.0332771 
1.35538e-06 0.21172 2.34447e-10 0.0272625 2.46229e-05 0.391591 0.0314026 8.3699e-07 1.71916e-07 0.0142134 0.323784 
0.151526 0.137327 3.38553e-06 0.00888453 6.67221e-07 0.33613 0.00637343 0.271248 0.000176153 0.00174578 0.0865863 
0.022697 0.22579 1.16359e-05 0.0251782 7.9264e-08 0.419541 0.0355785 0.0162581 1.67142e-05 0.000418531 0.25451 
0.00207885 0.00223851 1.61646e-09 0.000715993 9.29067e-07 0.9351 0.0169726 0.00166298 2.79839e-05 0.000947248 0.0402551 
0.00696786 0.000403156 4.26168e-06 0.000337971 5.66075e-07 0.932648 0.0155584 0.0113479 7.51174e-05 0.000241352 0.0324156 
0.000801946 0.000707878 3.56598e-08 5.61413e-05 3.46758e-06 0.803292 0.0048177 0.133632 4.80067e-06 0.0561481 0.000536012 
0.0554162 0.0491077 0.000755205 0.0603199 0.00143485 0.566033 0.0568838 0.0768122 0.000674024 0.022421 0.110142 
0.00648113 0.0294276 0.0013501 0.101221 0.0420402 0.355642 0.280239 0.00837242 0.000102178 0.0156261 0.159498 
0.0586363 0.220938 1.58912e-05 0.0373869 2.46676e-06 0.399558 0.0737027 0.0217824 9.10616e-05 0.0079817 0.179905 
0.0808144 0.3124 1.16722e-05 0.0149567 0.000105851 0.349192 0.00822465 0.0337327 0.000186916 0.000286493 0.200088 
0.000372602 0.0164074 1.87152e-10 0.00485019 4.06699e-07 0.467848 0.149354 7.3154e-06 7.58774e-08 0.0291911 0.331969 
0.00609406 0.000850476 0.000418385 0.0136413 8.23585e-07 0.89141 0.0359831 0.0116402 1.46777e-06 0.00297399 0.0369864 
0.00322122 0.0138855 0.000123411 0.0206268 1.79596e-10 0.852889 0.045302 0.00384767 1.13602e-05 0.000584666 0.0595083 
0.0075492 0.0431627 0.00410519 0.0633255 0.000411274 0.66575 0.111862 0.0134613 0.00992584 0.00649697 0.0739493 
0.0746057 0.0592993 4.21675e-05 0.00145883 1.47953e-07 0.744418 0.00118028 2.44778e-05 1.01544e-05 0.000307975 0.118653 
0.224045 0.00997658 7.38025e-05 0.00947778 3.43867e-08 0.532105 0.00189263 0.153231 4.70761e-09 0.0249058 0.0442923 
0.00752898 0.00401736 0.00179657 0.014753 0.022442 0.567604 0.0495941 0.19101 7.22832e-05 0.00727005 0.133912 
0.0962055 0.189968 0.00275453 0.0876525 1.34973e-08 0.216966 0.17199 0.000407388 0.0028327 0.0325813 0.198642 
0.0855524 0.23971 0.000250721 0.085009 0.00132326 0.241963 0.11459 0.00015817 0.000481522 0.103775 0.127188 
0.00218898 0.00187896 2.79086e-09 0.00138111 6.14019e-07 0.937525 0.0189663 0.00108859 1.83313e-05 0.00147098 0.0354814 
0.113521 0.100039 0.000329501 0.00643277 7.32509e-05 0.448232 0.0802958 0.0580431 0.000491912 0.0146269 0.177915 
0.0458677 0.0300468 5.32033e-05 0.323188 0.00372864 0.328044 0.108607 0.0297417 0.0085985 0.00712173 0.115003 
0.1993 0.000151107 0.00137402 0.000139043 2.21259e-05 0.798763 8.66562e-05 3.42322e-10 1.76702e-05 1.50305e-05 0.000131841 
0.0138108 0.158423 0.000520719 0.014847 9.33335e-05 0.381303 0.100403 0.126589 0.000201931 0.020411 0.183398 
0.00406988 0.0104728 0.000869956 0.0134915 0.00134011 0.647324 0.0979484 0.173866 0.000214804 0.00405435 0.0463479 
0.000255179 0.140884 9.36144e-12 0.00477172 1.23123e-11 0.847394 0.000493258 9.70296e-05 3.1777e-05 0.00149087 0.00458184 
0.0113393 0.0312092 1.92176e-05 0.000421113 4.96877e-07 0.946296 0.0025334 7.51573e-05 0.00108047 0.000470822 0.00655448 
0.00528895 8.83545e-05 4.74647e-05 4.29457e-05 6.37275e-07 0.992 0.00140191 0.00015143 0.000128409 6.13604e-05 0.000788293 
0.0834797 0.06617 1.04645e-05 0.0113373 6.23028e-06 0.710703 0.038956 0.0201522 0.00015809 0.00163732 0.0673896 
0.0216859 0.048606 0.000214961 0.0139345 0.00586664 0.642782 0.0316943 0.0751213 0.000151642 0.00329361 0.156649 
0.00287564 0.0173176 0.000961457 0.0435622 0.00023477 0.790072 0.0507772 0.0341118 0.00116859 0.00939921 0.0495198 
0.0623832 0.032009 3.29082e-05 0.0489505 7.23005e-07 0.752028 0.0347334 0.0404799 0.000482881 0.00768656 0.0212131 
0.00043088 0.00298752 4.79909e-08 0.0155979 0.00876321 0.462438 0.0403485 0.0501503 1.04343e-05 0.39705 0.0222227 
0.0414896 0.0543794 0.00236785 0.0673145 3.1895e-05 0.728164 0.025957 0.014456 0.000109724 0.00625403 0.0594757 
0.00218898 0.00187896 2.79086e-09 0.00138111 6.14019e-07 0.937525 0.0189663 0.00108859 1.83313e-05 0.00147098 0.0354814 
0.0151229 0.136636 0.000403153 0.00403115 6.78624e-07 0.473572 0.0298755 0.0359242 0.000413733 0.107765 0.196256 
0.0024439 0.0211751 6.38234e-05 0.00579531 0.000511835 0.362008 0.120512 0.0187641 2.44543e-05 0.225761 0.24294 
0.000255179 0.140884 9.36144e-12 0.00477172 1.23123e-11 0.847394 0.000493258 9.70296e-05 3.1777e-05 0.00149087 0.00458184 
0.334946 0.0259102 0.000151884 0.102108 0.000135945 0.454785 0.0427774 0.00231151 7.31858e-06 0.00469169 0.032175 
8.25388e-05 0.00487213 3.32893e-06 0.000881647 3.33752e-07 0.581555 0.00626579 0.381516 0.000127248 2.0887e-05 0.024675 
0.000243174 0.00612766 2.53643e-05 0.000143699 1.83267e-05 0.762525 0.173024 0.0489753 4.30492e-06 0.000990547 0.0079224 
0.0219455 1.42282e-05 7.34987e-08 7.20726e-05 5.67897e-09 0.973607 0.00131502 5.5552e-05 0.000163332 0.00114153 0.00168599 
0.0584594 0.0297853 0.00502649 0.0701685 1.01142e-05 0.635181 0.0404604 0.0626457 0.00255614 0.040251 0.0554561 
0.00746733 0.00254055 4.20825e-10 0.000576595 1.06796e-09 0.462563 0.0329671 0.454536 1.01661e-05 0.00739831 0.0319404 
0.0645323 0.0448365 0.00137423 0.0451546 7.70408e-05 0.627896 0.0720733 0.0450123 0.00260966 0.0177836 0.0786506 
0.0308764 0.00813551 5.74512e-06 0.00193596 2.81619e-06 0.798614 0.0899583 0.0117917 1.66167e-05 0.00206268 0.0566004 
0.00379755 0.0498034 0.000381787 0.00468582 6.14553e-06 0.879234 0.0192352 0.0352416 1.51973e-06 0.000503037 0.00710974 
0.0103291 0.032595 5.17403e-06 0.040592 6.82793e-05 0.835909 0.00467303 0.0239664 0.0130302 0.00670329 0.0321289 
8.53478e-05 0.0534138 3.04318e-06 0.0152537 1.45487e-05 0.748074 0.0750109 0.0110832 0.000238398 0.019777 0.0770461 
0.0965432 0.107038 0.000186954 0.0728505 0.00181864 0.434445 0.0535792 0.0456138 0.000414317 0.0132958 0.174214 
0.00207885 0.00223851 1.61646e-09 0.000715993 9.29067e-07 0.9351 0.0169726 0.00166298 2.79839e-05 0.000947248 0.0402551 
0.00696786 0.000403156 4.26168e-06 0.000337971 5.66075e-07 0.932648 0.0155584 0.0113479 7.51174e-05 0.000241352 0.0324156 
0.0440006 0.147804 0.000147345 0.0571922 3.77426e-05 0.358315 0.0698255 0.0415231 0.00027741 0.0638051 0.217072 
0.0447402 0.00394756 1.17261e-05 0.181094 2.30989e-08 0.365831 0.036515 0.110236 4.39603e-06 0.0099265 0.247693 
0.0673354 0.0617238 0.00304772 0.0982807 0.00105955 0.580284 0.0556914 0.0137555 7.21146e-05 0.0354764 0.0832739 
0.0220465 0.0103536 7.75901e-07 0.0480659 1.67609e-06 0.527193 0.0644673 0.0277598 4.75255e-08 0.0297129 0.270398 
0.00940944 0.021911 0.00100968 0.0353522 7.64395e-05 0.698387 0.115028 0.0675514 0.00530797 0.0060282 0.0399384 
0.0481879 0.0198616 2.43765e-07 0.176311 1.11569e-05 0.37644 0.0518283 0.00488574 6.86543e-05 0.0064099 0.315995 
0.0221976 5.28575e-05 3.87861e-07 0.000528312 2.94722e-07 0.907339 0.00105712 0.0341958 3.29025e-11 0.00202102 0.0326079 
0.0349243 0.042215 0.000233629 0.0283861 9.69103e-06 0.463799 0.055153 0.265342 0.000205023 0.00792617 0.101807 
0.00854547 0.000477935 5.32548e-06 0.000422461 7.07233e-07 0.916077 0.019448 0.0141099 9.15216e-05 0.000301687 0.0405195 
0.00600417 0.168895 2.31989e-05 0.136101 6.81719e-11 0.373717 0.12114 0.0100185 0.000549876 0.00911297 0.174438 
0.0401798 0.16146 0.00329004 0.040107 0.000537452 0.443057 0.0818688 0.0581367 0.000125439 0.0302458 0.140992 
0.000967454 0.000388409 3.16072e-08 0.00217988 2.29836e-11 0.904359 0.00126062 0.0886801 1.68541e-05 0.00178187 0.000365439 
0.000255179 0.140884 9.36144e-12 0.00477172 1.23123e-11 0.847394 0.000493258 9.70296e-05 3.1777e-05 0.00149087 0.00458184 
0.0880278 0.0250265 0.0606052 0.0271 1.36035e-05 0.456041 0.1688 0.0359197 0.000509578 0.0374123 0.100544 
0.00696786 0.000403156 4.26168e-06 0.000337971 5.66075e-07 0.932648 0.0155584 0.0113479 7.51174e-05 0.000241352 0.0324156 
0.00310508 0.0653281 5.55139e-05 0.00362019 1.94903e-05 0.432369 0.03353 0.366489 0.0002109 0.05006 0.0452123 
0.0411809 0.131555 9.10458e-05 0.0950816 0.00320308 0.311296 0.137068 0.0147853 0.00178551 0.033851 0.230102 
0.102261 0.0486901 3.14555e-05 0.0364844 4.98959e-05 0.618343 0.0391624 0.075445 1.83037e-05 0.00481593 0.0746981 
0.0289062 0.0398621 0.000463085 0.0726483 0.0110853 0.595688 0.0721499 0.0269649 0.00798379 0.0274373 0.116811 
0.0743484 0.199428 0.000128883 0.0155973 1.29191e-06 0.456034 0.0105011 1.53631e-05 4.10935e-06 0.0474796 0.196462 
0.00107616 0.00345587 8.68981e-05 0.0560723 1.97392e-08 0.747114 0.0118531 0.0861463 3.00255e-06 0.000333961 0.0938584 
0.0822186 0.0137264 1.48823e-07 0.046786 1.95734e-07 0.820683 0.0124566 8.95783e-05 1.79354e-06 0.00811481 0.0159226 
0.183442 0.142494 0.000130428 0.0361641 3.6036e-06 0.386122 0.0191763 0.0018314 3.16501e-05 0.0001193 0.230486 
0.00181557 0.010471 1.06914e-10 0.00890142 0.000175191 0.864564 0.021738 0.000838902 0.000116421 0.0703617 0.0210177 
0.00696786 0.000403156 4.26168e-06 0.000337971 5.66075e-07 0.932648 0.0155584 0.0113479 7.51174e-05 0.000241352 0.0324156 
0.000355684 0.000355724 0.000355492 0.000355742 0.000355405 0.996443 0.000355742 0.000355713 0.000355675 0.000355713 0.000355754 
0.00929862 0.247592 1.95914e-10 0.00205001 4.19156e-07 0.515058 0.00789045 0.214738 8.60599e-05 4.25794e-05 0.00324444 
0.00410078 0.00355159 3.66608e-05 0.0233337 0.00125865 0.891575 0.00925714 0.0178027 0.000589218 0.011806 0.036689 
0.11576 0.0282303 0.00100383 0.00316407 1.07835e-05 0.718679 0.0108112 0.0969245 0.000232871 0.00154908 0.023634 
0.0122784 0.0877252 0.00509059 0.00816605 5.2087e-08 0.457304 0.0380026 0.16199 0.000405175 0.129119 0.0999194 
0.00696786 0.000403156 4.26168e-06 0.000337971 5.66075e-07 0.932648 0.0155584 0.0113479 7.51174e-05 0.000241352 0.0324156 
0.0178777 0.0137957 7.79093e-05 0.0204697 1.15897e-05 0.599909 0.0783977 0.164895 2.05499e-05 0.0320657 0.0724794 
0.123619 0.0525 8.39622e-09 0.0108446 0.00513745 0.735261 0.00815828 0.0135575 2.76021e-06 0.00809095 0.0428282 
0.0265866 0.204169 5.98677e-06 0.0455639 0.000752396 0.364808 0.221671 0.0421837 0.00110471 0.00801112 0.0851433 
0.0403419 0.0497558 1.84129e-06 0.0387953 0.000976505 0.471684 0.0148124 0.015727 0.000160149 0.00538031 0.362364 
0.000992782 0.00327639 1.00292e-09 0.0041968 3.02547e-07 0.965458 0.00895366 0.000274878 2.09748e-05 0.00109761 0.0157291 
0.16238 0.119715 2.38366e-05 0.166371 0.00112452 0.328255 0.0532498 0.0163005 4.81913e-05 0.0111422 0.141391 
0.0887096 0.0183571 0.000267242 0.0384369 0.000761743 0.590489 0.0930859 0.0493608 0.000546605 0.0305071 0.0894785 
0.00696786 0.000403156 4.26168e-06 0.000337971 5.66075e-07 0.932648 0.0155584 0.0113479 7.51174e-05 0.000241352 0.0324156 
0.00670885 0.0385107 9.51992e-07 0.0578156 0.000130851 0.762469 0.00782466 0.00647151 0.0001215 0.00377879 0.116167 
0.00696786 0.000403156 4.26168e-06 0.000337971 5.66075e-07 0.932648 0.0155584 0.0113479 7.51174e-05 0.000241352 0.0324156 
8.25388e-05 0.00487213 3.32893e-06 0.000881647 3.33752e-07 0.581555 0.00626579 0.381516 0.000127248 2.0887e-05 0.024675 
0.37633 0.00982368 5.78402e-06 0.0273651 1.55832e-06 0.422509 0.062947 0.0111105 3.5726e-05 0.000827802 0.0890433 
0.0173924 0.00798593 8.37397e-11 0.0152954 0.000398528 0.868841 0.01247 0.0317311 3.25363e-05 0.0293464 0.0165065 
0.011416 0.0353785 4.31448e-05 0.118781 1.27384e-07 0.552297 0.0851326 0.0127595 4.30348e-05 0.000936505 0.183213 
0.0984911 0.0209106 2.90713e-07 0.186046 1.08463e-06 0.249755 0.165435 0.060408 4.62694e-05 0.0138046 0.205102 
0.140752 0.21353 0.0146089 0.0208708 0.00182336 0.277155 0.0646602 0.00327242 0.000161172 0.0342438 0.228922 
0.000255179 0.140884 9.36144e-12 0.00477172 1.23123e-11 0.847394 0.000493258 9.70296e-05 3.1777e-05 0.00149087 0.00458184 
0.144352 0.0833463 5.06203e-08 0.0111821 9.62523e-07 0.459508 0.0185717 0.0799793 0.00013263 0.000706246 0.202221 
0.0036462 0.140196 1.51662e-07 0.00254407 6.59543e-11 0.734695 0.0432707 0.00361878 2.80299e-08 0.000146781 0.0718824 
0.169672 0.00482478 1.22176e-05 0.0100266 1.44493e-08 0.751863 0.0138749 0.000188121 4.27086e-05 0.0022535 0.0472419 
0.00956261 0.00335523 0.000216349 0.00355256 0.00162129 0.86691 0.0222688 0.0420873 0.000145468 0.00669543 0.0435854 
0.0305182 0.0237902 0.00018476 0.0529331 0.00267957 0.583412 0.0848465 0.111974 0.000377501 0.0288748 0.080409 
0.0334753 0.0024372 0.0405615 0.0420602 0.00132769 0.657906 0.0763488 0.00259526 0.00280008 0.126146 0.0143419 
0.0458674 0.00577242 1.44182e-05 0.0104711 7.94696e-06 0.391663 0.373677 0.0682394 0.00324936 0.015055 0.0859838 
0.0274348 0.0296044 6.04128e-05 0.0315357 0.000361813 0.541735 0.148782 0.018423 0.000476188 0.11073 0.0908571 
0.0332381 0.0605081 0.000234242 0.0165211 7.18911e-06 0.536355 0.0493009 0.191037 4.99305e-05 0.029926 0.0828225 
0.0846906 0.107366 5.35322e-08 0.0310977 5.34435e-08 0.477867 0.0288883 0.079586 0.000121869 0.00284111 0.187541 
0.000419246 0.0751805 5.75155e-10 0.00208978 4.67379e-07 0.688736 0.00728391 0.204238 0.00330972 4.10784e-05 0.018701 
0.00314695 0.00629253 6.32246e-05 0.0778588 3.3588e-08 0.771077 0.0244302 0.0182321 3.64331e-05 0.0292227 0.0696402 
0.0239611 0.298055 1.32857e-06 6.60908e-05 3.97797e-07 0.56482 0.00262807 0.0108245 0.00085695 0.0231289 0.0756581 
0.000685054 0.00013355 9.64281e-05 0.000171752 0.00789333 0.974731 0.00105397 0.00497249 3.02312e-06 8.03467e-06 0.0102512 
0.00696786 0.000403156 4.26168e-06 0.000337971 5.66075e-07 0.932648 0.0155584 0.0113479 7.51174e-05 0.000241352 0.0324156 
