0.0515935 0.207571 5.80973e-06 0.14778 0.000451652 0.128997 0.408549 0.000353938 5.45371e-06 0.014031 0.0406616 
0.0139215 0.184977 0.00676779 0.0907551 0.00237489 0.0600558 0.303198 0.0117217 0.0766043 0.00262 0.247004 
0.00487883 0.0108184 2.5464e-05 0.0103511 1.10566e-09 0.0213069 0.609848 0.0347478 9.38517e-05 0.0596656 0.248264 
0.0103546 0.000814391 0.000280115 0.030162 2.95616e-07 0.0436213 0.840737 0.00878495 0.0068635 0.0051104 0.0532711 
1.37774e-05 4.6633e-06 3.77249e-06 1.78912e-05 3.62233e-09 2.09783e-06 0.448963 5.99716e-10 9.61355e-10 0.223941 0.327053 
0.000336697 0.00217776 2.78936e-07 0.00367903 2.27194e-06 0.0338948 0.77271 0.00248165 5.13861e-06 0.00496089 0.179751 
0.0235748 0.0326488 0.00100352 0.00623983 1.1914e-08 0.0771418 0.49704 0.0132673 2.6951e-05 0.00805825 0.340998 
0.00177606 0.129435 0.000217198 0.207061 5.53328e-06 0.0437121 0.377622 0.123575 0.00129267 0.0390551 0.0762492 
0.0056133 0.0175839 2.5092e-06 0.0121291 0.000531243 0.0271725 0.744847 0.0159075 5.63121e-05 0.00676248 0.169394 
0.0289482 0.0372438 0.00345661 0.000733936 2.06267e-08 0.178759 0.490144 0.0479137 2.4842e-05 0.0134825 0.199293 
0.000308075 0.0608545 0.000903676 0.034983 5.07777e-05 0.0273766 0.747878 0.00951353 0.0555874 0.0104065 0.0521384 
0.0352363 0.0203338 4.79405e-05 0.0772694 0.000522053 0.103874 0.364839 0.0200814 0.00053243 0.054532 0.322731 
0.000343979 0.151069 0.00442111 0.139281 0.000741761 0.0115131 0.475855 0.00436989 0.0124788 0.118064 0.0818636 
0.00389198 0.012581 0.000420537 0.0180177 8.4344e-05 0.0328611 0.801951 0.0359743 0.0307788 0.00178297 0.0616561 
0.0553524 0.00670564 8.53299e-05 0.0459239 2.81832e-05 0.0817189 0.332977 0.00969877 6.45033e-05 0.156537 0.310909 
0.000845977 0.000944114 4.83131e-06 0.030986 7.04081e-09 0.00615685 0.616361 0.0173806 1.02518e-05 0.23124 0.0960705 
0.0178604 0.164932 0.00117823 0.122913 0.000101226 0.0250879 0.433875 0.182861 0.0111988 0.00477043 0.0352219 
0.00205044 0.00139395 4.0629e-06 0.00126646 7.75966e-10 0.0550448 0.838138 0.0265208 3.06696e-05 0.00222401 0.0733265 
0.00240869 0.000585772 0.000202411 0.0140448 1.03129e-08 0.0437688 0.821988 8.70854e-06 0.0498963 0.00578117 0.061315 
0.0295743 0.0184159 5.76046e-05 0.271019 8.42634e-05 0.117521 0.283988 0.0166245 0.00145655 0.070383 0.190875 
0.000142211 0.00200891 0.000112755 0.0492822 1.76907e-06 0.00985246 0.900786 0.00228508 0.000456586 0.0048162 0.0302553 
0.0298841 0.00861903 6.36116e-07 0.0476526 1.1264e-09 0.0696143 0.41226 0.142252 5.56414e-05 0.0205953 0.269066 
0.0137405 0.0259927 1.86936e-05 0.236776 2.24597e-06 0.0332172 0.376915 0.012179 0.000110628 0.0198834 0.281165 
0.00377118 0.018693 9.62945e-05 0.0266268 0.00235386 0.243878 0.407589 0.0393175 9.84627e-05 0.124676 0.1329 
0.00487562 0.0416801 0.00832401 0.206282 0.00166777 0.163976 0.309326 0.0210642 0.00563489 0.0423791 0.194789 
0.0802118 0.143615 0.000135274 0.0659876 2.20125e-05 0.0125935 0.448697 0.202438 0.00673936 0.00115478 0.0384058 
0.00205044 0.00139395 4.0629e-06 0.00126646 7.75966e-10 0.0550448 0.838138 0.0265208 3.06696e-05 0.00222401 0.0733265 
0.0752507 0.00575964 7.42677e-07 0.0454336 8.17116e-07 0.14101 0.605572 2.11293e-05 6.9319e-05 0.0310347 0.0958466 
0.000898652 0.0119308 0.00013855 0.0161963 4.36636e-08 0.0119789 0.713792 0.0175397 0.000120915 0.0894276 0.137976 
0.000640158 0.00852296 0.000355486 0.0201006 5.19042e-10 0.0153365 0.930939 0.00429115 0.00177628 0.0024113 0.0156267 
3.35603e-07 0.137387 2.44425e-05 7.6769e-06 2.33193e-07 1.01271e-05 0.841958 1.74398e-06 0.0206067 1.25117e-06 1.98053e-06 
0.0304034 0.14607 0.00854339 0.208293 7.56717e-06 0.077582 0.270899 0.0136966 0.00716208 0.0245342 0.212809 
0.00743612 0.131298 0.0037152 0.159082 0.000294148 0.130065 0.333753 0.000819959 0.0539195 0.0402603 0.139357 
8.04122e-06 0.0129829 0.00136649 0.0635602 5.62024e-06 0.0180495 0.893414 0.00293802 0.000922279 0.00168355 0.00506928 
0.0198984 0.289393 0.0853438 0.0704306 0.00305559 0.0117583 0.296237 0.00457191 0.0983754 0.0208449 0.10009 
0.00705586 0.0440465 5.20444e-06 0.0187342 5.05393e-10 0.0873413 0.573466 0.00058224 0.000313486 0.00164983 0.266805 
0.00608675 0.00217724 7.2074e-05 0.103948 2.64359e-11 0.045675 0.428947 0.000604133 0.000282761 0.223955 0.188253 
0.0289482 0.0372438 0.00345661 0.000733936 2.06267e-08 0.178759 0.490144 0.0479137 2.4842e-05 0.0134825 0.199293 
3.35603e-07 0.137387 2.44425e-05 7.6769e-06 2.33193e-07 1.01271e-05 0.841958 1.74398e-06 0.0206067 1.25117e-06 1.98053e-06 
0.000760693 0.000563143 7.24222e-06 0.000177482 4.7698e-06 0.0555936 0.889422 0.00412432 9.57171e-06 0.000211879 0.0491251 
0.00102383 0.214114 0.00244536 0.0418835 0.0003917 0.0828905 0.336075 0.00659699 0.00808584 0.00960366 0.29689 
0.00662196 0.00152016 3.10425e-07 0.00169742 1.38857e-11 0.00256951 0.781318 4.66258e-08 1.47621e-09 0.0139729 0.1923 
0.00102383 0.214114 0.00244536 0.0418835 0.0003917 0.0828905 0.336075 0.00659699 0.00808584 0.00960366 0.29689 
0.00043798 0.0108737 0.000164118 0.0302853 0.00233218 0.0963276 0.66263 0.00486507 0.00533383 0.0328007 0.153949 
0.0729129 0.0321447 0.000317199 0.0660491 7.59838e-05 0.189888 0.408941 0.0093594 0.0153038 0.0222865 0.182722 
0.0412508 0.00933604 6.41899e-07 0.131189 0.000255949 0.215677 0.406249 0.0124949 0.000211049 0.0265143 0.156821 
0.0384295 0.0202282 0.00114355 0.0391603 4.49651e-05 0.135364 0.381716 0.0226015 0.000124509 0.068201 0.292986 
0.0634718 0.00414395 6.97683e-09 0.158873 1.82132e-11 0.106075 0.420559 0.000127724 2.15257e-05 0.0159571 0.23077 
0.0366921 0.0135567 3.16907e-05 0.0394675 4.70549e-07 0.0668083 0.437087 0.0119932 9.819e-05 0.0635755 0.33069 
0.0127328 0.0138884 0.000322884 0.0119856 1.17202e-07 0.0531696 0.762545 0.00146586 0.00171183 0.00462875 0.137549 
0.0824699 0.0105674 0.000215307 0.0360306 2.20461e-06 0.0925252 0.702506 3.01147e-05 0.0129256 0.00200747 0.0607202 
0.000541487 0.00205147 1.90293e-06 0.00890463 3.89538e-09 0.00795995 0.837317 0.00229426 4.99812e-05 0.0119585 0.128921 
0.168439 0.0024672 0.00017189 0.00772082 0.00410655 0.0244559 0.613314 0.000862488 0.000790975 0.00231705 0.175354 
0.0013855 0.00533884 0.00217985 0.022712 3.77737e-08 0.0153396 0.531201 0.0450923 3.6243e-05 0.107328 0.269386 
0.000471642 0.00271985 5.84344e-06 0.00198744 7.55863e-05 0.0256626 0.722742 0.00570914 1.6163e-05 0.00615138 0.234459 
0.00236493 0.00405186 0.000176837 0.06833 0.0110598 0.0824497 0.570524 0.0209544 0.00332346 0.0763897 0.160376 
0.000238955 0.013246 0.00220583 0.037338 4.24019e-05 0.00704102 0.547056 0.00273199 0.36625 0.00490064 0.0189483 
0.00800004 0.00732337 7.34637e-06 0.00476573 2.85739e-12 0.016034 0.720833 0.0124476 4.94366e-05 0.0617201 0.168819 
0.0390628 0.0288323 0.000210658 0.0604971 5.4094e-05 0.0885714 0.371964 0.0645047 0.0151782 0.0391266 0.291999 
0.000612634 0.000705289 1.29647e-06 0.00212361 1.22026e-12 0.0106652 0.852053 0.0062827 2.45175e-05 0.00436074 0.123171 
0.00246125 0.0118089 1.71505e-05 0.0230157 1.22448e-06 0.0234222 0.78162 0.0122917 6.22042e-05 0.00544129 0.139858 
0.0203959 0.0239777 5.56737e-05 0.179679 0.000211198 0.0899654 0.403434 0.000951778 8.98184e-05 0.016157 0.265082 
0.00155782 0.00992386 9.07044e-07 0.00402296 8.97534e-05 0.0269152 0.86189 0.01383 3.08079e-05 0.00483955 0.0768988 
0.00878574 0.0113802 6.36425e-05 0.037275 0.000126564 0.309374 0.553327 0.0456886 0.00168456 0.0138696 0.018425 
0.0486741 0.0346896 8.40654e-05 0.177838 9.34062e-06 0.10672 0.250528 0.00106386 0.000282479 0.173094 0.207017 
0.0189949 0.00215482 1.15194e-07 0.056439 3.43623e-08 0.0451413 0.586664 0.0144813 2.236e-05 0.0114647 0.264637 
0.00364883 0.0359763 0.000465405 0.182175 1.12523e-05 0.00898369 0.516273 0.0291841 1.55823e-05 0.0713983 0.151869 
0.00478438 0.255913 0.000249734 0.00752901 1.30762e-05 0.0453313 0.405229 0.00532485 0.000459407 0.0290355 0.246131 
0.00205044 0.00139395 4.0629e-06 0.00126646 7.75966e-10 0.0550448 0.838138 0.0265208 3.06696e-05 0.00222401 0.0733265 
0.000600054 0.13279 8.1564e-06 0.0222935 6.80041e-10 0.00676876 0.81576 0.00148253 0.00080336 0.00165843 0.0178352 
0.0117645 0.000442179 1.51898e-11 0.0957337 1.79625e-08 0.0258913 0.756147 3.30754e-12 8.18055e-06 0.0357593 0.074254 
0.000633418 0.0422406 0.00304495 0.105448 0.000200855 0.0155125 0.712738 0.0056939 0.0730568 0.00555729 0.0358746 
0.0428727 0.00280535 3.33167e-05 0.376826 9.78363e-07 0.00556111 0.437263 0.000155305 1.31711e-05 0.0161939 0.118275 
0.0287919 0.0948586 0.00510342 0.29113 0.000183698 0.0414267 0.295246 0.0335289 0.0472245 0.033957 0.128549 
0.000823531 0.0522325 0.000464122 0.34078 7.98173e-05 0.0386384 0.412973 0.00555923 0.0234216 0.00862206 0.116406 
0.00586435 0.00958446 0.000107653 0.0274749 1.39988e-05 0.0151812 0.790725 0.00217274 6.49902e-05 0.0149261 0.133884 
0.0254317 0.0694355 0.00273808 0.059799 0.00032133 0.055712 0.500352 0.0121319 0.000528938 0.0225266 0.251023 
0.0096953 0.000739588 9.65129e-06 0.169156 3.92254e-05 0.0382151 0.521713 0.005253 2.72585e-05 0.0608649 0.194287 
0.000509337 0.0166137 0.00344141 0.0361988 2.7716e-05 0.0101015 0.878028 0.00365217 0.0285014 0.00458565 0.0183403 
0.0192755 0.00953713 2.53856e-06 0.0348923 2.74915e-09 0.0262313 0.574668 0.00274031 3.25753e-05 0.00157748 0.331043 
0.040681 0.00921999 0.000169136 0.247763 0.00119129 0.0479768 0.432166 0.0106691 0.00301776 0.0509003 0.156246 
0.0289482 0.0372438 0.00345661 0.000733936 2.06267e-08 0.178759 0.490144 0.0479137 2.4842e-05 0.0134825 0.199293 
0.000640158 0.00852296 0.000355486 0.0201006 5.19042e-10 0.0153365 0.930939 0.00429115 0.00177628 0.0024113 0.0156267 
0.000295958 0.00836956 7.45612e-05 0.0250903 0.000971806 0.0427188 0.79678 0.00220444 0.00716063 0.0204784 0.0958557 
0.00182581 0.0146151 8.81483e-05 0.0270895 0.000533543 0.0764694 0.740696 0.0157275 0.0149056 0.0238083 0.0842415 
0.000379906 0.0047845 2.50397e-05 0.073776 5.44454e-08 0.00505359 0.585266 0.000577072 0.0661257 0.0126172 0.251395 
0.00227997 0.137215 0.0150753 0.0341972 0.000511209 0.0258727 0.466592 0.00473011 0.0263133 0.255531 0.0316816 
0.021646 0.0249824 0.00413011 0.155549 0.00125413 0.0488653 0.309605 0.00830298 0.00617303 0.137064 0.282428 
0.151818 0.0498715 0.000182008 0.0523945 0.00017016 0.104401 0.348073 0.00179932 0.000433456 0.10449 0.186367 
0.0016836 0.0103406 2.47573e-05 0.109002 3.12102e-11 0.00462271 0.836927 0.000934195 0.000342243 0.0110375 0.0250853 
0.00576043 0.0274308 5.35169e-05 0.0296988 2.29837e-09 0.0517084 0.725507 0.0891688 0.000710417 0.0324674 0.0374947 
0.00314377 0.0758237 1.06383e-09 0.00729985 1.39916e-09 0.0887916 0.76182 0.00177472 1.26902e-05 0.052707 0.00862671 
0.0195313 0.0321552 0.000148145 0.0251712 5.07654e-08 0.168226 0.666472 0.00191501 0.000685228 0.00322395 0.0824719 
0.00370515 0.0134944 7.28944e-10 0.0117864 6.20182e-08 0.136689 0.572739 0.00242008 7.11663e-05 0.00345453 0.25564 
0.0167177 0.0427676 1.28589e-06 0.032785 6.88733e-06 0.0845907 0.575401 0.020072 0.000250962 0.0157772 0.21163 
0.0441884 0.197365 9.58488e-05 0.0543285 0.000278414 0.14319 0.23884 0.0107249 0.0397768 0.0384226 0.232788 
0.105557 0.0495208 9.21215e-05 0.0362225 2.60527e-05 0.122634 0.298405 0.0240915 0.00738142 0.0671463 0.288924 
0.0346308 0.110598 4.49084e-06 0.0197192 9.48988e-05 0.107982 0.500407 0.015322 0.000115307 0.0164083 0.194717 
0.00821061 0.0104829 0.00595681 0.0889927 5.5588e-06 0.068091 0.362642 0.0224893 5.37012e-05 0.170966 0.262109 
4.94349e-06 0.00448521 0.000287972 0.0248713 2.59179e-06 0.00959566 0.948479 0.000416889 0.00235428 0.000444089 0.00905768 
0.00519095 0.000314771 1.47972e-07 0.243365 4.90941e-09 0.0982281 0.425297 5.67241e-05 3.46189e-05 0.0256324 0.201881 
0.00419816 0.0094501 3.31016e-05 0.0141138 3.8721e-05 0.187186 0.387386 0.0652022 0.000938732 0.045346 0.286108 
0.0289482 0.0372438 0.00345661 0.000733936 2.06267e-08 0.178759 0.490144 0.0479137 2.4842e-05 0.0134825 0.199293 
0.0741657 0.0237096 1.27896e-06 0.065802 3.83787e-06 0.092649 0.469651 0.00109313 1.35081e-05 0.00520931 0.267702 
0.000205535 0.00291667 4.59932e-05 0.10311 2.00233e-06 0.0171174 0.846226 0.000328636 0.00122723 0.00738881 0.0214315 
0.0167842 0.0209808 4.29044e-07 0.1511 1.123e-06 0.089824 0.608722 0.0043936 0.000777485 0.0112514 0.096165 
0.0360253 0.00105351 6.55241e-05 0.27797 8.6213e-08 0.0476994 0.317694 2.9161e-05 0.000110304 0.0576008 0.261751 
0.000537856 0.00228921 1.0259e-06 0.00353547 2.26821e-06 0.0456364 0.76814 0.0247562 1.64442e-05 0.00317613 0.151909 
0.0050619 0.18653 0.00233974 0.0866094 0.000518884 0.061878 0.552589 0.00259661 0.0191812 0.00692767 0.0757675 
0.00353839 0.0493726 0.000351028 0.262613 0.00048992 0.0113813 0.462716 0.0118582 0.0301102 0.0169827 0.150587 
0.0305858 0.0199646 0.000124701 0.0210387 4.11756e-05 0.124716 0.36007 0.0687548 0.000145419 0.0396942 0.334865 
0.0056133 0.0175839 2.5092e-06 0.0121291 0.000531243 0.0271725 0.744847 0.0159075 5.63121e-05 0.00676248 0.169394 
0.00629294 0.0357938 0.000173635 0.1123 6.53709e-05 0.0267533 0.584542 0.0199317 0.0125269 0.00747577 0.194145 
0.0191307 0.036219 0.00125429 0.00206306 9.19733e-09 0.0928304 0.464395 0.016584 3.36818e-05 0.00968812 0.357802 
0.00269685 0.00397426 0.000305642 0.0447543 5.86667e-05 0.0412378 0.525842 0.0571174 5.52238e-05 0.0592659 0.264692 
0.00495029 0.0550549 1.06557e-06 0.0192693 0.00229643 0.0565097 0.542802 0.0313111 0.000176397 0.0118372 0.275792 
0.0100992 0.00221376 0.00159047 0.0107941 0.0490807 0.208997 0.52581 0.0299362 1.73932e-05 0.122509 0.0389526 
0.00547812 0.0381322 1.48844e-05 0.0143285 1.23549e-07 0.030135 0.640261 0.0411444 0.000116596 0.0826123 0.147777 
2.09738e-05 0.0322626 0.000991751 0.039466 6.556e-08 0.0172868 0.86456 0.000993255 0.0328833 0.00132619 0.0102096 
0.000898652 0.0119308 0.00013855 0.0161963 4.36636e-08 0.0119789 0.713792 0.0175397 0.000120915 0.0894276 0.137976 
0.00318116 0.000210756 1.99684e-05 0.00314901 1.09382e-10 0.00696415 0.637558 0.00094347 0.000131377 0.0206299 0.327213 
0.00101988 0.000747317 5.18538e-06 0.0123575 3.32964e-07 0.0150421 0.929477 0.00641573 9.08963e-05 0.00077099 0.0340733 
8.04122e-06 0.0129829 0.00136649 0.0635602 5.62024e-06 0.0180495 0.893414 0.00293802 0.000922279 0.00168355 0.00506928 
0.000471642 0.00271985 5.84344e-06 0.00198744 7.55863e-05 0.0256626 0.722742 0.00570914 1.6163e-05 0.00615138 0.234459 
8.3476e-05 0.0608078 0.00081899 0.0489438 2.70482e-05 0.00901719 0.729813 0.0831407 0.0243265 0.0123909 0.0306306 
0.0493129 0.0506009 0.000383036 0.119239 6.75873e-06 0.213003 0.34002 0.0571082 0.0134943 0.0308303 0.126002 
0.0135944 0.182394 0.000944694 0.0496978 0.000237565 0.075344 0.344098 0.0314437 0.0378748 0.0809112 0.18346 
0.0503929 0.018854 0.000104517 0.0950399 0.0130098 0.164156 0.377082 4.84048e-05 0.000174474 0.0986686 0.18247 
0.0056133 0.0175839 2.5092e-06 0.0121291 0.000531243 0.0271725 0.744847 0.0159075 5.63121e-05 0.00676248 0.169394 
0.0269372 0.0113397 2.41112e-06 0.0183889 0.00024934 0.0213798 0.52254 0.0241603 3.30849e-05 0.234343 0.140627 
2.09684e-05 0.00336374 0.00014723 0.0224114 1.84368e-06 0.00523366 0.956976 0.000305412 0.00174519 0.000379674 0.00941474 
0.00155782 0.00992386 9.07044e-07 0.00402296 8.97534e-05 0.0269152 0.86189 0.01383 3.08079e-05 0.00483955 0.0768988 
0.00244136 0.0122071 1.10176e-05 0.0341883 2.47715e-06 0.028362 0.741186 0.00878311 4.03077e-05 0.00790412 0.164875 
0.00478983 0.0146834 0.000207159 0.0131811 4.74503e-08 0.0473412 0.6701 0.0209973 0.00317555 0.0461251 0.179399 
2.09684e-05 0.00336374 0.00014723 0.0224114 1.84368e-06 0.00523366 0.956976 0.000305412 0.00174519 0.000379674 0.00941474 
0.190598 0.035981 0.000128566 0.164801 0.000187206 0.216009 0.221514 0.020175 0.00450836 0.0501626 0.0959355 
0.00218083 0.00240007 1.08998e-05 0.00287359 1.81284e-05 0.0559091 0.752044 0.020675 4.4648e-05 0.028746 0.135098 
0.0198132 0.0126034 6.30212e-07 0.0268244 0.000182993 0.125791 0.518887 0.0020298 4.99928e-05 0.0136752 0.280142 
0.0100459 0.0402124 0.00141682 0.139363 0.000293119 0.083465 0.622662 0.000131492 0.00026836 0.0680005 0.0341409 
0.0103816 0.002767 5.65873e-05 0.091186 2.50353e-07 0.0193537 0.754527 0.00506283 7.07578e-05 0.00730052 0.109293 
0.00346896 0.0627535 0.000220216 0.0339767 4.50065e-05 0.0145651 0.685583 0.140897 0.00113983 0.00825975 0.0490904 
0.00118307 0.0753093 0.000191975 0.0354311 9.36529e-05 0.00435552 0.705414 0.162929 0.00309159 0.00351431 0.00848629 
3.35603e-07 0.137387 2.44425e-05 7.6769e-06 2.33193e-07 1.01271e-05 0.841958 1.74398e-06 0.0206067 1.25117e-06 1.98053e-06 
0.00155782 0.00992386 9.07044e-07 0.00402296 8.97534e-05 0.0269152 0.86189 0.01383 3.08079e-05 0.00483955 0.0768988 
0.029601 0.192647 6.63811e-06 0.0183558 0.000562261 0.149727 0.333789 0.00842625 4.59901e-05 0.0846345 0.182205 
0.0462446 0.0171858 6.21825e-05 0.0332007 1.09789e-12 0.0241582 0.541259 0.000907576 0.000764253 0.000719502 0.335499 
5.36573e-06 0.0086554 0.000911165 0.0610872 3.75557e-06 0.0130959 0.889159 0.00195878 0.000614896 0.0021899 0.0223185 
0.0456609 0.0291508 9.01884e-07 0.203699 9.01665e-07 0.0214811 0.445664 9.02444e-07 9.02349e-07 0.00451314 0.249827 
0.00146445 0.000425935 3.18056e-07 0.00535317 4.3929e-12 0.028995 0.740691 1.40472e-05 1.66491e-05 0.00109618 0.221943 
0.00436497 0.284668 0.113012 0.0230542 3.12238e-05 0.0154051 0.438058 0.00390363 0.032364 0.00788082 0.0772576 
0.00155782 0.00992386 9.07044e-07 0.00402296 8.97534e-05 0.0269152 0.86189 0.01383 3.08079e-05 0.00483955 0.0768988 
0.00221228 0.0142062 1.26504e-05 0.0135233 2.78463e-06 0.022166 0.738448 0.0118223 0.000160204 0.00503246 0.192414 
3.35603e-07 0.137387 2.44425e-05 7.6769e-06 2.33193e-07 1.01271e-05 0.841958 1.74398e-06 0.0206067 1.25117e-06 1.98053e-06 
0.000962461 0.00246516 6.84407e-06 0.00562989 6.49472e-07 0.0285477 0.726018 0.0526835 2.65851e-05 0.000890844 0.182768 
0.0292345 0.0047902 3.3984e-05 0.00508061 6.64136e-09 0.095783 0.588621 0.00837526 5.8053e-05 0.0180648 0.249958 
0.00576043 0.0274308 5.35169e-05 0.0296988 2.29837e-09 0.0517084 0.725507 0.0891688 0.000710417 0.0324674 0.0374947 
0.0201511 0.00337111 0.000328054 0.0662871 0.000257862 0.0738227 0.677685 0.0132087 0.0042056 0.00804406 0.132639 
0.00378561 0.338616 4.55098e-06 0.0483588 1.31244e-09 0.0799588 0.454857 0.00279361 0.00066057 0.0168059 0.0541595 
0.00883437 0.0242497 0.000227026 0.0155217 0.0009308 0.192358 0.582737 0.0148968 0.000147039 0.0914161 0.068681 
0.00182581 0.0146151 8.81483e-05 0.0270895 0.000533543 0.0764694 0.740696 0.0157275 0.0149056 0.0238083 0.0842415 
0.00919221 0.123205 0.00106575 0.0589898 0.000101516 0.0189699 0.556552 0.00179781 0.146644 0.00885456 0.074627 
0.0228152 0.0588829 0.000150631 0.21433 8.79387e-05 0.0449203 0.265446 0.0167341 0.00150262 0.120643 0.254487 
0.020792 0.120077 6.6067e-05 0.221053 0.00528535 0.0179781 0.377587 0.00403983 0.000788484 0.0386977 0.193635 
0.000253308 0.0445134 0.00220538 0.0617852 5.48338e-05 0.0234664 0.787274 0.0055806 0.0377437 0.00802489 0.0290984 
0.00293993 0.00364729 0.000327419 0.0573115 0.000174949 0.0869453 0.542927 0.0270331 0.00681591 0.0887067 0.183171 
4.25961e-08 0.00150052 1.74532e-09 0.01153 6.8804e-12 0.0234695 0.886714 8.76002e-07 0.000514323 0.00193856 0.074332 
0.00155782 0.00992386 9.07044e-07 0.00402296 8.97534e-05 0.0269152 0.86189 0.01383 3.08079e-05 0.00483955 0.0768988 
0.00110192 0.000654961 3.93233e-07 0.00205355 5.65734e-06 0.0303141 0.696783 0.00682956 1.44491e-06 0.000708335 0.261547 
0.00161671 0.0197066 4.62931e-05 0.0156593 0.00690407 0.0541981 0.50874 0.0589562 7.82946e-05 0.03291 0.301184 
0.0462446 0.0171858 6.21825e-05 0.0332007 1.09789e-12 0.0241582 0.541259 0.000907576 0.000764253 0.000719502 0.335499 
0.0082633 0.110676 4.2625e-05 0.223698 0.00197286 0.0780182 0.23367 0.00746798 0.000212459 0.112742 0.223236 
0.000336697 0.00217776 2.78936e-07 0.00367903 2.27194e-06 0.0338948 0.77271 0.00248165 5.13861e-06 0.00496089 0.179751 
0.00949494 0.00431729 0.00214595 0.0627917 0.0499297 0.161633 0.558161 0.00118115 0.000963595 0.120815 0.0285664 
0.0181448 0.000564976 7.39639e-06 0.113965 2.68082e-11 0.0413456 0.762737 4.56344e-07 2.6384e-05 0.0158578 0.0473506 
0.00038533 0.0150118 1.32694e-06 0.00383852 5.6331e-06 0.0487085 0.509511 0.0663227 4.33259e-05 0.0380444 0.318127 
0.00710253 0.0291626 6.31797e-06 0.0331109 9.18546e-06 0.0366189 0.734363 0.00340354 0.0912961 0.00426226 0.0606643 
0.0229168 0.0539951 0.00216065 0.0848861 0.00123699 0.0642096 0.41944 0.0196131 0.00212554 0.0370018 0.292414 
0.116221 0.0270945 0.000265478 0.0372622 0.00018652 0.0402547 0.410663 0.035322 0.00935776 0.106198 0.217175 
1.16021e-06 0.00758668 1.19185e-09 0.00294546 1.56754e-09 0.042536 0.902064 0.00450847 9.32167e-05 0.0402651 2.86848e-07 
0.00269412 0.0561964 0.000217594 0.0665476 9.1209e-06 0.0348734 0.655691 0.0351031 0.00238119 0.00965127 0.136636 
0.00622499 0.00705064 1.91823e-05 0.235435 0.000130444 0.0615275 0.366042 0.0231277 9.56749e-05 0.0239336 0.276413 
0.00444957 0.00134833 2.92679e-06 0.000904775 5.75536e-09 0.039319 0.877407 0.018945 2.19491e-05 0.00188909 0.0557123 
0.014899 0.00363178 0.00125817 0.00303076 1.16894e-07 0.052323 0.532742 3.17687e-05 3.82207e-05 0.152731 0.239314 
0.0020238 0.0134937 0.000875586 0.0324741 0.000101415 0.0909217 0.806263 0.0156948 0.0150273 0.00885201 0.0142726 
7.9088e-05 0.00303943 0.000120266 0.0406908 3.40442e-08 0.083164 0.862553 0.000334365 0.00173676 0.00465706 0.00362524 
0.000471642 0.00271985 5.84344e-06 0.00198744 7.55863e-05 0.0256626 0.722742 0.00570914 1.6163e-05 0.00615138 0.234459 
0.000297956 0.0860471 0.00150177 0.061536 0.000166534 0.0264 0.658362 0.00856586 0.0870932 0.00394091 0.0660884 
0.00155782 0.00992386 9.07044e-07 0.00402296 8.97534e-05 0.0269152 0.86189 0.01383 3.08079e-05 0.00483955 0.0768988 
2.1508e-06 0.00300112 8.45155e-06 0.0910594 9.80527e-11 0.000211403 0.748146 0.000131219 0.000232986 0.0403871 0.11682 
1.62275e-07 0.053301 0.00560846 0.0388873 0.000445964 0.00243971 0.642169 0.0163839 0.228613 0.00161937 0.0105323 
0.192341 0.00205972 6.78824e-06 0.0136555 2.83671e-07 0.0590425 0.391981 4.79155e-05 3.08404e-05 0.00235032 0.338484 
0.0056133 0.0175839 2.5092e-06 0.0121291 0.000531243 0.0271725 0.744847 0.0159075 5.63121e-05 0.00676248 0.169394 
0.000951503 0.0117916 3.5178e-05 0.0417873 1.96352e-07 0.0339783 0.741892 0.0193081 2.22577e-05 0.0213254 0.128908 
4.25961e-08 0.00150052 1.74532e-09 0.01153 6.8804e-12 0.0234695 0.886714 8.76002e-07 0.000514323 0.00193856 0.074332 
0.00459376 0.0280163 0.000159296 0.0278202 1.60892e-07 0.0420995 0.768022 0.070123 0.00101507 0.0240483 0.0341023 
7.11016e-06 0.109086 0.000858232 0.029334 4.87142e-05 0.00267965 0.78881 0.00386786 0.0583128 0.000713904 0.00628169 
0.00596248 0.0165103 1.18777e-06 0.408112 2.03719e-07 0.00231897 0.46161 4.91972e-05 3.06704e-06 0.0345035 0.0709291 
0.00691037 0.0396816 2.76672e-05 0.259806 1.39681e-06 0.0128842 0.398811 0.00211728 1.49737e-05 0.13427 0.145475 
0.000297956 0.0860471 0.00150177 0.061536 0.000166534 0.0264 0.658362 0.00856586 0.0870932 0.00394091 0.0660884 
0.000541487 0.00205147 1.90293e-06 0.00890463 3.89538e-09 0.00795995 0.837317 0.00229426 4.99812e-05 0.0119585 0.128921 
2.00663e-05 0.0189487 0.00226124 0.0310653 6.5594e-06 0.00646428 0.89124 0.00160613 0.0167673 0.00195672 0.0296641 
0.154671 0.00131677 0.000591347 0.203184 3.63195e-09 0.015897 0.468152 9.97304e-06 8.14771e-07 0.00114695 0.15503 
0.000147962 0.0129584 0.00332856 0.0372131 4.23188e-05 0.00742607 0.890484 0.00121841 0.0285025 0.00273592 0.0159432 
0.168565 0.270874 0.00657014 0.0629976 2.87296e-05 0.0035111 0.365808 0.0271821 0.0709567 0.000735949 0.0227703 
0.0042084 0.0289874 0.00127375 0.0621269 4.92432e-05 0.0584433 0.532662 0.0215876 0.00282111 0.102137 0.185704 
0.00221627 0.0395775 0.229542 0.0868127 0.00122593 0.0493462 0.526791 0.00154781 0.0212956 0.00830158 0.0333428 
0.00307274 0.0429159 0.0110067 0.0105629 0.000118251 0.0232616 0.44252 9.89896e-05 4.92719e-05 0.123107 0.343287 
0.0048186 0.00397218 1.37336e-05 0.0246783 4.01267e-05 0.0256726 0.564443 0.0148993 7.08671e-05 0.10916 0.252231 
0.00576043 0.0274308 5.35169e-05 0.0296988 2.29837e-09 0.0517084 0.725507 0.0891688 0.000710417 0.0324674 0.0374947 
0.0109216 0.00537964 3.37325e-07 0.00909067 4.18487e-05 0.0324829 0.723812 7.10407e-05 2.60483e-05 0.11972 0.0984541 
0.021935 0.0312448 0.000321574 0.0857141 0.000287138 0.0272475 0.406457 0.0114166 0.00368692 0.0206033 0.391086 
0.00182581 0.0146151 8.81483e-05 0.0270895 0.000533543 0.0764694 0.740696 0.0157275 0.0149056 0.0238083 0.0842415 
0.00119248 0.00242818 2.02049e-05 0.00707578 5.7771e-09 0.0230363 0.607382 0.00214956 2.77153e-05 0.00216825 0.354519 
0.00205044 0.00139395 4.0629e-06 0.00126646 7.75966e-10 0.0550448 0.838138 0.0265208 3.06696e-05 0.00222401 0.0733265 
8.04122e-06 0.0129829 0.00136649 0.0635602 5.62024e-06 0.0180495 0.893414 0.00293802 0.000922279 0.00168355 0.00506928 
0.167858 0.0137753 5.57519e-05 0.0632593 0.000984208 0.234354 0.315631 0.00708427 0.00465419 0.0271861 0.165157 
0.0798171 0.0784001 0.000826113 0.0936083 8.85886e-06 0.017077 0.466471 7.9913e-05 0.00264169 0.0834432 0.177627 
1.11041e-06 1.11053e-06 1.10981e-06 0.105507 1.10954e-06 0.0104407 0.440793 1.1105e-06 1.11038e-06 0.0155481 0.427705 
0.000291208 0.000632515 4.68316e-10 0.0700116 6.15935e-10 0.00783704 0.432828 0.000213939 0.000101524 0.115518 0.372566 
0.0100942 0.0109097 5.64189e-05 0.0102963 2.19871e-07 0.0965853 0.741386 0.0091291 0.00650001 0.0223755 0.0926676 
0.00240869 0.000585772 0.000202411 0.0140448 1.03129e-08 0.0437688 0.821988 8.70854e-06 0.0498963 0.00578117 0.061315 
0.00220425 0.00769771 0.000290279 0.0158317 2.14631e-09 0.0218756 0.928163 0.0037531 0.000920612 0.00213373 0.0171302 
0.0125875 0.0266093 1.42053e-05 0.0319089 0.000188366 0.0976899 0.584661 0.0175989 3.25756e-05 0.0197436 0.208966 
0.00119983 0.0935727 4.93658e-05 0.0243369 0.000263643 0.00921884 0.499407 0.237381 0.00064315 0.0475861 0.086341 
0.0394501 0.0806478 0.000699631 0.00225654 2.72154e-07 0.0911595 0.641129 0.0111183 1.65949e-06 0.0166261 0.116911 
0.0119363 0.0396107 0.000185736 0.116269 2.58646e-05 0.0312677 0.363543 0.0253808 0.0149597 0.0564901 0.340331 
0.00671177 0.0862544 0.000528093 0.029584 9.24753e-05 0.0275513 0.590012 0.131698 0.0021991 0.0122381 0.11313 
3.35603e-07 0.137387 2.44425e-05 7.6769e-06 2.33193e-07 1.01271e-05 0.841958 1.74398e-06 0.0206067 1.25117e-06 1.98053e-06 
0.264452 0.0554175 3.5484e-05 0.0530614 3.16881e-05 0.0865003 0.328229 0.0104839 0.000407195 0.0167252 0.184656 
2.50163e-05 0.0129627 0.00024766 0.0284572 3.1499e-08 0.0154006 0.933525 0.000193115 0.00276072 0.000265714 0.00616199 
0.0158658 0.0818532 0.0120418 0.221374 0.0006778 0.0613419 0.303399 0.016986 0.0329046 0.0652487 0.188308 
0.00395236 0.023668 1.60052e-05 0.0472244 4.13279e-05 0.0181337 0.534539 0.000635842 6.14854e-05 0.0259634 0.345764 
0.0298712 0.0201302 5.23896e-05 0.00853268 5.00425e-06 0.062671 0.655655 0.0195544 0.00810556 0.0271383 0.168285 
0.00570114 0.0498476 9.83499e-06 0.0518752 1.16288e-09 0.00129247 0.465657 1.21794e-07 2.61413e-06 0.251499 0.174115 
0.00216145 0.00470569 0.000221014 0.0490443 0.000400167 0.0737024 0.609159 0.0261928 0.00405781 0.0570576 0.173298 
0.116335 0.091833 0.00529866 0.0707891 0.000325658 0.012843 0.39054 0.00606422 0.0141561 0.00939063 0.282425 
0.0493703 0.0691512 0.000533739 0.0365272 8.88565e-05 0.0912487 0.422261 0.0207909 0.0068451 0.0515333 0.251649 
0.00026728 0.0752782 1.86741e-06 0.00258127 0.42261 0.00985559 0.423467 0.0233969 0.00389959 0.00235552 0.0362865 
0.003108 0.0011945 2.58541e-07 0.0194226 0.114255 0.116832 0.496246 0.0055618 3.09942e-07 1.84212e-05 0.243361 
3.35603e-07 0.137387 2.44425e-05 7.6769e-06 2.33193e-07 1.01271e-05 0.841958 1.74398e-06 0.0206067 1.25117e-06 1.98053e-06 
0.338351 0.0234589 0.000530194 0.0310036 0.000962821 0.0327441 0.39658 0.00741925 0.00615803 0.000473733 0.162319 
0.027272 0.00619482 0.000760516 0.031308 0.00132504 0.0628178 0.55937 0.00840086 0.000448255 0.0186425 0.28346 
0.00165964 0.0110546 0.000788422 0.0275754 5.65253e-05 0.00999343 0.555149 0.00450439 7.72116e-05 0.157744 0.231397 
0.00380389 0.00152292 1.29322e-05 0.00252672 3.20508e-08 0.0154256 0.722834 0.0429762 2.76015e-06 0.0745914 0.136304 
0.000640158 0.00852296 0.000355486 0.0201006 5.19042e-10 0.0153365 0.930939 0.00429115 0.00177628 0.0024113 0.0156267 
0.00228649 0.00425414 0.000676292 0.185401 1.57272e-08 0.050636 0.373737 0.000842085 0.000141399 0.146249 0.235776 
0.00576043 0.0274308 5.35169e-05 0.0296988 2.29837e-09 0.0517084 0.725507 0.0891688 0.000710417 0.0324674 0.0374947 
0.00013848 0.0252978 4.02793e-05 0.0233029 0.000180351 0.0155155 0.732113 0.00186102 0.000292775 0.0279885 0.173269 
0.00569801 0.0353647 6.87418e-06 0.0150519 4.82289e-08 0.0699701 0.658236 0.000477273 0.000262312 0.00134205 0.213591 
0.0758333 0.024376 1.70781e-05 0.0275281 7.96413e-07 0.0736703 0.458077 0.00464028 2.37776e-05 0.170733 0.1651 
0.00576043 0.0274308 5.35169e-05 0.0296988 2.29837e-09 0.0517084 0.725507 0.0891688 0.000710417 0.0324674 0.0374947 
0.000297956 0.0860471 0.00150177 0.061536 0.000166534 0.0264 0.658362 0.00856586 0.0870932 0.00394091 0.0660884 
4.25961e-08 0.00150052 1.74532e-09 0.01153 6.8804e-12 0.0234695 0.886714 8.76002e-07 0.000514323 0.00193856 0.074332 
0.175235 0.014957 4.19325e-05 0.0278671 0.00108476 0.0887146 0.472022 0.0372243 1.00855e-05 0.0188775 0.163966 
0.000640158 0.00852296 0.000355486 0.0201006 5.19042e-10 0.0153365 0.930939 0.00429115 0.00177628 0.0024113 0.0156267 
0.0177318 0.0627387 8.80738e-05 0.0720974 0.00142279 0.0973708 0.468391 0.00987191 0.00470674 0.026887 0.238694 
0.0164934 0.000695672 1.85603e-05 0.0648155 2.08844e-07 0.0278867 0.3795 0.000327837 4.34659e-06 0.332425 0.177832 
0.000670556 0.00185982 1.14077e-05 0.00605925 6.06936e-07 0.0378911 0.775939 0.00923363 4.39353e-05 0.0915986 0.0766917 
2.364e-05 0.00732687 0.000281924 0.0162606 1.40081e-07 0.00940919 0.899086 0.000616953 0.000173295 0.00133169 0.0654899 
0.0217934 0.0095984 1.17461e-06 0.0757207 1.27778e-07 0.0626612 0.655671 3.51294e-05 0.000115379 0.0517211 0.122682 
0.000463348 0.00825825 6.19876e-06 0.0010275 8.1527e-06 0.147331 0.8429 1.34977e-06 2.1637e-06 1.31405e-06 3.91332e-07 
0.00599269 0.0558614 0.000475628 0.22048 4.55064e-05 0.0593173 0.283777 0.0506917 0.0656753 0.063491 0.194192 
0.000194415 0.0204965 0.00399387 0.0455845 6.53804e-05 0.00686306 0.845515 0.00191606 0.0533993 0.00488925 0.0170823 
0.00294505 0.0472524 0.0011766 0.180832 0.00359235 0.04281 0.453661 0.0257295 0.0545961 0.0107688 0.176636 
5.56026e-05 0.00139032 6.93046e-06 0.00299466 0.000305271 0.000588002 0.805992 0.00255637 1.03201e-05 0.107584 0.078516 
0.00617708 0.0468219 5.92044e-05 0.0505928 1.69865e-05 0.016301 0.533993 0.0158168 4.97049e-05 0.045367 0.284805 
0.00747114 0.00656511 6.34922e-05 0.0994593 0.00587649 0.0283444 0.387564 0.00732672 4.38816e-05 0.22604 0.231245 
6.98894e-05 0.0232787 0.000770597 0.032111 4.78781e-08 0.0216997 0.873858 0.00627273 0.024487 0.00418141 0.0132712 
2.25449e-08 0.0318081 3.9203e-08 0.0169296 4.52244e-12 0.00017998 0.94908 0.000137833 0.000708821 0.000207623 0.000947811 
0.00147019 0.0362697 0.000698308 0.117066 8.95021e-05 0.034177 0.676673 0.00367426 0.0158755 0.0154302 0.0985764 
0.0198984 0.289393 0.0853438 0.0704306 0.00305559 0.0117583 0.296237 0.00457191 0.0983754 0.0208449 0.10009 
0.0100372 0.0314967 0.000120644 0.0338151 0.000178935 0.0534034 0.437301 0.0186951 0.000187778 0.0934991 0.321266 
0.00413339 0.182145 2.55047e-05 0.0263303 9.94608e-05 0.00608581 0.587276 0.008769 0.00271888 0.0274301 0.154986 
0.000222945 0.0249427 0.00393373 0.0745834 8.38408e-06 0.0142004 0.772073 0.0509882 0.0234494 0.00329779 0.0322998 
0.0191307 0.036219 0.00125429 0.00206306 9.19733e-09 0.0928304 0.464395 0.016584 3.36818e-05 0.00968812 0.357802 
0.101697 0.0195303 9.16145e-09 0.00952226 1.00298e-07 0.173107 0.680703 1.15272e-05 0.000741192 0.000863134 0.013824 
0.0106853 0.19387 0.000228993 0.183424 4.09913e-05 0.0184384 0.469233 0.0115642 0.072584 0.00487288 0.0350575 
0.0167609 0.042543 0.0138642 0.0702831 0.00427436 0.0435706 0.391471 0.0120632 0.000342405 0.0480805 0.356747 
0.0101671 0.0700885 0.000634921 0.0443271 1.14506e-05 0.0176212 0.469021 0.21706 0.00403336 0.0100391 0.156996 
0.000474992 0.000555088 5.19597e-07 0.00240778 1.83078e-09 0.00574171 0.782 0.00251314 1.62276e-05 0.00293413 0.203357 
0.00205044 0.00139395 4.0629e-06 0.00126646 7.75966e-10 0.0550448 0.838138 0.0265208 3.06696e-05 0.00222401 0.0733265 
0.000212678 0.0520634 1.89527e-05 0.00957083 2.0312e-06 0.00888605 0.823561 0.0169983 0.00081617 0.00885716 0.0790132 
0.0155425 0.0240325 1.03645e-05 0.00713623 2.75721e-09 0.0532322 0.634962 0.0298483 6.97941e-05 0.0301909 0.204975 
0.00015476 0.0129201 0.00162671 0.0220041 3.57189e-06 0.00886321 0.911317 0.00439379 0.0245238 0.0036583 0.0105347 
0.0456609 0.0291508 9.01884e-07 0.203699 9.01665e-07 0.0214811 0.445664 9.02444e-07 9.02349e-07 0.00451314 0.249827 
0.000297679 0.0770653 0.00190041 0.0353769 5.34914e-06 0.00971731 0.836738 0.00290952 0.0133072 0.00200145 0.0206807 
0.00817823 0.0676876 0.00157543 0.0366728 8.13932e-05 0.0587415 0.646866 0.1252 0.0160465 0.00653013 0.03242 
0.00155782 0.00992386 9.07044e-07 0.00402296 8.97534e-05 0.0269152 0.86189 0.01383 3.08079e-05 0.00483955 0.0768988 
0.0207164 0.100697 1.06923e-05 0.217071 1.50614e-05 0.038057 0.431177 0.0180824 0.00102808 0.0473708 0.125775 
0.0718673 0.13655 7.43351e-06 0.196052 7.97339e-08 0.107834 0.390687 0.00251579 0.00269577 0.00651686 0.0852746 
0.00530204 0.0204634 0.00036723 0.0579747 3.57813e-05 0.018705 0.691001 0.00378412 7.26827e-05 0.012011 0.190283 
0.00205044 0.00139395 4.0629e-06 0.00126646 7.75966e-10 0.0550448 0.838138 0.0265208 3.06696e-05 0.00222401 0.0733265 
0.00137957 0.00849455 4.89188e-08 0.0691755 1.88197e-05 0.0800525 0.439807 6.32135e-07 3.09124e-05 6.20742e-06 0.401034 
0.0235748 0.0326488 0.00100352 0.00623983 1.1914e-08 0.0771418 0.49704 0.0132673 2.6951e-05 0.00805825 0.340998 
0.0312184 0.0712047 1.14418e-05 0.00597958 2.15597e-10 0.136953 0.421731 0.000285118 4.12661e-05 0.00417658 0.3284 
0.00146265 0.121551 6.5077e-06 0.246518 9.82862e-05 0.00395596 0.492581 0.000276231 0.0155601 0.00444176 0.113549 
0.0202541 0.133273 1.05619e-06 0.155156 0.00324579 0.131431 0.26044 0.0793326 0.000110806 0.022176 0.19458 
0.00359395 0.00742585 1.89167e-06 0.00791193 5.00474e-10 0.0278269 0.584348 0.000584212 1.21218e-05 0.000986472 0.367309 
0.0200325 0.0548883 1.31254e-05 0.018913 4.97929e-09 0.0155909 0.644769 0.00029069 9.52517e-05 0.0103895 0.235018 
0.000541487 0.00205147 1.90293e-06 0.00890463 3.89538e-09 0.00795995 0.837317 0.00229426 4.99812e-05 0.0119585 0.128921 
0.0484672 0.0270649 7.41426e-05 0.0394557 0.000155874 0.0852056 0.470522 0.0276642 9.82329e-05 0.0947102 0.206582 
0.00544925 0.0138886 0.00173343 0.0312216 0.000147882 0.0649806 0.440963 0.0349468 6.00386e-05 0.102008 0.304601 
0.00304842 0.000561225 1.8997e-06 0.00426366 2.34706e-05 0.0693555 0.702781 0.00211744 2.4413e-05 0.0516834 0.166139 
0.00209974 0.00160134 7.63912e-06 0.0181327 0.000255915 0.0298347 0.736979 0.0269059 6.83586e-05 0.114069 0.0700454 
3.35603e-07 0.137387 2.44425e-05 7.6769e-06 2.33193e-07 1.01271e-05 0.841958 1.74398e-06 0.0206067 1.25117e-06 1.98053e-06 
0.0941039 0.21515 0.000542477 0.066699 1.61472e-05 0.0856429 0.304414 0.07929 0.0242013 0.0323751 0.0975653 
6.14495e-05 0.00160168 9.60296e-06 0.003346 0.000549786 0.00115238 0.795562 0.00428519 1.09874e-05 0.112546 0.0808745 
0.00150345 0.00298812 2.37758e-05 0.0287945 0.000230465 0.0147235 0.771326 6.08283e-05 0.000206363 0.029364 0.150779 
0.00723228 0.00192105 9.41481e-05 0.0391081 8.52009e-05 0.0377693 0.69207 0.000168867 4.47747e-05 0.00135863 0.220147 
2.09684e-05 0.00336374 0.00014723 0.0224114 1.84368e-06 0.00523366 0.956976 0.000305412 0.00174519 0.000379674 0.00941474 
0.0515979 0.00475008 2.28843e-05 0.0240161 0.000277877 0.159137 0.267091 0.00271746 3.18793e-05 0.252549 0.237809 
0.003892 0.000315629 1.30609e-09 0.00569568 4.23773e-09 0.00273212 0.595548 7.02238e-06 7.32846e-12 9.49793e-05 0.391715 
0.000202974 0.00220785 6.16952e-06 0.290515 5.57327e-05 0.000590476 0.594437 0.00176361 0.0286391 0.0173828 0.0641987 
0.000640158 0.00852296 0.000355486 0.0201006 5.19042e-10 0.0153365 0.930939 0.00429115 0.00177628 0.0024113 0.0156267 
0.0112605 0.0508848 4.66467e-06 0.013444 1.27591e-05 0.114342 0.544325 0.0202453 0.000162221 0.00439557 0.240923 
1.09629e-05 0.00506152 5.14393e-05 0.00114874 1.33952e-08 0.00181578 0.856261 0.0173088 4.94127e-05 0.026348 0.0919439 
0.00205044 0.00139395 4.0629e-06 0.00126646 7.75966e-10 0.0550448 0.838138 0.0265208 3.06696e-05 0.00222401 0.0733265 
0.0187857 0.055161 3.61954e-05 0.0940002 1.13031e-07 0.0817993 0.267917 0.00656163 0.248521 0.144748 0.0824704 
0.000367589 0.000782212 7.78574e-07 0.00231535 2.13134e-09 0.00671062 0.871144 0.00376966 2.43391e-05 0.00308411 0.111801 
0.00679741 0.0776961 0.000834059 0.0250433 0.000245303 0.0297883 0.688205 0.0938567 0.0199513 0.02529 0.0322926 
0.0098806 0.0406858 1.70605e-05 0.104323 1.70825e-07 0.0280252 0.594295 0.000624236 0.00019395 0.0851147 0.13684 
0.1548 0.00191859 9.04782e-05 0.131835 5.20581e-09 0.201659 0.288624 0.000697366 0.000128667 0.042082 0.178165 
0.000982221 0.0086178 0.000262032 0.0651088 3.49778e-06 0.0127059 0.825969 0.00270845 0.000854149 0.00991861 0.07287 
0.000367589 0.000782212 7.78574e-07 0.00231535 2.13134e-09 0.00671062 0.871144 0.00376966 2.43391e-05 0.00308411 0.111801 
0.0195313 0.0321552 0.000148145 0.0251712 5.07654e-08 0.168226 0.666472 0.00191501 0.000685228 0.00322395 0.0824719 
0.0056133 0.0175839 2.5092e-06 0.0121291 0.000531243 0.0271725 0.744847 0.0159075 5.63121e-05 0.00676248 0.169394 
0.0307171 0.00890197 6.75557e-06 0.0995823 3.82085e-12 0.00924425 0.552112 0.00864258 3.76967e-05 0.0666333 0.224122 
0.00710202 0.054132 0.00246178 0.143213 0.000315514 0.047251 0.438757 0.0177189 0.0186195 0.0118659 0.258564 
0.0056133 0.0175839 2.5092e-06 0.0121291 0.000531243 0.0271725 0.744847 0.0159075 5.63121e-05 0.00676248 0.169394 
0.0660108 0.166594 0.000161345 0.00741565 2.73844e-06 0.0391883 0.451423 0.0551526 0.0015133 0.0219072 0.190631 
0.0161253 0.118959 2.61374e-06 0.0101968 1.69683e-05 0.10422 0.657855 0.00267929 4.39102e-05 0.039819 0.0500822 
0.0088602 0.0411787 4.84874e-05 0.0167086 0.000207555 0.058288 0.525362 0.0139509 0.000312991 0.0174738 0.317609 
0.000625574 0.0908262 0.000132178 0.084488 3.52668e-05 0.0403413 0.346108 0.131849 0.0247094 0.0935924 0.187292 
0.00280419 0.000633259 6.61748e-07 0.0819426 9.35506e-07 0.027213 0.618258 0.029756 3.18008e-05 0.0500848 0.189275 
0.00579966 0.000233097 3.20339e-07 0.028271 5.23528e-09 0.00672134 0.93357 0.000919321 0.000179082 0.00220694 0.0220989 
0.0060373 0.0469001 0.000366969 0.0769619 0.000103152 0.0436709 0.412329 0.0222926 0.00256773 0.0179354 0.370835 
0.000541487 0.00205147 1.90293e-06 0.00890463 3.89538e-09 0.00795995 0.837317 0.00229426 4.99812e-05 0.0119585 0.128921 
0.0309845 0.0214925 0.000376976 0.0105494 1.16581e-05 0.037198 0.610632 0.00608642 0.00892331 0.0123562 0.261389 
0.00835887 0.00534821 9.76862e-05 0.0813117 0.00017094 0.0411408 0.433152 0.0237407 8.52446e-05 0.0519193 0.354674 
0.0402709 0.260903 7.07804e-06 0.0628055 4.77064e-06 0.0176425 0.529512 0.00249155 0.000609576 0.0162212 0.069532 
0.0025433 0.010122 3.23742e-06 0.0298453 1.07172e-06 0.0199533 0.84951 0.00108965 6.58916e-05 0.00410622 0.0827598 
0.000640158 0.00852296 0.000355486 0.0201006 5.19042e-10 0.0153365 0.930939 0.00429115 0.00177628 0.0024113 0.0156267 
0.0250107 0.0363279 0.0549425 0.157457 1.11897e-09 0.0727698 0.433851 0.00543617 7.48862e-05 0.0358621 0.178268 
0.0085924 0.0919291 0.000828713 0.128445 1.71345e-05 0.0168442 0.387934 0.11992 0.0053954 0.0161335 0.22396 
0.0811287 0.0285381 1.54654e-06 0.200455 4.17181e-05 0.0620817 0.291739 0.00191768 0.000162094 0.0557854 0.278149 
