0.467866 0.00365636 0.000106865 0.0554866 3.68699e-05 1.64958e-05 0.00876336 0.0089012 0.077547 9.98002e-07 0.011485 0.00310358 0.0381799 0.00233403 3.28224e-05 0.263516 0.0436461 0.00250932 5.49707e-07 0.00593791 0.00296598 0.000540618 0.00336581 
0.431001 0.00457033 0.000133552 0.0693581 4.60795e-05 2.06066e-05 0.00690514 0.0103699 0.0866863 6.6841e-08 0.0143561 0.00387942 0.0370479 0.000685692 4.10153e-05 0.272851 0.0492436 0.00157346 6.854e-07 0.00742232 0.00218858 0.000675692 0.000943283 
0.27711 0.000793631 0.00185802 0.0336597 3.36019e-05 1.75514e-05 0.0314826 0.0503652 0.0145624 0.000117214 0.00732235 0.0277645 0.0211661 0.0121878 0.000449434 0.191163 0.0755402 0.010023 0.000208694 0.0877026 0.00851191 0.000552751 0.147408 
0.738294 1.35917e-05 2.18817e-11 0.000609966 8.72152e-09 4.26893e-05 0.00102056 0.00211351 0.000143085 2.8088e-11 0.00114055 0.0124377 0.112312 0.00171681 1.51552e-11 0.116949 0.00404983 0.00118517 0.000592993 0.00163913 1.43608e-05 1.81519e-08 0.00572528 
0.233691 0.000231819 0.000623636 0.0143968 7.01125e-06 1.0685e-08 0.0125269 0.00404074 0.0112457 4.89825e-11 0.000830673 0.00214018 0.076534 0.0935991 5.74575e-05 0.16721 0.0646772 0.161962 0.00344136 0.0224182 0.00441025 0.000485305 0.125471 
0.56235 0.00216679 2.24811e-06 0.0823645 2.42671e-05 1.33849e-06 0.0175239 4.55172e-05 0.00105726 1.45092e-10 0.0236328 0.00110377 0.0613261 0.000361309 6.6923e-05 0.206666 0.0120066 0.00317615 5.97399e-05 0.0083578 0.000417464 6.15402e-05 0.0172282 
0.75649 0.00023022 7.77877e-06 0.00571577 1.42426e-05 1.98634e-06 0.000398444 0.00395918 0.000172816 4.70897e-10 0.0349006 0.100657 0.016837 0.000512311 0.00546865 0.00948155 0.0353918 0.001158 7.20976e-05 0.00548249 0.0011868 5.44119e-05 0.0218069 
0.339672 0.0139648 0.0173587 0.0326994 0.00517447 0.000115332 0.0136851 0.0196478 0.0209548 1.59486e-05 0.012596 0.0331801 0.053678 0.044166 0.000132471 0.241679 0.0762261 0.0171136 0.00851382 0.0294855 0.00315018 0.000337983 0.0164532 
0.75649 0.00023022 7.77877e-06 0.00571577 1.42426e-05 1.98634e-06 0.000398444 0.00395918 0.000172816 4.70897e-10 0.0349006 0.100657 0.016837 0.000512311 0.00546865 0.00948155 0.0353918 0.001158 7.20976e-05 0.00548249 0.0011868 5.44119e-05 0.0218069 
0.351131 0.000101014 0.000153549 0.0427948 0.000336262 0.000201176 0.0303679 0.040528 0.0416865 1.98362e-11 0.00305316 0.00535333 0.0388407 0.016742 2.99762e-05 0.263097 0.137986 0.00391217 2.71104e-06 0.00322418 0.00372172 0.000205261 0.0165317 
0.366153 0.00115253 0.000356367 0.0238762 0.00117734 1.03038e-06 0.00304271 0.127782 0.00498142 2.45429e-11 0.0234332 0.014386 0.125953 0.0078818 1.2356e-05 0.188418 0.0954702 0.00076627 0.00113351 0.00140269 0.000934995 2.93582e-05 0.0116563 
0.546122 0.0045768 1.83036e-05 0.0205896 0.000163595 4.30649e-06 0.0199651 0.0453793 0.0566444 1.59976e-08 0.0212228 0.0146519 0.0447532 0.00423425 0.000685934 0.140543 0.00578294 0.00185474 0.00115773 0.0648714 7.95052e-05 8.05237e-06 0.00669129 
0.392605 0.0450774 0.00173202 0.0184894 0.00204167 3.00604e-09 0.0142542 0.0860685 0.00218656 2.59389e-09 0.00283476 0.00487618 0.2122 0.0223169 1.4105e-05 0.103571 0.0506012 0.00158963 0.00130471 0.0256431 0.00123625 0.000185296 0.0111722 
0.366902 2.13313e-05 0.000172668 0.00412704 4.51276e-05 4.33609e-06 0.000704633 0.260242 0.00787918 9.34247e-05 0.00321319 0.0471732 0.0179411 0.0230261 3.9671e-05 0.0361798 0.14059 0.00943034 3.25336e-07 0.00966136 0.0261338 0.000131387 0.046288 
0.489368 0.00817903 5.43879e-08 0.0459974 1.8789e-05 2.97615e-08 0.00256543 9.7616e-05 0.00334984 1.22046e-10 0.00238165 0.000149735 0.00854983 0.000345991 9.37707e-09 0.420293 0.00531083 0.000743844 6.35031e-09 0.00409279 1.71729e-08 1.72608e-06 0.00855402 
0.36416 0.000545072 6.70908e-05 0.0084474 2.02531e-05 4.20904e-11 0.09624 7.59837e-06 0.000985114 4.97295e-10 0.000610941 0.000472998 0.0788071 0.0161101 0.000120038 0.344065 0.0301833 0.0100236 0.00181145 0.00114427 0.00197911 5.6595e-05 0.0441425 
0.881736 4.69391e-05 2.06928e-07 0.000983014 4.91226e-06 1.00375e-06 0.000874812 0.000201815 0.000362954 2.65618e-07 0.00106075 0.00012902 0.0637026 8.16262e-05 2.47405e-05 0.0458535 0.00334875 4.54161e-05 4.86163e-06 0.000542386 2.57557e-05 5.38175e-06 0.000963374 
0.240849 0.00164475 0.00117512 0.0561955 0.000304864 6.43525e-05 0.0140321 0.0394325 0.00444642 9.62223e-10 0.0121495 0.00873964 0.0393035 0.0384495 0.00543611 0.151484 0.105478 0.00715766 0.0546729 0.0951874 0.00736377 0.00203407 0.114399 
0.4056 0.00465326 1.68564e-05 0.0639542 2.25759e-05 1.54306e-05 0.0161661 0.000835146 0.0132704 2.05489e-08 0.0207017 0.000848207 0.0737717 0.000113797 0.000244241 0.277601 0.033566 0.00485018 0.000102763 0.0794896 0.00101948 1.2321e-05 0.00314561 
0.54267 0.000466833 4.6752e-11 0.0261063 0.000445779 3.95582e-05 0.00976279 0.00142679 0.0889485 7.60493e-10 0.00297939 0.00361312 0.0796686 0.000912086 0.000149821 0.097361 0.0107284 0.00338396 1.24871e-06 0.0661217 0.00124507 1.19831e-05 0.0639575 
0.667167 0.00346613 3.06415e-05 0.0428588 5.18388e-05 1.33788e-06 0.00661233 0.00326323 0.00196097 1.69106e-12 0.017058 0.00594509 0.0643912 0.000591167 0.000136384 0.155734 0.010262 0.00196117 1.1104e-06 0.0069634 4.97236e-05 8.21229e-05 0.0114128 
0.25601 0.0104346 0.000429149 0.0151145 0.00851257 1.21717e-10 0.0149547 0.0842463 0.000633286 6.66e-09 0.0263556 0.0234533 0.0349792 0.110568 4.36023e-08 0.232226 0.051739 0.00571453 2.50371e-06 0.0807522 0.0154668 0.00114645 0.0272618 
0.545561 7.48314e-05 4.19174e-09 0.0102481 1.31384e-05 6.24419e-09 0.00848893 0.0070377 0.000335898 2.55697e-12 0.0121772 0.265718 2.30281e-07 0.00120504 0.000359841 0.0372297 0.0306049 0.00050119 1.86718e-05 0.0239275 0.00210879 1.15845e-08 0.0543899 
0.411957 0.000239078 7.24472e-09 0.00321841 2.8537e-06 1.22838e-08 0.00315253 0.00113839 0.00367516 1.012e-11 8.95247e-06 0.00213946 0.00178335 0.0102399 2.68995e-07 0.237661 0.0763551 0.0214311 8.56539e-06 0.0536818 0.0391902 0.000162134 0.133954 
0.418168 8.87063e-05 0.000548808 0.0234599 2.25892e-05 2.57226e-05 0.0066116 0.00358679 0.0291744 5.0583e-05 0.0128293 0.00907216 0.00132632 0.0150873 2.84549e-05 0.302183 0.0291292 0.0250285 0.00198725 0.085966 0.00327374 0.000172459 0.0321796 
0.594756 0.001457 0.00387835 0.0375665 2.41242e-05 1.71038e-06 0.00430472 0.000250266 0.00900646 5.23134e-11 0.0195043 0.00198983 0.117267 0.00192607 0.000224228 0.156437 0.0124374 0.00489662 1.48587e-06 0.00516145 0.00806614 3.54209e-05 0.0208086 
0.352718 0.0191419 0.00021466 0.0291199 9.45617e-05 4.72384e-05 0.0807612 0.0140838 0.044647 4.04831e-05 0.0314003 0.023209 0.0332974 0.00829323 0.00767659 0.179723 0.0513308 0.0108703 6.61825e-05 0.0431671 0.00706716 0.000889395 0.0621409 
0.688929 0.00272559 3.14588e-06 0.0600022 3.39708e-05 1.87197e-06 0.00808053 2.05902e-05 0.00138179 1.358e-12 0.0195703 0.000429085 0.0782451 0.000288496 9.36805e-05 0.129512 0.00220175 0.00105016 1.55351e-06 0.00292007 2.25112e-05 3.64073e-05 0.00444973 
0.293872 0.000384476 1.70075e-05 0.00940635 0.00174389 6.41118e-06 0.0063234 0.0219003 0.00211326 0.000774948 0.0100868 0.0255121 0.0327011 0.0137099 0.000469634 0.258831 0.126412 0.0110086 0.0148035 0.0498872 0.0252638 0.000555968 0.0942166 
0.323483 0.000993157 6.52507e-05 0.00798127 1.36862e-07 6.81967e-07 0.0593722 0.000245278 0.0305048 1.41064e-06 2.00799e-05 0.00441564 0.0120691 0.0877173 0.00059671 0.0974689 0.0382136 0.0715686 6.83796e-07 0.026634 0.0831402 6.72289e-05 0.155441 
0.3795 0.000262607 0.000573705 0.00810695 6.63854e-06 4.25214e-07 0.00552249 0.00578439 0.0200691 2.67398e-07 0.0935436 0.0480933 0.014519 0.0155021 0.00109536 0.338332 0.0518574 0.00253137 0.000240914 0.00393397 0.00207928 2.25401e-05 0.0084227 
0.626628 0.00352413 0.000603413 0.0132141 0.00383638 1.38757e-06 0.00583475 0.036112 0.0125563 7.75571e-10 0.0130699 0.00267192 0.0836749 0.0127066 8.58142e-06 0.125601 0.0473728 0.000416946 0.000108156 0.00608835 0.000800269 0.00016722 0.00500313 
0.75649 0.00023022 7.77877e-06 0.00571577 1.42426e-05 1.98634e-06 0.000398444 0.00395918 0.000172816 4.70897e-10 0.0349006 0.100657 0.016837 0.000512311 0.00546865 0.00948155 0.0353918 0.001158 7.20976e-05 0.00548249 0.0011868 5.44119e-05 0.0218069 
0.302552 0.00183493 0.000532432 0.0321317 0.000136531 1.01166e-05 0.0129948 0.0128042 0.0449089 1.66158e-08 0.00349508 0.00194906 0.0579004 0.0251482 0.00030074 0.286457 0.0796207 0.0562519 0.00274973 0.0366241 0.00282594 6.61362e-05 0.038706 
0.600561 0.000312104 4.43123e-11 0.0193135 2.14951e-05 9.88952e-07 0.00398584 0.00105017 0.00156357 5.68806e-11 0.0111881 0.00189546 0.152302 0.000692635 1.17863e-05 0.126838 0.00743017 0.0165308 2.79663e-06 0.036489 0.000429489 1.19254e-05 0.0193691 
0.347084 0.00205407 9.23462e-05 0.0193765 0.00346784 2.6991e-06 0.113947 0.000387687 0.00420094 4.79163e-09 6.38711e-05 0.00258266 0.084602 0.0371924 0.00347942 0.263172 0.0159667 0.0183158 0.00101608 0.0391693 0.00485659 0.000160984 0.0388094 
0.626628 0.00352413 0.000603413 0.0132141 0.00383638 1.38757e-06 0.00583475 0.036112 0.0125563 7.75571e-10 0.0130699 0.00267192 0.0836749 0.0127066 8.58142e-06 0.125601 0.0473728 0.000416946 0.000108156 0.00608835 0.000800269 0.00016722 0.00500313 
0.319841 0.000465715 0.00143176 0.0215556 0.00631915 0.000486562 0.0218155 0.102262 0.0462445 1.55117e-07 0.00620428 0.00320922 0.126557 0.0324957 0.000386678 0.175388 0.0481736 0.00379947 0.000112587 0.0638819 0.00910706 0.00119142 0.00907177 
0.417662 0.000154169 0.0017399 0.0780547 4.7023e-05 0.000123947 0.0372961 0.0420451 0.0401221 4.11152e-07 0.013108 0.0302833 0.0105393 0.00648297 0.00176473 0.0521958 0.16438 0.000642788 0.000209895 0.00502657 0.01193 0.00159248 0.084599 
0.394657 0.000502499 0.00191948 0.0199578 6.43223e-05 4.77877e-06 0.0129635 0.0322084 0.115715 5.84065e-07 0.0118539 0.0482431 0.033622 0.0163783 0.00765549 0.0699145 0.147473 0.00842804 6.5817e-05 0.0145746 0.00711122 0.000797453 0.0558896 
0.495838 0.000368021 0.00137139 0.00584102 6.16186e-05 6.1757e-06 0.0481905 0.00189686 0.00478719 1.03333e-08 0.00340091 0.031878 0.0501798 0.0218217 5.50879e-05 0.123638 0.0590255 0.0155874 7.99704e-06 0.03427 0.0374511 0.000963524 0.0633601 
0.75649 0.00023022 7.77877e-06 0.00571577 1.42426e-05 1.98634e-06 0.000398444 0.00395918 0.000172816 4.70897e-10 0.0349006 0.100657 0.016837 0.000512311 0.00546865 0.00948155 0.0353918 0.001158 7.20976e-05 0.00548249 0.0011868 5.44119e-05 0.0218069 
0.75649 0.00023022 7.77877e-06 0.00571577 1.42426e-05 1.98634e-06 0.000398444 0.00395918 0.000172816 4.70897e-10 0.0349006 0.100657 0.016837 0.000512311 0.00546865 0.00948155 0.0353918 0.001158 7.20976e-05 0.00548249 0.0011868 5.44119e-05 0.0218069 
0.175579 0.000452636 1.34373e-05 0.0246392 0.00203229 1.57687e-05 0.0949553 0.00274262 0.00449643 5.41578e-07 0.0270449 0.127329 0.0190094 0.0981985 0.000826351 0.130192 0.109236 0.0118315 9.94598e-05 0.0836999 0.00872676 0.000290094 0.0785887 
0.290997 0.00263036 1.38283e-07 0.0569647 5.3769e-06 0.000128042 0.00435597 0.027372 0.000507247 1.90727e-09 0.135151 0.0297296 0.0130517 0.0042109 8.42745e-06 0.0559445 0.123885 0.0333834 0.000242236 0.202852 0.000754305 0.000769613 0.0170555 
0.391953 0.000490576 0.00356682 0.00768778 3.18183e-05 2.6195e-07 0.00544601 0.000277681 0.00317522 0.000464483 0.00363428 0.00338995 0.0331365 0.334027 7.88211e-05 0.129368 0.0336798 0.0050161 0.000706976 0.0227078 0.00292579 0.000354216 0.0178822 
0.878917 6.51848e-05 1.24101e-08 0.000876325 2.57218e-06 9.33064e-07 0.000343383 0.00175095 0.000295983 3.51145e-09 0.00608187 0.0228886 0.0222155 0.000292225 0.000298426 0.0043423 0.0494642 0.000557272 3.46825e-05 0.00169995 0.00313899 7.58061e-06 0.00672575 
0.583832 0.000198806 0.00012531 0.0561657 8.66627e-05 1.05024e-05 0.00612934 0.0235729 0.0295648 9.0704e-11 0.00653423 0.00205817 0.00150032 0.00469786 1.94379e-05 0.122671 0.0259949 0.0742862 0.000159775 0.0593516 0.000913353 0.00133379 0.000793011 
0.345847 0.00340917 0.00178303 0.0210222 0.000577352 3.14531e-05 0.0335273 0.0524735 0.0204146 0.000710353 0.00566482 0.0188431 0.0855457 0.0165914 0.00205418 0.227426 0.0394729 0.0293071 0.00540513 0.0375367 0.0106238 0.000703613 0.0410297 
0.355067 0.00407129 0.00157137 0.0211559 0.00205361 5.23268e-07 0.0708416 0.00632828 0.00606126 1.58614e-09 0.00157196 0.00218518 0.169834 0.0163173 1.35964e-05 0.301285 0.0141414 0.0168807 0.00185205 0.00427809 0.00083966 3.41086e-05 0.00361641 
0.75649 0.00023022 7.77877e-06 0.00571577 1.42426e-05 1.98634e-06 0.000398444 0.00395918 0.000172816 4.70897e-10 0.0349006 0.100657 0.016837 0.000512311 0.00546865 0.00948155 0.0353918 0.001158 7.20976e-05 0.00548249 0.0011868 5.44119e-05 0.0218069 
0.388219 0.000468414 6.33423e-06 0.0264742 0.0119605 1.93897e-05 0.0791021 0.00071576 0.00943668 2.79471e-06 1.99538e-05 0.000204919 0.0199167 0.219106 5.24215e-05 0.121268 0.00127555 0.109204 0.000394596 0.00972776 0.00138563 0.000310435 0.000728517 
0.23096 0.0429332 0.00154486 0.0859844 0.0112957 3.72878e-05 0.00446246 0.0645516 0.0693148 1.33606e-09 0.0250337 0.00311396 0.158204 0.0167027 0.000157204 0.172337 0.0543273 0.002345 0.00188123 0.0283811 0.000755774 0.00195709 0.0237199 
0.366902 2.13313e-05 0.000172668 0.00412704 4.51276e-05 4.33609e-06 0.000704633 0.260242 0.00787918 9.34247e-05 0.00321319 0.0471732 0.0179411 0.0230261 3.9671e-05 0.0361798 0.14059 0.00943034 3.25336e-07 0.00966136 0.0261338 0.000131387 0.046288 
0.325307 0.00199183 0.000214522 0.0116829 0.00402012 5.30185e-05 0.0504552 0.0445236 0.0198736 4.63734e-05 0.0139137 0.057246 0.0340514 0.016805 9.4593e-05 0.288309 0.0745436 0.00230158 0.000130284 0.0180746 0.00301046 0.00121325 0.0321375 
0.280281 0.000316305 0.000115112 0.0208053 0.000130819 2.08951e-05 0.0656894 0.0266037 0.0118508 1.32871e-08 0.0533846 0.0874566 0.0549252 0.00746527 0.215657 0.0206501 0.0188351 0.00358112 8.80243e-05 0.0956468 0.00034116 5.32983e-05 0.0361021 
0.721623 0.000857724 0.000167518 0.0209007 7.35365e-05 4.06775e-06 0.0181531 0.0153013 0.029684 1.33048e-11 0.0221897 0.00258094 0.0143592 0.00280853 5.64236e-05 0.118001 0.0208506 0.00169066 4.43101e-07 0.00695531 0.00065119 5.54651e-05 0.0030353 
0.257777 0.00105608 0.00141927 0.0330025 0.0063021 8.50719e-05 0.0345977 0.0953246 0.017293 0.0025877 0.018748 0.0389971 0.103435 0.0316921 0.00771311 0.169396 0.0703711 0.0132314 0.000590661 0.040616 0.0202918 0.000381049 0.0350914 
0.75649 0.00023022 7.77877e-06 0.00571577 1.42426e-05 1.98634e-06 0.000398444 0.00395918 0.000172816 4.70897e-10 0.0349006 0.100657 0.016837 0.000512311 0.00546865 0.00948155 0.0353918 0.001158 7.20976e-05 0.00548249 0.0011868 5.44119e-05 0.0218069 
0.457305 0.0218362 9.40837e-07 0.108951 2.12418e-05 7.24713e-07 0.0134676 0.00521684 0.00252899 4.99342e-10 0.0588813 0.00803683 0.078411 0.00241573 1.28269e-06 0.165687 0.0183874 0.00301679 2.00562e-06 0.0292917 0.000701086 0.000392599 0.025447 
0.495383 0.00334771 9.50134e-05 0.0109111 0.000141291 3.0054e-05 0.0155627 0.0328146 0.013174 5.10835e-09 0.0176492 0.0662818 0.0225558 0.0106527 0.000223411 0.218982 0.0579466 0.00202857 1.39734e-05 0.0130043 0.00903576 0.000455458 0.0097104 
0.719709 5.04601e-05 8.89318e-12 0.00217228 3.68003e-05 1.66861e-06 0.00221364 0.00128216 0.00268009 1.14156e-11 0.00179547 0.0032489 0.105994 0.00118713 2.01362e-05 0.13438 0.012737 0.000269992 4.76112e-06 0.00281627 0.000736039 2.03504e-05 0.00864346 
0.75649 0.00023022 7.77877e-06 0.00571577 1.42426e-05 1.98634e-06 0.000398444 0.00395918 0.000172816 4.70897e-10 0.0349006 0.100657 0.016837 0.000512311 0.00546865 0.00948155 0.0353918 0.001158 7.20976e-05 0.00548249 0.0011868 5.44119e-05 0.0218069 
0.75649 0.00023022 7.77877e-06 0.00571577 1.42426e-05 1.98634e-06 0.000398444 0.00395918 0.000172816 4.70897e-10 0.0349006 0.100657 0.016837 0.000512311 0.00546865 0.00948155 0.0353918 0.001158 7.20976e-05 0.00548249 0.0011868 5.44119e-05 0.0218069 
0.293267 5.09258e-06 2.5014e-09 0.000210194 6.00316e-10 2.89857e-07 0.00801873 0.162476 0.0560937 3.21088e-09 3.48889e-05 0.0165401 0.0109696 0.15291 1.15307e-05 0.0319216 0.0863758 1.91153e-06 0.00249292 4.34056e-05 0.00635107 3.981e-09 0.172275 
0.627777 0.000125501 0.000127178 0.0102088 1.1501e-06 1.58436e-06 0.000593614 0.00254842 0.000345382 1.03251e-06 0.00114434 0.00053951 0.000716067 0.0757734 0.000656193 0.0870842 0.0910266 0.0138591 3.58988e-06 0.0641892 1.03771e-05 3.80853e-06 0.023264 
0.28625 0.000353897 3.69786e-08 0.00635861 0.0195797 8.61957e-08 0.117469 0.00193687 0.0186002 0.0016331 0.000101618 0.01697 0.000147652 0.0956251 0.00102915 0.16975 0.0405451 0.0271049 2.98558e-07 0.0319847 0.0994456 9.24791e-08 0.0651134 
0.345884 0.00210363 0.000130181 0.051972 5.1364e-05 2.8829e-07 0.0141861 0.0002298 0.0145045 5.35332e-13 0.0946964 0.00654807 0.0321624 0.00706963 0.00555181 0.282024 0.0299388 0.00318245 9.50975e-07 0.0130195 0.00243299 0.000143127 0.0941681 
0.75649 0.00023022 7.77877e-06 0.00571577 1.42426e-05 1.98634e-06 0.000398444 0.00395918 0.000172816 4.70897e-10 0.0349006 0.100657 0.016837 0.000512311 0.00546865 0.00948155 0.0353918 0.001158 7.20976e-05 0.00548249 0.0011868 5.44119e-05 0.0218069 
0.728313 5.2988e-06 9.20932e-08 0.000844128 0.0206587 1.0318e-05 0.0349473 0.0347319 0.0143874 1.83817e-08 2.11562e-05 0.00203973 0.00747772 0.00305334 0.00379892 0.115621 0.00347632 0.0107162 1.65559e-07 0.0120466 0.00176305 0.00013238 0.00595527 
0.467866 0.00365636 0.000106865 0.0554866 3.68699e-05 1.64958e-05 0.00876336 0.0089012 0.077547 9.98002e-07 0.011485 0.00310358 0.0381799 0.00233403 3.28224e-05 0.263516 0.0436461 0.00250932 5.49707e-07 0.00593791 0.00296598 0.000540618 0.00336581 
0.224179 0.00363787 0.000990393 0.032613 7.27188e-05 4.09682e-05 0.015074 0.0124317 0.0562217 0.000901503 0.00798978 0.0736947 0.0137568 0.0203516 0.0118013 0.148647 0.0684611 0.00453524 0.000536033 0.158224 0.00235255 0.116803 0.026684 
0.421275 0.00270662 0.0201168 0.0644381 4.70208e-05 1.00685e-05 0.142885 0.0197222 0.0435958 2.61626e-08 0.00256409 0.0764932 0.0124703 0.0243764 0.000193623 0.0883757 0.0186393 0.0331376 1.21964e-05 0.0155349 0.00603063 0.000496621 0.00687869 
0.463443 0.0346366 3.62886e-05 0.00866245 6.90032e-06 2.88123e-05 0.00954273 0.00510603 0.00289543 2.54276e-08 0.00991098 0.0288074 0.0370149 0.00110775 0.00185877 0.133518 0.0684065 0.00570741 0.000378021 0.011877 0.154679 8.82848e-05 0.0222879 
0.373476 0.00722518 0.000393353 0.0144231 2.28172e-06 3.30621e-07 0.000165864 0.0172507 0.0643115 2.94878e-08 0.0607124 0.176567 0.012015 0.0295865 0.000816387 0.0136033 0.0235972 0.0240587 0.0347825 0.00488099 0.109408 0.0145121 0.0182114 
0.745924 2.54697e-05 0.000191779 0.00102635 0.000934232 6.44927e-07 0.012773 0.00334417 0.0301077 1.26469e-07 7.46437e-06 0.00810417 0.004749 0.011637 7.34021e-06 0.121386 0.00134725 0.0521556 3.0985e-06 0.00110487 0.00369255 0.000925421 0.00055262 
0.37232 0.000263335 0.000115192 0.0148563 0.00148278 1.71899e-07 0.00734223 0.0272263 0.0763122 1.21188e-08 0.00280224 0.0225472 0.0706342 0.0696207 0.00738322 0.266163 0.0246905 0.00458849 1.47403e-05 0.0151743 0.00281914 0.000254823 0.0133892 
0.36416 0.000545072 6.70908e-05 0.0084474 2.02531e-05 4.20904e-11 0.09624 7.59837e-06 0.000985114 4.97295e-10 0.000610941 0.000472998 0.0788071 0.0161101 0.000120038 0.344065 0.0301833 0.0100236 0.00181145 0.00114427 0.00197911 5.6595e-05 0.0441425 
0.320233 6.07588e-05 1.05882e-07 0.0832421 2.88725e-06 9.20229e-07 0.0153524 0.00890576 0.00394785 6.15784e-08 0.0997629 0.0212656 0.00231257 0.00117005 9.01379e-06 0.120686 0.0790209 0.00225366 1.63126e-05 0.148342 0.00494851 0.000100941 0.0883662 
0.327228 0.0023982 5.02618e-08 1.0901e-07 0.168453 1.03627e-06 0.00223947 0.0377408 0.000250711 4.88901e-11 0.0706289 0.00971367 0.00731783 0.0156891 1.88953e-07 0.257878 0.0390193 0.00427735 2.13932e-06 0.0376307 2.26819e-08 0.000595338 0.0189356 
0.399078 0.000641631 0.0004046 0.00240505 1.76373e-05 7.27437e-06 0.00165729 0.00239072 0.0118232 5.82824e-09 0.0203761 0.0833555 0.0591615 0.0649921 1.07677e-05 0.191769 0.0758576 0.0132686 0.00153309 0.0110471 0.00425375 7.6711e-06 0.0559416 
0.459538 0.000175436 9.83724e-12 0.00120148 3.14563e-05 1.79175e-07 0.00278924 0.031827 2.07629e-05 1.26274e-11 6.11521e-06 0.00259622 0.258317 0.00203162 1.02463e-05 0.212825 0.0106943 0.00119718 4.00074e-06 0.00106045 2.35742e-05 1.49259e-05 0.0156361 
0.293968 0.00425392 0.00216492 0.00590547 0.000395864 0.130306 0.0181796 0.0216119 0.0693839 4.45012e-06 0.00598191 0.0497492 0.0644406 0.0103161 0.00290368 0.227402 0.0484482 0.0114437 1.74476e-06 0.0112312 0.00368167 2.45506e-05 0.0182015 
0.293848 0.00592795 0.00251267 0.0404532 0.000152352 2.68965e-05 0.0168993 0.00338078 0.210902 8.31784e-06 0.0206525 0.00365687 0.0173041 0.00273032 6.47563e-05 0.265303 0.0580391 0.00204444 3.88194e-07 0.0300985 0.000826687 8.08533e-05 0.0250874 
0.489368 0.00817903 5.43879e-08 0.0459974 1.8789e-05 2.97615e-08 0.00256543 9.7616e-05 0.00334984 1.22046e-10 0.00238165 0.000149735 0.00854983 0.000345991 9.37707e-09 0.420293 0.00531083 0.000743844 6.35031e-09 0.00409279 1.71729e-08 1.72608e-06 0.00855402 
0.387056 0.000103488 0.000104426 0.00698557 8.85238e-05 3.11209e-05 0.00511049 0.190085 0.00334739 2.47241e-08 0.00753323 0.0110138 0.0354572 0.0699886 0.00114917 0.188109 0.0617352 0.000564284 5.81477e-05 0.00347197 0.0227208 0.000181328 0.00510469 
0.355709 3.23004e-09 4.6451e-09 0.0118284 3.35549e-07 6.00358e-09 5.62923e-05 1.32286e-09 6.756e-05 5.96258e-09 8.34755e-10 1.04562e-05 1.61306e-05 0.252395 3.50705e-05 0.0592004 5.34075e-06 6.9732e-06 5.79131e-09 9.79065e-06 0.320626 1.99677e-05 1.36651e-05 
0.272507 0.00166316 0.000315348 0.0290906 0.000970524 3.10549e-05 0.12362 0.0072672 0.0359383 0.000560052 0.00955412 0.0201889 0.108886 0.0276822 0.00116814 0.208772 0.0435328 0.0277704 0.000316781 0.0231265 0.0109206 0.00206785 0.0440504 
0.660208 8.05728e-05 1.6195e-07 0.00223548 9.58438e-05 4.64779e-08 0.00102745 0.00969013 0.00131792 0.000201346 0.00149766 0.00242189 0.0633561 0.0891452 1.23179e-05 0.0615886 0.0670771 0.00678495 9.32656e-05 0.00260051 0.0193784 0.000232886 0.0109545 
0.370542 1.07925e-06 4.06233e-08 0.0118519 0.000210253 8.04804e-07 0.0404667 0.00191003 0.000456431 4.05237e-10 2.11778e-06 0.013649 0.0701835 0.0180649 4.24893e-05 0.282424 0.00539342 0.119795 1.76396e-06 0.0419445 0.00774706 3.71415e-05 0.0152761 
0.232641 0.0321719 0.00159248 0.0724318 0.0209145 2.15514e-09 0.00259112 0.0784554 0.00156887 1.40822e-08 0.0947275 0.00754023 0.13467 0.0312854 7.27055e-06 0.176752 0.0745892 0.00236982 0.00167232 0.0288279 9.3055e-05 0.000382494 0.00471642 
0.75649 0.00023022 7.77877e-06 0.00571577 1.42426e-05 1.98634e-06 0.000398444 0.00395918 0.000172816 4.70897e-10 0.0349006 0.100657 0.016837 0.000512311 0.00546865 0.00948155 0.0353918 0.001158 7.20976e-05 0.00548249 0.0011868 5.44119e-05 0.0218069 
0.257444 0.00135141 0.00018232 0.00319532 1.74256e-05 4.55738e-07 0.000434965 0.0149031 0.0147106 7.9597e-10 0.00020868 0.00207712 0.0284077 0.188538 0.000977417 0.0947655 0.0681506 0.223734 0.000501294 0.00367566 0.0138618 1.99998e-05 0.0828428 
0.34457 0.000366245 2.21689e-05 0.00700989 5.81582e-05 0.000462034 0.00227562 0.283699 0.0123486 6.7599e-08 0.00753973 0.00956588 0.0490424 0.00446616 0.000142267 0.137444 0.0690213 0.0150749 5.48905e-05 0.011513 0.0219918 1.16484e-05 0.0233198 
0.838269 0.000104458 4.54221e-12 0.00183996 5.37715e-06 1.91836e-06 0.000720765 0.00137269 0.00032292 1.9341e-09 0.0127707 0.00557024 0.0466506 0.000613439 0.000188582 0.00911835 0.0688815 0.000819348 1.22881e-06 0.00323541 0.00493925 1.58133e-05 0.0045585 
0.310646 0.0222152 0.000930915 0.0312943 0.011205 0.000268302 0.018171 0.0269787 0.263928 1.28324e-08 0.0130021 0.0103925 0.0603038 0.0156177 0.000794524 0.155183 0.0390803 0.00562633 0.000446365 0.00992751 0.00102547 0.000165928 0.00279674 
0.832771 0.000147639 4.03284e-06 0.00349951 2.30375e-05 1.1214e-06 0.000901809 0.000376875 0.00046843 4.7061e-06 0.00626698 0.0136781 0.0268104 0.0110867 0.0405133 0.0208846 0.0178384 0.00159174 1.16256e-05 0.00505818 0.000487195 1.16064e-05 0.0175627 
0.401038 0.00189317 0.000250866 0.0381651 0.000351538 4.42296e-05 0.0138943 0.11432 0.162974 3.09167e-05 0.00839836 0.0156861 0.00515964 0.00523424 0.00870383 0.0627801 0.0783341 0.0124087 8.56265e-07 0.017548 0.0145055 0.000560943 0.0377174 
0.664177 0.00213982 2.77375e-06 0.0195044 6.82803e-05 4.07538e-06 0.021016 0.00413044 0.00990944 2.21993e-11 0.00173264 0.00207008 0.114128 0.0251179 2.77503e-05 0.105676 0.0138334 0.00282372 8.61728e-06 0.0014719 0.00411831 5.06967e-05 0.00798829 
0.209988 0.0035421 0.000509957 0.180458 0.0201113 1.72012e-05 0.0756528 0.0406475 0.0674879 1.79742e-08 0.00593695 0.00237933 0.0587827 0.0292683 0.00281365 0.114373 0.0675055 0.016432 0.000452351 0.04534 0.0127324 0.000607748 0.044961 
0.216128 0.00122188 0.000878718 0.200714 0.000147739 2.90369e-06 0.0486189 0.0823576 0.0099063 2.07632e-06 0.0413746 0.00797701 0.00538345 0.00755199 4.18734e-05 0.198003 0.11887 0.0203145 1.8683e-06 0.0231239 0.00872676 0.000295012 0.00835845 
0.537812 0.0174614 4.55211e-05 0.0130304 9.00171e-05 2.80121e-05 0.0876354 0.0328072 0.0773088 1.24963e-10 0.00229679 0.0112113 0.0220957 0.0130892 0.000455884 0.108944 0.0334961 0.0044021 0.00296717 0.0265056 0.00212977 8.35382e-06 0.00617925 
0.431001 0.00457033 0.000133552 0.0693581 4.60795e-05 2.06066e-05 0.00690514 0.0103699 0.0866863 6.6841e-08 0.0143561 0.00387942 0.0370479 0.000685692 4.10153e-05 0.272851 0.0492436 0.00157346 6.854e-07 0.00742232 0.00218858 0.000675692 0.000943283 
0.439416 0.000968207 0.000172624 0.0409731 4.13857e-05 6.77849e-05 0.0142788 0.0220278 0.0112521 2.75375e-06 0.0089656 0.0195569 0.0243744 0.00952942 0.000311522 0.171329 0.0733656 0.0227139 0.00730585 0.092131 0.00948941 0.000478118 0.0312488 
0.323317 0.000167406 4.4501e-05 0.0464604 0.000159768 0.000121119 0.00532298 0.0245158 0.108872 5.474e-10 0.00292967 0.00375249 0.105009 0.00347136 0.00243982 0.0603738 0.0401894 0.0287009 3.04422e-05 0.218206 0.00141533 0.0155858 0.00891569 
0.308317 7.03603e-05 0.000567849 0.018563 6.09435e-05 0.000155493 0.0225528 0.0210265 0.028665 9.88414e-06 0.0153889 0.0254542 0.0404574 0.0328577 0.00194963 0.29556 0.0647187 0.0110778 5.44534e-06 0.0223348 0.0112231 0.000213497 0.0787699 
0.349666 0.0020779 2.54972e-07 0.0250572 1.38627e-06 4.21272e-07 0.0192766 0.00448505 0.000931659 1.49353e-05 0.00166272 0.0120006 0.0261644 0.00424146 0.000945596 0.149753 0.00483783 0.118467 0.00523307 0.255438 0.00252344 8.31635e-05 0.0171375 
0.631787 0.000101125 4.55593e-12 0.000443641 2.88168e-06 1.33823e-09 0.00176838 7.16631e-05 0.000516104 5.84812e-12 5.3261e-08 1.11461e-12 0.148126 7.63434e-05 6.14337e-08 0.21448 0.00187392 4.52723e-08 2.13064e-08 4.72962e-08 6.47878e-09 7.086e-07 0.000752022 
0.486227 3.53821e-05 2.29377e-09 0.00108511 2.3309e-07 8.03544e-08 0.00667136 0.00199124 1.46782e-06 2.94435e-09 7.4418e-05 0.0163158 0.0221387 0.00749957 2.04671e-05 9.29262e-06 0.249618 0.00890471 3.01475e-07 0.127076 0.0567158 1.64988e-05 0.0155984 
0.719709 5.04601e-05 8.89318e-12 0.00217228 3.68003e-05 1.66861e-06 0.00221364 0.00128216 0.00268009 1.14156e-11 0.00179547 0.0032489 0.105994 0.00118713 2.01362e-05 0.13438 0.012737 0.000269992 4.76112e-06 0.00281627 0.000736039 2.03504e-05 0.00864346 
0.301565 0.000380965 0.000460868 0.00605872 0.000152017 4.68273e-09 0.0106369 0.0291097 0.000759736 7.85704e-09 0.000263903 0.0036132 0.134818 0.0466418 0.000177173 0.198177 0.092519 0.0115206 0.107172 0.00356111 0.0082462 7.30775e-05 0.044094 
0.396513 0.0250427 0.000415953 0.0246116 8.83539e-06 1.13842e-08 0.0130539 0.0726477 0.0196854 7.11773e-11 0.0119691 0.0452768 0.0084593 0.0208246 0.000255237 0.0384274 0.1625 0.0120291 0.098398 0.0184374 0.00257169 0.00325664 0.0256156 
0.678338 3.07169e-05 1.12329e-05 0.0165321 1.25042e-05 0.000230719 0.0114109 0.0223036 0.00312808 1.09283e-09 0.00922288 0.0371465 0.0267432 0.000928432 0.000181713 0.07839 0.0469144 0.00189833 1.61167e-06 0.0116189 0.000219136 0.000227346 0.0545094 
0.75649 0.00023022 7.77877e-06 0.00571577 1.42426e-05 1.98634e-06 0.000398444 0.00395918 0.000172816 4.70897e-10 0.0349006 0.100657 0.016837 0.000512311 0.00546865 0.00948155 0.0353918 0.001158 7.20976e-05 0.00548249 0.0011868 5.44119e-05 0.0218069 
0.85607 4.27791e-08 8.90272e-11 0.000247341 2.21205e-08 2.18892e-05 0.000820503 8.97725e-07 0.000211701 1.14278e-10 0.000790016 0.0166504 0.0426675 0.00152786 6.16602e-11 0.0775106 0.000243406 0.000355769 0.000890122 0.00086797 8.88335e-06 1.41687e-10 0.0011147 
0.364507 0.000323242 0.00039272 0.0143717 0.0127641 1.26107e-05 0.00709228 0.0283339 0.008363 3.14951e-05 0.00987733 0.0148527 0.137554 0.0222711 0.000799162 0.204755 0.0945906 0.00869321 0.00102119 0.0274724 0.00520979 0.00796956 0.0287426 
0.310211 0.000743245 0.000278372 0.0326841 0.0047484 3.80626e-05 0.0102777 0.022785 0.0212817 3.64884e-06 0.0103147 0.0118947 0.120658 0.0653375 0.00235217 0.143158 0.159854 0.00743822 0.00412911 0.0299969 0.0204081 0.000307324 0.0211006 
0.189113 0.000580674 0.00220189 0.0567997 2.28187e-05 7.01782e-05 0.0585186 0.0457476 0.0143999 2.58428e-11 0.0746573 0.0069992 0.0686033 0.00256823 6.45476e-05 0.167887 0.10871 0.00129805 4.62322e-07 0.187256 0.000644847 0.00151291 0.012344 
0.68213 0.00153061 0.000196459 0.0283881 0.000100097 4.38287e-06 0.024295 0.01408 0.0358447 1.35012e-11 0.0226097 0.00235058 0.0189733 0.002771 0.000241511 0.136471 0.0118329 0.00353159 1.47436e-06 0.00815888 0.000645792 4.22053e-05 0.00580094 
0.328485 0.00338674 0.00124931 0.028658 0.00269131 3.63573e-07 0.0880141 0.0228087 0.0223477 1.65533e-08 0.00451701 0.00754598 0.149133 0.0494454 1.83284e-05 0.206716 0.0535814 0.00206765 0.000124133 0.00581003 0.0119897 4.03154e-05 0.0113695 
0.366902 2.13313e-05 0.000172668 0.00412704 4.51276e-05 4.33609e-06 0.000704633 0.260242 0.00787918 9.34247e-05 0.00321319 0.0471732 0.0179411 0.0230261 3.9671e-05 0.0361798 0.14059 0.00943034 3.25336e-07 0.00966136 0.0261338 0.000131387 0.046288 
0.3375 0.0601562 2.04446e-05 0.138992 0.00230854 2.65739e-06 0.00584666 0.0072627 0.000412842 0.000799081 0.2426 0.00608073 0.0163576 0.0177728 9.54532e-06 0.0537724 0.0180045 0.012309 0.000970494 0.0670659 0.00212174 0.00181515 0.00781863 
0.527167 0.00762824 0.0045263 0.0225108 0.00229971 2.07661e-06 0.00406441 0.0286005 0.000566911 9.92662e-08 0.128248 0.00892865 0.0783323 0.0294112 0.000228239 0.0542021 0.0867013 0.000425285 0.000128517 0.0107694 3.00781e-05 0.000107636 0.00512112 
0.284134 0.00208883 0.00144917 0.0268311 0.00893292 2.21453e-06 0.00770448 0.00609062 0.00449194 1.82437e-05 0.00832568 0.0204169 0.0380239 0.275373 0.00199865 0.168478 0.0622935 0.0047176 0.000310095 0.0192467 0.0117941 0.000128039 0.0471499 
0.75649 0.00023022 7.77877e-06 0.00571577 1.42426e-05 1.98634e-06 0.000398444 0.00395918 0.000172816 4.70897e-10 0.0349006 0.100657 0.016837 0.000512311 0.00546865 0.00948155 0.0353918 0.001158 7.20976e-05 0.00548249 0.0011868 5.44119e-05 0.0218069 
0.594251 2.51704e-05 9.83952e-08 0.000359618 5.24566e-06 4.41589e-07 0.000420438 0.335052 0.000245641 7.08432e-09 0.000647659 0.00412553 0.0139936 0.00305157 0.00116549 0.0187337 0.0260271 1.19798e-05 1.4107e-05 0.00027668 4.05322e-07 6.51834e-06 0.00158564 
0.689028 0.000110716 7.036e-07 0.0133829 2.3718e-06 4.30254e-08 0.00600729 0.00344838 0.000114485 4.61735e-07 0.000477318 0.00797438 0.0070707 0.120628 4.70361e-05 0.0625645 0.0133396 0.0121753 0.000101417 0.00799151 0.00122981 0.000183322 0.0541218 
0.659645 9.97836e-06 1.60189e-06 0.000113021 3.15415e-06 8.31148e-08 0.00182962 0.029103 0.000329306 3.4296e-10 0.000396368 0.23816 0.0113537 0.000180373 1.1219e-05 0.0322403 0.0137952 0.00138404 1.10024e-06 0.00119096 0.000153968 1.03216e-05 0.0100873 
0.376094 0.000411338 0.00265934 0.0154809 2.26311e-05 5.41647e-06 0.00161586 0.0311552 0.00428936 6.93764e-07 0.0209075 0.173769 0.0189104 0.00436315 0.000171802 0.260961 0.0459537 0.0136532 2.82132e-06 0.0136109 0.000979449 0.000192515 0.0147901 
0.479823 0.00130572 1.138e-05 0.0580009 7.02375e-06 2.73235e-07 0.00355354 0.00401883 0.00190953 6.81749e-12 0.000145949 0.00151889 0.0910406 0.00172207 3.40881e-07 0.330988 0.00851194 0.000204068 8.91973e-10 0.000626153 2.55376e-05 3.89296e-05 0.016548 
0.75649 0.00023022 7.77877e-06 0.00571577 1.42426e-05 1.98634e-06 0.000398444 0.00395918 0.000172816 4.70897e-10 0.0349006 0.100657 0.016837 0.000512311 0.00546865 0.00948155 0.0353918 0.001158 7.20976e-05 0.00548249 0.0011868 5.44119e-05 0.0218069 
0.75649 0.00023022 7.77877e-06 0.00571577 1.42426e-05 1.98634e-06 0.000398444 0.00395918 0.000172816 4.70897e-10 0.0349006 0.100657 0.016837 0.000512311 0.00546865 0.00948155 0.0353918 0.001158 7.20976e-05 0.00548249 0.0011868 5.44119e-05 0.0218069 
0.75649 0.00023022 7.77877e-06 0.00571577 1.42426e-05 1.98634e-06 0.000398444 0.00395918 0.000172816 4.70897e-10 0.0349006 0.100657 0.016837 0.000512311 0.00546865 0.00948155 0.0353918 0.001158 7.20976e-05 0.00548249 0.0011868 5.44119e-05 0.0218069 
0.457738 0.000673712 1.95979e-06 0.00255545 0.000130045 6.78806e-07 0.000237815 0.0229349 0.0110376 1.96376e-09 3.1622e-05 0.0270572 0.00903139 0.0328607 0.00929331 0.00151516 0.149306 0.00044083 0.17635 0.0325326 0.00180508 1.76804e-05 0.0644484 
0.838269 0.000104458 4.54221e-12 0.00183996 5.37715e-06 1.91836e-06 0.000720765 0.00137269 0.00032292 1.9341e-09 0.0127707 0.00557024 0.0466506 0.000613439 0.000188582 0.00911835 0.0688815 0.000819348 1.22881e-06 0.00323541 0.00493925 1.58133e-05 0.0045585 
0.347694 2.31578e-05 0.000419848 0.00983561 0.000430011 9.53273e-07 0.00365203 0.0114849 0.0933235 1.65671e-07 0.00154063 0.00631421 0.031251 0.0368144 0.000127144 0.31649 0.0953376 0.00183093 1.31024e-05 0.0154386 0.00707863 5.46254e-05 0.0208452 
0.565824 0.00158647 2.66722e-06 0.0536392 0.00581963 1.67012e-07 0.018825 0.00877632 0.000441858 1.44474e-05 0.000362094 0.0157649 0.00273211 0.0415286 0.00025998 0.175738 0.0374498 0.00843106 0.00179696 0.025611 0.0252114 3.76149e-05 0.0101466 
0.20928 0.00620927 5.62877e-06 0.00650967 5.34174e-05 1.76027e-06 0.0300111 0.0145959 0.148435 8.32059e-06 0.0203752 0.00752647 0.0774166 0.0446367 0.00162433 0.130702 0.131474 0.00577079 1.63987e-05 0.0365368 0.00475386 0.000280802 0.123776 
0.224747 0.000270615 0.00112266 0.0169412 0.00257917 0.00013466 0.0223606 0.00507401 0.0472523 5.31307e-05 0.00794138 0.0257817 0.0847369 0.122694 0.000448442 0.167976 0.16853 0.0160918 0.00554113 0.0234574 0.0238597 3.83318e-05 0.0323678 
0.75649 0.00023022 7.77877e-06 0.00571577 1.42426e-05 1.98634e-06 0.000398444 0.00395918 0.000172816 4.70897e-10 0.0349006 0.100657 0.016837 0.000512311 0.00546865 0.00948155 0.0353918 0.001158 7.20976e-05 0.00548249 0.0011868 5.44119e-05 0.0218069 
0.355273 4.11365e-05 4.2504e-05 0.0607384 0.00432144 2.74865e-05 0.00951559 0.000657395 0.00663663 0.00219023 0.0015292 0.0248854 0.0345517 0.11122 0.000414394 0.101619 0.0326972 0.0123324 0.000128071 0.0776781 0.097725 0.00763906 0.0581367 
0.335446 0.00424642 0.0815639 0.0304702 0.000795342 5.64122e-07 0.0427087 0.0219758 0.00718429 1.95639e-09 0.000456241 0.00895012 0.138388 0.0423659 0.000583474 0.0359027 0.0205175 0.00768093 0.200364 0.0135449 0.00305873 0.000313464 0.0034829 
0.467866 0.00365636 0.000106865 0.0554866 3.68699e-05 1.64958e-05 0.00876336 0.0089012 0.077547 9.98002e-07 0.011485 0.00310358 0.0381799 0.00233403 3.28224e-05 0.263516 0.0436461 0.00250932 5.49707e-07 0.00593791 0.00296598 0.000540618 0.00336581 
0.372035 0.000139688 0.00105283 0.0296152 0.00422386 1.50375e-05 0.00812595 0.0141285 0.029298 1.39639e-05 0.0430668 0.0224904 0.0521973 0.0196604 0.000273017 0.270659 0.0881285 0.00387854 0.00167707 0.0278562 0.000920489 0.00284511 0.00769861 
0.82633 2.06122e-05 4.53864e-08 0.000254528 1.5006e-06 9.16706e-10 0.00471054 0.00778067 0.00499732 1.19789e-11 7.38814e-06 0.00101983 0.000268702 0.00280681 1.62274e-08 0.148126 0.0025971 0.000123006 1.53244e-09 0.000513174 6.58225e-05 1.6858e-09 0.000377303 
0.55043 0.0338786 0.000105925 0.0410291 0.000128486 3.27363e-05 0.0109934 0.00933771 0.09098 1.18555e-12 0.020191 0.00234782 0.00807766 0.000625887 1.4935e-05 0.208067 0.0101899 0.00147438 5.80799e-07 0.0100782 9.68322e-05 9.71411e-05 0.00182323 
0.688929 0.00272559 3.14588e-06 0.0600022 3.39708e-05 1.87197e-06 0.00808053 2.05902e-05 0.00138179 1.358e-12 0.0195703 0.000429085 0.0782451 0.000288496 9.36805e-05 0.129512 0.00220175 0.00105016 1.55351e-06 0.00292007 2.25112e-05 3.64073e-05 0.00444973 
0.323056 0.000158245 0.00143049 0.00425006 0.000123319 3.92291e-08 0.00269575 0.000897132 0.00328168 0.000261926 0.00187169 0.00634488 0.0895679 0.25839 1.71871e-05 0.166307 0.0936637 0.00132734 0.00151578 0.0171785 0.0110491 0.000219807 0.0163931 
0.75649 0.00023022 7.77877e-06 0.00571577 1.42426e-05 1.98634e-06 0.000398444 0.00395918 0.000172816 4.70897e-10 0.0349006 0.100657 0.016837 0.000512311 0.00546865 0.00948155 0.0353918 0.001158 7.20976e-05 0.00548249 0.0011868 5.44119e-05 0.0218069 
0.330764 0.000429683 7.89037e-06 0.0216733 0.00207473 0.000336782 0.00245508 0.00104431 0.0456544 4.54739e-08 0.00767198 0.02615 0.0422552 0.238393 0.00104493 0.114713 0.0962085 0.0260849 0.000383306 0.0103944 0.0138666 5.49206e-05 0.0183389 
0.420836 0.00104572 7.04741e-06 0.0241435 2.24465e-05 7.21463e-06 0.143661 0.000488497 0.0100557 0.000266045 0.0181224 0.00138129 0.0327848 0.0168086 0.000277043 0.26112 0.0285695 0.00363666 7.53816e-06 0.00501693 0.00567094 4.67962e-05 0.0260237 
0.72478 0.000129836 1.5588e-12 0.00431957 0.00328074 3.70986e-06 0.00462175 0.000702705 0.00106005 4.07187e-09 0.00198263 0.000683537 0.13163 0.00104782 8.73842e-05 0.109129 0.00794704 0.000880558 6.65172e-05 0.00413804 0.000271412 1.85156e-05 0.00321962 
0.691419 0.00146313 3.06212e-05 0.0484469 9.23895e-07 7.96651e-07 0.00380323 4.51624e-05 0.00298521 9.35714e-11 0.000738794 0.0013062 0.0169009 0.000290011 5.39848e-07 0.204716 0.0125256 7.08701e-05 8.10319e-09 0.00329371 2.24344e-07 3.26771e-05 0.0119296 
0.75649 0.00023022 7.77877e-06 0.00571577 1.42426e-05 1.98634e-06 0.000398444 0.00395918 0.000172816 4.70897e-10 0.0349006 0.100657 0.016837 0.000512311 0.00546865 0.00948155 0.0353918 0.001158 7.20976e-05 0.00548249 0.0011868 5.44119e-05 0.0218069 
0.464854 0.000105559 1.31976e-11 0.00179332 3.28702e-05 6.12323e-07 0.00726186 0.00181104 0.00218465 1.69408e-11 0.0028241 0.000605533 0.138293 0.000138162 2.81607e-05 0.220325 0.0809131 0.000484007 1.89353e-05 0.00098492 4.03423e-05 4.04412e-06 0.0772961 
0.199662 0.0013423 0.000264794 0.0815614 9.36839e-05 8.19077e-05 0.141199 0.0505111 0.113776 2.93396e-06 0.0188843 0.0111119 0.109148 0.00283391 0.00796807 0.157731 0.0534046 0.00736298 6.20028e-05 0.0238814 0.00130742 0.000105428 0.0177032 
0.41434 0.000276845 0.000297801 0.00243019 3.11012e-05 1.3684e-06 0.0014015 0.316095 0.00175765 4.63779e-10 0.0031654 0.0109627 0.051319 0.0231108 0.000228129 0.0715611 0.0848751 0.00279021 0.000509234 0.00314954 0.000773167 6.15723e-05 0.010863 
0.297828 0.00898953 0.0035261 0.0131939 0.000112907 7.95131e-05 0.0354052 0.160967 0.026271 5.54192e-06 0.0134481 0.0397897 0.103639 0.00759073 0.00346258 0.122792 0.0764875 0.00564542 0.000539591 0.0203169 0.00277796 0.000104761 0.0570273 
0.688929 0.00272559 3.14588e-06 0.0600022 3.39708e-05 1.87197e-06 0.00808053 2.05902e-05 0.00138179 1.358e-12 0.0195703 0.000429085 0.0782451 0.000288496 9.36805e-05 0.129512 0.00220175 0.00105016 1.55351e-06 0.00292007 2.25112e-05 3.64073e-05 0.00444973 
0.290259 0.0235075 2.44837e-05 0.0106984 0.00759309 9.36204e-09 0.00397734 0.0249367 0.00118965 4.81146e-08 0.00231777 0.0680759 0.172923 0.160114 6.21855e-07 0.103563 0.0709375 0.000626336 0.00374433 0.0403629 0.000723146 6.07597e-05 0.0143657 
0.451473 7.73181e-05 2.05451e-07 0.000237631 2.45452e-05 5.75364e-09 0.00081215 0.0873126 0.0352135 5.71435e-09 0.000159021 0.0600073 0.00108661 0.0289182 0.00170856 0.279769 0.00534512 0.000473213 0.0139569 0.00340744 0.0293927 7.08493e-09 0.000625095 
