0.0718526 0.000512229 9.19161e-12 0.0720442 0.0557017 2.66155e-05 0.00427626 0.000162212 0.00103685 1.17986e-11 0.442821 0.0111484 0.00939894 0.000502272 0.000810163 0.0173688 0.0109538 0.0068747 3.99553e-06 0.283621 0.00100535 3.04519e-05 0.00984837 
0.000799029 0.000301693 6.79311e-05 0.318624 3.93325e-05 1.22156e-07 0.000236537 0.00031144 0.0024249 7.23563e-05 0.604795 0.000329074 0.000702671 0.0041058 0.000613724 0.052026 0.00808175 0.00327865 1.49155e-05 0.00245323 0.000374027 5.41988e-05 0.000294202 
0.0110652 0.149584 1.93905e-05 0.0922314 1.78567e-06 9.61952e-08 0.0447554 0.00241853 0.00154459 1.5062e-09 0.324857 0.0106491 0.000686651 0.000539324 0.000434542 0.0189822 0.00262562 0.0780895 8.244e-07 0.218036 0.0348094 0.000115182 0.00855448 
0.000312176 0.000493927 0.016643 0.441468 0.000192561 2.33192e-08 0.000199165 0.000133894 0.00188046 0.000710544 0.450574 0.000871232 0.000637766 0.00337643 0.00185333 0.0561341 0.00719158 0.0028506 4.61263e-05 0.0119208 0.00207752 3.63216e-05 0.000396236 
0.0321069 0.00067872 0.00205323 0.0268867 0.000182718 6.36455e-05 0.00957206 0.0646673 0.03178 0.00233594 0.30534 0.0196031 0.0281155 0.0901398 0.000313696 0.173793 0.157955 0.00323133 0.000118749 0.016249 0.00341799 0.000250865 0.0311444 
0.0615159 0.00060454 1.88189e-12 0.0603909 3.22885e-05 3.80986e-07 0.0029501 9.6229e-05 0.000254647 2.41565e-12 0.658217 0.00514419 0.00952911 5.62521e-05 0.000777203 0.00241142 0.000736154 0.00522845 1.11938e-06 0.190554 8.52528e-05 3.58498e-05 0.00137904 
0.0674705 0.00717752 0.00308716 0.0334152 0.000726815 4.86771e-05 0.0186644 0.0432699 0.0212018 0.000243134 0.227135 0.0270783 0.0345747 0.0121483 0.00056473 0.0684419 0.126356 0.0104068 0.00119314 0.049064 0.0114898 0.0335793 0.202663 
0.0301995 0.00823133 0.000661917 0.143053 0.00390369 7.6425e-06 0.0516672 0.0191148 0.039247 0.000173314 0.350404 0.0162629 0.0343659 0.0301744 0.00168484 0.0428404 0.0463962 0.0164625 0.0016149 0.0437639 0.0144713 0.00776937 0.0975302 
0.00106614 0.302341 0.000417963 0.00441815 4.43014e-06 6.94119e-10 0.000672319 0.000195057 0.000214965 1.59099e-12 0.67249 1.19093e-06 0.000617573 8.21091e-06 8.75154e-06 0.00270077 0.00154531 0.00172536 4.15804e-06 0.0111429 0.000276017 2.05946e-05 0.000129322 
0.000974279 2.85901e-09 5.76268e-09 0.0206799 5.7423e-13 2.78104e-09 0.00140731 0.00125293 0.00024539 3.07136e-12 0.945466 3.69571e-05 7.50447e-05 0.000975609 1.69126e-08 0.00147061 0.000643981 0.0123408 5.83739e-10 0.0114959 0.00155464 3.53659e-07 0.00138037 
0.00149266 0.450531 0.00062693 0.00476348 6.64412e-06 9.79822e-10 0.00100847 0.000292582 0.000322447 2.09896e-12 0.514871 1.78618e-06 0.00081989 1.23158e-05 1.31267e-05 0.00405116 0.00222575 0.00247879 4.11396e-06 0.015843 0.000414023 2.75244e-05 0.000193981 
0.00179975 0.00120639 2.68228e-05 0.071985 5.9805e-05 2.78527e-05 0.0876852 0.00344192 0.0201592 1.77533e-07 0.665453 0.0035308 0.00293074 0.00025188 0.0431483 0.00836216 0.0280452 0.00546619 1.49963e-05 0.0412444 0.00232094 0.00128298 0.0115563 
0.0389244 0.00263432 0.00204635 0.270978 0.000122135 0.000453318 0.0179509 0.00681931 0.0376865 0.000166742 0.29672 0.00337782 0.00728835 0.0166743 0.00348036 0.0748678 0.0444769 0.0357989 0.000184989 0.107563 0.00778162 0.000620014 0.0233836 
0.0523962 0.023718 0.00133909 0.171406 0.000428864 1.99063e-06 0.0100269 0.00843388 0.00742437 0.00211127 0.34104 0.0148998 0.0236438 0.0156356 0.000414017 0.0603428 0.0269103 0.0209663 0.00147865 0.149843 0.00391172 0.0396399 0.0239871 
0.0187275 0.000263395 0.000284564 0.171817 2.79779e-06 4.18208e-10 0.00734269 0.0024854 0.107052 4.15353e-10 0.275953 0.0013159 0.00104227 0.0160101 1.88261e-05 0.0731633 0.148682 0.136377 0.000292074 0.0345597 0.00292476 0.000390676 0.00129574 
0.00029468 0.000288132 1.39384e-09 0.0295174 1.06107e-06 4.98837e-06 0.00225191 0.0016535 0.000913463 1.45332e-11 0.863727 0.00010473 0.000464456 6.93515e-05 1.55079e-08 0.00372287 0.00063706 0.00348439 0.0581725 0.0343243 0.000368401 1.8019e-11 6.13915e-08 
0.00106614 0.302341 0.000417963 0.00441815 4.43014e-06 6.94119e-10 0.000672319 0.000195057 0.000214965 1.59099e-12 0.67249 1.19093e-06 0.000617573 8.21091e-06 8.75154e-06 0.00270077 0.00154531 0.00172536 4.15804e-06 0.0111429 0.000276017 2.05946e-05 0.000129322 
0.00517621 4.91477e-05 0.00128447 0.163819 9.37251e-06 7.70865e-07 0.000705834 0.000404584 0.0017493 8.26248e-05 0.766609 0.00390425 0.000329738 0.000814962 0.000749632 0.028732 0.00936147 0.00190469 0.00290718 0.00876686 0.00123575 0.000151352 0.00125228 
0.179843 0.00224735 0.000374326 0.0751928 6.0545e-05 4.22331e-06 0.0621614 0.0414146 0.013375 4.68581e-08 0.409449 0.00469848 0.0672772 0.00151303 0.00176917 0.022835 0.00789913 0.00439955 2.27838e-05 0.0815397 0.00339312 0.000292768 0.0202378 
0.259004 1.65454e-06 0.00802473 0.0091048 0.000236158 3.07525e-06 0.0210784 0.00966059 3.83661e-07 3.05425e-06 0.553458 0.0157366 0.000299713 0.00115055 1.64796e-06 0.0237333 5.42756e-06 0.0139586 2.96652e-06 0.0822347 0.000709775 2.78222e-05 0.001564 
0.00123054 0.000148367 9.5965e-05 0.113458 2.0318e-05 7.9849e-06 0.0438711 0.000610188 0.0286428 0.0136328 0.50566 0.000553015 0.00133228 0.00122927 0.0431579 0.0112496 0.0353398 0.0131467 3.48323e-05 0.089357 0.0792604 0.000241019 0.01772 
0.0129442 0.000242862 3.37434e-05 0.396805 2.44852e-06 4.00174e-10 6.86658e-05 0.000295953 0.000376712 1.33365e-07 0.482834 0.0118307 0.000189623 0.000242191 0.000262939 0.0549642 0.017212 0.00626555 2.42728e-08 0.0123195 0.000648757 2.96996e-06 0.00245793 
0.00029468 0.000288132 1.39384e-09 0.0295174 1.06107e-06 4.98837e-06 0.00225191 0.0016535 0.000913463 1.45332e-11 0.863727 0.00010473 0.000464456 6.93515e-05 1.55079e-08 0.00372287 0.00063706 0.00348439 0.0581725 0.0343243 0.000368401 1.8019e-11 6.13915e-08 
1.74417e-05 9.34831e-09 6.21549e-07 0.0386598 1.24777e-09 6.89104e-08 0.000915157 8.08179e-06 0.000350408 5.15593e-10 0.950799 0.000119694 6.61068e-05 0.000202646 1.6278e-08 0.000175104 5.23959e-06 0.000796563 8.45069e-12 0.00743575 0.000172568 0.000189527 8.64841e-05 
0.0148744 6.04016e-05 5.98061e-05 0.335822 2.87451e-05 2.59892e-08 0.000125668 0.000782614 0.000745489 6.66367e-08 0.526184 0.00817402 0.000189605 0.00107575 0.000262874 0.0857594 0.0182021 0.0014663 1.08845e-08 0.00236406 0.000691757 1.32403e-05 0.00311747 
0.0110652 0.149584 1.93905e-05 0.0922314 1.78567e-06 9.61952e-08 0.0447554 0.00241853 0.00154459 1.5062e-09 0.324857 0.0106491 0.000686651 0.000539324 0.000434542 0.0189822 0.00262562 0.0780895 8.244e-07 0.218036 0.0348094 0.000115182 0.00855448 
0.152096 0.0150099 4.77672e-06 0.136341 1.51167e-05 4.26114e-08 0.0171036 0.000811998 0.00903195 1.80378e-06 0.385463 0.0242587 0.00539099 0.00137912 0.0196239 0.0246113 0.00922058 0.0023633 1.85794e-05 0.195165 0.000188803 0.000283638 0.00161802 
0.000529029 0.00029467 0.000920394 0.0402937 9.1098e-05 1.4283e-08 0.0110772 0.00368702 0.0055522 0.000130538 0.769964 0.00407325 0.00242218 0.0072649 0.00039587 0.0157239 0.0313406 0.00534004 4.42402e-05 0.0263208 0.0626805 0.000920868 0.0109334 
0.00123015 0.000940132 0.00323924 0.322569 0.000449821 7.43745e-12 0.000724211 0.0010738 0.00712445 7.38666e-12 0.61411 8.14367e-05 0.00414287 0.00147064 3.28071e-05 0.0209563 0.0142535 0.00224952 3.05344e-08 0.00336255 0.000187635 4.15183e-06 0.00179788 
0.00873804 9.77597e-07 6.61613e-05 0.052823 9.82806e-07 6.65969e-06 0.00549861 0.000303753 0.00872803 1.38079e-08 0.849037 0.000341294 0.0009568 0.00209723 7.83003e-06 0.0100722 0.00442084 0.0044798 1.28574e-05 0.0325504 0.016582 0.000847021 0.00242802 
0.0546285 0.00201355 0.0115723 0.270605 0.000928122 5.86876e-08 0.00607324 0.0140373 0.0548586 9.05663e-09 0.345079 0.00117001 0.000701433 0.0553257 0.000195736 0.0607051 0.0236336 0.0211794 3.02499e-07 0.0557026 0.0129982 8.32452e-05 0.00850867 
0.0129442 0.000242862 3.37434e-05 0.396805 2.44852e-06 4.00174e-10 6.86658e-05 0.000295953 0.000376712 1.33365e-07 0.482834 0.0118307 0.000189623 0.000242191 0.000262939 0.0549642 0.017212 0.00626555 2.42728e-08 0.0123195 0.000648757 2.96996e-06 0.00245793 
0.0271108 0.182518 0.0186234 0.0274033 0.000246597 2.60702e-08 0.033223 0.020396 0.0192676 3.95232e-05 0.210242 0.0106011 0.00980196 0.00556615 7.09613e-05 0.138046 0.0538451 0.0482212 9.48426e-07 0.169855 0.00722106 0.000618481 0.0170814 
0.011166 0.0172762 0.00380173 0.122832 0.000255051 0.00666648 0.00433335 0.00254703 0.00343498 0.000109068 0.717762 0.00254042 0.00629666 0.00396541 0.0014445 0.0341573 0.0196251 0.00630965 0.00456508 0.0190101 0.00623655 0.0017558 0.00391042 
0.0193203 0.0349177 0.000731822 0.164614 4.17374e-05 1.16809e-05 0.0111331 0.00573337 0.0292767 0.000503588 0.486345 0.00373123 0.0028961 0.0122548 0.00107291 0.0426853 0.0260647 0.0268375 0.000339121 0.112433 0.00634958 0.000759202 0.0119474 
0.026409 0.0104616 0.00469837 0.233276 0.000107241 1.40239e-05 0.0418441 0.0127194 0.0278565 2.90119e-05 0.270539 0.0139974 0.0244968 0.0166996 0.00407757 0.0661949 0.0326052 0.018475 0.000620218 0.15975 0.0088849 0.00802919 0.018215 
0.122917 0.0825664 2.49452e-09 0.118625 3.19029e-06 8.13366e-08 0.00160816 0.00168724 0.000289236 4.05486e-10 0.615226 0.00061025 0.0107649 0.000296045 6.12875e-07 0.0236261 0.00347878 0.000488639 1.8623e-06 0.0157269 5.27422e-09 0.00139493 0.000688734 
0.0601581 0.000824974 0.000236371 0.000928604 6.75683e-05 4.02381e-11 0.00856015 0.0296607 9.27549e-05 3.99633e-11 0.458755 0.0162397 0.000542773 0.00222467 1.49929e-06 0.0305583 0.00355713 0.00903903 3.88154e-11 0.373726 0.00038562 0.000643921 0.00379754 
0.0279803 0.00265121 0.000532457 0.13132 6.55751e-06 2.55454e-05 0.0113124 0.00375229 0.0372535 4.44209e-08 0.625195 0.00967668 0.00286907 0.000334874 0.000428797 0.0308006 0.0447861 0.00273506 2.19491e-05 0.0248023 0.000595598 0.000166903 0.0427529 
0.0156311 0.000255342 1.79206e-12 0.0496547 1.38105e-05 1.73392e-09 0.00130343 6.37955e-06 5.57687e-05 2.30034e-12 0.806945 0.00101264 5.67929e-05 8.30172e-09 6.0743e-05 4.03352e-08 1.3292e-05 0.000868936 3.95705e-07 0.124057 1.01586e-08 1.04021e-05 5.42681e-05 
0.0182056 0.000614827 0.000720125 0.0823976 0.000152363 1.39464e-09 0.00426347 0.000605998 0.00178533 1.03345e-09 0.844236 0.00067685 0.00812484 0.00101641 2.51258e-05 0.0169266 0.00626519 0.00113518 4.16461e-06 0.0107901 0.000166196 2.56523e-06 0.00188575 
0.0372282 0.000158858 3.42506e-12 0.000185249 5.34363e-09 2.84969e-09 0.00210297 3.17357e-05 1.46028e-06 1.34542e-09 0.945279 0.00125933 0.00150748 6.12342e-05 1.08902e-08 0.00139123 0.000231045 0.000104141 6.4987e-09 0.0104311 2.67153e-05 8.0983e-09 6.95921e-08 
0.00106614 0.302341 0.000417963 0.00441815 4.43014e-06 6.94119e-10 0.000672319 0.000195057 0.000214965 1.59099e-12 0.67249 1.19093e-06 0.000617573 8.21091e-06 8.75154e-06 0.00270077 0.00154531 0.00172536 4.15804e-06 0.0111429 0.000276017 2.05946e-05 0.000129322 
0.026183 0.020803 0.00222144 0.227263 0.00104862 7.00335e-05 0.0293498 0.00666184 0.0352994 0.000485958 0.244449 0.0161523 0.011226 0.00890133 0.00302815 0.0609088 0.0356938 0.0359536 0.000862447 0.203239 0.0101757 0.00228664 0.0177365 
0.044747 0.000912835 0.00556952 0.115856 0.00134322 1.58528e-06 0.0105753 0.00443485 0.0270373 0.000167814 0.439241 0.00630867 0.0588088 0.0222511 0.000537644 0.0388049 0.0531487 0.0195347 0.000756202 0.0657906 0.0207608 0.000536387 0.062875 
0.172083 0.115273 3.0281e-09 0.135907 4.46588e-06 1.1368e-07 0.00225141 0.00236212 0.000404926 4.51046e-10 0.494816 0.000854342 0.0150708 0.000414458 8.57403e-07 0.0330765 0.00486702 0.000684088 2.60664e-06 0.0194728 6.55399e-09 0.0014906 0.000964221 
0.00123015 0.000940132 0.00323924 0.322569 0.000449821 7.43745e-12 0.000724211 0.0010738 0.00712445 7.38666e-12 0.61411 8.14367e-05 0.00414287 0.00147064 3.28071e-05 0.0209563 0.0142535 0.00224952 3.05344e-08 0.00336255 0.000187635 4.15183e-06 0.00179788 
0.00190051 0.000541438 0.000257161 0.0885498 0.000103089 2.44482e-11 0.00292666 0.000178211 0.00177247 1.54202e-07 0.454226 0.0055682 0.000394627 0.000797298 0.00114802 0.00364079 0.00175914 0.0178294 8.91911e-06 0.390925 0.00394329 0.000114888 0.0234151 
0.00149266 0.450531 0.00062693 0.00476348 6.64412e-06 9.79822e-10 0.00100847 0.000292582 0.000322447 2.09896e-12 0.514871 1.78618e-06 0.00081989 1.23158e-05 1.31267e-05 0.00405116 0.00222575 0.00247879 4.11396e-06 0.015843 0.000414023 2.75244e-05 0.000193981 
0.0102358 0.000169195 9.65081e-07 3.23718e-05 3.70565e-05 2.03717e-06 0.0270344 0.000270638 0.00541502 9.54503e-08 0.696054 0.0647366 0.0150822 0.0338229 0.00182693 0.0124531 0.06016 0.00323708 0.000235128 0.0491726 0.000494666 0.000953588 0.0185733 
0.010446 0.0113463 1.84655e-05 0.274769 0.0350391 0.000468277 0.0039419 0.00115624 0.00467485 1.57846e-07 0.296084 0.0127052 0.00848892 0.00110868 0.00187792 0.0866071 0.0499433 0.0195434 0.00010876 0.122734 0.0215647 0.0197893 0.0175841 
0.0024403 0.18754 0.000423294 0.0519618 3.81084e-05 6.98003e-08 0.00466485 0.00148969 0.00449554 7.6698e-07 0.694613 0.00108757 0.00319166 0.000438202 0.00191228 0.00481935 0.00403345 0.00422185 1.0778e-05 0.0297824 0.00133821 0.000630781 0.000865833 
3.94872e-07 3.94604e-07 3.94456e-07 0.0125967 3.94821e-07 0.000513007 0.00698772 0.0112522 0.136582 3.94321e-07 0.238687 0.00473821 3.94828e-07 0.0220318 0.00355184 0.201006 0.18102 0.0148054 3.94339e-07 3.94866e-07 0.0432707 3.94174e-07 0.122954 
0.021872 0.000263898 5.89322e-13 0.000965866 8.60451e-10 9.5045e-07 0.000952709 1.12712e-07 0.00048689 9.1403e-10 0.926702 0.0056271 0.00404699 0.000100231 1.06003e-05 0.000627581 0.0242814 0.000489005 6.663e-05 0.00381713 0.000666097 8.35938e-05 0.00893881 
0.0253596 0.00810857 0.00208649 0.245146 0.00026031 4.57522e-06 0.008796 0.0041589 0.0249921 0.000123096 0.520507 0.0044453 0.0239871 0.00394225 0.00143801 0.0626794 0.015703 0.00572446 0.000367641 0.0334899 0.00358959 0.00100024 0.00409053 
0.00106614 0.302341 0.000417963 0.00441815 4.43014e-06 6.94119e-10 0.000672319 0.000195057 0.000214965 1.59099e-12 0.67249 1.19093e-06 0.000617573 8.21091e-06 8.75154e-06 0.00270077 0.00154531 0.00172536 4.15804e-06 0.0111429 0.000276017 2.05946e-05 0.000129322 
2.71793e-05 0.000136744 3.2787e-12 0.0381786 2.17776e-08 3.36981e-09 1.17724e-06 1.26079e-08 0.000208352 4.20864e-12 0.876029 8.02134e-13 0.000101884 1.23911e-08 0.0641411 1.70706e-09 0.000188164 0.00261611 1.27329e-09 0.0183068 5.97213e-05 5.52081e-06 6.26283e-13 
0.0104982 0.000225009 0.00029886 0.0702706 6.11571e-05 2.0117e-06 0.00217788 0.00130179 0.00507526 2.11151e-09 0.701051 0.00828764 0.0216668 0.0137771 0.000740557 0.0381234 0.0744834 0.00318513 0.000102547 0.0201509 0.00680178 0.00182954 0.0198897 
0.0549977 0.000137748 0.000415497 0.132871 1.06825e-05 2.3876e-06 0.0221057 0.022743 0.0099831 3.99106e-08 0.54753 0.00398865 0.00181298 0.00790857 0.000227415 0.0479222 0.0285012 0.0325813 4.08359e-07 0.077806 0.000394752 9.18949e-05 0.00796733 
0.000567091 0.110242 0.00819773 0.0280066 8.19419e-05 5.67273e-10 0.00022413 6.50375e-05 9.9724e-05 2.51471e-12 0.842724 1.69153e-06 0.000885818 6.07754e-05 1.5305e-05 0.000900281 0.000657072 0.00122299 1.87696e-06 0.00588368 9.81169e-05 1.2257e-05 5.19063e-05 
0.00106614 0.302341 0.000417963 0.00441815 4.43014e-06 6.94119e-10 0.000672319 0.000195057 0.000214965 1.59099e-12 0.67249 1.19093e-06 0.000617573 8.21091e-06 8.75154e-06 0.00270077 0.00154531 0.00172536 4.15804e-06 0.0111429 0.000276017 2.05946e-05 0.000129322 
0.0121131 0.000679686 0.0040405 0.188921 0.000121426 4.75428e-12 0.00290178 0.00261371 0.00931462 4.72182e-12 0.661565 0.000497382 0.00276077 0.0125024 4.63949e-05 0.0329324 0.0300798 0.0187468 0.00024494 0.0177173 0.000728021 0.000100074 0.00137286 
0.1058 0.000698962 3.32707e-05 0.158293 0.000129436 2.82176e-06 0.00559123 0.000573318 0.00569301 1.65958e-12 0.30556 0.000943217 0.0548333 0.00152446 0.000477059 0.276778 0.0374327 0.00740131 4.38895e-05 0.00465426 0.0017474 5.41182e-05 0.0317352 
0.239145 0.00199182 6.97152e-11 0.199982 3.16646e-05 3.50364e-08 0.00061091 0.0222038 0.00120612 8.94885e-11 0.271925 0.0122487 0.0343889 5.19387e-05 9.03795e-05 0.00964631 0.00675061 0.00870677 7.98532e-08 0.168597 0.00864361 0.0127087 0.0010702 
0.0250513 0.0665808 0.00207623 0.169034 5.48626e-06 7.84686e-07 0.00892832 0.000827494 0.000763817 8.49785e-10 0.651403 0.00132927 0.00106635 0.00156669 0.00371586 0.0122169 0.000950151 0.0100816 1.71933e-06 0.0411571 0.000120876 0.000213273 0.00290857 
0.0306721 0.0134986 0.0019091 0.214063 0.00104272 6.38352e-05 0.00463599 0.00702697 0.0207902 8.30196e-05 0.509459 0.00606339 0.0317672 0.00932491 0.00119299 0.0721723 0.0280098 0.0107193 0.00136752 0.0294882 0.00303643 0.000519274 0.00309425 
0.0150383 0.000876089 9.43832e-05 0.10215 2.60711e-05 1.31643e-05 0.0244723 0.0383616 0.0751922 1.34529e-06 0.30089 0.0037232 0.00582833 0.0029931 0.00464478 0.0398144 0.252017 0.0488832 5.10087e-06 0.060909 0.0103765 0.000108841 0.0135817 
0.00163158 0.0691663 0.000170328 0.012809 1.0122e-06 1.49569e-07 0.00146372 0.00158635 0.00037796 2.62333e-12 0.880682 2.1084e-05 0.00101288 0.000373083 1.78974e-05 0.00402508 0.00205728 0.00742824 1.28101e-06 0.0149476 0.00116652 8.61593e-06 0.00105163 
0.0065805 0.371599 0.000299073 0.0845096 4.35553e-05 5.91028e-09 0.0022243 0.00298162 0.0125628 2.47597e-11 0.425634 8.14259e-05 0.000396303 0.0108546 0.000187322 0.00643502 0.0144235 0.0158401 5.53306e-05 0.0322199 0.0116038 0.000489422 0.000978815 
0.0114588 0.000614433 8.39658e-05 0.045345 2.65293e-05 1.65293e-06 0.00198853 0.00190167 0.00503227 4.14215e-10 0.745536 0.00455701 0.00612973 0.0137299 0.000902705 0.0439567 0.0860648 0.00595419 0.000449836 0.00993083 0.00387874 0.000151481 0.0123054 
0.000923993 0.000264993 8.73385e-05 0.398802 5.05698e-05 1.56998e-07 0.000304117 0.000400422 0.00311772 9.30261e-05 0.503444 0.000423094 0.00088903 0.00527888 0.000789069 0.0668905 0.0102633 0.00413439 1.7038e-05 0.00290221 0.00048089 6.5288e-05 0.000378258 
0.00660058 0.0518774 0.00297516 0.122657 0.0002616 2.80734e-06 0.0373528 0.00169605 0.00261466 1.30133e-05 0.662537 0.00195652 0.00901709 0.00457181 0.000678726 0.0242309 0.0162631 0.00550587 0.000235217 0.0386414 0.00426185 0.0011184 0.00493102 
0.012694 0.000652606 0.000589063 0.0760598 0.000100251 2.63306e-07 0.0020096 0.00238811 0.00401277 9.33272e-10 0.833605 0.00216588 0.00605382 0.00113408 3.88977e-05 0.00979848 0.0312592 0.00157963 6.60868e-05 0.00516746 0.000681721 3.82742e-05 0.00990528 
0.00106614 0.302341 0.000417963 0.00441815 4.43014e-06 6.94119e-10 0.000672319 0.000195057 0.000214965 1.59099e-12 0.67249 1.19093e-06 0.000617573 8.21091e-06 8.75154e-06 0.00270077 0.00154531 0.00172536 4.15804e-06 0.0111429 0.000276017 2.05946e-05 0.000129322 
0.00841701 0.000318136 2.32155e-05 0.327066 2.3154e-08 4.97538e-11 0.00769052 2.50143e-05 2.67754e-05 1.57321e-07 0.590479 0.000963798 0.00178668 2.50449e-07 6.17297e-05 0.00542524 0.00949298 0.00517064 4.3356e-06 0.0215271 0.000815459 0.000330637 0.0203748 
0.0056377 0.00013837 0.000774681 0.183919 3.35648e-05 1.94762e-10 2.6221e-05 0.000112999 0.000179065 5.64653e-08 0.774781 0.00289657 0.000168805 0.000292023 0.000181556 0.0209864 0.00632696 0.000852253 6.3094e-07 0.001611 0.000256023 9.24045e-06 0.000815882 
0.00184301 9.50534e-09 0.000656781 0.312078 1.92376e-05 3.32477e-07 0.000174 0.000119273 0.00577173 7.6287e-12 0.635167 2.89881e-05 0.000526224 0.0026165 0.00116248 0.0221614 0.00467444 0.00191769 7.8755e-06 0.00685764 0.00301452 0.000259498 0.000943191 
0.00106614 0.302341 0.000417963 0.00441815 4.43014e-06 6.94119e-10 0.000672319 0.000195057 0.000214965 1.59099e-12 0.67249 1.19093e-06 0.000617573 8.21091e-06 8.75154e-06 0.00270077 0.00154531 0.00172536 4.15804e-06 0.0111429 0.000276017 2.05946e-05 0.000129322 
0.00602528 1.64884e-10 0.00114048 0.0572502 5.69064e-11 6.12026e-06 0.000625181 0.0250782 0.075386 3.04372e-10 0.437284 5.5945e-05 3.65176e-06 0.00669191 0.000374769 0.0247486 0.0146964 0.0610833 2.95629e-10 0.00724506 0.264748 3.77376e-10 0.0175576 
0.0227322 0.000780763 5.83184e-12 0.00899753 1.10411e-06 9.99793e-07 0.00824704 3.03587e-05 0.000206926 1.66114e-06 0.748614 0.00351084 0.00311673 0.000244822 6.55841e-09 0.006307 0.000878451 0.00451882 2.18185e-06 0.187555 0.00141418 0.000676519 0.00216251 
0.0340271 0.00185983 0.00128688 0.172502 7.0951e-05 5.50796e-06 0.0476314 0.0067977 0.0446995 3.07352e-07 0.327942 0.0139057 0.01066 0.0281458 0.0039414 0.0840835 0.0247397 0.0320377 0.000185851 0.102943 0.0554094 0.00124923 0.00587548 
0.021872 0.000263898 5.89322e-13 0.000965866 8.60451e-10 9.5045e-07 0.000952709 1.12712e-07 0.00048689 9.1403e-10 0.926702 0.0056271 0.00404699 0.000100231 1.06003e-05 0.000627581 0.0242814 0.000489005 6.663e-05 0.00381713 0.000666097 8.35938e-05 0.00893881 
0.0857405 0.00161927 1.78726e-05 0.0300841 3.90683e-05 1.66771e-05 0.00288631 0.00267193 0.0123786 3.44882e-12 0.711666 0.000347859 0.0198971 0.00124939 8.57619e-05 0.085739 0.0271023 0.00114929 1.38661e-07 0.0150514 0.000607925 9.39097e-06 0.00163981 
4.81046e-05 2.80466e-06 4.35972e-05 0.0948175 2.4386e-08 2.97186e-07 0.000624459 0.000295944 0.00558699 1.35477e-07 0.875229 0.000964888 0.000422488 0.000423545 0.00112911 0.00190682 0.000718811 0.00286104 3.22817e-08 0.0112834 0.00162475 0.00187955 0.000136176 
0.103109 0.00304838 1.10251e-05 0.115186 1.18083e-05 1.57083e-06 0.0649864 0.00308618 0.00778105 7.22342e-11 0.501477 0.0035191 0.00786732 0.000370343 0.000192147 0.00398667 0.0018038 0.00668128 1.89455e-08 0.150699 0.000411155 6.21156e-06 0.0257641 
0.0599788 0.000529619 8.71826e-06 0.00148536 3.83529e-05 1.73623e-06 0.0185916 0.00215694 0.00748319 1.47317e-08 0.416058 0.0112787 0.00547737 0.00925549 7.66199e-05 0.110313 0.273723 0.0230773 0.000136834 0.00987494 0.00649668 7.92859e-05 0.0438791 
0.0129442 0.000242862 3.37434e-05 0.396805 2.44852e-06 4.00174e-10 6.86658e-05 0.000295953 0.000376712 1.33365e-07 0.482834 0.0118307 0.000189623 0.000242191 0.000262939 0.0549642 0.017212 0.00626555 2.42728e-08 0.0123195 0.000648757 2.96996e-06 0.00245793 
0.00611662 0.00364919 6.51075e-09 0.312251 1.45752e-05 5.39243e-10 0.0116123 0.0017369 0.00255616 6.39227e-10 0.443139 0.00460456 0.00589283 6.35898e-05 9.47434e-06 0.0366952 0.000904494 0.0105161 5.8727e-06 0.159418 7.01635e-05 0.000654868 8.90577e-05 
0.00928821 0.0147997 6.59733e-07 0.139607 0.0223616 0.000300294 0.0279476 0.00602072 0.0226766 6.0356e-10 0.277247 0.00948498 0.00335308 0.00107438 0.000192243 0.167307 0.0982274 0.0318816 4.16352e-05 0.139063 0.0235726 0.000604225 0.00494888 
0.00123015 0.000940132 0.00323924 0.322569 0.000449821 7.43745e-12 0.000724211 0.0010738 0.00712445 7.38666e-12 0.61411 8.14367e-05 0.00414287 0.00147064 3.28071e-05 0.0209563 0.0142535 0.00224952 3.05344e-08 0.00336255 0.000187635 4.15183e-06 0.00179788 
0.00222352 0.000166221 5.1744e-13 0.000322006 2.30481e-10 9.97548e-08 0.00104458 0.000193032 5.44359e-05 4.67979e-10 0.88452 0.00195663 0.00042764 0.000424993 7.43957e-06 0.0123939 0.0305711 0.000349389 0.000100181 0.00230483 0.00609141 5.82354e-05 0.0567901 
1.74417e-05 9.34831e-09 6.21549e-07 0.0386598 1.24777e-09 6.89104e-08 0.000915157 8.08179e-06 0.000350408 5.15593e-10 0.950799 0.000119694 6.61068e-05 0.000202646 1.6278e-08 0.000175104 5.23959e-06 0.000796563 8.45069e-12 0.00743575 0.000172568 0.000189527 8.64841e-05 
1.74417e-05 9.34831e-09 6.21549e-07 0.0386598 1.24777e-09 6.89104e-08 0.000915157 8.08179e-06 0.000350408 5.15593e-10 0.950799 0.000119694 6.61068e-05 0.000202646 1.6278e-08 0.000175104 5.23959e-06 0.000796563 8.45069e-12 0.00743575 0.000172568 0.000189527 8.64841e-05 
0.00184301 9.50534e-09 0.000656781 0.312078 1.92376e-05 3.32477e-07 0.000174 0.000119273 0.00577173 7.6287e-12 0.635167 2.89881e-05 0.000526224 0.0026165 0.00116248 0.0221614 0.00467444 0.00191769 7.8755e-06 0.00685764 0.00301452 0.000259498 0.000943191 
0.0065805 0.371599 0.000299073 0.0845096 4.35553e-05 5.91028e-09 0.0022243 0.00298162 0.0125628 2.47597e-11 0.425634 8.14259e-05 0.000396303 0.0108546 0.000187322 0.00643502 0.0144235 0.0158401 5.53306e-05 0.0322199 0.0116038 0.000489422 0.000978815 
0.00760105 3.99074e-05 0.000822621 0.148968 1.16013e-05 1.54706e-06 0.00147167 0.00130334 0.00796485 9.75193e-11 0.711518 0.000162432 0.00080411 0.00576227 0.00416354 0.0208397 0.008203 0.0198942 0.000131962 0.0565366 0.00218303 0.000409807 0.00120702 
0.0142184 0.118529 2.37383e-05 0.104784 2.09249e-06 6.93636e-09 0.0575115 0.000423946 0.00198308 4.02764e-11 0.417584 0.00191897 0.000880304 0.000691637 0.000553273 0.0085395 0.00337321 0.01929 3.19539e-07 0.246476 0.00101141 0.000143233 0.00206132 
0.000312176 0.000493927 0.016643 0.441468 0.000192561 2.33192e-08 0.000199165 0.000133894 0.00188046 0.000710544 0.450574 0.000871232 0.000637766 0.00337643 0.00185333 0.0561341 0.00719158 0.0028506 4.61263e-05 0.0119208 0.00207752 3.63216e-05 0.000396236 
0.0573677 0.0020281 0.000870007 0.0862552 6.62461e-05 0.000187203 0.00653701 0.00461711 0.0224719 2.01852e-08 0.44394 0.0047027 0.0014771 0.0471664 0.00447972 0.0843965 0.0311608 0.0096922 0.000688152 0.120451 0.0673143 0.000397744 0.00373351 
0.0065805 0.371599 0.000299073 0.0845096 4.35553e-05 5.91028e-09 0.0022243 0.00298162 0.0125628 2.47597e-11 0.425634 8.14259e-05 0.000396303 0.0108546 0.000187322 0.00643502 0.0144235 0.0158401 5.53306e-05 0.0322199 0.0116038 0.000489422 0.000978815 
0.109877 0.00589041 1.17822e-05 0.318697 3.70348e-05 3.10864e-06 0.00147484 0.0110991 0.0040886 0.000111811 0.405325 0.0016824 0.0183036 0.00923657 0.000320819 0.0227515 0.0127271 0.00388021 0.00201104 0.00923302 0.0525124 0.00022933 0.0104959 
0.0659963 0.00228903 3.59443e-05 0.227895 5.79278e-06 6.77843e-06 0.0198607 0.00554347 0.00961089 7.11539e-05 0.485786 0.0238425 0.00611382 0.00199618 0.000406117 0.0319378 0.031521 0.00729941 0.000543535 0.0184842 0.00608996 0.00338261 0.0512818 
0.0281941 0.000297449 1.21127e-12 0.0183865 4.79097e-06 4.02584e-07 0.00112441 0.000120742 0.000279485 6.8589e-10 0.887881 0.00319444 0.00350223 4.10764e-05 4.77761e-05 0.000565719 0.0062159 0.000771962 1.98427e-05 0.0457226 0.000207811 4.39382e-05 0.00337777 
0.0114216 0.000293994 0.000506633 0.12621 1.72823e-06 1.65453e-08 0.00313711 0.000603026 0.000667359 2.09322e-10 0.813603 0.000203392 0.00022023 0.00275153 0.000489319 0.0159292 0.000495617 0.0133061 2.22204e-07 0.00969255 7.04711e-05 9.72866e-05 0.000300483 
0.0132524 0.00622705 0.000831 0.10703 5.01839e-05 0.0085994 0.0111718 0.00367626 0.0183031 8.82895e-07 0.688032 0.00249504 0.00434037 0.00281851 0.00254339 0.0260223 0.030598 0.00750939 0.00708529 0.0399984 0.00347523 0.0100636 0.00587688 
0.021552 0.0143563 0.00124239 0.086061 0.000539004 0.00106452 0.00715162 0.00508534 0.013457 6.94754e-05 0.689603 0.00547265 0.0210139 0.00445923 0.00229675 0.0417491 0.0301086 0.00702038 0.00135414 0.0326497 0.00486619 0.000871626 0.00795584 
0.000529029 0.00029467 0.000920394 0.0402937 9.1098e-05 1.4283e-08 0.0110772 0.00368702 0.0055522 0.000130538 0.769964 0.00407325 0.00242218 0.0072649 0.00039587 0.0157239 0.0313406 0.00534004 4.42402e-05 0.0263208 0.0626805 0.000920868 0.0109334 
0.0314234 0.0387035 0.000792951 0.148107 0.00546438 1.26442e-05 0.0112133 0.00817844 0.0312964 6.55629e-05 0.370929 0.00364021 0.0113632 0.00578859 0.00326686 0.0808088 0.0539473 0.0224647 0.000105132 0.132249 0.0147405 0.000797099 0.0246423 
0.0305087 0.000251075 4.60951e-05 0.0582147 1.9396e-05 2.04621e-06 0.00117006 0.00128077 0.00230875 2.75252e-10 0.787475 0.00200331 0.0232539 0.00297116 0.00432678 0.0630273 0.00970034 0.00164528 9.40515e-06 0.0040252 0.00376645 8.41093e-05 0.00391009 
0.0569916 0.0459652 0.00567891 0.0659584 0.000119141 1.78605e-05 0.0254789 0.0150763 0.0275053 1.43898e-06 0.225591 0.0159858 0.00945429 0.0728371 0.00179753 0.118976 0.104594 0.024391 2.18702e-05 0.0991922 0.0121831 0.00149496 0.0706875 
0.0574067 0.00219962 0.000380434 0.220603 0.0035908 1.8467e-05 0.00370265 0.0093036 0.0137734 0.000238687 0.32798 0.00840626 0.0178681 0.0219495 0.000239114 0.034418 0.0121623 0.139047 0.000473702 0.105631 0.0156639 0.00156979 0.00337357 
0.122917 0.0825664 2.49452e-09 0.118625 3.19029e-06 8.13366e-08 0.00160816 0.00168724 0.000289236 4.05486e-10 0.615226 0.00061025 0.0107649 0.000296045 6.12875e-07 0.0236261 0.00347878 0.000488639 1.8623e-06 0.0157269 5.27422e-09 0.00139493 0.000688734 
0.0432805 0.0112296 8.95336e-06 0.175455 4.87717e-06 2.24367e-05 0.0186413 0.00587978 0.00440945 1.32173e-09 0.525925 0.00405229 0.0237379 0.0112689 0.000319302 0.0959338 0.0149384 0.0232675 2.21135e-06 0.0348913 0.00262404 0.00182333 0.0022836 
3.87258e-05 0.000316018 9.29138e-07 0.074922 3.09906e-08 2.99037e-12 8.27087e-13 6.58916e-13 2.74894e-06 2.96995e-12 0.924001 1.16727e-09 6.63896e-05 3.47832e-08 1.71231e-08 1.4936e-13 7.27278e-06 0.00019892 9.91468e-10 0.000444723 6.12183e-10 9.01112e-07 1.34411e-09 
0.000312176 0.000493927 0.016643 0.441468 0.000192561 2.33192e-08 0.000199165 0.000133894 0.00188046 0.000710544 0.450574 0.000871232 0.000637766 0.00337643 0.00185333 0.0561341 0.00719158 0.0028506 4.61263e-05 0.0119208 0.00207752 3.63216e-05 0.000396236 
2.40765e-06 0.0101076 2.40511e-06 0.116771 0.0103539 0.0584259 2.40699e-06 2.4072e-06 0.12351 2.40429e-06 0.245086 0.0161314 0.0130022 2.40738e-06 2.40601e-06 0.0895739 0.0534551 0.0623492 0.0264507 0.132903 0.022871 0.0189892 2.40747e-06 
0.0278867 0.027801 0.00158855 0.114424 0.000320309 1.21008e-05 0.00525491 0.00347923 0.0138779 3.34806e-05 0.622148 0.00202658 0.0218342 0.0036787 0.00132572 0.0460829 0.0329071 0.00856105 0.00123493 0.0563174 0.00247395 0.000315475 0.00641543 
0.0189523 0.0427913 0.000147685 0.0340109 2.33046e-05 2.63593e-07 0.00314015 0.00183918 0.00221764 7.71779e-08 0.732165 0.00473898 0.00516236 0.00629177 2.8374e-05 0.0304605 0.0658888 0.00473263 0.000408975 0.0343501 0.00391835 0.00028499 0.00844601 
0.0542056 0.0553274 5.70371e-07 0.0745718 3.55362e-05 2.47928e-05 0.00649517 0.00426624 0.0135344 3.98881e-06 0.559955 0.00130878 0.00732945 0.000778507 0.000273285 0.11885 0.0753748 0.0058055 7.50852e-06 0.0165771 0.00145037 0.000621598 0.00320283 
4.81046e-05 2.80466e-06 4.35972e-05 0.0948175 2.4386e-08 2.97186e-07 0.000624459 0.000295944 0.00558699 1.35477e-07 0.875229 0.000964888 0.000422488 0.000423545 0.00112911 0.00190682 0.000718811 0.00286104 3.22817e-08 0.0112834 0.00162475 0.00187955 0.000136176 
0.0447158 0.0122656 0.00311464 0.184524 0.00102995 1.81127e-05 0.0330989 0.00710445 0.026918 0.0015785 0.242604 0.0142956 0.0147664 0.0167602 0.00129797 0.0741584 0.0483352 0.0464657 0.00180674 0.19091 0.01823 0.00423358 0.0117678 
0.0067419 0.0196317 0.00164802 0.10021 0.000265366 0.0446386 0.00300689 0.00484045 0.00801162 6.98673e-08 0.67761 0.00110323 0.00790301 0.00242974 0.000354529 0.0216996 0.0113136 0.010812 0.0159989 0.0397261 0.00612231 0.0111157 0.0048165 
0.00427443 0.000378849 2.64337e-06 0.000197214 3.84121e-05 2.08079e-06 0.00221763 0.000592244 0.00195986 3.44217e-11 0.691538 0.0114202 0.00364979 0.00953501 3.10448e-05 0.0151894 0.21316 0.000507749 0.000191203 0.00501819 0.00195785 6.10783e-05 0.0380775 
0.1058 0.000698962 3.32707e-05 0.158293 0.000129436 2.82176e-06 0.00559123 0.000573318 0.00569301 1.65958e-12 0.30556 0.000943217 0.0548333 0.00152446 0.000477059 0.276778 0.0374327 0.00740131 4.38895e-05 0.00465426 0.0017474 5.41182e-05 0.0317352 
0.0327743 0.0246414 0.00199185 0.243323 0.0018571 6.05515e-05 0.0133269 0.005088 0.0191953 0.0002524 0.318979 0.0115974 0.0192327 0.00769498 0.00354557 0.0711592 0.030692 0.0286848 0.00143404 0.14818 0.00659395 0.00177519 0.0079205 
0.00123015 0.000940132 0.00323924 0.322569 0.000449821 7.43745e-12 0.000724211 0.0010738 0.00712445 7.38666e-12 0.61411 8.14367e-05 0.00414287 0.00147064 3.28071e-05 0.0209563 0.0142535 0.00224952 3.05344e-08 0.00336255 0.000187635 4.15183e-06 0.00179788 
0.0405653 0.120301 0.00154271 0.245524 0.000438207 0.000285255 0.0177385 0.0133247 0.0204011 0.000130929 0.372926 0.00288471 0.0144959 0.00858856 0.00131315 0.0422865 0.0270142 0.00885404 0.000400491 0.0545328 0.00209288 0.000794452 0.00356439 
0.0140464 0.185186 0.00252737 0.0125657 5.50542e-05 3.74477e-06 0.00248927 0.00243061 0.00356328 2.46042e-11 0.388594 6.98301e-05 0.00886517 0.00139623 0.000168441 0.0860357 0.263142 0.00292449 5.85904e-05 0.0157413 0.00336427 0.00115118 0.00562146 
0.0305087 0.000251075 4.60951e-05 0.0582147 1.9396e-05 2.04621e-06 0.00117006 0.00128077 0.00230875 2.75252e-10 0.787475 0.00200331 0.0232539 0.00297116 0.00432678 0.0630273 0.00970034 0.00164528 9.40515e-06 0.0040252 0.00376645 8.41093e-05 0.00391009 
3.87258e-05 0.000316018 9.29138e-07 0.074922 3.09906e-08 2.99037e-12 8.27087e-13 6.58916e-13 2.74894e-06 2.96995e-12 0.924001 1.16727e-09 6.63896e-05 3.47832e-08 1.71231e-08 1.4936e-13 7.27278e-06 0.00019892 9.91468e-10 0.000444723 6.12183e-10 9.01112e-07 1.34411e-09 
0.012944 5.39709e-05 3.37257e-05 0.235913 2.44322e-06 1.83122e-10 6.86477e-05 0.00029592 0.00037669 6.09055e-08 0.665236 0.0073024 0.000189603 0.000242164 0.000262868 0.054964 0.0157256 0.00119631 9.01412e-09 0.00245839 0.000648719 1.59593e-05 0.00206999 
0.0299906 0.016053 0.000941244 0.134772 0.00775214 0.000138813 0.0224132 0.00322225 0.0686128 5.32085e-07 0.330495 0.00649037 0.00820815 0.0127936 0.00237162 0.0366934 0.0322657 0.115325 9.12445e-06 0.14494 0.0201198 0.00131511 0.00507632 
0.0129442 0.000242862 3.37434e-05 0.396805 2.44852e-06 4.00174e-10 6.86658e-05 0.000295953 0.000376712 1.33365e-07 0.482834 0.0118307 0.000189623 0.000242191 0.000262939 0.0549642 0.017212 0.00626555 2.42728e-08 0.0123195 0.000648757 2.96996e-06 0.00245793 
0.00377395 0.000207776 0.00505863 0.44278 0.00023333 1.61854e-07 0.000189727 0.000226833 0.000401707 2.81692e-05 0.452157 0.000131744 0.000691921 0.00153977 0.000261766 0.0252148 0.00325701 0.00646372 2.70163e-05 0.056241 0.000581678 5.76092e-05 0.000474894 
3.958e-05 0.000103647 4.21372e-12 0.0029502 8.60018e-07 1.71475e-09 0.00265767 1.42318e-08 0.00038258 5.40886e-12 0.897263 0.00205655 0.00135035 1.55368e-05 0.000154132 0.00262201 0.00698386 0.00363932 0.00149969 0.0102791 0.0136365 5.14759e-05 0.0543138 
0.0431628 0.0017728 0.000193896 0.128794 0.000751947 1.26332e-06 0.0162066 0.00702424 0.00619944 1.37855e-07 0.534612 0.00647313 0.086639 0.00359747 0.00130902 0.0953001 0.0336547 0.00585153 0.00154337 0.0138905 0.00202716 0.000399042 0.0105959 
0.0297865 0.117981 4.59584e-05 0.0835875 6.56083e-06 9.68034e-08 0.0081576 0.0029866 0.000371881 2.30074e-10 0.694663 0.00050853 0.00726698 0.000505673 1.43834e-05 0.0124599 0.00315517 0.00572635 0.00139425 0.0292633 0.000478293 0.000278929 0.00136205 
0.131663 0.0685145 3.53733e-05 0.0825093 8.10452e-06 1.91524e-07 0.0144604 0.00253502 0.00418881 7.55072e-05 0.522651 0.00404656 0.00817355 0.0267518 4.59808e-05 0.0676273 0.0291883 0.00237907 1.79276e-06 0.0227899 0.00139825 0.000816335 0.01014 
0.0423724 0.00380873 0.00172055 0.239648 0.000128862 6.45356e-06 0.00654607 0.00726866 0.00778739 0.00035612 0.340086 0.00438722 0.0337383 0.0137886 0.00482603 0.0893348 0.026308 0.106182 0.000485056 0.0573328 0.00487321 0.00114791 0.00786685 
0.0165828 0.00133224 0.0128088 0.0940203 0.0133448 3.12431e-05 0.0202685 0.0553263 0.0279452 1.1503e-08 0.246477 0.00211971 0.0710906 0.0150392 0.000393378 0.135763 0.23928 0.00483971 0.00124179 0.00734212 0.00279491 4.50438e-05 0.0319138 
0.012944 5.39709e-05 3.37257e-05 0.235913 2.44322e-06 1.83122e-10 6.86477e-05 0.00029592 0.00037669 6.09055e-08 0.665236 0.0073024 0.000189603 0.000242164 0.000262868 0.054964 0.0157256 0.00119631 9.01412e-09 0.00245839 0.000648719 1.59593e-05 0.00206999 
0.0190303 0.000648403 2.84155e-05 0.0205765 4.18188e-05 2.97926e-06 0.00170687 0.00128194 0.00293173 9.00211e-10 0.769366 0.00641573 0.015254 0.00775633 0.0016532 0.0487671 0.077303 0.0010943 6.24409e-05 0.00528657 0.00401282 9.20984e-05 0.0166876 
0.021872 0.000263898 5.89322e-13 0.000965866 8.60451e-10 9.5045e-07 0.000952709 1.12712e-07 0.00048689 9.1403e-10 0.926702 0.0056271 0.00404699 0.000100231 1.06003e-05 0.000627581 0.0242814 0.000489005 6.663e-05 0.00381713 0.000666097 8.35938e-05 0.00893881 
0.00130534 5.54163e-05 9.75538e-06 0.133977 0.000106134 6.1898e-06 0.00314046 0.000475921 0.0725767 5.76007e-11 0.710907 0.000140738 9.61097e-05 0.000992169 0.0027022 0.0241959 0.0229046 0.00846011 6.91046e-06 0.00840662 0.00461198 0.000556991 0.00436499 
0.00123015 0.000940132 0.00323924 0.322569 0.000449821 7.43745e-12 0.000724211 0.0010738 0.00712445 7.38666e-12 0.61411 8.14367e-05 0.00414287 0.00147064 3.28071e-05 0.0209563 0.0142535 0.00224952 3.05344e-08 0.00336255 0.000187635 4.15183e-06 0.00179788 
0.0381026 0.0233099 0.00384573 0.265874 0.0117628 3.94731e-05 0.0243052 0.00801207 0.0348506 9.06978e-05 0.298541 0.00589797 0.018217 0.00319946 0.000927253 0.0597582 0.0202565 0.0121469 9.12716e-05 0.155966 0.00295605 0.00112053 0.0107296 
0.021872 0.000263898 5.89322e-13 0.000965866 8.60451e-10 9.5045e-07 0.000952709 1.12712e-07 0.00048689 9.1403e-10 0.926702 0.0056271 0.00404699 0.000100231 1.06003e-05 0.000627581 0.0242814 0.000489005 6.663e-05 0.00381713 0.000666097 8.35938e-05 0.00893881 
0.00789329 0.165842 0.00322557 0.19293 0.000160627 4.95306e-06 0.00175828 0.0012679 0.0169673 0.000109984 0.52676 0.000268906 0.00527577 0.00280527 0.00354089 0.0296418 0.00955716 0.00345826 3.93485e-05 0.0246125 0.00206251 0.00084689 0.000971288 
0.000479536 0.0060438 2.76329e-05 0.363587 2.20044e-11 1.18503e-10 0.000186123 1.51468e-07 6.57387e-05 9.55688e-05 0.422807 4.75123e-08 0.00143823 2.83809e-05 0.0021246 5.66671e-08 2.17886e-05 0.0404862 1.17094e-06 0.160134 0.000162676 0.00226053 4.98062e-05 
0.0076073 0.13238 0.00297259 0.097342 0.000128119 2.05954e-07 0.00233349 0.00172579 0.0029541 9.22362e-06 0.669669 0.00143454 0.00885172 0.0012558 0.000774712 0.0373587 0.013862 0.00331605 1.47927e-05 0.0125323 0.00136596 3.82523e-05 0.0020743 
0.0305087 0.000251075 4.60951e-05 0.0582147 1.9396e-05 2.04621e-06 0.00117006 0.00128077 0.00230875 2.75252e-10 0.787475 0.00200331 0.0232539 0.00297116 0.00432678 0.0630273 0.00970034 0.00164528 9.40515e-06 0.0040252 0.00376645 8.41093e-05 0.00391009 
0.0291741 0.00873295 0.000192992 0.0901331 4.42229e-06 3.86868e-07 0.00214575 0.00173291 0.000866408 4.6728e-09 0.808611 0.000701916 0.00681403 0.00189574 0.000829553 0.0248442 0.00347067 0.00384467 5.28891e-06 0.0137868 0.000555006 0.000345444 0.00131236 
0.00427443 0.000378849 2.64337e-06 0.000197214 3.84121e-05 2.08079e-06 0.00221763 0.000592244 0.00195986 3.44217e-11 0.691538 0.0114202 0.00364979 0.00953501 3.10448e-05 0.0151894 0.21316 0.000507749 0.000191203 0.00501819 0.00195785 6.10783e-05 0.0380775 
0.0381107 0.068189 0.0349242 0.0667044 0.00781079 0.000298848 0.0309207 0.00423014 0.0357756 3.55551e-07 0.347145 0.014813 0.0312999 0.0820517 0.000407214 0.0537511 0.0660197 0.0283884 0.00832773 0.060528 0.0161173 0.000282026 0.00390458 
0.0227394 0.00568031 0.00927641 0.150556 1.80861e-05 0.000133029 0.0433067 0.00145283 0.072745 1.95572e-08 0.552404 0.000751909 0.00832024 0.00438453 0.0010034 0.0189991 0.00810272 0.0196741 3.61507e-05 0.0736714 0.00322472 0.00107086 0.00244887 
0.000529029 0.00029467 0.000920394 0.0402937 9.1098e-05 1.4283e-08 0.0110772 0.00368702 0.0055522 0.000130538 0.769964 0.00407325 0.00242218 0.0072649 0.00039587 0.0157239 0.0313406 0.00534004 4.42402e-05 0.0263208 0.0626805 0.000920868 0.0109334 
0.00924794 0.0458913 5.78068e-07 0.0581437 6.61083e-06 3.78318e-06 0.00547185 0.00161285 0.000386291 1.39156e-06 0.508588 0.00496126 0.00590136 0.00178994 2.18507e-05 0.0103492 0.00320759 0.0241743 1.49037e-08 0.302302 0.00305862 8.55197e-06 0.0148716 
0.00456696 0.000569527 0.00418023 0.249738 5.59533e-05 7.86525e-08 0.00134567 0.000607986 0.00151952 0.00027367 0.670256 0.000395676 0.000561668 0.00383414 0.00101957 0.0370936 0.00462617 0.00863876 1.96245e-05 0.00930818 0.00075409 5.84511e-05 0.000576459 
