0.0560478 0.000140205 6.06174e-05 0.0133813 0.000406763 0.00451103 0.051902 0.0283178 0.200543 2.244e-06 0.00210912 0.238776 0.0808749 0.0594358 0.052392 0.0344718 0.142894 0.0108461 0.000150231 0.00558513 0.00452184 3.8669e-05 0.012592 
0.0839151 0.00076795 0.00150966 0.0107744 0.00272018 3.27254e-05 0.00742042 0.0169923 0.00820032 0.00130083 0.00776337 0.382315 0.0291504 0.0195997 0.0010466 0.122117 0.0641276 0.0105378 0.000568926 0.0147345 0.0113874 0.000338735 0.202679 
0.162888 0.00184745 0.000589077 0.00860133 0.00486001 2.16759e-05 0.014852 0.0172782 0.022949 0.000586311 0.0077254 0.327267 0.0483288 0.0192136 0.0058652 0.141742 0.0766035 0.0065604 0.000744022 0.0324337 0.0370645 0.000728434 0.0612495 
0.00265016 0.000349833 0.000427783 0.00553238 4.12279e-05 1.93932e-06 0.00039018 0.000583649 0.00124595 4.41161e-07 0.00028018 0.819939 0.00790245 0.00246342 7.86954e-06 0.0152224 0.000682105 0.00188783 1.27831e-05 0.00903322 0.0622959 5.27504e-06 0.069044 
0.226352 0.00288618 5.00872e-06 0.0619669 7.61871e-06 9.75293e-06 0.00331276 0.0532799 0.0184454 9.45033e-07 0.00364319 0.459267 0.00383144 0.0174908 3.85735e-06 0.0426045 0.0456583 0.000708764 0.00180395 0.0402617 0.00242881 0.000263438 0.0157683 
0.0725709 0.00701879 2.26584e-06 0.0118949 9.72063e-06 8.08164e-07 0.00432513 0.00054834 0.0125576 0.000851522 0.00114715 0.732988 0.00544088 0.00381563 0.00349468 0.0355666 0.00384355 0.00483471 0.000653004 0.0585921 0.0117318 0.000657003 0.0274555 
0.0507655 0.000834824 0.0650733 0.0307557 9.39436e-05 0.000258136 0.00733867 0.138804 0.0634053 4.96251e-05 0.023007 0.383506 0.0166066 0.00656028 0.0126167 0.0571875 0.0835662 0.0115401 0.00224726 0.024456 0.00515576 0.000486852 0.0156846 
0.0707665 5.33979e-05 0.00156363 0.0258827 0.00731121 8.36565e-05 0.0400256 0.104351 0.0977883 0.00198067 0.000610032 0.216841 0.0476202 0.0268826 0.0813124 0.131358 0.0642221 0.00214983 0.002198 0.0137388 0.0194718 6.62697e-05 0.0437219 
0.0830093 0.000177634 0.00907934 0.0343473 0.00608234 5.59401e-06 0.00429008 0.031486 0.0254303 3.14416e-07 0.0145976 0.266685 0.0597566 0.0274905 0.0130005 0.10437 0.0378472 0.00339938 0.00101606 0.0181443 0.0239175 0.00614916 0.229718 
0.015755 0.000129372 3.09994e-06 0.00505522 3.68246e-05 2.54468e-05 0.0166365 0.0095174 0.0631526 4.83359e-09 1.68544e-06 0.746375 0.0183657 0.0156909 5.23677e-07 0.0223274 0.0585128 0.000657008 4.69475e-09 0.0088097 0.00160166 1.1052e-06 0.0173445 
0.0740445 0.0004371 0.00154262 0.0339804 8.12041e-05 0.0316853 0.00944141 0.255779 0.0159299 0.0156513 0.0108014 0.282588 0.0307966 0.0329972 0.00997422 0.0289679 0.0521247 0.0011914 0.0144259 0.0290615 0.00553123 0.00452693 0.0584405 
0.128945 2.94405e-05 0.000965301 0.00621764 0.000309947 2.2411e-05 0.00651755 0.104039 0.0246224 4.24681e-08 0.00179341 0.2053 0.00557036 0.137289 5.43686e-05 0.13578 0.0842718 0.00472174 7.20523e-06 0.0100137 0.0162141 1.10125e-05 0.127304 
0.0850963 0.00176687 0.0147297 0.0273107 0.00228261 3.69287e-05 0.0325438 0.057492 0.0520741 9.28843e-05 0.0100945 0.206191 0.023829 0.0307544 0.00233475 0.15612 0.0561484 0.0203248 0.00245676 0.0266929 0.0440239 0.000905679 0.146698 
0.0218929 0.000663904 0.00221156 0.0187649 0.00137803 0.000150947 0.0238613 0.0212135 0.108408 9.07335e-08 0.000381816 0.194348 0.0267174 0.0696876 0.000764574 0.115051 0.160343 0.0503065 0.00401454 0.0753994 0.0115458 1.95479e-05 0.0928757 
0.0832786 0.000757265 0.000363452 0.0194568 6.73119e-05 0.000297176 0.0124524 0.00681603 0.01614 0.0244925 0.000294011 0.394989 0.00508686 0.144446 0.00247997 0.0432995 0.0251595 0.0147152 0.00285393 0.0730568 0.0341019 0.00102758 0.0943683 
0.110456 0.000219764 0.0117115 0.00476896 0.00458169 0.0394935 0.00210138 0.037111 0.0950085 4.42797e-07 0.000313942 0.256963 0.0177977 0.0356136 8.80048e-05 0.109907 0.0448677 0.000476349 5.43894e-06 0.0105332 0.00492494 0.0188972 0.194159 
0.104527 0.00105331 0.00171954 0.177316 8.60753e-05 8.70092e-05 0.00822661 0.045226 0.0941219 2.19625e-05 0.030441 0.20315 0.025539 0.0250588 4.10203e-05 0.0231706 0.172685 0.0109909 0.000118547 0.0506919 0.00208297 4.39867e-05 0.0236014 
0.0603963 3.72553e-05 8.74198e-06 0.000880623 2.42952e-05 5.22491e-07 0.00118684 0.0753418 0.00103212 2.00809e-09 0.000141438 0.766671 0.00727159 0.00212115 0.00735255 0.0339054 0.0139533 0.00123244 1.07345e-05 0.00302175 0.000212157 0.000276882 0.0249214 
0.0577295 8.25839e-05 7.01022e-05 0.0156304 0.000287377 1.24354e-06 0.0117836 0.0107606 0.0407499 0.00026697 0.00169468 0.384211 0.186682 0.00159094 0.000295101 0.1354 0.0575965 0.00888759 3.73355e-07 0.0125842 0.0243669 8.67891e-05 0.0492412 
0.0432408 0.0029154 0.00025157 0.01839 0.000323407 1.22045e-05 0.0124173 0.247652 0.148022 3.06843e-09 0.000297803 0.342593 0.00339294 0.0019301 0.00191934 0.0219122 0.0471339 0.0153308 0.000189337 0.0717365 0.000229177 2.13866e-06 0.0201075 
0.219321 9.71326e-08 4.22905e-10 2.12179e-06 4.52317e-08 4.47031e-07 5.01465e-07 0.232448 6.74027e-05 5.42853e-10 1.41036e-08 0.476756 0.00862652 0.0181701 4.56207e-06 0.00659361 0.0194354 4.07978e-08 0.00121775 0.000364558 1.0968e-09 1.41843e-07 0.0169918 
0.114247 0.0001065 8.12371e-05 0.000654299 6.34971e-06 1.47524e-09 0.0274711 0.0203243 0.00124534 7.53253e-11 0.000276136 0.485694 0.020952 0.0229747 0.0532961 0.118412 0.0619577 0.000250699 0.0028962 0.00933334 0.000194505 1.70806e-08 0.0596263 
0.0850644 0.000192302 0.000195197 0.0154218 0.000138665 1.53464e-08 0.00626069 0.063632 0.0203425 1.25178e-05 0.0072156 0.264452 0.0127634 0.0142529 0.000533434 0.110413 0.223247 0.00162776 0.000679763 0.012726 0.0418344 1.47883e-05 0.118979 
0.093924 0.00401981 0.000160422 0.013226 2.06436e-05 4.64369e-06 0.00175664 0.00242502 0.000259773 5.41135e-06 0.00207312 0.43536 0.000160288 0.135552 3.56673e-06 0.158991 0.0605785 0.00393528 2.2337e-05 0.053543 0.00148928 7.2048e-06 0.0324823 
0.0381293 0.000331818 0.0067044 0.0280357 7.67281e-05 8.70442e-06 0.00671737 0.0213115 0.14971 0.00027183 0.00262181 0.46685 0.000835918 0.0160558 0.000547735 0.0664779 0.0818227 0.0177065 9.8661e-07 0.0225956 0.004125 0.000809038 0.0682533 
0.049005 0.000170544 0.0024779 0.00963616 0.000252015 3.7129e-06 0.00997947 0.0056918 0.0544344 0.000291546 0.000298993 0.343898 0.0101527 0.120463 0.00618988 0.0608169 0.0697833 0.0104336 3.66707e-07 0.0127869 0.0887972 3.82669e-05 0.144398 
0.110127 0.000886773 3.85641e-05 0.0082062 9.21866e-05 5.73427e-10 0.1689 0.0215517 0.00156437 0.00198724 0.012295 0.317479 0.0198787 0.0305345 0.000725165 0.0737276 0.0860551 0.00120456 1.47382e-07 0.0333463 0.00323303 0.000332843 0.107834 
0.0436756 0.000122898 0.000136815 0.00188641 0.00010722 1.47196e-05 0.0149659 0.0146509 0.0115681 4.34395e-05 0.00144719 0.415029 0.0311703 0.13783 0.000106493 0.0966988 0.119973 0.00853387 5.08079e-05 0.0123111 0.0406172 4.45446e-05 0.0490153 
0.033095 0.00108637 0.000464858 0.0334645 1.66147e-05 5.44171e-06 0.000913478 0.0746879 0.0424036 2.00021e-08 0.00115529 0.439306 0.00981946 0.0294938 0.0175078 0.089167 0.114732 0.00212848 0.00117889 0.0157445 0.00938146 0.000826959 0.083421 
0.151625 1.06725e-05 1.35702e-08 0.000665376 6.02597e-06 3.15159e-07 0.0556343 0.0109441 0.00120641 1.74191e-08 0.000759052 0.608329 0.0501715 0.0119654 0.000354653 0.0208836 0.0489265 7.70899e-05 4.31189e-06 0.00416472 0.00152608 8.68055e-05 0.0326586 
0.0400895 0.000126924 0.00196191 0.0394434 0.00211211 0.00558813 0.00337703 0.0195291 0.0983317 0.0230396 0.0149734 0.287725 0.0786558 0.0617024 0.0656253 0.0510724 0.0579296 0.0167661 0.00364443 0.00447999 0.0428532 0.000781841 0.0801912 
0.0931969 0.00203174 0.000822472 0.00872846 0.00437687 0.000712039 0.00761129 0.0199791 0.0144369 0.000174056 0.00368024 0.390617 0.0752935 0.0998733 0.000470202 0.129114 0.0497742 0.00795709 0.000826717 0.0131123 0.0315434 0.000493605 0.045175 
0.0496733 1.61168e-06 1.273e-05 5.7794e-06 6.27587e-09 2.75856e-05 0.00231377 0.000695475 0.000251996 5.02273e-07 2.08325e-05 0.912254 6.69937e-05 0.000244784 0.000427833 0.00791022 0.00596672 0.000976994 8.64613e-06 0.000239385 0.00249493 2.5913e-06 0.0164034 
0.130575 0.000138851 0.000436182 0.00710968 0.000410143 6.00681e-06 0.000116404 0.0108628 0.00849559 0.271722 0.00407765 0.381803 0.0102284 0.00501938 0.00383518 0.0465582 0.0595656 0.00213104 0.00569689 0.00684737 0.0203653 1.02698e-05 0.0239896 
5.81948e-05 3.62587e-05 2.36709e-08 0.000145131 5.68081e-09 3.05935e-08 0.00402654 9.75562e-07 0.00679569 0.0055814 4.25382e-09 0.917808 5.26888e-09 1.37581e-05 1.50709e-06 0.0064723 2.04616e-09 0.0434155 7.29133e-05 0.000262958 8.08639e-06 3.76724e-08 0.0153003 
0.0825352 0.000895425 0.00196481 0.0418403 0.000796859 8.49978e-05 0.0160654 0.012335 0.035257 6.85433e-06 0.0164122 0.224122 0.040333 0.0397217 0.000224573 0.184088 0.223476 0.0214063 1.89622e-05 0.0142766 0.0174114 0.000994606 0.0257322 
0.164578 0.000610588 0.00467443 0.0257118 0.000175193 1.87176e-05 0.0216688 0.0184273 0.0285998 0.010645 0.0151227 0.183724 0.155056 0.0488869 0.000857539 0.0525545 0.0828056 0.0259436 0.0458313 0.0554527 0.0189062 0.000212411 0.0395363 
0.0562089 1.77073e-05 0.00525748 0.0528374 0.000170692 1.46911e-05 0.0221591 0.0697312 0.0178171 0.000469218 0.00505188 0.333521 0.0235577 0.0646568 0.0196686 0.159636 0.111148 0.0152282 0.00550424 0.00589853 0.00235782 0.000504475 0.0285836 
0.0291229 3.23879e-05 0.00112954 0.00143511 7.32489e-06 0.00016176 0.00949172 0.15459 0.00656353 0.000985792 0.00149147 0.542751 0.00871671 0.0246535 0.00327112 0.0234604 0.0484526 0.00735816 5.21178e-05 0.0282125 0.00194069 0.000160817 0.10596 
0.085474 0.00255797 8.45071e-05 0.0202611 0.000159054 1.29149e-06 0.0174075 0.0824608 0.0129253 0.000734238 0.0110489 0.407044 0.064711 0.00376868 0.000166062 0.110131 0.0585851 0.00494589 0.000205245 0.0387048 0.0122417 0.000144823 0.0662368 
0.144224 0.00103765 7.12519e-07 0.0380962 8.71233e-06 8.93032e-06 0.0486683 0.0274326 0.00437511 1.37552e-06 0.0329161 0.390882 0.0253664 0.00715502 0.000109132 0.022662 0.00882741 0.00100683 0.00184476 0.0946312 0.0117154 1.11074e-05 0.139019 
0.0128316 2.31403e-06 1.57026e-05 1.05615e-10 1.78673e-10 1.08938e-06 1.15252e-06 0.217905 1.2657e-06 9.55658e-10 4.08669e-07 0.753143 0.00233237 1.88813e-06 4.1713e-07 0.00873507 4.26344e-06 2.26205e-07 1.87281e-06 0.000136624 1.94992e-07 5.09559e-07 0.00488531 
0.0132412 6.57299e-05 0.00475683 0.00610669 0.0366068 4.63528e-05 0.0294234 0.0891392 0.0853599 9.36478e-07 0.00343107 0.357812 0.0414076 0.0124401 2.76692e-05 0.0601745 0.0781571 0.0185116 8.42537e-06 0.0891237 0.0296531 0.00210153 0.0424041 
0.0903993 0.000128995 3.79941e-05 0.0058159 0.00466561 4.10428e-05 0.00191097 0.0211865 0.00786955 0.000619952 0.00557079 0.696397 0.0157932 0.034536 0.0135309 0.0211398 0.0230857 0.00441228 0.00244239 0.0268388 0.00588523 0.000223477 0.0174684 
0.0526487 0.00018646 0.000118906 0.0232311 5.2649e-05 4.43368e-05 0.00129584 0.0620733 0.0953027 1.15943e-07 0.00466725 0.24958 0.000610858 0.0436086 0.00028614 0.0197594 0.0770116 0.162405 0.000359323 0.00575695 0.186203 1.95329e-05 0.0147789 
0.0455799 5.39717e-05 5.95273e-05 0.0143085 4.75744e-05 5.87997e-07 0.00373682 0.0796478 0.13755 3.65127e-06 0.000137929 0.179077 0.0499108 0.12974 2.69752e-05 0.0704811 0.140406 0.0236283 0.000220191 0.0154142 0.0114426 3.42914e-06 0.0985234 
0.0312369 2.85563e-05 0.00122961 0.0406988 3.74914e-06 0.000229583 0.0042019 0.00777555 0.138376 0.000148406 0.000204778 0.394809 0.0017852 0.0415741 6.95804e-05 0.0261643 0.076156 0.00208373 0.00189721 0.00845387 0.0563701 0.000248245 0.166256 
0.0568984 1.8428e-05 1.72229e-06 0.0125473 2.2536e-06 2.16533e-09 0.00059953 0.00760215 4.74834e-05 2.15055e-09 0.0169418 0.549607 7.11962e-05 0.0596422 2.9432e-05 0.00292006 0.025819 0.00022948 0.000127952 0.0130358 0.0746148 2.66004e-05 0.179218 
0.0403955 1.15718e-07 1.66414e-07 0.0228283 4.30941e-05 6.2376e-06 0.00141112 0.00103639 0.0119102 2.13613e-07 1.22313e-05 0.616106 0.000343661 0.0349647 0.000165724 0.0392527 0.00714414 0.00128889 4.20878e-05 0.000480149 0.0342504 5.01975e-07 0.188318 
0.093632 0.000385734 5.52577e-05 0.0165615 0.0108207 4.47175e-05 0.0309692 0.0271663 0.0397094 0.100985 0.00367686 0.244483 0.0202053 0.0157993 0.00360195 0.0286859 0.0642061 0.0124101 0.0203798 0.087355 0.0273567 0.000208039 0.151303 
0.0327771 0.000131274 0.00290846 0.00380798 1.48864e-06 0.000121226 0.155167 0.000561912 0.0194779 0.00259753 4.96161e-05 0.330363 0.0142447 0.00966298 0.00804729 0.245578 0.0419068 0.00284003 3.18859e-05 0.0277485 0.0412996 6.79451e-05 0.0606084 
0.0953794 0.00123153 0.000731746 0.0274575 2.08881e-06 5.32871e-05 0.00812685 0.0826868 0.0173006 5.23162e-08 0.0105204 0.367502 0.0117078 0.00751099 9.60991e-06 0.0152882 0.0593648 0.00112991 4.53178e-06 0.276042 0.00236936 0.000900118 0.0146802 
0.233633 1.78708e-05 2.73377e-05 0.000304594 3.8939e-05 0.000846757 0.000102747 0.0449493 0.047999 0.000296882 0.000457027 0.511035 0.00377914 0.0188344 0.000135554 0.0632152 0.0190991 0.000250299 0.000296947 0.00319515 0.0085246 1.29362e-07 0.042961 
0.107391 9.28647e-05 9.76238e-07 0.0121468 9.01717e-06 1.69232e-06 0.00402399 0.00315688 0.0329541 0.00313828 0.00127539 0.447156 0.0403089 0.121589 0.00630686 0.0358906 0.0560315 0.00339107 0.000292159 0.0411797 0.0114214 0.000437737 0.0718037 
0.0538038 0.000505991 1.34658e-05 0.0131116 5.3643e-05 2.15653e-06 0.00219658 0.0185526 0.000490605 2.53637e-06 0.00733172 0.709945 0.0178594 0.00614574 0.00247291 0.0185285 0.0132292 0.0036593 0.000489333 0.0512323 0.0154156 0.000114464 0.0648434 
0.0220395 9.81031e-05 0.000287175 0.00313512 0.00777885 9.10628e-07 0.00305277 0.0102064 0.00223542 2.98194e-05 0.00132771 0.596241 0.0033284 0.00932686 0.000214129 0.0144191 0.0356189 0.00185832 0.000707592 0.00410219 0.256572 0.000522756 0.0268971 
0.022247 3.68151e-05 1.48141e-05 0.0344439 0.000381458 0.000135928 0.0811916 0.0907397 0.0418945 2.7135e-08 0.000883164 0.501784 0.0391288 0.00529436 0.000883417 0.0717928 0.0242286 0.00473505 5.18948e-07 0.0390969 0.0329524 0.000184606 0.00795004 
0.0277064 2.47365e-05 1.01735e-05 1.34077e-05 5.59346e-06 4.01811e-06 0.00387674 0.314303 5.85825e-05 4.85864e-08 7.32624e-05 0.600794 0.00242748 0.000863561 2.0638e-05 0.0325589 0.00829091 2.10864e-05 6.27654e-06 0.00517537 2.47726e-06 1.76591e-05 0.00374631 
0.00547716 0.000230722 9.84818e-06 0.00774617 1.75127e-05 4.37464e-06 0.00591149 0.0144561 0.0447332 0.00558912 9.95672e-05 0.809914 0.00011858 0.0119083 0.00333919 0.013157 0.00733795 0.00166505 1.05507e-06 0.0163409 0.0183023 9.35895e-05 0.0335471 
0.0957579 0.00177575 1.06912e-06 0.000667994 4.34729e-06 4.69819e-08 0.00325869 0.148829 0.000160882 2.46489e-07 0.017186 0.370819 0.0245042 0.000553909 2.02197e-05 0.0212924 0.0287598 0.000684015 1.00371e-06 0.0181754 9.33359e-05 9.59318e-05 0.267359 
0.0264511 0.000312291 2.00675e-09 0.00301668 4.90905e-05 2.59363e-09 6.04424e-07 1.5378e-06 1.32761e-05 9.2611e-06 3.60626e-10 0.68796 0.000353235 0.0985171 0.000937253 0.0346136 0.00371871 0.0161672 0.000170431 0.00426535 0.00644533 3.19375e-09 0.116998 
0.0544969 0.000458506 0.000698728 0.0554117 1.24808e-05 2.84268e-05 0.00161417 0.0211065 0.0152029 6.0925e-07 0.0521961 0.341402 0.0351464 0.0100753 0.00146499 0.215443 0.0834884 0.0213349 0.00155058 0.0266744 0.0223189 0.00139723 0.0384771 
0.0192887 0.000120901 2.89181e-07 0.00669592 3.10179e-06 1.98863e-06 0.00049732 0.000265819 1.68675e-06 3.10057e-06 0.000194795 0.890879 0.000186716 5.96202e-05 0.00360483 0.0104979 0.000498467 8.05818e-06 7.22586e-06 0.050112 0.0150086 0.000148363 0.00191519 
0.142099 0.000145671 6.73692e-08 0.00487232 2.63321e-10 1.41809e-09 2.12702e-06 0.000140203 4.95601e-05 1.40841e-09 0.000317 0.823798 0.00180574 2.45017e-10 8.96632e-06 0.0096371 0.00853158 1.25562e-07 1.45924e-06 0.00323134 0.000324842 1.74622e-09 0.00503467 
0.02363 7.30788e-06 0.00840672 0.00473124 3.44569e-05 4.2815e-06 0.00340552 0.010723 0.00679494 0.00174563 0.0177236 0.553778 0.0243941 0.0799427 2.15138e-05 0.0940855 0.0602439 0.0123319 8.10841e-07 0.0171558 0.027497 0.000615515 0.0527264 
0.0996882 0.000223235 9.20987e-06 0.00343459 0.000539749 1.03038e-05 0.00460334 0.0132648 0.00164476 2.46017e-06 0.00768635 0.530644 0.0210257 0.0258195 0.00146351 0.0491301 0.0327336 0.0016235 0.000307462 0.0142955 0.00478446 8.57012e-05 0.18698 
0.0414296 6.58255e-05 0.00143715 0.00321196 0.00333994 1.84389e-06 0.00365958 0.00551133 0.0060005 5.17406e-06 0.00510883 0.686819 0.00277898 0.0809729 0.00604422 0.0271381 0.069157 0.0181047 0.000377079 0.0227981 0.00428583 8.10254e-05 0.011671 
0.0917845 1.27686e-05 0.000214681 0.0225894 3.18159e-05 2.50379e-05 0.0050008 0.0981617 0.00103155 2.48957e-06 0.00546855 0.423666 0.0195026 0.0264013 0.0260136 0.20316 0.0602081 0.000976516 0.00828041 0.00266635 2.04605e-07 5.39156e-05 0.00474689 
0.0839706 0.00141728 0.000633632 0.014416 0.000990689 8.78308e-06 0.00382314 0.194289 0.0121905 1.52896e-06 0.00113718 0.376363 0.0163114 0.015136 0.00125687 0.0657582 0.0127471 0.00213932 0.000991339 0.014441 0.00371024 0.000162271 0.178105 
2.52723e-05 1.06128e-05 3.61632e-05 3.95968e-05 2.654e-10 1.42929e-09 0.00013097 0.183666 0.154227 5.69231e-07 7.69116e-06 0.355813 2.93174e-05 2.89431e-05 0.0653356 0.239979 0.000116261 4.9119e-05 1.35132e-05 0.000118487 3.72951e-05 1.12658e-05 0.000323851 
0.0204278 3.6511e-11 2.10079e-07 0.000998285 1.2601e-11 4.79853e-05 0.00311932 0.10194 0.0441819 6.73985e-11 9.43572e-12 0.806204 3.55305e-07 7.10554e-07 3.63658e-11 1.749e-07 0.013413 0.000820548 6.54625e-11 7.52801e-12 0.0088454 8.3564e-11 9.02754e-08 
0.216484 0.00148711 0.000278069 0.0124615 0.00261358 2.2674e-05 0.00464969 0.079152 0.0348609 3.83572e-05 0.0569506 0.254907 0.0246175 0.0314913 0.00182851 0.0649078 0.101087 0.00434632 0.000317847 0.0124642 0.0369746 0.000201403 0.057858 
0.0734888 0.0015954 3.4015e-06 0.00772256 3.1776e-05 4.5156e-05 0.00893727 0.00341698 0.0268248 4.38639e-07 0.00117749 0.356081 0.00395237 0.216348 1.07238e-06 0.000851546 0.0086096 0.000275916 6.68453e-06 0.0130057 0.215856 2.40831e-05 0.0617439 
0.013187 9.05221e-05 4.3677e-05 0.000448509 6.09103e-06 2.5017e-05 0.00148957 0.176173 0.000458747 1.18274e-07 6.97741e-05 0.732342 0.00117408 0.000788513 2.5655e-06 0.0347073 0.0216032 0.000165142 0.000110179 0.00270972 0.000503147 7.48593e-06 0.0138945 
0.0718339 0.000662304 0.00106626 0.0108051 9.42364e-05 7.06553e-05 0.00212488 0.0355183 0.00106064 1.95918e-06 0.000802055 0.652166 0.0297383 0.0171886 0.000475398 0.0278209 0.0784155 0.00266363 7.1802e-05 0.029018 0.00626511 0.000239473 0.0318974 
0.0470014 3.71836e-05 0.000720303 0.0671666 3.00504e-05 4.25491e-08 0.034215 0.00579407 0.0577078 3.35465e-05 0.0124848 0.236512 0.00548882 0.0155805 0.00657406 0.122369 0.0768929 0.0266326 1.98531e-07 0.0474059 0.0372546 0.0120752 0.188023 
0.0957579 0.00177575 1.06912e-06 0.000667994 4.34729e-06 4.69819e-08 0.00325869 0.148829 0.000160882 2.46489e-07 0.017186 0.370819 0.0245042 0.000553909 2.02197e-05 0.0212924 0.0287598 0.000684015 1.00371e-06 0.0181754 9.33359e-05 9.59318e-05 0.267359 
0.0483291 0.000662829 7.2312e-05 0.000508496 0.0051247 5.38647e-05 0.00193591 0.00215794 0.000621235 1.27576e-07 6.25343e-06 0.624387 0.0340756 0.139882 6.88351e-08 0.00998052 0.110984 4.99027e-06 8.0345e-05 0.00152064 0.000374959 1.58174e-07 0.019237 
0.280277 5.74529e-05 0.000318131 0.00524573 1.59955e-05 1.11427e-05 0.00142707 0.0257039 0.00479689 1.81897e-06 0.0232463 0.390504 0.00533071 0.000937336 5.70237e-05 0.113625 0.0871139 0.0211429 3.13194e-06 0.0184129 0.00157619 0.000150721 0.020045 
0.0184242 2.16067e-05 0.00295706 0.00259119 7.48894e-05 2.65852e-05 0.00153978 0.027135 0.0211659 9.22864e-07 0.000581726 0.844875 0.00188449 0.000697346 0.000726411 0.019008 0.0345741 0.00131469 9.79828e-07 0.0121995 0.0020974 7.83512e-05 0.00802469 
0.219321 9.71326e-08 4.22905e-10 2.12179e-06 4.52317e-08 4.47031e-07 5.01465e-07 0.232448 6.74027e-05 5.42853e-10 1.41036e-08 0.476756 0.00862652 0.0181701 4.56207e-06 0.00659361 0.0194354 4.07978e-08 0.00121775 0.000364558 1.0968e-09 1.41843e-07 0.0169918 
0.076387 0.0052235 0.00295633 0.0250248 0.000648305 2.94481e-06 0.0045469 0.0548511 0.0544081 5.47936e-07 0.01105 0.399601 0.165403 0.0308994 0.000309791 0.0577843 0.0740832 0.00198668 9.70225e-05 0.00695772 0.00132373 0.00151807 0.0249368 
0.125796 0.000114562 4.68408e-05 0.00895859 1.37188e-05 7.70837e-10 0.00148161 0.0256844 0.00326132 7.65573e-10 0.00396635 0.482274 0.00919838 0.00876055 0.000241906 0.0659739 0.101894 0.00888774 4.07375e-05 0.00628074 0.0531503 0.000157254 0.0938172 
0.113591 0.00101009 4.68774e-07 0.0175222 0.0151909 1.89624e-05 0.00103255 0.00311177 0.00482715 6.67591e-08 0.0113405 0.310773 0.00301131 0.00883415 0.0745193 0.034436 0.0955191 0.00619898 0.00023719 0.0245629 0.0115617 9.63935e-05 0.262604 
0.0609312 6.91246e-05 7.58261e-05 0.00948738 8.38379e-06 6.13289e-05 0.00996262 0.024453 0.00780568 2.2661e-05 0.00614811 0.697124 0.0164742 0.0406231 0.000326911 0.025492 0.0215234 0.0117959 0.000143772 0.0405785 0.00386529 0.00026972 0.0227577 
0.0348213 4.86315e-05 2.64525e-05 0.00210258 0.00010643 0.000179376 0.00334769 0.0449907 0.00241873 1.38334e-06 0.000411842 0.588982 0.00578448 0.00753502 0.00016084 0.0744388 0.158012 0.00220456 0.000251398 0.000486194 0.0437391 1.32271e-05 0.0299371 
0.0104079 1.30693e-05 6.1733e-06 0.00306756 0.000232152 1.02775e-05 0.00788383 0.0086348 0.00746937 8.59804e-09 0.00355536 0.784513 0.00639653 0.000602094 0.00033332 0.0482138 0.0687532 0.00201098 0.000108207 0.00735271 0.0100871 4.74107e-05 0.0303014 
0.180299 0.00113453 2.62103e-06 0.0172418 1.37876e-05 5.74427e-06 0.00187425 0.00163024 0.00341444 0.000113675 0.00549356 0.55505 0.0259638 0.0121778 0.0142168 0.0668461 0.00732358 0.0270774 1.80251e-05 0.0127689 0.0138771 7.78794e-05 0.0533791 
0.0508179 0.00569734 1.35184e-06 0.0460266 1.40436e-05 1.11874e-06 0.051219 0.00174009 0.0998889 8.4076e-07 5.36852e-05 0.316608 0.0286114 0.0181079 0.000457146 0.0445566 0.0656489 0.00556827 6.19822e-05 0.183351 0.00740781 5.49462e-05 0.0741049 
0.0198934 0.000791525 0.00220752 0.00264321 3.29386e-07 1.71291e-05 0.0024407 0.00970355 0.0131202 2.72965e-07 8.23721e-05 0.714876 0.00651323 0.0399317 0.000318754 0.0387063 0.00552352 0.00814961 5.71862e-06 0.0085408 0.0828938 6.60983e-05 0.0435746 
0.0129724 0.000281205 0.00146222 0.00973858 2.72692e-05 0.00010304 0.00987133 0.037588 0.0433596 0.000241551 0.000281104 0.74411 0.00726325 0.00780821 0.00148311 0.0420157 0.0491907 0.00579514 4.28064e-05 0.0130299 0.00237043 3.6746e-05 0.0109273 
0.0278255 0.000107637 0.00103459 0.00657392 3.25651e-05 1.14507e-06 0.0221927 0.0512134 0.00898013 5.12899e-06 0.0116421 0.571471 0.0426041 0.0260724 0.000282766 0.0924402 0.0544308 0.00582964 0.000291022 0.0406789 0.000927056 0.000638616 0.0347244 
0.00699662 2.44002e-06 3.37786e-05 6.52602e-06 0.00109056 1.14661e-06 0.000723009 0.00177843 0.000107996 4.86411e-07 8.09847e-05 0.954625 0.00366949 0.0115035 8.54029e-07 0.00269904 0.00895973 1.69492e-05 0.00309049 8.37038e-05 3.90491e-05 2.0876e-06 0.00448841 
0.0789859 0.00344114 0.000814505 0.015382 0.000900366 3.18378e-05 0.0242553 0.0362472 0.0354164 0.00426114 0.00438508 0.225895 0.0244228 0.0348073 0.00196023 0.178893 0.143331 0.00815804 0.000860887 0.0157298 0.0272841 0.00100053 0.133536 
0.104282 0.012718 1.62872e-06 0.0183651 8.16937e-05 1.91112e-05 0.0144164 0.0304193 0.00667861 1.39142e-06 0.000313399 0.508405 0.00763573 0.0103956 1.24709e-05 0.0473244 0.0280661 0.00899705 9.95968e-05 0.0873856 0.0422397 0.000947727 0.0711947 
0.0607942 0.00152202 0.00223947 0.0144174 0.0139521 7.95768e-05 0.0108038 0.0200113 0.0180738 0.000419214 0.0111691 0.245093 0.0362133 0.0984075 0.0014995 0.0804871 0.217313 0.0090712 0.0013406 0.0287233 0.0629762 0.00115928 0.0642342 
0.0193366 7.42119e-05 0.000412712 0.00378308 5.84397e-07 2.00823e-08 0.015252 0.000267687 2.21658e-05 4.43411e-07 3.21049e-05 0.338067 0.00300311 0.247969 0.20818 0.0600191 0.0128079 1.05871e-05 2.40955e-09 0.0123358 0.0101264 3.07583e-09 0.0682994 
0.0214335 1.3354e-06 1.73464e-06 0.0222916 2.84989e-07 9.0821e-10 0.0217146 0.0296593 0.228152 9.02009e-10 1.2628e-10 0.26946 8.54773e-07 0.078203 5.11444e-07 0.0354367 0.142339 0.00558033 8.76099e-10 0.0406415 0.0164096 1.03596e-06 0.0886734 
0.0716695 8.59448e-05 2.05021e-06 0.00178775 6.62052e-06 3.86776e-05 0.0019381 0.0139598 0.0159226 9.13749e-06 0.00113048 0.740556 0.000404028 0.000108892 4.75441e-05 0.00340919 0.076099 7.1981e-05 2.15129e-05 0.0647608 0.000482582 0.00385293 0.00363531 
0.0433376 0.00161141 6.11446e-06 0.00239569 2.30792e-05 0.000124337 0.000312276 0.0377536 0.06345 0.000127729 2.38748e-05 0.404277 0.000189641 0.0174762 4.4564e-05 0.010862 0.0257894 0.00753504 0.00415469 0.0275468 0.0034744 1.14323e-05 0.349473 
0.0414047 6.95667e-05 0.055478 0.00219854 9.88371e-06 0.000171848 0.0464297 0.0464359 0.223607 9.64379e-06 8.99434e-06 0.23171 0.00215738 0.0198304 3.95093e-05 0.0964095 0.0602783 0.00436303 1.46526e-06 0.0784132 0.0283926 2.08901e-05 0.0625594 
0.0430667 0.000884507 0.000322634 0.0135067 3.5849e-05 0.000295335 0.0141534 0.0702876 0.0127359 2.71925e-06 0.00411647 0.482248 0.0188606 0.0209538 0.00304477 0.0549661 0.0498454 0.00837439 0.00246125 0.0300425 0.026163 0.000196181 0.143437 
0.114903 0.00183662 0.000166068 0.00651271 0.000732818 1.13654e-06 0.00879566 0.0150042 0.0112813 0.000516616 0.00712269 0.162678 0.0874314 0.146452 0.00272247 0.117054 0.0994144 0.0164281 0.000248563 0.014369 0.0921241 0.00112939 0.093076 
0.0924735 0.000933362 0.000642433 0.043403 0.000153003 7.12294e-05 0.0276552 0.0220053 0.0459299 2.17414e-06 0.0100364 0.186972 0.116408 0.100712 0.0012771 0.147224 0.0244816 0.0198522 0.000234404 0.0474788 0.0846037 0.00111077 0.0263401 
0.321918 0.000117941 1.00491e-05 0.00619865 1.35301e-05 6.90865e-10 0.00103257 0.0364929 0.000364364 5.38509e-12 0.00280113 0.439084 0.0026986 0.000460975 0.00113957 0.0495062 0.0465832 0.000256747 1.22384e-07 0.000613451 0.00276458 4.43189e-08 0.087944 
0.11002 0.00102863 1.29645e-05 0.00498799 6.78511e-05 3.4587e-07 0.00348351 0.0403495 0.00276203 3.91482e-10 0.00832355 0.538138 0.00621162 0.0213036 0.00322157 0.0719189 0.119843 0.000372123 0.000415054 0.00261537 0.0151231 0.000668976 0.0491322 
0.118059 3.12973e-05 0.000247088 0.00974423 1.65137e-05 2.10144e-06 0.00101667 0.0304866 0.00533389 0.0029226 0.0110899 0.556651 0.0271809 0.0392903 0.00245778 0.0790273 0.0226915 0.00276608 5.70251e-05 0.0175063 0.00904757 0.000871479 0.0635023 
0.0752138 0.00556219 2.44385e-05 0.0270691 0.000123531 1.47582e-05 0.0262611 0.0049807 0.0182381 0.00055314 0.00240644 0.480936 0.0142523 0.0235257 0.0273561 0.0631877 0.0321128 0.0125231 0.000595936 0.0714176 0.0291769 0.000420468 0.0840482 
0.0271485 1.13496e-07 1.20667e-06 0.000482964 6.65014e-05 2.12611e-07 7.56066e-07 0.0042108 0.000505166 9.01731e-10 2.95862e-06 0.457975 0.00157519 0.0373657 0.000809164 0.0536233 0.170967 0.00594501 8.75829e-10 0.000286886 0.23135 5.89845e-07 0.00768313 
0.00204539 1.91593e-06 2.75528e-06 3.90866e-07 6.61243e-07 3.56107e-06 9.84932e-07 7.84667e-07 0.00373233 3.53676e-06 4.95142e-07 0.987257 0.00233114 6.15279e-07 1.9083e-06 0.000853924 2.38172e-07 0.0037533 3.43517e-06 3.95034e-07 7.61012e-07 4.38504e-06 5.263e-07 
0.25976 0.0250399 1.14604e-10 0.00900494 0.000113675 4.28906e-05 0.00703816 0.00688154 0.0226597 0.00274648 0.00455163 0.326597 0.0537516 0.0696417 0.000120631 0.0382697 0.109535 0.000447887 9.02177e-05 0.023766 0.00307061 5.00361e-06 0.0368653 
0.00273795 3.35814e-05 0.000111954 0.188161 0.00031684 7.21181e-05 0.0183386 0.00814068 0.0295364 0.00142392 0.0407554 0.331367 0.0345086 0.056079 0.0151096 0.120735 0.0473262 0.00693032 0.000852492 0.0298465 0.0650507 4.75428e-05 0.00251913 
0.305787 0.000740375 7.78821e-05 0.00868401 4.43985e-06 3.02067e-06 0.00434371 0.00337797 0.00247446 1.55829e-06 0.0197329 0.38083 0.0107334 0.0101058 0.000540613 0.0767231 0.0462209 0.0331858 3.43088e-06 0.0143313 0.00718761 3.66666e-05 0.0748741 
0.109893 5.84606e-06 9.18115e-06 0.00981419 1.46294e-06 0.000644731 0.0416691 0.0208228 0.0319732 1.79859e-05 3.37268e-05 0.440439 0.00046415 0.0212463 4.84134e-06 0.13018 0.0660487 0.0679543 2.62506e-06 0.0189441 0.012418 1.16982e-05 0.0274012 
0.0171422 8.05467e-06 7.18103e-07 0.134857 1.80424e-05 4.06643e-05 0.0117529 0.0346712 0.146418 7.97505e-10 0.0116838 0.303826 0.0837645 0.0402307 0.00357037 0.0198041 0.154532 0.00111425 0.000643291 0.0160556 0.00798259 3.2048e-06 0.0118798 
1.10045e-05 5.58751e-08 8.03535e-08 1.24575e-05 8.06646e-06 1.29141e-06 5.77671e-06 6.15763e-06 7.2644e-06 0.000215128 5.06423e-05 0.99955 2.90392e-06 3.67707e-06 5.56528e-08 5.18714e-09 7.5232e-05 1.42389e-05 1.00181e-07 2.61027e-05 1.4039e-06 1.27883e-07 8.20588e-06 
0.185515 8.60104e-05 2.70557e-05 0.0113242 7.13397e-06 2.30707e-06 0.0203167 0.0227476 0.0609632 8.84607e-09 0.00749724 0.249192 0.0120044 0.0519311 0.000166952 0.1053 0.0657214 0.0078792 0.000398118 0.0224817 0.0843483 0.0045212 0.0875698 
0.0162486 0.000143657 0.00105488 0.0304349 0.000278575 0.00129565 0.0114073 0.00815499 0.102877 0.00145942 0.00504504 0.657591 0.006222 0.0139436 0.000139768 0.0463821 0.0104947 0.00283698 0.000478211 0.0196714 0.0438139 0.000717992 0.0193087 
0.180299 0.00113453 2.62103e-06 0.0172418 1.37876e-05 5.74427e-06 0.00187425 0.00163024 0.00341444 0.000113675 0.00549356 0.55505 0.0259638 0.0121778 0.0142168 0.0668461 0.00732358 0.0270774 1.80251e-05 0.0127689 0.0138771 7.78794e-05 0.0533791 
0.0126436 2.53598e-05 0.000128864 0.00129753 0.103042 0.000176802 0.00081735 0.0100531 0.002626 6.68243e-06 0.00246213 0.732207 0.0137112 0.0156937 0.000869254 0.0344988 0.00412886 0.000548719 2.87639e-06 0.0112242 0.0168288 0.00557367 0.0314329 
0.034285 6.62634e-09 3.71883e-06 0.031542 1.69022e-06 1.23162e-08 0.0269653 0.0658008 0.0737534 1.22321e-08 8.91907e-07 0.291914 0.00163506 0.158975 0.00802562 0.08553 0.000793873 0.0124959 0.00150944 0.100972 0.00871219 0.0028704 0.0942126 
0.011237 0.000178014 1.45344e-06 0.000622249 0.000184909 8.69514e-06 0.0264494 0.00929071 0.00166571 0.0187979 0.0218332 0.516759 0.00515195 0.0321945 1.1307e-05 0.0350178 0.0555116 0.000323866 3.99075e-05 0.00670326 0.0125569 0.00032233 0.245138 
0.0330998 0.0221492 6.36647e-06 0.00114362 0.0208655 0.0181635 0.00366682 0.164865 0.0681621 0.0625009 0.0202078 0.323194 0.0228972 0.0769259 0.000112057 0.00281079 0.0850652 0.000504745 3.90976e-05 0.0490232 0.00321023 2.99584e-07 0.0213873 
0.140702 0.00112097 0.00286037 0.00463006 7.15332e-06 2.51169e-07 0.038397 0.0309109 0.0522542 3.53128e-06 0.000348593 0.208996 0.00398816 0.00664535 0.00207709 0.0475717 0.150827 0.117023 3.99065e-06 0.0351365 0.0761327 0.00018046 0.0801829 
0.146162 0.000186048 0.00720641 0.0021341 0.0234264 9.83886e-06 0.00137818 0.108312 0.00455238 0.000142029 0.00388632 0.175688 0.0400883 0.171652 6.89284e-06 0.0681807 0.15508 0.00316298 0.000369723 0.00811142 0.0571439 0.00225722 0.020863 
0.0977184 9.58151e-05 9.41585e-06 0.00279781 9.06277e-06 5.18521e-05 0.000865739 0.00472627 0.000778681 5.92378e-05 0.000233182 0.467916 0.00398062 0.0492895 0.000196903 0.0236721 0.0929404 0.154426 9.26434e-06 0.0503764 0.0169469 1.81087e-05 0.0328823 
0.0110442 3.71339e-08 4.00013e-06 0.0114541 7.77212e-07 6.90196e-08 0.00175622 0.0125261 0.0234307 6.45746e-07 4.2036e-05 0.579177 0.00750597 0.0698594 0.139682 0.00588972 0.00178146 0.00011576 6.65793e-08 0.00780961 0.112332 8.49895e-08 0.0155873 
0.0168642 3.42321e-05 0.000196676 0.0485781 3.37306e-05 9.3441e-05 0.0404155 0.0331274 0.15894 5.35108e-07 0.0121393 0.425014 0.0125487 0.0462738 0.00447696 0.0445579 0.0865469 0.00893109 1.30263e-06 0.0346615 0.0153266 9.98189e-05 0.0111383 
0.138038 2.99798e-05 3.56033e-08 0.0146572 1.83979e-05 2.88784e-08 0.0013475 0.111958 0.00202585 2.16112e-11 2.44554e-05 0.244164 0.0584139 0.0177078 0.0301756 0.051076 0.188749 0.000215642 7.79627e-08 0.00263293 0.00414603 7.21866e-09 0.134619 
0.10092 0.000490456 0.003189 0.00258099 0.000308262 0.0799359 0.0190091 0.174455 0.0482536 2.32669e-07 0.00962576 0.276908 0.0235759 0.022386 0.00431413 0.0385795 0.0243357 0.020331 5.6085e-05 0.0952994 0.0267008 0.00170949 0.027036 
0.00106691 0.000117143 1.15949e-05 0.000931777 5.31674e-05 7.46243e-05 0.000755615 0.00274869 0.00047746 9.38358e-07 0.0293385 0.762946 0.00242073 0.0299205 0.00109365 0.00625664 0.109224 0.000791167 0.000129922 0.00305978 0.013882 1.4273e-05 0.034685 
0.111275 1.04884e-06 0.0277564 0.0178737 7.81149e-05 0.000114895 0.000937729 0.0137976 0.00185273 5.03603e-09 0.0108137 0.270355 0.0213991 0.0304418 0.00719527 0.157894 0.0198201 0.00429274 9.83931e-07 0.0523708 0.00997892 0.0042208 0.23753 
0.0199425 0.000193602 1.76625e-05 0.0547876 8.39284e-05 1.16721e-06 0.0801017 0.0255377 0.136702 9.55699e-07 0.000122611 0.301553 0.000388945 0.00379789 0.000573406 0.0638491 0.0615607 0.161095 9.28247e-07 0.0211116 0.00193209 9.57618e-06 0.0666364 
0.00322991 6.10368e-05 7.38357e-05 0.00332524 0.000257065 6.47922e-06 0.00841992 0.00237437 0.067484 0.00317511 8.97998e-05 0.777759 0.0119185 0.064237 0.0142448 0.0110003 0.0155742 0.00761316 1.68081e-07 0.00371356 0.000234536 5.13187e-05 0.00515666 
0.00226615 0.00103459 1.95809e-06 0.0137122 3.1669e-05 1.02574e-06 0.00231351 0.0188622 0.0664334 9.26772e-07 0.0091919 0.832577 0.00212124 0.00526846 5.64335e-05 0.0110897 0.00745547 0.0224057 6.03152e-05 0.00133222 0.00316925 6.63109e-06 0.00060786 
0.013598 3.60789e-05 0.000796356 0.00191708 0.00290964 5.64326e-06 0.000351018 0.00492938 0.00329024 8.89136e-05 0.000122799 0.791126 0.0043508 0.113909 0.000698707 0.00944576 0.0193067 0.0037759 0.00197811 0.00325821 0.0221665 4.74266e-05 0.00189184 
0.0629721 0.000126297 0.000835724 0.0116002 0.000123908 1.10522e-05 0.000501156 0.00839249 0.0165984 3.57388e-07 0.00540485 0.702192 0.0171563 0.0484049 0.000348059 0.0424879 0.0537588 0.00360556 0.000291311 0.00507743 0.00776091 0.000299268 0.012051 
0.013338 7.62992e-07 0.00917674 1.59014e-06 0.000147469 2.44066e-06 9.2957e-05 0.00100713 0.0031098 2.63413e-08 8.34244e-06 0.90836 0.000149203 0.0216655 1.42128e-08 0.00352341 0.0138793 5.22916e-05 1.05778e-05 0.000293105 0.00102797 0.00474617 0.0194076 
0.0350228 9.37094e-05 0.000384622 0.00626126 4.64815e-05 6.15239e-07 0.0244811 0.0200248 0.0432381 0.000141535 0.000575217 0.60039 0.00294159 0.0141052 8.889e-05 0.0907841 0.0530276 0.00428732 0.00111116 0.0686426 0.0197255 2.08172e-05 0.0146049 
0.0504443 1.64471e-07 7.7992e-10 5.37258e-07 7.97214e-08 1.76791e-07 1.16312e-05 0.0010267 0.000234241 1.00113e-09 2.44747e-05 0.481947 0.0177077 0.0403512 3.36567e-06 0.00497779 0.00361867 0.000207592 9.72371e-10 0.047171 1.0153e-05 1.24125e-09 0.352263 
0.0432634 0.00119704 7.38793e-05 0.0170998 5.8108e-05 2.11928e-06 0.0341372 0.0731168 0.00300617 5.59075e-06 0.00933134 0.487049 0.00977116 0.0102034 0.000438925 0.0619642 0.105294 0.00361524 0.000467791 0.0142444 0.0209799 0.000189592 0.10449 
0.180299 0.00113453 2.62103e-06 0.0172418 1.37876e-05 5.74427e-06 0.00187425 0.00163024 0.00341444 0.000113675 0.00549356 0.55505 0.0259638 0.0121778 0.0142168 0.0668461 0.00732358 0.0270774 1.80251e-05 0.0127689 0.0138771 7.78794e-05 0.0533791 
0.107401 3.15462e-05 1.36934e-05 0.00758402 4.11441e-05 2.75056e-06 0.00316267 0.049979 0.0127627 3.8684e-06 0.0150429 0.208379 0.0367799 0.0608619 0.000154753 0.123377 0.0826302 0.0162097 1.99885e-05 0.0503729 0.0232521 4.62645e-06 0.201933 
0.196513 0.000256586 0.00302421 0.029219 2.2007e-05 4.59621e-06 0.00840561 0.0120325 0.00767536 0.0346833 0.00518665 0.307013 0.0075131 0.00503414 0.00192583 0.104542 0.0243368 0.0150094 0.000128045 0.140553 0.011808 0.00049861 0.0846159 
0.109379 0.00154 3.43802e-05 0.0092158 0.00857984 0.00013669 0.00525783 0.00930056 0.00901891 7.94809e-05 0.00118523 0.370907 0.0218489 0.0922046 0.000509017 0.043905 0.084682 0.0236739 0.000590861 0.0147861 0.0239738 2.40934e-05 0.169167 
0.0412387 0.000406043 0.000663997 0.0254357 0.000269218 2.30034e-06 0.00420207 0.0140284 0.0211838 0.0100317 0.0160934 0.355542 0.00893556 0.0759255 0.000921437 0.191628 0.0609226 0.0315282 4.2778e-05 0.0450569 0.0403382 0.0002649 0.0553394 
0.00853689 7.79082e-06 0.000548874 0.000735333 6.18903e-07 3.76739e-06 0.000203397 0.0120223 0.00543724 0.0113555 8.7862e-05 0.766273 0.0227667 0.0294881 2.79987e-05 0.0147824 0.0100591 0.000311686 0.00107759 0.00803972 0.00276896 0.000153715 0.105311 
0.0371239 0.000308364 0.0108299 0.0317992 8.47224e-06 2.19265e-07 0.057156 0.0122996 0.197614 0.000230322 2.08142e-05 0.301167 0.0173391 0.0775272 0.12388 0.0455293 0.0221663 0.000498068 0.00334926 0.0310824 0.00322741 4.17813e-06 0.026839 
0.0787019 3.37296e-05 2.72622e-05 0.00352179 8.03944e-05 9.62886e-06 0.0013862 0.253172 0.0402334 4.56398e-05 0.0144615 0.279166 0.00194124 0.000425531 4.94471e-06 0.0413333 0.196362 0.000688723 4.74505e-05 0.0017274 0.000528298 6.44494e-07 0.0861014 
0.280277 5.74529e-05 0.000318131 0.00524573 1.59955e-05 1.11427e-05 0.00142707 0.0257039 0.00479689 1.81897e-06 0.0232463 0.390504 0.00533071 0.000937336 5.70237e-05 0.113625 0.0871139 0.0211429 3.13194e-06 0.0184129 0.00157619 0.000150721 0.020045 
0.00852282 8.40608e-05 0.00298113 0.00066015 1.53259e-06 1.67636e-05 0.00178493 0.0172422 0.0162726 1.2628e-05 1.37182e-05 0.873375 0.00153791 0.016067 1.54009e-05 0.0274222 0.0217279 0.00065147 4.36703e-06 0.00529661 0.00137922 8.60953e-05 0.00484438 
0.129771 0.00081405 4.15646e-07 0.00692373 0.0901723 6.88368e-05 0.0191075 0.0152303 0.00296377 2.12539e-10 0.00723005 0.222517 0.0370032 0.00591476 1.92675e-07 0.0312339 0.036542 0.00443349 2.95214e-06 0.104108 0.089138 0.000457808 0.196366 
0.0203897 0.000111306 0.000777664 0.0054132 0.00545325 0.0729349 0.0535316 0.143659 0.0889069 4.30744e-05 0.00014167 0.502785 0.0431809 0.000466991 8.3768e-05 0.0327945 0.0241487 0.000361789 2.37087e-06 0.00323597 0.000376487 0.000105233 0.00109676 
0.0542107 3.05179e-08 0.000414161 0.00399018 1.16694e-05 9.12703e-10 0.000198642 0.00153532 7.97497e-05 5.55203e-11 7.30015e-05 0.753435 0.00219665 0.0016903 0.000935959 0.028668 0.0296871 0.000839629 2.61004e-06 0.00576705 0.00555681 0.000696282 0.110011 
0.0628047 0.000290816 0.00040642 0.004504 0.000878653 9.03352e-05 0.00199543 0.0550274 0.00641753 3.37062e-07 0.010251 0.363732 0.0206346 0.0303305 6.47979e-05 0.213712 0.0734827 0.00116533 0.000611316 0.143483 0.00281968 2.28825e-05 0.00727423 
0.00379329 3.49447e-05 0.00401294 0.00406701 5.95229e-05 0.00010897 0.00427181 0.00159329 0.050417 0.0048274 0.000113677 0.709811 0.00186524 0.0273074 0.00120305 0.0439359 0.0371892 0.0396016 3.2955e-06 0.0292998 0.0332142 0.000232787 0.003037 
0.0196353 0.000566685 0.00299062 0.0140622 0.00089993 6.50302e-05 0.0118366 0.027582 0.0420852 0.00230501 0.00839507 0.597772 0.0184464 0.0172328 0.00207199 0.0777036 0.0832655 0.00557602 0.00043091 0.0118234 0.0104569 0.000487578 0.0443096 
0.00940433 2.89389e-08 4.67207e-06 0.0087559 1.86576e-07 3.78486e-06 0.00318254 0.0159702 0.0081166 2.42323e-07 7.47882e-09 0.462603 0.00159414 0.145193 2.88238e-08 0.152069 0.0103342 0.00711476 6.62124e-06 0.0662887 0.0195129 0.0215033 0.0683411 
0.15158 2.77975e-08 1.17798e-10 0.00612449 8.11074e-08 3.68383e-07 0.0042293 0.0708218 0.00383676 1.51209e-10 7.72882e-05 0.485569 0.0275353 0.0231865 9.47282e-08 0.0619948 0.0459866 0.00438939 1.46865e-10 0.00308193 0.0129334 1.87476e-10 0.0986528 
0.0113116 0.000224962 0.00043818 0.0092041 7.25751e-06 6.60961e-07 0.0200217 0.042606 0.0168918 1.68374e-05 0.0196167 0.769709 0.00382961 0.0121845 9.59795e-05 0.0181695 0.037865 0.0248837 1.94064e-05 0.00588408 0.00286477 0.00041648 0.00373796 
0.0196874 0.000828635 0.000518619 0.000966533 0.0327758 2.56378e-06 0.000478267 0.0162567 0.000674476 8.97313e-08 0.00212578 0.375101 0.0115113 0.21648 3.14205e-08 0.0805052 0.231628 0.000331299 0.00208598 0.0019694 0.000957948 7.68135e-08 0.00511485 
