0.257618 0.0143828 0.00017008 0.0217046 0.00110046 5.9374e-07 0.0898827 0.0443221 0.00273865 5.8455e-08 0.00706508 0.00929686 0.281478 0.0186813 0.000421593 0.132335 0.020454 0.00463346 0.00165072 0.0201573 0.0531626 0.000384647 0.0183593 
0.0576591 0.0205575 0.0936996 0.0426014 0.0119639 4.80576e-05 0.0678464 0.00385514 0.0878532 0.0025265 0.0228595 0.00130372 0.205129 0.106519 6.90565e-06 0.0826781 0.0288291 0.0479936 8.05481e-05 0.0703019 0.0311144 0.00795516 0.00661727 
0.0311161 0.015124 3.25167e-05 0.0222414 0.000384893 3.80107e-07 0.00810854 0.000218692 0.00223457 0.0114307 0.00148911 0.000212286 0.716812 0.00729996 4.15424e-05 0.0300315 0.0332245 0.0160966 1.6785e-05 0.0379466 0.0212831 0.00394258 0.0407117 
0.0498597 0.00598106 2.28084e-07 0.000974103 0.000140651 5.51265e-06 0.00109088 0.0333528 0.00196527 3.35484e-12 0.00813206 0.000984512 0.773888 0.000505713 6.1374e-06 0.0892735 0.0271825 0.000335483 8.47008e-09 0.00424215 0.000572105 3.77321e-05 0.00147022 
0.225479 0.0187656 0.00549477 0.0387835 0.0078219 2.17329e-06 0.0165984 0.00910818 0.0624439 1.72756e-06 0.0147168 0.0037704 0.254485 0.0237466 0.0111937 0.144595 0.111157 0.00779511 0.000514267 0.0163941 0.00329405 7.88046e-05 0.0237599 
0.0274004 0.00110793 0.00154662 0.0325784 0.00536831 0.000100118 0.0991244 0.0853625 0.124781 1.23106e-08 0.00611339 0.00297788 0.270398 0.0239739 0.000367583 0.124116 0.170065 0.00171735 0.000606931 0.0112886 0.00318308 1.66164e-05 0.00780574 
0.034652 0.000273438 5.42009e-05 0.0595419 0.00014823 1.8512e-06 0.0825387 0.000162638 0.0399039 1.31974e-11 0.000138073 0.00164204 0.431898 0.00775055 4.37426e-06 0.284456 0.0419864 0.00162099 0.000142023 0.00522159 0.0036118 6.08322e-05 0.00419066 
0.0901861 0.000227233 0.0197901 0.00774404 0.0159193 4.3747e-06 0.00182037 0.00636984 0.00189229 3.35982e-12 0.00568246 0.00358369 0.733733 0.012666 0.00587193 0.0312753 0.0325201 0.00101415 0.00163882 0.0195304 0.0011938 8.48287e-05 0.00725184 
0.037415 9.09555e-05 0.000224627 0.00496529 0.00857722 5.74732e-07 0.00280828 0.000894104 0.000895959 1.92604e-12 0.00290173 0.00194003 0.905269 0.00453749 6.02382e-05 0.0102779 0.0104429 0.000375645 0.000690518 0.00234655 0.000446545 0.000863952 0.003976 
0.0746218 0.0126908 0.000368751 0.0253198 0.00439739 5.31496e-05 0.0108048 0.0207378 0.00528424 2.63628e-05 0.00844161 0.0348614 0.240389 0.101284 0.00316299 0.138352 0.198797 0.0105135 0.00138503 0.0138413 0.00413516 0.000108909 0.0904229 
0.0122827 8.11069e-06 4.16211e-07 0.0303562 1.19823e-07 7.04979e-06 0.0692629 0.00254364 3.49082e-07 1.10033e-09 0.00287315 0.0202627 0.832602 9.58953e-06 5.937e-10 5.20594e-06 9.36403e-09 0.00169313 1.06873e-09 0.0103887 2.35702e-07 1.36425e-09 0.0177041 
0.0901861 0.000227233 0.0197901 0.00774404 0.0159193 4.3747e-06 0.00182037 0.00636984 0.00189229 3.35982e-12 0.00568246 0.00358369 0.733733 0.012666 0.00587193 0.0312753 0.0325201 0.00101415 0.00163882 0.0195304 0.0011938 8.48287e-05 0.00725184 
0.30853 0.0274361 0.00132965 0.0116285 0.00347592 6.54194e-08 0.00621403 0.070399 0.000970667 4.90977e-08 0.00176072 0.00393856 0.371406 0.0291732 3.54459e-05 0.115363 0.0256147 0.000761162 0.000836815 0.00815956 0.000434213 0.000130788 0.0124019 
0.00131991 0.000242785 0.0194328 0.0124113 0.0210607 8.23822e-10 0.00137869 0.00134793 0.00999429 2.00923e-12 6.87944e-05 0.000928687 0.77302 0.0699889 0.000124185 0.00950679 0.0746206 3.39414e-05 0.00245006 0.00107805 5.09294e-05 4.80174e-05 0.000892468 
6.3468e-06 2.22465e-06 3.07255e-05 0.290479 0.00197152 1.53537e-06 2.18364e-06 0.0144617 0.0124176 1.54988e-08 3.51949e-06 0.0231208 0.426819 0.0162236 7.8238e-07 0.0121451 0.0755988 0.000822363 0.017877 0.00328201 0.104729 1.91161e-06 3.38465e-06 
0.102914 0.000256755 3.32262e-05 0.0301295 0.000535853 1.88713e-05 0.00862417 0.000490469 0.0161626 1.39786e-07 0.0203628 0.00661712 0.475101 0.00743728 0.00386885 0.21157 0.0832391 0.0100846 2.58857e-05 0.00538321 0.00267105 0.00227225 0.0122011 
0.0397335 8.49253e-05 3.04887e-05 0.00863449 2.31521e-06 1.54816e-05 0.00151743 0.0116279 0.00142636 8.33449e-10 0.00395879 0.00558857 0.6355 0.00427196 0.000947896 0.227338 0.0142957 0.00423937 7.85455e-05 0.0156965 0.0141682 0.000944654 0.00989918 
0.176489 6.26314e-05 5.81991e-05 0.00545773 9.29144e-06 8.70984e-06 0.00623701 0.00444299 0.0111664 1.04787e-09 0.00918086 0.0198367 0.372163 0.0155053 0.00674722 0.268429 0.0327526 0.0024894 3.6641e-05 0.0101233 0.011218 0.000373025 0.0472131 
0.0460249 0.000114758 0.00045214 0.000896474 1.29804e-05 3.32206e-06 0.00157862 0.107218 0.0107336 2.37924e-11 0.00093412 0.000943127 0.642065 0.00261779 0.00317262 0.142891 0.0275897 0.000215357 0.000119049 0.00180464 0.00592776 9.73004e-05 0.00458842 
0.171819 0.000472331 0.00170919 0.0150563 4.05509e-05 9.35684e-06 0.00368225 0.157201 0.00485261 2.21032e-12 0.0161093 0.00563171 0.392961 0.01006 0.000317809 0.128416 0.0446319 0.00571576 0.000753863 0.0155587 0.00888115 0.00137906 0.0147407 
0.0947574 0.009304 0.000795675 0.0137361 6.32975e-05 1.33897e-05 0.00421256 0.176634 0.00580186 8.11859e-12 0.0577994 0.00461825 0.48154 0.000659014 3.75094e-06 0.100721 0.0335563 0.000387559 6.70973e-05 0.00848319 0.000391281 0.000279175 0.00617554 
0.0181485 0.0002567 0.0513644 0.00782823 0.00300928 1.00308e-06 0.000285458 0.00514557 0.000393965 1.76748e-09 0.00278168 0.000194192 0.779548 0.0800212 6.46751e-05 0.00849843 0.0290232 0.00258099 0.00537689 0.003923 0.000191661 2.15329e-05 0.00134111 
0.214011 0.0128367 0.0202861 0.0396754 0.00295859 1.00733e-07 0.0158641 0.0199566 0.0153393 0.000184887 0.0220028 0.00449849 0.247915 0.0330266 6.93464e-05 0.210772 0.0545361 0.0087221 0.0415253 0.0167622 0.00550543 7.08114e-05 0.0134807 
0.0419461 0.00771891 0.00833228 0.0166621 0.00534313 0.0413967 0.00883912 0.194567 0.047957 0.00326613 0.00897731 0.021407 0.20826 0.0419859 0.141194 0.0652907 0.0674486 0.0162449 0.00132015 0.0205921 0.0105035 0.000223026 0.0205244 
0.034652 0.000273438 5.42009e-05 0.0595419 0.00014823 1.8512e-06 0.0825387 0.000162638 0.0399039 1.31974e-11 0.000138073 0.00164204 0.431898 0.00775055 4.37426e-06 0.284456 0.0419864 0.00162099 0.000142023 0.00522159 0.0036118 6.08322e-05 0.00419066 
0.02932 0.00105042 0.00290546 0.0081414 0.118777 0.000358577 0.00400737 0.0046877 0.0360883 0.000803795 0.0033604 0.0011788 0.463985 0.184572 0.000755311 0.048024 0.0563744 0.00235054 0.00044276 0.00499709 0.00401403 0.000835939 0.0229693 
0.0967365 0.000379599 0.00932773 0.0104951 0.00854624 3.62662e-05 0.0187199 0.00437825 0.0146373 3.3919e-12 0.00449732 0.00216525 0.591547 0.0109188 0.00505643 0.120681 0.0693692 0.00776244 0.000800231 0.0136727 0.00205333 6.1311e-05 0.0081574 
0.121024 5.86519e-05 9.42288e-07 0.00971451 4.36081e-05 4.21163e-06 0.00909208 0.00673268 0.00280476 2.87648e-09 0.00443218 0.0255131 0.576566 0.0017495 2.11263e-05 0.160304 0.0203984 0.00322582 1.76283e-07 0.0315023 0.00562099 2.79256e-05 0.0211625 
0.0800067 0.000154703 1.28957e-08 0.00252045 4.4837e-05 6.14298e-07 0.00801932 0.00220145 0.00109419 9.5279e-06 0.000161388 0.0157311 0.797721 0.00514021 8.57589e-05 0.0443406 0.0143305 0.00283158 3.28625e-06 0.00732873 0.00383082 0.000218032 0.014225 
0.0274004 0.00110793 0.00154662 0.0325784 0.00536831 0.000100118 0.0991244 0.0853625 0.124781 1.23106e-08 0.00611339 0.00297788 0.270398 0.0239739 0.000367583 0.124116 0.170065 0.00171735 0.000606931 0.0112886 0.00318308 1.66164e-05 0.00780574 
0.0033306 3.08071e-05 0.00208445 0.0485791 0.0351466 3.94705e-07 0.000354423 0.00234115 0.00126685 3.9201e-07 0.000161783 0.0002505 0.706993 0.0406311 7.75094e-06 0.105426 0.0446852 0.000728878 0.00345661 0.00338907 0.000299377 0.000288741 0.000547387 
0.0883928 1.90815e-05 0.000500691 0.00369328 2.63867e-05 3.5307e-06 0.000708905 0.109075 0.00155299 2.76636e-08 0.00181437 0.00430803 0.53337 0.00562808 0.000283278 0.12612 0.0198501 0.00613888 0.000230714 0.0126945 0.0129827 0.000259593 0.0723466 
0.261553 6.08744e-05 2.10911e-08 0.00182449 1.90213e-05 6.24499e-06 0.00661478 0.0244721 0.0123814 4.78382e-12 0.0133012 0.0171611 0.397678 0.00985564 0.00268979 0.179887 0.0318069 0.000213628 4.28712e-07 0.00219483 0.00191818 1.56742e-05 0.0363461 
0.0304965 0.000178323 5.03003e-05 0.00784791 6.42142e-05 0.000493739 0.016472 0.186084 0.061419 2.71879e-11 0.00109138 0.00161047 0.493004 0.000858194 0.000290502 0.112534 0.078751 0.000942735 1.06857e-07 0.00634816 0.000226878 2.73913e-05 0.00121013 
0.0613667 0.000252877 0.000857078 0.0262041 0.000251354 4.21444e-06 0.00716571 0.000894988 0.0475312 4.2728e-07 0.00399917 0.0156523 0.447178 0.0921576 0.000713508 0.113096 0.0357413 0.0305481 3.86977e-05 0.0471515 0.0115259 0.0106465 0.0470222 
0.00160177 8.72052e-05 3.01276e-07 0.0180198 3.11805e-06 0.000151041 0.00746656 0.041064 0.238499 7.80672e-08 0.00113749 0.00453019 0.579719 0.0108664 6.35594e-05 0.0551227 0.0117576 0.00145401 2.102e-10 0.00343955 0.0149413 6.68909e-07 0.010075 
0.0404291 8.65023e-05 0.000351418 0.00626361 0.000149021 3.33904e-05 0.01239 0.00746788 0.0181513 4.21723e-10 0.00967721 0.0945667 0.451557 0.0400672 0.000712352 0.0551497 0.119626 0.00128197 7.23041e-05 0.00936561 0.0126881 0.00244679 0.117466 
0.0762348 0.00143508 0.00112222 0.00209895 7.56583e-05 0.000105557 0.00516033 0.202203 0.0416905 2.42391e-08 0.0153399 0.029775 0.457032 0.00397876 4.58919e-05 0.116547 0.0335719 0.000948698 2.40988e-05 0.00115397 0.00867498 2.75421e-06 0.0027791 
0.037415 9.09555e-05 0.000224627 0.00496529 0.00857722 5.74732e-07 0.00280828 0.000894104 0.000895959 1.92604e-12 0.00290173 0.00194003 0.905269 0.00453749 6.02382e-05 0.0102779 0.0104429 0.000375645 0.000690518 0.00234655 0.000446545 0.000863952 0.003976 
0.0167478 0.00264473 0.0312063 0.0271831 0.00677128 0.00142875 0.0048254 0.0529815 0.0636945 2.23227e-08 0.10278 0.00957778 0.430041 0.0114925 5.73248e-05 0.172682 0.0337906 0.00300288 0.00920852 0.00527781 0.00624497 0.000306721 0.0080542 
0.0305255 0.000163309 0.00120635 0.00373604 0.023239 4.88292e-06 0.00135762 0.00180097 0.00102041 2.12353e-10 0.00079113 0.00233689 0.873488 0.013425 0.000239388 0.0135083 0.0210771 0.000638039 0.00116878 0.00205541 0.00118843 0.000751272 0.00627818 
0.0629585 0.011616 6.7531e-05 0.0144658 0.000302253 1.01198e-05 0.00416021 0.0428789 0.00943592 0.000172231 0.0117663 0.011719 0.383443 0.0093614 0.152024 0.0459255 0.0991021 0.00678794 0.00204873 0.00931203 0.00830223 0.000651547 0.113489 
0.206746 0.000329264 0.00254325 0.0106762 0.000142336 1.1654e-05 0.00461496 0.00107692 0.00204125 8.41509e-10 0.0645864 0.0117911 0.571315 0.00173898 0.00126582 0.0185855 0.0401956 0.00705001 6.44715e-05 0.0391531 0.001874 6.39653e-05 0.0141348 
0.0482001 0.000310133 5.81946e-05 0.00780443 6.18867e-06 6.54308e-06 0.0109297 0.0692518 0.00321983 1.17352e-09 0.00572539 0.0162804 0.516447 0.00147557 0.000341412 0.166082 0.0316161 0.0072396 0.000103055 0.0443757 0.0126704 0.000493767 0.0573634 
0.11259 0.000270092 4.14269e-05 0.00821443 0.000373171 9.61844e-07 0.00735769 3.76332e-05 0.00176576 2.741e-13 0.00223529 0.00165792 0.800163 0.00256216 0.000423591 0.0309708 0.00957492 0.001959 3.73137e-05 0.00545047 0.000359164 0.00128725 0.0126674 
0.0423333 1.50692e-05 4.88567e-08 0.0957778 0.000337718 1.42009e-08 0.00575307 0.0660014 0.00359932 3.09695e-07 0.0197506 0.00627925 0.361954 0.0161162 0.00316428 0.267228 0.0632467 0.00343015 0.00021495 0.00489133 0.0275928 8.30154e-05 0.0122311 
0.0446584 0.000986074 0.00060288 0.0254126 0.00141384 2.48411e-05 0.0106249 0.00236787 0.157615 2.20729e-06 5.78948e-05 0.0220831 0.346943 0.125047 0.0141125 0.0836504 0.0559341 0.00052266 0.00816861 0.0233893 0.0164263 0.0178549 0.0421015 
0.00134139 2.57583e-05 3.70428e-05 0.000265359 6.10375e-05 9.86942e-05 0.000750781 0.00291189 0.00124393 4.75493e-05 0.000921508 0.000273343 0.988818 8.27201e-06 2.56559e-05 0.00172075 0.000306769 8.67965e-05 4.61835e-05 0.00045867 1.02313e-05 0.000417945 0.000122106 
0.0463229 0.103954 5.01209e-08 0.0322517 0.00039392 4.68257e-05 0.0554873 0.000591097 0.00041676 8.4264e-12 0.00157742 0.00670236 0.547841 0.00179267 0.0217555 0.0134125 0.015995 0.00607834 1.8537e-06 0.119546 0.00136918 8.94001e-05 0.0243731 
0.0305255 0.000163309 0.00120635 0.00373604 0.023239 4.88292e-06 0.00135762 0.00180097 0.00102041 2.12353e-10 0.00079113 0.00233689 0.873488 0.013425 0.000239388 0.0135083 0.0210771 0.000638039 0.00116878 0.00205541 0.00118843 0.000751272 0.00627818 
0.0250109 0.00591118 0.00673123 0.0105539 0.000419029 0.000292535 0.00507906 0.0283739 0.155161 5.85957e-07 0.00252564 0.00888968 0.452026 0.133388 5.84181e-05 0.0383861 0.0313837 0.00208273 1.40905e-05 0.0374948 0.0472862 4.68331e-05 0.00888433 
2.38632e-07 0.000661496 0.00283119 4.6423e-06 0.00368718 8.47392e-08 0.00489258 9.04593e-08 0.00218897 3.2357e-11 4.47564e-07 6.22872e-07 0.924508 0.0546298 6.21544e-07 9.355e-07 0.00618325 1.08739e-06 0.000357488 3.4576e-06 1.49697e-07 4.40092e-05 3.60548e-06 
0.0813987 0.000672778 0.00918705 0.0505664 0.00856147 3.29689e-05 0.0130207 0.013877 0.0226476 0.00197627 0.010883 0.0192748 0.277476 0.0567091 0.000828652 0.129672 0.17534 0.0178719 0.00169063 0.0142058 0.0215024 0.000298137 0.0723065 
0.127777 0.000637103 0.000122633 0.0281654 0.00202908 2.31208e-06 0.0477053 0.0013682 0.0156777 4.40916e-11 0.00155096 0.00354967 0.400299 0.00500972 0.00018602 0.277433 0.0575637 0.00365986 0.000169306 0.00776777 0.0019115 0.000822764 0.0165925 
0.0753128 0.00554556 0.0130487 0.0111465 0.0010155 2.87846e-05 0.00433586 0.0274741 0.0484812 4.48289e-07 0.00688019 0.0121771 0.439761 0.137531 0.000144911 0.0794902 0.0843675 0.00580283 0.000778992 0.00947157 0.011992 0.00207898 0.0231337 
0.034652 0.000273438 5.42009e-05 0.0595419 0.00014823 1.8512e-06 0.0825387 0.000162638 0.0399039 1.31974e-11 0.000138073 0.00164204 0.431898 0.00775055 4.37426e-06 0.284456 0.0419864 0.00162099 0.000142023 0.00522159 0.0036118 6.08322e-05 0.00419066 
0.229296 0.00173186 0.000569618 0.00358431 0.000100606 6.50771e-06 0.00158862 0.139913 0.00577261 1.88292e-05 0.011057 0.0161956 0.368345 0.0087773 6.99697e-05 0.0749331 0.0888336 0.00431337 6.74142e-07 0.0150528 0.0108861 7.86085e-05 0.0188761 
0.0374925 0.00123708 0.003356 0.0170619 0.00233896 4.57114e-06 0.0681303 0.0882515 0.00436666 9.06842e-09 0.0065858 0.00375292 0.627345 0.0103359 0.000511107 0.0632575 0.0237101 0.00379233 0.000532334 0.0142982 0.00764678 0.000767037 0.0152257 
0.11019 0.000574334 1.99588e-05 0.045742 0.0815445 0.000172029 0.0212281 0.0158171 0.0102953 3.7688e-08 0.000137317 0.0247592 0.201757 0.0569325 3.8857e-05 0.186925 0.0940077 0.0221327 0.00200654 0.0337127 0.0585469 0.00268121 0.0307786 
0.060066 0.00449168 2.55502e-06 0.000731044 0.000105762 4.24255e-06 0.00506229 0.0397252 0.0171571 8.64993e-11 0.01352 0.000738967 0.745537 0.000379681 4.69552e-06 0.0843632 0.0203887 0.000252031 9.49289e-08 0.00318268 0.00266017 0.000524162 0.0011033 
0.0397335 8.49253e-05 3.04887e-05 0.00863449 2.31521e-06 1.54816e-05 0.00151743 0.0116279 0.00142636 8.33449e-10 0.00395879 0.00558857 0.6355 0.00427196 0.000947896 0.227338 0.0142957 0.00423937 7.85455e-05 0.0156965 0.0141682 0.000944654 0.00989918 
0.162956 0.000522538 1.31013e-05 0.0226187 0.000205432 3.14421e-05 0.043011 0.00165974 0.0862291 6.64873e-11 0.00060009 0.0114129 0.468285 0.00713769 7.18015e-05 0.0964681 0.0426026 0.00624386 7.05093e-06 0.0168016 0.00327762 0.000580545 0.0292646 
0.0397335 8.49253e-05 3.04887e-05 0.00863449 2.31521e-06 1.54816e-05 0.00151743 0.0116279 0.00142636 8.33449e-10 0.00395879 0.00558857 0.6355 0.00427196 0.000947896 0.227338 0.0142957 0.00423937 7.85455e-05 0.0156965 0.0141682 0.000944654 0.00989918 
0.0398788 8.60779e-05 2.17794e-05 0.00718617 3.81117e-06 1.33553e-05 0.00129171 0.00969493 0.00101883 6.59125e-10 0.00296983 0.00419944 0.675886 0.0034203 0.000677074 0.198793 0.0148792 0.0038963 5.61079e-05 0.0152844 0.0102441 0.000707406 0.00979135 
0.0249119 0.000233384 0.000586548 0.0047043 0.00830874 1.00539e-06 0.00346888 0.00183913 0.00161493 2.42422e-12 0.036717 0.0022984 0.816516 0.0119267 0.000147024 0.0169404 0.0418416 0.00148527 0.00116829 0.00383877 0.00209514 0.00134456 0.0180117 
0.0502667 0.00207789 0.0205071 0.0341757 0.000660993 3.80981e-06 0.0109015 0.0403292 0.0105791 8.52104e-10 0.0175079 0.0220821 0.482852 0.0142489 0.0320719 0.108428 0.0705009 0.00394489 0.000361645 0.03597 0.00442661 0.00166789 0.0364351 
0.198921 0.0301187 0.00416075 0.0289584 0.00665211 8.34265e-08 0.0484393 0.0507196 0.00125952 6.47781e-08 0.00958535 0.00408633 0.44949 0.0215503 0.000212826 0.0804889 0.0298047 0.00161232 0.00102935 0.0164823 0.000362439 6.93041e-05 0.0159964 
0.0825463 4.17444e-05 0.0032808 0.00143267 0.00214899 9.81105e-07 0.00219175 1.01981e-05 0.00461907 1.2446e-07 0.000692252 0.0184782 0.642465 0.0265765 0.00736038 0.0321549 0.00236865 0.0350044 0.00194147 0.00835517 0.106634 0.000497844 0.0211979 
0.0711549 0.000375968 0.00845099 0.00701203 0.00784394 3.89265e-06 0.00509012 0.00478954 0.00364946 2.50248e-10 0.0219092 0.0184121 0.636792 0.0280381 0.0377699 0.0390367 0.0693491 0.00366078 0.00145089 0.0183077 0.00151647 0.00160394 0.0137823 
0.00257361 0.000100454 9.27424e-09 0.00840054 0.000145518 2.23918e-05 0.000540561 3.20588e-05 0.000366614 6.48155e-12 0.000537067 0.00147413 0.943238 0.00609559 0.000280671 0.00415197 0.0170433 4.59634e-05 0.000108808 0.004829 3.9006e-05 0.00206851 0.00790603 
0.0420746 0.0429431 0.00328621 0.181318 0.00110431 2.98992e-05 0.041807 0.00237082 0.0436251 4.30887e-11 0.0431259 0.0132871 0.202613 0.0241866 0.0411873 0.04927 0.0254978 0.0616128 5.55277e-05 0.155615 0.00791343 0.00109144 0.0159845 
0.152047 0.000368231 2.4591e-05 0.00858133 9.00844e-05 3.8944e-05 0.00543191 0.0267444 0.0193188 7.99452e-09 0.0115898 0.0143586 0.308089 0.00695934 0.00201968 0.178168 0.18154 0.00782075 3.9816e-07 0.0133477 0.0462509 0.000133418 0.0170762 
0.00821479 0.000341033 0.106828 0.0486082 0.0829063 8.29756e-07 0.0452094 0.013234 0.0656569 0.000182367 0.0021781 0.00209552 0.330951 0.0207707 0.000962606 0.134497 0.0413823 0.00272818 5.23981e-05 0.00431821 0.00475373 0.0772658 0.00686329 
0.0561198 5.49665e-05 0.000339095 0.0379914 0.000155677 1.52774e-06 0.0163681 0.00939286 0.11182 6.06416e-09 0.000397022 0.0221714 0.457213 0.0136211 0.000114577 0.162617 0.0458151 0.00710347 1.00859e-05 0.0438596 0.000954401 0.00967252 0.00420763 
0.0457235 0.000194634 0.00132609 0.0111594 0.0159818 2.3921e-05 0.0014463 0.0271384 0.00388001 3.55022e-08 0.00524187 0.00421925 0.317711 0.279632 4.13469e-05 0.075119 0.147525 0.00104436 0.00243945 0.0142826 0.00393811 0.000188958 0.041743 
0.0899132 0.00262995 0.00177838 0.0264315 0.000105408 4.00881e-05 0.0354768 0.0615126 0.0751187 1.56596e-07 0.02262 0.0318189 0.234605 0.00493095 0.00075038 0.175811 0.0824488 0.0396985 0.00229424 0.0397881 0.0502859 0.001156 0.0207847 
0.0650472 0.00240271 0.00026623 0.00224489 0.000125874 4.02069e-07 0.00525836 0.228444 0.000510138 2.02825e-10 0.0260935 0.00105287 0.437787 0.0067637 7.41708e-05 0.168444 0.0465391 0.000638606 3.61478e-05 0.00195805 0.00158897 3.40473e-06 0.00472055 
0.0590155 0.0143585 0.00110217 0.0184151 0.0262717 1.13085e-05 0.0175358 0.0647829 0.0160779 2.13434e-05 0.0112901 0.012036 0.252242 0.0282929 0.0426496 0.0846452 0.119776 0.00962439 0.000572996 0.0192675 0.131332 0.00184126 0.0688373 
0.0924347 0.000113526 0.000191454 0.00398636 0.0503072 4.82742e-06 0.00345873 0.0103504 0.00661221 2.71586e-09 0.00123275 0.0221996 0.237948 0.124608 0.000613098 0.163143 0.226347 0.00142109 0.00025226 0.00366721 0.00922682 0.000847396 0.0410333 
0.00783203 2.87115e-05 5.6078e-09 0.00166422 0.000250372 9.13958e-08 0.00121356 0.000113162 7.3429e-06 4.02438e-12 3.55808e-05 0.000224603 0.960185 0.0021839 7.78989e-05 0.0121422 0.00822237 0.000282736 1.63795e-05 0.00111897 0.000141522 0.000247539 0.00401141 
0.11259 0.000270092 4.14269e-05 0.00821443 0.000373171 9.61844e-07 0.00735769 3.76332e-05 0.00176576 2.741e-13 0.00223529 0.00165792 0.800163 0.00256216 0.000423591 0.0309708 0.00957492 0.001959 3.73137e-05 0.00545047 0.000359164 0.00128725 0.0126674 
0.280304 0.00332239 0.00192246 0.0035524 0.00144293 8.65652e-06 0.00525493 0.0307796 0.0033401 4.84031e-06 0.0346981 0.11957 0.311351 0.0162497 0.00546246 0.0636977 0.0326438 0.0059184 8.01922e-05 0.0542771 0.00228883 0.000339716 0.0234912 
0.0694823 0.000827378 0.00101077 0.0335174 1.93774e-05 1.04869e-05 0.024499 0.139465 0.00277625 2.50005e-10 0.0225146 0.0156073 0.590229 0.00230656 0.000113806 0.0374047 0.0134615 0.00135228 1.423e-05 0.0104465 0.00427425 0.000714648 0.0299529 
0.023924 0.00373329 0.00209374 0.016248 0.000789126 3.98364e-06 0.00776063 0.00312582 0.0449196 3.95668e-09 0.00558645 0.00811794 0.509355 0.0158258 0.00206923 0.108253 0.0384846 0.00558409 0.000293699 0.0106724 0.0409544 0.000446489 0.151759 
0.117894 0.000115021 0.000306847 0.085496 0.000124523 5.89204e-05 0.0176552 0.000732448 0.0422795 4.26538e-06 0.0333854 0.018311 0.407207 0.013745 9.72103e-05 0.0579595 0.0731984 0.00968343 0.000146697 0.0349419 0.0196502 0.0113427 0.055665 
0.0230663 0.0402854 0.00360416 0.0492988 0.000422112 2.12358e-06 0.00659604 0.101047 0.0264228 0.00975744 0.0251035 0.00903323 0.265003 0.0754716 0.000467873 0.151833 0.0816248 0.00169457 0.021841 0.0535435 0.0116989 1.48285e-05 0.0421677 
0.03052 0.0006181 0.0258857 0.00715849 0.00456106 1.21301e-08 0.00365016 0.00421416 0.00818601 1.21108e-10 0.000348878 0.0030057 0.45961 0.248468 7.46239e-06 0.04575 0.0802963 0.000885246 0.00027694 0.00191005 0.00240781 3.04422e-05 0.0722099 
0.0030196 0.0118477 0.0644927 0.00273788 0.0961321 7.26913e-11 0.00963127 0.00441719 0.0135502 7.21949e-11 0.00296245 0.00984982 0.33357 0.2341 3.04866e-05 0.0541483 0.117283 0.0020972 0.000358997 0.00978949 0.00531131 0.000257369 0.0244129 
0.114372 8.65877e-05 6.80898e-13 0.00121909 1.40069e-05 1.17106e-05 0.00105391 0.0855617 0.000748661 8.74021e-13 0.0190869 0.0031659 0.708876 0.000392365 4.42144e-05 0.0549996 0.00777057 3.13652e-06 4.79448e-07 0.00103484 0.000155792 7.60016e-06 0.00139471 
0.0498597 0.00598106 2.28084e-07 0.000974103 0.000140651 5.51265e-06 0.00109088 0.0333528 0.00196527 3.35484e-12 0.00813206 0.000984512 0.773888 0.000505713 6.1374e-06 0.0892735 0.0271825 0.000335483 8.47008e-09 0.00424215 0.000572105 3.77321e-05 0.00147022 
0.0397335 8.49253e-05 3.04887e-05 0.00863449 2.31521e-06 1.54816e-05 0.00151743 0.0116279 0.00142636 8.33449e-10 0.00395879 0.00558857 0.6355 0.00427196 0.000947896 0.227338 0.0142957 0.00423937 7.85455e-05 0.0156965 0.0141682 0.000944654 0.00989918 
0.114727 9.05388e-06 0.000446576 0.0834539 0.000202666 1.23829e-08 0.0085461 0.081207 0.00215969 5.90117e-07 0.0119558 0.00682269 0.295993 0.03282 0.00189895 0.267874 0.0379483 0.0020582 0.000129084 0.00509108 0.0350092 0.000224286 0.0114227 
0.0730211 6.54118e-05 2.11015e-10 0.00088698 1.13321e-05 8.20785e-06 0.000653104 0.0454142 0.000359007 2.70865e-10 0.00933465 0.00164522 0.808141 0.00027173 2.28513e-05 0.0402718 0.0164159 0.000213272 6.29357e-07 0.00156091 8.55907e-05 6.82795e-06 0.00161016 
0.034652 0.000273438 5.42009e-05 0.0595419 0.00014823 1.8512e-06 0.0825387 0.000162638 0.0399039 1.31974e-11 0.000138073 0.00164204 0.431898 0.00775055 4.37426e-06 0.284456 0.0419864 0.00162099 0.000142023 0.00522159 0.0036118 6.08322e-05 0.00419066 
0.0339065 9.66102e-05 0.00040021 0.0170677 0.00132005 4.92033e-06 0.00318631 0.102953 0.0141941 4.0961e-07 0.00525786 0.00445093 0.409231 0.0164848 0.000578913 0.165441 0.0889437 0.00992401 0.000763454 0.012807 0.061249 0.000504489 0.0512342 
0.0948121 0.035542 0.000187074 0.0355391 0.000351381 0.000338705 0.0567346 0.0269791 0.0238335 4.58636e-08 0.0070426 0.0361102 0.228535 0.00732052 0.0221167 0.128636 0.125698 0.0107665 1.11307e-05 0.100765 0.00752305 9.70908e-05 0.0510597 
0.0268476 6.81006e-05 7.66864e-13 0.00166269 3.22845e-06 1.72151e-06 0.000943463 0.0173115 0.000288228 9.8437e-13 0.00111169 0.00217041 0.872056 0.000662923 2.78572e-06 0.0609311 0.00528831 0.000619985 9.56095e-13 0.0070864 0.000449413 0.00010963 0.00238491 
0.0776556 0.000128499 0.0109791 0.0122643 0.00332078 1.65686e-06 0.00360523 0.00220525 0.0019085 1.79857e-11 0.00316705 0.00328489 0.708501 0.0568362 0.000258385 0.0344355 0.021261 0.00235141 0.000250804 0.0268408 0.00175698 0.00154155 0.027446 
0.0548833 0.00885394 0.000465214 0.0617705 0.000107188 4.89157e-06 0.00169066 0.0460974 0.00142022 9.64498e-09 0.0173835 0.000673449 0.660452 0.0003419 4.95093e-06 0.0751661 0.0186673 0.00370671 9.64737e-07 0.0351118 0.000401064 3.56986e-05 0.0127617 
6.62114e-05 0.000192347 0.0105852 0.0748704 0.0252241 2.74668e-08 0.00206762 0.00438925 0.0676652 1.25849e-07 0.000902938 0.00020405 0.356924 0.356036 0.000850628 0.00140818 0.0296454 0.0655366 2.67412e-05 0.000467158 0.00040658 9.79062e-08 0.002531 
0.0646626 0.000388133 0.00111958 0.0129681 0.0121136 0.00120251 0.0143077 0.063542 0.0869673 9.58969e-06 0.00137345 0.00865894 0.230044 0.096237 0.000744614 0.154191 0.209457 0.00368642 0.000921061 0.00931046 0.00759333 0.000622262 0.0198796 
0.271281 0.00022894 3.81092e-05 0.00152766 6.76828e-05 1.58434e-08 0.103126 0.0114507 0.000416385 4.87775e-12 8.29382e-05 0.00103706 0.435592 0.015786 4.95445e-05 0.152572 0.0026732 2.80282e-08 7.08743e-09 0.000115376 4.28685e-05 4.00691e-06 0.00390797 
0.012701 1.21843e-05 0.0001647 0.00103358 0.00334047 4.00699e-06 0.000436056 0.00424299 0.000473697 9.47039e-11 5.15576e-05 0.00228376 0.920987 0.0113112 9.45725e-07 0.0256504 0.00464231 0.000469946 0.000306781 0.00086325 0.00278518 1.0452e-05 0.00822818 
0.00163189 0.000125227 0.00134616 0.00273006 0.013911 1.56831e-07 0.00132203 0.00436019 0.0043823 5.7532e-12 0.00211685 0.000823285 0.916573 0.00972877 3.69572e-05 0.00544412 0.0298599 0.000584187 0.000291778 0.00109228 0.000377061 2.88407e-05 0.00323366 
0.156909 0.000376938 3.26734e-05 0.0131277 0.000262622 1.08709e-06 0.00283294 0.0133281 0.0133867 9.22367e-12 0.00215315 0.000602344 0.477792 0.0267931 5.46412e-05 0.0662986 0.0401767 0.0540343 0.000100522 0.124998 0.00107272 9.55877e-05 0.00557071 
0.00642557 4.09507e-05 2.71807e-08 0.00229979 2.49695e-05 6.09561e-07 0.00045798 4.14851e-05 2.17781e-08 3.89255e-12 0.00014142 0.000259162 0.952617 0.00254695 0.000109188 0.00507991 0.0139992 0.000468116 2.44277e-08 0.00594742 4.94414e-06 0.00239876 0.00713661 
0.00783203 2.87115e-05 5.6078e-09 0.00166422 0.000250372 9.13958e-08 0.00121356 0.000113162 7.3429e-06 4.02438e-12 3.55808e-05 0.000224603 0.960185 0.0021839 7.78989e-05 0.0121422 0.00822237 0.000282736 1.63795e-05 0.00111897 0.000141522 0.000247539 0.00401141 
0.0498597 0.00598106 2.28084e-07 0.000974103 0.000140651 5.51265e-06 0.00109088 0.0333528 0.00196527 3.35484e-12 0.00813206 0.000984512 0.773888 0.000505713 6.1374e-06 0.0892735 0.0271825 0.000335483 8.47008e-09 0.00424215 0.000572105 3.77321e-05 0.00147022 
0.0463993 0.000110022 0.00030146 0.00109446 1.56021e-05 3.41534e-06 0.00134245 0.0783594 0.00715573 1.72445e-11 0.000710752 0.00074542 0.687908 0.00230872 0.00211509 0.131056 0.0272793 0.000487474 7.93723e-05 0.00282307 0.00413031 7.86578e-05 0.00549556 
0.0498729 0.00017607 4.39448e-05 0.00565051 0.000531737 4.52936e-07 0.0047422 1.96525e-05 0.000919538 3.94492e-13 0.000963898 0.0011333 0.889784 0.00230895 0.000299447 0.0184248 0.00784114 0.00104411 4.80913e-05 0.00303984 0.000272881 0.00475526 0.00812759 
0.205339 0.00964272 0.000157089 0.0243325 0.000286037 6.16735e-06 0.0105539 0.0096905 0.0134289 1.49091e-11 0.0145206 0.00278826 0.51861 0.00398782 0.000113573 0.132996 0.0237705 0.00581838 8.4805e-05 0.0120911 0.00120608 0.00010705 0.0104691 
0.217763 0.00265072 0.000191174 0.0131849 0.000440363 1.11546e-05 0.108231 0.0249056 0.00923644 2.68943e-05 0.0133799 0.0257253 0.229021 0.0222983 0.00153836 0.169186 0.0588059 0.00283033 0.000313137 0.0189683 0.0190638 0.00103286 0.0611954 
0.037415 9.09555e-05 0.000224627 0.00496529 0.00857722 5.74732e-07 0.00280828 0.000894104 0.000895959 1.92604e-12 0.00290173 0.00194003 0.905269 0.00453749 6.02382e-05 0.0102779 0.0104429 0.000375645 0.000690518 0.00234655 0.000446545 0.000863952 0.003976 
0.082286 0.00024982 0.00348684 0.0193551 0.0432171 3.47409e-06 0.00747817 0.0177969 0.00985008 0.00435019 0.0177288 0.0776221 0.292835 0.0877748 0.00136728 0.0890567 0.172345 0.00589188 0.00215664 0.00927067 0.02191 0.000258041 0.0337096 
0.187658 7.5438e-05 1.69035e-09 0.00126253 2.70854e-05 3.33896e-06 0.00153625 0.0442609 0.00168513 5.94966e-13 0.0127712 0.00205032 0.631775 0.000780256 4.59719e-05 0.0705362 0.0366196 0.000195543 1.39183e-09 0.00336015 0.000197536 1.48096e-05 0.00514456 
0.0160375 0.000126782 0.00250149 0.0394655 0.00308778 2.51501e-05 0.00361688 0.00214962 0.0448924 8.78301e-06 0.000333627 0.00351581 0.708036 0.0151648 0.0086415 0.0269956 0.0266099 0.00104301 4.47859e-05 0.00396222 0.00113991 0.000749092 0.0918521 
2.46897e-08 7.06939e-05 1.10351e-07 3.05949e-08 4.35634e-08 2.78971e-09 0.000546647 5.11824e-13 0.00139142 2.30696e-12 1.36493e-05 0.000246372 0.989427 0.000241982 5.50192e-08 0.000644745 0.00651461 0.000234665 1.97204e-08 2.57674e-13 0.000112197 7.12239e-08 0.000555271 
0.037415 9.09555e-05 0.000224627 0.00496529 0.00857722 5.74732e-07 0.00280828 0.000894104 0.000895959 1.92604e-12 0.00290173 0.00194003 0.905269 0.00453749 6.02382e-05 0.0102779 0.0104429 0.000375645 0.000690518 0.00234655 0.000446545 0.000863952 0.003976 
0.0120564 0.00028955 0.000768308 0.0100926 0.0110364 2.45521e-07 0.00201101 0.000325546 0.00186907 1.14778e-12 8.92797e-05 0.000936581 0.914108 0.013397 7.18943e-05 0.00898398 0.0172164 0.000330965 0.00207311 0.00201155 0.000206984 3.16847e-05 0.00209365 
0.010728 0.000192508 1.95038e-06 0.00146299 4.52687e-12 1.45912e-05 0.000203456 0.0248037 0.000503332 7.00613e-09 0.000554648 0.0162429 0.718809 0.000920021 0.00387598 0.176699 0.0224017 0.0021924 6.30136e-05 0.00398159 0.00547546 4.16145e-05 0.0108322 
0.0721134 0.00834383 0.0147989 0.0773675 0.0148262 2.11848e-06 0.00446832 0.0168431 0.0481722 0.0032082 0.0574653 0.00195098 0.451543 0.0241436 0.000977037 0.0629097 0.109123 0.00459922 0.00231716 0.0160888 0.000391214 0.00151407 0.00683322 
0.0768324 0.000742831 0.000266568 0.00248243 0.0052613 8.33474e-08 0.0137488 0.000129646 0.00173767 3.87965e-09 0.000150139 0.000400187 0.754606 0.0699339 0.00181561 0.00856527 0.0522286 0.00161946 0.000380049 0.000776976 0.00251094 0.000880905 0.00493034 
0.395449 0.0048964 1.37335e-06 0.0457093 3.54733e-05 8.07829e-07 0.00402015 8.62517e-06 0.000576124 4.1648e-11 0.00815641 0.00017897 0.448169 0.00040582 3.91641e-05 0.0672742 0.0159296 0.00104971 6.68009e-07 0.00121717 0.00385618 1.548e-05 0.00301092 
0.114372 8.65877e-05 6.80898e-13 0.00121909 1.40069e-05 1.17106e-05 0.00105391 0.0855617 0.000748661 8.74021e-13 0.0190869 0.0031659 0.708876 0.000392365 4.42144e-05 0.0549996 0.00777057 3.13652e-06 4.79448e-07 0.00103484 0.000155792 7.60016e-06 0.00139471 
0.0564808 0.000125422 0.000492448 0.00447472 0.00845905 4.02985e-06 0.00185221 0.00168368 0.00156804 9.59976e-07 0.00148904 0.00226194 0.810045 0.0105041 0.000279517 0.0271476 0.0530041 0.00123213 0.000542133 0.00318145 0.00146363 0.00194235 0.0117658 
0.0536703 0.000118366 3.52808e-05 0.0146448 3.01559e-05 2.29583e-05 0.0106765 0.0498495 0.0195121 1.19343e-08 0.00191719 0.00377694 0.584276 0.00355623 9.79063e-05 0.16213 0.0412015 0.00908769 2.24275e-05 0.0286632 0.000419663 0.000299501 0.0159923 
0.00257361 0.000100454 9.27424e-09 0.00840054 0.000145518 2.23918e-05 0.000540561 3.20588e-05 0.000366614 6.48155e-12 0.000537067 0.00147413 0.943238 0.00609559 0.000280671 0.00415197 0.0170433 4.59634e-05 0.000108808 0.004829 3.9006e-05 0.00206851 0.00790603 
0.0546816 0.000181222 2.42957e-05 0.00823747 8.91252e-06 1.0765e-05 0.00222054 0.0112741 0.00242342 4.91681e-10 0.00588415 0.00294781 0.685153 0.00247783 0.000999551 0.174738 0.0141832 0.00426563 5.27176e-05 0.0122158 0.00667077 0.000421593 0.0109272 
0.0425644 4.69826e-06 2.06721e-06 0.00108609 0.00093032 0.000420433 0.00715368 0.268346 0.00846541 1.3473e-11 0.000999619 9.68303e-05 0.386461 0.0213333 1.62297e-05 0.126474 0.131629 1.87911e-07 7.67514e-08 0.00217311 4.45337e-05 6.47522e-06 0.00179346 
0.0492846 0.000289958 0.0255641 0.00829891 0.00729794 1.00983e-05 0.00153293 0.00771805 0.00153854 1.21924e-09 0.0501197 0.00666317 0.733447 0.00728681 0.000536116 0.00520972 0.080849 0.00049607 0.00165478 0.0042044 0.00062953 9.71671e-05 0.00727187 
0.0680619 0.000253759 0.000974726 0.00951817 0.000428974 8.71357e-06 0.00619485 0.0323795 0.00655405 4.79824e-06 0.00767186 0.0115641 0.413376 0.00458962 0.105818 0.223348 0.0472322 0.00733456 0.000240074 0.0121062 0.00827021 0.000679095 0.0333906 
0.206746 0.000329264 0.00254325 0.0106762 0.000142336 1.1654e-05 0.00461496 0.00107692 0.00204125 8.41509e-10 0.0645864 0.0117911 0.571315 0.00173898 0.00126582 0.0185855 0.0401956 0.00705001 6.44715e-05 0.0391531 0.001874 6.39653e-05 0.0141348 
0.114372 8.65877e-05 6.80898e-13 0.00121909 1.40069e-05 1.17106e-05 0.00105391 0.0855617 0.000748661 8.74021e-13 0.0190869 0.0031659 0.708876 0.000392365 4.42144e-05 0.0549996 0.00777057 3.13652e-06 4.79448e-07 0.00103484 0.000155792 7.60016e-06 0.00139471 
0.0139059 0.000182194 0.00113676 0.00453871 0.000395834 1.12584e-05 0.00243418 0.0709973 0.0249609 1.73472e-10 0.00418389 0.00354443 0.63549 0.00354963 0.159961 0.0364416 0.0235759 0.000688428 1.25757e-05 0.00285427 0.00419286 7.37304e-05 0.00686821 
0.0498597 0.00598106 2.28084e-07 0.000974103 0.000140651 5.51265e-06 0.00109088 0.0333528 0.00196527 3.35484e-12 0.00813206 0.000984512 0.773888 0.000505713 6.1374e-06 0.0892735 0.0271825 0.000335483 8.47008e-09 0.00424215 0.000572105 3.77321e-05 0.00147022 
0.178222 0.000336247 0.00570752 0.00957166 0.000212191 8.20161e-06 0.00492257 0.00113373 0.00205733 5.53558e-09 0.0513998 0.00881251 0.628229 0.00186232 0.00107462 0.0211983 0.0337479 0.00570999 6.75725e-05 0.0297376 0.00148283 0.000366629 0.0141391 
0.0992409 0.00299418 0.000669082 0.00383415 0.000951121 4.69568e-06 0.00667126 0.0686508 0.00297177 3.86137e-10 0.00935632 0.0412185 0.266596 0.0477292 0.000747984 0.197759 0.161962 0.00164891 0.00650623 0.011604 0.0196865 0.000145684 0.0490511 
0.122589 0.000263797 0.00409113 0.00917466 0.00103482 0.0288528 0.00348124 0.059514 0.0304146 1.35672e-08 0.00290745 0.00787104 0.494169 0.0051562 0.000874514 0.119685 0.0591261 0.00458897 8.66181e-06 0.018236 0.000990733 0.000433417 0.0265364 
2.38632e-07 0.000661496 0.00283119 4.6423e-06 0.00368718 8.47392e-08 0.00489258 9.04593e-08 0.00218897 3.2357e-11 4.47564e-07 6.22872e-07 0.924508 0.0546298 6.21544e-07 9.355e-07 0.00618325 1.08739e-06 0.000357488 3.4576e-06 1.49697e-07 4.40092e-05 3.60548e-06 
0.0768324 0.000742831 0.000266568 0.00248243 0.0052613 8.33474e-08 0.0137488 0.000129646 0.00173767 3.87965e-09 0.000150139 0.000400187 0.754606 0.0699339 0.00181561 0.00856527 0.0522286 0.00161946 0.000380049 0.000776976 0.00251094 0.000880905 0.00493034 
0.0472959 0.000362518 7.75431e-05 0.00738273 0.000440881 1.21484e-05 0.00519294 0.00425642 0.00792323 5.55319e-10 0.0115101 0.00730987 0.643476 0.00547432 0.151273 0.07147 0.0113451 0.00225153 4.62311e-05 0.00892412 0.0036975 0.000736277 0.00954147 
0.0832815 0.000250375 2.95931e-05 0.00715885 0.000478618 6.87472e-07 0.00592087 2.68821e-05 0.00126127 3.88243e-13 0.00159666 0.00150696 0.84631 0.00193539 0.000413453 0.0243311 0.00825635 0.00139929 4.63006e-05 0.00435867 0.000256988 0.000919503 0.0102611 
0.0101186 4.22093e-05 0.00285078 0.0416954 0.00015663 1.1431e-05 0.00918701 0.229109 0.0903191 6.44978e-09 0.00112535 0.00290064 0.375367 0.00499813 0.00253514 0.077455 0.0297267 0.000499644 0.00263257 0.087722 0.0232897 0.000174922 0.00808286 
0.205284 0.000615885 0.00180164 0.00685797 9.92396e-05 1.42952e-05 0.024465 0.0139279 0.0029828 3.473e-08 0.0277892 0.00850066 0.405022 0.00550698 0.00151486 0.139959 0.0468937 0.00763421 0.0011285 0.028422 0.00260667 0.000128313 0.0688454 
0.0162814 6.70054e-05 1.33529e-08 0.00560052 9.7038e-05 1.49672e-05 0.00181532 2.1419e-05 0.000244482 1.71216e-11 0.00035812 0.00159938 0.885388 0.00556202 0.000187263 0.0273142 0.0211505 3.06632e-05 0.000197093 0.00351752 2.60193e-05 0.00137968 0.0291479 
0.0846889 3.74942e-05 0.00103277 0.00477556 4.12592e-05 3.9374e-06 0.00276997 0.166819 0.0077631 1.79085e-10 0.00396848 0.00518428 0.506729 0.00449576 0.000493022 0.138878 0.0403184 0.00105805 1.85064e-05 0.00802388 0.0103327 0.000686532 0.0118814 
0.030405 0.000346425 0.0110263 0.012458 0.0239249 0.100502 0.00201379 0.0232913 0.130038 3.9215e-05 0.000848216 0.000843536 0.539763 0.014344 0.00422364 0.0387558 0.0582394 0.0023667 0.00052701 0.00225271 0.000819636 0.000295457 0.00267548 
0.00257361 0.000100454 9.27424e-09 0.00840054 0.000145518 2.23918e-05 0.000540561 3.20588e-05 0.000366614 6.48155e-12 0.000537067 0.00147413 0.943238 0.00609559 0.000280671 0.00415197 0.0170433 4.59634e-05 0.000108808 0.004829 3.9006e-05 0.00206851 0.00790603 
0.059318 0.00105285 0.000472247 0.0204934 4.04507e-05 8.41502e-06 0.011177 0.058054 0.055953 1.51238e-08 0.012064 0.013672 0.385492 0.0171479 0.00290997 0.128684 0.0260801 0.0330213 5.66968e-05 0.137172 0.0055024 0.000746796 0.0308819 
6.62428e-05 0.000179077 0.00853256 0.0748711 0.0231784 2.90571e-08 0.00137936 0.00505707 0.0710162 3.36274e-10 0.000795203 0.000204087 0.404807 0.274634 0.00085112 0.00016693 0.0641064 0.0655377 0.0018816 0.000467213 0.000406667 1.06963e-07 0.00186209 
0.00783203 2.87115e-05 5.6078e-09 0.00166422 0.000250372 9.13958e-08 0.00121356 0.000113162 7.3429e-06 4.02438e-12 3.55808e-05 0.000224603 0.960185 0.0021839 7.78989e-05 0.0121422 0.00822237 0.000282736 1.63795e-05 0.00111897 0.000141522 0.000247539 0.00401141 
0.0262899 0.000178914 0.000903746 0.00639852 0.00197445 5.23871e-06 0.00373246 0.00532127 0.0277729 1.9402e-08 0.0120193 0.00532795 0.633619 0.0118096 0.00120715 0.0978993 0.0763434 0.0503486 0.000435693 0.0052733 0.00518023 0.00313764 0.0248217 
2.38632e-07 0.000661496 0.00283119 4.6423e-06 0.00368718 8.47392e-08 0.00489258 9.04593e-08 0.00218897 3.2357e-11 4.47564e-07 6.22872e-07 0.924508 0.0546298 6.21544e-07 9.355e-07 0.00618325 1.08739e-06 0.000357488 3.4576e-06 1.49697e-07 4.40092e-05 3.60548e-06 
0.0831242 0.000270929 0.00654587 0.0163826 0.00200977 3.11342e-05 0.0192816 0.0347915 0.0906007 7.9689e-05 0.0115353 0.00769397 0.275886 0.0509977 0.00163784 0.212722 0.107155 0.00564348 0.000547052 0.0533581 0.00629501 0.000364451 0.0130467 
0.0353445 0.00665632 0.00636916 0.018854 0.133586 0.00510966 0.0373767 0.0140846 0.0782357 0.0455083 0.00157585 0.012512 0.200587 0.145888 0.00187617 0.0913265 0.0881884 0.0264274 0.00133966 0.0125629 0.0102321 0.000536903 0.0258224 
0.00783203 2.87115e-05 5.6078e-09 0.00166422 0.000250372 9.13958e-08 0.00121356 0.000113162 7.3429e-06 4.02438e-12 3.55808e-05 0.000224603 0.960185 0.0021839 7.78989e-05 0.0121422 0.00822237 0.000282736 1.63795e-05 0.00111897 0.000141522 0.000247539 0.00401141 
0.0248482 0.000205809 0.00101262 0.00230327 0.000361376 1.26057e-05 0.0033077 0.0446617 0.0270355 1.53678e-11 0.00842844 0.00302004 0.454384 0.00419459 0.348282 0.0499974 0.0170712 0.000436958 2.65136e-05 0.00330857 0.00350608 6.75107e-05 0.00352794 
0.037415 9.09555e-05 0.000224627 0.00496529 0.00857722 5.74732e-07 0.00280828 0.000894104 0.000895959 1.92604e-12 0.00290173 0.00194003 0.905269 0.00453749 6.02382e-05 0.0102779 0.0104429 0.000375645 0.000690518 0.00234655 0.000446545 0.000863952 0.003976 
0.0373647 5.30346e-05 8.58578e-09 0.00268312 4.37264e-06 1.82131e-06 0.000713512 0.00930985 0.00310936 2.03306e-12 1.40075e-05 0.000574544 0.814405 0.000754099 2.33528e-09 0.105279 0.0202676 8.15539e-05 1.97466e-12 0.000919695 0.000276725 8.91107e-06 0.00417894 
2.38632e-07 0.000661496 0.00283119 4.6423e-06 0.00368718 8.47392e-08 0.00489258 9.04593e-08 0.00218897 3.2357e-11 4.47564e-07 6.22872e-07 0.924508 0.0546298 6.21544e-07 9.355e-07 0.00618325 1.08739e-06 0.000357488 3.4576e-06 1.49697e-07 4.40092e-05 3.60548e-06 
