0.0480338 0.0199108 0.0146163 0.0112295 0.000129644 5.14236e-08 0.00285916 0.0113122 0.0927171 7.17057e-10 9.78075e-05 0.00371633 0.0212432 0.671865 0.00152393 0.0442453 0.0324126 0.0011613 4.14235e-06 0.0140495 0.00758029 0.000799518 0.000492384 
0.110713 0.0106136 2.69817e-10 0.000296926 3.58553e-07 2.9814e-06 0.000469265 0.0207469 0.0106159 5.579e-05 0.000755176 0.067304 0.000607525 0.399045 1.66801e-06 0.027711 0.0640301 0.00164507 4.28876e-05 0.015565 0.0351701 7.7019e-07 0.234608 
0.00591475 0.000642769 0.0164427 0.00193449 0.000718106 2.31247e-08 0.00825656 0.00688161 0.214321 1.89544e-07 8.06669e-06 0.00014415 0.0636373 0.425534 0.108109 0.00731136 0.0946696 2.5794e-06 3.81503e-07 0.035431 0.00635552 1.02502e-06 0.00368306 
0.0864372 0.000458147 2.16831e-06 0.0633796 3.69517e-06 0.000119506 0.00929585 0.0919896 0.0272486 1.47374e-06 0.0148972 0.0161902 0.0112931 0.299709 0.00110452 0.0448197 0.0473233 0.0252332 3.42517e-06 0.0232717 0.0181367 0.0011893 0.217893 
0.0762544 0.000455163 0.00110284 0.000154464 0.00080286 2.73725e-06 0.000448157 8.30736e-05 0.00312549 2.71856e-06 1.93423e-05 0.000212846 0.20518 0.528959 5.64094e-05 0.00589578 0.0454619 0.0326693 0.000118828 0.0427838 0.0326838 0.000195174 0.0233323 
0.0149037 4.98246e-05 0.00333272 0.000807554 0.000118158 0.000174254 0.000267551 0.0206216 0.0130366 0.0129257 4.28304e-05 0.0277088 0.0163776 0.826646 1.43445e-06 0.0194384 0.036144 0.000241978 4.08152e-06 0.00315337 0.000708201 2.05389e-07 0.00329543 
0.0282361 0.0243863 0.0147194 0.0773444 0.0409075 6.40393e-05 0.0515709 0.0174817 0.0984909 0.00880734 0.00866328 0.0137332 0.111083 0.165393 0.0143235 0.0892459 0.0991445 0.0176188 0.00156213 0.0799977 0.00774877 0.000162915 0.0293147 
0.022778 0.000899646 0.00129051 0.000389789 0.00730778 1.7557e-08 0.00756932 0.00039757 0.00421606 0.000104989 5.80896e-06 0.0022342 0.00811657 0.81486 0.0003229 0.0424493 0.0557439 0.00337965 2.68393e-08 0.000197042 0.00962769 3.99072e-08 0.0181094 
0.00185752 0.000394364 0.00624572 0.0126474 0.0173102 2.559e-06 0.00835279 0.00531595 0.0982577 0.00133205 0.00399883 0.00601869 0.0478386 0.354544 0.00702328 0.153981 0.237279 0.00581351 2.71555e-06 0.00718303 0.0103851 0.00109274 0.0131229 
0.00793053 0.0050341 0.168733 0.0234897 0.0385238 2.31692e-05 0.0324128 0.00570868 0.0473415 2.35211e-06 0.00087072 0.00717527 0.0203647 0.366502 0.000224455 0.077656 0.120527 0.0200113 0.0394378 0.00749419 0.00455825 0.000254362 0.00572441 
0.060998 0.000149005 0.00068796 0.00741096 0.000315825 9.37889e-07 0.00807886 0.0378647 0.0111929 1.40143e-06 7.93919e-05 0.25072 0.00172438 0.362246 7.93011e-05 0.0726819 0.11964 0.00663355 0.000225502 0.0243357 0.00402341 6.5045e-05 0.0308446 
0.00533536 0.00510624 0.0268534 0.00224587 0.226079 6.79539e-07 0.00513992 0.00302627 0.0760269 2.68154e-05 0.0239776 0.0309644 0.0255362 0.285382 0.00132755 0.0519994 0.223785 0.000151225 0.00124415 0.00306426 0.000806303 1.8002e-05 0.00190369 
0.015764 0.0010353 0.00308208 0.0114452 0.025443 5.03543e-05 0.00136604 0.00911319 0.155909 0.000566005 0.00361425 0.00953117 0.0221712 0.563895 0.000216025 0.0516956 0.101902 0.00210923 0.00449696 0.00429851 0.000504736 0.00010494 0.011686 
0.00153349 0.0701333 0.0078242 0.0300318 0.214233 5.48622e-08 0.0145199 0.0031886 0.145082 0.00559842 0.0157852 0.0168401 0.0460754 0.260121 0.000646968 0.00202027 0.0994195 0.00776513 5.06868e-08 0.0418299 0.00918796 4.59822e-05 0.00811736 
0.00822653 0.000604777 0.0267403 0.0239053 0.00484247 2.43477e-07 0.0199159 0.0672968 0.160907 0.00267533 5.06764e-08 0.00670505 0.00684947 0.532025 0.000655276 0.0219437 0.0391097 0.00728115 0.00016965 0.0488724 0.00634973 0.00211852 0.0128061 
0.0486364 0.000284287 0.00220894 0.0225381 0.0339981 0.00426648 0.00335143 0.0403105 0.042755 0.000914777 0.0165786 0.00795665 0.0713026 0.306488 0.00282276 0.0900698 0.224802 0.00430183 0.00126234 0.0166786 0.0298468 6.7379e-05 0.0285586 
0.00964854 0.00139549 0.0290101 0.0108087 0.0617091 5.03889e-08 0.00208547 0.00462062 0.0089134 0.0149734 0.0067915 0.00125083 0.134774 0.511004 0.00167723 0.0833145 0.0901511 0.00611575 0.00193475 0.0120976 0.00262791 0.00030423 0.00479184 
0.155658 0.00138166 0.00357068 0.0377863 0.0141253 0.00549159 0.00747492 0.0614198 0.0284259 0.000799268 0.00785736 0.033267 0.046763 0.259161 0.000351017 0.137483 0.159198 0.0044879 8.95085e-05 0.00616899 0.00141985 0.000202738 0.0274176 
0.0119987 0.000442394 0.00107429 0.0130901 0.0934061 3.80425e-08 0.0059817 0.00117219 0.0377633 2.28586e-10 0.000637127 0.00792131 0.140256 0.448127 3.13051e-06 0.0272708 0.106473 0.00611436 0.00153394 0.0401274 0.0310369 0.000125149 0.0254455 
0.00683667 0.00781505 0.197928 0.0603082 0.0170041 6.3152e-10 0.00378138 0.00857665 0.0321257 6.27208e-10 2.86606e-05 0.0048757 0.0335519 0.288318 0.00119624 0.00872069 0.143462 0.0243658 0.00182507 0.00483686 0.0917723 2.27096e-05 0.0626476 
0.0019962 5.51294e-05 0.00274491 0.0331938 0.141252 0.00165292 0.00358675 0.00955318 0.193255 4.46589e-07 0.00555915 0.00149613 0.0338325 0.376697 0.00133215 0.0277198 0.122073 0.00412096 0.000113192 0.00514534 0.0315299 2.89263e-05 0.00306143 
0.00449545 5.48739e-05 0.000162658 0.148521 1.84263e-06 3.65825e-06 0.0231429 0.000711569 0.0301636 4.80851e-07 0.00301176 0.0120148 0.00621764 0.534875 3.71469e-06 0.0485146 0.00435429 0.152875 0.00269782 0.0149143 0.00617224 3.06922e-06 0.00708702 
0.00387048 1.58246e-05 9.46021e-05 3.45207e-05 4.30719e-09 2.3196e-08 9.53661e-06 9.90986e-06 0.00228159 0.251991 2.32703e-06 0.0026763 0.00035899 0.640237 0.00128046 0.00266091 0.0101582 0.00578182 1.30572e-05 0.00121652 0.0297149 0.00243035 0.0451614 
0.152948 0.00351493 0.0031802 0.022045 0.00904482 0.000125698 0.050466 0.0478906 0.0649601 0.000208123 0.000217703 0.0950793 0.0260959 0.203443 0.00068095 0.153441 0.0990566 0.0185594 9.10883e-05 0.0252332 0.00317822 0.000164612 0.0203761 
0.0040776 0.000190332 0.000977934 0.00127764 0.0142138 3.04017e-05 0.00559514 0.0162449 0.254241 1.08889e-07 0.0093593 0.043341 0.0501236 0.308752 0.00393931 0.0166522 0.211538 0.00059738 0.000356527 0.0209447 0.0016146 1.00343e-05 0.0359223 
0.0959823 6.04784e-05 0.0242614 0.00427483 0.000570451 3.29237e-05 0.00347718 0.0107782 0.0425464 1.84168e-08 0.00014554 0.0244405 0.0964411 0.224626 0.000826743 0.122713 0.0484106 0.00809421 0.0296228 0.00917999 0.190881 0.000305507 0.0623284 
0.00546885 0.000890503 0.00294465 0.0069168 0.274369 4.72651e-10 0.0600124 0.00031137 0.0378766 0.00228479 0.00268509 0.000173593 0.0212552 0.281041 0.00102005 0.0167035 0.197412 0.00198783 2.75744e-08 0.0794253 0.00102345 0.000131439 0.00606517 
0.015764 0.0010353 0.00308208 0.0114452 0.025443 5.03543e-05 0.00136604 0.00911319 0.155909 0.000566005 0.00361425 0.00953117 0.0221712 0.563895 0.000216025 0.0516956 0.101902 0.00210923 0.00449696 0.00429851 0.000504736 0.00010494 0.011686 
0.0480338 0.0199108 0.0146163 0.0112295 0.000129644 5.14236e-08 0.00285916 0.0113122 0.0927171 7.17057e-10 9.78075e-05 0.00371633 0.0212432 0.671865 0.00152393 0.0442453 0.0324126 0.0011613 4.14235e-06 0.0140495 0.00758029 0.000799518 0.000492384 
0.015764 0.0010353 0.00308208 0.0114452 0.025443 5.03543e-05 0.00136604 0.00911319 0.155909 0.000566005 0.00361425 0.00953117 0.0221712 0.563895 0.000216025 0.0516956 0.101902 0.00210923 0.00449696 0.00429851 0.000504736 0.00010494 0.011686 
0.0136339 1.51103e-05 0.000756255 0.00606485 0.0570399 1.15924e-05 0.00275922 0.00171206 0.0280734 0.000783646 0.00180134 0.0251149 0.0176574 0.656228 0.00013237 0.0295198 0.0714598 0.00836445 3.25166e-06 0.038656 0.0175669 4.17623e-05 0.0226045 
0.0386542 0.000499852 0.00604286 0.0288336 0.00886619 0.000934324 0.0107116 0.0253541 0.0266628 0.00509043 0.00769072 0.0141201 0.123893 0.313882 0.00584176 0.134577 0.1108 0.00535937 0.00279664 0.0202031 0.00992744 0.00212721 0.0971317 
0.0274909 0.210624 0.00164306 0.101533 0.000123721 5.11362e-11 0.106936 0.0056584 0.0218314 2.55426e-09 0.00743683 0.00149839 0.00403053 0.373146 0.000409188 0.0579856 0.037902 0.00960098 0.00042885 0.0223558 0.00195568 4.73864e-05 0.00736311 
0.0181742 0.000100172 0.00232416 0.0104972 0.00475256 1.67299e-05 0.00219489 0.00314084 0.0694457 5.54758e-07 0.000116878 0.0241879 0.0151056 0.591701 0.0175482 0.0678853 0.0331824 0.00509977 0.00164432 0.0402016 0.00428585 0.000142087 0.0882521 
0.00789045 0.000332333 0.00791128 0.00412195 0.0108793 4.97351e-07 0.000777571 0.00856955 0.00375256 0.0330138 0.000455636 0.000644818 0.0188689 0.785602 0.00500702 0.0317644 0.0351382 7.81492e-05 0.000161749 0.00412065 0.0364103 1.62239e-05 0.00448258 
0.0186772 0.000605493 0.000714365 0.0319282 0.0101997 1.54605e-05 0.00287726 0.0107727 0.0164508 0.000589615 0.0250049 0.00676794 0.0999667 0.343537 0.000543961 0.113626 0.261491 0.0116456 0.00553871 0.0041189 0.00902744 0.00102237 0.024878 
0.00223416 0.00327949 0.0731228 0.0469255 0.0152962 2.72195e-06 0.00604409 0.00207795 0.257197 2.45176e-06 0.0034567 0.00480168 0.0793486 0.286848 0.000266083 0.0709706 0.112321 0.00280049 0.00091292 0.0139837 0.0124088 6.56126e-05 0.00563451 
0.0491365 9.93677e-05 0.0230877 0.0145614 0.00243293 2.01884e-06 0.00419389 0.0145078 0.217955 9.92995e-05 0.000326571 0.0453981 0.00343504 0.283678 0.00501418 0.0863348 0.063943 0.00687475 5.36299e-06 0.0297603 0.129293 2.44094e-05 0.0198367 
0.0197181 0.000136997 0.000364615 0.00979383 0.00233355 9.83976e-07 0.0329661 0.0015363 0.0347007 0.017065 0.00580567 0.0830342 0.0017726 0.510685 1.17594e-05 1.35281e-05 0.270912 1.35644e-09 0.00185308 0.00562564 0.000251737 5.11608e-06 0.00141357 
0.0430197 0.0052552 0.221612 0.0505665 0.0136988 0.0126685 0.00599009 0.0243608 0.0302157 0.0142045 0.000850562 0.00132713 0.0650462 0.384154 0.00118214 0.0543498 0.0356779 0.0112921 0.00441231 0.00909888 0.00591676 8.97925e-06 0.00509208 
0.00325552 0.00293512 0.0212735 0.0472197 0.243753 2.77194e-07 0.0236598 0.00893338 0.0601325 2.31482e-05 0.0292853 0.000701161 0.0120838 0.304497 0.000896885 0.0154342 0.131533 0.0029157 6.87122e-06 0.0758786 0.0083569 0.00133211 0.00589174 
0.0512619 0.000345747 0.0183315 0.0141584 0.0133033 5.31025e-05 0.00545872 0.00495865 0.0187842 0.011459 0.000723831 0.00302728 0.0357357 0.594792 4.23923e-05 0.0465231 0.113588 0.00511702 0.0045786 0.00357983 0.0255097 0.000743849 0.0279241 
0.00578543 6.8889e-05 0.000537326 0.00444398 8.35669e-08 7.33983e-09 0.00945049 0.000216569 0.000768427 1.18251e-09 0.000422613 0.0111642 0.000431304 0.811359 0.0131215 0.0156042 0.00227114 0.0192236 6.85332e-05 0.0236081 0.0323809 0.000801345 0.0482721 
0.068454 0.00705899 0.00207439 0.0195306 0.000916694 0.000122066 0.0369065 0.0279144 0.14554 3.21232e-05 0.00696769 0.0615507 0.037951 0.305465 0.000369445 0.095218 0.0604826 0.0180695 0.000194134 0.0345452 0.0522409 0.00229312 0.0161031 
0.0128483 0.000699802 0.000907768 0.00426852 0.000348215 2.80983e-07 0.000720284 0.00133555 0.017367 8.22097e-05 2.76059e-06 0.00724323 0.00131804 0.830961 1.00175e-05 0.0152551 0.092593 0.000500845 3.12311e-05 0.00517724 0.00290698 7.75634e-05 0.00534469 
0.032465 1.82892e-06 0.00853999 0.00588751 6.31215e-07 3.39936e-06 9.40205e-07 7.49034e-07 0.0220893 3.37615e-06 1.0839e-05 0.000115496 5.85444e-07 0.837208 0.00130171 0.000720939 6.2557e-05 0.0457559 1.45349e-05 0.00359499 0.0419799 5.7553e-05 0.000184036 
0.0269591 0.000532692 0.00858236 0.132079 0.000491398 7.95356e-06 0.0545591 0.0165921 0.0539148 5.3757e-08 0.00662272 0.0063117 0.00407995 0.27291 0.000771293 0.117715 0.0539685 0.0291614 0.00050178 0.151021 0.0222402 0.000414699 0.0405643 
0.0438127 0.0140703 4.59528e-05 0.00027606 7.44951e-06 8.05234e-08 0.00803954 0.000620418 0.000676056 7.99736e-08 0.000154154 0.0237863 0.00262401 0.434424 1.18812e-05 0.0755842 0.127677 0.179551 0.0031621 0.0199935 0.0394528 3.69128e-06 0.0260261 
0.0126399 0.000357061 0.000467047 0.00858932 0.00338491 5.54142e-05 0.00173798 0.00910499 0.0227703 1.01141e-05 0.0100564 0.00468048 0.0219019 0.590639 0.000419323 0.0535531 0.21004 0.023875 0.000150612 0.00464253 0.0135303 5.66652e-06 0.00738917 
0.00789045 0.000332333 0.00791128 0.00412195 0.0108793 4.97351e-07 0.000777571 0.00856955 0.00375256 0.0330138 0.000455636 0.000644818 0.0188689 0.785602 0.00500702 0.0317644 0.0351382 7.81492e-05 0.000161749 0.00412065 0.0364103 1.62239e-05 0.00448258 
0.0384982 8.45965e-10 1.21657e-09 0.0401165 5.31666e-08 1.85436e-08 0.0379406 0.00419799 0.00705205 1.56163e-09 1.83849e-07 0.0022702 0.0305776 0.266981 0.000143603 0.0634596 0.00758646 0.0120976 0.000207397 0.0564633 0.0376206 0.218679 0.176108 
0.00546885 0.000890503 0.00294465 0.0069168 0.274369 4.72651e-10 0.0600124 0.00031137 0.0378766 0.00228479 0.00268509 0.000173593 0.0212552 0.281041 0.00102005 0.0167035 0.197412 0.00198783 2.75744e-08 0.0794253 0.00102345 0.000131439 0.00606517 
0.128144 0.000114376 4.29917e-07 0.00643434 0.000148201 4.77426e-06 0.0525984 0.00757024 0.0520574 5.51855e-07 0.00117955 0.0432988 0.00514859 0.566273 2.45623e-05 0.0369401 0.00791291 0.00656171 0.00110807 0.0379496 0.0397535 0.00463713 0.00213938 
0.0918349 0.000205091 0.0198849 0.0329583 0.000262251 6.1388e-06 0.0100416 0.0168534 0.00791594 0.000236022 0.0165957 0.0324363 0.0235652 0.224175 0.00967679 0.202024 0.049404 0.0111024 0.000114324 0.0602603 0.164115 0.000176229 0.0261562 
0.00367246 0.0019559 0.0198182 0.0728594 0.00161009 1.69726e-06 0.0744072 0.000280681 0.256865 2.36257e-07 6.78351e-05 0.00302855 0.0812548 0.330749 0.01403 0.00200966 0.00640341 0.034276 3.04105e-05 0.0549752 0.0185053 2.49841e-06 0.0231964 
0.033302 0.00049936 0.00654674 0.015321 0.00424539 5.95956e-06 0.0136078 0.0167177 0.0210538 0.000938052 0.0368322 0.0734992 0.0855775 0.357544 0.0030263 0.0432165 0.241968 0.00323494 0.0145337 0.00836572 0.0102813 7.39649e-05 0.00960853 
0.0224662 0.00125903 0.0140129 0.0181026 0.0748424 9.22961e-06 0.00664026 0.00259539 0.016041 0.000100882 0.00226457 0.00160289 0.0469985 0.45718 0.00110076 0.0447556 0.0260098 0.0707864 0.00256051 0.00999694 0.0884503 0.0166694 0.0755548 
0.014635 0.0229736 3.0136e-07 0.000135303 0.0109938 0.120997 0.00182516 0.0230612 0.00875331 0.0107962 0.000100464 0.00481985 0.0120887 0.621547 0.000250407 0.035728 0.0735357 0.00532683 0.0007672 0.00118928 0.00669814 2.76068e-06 0.0237743 
0.0193325 0.0391391 7.83289e-05 0.0323437 0.00123295 0.000337321 0.0156259 0.00805384 0.083095 1.27275e-07 0.000632957 0.0159813 0.00520735 0.442315 0.000338425 0.0868593 0.168189 0.0125291 8.55088e-05 0.00367754 0.0252667 9.79882e-05 0.0395805 
0.112318 0.000130605 0.000187058 0.0143877 0.00700601 7.83584e-05 0.0115473 0.00258259 0.027381 2.01109e-07 0.00213298 0.0140156 0.13154 0.292909 0.00212642 0.196794 0.069348 0.0465546 0.00230033 0.0314403 0.0172467 6.34349e-05 0.0179105 
0.11985 8.98398e-05 5.00932e-05 0.00642977 0.00217644 2.38844e-05 0.0012309 0.00974257 0.00812347 0.00634623 0.0389182 0.108174 0.0241383 0.49355 2.03108e-05 0.0666672 0.0314826 0.0110807 1.07601e-05 0.018623 0.0183787 9.94131e-05 0.0347936 
0.0302768 0.000890593 0.00435642 0.0188921 0.000137512 1.34205e-08 0.00142681 0.00536434 0.052451 6.2469e-06 0.0031312 0.000900725 0.00647795 0.496571 5.29768e-05 0.0459515 0.256302 0.0548364 8.06664e-05 0.0148727 0.00158878 0.000356908 0.0050745 
0.00581169 0.000222947 0.00770771 0.0268971 0.0131703 1.34164e-12 0.0048689 0.00198742 0.00885203 7.42817e-10 0.000717699 0.00867145 0.00451616 0.519788 6.13097e-05 0.0280473 0.344708 4.42959e-05 5.33886e-05 0.00271535 0.00852676 4.89888e-08 0.0126324 
0.015764 0.0010353 0.00308208 0.0114452 0.025443 5.03543e-05 0.00136604 0.00911319 0.155909 0.000566005 0.00361425 0.00953117 0.0221712 0.563895 0.000216025 0.0516956 0.101902 0.00210923 0.00449696 0.00429851 0.000504736 0.00010494 0.011686 
0.0695757 0.00383489 0.000693737 0.0156833 0.00361509 0.000310107 0.0356472 0.018258 0.0163942 0.00123236 0.00631203 0.0245924 0.0308018 0.208946 0.00320485 0.10463 0.126626 0.0282727 0.00162385 0.0386352 0.0876016 0.00160338 0.171905 
0.0579069 0.00075821 0.000778137 0.0180336 0.00229738 1.93021e-06 0.113233 0.00125193 0.0494485 4.90601e-06 0.000993692 0.007633 0.00722874 0.306398 0.00493176 0.0920768 0.022897 0.159495 0.000218481 0.0396341 0.0389955 0.000378321 0.075406 
0.0486693 0.000127908 0.0078172 0.0402392 0.00033305 0.00619632 0.0111742 0.00393908 0.272128 0.000117564 0.00862304 0.00438841 0.00584497 0.285194 0.00109201 0.110754 0.0656343 0.0112338 1.73732e-05 0.0662291 0.033233 0.000150876 0.0168634 
8.45758e-05 0.00162957 0.00904416 0.0783662 0.00363413 1.06173e-07 0.00577091 0.00794452 0.0668339 9.04707e-06 0.0201339 0.000410006 0.0371154 0.4853 0.163199 0.00556156 0.0894731 0.000344045 6.27068e-05 0.00432567 0.0181061 0.000515255 0.00213664 
0.00434505 0.000408543 0.000157259 0.0019604 0.00926808 5.51629e-06 0.0019757 0.00294799 0.0246955 0.00011409 6.72194e-05 0.00507892 0.00369786 0.772223 0.00384354 0.00947931 0.0204449 0.00313728 2.95736e-05 0.0126987 0.0224965 0.000723947 0.100201 
0.00387048 1.58246e-05 9.46021e-05 3.45207e-05 4.30719e-09 2.3196e-08 9.53661e-06 9.90986e-06 0.00228159 0.251991 2.32703e-06 0.0026763 0.00035899 0.640237 0.00128046 0.00266091 0.0101582 0.00578182 1.30572e-05 0.00121652 0.0297149 0.00243035 0.0451614 
0.00683667 0.00781505 0.197928 0.0603082 0.0170041 6.3152e-10 0.00378138 0.00857665 0.0321257 6.27208e-10 2.86606e-05 0.0048757 0.0335519 0.288318 0.00119624 0.00872069 0.143462 0.0243658 0.00182507 0.00483686 0.0917723 2.27096e-05 0.0626476 
0.0235062 0.00066872 0.0112068 0.0471638 0.00822675 6.00088e-06 0.00239673 0.00740848 0.0928653 5.19791e-06 0.0481278 0.00767675 0.0229025 0.316979 0.00388574 0.0549485 0.277369 0.00922089 0.000373073 0.00653602 0.0431339 0.000138664 0.0152539 
0.00419848 0.00267554 0.0182736 0.00541146 0.049272 2.69558e-06 0.00462903 0.00138957 0.0189636 0.352582 0.000867781 0.00207696 0.0190807 0.409033 0.00556673 0.0349038 0.0440399 0.00337766 1.23108e-08 0.00104019 0.0118635 1.43308e-06 0.0107505 
0.0435516 0.000982445 0.000884881 0.0510749 0.00932653 2.59115e-06 0.117435 0.0109218 0.0156967 3.91682e-05 0.000619731 0.00929387 0.0813431 0.222589 0.0395157 0.0490651 0.0249185 0.197342 0.00612628 0.0433236 0.00743814 0.00490798 0.0636011 
0.00635668 0.00150086 0.00476197 0.000296708 0.025468 1.77431e-08 0.00248613 0.00564367 0.0234891 1.20273e-06 0.000656822 0.00399148 0.0401936 0.437198 0.00985085 0.0197654 0.384128 6.79888e-05 6.73744e-07 0.00167694 0.0194235 0.00034656 0.012696 
0.00221258 0.00163317 0.0036194 0.106639 0.00363659 1.21214e-07 0.00577415 0.0222341 0.0668402 9.54559e-06 0.00940864 0.000410584 0.0217376 0.4461 0.175707 0.00556291 0.0894793 0.000344697 6.47293e-05 0.00432798 0.0181133 0.000516935 0.0156268 
0.00590564 3.02742e-05 9.98799e-06 2.11201e-06 0.0122105 8.68181e-08 0.00014071 4.94175e-05 0.00159304 3.8679e-06 1.75187e-07 0.00823954 5.17065e-05 0.603285 0.000284636 0.0127743 0.0155366 0.00162116 2.39868e-06 0.000100854 0.178252 1.06906e-07 0.159906 
0.0377585 0.000372067 0.00960391 0.00515105 0.00162687 1.21229e-05 0.00766722 0.0023257 0.0179838 0.0141436 0.00333522 0.0589124 0.0265362 0.305475 0.00128439 0.0695554 0.0936088 0.0107757 0.00131304 0.0265613 0.0138349 0.00136423 0.290798 
0.0274909 0.210624 0.00164306 0.101533 0.000123721 5.11362e-11 0.106936 0.0056584 0.0218314 2.55426e-09 0.00743683 0.00149839 0.00403053 0.373146 0.000409188 0.0579856 0.037902 0.00960098 0.00042885 0.0223558 0.00195568 4.73864e-05 0.00736311 
0.00511085 0.00158339 5.70335e-05 0.0171037 8.33382e-05 1.59087e-06 0.000847053 0.00327025 0.227764 5.72062e-09 0.0743117 0.046316 0.046611 0.333111 0.000308293 0.0145119 0.18428 0.00750326 1.00483e-05 0.00949177 0.0260541 4.26418e-08 0.00166905 
0.0180656 0.0015371 0.00386613 0.0518423 0.00842025 0.000297514 0.0118232 0.0179993 0.146278 0.00172117 0.0119941 0.0056673 0.156711 0.163291 0.0110633 0.108512 0.105195 0.039098 0.00857071 0.0257882 0.0617152 0.0124847 0.0280576 
0.0119987 0.000442394 0.00107429 0.0130901 0.0934061 3.80425e-08 0.0059817 0.00117219 0.0377633 2.28586e-10 0.000637127 0.00792131 0.140256 0.448127 3.13051e-06 0.0272708 0.106473 0.00611436 0.00153394 0.0401274 0.0310369 0.000125149 0.0254455 
0.00231464 8.99346e-07 3.01703e-09 3.07236e-05 8.37063e-07 3.89937e-09 0.000347421 0.00135677 0.0132681 0.000108279 5.4218e-10 0.00808619 0.00224941 0.864837 0.0166723 0.00201476 0.000343641 0.01913 7.32453e-07 0.00930923 0.00291029 4.85596e-07 0.0570181 
0.098613 0.0032891 0.0445329 0.00827605 0.0423163 0.00616017 0.00920585 0.019489 0.151258 0.0065616 0.00142456 0.00937557 0.0210717 0.23469 0.0024276 0.170342 0.135158 0.00157348 2.81802e-06 0.00465678 0.00319114 0.0104856 0.0158997 
1.66909e-06 7.72771e-07 3.832e-11 9.89923e-07 4.04736e-08 4.95268e-11 2.48625e-06 1.0913e-11 0.000337389 4.91887e-11 6.88636e-12 6.70321e-07 0.00121573 0.54976 0.000739385 1.01496e-06 0.020438 4.22312e-06 4.77758e-11 9.19166e-07 0.427494 6.09865e-11 2.73172e-06 
0.00776279 0.0954589 4.38377e-08 0.000290448 0.0615486 1.10692e-08 0.00200133 0.000801532 0.172681 2.21693e-06 0.00415149 0.00209814 0.0109645 0.286715 4.52915e-08 0.0631969 0.245935 0.00478197 2.0722e-05 0.00243654 0.0176648 0.000125663 0.0213622 
0.0197947 0.00135772 7.07314e-05 0.0282082 5.68719e-08 8.34264e-06 0.00688747 0.0014666 0.0142365 1.89221e-11 0.00571922 0.0155875 0.119647 0.30244 0.000750037 0.0849664 0.138342 0.0323405 0.000243917 0.0280977 0.00513324 0.013583 0.181119 
0.0266457 9.93335e-06 0.00898304 0.00562934 0.00875318 6.96913e-06 0.00308446 0.0216078 0.0352467 0.000526971 0.0318079 0.00107821 0.0258285 0.538666 1.4491e-06 0.135878 0.0625788 0.00322646 2.51068e-07 0.001777 0.0714952 0.00139077 0.0157774 
0.0641235 0.0132384 0.000991808 0.0289039 4.85636e-05 7.52087e-08 0.00052851 0.000822246 0.00200392 7.46952e-08 0.00279567 0.000944011 0.076214 0.572884 3.91123e-05 0.0332609 0.00904008 0.0273094 0.0234715 0.0286579 0.0530619 9.65269e-05 0.0615646 
0.0118578 0.000131553 0.00166943 0.0124264 0.00353607 8.40703e-06 0.0157401 0.00886789 0.0344895 0.0010405 0.00105438 0.0206111 0.022793 0.400146 0.0014406 0.0854555 0.322017 0.0205933 0.000244237 0.0146987 0.00766981 0.00117277 0.0123359 
0.0700631 0.00359502 6.82866e-05 0.0541721 2.02201e-05 8.57523e-05 0.00552951 0.00618674 0.00138897 1.84971e-05 0.00849981 0.0511266 0.029491 0.239554 0.000101625 0.156212 0.11338 0.0106642 0.000438735 0.0280258 0.0201656 1.11338e-05 0.201202 
8.33909e-07 8.04546e-07 1.0732e-06 5.09214e-11 2.23362e-07 4.63931e-10 0.0125022 8.46972e-07 0.00890117 3.87779e-07 4.67574e-08 0.00276566 0.028315 0.805942 2.01729e-07 0.117391 7.73813e-07 0.000459322 2.4224e-07 5.14645e-11 0.00122574 5.14991e-07 0.0224915 
0.0610036 0.0121762 0.000111119 0.0103861 6.09948e-06 0.000164928 0.0186269 0.00290112 0.0494554 1.34079e-05 7.42085e-05 0.012398 0.000300853 0.296205 0.192034 0.0310446 0.00225311 0.0124627 0.000633341 0.0772902 0.139198 1.52294e-05 0.0812457 
0.0285657 0.000443293 0.154195 0.113033 0.00779678 1.09643e-06 0.005992 0.0428703 0.0246267 1.25684e-07 0.0300132 0.0035661 0.0422664 0.173281 0.00414737 0.160436 0.0767655 0.0141267 2.46266e-06 0.0153219 0.058817 0.000819024 0.042914 
0.12282 1.5904e-05 3.04538e-11 1.1491e-09 5.1037e-06 3.64364e-08 0.000366078 0.00216728 0.000367409 9.53378e-08 2.03735e-06 0.0152102 0.00250282 0.354586 1.25596e-08 0.139743 0.142463 0.00406349 9.37123e-05 0.00060679 0.0527817 1.90126e-07 0.162205 
0.0150729 0.000282004 0.0055876 0.00837477 0.00913763 1.48358e-06 0.00295967 0.0139158 0.0295864 0.000346269 0.0165867 0.0535365 0.00884975 0.287559 0.000174611 0.0390935 0.214565 0.0055545 0.00810969 0.00366565 0.219524 1.13787e-05 0.057505 
0.00894309 0.0962724 0.0233188 0.0581019 4.96497e-06 4.95864e-06 0.150919 0.0144026 0.240829 4.95869e-06 4.96533e-06 4.96494e-06 4.96507e-06 0.361462 4.96226e-06 4.96602e-06 4.96591e-06 0.036744 4.95892e-06 4.96555e-06 4.96475e-06 4.95684e-06 0.00894243 
0.00468458 8.40432e-05 0.00235486 0.054464 0.00458502 2.65751e-08 0.000192435 0.00143468 0.00741757 0.0121336 0.00280664 0.00747537 0.0093241 0.596292 0.00843985 0.0294649 0.0457033 0.00352156 0.019182 0.00630606 0.179652 2.24838e-06 0.00447945 
0.0708014 0.00283504 0.000362716 0.00252492 3.69412e-05 5.04688e-07 0.0212077 0.0336372 0.00904023 3.6106e-08 0.00237531 0.0300794 0.000828297 0.428322 0.00180292 0.173104 0.0393703 0.0103903 0.00179271 0.11712 0.0054111 3.60358e-05 0.0489212 
0.0387465 0.000566024 7.85455e-06 0.00288698 0.000996786 1.39561e-07 0.00798816 0.0642343 0.00175824 1.14549e-09 0.000370609 0.00633756 0.00933481 0.455149 0.000488974 0.19167 0.128142 0.00328036 0.0167191 0.00484989 0.0118332 4.7258e-05 0.0545928 
0.00030704 0.00154934 0.000423912 0.00314129 0.000241544 9.32164e-08 0.0264887 0.00334549 0.0201989 0.000617344 0.000390944 0.0452153 0.000706563 0.690188 0.0396419 0.0194018 0.0114775 0.0221837 1.7364e-05 0.00351704 0.0453621 1.12736e-05 0.0655726 
0.00153349 0.0701333 0.0078242 0.0300318 0.214233 5.48622e-08 0.0145199 0.0031886 0.145082 0.00559842 0.0157852 0.0168401 0.0460754 0.260121 0.000646968 0.00202027 0.0994195 0.00776513 5.06868e-08 0.0418299 0.00918796 4.59822e-05 0.00811736 
0.0513508 0.000171331 3.13835e-06 0.0268352 0.0061651 3.60647e-09 0.00883697 0.0180156 0.0100154 2.3433e-05 0.000323983 0.0123357 0.0212534 0.52579 4.23238e-05 0.0228349 0.0609845 0.00504083 0.00128831 0.0118848 0.00147528 0.000648103 0.21468 
0.00282704 0.00341935 0.0337521 0.0110047 0.0196982 4.56313e-09 0.00753215 0.00245212 0.163126 0.00140944 0.000392867 0.00278532 0.258981 0.313085 0.00492617 0.0114855 0.0742869 0.00105022 0.000184623 0.00708489 0.00793617 0.000727632 0.0718521 
0.000186803 1.99114e-06 2.86344e-06 4.0621e-07 6.872e-07 3.70086e-06 0.000615182 8.1547e-07 4.61711e-07 3.67559e-06 5.14579e-07 7.00539e-07 6.3737e-07 0.999114 1.98322e-06 1.84846e-07 2.47521e-07 7.95887e-07 3.57001e-06 4.10542e-07 7.90886e-07 4.55718e-06 5.52429e-05 
0.0100161 0.00129676 0.00496102 0.00071025 0.00915764 0.00596397 0.00156246 0.0316058 0.00997233 0.00909501 0.000211415 0.00852914 0.0145254 0.696055 2.68231e-05 0.0782913 0.0837617 3.29348e-05 0.0001243 0.000594869 0.00893253 1.40731e-05 0.0245591 
0.0380159 0.000105282 1.54977e-05 0.00124536 8.40962e-05 0.0109846 0.0259471 0.0253377 0.0169765 0.000104812 7.55879e-05 0.0378216 0.00962203 0.502817 3.39087e-06 0.140645 0.131936 0.000933389 9.13298e-06 0.0109198 0.0175313 2.07115e-06 0.0288676 
0.0468286 0.00237947 0.0999671 0.00569551 0.00107163 0.0313539 0.00372328 0.0179447 0.0302818 0.020202 0.00012922 0.00153853 0.0404233 0.583794 0.00040354 0.0847613 0.0119019 0.00137494 1.14528e-06 0.00287139 0.00729406 9.12118e-08 0.00605831 
0.0308055 0.000932539 0.00275932 0.00683036 0.14029 5.82845e-05 0.00290321 0.00358388 0.16307 0.00420015 0.000607096 0.0123324 0.0530506 0.412934 0.00193881 0.0703301 0.0430589 0.000692415 0.0183137 0.00351294 0.0085532 0.000222277 0.0190203 
0.015764 0.0010353 0.00308208 0.0114452 0.025443 5.03543e-05 0.00136604 0.00911319 0.155909 0.000566005 0.00361425 0.00953117 0.0221712 0.563895 0.000216025 0.0516956 0.101902 0.00210923 0.00449696 0.00429851 0.000504736 0.00010494 0.011686 
0.143639 0.00309325 4.00853e-08 0.000701933 1.19529e-06 3.83527e-08 0.00184642 0.0119351 0.00776251 0.000116904 1.37965e-06 0.0183379 0.00197118 0.412898 0.000579885 0.0906705 0.0740706 0.0289533 1.93487e-05 0.0150432 0.0717293 5.21977e-08 0.11663 
0.0248758 0.000215608 0.0328739 0.129886 4.02536e-05 1.92773e-07 0.0200339 0.00232731 0.182476 4.57232e-08 0.0105986 0.00999567 0.0014996 0.381987 0.000584747 0.0844067 0.0546857 0.032209 0.00155699 0.00917515 0.0103616 0.000107392 0.0101035 
0.063493 0.000204498 1.23144e-06 0.000196697 2.60928e-06 5.18474e-11 0.000973094 0.0105073 0.000765963 3.83474e-06 1.41028e-07 0.0548998 0.0101263 0.609387 5.05142e-05 0.0233074 0.034429 0.0206924 0.00217616 0.0317442 0.0557399 3.62552e-05 0.0812623 
0.132901 0.000567026 0.00128575 0.018306 0.0396954 7.0237e-08 0.00349048 0.00327754 0.0120585 0.00175211 0.000322057 0.00918695 0.0254819 0.459672 0.00363249 0.115155 0.0728204 0.0107255 0.000586222 0.0182313 0.0507002 0.00244176 0.0177103 
0.177325 0.00122755 1.55462e-05 0.0316447 0.129338 5.55558e-05 0.0222549 0.0124989 0.00382159 4.00676e-06 0.000536106 0.0322476 0.0466227 0.286974 0.00215394 0.0235637 0.107681 0.00281032 0.000208016 0.0367949 0.0163468 1.70958e-05 0.0658591 
0.173594 0.00085072 0.00109103 0.0201481 0.00224368 1.71083e-05 0.00893054 0.0121726 0.0843338 0.000423089 0.00174226 0.0484354 0.0741647 0.186128 0.0294903 0.117859 0.128883 0.0158632 0.0068815 0.0320716 0.0295087 0.00050935 0.0246576 
0.00811242 0.000707619 0.132735 0.0244059 0.0298486 8.29661e-07 0.00106785 0.017192 0.0145733 0.000836113 0.000831572 0.00510994 0.25249 0.364118 0.000112401 0.0209774 0.0950291 0.00565291 0.0140862 0.00609879 0.00249552 0.000820884 0.00269753 
0.022778 0.000899646 0.00129051 0.000389789 0.00730778 1.7557e-08 0.00756932 0.00039757 0.00421606 0.000104989 5.80896e-06 0.0022342 0.00811657 0.81486 0.0003229 0.0424493 0.0557439 0.00337965 2.68393e-08 0.000197042 0.00962769 3.99072e-08 0.0181094 
0.013145 0.0434902 8.92655e-06 0.0123296 0.00369468 4.46299e-07 0.00651855 0.00119963 0.0082037 3.06586e-09 0.000307378 0.00973709 0.00252902 0.594588 0.00284439 0.0313937 0.0480074 0.00643801 0.00060229 0.0159729 0.104638 0.000129151 0.0942214 
0.0144451 6.51008e-05 0.000519513 0.0107368 0.035091 3.05233e-09 0.0014022 0.00286055 0.00319527 1.12344e-05 1.11751e-05 0.010853 0.177861 0.466726 0.000290038 0.207076 0.0544804 5.54957e-05 0.000664698 0.00115926 0.00356345 0.000135726 0.00879802 
0.016962 0.0251555 0.00950344 0.0169161 0.00713555 1.09981e-08 0.060497 0.0398297 0.048972 1.2418e-05 0.00196284 0.0270035 0.0197665 0.401717 4.27085e-06 0.113856 0.0611289 0.027861 0.00326504 0.0910467 0.0182733 0.000690689 0.00844113 
0.0251476 0.00113468 0.00300485 0.00173397 0.00089548 8.34223e-05 0.00401723 1.21882e-05 0.109681 4.61211e-07 2.02274e-05 0.0132565 0.0157435 0.405578 1.08931e-05 0.220412 0.11424 0.0176479 1.44644e-05 0.00329306 0.00348673 0.000143848 0.0604427 
0.00282704 0.00341935 0.0337521 0.0110047 0.0196982 4.56313e-09 0.00753215 0.00245212 0.163126 0.00140944 0.000392867 0.00278532 0.258981 0.313085 0.00492617 0.0114855 0.0742869 0.00105022 0.000184623 0.00708489 0.00793617 0.000727632 0.0718521 
0.200094 0.000107986 0.0129503 0.00428521 1.17413e-05 2.51529e-05 0.00250503 0.0302306 0.0546363 1.10694e-09 9.49339e-06 0.0091933 0.087694 0.259037 2.47345e-05 0.138539 0.127279 0.00188652 2.02671e-07 0.00447887 0.0474629 3.07505e-05 0.0195179 
0.00282704 0.00341935 0.0337521 0.0110047 0.0196982 4.56313e-09 0.00753215 0.00245212 0.163126 0.00140944 0.000392867 0.00278532 0.258981 0.313085 0.00492617 0.0114855 0.0742869 0.00105022 0.000184623 0.00708489 0.00793617 0.000727632 0.0718521 
0.0178592 0.000176539 6.26054e-05 0.000417403 0.0654673 2.50681e-06 0.00108239 0.000524702 0.00372708 0.00282435 2.81213e-05 0.0174016 0.00127189 0.488711 1.96463e-05 0.0265894 0.0979167 0.0151658 6.17795e-05 0.00404857 0.123497 1.72021e-05 0.133127 
0.00680324 0.00124095 0.00138532 0.0541451 0.000172929 6.85019e-05 0.006081 0.0112021 0.10693 1.30325e-07 0.217323 0.00258809 0.00174764 0.258635 0.00152091 0.101531 0.197735 0.00673756 8.07652e-05 0.00397931 0.0122692 0.000171949 0.00765054 
0.00827394 0.000318936 0.0078042 0.00396615 0.0177838 1.43167e-06 0.00075348 0.00839215 0.00372395 0.0443614 0.000462987 0.000650608 0.0197712 0.760813 0.00491578 0.0310428 0.0343327 8.16595e-05 0.000856356 0.00440512 0.0421559 1.5923e-05 0.00511675 
0.00964854 0.00139549 0.0290101 0.0108087 0.0617091 5.03889e-08 0.00208547 0.00462062 0.0089134 0.0149734 0.0067915 0.00125083 0.134774 0.511004 0.00167723 0.0833145 0.0901511 0.00611575 0.00193475 0.0120976 0.00262791 0.00030423 0.00479184 
0.0253047 1.97937e-05 2.37175e-05 0.000405977 6.23591e-05 1.47244e-06 0.000519594 3.24445e-07 0.066597 0.0103194 7.35615e-07 0.00160685 1.83248e-05 0.719594 0.00309684 0.000500684 0.0045478 0.000307638 1.42038e-06 0.0557081 0.107302 1.81313e-06 0.00405901 
0.0414544 0.00138793 0.0086506 0.0134026 0.00369115 9.75643e-05 0.00325969 0.0173265 0.203468 0.000472854 0.009242 0.0160294 0.00593298 0.422712 0.000187531 0.0269699 0.132024 0.0292006 0.000185709 0.0166114 0.0412762 0.0001603 0.00625709 
0.00596036 2.89206e-05 1.16181e-08 3.37787e-07 2.77464e-07 8.37832e-10 0.00797386 6.197e-05 1.58232e-06 8.32111e-10 7.5028e-08 0.000653145 9.95603e-05 0.670198 6.56756e-05 0.0316024 0.0029664 0.000653222 3.15482e-05 1.94306e-05 0.264398 1.03169e-09 0.0152852 
0.0450726 0.000186583 0.000175622 2.46578e-06 0.0005249 0.0141143 0.0768039 0.0336368 0.0366784 0.000932329 0.000109095 0.002659 0.000680402 0.419751 1.14471e-06 0.0248756 0.00402756 5.19703e-06 3.07668e-06 6.41222e-05 0.107187 2.6304e-06 0.232507 
0.0835126 9.83702e-05 8.2296e-06 0.000415522 0.0244668 3.76217e-05 0.0575714 0.0721888 0.00253465 1.27285e-07 0.00488112 0.0282616 0.21613 0.226665 1.65224e-05 0.112778 0.115382 0.00111533 0.0215079 0.0182605 0.000121142 1.53513e-06 0.0140461 
0.0299315 7.52086e-06 2.10976e-06 5.09824e-05 5.00356e-06 8.67481e-06 2.32663e-05 0.000339698 0.00150495 0.030724 8.32879e-06 0.0310968 0.000142425 0.842904 0.00018273 0.00571819 0.000545514 0.0552531 2.63036e-06 0.00018136 0.000123911 1.36248e-05 0.00122917 
0.00141673 0.00343074 0.000882486 0.0145912 0.000180033 5.91226e-06 0.00514416 0.00106184 0.0460565 0.00192135 0.00401238 0.00917821 0.0372625 0.714757 0.0381984 0.0816092 0.0175116 0.0033563 8.4129e-05 0.00225359 0.00584957 9.94531e-05 0.0111368 
0.0012386 1.47665e-05 8.22459e-06 0.0504938 0.00566203 0.00179169 5.66867e-05 0.00207928 0.00742005 1.28106e-09 0.00222943 0.00327542 0.00013389 0.884877 0.000252424 0.00794731 0.0217458 5.35407e-05 1.08882e-06 0.000303906 0.0093451 2.2492e-05 0.00104745 
7.23654e-07 0.000337588 0.047568 0.00679526 0.00102866 8.966e-07 0.000126638 0.11211 0.0192993 8.90478e-07 1.45593e-06 0.000289432 0.0254393 0.719178 0.000776995 0.00179636 0.0184261 0.0372596 5.69439e-05 0.00298286 0.00569202 0.000247 0.000585772 
0.00527384 0.000185329 0.0314142 0.00575064 0.209472 6.00893e-10 0.00989524 0.0172176 0.141654 0.0315495 5.77099e-05 0.0165258 0.0424673 0.219978 0.000236214 0.0363705 0.157095 0.00635587 7.5262e-06 0.00273985 0.0210378 1.62577e-05 0.0446997 
0.00964854 0.00139549 0.0290101 0.0108087 0.0617091 5.03889e-08 0.00208547 0.00462062 0.0089134 0.0149734 0.0067915 0.00125083 0.134774 0.511004 0.00167723 0.0833145 0.0901511 0.00611575 0.00193475 0.0120976 0.00262791 0.00030423 0.00479184 
0.000433432 0.000900325 0.0073181 0.00381009 0.0374344 3.07513e-06 0.000369023 0.000230017 0.0101169 0.262199 0.000789996 0.00215148 0.0135923 0.519405 0.00326662 0.0168433 0.104553 0.00457358 5.55227e-08 0.0015572 0.00800801 6.06943e-05 0.00238522 
0.000886898 1.96124e-05 9.41761e-07 0.076217 6.02659e-05 8.74163e-06 0.00276941 0.00340011 0.0475936 8.5074e-05 0.0499464 0.00562319 0.0327006 0.425524 0.000970488 0.0505932 0.0148414 0.00257834 1.71083e-05 0.0576813 0.12411 0.000684809 0.103688 
0.00212631 5.26221e-05 0.000135736 0.0152762 0.0129866 6.02047e-07 0.0105878 0.000870993 0.0133683 5.97936e-07 0.00489298 0.219949 0.00133998 0.343662 3.59609e-05 0.137677 0.0443567 0.00923154 7.82669e-05 0.0435062 0.0202116 8.62089e-05 0.119566 
0.0149037 4.98246e-05 0.00333272 0.000807554 0.000118158 0.000174254 0.000267551 0.0206216 0.0130366 0.0129257 4.28304e-05 0.0277088 0.0163776 0.826646 1.43445e-06 0.0194384 0.036144 0.000241978 4.08152e-06 0.00315337 0.000708201 2.05389e-07 0.00329543 
2.26684e-05 1.64606e-08 2.36719e-08 3.35811e-09 5.68104e-09 3.05948e-08 8.46201e-09 6.74144e-09 4.85201e-05 0.000861616 2.3866e-07 5.79131e-09 0.0150244 0.509063 0.000606625 8.98315e-06 0.0475508 0.22794 2.95131e-08 0.0387159 0.139786 3.76739e-08 0.0203703 
0.0679904 0.000289824 0.0040464 0.00619073 0.000116586 6.97773e-05 0.00611349 0.00962941 0.1252 0.000590761 0.00194672 0.0778728 0.0126643 0.353153 0.00483518 0.108949 0.0745134 0.0103839 8.00852e-05 0.0425596 0.0824303 0.000198982 0.010176 
0.0617559 0.00714822 0.00708441 0.0456865 0.000146431 8.58605e-08 0.00222364 0.00390901 0.0232523 2.1822e-08 0.00632341 0.000723609 0.0914068 0.325088 0.00959323 0.235566 0.138946 0.0111829 0.000600981 0.0216087 0.000999381 8.71632e-05 0.00666686 
0.0123221 0.0670798 1.6543e-06 0.0877349 2.34764e-08 0.00495647 0.179194 7.0031e-05 0.127875 1.25567e-07 6.84789e-05 3.13839e-05 2.1774e-08 0.250161 6.77513e-08 0.0358687 0.000241779 0.0148269 1.2196e-07 0.107701 0.0214591 1.55684e-07 0.0904063 
0.00433103 0.000420821 0.00625206 0.0210616 0.0139096 5.73378e-07 0.0480989 0.00765931 0.142251 7.44227e-05 0.0146328 0.0149691 0.0352256 0.279696 0.00956697 0.0392003 0.251114 0.0138553 0.000293671 0.0245997 0.0441535 3.40871e-05 0.0286002 
0.104763 0.000670557 0.000449892 0.00729828 0.0167089 3.9508e-05 0.0227272 0.223495 0.054687 1.38488e-05 5.62987e-05 0.0413423 0.061168 0.348569 3.83531e-05 0.0602773 0.0358341 0.000113649 0.000109086 0.0115886 0.00483222 8.6082e-05 0.00513179 
0.0341086 0.00188441 0.000394378 0.00164061 3.87476e-06 4.06412e-07 0.0197513 0.00147499 0.00316519 3.99843e-06 0.0072075 0.0242974 0.0249476 0.445068 0.000699114 0.0261758 0.0189455 0.0034515 2.10045e-05 0.0349123 0.342863 3.1204e-06 0.00898106 
0.00812053 1.65582e-06 1.94708e-10 0.000720018 0.000261032 7.08674e-05 0.00252101 0.142666 7.74519e-07 2.49933e-10 0.000698508 0.0031139 0.032952 0.42313 3.55215e-08 0.132626 0.148465 1.93042e-05 0.00110913 0.000754584 0.0108142 1.41132e-06 0.0919532 
0.0249534 0.000619448 6.22562e-05 0.00234672 5.49237e-05 8.09459e-09 0.00326516 0.0240931 0.0215487 0.0107178 0.000175429 0.166831 0.133291 0.289677 0.000805353 0.0611222 0.201858 0.000317724 7.26827e-06 0.000619643 0.00734875 7.95331e-10 0.0502853 
0.0119987 0.000442394 0.00107429 0.0130901 0.0934061 3.80425e-08 0.0059817 0.00117219 0.0377633 2.28586e-10 0.000637127 0.00792131 0.140256 0.448127 3.13051e-06 0.0272708 0.106473 0.00611436 0.00153394 0.0401274 0.0310369 0.000125149 0.0254455 
0.0144307 0.000844701 0.000592934 0.0016541 0.00154577 0.015788 0.00122296 0.0323983 0.276931 0.00229943 0.0119577 0.0168633 0.000895319 0.419432 0.000453787 0.0162127 0.138527 0.000270457 1.59135e-05 0.00111516 0.0349235 3.66465e-06 0.0116215 
0.00282704 0.00341935 0.0337521 0.0110047 0.0196982 4.56313e-09 0.00753215 0.00245212 0.163126 0.00140944 0.000392867 0.00278532 0.258981 0.313085 0.00492617 0.0114855 0.0742869 0.00105022 0.000184623 0.00708489 0.00793617 0.000727632 0.0718521 
0.00141673 0.00343074 0.000882486 0.0145912 0.000180033 5.91226e-06 0.00514416 0.00106184 0.0460565 0.00192135 0.00401238 0.00917821 0.0372625 0.714757 0.0381984 0.0816092 0.0175116 0.0033563 8.4129e-05 0.00225359 0.00584957 9.94531e-05 0.0111368 
0.0230906 0.00251395 0.00474689 0.000633169 0.0118089 2.35987e-07 0.0198936 0.0176254 0.0338488 0.000404249 0.000173025 0.0117987 0.00864552 0.716982 0.000114988 0.0270716 0.0886451 0.0130953 2.45757e-05 0.00021405 0.00568729 0.000334418 0.0126473 
0.00141673 0.00343074 0.000882486 0.0145912 0.000180033 5.91226e-06 0.00514416 0.00106184 0.0460565 0.00192135 0.00401238 0.00917821 0.0372625 0.714757 0.0381984 0.0816092 0.0175116 0.0033563 8.4129e-05 0.00225359 0.00584957 9.94531e-05 0.0111368 
0.00511085 0.00158339 5.70335e-05 0.0171037 8.33382e-05 1.59087e-06 0.000847053 0.00327025 0.227764 5.72062e-09 0.0743117 0.046316 0.046611 0.333111 0.000308293 0.0145119 0.18428 0.00750326 1.00483e-05 0.00949177 0.0260541 4.26418e-08 0.00166905 
0.141035 0.000231067 3.77036e-06 0.00253361 0.000188399 2.51457e-07 0.010978 0.00950024 0.0204632 1.32437e-06 3.60729e-05 9.49085e-05 0.000215666 0.639117 0.000694483 0.10458 0.0165374 0.0318378 0.000772827 0.000542631 0.00674232 5.85079e-06 0.0138873 
0.0266978 0.000157289 1.26119e-05 2.34144e-06 7.20353e-06 1.03075e-08 0.00012164 3.3469e-05 1.31447e-05 0.00375826 2.97789e-07 0.00170977 0.00607054 0.813175 1.1069e-06 0.00357222 0.0382066 0.00663544 9.94304e-09 0.000489509 0.0719568 5.22388e-05 0.0273268 
