0.117168 0.00191967 0.00414581 0.0150282 0.000711139 9.1329e-05 0.0428224 0.0124387 0.102772 7.42057e-10 0.00795144 0.040707 0.0170583 0.0716868 0.0334411 0.413664 0.0432638 0.0151258 2.09429e-05 0.0334726 0.0140923 3.35764e-05 0.0123861 
0.0127745 0.000572786 0.000666843 0.0297723 3.77817e-05 3.90752e-05 0.000728555 0.000913404 0.0425221 0.000171306 0.00572503 0.00271656 0.00132734 0.0607875 7.51763e-05 0.767426 0.0129744 0.00170214 0.000171271 0.00219333 0.00228318 0.000499965 0.0539195 
0.362848 0.00073297 0.00280109 0.0297536 4.13766e-05 2.94615e-07 0.00414067 0.0213303 0.00743197 7.53484e-09 0.0143614 0.00129599 0.0322038 0.00609485 0.000545211 0.464143 0.0306293 0.0075465 4.83387e-06 0.00244116 0.000625356 6.13206e-05 0.0109662 
0.142979 0.00395625 0.000765314 0.0195926 0.001846 1.8722e-05 0.0243407 0.0211064 0.0213497 0.000203524 0.0139417 0.0912449 0.106206 0.0469727 0.0255155 0.17561 0.168762 0.0106344 0.00110884 0.0254594 0.0204975 0.000541897 0.0773474 
0.118583 0.000517572 0.000657473 0.0352 6.73972e-05 2.33506e-05 0.0869763 0.18154 0.127365 1.42008e-05 0.00649904 0.00841704 0.0222907 0.0154727 0.00466349 0.228766 0.119713 0.00400444 4.89536e-05 0.0132791 0.00145707 0.00013597 0.024308 
0.0112394 0.00214571 2.87273e-06 0.11864 3.03929e-06 1.13583e-06 0.000607896 0.00298458 0.00730596 0.000113483 0.0158956 0.000747692 0.00112355 0.000767003 0.000738172 0.58582 0.221418 0.0121818 4.57022e-05 0.0144117 0.0016982 0.000204834 0.00190395 
0.387822 0.000964512 0.00400568 0.0313972 2.45365e-05 6.68721e-08 0.00198675 0.0163912 0.00183505 1.45449e-11 0.0101771 0.000923387 0.0461564 0.00826301 0.00041418 0.475656 0.00528279 0.00195422 1.91285e-06 0.00129791 9.99609e-05 5.66588e-05 0.00528866 
0.08271 0.00193463 1.59507e-05 0.00829727 9.56184e-05 2.51539e-06 0.0113052 0.0050268 0.00916645 0.000137038 0.00210136 0.0413365 0.0209808 0.0773311 0.00139618 0.283097 0.274617 0.104153 3.6888e-06 0.0159148 0.0230165 8.48548e-05 0.0372759 
0.266392 0.000286431 1.00479e-06 0.0122418 0.00982389 5.93567e-06 0.0784742 0.00137728 0.026001 0.000146337 0.000176811 0.00352642 0.0602319 0.157317 0.000424728 0.305139 0.0249341 0.0383749 0.000263968 0.00786293 0.00147656 0.00018921 0.00533297 
0.151079 0.00776175 7.38758e-05 0.0459251 6.63005e-05 3.34566e-05 0.00499423 0.00882839 0.0349592 1.04666e-05 0.0226189 0.00808586 0.0739046 0.018513 8.54072e-05 0.426427 0.165125 0.0060688 5.61231e-06 0.00741878 0.00525985 0.000149161 0.0126064 
0.0265528 5.94636e-05 0.00230749 0.0134428 0.000985694 9.90798e-06 0.00085027 0.00475516 0.019172 8.57379e-05 0.0187953 0.00352525 0.0287131 0.015217 0.000548933 0.510353 0.327135 0.00372038 0.00035204 0.00351807 0.00924963 3.50068e-05 0.0106161 
0.0567554 0.00314868 0.0064596 0.109891 0.000148065 1.92627e-05 0.047 0.0133152 0.141541 1.17781e-05 0.0214884 0.0306179 0.0350012 0.0251625 0.00837111 0.195701 0.0738509 0.0310556 0.000274123 0.0486982 0.107705 0.00326641 0.0405178 
0.206165 0.000137141 1.42597e-05 0.00623144 4.31627e-06 2.23918e-05 0.00994334 0.172174 0.00516307 5.93662e-11 8.93405e-05 0.000785288 0.058319 0.00254386 0.00022259 0.292469 0.0848305 0.137572 1.65571e-08 0.00416847 0.000761198 0.000499837 0.0178846 
0.0607109 0.000740972 5.37112e-05 0.055586 4.34042e-05 3.04872e-06 0.0532043 0.051351 0.0495359 9.36819e-05 0.00490501 0.0398522 0.03974 0.0553983 0.000912778 0.326557 0.145208 0.0179544 1.18156e-05 0.0372782 0.0156848 0.000108805 0.0450652 
0.362848 0.00073297 0.00280109 0.0297536 4.13766e-05 2.94615e-07 0.00414067 0.0213303 0.00743197 7.53484e-09 0.0143614 0.00129599 0.0322038 0.00609485 0.000545211 0.464143 0.0306293 0.0075465 4.83387e-06 0.00244116 0.000625356 6.13206e-05 0.0109662 
0.232796 0.000344335 0.000262573 0.0117231 0.000334958 2.17268e-07 0.00700543 0.00282299 0.214471 1.1725e-11 0.000159125 0.0024243 0.00278109 0.0441814 0.000299411 0.326642 0.12094 0.0035948 1.92887e-08 0.00289128 0.0217244 5.46322e-05 0.00454645 
0.103481 0.000298775 0.00198635 0.0748521 0.0100488 7.27837e-06 0.01656 0.0501739 0.0379677 0.00612825 0.0279551 0.0159693 0.0515598 0.0341259 0.011103 0.352547 0.0978577 0.0367249 0.000509589 0.0302256 0.00558546 0.000745438 0.0335875 
0.206645 0.000231084 0.000860313 0.0264309 9.17683e-05 2.7412e-06 0.0189319 0.00167132 0.0298222 2.54086e-12 0.000102572 0.00249473 0.110853 0.0043578 0.000433395 0.508239 0.0291043 0.0118716 3.09101e-06 0.0217592 0.00964816 0.000226673 0.016219 
0.438149 0.00103053 3.07156e-11 4.30725e-06 6.8562e-08 3.17985e-08 2.9624e-06 5.33679e-08 0.00850426 3.94275e-11 1.26956e-06 7.51456e-12 3.33508e-06 1.81087e-07 2.12736e-11 0.552299 1.79088e-06 1.07913e-06 3.82949e-11 1.12738e-06 1.54412e-07 5.87098e-08 4.96953e-07 
0.165991 0.00891296 0.00053505 0.0304797 0.000538928 3.74274e-05 0.023586 0.0127399 0.0710444 1.36486e-05 0.0201571 0.0267948 0.0550975 0.0098755 0.00262621 0.402371 0.0829219 0.0239091 0.000803831 0.0314008 0.00711463 0.000123803 0.0229248 
0.106864 0.000741049 0.000137123 0.112612 4.63017e-08 3.30087e-06 0.0353995 0.00064366 0.178187 4.96747e-08 0.00358431 0.00953161 0.000821357 0.0120834 0.00128713 0.216026 0.160117 0.0652294 1.43477e-07 0.0450211 0.00890486 0.000186944 0.0426192 
0.0705343 5.74968e-05 0.00513207 0.000159296 0.000115246 6.23911e-07 0.0104566 0.0173903 0.0141449 2.57458e-08 0.00619992 0.0198917 0.0239111 0.10079 0.0021835 0.435205 0.13895 0.00450328 2.78848e-05 0.01531 0.0100017 0.0011456 0.12389 
0.138461 0.0107549 0.000471999 0.00977479 3.59203e-06 8.13598e-07 0.0139064 0.00214624 0.000685164 3.42003e-06 0.00320274 0.0443994 0.0239808 0.0679044 0.000319609 0.201998 0.0844783 0.0876509 8.98453e-05 0.101622 0.00626218 0.00127745 0.200606 
0.0191582 0.00806074 0.000810015 0.0376301 3.69329e-05 1.49194e-06 0.0156899 0.00235899 0.145366 0.0133478 0.00756756 0.000917095 0.00216934 0.00380079 0.000424981 0.32649 0.249623 0.0987551 5.37892e-05 0.0359527 0.0015302 0.000236176 0.0300185 
0.362848 0.00073297 0.00280109 0.0297536 4.13766e-05 2.94615e-07 0.00414067 0.0213303 0.00743197 7.53484e-09 0.0143614 0.00129599 0.0322038 0.00609485 0.000545211 0.464143 0.0306293 0.0075465 4.83387e-06 0.00244116 0.000625356 6.13206e-05 0.0109662 
0.154881 0.00409217 1.06599e-07 0.0201172 3.68126e-05 1.17911e-08 0.0268547 0.0267166 0.141899 1.41683e-08 0.0331877 0.00504055 0.0260063 0.0130946 0.000312029 0.286196 0.132535 0.0918328 0.000281046 0.0253932 0.00261923 3.9985e-06 0.00889988 
0.134323 0.000744988 0.000273944 0.0235253 0.00163699 4.28212e-05 0.00849692 0.0238074 0.0148551 3.71383e-05 0.00635637 0.0880959 0.0419911 0.0480373 0.00198551 0.428809 0.0687071 0.0134247 9.57976e-05 0.0192066 0.0232196 0.00230746 0.0500194 
0.319326 0.00123948 1.02252e-05 0.0506601 3.66447e-05 3.57878e-05 0.00166071 0.000422448 0.00733454 1.20073e-09 0.0102632 0.00105412 0.0479367 0.000399551 0.00119457 0.363168 0.178004 0.00426291 1.63931e-07 0.00745673 0.000750408 8.52237e-05 0.00469829 
0.0353902 0.0481302 0.0014882 0.131914 8.5133e-05 1.06312e-05 0.00938316 0.00586753 0.0485341 2.4015e-08 0.00432916 0.00299542 0.02423 0.0106658 0.000763978 0.36705 0.10882 0.0312838 4.02355e-05 0.149457 0.0104194 0.00149039 0.00765194 
0.0137097 0.000822234 0.000654653 0.237063 2.98957e-06 2.14599e-05 0.015616 0.00992868 0.172541 0.000888268 0.00454375 0.0020634 0.020345 0.00879846 0.000138849 0.346495 0.120613 0.00817321 3.50599e-06 0.0253843 0.00210674 0.00489361 0.00519322 
0.269726 0.00308471 0.000855188 0.0363724 0.00311143 1.5594e-05 0.0729208 0.0341145 0.0307785 3.33084e-05 0.025608 0.0136659 0.0305845 0.0267408 0.000234087 0.29836 0.0748114 0.00508952 0.000619267 0.0273148 0.00177047 0.000472845 0.043716 
0.0833799 0.000357034 0.000308922 0.0101049 2.93075e-05 7.77092e-05 0.0260986 0.183055 0.0337008 1.77441e-06 0.00112353 0.128254 0.0649897 0.00832817 9.05983e-05 0.213288 0.128944 0.0161408 4.73666e-05 0.0172844 0.0229254 0.000161724 0.0613093 
0.0886916 0.010476 0.000131219 0.0273628 0.000102205 1.00459e-05 0.0026712 0.0860806 0.00806159 0.00089657 0.0138378 0.0245413 0.0613035 0.00636777 0.000211411 0.353142 0.193368 0.00426069 4.31219e-05 0.0106747 0.00333995 0.000918469 0.103508 
0.0457498 0.00142386 1.54337e-07 0.00835793 2.42438e-05 0.000100517 0.00713561 0.0680101 0.0252597 1.24342e-09 0.0282802 0.00610917 0.0461363 0.023472 2.9196e-08 0.370296 0.342198 0.00238589 7.88489e-09 0.00767652 0.00290717 0.000117542 0.0143594 
0.026066 0.0152485 0.000715377 0.042346 0.000121803 0.000321388 0.0185171 0.0266288 0.152995 1.57274e-06 0.0309971 0.00040949 0.00488846 0.0184187 0.000714876 0.328385 0.303565 0.00333478 2.39518e-05 0.0179703 0.00123764 0.000231872 0.00686068 
0.101127 1.29151e-07 4.39976e-07 4.81675e-07 0.00010639 1.23761e-06 0.00907672 0.0189672 0.014307 1.18319e-10 4.94797e-05 0.0455664 0.0904005 0.0451582 0.00900469 0.24031 0.129835 0.0188873 1.7781e-06 0.00852102 0.0489125 0.000258008 0.219509 
0.136927 0.000399156 0.0359824 0.0115707 9.75247e-06 9.70266e-07 0.0113149 0.14125 0.104591 1.58284e-07 0.00345745 0.0518533 0.0131286 0.00889121 0.000666375 0.260634 0.0135041 0.00224512 0.00149225 0.0399965 0.136526 7.62226e-05 0.0254825 
0.195734 8.27999e-05 4.21665e-06 0.00868993 3.01583e-05 5.01647e-05 0.0160578 0.00889598 0.00208432 3.85751e-10 0.0106874 0.00993695 0.0467688 0.0296182 0.000159916 0.352191 0.0837681 0.0222118 3.77167e-06 0.00785458 0.0219209 1.06993e-05 0.183238 
0.13289 0.000162197 3.33127e-05 0.0157132 0.00052258 0.000221028 0.00720363 0.0277336 0.0272459 9.06906e-06 0.015746 0.00263637 0.0349604 0.0111105 0.00445005 0.542552 0.149156 0.0047937 7.68704e-06 0.00599196 0.0123591 0.000125193 0.00437626 
0.0313885 4.93869e-08 0.000315645 0.1312 3.6685e-05 2.712e-08 0.0124007 0.00496548 0.0822077 2.07102e-06 0.0136235 0.00368224 0.0449079 0.0666333 0.00617741 0.331341 0.0667402 0.114629 2.10051e-10 0.0751722 0.0060091 0.000662364 0.00790599 
0.0487898 0.00220584 4.10002e-05 0.0475124 1.50684e-05 3.02261e-05 0.0145476 0.0503145 0.0189621 0.000441175 0.00394965 0.0236381 0.202797 0.00394937 0.000484164 0.461905 0.0503553 0.00798865 7.41496e-05 0.0154588 0.0324076 0.000199443 0.013933 
0.102016 0.00184884 0.00145392 0.0284711 1.3394e-05 0.000625438 0.147478 0.130686 0.0467706 1.40637e-09 0.0118461 0.019112 0.0644853 0.0191912 0.000626745 0.258273 0.0646846 0.0189186 0.00113915 0.0381273 0.024264 0.000643458 0.0193261 
0.111063 0.000985591 0.000661705 0.0717118 3.89189e-05 1.61568e-06 0.00688414 0.00207427 0.0228254 9.78305e-05 0.018684 0.0113716 0.103939 0.16737 0.0144042 0.268714 0.0576577 0.0133801 9.59468e-05 0.0328059 0.0289714 0.00112402 0.0651387 
0.1937 0.000425198 1.33972e-05 0.00386377 1.24055e-05 1.19579e-09 0.00184145 0.00132904 0.0053323 1.18763e-09 0.00019765 0.000609664 0.00166881 0.0134519 3.0939e-06 0.595619 0.0300698 0.0120373 1.15351e-09 0.0243555 0.0823451 6.4485e-06 0.0331174 
0.00497934 0.000483578 0.00261554 0.0716448 0.000272051 4.19968e-05 0.00258116 0.0410667 0.29923 0.000385094 0.01133 0.007086 0.00299345 0.00440367 0.00558782 0.342627 0.0988577 0.0292022 1.02849e-06 0.0201498 0.0404304 0.00103079 0.0130003 
0.0639255 0.0103862 0.0204293 0.0528313 0.000792392 4.49005e-07 0.0560126 0.0215849 0.0101943 8.19053e-05 0.0298446 0.0218205 0.0149526 0.0097933 0.0023847 0.380418 0.0742817 0.0078324 1.21566e-07 0.0412077 0.121009 0.000143342 0.060073 
0.0946857 0.00066302 1.04635e-05 0.0236151 0.0081517 0.000233618 0.0237079 0.00384524 0.0161668 9.31053e-06 0.0159979 0.00985525 0.142166 0.0236294 0.0330726 0.28533 0.0586587 0.0084877 1.30813e-05 0.00946647 0.018798 0.000287952 0.223148 
1.94677e-05 0.00142771 5.17124e-08 0.0382821 2.59943e-07 4.43376e-07 0.00152238 1.75507e-06 0.102591 3.01588e-11 1.61837e-06 0.0702982 1.63569e-05 2.43707e-06 5.24792e-06 0.409455 4.16851e-06 0.0428023 8.49775e-08 0.220809 0.11275 8.22668e-07 8.57861e-06 
0.0414422 0.00068209 6.31478e-05 0.0162826 3.90314e-05 3.39319e-07 0.00481708 0.012891 0.00480028 3.30323e-10 0.00584499 0.012274 0.0149508 0.0164502 0.00061328 0.546911 0.172079 0.01726 7.37627e-05 0.0337615 0.032513 0.000826151 0.0654247 
0.227471 4.32354e-05 4.23404e-06 0.000354422 9.81837e-07 9.60508e-09 0.000360771 0.0784405 0.000672481 4.4953e-08 4.10793e-05 0.025415 0.00357415 5.429e-05 0.00014855 0.335738 0.185633 0.000515194 0.00127721 0.00141027 2.27923e-05 3.6451e-05 0.138786 
0.0890797 0.000726665 0.00109424 0.0573937 0.00954591 4.21837e-06 0.0629864 0.0195058 0.0203801 1.93064e-05 0.00848777 0.0383154 0.0912608 0.0261409 0.000595633 0.500274 0.0323658 0.00332365 0.00288417 0.0108414 0.0179418 0.000249739 0.00658289 
0.040005 5.13338e-05 0.000652361 0.00966969 2.69758e-05 4.40653e-06 0.00220036 0.00305308 0.00799083 0.00218225 0.0147018 0.0133177 0.0436638 0.00668846 0.000310936 0.494525 0.160241 0.00551368 1.89603e-05 0.00923678 0.00416455 0.000585077 0.181196 
0.191357 1.10984e-06 1.10942e-06 1.11058e-06 1.11045e-06 1.10903e-06 0.0235393 1.11039e-06 1.11055e-06 1.10904e-06 1.11053e-06 0.00666377 0.144807 0.0102174 1.10984e-06 0.393071 0.0660852 1.1104e-06 0.00255203 0.00277756 1.1104e-06 1.10863e-06 0.158916 
0.117168 0.00191967 0.00414581 0.0150282 0.000711139 9.1329e-05 0.0428224 0.0124387 0.102772 7.42057e-10 0.00795144 0.040707 0.0170583 0.0716868 0.0334411 0.413664 0.0432638 0.0151258 2.09429e-05 0.0334726 0.0140923 3.35764e-05 0.0123861 
0.0408913 0.00589665 8.72322e-08 0.0056956 1.70684e-05 9.70021e-06 0.00170172 0.000221472 0.0109699 3.1556e-11 0.000743712 3.91662e-05 0.0217619 0.0160394 2.47958e-05 0.638038 0.211803 0.0026232 0.000951885 0.0338331 0.00296967 0.000125396 0.00564326 
0.182803 0.00405606 0.000508331 0.020878 6.20975e-05 3.19737e-06 0.0104792 0.143471 0.000918797 8.36789e-08 0.0141384 0.0303364 0.25333 0.00305922 9.47384e-06 0.265483 0.0259149 0.0029116 0.000849985 0.0295907 0.00380026 9.82991e-06 0.00738615 
0.0500835 0.000206522 0.000278859 0.072844 1.4469e-05 3.28296e-05 0.0997183 0.0557223 0.0423604 1.04641e-05 0.018847 0.00963048 0.0121513 0.0108719 0.000209593 0.490124 0.0723492 0.00306765 1.29725e-05 0.0120412 0.0056296 0.0131559 0.0306372 
0.0470371 0.00477499 0.000957104 0.0766503 3.96258e-05 7.25443e-06 0.0232914 0.00392067 0.19043 6.27551e-08 0.00559189 0.00178668 0.0120335 0.0113396 0.000228527 0.295625 0.110013 0.147578 1.35999e-07 0.0440662 0.012668 0.000600219 0.0113608 
0.109253 0.00207855 0.00211315 0.0353099 0.00585154 9.46321e-05 0.0214536 0.0253668 0.0356168 0.000524127 0.010961 0.109682 0.0764275 0.0548217 0.00530965 0.237481 0.131835 0.0179141 0.00267493 0.0325359 0.0274572 0.00294995 0.0522883 
8.21034e-07 0.00127254 1.33677e-06 6.39465e-07 3.1077e-06 9.07617e-08 0.0159285 1.39072e-07 0.162746 3.91751e-11 9.87261e-08 0.01083 0.0286783 0.0589482 5.96078e-06 0.401525 0.225623 0.0162944 1.17993e-07 1.19718e-06 0.048248 0.000606624 0.0292862 
0.284419 0.000101691 4.89199e-05 0.00882658 6.78459e-06 1.13406e-05 0.0149619 0.00763765 0.0327234 1.2723e-09 8.08953e-05 0.001761 0.0994779 0.00519596 2.42186e-05 0.453493 0.0761089 0.00367404 4.05046e-07 0.00131319 0.00182787 7.08345e-06 0.00829866 
0.0318315 0.00126625 0.00776519 0.0133827 0.000196292 2.43639e-06 0.0056852 0.0465327 0.0318275 0.00278928 0.0186625 0.0304252 0.028644 0.0102933 0.00129203 0.478281 0.0766125 0.00753286 0.000137469 0.0187975 0.0307883 0.000127506 0.157127 
0.0262214 0.000224617 0.000432789 0.0532826 0.00861187 2.16358e-05 0.0208067 0.00176378 0.0535153 1.55674e-05 0.0428253 0.00768578 0.00838837 0.00658198 0.00113816 0.525719 0.147358 0.0134599 0.000209301 0.0243799 0.0278808 0.000674978 0.028802 
0.102662 0.00712486 5.95693e-05 0.00987667 0.000437602 6.13736e-05 0.0264936 0.0685683 0.0429864 7.48838e-09 0.00442028 0.0208719 0.0528487 0.00146734 0.00097612 0.413349 0.06975 0.069424 6.88393e-05 0.0821452 0.00209787 0.000195236 0.0241156 
0.133851 0.00203008 6.12493e-07 0.0566234 8.3407e-06 5.32008e-09 0.0227759 0.0113315 0.0384093 1.86731e-08 0.00142125 5.90648e-05 0.039454 0.0336469 9.61535e-11 0.495681 0.0181379 0.0233376 8.14669e-06 0.024546 0.021487 1.07786e-06 0.0771894 
0.208957 0.0067317 0.000202335 0.0395161 0.00711124 8.67287e-05 0.0090079 0.0456498 0.017454 0.000249738 0.0318135 0.0384291 0.0277393 0.0237113 0.00123868 0.263213 0.0762334 0.0317706 0.00144179 0.0760429 0.0242246 0.000140791 0.0690348 
0.387822 0.000964512 0.00400568 0.0313972 2.45365e-05 6.68721e-08 0.00198675 0.0163912 0.00183505 1.45449e-11 0.0101771 0.000923387 0.0461564 0.00826301 0.00041418 0.475656 0.00528279 0.00195422 1.91285e-06 0.00129791 9.99609e-05 5.66588e-05 0.00528866 
0.0543891 0.0146524 0.000331929 0.0804669 1.07146e-05 1.38624e-06 0.0291493 0.0156313 0.117104 0.00011241 0.0250434 0.0169891 0.0124544 0.0319034 4.53353e-05 0.305047 0.144872 0.0290926 1.25663e-05 0.0356283 0.0137453 0.000367741 0.0729492 
0.185652 0.001889 0.0056745 0.0392957 0.00661639 3.3209e-05 0.0126274 0.0290479 0.0479703 4.50311e-06 0.00413048 0.0509869 0.127078 0.020936 0.0703843 0.243918 0.0756603 0.00780033 0.00207896 0.02311 0.00454987 0.000379112 0.0401765 
0.132461 0.000993153 0.0103701 0.0101473 0.0336277 0.00962832 0.0167615 0.0341907 0.077839 6.87351e-07 0.0170989 0.124217 0.0882858 0.0213577 0.0107365 0.166723 0.0406414 0.00582076 0.0579905 0.0304305 0.0142074 0.008894 0.0875776 
0.0969375 0.000765769 0.000707983 0.0510759 0.00107674 6.08165e-06 0.0247915 0.0384915 0.0475683 0.000171659 0.00475146 0.00918116 0.0642674 0.0339106 0.00103201 0.407405 0.0549047 0.0102031 0.000117059 0.0278233 0.0541137 0.00107422 0.0696239 
0.0435872 0.00166215 0.00278662 0.0294917 0.000220704 3.97292e-06 0.0100944 0.0128009 0.0409169 3.20505e-06 0.0170198 0.0222126 0.123537 0.0427981 0.13085 0.283343 0.182338 0.00572268 0.000157011 0.018343 0.00165777 0.00484777 0.0256058 
0.0880411 8.96477e-05 8.17163e-08 0.0189122 1.81023e-05 1.26444e-07 0.00182692 4.22573e-07 0.0223297 3.66815e-07 0.0010028 0.00730865 0.0601425 0.00858263 4.7709e-05 0.768186 0.00475059 0.000535603 5.22907e-07 0.00166752 0.00148798 5.15877e-05 0.0150176 
0.0610566 0.000638992 0.00082784 0.0504033 5.92668e-05 4.72736e-05 0.00798203 0.00892395 0.0209296 1.48846e-06 0.0373205 0.0229409 0.027396 0.0303287 0.00359648 0.418789 0.0892005 0.00941448 0.00205203 0.0212589 0.144186 0.000179382 0.042466 
0.118908 0.00262255 0.000271807 0.00689042 0.000365807 7.51732e-06 0.027917 0.0664971 0.0149404 3.34528e-06 0.00686791 0.0592176 0.0737394 0.0106907 0.000569391 0.336524 0.104445 0.00626889 0.000161272 0.0178607 0.00703777 6.73887e-05 0.138127 
0.171482 0.00240485 3.10921e-08 0.0265233 1.69498e-05 5.32949e-06 0.00472112 0.0344891 0.00114686 2.17537e-06 0.002821 0.0144143 0.0899456 0.00109958 0.000418315 0.324975 0.0617682 0.00564265 0.00205243 0.180214 0.000194102 0.000156144 0.0755066 
0.0459104 0.000508456 0.0052908 0.0185196 0.00153815 3.03277e-06 0.00586853 0.0201017 0.0161064 0.000231925 0.000613699 0.0165962 0.106284 0.131336 0.0566158 0.219571 0.157379 0.0104989 0.00363235 0.0164289 0.00276719 0.00184422 0.162354 
0.1953 0.00115633 0.000277963 0.0221235 0.00191407 1.28491e-06 0.00364173 0.0335704 0.00278154 2.44283e-09 0.00519557 0.00280781 0.0691067 0.0406386 0.00187611 0.435991 0.103406 0.0228154 0.00553024 0.0231245 0.000168899 8.32931e-05 0.0284892 
0.00201646 0.00343371 4.76728e-08 0.019737 2.21883e-07 1.55754e-06 0.00592074 0.00337999 0.00633723 9.53156e-10 0.0015973 0.000651491 0.000515181 0.00488588 1.02185e-05 0.542905 0.275417 0.0114731 4.03858e-09 0.0124825 0.0106276 0.00074016 0.097868 
0.257849 0.00324642 0.00056662 0.0267445 0.00136393 1.61085e-05 0.0107221 0.0260365 0.00922224 0.000187356 0.0150228 0.01926 0.0667458 0.0308478 0.000828265 0.305926 0.0843684 0.0197863 0.00119087 0.0398088 0.0245641 0.00047896 0.0552171 
0.165551 0.000571084 0.000618114 0.00533716 1.86368e-05 1.31711e-05 0.0675934 0.125184 0.00626215 0.000190082 0.00221097 0.0115259 0.201141 0.000994191 0.000311148 0.309891 0.0333589 0.0042822 0.00179169 0.016195 0.0163572 8.34014e-05 0.0305184 
0.0492718 5.27531e-05 3.44652e-06 0.0698394 6.25006e-06 4.31888e-06 0.031403 0.03184 0.0327555 3.7668e-11 5.35583e-05 0.0119089 0.107746 0.015694 3.03349e-05 0.436367 0.177884 0.000745985 1.26242e-08 0.0238307 0.000472822 0.00275772 0.00733253 
0.229229 0.00792252 0.000258578 0.0152619 2.86656e-05 7.97028e-06 0.00477321 0.00880181 0.0195144 5.67553e-06 0.0265953 0.013325 0.0440535 0.00584393 0.000657492 0.531001 0.0165949 0.0500536 0.0003909 0.0114769 0.00175929 1.66869e-05 0.0124275 
0.069456 0.00123768 0.000857669 0.027409 5.59815e-05 2.63735e-05 0.0109936 0.0106276 0.020223 0.00306183 0.014112 0.0115784 0.0430491 0.0390747 0.00105155 0.488915 0.0838591 0.0274185 0.000235555 0.0214482 0.0703024 9.06271e-05 0.0549158 
0.107104 0.00223543 0.000860176 0.016104 0.000113719 2.3836e-05 0.0066832 0.0464256 0.102589 1.74052e-08 0.00294463 0.0349076 0.00968271 0.0143973 0.00362202 0.304596 0.129649 0.0415668 0.000829402 0.0181706 0.103604 0.00214369 0.0517474 
0.0336841 0.00133008 0.00063366 0.155904 0.000320017 9.98287e-09 0.00510474 0.056148 0.106311 2.01192e-06 0.00874244 0.00538788 0.0111142 0.0215647 0.00159672 0.179325 0.121747 0.0429326 0.00205346 0.090723 0.0409865 3.94085e-05 0.11435 
0.0264078 0.001456 0.000354227 0.021906 0.000918778 1.32019e-05 0.0165231 0.0495382 0.0204014 0.00018814 0.010791 0.00669246 0.015959 0.0244326 0.00236445 0.492852 0.252869 0.0101345 0.000514933 0.00969674 0.0110921 0.000316968 0.0245768 
0.0520389 6.29471e-05 7.9395e-05 0.00716351 4.58011e-05 2.64229e-06 0.002782 0.00452581 0.0232475 9.16835e-07 0.00270924 0.0235252 0.0243374 0.0756787 0.00180946 0.459895 0.0873646 0.00816186 8.86512e-07 0.0285346 0.129194 0.000438028 0.0684019 
0.0406708 0.00140453 0.00154533 0.0084166 0.00339415 3.1663e-05 0.0195479 0.0297151 0.145451 0.000242622 0.02981 0.0127199 0.135767 0.064838 0.0133071 0.288106 0.161108 0.00847879 2.7125e-05 0.011009 0.010661 3.32451e-05 0.0137159 
0.105844 0.0211631 5.50442e-05 0.0699446 0.00272383 3.5113e-05 0.0137785 0.0145531 0.0439695 0.000989157 0.0230084 0.010507 0.0183454 0.0672367 0.000639214 0.401831 0.0764863 0.0322852 0.00108903 0.0323397 0.0232773 0.000148578 0.0397499 
0.062211 1.51511e-05 0.000111369 0.00254882 0.0418607 5.51353e-08 0.00388911 0.00438 0.000583504 4.97504e-10 0.00764539 0.00602562 0.10719 0.0209044 0.000740183 0.548052 0.148885 0.000776201 0.000102512 0.00328612 0.0121174 2.63632e-05 0.0286501 
0.0507888 0.0153272 0.00573003 0.00767833 0.0797322 9.65154e-05 0.00363331 0.0316031 0.0399947 5.70406e-10 0.0231682 0.00842817 0.210047 0.0377045 8.89162e-05 0.217322 0.0998328 0.00508377 0.000170647 0.057945 0.00677805 0.000401915 0.0984445 
0.0507888 0.0153272 0.00573003 0.00767833 0.0797322 9.65154e-05 0.00363331 0.0316031 0.0399947 5.70406e-10 0.0231682 0.00842817 0.210047 0.0377045 8.89162e-05 0.217322 0.0998328 0.00508377 0.000170647 0.057945 0.00677805 0.000401915 0.0984445 
0.0488716 0.00192182 2.56825e-06 0.0281357 1.64548e-05 1.79951e-06 0.0676818 0.00692189 0.00443827 5.69405e-09 0.00032927 0.00129426 0.00586962 0.00798549 9.63015e-05 0.45662 0.0351955 0.0622219 0.00103148 0.00972215 0.0411657 0.000674733 0.219802 
0.0368439 0.000218346 4.09381e-09 0.00802889 4.99523e-05 6.04731e-08 0.0146357 0.0013748 0.0343936 4.61512e-12 0.00157323 0.000131156 0.00123793 0.00171339 4.23067e-09 0.647302 0.220099 0.00135774 4.87566e-09 0.000805373 0.000144829 4.12984e-07 0.0300894 
0.119778 0.000289616 0.000139178 0.052633 2.31354e-06 1.73204e-05 0.00353138 0.00187596 0.0157265 3.09799e-10 0.0832704 0.0128224 0.00364322 0.0511394 3.10711e-05 0.236513 0.218602 0.0411698 0.000172738 0.0387125 0.103234 0.000223979 0.0164722 
0.191715 4.56138e-05 2.18381e-06 0.0503639 3.64681e-06 8.31588e-07 0.0120084 0.000130673 0.0243734 1.89392e-12 0.00449305 2.65413e-05 0.00815096 1.44185e-08 0.000187149 0.602908 0.0906402 0.0083854 3.59015e-09 0.000910299 0.00193993 2.10183e-05 0.0036937 
0.0315985 2.08476e-05 0.000274845 0.0889382 0.00137525 3.81431e-07 0.00137692 0.0113271 0.0214378 1.65994e-09 0.0110766 0.00338248 0.0530955 0.0379623 2.54925e-06 0.632586 0.0747638 0.00810384 0.000247244 0.0151751 8.426e-05 0.000362842 0.00680759 
0.0536781 0.000168314 0.000592981 0.0254167 8.12987e-05 3.61122e-05 0.00766892 0.103271 0.0225499 5.41332e-06 0.0152471 0.0364641 0.00349733 0.0327266 0.000512966 0.536706 0.114537 0.00086193 0.000191237 0.0127379 0.00120563 0.0216965 0.0101465 
0.110162 0.00345796 0.00170259 0.0340347 0.00204783 3.94892e-05 0.129737 0.0324192 0.078554 0.000883057 0.0141432 0.0234639 0.0316298 0.0238652 0.0029236 0.258316 0.097096 0.0246702 0.000941078 0.0549076 0.0303268 0.00293016 0.041748 
0.0804156 0.00578418 0.00114822 0.0132716 0.000187605 0.000115807 0.0181336 0.0478477 0.114287 1.33982e-05 0.00138861 0.00761529 0.0232251 0.011609 0.000375882 0.446045 0.0777024 0.015054 0.00028654 0.0754792 0.0142467 0.000162885 0.045605 
0.0504533 0.000279698 0.00058887 0.00636763 0.00166478 9.04343e-06 0.0058088 0.0136457 0.00799368 4.55346e-05 0.00605166 0.023405 0.09642 0.0288023 0.0024899 0.482998 0.108673 0.00419543 8.76817e-05 0.00570499 0.00621825 6.70461e-05 0.14803 
0.00921512 0.000751652 1.16088e-07 0.173635 2.5314e-07 8.92257e-05 0.00618628 0.00384401 0.0657224 6.53805e-10 0.00383323 0.000838552 0.000832357 7.85272e-05 1.31715e-06 0.351842 0.250614 0.095796 4.94103e-07 0.033266 0.00139718 0.000365922 0.00169026 
0.0940782 0.00128457 0.0435956 0.0202087 0.000132409 2.89623e-05 0.004381 0.00153784 0.076918 7.65965e-08 0.0212782 0.00054367 0.0149472 0.00214533 0.00285426 0.337866 0.0240946 0.321446 0.000251292 0.0154111 0.000128049 0.000440399 0.0164285 
0.0452122 2.357e-05 1.14534e-06 0.0157052 2.22504e-05 2.78263e-05 0.00030577 0.211328 0.0083597 1.16818e-05 0.00706665 0.0302605 0.0281995 0.00206769 7.82102e-05 0.478256 0.0751216 0.0410276 1.34028e-06 0.0129524 0.0175633 0.0062324 0.0201757 
0.0668931 0.000138854 0.00184563 0.0226088 0.000126746 0.000157791 0.0238153 0.107597 0.0813287 1.08884e-08 0.024878 0.00600515 0.0349204 0.00826133 0.0145886 0.470748 0.112083 0.00826219 8.27346e-08 0.00182512 0.0023854 0.000132548 0.0113986 
0.150521 2.39937e-05 0.00382756 0.0288797 3.38567e-05 1.75448e-07 0.00974052 0.0425034 0.00287479 9.91327e-07 0.0110242 0.224913 0.0348142 0.00937918 0.00426623 0.350314 0.0446716 0.00181946 6.66364e-05 0.0441788 0.00359608 0.000628996 0.0319211 
0.0583303 0.00465466 0.00544376 0.0198822 6.04944e-05 4.68642e-05 0.119093 0.218071 0.0723295 9.52761e-08 3.77556e-05 0.0151392 0.0187815 0.0125333 0.000241857 0.241451 0.109669 0.0103435 0.000293799 0.00794467 0.0646364 9.25943e-05 0.0209236 
0.206322 0.00525412 1.9665e-05 0.0277503 5.94865e-05 6.85939e-05 0.0334114 0.00530889 0.0331533 3.25751e-06 0.00607779 0.0077668 0.0225371 0.00407141 0.0177501 0.315779 0.134035 0.00980349 0.0201473 0.0482213 0.0100767 0.000162402 0.09222 
0.144477 0.00223736 0.000626401 0.0166529 0.00920437 0.000111299 0.0152685 0.0339765 0.0577096 0.00775371 0.00305062 0.0221398 0.0184405 0.0457376 0.0036142 0.239187 0.162476 0.0331294 0.00307074 0.0457415 0.0273688 0.000510229 0.107516 
0.163717 0.0014216 2.62422e-09 0.00709848 1.82969e-05 1.02881e-05 0.00604364 0.0111201 0.00293526 1.33461e-11 0.00129967 0.0322646 0.0717921 0.00629598 0.0202722 0.336793 0.125496 0.00341458 0.0396541 0.0439047 0.0151182 3.73375e-05 0.111292 
0.0381801 0.00145619 0.00451651 0.021184 0.00896794 2.63136e-05 0.0543625 0.0428534 0.0671101 0.0522511 0.0041188 0.00929275 0.0218807 0.0687886 0.00198377 0.324305 0.13808 0.0286899 0.0102312 0.0452786 0.0172206 0.00273834 0.0364827 
0.0525695 0.000485647 8.17837e-05 0.00829132 1.32352e-05 6.25856e-09 0.15554 0.000808713 0.0302113 2.26445e-12 3.15084e-05 6.3043e-06 0.00613569 0.000285415 4.01186e-05 0.60516 0.130354 0.000742725 3.51325e-06 0.00105189 9.10721e-05 1.16758e-06 0.00809492 
0.0304059 0.00146773 0.000694118 0.0234068 0.000119707 8.43841e-06 0.0350035 0.0103854 0.0613167 1.22898e-05 0.00278917 0.0534344 0.0239282 0.0732602 0.000939816 0.426357 0.0819733 0.0215211 0.0179712 0.0253094 0.0508296 0.00100082 0.0578648 
0.035018 0.0095224 0.00321615 0.246887 6.46202e-05 3.24048e-06 0.04766 0.00262147 0.0627117 2.28349e-08 0.00211347 0.00116763 0.0290807 0.0305671 5.22974e-05 0.355043 0.0626795 0.032473 8.46118e-06 0.0677087 0.00114165 0.00715401 0.00310595 
0.25438 0.000775461 0.00200749 0.023524 9.27933e-05 7.12786e-05 0.0165871 0.0352091 0.0162723 3.0192e-09 0.000607102 0.0180703 0.0397256 0.00608365 6.10967e-05 0.482707 0.0597739 0.0038677 4.77328e-09 0.0293581 0.00273654 0.000469732 0.00761956 
0.126966 0.00152509 0.000113726 0.0253329 1.5771e-05 5.35154e-07 0.0590783 0.000102589 0.0240143 2.10296e-09 0.000403051 8.32683e-05 0.00372003 0.00196315 0.00131335 0.699319 0.0375265 0.000786679 2.41393e-06 0.00147408 0.000350633 2.69549e-05 0.0158816 
0.110459 0.00164708 0.00658599 0.0536724 9.37164e-05 1.03344e-05 0.0229104 0.0112673 0.0180216 1.80815e-05 0.0149839 0.02181 0.0271607 0.172807 0.00208138 0.268579 0.0946045 0.0360797 0.000713022 0.070001 0.0150526 0.000821181 0.0506195 
0.0936984 0.00146349 0.00215289 0.0234285 0.000826041 1.01574e-05 0.0196202 0.0600092 0.033022 2.31851e-07 0.00647216 0.126576 0.0725337 0.0328928 0.0010118 0.369374 0.0819535 0.00773763 0.00250069 0.0428567 0.00483966 0.000357329 0.0166625 
0.0292635 0.000470313 5.40653e-06 0.0208204 0.000166841 1.551e-06 0.0404009 0.000684026 0.0407121 9.99011e-05 0.000581887 0.0315374 0.0663437 0.00204964 0.00301918 0.417451 0.217574 0.0123708 3.29997e-05 0.0282267 0.00039895 3.89462e-05 0.0877501 
0.0292852 0.00980153 0.000170784 0.210676 1.02089e-05 0.000768621 0.0225821 0.000683087 0.0127241 4.74295e-07 0.000567725 0.0316428 0.00550689 0.0660615 0.00264441 0.336545 0.0589854 0.0231627 6.78365e-05 0.0148118 0.036045 0.00116662 0.136091 
0.220396 0.00253601 0.00170371 0.0338014 7.93467e-05 2.12678e-05 0.00785175 0.0284269 0.0464233 1.40823e-05 0.0249173 0.00836902 0.0550216 0.0191835 0.00622671 0.412946 0.0951712 0.00718527 2.35236e-05 0.0159405 0.00177531 0.000443097 0.0115435 
0.362848 0.00073297 0.00280109 0.0297536 4.13766e-05 2.94615e-07 0.00414067 0.0213303 0.00743197 7.53484e-09 0.0143614 0.00129599 0.0322038 0.00609485 0.000545211 0.464143 0.0306293 0.0075465 4.83387e-06 0.00244116 0.000625356 6.13206e-05 0.0109662 
0.157333 0.00115117 0.00131977 0.047211 1.41312e-05 4.16239e-05 0.0109332 0.116696 0.0472222 1.07641e-08 0.000139191 0.0600759 0.108065 0.118159 4.50002e-07 0.215656 0.0257061 0.00638041 2.82023e-05 0.0669525 0.00127015 0.0102874 0.00535717 
0.188551 5.69697e-11 8.19276e-11 7.24082e-07 1.96619e-11 1.05888e-10 0.169773 2.66007e-07 5.94597e-08 1.05165e-10 9.74074e-06 0.00676248 3.70214e-07 0.00255081 5.67431e-11 0.290914 4.4263e-07 0.073906 1.02144e-10 0.141424 0.0157399 3.61187e-06 0.110363 
0.157414 0.00488739 0.00485539 0.0640772 0.00551702 7.77018e-06 0.0676212 0.00207289 0.0542792 0.00226367 0.0110165 0.0116233 0.145382 0.020376 0.000203191 0.347754 0.0370247 0.00575244 6.09166e-05 0.0234973 0.0214677 0.00239857 0.0104478 
0.387822 0.000964512 0.00400568 0.0313972 2.45365e-05 6.68721e-08 0.00198675 0.0163912 0.00183505 1.45449e-11 0.0101771 0.000923387 0.0461564 0.00826301 0.00041418 0.475656 0.00528279 0.00195422 1.91285e-06 0.00129791 9.99609e-05 5.66588e-05 0.00528866 
0.00867231 0.00202831 0.000411538 0.0297466 0.000210642 0.000386293 0.0916991 0.0571817 0.198028 0.00539579 0.00379986 0.0113345 0.031776 0.0172999 0.00451243 0.347228 0.0481596 0.0305135 5.89877e-06 0.0756427 0.0257759 0.00175651 0.00843541 
0.0126506 0.000318338 5.58667e-08 0.00918131 1.22234e-07 0.000139035 0.00555229 4.93262e-07 0.0107195 4.31669e-11 0.000740514 0.00411096 0.00530434 0.0102578 0.000319077 0.689294 0.191391 0.015207 4.1927e-11 0.0259301 0.00610589 1.54476e-05 0.0127617 
0.0394449 0.000680834 0.0027851 0.0203684 0.00444147 0.000155083 0.00685852 0.0833583 0.13664 0.000451042 0.00657337 0.00770212 0.0133485 0.0464155 0.00325802 0.239739 0.117068 0.0229145 0.000229777 0.0421943 0.185622 0.000772641 0.0189778 
0.0349529 4.01181e-05 1.16458e-11 0.000820224 2.79488e-12 1.50516e-11 0.0289336 1.18932e-05 4.07365e-09 4.71493e-10 0.000310058 0.0116747 0.0172963 1.79787e-05 1.70476e-08 0.61322 0.0471696 0.00244561 0.000636971 0.00403015 0.00451906 1.82225e-05 0.233903 
0.0770962 0.000317578 0.000209277 0.0749629 1.33371e-05 7.00303e-06 0.0150228 0.0614056 0.0784432 0.00618653 0.00703391 0.00483444 0.00156356 0.0238263 0.000114661 0.372118 0.0424604 0.0265523 3.81621e-09 0.0222787 0.0164216 0.104146 0.0649853 
0.0249904 0.000667581 0.00291008 0.0177112 0.00438452 4.98307e-06 0.0197637 0.00807088 0.122064 4.55489e-06 0.0108594 0.0295338 0.0553327 0.151393 0.00311708 0.181694 0.17512 0.01574 0.000170732 0.0319117 0.0746889 0.00452432 0.0653414 
0.0241461 0.000836566 7.34159e-05 0.00379581 2.25028e-05 2.36727e-06 0.00338044 0.026728 0.0289129 4.34975e-11 0.000302936 7.23274e-05 0.000117768 0.00105952 0.00874072 0.84695 0.0440917 0.00370354 2.3007e-07 0.00246283 0.00411779 0.000190332 0.000292626 
0.0535877 2.67934e-05 0.000171382 2.19104e-05 1.24029e-05 1.02476e-05 0.00359002 0.0259867 0.0265588 2.0405e-07 0.00211353 0.00817387 0.000431429 0.0139494 6.65642e-06 0.808095 0.0509304 0.000408209 2.11671e-06 0.00107098 0.00106955 1.55469e-05 0.00376704 
0.12467 0.0205831 0.000170296 0.0164578 1.05322e-05 1.93709e-05 0.0363369 0.016343 0.00691849 0.000125164 0.00606785 0.0264397 0.020853 0.0167714 0.000113603 0.278768 0.0820785 0.0298918 0.000586514 0.115913 0.00950861 0.00382872 0.187544 
0.00455421 8.68548e-07 1.24905e-06 0.00458945 2.99762e-07 1.61434e-06 4.465e-07 3.55714e-07 0.015629 1.60332e-06 2.24463e-07 0.0144848 2.78025e-07 0.00387734 8.65093e-07 0.926765 0.00554978 0.00472188 1.55727e-06 0.0018089 0.0151454 1.98787e-06 0.00286329 
0.101698 0.000225243 0.00227788 0.0191118 1.33587e-05 1.5066e-05 0.17096 0.00714736 0.00594201 2.57808e-07 0.0163757 0.0185518 0.0150846 0.128583 8.72026e-05 0.272581 0.030913 0.070342 6.53102e-05 0.047464 0.0199196 0.0051071 0.0675348 
0.135565 3.97987e-06 2.71688e-09 0.000150465 3.38231e-05 5.43302e-09 0.0813767 0.000991368 4.3808e-10 3.48747e-09 7.55902e-06 0.00288561 0.198905 0.0198248 2.69612e-07 0.408314 0.0010065 0.130872 6.52241e-06 0.00148126 0.0029569 6.9424e-06 0.0156128 
0.104564 0.0258326 0.00146223 0.0405157 0.00248484 2.6232e-05 0.00971103 0.0221016 0.0921178 1.10533e-06 0.0127967 0.0134842 0.0359906 0.0437392 0.00108279 0.422642 0.1497 0.00195823 0.000556742 0.00963449 0.000165769 0.000186204 0.00924619 
0.235371 8.9877e-09 1.29251e-08 1.16329e-05 2.89378e-07 1.67051e-08 0.0129411 0.013666 2.30381e-05 1.65911e-08 2.32273e-09 0.00211128 0.016498 0.00384928 0.00414251 0.491627 0.00884543 1.57524e-05 0.000114853 0.0518297 0.00609235 2.10415e-07 0.152861 
0.24351 0.000697406 0.00331388 1.14387e-07 0.00292808 0.000913932 0.0196009 0.171882 0.191731 1.14229e-07 0.00169296 0.00303098 0.0113919 0.00274513 1.14311e-07 0.271499 0.0612699 0.00205874 1.14234e-07 0.00537629 0.00605018 0.000308417 1.1438e-07 
0.0587853 0.000309812 1.35448e-05 0.0753116 0.00361466 2.40355e-05 0.0118886 0.000295201 0.0179569 0.000387792 0.0755292 0.00222611 0.0196203 0.00588878 0.000198535 0.629777 0.0404539 0.0218756 0.000570184 0.0234247 0.00423279 0.000499663 0.00711566 
0.20507 0.000123835 7.76908e-06 0.00548825 2.5636e-05 1.57616e-06 0.00666428 0.00150032 0.0010108 7.87122e-12 0.0220635 0.0551383 0.0643638 0.0124087 0.000301101 0.36592 0.0882959 0.0149992 9.08357e-06 0.0368 0.0147018 0.000255219 0.104851 
0.0420574 0.00710213 9.67231e-06 0.106615 0.000185176 4.64399e-05 0.0215566 0.0107254 0.050629 1.28069e-07 0.034494 0.000122806 0.00270228 0.0282786 0.00064789 0.533327 0.0772228 0.0306114 1.84574e-05 0.0115126 0.0405232 8.05063e-05 0.00153195 
0.0766223 0.00271759 0.0011099 0.035838 0.0012335 1.62051e-06 0.149201 0.00575486 0.166068 2.76915e-08 0.000957392 0.0012129 0.00973089 0.0210947 0.0001838 0.261772 0.110175 0.0915061 0.000326498 0.0461346 0.00839804 3.44054e-05 0.00992718 
0.0152949 0.000143532 6.12448e-05 0.0090496 0.00012428 0.00011824 0.00340679 0.0895286 0.031393 0.000171245 0.00883156 0.0050161 0.00627731 0.00355359 0.000739305 0.499368 0.289341 0.00344336 2.3658e-05 0.0128807 0.0121385 0.000138006 0.00895768 
0.0591322 0.00966772 0.0307463 0.0443645 0.00269953 3.83693e-09 0.00172694 0.042788 0.063252 1.52741e-06 0.00588243 0.00445415 0.0599571 0.115671 0.00729773 0.249897 0.203317 0.0142258 0.0204451 0.0113978 0.0453943 6.38809e-05 0.00761775 
0.387822 0.000964512 0.00400568 0.0313972 2.45365e-05 6.68721e-08 0.00198675 0.0163912 0.00183505 1.45449e-11 0.0101771 0.000923387 0.0461564 0.00826301 0.00041418 0.475656 0.00528279 0.00195422 1.91285e-06 0.00129791 9.99609e-05 5.66588e-05 0.00528866 
0.08123 0.000105066 3.73021e-09 0.0267837 1.60388e-05 1.19715e-06 0.0500837 0.00126398 0.0480632 7.58969e-12 0.00023677 0.0127764 0.0033293 0.0103315 0.000650303 0.46867 0.137102 0.028454 2.74724e-06 0.0573449 0.00706232 0.000955547 0.065538 
0.0776183 5.58875e-05 0.000239096 0.0417974 0.000100286 4.48753e-10 0.00962992 0.228519 0.00513041 2.87383e-07 0.0118993 0.00583351 0.0213836 0.0339624 0.00256416 0.46681 0.0769342 0.000823616 0.000163304 0.00218013 0.0058814 1.11701e-05 0.00846218 
0.0860402 0.00220846 3.70891e-05 0.00842659 0.00170184 0.000601055 0.00973659 0.174535 0.156931 2.60036e-06 6.05269e-05 0.0283173 0.0292845 0.113547 0.00103735 0.179177 0.057856 0.035527 0.000328297 0.0373847 0.072574 0.000322088 0.00436406 
0.0525695 0.000485647 8.17837e-05 0.00829132 1.32352e-05 6.25856e-09 0.15554 0.000808713 0.0302113 2.26445e-12 3.15084e-05 6.3043e-06 0.00613569 0.000285415 4.01186e-05 0.60516 0.130354 0.000742725 3.51325e-06 0.00105189 9.10721e-05 1.16758e-06 0.00809492 
0.0172171 3.30404e-05 5.83134e-06 0.0465313 3.00427e-05 8.65665e-06 0.00236337 0.0866635 0.0233334 2.60769e-07 0.00779024 0.00155794 0.00135629 0.000593375 0.000162487 0.675173 0.131535 0.00249721 2.21877e-07 0.00215422 0.00017307 3.67576e-05 0.00078399 
0.139415 0.012318 0.00605488 0.0182302 0.00705646 0.00717397 0.0141093 0.0606615 0.0450749 0.00012236 0.00920388 0.0288798 0.159349 0.018326 0.00224127 0.232847 0.115583 0.00626888 0.00311414 0.0339793 0.00538649 0.0002157 0.0743897 
0.12841 0.0030557 0.00144859 0.019028 0.000249774 5.89111e-05 0.00927131 0.0505692 0.0202238 1.44975e-05 0.00406292 0.109563 0.0356992 0.0200629 0.00285043 0.274776 0.12888 0.00887363 0.000303964 0.0295648 0.0179805 0.000759596 0.134293 
0.0413368 0.000116834 0.00145118 0.019503 0.001243 8.28885e-08 0.0201059 0.0428565 0.00308176 1.93881e-07 0.00517086 0.149007 0.0185552 0.0728203 1.48944e-05 0.39793 0.079435 0.0255491 0.000555669 0.0355825 0.021453 0.00171409 0.0625173 
0.068836 0.00056292 5.1756e-05 0.00439357 1.87628e-05 1.23362e-05 0.0129515 0.0131803 0.00665096 8.72544e-07 0.00140223 0.0199741 0.0554812 0.00448457 0.00145852 0.665481 0.0590396 0.0150134 0.00126495 0.0231857 0.00762939 0.000614537 0.038312 
0.120486 0.000158167 0.0137297 0.0146121 9.88122e-05 3.31539e-05 0.00422687 0.000754709 0.0431277 0.00013922 0.0383832 0.0144041 0.0101488 0.00798596 0.0133478 0.316751 0.178529 0.0136736 1.83108e-05 0.00545268 0.183915 7.29992e-05 0.0199511 
0.0347457 0.000783025 4.48668e-05 0.0790068 8.78881e-06 2.09522e-08 0.00633861 0.000454413 0.0102604 1.39435e-11 0.0315822 0.000924601 0.00420365 0.00135446 0.000198168 0.605482 0.0833007 0.0022691 6.07216e-09 0.00216844 0.00114057 4.71786e-05 0.135686 
0.00575862 6.75735e-05 4.0653e-08 0.00672362 1.63129e-06 7.07241e-06 0.000747644 0.000158502 0.0131084 1.90106e-05 0.00496127 8.8215e-05 0.00889044 0.000231087 0.000113437 0.8933 0.0430639 0.000485406 2.10806e-07 0.0178484 0.00330983 2.15273e-05 0.00109393 
0.221783 0.000173302 6.32791e-05 0.000379278 2.20792e-06 4.606e-07 0.000267332 0.0546777 0.000818207 1.25591e-06 4.27578e-05 0.019032 0.00701155 0.000338481 0.000192772 0.468883 0.16339 0.000716309 0.0010906 0.00104357 2.77618e-05 0.000240967 0.0598243 
0.0178775 0.00207561 2.64286e-06 0.036556 2.53841e-05 5.41121e-06 0.00445898 0.0192199 0.00413175 4.30934e-12 0.00892212 0.000649577 0.00298492 0.00194672 7.66373e-05 0.494538 0.337819 0.00416203 4.14297e-05 0.00505513 0.00061003 0.000128314 0.0587129 
