0.0675587 0.000865973 1.4214e-10 0.0386321 4.11643e-06 2.65598e-07 0.00697488 0.153427 0.112478 1.62398e-07 0.00394719 0.0207685 0.00221884 0.0177201 1.77908e-05 0.0372012 0.491034 0.00806747 1.81597e-05 0.0160137 0.00792555 0.000104244 0.0150214 
0.0261038 0.000114271 0.0211309 0.0928313 0.00502122 2.31223e-06 0.0022735 0.01953 0.0206835 3.44038e-10 0.0220741 0.108413 0.185361 0.153503 0.00885696 0.0357607 0.23499 0.00139882 0.000764015 0.00978276 0.0390609 0.000232844 0.0121115 
0.0174459 0.102255 0.0348637 0.0819212 0.000100569 7.45304e-05 0.0340122 0.0669234 0.0793654 9.7233e-08 0.0950106 0.0101551 0.00317609 0.024034 0.000668926 0.115053 0.181363 0.0301298 3.70033e-06 0.0844292 0.00222683 0.000425053 0.0363625 
0.108307 0.000273121 5.69188e-05 0.0114612 1.67263e-05 1.74281e-05 0.0108 0.0084121 0.126139 2.68416e-06 0.00427978 0.0232626 0.0582684 0.0463184 0.00130663 0.133755 0.284244 0.0138891 0.000293566 0.0042838 0.0254547 4.04535e-05 0.139117 
0.0186967 0.00614724 0.0107194 0.00145935 0.00167335 1.69353e-06 0.00405062 0.004972 0.0124524 3.16146e-09 0.00884979 0.0123575 0.00771786 0.121337 0.00026982 0.199601 0.469649 0.012187 0.000505026 0.0108512 0.0129631 2.28207e-05 0.0835164 
0.0164559 0.00217734 0.00272984 0.0237504 0.000556905 0.000289284 0.00876564 0.00899942 0.0655797 0.000245942 0.00606159 0.00711644 0.153593 0.0563405 0.000307015 0.263942 0.283215 0.00866733 3.2897e-05 0.035832 0.0086821 0.00469734 0.0419617 
0.019102 0.000142684 0.000902089 0.0150897 0.00658822 4.36126e-05 0.00518187 0.00767559 0.0157567 0.000102716 0.0098422 0.0448691 0.0304195 0.045887 0.00274156 0.133273 0.256289 0.0100019 0.00334854 0.0141044 0.139578 0.00197061 0.23709 
0.0197112 0.000456286 0.00406251 0.00550291 0.242439 2.87662e-05 0.000691899 0.00220489 0.0732731 0.011752 0.0015208 0.000799492 0.0174042 0.182463 0.000285786 0.0309619 0.298239 0.0359059 0.000552963 0.000952885 0.026637 0.00117899 0.0429753 
0.104471 0.0092353 3.96413e-05 0.0612529 0.000223853 0.000229655 0.0194093 0.00470938 0.0512246 0.00177429 0.012136 0.0637287 0.0862604 0.0635847 0.0275941 0.187986 0.234515 0.00578469 1.58108e-05 0.025208 0.0194252 0.00029445 0.0208969 
0.0469454 0.00348896 0.00129776 0.0119618 0.000523431 0.000317784 0.0276309 0.0253752 0.23036 1.30902e-05 3.75454e-05 0.00516592 0.0657885 0.0226727 0.0159723 0.220375 0.2461 0.0162476 6.29399e-06 0.00875318 0.0124581 0.000111803 0.0383964 
0.0828337 0.000530348 0.000943371 0.00514609 0.181623 6.8069e-05 0.000538714 0.00123985 0.00344811 1.61727e-11 0.00147155 0.0295597 0.124471 0.162477 1.71038e-08 0.0492026 0.204697 0.0120505 0.00118418 0.0271327 0.0150502 2.55462e-06 0.0963296 
0.0030397 0.000205337 0.000219356 0.00098708 7.79689e-06 1.93969e-05 0.349944 0.0534432 0.0176662 2.27599e-10 5.4632e-05 0.00158497 0.000301646 0.00176341 6.66727e-05 0.177594 0.373986 0.00304241 3.97303e-06 0.000879166 0.0030059 5.96257e-05 0.012125 
0.0251037 0.000116629 0.00904166 0.00486011 0.115217 4.16447e-05 0.00172092 0.00896381 0.0287546 1.15317e-05 0.00208351 0.00830449 0.0434334 0.152508 0.00107658 0.0646218 0.476103 0.000342189 0.0135064 0.00239554 0.0161923 0.000169061 0.0254319 
0.0457346 0.000418346 0.000110541 0.00631527 0.00220175 1.4444e-05 0.00602881 0.00746162 0.0142614 2.06746e-05 0.00954475 0.00392009 0.0261685 0.0331842 4.51839e-05 0.231002 0.432898 0.0170491 2.86548e-05 0.0260029 0.0210255 0.000140061 0.116423 
0.0602802 0.00126526 0.00151784 0.028437 3.47485e-05 2.46293e-05 0.00712855 0.00598745 0.0314534 5.18719e-08 0.00752352 0.00199596 0.13469 0.0138303 0.00114132 0.246133 0.388358 0.0157224 0.000183618 0.0190214 0.0163207 0.000258648 0.0186915 
0.0112529 0.000591658 0.00144907 0.024603 9.29584e-05 1.74139e-05 0.00570877 0.13627 0.0815061 1.21106e-06 0.00105886 0.00240148 0.00350379 0.00284554 0.000846576 0.331408 0.343301 0.005467 5.6255e-09 0.0138979 0.000724739 0.000747375 0.0323045 
0.0499282 0.0444064 0.000153072 0.0409931 0.0307229 0.000436969 0.0198036 0.0174964 0.0309409 1.75953e-11 0.0153229 0.00573467 0.00250418 0.0105644 6.33523e-05 0.197072 0.312047 0.017215 0.000190224 0.103102 0.0035065 0.00118031 0.0966163 
0.140514 0.000132552 0.00201494 0.00665803 0.00139835 5.19899e-07 0.000551485 0.00912488 0.00559684 1.28333e-08 0.000470055 0.00141326 0.0244322 0.0430376 0.000252367 0.0421125 0.634393 0.00924233 0.00575573 0.00205223 0.0529377 0.000709873 0.0171994 
3.0538e-08 3.47623e-07 4.13059e-07 0.00943774 2.36011e-07 1.87221e-08 0.00135717 2.63573e-07 0.052722 5.06915e-06 0.0102617 0.0154044 3.306e-07 0.0549689 0.0359093 0.00535292 0.723207 7.88355e-07 1.20321e-11 2.63034e-07 0.0454651 3.53275e-07 0.0459054 
0.147563 0.000338847 2.86876e-09 0.00271178 3.65309e-05 7.47094e-07 0.00088934 0.222238 0.00255361 0.000238278 5.21702e-06 0.126223 0.0164192 0.0269095 0.000422207 0.00284092 0.411914 0.00119933 0.000264014 0.00738036 0.00512489 6.13956e-07 0.0247266 
0.0353428 0.000440547 0.0265355 0.0250369 0.000212337 0.0928905 0.0298925 0.0659398 0.128253 0.0124515 0.000239594 0.0139886 0.00238729 0.0898044 0.000280285 0.0833019 0.291378 0.00583533 2.04407e-05 0.0881269 0.00234396 0.00208465 0.0032141 
0.0837097 1.54445e-06 9.14635e-07 0.000997892 3.13533e-11 1.68851e-10 4.8107e-07 2.03146e-06 0.0752681 1.67698e-10 1.19759e-07 0.0169052 1.51509e-06 0.0488049 9.04837e-11 1.12175e-07 0.681276 2.03384e-07 3.79529e-06 1.87309e-11 0.0172781 2.0792e-10 0.0757492 
0.00149791 2.05683e-05 0.000824451 0.0165711 0.00813314 2.41368e-05 0.00193782 0.026109 0.0289604 3.57687e-06 0.00308124 0.0135874 0.0121631 0.0413909 0.000796897 0.187105 0.527914 0.00264615 0.00119183 0.0711509 0.0209011 2.28948e-05 0.0339662 
0.00348686 0.000370574 0.000269772 0.0102965 0.000189151 4.59545e-05 0.011631 0.0175451 0.194355 8.2866e-07 0.0484988 0.00042656 0.0030326 0.000392386 0.00826869 0.0806532 0.588447 0.0069814 2.33517e-05 0.0111157 0.000755806 4.52797e-05 0.0131684 
0.0186428 0.000433266 0.0020352 0.0208062 0.0058913 7.96505e-07 0.00355968 0.0197814 0.059713 3.49841e-05 0.044222 0.00266038 0.0165007 0.112177 0.00184711 0.0715242 0.489108 0.00835087 0.00920137 0.0741376 0.00262663 8.09446e-05 0.0366644 
0.057897 0.000337392 3.75369e-06 0.0165214 4.65913e-05 1.90161e-05 0.00106249 0.182971 0.00391517 1.77383e-06 0.00181191 0.01591 0.0145957 0.00344203 9.00475e-05 0.269249 0.410895 0.00223534 3.1136e-05 0.00667946 0.00635605 9.78091e-05 0.00583095 
0.123329 9.34868e-05 0.000902801 0.0206487 0.00721687 3.67355e-06 0.00495362 0.0442403 0.0196117 3.58465e-09 0.00766736 0.0105957 0.0654741 0.0147861 0.000351409 0.186545 0.38099 0.00594393 0.000332218 0.00789155 0.00585493 5.42351e-05 0.0925134 
0.0132414 0.000307768 0.000478459 0.0366227 3.30194e-08 2.69407e-05 0.021605 0.00244065 0.236692 2.23731e-11 0.000131655 0.0356841 0.00309124 0.166273 0.00348935 0.0792549 0.262693 0.00133631 8.84989e-08 0.0136485 0.0146795 7.37861e-08 0.108304 
0.00639162 0.000280289 0.00946385 0.0776289 0.00453593 4.669e-05 0.027927 0.0220423 0.117094 5.07217e-06 0.0248122 0.00445044 0.078638 0.0392575 0.000284287 0.0259628 0.322051 0.0300149 0.00289772 0.0477818 0.0320276 0.101507 0.0248987 
0.0733986 0.00131175 8.10492e-06 0.00776967 2.30448e-05 0.000269222 0.00206712 0.0270504 0.00739637 4.0945e-07 0.00232051 0.0133422 0.034558 0.0221017 2.33551e-05 0.132319 0.624575 0.00377396 5.24194e-06 0.00719951 0.01346 5.25458e-05 0.0269748 
0.00852136 6.41549e-05 3.66501e-09 0.00144221 3.44808e-05 0.000104574 0.0061446 0.00584502 0.0716843 1.16586e-10 0.00215375 0.00549776 0.000377904 0.0743062 0.000138065 0.134466 0.43047 0.00250832 5.61555e-06 0.00235872 0.177245 9.5923e-08 0.0766321 
0.142538 0.000424261 6.07866e-05 0.016533 0.000229266 0.00310117 0.0475161 0.00119516 0.0555044 3.63981e-09 0.00473158 0.0235258 0.0234546 0.239077 0.00668153 0.0999808 0.300211 0.0138996 3.64234e-05 0.0191918 0.000989196 5.44138e-05 0.00106492 
0.0156048 0.000162957 0.00171151 0.00631009 0.0168294 7.25195e-05 0.028475 0.105967 0.027368 2.20736e-09 0.0203669 0.00290319 0.0992641 0.0142177 0.000250082 0.197309 0.405741 0.00120319 0.00236246 0.00284059 0.00446891 6.50661e-05 0.0465063 
0.0569898 0.000662795 0.00311507 0.0238198 0.000488555 1.59012e-05 0.017327 0.0672942 0.152072 0.000401802 0.00967197 0.00629496 0.173098 0.0198447 0.00409221 0.159286 0.183325 0.0418518 0.000274608 0.0214161 0.0256117 0.00125161 0.031795 
0.00632968 7.86704e-05 0.000871721 0.00074003 0.00281166 1.9867e-06 0.000606135 0.0120086 0.00172961 2.09551e-12 0.0113356 0.0107108 0.0125619 0.0354049 1.40055e-05 0.187371 0.704244 6.46797e-05 0.00123686 0.0015526 0.000121969 5.33491e-06 0.0101986 
5.69845e-10 3.04307e-09 4.37621e-09 3.78759e-06 1.05025e-09 5.65606e-09 1.28294e-05 9.84693e-06 0.0061557 5.61744e-09 7.86435e-10 1.12428e-05 9.74097e-10 2.93272e-06 3.03096e-09 0.147993 0.530228 6.20466e-06 5.45608e-09 7.40436e-06 9.30834e-06 6.96477e-09 0.31556 
0.0125846 1.80669e-05 0.00387385 0.00554518 1.74335e-05 1.53511e-07 0.000128174 5.50877e-05 0.0333388 1.52463e-07 3.38857e-06 0.00232036 4.67917e-06 0.168307 0.00209016 0.010007 0.549483 0.0157618 0.00884113 0.00202862 0.129881 1.8903e-07 0.05571 
0.0121019 0.000214541 0.000158717 0.0256573 4.76873e-05 0.000109158 0.00158636 0.194985 0.103586 3.31215e-09 0.00538001 0.00641174 0.0614479 0.00669074 0.000352588 0.184771 0.377436 0.000662213 2.00746e-07 0.00104979 0.00339695 1.15185e-05 0.0139424 
0.00327642 2.69017e-05 9.64718e-09 0.000124679 0.00152218 3.53111e-09 0.000471521 0.00259337 0.000384582 1.29185e-11 0.000506075 0.00138347 0.00625319 0.0484737 4.53433e-06 0.0305345 0.893942 4.93193e-06 8.0641e-05 0.000262383 0.000396732 1.6017e-11 0.0097585 
0.0177977 0.000365522 0.000570114 0.0324644 5.31997e-05 8.94955e-05 0.0037375 0.00950192 0.0710982 5.29879e-09 0.00513321 0.011998 0.0773977 0.0816137 0.00316113 0.0436734 0.428959 0.0987625 0.000100319 0.0279379 0.0234759 0.000445847 0.0616632 
0.0467267 8.99419e-05 0.00231714 0.0428156 0.088961 4.96065e-07 0.000664798 0.0103257 0.0015755 1.21315e-09 0.0303099 0.0367241 0.168161 0.0817459 0.0122448 0.115113 0.282481 0.00123677 0.0015257 0.00988037 0.028862 3.87197e-05 0.0382003 
0.143107 0.0117038 0.000976165 0.0551529 0.00549225 2.81995e-06 0.00298313 0.017789 0.00423161 1.32205e-06 0.0122466 0.00838369 0.0304459 0.042336 4.27562e-05 0.0664389 0.311289 0.00240051 0.00205367 0.0170471 0.00287514 0.000416494 0.262584 
0.0382843 0.000104584 3.14007e-05 0.00251523 0.000969561 2.59891e-05 0.00360014 0.0452071 0.0134707 2.01481e-05 0.000395396 0.00553179 0.0157416 0.0186666 0.000130658 0.135248 0.674977 0.00136845 8.01201e-06 0.00156261 0.00662103 8.39923e-05 0.0354365 
0.0570863 9.04938e-05 7.28916e-05 0.0331714 0.00206916 0.161402 0.000625535 0.103181 0.16938 1.85682e-06 0.00293023 0.00575023 0.00127994 0.0536705 1.39797e-05 0.122971 0.264654 0.00141099 0.000139556 0.00555579 0.00536622 5.27783e-05 0.00912323 
0.00677538 6.70851e-05 0.00635694 0.00837491 0.0151705 7.32333e-07 0.00397362 0.0178696 0.016794 4.15893e-10 0.00597802 0.0135509 0.0364347 0.105389 0.000813895 0.164791 0.513194 0.00139229 0.00189714 0.00638501 0.00759625 0.000902752 0.0662929 
0.0651819 1.57715e-05 7.13801e-06 0.00170772 3.12335e-05 8.82032e-06 0.00132526 0.0761935 0.00799285 1.06863e-10 0.000153528 0.21998 0.00214399 0.0680801 1.64216e-08 0.0453362 0.302539 0.000344363 3.31524e-05 0.0109882 2.72738e-07 1.6858e-05 0.19792 
0.162046 0.0001418 6.36728e-06 0.0187305 1.17974e-05 4.43455e-06 0.000995279 0.0524135 0.000897606 1.77262e-08 0.00156455 0.00611507 0.0151086 0.0160324 0.000125517 0.0378628 0.595633 0.0121081 0.00138347 0.0192151 0.0288402 0.000254617 0.0305095 
0.0292594 0.0017171 0.00337767 0.0450873 0.00414864 0.000286941 0.0119083 0.0460297 0.0961282 0.000347631 0.0804752 0.00714817 0.0170643 0.0060601 0.00711668 0.122495 0.383289 0.0270999 0.000761449 0.0283364 0.00979933 0.00100931 0.0710549 
0.00767628 0.000125165 7.93807e-05 0.00470909 7.01461e-06 5.98464e-06 0.00751234 0.00149608 0.0377847 4.58566e-07 0.000753801 0.00184908 0.00109338 0.0115731 0.000743103 0.162842 0.704597 0.0183311 6.61975e-06 0.0102025 0.00764421 0.000515301 0.0204523 
0.0479999 0.0105465 4.31169e-06 0.014702 6.98527e-06 5.06184e-06 0.0039666 0.00910852 0.00554495 1.26978e-08 0.00237678 0.00366724 0.00724656 0.00441057 0.000239485 0.23827 0.599116 0.011144 0.000909731 0.0111182 0.00641421 0.000172552 0.0230307 
0.0532776 0.00162795 0.000484985 0.00351586 0.00112033 0.000137053 0.0176656 0.0175174 0.0167536 3.7053e-11 0.00702309 0.00587661 0.0313579 0.0135405 0.000890873 0.355945 0.437963 0.00557531 0.000261758 0.00636377 0.00667175 1.76553e-05 0.0164124 
0.0455528 2.75037e-05 9.60394e-08 0.0144655 2.17519e-08 4.20967e-06 0.00316284 0.0200973 0.00589913 5.80296e-05 0.00230369 0.130616 0.0965636 0.0448873 0.00632686 0.0384545 0.40594 0.00629707 0.000216347 0.0160204 0.0403504 4.12898e-07 0.122756 
0.00756582 0.00758308 0.00034803 0.0679242 0.000120123 0.000338124 0.0080917 0.0127811 0.300642 6.76636e-06 0.0404396 0.0152802 0.0156674 0.0107053 0.00266517 0.12036 0.326477 0.00518326 2.33466e-05 0.044343 0.00867071 0.000844305 0.00393961 
0.00962804 0.000243505 0.0214101 0.141539 1.02012e-05 2.9594e-06 0.0105152 0.00417967 0.0620207 1.77361e-07 0.0196985 0.0195316 0.0070998 0.0385184 9.13776e-07 0.12922 0.451526 0.019168 2.83308e-05 0.0451478 0.00210114 0.00012774 0.0182819 
0.0162351 7.6104e-05 0.000382006 0.00385557 0.000179413 1.20037e-05 0.0079706 0.105528 0.012357 4.01398e-07 0.00848599 0.171579 0.00551915 0.0676451 5.68539e-05 0.0176357 0.55653 0.00100053 0.00482553 0.0085093 0.000298942 2.19174e-05 0.011296 
0.0157094 0.000307995 0.00149268 0.00412066 0.00449761 0.141505 0.00319287 0.0715472 0.0365853 0.000258991 0.00181487 0.00375763 0.00544506 0.0598487 0.00223883 0.196185 0.297627 0.00726891 0.000101941 0.106913 0.0298151 9.86188e-05 0.00966774 
0.00315652 6.76692e-06 1.17709e-05 0.0516374 4.06709e-05 1.21233e-05 0.00991523 0.0577059 0.224316 3.07212e-06 0.0240253 0.00342817 0.021947 0.000942738 1.29623e-06 0.0778391 0.439157 0.0680857 7.06542e-05 0.00813128 1.49075e-07 0.000716286 0.00885006 
0.00838891 5.95038e-05 0.0454773 0.00112794 0.040505 0.0525145 0.00208661 0.0797448 0.222128 0.000138962 0.00138577 0.0023705 0.0067546 0.00502867 0.000300573 0.106832 0.409016 0.000650907 3.87434e-06 0.00390793 0.00554534 3.17245e-05 0.00599948 
0.0603836 0.00438263 0.000564731 0.00123939 2.1869e-05 1.06299e-05 0.0158008 0.235842 0.054276 1.87756e-05 0.00595402 0.00853972 0.00256467 0.0102006 0.00756862 0.0390343 0.479128 0.00946136 6.42061e-06 0.00658931 0.0241681 4.70965e-05 0.0341974 
0.097511 0.000913816 0.0184674 0.00430801 0.000334948 7.65663e-05 0.00756014 0.259067 0.0436646 4.18314e-06 0.00220752 0.108322 0.0117383 0.0239776 0.00113561 0.0675381 0.332495 0.000814938 0.00396111 0.00581675 0.00064269 2.9297e-05 0.00941296 
0.0814705 3.43481e-05 3.95447e-05 4.273e-05 0.000135445 3.74727e-05 0.00184127 0.0131073 0.00143416 5.05344e-08 0.000235533 0.0392954 0.00132028 0.0602496 1.68401e-05 0.11586 0.640569 0.00171885 4.30389e-05 0.000960329 0.0090278 7.55353e-05 0.0324848 
0.1325 0.000408841 0.000168219 0.0175945 0.000122031 1.43172e-06 0.00217119 0.0824985 0.0138456 6.73143e-06 0.00162709 0.0621433 0.0509997 0.0330455 0.0125545 0.094707 0.421847 0.00280458 0.00171542 0.016894 0.00440757 0.000335103 0.0476022 
0.188038 5.29095e-05 2.05356e-05 0.0295469 1.23781e-05 4.74256e-10 0.0102404 0.011501 0.00972864 6.68306e-12 0.0279275 0.116617 0.00193805 0.0153028 3.45626e-05 0.240523 0.298574 0.00140473 1.5623e-07 0.00212153 0.00163819 5.63818e-06 0.0447713 
0.00796576 0.0122385 0.000123923 0.00520106 0.0259415 0.108332 0.00237941 0.00200188 0.167557 5.85248e-09 0.0478867 0.0144536 0.00202359 0.0358039 0.00214876 0.16775 0.282433 0.00608533 4.9283e-05 0.0671824 0.0379024 2.20044e-05 0.00451823 
0.0440459 0.000245432 0.00430353 0.00771549 5.08069e-05 2.91487e-06 0.0120509 0.0500098 0.0269568 2.13182e-10 0.000390841 0.00415341 0.202705 0.00510642 0.00304142 0.243539 0.342217 0.00144593 0.000118681 0.00779306 0.0191986 0.000224968 0.0246845 
0.0205805 0.00166791 0.000184474 0.00934055 8.862e-06 7.15029e-06 0.00121247 0.267611 0.00559693 2.37007e-06 0.00212884 0.0170415 0.0029142 0.00216192 0.000175802 0.298675 0.335245 0.00546307 9.78644e-05 0.0141668 0.000310453 0.000206359 0.0152015 
0.00315565 0.00296603 0.00590413 0.0255465 0.00225246 2.86272e-05 0.0236496 0.254838 0.0801203 3.31781e-07 0.00839095 0.00680119 0.00991448 0.0632698 0.000960408 0.0432492 0.425628 0.00935186 0.000769933 0.0133763 0.0122951 0.00016886 0.00736234 
0.0511926 0.00106421 7.06333e-05 0.00354617 0.000149236 1.15637e-05 0.0154018 0.020096 0.00799416 8.73231e-05 0.0301761 0.00966872 0.0337107 0.00683465 0.000383131 0.0424176 0.715034 0.00561511 1.24887e-05 0.00319494 0.0114181 9.57503e-05 0.0418246 
0.00452908 2.03486e-05 0.232928 0.0030201 0.0396071 3.43077e-05 0.00939988 0.00913093 0.0571591 2.78053e-08 0.011412 0.0701138 0.0458451 0.0308419 0.000101639 0.122896 0.326512 0.0009574 0.000290717 0.0058991 0.0033719 5.19744e-06 0.0259241 
0.0323805 0.00015858 0.00358598 0.0227312 0.00560113 8.39587e-07 0.00258676 0.0763744 0.101434 3.65941e-05 0.0324208 0.00456307 0.012881 0.094817 0.00463139 0.0484014 0.431847 0.000798151 0.0405169 0.0432936 0.0108832 0.000437823 0.0296189 
0.1415 4.67209e-05 0.000194197 0.001813 0.0178743 0.000169937 0.00620835 0.0283724 0.0339279 5.88169e-05 0.00288886 0.00182043 0.00207156 0.0461304 5.67996e-05 0.0982372 0.586133 0.00411883 0.000147722 0.00460301 0.00766967 2.34554e-05 0.0159336 
0.0220392 5.83886e-05 0.000158695 0.00438454 0.000250423 3.7061e-08 0.00152564 0.00315013 8.71201e-05 4.37402e-05 0.000596655 0.0429724 0.132599 0.0313329 0.0805452 0.211675 0.345764 0.00120706 7.72557e-05 0.00784559 0.00113353 0.000541376 0.112012 
0.00577992 0.000520094 0.00319307 0.0167965 0.000360053 7.60956e-05 0.0281099 0.0130948 0.165776 4.69617e-06 0.00831792 0.0163892 0.0281517 0.120168 0.00139857 0.0581535 0.479616 0.00773262 7.77868e-05 0.0127367 0.00140009 0.00530873 0.0268391 
0.0234675 0.00125479 0.000700599 0.0165919 0.00445289 4.75108e-05 0.0145344 0.0407776 0.0340875 2.61927e-05 0.00951962 0.00444511 0.0476315 0.0172947 0.00146778 0.186547 0.515198 0.018123 0.00238363 0.0177112 0.0142661 0.0007114 0.0287606 
0.0418551 0.00147492 0.00198277 0.0497298 0.00132542 0.000364544 0.0121204 0.0217696 0.12022 0.000522877 0.01881 0.00285048 0.0711924 0.0383368 0.00270686 0.181093 0.326794 0.0227855 0.00761406 0.0313556 0.0280689 0.000451143 0.0165762 
0.0301549 0.00484271 0.00195865 0.0262599 0.00645043 6.48114e-05 0.0178164 0.00563986 0.0499723 0.00115812 0.0117612 0.0942766 0.0443367 0.193821 0.00322551 0.0646607 0.229106 0.0228264 0.00278824 0.0157015 0.119817 0.000127947 0.0532341 
0.0465429 0.000154973 0.000243905 0.00888582 2.97457e-05 5.4874e-05 0.000530407 0.00645016 0.0115505 1.29337e-06 0.00951373 0.00532207 0.0306613 0.0100228 0.0110288 0.0656246 0.531536 0.0159179 0.0107866 0.0110536 0.122066 0.000172576 0.101849 
0.0125914 0.000179696 0.00408821 0.0280439 0.0720348 2.76445e-08 0.0034885 0.00375285 0.048173 3.20646e-07 0.0143541 0.0134518 0.0337833 0.171834 0.00021481 0.0233521 0.418794 0.00290264 0.00130333 0.00272905 0.0571609 3.09057e-05 0.0877362 
0.00164211 0.00204445 0.0103864 0.0100133 0.0362731 0.00469507 0.0617341 0.000624372 0.209445 9.48466e-08 3.99215e-05 0.00240914 0.0548014 0.168529 0.0735681 0.0498555 0.247555 0.0388004 4.56843e-05 0.0211348 0.00555709 6.8101e-05 0.000777946 
0.000393475 0.00209157 3.12125e-10 0.00344755 2.57245e-05 1.04662e-07 0.0150157 0.0807074 0.0331383 2.51737e-07 0.00460648 0.000180116 0.0118105 2.40655e-05 5.77921e-08 0.226593 0.569463 0.00789172 2.60703e-06 0.0375403 0.00182702 3.30432e-05 0.0052084 
0.142538 0.000424261 6.07866e-05 0.016533 0.000229266 0.00310117 0.0475161 0.00119516 0.0555044 3.63981e-09 0.00473158 0.0235258 0.0234546 0.239077 0.00668153 0.0999808 0.300211 0.0138996 3.64234e-05 0.0191918 0.000989196 5.44138e-05 0.00106492 
0.047118 0.000170887 0.00174339 0.0152439 0.00591156 7.90838e-06 0.012989 0.116749 0.0752678 2.64576e-06 0.00395683 0.0060513 0.0993445 0.0129318 0.000793495 0.270218 0.303328 0.00347066 0.000347787 0.00391068 0.00169188 6.27909e-05 0.0186879 
0.077473 0.000487417 9.7295e-05 0.000890328 0.0085026 7.7842e-06 0.00838822 0.01056 0.02557 4.41863e-07 0.000281972 0.00782892 0.00956452 0.0628652 0.00060489 0.215545 0.469011 0.00800131 0.000757338 0.00494569 0.0173612 0.000394219 0.0708611 
0.063003 6.3159e-05 0.000114846 0.00178175 0.00200177 4.04025e-06 0.000210379 0.00428344 0.000801515 4.73565e-10 0.00482488 0.0188715 0.0105177 0.0592365 5.03323e-05 0.00755045 0.787209 0.00170453 0.000480163 0.00225967 0.0102833 1.77235e-05 0.0247308 
0.00526536 0.000213127 1.05114e-05 0.01378 0.0422998 7.2662e-06 0.0215526 0.0055883 0.0138738 5.63355e-08 0.051722 0.00595638 0.0119107 0.000394136 0.000143174 0.228695 0.528478 0.00828077 7.5654e-05 0.00910751 0.00920393 1.36385e-05 0.0434285 
0.0131396 0.00669264 0.0162245 0.0287529 0.000605948 0.000143864 0.00482293 0.0285514 0.0655356 0.0257634 0.0396417 0.0018473 0.128597 0.1042 0.00481692 0.136691 0.306098 0.00945887 0.000874395 0.0160392 0.0526885 0.000188749 0.00862527 
0.00368687 0.00049893 0.00181361 0.0120632 0.0018442 4.27257e-06 0.00876951 0.0090147 0.0228591 4.43906e-10 0.00746755 0.00161649 0.0276699 0.0339904 0.000254098 0.292062 0.550618 0.00203491 0.00611902 0.00252951 0.0112366 2.56384e-05 0.00382091 
0.0860383 0.000383345 0.00036021 0.0192415 0.00152097 3.30077e-06 0.00400373 0.0259253 0.0230362 1.11253e-06 0.0507482 0.0821726 0.0109973 0.0423139 0.000231909 0.070987 0.533281 0.0098977 0.00170093 0.00730207 0.0117656 0.000256873 0.0178313 
0.000551191 1.74442e-05 0.00257264 0.102893 0.0741645 2.80284e-06 0.00032804 0.0104382 0.00646601 9.33812e-12 0.0241409 0.00302077 0.0417115 0.107361 0.00984356 0.200759 0.395567 0.00283698 0.00302035 0.00544062 0.00624686 1.56698e-05 0.00260269 
0.000114492 3.59049e-05 0.000101607 0.000192209 2.99232e-05 1.11601e-05 0.000127956 0.000393993 0.0004658 1.34281e-05 0.000434612 5.25593e-05 0.000114154 4.0671e-05 0.000148219 0.000237604 0.996571 0.000226391 2.85667e-05 0.000122088 8.13484e-05 4.8356e-05 0.000407891 
0.0119916 0.000552199 1.56878e-05 0.0151344 0.000830085 0.000967547 0.00757146 0.0136848 0.0441042 3.61737e-05 0.0106025 0.010601 0.0231091 0.0746799 0.00770852 0.0460809 0.698931 0.00208946 4.77037e-05 0.016051 0.00103372 5.90269e-05 0.0141184 
0.0288712 0.00758924 0.000135581 0.0156507 4.83329e-06 2.26459e-06 0.00635168 0.00334676 0.0208969 2.49176e-06 0.00154265 0.00696061 0.00580367 0.0171987 0.000315701 0.142496 0.464133 0.0202634 2.8577e-07 0.0359395 0.160071 7.16186e-05 0.0623524 
0.0477974 0.00272991 0.000904905 0.0213072 0.000144582 0.0114103 0.00564112 0.054415 0.0394363 7.15681e-05 0.0137962 0.132898 0.0115923 0.0206445 0.0017707 0.190381 0.228072 0.00914985 0.000764627 0.0188204 0.010091 0.00030372 0.177858 
0.0151338 0.00856555 0.00190146 0.053418 0.0230518 1.41801e-06 0.00392744 0.00817637 0.0109371 0.00636843 0.0420287 0.00101423 0.0204657 0.0519158 0.0115827 0.105402 0.572246 0.00493822 0.00276728 0.00918153 0.0303567 2.10506e-05 0.0165991 
0.0230239 6.80484e-05 0.000297668 0.0240462 0.00379217 3.80368e-06 0.00573541 0.0232335 0.00448229 0.00846645 0.00043715 0.0892779 0.0262997 0.117315 0.00422509 0.101734 0.437177 0.00637386 0.000115376 0.0158572 0.0104521 0.000466467 0.0971196 
0.0100705 2.34084e-05 0.000224065 0.0439335 0.0780275 1.30566e-11 1.79483e-05 0.00951288 0.000205157 1.29675e-11 0.0212964 0.0127824 0.0583565 0.0837628 0.00034307 0.118669 0.462057 0.000943509 0.00380527 0.016949 0.0731693 4.23584e-08 0.00584991 
0.0154157 6.64405e-05 3.78973e-09 0.0022828 1.85848e-05 1.82463e-05 0.00338635 0.00946333 0.0154079 3.61934e-12 0.00484903 0.00400072 0.00166992 0.00921008 0.000764983 0.0182921 0.829374 0.00351665 4.39737e-06 0.00278164 0.0672757 2.93894e-05 0.0121727 
0.0147883 0.000939032 0.000132981 0.0148746 7.71952e-05 0.000134355 0.00120755 0.057826 0.0859546 1.34239e-11 0.00142356 0.00268286 0.0110654 0.00620135 0.00044536 0.101378 0.625672 0.0174556 1.30383e-11 0.0415324 0.0072731 6.89662e-05 0.00886656 
0.109534 0.000986268 0.000191576 0.0219994 0.00104919 5.65952e-05 0.00861522 0.0857539 0.025899 0.000276626 0.010079 0.0314658 0.019646 0.0210185 0.00123541 0.19402 0.37068 0.00895637 1.80554e-05 0.018861 0.00755077 0.000938535 0.0611686 
0.00690627 0.00388434 6.30745e-06 0.0162066 6.64788e-05 0.000362739 0.0015105 0.0269768 0.146564 2.81521e-08 0.00578964 0.00307318 0.00052997 0.0200573 0.00137615 0.032237 0.615537 0.00137133 1.16578e-07 0.00740759 0.00600239 1.05469e-05 0.104123 
0.0747801 7.45683e-05 0.00975503 0.00196291 0.0112903 1.8052e-05 0.00158547 0.0906695 0.00679507 1.22467e-06 0.00418086 0.0285981 0.0204517 0.0435606 0.000313046 0.111587 0.560534 0.00273345 4.08358e-05 0.00283199 0.00343378 4.57246e-05 0.0247563 
0.183637 0.00053822 0.000295987 0.024995 8.31904e-05 5.39854e-06 0.000488473 0.0038912 0.000454184 5.82231e-05 0.00314541 0.00137712 0.0183612 0.0484 0.000103409 0.0418539 0.411973 0.0573526 0.00744363 0.00978052 0.113422 0.000174318 0.0721664 
0.0229626 0.00453348 0.00148954 0.102429 0.00354196 6.50058e-05 0.0134168 0.0918582 0.161641 0.000475699 0.00816388 0.101572 0.0289187 0.0364088 0.0136104 0.0267504 0.302862 0.00686889 0.00163349 0.0287682 0.0275277 6.89119e-05 0.0144327 
0.00857821 0.00045647 0.000124391 0.0194134 0.000131907 5.22813e-06 0.00167832 0.00554016 0.0194784 2.71059e-06 0.00867769 0.000269425 0.000871059 0.0116962 0.00122363 0.0497371 0.826433 0.00118117 0.000171802 0.00206998 0.0341075 1.36818e-06 0.00815061 
0.176165 2.47526e-05 6.18346e-05 0.00418361 0.000210799 9.33838e-06 0.000127988 0.265082 0.00752472 0.000527886 0.000737726 0.0190633 0.0296793 0.0303389 3.11539e-05 0.0437521 0.370578 0.00926554 7.79109e-08 0.00619343 0.0105174 0.0014538 0.0244718 
0.00477426 5.90344e-05 1.25114e-09 0.000288518 5.51189e-10 3.13949e-10 1.15733e-08 0.00332207 0.000194238 2.39665e-13 0.000600229 0.000393354 0.000806731 0.00409025 1.30634e-05 0.174733 0.75681 0.000374346 1.49003e-09 0.000279034 0.0036942 3.48075e-05 0.0495335 
0.0927124 0.000842045 0.000304447 0.0229803 0.000611813 2.06828e-05 0.00278431 0.116728 0.0157002 6.40505e-05 0.00558223 0.0132236 0.0132151 0.0194167 0.000170884 0.250113 0.418077 0.00345398 0.000140762 0.0116063 0.00133444 6.30782e-05 0.0108546 
0.0165471 0.000506788 0.00610086 0.000102058 2.07544e-05 5.19997e-05 0.00176164 0.0157528 0.00249255 1.73774e-11 4.8117e-05 0.00617522 0.00355042 0.0781095 8.50184e-05 0.0132434 0.761537 0.00278598 2.2624e-06 0.00218176 0.0445267 8.80824e-06 0.0444089 
0.0128713 6.62471e-05 0.000896801 0.0109304 0.000234444 6.84102e-05 0.00167532 0.0101008 0.254018 1.00487e-06 0.0225518 0.00349474 0.0636567 0.0179565 0.0411562 0.131907 0.270858 0.00477428 8.26298e-07 0.00701404 0.121865 0.000175688 0.0237274 
0.00855521 0.000295361 0.00260793 0.071608 0.000107139 7.375e-07 0.0179255 0.00301271 0.0112119 0.00106821 0.0179735 0.00181308 0.0531671 0.11679 0.0020715 0.233815 0.409224 0.00364431 2.62286e-05 0.0075258 0.00258149 0.0021261 0.0328484 
0.0140848 0.000320471 0.000131815 0.020561 2.79911e-05 0.000138622 0.0139075 0.00932529 0.0774437 1.67378e-07 0.00115836 0.00532771 0.0142225 0.00586777 0.0011983 0.131879 0.564535 0.0164544 4.28582e-06 0.0168927 0.00483363 0.00293737 0.0987472 
0.0780004 0.0012764 0.00071822 0.0218591 2.76511e-05 1.07309e-05 0.0278966 0.0297197 0.0199841 1.65247e-06 0.0038524 0.00791167 0.0441353 0.0088678 0.00145087 0.262487 0.295342 0.0474607 0.00398268 0.0697356 0.00647629 0.000643049 0.0681606 
0.0417647 7.12075e-05 0.00197499 0.0380505 0.00909005 3.44236e-08 0.00463658 0.0287068 0.000964636 3.41886e-08 0.000310792 0.00518516 0.111574 0.0607032 0.00395402 0.103536 0.495398 0.0461856 0.0212479 0.00345046 0.0201868 0.000112282 0.00289628 
0.013868 0.000137452 5.68829e-10 0.145297 9.0514e-07 1.45023e-07 5.54482e-07 3.61506e-06 4.25826e-05 7.30165e-10 8.63789e-08 0.00188158 0.00250001 0.0213254 0.000168841 0.00242212 0.486966 0.0375132 8.49194e-08 0.0276918 0.0994111 2.96255e-07 0.160769 
0.0131811 0.000329898 0.000150082 0.000297907 0.000290888 0.000622739 0.0012376 0.0451844 0.044212 1.31046e-08 0.000506884 0.000516398 0.0223307 0.00152253 0.00154663 0.112826 0.751043 0.000872338 1.27282e-08 0.000319394 0.000519298 8.11851e-05 0.00240929 
0.0126905 2.52453e-05 2.09392e-06 0.00084974 1.74859e-07 3.83768e-07 0.000115627 0.00530521 0.0013343 1.48335e-08 0.000514356 0.000784017 0.00203269 0.00907719 5.42358e-05 0.161377 0.739749 0.00117759 7.54628e-06 0.000405789 0.00629295 2.50159e-05 0.0581785 
0.038022 0.000369402 6.34551e-08 0.0968817 7.7577e-05 3.61794e-06 0.00244118 0.0520529 0.000671442 1.9506e-06 0.151534 0.0135977 0.0805865 0.00744647 0.000847674 0.221132 0.286138 0.00556848 0.000188561 0.0219507 0.00464041 0.000504847 0.0153431 
0.0184491 0.000203694 0.00123176 0.00391223 0.0205277 7.76269e-05 0.0315731 0.107982 0.0265716 2.57318e-09 0.00829814 0.00266611 0.0667267 0.0117759 0.000181008 0.186646 0.46725 0.000918921 0.00294476 0.00194115 0.00141095 2.00255e-05 0.0386918 
0.027726 0.000188711 0.000846385 0.0136171 4.03568e-05 8.34416e-06 0.00261091 0.0511559 0.00622844 5.23878e-06 0.0305057 0.00191748 0.00487681 0.0165907 0.000990822 0.076496 0.712257 0.0086793 0.000774188 0.00925151 0.010205 8.48848e-05 0.0249434 
0.0506214 0.000852233 3.17737e-06 0.00899092 2.8096e-05 0.000126576 0.0705558 0.0078283 0.0231417 3.895e-08 0.00628181 0.00311266 0.0130537 0.0487807 0.000683094 0.278385 0.406247 0.011433 0.000556984 0.00436963 0.00285034 3.09743e-05 0.0620668 
0.0858583 0.00193346 1.44116e-06 0.00565757 2.62586e-06 7.49796e-07 0.00199884 0.0359399 0.000360366 2.13182e-07 0.0064715 0.00132146 0.00124699 0.0484981 0.000379801 0.0144022 0.71057 0.0243349 5.82528e-05 0.0183612 0.0351731 0.000364492 0.00706437 
0.0327321 0.0160494 0.00297431 0.0292384 8.54416e-05 4.16144e-05 0.00619136 0.00865817 0.0554927 1.38958e-05 0.0307413 0.00509061 0.00652625 0.0346645 0.00427211 0.205809 0.239116 0.0401011 0.000534197 0.0287015 0.183211 0.000260324 0.0694958 
0.0020277 0.000165956 1.77675e-08 0.029506 0.000163391 0.00250373 0.00154905 0.0246739 0.43214 1.20665e-12 0.00420755 0.000342823 0.00559693 0.000174467 2.02415e-07 0.0366237 0.452904 0.0031609 1.17199e-12 0.00334549 0.000846786 6.73877e-05 7.18777e-08 
0.0402898 0.000623575 0.00732954 0.0828705 6.87813e-05 2.72795e-06 0.0207336 0.0314057 0.0489095 1.21311e-07 0.00117077 0.00104313 0.00955969 0.00800082 0.00262215 0.242203 0.247047 0.0860163 2.34402e-08 0.129677 0.0363966 8.38515e-05 0.00394549 
0.00152407 0.000477928 5.59561e-09 0.00656694 0.0143302 0.000225721 0.00123586 0.00147007 0.0199392 1.59093e-09 0.00112026 0.00163242 0.000906778 0.00170151 8.21349e-05 0.16136 0.563055 0.0106725 3.26074e-06 0.00472696 0.00350872 3.71369e-05 0.205423 
0.0226856 2.61772e-05 0.0127047 0.00702423 5.54598e-05 3.39592e-06 0.00231334 0.170404 0.00566786 6.65361e-09 0.000939813 0.028322 0.0162034 0.00120121 0.000135411 0.282556 0.415237 0.000159745 1.52113e-07 0.000640625 0.000193462 6.95341e-06 0.0335194 
0.0837802 0.00035513 4.552e-05 0.00625811 7.0477e-05 0.002959 0.00431021 0.0432111 0.046511 0.00941792 0.00018315 0.088792 0.00840457 0.0582977 0.000313667 0.0339921 0.449561 0.0234247 8.83293e-05 0.0394699 0.073096 0.000436401 0.0270216 
0.0184491 0.000203694 0.00123176 0.00391223 0.0205277 7.76269e-05 0.0315731 0.107982 0.0265716 2.57318e-09 0.00829814 0.00266611 0.0667267 0.0117759 0.000181008 0.186646 0.46725 0.000918921 0.00294476 0.00194115 0.00141095 2.00255e-05 0.0386918 
0.0228112 0.000889331 0.000567262 0.0138647 0.00317462 2.25125e-05 0.00956176 0.0130021 0.0399028 4.57828e-05 0.0105755 0.0123252 0.0102654 0.043567 0.00149866 0.20644 0.520893 0.0191962 0.000252549 0.015079 0.0196803 0.000229268 0.0361561 
0.00761182 0.000609517 0.0105901 0.0164818 0.118838 5.55423e-05 0.0135117 0.00485374 0.273768 0.00413194 0.0152227 0.0129384 0.0796545 0.044253 0.00121782 0.0618411 0.302767 0.00417496 3.46603e-05 0.0123911 0.00681691 5.75407e-05 0.0081782 
0.0836147 0.0355085 0.00971366 0.0484595 5.75011e-05 0.000137 0.0512684 0.123171 0.0575269 3.62276e-07 0.0103377 0.0254761 0.0194888 0.0593411 0.000615342 0.064541 0.252285 0.0106904 3.92216e-06 0.0250455 0.0826378 0.000304593 0.0397753 
0.0292594 0.0017171 0.00337767 0.0450873 0.00414864 0.000286941 0.0119083 0.0460297 0.0961282 0.000347631 0.0804752 0.00714817 0.0170643 0.0060601 0.00711668 0.122495 0.383289 0.0270999 0.000761449 0.0283364 0.00979933 0.00100931 0.0710549 
0.0278421 0.000309037 0.00103709 0.0219191 9.67077e-05 6.20459e-07 0.00274302 0.110155 0.00584678 4.30514e-07 0.0378479 0.00443708 0.00942044 0.0337593 0.00187012 0.109995 0.527334 0.00211617 0.000405965 0.00984063 0.000262907 0.000106569 0.0926545 
0.149678 0.00024345 0.000128328 0.00580869 6.63823e-05 3.65231e-05 0.00389887 0.00778646 0.0393187 1.24746e-05 0.00828547 0.00810433 0.0216798 0.0283799 0.000192656 0.223449 0.435828 0.00318166 3.95311e-06 0.0134979 0.0174132 3.52089e-05 0.0329712 
0.00399965 0.000403886 0.0298633 0.0416808 0.00135773 0.00113293 0.00214356 0.00218045 0.13221 1.06151e-05 0.0056664 0.0290819 0.0127137 0.170278 0.000972942 0.0370922 0.418896 0.000171132 0.00983605 0.06579 0.0251697 0.000212593 0.00913748 
0.00245623 1.06674e-06 0.00320008 1.06744e-06 1.06732e-06 1.06596e-06 0.0372453 0.047174 0.189148 1.06597e-06 0.0131301 0.0304194 1.06734e-06 0.0161179 0.00256123 0.204222 0.285136 0.0478148 1.06602e-06 0.0840089 0.030952 1.06557e-06 0.00640536 
0.00934411 4.53972e-05 4.90071e-06 0.00719197 2.25777e-05 1.97827e-06 0.00541568 0.00693616 0.0400149 0.000239294 0.0222583 0.00334522 0.0062308 0.00831079 0.00205941 0.368132 0.471678 0.00779202 5.78656e-06 0.0078065 0.000325976 4.6666e-05 0.0327918 
0.0265303 0.00112217 0.00157728 0.0225156 0.000189824 3.66185e-05 0.00978161 0.00717969 0.158969 1.04753e-06 0.00162297 0.01778 0.0299366 0.0556715 0.00742509 0.118486 0.416009 0.0200268 0.000414049 0.0383629 0.0314738 4.71319e-05 0.034841 
0.0713781 0.000249552 0.000810056 0.00420178 0.00386688 3.0262e-05 0.00839209 0.0164271 0.228361 0.0118715 0.00196319 0.00972759 0.0267502 0.0854334 0.000857029 0.146496 0.273637 0.00298392 0.000681454 0.0750126 0.0035475 0.000284544 0.0270372 
0.0690412 0.00379028 0.000806339 0.0398208 4.0368e-05 1.88841e-05 0.00334926 0.0454186 0.0239761 2.19265e-05 0.00900015 0.00331299 0.00708349 0.00731012 0.000815155 0.182625 0.565079 0.00777709 0.000205393 0.0114519 0.00391982 8.92939e-05 0.0150462 
0.0159031 9.26151e-05 0.000705162 0.00879889 0.0156904 9.16614e-06 0.00386009 0.00323493 0.00638951 6.19825e-05 0.00237481 0.01081 0.0246205 0.0384698 0.00272716 0.0901592 0.748338 0.000766149 0.000829512 0.00266093 0.0110087 1.01394e-05 0.0124789 
0.0276269 8.45381e-05 0.00216328 0.0468826 0.0778428 2.07638e-06 0.00284247 0.0497138 0.0349863 2.54752e-06 0.00410203 0.00592172 0.0738422 0.0235119 0.0342997 0.230795 0.34387 0.00146538 8.56257e-08 0.00885013 0.0147274 0.000216785 0.0162511 
0.0574675 0.000252093 0.00101405 0.0153039 0.00262146 0.00239209 0.00161852 0.0652086 0.0243266 0.00127986 0.00833373 0.0525181 0.0294145 0.106568 0.000197803 0.122271 0.371779 0.00627694 0.00052668 0.0108797 0.00145568 0.000492305 0.117801 
0.00368687 0.00049893 0.00181361 0.0120632 0.0018442 4.27257e-06 0.00876951 0.0090147 0.0228591 4.43906e-10 0.00746755 0.00161649 0.0276699 0.0339904 0.000254098 0.292062 0.550618 0.00203491 0.00611902 0.00252951 0.0112366 2.56384e-05 0.00382091 
0.0061418 0.000227979 8.57943e-06 0.00263101 8.36983e-05 3.03069e-05 0.00128768 0.00436848 0.0393152 4.77934e-05 0.00873694 0.00108612 0.00245524 0.00600513 0.0018765 0.112061 0.760799 0.00521707 2.91334e-06 0.00260023 0.0318466 6.89827e-05 0.0131016 
0.167289 0.00170803 0.00231841 0.161418 0.0143017 0.000109185 0.170802 0.0267399 0.0136111 1.15462e-06 0.00551331 0.00961641 0.00501449 0.0955323 0.00756847 0.0487704 0.190733 0.00446101 0.00185241 0.0578275 0.00691385 0.000158654 0.00773938 
0.0378799 8.2661e-05 0.000343244 0.00599299 0.000124072 0.000795588 0.0213441 0.0517554 0.0479633 5.96128e-05 0.00695386 0.00353523 0.00648754 0.0217168 0.000933444 0.0692808 0.658278 0.00432552 0.000730056 0.00386856 0.0453533 3.18784e-05 0.0121645 
0.00331397 3.09154e-05 8.29549e-07 0.000138719 0.0131542 6.02511e-08 0.000641106 0.00262506 0.000441543 1.39428e-11 0.00508381 0.00142161 0.00633432 0.0478002 5.78949e-06 0.0327628 0.875555 1.25068e-05 8.5168e-05 0.000313848 0.000424504 1.72869e-11 0.00985389 
0.00887581 0.00108845 0.000273835 0.140862 0.000115608 0.000112577 0.00421514 0.00998159 0.0679651 0.000394172 0.0225906 0.0285291 0.0128594 0.0284622 0.00117604 0.253775 0.342714 0.0278051 0.000413764 0.0116098 0.020751 5.04523e-05 0.0153794 
0.00573394 0.000144298 0.00325488 0.0547962 0.000387306 1.44265e-06 0.000228871 0.185823 0.0186252 0.000292657 0.00698127 0.0354576 0.0247654 0.170213 0.0131954 0.136185 0.191387 0.00234185 0.000447918 0.00711164 0.109773 0.000103758 0.0327497 
0.0161243 0.000487319 0.000338269 0.0458801 0.00329104 1.62774e-05 0.0734705 0.0723003 0.0957169 4.51669e-06 0.00051543 0.0342255 0.0394873 0.111455 0.000449939 0.161488 0.233146 0.00880663 0.00772457 0.0475082 0.00510316 0.000902309 0.0415585 
0.0834161 2.23864e-08 5.01818e-09 0.000831591 6.02948e-06 2.12909e-07 0.00173207 0.00295401 0.000900052 5.57098e-11 0.000276691 0.000919175 0.00120053 0.015252 5.48704e-06 0.197573 0.498657 0.00453938 1.13025e-05 0.00962276 0.0384721 3.92925e-05 0.143591 
0.00809079 0.00122188 0.00143027 0.00771918 0.0109451 4.96567e-05 0.000159806 0.00356584 0.17273 7.99305e-05 0.00133897 0.000210682 0.186406 0.0601302 0.00046594 0.0136909 0.520702 0.00261809 0.000789294 0.00261357 0.00328026 3.12619e-05 0.00172972 
0.00322968 0.00616614 0.000253564 0.0205899 0.0161743 2.60691e-05 0.0058663 0.00194135 0.0667391 8.27023e-08 0.00459027 9.04249e-05 0.00106438 0.00225464 7.30798e-05 0.305222 0.475915 0.0170004 1.52789e-05 0.0274663 0.00589685 7.94242e-05 0.0393458 
0.0020277 0.000165956 1.77675e-08 0.029506 0.000163391 0.00250373 0.00154905 0.0246739 0.43214 1.20665e-12 0.00420755 0.000342823 0.00559693 0.000174467 2.02415e-07 0.0366237 0.452904 0.0031609 1.17199e-12 0.00334549 0.000846786 6.73877e-05 7.18777e-08 
0.000897932 2.82661e-06 9.92584e-06 0.0662637 2.76236e-07 6.20009e-09 0.000709875 8.11627e-05 0.0738191 6.15776e-09 8.62079e-10 0.00219036 0.338988 0.00374538 1.04098e-05 0.0544736 0.410463 0.00485347 2.98191e-07 0.002912 0.00639186 5.2602e-05 0.0341341 
0.0184491 0.000203694 0.00123176 0.00391223 0.0205277 7.76269e-05 0.0315731 0.107982 0.0265716 2.57318e-09 0.00829814 0.00266611 0.0667267 0.0117759 0.000181008 0.186646 0.46725 0.000918921 0.00294476 0.00194115 0.00141095 2.00255e-05 0.0386918 
0.0948002 0.0051637 0.00149655 0.0106306 1.22139e-05 3.46238e-08 0.0153014 0.000477404 0.0280517 5.70131e-05 0.000310732 0.051403 0.0269594 0.180617 0.000784081 0.140728 0.305956 0.0146779 0.000448685 0.00481956 0.0254491 3.14974e-05 0.0918248 
0.0211121 6.97433e-05 0.000360532 0.000550939 0.0103953 1.11383e-05 0.00471876 0.0350159 0.0218471 1.55457e-09 0.00790191 0.0112745 0.0605084 0.0349563 6.80381e-05 0.153532 0.411161 0.000984351 0.000239341 0.00385731 0.0106949 7.85897e-06 0.210732 
0.153652 0.00172208 0.00106085 0.01543 4.79821e-05 0.000439766 0.00569331 0.08597 0.0641242 5.96863e-08 0.0112919 0.0166839 0.0213192 0.00546862 0.000330756 0.269015 0.290469 0.00451956 6.11486e-06 0.0223446 0.00257719 0.00023852 0.027595 
0.0263006 0.00231801 0.000174352 0.0353255 0.000160323 3.53437e-05 0.00677378 0.00558208 0.030764 1.00113e-08 0.0453418 0.0053673 0.108448 0.00709337 0.00196171 0.0877428 0.572282 0.0120439 0.000329981 0.0362819 0.00913073 0.000415669 0.00612768 
0.0188893 0.0111027 0.0103124 0.0592268 0.0578817 7.40645e-06 0.0139662 0.0516183 0.0208134 0.00357506 0.0131454 0.0173385 0.0416576 0.0754927 0.000636923 0.177718 0.340091 0.00444089 0.0104688 0.0308604 0.0113575 0.000167058 0.0292326 
