0.012115 4.57129e-05 1.75759e-05 0.0274269 1.32721e-08 7.51735e-09 0.00331195 5.3829e-05 0.00853854 4.71445e-11 1.31656e-05 0.0011965 0.000605625 0.00298008 9.83657e-05 0.00899301 0.000256158 0.922065 2.6044e-09 0.00661789 0.00415201 0.000972183 0.000540606 
0.00763475 0.000674188 0.000312413 0.0110502 4.31874e-05 9.98787e-05 0.00200612 0.00425179 0.138806 5.60987e-07 0.00180628 0.00526222 0.00238322 0.0165229 0.000248068 0.0951186 0.0307505 0.652964 2.14362e-08 0.0184294 0.00854877 0.000407353 0.00267966 
0.0393312 0.00022296 8.208e-06 0.0654173 0.000129951 0.000288593 0.00862352 0.00105759 0.0782343 4.58424e-07 0.00144442 0.00129857 0.000510368 0.0243819 3.82316e-05 0.0567173 0.0470605 0.332694 5.16757e-05 0.0983126 0.118805 0.0271979 0.0981736 
0.0412897 8.82473e-07 7.68834e-10 0.23676 2.04706e-07 9.93683e-10 0.00102654 0.000683516 0.00821192 9.86898e-10 2.20204e-05 0.0105156 4.817e-07 0.0202544 0.000959732 0.00424643 0.00190819 0.568936 9.5855e-10 0.0875014 0.0127938 1.2236e-09 0.00488863 
0.059951 0.000373067 0.0516355 0.0354847 0.0164053 7.91417e-06 0.0148216 0.0194951 0.0489947 1.24746e-06 4.00749e-05 0.00359108 0.0103123 0.0219508 0.0161022 0.0193939 0.0119891 0.559517 0.00150199 0.00692876 0.0923719 5.39563e-06 0.00912535 
0.0219312 0.0186208 6.88866e-06 0.337811 4.46169e-06 2.41774e-07 0.00243151 0.000201593 0.00427644 4.05831e-11 0.00369529 0.00103139 0.000850796 0.0005748 3.35767e-05 0.0804475 0.00742011 0.504492 1.79666e-09 0.0115969 0.000714463 0.000466927 0.00339158 
0.00583445 0.000352281 0.000344843 0.0184231 2.11452e-05 6.16745e-10 0.0170358 0.00347325 0.225466 1.47237e-07 0.00076319 0.00124425 0.00227793 0.00328724 0.00107126 0.0218937 0.0122119 0.650712 3.37988e-06 0.0260697 0.00495667 0.00220719 0.00235076 
0.0617289 0.0013853 7.82694e-05 0.00883801 0.000226226 0.000184952 0.0779369 0.000241727 0.0238147 1.02893e-08 0.00141609 0.0115064 0.08563 0.0407877 0.000233984 0.10053 0.0591743 0.449732 2.03712e-06 0.0484667 0.00165626 0.000127437 0.0263017 
0.0141116 0.000608952 0.000840086 0.000824512 3.29188e-08 1.72072e-07 0.0426379 0.0011794 0.00397356 1.38411e-10 4.72839e-05 2.77524e-06 0.0115443 0.0258922 1.7981e-06 0.0190761 1.23913e-06 0.858545 2.01169e-07 0.0125097 0.00618897 0.000968252 0.00104575 
0.147474 0.00130987 0.000111259 0.0579174 2.505e-05 2.24972e-06 0.0364619 0.00150784 0.00811893 2.77782e-06 0.00917742 0.00579434 0.0295674 0.00307609 3.68938e-05 0.0707013 0.0229992 0.388959 9.35519e-06 0.165201 0.0282479 0.00146998 0.0218285 
0.00336683 6.7917e-05 0.000367419 0.0106915 9.34661e-08 2.27582e-06 0.00517849 0.00129084 0.00781774 1.77698e-07 0.000141741 0.00797177 0.00871935 0.00665452 0.000354023 0.0202958 0.0108139 0.779102 0.000712001 0.0193812 0.106713 6.12595e-05 0.010296 
0.00496886 0.00361055 0.00110252 4.01503e-08 6.79237e-08 3.65798e-07 1.01173e-07 0.00197415 0.00414652 3.633e-07 0.000200338 0.00320019 6.29984e-08 0.00394558 2.98678e-05 0.00269188 0.0277024 0.884231 3.52864e-07 0.039779 0.018046 0.00436998 5.40622e-08 
0.00316632 3.53991e-08 0.000513463 0.0491213 0.000404823 4.94418e-05 0.0081091 0.00153608 0.347354 0.000448617 0.0112816 0.00934669 0.000505305 0.0151062 0.000800602 0.012576 0.00146345 0.360331 0.000808991 0.0555405 0.110537 0.000352745 0.010648 
0.0237891 0.000629661 0.000607165 0.0533884 3.47059e-05 0.00085554 0.042229 0.0230856 0.221039 0.00133239 0.00581073 0.0102375 0.0100192 0.00565779 0.000310431 0.0816522 0.101066 0.245812 0.00032202 0.0440666 0.0752719 0.00285736 0.0499252 
0.0457044 2.25388e-07 5.61184e-10 0.0228272 1.79365e-05 1.03381e-06 0.00726699 0.000164799 0.0182075 7.20353e-10 1.1725e-07 0.00685425 0.0141748 0.0395071 0.00119868 0.193352 0.0285087 0.526291 0.000323331 0.0708909 0.0241185 0.000589829 3.35439e-07 
0.0108743 0.00160707 0.000129883 0.213053 2.04317e-05 2.29002e-05 0.0390932 0.00620022 0.0590684 6.55227e-09 0.0181928 0.00470349 0.0017486 0.0112598 0.000318962 0.0396631 0.0418072 0.281646 0.0198297 0.220571 0.0206838 0.00150358 0.00800215 
0.0472809 0.0233006 0.000921811 0.0778327 6.70714e-05 1.34924e-08 0.0639696 0.00158482 0.133369 0.00132069 0.0609889 0.00577477 0.00321712 0.038786 0.000441671 0.183124 0.0475995 0.198142 4.47727e-07 0.0779771 0.00234814 0.000175321 0.0317784 
0.142528 0.000102525 2.07112e-07 0.00600879 1.84371e-11 5.63495e-07 0.00799398 4.83852e-08 9.18289e-05 9.86136e-11 1.00999e-05 1.08635e-05 0.000275563 0.000685421 2.05468e-05 0.164787 0.0129341 0.649794 9.5781e-11 0.0049069 0.00113637 0.000640797 0.00807337 
0.0169449 0.00145553 0.000368607 0.103917 3.33888e-05 1.57707e-06 0.0924692 0.00431919 0.146387 2.0433e-05 0.0236252 0.0014728 0.0217002 0.00877778 0.0353907 0.0561494 0.00534457 0.360275 1.8925e-05 0.103724 0.00389639 0.00193942 0.0117685 
0.0285546 0.00174357 0.00108237 0.0476601 0.000469951 0.00028228 0.028938 0.0179444 0.0299563 6.14538e-07 0.00023635 0.00392809 0.00459988 0.0322206 0.00211957 0.050721 0.0514458 0.601874 0.000903061 0.0619523 0.0199898 0.000671479 0.0127057 
0.0764039 0.000570307 0.000866541 0.0398043 0.000312678 0.000167722 0.00648298 0.00121308 0.0161058 3.25821e-05 0.00682259 0.00528753 0.0540328 0.0190841 0.00263029 0.162731 0.0280315 0.501731 0.0039044 0.033603 0.0243786 0.000394934 0.0154083 
0.0432727 0.00092517 0.000634933 0.0200418 5.84107e-06 9.925e-05 0.0358835 0.00790794 0.108993 1.75749e-05 0.000480996 0.0296072 0.0262976 0.0329494 0.00101608 0.0509802 0.0599797 0.492284 7.6411e-08 0.0201406 0.0291496 0.000471272 0.0388618 
0.0267464 0.00553624 9.65e-05 0.0638943 9.4374e-05 2.22265e-05 0.0187038 0.00695427 0.0878343 8.14916e-08 0.0136815 0.00291489 0.0417272 0.0242924 0.000254728 0.0895116 0.0167404 0.447182 1.08813e-05 0.12237 0.00883096 0.00623545 0.0163654 
0.0188761 0.127431 0.000597788 0.0438886 5.77041e-11 0.000133465 0.0401233 0.0274091 0.0464976 3.08639e-10 0.00119571 0.0113492 0.000819122 0.0130744 6.56967e-07 0.0679355 0.0349967 0.324184 1.31295e-07 0.164971 0.0253988 0.00195811 0.0491596 
0.00870102 2.98666e-05 0.0344306 0.0519989 2.80603e-05 1.08028e-06 0.0722256 0.00973725 0.122306 6.46835e-07 0.0367312 0.00784928 0.0100213 0.013437 0.0596349 0.0620934 0.00340703 0.485869 2.08383e-06 0.0155726 0.0024273 0.00209872 0.00139763 
0.0723707 0.0573821 3.91005e-07 0.0259764 5.83195e-07 1.11033e-06 0.00372088 0.0071215 0.0587879 4.13055e-10 0.000493357 0.00494019 0.000369121 0.00062904 3.22222e-05 0.0288116 0.0206199 0.678638 6.4978e-09 0.0359344 1.21761e-05 0.000155897 0.00400199 
0.0309662 0.00369748 0.012731 0.0604732 0.00109623 8.28293e-05 0.0192185 0.000484938 0.120558 0.000700155 0.00281974 0.0071423 0.0312882 0.0185208 0.000280884 0.0305841 0.0202092 0.612851 2.05434e-06 0.00819929 0.00025181 0.000503027 0.017339 
0.188138 0.000922936 0.000252274 0.0128961 0.00326933 7.50534e-06 0.0107162 0.00921422 0.0164267 4.91828e-07 0.000615612 0.00349012 0.0391675 0.0146175 0.00288078 0.105463 0.0301801 0.231578 0.000161669 0.0646198 0.151378 5.93556e-05 0.113946 
0.00642838 0.018175 2.55565e-09 0.136063 1.69552e-07 2.69735e-07 0.00099612 0.000203575 0.038285 1.30442e-06 0.000234284 0.000112023 1.27833e-05 0.00650191 0.000903604 0.0248571 0.026805 0.588837 3.18627e-09 0.138207 0.0100988 0.00123419 0.00204367 
0.000777624 0.00111338 4.8114e-06 0.014572 9.04381e-05 6.65909e-06 0.00378139 7.22297e-05 0.0415524 5.88747e-10 4.18585e-06 2.70777e-07 0.000893635 0.0802173 3.38623e-07 0.0473966 0.018941 0.782844 5.71835e-10 0.00603051 0.000466086 0.00106634 0.000169095 
0.0240947 5.795e-05 0.000654564 0.00819239 9.52232e-05 1.38284e-05 0.0077691 0.00140521 0.000547523 5.92552e-10 0.000116492 0.00514792 0.0767814 0.053106 3.88868e-05 0.0264284 0.0270048 0.533987 2.58156e-07 0.0358569 0.00957399 0.00921398 0.179913 
0.0439061 0.0158615 0.0574741 0.0876293 0.000545544 0.00246257 0.0541637 0.00353663 0.128512 0.00358596 0.0891877 0.002747 0.0579474 0.0354884 0.000113733 0.0673704 0.0333007 0.133481 2.82108e-05 0.0736076 0.080281 0.00117081 0.0275985 
0.00983517 0.000738154 0.000154779 0.0515072 0.000566374 3.50256e-06 0.00227055 0.00063417 0.085869 0.000532879 0.0012938 0.014096 0.000542921 0.00214124 0.00012511 0.0213109 0.00383291 0.665503 3.7352e-06 0.112113 0.0263023 4.35144e-05 0.000579598 
0.000209749 0.000940379 0.000992226 0.0335527 6.8987e-06 1.6632e-07 0.00146864 0.000156618 0.0498687 1.31026e-09 0.000366694 0.000111108 0.0187475 0.00382836 1.90424e-06 0.00630734 0.00847023 0.840594 1.33064e-07 0.00536239 0.0236078 7.21407e-05 0.0053347 
0.0010415 0.00612901 5.29778e-10 0.0519629 1.55939e-09 6.84714e-10 0.000391895 8.61166e-07 0.00517495 6.80039e-10 0.023134 0.00312052 2.40678e-05 0.00947038 1.32136e-05 0.0451033 0.00370064 0.846952 3.21189e-08 0.00148478 0.000137461 0.000467747 0.00169088 
0.0100892 0.000129466 0.000229513 0.0878774 8.76734e-05 2.31315e-08 0.00354448 0.00150082 0.103882 2.78301e-08 0.00258417 0.000118874 0.0049051 0.000386933 0.0752161 0.050878 0.121922 0.367125 5.91933e-08 0.165849 0.000254603 6.56904e-05 0.00335356 
0.0104502 1.17663e-06 0.000337822 0.000762418 9.82719e-07 4.67871e-07 0.00233743 1.14145e-05 0.00971565 1.552e-09 0.00025978 0.00205643 0.0297778 1.28006e-06 6.21048e-08 0.0148647 0.00561289 0.759149 6.07035e-07 0.00977774 0.113148 0.000342818 0.0413914 
0.0222504 0.00175688 0.00118889 0.0310908 0.00117651 2.78548e-05 0.0111945 0.00467126 0.0163579 0.000543205 0.00405312 0.00653403 0.00736005 0.0216649 0.000982145 0.0459912 0.0234756 0.687451 0.00321284 0.0502758 0.0430858 0.00119866 0.0144568 
0.0694435 0.00181518 0.00184743 0.0518504 9.45249e-06 4.84141e-06 0.0243356 0.0359916 0.103626 0.00578966 0.00833167 0.0631974 0.0903078 0.0807766 7.13693e-06 0.0763255 0.0324754 0.181829 9.1929e-07 0.0802244 0.0105259 0.00516663 0.0761177 
0.0136448 0.00375969 6.73396e-05 0.0790823 8.15109e-05 0.000168412 0.0686198 0.00129457 0.0849344 2.1562e-06 0.0553932 0.0064217 0.0101663 0.0173705 0.000966373 0.214852 0.0411845 0.318098 7.76839e-06 0.0126466 0.011161 0.0121321 0.0479446 
0.0278975 0.0563414 0.000105946 0.14451 1.92985e-05 4.47534e-08 0.0076952 0.000162696 0.00622802 9.08239e-07 0.0341041 0.00744 0.00205594 0.00709114 0.000319662 0.0793131 0.0199209 0.410294 0.00017563 0.182367 0.00278305 0.000133442 0.0110411 
0.000209749 0.000940379 0.000992226 0.0335527 6.8987e-06 1.6632e-07 0.00146864 0.000156618 0.0498687 1.31026e-09 0.000366694 0.000111108 0.0187475 0.00382836 1.90424e-06 0.00630734 0.00847023 0.840594 1.33064e-07 0.00536239 0.0236078 7.21407e-05 0.0053347 
0.118719 0.000998301 1.03406e-07 0.188199 8.03695e-06 2.08398e-05 0.0787221 0.0053432 0.0947957 4.18307e-10 0.0134652 2.1524e-06 0.0136349 0.0161399 0.000467042 0.117498 0.0153598 0.219219 2.97987e-08 0.10831 0.00599094 0.000155243 0.00295072 
0.214136 0.00318652 9.07158e-05 0.0242393 0.000978716 5.13286e-06 0.0243493 0.00133238 0.0199262 1.18243e-08 0.000424124 0.00228424 0.00702868 0.0357313 0.00403188 0.255651 0.0276426 0.321249 0.0123361 0.0331627 0.00315946 0.000175913 0.00887888 
0.0254187 0.00202916 0.000424359 0.149721 9.48727e-06 0.0002576 0.0116278 0.000247532 0.204873 3.45259e-05 0.0120263 0.00248057 0.0010474 0.0438821 8.58401e-05 0.015354 0.0179351 0.374704 3.45458e-06 0.106355 0.0306163 0.000166742 0.000700344 
0.0955688 0.00217145 0.000254776 0.0381549 2.05395e-06 2.55955e-07 0.000295098 0.0695259 0.0119063 3.71483e-09 0.000122143 0.079185 0.0671034 0.0148678 0.000446628 0.110149 0.0548885 0.223773 1.31648e-07 0.108785 0.0661612 3.95666e-05 0.0565992 
0.0485599 0.00404765 0.000819298 0.0443049 0.00168094 4.71682e-05 0.0468614 0.00845034 0.063896 8.27912e-06 0.0105195 0.0169266 0.0160015 0.0475641 0.00350399 0.0532502 0.0251369 0.346713 0.00131172 0.1846 0.022607 0.0320451 0.021145 
0.034221 0.00390246 0.000924047 0.108557 0.000267871 4.8026e-05 0.00217796 0.0165454 0.115079 7.11556e-07 0.0268855 0.0179129 0.00898768 0.117235 0.000212185 0.109206 0.0283627 0.274502 4.70563e-07 0.0180474 0.0903425 0.00294162 0.0236408 
1.40588e-07 0.000205682 0.000613173 0.412611 8.00548e-05 1.39542e-06 0.000189853 3.07475e-07 0.0439527 1.38589e-06 0.034026 2.6414e-07 0.000536809 0.00159153 7.47776e-07 6.96967e-08 0.0001438 0.476952 1.34608e-06 0.0286818 2.98205e-07 1.71829e-06 0.000407256 
7.05386e-05 0.000603892 1.24727e-08 0.00684137 2.81767e-12 1.51743e-11 8.95086e-10 3.34361e-12 1.89312e-12 1.50707e-11 6.5165e-09 2.87236e-12 1.11982e-08 2.62181e-12 1.41307e-08 0.000208343 1.01489e-12 0.990169 7.33559e-09 0.00209352 3.24281e-12 1.32168e-05 2.24266e-12 
0.00892426 0.000338731 0.0588006 0.0381107 0.00705568 2.17639e-08 0.0148836 0.011203 0.0453472 2.10164e-07 0.00252586 0.00357427 0.0453249 0.139883 0.0011341 0.0241332 0.074388 0.416053 0.00270395 0.0506247 0.0361611 0.00907627 0.00975313 
0.142528 0.000102525 2.07112e-07 0.00600879 1.84371e-11 5.63495e-07 0.00799398 4.83852e-08 9.18289e-05 9.86136e-11 1.00999e-05 1.08635e-05 0.000275563 0.000685421 2.05468e-05 0.164787 0.0129341 0.649794 9.5781e-11 0.0049069 0.00113637 0.000640797 0.00807337 
0.142528 0.000102525 2.07112e-07 0.00600879 1.84371e-11 5.63495e-07 0.00799398 4.83852e-08 9.18289e-05 9.86136e-11 1.00999e-05 1.08635e-05 0.000275563 0.000685421 2.05468e-05 0.164787 0.0129341 0.649794 9.5781e-11 0.0049069 0.00113637 0.000640797 0.00807337 
0.129335 0.00369293 2.27238e-08 0.0457748 0.00536869 1.74792e-06 0.0908082 0.0008859 0.0134038 0.00030101 0.00142857 0.000588273 0.0126927 0.00672023 0.00160483 0.146868 0.00611723 0.340469 5.33625e-05 0.0994463 0.0108336 0.0106674 0.0729384 
0.00692826 2.41421e-08 3.20873e-05 0.00864821 0.000872408 1.01923e-05 0.00177119 7.49321e-05 0.0015698 4.45658e-08 5.94578e-07 0.00433579 0.00647932 0.0645113 2.40461e-08 0.0727235 0.00698687 0.378076 1.18873e-07 0.07191 0.26812 3.91482e-06 0.106945 
0.0244016 0.0759479 0.000346313 0.16019 0.00177038 6.2327e-07 0.130933 0.00216029 0.145406 0.00784472 0.000917197 0.0121062 0.00882953 0.0181529 0.000217224 0.0348582 0.000984052 0.184152 1.12559e-09 0.175345 0.0056767 0.000116765 0.00964316 
0.0188761 0.127431 0.000597788 0.0438886 5.77041e-11 0.000133465 0.0401233 0.0274091 0.0464976 3.08639e-10 0.00119571 0.0113492 0.000819122 0.0130744 6.56967e-07 0.0679355 0.0349967 0.324184 1.31295e-07 0.164971 0.0253988 0.00195811 0.0491596 
0.0593251 0.00106917 3.10233e-05 0.0633315 4.21886e-06 1.73413e-08 0.0591673 0.000316238 0.0366294 2.22753e-10 7.63042e-05 0.00682297 0.0147456 0.0422997 0.00525962 0.129216 0.0470117 0.317601 4.64495e-08 0.158151 0.0111468 0.000462549 0.0473325 
0.000202404 0.00370732 2.64133e-05 0.0171816 1.48472e-06 2.81531e-05 0.00496364 8.6314e-05 0.0287032 9.39003e-07 2.26785e-05 1.78966e-07 6.81361e-05 0.000453519 5.06652e-07 0.00295549 0.00026837 0.940258 9.747e-07 0.00101809 1.45857e-05 3.10115e-05 6.9127e-06 
0.000219255 0.00129489 7.46697e-08 0.00206651 4.3883e-07 4.76342e-06 2.82955e-06 0.000572629 1.5561e-05 9.58483e-08 0.000459933 0.000357766 1.79891e-05 0.00161797 2.43382e-05 0.00538193 4.32483e-05 0.978801 2.11784e-07 0.00276017 0.00481627 0.000116651 0.001425 
0.00954556 0.00327053 0.000874187 0.0613496 2.73971e-05 6.0649e-07 0.136463 0.0661636 0.0396867 3.96482e-06 0.0141381 0.0082426 0.000227417 0.0132582 1.73104e-05 0.0492218 0.0222182 0.467183 1.4151e-05 0.0429422 0.0169854 0.000149089 0.0480177 
0.0259892 0.00506297 0.0199515 0.0246735 0.0454148 8.73762e-06 0.142657 0.0126886 0.064059 0.000641514 0.00767968 0.0224113 0.0579777 0.138665 0.00059409 0.0843528 0.0593396 0.191925 1.11556e-05 0.0455958 0.0328215 9.89567e-05 0.0173812 
0.142528 0.000102525 2.07112e-07 0.00600879 1.84371e-11 5.63495e-07 0.00799398 4.83852e-08 9.18289e-05 9.86136e-11 1.00999e-05 1.08635e-05 0.000275563 0.000685421 2.05468e-05 0.164787 0.0129341 0.649794 9.5781e-11 0.0049069 0.00113637 0.000640797 0.00807337 
0.00267154 0.00133518 0.000444849 0.0041445 6.96912e-05 9.01373e-07 0.0200571 0.000363691 0.0334702 4.5489e-07 0.0140967 0.000279127 0.00274499 0.0524972 0.0111758 0.0452716 0.00483754 0.679938 3.09241e-05 0.0322617 0.0640629 0.000250416 0.0299953 
0.0001969 0.00270499 0.000550592 0.0428933 3.56791e-06 5.6452e-07 0.00202085 0.00908835 0.0229897 5.60665e-07 9.81212e-05 0.00178304 0.0294437 0.14876 0.0134294 0.179004 0.000193528 0.290955 5.44561e-07 0.138723 0.0716207 1.26372e-05 0.0455272 
0.221928 0.00301034 1.54645e-05 0.107534 3.82762e-07 0.000181815 0.145398 0.0094057 0.00209997 1.24947e-05 0.0373673 0.00707795 0.00229466 0.00159456 0.0414059 0.00522627 0.0149201 0.25784 4.84338e-07 0.126387 0.0136104 0.000409991 0.00227846 
0.00583445 0.000352281 0.000344843 0.0184231 2.11452e-05 6.16745e-10 0.0170358 0.00347325 0.225466 1.47237e-07 0.00076319 0.00124425 0.00227793 0.00328724 0.00107126 0.0218937 0.0122119 0.650712 3.37988e-06 0.0260697 0.00495667 0.00220719 0.00235076 
0.0623805 0.00010434 1.16642e-05 0.119124 8.56236e-07 7.15289e-10 0.0058256 0.00258936 0.00730013 2.35072e-07 0.00177834 0.000167853 0.000655349 0.0224867 7.40501e-08 0.133059 0.0110671 0.387795 6.89999e-10 0.0330884 0.150148 0.0089253 0.0534923 
0.053809 0.0112751 0.000168261 0.0323931 0.00165165 3.50522e-05 0.000595468 0.000566697 0.00103517 2.8344e-10 0.00278408 0.0278458 0.0218184 0.0256284 0.000223023 0.0685649 0.126464 0.549327 0.000110962 0.0434537 0.0045025 0.000159202 0.0275884 
0.00183548 0.0270944 0.0118987 0.0107429 0.000410406 1.98929e-07 0.00788835 0.000307382 0.00263787 5.31758e-11 1.86194e-07 0.00212145 0.00101191 0.0118799 0.0254642 0.00155844 0.00571101 0.855356 4.74765e-07 0.0306414 0.000252354 5.42059e-05 0.00313315 
0.00829048 2.76834e-05 1.72062e-06 0.0512511 1.90755e-06 9.74501e-08 0.000815515 0.00357982 0.00195678 8.53686e-09 1.15203e-05 0.000254122 0.00577832 0.0116149 0.00343774 0.0719398 0.0139862 0.509847 0.00055695 0.0391037 0.148388 0.0119312 0.117226 
0.0123721 0.000276361 0.0001284 0.00222877 1.57097e-07 0.00014331 0.0765631 6.901e-06 0.0211765 8.40255e-07 0.000185597 0.00482205 0.00561995 0.0163773 4.53371e-07 0.0136574 0.00853521 0.757327 8.16119e-07 0.0197748 0.0100974 3.54997e-06 0.0507017 
0.00373883 0.00132499 1.62182e-05 0.0375528 0.00010344 1.8015e-07 0.00426522 0.000298135 0.00283792 2.06979e-05 0.00255308 0.000498863 0.00291679 0.00627608 0.000397679 0.131772 0.118239 0.592888 6.98851e-05 0.0231682 0.0374981 7.05557e-05 0.0334941 
0.0269368 7.54227e-05 0.120538 0.00569175 0.00726551 0.000272749 0.00857221 0.0127448 0.22084 0.000340021 0.00136701 0.0123785 0.0339531 0.115539 0.000786551 0.0209767 0.054642 0.225975 0.00167409 0.00410772 0.038185 0.0758737 0.011265 
0.0357751 0.000499028 0.000302565 0.128216 5.76723e-05 3.13379e-05 0.0073356 0.000367345 0.0604947 6.27529e-06 0.00350355 0.0469476 0.00235053 0.0739548 0.00101092 0.080793 0.0498174 0.4268 7.78427e-05 0.0183939 0.027044 0.00105707 0.035164 
0.00844602 0.000520928 2.03504e-08 0.00221373 0.000558187 4.40251e-05 0.291869 0.00930718 0.00476804 2.61224e-08 3.65711e-09 0.00753228 0.0333971 0.0504458 5.41514e-05 0.113609 0.0645202 0.335124 0.000264242 0.0590377 0.00669024 2.75696e-06 0.0115949 
0.0116829 0.000206225 0.000232443 0.00542963 7.05379e-06 4.17089e-10 0.0064693 0.000452728 0.00281644 1.21539e-07 0.000243313 0.000472256 0.00178629 0.0205894 6.24786e-08 0.0167754 0.00506377 0.914462 0.000583415 0.00832467 0.00203481 7.51349e-05 0.00229258 
0.00385162 0.0198341 2.37786e-08 0.104358 0.000106622 3.52449e-07 0.00285948 0.0007327 0.0131322 2.18396e-06 0.0181201 8.79362e-05 0.000517052 0.000857995 0.000842293 0.0449201 0.0193988 0.643358 4.92156e-08 0.125888 0.000643451 0.000441037 4.86106e-05 
0.0160212 0.00174081 1.58806e-05 0.0298061 1.85737e-06 7.47962e-06 2.41331e-05 5.7363e-05 0.125851 1.74012e-08 0.000672363 4.6778e-06 0.0458542 0.0515306 3.51912e-06 0.048503 0.285905 0.297853 1.69013e-08 0.0842735 0.00488811 0.000674932 0.00631094 
0.0343992 0.00167097 0.00542759 0.0764462 0.000154772 1.30547e-06 0.0280496 0.00398955 0.0430874 1.18207e-05 0.00470863 0.00803457 0.0140691 0.0624069 0.00342093 0.0975455 0.0715393 0.342449 0.023306 0.111539 0.0331516 0.00215144 0.03244 
0.0260484 0.000440682 0.0259051 0.00348759 0.0251668 6.00506e-06 0.0255469 0.000584617 0.219737 0.0640062 0.00313434 0.00732864 0.0288279 0.0462804 1.4591e-05 0.0438627 0.0720926 0.278611 4.93103e-05 0.0401923 0.0544863 0.00247757 0.0317133 
7.05386e-05 0.000603892 1.24727e-08 0.00684137 2.81767e-12 1.51743e-11 8.95086e-10 3.34361e-12 1.89312e-12 1.50707e-11 6.5165e-09 2.87236e-12 1.11982e-08 2.62181e-12 1.41307e-08 0.000208343 1.01489e-12 0.990169 7.33559e-09 0.00209352 3.24281e-12 1.32168e-05 2.24266e-12 
0.01921 0.020415 5.00603e-05 0.247441 9.90462e-05 4.2732e-07 0.00553663 0.0066339 0.0466957 2.28466e-10 0.00146015 0.00697844 0.00331826 0.00610473 0.000139304 0.0740038 0.0208779 0.469365 5.24204e-06 0.0639841 0.00105739 0.00130922 0.00531514 
0.0224089 0.00512689 0.000221778 0.069381 8.9637e-05 5.21169e-06 0.0375344 0.0184086 0.29294 1.24024e-05 0.0110098 0.000543981 0.00916137 0.0242355 0.0204811 0.0350078 0.0595452 0.34994 7.24811e-07 0.0379368 0.00450513 0.000390172 0.00111355 
0.00251053 0.000254858 1.25303e-06 0.00833231 1.69264e-07 6.18455e-07 0.00323703 0.00159052 0.00410509 2.2453e-08 0.00276076 8.87751e-06 3.4496e-06 0.00538891 0.000143518 0.0194584 0.0105004 0.922198 2.18081e-08 0.0116466 0.000114109 0.0016977 0.00604716 
0.00583445 0.000352281 0.000344843 0.0184231 2.11452e-05 6.16745e-10 0.0170358 0.00347325 0.225466 1.47237e-07 0.00076319 0.00124425 0.00227793 0.00328724 0.00107126 0.0218937 0.0122119 0.650712 3.37988e-06 0.0260697 0.00495667 0.00220719 0.00235076 
0.10182 0.00119942 0.000325041 0.0282328 9.62575e-05 2.41469e-06 0.0061573 0.0106818 0.0213534 6.06502e-06 0.00419401 0.00541171 0.00920078 0.110872 9.91415e-05 0.15475 0.129702 0.215141 0.00293397 0.0376408 0.0605876 0.00131622 0.0982761 
0.109966 1.306e-05 1.70387e-06 0.0295731 1.97563e-06 5.49481e-07 0.072508 1.05065e-06 0.15366 5.79286e-09 8.98215e-05 0.00126965 8.50078e-05 0.00300003 0.0234392 0.180665 0.00847474 0.252365 1.47402e-06 0.0466069 0.11825 4.89178e-07 2.7621e-05 
0.0318373 0.00500293 0.000419762 0.0942782 0.00025314 1.91764e-06 0.0478156 0.0222175 0.00456405 1.60437e-09 0.00700835 0.000264577 0.0093111 0.246315 5.67267e-05 0.119583 0.0372537 0.287869 4.92344e-06 0.0700611 0.0118456 0.00186399 0.00217293 
4.22959e-05 0.000804628 2.72989e-09 0.00758713 9.11299e-09 4.63295e-12 2.66903e-06 1.02085e-12 5.77997e-13 4.60132e-12 1.42591e-09 8.76975e-13 9.49617e-06 1.41322e-06 3.09232e-09 0.000477605 3.09861e-13 0.987456 3.68105e-09 0.00359703 1.06651e-09 2.20238e-05 6.84716e-13 
0.213973 0.00535161 0.000471627 0.0445312 0.00039934 3.5982e-06 0.0133801 0.0926874 0.0271219 7.77651e-06 0.00121019 0.0334697 0.0270506 0.0870034 0.00163242 0.0780574 0.0446494 0.241455 0.000567198 0.0321771 0.0143928 0.000842282 0.0395649 
0.0315817 0.00521132 0.00134764 0.0410226 7.45014e-05 1.45814e-05 0.0140569 0.00597722 0.021414 2.61823e-06 0.00384758 0.00671765 0.0116426 0.0263289 0.00318902 0.127913 0.0475678 0.530238 0.0039662 0.0407509 0.0527936 0.00124533 0.0230968 
0.00865388 0.000731204 0.0328605 0.0421885 0.000627829 6.75415e-08 0.0452455 0.00173085 0.266635 0.0246843 0.000537791 0.0151762 0.00394501 0.0469233 0.000129509 0.0962397 0.034317 0.337968 6.71854e-06 0.0131698 0.0198806 0.000229605 0.00811927 
0.0146943 0.149837 1.65704e-05 0.268448 7.11587e-05 5.50969e-05 0.0154288 0.00205939 0.0258147 0.00160929 0.00350853 0.000428744 0.00333659 0.00168266 0.00012117 0.0631787 0.0122607 0.387891 4.10844e-06 0.0430658 0.00323957 0.00056052 0.0026871 
0.141155 0.00163609 0.0014189 0.0191696 0.000249529 6.78165e-06 0.0185995 0.0554254 0.0378639 3.30803e-07 0.0006494 0.00901503 0.10031 0.0192024 0.00348318 0.0339542 0.16471 0.264455 7.73434e-05 0.0104575 0.0224358 0.000678834 0.0950456 
0.00227414 0.00198301 0.000100652 0.0134709 7.71185e-06 1.17752e-05 0.000716561 0.000562854 0.194882 1.5918e-05 3.50296e-06 0.0203419 0.000750174 0.040269 0.00217426 0.0015154 0.0196577 0.410888 7.8508e-05 0.28486 0.00247004 0.00171634 0.0012495 
0.0280001 7.28478e-05 0.00109552 0.0198799 0.000122072 1.81732e-06 0.0186188 0.163879 0.117657 1.71827e-07 0.00310716 0.034911 0.0712507 0.0172928 0.00022819 0.0893898 0.101324 0.180744 7.56476e-05 0.0360294 0.0939681 0.00184621 0.0205056 
0.0199509 0.00286463 0.0149569 0.0229378 0.00114428 8.87267e-06 0.0126695 0.00426659 0.00680146 4.78722e-07 0.00267269 0.00728712 0.0132252 0.0558032 0.00147398 0.0475584 0.0392784 0.623812 0.00043872 0.0639662 0.0141535 0.00350192 0.0412275 
0.0533471 0.01066 0.000182234 0.0542456 1.54427e-06 2.83135e-11 0.0181729 0.000480276 0.00258512 2.81202e-11 0.00154442 1.05176e-05 0.00241892 0.0222305 1.42467e-08 0.0774952 0.0215628 0.646454 0.000246463 0.0803988 0.00452735 4.78554e-05 0.00338866 
0.0677672 0.00127375 4.23036e-06 0.11019 0.000114582 3.80768e-05 0.0333416 0.000458327 0.055874 1.53988e-10 0.0239633 0.00295428 0.0573191 0.019997 0.0761998 0.151423 0.0429695 0.321159 3.63623e-06 0.0200606 0.00537612 0.000502186 0.00901002 
0.00123713 0.00019296 0.00735319 0.0633453 0.000269123 3.84792e-06 0.0118155 0.0037202 0.199902 0.000132016 0.00950994 0.00463413 0.00728759 0.0130409 0.0010048 0.0523559 0.0271722 0.563825 3.63979e-05 0.00995548 0.0186924 0.000475607 0.00403874 
0.0320428 0.00781292 2.06099e-05 0.144557 4.80922e-05 0.000574661 0.0979122 0.0119253 0.140853 1.41667e-07 0.0258514 0.00140813 0.00482469 0.00783676 0.00014663 0.140512 0.0345978 0.297177 0.000164839 0.0367872 0.00137481 0.000566042 0.0130062 
0.00887648 0.00377627 6.78896e-11 0.0864423 5.81675e-05 5.17896e-08 0.00155986 0.0027235 0.00496049 8.71452e-11 0.00196102 0.00404038 0.0136987 0.00898802 1.21398e-08 0.114349 0.00992876 0.713942 8.4642e-11 0.00414298 0.00370848 0.000362548 0.0164809 
0.0188761 0.127431 0.000597788 0.0438886 5.77041e-11 0.000133465 0.0401233 0.0274091 0.0464976 3.08639e-10 0.00119571 0.0113492 0.000819122 0.0130744 6.56967e-07 0.0679355 0.0349967 0.324184 1.31295e-07 0.164971 0.0253988 0.00195811 0.0491596 
0.152343 0.000138632 8.99104e-05 0.0134465 5.84026e-06 4.89126e-09 0.0217481 0.00210049 0.000399809 1.03193e-10 5.51454e-05 0.00556286 0.00544151 0.19228 0.000145904 0.0492208 0.00607195 0.446278 0.000821493 0.0660686 0.00949945 0.00118726 0.0270951 
0.0412261 0.000760847 0.000135643 0.0124743 0.00523195 8.5559e-06 0.016655 0.00193857 0.0281885 0.000514637 0.00311195 0.0059639 0.11797 0.120991 0.00340877 0.0384853 0.082715 0.332879 1.43923e-05 0.0131415 0.0458474 0.000160871 0.128177 
0.221928 0.00301034 1.54645e-05 0.107534 3.82762e-07 0.000181815 0.145398 0.0094057 0.00209997 1.24947e-05 0.0373673 0.00707795 0.00229466 0.00159456 0.0414059 0.00522627 0.0149201 0.25784 4.84338e-07 0.126387 0.0136104 0.000409991 0.00227846 
0.114829 1.68045e-10 2.00861e-07 0.0218189 5.79974e-11 3.1234e-10 8.46327e-07 1.50135e-05 3.25776e-07 3.10208e-10 4.34287e-11 0.00630404 0.00343458 0.0578676 5.6447e-07 0.025652 0.0446858 0.390952 3.01297e-10 0.0555294 0.00751245 2.31302e-07 0.271397 
0.00535434 0.00237639 1.98807e-05 0.109695 0.000141167 5.98935e-07 0.0768023 1.02038e-09 0.211615 4.53616e-06 0.0119329 0.000191811 0.000940447 0.0029667 0.000539353 0.0187828 0.00654412 0.437651 1.35508e-06 0.109766 0.000673284 0.00283724 0.00116292 
0.0142095 1.29524e-05 3.68003e-05 0.00297752 4.56108e-08 8.49302e-07 0.000239453 5.44888e-07 9.07348e-09 1.40801e-09 4.02089e-05 0.000578671 0.000476507 0.0309519 1.18752e-05 0.0362069 0.0102861 0.890906 8.66793e-06 0.00694518 0.0032604 7.3541e-06 0.00284245 
0.00127328 2.48911e-05 0.000195767 0.00540759 8.64878e-05 0.000117756 0.0722409 0.000571026 0.209832 5.44744e-07 0.000383882 0.00206844 0.000524356 0.0161641 9.03231e-05 0.0486931 0.0251175 0.603321 5.29097e-07 0.001745 0.0108918 0.000660316 0.00059038 
0.187056 9.25727e-05 2.66263e-05 0.0148226 0.00795601 2.00237e-05 0.00884793 0.000141444 0.00123248 3.55205e-06 2.60783e-05 0.0108291 0.00423593 0.00435647 0.00109204 0.0610666 0.011609 0.652875 0.000958316 0.00846879 0.0194538 0.00272079 0.00210937 
0.00412672 0.0178734 1.71661e-08 0.200518 1.83869e-05 8.86023e-08 0.00206698 0.000100433 0.00431445 2.05334e-11 4.9612e-05 0.00108876 0.000643098 0.000886957 3.72394e-05 0.0323925 0.00710759 0.706713 1.99436e-11 0.0177295 0.00058179 0.000492741 0.00325843 
0.0895777 9.00217e-05 8.01149e-06 0.0316691 5.54043e-06 1.3731e-05 0.00831473 0.0325082 0.0488928 2.81494e-05 6.60061e-05 0.0319546 0.0894836 0.0389737 0.00038281 0.180857 0.0703582 0.254521 9.39635e-07 0.0223869 0.0469427 0.00102212 0.0519428 
0.0544335 0.00109214 0.000477364 0.0187834 0.00206625 4.9997e-05 0.0174649 0.00113586 0.0195999 0.00167647 0.00422776 0.0123289 0.0400494 0.0165295 0.0572295 0.0676618 0.0612946 0.500797 0.000113059 0.0316383 0.048083 0.000317904 0.0429495 
0.016473 0.00130309 2.42594e-06 0.108394 9.75736e-08 1.3069e-08 0.00144637 0.000475314 0.0268033 4.80555e-12 2.9939e-08 5.87101e-08 0.000406706 0.00868055 0.00286832 0.0471902 0.0163227 0.736124 1.68077e-08 0.0239035 0.00796646 0.000158806 0.00148144 
0.0188761 0.127431 0.000597788 0.0438886 5.77041e-11 0.000133465 0.0401233 0.0274091 0.0464976 3.08639e-10 0.00119571 0.0113492 0.000819122 0.0130744 6.56967e-07 0.0679355 0.0349967 0.324184 1.31295e-07 0.164971 0.0253988 0.00195811 0.0491596 
7.32165e-07 0.00113774 0.0261317 0.0214996 5.51895e-07 1.06473e-06 0.0340609 0.193372 0.0123315 1.43854e-09 0.000393821 0.000736639 0.000193053 0.0503345 2.27132e-06 0.0588863 0.0915497 0.285914 1.62529e-06 0.064026 0.12979 0.00101974 0.0286166 
0.0121214 0.000132602 0.000472033 0.0123412 4.78586e-06 1.35036e-05 0.0677499 0.00879799 0.0187971 2.28383e-05 0.00391894 0.0170467 0.0295179 0.0178098 0.000837788 0.258348 0.0707555 0.398164 0.000147431 0.0124339 0.047477 7.74812e-05 0.0230131 
0.00418233 0.0105045 0.000198872 0.270676 2.44144e-05 1.86711e-06 0.0014739 0.000388708 0.110632 3.50897e-10 0.0040361 0.000457487 0.000247357 0.000422422 0.00100398 0.0172612 0.00968515 0.558331 6.26426e-09 0.00537051 0.00195288 0.00268647 0.000462762 
0.0111948 0.00790272 0.0141553 0.206081 0.00292447 1.93345e-06 0.0232941 0.10467 0.0650188 4.9644e-07 0.00567966 0.0199341 0.0104564 0.0426897 0.000100775 0.0106034 0.02859 0.259207 0.000424079 0.184738 0.000568989 0.000126609 0.00163642 
0.0181552 0.000420552 1.87716e-05 0.118803 1.32023e-05 1.75119e-07 0.0361391 0.0215304 0.00137586 0.000136023 0.000562623 0.00890411 3.01594e-08 0.00307793 9.38428e-08 8.74665e-09 0.0198816 0.770731 1.68928e-07 3.47526e-05 5.75025e-05 0.000107206 5.10993e-05 
0.0640722 0.00469556 0.000141959 0.00443886 4.64307e-05 2.27e-05 0.00984377 0.202861 0.0864374 9.63121e-07 0.000898179 0.00349596 0.000692817 0.000173459 4.50315e-05 0.176667 0.0350335 0.376245 0.00203711 0.0113506 4.26993e-05 5.80473e-05 0.0206994 
0.180103 0.00186201 0.000224039 0.084616 0.0040215 5.06634e-06 0.023196 0.0319745 0.0170519 2.34735e-05 0.0165697 0.0230815 0.0438391 0.0121898 0.000817983 0.0559019 0.0459001 0.242158 0.00104787 0.0490336 0.139041 0.000230213 0.027112 
0.042482 0.000867616 5.20479e-05 0.0683257 0.0105116 4.55991e-05 0.0263745 0.00102163 0.0259388 1.08105e-05 0.0359088 0.00138948 0.000848158 0.0482681 9.73308e-05 0.13255 0.0145919 0.547247 4.42776e-06 0.0159459 0.00463937 0.00101708 0.0218622 
0.0349097 0.00799632 0.00013809 0.0839966 5.27186e-05 4.49607e-08 0.0062848 0.0098819 0.0623316 5.40886e-08 0.00155176 7.15026e-05 0.012418 0.000756046 0.0451353 0.0305283 0.0731569 0.472068 1.15017e-07 0.15322 0.000153053 0.0033358 0.0020134 
0.0656917 0.000260034 7.05675e-05 0.0546644 0.0207774 0.000158429 0.00278774 0.00183503 0.130937 2.8029e-06 0.0032637 0.00304911 0.00331315 0.0295544 0.00343255 0.0446598 0.0115945 0.540843 6.5826e-05 0.0108876 0.026461 0.00281589 0.0428742 
0.103398 0.000898229 4.54193e-05 0.0314108 0.000121281 9.69984e-08 0.00182435 0.000544865 0.00689887 4.36933e-07 0.00458611 0.00429698 0.0225828 0.0141733 0.000386647 0.167054 0.00757184 0.528175 3.61369e-05 0.0232539 0.0221665 0.000773379 0.0598011 
0.059865 0.0148748 0.000105784 0.0113086 2.39631e-05 3.51406e-07 0.0206352 0.0143504 0.00130902 1.6379e-08 0.00147265 0.0103124 0.0016859 0.00589489 9.89181e-05 0.232971 0.139056 0.421145 0.00945842 0.0233029 0.00155496 0.000131688 0.0304418 
0.0606217 0.000781694 0.000807431 0.057516 0.000127901 5.54272e-05 0.0110107 0.021777 0.0282725 0.000118361 0.022981 0.0106141 0.00976215 0.0118216 0.000169336 0.0922724 0.0949502 0.482437 0.000256029 0.0323832 0.023255 0.000803801 0.0372059 
0.0755553 0.0022816 0.00195519 0.0164457 4.25381e-05 4.43655e-05 0.00950537 0.0896047 0.0452997 2.46991e-10 0.000320382 0.00627641 0.0166538 0.008858 0.000933114 0.13407 0.0732741 0.452834 0.000494923 0.0432577 0.00677839 3.21763e-05 0.0154829 
0.00612839 0.00197419 0.00802569 0.0305578 0.000697366 3.57169e-06 0.0381387 0.00156746 0.186352 6.44617e-05 0.000150177 0.0027722 0.118315 0.00859907 0.0133044 0.00860795 0.0601228 0.437846 6.61459e-05 0.0311721 0.0068225 0.0031514 0.03556 
0.0331896 0.0613871 0.000220962 0.0777629 6.56186e-06 7.21188e-06 0.0337889 0.00201533 0.11356 0.00860114 0.00502034 0.000728154 0.00328749 0.00741068 2.45017e-05 0.0647403 0.023575 0.408535 8.04372e-05 0.14299 0.000155457 0.00209185 0.0108216 
0.0607041 0.0194794 0.000903838 0.00197295 2.13038e-07 4.15746e-06 0.00715305 4.28351e-06 0.00606416 2.16591e-06 0.000602036 0.0050996 0.00242523 0.0311484 0.000363835 0.00400014 0.0332292 0.573761 3.9065e-05 0.00251901 0.230802 2.69628e-06 0.0197191 
0.00693372 0.000436244 7.27804e-07 0.0220816 4.09837e-08 1.34558e-07 0.0160189 0.000274008 0.00325009 3.02159e-06 0.000748709 0.135429 0.000238472 0.0198797 0.00279613 0.144397 0.0852701 0.40814 2.45384e-09 0.0997644 0.0518024 1.30273e-05 0.00252328 
0.000974444 4.02608e-05 4.21732e-05 0.0871029 8.24504e-06 1.17327e-05 4.34732e-05 0.000374351 0.00391723 0.00838328 0.0258709 1.09666e-05 0.000133846 0.0385054 1.62712e-06 0.00994273 0.03014 0.563744 4.13059e-05 0.103051 0.0822271 0.000344736 0.0450888 
0.00133238 0.0472201 0.00865723 0.00779434 0.000298906 1.91419e-07 0.00572498 0.000223742 0.00191581 1.22695e-09 1.5159e-07 0.00154046 0.000735021 0.00861941 0.0275437 0.00113109 0.00414363 0.85717 5.35273e-07 0.0222277 0.000183918 4.00393e-05 0.00349697 
0.0314908 0.00906866 0.00173811 0.0898772 8.49439e-05 5.49976e-09 0.000668893 0.00498206 0.0148363 5.4622e-09 0.00316796 0.00220635 0.0301889 0.0218535 7.13031e-05 0.069417 0.121693 0.541829 0.0190109 0.0199259 0.00770508 0.000235546 0.00994793 
0.0149984 0.0164343 4.19029e-05 0.193564 2.27216e-05 7.09319e-08 0.00222067 0.000250431 0.00347646 1.70059e-11 0.000293098 0.000927479 0.00151256 0.00484829 4.46804e-05 0.0362778 0.016126 0.68137 5.17404e-07 0.0220619 0.000939811 0.000548039 0.00404011 
0.00183548 0.0270944 0.0118987 0.0107429 0.000410406 1.98929e-07 0.00788835 0.000307382 0.00263787 5.31758e-11 1.86194e-07 0.00212145 0.00101191 0.0118799 0.0254642 0.00155844 0.00571101 0.855356 4.74765e-07 0.0306414 0.000252354 5.42059e-05 0.00313315 
0.00804047 0.00814132 0.00750494 0.273922 0.000166396 1.5305e-06 0.0093651 0.00199279 0.0138834 6.02055e-08 0.00371618 0.00506172 0.0180009 0.0249705 0.0188455 0.06516 0.0269587 0.391021 2.98676e-05 0.0847802 0.0114194 0.00140027 0.0256178 
0.00541506 0.00375292 1.70054e-08 0.0396528 1.83453e-08 1.59517e-08 2.74746e-06 5.6733e-07 1.35282e-07 6.87739e-11 0.000301576 1.03693e-07 3.111e-05 1.77046e-07 2.54285e-05 0.00729077 7.39955e-07 0.881657 2.55467e-05 0.0608874 2.56035e-05 0.000929486 1.00897e-06 
0.00583445 0.000352281 0.000344843 0.0184231 2.11452e-05 6.16745e-10 0.0170358 0.00347325 0.225466 1.47237e-07 0.00076319 0.00124425 0.00227793 0.00328724 0.00107126 0.0218937 0.0122119 0.650712 3.37988e-06 0.0260697 0.00495667 0.00220719 0.00235076 
0.0240947 5.795e-05 0.000654564 0.00819239 9.52232e-05 1.38284e-05 0.0077691 0.00140521 0.000547523 5.92552e-10 0.000116492 0.00514792 0.0767814 0.053106 3.88868e-05 0.0264284 0.0270048 0.533987 2.58156e-07 0.0358569 0.00957399 0.00921398 0.179913 
0.0691466 0.00214817 0.0076561 0.0192654 1.84682e-05 6.64695e-07 0.121091 0.000737538 0.10222 3.37579e-05 0.000278512 0.0133859 0.00108815 0.0338697 0.0248196 0.0280899 0.0218932 0.351724 0.00163231 0.0441327 0.117633 1.27065e-05 0.0391225 
0.00692442 0.00437144 6.72442e-05 0.175868 2.14946e-06 1.06754e-05 0.046554 0.00990804 0.0259846 3.0679e-08 0.0138873 0.00111029 0.00301589 0.00259135 0.000477325 0.0259741 0.0120151 0.530181 0.000471962 0.125184 0.00391071 0.00425924 0.00723208 
0.0989679 0.000314234 5.47789e-05 0.043237 1.8216e-05 1.07709e-05 0.0149118 0.00177097 0.0252425 7.30772e-09 0.000115006 0.0259283 0.00451008 0.0152632 0.00344426 0.16207 0.0648228 0.344199 2.81323e-08 0.0898747 0.0590864 0.000478182 0.0456801 
0.0674186 0.0300266 3.64003e-05 0.135138 1.85535e-05 3.10389e-05 0.00889897 0.00202613 0.0085751 8.53125e-07 0.0032976 0.0021394 0.0101101 0.0103043 0.0148138 0.193951 0.0143239 0.392733 4.62221e-05 0.0338253 0.0298354 0.0394038 0.00304661 
0.0914705 0.0025606 0.00114589 0.0333691 7.69912e-06 2.81624e-05 0.000384362 0.0449314 0.0197905 7.94841e-10 0.000510857 0.0324639 0.0345424 0.0247845 0.000739333 0.128158 0.0556487 0.36783 4.59802e-06 0.0569516 0.0710591 9.97303e-05 0.033519 
0.000136533 2.0058e-05 0.00193709 0.0971751 2.03101e-07 6.5421e-08 0.00795876 2.22603e-07 0.000694764 1.83681e-09 4.71585e-05 0.000167676 0.00213787 0.0053719 0.000830106 0.0157803 0.0110644 0.657967 0.000807596 0.065888 0.0161565 0.11512 0.000737959 
0.065827 0.0269427 0.000100711 0.148745 2.87961e-05 1.94542e-07 0.122275 0.0038688 0.0221187 2.57754e-09 0.052404 0.00804785 0.0448212 0.00339395 0.00211185 0.110863 0.092974 0.155818 3.31492e-05 0.120988 0.00494052 0.000875369 0.0128219 
2.4238e-05 0.000103348 1.43448e-05 0.0349977 1.65197e-05 7.40317e-11 0.00586068 0.0345433 0.00846634 7.35262e-11 4.32068e-05 0.000155823 0.00100274 0.00227126 1.49036e-05 0.00319851 0.00382187 0.865195 4.55294e-05 0.0362738 0.00073257 0.000406749 0.00281144 
0.0311673 0.000120245 0.00467685 0.0435306 0.000476538 3.62652e-05 0.00346241 0.0142996 0.0464569 3.53824e-06 0.000319574 0.00277888 0.000401666 0.0799107 0.00233661 0.21938 0.0267379 0.28751 0.00311803 0.0123461 0.219845 9.95212e-05 0.000985022 
0.0348698 0.000383478 2.57963e-06 0.0212958 0.000117504 2.89149e-05 0.0269114 0.010875 0.0182436 1.5696e-09 0.000666791 0.0148362 0.00742285 0.127093 0.000961883 0.17129 0.0481842 0.46053 2.90445e-05 0.00844102 0.0241183 8.02712e-05 0.0236177 
0.0124831 0.000213717 1.94935e-07 0.011186 4.47508e-07 3.88154e-07 1.47809e-05 0.00284554 0.0144749 5.35966e-10 8.49062e-05 0.000113477 0.000236798 0.0131983 0.013616 0.012276 0.0142944 0.773277 0.00286934 0.0395849 0.000303525 0.00141727 0.0875093 
0.125327 0.000456283 0.000260574 0.0285348 3.4024e-05 1.95417e-06 0.00893863 0.000749803 0.020143 8.11768e-12 0.000567525 0.000779993 0.051733 0.0279762 0.001826 0.0835591 0.0313991 0.528965 0.0005623 0.0689912 0.00356292 0.000927761 0.0147041 
0.0149448 0.00346364 0.000312695 0.00058626 5.10919e-05 0.000431965 0.00692132 0.0302573 0.00329937 0.14382 0.000151497 0.0165858 0.00151447 0.0729439 3.59698e-05 0.078419 0.00902759 0.345055 0.000882697 0.0074485 0.234481 2.45313e-06 0.0293632 
0.0908144 0.00235624 2.85625e-05 0.0396947 2.34429e-05 4.16635e-06 0.0122424 0.00599833 0.00759125 5.28261e-07 0.0464055 0.0012133 0.0350272 0.00908475 0.0111937 0.269958 0.0647606 0.350019 0.00120684 0.0288391 0.00804561 0.000340537 0.0151516 
0.0188646 0.0254772 0.0807937 0.0450115 0.000654438 1.83133e-06 0.0680543 0.000619717 0.0858815 0.000200118 0.0066967 0.00139729 0.0139907 0.0156655 0.00307711 0.176047 0.082814 0.304392 3.29153e-05 0.0170902 0.0238496 0.0131335 0.0162551 
0.0188761 0.127431 0.000597788 0.0438886 5.77041e-11 0.000133465 0.0401233 0.0274091 0.0464976 3.08639e-10 0.00119571 0.0113492 0.000819122 0.0130744 6.56967e-07 0.0679355 0.0349967 0.324184 1.31295e-07 0.164971 0.0253988 0.00195811 0.0491596 
4.78424e-06 1.09261e-06 2.69335e-06 0.0804342 5.81787e-07 1.56777e-06 1.65234e-06 0.000163901 0.00159852 4.40528e-05 0.0238077 1.01145e-05 2.30697e-06 0.0337185 4.05163e-07 5.28688e-06 0.0272217 0.607695 2.96647e-06 0.108087 0.0756979 9.85515e-06 0.041489 
