0.00529289 0.00290293 0.146665 0.0978264 0.00046114 6.14257e-07 0.0527968 0.00912329 0.021646 4.4084e-05 0.0115806 0.0089392 0.0266042 0.00552896 0.00147865 0.0886473 0.0433476 0.0737855 1.55244e-05 0.360348 0.0183331 0.00124463 0.023388 
0.123279 0.0354088 0.00634475 0.106133 0.000192746 1.53144e-06 0.0251237 0.000101582 0.00515756 0.00114471 0.0036804 0.0211654 0.00361336 0.0343469 0.00208568 0.010671 0.00606609 0.0891215 0.000506099 0.374601 0.00641995 0.135209 0.00962628 
0.00265058 0.000205882 2.92676e-10 0.0267226 6.24666e-09 7.0516e-08 8.57515e-05 0.00505136 0.000278739 1.48665e-11 1.41136e-06 0.000918689 0.00127676 0.0040649 6.14706e-05 0.025882 0.0206395 0.0229733 1.16747e-06 0.830496 0.0282259 0.000726332 0.0297371 
0.0222503 0.00203846 1.88714e-11 0.0533552 4.52897e-12 2.43904e-11 0.00232815 0.00224719 0.00151079 2.42239e-11 0.000193897 4.61688e-12 2.53993e-07 0.0139816 3.29448e-05 0.00863524 0.00290773 0.20457 2.17279e-07 0.683137 0.00108891 9.88463e-05 0.00162308 
0.0479269 0.123197 0.0015489 0.198956 0.000554008 5.48412e-06 0.0208816 0.0122237 0.0366962 4.47303e-05 0.0425595 0.0124447 0.0123536 0.0105656 0.00191531 0.0864759 0.0163946 0.109713 0.00228771 0.226558 0.0140093 0.00771762 0.0149714 
0.0342145 0.000133165 0.000297664 0.0140061 1.74271e-06 5.34679e-05 0.00323729 0.0638314 0.0746503 1.36164e-10 0.000269001 0.0601874 0.00276433 0.00144104 0.00366637 0.12387 0.166944 0.0017021 0.000726444 0.39495 0.0046555 0.000160909 0.0482369 
0.00664795 0.000237373 4.69994e-09 0.0267774 2.03708e-05 6.07445e-09 3.25092e-06 0.000258997 0.000993777 0.000263781 3.20426e-05 0.0063417 1.55018e-06 0.0118411 3.25517e-09 0.00470996 7.87877e-05 0.00540701 5.85968e-09 0.934803 0.000177792 0.000187495 0.00121709 
0.0319019 0.00807171 0.000364369 0.132035 7.48966e-05 2.45054e-05 0.0960288 0.0102531 0.160624 0.0014648 0.0187495 0.00922301 0.0342567 0.0144078 0.00434206 0.131493 0.0195295 0.0614207 0.000201468 0.234895 0.00892915 0.0061546 0.0155538 
0.0654012 0.0157842 0.00358417 0.0817809 2.29033e-05 6.87638e-07 0.0445991 0.0030782 0.00859136 1.34521e-06 0.162569 0.0241392 0.0106934 0.0281212 0.00157687 0.0601736 0.0215842 0.0498864 9.2802e-05 0.396846 0.00596261 0.00372575 0.0117846 
0.0207444 0.0027304 1.57006e-05 0.243066 1.5276e-05 3.65466e-06 0.000902352 0.00419984 0.00188811 4.8809e-06 0.244422 0.000882757 0.0235106 0.00369619 1.78468e-06 0.0549669 0.00792913 0.0243729 4.17398e-07 0.344742 0.00277367 0.00245468 0.0166764 
0.00667801 0.000733016 1.22968e-05 0.042316 8.44367e-06 4.93096e-08 0.000230987 0.000166259 0.00288843 1.12652e-09 0.000196978 9.61934e-05 0.00105132 0.00111213 0.000235825 0.00763948 0.00574391 0.00342695 8.87291e-08 0.926058 0.00047092 0.0001999 0.000734994 
0.0477376 0.0178523 0.00265559 0.117744 9.55957e-06 4.50163e-05 0.20856 0.0453748 0.0073667 3.64959e-06 0.0260055 0.0282711 0.0178131 0.00672165 0.000790485 0.0348793 0.00903767 0.105615 0.00587146 0.296103 0.00780797 0.00118817 0.0125465 
0.00667801 0.000733016 1.22968e-05 0.042316 8.44367e-06 4.93096e-08 0.000230987 0.000166259 0.00288843 1.12652e-09 0.000196978 9.61934e-05 0.00105132 0.00111213 0.000235825 0.00763948 0.00574391 0.00342695 8.87291e-08 0.926058 0.00047092 0.0001999 0.000734994 
0.058748 0.00200023 8.52019e-05 0.172792 2.78482e-07 1.66093e-08 0.00952462 0.0452121 0.0667796 8.85274e-06 0.113366 0.0376213 0.00556922 0.00731667 3.32431e-05 0.0998727 0.141172 0.0236489 1.07014e-09 0.189364 0.00257339 0.000660739 0.0236502 
0.00864282 0.00172575 4.20712e-07 0.111269 6.97025e-07 2.81893e-06 0.0376611 0.00145443 0.0178641 1.33168e-09 0.149617 0.0009669 0.000483313 0.0041288 0.00444624 0.145875 0.110613 0.0300378 5.81563e-07 0.305124 0.0217711 0.000192029 0.0481227 
0.0185866 0.00227813 3.28509e-05 0.212952 1.61632e-05 1.09911e-06 0.0339802 0.00102775 0.00133359 2.41198e-07 0.212137 0.0110892 0.00301375 0.000254381 6.83227e-05 0.0243254 0.000509984 0.00518309 7.86723e-05 0.472483 0.00015566 0.000413282 7.8728e-05 
0.0296712 0.00815249 8.71671e-05 0.162205 3.93963e-05 6.14576e-07 0.0524386 0.00227037 0.0125612 0.00329022 0.0285351 0.00415063 0.0117882 0.0135874 0.0024821 0.0623752 0.0104385 0.0973441 0.000285222 0.491794 0.00108665 0.00175886 0.0036573 
0.0445777 0.00942671 6.97961e-07 0.171598 6.98606e-07 6.97714e-07 0.0182317 0.00293468 6.98671e-07 6.97722e-07 0.0994196 6.98601e-07 0.0190031 6.9862e-07 6.98224e-07 0.0514986 6.98738e-07 0.183376 6.97754e-07 0.321676 6.98575e-07 6.97462e-07 0.078249 
0.191283 4.61668e-05 2.58789e-08 0.0126392 2.53158e-05 1.93693e-07 0.0415752 0.00181912 0.00178537 7.65225e-11 0.0355327 0.00539121 0.0458647 0.000369841 4.33674e-06 0.0390326 0.0143788 0.0227419 8.34539e-07 0.573705 0.00510482 0.000212979 0.00848563 
0.0465498 0.00327777 0.000173113 0.058749 6.62437e-08 5.11768e-10 0.145747 0.00312472 0.130612 0.000369492 0.00967598 0.0149597 0.0743693 0.0311321 0.000337028 0.114308 0.0240617 0.0822421 5.84346e-07 0.17245 0.0673758 5.28104e-05 0.0204317 
0.00897133 5.08674e-06 0.000205579 0.0804749 1.4086e-05 4.04205e-07 0.0179571 0.0189718 0.0060055 2.46757e-07 0.0340566 0.1599 0.00432995 2.55725e-05 0.000326769 0.134255 0.0271648 0.000140213 2.65605e-06 0.493751 2.37027e-06 2.95e-05 0.0134086 
0.0893885 0.000111946 0.00242063 0.0241252 2.84781e-05 8.03018e-06 0.105054 0.0235454 0.0344632 3.99377e-06 0.000857968 0.0140304 0.00452486 0.000576494 0.00164421 0.0426711 0.0177074 0.0437584 0.00128967 0.571571 0.00948991 0.000438865 0.0122901 
0.183564 0.021462 1.71955e-06 0.0729124 6.20032e-06 6.44637e-06 0.0177104 0.0262537 0.000822409 1.22934e-08 0.0231692 0.00485068 0.0931808 0.00542062 5.93579e-05 0.125194 0.0133889 0.0518269 1.72347e-05 0.351592 0.000186893 0.00169344 0.0066804 
0.0344408 0.0348774 4.84994e-05 0.195654 9.95307e-06 3.76574e-09 0.00859987 0.00149507 0.0356134 6.06493e-11 0.000769422 0.000321202 0.00202742 0.00132314 0.000588689 0.0918294 0.022113 0.0196543 7.20628e-09 0.471283 0.00122068 5.68966e-05 0.078074 
0.0205272 0.000179966 1.13502e-07 5.05941e-07 5.12042e-08 8.73862e-08 5.98431e-07 0.0174691 0.00192986 7.71398e-11 0.00107473 0.291896 0.134358 0.000823508 1.03352e-06 0.0426681 0.0156274 0.00229403 2.23004e-06 0.340217 7.35222e-07 1.62097e-07 0.13093 
0.00667801 0.000733016 1.22968e-05 0.042316 8.44367e-06 4.93096e-08 0.000230987 0.000166259 0.00288843 1.12652e-09 0.000196978 9.61934e-05 0.00105132 0.00111213 0.000235825 0.00763948 0.00574391 0.00342695 8.87291e-08 0.926058 0.00047092 0.0001999 0.000734994 
0.102918 0.00136312 0.000144168 0.253939 0.000118749 0.0385847 0.00595231 0.0214996 0.00186377 1.19387e-08 0.0319336 0.0158921 0.0375772 0.00737943 5.35962e-05 0.0801393 0.0187388 0.00928454 1.29282e-05 0.345527 0.000944034 0.00897514 0.017158 
0.000649646 1.84257e-05 0.000126767 5.58522e-12 3.10088e-05 0.000758052 0.000441515 0.00614254 0.00164073 5.05379e-11 1.8587e-05 0.000614986 0.00020406 0.00420656 2.73669e-05 0.0584884 0.0124792 1.18469e-08 5.28216e-06 0.913948 2.4343e-05 2.66871e-08 0.000174685 
0.0114187 0.00646443 2.86364e-08 0.0544732 6.87248e-09 3.70112e-08 0.0333829 3.07004e-05 0.0866607 1.24343e-05 0.00266012 0.00059692 6.41363e-07 3.02273e-05 7.05666e-05 0.0775164 0.0156935 0.109158 1.71783e-05 0.567624 0.0335185 2.45209e-05 0.000646784 
0.0789224 0.00310619 0.000167059 0.101634 2.70844e-05 7.88465e-07 0.0982801 0.00263449 0.0716262 7.37962e-09 0.0411644 0.0123663 0.00435664 0.000344443 0.000278368 0.163906 0.0661423 0.0492296 0.000209996 0.277075 0.0109135 0.00155875 0.0160563 
0.0980103 0.00266423 2.1589e-10 0.161498 0.000177317 1.90343e-06 0.0662435 8.99288e-08 0.0012768 1.40335e-08 3.47125e-06 0.00610173 0.0107815 0.0429183 0.00117671 0.00632634 0.00691911 0.18619 6.59707e-08 0.229219 0.00562139 0.165544 0.00932585 
0.0225043 0.132067 7.66181e-05 0.227891 4.75343e-05 6.12363e-06 0.00951021 0.00212006 0.024904 1.0209e-05 0.0172049 0.000988594 0.00591449 0.00344168 0.000323247 0.040362 0.0189889 0.113997 0.000125126 0.369601 0.00166182 0.00267845 0.00557502 
0.0353082 0.00472571 0.00352032 0.0868795 0.000122609 6.05251e-05 0.0394967 0.0110289 0.124323 0.00167236 0.0177558 0.0117727 0.00539814 0.0103115 0.00348715 0.084801 0.0431508 0.139823 0.000154717 0.330689 0.0153242 0.0099853 0.0202089 
0.016451 0.0560495 0.00426052 0.306117 0.00201226 8.99526e-09 0.00111574 0.0325395 0.0055323 1.66014e-07 0.00350464 0.0182644 0.0346475 0.0109529 0.000487282 0.00951377 0.0439425 0.00950983 0.000259741 0.444317 3.2586e-06 0.000104684 0.000414965 
0.0627961 0.000280049 0.0016915 0.102372 0.000166964 3.79706e-05 0.0254853 0.0351207 0.0513697 0.0027667 0.0252618 0.0315055 0.00731337 0.142844 0.0020855 0.119135 0.0345306 0.094029 1.8426e-05 0.207234 0.0265447 0.00155047 0.0258608 
0.0634991 0.000762245 0.000322586 0.0575778 0.000212683 8.94244e-05 0.0344137 0.0411152 0.236753 1.23416e-07 0.0168327 0.00573434 0.0125862 0.015444 0.0040343 0.0714593 0.136515 0.0122759 3.08768e-05 0.238009 0.00538176 0.00200182 0.0449483 
0.0695117 0.013043 0.00372084 0.259218 0.000288119 0.00879557 0.0442691 0.010321 0.0536124 0.00204491 0.0216861 0.0134975 0.0197001 0.0338758 0.00204465 0.0755682 0.0245326 0.0284068 0.000310353 0.266916 0.00377446 0.000629444 0.0442337 
0.00667801 0.000733016 1.22968e-05 0.042316 8.44367e-06 4.93096e-08 0.000230987 0.000166259 0.00288843 1.12652e-09 0.000196978 9.61934e-05 0.00105132 0.00111213 0.000235825 0.00763948 0.00574391 0.00342695 8.87291e-08 0.926058 0.00047092 0.0001999 0.000734994 
0.0158206 0.00251384 3.0965e-05 0.0831512 4.28738e-05 3.64499e-07 0.0723025 0.00670009 0.0151266 6.97779e-12 0.0531533 0.00449743 0.00262008 0.00793111 2.8887e-05 0.0246274 0.0207807 0.00659436 4.17219e-07 0.680925 0.00140284 0.000327131 0.00142242 
0.00531141 0.00294648 7.73614e-06 0.0235805 5.10331e-08 7.78302e-07 0.0303614 1.15619e-05 0.0185398 1.70192e-08 0.0161816 0.147432 0.00545291 0.128693 2.08605e-06 0.0272775 0.0188681 0.0019415 1.65303e-08 0.298531 0.0695905 0.000864466 0.204405 
0.0920933 0.140735 0.00903694 0.0659808 0.000696505 7.81343e-06 0.0762483 0.0127375 0.0660383 5.64771e-05 0.0337965 0.00485875 0.0141956 0.0111916 0.00391913 0.0558794 0.0255652 0.110059 0.000468502 0.249681 0.00332939 0.000312771 0.0231123 
0.0830266 0.00284791 0.00431022 0.112538 0.000309819 8.4376e-05 0.12207 0.022363 0.0786021 0.000132961 0.0129886 0.0754397 0.00967171 0.0215802 0.0343895 0.0369416 0.0301125 0.0210327 0.00295768 0.28864 0.00744169 0.00184473 0.0306746 
0.0882546 0.00572656 2.1888e-10 0.0555362 4.57144e-08 7.81631e-08 0.0449027 0.00131682 0.0152875 4.76999e-06 0.00318431 0.00754619 0.00113882 0.00504256 0.000449971 0.155246 0.0383114 0.15388 9.89031e-06 0.398366 0.0149811 3.06781e-05 0.0107833 
0.0702876 0.0982322 6.70679e-07 0.0287008 6.9973e-06 8.74068e-08 0.0253212 0.029895 0.0202726 3.70565e-10 0.0125212 0.0128221 0.0340265 0.00767737 1.99943e-10 0.258703 0.0717218 0.00890688 3.5992e-10 0.316492 6.77137e-08 2.94281e-06 0.00440905 
0.00147328 3.37917e-07 1.00763e-06 0.0950534 9.67473e-06 4.41071e-09 0.115085 0.00579301 0.0228679 3.38601e-06 1.32752e-05 0.00815281 0.00675862 0.0187247 0.0594434 0.0277793 0.114665 0.00361334 7.23197e-05 0.233177 0.192378 0.0137198 0.0812152 
0.00299846 0.0031483 0.00012124 0.121023 1.00006e-05 1.97442e-06 0.0146 0.00179394 0.0169619 2.0078e-05 0.0135022 0.00792452 0.0115019 0.00262437 0.000607645 0.0402132 0.0282078 0.0621204 1.97465e-07 0.514398 0.0430075 0.000760374 0.114453 
0.00514976 0.00161878 1.47223e-07 0.0327764 1.46059e-05 2.78248e-06 0.00551564 9.26348e-05 0.000189993 1.8898e-07 0.00393823 1.69578e-05 0.000901268 2.89271e-05 4.95088e-05 0.013063 0.000120782 0.0357142 0.00055963 0.896996 7.68e-06 0.000656044 0.00258693 
0.00204949 0.00010823 0.00329171 0.0027998 0.00128762 0.0595613 0.00277628 0.0341386 0.0551441 4.61269e-06 0.000377241 0.037691 0.11641 0.13965 0.138398 0.02803 0.0202875 0.000612248 0.000105056 0.348239 0.0032323 2.49264e-06 0.00580354 
0.0242224 0.0292072 0.000324749 0.167112 0.00257199 3.51762e-05 0.0199819 0.00679407 0.0557358 4.66085e-05 0.077871 0.00921734 0.00666502 0.0119347 0.00301281 0.105725 0.0500422 0.124912 0.000661575 0.263221 0.0146039 0.00309192 0.0230095 
0.00362744 0.000827648 1.58059e-06 0.0910183 7.11204e-05 3.61983e-09 0.0240208 1.21086e-06 0.0178764 3.59511e-09 0.00146384 0.0232205 0.00136358 0.00109727 3.96323e-07 0.00926739 0.000671684 0.0503343 3.80875e-06 0.730234 0.0288576 0.0147909 0.0012499 
0.000826867 0.000120963 0.00397901 0.00586561 0.000232127 0.00234429 0.00245685 0.0184783 0.0455715 2.17769e-06 0.00519291 0.00278128 0.00263984 0.0121566 0.000342478 0.206519 0.0636944 0.000614455 0.000115674 0.621509 0.00213293 0.000135352 0.00228906 
0.061816 0.00360948 5.79356e-08 0.168652 1.61507e-05 2.3759e-05 0.00887802 0.011635 0.000391293 3.16463e-05 0.022298 0.00825262 0.0034348 0.00230298 8.52882e-05 0.0134965 0.0566226 0.0180501 1.97128e-07 0.616822 0.000144067 0.000266979 0.00317124 
0.0630165 0.0101236 0.00302342 0.0599101 0.01371 0.000135768 0.0744195 0.0278726 0.0278575 2.40674e-05 0.10517 0.0276615 0.00170341 0.00650836 0.000249642 0.0673933 0.0811925 0.0073792 1.33967e-06 0.256731 0.00224254 0.129511 0.0341624 
0.0940896 0.00488343 8.7733e-05 0.0300258 0.000103272 8.09229e-07 0.0132435 0.0043974 0.0716279 1.29141e-05 0.0219583 0.00117091 0.00830721 0.0244918 0.000205662 0.0434688 0.08344 0.0569152 0.00198181 0.525942 0.00754618 0.00137377 0.00472554 
0.032099 0.00633127 0.000247685 0.116391 4.37558e-05 6.96096e-07 0.00536653 0.000734891 0.0464126 2.72509e-09 0.00473536 0.00148214 0.00820259 0.00451893 0.0232794 0.0736298 0.0322891 0.0346272 8.1439e-06 0.593265 0.00460555 0.00618726 0.00554269 
0.113396 0.00370226 3.30909e-05 0.0669995 2.13238e-05 4.49611e-07 0.0683804 0.00288438 0.00101689 3.99203e-08 0.0382201 0.0350153 0.00272892 0.0188773 0.0016743 0.0615444 0.00495365 0.195497 7.23295e-05 0.361811 0.00871602 0.00104715 0.0134078 
0.00204949 0.00010823 0.00329171 0.0027998 0.00128762 0.0595613 0.00277628 0.0341386 0.0551441 4.61269e-06 0.000377241 0.037691 0.11641 0.13965 0.138398 0.02803 0.0202875 0.000612248 0.000105056 0.348239 0.0032323 2.49264e-06 0.00580354 
0.185663 0.000538021 0.000115623 0.0271968 0.000134174 0.15263 0.0150495 0.0539136 0.00171711 8.47417e-11 0.0761386 0.0591239 0.0377761 0.00777511 0.000188977 0.0574246 0.0268633 0.00276849 2.17742e-05 0.250373 0.00137739 8.80499e-05 0.0431225 
0.0541221 4.38214e-05 4.20402e-07 0.0325789 4.35796e-06 6.27014e-07 0.0102097 0.000809713 0.00211858 2.58504e-07 0.0116334 0.00225868 0.0175444 0.000318811 0.00521979 0.0176252 0.001768 0.00655618 1.98231e-06 0.826897 1.12939e-06 0.00146287 0.00882374 
0.0256572 0.00325323 0.00091246 0.0871891 5.48577e-05 4.32467e-08 0.0147051 0.00626033 0.0673011 0.0101239 0.00499056 0.0559142 0.0541997 0.143375 0.000391467 0.0205492 0.0611821 0.0410344 0.00805873 0.201753 0.0115568 0.00875649 0.172781 
0.000857871 0.0923621 1.48095e-06 0.0937058 2.88837e-06 1.57229e-07 0.0545583 0.000499519 0.00144111 5.37842e-09 0.0341325 0.00167448 0.000893143 9.51777e-05 1.32728e-05 0.00357698 0.00874959 0.00680421 1.70406e-06 0.68106 0.00167547 9.64525e-05 0.0177979 
0.00496472 0.0150304 1.8522e-07 1.48274e-06 1.12458e-10 6.05636e-10 0.127961 0.00163477 0.0419464 0.000464342 4.86241e-07 1.92108e-06 0.00489423 0.00189662 7.04093e-07 0.0224779 0.0012978 0.125848 5.84223e-10 0.64992 0.00102419 0.000635162 8.95086e-11 
0.0302459 0.135554 8.25361e-05 0.188087 0.000340359 0.000261524 0.0265849 0.0927824 0.104889 4.94431e-11 0.00228443 0.00210662 0.0211654 0.00207827 0.00358904 0.0704544 0.0504303 0.0235449 1.02751e-05 0.20896 0.00138637 0.00383382 0.0313287 
0.167813 0.0711399 0.000622699 0.150726 4.0003e-05 4.00012e-07 0.014526 0.00682975 0.015962 1.62976e-10 0.0241608 0.00902185 0.00507758 0.00371018 0.00011978 0.0692054 0.01974 0.11713 7.01285e-05 0.213484 0.00476082 0.00133323 0.104526 
0.0207444 0.0027304 1.57006e-05 0.243066 1.5276e-05 3.65466e-06 0.000902352 0.00419984 0.00188811 4.8809e-06 0.244422 0.000882757 0.0235106 0.00369619 1.78468e-06 0.0549669 0.00792913 0.0243729 4.17398e-07 0.344742 0.00277367 0.00245468 0.0166764 
0.154889 1.03475e-06 4.25041e-10 2.95514e-07 1.02006e-10 5.49345e-10 2.21848e-06 4.11677e-07 2.74209e-07 5.45595e-10 0.000882924 0.00123623 9.46093e-11 0.19707 0.0901976 7.27135e-07 3.96842e-07 0.0554445 5.29923e-10 0.212264 0.123346 6.76455e-10 0.164664 
0.0132613 0.0095108 9.25104e-06 0.136879 0.00852198 0.000101675 0.0100461 0.0031838 0.0130384 1.64489e-08 0.0672259 0.00399401 0.00392384 0.00200356 0.000402671 0.076112 0.0442457 0.0174298 1.80238e-05 0.579482 0.00702214 0.000533385 0.00305481 
0.0151263 5.44598e-05 8.24002e-11 0.014563 3.43409e-05 1.06498e-10 0.000487518 0.00135364 0.00283716 3.46275e-06 0.00169401 0.0233842 0.000924388 0.00313672 4.34299e-05 0.00788347 0.00225125 0.0037055 2.62007e-07 0.914307 8.47202e-05 0.000134685 0.0079905 
0.0551089 0.00255936 0.00149244 0.0699091 0.000218448 1.01346e-05 0.0552823 0.00859752 0.0332082 6.85298e-05 0.0291776 0.0108583 0.0106541 0.0277881 0.00686879 0.0475293 0.0238759 0.215909 6.5422e-05 0.371527 0.0101109 0.00439765 0.0147831 
0.0192342 0.0103212 0.000112985 0.230181 7.68001e-06 2.45731e-06 0.206519 0.00438769 0.0771398 1.75246e-10 0.0194057 0.00659813 0.00647891 0.000755887 0.00046125 0.0153415 0.00300752 0.0250852 6.19407e-06 0.37287 0.00112005 0.00053541 0.000428492 
0.183824 0.000884712 3.50079e-05 0.0893542 7.08768e-05 4.66963e-07 0.0111473 0.0125607 0.000382719 1.14258e-06 0.0822542 0.0106902 0.0237555 0.014027 0.00143412 0.138295 0.0137243 0.0747769 0.000199025 0.337936 0.00295398 0.000187003 0.00150524 
0.0133403 0.00082171 0.000154851 0.375379 0.0001313 2.13238e-08 0.0129002 0.0150766 0.000407728 1.4737e-09 0.0190208 0.00147555 0.0429277 0.000817857 0.000262725 0.0265333 0.0158478 0.011534 0.00961745 0.386991 0.00178105 0.0114795 0.0534997 
0.0980103 0.00266423 2.1589e-10 0.161498 0.000177317 1.90343e-06 0.0662435 8.99288e-08 0.0012768 1.40335e-08 3.47125e-06 0.00610173 0.0107815 0.0429183 0.00117671 0.00632634 0.00691911 0.18619 6.59707e-08 0.229219 0.00562139 0.165544 0.00932585 
0.0449146 0.00347562 0.0009294 0.189292 4.18496e-05 9.4416e-05 0.0393896 0.00632715 0.0185673 1.11815e-05 0.0673051 0.00455602 0.0107397 0.0351298 0.00167551 0.112921 0.0174073 0.177228 1.26565e-06 0.240053 0.00913043 0.0135469 0.00726333 
0.0355029 0.00740232 0.000168309 0.0865472 0.000110597 0.000193875 0.0703017 0.0292135 0.168439 1.46788e-05 0.0117003 0.0102554 0.023875 0.0182045 0.00216558 0.131276 0.116434 0.0277855 6.51501e-05 0.211587 0.0163611 0.00364134 0.0287554 
0.185868 0.0211322 0.000136219 0.074544 0.000478756 0.000281473 0.0940781 0.00572771 0.0619958 0.000326923 0.00705759 0.00459908 0.00402066 0.00688208 0.000594096 0.171676 0.0218278 0.0451582 4.87994e-06 0.284167 0.00576173 0.000454267 0.00322715 
0.0398886 0.0075337 0.0189971 0.0712127 0.00801201 0.000101688 0.0258639 0.00932473 0.120509 0.000440945 0.0139944 0.0105767 0.0293423 0.164772 0.00605814 0.0516959 0.121253 0.0394591 0.000326983 0.180409 0.0350951 0.00171781 0.0434153 
0.0132047 0.0548767 2.37003e-07 0.246645 1.15825e-05 6.07633e-11 0.284652 0.00281682 0.00248838 6.03484e-11 0.0108001 0.0022393 0.00271902 0.0190027 0.00010875 0.00417909 0.013555 0.01918 4.94108e-07 0.309698 0.00119992 0.0011581 0.0114633 
0.0503104 0.0698984 0.000314786 0.178525 0.00187087 0.000107188 0.0146536 0.0319432 0.0301456 8.19984e-05 0.0530637 0.0136739 0.0261384 0.0165639 0.000793636 0.0649422 0.0338477 0.0313644 0.000542797 0.260507 0.010341 0.0890752 0.0212952 
0.0137966 0.000220997 2.18727e-06 0.0711625 0.00547543 2.1865e-06 0.0105093 0.0166399 0.127431 2.18652e-06 0.0210209 0.0264924 2.18933e-06 0.0122625 0.00962979 2.18975e-06 0.146055 2.18919e-06 0.00131416 0.516297 0.0216752 2.18571e-06 2.18942e-06 
0.00181376 0.0797993 1.85076e-10 0.106079 4.40689e-08 2.39203e-10 0.0290597 0.000994095 0.000733457 2.37569e-10 0.00108307 4.25163e-07 1.6447e-07 3.30257e-06 0.000222991 0.00032411 0.000196346 0.0605834 2.1861e-08 0.718377 0.000242601 0.000486777 1.37129e-07 
0.0238752 8.87134e-05 3.14072e-06 0.101372 2.66755e-05 3.60648e-07 0.00452814 0.0021876 0.0206039 4.05821e-06 0.00153226 0.0134357 3.72959e-05 0.000912583 0.000192945 0.0232313 0.0105655 0.0124605 4.45941e-06 0.781168 0.000245624 0.00108888 0.00243448 
0.17858 0.00853838 3.88084e-05 0.0989105 4.66684e-05 1.60328e-07 0.0894077 0.00151475 4.26234e-05 2.58532e-10 0.0156236 0.00440094 0.0157726 0.00226231 2.54401e-05 0.0119663 0.0137301 0.0591327 0.00184247 0.479257 0.00218585 0.00742127 0.0092998 
0.0505197 0.00336901 0.000289486 0.176881 0.00969805 6.61966e-05 0.0645537 0.00271181 0.0946311 2.94372e-07 0.0076191 0.00623022 0.0494629 0.0111274 0.0133321 0.117918 0.0756773 0.0441492 4.52235e-05 0.221666 0.0187579 0.00397583 0.0273181 
0.062661 9.91176e-05 3.56276e-07 0.000530914 4.91951e-06 2.30731e-07 0.272595 0.0083598 0.0159762 9.8233e-10 0.0716047 0.186648 0.00816605 0.0103381 1.77763e-05 0.0248373 0.00261586 0.0361231 2.69583e-07 0.2919 0.00148098 0.000167274 0.00587274 
0.022331 0.00400323 9.38071e-06 0.0665633 0.00014149 7.13048e-07 0.00781124 0.0064291 0.0180795 2.83546e-05 0.000346292 0.000865503 0.00366375 0.0476732 2.8852e-06 0.0196016 0.0136755 0.00707074 5.09205e-06 0.774073 0.00147231 0.000174605 0.00597831 
0.0108765 0.0052133 0.000136689 0.151129 3.80615e-05 8.45017e-05 0.0266987 0.0167206 0.182093 5.57003e-05 0.0160949 0.0067262 0.00155998 0.0169592 0.00284844 0.0448929 0.0151289 0.0153761 1.90608e-07 0.399124 0.0838324 0.00399475 0.000415335 
0.0955129 0.0342522 4.14862e-05 0.143735 0.011608 0.000138178 0.0277197 0.00249799 0.0506149 3.52506e-08 0.0195336 0.00681326 0.00457965 0.0476299 0.00107796 0.0321624 0.0302946 0.0293198 0.0017314 0.452399 0.000901882 0.000276116 0.00715977 
0.000388516 0.000139564 8.00198e-06 0.000321761 1.2687e-07 6.8325e-07 0.00316192 0.00107327 0.00102962 6.78585e-07 0.00136198 0.000499481 1.17671e-07 1.18051e-07 5.61931e-05 3.41261e-08 0.000257913 9.79235e-05 6.59093e-07 0.990864 1.46013e-07 6.71069e-05 0.000669893 
0.0116458 0.00107026 3.69218e-07 0.139744 2.1902e-06 3.60171e-08 0.0701641 0.00760449 0.00282505 6.06491e-09 0.244731 0.00924844 1.10342e-06 0.00204209 6.5783e-08 0.0898952 0.0120537 0.00208491 4.77275e-08 0.406702 1.305e-09 2.22905e-05 0.000164022 
0.000649646 1.84257e-05 0.000126767 5.58522e-12 3.10088e-05 0.000758052 0.000441515 0.00614254 0.00164073 5.05379e-11 1.8587e-05 0.000614986 0.00020406 0.00420656 2.73669e-05 0.0584884 0.0124792 1.18469e-08 5.28216e-06 0.913948 2.4343e-05 2.66871e-08 0.000174685 
0.0392377 0.0100042 0.000390921 0.22938 3.6496e-05 1.03443e-05 0.0148475 0.00065454 0.0146154 0.00195839 0.0358454 0.0107088 0.00633692 0.00549951 0.000519516 0.141143 0.0203678 0.194862 0.000218459 0.229637 0.0202074 0.000872145 0.0226461 
0.0207444 0.0027304 1.57006e-05 0.243066 1.5276e-05 3.65466e-06 0.000902352 0.00419984 0.00188811 4.8809e-06 0.244422 0.000882757 0.0235106 0.00369619 1.78468e-06 0.0549669 0.00792913 0.0243729 4.17398e-07 0.344742 0.00277367 0.00245468 0.0166764 
0.199639 0.00905321 3.80144e-05 0.0696291 4.65517e-05 1.30263e-07 0.0741546 0.00308322 0.000125297 2.51947e-11 0.0186097 0.00752553 0.00586587 0.00226024 2.52594e-05 0.0193681 0.0168795 0.0682842 0.00183879 0.489466 0.00133024 0.000848113 0.0119296 
0.0202325 0.00519317 0.000869505 0.0248514 3.26911e-05 2.18507e-07 0.0398446 0.00192463 0.203493 0.0203744 6.53834e-07 0.00890079 0.00181074 0.0411838 0.000182608 0.10232 0.0185461 0.182815 0.00472832 0.227542 0.0576289 0.000203893 0.0373212 
0.222871 0.00698189 5.54348e-08 0.015342 9.50165e-09 6.23797e-09 0.0225067 0.000492945 0.00103309 1.09906e-05 0.00592572 0.00280873 0.0042184 0.00193312 1.23477e-08 0.0269258 0.0110657 0.0100933 1.8929e-09 0.661433 0.000864854 0.000328883 0.00516394 
0.0796473 0.00597461 0.000316135 0.0795109 0.00498116 0.00111528 0.0414706 0.0272992 0.0469558 0.0066851 0.0412803 0.0355527 0.0180084 0.0318175 0.00253511 0.138559 0.0447658 0.0334732 0.0031442 0.251184 0.0515034 0.00217799 0.0520425 
0.0174987 0.00563672 0.000192058 0.222155 0.00017147 5.14617e-06 0.0326179 0.00607542 0.0126654 3.59225e-06 0.0132946 0.0058321 0.000883694 0.00716914 0.00343232 0.0214442 0.0130972 0.0486714 0.00459697 0.537612 0.00306804 0.0264341 0.0174432 
0.018502 0.0310012 0.0440559 0.0209877 0.119961 3.22622e-05 0.0975656 0.0100783 0.0891956 0.0303017 0.0117969 0.0215099 0.0960057 0.0407771 0.000945519 0.0249867 0.0151809 0.0183136 2.3321e-05 0.159291 0.00687087 0.00105457 0.141562 
0.0333874 0.00320913 0.000165438 0.193967 2.25454e-05 1.49367e-06 0.188572 0.0252468 0.0348915 1.85468e-05 0.0128899 0.0723393 0.00149431 0.00475414 0.000130196 0.124445 0.0652289 0.0115956 4.5486e-06 0.194634 0.00058164 0.0016235 0.0307964 
0.062661 9.91176e-05 3.56276e-07 0.000530914 4.91951e-06 2.30731e-07 0.272595 0.0083598 0.0159762 9.8233e-10 0.0716047 0.186648 0.00816605 0.0103381 1.77763e-05 0.0248373 0.00261586 0.0361231 2.69583e-07 0.2919 0.00148098 0.000167274 0.00587274 
0.00317496 0.0113338 0.000124645 0.308469 2.98293e-05 8.83476e-08 0.00464914 0.00327366 0.0127491 3.36219e-08 0.0150408 0.000148379 0.00503279 0.00183182 0.00275167 0.0329862 0.0200303 0.0193529 8.98018e-06 0.542604 0.000575995 0.0130496 0.00278233 
0.000747656 0.000366022 3.36464e-06 0.00642206 4.68588e-09 3.7515e-10 7.12844e-05 0.000317107 7.28368e-09 1.48121e-06 0.0435002 0.00010365 0.000110962 0.000452463 2.01035e-10 1.75962e-05 0.000421688 0.0117075 3.61886e-10 0.934443 2.33896e-06 0.000292476 0.00101891 
0.138617 8.36e-06 2.39148e-05 0.0236697 1.41222e-05 3.36983e-06 0.00265614 6.71913e-05 0.000504013 1.01573e-09 0.00219506 0.00728681 0.00577427 0.0265485 0.00140723 0.0267307 0.00215446 0.109825 4.79287e-08 0.549176 0.0539309 0.00463901 0.0447683 
0.162771 0.000747512 0.00221625 0.062919 0.0012047 5.15125e-06 0.0081054 0.0874798 0.0413101 3.9956e-05 0.0231517 0.0584413 0.0804887 0.0117949 0.000382991 0.0903072 0.0810046 0.0190815 0.00146287 0.224001 0.00871358 0.00108394 0.0332875 
0.00877466 0.000464047 0.00142539 0.00151504 0.00386616 0.000537981 0.00337882 0.0144118 0.0135724 9.75267e-11 0.000638146 0.00656107 0.0093003 0.0886612 0.000191626 0.147051 0.102017 9.93748e-05 0.0025374 0.592052 0.00137999 9.72563e-06 0.00155465 
0.0507433 0.0022023 4.9519e-07 0.115387 4.52322e-05 2.13138e-06 0.0137469 9.69747e-05 0.000194302 1.61516e-09 0.00467278 0.0012076 0.0365577 0.000848117 0.0526074 0.00807389 0.000811501 0.0597554 5.54159e-05 0.642202 0.00363987 0.00590395 0.00124629 
0.00667801 0.000733016 1.22968e-05 0.042316 8.44367e-06 4.93096e-08 0.000230987 0.000166259 0.00288843 1.12652e-09 0.000196978 9.61934e-05 0.00105132 0.00111213 0.000235825 0.00763948 0.00574391 0.00342695 8.87291e-08 0.926058 0.00047092 0.0001999 0.000734994 
0.0297611 0.00938629 0.0157067 0.195418 0.000768581 3.13253e-05 0.0158222 0.0120946 0.0602214 3.76638e-06 0.0791684 0.00941986 0.00893962 0.0245694 0.0131002 0.106607 0.05911 0.0404127 0.000824056 0.289927 0.00664592 0.00195343 0.0201085 
0.0400059 0.00332119 0.00631603 0.223462 2.28144e-05 0.000881647 0.129861 0.0851333 0.0244357 1.70047e-06 0.029285 0.0184884 0.00220794 0.00964442 0.00479826 0.0257614 0.0448675 0.0631797 0.000355566 0.24699 0.00933244 0.0215528 0.0100958 
0.000747656 0.000366022 3.36464e-06 0.00642206 4.68588e-09 3.7515e-10 7.12844e-05 0.000317107 7.28368e-09 1.48121e-06 0.0435002 0.00010365 0.000110962 0.000452463 2.01035e-10 1.75962e-05 0.000421688 0.0117075 3.61886e-10 0.934443 2.33896e-06 0.000292476 0.00101891 
0.0430689 0.0476772 0.000109209 0.169933 4.57412e-05 3.58692e-08 0.0220655 0.00259173 0.019733 0.00901553 0.043957 0.0102741 0.0199795 0.0495239 8.3997e-06 0.0427796 0.0210617 0.0319833 0.000605567 0.424837 0.00700477 0.0172274 0.0165185 
0.000649646 1.84257e-05 0.000126767 5.58522e-12 3.10088e-05 0.000758052 0.000441515 0.00614254 0.00164073 5.05379e-11 1.8587e-05 0.000614986 0.00020406 0.00420656 2.73669e-05 0.0584884 0.0124792 1.18469e-08 5.28216e-06 0.913948 2.4343e-05 2.66871e-08 0.000174685 
0.0594043 0.0868931 9.04037e-05 0.0893088 1.16612e-05 1.117e-08 0.0333692 0.000301709 0.0259142 0.014314 0.00412021 0.0161404 0.0014798 0.0731203 3.34291e-06 0.0458385 0.0206825 0.0390457 0.00132877 0.45811 0.0103774 0.000230755 0.0199152 
0.00440668 0.0144754 0.00195091 0.0113455 0.000786232 1.01327e-07 0.00374565 0.00135139 0.147498 0.0469201 0.000368785 0.013033 0.00052473 0.0646318 0.000480085 0.000139942 0.0390752 4.05986e-05 9.77449e-08 0.636512 0.00622972 0.00519089 0.00129329 
0.0409965 2.79772e-06 0.000429132 0.00209556 1.2094e-05 5.26401e-09 0.0306766 0.00299109 0.000874317 4.82931e-10 0.00034305 0.00817476 0.00309439 0.00634619 3.29096e-05 0.00222494 0.00604388 0.362242 7.24393e-06 0.502707 0.0190184 0.00399349 0.00769366 
0.292663 2.43883e-05 3.73971e-11 0.0259778 0.000111865 2.05638e-06 0.00301901 0.00572199 0.00158016 2.43504e-06 0.0256585 0.0172399 0.0251044 0.00509498 0.000348614 0.0119353 0.0251088 0.00499616 7.50303e-07 0.546972 0.000202694 8.84233e-05 0.00814627 
0.011422 0.000479089 4.69004e-05 0.0168841 0.00071142 0.00151377 0.017035 0.00030898 0.160235 1.2003e-05 4.03502e-05 0.00181222 0.000805212 0.00107644 0.00023991 0.0228047 0.00298429 0.00291147 5.54496e-05 0.753189 9.21356e-05 0.00469331 0.000647095 
0.202842 0.000252432 6.50834e-07 0.0321568 2.28002e-05 1.22429e-05 0.0253046 0.0166633 0.00237671 7.56327e-06 0.000499266 0.11579 0.000846244 0.0264821 0.00117719 0.0330277 0.00208397 0.0556348 2.24841e-07 0.426589 0.0406412 3.40618e-06 0.0175869 
0.0770076 0.025704 0.000269377 0.139294 3.41496e-05 3.33813e-05 0.0411858 0.00258155 0.0842641 0.00760261 0.0162892 0.00279223 0.00101595 0.0241475 0.00243654 0.0395927 0.0349067 0.048373 0.000101741 0.362594 0.0337422 0.000304001 0.0557275 
0.00634073 0.00535987 2.05035e-10 0.185074 1.38771e-05 0.000304117 0.00182102 4.89261e-05 0.0098994 2.63189e-10 1.48305e-05 3.01993e-05 0.0417347 0.0114787 0.000366152 0.0696531 0.0135527 0.0329047 0.00616518 0.611967 0.000158914 0.00193341 0.00117806 
0.0178431 0.000487499 2.89968e-06 0.0523609 9.95923e-05 9.18728e-08 0.105279 0.00263355 0.0600976 0.00015757 0.0007998 0.0159778 0.01779 0.0114566 0.0141422 0.0687257 0.0865849 0.0811903 0.000369468 0.240479 0.138535 0.000455174 0.0845326 
0.00292065 0.00351368 0.000456114 0.229631 4.13264e-06 1.5689e-07 0.0152366 0.00152754 0.0264208 8.49191e-05 0.0419319 0.034719 0.0065592 0.00565675 0.000308853 0.0234812 0.0182884 0.0299774 1.05161e-06 0.41046 0.0724855 0.000714752 0.075621 
0.0154616 0.000242205 0.00171789 0.151068 2.33913e-05 6.52241e-05 0.0682558 0.00639786 0.0427322 3.57498e-07 0.0397341 0.0753593 0.0058689 0.0088198 0.0263808 0.0633664 0.00769307 0.0153822 5.01046e-07 0.45525 0.00261452 0.00275268 0.0108136 
0.0185727 0.00038196 0.000261964 0.0267907 1.84699e-06 0.000154152 0.0180472 0.00161915 0.00675584 0.000259233 0.000818438 0.0302507 0.000269232 0.0279007 0.000434335 0.0606658 0.019446 0.0132123 3.28945e-07 0.72793 0.0182125 0.000131875 0.0278832 
0.0017726 0.000340531 0.000363676 0.0464955 1.26595e-05 1.1686e-07 0.000413079 0.00056601 0.00615224 1.91972e-09 0.00333886 0.00135287 0.00114583 0.00102683 0.000220396 0.0109652 0.0101324 0.00228888 3.64523e-06 0.895581 0.00589305 0.000162172 0.0117724 
0.010067 0.0461038 7.73013e-06 0.196974 3.12722e-06 9.81633e-08 0.0637172 0.00204755 0.00492815 2.68402e-08 0.0314618 0.00949692 0.00381557 0.0119586 4.26115e-06 0.0209248 0.00911268 0.0122035 5.37984e-05 0.551963 0.0101269 0.00901254 0.00601712 
0.000649646 1.84257e-05 0.000126767 5.58522e-12 3.10088e-05 0.000758052 0.000441515 0.00614254 0.00164073 5.05379e-11 1.8587e-05 0.000614986 0.00020406 0.00420656 2.73669e-05 0.0584884 0.0124792 1.18469e-08 5.28216e-06 0.913948 2.4343e-05 2.66871e-08 0.000174685 
0.120422 8.42311e-06 1.75377e-05 0.10538 3.65844e-05 5.53709e-08 0.0136249 0.00895828 0.00315886 4.81648e-07 0.00646711 0.0755839 0.00271089 0.00275466 0.0019994 0.117758 0.00592584 0.000732066 0.000157967 0.396371 0.00456326 0.0464876 0.0868816 
0.000649646 1.84257e-05 0.000126767 5.58522e-12 3.10088e-05 0.000758052 0.000441515 0.00614254 0.00164073 5.05379e-11 1.8587e-05 0.000614986 0.00020406 0.00420656 2.73669e-05 0.0584884 0.0124792 1.18469e-08 5.28216e-06 0.913948 2.4343e-05 2.66871e-08 0.000174685 
0.0896008 0.0113686 0.00431808 0.246458 0.00116815 7.70937e-05 0.0983639 0.00402318 0.00164907 0.000798379 0.0509196 0.0159096 0.0237657 0.00633133 0.00556435 0.0315476 0.0212461 0.0221704 0.00226049 0.327704 0.00425552 0.000549919 0.0299507 
0.0233154 0.101765 0.00294715 0.24129 5.93819e-05 2.56479e-05 0.0303975 0.00560948 0.062882 6.53338e-05 0.0487887 0.00790141 0.0105069 0.00799277 0.0046268 0.0590912 0.0310691 0.0547608 0.00144819 0.28081 0.0114749 0.0010082 0.0121646 
0.0383589 0.000899827 0.00023784 0.117206 0.000672313 2.27852e-05 0.0834773 0.0122618 0.0502186 0.00729345 0.00970075 0.0135371 0.0691097 0.0189526 0.00236973 0.0655156 0.0575173 0.158683 0.00198062 0.244976 0.0193203 0.0011495 0.0265393 
0.0338302 0.0354039 0.00115676 0.126178 0.000249884 0.000102358 0.0967541 0.00742347 0.184743 0.00370453 0.00930516 0.015453 0.0285942 0.0216943 0.00159809 0.0706565 0.0443223 0.0467586 0.000104071 0.231233 0.0121924 0.00189007 0.0266529 
0.0526472 0.00993469 0.00278771 0.105783 3.96456e-05 0.000161638 0.0542648 0.00487313 0.128275 5.11189e-08 0.00409521 0.00325662 0.0364394 0.0291282 0.0016328 0.0504873 0.119024 0.0947268 0.000127327 0.195742 0.032601 0.00061236 0.0733603 
0.0397176 0.00799978 2.91328e-07 0.13512 2.03248e-06 1.14123e-06 0.00663898 0.000659737 0.00213552 3.35844e-10 0.000808859 0.0115518 0.017238 0.00235667 4.3762e-06 0.0766154 0.00425508 0.00881702 3.1562e-05 0.669281 0.00231479 6.26506e-05 0.0143882 
0.00440231 1.11555e-05 0.00054577 2.27582e-06 7.80091e-05 2.07343e-05 0.0107679 0.000589148 0.00141194 4.8925e-05 2.88296e-06 0.00103531 0.000858429 0.153375 0.00150924 0.126531 1.38675e-06 0.000476843 2.00012e-05 0.690841 0.0074424 2.55319e-05 3.06438e-06 
0.0165201 0.00171642 0.000923106 0.0646885 0.000263698 5.12611e-05 0.0363318 0.0490005 0.12005 0.000351896 0.0349817 0.0169682 0.0155361 0.00594845 0.00193325 0.124515 0.100616 0.0541531 0.00235409 0.322066 0.013841 0.0022044 0.0149856 
0.000747656 0.000366022 3.36464e-06 0.00642206 4.68588e-09 3.7515e-10 7.12844e-05 0.000317107 7.28368e-09 1.48121e-06 0.0435002 0.00010365 0.000110962 0.000452463 2.01035e-10 1.75962e-05 0.000421688 0.0117075 3.61886e-10 0.934443 2.33896e-06 0.000292476 0.00101891 
0.000649646 1.84257e-05 0.000126767 5.58522e-12 3.10088e-05 0.000758052 0.000441515 0.00614254 0.00164073 5.05379e-11 1.8587e-05 0.000614986 0.00020406 0.00420656 2.73669e-05 0.0584884 0.0124792 1.18469e-08 5.28216e-06 0.913948 2.4343e-05 2.66871e-08 0.000174685 
0.0352668 0.00064942 1.93595e-08 0.258422 3.44789e-05 2.47394e-11 0.0402406 0.000307203 0.000244682 1.27074e-07 0.000126651 7.72622e-08 0.00418411 0.00112211 0.000465776 0.000548699 8.30509e-08 0.187405 2.41166e-06 0.467781 0.00143979 0.00146912 0.000289429 
0.0133665 0.00114621 0.000284364 0.0589156 9.36425e-05 1.22408e-06 0.059883 0.0328842 0.0505154 4.72706e-07 0.00927271 0.0350282 0.0190406 0.0037437 1.81818e-05 0.0338101 0.0117401 0.0415667 3.11741e-07 0.590492 0.0319438 0.00216018 0.00409231 
0.0133532 0.0102149 0.0117504 0.153345 0.000139668 2.54512e-07 0.0118318 0.00407348 0.0266893 0.0152801 0.000416348 0.000962022 0.134915 0.0461434 0.0115496 0.125668 0.0319728 0.037058 6.36359e-05 0.332309 0.0181486 0.000857345 0.0132571 
0.408182 1.27074e-06 8.7493e-11 0.000220489 1.44526e-08 4.25059e-08 0.000671641 0.00856634 0.0007379 6.91749e-08 7.19959e-05 0.0225519 0.000253236 0.00421465 6.05977e-11 0.0840066 0.00346573 0.0197534 1.09676e-05 0.421036 0.000306338 0.000167978 0.0257822 
0.0455492 0.00233092 0.000896561 0.070745 0.00245357 0.000244797 0.00148179 0.0102748 0.0252544 5.51373e-05 0.0158545 0.115703 0.00473821 0.0729918 0.0178935 0.0399492 0.183787 0.0108474 0.0157729 0.291593 0.0269548 0.000301149 0.0443268 
0.00667801 0.000733016 1.22968e-05 0.042316 8.44367e-06 4.93096e-08 0.000230987 0.000166259 0.00288843 1.12652e-09 0.000196978 9.61934e-05 0.00105132 0.00111213 0.000235825 0.00763948 0.00574391 0.00342695 8.87291e-08 0.926058 0.00047092 0.0001999 0.000734994 
0.131281 0.00017306 1.10345e-06 0.0174702 1.35277e-06 1.41456e-06 0.0132511 0.0306167 0.0629166 6.62118e-06 0.0936498 0.072493 0.0257011 0.0325196 0.0069372 0.157401 0.066032 0.0100652 4.08995e-06 0.168609 0.00760357 0.000623182 0.102642 
0.00667801 0.000733016 1.22968e-05 0.042316 8.44367e-06 4.93096e-08 0.000230987 0.000166259 0.00288843 1.12652e-09 0.000196978 9.61934e-05 0.00105132 0.00111213 0.000235825 0.00763948 0.00574391 0.00342695 8.87291e-08 0.926058 0.00047092 0.0001999 0.000734994 
0.0117837 0.00459248 0.00341509 0.191926 5.7992e-05 5.93906e-05 0.0433969 0.00726563 0.0354388 0.00111085 0.035691 0.00621623 0.0148725 0.0137563 0.000488831 0.0708453 0.0535487 0.0558744 9.12395e-06 0.383014 0.0164637 0.0393796 0.0107929 
0.0667833 0.00426503 0.000738004 0.173479 1.37142e-05 0.000114907 0.00418292 0.0025835 0.00641344 2.51744e-10 0.010049 0.000388313 0.00551532 0.0441613 0.000133011 0.0289694 0.0396122 0.10445 0.00906204 0.377897 0.0198791 0.0722882 0.0290206 
0.0269939 2.46099e-05 6.51973e-07 0.0691567 8.80825e-06 2.71418e-08 0.0146218 0.0107058 0.000862212 1.2964e-06 0.0156361 0.1241 0.000377339 0.0190481 0.000357519 0.0229423 0.0241622 0.020145 4.35659e-06 0.615328 0.00192701 0.00446405 0.0291327 
0.0650129 0.000301063 3.09953e-06 0.00612553 5.3386e-06 5.37062e-07 0.0398601 0.0122136 0.000553555 9.67679e-08 0.0709982 0.0934443 0.0040884 0.00356143 1.18821e-05 0.0538936 0.0075183 0.0212027 0.00252146 0.608919 0.002324 0.000373914 0.00706737 
0.00689543 2.20518e-05 4.2361e-06 0.120915 7.91679e-05 1.83373e-06 0.103645 1.07951e-05 0.0168843 0.00765719 0.00968548 0.00028357 0.000147579 0.00100846 0.000535274 0.00271051 0.00123657 0.0526785 1.44477e-05 0.663687 0.00600016 0.000439152 0.00545843 
0.00394661 0.0011091 1.65037e-07 0.368219 5.64094e-06 4.78165e-05 0.0548899 1.16252e-07 0.0184042 2.59455e-10 0.00470518 0.00056465 0.0241055 0.00249981 2.52205e-07 0.110294 0.0248845 0.00175788 5.28411e-07 0.373249 0.00261119 6.75849e-05 0.00863641 
0.0270783 1.60676e-07 1.56791e-07 0.0886315 1.15428e-11 6.2163e-11 0.0382945 0.0165042 0.161164 6.17386e-11 0.000349722 0.0119176 9.77985e-08 0.0971586 0.000510221 0.118038 0.0448568 0.0483272 5.99652e-11 0.281952 0.00173931 0.0609745 0.00250377 
0.00822166 0.000444079 0.000104697 0.157249 5.68522e-05 2.43271e-06 0.00810536 0.00465749 0.018759 0.000937286 0.179937 0.011596 0.00663259 0.0170842 0.000743512 0.0664594 0.0721959 0.0224644 4.23631e-05 0.3664 0.00895574 0.00324329 0.0457079 
0.0613632 0.00073744 0.000118594 0.0852447 2.03204e-05 1.93247e-05 0.00441601 0.0144934 0.135952 1.66012e-07 0.0019603 0.0402243 0.021624 0.0506408 0.000314869 0.0601015 0.0380721 0.0360981 2.11854e-05 0.382038 0.0331553 0.00038191 0.033002 
0.0573013 0.000977574 5.81291e-05 0.104617 3.94483e-06 1.57095e-06 0.0290852 0.0284009 0.01607 6.37294e-05 0.00260915 0.0523048 0.0150285 0.00171301 4.31535e-05 0.042988 0.0494847 0.0171676 8.33052e-07 0.512938 0.00294418 4.40538e-06 0.0661947 
0.0332622 0.0347038 0.00193836 0.246166 0.00146942 0.000174487 0.0325265 0.00935996 0.0490484 0.00123023 0.0405234 0.00832003 0.0126075 0.0136243 0.00313857 0.0615166 0.0474772 0.0697571 0.00043009 0.303121 0.0105521 0.00470998 0.0143422 
0.0207444 0.0027304 1.57006e-05 0.243066 1.5276e-05 3.65466e-06 0.000902352 0.00419984 0.00188811 4.8809e-06 0.244422 0.000882757 0.0235106 0.00369619 1.78468e-06 0.0549669 0.00792913 0.0243729 4.17398e-07 0.344742 0.00277367 0.00245468 0.0166764 
0.13567 0.0144571 2.47507e-05 0.142376 3.53455e-05 9.53355e-07 0.113589 0.00318345 0.0308343 3.3615e-05 0.0123091 0.0115437 0.0206974 0.00257245 0.000713818 0.0541754 0.0168371 0.183556 3.79243e-07 0.244631 0.0017031 0.00224823 0.00880682 
