0.0261133 0.000252598 0.0131459 0.0514953 4.67579e-05 0.000507586 0.0322574 0.00270541 0.0643535 1.00698e-08 0.0135402 0.150003 0.00141963 0.0268181 0.0264019 0.0598428 0.0563508 0.0208596 6.1884e-05 0.0191357 0.304486 0.0136584 0.116544 
0.0310734 0.000371735 0.000852425 0.0450985 2.29967e-05 6.52973e-06 0.0149778 0.00629912 0.0412786 9.66097e-05 0.00808258 0.00363868 0.001752 0.0179343 0.00131002 0.13381 0.267988 0.00908704 6.69182e-05 0.00679717 0.286997 8.92527e-05 0.12237 
0.0948553 0.000518021 6.50331e-05 0.115714 1.68096e-05 4.77772e-08 0.0302292 0.000565831 0.00547782 3.19866e-09 0.0415332 0.0318962 0.0081198 0.0416166 0.0142736 0.0682963 0.0701078 0.118506 0.00661002 0.0478185 0.168205 0.000245934 0.13533 
0.00130435 0.000505805 0.000137832 0.00788839 7.38112e-05 1.53431e-05 0.00898068 0.0118572 0.121602 7.42932e-08 0.0287847 0.00936303 0.000145131 0.00783942 0.25211 0.0649679 0.0454945 0.00911504 1.92842e-10 0.0176782 0.400157 0.000916733 0.0110633 
0.0105719 2.53266e-05 0.218994 0.0225838 6.90614e-06 1.20081e-06 0.0155861 0.00916642 0.143745 0.00126122 0.0111638 0.0172805 0.0108697 0.0174161 0.000236743 0.0535076 0.0337353 0.0144286 6.4903e-05 0.00799472 0.410018 3.16979e-05 0.00131116 
0.000464442 1.04442e-05 0.00155758 0.00383367 3.11129e-05 4.86565e-11 0.000625032 0.00119812 0.00149708 0.000193971 0.000104078 0.0510065 0.00230187 0.00196071 0.000366148 0.028533 0.179606 0.00289821 2.39501e-07 0.00722113 0.663755 0.0027976 0.0500383 
0.0107433 2.98808e-05 0.000890878 0.0352731 0.0039217 3.57873e-06 0.00295373 0.00648179 0.0837904 0.000127791 0.00467003 0.0278019 0.0464099 0.0313383 0.0547906 0.0564007 0.0191004 0.00411774 0.0023693 0.0164316 0.581267 0.00704574 0.00404077 
0.0349557 0.000591016 0.00383422 0.00263193 2.5056e-06 6.2634e-06 0.000166826 0.00280827 0.0155033 2.96296e-09 3.71892e-06 0.00190812 0.00571918 0.00830183 0.000921013 0.00598366 0.16086 0.00210619 1.18286e-05 0.000906658 0.709197 4.69483e-06 0.0435769 
0.00420305 1.69682e-05 4.15814e-05 3.88595e-06 1.22369e-05 1.35748e-05 0.000322506 1.93092e-07 0.00299966 1.8722e-05 1.21845e-07 0.0193989 1.60766e-06 0.0837987 0.130703 0.0103057 5.86097e-08 0.00117842 8.45331e-07 0.00620614 0.732552 1.31254e-05 0.00820954 
0.025896 0.000173365 0.000588544 0.00382597 5.23494e-05 8.60681e-05 0.0305808 0.00686358 0.107169 4.78872e-05 0.00110696 0.0140868 0.000431064 0.00613273 0.00736841 0.118754 0.0311774 0.00246248 2.82724e-05 0.0351287 0.458766 0.000457518 0.148816 
0.013626 0.0132346 0.0469112 0.00108202 0.00628972 3.4561e-09 0.00974987 1.44573e-06 0.0205407 0.00062413 8.03952e-07 0.00971396 0.0716941 0.0784443 0.000276873 0.0359236 0.0638322 0.0202501 3.3339e-09 0.00577937 0.544932 1.15546e-07 0.0570933 
0.0162642 6.2118e-05 0.000961069 0.00595047 3.43722e-06 2.68642e-06 0.0220317 0.000273099 0.0287912 4.60719e-05 3.08342e-05 0.0020035 0.00218069 0.0892572 0.000601568 0.0593515 0.101918 0.0219079 1.86629e-05 0.00494807 0.598342 3.96782e-05 0.0450146 
0.0378474 0.000191832 0.000330563 0.0179631 3.12474e-05 1.30261e-05 0.000600341 0.0165458 0.0201661 1.89776e-06 0.0134371 0.00939316 0.046536 0.0172578 0.0013582 0.0339155 0.344178 0.0255079 0.000963364 0.0132472 0.388165 0.00020719 0.0121414 
0.00255293 0.000221476 0.000254636 6.28014e-05 0.000139142 1.89049e-06 0.00440516 0.000865863 0.0182023 1.56627e-06 6.83046e-05 0.00930785 2.95699e-05 0.216595 0.0877464 2.20021e-05 0.00134391 3.40159e-05 1.20854e-05 0.00251876 0.520136 7.01519e-05 0.135408 
0.00737793 0.000915175 0.000281906 0.00183232 0.000162073 4.95385e-06 0.000756606 4.68185e-06 0.0402748 5.54244e-10 4.70576e-05 0.000328517 0.209823 0.00438805 0.00155661 0.000982005 0.268209 0.0274741 0.0108685 4.56195e-06 0.389298 3.28093e-06 0.0354066 
5.15623e-05 6.8174e-06 0.00587166 0.059819 1.46886e-06 7.10954e-07 0.00016998 0.00188467 0.016917 0.000666197 9.37661e-05 0.00103376 0.000474691 0.00293059 4.94458e-07 0.0603362 0.0101531 0.00343128 6.85817e-07 0.00151741 0.790917 0.0328808 0.0108413 
0.069174 0.00496989 9.05931e-06 0.109823 5.83068e-05 0.00929011 0.00370087 0.000546822 0.13709 1.56915e-07 0.000790436 0.00775455 0.00299432 0.0630161 0.000606728 0.0359952 0.115671 0.0232049 0.000184194 0.0300247 0.367525 0.00696247 0.0106087 
0.00631245 0.000780536 0.000339729 0.0400097 4.50604e-05 0.0014706 0.0350437 0.00670133 0.0642598 0.000868205 0.0151116 0.00655126 0.00904411 0.0243657 0.00126189 0.089887 0.0911802 0.0579339 1.63466e-06 0.0646072 0.403116 0.00125296 0.0798554 
0.000157796 6.26701e-08 7.78962e-07 0.0269174 4.89841e-06 2.43124e-06 0.0134232 2.86864e-05 0.0305281 2.14351e-05 0.000268836 0.162709 0.00630467 6.37302e-06 6.24208e-08 0.0350852 0.00803516 0.0275159 0.000233183 0.00663201 0.582753 1.65877e-05 0.0993549 
0.0258788 0.00131092 0.000941901 0.016776 0.00182853 9.19533e-05 0.00904693 0.018758 0.0284545 0.00122509 0.00786913 0.0182924 0.014417 0.0413218 0.00797678 0.194431 0.197006 0.0151734 0.00174469 0.0172345 0.326297 0.000890705 0.0530337 
0.000486065 2.51641e-05 6.8687e-06 0.00149244 1.51831e-06 1.96207e-06 0.0256706 0.00194973 0.00229765 4.08351e-08 5.25792e-06 0.0132756 0.000260086 0.0314469 0.000536968 0.0861466 0.0464081 0.0119015 1.84969e-06 0.00348633 0.686877 2.53695e-05 0.0876963 
0.0401886 1.5532e-05 5.17703e-05 3.36335e-05 0.0081294 9.55998e-05 0.000521873 1.56859e-05 0.00160687 1.03695e-06 5.62744e-06 0.00669366 0.00182674 0.0469554 5.59503e-07 0.0139994 0.0299244 0.0047671 1.71151e-06 0.00120913 0.769272 0.000150277 0.0745341 
0.0291438 4.75717e-05 3.02138e-05 0.0375896 1.7322e-06 1.7643e-06 0.000143152 0.0180112 0.0834327 0.00187811 0.00065967 0.0326833 0.0187905 0.0239165 0.000394327 0.010479 0.0255447 0.0425105 0.00138861 0.00218819 0.662157 0.00149465 0.00751343 
0.0253834 1.0715e-05 1.07962e-06 0.000611217 7.43536e-06 1.11083e-06 0.00244025 0.00131862 0.000310218 2.49704e-08 2.31115e-05 0.0349407 0.000621099 0.0142969 7.1909e-05 0.323388 0.139098 0.00626004 2.42531e-08 0.00345042 0.366294 3.09595e-08 0.0814718 
0.00762456 6.86686e-05 2.7638e-05 0.00705701 2.10828e-05 0.052975 0.00103917 0.0156 0.0178642 1.60485e-07 0.0098473 0.0271436 0.00124349 0.0638637 0.0121286 0.00842082 0.0824427 0.00322926 2.80167e-06 0.00222227 0.510116 6.98141e-05 0.176993 
0.0354757 0.00161463 0.00229144 0.0146244 4.17589e-08 7.10613e-07 0.0177404 0.0118952 0.0385954 0.000152899 0.000136076 0.0217472 0.00464187 0.0502859 1.97757e-05 0.0862625 0.0743044 0.0443287 9.25493e-06 0.0105649 0.320391 4.37436e-06 0.264914 
0.0130821 0.000143338 0.000227472 0.00749923 9.19628e-08 8.75314e-07 0.0302861 0.00566807 0.0148749 1.37355e-08 8.24202e-05 0.000516308 0.000999841 0.0168942 0.000240526 0.0349977 0.279163 0.0325528 1.3341e-08 0.0278518 0.38186 0.000235176 0.152824 
0.00817528 0.00204373 0.0164797 0.0724696 0.000971552 5.66855e-07 0.0018588 0.00255714 0.156404 2.01822e-07 0.00525698 0.0441016 0.0239699 0.00420965 0.027401 0.016102 0.0105379 0.105671 0.000735922 0.0308855 0.46797 1.67347e-05 0.00218141 
0.107559 0.000716188 0.00170051 0.006878 2.34422e-05 8.92353e-05 0.0119718 0.0123296 0.0120499 5.54322e-08 0.000216838 0.0400331 0.0120015 0.027708 0.00170969 0.021121 0.0136087 0.0346487 2.95305e-06 0.035437 0.647655 7.63588e-05 0.0124637 
0.136479 0.000170993 3.41081e-05 0.00621377 4.23889e-05 0.000144296 0.0163182 0.0296862 0.119237 2.18019e-05 0.000125945 0.00722039 0.0366987 0.0153048 0.000949927 0.0372628 0.0686131 0.00442437 1.51069e-07 0.00727504 0.51065 0.000622498 0.00250412 
0.00985027 3.80534e-05 0.00936646 0.0122184 0.000868551 2.91906e-06 0.00743626 0.00629241 0.190729 0.000118357 0.00308511 0.0168777 0.0059799 0.0386667 0.0636873 0.0442485 0.0662143 0.00682619 5.94935e-06 0.00303306 0.508346 0.000765527 0.00534363 
0.0250233 9.2328e-06 0.00145112 0.0371225 5.34532e-06 1.93255e-06 0.0239904 0.150683 0.0863376 2.69982e-08 0.000104909 0.0160775 0.0390392 0.0103601 1.94775e-05 0.00450815 0.153945 0.111248 0.000689188 0.157433 0.17818 0.000159905 0.0036119 
0.00451208 1.7371e-05 9.95128e-05 0.00702374 4.53791e-05 1.96433e-06 0.0414781 0.00224058 0.0248084 6.08691e-07 2.20491e-05 0.0413117 0.00279739 0.119535 2.02882e-05 0.0634448 0.22031 0.0282427 1.04793e-06 0.00408238 0.259253 1.40518e-05 0.180737 
0.00370646 0.000268033 0.000992789 0.0484174 4.08286e-05 1.8482e-05 0.103773 0.034428 0.0297297 1.85931e-06 0.00460072 0.041051 0.00841747 0.00674286 0.0336289 0.0597995 0.0243489 0.100524 0.000273668 0.114262 0.349196 3.41262e-05 0.0357439 
0.0332817 1.62668e-07 1.66764e-05 2.18074e-05 0.000103488 3.02345e-07 0.00195682 0.0471403 0.0640058 3.00281e-07 0.00310576 0.0204706 0.0053222 0.0378455 5.6349e-06 3.42845e-05 0.00664318 0.00136919 2.91656e-07 0.202679 0.565805 0.000164095 0.0100277 
0.0088335 0.000281652 1.85101e-07 0.0151214 0.00163214 2.39234e-07 0.00663491 0.0142485 0.088407 3.58445e-05 0.000241409 0.0276091 0.0216509 0.0729131 0.0228897 0.0119031 0.0199474 0.0124323 1.43669e-05 0.0172631 0.626352 0.000185324 0.0314029 
0.0209855 7.81018e-05 0.0128564 0.0113254 0.000142285 7.74203e-05 0.0276865 0.0161741 0.0371654 0.000419684 0.00185268 0.0278045 0.00352688 0.126296 0.000386599 0.0836104 0.0265167 0.00163211 0.000195928 0.00783061 0.570874 0.000188279 0.0223746 
0.0883536 0.00153595 0.00119774 0.0219354 0.00581979 6.28739e-05 0.0130911 0.0149924 0.0235284 0.000143713 0.0240358 0.0307164 0.109217 0.0177065 0.0207904 0.142791 0.13007 0.0192902 0.00107564 0.0201987 0.171965 0.00139683 0.140086 
0.0157876 0.000186202 0.000120913 0.0392308 1.53968e-05 1.38048e-06 0.00836471 0.000349168 0.0203254 2.57071e-05 0.00023296 0.000485412 0.00152727 0.0138542 0.0250243 0.0133839 0.0302951 0.0105007 2.40037e-06 0.0754982 0.712688 0.00102245 0.0310775 
0.0218582 0.00102759 4.91346e-05 0.0180087 7.65829e-07 1.69184e-05 0.0573648 0.007666 0.0383851 5.53475e-05 0.000176821 0.00329169 0.00227659 0.0582087 0.00139639 0.150344 0.0992301 0.0305223 3.85635e-08 0.0278614 0.454256 0.000915827 0.0270876 
0.101142 0.000681553 0.0103403 0.0133606 0.00292022 6.04647e-06 0.00117869 0.00199473 0.00720172 8.0434e-06 0.0129332 0.00536386 0.0128961 0.0471229 0.000990061 0.0638667 0.108304 0.0404239 0.00147994 0.0117867 0.49558 0.000921538 0.0594979 
0.0917509 0.000759359 4.0485e-10 6.72076e-06 3.21742e-07 5.2325e-10 0.00477797 0.00152447 2.49342e-09 5.19677e-10 0.000399625 0.00847073 0.0326488 0.0026377 0.0013648 0.205712 0.0491886 0.100352 0.000895509 0.089212 0.241309 2.28165e-05 0.168966 
4.57161e-05 4.92634e-09 0.000378113 0.00436146 1.26767e-05 8.62145e-06 0.00321445 0.00613364 0.143022 9.09392e-09 9.93693e-07 0.0014283 5.26398e-08 0.0123486 0.00423775 0.00210322 0.0217776 0.00151488 8.8327e-09 0.00414887 0.794361 2.97658e-05 0.000872302 
0.0330089 0.000414048 4.67478e-05 0.0160425 1.11413e-05 4.79729e-06 0.00583157 0.00336439 0.0079279 3.16537e-06 0.00885443 0.0133572 0.00434019 0.00493027 0.00204266 0.243677 0.137945 0.0128274 9.28581e-06 0.0143379 0.374243 2.80324e-05 0.116753 
0.0654255 0.00265172 0.0107796 0.0203623 9.91618e-07 2.10936e-08 0.0299419 0.0474852 0.205511 2.09496e-08 0.0580546 0.00105154 0.000116195 0.160935 6.75243e-05 0.012367 0.0179148 0.000544409 0.0034132 0.0607109 0.289486 2.59743e-08 0.0131806 
0.000892386 8.49014e-07 0.000610287 0.00151154 2.73376e-08 5.3247e-07 0.00475071 2.34981e-05 0.00928338 1.54039e-10 2.46043e-08 0.000905399 0.000207636 0.00238505 1.73425e-05 0.000186223 0.162172 0.0244184 2.61572e-06 0.00147508 0.785352 6.52121e-09 0.00580486 
0.00149645 1.76697e-05 0.000137296 0.00186852 1.64619e-05 6.70986e-05 0.0323051 0.0038082 0.0345002 0.000511184 1.99319e-07 0.0164065 3.03921e-05 0.012118 0.154204 0.00806956 0.00319209 0.023155 1.51081e-05 0.0116475 0.659762 0.000177242 0.0364943 
6.83574e-05 2.57514e-07 3.70329e-07 0.0378351 3.47635e-06 4.78633e-07 0.00591809 0.00268934 0.217583 4.75365e-07 8.52177e-06 8.98393e-06 7.54868e-05 7.80948e-05 0.000370116 0.132554 0.218949 0.0671731 4.61711e-07 0.00891527 0.265738 5.89381e-07 0.0420292 
0.00192861 0.00480854 0.194172 0.0126132 8.42683e-05 3.70048e-08 0.00035242 0.000518093 0.189715 4.7449e-05 0.000263272 0.00262088 0.00357405 0.0141409 0.00438056 0.0315922 0.00594759 0.00394654 0.000207902 0.00387724 0.524115 6.39969e-05 0.00102973 
0.231726 0.000399991 0.00516834 0.0126917 5.55977e-05 8.34736e-07 0.0206053 0.00525189 0.15142 1.52733e-07 4.83275e-05 0.027083 0.00967578 0.0184951 0.000614019 0.0760277 0.0452445 0.0260588 2.57312e-07 0.0133749 0.318346 0.000261025 0.0374508 
0.0335955 0.000512438 0.0030268 0.00810205 1.45452e-05 2.18493e-05 0.00878187 0.00872995 0.0272701 7.5151e-06 0.000248237 0.00989528 0.00754395 0.0427935 0.0128425 0.0299294 0.261275 0.0111066 0.000705617 0.0185741 0.473291 0.000244275 0.0414884 
0.0557234 5.03178e-06 5.39156e-06 0.00059351 1.36679e-05 6.69558e-06 0.00131858 0.0032727 0.178571 4.1869e-09 1.45592e-05 0.00129941 0.0275609 0.0557511 0.002501 0.00344565 0.0134944 0.00825247 4.06664e-09 0.0550304 0.462204 2.05229e-06 0.130933 
0.0119942 0.00571809 0.00308572 0.00564353 1.371e-05 7.49454e-09 0.00478795 0.00786349 0.091272 7.44337e-09 5.73156e-05 0.0128883 0.0133428 0.0413993 0.00593354 0.0109531 0.0120638 0.0213678 1.55625e-06 0.0533969 0.626673 0.029831 0.0417131 
0.0218788 0.00453536 0.0373927 0.0331004 0.00255352 1.74806e-08 0.0132929 0.00847014 0.0723672 1.73612e-08 6.93664e-06 0.0450668 0.0533423 0.0151297 0.000230293 0.0547341 0.0919322 0.0227829 0.00384761 0.00200799 0.483198 0.000296999 0.033833 
0.00319696 9.88985e-06 8.42155e-06 0.000255226 1.30124e-06 3.17206e-06 0.0506214 0.000692963 0.0182304 7.17481e-08 0.000593174 0.0158595 0.000714633 0.000535529 0.00110947 0.273284 0.00707288 0.00477951 6.96872e-08 0.0548111 0.568054 5.9644e-07 0.000165779 
0.00354113 0.000167411 2.80654e-06 0.0495011 3.7138e-05 1.32771e-07 0.00342872 0.0226333 0.16464 6.31322e-07 0.00390051 0.142506 0.000289466 0.0751068 0.000150056 0.089162 0.0716974 0.0143749 4.22282e-09 0.0210199 0.245936 0.000127437 0.0917771 
0.0200004 2.3784e-05 1.80988e-06 2.50325e-05 1.79296e-06 6.00079e-05 0.000818481 0.00129998 0.00111073 9.03529e-06 0.00101853 0.0142478 0.00147375 0.0766529 0.00124677 0.00365471 0.00714946 0.0271794 0.00219782 0.000365471 0.733355 0.0289768 0.0791303 
0.0163121 0.000759111 0.000469217 0.0145681 1.06297e-05 3.32195e-05 0.00361343 0.030687 0.162915 2.6834e-05 0.0169933 0.00681404 0.000275999 0.0110012 0.000659329 0.0232678 0.0235247 0.116255 7.358e-06 0.0313021 0.493189 2.9668e-05 0.0472858 
2.94991e-06 2.97663e-05 9.74309e-05 0.0123841 4.01018e-05 7.41705e-08 2.85045e-06 5.07432e-05 0.0085679 0.00569971 1.03129e-08 2.83374e-05 0.00461485 0.127263 1.68464e-06 0.0506664 0.043973 0.00351013 7.15481e-08 0.0032249 0.733022 7.56866e-05 0.00674468 
0.000351523 3.24427e-06 2.80304e-06 0.0602666 1.42527e-06 1.58783e-05 0.000173109 0.00103693 0.00177336 1.63888e-08 0.00172154 0.0071802 0.000320122 0.00141831 0.404732 0.0165039 0.0140325 0.0235469 1.5918e-08 0.02467 0.433117 0.000458534 0.00867382 
0.00526077 9.52534e-06 1.19016e-06 0.00354838 9.70726e-08 8.31997e-07 3.17725e-06 8.5645e-05 0.000318263 7.35866e-09 4.394e-05 0.047135 0.177204 0.00161092 0.0373992 0.269336 0.00731268 0.0021566 7.14729e-09 0.00617463 0.418726 9.12362e-09 0.0236721 
0.0347354 6.20145e-05 0.00521267 0.112673 0.00552881 0.00185568 0.00624622 0.00651764 0.160263 0.000415943 0.0252234 0.0246264 0.00551207 0.0780875 0.028523 0.0853133 0.0919036 0.00406896 0.00241305 0.0726892 0.176464 4.92171e-05 0.0716154 
0.0693268 0.00315473 0.00014373 0.0571063 1.09439e-05 5.78137e-07 0.169019 0.000576524 0.0180769 2.04803e-08 0.00169906 0.00141668 0.00525739 0.124825 4.90742e-05 0.166276 0.046061 0.0323109 0.000686888 0.0594172 0.186613 0.00351224 0.0544597 
0.104467 0.00032439 0.000397076 0.00767941 2.83757e-05 6.04166e-08 0.00249829 0.000684341 0.00584284 2.84627e-09 0.0123991 0.00771133 0.019009 0.0884214 2.72796e-05 0.208661 0.0846745 0.0124129 0.000477509 0.0220207 0.247074 0.00118305 0.174007 
0.044003 2.36317e-05 0.000836382 0.0134265 0.00084849 4.43449e-07 0.000504288 0.000909534 0.157166 6.12764e-06 4.0944e-08 0.000633019 0.00121035 0.0127812 0.00185233 0.0167404 0.0441262 0.0489637 3.04776e-07 0.0129924 0.500022 0.00118716 0.141767 
0.0118702 0.000157021 0.0147956 0.0205719 0.000129185 0.00317381 0.00605075 0.054708 0.215958 6.99873e-07 0.00334363 0.0134357 0.109303 0.0763806 0.018601 0.0381445 0.00600855 0.0602736 0.00824113 0.0601405 0.264961 0.000532623 0.0132193 
0.00225658 0.000381672 0.00293073 0.0124194 2.70962e-05 0.000182436 0.00301728 0.0147277 0.0434843 3.05402e-06 0.00228433 0.00257772 0.00186806 0.0177799 0.0079927 0.0224212 0.091722 0.126851 1.76157e-06 0.01759 0.62338 8.62249e-06 0.00609253 
0.0120258 9.33604e-05 3.87837e-05 0.00719533 3.51189e-06 9.16818e-08 0.000521772 0.000406704 0.000286041 5.9263e-08 1.64084e-05 0.0528385 0.00814302 0.0184821 0.00679272 0.348278 0.0732253 0.0136913 0.000820235 0.007786 0.444785 4.47875e-07 0.00456934 
0.0472963 0.000113683 0.00763213 0.00350324 0.000218814 1.3542e-05 0.00193324 0.00245623 0.00237618 2.16128e-07 5.5915e-05 0.00708192 0.00134277 0.0500835 0.00226796 0.166791 0.0585283 0.00365445 1.27541e-05 0.00411727 0.612027 7.24732e-05 0.0284211 
0.00133918 0.000106395 0.00734133 0.0610586 0.00824488 2.16455e-05 0.00711471 0.00517476 0.185017 2.25153e-07 0.00507558 0.0233461 0.00847288 0.234636 0.00235474 0.0846569 0.0844778 0.0106032 0.00123311 0.014039 0.242872 6.06929e-05 0.0127538 
0.000772464 3.71336e-07 2.08609e-05 0.00405788 0.00928172 2.47939e-06 0.0010547 7.27671e-05 0.00109803 5.03078e-10 1.98983e-05 0.00224158 0.0012399 0.0504499 2.44978e-06 0.00495924 0.117322 0.00280002 4.68935e-09 0.0189508 0.762191 5.09802e-05 0.0234116 
0.00871069 1.32202e-05 2.00027e-05 0.0352155 0.0591434 2.6756e-06 0.00664773 0.00814514 0.0117446 5.31012e-08 0.0115718 0.011535 0.00585231 0.0682949 0.0269689 0.0300278 0.0312051 0.0075481 0.000346529 0.0123898 0.495887 8.3162e-05 0.168647 
0.0108257 1.26275e-05 1.92919e-05 0.0308154 0.054685 2.64406e-06 0.00585104 0.0085606 0.0109208 9.9186e-08 0.0121947 0.0130117 0.00501454 0.0771808 0.0271521 0.0258293 0.0260335 0.017537 0.00196832 0.0205541 0.500547 0.000228098 0.151055 
0.0827506 0.000217275 0.000347763 0.0144611 4.40337e-05 6.89518e-07 0.0157651 0.0025989 0.0151125 3.70361e-05 0.008574 0.033984 0.0710735 0.0226734 0.000212994 0.0787404 0.0863844 0.0203704 0.000247112 0.0399116 0.479157 1.45019e-05 0.0273212 
0.0690524 9.81947e-07 0.000396384 0.0155298 2.66378e-05 3.63365e-09 0.0231074 0.005775 0.0700383 5.71339e-05 0.0246976 0.0241968 0.000440509 0.0378008 0.0039203 0.080343 0.0507328 0.020592 2.12507e-05 0.0221385 0.500875 0.00534469 0.0449128 
0.00156498 0.000488943 0.000528332 0.000343236 9.31989e-07 5.01915e-06 0.000580856 0.000349603 0.00161246 4.98488e-06 6.97878e-07 0.000109816 0.000142363 0.000742591 0.00274343 0.000306998 0.002265 1.07939e-06 4.84169e-06 0.000212462 0.985708 0.00228253 7.41794e-07 
0.0499082 9.24084e-05 1.51528e-05 0.052113 4.62705e-05 9.37518e-06 0.00611993 0.00469304 0.205843 8.61227e-07 0.00126932 0.00762341 0.0243455 0.0205521 0.166627 0.104364 0.0566451 0.0196906 0.000747583 0.0243 0.239835 0.000214771 0.0149437 
0.0277792 3.37879e-05 0.000672764 0.0127209 3.25522e-05 5.37227e-05 0.0231318 0.00326209 0.0224945 0.00340068 0.0017329 0.00690467 0.013112 0.01847 0.000188977 0.28866 0.213814 0.00691895 0.000134515 0.0065184 0.290831 8.50287e-05 0.0590472 
0.0411569 0.000110627 0.00437915 0.0187418 0.000213965 0.0195509 0.000710531 0.00465306 0.0144624 4.04732e-08 0.00186104 0.00554114 0.182191 0.0757234 0.00031891 0.0861638 0.0396096 0.0185047 0.00327913 0.0143686 0.444714 5.0544e-05 0.0236942 
0.031965 8.88831e-06 5.96158e-07 0.00101023 1.43073e-07 1.22345e-06 0.000534627 2.12843e-05 0.00279598 7.65246e-07 1.07134e-07 0.0125347 0.00742639 0.0702908 3.64073e-06 0.0330152 0.0520932 0.0229719 7.43265e-07 0.00211336 0.711684 1.09882e-05 0.0515161 
0.000122421 1.13777e-06 2.32461e-08 0.00221324 0.00156225 2.60741e-05 0.000300774 0.00126556 0.000454772 3.17935e-06 0.000726347 0.0477159 0.00328654 0.0849008 5.37489e-05 0.0490712 0.097598 0.00091274 5.96232e-05 0.00271427 0.697158 2.40309e-07 0.00985296 
0.0215463 0.000331596 0.00194182 0.0288994 0.00821126 0.000132365 0.00466093 0.00431031 0.100346 0.000774916 0.00841348 0.0172181 0.0593753 0.0636579 0.0114085 0.0955298 0.22502 0.0253411 0.000390254 0.028661 0.231808 0.00055683 0.0614649 
0.0253691 0.00066608 0.00501491 0.0179342 0.000733626 2.11456e-07 0.0100023 0.0111755 0.0937136 1.29827e-10 5.29663e-05 0.00716636 0.000804174 0.0336116 0.00207768 0.0821831 0.24759 0.0867408 1.12351e-05 0.00515856 0.308577 6.57592e-08 0.0614163 
0.00526077 9.52534e-06 1.19016e-06 0.00354838 9.70726e-08 8.31997e-07 3.17725e-06 8.5645e-05 0.000318263 7.35866e-09 4.394e-05 0.047135 0.177204 0.00161092 0.0373992 0.269336 0.00731268 0.0021566 7.14729e-09 0.00617463 0.418726 9.12362e-09 0.0236721 
0.0557242 0.00127505 0.000136725 0.0300214 4.32541e-05 1.73048e-05 0.0118581 0.00353837 0.0338499 1.03541e-07 0.00534873 0.0157296 0.0116267 0.0157247 0.000821425 0.145462 0.100641 0.0846535 0.00276672 0.049205 0.398976 0.000242996 0.0323376 
8.94473e-07 4.77664e-06 0.0089369 9.74477e-07 1.64856e-06 8.87818e-06 2.45556e-06 0.00117572 1.10762e-06 8.81756e-06 1.23445e-06 1.68056e-06 1.52902e-06 1.53397e-06 4.75764e-06 4.43437e-07 5.93791e-07 1.90929e-06 8.56429e-06 9.84869e-07 0.989822 1.09324e-05 1.31213e-06 
4.57161e-05 4.92634e-09 0.000378113 0.00436146 1.26767e-05 8.62145e-06 0.00321445 0.00613364 0.143022 9.09392e-09 9.93693e-07 0.0014283 5.26398e-08 0.0123486 0.00423775 0.00210322 0.0217776 0.00151488 8.8327e-09 0.00414887 0.794361 2.97658e-05 0.000872302 
0.0722028 7.09416e-05 9.7818e-05 0.000297853 6.30164e-05 1.42295e-05 0.0028297 5.94989e-05 0.0358604 1.00862e-05 0.000232827 0.00595405 0.0117835 0.0143367 0.00223543 0.142928 0.0938228 0.01456 6.08938e-06 0.0187424 0.526698 0.00026 0.0569343 
0.0712762 0.000833378 8.92051e-05 0.00532539 4.10419e-05 0.00106182 0.0124692 0.0614186 0.0216454 1.32525e-05 0.00170233 0.0104001 0.0199968 0.0108425 0.00403816 0.127453 0.0973135 0.0301721 5.6806e-05 0.0270048 0.411591 0.000799212 0.0844565 
0.0157352 8.94682e-05 1.53828e-05 0.00909083 0.00012802 3.20594e-06 0.0227786 0.00135772 0.104607 3.2327e-07 7.36117e-05 0.000950823 0.050365 0.0243672 0.00677183 0.0779323 0.0883273 0.0742382 0.000235628 0.00631992 0.485279 0.00138619 0.0299472 
0.072465 0.000262286 2.793e-05 0.018659 0.000285805 8.4159e-06 0.00905995 0.000215859 0.00325293 7.9729e-08 0.000630536 0.0404885 0.0807386 0.0242552 0.00347582 0.0309278 0.0418758 0.0977339 0.000223545 0.101825 0.406668 0.00974485 0.0571747 
0.0374521 7.71814e-08 2.09115e-09 0.00138342 5.01857e-10 3.58208e-08 0.000275916 0.00247574 0.00232996 2.68426e-09 4.29707e-08 0.0128356 0.000230739 0.00616404 3.15214e-05 0.000601546 0.0631462 0.00225907 1.30396e-07 1.4242e-05 0.867501 1.29155e-07 0.00329863 
0.00248377 5.79622e-05 4.8872e-05 0.00661597 0.00956712 9.8671e-06 0.00052021 0.00444523 0.0149881 1.28293e-09 0.001266 0.0096607 0.0071158 0.0191279 0.000434491 0.0113152 0.0566627 0.00261393 0.000783827 0.00329615 0.843787 1.93921e-07 0.00519894 
0.100954 8.07708e-05 0.00504288 0.073726 0.000327881 3.37055e-06 0.0148174 0.0732272 0.12859 0.000152958 8.99527e-05 0.068749 0.00889081 0.0337493 5.03775e-06 0.0262786 0.00593323 0.0878664 4.98168e-05 0.0433668 0.274478 0.00033085 0.0532897 
0.00453404 7.86106e-06 0.00279762 0.0190013 0.000331798 2.62511e-07 0.00166651 0.0190892 0.176502 9.25264e-06 0.0115347 0.001465 0.000994527 0.0418976 0.18369 0.0290064 0.0344505 0.00193711 8.68526e-05 0.00211035 0.463642 3.91046e-05 0.00520529 
0.106901 5.14383e-09 7.2824e-12 0.00225862 8.79552e-09 2.25677e-09 2.60325e-12 0.00135501 3.73942e-05 9.34791e-12 0.000514761 0.00739485 0.00495792 0.00233323 0.000530431 0.00138161 0.286181 0.0150319 8.6807e-09 0.00334906 0.557954 1.159e-11 0.00981898 
0.0199005 0.00173538 0.000216492 0.100626 7.87821e-05 2.7261e-06 0.00498733 0.0174769 0.130961 2.64518e-06 0.00198848 0.0202701 0.0339469 0.131695 0.0387956 0.0518299 0.129232 0.038111 2.87376e-05 0.0311497 0.162257 0.00151431 0.0831923 
0.0296361 5.07596e-06 5.27779e-05 0.00251676 0.0672758 1.61006e-05 0.00550056 0.00535496 0.0364828 6.51594e-05 0.000476943 0.0322342 0.00139905 0.0152829 0.00012398 0.0863826 0.180974 0.00149352 5.61095e-06 0.00254362 0.49658 8.35739e-05 0.035514 
0.0567691 0.000590591 0.00382254 0.0524551 0.000847748 2.16735e-05 0.00443424 0.0080549 0.00886083 0.000125256 0.0153802 0.0331019 0.0415066 0.0484738 0.00588018 0.214506 0.0420693 0.0278265 0.0029906 0.0474549 0.234119 0.000717855 0.149992 
0.00345826 9.47306e-05 0.00146721 0.0012387 1.57812e-07 2.24667e-06 0.00109864 0.000378018 0.0652753 2.03296e-07 3.12813e-06 0.000945579 0.0138462 0.00688641 0.00756301 0.0493271 0.0846985 0.00338036 0.000727178 0.000347943 0.75871 0.000128729 0.000422033 
0.0561407 0.00343464 4.86836e-05 0.00719595 7.14831e-06 4.15392e-07 0.00129141 0.000516731 0.000657863 2.6757e-05 6.08874e-06 0.0379319 0.00296534 0.0952866 0.00177088 0.0947407 0.0489404 0.00230826 0.0587506 0.000131604 0.554546 5.11507e-07 0.0333009 
0.000405298 0.000274556 2.98785e-05 4.23859e-06 2.24771e-05 0.000295071 0.00085932 0.000284998 0.000928095 3.83529e-05 9.26048e-05 0.000332385 0.000345003 0.000956965 0.0140531 0.000900164 0.00381159 0.000152093 3.72512e-05 0.000394949 0.973506 0.00094418 0.00133093 
0.00966118 0.000354213 7.94099e-07 0.0602106 2.51833e-05 1.99866e-07 0.105658 0.00489616 0.0456967 1.57705e-06 0.00178324 0.0614938 0.00251501 0.0796516 0.000645092 0.188791 0.0579545 0.0868054 0.000293958 0.0403054 0.247892 0.00193201 0.00343186 
0.00980718 0.000104075 6.22234e-06 0.0735241 6.20602e-05 6.20471e-05 0.00263903 0.0459792 0.00840536 9.11453e-07 0.106752 0.00173548 0.00928681 0.00809467 0.00167209 0.0486441 0.0796445 0.0893859 8.51586e-05 0.160184 0.254048 0.0575603 0.042318 
0.0160227 0.000134806 0.000111443 0.026706 4.08276e-05 1.06578e-05 0.00199391 0.000792118 0.0107967 0.00017622 0.0188939 0.0102394 0.0165629 0.00998094 0.00198221 0.280493 0.105473 0.00580707 0.000148081 0.0129231 0.428148 0.000631623 0.0519315 
0.00737793 0.000915175 0.000281906 0.00183232 0.000162073 4.95385e-06 0.000756606 4.68185e-06 0.0402748 5.54244e-10 4.70576e-05 0.000328517 0.209823 0.00438805 0.00155661 0.000982005 0.268209 0.0274741 0.0108685 4.56195e-06 0.389298 3.28093e-06 0.0354066 
0.00961717 9.22728e-05 4.77573e-06 0.00280259 0.0100789 1.29963e-07 0.00749795 0.00127474 0.00998529 4.02356e-08 2.25442e-06 0.00914228 0.00189488 0.0468564 0.000199373 0.000842663 0.375729 0.00829191 7.42422e-06 0.00397641 0.487601 6.99169e-06 0.0240949 
0.12761 0.00334783 0.000260335 0.0153246 1.87396e-10 1.0092e-09 0.0518254 1.7125e-06 0.241557 1.00231e-09 1.40323e-10 0.00347859 6.95404e-07 3.64451e-06 0.234334 0.0417509 6.74977e-11 1.60627e-06 9.73523e-10 0.0127046 0.24318 0.0246197 1.49153e-10 
0.0416434 6.5303e-06 6.89697e-05 0.0226251 8.07884e-06 2.86853e-06 0.00781758 0.233422 0.02097 2.5505e-09 0.0256083 0.0966058 0.0207489 0.0043748 0.000374877 0.053658 0.07114 0.0151221 4.07746e-05 0.0104609 0.289691 1.11995e-05 0.0855987 
2.71195e-05 1.40332e-07 0.0280516 0.00227306 0.000865225 2.00692e-05 0.0325838 0.000561278 0.179561 0.000249445 0.000102796 0.0824629 0.00532122 0.016706 0.0109247 0.0426978 0.0757769 0.0169897 0.00129075 8.11048e-07 0.304266 9.19093e-09 0.199267 
0.00130435 0.000505805 0.000137832 0.00788839 7.38112e-05 1.53431e-05 0.00898068 0.0118572 0.121602 7.42932e-08 0.0287847 0.00936303 0.000145131 0.00783942 0.25211 0.0649679 0.0454945 0.00911504 1.92842e-10 0.0176782 0.400157 0.000916733 0.0110633 
0.00526077 9.52534e-06 1.19016e-06 0.00354838 9.70726e-08 8.31997e-07 3.17725e-06 8.5645e-05 0.000318263 7.35866e-09 4.394e-05 0.047135 0.177204 0.00161092 0.0373992 0.269336 0.00731268 0.0021566 7.14729e-09 0.00617463 0.418726 9.12362e-09 0.0236721 
4.60401e-05 0.000245862 0.000353572 5.0158e-05 8.48542e-05 0.000456975 0.000126392 0.000100693 5.70112e-05 0.000453855 6.35392e-05 8.65012e-05 7.87012e-05 7.89558e-05 0.000244884 2.28245e-05 3.05634e-05 9.82746e-05 0.000440818 5.06929e-05 0.996199 0.000562712 6.75376e-05 
0.0981957 1.06163e-05 0.000106733 0.00902034 0.0153295 2.60178e-05 0.00188641 0.00704545 0.00836808 3.00469e-06 3.2394e-05 0.0145755 0.0285837 0.0262111 0.00491091 0.245466 0.0192849 0.0231629 1.47945e-05 0.0200538 0.422207 0.00169659 0.0538086 
0.000198409 0.00308033 0.0472535 0.0507719 0.00389282 0.00621424 0.000728805 0.000890955 0.0633898 0.00405662 0.000116531 0.00638055 0.0457806 0.0429347 0.00121873 0.00507314 0.000935066 0.0161047 0.0050605 0.0109343 0.656557 0.00635643 0.0220706 
0.201632 0.000154952 0.00243535 0.0205229 0.000245842 1.13844e-05 0.00595278 0.0052598 0.0123402 0.00128971 0.00668386 0.0578922 0.0339326 0.0435553 0.0115686 0.159266 0.0375368 0.0448731 0.00159014 0.0264827 0.24764 0.0049179 0.0742164 
0.0643539 0.0015025 0.00274127 0.0342994 0.00471736 0.000107952 0.0263031 0.027016 0.0360099 0.000262283 0.0134816 0.0218285 0.0229365 0.0348409 0.00542331 0.170659 0.0956437 0.0400121 0.00101583 0.041001 0.315182 0.000734929 0.0399262 
0.0353111 0.000752501 0.0182638 0.0401479 0.0600354 1.87391e-05 0.010317 0.0482736 0.0215603 0.00108278 0.0213503 0.0480456 0.020547 0.0311638 0.00433479 0.0809958 0.18464 0.0106398 0.000552651 0.0144096 0.189789 0.00145277 0.156316 
0.0823896 0.000961348 0.000213655 0.0189989 4.37331e-05 1.4365e-07 0.00250184 0.00105412 0.0788834 8.74286e-06 0.00628564 0.00283884 0.00476829 0.01078 0.105592 0.00829503 0.217276 0.0253321 0.0173588 0.00707561 0.346905 4.04133e-05 0.0623969 
0.0221559 1.96871e-05 2.04014e-05 0.00289282 5.15032e-06 3.30534e-05 0.000831708 0.00151204 0.00293126 0.000372902 4.41856e-05 0.0316442 0.00535603 0.0204052 0.000367333 0.242772 0.0477226 0.00835407 4.74483e-08 0.0057746 0.560433 0.000153371 0.0461977 
0.022128 9.63281e-06 3.12974e-05 0.012919 0.000339635 0.0760383 5.16902e-05 0.00174862 0.00594533 0.000118214 0.00176876 0.0178316 0.000802571 0.168787 0.000728609 0.0343283 0.0158632 0.0377356 4.58876e-08 0.00602841 0.591714 4.13476e-05 0.00504049 
0.0566316 1.12509e-06 1.12466e-06 0.0167761 1.1257e-06 1.12427e-06 0.0223994 1.12564e-06 0.0659734 1.12428e-06 1.12578e-06 0.0326464 0.00866921 0.00157714 0.00270133 0.0182413 0.131845 1.12565e-06 1.12433e-06 0.00596804 0.636558 1.12386e-06 1.12577e-06 
0.0542194 0.00130924 0.00360897 0.0282817 3.20576e-05 1.41306e-06 0.00076171 0.00848758 0.00612791 1.02832e-05 4.2357e-05 0.148434 0.0261534 0.053823 0.00170272 0.108825 0.0104611 0.0234181 0.00183819 0.0439901 0.407663 9.61994e-05 0.0707136 
0.0226173 0.00665186 0.000110948 0.0765232 9.50797e-06 1.64152e-06 0.102184 0.000375786 0.0155146 2.89389e-06 0.000438701 0.0039045 0.0138777 0.0361113 7.06681e-05 0.216259 0.0254746 0.0289616 0.000174941 0.0361986 0.344813 0.00161824 0.0681052 
0.0344835 3.56875e-05 0.000200593 0.00512468 7.01088e-06 1.43341e-07 0.0161 0.00017164 0.00347359 4.023e-05 0.000445157 0.0831087 0.0216414 0.033741 0.00111421 0.116104 0.0279226 0.00446098 0.00212045 0.00269467 0.603232 8.13468e-05 0.043697 
0.00378835 3.3229e-07 0.000130051 0.00928752 1.06405e-06 2.70367e-07 0.00147371 6.35924e-07 0.0477021 2.2946e-08 0.0124025 0.101934 0.000189815 0.149779 0.00105619 0.0239382 0.0161223 0.00722892 0.000508822 0.0442242 0.365274 1.86134e-05 0.21494 
0.0158864 0.00387427 6.0199e-05 0.0360994 1.5634e-05 0.00284323 0.00902113 0.0118929 0.0149814 1.45025e-06 0.000560555 0.0106214 0.0127355 0.0133591 0.00234672 0.297517 0.0931637 0.0114602 0.000425609 0.0301246 0.420782 0.000158894 0.0120688 
0.0690524 9.81947e-07 0.000396384 0.0155298 2.66378e-05 3.63365e-09 0.0231074 0.005775 0.0700383 5.71339e-05 0.0246976 0.0241968 0.000440509 0.0378008 0.0039203 0.080343 0.0507328 0.020592 2.12507e-05 0.0221385 0.500875 0.00534469 0.0449128 
0.0220072 0.000475696 3.73895e-05 0.00694251 1.45527e-05 8.08117e-05 0.0106673 0.0220703 0.267678 5.86546e-06 0.00834255 0.0719657 0.00397703 0.0197537 5.55998e-05 0.10823 0.0412357 0.0281704 7.1405e-05 0.0220719 0.342298 9.09823e-05 0.0237575 
0.000331006 0.000542961 0.00354023 0.116307 2.36888e-06 1.42609e-05 0.00844613 0.000848416 0.0400242 3.74025e-07 0.0264081 0.000958051 0.0045464 0.00163253 0.00122309 0.088048 0.0536651 0.0118294 4.61474e-05 0.0044882 0.620053 0.000202472 0.0168425 
7.90863e-06 4.20865e-05 9.07294e-05 0.0112514 1.47647e-05 3.45122e-05 0.00126666 0.000478687 0.0175715 6.24191e-08 0.00036414 0.00135181 0.00805066 0.00203445 0.000816264 0.00149988 0.0794595 0.00614941 2.6768e-05 0.00836932 0.856526 0.000101825 0.004492 
0.00904469 0.00126832 0.00020096 0.0131581 9.42554e-06 1.38252e-06 2.97033e-05 0.00230968 0.00230717 2.44273e-07 0.000398054 0.00667607 0.00474671 0.0379014 0.00731428 0.0252121 0.351804 0.0472803 0.00128261 0.00950958 0.433717 1.56042e-05 0.0458133 
0.00276383 1.97887e-06 0.36315 0.00215523 1.91886e-05 5.96341e-06 4.89977e-06 5.23678e-05 0.0808563 1.14111e-07 2.88413e-05 0.00406957 1.97875e-08 0.0672471 0.000231127 0.0433794 0.0102922 0.00308465 1.99816e-06 9.91945e-05 0.420224 1.12248e-06 0.00233149 
0.000892386 8.49014e-07 0.000610287 0.00151154 2.73376e-08 5.3247e-07 0.00475071 2.34981e-05 0.00928338 1.54039e-10 2.46043e-08 0.000905399 0.000207636 0.00238505 1.73425e-05 0.000186223 0.162172 0.0244184 2.61572e-06 0.00147508 0.785352 6.52121e-09 0.00580486 
0.00846061 0.00430098 0.110377 0.236271 0.0221536 4.5203e-05 0.00599273 0.00382236 0.0429121 2.39081e-07 0.0026607 0.0359706 0.00288813 0.0180965 0.025582 0.0182422 0.00222059 0.0296212 0.000346563 0.0105529 0.419151 1.86963e-05 0.000311873 
0.000892386 8.49014e-07 0.000610287 0.00151154 2.73376e-08 5.3247e-07 0.00475071 2.34981e-05 0.00928338 1.54039e-10 2.46043e-08 0.000905399 0.000207636 0.00238505 1.73425e-05 0.000186223 0.162172 0.0244184 2.61572e-06 0.00147508 0.785352 6.52121e-09 0.00580486 
0.00130435 0.000505805 0.000137832 0.00788839 7.38112e-05 1.53431e-05 0.00898068 0.0118572 0.121602 7.42932e-08 0.0287847 0.00936303 0.000145131 0.00783942 0.25211 0.0649679 0.0454945 0.00911504 1.92842e-10 0.0176782 0.400157 0.000916733 0.0110633 
0.0184076 3.92412e-06 4.11198e-07 0.0074082 1.79967e-05 4.30543e-07 6.28494e-06 0.00111265 0.00384508 1.24502e-06 0.000530568 0.00788882 0.00187848 0.00149064 0.000285685 0.0237278 0.0340744 0.00619457 0.00435509 0.00782483 0.866394 0.000134965 0.0144162 
0.0291175 0.00058575 0.0019406 0.0989647 5.95837e-05 2.14482e-05 0.0155937 0.00422595 0.0667712 0.00293106 0.024702 0.00649177 0.0342688 0.00603773 0.000923254 0.0799082 0.042812 0.018372 0.000182823 0.0163651 0.520769 0.000188476 0.0287669 
0.0360498 0.000155864 0.00090237 0.0351771 0.00069675 5.74302e-06 0.00641378 0.151077 0.0381539 0.000354953 0.0205642 0.0931948 0.00198741 0.0182052 0.000870633 0.0417497 0.179435 0.00569729 0.000289901 0.0406291 0.197122 0.000113085 0.131155 
0.010254 0.000732903 0.000682853 0.00543492 6.73485e-05 3.32035e-06 0.00633282 0.00276773 0.109328 2.15281e-07 1.196e-05 0.00195348 0.111935 0.0182707 0.00092598 0.136031 0.154516 0.0153324 0.00155033 0.019025 0.316699 9.65232e-05 0.0880494 
0.0240663 0.000131414 0.000108231 0.0181309 4.82343e-05 7.39822e-05 0.0136193 0.00523681 0.00262074 0.00017305 0.0267274 0.0269595 0.00244328 0.0208786 0.000307927 0.145 0.0454093 0.122967 1.55618e-05 0.0412312 0.343814 0.000995846 0.159041 
0.0242554 0.00155628 0.000576804 0.000569484 0.000450507 6.99424e-07 0.00217012 0.00320861 0.00999182 1.47675e-08 0.000175545 0.00316423 0.015827 0.181538 2.83036e-05 0.0231651 0.0189109 0.0130997 8.95702e-05 0.0072227 0.664766 0.000429759 0.0288035 
0.037039 1.52832e-05 0.00356903 0.0225727 1.61854e-05 4.31868e-06 0.130523 0.0109595 0.100502 0.000866311 0.00632445 0.00780949 0.000371413 0.0435688 0.0238944 0.0340305 0.0251687 0.0245902 0.000270131 0.0608294 0.418044 0.0182574 0.030774 
0.0512533 9.3454e-05 0.000114431 0.0327947 1.63579e-05 7.01558e-06 0.0196985 0.0667841 0.0299665 1.17881e-06 0.000545926 0.0208708 0.0388291 0.0669822 0.000180855 0.116096 0.0590484 0.0495369 0.0241264 0.0250614 0.368092 0.00551969 0.0243806 
0.00756936 8.32559e-05 0.00018731 0.011926 2.29824e-05 3.78747e-06 0.000693772 0.00291046 0.120939 4.79774e-06 0.0046643 0.000255364 0.00420934 0.0409744 0.0133819 0.251983 0.168812 0.000610502 1.14609e-07 0.000706216 0.362464 4.78757e-05 0.00755144 
0.0245876 0.000637006 1.01582e-05 0.0112486 0.000267238 0.000612606 0.0203087 0.00123323 0.102996 0.0063794 0.000315423 0.0254354 0.00198986 0.0427565 0.00101313 0.0513503 0.0381945 0.0123281 2.01278e-06 0.0389377 0.442261 0.00196933 0.175166 
0.00742758 4.79438e-05 9.47406e-05 0.0393419 2.12178e-05 2.52524e-05 0.00036503 0.00139058 0.00326407 0.00042535 0.00195643 0.0315772 0.0377097 0.0815406 0.00846579 0.170749 0.126868 0.0528375 0.00895286 0.067834 0.356377 0.000108735 0.00262008 
0.0922314 5.01376e-06 4.41709e-05 1.26856e-05 0.00348566 6.10516e-05 0.00943714 0.0849994 0.0754014 5.89681e-07 6.38465e-06 0.0141157 0.00404634 0.0395925 0.00645773 0.156807 0.0513522 0.00944647 0.00161575 0.0331751 0.413055 0.00393491 0.000715826 
0.050844 0.000579228 0.00106574 0.0152211 0.000276311 0.0173726 0.00445442 0.0244908 0.0257736 0.000364972 0.00313073 0.003188 0.0265682 0.10678 0.000553546 0.230682 0.0889658 0.0738566 0.000723982 0.00395882 0.306659 0.000208767 0.0142818 
0.00627321 0.00199239 0.00620791 0.0639701 0.000164172 3.25644e-07 0.00554011 0.0118365 0.0530947 1.36264e-05 0.0111287 0.0211986 0.00969541 0.136944 0.0289178 0.0307957 0.0871532 0.0148491 1.22822e-07 0.0427616 0.246825 0.000129693 0.220508 
0.042409 0.00394555 0.000836727 0.0800237 0.0256703 0.000829995 0.00723778 0.0030055 0.100342 1.17437e-05 0.0080274 0.0293615 0.0271096 0.0182487 0.189095 0.0254448 0.0458669 0.0143544 0.000274153 0.00701229 0.360536 2.16466e-05 0.0103348 
0.0190443 0.00511762 3.06374e-07 0.00266358 5.72526e-06 1.6998e-05 0.0355169 0.000717243 0.00296462 3.93271e-07 0.000532631 0.0116727 0.000177863 0.00389262 2.12195e-07 0.215245 0.107697 0.0229734 2.60658e-05 0.0198521 0.517867 0.000893023 0.0331222 
0.0132517 4.10828e-05 0.000242009 0.00517684 3.19541e-05 1.74336e-05 0.0169709 0.000555893 0.111966 2.42369e-05 0.000172182 0.0170715 0.0511134 0.162303 0.00609351 0.0133303 0.0143937 0.0104977 0.00225775 0.0264351 0.52571 9.86982e-05 0.0222463 
0.029597 0.000202513 1.66749e-05 0.0188078 0.00331095 5.60361e-05 0.0198704 0.00684921 0.0154783 1.52269e-08 0.0020622 0.0160482 0.0729578 0.00860774 0.000399929 0.163148 0.134162 0.00430277 6.54814e-05 0.0073379 0.388467 3.39083e-05 0.108218 
0.0385047 0.000207447 0.00327303 0.0101165 9.90643e-05 0.000133482 0.00530562 0.00248238 0.131486 7.93832e-06 0.0229824 0.0322175 0.00537177 0.130867 0.0223724 0.0679079 0.0898758 0.0452886 4.98889e-05 0.0539946 0.325526 0.000520211 0.0114097 
0.00799137 0.00169504 3.75061e-06 0.025492 1.80603e-06 3.20243e-06 0.000676739 0.000310766 0.0128328 1.7745e-07 0.00330861 0.0289735 0.000482697 0.00474337 5.73994e-05 0.00859238 0.0022514 0.0398491 7.51726e-07 0.0199385 0.825791 0.000372977 0.0166311 
0.0253059 0.000455784 1.01505e-06 0.0343114 1.98597e-05 9.12306e-05 0.0212872 8.07131e-05 0.00290491 9.13148e-08 0.00409485 0.00149895 0.0018843 0.00291699 0.000105386 0.0701565 0.238341 0.0560791 6.8272e-06 0.0196138 0.457127 0.000349732 0.0633671 
0.0228057 0.000596792 2.90569e-05 0.065194 3.79813e-05 4.67065e-06 0.00298595 0.00333812 0.153387 1.23908e-08 0.0067851 0.00134799 0.112585 0.167137 0.048761 0.138321 0.0450072 0.00402942 1.34978e-05 0.011499 0.192218 5.89104e-05 0.023858 
0.0120258 9.33604e-05 3.87837e-05 0.00719533 3.51189e-06 9.16818e-08 0.000521772 0.000406704 0.000286041 5.9263e-08 1.64084e-05 0.0528385 0.00814302 0.0184821 0.00679272 0.348278 0.0732253 0.0136913 0.000820235 0.007786 0.444785 4.47875e-07 0.00456934 
0.00785089 7.65627e-05 0.000379439 0.00618541 7.94692e-06 3.81352e-06 0.00281305 0.00135804 0.029908 2.20931e-09 3.20752e-06 0.0344733 0.00717047 0.0153862 6.3669e-05 0.0163545 0.0391369 0.0107683 0.0002076 0.0437294 0.777577 2.82323e-06 0.00654332 
