0.0939334 0.0193864 1.6403e-05 0.022732 0.00356376 1.65089e-05 0.00569933 0.0152182 0.0153415 1.06076e-08 0.0269709 0.0353774 0.12544 0.0362778 0.000164325 0.067318 0.0676767 0.00261489 0.00173301 0.0214614 0.0055643 0.000113609 0.43338 
0.0706858 0.00784148 4.06091e-10 0.00298292 2.90911e-06 2.98215e-06 0.00440611 0.0269479 0.00456426 1.49498e-07 0.0732189 0.118264 0.0459551 0.0137756 0.007565 0.0516888 0.098772 0.00374785 3.5642e-05 0.0237822 0.00884676 8.52412e-05 0.436829 
0.0164134 8.96165e-06 9.284e-05 0.0243048 3.29097e-05 3.18921e-08 0.00379415 0.000220414 0.00126211 1.30565e-10 0.0403731 0.00271557 0.00390617 0.016073 0.00043222 0.0297667 0.00549811 0.0103964 9.13356e-05 0.00494675 0.0066984 1.65763e-05 0.832956 
0.0814828 0.00444831 3.68043e-08 0.0961752 0.0002217 1.17873e-08 0.019429 0.00471784 0.00781853 1.73245e-11 0.000657428 0.00708652 0.0604025 0.0109552 0.000413014 0.141661 0.0245215 0.0611093 2.72479e-06 0.175608 0.0129089 0.0757909 0.214589 
0.0304464 0.00344526 1.42817e-05 0.229019 6.00799e-06 1.08034e-07 0.000890514 0.00161615 0.0100313 1.02437e-07 0.0124712 0.00116663 0.00159766 0.00284863 0.0033258 0.0563232 0.0531269 0.0132385 1.68645e-05 0.00577749 0.00208087 0.00043438 0.572123 
0.0304464 0.00344526 1.42817e-05 0.229019 6.00799e-06 1.08034e-07 0.000890514 0.00161615 0.0100313 1.02437e-07 0.0124712 0.00116663 0.00159766 0.00284863 0.0033258 0.0563232 0.0531269 0.0132385 1.68645e-05 0.00577749 0.00208087 0.00043438 0.572123 
0.0408107 0.00848149 3.7427e-11 0.0697896 5.73969e-07 4.83727e-11 1.34327e-06 4.32754e-07 0.000236225 4.80424e-11 0.000981949 0.00772809 0.00365841 0.0204504 3.99224e-07 3.37283e-07 0.00321404 0.0243037 6.07078e-08 0.270573 0.00707132 0.136955 0.405743 
0.0275618 3.64576e-06 5.98987e-05 0.0013263 8.86217e-06 6.35411e-06 0.00145894 0.0405826 0.00484489 6.03839e-07 0.000131548 0.012572 0.00110678 0.0173416 0.000786324 0.312163 0.195524 0.00222203 1.64057e-06 0.00184337 0.0509925 0.000135383 0.329326 
0.0470563 0.000160673 0.000181932 0.0241595 0.00213688 7.70272e-07 0.00992517 0.00355916 0.00412065 0.0150046 0.0115443 0.00837213 0.0207073 0.10404 0.000185859 0.036248 0.0463863 0.0104427 0.000301792 0.0163075 0.0166272 0.00136796 0.621163 
0.133615 0.000128307 1.0356e-07 0.00344739 0.0192735 1.64749e-06 0.000185805 0.000482367 0.0435913 7.3845e-10 0.00893663 0.0320916 0.00372975 0.0348458 6.98727e-08 0.130168 0.257658 0.0222035 5.08233e-06 0.00521311 0.00775538 1.49987e-05 0.296652 
0.0521644 2.75634e-08 5.21495e-12 0.0517326 1.12764e-09 6.74009e-12 0.0179058 2.40609e-08 0.000529043 6.82862e-08 1.90339e-07 0.000236577 0.00379355 0.00333641 5.85158e-08 0.251664 0.0595698 0.0164974 3.28347e-07 3.22927e-07 0.0178726 0.000136021 0.524561 
0.0304464 0.00344526 1.42817e-05 0.229019 6.00799e-06 1.08034e-07 0.000890514 0.00161615 0.0100313 1.02437e-07 0.0124712 0.00116663 0.00159766 0.00284863 0.0033258 0.0563232 0.0531269 0.0132385 1.68645e-05 0.00577749 0.00208087 0.00043438 0.572123 
0.0230228 0.000483731 0.0173524 0.0172255 0.0125787 9.71722e-06 0.004087 0.0196772 0.0036866 0.000370477 0.0187477 0.000768582 0.0181572 0.0252797 0.0122394 0.130399 0.110443 0.00490184 0.00621754 0.0308628 0.0049772 0.000243386 0.538269 
0.0974793 0.00144943 4.98004e-05 0.015204 5.58176e-05 2.31422e-05 0.00880285 0.0134016 0.00526971 1.91832e-06 0.00955817 0.0368008 0.0404417 0.0258688 0.00406244 0.201125 0.0704009 0.0312856 0.000433341 0.0655966 0.0405768 0.00066426 0.331448 
0.154467 0.00018139 8.46021e-10 0.000232043 0.00281333 7.00946e-07 0.000393607 0.000215658 7.78429e-05 0.000465518 0.0152904 0.153337 0.0367233 0.167354 0.000138146 0.0141486 0.0393936 0.00086187 3.4903e-05 0.00401126 0.00433384 7.05217e-07 0.405525 
0.0304464 0.00344526 1.42817e-05 0.229019 6.00799e-06 1.08034e-07 0.000890514 0.00161615 0.0100313 1.02437e-07 0.0124712 0.00116663 0.00159766 0.00284863 0.0033258 0.0563232 0.0531269 0.0132385 1.68645e-05 0.00577749 0.00208087 0.00043438 0.572123 
0.0274261 0.00102316 7.64766e-06 0.0597092 8.43741e-05 0.00287676 0.0215475 0.000156067 0.190592 1.96621e-08 0.00152545 0.00392055 0.0160805 0.0951331 0.00336054 0.00652262 0.0744777 0.0115517 1.73269e-05 0.0351279 0.0515201 0.000380136 0.39696 
0.0115433 0.000372762 8.07214e-05 0.00497557 0.00170168 2.06125e-07 0.00128491 0.000400917 0.0003485 2.31215e-09 0.00145976 0.0245607 0.00815655 0.0062961 0.00016126 0.0158639 0.0054716 0.00133496 3.67146e-06 0.0554969 0.00801522 3.74245e-05 0.852433 
0.032613 0.000624824 0.000814849 0.0339989 7.76773e-05 2.02784e-06 0.0183099 0.0240822 0.0662266 0.00285073 0.0177782 0.135198 0.00734915 0.123431 0.00174959 0.160258 0.0377761 0.0159899 5.28832e-05 0.056658 0.0989082 0.000357013 0.164893 
0.00497307 0.000199608 0.000560168 0.00356781 0.000330282 8.25895e-11 0.000221907 0.00299919 0.00184425 1.18658e-08 1.11718e-05 0.0116372 0.0012434 0.0602394 0.00114269 0.00317914 5.38656e-08 0.00413967 4.93399e-05 0.0339451 0.00693319 1.85499e-07 0.862783 
0.00313869 0.000199369 3.2574e-07 0.00735053 4.46982e-05 0.000184141 0.00155576 0.000113291 0.151697 6.55145e-07 0.00174437 0.00134043 0.00144632 0.000784726 0.00210111 0.129766 0.247354 0.00034277 4.0612e-07 0.0175809 0.0244627 0.000679462 0.408112 
0.0650599 0.00476353 0.00714961 0.0139654 0.00578488 0.00382785 0.0209839 0.00844767 0.0391543 5.21121e-05 0.00674124 0.0556352 0.0293147 0.162206 0.00204536 0.0977773 0.0565372 0.0140506 0.000154899 0.0244082 0.0183611 0.00113284 0.362447 
0.0151896 0.000251946 0.000326333 0.0111222 0.0462395 1.2053e-07 0.110513 0.00193639 0.0212675 5.01697e-12 0.00179775 0.0361147 0.00663785 0.00739294 0.00123122 0.0967483 0.24239 0.0167091 0.000976355 0.0930422 0.0269983 0.000111486 0.263003 
0.0399196 0.00110038 0.00271611 0.00932083 3.30565e-05 5.59872e-05 0.000589329 0.25594 0.0563892 9.69793e-07 0.000108296 0.010711 0.0144402 0.0167338 0.000344694 0.0468816 0.0202895 0.0177616 7.23493e-08 0.0425426 0.0147244 6.60405e-07 0.449396 
0.0304464 0.00344526 1.42817e-05 0.229019 6.00799e-06 1.08034e-07 0.000890514 0.00161615 0.0100313 1.02437e-07 0.0124712 0.00116663 0.00159766 0.00284863 0.0033258 0.0563232 0.0531269 0.0132385 1.68645e-05 0.00577749 0.00208087 0.00043438 0.572123 
0.1955 0.000172122 0.000344504 0.00125715 1.53441e-05 3.11669e-05 0.00461023 0.0364744 0.00396705 9.28525e-07 0.00636044 0.0461508 0.0278873 0.0204508 0.000111574 0.141049 0.14319 0.00117695 3.20895e-05 0.00915193 0.0290723 3.95783e-06 0.332989 
0.0304464 0.00344526 1.42817e-05 0.229019 6.00799e-06 1.08034e-07 0.000890514 0.00161615 0.0100313 1.02437e-07 0.0124712 0.00116663 0.00159766 0.00284863 0.0033258 0.0563232 0.0531269 0.0132385 1.68645e-05 0.00577749 0.00208087 0.00043438 0.572123 
0.106692 1.0647e-09 1.53114e-09 3.16259e-05 4.78066e-07 1.97893e-09 5.47339e-10 0.0163659 0.0875555 1.96542e-09 2.75156e-10 5.24805e-07 3.40815e-10 3.41918e-10 1.06047e-09 1.80584e-05 0.321011 1.26401e-05 1.90896e-09 2.19525e-10 1.01078e-05 2.43682e-09 0.468302 
0.000970164 2.37074e-11 0.000354129 0.233461 5.48382e-08 4.71182e-08 0.0332259 0.000242862 0.135823 1.18808e-07 2.18704e-06 0.0104614 0.00285564 0.0974484 4.49599e-06 0.0371373 0.0312855 0.0204698 2.48115e-08 0.0440875 0.117858 0.000138236 0.234174 
0.0304464 0.00344526 1.42817e-05 0.229019 6.00799e-06 1.08034e-07 0.000890514 0.00161615 0.0100313 1.02437e-07 0.0124712 0.00116663 0.00159766 0.00284863 0.0033258 0.0563232 0.0531269 0.0132385 1.68645e-05 0.00577749 0.00208087 0.00043438 0.572123 
0.0723815 0.000208493 1.09024e-06 0.0272089 1.03795e-05 1.54073e-06 0.0153923 0.00574789 0.0159021 0.000239325 0.00015857 0.0156932 0.00573229 0.0755047 0.000766985 0.159145 0.110943 0.0330424 0.00104801 0.0352174 0.00706373 0.00161684 0.416975 
0.0889436 8.45887e-05 0.000242679 0.0109944 0.00233715 1.92251e-06 0.00212585 0.0398745 0.00428656 0.00471171 0.00904471 0.0183494 0.104564 0.0865188 0.00047453 0.0953168 0.156319 0.00835129 0.000471304 0.0121807 0.00949573 0.00180384 0.343507 
0.0954095 0.0011338 0.00219543 0.0283573 0.0127675 5.07858e-06 0.0334087 0.0216847 0.0591914 7.18607e-05 0.00424252 0.0293526 0.0129472 0.051063 0.00571155 0.149002 0.122867 0.0149087 2.3807e-05 0.032095 0.0323151 1.57336e-05 0.291231 
0.0304464 0.00344526 1.42817e-05 0.229019 6.00799e-06 1.08034e-07 0.000890514 0.00161615 0.0100313 1.02437e-07 0.0124712 0.00116663 0.00159766 0.00284863 0.0033258 0.0563232 0.0531269 0.0132385 1.68645e-05 0.00577749 0.00208087 0.00043438 0.572123 
0.0630662 1.20224e-05 1.01161e-05 0.0454225 2.7796e-05 5.80307e-07 0.119865 0.0103644 0.0363757 1.18257e-09 0.000464611 0.0260913 0.0101029 0.0499412 0.000189958 0.193796 0.148519 0.0154896 4.51101e-05 0.00877186 0.00318522 8.19085e-07 0.268258 
0.0304464 0.00344526 1.42817e-05 0.229019 6.00799e-06 1.08034e-07 0.000890514 0.00161615 0.0100313 1.02437e-07 0.0124712 0.00116663 0.00159766 0.00284863 0.0033258 0.0563232 0.0531269 0.0132385 1.68645e-05 0.00577749 0.00208087 0.00043438 0.572123 
0.00411997 0.00215945 0.000168744 0.0126879 6.45582e-05 8.68628e-08 0.0207065 0.0172472 0.0258592 0.198491 0.00159689 0.0144979 0.00937027 0.0753246 2.59171e-05 0.010554 0.00326489 0.00522133 0.00103532 0.0297722 0.0135222 1.41935e-08 0.55431 
0.0963797 0.128632 1.23371e-08 0.000831422 6.57785e-05 2.94608e-06 0.0011815 0.00213128 0.0143045 1.58363e-08 1.50921e-05 0.0123415 0.202929 0.0513723 5.09417e-05 0.0632679 0.00426985 0.000867832 4.46046e-06 0.00191341 0.176759 4.08168e-06 0.242675 
0.0304464 0.00344526 1.42817e-05 0.229019 6.00799e-06 1.08034e-07 0.000890514 0.00161615 0.0100313 1.02437e-07 0.0124712 0.00116663 0.00159766 0.00284863 0.0033258 0.0563232 0.0531269 0.0132385 1.68645e-05 0.00577749 0.00208087 0.00043438 0.572123 
0.0184711 1.08718e-10 1.56346e-10 8.36426e-07 3.75218e-11 3.85427e-07 1.8686e-07 4.45254e-11 9.46428e-08 4.76302e-08 2.80113e-08 4.19093e-07 0.00203641 5.14555e-07 1.08286e-10 0.444521 0.000171996 0.000292387 1.94926e-10 0.00166745 0.062027 3.65638e-08 0.47081 
0.0225678 0.00102538 0.00238012 0.0254358 0.000320141 1.90462e-05 0.00717539 0.00263048 0.0179736 5.83773e-05 0.00570512 0.0101549 0.0150757 0.017353 0.000967882 0.148894 0.151411 0.0178879 0.000173529 0.0319402 0.0411283 0.00134291 0.47838 
0.0231275 0.000174958 0.000393401 0.0047159 0.0138438 1.46453e-05 0.00446207 0.0146515 0.0233085 0.00599871 0.027128 0.066009 0.0299231 0.0511188 0.00465211 0.175703 0.175411 0.0858124 5.33589e-06 0.0090447 0.0306041 0.000304981 0.253592 
0.036073 0.00201075 0.00217098 0.0104148 0.000470941 1.16177e-07 0.00581587 0.0188898 0.00720669 3.13365e-05 0.00722108 0.0291102 0.078677 0.0708043 0.00139611 0.0948361 0.132387 0.00856211 0.00152731 0.0215134 0.0441347 0.000744562 0.426002 
0.0647777 0.000512485 0.000338195 0.004008 0.00854089 4.85711e-06 0.00855143 0.000934582 0.00592226 2.94719e-09 0.00567389 0.0103336 0.0266994 0.00538422 0.000137594 0.0636598 0.0721565 0.0273806 0.000164693 0.0175072 0.0497798 0.00054217 0.62699 
0.00120992 2.02099e-05 1.27994e-07 0.00071573 1.89726e-06 6.36571e-09 0.0178148 0.000265372 0.0902769 9.31881e-07 0.000186045 0.0011233 0.00379508 0.0104565 0.00123326 0.252953 0.271835 0.00103318 5.91277e-06 0.00192111 0.0013575 5.8983e-08 0.343794 
0.0689269 0.000989186 6.19111e-05 0.0102941 3.80404e-06 8.71981e-08 0.00552356 0.00254006 0.00108232 4.26621e-11 0.00732995 0.00634756 0.0195272 0.00493219 0.000335623 0.131611 0.0861357 0.0298309 0.000381563 0.019953 0.00405585 0.000613529 0.599524 
0.0304464 0.00344526 1.42817e-05 0.229019 6.00799e-06 1.08034e-07 0.000890514 0.00161615 0.0100313 1.02437e-07 0.0124712 0.00116663 0.00159766 0.00284863 0.0033258 0.0563232 0.0531269 0.0132385 1.68645e-05 0.00577749 0.00208087 0.00043438 0.572123 
0.0304464 0.00344526 1.42817e-05 0.229019 6.00799e-06 1.08034e-07 0.000890514 0.00161615 0.0100313 1.02437e-07 0.0124712 0.00116663 0.00159766 0.00284863 0.0033258 0.0563232 0.0531269 0.0132385 1.68645e-05 0.00577749 0.00208087 0.00043438 0.572123 
0.0244246 5.22946e-06 2.3609e-07 6.8545e-05 3.12691e-08 4.42458e-07 0.00457112 0.0010383 0.0025237 2.479e-09 0.00799479 0.0106555 0.00685806 0.0066817 2.02025e-07 0.0666158 0.225089 0.00115346 2.61516e-05 0.00605105 0.00894209 4.06396e-08 0.6273 
0.0800185 0.000106686 0.000646164 0.00439311 0.000500415 7.54302e-10 0.00554274 0.00645938 0.00145008 2.70034e-10 0.00114527 0.00360392 0.106722 0.0350275 6.38241e-05 0.150212 0.103864 0.003543 1.12984e-06 0.0133007 0.0847917 0.00629549 0.392313 
0.0192156 0.000166031 4.18026e-05 0.0394858 6.55949e-06 3.35797e-09 0.0899717 0.00195996 0.0450879 7.0422e-06 0.0116712 0.0205855 0.000906631 0.0290882 0.00082079 0.121911 0.0506 0.0198854 5.56488e-05 0.0785732 0.192775 0.000201634 0.276983 
0.0220111 0.00152141 0.00443248 0.010941 0.0145014 1.2328e-08 0.0012559 0.000151842 0.0186832 3.31959e-07 0.000222988 0.000683482 0.0502803 0.119546 0.00264871 0.00170853 0.00281926 0.00941007 1.00627e-05 0.138608 0.00579858 0.000713723 0.594052 
0.229282 0.000212462 0.00020423 0.00571856 1.34194e-05 1.34619e-06 0.00172637 0.000558987 0.000276197 3.31169e-07 0.015174 0.00949801 0.00928855 0.00339214 2.02505e-05 0.198736 0.0379638 0.00302894 1.39222e-05 0.00324256 0.0212247 0.000157288 0.460266 
0.0418697 0.000215988 3.35727e-05 2.05791e-07 2.67919e-08 3.76211e-09 0.00263237 0.000154547 1.18624e-06 2.50403e-06 4.49281e-05 0.0577257 0.176988 0.0161772 2.75558e-08 0.0952086 0.129481 0.00130415 1.97898e-08 0.02026 0.000692336 0.00287418 0.454334 
0.114667 0.000569183 1.26141e-05 0.00480284 2.14367e-05 5.74867e-06 0.0165405 0.00538743 0.00426254 5.59747e-07 0.0264108 0.0103792 0.00335318 0.00492281 0.000161523 0.242394 0.149828 0.00720387 0.000462103 0.0114378 0.00870244 9.29852e-05 0.388382 
0.0304464 0.00344526 1.42817e-05 0.229019 6.00799e-06 1.08034e-07 0.000890514 0.00161615 0.0100313 1.02437e-07 0.0124712 0.00116663 0.00159766 0.00284863 0.0033258 0.0563232 0.0531269 0.0132385 1.68645e-05 0.00577749 0.00208087 0.00043438 0.572123 
0.0993175 0.000416049 0.0166045 0.0134812 0.00942152 8.82653e-06 0.0126728 0.0802786 0.0146816 6.31074e-10 0.00760695 0.128458 0.13996 0.0443118 3.96261e-05 0.137942 0.0486448 0.002377 0.00075439 0.024816 0.00446672 7.57415e-05 0.213665 
0.0375969 0.0076819 0.00510131 0.0020746 0.137675 7.75457e-07 0.00140415 0.000427053 0.0341572 0.000312971 0.00040161 0.000286919 0.0448789 0.0831161 0.114199 0.0913867 0.123497 0.00906315 0.0442336 0.0696831 0.0191567 0.000556044 0.173109 
0.217249 0.000351177 8.10235e-08 0.00278113 1.243e-05 9.52753e-06 0.0040612 0.0762753 0.00320182 2.61657e-10 0.00648313 0.0195038 0.0639959 0.00311378 0.00177116 0.261083 0.0538916 0.00234884 0.000963789 0.00836342 0.00423834 0.000149804 0.270152 
0.146187 0.000438044 8.49696e-06 0.00105442 3.51476e-12 3.03469e-05 0.000767035 4.94792e-08 5.56133e-05 1.87992e-11 0.00876789 0.0154487 0.158722 0.00154345 5.98629e-05 0.25646 0.0988359 0.00322227 1.45515e-07 0.00873767 0.00362242 7.26599e-05 0.295965 
0.0778815 0.000384327 1.77517e-06 0.0450163 3.35672e-06 2.56263e-06 0.00279273 0.00278535 0.0540418 0.00549547 0.00617516 0.0130449 0.00186324 0.16696 0.0378314 0.0848473 0.0347 0.0347677 0.089781 0.0907107 0.0821837 7.0368e-05 0.168659 
0.0475919 0.000669828 4.28726e-06 0.00930404 4.08718e-05 6.06177e-07 0.0207341 0.00495145 0.0066089 9.93079e-12 0.00331275 0.00362621 0.00948788 0.000184828 0.000468257 0.213118 0.0660486 0.0048301 0.000376457 0.0213571 0.00110949 0.000234298 0.58594 
0.0250291 7.26203e-05 7.49862e-06 0.00198832 8.25226e-06 2.65212e-06 0.00734565 0.000275664 0.00160799 0.00139128 9.16043e-05 0.0214319 0.0119818 0.0663185 0.000270849 0.0748476 0.0593264 0.00566024 3.45766e-05 0.010642 0.0216945 3.61505e-05 0.689935 
0.117263 9.71215e-06 0.000301263 0.00814154 1.20128e-05 7.39339e-07 0.000201106 0.00124056 0.0024074 7.83525e-09 0.000237008 0.0229681 0.0451645 0.132948 0.000489667 0.0665944 0.0391099 0.114304 1.77108e-06 0.0336991 0.125248 0.000667153 0.28899 
0.054608 0.00373499 0.00213076 0.0280698 0.00673157 2.36659e-06 0.0552279 0.0197712 0.060968 0.00134635 0.0100363 0.00335567 0.026055 0.0257295 0.000411476 0.129963 0.178138 0.0494477 0.00078307 0.0322001 0.041061 0.000179289 0.270049 
0.0216043 0.000764283 1.197e-06 0.0157565 0.00126244 1.47111e-07 0.0461831 0.0197523 0.180131 0.000118934 0.00262883 0.00412382 0.013451 0.0688711 5.13318e-05 0.00706986 0.0194461 0.0969526 0.0059212 0.212132 0.0279275 0.00156743 0.254283 
0.117263 9.71215e-06 0.000301263 0.00814154 1.20128e-05 7.39339e-07 0.000201106 0.00124056 0.0024074 7.83525e-09 0.000237008 0.0229681 0.0451645 0.132948 0.000489667 0.0665944 0.0391099 0.114304 1.77108e-06 0.0336991 0.125248 0.000667153 0.28899 
0.0230228 0.000483731 0.0173524 0.0172255 0.0125787 9.71722e-06 0.004087 0.0196772 0.0036866 0.000370477 0.0187477 0.000768582 0.0181572 0.0252797 0.0122394 0.130399 0.110443 0.00490184 0.00621754 0.0308628 0.0049772 0.000243386 0.538269 
0.0304464 0.00344526 1.42817e-05 0.229019 6.00799e-06 1.08034e-07 0.000890514 0.00161615 0.0100313 1.02437e-07 0.0124712 0.00116663 0.00159766 0.00284863 0.0033258 0.0563232 0.0531269 0.0132385 1.68645e-05 0.00577749 0.00208087 0.00043438 0.572123 
0.157459 3.06755e-08 1.31136e-06 0.00212725 1.04743e-06 2.01215e-10 0.00100854 0.0517332 2.24658e-05 0.000248712 0.000285368 0.0151671 0.00363255 3.25211e-05 2.18617e-06 0.280612 0.0110549 0.000641554 1.25479e-06 0.128704 3.49491e-06 2.4154e-05 0.347236 
0.0598071 1.48437e-05 0.000335047 0.0248471 0.000143188 1.05517e-06 0.115053 0.00091572 0.0403264 0.000152703 0.0847342 0.0875354 0.00470385 0.0375997 0.000261933 0.0384353 0.100145 0.0459725 3.92477e-05 0.0885453 0.0451206 0.00012793 0.225184 
0.25907 0.000296803 5.14291e-07 0.0145057 7.44155e-11 1.23402e-08 0.0446212 0.0013639 0.000514947 3.98022e-10 0.000519164 0.00121616 0.0247258 0.00452047 6.50758e-07 0.148903 0.0247943 0.00751367 5.28554e-05 0.0881672 0.00394597 5.84533e-05 0.375209 
0.0304464 0.00344526 1.42817e-05 0.229019 6.00799e-06 1.08034e-07 0.000890514 0.00161615 0.0100313 1.02437e-07 0.0124712 0.00116663 0.00159766 0.00284863 0.0033258 0.0563232 0.0531269 0.0132385 1.68645e-05 0.00577749 0.00208087 0.00043438 0.572123 
0.0304464 0.00344526 1.42817e-05 0.229019 6.00799e-06 1.08034e-07 0.000890514 0.00161615 0.0100313 1.02437e-07 0.0124712 0.00116663 0.00159766 0.00284863 0.0033258 0.0563232 0.0531269 0.0132385 1.68645e-05 0.00577749 0.00208087 0.00043438 0.572123 
0.0230228 0.000483731 0.0173524 0.0172255 0.0125787 9.71722e-06 0.004087 0.0196772 0.0036866 0.000370477 0.0187477 0.000768582 0.0181572 0.0252797 0.0122394 0.130399 0.110443 0.00490184 0.00621754 0.0308628 0.0049772 0.000243386 0.538269 
0.0849395 2.95367e-05 0.000192169 0.0110041 1.92836e-06 1.71911e-06 9.95647e-05 0.00120805 0.00170802 4.93223e-08 0.00182187 0.00093355 0.0010685 0.0174985 0.000192657 0.00685442 0.116987 0.0268936 0.000562927 0.00713898 0.070249 8.03671e-05 0.650534 
0.022444 0.000739514 3.45383e-06 0.0315445 8.11853e-06 1.64721e-07 0.00903914 0.00982197 0.0107713 3.00417e-05 0.00298645 0.0134098 0.000937101 0.00883588 3.0873e-05 0.203572 0.127216 0.0535242 0.000581102 0.0353106 0.00877086 0.000215892 0.460207 
0.0304464 0.00344526 1.42817e-05 0.229019 6.00799e-06 1.08034e-07 0.000890514 0.00161615 0.0100313 1.02437e-07 0.0124712 0.00116663 0.00159766 0.00284863 0.0033258 0.0563232 0.0531269 0.0132385 1.68645e-05 0.00577749 0.00208087 0.00043438 0.572123 
0.0347776 0.000654534 2.18136e-05 0.0764045 8.80564e-05 2.36407e-05 0.0038799 0.00455563 0.00485389 0.0249231 0.00275316 0.033585 0.0952111 0.191352 0.000517697 0.0908336 0.0462006 0.00376207 3.38587e-05 0.0456243 0.0619915 0.000143258 0.277809 
0.0304464 0.00344526 1.42817e-05 0.229019 6.00799e-06 1.08034e-07 0.000890514 0.00161615 0.0100313 1.02437e-07 0.0124712 0.00116663 0.00159766 0.00284863 0.0033258 0.0563232 0.0531269 0.0132385 1.68645e-05 0.00577749 0.00208087 0.00043438 0.572123 
0.0299176 8.20721e-05 5.80235e-05 0.00511286 0.00233779 6.63416e-05 0.0277754 0.0158468 0.00889911 0.000381802 0.00188184 0.0103176 0.0266959 0.00951152 0.00158223 0.0394139 0.199565 0.00384512 0.000166533 0.0077025 0.00595073 0.00110401 0.601786 
0.0883181 0.0131491 0.000754408 0.0135135 0.00691576 1.7645e-05 0.000841275 0.0299838 8.02584e-05 8.11763e-08 0.0130379 0.193847 0.0256838 0.118946 0.000214563 0.140324 0.093591 0.0207499 0.000197695 0.0341673 0.00947056 3.25056e-05 0.196164 
0.0304464 0.00344526 1.42817e-05 0.229019 6.00799e-06 1.08034e-07 0.000890514 0.00161615 0.0100313 1.02437e-07 0.0124712 0.00116663 0.00159766 0.00284863 0.0033258 0.0563232 0.0531269 0.0132385 1.68645e-05 0.00577749 0.00208087 0.00043438 0.572123 
0.00421357 7.55571e-05 1.90702e-05 0.00223994 8.88421e-07 5.15512e-06 0.00082818 0.0105648 0.0158221 4.56384e-07 0.0251455 0.0767125 0.0300511 0.0929065 0.00175382 0.074527 0.0991098 0.00213398 0.000863325 0.00471715 0.0516323 0.000112537 0.506565 
0.0185769 0.000345115 0.000358762 0.00520179 0.000486897 1.89611e-05 0.0148821 0.0358827 0.00969228 1.36788e-06 0.0031925 0.0258772 0.0096094 0.0375081 0.000147913 0.138957 0.137614 0.00477237 1.98994e-05 0.0148716 0.0388636 0.000826572 0.502293 
0.0228764 0.00088607 0.000126954 0.00769849 8.60583e-06 3.24958e-08 0.00379669 0.00454976 0.0129769 2.31049e-10 0.00109857 0.0499801 0.00518414 0.0251458 0.00171123 0.0401244 0.30463 0.0170275 5.60951e-06 0.0233595 0.0615664 0.00103147 0.416215 
0.136575 0.00117642 5.38436e-06 0.00820756 3.81989e-05 5.75178e-07 0.00124314 4.18869e-05 0.00923983 4.22671e-06 0.0204283 0.011944 0.0113399 0.0736206 0.000110169 0.152258 0.0358659 0.0103286 1.60903e-05 0.0329602 0.207166 1.86258e-06 0.287428 
0.0173242 0.000507967 0.000538008 0.0540461 0.000380586 5.06542e-06 0.0158924 0.24108 0.124828 0.000168225 0.000410002 0.0188884 0.0061008 0.00724492 0.00211818 0.0390943 0.0553267 0.0150901 1.87522e-05 0.0279986 0.0871282 0.00394866 0.281862 
0.0383589 0.0298354 0.0439887 0.0313138 0.00399386 1.54432e-08 0.0416244 0.0119467 0.0173203 1.62248e-07 0.00956234 0.00138798 0.0578302 0.0157957 0.00336225 0.0410662 0.0148321 0.00866085 2.15645e-06 0.0369715 0.0221089 1.29156e-05 0.570025 
0.0399494 0.000414244 0.000137398 0.0234387 0.000477256 2.13949e-05 0.00201174 0.0265374 0.0491241 1.81639e-05 0.0228403 0.107173 0.00527958 0.0407952 0.00193248 0.028248 0.115644 0.00298856 8.91681e-05 0.00990729 0.0321391 0.000153381 0.49068 
0.0314593 0.0105214 0.00715917 0.035859 0.0051001 1.33481e-05 0.00568135 0.0364869 0.0297569 0.00041811 0.00900825 0.0386501 0.0310891 0.0928898 0.00771635 0.0991582 0.142401 0.00496131 0.000440901 0.0429499 0.0183157 0.000310075 0.349654 
0.0398944 0.0172043 0.000689056 0.0669969 0.000182972 0.000133687 0.0163395 0.0108348 0.110647 0.00255218 0.003239 0.00721459 0.033652 0.0196355 0.00121056 0.187496 0.123786 0.0453347 0.000138207 0.0565631 0.0302678 0.00183182 0.224156 
0.0818419 0.00161473 0.000870401 0.0240977 0.000996326 7.71242e-06 0.120511 0.0323369 0.094262 5.5353e-06 0.0344149 0.035778 0.0440256 0.00952294 0.000278077 0.134771 0.10195 0.010663 4.77127e-05 0.0700763 0.0122702 0.00227416 0.187383 
0.0304464 0.00344526 1.42817e-05 0.229019 6.00799e-06 1.08034e-07 0.000890514 0.00161615 0.0100313 1.02437e-07 0.0124712 0.00116663 0.00159766 0.00284863 0.0033258 0.0563232 0.0531269 0.0132385 1.68645e-05 0.00577749 0.00208087 0.00043438 0.572123 
0.0209373 1.92942e-05 0.00106128 0.00976294 0.0536152 4.61547e-05 0.0220177 0.00958621 0.00672749 8.17123e-05 0.00592248 0.129351 0.0660863 0.0585591 7.12197e-07 0.0175011 0.0672352 0.0473213 1.15304e-07 0.00944731 0.0642264 0.00100833 0.409485 
0.0226908 9.34149e-05 6.25571e-09 6.7322e-06 0.000115397 1.58765e-06 7.69138e-06 1.55937e-06 0.00109874 8.03002e-09 3.17739e-06 0.175827 0.0130045 0.209683 3.17408e-05 0.0386787 0.0662236 0.0267763 4.18265e-05 0.00180334 0.0246826 4.09748e-06 0.419224 
0.168416 1.83752e-05 1.25858e-05 0.00340026 6.80713e-06 5.21656e-08 0.000163125 0.00120382 0.000614338 0.000214266 9.9833e-05 0.0102936 0.00199825 0.0290883 5.91221e-06 0.0139821 0.0252329 0.022558 0.000359722 0.0161241 0.0201497 0.000134093 0.685923 
0.0304464 0.00344526 1.42817e-05 0.229019 6.00799e-06 1.08034e-07 0.000890514 0.00161615 0.0100313 1.02437e-07 0.0124712 0.00116663 0.00159766 0.00284863 0.0033258 0.0563232 0.0531269 0.0132385 1.68645e-05 0.00577749 0.00208087 0.00043438 0.572123 
0.0304464 0.00344526 1.42817e-05 0.229019 6.00799e-06 1.08034e-07 0.000890514 0.00161615 0.0100313 1.02437e-07 0.0124712 0.00116663 0.00159766 0.00284863 0.0033258 0.0563232 0.0531269 0.0132385 1.68645e-05 0.00577749 0.00208087 0.00043438 0.572123 
0.113998 6.27841e-05 3.5665e-10 2.91476e-05 1.05686e-05 3.22808e-08 0.000159565 0.00103883 3.63867e-05 3.92134e-08 0.00159486 0.000104202 0.00151536 0.00635411 5.32424e-05 0.118269 0.0498234 0.00617519 8.5378e-05 0.00215048 0.0100984 5.32542e-08 0.688441 
0.0675883 1.13955e-07 4.89786e-07 5.08302e-07 3.19173e-06 2.4594e-05 0.0174444 0.0878404 0.173579 4.99881e-07 1.09682e-07 0.0294812 0.00175581 0.0557673 3.74037e-10 0.0743603 0.169976 0.00630292 7.33306e-06 0.00402034 0.0013354 8.59491e-10 0.310512 
0.0462497 1.75862e-05 8.8992e-05 0.00190501 2.22721e-05 1.00795e-05 0.00612821 0.00553153 0.00653229 2.45944e-06 0.0174705 0.00129728 0.00180765 0.0923241 0.0226293 0.0330889 0.117758 0.00948622 2.78594e-07 0.0101075 0.181925 0.000129173 0.445488 
0.114172 1.59173e-06 8.02504e-11 0.00041059 0.000294696 1.46725e-07 0.253625 8.24632e-07 0.000641455 1.03012e-10 0.00300634 0.00897254 0.00798381 0.021467 5.91433e-05 0.0243809 0.0339802 0.15044 3.39255e-05 0.0490964 0.00790421 4.30002e-07 0.323529 
0.0512497 7.49117e-07 2.94177e-06 0.00992888 3.45493e-06 9.70856e-05 0.0147293 0.0050135 0.00429742 5.04159e-09 0.00938483 0.0010624 0.00143963 0.0248546 3.57103e-05 0.132915 0.0612042 0.0143381 9.40591e-05 0.0152755 0.0651193 1.99566e-07 0.588953 
0.0597962 0.000173159 1.80063e-05 0.0162246 3.977e-08 8.16228e-06 0.00497759 0.00473636 1.19488e-06 3.28693e-07 0.000100769 0.00686832 0.201502 0.0200685 3.98375e-05 0.108474 0.0658618 0.00134777 5.74695e-06 0.039629 1.81046e-05 0.00180585 0.468343 
0.0304464 0.00344526 1.42817e-05 0.229019 6.00799e-06 1.08034e-07 0.000890514 0.00161615 0.0100313 1.02437e-07 0.0124712 0.00116663 0.00159766 0.00284863 0.0033258 0.0563232 0.0531269 0.0132385 1.68645e-05 0.00577749 0.00208087 0.00043438 0.572123 
0.0304464 0.00344526 1.42817e-05 0.229019 6.00799e-06 1.08034e-07 0.000890514 0.00161615 0.0100313 1.02437e-07 0.0124712 0.00116663 0.00159766 0.00284863 0.0033258 0.0563232 0.0531269 0.0132385 1.68645e-05 0.00577749 0.00208087 0.00043438 0.572123 
7.58342e-06 7.67426e-07 3.77654e-07 1.31413e-05 1.9517e-07 2.25378e-07 0.152078 2.71672e-06 2.69473e-06 0.0130387 2.60926e-11 0.021495 1.74525e-06 0.170568 0.00281179 0.0400469 1.33041e-06 0.160819 2.62502e-06 0.180635 0.0491862 6.58601e-06 0.209281 
0.0470563 0.000160673 0.000181932 0.0241595 0.00213688 7.70272e-07 0.00992517 0.00355916 0.00412065 0.0150046 0.0115443 0.00837213 0.0207073 0.10404 0.000185859 0.036248 0.0463863 0.0104427 0.000301792 0.0163075 0.0166272 0.00136796 0.621163 
0.0281544 8.73893e-05 5.72023e-07 0.0155272 3.58122e-10 7.97472e-07 0.00812296 0.00278121 0.0122802 1.91547e-09 0.00438149 0.000707194 0.00344967 0.194466 0.00390912 0.0471539 0.0349136 0.00590299 0.00101176 0.270872 0.0579214 0.000113104 0.308243 
0.207522 7.00397e-05 7.89244e-05 0.00997195 5.30905e-05 0.00024586 0.0502132 0.015032 0.0300653 0.0015864 6.72751e-05 0.0486639 0.0740345 0.112516 9.27717e-05 0.0950601 0.0162532 0.00531051 5.04767e-07 0.0313162 0.00487995 0.00383241 0.293134 
0.0230228 0.000483731 0.0173524 0.0172255 0.0125787 9.71722e-06 0.004087 0.0196772 0.0036866 0.000370477 0.0187477 0.000768582 0.0181572 0.0252797 0.0122394 0.130399 0.110443 0.00490184 0.00621754 0.0308628 0.0049772 0.000243386 0.538269 
0.0427179 0.000688683 2.58078e-05 0.0217998 5.07745e-05 6.53231e-05 0.0193781 0.0110547 0.0372943 1.60166e-09 0.00184859 0.00508956 0.022429 0.000541729 0.000758917 0.169444 0.171803 0.00673727 0.000150134 0.0179406 0.00167526 0.00112798 0.467379 
0.129065 0.000119241 1.40706e-06 0.0253437 0.000302919 2.13585e-07 0.00727685 0.045476 0.0265058 1.49547e-08 0.00321524 0.00583406 0.071591 0.00186679 0.000183843 0.229052 0.0829492 0.00945856 9.05547e-07 0.00553102 0.0203543 6.31987e-05 0.335809 
0.0625053 0.00141891 0.000127558 0.0240222 0.00093755 4.8155e-06 0.0277473 0.0109469 0.0522327 0.0131966 0.0046671 0.0150527 0.0234591 0.0410126 0.0146415 0.119207 0.0207736 0.00685916 0.000410503 0.0240367 0.0177199 0.000324776 0.518696 
0.0492533 0.00414043 0.00290667 0.0275163 0.00131837 0.000396101 0.0207556 0.0145232 0.0569222 0.000642942 0.0142784 0.0652657 0.052743 0.0583079 0.00201149 0.155035 0.149597 0.0233314 0.000491081 0.0189512 0.0312568 0.000610272 0.249745 
0.104433 0.000223067 1.56535e-06 0.000500184 3.75137e-05 6.88312e-06 0.00069662 0.0147151 0.000706713 6.81577e-09 0.0187544 0.0945092 0.0118831 0.011626 0.000114128 0.0465604 0.0471929 0.00323986 1.38396e-05 0.010065 0.0300676 3.8969e-05 0.604614 
0.252752 2.12312e-05 1.8985e-06 0.000579101 1.30059e-05 1.35519e-05 0.00466362 0.0921632 0.000474846 3.43905e-06 0.000676496 0.036943 0.0552345 0.000938217 0.000247595 0.0856692 0.0640517 0.000535098 0.00012657 0.00139679 0.00335032 1.537e-05 0.400129 
0.0767594 0.000127395 0.0052676 0.00757299 5.92951e-05 1.83521e-05 0.0078592 0.00569585 0.0216849 9.85055e-06 0.00541786 0.0136926 0.0487358 0.119806 0.00165492 0.0652636 0.083772 0.0214555 0.000751333 0.0288215 0.12229 0.000134941 0.363149 
0.0453959 0.00351955 0.000595421 0.0387566 0.000727415 5.0331e-06 0.023123 0.0143481 0.0390527 0.00227968 0.0200761 0.0459095 0.0246243 0.00797608 0.00459782 0.185576 0.202765 0.00719472 0.000552865 0.0188354 0.0141124 0.000779382 0.299197 
0.0304464 0.00344526 1.42817e-05 0.229019 6.00799e-06 1.08034e-07 0.000890514 0.00161615 0.0100313 1.02437e-07 0.0124712 0.00116663 0.00159766 0.00284863 0.0033258 0.0563232 0.0531269 0.0132385 1.68645e-05 0.00577749 0.00208087 0.00043438 0.572123 
0.0536983 6.4381e-06 1.62775e-07 0.00237935 2.56266e-05 4.18235e-09 0.00456335 0.00235141 0.0067315 6.22473e-11 8.71455e-12 0.0140626 0.206297 0.176901 3.31179e-06 0.102348 0.0675351 0.010095 8.0085e-09 0.00300208 0.00721671 4.69514e-08 0.342782 
0.0304464 0.00344526 1.42817e-05 0.229019 6.00799e-06 1.08034e-07 0.000890514 0.00161615 0.0100313 1.02437e-07 0.0124712 0.00116663 0.00159766 0.00284863 0.0033258 0.0563232 0.0531269 0.0132385 1.68645e-05 0.00577749 0.00208087 0.00043438 0.572123 
0.0686006 0.000254443 3.54316e-05 0.00527405 0.00967737 0.000873125 0.0254261 0.00225372 0.121879 2.5336e-06 0.0167828 0.0153061 0.00465978 0.0371259 0.0472585 0.16712 0.168013 0.0088848 0.018546 0.00747554 0.0401469 0.000536096 0.233868 
0.0304464 0.00344526 1.42817e-05 0.229019 6.00799e-06 1.08034e-07 0.000890514 0.00161615 0.0100313 1.02437e-07 0.0124712 0.00116663 0.00159766 0.00284863 0.0033258 0.0563232 0.0531269 0.0132385 1.68645e-05 0.00577749 0.00208087 0.00043438 0.572123 
0.0304464 0.00344526 1.42817e-05 0.229019 6.00799e-06 1.08034e-07 0.000890514 0.00161615 0.0100313 1.02437e-07 0.0124712 0.00116663 0.00159766 0.00284863 0.0033258 0.0563232 0.0531269 0.0132385 1.68645e-05 0.00577749 0.00208087 0.00043438 0.572123 
0.142954 0.00090913 3.60017e-05 0.027421 0.0102613 7.74736e-05 0.00151598 0.0281569 0.00211049 8.04286e-08 5.62934e-05 0.0171742 0.0250386 0.0619368 0.00281993 0.0827108 0.176649 0.0306848 0.000647279 0.114906 0.0180794 0.000407851 0.255446 
0.0598131 0.00197936 0.00780952 0.0357653 0.00137662 5.19142e-08 0.0390887 0.00943545 0.0714985 1.53456e-10 6.59996e-05 0.0773634 0.0148015 0.0349118 0.00624564 0.0747529 0.0806844 0.0345925 5.11948e-05 0.0899026 0.0930887 0.000317456 0.266455 
0.0304464 0.00344526 1.42817e-05 0.229019 6.00799e-06 1.08034e-07 0.000890514 0.00161615 0.0100313 1.02437e-07 0.0124712 0.00116663 0.00159766 0.00284863 0.0033258 0.0563232 0.0531269 0.0132385 1.68645e-05 0.00577749 0.00208087 0.00043438 0.572123 
0.0304464 0.00344526 1.42817e-05 0.229019 6.00799e-06 1.08034e-07 0.000890514 0.00161615 0.0100313 1.02437e-07 0.0124712 0.00116663 0.00159766 0.00284863 0.0033258 0.0563232 0.0531269 0.0132385 1.68645e-05 0.00577749 0.00208087 0.00043438 0.572123 
0.0304464 0.00344526 1.42817e-05 0.229019 6.00799e-06 1.08034e-07 0.000890514 0.00161615 0.0100313 1.02437e-07 0.0124712 0.00116663 0.00159766 0.00284863 0.0033258 0.0563232 0.0531269 0.0132385 1.68645e-05 0.00577749 0.00208087 0.00043438 0.572123 
0.0154962 7.22673e-05 7.10139e-06 0.00249811 3.45717e-05 1.14722e-07 0.0020605 0.0947616 0.000513884 6.85995e-11 0.0278772 0.133006 0.0128157 0.000281183 0.00115104 0.129385 0.112983 0.00322844 4.66277e-05 0.00922917 0.0948123 5.76909e-05 0.359682 
0.0494215 0.000871585 0.000824469 0.00986764 1.04554e-05 2.25562e-06 0.00513135 0.00162826 0.00567544 9.29783e-09 0.00107123 0.00388497 0.0138509 0.00952426 0.000182126 0.223664 0.214867 0.023307 0.000176268 0.0214825 0.0639902 0.000251298 0.350315 
0.0304464 0.00344526 1.42817e-05 0.229019 6.00799e-06 1.08034e-07 0.000890514 0.00161615 0.0100313 1.02437e-07 0.0124712 0.00116663 0.00159766 0.00284863 0.0033258 0.0563232 0.0531269 0.0132385 1.68645e-05 0.00577749 0.00208087 0.00043438 0.572123 
0.0292811 6.50698e-08 5.27346e-08 0.000908338 2.22077e-06 5.12932e-07 0.00139856 0.000216907 0.000358321 2.87118e-10 3.00516e-05 0.00255809 0.0101909 0.00575324 9.80048e-09 0.132033 0.0523023 0.00101627 5.97896e-05 0.0233348 0.00111154 4.52419e-07 0.739444 
0.0637944 2.34995e-06 2.61073e-05 0.0110813 3.74215e-06 1.04714e-09 0.00261922 0.108975 0.000108839 9.30547e-05 0.00304545 0.0102973 0.00108818 0.00159275 0.000294648 0.280766 0.0633293 0.000679581 7.07047e-05 0.13442 0.00345282 3.05265e-05 0.314228 
0.0247948 6.58186e-05 0.00177519 0.0109448 1.2123e-06 5.3947e-06 0.000653867 0.176662 0.00621592 1.55e-10 6.26408e-06 0.038324 0.00179978 0.0156573 0.00368386 0.120348 0.0422973 0.00383998 5.65511e-05 0.0216536 0.000875995 0.0420074 0.488331 
0.134834 0.00117268 0.000548368 0.0120244 0.00945866 3.4462e-06 0.0152101 0.0519616 0.00232668 6.73901e-07 0.00645852 0.18939 0.0399447 0.0729719 0.000499287 0.0721684 0.115162 0.026319 0.000236446 0.0236539 0.0185544 0.000223111 0.206878 
0.0380517 0.000219324 5.73274e-05 0.043135 1.20667e-06 1.53974e-07 0.0162487 0.0089756 0.00215657 3.40455e-05 0.00129794 0.0103191 0.00496014 0.10832 0.000319527 0.17779 0.126136 0.0233255 0.000408628 0.0104814 0.0397478 0.000266189 0.387748 
0.0244246 5.22946e-06 2.3609e-07 6.8545e-05 3.12691e-08 4.42458e-07 0.00457112 0.0010383 0.0025237 2.479e-09 0.00799479 0.0106555 0.00685806 0.0066817 2.02025e-07 0.0666158 0.225089 0.00115346 2.61516e-05 0.00605105 0.00894209 4.06396e-08 0.6273 
0.047689 0.00047365 0.00415784 0.00587328 0.0756087 4.47699e-05 0.00685627 0.00108724 0.0931394 3.54473e-07 0.024774 0.16357 0.0163549 0.0659541 4.44216e-05 0.0688478 0.0345655 0.00427288 0.00213877 0.00650633 0.00723413 0.0295745 0.341232 
0.0304464 0.00344526 1.42817e-05 0.229019 6.00799e-06 1.08034e-07 0.000890514 0.00161615 0.0100313 1.02437e-07 0.0124712 0.00116663 0.00159766 0.00284863 0.0033258 0.0563232 0.0531269 0.0132385 1.68645e-05 0.00577749 0.00208087 0.00043438 0.572123 
0.114907 0.000183601 0.0120908 0.00267282 0.00030509 0.0512185 0.0179901 0.0337814 0.0665054 0.000117734 0.000211981 0.0101376 0.0265285 0.04263 0.00024759 0.131947 0.0110543 0.0479312 9.22553e-08 0.0287248 0.17454 0.00761735 0.218657 
0.00825956 2.59771e-05 0.00481139 0.00505254 0.000705536 2.7048e-08 0.00201552 0.0661712 0.000449279 5.06016e-09 0.000186135 0.0518564 0.0221064 0.00958358 0.00241932 0.11564 0.0788602 0.000574596 6.2837e-06 0.0218544 0.0103167 5.00206e-06 0.5991 
0.0169371 2.52466e-05 9.51897e-09 0.0214196 2.33583e-05 6.46995e-06 0.0296333 0.0010956 0.00343293 2.36895e-10 0.00401417 0.0165545 0.00744553 0.0207363 6.34115e-08 0.0313679 0.0479863 0.0206461 2.13963e-07 0.0116388 0.0148828 1.81175e-05 0.752136 
0.000353817 5.90522e-05 1.02027e-07 0.0657587 2.44855e-08 1.31865e-07 3.36142e-05 5.63908e-05 0.010358 1.30964e-07 0.187465 0.010367 0.00131519 0.17014 9.23083e-05 5.93374e-05 0.00317941 0.0152431 9.64776e-05 0.0380345 0.00597357 1.62376e-07 0.491414 
0.0304464 0.00344526 1.42817e-05 0.229019 6.00799e-06 1.08034e-07 0.000890514 0.00161615 0.0100313 1.02437e-07 0.0124712 0.00116663 0.00159766 0.00284863 0.0033258 0.0563232 0.0531269 0.0132385 1.68645e-05 0.00577749 0.00208087 0.00043438 0.572123 
0.0706858 0.00784148 4.06091e-10 0.00298292 2.90911e-06 2.98215e-06 0.00440611 0.0269479 0.00456426 1.49498e-07 0.0732189 0.118264 0.0459551 0.0137756 0.007565 0.0516888 0.098772 0.00374785 3.5642e-05 0.0237822 0.00884676 8.52412e-05 0.436829 
0.0774361 0.00229836 0.00197142 0.0176919 0.00145476 3.44309e-05 0.0331264 0.0249409 0.0135182 0.00275484 0.00182431 0.222577 0.0229948 0.0239874 0.0012326 0.188298 0.0618014 0.00604144 4.90814e-05 0.0246948 0.022263 0.00187924 0.247129 
0.0587709 0.000456085 0.000219102 0.0279044 0.000116424 2.81179e-05 0.0130122 0.0356753 0.0058212 4.75474e-05 0.014684 0.0562875 0.0357885 0.0546996 0.000813032 0.175113 0.0927024 0.0162323 0.000370073 0.0217905 0.0552694 0.00111701 0.333081 
0.0930553 0.00125314 4.13548e-05 0.0103874 0.00268377 5.4759e-06 0.00881506 0.00348585 0.0110297 1.51161e-05 0.0113093 0.0306695 0.0848241 0.0138336 0.000329253 0.194646 0.114951 0.0497277 7.85626e-05 0.0224713 0.0555874 0.000539253 0.290261 
0.0544998 0.0001417 0.000151565 0.0284533 1.10785e-07 1.25677e-09 0.0283869 0.00432227 0.0698075 7.91585e-10 0.000220577 0.0346388 0.186682 0.17783 1.7624e-05 0.119824 0.0299529 0.0204041 8.38855e-06 0.016344 0.0210464 0.000150006 0.207119 
0.123666 0.00803458 0.000303384 0.0242818 0.031195 0.000223855 0.128748 0.00614889 0.0174409 1.58733e-05 0.0117666 0.0163154 0.0580582 0.0182764 0.00220579 0.193413 0.070743 0.0116315 3.39807e-05 0.0259768 0.0130729 0.000138738 0.238309 
0.0304464 0.00344526 1.42817e-05 0.229019 6.00799e-06 1.08034e-07 0.000890514 0.00161615 0.0100313 1.02437e-07 0.0124712 0.00116663 0.00159766 0.00284863 0.0033258 0.0563232 0.0531269 0.0132385 1.68645e-05 0.00577749 0.00208087 0.00043438 0.572123 
0.0304464 0.00344526 1.42817e-05 0.229019 6.00799e-06 1.08034e-07 0.000890514 0.00161615 0.0100313 1.02437e-07 0.0124712 0.00116663 0.00159766 0.00284863 0.0033258 0.0563232 0.0531269 0.0132385 1.68645e-05 0.00577749 0.00208087 0.00043438 0.572123 
0.0691766 2.82928e-08 1.16156e-05 0.000672541 1.11212e-05 0.000583044 0.0451131 0.00158812 0.296795 5.22279e-08 1.39845e-06 0.0236049 0.00440459 0.0332214 0.000107998 0.029291 0.0156111 2.73442e-05 5.07277e-08 0.00382844 0.11476 2.10089e-05 0.36117 
0.0456768 0.0117012 0.000163633 0.0345165 0.00034586 4.88445e-05 0.00957728 0.0137971 0.0403644 0.00896037 0.00204714 0.0201412 0.00860559 0.0554277 0.0149677 0.0829683 0.0680893 0.0247732 3.83544e-05 0.0539635 0.0145871 0.0010119 0.488227 
0.0304464 0.00344526 1.42817e-05 0.229019 6.00799e-06 1.08034e-07 0.000890514 0.00161615 0.0100313 1.02437e-07 0.0124712 0.00116663 0.00159766 0.00284863 0.0033258 0.0563232 0.0531269 0.0132385 1.68645e-05 0.00577749 0.00208087 0.00043438 0.572123 
0.0497792 0.000125593 0.000191965 0.00242994 6.15184e-08 4.77141e-06 0.0786333 0.149459 0.0815197 0.0034906 0.000366774 0.162348 0.000981268 0.00565489 0.00132923 0.121694 0.00473476 0.050181 0.000170516 0.0287826 0.00109489 0.000941093 0.256087 
0.0169371 2.52466e-05 9.51897e-09 0.0214196 2.33583e-05 6.46995e-06 0.0296333 0.0010956 0.00343293 2.36895e-10 0.00401417 0.0165545 0.00744553 0.0207363 6.34115e-08 0.0313679 0.0479863 0.0206461 2.13963e-07 0.0116388 0.0148828 1.81175e-05 0.752136 
0.01611 0.000892815 1.15923e-08 0.0217147 5.52575e-07 2.93441e-05 0.192161 3.0125e-06 0.0001745 1.32886e-06 2.08287e-06 3.23534e-05 0.0135477 0.0899321 5.49375e-06 0.00521445 5.28944e-06 0.0014791 2.80145e-07 0.0210088 0.00791885 2.04742e-05 0.629746 
