0.0443456 0.0446692 5.05112e-07 0.34611 5.05579e-07 5.04934e-07 0.0409971 0.0175431 0.0592093 5.04939e-07 0.0128431 5.05575e-07 0.00399466 5.05589e-07 5.05302e-07 0.0312013 0.0241717 0.119968 5.04962e-07 0.253376 5.05556e-07 0.00156523 5.05608e-07 
0.00428627 0.0548878 1.68617e-08 0.183146 0.0002496 3.47789e-05 0.154134 0.00171168 0.0542157 3.03041e-11 0.133826 0.000192178 0.00847173 0.001223 0.00039532 0.0768928 0.0898746 0.169529 4.76704e-10 0.0601172 0.00247781 0.000183382 0.00415104 
0.0753547 0.0014101 0.00079247 0.48795 6.94007e-06 1.76192e-05 5.83117e-05 0.0873008 0.0105224 1.17366e-10 0.0612188 0.0707162 0.000981346 0.00049884 7.09407e-06 0.0880415 0.0588114 0.00562612 9.83377e-06 0.0447739 0.0016131 3.36414e-05 0.00425441 
0.0160034 0.00141111 3.70989e-05 0.279273 0.000244862 8.64758e-06 0.00412021 0.00583426 0.226009 2.41568e-06 0.0106257 0.00391189 0.0193974 0.120034 0.0120856 0.154503 0.0220914 0.0676316 0.00198871 0.0183978 0.0243958 0.000528568 0.0114645 
0.018123 0.0790122 0.00323943 0.580806 4.04573e-05 1.58513e-09 0.000368457 0.0167989 0.000920009 2.76627e-09 0.00776228 0.00518393 0.0119808 0.0407487 3.22316e-09 0.0959938 0.0115971 0.00105292 0.00147885 0.0999136 3.24004e-08 0.0207674 0.00421213 
0.0538007 0.0214071 0.000493571 0.333034 0.000675449 4.06579e-06 0.0838572 0.022667 0.0270384 1.70469e-07 0.0354198 0.0169735 0.0364618 0.0143152 0.00023159 0.0817501 0.0468428 0.0270605 0.00127288 0.181551 0.00632227 0.00201859 0.00680208 
0.0048164 0.00813396 0.00471301 0.235455 6.88379e-05 6.12823e-10 0.00401439 0.00114657 0.100488 6.08639e-10 0.0147465 0.00239901 0.00236222 0.0512717 0.000360012 0.191233 0.133747 0.0619507 0.112668 0.029905 0.0103835 0.000101695 0.0300362 
0.0107029 0.00157018 0.00137116 0.42186 1.85621e-05 6.7326e-07 0.0092288 0.000433158 0.17832 0.000575961 0.038684 0.00398982 0.00254384 0.0119049 0.0148373 0.107446 0.0332189 0.00622496 0.000525518 0.00705086 0.146576 1.8225e-05 0.00289792 
0.0443456 0.0446692 5.05112e-07 0.34611 5.05579e-07 5.04934e-07 0.0409971 0.0175431 0.0592093 5.04939e-07 0.0128431 5.05575e-07 0.00399466 5.05589e-07 5.05302e-07 0.0312013 0.0241717 0.119968 5.04962e-07 0.253376 5.05556e-07 0.00156523 5.05608e-07 
0.0203347 0.0040723 0.000885678 0.305506 0.000560452 2.3847e-05 0.0213248 0.00979347 0.0287219 0.000397621 0.0524379 0.0060042 0.00890645 0.00989029 0.00254136 0.0640304 0.0236352 0.100404 0.00101899 0.22496 0.010909 0.0931228 0.0105189 
0.0218114 0.0360196 1.55603e-05 0.587743 0.00011278 1.03227e-05 0.0610432 0.00101915 0.0311789 1.48723e-10 0.0184306 0.00038505 0.000767896 0.00706908 0.00267389 0.017282 0.0160751 0.0058582 5.51505e-05 0.189415 0.000117126 4.14801e-05 0.00287498 
0.0424567 0.0145788 0.00102996 0.833309 4.4252e-06 1.6456e-07 0.00202888 0.000507561 0.00157209 3.9421e-11 0.0409001 0.000179622 0.00103617 0.000629952 0.00134101 0.00446187 0.00150702 0.000666591 0.000107773 0.0534939 8.48231e-12 7.89552e-05 0.000109459 
0.0757101 0.00642827 0.000272072 0.428661 4.20279e-05 2.55964e-06 0.0577138 0.0238574 0.028877 1.571e-06 0.0222768 0.00430393 0.0117058 0.00867678 0.00364122 0.0429797 0.0122307 0.0496004 0.000972052 0.187826 0.0265563 0.00182047 0.00584405 
0.0611402 0.0230763 0.000220977 0.434157 0.000125689 1.42817e-07 0.00424717 1.10217e-05 0.0453356 2.86102e-10 0.303843 6.78258e-07 0.00498156 0.0197267 0.000612442 0.0316671 0.00984231 0.00458384 8.50883e-05 0.0439711 0.0074725 0.00102739 0.00387242 
0.000995927 0.0969033 0.105939 0.521485 8.75618e-09 1.15151e-08 0.000937594 0.00218142 0.00523803 1.80364e-11 6.51981e-09 0.0006393 0.00121472 0.000106312 6.18924e-08 7.40774e-08 0.0086202 0.0148143 1.75183e-11 0.235355 0.00184582 0.00370531 1.78349e-05 
0.0320003 0.00753404 0.00546936 0.485574 0.00645434 1.0307e-05 0.000715131 0.00304268 0.158713 3.92707e-08 0.01165 0.0013064 0.0757906 0.0365326 1.78069e-05 0.0507094 0.0183908 0.0278843 4.27146e-05 0.0680907 0.000219959 0.000222603 0.00962884 
0.0413279 0.00216584 0.0847725 0.495442 0.00112543 7.27755e-06 0.000418996 0.0489609 0.0387035 1.64488e-10 0.0314576 0.000630784 0.000961196 0.00808893 0.000607606 0.14446 0.0427085 0.0133776 2.60004e-09 0.0296932 0.0124701 4.9959e-05 0.00257068 
0.00918952 0.000442973 0.0268834 0.454584 4.17751e-05 2.03266e-05 0.000857362 0.00108598 0.00706615 3.23029e-07 0.134377 0.00240838 0.0331263 0.00679549 0.0224277 0.0799078 0.106627 0.0100125 0.000189859 0.0949584 0.00142201 1.96035e-05 0.00755623 
0.167322 0.0027135 1.4394e-06 0.531482 3.27052e-07 1.66844e-08 0.0014174 0.00193845 0.00485392 7.23013e-11 0.0581887 0.000680304 0.0215532 0.0332215 3.40077e-07 0.11075 0.0264207 0.0106704 0.000146807 0.0277116 0.00055716 9.44099e-05 0.000276699 
0.00944139 0.0317708 0.000137609 0.538586 2.80489e-07 2.23951e-10 0.00495816 0.000284259 0.134793 5.71657e-07 0.0309201 9.73889e-05 0.0188529 0.0866202 1.20011e-10 0.0294976 0.0429301 0.00613935 1.10949e-05 0.0582427 0.00202812 8.56127e-07 0.00468761 
0.000995927 0.0969033 0.105939 0.521485 8.75618e-09 1.15151e-08 0.000937594 0.00218142 0.00523803 1.80364e-11 6.51981e-09 0.0006393 0.00121472 0.000106312 6.18924e-08 7.40774e-08 0.0086202 0.0148143 1.75183e-11 0.235355 0.00184582 0.00370531 1.78349e-05 
0.00392089 3.0069e-05 0.000127472 0.465258 1.25288e-06 6.70894e-05 0.0307952 0.00134559 0.0255974 1.02941e-06 0.0140591 0.00693356 0.000384202 0.0200106 0.000191185 0.0181505 0.0182424 0.0190047 0.000415658 0.360732 0.00284556 0.0106041 0.00128279 
0.000995927 0.0969033 0.105939 0.521485 8.75618e-09 1.15151e-08 0.000937594 0.00218142 0.00523803 1.80364e-11 6.51981e-09 0.0006393 0.00121472 0.000106312 6.18924e-08 7.40774e-08 0.0086202 0.0148143 1.75183e-11 0.235355 0.00184582 0.00370531 1.78349e-05 
0.0333042 0.00226998 0.00503764 0.738074 3.13552e-05 5.51741e-07 0.000152292 0.000216818 0.000426383 1.25984e-11 0.121878 8.85909e-06 0.000550797 0.00911791 9.74875e-06 0.0456831 0.0125589 0.0117576 0.000904371 0.0166751 0.000204342 0.000273132 0.000864274 
0.00173779 0.00728475 0.000143386 0.577546 0.000267115 7.07082e-07 0.00810365 0.0276968 0.0333368 4.29534e-07 0.00944066 0.000116255 2.58629e-06 0.00594225 7.23936e-06 0.205213 0.0150861 0.0972242 1.88906e-06 0.00902337 0.000816267 0.000630619 0.000377272 
0.179014 0.00174879 1.26461e-08 0.677419 1.33512e-05 4.11315e-08 0.00249998 0.0013078 0.000831092 1.85086e-11 0.0281591 0.000481311 0.00713271 0.000725054 5.16764e-07 0.0351756 0.00206021 0.00306876 1.46785e-09 0.0448428 3.98253e-12 0.0152603 0.000259033 
0.0223032 0.00507243 0.00209418 0.455875 0.00108342 4.41416e-07 0.00605661 0.00265264 0.0560868 0.00588148 0.0836574 0.0228057 0.0323163 0.0225556 0.00177793 0.0341588 0.0236331 0.0499644 4.22749e-05 0.159175 0.00397168 0.00356956 0.00526563 
0.028049 0.00161204 0.000348779 0.555158 0.00237237 9.53189e-07 0.00831892 0.00682703 0.00377559 3.20957e-07 0.0393724 0.00166743 0.0708172 0.0147768 3.6829e-05 0.0137891 0.0221282 0.01353 0.000910152 0.191322 0.00533364 0.0180979 0.00175568 
0.00532446 0.0473865 3.49161e-05 0.839337 7.54736e-09 2.86371e-09 0.00190456 0.000116151 0.0159877 1.42137e-12 0.0322748 9.48185e-09 0.001266 0.00111101 3.65003e-05 7.95932e-07 1.61992e-07 0.00638926 4.00495e-09 0.0472579 3.05839e-13 0.00157225 8.7545e-08 
0.00843375 0.0565514 0.000606178 0.319466 4.78516e-05 1.52046e-05 0.0565007 0.00251927 0.0813968 0.000229307 0.0667983 0.011059 0.011973 0.0191776 0.0156619 0.0851263 0.0328688 0.0287159 3.07775e-05 0.18522 0.00509642 0.00678741 0.00571835 
0.0164057 0.0094486 0.0010359 0.251315 3.46349e-05 0.000121356 0.0193697 0.00641947 0.067513 0.00535775 0.114209 0.00568693 0.01336 0.0123311 0.00117175 0.0733098 0.0635731 0.140383 0.00117584 0.169717 0.00421196 0.000805006 0.0230452 
0.0067054 0.261955 0.00531078 0.417192 0.000334078 5.3529e-06 0.00274101 0.000447447 0.0112263 0.000220244 0.185147 0.000813167 0.0021116 0.00192272 0.000612737 0.0672339 0.0100042 0.00536235 1.10895e-05 0.018674 0.000852759 5.64099e-05 0.00106062 
0.0418927 0.000189929 1.79476e-07 0.378044 5.83994e-05 6.032e-08 0.0109319 0.000206421 0.0463667 3.83177e-09 3.35045e-05 0.00130815 0.0830389 0.00722119 5.87718e-06 0.233005 0.00847161 0.0215062 3.42928e-05 0.153943 4.59676e-05 0.000331938 0.0133642 
5.74159e-05 0.000233915 0.000247264 0.562441 0.00858982 8.72715e-06 0.00672771 0.0309771 0.0807501 2.5425e-09 0.0098094 0.000979174 0.00883224 0.0173044 0.000138131 0.0926543 0.111828 0.00404104 4.90402e-06 0.0266598 0.0305192 0.000759037 0.00643675 
0.0169851 0.000404093 1.68053e-05 0.703518 1.28567e-05 5.57355e-10 0.00135538 0.00308819 0.00955623 7.08811e-10 0.0964769 0.00143142 0.00226863 0.0417674 1.74934e-05 0.0636639 0.0252584 0.00237342 2.15343e-05 0.029431 0.000186676 0.00109442 0.00107247 
0.000995927 0.0969033 0.105939 0.521485 8.75618e-09 1.15151e-08 0.000937594 0.00218142 0.00523803 1.80364e-11 6.51981e-09 0.0006393 0.00121472 0.000106312 6.18924e-08 7.40774e-08 0.0086202 0.0148143 1.75183e-11 0.235355 0.00184582 0.00370531 1.78349e-05 
0.0720186 0.00054389 1.3112e-08 0.697709 2.89456e-06 3.89766e-07 0.000970499 0.000182522 0.00103383 6.88593e-11 0.00685009 0.000615719 0.00506506 0.00776881 2.59882e-06 0.0870478 0.00924161 0.0585477 1.98498e-07 0.0498978 0.000167914 0.00213549 0.000197295 
0.0621788 0.015224 0.00746063 0.482598 0.047014 1.19034e-07 0.00352167 0.00125407 0.0134815 4.5678e-08 0.168038 0.00161017 0.00619057 0.0166592 0.000195316 0.0405541 0.0252053 0.0678595 0.00121972 0.029697 0.00280359 4.17678e-05 0.00719253 
0.0360628 0.00207253 0.000448308 0.560679 0.00304994 1.22456e-06 0.00275596 0.00877752 0.0048543 4.12169e-07 0.0506216 0.00214381 0.0910504 0.0189986 4.73401e-05 0.0159981 0.0284505 0.0114904 0.00117002 0.150377 0.0068575 0.00183513 0.00225728 
0.0216294 0.0223959 0.00111863 0.423866 6.16535e-05 4.07506e-06 0.0151389 0.00890714 0.0710019 0.00641481 0.0194515 0.00406511 0.0131182 0.00926884 0.000170521 0.112449 0.0619046 0.0219069 9.62244e-05 0.14638 0.00202548 0.00926349 0.0293622 
0.0295871 0.00512754 0.00322083 0.473682 0.000251579 0.000952694 0.00826203 0.00457904 0.0538744 0.00522006 0.0456825 0.00790866 0.0159029 0.0109414 0.00167569 0.0496958 0.0251996 0.0283128 0.00020135 0.213998 0.00665984 0.00241751 0.00664667 
0.0892657 0.0870981 0.00855369 0.255499 0.00023508 3.36425e-05 0.0110762 0.0243352 0.0220628 4.89429e-07 0.126348 0.0028615 0.0171457 0.00500527 0.00211538 0.0540505 0.0172373 0.0357518 1.67711e-05 0.223631 0.00395997 0.00770164 0.00601452 
4.47051e-08 0.00352307 1.60922e-07 0.916686 3.44016e-08 5.04801e-12 2.30792e-07 2.19348e-07 0.00406782 3.51449e-09 0.01684 1.07404e-07 0.000776275 1.12024e-06 4.82867e-07 1.76845e-07 5.99108e-07 0.000470676 4.62655e-08 0.0576201 1.00867e-07 2.31864e-07 1.23502e-05 
0.0227546 0.0327211 0.000257992 0.400018 0.0004733 7.1449e-07 0.0122249 0.0106026 0.000977916 7.50353e-08 0.00928127 0.00287814 0.0143918 0.00478469 0.000125157 0.0212626 0.0125394 0.0133153 0.000417775 0.262467 0.000593805 0.170084 0.00782913 
0.0185883 0.00674666 0.00497868 0.28814 0.000178659 1.61108e-05 0.0370215 0.0021274 0.0254482 0.00161071 0.0920671 0.00805988 0.0117588 0.0129792 0.00200927 0.0710871 0.0354466 0.0866906 0.000200002 0.233369 0.0109135 0.0395924 0.0109704 
0.0656111 0.000193703 0.00214269 0.277887 7.53207e-05 5.0473e-06 0.00539811 0.18896 0.114241 1.27283e-10 0.000941386 0.000453902 0.01846 0.0327543 3.54475e-05 0.211481 0.0368105 0.0177818 1.66517e-06 0.0242173 0.0010327 2.02516e-05 0.0014954 
0.0140268 0.0177974 0.0142705 0.418594 0.000175882 0.201835 0.00316374 0.112987 0.0341269 6.54797e-06 0.00222291 0.0439187 0.0124672 0.0132628 0.000963082 0.0203022 0.0141386 0.00633003 0.00109371 0.0514601 0.00116872 0.000119895 0.0155678 
0.0625454 0.00423196 0.0320346 0.248988 0.059219 0.000424471 0.00168087 0.00120223 0.174683 0.00200428 0.00193031 0.000901856 0.00959998 0.0674675 0.00205374 0.0417123 0.0256816 0.0547591 0.000586462 0.0436725 0.0793342 0.000284724 0.0850017 
0.0179098 0.0024182 0.000809489 0.228794 0.000156471 9.8994e-06 0.0639035 0.0108299 0.0144328 3.68025e-05 0.212659 0.00762532 0.00852829 0.00689663 0.0797788 0.0508056 0.0283097 0.0376911 0.000140535 0.184072 0.0217548 0.0027305 0.0197071 
0.0536921 0.00600581 0.00614695 0.345482 0.000704269 1.26064e-05 0.0154617 0.017891 0.0215877 0.000520195 0.0587495 0.00475051 0.0208369 0.0198227 0.00338118 0.0602543 0.0309938 0.0901811 0.000348387 0.207758 0.0124276 0.00726555 0.0157255 
0.00800963 0.0118584 2.11233e-11 0.34465 1.22799e-05 2.7301e-11 0.242777 0.00190287 8.04666e-05 2.71145e-11 0.0178318 0.0206963 0.000985274 0.000122802 0.0044067 2.13357e-07 0.000137004 0.00475195 3.4776e-07 0.336033 1.50583e-07 0.00380299 0.00194095 
0.0468849 0.015369 7.43944e-05 0.296527 0.000258323 9.36959e-06 0.0274157 0.0716425 0.0627394 0.000111948 0.0289501 0.0115278 0.0113217 0.0347395 0.00089389 0.0919527 0.134734 0.0593573 5.41661e-06 0.088207 0.00692504 0.00293122 0.0074217 
0.00103174 0.00264873 8.98535e-06 0.492822 0.00010338 1.17222e-05 0.00384545 0.00118819 0.253112 9.59703e-09 0.00648588 0.00018804 0.00554671 0.00279344 0.00198027 0.00731372 0.015387 0.0186792 3.96529e-08 0.141898 0.0447692 3.89597e-05 0.000146943 
0.0320263 0.000197847 3.88428e-08 0.659639 1.69534e-06 3.38162e-09 0.00320652 0.00075884 0.000552268 2.21434e-09 0.00425226 0.000263151 0.0216936 0.00238884 6.74512e-09 0.113642 0.0208333 0.0196902 4.85733e-06 0.0794973 0.00140156 0.0297739 0.0101765 
0.0358784 0.216083 0.0024404 0.405417 3.04072e-07 1.61321e-06 0.0407792 0.0443072 0.027918 1.39864e-09 0.0233378 0.00264188 0.000287327 4.57269e-05 0.0329633 0.0553211 0.0360029 0.00934545 6.86086e-07 0.0559323 0.00406237 0.000364193 0.00686935 
0.000995927 0.0969033 0.105939 0.521485 8.75618e-09 1.15151e-08 0.000937594 0.00218142 0.00523803 1.80364e-11 6.51981e-09 0.0006393 0.00121472 0.000106312 6.18924e-08 7.40774e-08 0.0086202 0.0148143 1.75183e-11 0.235355 0.00184582 0.00370531 1.78349e-05 
0.000437735 0.0285187 2.38855e-05 0.727742 2.79574e-05 7.47777e-10 0.0122001 5.21317e-07 0.0594597 9.08093e-09 0.00464475 0.000340948 0.0111616 0.00290597 0.00431152 0.00616948 0.000211731 0.00232608 2.88034e-05 0.138305 0.000138641 0.000100146 0.000944314 
0.00960793 0.00272114 0.000561955 0.743488 1.0565e-05 3.05835e-09 0.0182718 0.00221451 0.0164442 2.45658e-10 0.0814938 0.0298715 0.00167547 0.0071136 6.00732e-09 0.0376436 0.011638 0.0100585 0.00111509 0.0254788 0.000174309 5.95874e-06 0.000410928 
0.0406526 0.027278 1.51562e-05 0.451066 0.000321431 7.15804e-07 0.0167841 0.00147764 0.0258449 2.53551e-11 0.0751496 0.000514949 0.00558784 0.00935083 0.00668403 0.0948564 0.0199877 0.0966787 0.00139458 0.0921088 0.00103162 0.00026577 0.0329487 
0.0065443 0.013546 3.55943e-05 0.375926 5.77233e-05 2.51696e-06 0.0166465 0.00195878 0.354311 8.29939e-07 0.0114273 0.000154908 0.0116894 0.00181448 0.00338884 0.129184 0.00569209 0.00901667 9.44663e-06 0.0295196 0.0153282 0.00917588 0.00456974 
0.0335397 0.00367589 0.000229468 0.249629 6.05899e-05 8.37835e-08 0.22651 0.000555836 0.131903 2.90861e-05 0.0327787 0.000255858 0.00192476 0.00714352 0.00202014 0.0443554 0.0219573 0.0990789 6.2644e-07 0.0936443 0.0109145 0.00482982 0.0349638 
0.027846 0.00504583 0.00640105 0.344493 0.000924309 1.51911e-05 0.0358482 0.0105635 0.083842 0.00127255 0.0366114 0.0104543 0.0105777 0.0151671 0.00472388 0.0702617 0.0539044 0.0472249 0.00166585 0.149714 0.0475607 0.00265877 0.0332234 
0.0360259 0.00369253 0.140622 0.443253 0.0021213 0.000122325 0.000733606 0.0388373 0.102068 1.90693e-11 0.0318824 0.000419272 0.00242923 0.00482694 0.00158526 0.0922813 0.0827083 0.00774884 1.0583e-09 0.00359049 0.00223047 2.19366e-05 0.00279879 
0.000995927 0.0969033 0.105939 0.521485 8.75618e-09 1.15151e-08 0.000937594 0.00218142 0.00523803 1.80364e-11 6.51981e-09 0.0006393 0.00121472 0.000106312 6.18924e-08 7.40774e-08 0.0086202 0.0148143 1.75183e-11 0.235355 0.00184582 0.00370531 1.78349e-05 
0.0223919 0.0404511 3.27989e-05 0.505159 9.76481e-05 7.02985e-05 0.108571 0.00232034 0.0381334 1.99006e-08 0.00961405 0.00441187 0.00315124 0.0238739 0.000507499 0.0213095 0.022593 0.019411 4.79798e-06 0.167656 0.000382518 0.000481549 0.0093749 
0.0748545 0.167681 0.00409928 0.431234 2.00759e-05 5.69062e-07 0.0101423 0.00337291 0.0227016 1.87518e-08 0.149263 0.00302286 0.00450334 0.00188006 0.00138862 0.0185356 0.0183952 0.00463479 0.00467526 0.0699407 0.00801085 8.06096e-05 0.00156239 
0.021124 0.0594783 4.5095e-05 0.581207 0.000950785 7.18957e-07 0.0132858 0.0152369 0.00173378 1.38252e-07 0.0108984 0.00575179 0.0268773 0.00499877 3.63796e-05 0.0225901 0.014125 0.00149482 0.000840027 0.213453 0.000304546 0.000463415 0.00510366 
0.0323222 0.0281852 0.00092244 0.533817 2.17368e-05 1.77777e-05 0.0180919 0.00209176 0.00926753 2.67548e-08 0.0320235 0.0133502 0.0270912 0.00665529 0.00505364 0.122156 0.0267737 0.00962017 1.47247e-05 0.118019 0.00745076 0.00189565 0.00515826 
0.0668776 0.000605882 0.000962105 0.626121 6.1781e-05 2.6421e-06 0.000616754 0.000432886 0.0019088 8.18544e-09 0.204798 6.89248e-05 0.0039088 0.0130119 0.00828782 0.0375748 0.0039417 0.00136328 6.17262e-05 0.0222367 0.0014793 6.11714e-05 0.00561655 
0.0100638 0.000179945 0.0146367 0.38321 9.24851e-05 1.50878e-09 0.00994681 0.00163533 0.0092592 2.24843e-08 0.181985 0.00264416 0.00117123 0.0053167 0.000353427 0.233616 0.0669634 0.0129194 0.00115023 0.0301665 0.00709226 0.000130153 0.0274673 
0.160435 0.0018615 0.00101768 0.190815 0.000922666 1.1055e-05 0.0159337 0.0849539 0.0859557 0.000365918 0.0131811 0.0327497 0.0554597 0.0553846 0.0101902 0.055123 0.0581704 0.0523848 0.0017213 0.061077 0.0206245 0.012958 0.0287039 
0.000995927 0.0969033 0.105939 0.521485 8.75618e-09 1.15151e-08 0.000937594 0.00218142 0.00523803 1.80364e-11 6.51981e-09 0.0006393 0.00121472 0.000106312 6.18924e-08 7.40774e-08 0.0086202 0.0148143 1.75183e-11 0.235355 0.00184582 0.00370531 1.78349e-05 
0.00594562 0.000577685 0.00251513 0.349523 0.000305994 1.58596e-05 0.0227281 0.00578422 0.164486 2.33505e-08 0.116006 0.0012687 0.00379658 0.00739374 0.00224244 0.0942672 0.10006 0.024429 7.82434e-06 0.0859918 0.00120945 0.00109806 0.0103484 
0.0222683 0.00422366 0.00389157 0.328662 0.00146225 1.00001e-07 0.00469968 0.00874363 0.283498 1.91542e-08 0.00723251 0.0015303 0.000379833 0.0210647 0.00381574 0.0283134 0.0973924 0.0164647 5.12785e-05 0.0869053 0.0469887 0.000140424 0.0322713 
0.0812873 0.00761443 0.000738459 0.282826 0.000344655 3.39501e-05 0.167574 0.0180465 0.0137555 6.75104e-05 0.0386497 0.00604045 0.046215 0.00693367 0.00109015 0.0424615 0.0217372 0.16966 0.00116153 0.0658186 0.01583 0.00243501 0.00967846 
9.94238e-05 3.26587e-05 0.00612704 0.419964 0.000134124 5.8256e-06 0.000694336 0.00395283 0.277043 0.031721 0.136336 0.0100463 0.00192417 0.0037944 0.0333305 0.0185603 0.0106899 0.0404604 1.35972e-06 0.00125171 0.00258672 0.000918955 0.000324954 
0.00412043 0.000274008 0.000223372 0.79618 4.58106e-11 2.46709e-10 0.161257 0.00044976 0.00370973 2.45025e-10 0.00991222 0.000111402 0.00452658 0.000186438 1.01545e-06 0.00597098 0.00831347 0.000148719 3.65303e-08 0.00224779 0.00197825 5.82489e-06 0.000383676 
0.00590082 0.000735226 2.03588e-05 0.453431 0.000198471 7.50937e-05 0.00195164 0.00113368 0.103048 0.000165782 0.0590876 0.00155866 0.000481118 0.0415059 0.00669866 0.00499655 0.0133526 0.06664 0.000276488 0.20859 0.00572961 0.00182567 0.0225973 
0.000639026 0.00170418 0.0108194 0.446176 0.000373015 1.70874e-11 0.00187725 0.000437801 0.0123888 0.00828026 0.0381988 0.00540545 0.00333515 0.0300998 0.00661289 0.0811187 0.0177509 0.056836 4.84242e-09 0.184828 0.0290373 0.0409019 0.0231794 
0.0664367 0.00271164 0.00017174 0.712005 8.06062e-05 0.000158001 0.00521041 2.60648e-05 0.0114768 2.14278e-08 0.0030402 8.47055e-06 0.00321253 0.000548255 0.000149797 0.161413 0.0273108 0.00148654 6.29777e-05 0.00195946 0.000264597 0.000234652 0.00203165 
0.0313208 0.000410864 0.000104247 0.458673 0.000154625 4.57804e-05 0.00041811 0.00635137 0.0522205 7.29706e-06 0.00441371 0.00332078 0.00414275 0.00431811 0.000149287 0.170224 0.0103556 0.115612 2.85789e-05 0.126323 0.00464046 9.03844e-05 0.00667403 
0.000995927 0.0969033 0.105939 0.521485 8.75618e-09 1.15151e-08 0.000937594 0.00218142 0.00523803 1.80364e-11 6.51981e-09 0.0006393 0.00121472 0.000106312 6.18924e-08 7.40774e-08 0.0086202 0.0148143 1.75183e-11 0.235355 0.00184582 0.00370531 1.78349e-05 
0.0148525 0.000670694 3.63751e-05 0.456793 5.26126e-06 2.68533e-06 0.00469059 0.00108983 0.0401738 1.79395e-09 0.0314071 0.00270169 0.00243412 0.00959276 0.00108909 0.0207563 0.0181346 0.0147295 1.63962e-07 0.12629 0.00889186 0.244859 0.000799532 
0.0570762 0.107063 0.000507157 0.299631 0.000468662 5.28698e-06 0.0318465 0.00568457 0.0277971 7.98994e-06 0.0678172 0.0105565 0.0279086 0.00498363 0.000747162 0.0683326 0.0202966 0.0439203 0.000302931 0.208121 0.00602192 0.0012649 0.00963933 
0.0455488 0.000392643 0.00525515 0.315859 0.0125778 3.90957e-06 0.0171921 0.00150143 0.112422 2.72669e-07 0.0350274 0.0029989 0.0287796 0.0522108 0.00387234 0.116058 0.0756446 0.0314743 0.000394132 0.117167 0.0130772 0.00126851 0.0112747 
0.00113541 6.30354e-06 0.000121943 0.620409 4.4042e-05 1.31887e-05 0.00210216 1.89294e-05 0.0373145 9.24619e-10 0.192435 0.000457632 0.00111283 0.0186677 0.0229093 0.0119793 0.0276853 0.0109885 8.95119e-06 0.0481368 0.00238693 0.00121174 0.000853939 
0.0089392 0.000102883 0.00128649 0.298796 0.000242995 2.19034e-05 0.0128254 0.0642723 0.203798 2.61322e-05 0.0131943 0.00184681 0.0260398 0.00892922 0.000252465 0.155909 0.127592 0.00868911 6.7502e-06 0.0435539 0.00381101 0.00278528 0.0170787 
0.00690005 0.000565761 0.0134484 0.256368 0.000843575 3.3268e-06 0.00707196 0.0216814 0.239846 1.54933e-05 0.191453 0.0191235 0.0502348 0.0128591 0.00402931 0.118714 0.0289815 0.00512408 6.24243e-05 0.00935228 0.00991078 7.28185e-05 0.00333927 
0.0150841 0.000554975 0.00466461 0.601727 0.000293077 2.71695e-07 0.0316688 0.00508558 0.0262594 3.76846e-09 0.00370966 0.000298455 0.0192536 0.00129085 0.000995041 0.0309061 0.0284822 0.0151095 2.13805e-06 0.155961 0.000351927 0.0232172 0.0350845 
0.0415716 0.00016342 2.13068e-05 0.621652 2.35801e-07 6.49572e-08 0.0509763 1.18416e-05 0.0354291 3.58521e-11 0.00634125 1.75289e-05 1.01513e-05 1.55736e-05 2.26414e-06 0.0548373 0.0136435 0.0523813 4.92076e-06 0.106326 3.06342e-07 0.00461427 0.0119798 
0.146784 2.88337e-09 4.14655e-09 0.306261 9.95135e-10 5.35922e-09 2.90539e-05 1.18088e-09 0.0313261 5.32263e-09 3.87559e-06 5.33613e-05 1.84688e-06 3.0002e-05 0.000143597 8.23373e-05 2.52699e-05 0.0728912 7.75978e-06 0.241873 4.23765e-05 6.59926e-09 0.200445 
0.0319203 0.00298291 0.000661023 0.275496 0.0116332 6.8225e-05 0.0829066 0.0464935 0.129953 1.77771e-05 0.0165515 0.00528743 0.00195841 0.0389075 0.00165621 0.111351 0.0325163 0.0553466 9.0466e-05 0.114552 0.0174292 0.00406471 0.0181558 
0.0583302 0.0530243 1.00904e-05 0.374098 0.000298076 0.000534861 0.0623552 0.00261841 0.164999 3.36399e-11 0.00729795 0.0124036 0.00349786 0.0495314 0.00224008 0.0330663 0.0165332 0.00336753 8.43147e-08 0.143633 7.51689e-06 3.86597e-05 0.0121143 
0.0196704 0.271415 0.00657689 0.352184 0.00028064 4.39191e-06 0.0113348 0.000961193 0.0325244 6.18095e-07 0.0400089 0.000383628 0.0015872 0.00860902 0.00356207 0.0339456 0.0266329 0.0405432 0.000192794 0.0931988 0.00101297 0.0521525 0.00321779 
0.0318263 0.00238674 0.000129715 0.493016 0.000155252 5.38382e-05 0.0187843 0.00330806 0.126012 1.58448e-05 0.0684227 0.0131012 0.0241157 0.020676 0.0405248 0.0707897 0.0133347 0.0215996 2.70538e-06 0.0395623 0.0069357 0.000372721 0.00487405 
4.5038e-05 0.000431479 5.40209e-08 0.3949 2.88491e-05 4.00622e-06 0.0010373 0.00341393 0.000109409 6.7331e-09 0.0505459 0.00109907 0.0361827 0.00050536 0.00159014 0.0286116 0.00762662 0.00906354 9.51997e-05 0.283899 0.00846166 0.167861 0.00448759 
0.0395563 0.305592 0.0242477 0.329203 0.000301547 2.51366e-05 0.0119831 0.0349949 0.0255343 3.2996e-10 0.0576937 0.00416779 0.000971389 0.0020993 0.0106689 0.0517134 0.0365175 0.0106609 1.94215e-07 0.0466748 0.00260966 9.35478e-05 0.00469096 
0.0127337 0.00027082 0.0321141 0.541616 1.27747e-06 1.25263e-05 0.00869041 0.00977249 0.0585569 3.60214e-05 0.0488233 0.0196309 0.00227943 0.00824473 0.000423364 0.00948846 0.0649624 0.00400448 3.31675e-07 0.11062 0.00103939 0.000128929 0.0665506 
0.0798301 0.0117528 0.000144651 0.517238 2.01363e-05 6.74207e-08 0.021865 0.000759225 0.0111326 8.49252e-09 0.0164867 0.00457604 0.0101736 0.0037854 0.00180132 0.0148429 0.0227568 0.0314292 0.00204982 0.242803 0.000908989 0.000321301 0.00532227 
0.00311531 0.234528 3.11187e-08 0.405334 8.95904e-09 6.49855e-09 0.00332439 0.000100337 9.80232e-09 1.4577e-07 0.00460132 0.00207278 0.000475634 1.90717e-05 1.04561e-07 1.18737e-08 5.29012e-08 0.00794816 5.47633e-07 0.210841 7.12324e-09 8.44174e-06 0.127631 
0.00657857 0.000564792 8.0562e-06 0.499325 1.55429e-06 1.04592e-09 0.00198549 0.000193799 0.00184327 8.44006e-09 0.412405 0.000139495 0.000524656 0.00143076 6.11414e-06 0.0328087 0.0169316 0.00284491 4.44673e-05 0.0195066 0.000365909 0.000347197 0.00214403 
0.0060381 0.013899 0.029793 0.787686 0.000687529 1.03228e-07 0.0016461 8.78575e-05 0.00313238 6.28985e-12 0.0530079 7.16397e-05 0.0169492 0.00455053 7.79173e-05 0.0262806 0.00735642 0.0132642 7.58659e-07 0.0254531 0.000257544 0.0086213 0.0011384 
0.315128 1.5637e-10 6.55877e-07 0.385082 5.39678e-11 2.82441e-06 3.74729e-05 0.00208961 0.0146336 2.88655e-10 5.8107e-05 8.90559e-08 5.34202e-08 0.0701477 0.00641275 0.0484711 0.0190012 0.0254159 0.000210645 0.0324858 0.0112515 0.010847 0.0587235 
0.0367874 0.00332566 0.00102315 0.592856 3.58089e-05 4.03571e-08 0.0167512 0.00971811 0.0546551 3.65317e-09 0.000460702 0.000523528 0.0150072 0.00248976 0.00901695 0.0452636 0.041167 0.0120022 2.28076e-06 0.0573155 0.0928869 0.000108579 0.00860352 
0.000995927 0.0969033 0.105939 0.521485 8.75618e-09 1.15151e-08 0.000937594 0.00218142 0.00523803 1.80364e-11 6.51981e-09 0.0006393 0.00121472 0.000106312 6.18924e-08 7.40774e-08 0.0086202 0.0148143 1.75183e-11 0.235355 0.00184582 0.00370531 1.78349e-05 
0.00296928 0.0465866 0.000554886 0.762371 3.6753e-09 4.48112e-11 0.00190298 0.00146348 0.00656838 4.45052e-11 9.31179e-05 0.0600064 0.000389753 0.00235775 2.27204e-08 0.00133823 0.000925357 0.0200565 7.40294e-09 0.0914783 0.000434394 4.65784e-05 0.000456989 
0.00127334 1.2751e-05 8.10577e-05 0.728514 0.000202569 1.30267e-09 0.00594185 0.000520446 0.0314789 1.29377e-09 0.029579 0.000124868 0.0221129 0.0043976 1.27566e-07 0.00463994 0.0120181 0.0176422 9.85009e-06 0.127569 0.0111102 0.00020372 0.0025674 
0.0542996 0.0280735 0.00240001 0.379456 0.00013323 2.03809e-06 0.0198711 0.00739053 0.0159347 2.69005e-07 0.0836662 0.00396326 0.0154325 0.00861128 0.0023549 0.0403005 0.019753 0.034882 0.000110394 0.260834 0.0134183 0.00294333 0.00616892 
0.000819876 0.000141638 0.00128144 0.57549 0.00107468 4.82533e-05 0.00268644 0.00794983 0.0412973 9.13507e-09 0.0673769 0.00173673 0.00716036 0.00417189 0.000298537 0.0925667 0.134783 0.0161861 0.000745537 0.0341423 0.00825326 0.000544751 0.00124474 
0.0427757 0.0127926 0.00125091 0.276444 0.00122496 9.00894e-06 0.0347811 0.00353152 0.0233572 0.000469557 0.023739 0.00683207 0.011447 0.0109051 0.00239495 0.0781679 0.0311145 0.155603 0.00453092 0.25343 0.00490821 0.00536275 0.0149285 
0.0499687 0.00465088 0.00144563 0.346832 1.77346e-05 3.35131e-09 0.00793871 0.00428163 0.0744004 1.28111e-10 0.0394456 0.0158874 0.0112171 0.0104931 0.00055753 0.0586685 0.0215233 0.00956585 4.36761e-05 0.0600375 0.268579 0.00131075 0.0131356 
0.00805044 0.00442896 0.00238961 0.271351 5.80901e-05 1.23806e-07 0.0947717 0.000694712 0.0788599 2.87103e-07 0.0426347 0.00100417 0.0221097 0.00138085 8.99869e-09 0.135864 0.0493432 0.0152979 0.00474907 0.230683 0.0267834 0.00415144 0.00539382 
0.0143009 0.121777 0.00410617 0.378857 0.000323233 9.18158e-05 0.016203 0.00399524 0.0645631 5.06867e-06 0.177474 0.0147082 0.0125342 0.0145887 0.00106483 0.0347995 0.0334042 0.0101834 5.00868e-05 0.0827242 0.00222868 0.00469146 0.00732578 
0.045147 0.0104196 0.00298083 0.201112 0.000721421 8.69558e-05 0.0275817 0.00726307 0.149134 0.00185273 0.0191805 0.0177379 0.0304759 0.0115379 0.00351928 0.108066 0.0439384 0.0808069 0.000604094 0.169414 0.0292758 0.00838537 0.0307588 
0.104308 0.00247218 0.00963836 0.362922 1.46076e-05 8.46087e-09 0.0880055 0.016844 0.0684838 8.38395e-09 0.00403181 9.99127e-08 0.00549168 3.50475e-05 0.00042444 0.113611 0.0417117 0.0399919 1.92393e-07 0.131992 0.0068734 3.86072e-06 0.00314471 
0.00742608 0.00814044 0.000118017 0.731915 7.05356e-05 8.96383e-08 0.00143178 0.000594419 0.00865672 4.17316e-09 0.050562 0.00101452 0.0293438 0.0120544 0.00172909 0.0151828 0.0218056 0.0399141 2.8286e-05 0.0480675 0.00779539 0.00982356 0.00432594 
0.0531778 0.0150225 0.000592111 0.761777 2.50679e-05 0.000736618 0.00775829 0.00116187 0.0035951 1.30275e-10 0.0210708 0.000952738 0.00631909 0.00169775 0.00198556 0.0294916 0.00635058 0.00212551 6.46246e-05 0.0543841 0.0155421 4.59443e-05 0.0161229 
0.000995927 0.0969033 0.105939 0.521485 8.75618e-09 1.15151e-08 0.000937594 0.00218142 0.00523803 1.80364e-11 6.51981e-09 0.0006393 0.00121472 0.000106312 6.18924e-08 7.40774e-08 0.0086202 0.0148143 1.75183e-11 0.235355 0.00184582 0.00370531 1.78349e-05 
0.0111251 0.00127385 0.000586708 0.568781 3.8271e-05 6.39049e-06 0.00940817 0.0122773 0.0654605 0.000114454 0.00853826 0.00322266 0.00911197 0.00740677 0.000866762 0.164047 0.0439175 0.00981312 2.91521e-05 0.0801962 0.00132388 0.00133339 0.0011212 
0.00142816 0.000441771 0.00231164 0.545367 0.000130375 1.88699e-05 0.0062429 8.3669e-05 0.0197413 0.000461387 0.0570084 0.000748995 0.00140667 0.00904903 0.000961739 0.0901339 0.036398 0.136739 0.00109522 0.0892541 0.000361525 0.000291141 0.000324985 
0.00854236 0.0101687 8.8764e-08 0.856826 1.6149e-06 7.41064e-09 4.61046e-07 1.51177e-05 0.000165398 1.34279e-10 0.019653 5.15279e-05 0.000334906 9.35743e-06 1.52775e-08 2.92527e-05 0.00285698 0.00271971 1.03068e-08 0.0981122 2.88931e-11 0.000513069 2.22544e-07 
0.113154 0.000943992 0.000620896 0.223294 0.000200491 1.01539e-06 0.0288959 0.00397448 0.0153966 3.47783e-11 0.0775403 0.000377644 0.00269834 0.0321996 0.00032275 0.0815235 0.143115 0.131053 0.0125024 0.101869 0.00968362 0.00318277 0.0174496 
0.0268956 9.13374e-05 3.84865e-05 0.49165 5.32773e-06 3.08196e-09 0.00319584 0.00459102 0.02141 2.15357e-06 0.0995401 0.00533505 0.00046388 0.00982685 7.32345e-05 0.0307062 0.0050194 0.131873 4.10085e-09 0.131376 0.0023878 0.00363493 0.0318839 
0.00732902 0.00312618 0.000878046 0.356329 0.000406957 1.85712e-07 0.00156788 0.00458934 0.0116436 0.000952984 0.0763163 0.0036798 0.0680458 0.004406 0.00306563 0.299012 0.137966 0.0059092 0.00607645 0.00146664 0.0043865 0.0017194 0.00112638 
0.098406 0.00270288 2.37141e-07 0.496719 3.012e-07 4.03045e-09 0.00332699 0.0107075 0.0470869 9.9322e-08 0.0952027 0.0212699 0.00145817 0.000157161 0.0042445 0.0870527 0.0318283 0.00626541 2.64714e-10 0.0755367 0.000941901 7.10201e-06 0.0170851 
0.0456297 0.00298922 0.000224881 0.653025 1.62809e-05 3.14022e-05 0.0211096 0.00410299 0.0493211 0.000305862 0.0768952 0.00362564 0.00168981 0.00743693 6.52052e-05 0.0734319 0.0157963 0.00529492 3.95383e-05 0.0163019 0.00265939 0.00772524 0.0122822 
0.0345368 0.135033 0.00170964 0.289292 0.000602294 0.00142694 0.0328557 0.00997527 0.0419133 2.2591e-05 0.0590011 0.00924358 0.00787779 0.0108675 0.00690916 0.0502837 0.031993 0.100442 0.00064627 0.156347 0.00480594 0.00396083 0.0102551 
0.0299931 0.0209861 4.71832e-05 0.422588 1.89935e-05 3.92925e-06 0.00493984 0.00118994 0.0212076 1.82809e-06 0.308691 0.0034953 0.00260599 0.000738592 0.000369883 0.0331104 0.0112221 0.0962929 8.22291e-06 0.0380433 0.000896894 0.00249508 0.00105363 
0.0127164 0.280059 0.000216293 0.280077 0.000394144 2.59552e-05 0.0157841 0.00227067 0.105158 1.0744e-06 0.0205266 0.00130423 0.00209739 0.00455748 0.00329024 0.0574303 0.0672653 0.018376 3.68362e-05 0.0979093 0.017272 0.00102543 0.0122064 
0.0553943 0.159343 0.000495766 0.364561 0.00174016 2.44766e-05 0.0230092 0.00422563 0.0161541 3.69043e-06 0.0739071 0.00323154 0.00956552 0.00741307 0.00102292 0.0358006 0.0151393 0.0385195 0.00760329 0.163926 0.00549387 0.00172261 0.0117035 
0.000995927 0.0969033 0.105939 0.521485 8.75618e-09 1.15151e-08 0.000937594 0.00218142 0.00523803 1.80364e-11 6.51981e-09 0.0006393 0.00121472 0.000106312 6.18924e-08 7.40774e-08 0.0086202 0.0148143 1.75183e-11 0.235355 0.00184582 0.00370531 1.78349e-05 
0.0153968 0.0256446 0.00839404 0.262856 1.7695e-06 3.38175e-06 0.161941 0.00167256 0.168618 6.3959e-09 0.00724314 0.0071596 0.000274848 0.00322611 2.27586e-07 0.0836445 0.00530457 0.0255756 1.91573e-06 0.182491 0.00616868 0.0324894 0.00189315 
0.0280554 0.00363356 8.3837e-07 0.687598 2.32233e-06 1.99384e-09 0.00246868 0.0239034 0.000649445 7.57808e-11 0.114087 0.000408093 0.00125989 0.00129582 0.000312091 0.0134273 0.001104 0.00492631 0.0790189 0.01921 0.0178188 3.48739e-05 0.000784969 
0.0231454 8.7596e-05 0.000447834 0.300887 4.75174e-06 4.2833e-08 0.00778006 0.0202739 0.0149455 8.80085e-10 0.0232753 0.000297938 0.00155497 0.148849 0.000205223 0.0143612 0.0231442 0.127758 0.000816473 0.284692 0.00525946 0.000143602 0.00207041 
0.0257584 0.0322071 0.000817128 0.326143 0.000125259 0.000939907 0.082623 0.0183272 0.0887067 1.16166e-06 0.0481551 0.0148167 0.0218488 0.0222765 0.000174585 0.111294 0.0360083 0.0665217 0.000102126 0.085093 0.00228795 0.000727278 0.015046 
0.0296712 0.00926927 2.55946e-05 0.401356 4.67671e-05 0.000103574 0.110956 0.0114959 0.0501176 1.62274e-08 0.0494793 0.00118885 0.0111084 0.0160036 0.000188476 0.0460978 0.0265575 0.0370739 0.0292648 0.157118 0.00764926 0.00025956 0.00496863 
0.00892649 0.140752 0.0249642 0.205246 0.0221965 5.09418e-08 0.0317477 0.0751395 0.114924 3.17761e-10 0.00504146 0.0016797 0.0251794 0.0285474 0.00492121 0.13932 0.116107 0.00180356 0.000646116 0.0143424 0.00709682 0.0271185 0.00429957 
0.0133726 0.0045803 0.000345238 0.302664 7.86429e-08 1.64457e-07 0.0321258 0.000485694 0.192619 3.31288e-10 2.46434e-07 0.00143599 0.00822113 0.0442262 0.0185012 0.183371 0.0035396 0.00624882 1.80232e-07 0.119756 0.0333502 0.00148474 0.0336724 
0.008451 0.000564128 1.38516e-07 0.314836 0.000108148 3.93672e-08 0.0143561 0.00418976 0.00206475 1.8665e-07 0.0068402 0.00407754 0.00385435 0.115879 0.00194746 0.0133612 0.000999855 0.201632 0.000281346 0.279792 0.00195851 0.0115801 0.0132262 
0.0529709 5.14456e-05 0.00354362 0.319575 0.00441922 1.69498e-08 0.00523924 0.0470058 0.0133075 2.43611e-09 0.0693098 0.0105214 0.122342 0.0646725 0.00115643 0.028604 0.102235 0.00848011 0.00255439 0.075371 0.0615855 0.000916464 0.00613892 
0.00962847 0.00755169 0.000290226 0.612924 4.62742e-06 0.000113507 0.010105 0.00154401 0.0375848 7.76999e-12 0.128117 0.000118496 0.000524884 0.00363104 0.000220366 0.0659803 0.021967 0.0425649 2.69604e-07 0.0531732 0.00106911 0.00171442 0.00117242 
0.0135762 0.000135656 0.00682804 0.398243 0.000135363 6.76842e-10 0.000546909 0.00144066 0.0067141 0.314109 0.0133297 0.000944769 0.0500517 0.0375068 0.0113866 0.0655206 0.000819534 0.00235566 0.000582557 0.0381107 0.0189038 0.000155062 0.0186042 
0.0541885 0.0164852 0.00118745 0.546835 0.000682352 0.0284832 0.0233492 0.0172121 0.0295112 0.000137485 0.0227681 0.00493022 0.0360903 0.00864516 0.00267787 0.0561797 0.0248835 0.0331868 0.00335804 0.0642475 0.00624816 0.00152944 0.0171832 
0.0378812 0.0588331 0.00231718 0.338746 0.000104955 8.54378e-06 0.0211093 0.00825679 0.0148884 0.00128034 0.0804665 0.00379981 0.00698464 0.0172323 0.000391418 0.0459162 0.0242129 0.0401639 0.00225677 0.275571 0.00458493 0.000834722 0.014159 
0.00416429 0.00200052 0.000426397 0.80406 2.391e-05 1.05476e-07 3.7495e-05 4.01353e-05 0.000287213 3.84368e-12 0.163379 5.51289e-06 8.99075e-05 0.00127304 1.46318e-06 0.0155437 0.00143285 0.00167473 4.21588e-06 0.00535924 2.90831e-05 3.14846e-05 0.000135655 
0.0243318 0.026271 1.17103e-05 0.542074 0.00016633 4.3307e-09 0.0135656 3.88134e-05 0.0915718 2.13747e-06 0.0107597 1.42144e-08 0.000422205 0.00940292 0.00694802 0.0635178 0.00913433 0.137149 6.03922e-09 0.0641084 4.22561e-07 0.000524818 1.31176e-07 
0.000370482 4.26928e-06 0.00211281 0.744392 0.000243314 0.0391064 0.000754884 0.000639441 0.0084285 1.08333e-10 0.173645 1.7561e-10 0.000541254 0.00445842 2.77367e-08 0.000701294 0.000149806 0.00240287 5.54887e-05 0.0218071 0.00010311 1.11273e-05 7.18114e-05 
0.0223821 0.0533267 0.000292864 0.576591 9.43811e-05 0.0001217 0.0229662 0.00268529 0.0752919 4.2316e-11 0.00342002 0.0464897 0.00185709 0.0219031 0.000593648 0.0148418 0.00749659 0.0114211 1.93145e-06 0.133073 0.000237807 9.32183e-05 0.00481869 
0.107054 0.000477854 0.028277 0.41586 3.10056e-05 2.5773e-06 0.0120602 0.0906607 0.0187552 1.61163e-09 0.000608055 0.0113058 0.000520217 0.023915 4.73008e-06 0.242707 0.00688627 0.0211328 0.0027068 0.0132601 0.00186853 8.10324e-05 0.00182565 
0.00577502 0.00125281 9.4715e-05 0.407177 1.28079e-05 6.66638e-05 0.0105377 0.002248 0.0208115 0.00110258 0.0226165 0.001208 0.000963986 0.0127678 0.000937542 0.0708402 0.0374166 0.0872073 6.52554e-06 0.300866 0.00170616 0.0110118 0.00337201 
0.0109686 0.0185525 0.0123323 0.541085 0.0125784 5.0547e-10 0.00647743 0.00860717 0.0262607 1.24977e-08 0.0377105 0.00178714 0.0584197 0.0162648 0.000248287 0.0053497 0.0260204 0.000220466 0.0010719 0.0934299 5.08426e-05 0.121426 0.00113761 
0.00412043 0.000274008 0.000223372 0.79618 4.58106e-11 2.46709e-10 0.161257 0.00044976 0.00370973 2.45025e-10 0.00991222 0.000111402 0.00452658 0.000186438 1.01545e-06 0.00597098 0.00831347 0.000148719 3.65303e-08 0.00224779 0.00197825 5.82489e-06 0.000383676 
0.000995927 0.0969033 0.105939 0.521485 8.75618e-09 1.15151e-08 0.000937594 0.00218142 0.00523803 1.80364e-11 6.51981e-09 0.0006393 0.00121472 0.000106312 6.18924e-08 7.40774e-08 0.0086202 0.0148143 1.75183e-11 0.235355 0.00184582 0.00370531 1.78349e-05 
0.00612406 1.81353e-07 0.000238954 0.410479 8.04931e-05 3.37076e-07 0.134322 0.00614706 0.196019 0.000100279 4.65211e-05 0.00118574 0.00102708 0.00803358 0.00133336 0.0250258 0.0226149 0.0105513 3.25158e-07 0.156719 0.00896673 0.0101594 0.000825097 
0.0349044 0.00049496 0.0533597 0.448681 0.00288305 3.93703e-05 0.00202507 0.0210342 0.0740977 1.43078e-06 0.00927828 0.0389854 0.00663551 0.10621 0.0455214 0.0167155 0.0330452 0.0153079 0.000475666 0.0375924 0.0328583 0.000128322 0.0197256 
0.0492346 0.0249072 0.0152788 0.313527 0.00027685 8.19793e-07 0.101739 0.0029473 0.0331976 1.44914e-10 0.000402855 0.00260483 0.0645463 0.00290531 0.00679053 0.0185087 0.0170622 0.0433076 1.48729e-05 0.2624 0.00168422 0.0183 0.0203632 
0.00499815 0.000697912 0.0367132 0.264289 0.000336455 1.08394e-05 0.00120068 0.00752477 0.022608 3.1175e-06 0.0404472 0.0221779 0.067045 0.207576 0.00103544 0.0527586 0.178837 0.00193382 0.000341713 0.0655042 0.021454 0.000113738 0.00239358 
0.0275 0.0262018 0.0277351 0.310315 0.000116002 2.5695e-05 0.02232 0.0133752 0.121601 0.00146659 0.0573466 0.0105123 0.00597029 0.0158003 0.0036195 0.0745037 0.0330458 0.0151779 3.20804e-06 0.205913 0.0158863 0.00345089 0.00811301 
0.0300475 0.00576639 0.00225032 0.181587 0.000206487 1.3599e-05 0.153908 0.0124018 0.119941 3.68862e-09 0.101791 0.0152484 0.0668294 0.00987754 0.000271285 0.105585 0.0686048 0.0124864 2.43578e-05 0.0549721 0.0388264 0.000944898 0.0184165 
0.0210571 0.198229 0.00136768 0.229406 4.5702e-05 4.97985e-05 0.0286238 0.00913211 0.0516165 0.00327854 0.0325497 0.013276 0.0177828 0.00729032 0.00285937 0.0742463 0.0691828 0.0321167 0.000198984 0.184964 0.0042231 0.00830178 0.0102013 
0.0787893 0.0122956 0.00108039 0.433276 0.00732905 7.32236e-06 0.0271744 0.00499612 0.00857273 2.42605e-08 0.126278 0.00260588 0.00864053 0.00601705 0.000131263 0.0745165 0.024632 0.0402485 0.000743365 0.128268 0.00160577 0.00061512 0.0121769 
