0.0757848 0.00303868 1.78938e-08 0.00131003 0.00100618 1.83917e-05 0.644512 0.00756239 0.00207991 2.27183e-05 0.00290767 0.000917583 0.020326 0.00702746 0.00134687 0.0612479 0.0734046 0.00300386 0.00466664 0.0125798 0.000628026 0.00181351 0.0747949 
0.0726456 0.0165799 0.000415912 0.199659 4.45086e-08 6.25953e-10 0.552338 2.88883e-06 0.0330057 3.02274e-07 0.000534049 4.38073e-05 0.00169315 0.000480084 0.0135045 0.0530775 0.0027346 0.0167538 2.81621e-08 0.0275154 0.00164113 9.32133e-05 0.00728171 
7.82175e-08 0.000523386 3.31752e-05 0.00378492 4.3141e-05 7.76355e-07 0.543514 0.000237813 0.109621 7.71055e-07 1.07947e-07 0.000465027 0.00046539 0.065271 0.000297471 0.0231852 0.000242211 0.00718105 5.66261e-05 0.117154 0.118621 0.000255699 0.00904696 
0.0807567 0.000364949 2.48658e-08 0.00982119 0.00837218 4.93347e-06 0.818325 0.00014819 0.000431181 5.72702e-06 0.000547615 0.000685244 0.00525835 0.00161053 0.0406528 0.00076097 0.00113263 0.0034546 2.2703e-05 0.0273212 0.000152059 0.000131131 4.05071e-05 
0.306466 0.000154437 4.19655e-09 0.00188236 0.0461941 9.84456e-08 0.401835 7.85454e-06 2.70959e-08 1.46138e-08 3.52632e-05 0.00104852 0.119421 0.00916742 1.00411e-05 0.0976143 0.00208126 0.00144949 0.000747434 0.000751477 0.00100879 1.11806e-05 0.0101141 
0.0506087 0.0046266 1.8735e-05 0.0213473 3.82044e-06 0.000370742 0.544843 0.00212781 0.0891853 3.16552e-10 0.00124503 1.52071e-05 0.00194871 3.49377e-07 0.000662274 0.177196 0.0237814 0.0250768 0.00204118 0.0455423 0.00317007 0.00132995 0.00485881 
0.000996524 0.0369943 5.13348e-07 0.0345346 6.57297e-06 2.30005e-09 0.896552 0.00019459 0.00024686 1.96841e-12 0.00282393 0.000146084 0.00137833 5.11197e-05 1.75099e-05 0.00586101 0.00348281 0.00356334 9.15419e-08 0.0127145 1.9773e-05 4.48372e-05 0.000370359 
0.0807567 0.000364949 2.48658e-08 0.00982119 0.00837218 4.93347e-06 0.818325 0.00014819 0.000431181 5.72702e-06 0.000547615 0.000685244 0.00525835 0.00161053 0.0406528 0.00076097 0.00113263 0.0034546 2.2703e-05 0.0273212 0.000152059 0.000131131 4.05071e-05 
0.165151 3.93121e-05 3.04935e-07 0.00977938 3.20965e-05 2.11934e-06 0.447477 0.000240667 0.0186609 2.1937e-08 0.0569337 0.00706938 0.009947 0.00282229 0.000774117 0.094526 0.0246665 0.00876797 1.08204e-05 0.0839091 0.00387449 0.00126692 0.0640493 
0.000996524 0.0369943 5.13348e-07 0.0345346 6.57297e-06 2.30005e-09 0.896552 0.00019459 0.00024686 1.96841e-12 0.00282393 0.000146084 0.00137833 5.11197e-05 1.75099e-05 0.00586101 0.00348281 0.00356334 9.15419e-08 0.0127145 1.9773e-05 4.48372e-05 0.000370359 
0.117845 0.00294494 0.0105571 0.0353888 0.00380788 2.75439e-05 0.511492 0.0497361 0.0797565 1.21004e-07 0.00106044 0.00356518 0.0504729 0.0107228 0.000316016 0.0839924 0.0168618 0.00421886 8.32873e-05 0.0136648 0.000393938 0.000437213 0.00265421 
0.185681 0.00616307 1.66346e-08 0.0150733 0.000228985 8.60374e-10 0.324565 0.00345212 0.0046259 0.00130967 8.17294e-05 0.00632728 0.0883402 0.027077 6.0418e-08 0.233794 0.00716161 0.0026106 8.70901e-08 0.029112 0.0043769 9.20218e-08 0.06002 
0.00151868 0.0242151 1.78125e-06 0.024611 4.30529e-06 3.94557e-09 0.925925 0.000158904 0.000161608 5.7247e-12 0.00214043 0.000241788 0.00119438 8.07672e-05 1.14695e-05 0.00500932 0.00315376 0.00271881 6.09788e-08 0.00832233 8.15997e-05 2.93683e-05 0.000419098 
0.0225936 7.31857e-05 0.00411781 0.0692444 0.000449066 6.03205e-07 0.19665 0.00417403 0.192812 0.000110198 0.0073961 0.000624374 0.123385 0.0248655 0.0243432 0.195966 0.0513423 0.0280538 1.3218e-07 0.0237637 0.0190579 0.000146273 0.0108302 
0.0309344 0.000994035 6.95897e-05 0.00149259 3.58049e-08 3.49058e-05 0.53374 0.00617809 0.1285 1.91508e-07 0.000197286 0.00690172 0.000432076 0.00306004 0.00316801 0.056491 0.068606 0.00229203 2.61322e-05 0.0172361 0.101307 0.00549325 0.0328461 
0.00879536 0.000507217 0.0141318 0.0155497 0.000150856 3.67492e-05 0.303427 0.00771894 0.131608 1.19307e-05 0.000731089 0.084551 0.00210189 0.0177986 0.00489068 0.045913 0.0787031 0.0448188 2.30219e-06 0.103046 0.025087 9.68662e-05 0.110322 
0.259626 0.000185586 0.000146188 0.00537905 1.0909e-05 4.04051e-07 0.413547 0.0844775 0.00272025 0.00148167 0.0123073 0.0442097 0.0114525 0.00417724 0.00028597 0.0752357 0.0232696 0.000594907 2.47596e-05 0.00713361 0.000192799 0.000136396 0.0534051 
0.0404527 5.49039e-07 5.23099e-06 0.0980838 5.01322e-07 1.28764e-08 0.362 0.0387657 0.0188104 4.29575e-05 1.79038e-09 5.68969e-06 0.0100819 0.00166316 0.161366 0.232141 0.0255666 4.88816e-06 2.58001e-05 0.010902 1.37512e-05 1.5198e-06 6.64957e-05 
0.00176855 4.96517e-09 5.29899e-05 0.023202 7.35235e-09 1.89947e-11 0.922432 0.000248504 0.00608279 4.99552e-08 0.0108282 4.80944e-09 0.00225806 0.000913603 0.000491933 0.00471628 0.00176154 0.00428124 6.77213e-06 0.0154035 0.00149655 0.00193714 0.00211801 
0.00965999 0.0132661 0.0413341 0.0384782 9.47566e-05 2.2503e-05 0.639897 0.0168717 0.0741213 0.00343285 0.0131368 0.00116718 0.0142779 0.00415543 0.00243363 0.0298435 0.0491806 0.00602757 4.76621e-06 0.0225549 0.012712 0.000207287 0.0071198 
0.0157536 0.0230882 0.00301016 0.0666154 1.82014e-05 4.51015e-05 0.257936 0.00344995 0.2465 0.000440094 0.0152227 0.00330899 0.0125818 0.0297044 0.00107552 0.0828472 0.0182669 0.049141 4.59339e-06 0.1061 0.0575286 0.00593342 0.0014285 
0.0290024 3.47034e-09 2.79216e-06 0.0352418 2.87594e-06 0.00576176 0.261706 0.0520111 0.219763 6.40617e-09 2.69149e-07 0.00378962 0.000106353 0.0253196 3.66099e-05 0.164594 0.0105329 0.0041244 6.93251e-07 0.115096 0.00338816 0.0018144 0.0677051 
0.0464456 0.00796221 1.8551e-05 0.0205948 2.17333e-06 0.00127031 0.369571 0.0604317 0.0900769 5.81652e-08 4.16948e-06 0.136798 0.017331 0.118532 0.000214955 0.0168409 0.0256467 0.00440356 0.000436522 0.0215056 0.0390727 4.1166e-05 0.0227993 
0.0095892 0.00421729 0.000447557 0.0496434 3.24381e-05 1.70507e-06 0.328591 0.000448476 0.0242319 9.09173e-06 0.0406805 0.00343364 0.00581686 0.00677461 0.0232866 0.0362189 0.0315293 0.162281 1.95609e-05 0.227472 0.0302099 0.000147879 0.0149183 
0.102655 4.62616e-05 0.0043259 0.0177971 2.24555e-05 4.32932e-07 0.351476 0.012295 0.0206885 0.000148042 0.00781165 0.0191353 0.0472311 0.097631 0.00560489 0.201415 0.0333925 0.00363766 3.31361e-06 0.0103266 0.0286959 0.000290418 0.03537 
0.0107985 0.0231122 7.99875e-07 0.00683718 1.81615e-08 1.52707e-09 0.613051 0.000329653 0.000362606 1.51664e-09 0.0746952 0.0108063 0.000315166 0.00154958 3.29248e-07 0.00536275 4.07202e-05 0.00418677 1.47308e-09 0.244219 0.00138935 0.000157062 0.0027855 
0.00124963 0.0348324 1.05817e-06 0.0297032 6.26643e-06 5.30761e-08 0.902221 0.000208224 0.000319626 3.56369e-12 0.00267438 0.000214162 0.00139353 6.4121e-05 1.48013e-05 0.00804527 0.00384093 0.00348319 1.15685e-07 0.0112423 4.77147e-05 3.86126e-05 0.000399202 
0.159409 9.93422e-05 5.37941e-09 0.000446254 0.000348141 1.27717e-10 0.465544 4.47383e-09 4.91236e-13 3.91064e-12 8.18146e-05 0.00100648 0.220739 0.00365721 1.72481e-08 0.130034 0.00370449 7.28553e-05 2.48396e-08 2.37494e-05 0.000425764 2.6221e-08 0.0144074 
0.00151868 0.0242151 1.78125e-06 0.024611 4.30529e-06 3.94557e-09 0.925925 0.000158904 0.000161608 5.7247e-12 0.00214043 0.000241788 0.00119438 8.07672e-05 1.14695e-05 0.00500932 0.00315376 0.00271881 6.09788e-08 0.00832233 8.15997e-05 2.93683e-05 0.000419098 
0.018422 0.000111038 0.00099163 0.00468324 6.50508e-05 1.21383e-05 0.654169 0.0402577 0.119653 1.89977e-05 0.0194603 0.00831494 0.00400156 0.000948774 0.000157413 0.0208166 0.031298 0.0583408 0.00048467 0.0157899 0.00113884 0.000432298 0.000432797 
0.00590799 0.000110106 0.000438287 0.0669253 0.00093501 1.25697e-07 0.33747 0.0694529 0.0609085 9.40928e-10 0.000166201 0.00212679 0.100773 0.0415107 0.00364777 0.0321016 0.0897321 0.00604246 0.000851072 0.087027 9.14987e-05 0.0304502 0.0633316 
0.0141733 7.93335e-06 2.00186e-05 0.029282 1.08798e-06 6.8808e-06 0.855588 0.000966065 0.0172696 0.00302312 0.00503755 0.0210052 0.00162583 0.0209654 0.00231124 0.00693887 0.0145767 0.000375097 0.000726833 0.00155416 0.00137289 0.000627438 0.0025452 
0.0966773 0.00391275 1.481e-11 0.163406 0.000100757 2.58973e-06 0.21806 0.0207776 0.00145044 1.02676e-07 0.0907936 0.0178799 0.188312 0.000805737 0.000260043 0.000708222 0.057212 0.00843023 6.48264e-05 0.128792 0.000311217 0.000177967 0.00186457 
0.159409 9.93422e-05 5.37941e-09 0.000446254 0.000348141 1.27717e-10 0.465544 4.47383e-09 4.91236e-13 3.91064e-12 8.18146e-05 0.00100648 0.220739 0.00365721 1.72481e-08 0.130034 0.00370449 7.28553e-05 2.48396e-08 2.37494e-05 0.000425764 2.6221e-08 0.0144074 
0.00590799 0.000110106 0.000438287 0.0669253 0.00093501 1.25697e-07 0.33747 0.0694529 0.0609085 9.40928e-10 0.000166201 0.00212679 0.100773 0.0415107 0.00364777 0.0321016 0.0897321 0.00604246 0.000851072 0.087027 9.14987e-05 0.0304502 0.0633316 
0.0253927 0.0231566 2.06475e-06 0.00684766 3.72691e-08 5.87267e-09 0.518168 0.000333387 0.000364366 5.83258e-09 0.112185 0.0534663 0.00031662 0.001554 5.75353e-07 0.00536658 4.25608e-05 0.00419418 5.66504e-09 0.244262 0.00139369 0.000162177 0.00279147 
0.102663 0.00054908 2.38596e-05 0.0732372 0.000152067 1.61749e-05 0.395874 0.00525194 0.0710803 3.64339e-07 8.81517e-05 0.0182573 0.0246406 0.0272706 0.000117104 0.0318884 0.0849804 0.00103169 0.000166012 0.00933327 0.0476879 0.00440518 0.101285 
0.00511886 3.75455e-06 0.00250076 0.0134524 1.28654e-08 9.08975e-08 0.909734 0.000198169 0.016427 8.73532e-08 0.000216724 2.34437e-05 0.000709712 0.000639436 0.000502942 0.00280433 0.00692418 0.0276904 6.68064e-07 0.0104056 0.00113633 0.000204715 0.00130685 
0.00110116 0.00212714 0.000454009 0.0113595 3.08877e-06 6.26912e-07 0.765796 2.04608e-05 0.0652351 0.000809072 0.00205386 0.00280411 0.000148367 0.000112192 0.000706373 0.0759366 0.0101946 0.0284112 6.12757e-06 0.02088 0.00978913 1.52824e-05 0.00203649 
0.245389 0.000139545 4.04206e-06 0.0285607 2.22151e-05 2.99192e-06 0.370693 0.00033616 0.0106263 2.2527e-06 1.6931e-05 0.000627423 0.010654 0.0143011 0.000106184 0.191907 0.00556549 0.0234982 3.38478e-05 0.0406618 0.000801385 0.00540422 0.0506466 
0.00263541 0.000439843 6.97672e-05 0.0784073 7.25253e-06 4.17837e-06 0.70549 0.000238721 0.0225388 5.91028e-06 0.041245 9.05121e-06 0.0011541 0.00192148 0.000203788 0.0125707 0.0144118 0.0278495 7.36758e-05 0.0783062 0.00196669 0.00397697 0.00647386 
0.000996524 0.0369943 5.13348e-07 0.0345346 6.57297e-06 2.30005e-09 0.896552 0.00019459 0.00024686 1.96841e-12 0.00282393 0.000146084 0.00137833 5.11197e-05 1.75099e-05 0.00586101 0.00348281 0.00356334 9.15419e-08 0.0127145 1.9773e-05 4.48372e-05 0.000370359 
0.0473377 0.000112097 5.67876e-05 0.0173827 0.000184039 0.00279432 0.453013 0.0165188 0.0601459 0.00225625 0.00236487 0.0153198 0.000654141 0.136746 0.00134249 0.0198942 0.0730494 0.0202343 0.000266668 0.0147477 0.0748216 0.000539007 0.0402177 
0.0103155 2.86716e-05 7.76108e-05 0.0089595 1.15174e-06 1.63902e-10 0.797541 0.00289099 0.0184 0.000253659 0.00490918 0.00424017 0.00402142 0.0324936 0.00079027 0.0574818 0.00872143 0.00354397 8.94349e-09 0.00805356 0.0103411 0.00021821 0.026717 
0.000996524 0.0369943 5.13348e-07 0.0345346 6.57297e-06 2.30005e-09 0.896552 0.00019459 0.00024686 1.96841e-12 0.00282393 0.000146084 0.00137833 5.11197e-05 1.75099e-05 0.00586101 0.00348281 0.00356334 9.15419e-08 0.0127145 1.9773e-05 4.48372e-05 0.000370359 
0.0677769 2.1112e-05 5.48342e-08 0.000824181 2.68251e-06 8.49984e-06 0.406858 0.00120208 0.0215742 0.0014618 0.00201759 0.00130138 0.00120386 0.0651775 0.000199221 0.269407 0.075052 0.00568702 3.60589e-08 0.00442004 0.0256512 2.10698e-05 0.0501325 
0.0372481 0.0352164 2.90843e-06 0.0516976 0.000140132 8.02672e-06 0.537259 0.104694 0.00433164 2.21532e-06 0.00162304 0.0215731 0.0310773 0.00896207 0.000469691 0.0343275 0.0851829 0.00968466 2.89588e-05 0.0283505 0.000996464 0.00014002 0.00698315 
0.0599951 0.000123273 5.424e-05 4.96211e-06 4.02098e-06 1.64232e-09 0.356567 0.0175708 0.0327811 1.6311e-09 0.0178715 5.43165e-07 0.309914 0.0027437 0.000589736 0.122825 0.061222 4.93064e-06 2.01503e-06 0.014582 2.39742e-06 6.28902e-07 0.00314103 
2.24494e-06 3.58208e-07 9.26836e-07 7.27135e-06 1.48218e-06 1.2644e-06 0.60428 4.25031e-06 0.297747 0.000349052 6.65956e-07 8.31081e-07 1.40907e-06 8.74551e-06 7.48852e-07 2.39857e-06 0.0975643 3.97661e-06 2.56709e-06 1.33106e-05 7.17819e-06 8.19024e-10 9.83007e-11 
0.0439642 0.000900904 0.000854898 0.0199643 0.0024393 5.1716e-10 0.296338 0.000843826 0.0576774 0.128599 0.000269042 0.00437406 0.166017 0.0450131 0.000404214 0.0866584 0.0233897 0.0500522 4.78082e-05 0.00954666 0.0156878 8.94996e-05 0.0468691 
0.0238614 0.000470467 0.00236384 0.0378956 0.00020593 1.80072e-05 0.179404 0.00907961 0.178787 2.61903e-05 0.0112971 0.0194525 0.0187732 0.0373678 0.00992658 0.151847 0.077776 0.0300222 0.000814186 0.0988743 0.0436986 0.000167272 0.0678716 
0.00102058 0.0325786 8.46454e-06 0.0558171 8.25499e-06 1.32314e-06 0.810636 0.000408406 0.000900285 6.22892e-12 0.0314993 0.000183345 0.00105559 0.000150388 6.60145e-05 0.00885666 0.00870481 0.00629642 2.72622e-07 0.0371861 0.000524385 0.00183621 0.00226168 
0.169131 0.00527634 0.000545897 0.106866 0.00072843 3.03e-07 0.258844 0.0149565 0.030888 3.03003e-07 0.00882952 0.0190529 0.0395021 0.0212075 0.0108253 0.0823568 0.0466093 0.0251802 0.00257594 0.108838 0.0070689 3.0289e-07 0.0407172 
0.0989957 0.000607247 0.00262452 0.0276799 0.00254602 4.36621e-06 0.257 0.01837 0.0447649 9.01221e-05 0.00096506 0.0130641 0.0166611 0.189299 3.7669e-05 0.0773534 0.0721085 0.135768 0.00554498 0.0161869 0.00571669 0.000229903 0.0143809 
0.0467584 0.0100928 0.000142213 0.0213282 9.11408e-06 6.29632e-09 0.520868 0.00213782 0.0267973 1.45775e-05 0.0105671 0.00171131 0.00156302 0.00469071 0.0163399 0.0210956 0.0401415 0.0899124 6.39433e-09 0.0840347 0.00909041 0.00214883 0.0905555 
0.14351 0.000195634 5.51417e-05 0.0480785 2.79005e-05 4.77162e-06 0.39933 0.00973405 0.0647804 1.65683e-05 0.00130725 0.0121635 0.20051 0.00432607 0.000603049 0.0498325 0.013594 0.00905814 9.32239e-06 0.0273122 0.00141195 0.000400904 0.0137388 
0.0592879 5.75606e-05 1.13352e-05 0.0270712 1.29958e-05 6.30646e-09 0.864626 0.00101934 0.00197249 4.98935e-12 0.000712491 0.00177982 0.010408 0.000114436 0.000544376 0.00468193 0.00322999 0.00153514 1.12665e-05 0.0183121 0.00156129 0.000145224 0.00290457 
0.112314 0.00125207 9.57226e-08 0.0326836 2.23161e-08 1.19686e-08 0.418517 0.00204307 0.00384049 9.29342e-11 0.137344 0.00253488 0.0141405 0.000562676 7.4879e-05 0.0190567 0.00344572 0.00324544 2.71954e-08 0.244754 0.000332773 0.00110141 0.00275717 
0.0636405 0.00298904 0.000515654 0.0193388 8.05335e-06 2.54631e-07 0.760785 0.00870336 0.0184915 5.36487e-09 0.00795616 0.00317088 0.0137048 0.0113767 0.00159305 0.0326272 0.00407176 0.00681144 3.01752e-06 0.0345252 0.0049828 1.13267e-05 0.0046932 
0.0442954 0.00390173 1.33875e-05 0.102918 3.83118e-05 0.000434792 0.260504 0.026814 0.240121 1.01536e-05 0.0105305 0.000805065 0.0187991 0.00205277 0.00363639 0.12228 0.103873 0.00484314 8.74084e-09 0.04974 0.00157768 3.20992e-05 0.00277914 
0.0592642 4.21741e-05 0.000162526 0.0436832 0.00102622 6.00162e-09 0.538612 0.081716 0.079261 0.000650156 0.00427808 0.00519991 0.0112724 0.0124221 0.00508167 0.0509561 0.0570962 0.00341337 2.72326e-06 0.00579877 0.00205244 0.000120598 0.0378877 
0.0208941 0.000107039 1.33374e-05 0.108332 2.96553e-05 0.000103969 0.462306 0.000305953 0.0429112 8.2251e-06 0.00295475 0.000124868 0.000939617 0.00167532 1.38387e-05 0.226141 0.036577 0.00271486 2.22995e-06 0.0858677 0.000190475 0.00028715 0.00750065 
0.035206 0.00309479 7.44393e-11 4.25309e-07 0.000726961 2.67868e-08 0.401411 0.0017325 0.00174676 1.92779e-07 0.378342 7.432e-07 0.0186472 0.00328246 0.000263746 0.00648468 0.0586095 0.00109291 0.000642239 0.0247283 0.00108403 0.00472277 0.0581808 
0.040667 0.00653069 0.0152535 0.129725 0.00198506 2.87929e-10 0.160276 0.0122433 0.158749 6.08875e-05 0.0793481 0.046484 0.0254311 0.0680543 0.000332801 0.0828627 0.111931 0.00401842 0.00338338 0.0327738 0.00740033 0.00530815 0.00718168 
0.0197652 0.000439204 1.54034e-07 0.0587792 4.85806e-06 9.7028e-06 0.468933 0.000237124 0.0619736 1.23532e-09 0.127754 0.000523846 0.00264671 5.79618e-05 2.92213e-07 0.0274767 0.0164628 0.0165733 3.85323e-07 0.195989 0.00111942 0.000876816 0.000376468 
0.22887 0.000615856 4.25125e-05 0.0215347 9.09898e-06 9.5914e-07 0.229933 0.0163072 0.00528126 7.02325e-06 0.0295344 0.00692141 0.0340105 0.00244833 0.000424949 0.211476 0.0406095 0.00691998 0.000782924 0.0941295 0.00855018 0.000264751 0.0613257 
0.159409 9.93422e-05 5.37941e-09 0.000446254 0.000348141 1.27717e-10 0.465544 4.47383e-09 4.91236e-13 3.91064e-12 8.18146e-05 0.00100648 0.220739 0.00365721 1.72481e-08 0.130034 0.00370449 7.28553e-05 2.48396e-08 2.37494e-05 0.000425764 2.6221e-08 0.0144074 
0.168083 7.3151e-05 1.5961e-05 0.00130134 0.00021824 4.29281e-10 0.455802 0.000169547 0.000279497 6.31253e-11 8.97102e-05 0.00277448 0.10131 0.00694827 0.000400305 0.178926 0.016954 0.000360733 8.15683e-07 0.00323376 0.00213236 4.47979e-06 0.0609235 
0.00201729 5.61988e-09 1.82226e-05 0.00283558 8.32396e-09 1.80289e-11 0.991277 4.11496e-06 0.000267622 5.65577e-08 2.4092e-06 5.44478e-09 6.03338e-08 9.00373e-08 0.000495823 0.000509973 0.000560498 9.93399e-08 5.18273e-09 0.000781163 0.000442045 2.67288e-05 0.000760807 
0.0310025 0.000132824 1.39304e-05 0.00742161 1.06272e-05 4.52778e-05 0.442936 0.000104819 0.129823 8.9659e-11 0.000259757 4.82066e-06 0.00259921 0.009007 0.00316126 0.290631 0.0795109 0.000977822 8.70836e-11 0.00143079 0.000113401 0.000156024 0.00065652 
0.00124963 0.0348324 1.05817e-06 0.0297032 6.26643e-06 5.30761e-08 0.902221 0.000208224 0.000319626 3.56369e-12 0.00267438 0.000214162 0.00139353 6.4121e-05 1.48013e-05 0.00804527 0.00384093 0.00348319 1.15685e-07 0.0112423 4.77147e-05 3.86126e-05 0.000399202 
0.0406784 0.0235857 4.15172e-05 0.240537 5.80313e-05 1.85623e-05 0.379097 0.0325641 0.00926289 2.97391e-05 0.0512501 0.00451519 0.0760051 0.00264472 0.000260595 0.0710239 0.0223326 0.00832175 2.66967e-05 0.0268187 0.000944501 0.000561276 0.00942235 
0.0487545 8.58155e-05 0.00021892 0.0806683 1.73798e-05 7.29612e-06 0.664753 0.00173321 0.0997225 5.97627e-05 0.00165474 0.00212788 0.0553661 0.00307768 0.000171252 0.027794 0.00218934 0.00635496 6.28761e-06 0.0045817 2.6475e-05 9.28306e-05 0.000535629 
0.00517021 0.000636765 0.000661259 0.0533935 0.000420063 4.48834e-10 0.298705 0.00924581 0.164937 1.08233e-06 0.000739143 0.00732818 0.00839314 0.0295441 0.00143107 0.0414493 0.0826409 0.0206533 0.000376958 0.130674 0.0999363 0.00179001 0.0418727 
0.0929728 5.2717e-05 6.77013e-05 0.0699825 3.19478e-05 0.00023908 0.479799 0.00163475 0.0544893 1.54517e-05 0.0291403 0.00379718 0.0090855 0.00391294 0.00136457 0.120203 0.0499401 0.00863126 3.97056e-05 0.0423402 0.00187909 0.0233892 0.00699105 
0.0201019 0.000218341 0.00836006 0.0278639 3.02452e-05 1.3606e-05 0.380344 0.0179648 0.15606 0.000156817 0.0589242 0.0294386 0.013796 0.0330244 0.000130056 0.0810849 0.0113102 0.0182039 0.000129015 0.0481379 0.076165 0.00900477 0.00953739 
0.117683 0.0072117 3.45487e-05 0.12666 0.000328858 2.0855e-05 0.269352 0.0114412 0.0737225 3.95121e-05 0.02466 0.0133202 0.00421637 0.0158175 0.000385633 0.0870938 0.058826 0.0289096 1.13837e-05 0.122835 0.0236359 0.000140789 0.0136535 
0.00637992 5.04737e-07 6.18743e-08 0.0273664 0.000130495 3.60205e-10 0.841783 3.69147e-05 0.00171842 0.00180891 0.0710239 0.000494271 0.00290611 0.00489536 0.000858407 0.00873537 0.0075603 0.0106638 1.92968e-08 0.00551828 0.00366197 9.55403e-05 0.0043625 
0.00330532 1.08849e-07 0.000882796 0.0105826 7.27797e-06 1.16045e-06 0.448034 1.10221e-05 0.0547569 3.77013e-06 5.29293e-05 0.00421679 0.00392465 0.00264244 6.15035e-05 0.0141788 0.0841451 0.00400561 1.02183e-08 0.00503986 0.332118 5.35134e-05 0.0319754 
0.0055039 0.00111436 0.00147723 0.0334091 1.06876e-05 1.06998e-07 0.790333 5.63146e-05 0.0309419 4.82486e-06 0.00565714 0.00172774 0.000675466 0.00118336 0.00160981 0.014653 0.0132842 0.0280763 6.16919e-06 0.027207 0.00678715 0.00197813 0.0343027 
0.123138 0.000636119 6.47402e-05 0.00676259 0.000318018 4.91728e-05 0.312873 0.00036496 0.0722395 6.92339e-10 0.00497597 0.0106954 0.169882 0.0106731 0.000379308 0.104128 0.0365153 0.0100397 0.00021492 0.0397501 0.0091199 5.52062e-05 0.0871254 
0.00151868 0.0242151 1.78125e-06 0.024611 4.30529e-06 3.94557e-09 0.925925 0.000158904 0.000161608 5.7247e-12 0.00214043 0.000241788 0.00119438 8.07672e-05 1.14695e-05 0.00500932 0.00315376 0.00271881 6.09788e-08 0.00832233 8.15997e-05 2.93683e-05 0.000419098 
0.306466 0.000154437 4.19655e-09 0.00188236 0.0461941 9.84456e-08 0.401835 7.85454e-06 2.70959e-08 1.46138e-08 3.52632e-05 0.00104852 0.119421 0.00916742 1.00411e-05 0.0976143 0.00208126 0.00144949 0.000747434 0.000751477 0.00100879 1.11806e-05 0.0101141 
0.0448444 0.00842387 0.00350065 0.065513 0.00160725 1.10478e-05 0.164186 0.0181228 0.0308685 0.0028765 0.0142671 0.0275054 0.0741374 0.110242 0.000312042 0.15166 0.0717815 0.104146 8.25133e-06 0.0395412 0.00749138 0.0151479 0.0438066 
0.0066942 0.00464477 9.94641e-05 0.113923 6.42896e-05 2.70121e-10 0.279627 0.0117382 0.0805234 2.03466e-05 0.0746785 0.000150411 0.0189323 0.0144139 0.00429045 0.0870654 0.096263 0.0222546 0.00092253 0.0998365 0.0640091 0.00212916 0.0177194 
0.00690228 0.000103434 1.86897e-07 0.0205175 0.00017834 1.66628e-10 0.91897 5.75094e-06 0.00166363 3.16092e-05 0.0153642 0.000245403 4.03437e-05 0.00155547 0.0186055 0.0067632 0.000264877 0.000501977 1.60737e-10 0.00448361 0.00255624 2.05183e-10 0.00124628 
0.306466 0.000154437 4.19655e-09 0.00188236 0.0461941 9.84456e-08 0.401835 7.85454e-06 2.70959e-08 1.46138e-08 3.52632e-05 0.00104852 0.119421 0.00916742 1.00411e-05 0.0976143 0.00208126 0.00144949 0.000747434 0.000751477 0.00100879 1.11806e-05 0.0101141 
0.0469708 0.0065911 0.000426901 0.0144646 0.00503422 3.1556e-05 0.515057 0.000905872 0.0791312 2.44696e-05 0.000767041 0.00227064 0.0152881 0.132694 0.0278402 0.0247423 0.0123463 0.054541 7.47751e-06 0.0393301 0.00393385 0.000657593 0.0169435 
0.000996524 0.0369943 5.13348e-07 0.0345346 6.57297e-06 2.30005e-09 0.896552 0.00019459 0.00024686 1.96841e-12 0.00282393 0.000146084 0.00137833 5.11197e-05 1.75099e-05 0.00586101 0.00348281 0.00356334 9.15419e-08 0.0127145 1.9773e-05 4.48372e-05 0.000370359 
0.000121707 9.5468e-07 5.23861e-07 0.0200384 6.51245e-08 1.76664e-09 0.728455 0.000462751 0.0493169 1.75457e-09 0.00608783 0.00152681 5.24018e-07 0.00643236 0.00228448 0.0034043 0.0466996 0.0280512 4.43451e-07 0.0243012 0.0618399 1.05894e-06 0.0209743 
0.019511 0.0251657 3.41413e-07 0.040964 0.000117215 2.06029e-06 0.62801 0.00376133 0.0141936 7.3958e-09 0.0121495 0.0131116 0.0553727 0.00346732 0.0104083 0.0638969 0.0185161 0.0136112 6.97979e-07 0.0517537 0.00705395 0.00139698 0.0175365 
0.0913246 8.47891e-05 6.54135e-05 0.000768713 0.0855526 5.0313e-05 0.261336 0.000518659 0.00147437 6.25232e-09 0.00112526 0.15858 0.0364107 0.0185252 3.60168e-05 0.118238 0.0286612 0.000240056 6.53978e-06 0.000268687 0.0149157 1.81165e-06 0.181816 
0.0566715 1.04003e-06 1.67468e-06 0.0145574 1.33153e-07 7.81366e-07 0.239519 0.164761 0.216686 1.53565e-07 0.00527344 0.0134265 0.0190376 2.30817e-06 0.0143054 0.0117159 0.238553 1.52164e-06 4.1786e-07 4.67418e-06 0.00520493 0.000271876 2.94975e-06 
0.0370039 0.0133895 2.14283e-05 0.0748126 0.0181036 1.14305e-05 0.384815 0.00204448 0.00134078 9.06089e-08 0.226398 0.0138695 0.011821 0.00177003 2.16981e-05 0.0456569 0.0138079 0.00883691 2.49825e-06 0.126153 0.00118728 0.000149046 0.0187839 
0.000996524 0.0369943 5.13348e-07 0.0345346 6.57297e-06 2.30005e-09 0.896552 0.00019459 0.00024686 1.96841e-12 0.00282393 0.000146084 0.00137833 5.11197e-05 1.75099e-05 0.00586101 0.00348281 0.00356334 9.15419e-08 0.0127145 1.9773e-05 4.48372e-05 0.000370359 
0.0086956 0.00153283 0.00118611 0.0285027 2.38701e-05 8.14599e-08 0.657824 0.000523232 0.0316601 2.10109e-05 0.000956481 0.00203611 0.00233356 0.00380775 0.0415041 0.0139737 0.02234 0.0495746 0.000509528 0.100294 0.0151446 0.00219452 0.0153622 
0.118649 0.00226879 0.00173979 0.0382347 0.000719064 2.00009e-05 0.254006 0.0156142 0.0408773 0.000445872 0.0218978 0.013535 0.0642772 0.025569 0.000428829 0.199505 0.0857053 0.0193584 0.00247096 0.0410006 0.0156076 0.000275459 0.0377946 
0.011893 0.000226981 4.89016e-06 0.00602092 1.53673e-05 2.53887e-06 0.685826 0.000929615 0.0401607 2.23957e-07 0.000216653 0.00134682 0.00117228 0.00498149 8.01752e-06 0.141146 0.0215305 0.0660139 8.59315e-08 0.00492658 0.00153331 0.0029472 0.00909622 
0.00151868 0.0242151 1.78125e-06 0.024611 4.30529e-06 3.94557e-09 0.925925 0.000158904 0.000161608 5.7247e-12 0.00214043 0.000241788 0.00119438 8.07672e-05 1.14695e-05 0.00500932 0.00315376 0.00271881 6.09788e-08 0.00832233 8.15997e-05 2.93683e-05 0.000419098 
0.00590799 0.000110106 0.000438287 0.0669253 0.00093501 1.25697e-07 0.33747 0.0694529 0.0609085 9.40928e-10 0.000166201 0.00212679 0.100773 0.0415107 0.00364777 0.0321016 0.0897321 0.00604246 0.000851072 0.087027 9.14987e-05 0.0304502 0.0633316 
0.0289738 0.000170495 0.000233786 0.00931396 7.70859e-05 8.4633e-06 0.756758 0.0117101 0.0398396 0.000195739 0.000294092 0.00555177 0.00119755 0.00150068 0.00228666 0.0420045 0.0122859 0.0072383 0.00136063 0.0476972 0.00371911 0.000309557 0.0272731 
9.81412e-08 5.24091e-07 7.53691e-07 0.0130938 1.80879e-07 0.000131597 0.908605 0.000392655 0.0670123 2.51573e-05 1.35443e-07 2.20926e-05 1.67763e-07 2.25505e-05 5.22006e-07 2.32914e-06 4.70228e-05 0.00718613 9.3967e-07 0.00119158 0.00225306 1.1995e-06 9.71664e-06 
0.000574959 1.28427e-06 2.06664e-07 0.00283 0.000179891 1.27632e-10 0.376643 0.000269829 0.0715728 1.2676e-10 4.97821e-05 5.15549e-05 0.0015951 1.37043e-06 0.00118468 0.18532 0.331271 0.000748814 1.23119e-10 0.000294718 0.00014894 9.45504e-08 0.0272617 
1.84792e-05 2.6509e-05 8.72237e-06 0.010327 2.99987e-06 3.00062e-07 0.657826 0.00296648 0.0167091 2.98014e-07 0.000929687 0.050596 0.000190259 0.00287518 1.5971e-05 0.0129083 0.00665522 7.73244e-05 0.000240187 0.0711022 0.149287 5.22693e-05 0.0171843 
0.00176855 4.96517e-09 5.29899e-05 0.023202 7.35235e-09 1.89947e-11 0.922432 0.000248504 0.00608279 4.99552e-08 0.0108282 4.80944e-09 0.00225806 0.000913603 0.000491933 0.00471628 0.00176154 0.00428124 6.77213e-06 0.0154035 0.00149655 0.00193714 0.00211801 
0.00815255 0.00239855 0.203748 0.0847247 0.158446 3.8719e-06 0.215466 0.0144124 0.0397189 0.00237279 0.00595718 0.00540918 0.070596 0.0359858 0.00257753 0.0404522 0.0401296 0.00922882 0.000700163 0.0275322 0.00269188 0.0036193 0.0256755 
0.00102058 0.0325786 8.46454e-06 0.0558171 8.25499e-06 1.32314e-06 0.810636 0.000408406 0.000900285 6.22892e-12 0.0314993 0.000183345 0.00105559 0.000150388 6.60145e-05 0.00885666 0.00870481 0.00629642 2.72622e-07 0.0371861 0.000524385 0.00183621 0.00226168 
0.0196618 0.00516152 1.39457e-05 0.127032 9.6025e-05 1.40848e-06 0.349093 0.0261896 0.00796267 1.02101e-05 0.0613371 0.0117733 0.0159939 0.00324323 0.00134339 0.0801554 0.0677093 0.00584498 0.000900534 0.124494 0.0371994 0.000819268 0.0539649 
0.0314314 0.00635665 0.00270571 0.0581554 6.91735e-05 4.30119e-05 0.211728 0.0356694 0.203322 1.15598e-05 0.00123826 0.00749735 0.0090995 0.0037734 0.00171248 0.149838 0.0705278 0.0538678 0.000894987 0.122259 0.00416261 0.000167462 0.0254694 
0.00946269 0.000448204 0.000176904 0.0371325 0.000293053 1.54988e-08 0.678887 0.000201256 0.0188643 0.000389737 0.00866416 0.00380756 0.0077408 0.00644711 0.0285395 0.0294095 0.00595964 0.0720626 4.09477e-06 0.0440913 0.0245813 0.000441535 0.0223951 
0.112991 0.00159683 0.000276042 0.119844 0.00764956 5.84513e-06 0.514097 0.00779041 0.00376557 2.3327e-06 0.0057747 0.00196075 0.0251915 0.00471252 0.021665 0.0235661 0.0163988 0.00787535 2.57303e-05 0.116402 0.000434224 0.00351496 0.00445945 
0.0145065 0.00960188 0.0021764 0.132684 7.28719e-05 5.08687e-12 0.414955 0.00210221 0.0661315 0.026545 0.0118053 0.000565984 0.00295845 0.00123107 0.00369268 0.0538591 0.0342987 0.0115814 7.23249e-07 0.206218 9.75493e-05 0.000342611 0.00457378 
0.000996524 0.0369943 5.13348e-07 0.0345346 6.57297e-06 2.30005e-09 0.896552 0.00019459 0.00024686 1.96841e-12 0.00282393 0.000146084 0.00137833 5.11197e-05 1.75099e-05 0.00586101 0.00348281 0.00356334 9.15419e-08 0.0127145 1.9773e-05 4.48372e-05 0.000370359 
0.0199942 1.58695e-05 1.09832e-05 0.0345007 3.02704e-05 3.10214e-07 0.824713 0.000796116 0.0452385 1.37585e-09 0.00362441 0.0187191 1.97778e-07 0.000406533 0.000314265 0.00425382 0.00922151 0.00521148 2.31825e-08 0.0197627 0.000663068 0.000129794 0.0123934 
0.0101752 0.00069841 0.00136548 0.0432447 0.000275124 0.0355134 0.513887 0.0016929 0.211151 9.5366e-10 0.0146995 0.00330718 0.00205626 0.00489792 0.000323486 0.0357179 0.0664511 0.00776844 2.2067e-05 0.0373856 0.00252048 0.000540706 0.0063068 
0.0141539 3.40211e-05 0.000396852 0.0335498 3.88086e-06 4.60417e-08 0.763356 0.000287736 0.00753332 1.71485e-10 0.000128436 0.000452695 1.89617e-07 0.00326862 3.15472e-05 0.0685531 0.00943724 0.0101471 4.21908e-05 0.0837641 0.00047201 0.00187821 0.00250882 
0.043807 0.0128702 0.0213331 0.0341925 0.00176869 9.49478e-09 0.328167 0.00844556 0.0422843 1.24544e-07 0.0201049 0.00328525 0.0328914 0.0152661 0.00587897 0.0383089 0.0145406 0.00645335 2.8785e-05 0.0531859 0.0188401 8.85642e-05 0.298258 
0.0107856 0.000459278 0.000373177 0.0708517 8.99854e-06 2.16765e-05 0.311827 0.000212457 0.288606 2.14855e-05 0.000823161 0.0109062 0.0107517 0.00819795 0.0410073 0.0894636 0.0391995 0.0276349 6.10897e-09 0.0243389 0.0392538 2.49776e-05 0.0252313 
0.000996524 0.0369943 5.13348e-07 0.0345346 6.57297e-06 2.30005e-09 0.896552 0.00019459 0.00024686 1.96841e-12 0.00282393 0.000146084 0.00137833 5.11197e-05 1.75099e-05 0.00586101 0.00348281 0.00356334 9.15419e-08 0.0127145 1.9773e-05 4.48372e-05 0.000370359 
0.0225782 0.000231466 2.94761e-05 0.0134316 8.26296e-06 2.807e-07 0.453214 0.00149677 0.243751 5.47908e-06 0.000147622 0.0172889 0.0106614 0.0590586 4.15807e-05 0.052524 0.0104827 0.0581479 2.61307e-05 0.000988649 0.00571089 0.000298659 0.0498766 
0.00835207 4.8847e-05 0.00011312 0.0628329 0.000477744 7.54205e-08 0.660747 0.0190387 0.020952 0.000674423 0.0072636 0.00409733 0.0324733 0.0157698 0.00362447 0.0240261 0.0406796 0.0141304 0.000245628 0.0320192 0.00134548 0.00764088 0.0434468 
0.00102058 0.0325786 8.46454e-06 0.0558171 8.25499e-06 1.32314e-06 0.810636 0.000408406 0.000900285 6.22892e-12 0.0314993 0.000183345 0.00105559 0.000150388 6.60145e-05 0.00885666 0.00870481 0.00629642 2.72622e-07 0.0371861 0.000524385 0.00183621 0.00226168 
0.0466599 0.000156227 4.74607e-07 0.0189307 1.77944e-11 9.58301e-11 0.377212 8.9533e-07 1.19556e-11 9.51758e-11 6.72902e-07 0.0435811 2.20496e-06 0.0921565 5.13534e-11 0.22335 0.0707906 5.2142e-07 3.88349e-07 0.0355405 0.00975103 1.18004e-10 0.081866 
0.0100006 0.000151847 0.00568787 0.0103103 0.0002424 4.47053e-09 0.277364 0.00978711 0.218238 0.0244242 0.000318082 0.0554268 0.0126631 0.0756222 1.2311e-05 0.125085 0.0300636 0.00613911 4.76732e-07 0.00225197 0.0106039 0.052318 0.0732896 
0.00151868 0.0242151 1.78125e-06 0.024611 4.30529e-06 3.94557e-09 0.925925 0.000158904 0.000161608 5.7247e-12 0.00214043 0.000241788 0.00119438 8.07672e-05 1.14695e-05 0.00500932 0.00315376 0.00271881 6.09788e-08 0.00832233 8.15997e-05 2.93683e-05 0.000419098 
0.00201729 5.61988e-09 1.82226e-05 0.00283558 8.32396e-09 1.80289e-11 0.991277 4.11496e-06 0.000267622 5.65577e-08 2.4092e-06 5.44478e-09 6.03338e-08 9.00373e-08 0.000495823 0.000509973 0.000560498 9.93399e-08 5.18273e-09 0.000781163 0.000442045 2.67288e-05 0.000760807 
0.080771 0.00440984 1.06779e-07 0.00119724 3.90213e-09 6.53269e-08 0.192063 0.012583 0.00459768 3.7735e-08 0.0457187 0.0422025 0.00517807 0.0111303 0.01267 0.133339 0.148508 0.00573479 3.99142e-08 0.144036 0.0414111 0.00135414 0.113096 
0.0347633 4.70315e-05 0.000382428 0.0193677 3.21501e-08 1.43066e-06 0.772948 0.00174644 0.0603992 2.74555e-06 4.80602e-07 0.00251865 0.000320026 0.00109749 0.00151871 0.0124346 0.00132612 0.0204929 7.37244e-06 0.0517434 0.00117913 0.0170898 0.00061313 
0.0677769 2.1112e-05 5.48342e-08 0.000824181 2.68251e-06 8.49984e-06 0.406858 0.00120208 0.0215742 0.0014618 0.00201759 0.00130138 0.00120386 0.0651775 0.000199221 0.269407 0.075052 0.00568702 3.60589e-08 0.00442004 0.0256512 2.10698e-05 0.0501325 
0.0554386 6.51445e-05 0.000260551 0.0204813 8.2174e-06 6.28919e-08 0.57064 0.000207555 0.00337872 0.000542686 0.0159074 5.24658e-05 0.00232093 0.0157975 0.00221794 0.100307 0.0671643 0.0287708 0.00172078 0.100406 0.00280116 0.00157192 0.009938 
0.00857656 9.70476e-10 1.39563e-09 0.0590375 3.3494e-10 1.80379e-09 0.7831 5.46553e-06 0.101487 1.79148e-09 2.50805e-10 0.0133061 0.00505443 0.00625391 7.00499e-07 0.018328 0.00319444 8.74397e-07 9.8115e-07 0.00164129 3.85476e-10 1.30404e-05 2.66587e-10 
0.159409 9.93422e-05 5.37941e-09 0.000446254 0.000348141 1.27717e-10 0.465544 4.47383e-09 4.91236e-13 3.91064e-12 8.18146e-05 0.00100648 0.220739 0.00365721 1.72481e-08 0.130034 0.00370449 7.28553e-05 2.48396e-08 2.37494e-05 0.000425764 2.6221e-08 0.0144074 
0.167184 0.0066923 2.65765e-07 0.171804 1.10431e-07 5.15211e-10 0.419459 0.00353032 0.0218784 5.11694e-10 7.51762e-07 0.0099922 4.63881e-07 0.00270759 1.79661e-08 0.0495293 0.000854942 0.133061 4.25892e-06 0.00789287 0.00539184 1.39434e-05 1.94222e-06 
0.0138295 5.30753e-05 0.00235188 0.0478611 8.39044e-08 6.15867e-07 0.594312 0.0014164 0.0866345 2.50567e-06 2.25105e-05 0.0040912 0.000710827 0.00274146 0.00118174 0.0183942 0.0190009 0.0161023 0.000109869 0.154274 0.00444038 0.0118872 0.0205824 
0.0813444 0.000456102 2.14547e-08 0.0109043 0.0104638 6.13973e-06 0.80201 0.000185207 0.000538932 7.14685e-06 0.000684469 0.00057606 0.00657251 0.00136925 0.0508124 0.000951162 0.00141574 0.00266864 2.83156e-05 0.0286011 0.000190027 0.000163852 5.0599e-05 
0.192244 0.00122824 1.4493e-05 0.0566255 0.0150522 7.58247e-05 0.21719 0.0122045 0.00156547 1.33348e-08 0.00958782 0.00655161 0.172123 0.0125248 0.000133649 0.0597412 0.0632033 0.00568845 0.0896469 0.0487311 0.00509322 0.000486916 0.0302888 
0.00105957 0.0414667 7.1864e-07 0.0340419 7.45873e-06 6.1361e-08 0.88707 0.000225036 0.000380496 1.98826e-12 0.00298608 0.000160464 0.00150273 5.33368e-05 1.76158e-05 0.00911836 0.0041564 0.00390833 1.36928e-07 0.0133836 1.99792e-05 4.59552e-05 0.000394595 
6.36517e-06 6.01997e-08 1.06387e-06 1.21097e-06 2.30412e-07 1.1178e-10 0.300097 0.0216543 1.06961e-05 5.996e-07 0.0170415 0.0830365 5.31345e-07 0.0812717 2.33671e-07 0.119791 0.125098 3.75007e-06 1.07828e-10 0.131229 0.0695947 6.60828e-07 0.0511615 
0.00194994 0.000528512 4.78798e-08 0.0313918 9.82388e-07 4.79315e-08 0.912465 0.00347528 0.0120509 1.05869e-10 0.000527804 0.00133835 0.000333997 0.00225651 0.000284495 0.00212932 0.00178134 0.0108572 2.99482e-05 0.0163331 0.00153719 6.32054e-05 0.000665106 
0.0723752 0.0024795 0.00266878 0.0238321 0.00019471 3.0675e-05 0.443784 0.0148672 0.2279 3.881e-06 0.00336768 0.00247924 0.0111392 0.00537228 0.000311349 0.121487 0.0481823 0.00333855 0.000146351 0.0077846 0.00151645 0.000621842 0.00611689 
0.0699265 0.0213296 5.9866e-05 0.0271731 3.64836e-05 7.6946e-06 0.604776 0.044952 0.0118931 1.19152e-06 0.00778719 0.0024994 0.0230853 0.00594044 0.000600537 0.0866951 0.0423052 0.0169623 0.00171056 0.0205496 0.00271364 0.000257434 0.00873749 
0.00534585 0.000155361 0.00195207 0.0817062 5.92655e-05 3.55801e-07 0.428169 0.107259 0.136561 8.35748e-09 0.000210304 0.0105922 0.00244031 0.00558866 0.00182234 0.0414546 0.0921195 0.0207244 8.60233e-07 0.0487299 0.0014132 0.00043831 0.0132573 
0.0293595 9.93895e-05 0.00437227 0.00236959 0.0452353 1.6782e-06 0.169324 0.000187068 0.0800281 7.23389e-05 7.48704e-05 0.0349538 0.00257713 0.0894568 0.000327032 0.147391 0.098588 0.0205695 0.00967495 0.0105304 0.113726 2.45321e-08 0.141081 
0.0560143 0.00461209 0.000647018 0.1491 0.000126836 1.47492e-05 0.262793 0.0223641 0.110526 0.000467342 0.00762125 0.0115717 0.00376653 0.0107811 0.000958224 0.16277 0.0293374 0.0228334 0.00018951 0.104311 0.0204418 0.00301106 0.0157422 
0.00201729 5.61988e-09 1.82226e-05 0.00283558 8.32396e-09 1.80289e-11 0.991277 4.11496e-06 0.000267622 5.65577e-08 2.4092e-06 5.44478e-09 6.03338e-08 9.00373e-08 0.000495823 0.000509973 0.000560498 9.93399e-08 5.18273e-09 0.000781163 0.000442045 2.67288e-05 0.000760807 
0.0807567 0.000364949 2.48658e-08 0.00982119 0.00837218 4.93347e-06 0.818325 0.00014819 0.000431181 5.72702e-06 0.000547615 0.000685244 0.00525835 0.00161053 0.0406528 0.00076097 0.00113263 0.0034546 2.2703e-05 0.0273212 0.000152059 0.000131131 4.05071e-05 
0.00739764 1.69669e-05 3.55107e-06 0.0298798 0.000351522 1.19609e-06 0.707187 0.00143495 0.114341 1.18792e-06 0.00226299 0.000110852 0.00337058 0.0014773 4.65607e-06 0.00118788 0.0462819 0.00602628 0.000616233 0.0514693 0.0261118 0.000447558 1.72835e-05 
0.00766243 0.00071666 0.000767129 0.0464743 0.00030494 0.00102073 0.634494 0.00545984 0.107058 1.65147e-05 0.0139106 0.00526981 0.00146949 0.000731473 0.00252952 0.0158426 0.0550468 0.00711324 0.000164988 0.0762897 0.00710814 0.000570735 0.00997783 
0.120512 0.00160409 6.80232e-05 0.0455969 5.00601e-05 2.09745e-05 0.382312 0.00522665 0.041901 7.61875e-09 0.00531946 0.010958 0.0135305 0.00356977 0.00129127 0.141898 0.0597432 0.00874825 0.00148814 0.123279 0.0015221 0.000459869 0.0309001 
0.000996524 0.0369943 5.13348e-07 0.0345346 6.57297e-06 2.30005e-09 0.896552 0.00019459 0.00024686 1.96841e-12 0.00282393 0.000146084 0.00137833 5.11197e-05 1.75099e-05 0.00586101 0.00348281 0.00356334 9.15419e-08 0.0127145 1.9773e-05 4.48372e-05 0.000370359 
0.0186176 8.54924e-05 9.96928e-06 0.00446636 9.04389e-06 4.47855e-05 0.58517 7.35654e-05 0.158215 2.29169e-09 0.00016502 3.8902e-06 0.00157019 0.00542052 0.00191352 0.174432 0.0477681 0.000599228 2.22586e-09 0.000863403 7.2898e-05 9.8442e-05 0.000400913 
0.0677769 2.1112e-05 5.48342e-08 0.000824181 2.68251e-06 8.49984e-06 0.406858 0.00120208 0.0215742 0.0014618 0.00201759 0.00130138 0.00120386 0.0651775 0.000199221 0.269407 0.075052 0.00568702 3.60589e-08 0.00442004 0.0256512 2.10698e-05 0.0501325 
0.00102058 0.0325786 8.46454e-06 0.0558171 8.25499e-06 1.32314e-06 0.810636 0.000408406 0.000900285 6.22892e-12 0.0314993 0.000183345 0.00105559 0.000150388 6.60145e-05 0.00885666 0.00870481 0.00629642 2.72622e-07 0.0371861 0.000524385 0.00183621 0.00226168 
0.00889314 0.00014266 0.00029592 0.00450982 3.22177e-05 1.93716e-05 0.296837 0.0477718 0.0895936 2.64687e-06 0.0130439 0.144551 0.00399323 0.0218792 0.000113138 0.213877 0.0746337 0.00917562 6.63115e-07 0.011938 0.0363117 0.000649429 0.0217349 
0.00859391 1.3976e-05 2.70147e-06 0.00013293 4.0921e-11 6.09959e-08 0.902737 0.000201903 8.74225e-08 2.18872e-10 0.00212707 0.00377782 0.000331029 4.45094e-05 1.18095e-10 0.0562324 0.00294821 0.000141865 4.96196e-06 0.0112502 0.000753775 9.13517e-07 0.0107043 
0.247218 0.000151674 6.9452e-06 0.00323206 0.0692114 1.24245e-05 0.457264 0.00013403 0.0421806 1.47507e-05 0.00110028 0.0016388 0.0479205 0.00905826 3.41193e-05 0.0887707 0.00488457 0.00604587 9.86031e-05 0.00677416 0.00454729 5.64637e-05 0.00964439 
0.000121707 9.5468e-07 5.23861e-07 0.0200384 6.51245e-08 1.76664e-09 0.728455 0.000462751 0.0493169 1.75457e-09 0.00608783 0.00152681 5.24018e-07 0.00643236 0.00228448 0.0034043 0.0466996 0.0280512 4.43451e-07 0.0243012 0.0618399 1.05894e-06 0.0209743 
0.00377431 0.000139589 1.56955e-05 0.0184966 0.000173264 6.97868e-08 0.672953 0.0388353 0.0163688 1.48863e-10 0.00100526 0.00109218 0.00012892 0.000591745 4.1025e-05 0.117653 0.120277 0.00188357 3.55016e-07 0.0055818 9.52862e-05 3.25305e-05 0.000860411 
0.023867 1.85227e-05 0.000822605 0.069932 4.33002e-05 0.000330404 0.50267 0.0602998 0.0549732 2.09121e-06 0.0467791 0.00168978 0.00131479 0.00214992 0.000630126 0.0777359 0.0353212 0.0038383 1.19959e-05 0.115006 7.08151e-05 0.000136465 0.00235694 
