0.0719783 0.00330078 0.00166682 0.00629872 0.000296831 1.73417e-06 0.00797435 0.48828 0.0290491 2.02642e-08 0.0177144 0.00270014 0.191311 0.00297364 0.00140519 0.102121 0.0424737 0.0017084 1.80741e-05 0.00247258 0.00378468 5.82442e-05 0.0224124 
0.0019892 0.00549485 0.000467571 0.0370121 1.21643e-05 8.61505e-08 0.00605903 0.809563 0.0192316 6.40097e-12 0.00501443 0.00293828 0.00178506 0.00485385 0.000565123 0.00724595 0.0429459 0.0108995 0.000234543 0.0174701 0.0241657 0.000362017 0.00168953 
0.0105479 0.00027883 0.00206592 0.0177548 8.28192e-05 0.000119636 0.00216661 0.400613 0.323639 6.46978e-07 0.028488 0.126115 0.000837501 0.000940697 0.00192863 0.0107266 0.0335242 0.00489331 6.28394e-07 0.0124945 0.00743477 0.00896299 0.00638308 
0.0196325 0.000499665 0.000297615 0.023927 0.000159127 0.0571336 0.00892936 0.3157 0.0259032 3.42043e-07 0.0017435 0.203324 0.00502164 0.00560005 2.39523e-07 0.0577748 0.0356873 0.0175337 0.00248364 0.09882 0.000957333 1.33518e-05 0.118857 
0.0376662 0.00430561 0.00208112 0.0131589 0.000296453 0.00672371 0.00291226 0.640132 0.0394114 0.000759298 0.0241143 0.027715 0.00494555 0.00968105 0.00318357 0.0476955 0.0641759 0.0089206 0.00236536 0.0259882 0.0177602 0.000173351 0.0158346 
0.0660855 0.00011497 8.30659e-06 0.00217025 1.45844e-05 1.28857e-05 0.00102422 0.356554 0.00875052 4.78131e-08 0.000434371 0.00440808 0.0278235 0.00385683 0.000197567 0.237812 0.267751 0.000774576 8.93412e-06 0.000130036 0.000332469 1.93537e-05 0.0217168 
0.00978213 0.00226257 0.000428461 0.00168279 0.0010962 3.44142e-06 0.000878582 0.676469 0.0110055 5.59776e-11 0.000129338 0.0890813 0.0158738 0.0130006 0.129694 0.00480444 0.02697 0.000748292 2.93404e-07 0.0134377 2.36503e-08 0.000143764 0.00250756 
0.0312869 0.000117627 0.000917577 0.00308903 0.000103496 2.32472e-05 0.00413461 0.388757 0.0187597 0.0222397 5.01591e-05 0.00291629 0.196355 0.0063113 0.000438164 0.17507 0.129337 0.000974479 6.93106e-09 0.00470589 0.00450505 0.000281121 0.0096274 
0.0643832 0.00287471 0.000243518 0.0150424 0.0180162 0.0391072 0.00436349 0.392975 0.0192064 7.22263e-05 0.00369205 0.0129732 0.207481 0.0344204 0.00171319 0.0921039 0.0311855 0.0136127 0.000639294 0.0124751 0.0144837 0.000328453 0.0186071 
0.00314786 7.30127e-05 0.000388643 0.00585794 0.00229668 1.02468e-07 0.000758284 0.525889 0.00273859 1.02998e-05 0.0046607 0.00316257 0.0425528 0.0781151 0.000930989 0.0990833 0.206799 0.0154144 0.000927167 0.00296785 0.000602671 0.000362641 0.00326037 
0.0326447 0.000770364 0.000690683 0.0271007 8.17171e-05 2.89617e-06 0.00429136 0.317721 0.0136139 3.70144e-08 0.0240936 0.077185 0.00643206 0.00172229 0.00305667 0.0492029 0.116937 0.004957 3.17271e-07 0.00431539 0.235818 0.000130927 0.0792315 
0.00593305 6.10364e-05 0.000301802 0.00198568 0.000128813 5.70336e-09 0.000295421 0.576885 0.0160432 4.67887e-11 5.36607e-05 0.010651 0.00068376 8.70752e-05 6.89416e-06 0.165304 0.210569 0.00188419 4.54447e-11 0.00185052 7.57732e-05 2.32461e-06 0.00719864 
0.0108764 0.00229792 0.000408355 0.00999934 0.00111824 6.85519e-05 0.00173975 0.655098 0.0125677 7.57616e-11 0.000135901 0.0950268 0.0150747 0.0147004 0.130666 0.00603994 0.0260049 0.000920646 1.65987e-05 0.0140071 1.80211e-06 0.000291062 0.0029401 
0.0110105 0.00345015 0.000484767 0.111647 0.000117253 2.07354e-05 0.062901 0.33383 0.028378 3.85292e-07 0.043291 0.0185521 0.0211295 0.00132126 0.0648809 0.123232 0.0871206 0.0190882 8.53428e-07 0.0366148 0.0179516 0.00354131 0.0114355 
0.185523 4.96015e-05 2.72953e-05 0.0173299 3.63198e-05 4.20703e-05 0.0320392 0.41533 0.104921 1.69425e-09 0.00014223 0.0109403 0.010469 0.00036356 0.000327732 0.163307 0.0281168 0.000345604 5.42803e-08 0.0171203 0.00658594 1.36685e-06 0.00698185 
0.076028 0.0105053 6.67332e-05 0.0160964 0.000171957 0.22127 0.0105266 0.508322 0.025249 1.14241e-06 0.00108693 0.00951124 0.0159758 0.0235811 0.000933762 0.0250763 0.0190411 0.00394823 1.85158e-05 0.0196391 0.00177821 0.000178646 0.0109937 
0.0730639 7.29349e-06 4.72023e-10 7.71986e-05 6.27471e-06 5.3071e-05 0.000836996 0.608183 0.00565223 6.05902e-10 1.56246e-05 0.000838477 0.00256501 0.000106886 4.69032e-07 0.0371199 0.265374 0.000146808 2.61576e-06 0.00293558 8.75489e-05 3.24183e-07 0.00292661 
0.167027 0.0077118 3.48943e-05 0.0487338 9.09926e-05 1.90854e-05 0.00381562 0.368052 0.0131539 3.68816e-11 0.000609626 0.00380038 0.0559404 0.0392715 0.00077907 0.224112 0.0294245 0.00141518 0.000457245 0.0080949 0.0265002 0.000186446 0.000770628 
0.190579 0.000335716 0.000685314 0.0258685 2.19213e-05 9.04569e-06 0.00520077 0.371527 0.0138837 4.33841e-08 0.00975295 0.0843443 0.00717992 0.0154403 4.91687e-05 0.0401035 0.105037 0.0229679 0.000108171 0.052561 0.0143416 6.86282e-05 0.0399337 
0.234336 0.000134 0.0024238 0.00784144 7.9628e-05 0.000246145 0.00181083 0.300883 0.0629886 2.96003e-11 0.00170257 0.0138157 0.00173696 0.0076544 8.89435e-05 0.097759 0.244841 0.00249497 1.90971e-06 0.00392758 0.00452771 0.000334593 0.0103711 
0.00678327 0.000752297 0.000144191 0.0588009 0.000370819 0.000207701 0.0110417 0.314035 0.0919635 0.000252585 0.00227063 0.0130453 0.0234671 0.0187891 0.000985501 0.277925 0.106014 0.0162923 5.90514e-05 0.0324877 0.00287523 0.0118751 0.00956175 
0.125295 9.94296e-05 9.09188e-06 0.000360572 4.37009e-05 1.03125e-06 0.000620084 0.353907 0.00176497 2.37654e-10 0.000540438 0.0304928 0.0853877 0.000973796 0.000211495 0.114187 0.104806 0.000291077 2.61523e-06 0.000138562 0.000986425 5.02156e-06 0.179877 
0.106097 0.000250727 0.000249282 0.00297002 4.62195e-05 4.38315e-05 0.00358112 0.330898 0.114645 6.88523e-07 0.00419637 0.0314185 0.0341005 0.00876154 3.13124e-05 0.19667 0.0759038 0.00780113 6.85388e-07 0.00904136 0.0116494 0.000275641 0.0613675 
0.137108 0.00343866 0.00822626 0.0118335 0.000104967 2.27047e-05 0.00375606 0.357418 0.0154323 1.11838e-06 0.00342771 0.01435 0.0692299 0.0965691 0.000611216 0.122387 0.0850702 0.0129405 0.00195849 0.0073872 0.0112102 0.000193064 0.0373247 
1.24677e-06 0.00174553 1.24545e-06 1.24675e-06 0.00174649 1.24501e-06 0.0042391 0.962449 0.00586083 1.24502e-06 0.000624594 1.24659e-06 0.00236984 1.24663e-06 1.24592e-06 0.0107243 1.24684e-06 0.0042395 1.24508e-06 1.24675e-06 0.00598467 1.24456e-06 1.24667e-06 
0.154695 0.0101102 0.000904123 0.0406753 0.00019132 1.36678e-05 0.0085377 0.390683 0.0286652 2.57655e-08 0.00472671 0.115264 0.0124298 0.0102133 0.00117851 0.0319939 0.128497 0.00344394 5.14818e-06 0.017899 0.00156801 0.000143914 0.038162 
0.00314786 7.30127e-05 0.000388643 0.00585794 0.00229668 1.02468e-07 0.000758284 0.525889 0.00273859 1.02998e-05 0.0046607 0.00316257 0.0425528 0.0781151 0.000930989 0.0990833 0.206799 0.0154144 0.000927167 0.00296785 0.000602671 0.000362641 0.00326037 
0.00190054 3.91827e-05 0.00492965 0.0229449 0.00414617 2.17054e-08 0.000480269 0.368759 0.00853288 7.12667e-06 0.00425546 0.0190939 0.057776 0.0264756 0.000660193 0.0412832 0.353884 0.00937257 0.0211085 0.00639984 0.0301104 0.000119658 0.0177202 
0.00339706 0.00150166 0.0464862 0.0064056 5.31544e-05 0.000268248 0.0806013 0.371186 0.162794 1.51032e-05 0.000314795 0.0396862 0.0260299 0.0370396 0.00045217 0.0452608 0.118237 0.00570833 0.000148291 0.0019127 0.0327234 7.52316e-05 0.019703 
2.90132e-06 0.00167031 6.59187e-10 2.01998e-06 2.21637e-07 8.51969e-10 0.0371063 0.826329 0.0757503 8.46152e-10 0.00024339 1.08067e-06 2.7893e-07 1.47203e-10 4.56553e-10 0.0159579 3.2138e-06 0.00280471 8.21847e-10 4.2058e-06 0.0401226 1.0491e-09 1.24668e-06 
0.130344 0.0248318 0.000851157 0.00463916 0.0160944 0.000456858 0.000752238 0.273389 0.108358 3.48667e-08 0.00179126 0.119272 0.00915583 0.0751727 3.83547e-05 0.0583023 0.156711 0.000648037 0.00107333 0.00749178 6.25919e-05 5.14101e-05 0.0105132 
0.014348 8.08268e-05 0.000572789 0.00805723 0.000269622 5.56922e-05 0.0114007 0.295034 0.216366 0.00110605 0.00488982 0.00251819 0.0184648 0.00496387 0.000231046 0.146108 0.193657 0.00296543 0.000312753 0.00241487 0.0640556 0.000139314 0.0119892 
0.0712269 4.46208e-05 7.27473e-05 4.53683e-08 2.57204e-05 2.61645e-06 0.000760007 0.782355 0.026675 5.81723e-09 3.02283e-09 0.00270632 0.00237098 0.000289961 2.61115e-08 0.0290791 0.0796265 0.000103583 3.92627e-05 0.00145537 0.000354898 4.88654e-09 0.00281165 
0.051382 0.000277212 0.000294582 0.00380013 6.57236e-05 5.35073e-05 0.00616377 0.340498 0.02408 4.99081e-08 0.00069268 0.0379743 0.0471094 0.0138843 8.14832e-05 0.192474 0.265909 0.00323509 1.27847e-05 0.00628052 0.000208054 0.000101376 0.00542168 
0.0398689 0.000140671 0.000158927 0.0562776 0.000959307 5.01263e-06 0.00729778 0.457614 0.0687424 8.63101e-07 0.00100814 0.00180668 0.0317271 0.00980669 0.000205871 0.278424 0.0325359 0.000601442 0.000782227 0.000353215 0.00880754 4.86802e-05 0.00282721 
0.0660855 0.00011497 8.30659e-06 0.00217025 1.45844e-05 1.28857e-05 0.00102422 0.356554 0.00875052 4.78131e-08 0.000434371 0.00440808 0.0278235 0.00385683 0.000197567 0.237812 0.267751 0.000774576 8.93412e-06 0.000130036 0.000332469 1.93537e-05 0.0217168 
0.0680742 0.00266281 0.000146424 0.146548 0.000198289 2.12395e-05 0.0131927 0.382504 0.00416929 1.30528e-08 0.00300576 0.000966604 0.0115377 0.0240466 0.00017198 0.283282 0.0152851 0.0210557 6.92624e-08 0.0100533 0.00391038 0.000197532 0.0089707 
0.069102 4.35377e-05 1.15406e-05 0.0056504 2.04522e-06 1.4456e-06 0.00147893 0.310129 0.00229991 3.20624e-05 0.00142059 0.00915959 0.000359037 0.00694355 6.98806e-06 0.216917 0.0539703 0.00401645 4.79547e-05 0.131637 0.00415005 0.000535816 0.182086 
0.0326447 0.000770364 0.000690683 0.0271007 8.17171e-05 2.89617e-06 0.00429136 0.317721 0.0136139 3.70144e-08 0.0240936 0.077185 0.00643206 0.00172229 0.00305667 0.0492029 0.116937 0.004957 3.17271e-07 0.00431539 0.235818 0.000130927 0.0792315 
0.00219068 0.000149768 0.000652064 0.00377723 0.00227002 1.97526e-05 0.000707488 0.701699 0.00224273 0.00198339 0.00364177 0.00218929 0.0264091 0.0477211 0.00140503 0.0611853 0.125751 0.00963038 0.0011795 0.00198561 0.000469634 0.000385191 0.00235494 
0.00978213 0.00226257 0.000428461 0.00168279 0.0010962 3.44142e-06 0.000878582 0.676469 0.0110055 5.59776e-11 0.000129338 0.0890813 0.0158738 0.0130006 0.129694 0.00480444 0.02697 0.000748292 2.93404e-07 0.0134377 2.36503e-08 0.000143764 0.00250756 
0.00624397 0.0028001 0.000248754 0.0427004 1.20741e-05 1.3893e-08 0.0109638 0.837155 0.00523422 2.07467e-12 0.000506682 0.00325649 0.00281551 0.00298647 0.000204492 0.0228724 0.0259832 0.010573 0.00016202 0.0212859 0.00255416 0.000417708 0.00102386 
0.000468465 0.0117099 0.00232993 0.0100686 0.027533 1.2664e-12 0.00123714 0.879906 0.000128006 1.25775e-12 0.00010433 0.000637737 0.0137321 0.0127799 3.12836e-05 0.000411032 0.0276823 0.00166246 0.00433447 0.00443847 7.66278e-05 0.000266915 0.000461475 
0.000334728 0.00842325 3.1737e-06 0.02246 1.96893e-06 2.61151e-08 0.000173757 0.820449 0.000214092 1.56723e-05 7.78516e-06 0.00112298 0.000759963 0.000175661 0.000121158 0.0317273 0.103119 0.00282262 0.000128612 0.00470588 0.00199132 0.000953587 0.000287875 
0.0475388 0.0011779 0.000971709 0.0132515 0.103935 0.0083989 0.000669596 0.488013 0.0259831 0.000321542 0.000574283 0.00152023 0.0814042 0.0899427 0.00379841 0.0414757 0.0325935 0.0245711 0.00226701 0.00185129 0.0275215 2.11984e-05 0.0021979 
0.000334728 0.00842325 3.1737e-06 0.02246 1.96893e-06 2.61151e-08 0.000173757 0.820449 0.000214092 1.56723e-05 7.78516e-06 0.00112298 0.000759963 0.000175661 0.000121158 0.0317273 0.103119 0.00282262 0.000128612 0.00470588 0.00199132 0.000953587 0.000287875 
0.064699 0.00146987 0.00220447 0.0235739 2.48893e-05 2.11257e-06 0.00292646 0.341528 0.0389083 1.20593e-05 0.016564 0.135147 0.0271175 0.041286 0.00044942 0.118448 0.0572625 0.0167385 1.2373e-05 0.0559611 0.025735 0.000260861 0.0296688 
0.107224 3.68849e-07 0.00143834 3.69094e-07 0.000701565 3.6858e-07 3.68999e-07 0.414311 0.0290474 0.00114298 3.69078e-07 0.0834792 0.00697557 0.0115519 3.68849e-07 0.138239 0.124246 0.000295596 0.00059013 0.00845263 0.00203006 3.68447e-07 0.0702718 
0.000397972 0.00531081 0.0244351 3.0947e-07 0.00104761 2.8195e-06 0.0129459 0.847156 0.0640899 2.80025e-06 3.92031e-07 0.0168656 4.85579e-07 0.00954861 1.51091e-06 0.00761875 1.88574e-07 6.06345e-07 2.71981e-06 0.00882049 0.00174796 3.47188e-06 4.16701e-07 
0.0355747 0.000564623 0.0274355 0.0117322 0.000198433 2.26118e-05 0.0113713 0.4007 0.046374 0.000301598 0.00406549 0.0171035 0.0081401 0.168188 6.45292e-05 0.0826672 0.126867 0.0101956 0.00186614 0.0210316 0.00283183 6.46982e-05 0.0226402 
0.038921 4.94293e-05 8.83493e-05 1.49787e-06 0.000286999 2.9581e-05 0.000988426 0.479033 0.0139907 1.03574e-11 0.0102468 0.0005636 0.00222239 0.0152135 2.71498e-05 0.399396 0.0288583 0.00225251 1.00598e-11 0.000481011 0.000103053 0.000437344 0.00680912 
0.134926 0.000397244 6.9745e-06 0.0142891 0.000545272 0.0107252 0.00606799 0.355272 0.167039 2.13508e-05 0.0220783 0.0448524 0.0126107 0.00413587 0.0019136 0.0483788 0.145583 0.00593525 5.46333e-06 0.0185388 0.00141847 3.03781e-05 0.00522897 
0.0224594 2.78754e-05 0.00248594 0.0987662 0.0938554 5.66244e-11 0.00870609 0.178784 0.00745019 9.7451e-07 0.056486 0.00776698 0.0990835 0.0606498 0.0280368 0.120576 0.119477 0.0410041 0.00215048 0.0326963 0.0164475 1.76691e-05 0.00307164 
0.186279 0.0184373 0.0120645 0.00788251 0.000112908 0.000199168 0.0246042 0.361932 0.226774 4.7196e-09 6.69515e-05 0.0170589 0.00475622 0.00102558 0.00062897 0.0563083 0.0589763 0.00133396 4.2276e-06 0.00213285 0.00437023 0.000162181 0.0148893 
0.130458 0.00122055 0.00108545 0.0187177 0.000893349 7.86157e-06 0.00462188 0.24003 0.0191075 0.000955977 0.00665438 0.0858584 0.0785956 0.0385591 0.0016138 0.206071 0.118521 0.00170608 0.00127751 0.00608364 0.00435484 0.000812852 0.0327928 
0.00865765 3.242e-05 7.78069e-05 0.000916983 3.57064e-05 0.000136279 0.00145008 0.701513 0.106161 1.15308e-09 0.000363728 0.00306435 0.0340508 0.0111943 0.000252777 0.0653607 0.0631114 0.000337309 2.74891e-08 0.00177042 0.000112951 1.14553e-06 0.00139913 
0.146597 0.00108077 3.52132e-06 0.106879 4.2142e-05 0.000140311 0.0511724 0.153603 0.00437478 1.19404e-10 0.00239921 0.00531619 0.10319 0.00236663 0.0108714 0.0833692 0.0910976 0.0126415 0.00110128 0.0416354 0.070325 8.92595e-06 0.111784 
0.0431053 0.00187354 0.0708016 0.0151364 0.00547551 9.20857e-06 0.0526554 0.243775 0.0899726 1.76806e-06 0.0182048 0.0288874 0.0307476 0.0263574 0.000561073 0.117954 0.18829 0.0299071 4.9241e-05 0.0234737 0.000197547 0.000595864 0.0119678 
0.164972 0.0014837 0.000224069 0.00898658 5.95645e-05 7.65362e-06 0.00751713 0.622691 0.00423352 4.39113e-09 7.18421e-05 0.00605039 0.00145746 0.0204658 0.000214329 0.0170003 0.11839 0.00850171 0.00013552 0.00630306 0.00104946 0.000160544 0.0100243 
9.68398e-08 0.00609468 0.00112347 0.0112331 0.00101274 1.25943e-12 0.00138928 0.924045 7.99869e-05 1.25084e-12 5.36809e-08 0.000644988 0.00671398 0.00987233 3.55855e-05 6.38696e-08 0.0287759 0.00129401 0.00239866 0.00446457 7.29302e-05 0.00028626 0.000462032 
0.0312869 0.000117627 0.000917577 0.00308903 0.000103496 2.32472e-05 0.00413461 0.388757 0.0187597 0.0222397 5.01591e-05 0.00291629 0.196355 0.0063113 0.000438164 0.17507 0.129337 0.000974479 6.93106e-09 0.00470589 0.00450505 0.000281121 0.0096274 
0.0540505 0.000775823 0.000733199 0.0175688 1.72046e-05 4.51537e-06 0.00044514 0.408141 0.372255 1.09768e-08 0.000358481 0.00109313 0.000467842 0.00132153 0.000116185 0.106137 0.0215045 0.00252118 1.32251e-06 0.00764165 0.00306855 0.00170618 7.15103e-05 
0.00120917 0.000609783 5.05231e-05 0.0189597 1.98932e-06 1.30549e-11 0.0323245 0.885649 0.0109006 1.29657e-11 4.10066e-08 0.000124324 0.000469334 0.00057742 0.000117692 0.00366029 0.00755976 0.0113118 0.000431306 0.0161398 0.0083725 5.11468e-05 0.00147963 
0.0126455 4.33281e-07 8.67548e-06 7.87823e-07 1.45437e-07 4.18709e-06 0.0940686 0.421062 0.00906334 1.44719e-05 2.69903e-06 0.336469 0.00421302 4.60412e-06 1.7287e-08 0.0203112 0.0363083 0.00602575 9.49128e-06 0.00102613 0.0121817 5.42894e-07 0.0465798 
0.000414058 0.0109865 0.00218324 0.0100354 0.0244575 1.27001e-12 0.00125189 0.885202 0.000122831 1.26134e-12 9.22165e-05 0.000641836 0.0129404 0.0124727 3.18739e-05 0.000363293 0.0279023 0.00162074 0.00409286 0.00438184 7.65665e-05 0.000266257 0.00046364 
0.00459027 0.0030373 7.27918e-07 0.114073 0.000189632 2.27815e-05 1.6776e-06 0.490777 0.0220861 5.31423e-09 0.0139359 1.01285e-09 0.0367413 0.158313 9.18261e-07 2.18746e-05 0.15295 1.31315e-06 0.000971966 0.00228455 1.14348e-09 6.58884e-09 7.90804e-10 
0.221605 0.0054697 0.000240264 0.0284868 9.90818e-05 2.39516e-07 0.0261869 0.379444 0.0157972 1.61996e-06 0.00725108 0.0111324 0.0385273 0.0125345 0.00109886 0.0849273 0.114543 0.00197762 4.13012e-06 0.00519922 0.00172111 0.000452339 0.0433 
0.190932 6.58973e-05 0.000270562 0.0258241 0.000528995 2.70629e-06 0.0711025 0.201191 0.0392638 3.53808e-05 0.00196157 0.0258664 0.0687933 0.0507901 0.00115472 0.0458372 0.143076 0.00978917 0.00021555 0.0364667 0.0120576 0.0066114 0.0681638 
0.076028 0.0105053 6.67332e-05 0.0160964 0.000171957 0.22127 0.0105266 0.508322 0.025249 1.14241e-06 0.00108693 0.00951124 0.0159758 0.0235811 0.000933762 0.0250763 0.0190411 0.00394823 1.85158e-05 0.0196391 0.00177821 0.000178646 0.0109937 
0.00385706 0.0103401 0.000845561 0.0507653 0.000411422 1.04235e-06 0.0362943 0.469118 0.039051 3.14507e-09 0.0127274 0.00477904 0.00368211 0.0987037 0.000837391 0.0117176 0.216079 0.00478702 0.000642338 0.0268923 0.00397923 0.000151877 0.00433716 
0.163895 0.00068413 1.79874e-06 0.0200492 2.43015e-05 2.96065e-05 0.00579026 0.26985 0.0741549 4.66727e-06 0.0115742 0.00336631 0.0513963 0.00432691 0.000188808 0.177407 0.123643 0.00652182 9.16622e-08 0.0252565 0.00144853 0.0450353 0.0153508 
0.00978213 0.00226257 0.000428461 0.00168279 0.0010962 3.44142e-06 0.000878582 0.676469 0.0110055 5.59776e-11 0.000129338 0.0890813 0.0158738 0.0130006 0.129694 0.00480444 0.02697 0.000748292 2.93404e-07 0.0134377 2.36503e-08 0.000143764 0.00250756 
0.135288 1.38318e-05 2.88347e-05 3.33619e-07 3.05176e-05 2.98007e-06 0.000555573 0.703454 0.0113978 1.93383e-10 2.3948e-05 0.000503652 0.0205821 0.0252652 4.23464e-05 0.0870758 0.0139745 0.000380065 3.9076e-07 0.000132502 0.000828314 1.90445e-06 0.000417438 
0.0214942 4.5973e-05 4.29211e-06 0.000453118 1.27721e-05 1.4017e-06 0.00054693 0.458882 0.00859072 2.76789e-08 3.67189e-05 0.00843999 0.0299191 0.00517426 0.000253488 0.152668 0.281085 0.000535871 1.63421e-06 2.94092e-05 0.000799356 3.59246e-05 0.0309892 
0.065183 7.51396e-05 2.35942e-06 0.00125467 5.10626e-06 1.05994e-05 0.000637791 0.737269 0.0251486 1.52456e-08 0.00138985 0.00791432 0.0491276 0.00385938 0.0022067 0.028582 0.00723545 0.00219854 1.05461e-05 0.00102737 0.0602894 6.93293e-06 0.00656518 
0.0399736 0.000273561 0.000976916 0.0103023 0.000260841 2.04291e-06 0.00270327 0.728604 0.111758 3.85625e-08 0.000955999 0.00566808 0.00347009 0.000325217 0.00310361 0.0190762 0.0200417 0.00182862 7.66011e-09 0.00128809 0.00351239 0.00018796 0.0456877 
0.0696037 0.000181282 0.0101573 5.06356e-05 6.02217e-05 0.000352804 0.0687951 0.365823 0.103871 3.97274e-07 0.000326224 0.0760261 0.0070212 0.172057 0.000125979 0.0489734 0.0612498 0.013574 1.88239e-07 0.000414008 1.75131e-07 5.93707e-10 0.00133705 
0.0328176 0.000362174 0.00735422 0.0169346 0.000490679 0.000210976 0.0184607 0.243251 0.127994 1.75278e-05 0.00402479 0.229964 0.00875705 0.00132987 8.46841e-06 0.035102 0.00292452 0.00349852 1.77646e-05 0.0838835 0.0955752 0.000972724 0.0860479 
0.116944 0.00392802 0.000340332 0.0172226 4.27879e-06 0.000189725 0.00180013 0.511103 0.0210109 1.80208e-05 5.5284e-05 0.0493734 0.0049985 0.0218491 2.16735e-05 0.0292497 0.156587 0.00063246 0.000476395 0.0569024 0.00023544 4.98088e-06 0.00705334 
0.0907362 5.3562e-05 5.25298e-09 0.000784637 0.0209484 3.07285e-05 0.00677736 0.197898 0.0276878 0.00114423 0.00253146 0.0294331 0.00257317 0.0700523 1.58394e-05 0.197551 0.195659 0.0234379 0.000145476 0.0180531 0.0415431 3.47135e-06 0.0729406 
0.0291235 3.03477e-06 0.000273945 0.00520939 1.54626e-05 1.71769e-07 0.000536555 0.790728 0.00206413 2.56419e-08 1.577e-06 0.0101653 0.000120402 4.67684e-06 0.000383434 0.0273832 0.10629 0.0161785 2.43433e-05 0.00083324 1.88295e-06 0.00157232 0.00908712 
0.144132 0.00738968 0.00740792 0.00877429 0.00417818 2.61652e-05 0.00319883 0.407052 0.0510879 0.00021744 0.00212022 0.00921662 0.167512 0.0241878 0.000134946 0.0629002 0.0566422 0.00468618 0.00431836 0.00365939 0.0152772 0.000148243 0.0157327 
0.0131368 8.7396e-07 3.98831e-05 0.00112595 2.01473e-05 1.50486e-06 0.00153822 0.904909 0.00697033 4.33029e-09 0.00478297 0.0156942 0.00148844 0.00112827 2.26731e-06 0.0348452 0.00452376 0.000558321 9.22892e-08 0.00467145 0.00134613 5.50241e-05 0.00316074 
0.0056996 0.0585234 0.00070388 0.1124 0.000720565 2.85843e-09 0.00697908 0.726857 0.000938142 2.50519e-12 0.00291753 0.000408853 0.00642124 0.0071667 3.9865e-05 0.00702854 0.036706 0.0105052 0.00106628 0.0128213 4.33496e-05 0.000713449 0.00133917 
0.041336 4.28587e-07 0.000973525 1.28925e-05 3.07424e-05 2.92345e-06 0.000473938 0.53537 0.137511 1.89242e-10 0.000940441 0.00104501 0.144428 0.00233109 0.000277715 0.0660942 0.0212518 0.00378258 6.07026e-08 0.000508713 0.0366795 5.55023e-05 0.00689476 
0.0313936 0.000367345 0.00733919 0.0145653 0.000446666 0.0893628 0.0092991 0.468531 0.178051 6.05174e-07 4.15916e-05 0.000327494 0.0108773 0.0324065 8.93103e-05 0.0810292 0.000145155 0.044388 7.15159e-05 0.0273751 0.00320195 8.99341e-05 0.000600499 
0.100006 7.26592e-05 0.000109626 0.0448193 0.000499261 4.87452e-05 0.0125462 0.384442 0.0167094 2.34747e-05 0.0198773 0.126163 0.0289956 0.0475537 0.00268537 0.00950531 0.0532139 0.0109547 0.00120225 0.035815 0.00584343 0.000442198 0.0984719 
0.0921048 0.000286398 0.00014225 0.0270127 8.79326e-06 1.10179e-05 0.132832 0.266782 0.00636323 3.55133e-06 0.000581158 0.0266078 0.00617828 0.00926785 0.00176777 0.109084 0.0777951 0.0211275 0.00138536 0.0822527 0.0613086 0.000823601 0.0762734 
0.0665131 0.0409563 0.0001648 0.194 9.58265e-05 0.0497423 0.0297412 0.326029 0.0761606 1.23618e-05 0.0205247 0.00307253 0.015144 0.0191164 0.00962216 0.0627227 0.0170847 0.00879482 1.67179e-05 0.0433914 0.00629241 0.000427432 0.0103743 
0.276694 2.14542e-05 0.000121877 9.80083e-10 2.97583e-05 7.36447e-09 0.00155346 0.618645 0.0309899 9.1416e-13 5.64506e-05 0.00265357 0.00175416 7.2145e-05 8.92827e-09 0.0447453 0.0218276 8.62335e-05 3.73007e-09 4.79911e-09 0.000738817 9.79946e-06 5.06186e-08 
9.68398e-08 0.00609468 0.00112347 0.0112331 0.00101274 1.25943e-12 0.00138928 0.924045 7.99869e-05 1.25084e-12 5.36809e-08 0.000644988 0.00671398 0.00987233 3.55855e-05 6.38696e-08 0.0287759 0.00129401 0.00239866 0.00446457 7.29302e-05 0.00028626 0.000462032 
0.00978213 0.00226257 0.000428461 0.00168279 0.0010962 3.44142e-06 0.000878582 0.676469 0.0110055 5.59776e-11 0.000129338 0.0890813 0.0158738 0.0130006 0.129694 0.00480444 0.02697 0.000748292 2.93404e-07 0.0134377 2.36503e-08 0.000143764 0.00250756 
9.68398e-08 0.00609468 0.00112347 0.0112331 0.00101274 1.25943e-12 0.00138928 0.924045 7.99869e-05 1.25084e-12 5.36809e-08 0.000644988 0.00671398 0.00987233 3.55855e-05 6.38696e-08 0.0287759 0.00129401 0.00239866 0.00446457 7.29302e-05 0.00028626 0.000462032 
0.00978213 0.00226257 0.000428461 0.00168279 0.0010962 3.44142e-06 0.000878582 0.676469 0.0110055 5.59776e-11 0.000129338 0.0890813 0.0158738 0.0130006 0.129694 0.00480444 0.02697 0.000748292 2.93404e-07 0.0134377 2.36503e-08 0.000143764 0.00250756 
0.189934 0.00141707 0.000259964 0.0265805 0.000161497 1.60782e-05 0.00379268 0.25883 0.0243652 3.29547e-08 0.0485923 0.0278955 0.00364986 0.00649419 0.000399977 0.167414 0.220813 0.000500985 9.45194e-05 0.0157971 3.311e-05 0.000273686 0.00268522 
0.156673 0.000293172 0.000914332 0.0175332 0.000207086 0.00492598 0.00172847 0.318448 0.0307844 3.05949e-07 0.0204306 0.0996937 0.0344946 0.0062612 0.0101226 0.0747863 0.168944 0.00690023 3.06277e-05 0.0183433 0.00410262 0.0005662 0.0238167 
0.026454 0.233842 0.000104167 0.129007 2.94786e-05 1.1378e-06 0.00811855 0.28138 0.0178934 1.92718e-11 0.00789028 0.00296204 0.00816874 0.00496723 0.00402264 0.0146802 0.187376 0.00861802 3.48803e-05 0.0413139 0.00122493 6.0616e-08 0.0219112 
0.0525188 0.000282929 0.0351782 0.0109327 2.57552e-05 8.02052e-05 0.00487423 0.209943 0.185619 1.87264e-05 0.00130124 0.0128939 0.000764625 0.206136 9.22479e-05 0.064115 0.0169345 0.156465 4.3414e-05 0.0118166 0.02053 0.000137342 0.009298 
0.00755326 0.000583525 0.0567385 0.0094697 0.000186203 0.000477498 0.0127205 0.346285 0.191948 0.00302124 0.000953966 0.00108347 0.00238353 0.0279541 0.000417928 0.184904 0.0685553 0.0375408 0.0012822 0.0276491 0.00443329 0.00256358 0.0112948 
0.0310782 0.000750141 1.57841e-05 0.0128465 0.000860852 0.0660513 0.00177598 0.537756 0.0227993 5.43357e-05 0.00515644 0.0212511 0.00648967 0.00845968 0.0778253 0.0307939 0.133544 0.00958401 0.00174404 0.0153795 0.00573727 0.000122028 0.00992501 
0.329772 3.35784e-06 4.65385e-08 0.0070157 7.0548e-05 6.54948e-07 0.00918033 0.359948 0.00136694 3.4605e-09 0.0341243 0.0530296 0.0174877 0.0120262 1.11997e-05 0.0326991 0.020206 0.00121074 5.68644e-05 0.106703 0.000617576 0.000410751 0.014059 
0.076028 0.0105053 6.67332e-05 0.0160964 0.000171957 0.22127 0.0105266 0.508322 0.025249 1.14241e-06 0.00108693 0.00951124 0.0159758 0.0235811 0.000933762 0.0250763 0.0190411 0.00394823 1.85158e-05 0.0196391 0.00177821 0.000178646 0.0109937 
0.0660855 0.00011497 8.30659e-06 0.00217025 1.45844e-05 1.28857e-05 0.00102422 0.356554 0.00875052 4.78131e-08 0.000434371 0.00440808 0.0278235 0.00385683 0.000197567 0.237812 0.267751 0.000774576 8.93412e-06 0.000130036 0.000332469 1.93537e-05 0.0217168 
0.288154 4.34521e-05 2.96547e-05 0.00110069 1.36194e-05 2.45062e-05 0.000685832 0.325659 0.00713977 8.6217e-06 0.000841194 0.00387504 0.0474076 0.0298806 0.000368081 0.147116 0.135645 0.00193465 4.46904e-06 0.000607852 0.000701486 4.31243e-05 0.00871603 
0.00314786 7.30127e-05 0.000388643 0.00585794 0.00229668 1.02468e-07 0.000758284 0.525889 0.00273859 1.02998e-05 0.0046607 0.00316257 0.0425528 0.0781151 0.000930989 0.0990833 0.206799 0.0154144 0.000927167 0.00296785 0.000602671 0.000362641 0.00326037 
0.174684 0.000100499 1.49166e-05 0.00294908 3.69532e-05 6.77407e-05 0.00268531 0.307372 0.0930525 3.19136e-09 0.000698518 0.000674859 0.0126729 0.00346742 0.00568882 0.136859 0.25782 0.000510775 5.50589e-06 0.000378445 0.000121195 3.77628e-06 0.000135131 
0.00767546 3.49128e-05 0.000657292 0.00266867 0.153457 0.0882123 0.000709494 0.356676 0.204104 1.26643e-07 0.000604833 0.00417583 0.0321748 0.00220847 5.92124e-05 0.0524612 0.0844755 0.00162623 3.42407e-06 0.00178538 0.000377451 1.73759e-05 0.00583555 
0.032337 5.06448e-08 1.07273e-06 0.00021265 6.53006e-08 6.12878e-11 0.00799579 0.296912 0.000476245 1.59249e-09 1.27377e-07 0.166341 0.000947547 0.000244927 4.92768e-05 0.0876306 0.129918 1.38973e-07 5.7254e-09 0.000860092 0.00333796 2.16559e-07 0.272735 
0.187089 0.00140061 0.00273266 0.00464041 0.00855715 8.51611e-06 0.0143397 0.258321 0.0141374 1.53452e-06 0.0147175 0.0169517 0.0883656 0.0846287 6.21324e-05 0.158187 0.0453028 0.0120324 0.00277971 0.0207352 0.0332128 0.000863083 0.0309335 
1.99347e-06 0.11811 0.000176529 0.225765 1.78111e-05 6.64937e-09 0.0143652 0.537661 0.0012286 4.1505e-12 2.53994e-06 0.000222614 0.00293404 0.00408481 5.23741e-05 1.84787e-06 0.0464421 0.0221128 3.87315e-05 0.0233464 1.03e-08 0.00127488 0.00216011 
0.0081603 0.000375903 0.00104425 0.161883 0.00695435 2.0461e-05 0.0160279 0.540269 0.0507295 1.48841e-08 0.00822533 0.00289179 0.0211581 0.0269263 0.00059851 0.0316616 0.0855293 0.00723622 0.002372 0.0206295 0.000300182 0.000438044 0.00656799 
0.0638092 3.7309e-06 3.00099e-09 0.000230678 1.53813e-05 2.11997e-05 0.00164953 0.602222 0.00487429 3.05414e-12 1.88525e-05 0.00129887 0.146812 0.000368461 4.05355e-05 0.107732 0.0673793 0.000118615 2.68043e-09 0.000150675 7.31419e-06 7.31948e-06 0.00323952 
0.00827473 0.000368284 0.00144958 0.00169931 3.33784e-05 3.30254e-07 0.00406581 0.47875 0.431122 9.29885e-07 0.000156786 0.0225996 0.0122263 0.000699422 0.00446798 0.0105287 0.00947299 0.00147401 3.84209e-07 0.00260762 0.000232209 0.00015511 0.00961551 
0.0371719 2.95102e-05 0.00234435 0.000147974 0.000159508 0.0580924 0.00330606 0.627802 0.0603188 4.65058e-07 0.000579811 0.0322943 0.0019702 0.0101073 2.41158e-06 0.0754753 0.0687536 0.0015605 1.58218e-06 0.00729672 0.000260821 1.24735e-06 0.0123238 
0.0401837 0.00051442 0.00059163 0.119856 0.000169506 0.000111357 0.0214028 0.189608 0.00606872 4.42048e-05 0.0112912 0.0183972 0.122975 0.0244257 0.000739462 0.139089 0.0787025 0.00639125 0.0364481 0.0829903 0.0134436 0.000152493 0.0864043 
0.076028 0.0105053 6.67332e-05 0.0160964 0.000171957 0.22127 0.0105266 0.508322 0.025249 1.14241e-06 0.00108693 0.00951124 0.0159758 0.0235811 0.000933762 0.0250763 0.0190411 0.00394823 1.85158e-05 0.0196391 0.00177821 0.000178646 0.0109937 
0.0660855 0.00011497 8.30659e-06 0.00217025 1.45844e-05 1.28857e-05 0.00102422 0.356554 0.00875052 4.78131e-08 0.000434371 0.00440808 0.0278235 0.00385683 0.000197567 0.237812 0.267751 0.000774576 8.93412e-06 0.000130036 0.000332469 1.93537e-05 0.0217168 
0.11915 0.265582 0.0162825 0.00713317 4.58823e-05 0.000382292 0.00325161 0.289449 0.0402231 0.0171932 0.0243098 0.0187924 0.00399209 0.0187569 0.000273332 0.0444509 0.0710395 0.00682349 3.23642e-07 0.04491 0.00149591 0.00199752 0.00446589 
0.116665 0.00018368 0.000124525 0.0047042 3.2271e-05 2.20966e-05 0.00263364 0.452697 0.0684513 5.56644e-07 0.00318294 0.0189986 0.00861554 9.25251e-05 0.000257008 0.195016 0.0920328 0.0107541 6.27643e-07 0.000832596 0.0011516 4.14622e-05 0.0235095 
0.156127 0.000118706 0.000103239 0.000311644 0.000144393 0.000162848 0.00268484 0.293792 0.208976 6.60624e-13 0.00101913 0.00258102 0.00474404 0.00057183 0.000797817 0.163002 0.156315 0.00106055 2.31552e-09 0.000158914 0.00149054 1.39703e-05 0.00582375 
0.170363 0.00809453 0.00018679 0.0110682 0.000261699 2.98258e-05 0.0342798 0.33265 0.29778 3.59903e-11 0.00416852 0.0124379 0.0115787 0.0004892 4.42246e-05 0.082416 0.023623 0.00311529 1.36053e-06 0.00394792 0.000234489 0.000157717 0.0030721 
0.00765515 0.000575231 0.000888588 0.0408907 0.000102704 0.0119921 0.00359982 0.642765 0.113812 7.78603e-07 2.7768e-05 0.0380318 0.00946836 0.0339764 0.000136297 0.0173416 0.0178981 0.00443038 1.29778e-05 0.0434305 8.51434e-05 7.16849e-06 0.0128708 
0.0304777 0.000676306 0.00132717 0.000366675 0.00342908 4.44993e-06 0.00852101 0.451844 0.302445 6.51916e-07 8.09508e-05 0.000171312 0.00959138 0.0136193 0.001087 0.110457 0.0654933 5.14683e-05 8.61831e-05 0.000135889 4.38026e-05 1.1153e-05 8.01251e-05 
0.115271 0.0013658 0.000944956 0.0187879 0.000396031 1.15812e-05 0.0379662 0.216644 0.155794 2.83299e-05 0.000689825 0.00664754 0.121685 0.0345314 0.0018781 0.185516 0.0434632 0.00269946 4.72185e-05 0.00252492 0.00825047 0.00187315 0.0429836 
0.120059 0.000209232 8.16015e-05 0.0143751 4.26657e-05 7.77597e-06 0.00520576 0.418163 0.0271485 2.60792e-07 0.00892587 0.0310067 0.00808748 0.00185864 0.00115828 0.0448822 0.232941 0.00529594 6.27072e-05 0.0598646 0.00236024 8.1775e-06 0.0182554 
1.10387e-05 1.04847e-06 7.80648e-07 1.25317e-06 7.3078e-07 2.83481e-07 2.468e-06 0.894274 0.087091 1.13498e-08 2.84718e-07 2.65503e-06 0.0165807 0.00199821 2.70979e-06 1.31464e-05 1.19948e-05 8.19765e-07 1.10238e-08 5.33517e-07 1.08945e-06 4.30282e-07 4.49027e-06 
0.00881599 1.20946e-05 0.00578304 0.0139451 0.000304729 3.90885e-08 0.00589673 0.437547 0.191732 1.1995e-07 6.75203e-06 0.000796998 0.000549005 0.000378643 7.8127e-06 0.0286189 0.0106877 0.205635 3.77065e-08 0.00837491 0.00134204 1.15151e-05 0.0795544 
1.99347e-06 0.11811 0.000176529 0.225765 1.78111e-05 6.64937e-09 0.0143652 0.537661 0.0012286 4.1505e-12 2.53994e-06 0.000222614 0.00293404 0.00408481 5.23741e-05 1.84787e-06 0.0464421 0.0221128 3.87315e-05 0.0233464 1.03e-08 0.00127488 0.00216011 
0.0237677 0.0016415 0.000721161 0.0146028 3.65707e-06 5.01045e-05 9.5443e-05 0.822107 0.017991 0.000954312 5.96084e-05 0.000450415 0.00509664 0.00152343 0.000503862 0.00154961 0.0885874 0.000739302 0.000173005 0.00399904 0.000819136 6.73149e-05 0.0144966 
0.00314786 7.30127e-05 0.000388643 0.00585794 0.00229668 1.02468e-07 0.000758284 0.525889 0.00273859 1.02998e-05 0.0046607 0.00316257 0.0425528 0.0781151 0.000930989 0.0990833 0.206799 0.0154144 0.000927167 0.00296785 0.000602671 0.000362641 0.00326037 
0.0800304 0.000402314 0.00179633 0.0773016 0.000438077 1.90312e-06 0.000770193 0.303615 0.0114164 5.17686e-06 0.00784758 0.0193664 0.0489695 0.000995339 0.00340605 0.173354 0.221839 0.00449678 5.35944e-12 0.0119241 7.69137e-05 7.77195e-05 0.0318687 
0.0686319 0.00121601 0.000358794 0.00179461 0.00171466 0.000106904 0.000679833 0.276964 0.012068 5.72489e-10 0.00535668 0.162841 0.127159 0.03886 0.000657744 0.0975541 0.130556 0.00977385 0.000491569 0.00334404 0.00561287 4.35466e-05 0.0542142 
0.0635486 2.73532e-07 1.60483e-07 3.01937e-07 2.71452e-05 2.2175e-07 0.0636613 0.462656 4.69986e-07 2.39306e-10 7.79373e-08 0.0188241 0.0959805 0.0101589 2.22385e-09 0.233513 0.000699645 0.000616765 0.0333855 0.00726381 1.65174e-07 2.96704e-10 0.00966264 
0.00978213 0.00226257 0.000428461 0.00168279 0.0010962 3.44142e-06 0.000878582 0.676469 0.0110055 5.59776e-11 0.000129338 0.0890813 0.0158738 0.0130006 0.129694 0.00480444 0.02697 0.000748292 2.93404e-07 0.0134377 2.36503e-08 0.000143764 0.00250756 
0.0146453 6.08367e-05 0.00440394 0.00712593 6.88678e-05 1.65424e-06 0.00249757 0.289928 0.00693661 0.0023872 0.00370486 0.189838 0.0236266 0.0180669 0.000107429 0.172415 0.149496 0.00102654 5.34472e-05 0.0127547 0.015704 0.000200594 0.0849501 
0.018063 0.00238504 0.00886835 0.0132987 0.000887456 0.0747407 0.00223983 0.411404 0.158246 0.0137969 0.0326414 0.00476404 0.00999797 0.0102707 0.000204928 0.0761842 0.151971 0.000634394 6.11977e-05 0.00356013 0.000490345 4.86511e-05 0.00524065 
0.149591 6.77978e-05 4.06612e-05 3.16246e-05 9.92733e-06 8.71988e-05 0.00275042 0.571393 0.069037 2.91346e-12 0.00011332 0.00584891 0.00114714 2.40581e-05 1.57222e-08 0.0409244 0.149518 0.000182528 1.06587e-05 0.000329228 0.0032754 3.27603e-06 0.00561467 
5.73807e-06 3.2849e-05 1.01035e-06 7.60986e-06 1.06877e-05 1.84462e-07 0.000114898 0.628083 0.0429723 4.96815e-10 0.00198093 0.28247 0.00358317 0.00164729 2.93852e-07 0.0246954 0.00276601 0.00133197 3.81099e-06 0.00886026 0.000451338 6.92835e-07 0.000980633 
3.09479e-07 3.09269e-07 0.00105143 0.0270484 0.00145467 3.09043e-07 0.00188761 0.644275 3.09467e-07 3.09047e-07 3.0946e-07 0.0144819 0.0169579 0.0260865 0.00188684 3.09503e-07 0.145277 0.0685377 0.00142199 0.0252225 0.0122225 0.00426356 0.00792237 
0.0273048 0.00510795 0.00479116 0.0739657 0.00178735 7.79604e-05 0.0399575 0.186469 0.10678 2.4183e-07 0.0107181 0.0200194 0.0155044 0.0277399 0.00227444 0.150746 0.17944 0.0171839 0.00106613 0.0159282 0.017843 0.00449324 0.090802 
0.020429 1.23465e-05 1.12832e-06 5.55588e-05 1.5792e-05 4.66542e-05 0.000616701 0.396729 0.00117309 1.39724e-09 0.000679482 0.000672731 0.0143971 0.00365 3.11219e-05 0.378833 0.149068 0.000590116 9.90152e-06 0.000975227 0.00103837 4.74634e-05 0.0309281 
0.0202688 0.000257722 0.0429379 0.0367216 0.000891116 4.9374e-07 0.0647794 0.450969 0.102844 5.82513e-05 0.00508265 0.0776589 0.0114405 0.0528528 1.08619e-05 0.0118606 0.0311279 0.000370575 0.000609872 0.0483145 0.000254522 0.000264221 0.0404237 
0.0164913 0.00216072 0.00691682 0.0325865 6.99475e-05 1.14527e-05 0.00380519 0.540915 0.110122 1.44951e-06 0.0120242 0.0306741 0.0165288 0.0152454 0.0027452 0.0774673 0.0849539 0.00240919 4.3253e-05 0.0252589 0.00569036 0.000671335 0.0132086 
0.00865765 3.242e-05 7.78069e-05 0.000916983 3.57064e-05 0.000136279 0.00145008 0.701513 0.106161 1.15308e-09 0.000363728 0.00306435 0.0340508 0.0111943 0.000252777 0.0653607 0.0631114 0.000337309 2.74891e-08 0.00177042 0.000112951 1.14553e-06 0.00139913 
0.105816 0.0120616 9.15708e-05 0.00649312 0.000529435 0.0242652 0.00178845 0.510725 0.0367331 9.25122e-05 0.000205271 0.00190705 0.0112834 0.0145094 0.00135073 0.0561128 0.0578529 0.0668792 0.00243915 0.077812 0.00332257 0.00036315 0.00736658 
0.032709 0.00236822 0.0150042 0.11916 0.00058119 0.0933527 0.00402157 0.306237 0.133409 0.000183525 0.00944211 0.021413 0.00579473 0.0210999 6.46596e-05 0.0364513 0.0886992 0.0165852 8.93272e-06 0.0619862 0.0011064 2.72716e-05 0.0302943 
1.10387e-05 1.04847e-06 7.80648e-07 1.25317e-06 7.3078e-07 2.83481e-07 2.468e-06 0.894274 0.087091 1.13498e-08 2.84718e-07 2.65503e-06 0.0165807 0.00199821 2.70979e-06 1.31464e-05 1.19948e-05 8.19765e-07 1.10238e-08 5.33517e-07 1.08945e-06 4.30282e-07 4.49027e-06 
0.196108 0.0030095 8.48123e-05 0.00284511 6.52753e-05 0.000222259 0.00103469 0.45851 0.0365522 2.28837e-07 0.000734511 0.0235409 0.0181342 0.0246143 0.00171363 0.0910244 0.117375 0.000394051 0.00340288 0.00217064 1.3166e-05 0.00126119 0.0171898 
0.175014 0.000231792 0.00125822 0.00248734 8.57303e-06 1.30654e-05 0.016117 0.64145 0.0140803 0.000247876 0.00253882 0.0267369 0.00669276 0.0157912 0.000211896 0.0252625 0.0277385 6.49246e-05 0.000390338 0.0226917 0.00962154 9.38022e-05 0.0112571 
0.0125405 0.0214442 0.0556813 0.0298406 0.0033148 0.000573023 0.002216 0.295739 0.0649451 2.93176e-08 0.118695 0.00873667 0.0866038 0.05221 8.63527e-05 0.130528 0.0411952 0.0324097 0.0013618 0.00488047 0.0258958 0.000391274 0.0107112 
0.109513 0.000104946 8.47439e-05 0.00435689 0.000367547 0.104529 0.00207354 0.212592 0.00149636 1.31026e-08 0.014136 0.0105545 0.00790455 0.0426085 8.2857e-06 0.121895 0.163044 0.0010702 0.000155586 0.00343265 0.00200549 8.98568e-06 0.198059 
0.0431053 0.00187354 0.0708016 0.0151364 0.00547551 9.20857e-06 0.0526554 0.243775 0.0899726 1.76806e-06 0.0182048 0.0288874 0.0307476 0.0263574 0.000561073 0.117954 0.18829 0.0299071 4.9241e-05 0.0234737 0.000197547 0.000595864 0.0119678 
0.0450007 0.00228423 0.000102365 0.0517499 0.000716673 3.15418e-05 0.0527438 0.307963 0.159718 8.64187e-08 0.000159836 0.00364032 0.0338728 0.0349081 2.30334e-05 0.0200519 0.127666 0.0553672 4.32758e-05 0.0386127 8.04323e-06 0.0512341 0.0141022 
0.000605943 0.00211435 0.000138807 0.00992701 1.79419e-05 2.99628e-06 0.000992097 0.412289 0.000240077 1.93356e-10 0.00070161 0.0204361 0.00888957 0.000118948 2.66622e-06 0.180372 0.0910589 0.00128481 6.36077e-09 0.018102 1.51363e-05 0.000152857 0.252538 
0.00871493 1.14091e-05 3.67512e-05 0.00672891 0.000456286 4.14142e-05 0.00204953 0.567412 0.0381938 0.00130625 0.00511729 0.00284728 0.0796934 0.00245088 1.07591e-07 0.212496 0.0550467 0.000820433 6.72012e-07 0.00509254 0.00570161 0.00017534 0.00560653 
0.119356 0.00441679 0.000264394 0.0371871 3.48872e-06 8.76103e-06 0.00259296 0.444565 0.0240703 8.11943e-09 0.00252712 0.0134726 0.00528395 0.0039562 0.00860286 0.0579649 0.199265 0.000847405 3.17321e-07 0.0128231 0.0249368 0.00407542 0.0337797 
0.080623 0.000787908 5.02546e-05 0.00213864 6.37212e-05 0.00523268 0.0104181 0.424725 0.00305864 0.0757377 0.00935907 0.111193 0.0383666 0.0317627 0.000214018 0.0317362 0.0368341 0.000569794 8.88337e-06 0.0113774 0.0112446 2.99652e-05 0.114468 
0.221605 0.0054697 0.000240264 0.0284868 9.90818e-05 2.39516e-07 0.0261869 0.379444 0.0157972 1.61996e-06 0.00725108 0.0111324 0.0385273 0.0125345 0.00109886 0.0849273 0.114543 0.00197762 4.13012e-06 0.00519922 0.00172111 0.000452339 0.0433 
0.0193697 0.000606721 0.000783817 0.00196526 0.143055 0.0135863 0.00995806 0.242347 0.0501135 0.0377006 0.00023246 0.0501373 0.0708708 0.17456 9.51061e-05 0.0458239 0.118601 0.000356632 0.000397602 0.00265772 0.000613692 6.38847e-05 0.0161042 
0.00367323 2.25103e-05 0.00247925 0.0149152 0.0402134 4.81946e-06 0.000561649 0.704342 0.00243792 7.44727e-10 0.000154227 0.00252413 0.0325038 0.0171537 2.08038e-05 0.000602945 0.156979 0.00498598 0.00867042 0.00707869 0.000107353 0.000117716 0.000451904 
