0.0435901 0.000671422 0.000222909 0.178884 0.0366617 0.000171106 0.0728971 0.00365872 0.265327 2.5089e-05 0.022401 0.0211659 0.00416789 0.0387933 0.0349375 0.0785069 0.0378653 0.0165974 0.000122802 0.0825696 0.0335901 0.00414105 0.0230321 
0.00905482 0.000892077 0.00173601 0.070676 1.52775e-05 0.000133912 0.0212403 0.00461605 0.634368 0.00276696 0.00545881 0.00190538 0.00143264 0.00175581 0.000139304 0.0418824 0.111041 0.0217722 7.51979e-07 0.021748 0.0433459 0.000939363 0.00307906 
0.00499418 0.00883412 4.67036e-07 0.00355939 0.00148821 0.00115722 8.85344e-05 0.000145669 0.952803 1.9013e-11 0.00342169 9.99941e-05 0.000125776 0.0029507 3.29101e-05 0.0130943 0.0050644 0.000268177 7.82125e-10 0.00123448 1.86776e-05 4.55434e-05 0.000572939 
0.0111496 0.000146526 0.00902016 0.000266322 0.00175431 2.82652e-05 0.00697354 0.0847898 0.826142 2.51387e-06 3.14691e-06 0.0128407 0.00597261 0.000283046 0.000153943 0.0222962 0.00513845 0.00125808 3.32162e-07 0.00657895 0.00118733 6.38879e-05 0.0039501 
0.00229594 0.00172935 0.0195212 0.0369083 3.83927e-05 3.2264e-07 0.00985975 0.00669045 0.758792 0.00013413 0.000431745 0.00361229 0.00245006 0.0196208 0.012901 0.0242114 0.0621829 0.00984046 0.000103983 0.0106097 0.00779022 0.00056913 0.00970699 
0.00899963 4.1021e-05 2.0312e-05 0.0101745 0.000124121 0.000296103 0.000238139 6.30034e-05 0.849748 7.68745e-08 0.000105948 0.000584255 0.00594216 0.000247239 0.000116286 0.0404768 0.00188396 0.0026311 2.83677e-05 0.00717491 0.00394424 3.09493e-05 0.0671286 
0.0327777 0.000138211 0.000820003 0.0207277 1.56428e-05 6.33117e-05 0.0264192 0.0845049 0.314301 2.65199e-07 0.000962716 0.0169078 0.0152917 0.00776359 0.000329972 0.124778 0.138868 0.0124268 2.11036e-05 0.021113 0.0584449 0.000298612 0.123025 
0.00269396 0.0107465 0.212372 0.000482037 4.08636e-05 2.16781e-08 3.74487e-06 9.0183e-06 0.508241 2.15301e-08 0.000415512 8.05702e-06 0.0239281 0.0210429 0.0242735 6.93163e-06 0.172361 0.00129522 3.83742e-05 0.00914551 0.0117843 8.03958e-06 0.00110389 
0.00354681 0.0253551 0.00239225 0.0751333 0.0106651 2.6867e-05 0.00416874 0.0104635 0.41213 0.000328175 0.0167364 0.00119835 0.0908436 0.038021 0.00370578 0.0778184 0.0962431 0.00921279 1.53337e-05 0.11373 0.00513513 0.00095545 0.00217548 
0.027879 1.32184e-06 0.000346632 0.0328902 2.95745e-07 6.99141e-10 0.142003 0.00888112 0.433778 6.94367e-10 2.57485e-06 0.00247037 0.0139944 4.3209e-06 3.68651e-06 0.0936256 1.9979e-06 0.0337046 2.29518e-06 0.0474722 0.0925239 0.0111252 0.0592892 
0.0190208 0.00167614 0.000538337 0.0677087 0.009085 1.33773e-05 0.00391482 0.00500937 0.783602 1.80394e-09 0.002211 0.000310131 0.00126526 0.00806757 0.000201792 0.0422881 0.0312444 0.0114648 0.00295972 0.00366249 0.00440603 2.26796e-05 0.00132732 
0.0972307 0.00895377 4.93146e-05 0.0766563 1.2239e-05 0.000126016 0.129257 0.0215341 0.367418 1.91344e-07 0.000732281 0.000202252 0.00337787 0.0055168 0.00203728 0.115113 0.0456234 0.0719024 8.60077e-05 0.0165141 0.00650495 2.08812e-05 0.0311316 
0.045246 3.85019e-05 3.47481e-05 0.0454186 0.000187271 0.000197241 0.0471739 0.165555 0.493165 7.61722e-06 0.00795711 0.0229443 0.0644086 0.00197151 0.000421161 0.0688932 0.0156249 0.00782508 0.000468987 0.00907923 0.00262486 0.000184222 0.000572582 
0.0335315 0.00892746 0.000427297 0.168332 0.000235192 3.9487e-05 0.0333754 0.0215208 0.206464 7.8556e-10 0.00199803 0.00703577 0.00585888 0.032641 0.00296202 0.19715 0.0548673 0.074633 1.70249e-05 0.117828 0.00358433 0.000330771 0.0282398 
0.00383217 0.00655728 0.0862046 0.00661279 0.00226292 1.19123e-07 0.0136234 0.00463743 0.531212 0.0014794 0.00120212 5.60615e-07 0.0184301 0.00404046 0.0240377 0.0136918 0.251971 0.00463669 3.04779e-07 0.0190506 0.00163456 5.15875e-07 0.00488114 
6.04547e-07 6.5106e-07 6.66963e-07 0.0356425 3.72438e-07 1.49264e-07 2.23958e-06 1.04825e-06 0.637794 8.23125e-11 8.985e-06 0.00178384 1.42735e-11 8.5633e-07 0.00155562 0.15388 0.0392941 2.49173e-06 7.99481e-11 8.6147e-07 0.130028 9.28801e-07 1.29716e-06 
0.0352355 0.000915031 0.026314 0.020993 0.000256628 0.200585 0.0035753 0.0958566 0.462258 0.0167286 6.76782e-05 0.0070398 0.00991646 0.0464388 0.000160571 0.0288317 0.017587 0.00412285 1.86536e-06 0.00515432 0.016837 0.000657657 0.000467044 
0.000845043 7.75044e-07 0.00120726 0.000120738 2.1088e-06 1.43378e-08 0.00583604 0.000460644 0.967697 2.9824e-05 1.99357e-09 5.03683e-05 0.00322236 0.0142224 7.68332e-09 6.17487e-05 0.00447813 8.18217e-05 1.38308e-08 0.00125125 5.73843e-05 4.29706e-05 0.000332337 
0.00288401 0.000664199 0.005332 0.0326868 0.00023074 0.0252442 0.0110718 0.0156038 0.320572 8.9379e-08 0.0189146 0.00849623 0.00301488 0.0154038 0.000230804 0.274878 0.0675449 0.0049673 1.23426e-05 0.182101 0.00786013 0.000154211 0.00213224 
0.00499418 0.00883412 4.67036e-07 0.00355939 0.00148821 0.00115722 8.85344e-05 0.000145669 0.952803 1.9013e-11 0.00342169 9.99941e-05 0.000125776 0.0029507 3.29101e-05 0.0130943 0.0050644 0.000268177 7.82125e-10 0.00123448 1.86776e-05 4.55434e-05 0.000572939 
0.000959383 0.000180319 0.00328328 0.00153906 0.00010077 7.59531e-08 0.0139558 0.00208765 0.881012 0.000462842 0.000646746 0.00780545 0.000310831 0.00999121 1.51213e-05 0.0349293 0.0027282 0.0296475 0.000116213 0.00678328 0.00322604 4.27438e-05 0.000176615 
2.2056e-07 0.000963664 0.000230436 0.000294775 4.06503e-07 2.18919e-06 6.05494e-07 4.82379e-07 0.997146 2.17424e-06 3.04392e-07 0.000948582 3.77027e-07 0.000402199 1.17314e-06 1.09343e-07 1.46418e-07 4.70796e-07 2.11179e-06 2.4285e-07 4.67837e-07 2.69573e-06 3.23547e-07 
0.00310199 0.000144787 0.00193077 0.0210999 8.81263e-05 0.000119831 0.013878 0.0146112 0.729592 9.86022e-06 0.00228631 0.00076803 0.00129279 0.0136882 0.082891 0.0195189 0.0413129 0.0184243 1.68754e-05 0.0110252 0.0160676 5.8918e-06 0.00812537 
0.0765311 0.00601396 0.00134386 0.0481621 0.000290876 5.69961e-06 0.0155214 0.0031724 0.539275 8.54649e-08 0.000646816 0.00870012 0.00853767 0.021067 0.00701666 0.164992 0.0427689 0.0035218 9.27444e-07 0.0103999 0.0309174 6.4645e-05 0.0110499 
0.140657 0.000744803 0.00679469 0.0038472 2.02103e-05 2.4819e-07 0.03595 0.124309 0.528243 3.05162e-07 0.000118458 0.013558 0.00217515 0.0316565 6.13897e-05 0.020245 0.0213157 0.0189224 5.25968e-05 0.0281487 0.0191898 7.89204e-06 0.00398115 
2.49119e-06 2.3052e-06 3.10611e-07 7.00823e-06 5.86999e-07 1.89593e-05 0.0375899 0.0199103 0.357709 3.38044e-09 1.15271e-05 2.48206e-06 2.64214e-06 0.0089465 2.8838e-06 0.110823 0.13708 0.0700934 9.71435e-08 0.0123372 0.0421663 9.0824e-07 0.203291 
0.0169374 0.000387211 0.000128463 0.00586757 0.000627517 0.00171291 0.00165909 0.00311792 0.498609 1.7372e-06 0.000153386 0.0169558 0.00217306 0.141377 0.00927843 0.0415045 0.218642 0.00543439 1.04663e-06 0.0164435 0.0125306 0.000356637 0.00610183 
1.54608e-10 1.15671e-06 3.08827e-06 0.0010387 1.28256e-06 1.04367e-05 6.37085e-07 3.78749e-06 0.996388 1.5241e-09 2.13373e-10 2.90482e-10 2.64288e-10 0.002097 1.97446e-06 6.74573e-07 6.36443e-07 0.000447109 1.48032e-09 1.36203e-06 4.39479e-06 1.88966e-09 2.268e-10 
0.0496645 0.0295025 2.28328e-05 0.0650543 0.000274308 0.0824425 0.0442095 0.0135172 0.369216 5.03728e-05 0.00279054 0.000579838 0.0032033 0.00112343 0.000176965 0.00849996 0.0724906 0.00711933 6.40898e-07 0.194061 0.0120862 0.000257316 0.0436563 
0.00840713 0.000270914 0.297996 0.00694825 8.71549e-05 9.60786e-06 0.0138466 0.0229242 0.357083 8.29076e-06 0.00725019 0.00629171 0.00465184 0.00464559 0.000403406 0.0464737 0.18465 0.00278827 2.88301e-05 0.00516609 0.000834845 0.000137407 0.0290976 
0.00907391 0.0097553 0.00570109 0.100399 0.0114268 7.01036e-05 0.0797315 0.0127189 0.170837 2.41719e-06 0.0056715 0.00999405 0.022821 0.11738 0.0770868 0.0588087 0.102728 0.0313092 0.0015401 0.0944853 0.0340079 0.02048 0.023972 
0.0275173 0.00320891 0.0132643 0.0786194 0.0487626 2.73007e-05 0.0267578 0.0247144 0.245293 0.00102344 0.00469901 0.0075892 0.0234321 0.163246 0.000949325 0.139328 0.157067 0.00269194 0.000235191 0.00578697 0.0119503 0.000135872 0.0137011 
0.00499418 0.00883412 4.67036e-07 0.00355939 0.00148821 0.00115722 8.85344e-05 0.000145669 0.952803 1.9013e-11 0.00342169 9.99941e-05 0.000125776 0.0029507 3.29101e-05 0.0130943 0.0050644 0.000268177 7.82125e-10 0.00123448 1.86776e-05 4.55434e-05 0.000572939 
0.00709098 0.000770978 0.000276829 0.00340476 0.000113617 0.000120151 0.00779543 0.00241286 0.670626 5.37387e-07 2.30574e-05 0.00040657 0.0709127 0.00413816 6.38879e-06 0.0913552 0.00651894 0.0372782 4.38257e-06 0.032421 0.0473727 0.00128406 0.0156669 
0.00178996 0.000692001 0.000324861 0.0283904 9.09743e-05 2.00819e-05 0.0238181 0.0027835 0.770825 1.6128e-08 0.000522082 0.00017578 0.00197348 0.00317751 0.0007509 0.0614755 0.0614535 0.00916516 7.06886e-07 0.00180223 0.0176268 5.97664e-05 0.0130814 
0.00569614 0.00996167 0.000105552 0.0312842 2.83198e-05 0.000517475 0.000303344 0.028441 0.457329 2.23974e-05 0.0173945 0.000562895 0.000232031 0.00131302 0.00029617 0.182655 0.105068 0.00819294 0.000811385 0.00068179 0.106194 0.00157012 0.0413398 
0.0185909 0.00361044 0.000553058 0.0087055 0.000798818 7.49254e-06 0.0349084 0.00872236 0.496195 1.60718e-05 0.00163149 0.0415274 0.00160003 0.0262808 0.00106986 0.106874 0.124558 0.0134789 6.08358e-07 0.0152535 0.0863423 0.000330078 0.00894492 
0.0194945 0.00235506 8.57652e-06 0.00794066 0.00151436 0.000497826 0.0104776 0.00449135 0.703005 5.10176e-08 0.00960249 0.00427136 0.0052509 0.115431 7.04479e-06 0.00710154 0.000342549 0.0931694 4.95522e-08 0.00909276 0.000199557 0.00241477 0.00333114 
0.00499418 0.00883412 4.67036e-07 0.00355939 0.00148821 0.00115722 8.85344e-05 0.000145669 0.952803 1.9013e-11 0.00342169 9.99941e-05 0.000125776 0.0029507 3.29101e-05 0.0130943 0.0050644 0.000268177 7.82125e-10 0.00123448 1.86776e-05 4.55434e-05 0.000572939 
0.000683426 1.44327e-05 0.000162299 0.0070014 0.00812169 0.000939459 0.000680833 0.00364695 0.937652 2.20179e-11 0.000316023 0.000148762 0.00521908 0.000606713 0.00249603 0.00306948 0.0254171 0.00058819 2.13855e-11 0.000612385 0.000164178 1.77898e-05 0.00244228 
0.0132392 4.64467e-05 0.00016974 0.0385213 0.000205785 1.02127e-05 0.00766667 0.00176267 0.391657 1.11966e-06 0.00301356 0.0514362 0.0178641 0.0106246 0.0220198 0.101702 0.0351812 0.0150292 0.0025302 0.261359 0.0234588 0.00136841 0.00113246 
0.00852768 0.000531379 0.000685918 0.00793975 0.000871756 0.000119068 0.0239802 0.0120819 0.360242 2.03023e-06 0.00946613 0.00192248 0.0860951 0.00479524 0.280398 0.0444397 0.125877 0.00830618 1.66728e-06 0.0133249 0.00794445 2.50336e-05 0.00242265 
0.0185533 0.00108741 0.0213359 0.0261605 0.000650119 2.81424e-09 0.0126158 0.0190657 0.473266 0.013074 0.00323381 0.0394983 0.0192451 0.112551 0.0147629 0.111451 0.0468466 0.00146896 0.000144437 0.0103806 0.0486217 0.000778653 0.00520906 
0.00674111 0.000521534 0.000309685 0.0334995 0.000260118 6.77223e-08 0.0209414 0.000873366 0.875384 2.49922e-10 0.00285851 3.41052e-05 9.72192e-05 2.71763e-12 2.71887e-08 0.0309134 0.00189097 0.00660152 1.51728e-11 0.0178711 0.000245181 0.000711962 0.000244942 
0.0124614 0.000513337 0.0013151 0.00999608 0.000448006 4.33593e-05 0.0105191 0.000685802 0.87203 0.000176079 2.78974e-05 1.84958e-09 0.00171074 0.00158977 4.19203e-05 0.0762211 0.00692869 0.000995169 4.06059e-06 0.00158402 0.000914905 7.52286e-06 0.00178572 
0.02321 0.000378163 0.0249594 0.0579588 0.000322463 9.44855e-05 0.0292494 0.0176692 0.379197 0.00153645 0.026299 0.0166752 0.0574828 0.0310862 0.0429252 0.081896 0.131493 0.0138437 4.52533e-06 0.04409 0.0104866 0.000589535 0.0085521 
0.00150345 0.000530476 3.04034e-06 0.0320232 4.57129e-06 1.60632e-07 0.00661163 0.000755906 0.66416 1.14235e-06 6.78066e-05 0.00635025 9.06418e-05 0.0311522 0.000246354 0.0180209 0.00696827 0.0765285 4.08422e-07 0.0269522 0.1271 0.000111132 0.0008177 
0.0309591 4.48316e-05 2.62115e-05 0.00918211 9.6244e-05 1.5221e-05 0.0472619 0.0104562 0.709891 1.45326e-08 1.91424e-05 0.00330854 0.00512888 0.00108805 0.0010187 0.0298718 0.0135741 0.0343936 1.24472e-06 0.0106541 0.0925526 3.28231e-06 0.000452741 
0.0323955 4.90523e-05 0.00325457 0.0539141 0.00722402 2.07878e-05 0.0940695 0.0662409 0.306001 0.000490016 0.0196149 0.00639767 0.0261132 0.0274029 0.00657405 0.108532 0.181458 0.00990697 0.00111189 0.0333476 0.00434578 0.00072864 0.0108075 
0.00166386 0.000285005 0.000559698 0.0540713 2.20471e-05 0.000113964 0.00306509 0.00166016 0.607797 0.000718441 0.000857001 0.00202967 0.00379217 0.0103909 0.00337848 0.0432759 0.0191378 0.043744 0.000219581 0.00533687 0.193102 2.75361e-05 0.00475109 
0.00499418 0.00883412 4.67036e-07 0.00355939 0.00148821 0.00115722 8.85344e-05 0.000145669 0.952803 1.9013e-11 0.00342169 9.99941e-05 0.000125776 0.0029507 3.29101e-05 0.0130943 0.0050644 0.000268177 7.82125e-10 0.00123448 1.86776e-05 4.55434e-05 0.000572939 
0.00200784 0.000515398 0.00159246 0.111502 0.000222169 0.000746922 0.00743014 0.0010421 0.36425 3.02817e-11 0.0185403 0.00111306 0.00897003 0.00679029 0.0022962 0.227017 0.210035 0.0145478 5.13607e-06 0.014235 0.00503631 0.000376045 0.00172937 
0.0336647 1.49263e-05 0.0536008 0.0031455 8.54849e-05 0.000821643 0.0221985 0.00676328 0.858703 9.31127e-10 2.29115e-05 0.000765029 0.000271504 0.00275405 0.000938671 0.0092004 0.00264782 0.00177912 3.35889e-05 0.00135335 1.62312e-07 8.24509e-05 0.00115279 
0.00716349 0.00697224 0.0182243 0.0135449 0.000179575 0.000159767 0.014353 0.000894059 0.778682 1.57749e-07 0.00569368 0.000138005 0.00125378 0.00607249 0.00361477 0.0698648 0.0263837 0.00614153 3.17551e-08 0.00991415 0.0293213 0.000423722 0.00100412 
0.0632243 0.00321157 7.18189e-08 0.0748916 0.00628284 0.00206055 0.00197664 7.18813e-08 0.349553 7.25122e-06 0.102394 0.00143058 0.00642673 7.18866e-08 0.00154476 0.270518 0.0604237 0.0136288 7.17975e-08 0.0271039 0.00289692 0.00256935 0.0098561 
0.0726288 0.00110359 1.49644e-05 0.1332 7.57438e-05 7.00726e-05 0.00295814 0.0018398 0.410486 1.42258e-06 0.0306367 0.00698909 0.000970186 0.0503983 0.0411495 0.0726505 0.0722596 0.0203504 5.95389e-05 0.0416034 0.0334211 0.000179186 0.00695434 
0.0304059 0.00645886 0.00258389 0.0569791 2.07081e-05 8.08923e-06 0.139343 0.0167878 0.405142 1.06876e-05 0.00291869 0.0123522 0.00827181 0.0409658 0.000206213 0.0849501 0.0489986 0.0595895 0.000117543 0.045533 0.027927 0.000184854 0.0102452 
0.00715411 0.00229151 0.0104927 0.0176228 0.000896654 0.0368771 0.00170156 0.312991 0.313102 2.01218e-05 0.0339888 0.00125694 0.00899722 0.00231811 0.000170051 0.0911351 0.150617 0.000512435 5.3511e-05 0.00570728 0.000196231 4.17348e-05 0.00185589 
1.74394e-05 7.06422e-05 0.00101081 0.00174866 7.56004e-05 4.13203e-06 0.0444153 0.0143233 0.330051 1.11642e-06 0.0158134 0.106904 0.0112978 0.0581687 4.26292e-05 0.097736 0.200306 0.00340779 0.000375989 0.0796474 0.00804871 0.00033247 0.0262007 
0.0702004 0.000567307 0.0718965 0.00032919 0.00129682 3.96551e-05 0.0570826 0.155232 0.323456 0.000498797 8.91237e-06 0.00148057 0.0387444 0.092765 0.000816102 0.0612611 0.105848 0.0022716 1.24867e-07 0.0152142 8.20248e-05 1.31995e-05 0.000895044 
0.0181373 0.000370247 0.00440603 0.0289039 0.0169618 7.64026e-06 0.0365665 0.01496 0.484339 5.90499e-10 0.000204693 0.000955351 0.0499647 0.0827735 6.56808e-05 0.0594985 0.121368 0.00566174 0.000246671 0.0358544 0.0171347 0.000425706 0.0211946 
0.0296293 2.79174e-05 0.000205378 0.0155761 0.000141543 0.000879661 0.00906171 0.0234338 0.492844 2.279e-07 0.00718243 0.0183714 0.00095733 0.0394317 0.00204032 0.136467 0.0952379 0.049249 5.11261e-07 0.00222896 0.0519801 0.000330347 0.0247236 
0.000683426 1.44327e-05 0.000162299 0.0070014 0.00812169 0.000939459 0.000680833 0.00364695 0.937652 2.20179e-11 0.000316023 0.000148762 0.00521908 0.000606713 0.00249603 0.00306948 0.0254171 0.00058819 2.13855e-11 0.000612385 0.000164178 1.77898e-05 0.00244228 
0.0270296 0.0844828 0.00456704 0.0416981 0.000288725 9.98932e-06 0.0269546 0.00332089 0.717617 2.7033e-10 0.0031489 1.24736e-05 0.00411259 0.00163044 0.00499429 0.0252371 0.00475325 0.0160687 5.46363e-05 0.0281004 0.00221518 1.11459e-05 0.00369184 
0.0346912 0.00257309 0.00979601 0.0465764 0.0194148 1.82401e-05 0.0266648 0.0141049 0.414363 4.33141e-05 0.0154339 0.010956 0.00771657 0.0053873 0.000343626 0.128249 0.136945 0.0110439 0.0112713 0.0477912 0.0202216 0.000918294 0.0354777 
0.0222055 0.0004644 0.0341975 0.0323656 0.00899134 3.15129e-05 0.0134202 0.036069 0.227276 0.00155448 0.0203742 0.0349993 0.0371938 0.0477374 0.0123497 0.0549544 0.126653 0.0355558 0.00120548 0.0149558 0.204522 0.000440213 0.0324835 
0.000356236 0.000300319 0.000981623 0.00852425 0.00027078 2.76501e-06 0.0198111 0.0323651 0.439209 4.21768e-11 1.67034e-06 0.000714887 0.00167315 0.00217828 0.000680079 0.0477406 0.283534 0.00241153 0.000117376 0.00785278 0.145048 7.27092e-06 0.00621989 
0.00499418 0.00883412 4.67036e-07 0.00355939 0.00148821 0.00115722 8.85344e-05 0.000145669 0.952803 1.9013e-11 0.00342169 9.99941e-05 0.000125776 0.0029507 3.29101e-05 0.0130943 0.0050644 0.000268177 7.82125e-10 0.00123448 1.86776e-05 4.55434e-05 0.000572939 
0.00499418 0.00883412 4.67036e-07 0.00355939 0.00148821 0.00115722 8.85344e-05 0.000145669 0.952803 1.9013e-11 0.00342169 9.99941e-05 0.000125776 0.0029507 3.29101e-05 0.0130943 0.0050644 0.000268177 7.82125e-10 0.00123448 1.86776e-05 4.55434e-05 0.000572939 
0.0413059 0.00988183 0.00407798 0.0197166 0.000786834 0.209367 0.054259 0.063287 0.306885 0.00116282 0.00131196 0.0076853 0.0222433 0.0316909 0.00303623 0.0884122 0.0809888 0.00307529 3.34941e-05 0.0296692 0.014112 0.000237154 0.0067741 
0.00499418 0.00883412 4.67036e-07 0.00355939 0.00148821 0.00115722 8.85344e-05 0.000145669 0.952803 1.9013e-11 0.00342169 9.99941e-05 0.000125776 0.0029507 3.29101e-05 0.0130943 0.0050644 0.000268177 7.82125e-10 0.00123448 1.86776e-05 4.55434e-05 0.000572939 
0.00152863 1.00663e-08 1.04831e-06 0.00548935 0.000131021 1.871e-08 0.00581779 0.000118574 0.9177 1.85822e-08 0.000734027 0.00295376 0.0174754 3.71146e-05 1.27195e-05 0.0198598 0.00775777 0.00203 1.80485e-08 0.00225195 0.0155499 0.000309571 0.000241292 
0.0208979 0.046323 0.000219894 0.00297225 0.000384415 0.000121993 0.00686873 0.00993443 0.547338 0.000593001 0.00431495 0.111526 0.0300947 0.123656 0.000321977 0.0159778 0.046336 0.00271895 1.5071e-05 0.0260181 0.000368576 3.3592e-05 0.00296462 
0.128365 1.57524e-06 0.00227571 0.358083 7.93686e-05 7.85548e-09 0.000868776 0.00202181 0.360403 1.76437e-05 0.0163335 0.0327894 0.00147679 0.000111918 0.00226296 0.0322324 0.0520605 0.00351861 2.16672e-06 0.00484962 0.00101681 9.26987e-07 0.00122818 
0.000244395 0.00795028 0.00599016 0.149131 0.00159215 0.000569268 0.0302542 0.0129053 0.421173 0.0148495 0.0154661 0.0140869 0.108009 0.0192083 0.0122684 0.056691 0.0315848 0.0298624 8.4487e-08 0.0605651 0.00473556 1.28071e-06 0.0028623 
0.0103869 1.78168e-06 0.00924618 5.73938e-06 2.53473e-06 7.61583e-05 0.0273844 0.0709714 0.630347 7.67901e-08 1.10183e-06 0.010626 9.10808e-06 2.21196e-06 0.0134604 6.28535e-05 1.89981e-05 0.000214385 7.45844e-08 0.00517719 0.221878 0.000112172 1.54446e-05 
0.0134626 0.00152429 0.000468198 0.12072 0.00026751 0.000243364 0.0512617 0.00462096 0.444855 0.00139034 0.0126877 0.00939101 0.0355827 0.0244274 0.00493469 0.0827348 0.109999 0.0165061 4.45781e-06 0.0366667 0.0128909 0.00822074 0.00713898 
0.00499418 0.00883412 4.67036e-07 0.00355939 0.00148821 0.00115722 8.85344e-05 0.000145669 0.952803 1.9013e-11 0.00342169 9.99941e-05 0.000125776 0.0029507 3.29101e-05 0.0130943 0.0050644 0.000268177 7.82125e-10 0.00123448 1.86776e-05 4.55434e-05 0.000572939 
0.0214115 0.000651502 0.00246607 0.018547 0.000105482 2.01856e-05 0.0103488 0.00303134 0.845978 4.39035e-07 0.00038273 0.003211 0.00268227 0.017631 0.000174244 0.027986 0.0188119 0.00179518 2.4405e-05 0.00543716 0.00207932 3.67999e-05 0.0171876 
1.58266e-05 1.53998e-06 6.15906e-05 0.0220585 1.96233e-05 1.92535e-05 0.00139739 0.165419 0.482379 2.84276e-06 0.00196747 0.00577799 0.000848048 0.0126254 0.00156703 0.230228 0.0101578 0.00749438 0.000237774 0.00728455 0.0143201 0.00057121 0.0355457 
0.121866 7.01512e-05 7.56149e-06 0.00228334 0.000129291 7.33156e-05 0.0227227 0.0059775 0.618336 5.47114e-08 0.000661536 4.55652e-05 0.000112532 0.00868481 0.000544985 0.104742 0.068957 0.000819081 1.47219e-06 0.00769748 0.0359521 2.55913e-06 0.000313662 
0.00456089 0.124517 3.76764e-07 0.032167 0.00119077 0.000926205 7.5609e-05 0.000116552 0.801064 5.32497e-11 0.00439781 8.00018e-05 0.000100642 0.00236065 2.63543e-05 0.0104755 0.00405162 0.000815336 1.85915e-09 0.0125021 1.49519e-05 8.05353e-05 0.000476105 
0.0172257 8.16761e-05 0.0418903 0.101165 0.000572979 1.05241e-05 0.00646024 0.0136207 0.495864 0.0103477 0.0250407 0.00183523 0.00770542 0.0189092 0.00446017 0.171833 0.0457621 0.00392116 0.000531748 0.00340787 0.0251512 0.000334776 0.00386988 
0.00325995 0.000103026 0.000711341 0.00690968 0.000332614 0.000867612 0.00276378 0.0112414 0.603165 4.66753e-09 0.000748804 0.0038096 0.0303569 0.0183801 0.000183796 0.0539849 0.254394 0.00663152 2.97122e-08 0.000811494 0.00109669 8.7154e-07 0.000246381 
0.000323004 0.000518992 0.000116901 0.0162551 0.000153095 0.000947459 0.107662 0.00374912 0.732321 5.34658e-10 0.000308635 8.11902e-05 0.00451957 0.00143647 9.92117e-05 0.0414732 0.0221651 0.0137946 1.26568e-08 0.0523499 0.00122014 0.00049239 1.28109e-05 
0.00398539 0.000145192 0.00965312 0.0268464 0.000235871 5.81379e-08 0.0670766 0.00408494 0.801291 4.67843e-10 0.000235648 0.00345968 8.5375e-08 0.00371998 0.000668838 0.0371974 0.00550488 0.00934707 4.54404e-10 0.0151413 0.00402412 2.41298e-07 0.00738171 
0.00521171 0.00962301 0.00394509 0.081347 2.22963e-05 5.57046e-07 0.137586 0.0679855 0.2794 5.05113e-07 0.0547297 0.140644 0.0052134 0.00435921 0.00400417 0.00715042 0.0375579 0.00532524 3.3881e-07 0.0637796 0.0299466 0.0566444 0.00552297 
0.00163858 0.0107584 4.26009e-08 0.00338004 0.000279793 2.95232e-05 0.000267618 0.0236191 0.459597 7.92841e-08 0.00248845 5.33734e-05 6.70069e-05 0.136655 4.15034e-05 0.338794 0.00269339 0.00090193 6.79483e-06 0.00200891 0.0157613 1.0987e-05 0.0009469 
0.0204712 5.54132e-05 0.00198312 0.0212566 2.15753e-05 4.72041e-06 0.00451099 0.00252578 0.849306 0.00107996 3.89171e-05 0.000273108 0.00306696 0.000272578 0.00117087 0.0049852 0.0125743 0.00110169 1.46529e-05 0.00510648 0.0654514 4.61129e-05 0.00468212 
0.0370573 0.000199584 0.000172933 0.0161834 0.000227358 0.000197262 0.00511231 0.0490688 0.317635 3.87849e-06 0.00660376 0.0053224 0.056495 0.0113541 0.000668703 0.208619 0.161841 0.0196177 3.64828e-05 0.0326458 0.0534691 0.000120139 0.0173499 
0.00435744 8.34809e-05 7.58719e-06 0.0186863 0.000404029 0.000799517 0.009147 0.00275777 0.651379 1.22368e-06 0.00170622 0.000149366 0.000941625 0.00187971 0.00390924 0.050883 0.176575 0.00153299 7.90066e-10 0.0143831 0.0581978 0.000778851 0.00143928 
0.00315678 4.69375e-06 0.00248633 2.00733e-06 0.000142483 3.14245e-06 0.000762411 0.0361987 0.881297 3.69616e-08 8.03934e-07 1.9541e-06 6.66455e-06 1.616e-06 0.000118433 4.60131e-05 0.0746282 1.51055e-06 3.58999e-08 2.02789e-06 0.00113789 1.33634e-06 5.50021e-09 
0.0362129 0.00400547 0.00156508 0.0152679 4.69907e-05 0.00047352 0.0426331 0.120362 0.419915 8.07381e-06 7.91566e-05 0.0110543 0.0108792 0.108023 9.911e-05 0.0514714 0.0295079 0.0535843 0.0050008 0.0199199 0.0564292 1.68772e-06 0.0134604 
0.00577443 0.000230217 0.00167513 0.02277 0.000107907 0.000576534 0.00925436 0.0354204 0.725431 1.39898e-06 0.000221397 0.0115071 0.00944543 0.0137151 0.00067272 0.0804965 0.0378319 0.00126623 3.33457e-06 0.0223801 0.00893183 0.00424988 0.00803733 
0.000760653 9.31652e-05 0.000459093 0.00095096 0.000678196 0.000275923 0.000898107 1.21416e-07 0.919062 6.95273e-08 0.0017033 0.000277474 0.00250266 0.00175931 0.0341577 0.0195429 0.0100754 0.00131286 3.05856e-05 5.75693e-05 0.00491984 1.12423e-05 0.000470335 
0.00499418 0.00883412 4.67036e-07 0.00355939 0.00148821 0.00115722 8.85344e-05 0.000145669 0.952803 1.9013e-11 0.00342169 9.99941e-05 0.000125776 0.0029507 3.29101e-05 0.0130943 0.0050644 0.000268177 7.82125e-10 0.00123448 1.86776e-05 4.55434e-05 0.000572939 
0.0182285 0.000775326 0.00142067 0.0825109 0.000366415 1.92434e-06 0.108535 0.025061 0.33563 7.97132e-07 0.0146865 0.0098716 0.00428862 0.0104814 0.00948897 0.16908 0.0722304 0.0171841 0.00137355 0.0248291 0.0474523 0.00287503 0.0436277 
0.00377019 0.00208325 0.00120406 1.42294e-05 0.000216409 4.41507e-07 0.0229266 2.95244e-05 0.596126 3.67963e-07 0.00930206 5.57971e-06 0.00435252 6.37085e-06 0.233279 0.0175307 0.00530983 0.00292931 1.48668e-08 0.0525546 0.0483381 1.59095e-05 5.22462e-06 
0.223918 6.4016e-05 0.000141555 0.00308601 3.75229e-07 0.000863646 0.00362819 0.00180324 0.470475 9.43431e-08 0.0340657 0.0684195 0.00141016 0.000210761 0.000176855 0.082241 0.00384583 0.025501 2.81327e-07 9.38317e-06 0.0782537 0.000441693 0.00144435 
0.00971976 0.00156519 0.00751722 0.0556408 0.00023909 3.58967e-06 0.00649653 0.0119047 0.413162 0.0321821 1.49301e-05 0.0217896 0.0445294 0.0842833 4.40641e-05 0.00621948 0.126975 0.00783583 1.36693e-06 0.0911284 0.0699542 0.00295003 0.00584308 
0.00984094 0.00474333 0.00543805 0.0551144 0.000569558 1.70522e-05 0.0553321 0.0183805 0.646821 1.07222e-07 0.000906191 0.0058952 0.0148252 0.0280674 0.00111148 0.0571187 0.0637445 0.000173033 0.000193041 0.0164256 0.0130797 0.00109332 0.00110965 
0.00499418 0.00883412 4.67036e-07 0.00355939 0.00148821 0.00115722 8.85344e-05 0.000145669 0.952803 1.9013e-11 0.00342169 9.99941e-05 0.000125776 0.0029507 3.29101e-05 0.0130943 0.0050644 0.000268177 7.82125e-10 0.00123448 1.86776e-05 4.55434e-05 0.000572939 
0.0343844 0.0095507 0.0215182 0.0353446 0.0101121 5.04934e-07 0.0225967 0.0120831 0.36486 0.00181829 0.00283196 5.05575e-07 0.0501043 0.03342 0.166447 0.0592161 0.0893024 0.0210316 5.04962e-07 0.0324624 0.0206272 5.04751e-07 0.0122868 
0.000683426 1.44327e-05 0.000162299 0.0070014 0.00812169 0.000939459 0.000680833 0.00364695 0.937652 2.20179e-11 0.000316023 0.000148762 0.00521908 0.000606713 0.00249603 0.00306948 0.0254171 0.00058819 2.13855e-11 0.000612385 0.000164178 1.77898e-05 0.00244228 
0.00719485 0.00114309 0.0165632 0.0964029 0.000525564 1.25089e-05 0.0106715 0.00257691 0.411967 0.000102899 0.0514547 0.0112725 0.015617 0.00754655 0.0174887 0.0727698 0.0407663 0.136261 3.78735e-08 0.0494639 0.04357 0.00170445 0.0049244 
0.0363677 0.000198854 0.0469525 0.0524407 0.00131079 6.9328e-06 0.0127581 0.010875 0.359257 0.00170911 0.00510034 0.00996453 0.0249231 0.00862642 0.00889529 0.22178 0.127484 0.0320278 8.76732e-07 0.0091925 0.0214115 0.00041315 0.00830354 
0.000860718 0.000159163 0.0297757 0.0241326 0.0870254 0.055052 0.00298158 0.0312135 0.381162 6.73312e-08 0.00915416 0.00156224 0.014941 0.0127787 0.000136013 0.12985 0.0975356 0.0720705 8.6825e-05 0.030169 0.0175891 0.000206067 0.00155866 
0.00523197 5.32632e-05 0.00139093 0.0213391 0.000382985 1.03099e-05 0.0210388 0.047924 0.392172 8.41489e-08 0.00234239 0.0184255 0.120964 0.0312506 0.0403653 0.0950423 0.0975522 0.0227227 0.000132505 0.0101811 0.0597517 0.000441563 0.0112856 
0.013236 0.000976359 2.48544e-05 0.0559012 0.000732033 0.110954 0.017408 0.0263714 0.53422 8.57851e-10 0.0910222 1.62482e-05 0.00129756 0.010318 0.0024412 0.0723624 0.0348184 0.00905934 4.08412e-10 0.0113708 0.000265433 4.83962e-06 0.00720006 
0.0207377 1.38847e-05 0.00743015 0.0059677 0.00025398 0.000131798 0.0542978 0.00152865 0.277058 0.0261479 0.000121837 0.0428638 0.0598 0.0203365 0.000988258 0.221288 0.0803546 0.0187831 6.10538e-08 0.00735219 0.10531 3.62693e-05 0.0491982 
0.0259766 0.000309442 0.000499533 0.0314125 0.000802343 1.27999e-05 0.0317851 0.122109 0.285611 1.53471e-06 0.00513507 0.00824791 0.0302131 0.0235315 0.0136548 0.141802 0.161956 0.0123455 9.54344e-05 0.0175997 0.0123787 0.0376242 0.0368961 
0.0147043 0.00112786 0.00405284 0.052289 0.0144158 2.29573e-05 0.00463913 0.0338136 0.413305 2.0217e-06 0.00867893 0.00444496 0.0289838 0.0365311 0.000533482 0.0048078 0.109257 0.000962932 0.000675167 0.0253281 0.0103469 0.0240349 0.207042 
0.00220071 5.14638e-08 3.66284e-05 0.00040147 1.77617e-08 9.56541e-08 0.00164671 0.000445155 0.977071 8.18901e-05 1.33e-08 0.000404173 3.5576e-06 2.59161e-05 0.014372 2.88098e-05 3.71865e-05 0.000127502 7.45023e-06 0.00185299 0.00124344 1.17787e-07 1.31498e-05 
0.0283212 0.000373313 0.00758174 0.0180725 0.000320069 0.116042 0.0182564 0.113518 0.396468 0.00346178 9.27962e-06 0.0204995 0.00259055 0.022249 0.00256934 0.0992907 0.0481518 0.000396659 0.00178611 0.025803 0.038947 3.59157e-05 0.0352558 
0.00499418 0.00883412 4.67036e-07 0.00355939 0.00148821 0.00115722 8.85344e-05 0.000145669 0.952803 1.9013e-11 0.00342169 9.99941e-05 0.000125776 0.0029507 3.29101e-05 0.0130943 0.0050644 0.000268177 7.82125e-10 0.00123448 1.86776e-05 4.55434e-05 0.000572939 
8.14006e-12 8.73732e-09 0.0353649 1.06241e-06 1.53041e-07 2.43192e-08 5.55089e-06 7.58418e-07 0.380252 2.41532e-08 6.96619e-08 0.0388168 8.39069e-07 0.162025 4.32964e-11 0.0718754 0.057923 0.0294961 7.79384e-11 0.0455278 0.0571412 0.00310919 0.11846 
0.0183596 0.0159141 0.00200193 0.0710911 7.4868e-05 9.98918e-05 0.0466813 0.00348305 0.519568 2.6795e-07 0.016399 0.00178102 0.0065291 0.000653335 0.00094914 0.154639 0.0859827 0.0248328 1.88726e-05 0.0243588 0.00258003 0.000167559 0.00383458 
0.0362433 0.000474631 0.000113729 0.0666237 0.000139004 1.69512e-05 0.0194233 0.0025737 0.244766 0.00226141 0.0700511 0.00935299 0.0115614 0.0329296 0.00860368 0.153043 0.119449 0.0465971 0.000165003 0.0363196 0.0957096 0.00088282 0.0426997 
0.0234012 0.00357569 0.00522667 0.0415448 2.51731e-05 0.000151207 0.00696247 0.000383205 0.507744 1.08192e-07 0.0184895 0.00564095 0.0665749 0.0671311 0.0550852 0.0257233 0.0681136 0.0223596 0.0578694 0.00836092 0.0116832 3.6943e-05 0.00391666 
0.0354917 0.00540034 0.00227858 0.0758351 0.000174131 1.43684e-05 0.0185459 0.015805 0.588973 6.14886e-07 0.00604273 0.00487129 0.00294792 0.0199453 0.00682449 0.0454461 0.0980873 0.00656842 0.00246804 0.0514763 0.00492134 0.00101706 0.00686543 
0.00499418 0.00883412 4.67036e-07 0.00355939 0.00148821 0.00115722 8.85344e-05 0.000145669 0.952803 1.9013e-11 0.00342169 9.99941e-05 0.000125776 0.0029507 3.29101e-05 0.0130943 0.0050644 0.000268177 7.82125e-10 0.00123448 1.86776e-05 4.55434e-05 0.000572939 
0.0722195 0.00137742 0.0123159 0.0668937 0.000436384 0.0564205 0.00942084 0.104093 0.26461 1.59998e-05 0.000394912 0.00144689 0.0045288 0.0390455 9.48464e-05 0.210397 0.0527863 0.00459824 0.000111194 0.0926961 2.24152e-05 7.58632e-05 0.00599916 
6.34352e-05 1.72193e-05 5.53969e-10 8.18637e-05 1.16197e-05 2.05493e-05 5.44597e-06 1.57763e-10 0.99935 7.18201e-08 0.000141792 2.69715e-06 1.10238e-05 1.23706e-10 8.24946e-06 0.000134546 4.02434e-05 2.91936e-05 6.90665e-10 2.99431e-05 6.16634e-06 3.15637e-05 1.45075e-05 
0.0242016 0.00224009 0.0024648 0.0191462 0.000439654 0.000451777 0.0392732 0.055603 0.292252 1.18656e-06 0.0204871 0.0255162 0.0224608 0.0379494 0.00186581 0.107731 0.274987 0.0100187 0.000624445 0.0493366 0.00292376 0.000228252 0.00979719 
4.15085e-08 2.21662e-07 0.000131847 9.50355e-05 7.65023e-08 4.11997e-07 1.13951e-07 2.67013e-05 0.94188 4.09184e-07 5.72853e-08 7.79872e-08 7.09549e-08 7.11845e-08 8.6035e-05 0.0396802 2.75552e-08 0.00015506 3.9743e-07 0.0176949 0.000247781 5.07326e-07 6.08901e-08 
0.000683426 1.44327e-05 0.000162299 0.0070014 0.00812169 0.000939459 0.000680833 0.00364695 0.937652 2.20179e-11 0.000316023 0.000148762 0.00521908 0.000606713 0.00249603 0.00306948 0.0254171 0.00058819 2.13855e-11 0.000612385 0.000164178 1.77898e-05 0.00244228 
0.0298686 1.47285e-06 4.88969e-05 0.0158166 2.73635e-05 1.99175e-07 0.0996978 0.0211813 0.398373 4.90994e-06 0.000529288 0.00709782 0.00139097 0.0570865 3.19659e-05 0.0364864 0.0123721 0.030595 1.92133e-07 0.259327 0.0133692 0.0121739 0.00451959 
0.0332525 0.000435145 0.00801248 0.00966504 0.00563735 5.36538e-05 0.0134119 0.0434726 0.475815 0.000262466 0.00383946 0.0178987 0.0106695 0.00554418 0.00142981 0.187624 0.0887913 0.00852453 7.68014e-05 0.0130769 0.0467056 0.000272604 0.025529 
0.0091804 4.28628e-05 7.16213e-05 0.182191 0.000473452 0.00273523 0.0354025 0.0471444 0.315215 1.75909e-09 0.0118132 0.087689 0.0016198 1.1373e-05 0.00153119 0.0214674 0.235507 0.00164317 7.77378e-06 0.0325656 0.000654404 1.161e-07 0.0130336 
0.00429871 0.00590203 6.5359e-07 0.00418311 0.00124959 0.00176175 0.000940683 0.000692687 0.94804 9.04679e-11 0.00480644 0.000161281 0.000321729 0.00194166 5.868e-05 0.014881 0.00859696 0.000336815 5.2722e-07 0.00136401 0.000105627 3.41402e-05 0.000321469 
0.00963099 2.92101e-06 0.132235 0.00967073 8.12665e-05 0.00608401 7.09738e-07 0.0418724 0.701727 0.0198117 3.04455e-06 7.5161e-08 0.000188549 0.00891457 4.75705e-07 0.0352102 0.0061731 0.00930452 3.71875e-10 0.0177583 0.00133027 5.02431e-08 3.29666e-08 
0.0483382 5.12031e-07 1.93316e-06 0.0647389 0.000142255 4.03613e-07 0.00225983 0.000224454 0.622694 4.79444e-08 0.00161383 0.000265516 0.000734583 0.0499561 0.00104761 0.0433482 0.0565957 0.0693711 1.97328e-05 0.0068437 0.0216395 3.69968e-05 0.0101266 
0.0140552 0.00167467 0.000621756 0.0358482 1.80969e-05 0.00271706 0.00464965 0.000812785 0.38138 6.076e-09 0.0225359 0.00311766 0.00211287 0.0140207 2.35548e-05 0.292342 0.174014 0.00991083 3.52439e-06 0.0136228 0.0111004 0.000935644 0.0144825 
0.0105935 0.000660032 0.00234936 0.0151545 0.00251287 0.00126074 0.0129165 0.00735696 0.494841 1.32071e-10 0.016315 0.00100846 0.00790175 0.00189008 0.000276278 0.306149 0.10202 0.00610491 2.0071e-09 0.0083344 0.000751174 0.000136592 0.00146687 
0.0361231 0.000265158 8.48251e-05 0.00851567 0.0130856 0.000242524 0.00320639 0.00403146 0.39924 2.96403e-07 2.32035e-06 0.00907314 0.00132492 0.0166779 0.00220318 0.029671 0.110713 0.0100547 4.80336e-06 0.00347255 0.316288 8.45752e-06 0.0357119 
0.00499418 0.00883412 4.67036e-07 0.00355939 0.00148821 0.00115722 8.85344e-05 0.000145669 0.952803 1.9013e-11 0.00342169 9.99941e-05 0.000125776 0.0029507 3.29101e-05 0.0130943 0.0050644 0.000268177 7.82125e-10 0.00123448 1.86776e-05 4.55434e-05 0.000572939 
0.00112129 0.000289202 3.33446e-06 3.96217e-06 0.0135863 1.08543e-06 0.00229929 0.0115186 0.631778 5.70234e-09 1.32474e-05 1.59715e-06 0.312425 7.39183e-06 0.0269403 2.0495e-06 4.91076e-06 1.9251e-06 5.51094e-07 6.36917e-10 2.52829e-06 7.07003e-09 8.48557e-10 
0.0143264 0.0128521 0.00647078 0.182914 2.82716e-05 5.65229e-08 0.0272589 0.00256189 0.240906 1.70057e-07 0.00651974 0.00362993 0.00745268 0.0680578 0.00213652 0.11172 0.0597711 0.0371726 0.000233415 0.0372415 0.0483769 0.000648681 0.129721 
0.016169 0.0301717 8.27273e-06 0.0155643 0.000771357 5.10563e-05 0.0481044 0.0035414 0.583635 1.36064e-06 0.0150315 0.0264034 0.0021094 0.017936 0.000127448 0.0364051 0.0483995 0.0290782 2.80417e-07 0.0949155 0.0233022 0.0028634 0.00541053 
0.0274285 0.000335938 0.0103436 0.0956037 0.000340831 0.00147157 0.0403911 0.0357618 0.22144 0.000722788 0.00372369 0.0103713 0.000667796 0.0814215 0.00805351 0.139418 0.106988 0.125828 0.00084323 0.057583 0.027998 2.69197e-05 0.00323692 
6.08754e-08 3.8204e-05 0.000332544 9.66096e-07 0.000318564 2.97513e-07 0.00166655 1.24127e-05 0.997487 9.23088e-11 1.29231e-11 1.75933e-11 7.52484e-08 1.60587e-11 1.24566e-07 1.19774e-07 1.05738e-08 3.85787e-07 8.96573e-11 0.00014245 5.76205e-08 2.40457e-07 1.23641e-07 
0.0141426 0.0012174 0.000158777 0.0387834 4.88743e-05 0.000140362 0.0795796 0.010068 0.338408 2.57304e-09 0.0226956 0.00900422 0.0046407 0.0988967 0.0176387 0.0426612 0.0502338 0.0840414 2.49913e-09 0.118138 0.0356726 0.000832236 0.0329985 
0.0332038 0.000131535 0.000372205 0.10914 0.04772 5.5189e-05 0.00513725 0.0459096 0.27573 7.23883e-05 0.000167717 0.00414666 0.0156359 0.195735 0.00557994 0.0747133 0.0325021 0.0119839 0.000185437 0.0931631 0.0433995 0.000260472 0.00505487 
0.00706942 0.000114747 3.0685e-06 0.00177184 0.000301623 9.28072e-05 0.00350728 2.08178e-06 0.456327 1.77982e-06 0.00137701 0.0184468 0.000118774 0.184487 0.000222146 0.251349 0.044547 0.00348422 0.000121508 0.00598781 0.00301629 1.70544e-05 0.0176328 
0.002725 0.000614576 0.00062065 0.144132 0.00145004 1.75042e-06 0.00948344 0.000854282 0.202197 1.19645e-06 0.0590138 0.00956798 0.0285777 0.0606224 0.00105605 0.194078 0.173571 0.017245 0.001584 0.0145231 0.0505409 0.00129854 0.0262411 
0.00499418 0.00883412 4.67036e-07 0.00355939 0.00148821 0.00115722 8.85344e-05 0.000145669 0.952803 1.9013e-11 0.00342169 9.99941e-05 0.000125776 0.0029507 3.29101e-05 0.0130943 0.0050644 0.000268177 7.82125e-10 0.00123448 1.86776e-05 4.55434e-05 0.000572939 
0.00159755 0.000415782 0.00208883 0.199707 0.273427 0.000197644 0.00496488 0.0141605 0.364173 0.00131597 0.0201633 0.000197956 0.00215626 0.0397387 0.000448594 0.0249533 0.0251903 0.00470661 8.35342e-06 0.00174616 0.0163141 2.33737e-05 0.00230405 
0.0150981 0.00266161 0.00272592 0.0798216 1.53456e-07 5.55739e-05 0.06218 0.0218491 0.223621 7.33541e-08 0.0255195 0.00639792 0.00153193 0.0188942 0.00619386 0.0947389 0.212871 0.0740054 1.81659e-06 0.0728694 0.0267947 1.8347e-05 0.0521504 
0.0261091 0.00188973 0.000355204 0.0570466 0.000126732 6.96718e-06 0.0418678 0.0590763 0.224945 4.99454e-07 0.00212013 0.0257766 0.0765483 0.0150257 0.00486575 0.120714 0.0956755 0.0330682 0.0002126 0.0874982 0.00246272 0.110415 0.0141932 
0.0787365 0.000525398 0.00194602 0.0757158 8.69397e-05 2.37269e-06 0.00612669 0.017379 0.600661 3.036e-05 0.00227716 0.000440816 0.00495668 0.00860881 0.00415724 0.0981983 0.0233055 0.0151937 7.96354e-10 0.0372247 0.00637178 0.0174284 0.000626756 
0.000719293 0.0274328 0.00612658 0.0953443 0.000681019 5.28482e-05 0.00838127 0.0180679 0.421655 0.0035704 0.00660828 0.00842798 0.0263214 0.0347242 0.0432423 0.130264 0.067192 0.0335773 2.91768e-06 0.0365279 0.0245573 3.98042e-05 0.00648311 
0.00654534 2.86894e-07 0.00309633 0.0981259 9.02635e-05 0.000206953 0.00879374 0.0193317 0.559029 1.57113e-08 0.0370919 0.0150454 0.00988288 0.00553649 0.000533761 0.0714157 0.0574631 0.0179359 2.02168e-07 0.0211267 0.0567556 1.0118e-06 0.0119914 
0.080794 0.00102455 0.000146202 0.178658 7.15787e-05 1.17208e-05 0.0129072 0.0540209 0.355035 0.000538982 0.0110386 0.00512971 0.00312721 0.00292424 0.0207118 0.0866633 0.0269178 0.0339498 5.29916e-06 0.11837 0.00699293 8.81268e-05 0.000872889 
0.0360633 0.00717552 0.00480239 0.0312246 0.000370037 0.000134006 0.0367598 0.0178081 0.609133 0.00429363 0.000663264 0.00385626 0.00101392 0.0307981 0.00201794 0.057125 0.0271543 0.0268015 0.00298603 0.0073132 0.0718799 0.000142811 0.0204837 
0.00375717 3.70415e-06 1.27242e-06 0.00738882 5.76544e-05 0.000318165 0.0211673 0.000238238 0.860939 1.36133e-07 0.000127208 0.034414 0.00451869 0.00173832 5.36213e-05 0.0457245 0.0106708 0.00106189 1.32223e-07 0.00621134 0.000308326 9.44687e-07 0.00129888 
0.0142812 0.0581459 2.89383e-06 0.00661675 4.00909e-06 8.65476e-06 0.0274015 0.000323451 0.642564 1.16736e-07 0.0178888 0.00265254 0.000493397 0.0455076 0.00318734 0.0961465 0.03703 0.0212101 0.000233533 0.00690913 0.0152976 3.35786e-05 0.00406166 
0.0248555 0.000400802 0.00360503 0.00585115 0.000101314 2.56502e-05 0.00551078 0.0671022 0.462941 0.00882533 0.0106708 0.0836187 0.00976854 0.0441954 0.00844529 0.0498096 0.108715 0.00262103 1.21318e-05 0.0280907 0.0472761 0.000185819 0.0273723 
0.0279216 0.00956314 0.0421074 0.0475728 0.00011511 0.00733343 0.023995 0.258537 0.309617 3.48809e-08 0.0279176 0.0166519 0.00978703 0.00557002 0.00307265 0.0808953 0.0622097 0.0246573 0.000855321 0.0210897 0.0136719 5.42052e-05 0.00680516 
0.0020482 0.000499724 0.0283999 0.0838849 0.0196131 2.91927e-05 0.00178742 0.022584 0.547511 0.00925745 0.0126195 0.00356935 0.0177203 0.110773 0.000250181 0.00815893 0.107328 0.0110509 0.000872319 0.00812901 0.00103891 0.000130686 0.00274342 
8.54078e-05 7.91178e-09 1.32003e-05 3.58473e-05 2.21336e-06 2.94647e-06 7.25945e-06 0.0759176 0.91276 1.4605e-08 7.37579e-06 2.78359e-09 7.07132e-06 3.88979e-05 6.82258e-06 0.0110916 9.89968e-06 3.26167e-06 1.41855e-08 1.63129e-09 6.13228e-06 1.81079e-08 4.40091e-06 
