0.275958 2.14788e-06 0.242694 0.000812781 0.0882298 0.00209972 0.0481112 0.229832 0.00327376 0.000939138 0.0808639 0.000472327 0.0265784 0.000132468 
0.558521 0.0006838 0.068368 0.000478179 0.0815752 0.00517455 0.0310528 0.0579843 0.0127764 0.000113192 0.17342 0.0012421 0.00855408 5.61212e-05 
0.447074 0.0103586 0.0634885 0.00369663 0.0413749 0.00284783 0.0162022 0.184123 0.0119636 3.7131e-06 0.195892 0.0010673 0.0218134 9.39001e-05 
0.906032 1.57836e-05 0.0224703 8.24064e-07 0.00861373 0.00191102 0.0246613 0.0183082 0.00544501 0.000172888 0.000674197 1.89527e-05 0.011646 3.02164e-05 
0.728844 5.05158e-07 0.105315 5.05082e-07 0.0552637 5.05278e-07 5.05602e-07 0.0531418 0.015218 0.00181904 0.0363002 5.05068e-07 0.00409536 5.05513e-07 
0.890024 1.23298e-11 0.0213887 1.5507e-07 2.64827e-08 7.39144e-08 0.00229699 0.00614612 0.00198884 8.97378e-07 0.00179244 1.46365e-11 0.0763615 7.94793e-09 
0.578934 0.0030127 0.068414 0.000997203 0.0369432 0.0161997 0.0645363 0.111835 0.0203636 0.000130755 0.0675694 0.000932342 0.0294734 0.000658558 
0.783233 7.94406e-06 0.0237063 0.000242104 0.0265732 0.000405204 0.00247971 0.0681647 0.00335626 0.00393125 0.06145 2.92827e-06 0.0259847 0.000462883 
0.926589 3.76101e-12 0.00734421 4.34769e-12 0.0230894 0.000360697 0.000375652 0.0347192 0.00109321 3.92194e-09 0.00466004 4.46463e-12 0.00175391 1.48795e-05 
0.343512 0.0108872 0.175923 5.75278e-06 0.107677 0.000854638 0.0732157 0.0653714 0.0115357 1.5552e-05 0.195926 0.00308197 0.00523302 0.00676025 
0.674653 0.00351359 0.0908618 0.000418144 0.0455752 0.0107536 0.0279488 0.0663338 0.00659579 0.000334882 0.0407172 0.00273375 0.0294196 0.000140891 
0.432468 0.000509193 0.0557633 0.000355939 0.284486 0.00434316 0.0308756 0.0710749 0.0324539 0.00263865 0.0458905 0.00545586 0.0304638 0.00322061 
0.615511 0.000420813 0.0270981 3.45257e-05 0.112233 0.000862786 0.0266754 0.0339695 0.00819298 1.29396e-05 0.0858394 0.00795847 0.0486007 0.03259 
0.49723 0.000210472 0.011092 0.00188785 0.0735911 0.000494364 0.00353786 0.0439878 0.0107268 4.8605e-07 0.340242 0.00160539 0.0153373 5.63726e-05 
0.595917 3.1355e-05 0.00465939 2.37912e-08 0.00934055 4.71239e-05 0.00319464 0.00299248 0.0212164 5.38975e-05 0.325286 1.92082e-06 0.0371733 8.58049e-05 
0.931388 1.44953e-11 0.00649761 1.67565e-11 0.0249132 0.000236189 0.00114331 0.0299042 0.00170877 6.70059e-09 0.00305036 3.2333e-08 0.00114811 9.74926e-06 
0.577329 4.33066e-08 0.0446513 1.65709e-11 0.161353 1.85236e-07 0.0228241 0.0234479 0.00140077 1.47919e-08 0.149511 8.31001e-08 0.0193193 0.000163864 
0.775706 0.00201128 0.0352723 0.000679082 0.0353944 0.0024127 0.024214 0.0391185 0.00419208 0.000496448 0.0734162 0.000192674 0.00670552 0.000188398 
0.523166 1.15025e-06 0.234389 9.61074e-06 0.0588778 9.72787e-06 0.00167662 0.136242 0.000209759 0.000341472 0.0403794 1.70835e-06 0.00434003 0.000355987 
0.748484 0.00622996 0.158055 4.79779e-08 0.0231887 7.69519e-06 0.0103049 0.0520292 0.000175426 4.23964e-08 0.00148708 4.54866e-06 3.34066e-05 3.71789e-07 
0.908468 0.000584612 0.0083371 5.92595e-05 0.0141611 0.000529083 0.00180763 0.0434254 0.00076819 0.000520895 0.0183268 4.69995e-06 0.00291293 9.44514e-05 
0.469082 6.62042e-07 0.100853 1.7969e-06 0.155537 0.000176907 0.0547606 0.153457 0.0157098 4.96043e-07 0.0491884 0.000151674 0.00103672 4.43523e-05 
0.839204 0.000558696 0.0350092 5.55119e-05 0.0309505 0.000469172 0.0102696 0.0530489 0.00293763 0.000198807 0.0239779 5.59507e-05 0.00321525 4.90802e-05 
0.851016 0.000218234 0.0522324 3.55941e-08 0.0377601 0.000626023 0.0118827 0.0142245 0.00149115 1.1436e-09 0.00504503 1.84388e-06 0.0254787 2.34643e-05 
0.715251 0.0043654 0.0603377 0.000230091 0.126271 0.000547337 0.0294494 0.0254653 0.0122692 4.93858e-06 0.00173811 0.000145322 0.0237548 0.000170096 
0.445126 9.88537e-11 0.186812 0.000244438 0.0120393 0.0164217 0.00409023 0.0797628 0.00727333 3.83447e-05 0.245391 8.30169e-05 0.00261163 0.00010621 
0.503049 0.0162223 0.101993 0.00019385 0.119377 0.00132797 0.0424909 0.0791219 0.0392642 0.0204827 0.0527115 0.000627872 0.0228557 0.000282742 
0.338461 0.00177332 0.0418246 0.000137076 0.319386 0.00742769 0.0586018 0.0690489 0.0135541 2.24146e-05 0.0105199 0.00544201 0.116426 0.0173751 
0.971342 1.06776e-05 0.00560513 0.00136591 0.00906966 7.37276e-05 0.00267844 0.00725706 0.000295371 7.02968e-07 0.00174212 6.78212e-06 0.000544153 8.53245e-06 
0.740226 0.000391287 0.0101086 3.6654e-05 0.089483 0.00326565 0.00423225 0.0479369 0.0109854 0.000293516 0.0874355 0.000267173 0.00525865 7.92554e-05 
0.951761 2.31838e-09 0.0482106 2.68002e-09 2.037e-10 7.22565e-06 2.46532e-10 2.51022e-07 3.0516e-06 2.36824e-09 1.22011e-05 5.78217e-06 5.45996e-10 6.60325e-10 
0.372027 1.87577e-05 0.111162 6.34901e-05 0.0254619 1.32983e-07 0.102609 0.33276 0.00137602 1.62862e-07 0.0528894 5.32604e-09 0.00163181 4.79468e-08 
0.632671 0.00301034 0.0304139 3.49741e-05 0.0174849 6.78997e-05 0.0699774 0.0848669 0.0320018 2.31098e-05 0.00419489 0.000248308 0.0629673 0.0620373 
0.272196 4.33931e-05 0.23177 5.00008e-07 0.136934 0.00581987 0.00861444 0.102319 0.016964 3.14809e-08 0.218841 4.80415e-08 0.0063364 0.000161019 
0.332483 0.00141316 0.0342519 1.97675e-05 0.197375 0.00648422 0.194611 0.224104 0.00266573 1.1007e-09 0.0001786 1.20484e-05 0.00638285 1.78119e-05 
0.391894 2.22991e-10 0.0355884 2.57775e-10 0.223673 1.69469e-10 0.000910305 0.280028 0.0449826 3.959e-08 0.0138029 2.64709e-10 0.00912078 1.93405e-07 
0.77211 3.86917e-08 0.119048 4.26009e-06 0.00576618 0.000513085 0.0283171 0.0665912 0.000267018 3.98421e-07 0.00372259 6.7785e-07 0.0036591 1.22102e-07 
0.740323 0.00658323 0.0681896 0.000745858 0.0517099 0.00120008 0.0207701 0.0541506 0.00921347 0.000554492 0.0360235 0.00139934 0.00900721 0.000130088 
0.401688 5.67153e-07 0.0109619 3.11218e-06 0.280921 0.0107841 0.00186972 0.0368669 0.0922958 4.06902e-06 0.116257 0.000282117 0.0479372 0.000129351 
0.406961 1.58344e-08 0.00613598 0.000400641 0.0539788 0.00011999 0.00912599 0.058085 0.0082697 5.26652e-07 0.376426 0.00145335 0.0790248 1.80986e-05 
0.745942 0.000105577 0.00995175 2.20873e-06 0.0351952 0.00138008 0.00305 0.0774765 0.073679 7.64021e-05 0.0459526 2.75825e-06 0.00718472 1.46849e-06 
0.589251 1.43552e-06 0.134615 8.71428e-06 0.0658507 0.000301316 0.036821 0.107496 0.0113161 5.83411e-07 0.0314483 0.00262433 0.02018 8.56079e-05 
0.922755 1.62987e-05 0.000769884 0.000126145 0.000741536 1.02727e-05 0.0641736 0.00711912 0.00385327 3.22316e-10 7.50315e-06 2.35301e-05 0.000404149 8.98698e-11 
0.25872 0.0335636 0.216304 0.000680653 0.0237793 0.000349747 0.165896 0.11611 0.0496856 7.34081e-06 0.100819 1.7978e-06 0.0339212 0.000161182 
0.921261 1.58825e-06 0.00139188 1.59414e-09 0.0258976 1.53924e-05 0.000419803 0.0278174 0.000307879 0.000918055 0.0215336 3.6131e-07 0.000373248 6.21367e-05 
0.509819 0.000442319 0.0410393 0.00797195 0.127114 0.00358786 0.0111885 0.0461701 0.0137237 0.000313075 0.218269 4.53005e-05 0.0200494 0.000266353 
0.811276 1.03549e-08 0.188349 1.19702e-08 0.000238009 7.86951e-09 4.05224e-05 8.95297e-05 1.81706e-09 1.05776e-08 1.81646e-09 1.22921e-08 7.56227e-06 2.94931e-09 
0.759307 0.00240257 0.0827229 2.96828e-05 0.0610415 0.000139632 0.0272232 0.0449994 0.0137153 0.00418071 0.00252177 1.92549e-05 0.00168083 1.63515e-05 
0.555376 0.00303834 0.0674546 0.000354411 0.0639373 0.00279559 0.0367179 0.0828988 0.0120256 0.000478586 0.150666 0.000350695 0.0237105 0.000196025 
0.364278 0.00115264 0.257619 7.52267e-08 0.21502 0.00227745 0.026389 0.088809 0.00234476 4.59303e-05 0.0309075 2.56709e-07 0.0111382 1.75643e-05 
0.578346 0.0392412 0.0287736 0.00128794 0.107141 1.98909e-06 0.072279 0.14936 0.0107912 1.92165e-05 0.00963811 0.00222221 0.000897142 1.46911e-06 
0.404519 0.00277288 0.0700201 0.00106302 0.0462213 0.00397309 0.0331537 0.076431 0.0303744 0.0003465 0.315185 0.00159401 0.0131238 0.00122214 
0.309166 0.00120952 0.0383215 0.00456492 0.21717 0.00133436 0.189675 0.138497 0.0967461 9.47496e-07 0.000397951 0.00175327 0.00115624 7.17245e-06 
0.633503 0.00240407 0.0178279 0.000139758 0.0409129 0.00172865 0.0669278 0.088952 0.0129005 3.2108e-06 0.132066 0.00170014 0.000927203 6.41452e-06 
0.553812 0.00151808 0.0270299 0.0205114 0.108777 0.00331253 0.0133756 0.160985 0.0727472 7.23601e-05 0.00313279 1.34839e-05 0.0346159 9.66855e-05 
0.892706 0.0061604 0.00380066 5.13345e-09 0.0168294 0.0192046 0.000866812 0.00282339 0.0228303 1.73713e-08 0.0346274 2.43561e-07 0.000136048 1.46592e-05 
0.594263 3.5737e-11 0.00664235 4.13116e-11 0.0337909 6.9531e-07 0.343682 0.00322879 0.0142731 3.65057e-11 0.00411686 5.09497e-08 1.04111e-06 7.17608e-07 
0.763133 0.000475848 0.0139725 0.00109555 0.0314721 0.0195186 0.0529135 0.0783 0.00680716 0.0015489 0.0200427 0.00646335 0.00305722 0.00120008 
0.907168 5.04332e-05 0.00597066 2.85781e-10 0.00170736 4.22155e-05 0.0125497 0.0163392 0.00454416 9.69147e-07 0.0510724 1.11958e-06 0.000547035 6.58058e-06 
0.469491 0.000415934 0.357604 0.000145596 0.0221097 0.00171295 0.0503924 0.00912196 0.0181893 1.38916e-07 0.0264265 6.67345e-06 0.0435152 0.00086933 
0.322855 0.00179542 0.258099 0.00324624 0.0847929 0.0261895 0.0576181 0.113747 0.0255095 4.73741e-05 0.0203316 0.000235449 0.0854616 7.1027e-05 
0.921261 1.58825e-06 0.00139188 1.59414e-09 0.0258976 1.53924e-05 0.000419803 0.0278174 0.000307879 0.000918055 0.0215336 3.6131e-07 0.000373248 6.21367e-05 
0.252721 2.013e-11 0.18823 0.00119412 0.0329764 0.00330725 0.00756884 0.175107 0.0114953 0.00176661 0.115416 4.55803e-08 0.207514 0.00270283 
0.809775 7.51239e-08 0.14404 0.00102167 0.00100904 0.000122685 0.00375334 0.0189356 0.000343478 1.90602e-05 0.000820383 6.30984e-09 0.0199344 0.000225648 
0.733196 1.86306e-06 0.162407 2.00445e-08 0.0452863 0.00188227 0.00097494 0.0110143 0.0148868 5.62991e-06 0.0266201 2.24536e-06 0.00371402 8.23945e-06 
0.643945 3.08463e-05 0.144926 0.00473882 0.0273732 6.83222e-07 0.0356142 0.0965401 0.0277703 0.00124506 0.0101673 4.15074e-05 0.00760677 2.34958e-08 
0.441762 1.09117e-06 0.233747 2.99161e-08 0.109714 0.00605745 0.12447 0.0620434 0.00523003 1.5642e-05 0.00243722 0.000360456 0.013774 0.000387514 
0.477768 0.0270218 0.18111 0.00840603 0.0740626 0.0002187 0.0919517 0.0946679 0.00185833 3.95522e-05 0.0273655 0.00240617 0.013037 8.64517e-05 
0.823781 0.000281788 0.0105325 2.80008e-07 0.0276214 0.000148644 0.00315879 0.0223837 0.000691867 0.000314605 0.109656 2.61515e-06 0.000743664 0.000683499 
0.516514 9.69238e-08 0.0913435 3.39276e-08 0.301326 0.015367 0.022378 0.0207476 0.00793896 5.44186e-07 0.00610576 2.4733e-05 0.0178064 0.000447382 
0.586142 0.000297333 0.0499606 0.0172834 0.144713 0.0037592 0.0294915 0.0587386 0.0208028 0.000167628 0.0798847 0.0021304 0.00644459 0.000184323 
0.374056 0.000667635 0.189221 9.56087e-05 0.129088 0.00999179 0.0694266 0.166895 0.00919537 0.00011147 0.0203856 8.20288e-05 0.0222481 0.00853613 
0.48539 2.07533e-07 0.0365813 1.07064e-10 0.220868 0.00059057 0.00339669 0.0132593 0.0194698 1.12777e-08 0.219612 0.000102662 0.000726623 2.68382e-06 
0.960832 4.18528e-08 0.00591741 8.57144e-06 0.0123721 8.34278e-05 0.00369449 0.0146152 0.000560382 1.8184e-07 0.000895916 2.64963e-08 0.00101207 8.26955e-06 
0.629677 1.00766e-07 0.143163 0.00100828 0.0904682 7.5798e-08 0.016822 0.047587 0.0590194 4.23647e-06 0.00488034 3.29954e-06 0.00736761 1.36735e-07 
0.890024 1.23298e-11 0.0213887 1.5507e-07 2.64827e-08 7.39144e-08 0.00229699 0.00614612 0.00198884 8.97378e-07 0.00179244 1.46365e-11 0.0763615 7.94793e-09 
0.921261 1.58825e-06 0.00139188 1.59414e-09 0.0258976 1.53924e-05 0.000419803 0.0278174 0.000307879 0.000918055 0.0215336 3.6131e-07 0.000373248 6.21367e-05 
0.586563 0.0060804 0.0299024 0.000950693 0.0177921 0.0118114 0.104836 0.089719 0.00373145 2.84518e-06 0.132098 1.12889e-05 0.0163833 0.000118082 
0.612338 0.000356433 0.0606733 0.000651266 0.106088 0.00124886 0.0178606 0.0614827 0.015814 0.000116184 0.111874 0.00101991 0.00995983 0.000516344 
0.991951 1.52718e-10 0.00342593 1.7654e-10 0.000868473 0.000863652 0.00021707 0.000866014 0.000410129 4.98387e-05 0.00134762 1.47391e-07 5.50267e-08 2.21143e-07 
0.33256 0.0436365 0.0300864 0.0555056 0.0912272 8.69816e-05 0.280046 0.0482053 0.118147 5.99186e-06 7.86652e-05 3.76952e-09 0.000401755 1.26593e-05 
0.735566 0.000112305 0.173148 1.23534e-06 0.0118053 0.0118336 0.014712 0.0376034 0.00596274 3.32851e-06 0.00548735 4.83275e-05 0.00369709 1.93552e-05 
0.532498 0.0023473 0.099864 0.000356984 0.0396349 0.000726453 0.03004 0.095749 0.0503462 4.56995e-05 0.110174 0.00069748 0.0374506 6.99778e-05 
0.960832 4.18528e-08 0.00591741 8.57144e-06 0.0123721 8.34278e-05 0.00369449 0.0146152 0.000560382 1.8184e-07 0.000895916 2.64963e-08 0.00101207 8.26955e-06 
0.321784 2.51328e-05 0.107727 0.133922 0.128825 0.00134555 0.0800246 0.162615 0.0351012 4.49903e-05 0.00182075 0.00280918 0.0237928 0.0001618 
0.426847 4.16385e-07 0.0796816 4.16322e-07 0.353828 0.000791737 0.0179207 0.0149208 4.16722e-07 0.004414 0.0977216 0.0038721 4.16698e-07 4.16678e-07 
0.479661 0.0027027 0.402154 0.000381793 0.00987018 0.00214392 0.0194854 0.0409945 0.0087759 0.000185466 0.0260982 9.15962e-05 0.00743258 2.30211e-05 
0.18862 4.8126e-05 0.141951 0.0584569 0.0431105 0.00638255 0.0102884 0.156196 0.0655014 0.166969 0.00570265 3.1661e-10 0.156059 0.000713645 
0.931958 1.45091e-06 0.00117336 1.26382e-07 0.0183169 1.6032e-05 0.00044555 0.0256405 0.000243271 0.00581461 0.0159651 4.02094e-07 0.000325967 9.82385e-05 
0.898889 0.000242861 0.0102556 8.18316e-06 0.0487709 0.000132941 0.00810791 0.0260035 0.00117493 2.82059e-05 0.000769414 4.49602e-06 0.00238985 0.00322197 
0.643929 2.55768e-11 0.137851 2.94308e-09 0.0837898 3.07606e-06 0.00173539 0.0698788 0.000204033 1.1227e-07 0.0602813 3.06665e-05 0.00229612 2.65325e-07 
0.686581 0.000538627 0.00212498 0.000470632 0.198457 0.00119589 0.0214115 0.0356248 0.0263362 3.91522e-07 0.0241938 0.00178453 0.00120795 7.29357e-05 
0.3653 0.0759277 0.0957181 0.000967314 0.149808 0.00301116 0.123697 0.113783 0.034246 0.000394982 0.0207343 0.000336397 0.0153685 0.000707917 
0.325618 0.0168694 0.254866 0.00358341 0.0781295 0.00164741 0.152988 0.107204 0.0263466 8.71649e-07 0.00878136 0.00593635 0.0179985 3.11606e-05 
0.584887 0.00720415 0.0564045 0.00083321 0.0704465 0.00225844 0.0103025 0.0225755 0.0219826 9.89718e-06 0.2026 0.00159952 0.0173724 0.00152456 
0.664726 7.0177e-06 0.0433828 8.35806e-07 0.022121 0.201694 0.0431003 0.0231422 0.00161638 3.75192e-06 0.000203468 1.93266e-07 1.15374e-06 2.35935e-07 
0.631216 1.65213e-11 0.00638977 2.96956e-08 0.257657 1.84341e-06 0.000404532 0.0264585 0.00414133 2.11959e-07 0.072827 6.09895e-09 0.000884538 1.94364e-05 
0.967563 3.95445e-08 0.0031532 4.5713e-08 0.0126528 0.000763604 0.00248922 0.0103143 0.00139269 2.40957e-07 0.00126581 4.68155e-06 0.000396129 4.13142e-06 
0.774333 0.000108252 0.00253714 5.37237e-06 0.0186085 0.00343191 0.0167677 0.0367925 0.00347582 1.08057e-05 0.118457 0.0157909 0.00957726 0.000103185 
0.856132 0.000884646 0.00126793 9.65164e-08 0.041175 0.00349602 0.0269143 0.00618728 0.00253825 7.07902e-09 0.0614026 2.28138e-08 5.20038e-08 2.12532e-06 
0.497071 0.000997332 0.113709 0.00131271 0.110364 0.000314273 0.0523331 0.156543 0.00457957 0.000266727 0.058554 4.09672e-08 0.00387232 8.30092e-05 
0.941129 8.2234e-06 0.0248714 2.65774e-11 0.000902034 0.00147663 8.93856e-09 0.00185078 0.001749 6.85205e-07 0.0278444 5.70574e-08 0.000168226 2.46471e-08 
0.51835 0.000159299 0.0649037 0.000635239 0.0731855 0.00363598 0.172451 0.126554 0.0110052 0.000523119 0.00475938 0.00567259 0.0180897 7.54317e-05 
0.569947 0.00524692 0.0246296 3.20574e-05 0.0982595 0.00110831 0.0379843 0.207041 0.01097 2.07324e-06 0.0416488 0.000290845 0.00282762 1.17548e-05 
0.918286 3.86412e-12 0.00757721 4.46689e-12 0.0260532 0.000467279 0.00039647 0.0388659 0.00114495 4.57569e-07 0.00530675 4.58704e-12 0.0018866 1.53971e-05 
0.817169 1.19712e-05 0.0261803 3.35489e-05 0.0537623 0.00015875 0.00245906 0.0446147 0.000650196 0.000699077 0.0486972 0.000131939 0.000839708 0.00459264 
0.810308 0.000674536 0.105232 0.0273369 0.0309835 1.27906e-06 0.0202058 0.00149628 8.25007e-05 9.01363e-10 4.56596e-05 3.6062e-05 0.0035853 1.23227e-05 
0.752321 2.16063e-07 0.0297705 4.4227e-08 0.0408038 1.86714e-06 0.0391779 0.00930243 0.0125472 6.07782e-08 0.112805 0.000108533 0.00316129 6.17989e-08 
0.452299 3.55192e-10 0.202566 4.47215e-07 0.0327094 1.51294e-06 0.00163366 0.0382866 0.000181485 2.72386e-08 0.271477 4.21642e-10 0.000844988 5.88144e-08 
0.90029 6.64476e-12 0.00860633 7.68127e-12 0.0157995 0.000419681 0.00245124 0.0382172 0.00126194 1.86516e-06 0.0315379 9.20911e-09 0.00139915 1.4947e-05 
0.732934 1.81763e-07 0.0045749 1.06177e-05 0.0939531 2.25597e-05 0.00898412 0.121174 0.00245152 0.000320278 0.0331376 9.74064e-05 0.00225125 8.87709e-05 
0.797233 0.0252825 0.0399224 5.5806e-05 0.0237603 0.00337684 0.0341832 0.00825816 0.0392433 1.42671e-05 0.0278722 4.72314e-05 0.000747903 2.9846e-06 
0.81503 0.00063666 0.019055 1.47706e-07 0.0644865 2.56374e-05 0.0314812 0.0596394 0.00205784 0.000399982 0.00354579 0.00136754 0.00226335 1.14474e-05 
0.689401 0.00184348 0.0333756 0.00115966 0.0493439 0.00134668 0.0182859 0.0588978 0.00835505 0.00167095 0.121458 0.000935128 0.0137781 0.000148722 
0.618647 8.96955e-12 0.0444558 3.54642e-05 0.181149 0.00119378 0.0837801 0.049499 0.00351595 1.11877e-06 0.000732281 0.0024114 0.014563 1.68381e-05 
0.371333 0.000844711 0.0464842 0.000114757 0.0531707 0.00598082 0.0327663 0.172272 0.0186942 0.000363758 0.274332 0.00132172 0.0222779 4.32968e-05 
0.365816 4.45094e-11 0.119651 3.72902e-05 0.169341 0.000363639 0.0109027 0.119649 0.00262026 3.71786e-05 0.196316 0.000928245 0.0142168 0.00011921 
0.75672 2.11651e-08 0.0232045 3.11207e-10 0.0463442 0.000915709 0.00442344 0.0686618 0.0548246 0.000762374 0.00158221 0.000723001 0.0417816 5.7019e-05 
0.454447 0.000557915 0.082226 0.000172061 0.0379212 0.0116693 0.0159413 0.184069 0.0214815 8.08521e-05 0.168309 0.000156498 0.0220966 0.000870578 
0.538475 8.18903e-08 0.0601136 5.89195e-05 0.0159568 0.00140048 0.0110008 0.187683 0.00313855 0.000112926 0.169065 8.06188e-05 0.012856 5.80913e-05 
0.614273 0.000117744 0.0103205 0.000226653 0.00635798 0.000433586 0.0671323 0.0418634 0.00318516 6.21671e-05 0.243306 0.00166754 0.0110421 1.21846e-05 
0.921261 1.58825e-06 0.00139188 1.59414e-09 0.0258976 1.53924e-05 0.000419803 0.0278174 0.000307879 0.000918055 0.0215336 3.6131e-07 0.000373248 6.21367e-05 
0.89123 3.68435e-05 0.00248079 2.07619e-06 0.0345546 0.000164634 0.00892502 0.026358 0.00183089 0.00308958 0.0274854 1.24616e-06 0.00373672 0.000103871 
0.902421 1.904e-09 0.0178458 8.1459e-06 0.00581164 0.000114524 0.0424133 0.01843 0.00478481 3.30903e-07 0.00736174 4.49849e-06 0.000790732 1.34311e-05 
0.890024 1.23298e-11 0.0213887 1.5507e-07 2.64827e-08 7.39144e-08 0.00229699 0.00614612 0.00198884 8.97378e-07 0.00179244 1.46365e-11 0.0763615 7.94793e-09 
0.712051 1.03268e-06 0.145424 1.03252e-06 0.0154017 0.0142554 1.03359e-06 1.03363e-06 1.03351e-06 1.03265e-06 0.0795814 1.03249e-06 0.0332783 1.0334e-06 
0.787997 0.000191444 0.168611 2.7773e-10 0.00902035 0.00214454 0.0119516 0.00920146 0.00702819 9.97079e-08 0.00169219 4.26144e-05 0.00211523 3.74121e-06 
0.76727 0.0090315 0.0207974 5.22853e-05 0.00415658 0.000163882 0.161516 0.00535525 0.00448189 1.33228e-05 0.0141018 3.04455e-05 0.0130292 8.20912e-08 
0.718068 0.000432878 0.0595379 8.53162e-05 0.0375193 0.00171295 0.0190637 0.0443055 0.0612747 3.1286e-05 0.0555816 3.28812e-05 0.00234584 8.41475e-06 
0.792376 1.28268e-12 0.0427304 1.48276e-12 0.0159348 0.000204505 8.83724e-08 7.17775e-07 2.35663e-08 6.94572e-09 0.148118 1.59893e-08 0.000635203 9.02413e-09 
0.499619 2.15192e-06 0.179082 6.34305e-05 0.0746785 0.00145718 0.0396722 0.0883132 0.00616271 8.48339e-10 0.0656772 1.08094e-05 0.0451987 6.32208e-05 
0.862174 1.23468e-10 0.0010495 1.42727e-10 0.0118116 3.34124e-08 1.98732e-07 0.015262 8.32445e-05 1.57417e-08 0.109435 2.68814e-05 0.000156212 1.30645e-06 
0.682617 0.00255398 0.06842 1.07208e-07 0.0272298 0.000221583 0.0304264 0.0397284 0.0109952 5.96199e-09 0.137237 4.18939e-06 0.000561063 5.26052e-06 
0.588691 9.91555e-12 0.00298648 1.14623e-11 0.00900225 1.74748e-07 0.000185882 0.00255273 0.00140088 1.01288e-11 0.306571 0.0884933 0.000116314 6.80128e-08 
0.835923 0.000605763 0.00806391 0.00122469 0.0767901 0.00174288 0.0146474 0.0377781 0.00821427 3.57043e-06 0.0107674 4.14916e-06 0.00422111 1.32337e-05 
0.645439 9.54608e-10 0.0935649 9.94313e-05 0.0125894 9.5265e-06 0.0315057 0.00362603 0.000598294 1.28864e-07 0.212182 3.45535e-09 0.000386197 7.35451e-09 
0.672141 3.17452e-05 0.122209 3.29404e-05 0.0178735 0.00400203 0.02475 0.108013 0.00214849 0.000524437 0.0421266 0.000151832 0.00569308 0.000302121 
0.993005 2.90947e-11 0.00215259 3.36332e-11 8.11649e-07 3.31694e-07 0.00484075 1.32076e-07 5.1055e-12 2.97205e-11 5.1038e-12 3.45379e-11 6.85204e-12 8.28683e-12 
0.358913 0.000682892 0.0692852 0.0217007 0.0432675 0.0103938 0.141455 0.265845 0.0807788 4.0642e-05 0.00191435 0.00110419 0.00459911 1.92148e-05 
0.955596 0.000123303 0.00617714 1.58767e-05 0.00465657 0.0164782 0.00188918 0.0082759 0.000351884 2.30755e-06 0.00601899 6.19567e-06 0.000396402 1.22366e-05 
0.824403 0.00906476 0.0739248 3.36071e-06 0.0344101 7.06112e-05 0.0202869 0.0268259 0.00262127 0.000203885 0.00481513 1.01615e-05 0.00331508 4.47795e-05 
0.669047 6.56445e-05 0.0111018 0.000333513 0.0831838 0.003936 0.0107799 0.0232886 0.0280875 6.41681e-06 0.166292 4.84483e-05 0.00374138 8.80517e-05 
0.638858 5.7944e-05 0.022843 0.0102737 0.140593 0.000881331 0.0172486 0.140109 0.0118647 2.32795e-05 0.00870176 0.00200169 0.00650496 3.8905e-05 
0.584913 2.07702e-08 0.149838 9.71606e-06 0.0336836 1.50449e-05 0.00424617 0.0918463 0.000398478 2.38975e-07 0.133006 0.000125959 0.0018782 3.93712e-05 
0.960832 4.18528e-08 0.00591741 8.57144e-06 0.0123721 8.34278e-05 0.00369449 0.0146152 0.000560382 1.8184e-07 0.000895916 2.64963e-08 0.00101207 8.26955e-06 
0.540305 1.12927e-11 0.106423 1.46778e-05 0.0208033 0.0224153 0.0191637 0.274043 0.0020078 1.75415e-08 0.0096529 3.97515e-05 0.00507944 5.21673e-05 
0.954285 2.18773e-06 0.00323806 7.49704e-09 0.0309251 0.000310398 0.000748897 0.00643429 0.000446691 0.0015412 0.000386477 2.24949e-08 0.00145707 0.000224678 
0.270858 1.48511e-07 0.0650008 0.0016948 0.103873 0.00305478 0.124436 0.112762 0.0501602 4.03841e-06 0.125512 0.00409342 0.134106 0.00444448 
0.407628 1.963e-09 0.139006 0.00989527 0.097558 0.000949523 0.0897378 0.168627 0.0244032 6.14892e-05 0.000497276 0.000212622 0.0614119 1.21525e-05 
0.692996 0.000831088 0.0624135 0.0015108 0.077435 0.000605931 0.0258743 0.0474196 0.0113627 0.00703931 0.065502 7.53775e-05 0.00678077 0.00015368 
0.378687 0.000431118 0.0900402 5.0369e-05 0.100691 0.000146955 0.0796021 0.0645325 0.0127578 1.27993e-07 0.0147816 0.00264716 0.255558 7.4264e-05 
0.483038 6.93317e-06 0.0549088 0.000470185 0.0178671 0.0260263 0.0974368 0.184707 0.135137 2.00447e-07 0.00039971 1.22229e-06 4.85792e-07 5.06246e-10 
0.588548 0.00329876 0.0741933 0.000640969 0.036445 0.0282254 0.10381 0.0568851 0.00299876 1.71187e-05 0.0844142 0.000865264 0.0195384 0.000119248 
0.416543 0.00136747 0.0485284 0.0029122 0.0407027 0.00167502 0.0243107 0.0567007 0.0161827 4.11937e-05 0.381503 0.00246165 0.0065512 0.000520136 
0.581672 0.000363726 0.181734 1.71006e-05 0.0633123 0.0037836 0.0447789 0.0746815 0.00884274 9.38936e-06 0.0157897 5.03258e-06 0.0249773 3.2565e-05 
0.788534 0.017994 0.00198226 0.00501889 0.0658437 5.79107e-10 0.00570431 0.0230485 0.00902179 1.14589e-06 0.0825388 0.000312986 1.79458e-10 2.17036e-10 
0.712383 6.58692e-05 0.0424371 0.00619259 0.0269297 0.00392144 0.0693315 0.0685908 0.0128154 1.35003e-05 0.0126769 0.000140253 0.0444396 6.20631e-05 
0.653774 5.0264e-08 0.0865871 8.92473e-06 0.145693 0.00813608 0.0179016 0.0209078 0.00752672 1.57723e-06 0.00506292 1.15606e-05 0.0541461 0.000242196 
0.340409 0.000111227 0.0974328 0.00232645 0.105257 0.00252752 0.0797948 0.14189 0.0376455 0.00024413 0.156993 6.56005e-05 0.0351647 0.000138729 
0.942696 7.7563e-06 0.0257946 1.01222e-09 0.00609704 4.36106e-08 0.00111348 0.00754903 0.000233262 1.6287e-05 0.0157388 0.00015507 0.000598271 3.59526e-08 
0.406615 1.15534e-06 0.398947 0.000272326 0.0171235 0.00139366 0.038606 0.0610956 0.0112621 3.25749e-05 0.054997 0.000587321 0.00900662 6.07046e-05 
0.370885 3.70692e-08 0.0279094 4.28516e-08 0.00083576 0.00208918 0.115312 0.324443 0.0017131 2.34003e-06 0.148318 4.56133e-06 0.00848755 1.63141e-07 
0.787607 7.29109e-06 0.0186441 4.22873e-05 0.0223177 0.00847425 0.0766534 0.0542049 0.00236455 4.27804e-07 5.12105e-06 0.00766359 0.0220153 5.84593e-07 
0.921261 1.58825e-06 0.00139188 1.59414e-09 0.0258976 1.53924e-05 0.000419803 0.0278174 0.000307879 0.000918055 0.0215336 3.6131e-07 0.000373248 6.21367e-05 
0.411937 0.000813679 0.102837 0.000403158 0.132643 0.0237105 0.064398 0.147573 0.0170522 0.000232611 0.0627391 0.00557156 0.019818 0.0102707 
0.447792 0.00270646 0.0190174 0.00143502 0.330653 0.000191347 0.108888 0.0640625 0.0117397 1.99454e-08 2.00275e-05 0.000317152 0.0131186 5.86931e-05 
0.507922 0.00010024 0.118525 0.000488642 0.0595927 0.00727967 0.0399808 0.0742754 0.0324349 1.17768e-05 0.157445 7.97457e-07 0.00191687 2.66318e-05 
0.698628 0.000926132 0.0779384 0.000144413 0.0323456 0.00161975 0.0297141 0.0232657 0.00441071 4.11629e-06 0.112298 0.000457904 0.0181332 0.000114608 
0.979702 9.87041e-12 0.000340758 4.36955e-08 0.00949378 0.000102884 0.00346731 0.00688808 1.366e-07 6.22691e-09 7.45342e-08 1.66651e-06 3.46169e-06 8.50856e-09 
0.608486 1.39349e-05 0.0614443 1.76824e-05 0.141562 0.00241462 0.0834712 0.0884338 0.00189577 0.000659969 0.000960041 0.00470122 0.0059267 1.33329e-05 
0.587934 1.04016e-07 0.14813 0.00936473 0.034077 0.0040457 0.00250213 0.0110491 0.00170446 8.27009e-06 0.154102 8.2041e-06 0.0463999 0.000674965 
0.491076 0.0262662 0.370086 1.39537e-10 0.00596308 0.000213058 0.0330256 0.0285254 0.010469 8.58491e-06 0.0215315 0.000113986 0.0124934 0.000227622 
0.92481 0.000170158 0.0130222 8.91487e-11 0.00701661 2.78681e-07 0.000205883 0.00167744 0.000752411 8.71436e-10 0.0169366 1.88398e-07 0.0354066 1.15058e-06 
0.345571 1.44946e-10 0.27753 1.67555e-10 0.200389 6.45037e-05 0.0032903 0.163959 0.002931 0.000122175 0.00614175 9.98867e-07 1.52701e-08 3.98034e-08 
0.774543 0.00123573 0.0148679 0.000228589 0.040758 8.68044e-11 0.000614703 0.0435472 0.0910277 1.16676e-10 0.0322532 1.35588e-10 0.00092405 1.92831e-08 
0.6843 0.000689412 0.112383 0.00128789 0.01247 0.00099898 0.0111661 0.11252 0.0406679 1.77867e-05 0.0211323 2.03264e-06 0.00217377 0.000191318 
0.41379 0.07943 0.121431 7.32302e-05 0.0818528 0.0488854 0.0544712 0.143138 0.0141905 1.62277e-10 0.0298134 0.000552474 0.0121687 0.000202792 
0.479044 1.6766e-06 0.0612394 9.62424e-11 0.0525124 0.0141061 0.0717264 0.186931 0.000745153 0.000251746 0.124615 0.00124482 0.00756159 2.00646e-05 
0.666506 1.4947e-10 0.104568 1.42037e-06 0.0366427 0.0549702 0.0100963 0.00289417 0.0919941 2.94006e-06 0.0321011 3.92904e-05 0.000178444 5.59303e-06 
0.600353 0.000397606 0.132312 2.17526e-06 0.00644061 0.000848104 0.024945 0.00291726 0.0198482 0.000137783 0.116766 0.0942835 0.000748501 4.87732e-07 
0.640936 0.0186322 0.142122 0.000123607 0.0209459 0.000364517 0.0199822 0.0865326 0.00473626 0.00325288 0.0318439 4.44609e-05 0.0302784 0.000204929 
0.278181 9.16033e-06 0.229978 0.000495945 0.254611 0.0155573 0.0351904 0.0687354 0.0515512 0.00612218 0.0478291 0.00642099 0.00530547 1.306e-05 
0.689035 0.000546382 0.163434 5.86779e-07 0.0315921 0.000880641 0.0508585 0.0384247 0.0078764 2.05172e-06 0.0113347 9.50781e-05 0.00387213 0.00204721 
0.332103 0.00150188 0.302358 0.000888683 0.0898624 0.0157545 0.0757669 0.0761049 0.0194162 0.000646616 0.0537318 0.000226622 0.0306899 0.000948394 
0.8249 2.19222e-07 0.0117605 1.51391e-06 0.0193029 0.00226974 0.0205039 0.012814 0.0282919 2.25757e-07 0.0783616 1.49069e-09 0.00179288 2.63284e-07 
0.252721 2.013e-11 0.18823 0.00119412 0.0329764 0.00330725 0.00756884 0.175107 0.0114953 0.00176661 0.115416 4.55803e-08 0.207514 0.00270283 
0.401064 0.000372243 0.107673 0.00150664 0.0400701 0.11471 0.0133843 0.14455 0.00835 0.000110243 0.135523 0.00120253 0.0314055 7.92162e-05 
0.350078 0.0226409 0.00900094 0.000617678 0.0389708 0.0107644 0.205269 0.0971213 0.00375209 3.78621e-06 0.234808 0.000447904 0.0264595 6.60561e-05 
0.694537 4.49728e-11 0.0996855 1.5118e-05 0.0464872 0.021764 0.0041566 0.116822 0.000582087 5.14528e-08 0.00270781 7.86576e-08 0.0131898 5.22985e-05 
0.673306 0.00112004 0.104625 2.15571e-05 0.0401939 0.00142222 0.0318803 0.0811788 0.0119769 0.00108509 0.0352907 0.000240396 0.0173556 0.000303407 
0.497009 0.000147298 0.061483 2.18915e-05 0.282409 0.00668822 0.0143632 0.0769314 0.0237743 1.76512e-05 0.0284171 3.1952e-05 0.00865862 4.77874e-05 
0.926589 3.76101e-12 0.00734421 4.34769e-12 0.0230894 0.000360697 0.000375652 0.0347192 0.00109321 3.92194e-09 0.00466004 4.46463e-12 0.00175391 1.48795e-05 
0.964947 2.46022e-07 0.00747854 6.92578e-06 0.00989838 6.68844e-05 0.00295598 0.0116929 0.00044849 1.56592e-07 0.00168755 2.57966e-08 0.000810082 6.65499e-06 
0.670835 0.00384276 0.0579133 0.00147426 0.064988 0.00579823 0.0401193 0.0436698 0.0332419 7.71119e-05 0.0514188 0.00222549 0.024071 0.000325384 
0.593091 0.000141197 0.112036 1.00045e-07 0.118219 0.00878723 0.0189605 0.0650677 0.0290406 1.66836e-06 0.0492085 3.01319e-06 0.00532051 0.00012342 
0.34935 4.13523e-07 0.130319 0.00567946 0.152595 0.000445096 0.0266471 0.215549 0.0244363 1.53442e-05 0.00101108 0.000359292 0.0932984 0.000294836 
0.502033 0.00363101 0.145013 0.00133133 0.0556308 0.0131123 0.0652075 0.077272 0.0412189 0.000375878 0.0682853 0.00209607 0.0220473 0.00274514 
0.437793 1.38286e-07 0.0537182 7.91356e-09 0.170488 0.000784592 0.0397603 0.197352 0.0255977 1.941e-05 0.00337636 6.87677e-06 0.0710047 9.95142e-05 
0.731391 0.000154137 0.078034 0.000328525 0.0121687 4.65127e-06 0.0908509 0.0392178 0.0194424 1.16933e-07 0.00753449 0.00740645 0.0133749 9.18201e-05 
0.774828 0.00982106 0.0318695 2.52741e-05 0.059183 0.00046602 0.0168329 0.0283819 0.0108102 0.000366197 0.0657692 0.000424283 0.0011848 3.73112e-05 
0.598624 1.27638e-11 0.138145 2.44529e-05 0.0119632 0.0362636 0.00692604 0.1947 0.000969431 2.84941e-08 0.00451067 4.35645e-08 0.00778744 8.69397e-05 
0.989688 2.90751e-06 0.000316151 5.51912e-09 0.00242251 4.19507e-05 5.05686e-05 0.000628392 7.60528e-05 0.00585914 0.000714516 5.38352e-12 0.000107308 9.28612e-05 
0.913237 0.000137832 0.000672867 5.54888e-10 0.00199113 3.64798e-10 0.0109615 0.000180653 0.000906808 1.63845e-09 0.0719126 5.69813e-10 1.13046e-10 1.48624e-08 
0.314824 0.00104657 0.273814 0.000744221 0.0964226 0.00451883 0.0570633 0.0909124 0.0288231 0.000169766 0.0555704 0.000482022 0.0746009 0.00100777 
0.766734 1.36873e-07 0.0174497 1.60615e-10 0.0948416 1.21064e-07 0.0171293 0.0962477 0.0047866 1.49262e-07 0.00161205 1.64935e-10 0.0011991 1.33921e-08 
0.433573 0.00078667 0.0452287 1.21338e-07 0.227874 0.000583409 0.0716284 0.0804946 0.00910595 5.82814e-06 0.0461726 0.000239084 0.0842755 3.27614e-05 
0.787997 0.000191444 0.168611 2.7773e-10 0.00902035 0.00214454 0.0119516 0.00920146 0.00702819 9.97079e-08 0.00169219 4.26144e-05 0.00211523 3.74121e-06 
0.913237 0.000137832 0.000672867 5.54888e-10 0.00199113 3.64798e-10 0.0109615 0.000180653 0.000906808 1.63845e-09 0.0719126 5.69813e-10 1.13046e-10 1.48624e-08 
0.787997 0.000191444 0.168611 2.7773e-10 0.00902035 0.00214454 0.0119516 0.00920146 0.00702819 9.97079e-08 0.00169219 4.26144e-05 0.00211523 3.74121e-06 
0.496816 1.40521e-06 0.304046 0.000227453 0.0351506 0.00201607 0.0593112 0.0962419 0.00212241 1.43543e-06 0.00338448 0.000130534 0.000509409 4.02089e-05 
0.470261 1.26087e-06 0.0468733 7.48101e-06 0.101492 1.00903e-05 0.0314214 0.0373688 0.0198588 0.00907039 0.255199 6.59443e-05 0.0269381 0.00143233 
0.424422 0.000141168 0.0670574 6.80261e-05 0.146043 0.00131395 0.0390271 0.205707 0.00910584 1.19383e-05 0.0273495 0.0259088 0.0523011 0.00154213 
0.352656 4.34142e-08 0.0142497 0.000136299 0.200612 1.17925e-07 0.17407 0.227166 0.021279 1.22922e-06 0.00770122 1.25434e-10 0.00210527 2.35235e-05 
0.502404 2.15119e-10 0.0346684 0.000337452 0.000171521 0.000211873 0.0562297 0.237203 0.0100489 3.42994e-07 0.00308216 2.37289e-06 0.15564 4.93552e-08 
0.629934 0.00264188 0.045572 1.57127e-05 0.0788762 2.43446e-05 0.0473414 0.138318 0.00526613 6.47659e-08 0.0496982 0.000296808 0.00198117 3.45473e-05 
0.960832 4.18528e-08 0.00591741 8.57144e-06 0.0123721 8.34278e-05 0.00369449 0.0146152 0.000560382 1.8184e-07 0.000895916 2.64963e-08 0.00101207 8.26955e-06 
0.697548 1.61371e-07 0.00552084 4.42115e-11 0.0662372 6.36352e-07 0.0042302 0.0789832 0.0175267 3.56489e-09 0.0336577 0.000154036 0.0961152 2.63313e-05 
0.830377 0.0158177 0.0167351 1.0704e-09 0.0209204 0.00877335 0.0600781 0.00097256 0.00381473 9.45874e-10 0.042511 1.09919e-09 2.37549e-07 2.68414e-07 
0.452143 0.00275203 0.0911912 6.8935e-05 0.192945 0.00247838 0.119263 0.095983 0.0340644 6.31892e-06 0.00219193 0.00202896 0.00316341 0.00171994 
0.452299 3.55192e-10 0.202566 4.47215e-07 0.0327094 1.51294e-06 0.00163366 0.0382866 0.000181485 2.72386e-08 0.271477 4.21642e-10 0.000844988 5.88144e-08 
0.811968 0.000797564 0.00489612 9.74171e-06 0.0568156 0.00042125 0.00755137 0.0359542 0.0172779 6.12872e-06 0.0272561 0.0035543 0.0324701 0.00102142 
0.806559 9.17902e-07 0.0382135 1.72956e-06 0.0248939 0.000950182 0.00120205 0.0675227 0.000389852 0.0101195 0.0463889 8.59849e-07 0.00335227 0.000404365 
0.720993 0.000956886 0.0573211 0.000243072 0.0284676 0.000286653 0.0393879 0.104128 0.00363351 0.000447052 0.020203 0.000255185 0.0234246 0.000252356 
0.471953 2.50356e-08 0.334252 2.89409e-08 0.0980109 0.000834239 0.00272838 0.00410712 0.0635184 2.55741e-08 0.0209846 0.00299222 0.000619133 3.02418e-07 
0.801852 0.00446362 0.00481089 7.47174e-07 0.0122817 1.16089e-09 0.00307772 0.0612811 0.00559197 2.12922e-06 0.106253 0.000175864 0.000206523 2.13345e-06 
0.516414 0.00309848 0.100564 0.00789445 0.0539213 0.0108625 0.0534503 0.0875411 0.0452103 0.000174288 0.103169 0.00171517 0.0142565 0.00172852 
0.383438 5.42442e-05 0.203726 0.00282753 0.0041684 4.20927e-05 0.0446555 0.060154 0.0931881 1.95762e-06 0.0441662 1.32877e-05 0.163558 6.31008e-06 
0.719022 2.0608e-05 0.00695763 8.04237e-06 0.029472 3.01958e-05 0.00682224 0.0471236 0.00438556 0.00222491 0.181876 3.41693e-05 0.00139881 0.000624413 
0.993314 4.06314e-06 6.33326e-05 4.27401e-09 0.00219712 5.87021e-05 7.0787e-05 0.000610345 0.000106453 0.00301712 0.000278348 2.5444e-12 0.000150211 0.000129984 
0.347931 5.96847e-05 0.0182658 0.000363237 0.16189 0.00277768 0.0277402 0.0462087 0.00330491 7.45307e-06 0.290782 0.0894264 0.0112219 2.06447e-05 
0.539442 1.88038e-08 0.153295 0.000639497 0.125978 0.0032538 0.011165 0.0211029 0.0161395 1.78652e-05 0.0245014 1.26689e-05 0.104167 0.00028582 
0.349705 1.11713e-06 0.344936 0.00398461 0.0566351 6.78763e-05 0.0326309 0.172933 0.000980578 0.00031861 0.034719 0.000101877 0.00293127 5.60407e-05 
0.813467 0.000132669 0.00219956 1.44936e-06 0.00427006 0.0502154 0.000565817 0.00014542 0.0487587 4.38579e-07 0.0800704 0.000119153 5.23703e-05 1.14214e-06 
0.558275 8.20685e-05 0.040227 0.000974338 0.0738443 0.00324373 0.0259307 0.0747991 0.00751662 9.18684e-06 0.168144 0.00208515 0.0440857 0.000783302 
0.628277 0.000220314 0.038184 8.34663e-05 0.10518 0.00371238 0.0709224 0.054947 0.0455348 2.87723e-05 0.0509994 2.17775e-05 0.00188291 5.84218e-06 
0.515768 0.000975123 0.00810976 3.19906e-07 0.0784139 4.43401e-05 0.0193022 0.0442284 0.00386695 5.52613e-06 0.327822 7.47852e-06 0.00143451 2.15935e-05 
0.670117 0.0180281 0.073359 0.0108958 0.0922525 0.000606216 0.0404974 0.0582798 0.0131553 2.72557e-06 0.00861135 0.000432451 0.0136616 0.000100772 
0.643945 3.08463e-05 0.144926 0.00473882 0.0273732 6.83222e-07 0.0356142 0.0965401 0.0277703 0.00124506 0.0101673 4.15074e-05 0.00760677 2.34958e-08 
0.48539 2.07533e-07 0.0365813 1.07064e-10 0.220868 0.00059057 0.00339669 0.0132593 0.0194698 1.12777e-08 0.219612 0.000102662 0.000726623 2.68382e-06 
0.326315 0.241959 0.106745 0.00316102 0.0597995 0.0110768 0.0632921 0.0530587 0.125973 0.000406999 0.00174092 0.00314856 0.00320361 0.000120001 
0.618941 0.00440147 0.0727103 0.000687091 0.0517983 0.00274342 0.0377517 0.0740217 0.0106343 0.000762385 0.11311 0.000870077 0.0102973 0.00127137 
0.890024 1.23298e-11 0.0213887 1.5507e-07 2.64827e-08 7.39144e-08 0.00229699 0.00614612 0.00198884 8.97378e-07 0.00179244 1.46365e-11 0.0763615 7.94793e-09 
0.921261 1.58825e-06 0.00139188 1.59414e-09 0.0258976 1.53924e-05 0.000419803 0.0278174 0.000307879 0.000918055 0.0215336 3.6131e-07 0.000373248 6.21367e-05 
0.753149 0.0105104 0.0878222 6.37477e-05 0.028479 0.00140955 0.00759677 0.0687098 0.0107578 0.00227497 0.0169183 0.000242801 0.0119705 9.55149e-05 
0.586187 0.000701727 0.155932 0.00185969 0.0207931 0.000429009 0.0500391 0.108049 0.0101855 0.000137745 0.0115627 0.00040718 0.0536221 9.42071e-05 
0.452625 5.82545e-05 0.00287307 2.37019e-08 0.0839685 3.22508e-07 0.000563324 0.00170632 0.00729834 8.65163e-06 0.446516 1.60018e-06 0.00430677 7.39382e-05 
0.612663 0.00171024 0.0159325 0.000334007 0.190949 0.000999782 0.0269074 0.0700682 0.035003 3.76627e-05 0.0338542 0.00272072 0.00879574 2.40039e-05 
0.573018 9.01248e-10 0.0739963 1.18948e-07 0.0942295 0.00302343 0.044075 0.186817 0.00855102 9.62282e-07 0.016182 1.06986e-09 9.57132e-05 1.06585e-05 
0.714192 9.39596e-08 0.0628737 1.24346e-05 0.0212014 0.000698917 0.00845827 0.175906 0.00103961 3.15654e-07 0.000985804 6.8308e-06 0.0145776 4.72463e-05 
0.248494 0.00124479 0.0981844 0.000157465 0.142354 0.000893045 0.108993 0.106091 0.178457 1.29704e-05 0.00536764 0.0761987 0.0279121 0.00564036 
0.385845 0.000386299 0.0119596 0.00332556 0.246125 0.00152857 0.313913 0.0265389 0.00654871 2.78437e-07 0.000289093 0.000615983 0.0029201 4.3712e-06 
0.473225 0.00143171 0.0769294 0.000474659 0.0470635 0.00675091 0.0356899 0.212157 0.00971873 0.000218861 0.107689 0.000356885 0.0280284 0.000266318 
0.391894 2.22991e-10 0.0355884 2.57775e-10 0.223673 1.69469e-10 0.000910305 0.280028 0.0449826 3.959e-08 0.0138029 2.64709e-10 0.00912078 1.93405e-07 
0.873586 0.000161175 0.015026 4.94289e-08 0.0260371 0.00116179 0.0123923 0.0162625 0.00641004 1.1777e-05 0.0323548 4.33279e-11 0.0165844 1.23765e-05 
0.792421 0.00110936 0.0147596 0.00173265 0.0393133 0.00456236 0.0161926 0.0509098 0.0095059 0.00241548 0.0414087 0.00124753 0.0198186 0.00460299 
0.682617 0.00255398 0.06842 1.07208e-07 0.0272298 0.000221583 0.0304264 0.0397284 0.0109952 5.96199e-09 0.137237 4.18939e-06 0.000561063 5.26052e-06 
0.584163 0.000201432 0.0275071 6.30458e-05 0.0992111 8.90328e-05 0.0445184 0.0654892 0.011228 2.75619e-06 0.0376004 0.0657336 0.0502484 0.013945 
0.314797 1.77959e-05 0.0490705 2.42005e-08 0.287065 0.00412242 0.120961 0.00480833 0.0119951 6.90704e-06 0.0510753 9.5482e-05 0.0226418 0.133344 
0.729619 7.66096e-05 0.0245708 5.49412e-06 0.0723152 0.0135982 0.0121701 0.0256941 0.0719376 0.0033762 0.0173574 0.0268666 0.00225602 0.000156284 
0.650163 0.0221822 0.0995633 7.70681e-05 0.0311283 0.0021748 0.116844 0.0444052 0.00305002 1.70427e-05 0.0293847 0.000416739 0.000553749 3.98541e-05 
0.787997 0.000191444 0.168611 2.7773e-10 0.00902035 0.00214454 0.0119516 0.00920146 0.00702819 9.97079e-08 0.00169219 4.26144e-05 0.00211523 3.74121e-06 
0.921261 1.58825e-06 0.00139188 1.59414e-09 0.0258976 1.53924e-05 0.000419803 0.0278174 0.000307879 0.000918055 0.0215336 3.6131e-07 0.000373248 6.21367e-05 
0.306301 0.000249327 0.143239 4.09082e-10 0.169705 0.00251214 0.093842 0.178184 0.00112322 2.38745e-05 0.0703034 4.91681e-05 0.0337634 0.000704515 
0.96033 0.000573368 0.0239296 0.000130386 0.0028688 5.18567e-08 2.91101e-07 0.00664881 0.00145584 4.22314e-11 0.00390559 8.63868e-08 0.000156815 3.36743e-08 
0.542866 0.00244959 0.0644557 0.00114876 0.0577452 0.00400865 0.0399175 0.0801692 0.0200046 0.000504346 0.166659 0.00277869 0.015813 0.00148038 
