0.00808049 0.768394 0.10417 0.000881226 0.0110875 0.000105123 0.0684189 0.00184964 0.0244585 1.13749e-05 1.02536e-06 0.0125132 2.913e-05 6.65089e-08 
0.122862 0.864862 0.00314039 0.000278467 0.00460431 9.24948e-10 0.00060438 0.00207481 0.000511003 1.24325e-09 0.00076636 8.38017e-06 0.000266161 2.26423e-05 
0.0844291 0.48162 0.162612 0.00119776 0.0438378 0.000465637 0.150424 0.0273578 0.0161561 1.11288e-07 0.00239641 0.0112721 0.0182204 1.05328e-05 
0.0477408 0.431796 0.00833588 4.04399e-05 0.102612 0.00528056 0.0605441 0.0243435 0.313298 0.000980342 0.00234607 0.00252217 0.000141084 1.83889e-05 
0.000312208 0.899159 0.00582742 2.47312e-07 0.011288 5.09659e-06 0.0801049 2.80516e-05 0.00316046 2.18541e-07 3.75293e-08 2.53964e-07 0.000111793 1.97732e-06 
0.0651026 0.233752 0.00477041 0.0739076 0.188405 0.000739937 0.151055 0.205189 0.0596654 7.88826e-06 0.00377662 0.00414808 0.00703476 0.00244666 
0.00422171 0.693802 0.0219898 4.84295e-06 0.0136314 0.000580029 0.137123 0.0720498 0.00550507 3.53585e-05 0.0100371 3.99302e-05 0.0391573 0.00182246 
0.0531068 0.367815 0.00862663 0.0065321 0.0680446 0.00258975 0.134049 0.056 0.275964 0.0013434 0.0019991 0.00110632 0.0223244 0.000498317 
0.0022017 0.696679 0.158306 4.50362e-06 0.0374449 0.00255283 0.0641944 0.0114728 0.0266626 6.1504e-06 2.99722e-05 9.7625e-05 0.000264936 8.25533e-05 
0.0088413 0.68423 0.10707 2.01104e-05 0.030286 0.00550155 0.119937 0.0396542 0.00282679 2.7559e-05 0.000135119 0.000683376 0.000607445 0.000179646 
0.0165517 0.645612 0.0279377 0.00054896 0.018962 0.00245054 0.17233 0.00559426 0.104952 0.000124884 0.00092864 5.09627e-06 0.00397195 2.94837e-05 
0.00467928 0.389851 0.0245717 0.00432394 0.119746 0.00630683 0.0656556 0.0940709 0.259774 5.82396e-06 0.00591385 0.0118873 0.0123388 0.000875126 
0.00181402 0.968085 0.000570746 1.10626e-08 0.000451604 7.27289e-09 1.20769e-05 0.000323066 0.0287423 9.77568e-09 2.28865e-07 7.77801e-07 2.25378e-09 2.72571e-09 
0.0136202 0.781679 0.08733 1.77044e-05 0.0138164 0.00358657 0.00968707 0.0171335 0.0261947 5.35081e-06 0.0354262 0.0022073 0.00923309 6.32274e-05 
0.00422171 0.693802 0.0219898 4.84295e-06 0.0136314 0.000580029 0.137123 0.0720498 0.00550507 3.53585e-05 0.0100371 3.99302e-05 0.0391573 0.00182246 
0.00468222 0.82567 0.0752708 1.83929e-08 0.017503 0.00545967 0.0680446 0.00236846 0.000255954 2.66397e-07 1.83601e-07 0.000230366 0.000479953 3.40162e-05 
0.0166635 0.450253 0.055975 0.000920649 0.0137207 0.000127246 0.0671307 0.256971 0.0624294 1.49715e-07 0.000481445 2.69481e-05 0.0753004 3.92346e-08 
0.0252801 0.683529 0.147514 0.000142534 0.0196848 7.8949e-05 0.0488098 0.000122661 0.0497682 0.000108145 0.021229 0.000153738 0.00332934 0.00024999 
0.0326231 0.317665 0.0447006 0.00185878 0.106847 0.00776937 0.161803 0.238812 0.0874718 1.17476e-06 0.00022487 4.30714e-05 0.000177957 2.39646e-06 
0.060265 0.316373 0.0321079 0.00192968 0.173202 0.00269848 0.146256 0.180278 0.0724513 3.70023e-05 0.00472159 0.000690223 0.00808639 0.00090265 
0.0409229 0.449014 0.0028465 0.00294347 0.0516846 0.00102048 0.0712772 0.0337893 0.334469 6.63155e-05 0.00206376 4.85278e-06 0.00986653 3.03252e-05 
0.015649 0.57704 0.0019134 7.57464e-07 0.0371022 0.000458733 0.18992 0.0244202 0.145544 9.76409e-05 1.67984e-07 0.000411798 0.00737024 7.2318e-05 
0.0427391 0.425332 0.00109648 0.00458001 0.0583479 0.000636045 0.0472679 0.0123883 0.406607 1.52108e-06 0.000767365 2.64735e-07 0.000189512 4.65887e-05 
0.057822 0.231667 0.187009 2.80287e-10 0.126411 0.00978507 0.153354 0.095901 0.119781 0.00773107 0.000142551 2.87826e-10 0.00905786 0.00133834 
0.0413494 0.691384 0.00017436 8.0143e-05 0.0361497 0.0229846 0.0281884 0.00063306 0.162762 1.07753e-05 0.0160507 0.00012484 8.10923e-05 2.70678e-05 
0.037433 0.852464 0.0174097 0.000471312 0.0158661 0.000196225 0.0700798 0.00413457 0.00188871 1.65279e-05 1.98513e-05 4.72116e-08 1.9644e-05 4.00702e-07 
0.0248522 0.301525 0.0809951 1.33548e-05 0.0537142 3.78716e-06 0.107191 0.108356 0.0123983 1.86071e-06 0.00402681 0.289434 0.0174878 6.33458e-07 
0.110944 0.467877 0.0851126 0.0283535 0.145665 0.0421146 0.0602146 0.00530417 0.00636381 6.95855e-06 0.000683344 0.0244246 0.0215007 0.00143472 
0.108704 0.409917 0.315516 0.000861092 0.0140253 0.000721036 0.0194414 0.0937779 0.0208996 4.41238e-06 0.00420143 0.0010793 0.0107611 9.01521e-05 
0.0456418 0.594486 0.0453498 0.00568381 0.0416863 0.00153245 0.0711445 0.0340047 0.143977 2.43576e-05 0.008186 0.000842959 0.00719024 0.000249757 
0.190903 0.356606 0.0511763 0.000148271 0.219828 0.00179023 0.0422647 0.0296418 0.0947207 9.52565e-05 0.0054452 0.00679945 0.00055939 2.21903e-05 
0.0440057 0.723332 0.00827113 0.00039806 0.0779177 0.00642512 0.0486453 0.00276029 0.00832392 2.20845e-05 3.07838e-06 0.000215711 0.0715641 0.00811593 
0.0526096 0.752427 0.00519816 0.00188889 0.0251589 1.07564e-05 0.0371674 0.0413671 0.0550114 7.32942e-06 0.000172358 2.22178e-05 0.0289559 3.10631e-06 
0.050692 0.318804 0.0346251 0.000788444 0.0731698 0.00494361 0.0558363 0.198049 0.206442 4.26375e-06 0.00575446 0.014645 0.0361972 4.81416e-05 
0.101244 0.351323 0.0314224 0.00107539 0.117304 0.0329164 0.16949 0.0669623 0.118044 0.00111705 0.00382973 0.00041255 0.00471415 0.00014581 
0.05699 0.522689 0.00947534 1.02451e-09 0.189831 0.000160966 0.0521133 0.0320116 0.135077 9.05327e-10 0.000269483 0.000683227 0.000580683 0.000119038 
1.14107e-05 0.978378 0.000223111 4.65135e-06 4.94777e-06 1.97088e-08 3.46442e-06 8.19593e-05 0.0212541 6.09886e-07 3.34994e-05 3.07851e-08 6.10752e-09 4.40272e-06 
0.077847 0.315681 0.168481 0.000258867 0.0106181 0.000109134 0.0320348 0.272494 0.0928388 9.77701e-08 0.00358928 9.31991e-08 0.0260469 3.12727e-08 
0.198385 0.337512 0.15209 0.000292113 0.0326905 1.95311e-05 0.0377685 0.00556871 0.0433898 6.09535e-08 0.00736644 3.6261e-05 0.184788 9.25336e-05 
0.162674 0.283827 0.0172917 0.0523724 0.219447 0.00426297 0.0293514 0.027063 0.165625 1.78655e-06 0.0330064 0.000186881 0.00211334 0.00277844 
0.0102864 0.581668 0.00612105 0.00125186 0.0485573 0.000611026 0.0681053 0.0195783 0.15447 0.000402724 0.0043265 0.00016894 0.00166499 0.102788 
0.00360119 0.420532 0.0169847 0.0016367 0.0169714 7.36627e-05 0.193774 0.118636 0.159461 1.12951e-06 0.0590459 3.11094e-05 0.00922407 2.72072e-05 
0.194577 0.421398 0.0335339 0.00364957 0.201185 0.00180958 0.0720579 0.047085 0.0152419 2.69305e-07 0.00138854 0.000127544 0.00791403 3.28864e-05 
0.0166635 0.450253 0.055975 0.000920649 0.0137207 0.000127246 0.0671307 0.256971 0.0624294 1.49715e-07 0.000481445 2.69481e-05 0.0753004 3.92346e-08 
0.00516144 0.747995 0.141592 5.31839e-06 0.0576065 6.66051e-06 0.0335437 0.0123059 0.000337047 1.99173e-06 0.00121384 3.34135e-06 0.000221276 6.50887e-06 
0.082928 0.209842 0.175175 0.000411058 0.0724935 0.00354663 0.136649 0.103997 0.164646 0.0105384 0.00727113 0.00371559 0.0266963 0.00208958 
0.0976022 0.561397 0.0302154 1.95361e-05 0.0643999 8.50337e-06 0.145321 9.82287e-05 0.01994 0.000451313 1.1097e-05 0.0747204 0.00581063 5.19621e-06 
0.0746175 0.467969 0.0870955 0.000291153 0.120371 0.00019814 0.0935578 0.0077579 0.0305689 0.000125593 0.00927822 0.0811757 0.000475354 0.0265184 
0.020323 0.815634 0.0190514 3.26686e-05 0.091269 0.000168133 0.0469066 0.0022521 0.00428178 2.80734e-05 5.02755e-05 2.9577e-07 9.58757e-07 1.17896e-06 
0.107873 0.331629 0.0204663 0.0254124 0.177161 0.00332542 0.0597783 0.123472 0.135314 3.42626e-05 0.00937202 0.000454581 0.00567904 2.86219e-05 
0.0553542 0.509943 0.102767 0.000819054 0.0387179 0.00106912 0.0471503 0.0660865 0.145312 6.32839e-10 0.0018704 3.53686e-07 0.0212021 0.00970695 
0.0163529 0.714983 0.105485 6.55057e-07 0.0364508 0.00254672 0.0971212 0.0151126 0.00899532 2.25491e-06 0.00156803 3.98128e-05 0.00128934 5.21665e-05 
0.0320466 0.260977 0.0110958 0.00247416 0.17525 0.000592232 0.236017 0.0288639 0.228795 0.00241891 0.011455 0.00109871 0.00811004 0.000806336 
0.149988 0.389734 0.0475166 2.73141e-05 0.00963345 0.00012799 0.357764 0.00936229 0.0202975 3.70072e-06 0.0153101 9.20465e-05 0.000139302 3.66637e-06 
0.0265685 0.491579 0.0221686 0.000540433 0.0584722 0.00274576 0.242429 0.0233436 0.128121 6.70205e-05 0.0010596 0.000192753 0.00268554 2.68344e-05 
0.0338071 0.574024 0.0147789 0.00152431 0.0993861 0.0235075 0.0785951 0.0363864 0.116516 6.08397e-06 0.00315787 0.00100842 0.0172256 7.74719e-05 
0.00011814 0.654822 0.107102 4.45122e-07 0.0288941 0.00119513 0.202274 0.000562894 0.00444311 6.88563e-05 8.28832e-08 0.000516579 1.29518e-06 1.59239e-06 
0.0172769 0.236734 0.213261 2.41008e-05 0.00502152 0.00177325 0.024474 0.206706 0.00418765 0.211065 0.0126391 9.31626e-05 0.0664257 0.000318582 
0.031818 0.534785 0.0941717 1.30163e-06 0.00881609 3.60654e-05 0.0671005 0.0531716 0.0103284 1.42193e-05 0.000140088 1.33664e-06 0.199571 4.51261e-05 
0.038861 0.702073 0.00492541 0.000958985 0.0470375 0.00766932 0.0496359 0.0251665 0.107302 4.88346e-06 0.00175709 2.54426e-05 0.0144932 8.9278e-05 
0.000162373 0.891992 0.018333 4.30507e-07 0.00075027 4.20144e-06 0.0858414 0.000524946 0.0023877 3.80425e-07 6.53289e-08 4.42087e-07 1.32405e-06 1.628e-06 
0.00422171 0.693802 0.0219898 4.84295e-06 0.0136314 0.000580029 0.137123 0.0720498 0.00550507 3.53585e-05 0.0100371 3.99302e-05 0.0391573 0.00182246 
0.0606085 0.619667 0.04843 2.8431e-10 0.104039 0.000810099 0.0956096 0.00694202 0.061798 2.08775e-07 0.00163339 2.03297e-05 0.000331022 0.000110938 
0.0864655 0.329564 0.186174 6.84178e-07 0.0452663 1.08009e-06 0.00430484 0.0325619 0.00194687 4.72879e-05 0.000557815 4.42122e-05 0.313065 3.26053e-07 
0.000719095 0.937993 0.027662 3.73504e-08 0.00702625 1.20363e-12 0.00652291 0.00431108 0.00416685 0.0115883 9.8248e-06 6.39407e-09 1.97647e-07 3.57719e-08 
0.0047769 0.942883 0.0259533 0.0011011 4.12252e-05 5.66076e-07 0.00464939 0.00204565 0.00939989 7.60878e-07 2.82546e-06 9.71099e-06 0.00913565 2.12152e-07 
0.0015061 0.406193 0.0232133 0.00155188 0.030083 0.000194805 0.321451 0.00392357 0.0377947 3.21182e-05 4.75037e-10 3.21462e-09 0.174054 2.77159e-06 
0.0529605 0.315249 0.012226 0.00989259 0.191065 1.52606e-05 0.0356086 0.190812 0.189696 4.20399e-06 0.000114119 8.55788e-05 0.00226048 9.97432e-06 
0.149988 0.389734 0.0475166 2.73141e-05 0.00963345 0.00012799 0.357764 0.00936229 0.0202975 3.70072e-06 0.0153101 9.20465e-05 0.000139302 3.66637e-06 
0.0639656 0.430571 0.0782335 2.28221e-07 0.0524395 0.00221176 0.0399818 0.017403 0.0025451 0.000343441 0.000367 0.245166 0.0123741 0.0543979 
0.0467707 0.515482 0.0114251 0.000263172 0.0470904 0.00245675 0.320429 0.00605494 0.0493938 3.46941e-08 0.000412131 6.51194e-05 0.000141178 1.63728e-05 
0.0492033 0.433732 0.285271 0.00408206 0.0195481 3.03419e-05 0.181213 0.00691736 0.0198238 1.14341e-06 8.02794e-05 4.63343e-06 9.21051e-05 6.6198e-07 
0.0800763 0.436707 0.00706702 0.00143383 0.0760132 0.00234492 0.203494 0.103908 0.0735049 6.32334e-06 0.00390725 0.00328189 0.00825389 1.69736e-06 
0.0682721 0.447725 0.0344588 0.0178215 0.086006 0.00185625 0.180167 0.0212919 0.136712 2.99577e-06 0.00118914 8.37826e-06 0.00440341 8.58374e-05 
0.00774604 0.772828 0.109893 4.3541e-08 0.00293925 0.0290106 0.0371557 0.00122693 0.0275537 0.00105201 1.11207e-06 2.18119e-06 0.0105099 8.18798e-05 
0.372545 0.472888 0.00556759 5.44221e-07 0.00197242 2.5697e-07 0.000453971 0.000527185 3.01301e-05 0.128169 0.0167013 8.35515e-11 4.77941e-05 0.00109688 
0.00422171 0.693802 0.0219898 4.84295e-06 0.0136314 0.000580029 0.137123 0.0720498 0.00550507 3.53585e-05 0.0100371 3.99302e-05 0.0391573 0.00182246 
0.108237 0.278593 0.269239 9.48168e-05 0.0374538 0.00323582 0.0624554 0.180446 0.0471326 1.62816e-06 0.00185154 0.000658476 0.0103981 0.000202259 
0.0500188 0.686253 0.00410818 0.000424197 0.0321302 0.0191771 0.0250948 0.0512719 0.129287 1.28675e-08 0.00056767 0.00161758 2.63217e-08 4.89487e-05 
0.0620917 0.397798 0.0503043 0.00442438 0.063467 0.00334247 0.198252 0.104652 0.0550756 1.58696e-05 0.0114921 0.00465331 0.0434718 0.000959293 
8.49724e-07 0.999123 1.36572e-06 1.26918e-05 9.64668e-07 8.34395e-06 0.000818423 6.2534e-07 1.92661e-06 1.12153e-05 1.92597e-06 1.30332e-05 2.58569e-06 3.12712e-06 
0.388555 0.483773 0.00686345 2.45343e-06 0.0541928 4.19149e-06 0.0449148 0.00500222 0.0128138 2.33523e-10 0.00370295 0.00011095 6.25241e-05 2.14505e-06 
0.0187006 0.765412 0.000597806 3.45381e-07 0.0166313 2.27063e-07 0.087706 1.70173e-08 0.110881 4.19483e-06 5.24111e-08 6.14781e-05 5.27152e-06 8.50978e-08 
0.00422171 0.693802 0.0219898 4.84295e-06 0.0136314 0.000580029 0.137123 0.0720498 0.00550507 3.53585e-05 0.0100371 3.99302e-05 0.0391573 0.00182246 
0.0157947 0.223259 0.16935 0.00696583 0.112104 1.33722e-05 0.213461 0.116843 0.0610024 1.46509e-07 0.00116106 0.00359143 0.0763858 6.79339e-05 
0.00422171 0.693802 0.0219898 4.84295e-06 0.0136314 0.000580029 0.137123 0.0720498 0.00550507 3.53585e-05 0.0100371 3.99302e-05 0.0391573 0.00182246 
0.0163138 0.786024 0.0672096 6.06091e-06 0.0137409 2.79261e-05 0.105408 0.00739313 0.00319167 5.62111e-08 0.000658388 6.22392e-06 8.95569e-06 1.12023e-05 
0.184117 0.749078 0.0178511 3.26015e-07 0.0338391 3.55562e-07 0.00594229 0.00240134 0.00292394 8.65469e-10 0.00197166 0.00142393 0.000450882 9.13721e-08 
0.05699 0.522689 0.00947534 1.02451e-09 0.189831 0.000160966 0.0521133 0.0320116 0.135077 9.05327e-10 0.000269483 0.000683227 0.000580683 0.000119038 
0.0619528 0.320863 0.0122408 0.00317374 0.0885264 0.00698954 0.119777 0.0585608 0.295441 0.000813944 0.0056549 0.00125728 0.0156741 0.00907375 
0.00101802 0.783921 0.0640086 1.60367e-07 0.00134149 0.0100294 0.13241 0.00586328 0.000501339 1.90712e-05 1.28608e-05 4.0953e-05 0.000788809 4.58135e-05 
0.0580902 0.239149 0.133848 0.00150424 0.129327 0.00935803 0.0656747 0.187903 0.07796 8.35616e-06 0.0112899 0.0673826 0.0183302 0.000175427 
0.00422171 0.693802 0.0219898 4.84295e-06 0.0136314 0.000580029 0.137123 0.0720498 0.00550507 3.53585e-05 0.0100371 3.99302e-05 0.0391573 0.00182246 
0.0379576 0.39865 0.031457 3.65973e-05 0.141332 2.56588e-05 0.127497 0.237753 0.0220556 5.00846e-07 0.00180795 8.50457e-05 0.0013408 4.41729e-07 
0.121924 0.284809 0.021041 0.00777612 0.12916 7.48557e-05 0.199519 0.172627 0.0301143 4.7425e-06 0.00143486 0.000468372 0.0193176 0.0117294 
0.105206 0.680147 0.132493 0.000798649 0.00336943 0.00392616 0.0117958 0.0310896 0.00186874 5.04017e-05 0.0198245 0.000883663 0.00841468 0.000131978 
0.173246 0.281583 0.150852 1.57602e-06 0.000855961 0.00178113 0.00735486 0.0033623 0.0879121 2.35558e-09 0.0439159 0.225137 0.0239974 2.30327e-07 
0.00627306 0.644171 0.16763 2.15984e-07 0.0129793 0.00890355 0.120627 0.00472479 0.0340309 7.31519e-05 4.01886e-05 2.38942e-05 0.000479388 4.32115e-05 
0.0237443 0.301646 0.0157016 0.00648572 0.188707 2.03428e-05 0.0393024 0.186613 0.23468 5.60222e-06 3.8373e-05 2.96265e-05 0.00301391 1.3297e-05 
0.14879 0.699514 0.00203351 5.54205e-06 0.00255898 3.64349e-06 0.00572381 0.117415 0.00264698 4.89732e-06 0.000250298 7.42434e-05 0.0206633 0.000315935 
0.0311346 0.454259 0.348549 2.35709e-07 0.0153989 3.87379e-06 0.149181 1.38375e-05 0.00145235 8.70883e-07 3.57685e-08 1.66358e-06 1.22139e-06 4.39422e-06 
0.00382692 0.747513 0.00918944 2.3611e-05 0.00181782 0.00113491 0.0270401 0.0338355 0.121588 2.00339e-05 0.00023722 2.57227e-05 0.0537409 7.24145e-06 
0.0415171 0.621494 0.236869 1.55746e-06 9.01651e-07 0.000695109 0.0323923 0.0560493 0.00198548 3.87672e-11 6.25857e-08 7.88435e-07 0.00899434 1.42693e-07 
0.132347 0.322874 0.0247225 0.00396365 0.123331 0.000129634 0.197213 0.0603471 0.108999 3.79256e-07 0.00121196 0.0109371 0.01391 1.31051e-05 
0.0471588 0.368916 0.0107803 0.00223014 0.079083 0.00432574 0.0893703 0.0453443 0.341515 0.00063712 0.00373472 0.000627181 0.00614568 0.000131521 
0.0125575 0.475214 0.0727384 0.00030821 0.04227 0.000800536 0.341988 0.0173174 0.0362971 2.17139e-06 8.11841e-05 2.59927e-05 0.000338672 6.10832e-05 
0.012624 0.465659 0.284622 0.0227632 0.00829872 0.000325887 0.111811 0.0183566 0.00305677 6.47092e-09 0.0550143 7.51978e-09 0.0167625 0.000705954 
0.0165517 0.645612 0.0279377 0.00054896 0.018962 0.00245054 0.17233 0.00559426 0.104952 0.000124884 0.00092864 5.09627e-06 0.00397195 2.94837e-05 
0.232982 0.407833 0.0558875 0.00176477 0.0801761 0.00264983 0.0988821 0.0289702 0.0880779 3.2826e-05 0.00141882 2.94832e-05 0.00120506 8.97549e-05 
0.141825 0.287372 0.0198132 0.000394396 0.130805 0.00380878 0.126755 0.0180426 0.238263 1.63143e-05 0.0250185 0.000157799 0.00771721 1.07858e-05 
0.0981384 0.763432 0.000416469 6.89913e-06 0.1139 3.38451e-09 0.0136267 0.00263394 0.00447714 2.71971e-06 1.55409e-07 0.00313018 0.000235763 1.26844e-09 
0.179512 0.60945 0.0129892 1.53954e-05 0.144119 0.000255355 0.012985 0.0231714 0.016935 9.20691e-06 0.00015625 0.000143344 0.000121615 0.000137103 
0.0634045 0.351077 0.0102828 0.000354329 0.0573048 0.00056882 0.206552 0.152184 0.121569 5.43394e-05 0.00573959 0.000106776 0.0307129 8.95754e-05 
0.365959 0.367708 0.048654 9.65595e-05 0.0713268 3.79465e-09 0.0634874 0.045291 0.0120446 5.1005e-09 0.000534831 0.00205684 0.0228411 1.42215e-09 
0.0413494 0.691384 0.00017436 8.0143e-05 0.0361497 0.0229846 0.0281884 0.00063306 0.162762 1.07753e-05 0.0160507 0.00012484 8.10923e-05 2.70678e-05 
0.00422171 0.693802 0.0219898 4.84295e-06 0.0136314 0.000580029 0.137123 0.0720498 0.00550507 3.53585e-05 0.0100371 3.99302e-05 0.0391573 0.00182246 
0.0140563 0.713455 0.20172 2.34279e-05 0.00236371 0.000959744 0.0404198 0.0134112 0.013224 7.63274e-06 0.000139398 1.03666e-05 0.000205119 4.3094e-06 
0.00356898 0.903693 0.0472945 1.52783e-08 0.00278853 0.000377026 0.0391769 0.000293114 0.00267113 2.26665e-06 6.16604e-10 6.36419e-07 0.000125015 9.03412e-06 
0.162674 0.283827 0.0172917 0.0523724 0.219447 0.00426297 0.0293514 0.027063 0.165625 1.78655e-06 0.0330064 0.000186881 0.00211334 0.00277844 
0.0486112 0.603921 0.000444952 0.0174674 0.0918228 0.000346517 0.033058 0.194175 0.00347158 2.01781e-05 0.00523209 0.000929293 0.000483003 1.72478e-05 
0.258518 0.304026 0.0843371 1.21041e-06 0.107844 7.83724e-07 0.111379 0.127578 0.0035209 1.39177e-05 0.00176408 0.000370468 0.000647046 6.93748e-08 
0.00304223 0.479469 0.00944921 2.13449e-09 0.019561 0.000741732 0.229006 3.25321e-06 0.258726 8.8002e-07 3.23906e-10 9.09766e-08 4.34856e-10 5.25912e-10 
0.00422171 0.693802 0.0219898 4.84295e-06 0.0136314 0.000580029 0.137123 0.0720498 0.00550507 3.53585e-05 0.0100371 3.99302e-05 0.0391573 0.00182246 
0.0135982 0.382779 0.144894 0.000322358 0.0309699 0.00270471 0.046747 0.340144 0.0266494 0.000151498 0.000235397 4.69829e-05 0.0103092 0.000448735 
0.00596679 0.528759 0.000461471 0.000319567 0.0984119 0.00119196 0.0291298 0.0256931 0.306446 1.00978e-06 0.00201288 0.000774828 4.77772e-05 0.000783717 
0.184488 0.454034 0.00661927 0.00504735 0.217225 5.66616e-05 0.0485907 0.0609117 0.0224857 9.81885e-07 0.000275331 0.000229253 3.06448e-05 4.70318e-06 
0.130252 0.312201 0.0179222 3.36917e-07 0.163508 0.000149734 0.0533956 0.0543251 0.19932 1.64005e-05 0.0551763 6.42671e-05 0.00222411 0.0114457 
0.18192 0.571114 0.0280023 0.00417056 0.0089006 0.000196066 0.043241 0.0264802 0.0875786 2.56504e-05 0.000533883 0.0449483 0.00285942 2.96821e-05 
0.0101892 0.504154 0.379319 0.000269553 0.0174899 0.00598797 0.0116558 0.00725616 0.0157249 7.59749e-05 0.000131436 1.24628e-07 0.0465222 0.00122325 
0.00112011 0.965834 0.00292101 2.20514e-08 0.0026807 0.00501172 0.00235467 0.0110578 0.00116657 0.000241648 0.00440738 0.000267229 0.00284107 9.563e-05 
0.00558142 0.285577 0.0373008 0.0037424 0.154046 0.00953 0.080936 0.143561 0.237654 1.16541e-06 0.00873192 0.01324 0.0187824 0.00131683 
0.161511 0.563353 0.0825651 0.00571611 0.0131328 0.00701451 0.023216 0.0625211 0.0113717 0.00199512 0.04467 0.00176049 0.0157251 0.00544836 
0.321726 0.332079 0.0042863 4.41193e-08 0.203188 4.11155e-05 0.0461995 0.0798331 0.00717032 1.92952e-05 0.00533393 4.43779e-05 5.47069e-05 2.50329e-05 
0.015649 0.57704 0.0019134 7.57464e-07 0.0371022 0.000458733 0.18992 0.0244202 0.145544 9.76409e-05 1.67984e-07 0.000411798 0.00737024 7.2318e-05 
0.00105117 0.637423 0.0205392 3.26818e-07 0.0444535 0.00791587 0.268532 0.00849087 0.0112862 2.88798e-07 1.82957e-06 9.88134e-07 0.000288818 1.59029e-05 
0.0582603 0.277868 0.128407 0.000106965 0.0789356 0.000194726 0.102269 0.0268261 0.191212 0.000323277 0.00065949 3.0857e-05 0.00759264 0.127314 
0.0835217 0.362318 0.0198441 6.85726e-07 0.115354 0.000733147 0.173301 0.00548761 0.215352 0.0189977 0.00107699 0.0037487 0.000140108 0.00012354 
0.40531 0.496379 0.0980713 2.17667e-05 2.17895e-05 2.17752e-05 2.17892e-05 2.17902e-05 2.17876e-05 2.17695e-05 2.17877e-05 2.17662e-05 2.17864e-05 2.17853e-05 
0.0520478 0.298339 0.0627115 0.00897572 0.0411996 0.00163911 0.21591 0.0454501 0.265966 0.0031101 0.00121772 6.43774e-05 0.00331892 5.07021e-05 
0.0333043 0.267619 0.0605198 0.116738 0.0139023 0.000402721 0.14783 0.110159 0.125251 3.04331e-05 0.0121769 2.62697e-05 0.111926 0.000114333 
0.0727844 0.452168 0.00207813 0.000164467 0.0346418 0.00104463 0.0739657 0.0315704 0.329439 1.09995e-05 0.000104134 1.253e-05 0.00201564 1.18087e-07 
0.0147817 0.68447 0.046667 0.0012044 0.015429 0.000487552 0.13121 0.0228638 0.0646842 6.34213e-06 0.000635067 0.0020863 0.0149572 0.00051675 
0.0529605 0.315249 0.012226 0.00989259 0.191065 1.52606e-05 0.0356086 0.190812 0.189696 4.20399e-06 0.000114119 8.55788e-05 0.00226048 9.97432e-06 
0.329457 0.457336 0.0050242 5.11273e-06 0.0866078 8.6676e-06 0.0894231 0.00850412 0.0220628 4.18254e-10 0.00134697 8.87447e-05 0.000131286 4.43575e-06 
0.055114 0.401579 0.0118636 0.00583796 0.0346892 0.000265868 0.111885 0.0441929 0.314154 5.49247e-05 0.00102979 0.00151622 0.0178101 7.51103e-06 
0.097764 0.415596 0.0783624 0.00055865 0.179497 0.013221 0.173861 0.00612351 0.0305778 0.000567352 5.66576e-05 0.000762691 0.00278598 0.000266079 
0.0398873 0.426483 0.0563978 0.00198164 0.0246104 0.000691556 0.317175 0.106628 0.0178409 9.78458e-06 0.00176848 0.00123498 0.00526444 2.68398e-05 
0.0597522 0.545496 0.0125647 0.000133751 0.051823 0.000712887 0.183783 0.0471438 0.0849982 0.00494558 0.00614797 0.000258462 0.00220238 3.85502e-05 
0.365959 0.367708 0.048654 9.65595e-05 0.0713268 3.79465e-09 0.0634874 0.045291 0.0120446 5.1005e-09 0.000534831 0.00205684 0.0228411 1.42215e-09 
0.00143585 0.484821 0.0163793 0.000125716 0.140054 0.000326857 0.204025 0.0652735 0.085705 2.88335e-08 1.32786e-05 1.90091e-05 0.00166988 0.00015161 
0.23607 0.327056 0.00317716 0.0052203 0.305111 2.50826e-11 0.0295246 0.060354 0.0331946 4.77609e-08 0.000251315 3.00641e-05 7.77279e-12 1.15587e-05 
0.00422171 0.693802 0.0219898 4.84295e-06 0.0136314 0.000580029 0.137123 0.0720498 0.00550507 3.53585e-05 0.0100371 3.99302e-05 0.0391573 0.00182246 
0.056078 0.288686 0.0234944 0.00102939 0.0625816 0.00646307 0.0504216 0.234044 0.203133 5.5155e-06 0.00752393 0.0191456 0.0473306 6.28033e-05 
2.05747e-06 0.953161 3.85767e-06 1.83646e-08 3.89206e-06 1.20734e-08 2.00922e-05 4.96101e-06 0.0468044 1.62281e-08 2.7868e-09 1.88585e-08 3.74139e-09 4.52482e-09 
0.0813668 0.416139 0.0171256 0.0160231 0.0872256 0.000353236 0.122355 0.0415038 0.204286 0.000786722 0.00209627 0.000693561 0.00958187 0.000462729 
7.58283e-06 0.999466 1.21875e-05 0.00011326 8.60857e-06 7.44604e-05 1.04187e-05 5.58046e-06 1.71928e-05 0.000100084 1.71871e-05 0.000116307 2.30743e-05 2.7906e-05 
0.0164334 0.200271 0.0909424 0.00916964 0.157522 0.000792089 0.0224067 0.162561 0.0940991 0.000891591 0.136945 3.06063e-05 0.107375 0.000560327 
0.127545 0.393305 0.024402 5.55859e-05 0.0837041 4.45356e-05 0.116923 0.0348952 0.217626 5.83326e-08 0.000804408 1.68694e-06 0.000693663 4.53113e-10 
0.0721034 0.482759 0.0785886 0.0852853 0.0656156 0.000212621 0.161493 0.0404204 0.0127599 1.1015e-06 0.000515362 0.000112491 0.000124986 8.28732e-06 
0.000102307 0.554739 2.2207e-06 2.03234e-06 0.00217908 2.55133e-07 0.045809 0.000969287 0.395895 5.39278e-07 4.94112e-09 1.32041e-06 0.000298849 1.28464e-06 
0.0685142 0.71287 0.00371159 0.000181911 0.00803578 0.000960684 0.096086 0.00308994 0.102457 1.86849e-08 0.00112391 5.58694e-07 0.00296116 7.55276e-06 
0.028426 0.332071 0.131248 0.22522 0.0247036 0.0503796 0.141115 0.00220585 0.0448839 0.000311478 0.0107407 1.72888e-07 0.00789856 0.000796395 
0.0478212 0.597071 0.000800235 1.40348e-05 0.0925321 3.80349e-06 0.222256 0.00323879 0.0346441 9.47058e-07 0.00160069 2.37703e-06 1.49425e-05 2.42187e-07 
0.0422462 0.255487 0.0176968 0.00211935 0.196879 0.000652324 0.181052 0.0789309 0.147976 4.33559e-05 0.00138947 0.000347184 0.0171667 0.058013 
0.00119903 0.439853 0.344792 2.00377e-07 2.22598e-05 6.68047e-05 0.000419353 0.195786 0.000903161 1.77067e-07 8.60752e-06 0.0165013 0.000447139 4.93706e-08 
0.00474524 0.442872 0.0190217 3.36194e-07 0.00772456 0.00249385 0.215172 0.225912 0.00271078 0.0169005 0.000180038 0.00158676 0.0601874 0.000493076 
0.00542876 0.651621 0.0011393 5.83458e-10 0.0903058 0.00017923 0.0195003 0.00215756 0.213456 1.92969e-07 0.0157988 4.899e-06 7.5248e-06 0.000400723 
0.285577 0.33864 0.033227 0.000626498 0.147891 0.00325751 0.0465482 0.0500176 0.0666492 0.00132434 0.00620418 0.000677554 0.0189017 0.00045769 
0.0617874 0.555602 0.00207175 0.00272987 0.0356785 0.00105027 0.0779638 0.0094714 0.251219 7.79938e-07 0.00133463 4.41832e-07 0.00106356 2.7131e-05 
0.0258142 0.841649 0.00359219 8.14943e-06 0.00586578 9.78112e-07 0.119457 0.00345685 5.54336e-05 4.40708e-05 5.30511e-05 4.87032e-08 3.82439e-06 1.16856e-08 
0.198599 0.523283 0.0645048 0.00223749 0.016251 0.00307815 0.0229122 0.0497945 0.0196377 0.00732133 0.0587826 0.00271978 0.0287551 0.00212366 
0.0389014 0.787515 1.66992e-06 4.64925e-09 0.059375 3.05654e-09 0.094401 2.20303e-07 0.0193377 4.10838e-09 0.000449783 5.25344e-06 1.30196e-05 1.41339e-07 
0.189632 0.347534 0.132921 8.22446e-05 0.0885289 0.0013265 0.108036 0.0203159 0.101289 0.000136405 0.0046796 5.36951e-05 0.00543341 3.27695e-05 
0.0342784 0.308663 0.0299531 0.00269708 0.0621489 0.00131511 0.187614 0.146619 0.167221 5.69751e-05 0.00337753 0.00275378 0.0532612 4.0783e-05 
0.0849539 0.460502 0.0125489 0.00404091 0.117892 7.96668e-07 0.0590522 0.0281387 0.209452 3.12726e-06 0.00152001 0.0214772 0.000414983 3.35468e-06 
0.0244466 0.403855 0.016356 1.51293e-05 0.0328873 4.40268e-06 0.359439 0.00241404 0.15562 1.80918e-08 1.06749e-06 9.61031e-08 0.00495402 6.8186e-06 
0.0214589 0.482266 0.00615363 0.00487163 0.214664 1.65484e-05 0.0134422 0.135038 0.119782 5.86488e-07 9.79123e-06 1.55519e-05 0.00227665 3.68136e-06 
0.00422171 0.693802 0.0219898 4.84295e-06 0.0136314 0.000580029 0.137123 0.0720498 0.00550507 3.53585e-05 0.0100371 3.99302e-05 0.0391573 0.00182246 
0.00422171 0.693802 0.0219898 4.84295e-06 0.0136314 0.000580029 0.137123 0.0720498 0.00550507 3.53585e-05 0.0100371 3.99302e-05 0.0391573 0.00182246 
0.108684 0.405812 0.0546399 2.53366e-05 0.136172 7.37812e-05 0.0797566 0.0149802 0.150924 0.00367824 0.0210441 0.00012988 0.0157798 0.0083007 
0.0578564 0.436075 0.0895476 0.000524189 0.045192 0.00142533 0.315385 0.0169517 0.00740197 1.13512e-06 0.0221528 0.00597868 0.00144432 6.43483e-05 
0.0165517 0.645612 0.0279377 0.00054896 0.018962 0.00245054 0.17233 0.00559426 0.104952 0.000124884 0.00092864 5.09627e-06 0.00397195 2.94837e-05 
0.00396533 0.322851 0.01917 1.23699e-06 0.0304781 0.000127874 0.153905 0.0173475 0.236764 0.000163322 0.000100078 6.44889e-05 0.000710939 0.214351 
0.0968619 0.579173 0.0921089 0.000776169 0.0937682 0.00129473 0.0205772 0.106554 0.00185573 5.78656e-05 0.00157768 9.09787e-05 0.0048408 0.000462513 
0.0313489 0.342694 0.108257 1.3731e-06 0.0297398 0.0190364 0.271947 0.0333065 0.160958 2.28203e-06 8.15677e-05 0.000901389 0.00168436 4.13056e-05 
0.0268575 0.400908 0.151756 0.00824903 0.11364 0.0489304 0.130534 0.016116 0.0949839 2.25787e-05 0.0051056 9.45037e-05 0.00230656 0.000495507 
0.0166635 0.450253 0.055975 0.000920649 0.0137207 0.000127246 0.0671307 0.256971 0.0624294 1.49715e-07 0.000481445 2.69481e-05 0.0753004 3.92346e-08 
0.0165517 0.645612 0.0279377 0.00054896 0.018962 0.00245054 0.17233 0.00559426 0.104952 0.000124884 0.00092864 5.09627e-06 0.00397195 2.94837e-05 
0.134167 0.681116 0.0337953 5.69966e-06 0.080074 0.00515413 0.0219783 0.0135784 0.0119062 1.2234e-06 1.78052e-06 0.000317035 0.01698 0.00092491 
0.187591 0.429603 0.180662 0.000758476 0.0246327 9.84224e-05 0.100509 0.0338927 0.0135574 5.13062e-06 0.0214289 0.00321613 0.00399264 5.34825e-05 
0.00122637 0.715762 0.0125502 2.20816e-06 0.0388464 1.45171e-06 0.0751806 0.0774665 0.0786414 8.97441e-05 0.00022536 2.26756e-06 4.49866e-07 4.76522e-06 
0.14226 0.344106 0.0285506 0.000561074 0.141434 0.00477922 0.174252 0.0470301 0.109368 0.00100519 0.00256266 0.00112897 0.00274799 0.000213906 
0.0708572 0.620583 0.0797876 3.9404e-05 0.0889276 0.00108905 0.0944747 0.01212 0.00107172 1.46496e-06 0.000521725 0.0229873 0.00748793 5.16774e-05 
0.015649 0.57704 0.0019134 7.57464e-07 0.0371022 0.000458733 0.18992 0.0244202 0.145544 9.76409e-05 1.67984e-07 0.000411798 0.00737024 7.2318e-05 
0.000127149 0.575108 0.397418 1.08067e-07 6.37282e-05 7.10465e-08 0.00505536 4.09187e-07 0.0222202 9.54956e-08 1.63991e-08 6.51953e-06 2.20164e-08 2.66266e-08 
0.0647939 0.52542 0.101619 1.08184e-08 0.0163281 0.011355 0.265509 0.00727243 0.0012037 1.78556e-06 8.5342e-06 0.00114042 0.00529161 5.6227e-05 
0.0445743 0.695153 0.00995447 0.000137417 0.0403352 0.000949219 0.0927551 0.0282921 0.0838319 6.79541e-06 0.000153126 0.000160021 0.00366185 3.57404e-05 
0.167201 0.421664 0.00935863 0.000700217 0.237761 0.000417322 0.0897374 0.0498954 0.0150725 8.63951e-05 0.00363389 0.000997106 0.00344383 3.26689e-05 
0.00637636 0.539547 0.0599991 0.0025626 0.046531 0.000407097 0.278908 0.00496367 0.016104 1.21843e-05 4.07437e-07 6.47015e-09 0.0444565 0.000132102 
0.203211 0.548632 0.0120052 8.13626e-07 0.023926 6.22917e-06 0.138349 0.00689729 0.0664153 5.88588e-09 0.000543987 5.9821e-06 6.92424e-06 8.15977e-08 
0.0166635 0.450253 0.055975 0.000920649 0.0137207 0.000127246 0.0671307 0.256971 0.0624294 1.49715e-07 0.000481445 2.69481e-05 0.0753004 3.92346e-08 
0.00422171 0.693802 0.0219898 4.84295e-06 0.0136314 0.000580029 0.137123 0.0720498 0.00550507 3.53585e-05 0.0100371 3.99302e-05 0.0391573 0.00182246 
0.0290889 0.485251 0.095122 0.000875464 0.0273371 0.0065893 0.1111 0.0968961 0.0162724 6.28412e-06 0.00353119 0.0984803 0.0292071 0.000243337 
0.081864 0.373214 0.00458525 0.00624015 0.050846 1.57478e-05 0.0403401 0.135714 0.306688 3.55396e-05 0.000232887 0.000206745 2.04288e-06 1.58218e-05 
0.117623 0.570375 0.0150968 0.00138711 0.164738 0.000611967 0.0411907 0.0348541 0.0341207 4.43117e-06 0.00164551 2.08617e-05 0.0183168 1.59722e-05 
0.0570056 0.486932 0.0297347 0.00184815 0.260149 0.0211801 0.135393 0.00176344 0.00319894 0.000162458 0.000671373 0.000339431 0.000761648 0.000860225 
0.0212443 0.632606 0.0147019 0.00203397 0.0304298 0.00731639 0.117738 0.0244894 0.14246 1.18282e-08 0.0015454 0.000607814 0.00477286 5.50153e-05 
0.0214748 0.341758 0.0314941 2.69215e-05 0.0379726 0.000444642 0.124625 0.186963 0.212019 6.22463e-06 0.0329989 5.89462e-05 0.0100861 7.13123e-05 
0.0975402 0.776868 0.101394 0.00040407 0.001595 0.000477266 0.000693775 0.0038919 0.000132593 5.54903e-06 0.014565 8.79864e-05 0.00232876 1.6316e-05 
0.020874 0.318376 0.146825 0.00781366 0.0700402 0.0414947 0.225445 0.0424697 0.120018 0.000588865 0.00276035 4.11998e-06 0.00291498 0.000374211 
0.0959034 0.384009 0.0149988 0.00281577 0.383664 0.000316879 0.0187365 0.0392607 0.0466739 1.08148e-05 0.00914293 0.0014791 0.00204186 0.000946028 
0.00882374 0.913786 0.0421049 4.34015e-09 0.00615834 0.0015781 0.0220699 0.00523373 1.94259e-06 3.83525e-09 0.000232244 1.0287e-05 1.92103e-07 6.69152e-07 
0.084791 0.395697 0.178652 0.00366003 0.0596055 0.00172787 0.0940343 0.0548304 0.089596 0.0065263 0.00319172 0.00242904 0.0135861 0.0116732 
8.95069e-05 0.419525 0.000233386 4.34342e-07 0.0738903 0.0234532 0.30024 0.000883351 0.157468 1.96858e-05 0.000352141 2.17912e-05 0.0238157 7.74579e-06 
0.00353468 0.93033 0.0196014 0.00163917 2.57346e-07 6.05018e-07 0.0186409 8.06326e-07 4.46253e-06 6.81818e-08 2.42203e-08 0.00336846 0.0228411 3.77123e-05 
0.0867115 0.50003 0.0249423 0.000332541 0.0976698 0.0092138 0.0623503 0.0661684 0.128294 0.0218562 0.00104449 5.13403e-05 0.00127226 6.26651e-05 
0.0637563 0.219232 0.109571 0.000105882 0.0831001 0.173463 0.115312 0.116613 0.000949817 6.53037e-06 0.00108623 4.37881e-05 0.116675 8.54363e-05 
0.15267 0.414146 0.0011543 0.0232245 0.0603618 0.000409865 0.0989437 0.0891231 0.102574 5.25042e-05 0.000927832 8.14708e-05 0.0330704 0.0232611 
0.000741587 0.481093 0.00832189 0.00655667 0.0316477 7.46066e-05 0.0726757 0.0755176 0.317877 5.218e-05 0.00477949 0.000317764 0.000343559 1.62049e-06 
0.0632477 0.426955 0.0373178 0.00019085 0.0435335 3.43101e-05 0.262147 0.0245328 0.139022 3.89356e-08 0.000402616 0.000869221 0.000772255 0.000973886 
0.0252801 0.683529 0.147514 0.000142534 0.0196848 7.8949e-05 0.0488098 0.000122661 0.0497682 0.000108145 0.021229 0.000153738 0.00332934 0.00024999 
0.0917125 0.309583 0.0400769 0.000557349 0.162947 0.0019563 0.168163 0.108624 0.0931755 0.00108982 0.00753518 0.00328726 0.00963042 0.00166153 
0.0680978 0.681257 0.0703604 1.99471e-05 0.0609659 0.00399989 0.103944 0.00965938 0.00142359 4.86093e-06 7.73696e-05 0.000184575 8.1028e-07 4.62427e-06 
0.121659 0.615661 0.0876937 0.00020773 0.042726 0.00114257 0.112024 0.00627038 0.00768733 5.60158e-06 0.000148957 7.16677e-05 0.00465989 4.17509e-05 
0.037433 0.852464 0.0174097 0.000471312 0.0158661 0.000196225 0.0700798 0.00413457 0.00188871 1.65279e-05 1.98513e-05 4.72116e-08 1.9644e-05 4.00702e-07 
0.0247536 0.408738 0.0244325 4.78445e-05 0.0272992 0.000111839 0.10789 0.0478458 0.160487 0.000130183 0.000414566 6.04309e-05 0.00056961 0.197219 
0.0700881 0.58147 0.00741731 2.15796e-05 0.205858 1.82418e-05 0.0371835 9.31812e-05 0.0956421 2.34517e-08 2.0835e-06 0.00211249 7.91187e-06 8.55442e-05 
0.000108338 0.695457 0.156689 5.84695e-05 0.000543865 7.99399e-05 0.0279075 0.0238219 0.0764809 2.65741e-05 0.000527564 4.71401e-05 0.0182065 4.5626e-05 
0.149147 0.503206 0.0813564 0.00305085 0.0172352 0.00380144 0.0248305 0.0620571 0.01794 0.00337505 0.0617792 0.00618307 0.0641068 0.00193189 
0.110613 0.35356 0.0167433 0.000786864 0.00710924 0.000994352 0.0428413 0.303022 0.0143123 1.80263e-05 0.145825 0.00014785 0.00397235 5.36783e-05 
0.23607 0.327056 0.00317716 0.0052203 0.305111 2.50826e-11 0.0295246 0.060354 0.0331946 4.77609e-08 0.000251315 3.00641e-05 7.77279e-12 1.15587e-05 
0.23607 0.327056 0.00317716 0.0052203 0.305111 2.50826e-11 0.0295246 0.060354 0.0331946 4.77609e-08 0.000251315 3.00641e-05 7.77279e-12 1.15587e-05 
0.0247536 0.408738 0.0244325 4.78445e-05 0.0272992 0.000111839 0.10789 0.0478458 0.160487 0.000130183 0.000414566 6.04309e-05 0.00056961 0.197219 
0.00207488 0.737511 0.12766 0.000389709 0.0466748 0.00414885 0.0693216 0.0052167 0.00387766 5.46628e-06 8.91042e-10 0.00310877 3.27964e-06 7.44408e-06 
0.233315 0.627507 0.00471201 2.55116e-06 0.0675738 4.40076e-06 0.0490385 0.00550768 0.011159 2.52918e-10 0.00100837 0.000107536 6.25465e-05 2.25214e-06 
0.0700881 0.58147 0.00741731 2.15796e-05 0.205858 1.82418e-05 0.0371835 9.31812e-05 0.0956421 2.34517e-08 2.0835e-06 0.00211249 7.91187e-06 8.55442e-05 
0.132456 0.496699 0.13609 0.000207279 0.0542392 0.0197368 0.116216 0.0254559 0.0101309 1.38249e-05 0.000346644 0.000147432 0.00816916 9.18404e-05 
0.172953 0.354707 0.0453569 0.000880286 0.157357 0.00195662 0.102609 0.0534203 0.0906462 0.00244153 0.00978911 0.00291588 0.00491711 4.93715e-05 
0.00167447 0.730323 0.0508018 2.06524e-07 0.0494935 0.00686751 0.150301 0.0085944 0.00174551 3.63177e-07 3.42518e-05 1.08718e-06 0.000127024 3.58154e-05 
0.00345533 0.714407 0.226233 0.000670635 0.000278104 0.000114216 0.0272 0.00442347 0.00151999 0.017935 0.00312121 2.8896e-06 0.000626164 1.30496e-05 
0.00542876 0.651621 0.0011393 5.83458e-10 0.0903058 0.00017923 0.0195003 0.00215756 0.213456 1.92969e-07 0.0157988 4.899e-06 7.5248e-06 0.000400723 
0.00318824 0.867772 0.0561626 8.63174e-07 0.0102188 0.00628337 0.0475534 0.00342533 0.00427449 1.86492e-06 2.94912e-07 9.8974e-05 0.000977635 4.19205e-05 
0.240798 0.391262 0.0138607 0.000268798 0.189074 1.34073e-05 0.100418 0.0220999 0.0365763 2.33007e-05 0.00188208 3.02403e-05 0.00367556 1.73159e-05 
0.285954 0.503257 0.0587601 0.00179908 0.0838256 9.71859e-08 0.0467868 0.00288282 0.0136025 1.3063e-07 0.00174478 5.24231e-06 0.0013815 9.50865e-07 
0.00699869 0.697908 0.0892617 2.19941e-05 0.0559806 0.00114861 0.0920959 0.0138924 0.00694108 3.83016e-07 0.0355643 7.34445e-05 0.000109406 3.59552e-06 
7.58283e-06 0.999466 1.21875e-05 0.00011326 8.60857e-06 7.44604e-05 1.04187e-05 5.58046e-06 1.71928e-05 0.000100084 1.71871e-05 0.000116307 2.30743e-05 2.7906e-05 
0.00470406 0.651828 0.000298632 7.02106e-11 0.177402 9.27785e-09 0.0746544 0.0502913 0.0395857 6.20427e-11 3.30392e-08 7.20992e-11 0.00123569 5.20704e-09 
0.0671438 0.268597 0.136014 1.18846e-07 0.0616037 9.7687e-06 0.193658 0.214621 0.0255273 1.31478e-11 0.000563252 2.57641e-08 0.0322623 1.96122e-08 
0.212245 0.264913 0.0347024 0.00138652 0.249828 0.00401475 0.0879387 0.0833232 0.0398884 0.000416424 0.014461 0.00243798 0.00428456 0.000159872 
0.256628 0.668784 0.0506448 7.2401e-12 0.0159963 3.47516e-08 2.28442e-07 0.0042665 0.00111635 6.39783e-12 0.000352218 0.00221212 7.97998e-08 2.3549e-08 
4.67412e-05 0.947438 0.00585938 4.74881e-09 0.000314811 0.000238057 0.0459458 8.06862e-06 4.10544e-05 4.19636e-09 7.20627e-10 4.87655e-09 0.00010737 1.73198e-07 
0.134167 0.681116 0.0337953 5.69966e-06 0.080074 0.00515413 0.0219783 0.0135784 0.0119062 1.2234e-06 1.78052e-06 0.000317035 0.01698 0.00092491 
0.0224873 0.76938 0.0362893 3.58628e-05 0.0854047 0.000349161 0.0510412 0.0153405 0.0114226 2.08396e-06 0.00502519 0.0021762 0.000969243 7.70687e-05 
0.159231 0.692653 0.0132228 8.95524e-06 0.014527 0.000760654 0.0222186 0.0137532 0.00689714 2.7412e-07 0.000242392 0.0760954 0.000388525 1.15055e-06 
0.0726461 0.832437 0.0454726 0.00404119 0.0164615 0.000189662 0.0259413 3.87278e-08 0.00180369 6.94575e-07 4.10372e-07 0.000994558 1.60134e-07 1.08267e-05 
0.00343628 0.957947 0.00628274 9.43286e-05 0.00238059 0.000164288 0.0100413 0.00882114 0.00499433 0.000556349 0.000236908 8.44475e-06 0.00501978 1.68342e-05 
0.0545909 0.308071 0.057341 1.21944e-06 0.099757 0.000127989 0.186598 0.0420022 0.232564 6.4645e-08 0.0172192 6.45318e-05 0.000855659 0.000807636 
0.000145393 0.790196 0.0290671 4.69863e-07 0.00433601 0.0805933 0.0944551 0.00056682 0.000409672 4.15202e-07 6.79199e-06 4.82502e-07 0.000185719 3.63493e-05 
0.00993593 0.526148 0.0264206 7.34405e-06 0.203731 0.000157001 0.129133 0.0547126 0.0452639 9.52926e-08 6.68042e-05 0.00298541 0.00128193 0.000156139 
0.06415 0.361107 0.15755 0.00576387 0.163614 0.000616971 0.19426 0.0236933 0.0264203 1.08625e-05 0.000268837 1.33592e-05 0.00252671 4.29673e-06 
0.0392403 0.881061 9.01465e-08 6.20505e-11 0.0754542 4.07937e-11 0.00287999 0.00118118 0.000183194 5.48319e-11 9.41609e-12 6.37195e-11 1.26414e-11 1.52885e-11 
0.206422 0.312151 0.00697156 0.00411559 0.225424 8.445e-05 0.0172854 0.208221 0.00739266 1.41711e-05 0.0104878 0.0012874 0.000140441 3.87287e-06 
0.0392374 0.831215 0.047357 0.000161451 0.00643993 3.2856e-05 0.0338708 0.00745664 0.0290093 1.66826e-06 0.000134997 0.00445905 0.000371579 0.000252382 
0.0368953 0.524685 0.0880365 0.00501954 0.0830628 6.35539e-05 0.0424722 0.0189763 0.0663889 3.67432e-05 0.128372 0.00548203 0.00045804 5.07435e-05 
0.0183022 0.398575 0.00518466 0.00444048 0.248232 0.00064183 0.0940948 0.0794856 0.103214 8.13648e-06 8.95139e-05 0.00301333 0.0446791 3.91434e-05 
0.00422171 0.693802 0.0219898 4.84295e-06 0.0136314 0.000580029 0.137123 0.0720498 0.00550507 3.53585e-05 0.0100371 3.99302e-05 0.0391573 0.00182246 
0.188985 0.311372 0.255485 3.00221e-05 0.0877617 0.00119822 0.108048 0.0196326 0.0177488 7.48962e-05 0.00453175 2.00486e-05 0.00510512 7.39323e-06 
