0.0814084 1.88538e-05 0.0093908 6.20591e-05 0.00848942 0.000845888 0.0021608 0.057013 0.000361805 3.83172e-06 0.834265 3.06751e-05 0.00591852 3.06866e-05 
0.117551 0.000719217 0.00894393 6.02727e-05 0.00584947 0.00265062 0.00280667 0.0543389 0.000621992 1.23187e-07 0.776379 7.10908e-05 0.0298685 0.000139665 
0.231825 0.00114362 0.0142038 4.59675e-05 0.0714292 0.0146409 0.029595 0.0869434 0.0108993 1.39352e-05 0.391618 0.000811396 0.0791712 0.0676592 
0.254213 1.39631e-07 0.0388499 0.000670731 0.0377281 7.73245e-05 0.0289856 0.154492 0.00594143 4.66725e-08 0.467129 0.00142678 0.0104021 8.33425e-05 
0.299832 1.25522e-07 0.261593 0.000135319 0.0944455 0.00547885 0.00254942 0.0168422 0.000193132 0.000239352 0.306599 3.83308e-05 0.0117996 0.000254591 
0.146411 1.13372e-11 0.0144037 3.83765e-08 0.249598 0.0003196 0.110585 0.156661 0.0325606 1.1581e-11 0.279685 0.000113417 0.00966238 6.1313e-08 
0.200776 0.00278351 0.0169526 0.000615409 0.151229 0.0163273 0.0116586 0.0368066 0.000280071 3.65093e-06 0.542473 0.000166708 0.0197957 0.000131939 
0.0331196 2.16723e-12 0.00222097 0.000414781 0.0026555 4.01421e-05 0.00547717 0.00169792 0.000170723 5.12499e-09 0.95415 9.36219e-09 5.29152e-05 6.17276e-13 
0.221108 0.00184817 0.0298308 0.00186097 0.0661481 0.000901412 0.0538688 0.131079 0.0449418 2.3991e-05 0.420855 0.00107902 0.0218868 0.00456802 
0.129258 4.82563e-08 0.0440087 2.10067e-05 0.00410403 0.0624244 0.0107932 0.0379906 0.00758198 4.51251e-05 0.70061 7.73161e-06 0.00309128 6.35422e-05 
0.130149 3.70096e-06 0.00773235 3.77167e-06 0.0408061 7.78376e-05 0.0119231 0.0764272 0.00830218 3.03466e-08 0.661242 2.216e-05 0.0615216 0.00178879 
0.328418 0.00109262 0.0628484 0.000746061 0.0565473 0.00415915 0.0321374 0.107189 0.00803889 0.000740412 0.370143 0.000698974 0.0271134 0.000126784 
0.278316 5.69445e-07 0.184681 0.00063687 0.0188532 4.1058e-05 0.0469956 0.156732 0.00387664 4.28884e-08 0.298218 0.000561551 0.0110788 9.47296e-06 
0.0687231 7.79755e-06 0.00951348 1.82769e-05 0.125201 0.000532372 0.00176873 0.0594643 0.00513354 0.000130017 0.728057 1.39596e-05 0.00140431 3.21111e-05 
0.0210816 0.017406 0.0393475 6.01815e-05 0.160219 0.000794931 0.0558674 0.266228 0.061985 0.00023165 0.334166 0.000149929 0.0422577 0.000204404 
0.291035 8.86087e-05 0.0187617 5.37177e-07 0.0287358 0.0294302 0.0182484 0.164575 0.00624648 3.50415e-07 0.324399 0.000143825 0.118309 2.52498e-05 
0.149772 0.000201047 0.0408723 7.06469e-05 0.00671463 0.00860536 0.010232 0.0670014 0.00516594 1.86537e-05 0.691518 4.58441e-05 0.0196502 0.000131667 
0.207959 0.000262222 0.0543499 7.70996e-05 0.188224 0.110781 0.0732847 0.072601 0.0170449 0.000161559 0.23478 4.52777e-05 0.040367 6.27787e-05 
0.326709 4.57751e-12 0.00200294 1.52375e-07 0.00755366 5.87055e-06 0.000510952 0.0203724 4.24749e-05 2.31357e-07 0.639212 3.83985e-05 0.00352222 2.94247e-05 
0.034667 1.10586e-12 0.00125468 7.71426e-09 0.00766786 2.41006e-05 0.00082156 0.0029442 3.48324e-05 5.31816e-10 0.951127 7.21862e-06 0.00144683 4.22194e-06 
0.0757769 5.02243e-06 0.00726074 5.10446e-07 0.00604635 0.00320552 0.000922623 0.00119896 0.00255989 4.16169e-07 0.902288 1.82827e-05 0.000696404 2.07437e-05 
0.254695 0.000640125 0.0982984 2.98611e-05 0.0515826 0.00201759 0.0996049 0.106082 0.0192133 2.54639e-05 0.301166 5.73972e-05 0.0662905 0.000296709 
0.0501464 1.49361e-12 0.00187793 1.10135e-08 0.011336 3.54312e-05 0.00122889 0.00441629 5.22481e-05 7.53064e-10 0.928841 9.37556e-06 0.00204985 6.332e-06 
0.160726 6.04239e-05 0.0457712 3.11753e-05 0.0122496 0.00698433 0.0243041 0.0797199 0.00166769 5.64156e-05 0.663662 3.55578e-05 0.00455566 0.000176475 
0.359486 5.1567e-05 0.00501827 3.4503e-05 0.0384809 2.95665e-05 0.00557929 0.0093061 0.00357377 1.68699e-07 0.49501 3.22266e-05 0.0826258 0.000771432 
0.0519698 9.81128e-06 0.00781534 0.000322583 0.0237762 0.00322234 0.00677036 0.0401329 0.00143778 5.85904e-06 0.861094 8.4238e-05 0.00333639 2.2472e-05 
0.134103 0.0355607 0.0850051 2.97173e-09 0.00891184 0.0399479 0.101954 0.0357404 0.00102753 1.84623e-05 0.555219 3.88477e-05 0.00245685 1.52437e-05 
0.000493028 0.000424726 0.00132741 1.75104e-07 0.00340298 6.09116e-05 0.0461604 0.106017 0.0153776 2.81538e-06 0.788778 8.70039e-05 0.0378347 3.37807e-05 
0.0632108 1.45707e-07 0.239426 0.000573633 0.0527182 0.0108205 0.0317504 0.255389 0.0212274 0.000102489 0.284607 0.000994897 0.03636 0.00282026 
0.125132 1.28939e-08 0.00249137 2.63015e-12 0.00662409 0.000350637 0.00437614 0.0773616 0.0127928 3.2133e-08 0.769312 2.05499e-08 0.00155759 1.36449e-06 
0.0521455 9.42599e-07 0.00269135 2.60544e-08 0.0011748 2.63101e-08 0.000923748 0.00896826 0.000526852 5.28939e-06 0.850538 0.0827912 0.000228593 5.25039e-06 
0.200682 5.275e-05 0.00944892 4.04925e-08 0.0127753 2.6735e-05 0.00578708 0.0524092 0.000461262 4.83335e-08 0.717718 0.000102348 0.000534766 7.50214e-07 
0.0284542 5.92874e-05 0.142054 0.178215 0.000991064 0.00974069 0.0700844 0.0507938 0.000351014 0.0431704 0.460563 5.1484e-05 0.0153667 0.00010467 
0.0284542 5.92874e-05 0.142054 0.178215 0.000991064 0.00974069 0.0700844 0.0507938 0.000351014 0.0431704 0.460563 5.1484e-05 0.0153667 0.00010467 
0.019392 3.62981e-08 0.00117498 6.75773e-12 0.000326326 3.99695e-06 0.00032822 4.04489e-05 0.000260119 8.87787e-08 0.978458 5.62836e-09 1.6116e-05 3.51311e-08 
0.0640946 5.85865e-09 0.00480148 4.20411e-09 0.0112326 0.00035056 0.00400171 0.110614 0.0111314 1.92329e-06 0.791899 9.27721e-09 0.00184801 2.47378e-05 
0.390335 0.00620214 0.0370109 0.000470925 0.0456704 0.000839644 0.0197023 0.0500172 0.00413846 1.91977e-06 0.403596 0.00569002 0.0362618 6.29992e-05 
0.0576749 8.377e-06 0.0252979 3.38808e-07 0.0121159 1.72933e-08 0.0204405 0.0106048 0.00131963 7.74531e-06 0.872217 0.000131371 0.000179923 1.79701e-06 
0.0547277 3.34916e-05 0.00532853 1.31458e-05 0.0101607 0.00098745 0.0089921 0.0466543 0.00509635 9.09499e-07 0.866796 3.93702e-05 0.00113149 3.83495e-05 
0.24185 0.00015443 0.016919 0.00631115 0.0115447 0.000417844 0.0335317 0.0656288 0.000901522 6.97377e-06 0.613648 1.41869e-05 0.00905148 2.01135e-05 
0.269745 0.00161262 0.0450209 0.000470932 0.0238716 0.00249002 0.0305853 0.0552827 0.00910832 0.00073226 0.554161 0.000285626 0.00651104 0.000122629 
0.116698 1.76196e-09 0.00131463 2.09275e-09 0.125906 2.46423e-05 0.000494992 0.021386 0.00528587 5.77671e-07 0.728267 1.62018e-05 0.000598511 7.62185e-06 
0.072635 6.67146e-05 0.0632721 2.14099e-05 0.0250254 0.000638407 0.0325613 0.0748988 0.0113994 0.000167778 0.716968 8.07449e-05 0.00225693 7.87903e-06 
0.113254 7.04851e-07 0.000467697 2.44318e-10 0.0114955 0.00048351 1.60877e-06 2.41493e-08 0.00333719 1.87657e-09 0.870849 2.05953e-06 8.18514e-05 2.67831e-05 
0.0382053 2.76835e-09 0.00523658 1.10021e-08 0.0284304 0.000222901 0.00184777 0.0170687 0.00257502 4.47288e-08 0.898148 8.22779e-05 0.00799285 0.000190579 
0.00549269 6.12111e-09 4.5528e-05 3.74788e-12 0.0361892 8.6939e-08 0.000182251 0.000560723 0.00423943 3.24065e-09 0.953093 3.79843e-08 0.000194376 2.24149e-06 
0.129617 2.04713e-08 0.0176222 0.000328036 0.0269336 5.83471e-05 0.0233737 0.0450496 0.0028292 1.9842e-12 0.744749 0.00058622 0.00884963 3.69778e-06 
0.112614 0.000840949 0.0548783 0.00319536 0.106745 0.000842167 0.0679723 0.0729203 0.0152222 6.14349e-06 0.467288 0.0540592 0.0419201 0.00149526 
0.149367 2.17089e-09 0.00184047 2.54242e-09 0.176268 3.44945e-05 0.000692985 0.0299403 0.0074002 8.08454e-07 0.633619 2.26803e-05 0.000803781 1.06698e-05 
0.0284542 5.92874e-05 0.142054 0.178215 0.000991064 0.00974069 0.0700844 0.0507938 0.000351014 0.0431704 0.460563 5.1484e-05 0.0153667 0.00010467 
0.114991 1.18501e-06 0.00125725 1.22773e-05 0.0282923 8.55769e-05 0.0012465 0.0124306 0.00228725 9.26512e-06 0.835614 0.000166851 0.00358361 2.20229e-05 
0.197082 5.53699e-06 0.00513299 0.000234125 0.0659048 0.000108251 0.0419106 0.131827 0.0383717 2.00447e-05 0.309736 0.000184931 0.133001 0.0764814 
0.135467 2.3988e-07 0.212241 1.98117e-07 0.250339 7.70621e-05 0.00203031 0.139775 6.03281e-05 8.05445e-06 0.259907 1.68167e-10 6.21539e-05 3.28934e-05 
0.0866642 4.62958e-12 0.0179459 1.94143e-08 0.00554438 0.000190068 0.00306191 0.0397624 0.000346025 4.91021e-10 0.818827 0.000123029 0.0269617 0.000573035 
0.206425 4.37864e-05 0.0103028 3.48427e-05 0.0894303 0.00723421 0.0104782 0.0404174 0.0645697 1.70314e-08 0.557177 1.54755e-05 0.012076 0.00179582 
0.130989 7.09647e-06 0.0431823 0.00011928 0.0127418 0.00465183 0.0151338 0.0703627 0.00544157 4.83925e-05 0.709771 0.000206024 0.00730876 3.70551e-05 
0.435017 0.000873667 0.00789464 1.74781e-05 0.00509121 0.00267446 0.0322958 0.00403398 0.00810074 2.20128e-11 0.503639 8.71285e-06 0.000138509 0.000215306 
0.0501464 1.49361e-12 0.00187793 1.10135e-08 0.011336 3.54312e-05 0.00122889 0.00441629 5.22481e-05 7.53064e-10 0.928841 9.37556e-06 0.00204985 6.332e-06 
0.0297607 0.000162414 0.0158445 3.58437e-09 0.0256841 1.94486e-08 0.0508797 0.038797 0.0889447 8.94324e-06 0.69364 0.000284586 0.0559827 1.03149e-05 
0.274532 2.89125e-05 0.0480165 7.31185e-06 0.0047617 0.0262207 0.00702909 0.0430981 0.000817024 7.63164e-07 0.568551 3.68113e-05 0.0267322 0.00016825 
0.11592 3.16193e-05 0.0102621 9.30143e-06 0.00809072 0.00210305 0.00219657 0.00447375 0.00240994 1.33445e-06 0.849172 2.3662e-05 0.0047887 0.000517388 
0.194651 2.00682e-08 0.00732093 6.88678e-08 0.0053059 0.000779848 0.11742 0.103115 0.0304104 2.00013e-08 0.540087 4.23092e-08 0.000908728 8.03463e-07 
0.11933 1.01692e-08 0.00228909 5.77207e-10 0.00496808 0.000262983 0.00328211 0.0582953 0.00960016 2.4138e-08 0.800734 1.62183e-05 0.0012204 1.02368e-06 
0.10134 5.66259e-05 0.0210875 0.000660851 0.010443 0.00251053 0.00536999 0.0954052 0.00109597 1.05775e-05 0.752302 0.000111474 0.0095772 2.87038e-05 
0.239224 0.000790504 0.0317504 6.28686e-06 0.018925 0.0010216 0.0445059 0.284755 0.00123337 1.34193e-09 0.356765 0.00562718 0.015319 7.79143e-05 
0.122034 0.000899016 0.0103768 7.04859e-05 0.00731184 0.00331326 0.00350833 0.0676829 0.000776707 1.53919e-07 0.746631 5.26429e-05 0.0371674 0.00017458 
0.385287 8.7245e-10 0.0430951 1.00854e-09 0.0339173 0.00105096 0.00325547 0.020184 0.00397235 9.66138e-08 0.431415 0.0768938 0.000928994 7.80041e-08 
0.270018 1.17348e-11 0.00126411 1.45945e-08 0.000162851 0.000438631 0.004571 0.191878 3.15426e-08 2.65206e-09 0.509553 0.00342629 0.0186873 1.66854e-07 
0.365596 0.000116134 0.0237453 0.000254972 0.0334226 0.000848255 0.00550177 0.098719 0.0198434 1.61331e-06 0.426417 0.000102778 0.0251306 0.000300663 
0.0183563 2.00256e-07 0.000308553 2.74517e-12 5.19764e-05 0.111285 5.84184e-05 0.000123485 4.16715e-13 4.69786e-09 0.869258 9.54745e-10 0.000558323 2.08635e-08 
0.194557 1.33734e-10 0.1787 1.13806e-08 0.0294242 0.000702201 0.0117288 0.0926651 0.00393548 3.74267e-05 0.395358 0.0838931 0.00898485 1.43168e-05 
0.288992 0.000120452 0.0217788 0.000262596 0.0503447 0.000204256 0.0184546 0.0891155 0.0124394 3.05888e-05 0.401452 0.00111299 0.114388 0.0013047 
0.16382 6.56011e-05 0.0494976 0.00137534 0.0530164 0.000214742 0.00808749 0.0626541 0.0216769 1.05451e-05 0.629074 6.14114e-07 0.0104863 2.09612e-05 
0.0259072 1.44994e-12 0.000565052 5.20651e-09 0.00282601 3.75296e-05 0.000321641 0.000981411 1.16133e-05 1.88771e-08 0.96371 2.74287e-06 0.00557196 6.50266e-05 
0.253701 0.000157438 0.0408209 1.0132e-05 0.0301345 5.00437e-05 0.00654011 0.0182574 0.00605176 7.61129e-07 0.642169 0.000491941 0.00160883 5.23076e-06 
0.0788947 0.00172749 0.0546045 4.63458e-05 0.0841944 0.00522106 0.0853886 0.058437 0.00579007 0.000343533 0.598724 0.00143426 0.0249453 0.000248365 
0.110778 1.36027e-08 0.0229525 0.000119662 0.0172937 0.000127137 0.0128817 0.0541567 0.00158679 1.83886e-10 0.75972 0.00072784 0.0195216 0.000134632 
0.0693739 1.02199e-12 0.0240689 8.17739e-09 0.265823 0.00129578 0.0244259 0.228428 0.00304095 5.85875e-05 0.379012 3.84549e-05 0.0042853 0.000148552 
0.00202527 5.41383e-07 0.000226224 1.97061e-09 0.00438778 1.35362e-05 0.0580865 0.0413262 0.00431312 1.88592e-07 0.888984 8.6668e-05 0.000549779 3.26843e-07 
0.057233 0.000125942 0.0238092 0.00013514 0.0118453 0.00084534 0.00327407 0.0431039 0.00244872 0.0024162 0.843784 0.000139948 0.0107718 6.74293e-05 
0.194138 9.00333e-06 0.00441278 2.20907e-05 0.021402 0.00665746 0.00299415 0.00595945 0.00703886 2.91908e-06 0.754027 2.15495e-05 0.00330677 8.10292e-06 
0.15049 0.000128935 0.0303525 0.000202683 0.0588026 0.00154647 0.0104024 0.084705 0.0123345 0.00176875 0.615704 0.00836568 0.0242402 0.000956243 
0.150459 9.7901e-05 0.121268 0.00676848 0.0181981 0.00103909 0.0477464 0.282341 0.0109649 0.000190807 0.351036 1.1918e-06 0.0098476 4.15837e-05 
0.146213 1.59538e-11 0.0346209 0.00100952 0.0114256 0.000151148 0.0157135 0.0168498 0.000567059 4.12107e-09 0.754377 6.2138e-05 0.0189837 2.6513e-05 
0.034667 1.10586e-12 0.00125468 7.71426e-09 0.00766786 2.41006e-05 0.00082156 0.0029442 3.48324e-05 5.31816e-10 0.951127 7.21862e-06 0.00144683 4.22194e-06 
0.165629 2.38873e-05 0.0168406 5.47974e-05 0.0126762 0.00548018 0.0218835 0.170828 0.000995742 4.69673e-07 0.597971 0.00456975 0.00302116 2.61595e-05 
0.0335258 4.45537e-09 0.00107306 1.16214e-12 0.00284763 0.000308541 0.00123945 0.029538 0.00364475 2.98792e-08 0.922781 4.61846e-07 0.00501735 2.41926e-05 
0.264617 7.45096e-09 0.200234 8.61323e-09 0.00541424 0.000146432 7.71701e-06 6.26728e-05 2.05898e-06 6.13962e-07 0.529244 1.40482e-06 0.000269106 7.90031e-07 
0.32396 1.18373e-06 0.0310524 4.47839e-05 0.021925 0.00109215 0.00947792 0.0444105 0.00204682 0.00255147 0.559988 0.000105099 0.00322092 0.000124051 
0.385997 1.70659e-12 0.00175414 1.06642e-08 0.0154726 0.00028455 0.000683624 0.00522482 0.000859863 1.53148e-09 0.578681 0.00831154 0.00271406 1.68888e-05 
0.0783998 3.10635e-08 0.0179761 0.0046605 0.00433788 0.00126469 0.00554161 0.0256922 0.000120322 3.01559e-06 0.860723 8.41322e-05 0.00116546 3.13098e-05 
0.00920251 1.16285e-05 0.000682897 8.04975e-08 0.00365383 0.00639267 0.00825186 0.00723451 0.00433462 1.14655e-06 0.956859 4.65725e-05 0.00330919 1.9292e-05 
0.385997 1.70659e-12 0.00175414 1.06642e-08 0.0154726 0.00028455 0.000683624 0.00522482 0.000859863 1.53148e-09 0.578681 0.00831154 0.00271406 1.68888e-05 
0.034667 1.10586e-12 0.00125468 7.71426e-09 0.00766786 2.41006e-05 0.00082156 0.0029442 3.48324e-05 5.31816e-10 0.951127 7.21862e-06 0.00144683 4.22194e-06 
0.034667 1.10586e-12 0.00125468 7.71426e-09 0.00766786 2.41006e-05 0.00082156 0.0029442 3.48324e-05 5.31816e-10 0.951127 7.21862e-06 0.00144683 4.22194e-06 
0.151826 0.000223079 0.00210028 1.17374e-05 0.0387363 5.11959e-06 0.00608362 0.0035465 0.00717652 8.79414e-07 0.790259 1.47268e-05 1.3119e-05 2.30508e-06 
0.153353 2.30049e-06 0.067925 2.30014e-06 0.129636 2.30103e-06 0.0538812 0.246844 0.0181909 2.30044e-06 0.324864 0.00529248 2.30222e-06 2.30211e-06 
0.00376286 9.38655e-08 0.000542184 7.14684e-07 0.014818 4.56502e-05 0.00786762 0.0162539 0.0204274 1.22032e-06 0.934837 0.000287751 0.00115521 1.58381e-07 
0.289672 4.0297e-07 0.0157784 2.10485e-06 0.0167127 0.000879621 0.00171203 0.197684 0.000276952 0.000204964 0.465225 2.50247e-05 0.0115777 0.000248534 
0.125132 1.28939e-08 0.00249137 2.63015e-12 0.00662409 0.000350637 0.00437614 0.0773616 0.0127928 3.2133e-08 0.769312 2.05499e-08 0.00155759 1.36449e-06 
0.293385 1.38892e-05 0.066163 1.56821e-06 0.0230932 0.000171718 0.0322496 0.239439 0.0153297 0.000495051 0.305287 0.000243666 0.000602197 0.0235257 
0.200682 5.275e-05 0.00944892 4.04925e-08 0.0127753 2.6735e-05 0.00578708 0.0524092 0.000461262 4.83335e-08 0.717718 0.000102348 0.000534766 7.50214e-07 
0.397226 7.23082e-05 0.00185549 3.41424e-06 0.0563467 6.696e-06 0.000359833 0.0010744 0.00458143 1.31211e-05 0.535571 4.01803e-06 0.00282501 6.06205e-05 
0.019392 3.62981e-08 0.00117498 6.75773e-12 0.000326326 3.99695e-06 0.00032822 4.04489e-05 0.000260119 8.87787e-08 0.978458 5.62836e-09 1.6116e-05 3.51311e-08 
0.0783998 3.10635e-08 0.0179761 0.0046605 0.00433788 0.00126469 0.00554161 0.0256922 0.000120322 3.01559e-06 0.860723 8.41322e-05 0.00116546 3.13098e-05 
0.151604 2.70274e-08 0.0134216 0.00235019 0.0129211 0.00494921 0.00889198 0.0230012 0.000574423 0.000141621 0.779673 0.000316883 0.00213995 1.51146e-05 
0.0519666 2.74451e-06 0.00657869 1.86795e-05 0.00692585 0.0017687 0.0010584 0.00327865 0.000482721 2.33558e-07 0.922007 8.97547e-07 0.00589174 1.95147e-05 
0.125332 0.000283091 0.069143 0.000339406 0.0198641 0.00126824 0.0160779 0.0470973 0.00407888 0.00202466 0.690739 0.000606757 0.0230442 0.000101434 
0.136939 0.00107999 0.0676821 6.49896e-05 0.0596143 0.00534556 0.100744 0.0810392 0.0103179 0.000639102 0.527465 0.00110152 0.00789424 7.39367e-05 
0.152381 5.61313e-06 0.0712779 7.34373e-06 0.151134 0.00283055 0.0154213 0.141016 0.00450809 3.91372e-08 0.435765 0.000114036 0.0253148 0.000225249 
0.326709 4.57751e-12 0.00200294 1.52375e-07 0.00755366 5.87055e-06 0.000510952 0.0203724 4.24749e-05 2.31357e-07 0.639212 3.83985e-05 0.00352222 2.94247e-05 
0.416438 6.67642e-11 0.00136474 7.71787e-11 0.00155548 0.00309077 0.00242766 0.000155338 6.7826e-08 5.03381e-09 0.574478 1.14417e-06 0.00048917 1.90159e-11 
0.171187 1.0491e-05 0.00192322 1.25694e-06 0.0713546 0.000169258 0.0012958 0.0152306 0.00578189 1.14253e-06 0.729663 3.16661e-05 0.00290255 0.00044714 
0.194445 0.00166053 0.156019 7.61455e-05 0.0896035 0.00117889 0.028222 0.154937 0.0855419 0.000131613 0.251859 0.00050992 0.0357564 5.93781e-05 
0.0419774 0.000436266 0.0380413 0.00155976 0.00279595 0.00128757 0.0814022 0.0303917 0.00513068 1.14645e-11 0.782923 4.74564e-05 0.0139617 4.54632e-05 
0.24711 0.000256609 0.0590508 0.00290531 0.0516552 0.00564215 0.0458543 0.106491 0.0113711 0.000175917 0.456495 0.000467181 0.00609192 0.00643359 
0.0225334 2.07558e-06 0.00669979 1.35969e-07 0.0722544 0.0077669 0.0102323 0.0469174 0.0041622 4.00604e-06 0.827538 0.000177866 0.00168342 2.83386e-05 
0.363673 0.00213536 0.0319868 2.72346e-05 0.0844258 0.00131607 0.0367274 0.0335846 0.0157781 3.08085e-05 0.414631 0.00141858 0.0106316 0.00363324 
0.24444 0.00487918 0.00423484 1.66446e-05 0.303618 0.000121252 0.029905 0.0552554 0.0266566 1.6926e-05 0.320929 0.00169269 0.00427171 0.00396396 
0.326709 4.57751e-12 0.00200294 1.52375e-07 0.00755366 5.87055e-06 0.000510952 0.0203724 4.24749e-05 2.31357e-07 0.639212 3.83985e-05 0.00352222 2.94247e-05 
0.0446317 4.99256e-09 0.00220838 6.47621e-13 0.00662401 0.00035055 0.00298045 0.0773613 0.00954552 3.15833e-08 0.854703 7.44989e-09 0.00159397 1.35967e-06 
0.349375 6.60327e-06 0.0149756 8.87966e-07 0.0198838 0.00326581 0.00467778 0.0302909 0.00300118 2.68505e-07 0.549647 0.0142492 0.0105179 0.000107512 
0.00967725 1.81546e-12 3.80205e-05 2.09866e-12 1.47444e-05 1.23653e-06 5.92892e-06 1.03403e-13 3.18575e-13 2.80111e-10 0.988055 7.13563e-10 0.00220761 2.54324e-08 
0.0193911 3.12002e-11 0.347569 9.16142e-07 2.74136e-12 0.000212841 0.0187378 1.41812e-07 7.00801e-07 0.000357432 0.613707 3.70373e-11 7.4288e-07 2.24367e-05 
0.276869 2.40537e-06 0.189226 2.405e-06 0.0356337 2.40594e-06 0.022392 0.0801752 0.0202238 0.0526788 0.27925 0.035355 2.40717e-06 0.00818639 
0.0330207 1.1508e-08 0.00851794 1.9897e-07 0.0279868 0.00520183 0.00865021 0.0557616 0.00117677 2.82227e-06 0.857793 9.00696e-05 0.00178374 1.47212e-05 
0.0866642 4.62958e-12 0.0179459 1.94143e-08 0.00554438 0.000190068 0.00306191 0.0397624 0.000346025 4.91021e-10 0.818827 0.000123029 0.0269617 0.000573035 
0.116018 1.69591e-05 0.0304567 2.02977e-05 0.216638 0.00126482 0.0197267 0.0588602 0.0280261 2.506e-06 0.520059 2.95743e-05 0.00721642 0.0016647 
0.0929096 4.73528e-05 0.00641657 4.08923e-06 0.184689 0.000255687 0.00884464 0.046442 0.00434696 5.8317e-07 0.645763 2.9325e-05 0.00909422 0.00115712 
0.443425 1.41552e-09 0.0151915 1.46025e-05 0.0309976 0.000110139 0.00731004 0.0412372 0.00034201 8.23872e-05 0.456566 4.13154e-06 0.0046851 3.38183e-05 
0.174844 7.73605e-05 0.0659279 0.000310147 0.0276505 0.00263336 0.0460859 0.065148 0.00805954 0.00130545 0.588619 0.000132461 0.0188606 0.000345713 
0.175923 0.00016494 0.122876 0.00120021 0.104883 0.00186035 0.0127536 0.16169 0.0115736 5.94772e-06 0.398602 1.47828e-05 0.00834429 0.00010832 
0.109893 2.4526e-05 0.021779 2.03921e-06 0.0676413 0.000588555 0.00839174 0.181271 0.00568642 4.79588e-05 0.602475 3.44356e-05 0.00211029 5.47585e-05 
0.0435509 3.24733e-08 0.0147371 5.43446e-08 0.000332955 0.00170747 0.00171984 0.0016711 0.00097198 4.04084e-07 0.934169 2.69085e-08 0.00113791 7.78978e-07 
0.390854 4.69991e-05 0.0170886 9.73133e-10 0.0452724 0.000101382 0.00271476 0.00389521 0.00328359 7.22615e-06 0.53663 1.95824e-06 6.54906e-05 3.86166e-05 
0.0996591 4.60311e-07 0.0208273 0.000315226 0.0253298 0.000494831 0.00861891 0.0260657 0.00331429 0.0394827 0.752974 0.016923 0.00576537 0.00022958 
0.0857435 2.26557e-08 0.0216572 0.00466037 0.0112434 0.00742162 0.009822 0.0741778 0.000887261 4.37285e-06 0.779303 0.000123613 0.00490312 5.25374e-05 
0.0668169 4.89035e-06 0.00259872 5.59686e-06 0.0117521 0.000335931 0.000606867 0.00553091 0.000752143 8.09733e-07 0.90355 0.0062809 0.00175475 9.17091e-06 
0.0693739 1.02199e-12 0.0240689 8.17739e-09 0.265823 0.00129578 0.0244259 0.228428 0.00304095 5.85875e-05 0.379012 3.84549e-05 0.0042853 0.000148552 
0.326709 4.57751e-12 0.00200294 1.52375e-07 0.00755366 5.87055e-06 0.000510952 0.0203724 4.24749e-05 2.31357e-07 0.639212 3.83985e-05 0.00352222 2.94247e-05 
0.117551 0.000719217 0.00894393 6.02727e-05 0.00584947 0.00265062 0.00280667 0.0543389 0.000621992 1.23187e-07 0.776379 7.10908e-05 0.0298685 0.000139665 
0.345292 0.00127553 0.0382129 0.000325496 0.0568296 0.00551336 0.0215932 0.0851035 0.018046 0.000339883 0.406784 0.00202443 0.0160032 0.00265654 
0.260723 1.17743e-05 0.143541 7.7821e-05 0.0154681 4.61886e-05 0.0090458 0.067363 0.00639252 5.53804e-08 0.47395 0.0218834 0.00149712 5.82525e-08 
0.0866642 4.62958e-12 0.0179459 1.94143e-08 0.00554438 0.000190068 0.00306191 0.0397624 0.000346025 4.91021e-10 0.818827 0.000123029 0.0269617 0.000573035 
0.246855 0.000505205 0.0361599 1.76366e-05 0.217063 0.00527265 0.0188053 0.143714 0.0299703 1.45445e-05 0.276734 0.000949246 0.0223542 0.0015847 
0.00967725 1.81546e-12 3.80205e-05 2.09866e-12 1.47444e-05 1.23653e-06 5.92892e-06 1.03403e-13 3.18575e-13 2.80111e-10 0.988055 7.13563e-10 0.00220761 2.54324e-08 
0.0404617 1.84298e-06 0.0408045 1.99746e-05 0.065196 0.00244013 0.0179156 0.0763106 0.0166209 0.000370008 0.72238 0.00174701 0.0125605 0.00317061 
0.0496877 0.000161409 0.00159544 2.22331e-06 0.0159298 3.585e-05 0.0170333 0.0124318 0.00536187 5.93524e-07 0.897035 2.75952e-05 0.000696426 1.33139e-06 
0.106392 0.00031361 0.0124552 0.0241949 0.114498 0.00274139 0.0100916 0.0345818 0.0169383 1.92695e-05 0.666955 0.000190221 0.0105795 4.92995e-05 
0.344528 2.0622e-07 0.00668237 2.84512e-11 0.07452 1.12523e-05 0.0427081 0.0401421 0.0139978 1.57009e-06 0.387164 7.4347e-05 0.090046 0.00012369 
0.221707 0.000416461 0.000761274 0.000100202 0.0321176 0.000361163 0.0183001 0.0407722 0.00876513 4.78616e-08 0.567258 0.046184 0.062363 0.00089382 
0.136405 0.000891611 0.0267899 3.06605e-05 0.0314398 0.098054 0.0110505 0.035045 0.0114861 2.66762e-05 0.64264 0.000396645 0.00559839 0.000145554 
0.311359 0.000320936 0.14768 0.000119788 0.0378597 0.00343741 0.0327714 0.051626 0.0103519 0.000293032 0.386187 4.46981e-05 0.010247 0.00770161 
0.125132 1.28939e-08 0.00249137 2.63015e-12 0.00662409 0.000350637 0.00437614 0.0773616 0.0127928 3.2133e-08 0.769312 2.05499e-08 0.00155759 1.36449e-06 
0.137468 6.24794e-08 0.00746907 2.43117e-06 0.0635545 0.000169999 0.00175346 0.0443044 0.00314002 2.99591e-07 0.734623 7.80836e-05 0.00728331 0.000154139 
0.200682 5.275e-05 0.00944892 4.04925e-08 0.0127753 2.6735e-05 0.00578708 0.0524092 0.000461262 4.83335e-08 0.717718 0.000102348 0.000534766 7.50214e-07 
0.0144185 2.5487e-10 0.00207178 2.62097e-09 0.00143261 0.000339435 0.0631498 0.00657635 0.00426724 1.52206e-09 0.9064 0.00128126 6.24472e-05 8.60975e-07 
0.086687 0.000146889 0.0133381 0.000101159 0.026791 0.00238367 0.0106089 0.0730485 0.00723573 0.000239075 0.768253 0.00229809 0.00859107 0.000277862 
0.153992 9.44732e-10 0.00202881 9.61792e-05 0.0425654 0.000181256 0.0022152 0.0109925 0.00247076 8.93021e-07 0.781935 0.00237819 0.00113386 1.05215e-05 
0.0501464 1.49361e-12 0.00187793 1.10135e-08 0.011336 3.54312e-05 0.00122889 0.00441629 5.22481e-05 7.53064e-10 0.928841 9.37556e-06 0.00204985 6.332e-06 
0.326709 4.57751e-12 0.00200294 1.52375e-07 0.00755366 5.87055e-06 0.000510952 0.0203724 4.24749e-05 2.31357e-07 0.639212 3.83985e-05 0.00352222 2.94247e-05 
0.0267093 1.7033e-06 0.00275212 2.22546e-05 0.119027 0.000916226 0.00855219 0.0807184 0.0592343 1.93403e-06 0.680643 0.00143115 0.0185496 0.00144074 
0.0814084 1.88538e-05 0.0093908 6.20591e-05 0.00848942 0.000845888 0.0021608 0.057013 0.000361805 3.83172e-06 0.834265 3.06751e-05 0.00591852 3.06866e-05 
0.0446317 4.99256e-09 0.00220838 6.47621e-13 0.00662401 0.00035055 0.00298045 0.0773613 0.00954552 3.15833e-08 0.854703 7.44989e-09 0.00159397 1.35967e-06 
0.214521 3.11669e-05 0.00212349 7.46563e-09 0.0230381 0.000213416 0.00208587 0.00684534 0.00285898 1.40528e-06 0.741041 3.08637e-05 0.00592658 0.00128212 
0.274819 1.82257e-05 0.0242369 1.45051e-05 0.113407 0.00281584 0.0434581 0.0493095 0.0274171 1.07299e-06 0.451927 3.62297e-05 0.0109021 0.00163841 
0.344389 9.46979e-08 0.0304117 9.15644e-05 0.00658243 9.02227e-05 0.0101554 0.00654609 0.000779089 2.46817e-07 0.563605 4.58789e-06 0.0372262 0.000118004 
0.248285 1.67446e-08 0.0273375 0.00083404 0.122386 0.00055314 0.0178468 0.00234625 0.0116719 1.35763e-06 0.568527 3.45103e-07 0.000180727 3.01636e-05 
0.0330207 1.1508e-08 0.00851794 1.9897e-07 0.0279868 0.00520183 0.00865021 0.0557616 0.00117677 2.82227e-06 0.857793 9.00696e-05 0.00178374 1.47212e-05 
0.0815376 6.28367e-08 0.011607 2.94718e-11 0.0330982 0.00035124 0.0132344 0.139554 0.0373325 3.93097e-08 0.659041 0.000527881 0.0235052 0.00021123 
0.0498379 4.93124e-05 0.0978377 0.222013 0.0587632 0.000202152 0.0494226 0.156439 0.017357 0.000578185 0.230694 0.050296 0.0598339 0.00667633 
0.215756 6.49669e-05 0.129403 3.19739e-05 0.0223079 0.000151224 0.00785222 0.0774901 0.0210932 1.10219e-05 0.521489 0.00250572 0.00180559 3.86599e-05 
0.16052 1.46268e-06 0.00317957 1.66676e-09 0.0656122 0.00041656 0.00635972 0.0893604 0.0204849 2.33859e-07 0.652219 0.000171804 0.00166437 9.30642e-06 
0.319998 4.83287e-05 0.0109145 0.00806318 0.0347767 0.00108325 0.0280167 0.0265495 0.0325786 1.35159e-06 0.524913 2.54383e-05 0.00997997 0.0030509 
0.117551 0.000719217 0.00894393 6.02727e-05 0.00584947 0.00265062 0.00280667 0.0543389 0.000621992 1.23187e-07 0.776379 7.10908e-05 0.0298685 0.000139665 
0.123928 0.000870796 0.0213631 8.55931e-05 0.0241622 0.0017287 0.00978156 0.0745178 0.00749642 4.18351e-06 0.725025 0.000585654 0.0104091 4.16359e-05 
0.313256 5.28942e-08 0.00271784 6.4969e-08 0.0366676 0.0020848 0.0118065 0.116474 0.00265575 1.29686e-06 0.505352 4.34993e-05 0.00893026 1.03197e-05 
0.0659251 2.10935e-06 0.00340811 5.63481e-05 0.0463633 0.00144051 0.00271473 0.0177366 0.00237688 9.9451e-07 0.857855 5.16529e-05 0.00205925 9.62597e-06 
0.0290641 1.25273e-05 0.0283365 0.000129783 0.0785908 0.00153812 0.00678758 0.121203 0.00423034 0.000160725 0.727566 1.2348e-05 0.00229004 7.85869e-05 
0.0693739 1.02199e-12 0.0240689 8.17739e-09 0.265823 0.00129578 0.0244259 0.228428 0.00304095 5.85875e-05 0.379012 3.84549e-05 0.0042853 0.000148552 
0.0125513 0.00228431 0.022045 0.00210858 0.0160148 0.00165764 0.0189214 0.262352 0.0542798 1.61545e-05 0.477511 0.000369039 0.129422 0.000466896 
0.19782 3.3118e-05 0.115049 0.000108965 0.0322794 0.00126989 0.00762001 0.0188723 0.00269549 0.000327718 0.607447 2.58639e-05 0.0164258 2.4528e-05 
0.0419774 0.000436266 0.0380413 0.00155976 0.00279595 0.00128757 0.0814022 0.0303917 0.00513068 1.14645e-11 0.782923 4.74564e-05 0.0139617 4.54632e-05 
0.0893306 0.000131744 0.00699437 0.000142679 0.0129866 0.00129065 0.00251037 0.0323746 0.000435084 1.07482e-06 0.842764 3.10298e-05 0.0109637 4.32523e-05 
0.151615 0.00583396 0.0275175 0.00041519 0.182558 0.00108923 0.049921 0.0643899 0.0125737 7.75742e-06 0.439226 0.00335877 0.0614234 7.09235e-05 
0.196679 2.8332e-11 0.0175602 0.000362665 0.00490455 0.0551681 0.0101415 0.0100398 0.00204464 7.34633e-06 0.703011 6.58553e-08 8.07901e-05 2.9188e-07 
0.214521 3.11669e-05 0.00212349 7.46563e-09 0.0230381 0.000213416 0.00208587 0.00684534 0.00285898 1.40528e-06 0.741041 3.08637e-05 0.00592658 0.00128212 
0.114833 0.000537582 0.0104272 5.42059e-05 0.0146902 0.00338584 0.00347736 0.0180606 0.00260174 4.92655e-07 0.823212 4.39476e-05 0.00862446 5.16831e-05 
0.24116 0.000143197 0.0315328 1.59594e-05 0.0349536 0.000110925 0.00740724 0.0171681 0.00779118 4.19021e-07 0.652236 2.88068e-05 0.00716419 0.000288471 
0.00290259 0.000239348 0.00320656 4.1671e-06 0.00704603 9.98622e-05 0.0525635 0.164029 0.0207414 2.09862e-06 0.709506 0.000164286 0.0394301 6.45523e-05 
0.270366 7.6153e-08 0.0018689 3.11624e-11 0.0101928 0.000263735 0.00328261 0.0626323 0.00959886 2.86934e-08 0.640624 1.41839e-07 0.00116885 1.06324e-06 
0.130149 3.70096e-06 0.00773235 3.77167e-06 0.0408061 7.78376e-05 0.0119231 0.0764272 0.00830218 3.03466e-08 0.661242 2.216e-05 0.0615216 0.00178879 
0.00290259 0.000239348 0.00320656 4.1671e-06 0.00704603 9.98622e-05 0.0525635 0.164029 0.0207414 2.09862e-06 0.709506 0.000164286 0.0394301 6.45523e-05 
0.296227 0.000355995 0.231825 0.000671546 0.0210417 0.00716241 0.0193231 0.0917065 0.000857607 1.86837e-05 0.306175 0.000135793 0.0240962 0.000403752 
0.149367 2.17089e-09 0.00184047 2.54242e-09 0.176268 3.44945e-05 0.000692985 0.0299403 0.0074002 8.08454e-07 0.633619 2.26803e-05 0.000803781 1.06698e-05 
0.117551 0.000719217 0.00894393 6.02727e-05 0.00584947 0.00265062 0.00280667 0.0543389 0.000621992 1.23187e-07 0.776379 7.10908e-05 0.0298685 0.000139665 
0.00376286 9.38655e-08 0.000542184 7.14684e-07 0.014818 4.56502e-05 0.00786762 0.0162539 0.0204274 1.22032e-06 0.934837 0.000287751 0.00115521 1.58381e-07 
0.156592 6.93742e-06 0.207597 7.41238e-06 0.00126505 0.000262279 0.0629217 0.0636759 0.147352 2.78394e-06 0.335673 0.000706643 0.0239314 5.67109e-06 
0.00376286 9.38655e-08 0.000542184 7.14684e-07 0.014818 4.56502e-05 0.00786762 0.0162539 0.0204274 1.22032e-06 0.934837 0.000287751 0.00115521 1.58381e-07 
0.0317736 0.00206057 0.104685 1.81295e-06 0.0423361 0.00424405 0.103772 0.0373351 0.00479736 0.00121932 0.661573 6.50296e-05 0.00605424 8.30038e-05 
0.106994 9.80663e-05 0.0767457 0.00122545 0.0279848 0.00521395 0.0409468 0.165047 0.00594123 3.63416e-06 0.556037 0.00341365 0.0103206 2.84096e-05 
0.347041 0.00111233 0.083541 0.00354555 0.0753022 3.82491e-05 0.00971686 0.0295098 5.47749e-05 1.50389e-05 0.431098 9.24773e-06 0.0188918 0.000124099 
0.0032649 9.13844e-07 0.000395134 1.96036e-07 0.00885079 0.0109961 0.0218071 0.0250275 0.00974871 2.14521e-06 0.918495 0.000126687 0.0012746 1.04611e-05 
0.0865884 0.000293451 0.0107052 0.000122775 0.0551963 0.00138071 0.0438493 0.0586005 0.00569753 7.19042e-06 0.724561 0.00258704 0.0103809 2.97477e-05 
0.0646212 4.2924e-09 0.0740569 5.66487e-10 0.00243361 0.00246669 0.0104991 0.0533241 0.000277698 0.000447643 0.790866 2.56305e-05 0.000874476 0.000107079 
0.143266 5.20839e-05 0.0124785 1.02974e-05 0.0714644 0.0788224 0.0107355 0.0152098 0.0102676 5.64731e-06 0.648549 2.15016e-05 0.0089555 0.000161357 
0.146213 1.59538e-11 0.0346209 0.00100952 0.0114256 0.000151148 0.0157135 0.0168498 0.000567059 4.12107e-09 0.754377 6.2138e-05 0.0189837 2.6513e-05 
0.214521 3.11669e-05 0.00212349 7.46563e-09 0.0230381 0.000213416 0.00208587 0.00684534 0.00285898 1.40528e-06 0.741041 3.08637e-05 0.00592658 0.00128212 
0.0693739 1.02199e-12 0.0240689 8.17739e-09 0.265823 0.00129578 0.0244259 0.228428 0.00304095 5.85875e-05 0.379012 3.84549e-05 0.0042853 0.000148552 
0.085509 0.0021591 0.0596457 0.0174952 0.0283318 0.00158732 0.0172312 0.102596 0.0221069 0.000560238 0.465764 0.000799115 0.188072 0.00814221 
0.104022 0.000225794 0.0150119 7.06243e-06 0.00752405 0.00125483 0.00901642 0.0558335 0.0104148 3.29191e-07 0.786979 8.15323e-05 0.00959001 3.88792e-05 
0.235234 2.32917e-05 0.240691 0.0215738 0.0038825 0.00277385 0.0165022 0.0502175 0.00149337 0.000114484 0.396735 0.00113638 0.0286611 0.00096153 
0.0772857 6.77971e-06 0.0128521 0.000181948 0.0261165 0.00263869 0.00307223 0.0297473 0.00552437 3.36541e-05 0.840425 2.89912e-05 0.0020643 2.28108e-05 
0.0753577 0.000115265 0.00486672 0.000184503 0.0201511 0.000678298 0.00506965 0.0377858 0.00595611 1.24488e-06 0.841616 3.1902e-05 0.00815169 3.44971e-05 
0.198812 1.33684e-10 0.0258917 2.04758e-09 0.00185329 7.15747e-06 0.00550047 0.0337993 0.00139019 0.246533 0.417311 0.0680532 0.000653914 0.000194859 
0.0847841 0.106748 0.0275084 0.00383232 0.0384793 0.168577 1.25793e-05 3.64619e-06 0.160087 3.08624e-07 0.40975 0.000194706 1.20087e-05 1.06233e-05 
0.192961 1.78167e-10 0.198486 0.000292528 0.00681516 0.00046762 0.00110166 0.015031 0.00897121 0.000114136 0.575305 5.54105e-06 0.00039288 5.61387e-05 
0.0184688 2.03841e-08 0.0962868 0.00042609 0.00092378 0.000671878 0.00782957 0.0698357 0.00241151 0.0184347 0.778604 0.00028401 0.0057713 5.15919e-05 
0.283968 2.44261e-08 0.0195111 2.70358e-07 5.11922e-07 1.54436e-05 0.0154472 0.000758168 5.5663e-06 1.92182e-05 0.680095 1.0349e-06 5.75255e-09 0.000178426 
0.364594 0.0068351 0.0410225 0.00309187 0.0185849 0.000535234 0.0348993 0.0588634 0.0171244 1.32917e-05 0.422156 0.000171798 0.0220537 0.0100545 
0.374137 3.09624e-08 0.00198388 8.02057e-05 0.0117482 0.000301278 0.0098673 0.00104272 0.00298192 3.12237e-06 0.590565 0.000102136 0.0068191 0.000368707 
0.235234 2.32917e-05 0.240691 0.0215738 0.0038825 0.00277385 0.0165022 0.0502175 0.00149337 0.000114484 0.396735 0.00113638 0.0286611 0.00096153 
0.194213 8.38107e-11 0.23156 0.000461012 0.0463028 0.00730966 0.00528771 0.165397 0.00374315 0.0218888 0.236037 1.33994e-05 0.0864076 0.00137879 
0.237016 6.72656e-05 0.0351744 0.00128462 0.116106 0.00180658 0.0105614 0.0636991 0.0218244 0.000311019 0.462592 0.00602733 0.043219 0.000311108 
0.0866642 4.62958e-12 0.0179459 1.94143e-08 0.00554438 0.000190068 0.00306191 0.0397624 0.000346025 4.91021e-10 0.818827 0.000123029 0.0269617 0.000573035 
0.00376286 9.38655e-08 0.000542184 7.14684e-07 0.014818 4.56502e-05 0.00786762 0.0162539 0.0204274 1.22032e-06 0.934837 0.000287751 0.00115521 1.58381e-07 
0.117551 0.000719217 0.00894393 6.02727e-05 0.00584947 0.00265062 0.00280667 0.0543389 0.000621992 1.23187e-07 0.776379 7.10908e-05 0.0298685 0.000139665 
0.149367 2.17089e-09 0.00184047 2.54242e-09 0.176268 3.44945e-05 0.000692985 0.0299403 0.0074002 8.08454e-07 0.633619 2.26803e-05 0.000803781 1.06698e-05 
0.249567 0.00073608 0.185428 1.97384e-05 0.134496 4.25229e-05 0.00305546 0.154174 0.0168622 0.000659626 0.250677 6.17245e-06 0.00398486 0.000291376 
0.346568 1.1201e-07 0.133922 1.11993e-07 0.0183749 1.12036e-07 0.0067266 0.126016 0.00164798 1.12007e-07 0.358966 0.000873629 0.00690508 1.12088e-07 
0.326709 4.57751e-12 0.00200294 1.52375e-07 0.00755366 5.87055e-06 0.000510952 0.0203724 4.24749e-05 2.31357e-07 0.639212 3.83985e-05 0.00352222 2.94247e-05 
0.0938873 4.55197e-08 0.00649226 3.00629e-06 3.60386e-05 0.00569391 0.123126 0.038033 0.0214605 4.65887e-11 0.710026 0.00124149 1.89188e-07 2.18671e-07 
0.019392 3.62981e-08 0.00117498 6.75773e-12 0.000326326 3.99695e-06 0.00032822 4.04489e-05 0.000260119 8.87787e-08 0.978458 5.62836e-09 1.6116e-05 3.51311e-08 
0.00290259 0.000239348 0.00320656 4.1671e-06 0.00704603 9.98622e-05 0.0525635 0.164029 0.0207414 2.09862e-06 0.709506 0.000164286 0.0394301 6.45523e-05 
0.0640946 5.85865e-09 0.00480148 4.20411e-09 0.0112326 0.00035056 0.00400171 0.110614 0.0111314 1.92329e-06 0.791899 9.27721e-09 0.00184801 2.47378e-05 
0.140419 7.51161e-06 0.0624834 0.000903448 0.00589982 0.000337307 0.0116021 0.0408894 0.00211255 0.00506949 0.705899 0.000154927 0.0240531 0.000168687 
0.130414 0.000481327 0.299548 7.5549e-05 0.0380726 0.00315911 0.0255059 0.118678 0.0011417 0.00216302 0.375761 0.000767352 0.00416192 7.09201e-05 
0.249842 7.57644e-10 0.0325476 4.38309e-06 0.0141768 0.000297716 0.0311961 0.172936 0.00394274 9.34179e-07 0.356098 0.0229304 0.109581 0.00644599 
0.248285 1.67446e-08 0.0273375 0.00083404 0.122386 0.00055314 0.0178468 0.00234625 0.0116719 1.35763e-06 0.568527 3.45103e-07 0.000180727 3.01636e-05 
0.103614 0.000349685 0.0333132 0.000422575 0.0457807 0.0224261 0.0160627 0.0779264 0.0112469 0.00134714 0.637067 0.00113305 0.0478125 0.00149824 
0.25528 1.64374e-05 0.136237 0.00857854 0.00768311 0.0825254 0.0193738 0.0252763 0.113751 2.85639e-06 0.31297 0.0325728 0.00569029 4.24762e-05 
0.285771 0.00277255 0.12974 0.00010476 0.00899315 0.0107606 0.0239059 0.110752 0.00667015 0.00294835 0.407888 0.000105612 0.00951598 7.14879e-05 
0.261225 1.07252e-08 0.00241028 6.11036e-10 0.00415102 0.000163683 0.00205776 0.0385237 0.00597369 1.53634e-08 0.684724 1.01019e-05 0.000759403 6.39644e-07 
0.153531 0.000109423 0.149324 0.000122629 0.0251827 0.0142916 0.00985277 0.137888 0.0132481 9.79241e-06 0.314957 0.00146962 0.17991 0.000103739 
0.117551 0.000719217 0.00894393 6.02727e-05 0.00584947 0.00265062 0.00280667 0.0543389 0.000621992 1.23187e-07 0.776379 7.10908e-05 0.0298685 0.000139665 
0.200776 0.00278351 0.0169526 0.000615409 0.151229 0.0163273 0.0116586 0.0368066 0.000280071 3.65093e-06 0.542473 0.000166708 0.0197957 0.000131939 
0.379002 9.69399e-06 0.0886986 8.98269e-08 0.0223264 0.00501085 0.0446593 0.0204785 0.000300141 1.63224e-06 0.389265 0.0489383 0.00130583 3.73522e-06 
0.00549269 6.12111e-09 4.5528e-05 3.74788e-12 0.0361892 8.6939e-08 0.000182251 0.000560723 0.00423943 3.24065e-09 0.953093 3.79843e-08 0.000194376 2.24149e-06 
0.0955947 2.03288e-07 0.00130995 9.57406e-11 0.00380814 0.00277753 2.31618e-07 0.00110549 0.00223305 8.46028e-11 0.892757 0.000412987 1.85005e-07 4.58794e-08 
0.00290259 0.000239348 0.00320656 4.1671e-06 0.00704603 9.98622e-05 0.0525635 0.164029 0.0207414 2.09862e-06 0.709506 0.000164286 0.0394301 6.45523e-05 
0.0225334 2.07558e-06 0.00669979 1.35969e-07 0.0722544 0.0077669 0.0102323 0.0469174 0.0041622 4.00604e-06 0.827538 0.000177866 0.00168342 2.83386e-05 
0.034667 1.10586e-12 0.00125468 7.71426e-09 0.00766786 2.41006e-05 0.00082156 0.0029442 3.48324e-05 5.31816e-10 0.951127 7.21862e-06 0.00144683 4.22194e-06 
0.0866642 4.62958e-12 0.0179459 1.94143e-08 0.00554438 0.000190068 0.00306191 0.0397624 0.000346025 4.91021e-10 0.818827 0.000123029 0.0269617 0.000573035 
0.0610351 2.23277e-06 0.0834517 2.9541e-06 0.0155754 0.000136696 0.0182042 0.177254 0.00113002 0.0935591 0.548906 5.45633e-05 0.000602756 8.46943e-05 
0.0596544 0.00121756 0.045533 0.00136072 0.140436 0.00998747 0.0190997 0.28122 0.00164847 3.60501e-06 0.312742 0.000208328 0.126792 9.74801e-05 
0.146213 1.59538e-11 0.0346209 0.00100952 0.0114256 0.000151148 0.0157135 0.0168498 0.000567059 4.12107e-09 0.754377 6.2138e-05 0.0189837 2.6513e-05 
0.0446317 4.99256e-09 0.00220838 6.47621e-13 0.00662401 0.00035055 0.00298045 0.0773613 0.00954552 3.15833e-08 0.854703 7.44989e-09 0.00159397 1.35967e-06 
0.000493028 0.000424726 0.00132741 1.75104e-07 0.00340298 6.09116e-05 0.0461604 0.106017 0.0153776 2.81538e-06 0.788778 8.70039e-05 0.0378347 3.37807e-05 
0.0773523 7.82408e-07 0.00480719 1.41243e-05 0.0244831 0.000462627 0.00105185 0.00607012 0.000395411 6.22455e-08 0.881972 9.21105e-07 0.00338656 3.25511e-06 
0.254961 2.44167e-12 0.00206198 8.49478e-09 0.00905803 0.00027463 0.000601723 0.00323084 0.000485871 3.18415e-07 0.722921 0.00445356 0.00193996 1.14839e-05 
0.404372 3.37619e-05 0.00545734 0.000327808 0.0486456 0.000140296 0.00777416 0.0475241 0.0081358 4.31218e-07 0.405969 0.00118916 0.0697765 0.000653931 
0.10438 0.00138957 0.00183247 1.52581e-05 0.00460521 1.64439e-06 0.0092309 0.00345463 0.0110514 2.19665e-09 0.864031 5.02861e-06 5.06436e-10 2.16276e-06 
0.404372 3.37619e-05 0.00545734 0.000327808 0.0486456 0.000140296 0.00777416 0.0475241 0.0081358 4.31218e-07 0.405969 0.00118916 0.0697765 0.000653931 
