0.0474293 0.00922773 0.300523 0.00663793 0.00134958 0.000338636 0.0217095 0.0187468 0.0188724 0.000734723 0.000558397 0.534997 0.0384637 0.000411219 
0.00511173 0.000152897 0.0705154 6.29988e-05 0.0609744 0.00315794 0.208634 0.0443835 0.00439972 3.04717e-07 0.000331362 0.51736 0.0846847 0.000231109 
0.00192461 6.26211e-06 0.0797388 1.20373e-06 9.14917e-08 7.91363e-07 0.000120552 4.08719e-05 3.84727e-06 1.06369e-06 1.82664e-07 0.918161 2.45234e-07 2.96584e-07 
0.0442126 2.67266e-06 0.0279601 0.00032978 0.011129 0.000447544 0.155869 0.136094 0.0271127 0.000378687 0.00403769 0.560586 0.0288774 0.00296376 
0.0791122 9.5066e-07 0.0192216 0.000319165 0.121282 0.0108324 0.152428 0.0228258 0.00631591 4.20714e-06 0.000321929 0.491529 0.00339416 0.0924132 
0.0982064 0.00345311 0.208199 0.00512407 0.0623508 0.00496636 0.11754 0.0687414 0.0429964 0.000514735 0.0122628 0.327017 0.0435496 0.00507896 
0.0474293 0.00922773 0.300523 0.00663793 0.00134958 0.000338636 0.0217095 0.0187468 0.0188724 0.000734723 0.000558397 0.534997 0.0384637 0.000411219 
0.254652 0.00134393 0.0541471 1.80925e-07 0.0145336 1.29683e-05 0.0371898 0.0155269 0.00275865 2.19282e-07 0.147639 0.460749 0.0114458 1.14087e-06 
0.0698766 5.84332e-05 0.0562577 1.19644e-05 0.0494074 0.00145604 0.158482 0.00118138 0.0604922 2.95772e-08 7.68905e-06 0.599226 0.000595505 0.00294734 
0.0718694 1.35638e-06 0.0441323 8.08127e-08 0.0223696 3.85734e-05 0.164841 0.000567066 0.166165 1.28548e-07 1.38034e-06 0.523461 0.00655332 6.5429e-08 
0.0698766 5.84332e-05 0.0562577 1.19644e-05 0.0494074 0.00145604 0.158482 0.00118138 0.0604922 2.95772e-08 7.68905e-06 0.599226 0.000595505 0.00294734 
0.0019265 5.70419e-07 0.00170428 5.53484e-10 0.00472744 2.06934e-05 0.0900801 0.00344756 0.0300914 6.5989e-08 2.18323e-06 0.862434 0.00556467 8.36625e-08 
0.0442126 2.67266e-06 0.0279601 0.00032978 0.011129 0.000447544 0.155869 0.136094 0.0271127 0.000378687 0.00403769 0.560586 0.0288774 0.00296376 
0.0340064 0.00137582 0.171974 0.00409481 0.012556 0.000273494 0.0759487 0.13294 0.0245923 4.01763e-05 0.0490473 0.430969 0.0620101 0.0001716 
0.0170858 8.42566e-05 0.0924536 0.00170283 0.0139834 0.00049342 0.309095 0.134165 0.00197033 2.41551e-05 0.000779888 0.415114 0.0130414 7.62931e-06 
0.109894 0.000640283 0.210953 0.00430606 0.0484261 0.00338634 0.0502062 0.0988456 0.0279878 0.000885794 0.0401697 0.364379 0.0331401 0.0067791 
0.0162601 2.24331e-06 0.111875 0.0209188 0.147571 0.000365129 0.012587 0.161607 0.020244 0.00480294 0.114565 0.30402 0.0763158 0.00886436 
0.0587853 4.0394e-05 0.0635077 1.21091e-05 0.0119079 0.00173453 0.162073 0.0218849 0.0210543 0.000210464 0.00306822 0.629967 0.000105276 0.0256486 
0.0396711 0.0356644 0.0196008 0.00263772 0.0128027 1.21724e-07 0.133041 0.029632 0.247733 1.63612e-07 0.00675409 0.471351 0.00109725 1.40917e-05 
0.0474293 0.00922773 0.300523 0.00663793 0.00134958 0.000338636 0.0217095 0.0187468 0.0188724 0.000734723 0.000558397 0.534997 0.0384637 0.000411219 
0.000202872 6.96603e-06 0.00135201 0.00193848 0.00204234 0.000107824 7.40755e-07 0.00113661 0.000566799 8.44255e-05 0.000807889 0.991629 3.84503e-05 8.53958e-05 
0.00269537 4.15187e-05 0.0107047 1.62131e-06 0.00308926 0.0014511 0.0932753 0.00842675 0.0530844 3.77272e-06 3.93818e-05 0.825517 0.00166528 4.85456e-06 
0.0927335 0.133166 0.141749 3.58069e-05 0.15072 0.000409603 0.134251 0.036696 0.0752458 3.51917e-05 0.00253802 0.194752 0.0298711 0.00779664 
0.000148271 1.27383e-05 0.010668 1.8169e-06 0.000438089 2.90961e-05 0.000730013 0.000709859 2.73232e-05 1.76405e-06 1.58095e-06 0.987185 4.33296e-05 3.31939e-06 
0.0170858 8.42566e-05 0.0924536 0.00170283 0.0139834 0.00049342 0.309095 0.134165 0.00197033 2.41551e-05 0.000779888 0.415114 0.0130414 7.62931e-06 
0.0930838 5.59233e-05 0.0717542 9.58128e-07 0.133797 0.00166073 0.102166 0.0561645 0.232148 1.56899e-05 0.0202487 0.284639 0.00416945 9.45322e-05 
0.0474293 0.00922773 0.300523 0.00663793 0.00134958 0.000338636 0.0217095 0.0187468 0.0188724 0.000734723 0.000558397 0.534997 0.0384637 0.000411219 
0.0474293 0.00922773 0.300523 0.00663793 0.00134958 0.000338636 0.0217095 0.0187468 0.0188724 0.000734723 0.000558397 0.534997 0.0384637 0.000411219 
5.46078e-05 8.33195e-06 0.180621 2.0426e-06 0.0169654 0.00298404 0.00758673 0.355371 0.000414273 9.34944e-06 8.85775e-07 0.435747 0.000233381 2.02253e-06 
0.0474293 0.00922773 0.300523 0.00663793 0.00134958 0.000338636 0.0217095 0.0187468 0.0188724 0.000734723 0.000558397 0.534997 0.0384637 0.000411219 
0.00230745 2.43864e-06 0.0304908 5.61332e-08 0.0336158 2.16345e-05 0.000401847 0.000388385 1.54009e-05 6.69929e-08 1.03758e-06 0.9327 5.45437e-05 3.90138e-07 
3.89085e-05 4.68584e-06 0.00194499 2.90317e-06 0.00266729 2.51375e-06 0.0459123 0.000303373 3.78084e-06 2.57701e-09 4.06292e-07 0.949106 1.26246e-05 7.18535e-10 
0.0135551 4.93888e-06 0.0195492 1.81221e-06 0.00336943 0.0143102 0.0125046 0.00552212 0.00072479 1.60139e-06 8.39763e-05 0.930336 3.3928e-05 2.41374e-06 
0.00511173 0.000152897 0.0705154 6.29988e-05 0.0609744 0.00315794 0.208634 0.0443835 0.00439972 3.04717e-07 0.000331362 0.51736 0.0846847 0.000231109 
0.0474293 0.00922773 0.300523 0.00663793 0.00134958 0.000338636 0.0217095 0.0187468 0.0188724 0.000734723 0.000558397 0.534997 0.0384637 0.000411219 
0.00796855 0.00137621 0.0247939 0.000570159 0.0129751 0.011378 0.0370757 0.0193547 0.00295432 4.19664e-07 0.000697064 0.870084 0.0106938 7.76479e-05 
0.010758 0.00118111 0.0427544 0.000553792 0.0178888 0.00633293 0.0463696 0.0339471 0.00173718 1.0096e-07 0.000778494 0.823511 0.0141383 4.97729e-05 
0.0019265 5.70419e-07 0.00170428 5.53484e-10 0.00472744 2.06934e-05 0.0900801 0.00344756 0.0300914 6.5989e-08 2.18323e-06 0.862434 0.00556467 8.36625e-08 
0.00720384 0.00132119 0.129296 0.049827 0.000543114 5.36468e-07 0.0685131 0.0547438 0.000776836 0.00169201 0.000355036 0.684977 0.000679313 7.12689e-05 
0.217567 5.83353e-07 0.0144988 5.25047e-09 0.00482893 4.15833e-05 0.160811 0.0958002 0.00765655 1.17294e-10 0.170677 0.328086 5.80589e-06 2.71033e-05 
6.38847e-06 8.25447e-05 1.02679e-05 9.54208e-05 7.25265e-06 6.27322e-05 8.77765e-06 4.70149e-06 1.44848e-05 8.43201e-05 1.448e-05 0.999566 1.94399e-05 2.35106e-05 
0.0170858 8.42566e-05 0.0924536 0.00170283 0.0139834 0.00049342 0.309095 0.134165 0.00197033 2.41551e-05 0.000779888 0.415114 0.0130414 7.62931e-06 
0.177937 4.02554e-05 0.0577565 0.000232871 0.0894262 0.000643446 0.0937461 0.0361534 0.00376205 4.28721e-07 0.143923 0.336794 0.0595326 5.22013e-05 
0.0468391 0.000236682 0.109929 0.00477825 0.0372887 0.000224064 0.0480854 0.0757998 0.00507986 6.23618e-05 0.0511035 0.59642 0.0215971 0.00255614 
0.00887538 0.0153503 0.072842 9.58155e-07 0.00707144 1.37373e-05 0.000346435 0.00033689 0.00154913 9.21097e-07 7.43031e-07 0.893591 1.91582e-05 1.51514e-06 
0.0896571 9.38672e-05 0.232604 0.00390456 0.0447593 0.00183742 0.0469221 0.0739602 0.00541493 5.99192e-05 0.0531606 0.435792 0.0116127 0.000221931 
0.0474293 0.00922773 0.300523 0.00663793 0.00134958 0.000338636 0.0217095 0.0187468 0.0188724 0.000734723 0.000558397 0.534997 0.0384637 0.000411219 
0.0474293 0.00922773 0.300523 0.00663793 0.00134958 0.000338636 0.0217095 0.0187468 0.0188724 0.000734723 0.000558397 0.534997 0.0384637 0.000411219 
8.60453e-06 8.54557e-08 0.497266 9.87858e-08 1.57752e-05 6.49445e-08 9.0872e-09 4.86729e-09 1.49956e-08 8.72937e-08 1.49906e-08 0.502709 2.01255e-08 2.43397e-08 
0.00511173 0.000152897 0.0705154 6.29988e-05 0.0609744 0.00315794 0.208634 0.0443835 0.00439972 3.04717e-07 0.000331362 0.51736 0.0846847 0.000231109 
0.0209849 0.000541571 0.0464354 0.000516205 0.270965 0.000329164 0.025303 0.0961583 0.122306 5.64856e-05 0.000617747 0.317079 0.0130081 0.085699 
0.0442126 2.67266e-06 0.0279601 0.00032978 0.011129 0.000447544 0.155869 0.136094 0.0271127 0.000378687 0.00403769 0.560586 0.0288774 0.00296376 
0.156641 2.75913e-06 0.0308206 2.34586e-07 0.255518 0.000888808 0.0940497 0.0796619 0.0625025 0.000144515 0.0331487 0.279219 5.55671e-07 0.00740064 
0.0997724 6.01117e-06 0.0137889 2.02663e-05 0.000680918 4.80984e-05 0.000849667 0.0028657 4.26836e-05 6.3364e-08 0.0350156 0.845495 0.0014132 1.15599e-06 
0.0581349 1.22357e-05 0.068643 3.48557e-08 0.00233907 0.000464894 0.0841031 0.0459242 0.0385335 2.53541e-06 0.0155885 0.68576 0.000490285 3.79389e-06 
0.457172 0.00857688 0.0213184 3.4086e-07 0.00334566 0.00623978 0.000761839 0.00149225 0.000908224 3.01206e-07 0.00937253 0.489826 0.000985154 8.39839e-08 
0.0474293 0.00922773 0.300523 0.00663793 0.00134958 0.000338636 0.0217095 0.0187468 0.0188724 0.000734723 0.000558397 0.534997 0.0384637 0.000411219 
0.0474293 0.00922773 0.300523 0.00663793 0.00134958 0.000338636 0.0217095 0.0187468 0.0188724 0.000734723 0.000558397 0.534997 0.0384637 0.000411219 
0.00371197 4.30359e-05 0.00417704 2.91107e-07 0.0114412 0.00155357 0.0941554 0.00836756 0.0327944 2.57242e-07 1.1423e-05 0.830084 0.0136542 5.50941e-06 
4.37344e-05 9.399e-08 0.0257061 1.08651e-07 0.000337817 1.05916e-05 0.00778519 1.60926e-06 0.00494214 9.60115e-08 7.40788e-05 0.961098 2.21354e-08 2.67704e-08 
0.0183398 1.50538e-06 0.0244557 0.000125613 0.000147405 1.14406e-06 0.00566139 6.95175e-05 0.00846184 1.53776e-06 0.000399711 0.941414 0.000790621 0.00013063 
0.217567 5.83353e-07 0.0144988 5.25047e-09 0.00482893 4.15833e-05 0.160811 0.0958002 0.00765655 1.17294e-10 0.170677 0.328086 5.80589e-06 2.71033e-05 
0.0265931 1.0977e-05 0.0168091 0.000247566 0.00670246 0.000278495 0.0936188 0.0817097 0.0163077 0.000246987 0.00245042 0.735685 0.0174343 0.00190512 
0.0344848 0.0277203 0.199945 0.00390536 0.0179981 0.00117625 0.0350447 0.0796914 0.0107347 0.000132752 0.0252867 0.549768 0.0138557 0.000256654 
0.0235677 0.131148 0.0431525 1.53544e-07 0.104748 0.000276717 0.00932002 0.000109788 0.0173365 6.65641e-06 0.000124179 0.429193 8.71473e-05 0.240929 
0.0690644 0.00882305 0.00222966 1.02563e-07 0.162767 0.030747 0.0390169 0.0677709 0.0461341 1.34665e-05 0.00791989 0.355709 0.201496 0.00830763 
0.0486029 0.00413667 0.00515745 2.14867e-06 0.218593 0.001446 0.207973 0.107552 0.107127 5.42768e-05 0.00110551 0.248441 0.0197149 0.0300944 
0.0554803 2.63867e-06 0.0460181 2.06783e-08 0.0388509 3.00563e-05 0.157641 0.000761756 0.00748112 2.96687e-08 2.18609e-05 0.69349 0.000222327 7.394e-07 
0.213687 0.0028909 0.150378 2.57858e-05 0.0482166 0.0526424 0.0865003 0.032614 0.0361236 1.34223e-05 0.0111129 0.344328 0.0212297 0.000236803 
0.0265931 1.0977e-05 0.0168091 0.000247566 0.00670246 0.000278495 0.0936188 0.0817097 0.0163077 0.000246987 0.00245042 0.735685 0.0174343 0.00190512 
0.0698766 5.84332e-05 0.0562577 1.19644e-05 0.0494074 0.00145604 0.158482 0.00118138 0.0604922 2.95772e-08 7.68905e-06 0.599226 0.000595505 0.00294734 
0.0442126 2.67266e-06 0.0279601 0.00032978 0.011129 0.000447544 0.155869 0.136094 0.0271127 0.000378687 0.00403769 0.560586 0.0288774 0.00296376 
0.00715462 7.03894e-05 0.06934 6.52008e-06 0.0722555 0.00363126 0.20476 0.0793926 0.00390138 1.00496e-07 0.000548469 0.498303 0.0605259 0.000110165 
0.188783 0.00437539 0.0271001 0.000927242 0.0527016 0.000352556 0.191264 0.0368703 0.114798 2.05579e-06 0.000168315 0.303914 0.0785381 0.000205021 
0.130846 1.01502e-05 0.136772 0.103569 0.0977641 0.00875432 0.0118266 0.0988399 0.00654092 5.52507e-05 0.033368 0.31228 0.058142 0.00123222 
0.102127 9.08268e-05 0.0101129 2.04984e-09 0.0345568 6.28855e-05 0.0316189 0.326248 0.00200372 8.6866e-09 0.00128647 0.480031 0.0118591 2.1405e-06 
0.115886 0.0307863 0.223314 0.00391322 0.0248309 0.00281052 0.0695903 0.0392039 0.0494141 0.000409874 0.00965897 0.394664 0.0259725 0.00954578 
0.042709 0.00937412 0.104211 0.000229768 0.025914 0.00165211 0.149369 0.0125329 0.0164475 2.20007e-05 0.00108875 0.630549 0.00583536 6.41572e-05 
0.00259551 0.000895597 0.00472186 8.82004e-06 0.0176471 0.000345385 0.0625654 0.0123194 0.00177202 2.23814e-09 1.43735e-07 0.897021 0.000108048 6.24051e-10 
0.0342746 0.00129541 0.0308985 2.13957e-06 0.249571 0.000208914 0.058188 0.0298947 0.0121459 1.91384e-05 0.00179383 0.522378 0.0431151 0.0162148 
0.0105279 0.000773264 0.00884341 2.87007e-07 0.0356485 2.46851e-05 0.0829722 0.0166542 0.00727273 1.44828e-09 2.48708e-10 0.837282 4.82826e-07 4.03818e-10 
0.000998515 0.00274217 0.0241758 0.000140459 0.0209226 0.000175283 0.0443381 0.000311512 0.00411291 2.22367e-06 0.000308511 0.901762 8.20416e-06 1.52188e-06 
0.196424 0.000629935 0.0498007 0.000253638 0.0531016 0.00961278 0.233988 0.0017546 0.00177062 1.28478e-05 0.00141721 0.447734 0.00343574 6.46626e-05 
1.38431e-05 1.38307e-05 0.0276989 1.38286e-05 1.3843e-05 1.38339e-05 1.38428e-05 1.38435e-05 1.38418e-05 1.38303e-05 1.38419e-05 0.972135 1.3841e-05 1.38404e-05 
0.0563485 6.03398e-07 0.00881779 0.000302258 0.00561723 0.0103815 6.03929e-07 6.03958e-07 6.03887e-07 6.03385e-07 0.0111121 0.900472 0.00694489 6.03822e-07 
0.00657814 0.000149746 0.0838364 3.11954e-05 0.00674793 0.0143791 0.0937105 0.000543109 0.0243177 4.2546e-05 0.000229736 0.764797 0.00459452 4.28301e-05 
0.0613182 0.00684193 0.000346939 6.28037e-07 0.0115275 0.00168871 0.044346 2.58884e-05 0.0417812 6.24794e-07 1.14788e-06 0.83212 1.36295e-06 2.10362e-07 
0.00368553 0.00140608 0.00641046 4.33677e-08 0.015891 3.74615e-05 0.396038 0.0192191 0.00370914 6.63563e-08 1.46676e-07 0.553477 0.000126439 3.5975e-08 
0.0170858 8.42566e-05 0.0924536 0.00170283 0.0139834 0.00049342 0.309095 0.134165 0.00197033 2.41551e-05 0.000779888 0.415114 0.0130414 7.62931e-06 
0.00213321 5.38473e-05 0.0257461 0.00214602 0.00181272 0.000625101 0.0100647 0.00812732 0.00495266 5.72983e-05 3.89804e-06 0.943598 0.000671048 7.63116e-06 
0.0278575 3.51385e-06 0.0071346 0.00648359 0.000658449 5.34957e-05 0.000916796 0.00547657 2.96362e-05 8.07171e-09 0.0370268 0.913676 0.000682322 1.02501e-06 
0.0128745 0.000673996 0.226282 0.0322094 0.000786211 0.00342561 0.0620184 0.120487 0.102649 0.00088725 5.45358e-05 0.437012 0.000582572 5.78647e-05 
0.0474293 0.00922773 0.300523 0.00663793 0.00134958 0.000338636 0.0217095 0.0187468 0.0188724 0.000734723 0.000558397 0.534997 0.0384637 0.000411219 
0.0167509 0.00291918 0.0285188 0.000161466 0.0283515 0.00391015 0.365936 0.00725125 0.0246058 6.98021e-08 9.22463e-07 0.518536 0.00305698 4.01613e-07 
0.0209137 0.000926522 0.135808 0.0201854 0.0011726 0.00473601 0.0269335 0.0288421 0.0721575 0.000466728 0.00106828 0.685807 0.000960118 2.1876e-05 
0.0477525 2.9659e-05 0.108611 0.000353324 0.00882301 0.0279392 0.0598343 0.00421926 0.0268343 2.14677e-05 0.011366 0.692897 0.0113189 5.04703e-07 
0.0474293 0.00922773 0.300523 0.00663793 0.00134958 0.000338636 0.0217095 0.0187468 0.0188724 0.000734723 0.000558397 0.534997 0.0384637 0.000411219 
0.000121218 6.83917e-06 1.58097e-05 1.79233e-06 0.000121752 8.38296e-05 7.73377e-05 4.30172e-05 1.38886e-05 1.81871e-06 3.4196e-06 0.999504 4.31786e-06 6.28732e-07 
0.000486187 6.99219e-06 0.000903512 5.29851e-08 0.00112051 7.62942e-05 0.00154981 0.00192764 4.6922e-05 7.77367e-08 2.86279e-06 0.993312 0.000564709 2.03086e-06 
0.0474293 0.00922773 0.300523 0.00663793 0.00134958 0.000338636 0.0217095 0.0187468 0.0188724 0.000734723 0.000558397 0.534997 0.0384637 0.000411219 
0.0723913 4.18784e-06 0.041503 8.51702e-10 0.089627 4.30241e-05 0.229269 0.000811454 0.00863158 8.41543e-05 0.00164222 0.553279 0.00268989 2.44137e-05 
0.02651 2.9043e-06 0.0404159 0.000115898 0.202012 0.0915784 0.038539 0.0511483 0.00129993 1.48174e-06 0.000535773 0.540558 0.00724497 3.70959e-05 
0.0125434 3.18117e-06 0.000646049 6.37877e-06 0.126874 0.000311926 0.270723 0.0449342 0.000168069 2.74458e-08 6.92634e-05 0.539477 0.00423923 3.79012e-06 
0.0474293 0.00922773 0.300523 0.00663793 0.00134958 0.000338636 0.0217095 0.0187468 0.0188724 0.000734723 0.000558397 0.534997 0.0384637 0.000411219 
0.000837096 6.69578e-05 0.00211119 0.000319309 0.000725324 0.00066009 0.195495 0.224802 0.0220245 1.09769e-05 0.0579827 0.373986 0.120937 4.14145e-05 
0.00251373 2.77608e-06 0.105486 3.46618e-07 0.00536505 1.66322e-05 0.0333945 0.00557474 0.000602203 3.40435e-07 1.7641e-05 0.844581 0.00240029 4.53313e-05 
0.136042 0.00224426 0.202385 0.000622903 0.0400225 0.0106498 0.109973 0.047269 0.0479763 0.00038912 0.00555047 0.329531 0.0566063 0.010738 
0.0547159 0.00180919 0.122785 2.20573e-07 0.108062 0.000904925 0.127888 0.234037 0.0117901 2.20602e-07 0.0014574 0.256321 0.0765199 0.00370902 
0.0170858 8.42566e-05 0.0924536 0.00170283 0.0139834 0.00049342 0.309095 0.134165 0.00197033 2.41551e-05 0.000779888 0.415114 0.0130414 7.62931e-06 
0.000349492 9.17328e-06 0.000294173 6.06462e-07 0.00069228 5.68506e-05 0.00086479 0.000833735 3.66515e-05 6.41726e-07 3.20198e-06 0.99672 0.000136385 2.20234e-06 
2.18268e-07 4.2512e-09 0.00598027 0.00039699 0.0186763 0.00358123 0.0924916 1.9522e-06 0.000350059 1.2167e-06 7.45745e-10 0.848934 0.0295829 3.06992e-06 
0.0698766 5.84332e-05 0.0562577 1.19644e-05 0.0494074 0.00145604 0.158482 0.00118138 0.0604922 2.95772e-08 7.68905e-06 0.599226 0.000595505 0.00294734 
0.000228322 3.99133e-06 0.0888197 1.35583e-07 0.000453124 3.2671e-05 0.0211813 0.000545747 0.0344502 1.59311e-07 1.63504e-06 0.841285 0.012997 6.8125e-07 
0.0468355 0.0119821 0.290394 0.00695159 0.00805332 0.00128778 0.025915 0.0497238 0.0173206 1.05443e-07 0.0297444 0.501816 0.00991433 6.14838e-05 
0.106834 0.00183274 0.113014 0.00684052 0.0215192 3.84297e-06 0.0512599 0.0300972 0.0342016 9.45487e-05 8.99169e-05 0.624319 0.00839366 0.0014994 
0.000347439 0.000423813 0.00548127 6.09315e-09 0.158553 0.000972225 0.000857064 0.0529452 0.178651 9.66458e-08 3.07506e-06 0.588024 0.0137401 1.50645e-06 
0.0350889 5.5113e-08 0.121635 0.0628063 0.00927321 0.00350732 0.0139405 0.183773 0.194817 0.00134399 0.00287715 0.370861 1.08077e-06 7.53443e-05 
0.00669083 1.92189e-06 0.0114564 4.23677e-05 0.000504253 0.000559251 0.201275 0.00394834 0.000801296 1.41931e-06 0.0288047 0.708222 0.0376925 1.92467e-09 
0.0474293 0.00922773 0.300523 0.00663793 0.00134958 0.000338636 0.0217095 0.0187468 0.0188724 0.000734723 0.000558397 0.534997 0.0384637 0.000411219 
0.0571695 0.00699972 0.186542 0.0914877 0.0260836 0.00329772 0.115469 0.025916 0.102965 0.0155852 0.0369568 0.31992 0.0115983 9.10607e-06 
7.56043e-07 2.11475e-06 0.00437315 0.000831275 0.00897265 0.00400251 0.138691 0.000648974 0.0011993 6.94562e-05 9.09729e-10 0.792004 0.0491723 3.21056e-05 
0.0021543 0.00146165 0.0606204 1.8518e-05 0.00808603 0.00272867 0.0571393 0.0332293 0.000275497 2.32127e-07 0.00175567 0.824223 0.00830635 8.25824e-07 
0.022847 3.33266e-06 0.103703 2.1128e-07 0.00599772 0.00245704 0.280044 0.0279103 0.0332554 1.11471e-07 0.0113897 0.512218 0.000165972 8.09304e-06 
0.00394362 8.725e-07 0.317197 1.0086e-06 0.00038186 0.00797696 0.00170654 0.312566 0.000968404 8.91266e-07 1.53054e-07 0.355168 2.05481e-07 8.85925e-05 
0.0474293 0.00922773 0.300523 0.00663793 0.00134958 0.000338636 0.0217095 0.0187468 0.0188724 0.000734723 0.000558397 0.534997 0.0384637 0.000411219 
0.0442126 2.67266e-06 0.0279601 0.00032978 0.011129 0.000447544 0.155869 0.136094 0.0271127 0.000378687 0.00403769 0.560586 0.0288774 0.00296376 
0.00511173 0.000152897 0.0705154 6.29988e-05 0.0609744 0.00315794 0.208634 0.0443835 0.00439972 3.04717e-07 0.000331362 0.51736 0.0846847 0.000231109 
0.0321344 0.0117512 0.0402917 6.72063e-05 0.0980625 0.000184911 0.0950281 0.0898384 0.00524729 1.28078e-06 0.00256346 0.619181 0.00557597 7.21929e-05 
0.0442126 2.67266e-06 0.0279601 0.00032978 0.011129 0.000447544 0.155869 0.136094 0.0271127 0.000378687 0.00403769 0.560586 0.0288774 0.00296376 
0.0100834 0.00135772 0.0436165 0.0004093 0.0151211 0.00580006 0.0459734 0.0360984 0.00152647 1.39317e-07 0.000978395 0.826811 0.0121784 4.57233e-05 
0.00233624 3.761e-06 0.0203981 3.84259e-08 0.0217779 4.15488e-05 0.000844932 0.00105104 2.55267e-05 5.0402e-08 1.55351e-06 0.953211 0.000307507 1.07954e-06 
0.0170858 8.42566e-05 0.0924536 0.00170283 0.0139834 0.00049342 0.309095 0.134165 0.00197033 2.41551e-05 0.000779888 0.415114 0.0130414 7.62931e-06 
0.0474293 0.00922773 0.300523 0.00663793 0.00134958 0.000338636 0.0217095 0.0187468 0.0188724 0.000734723 0.000558397 0.534997 0.0384637 0.000411219 
0.0265931 1.0977e-05 0.0168091 0.000247566 0.00670246 0.000278495 0.0936188 0.0817097 0.0163077 0.000246987 0.00245042 0.735685 0.0174343 0.00190512 
0.00146954 0.00770532 0.300201 0.000677752 5.27867e-06 5.2996e-06 0.0521343 4.68005e-10 0.05645 8.39357e-09 2.36872e-06 0.55459 0.0267566 1.73818e-06 
0.173139 0.000544363 0.00903362 0.00338719 0.0602407 5.67114e-05 0.0252191 0.199036 0.176601 1.78316e-05 2.38258e-05 0.345428 0.00726758 5.77168e-06 
0.00526209 0.11811 0.308105 2.71884e-05 0.0216548 0.00204551 0.0532771 0.0161566 0.0164635 9.54513e-05 0.000697261 0.452148 0.00478459 0.0011729 
0.0205383 0.00340439 0.20507 0.128951 0.0151304 0.00437919 0.153488 0.0604015 0.0255534 9.279e-06 0.00890075 0.347137 0.0270173 2.02248e-05 
0.0474293 0.00922773 0.300523 0.00663793 0.00134958 0.000338636 0.0217095 0.0187468 0.0188724 0.000734723 0.000558397 0.534997 0.0384637 0.000411219 
0.0474293 0.00922773 0.300523 0.00663793 0.00134958 0.000338636 0.0217095 0.0187468 0.0188724 0.000734723 0.000558397 0.534997 0.0384637 0.000411219 
0.0474293 0.00922773 0.300523 0.00663793 0.00134958 0.000338636 0.0217095 0.0187468 0.0188724 0.000734723 0.000558397 0.534997 0.0384637 0.000411219 
0.0474293 0.00922773 0.300523 0.00663793 0.00134958 0.000338636 0.0217095 0.0187468 0.0188724 0.000734723 0.000558397 0.534997 0.0384637 0.000411219 
0.0781607 0.0299618 0.249043 0.00375727 0.0263422 0.00256477 0.0442373 0.121213 0.0201425 7.14415e-05 0.0575361 0.285268 0.0814883 0.000214009 
0.0240146 0.00193389 0.266455 0.000116761 0.00185205 0.000306731 0.0366094 0.027306 0.0311714 4.89291e-05 9.94745e-05 0.583737 0.0263431 5.36004e-06 
0.0111775 0.00217029 0.00473608 9.5401e-05 0.0328486 0.00549514 0.028226 0.0785418 0.0581445 0.000698487 0.201861 0.568036 0.0077468 0.000222475 
0.0105279 0.000773264 0.00884341 2.87007e-07 0.0356485 2.46851e-05 0.0829722 0.0166542 0.00727273 1.44828e-09 2.48708e-10 0.837282 4.82826e-07 4.03818e-10 
0.0227388 2.64284e-05 0.0105919 0.000241729 0.00315195 0.016967 0.0476288 0.0546237 0.00248015 1.9908e-08 4.79631e-05 0.800174 0.0411236 0.00020374 
0.0208967 0.00188865 0.0751603 0.0100396 0.0051397 0.0209464 0.0331704 0.0331004 0.0978324 0.000200485 0.000488339 0.700464 0.000629937 4.21407e-05 
5.2387e-05 0.00139041 0.135194 2.16685e-06 1.64696e-07 0.000339212 0.0412493 1.57992e-05 0.000110368 1.91477e-06 0.000127717 0.821185 0.000331359 5.33887e-07 
0.0442126 2.67266e-06 0.0279601 0.00032978 0.011129 0.000447544 0.155869 0.136094 0.0271127 0.000378687 0.00403769 0.560586 0.0288774 0.00296376 
0.0112325 1.63796e-06 0.0852612 0.0912429 0.0137223 0.00244669 0.0802637 0.0999525 0.0155945 1.68122e-06 0.000766077 0.597568 0.00187731 6.90199e-05 
0.0228682 1.96902e-05 0.020729 0.00180803 0.00881394 0.0120035 0.0403689 0.0378279 0.0048549 2.26277e-07 5.43954e-05 0.835571 0.0148134 0.00026729 
0.0129651 2.35909e-07 0.00328962 0.00422726 0.0152143 0.00358592 0.00223771 0.0194643 0.0121832 2.40983e-07 0.00327759 0.922099 0.00145569 6.71922e-08 
0.0155913 6.78799e-05 0.0149435 2.49509e-05 0.00746009 0.282114 0.0134301 0.0346888 0.137423 7.01771e-11 0.0021943 0.489438 0.00262086 2.74066e-06 
0.0246463 0.000141954 0.326364 0.00145272 0.0111108 0.0109753 0.147108 0.0438431 0.0143124 5.22865e-06 0.00282869 0.358817 0.05834 5.47177e-05 
0.0442126 2.67266e-06 0.0279601 0.00032978 0.011129 0.000447544 0.155869 0.136094 0.0271127 0.000378687 0.00403769 0.560586 0.0288774 0.00296376 
2.25984e-06 4.61635e-07 0.0229308 3.64857e-09 0.238694 2.39867e-09 0.0091213 0.0346782 0.176436 1.52065e-06 5.53666e-10 0.518117 1.80844e-05 8.98965e-10 
0.0474293 0.00922773 0.300523 0.00663793 0.00134958 0.000338636 0.0217095 0.0187468 0.0188724 0.000734723 0.000558397 0.534997 0.0384637 0.000411219 
0.0630669 0.135024 0.0171051 1.36698e-09 0.0130277 5.09058e-05 0.00085469 0.00789762 0.000658597 7.22763e-08 0.000339192 0.761848 0.000125914 1.45277e-06 
0.00176321 0.00339654 0.0532988 0.00532722 0.0181793 0.000381168 0.151229 0.00670051 0.00948587 5.42427e-06 0.000546315 0.748886 0.000796331 4.98723e-06 
0.0151883 0.000183781 0.00354682 6.60252e-05 0.0188715 0.000858738 0.0105698 0.0151386 0.00467817 7.02964e-05 0.009603 0.894736 0.0212571 0.00523196 
0.0585881 0.00272688 0.323394 0.00967526 0.0064452 0.000165247 0.0224106 0.0233715 0.0183619 0.000318503 0.00136804 0.521768 0.0111943 0.000212393 
0.051769 2.88548e-05 0.0265194 0.000890636 0.0116599 0.000567677 0.156892 0.125261 0.0264337 0.00222774 0.00428597 0.53666 0.0364861 0.0203171 
0.0474293 0.00922773 0.300523 0.00663793 0.00134958 0.000338636 0.0217095 0.0187468 0.0188724 0.000734723 0.000558397 0.534997 0.0384637 0.000411219 
0.112091 4.49742e-05 0.0715052 0.00106259 0.109459 0.00012757 0.123553 0.24705 0.00679176 7.47713e-07 0.00864 0.302323 0.0171162 0.000235422 
0.196424 0.000629935 0.0498007 0.000253638 0.0531016 0.00961278 0.233988 0.0017546 0.00177062 1.28478e-05 0.00141721 0.447734 0.00343574 6.46626e-05 
0.0474293 0.00922773 0.300523 0.00663793 0.00134958 0.000338636 0.0217095 0.0187468 0.0188724 0.000734723 0.000558397 0.534997 0.0384637 0.000411219 
0.00685639 0.00015319 0.0675265 0.000825064 0.0607948 0.00661197 0.196 0.0467377 0.00548073 4.42445e-06 0.000328927 0.538944 0.0695412 0.000195324 
0.0296459 9.33193e-06 0.0694832 0.0339738 0.174864 0.0583909 0.0606132 0.206079 0.110796 0.00129796 0.00263973 0.226522 0.0253984 0.000285461 
0.0138475 5.58202e-06 0.00574856 2.50872e-08 0.000370532 0.000106357 0.000621748 0.00114835 2.43078e-05 5.60518e-08 0.000174826 0.97777 0.000182201 2.63091e-07 
0.0421242 0.000637566 0.0898538 7.71996e-10 0.000678206 0.0238287 0.296126 0.246459 0.00203333 5.97657e-08 3.21032e-06 0.298135 0.000111613 8.53808e-06 
0.0070614 0.000228961 0.0917569 0.00270031 1.53688e-05 0.00149226 0.02615 0.000228982 0.000678449 4.38737e-05 5.4802e-05 0.868119 0.00140955 5.97572e-05 
0.0963991 5.72653e-06 0.30192 0.000401792 0.0144668 0.000464158 0.0888746 0.0631192 0.000664533 4.58566e-08 0.0364952 0.383902 0.0131564 0.000130448 
0.0474293 0.00922773 0.300523 0.00663793 0.00134958 0.000338636 0.0217095 0.0187468 0.0188724 0.000734723 0.000558397 0.534997 0.0384637 0.000411219 
0.00511173 0.000152897 0.0705154 6.29988e-05 0.0609744 0.00315794 0.208634 0.0443835 0.00439972 3.04717e-07 0.000331362 0.51736 0.0846847 0.000231109 
0.0571974 0.0236856 0.150115 0.00597908 0.0775148 0.00110708 0.0628436 0.162948 0.0202095 0.000803262 0.0367984 0.360655 0.0395779 0.000565118 
0.0474293 0.00922773 0.300523 0.00663793 0.00134958 0.000338636 0.0217095 0.0187468 0.0188724 0.000734723 0.000558397 0.534997 0.0384637 0.000411219 
0.252081 0.00722582 0.0797059 5.54299e-05 0.00495065 0.00661355 0.0453914 0.00931861 0.00685959 1.40373e-06 0.00589734 0.544175 0.0376663 5.84993e-05 
0.252081 0.00722582 0.0797059 5.54299e-05 0.00495065 0.00661355 0.0453914 0.00931861 0.00685959 1.40373e-06 0.00589734 0.544175 0.0376663 5.84993e-05 
0.000484816 6.39315e-06 0.00090031 3.65727e-08 0.0283951 7.47156e-05 0.0535667 0.0055208 4.62568e-05 5.2977e-08 1.01141e-05 0.910432 0.000561056 1.81212e-06 
0.0924079 0.015793 0.0625574 0.00157165 0.181941 0.000469813 0.0850586 0.194354 0.0488274 0.000735495 0.0097319 0.266811 0.0348765 0.00486384 
0.069032 0.000234704 0.0905769 2.90826e-06 0.0595497 0.00148561 0.0823194 0.00574499 0.00106514 2.85571e-05 2.18474e-05 0.636812 0.0198089 0.033317 
0.0474293 0.00922773 0.300523 0.00663793 0.00134958 0.000338636 0.0217095 0.0187468 0.0188724 0.000734723 0.000558397 0.534997 0.0384637 0.000411219 
0.00247202 2.11528e-05 0.0127754 9.46016e-05 0.039573 0.0185585 0.0131765 0.0205186 0.228204 1.01019e-06 0.000272554 0.625721 0.0385435 6.72607e-05 
0.0155913 6.78799e-05 0.0149435 2.49509e-05 0.00746009 0.282114 0.0134301 0.0346888 0.137423 7.01771e-11 0.0021943 0.489438 0.00262086 2.74066e-06 
0.1072 0.0584976 0.188365 1.07938e-05 0.0752094 0.00226086 0.132149 0.0449436 0.00788703 2.45392e-06 0.0101009 0.188817 0.0100645 0.174492 
0.0019265 5.70419e-07 0.00170428 5.53484e-10 0.00472744 2.06934e-05 0.0900801 0.00344756 0.0300914 6.5989e-08 2.18323e-06 0.862434 0.00556467 8.36625e-08 
0.000205619 0.000449539 0.216843 0.000610329 0.049813 0.00714848 0.0792552 0.032575 0.0374544 0.00127156 0.0160973 0.555557 0.00269862 2.08133e-05 
0.0474293 0.00922773 0.300523 0.00663793 0.00134958 0.000338636 0.0217095 0.0187468 0.0188724 0.000734723 0.000558397 0.534997 0.0384637 0.000411219 
0.0698766 5.84332e-05 0.0562577 1.19644e-05 0.0494074 0.00145604 0.158482 0.00118138 0.0604922 2.95772e-08 7.68905e-06 0.599226 0.000595505 0.00294734 
0.330273 0.000589693 0.0151807 1.5971e-06 0.100629 0.00135017 0.0289961 0.0964041 0.0111891 6.57195e-06 0.000119724 0.388272 0.00192853 0.0250602 
0.0456514 2.94563e-06 0.0407502 4.4439e-05 0.000449185 2.91931e-05 0.000560017 0.002093 2.10622e-05 3.247e-08 2.92571e-05 0.910295 7.34695e-05 3.6422e-07 
0.0753571 4.75561e-06 0.0365821 4.22243e-06 0.366823 0.00151717 0.0120044 0.0302017 0.000953966 4.17078e-08 0.00386298 0.444317 0.0280976 0.00027308 
0.0933671 0.0114736 0.0313525 6.54597e-09 0.0336521 0.00306006 0.0602109 0.0445651 0.154696 1.22963e-08 0.000758754 0.562107 0.00475388 2.42422e-06 
0.0387976 9.5888e-07 0.0133745 0.000257769 0.0404085 0.000251705 0.0118041 0.0169914 0.00179822 4.5686e-08 0.000497977 0.868046 0.00776959 1.2453e-06 
1.38431e-05 1.38307e-05 0.0276989 1.38286e-05 1.3843e-05 1.38339e-05 1.38428e-05 1.38435e-05 1.38418e-05 1.38303e-05 1.38419e-05 0.972135 1.3841e-05 1.38404e-05 
0.0468355 0.0119821 0.290394 0.00695159 0.00805332 0.00128778 0.025915 0.0497238 0.0173206 1.05443e-07 0.0297444 0.501816 0.00991433 6.14838e-05 
0.0474293 0.00922773 0.300523 0.00663793 0.00134958 0.000338636 0.0217095 0.0187468 0.0188724 0.000734723 0.000558397 0.534997 0.0384637 0.000411219 
0.00700537 0.00364251 0.0339563 3.75676e-05 0.00968764 0.00829557 0.0814084 0.00471919 0.00690053 3.74444e-09 7.1249e-07 0.819822 0.0243715 0.00015264 
1.19439e-07 1.54326e-06 0.000652887 1.78399e-06 1.35596e-07 1.17284e-06 1.64107e-07 8.78992e-08 2.70809e-07 1.57645e-06 2.70718e-07 0.999339 3.6345e-07 4.39555e-07 
0.125971 0.0105255 0.15594 0.00118324 0.00734057 0.000218103 0.00291935 0.0615229 0.00190764 4.58608e-05 1.07056e-07 0.630497 0.00192819 1.73823e-07 
0.0224222 4.24227e-05 0.00533594 4.46132e-06 0.0193185 0.000118498 0.0593478 0.0360245 0.0511945 4.08865e-07 0.000764833 0.800839 0.00458495 1.55631e-06 
0.0753571 4.75561e-06 0.0365821 4.22243e-06 0.366823 0.00151717 0.0120044 0.0302017 0.000953966 4.17078e-08 0.00386298 0.444317 0.0280976 0.00027308 
0.252081 0.00722582 0.0797059 5.54299e-05 0.00495065 0.00661355 0.0453914 0.00931861 0.00685959 1.40373e-06 0.00589734 0.544175 0.0376663 5.84993e-05 
0.0019265 5.70419e-07 0.00170428 5.53484e-10 0.00472744 2.06934e-05 0.0900801 0.00344756 0.0300914 6.5989e-08 2.18323e-06 0.862434 0.00556467 8.36625e-08 
0.0131335 6.96633e-05 0.105436 0.0241737 0.00024591 0.00784757 0.0104179 0.0124563 0.0430312 0.000248324 0.000496584 0.782413 7.86456e-11 2.98936e-05 
0.407526 0.000131299 0.000131412 0.000131279 0.000131417 0.00013133 0.0264144 0.000131421 0.000131405 0.000131296 0.000131406 0.564615 0.000131398 0.000131391 
0.00163634 0.000298081 0.0830262 0.000405449 0.00110554 2.7955e-06 0.102768 0.0106047 0.000619175 1.08093e-07 1.85624e-08 0.799308 0.00022622 3.0139e-08 
0.00176199 2.22907e-07 0.213591 4.85009e-05 0.0209438 0.000333532 0.139372 0.00524169 2.38841e-06 1.9547e-06 1.77371e-05 0.599421 0.0192554 8.3276e-06 
0.0468355 0.0119821 0.290394 0.00695159 0.00805332 0.00128778 0.025915 0.0497238 0.0173206 1.05443e-07 0.0297444 0.501816 0.00991433 6.14838e-05 
0.0114538 6.25683e-07 0.127343 2.21974e-07 0.0322092 0.000295769 0.0971457 0.196248 0.0722929 1.486e-05 0.000152313 0.460646 0.00218756 1.05946e-05 
0.154082 3.69121e-06 0.0294288 8.79251e-05 0.0198327 0.0118756 0.0167928 0.0106072 0.00300746 1.01071e-08 3.58478e-05 0.625605 0.12864 6.76141e-07 
0.0161349 0.000562492 0.0216474 0.000228176 0.0150679 0.0073692 0.0162123 0.0101224 0.00155918 8.60456e-08 3.21196e-05 0.901784 0.0091306 0.000149444 
0.180228 0.00171762 0.127399 1.18894e-06 0.0549986 7.81642e-07 0.14661 9.0994e-06 0.000881704 1.05063e-06 1.8042e-07 0.488153 2.42221e-07 2.92941e-07 
0.120136 2.31403e-05 0.0953184 0.000283995 0.100764 0.0261111 0.279694 0.0134818 0.0298181 6.74428e-06 0.0055249 0.30374 0.0125434 0.0125545 
0.000116494 4.14831e-06 0.0163041 0.00321405 0.000116419 7.17388e-05 0.00657906 3.98115e-05 1.16568e-05 7.38986e-07 2.51719e-06 0.973536 2.80626e-06 2.88394e-07 
0.0404585 1.99794e-05 0.176178 0.000410175 0.000129131 0.00761807 0.000113484 8.05074e-05 0.249615 2.06825e-05 0.000420489 0.506864 0.0180684 3.80855e-06 
0.0474293 0.00922773 0.300523 0.00663793 0.00134958 0.000338636 0.0217095 0.0187468 0.0188724 0.000734723 0.000558397 0.534997 0.0384637 0.000411219 
0.00222726 0.000453913 0.290138 6.52426e-05 0.00358454 0.000278107 0.00971428 0.0108742 0.00153432 0.000427889 0.000212296 0.565012 0.11532 0.000157796 
0.051769 2.88548e-05 0.0265194 0.000890636 0.0116599 0.000567677 0.156892 0.125261 0.0264337 0.00222774 0.00428597 0.53666 0.0364861 0.0203171 
0.0105279 0.000773264 0.00884341 2.87007e-07 0.0356485 2.46851e-05 0.0829722 0.0166542 0.00727273 1.44828e-09 2.48708e-10 0.837282 4.82826e-07 4.03818e-10 
0.0142086 5.09403e-07 0.043875 2.36588e-05 0.0359075 0.00284024 0.0839848 0.0387703 0.00392578 4.91191e-09 0.000292314 0.763714 0.0124056 5.19765e-05 
0.0213521 0.00283323 0.0272929 0.000202679 0.0375396 0.00907501 0.0832871 0.0430538 0.00839946 3.6846e-08 3.78101e-05 0.755472 0.0112915 0.000162874 
0.13254 0.000826894 0.141647 0.00340982 0.0641508 8.16549e-06 0.0745219 0.0598439 0.051575 4.92566e-05 0.00151431 0.458627 0.00980015 0.00148589 
0.149326 0.00401738 0.057065 4.68096e-06 0.0800239 2.71948e-05 0.0582671 0.0605093 0.00657607 1.29557e-08 0.00393563 0.577498 0.00269769 5.21038e-05 
0.0283959 0.00177972 0.178632 0.000122183 0.039037 0.0502255 0.0133655 0.0691381 0.026885 3.91952e-06 0.0145358 0.485172 0.0811561 0.0115514 
0.0429521 7.96625e-07 0.114162 0.00865973 0.163856 0.00032744 0.0863852 0.146466 0.150356 0.00186602 0.00235563 0.209746 0.0728207 4.6711e-05 
0.288729 1.04227e-05 0.0205849 2.40608e-07 0.0252397 0.00571244 0.114073 0.0463478 0.0921248 2.46922e-07 0.00119344 0.399593 0.00470834 0.00168275 
0.0425704 3.84844e-07 2.8078e-06 0.000843822 0.0175296 0.000350478 4.09236e-08 0.00102199 1.00611e-05 1.379e-05 3.29691e-05 0.937459 1.11789e-07 0.000164161 
9.53257e-07 1.23169e-05 1.53213e-06 1.42382e-05 1.08221e-06 9.3606e-06 1.30976e-06 7.01533e-07 0.451073 1.25818e-05 2.16063e-06 0.548864 2.90073e-06 3.50813e-06 
0.0167509 0.00291918 0.0285188 0.000161466 0.0283515 0.00391015 0.365936 0.00725125 0.0246058 6.98021e-08 9.22463e-07 0.518536 0.00305698 4.01613e-07 
0.0696388 6.19213e-06 0.029374 6.93541e-05 0.0126826 0.00155431 0.150252 0.00445464 0.020348 1.11464e-05 0.0720198 0.638012 0.00157547 9.57109e-07 
0.0218506 0.000913449 0.0364468 3.22295e-09 0.0605597 0.00937917 0.119427 0.0199554 0.0109557 2.84801e-09 5.6403e-07 0.72026 0.000251436 3.01781e-07 
0.0039661 1.04624e-06 0.000169282 6.00113e-05 0.00973245 1.71853e-05 0.00848153 0.00772511 0.000155742 2.57168e-06 7.94757e-05 0.958342 0.011265 2.93553e-06 
0.202423 0.00697838 0.154373 0.00337572 0.0117099 0.00595154 0.140018 0.0854693 0.0560822 6.35599e-05 0.0201466 0.269908 0.0304988 0.0130027 
0.026244 7.28431e-06 0.00312128 6.23642e-05 0.0348092 0.000587713 0.0250114 0.0894171 0.00193034 2.60977e-06 0.000882892 0.809416 0.00849676 1.15335e-05 
0.0474293 0.00922773 0.300523 0.00663793 0.00134958 0.000338636 0.0217095 0.0187468 0.0188724 0.000734723 0.000558397 0.534997 0.0384637 0.000411219 
0.0100942 0.00157355 0.0337341 0.00228282 0.0201609 0.00417941 0.0361712 0.00786345 0.00866943 2.64631e-06 0.000237067 0.871369 0.00358323 7.87662e-05 
0.00538051 0.000158987 0.0717683 0.000191265 0.0628668 0.00318899 0.206293 0.0493871 0.0047113 3.13773e-07 0.000389544 0.51319 0.0822612 0.000213049 
0.000857936 0.000780473 0.00834096 0.000474737 5.85304e-05 0.00119658 0.0702978 0.0151108 0.00540047 7.51733e-06 0.000414103 0.894661 0.0023935 5.14422e-06 
0.0188591 6.80562e-06 0.00983382 2.75406e-07 0.0263769 0.000828007 0.253215 0.0768536 0.10066 3.12305e-07 7.56093e-07 0.507981 0.00538365 1.36142e-06 
0.0442126 2.67266e-06 0.0279601 0.00032978 0.011129 0.000447544 0.155869 0.136094 0.0271127 0.000378687 0.00403769 0.560586 0.0288774 0.00296376 
0.0201283 0.000692735 0.0270094 0.000217307 0.0188217 0.00909556 0.0202377 0.0126377 0.00193503 4.20506e-08 3.81625e-05 0.877707 0.0113118 0.000167006 
0.000228322 3.99133e-06 0.0888197 1.35583e-07 0.000453124 3.2671e-05 0.0211813 0.000545747 0.0344502 1.59311e-07 1.63504e-06 0.841285 0.012997 6.8125e-07 
0.0300747 6.20234e-06 0.0859755 0.00813844 0.0804606 1.49035e-05 0.101262 0.000462686 0.0599563 8.73826e-07 7.43605e-07 0.629744 0.00390232 1.37048e-06 
0.0170858 8.42566e-05 0.0924536 0.00170283 0.0139834 0.00049342 0.309095 0.134165 0.00197033 2.41551e-05 0.000779888 0.415114 0.0130414 7.62931e-06 
0.0474293 0.00922773 0.300523 0.00663793 0.00134958 0.000338636 0.0217095 0.0187468 0.0188724 0.000734723 0.000558397 0.534997 0.0384637 0.000411219 
0.0474293 0.00922773 0.300523 0.00663793 0.00134958 0.000338636 0.0217095 0.0187468 0.0188724 0.000734723 0.000558397 0.534997 0.0384637 0.000411219 
0.0207323 0.000910208 0.0364232 1.19539e-09 0.0289388 0.0093561 0.119395 0.00561389 0.0109429 1.05632e-09 2.56956e-07 0.767438 0.000248335 1.37438e-07 
0.0287372 6.17699e-05 0.0805631 0.0148528 0.000970112 0.00413399 0.0115085 0.0260708 0.0595844 0.00032924 0.000721717 0.772443 2.23248e-07 2.27179e-05 
0.217567 5.83353e-07 0.0144988 5.25047e-09 0.00482893 4.15833e-05 0.160811 0.0958002 0.00765655 1.17294e-10 0.170677 0.328086 5.80589e-06 2.71033e-05 
0.164975 3.58119e-06 0.0532599 0.000808043 0.155219 0.000188705 0.116648 0.176149 0.00450144 6.19938e-05 0.000786674 0.301553 0.025779 6.63864e-05 
0.0474293 0.00922773 0.300523 0.00663793 0.00134958 0.000338636 0.0217095 0.0187468 0.0188724 0.000734723 0.000558397 0.534997 0.0384637 0.000411219 
0.162808 0.0241661 0.0139382 0.00644693 0.1357 0.00338728 0.00786856 0.0531341 0.129114 2.10535e-05 0.0809662 0.379692 0.00255741 0.000201226 
0.00166032 2.31628e-07 0.0249648 6.48337e-07 0.257402 1.17377e-07 0.0482975 0.237227 0.156477 3.88839e-06 4.93215e-06 0.264391 0.00957013 3.04185e-07 
0.00261976 3.42231e-05 0.00907871 1.35466e-06 0.00336637 0.00223119 0.0931566 0.00754588 0.04871 3.29088e-06 3.2908e-05 0.830319 0.00289592 4.40761e-06 
0.00812247 0.000539451 0.00872742 0.000711111 0.00523771 0.00156204 0.0140716 0.0295895 0.00593593 3.51003e-06 0.00229544 0.921927 0.00126563 1.14086e-05 
0.000626104 1.9528e-06 0.000384533 0.332737 0.000382934 0.000283522 0.330806 7.82056e-05 0.000612505 0.000191543 3.4256e-07 0.333893 4.599e-07 5.56201e-07 
0.0268668 2.54943e-06 0.00589638 2.3568e-05 0.0175594 0.000163643 0.0627428 0.0176556 0.000878515 1.28071e-06 0.000615479 0.845539 0.0212421 0.000812538 
0.0559801 5.39055e-06 0.310345 0.00102381 0.00199403 4.0967e-06 0.00181632 0.0122811 0.000214321 5.50649e-06 0.000662093 0.600725 0.014942 1.53535e-06 
0.0038121 0.0193425 0.004367 0.000594071 0.00253559 0.00212131 0.00907812 0.00489951 0.00189261 3.26402e-06 0.000698073 0.949787 0.000868461 9.10092e-07 
0.0552484 7.70085e-05 0.0695099 5.49729e-05 0.249748 0.00574546 0.00963076 0.0841463 0.00153144 8.22799e-05 0.0885247 0.416107 0.0194944 9.93705e-05 
3.89085e-05 4.68584e-06 0.00194499 2.90317e-06 0.00266729 2.51375e-06 0.0459123 0.000303373 3.78084e-06 2.57701e-09 4.06292e-07 0.949106 1.26246e-05 7.18535e-10 
0.0953235 3.5053e-06 0.0729023 0.00197325 0.025951 0.00200376 0.319836 0.0162744 0.000594639 6.3692e-08 0.00118938 0.459534 0.00441349 9.77731e-07 
0.200317 0.0987132 0.0570342 9.06219e-09 0.0277812 0.000585747 0.0289177 0.0185129 0.00168984 3.77774e-09 0.0182532 0.544088 0.00405098 5.67602e-05 
