0.00423021 0.000469665 0.0650679 0.000883824 0.000347659 0.000755439 0.205494 0.145551 0.0458783 1.47887e-05 6.13738e-05 0.000187561 0.524041 0.00701779 
0.142304 2.38587e-05 0.192855 0.000207154 0.0468495 2.40433e-06 0.121188 0.0732103 0.00294008 0.000115013 0.000623353 6.88002e-05 0.386927 0.0326859 
0.0409205 2.43638e-07 0.232929 4.96659e-06 0.0523424 0.0730844 0.140258 0.139589 0.0410031 1.13642e-09 0.0164904 1.01978e-05 0.260382 0.00298618 
0.139267 4.93834e-06 0.158262 0.00294163 0.22612 0.000154 0.0605153 0.067715 0.00493556 0.00416708 0.0334258 9.99603e-05 0.289847 0.0125446 
0.025236 6.48217e-06 0.168863 6.02893e-05 0.0935231 1.9395e-05 0.0401823 0.0284244 0.0139749 4.54794e-06 0.000791004 1.02473e-05 0.628837 6.73295e-05 
0.0641298 0.000165174 0.210444 2.28859e-06 0.0129008 0.00020423 0.00837273 0.0983592 0.00304116 1.69341e-05 0.0359859 0.00850719 0.394653 0.163217 
4.20093e-13 1.62845e-07 0.00136869 6.27468e-12 2.33501e-07 7.5907e-08 0.298006 0.124004 0.023344 2.35102e-07 2.08536e-08 2.17151e-07 0.392153 0.161124 
0.0350789 0.000479104 0.0159138 0.000591868 0.196784 0.0141904 0.150686 0.257519 0.0113041 7.05636e-05 0.00982448 0.00911994 0.283867 0.014572 
0.144071 0.0103808 0.143876 0.000180433 0.118004 0.0245106 0.0504533 0.129128 0.0290891 0.000174294 0.0143778 0.00193647 0.30399 0.0298273 
0.0015264 7.99787e-08 0.0129268 5.08994e-11 0.0614388 0.000460939 0.132757 0.0631684 0.00731055 9.09777e-07 1.09315e-05 2.79319e-08 0.713783 0.00661591 
0.0205654 0.000187975 0.0145289 0.00123389 0.0251046 0.000479012 0.127833 0.195494 0.022213 1.70184e-06 0.00575537 0.0677802 0.502828 0.0159941 
0.0172627 0.000867326 0.0122168 0.000171845 0.0884985 0.0142965 0.0264543 0.0693938 0.00748698 6.57518e-06 0.0158495 0.0021942 0.678962 0.0663386 
0.046797 0.00057582 0.00208047 0.000505898 8.96323e-05 0.000332698 0.00500652 0.12764 0.00786767 4.18029e-09 0.00102542 0.000139247 0.807939 7.48237e-13 
0.019444 0.0116349 0.127738 0.000838148 0.0289287 0.0213492 0.0683788 0.0975304 0.0252237 9.10804e-05 0.00958219 5.88162e-05 0.475113 0.114089 
0.0267068 0.0276842 0.167831 8.31381e-05 0.0255154 0.0144762 0.00632186 0.036227 0.12988 1.33639e-05 6.12538e-05 0.00341127 0.561641 0.000146598 
0.00609014 9.50709e-08 0.0536562 6.81045e-05 0.00646561 8.24765e-06 0.013104 0.020188 0.000418448 4.1499e-07 0.000181555 5.43179e-07 0.592164 0.307655 
4.62152e-06 2.47704e-11 0.00105911 1.63244e-07 0.137024 2.21949e-06 2.35825e-06 8.93628e-07 7.87185e-07 1.2148e-07 8.88165e-07 3.88168e-07 0.856743 0.00516094 
0.10802 0.000780783 0.0560238 0.00857812 0.084893 0.00136527 0.12304 0.174712 0.0714948 1.30317e-05 0.019003 0.0450407 0.30603 0.001006 
0.0251455 2.3677e-05 0.019678 0.00157365 0.0137667 0.00085692 0.00559533 0.0123903 0.00111652 3.36387e-06 0.0239777 0.000340363 0.571173 0.324359 
0.0108579 0.000131791 0.0614814 5.24856e-05 0.0354038 0.0189716 0.0372262 0.0682447 0.013484 0.000683096 0.00457155 0.00025794 0.748585 4.8791e-05 
0.000567172 0.000257468 0.0119592 2.35161e-05 0.00417736 1.87527e-05 0.0151441 0.346382 0.00848898 8.03595e-07 0.000181509 0.0167754 0.595962 6.19644e-05 
0.00331361 0.00393748 0.0239983 9.19998e-05 0.00145186 0.011179 0.00547115 0.00911625 0.000515556 4.41853e-06 0.00276041 4.96115e-12 0.910183 0.0279774 
0.0184782 0.0154064 0.043536 0.000101343 0.0485907 0.0027984 0.0373916 0.0539595 0.0262692 0.000845299 0.00144855 0.000168546 0.740097 0.0109096 
0.0174854 5.31098e-06 0.154532 6.13943e-06 4.6664e-07 0.000389969 0.00855517 0.000234923 0.000302873 5.42521e-06 9.31652e-07 9.11681e-05 0.818275 0.000115257 
0.0658256 0.000261922 0.184756 0.000421935 0.0263525 0.000579936 0.0282423 0.0672703 0.00334601 5.60481e-05 0.0163895 0.00348732 0.539949 0.0630608 
0.00331361 0.00393748 0.0239983 9.19998e-05 0.00145186 0.011179 0.00547115 0.00911625 0.000515556 4.41853e-06 0.00276041 4.96115e-12 0.910183 0.0279774 
0.00215944 5.96861e-05 0.0897511 0.000586004 0.0362146 0.00204034 0.0362038 0.32657 0.0765962 0.000798795 0.00755551 0.00608609 0.404767 0.0106116 
0.0251455 2.3677e-05 0.019678 0.00157365 0.0137667 0.00085692 0.00559533 0.0123903 0.00111652 3.36387e-06 0.0239777 0.000340363 0.571173 0.324359 
0.0166221 0.000698225 0.052441 0.000446709 0.0364861 0.000237433 0.087622 0.13944 0.0269169 0.0569952 0.005621 0.00489161 0.552978 0.0186035 
0.0444481 1.90868e-07 0.252243 0.000170486 0.0208198 0.000297722 0.054468 0.133346 0.00587852 9.17331e-06 0.00603469 0.00117921 0.471365 0.0097396 
0.164444 4.71706e-08 0.0868448 2.12957e-05 0.242235 0.000247604 0.0757856 0.0881666 0.0623848 3.98549e-06 0.00942785 4.28106e-06 0.26979 0.00064436 
0.090139 1.00044e-05 0.142467 0.000829903 0.0444208 0.000829746 0.0113104 0.165499 0.0016441 0.00132583 0.0393649 0.000367466 0.318367 0.183424 
0.105055 0.000254951 0.103225 0.000853021 0.00986029 0.000352098 0.034829 0.0561862 0.00547169 7.36001e-05 0.0350809 4.09144e-06 0.488834 0.159921 
0.0489834 1.71752e-10 0.279795 0.000146259 0.136524 0.0117652 0.038915 0.163648 0.0139869 1.02327e-05 0.00573695 0.00747488 0.280762 0.0122526 
0.150309 0.00377963 0.0385863 9.31125e-05 0.0372771 0.000918603 0.000926076 0.0617744 0.00448195 2.03282e-08 0.00149765 0.00152008 0.698831 4.78821e-06 
0.00255007 3.65345e-09 0.0279559 0.000116586 0.0215599 0.000636493 0.0336312 0.155328 0.118819 1.02672e-05 0.00133155 0.014844 0.619971 0.00324647 
0.00933018 0.00641859 0.00856736 0.000560997 0.0186211 0.0011789 0.0156472 0.193971 0.00649095 5.75191e-06 0.00595993 0.000938034 0.731125 0.00118447 
0.217486 1.572e-05 0.00615389 4.43286e-05 0.0454928 0.000291463 0.00948564 0.00230504 0.000564206 4.10137e-06 4.30325e-05 1.86863e-08 0.716963 0.00115137 
0.030751 7.16675e-08 0.0677907 0.00107948 0.00784844 2.73689e-06 0.107907 0.0206068 0.00238132 0.0601375 0.000973173 0.00465903 0.423081 0.272782 
0.00928591 3.64569e-07 0.0168403 1.91781e-05 0.0110574 0.000128313 0.216783 0.0495866 0.0103997 6.19784e-05 0.0155902 0.00409273 0.662996 0.00315816 
0.0411567 9.33129e-05 0.0660488 0.01061 0.138121 0.00104491 0.0514452 0.253859 0.023986 1.89256e-05 0.0105092 0.0064266 0.390689 0.00599123 
0.050696 3.84616e-05 0.0986144 7.91444e-05 0.0239445 0.000737564 0.034071 0.0822801 0.0029882 0.000109038 0.0485776 0.00029774 0.577137 0.0804292 
0.00928591 3.64569e-07 0.0168403 1.91781e-05 0.0110574 0.000128313 0.216783 0.0495866 0.0103997 6.19784e-05 0.0155902 0.00409273 0.662996 0.00315816 
0.0626848 4.11522e-05 0.141923 0.00511425 0.0121003 0.00257573 0.0142886 0.158855 0.01352 2.12039e-05 0.0182755 0.00304195 0.567393 0.000166026 
0.00313763 0.0310553 0.0192741 4.00563e-05 0.0434446 3.41096e-08 0.0650137 0.0463775 0.0621153 0.000502009 5.06784e-05 3.44603e-06 0.728852 0.000133237 
0.0261402 7.52122e-05 0.166768 0.0174525 0.0735053 0.00491969 0.0138682 0.0270848 0.00401339 2.23014e-05 0.00741949 0.000203482 0.618702 0.0398259 
0.0169575 0.0100486 0.176475 0.00218627 0.00497362 0.000522856 0.0932497 0.10122 0.0300115 0.133229 0.00262365 8.74973e-06 0.425005 0.00348934 
1.78242e-05 3.24042e-08 0.00834678 5.27135e-10 0.159932 3.04164e-07 0.109013 0.0542573 0.041239 4.65811e-10 7.99921e-11 9.02203e-07 0.627193 2.0032e-07 
0.0969155 1.39006e-08 0.0783074 0.000206602 0.0330612 0.00146883 0.00695676 0.0482988 0.00627682 1.52853e-06 0.0407767 0.000403477 0.678023 0.00930344 
0.0772242 0.000212783 0.0346622 0.000541891 0.145372 0.00044942 0.125233 0.247297 0.0268632 0.000698916 0.0134142 0.00205032 0.323857 0.00212365 
0.0839088 0.0535307 0.366935 1.92054e-10 0.0136811 0.0194481 0.0526873 8.52951e-07 0.00674443 1.69712e-10 0.000983876 0.000219949 0.401185 0.00067468 
0.0251455 2.3677e-05 0.019678 0.00157365 0.0137667 0.00085692 0.00559533 0.0123903 0.00111652 3.36387e-06 0.0239777 0.000340363 0.571173 0.324359 
0.0531872 7.10555e-08 0.321583 0.000470534 0.0610282 0.0138058 0.00547826 0.0231756 0.0242726 0.000643164 0.00960244 6.21766e-06 0.486595 0.00015223 
0.0426423 0.000163905 0.0338978 1.04368e-07 0.0148535 4.60153e-05 0.0209646 0.0204722 0.0013932 0.115782 1.50591e-05 0.0271583 0.722443 0.000167498 
0.107796 1.00574e-07 0.14525 0.0268726 0.0629117 0.000632872 0.00974044 0.0423349 0.0082771 0.00118888 0.0223487 0.0019532 0.56088 0.00981359 
0.0419329 7.14832e-09 0.00382912 0.000253348 0.0388739 0.000332945 0.0168757 0.0295917 0.00234393 2.59111e-09 0.0347476 0.00337216 0.82224 0.00560663 
0.0290437 6.91164e-05 0.00902099 0.0108037 0.333476 0.000955274 0.115 0.0258746 0.0323231 3.1773e-08 0.0520159 2.25162e-05 0.39134 5.50551e-05 
0.00316176 7.55511e-05 0.0780409 0.000242571 0.00391554 0.00123343 0.0540493 0.107778 0.0244785 0.116711 0.0084306 2.99805e-05 0.569508 0.0323449 
0.0335901 0.00055289 0.127432 0.00398416 0.00670612 0.000747022 0.0415587 0.306385 0.0144673 0.000126695 0.0112028 0.000923761 0.450975 0.0013481 
0.0676939 5.84398e-06 0.0813277 0.00111337 0.034096 4.80013e-05 0.0901399 0.244665 0.0051989 1.23427e-08 0.00377874 8.83069e-05 0.471719 0.000125034 
0.10231 0.00158095 0.240816 0.0226645 0.0603308 0.0230309 0.0581008 0.100435 0.0707785 6.68936e-06 0.0160659 0.000546784 0.302417 0.000916011 
0.0247011 0.00295337 0.295528 1.23106e-05 0.0284962 0.000106526 0.0368811 0.113183 0.0495152 1.41296e-06 0.0474204 0.000621686 0.40049 9.03439e-05 
0.0419329 7.14832e-09 0.00382912 0.000253348 0.0388739 0.000332945 0.0168757 0.0295917 0.00234393 2.59111e-09 0.0347476 0.00337216 0.82224 0.00560663 
0.0265595 1.263e-05 0.347635 1.26281e-05 1.26413e-05 1.2633e-05 1.26411e-05 1.26417e-05 1.26402e-05 1.26297e-05 1.26402e-05 1.26277e-05 0.625666 1.26389e-05 
0.0193708 8.19246e-05 0.00462125 5.54744e-05 0.000984095 1.86877e-05 0.0049443 0.0111537 0.000892741 2.58616e-12 0.00117388 0.000433218 0.95627 4.50659e-09 
0.0107864 1.48001e-12 0.00270276 2.69619e-05 0.423413 0.00346719 0.0102652 0.00851286 0.00290752 2.76784e-06 0.000432798 0.00243155 0.521437 0.0136137 
0.0247011 0.00295337 0.295528 1.23106e-05 0.0284962 0.000106526 0.0368811 0.113183 0.0495152 1.41296e-06 0.0474204 0.000621686 0.40049 9.03439e-05 
0.0121238 8.67426e-12 0.00138319 4.0064e-06 0.379304 0.00478299 0.0165091 0.00428444 0.00295121 3.14416e-05 0.00190331 3.7758e-05 0.576399 0.00028631 
0.0241688 8.49314e-06 0.0101136 8.39541e-05 0.377511 0.00771855 0.0278055 0.0468971 0.0532179 1.01624e-05 0.0288842 0.00450495 0.412177 0.0068983 
0.0588589 0.000166054 0.0277198 0.000600505 0.181651 0.000272204 0.11687 0.109571 0.0336617 0.000174653 0.000577288 0.000246277 0.416179 0.053452 
0.0136781 1.84345e-08 0.000713794 3.90621e-05 0.00100693 1.64123e-05 0.00176333 0.00276513 0.00150113 2.6937e-09 0.000817835 0.000650253 0.977048 4.01861e-07 
0.00342147 2.92041e-06 0.147118 0.000227583 0.0113643 0.00124762 0.000548928 0.00111486 0.00288042 2.98322e-06 0.0162727 0.0164476 0.79934 1.05756e-05 
0.00792661 4.4659e-07 0.000756451 3.69972e-05 0.142007 0.000575842 0.00695816 0.0208485 0.00184615 3.87666e-06 0.0027602 0.0103833 0.803177 0.00271911 
0.045839 0.00215745 0.0275195 9.38195e-05 0.103367 0.00289457 0.0777767 0.311021 0.0165968 4.34508e-06 0.00647295 0.030725 0.370699 0.00483326 
0.0648589 0.000691569 0.141214 5.19081e-06 0.0111292 0.000773646 0.0390599 0.0201788 0.0209008 4.34584e-05 0.0226353 7.88726e-06 0.553352 0.125149 
0.0251455 2.3677e-05 0.019678 0.00157365 0.0137667 0.00085692 0.00559533 0.0123903 0.00111652 3.36387e-06 0.0239777 0.000340363 0.571173 0.324359 
0.0516401 0.0630239 0.195979 0.000345566 0.0872415 0.000416642 0.0204806 0.0553436 0.00198557 0.000104576 0.000422694 3.14444e-07 0.323625 0.199391 
0.00136025 0.00150708 0.0172382 0.00603686 0.0345046 4.9006e-05 0.147346 0.220181 0.0617754 0.0270607 0.000233432 0.000358008 0.460486 0.0218633 
0.0386063 3.07313e-06 0.258122 2.61253e-05 0.00428014 0.0725093 0.027922 0.263312 0.00454975 0.0067337 0.000316345 4.07704e-05 0.299919 0.0236602 
0.0639847 1.04221e-05 0.0516088 0.00574319 0.151669 5.8872e-05 0.180291 0.159203 0.168674 0.00124232 0.0250863 0.00217989 0.182988 0.00725982 
0.0788537 2.69267e-05 0.0584954 0.000208194 0.0230902 0.00596696 0.0737703 0.12099 0.00520018 2.183e-05 0.0254415 0.00399833 0.598912 0.00502489 
0.00331361 0.00393748 0.0239983 9.19998e-05 0.00145186 0.011179 0.00547115 0.00911625 0.000515556 4.41853e-06 0.00276041 4.96115e-12 0.910183 0.0279774 
0.0499133 8.40652e-06 0.0258127 3.16425e-05 0.0562803 0.00496955 0.185166 0.0877993 0.0269742 8.73924e-05 0.0142938 0.00142751 0.546174 0.00106212 
0.025236 6.48217e-06 0.168863 6.02893e-05 0.0935231 1.9395e-05 0.0401823 0.0284244 0.0139749 4.54794e-06 0.000791004 1.02473e-05 0.628837 6.73295e-05 
0.0020105 2.285e-05 0.00664474 0.0111131 0.0826264 3.50372e-05 0.0660446 0.0807492 0.00127368 0.000311784 4.9515e-06 1.13113e-05 0.748975 0.000177022 
0.00321014 0.00471446 0.02453 0.000189381 0.0135436 0.00072791 0.101095 0.172991 0.0393569 0.000132462 0.00499721 0.000168708 0.599424 0.0349201 
0.00933018 0.00641859 0.00856736 0.000560997 0.0186211 0.0011789 0.0156472 0.193971 0.00649095 5.75191e-06 0.00595993 0.000938034 0.731125 0.00118447 
0.0731441 0.000229551 0.0614608 0.000105864 0.0982364 0.0123783 0.090446 0.210781 0.0597554 0.000113168 0.0173415 0.00137625 0.326114 0.0485184 
0.162844 4.93724e-05 0.00869291 3.52371e-05 0.0245606 2.14339e-05 0.0034813 0.0300965 0.00111892 3.09579e-07 0.0153733 0.000370726 0.753144 0.000211348 
0.0174214 1.42606e-06 0.0377049 0.0196448 0.215622 0.0017098 0.130107 0.0266744 0.0152949 4.95783e-06 0.00010974 0.00559374 0.507209 0.0229023 
0.150309 0.00377963 0.0385863 9.31125e-05 0.0372771 0.000918603 0.000926076 0.0617744 0.00448195 2.03282e-08 0.00149765 0.00152008 0.698831 4.78821e-06 
0.0779013 3.17112e-06 0.0341245 8.89803e-08 0.147492 0.00069832 0.00599205 0.202951 0.000983589 0.000628863 0.0783875 0.00100391 0.449315 0.000517745 
0.0238746 0.000724636 0.0125789 0.00145012 0.0491396 0.00197751 0.0409311 0.124594 0.00365903 2.31323e-07 0.00826127 0.002685 0.673977 0.0561469 
0.0419329 7.14832e-09 0.00382912 0.000253348 0.0388739 0.000332945 0.0168757 0.0295917 0.00234393 2.59111e-09 0.0347476 0.00337216 0.82224 0.00560663 
0.0121238 8.67426e-12 0.00138319 4.0064e-06 0.379304 0.00478299 0.0165091 0.00428444 0.00295121 3.14416e-05 0.00190331 3.7758e-05 0.576399 0.00028631 
0.0217838 3.08952e-08 0.00171576 1.02616e-05 6.12322e-06 1.75395e-05 0.00223073 0.0188982 0.0012925 3.46555e-12 0.000477713 1.90411e-05 0.953548 1.39665e-10 
0.0323027 3.41066e-08 0.180673 1.54681e-05 0.0110617 0.00147947 0.10143 0.0598069 0.00715511 0.00262037 0.000333821 1.45425e-07 0.498262 0.104859 
0.0449998 0.000838745 0.00280455 0.000976247 0.000234424 0.000559809 0.00496967 0.154547 0.00933503 1.89947e-06 0.00101488 0.000280915 0.779437 6.97503e-13 
0.0648589 0.000691569 0.141214 5.19081e-06 0.0111292 0.000773646 0.0390599 0.0201788 0.0209008 4.34584e-05 0.0226353 7.88726e-06 0.553352 0.125149 
0.0533189 4.52443e-09 0.0655651 3.0634e-06 0.0163065 0.0041239 0.0161689 0.00692917 0.000794452 8.5346e-07 0.00189734 0.00235909 0.823191 0.00934129 
0.0350783 0.000129355 0.0792095 2.46297e-06 0.124707 0.0222342 0.0209085 0.253996 0.050143 0.000850873 0.0123 5.5335e-05 0.400137 0.000248394 
0.0163957 0.0142524 0.215647 1.90101e-05 0.0148004 0.000424271 0.0186407 0.0320795 0.00926807 7.51017e-05 0.00448293 0.000406705 0.673006 0.000502455 
3.03518e-07 3.92172e-06 4.87831e-07 4.53347e-06 0.000551665 2.98042e-06 4.17028e-07 2.23369e-07 6.88177e-07 4.00607e-06 6.87948e-07 4.65541e-06 0.999424 1.11699e-06 
0.0107864 1.48001e-12 0.00270276 2.69619e-05 0.423413 0.00346719 0.0102652 0.00851286 0.00290752 2.76784e-06 0.000432798 0.00243155 0.521437 0.0136137 
0.00136025 0.00150708 0.0172382 0.00603686 0.0345046 4.9006e-05 0.147346 0.220181 0.0617754 0.0270607 0.000233432 0.000358008 0.460486 0.0218633 
0.0161344 7.71561e-05 0.101022 9.28932e-06 0.112919 0.0025452 0.156794 0.0812388 0.0296292 0.0299398 0.000731627 0.0197648 0.316248 0.132946 
0.0107864 1.48001e-12 0.00270276 2.69619e-05 0.423413 0.00346719 0.0102652 0.00851286 0.00290752 2.76784e-06 0.000432798 0.00243155 0.521437 0.0136137 
0.0469541 2.36127e-09 0.0305399 1.89626e-05 0.132654 0.00199731 0.0192795 0.0633187 0.00483741 2.15988e-05 0.0121773 0.0022222 0.675603 0.0103758 
0.00114948 2.8865e-08 0.0635366 2.67463e-05 0.00362402 0.0155709 0.00628531 0.0257633 0.00304092 3.05947e-05 0.000317565 1.47574e-06 0.605026 0.275627 
0.0240719 5.83193e-05 0.146706 0.000608039 0.00165676 0.181761 0.0393209 0.277045 0.0112791 6.83347e-05 0.000326458 0.000517931 0.302474 0.0141063 
0.012013 1.46513e-08 0.00134451 4.58346e-09 0.0054516 0.000165189 0.00321615 0.00152396 0.00376271 1.40873e-05 0.0085033 3.16189e-05 0.962793 0.0011809 
0.012013 1.46513e-08 0.00134451 4.58346e-09 0.0054516 0.000165189 0.00321615 0.00152396 0.00376271 1.40873e-05 0.0085033 3.16189e-05 0.962793 0.0011809 
0.0015264 7.99787e-08 0.0129268 5.08994e-11 0.0614388 0.000460939 0.132757 0.0631684 0.00731055 9.09777e-07 1.09315e-05 2.79319e-08 0.713783 0.00661591 
0.175109 2.09083e-08 0.129416 0.0019793 0.0475735 9.01917e-06 0.177778 0.145737 0.0519001 2.3699e-07 0.00465427 0.0039742 0.258203 0.00366594 
0.097419 0.000321045 0.0623116 0.0010211 0.0638342 0.00177884 0.0458643 0.0966229 0.00697979 0.000474486 0.0234438 0.00135712 0.425884 0.172688 
0.00596218 0.00258867 0.160097 0.00076943 0.0216667 1.05921e-06 0.221077 0.185667 0.00956494 1.64867e-05 0.00276467 3.16821e-05 0.356927 0.0328657 
0.0708969 0.000300175 0.0775709 0.176983 0.0424932 0.0246522 0.157992 0.0578583 0.057441 0.0017363 0.000485978 2.41854e-07 0.331263 0.000326272 
0.114047 2.28136e-11 0.00616493 1.65904e-05 0.176263 0.00167708 0.0146717 0.050452 0.00475588 2.22834e-05 0.0513952 0.0182535 0.550855 0.0114255 
0.284567 3.22787e-07 0.0750718 0.00334892 0.0239704 0.0477691 0.0122947 0.128959 0.0144024 4.19095e-05 0.0523717 0.000126316 0.357039 3.76206e-05 
0.00104095 2.50169e-06 0.00669347 6.37705e-07 0.0350588 0.000159543 0.0322009 0.0212022 0.0322827 3.12166e-07 5.76735e-05 2.89739e-07 0.8713 1.51024e-07 
0.012013 1.46513e-08 0.00134451 4.58346e-09 0.0054516 0.000165189 0.00321615 0.00152396 0.00376271 1.40873e-05 0.0085033 3.16189e-05 0.962793 0.0011809 
0.0213115 3.50368e-06 0.138605 0.000238109 0.0548212 0.0325211 0.0328452 0.0646269 0.0882006 1.45514e-05 0.00478876 9.78344e-05 0.561745 0.000180597 
0.0102931 0.00328594 0.226899 0.00122818 0.0152796 0.280586 0.0136639 0.0992877 0.012874 2.54703e-05 0.0106064 0.0040515 0.321775 0.000143464 
1.78242e-05 3.24042e-08 0.00834678 5.27135e-10 0.159932 3.04164e-07 0.109013 0.0542573 0.041239 4.65811e-10 7.99921e-11 9.02203e-07 0.627193 2.0032e-07 
0.0240461 0.0140556 0.0843496 6.35114e-05 0.134483 0.00972349 0.105918 0.183429 0.12002 8.33594e-06 0.00525492 0.0122569 0.303967 0.00242478 
0.0103713 0.00113209 0.099398 0.000989951 0.0217505 0.000856923 0.0117141 0.0643503 0.00200527 1.83743e-06 0.000680731 7.63035e-06 0.786406 0.000335572 
0.0257988 1.44695e-05 0.236365 0.00249597 0.0798972 0.0475569 0.0752926 0.237576 0.0123002 0.00533105 0.0151254 3.31699e-06 0.261951 0.000292678 
0.0121238 8.67426e-12 0.00138319 4.0064e-06 0.379304 0.00478299 0.0165091 0.00428444 0.00295121 3.14416e-05 0.00190331 3.7758e-05 0.576399 0.00028631 
0.216361 5.92217e-08 0.0145875 0.00873213 0.0740139 0.000167653 0.0365068 0.0163323 0.000454932 1.50831e-05 4.93856e-05 1.37829e-06 0.462782 0.169996 
0.0108579 0.000131791 0.0614814 5.24856e-05 0.0354038 0.0189716 0.0372262 0.0682447 0.013484 0.000683096 0.00457155 0.00025794 0.748585 4.8791e-05 
0.0480529 8.29706e-05 0.207836 0.00319395 0.0553496 0.00663407 0.0408594 0.104491 0.0296616 0.000883632 0.0033914 9.90862e-05 0.480933 0.0185316 
0.0251455 2.3677e-05 0.019678 0.00157365 0.0137667 0.00085692 0.00559533 0.0123903 0.00111652 3.36387e-06 0.0239777 0.000340363 0.571173 0.324359 
0.0399101 5.12461e-06 0.0372775 0.00499522 0.0357385 0.000133746 0.152757 0.0535165 0.221057 7.31128e-06 0.0344041 0.000907654 0.41616 0.00313092 
0.012013 1.46513e-08 0.00134451 4.58346e-09 0.0054516 0.000165189 0.00321615 0.00152396 0.00376271 1.40873e-05 0.0085033 3.16189e-05 0.962793 0.0011809 
0.074154 0.00552621 0.0633637 0.0191196 0.0217934 0.000366485 0.041184 0.252683 0.0230264 0.161836 0.00541076 0.000272452 0.314098 0.0171652 
0.00805703 3.48568e-11 0.00719677 0.00138176 0.300396 0.000370718 0.0848056 0.0539141 0.0663592 0.000119075 0.00242829 0.00343071 0.455538 0.0160034 
0.0251455 2.3677e-05 0.019678 0.00157365 0.0137667 0.00085692 0.00559533 0.0123903 0.00111652 3.36387e-06 0.0239777 0.000340363 0.571173 0.324359 
0.0282583 0.0141142 0.0330291 0.000919207 0.0841336 0.0026433 0.0419644 0.23673 0.0163177 0.00118952 0.0459663 0.0010736 0.460734 0.032927 
0.150309 0.00377963 0.0385863 9.31125e-05 0.0372771 0.000918603 0.000926076 0.0617744 0.00448195 2.03282e-08 0.00149765 0.00152008 0.698831 4.78821e-06 
0.00331361 0.00393748 0.0239983 9.19998e-05 0.00145186 0.011179 0.00547115 0.00911625 0.000515556 4.41853e-06 0.00276041 4.96115e-12 0.910183 0.0279774 
0.00984501 5.56587e-07 0.00464884 3.32939e-05 0.376505 0.00360688 0.0352003 0.0283529 0.0101572 5.9226e-06 0.00514751 0.00262437 0.488129 0.0357434 
0.150309 0.00377963 0.0385863 9.31125e-05 0.0372771 0.000918603 0.000926076 0.0617744 0.00448195 2.03282e-08 0.00149765 0.00152008 0.698831 4.78821e-06 
4.62152e-06 2.47704e-11 0.00105911 1.63244e-07 0.137024 2.21949e-06 2.35825e-06 8.93628e-07 7.87185e-07 1.2148e-07 8.88165e-07 3.88168e-07 0.856743 0.00516094 
0.00190191 0.000448048 0.212867 0.00154118 0.0123323 0.000140765 0.153893 0.256665 0.00799302 0.00049914 0.000252724 0.000514048 0.314248 0.0367033 
0.0081705 3.27207e-06 0.00825525 0.000616262 0.383474 0.00315858 0.0298845 0.0462519 0.0309777 2.65661e-05 0.00382813 0.002985 0.455268 0.0271 
0.0213115 3.50368e-06 0.138605 0.000238109 0.0548212 0.0325211 0.0328452 0.0646269 0.0882006 1.45514e-05 0.00478876 9.78344e-05 0.561745 0.000180597 
0.0148222 0.000389009 0.260911 8.80786e-08 8.60463e-06 0.00169333 0.220893 0.0530342 5.39919e-07 5.96259e-05 1.33658e-08 0.150132 0.297407 0.000649156 
0.0525094 1.85199e-09 0.0932578 3.94415e-05 0.192369 0.0011354 0.0373696 0.058964 0.0138077 0.000335345 0.0039801 0.00261885 0.537036 0.00657765 
0.0969155 1.39006e-08 0.0783074 0.000206602 0.0330612 0.00146883 0.00695676 0.0482988 0.00627682 1.52853e-06 0.0407767 0.000403477 0.678023 0.00930344 
0.0679942 0.000281275 0.0590536 9.49078e-05 0.0114929 0.000709397 0.0648552 0.0401572 0.0120158 3.4986e-05 4.90619e-05 0.000507563 0.738831 0.00392264 
0.0309559 7.24551e-05 0.233795 0.00463051 0.0068345 0.00633175 0.0923411 0.175978 0.0032073 1.8e-06 0.0415246 0.00549904 0.397848 0.000979596 
0.0419329 7.14832e-09 0.00382912 0.000253348 0.0388739 0.000332945 0.0168757 0.0295917 0.00234393 2.59111e-09 0.0347476 0.00337216 0.82224 0.00560663 
0.0927847 0.00106199 0.0734327 1.04558e-05 0.0202683 0.00187032 0.121548 0.190981 0.0218772 1.64949e-05 0.00154425 0.0211591 0.446215 0.00722946 
0.0969155 1.39006e-08 0.0783074 0.000206602 0.0330612 0.00146883 0.00695676 0.0482988 0.00627682 1.52853e-06 0.0407767 0.000403477 0.678023 0.00930344 
0.0795906 0.000932232 0.166642 0.00100517 0.0104875 0.000373181 0.194023 0.0862375 0.0174161 0.00460835 0.042239 0.000167255 0.378611 0.0176662 
0.00255007 3.65345e-09 0.0279559 0.000116586 0.0215599 0.000636493 0.0336312 0.155328 0.118819 1.02672e-05 0.00133155 0.014844 0.619971 0.00324647 
0.0327759 1.34597e-05 0.012007 0.0010112 0.0263034 0.000688874 0.0102125 0.022299 0.00175528 1.57811e-06 0.0363778 0.00179438 0.686604 0.168156 
0.0969155 1.39006e-08 0.0783074 0.000206602 0.0330612 0.00146883 0.00695676 0.0482988 0.00627682 1.52853e-06 0.0407767 0.000403477 0.678023 0.00930344 
0.0104574 0.000262167 0.11608 5.11375e-06 0.0324643 0.00222815 0.0313272 0.0888156 0.00108961 0.000895138 0.00309618 0.00513432 0.698972 0.00917313 
0.00135579 0.000178292 0.0392256 1.18107e-08 0.00148311 4.8996e-05 0.0591088 0.0645191 0.0367407 0.100221 0.0145717 4.65001e-05 0.680542 0.00195792 
0.0130149 4.03522e-08 0.166498 1.44991e-06 0.0609093 0.010983 0.115868 0.0329242 0.00481406 6.49103e-07 0.000907663 0.00342139 0.573344 0.017313 
0.161023 0.000281594 0.0760666 0.000513736 0.0516952 0.00518136 0.0414458 0.186393 0.0294344 1.45307e-05 0.0530126 0.00091034 0.393803 0.000223913 
0.0108579 0.000131791 0.0614814 5.24856e-05 0.0354038 0.0189716 0.0372262 0.0682447 0.013484 0.000683096 0.00457155 0.00025794 0.748585 4.8791e-05 
0.02247 4.15614e-07 0.0154189 2.58715e-05 0.277988 0.00123486 0.094633 0.159845 0.0290349 2.35451e-05 0.0040329 0.000185767 0.308123 0.0869843 
0.231174 0.0080207 0.105237 0.00675986 0.01489 1.22556e-05 0.0535289 0.120068 0.161629 2.73963e-05 0.0111095 0.001863 0.24835 0.0373304 
0.0348754 6.02267e-05 0.0692386 0.000470824 0.0247226 0.000269523 0.0422959 0.127368 0.013076 8.75494e-05 0.00206047 0.029604 0.628763 0.0271081 
0.0153879 1.55353e-06 0.0235421 0.000367639 0.00545692 0.000642078 0.381052 0.166401 0.0158917 1.52157e-05 0.00114237 0.00157823 0.383663 0.00485854 
0.012013 1.46513e-08 0.00134451 4.58346e-09 0.0054516 0.000165189 0.00321615 0.00152396 0.00376271 1.40873e-05 0.0085033 3.16189e-05 0.962793 0.0011809 
0.150309 0.00377963 0.0385863 9.31125e-05 0.0372771 0.000918603 0.000926076 0.0617744 0.00448195 2.03282e-08 0.00149765 0.00152008 0.698831 4.78821e-06 
5.72799e-09 6.09256e-08 0.00374443 1.38153e-11 0.00229931 2.84022e-08 0.289629 0.334904 0.0160042 0.000253099 0.000127534 8.12417e-08 0.345751 0.00728731 
0.0421187 0.0291516 0.0643805 0.0219208 8.0377e-07 0.00281216 0.165736 0.0388242 0.0368907 0.000241714 0.0149497 8.02909e-07 0.566337 0.0166357 
0.029692 0.00112973 0.221046 2.70861e-05 0.0182129 0.00836859 0.129654 0.145609 0.0197762 1.78644e-06 0.020034 0.000213333 0.399006 0.00722948 
0.13644 0.00379951 0.0138067 0.000198696 0.207245 0.00384448 0.0467074 0.106817 0.015813 2.81281e-05 0.000761417 1.04028e-06 0.457261 0.00727654 
0.0861957 2.77455e-05 0.197729 0.00515411 0.0529193 0.00189239 0.124317 0.203787 0.0191402 0.0249663 0.0229169 0.0128936 0.237231 0.0108294 
0.146862 0.000976073 0.0300863 8.24404e-05 0.141392 0.0170132 0.0582555 0.0578915 0.0124784 3.27703e-05 0.0216525 0.00107996 0.480036 0.0321614 
0.000801134 0.000331069 0.0161955 3.08276e-05 0.00167874 2.46281e-05 0.0181276 0.415563 0.00942594 9.47534e-07 0.000240613 0.0248266 0.512705 4.80483e-05 
0.0120875 0.00761694 0.0811176 0.000841009 0.00162939 1.19351e-06 0.0214343 0.0151772 8.79884e-06 4.82899e-05 0.000261813 7.98193e-05 0.859685 1.07425e-05 
0.0162199 6.28253e-05 0.000728851 5.07396e-05 0.00303758 2.19813e-05 0.00215224 0.00444863 0.0019845 2.85464e-07 0.00091802 0.00286853 0.944883 0.0226234 
0.0449998 0.000838745 0.00280455 0.000976247 0.000234424 0.000559809 0.00496967 0.154547 0.00933503 1.89947e-06 0.00101488 0.000280915 0.779437 6.97503e-13 
0.0641298 0.000165174 0.210444 2.28859e-06 0.0129008 0.00020423 0.00837273 0.0983592 0.00304116 1.69341e-05 0.0359859 0.00850719 0.394653 0.163217 
0.0164837 1.31431e-07 0.0879851 0.000966794 0.073298 0.0275569 0.0258394 0.0643263 0.0614192 3.98013e-05 0.00217627 5.39199e-05 0.584215 0.0556395 
0.0419329 7.14832e-09 0.00382912 0.000253348 0.0388739 0.000332945 0.0168757 0.0295917 0.00234393 2.59111e-09 0.0347476 0.00337216 0.82224 0.00560663 
0.0113088 0.00280021 0.0673833 0.00999328 0.0562567 0.000229562 0.206318 0.0422615 0.0121874 0.00014491 0.000783193 0.000268584 0.580352 0.00971303 
0.0665484 5.42786e-07 0.060216 4.45765e-06 0.136744 4.95153e-05 0.0820645 0.128154 0.0393052 0.000229259 0.000423263 0.00388813 0.438135 0.0442376 
0.0236736 0.000626711 0.1073 6.85261e-09 0.0630728 0.1028 0.0960646 0.0723551 0.00286204 0.000210449 0.00387908 5.4195e-05 0.361206 0.165894 
0.0130149 4.03522e-08 0.166498 1.44991e-06 0.0609093 0.010983 0.115868 0.0329242 0.00481406 6.49103e-07 0.000907663 0.00342139 0.573344 0.017313 
0.0145287 1.6202e-06 0.0949542 0.00219515 0.253932 0.0256044 0.0210211 0.107982 0.0795404 3.52515e-05 0.00918556 5.5324e-05 0.390747 0.000216839 
0.00933018 0.00641859 0.00856736 0.000560997 0.0186211 0.0011789 0.0156472 0.193971 0.00649095 5.75191e-06 0.00595993 0.000938034 0.731125 0.00118447 
0.00596218 0.00258867 0.160097 0.00076943 0.0216667 1.05921e-06 0.221077 0.185667 0.00956494 1.64867e-05 0.00276467 3.16821e-05 0.356927 0.0328657 
0.012013 1.46513e-08 0.00134451 4.58346e-09 0.0054516 0.000165189 0.00321615 0.00152396 0.00376271 1.40873e-05 0.0085033 3.16189e-05 0.962793 0.0011809 
0.216361 5.92217e-08 0.0145875 0.00873213 0.0740139 0.000167653 0.0365068 0.0163323 0.000454932 1.50831e-05 4.93856e-05 1.37829e-06 0.462782 0.169996 
0.150309 0.00377963 0.0385863 9.31125e-05 0.0372771 0.000918603 0.000926076 0.0617744 0.00448195 2.03282e-08 0.00149765 0.00152008 0.698831 4.78821e-06 
0.102697 9.05303e-05 0.0808373 8.84938e-05 0.0529557 0.0001443 0.109782 0.0232621 0.0109373 0.00358808 0.000577737 0.00389874 0.523028 0.088112 
0.130969 6.80062e-08 0.0465966 0.000545056 0.0495624 3.02584e-05 0.0207691 0.0714983 0.00942652 7.80553e-06 0.0040489 0.0144283 0.627546 0.0245718 
0.012013 1.46513e-08 0.00134451 4.58346e-09 0.0054516 0.000165189 0.00321615 0.00152396 0.00376271 1.40873e-05 0.0085033 3.16189e-05 0.962793 0.0011809 
0.00973542 0.000167188 0.0884838 3.96894e-05 0.216976 0.0111903 0.0916761 0.125428 0.0113776 9.0338e-05 0.000522538 2.72499e-06 0.443648 0.000662869 
0.091424 5.97809e-06 0.0630537 1.38171e-05 0.147018 0.000666154 0.15114 0.0794169 0.0212578 3.15704e-06 0.00899193 4.70312e-05 0.434907 0.00205461 
0.0319923 0.000205691 0.0778437 0.00801142 0.119354 0.000209145 0.188209 0.178728 0.0298556 0.000582052 0.00983314 0.00878164 0.296286 0.0501079 
0.00488398 2.55879e-06 0.201792 3.01078e-08 0.036595 6.90128e-05 0.00794346 0.104734 0.138005 9.14587e-06 0.000426723 0.000208076 0.504367 0.000963034 
0.0618847 9.00272e-05 0.13881 9.72067e-07 0.0138238 5.90356e-05 0.0250724 0.113538 0.0010488 3.05609e-10 0.00258296 3.29457e-07 0.639483 0.00360659 
0.012013 1.46513e-08 0.00134451 4.58346e-09 0.0054516 0.000165189 0.00321615 0.00152396 0.00376271 1.40873e-05 0.0085033 3.16189e-05 0.962793 0.0011809 
0.012013 1.46513e-08 0.00134451 4.58346e-09 0.0054516 0.000165189 0.00321615 0.00152396 0.00376271 1.40873e-05 0.0085033 3.16189e-05 0.962793 0.0011809 
0.0426423 0.000163905 0.0338978 1.04368e-07 0.0148535 4.60153e-05 0.0209646 0.0204722 0.0013932 0.115782 1.50591e-05 0.0271583 0.722443 0.000167498 
0.0311761 3.72952e-05 0.155539 0.00546034 0.0193719 0.00170673 0.0100404 0.0483265 0.00872791 3.14986e-05 0.0285463 0.000215031 0.487452 0.203369 
0.00839581 0.000154357 0.0052791 5.61914e-06 0.116385 1.06025e-05 0.179155 0.025218 0.0804977 2.83021e-07 0.00211738 0.0239515 0.552018 0.00681154 
0.18547 0.000173135 0.0928556 0.00480931 0.0349311 0.001158 0.0543336 0.0416843 0.00404236 0.00022729 0.00392239 0.00835617 0.567462 0.000574112 
0.0565591 1.71936e-07 0.0212247 1.81972e-07 0.157478 0.000256881 0.02576 0.0136551 0.0499516 5.95684e-06 0.0029192 0.0159939 0.641596 0.0145988 
0.0419329 7.14832e-09 0.00382912 0.000253348 0.0388739 0.000332945 0.0168757 0.0295917 0.00234393 2.59111e-09 0.0347476 0.00337216 0.82224 0.00560663 
0.0839093 4.91974e-07 0.206553 0.00095524 0.0660963 0.00049971 0.0510847 0.0467515 0.0094754 0.00124916 0.000129751 2.04827e-05 0.424284 0.10899 
0.0251365 4.03945e-06 0.0196063 0.000255861 0.296582 0.00325199 0.0263119 0.221079 0.00667961 0.000105921 0.00926375 0.00837423 0.376159 0.00719001 
0.290654 2.92781e-09 0.113572 0.000111523 0.0691418 4.35217e-05 0.000714739 0.0191259 0.0537981 4.65881e-05 0.0678245 0.000992085 0.383974 6.08286e-07 
0.216361 5.92217e-08 0.0145875 0.00873213 0.0740139 0.000167653 0.0365068 0.0163323 0.000454932 1.50831e-05 4.93856e-05 1.37829e-06 0.462782 0.169996 
0.0324408 0.000692063 0.361542 0.00824713 0.00794656 0.000592116 0.0366467 0.0485686 0.0261413 0.0337806 0.00143503 1.65248e-06 0.441441 0.000523697 
0.0451686 9.26054e-05 0.0457509 0.0006097 0.047656 0.00417091 0.16358 0.239779 0.0137155 0.000907588 0.0165464 0.00153674 0.290178 0.130308 
0.0774309 8.44902e-07 0.186739 2.24286e-10 0.00865185 3.04637e-05 0.009152 0.0744348 0.000173796 0.000201676 0.00104343 1.05892e-09 0.469605 0.172536 
0.00114948 2.8865e-08 0.0635366 2.67463e-05 0.00362402 0.0155709 0.00628531 0.0257633 0.00304092 3.05947e-05 0.000317565 1.47574e-06 0.605026 0.275627 
0.0343228 0.000270581 0.254867 0.00535684 0.021552 0.000721665 0.0390655 0.162894 0.00892164 0.000651 0.00774553 0.00021162 0.38971 0.0737101 
0.112784 0.00682931 0.0687598 0.00664411 0.124718 0.0261589 0.0933844 0.0724096 0.109376 0.000532576 0.00282555 0.000730227 0.324407 0.0504397 
0.0277806 4.65854e-12 0.161984 0.00506987 0.0935516 0.00206186 0.0468493 0.161425 0.00180617 0.000129977 0.00320718 0.000281799 0.495166 0.000686511 
0.0194326 8.09182e-05 0.00441979 5.35705e-05 0.000885896 1.88227e-05 0.00474555 0.012034 0.000907631 2.61056e-12 0.00112508 0.000393956 0.955902 4.60991e-09 
0.0124667 0.000239308 0.0560193 0.000259415 0.00837596 0.00457965 0.0509989 0.180514 0.00178661 0.000114462 0.00446625 0.000264312 0.679828 8.6965e-05 
0.0111448 0.000270991 0.157558 0.0279289 0.123494 0.00849943 0.0439114 0.0774011 0.111927 0.00777738 0.00629796 0.000765068 0.291803 0.131221 
0.0872818 0.000644685 0.0547639 0.00163406 0.0944591 0.00162799 0.145476 0.133 0.0915301 0.000209985 0.0145322 0.000347288 0.294783 0.0797102 
0.0348754 6.02267e-05 0.0692386 0.000470824 0.0247226 0.000269523 0.0422959 0.127368 0.013076 8.75494e-05 0.00206047 0.029604 0.628763 0.0271081 
0.0969155 1.39006e-08 0.0783074 0.000206602 0.0330612 0.00146883 0.00695676 0.0482988 0.00627682 1.52853e-06 0.0407767 0.000403477 0.678023 0.00930344 
0.00839581 0.000154357 0.0052791 5.61914e-06 0.116385 1.06025e-05 0.179155 0.025218 0.0804977 2.83021e-07 0.00211738 0.0239515 0.552018 0.00681154 
0.0703037 4.056e-12 0.045622 1.6544e-05 0.19878 0.00292558 0.0287733 0.0947275 0.00717967 2.27463e-05 0.0180531 0.00321576 0.514979 0.0154009 
0.0269638 0.00161453 0.203529 0.00663065 0.0489368 5.29504e-05 0.0999827 0.113247 0.0460597 0.129524 0.00101743 0.000194383 0.315241 0.00700574 
0.0331526 6.73068e-05 0.0320816 0.000198526 0.0282439 0.164357 0.0317769 0.0164756 0.0111988 4.7034e-05 0.0359297 0.000244513 0.64053 0.00569622 
0.00313763 0.0310553 0.0192741 4.00563e-05 0.0434446 3.41096e-08 0.0650137 0.0463775 0.0621153 0.000502009 5.06784e-05 3.44603e-06 0.728852 0.000133237 
0.0839088 0.0535307 0.366935 1.92054e-10 0.0136811 0.0194481 0.0526873 8.52951e-07 0.00674443 1.69712e-10 0.000983876 0.000219949 0.401185 0.00067468 
0.0379343 0.00496141 0.0712856 0.00100158 0.0966699 0.00846983 0.186821 0.24607 0.0407172 1.44007e-05 0.0215648 0.000689625 0.267759 0.0160418 
0.0222151 0.000829049 0.127472 5.91334e-05 0.00399725 0.00281408 0.0455166 0.243725 0.00689125 0.0487007 0.0596199 0.000102135 0.437804 0.000253665 
0.00316176 7.55511e-05 0.0780409 0.000242571 0.00391554 0.00123343 0.0540493 0.107778 0.0244785 0.116711 0.0084306 2.99805e-05 0.569508 0.0323449 
0.012013 1.46513e-08 0.00134451 4.58346e-09 0.0054516 0.000165189 0.00321615 0.00152396 0.00376271 1.40873e-05 0.0085033 3.16189e-05 0.962793 0.0011809 
0.012013 1.46513e-08 0.00134451 4.58346e-09 0.0054516 0.000165189 0.00321615 0.00152396 0.00376271 1.40873e-05 0.0085033 3.16189e-05 0.962793 0.0011809 
0.00449332 0.00254771 0.040044 0.000212767 0.00163858 0.0227954 0.0488641 0.174676 0.00230106 1.63724e-05 0.0107937 4.51186e-06 0.671402 0.0202107 
0.0156752 4.93667e-05 0.000725624 4.82372e-05 0.00260244 2.07879e-05 0.0020689 0.00408788 0.00188092 2.2487e-07 0.000896552 0.00239319 0.951775 0.0177756 
0.027621 3.1945e-05 0.246638 0.00772117 0.00313421 0.0214635 0.0131909 0.0239099 0.113252 3.49859e-06 0.011562 0.00431501 0.527107 4.93748e-05 
0.0914404 0.00110449 0.112401 5.88802e-06 0.025703 0.000419949 0.0340969 0.0723813 0.00175355 1.93103e-06 0.0125419 2.5832e-06 0.529184 0.118964 
0.217147 4.81714e-08 0.0167086 1.14612e-06 0.0738422 0.000116412 0.0191933 0.0236561 0.000348297 5.31674e-07 0.0320535 0.00154131 0.595034 0.0203572 
0.219334 0.000109262 0.0936734 0.00132139 0.0334706 0.218689 0.100798 0.02901 0.00196331 3.67827e-06 0.0138239 0.042097 0.222351 0.0233556 
0.0544646 0.00242587 0.0951139 2.56161e-07 0.0243898 8.62776e-05 0.0790985 0.0360989 0.0387261 7.95395e-05 0.00317771 1.13545e-05 0.436766 0.229561 
0.00304822 2.94674e-08 0.0136697 1.68097e-05 0.0134971 1.60172e-06 0.0687775 0.0617649 0.0279918 9.53829e-06 0.000151655 0.000322263 0.741678 0.0690707 
0.0121238 8.67426e-12 0.00138319 4.0064e-06 0.379304 0.00478299 0.0165091 0.00428444 0.00295121 3.14416e-05 0.00190331 3.7758e-05 0.576399 0.00028631 
0.0116547 2.0666e-05 0.175986 0.000143902 0.094874 0.00101428 0.194067 0.109302 0.13123 1.0864e-05 0.000287695 4.85684e-05 0.279873 0.00148743 
0.049357 0.00158147 0.0657945 0.000267255 0.00212815 0.000128972 0.0259935 0.0917899 0.00767185 2.07734e-06 0.017266 0.000477387 0.737485 5.70441e-05 
0.0216148 0.000435939 0.0802998 0.00251113 0.0135311 0.00161835 0.106077 0.182577 0.0668622 0.000751595 0.00247647 0.0245887 0.496427 0.000229437 
0.0134985 7.82356e-07 0.00315231 3.08348e-05 0.431798 0.00739022 0.0148342 0.0429673 0.0117393 0.000107781 0.00527859 0.00353731 0.454802 0.0108634 
0.0124657 3.16633e-11 0.0072844 4.66324e-08 0.222382 0.00140023 0.0186795 0.000462001 0.00124854 6.98002e-06 0.000644089 0.00379497 0.723172 0.00845985 
0.00928591 3.64569e-07 0.0168403 1.91781e-05 0.0110574 0.000128313 0.216783 0.0495866 0.0103997 6.19784e-05 0.0155902 0.00409273 0.662996 0.00315816 
0.0251455 2.3677e-05 0.019678 0.00157365 0.0137667 0.00085692 0.00559533 0.0123903 0.00111652 3.36387e-06 0.0239777 0.000340363 0.571173 0.324359 
0.0130155 0.000559926 0.0279471 0.000223098 0.0281467 0.00407751 0.0488883 0.36285 0.0158045 0.000574091 0.0125994 0.00357327 0.479373 0.00236811 
0.0213115 3.50368e-06 0.138605 0.000238109 0.0548212 0.0325211 0.0328452 0.0646269 0.0882006 1.45514e-05 0.00478876 9.78344e-05 0.561745 0.000180597 
0.0261402 7.52122e-05 0.166768 0.0174525 0.0735053 0.00491969 0.0138682 0.0270848 0.00401339 2.23014e-05 0.00741949 0.000203482 0.618702 0.0398259 
0.012013 1.46513e-08 0.00134451 4.58346e-09 0.0054516 0.000165189 0.00321615 0.00152396 0.00376271 1.40873e-05 0.0085033 3.16189e-05 0.962793 0.0011809 
0.158486 0.011232 0.0114674 0.0499835 0.0669813 7.74117e-06 0.178098 0.102489 0.0109069 2.11993e-06 0.00131187 1.788e-06 0.405597 0.00343493 
0.0195189 0.00194512 0.161894 1.26928e-06 0.094087 8.67029e-06 0.0249495 0.0911056 0.0418702 3.88463e-05 0.00501424 1.70969e-06 0.557764 0.00180067 
0.00494874 1.1576e-12 0.00845953 1.49989e-05 0.144366 0.00198751 0.0092777 0.0213954 0.00256378 9.40048e-07 5.72246e-05 0.0026757 0.782317 0.021935 
0.0199847 0.000306754 0.0165389 1.26879e-06 0.0270371 0.000343357 0.338363 0.0503773 0.014934 0.000235028 0.000141928 0.000329025 0.51397 0.0174381 
0.0130149 4.03522e-08 0.166498 1.44991e-06 0.0609093 0.010983 0.115868 0.0329242 0.00481406 6.49103e-07 0.000907663 0.00342139 0.573344 0.017313 
0.0251455 2.3677e-05 0.019678 0.00157365 0.0137667 0.00085692 0.00559533 0.0123903 0.00111652 3.36387e-06 0.0239777 0.000340363 0.571173 0.324359 
0.162728 5.96408e-06 0.0878709 1.91333e-05 0.0134664 0.000204211 0.0082058 0.215826 0.00296868 3.43316e-08 0.00362241 7.18198e-05 0.505008 3.0402e-06 
0.0143272 0.00789789 0.0422146 1.57795e-05 2.08554e-06 0.000702891 0.015092 0.103615 0.0155582 4.57338e-06 0.175726 8.6636e-05 0.62418 0.000577351 
0.0106998 0.00111027 0.118954 7.63313e-06 0.0225705 0.000399651 0.0453213 0.140467 0.0117992 0.000391655 0.0135178 0.105819 0.511227 0.0177139 
0.00331361 0.00393748 0.0239983 9.19998e-05 0.00145186 0.011179 0.00547115 0.00911625 0.000515556 4.41853e-06 0.00276041 4.96115e-12 0.910183 0.0279774 
0.0309253 0.00570137 0.0916253 0.000118482 0.0299715 0.00456842 0.174971 0.299926 0.0222691 2.835e-05 0.0015623 0.000215181 0.334972 0.00314534 
0.0232437 0.000973796 0.0390462 0.00119257 0.0140772 0.00484738 0.00927482 0.0274233 0.00551421 9.65365e-06 0.0223356 0.000143867 0.66054 0.191378 
