0.0206057 0.0143148 0.570339 0.0216053 0.0526466 0.00116824 0.0625847 0.0921645 0.017435 0.10875 0.00416068 0.000258867 0.0306766 0.00328982 
1.59668e-05 1.29792e-10 0.99946 1.1268e-05 2.33052e-05 3.62205e-05 2.13584e-05 0.000133296 5.18376e-06 0.000231094 2.21374e-05 1.69635e-07 3.33242e-05 6.90931e-06 
0.0716972 0.00235712 0.449177 0.16106 0.0121079 2.71916e-05 0.00539949 0.0397048 0.148834 0.0740923 0.00245693 2.50246e-05 0.032364 0.000696373 
0.239726 2.10332e-06 0.49901 0.000524189 0.0512199 0.0149214 0.00380752 0.0758611 0.0039033 0.0021322 0.0803082 9.1635e-06 0.028351 0.000223476 
0.345704 3.99171e-07 0.468298 0.000518793 0.0192473 0.00367692 0.0220326 0.0688052 0.0145841 0.00206469 0.0295885 3.89363e-05 0.0249869 0.000453345 
0.0736975 0.0196444 0.441864 0.000849756 0.0509893 0.00542737 0.0997106 0.152518 0.0649657 0.0010757 0.00751424 0.0366459 0.043032 0.00206583 
0.010944 0.00109291 0.683501 0.0017247 0.00973501 8.55159e-05 0.0187585 0.126918 0.0285084 0.062308 0.0199548 0.000380625 0.0349076 0.00118091 
0.185812 9.18053e-05 0.336316 0.000120873 0.16347 0.00184675 0.0877057 0.182955 0.00713869 0.00148663 0.00312498 0.0142132 0.0156101 0.00010743 
0.10571 0.000832479 0.547455 1.88599e-05 0.257561 7.558e-05 0.0257059 0.0146529 0.0138418 4.89343e-07 0.000416467 3.14702e-06 0.0309475 0.00277846 
0.037277 0.000342366 0.293716 0.00851581 0.0903531 0.0193105 0.122923 0.131044 0.239838 0.000117279 0.00623838 0.0114745 0.0323754 0.00647422 
0.0186762 1.30269e-10 0.947099 5.53541e-07 9.50191e-08 0.00622867 0.0205571 8.41601e-06 1.90047e-07 1.3307e-10 0.00743004 1.5464e-10 1.64866e-07 2.83913e-09 
0.000284859 1.23725e-08 0.928903 0.00246128 3.46333e-06 1.14023e-05 1.31567e-09 0.00296653 1.12761e-05 0.00241168 2.17039e-09 1.46872e-08 0.062305 0.000641629 
0.0296904 6.21939e-08 0.696404 3.30506e-07 0.039225 0.00199723 0.00943781 0.18612 0.0110375 0.000248473 0.00351042 1.66735e-05 0.0217681 0.000544621 
0.12483 3.24586e-10 0.493802 1.96534e-07 0.283425 0.000593927 0.00754555 0.0852289 0.000504793 0.000630153 0.00192248 0.000377906 0.00113505 4.59471e-06 
0.00439028 2.05533e-10 0.65465 4.43686e-05 0.0106666 8.6068e-05 0.0219955 0.0430622 0.0640812 0.186695 0.00040028 3.02781e-08 0.0131982 0.000729877 
0.0524647 0.000717691 0.699591 4.56564e-05 0.0151695 0.0128808 0.0720884 0.101321 0.00455562 5.43841e-06 0.00528839 8.12977e-06 0.035783 8.05195e-05 
0.00600869 2.55864e-08 0.843933 2.95776e-08 0.00402609 0.068358 0.00333708 0.0729475 0.000244298 0.000541624 0.000129606 3.03732e-08 0.000368085 0.000105978 
0.0490746 0.000938337 0.529987 0.00572317 0.012106 0.000871708 0.0977061 0.12351 0.0123063 0.000953443 0.0023484 0.000306664 0.160396 0.00377303 
0.0723674 1.23815e-06 0.544616 0.000211521 0.223988 0.00432092 0.00956727 0.0833205 0.00863039 0.000501567 0.0420531 1.34923e-06 0.0103761 4.5294e-05 
0.0158647 0.00255004 0.803745 2.89289e-07 3.23803e-07 0.0015447 0.0870639 0.0421721 0.0440925 0.00169276 2.25159e-06 7.65896e-09 0.00120252 6.86573e-05 
0.0158081 0.00682426 0.874969 0.000691683 0.00314011 0.00182225 0.0224143 0.0146521 0.00669855 2.58748e-07 0.0151882 0.000349434 0.0334346 0.00400689 
0.037969 2.21946e-05 0.945415 0.000478878 0.00432735 0.0033553 0.0037133 0.00355519 0.000479364 0.00012746 0.000381974 1.66125e-08 0.000148429 2.65529e-05 
0.00757389 3.29837e-10 0.576815 0.000342013 0.0763561 0.00171921 0.0116207 0.271119 0.0142968 0.00553917 0.0139766 3.19551e-06 0.0204784 0.000159703 
0.157345 2.53939e-06 0.58978 2.52309e-07 0.0146854 0.000392744 0.00139548 0.132881 0.00062042 0.0684644 0.0145004 0.000551659 0.0187295 0.00065032 
0.0804959 2.38897e-08 0.303701 0.00661486 0.0304288 0.242854 0.0388615 0.0694186 0.0288141 0.177989 0.0160663 0.000477619 0.00221045 0.00206724 
0.209406 0.0820376 0.399176 2.03438e-07 0.172938 0.00269559 0.0825243 0.0363081 0.0120182 2.93584e-08 0.0023972 1.39003e-05 0.000334892 0.000150142 
0.0532312 0.000243621 0.82245 9.2237e-07 0.0045821 0.0042748 0.0469258 0.0462508 0.00072895 0.000495282 0.014959 2.01695e-06 0.00497927 0.000876467 
0.0919398 3.53863e-05 0.839323 1.16685e-06 0.0194033 0.0209022 0.00882825 0.00453698 0.0133184 1.64968e-07 5.60316e-06 0.00013778 4.12074e-06 0.00156331 
0.0116333 1.52906e-05 0.75073 0.00075504 0.00462522 0.000928268 0.00756244 0.123887 0.00346361 0.000558373 0.000966709 1.56021e-05 0.0946841 0.00017571 
0.027477 0.00796888 0.353268 0.000416027 0.0226531 0.0848937 0.0558545 0.305818 0.0770041 0.00141525 0.00690718 9.86701e-05 0.0479517 0.00827339 
0.201068 0.00117298 0.414928 0.0308676 0.0815388 0.00235615 0.0510951 0.140533 0.0430759 0.00021511 0.0210922 0.000283648 0.0115905 0.00018325 
0.00760023 0.000171172 0.429831 1.79476e-08 0.0575562 0.361192 0.0835453 0.0340988 0.0086012 5.4421e-05 0.00571911 0.000762131 0.0102118 0.000656767 
0.115845 0.000195729 0.191846 6.69068e-05 0.140334 0.00999434 0.0802037 0.189302 0.0424216 0.00161925 0.0394955 8.12065e-05 0.178597 0.0099974 
0.0195916 0.00763051 0.626318 9.18608e-10 0.247909 0.00300965 0.0413834 0.0153616 0.000131659 8.11743e-10 0.00468571 2.40209e-05 0.0339392 1.66993e-05 
0.14172 8.31415e-07 0.328852 0.0260535 0.11255 0.000673822 0.0131056 0.206078 0.0917062 0.00250228 0.0236997 0.000446333 0.0523866 0.000225755 
0.208927 0.00173838 0.445344 3.56898e-06 0.0500524 0.0203298 0.0762875 0.189663 0.00438415 1.77737e-09 0.00149742 5.02041e-06 0.00176799 8.47433e-08 
0.0585391 0.000113143 0.838658 1.40714e-07 0.0097646 0.0245316 0.020755 0.0280104 0.00801936 7.70363e-06 0.00933981 1.44499e-07 0.00220299 5.84076e-05 
0.0314855 2.50296e-07 0.297232 5.0296e-08 0.00877363 0.0240812 0.0785785 0.207306 0.0334513 0.0841379 0.000312898 1.59222e-05 0.234 0.0006249 
0.222309 0.0266807 0.417178 0.00022047 0.0670077 0.00172467 0.0304184 0.20074 0.00148102 6.90515e-05 0.00808176 0.000218325 0.0234092 0.000461794 
0.0322613 2.36639e-06 0.518768 0.0238678 0.0544784 0.00342575 0.0140643 0.309521 0.0194083 9.01108e-05 0.00928488 2.98501e-06 0.0147534 7.13263e-05 
0.337834 3.82968e-10 0.34043 3.31089e-07 0.277672 2.91047e-10 0.0128139 0.00933337 0.0211371 3.91205e-10 2.87399e-06 4.37674e-06 0.000734226 3.73747e-05 
0.200536 0.000292416 0.615819 0.000845044 0.031808 0.00662358 0.095295 0.0100098 0.0199398 1.22125e-06 0.00646441 0.00771408 0.00427735 0.000373856 
0.209295 3.73616e-06 0.259182 0.0358325 0.173603 0.00114 0.0594287 0.123429 0.0121627 1.55807e-05 0.000788123 0.0014601 0.122612 0.00104745 
0.047559 5.6324e-05 0.821435 5.03129e-05 0.00917647 6.26462e-05 0.0232034 0.0397849 0.0141777 4.4067e-06 0.0160873 0.0221634 0.00610248 0.00013701 
0.0192484 2.27868e-05 0.580911 2.27326e-09 0.108709 1.17208e-06 0.000104812 0.10655 0.00023202 0.177002 0.00666141 6.97658e-07 0.000302929 0.000253787 
0.0408917 6.34355e-06 0.360767 7.35793e-05 0.0805242 0.000273606 0.0109476 0.122183 0.00889538 0.000300742 0.00489171 0.0141695 0.295989 0.0600866 
0.0692935 0.00295789 0.317823 7.52435e-08 0.134468 0.000301522 0.116219 0.305075 0.0284846 7.19313e-06 0.00112425 0.000155388 0.00109239 0.0229984 
0.134964 3.17099e-10 0.837417 5.80331e-07 0.00294368 8.67686e-07 2.25735e-05 0.0123773 2.26442e-07 6.37295e-05 0.00997658 5.15634e-07 9.10793e-05 0.00214195 
0.00118639 2.46902e-11 0.480213 0.0300785 0.0510472 1.8764e-11 0.00618375 0.341393 0.0116942 0.0226426 2.64243e-08 3.98635e-07 0.0555605 3.10132e-07 
0.0357248 0.0059222 0.679358 0.00485506 0.0202832 0.00087586 0.0859021 0.0553583 0.0340328 0.000486352 0.000963195 0.000258412 0.0758156 0.000164181 
0.0455345 0.00712655 0.785026 7.29793e-06 0.0153658 2.34374e-05 0.0676948 0.0643468 0.00808451 0.000149507 0.0040089 1.18348e-07 0.00251603 0.000116082 
0.0369428 1.21094e-07 0.789651 0.000213613 0.0338353 0.0392361 0.00205959 0.060537 0.00486273 0.000732266 0.0015392 5.03158e-07 0.0299914 0.000398433 
0.0075643 1.72428e-08 0.929727 5.99964e-06 0.0169512 1.58385e-05 0.00216043 0.0256732 6.48036e-05 0.000336691 0.000115041 1.82291e-05 0.0169778 0.000389539 
0.00164038 0.000485633 0.859612 0.0126143 0.000300388 0.00153773 0.0592277 0.0156893 0.00492092 1.16776e-05 0.000139978 0.000704033 0.0430421 7.40324e-05 
7.1479e-06 4.31914e-06 0.875299 0.00030297 0.117889 0.000100666 0.00488546 0.000325614 0.00040965 0.000436951 4.75768e-06 6.53945e-06 0.00012618 0.00020181 
0.060822 2.5055e-07 0.436745 0.000420483 0.137357 0.000494938 0.0103407 0.254838 0.015376 0.0027503 0.0368517 1.60269e-05 0.0432972 0.000690133 
0.075623 0.000416361 0.759728 0.00383886 0.0115699 0.000671355 0.0415394 0.0176756 0.00898178 0.047746 0.00199818 0.000399152 0.0295347 0.000277458 
0.0296042 0.00972375 0.529752 8.74817e-05 0.10281 0.000893544 0.224868 0.0670723 0.0334384 2.9625e-06 0.000106442 2.37601e-05 0.0015721 4.52862e-05 
0.066359 0.00860006 0.447263 0.000441306 0.0779469 0.00649573 0.0215299 0.253628 0.0353473 0.000104863 0.0258941 0.000914783 0.0471127 0.00836275 
0.0248451 0.00311643 0.791412 4.52092e-05 0.00317438 0.00431801 0.12069 0.0271347 0.00232493 0.000827638 0.0108615 0.000454669 0.010749 4.64178e-05 
0.00343642 1.96613e-11 0.924487 0.000109626 0.00266748 0.00303568 0.00223683 0.0268141 0.0010776 0.010294 0.00104546 0.00165095 0.0109918 0.0121531 
0.0255034 8.67493e-09 0.603219 0.0030748 0.097821 0.000320785 0.0215298 0.0974463 0.00475339 0.000201671 0.000236991 0.0948382 0.0467118 0.00434321 
2.31937e-06 0.000119356 0.881449 9.42346e-07 8.48335e-07 1.42952e-06 2.42509e-06 0.0438124 0.00424285 5.28517e-07 0.000994638 1.11654e-06 0.0691639 0.000207791 
0.0738427 4.47624e-06 0.625901 5.20055e-06 0.0309537 0.00284078 0.0160807 0.0913097 0.0149918 0.0262457 0.117251 6.20542e-05 0.000140054 0.000370789 
0.097573 0.000474734 0.592986 1.72834e-10 0.0118894 0.00112537 0.0159243 0.154392 0.00065561 1.52728e-10 0.00494452 6.71547e-07 0.119933 0.000101683 
0.0293501 1.2128e-09 0.488066 0.0306027 0.0293643 0.0153369 0.00916524 0.333515 0.000623276 0.00825887 0.00876866 0.000107531 0.0462486 0.000593035 
0.106243 0.0132525 0.579398 0.000143874 0.0458471 0.0105501 0.0352646 0.0746856 0.017722 0.000247403 0.00716059 0.000328914 0.109149 7.12729e-06 
0.0802684 1.74145e-05 0.594677 0.00532537 0.0642472 0.00668293 0.0230493 0.150916 0.0169459 0.00248032 0.0250421 0.000468436 0.0296949 0.00018447 
0.0652445 0.000572347 0.526683 8.48689e-07 0.0280336 0.00114512 0.085663 0.165355 0.0167715 1.46846e-06 3.37388e-05 5.65875e-05 0.110323 0.000115745 
0.0776186 0.000469374 0.565215 0.0417558 0.063555 0.0110247 0.0201923 0.0758388 0.0835738 0.000518372 0.023098 3.05492e-05 0.0319321 0.00517727 
0.0506224 1.10689e-09 0.880844 1.27955e-09 0.00260833 0.021539 0.000327014 0.0253167 0.0121391 6.22413e-08 0.000102184 1.31397e-09 0.00649222 8.64308e-06 
0.0274053 1.27097e-08 0.853791 1.46923e-08 1.27697e-06 0.00962763 0.0562111 0.0217467 0.00129317 4.46916e-07 0.0024254 0.00093151 0.0262729 0.000293651 
0.0468465 0.00488161 0.743768 3.22607e-05 0.0132631 8.10114e-05 0.0323748 0.0676372 0.00515844 0.0013414 0.0699189 3.72396e-05 0.0146177 4.20325e-05 
0.096955 8.72389e-05 0.572599 0.00136214 0.0674884 0.00290489 0.01961 0.085744 0.0131569 0.000595349 0.058271 0.00122433 0.0743215 0.00567996 
0.121016 0.00381697 0.529121 0.0164474 0.0351878 0.0110786 0.0793782 0.0553227 0.0170947 1.28895e-05 0.00795523 0.00151177 0.121719 0.000337632 
0.17879 7.37709e-05 0.285943 0.00236524 0.0551731 1.86699e-05 0.222493 0.174095 0.0202695 2.00064e-06 0.00352319 0.0324412 0.0247941 1.93185e-05 
0.085566 6.49214e-05 0.272076 7.76598e-05 0.0969762 0.0211263 0.241687 0.185813 0.00564778 6.06494e-06 0.000234296 0.00207702 0.0871055 0.00154356 
0.292881 0.00710703 0.494183 0.000410667 0.0425379 0.0149507 0.0258216 0.084278 0.00659797 0.000556341 0.010545 6.69528e-05 0.0199797 8.3692e-05 
0.0532981 5.67462e-10 0.501913 5.05816e-07 0.0487742 0.0181162 0.105473 0.0407835 0.0222426 0.000437036 2.29348e-06 2.61476e-05 0.149811 0.059123 
0.0112286 2.11011e-10 0.370028 0.0540865 0.0149264 0.0130363 0.00226184 0.35474 0.0198478 0.0668649 0.0536708 7.89178e-05 0.0382056 0.00102411 
0.00637444 1.57446e-07 0.751949 0.0143717 0.0489861 0.00269461 0.00585354 0.0965368 0.014002 0.00928807 0.00348872 0.00409876 0.0375717 0.00478403 
0.1075 0.000206389 0.288199 0.00156558 0.0784958 0.00115862 0.120914 0.116676 0.0260672 0.0111902 0.0124684 8.18792e-05 0.235157 0.00032057 
0.0617474 1.28203e-11 0.610589 5.3893e-06 0.0236054 0.000748983 0.0137707 0.178467 0.00173348 0.0211921 0.0113716 7.72664e-05 0.0763786 0.000313708 
0.0291508 0.00863831 0.597364 0.000771427 0.0823095 0.0420369 0.125875 0.0110463 0.035454 3.13158e-07 0.00986442 1.45163e-05 0.0567104 0.000763358 
0.043144 2.2097e-05 0.617111 0.0182052 0.00645317 3.38638e-06 0.0839183 0.00882338 0.217857 0.000938541 5.78344e-08 0.00297634 0.000401838 0.000144932 
0.121859 2.2842e-05 0.507369 0.0110681 0.00186826 0.0279216 0.00193855 0.0162866 0.00388873 1.40066e-05 0.259673 1.05664e-06 0.0480107 7.81086e-05 
0.0969815 7.43492e-07 0.795209 7.25525e-11 0.0103251 0.0134135 0.0170227 0.0381891 0.00619757 1.25903e-06 0.0111556 8.1169e-07 0.0113817 0.000121469 
0.296132 1.16107e-06 0.321331 1.57412e-06 0.165659 0.00496231 0.0147402 0.187841 0.00320439 8.61937e-05 0.00131455 0.000277035 0.00442734 2.15202e-05 
0.0157977 1.786e-07 0.891679 9.81307e-08 0.000295787 0.00125227 0.0188175 0.00302355 0.00163759 5.02477e-08 0.0508899 3.11904e-07 0.0164251 0.000180768 
0.137211 5.15363e-07 0.511877 0.00131454 0.158951 0.000640661 0.0667246 0.0671 0.00828548 0.000364654 0.00097953 0.000535919 0.0454631 0.000551632 
0.0622483 5.28674e-06 0.36715 9.15261e-05 0.0283449 0.0024776 0.199441 0.28506 0.0106478 0.000241414 0.00587061 0.00114936 0.0350408 0.00223113 
0.0572598 5.97161e-05 0.567859 0.000668314 0.0927443 0.00403588 0.0156488 0.198468 0.0123336 4.50166e-05 0.00368905 0.00194889 0.0363901 0.00884872 
0.00950621 0.000862892 0.771912 0.00239591 0.0322036 0.023007 0.0674062 0.0350442 0.0559306 0.000129844 9.57538e-05 4.82597e-05 0.00132756 0.000129821 
0.0129885 3.81274e-07 0.931505 5.6823e-11 0.0496392 0.00309235 0.00215616 1.73594e-05 2.43083e-08 5.02126e-11 0.000600592 1.7741e-08 2.44539e-07 1.7299e-08 
0.0124288 1.9738e-08 0.836402 0.000142132 0.0353831 0.000152964 0.015729 0.0711739 0.018856 0.00574989 0.000562247 5.70291e-06 0.0031461 0.000268359 
0.0878194 9.73495e-10 0.781262 1.12535e-09 0.0264094 7.08574e-08 0.0210313 8.577e-08 0.0202003 1.40747e-07 0.000185588 1.15562e-09 0.0629293 0.000162514 
0.131999 1.0524e-06 0.69218 1.6724e-05 0.0668671 0.00145456 0.0536108 0.0402784 0.00579309 0.00149314 0.00160563 1.81066e-06 0.00454557 0.000152524 
0.269873 8.15978e-10 0.394382 9.43262e-10 0.0565606 0.00103419 0.103986 0.163115 0.00533341 1.72534e-06 0.00105769 0.000545756 0.00409047 2.06202e-05 
0.0636503 5.36979e-05 0.777604 1.26061e-05 0.00375849 0.00783755 0.101019 0.0157906 0.00757298 0.000219415 0.0097135 5.68995e-05 0.0126699 4.18244e-05 
8.31107e-07 2.82345e-08 0.904012 3.62835e-05 5.64146e-05 0.00031022 3.0024e-09 3.95848e-05 0.0862789 0.000301539 4.91582e-07 2.05329e-07 0.00882118 0.000142186 
0.00983092 1.05588e-08 0.900521 3.46327e-09 1.53349e-05 4.78424e-05 0.00207864 0.0835137 0.00175681 9.22403e-07 0.000122267 1.036e-06 0.00187795 0.000233093 
0.00811809 7.19857e-09 0.46031 0.145316 0.108134 0.0021912 0.134831 0.104344 0.00954017 0.00261338 1.26277e-09 5.00617e-06 0.0245878 1.01142e-05 
0.0159789 9.05012e-07 0.913679 3.97773e-11 2.31378e-06 0.038439 0.0169761 3.2138e-06 0.00424256 3.51498e-11 0.000308291 1.6343e-07 0.010334 3.5698e-05 
0.0956386 9.72541e-10 0.88805 4.49811e-06 6.92235e-07 7.39111e-10 1.64436e-05 0.00985277 3.58556e-07 9.93459e-10 1.70603e-10 1.15449e-09 0.00643711 2.77001e-10 
0.127921 1.21647e-07 0.808088 9.63082e-07 0.00808679 1.09947e-06 0.0301598 0.0121908 6.88403e-05 4.68399e-08 0.0014635 3.19385e-08 0.0120107 8.56657e-06 
0.0439074 0.000140813 0.515141 0.00332736 0.0782082 0.0292971 0.0656107 0.233054 0.00660856 0.00239363 0.00654211 0.000412109 0.0149598 0.000396819 
0.013029 5.22593e-11 0.633184 0.000354847 0.00922271 0.135715 0.0944504 0.0815985 0.00560041 0.000143807 0.00261584 2.12946e-08 0.0228314 0.00125405 
0.0190361 1.86971e-06 0.565621 0.00863018 0.134276 0.0680421 0.0421195 0.0881599 0.025999 8.61838e-05 0.00221437 1.53234e-05 0.0455195 0.000279481 
0.0413399 5.48495e-08 0.593934 0.0273913 0.0318677 0.0009048 0.02894 0.237043 0.0329262 0.000364225 0.0011844 1.45278e-05 0.00402059 6.99243e-05 
0.0107587 3.82126e-11 0.905646 1.6377e-07 0.0161476 1.88497e-06 0.00156 0.0638924 0.000974203 6.6113e-08 0.000905691 4.53615e-11 1.10009e-06 0.000112098 
0.226417 0.000117113 0.341359 0.000323239 0.058484 0.00156866 0.133064 0.140211 0.0690779 1.13565e-05 0.0128888 0.001073 0.0153845 2.03758e-05 
0.0239089 7.63617e-10 0.73688 9.48696e-05 0.0147115 5.72226e-05 0.0101709 0.124493 0.0582273 0.00157312 0.0216075 3.03949e-05 0.00815082 9.4614e-05 
0.158577 0.000491652 0.568604 0.000270385 0.0258695 0.000122763 0.0530061 0.0583502 0.0135694 3.49523e-05 0.000947589 6.48832e-07 0.119757 0.000399053 
0.0722295 6.68168e-07 0.473537 0.234796 0.010716 0.0171481 0.0115852 0.0233728 0.000714032 0.000843763 0.056475 1.2143e-08 0.0958813 0.00270002 
0.0774906 0.00233171 0.711987 0.000442464 0.129838 0.0257182 0.0246222 0.0106171 0.00818424 0.000290493 0.000324165 9.68714e-05 0.00787964 0.000177034 
0.0759501 3.24334e-11 0.591892 7.84105e-08 0.0190982 0.00795644 0.00166079 0.138806 0.0210428 0.0492811 0.0457515 1.72523e-06 0.0477927 0.000766176 
0.0654283 1.18013e-11 0.667434 0.000520136 0.0813085 0.0945514 0.0142229 0.0231851 0.0234555 1.39852e-07 0.00129685 1.40092e-11 0.0281739 0.000423156 
0.126454 9.182e-07 0.227455 0.00197461 0.151469 0.00552155 0.194953 0.176171 0.0810836 1.06843e-05 0.000842708 2.72125e-05 0.0338778 0.00015834 
0.0317368 3.39897e-07 0.754755 0.000707274 0.0339506 0.00608268 0.00752604 0.0951733 0.00137556 0.0222952 0.0351758 4.58142e-06 0.0106055 0.000610875 
0.0428271 0.00011848 0.459437 7.89637e-05 0.0249307 0.00088228 0.183771 0.0889835 0.0505646 5.93997e-05 0.0168204 0.0392082 0.0807453 0.0115736 
0.0608684 0.00342568 0.399816 0.00741607 0.0360713 0.00190313 0.048379 0.189573 0.0363223 0.190217 0.0156104 0.000444699 0.00984729 0.00010605 
0.00837063 0.00101962 0.377505 0.0215106 0.0195257 0.00106694 0.0214162 0.296675 0.0439719 0.000480556 0.0331153 3.46066e-05 0.174212 0.00109516 
0.111362 0.0238984 0.287883 1.46028e-06 0.129205 0.185762 0.0780221 0.0661521 0.00170301 6.87101e-05 0.00735715 0.000231962 0.108157 0.000196375 
0.0211224 0.000124716 0.399083 2.28642e-05 0.0516399 0.00337105 0.0514486 0.387065 0.0781784 0.000425518 0.000596817 6.30541e-06 0.0068823 3.3035e-05 
0.243769 1.28765e-06 0.455894 8.64674e-05 0.0129758 9.67752e-05 0.000588797 0.0132614 0.263251 2.76892e-05 0.00030963 3.86859e-05 0.0083714 0.00132835 
0.0897943 5.79875e-08 0.733826 1.79705e-06 0.0628245 0.0120746 0.00689195 0.0675169 0.00151783 0.000902911 0.0121496 2.45091e-05 0.012472 3.56186e-06 
0.0129768 0.270064 0.56679 0.0011017 0.0217511 0.00142525 0.0211464 0.0392125 0.019216 0.0255492 0.000113399 0.00031565 0.0201259 0.00021175 
0.0178053 0.00149969 0.516932 0.0548021 0.00351453 3.2823e-05 0.0774508 0.07591 0.0262483 0.0726981 6.60617e-05 0.00125737 0.0727637 0.0790194 
0.0631111 1.83184e-06 0.60848 0.00132027 0.0590875 0.000249862 0.0107893 0.0917902 0.0136315 0.00292906 0.0100993 0.000449934 0.13769 0.000370325 
0.00343642 1.96613e-11 0.924487 0.000109626 0.00266748 0.00303568 0.00223683 0.0268141 0.0010776 0.010294 0.00104546 0.00165095 0.0109918 0.0121531 
0.081639 0.000559077 0.21299 0.0186066 0.101613 0.0355071 0.152763 0.14057 0.0361314 5.28644e-05 0.0829014 0.00459176 0.130951 0.00112322 
0.424992 1.3835e-10 0.472674 1.59931e-10 1.1609e-06 1.38054e-05 0.0317715 0.0490059 0.0030697 0.000425435 2.08718e-06 1.64233e-10 0.0180434 1.81268e-06 
0.141558 0.00202859 0.576332 3.37484e-06 0.160476 3.37615e-06 3.37832e-06 3.37848e-06 0.00270584 0.00844157 0.0168938 3.37475e-06 0.0854637 0.00608326 
0.116987 4.4226e-11 0.599775 0.000115801 0.0505733 0.00363142 0.0180791 0.083206 0.00375302 0.00021639 0.0106312 4.40747e-05 0.111517 0.00147062 
0.039032 6.20481e-05 0.351518 0.0250804 0.0690714 0.00170646 0.0978341 0.324471 0.0490094 0.000793798 0.0142667 0.000348093 0.0259912 0.000814675 
0.0404754 5.41424e-06 0.736929 0.000267931 0.00629478 0.00174396 0.0502405 0.106368 0.00163333 2.58615e-05 0.052192 0.00163635 0.00218444 3.19565e-06 
0.0879046 0.000210018 0.592366 0.000424533 0.101538 0.0157185 0.0521299 0.108072 0.0223249 1.72537e-05 0.00113077 6.88023e-05 0.0180123 8.21934e-05 
0.0502472 0.0107239 0.347716 0.00220129 0.0771413 0.000290192 0.0313346 0.13866 0.0855051 0.2051 0.000182504 7.48079e-07 0.0492061 0.0016919 
0.0253368 0.000725415 0.525693 0.0123695 0.0820482 0.00153693 0.0739133 0.228726 0.026608 0.000282999 0.00514312 0.000914225 0.0109013 0.00580104 
0.13038 1.2355e-08 0.537349 1.42822e-08 0.0116395 0.0105648 0.06984 0.0375267 0.181825 8.781e-07 2.9989e-05 5.1221e-07 0.0208397 2.78833e-06 
0.0497129 4.18653e-11 0.474738 0.0230248 0.0927319 0.000125573 0.00889963 0.150711 0.0168645 6.98514e-05 0.00532852 0.000133486 0.16869 0.00896917 
0.0554962 0.00010373 0.867981 1.30254e-06 0.0214713 2.12061e-07 0.0193709 0.0298776 1.49967e-07 4.86395e-07 7.57112e-07 5.46511e-07 0.000839223 0.00485693 
0.14292 0.00506321 0.476517 2.54394e-07 0.0146701 0.00763566 0.0572809 0.149797 0.00861889 0.00104715 0.13396 4.9539e-06 0.00230284 0.000181893 
0.0629026 0.0187843 0.312034 0.00534562 0.045242 0.0114056 0.147335 0.123563 0.114458 0.153036 0.000553471 3.62298e-05 0.00511569 0.000188485 
0.302049 5.60551e-07 0.604783 0.00283457 0.0217413 0.000215537 0.0165953 0.0220825 0.0119458 1.04136e-07 0.0103117 2.75416e-05 0.00739354 1.97141e-05 
0.166863 0.00489483 0.426029 0.000294847 0.035996 0.0123361 0.140239 0.153516 0.0222719 0.000168698 0.0169267 0.00472564 0.0156018 0.000136122 
0.00537644 1.02429e-09 0.550854 2.7631e-06 5.71251e-06 0.00267462 0.0148068 0.377613 1.27079e-06 0.0279171 0.00258786 2.28442e-07 0.017932 0.000227895 
0.0760014 0.0875923 0.34947 1.15906e-07 0.0552602 1.28138e-05 0.115054 0.13247 0.0932044 5.52412e-11 9.2676e-06 0.000502525 0.0902537 0.000169742 
0.10796 0.000384213 0.4016 0.00454842 0.0765187 0.00600224 0.0389853 0.263553 0.0306386 0.0017064 0.0216261 0.000113115 0.0383006 0.00806409 
0.123784 3.53959e-05 0.588282 0.000246426 0.0495089 0.0248549 0.0452085 0.0943427 0.0255173 2.43054e-05 0.0107377 0.000280562 0.036854 0.000323437 
0.139092 1.09852e-11 0.702559 1.26988e-11 0.0319689 0.000417478 0.0412521 0.0685668 0.000405219 7.2951e-08 0.0146717 2.62111e-09 0.000789678 0.000276436 
0.0261474 2.06279e-05 0.832336 0.000266869 0.0252544 0.00135707 0.0226015 0.0304676 0.00645473 0.000103807 6.11479e-05 0.0378153 0.0170435 7.01331e-05 
0.00804724 3.30857e-05 0.917535 0.000487486 0.000244166 0.000128169 0.0402269 0.00179945 0.00571523 5.82487e-05 0.00169943 0.00206327 0.0219551 7.2245e-06 
0.00451059 2.41128e-07 0.927409 0.00116561 0.0024668 0.000559205 0.00816136 0.0340792 0.000169942 0.0011333 0.000527674 2.29847e-06 0.0197312 8.36027e-05 
0.0783227 0.000316186 0.560688 0.00182764 0.0580444 0.00776074 0.0895891 0.0969636 0.0538619 1.04495e-06 0.00637348 8.45114e-06 0.0460996 0.000143236 
0.0140817 0.00702259 0.785365 0.00457575 5.52999e-05 0.00082176 0.17568 0.00136215 0.000530251 5.76893e-05 0.0039419 0.00057172 0.00585939 7.46998e-05 
0.224591 3.82243e-07 0.690673 1.54608e-05 0.00490239 0.000427796 0.0346773 0.0278843 3.43786e-05 0.000937805 0.000582834 2.14782e-08 0.0152137 5.97143e-05 
0.00447651 0.000766691 0.77936 8.18446e-07 0.000218096 0.015415 0.175498 0.00266115 0.000447342 0.000148561 8.49559e-05 0.0003193 0.0205558 4.74549e-05 
0.00338644 7.01264e-06 0.647879 2.40737e-06 0.210825 0.000485459 9.59898e-06 0.0732087 0.0572054 0.000138952 0.000176882 0.00623253 0.000388903 5.38841e-05 
0.0315057 6.93984e-09 0.49299 2.28211e-05 0.043105 0.00658029 0.309936 0.0349162 0.0641774 0.00420334 0.00631757 2.98242e-06 0.00556808 0.000673999 
0.000115275 6.65346e-05 0.999441 7.69133e-05 5.84595e-06 5.05649e-05 7.07517e-06 3.19071e-05 1.16754e-05 6.79657e-05 1.16715e-05 7.89821e-05 1.56694e-05 1.89505e-05 
0.0305535 0.000121528 0.636727 0.0560335 0.0753747 0.00147027 0.00068549 0.180872 0.00908566 0.000132149 0.000563073 6.85072e-05 0.00775137 0.000561093 
0.0591293 0.000242047 0.674085 0.00532313 0.0384936 0.0157297 0.0410581 0.0807425 0.00963713 0.00129343 0.020471 2.1734e-06 0.0535856 0.000207103 
0.165655 7.24566e-09 0.651115 8.3759e-09 0.00415004 1.10671e-06 1.79071e-05 0.0203154 0.000157102 0.0136409 0.144947 8.6012e-09 1.70641e-09 2.06372e-09 
0.0978514 0.00126198 0.573738 6.74207e-05 0.01856 0.0529869 0.245678 0.00485939 0.00284307 1.48303e-06 1.05236e-05 1.32811e-07 0.00213881 2.01592e-06 
0.0533764 4.01942e-09 0.391786 0.0348583 0.018455 0.00011002 0.0243656 0.224921 0.245308 0.00135418 0.00143136 5.49518e-07 0.00397994 5.31267e-05 
0.00837706 1.24253e-10 0.859913 1.63139e-06 0.00370276 0.000622162 0.0163272 0.0946072 0.0017665 2.23486e-05 0.00732122 7.32544e-06 0.00704045 0.000290991 
0.00896758 0.00298709 0.824221 1.05285e-09 3.03762e-06 0.0109625 0.00425351 0.134508 6.99224e-07 6.12264e-06 0.000105205 1.08117e-09 0.0135355 0.000449601 
0.0496483 0.000589875 0.554651 0.000300511 0.0100681 6.12839e-05 0.119187 0.131024 0.0424546 0.0338316 0.0048287 1.60103e-05 0.0514 0.00193895 
0.0321583 0.00958238 0.460723 0.000148922 0.0495082 0.069605 0.0708646 0.180158 0.0523224 0.00139715 0.017494 6.27052e-05 0.055682 0.000293684 
0.00771096 7.13293e-05 0.709912 0.0875665 0.0591708 2.16882e-06 0.0187772 0.0475294 0.0212936 0.00265068 0.000298637 9.91762e-08 0.0435204 0.00149585 
0.0778393 1.87768e-09 0.658028 0.000128981 0.0350207 0.00192454 0.0325277 0.0327755 0.00178057 0.0005217 0.156757 3.22938e-06 0.00223678 0.000455639 
0.0592841 0.000402846 0.461391 0.000739135 0.0513291 0.0479379 0.049474 0.0980686 0.153074 0.000169359 0.00368556 4.85866e-05 0.0742214 0.000174416 
0.0495 0.000352757 0.905448 0.00242149 0.00506485 0.000625896 0.0109264 0.014618 0.000341742 9.04259e-05 2.61577e-05 0.000256282 0.0103275 5.62585e-07 
0.0540132 0.000660541 0.67705 0.00251408 0.0648363 0.000145382 0.0206529 0.0332661 0.0271253 0.00120697 0.00182777 0.000101484 0.116213 0.000387208 
0.0241586 3.89042e-11 0.942766 4.49728e-11 3.41825e-12 0.00201617 0.0061088 2.88063e-07 0.000743013 3.18326e-08 0.00125771 1.84776e-07 0.0228659 8.33866e-05 
0.248665 0.00053976 0.400739 1.80429e-05 0.0559837 0.0204199 0.133514 0.096004 0.0118082 0.000152824 0.0108673 0.000183448 0.0209296 0.000174091 
0.0519145 1.17274e-05 0.280481 0.00130726 0.167306 4.52324e-05 0.0402152 0.0536974 0.118338 0.000159973 0.11158 0.000174701 0.174727 4.24335e-05 
0.195902 0.000129266 0.284865 1.46189e-05 0.183677 2.09525e-05 0.254169 0.0537201 0.00326484 1.78227e-07 0.000399099 2.0097e-05 0.0237055 0.000113938 
0.026071 2.8456e-10 0.674869 2.48239e-06 0.00602449 2.1626e-10 0.00251235 0.00714957 0.000363624 0.000670134 0.0014605 3.37796e-10 0.2808 7.70803e-05 
0.155934 3.47996e-06 0.457093 4.38933e-06 0.0810748 0.00834701 0.138421 0.0331974 0.00414144 2.51384e-09 0.0938804 3.8865e-05 0.0276684 0.000195863 
0.0356765 0.000293638 0.58464 1.59606e-05 0.0148701 0.0369482 0.0823794 0.12345 0.023205 0.0535097 0.0317352 9.76643e-07 0.0131162 0.000158898 
0.0319171 1.11563e-06 0.735992 0.00556239 0.0224474 0.000142346 0.00953877 0.14005 0.0338552 0.0021028 0.000633951 0.000288405 0.0173108 0.000157882 
0.0893904 9.56695e-07 0.698613 0.00332097 0.0106574 0.00128144 0.0109733 0.161989 0.000302513 0.0124847 0.0063092 6.35467e-06 0.0045897 8.03165e-05 
0.0185637 5.91359e-11 0.581409 0.0180125 0.109934 0.000239334 0.00485372 0.148909 0.00481086 0.000972789 0.00429073 4.14789e-05 0.107154 0.000809248 
0.0233157 0.00353284 0.275545 0.0104592 0.0714983 0.00210646 0.199115 0.128138 0.194931 0.0104166 0.016922 0.000289204 0.0295635 0.0341666 
0.00451059 2.41128e-07 0.927409 0.00116561 0.0024668 0.000559205 0.00816136 0.0340792 0.000169942 0.0011333 0.000527674 2.29847e-06 0.0197312 8.36027e-05 
0.0312182 0.000234101 0.787744 0.0181687 0.0140058 0.00349338 0.0186839 0.0847179 0.00285197 0.00410715 0.0018678 0.000482406 0.0310329 0.00139135 
0.269688 3.13313e-07 0.315622 4.19984e-06 0.0593986 0.0241691 0.0202184 0.120484 0.0174662 0.0347549 0.0208721 4.29422e-06 0.116952 0.000365723 
0.175848 0.000216323 0.244316 0.00106023 0.20565 0.000890712 0.0243969 0.156745 0.0204883 0.00246324 0.0293258 0.000781612 0.137473 0.000344646 
0.0899531 0.00099464 0.588037 3.61581e-07 0.0439484 0.00103112 0.112551 0.128239 0.0193145 0.00106279 0.0100982 0.00361013 0.000944301 0.000215592 
0.060822 2.5055e-07 0.436745 0.000420483 0.137357 0.000494938 0.0103407 0.254838 0.015376 0.0027503 0.0368517 1.60269e-05 0.0432972 0.000690133 
0.122137 0.0983243 0.509014 0.00125398 0.0189506 0.00409069 0.130005 0.0563473 0.0259766 3.48765e-08 0.000430111 0.00979632 0.0234666 0.000207603 
0.0826616 0.00108899 0.444292 0.00208389 0.0747437 0.00018689 0.0925312 0.232457 0.0082723 0.000377731 0.0318795 0.00722453 0.0220937 0.000106387 
0.0195963 0.000235152 0.633037 1.02822e-05 0.00610418 0.0603052 0.0763949 0.176601 0.00242272 0.00324223 0.00193876 1.23163e-05 0.0198493 0.000250656 
0.0662767 3.26428e-09 0.647135 0.000194583 0.0529535 0.000205918 0.0431258 0.154448 0.00637287 0.000698696 0.0151649 3.39258e-07 0.0132087 0.000214461 
0.0599921 8.35776e-06 0.620074 0.000187546 0.0326114 0.00643874 0.00465553 0.022568 0.00842824 0.000733507 0.00399521 3.45301e-06 0.240108 0.00019525 
0.0226363 1.84621e-05 0.610566 0.12844 0.00717557 8.40068e-05 0.0239139 0.0775122 0.0126784 0.114263 0.000416006 8.65326e-05 0.000956567 0.00125334 
0.204951 0.000300344 0.402358 2.46022e-05 0.100333 0.000753304 0.0702813 0.169338 0.0309462 1.15566e-05 0.000810321 0.0022474 0.0176379 7.09462e-06 
0.0221769 3.03963e-08 0.287438 0.00702269 0.287034 0.000329989 0.108211 0.219288 0.0209182 2.22726e-05 0.016319 0.00527667 0.0258457 0.000117581 
0.043621 1.32203e-08 0.738697 0.00431722 0.0297886 0.00119714 0.132568 0.0258591 0.0128314 1.00056e-05 6.05064e-05 0.000256925 0.0106596 0.000132529 
0.0669558 4.13037e-05 0.584791 0.00666868 0.0370792 0.000472116 0.0749358 0.157623 0.0156777 7.94383e-05 0.0409604 0.00263712 0.0117956 0.000283694 
0.0157599 5.00447e-07 0.531395 0.000403726 0.00598689 0.00018853 0.0501437 0.117675 0.012057 0.147869 0.00535896 8.03153e-06 0.112905 0.000248565 
0.184388 3.5055e-05 0.369787 1.33727e-07 0.0514307 1.59404e-07 0.00372804 0.0645308 6.79507e-07 0.278027 0.00213495 7.97152e-11 0.0449595 0.000978314 
7.88475e-05 3.96503e-08 0.870811 0.00128189 0.0367161 9.76877e-05 9.95343e-05 0.0856897 0.00493752 7.1464e-06 3.57781e-07 0.000138816 1.28718e-06 0.000139637 
0.0310504 4.47926e-07 0.427368 0.000877407 0.0908038 0.00012793 0.127371 0.0793518 0.242044 2.42436e-07 0.000825682 0.000111242 3.64934e-05 3.24689e-05 
0.106659 3.65728e-05 0.456835 2.24261e-05 0.0220951 0.0219876 0.0655268 0.121152 0.00577942 1.05037e-05 0.182452 0.0011422 0.0162871 1.37606e-05 
0.113761 0.00296779 0.452614 0.0147485 0.0529993 0.000381145 0.0102055 0.121991 0.191459 0.00669349 0.011709 0.000397576 0.0198758 0.000196573 
0.265167 0.0287042 0.57475 1.8055e-06 0.0596156 0.0243013 0.0184861 0.0217989 0.00299262 1.71547e-05 0.00247021 0.000108092 0.0015322 5.45888e-05 
0.0118008 4.75087e-05 0.526864 1.05976e-05 0.0199998 0.000397981 0.0543913 0.193213 0.0432057 0.000211577 0.000310208 3.01188e-05 0.00164563 0.147872 
0.0172715 5.32354e-06 0.604019 0.0103429 0.0116816 0.00838105 0.020533 0.192668 0.00197858 4.4596e-05 0.044183 4.58964e-07 0.0887706 0.000119738 
0.0878923 1.81587e-09 0.584328 0.00602283 0.0129596 0.00532826 0.103244 0.127136 0.0016918 0.0014652 0.00928422 3.81437e-08 0.0605761 7.16642e-05 
0.0749281 0.000201488 0.618783 6.95835e-08 0.066775 0.00253021 0.0207093 0.0854336 0.00830317 2.48017e-05 0.0570206 0.000103993 0.0649952 0.000190835 
0.167016 0.0145709 0.342544 0.000187247 0.0417096 0.0162294 0.0213535 0.139792 0.0151633 1.18854e-06 0.0109856 0.00364685 0.178887 0.0479136 
0.0942226 5.91134e-05 0.809319 9.11945e-09 0.0223103 0.000786995 0.0589333 0.00523273 0.00862414 7.18226e-07 0.000253283 2.9355e-06 0.000254853 1.21054e-07 
0.0335553 8.06941e-06 0.898878 3.73561e-05 0.0411696 9.67955e-09 0.000143417 0.0168444 0.00601835 8.3374e-06 0.00194961 1.1318e-05 0.00128146 9.49529e-05 
0.0444484 1.20446e-06 0.673593 0.000886205 0.0105113 0.000215185 0.110871 0.137518 0.00725171 0.000142536 0.00137083 6.1397e-05 0.0130607 6.8474e-05 
0.114995 5.69681e-06 0.573395 0.000191856 0.130236 3.74986e-07 0.0250366 0.14551 0.00426984 2.74834e-06 0.000161729 3.01208e-07 0.00617425 2.06606e-05 
0.243489 1.71297e-06 0.669471 4.50565e-05 0.0112338 0.000498614 0.000294383 0.0408765 0.000541654 0.0191256 0.0132043 9.80039e-07 0.00104187 0.000175355 
0.0400108 7.92025e-07 0.51276 0.000330992 0.00740006 0.000402743 0.0211361 0.0442592 0.00131824 0.0015782 0.0560059 1.39132e-05 0.0464701 0.268313 
0.0680998 0.00194554 0.304383 0.000668577 0.0965065 0.0355631 0.124189 0.19202 0.0456965 0.000547208 0.0625815 0.000415022 0.0672463 0.000137653 
0.127289 1.87121e-08 0.505022 0.000418627 0.0953558 0.000678146 0.0475603 0.127837 0.0356814 0.0436309 0.000606761 0.000403254 0.0153475 0.000169223 
0.023871 6.45044e-11 0.946596 4.89378e-08 0.00624075 7.14407e-06 0.000521837 0.0120585 0.000322088 0.00466692 0.00489172 5.18705e-08 0.000504598 0.000319385 
0.00837706 1.24253e-10 0.859913 1.63139e-06 0.00370276 0.000622162 0.0163272 0.0946072 0.0017665 2.23486e-05 0.00732122 7.32544e-06 0.00704045 0.000290991 
0.132706 2.95794e-07 0.822948 8.7744e-05 0.0274882 2.97169e-06 1.57671e-06 7.18474e-07 0.0120171 1.43241e-06 1.79874e-06 8.75638e-10 0.00474275 1.91208e-06 
0.0323741 7.88677e-06 0.586263 0.00022309 0.0414142 0.00674034 0.0396803 0.152438 0.0289589 0.0811948 0.0139503 0.00107795 0.0154979 0.000179235 
0.123151 2.71603e-05 0.451688 2.98022e-06 0.0172561 0.0247188 0.165419 0.211188 0.00150021 1.14596e-07 0.00215168 0.000200365 0.00268629 1.03995e-05 
0.0180769 1.30154e-08 0.889097 4.99018e-06 0.0241808 8.09161e-06 0.000739461 0.0550951 0.00182674 0.00353033 0.00684271 4.81595e-06 0.000397556 0.000195547 
0.0328863 4.07764e-07 0.876697 6.34408e-05 0.044958 3.09892e-07 2.26992e-06 0.0379309 0.00717288 4.49317e-05 0.000135973 4.8405e-07 9.87195e-05 8.3169e-06 
0.0345097 1.17454e-08 0.914506 3.11453e-05 0.00255237 0.00804318 0.0123248 0.0012416 0.00151577 4.7318e-07 0.00595425 1.39428e-08 0.0191647 0.000155781 
0.000368475 0.000368144 0.995212 0.000368089 0.000368474 0.000368232 0.000368468 0.000368486 0.000368442 0.000368136 0.000368443 0.000368079 0.000368421 0.000368403 
0.0548892 0.000654589 0.322899 2.12869e-05 0.0753985 1.14454e-06 0.303237 0.123876 0.103462 7.14228e-08 0.00302988 3.13726e-06 0.0125245 4.60105e-06 
0.153026 1.77332e-11 0.514742 8.80376e-05 0.11909 0.000927984 0.039324 0.126838 0.00870494 0.000635491 0.0273897 9.88544e-06 0.00906126 0.000163009 
0.0216111 1.85892e-05 0.559324 0.00249262 0.0418388 0.000121487 0.131781 0.185794 0.0473201 3.62273e-06 7.15714e-05 1.18265e-05 0.0095432 6.83242e-05 
0.203769 2.8164e-06 0.510181 2.77676e-05 0.0514512 0.00183824 0.0898747 0.06001 0.0720676 1.20921e-05 0.00367428 0.000584939 0.006489 1.81935e-05 
0.325423 1.10893e-08 0.518887 6.19276e-07 0.0165344 5.62513e-05 0.0052743 0.0793769 0.000396724 9.47003e-06 0.0504452 4.84819e-06 0.00357168 1.98071e-05 
0.0349539 3.049e-09 0.874846 0.000540301 0.00128988 0.017347 0.0639033 0.00708416 1.61281e-07 3.11458e-09 3.25621e-05 3.73804e-07 2.80527e-06 8.68423e-10 
0.19961 3.1146e-05 0.709789 0.000505446 0.00312226 7.08711e-10 0.0100075 0.0519861 0.0160292 8.46779e-07 4.54597e-07 4.09118e-07 0.00891748 2.93361e-07 
0.22034 1.42631e-05 0.246445 0.000418185 0.0857134 0.000108071 0.0442683 0.0542602 0.0180484 6.56183e-06 0.0252218 0.00690756 0.236575 0.0616747 
0.0838234 5.71281e-06 0.47573 0.000124796 0.0883288 0.0125144 0.0417961 0.082937 0.0174481 4.69958e-05 0.00679202 0.000359111 0.185839 0.004254 
0.0621483 8.98673e-05 0.52228 0.000351246 0.0721813 0.00029369 0.145488 0.131734 0.0374824 0.000114157 0.0026612 3.44366e-07 0.0251676 8.32764e-06 
0.0115938 0.00102253 0.465593 0.000235344 0.0183633 0.00061738 0.0196626 0.25569 0.00906847 0.0998076 0.0190382 0.00133323 0.0562205 0.041754 
0.3555 2.93531e-10 0.559385 7.38783e-08 0.0116976 0.00105655 0.00964453 0.0358682 0.00351068 0.00362072 0.0182728 4.21844e-07 0.00127282 0.00017038 
0.0610892 1.05999e-06 0.367098 0.00596759 0.0656711 0.000988001 0.165818 0.250201 0.0214599 1.69745e-05 0.0353682 0.00670773 0.0195297 8.38186e-05 
0.0348463 0.000179948 0.716929 0.0105338 0.0317292 0.00465853 0.0437437 0.0718607 0.017337 0.00355026 0.00863376 1.87102e-06 0.0556153 0.000380316 
0.00155664 4.76532e-05 0.933294 0.000206312 0.0181522 0.00107112 0.0142345 0.0223513 0.00702652 1.08273e-05 3.77276e-05 8.42945e-06 0.00194719 5.57092e-05 
0.0520063 3.29825e-08 0.374786 0.0857098 0.0259697 0.000947319 0.0628427 0.34259 0.0296358 2.13853e-05 0.00854619 0.000111902 0.0166341 0.000198447 
0.00841036 3.05979e-05 0.831257 7.78856e-09 0.00548762 0.0066544 0.0804294 0.0654164 0.00185497 1.70433e-07 8.83429e-05 1.06149e-05 0.000346382 1.33907e-05 
0.0273624 1.8902e-08 0.571817 9.19495e-05 0.0741183 6.4077e-05 0.183899 0.114641 0.0234902 1.78866e-05 0.000522762 8.06598e-07 0.00396318 1.1503e-05 
0.209295 3.73616e-06 0.259182 0.0358325 0.173603 0.00114 0.0594287 0.123429 0.0121627 1.55807e-05 0.000788123 0.0014601 0.122612 0.00104745 
0.0554623 3.03624e-05 0.803734 0.000201228 0.00445033 2.56829e-09 0.00845059 0.00744946 0.0164308 3.45211e-09 0.00890458 0.000661671 0.0916524 0.00257192 
0.0201844 1.85936e-06 0.468653 6.97678e-05 0.00824668 0.00155227 0.00259463 0.0419299 0.00182471 0.42034 0.00413421 0.000545485 0.0167314 0.0131913 
0.109785 1.97476e-06 0.764997 0.00018986 0.0127808 0.00334729 0.0330626 0.031512 0.00452301 6.94829e-05 0.0181897 3.72548e-05 0.0212259 0.000278413 
0.0236106 0.0163278 0.728703 0.000198699 0.0325455 0.0144328 0.154365 0.0117478 0.0130244 7.94222e-06 8.58619e-05 5.01744e-07 0.00493767 1.24999e-05 
0.00488293 2.77483e-06 0.809333 0.00438098 0.0604708 7.78695e-05 5.01637e-05 0.0256821 0.0250977 0.0578921 0.000318045 9.97745e-06 0.011782 1.94676e-05 
0.035296 2.1583e-06 0.31291 0.00218649 0.0129653 0.0470357 0.092855 0.0946073 0.303296 2.82742e-05 0.0423047 0.000791151 0.05545 0.000271713 
0.00962445 5.05194e-09 0.969346 4.79187e-05 0.000843081 0.000358457 0.00141119 0.0134374 0.000190566 0.000923642 0.00156754 2.84146e-06 0.00205606 0.000191137 
0.0245522 9.36955e-08 0.676243 0.00145163 0.00521198 0.0462647 0.112049 0.0417725 0.0107802 0.000145932 0.0021358 0.000870021 0.0774905 0.00103251 
0.0803472 4.45489e-06 0.518305 8.47888e-05 0.0448689 0.000156795 0.0806983 0.258379 0.00547774 0.000413444 0.00264462 0.00180785 0.00669164 0.00012052 
0.00622733 0.00127459 0.76973 1.70961e-06 0.00286008 0.00116977 0.00427249 0.0205886 0.00515076 5.66322e-07 0.00835306 9.19708e-05 0.180231 4.83853e-05 
0.0250877 4.13156e-07 0.897147 0.00255188 3.66695e-07 3.11213e-08 0.011304 0.0352191 0.0114208 7.40315e-07 4.46538e-07 0.000134827 0.0166268 0.000505571 
0.153391 0.00345756 0.305729 0.00116414 0.15593 0.00031302 0.066599 0.114404 0.0333514 0.00444825 0.00378848 0.000572593 0.155586 0.00126574 
0.0260655 0.0105961 0.552832 0.000104165 0.0730189 0.00146563 0.280276 0.0292054 0.0230755 1.71349e-05 0.00128606 2.62429e-06 0.00202509 3.00053e-05 
0.062098 4.30536e-10 0.29081 0.00166824 0.257439 0.00186736 0.066703 0.179309 0.129075 0.000847444 0.000196147 0.00024445 0.00950042 0.00024223 
0.0167205 3.25031e-10 0.305792 3.12512e-07 0.277583 0.000800219 0.0344668 0.242003 0.0395856 1.65424e-07 1.41713e-06 1.61565e-05 0.0830055 2.46374e-05 
0.145284 1.15796e-06 0.32305 7.74255e-05 0.14472 0.000114822 0.0161483 0.187393 0.131139 4.41908e-05 0.0406121 0.000654692 0.0107446 1.62277e-05 
0.0752608 0.000332406 0.632962 2.66444e-05 8.7681e-05 0.00421861 0.0738368 0.0244675 0.0147945 0.000162281 0.0151561 5.96031e-06 0.158161 0.000527862 
