0.053343 3.31807e-12 0.0109967 7.58223e-08 0.823454 0.00025889 0.000996532 0.0520513 0.000898873 8.20783e-07 0.0474669 3.50858e-09 0.0105219 1.09751e-05 
0.0274627 0.000261084 0.00990543 1.74872e-05 0.46767 0.0237167 0.377441 0.0493476 0.0368388 2.07561e-06 0.000742195 1.22612e-05 0.00632531 0.000257151 
0.0695616 9.90785e-08 0.0775227 3.1672e-05 0.531841 0.00017209 0.00125846 0.267254 0.0118419 0.00160201 0.0265826 0.00314124 0.00913751 5.33469e-05 
0.114605 0.00423527 0.0507308 0.0309502 0.310868 0.00148161 0.0595875 0.303089 0.101671 1.57119e-05 0.0127986 0.00253199 0.0073916 4.40885e-05 
0.0505457 1.13027e-05 0.00828316 0.000151657 0.5378 0.00111918 0.0145489 0.135047 0.192557 4.90042e-05 0.0559071 0.000197487 0.00375439 2.90009e-05 
0.0213913 3.57222e-12 0.00731935 4.12945e-12 0.824437 3.54284e-05 0.00406259 0.128732 0.00801617 5.47701e-07 0.00533118 2.54253e-09 0.000657241 1.76957e-05 
0.332815 3.2278e-08 0.0798976 5.38796e-06 0.390631 0.000336824 0.0699522 0.096166 0.0153578 0.000167812 0.00151824 4.36334e-06 0.0131216 2.58839e-05 
0.0610707 0.000330244 0.0464302 0.00129785 0.416105 0.000783793 0.101163 0.257267 0.0734344 1.35538e-05 0.025237 0.0102051 0.00663579 2.66334e-05 
0.0217701 4.87101e-12 0.00549271 0.00253 0.866213 0.000646821 0.0031409 0.0571415 0.00672424 1.24174e-06 0.017572 1.64494e-06 0.0187496 1.67732e-05 
0.150744 0.000631414 0.168703 4.98435e-08 0.281125 0.0460162 0.241567 0.0593475 0.026307 1.39643e-06 0.0074315 8.78017e-06 0.0181003 1.62397e-05 
0.0485473 0.00187455 0.0670225 1.15821e-09 0.277437 0.00221103 0.253527 0.235732 0.0657212 6.25141e-06 0.0422431 0.00431346 0.00129927 6.47156e-05 
0.0419799 0.00211369 0.0583868 0.000628392 0.388598 0.000307621 0.210539 0.269898 0.0269571 2.4344e-06 0.000550494 1.23529e-05 2.63159e-05 9.15939e-07 
0.221968 1.20822e-08 0.010985 1.25156e-07 0.490546 2.42582e-05 0.0808248 0.195223 0.0004272 1.48782e-06 2.70934e-07 1.6394e-07 1.25628e-07 3.14117e-11 
0.00210062 7.76154e-06 0.0187572 0.336823 0.387661 0.00591377 0.0167723 0.178894 0.0375146 6.73329e-05 0.00229755 0.00212507 0.0108832 0.00018257 
0.013563 9.57047e-12 0.273974 0.000352525 0.375909 0.000253636 0.0548286 0.230744 0.00351147 0.00192446 0.00197569 4.20358e-07 0.0425796 0.000383801 
0.037177 1.60715e-09 0.00615395 1.0072e-12 0.871447 0.000726682 0.00184885 0.0463506 0.00296264 5.13895e-06 0.0325993 1.20491e-05 0.000674181 4.21611e-05 
0.00125502 1.09984e-06 0.00119382 3.536e-07 0.965401 0.000250855 0.000791586 0.027431 0.00165965 1.69921e-06 0.00175413 1.06444e-05 0.000232021 1.74276e-05 
0.037177 1.60715e-09 0.00615395 1.0072e-12 0.871447 0.000726682 0.00184885 0.0463506 0.00296264 5.13895e-06 0.0325993 1.20491e-05 0.000674181 4.21611e-05 
0.121943 0.000231803 0.0439973 0.000989446 0.378584 0.00158171 0.071226 0.289719 0.0345618 0.000411318 0.0305234 0.00205222 0.0165707 0.0076079 
0.0483429 0.00403829 0.237834 0.0188223 0.496313 0.00101667 0.0256942 0.0502556 0.104918 3.87276e-05 0.010991 1.08192e-05 0.00171855 6.44406e-06 
0.115606 4.82212e-06 0.133783 9.21658e-09 0.315763 0.244045 3.76129e-05 0.0975036 7.05192e-06 8.14438e-09 0.00162964 4.11478e-05 0.0915779 6.33115e-07 
0.0580552 0.00162689 0.0243566 4.42059e-06 0.74197 0.00179308 0.0715073 0.0572553 0.0336955 1.48216e-06 0.000410319 0.000758584 0.00841471 0.000151108 
0.0618212 7.50185e-08 0.00866585 8.99271e-05 0.264579 0.12189 0.0905469 0.0943698 0.236869 3.24589e-06 0.00076556 0.00165712 0.113863 0.00487976 
0.0343034 2.07662e-05 0.076469 0.006814 0.372191 0.00141328 0.231039 0.161703 0.0896785 0.000235875 0.00301108 0.00190657 0.019764 0.00145016 
0.0871668 0.000273882 0.0183964 0.00818679 0.642691 0.00116769 0.0472048 0.0116523 0.00310418 0.00062358 0.000132554 7.36548e-06 0.0224954 0.156897 
0.123096 0.00747818 0.0565066 0.00281609 0.272254 8.50681e-06 0.0481302 0.254546 0.00917671 1.07971e-05 0.0153375 0.208732 0.00188682 2.06419e-05 
0.00259022 1.11061e-09 0.00472365 0.00237923 0.843087 0.00171963 0.00278716 0.10289 0.0170697 2.8959e-05 0.0118323 6.56511e-06 0.0107923 9.32741e-05 
0.315964 7.95333e-06 0.276003 1.12482e-10 0.33379 0.00116566 0.0009489 0.0106322 0.00649674 1.75378e-08 0.0526924 0.000923136 0.00135456 2.1816e-05 
0.05436 0.000434309 0.0337102 2.00077e-05 0.707917 0.00016268 0.023283 0.11376 0.0244618 7.74323e-06 0.016477 3.4133e-06 0.0253928 1.03642e-05 
0.0352768 2.40983e-09 0.269831 2.63244e-05 0.645745 0.000119432 0.00363359 0.0155813 0.00894803 8.66548e-05 0.000115219 2.80981e-06 0.0206032 3.11111e-05 
0.00591179 7.46057e-07 0.0159129 0.00374727 0.533546 0.000226213 0.0487784 0.101383 0.187409 3.19603e-05 4.31717e-05 6.27044e-05 0.0565799 0.0463668 
0.252493 1.84074e-05 0.0390793 1.49773e-10 0.481345 1.83078e-05 0.00215055 0.176579 0.000459952 1.85577e-06 0.0110775 0.000819085 0.035951 7.19333e-06 
0.0222456 1.78713e-07 0.00346067 2.03572e-07 0.584326 8.00634e-05 0.181633 0.159466 0.0133201 0.000125925 0.0205726 2.06953e-05 0.0147489 3.25195e-07 
0.0585492 1.27258e-05 0.054949 0.000711315 0.460954 0.000962286 0.138938 0.21774 0.0427048 1.9638e-08 0.0138966 0.00011475 0.0101909 0.000276472 
0.0077038 2.99739e-09 0.0102988 5.25598e-12 0.755929 0.00047204 0.00575665 0.157744 0.030054 9.68137e-07 0.0166483 0.00010409 0.0150809 0.000207638 
0.063687 0.000184624 0.0420957 0.00649721 0.430285 0.000454129 0.0366759 0.315814 0.0449032 0.000882757 0.0361119 0.00203099 0.0170127 0.00336551 
0.024791 5.2523e-12 0.0840269 0.000458773 0.322589 5.69553e-05 0.0613091 0.238084 0.0709461 3.13655e-05 0.00961822 1.26711e-05 0.187335 0.000740656 
0.0160353 6.60459e-12 0.0208793 0.0141002 0.640836 0.000612098 0.00279794 0.158929 0.0413138 0.000145134 0.0735836 0.00131926 0.0292707 0.000178577 
0.0217701 4.87101e-12 0.00549271 0.00253 0.866213 0.000646821 0.0031409 0.0571415 0.00672424 1.24174e-06 0.017572 1.64494e-06 0.0187496 1.67732e-05 
0.062035 0.000548332 0.0530164 6.21686e-05 0.519633 0.000508672 0.0332979 0.14566 0.0200213 3.54524e-06 0.0280004 0.0409659 0.0924071 0.0038402 
0.00728062 2.56361e-09 0.00192807 8.50772e-06 0.535082 0.00297943 0.00832225 0.00817847 0.00716818 5.36189e-06 0.00469992 0.00203929 0.411618 0.0106896 
0.0391193 3.73866e-09 0.0211491 0.00249994 0.549545 0.00226919 0.0253376 0.296829 0.00124933 3.01363e-07 0.000630822 8.22863e-06 0.0607744 0.000588111 
0.0419277 0.00133052 0.0324348 0.00296711 0.329872 0.000804565 0.0650213 0.314484 0.164444 1.09698e-05 0.00118328 0.00016043 0.0402163 0.0051423 
0.130918 2.38614e-08 0.0863283 3.53855e-05 0.548561 2.75004e-05 0.000407155 0.123253 0.0145404 0.00084793 0.0765588 0.00896381 0.0095075 5.14696e-05 
0.0469378 9.18259e-05 0.00487565 0.000972608 0.445716 0.00472739 0.105094 0.156286 0.23185 5.7151e-06 0.000617417 7.49969e-05 0.0024778 0.000273093 
0.0264535 9.6925e-05 0.0767663 0.0020622 0.706105 0.000672616 0.0142055 0.117108 0.0446459 4.73654e-05 0.00567279 0.00441387 0.00168366 6.6618e-05 
0.0695764 3.45765e-11 0.178329 0.000293404 0.265789 0.00127289 0.0187283 0.261488 0.0176172 0.000437958 0.00848887 0.00237729 0.171061 0.00454093 
0.104683 0.000671893 0.114638 0.00522765 0.308369 0.000983293 0.0657317 0.293884 0.0356189 0.00353258 0.0347928 0.00415298 0.0193995 0.00831434 
0.118684 0.000168588 0.0383402 0.0176378 0.507413 0.00207381 0.0636112 0.0701405 0.0565036 1.32843e-05 0.106899 0.00109428 0.015691 0.00172983 
0.0755553 6.40391e-08 0.164825 0.000598696 0.29213 0.0246781 0.0118208 0.0870645 0.00396807 0.00680175 0.0646483 1.21437e-05 0.266543 0.00135318 
0.0217701 4.87101e-12 0.00549271 0.00253 0.866213 0.000646821 0.0031409 0.0571415 0.00672424 1.24174e-06 0.017572 1.64494e-06 0.0187496 1.67732e-05 
0.21648 9.40479e-05 0.049245 0.00451619 0.221344 0.00191191 0.00674684 0.191732 0.125755 0.00158603 0.178738 0.000391232 0.00140705 5.24053e-05 
0.133219 0.000200497 0.0217519 2.06518e-06 0.256145 0.00190582 0.127274 0.160866 0.236587 3.64471e-05 0.0415369 0.00036487 0.0168211 0.00328902 
0.0682817 0.0074903 0.0391306 0.034427 0.369113 0.00306876 0.0691693 0.353017 0.0183844 0.000438251 0.0191676 0.0013748 0.0155198 0.00141754 
0.235371 4.83272e-05 0.0473022 0.00495611 0.41913 0.00167807 0.0458734 0.144633 0.0209833 2.94493e-05 0.0410728 0.00752554 0.0311963 0.000200821 
0.0500258 0.000688358 0.0216015 0.00245147 0.444359 0.00203216 0.070998 0.283913 0.0342988 0.00995809 0.0315149 0.00117693 0.0467657 0.000216462 
0.045174 0.000566682 0.0302333 0.00231173 0.45178 0.00453885 0.102119 0.255158 0.0584299 0.000274818 0.0116103 0.00386659 0.0323825 0.00155389 
0.00603381 3.26411e-08 0.0577385 0.000145284 0.568109 0.0194482 0.00922862 0.0163634 0.00221312 5.92671e-06 0.00037447 9.8651e-09 0.319937 0.000402933 
0.138411 5.04302e-10 0.0358214 1.31287e-05 0.531756 0.000128606 0.0154223 0.2427 0.00745583 5.15149e-10 0.0243542 1.483e-06 0.00385943 7.71481e-05 
0.0298704 2.13266e-05 0.0454379 2.76973e-09 0.63281 1.27816e-05 0.0410339 0.227165 0.0182504 5.1508e-07 0.000390149 2.46231e-06 0.00499799 7.4518e-06 
0.00636049 1.38551e-06 0.00375807 1.49199e-08 0.675433 0.00180008 0.0211441 0.084421 0.186313 3.87617e-06 0.0194098 0.000141518 0.00119461 1.91741e-05 
0.0511891 0.00391301 0.0390249 0.00204291 0.422405 0.00144727 0.0498952 0.369923 0.0164455 0.000311166 0.0279594 0.00147863 0.0138954 6.97082e-05 
0.0234847 7.7235e-12 0.0199994 0.00209582 0.7574 0.000800561 0.0122026 0.13496 0.00920718 2.00061e-06 0.020574 3.34769e-06 0.0192337 3.65502e-05 
0.0103975 0.000189142 0.00696722 2.26636e-06 0.59018 0.00268798 0.0760887 0.118782 0.189706 2.26999e-06 0.00147362 0.000244544 0.00316463 0.000114315 
0.0391193 3.73866e-09 0.0211491 0.00249994 0.549545 0.00226919 0.0253376 0.296829 0.00124933 3.01363e-07 0.000630822 8.22863e-06 0.0607744 0.000588111 
0.0289972 0.000220294 0.0660402 0.00546875 0.431894 0.000969872 0.0704744 0.341933 0.0195435 0.000145426 0.00428128 1.24539e-05 0.0298946 0.000125493 
0.0318186 5.54472e-12 0.0557312 5.80958e-05 0.597262 0.00139611 0.0141768 0.284233 0.00602036 2.70695e-06 0.00405625 4.02984e-09 0.00515576 8.90582e-05 
0.0459678 7.08677e-10 0.302665 0.0392168 0.365299 0.000308298 0.00776087 0.161007 0.031285 0.00180484 0.00091828 7.49695e-05 0.0433929 0.000299703 
0.070477 0.00127781 0.277738 3.42134e-07 0.561029 0.00223917 0.0170503 0.0300122 0.0297195 1.05779e-05 0.00453687 1.3302e-05 0.00585071 4.55063e-05 
0.0497348 1.96003e-08 0.0121672 0.00191941 0.657632 0.000331205 0.0132496 0.0625458 0.0313961 2.09896e-06 0.0243406 0.000957184 0.138139 0.00758511 
0.0285183 8.87374e-05 0.0634005 0.0101024 0.518445 0.000470104 0.0386573 0.303137 0.0240704 0.000848826 0.00106682 8.61973e-06 0.0110953 9.02149e-05 
0.00346225 3.04757e-09 0.00328355 1.69356e-12 0.903842 0.000634828 0.00217258 0.0766156 0.00455228 9.29963e-07 0.00476984 1.21948e-05 0.000614489 3.94617e-05 
0.0380852 9.6533e-05 0.0373996 0.00466493 0.51035 0.00253539 0.0313855 0.114665 0.048898 2.10746e-05 0.00250389 0.195394 0.0138846 0.00011632 
0.00962106 2.34076e-07 0.0473342 0.156601 0.562462 5.2488e-05 0.00843075 0.119317 0.0125178 1.03114e-05 0.00218745 0.0789527 0.00245534 5.77181e-05 
0.0217701 4.87101e-12 0.00549271 0.00253 0.866213 0.000646821 0.0031409 0.0571415 0.00672424 1.24174e-06 0.017572 1.64494e-06 0.0187496 1.67732e-05 
0.00603381 3.26411e-08 0.0577385 0.000145284 0.568109 0.0194482 0.00922862 0.0163634 0.00221312 5.92671e-06 0.00037447 9.8651e-09 0.319937 0.000402933 
0.0217701 4.87101e-12 0.00549271 0.00253 0.866213 0.000646821 0.0031409 0.0571415 0.00672424 1.24174e-06 0.017572 1.64494e-06 0.0187496 1.67732e-05 
0.00393853 6.69695e-08 0.00704921 0.00418515 0.816303 0.00100965 0.00271392 0.121915 0.00588047 4.24983e-05 0.0172165 1.00713e-08 0.0192591 0.000487339 
0.00393853 6.69695e-08 0.00704921 0.00418515 0.816303 0.00100965 0.00271392 0.121915 0.00588047 4.24983e-05 0.0172165 1.00713e-08 0.0192591 0.000487339 
0.0269761 6.73008e-05 0.0534242 0.00166267 0.387978 0.00740664 0.238562 0.0671634 0.0122714 9.78921e-05 0.00782069 0.00070185 0.194817 0.0010508 
0.0375525 0.000772456 0.0137866 0.00552013 0.324438 0.0013618 0.112894 0.32154 0.141516 2.63784e-06 0.0296446 2.66448e-05 0.010916 2.85678e-05 
0.092151 2.97951e-08 0.0879964 2.36059e-05 0.616176 1.83501e-05 0.00499521 0.124225 0.01046 0.000565935 0.0510395 0.00597631 0.00633847 3.43265e-05 
0.130918 2.38614e-08 0.0863283 3.53855e-05 0.548561 2.75004e-05 0.000407155 0.123253 0.0145404 0.00084793 0.0765588 0.00896381 0.0095075 5.14696e-05 
0.0147446 0.000694636 0.0112049 0.000722799 0.792787 0.00418956 0.0218618 0.129859 0.012572 0.000335433 0.00188651 0.000740399 0.00834812 5.29118e-05 
0.0191825 1.08466e-07 0.00463273 1.1053e-07 0.674513 0.000745352 0.00516481 0.282379 0.00375422 5.68174e-06 0.00261114 0.000113244 0.00687816 1.91166e-05 
0.0674477 7.48616e-06 0.233442 0.00318009 0.414023 0.000485591 0.0149377 0.137383 0.00325386 0.00111472 0.0616007 5.20454e-05 0.0333165 0.0297558 
0.0488922 0.000351929 0.117503 0.0030048 0.341213 0.0024215 0.154263 0.223842 0.0760155 0.000414173 0.00951046 0.000815967 0.0206374 0.00111532 
0.127871 0.00183886 0.0174692 0.000318772 0.296199 0.00137109 0.139208 0.256455 0.0952301 1.24732e-05 0.0101619 0.026144 0.0250108 0.00270929 
0.0368011 6.33893e-05 0.00944359 0.000120381 0.346121 0.00343882 0.0675138 0.171039 0.0329963 8.15485e-05 0.010623 0.00409593 0.308634 0.00902805 
0.027091 1.12117e-07 0.17051 0.000629793 0.37131 0.00313077 0.0559573 0.368668 0.00202392 3.01554e-06 4.32665e-05 4.50716e-06 0.00058143 4.68662e-05 
0.00643908 4.42121e-08 0.00704041 0.00594817 0.411756 0.000204988 0.0167619 0.304249 0.123959 1.46439e-05 0.118622 0.000825813 0.00417155 7.88111e-06 
0.043623 2.28267e-05 0.03902 7.57595e-05 0.564264 0.00101942 0.0330512 0.22765 0.0371522 0.000289821 0.0457931 0.000338129 0.00767512 2.51536e-05 
0.00728062 2.56361e-09 0.00192807 8.50772e-06 0.535082 0.00297943 0.00832225 0.00817847 0.00716818 5.36189e-06 0.00469992 0.00203929 0.411618 0.0106896 
0.151153 0.000298887 0.163356 0.000269167 0.238039 7.59902e-05 0.0507817 0.190612 0.0344983 0.00434665 0.0499814 0.00123491 0.110516 0.00483773 
0.0577444 0.000774795 0.020067 0.000895977 0.444298 0.00436408 0.0330803 0.412492 0.00486235 4.18081e-05 0.00976487 0.00145385 0.0101306 3.03102e-05 
0.193049 0.000106144 0.156745 5.11185e-05 0.24597 0.000201233 0.104677 0.21049 0.0854729 0.00113143 0.000319918 2.60981e-06 0.00175802 2.47563e-05 
0.0912119 2.94361e-06 0.157782 0.00199523 0.237855 0.000521944 0.158048 0.174471 0.10571 0.000102075 0.0568644 0.000237579 0.0142768 0.000921871 
0.0364148 7.54024e-08 0.00445099 1.22021e-05 0.860908 6.29467e-05 0.0172947 0.0309143 0.00639417 4.38326e-08 8.49271e-05 0.000716454 0.00399308 0.0387536 
0.0595211 3.50211e-09 0.006532 1.12365e-05 0.598605 0.000997494 0.0308019 0.113201 0.0170178 3.45054e-06 0.0817708 0.00329862 0.084913 0.00332615 
0.0904471 3.72341e-06 0.0119 0.000721051 0.515948 0.00151383 0.0118221 0.091295 0.0930863 1.15348e-05 0.0330847 2.15533e-05 0.150038 0.000106463 
0.00294945 1.30489e-12 0.0046943 0.0266642 0.802546 0.00213613 0.000818202 0.0842933 0.0117142 0.000115028 0.0369383 6.48384e-06 0.0267927 0.000331823 
0.0328865 9.3715e-07 0.0270933 0.0149255 0.431973 0.000719459 0.0277312 0.420662 0.0357266 3.84875e-05 0.00299375 6.9231e-05 0.00515933 2.02233e-05 
0.210468 0.0246299 0.0131384 0.0366039 0.338019 0.000284873 0.0860123 0.244038 0.0237894 5.65483e-06 0.0159297 0.000266242 0.00680142 1.31306e-05 
0.0481813 0.000231616 0.011749 0.00226339 0.575708 0.00053067 0.0385244 0.208159 0.077859 0.000120475 0.0250303 0.000638451 0.00686784 0.0041369 
0.203393 0.000482938 0.0418629 0.000194963 0.295695 0.0613566 0.0646082 0.192425 0.0693662 0.000693585 0.00935917 2.67827e-05 0.0599908 0.000544729 
0.0130366 1.21934e-09 0.00270539 6.42508e-06 0.722709 0.00645803 0.0106804 0.0105522 0.00464548 1.93868e-06 0.00303482 0.000123789 0.225065 0.000980715 
0.0217701 4.87101e-12 0.00549271 0.00253 0.866213 0.000646821 0.0031409 0.0571415 0.00672424 1.24174e-06 0.017572 1.64494e-06 0.0187496 1.67732e-05 
0.0526144 3.94901e-05 0.00555649 9.16064e-07 0.565026 0.00957802 0.0214135 0.0293473 0.0466676 1.75747e-05 0.0884457 0.000256224 0.180787 0.000249657 
0.124811 0.000210844 0.0128063 0.000295143 0.452136 0.0199862 0.0149289 0.261764 0.0685592 1.80728e-05 0.0369768 5.35841e-05 0.00693762 0.000516866 
0.0197793 0.00012743 0.00844041 0.0352512 0.62456 0.00316339 0.0235105 0.20667 0.0534335 4.997e-05 0.0107546 0.000741822 0.0134514 6.63437e-05 
0.106158 0.00313929 0.217182 0.000263429 0.285727 0.0025248 0.0815924 0.207534 0.0293243 0.00010141 0.0298918 0.00387209 0.032043 0.000645921 
0.0235049 0.00023918 0.0836372 0.0417366 0.385831 0.00193549 0.0507044 0.229503 0.117076 9.66786e-05 0.0149174 0.00058506 0.0501517 8.19442e-05 
0.0317759 1.52057e-08 0.0113126 0.0433978 0.754694 0.0003882 0.0145079 0.13204 0.0111067 1.59266e-08 5.28121e-05 2.54594e-06 0.000710094 1.20647e-05 
0.0562577 2.52266e-05 0.117369 0.00397194 0.603631 0.00122432 0.0347487 0.129487 0.0188557 1.689e-05 0.0290713 4.78543e-06 0.00503831 0.000298227 
0.0778986 6.32558e-12 0.242197 8.80848e-05 0.381279 2.06549e-05 0.0109259 0.276548 0.00238502 9.86221e-05 0.00812719 1.28108e-06 0.000366902 6.30548e-05 
0.0702639 2.00199e-07 0.0173242 0.00145005 0.647332 0.000982869 0.0296981 0.213414 0.00286172 6.28344e-05 0.00820728 4.28928e-06 0.00835078 4.77126e-05 
0.0293911 0.000281041 0.0110046 0.00337504 0.416671 0.00187748 0.125274 0.291784 0.086922 0.00023363 0.015431 0.00495903 0.00971143 0.0030848 
0.148154 2.01062e-05 0.0289891 0.00280844 0.434389 0.000217202 0.057821 0.203618 0.0934273 7.01438e-05 0.0133274 0.0113098 0.00580367 4.44682e-05 
0.0845889 2.6176e-07 0.128434 0.00106391 0.481809 3.48718e-05 0.0548432 0.209115 0.00567479 0.000307831 0.0273477 0.00321318 0.00339763 0.000170352 
0.00726603 0.00103038 0.00656554 0.00067157 0.670196 0.000118951 0.14916 0.12144 0.0138866 1.25949e-05 0.00230301 0.000189565 0.02694 0.000219008 
0.0433958 6.59303e-05 0.0215774 6.34136e-11 0.728922 2.45111e-07 0.0576263 0.101632 0.0181265 2.42687e-07 0.0285722 8.14258e-05 6.96262e-08 2.3226e-08 
0.0403437 9.79727e-05 0.0145715 0.00532092 0.401672 0.00196839 0.0951992 0.368414 0.0440106 3.67164e-07 0.0144151 4.17027e-06 0.0139378 4.43173e-05 
0.0979397 0.00417583 0.0133328 1.84112e-10 0.412037 2.10485e-06 0.305363 0.113437 0.0473769 4.16908e-06 0.00021428 1.38954e-05 0.00608908 1.44219e-05 
0.0530228 4.78576e-08 0.0410394 0.00297228 0.435142 0.000236685 0.0900818 0.219391 0.0654859 1.87712e-11 0.0712789 5.12974e-05 0.0205284 0.000769505 
0.0208088 1.91883e-05 0.0518577 0.00865954 0.526011 0.000975902 0.209122 0.145181 0.0121678 7.67226e-07 0.00550969 3.12149e-07 0.0194179 0.000268381 
0.0448894 7.2297e-09 0.0389787 0.00433362 0.489081 0.000143082 0.0235669 0.325639 0.0664975 0.000458334 0.00167286 1.38373e-07 0.004461 0.000278689 
0.0887416 0.000870892 0.0170861 0.00418083 0.608604 3.48299e-05 0.0636675 0.103006 0.0747144 1.03055e-05 0.000287853 3.861e-06 0.0387158 7.58937e-05 
0.115838 0.00113668 0.0340468 0.000460219 0.470967 0.00140132 0.152393 0.158517 0.0246763 0.000118183 0.00834734 0.0030191 0.0117816 0.0172974 
0.00786705 1.63087e-05 0.0565354 4.34665e-05 0.413166 0.0373599 0.132525 0.0317335 0.00884708 0.000387095 0.0145868 0.000783706 0.292585 0.00356241 
0.167669 1.76575e-08 0.0653722 0.00664927 0.288386 0.000385528 0.00688667 0.278848 0.0704794 9.52805e-05 0.109532 0.000400064 0.00522182 7.53363e-05 
0.0952696 0.000493352 0.206381 0.00076746 0.371494 0.0161862 0.0868184 0.143637 0.0244264 2.79068e-05 0.011594 0.00178355 0.0405089 0.00061145 
0.0693083 8.7902e-05 0.0579728 0.000317734 0.630408 0.0105479 0.0714225 0.103769 0.0391521 1.25873e-05 0.00645402 8.71505e-05 0.0103036 0.000155704 
0.0521458 0.00040352 0.0399403 0.000364711 0.389187 0.00576396 0.117203 0.261872 0.10298 5.68185e-05 0.0129663 0.000779614 0.015849 0.000488033 
0.0695616 9.90785e-08 0.0775227 3.1672e-05 0.531841 0.00017209 0.00125846 0.267254 0.0118419 0.00160201 0.0265826 0.00314124 0.00913751 5.33469e-05 
8.62007e-05 1.02419e-09 0.000904436 0.000386867 0.962903 0.00050022 0.00190507 0.0140927 0.00204856 1.97871e-06 1.31743e-05 1.67841e-06 0.0171286 2.72488e-05 
0.0929133 7.61901e-08 0.0553782 0.000396998 0.504592 3.85438e-05 0.0538205 0.212134 0.0648364 1.65579e-06 0.000573752 5.9161e-07 0.0152755 3.82666e-05 
0.180357 5.54147e-05 0.0190761 0.00289507 0.542779 1.23676e-07 0.060355 0.142119 0.039351 8.07734e-08 0.0130093 9.65614e-11 3.10785e-06 5.28453e-08 
0.000961599 1.87951e-09 0.00342823 0.0227483 0.853854 0.00276529 0.000651362 0.0671376 0.0245896 0.00012792 0.0174773 9.48691e-06 0.00618327 6.61379e-05 
0.0677586 0.00153212 0.0623969 0.00342777 0.487659 0.0216899 0.125803 0.134374 0.00564555 8.47306e-05 0.0231921 2.66814e-05 0.066193 0.000216474 
0.0289115 1.0577e-08 0.0253016 0.000143631 0.567772 0.00391299 0.0101614 0.160123 0.0561967 0.000251692 0.0131708 0.000505304 0.129062 0.00448737 
0.072228 5.9704e-08 0.0160765 0.000171572 0.626866 0.000152062 0.11352 0.14093 0.0139957 3.97283e-05 0.000684717 4.80263e-05 0.0047777 0.0105096 
0.00033501 2.14576e-08 0.00127975 0.0143652 0.692868 0.0031638 0.0009069 0.0543861 0.215607 6.87664e-06 0.00103903 1.687e-05 0.0160228 2.66489e-06 
0.0065288 1.09727e-09 0.00469407 1.85285e-05 0.467418 0.000306778 0.189434 0.280451 0.00661704 6.24541e-05 0.000182976 2.25644e-05 0.00555455 0.0387098 
0.00631473 9.34388e-09 0.0106266 0.00010993 0.725433 2.12933e-05 0.0538439 0.075394 0.109855 1.63198e-05 3.51402e-06 0.0172508 0.00104515 8.52766e-05 
0.0690802 1.20075e-08 0.00597715 2.07335e-05 0.425897 0.00548405 0.0444431 0.401799 0.0393641 4.5922e-06 0.00274206 0.00298433 0.00218071 2.2903e-05 
0.00419352 9.42571e-06 0.00752412 9.27426e-12 0.87468 0.0003024 0.00896244 0.0882221 0.0124701 3.08426e-06 0.00323009 1.53498e-05 0.000292666 9.48879e-05 
0.0578402 8.39035e-08 0.0781946 2.53457e-05 0.569033 0.000137687 0.00508373 0.247414 0.00985816 0.00128183 0.0212662 0.00251314 0.00731007 4.26839e-05 
0.00751021 0.000404867 0.0372449 1.22319e-05 0.779712 0.00182358 0.0810374 0.0243927 0.0609562 5.24783e-07 0.00336663 0.000213541 0.0016766 0.00164907 
0.000299937 6.19202e-13 0.00686508 0.105071 0.629038 0.00195725 0.000803362 0.173928 0.0765269 0.000129968 4.57482e-05 5.01896e-06 0.00522458 0.000104229 
0.130918 0.00114074 0.0509874 0.000113917 0.521558 0.00101655 0.0818 0.12368 0.0675915 5.18388e-06 0.00832232 0.000963347 0.0118818 2.12953e-05 
0.00558381 3.1238e-13 0.000895594 2.2468e-05 0.609113 0.00417381 0.0137394 0.00475621 0.00156419 5.7844e-07 0.000152311 4.49925e-05 0.358933 0.00102123 
0.0167908 8.07296e-09 0.00733968 0.000141701 0.770788 3.05392e-05 0.00671107 0.129365 0.00185751 1.32095e-07 0.0651787 0.000141496 0.0016284 2.69614e-05 
0.00431476 2.27941e-07 0.00118425 0.000574317 0.512168 0.000218892 0.0282419 0.301706 0.0231725 6.05239e-05 0.000452742 1.35763e-05 0.0621458 0.0657469 
0.00157256 2.17729e-11 0.0136845 0.00466222 0.544307 0.00200762 0.0126035 0.368936 0.0170132 6.26059e-05 7.15114e-05 4.9375e-05 0.0347528 0.000277232 
0.0421197 2.2134e-05 0.00675012 1.25726e-05 0.373549 0.00220849 0.154885 0.305849 0.0891045 1.39404e-06 0.0237939 3.6789e-05 0.00161981 4.73735e-05 
0.319651 8.06021e-07 0.0181336 1.1752e-05 0.374022 0.00126353 0.0480822 0.0612808 0.162477 2.91005e-06 0.0134231 0.000165003 0.00146991 1.61285e-05 
0.0014186 2.8451e-10 8.82322e-05 2.33932e-05 0.883344 0.00209212 0.0147338 0.00568318 0.000651561 7.23382e-08 0.000220129 7.06769e-06 0.09164 9.81812e-05 
0.111028 0.000129154 0.0280242 3.21085e-06 0.588112 0.0128187 0.0856802 0.111224 0.0381228 0.000113542 0.0235454 0.00015525 0.000987589 5.68714e-05 
0.169554 3.24599e-06 0.0551496 0.000101672 0.578087 0.00091421 0.000921843 0.129602 0.0110066 0.00465287 0.0469295 0.000504075 0.00248677 8.71122e-05 
0.0581965 1.19191e-06 0.320821 4.44147e-06 0.380645 3.9576e-05 0.00416836 0.0923396 0.00901475 0.000361209 1.683e-07 0.00262005 0.131728 6.08204e-05 
0.0292428 0.000241953 0.0140301 7.33459e-05 0.767628 0.00313246 0.0212645 0.108736 0.0385645 2.0955e-05 0.00837497 1.93986e-06 0.00856055 0.000127858 
0.0526144 3.94901e-05 0.00555649 9.16064e-07 0.565026 0.00957802 0.0214135 0.0293473 0.0466676 1.75747e-05 0.0884457 0.000256224 0.180787 0.000249657 
0.0300541 0.000138116 0.00798195 0.000336163 0.414699 0.00279611 0.107867 0.185765 0.237038 1.24037e-05 0.00229248 1.12575e-05 0.00105639 0.00995327 
0.0403261 9.33082e-06 0.05143 0.00181732 0.645918 0.00144043 0.016827 0.200749 0.00779718 0.00103617 0.00956104 0.00334338 0.0195725 0.000172583 
0.00603381 3.26411e-08 0.0577385 0.000145284 0.568109 0.0194482 0.00922862 0.0163634 0.00221312 5.92671e-06 0.00037447 9.8651e-09 0.319937 0.000402933 
0.00603381 3.26411e-08 0.0577385 0.000145284 0.568109 0.0194482 0.00922862 0.0163634 0.00221312 5.92671e-06 0.00037447 9.8651e-09 0.319937 0.000402933 
0.0167908 8.07296e-09 0.00733968 0.000141701 0.770788 3.05392e-05 0.00671107 0.129365 0.00185751 1.32095e-07 0.0651787 0.000141496 0.0016284 2.69614e-05 
0.0588464 0.00034758 0.0205413 4.52123e-06 0.731294 3.35303e-05 0.0756784 0.079252 0.00633009 4.25404e-06 0.0185772 0.0046021 0.000940597 0.00354802 
0.0483825 0.00178698 0.0806794 0.00235232 0.583478 0.00534378 0.0171915 0.120283 0.0303761 0.0935106 0.00071336 0.00812015 0.00741105 0.000371419 
0.0130366 1.21934e-09 0.00270539 6.42508e-06 0.722709 0.00645803 0.0106804 0.0105522 0.00464548 1.93868e-06 0.00303482 0.000123789 0.225065 0.000980715 
0.027482 5.59637e-07 0.0573095 2.7895e-09 0.502242 5.07714e-05 0.00997321 0.389574 0.00112622 4.26156e-05 0.000548702 0.000162374 0.000716224 0.0107714 
0.00419352 9.42571e-06 0.00752412 9.27426e-12 0.87468 0.0003024 0.00896244 0.0882221 0.0124701 3.08426e-06 0.00323009 1.53498e-05 0.000292666 9.48879e-05 
0.216278 0.0667662 0.0207534 2.92757e-08 0.474174 1.39048e-07 0.128955 0.069508 0.00840949 1.48407e-08 4.13383e-06 8.23781e-07 0.0151504 9.18137e-09 
0.0206397 3.15571e-06 0.0543013 0.00451332 0.419421 0.00352175 0.0268255 0.349462 0.0062743 0.00238297 0.0257002 0.000266964 0.0863978 0.000289405 
0.138953 3.34684e-05 0.00657033 0.0129965 0.615359 9.24706e-05 0.0450203 0.115038 0.0114038 2.95472e-05 0.0033936 0.0415465 0.00795337 0.00161022 
0.00205708 4.30706e-08 0.0158804 0.0296249 0.358599 0.000916311 0.0108406 0.223974 0.337408 0.00348929 4.612e-05 7.04221e-06 0.0171148 4.2353e-05 
0.0695616 9.90785e-08 0.0775227 3.1672e-05 0.531841 0.00017209 0.00125846 0.267254 0.0118419 0.00160201 0.0265826 0.00314124 0.00913751 5.33469e-05 
0.0408839 7.0471e-06 0.0248876 0.000131621 0.432951 0.00351167 0.0334569 0.0621054 0.0292404 0.000833422 0.00224037 0.00542056 0.360606 0.00372402 
0.0249883 4.50423e-06 0.0295775 1.40577e-11 0.546955 9.06592e-05 0.0742458 0.312917 0.00198064 6.01713e-06 0.00476201 0.000990425 0.00345148 3.03767e-05 
0.111313 0.208904 0.009837 6.3401e-05 0.519082 0.00037709 0.042552 0.0227053 0.0488695 8.66194e-06 0.00509091 0.0167675 0.0136928 0.000736387 
0.037177 1.60715e-09 0.00615395 1.0072e-12 0.871447 0.000726682 0.00184885 0.0463506 0.00296264 5.13895e-06 0.0325993 1.20491e-05 0.000674181 4.21611e-05 
0.0050217 8.30028e-12 0.0393961 9.59504e-12 0.490209 8.62254e-08 0.00160529 0.119976 0.163237 0.0058645 0.173398 0.000190401 0.0011015 9.42101e-08 
0.100602 0.00371317 0.181385 0.00183949 0.269668 0.00830239 0.0881553 0.131225 0.0853769 0.000162283 0.0211113 0.00146108 0.101696 0.00530248 
0.037177 1.60715e-09 0.00615395 1.0072e-12 0.871447 0.000726682 0.00184885 0.0463506 0.00296264 5.13895e-06 0.0325993 1.20491e-05 0.000674181 4.21611e-05 
0.0565476 0.0389452 0.0186147 9.29235e-05 0.796528 0.00611479 0.0529952 0.0251791 0.0030985 4.85346e-08 0.00127856 1.20219e-07 0.000564609 4.05371e-05 
0.0787838 0.000343985 0.00922083 7.49476e-07 0.330491 3.28474e-05 0.245421 0.309577 0.0149513 1.45911e-05 0.00316387 0.00529097 0.000302975 0.00240559 
0.0123701 1.73289e-11 0.00943415 0.00546432 0.859158 5.37887e-05 0.0283206 0.0637108 0.00399781 4.35637e-05 0.00454058 5.45496e-05 0.0128242 2.77545e-05 
0.0438334 0.00444997 0.0641344 0.000205865 0.287998 0.00558397 0.260311 0.204901 0.075438 0.000363999 0.0111998 0.00309305 0.0347404 0.00374753 
0.0105949 2.26011e-05 0.086202 0.0192699 0.407285 0.00489866 0.0237216 0.269488 0.0598849 8.80929e-05 0.000586433 5.9425e-06 0.117564 0.000388274 
0.0170072 5.50243e-13 0.00614165 0.0037389 0.779647 0.000732634 0.00206384 0.172408 0.00899088 1.14553e-05 0.00780163 4.79159e-06 0.00142513 2.69691e-05 
0.0130366 1.21934e-09 0.00270539 6.42508e-06 0.722709 0.00645803 0.0106804 0.0105522 0.00464548 1.93868e-06 0.00303482 0.000123789 0.225065 0.000980715 
0.00118916 1.08476e-11 0.0194239 6.08578e-08 0.889716 1.19236e-08 0.00262253 0.0724833 0.014552 2.68742e-06 5.64686e-08 2.67168e-09 9.36539e-06 1.46603e-06 
0.0286617 7.63761e-05 0.0474023 0.00433543 0.404938 0.00127026 0.155926 0.18652 0.0510148 3.80317e-05 0.00185599 0.000329859 0.105941 0.0116892 
0.231414 7.77157e-06 0.00124332 0.0596508 0.67968 1.36085e-10 1.76515e-06 0.0113134 1.83661e-05 1.82916e-10 0.0164491 2.12564e-10 4.2171e-11 0.000221698 
0.0243956 0.000125443 0.0152756 0.000269869 0.375492 0.00027606 0.189466 0.368495 0.0132973 3.40575e-05 0.00546463 6.73095e-06 0.00727225 0.000129648 
0.0624217 0.00776395 0.123178 0.000646355 0.329825 0.0045111 0.0395732 0.153736 0.0376436 0.000150463 0.0103612 0.00680932 0.203231 0.0201496 
0.0191825 1.08466e-07 0.00463273 1.1053e-07 0.674513 0.000745352 0.00516481 0.282379 0.00375422 5.68174e-06 0.00261114 0.000113244 0.00687816 1.91166e-05 
0.119131 2.10921e-06 0.0482893 0.00143859 0.388275 0.000304716 0.0162264 0.33785 0.0165096 3.26439e-05 0.0109393 0.00209678 0.0570455 0.00185925 
0.0530663 0.0020028 0.0791252 2.71436e-07 0.402548 0.00449244 0.197397 0.19471 0.0442254 1.76378e-05 0.00579751 0.000125816 0.0163297 0.000162741 
0.0786884 6.76218e-11 0.0671295 0.000122058 0.570566 0.000619206 0.0128241 0.243894 0.0034874 0.000299316 0.00122712 0.000323 0.0204621 0.000358257 
0.0720534 0.000655909 0.148022 0.121413 0.321999 0.00186457 0.0361882 0.225682 0.0286998 0.000769821 0.030769 0.000184777 0.0115542 0.000143865 
0.0794876 0.000499944 0.0649655 0.00037074 0.391464 0.244844 0.0140087 0.177029 0.00366146 8.06406e-06 0.00979193 4.06777e-06 0.0133786 0.000486679 
0.0130366 1.21934e-09 0.00270539 6.42508e-06 0.722709 0.00645803 0.0106804 0.0105522 0.00464548 1.93868e-06 0.00303482 0.000123789 0.225065 0.000980715 
0.00351586 8.43926e-05 0.0379199 5.39689e-12 0.597992 0.0165348 0.0972964 0.172447 0.0698922 2.65008e-06 0.00183577 3.49196e-08 0.00244193 3.71964e-05 
0.0382435 0.000528317 0.0216484 0.00302024 0.310215 0.00124728 0.188892 0.235882 0.164276 2.00905e-05 0.0100818 0.000126023 0.0248507 0.000967865 
0.0816271 0.000676314 0.129232 0.0014173 0.229375 0.00760319 0.0475848 0.173866 0.0433413 0.00484413 0.0174851 0.00271526 0.151733 0.108499 
0.0665159 2.33539e-06 0.01281 5.76123e-05 0.562033 0.000607519 0.0460181 0.270458 0.0294492 3.19192e-06 0.00687579 3.26275e-06 0.00509013 7.64829e-05 
0.0793906 0.00163579 0.145267 0.00288498 0.274346 0.0112535 0.166066 0.194006 0.0355874 0.000136348 0.0156829 0.00727772 0.066355 0.000110453 
0.0404278 5.57785e-05 0.015407 0.0223371 0.442679 0.00261334 0.0405553 0.0275155 0.223252 4.2934e-05 0.000848988 1.45712e-05 0.182932 0.00131967 
0.00520389 8.94348e-12 0.00175458 3.40758e-05 0.586301 0.00272947 0.0108679 0.0283636 0.0057071 0.000146419 0.000666442 0.00159487 0.349044 0.00758672 
0.144983 1.16812e-05 0.0674411 1.09237e-07 0.600203 9.58788e-05 0.0471675 0.0809788 0.0121086 5.89283e-06 0.0425963 0.000227915 0.00183574 0.00234453 
0.0201384 0.00245335 0.0123112 0.0124372 0.626582 0.0014405 0.031861 0.190875 0.0763653 8.46184e-06 0.0155799 0.00934229 0.000508606 9.68232e-05 
0.16036 0.0347879 0.0213971 0.000315868 0.253969 0.000496556 0.115385 0.12993 0.237783 0.0129385 0.000258233 0.000221022 0.00788358 0.0242748 
0.0370256 0.000176602 0.0773036 0.0234943 0.329896 0.00044016 0.0188036 0.26478 0.192357 0.000547864 0.0229261 3.87271e-05 0.031964 0.000246447 
0.00210062 7.76154e-06 0.0187572 0.336823 0.387661 0.00591377 0.0167723 0.178894 0.0375146 6.73329e-05 0.00229755 0.00212507 0.0108832 0.00018257 
0.231366 7.37042e-06 0.0573588 0.045122 0.240811 0.0586645 0.0362248 0.0112036 0.0589684 2.83437e-05 0.0340944 0.216221 0.00988433 4.51608e-05 
0.0227756 9.7237e-05 0.00751679 0.000932403 0.771822 0.00738368 0.0231708 0.0692363 0.00695891 2.14502e-05 0.0103783 0.000610259 0.0788006 0.000295768 
0.0357204 2.01133e-05 0.0487319 0.0026967 0.604451 0.000398841 0.0194214 0.274874 0.00497869 7.94048e-07 0.00587159 0.000889982 0.00173164 0.000213197 
0.0204751 0.00240917 0.0488485 0.00469181 0.345769 0.00877685 0.252334 0.170637 0.0699849 0.000227369 0.0140011 0.00383678 0.0544825 0.00352572 
0.0189754 0.000221718 0.0676463 0.0282239 0.305025 0.186431 0.0223447 0.284734 0.0365326 0.00245424 0.0285371 0.000364503 0.0179681 0.000542613 
0.0191825 1.08466e-07 0.00463273 1.1053e-07 0.674513 0.000745352 0.00516481 0.282379 0.00375422 5.68174e-06 0.00261114 0.000113244 0.00687816 1.91166e-05 
0.0352768 2.40983e-09 0.269831 2.63244e-05 0.645745 0.000119432 0.00363359 0.0155813 0.00894803 8.66548e-05 0.000115219 2.80981e-06 0.0206032 3.11111e-05 
0.0295577 9.71537e-07 0.00447227 5.37642e-05 0.569011 0.006626 0.0724481 0.0625462 0.0373069 9.49383e-06 0.0111937 0.00037428 0.20183 0.00456905 
0.0217701 4.87101e-12 0.00549271 0.00253 0.866213 0.000646821 0.0031409 0.0571415 0.00672424 1.24174e-06 0.017572 1.64494e-06 0.0187496 1.67732e-05 
0.0420563 2.94181e-05 0.00510122 3.94142e-06 0.59381 0.008808 0.0192898 0.0262346 0.0353557 1.30082e-05 0.0688633 0.000257554 0.19978 0.000397541 
0.0364148 7.54024e-08 0.00445099 1.22021e-05 0.860908 6.29467e-05 0.0172947 0.0309143 0.00639417 4.38326e-08 8.49271e-05 0.000716454 0.00399308 0.0387536 
0.0667491 0.000189084 0.00657166 0.00242516 0.681958 0.000213207 0.0147941 0.107112 0.0418354 4.75102e-06 0.00814701 0.00106909 0.066297 0.00263438 
0.171858 0.00306859 0.115167 3.56848e-05 0.282073 0.00218886 0.106075 0.109749 0.0180107 0.00106539 0.00254735 0.00570993 0.180106 0.00234538 
0.0308007 1.75999e-05 0.0190893 0.000860579 0.417706 0.190886 0.0133055 0.100327 0.0186413 3.12049e-05 0.016234 0.000227731 0.19088 0.000992269 
0.0707918 0.000318798 0.0265318 0.00110853 0.424704 0.0013142 0.0746873 0.312611 0.0454789 9.35155e-05 0.0187172 0.00725855 0.0151882 0.00119554 
0.0122806 7.78163e-09 0.0731441 0.000567022 0.670933 0.000568863 0.0134867 0.172336 0.0247237 2.41492e-05 0.00898457 0.00106683 0.0180869 0.00379822 
0.0391193 3.73866e-09 0.0211491 0.00249994 0.549545 0.00226919 0.0253376 0.296829 0.00124933 3.01363e-07 0.000630822 8.22863e-06 0.0607744 0.000588111 
0.0374532 8.92787e-05 0.0290198 0.0028434 0.54125 0.0042995 0.0576007 0.213637 0.0481276 0.000106607 0.00481253 0.000383942 0.0601469 0.000229083 
0.0618743 1.82064e-05 0.0196057 0.000308812 0.690852 0.000454464 0.0300899 0.143965 0.0191176 1.75905e-05 0.0182826 0.000455632 0.0138883 0.00106932 
0.010406 0.000117956 0.0243707 0.113709 0.608089 0.00428689 0.0190495 0.174847 0.0254351 2.90575e-05 0.00605284 0.00466575 0.00875625 0.000185312 
0.238476 0.00181909 0.208188 3.03086e-07 0.322396 3.03203e-07 0.0529434 0.0733958 0.0547597 3.03125e-07 0.0271525 0.00294015 0.0176861 0.000242979 
0.00346225 3.04757e-09 0.00328355 1.69356e-12 0.903842 0.000634828 0.00217258 0.0766156 0.00455228 9.29963e-07 0.00476984 1.21948e-05 0.000614489 3.94617e-05 
0.0559676 1.41412e-10 0.00949344 0.000116739 0.374241 0.000161415 0.137204 0.20179 0.205042 1.53076e-07 0.00102643 0.00461363 0.0103084 3.58196e-05 
0.053343 3.31807e-12 0.0109967 7.58223e-08 0.823454 0.00025889 0.000996532 0.0520513 0.000898873 8.20783e-07 0.0474669 3.50858e-09 0.0105219 1.09751e-05 
0.0981961 5.96392e-06 0.258204 9.25492e-06 0.333564 0.000111432 0.0649504 0.204277 0.0150217 4.29519e-05 0.0166362 3.43121e-06 0.00886405 0.000113824 
0.00199795 5.26356e-07 0.0509766 1.18898e-10 0.583188 0.00652523 0.0187953 0.291312 0.0464166 4.08179e-08 1.25165e-07 1.22096e-10 0.000254422 0.000532469 
0.012941 6.25265e-12 0.00240178 1.16106e-07 0.913103 6.38565e-08 0.0127798 0.0453724 0.00418706 6.38713e-12 0.000124872 1.5031e-08 0.00879229 0.000297379 
0.0695616 9.90785e-08 0.0775227 3.1672e-05 0.531841 0.00017209 0.00125846 0.267254 0.0118419 0.00160201 0.0265826 0.00314124 0.00913751 5.33469e-05 
0.0578402 8.39035e-08 0.0781946 2.53457e-05 0.569033 0.000137687 0.00508373 0.247414 0.00985816 0.00128183 0.0212662 0.00251314 0.00731007 4.26839e-05 
0.00975802 3.16007e-06 0.00956116 0.00270849 0.743626 0.00534114 0.00862718 0.163099 0.044294 6.11982e-05 0.00351399 0.000118283 0.00915866 0.000129254 
0.0817946 5.01639e-08 0.0383003 0.000258138 0.503381 0.00249064 0.244525 0.0856179 0.0057769 0.00041013 0.0017537 0.000213661 0.0300909 0.00538703 
0.0176396 0.000378605 0.0219384 0.0135488 0.419094 0.00322931 0.0317534 0.22368 0.0154307 4.34275e-05 0.0496272 0.000191396 0.171493 0.0319526 
0.0443451 1.1697e-06 0.0367306 0.000864807 0.522025 0.00149743 0.0291359 0.148117 0.1134 8.24623e-05 0.0148043 0.000180296 0.0866891 0.00212615 
0.332402 2.72674e-11 0.0166475 9.34619e-05 0.41471 0.000660981 0.00202133 0.223803 0.00365734 5.84638e-06 0.000785377 1.76189e-08 0.00517596 3.75236e-05 
0.0560452 2.12069e-06 0.152886 1.50967e-06 0.441009 0.00126317 0.0490395 0.231896 0.0224255 0.00131273 0.0271063 0.000198893 0.0108233 0.00599016 
0.0933795 0.000658764 0.0793726 3.28403e-08 0.55221 0.000250637 0.135299 0.0923301 0.0134842 7.01532e-07 0.029624 0.00129345 0.00205645 3.99404e-05 
0.040098 3.23756e-06 0.0470227 0.000172324 0.466651 0.000732603 0.0101281 0.333829 0.00704256 0.000302179 0.0232801 0.0156266 0.0523166 0.00279453 
0.0367479 1.9476e-12 0.00291961 2.2514e-12 0.849478 1.10659e-05 0.00227804 0.0990201 0.00125494 1.36449e-06 0.0081725 3.31197e-09 0.000101657 1.44368e-05 
0.161805 0.0480633 0.0565335 4.46656e-08 0.475206 0.00728392 0.114932 0.0353402 0.0783994 3.97926e-06 0.00157291 0.000684186 0.0201366 3.91997e-05 
0.031786 0.00237176 0.049167 7.03974e-05 0.313131 0.017249 0.0736944 0.204424 0.0166227 3.25797e-05 0.00817801 0.0229113 0.256768 0.00359389 
0.0988048 0.00497877 0.0686969 0.00379748 0.22668 0.00530861 0.212626 0.170463 0.121849 0.000218044 0.0188775 0.00418956 0.0579678 0.00554293 
0.130918 2.38614e-08 0.0863283 3.53855e-05 0.548561 2.75004e-05 0.000407155 0.123253 0.0145404 0.00084793 0.0765588 0.00896381 0.0095075 5.14696e-05 
0.00504755 2.34109e-06 0.22318 0.000558376 0.627684 3.46584e-06 0.00113726 0.112002 0.0164944 0.0119919 4.52456e-05 3.48227e-07 0.00149107 0.000361619 
0.107989 0.000511107 0.0500152 0.00162333 0.536828 0.000873126 0.0406744 0.243521 0.00514851 4.67125e-05 0.00150182 4.10162e-05 0.00742024 0.00380655 
0.0314708 0.000399302 0.0400856 0.02242 0.316173 0.00471862 0.0700452 0.249453 0.187515 0.0023052 0.0157674 0.001075 0.0581844 0.000387244 
0.0123842 1.83658e-10 0.0136943 2.21229e-08 0.486767 0.000890061 0.183709 0.121601 0.118652 1.03039e-08 0.00825888 6.44753e-07 0.0539232 0.000119816 
0.0470641 1.21901e-11 0.0172447 0.000888514 0.737542 0.000181816 0.00514025 0.146477 0.00662435 0.0315828 0.00530053 2.27364e-05 0.00107946 0.000851981 
0.127112 0.000429913 0.197037 0.000520399 0.420582 0.0563458 0.127563 0.039691 0.012182 1.09764e-05 0.00107792 0.00760233 0.00700498 0.00284101 
0.0816262 1.84464e-05 0.0375326 0.0002134 0.597962 0.000352931 0.00572208 0.21373 0.0109006 0.0126862 0.0252383 0.00345833 0.00938735 0.00117203 
0.130918 2.38614e-08 0.0863283 3.53855e-05 0.548561 2.75004e-05 0.000407155 0.123253 0.0145404 0.00084793 0.0765588 0.00896381 0.0095075 5.14696e-05 
0.00878702 0.00570096 0.194751 0.0324085 0.260976 6.29577e-07 0.00540608 0.232316 0.215971 1.57144e-05 0.0399027 2.33279e-06 0.00374152 2.07095e-05 
0.0214239 1.32671e-06 0.00154645 0.084925 0.708171 0.000528267 0.0719977 0.0390099 0.0226581 8.28648e-06 0.0028929 2.12135e-05 0.046672 0.000144551 
0.0985989 8.97572e-05 0.0449148 3.24267e-05 0.337146 0.00528434 0.0504065 0.223318 0.0143213 0.00109852 0.0209302 0.0235781 0.0643595 0.115922 
