0.166489 0.213034 0.0429634 0.000133111 0.18111 0.00382668 0.257528 0.0170772 0.0795044 0.000266383 0.00265065 0.00797541 0.0231975 0.00424459 
0.0214619 0.000333721 0.102225 0.00235919 0.0859176 0.00980362 0.287463 0.198985 0.260251 5.23046e-05 0.00447752 7.33081e-05 0.0265323 6.48748e-05 
0.314765 1.26725e-06 0.236941 1.85937e-05 0.0352235 0.000108368 0.338402 0.048465 0.0108105 0.000525086 0.0042298 5.66153e-05 0.0102223 0.000230905 
0.152052 1.37562e-05 0.130088 2.84759e-07 0.0138101 0.00167202 0.388564 0.173073 0.0117803 7.43096e-06 0.00333966 1.3711e-06 0.00861222 0.116985 
0.0194496 1.90491e-06 0.134223 0.00190653 0.196003 1.90536e-06 0.256438 0.213741 0.0337461 1.90487e-06 1.90646e-06 0.0224759 0.122008 1.90625e-06 
0.0661795 0.00298648 0.291219 5.55633e-07 0.0449835 0.0101084 0.293856 0.0719983 0.0811134 1.48384e-06 0.00516503 0.00405258 0.127617 0.000719243 
0.134766 0.000492558 0.0129124 6.79349e-05 0.0449728 0.00899919 0.560168 0.146768 0.0013774 7.99707e-06 0.0886312 3.8672e-05 0.000787921 9.34292e-06 
0.00283266 8.24348e-12 0.0654532 9.52937e-12 0.00330209 6.86007e-06 0.635437 0.168026 0.0230642 2.27446e-08 0.0114683 9.78569e-12 0.0904094 1.81262e-07 
0.134766 0.000492558 0.0129124 6.79349e-05 0.0449728 0.00899919 0.560168 0.146768 0.0013774 7.99707e-06 0.0886312 3.8672e-05 0.000787921 9.34292e-06 
0.13629 2.36851e-05 0.069046 0.000357862 0.0817666 0.00144461 0.399969 0.0279731 0.00436228 8.85285e-05 0.0020906 1.64874e-05 0.276283 0.000287807 
0.436481 7.46031e-06 0.0422322 0.000249527 0.0132983 0.000807328 0.471635 0.020907 0.00600105 2.19664e-06 0.000384776 0.00508716 0.00290711 1.30619e-07 
0.0330997 2.90768e-05 0.0753083 0.00840185 0.0548468 0.0029769 0.543008 0.198074 0.0271243 1.84468e-05 0.0208764 0.00178645 0.0344089 4.07851e-05 
0.0487064 0.00993845 0.103419 1.27713e-08 0.278897 0.00128995 0.36186 0.119252 0.0396578 1.05995e-07 0.000789695 2.70424e-07 0.00169736 0.0344922 
0.201131 1.37672e-07 0.0251035 0.0419793 0.0267617 0.000107079 0.561971 0.0546134 0.0756361 3.93995e-07 0.00164976 1.56062e-05 0.0110289 1.90671e-06 
0.0372269 0.00303987 0.0693049 0.0040946 0.0475006 0.00663812 0.477624 0.291544 0.0289107 0.000277382 0.0101402 0.00237418 0.0196096 0.00171581 
0.0414178 3.16268e-06 0.0662864 1.45923e-06 0.0170935 7.36361e-05 0.473647 0.341903 0.056424 1.93137e-06 0.00136199 6.39733e-05 0.00172191 4.22706e-07 
0.0912531 0.00169097 0.146555 0.000117907 0.285409 0.00102942 0.409058 0.0204325 0.00534704 2.00068e-05 0.00354223 0.0188002 0.010496 0.00624886 
0.198035 0.00320077 0.00516855 0.000137689 0.233511 0.000766093 0.254814 0.223083 0.0635532 7.94571e-06 0.00631785 0.00191714 0.00947915 8.66638e-06 
0.0988299 0.0376861 0.208221 0.00224449 0.0861247 0.000132164 0.484426 0.0314082 0.0192002 7.06105e-06 0.0126488 0.0126892 0.00636616 1.59716e-05 
0.00480762 4.22424e-05 0.01753 2.31212e-09 0.279682 0.000120816 0.51428 0.153431 0.0152571 1.9589e-05 0.000109531 0.00393752 0.0107824 1.11117e-06 
0.104709 0.0023129 0.062623 0.00173252 0.25363 0.00135799 0.324929 0.168481 0.0284571 0.00016693 0.0363646 6.02806e-05 0.0151223 5.26853e-05 
0.134766 0.000492558 0.0129124 6.79349e-05 0.0449728 0.00899919 0.560168 0.146768 0.0013774 7.99707e-06 0.0886312 3.8672e-05 0.000787921 9.34292e-06 
0.0499647 0.00373915 0.0792787 0.000348854 0.162107 0.00207531 0.475395 0.106731 0.0771512 0.00389411 0.00793735 0.000349189 0.0239411 0.00708717 
0.00634204 7.49334e-05 0.0266653 0.000700348 0.0419219 0.0117846 0.393684 0.321255 0.0517532 6.94478e-06 0.0656748 0.000172902 0.0799369 2.70733e-05 
0.0108781 6.86787e-05 0.09572 0.0187883 0.193867 0.00324737 0.442837 0.0878191 0.0357872 2.17407e-05 9.31423e-05 0.0360815 0.0744758 0.000315384 
0.134766 0.000492558 0.0129124 6.79349e-05 0.0449728 0.00899919 0.560168 0.146768 0.0013774 7.99707e-06 0.0886312 3.8672e-05 0.000787921 9.34292e-06 
0.134766 0.000492558 0.0129124 6.79349e-05 0.0449728 0.00899919 0.560168 0.146768 0.0013774 7.99707e-06 0.0886312 3.8672e-05 0.000787921 9.34292e-06 
0.0616463 0.00108517 0.0634265 0.000325587 0.0156116 0.000112521 0.567819 0.0586506 0.185059 7.51007e-05 0.00208144 0.00437115 0.0390558 0.00067961 
0.0810462 1.16397e-09 0.139813 5.61371e-06 0.0948054 0.000441811 0.41448 0.22067 0.00866918 3.41792e-05 0.000751939 1.33281e-05 0.0391212 0.000148875 
0.0214953 0.000179462 0.0321877 0.000299227 0.0300481 0.0224973 0.743487 0.0388294 0.0236967 6.35475e-06 0.017532 0.000880415 0.012468 0.0563928 
0.123049 0.000107362 0.0819727 0.00208845 0.105436 0.00138734 0.521359 0.0926973 0.0255359 6.14096e-05 0.000475116 0.0378845 0.00787618 6.95721e-05 
0.142389 0.0581742 0.113748 0.00118526 0.138023 2.2421e-07 0.365666 0.159366 0.0132095 1.16933e-05 0.000864893 0.00105615 0.000716788 0.00558866 
0.048071 0.00104762 0.0586998 2.10447e-07 0.0378386 0.000100717 0.600913 0.0703048 0.0540316 1.24475e-07 0.000439929 4.62464e-06 0.116661 0.0118878 
0.0986406 0.00521542 0.00174288 0.000193857 0.233783 0.000460423 0.416783 0.129186 0.0598771 7.65846e-06 0.00223218 0.000223072 0.0385147 0.0131391 
0.114964 0.00012475 0.019082 8.14117e-05 0.00677002 0.0154464 0.721447 0.00761929 0.0857363 4.33574e-06 0.000771827 4.26716e-06 0.027944 3.96817e-06 
0.0717202 0.00154461 0.0748729 0.000341609 0.0578218 0.00267374 0.471118 0.277753 0.00578711 6.18862e-05 0.0252535 0.000286819 0.00823186 0.00253307 
0.0495817 0.000393061 0.022689 0.00527756 0.035816 0.000380144 0.505844 0.0915718 0.0103932 3.8266e-07 0.0048084 0.00177627 0.271417 5.15192e-05 
0.0173236 0.00189683 0.197682 0.0025685 0.0526721 0.0248152 0.352075 0.25332 0.0291228 0.00221685 0.00773703 0.00629507 0.05216 0.000115492 
0.0102542 8.29788e-11 0.161047 9.59226e-11 0.0460406 0.00210407 0.65162 0.0974683 0.0301329 8.47635e-11 0.000152861 1.38166e-06 0.001178 1.14517e-07 
0.186919 0.00265915 0.0535651 0.00762769 0.0962001 0.0255098 0.403926 0.0828881 0.128205 1.13429e-05 0.00160179 0.0055615 0.0052791 4.58574e-05 
0.0660027 0.0012359 0.0436286 0.000102932 0.0747149 0.000100772 0.514612 0.0870572 0.0826806 9.9461e-05 0.00175135 0.00810169 0.1156 0.00431185 
0.0604076 0.0029593 0.181304 0.0180233 0.107416 0.129658 0.188754 0.0743802 0.0172729 0.00773161 0.011845 0.0289621 0.153653 0.0176326 
0.134766 0.000492558 0.0129124 6.79349e-05 0.0449728 0.00899919 0.560168 0.146768 0.0013774 7.99707e-06 0.0886312 3.8672e-05 0.000787921 9.34292e-06 
0.0263636 0.000114918 0.0377527 0.000498597 0.0170108 0.0035896 0.724917 0.0384756 0.026258 0.0218437 0.0696603 0.000968408 0.0263809 0.00616595 
0.0103381 9.56519e-09 0.0739993 0.00366586 0.000123441 0.000104782 0.888867 0.0185909 0.000515906 9.30513e-08 1.32707e-05 0.00143238 0.00234865 7.28892e-08 
0.000784977 1.4692e-05 0.150806 9.25852e-05 0.157047 0.00993625 0.61885 0.0537693 0.0031384 1.08082e-09 2.02943e-05 1.19819e-05 0.00542401 0.000104372 
0.116292 0.00338024 0.00838961 4.55391e-06 0.167739 0.0235269 0.515857 0.157675 0.00612885 1.38511e-07 0.000329735 0.000651364 5.83042e-06 2.0189e-05 
0.00224275 0.000119952 0.133823 0.000299434 0.00550435 0.012658 0.594944 0.135723 0.00152696 0.000358252 0.0480108 2.01309e-05 0.0646867 8.2667e-05 
0.0612758 0.00186568 0.021309 0.0059286 0.0720652 0.00100969 0.510292 0.235407 0.00365905 1.06988e-06 0.0083384 0.0079595 0.0708553 3.35386e-05 
0.0412673 0.0145908 0.065049 0.00916175 0.0754022 0.0127836 0.422471 0.131202 0.073603 0.0131338 0.00768939 0.00438726 0.118387 0.0108714 
0.0463015 0.00341652 0.176126 0.00130604 0.0964028 0.00152258 0.557595 0.0508684 0.0220155 0.0140033 0.00570417 0.00540099 0.0192613 7.62342e-05 
0.0209032 4.43079e-05 0.037231 2.96353e-05 0.284232 0.00561509 0.430596 0.10393 0.0241592 7.75037e-06 0.00106139 0.0133442 0.0783118 0.000534552 
0.0416457 0.000468347 0.0255949 0.000367144 0.195357 0.00141978 0.335751 0.281288 0.105304 1.62093e-05 0.00445337 6.45873e-05 0.00821111 5.87694e-05 
0.0178809 0.000138225 0.00138655 5.63214e-06 0.0586642 2.19394e-05 0.739636 0.104875 0.0764811 7.58863e-07 0.000443787 1.02139e-06 0.000336168 0.000128117 
0.0656004 0.00961574 0.00085149 3.09227e-07 0.149023 0.00124386 0.597853 0.0886053 0.0487037 1.40721e-05 0.00200008 2.28567e-05 0.0364496 1.63474e-05 
0.185 7.30125e-07 0.0530465 1.72384e-07 0.1328 0.000327128 0.316904 0.260383 0.0342731 0.000125155 0.00665497 7.10482e-05 0.0104097 4.74085e-06 
0.136188 5.07479e-10 0.220868 5.8664e-10 0.162217 1.97084e-05 0.313476 0.0699462 0.097032 5.18394e-10 7.04171e-06 6.0242e-10 1.11509e-05 0.000235357 
0.0959279 0.00267453 0.219016 2.38417e-10 1.81214e-11 0.0197129 0.570109 0.0487115 0.000427088 2.10681e-10 3.61795e-11 2.4483e-10 0.0427036 0.000717613 
0.0577425 0.00260793 0.0305134 0.00431146 0.0796344 0.00109174 0.569753 0.139065 0.0719318 0.000118076 0.0355049 0.00133458 0.00192224 0.00446951 
0.140548 6.94471e-07 0.0426721 1.67132e-07 0.112437 0.0060388 0.572995 0.000955487 0.00366156 1.72685e-08 0.000178767 2.34064e-05 0.0901632 0.0303255 
0.0956288 1.25732e-05 0.0755439 1.65893e-06 0.0124871 0.000869863 0.323033 0.183804 0.039451 6.88766e-05 0.0104629 2.33542e-06 0.258531 0.000103184 
0.000798479 6.2899e-05 0.0041761 2.5893e-11 0.0925963 5.02446e-06 0.635565 0.21229 0.032545 5.93387e-08 4.50386e-06 0.000230467 0.0217217 4.95697e-06 
0.134766 0.000492558 0.0129124 6.79349e-05 0.0449728 0.00899919 0.560168 0.146768 0.0013774 7.99707e-06 0.0886312 3.8672e-05 0.000787921 9.34292e-06 
0.01505 0.0143708 0.070729 0.000850356 0.0638482 0.000769663 0.379476 0.212384 0.0369814 0.000225258 0.0123188 0.000377579 0.192468 0.0001509 
0.145298 0.000461026 0.084841 0.00183958 0.154608 0.00165014 0.435062 0.0832837 0.0260033 2.53745e-10 5.28989e-05 2.52609e-05 0.0667859 8.97464e-05 
0.0414547 1.50295e-09 0.0174706 1.03417e-06 0.173581 4.75856e-05 0.614882 0.115523 0.0212073 2.26433e-06 0.0122133 0.000347458 0.0032438 2.70025e-05 
0.0111387 0.00134478 0.043696 2.54006e-05 0.0252248 0.00341948 0.563171 0.213903 0.00475141 0.00017727 0.000839579 0.000498899 0.13178 2.93927e-05 
0.0132318 2.46008e-12 0.00256589 3.96208e-05 0.0236345 9.56318e-05 0.477426 0.46747 0.00472833 2.90459e-05 0.000673755 0.000110098 0.00389384 0.00610168 
0.223861 2.09268e-05 0.0522895 2.00509e-08 0.201464 3.33191e-07 0.27535 0.013164 0.000162129 5.6516e-07 3.02388e-05 1.42513e-05 0.233642 1.09604e-06 
0.0156903 0.0406078 0.00960571 8.82809e-05 0.070053 0.000433823 0.719446 0.119422 0.0198891 2.7145e-06 0.000141056 0.00145112 0.00315699 1.25123e-05 
0.0516845 0.000292731 0.069575 0.0111763 0.0634866 0.00196154 0.420548 0.327886 0.0292682 0.000768933 0.0090944 0.00159229 0.0115659 0.00109949 
0.0375798 0.0038955 0.00666272 4.79174e-06 0.239826 0.000611717 0.593652 0.0592682 0.0104976 5.16387e-07 0.00033636 2.28651e-06 0.0476516 1.00724e-05 
0.116475 0.106395 0.236015 0.00892618 0.0643357 0.000563409 0.390765 0.00891542 0.061414 5.45767e-10 0.00279097 8.0492e-07 0.00167992 0.00172388 
0.0588013 2.87949e-05 0.202013 0.0014364 0.0509111 0.0651999 0.369932 0.0542507 0.0611205 8.21726e-05 0.000251497 0.000104815 0.122764 0.013103 
0.0142493 0.000572053 0.0554853 5.51444e-05 0.00841618 0.00035357 0.851128 0.0218001 0.0161895 0.000200559 9.19811e-05 0.0120789 0.00735774 0.0120212 
0.181549 0.00679225 0.0841299 0.00147001 0.107469 0.00040534 0.331331 0.0162925 0.0728072 7.31554e-05 0.00556596 0.00181014 0.184408 0.00589687 
1.46066e-05 1.99459e-07 0.393061 2.30573e-07 1.75251e-08 1.51585e-07 0.590487 1.13606e-08 0.000237298 2.03749e-07 5.05132e-05 2.36775e-07 0.0161484 5.68104e-08 
0.0198585 0.00011993 0.0310489 1.35016e-07 0.286874 6.6559e-06 0.36054 0.169816 0.108121 4.20292e-10 0.00670462 2.94474e-05 0.016875 5.41449e-06 
0.134766 0.000492558 0.0129124 6.79349e-05 0.0449728 0.00899919 0.560168 0.146768 0.0013774 7.99707e-06 0.0886312 3.8672e-05 0.000787921 9.34292e-06 
0.00985436 7.2242e-05 0.0161438 0.000664278 0.270036 7.70665e-05 0.589999 0.0913383 0.0156321 3.23613e-08 0.000186569 0.000560006 0.00542509 1.14731e-05 
0.0287046 0.000200131 0.00524407 0.00137983 0.0243608 0.000245271 0.881904 0.0447527 0.00125673 1.39479e-06 0.00188725 0.00597167 0.00409071 7.71259e-07 
0.0504643 4.98853e-07 0.00298504 1.75357e-05 0.00138094 9.92916e-06 0.753963 0.152825 0.0243728 3.1136e-05 0.00581383 2.0407e-05 0.00255543 0.00555971 
0.134766 0.000492558 0.0129124 6.79349e-05 0.0449728 0.00899919 0.560168 0.146768 0.0013774 7.99707e-06 0.0886312 3.8672e-05 0.000787921 9.34292e-06 
0.00363567 0.000926789 0.0356239 0.0013511 0.0257249 5.50523e-05 0.85857 0.0251742 0.0239734 0.00812585 0.000102584 0.00427608 0.00745387 0.00500707 
0.019106 0.000212963 0.0767137 0.00306853 0.000633856 0.397977 0.464052 0.0135472 0.00325889 1.47907e-05 0.0192259 1.63181e-05 0.00187962 0.00029353 
0.0832325 0.012663 0.0360124 0.000961217 0.0729178 0.0089018 0.416169 0.205762 0.0516028 0.000762092 0.0123309 0.00105927 0.0918865 0.00573915 
0.117466 0.00172729 0.138317 7.18328e-06 0.249357 0.000505617 0.32737 0.0525019 0.00489915 2.35439e-06 0.000612503 0.00253244 0.104629 7.22245e-05 
0.107032 5.99518e-07 0.212723 5.34657e-06 0.182903 0.000105218 0.350709 0.125112 0.00288887 9.90306e-05 0.00124176 0.00381032 0.0133637 6.60502e-06 
0.0816436 0.0266252 0.0264412 0.00865431 0.135486 0.0134446 0.477467 0.152459 0.029779 0.000272051 0.0285159 0.00623483 0.0120585 0.000918976 
0.0103381 9.56519e-09 0.0739993 0.00366586 0.000123441 0.000104782 0.888867 0.0185909 0.000515906 9.30513e-08 1.32707e-05 0.00143238 0.00234865 7.28892e-08 
0.0499717 0.0224102 0.064636 0.00189421 0.135546 0.00849091 0.266942 0.230533 0.0425817 2.76252e-05 0.0307309 0.00124401 0.134849 0.0101438 
0.134766 0.000492558 0.0129124 6.79349e-05 0.0449728 0.00899919 0.560168 0.146768 0.0013774 7.99707e-06 0.0886312 3.8672e-05 0.000787921 9.34292e-06 
0.0151607 0.000595197 0.0136106 6.07267e-07 0.0249985 0.00210727 0.597882 0.129981 0.0655758 9.69204e-07 0.000224029 0.132224 0.0176234 1.63061e-05 
0.122668 0.0236484 0.178965 5.64593e-09 0.00525285 0.0020139 0.300638 0.296755 0.0243347 3.10357e-05 0.00322539 1.05418e-05 0.0423088 0.000148004 
0.0734499 0.0109888 0.0289301 7.41299e-06 0.0859185 0.0146681 0.643567 0.0398605 0.0935753 1.96229e-06 0.000199239 0.000241309 0.00628045 0.0023119 
0.0310014 0.000127146 0.214687 9.15439e-06 0.0303108 3.31182e-05 0.62118 0.0812796 0.019638 8.08942e-06 0.00167188 9.40062e-06 3.90115e-05 5.43329e-06 
2.58527e-11 3.3404e-10 2.57664e-07 3.86147e-10 0.00230919 5.58755e-07 0.805795 0.191894 7.38631e-07 3.41225e-10 5.85973e-11 3.96533e-10 5.5147e-08 9.51421e-11 
0.0355372 0.0590331 0.00148125 0.000201965 0.0855024 9.23072e-06 0.754391 0.0375656 0.0195067 7.34399e-07 0.000284452 0.00301965 0.00346551 8.62622e-07 
0.0439635 0.00547841 0.0253512 0.015133 0.128497 0.000242234 0.69261 0.0303778 0.0391291 2.40444e-06 0.00720992 0.00328022 0.00868198 4.36772e-05 
0.185 7.30125e-07 0.0530465 1.72384e-07 0.1328 0.000327128 0.316904 0.260383 0.0342731 0.000125155 0.00665497 7.10482e-05 0.0104097 4.74085e-06 
0.134766 0.000492558 0.0129124 6.79349e-05 0.0449728 0.00899919 0.560168 0.146768 0.0013774 7.99707e-06 0.0886312 3.8672e-05 0.000787921 9.34292e-06 
0.0159629 0.0531951 0.0952091 5.95967e-05 0.00352453 0.000460156 0.695662 0.0353467 0.0487521 0.000438168 0.000536158 0.00277032 0.0476753 0.000408264 
0.0329363 6.57076e-05 2.96231e-06 1.40973e-09 0.158781 0.000179617 0.738425 0.00693877 1.16589e-06 1.24573e-09 2.13925e-10 1.44765e-09 0.0626697 2.65703e-07 
0.0464942 0.00300564 0.0923884 0.000327794 0.0400655 0.00401328 0.374084 0.174073 0.023102 0.00277588 0.0143581 0.0075023 0.19876 0.0190494 
0.0543284 0.000137544 0.0486612 0.000100124 0.056305 0.00128048 0.453519 0.226158 0.00602495 0.00088254 0.0887647 0.00122382 0.0625161 9.78075e-05 
0.134766 0.000492558 0.0129124 6.79349e-05 0.0449728 0.00899919 0.560168 0.146768 0.0013774 7.99707e-06 0.0886312 3.8672e-05 0.000787921 9.34292e-06 
0.030516 0.000342922 0.0520885 0.00314188 0.0242895 0.000254899 0.537507 0.262196 0.0416697 0.000271816 0.00706788 0.000655956 0.0366034 0.00339497 
0.0131175 8.315e-05 0.0394604 2.21002e-05 0.00559163 0.000100023 0.607696 0.193164 0.0299166 0.025538 0.0413481 0.00385622 0.0361473 0.00395968 
0.0221953 0.000161814 0.0259706 0.00109564 0.0947707 0.000519624 0.54175 0.199004 0.109935 5.40521e-08 0.00144209 3.83463e-07 0.00315034 4.64703e-06 
0.0324408 0.00672352 0.0640913 0.00315456 0.00763297 0.00136795 0.535438 0.210379 0.0100077 0.000335871 0.00331767 0.000362138 0.124682 6.71545e-05 
0.189006 0.00594108 0.0627794 0.00150298 0.13487 0.00300046 0.217365 0.100965 0.200167 7.55099e-05 0.0124551 0.000192673 0.0715467 0.000132998 
0.407536 0.0151836 0.109423 1.20115e-10 5.15551e-06 1.25566e-06 0.419374 0.0158814 0.0319102 3.07918e-07 0.000681248 2.50405e-06 1.10856e-06 1.98316e-07 
0.00567229 2.86375e-06 0.0722068 0.000196103 0.249766 0.00106015 0.600443 0.0472955 0.00145196 2.28605e-06 0.000227363 0.00131035 0.0202348 0.000130566 
0.28051 3.44988e-08 0.154339 1.22649e-05 0.00217263 0.00095659 0.505137 7.29319e-05 0.0566913 2.72956e-05 2.36844e-06 4.0953e-08 1.41928e-05 6.35927e-05 
0.0415735 9.8044e-05 0.0309474 0.010812 0.159061 0.00761622 0.472542 0.177422 0.0798869 2.86139e-05 8.14291e-05 9.87855e-05 0.00444649 0.0153858 
0.0505868 8.82896e-06 0.0244342 4.11859e-05 0.015674 0.000343903 0.829269 0.0465199 0.0185909 0.000113035 0.000519772 0.00603952 0.00204024 0.00581839 
0.0612181 5.95343e-06 0.0275431 7.82064e-05 0.0859865 0.000665499 0.617939 0.123359 0.0660311 3.68072e-05 0.0122845 3.76727e-05 0.00474492 6.96428e-05 
0.143014 0.000119957 0.221652 1.14684e-05 0.0231595 0.00106802 0.396452 0.196424 0.0115753 0.000649323 0.000866553 0.00212731 0.00278332 9.66203e-05 
0.120237 0.000501848 0.0247366 0.00279577 0.0419807 0.00178873 0.393432 0.143338 0.00712735 6.69108e-07 0.00059218 0.00441573 0.258971 8.27793e-05 
0.104776 0.000194282 0.0636764 0.000884165 0.127021 0.00783642 0.535583 0.0610331 0.0106442 3.22341e-05 0.00344307 4.5482e-05 0.0801421 0.00468898 
0.00646761 0.000207781 0.00402887 8.5776e-06 0.018877 8.96171e-05 0.711143 0.0698699 0.0383773 7.00311e-06 9.57391e-05 0.00220405 0.12109 0.0275326 
0.00593594 0.000414198 0.0117655 8.18229e-08 0.0145855 2.58141e-05 0.694118 0.05238 0.0229677 1.81595e-06 5.31519e-05 5.3765e-05 0.158559 0.0391387 
0.0362583 0.000369402 0.106561 1.06925e-08 0.00179019 0.00163518 0.779991 0.0114915 0.0473965 2.57352e-07 0.0129343 0.00124069 0.000319761 1.16967e-05 
0.0315478 0.00178192 0.0239439 0.00488795 0.0922342 0.00616422 0.500199 0.268874 0.0235277 1.27822e-07 0.0218731 0.00532289 0.0196307 1.20855e-05 
0.134766 0.000492558 0.0129124 6.79349e-05 0.0449728 0.00899919 0.560168 0.146768 0.0013774 7.99707e-06 0.0886312 3.8672e-05 0.000787921 9.34292e-06 
0.0241865 0.000197442 0.217331 7.2855e-06 0.0280354 0.138933 0.23439 0.181508 0.101307 0.00123178 0.0441726 0.00010569 0.0275766 0.00101766 
0.00771515 0.00515998 0.0192395 7.72536e-06 0.0011515 1.83679e-05 0.683635 0.159061 0.0219756 1.02631e-06 7.45617e-05 0.000736962 0.0936294 0.00759343 
0.0486498 3.06412e-05 0.00528758 0.000521913 0.0356068 0.00120945 0.429288 0.390946 0.0495836 5.88379e-06 0.0110245 0.00130932 0.0265204 1.57074e-05 
0.134766 0.000492558 0.0129124 6.79349e-05 0.0449728 0.00899919 0.560168 0.146768 0.0013774 7.99707e-06 0.0886312 3.8672e-05 0.000787921 9.34292e-06 
0.0689285 0.000539639 0.0845399 6.80431e-05 0.0457265 0.0240071 0.397727 0.293337 0.0778736 5.24975e-07 0.00480543 1.62612e-05 0.00242789 2.48497e-06 
0.00373413 9.53207e-08 0.00111636 2.95306e-05 0.069932 6.96357e-07 0.694375 0.210697 0.0173432 1.61786e-07 0.00120943 1.49488e-06 0.00156021 6.24493e-07 
0.002709 0.0102376 0.00585242 3.48902e-06 0.00818965 0.00576382 0.965582 0.000208458 0.000237032 3.08313e-06 5.29454e-07 3.58287e-06 0.000933095 0.000276768 
0.0390354 0.000384853 0.0220275 3.93656e-05 0.298397 0.000951592 0.35789 0.138034 0.0737945 1.65303e-05 0.0166466 0.000711552 0.0373698 0.0147015 
0.0534391 0.000253973 0.0350872 2.11578e-08 0.0304818 0.00451417 0.667226 0.00484803 0.150911 5.96854e-06 0.000127094 0.000191107 0.0529037 1.10438e-05 
0.0118003 4.25432e-06 0.00359178 0.0102384 0.045849 0.000820497 0.745959 0.119957 0.0167172 0.00012626 0.00626284 0.000554591 0.0365663 0.00155286 
0.134766 0.000492558 0.0129124 6.79349e-05 0.0449728 0.00899919 0.560168 0.146768 0.0013774 7.99707e-06 0.0886312 3.8672e-05 0.000787921 9.34292e-06 
0.0651085 0.000337098 0.0279474 5.65089e-05 0.130754 0.00148784 0.545716 0.127685 0.0316257 2.12959e-05 0.00163284 0.000140599 0.067283 0.000204367 
0.0160058 0.000338491 0.0585902 0.00246163 0.10426 5.59594e-05 0.627943 0.0448511 0.141609 0.00208076 0.000219116 0.000112643 0.00144956 2.21561e-05 
0.134766 0.000492558 0.0129124 6.79349e-05 0.0449728 0.00899919 0.560168 0.146768 0.0013774 7.99707e-06 0.0886312 3.8672e-05 0.000787921 9.34292e-06 
0.022226 1.38241e-09 0.00075765 1.57347e-05 0.0463933 0.000115754 0.816467 0.112226 0.000296533 4.09569e-07 0.00150004 3.47226e-07 9.06034e-07 3.93743e-10 
0.0118027 1.82516e-05 0.0143259 0.000602814 0.131203 0.00418031 0.624915 0.0889644 0.0309734 7.25551e-06 0.00404191 0.00496184 0.0674577 0.0165462 
0.0154452 0.00013455 0.0547208 0.000407538 0.0534333 0.0025209 0.751328 0.0411733 0.0319588 3.91633e-05 8.62742e-05 0.000737535 0.0438996 0.00411472 
0.0444062 9.53646e-06 0.0164135 3.0161e-05 0.0961647 0.000474511 0.453464 0.367014 0.0127397 2.92991e-06 0.00143241 0.00211312 0.00572516 1.03014e-05 
0.00645429 3.81183e-08 0.0691004 0.000464659 0.00164762 4.45561e-05 0.899924 0.0166497 0.00507873 3.89381e-08 0.000411339 9.99091e-05 3.46797e-05 9.01085e-05 
0.0318038 0.00164357 0.00382628 0.00209383 0.0346176 0.000642396 0.561036 0.162623 0.186135 4.37969e-08 2.79398e-05 0.000623592 0.00501354 0.0099143 
0.134766 0.000492558 0.0129124 6.79349e-05 0.0449728 0.00899919 0.560168 0.146768 0.0013774 7.99707e-06 0.0886312 3.8672e-05 0.000787921 9.34292e-06 
0.240959 1.10694e-05 0.0181202 0.00378324 0.15597 0.000327207 0.487425 0.0710877 0.00255364 1.02712e-07 0.0007184 0.0104827 0.0085335 2.79039e-05 
0.0127154 0.0215779 0.13931 4.34509e-05 0.107351 0.00998092 0.464071 0.212889 0.0198927 1.49117e-05 0.00896866 0.000122466 0.00271174 0.000350406 
0.0626921 0.00325413 0.0400907 3.21912e-05 0.0417525 7.42498e-05 0.71569 0.0874789 0.01787 4.7725e-06 0.00571155 4.26454e-05 0.0127796 0.012527 
0.219063 1.32495e-05 0.0465305 0.00373413 0.0237654 0.000205793 0.681266 0.0136385 0.00343644 2.42649e-06 0.000315085 6.4123e-05 0.00795137 1.33686e-05 
0.00859058 1.85591e-05 0.0404775 1.83297e-10 0.0424251 1.20389e-08 0.605426 0.226346 0.00792489 7.28499e-07 0.0141883 0.0496307 0.00496957 1.91723e-06 
0.0245522 0.00189276 0.00638965 0.000102995 0.0147581 0.000136697 0.510451 0.426529 0.00632522 1.08556e-05 0.00292005 0.000394152 0.00551419 2.36565e-05 
0.0130645 0.000947767 0.145806 0.0282051 0.134815 0.000124242 0.301908 0.0992861 0.274797 0.000541166 3.89172e-05 2.43332e-05 0.000336816 0.000105582 
0.00329104 0.000190219 2.74708e-05 4.55476e-06 0.0020635 0.0585941 0.876036 0.032061 0.0144631 3.61908e-06 0.0115873 0.00152588 0.000151532 1.00909e-06 
0.0378495 3.44952e-05 0.00391644 0.00232416 0.201853 0.00237541 0.499598 0.205401 0.0326536 1.41956e-05 0.00040126 0.000380817 0.0131897 7.56876e-06 
0.0408941 2.92265e-06 0.00425289 0.0517403 0.0740219 0.00603839 0.481486 0.155847 0.172425 3.85005e-07 0.000569707 8.07582e-06 0.0109997 0.00171338 
0.0210492 0.0125998 0.0618022 0.00147318 0.0833127 0.00031331 0.718241 0.0585408 0.0420172 2.06576e-05 0.000107407 0.000107447 0.000382277 3.29324e-05 
0.0301467 0.000588277 0.350317 0.00122266 0.00478605 0.00799701 0.447645 0.0450397 0.0272444 5.14783e-05 0.000644784 0.000574845 0.0589831 0.0247595 
0.0556918 9.1137e-05 0.237176 0.00257975 0.0526759 0.169603 0.312954 0.0329477 0.0313935 0.000484729 0.0310429 0.0385271 0.0113277 0.0235047 
0.0517967 0.00175469 0.0579357 0.0528689 0.0773785 0.00110653 0.393517 0.301037 0.0164426 0.00056626 0.0168693 0.000741204 0.0243821 0.0036041 
0.068182 0.000109257 0.0274873 8.39859e-07 0.024172 5.52147e-07 0.640832 0.222385 0.0162531 7.91965e-06 0.000289322 1.27642e-05 0.000259791 8.36902e-06 
0.0624737 8.46802e-05 0.0148839 0.000686531 0.189834 0.0010194 0.418124 0.241593 0.0399907 2.58962e-05 0.0122999 0.00027359 0.0161769 0.00253392 
0.0774883 0.000611822 0.0438105 0.000929227 0.197899 0.00290076 0.321715 0.262709 0.0403767 0.000281739 0.0293839 0.000469706 0.0157377 0.00568627 
0.134766 0.000492558 0.0129124 6.79349e-05 0.0449728 0.00899919 0.560168 0.146768 0.0013774 7.99707e-06 0.0886312 3.8672e-05 0.000787921 9.34292e-06 
0.042631 3.03712e-05 0.219049 0.0163486 0.0683122 0.00802748 0.378035 0.175376 0.0245185 5.47596e-05 0.00248969 0.00126882 0.0191709 0.0446869 
0.025794 7.29289e-05 0.148599 2.74429e-05 0.0331592 0.000189566 0.645911 0.0288255 0.0956128 4.19667e-05 0.000372214 0.000452174 0.0209273 1.4839e-05 
0.032 0.000169221 0.0684689 0.00158395 0.0570071 0.00465348 0.450594 0.300666 0.0150943 0.000231009 0.0676028 0.000316934 0.0015812 3.15145e-05 
0.000260883 1.07706e-05 9.26833e-05 1.00472e-06 0.068798 0.000578086 0.689835 0.187772 0.0154087 5.31654e-07 0.0342494 1.46817e-05 0.0029772 4.70715e-07 
2.31417e-07 0.00131995 0.00387076 1.12191e-06 0.00291429 0.00104198 0.802295 0.0699804 0.0653244 1.68946e-05 9.25294e-05 0.00010408 0.0525048 0.000534031 
0.052944 0.000194129 0.203433 8.25247e-05 0.023585 0.0338421 0.502494 0.147045 0.00256615 1.02265e-05 0.0146114 0.000112735 0.0189936 8.58699e-05 
0.185 7.30125e-07 0.0530465 1.72384e-07 0.1328 0.000327128 0.316904 0.260383 0.0342731 0.000125155 0.00665497 7.10482e-05 0.0104097 4.74085e-06 
0.0791672 0.000401925 0.0213914 0.00172556 0.0533204 0.0182908 0.535816 0.223625 0.0399791 0.000465615 0.00826799 0.00972938 0.00770082 0.000118832 
0.134766 0.000492558 0.0129124 6.79349e-05 0.0449728 0.00899919 0.560168 0.146768 0.0013774 7.99707e-06 0.0886312 3.8672e-05 0.000787921 9.34292e-06 
0.0381771 0.0171388 0.0159999 0.000350175 0.175708 0.000669321 0.383668 0.115106 0.137462 1.7683e-05 0.00392226 0.0137663 0.093835 0.00417866 
0.0956167 0.000399076 0.213586 0.000562358 0.0211239 0.000535791 0.568566 0.0653248 0.00621307 0.000146558 0.00304291 0.00306888 0.0149808 0.00683388 
0.0322901 0.000232518 0.0176268 0.0010868 0.152761 0.000230318 0.518452 0.122256 0.0241541 1.37836e-06 0.00546135 0.00135915 0.11579 0.00829949 
0.0426561 0.00198355 0.0500837 0.0036133 0.118918 0.0197515 0.397545 0.250338 0.0671418 0.000240237 0.0123436 0.000918979 0.0273965 0.00706911 
0.02853 1.85319e-06 0.00860524 9.71588e-07 0.0397636 2.22111e-06 0.563838 0.0419572 0.0144054 5.30889e-07 0.000299558 0.0111813 0.288752 0.00266144 
0.00816753 5.88191e-07 0.0218068 0.0105136 0.0191198 0.00047293 0.795957 0.0380623 0.00455927 2.98879e-06 6.31174e-06 0.0939189 0.00738202 3.01823e-05 
0.0864589 0.0582019 0.0417358 0.00267064 0.190282 0.000538288 0.306226 0.251502 0.0133871 0.0034274 0.000751269 0.00116205 0.043616 4.06841e-05 
0.238834 0.000488681 0.193907 0.00263748 0.0478042 0.00192957 0.259249 0.113587 0.0202505 0.000753225 0.00545479 0.000111133 0.114915 7.90279e-05 
8.76223e-09 7.51483e-08 0.000134333 2.85749e-12 0.00562954 8.64343e-09 0.53762 0.317516 0.110039 6.06269e-09 5.399e-07 0.000113772 0.0289398 7.10167e-06 
0.018551 1.86718e-07 0.104472 7.7052e-06 0.139601 0.00112392 0.421375 0.251364 0.0176757 2.06125e-05 0.0430716 3.32771e-07 0.00270703 2.9703e-05 
0.00781723 0.00010031 0.0189128 0.0156945 0.0435127 0.000100791 0.502233 0.249475 0.15299 1.84754e-08 0.00629253 5.01667e-08 0.0028457 2.55107e-05 
0.0383108 0.00394866 0.0968299 0.00108061 0.0309461 0.0242185 0.360313 0.13487 0.0508942 0.000560239 0.0178358 0.00292434 0.230148 0.00712043 
0.0389986 0.000733928 0.0249608 9.25402e-05 0.0713569 0.00147963 0.808585 0.0249014 0.0102413 0.000152499 0.000939592 0.00379593 0.0137451 1.66526e-05 
0.0879392 0.073612 0.125493 0.000315556 0.190335 0.00284237 0.269048 0.0490747 0.14848 0.000140402 0.000471161 0.000830543 0.0383225 0.0130952 
0.134766 0.000492558 0.0129124 6.79349e-05 0.0449728 0.00899919 0.560168 0.146768 0.0013774 7.99707e-06 0.0886312 3.8672e-05 0.000787921 9.34292e-06 
0.000798479 6.2899e-05 0.0041761 2.5893e-11 0.0925963 5.02446e-06 0.635565 0.21229 0.032545 5.93387e-08 4.50386e-06 0.000230467 0.0217217 4.95697e-06 
0.0455838 0.000538733 0.01511 0.00291386 0.0485656 0.000376916 0.746801 0.0728991 0.0246662 2.90867e-07 0.0252407 0.000901801 0.0164018 3.83699e-07 
0.046908 0.00365883 0.0386765 6.26337e-05 0.230885 0.00170788 0.367743 0.0818066 0.073158 1.316e-05 0.00818315 0.00359716 0.142523 0.0010774 
0.0899295 5.02067e-07 0.0557783 1.1744e-07 0.00336735 0.00162925 0.7917 0.0231546 0.0116886 6.03089e-06 0.000590084 0.0122161 0.00991057 2.92629e-05 
0.0104988 4.50705e-06 0.0105988 0.000550647 0.0343418 0.00226822 0.694482 0.224893 0.0128594 6.11854e-05 0.000672436 0.000803899 0.00796527 1.05772e-07 
0.0638662 0.000147073 0.420022 2.8593e-05 0.0129604 0.000454439 0.456328 0.0320876 0.00376439 1.57541e-05 0.00638278 2.81395e-06 0.00381068 0.000129043 
0.0189946 0.000401055 0.0393173 2.40573e-07 0.0107714 0.00856997 0.886209 0.0269532 0.00667202 3.75438e-07 1.02979e-06 0.00032527 0.00178266 1.67097e-06 
0.00727958 0.00113103 0.00376823 9.50599e-06 0.236321 0.00245622 0.458591 0.196756 0.0742375 1.39167e-06 0.00885741 0.00082032 0.00947009 0.000301178 
0.00177308 1.39826e-07 0.0705146 1.61637e-07 0.251929 0.000744088 0.585375 0.036798 0.0474116 6.20975e-06 7.43491e-05 1.67795e-05 0.00523787 0.0001193 
0.0652874 1.35925e-05 0.0303928 0.000762463 0.104765 0.0109094 0.273474 0.0523383 0.230905 8.43626e-06 0.00960194 0.182678 0.038771 9.18833e-05 
0.0147219 2.78606e-06 0.0781747 0.00117748 0.00350063 4.53169e-05 0.856316 0.0444059 0.000892375 3.94786e-05 2.47136e-06 6.4902e-05 0.000654989 7.93533e-07 
0.00524732 4.41734e-05 0.00379766 0.000163068 0.116318 0.000126827 0.458326 0.21994 0.140209 1.36239e-05 0.000855715 0.00127675 0.0485048 0.00517667 
0.0537051 0.01792 0.00964334 0.000178116 0.0931409 0.000559115 0.702559 0.0896632 0.0219059 8.21062e-06 0.00258975 0.00171779 0.00640204 7.94713e-06 
0.0252418 7.80795e-05 0.106689 0.00475527 0.00671675 0.0036091 0.421593 0.253663 0.0516689 8.08362e-05 0.0298242 6.52398e-05 0.0917982 0.0042159 
0.134766 0.000492558 0.0129124 6.79349e-05 0.0449728 0.00899919 0.560168 0.146768 0.0013774 7.99707e-06 0.0886312 3.8672e-05 0.000787921 9.34292e-06 
0.0264643 0.00652152 0.11954 0.0389956 0.0496168 0.0193887 0.398008 0.0232325 0.296462 3.25194e-05 0.00143242 0.00576225 0.0145315 1.25321e-05 
0.0912956 0.000131475 0.148706 0.0888598 0.165152 0.00585737 0.320069 0.1338 0.0251428 2.43374e-06 0.00422309 0.000165399 0.015812 0.000783274 
0.125323 0.0151881 0.0298728 0.000537854 0.16127 0.0406369 0.413701 0.0211918 0.188167 3.85103e-07 0.00131376 9.39826e-05 0.00265167 5.12671e-05 
0.00603529 0.00123305 0.265163 0.22881 0.0255626 0.0094584 0.384916 0.0666708 0.0052887 2.02725e-06 6.02792e-05 2.58523e-05 0.00642426 0.000350216 
0.0213036 0.000438929 0.0609479 0.00395675 0.0481874 0.025149 0.326507 0.24155 0.0245552 4.89113e-05 0.0106348 0.00187783 0.230358 0.00448477 
0.00179648 1.36838e-08 0.0939479 5.6776e-05 0.000143053 0.00287782 0.463378 0.378201 0.000154263 0.0147952 0.00068455 2.78065e-05 0.0437229 0.000214602 
0.154077 0.000811858 0.0175437 7.3397e-08 0.0179031 0.000264485 0.72201 0.0627348 0.0032822 0.000754079 0.000257408 1.85784e-05 0.0100808 0.0102611 
0.00614198 0.000193596 0.0257651 0.0284393 0.135924 5.01332e-05 0.56411 0.0755017 0.15898 0.000310448 0.00405673 1.08899e-05 0.00050679 9.0879e-06 
0.0901694 0.000153484 0.277592 0.00619689 0.0198452 0.00491771 0.289012 0.168377 0.0115991 0.000365579 0.00386102 0.000178689 0.127369 0.000362662 
0.0173224 0.00132122 0.187675 0.00173012 0.0102177 0.00593418 0.670821 0.0580878 0.0162278 9.05943e-05 0.00593076 2.33777e-05 0.0124675 0.0121503 
0.0718344 0.000100024 0.100799 0.000252404 0.0153918 0.00611851 0.395335 0.103749 0.300525 2.01975e-06 0.00557058 7.36288e-06 0.00030983 4.28867e-06 
0.018489 0.0511995 0.111066 0.000239116 0.0863575 0.00132304 0.649676 0.0566424 0.0201896 5.00795e-06 0.000158182 9.99997e-05 0.0045504 4.83591e-06 
0.0401229 0.000203519 0.012458 5.93504e-06 0.129138 0.000363425 0.622967 0.12362 0.00934765 7.19686e-06 0.0181627 0.0310153 0.0125885 4.68534e-07 
0.116553 0.000207547 0.252757 0.000363433 0.125659 0.0151564 0.25883 0.153616 0.00991463 0.000239048 0.0107731 0.0060043 0.0330318 0.0168957 
0.108269 0.00293623 0.076755 0.00203862 0.204578 0.00314493 0.264472 0.241825 0.0611868 0.000235857 0.0140706 0.00222964 0.0170241 0.00123499 
0.150072 0.0348116 0.144113 1.96619e-10 0.0882559 0.00049289 0.409304 0.121336 0.0502149 1.73746e-10 0.0013884 1.89354e-06 9.66169e-07 8.8311e-06 
0.0284046 1.28554e-09 0.00557411 1.48607e-09 0.28889 0.000513649 0.32237 0.317429 0.0115208 6.58006e-05 2.2551e-10 9.82867e-07 0.0252295 1.14555e-06 
0.072214 0.00120495 0.046009 7.52811e-05 0.132318 0.00223256 0.648069 0.0459983 0.0186905 7.22896e-05 0.00158464 0.00638462 0.0251366 1.08895e-05 
0.134766 0.000492558 0.0129124 6.79349e-05 0.0449728 0.00899919 0.560168 0.146768 0.0013774 7.99707e-06 0.0886312 3.8672e-05 0.000787921 9.34292e-06 
0.0126046 0.000607867 0.00618334 1.64085e-09 0.0129839 0.00246125 0.628784 0.182041 0.0567537 1.40507e-05 0.00166371 0.0750045 0.0150149 0.00588236 
0.11805 0.00592569 0.163906 0.00146355 0.109631 0.00276629 0.216193 0.158479 0.0502457 0.00175516 0.0188967 0.00752412 0.14215 0.00301351 
0.112469 0.000267398 0.15216 0.000452238 0.0437872 0.0159639 0.293815 0.201469 0.0152261 0.000235264 0.00177221 0.00977253 0.145076 0.00753365 
0.0529887 4.33478e-08 0.00605583 0.0063936 0.0457135 0.000172789 0.564194 0.252846 0.0169993 1.79683e-06 0.0486096 0.000134309 0.00587467 1.51636e-05 
0.0401499 0.00130005 0.0397967 0.00503965 0.191096 0.000240273 0.319281 0.296031 0.0638125 0.000480118 0.00789109 0.000371399 0.0344444 6.64074e-05 
0.0350743 4.67786e-05 0.0194719 0.000164097 0.113407 0.000310838 0.418854 0.363665 0.0264709 7.58149e-06 0.00806681 0.0023224 0.00998902 0.00214979 
0.134766 0.000492558 0.0129124 6.79349e-05 0.0449728 0.00899919 0.560168 0.146768 0.0013774 7.99707e-06 0.0886312 3.8672e-05 0.000787921 9.34292e-06 
0.000130108 1.09423e-05 0.0217309 8.00046e-08 0.00232906 0.000115471 0.930306 0.0256049 0.0104703 1.23137e-07 1.0934e-08 5.47606e-05 7.53484e-05 0.00917236 
0.0174602 4.73768e-07 0.0211395 0.000486136 0.288621 0.000365346 0.308335 0.134639 0.0497677 8.34409e-06 0.0053306 0.00128989 0.171738 0.000819254 
0.0134791 2.47825e-07 0.0405447 2.44084e-06 0.24831 1.62229e-05 0.509332 0.136477 0.0205711 1.89377e-07 0.013534 0.00107215 0.0145678 0.00209263 
0.00157594 9.5314e-11 0.00189607 0.00298962 0.000117387 7.00528e-05 0.921273 0.0540562 0.00126001 9.7364e-11 1.19811e-05 6.62106e-07 0.0167462 2.79146e-06 
0.207463 1.07811e-07 0.300878 0.00020112 0.0468958 0.000160744 0.303425 0.113196 0.0218772 0.000643874 0.00136588 0.000257108 0.00361676 2.0653e-05 
0.110895 0.000387611 0.192474 0.0072088 0.13435 0.00435926 0.233793 0.230121 0.027458 0.000157697 0.0167726 0.000137914 0.0188011 0.0230822 
0.134766 0.000492558 0.0129124 6.79349e-05 0.0449728 0.00899919 0.560168 0.146768 0.0013774 7.99707e-06 0.0886312 3.8672e-05 0.000787921 9.34292e-06 
0.0539349 2.70071e-07 0.00671017 1.11942e-10 0.0823695 0.018383 0.687974 0.0973709 0.0117051 1.20894e-08 8.25648e-05 0.0137071 0.0277535 9.13948e-06 
0.0409449 9.54188e-05 0.301654 4.23041e-05 0.00939056 0.00439057 0.511519 0.0562409 0.0130091 1.57504e-06 0.0116438 4.34871e-06 0.0507326 0.000330622 
0.0816572 7.53429e-05 0.139045 0.0959271 0.0287471 0.000902105 0.33092 0.195299 0.0421171 2.39077e-06 0.042831 0.0315335 0.010796 0.000147239 
0.152707 0.00237889 0.057183 2.53785e-10 0.0138026 0.0185293 0.374712 0.102297 0.224499 2.24261e-10 0.0259552 6.91394e-05 0.027867 1.15814e-07 
0.00782146 0.0136463 0.0999771 0.186648 0.010768 0.00193094 0.401269 0.160827 0.0256588 0.000225565 0.0604979 0.00888365 0.0218092 3.73779e-05 
0.0335917 4.96025e-06 0.0154516 0.00103655 0.293411 0.000646603 0.308933 0.22032 0.0169006 1.42374e-06 0.00800787 0.00236234 0.0973676 0.00196398 
0.0083887 4.00805e-11 0.00142342 0.00287971 0.0702937 2.25678e-06 0.759217 0.153547 0.00088693 2.60162e-06 0.000114284 7.39689e-06 0.00323311 4.10776e-06 
0.145541 1.12316e-09 0.111794 0.000444989 0.101165 4.22252e-05 0.485095 0.11706 0.0343528 1.52629e-05 0.0022495 0.000209851 0.00124054 0.00078972 
0.00313707 0.000740961 0.158542 0.000180327 0.00968194 0.00527209 0.413817 0.227343 0.0279144 0.00127596 0.0332277 0.000261085 0.118477 0.000129374 
0.0201671 2.05678e-06 0.0847085 3.26687e-05 0.0462858 0.000621421 0.275858 0.134694 0.00178209 0.00103159 0.00254755 0.0003073 0.236641 0.19532 
0.122668 0.0236484 0.178965 5.64593e-09 0.00525285 0.0020139 0.300638 0.296755 0.0243347 3.10357e-05 0.00322539 1.05418e-05 0.0423088 0.000148004 
0.15286 9.50353e-07 0.0440812 0.000379895 0.141887 0.000478426 0.326282 0.199585 0.0295809 0.000660967 0.0767329 1.4331e-05 0.00199568 0.0254595 
0.0901656 8.76921e-05 0.0198188 0.000173381 0.116851 0.00224136 0.351023 0.303174 0.0443307 8.98544e-06 0.00224897 0.0184757 0.0407632 0.0106378 
0.033788 0.0010315 0.00360863 0.000153714 0.0665663 0.000577443 0.667354 0.0822188 0.129494 3.42604e-07 0.00132946 1.13515e-05 0.0138657 6.60162e-07 
0.162364 0.138389 0.0658448 0.00275206 0.128099 0.00558559 0.312876 0.0883237 0.00137157 4.09353e-06 0.0371656 0.000186372 0.0568505 0.000187883 
0.0512958 0.000691544 0.0050626 4.20677e-06 0.0209592 0.000310235 0.648527 0.0305625 0.057523 5.43581e-05 0.000413285 0.00358974 0.0218334 0.159173 
0.0360495 0.000450004 0.0353786 1.05588e-06 0.173015 0.00121946 0.508426 0.184385 0.0391093 1.17529e-05 0.0164328 1.40954e-05 0.00548157 2.67079e-05 
0.0181419 0.0219846 0.0208108 0.00576474 0.0777355 0.0100947 0.409331 0.16347 0.210424 3.78261e-05 0.0122245 0.00069894 0.0475625 0.00171883 
0.101218 0.0130648 0.0204469 0.000184407 0.164664 0.00153121 0.403007 0.218988 0.0180246 5.62863e-09 0.00102063 0.0196226 0.038012 0.00021667 
0.134766 0.000492558 0.0129124 6.79349e-05 0.0449728 0.00899919 0.560168 0.146768 0.0013774 7.99707e-06 0.0886312 3.8672e-05 0.000787921 9.34292e-06 
0.0521998 5.72593e-07 0.0294797 0.0125338 0.0612986 6.07783e-05 0.510588 0.105705 0.220563 2.71524e-05 0.0022924 2.23908e-05 0.00516519 6.32575e-05 
0.134766 0.000492558 0.0129124 6.79349e-05 0.0449728 0.00899919 0.560168 0.146768 0.0013774 7.99707e-06 0.0886312 3.8672e-05 0.000787921 9.34292e-06 
0.0793187 0.0177969 0.109075 1.49891e-08 0.0421525 0.000194421 0.706356 0.0299003 0.00802237 9.69387e-08 0.00604399 0.000628188 0.000511401 6.59912e-08 
0.0779065 0.0228943 0.131579 3.68243e-05 0.0527683 0.00417603 0.492917 0.0784822 0.117788 4.8075e-06 0.00902057 1.97868e-06 0.0121725 0.000252862 
0.0371584 6.32046e-05 0.136424 1.832e-05 0.0188811 0.00129407 0.395861 0.327017 0.0135753 0.00709247 0.00547807 0.00339723 0.04589 0.00784945 
0.0519622 0.00212108 0.00219094 0.00033586 0.00496488 7.33829e-08 0.890863 0.0259579 0.018811 0.000245534 0.000154252 2.58664e-06 0.000536933 0.00185412 
0.0189348 0.000400737 0.00395763 0.000474388 0.0563804 0.000341699 0.528997 0.148497 0.234853 2.76106e-05 0.0012246 0.000797158 0.00304784 0.00206566 
0.00280671 1.00328e-06 0.0577757 2.60261e-06 0.0894604 1.71419e-05 0.435403 0.100843 0.0576885 4.77808e-07 0.00201781 8.57487e-05 0.24744 0.00645833 
0.134766 0.000492558 0.0129124 6.79349e-05 0.0449728 0.00899919 0.560168 0.146768 0.0013774 7.99707e-06 0.0886312 3.8672e-05 0.000787921 9.34292e-06 
0.124126 0.00032412 0.212567 4.35496e-05 0.270568 0.00204414 0.304115 0.0643435 0.0059371 0.00096116 0.00729456 4.31847e-05 0.00576648 0.00186742 
0.0591039 0.00593923 0.0447677 0.00149199 0.0794757 0.00411541 0.446186 0.268804 0.0531571 0.00091043 0.00518277 0.000519917 0.0227395 0.0076061 
0.0700989 0.000111238 0.0151513 0.0836878 0.118838 0.000573509 0.251692 0.214886 0.192604 7.19195e-06 0.00316685 8.0342e-06 0.0243777 0.0247959 
