0.025604 0.00214563 0.147399 0.19015 0.0681775 0.000658738 0.0465107 0.317158 0.154366 0.0260769 0.002053 3.55197e-05 0.0194216 0.000243747 
0.0596723 8.2492e-05 0.0911462 0.0012378 0.27242 0.000828594 0.106238 0.420046 0.0134478 0.00139806 0.0255054 0.00319924 0.00474402 3.46177e-05 
0.356846 6.31495e-07 0.023674 4.79684e-12 0.131112 0.000180202 0.0294868 0.390568 0.0099575 6.77229e-06 0.0495626 2.05481e-05 0.00216227 0.00642221 
0.0170651 0.00085293 0.183367 6.5125e-06 0.0768905 0.0271956 0.0606026 0.535965 0.03415 0.000719749 0.00600005 7.54088e-05 0.034851 0.0222588 
0.0140913 0.00872817 0.0960987 0.0145163 0.0132957 0.000359955 0.162366 0.657541 0.00967128 1.39468e-06 0.0100823 4.03754e-05 0.0128113 0.00039595 
0.0461613 0.00256687 0.0362373 0.000226422 0.271804 0.011947 0.103935 0.312834 0.0359206 4.56683e-05 0.0215136 0.0246768 0.111742 0.0203897 
0.00859309 0.0303425 0.0432696 0.00043064 0.0113934 0.000777747 0.0586272 0.387264 0.235383 5.15675e-05 0.00665579 7.59385e-05 0.217027 0.000108447 
0.0477289 9.29978e-11 0.0418488 0.000267473 0.194149 0.00324032 0.0878231 0.571268 0.00624106 0.000270099 0.0107929 0.000347582 0.0359707 5.27346e-05 
0.0312914 0.00422357 0.0353165 0.00630578 0.0665796 0.00657978 0.055541 0.579996 0.0206604 1.66981e-05 0.0206941 0.0107309 0.157542 0.00452248 
0.120514 2.02814e-10 0.082543 2.3445e-10 0.235582 2.15081e-07 0.0423372 0.401631 0.109994 4.24202e-06 0.00151799 2.40757e-10 0.00586556 1.12655e-05 
0.0283519 0.000550594 0.0495685 0.00372782 0.0519463 0.00203036 0.122155 0.484553 0.0697626 0.000391995 0.0319748 0.00438378 0.147974 0.00262885 
0.0778659 0.000370666 0.0283179 0.000183106 0.316838 0.00220286 0.117494 0.324608 0.0774366 5.38843e-05 0.00759438 0.00317182 0.0396286 0.00423365 
0.0185942 4.18113e-07 0.019545 0.000155466 0.163426 0.00465816 0.0451856 0.504037 0.00759879 3.55912e-07 0.00316489 0.000549986 0.200938 0.0321462 
0.0961297 0.00312246 0.0579578 0.000293334 0.0286341 0.00271083 0.126172 0.46559 0.0109063 0.000184841 0.0510449 0.0092011 0.141131 0.00692096 
0.00429576 7.82458e-07 0.284417 1.4424e-07 0.0236245 0.00043499 0.0730553 0.499828 0.080852 0.0259701 0.000229913 2.33453e-09 0.00715165 0.000139656 
0.0623561 0.0036329 0.0177657 0.000994247 0.20886 0.00139749 0.0553252 0.629455 0.0108674 8.49545e-06 0.00513745 1.15363e-05 0.00407302 0.000115405 
0.0425213 0.0126488 0.0965479 0.00159513 0.147816 0.00382482 0.0651817 0.426504 0.153829 0.000421616 0.02066 0.0049473 0.0224844 0.00101761 
0.00363911 2.1495e-11 0.0470493 3.43912e-05 0.0388876 0.00119458 0.325166 0.563699 0.00437688 1.52506e-06 0.000157419 2.3944e-06 0.0157346 5.77932e-05 
0.0516356 0.000426111 0.0780344 0.00144417 0.147572 0.00163781 0.070615 0.534791 0.0354722 0.000371241 0.0470553 0.000281659 0.0305272 0.000137085 
0.0634828 7.98507e-06 0.0444285 0.000210273 0.10374 7.75484e-05 0.168079 0.312891 0.100474 1.10248e-05 0.0203132 0.00207839 0.17419 0.0100171 
0.0372888 6.15353e-12 0.297917 0.000225272 0.105155 0.00253215 0.0320572 0.421304 0.0163556 5.06178e-06 0.019112 0.000527307 0.0554213 0.0121004 
0.0293755 3.18541e-05 0.0215451 0.00220165 0.110313 0.00109139 0.106813 0.366127 0.325794 2.82465e-05 0.02499 0.000146318 0.0114099 0.000132225 
0.0215052 3.13003e-11 0.0942265 8.143e-06 0.217451 0.000668686 0.043136 0.569443 0.0303548 0.000365516 0.000688258 6.8423e-07 0.0219985 0.000153302 
0.00687144 1.46705e-05 0.0408083 0.00677313 0.135693 0.000694741 0.0390857 0.636386 0.0206262 0.000654832 0.0241111 0.00531096 0.0646338 0.0183358 
0.0260676 0.000328106 0.261868 0.0538296 0.0860172 0.000195989 0.0421712 0.44795 0.0509943 0.00228076 0.00111363 0.000196089 0.0267864 0.000200987 
0.0121205 1.03632e-05 0.00949122 4.33766e-06 0.20246 1.44844e-05 0.153615 0.476562 0.0587239 0.000340315 0.00204158 1.317e-07 0.0689287 0.0156872 
0.044752 0.000361266 0.013305 0.000184548 0.059113 0.000820529 0.119167 0.40726 0.095879 2.02465e-05 0.0374021 0.00443049 0.134807 0.0824973 
0.000586809 4.41966e-06 3.70513e-05 4.6404e-09 3.52703e-10 3.05072e-09 0.0924083 0.739358 0.167605 4.10056e-09 7.04174e-10 4.76521e-09 9.45381e-10 1.14334e-09 
0.0241947 5.32755e-05 0.0608529 0.00187467 0.177941 0.00751244 0.0725313 0.427489 0.0316125 0.000519645 0.00505015 0.000195686 0.189792 0.000381213 
0.0492531 0.00209376 0.140361 0.00314259 0.184437 0.00167437 0.121732 0.319062 0.0833507 0.000323088 0.0121509 0.00103952 0.0811429 0.00023683 
0.00608251 5.62744e-07 0.0602539 6.95315e-08 0.0367128 0.000344444 0.173621 0.604407 0.0704835 3.67881e-08 0.00130419 3.59718e-06 0.0423395 0.00444779 
0.0158506 0.00274705 0.135373 8.69477e-07 0.00694039 0.00344473 0.40677 0.414422 0.00581478 0.00272699 0.00473852 3.00322e-05 0.00109921 4.23271e-05 
0.0683886 0.000197918 0.0713207 0.0164107 0.153762 0.000599031 0.0456747 0.5071 0.013932 1.03907e-06 0.104358 0.000486496 0.0174735 0.000295197 
0.0310236 5.4802e-07 0.09282 0.000306533 2.90122e-06 0.00709713 0.0214051 0.819946 0.00126115 8.07961e-07 0.0059905 1.08415e-07 0.0201354 9.78381e-06 
0.0579591 1.43514e-05 0.0222402 0.000119066 0.310301 0.00424892 0.0271589 0.311325 0.0100484 9.94024e-06 0.0491764 0.00998133 0.189227 0.00818978 
0.0466754 2.41117e-11 0.228587 0.0891909 0.0217337 0.0323515 0.0175001 0.45174 0.00135102 0.00371977 0.00821602 0.000110004 0.098405 0.000420019 
0.0729832 7.4547e-05 0.068294 0.010172 0.177265 0.00856087 0.0510975 0.268488 0.165338 0.00022593 0.021601 0.000127136 0.155469 0.000304206 
0.335966 1.65029e-05 0.0949044 0.0010559 0.108087 0.000630672 0.0277801 0.405839 0.0074105 6.29908e-05 0.010009 0.00113237 0.00697462 0.000130528 
0.00229933 2.55505e-12 0.0178399 0.0302088 0.0126833 0.000206974 0.169877 0.570975 0.182556 0.000214355 0.000388821 8.82561e-05 0.012653 9.60735e-06 
0.0220532 4.42908e-07 0.0134306 0.0139418 0.0343593 2.42721e-05 0.0316454 0.872459 0.00837123 4.04977e-06 0.00106869 2.50357e-07 0.00262985 1.20874e-05 
0.113676 1.42485e-07 0.214601 2.07191e-05 0.0538587 0.0102842 0.0307599 0.482771 0.00727935 0.00245812 0.0679907 1.09111e-06 0.0161287 0.000169868 
0.0416763 0.000376365 0.103473 5.42325e-05 0.330921 0.0238124 0.0864491 0.365471 0.0207148 0.00087031 0.0164407 0.000203006 0.00414606 0.00539239 
0.0171979 5.13233e-11 0.0853365 1.86171e-12 0.179743 2.22582e-05 0.00404027 0.71194 0.000199149 6.04472e-09 0.000157092 9.80554e-06 0.00132214 3.20758e-05 
0.0399344 1.55175e-11 0.010464 2.62057e-06 0.0779248 5.90803e-05 0.011237 0.826916 0.0103536 3.41158e-06 0.0202493 0.00045252 0.00239937 4.06068e-06 
0.0236844 0.000702124 0.0546496 1.83317e-07 0.101379 0.0011718 0.0562229 0.435078 0.0172008 1.74962e-08 0.00525905 0.000237967 0.304194 0.000220186 
0.0413604 8.29611e-05 0.202359 0.000172812 0.0753386 0.000136519 0.201506 0.390709 0.0136751 2.55505e-06 0.033628 0.00285957 0.0381001 6.92387e-05 
0.0786431 4.06068e-05 0.0245702 0.00204444 0.150988 0.00215111 0.154679 0.363822 0.17031 0.000806556 0.0154908 0.000764428 0.0315306 0.00416073 
0.100639 0.000195076 0.0996582 1.11719e-09 0.299316 1.20257e-05 0.183957 0.314073 0.00204627 9.8722e-10 3.25511e-05 3.23659e-08 6.74566e-05 4.27348e-06 
0.0375331 0.000850001 0.0507462 0.00227054 0.0953062 0.00216742 0.159495 0.430343 0.109953 0.000201087 0.0219065 0.0014149 0.0809495 0.00686371 
0.0304396 3.00001e-06 0.0120135 4.02596e-06 0.453689 0.00232142 0.00615838 0.47456 0.0174673 5.7109e-05 0.00029068 1.56175e-08 0.00297415 2.14748e-05 
0.00760778 0.0217779 0.00836107 5.7663e-05 0.0116852 0.000212204 0.121882 0.683116 0.0219118 0.000121463 0.0038369 0.000326381 0.10248 0.0166235 
0.0236562 2.92733e-06 0.134239 9.69192e-05 0.051342 0.00582503 0.0133092 0.758082 0.00796803 0.000605454 0.00107255 0.000327702 0.00340588 6.71159e-05 
0.211915 3.37484e-12 0.165198 3.90127e-12 0.0458391 2.5648e-12 0.0318877 0.520919 0.0210276 4.14036e-09 0.00285596 6.41395e-09 0.000157701 0.000199448 
0.0713756 1.34544e-05 0.0400739 2.46543e-08 0.0363388 0.000682685 0.0644782 0.716696 0.001091 8.15388e-08 0.0506864 3.07726e-08 0.0185571 6.65965e-06 
0.0167609 7.12247e-06 0.0808147 5.96432e-06 0.332715 0.00174602 0.00669185 0.523694 0.0349652 4.28285e-05 0.000270545 3.89777e-06 0.00223323 4.87131e-05 
0.0134334 0.000134592 0.0232607 0.0102872 0.0170264 0.000259913 0.151229 0.728765 0.0287246 7.74846e-06 0.0149945 0.00294602 0.00888614 4.4489e-05 
0.00999594 1.46219e-07 0.051167 0.00378889 0.0325979 0.00104405 0.177935 0.534486 0.163265 0.000211688 0.0114526 0.000151125 0.013846 5.87907e-05 
0.201829 1.41662e-05 0.237336 0.0171261 0.0968822 0.000163597 0.0355567 0.332866 0.0485952 1.30967e-05 0.00806169 4.16223e-07 0.0196827 0.00187406 
0.159488 1.29639e-05 0.0748624 8.93263e-10 0.0136444 4.28196e-07 0.0473875 0.639278 0.00215228 4.06043e-05 0.0065418 8.75135e-06 0.00705207 0.0495304 
0.121528 0.000762559 0.0484824 0.00151938 0.188536 0.0043694 0.138907 0.241522 0.0770976 0.00151 0.0141884 0.00334551 0.09787 0.060362 
0.0815914 4.43934e-06 0.0451087 0.00150261 0.328038 0.00209346 0.06612 0.346371 0.0320979 6.4153e-06 0.00996515 0.00293064 0.0799338 0.00423654 
0.0203699 2.59649e-05 0.0187135 0.0008417 0.405179 0.00120803 0.00648438 0.47697 0.03964 2.21464e-05 0.000675786 0.0143739 0.0154913 3.7557e-06 
0.0592253 0.00264136 0.0599558 0.000825322 0.200365 0.0168302 0.269506 0.278658 0.0648254 9.18321e-06 0.0322989 0.00246463 0.0105989 0.00179617 
0.0228226 2.48644e-07 0.0423778 1.62542e-05 0.00724109 0.00165672 0.0620705 0.841929 0.00431295 2.3861e-05 0.00229363 0.00021533 0.0150312 9.20517e-06 
0.00878695 0.0010902 0.0924137 0.0259512 0.00483383 0.00315824 0.192618 0.264511 0.168686 0.000448661 0.00192174 0.0196374 0.210826 0.00511688 
0.156233 0.0093693 0.0616542 0.0620311 0.107002 0.00131504 0.234801 0.256023 0.0360297 1.68347e-09 0.0269072 0.00100343 0.0475259 0.000105251 
0.00666977 7.25018e-06 0.0162146 1.10986e-06 0.00237228 0.0070115 0.343901 0.47512 0.020434 1.69156e-05 7.44495e-05 2.10118e-05 0.128122 3.46977e-05 
0.00760778 0.0217779 0.00836107 5.7663e-05 0.0116852 0.000212204 0.121882 0.683116 0.0219118 0.000121463 0.0038369 0.000326381 0.10248 0.0166235 
0.011442 5.7372e-12 0.293367 6.63214e-12 0.255605 1.00327e-08 0.0198427 0.405578 0.011923 5.27514e-08 1.69088e-08 6.81053e-12 0.00218287 5.9799e-05 
0.0601501 0.0257238 0.133857 0.00475289 0.218505 0.0105083 0.0905489 0.367275 0.0593382 5.58311e-05 0.0109498 0.00130123 0.0169028 0.000131287 
0.0644714 0.00284015 0.0389084 4.8646e-05 0.314601 0.00470193 0.195612 0.32119 0.00734974 0.000148913 0.016098 0.00163438 0.0323555 4.01253e-05 
0.148351 0.00184531 0.24062 0.00606559 2.79799e-07 2.79616e-07 0.0726351 0.313525 0.0696923 2.79543e-07 0.0113871 0.00150957 0.134369 2.79746e-07 
0.0164947 0.000200503 0.027426 0.0169077 0.0247142 0.000195767 0.126631 0.736203 0.0293881 1.14882e-05 0.0132797 0.000557542 0.00794842 4.16258e-05 
0.00272234 8.96987e-12 0.063189 7.42595e-05 0.00542662 0.00123608 0.307359 0.595508 0.000483732 0.000175026 0.000223186 5.77787e-05 0.0233942 0.000150111 
0.010939 3.94539e-07 0.149106 0.00240671 3.94891e-07 0.00335477 0.159021 0.356598 0.0146496 0.0020914 0.254684 0.0374354 0.00971332 3.94816e-07 
0.0326476 0.00218878 0.00716707 0.000150526 0.458175 0.000126911 0.0131212 0.483786 0.00259578 9.23604e-07 2.2955e-05 1.71982e-07 1.70064e-05 4.14397e-07 
0.0230802 0.000159063 0.012338 0.0535513 0.335525 0.00651325 0.0375843 0.478626 0.0220921 3.10697e-05 0.0052884 0.0213105 0.00386904 3.11455e-05 
0.154944 0.000175332 0.0796062 0.0175112 0.268294 0.00237232 0.0291347 0.38877 0.0484674 0.000309095 0.00583315 0.00020362 0.00388785 0.000490726 
0.0750983 0.00359843 0.0885179 0.00300455 0.296533 4.9956e-05 0.0157007 0.506051 0.00595576 0.000568868 0.00215502 0.000122633 0.00262615 1.8077e-05 
0.0685643 4.95215e-10 0.0168471 9.19229e-06 0.0625399 0.000155993 0.0135304 0.780793 0.00172503 1.91816e-08 0.0460235 0.000783409 0.00899373 3.40472e-05 
0.0362351 3.68462e-07 0.0514144 3.79882e-07 1.06735e-05 0.000105104 0.00422062 0.906098 0.000223666 6.0924e-07 3.20067e-05 2.79795e-10 0.00148686 0.000172173 
0.0534814 0.000327007 0.0259085 8.63182e-05 0.392216 0.00642487 0.0355009 0.399016 0.0344374 0.00012699 0.0264695 0.00784189 0.012641 0.00552231 
0.0146428 0.000424942 0.198192 0.0302243 0.00840929 0.000973865 0.0657154 0.517441 0.0232996 0.000275794 0.00623637 0.000235093 0.133414 0.000515982 
0.0582954 0.000564411 0.0327362 0.0105181 0.227371 0.00725468 0.11786 0.233799 0.230472 1.27762e-05 0.0061414 0.000354965 0.0745428 7.82186e-05 
0.0310236 5.4802e-07 0.09282 0.000306533 2.90122e-06 0.00709713 0.0214051 0.819946 0.00126115 8.07961e-07 0.0059905 1.08415e-07 0.0201354 9.78381e-06 
0.00949787 6.00953e-05 0.067422 0.00237643 0.0405414 0.00558119 0.130661 0.54618 0.121702 2.80971e-05 0.0170252 0.0110431 0.0476049 0.000276396 
0.072472 2.92319e-06 0.289693 1.0457e-05 0.0891768 0.000122136 0.0182737 0.35442 0.0299787 3.46242e-06 0.00436549 0.00448883 0.13309 0.00390214 
0.156014 4.16224e-05 0.108776 1.55215e-08 0.0739702 0.000352501 0.0405741 0.602165 0.00277863 8.66313e-06 0.00993589 2.03367e-06 0.00537506 6.7559e-06 
0.00558518 5.26053e-12 0.0290372 0.00276698 0.161325 0.0159933 0.215213 0.284773 0.278997 6.06556e-08 0.00525081 2.04007e-08 0.00101578 4.29615e-05 
0.0304686 0.00252512 0.0798872 0.000678416 0.0340495 0.00371979 0.353783 0.432333 0.0347589 0.000617624 0.0119592 0.000396605 0.014721 0.000102072 
0.036658 0.00156011 0.199715 0.00134161 0.0801195 0.00174812 0.0955709 0.300118 0.117972 0.000447733 0.0109405 0.000854449 0.147723 0.00523061 
0.00766797 0.000746728 0.20894 9.05821e-08 0.0684856 0.00161551 0.0218541 0.607702 0.0265672 7.19281e-05 0.00403575 2.56005e-05 0.0520577 0.000229197 
0.00017991 2.71616e-08 0.000319241 1.01491e-05 1.948e-07 1.99232e-05 0.175146 0.736883 0.0131301 1.19703e-09 1.37627e-07 1.99668e-05 0.0742685 2.20587e-05 
0.0714549 0.0713908 0.0714521 0.0713799 0.0714546 0.0714077 0.0714535 0.0714569 0.0714485 0.0713891 0.0714486 0.0713781 0.0714444 0.0714409 
0.00308106 7.08149e-13 0.0109598 0.000222129 0.00565799 0.00145704 0.273022 0.554311 0.00598661 4.58758e-06 0.00453239 0.00473502 0.130197 0.00583287 
0.0440712 0.0019246 0.0952924 0.000358495 0.0523779 0.0118839 0.0464212 0.690322 0.006277 6.4518e-05 0.0229124 0.000578412 0.0274417 7.41863e-05 
0.0918985 0.000118787 0.0902953 0.00673452 0.0827795 0.00241155 0.247733 0.390933 0.0229757 0.000100029 0.01375 0.0027795 0.0430197 0.0044716 
0.0457023 0.000474627 0.308236 0.00937335 0.106542 0.0022094 0.103799 0.383024 0.0085256 0.0096997 0.00975799 5.59599e-05 0.0122718 0.000329223 
0.0496758 0.000497916 0.0419535 0.028378 0.0895061 0.00303557 0.183551 0.424579 0.10952 0.000146635 0.019922 0.000919694 0.0465296 0.00178475 
0.0373871 0.00204157 0.05833 0.0065631 0.048195 0.00654854 0.249046 0.324861 0.179632 5.14975e-05 0.0172288 7.1768e-05 0.0699132 0.000129914 
0.0268863 0.000825023 0.106921 0.00166837 0.208084 0.00237429 0.0409854 0.569104 0.00877436 0.00326625 0.0205416 0.000569129 0.00984264 0.00015799 
0.0168615 7.69529e-08 0.0219778 0.00302377 0.127815 0.000837599 0.0231771 0.754572 0.00997659 8.18918e-06 0.0150732 4.53958e-05 0.0107773 0.0158536 
0.0559584 0.000631598 0.0667582 0.00169588 0.093518 0.000580826 0.0594476 0.674816 0.0115643 0.000644942 0.0138823 0.000323808 0.0201505 2.7694e-05 
0.0403653 0.000326216 0.0296235 0.000844955 0.192167 0.0017207 0.0738635 0.500535 0.020218 0.000741314 0.025477 0.00236454 0.109651 0.00210163 
0.156391 0.00133624 0.101947 2.06406e-06 0.0770657 5.36405e-07 0.0123719 0.581755 0.0180041 6.91264e-05 0.0467295 0.00107785 0.00214536 0.00110488 
0.0427972 0.000157356 0.00374697 0.0130677 0.201795 0.00180783 0.0600874 0.531189 0.0973188 3.57274e-05 0.00248539 0.00128824 0.0441676 5.64883e-05 
0.0498934 0.000786049 0.125368 7.86941e-05 0.0205025 0.0160806 0.197276 0.444048 0.0587146 8.93829e-06 0.00744096 0.000279806 0.079476 4.74083e-05 
0.00221791 1.11856e-09 0.0307906 0.00722266 0.0193017 0.000461018 0.0236694 0.850798 0.0364128 0.00196884 0.00148344 8.11965e-05 0.0254101 0.000182828 
0.0871279 0.113675 0.0460816 2.71424e-05 0.0334598 0.000158915 0.117015 0.237424 0.197655 1.29977e-05 0.0800035 0.0001684 0.0871798 1.02361e-05 
0.0437766 0.0036315 0.0341569 0.00227589 0.0771933 0.0295247 0.251291 0.309677 0.100202 0.00786626 0.0437121 0.000569145 0.0803856 0.0157381 
0.059915 0.000380904 0.353419 2.45128e-09 0.122467 0.000376546 0.032531 0.424125 0.00264862 2.16611e-09 0.00039891 3.02405e-06 0.00370798 2.75902e-05 
0.01424 6.82705e-10 0.057709 0.0095342 0.00583543 7.45268e-07 0.0118369 0.873703 0.00825826 4.70305e-06 1.01276e-06 0.000376601 0.0184998 2.60544e-07 
0.0654077 0.000593475 0.0830468 0.0111344 0.0567053 0.00331844 0.174553 0.439689 0.0327202 0.00185032 0.0250238 0.00041893 0.101881 0.00365744 
0.0816068 3.32465e-05 0.0900237 0.00464219 0.228018 0.000457006 0.0642776 0.444782 0.0207404 0.000116589 0.0183653 0.00210682 0.0440657 0.000764642 
0.0502353 4.28667e-05 0.0252939 0.00132661 0.0778362 8.55976e-05 0.0346119 0.753949 0.00265127 7.3975e-06 0.0454946 0.000254845 0.00819656 1.40217e-05 
0.0711727 4.1662e-13 0.209567 2.53879e-05 0.110164 9.8161e-05 0.00640763 0.556197 0.023406 2.27631e-05 0.00212244 1.00392e-05 0.0207697 3.68484e-05 
0.0990615 0.000214789 0.19137 0.0248262 0.0833594 0.000555725 0.077645 0.354067 0.0442836 5.92068e-05 0.0878045 0.000531855 0.0361079 0.000112776 
0.0135001 3.83003e-08 0.0541614 0.00128978 0.0240707 0.000846157 0.0414715 0.792119 0.0141202 0.000235229 0.026987 0.000724851 0.0304262 4.78577e-05 
0.154317 0.00111414 0.23338 5.03328e-07 0.258168 0.000398446 0.0350402 0.287437 0.00872991 0.000628547 0.0030119 0.00022521 0.0173929 0.000156162 
0.144204 2.34657e-05 0.137714 0.0143892 0.0713782 0.0010454 0.166793 0.231457 0.161373 0.00034714 0.0132092 4.42863e-05 0.0579686 5.34116e-05 
0.0376783 0.000298861 0.061186 0.047111 0.0756658 0.00159895 0.055413 0.603036 0.048592 0.000853823 0.0142773 0.00265927 0.050176 0.00145368 
0.0459423 0.000436562 0.0495459 0.000104045 0.234361 0.00125896 0.0309319 0.603378 0.00538754 2.02119e-05 0.0184465 0.00148881 0.0049779 0.00371985 
0.063483 0.00109764 0.0541581 0.00126518 0.251429 0.00258348 0.0423695 0.542334 0.00541944 0.00122965 0.0229435 1.6677e-05 0.0115688 0.00010121 
0.0460681 5.044e-07 0.0312835 0.000356302 0.060768 0.0167749 0.0838636 0.476964 0.00871042 1.70788e-05 0.0337356 0.214586 0.0257826 0.00108917 
0.0339264 5.67256e-07 0.024238 0.00541795 0.221544 1.02299e-05 0.048088 0.598579 0.00745681 1.09793e-06 0.0563021 0.000367435 0.00406676 1.20076e-06 
0.022896 0.000616415 0.039863 0.00486146 0.0432503 0.00504334 0.126282 0.528494 0.084762 0.000332322 0.0160868 0.000723384 0.118926 0.00786326 
0.0716671 0.000712395 0.0573169 0.0019495 0.061362 0.00267301 0.0390747 0.712934 0.0149316 1.09349e-05 0.0197911 1.07337e-05 0.0175123 5.39273e-05 
0.194521 3.23649e-08 0.0886822 0.020749 0.180951 0.000382386 0.0730368 0.363342 0.0539862 1.22877e-05 0.00113668 0.00630788 0.0168619 3.11951e-05 
0.116323 0.0014489 0.0698954 0.00166259 0.215761 0.00482402 0.0277458 0.542783 0.00531928 7.73141e-06 0.0042619 2.04767e-06 0.00984313 0.000121553 
0.0164804 0.000368237 0.16048 0.00130125 0.103013 0.00122125 0.0862616 0.519966 0.0739442 0.000556031 0.00176476 3.5782e-05 0.0299046 0.0047023 
0.0824675 3.92037e-06 0.0260365 0.00159248 0.106419 0.00122839 0.0742893 0.586304 0.00874125 9.37283e-05 0.0240833 0.000440255 0.0881501 0.000149847 
0.0867123 0.00133822 0.0826112 0.0056324 0.279154 0.0211119 0.0500234 0.387182 0.0492609 4.64172e-05 0.017469 0.00302505 0.0139216 0.00251231 
0.0344925 0.000380347 0.263623 0.015356 0.0622806 7.30428e-05 0.0132364 0.411268 0.0907548 0.0796336 0.0125137 6.5489e-06 0.0159116 0.00047002 
0.00600961 1.42685e-10 0.0704196 3.67057e-07 0.127044 9.9153e-08 0.103754 0.680216 0.00183359 1.16773e-07 0.00978758 1.75679e-07 0.000932374 3.20212e-06 
0.0732257 0.00139911 0.0279191 8.50919e-05 0.0304289 0.00111589 0.0740271 0.636125 0.0236181 4.36698e-06 0.0315943 0.0265037 0.0688777 0.00507558 
0.0759229 0.00167068 0.0844824 0.000130585 0.283064 0.00078782 0.0862673 0.324517 0.0755083 0.00817133 0.0392806 0.000103954 0.0178625 0.00223003 
0.0136043 0.000364268 0.0180084 3.60933e-07 0.25196 2.28775e-05 0.0202825 0.680114 0.00893275 1.59435e-06 0.00397272 1.75085e-09 0.0027146 2.2027e-05 
0.0357518 9.90962e-08 0.0118483 0.00601299 0.332266 0.000642141 0.0237769 0.556565 0.00485508 1.59815e-06 0.00374943 0.0241723 0.0003447 1.38794e-05 
0.181394 4.59466e-05 0.0146194 1.42499e-05 0.111801 0.000505725 0.0365098 0.558617 0.00580993 9.32914e-05 0.0883699 1.16382e-05 0.00219983 8.39303e-06 
0.0461667 6.36618e-06 0.0510074 0.000219528 0.149634 0.00114155 0.0312139 0.70565 0.00635317 1.31841e-05 0.000237633 0.00179388 0.00646139 0.00010116 
0.0413121 0.000876494 0.0822006 0.00196157 0.149785 0.0017811 0.0235271 0.66708 0.00629938 0.000249016 0.0155209 0.00017154 0.00907841 0.000156953 
0.0641564 0.00430016 0.0857953 0.00314066 0.127249 0.0057956 0.103895 0.522637 0.0262502 5.76093e-05 0.0187679 0.00325217 0.0332704 0.00143208 
0.00347003 1.30077e-05 0.00369773 0.000387602 0.284427 2.40821e-05 0.069744 0.456787 0.139544 5.8133e-06 0.00379665 0.000519733 0.0375628 2.0765e-05 
0.189701 0.0125239 0.158648 0.0321255 0.0923632 0.000328566 0.0874164 0.267686 0.13721 1.25701e-06 0.0183566 0.00168095 0.00184232 0.000115711 
0.075241 1.81441e-05 0.153644 4.68923e-08 0.0159903 0.0552314 0.0368172 0.558937 0.00627644 0.00078563 0.0628697 5.30484e-07 0.0340297 0.000158882 
0.0530037 0.00181498 0.0689136 0.0373432 0.0391354 0.000921091 0.0449062 0.614695 0.027524 0.000156613 0.0107372 0.0011646 0.098901 0.000783143 
0.00544467 7.00261e-11 0.084757 3.09188e-06 0.408304 0.000149 0.004263 0.470961 0.016211 1.9811e-06 0.00542143 4.50304e-05 0.00442243 1.65847e-05 
0.170516 0.0440754 0.0675946 1.50912e-05 0.151709 8.11149e-07 0.189262 0.214634 0.0823495 7.37541e-05 0.0757066 5.15154e-06 0.00405778 6.92177e-07 
0.161594 1.93677e-06 0.0980308 0.000562728 0.126371 0.000887925 0.0767093 0.383274 0.0757689 1.27491e-05 0.0574663 9.83044e-05 0.0191306 9.17826e-05 
0.0851807 2.73704e-08 0.0482394 0.000205839 0.0424739 0.00344253 0.0959568 0.70088 0.0144096 9.50817e-06 0.000250618 0.000601269 0.00802798 0.000321675 
0.13167 6.67563e-06 0.191817 3.9037e-05 0.130897 0.000595284 0.0302644 0.377636 0.0719108 4.51279e-05 0.0273716 6.51285e-05 0.037324 0.000357123 
0.0460681 5.044e-07 0.0312835 0.000356302 0.060768 0.0167749 0.0838636 0.476964 0.00871042 1.70788e-05 0.0337356 0.214586 0.0257826 0.00108917 
0.160883 0.00188963 0.123591 0.000704038 0.0164068 4.99273e-05 0.312879 0.322641 0.0499733 1.5196e-06 0.00263123 0.0017688 0.00655836 2.26562e-05 
0.0472502 0.0129885 0.32799 0.000110957 0.0471292 0.00190888 0.0852443 0.355638 0.0240904 0.000542633 0.00253904 0.000616568 0.0892411 0.00471011 
0.0628069 0.000594908 0.166881 0.000961852 0.0447994 0.0255499 0.206882 0.312109 0.119611 0.000174895 0.0511781 0.00114922 0.00722639 7.50849e-05 
0.0556111 0.000102039 0.0364693 0.0113786 0.208106 0.00526383 0.10468 0.443377 0.0216223 2.16483e-05 0.0527972 0.00460494 0.0557369 0.000229691 
0.00119272 1.86934e-05 0.00607864 0.000952632 0.251441 8.67612e-05 0.0177656 0.701878 0.0168547 0.000654065 0.000397453 2.09471e-05 0.00262059 3.89471e-05 
0.0151413 2.88084e-07 0.0293825 2.97713e-05 0.194362 0.000719011 0.0331766 0.573024 0.11665 0.00474581 0.0173266 0.000124524 0.01524 7.75034e-05 
0.00768344 1.23018e-05 0.027204 0.0217815 0.0303121 0.000201202 0.119068 0.643733 0.0567299 0.000100428 0.00544874 0.00666422 0.0781141 0.00294803 
0.0771668 0.000122937 0.21983 0.00101976 0.289446 0.00564804 0.0173918 0.309336 0.00532934 1.86816e-06 0.0587281 2.10396e-06 0.0156719 0.000305021 
0.0716935 1.84585e-06 0.0333818 0.00248956 0.0812726 0.000382502 0.0279907 0.627226 0.00944455 0.000563845 0.142645 0.000176034 0.00262384 0.000108107 
0.0372717 9.48997e-09 0.0228492 0.00205248 0.342182 0.000712171 0.0476702 0.518593 0.00703742 0.000114793 0.0137711 0.00377918 0.00395466 1.23123e-05 
0.055683 0.000600558 0.116534 2.66014e-05 0.166416 0.0264201 0.0688853 0.37802 0.0801108 8.97288e-06 0.0804524 0.00165276 0.0250349 0.000155148 
0.0310236 5.4802e-07 0.09282 0.000306533 2.90122e-06 0.00709713 0.0214051 0.819946 0.00126115 8.07961e-07 0.0059905 1.08415e-07 0.0201354 9.78381e-06 
3.81525e-05 0.000214088 0.000141189 0.000217494 5.6984e-09 0.0795033 0.000180698 0.919383 0.000188931 6.62502e-08 1.13769e-08 7.69886e-08 0.000132899 1.84722e-08 
0.0233145 3.23252e-05 0.106745 0.000538202 0.149364 0.00531507 0.101685 0.472125 0.0371549 7.43841e-05 0.0116321 0.000118672 0.0917525 0.000148297 
0.036363 0.000374097 0.0197724 0.000602477 0.214464 0.0068211 0.0631535 0.569443 0.0555537 5.70832e-06 0.0148479 0.000139435 0.0183504 0.000109751 
0.0350612 0.000182084 0.323837 1.04086e-05 0.0945895 0.0330701 0.0913502 0.33196 0.0109945 1.86166e-05 0.00835986 0.00105701 0.0692161 0.000293003 
0.0201144 0.000278473 0.179599 0.00688877 0.00292271 0.000151206 0.069026 0.701374 0.00568978 2.64918e-07 0.00122378 1.82062e-05 0.0126878 2.54529e-05 
0.0455059 0.0267031 0.0456252 0.000732904 0.100415 0.032175 0.139041 0.391995 0.0112327 4.05009e-07 0.00256384 0.00107412 0.202811 0.000124538 
0.0650951 1.6071e-10 0.13785 1.06687e-05 0.0415937 0.00120741 0.0594249 0.584241 0.0606045 0.000952121 0.000868419 1.12187e-05 0.0480988 4.17398e-05 
0.0780757 1.67098e-06 0.353364 1.79869e-06 0.014106 0.00381999 0.0784378 0.436645 0.00368654 5.41458e-06 0.00479256 6.10008e-06 0.0269795 7.77688e-05 
0.0557 0.00589939 0.114699 0.000154462 0.111243 0.000491052 0.0891793 0.377395 0.194274 1.11757e-05 0.0179656 1.62874e-05 0.0328607 0.000110673 
0.136329 0.000317082 0.0214855 0.000129523 0.270262 0.00351059 0.0539811 0.448453 0.002748 6.09537e-05 0.00613052 0.000424552 0.0561145 5.4209e-05 
0.0188657 0.000118629 0.0976414 5.80618e-06 0.0468442 0.000296645 0.184699 0.603265 0.00880562 0.000886368 0.00106151 5.44653e-07 0.0254607 0.0120483 
0.211915 3.37484e-12 0.165198 3.90127e-12 0.0458391 2.5648e-12 0.0318877 0.520919 0.0210276 4.14036e-09 0.00285596 6.41395e-09 0.000157701 0.000199448 
0.0170908 0.00162052 0.277204 0.0156534 0.0337217 0.000532058 0.0312712 0.570931 0.0130426 0.00109793 0.015708 0.00274025 0.01923 0.000156565 
0.0418861 0.0276507 0.0679579 5.51497e-08 0.0882988 0.0190728 0.064084 0.561889 0.0192381 0.000684002 0.0727075 0.000650805 0.0349082 0.000971518 
0.0560662 2.64784e-07 0.0583762 0.0139114 0.198323 0.00179917 0.140639 0.418391 0.0578161 1.43736e-05 0.0215293 0.0049398 0.0280669 0.000126727 
0.015694 5.37058e-08 0.117987 0.00122653 0.0182067 0.00279471 0.236967 0.405427 0.0185699 0.000399506 0.000127232 0.0001482 0.182281 0.000170818 
0.0372717 9.48997e-09 0.0228492 0.00205248 0.342182 0.000712171 0.0476702 0.518593 0.00703742 0.000114793 0.0137711 0.00377918 0.00395466 1.23123e-05 
0.0121584 1.79469e-07 0.0352438 0.00369507 0.265927 0.00260728 0.0258383 0.495056 0.127978 1.99016e-05 0.0104879 1.99373e-06 0.0206555 0.000330739 
0.0130793 0.000319793 0.0163197 0.00262357 0.0957693 0.000128279 0.0850403 0.517445 0.160461 4.76468e-05 0.000416006 2.72508e-05 0.108293 3.07416e-05 
0.111807 0.00261318 0.120321 0.000163735 0.0803963 0.004663 0.0643726 0.458338 0.0088484 4.28865e-06 0.0786116 0.00162678 0.067967 0.000266942 
0.0159425 3.14102e-06 0.0445636 0.0291929 0.0730409 0.00155023 0.0890863 0.687222 0.0240572 0.00132776 0.0159603 3.39266e-05 0.0157844 0.00223504 
0.0545397 0.00319235 0.0288857 0.00297626 0.242316 0.00710043 0.167716 0.32108 0.106447 0.000695748 0.0224848 0.00133463 0.038419 0.0028127 
0.0599481 2.5507e-05 0.234866 0.000436525 0.0657078 0.00109991 0.0451441 0.547667 0.0140885 0.00568735 0.0194008 0.00081419 0.00465683 0.000457783 
0.0138863 0.00163088 0.151614 0.12351 0.148883 4.5617e-06 0.03425 0.328934 0.185043 0.000136032 0.00191119 4.5467e-05 0.0100165 0.000135788 
0.125034 0.00915321 0.0774106 0.00275141 0.116322 0.0025771 0.165837 0.237711 0.224902 0.00116827 0.016458 0.00185806 0.0180134 0.000804871 
0.100216 1.2254e-12 0.143066 1.41655e-12 0.322427 0.000138747 0.00509944 0.414862 0.00118201 6.63556e-09 0.0128656 1.52753e-08 0.000130051 1.29403e-05 
0.0229106 0.000527339 0.120181 0.000189691 0.155537 0.00214737 0.196841 0.342124 0.0406827 0.000154621 0.019798 0.00157246 0.0790163 0.0183184 
0.0643655 1.29536e-05 0.0547735 0.0057658 0.244034 0.000427869 0.0388637 0.495515 0.0569589 0.000398787 0.00931247 0.00024165 0.029158 0.000171946 
0.0218267 5.36006e-06 0.0333705 7.0164e-05 0.101199 0.00135351 0.0606358 0.764617 0.00565374 8.12635e-05 0.000583698 0.00164707 0.00893163 2.50163e-05 
0.0767955 0.00269047 0.0558711 0.00590545 0.246673 0.010036 0.149625 0.250604 0.084095 7.74124e-05 0.0182531 7.09088e-05 0.0762987 0.0230042 
0.0450659 0.00162772 0.0816847 0.00095867 0.353049 0.00334524 0.0731444 0.382236 0.0225341 0.00245958 0.0137326 0.000221806 0.0197993 0.000140965 
1.4765e-08 7.69961e-08 0.000287769 1.58299e-11 0.00421141 6.63068e-06 0.170336 0.715456 0.00885905 3.2474e-06 1.78501e-05 1.02671e-07 0.0707408 0.0300804 
0.00223491 5.07362e-07 0.0244255 5.07285e-07 0.0381376 0.00314691 0.439712 0.442426 0.0421964 5.07351e-07 0.00319947 5.07272e-07 0.00451942 5.07718e-07 
0.046937 0.00381134 0.0898624 0.00275417 0.137929 0.00359277 0.0982405 0.295507 0.274136 9.3521e-05 0.0170252 0.00159653 0.0263653 0.00214934 
0.150025 0.000613244 0.117104 0.0273103 0.18876 0.000411195 0.0542694 0.412292 0.0216188 0.00119761 0.00884171 0.000370157 0.017066 0.000120906 
0.00477343 0.000274765 0.0228414 0.000402873 0.031424 0.00015115 0.0430553 0.721059 0.0425076 6.44888e-05 0.00490472 6.17833e-06 0.128433 0.000101549 
0.0516247 0.00300305 0.241608 0.00294896 0.0170543 0.00555217 0.104317 0.377659 0.0121134 0.000470246 0.04384 6.15161e-05 0.137597 0.00214986 
0.0151413 2.88084e-07 0.0293825 2.97713e-05 0.194362 0.000719011 0.0331766 0.573024 0.11665 0.00474581 0.0173266 0.000124524 0.01524 7.75034e-05 
0.0955322 2.75664e-07 0.0825943 4.91071e-09 0.16746 0.00342203 0.0133786 0.596796 0.00612978 4.82505e-06 0.00263452 2.81782e-06 0.031819 0.000226215 
0.000715131 0.00254706 0.0972459 0.0010098 0.00440945 0.0908723 0.0631747 0.569379 0.0226374 0.00368509 0.0159198 0.000450975 0.127377 0.000576178 
0.121911 0.000195562 0.0681455 0.00176706 0.0636638 0.0161317 0.0799352 0.517304 0.0773951 0.000361602 0.0115935 0.00117711 0.0401993 0.000219239 
0.0435148 6.23791e-10 0.120005 0.000591311 0.248122 0.00029956 0.0158076 0.527138 0.00309238 0.00123388 0.000606624 0.000716518 0.0388205 5.20245e-05 
0.0549666 5.38576e-05 0.021095 0.0296481 0.243468 0.00432024 0.111303 0.438659 0.0571338 3.453e-06 0.00555025 0.000420287 0.033355 2.26391e-05 
0.0320928 0.00459166 0.00249486 3.16358e-05 0.192791 0.000119728 0.332134 0.389972 0.0371002 4.35198e-07 0.00196549 2.83811e-05 0.0065075 0.000170236 
0.0201905 4.35456e-05 0.0435251 1.66292e-05 0.132505 0.000415079 0.105462 0.598908 0.0544198 0.00232604 0.0103841 1.87169e-05 0.0317197 6.64549e-05 
0.013204 0.000179146 0.0174588 0.000285621 0.179798 0.000985732 0.020829 0.741911 0.0114416 5.69337e-06 0.0086473 6.0202e-05 0.00518481 8.95038e-06 
0.0521054 6.57434e-05 0.0305578 0.00105594 0.0491458 0.000949136 0.199707 0.535088 0.0128129 4.95439e-05 0.0126471 0.000482252 0.103513 0.00181971 
0.110919 7.61656e-07 0.140754 0.00460153 0.0647293 0.00726566 0.204412 0.2762 0.00841114 0.000295255 0.0175411 0.000317156 0.164204 0.000349156 
0.0553003 2.03598e-08 0.137631 0.0166829 0.0475237 0.000339764 0.0127869 0.598582 0.107725 0.00151702 0.00644454 0.000170261 0.0151672 0.000130038 
0.0032405 2.39229e-07 0.0267402 8.63613e-11 0.0100018 4.2308e-06 0.282773 0.452716 0.219471 8.57733e-08 2.69157e-05 1.16274e-07 0.00502564 3.13599e-08 
0.0345684 4.79344e-07 0.0170639 0.00259206 0.0104088 0.000146769 0.0510115 0.630048 0.0682891 5.08115e-07 0.00116843 0.000121876 0.184575 4.71985e-06 
0.00276133 1.66874e-05 0.0224107 0.00228363 0.0289081 0.000299801 0.0599478 0.533358 0.00527185 5.24538e-06 0.00056147 0.000220331 0.343892 6.27908e-05 
0.0856406 5.41336e-05 0.0965487 0.00375544 0.225049 0.00238083 0.0618725 0.45074 0.0100588 0.000329499 0.0266165 0.000976832 0.0269344 0.00904325 
0.034366 6.34058e-12 0.0604501 9.42148e-05 0.140541 0.0116691 0.145126 0.490973 0.0474298 6.47108e-07 0.0680321 8.5374e-07 0.00129365 2.33938e-05 
0.0955322 2.75664e-07 0.0825943 4.91071e-09 0.16746 0.00342203 0.0133786 0.596796 0.00612978 4.82505e-06 0.00263452 2.81782e-06 0.031819 0.000226215 
0.123049 0.000310828 0.118956 0.00189471 0.190237 0.00314207 0.0726735 0.366626 0.0365742 0.000129902 0.0280728 0.00525936 0.0499789 0.00309558 
0.0657724 0.000453271 0.0451994 0.00230227 0.0607874 0.010296 0.0922633 0.394909 0.24969 5.04039e-05 0.0577006 0.000667719 0.019857 5.13015e-05 
0.0302223 6.46108e-06 0.00930402 0.0362395 0.36012 0.00159117 0.0472609 0.361965 0.139118 8.46596e-06 0.00797437 0.00260793 0.00352178 5.93808e-05 
0.0126865 0.0010891 0.0196007 0.000590306 0.0749554 0.00300881 0.0516671 0.763974 0.0276564 8.45115e-05 0.0086323 0.000569173 0.0317794 0.00370605 
0.0747755 3.60907e-05 0.196823 4.65113e-05 0.00511544 0.00111119 0.302217 0.32917 0.0112008 1.6209e-05 0.00566394 5.02212e-05 0.0737607 1.38283e-05 
0.100497 0.000186848 0.156572 5.28411e-05 0.0174997 0.00919476 0.216381 0.422043 0.0109131 0.00022948 0.0596248 8.98066e-05 0.0066755 4.01738e-05 
0.0644022 8.88181e-10 0.0977109 4.32088e-05 0.143536 0.00011753 0.163149 0.44226 0.0639779 9.90398e-06 0.00225794 2.16567e-05 0.0224743 3.94268e-05 
0.0485618 3.63852e-07 0.253229 0.00277681 0.168023 0.00167085 0.0297889 0.35676 0.0155502 0.0190328 0.00117456 2.24847e-05 0.0396112 0.0637987 
0.0516963 0.000351104 0.0539311 0.000134204 0.0689414 7.52713e-05 0.204909 0.360188 0.0743263 3.79948e-05 0.12838 0.00493299 0.0520176 7.85727e-05 
0.039298 4.01916e-10 0.0740187 0.000207656 0.0808377 0.00278059 0.00151394 0.793818 0.00394032 0.00037838 0.00159332 3.95768e-07 0.00149921 0.000113699 
0.111868 0.00347885 0.163161 2.27656e-12 0.00427379 1.50031e-07 0.00334641 0.506555 0.000683302 7.23536e-09 0.186078 0.000165255 0.0202885 0.000101484 
0.210782 7.25297e-07 0.173895 5.09849e-06 0.127259 0.000204864 0.0232574 0.373968 0.0103707 0.0057151 0.0345557 9.83294e-06 0.0399407 3.59411e-05 
0.0220636 3.85253e-12 0.0677556 0.000585536 0.207598 0.00412437 0.0214305 0.642417 0.0147403 0.00223012 0.00339146 0.00163216 0.0118932 0.000138318 
0.0248575 8.31513e-06 0.102046 0.0169177 0.205235 0.000177211 0.00312772 0.545507 0.0199415 0.0146528 0.00197134 8.29175e-06 0.06528 0.000269994 
0.0254966 6.95935e-05 0.0200817 0.0044349 0.0943433 1.09311e-05 0.105679 0.656574 0.00556307 5.50793e-06 0.0839504 3.15388e-06 0.00377886 9.01275e-06 
0.122733 0.000347166 0.0155981 0.000260043 0.164387 6.07976e-05 0.0890979 0.285485 0.200077 3.82484e-05 0.0877232 0.00137198 0.0281136 0.00470695 
0.0598404 0.00295467 0.0571956 1.88212e-05 0.344224 0.00140763 0.0824804 0.360197 0.0312907 1.18903e-05 0.0137051 0.000347807 0.0425698 0.003756 
0.00469568 0.000317914 0.0445926 0.000226725 0.0550833 0.00178654 0.0723627 0.787055 0.0119818 0.000773795 0.0129096 5.85127e-06 0.00808082 0.000128119 
0.0689207 0.000717091 0.0485539 0.003483 0.234954 0.00198064 0.207909 0.272406 0.112947 3.54599e-05 0.0294962 0.000146908 0.0180383 0.000412329 
0.136912 0.00011602 0.0173769 0.00540508 0.206034 8.68478e-06 0.0613458 0.546554 0.0117478 3.23165e-05 0.00837325 0.000433026 0.00565483 6.60509e-06 
0.0191329 0.000692352 0.0527086 0.0117303 0.21185 0.000888442 0.0796613 0.548702 0.0547543 0.000642186 0.00444215 0.000769012 0.013637 0.000389988 
0.0393643 0.00088005 0.17355 0.0410971 0.147664 0.00424282 0.0230569 0.503017 0.035006 0.0126358 0.00862612 0.00246837 0.00811465 0.000276531 
0.0587188 9.80037e-10 0.102734 0.00101695 0.0399147 8.77003e-05 0.0717971 0.587319 0.00207014 1.39912e-07 0.103981 0.002916 0.0294395 4.82154e-06 
0.0408877 1.17912e-09 0.105419 0.0046141 0.0277765 8.31741e-05 0.0515487 0.731085 0.0200587 1.54237e-06 0.0142995 1.79789e-06 0.00407172 0.000153136 
0.0111264 0.00210641 0.00536615 3.41409e-05 0.156683 0.00144591 0.135265 0.644661 0.0420526 3.86543e-05 0.0001713 1.97093e-05 0.0010264 3.54827e-06 
0.013683 0.00112364 0.00800536 0.0035131 0.250833 0.00145927 0.134426 0.445634 0.103638 2.57751e-05 0.00166987 0.00134539 0.0274852 0.00715836 
0.0405792 1.65984e-07 0.219372 0.00186194 0.247333 0.005202 0.0599638 0.368683 0.0419207 0.00387945 0.0055075 5.55012e-05 0.00557421 6.76767e-05 
0.0935311 9.96522e-10 0.223643 1.8967e-05 0.166888 0.00188211 0.169158 0.266101 0.0662413 9.97402e-06 0.000836646 2.32956e-05 0.0115643 0.000103077 
0.0173862 0.000116623 0.0371652 0.00192148 0.00278697 0.00180798 0.0851604 0.642331 0.0443732 1.52682e-05 0.000785705 0.00160043 0.164493 5.6028e-05 
0.0747254 2.93609e-08 0.0395792 0.0104453 0.036691 0.00422931 0.193999 0.237854 0.224627 0.000659205 0.0101846 9.73936e-05 0.164191 0.00271797 
0.246609 0.000213467 0.0109072 0.000658022 0.222582 1.99982e-05 0.0502835 0.298436 0.109042 3.00278e-06 0.0584662 1.49689e-05 0.00269478 6.97972e-05 
0.186056 1.34991e-10 0.0791938 3.13098e-07 0.057554 0.000978494 0.0930649 0.462174 0.0107676 0.00116851 0.0931196 3.16163e-07 0.0158712 5.13162e-05 
0.0128204 4.93996e-05 0.0276367 0.000970055 0.288574 0.0056687 0.0583585 0.292387 0.232019 0.000675295 0.0151751 5.58025e-05 0.0363482 0.0292618 
0.06257 0.000198331 0.0399525 0.0103496 0.0641485 0.00081663 0.332791 0.420693 0.0152227 0.000295321 0.00866494 0.00561509 0.0280214 0.010661 
0.0581164 0.000584903 0.0460828 0.000966274 0.0415504 0.00133071 0.10301 0.707134 0.0107414 0.000202136 0.0180965 6.13175e-05 0.012097 2.62745e-05 
0.0239673 3.78397e-09 0.131232 1.40195e-05 0.138502 0.00286511 0.0115754 0.65774 0.00464666 0.000233532 0.00727109 0.0139688 0.0079492 3.50881e-05 
0.0417256 1.78337e-11 0.00151993 0.15101 0.0328488 2.59202e-05 0.019267 0.597838 0.148671 4.23883e-05 0.00349772 1.05157e-06 0.00352551 2.7483e-05 
0.0490039 2.96876e-07 0.0511518 0.0180718 0.256533 0.00163616 0.0120421 0.379588 0.0523011 0.00018095 0.0262573 0.00589121 0.101598 0.0457456 
0.0239845 0.000353687 0.110846 0.00100449 0.0119312 0.00313045 0.08759 0.526701 0.0248655 1.90019e-05 0.0118395 0.0430511 0.14304 0.0116435 
0.00107451 2.99996e-11 0.0135868 0.0600218 0.0368405 0.000180966 0.00335309 0.679062 0.168075 0.000153818 0.000757585 0.000239725 0.0275915 0.00906293 
0.0367561 1.8296e-08 0.00879424 0.00186285 0.359176 0.00455556 0.0246861 0.487958 0.0709705 1.01028e-05 0.000780109 0.00217787 0.00224559 2.62069e-05 
0.0279833 0.00185304 0.175312 1.82967e-05 0.0663265 0.000324011 0.0515524 0.504566 0.15792 0.000389533 0.0027829 2.3066e-06 0.0109139 5.54234e-05 
0.00536254 2.14422e-07 0.0752131 0.0799048 0.0820361 0.000302476 0.014914 0.650109 0.0635679 0.00136497 0.0104458 2.71881e-07 0.0166356 0.000143426 
0.0503446 0.000591264 0.00485513 4.77935e-05 0.296866 0.00275518 0.107384 0.474579 0.0521589 1.75726e-06 0.000685745 3.33813e-06 0.00971732 9.52979e-06 
0.0227169 2.89833e-05 0.0197288 0.00916164 0.275677 0.0020635 0.0151338 0.561099 0.0419692 1.61274e-05 0.00577416 0.0189878 0.0276248 1.84834e-05 
0.0835859 4.36377e-06 0.0247138 0.000114001 0.072601 0.0011105 0.0211924 0.72342 0.00230039 3.13836e-06 0.0665287 0.000300215 0.00409138 3.44204e-05 
0.185762 3.07909e-08 0.050936 2.10534e-08 0.241249 0.000440526 0.0720249 0.406535 0.0181296 1.874e-08 0.00115945 1.85739e-06 0.0237236 3.83273e-05 
0.00641184 0.00122279 0.0834497 0.000160018 0.0423932 0.000238501 0.0527757 0.778404 0.0172265 5.48936e-05 0.0047774 0.000932722 0.0119132 3.96734e-05 
0.0137064 1.01968e-06 0.190276 0.000267632 0.0130272 0.000410725 0.0272906 0.287114 0.0183684 0.26178 0.00426563 1.67279e-05 0.182605 0.000871223 
0.00466326 0.00728814 0.109419 0.0551426 0.0736671 0.00157591 0.135273 0.453135 0.0334234 0.0321429 0.00373519 0.00597978 0.0745709 0.00998352 
0.0279913 6.46801e-05 0.194803 0.00998359 0.0496497 0.0174986 0.0557397 0.530037 0.0464704 0.000380349 0.0168107 0.00246846 0.0450269 0.00307558 
