0.421296 0.295394 0.158626 0.0126183 0.00951741 0.00181748 0.0699815 0.000168953 2.77034e-10 0.00274648 0.00135159 1.22545e-05 0.0141894 5.83358e-05 0.0122215 
0.691534 0.0122602 0.148908 0.00292478 0.0153731 9.47493e-05 0.0612148 0.00344071 0.000395341 2.99723e-05 0.00141432 0.00169902 0.0454743 0.000112698 0.0151235 
0.341127 0.0608415 0.19311 0.118014 0.0133365 0.148717 0.0698414 0.00145411 0.00270818 1.79234e-07 0.017819 0.000328325 0.00465977 0.00352569 0.0245173 
0.393439 0.374342 0.067657 0.00779298 0.00330817 0.00885856 0.010423 2.41689e-05 3.45961e-07 0.000262656 0.00875259 0.00142909 0.102606 4.88931e-06 0.0210994 
0.439488 0.00857659 0.0330564 0.174638 0.0507867 0.031224 0.228301 1.27958e-06 8.06342e-11 2.99626e-07 3.37561e-07 0.00540388 2.66394e-06 0.00377497 0.0247458 
0.86213 0.00318962 0.0481919 0.000165997 0.00289634 0.056094 0.0222665 0.00373265 1.04826e-10 2.27124e-06 5.77335e-11 9.11669e-11 0.00133104 1.55898e-08 4.03568e-08 
0.66236 0.281581 0.00719531 0.0170346 3.78473e-06 3.78456e-06 0.00681651 3.78229e-06 3.78071e-06 3.78443e-06 3.78275e-06 3.78129e-06 3.78391e-06 3.78415e-06 0.0249786 
0.726778 0.0186815 0.0635557 0.0128734 0.0381172 0.000798767 0.00237231 0.000119611 4.8248e-07 0.105375 0.0047708 0.0142117 0.00997662 2.21667e-05 0.00234671 
0.646046 0.01833 0.0266071 0.0201253 0.00219367 1.9628e-05 0.0100133 6.96993e-09 0.000245167 0.154972 0.00183813 1.83234e-06 0.118475 2.26665e-06 0.00113063 
0.637292 0.0011087 0.0062851 0.253325 0.0254107 0.0279095 3.9907e-06 7.04585e-07 4.44003e-11 1.64985e-07 1.85874e-07 4.13218e-07 0.0434206 7.69583e-07 0.00524208 
0.550208 0.00872704 0.166669 0.00558732 0.0382661 0.0584068 0.0659692 9.57646e-06 0.000620363 0.0497594 0.0131757 0.000151851 0.0331907 0.000300287 0.0089583 
0.332992 0.228879 0.186648 0.0116472 0.0679523 0.00434055 0.109837 0.000127916 1.78345e-06 0.0072339 0.0329753 0.000105051 0.00689225 3.66218e-05 0.010331 
0.64818 0.0353787 0.0830527 0.0183674 0.016809 0.0133707 0.0296725 0.00241829 0.00045201 0.0520658 0.00370899 0.00308642 0.0339607 0.000669512 0.0588073 
0.625091 0.0105311 0.0443914 0.0177927 0.0371456 0.008912 0.0428154 0.000237733 0.0689079 0.0407898 0.00169323 0.000105345 0.0598183 5.14336e-06 0.0417635 
0.717228 0.0045287 0.0194622 0.000417441 6.43902e-05 0.00965761 0.0381951 1.00963e-05 1.12174e-08 0.171698 0.000201901 0.00801024 0.0297484 1.03447e-05 0.000768365 
0.295979 0.0577435 0.127634 0.206977 0.0397771 0.101313 0.0415726 0.00679927 0.0365035 0.00491151 0.00585261 5.08071e-05 0.047202 3.827e-06 0.0276808 
0.551896 0.0478746 0.0827982 0.0198742 0.0433491 0.011956 0.0374062 0.00603883 0.000538194 0.0309582 0.0133557 0.00773534 0.0984644 0.00151969 0.0462353 
0.398355 0.00995826 0.022483 0.101327 0.0314942 0.000370761 0.00200272 4.57704e-06 3.52744e-05 0.0163428 6.21541e-06 1.59314e-06 0.0204878 5.7002e-07 0.39713 
0.649292 0.0334181 0.0703468 0.00474836 0.0172628 0.0174535 0.0887512 0.0010472 0.000541454 0.000639069 0.000239805 0.00201031 0.0223178 2.40385e-05 0.0919077 
0.345634 0.010796 0.0740466 0.0172164 0.025284 0.0316339 0.0790255 0.0014705 0.00217749 0.300486 0.00190015 0.00204878 0.0935014 0.000700892 0.0140785 
0.788078 0.00150966 0.02625 0.109563 1.12699e-06 0.0024382 0.00713839 0.000327426 2.85515e-07 9.26666e-07 3.77157e-07 5.62495e-07 0.000529464 1.08868e-07 0.0641626 
0.426525 0.230134 0.0474643 0.00546225 0.0553886 0.00241751 0.0887336 0.00265403 7.80385e-05 0.0133136 0.00112433 0.000622556 0.0773776 0.0197831 0.0289216 
0.42114 0.108397 0.189513 0.0116386 0.0132585 0.0421291 0.118636 0.000506073 3.79726e-07 0.0229244 0.0159844 0.000309642 0.0134329 7.0122e-05 0.042059 
0.958965 0.000145815 0.000136258 1.94485e-09 0.000145545 5.93965e-05 0.0403269 9.59536e-09 1.48148e-08 1.62842e-05 8.15938e-09 6.57239e-05 0.000117297 5.30161e-06 1.63145e-05 
0.429995 0.00150233 0.195143 0.0892321 0.00932013 0.0211002 0.112978 0.000170255 4.46438e-07 0.0439385 0.00207894 0.00502473 0.0701923 6.1851e-06 0.0193178 
0.697648 0.00176219 0.0388295 0.0289358 0.0315595 0.0441152 0.0311903 0.00489994 3.67655e-10 0.0223934 0.000445265 0.0254764 0.0401283 5.60592e-05 0.0325601 
0.402595 0.00116006 0.079291 0.00741499 0.00489952 0.0153837 0.335735 0.00118601 3.01627e-06 0.0135802 0.000264554 0.00138672 0.0689001 1.81137e-05 0.068182 
0.485331 0.0307481 0.140967 0.0447402 0.00440071 0.00594511 0.0499066 0.000120555 6.5829e-11 8.36505e-06 3.55608e-05 6.10207e-08 0.230544 1.42897e-05 0.00723779 
0.35532 0.144691 0.23274 0.00722007 0.0472372 0.00222563 0.018244 2.71232e-05 5.00692e-05 0.0420955 0.000218901 0.000342492 0.0376868 0.000108515 0.111792 
0.413132 0.0242265 0.0486802 0.0138085 0.00914732 0.00615246 0.0225629 0.000573594 0.000220689 0.0236321 0.00242316 0.000686449 0.340586 8.35302e-05 0.094084 
0.542357 0.00683924 0.0944755 0.00653305 0.0109801 0.0649197 0.144168 0.0111094 2.9376e-05 0.104947 0.000239719 0.000538032 0.00869552 0.000261325 0.00390723 
0.252038 0.156836 0.171061 0.0794366 0.084424 0.0195191 0.222239 0.0006514 5.88285e-08 0.000303835 0.00174398 0.000378268 0.0040327 2.90243e-06 0.00733297 
0.484915 0.0320663 0.0603426 0.00549142 0.00685276 0.0033671 0.0225964 0.000106311 0.000139529 0.00904828 0.000513603 0.000161727 0.296507 5.76441e-05 0.0778341 
0.651806 0.0120408 0.00732803 0.00144941 0.00752544 0.00141684 0.000216286 1.76502e-07 1.48912e-11 1.3389e-09 0.0758533 2.27928e-05 0.242312 2.88427e-05 1.27001e-07 
0.864466 0.0296311 0.0255643 0.00848989 0.0253484 0.0027711 0.0213678 0.00014279 7.81017e-05 0.000257644 0.000410196 9.64e-09 0.00829947 9.26961e-05 0.0130806 
0.988474 0.000252748 0.00368719 0.00131219 0.0024075 1.65362e-05 9.28764e-06 0.000307293 0.000112603 0.000130107 6.20168e-05 9.79306e-05 0.000623032 4.84132e-05 0.00245889 
0.574942 0.04814 0.0617256 0.00711883 0.00169129 0.0501693 0.0740691 0.000324099 6.20207e-05 0.0041467 7.6127e-06 0.0799956 0.00852595 1.88432e-05 0.0890632 
0.951148 0.00283156 0.0134256 0.00215673 0.00240062 0.00128643 0.00824182 1.03906e-05 2.57906e-07 1.05981e-05 9.46278e-05 5.2432e-07 0.0104143 1.74579e-05 0.00796079 
0.646206 0.0256591 8.09321e-07 7.23479e-08 0.000635844 2.3654e-08 0.0261943 9.86034e-13 1.5224e-12 0.0294737 0.000475303 4.35618e-08 0.26996 5.8803e-09 0.00139529 
0.951148 0.00283156 0.0134256 0.00215673 0.00240062 0.00128643 0.00824182 1.03906e-05 2.57906e-07 1.05981e-05 9.46278e-05 5.2432e-07 0.0104143 1.74579e-05 0.00796079 
0.648938 0.00265112 0.0370742 0.000549555 0.000762373 0.000417049 0.0216623 4.90801e-12 7.57776e-12 0.205239 1.16347e-05 4.2225e-05 0.0520257 7.98913e-07 0.0306265 
0.96091 0.00226617 0.0107416 0.00172601 0.0019212 0.00102967 0.00659448 8.42942e-06 2.2786e-07 8.60335e-06 7.59581e-05 4.7739e-07 0.00833323 1.40542e-05 0.00637031 
0.379456 0.366221 0.145441 0.00233864 0.0234692 1.00162e-05 0.0222336 0.00851758 1.4821e-06 0.00388702 0.0104427 2.86905e-10 0.0152377 9.98546e-08 0.0227434 
0.630957 0.0391323 0.089619 0.0256851 0.0161955 0.0184348 0.0753264 0.00252529 8.46337e-05 0.0277032 0.00143637 0.00283041 0.027163 0.000344849 0.0425617 
0.350168 0.0519937 0.0727114 0.0198136 0.0774567 0.0514977 0.0888641 0.0357366 0.129402 0.0165302 0.00589019 0.000951039 0.0803014 0.000680014 0.0180027 
0.746891 0.0372482 0.064233 0.00480004 0.00713045 0.00165507 0.039337 0.00175293 7.19483e-06 0.021784 0.0389411 0.00787511 0.018522 0.000129714 0.00969327 
0.384506 0.297806 0.0248176 0.0444681 0.00268232 0.0522249 0.0328963 6.98391e-05 2.12287e-09 0.100749 0.00750505 0.00433589 0.0464212 3.36478e-05 0.00148496 
0.248112 0.057037 0.229378 0.117807 0.133081 0.0294561 0.0908372 0.000297989 0.00331927 0.0244406 0.00742806 7.40269e-07 0.00841426 8.01491e-05 0.0503099 
0.656912 0.024889 0.0675897 0.146832 0.0118286 0.0148777 0.0138254 2.11148e-05 0.000512826 0.00449874 0.00171331 3.54117e-05 0.0324802 1.23211e-05 0.0239718 
0.395661 0.019429 0.0529639 0.00916327 0.0277424 0.00484846 0.0357189 0.00105317 0.0155619 0.294535 0.00757157 0.00293823 0.079925 0.000125852 0.052763 
0.275867 0.128881 0.127302 0.0234277 0.0942131 0.0252042 0.137833 0.0161918 2.88932e-07 3.97163e-06 0.000577754 0.163499 0.00180968 0.00161727 0.0035724 
0.651048 0.319025 0.016031 0.000539504 0.0003265 0.000110272 0.0015788 0.000309138 0.000268553 0.00395771 0.000220795 0.000666617 0.00286625 0.000542279 0.00250968 
0.500773 0.142134 0.0217423 0.0289054 0.0428915 0.150895 0.0402428 0.000270423 0.00102186 0.00302093 0.00110477 0.0118 0.0103252 0.000152043 0.0447198 
0.651806 0.0120408 0.00732803 0.00144941 0.00752544 0.00141684 0.000216286 1.76502e-07 1.48912e-11 1.3389e-09 0.0758533 2.27928e-05 0.242312 2.88427e-05 1.27001e-07 
0.323539 0.0855223 0.156987 0.0408996 0.0377945 0.117803 0.0557939 0.00229133 8.92063e-06 0.00943006 0.0663202 0.00934516 0.0138937 3.08144e-05 0.0803407 
0.328537 0.0744644 0.0906232 0.0266983 0.0606488 0.00749032 0.0337721 0.000276858 7.43449e-09 0.304978 0.00757453 0.000331543 0.0395808 0.00150744 0.0235167 
0.635905 0.00642674 0.169531 0.0130824 0.0324793 0.00330317 0.0416438 3.09571e-05 1.00633e-05 0.0548707 0.00245797 0.000405627 0.0301855 3.33161e-06 0.00966419 
0.447301 0.0693822 0.0491436 0.0495064 0.0142271 0.0121853 0.0145042 1.42807e-05 3.51985e-07 0.0340294 0.000682976 0.000837073 0.0938148 9.00172e-06 0.214363 
0.546773 0.0291868 0.0602816 0.0682879 0.034174 0.0132074 0.0387046 5.96224e-06 3.37282e-06 0.0150832 0.0163679 1.71651e-05 0.0170101 5.60266e-05 0.160841 
0.424868 0.349338 0.0325464 0.0217505 0.0106082 0.000683067 0.00617778 1.61935e-06 4.62113e-06 0.00278772 0.000907856 0.000138072 0.0311125 4.79107e-06 0.119071 
0.280226 0.00104864 0.194635 0.0158826 0.0501542 0.120125 0.181126 0.00161266 1.84979e-06 0.0979609 0.000274807 0.000851654 0.0326332 8.28983e-06 0.0234591 
0.283937 0.0456709 0.177709 0.244037 0.129391 0.0281231 0.0498214 0.00239371 2.5659e-11 3.59001e-07 7.74648e-08 3.23391e-07 0.00577078 1.64776e-08 0.0331448 
0.800606 0.00141232 0.0270108 0.000289322 0.00220286 0.0423008 0.0568103 0.000522388 3.93246e-10 0.00593271 0.000556064 0.000237496 0.00421158 1.02831e-05 0.0578966 
0.736013 0.0402231 0.0304799 0.014857 8.80986e-05 0.000568585 0.00383234 4.23846e-06 8.95843e-07 0.00777246 0.000350986 8.8587e-11 0.101097 1.34113e-07 0.0647124 
0.319126 0.13618 0.146839 0.010444 0.0145564 0.000371185 0.124228 0.0014665 8.55149e-07 0.0106901 0.000689547 0.000333182 0.0222355 1.28623e-05 0.212827 
0.44093 0.322417 0.0286056 0.117316 0.00420723 0.0061386 0.0159713 0.00396136 6.19582e-07 0.000615815 0.000396596 8.91161e-05 0.0262865 5.96429e-05 0.0330051 
0.578839 0.0142478 0.0434402 0.00233898 0.00956466 0.0468323 0.154364 0.00121495 0.0102301 0.00150037 0.000923074 0.00481156 0.0363365 1.45496e-05 0.0953417 
0.351345 0.203068 0.0918696 0.00536217 0.253901 0.0025567 0.0380082 0.00242519 4.07653e-06 0.0241502 0.00124212 0.0066535 0.0101871 0.00746644 0.00176044 
0.483569 0.023893 0.107012 0.042702 0.0133571 0.0155384 0.0276447 0.00958993 7.8412e-05 0.177418 0.010093 0.00344974 0.0663461 0.000187354 0.0191208 
0.951148 0.00283156 0.0134256 0.00215673 0.00240062 0.00128643 0.00824182 1.03906e-05 2.57906e-07 1.05981e-05 9.46278e-05 5.2432e-07 0.0104143 1.74579e-05 0.00796079 
0.657954 0.00262975 0.0175335 0.0200299 0.00246017 0.00417311 0.00176783 6.62529e-09 5.61834e-06 0.0131313 5.88655e-05 8.11507e-05 0.27823 4.73245e-06 0.00194001 
0.293121 0.180434 0.168728 0.0771246 0.0345137 0.0801783 0.0619127 0.0177744 1.90656e-06 0.0278697 0.00149818 0.000526769 0.0225151 0.000114211 0.0336872 
0.603256 0.0318285 0.135501 0.0561376 0.0188185 0.0171977 0.0309935 0.000337637 0.00262548 0.0442807 0.00532016 0.00197855 0.012281 0.000239205 0.0392045 
0.717785 0.00159782 0.124457 0.00600973 0.00605649 0.0034114 0.118374 1.06247e-10 1.64041e-10 0.00378512 5.20586e-06 7.90884e-05 0.0141528 1.37931e-06 0.004285 
0.290946 0.11806 0.144663 0.0348165 0.06388 0.0143397 0.0695326 0.129059 1.76768e-05 0.00844142 0.0132322 0.00613089 0.0800092 8.22021e-05 0.0267901 
0.660695 0.000986852 0.00603597 0.0854637 0.0146713 0.0163168 0.0473071 1.2499e-07 2.94282e-05 4.51617e-06 5.30845e-05 0.00245316 0.0337359 0.0102639 0.121983 
0.275867 0.128881 0.127302 0.0234277 0.0942131 0.0252042 0.137833 0.0161918 2.88932e-07 3.97163e-06 0.000577754 0.163499 0.00180968 0.00161727 0.0035724 
0.472649 0.0229509 0.0595102 0.0233098 0.0136472 0.00935834 0.04608 0.00330803 0.00615803 0.0317753 0.00757238 0.00917975 0.177114 0.00167031 0.115717 
0.629341 0.00590826 0.00428024 0.0485533 0.0222517 0.096703 0.0682608 2.18056e-07 1.16477e-10 0.000209096 0.0263269 0.0181409 0.0517087 8.92731e-05 0.0282271 
0.616231 0.00289052 0.0345369 0.00418367 0.00235242 0.00180416 0.0208669 0.00271648 5.93372e-06 0.0249115 1.41543e-05 7.71146e-05 0.281657 2.18311e-06 0.00775049 
0.589941 0.00577884 0.097383 0.00474686 0.0320912 0.00331699 0.0928512 1.65003e-05 2.27866e-06 0.0150946 0.000302025 0.0341733 0.11534 7.25555e-06 0.00895496 
0.209984 0.171171 0.109321 0.0933076 0.0938393 0.0164518 0.0729032 0.000384701 6.12759e-06 0.0118987 0.16283 0.0165294 0.00906507 0.00718382 0.0251242 
0.588399 0.00956606 0.0222843 0.00521648 0.00127033 0.0181358 0.168978 9.87516e-05 2.21566e-08 0.0709037 0.000339112 0.0505363 0.0616394 3.16243e-08 0.00263276 
0.651806 0.0120408 0.00732803 0.00144941 0.00752544 0.00141684 0.000216286 1.76502e-07 1.48912e-11 1.3389e-09 0.0758533 2.27928e-05 0.242312 2.88427e-05 1.27001e-07 
0.725019 0.0117326 0.0565165 0.0528608 0.0138054 0.0103969 0.0134113 0.000285699 9.93047e-06 0.00431535 0.0081386 0.00499526 0.082289 1.42244e-07 0.0162237 
0.448797 0.118501 0.130908 0.0246475 0.0901449 0.00439412 0.0747216 0.000814055 1.1978e-06 0.0359079 0.0107136 0.00113349 0.011847 0.0133622 0.0341061 
0.643714 0.0399207 0.0955677 0.0480561 0.0147361 0.024477 0.0415924 0.00107853 8.54928e-07 0.0108293 0.0121607 0.000549623 0.0280707 1.76673e-05 0.0392284 
0.48917 0.0266411 0.00587871 0.0200236 0.0145997 0.240511 0.0916255 0.00155859 6.35446e-08 0.0397438 8.076e-07 0.0436267 0.0041657 1.95393e-06 0.0224522 
0.421787 0.124195 0.0988954 0.012001 0.0170472 0.0675226 0.012613 9.19267e-05 0.000174455 0.0439231 0.00043398 0.0032264 0.193441 3.17696e-06 0.00464363 
0.796013 0.0237125 0.0487211 0.022754 0.0152114 0.00358425 0.00962748 0.00354045 4.163e-07 0.0487971 4.16525e-07 0.00666225 0.0166665 4.16679e-07 0.00470878 
0.994387 0.00177492 0.000640712 0.000653745 8.97288e-08 0.00129741 0.000473687 5.25897e-07 1.51375e-05 0.000210281 7.34282e-05 7.06165e-07 0.00042399 1.93583e-07 4.78903e-05 
0.591905 0.0365929 0.107548 8.98533e-05 0.0144867 0.021966 0.00963139 9.7423e-06 7.18032e-09 0.201467 1.6981e-05 2.07903e-05 0.0147884 9.41425e-07 0.00147563 
0.695367 0.000202767 0.0290109 0.000603407 0.00680855 0.000135166 0.0931848 9.32059e-08 7.16827e-11 0.0802694 0.0639389 0.00015055 0.0204519 0.000669844 0.0092066 
0.482798 0.231916 0.145515 0.00213094 0.00307042 0.00301133 0.000475378 1.63302e-06 8.48395e-06 3.70402e-06 1.11223e-06 0.000556194 0.129695 1.05616e-05 0.000806104 
0.568171 0.00153171 0.00448787 0.0016748 0.00819221 0.0115478 0.0755529 9.4883e-05 0.00383338 0.196828 1.26445e-06 0.00225442 0.101999 0.000148265 0.0236832 
0.652555 0.0147448 0.0186675 0.157567 0.019672 0.0161136 0.0665988 0.0059665 5.78283e-05 0.000417868 0.000932777 0.00167235 0.00780242 0.00142698 0.0358047 
0.357948 0.132592 0.0843583 0.115897 0.14635 0.0503765 0.0302605 0.000222558 0.000835916 0.00100404 0.00110292 1.47802e-05 0.00462222 1.09244e-05 0.0744053 
0.994299 4.64939e-05 7.17504e-05 0.000304933 0.000663098 0.000325572 0.00418868 5.61605e-06 1.11744e-08 1.46298e-05 7.36323e-08 6.89315e-06 4.10568e-05 3.26589e-05 4.93134e-09 
0.804767 0.0400316 0.0548389 0.0103787 0.0224409 0.00212566 0.0466169 0.00398671 8.59547e-08 0.000653409 0.00309076 0.000205992 0.00828922 0.000339416 0.00223435 
0.261761 0.211429 0.107491 0.100016 0.0227755 0.0411412 0.0382253 0.202973 0.00390267 0.000130699 0.000923946 7.18056e-05 0.0043719 0.000509852 0.00427759 
0.78651 0.0517033 7.87206e-05 0.000107346 0.0139455 6.00086e-05 0.0775373 2.96347e-07 4.53018e-09 1.26522e-06 0.000114774 0.0127011 1.31862e-09 1.08005e-09 0.0572401 
0.793616 0.000165843 0.2008 0.000598403 9.50259e-08 0.00252572 0.000709327 5.56943e-07 8.59897e-07 1.50005e-07 4.73595e-07 7.47853e-07 0.000150427 2.05011e-07 0.00143131 
0.233491 0.098862 0.192608 0.0796542 0.0263957 0.0137957 0.0902783 0.000256775 6.99227e-07 0.0624462 0.0801834 0.000259614 0.051573 0.000166789 0.0700293 
0.4063 0.262815 0.126967 0.00952735 0.00994533 0.0439251 0.047162 2.30234e-05 8.29508e-05 0.00611929 0.0114953 1.96421e-05 0.014999 4.04241e-05 0.0605786 
0.754463 0.0164004 0.0220759 0.0142134 0.0052722 0.000178948 0.0557855 0.00141951 2.86985e-10 0.0463679 0.00233492 3.52353e-06 0.0805324 0.000256893 0.000695754 
0.653692 0.000852119 0.0120856 0.00473138 0.0291295 0.00128607 0.0300715 0.00263994 4.58045e-09 0.00277782 0.000167019 0.0223657 0.204964 4.85218e-06 0.0352325 
0.335902 0.0246378 0.0836011 0.0576578 0.0256724 0.0122715 0.0731717 0.000479576 8.93632e-05 0.00495892 0.00430326 0.00611757 0.113607 0.0091784 0.248351 
0.319837 0.045668 0.299463 0.00724807 0.00480793 0.0721861 0.0693593 0.000340194 0.000111909 0.0184514 0.0058904 0.140769 0.00819084 2.77242e-06 0.00767337 
0.71759 0.0545253 0.0884016 0.000426815 0.0028563 0.000759993 0.0689625 3.42799e-07 2.89786e-11 0.00589361 0.0021924 0.000222847 0.025675 2.84269e-07 0.0324929 
0.739124 0.020638 0.0810127 0.014519 0.0197341 0.0144798 0.0412452 0.000100746 2.42534e-06 0.00201011 0.00549492 0.000221956 0.0110554 1.29283e-05 0.0503489 
0.48917 0.0266411 0.00587871 0.0200236 0.0145997 0.240511 0.0916255 0.00155859 6.35446e-08 0.0397438 8.076e-07 0.0436267 0.0041657 1.95393e-06 0.0224522 
0.965245 6.54978e-05 2.04762e-05 0.000157779 0.00142228 0.000482587 0.00107867 4.09871e-08 1.79045e-06 0.0195887 2.62401e-10 4.14357e-10 0.00798412 1.25906e-08 0.00395357 
0.41791 0.0140381 0.350442 0.0240704 0.0139125 0.00120403 0.0571844 0.000281218 2.84109e-06 0.00681584 9.06279e-10 0.0032444 0.00278923 7.88508e-07 0.108104 
0.482741 0.0279054 0.0602337 0.00759518 0.0273953 0.00801604 0.0275489 0.000666791 2.80275e-05 0.052689 0.0232219 0.000611461 0.270336 0.00220465 0.00880681 
0.535926 0.0118938 0.12236 0.0344177 0.0231201 0.0266828 0.108126 0.000668776 0.000234944 0.0329839 0.00134418 0.00237535 0.0508066 0.00381138 0.0452487 
0.951148 0.00283156 0.0134256 0.00215673 0.00240062 0.00128643 0.00824182 1.03906e-05 2.57906e-07 1.05981e-05 9.46278e-05 5.2432e-07 0.0104143 1.74579e-05 0.00796079 
0.745943 6.45902e-05 0.00755129 0.0134664 0.00283012 0.00445809 0.0224042 8.35239e-08 7.03095e-07 0.0303499 6.38771e-06 0.000468012 0.050184 2.8267e-06 0.12227 
0.73263 0.00762126 0.026714 0.0388734 0.00686129 0.00960047 0.0189997 7.27231e-07 3.06117e-11 0.0297137 4.06954e-07 0.000547005 0.121551 2.37465e-05 0.00686299 
0.879511 0.00492852 0.046551 0.0346509 0.0112135 0.00747599 0.0116102 0.000991432 2.25525e-07 4.87194e-06 0.000752972 2.80811e-05 0.000157749 1.18708e-05 0.00211184 
0.447786 0.00279354 0.0383701 0.00414476 0.00569236 0.00070603 0.01882 1.18577e-07 8.88866e-06 0.233703 0.00191745 0.000336876 0.242151 0.000107774 0.00346131 
0.692712 0.00163317 0.00825995 0.00104774 0.000853289 0.00899843 0.0532388 2.57941e-05 1.43236e-09 0.000427723 0.0781838 0.00135142 0.0167932 5.87214e-05 0.136416 
0.912201 0.0172445 0.0181201 0.0190459 0.00285312 0.0051565 0.0194966 4.2687e-05 1.55742e-06 1.44361e-05 7.26005e-06 0.000545243 0.00081106 6.53102e-06 0.00445392 
0.698231 0.0328061 0.101804 0.00208889 0.0180053 0.00108996 0.00348363 0.000415905 2.17733e-09 0.00821962 1.75826e-06 5.17497e-08 0.128245 3.71444e-05 0.00557234 
0.81416 0.0106385 0.0316948 0.0122089 0.012885 0.00559843 0.0485692 0.000163587 0.00873459 0.0157136 0.0023145 0.00331913 0.0224876 0.000780057 0.0107319 
0.582368 0.0384458 0.0673572 0.04635 0.0143373 0.00912056 0.108635 0.000388255 2.54593e-10 0.0239082 0.000159058 1.91545e-06 0.0298506 2.01901e-06 0.0790757 
0.271261 0.210075 0.21561 0.0422281 0.0346873 0.0685717 0.0584708 0.00786262 4.29885e-05 0.011229 0.00485153 0.00970855 0.0351771 0.00524321 0.0249807 
0.329894 0.291577 0.110136 0.0549599 0.0548423 0.0693321 0.0228248 0.000426491 2.27155e-08 0.000115948 0.00191175 1.98774e-05 0.00175425 0.0500398 0.0121654 
0.416606 0.00332044 0.0101926 0.0721197 0.0171734 0.196768 0.100858 0.00417898 0.00107025 0.000153766 9.76904e-05 0.00315602 0.0118569 3.28304e-05 0.162414 
0.629143 0.00111716 0.00577312 0.0492763 0.0064529 0.0136916 0.0528136 0.038378 3.85066e-06 3.08892e-05 0.000367486 0.00270005 0.176972 0.000367083 0.0229134 
0.44507 0.0328293 0.0732646 0.0214984 0.0279164 0.0131263 0.0496521 0.00411977 0.000628169 0.0262778 0.00957712 0.00308173 0.275058 0.0014515 0.0164493 
0.35185 0.00280861 0.0276995 0.0508531 0.0225375 0.131768 0.267606 0.00401346 9.99599e-08 0.098885 0.000161017 2.53414e-06 0.033037 4.90338e-05 0.00872922 
0.498316 0.0490875 0.191117 0.00618061 0.0307988 0.0231148 0.0333743 0.000240212 0.000137573 0.0910911 0.0168698 0.000164344 0.0470425 0.00106138 0.0114043 
0.739302 0.0176795 0.0708778 0.0572701 0.0191714 0.052957 0.0179979 0.00346289 0.000298744 0.000477274 0.000714513 0.000231223 0.00602619 1.40529e-07 0.0135337 
0.631688 0.0172463 0.0248151 0.0132751 0.0392649 0.00148911 0.0407298 0.000135883 7.14916e-08 0.0560948 0.00410877 5.44359e-05 0.161014 3.36694e-05 0.0100503 
0.295748 0.0793788 0.193519 0.027845 0.0379075 0.0328938 0.0760104 0.00506688 0.00135715 0.0205658 0.00217089 0.00735386 0.0852157 0.0017276 0.13324 
0.517678 0.0909229 0.230208 0.00388623 0.0224191 0.00713302 0.0376893 0.000973863 2.2213e-07 0.0162609 0.00361853 0.000187502 0.0649675 3.41801e-05 0.00402017 
0.379424 0.218511 0.10737 0.0336596 0.0328331 0.0280521 0.0716862 0.00030398 0.00350121 0.00496312 0.00316389 0.0033296 0.0781666 0.00031607 0.0347188 
0.774589 0.00715342 0.0701553 0.00498414 0.00709701 0.00540739 0.0419021 0.00114238 0.000127859 0.0265657 0.000882515 0.00102874 0.0498887 2.37152e-05 0.00905178 
0.870621 0.000364148 0.0345042 0.0513773 0.0101588 0.00665545 0.00476822 0.000170724 1.09689e-07 8.48532e-07 0.000211592 1.16413e-06 0.00978546 5.94399e-09 0.0113809 
0.487866 0.0818649 0.119756 0.0269171 0.0281297 0.0329409 0.0692529 0.00221351 0.00127259 0.0227739 0.0053191 0.00349181 0.0444984 0.00108262 0.0726208 
0.382375 0.003121 0.276179 0.18249 0.00316427 0.0135011 0.0756504 2.02416e-05 4.88868e-06 0.00650517 3.05005e-05 0.000669382 0.0420423 1.65863e-05 0.0142303 
0.283419 0.106197 0.243915 0.0381903 0.126342 0.0120742 0.093103 0.000634847 3.20945e-05 0.0363049 0.00223308 0.000805159 0.0219827 0.0127765 0.0219903 
0.555654 0.0258757 0.0634576 0.0935594 0.124289 0.0125628 0.0426929 0.000253587 0.00259703 0.00373597 0.000197612 0.00538832 0.00655264 0.000302661 0.0628801 
0.440131 0.271091 0.0815142 0.046554 0.0222722 0.0430799 0.010294 6.22728e-05 2.12783e-10 6.75625e-08 0.000547666 0.000750135 0.00748748 0.000539912 0.0756764 
0.965245 6.54978e-05 2.04762e-05 0.000157779 0.00142228 0.000482587 0.00107867 4.09871e-08 1.79045e-06 0.0195887 2.62401e-10 4.14357e-10 0.00798412 1.25906e-08 0.00395357 
0.277149 0.142439 0.0168792 0.187203 0.0950288 0.040667 0.0813934 7.42285e-05 2.17161e-05 0.000120347 0.0443551 0.0117319 0.0814081 0.00386201 0.0176662 
0.680893 0.116128 6.11228e-06 6.11167e-06 6.11183e-06 0.172964 6.11202e-06 6.1079e-06 6.10534e-06 6.11135e-06 6.10863e-06 6.10628e-06 0.0299476 6.1109e-06 6.11075e-06 
0.570344 0.242338 0.00622623 0.00787158 0.0342364 0.000288843 0.00754553 2.35572e-06 1.13366e-05 0.11597 0.00183442 0.000201089 0.0067582 0.00103231 0.00533928 
0.680594 0.0484738 0.0621987 0.0107786 0.00305908 0.00397086 0.0318799 4.65992e-06 6.81951e-08 0.156949 0.000241447 0.000910508 0.000861323 7.21644e-08 7.75317e-05 
0.392782 0.110765 0.150146 0.0157349 0.0295088 0.0270172 0.0711052 0.000929127 2.18121e-06 0.0434186 0.000645172 0.000892306 0.127135 0.000137453 0.0297821 
0.870621 0.000364148 0.0345042 0.0513773 0.0101588 0.00665545 0.00476822 0.000170724 1.09689e-07 8.48532e-07 0.000211592 1.16413e-06 0.00978546 5.94399e-09 0.0113809 
0.986979 1.63348e-07 5.9363e-07 0.000459176 2.23217e-05 8.66391e-08 0.000150049 6.67895e-05 6.15359e-11 1.07347e-11 3.65688e-07 9.37151e-07 8.12293e-07 1.4671e-11 0.0123202 
0.7801 0.0440094 0.0355841 0.000347023 0.000464082 0.00151068 0.119718 5.11486e-05 2.06846e-10 0.0113644 5.54686e-06 0.00108967 0.00456303 1.30066e-05 0.00117978 
0.369869 0.117829 0.0694403 0.0932189 0.106485 0.0191566 0.0149062 0.00293192 9.52219e-07 0.090481 0.00793619 0.0320624 0.0678638 0.000275296 0.00754426 
0.66277 0.0390552 0.106081 0.0280244 0.0349581 0.0103465 0.0250792 0.000864196 0.00169405 0.022777 0.0027367 0.00122229 0.0362298 8.40577e-05 0.0280779 
0.447786 0.00279354 0.0383701 0.00414476 0.00569236 0.00070603 0.01882 1.18577e-07 8.88866e-06 0.233703 0.00191745 0.000336876 0.242151 0.000107774 0.00346131 
0.732435 0.0141953 0.0717281 0.0209765 0.0140115 0.00070149 0.0455286 1.29731e-10 1.46946e-07 0.00160353 0.000396617 6.80452e-07 0.0984065 1.45009e-05 1.53277e-06 
0.951148 0.00283156 0.0134256 0.00215673 0.00240062 0.00128643 0.00824182 1.03906e-05 2.57906e-07 1.05981e-05 9.46278e-05 5.2432e-07 0.0104143 1.74579e-05 0.00796079 
0.424741 0.227347 0.0459004 0.0365364 0.0214098 0.0334281 0.12312 0.000607359 1.43159e-06 0.000230575 9.21053e-06 0.0826799 0.00158616 8.00291e-06 0.00239426 
0.599841 0.0440464 0.012279 0.00021605 0.0833589 0.00543743 0.0534359 0.00405866 4.37127e-08 0.0316088 0.00505798 0.00519876 0.141856 0.013604 2.08261e-07 
0.819332 0.0131142 0.120655 0.0035265 0.00375428 0.00194585 0.00321271 0.000218714 2.29702e-09 1.40158e-06 2.3967e-07 0.000378542 0.00747562 1.84246e-07 0.0263847 
0.929449 0.00145056 0.0283214 0.00182576 0.00269782 0.0167666 0.0128014 0.00144736 9.98359e-11 1.20545e-06 1.45519e-07 3.72882e-07 0.00200354 8.28467e-09 0.00323517 
0.504331 0.142572 0.10205 0.0304245 0.0194828 0.0114888 0.0467949 0.000399187 2.38657e-05 0.00334882 0.00840537 3.63387e-05 0.0723119 0.000103416 0.0582274 
0.262869 0.00666141 0.235476 0.0155676 0.0343142 0.00222169 0.151908 5.95779e-06 2.76806e-05 0.0773499 0.00329938 0.00270838 0.0669317 0.000384832 0.140273 
0.405618 0.000951334 0.0266504 0.000392804 0.000972132 3.12005e-05 0.00694195 1.26013e-07 1.60508e-09 0.302416 0.00105414 4.99018e-05 0.254416 4.27847e-05 0.000462678 
0.949625 0.0104177 0.00691502 0.00148601 0.000935058 0.000640683 0.000332214 9.70048e-08 6.17263e-07 0.00119068 4.76065e-10 0.000205249 0.025639 1.04974e-08 0.00261269 
0.313767 0.25667 0.267745 0.0282112 0.00588261 0.0571968 0.0219931 0.000109082 3.04921e-07 0.019106 0.000727892 0.000152836 0.00318349 4.25041e-05 0.025212 
0.582368 0.0384458 0.0673572 0.04635 0.0143373 0.00912056 0.108635 0.000388255 2.54593e-10 0.0239082 0.000159058 1.91545e-06 0.0298506 2.01901e-06 0.0790757 
0.611349 0.0229668 0.12887 0.0238477 0.0159574 0.0108958 0.0375191 5.47848e-05 1.42546e-05 0.0833447 0.00388651 6.2507e-05 0.0309355 0.0110088 0.0192866 
0.338445 0.0353629 0.192432 0.0196 0.0278741 0.0169986 0.129292 2.83615e-05 6.08433e-09 0.0263198 0.00561334 0.000925094 0.138346 2.43577e-05 0.0687393 
0.954202 0.00214708 0.0090667 0.00200869 0.00159714 0.00101041 0.00749882 1.03919e-05 2.58136e-07 1.05994e-05 9.46308e-05 1.31308e-05 0.00884452 1.74589e-05 0.0134782 
0.316348 0.0183824 0.171518 0.0386691 0.00670307 0.0155471 0.0387768 0.00231398 1.799e-05 0.00101329 0.000135162 6.28765e-05 0.0925275 7.23871e-08 0.297985 
0.352337 0.0512268 0.164467 0.0476024 0.0439232 0.0154586 0.107765 0.0192283 1.37303e-05 0.0342875 0.00366766 0.0120565 0.066746 0.00817787 0.0730431 
0.474251 0.268627 0.0687008 0.0189224 0.0262455 0.00161125 0.0211562 7.77959e-05 5.84817e-07 0.000248675 0.00127685 0.00228992 0.0266131 0.000147153 0.0898312 
0.198729 0.0577163 0.152436 0.112388 0.0462404 0.132045 0.17326 9.091e-06 5.48645e-05 0.0860097 0.019311 0.00675374 0.00534223 0.00121791 0.00848585 
0.967995 0.00198187 0.000897037 0.000713242 0.00527661 0.0010525 0.000225198 6.5298e-08 1.00817e-07 0.000183103 0.00336505 0.00434017 0.0101866 2.40362e-08 0.00378356 
0.439221 0.0397564 0.107679 0.0408686 0.0262229 0.0222944 0.0593971 0.00197381 0.00983985 0.023216 0.0143064 0.00932036 0.182226 0.000162227 0.0235158 
0.903028 0.0017922 0.00875999 0.00999791 0.00139297 0.000704227 0.00536008 6.22389e-06 2.60205e-07 6.46587e-06 0.00175583 5.69125e-07 0.00745349 9.93821e-06 0.0597322 
0.330853 0.102245 0.157597 0.051398 0.0018791 0.0868523 0.0248189 7.13083e-07 1.29888e-06 0.000457931 0.00101687 0.149718 0.01095 1.84361e-05 0.0821922 
0.40974 0.00103389 0.0146497 0.0134055 0.00387716 0.00894207 0.0165288 0.000565609 0.000567094 0.377944 0.000353021 3.28575e-05 0.127936 7.77918e-06 0.0244164 
0.511037 0.00464356 0.0365465 0.00910114 0.00240745 0.0118961 0.0264573 1.19794e-05 1.00008e-06 0.323394 0.00446659 0.000317738 0.0334343 1.58942e-06 0.0362839 
0.521889 0.00681943 0.030219 0.00163888 0.00207113 2.58189e-05 0.00355553 1.98553e-08 6.01353e-06 0.12235 0.0826151 1.56551e-06 0.223928 0.00124545 0.00363515 
0.86213 0.00318962 0.0481919 0.000165997 0.00289634 0.056094 0.0222665 0.00373265 1.04826e-10 2.27124e-06 5.77335e-11 9.11669e-11 0.00133104 1.55898e-08 4.03568e-08 
0.507732 0.0416793 0.110222 0.0128688 0.0206172 0.00765187 0.0226826 0.00045101 3.47824e-06 0.217679 0.00115495 0.000122088 0.0486482 0.00272995 0.00575773 
0.421473 0.0128974 0.149078 0.0711665 0.0210667 0.0068002 0.0184389 0.0029296 0.000645429 0.000228974 0.0310211 0.0075238 0.157262 5.62575e-05 0.0994115 
0.588185 0.0509691 0.00649743 0.0136272 0.000776165 0.0776681 0.0313871 7.55939e-05 5.51899e-08 0.00246172 0.0458561 0.0511335 0.116027 4.92648e-06 0.0153318 
0.630032 0.0739581 0.00978298 0.0262229 0.0123704 0.0113683 0.00216 0.000581429 6.60927e-09 0.032535 0.000307994 0.133365 0.0610354 4.0762e-07 0.00628028 
0.72204 0.256802 2.72861e-05 0.000308428 3.58391e-06 0.000569989 0.000217527 6.56781e-07 2.50997e-08 0.00692627 1.77816e-07 0.000159257 0.0083051 0.00111817 0.00352177 
0.622306 0.0216953 0.114773 0.0300568 0.01801 0.00414838 0.0304266 0.000231643 1.26238e-08 0.08546 0.000352029 3.71557e-05 0.0172072 0.000371454 0.0549246 
0.537839 0.0552799 0.113707 0.0367453 0.0454001 0.0284174 0.0400657 0.00222456 0.00211653 0.0473975 0.00328842 0.00205576 0.0609138 0.00217112 0.0223787 
0.965245 6.54978e-05 2.04762e-05 0.000157779 0.00142228 0.000482587 0.00107867 4.09871e-08 1.79045e-06 0.0195887 2.62401e-10 4.14357e-10 0.00798412 1.25906e-08 0.00395357 
0.212379 0.08106 0.201672 0.100987 0.0407481 0.0153694 0.119726 0.000215885 1.37682e-05 5.81755e-05 0.00133838 0.022817 0.0221137 8.82662e-06 0.181492 
0.62682 0.00549097 0.050804 0.0669711 0.00598421 0.0314929 0.0479681 0.000105257 1.27327e-05 7.92843e-05 0.000760637 0.00929397 0.0229256 0.067632 0.0636594 
0.623338 0.0678903 0.114157 0.0265194 0.0126006 0.0184892 0.0495031 0.00215419 0.000696065 0.0256159 0.00816579 0.00423976 0.0269867 0.00236132 0.0172829 
0.455302 0.0020644 0.0876756 0.164176 0.0600145 0.00867699 0.0210566 2.02901e-05 0.00748816 0.104953 0.03407 0.00444163 0.0323344 0.00011433 0.0176121 
0.502152 0.0406754 0.128749 0.04955 0.0341377 0.00388572 0.0484598 0.00247575 6.97318e-05 0.0626176 0.0035022 0.0209319 0.0254043 6.1177e-05 0.0773277 
0.644976 0.00255796 0.0171979 0.0667396 2.40913e-07 0.052286 0.0813279 0.000111618 1.42811e-10 0.0719548 4.18926e-07 0.0262508 0.0255582 4.22741e-06 0.0110343 
0.843292 0.069119 0.00769369 0.00986845 0.0179054 0.00680539 0.000398681 0.00231326 2.57215e-06 0.000256464 0.000321526 0.000297098 0.00417826 6.9021e-07 0.0375474 
0.620437 5.48974e-05 5.49027e-05 0.230624 0.148281 5.48962e-05 5.49003e-05 5.48634e-05 5.48404e-05 5.48944e-05 5.487e-05 5.48488e-05 5.48868e-05 5.48903e-05 5.4889e-05 
0.34112 0.0274336 0.259226 0.01907 0.0119513 0.0141942 0.0237033 5.46001e-05 5.70585e-12 0.186491 0.00034366 0.0004912 0.0875001 0.0182884 0.0101319 
0.417107 0.0951621 0.176527 0.00212781 0.023569 0.00215129 0.0105667 5.68108e-05 4.02693e-08 1.07568e-06 0.0513581 4.11486e-08 0.0308435 8.48156e-05 0.190445 
0.821071 0.00784157 0.016281 0.000733316 0.00319699 0.00227216 0.00367406 0.00171509 3.85763e-06 6.72945e-07 2.12462e-06 0.000229718 0.109208 6.09585e-05 0.0337101 
0.342529 0.0539989 0.168587 0.0551552 0.0765259 0.0179894 0.0566297 0.00218156 0.00120093 0.0362 0.0120424 0.00406047 0.141475 0.00196003 0.0294644 
0.623123 0.00887361 0.122137 0.00110824 0.0119599 0.000892263 0.108142 0.000182038 0.000105897 0.0053005 0.000708937 0.000738299 0.0795431 0.000138768 0.0370472 
0.497791 0.0404185 0.0586975 0.0178607 0.0409801 0.0232612 0.211106 0.0108494 7.55648e-06 0.00671366 0.00397452 0.00341526 0.0568359 0.000433503 0.0276549 
0.965245 6.54978e-05 2.04762e-05 0.000157779 0.00142228 0.000482587 0.00107867 4.09871e-08 1.79045e-06 0.0195887 2.62401e-10 4.14357e-10 0.00798412 1.25906e-08 0.00395357 
0.35106 0.00843941 0.243057 0.0158895 0.058264 0.0216078 0.0486952 0.186395 1.51106e-10 7.18235e-05 0.000964609 0.00401315 0.0057075 0.000221752 0.0556141 
0.668591 0.00264641 0.0492964 0.013849 0.00537926 0.00302143 0.0711171 4.98568e-05 2.44729e-06 0.155329 0.000179834 4.31947e-06 0.0275238 2.86425e-05 0.00298166 
0.471651 0.169799 0.0847646 0.0422214 0.0233353 0.00325169 0.00396446 4.17774e-06 0.0211869 0.0376022 0.074867 2.71927e-06 0.0499858 0.000203551 0.0171602 
0.223469 0.123951 0.124837 0.00669123 0.0280211 0.00274344 0.0694157 0.000569096 1.35772e-07 0.202966 0.000902537 0.00374406 0.104961 0.09209 0.0156383 
0.302256 0.061285 0.190442 0.0276995 0.0468045 0.0092887 0.194556 0.015234 4.7126e-05 0.026578 0.083907 0.000725051 0.0307233 0.00144316 0.009011 
0.839833 0.0532994 0.0122244 0.0154894 0.0266386 0.000330276 0.00753265 5.12462e-06 5.00297e-08 0.0291892 0.00121442 0.000663519 0.0100066 0.000279128 0.00329407 
0.299084 0.0498865 0.280166 0.0138376 0.071262 0.095615 0.050291 0.000204988 3.23418e-06 0.0154329 8.54717e-05 1.42189e-05 0.00176431 1.48136e-05 0.122338 
0.629857 0.0257466 0.0854165 0.0180227 0.0533639 0.00111826 0.00332122 0.000167446 6.46723e-07 0.147525 0.00667906 0.0131138 0.0130028 3.10293e-05 0.00263339 
0.387076 0.0942553 0.122243 0.00398507 0.0034675 0.0144266 0.205315 0.000525167 1.62316e-09 0.0279192 0.000261968 0.00311865 0.0958699 4.11411e-05 0.0414957 
0.345634 0.0941625 0.114374 0.0168159 0.0367266 0.116726 0.0274825 0.000143261 0.0544476 8.94667e-08 1.65206e-07 1.33048e-07 0.19066 2.5359e-05 0.00280217 
0.951148 0.00283156 0.0134256 0.00215673 0.00240062 0.00128643 0.00824182 1.03906e-05 2.57906e-07 1.05981e-05 9.46278e-05 5.2432e-07 0.0104143 1.74579e-05 0.00796079 
0.434847 0.0344033 0.101738 0.00492279 0.0115213 0.0119834 0.0610734 0.00137724 4.8571e-05 0.138039 0.00284126 0.0103439 0.182444 0.000359965 0.00405744 
0.651806 0.0120408 0.00732803 0.00144941 0.00752544 0.00141684 0.000216286 1.76502e-07 1.48912e-11 1.3389e-09 0.0758533 2.27928e-05 0.242312 2.88427e-05 1.27001e-07 
0.546702 0.042706 0.200321 0.0376446 0.058279 0.00795853 0.0174527 0.00240737 1.45408e-07 0.0407229 0.0165054 4.28556e-05 0.0109209 2.54518e-06 0.0183343 
0.446622 0.0149759 0.120873 0.00482224 0.0255092 0.00104913 0.00568924 2.78817e-07 5.6462e-11 0.0149891 0.0048308 0.00168603 0.0115336 1.61488e-05 0.347404 
0.26251 0.0100199 0.216242 0.153515 0.0967137 0.0179003 0.0698812 6.39187e-07 1.68381e-08 0.00388671 0.00215672 3.44115e-05 0.0112794 3.17687e-05 0.155828 
0.453738 0.0166935 0.0497873 0.0104593 0.00810102 0.0115499 0.035265 0.0012759 0.00091421 0.16772 0.0151107 0.00288085 0.203403 0.000161755 0.0229403 
0.536238 0.168615 0.0571881 0.0131719 0.0224368 0.000819921 0.00734215 0.0146652 0.000288009 0.160898 0.00313347 0.000416577 0.0114556 0.00124808 0.00208318 
0.341169 0.0536074 0.167645 0.255156 0.0793435 0.051091 0.00957972 0.0173113 4.51497e-07 2.28406e-07 0.00429121 0.000302275 0.0108763 5.87558e-06 0.00962033 
0.869892 0.0705616 0.012392 0.0145581 0.00500633 0.00149567 0.00880293 1.02653e-08 0.000135864 0.0114081 4.89049e-06 6.31862e-05 0.00437838 0.00010515 0.00119554 
0.73263 0.00762126 0.026714 0.0388734 0.00686129 0.00960047 0.0189997 7.27231e-07 3.06117e-11 0.0297137 4.06954e-07 0.000547005 0.121551 2.37465e-05 0.00686299 
0.465866 0.0142112 0.148912 0.00818887 0.00920965 0.0102191 0.192364 2.09013e-05 9.47669e-07 0.010418 0.0111188 0.00201772 0.0368978 0.000124743 0.0904305 
0.753738 0.00181029 0.0640972 0.00123668 0.000639547 0.0143924 0.00257709 2.95206e-05 9.04585e-08 0.0634512 3.7572e-07 0.000493867 0.0830656 4.37327e-10 0.014468 
0.492013 0.179296 0.262675 0.0258298 0.00437645 0.0131348 0.0196902 3.17679e-05 3.45898e-10 6.03404e-11 0.000248791 3.00828e-10 0.00269727 2.08389e-07 6.37148e-06 
0.550515 0.0137062 0.0201674 0.000652185 0.00959044 0.00075931 0.00485418 0.000301945 6.45233e-11 0.191149 0.0173796 3.8096e-05 0.189876 2.12468e-05 0.000989316 
0.385776 0.170665 0.0410654 0.010381 0.0337311 0.0827266 0.0355956 0.154468 5.55318e-05 0.0461497 0.00134641 0.00999758 0.0172119 3.79921e-05 0.0107921 
0.970945 0.0159773 0.00252834 0.00133555 0.00267418 0.000152476 7.25072e-06 1.40384e-10 2.16747e-10 2.96994e-06 1.97941e-05 1.31557e-05 0.00539935 1.59435e-06 0.000942662 
0.392812 0.0204329 0.0765344 0.0141448 0.0198564 0.0068835 0.0319309 0.000148826 0.00125829 0.0494177 0.00106566 0.000378356 0.351437 0.000113205 0.0335857 
0.633549 0.0418899 0.0616617 0.0182813 0.0281257 0.019689 0.0713937 0.00313279 0.00703813 0.00181144 0.000996321 0.000893466 0.0228685 0.000105683 0.0885633 
0.521617 0.0593205 0.0971601 0.0470204 0.0253871 0.00979543 0.0439382 0.00235987 4.3232e-05 0.041109 0.0135695 0.00159692 0.114416 0.000244157 0.0224217 
0.651806 0.0120408 0.00732803 0.00144941 0.00752544 0.00141684 0.000216286 1.76502e-07 1.48912e-11 1.3389e-09 0.0758533 2.27928e-05 0.242312 2.88427e-05 1.27001e-07 
0.588399 0.00956606 0.0222843 0.00521648 0.00127033 0.0181358 0.168978 9.87516e-05 2.21566e-08 0.0709037 0.000339112 0.0505363 0.0616394 3.16243e-08 0.00263276 
0.400299 8.21049e-05 0.0504576 0.0152408 0.00729325 0.190829 0.0804932 0.000509132 1.05603e-07 0.00272907 1.6269e-09 3.12662e-05 0.00705203 1.05747e-05 0.244973 
0.819464 0.00172934 0.00226389 0.000307672 0.000751298 0.00213715 0.00859039 0.000759014 2.74807e-09 0.000821605 0.00190749 0.000158201 0.149007 1.81202e-05 0.0120852 
0.264037 0.0939419 0.25932 0.119012 0.0167032 0.00210761 0.0752768 0.00330826 1.61841e-06 0.0425382 0.00449156 0.000966757 0.0254801 0.00056614 0.092249 
0.651806 0.0120408 0.00732803 0.00144941 0.00752544 0.00141684 0.000216286 1.76502e-07 1.48912e-11 1.3389e-09 0.0758533 2.27928e-05 0.242312 2.88427e-05 1.27001e-07 
0.516107 0.00664123 0.00722859 0.0173436 0.000360472 0.0200256 0.0878029 1.16059e-06 2.62374e-07 0.0188444 7.11025e-05 0.266642 0.0528567 6.2049e-10 0.00607535 
0.265882 0.210683 0.174752 0.0212108 0.00698211 0.0486836 0.216641 4.72951e-05 7.6921e-06 2.89325e-05 3.03631e-05 0.0199599 0.0310271 3.47228e-05 0.00402832 
0.692046 0.0249813 0.0522367 0.0216795 0.0159437 0.00374092 0.0146162 8.25282e-05 0.00101109 0.0367516 0.00662872 0.000602658 0.083238 9.77265e-05 0.0463436 
0.699735 0.206053 0.0053327 0.000276878 3.48858e-05 0.00061297 0.00122738 6.69894e-05 2.45182e-07 2.17571e-05 0.0001165 2.13235e-07 0.0824499 0.00018417 0.0038878 
0.394724 0.0425152 0.219932 0.0143956 0.0223666 0.0149139 0.177879 0.000483413 9.25906e-06 0.0523994 0.00138019 0.000450882 0.0430222 0.00758906 0.00793824 
0.46095 0.00666317 0.0205214 0.00722771 0.0226959 0.0063874 0.017392 2.3267e-05 9.2876e-08 0.00403525 0.000362663 0.00355762 0.436258 1.27152e-05 0.013912 
0.699074 0.0260312 0.0496656 0.0508143 0.0121112 0.00683481 0.0210271 0.00163785 3.79168e-06 0.0316144 0.00700936 0.00454581 0.0347763 1.38956e-05 0.0548399 
0.969269 0.00792014 0.000512898 2.14725e-08 3.7599e-08 3.45697e-05 1.20551e-07 1.22444e-07 6.22403e-11 6.85836e-08 3.42793e-11 0.000235238 0.011095 1.48389e-11 0.0109329 
