0.00637545 0.928565 0.00725747 7.2919e-06 0.00261422 0.000298955 0.000939351 0.0442114 0.00297975 0.0021951 0.00213869 1.0565e-07 0.000256525 0.00206903 9.19115e-05 
0.0120517 0.63364 0.0188332 0.024487 0.0643938 0.0747252 0.035795 0.13093 8.05359e-06 0.00276705 0.00191267 0.000156127 0.000121356 8.71268e-05 9.19608e-05 
0.0396563 0.411586 0.262606 0.0915185 0.0788677 0.0137332 0.0690322 1.76247e-07 5.73797e-08 0.0207378 0.00835028 1.06088e-08 0.00141008 0.000346603 0.00215584 
0.00474816 0.86652 0.0288486 0.00131289 0.00314884 0.0325344 0.0240742 0.0281416 4.9458e-05 2.60579e-06 0.0080852 9.36281e-07 0.000400711 0.00153855 0.00059341 
0.0324459 0.819709 0.0152295 0.0604713 0.00453076 0.0289878 0.0086048 0.000673367 1.69914e-07 0.0190262 0.00282754 0.00135567 0.00490431 4.58445e-05 0.00118795 
0.138621 0.460955 0.081283 0.0956001 0.0851371 0.0810535 0.0430156 0.00103066 3.43648e-07 0.00821146 0.000619706 0.000546369 0.00138482 7.68233e-05 0.00246379 
0.0412873 0.5824 0.10596 0.00397535 0.118865 0.0426657 0.0218965 0.000334105 2.15839e-07 0.00451472 0.0208975 0.00356896 0.0240241 0.00589418 0.023716 
0.0349258 0.496183 0.158677 0.0313947 0.196972 0.0443472 0.00545918 0.00083984 1.74462e-05 1.29637e-05 0.0196879 0.000155897 0.000930786 3.06704e-05 0.0103657 
0.073113 0.478666 0.137342 0.00585074 0.183954 0.00455063 0.041047 0.000230758 4.17897e-05 0.0156602 0.00115221 7.45923e-05 0.0150399 0.0287411 0.0145366 
0.102929 0.265422 0.147081 0.0233172 0.136577 0.0582725 0.0938318 0.127416 7.81678e-08 0.00381146 0.0069666 0.00355916 0.00239214 0.000194093 0.0282302 
0.204109 0.457044 0.187949 0.013091 0.0103705 0.000735324 0.0472236 3.43428e-07 0.00314611 0.0242731 0.000299727 2.3112e-06 0.0138672 4.55366e-05 0.0378436 
0.0220719 0.861252 0.0397485 8.29881e-06 0.022955 0.00539801 0.0261412 2.73306e-11 4.21974e-11 7.36114e-12 0.0204325 6.01902e-07 0.00198998 8.75355e-08 1.4629e-06 
0.00529844 0.964515 0.0022703 0.0149939 0.00276229 0.00214661 0.000186114 6.26555e-06 2.31466e-06 1.29669e-05 0.00184676 1.50125e-06 0.000254854 0.000255594 0.00544722 
0.00220007 0.943828 0.0220323 0.000472208 0.00456599 0.000340279 0.00380593 6.48313e-06 1.56112e-12 0.00525362 2.11738e-05 9.01523e-06 0.0152895 0.00178021 0.000395293 
0.00205294 0.508872 0.253682 0.00236128 0.0489057 0.0465115 0.123244 0.00258802 7.44689e-06 0.00345673 0.002025 0.000155726 0.000846784 0.000106793 0.00518417 
0.0996101 0.460341 0.167156 0.0366442 0.123159 0.0235011 0.0519446 0.00625023 0.000133381 3.49945e-05 0.000755003 0.000593674 0.0150246 0.000109531 0.0147425 
0.0892897 0.568692 0.116497 0.105596 0.0466777 0.034352 0.0152826 0.000311392 0.000795393 0.00191944 0.000862483 0.000980616 0.00210639 0.000313762 0.0163233 
0.105334 0.476952 0.289306 0.0222976 0.00985917 0.0493306 0.0170255 0.00503599 6.80928e-05 0.00713716 0.000910985 0.000609502 0.0051999 0.000188867 0.0107439 
0.0116795 0.705546 0.0391525 0.11213 0.0251578 0.0158475 0.0214932 0.0110825 0.00545377 0.000408722 0.0310358 5.3227e-05 0.000294451 0.000122589 0.0205423 
0.00406246 0.931522 0.0166854 0.000902559 0.0150983 0.000771289 0.0035537 0.000982927 2.02986e-11 0.000738802 0.0138794 9.15898e-10 0.000640335 0.0109405 0.000222065 
0.0603456 0.55381 0.113767 0.000764468 0.00585815 0.0473797 0.16783 0.0351034 1.61544e-08 0.00726408 0.00150923 0.00186171 0.00274452 0.000210179 0.00155169 
0.0651673 0.614719 0.20824 0.00259671 0.0458467 0.00410907 0.0125397 0.000588744 0.000250897 0.00392507 9.82879e-05 0.00106452 0.0158351 2.2637e-05 0.0249964 
0.197005 0.358587 0.2376 0.0251734 0.0266089 0.0470021 0.0557839 0.00687465 5.15973e-05 0.000333062 0.000292343 0.00020988 0.00286218 0.000227377 0.0413895 
0.10171 0.531316 0.0140737 0.00564465 0.0150262 1.83145e-08 0.00739107 8.07742e-08 4.15977e-05 4.05432e-05 5.48565e-05 0.00021057 0.00763406 0.000296961 0.31656 
0.219415 0.28801 0.0833304 0.111143 0.0256042 0.0333723 0.00748701 0.00177995 3.99716e-09 0.00238806 0.00128886 0.0139518 0.0618647 0.00023927 0.150126 
0.0357645 0.557061 0.0133216 0.0263063 0.0717651 7.76313e-06 0.00242659 2.00157e-06 1.2944e-05 1.52441e-05 0.0328585 2.17816e-08 7.22283e-06 5.97105e-09 0.260452 
0.00220007 0.943828 0.0220323 0.000472208 0.00456599 0.000340279 0.00380593 6.48313e-06 1.56112e-12 0.00525362 2.11738e-05 9.01523e-06 0.0152895 0.00178021 0.000395293 
0.00220007 0.943828 0.0220323 0.000472208 0.00456599 0.000340279 0.00380593 6.48313e-06 1.56112e-12 0.00525362 2.11738e-05 9.01523e-06 0.0152895 0.00178021 0.000395293 
0.050769 0.57214 0.105572 0.0137194 0.0869756 0.0483793 0.0147145 0.0495827 0.00018245 0.00650871 1.20966e-05 0.000169537 0.0359458 1.55883e-05 0.0153135 
0.0777069 0.742679 0.0424185 0.0158985 0.0733854 0.010735 0.00444016 0.0014735 7.0339e-07 0.00575555 0.0208847 9.88476e-05 0.000844831 0.000144709 0.00353401 
0.000155271 0.998693 0.000228834 0.000119064 0.000143538 0.000247198 0.000278751 4.43004e-09 6.83981e-09 1.19317e-09 3.76707e-09 5.94858e-09 2.62818e-05 1.69609e-05 9.12426e-05 
0.0957337 0.66041 0.0916387 0.00693503 0.0128368 0.0134557 0.0539209 0.000390498 0.00238913 0.000667474 0.00566968 0.0004115 0.0148754 0.00126248 0.0394027 
0.0202893 0.249659 0.237358 0.0453007 0.168707 0.0211708 0.192154 0.000757932 8.50726e-07 0.00490657 0.048341 0.00015542 0.00362859 0.000805791 0.006765 
0.21775 0.592051 0.0996222 0.0030864 0.0152076 1.10187e-06 1.10196e-06 1.10121e-06 1.10075e-06 1.10184e-06 1.10135e-06 1.10092e-06 0.0480345 1.10175e-06 0.0242392 
0.00220007 0.943828 0.0220323 0.000472208 0.00456599 0.000340279 0.00380593 6.48313e-06 1.56112e-12 0.00525362 2.11738e-05 9.01523e-06 0.0152895 0.00178021 0.000395293 
0.0954652 0.410964 0.0921667 0.0110998 0.0714124 0.237731 0.0366636 0.000704834 2.02424e-05 9.60831e-05 0.0237982 4.25492e-07 0.00173337 0.000520759 0.0176235 
0.103302 0.268494 0.0953319 0.00241463 0.21237 0.00208845 0.0166425 1.11382e-05 0.000120599 0.0139336 0.00104071 0.0187672 0.0109379 0.251083 0.00346276 
0.332672 0.422331 0.0709354 0.00400486 0.00334529 0.0078527 0.019898 0.000770371 3.30337e-05 0.000644545 0.000341776 0.0010045 0.0382245 8.54585e-05 0.0978559 
0.0442271 0.65837 0.215362 0.0190269 0.0302981 0.0130553 0.00952597 0.000143196 7.16489e-06 0.00106499 0.00247585 0.001139 0.00303588 5.79869e-06 0.00226279 
0.0407237 0.643998 0.130208 0.0373452 0.0298333 0.0020049 0.0309092 1.32841e-05 2.41244e-05 0.000201924 0.0732369 0.000152897 0.00577076 0.00352696 0.00205119 
0.111674 0.71455 0.0663362 0.0126353 0.033318 0.0025534 0.0141102 0.000396711 0.000628602 0.0094084 0.0117558 0.000466182 0.0100107 0.000296675 0.0118598 
0.0915316 0.713638 0.0590401 0.00163255 0.00689129 0.0130313 0.0670577 0.00541248 4.09563e-05 0.01496 5.779e-05 0.000848854 0.000470009 3.0958e-05 0.0253568 
0.00220007 0.943828 0.0220323 0.000472208 0.00456599 0.000340279 0.00380593 6.48313e-06 1.56112e-12 0.00525362 2.11738e-05 9.01523e-06 0.0152895 0.00178021 0.000395293 
0.0232816 0.794028 0.124063 0.0197751 0.0182579 0.000768268 0.0066099 1.48796e-05 3.81167e-06 0.000399569 0.00055138 0.000175277 0.00470943 0.000142936 0.00721939 
0.0188115 0.465887 0.202072 0.00375961 0.0672113 0.0210651 0.182793 0.0288069 1.02437e-05 0.00532245 0.00321333 0.000178852 6.48432e-05 0.000449076 0.000354619 
0.0758088 0.607983 0.115471 0.101765 0.0273495 0.00122029 0.00898494 0.0039522 8.72562e-06 0.00942723 0.0225475 3.02498e-06 0.00304597 0.000128503 0.022305 
0.0735393 0.481234 0.0517327 0.0139967 0.0369505 0.000889231 0.00749888 0.000358947 0.000723618 0.044463 0.00156062 2.09112e-05 0.00712645 0.275616 0.0042888 
0.196921 0.562587 0.0219072 0.0688562 0.00428439 0.0311044 0.0109594 0.0699196 2.39534e-07 0.000138636 0.000349432 0.000175512 0.0142352 0.000677203 0.0178849 
0.00259852 0.935624 0.0403186 0.00647428 0.00410867 0.000150845 0.00133178 6.35913e-08 0.00655558 0.000385915 0.000214317 5.30087e-06 0.00140808 0.000121892 0.000702329 
0.0324451 0.729247 0.135834 0.0138164 0.0668877 0.00569025 0.00172122 0.000100687 2.98753e-05 0.00142921 0.00239177 8.71647e-05 0.00540131 6.52027e-05 0.00485363 
0.00220007 0.943828 0.0220323 0.000472208 0.00456599 0.000340279 0.00380593 6.48313e-06 1.56112e-12 0.00525362 2.11738e-05 9.01523e-06 0.0152895 0.00178021 0.000395293 
0.00904745 0.737927 0.140019 0.0534334 0.0309077 0.00896451 0.00962275 0.00266934 0.000114727 0.00114024 0.00045135 0.00255548 0.00130049 0.000130944 0.00171511 
0.0216334 0.886526 0.0279425 0.000165106 0.0279487 0.0130184 0.0216502 0.000220909 3.28847e-06 5.44083e-05 0.000274447 9.37321e-06 0.000169714 1.04385e-05 0.000372763 
0.00406246 0.931522 0.0166854 0.000902559 0.0150983 0.000771289 0.0035537 0.000982927 2.02986e-11 0.000738802 0.0138794 9.15898e-10 0.000640335 0.0109405 0.000222065 
0.177639 0.554081 0.0133004 0.0514375 0.0752552 0.00258493 0.0249318 5.38192e-06 0.00186955 0.0402683 5.94943e-05 2.06582e-09 0.0363377 0.00361137 0.0186178 
0.000779893 0.295232 0.199327 0.0082899 0.0037595 0.172487 0.173755 0.144142 0.000224321 0.000133946 0.000742439 2.65777e-05 6.18676e-05 7.6551e-05 0.000961543 
0.0397644 0.317596 0.106228 0.128307 0.0854603 0.0228998 0.250695 0.00515189 5.7299e-06 0.00402789 0.003193 0.0265923 0.00181539 0.00320456 0.00505902 
0.0392615 0.843947 0.0841219 0.00166668 0.00543415 0.0010356 0.00913683 0.000375014 2.21337e-05 6.3492e-05 0.000425931 0.000341341 0.00995845 8.77957e-05 0.00412206 
0.0139882 0.623038 0.0670929 0.0001506 0.177885 0.0187114 0.0176221 0.050631 1.03998e-07 0.00118171 0.000120904 0.000203825 0.0110668 0.00977219 0.00853563 
0.0441597 0.935675 0.00216093 4.47569e-05 0.000570041 3.48321e-05 0.00178408 1.99489e-07 7.02181e-08 4.38886e-05 0.00295567 2.43976e-05 0.00209184 0.000109731 0.0103446 
0.0257591 0.660138 0.134811 0.00263612 0.125553 1.1158e-06 0.0101103 2.15136e-06 0.00437943 0.000462133 0.0100951 1.44347e-07 0.0210519 0.00323575 0.00176456 
0.0105761 0.393014 0.296173 0.000554507 0.0498184 0.012393 0.0205017 0.101489 0.000192004 0.0950299 0.000232009 0.000217628 0.0181783 0.00133003 0.000300838 
0.0234851 0.721161 0.0382007 0.038848 0.13479 0.000959186 0.000605471 7.37545e-07 5.24435e-10 0.0106345 0.0290613 0.000935763 3.07615e-06 0.000678193 0.00063699 
0.122778 0.555319 0.037008 0.0119692 0.0901146 0.00563016 0.0399315 0.000401588 0.0311764 0.0238249 0.00770415 0.000223533 0.0457121 0.000745998 0.0274608 
0.00220007 0.943828 0.0220323 0.000472208 0.00456599 0.000340279 0.00380593 6.48313e-06 1.56112e-12 0.00525362 2.11738e-05 9.01523e-06 0.0152895 0.00178021 0.000395293 
0.017186 0.819742 0.0382433 0.0110993 0.0251853 0.0386896 0.033092 0.00361772 3.97484e-07 0.00760599 0.00489228 2.16035e-05 0.000413771 3.18331e-06 0.000207099 
0.0334129 0.842767 0.0223656 0.0447695 0.0162948 0.00316528 0.00181183 1.04863e-08 1.2698e-05 0.000150869 0.00302666 7.30445e-06 7.65181e-05 0.000581587 0.0315573 
0.0674975 0.334903 0.132751 0.00850567 0.182566 0.0443111 0.122177 0.008885 0.0117723 0.0282075 0.0259145 0.000206192 0.017056 0.00140327 0.0138438 
0.0115831 0.714094 0.0703837 0.0178865 0.00691851 0.0401217 0.076955 0.00227356 6.37303e-10 4.40327e-05 0.0526554 0.00175214 2.55244e-05 0.00118911 0.00411813 
0.0601441 0.67006 0.106448 0.0248456 0.0714548 0.0296926 0.0180875 0.00212833 7.24113e-05 0.00576634 0.00129016 6.74428e-05 0.00218026 0.000569005 0.00719348 
0.297251 0.473545 0.0886298 0.0147179 0.0154669 0.00895909 0.0332254 0.000497312 0.00320383 0.000890137 0.0198049 5.83093e-05 0.00724831 0.000110208 0.0363924 
0.0209839 0.853879 0.0734331 0.0195129 0.00583722 0.00114393 0.00828318 4.23234e-05 4.12783e-05 0.00126725 0.000511208 9.29392e-06 0.0031416 0.000103518 0.0118098 
6.11267e-07 0.854876 0.0255334 2.52846e-06 0.0111012 0.00372205 0.0933133 4.38875e-09 6.77604e-09 2.61582e-07 4.31994e-06 5.89313e-09 1.97234e-09 1.6155e-09 0.0114465 
0.0503982 0.318647 0.258127 0.141631 0.0777379 0.00139196 0.139236 1.07569e-05 3.67555e-07 0.00823071 0.00144575 1.60393e-08 0.000558663 0.000182791 0.00240182 
0.00220007 0.943828 0.0220323 0.000472208 0.00456599 0.000340279 0.00380593 6.48313e-06 1.56112e-12 0.00525362 2.11738e-05 9.01523e-06 0.0152895 0.00178021 0.000395293 
0.00220007 0.943828 0.0220323 0.000472208 0.00456599 0.000340279 0.00380593 6.48313e-06 1.56112e-12 0.00525362 2.11738e-05 9.01523e-06 0.0152895 0.00178021 0.000395293 
0.0127027 0.87108 0.0297705 0.00500885 0.0262554 0.00332892 0.00387918 0.000892884 1.24564e-05 0.000203518 0.0307415 0.00268915 0.000616171 0.000223983 0.0125949 
0.10267 0.461059 0.158873 0.0213766 0.0748716 5.2801e-06 0.0170725 0.151554 1.32283e-10 5.97692e-07 0.00263899 1.15046e-10 1.73307e-07 0.000183074 0.00969427 
0.256353 0.274021 0.0626638 0.0323463 0.206472 0.0381707 0.00285714 0.00247656 0.0229085 0.0478301 0.00843108 0.00029667 0.00248817 0.0136493 0.029036 
0.146292 0.460922 0.148106 0.103248 0.0383988 0.00248593 0.0249013 0.00231374 8.35699e-09 0.00727027 0.00507212 8.48141e-06 0.00508317 0.000799165 0.0550998 
0.0455957 0.293111 0.141932 0.0528503 0.0729795 0.0165272 0.0678269 0.0079823 0.000382975 0.00903423 0.19737 0.000696578 0.0272443 0.0224532 0.0440141 
0.00597336 0.767991 0.138649 0.0124682 0.034559 0.0325915 0.00318457 0.000211067 2.86738e-05 0.000731427 0.000755814 1.78344e-05 0.000513827 9.9816e-05 0.00222552 
0.1136 0.403154 0.115323 0.0350302 0.0203892 0.0368611 0.0359043 0.158935 2.64954e-05 0.0106442 0.0485339 0.00102757 0.00451001 8.81203e-05 0.0159735 
0.105866 0.431493 0.0939836 0.0337649 0.00955062 0.0354028 0.014118 0.000152708 0.0414462 1.84853e-05 0.00499973 0.00134469 0.000869523 6.67276e-05 0.226923 
0.0402322 0.547144 0.122809 0.0590262 0.0266073 0.0371001 0.0481768 0.00181275 3.87606e-06 0.0750319 0.014771 7.72754e-06 0.0229661 0.000884731 0.00342661 
0.00220007 0.943828 0.0220323 0.000472208 0.00456599 0.000340279 0.00380593 6.48313e-06 1.56112e-12 0.00525362 2.11738e-05 9.01523e-06 0.0152895 0.00178021 0.000395293 
0.103302 0.268494 0.0953319 0.00241463 0.21237 0.00208845 0.0166425 1.11382e-05 0.000120599 0.0139336 0.00104071 0.0187672 0.0109379 0.251083 0.00346276 
0.036232 0.779786 0.0162199 0.0206913 0.0297583 0.000494509 0.00990865 0.0081019 2.25112e-07 6.9007e-07 0.0150302 0.00089103 0.0119416 3.38758e-05 0.0709096 
0.0671644 0.283986 0.149016 0.0188328 0.152148 0.0492752 0.193456 0.0200838 0.00500213 0.00623258 0.0325284 0.000586741 0.00546672 0.00906291 0.00715862 
0.0467552 0.847447 0.0139291 0.00102088 0.00949824 0.000150109 0.0051187 0.000445157 7.02633e-07 0.0554708 0.00765692 7.30652e-06 0.0108207 0.000173037 0.00150605 
0.0434261 0.280857 0.197061 0.0190453 0.177404 0.161844 0.0324913 0.0269738 1.51254e-05 0.0466889 0.000900066 0.000993658 0.00401857 0.000232589 0.00804841 
0.176111 0.634014 0.0499767 0.0155899 0.0239234 0.0523826 0.00616595 0.0040867 3.50407e-08 3.10179e-05 0.0018278 2.02206e-05 0.00428354 0.000854395 0.0307328 
0.117413 0.379768 0.209606 0.0452184 0.0895519 0.0278792 0.0580635 0.000508436 3.69771e-05 0.00549449 0.000298403 2.30349e-05 0.0354558 3.57236e-05 0.030647 
0.00220007 0.943828 0.0220323 0.000472208 0.00456599 0.000340279 0.00380593 6.48313e-06 1.56112e-12 0.00525362 2.11738e-05 9.01523e-06 0.0152895 0.00178021 0.000395293 
0.0730611 0.863332 0.0469257 0.00044375 9.67833e-05 0.000116455 0.00622787 7.71746e-05 3.8319e-05 4.87677e-07 2.72026e-08 0.000596659 0.00357853 0.000174064 0.005331 
0.0396254 0.455663 0.0590629 0.0148079 0.0876264 0.00542128 0.0668748 4.15283e-05 0.000831777 0.0209454 0.0818006 0.12678 0.00243155 3.28403e-05 0.0380545 
0.0225381 0.588754 0.0321051 8.15871e-06 3.70578e-06 2.46386e-07 1.00501e-06 0.00486947 1.11776e-09 1.94988e-10 6.15614e-10 9.72116e-10 3.25352e-10 8.02128e-08 0.35172 
0.051958 0.904059 0.0368005 0.000228262 0.000201025 1.4422e-05 3.60412e-07 7.93556e-09 6.89354e-09 9.03479e-07 5.03854e-08 0.000164656 0.00322319 0.0002518 0.00309759 
0.0198878 0.792975 0.00914643 0.000293445 2.64331e-05 0.141457 0.0212352 0.0124219 1.01391e-08 2.10278e-07 0.000158627 2.41226e-05 0.00230582 6.61807e-05 2.44579e-06 
0.170116 0.467195 0.113086 0.0128598 0.116898 0.00083074 0.0815647 0.000692295 1.92663e-05 7.56612e-05 0.0155625 0.00121525 0.00158218 0.00149122 0.0168109 
0.139324 0.241495 0.172918 0.0511833 0.0273572 0.0538455 0.144841 0.00482668 0.00131986 0.00725384 0.0073658 0.124687 0.0121186 8.78233e-05 0.0113761 
0.0499222 0.72062 0.0802638 0.0509665 0.0347892 0.00876815 0.0032805 0.00355555 0.000107033 0.000655034 0.00181518 6.29852e-07 0.0183095 6.74677e-05 0.026879 
0.097764 0.185114 0.176044 0.0203556 0.113508 0.0429155 0.140158 0.0115339 0.00428587 0.00769276 0.0217068 0.000267762 0.0419455 0.121468 0.0152396 
0.145787 0.724938 0.0743686 9.78306e-06 0.000988114 9.78289e-06 0.0538197 9.77704e-06 9.77294e-06 9.78256e-06 9.77821e-06 9.77444e-06 9.78122e-06 9.78183e-06 9.7816e-06 
0.0413123 0.449588 0.231376 0.00867946 0.109543 0.00731506 0.0664866 0.0199201 0.000370789 0.00313458 0.00550651 0.000198017 0.00270934 0.000426423 0.0534337 
0.0321245 0.401559 0.358676 0.104896 0.0588998 0.00306966 0.0353712 0.000137511 6.3609e-06 0.000492865 0.000569882 2.94735e-05 0.00138437 3.54507e-05 0.00274875 
0.066961 0.252844 0.103104 0.22844 0.0916359 0.0643779 0.0174382 0.0919095 2.09748e-06 0.00245159 0.000581349 6.90398e-06 0.00380538 6.89065e-07 0.0764414 
0.0988135 0.420327 0.22069 0.00969768 0.000332256 4.55194e-05 0.18687 0.00124835 0.000150871 0.000848733 0.000556045 0.0416485 0.01213 3.07144e-06 0.00663874 
0.000101892 0.855934 0.000101895 0.000101884 0.132555 0.000101883 0.00010189 0.000101822 0.000101779 0.000101879 0.000101834 0.000101795 0.000101865 0.010289 0.000101869 
0.0196207 0.596051 0.205155 0.0340503 0.0942658 0.0351469 0.00939286 0.00116094 1.34459e-05 1.71696e-05 0.00111659 0.000526526 0.00203551 0.000123202 0.00132403 
0.013731 0.66986 0.13306 8.8651e-06 0.00610543 0.00610303 0.00114594 0.00353761 1.45168e-09 0.162992 6.80925e-07 1.26253e-09 0.0021495 1.72589e-05 0.00128918 
0.0154847 0.513243 0.142791 0.070945 0.0743047 0.0511375 0.0257125 0.050476 0.00163618 0.0337555 0.000368756 0.00386376 0.0069009 0.000362679 0.0090175 
0.00406246 0.931522 0.0166854 0.000902559 0.0150983 0.000771289 0.0035537 0.000982927 2.02986e-11 0.000738802 0.0138794 9.15898e-10 0.000640335 0.0109405 0.000222065 
0.100171 0.692844 0.11404 0.0007099 0.0325417 0.0196623 0.0349845 0.000297768 6.07372e-05 0.00107811 0.0003833 0.000406793 0.00169627 0.000161911 0.000962228 
0.0598565 0.908112 0.00738558 0.00877559 1.65134e-06 2.07807e-11 0.000581952 2.41967e-06 1.41505e-10 6.39363e-07 0.0127617 4.06245e-07 1.81271e-07 9.78702e-08 0.00252165 
0.084856 0.685893 0.0951481 0.00446648 0.0170142 0.00111327 0.0612556 0.000403182 1.34862e-05 0.00456366 0.00109069 4.80588e-05 0.0239941 6.97435e-06 0.0201334 
0.00220007 0.943828 0.0220323 0.000472208 0.00456599 0.000340279 0.00380593 6.48313e-06 1.56112e-12 0.00525362 2.11738e-05 9.01523e-06 0.0152895 0.00178021 0.000395293 
0.0110832 0.633204 0.0391945 0.0394404 0.115525 0.126529 0.0178094 0.000888729 2.62981e-06 3.48322e-05 0.00146562 0.00043497 0.000267014 7.91985e-05 0.0140413 
0.0825593 0.508413 0.0300078 0.062849 0.0473504 0.00985297 0.00499739 0.0171271 6.7643e-07 0.0790925 0.151816 7.24212e-05 0.000935523 0.000459903 0.00446611 
0.0425803 0.633142 0.1073 0.00910691 0.0363507 0.0464693 0.0363036 0.0418884 0.000588089 0.0437889 2.56861e-05 0.000675459 0.000826257 0.000516244 0.000438 
0.0985712 0.321887 0.169595 3.11319e-06 1.72669e-06 0.0203257 0.159374 4.60419e-11 7.10868e-11 6.95562e-06 0.0031321 0.0115698 3.41431e-07 1.84751e-07 0.215533 
0.122486 0.443335 0.132224 0.0592778 0.0911099 0.0181024 0.0374432 0.000480951 4.74135e-06 0.00085541 0.00306871 0.000522412 0.0112328 4.29716e-05 0.0798137 
6.4962e-05 0.999402 0.000144912 1.75206e-05 3.43001e-06 3.79155e-06 6.64213e-05 4.56878e-10 7.05402e-10 0.000166505 9.28565e-06 1.26385e-05 5.60335e-05 1.4497e-05 3.8055e-05 
0.0804405 0.740934 0.134481 0.0111665 0.00232562 0.000915879 0.00864898 2.43793e-07 3.76406e-07 4.52666e-05 0.00247893 2.97004e-05 0.00673669 1.81915e-05 0.0117779 
0.0376127 0.444667 0.0970087 0.0509593 0.124262 0.00561135 0.152466 0.00026496 7.85604e-06 0.00222191 0.0336397 0.00158499 0.00280666 0.0413979 0.00548975 
0.0240656 0.63793 0.272111 0.000812267 0.0146593 0.00579112 0.0306496 0.00461677 6.10307e-08 0.00430356 0.000883611 1.02402e-05 0.00266136 9.14552e-05 0.00141322 
0.0570332 0.833946 0.0708344 0.00507123 0.0125208 0.000112385 0.0147646 2.86252e-06 3.90182e-07 0.000836663 0.00280293 1.37051e-05 0.00154283 0.000176651 0.000341087 
0.0721205 0.653867 0.154581 0.0268362 0.057095 0.000394293 0.00548641 7.82623e-08 0.00802315 0.000510971 0.00141377 4.69574e-06 0.00293768 8.64459e-05 0.016643 
0.0563352 0.485995 0.193206 0.0231608 0.0525873 0.0145941 0.148417 0.00306858 7.27119e-05 0.000587535 0.00656964 5.47051e-05 0.000591201 5.39772e-05 0.0147069 
0.236519 0.371907 0.125851 0.120395 0.0280577 0.0556008 0.0360945 0.00658778 1.14171e-05 0.00447338 0.00792366 0.000652927 0.00488331 0.000163657 0.000877952 
0.0146388 0.551162 0.0785058 0.0774553 0.169476 0.00618086 0.010377 0.0104138 8.78672e-05 0.000817157 0.0778463 2.55394e-05 0.000305122 0.000490616 0.00221864 
0.0486353 0.681346 0.112586 0.0558831 0.00736216 0.00715697 0.030524 0.000130697 2.6001e-09 4.17997e-07 0.000167234 6.22909e-07 0.00126109 1.85033e-07 0.0549468 
0.05418 0.574754 0.265458 0.00398836 0.0128124 7.81269e-05 0.0177546 0.000388047 4.40377e-07 0.0160674 0.00569044 2.47947e-07 0.0436271 0.000566743 0.00463474 
0.0921642 0.675479 0.169652 0.026568 0.0219671 0.00433323 0.00326209 9.30083e-05 6.66856e-09 0.000820086 0.00176663 1.65754e-05 0.000650778 0.000104061 0.00312329 
0.120482 0.436008 0.0715966 0.0109727 0.103423 0.120025 0.0142935 0.00086219 8.40104e-08 1.76668e-08 0.0626918 0.0194236 0.0212851 1.38855e-05 0.0189224 
0.0004608 0.917307 0.00047905 0.000118166 0.0164202 0.0543126 0.00978653 0.000357194 1.40958e-05 6.36085e-06 0.000286009 3.62964e-05 3.14223e-07 1.27311e-05 0.000402649 
0.000150262 0.517973 0.000126959 0.00015863 0.00204452 0.00194255 0.106045 0.000626416 1.08411e-06 0.0728098 0.158062 0.00377569 1.42181e-05 0.0816502 0.0546195 
0.0777575 0.44592 0.281851 0.0409715 0.0853212 0.00261554 0.0343497 6.01939e-05 0.000809282 0.00804356 0.0123844 0.000325497 0.00417872 0.000704957 0.00470762 
0.0480455 0.466478 0.12143 0.0632496 0.0261049 0.178596 0.0254945 0.00626507 0.0061819 0.0157303 0.0126805 0.000756673 0.0237627 0.000223241 0.0050011 
0.153467 0.393408 0.156923 0.0624754 0.163939 0.000672643 0.00240842 8.60463e-05 0.000352384 0.000638429 0.0433262 1.15358e-05 0.0092666 0.00041535 0.01261 
0.00925518 0.516035 0.191912 0.0347304 0.0463945 0.0575741 0.133908 0.00806714 4.12597e-08 5.09209e-05 0.000109121 6.24069e-07 7.05315e-06 7.38179e-05 0.00188235 
0.00220007 0.943828 0.0220323 0.000472208 0.00456599 0.000340279 0.00380593 6.48313e-06 1.56112e-12 0.00525362 2.11738e-05 9.01523e-06 0.0152895 0.00178021 0.000395293 
7.82517e-06 0.591335 0.402138 4.19665e-06 1.24271e-05 4.30136e-06 1.055e-05 0.00646257 2.10161e-06 1.66426e-06 1.44929e-05 3.88326e-07 2.4305e-06 8.11409e-07 3.41403e-06 
0.00121347 0.998235 0.000259856 2.72451e-08 1.03173e-07 8.89841e-09 7.12957e-12 1.79207e-07 1.55676e-07 2.26333e-08 2.52363e-07 1.80497e-07 2.66722e-07 0.000290318 3.31997e-07 
0.0446234 0.767666 0.00408257 0.085382 0.0797167 1.40106e-11 0.0161651 1.63137e-06 9.54043e-11 0.00202643 2.6803e-07 1.66776e-08 2.77698e-11 6.5985e-08 0.00033533 
0.00220007 0.943828 0.0220323 0.000472208 0.00456599 0.000340279 0.00380593 6.48313e-06 1.56112e-12 0.00525362 2.11738e-05 9.01523e-06 0.0152895 0.00178021 0.000395293 
0.090381 0.414297 0.21162 0.00646224 0.0754756 0.0339007 0.0454995 0.00292135 3.45961e-07 0.0128338 0.00114705 0.00127972 0.0278105 0.0114234 0.0649475 
0.258559 0.334345 0.068764 0.0241514 0.107705 0.0124029 0.0945338 0.00185908 0.00127845 9.54798e-05 0.00760112 0.000678133 0.00137318 0.07006 0.0165925 
0.0329014 0.336984 0.186463 0.0425163 0.0337045 0.172277 0.118853 0.0266142 2.2288e-05 0.00619913 0.00220528 5.16766e-05 0.00650544 0.00025524 0.0344471 
0.125156 0.46252 0.125328 0.0568508 0.0458875 0.007979 0.126095 0.000460901 3.11722e-06 0.0101548 0.0162852 0.00158272 0.00440956 0.000647909 0.0166391 
0.171214 0.402575 0.293134 0.00835761 0.026742 0.021887 0.0266625 0.00294313 8.12567e-05 0.00136071 0.00133521 0.00030144 0.00673041 0.000133751 0.0365421 
0.018193 0.523692 0.182723 0.110046 0.0672204 0.0191576 0.00953598 0.00393401 1.21374e-07 0.00809305 0.00053392 7.9831e-05 0.000288187 0.000176181 0.0563275 
0.0139674 0.855919 0.0429892 0.039871 0.00127841 0.000442501 0.015829 0.0173162 2.11148e-08 1.82853e-05 0.000403086 1.83636e-08 0.00330163 0.00306736 0.00559633 
0.286544 0.392421 0.0458744 0.123262 0.0486694 0.00488923 0.0562447 5.84704e-06 8.15856e-06 0.00796316 0.000633573 0.00866326 0.020244 0.00429951 0.000278569 
0.00628175 0.292558 0.169701 0.00375171 0.231749 0.00607691 0.271645 0.00132211 9.38076e-06 0.00609413 0.00509479 6.08771e-06 0.00374522 0.00105434 0.000910031 
0.00254402 0.59147 0.216634 0.00778744 0.164558 0.0032719 0.0034109 0.0043221 3.54054e-05 0.00155957 0.000193777 0.00134217 0.00187251 0.000703951 0.000293271 
0.0254046 0.52338 0.0890542 0.00768153 0.0914658 0.0163097 0.0286851 0.0227487 0.140341 0.00304998 0.0117404 0.00226349 0.00272131 0.0277752 0.00737919 
0.0682203 0.296904 0.0500831 0.033162 0.142265 0.00555064 0.129292 0.00409683 3.49408e-06 0.00920767 0.236623 0.000522472 0.00286659 0.00345123 0.0177509 
0.000211988 0.999372 0.000125478 8.46386e-06 7.12483e-06 9.46818e-06 5.31784e-06 4.17583e-05 6.44732e-05 1.1247e-05 3.55091e-05 5.60723e-05 1.87665e-05 1.53712e-05 1.65077e-05 
0.000841712 0.654574 0.0211076 0.0294311 0.053133 0.00637112 0.232457 0.000353143 3.22369e-08 0.000834974 1.43221e-05 1.21286e-06 0.000250131 1.26686e-05 0.000618707 
0.0847788 0.611032 0.0906083 0.0287973 0.0558066 0.0100909 0.0456266 0.00688971 0.00122346 0.012173 0.0326412 0.00591348 0.0109929 0.00032315 0.0031029 
0.0735955 0.486748 0.00849674 0.245297 0.0223621 0.00785826 0.0068336 2.12587e-05 1.21374e-07 1.01316e-05 0.0414187 0.000213958 0.0014527 3.10375e-06 0.105689 
0.0721205 0.653867 0.154581 0.0268362 0.057095 0.000394293 0.00548641 7.82623e-08 0.00802315 0.000510971 0.00141377 4.69574e-06 0.00293768 8.64459e-05 0.016643 
0.180883 0.241076 0.189038 0.0113563 0.0253389 0.0987139 0.157832 0.00238854 9.55828e-11 1.44847e-05 0.0257627 0.00891731 0.0402505 6.29239e-05 0.0183657 
0.0309703 0.784323 0.0302322 0.0816644 0.00055722 0.00321345 0.0167692 0.0118727 6.19929e-05 0.00937717 3.37371e-05 0.000485303 0.00169467 8.16328e-05 0.0286634 
0.187282 0.278937 0.206827 0.0115395 0.0915896 0.0173988 0.159042 0.000781973 6.79213e-06 0.00528587 0.0153875 0.000119644 0.00387514 0.000622645 0.0213048 
0.0296649 0.887981 0.000759846 5.67967e-07 0.0675312 0.0120559 3.56853e-07 0.000698644 4.32647e-06 7.54732e-07 2.38283e-06 3.76273e-06 1.25933e-06 1.03149e-06 0.0012938 
4.69083e-07 0.998048 2.93791e-07 8.41194e-07 7.08113e-07 9.4101e-07 5.28522e-07 4.15022e-06 0.00192874 1.11781e-06 3.52913e-06 5.57284e-06 1.86514e-06 1.5277e-06 1.64064e-06 
0.0391534 0.753696 0.0449051 0.0201756 0.0117507 8.16192e-05 0.0180385 0.000219072 3.49385e-07 2.09882e-05 0.00451623 8.13115e-06 0.00519895 0.00224525 0.0999899 
0.355729 0.372551 0.129814 0.00433694 0.016666 0.0089224 0.0716076 1.25427e-06 2.06242e-10 6.37727e-05 1.13589e-10 0.00822364 0.00176649 0.000373499 0.0299444 
0.090656 0.423684 0.0889481 0.130202 0.0565271 0.0934731 0.0207553 0.00294267 8.55267e-07 0.0654547 0.0109312 0.000986449 0.00210492 0.000213174 0.0131199 
0.00220007 0.943828 0.0220323 0.000472208 0.00456599 0.000340279 0.00380593 6.48313e-06 1.56112e-12 0.00525362 2.11738e-05 9.01523e-06 0.0152895 0.00178021 0.000395293 
0.316679 0.505737 0.0484409 0.0324435 0.043996 4.35604e-07 0.021156 0.026323 4.01923e-11 0.00261523 1.12917e-07 1.7443e-06 1.17001e-07 7.50834e-05 0.0025319 
0.0411283 0.643619 0.229682 0.00267163 0.0449178 0.00402865 0.0121924 0.00623283 2.24674e-08 0.000338386 0.000652757 0.00602341 0.000955084 0.000380712 0.00717666 
0.0242479 0.770734 0.0488495 0.0299726 0.103532 0.000397284 0.000854186 0.00134885 0.000667562 7.50962e-06 0.00794713 0.00326061 0.00298117 5.88659e-05 0.00514078 
0.116882 0.580208 0.0476853 0.0146227 0.0314968 0.00206563 2.89013e-07 7.30709e-08 1.2382e-07 0.106303 0.00216787 2.54792e-07 0.0883034 2.72253e-08 0.0102641 
0.0282647 0.698959 0.137644 0.0149564 0.0119813 0.0142948 0.0737695 0.00018166 0.000188649 0.00114887 0.000495944 0.000303388 0.00423093 0.00159484 0.0119851 
0.109614 0.259531 0.235802 0.011749 0.1094 0.0338577 0.0375218 0.0953379 0.000303368 0.0179919 0.00531958 0.00276397 0.0404567 0.00980882 0.0305421 
0.0166918 0.676332 0.198262 0.0494072 0.0275389 0.000181254 0.00841873 9.95815e-06 2.38697e-08 0.00741109 0.000167706 8.47769e-05 0.000929952 0.000312252 0.0142526 
0.00765294 0.975714 1.43744e-06 1.83123e-05 0.00194612 0.00632163 6.89201e-05 0.00671598 5.7077e-07 0.000639819 9.4129e-05 1.38814e-05 0.000772155 9.24674e-07 3.96544e-05 
0.122132 0.657669 0.0676794 0.0031711 0.035533 0.0023154 0.00690174 0.0631781 8.48265e-05 0.00769937 0.0201146 1.04533e-05 0.00928188 0.00171879 0.0025103 
0.224887 0.525767 0.0639907 0.0310294 0.0086928 0.121781 0.010947 0.00451667 0.000514597 6.50448e-09 0.000291728 0.00562977 4.67417e-05 9.38358e-07 0.00190337 
0.081731 0.384757 0.110102 0.00905208 0.216939 0.0863231 0.0438832 0.0198106 0.00112143 0.00233043 0.0191981 0.000247625 0.0156272 0.000315558 0.00856153 
0.152204 0.651029 0.0855928 0.00209104 0.0208861 0.00237538 0.0521641 0.00142427 0.00103166 0.000386904 0.00986607 0.000339954 0.011845 0.000960333 0.00780322 
0.000103652 0.999808 5.42014e-08 1.55192e-07 1.30639e-07 1.73607e-07 8.28405e-05 7.65672e-07 1.18217e-06 2.06224e-07 6.51087e-07 1.02813e-06 3.44099e-07 2.81844e-07 3.02681e-07 
0.110423 0.743371 0.0921346 0.0325679 0.0104884 0.00419396 0.000497921 0.000372828 2.39356e-06 0.000710197 1.31827e-06 0.000485583 0.00463546 1.50589e-05 0.000101142 
0.12643 0.198581 0.0581623 0.12443 0.015646 0.0105663 0.182517 0.0046868 0.0526505 0.00354398 0.156459 8.14591e-05 0.0150343 0.00260016 0.0486108 
0.00536597 0.812611 0.0469849 0.00668691 0.0784785 0.0393128 0.00201253 4.72768e-05 1.93225e-07 0.00274136 0.000229806 0.0012011 1.08636e-05 0.00012063 0.00419656 
0.047144 0.506269 0.0919894 0.00821687 0.0877551 0.0042139 0.170282 0.000350846 1.1779e-08 0.00273758 0.0445141 0.000641763 0.00517235 0.0222656 0.00844728 
0.0476792 0.357321 0.232775 0.0730243 0.0417406 0.112452 0.113674 0.000333167 2.87307e-06 0.000712075 0.00821012 6.55519e-05 0.0008262 0.000162375 0.0110216 
0.034981 0.65945 0.114884 0.00312276 0.0606746 0.00289122 0.0341085 0.015622 0.00268689 0.000466094 0.00883961 0.00530341 0.00815336 0.0243466 0.02447 
0.0202349 0.965571 0.000134392 0.00802379 1.19048e-05 0.00472082 7.35265e-10 2.11912e-06 5.1618e-05 8.11459e-07 1.07907e-06 7.75277e-09 2.59473e-09 2.12529e-09 0.00124773 
0.045642 0.875239 0.019327 0.0120176 0.0228275 0.00144286 4.54007e-07 0.000126393 1.67457e-08 0.000148222 0.000923908 0.000127575 0.0152159 2.64865e-05 0.00693537 
0.0168737 0.535806 0.219338 0.00337143 0.0632223 0.00480033 0.0226628 0.10845 4.96562e-06 0.0104769 0.00270843 0.00010946 0.00920387 0.000562432 0.00240962 
0.000154633 0.977303 1.41262e-05 0.00347378 5.15178e-05 0.00501748 0.000106363 0.0138461 2.62958e-07 4.58719e-08 3.1782e-05 2.28695e-07 7.65406e-08 6.26927e-08 6.73277e-08 
0.108239 0.318348 0.152637 0.0230424 0.132222 0.0103684 0.038447 0.00329864 7.36713e-05 0.0110202 0.0553803 2.65051e-05 0.0996232 0.00177323 0.0455006 
0.0660348 0.63043 0.0212796 0.00925871 0.128971 0.00376318 0.0301117 0.00139484 4.98209e-08 0.000465443 0.100573 5.41434e-05 0.00454098 0.000398664 0.00272304 
0.0188115 0.465887 0.202072 0.00375961 0.0672113 0.0210651 0.182793 0.0288069 1.02437e-05 0.00532245 0.00321333 0.000178852 6.48432e-05 0.000449076 0.000354619 
0.0577072 0.213468 0.139248 0.0676825 0.109062 0.030175 0.0446718 3.3922e-07 0.130681 0.00926628 0.171429 3.3913e-07 0.000509387 0.0122522 0.013847 
0.0738946 0.214735 0.205595 0.0753365 0.144218 0.0428332 0.091852 0.00839551 0.000286499 0.0343886 0.0214226 0.000433557 0.0498904 0.000127004 0.0365913 
0.0316988 0.417811 0.376051 0.0149855 0.0440527 0.0309922 0.0230741 0.00972677 0.000174435 0.038555 0.00121285 0.000512157 0.00244626 0.000237357 0.00846949 
4.2601e-06 0.969301 0.029935 1.11648e-06 4.27914e-06 2.09466e-06 2.0979e-06 2.38491e-06 5.67359e-11 1.09405e-05 2.3811e-06 5.57627e-07 5.24168e-06 0.000726882 2.12236e-06 
0.0756507 0.382022 0.134727 0.0177259 0.0573725 0.00704062 0.0453403 0.0130244 0.218572 0.00559246 0.00898358 0.00144722 0.00883656 0.0133802 0.0102847 
0.0295783 0.607454 0.248462 0.0281865 0.0544656 0.00435728 0.0166387 1.87816e-08 0.000997792 0.000165894 0.000145197 0.000512034 0.000160686 2.4544e-05 0.00885182 
0.0465441 0.600533 0.072068 0.093454 0.00523822 0.0037233 0.00362819 0.000403765 1.87347e-08 0.105845 0.000474382 0.000209787 0.0577544 0.00017736 0.00994636 
0.129315 0.55111 0.046858 0.202241 0.0386924 0.000600016 0.0093015 8.04292e-06 3.70569e-06 6.70879e-06 0.000761272 0.0192375 0.00111585 0.000140657 0.000608279 
0.142342 0.549546 0.0344412 0.0338148 0.092846 0.0659276 0.00484986 0.00164095 1.86319e-07 0.0390287 0.010839 2.88919e-07 0.00196062 5.19939e-05 0.0227116 
0.0248069 0.97408 1.09534e-09 0.000138994 2.11321e-07 1.38699e-07 2.35441e-11 1.8488e-10 3.30751e-07 0.000973287 1.57212e-10 2.48253e-10 3.84844e-07 6.80543e-11 1.89854e-07 
0.0936079 0.395875 0.192489 0.167453 0.0108314 0.00113503 0.0147338 8.35848e-06 7.02824e-05 0.00538098 0.000356279 5.0126e-05 0.0219205 2.45254e-05 0.0960643 
0.0049295 0.852983 0.0238488 0.0946533 0.00331053 0.00615956 0.00207668 0.0117583 1.64666e-06 7.29142e-06 2.23096e-06 8.31941e-08 6.14992e-05 0.000200917 6.43793e-06 
0.0597639 0.579074 0.252806 0.0194959 0.0259381 0.00805694 0.0228352 0.00350779 7.44517e-05 0.00106947 0.000178824 8.09549e-05 0.012454 2.65074e-05 0.0146374 
0.0940431 0.284138 0.229141 0.00629401 0.0346253 0.0322804 0.100137 0.16304 2.71406e-05 0.00306242 0.000220624 0.0153881 0.00752425 0.000131754 0.0299475 
0.038157 0.515717 0.123733 0.00857778 0.167405 0.0468719 0.0723705 0.000798732 4.11936e-06 0.00115544 0.00059716 0.00171414 0.0125154 0.00594341 0.00443866 
0.00259852 0.935624 0.0403186 0.00647428 0.00410867 0.000150845 0.00133178 6.35913e-08 0.00655558 0.000385915 0.000214317 5.30087e-06 0.00140808 0.000121892 0.000702329 
0.103302 0.268494 0.0953319 0.00241463 0.21237 0.00208845 0.0166425 1.11382e-05 0.000120599 0.0139336 0.00104071 0.0187672 0.0109379 0.251083 0.00346276 
0.00406246 0.931522 0.0166854 0.000902559 0.0150983 0.000771289 0.0035537 0.000982927 2.02986e-11 0.000738802 0.0138794 9.15898e-10 0.000640335 0.0109405 0.000222065 
0.00113763 0.99614 3.6537e-08 8.3796e-05 8.80636e-08 1.17028e-07 6.5729e-08 5.16137e-07 7.96894e-07 1.39015e-07 0.00250214 6.93059e-07 2.31956e-07 0.000133183 2.04037e-07 
0.00220007 0.943828 0.0220323 0.000472208 0.00456599 0.000340279 0.00380593 6.48313e-06 1.56112e-12 0.00525362 2.11738e-05 9.01523e-06 0.0152895 0.00178021 0.000395293 
0.080287 0.578141 0.226418 0.0139536 0.0143486 0.0012544 0.0419915 9.11422e-06 3.85601e-05 0.0297769 0.00620344 0.000434083 0.00236582 0.000579791 0.00419822 
0.0729167 0.497484 0.148028 0.0168152 0.0528797 0.110493 0.0503369 0.000552769 0.0175455 7.13451e-05 0.000463127 0.0103729 0.00691063 1.97345e-07 0.01513 
0.0236105 0.887412 0.007867 0.0215852 0.0121543 0.00825077 0.00138806 0.0133231 3.84636e-06 0.00127356 0.00269125 1.47507e-09 0.018997 0.000170338 0.00127275 
0.111306 0.563123 0.113406 0.0515853 0.0515452 0.040716 0.0247933 0.00101393 3.5857e-06 0.0192638 0.00299418 0.00101023 0.00749201 9.76146e-05 0.0116497 
0.0236968 0.880598 0.00544112 0.00582796 0.00423036 0.012902 0.00117071 2.03205e-05 1.74391e-06 2.5369e-05 0.00354395 2.32675e-07 0.00148168 6.37838e-08 0.0610598 
0.0582559 0.499286 0.180997 0.08424 0.0489621 0.0658229 0.0315131 0.0001522 0.00182173 0.00462974 0.000224093 0.00163408 0.0106426 9.41322e-05 0.0117243 
0.00071207 0.998704 2.31786e-07 1.36517e-10 0.00015602 4.41203e-07 4.43708e-05 6.73536e-10 1.03991e-09 1.81408e-10 2.20448e-07 9.04412e-10 3.02693e-10 0.000382536 2.66259e-10 
0.081479 0.718865 0.135788 0.00720061 0.0184377 5.26995e-05 0.0237693 0.000147257 7.13476e-05 0.00580276 3.4036e-05 0.000148647 0.00118429 0.00014274 0.00687676 
0.047852 0.598055 0.0640797 0.0857128 0.08223 0.0654614 0.0194645 2.38451e-07 0.00399869 0.00545016 0.0245208 3.83828e-05 0.00258654 0.000496423 5.37158e-05 
0.107101 0.654862 0.0413115 0.00206624 0.130099 0.0142916 0.0344933 3.92583e-05 5.77367e-08 3.08895e-05 0.000744384 0.000292547 8.78124e-05 9.39293e-05 0.0144858 
0.00633902 0.283302 0.208027 0.0192215 0.222268 0.00133968 0.0256727 5.08923e-05 6.39673e-07 0.00815383 0.0173601 3.03644e-05 0.000399461 0.206331 0.00150414 
0.0641681 0.388529 0.124598 0.00950586 0.142516 0.0179087 0.153547 0.00530016 6.66529e-05 0.0137171 0.0097725 0.0012116 0.0128185 0.0455048 0.0108362 
0.0325858 0.893294 0.0251185 0.0021923 0.000548321 0.00922794 0.00828099 7.92785e-05 1.61517e-05 0.0010849 0.0246103 4.24032e-06 0.0016899 1.81518e-05 0.00124956 
0.022264 0.418735 0.241244 0.0102133 0.0165461 0.0125221 0.246679 0.00278229 3.26284e-06 0.00977965 0.0019384 7.30426e-05 0.0160192 0.000255991 0.000944595 
0.0348768 0.44715 0.0918761 0.0128001 0.286474 0.0209197 0.0144083 5.89297e-05 3.4362e-06 0.0668122 0.00231104 0.00989891 0.00080367 0.0096727 0.0019342 
0.00220007 0.943828 0.0220323 0.000472208 0.00456599 0.000340279 0.00380593 6.48313e-06 1.56112e-12 0.00525362 2.11738e-05 9.01523e-06 0.0152895 0.00178021 0.000395293 
0.0803329 0.419784 0.211979 0.119355 0.06165 0.0226121 0.0337796 0.00389891 3.29604e-09 0.000926772 0.00114429 4.04936e-05 0.0227276 2.6383e-05 0.0217437 
0.120246 0.630968 0.0399394 8.66949e-05 0.158529 0.0141796 0.00560092 0.00332901 0.000284863 0.00059277 0.000200538 6.39343e-06 0.020326 2.71674e-05 0.00568337 
0.0964083 0.577997 0.118143 0.0392957 0.0219694 0.0128975 0.0980644 0.00140692 9.8971e-06 0.000343254 0.0036456 0.00571891 0.00181806 2.02706e-05 0.0222616 
0.0166454 0.731681 0.135311 1.0096e-05 0.0426232 0.0259114 3.93858e-05 5.07076e-09 7.82904e-09 4.23009e-07 0.0417324 7.80124e-06 4.24871e-06 2.28555e-06 0.00603136 
0.239541 0.289823 0.161242 0.0949676 0.0560985 0.0166449 0.0621749 0.000616967 4.23172e-08 0.0237141 0.026044 5.15967e-06 0.0222194 0.000335803 0.0065716 
0.00220007 0.943828 0.0220323 0.000472208 0.00456599 0.000340279 0.00380593 6.48313e-06 1.56112e-12 0.00525362 2.11738e-05 9.01523e-06 0.0152895 0.00178021 0.000395293 
0.230681 0.315113 0.155961 0.0200539 0.0322357 0.00807757 0.076268 0.000301713 3.12794e-06 0.00835184 0.00619121 0.000925795 0.126822 0.000145321 0.0188684 
0.0210337 0.586147 0.249588 0.00604095 0.00611568 0.000670856 0.0233366 0.00104039 2.83142e-06 0.0473432 9.78585e-05 0.000334197 0.047648 7.72946e-05 0.0105231 
0.0938975 0.57634 0.124907 0.0151258 0.161462 0.00421983 0.0119659 0.00320698 0.0023909 0.000394995 0.000978465 2.10581e-05 0.00136123 0.000155503 0.00357295 
0.0387676 0.375613 0.0459647 0.0947375 0.0982926 0.00966576 0.320289 0.000323645 2.10127e-09 0.000522583 0.00954755 0.000434352 0.000946987 0.00469958 0.000194863 
0.028896 0.850347 0.0730148 0.00194768 0.00710924 0.00159118 0.0158406 0.00197715 5.25097e-05 0.00499024 1.16074e-05 2.11899e-05 0.00899502 0.000155403 0.00504992 
0.0735393 0.481234 0.0517327 0.0139967 0.0369505 0.000889231 0.00749888 0.000358947 0.000723618 0.044463 0.00156062 2.09112e-05 0.00712645 0.275616 0.0042888 
0.0030015 0.884803 0.0264859 0.000842171 0.0105223 0.00344004 0.00351072 0.00725033 3.00498e-05 0.0585397 0.000630882 9.35537e-06 0.000115779 0.000655859 0.000162012 
0.0678208 0.765077 0.12047 0.0012705 1.65551e-05 8.12592e-05 0.00862373 1.04761e-05 3.10872e-09 1.40109e-05 7.83011e-07 0.000337993 0.0351894 1.22056e-06 0.00108651 
