0.0246003 0.00317769 0.119288 0.039934 0.0163071 0.0137733 0.157603 0.000969241 0.000235927 0.00158548 0.000594567 0.609686 0.00525838 0.00191805 0.00506842 
0.0837289 0.00901088 0.0885419 0.00630794 0.00821637 0.0002435 0.0879918 5.86602e-07 1.15294e-06 0.00921142 0.00636123 0.696886 0.000685709 6.99956e-06 0.00280515 
0.158887 0.125982 0.0854197 0.00610075 0.000281865 4.1427e-05 0.152746 4.31032e-10 1.57937e-07 1.04154e-06 0.0173621 0.306312 0.131459 4.10074e-08 0.0154068 
0.0718941 0.0937804 0.129259 0.0121196 0.00613561 0.00607828 0.00828671 6.95673e-07 1.24135e-06 7.60904e-07 0.000843661 0.648574 0.0130151 2.20057e-06 0.0100081 
0.148593 0.149212 0.215717 0.0244196 0.0397669 0.0289655 0.0975935 0.00437895 0.00134458 0.000270935 0.000402243 0.259815 0.0216272 5.27853e-05 0.00784155 
0.0564154 0.113874 0.0230258 0.034911 0.00609479 0.00100026 0.0193762 5.34758e-06 1.19193e-06 7.6862e-06 1.23281e-05 0.699597 0.00418178 7.66955e-06 0.0414888 
0.211424 0.0308527 0.118395 0.02193 0.0113908 0.111426 0.0785824 7.56918e-10 1.7871e-07 0.0160641 0.000927094 0.395221 0.00111419 0.000202924 0.00246967 
0.133926 0.0810194 0.207945 0.0864979 0.0385202 0.0337233 0.111514 0.000364697 3.60556e-05 0.00388328 0.00343882 0.222981 0.00648123 0.00094594 0.0687227 
0.0676863 0.0777424 0.0193546 0.00559985 0.0101027 0.000221862 0.0255574 9.18563e-08 2.14679e-05 4.2155e-06 0.00224497 0.784673 0.000511212 2.43022e-06 0.00627708 
0.0719141 0.00547182 0.0108186 0.000162659 0.000716584 0.0025266 0.082094 3.86772e-07 3.51156e-11 0.00068438 0.0943415 0.595213 0.0863217 0.00615282 0.0435819 
0.0178585 0.0113032 0.0251285 0.0300328 0.00855933 0.000339342 0.0288018 4.37259e-07 0.000924647 0.00141174 0.00185691 0.863811 2.33267e-06 0.000204788 0.00976467 
0.0696097 0.00680046 0.0126342 0.000203279 0.000895675 0.00194966 0.0860357 4.75035e-07 2.59841e-11 0.000855327 0.101772 0.557037 0.107901 0.00768941 0.0466168 
9.81503e-05 0.024705 0.234664 0.00243675 0.00152189 0.016105 0.0545014 2.21513e-05 2.83162e-10 4.93964e-11 6.82496e-05 0.665243 3.30172e-07 3.39012e-06 0.000630847 
0.102366 0.0347071 0.0428392 0.0206842 0.00109347 0.00604453 0.0190325 7.51129e-06 0.00282944 3.50125e-07 0.0127566 0.735486 0.0211976 1.22568e-06 0.000954306 
0.0719141 0.00547182 0.0108186 0.000162659 0.000716584 0.0025266 0.082094 3.86772e-07 3.51156e-11 0.00068438 0.0943415 0.595213 0.0863217 0.00615282 0.0435819 
0.105244 0.0445003 0.039525 0.00326758 0.00502004 0.00141101 0.0200246 0.000192849 0.00435723 6.79625e-08 4.91255e-08 0.768397 0.00425076 1.12118e-06 0.00380848 
0.297924 0.0229138 0.056587 0.00996372 0.000185001 0.00478576 0.0366076 2.73682e-10 4.25546e-07 1.27896e-06 0.000979052 0.520384 0.0075058 1.00743e-10 0.0421631 
0.0635165 0.0278505 0.19397 0.0039135 0.0219621 0.0161886 0.136801 0.00136824 0.119212 0.000418228 0.0037998 0.400969 0.00837523 3.28295e-05 0.00162269 
0.0103183 0.0114144 0.00687993 0.00118975 2.36202e-07 1.61319e-08 0.00681537 9.08984e-12 3.47433e-08 2.29974e-07 0.00145719 0.961729 0.000130091 9.02374e-09 6.5339e-05 
0.0497506 0.185814 0.13823 0.0485308 0.0302573 0.0232098 0.153149 0.000797342 4.34158e-05 0.00793389 0.00166571 0.347822 0.00649711 1.33557e-05 0.00628581 
0.087462 0.0526748 0.251249 0.0264594 0.00312643 0.0791727 0.06608 3.7766e-05 2.16422e-06 0.000677675 0.000759214 0.407818 0.00255398 1.74926e-05 0.0219097 
0.0037735 0.0179433 0.176598 0.0222408 0.0112382 0.123226 0.291505 2.36052e-07 2.99942e-08 8.74444e-08 8.76332e-08 0.307837 0.000258388 1.61101e-05 0.0453635 
0.0580058 0.271722 0.172525 0.0240045 0.0305475 0.00207295 0.0387021 1.36097e-06 4.53614e-08 0.0981307 0.000191792 0.289309 0.0118755 0.000160407 0.00275168 
0.160993 0.0734435 0.0764205 0.0646153 0.007434 0.0126914 0.0630085 0.000164249 1.18309e-05 0.000147252 0.00292348 0.297413 0.00913066 0.000223111 0.23138 
0.0891017 0.0865342 0.0629088 0.0255791 0.00591603 0.0107384 0.103409 1.17511e-05 1.78411e-06 5.28647e-06 0.00428823 0.579617 0.0142926 1.04056e-05 0.0175867 
0.117577 0.0392448 0.0149557 0.00686234 0.00133058 1.42499e-08 0.0188668 9.23326e-10 3.06942e-08 0.0105811 0.00104583 0.788226 0.000156371 7.97196e-09 0.0011541 
0.230924 0.196692 0.0470813 0.0299703 0.140229 0.0216634 0.017247 0.0408662 8.32733e-06 0.00365774 0.00303562 0.248671 0.00876754 1.17042e-05 0.0111755 
0.0178585 0.0113032 0.0251285 0.0300328 0.00855933 0.000339342 0.0288018 4.37259e-07 0.000924647 0.00141174 0.00185691 0.863811 2.33267e-06 0.000204788 0.00976467 
0.170539 0.0202959 0.0175913 0.0161716 0.0251622 0.00290227 0.00369781 5.17961e-05 1.81222e-06 0.0152423 1.85824e-05 0.323799 0.318316 2.36485e-06 0.086208 
0.013987 0.0210708 0.0295977 0.00663594 0.056637 0.200061 0.00138531 1.13308e-06 5.96931e-08 4.71936e-07 4.0539e-05 0.537176 0.0195014 1.20469e-07 0.113905 
0.0267588 0.139105 0.0238888 0.0319221 0.0496777 0.247699 0.0825993 0.0123674 6.46145e-05 0.000292995 0.00197392 0.354095 0.0198173 1.38607e-05 0.00972411 
0.118398 0.0822687 0.171958 0.0221434 0.0164133 0.00736574 0.224301 0.000448253 0.000399497 0.00562926 0.00263299 0.27312 0.0486632 4.75533e-05 0.0262107 
0.197223 0.0416334 0.197006 0.0357818 0.0183399 0.0407886 0.140011 0.00448668 0.00221008 0.0302978 0.00246855 0.239246 0.0363352 0.00023852 0.0139328 
0.0539507 0.0930524 0.0277423 0.00110239 0.000165271 0.00010469 0.0930598 3.56214e-05 4.84483e-08 0.00709346 0.00282767 0.712531 0.0049997 1.28725e-05 0.00332238 
0.0232049 0.0418592 0.0145649 0.00331872 0.0185643 0.0237699 0.00929132 0.00205581 0.000186835 0.0241446 0.00353504 0.830652 0.001011 1.862e-06 0.00383925 
0.025302 0.215095 0.159195 0.010575 0.0139876 0.0229203 0.0531174 1.90875e-06 2.60083e-09 4.53703e-10 0.0822688 0.387007 0.00222252 0.000502334 0.0278053 
0.0564911 0.0352978 0.0125442 0.00186414 0.00349412 7.35326e-05 0.00866324 1.22658e-06 6.72303e-06 4.6938e-05 0.00564232 0.85498 0.000317942 7.40676e-07 0.0205757 
0.0178585 0.0113032 0.0251285 0.0300328 0.00855933 0.000339342 0.0288018 4.37259e-07 0.000924647 0.00141174 0.00185691 0.863811 2.33267e-06 0.000204788 0.00976467 
0.263395 0.0859069 0.0324349 0.0173315 0.00598755 0.000136452 0.00952805 1.09963e-05 2.24329e-06 0.0385134 0.000407717 0.519664 0.0119369 1.15398e-05 0.0147325 
0.0178585 0.0113032 0.0251285 0.0300328 0.00855933 0.000339342 0.0288018 4.37259e-07 0.000924647 0.00141174 0.00185691 0.863811 2.33267e-06 0.000204788 0.00976467 
9.81503e-05 0.024705 0.234664 0.00243675 0.00152189 0.016105 0.0545014 2.21513e-05 2.83162e-10 4.93964e-11 6.82496e-05 0.665243 3.30172e-07 3.39012e-06 0.000630847 
0.0390794 0.0779601 0.0761873 0.153364 0.166127 0.0336778 0.0321437 0.015993 0.000933539 0.00729749 0.0026225 0.336965 0.00149364 0.000205226 0.0559501 
0.0600888 0.0983625 0.0805651 0.0657275 0.0244553 0.0124575 0.0626091 2.33924e-07 0.000321983 0.00434645 0.00119655 0.586443 0.000172939 1.40908e-08 0.00325265 
0.102223 0.025835 0.122146 0.040136 0.00958377 0.0406823 0.107546 0.0005061 0.00156523 0.000343548 3.63489e-05 0.538427 0.00350236 4.62603e-06 0.00746314 
0.0600888 0.0983625 0.0805651 0.0657275 0.0244553 0.0124575 0.0626091 2.33924e-07 0.000321983 0.00434645 0.00119655 0.586443 0.000172939 1.40908e-08 0.00325265 
9.81503e-05 0.024705 0.234664 0.00243675 0.00152189 0.016105 0.0545014 2.21513e-05 2.83162e-10 4.93964e-11 6.82496e-05 0.665243 3.30172e-07 3.39012e-06 0.000630847 
0.0642826 0.0193795 0.0977359 0.0236095 0.00403528 0.0832954 0.157752 0.000212762 5.68155e-05 0.000312978 0.0353014 0.495354 0.000399102 2.83645e-05 0.0182438 
0.0178585 0.0113032 0.0251285 0.0300328 0.00855933 0.000339342 0.0288018 4.37259e-07 0.000924647 0.00141174 0.00185691 0.863811 2.33267e-06 0.000204788 0.00976467 
0.077884 0.0505706 0.315668 0.0242241 0.0187484 0.0120189 0.110335 0.00020439 3.61725e-07 0.0257127 0.000582907 0.34848 0.0037289 0.00511868 0.00672219 
0.000427531 0.0255462 0.123241 0.00190534 0.000744807 0.0125308 0.00155076 0.000794943 2.36793e-06 4.13074e-07 1.30415e-06 0.833253 6.89244e-07 5.64544e-07 6.06283e-07 
0.0719141 0.00547182 0.0108186 0.000162659 0.000716584 0.0025266 0.082094 3.86772e-07 3.51156e-11 0.00068438 0.0943415 0.595213 0.0863217 0.00615282 0.0435819 
0.207515 0.0803391 0.115077 0.0921363 0.0166941 0.0114407 0.0429475 6.45498e-05 1.72786e-05 0.00817539 0.00815195 0.272547 0.0353897 5.1563e-06 0.109499 
0.135589 0.0283161 0.0343777 0.00436363 0.000431848 0.00579676 0.157938 0.00026024 6.73339e-12 0.000315643 0.00226985 0.578152 0.0488306 1.13904e-05 0.0033478 
0.0256969 0.0324446 0.00228347 2.53999e-06 0.00193246 0.00580073 0.0118847 2.49229e-07 1.13518e-08 3.71297e-11 1.28227e-06 0.914655 4.84755e-07 7.51591e-08 0.00529791 
0.000432445 0.00564945 0.000627474 0.000443188 0.000423778 2.72834e-05 0.00026928 7.52941e-05 5.12002e-06 4.31403e-07 2.77308e-05 0.991929 3.53221e-05 4.78643e-06 4.89569e-05 
0.00862632 0.150807 0.00943624 0.00115175 0.00282884 0.0152105 0.0334787 0.00129155 3.19141e-06 9.38299e-05 0.000228415 0.765382 0.0006342 6.29103e-05 0.0107646 
0.148282 0.0818532 0.0607158 0.00959638 0.00786178 0.0105633 0.136274 2.84903e-05 0.000603765 0.00706268 0.00336726 0.521496 0.0049556 8.63937e-06 0.00733122 
0.0426667 0.187829 0.108466 0.0298326 0.0277186 0.00961246 0.129407 0.0526397 0.000538431 0.00319197 0.00402082 0.384874 0.00038163 0.000466807 0.0183541 
0.162662 0.12487 0.103422 0.0540981 0.0229858 0.0118368 0.112572 0.00111249 0.000348007 0.0121302 0.0205919 0.290866 0.0200077 0.000444005 0.0620535 
0.0828139 0.0197326 0.0185716 0.00418604 0.000321469 0.00313035 0.297365 0.00300856 1.54561e-06 3.24207e-05 0.00116301 0.562398 0.000303801 0.000704451 0.00626674 
0.107475 0.0225085 0.0800873 0.0774561 0.126551 0.116228 0.0937354 3.30281e-05 4.30516e-06 0.0098219 0.00181741 0.352392 0.00722504 2.28664e-05 0.00464143 
0.134706 0.0686296 0.186786 0.0488999 0.0125954 0.0131729 0.0333758 0.000121446 2.23639e-08 0.00083532 0.0085753 0.481058 0.000857606 1.3042e-05 0.0103737 
0.0103183 0.0114144 0.00687993 0.00118975 2.36202e-07 1.61319e-08 0.00681537 9.08984e-12 3.47433e-08 2.29974e-07 0.00145719 0.961729 0.000130091 9.02374e-09 6.5339e-05 
0.0580058 0.271722 0.172525 0.0240045 0.0305475 0.00207295 0.0387021 1.36097e-06 4.53614e-08 0.0981307 0.000191792 0.289309 0.0118755 0.000160407 0.00275168 
0.0887286 0.0347913 0.0462298 0.00797991 0.00708945 0.00131999 0.0465175 2.78755e-10 0.000925079 0.0947035 0.001513 0.559247 0.000881053 0.00015507 0.109918 
0.112199 0.0932794 0.0408866 0.0444765 0.0054043 0.00387608 0.0125672 0.000268314 2.52273e-06 0.0101447 0.00239253 0.641711 0.00459648 7.09568e-06 0.0281879 
0.0696097 0.00680046 0.0126342 0.000203279 0.000895675 0.00194966 0.0860357 4.75035e-07 2.59841e-11 0.000855327 0.101772 0.557037 0.107901 0.00768941 0.0466168 
0.0103183 0.0114144 0.00687993 0.00118975 2.36202e-07 1.61319e-08 0.00681537 9.08984e-12 3.47433e-08 2.29974e-07 0.00145719 0.961729 0.000130091 9.02374e-09 6.5339e-05 
0.000963594 0.00314582 0.00404712 0.000648478 0.000260845 1.47866e-05 0.0134083 1.82815e-07 3.51138e-07 9.53886e-08 2.3275e-05 0.976723 0.000726045 6.53228e-07 3.76496e-05 
0.216684 0.0147108 0.102092 0.158454 0.107731 0.0481742 0.0733845 0.000468532 1.82736e-05 0.00175691 0.000223327 0.238293 0.0185234 0.000605765 0.0188802 
0.101088 0.0908629 0.191571 0.0334429 0.0130119 0.0378294 0.199857 0.0073977 1.31382e-05 0.0216727 0.00284061 0.241921 0.0143233 0.000196906 0.0439726 
0.0389687 0.0226249 0.0253006 0.00602984 0.000226599 0.000225644 0.0126756 2.89909e-09 8.61886e-08 0.0173554 0.00125608 0.765839 0.0113806 0.000230713 0.0978867 
9.81503e-05 0.024705 0.234664 0.00243675 0.00152189 0.016105 0.0545014 2.21513e-05 2.83162e-10 4.93964e-11 6.82496e-05 0.665243 3.30172e-07 3.39012e-06 0.000630847 
0.262263 0.162004 0.0739069 0.0221959 0.0138821 0.00469705 0.0822294 0.000582683 4.70877e-06 0.0202684 0.0143506 0.297092 0.0192983 1.58495e-05 0.0272089 
5.66173e-05 0.000214002 0.00962003 0.0304136 0.0207936 0.00109011 3.42951e-10 1.90124e-06 4.15792e-09 1.02342e-06 0.00748514 0.9303 1.21027e-09 3.5042e-07 2.3762e-05 
0.0686114 0.172657 0.0644506 0.0207448 0.0759495 0.00978977 0.0786186 3.7512e-05 8.50095e-05 0.000321286 0.0436281 0.223355 0.0565308 0.00595274 0.179267 
0.157036 0.00839075 0.0108022 0.00314375 0.00260513 0.00123459 0.0807048 1.40306e-05 2.15434e-09 0.0233804 0.00172188 0.675873 0.0312184 4.91262e-07 0.00387473 
0.102131 0.0243253 0.151305 0.0483172 0.0973557 0.017568 0.191303 0.000279968 7.38817e-05 0.00282744 0.00111963 0.225065 0.112535 0.000205684 0.0255883 
0.025302 0.215095 0.159195 0.010575 0.0139876 0.0229203 0.0531174 1.90875e-06 2.60083e-09 4.53703e-10 0.0822688 0.387007 0.00222252 0.000502334 0.0278053 
0.322561 7.01882e-05 0.00202508 0.294219 0.00129393 0.0486521 0.000843844 8.98939e-10 3.50142e-06 2.87094e-07 7.4713e-05 0.330022 8.9283e-05 6.38925e-06 0.000138059 
0.300576 0.0807468 0.0562494 0.023959 0.0121499 0.00617913 0.0120116 0.000101043 0.00227299 1.21458e-06 0.074573 0.378186 0.0274009 2.49192e-05 0.0255681 
0.00633497 0.0114477 0.0264152 0.0109841 0.0379109 0.00330639 0.00116338 0.00064224 7.3326e-05 0.000302862 0.131012 0.764677 0.000435606 4.70032e-05 0.00524692 
0.0114563 0.0204804 0.0480082 0.0140412 0.0677246 0.00310943 0.00226174 0.000506283 4.18531e-05 0.000218287 0.091279 0.736116 0.000681799 4.60389e-05 0.00402915 
0.0814604 0.0683778 0.12312 0.0131684 0.00331428 0.0305914 0.0330198 0.00145939 8.30913e-06 6.57644e-05 0.00371238 0.620109 0.00949859 7.05202e-05 0.0120239 
0.10304 0.0817517 0.00534607 0.00645764 0.00340779 9.80418e-08 0.00158192 3.40211e-08 2.12351e-07 0.00091524 0.000523601 0.781634 0.00145742 2.05633e-05 0.013864 
0.117577 0.0392448 0.0149557 0.00686234 0.00133058 1.42499e-08 0.0188668 9.23326e-10 3.06942e-08 0.0105811 0.00104583 0.788226 0.000156371 7.97196e-09 0.0011541 
0.207774 0.0836076 0.0622062 0.116274 0.00439603 0.0338109 0.122728 0.00046108 1.27951e-06 0.00845771 0.00246405 0.309313 0.0144442 0.000119427 0.0339424 
0.0779698 0.00837533 0.0658436 0.00150855 0.00144005 0.00627352 0.293992 6.5028e-06 5.24681e-11 0.00653787 0.0517316 0.300824 0.0590888 0.00385488 0.122554 
0.0164275 0.0823754 0.178247 0.181277 0.160185 0.025774 0.00239594 0.00267762 1.34653e-07 0.00349714 0.00010947 0.334781 0.000277627 0.00573345 0.00624174 
0.26547 0.00498472 0.0895968 0.138304 0.027403 0.00671175 0.00352849 2.31832e-07 4.1859e-07 4.42546e-05 5.46396e-05 0.340614 0.122531 2.05801e-05 0.000736281 
0.132892 0.324155 0.108368 0.00960641 0.00661499 0.00626134 0.0607621 5.44673e-09 5.30707e-07 0.00083698 0.0128553 0.330726 0.00245743 0.000115519 0.00434921 
0.143562 0.0754761 0.0513324 0.054837 0.00698188 0.0057199 0.0326703 5.19104e-05 1.23444e-05 0.00629641 0.00344192 0.368686 0.0106032 0.000337479 0.239991 
0.117551 0.0140904 0.0344496 0.0472662 0.0615762 0.00412218 0.0451795 5.96154e-07 0.000627235 0.0368143 0.00143193 0.568616 0.00384425 8.01542e-05 0.0643499 
0.142188 0.181464 0.0613121 0.00931429 0.00262862 0.0295313 0.0125126 9.30039e-08 1.65543e-09 0.0043608 0.00100788 0.51194 0.0152089 3.97531e-05 0.0284916 
3.9611e-05 0.00529724 0.000296528 0.00020843 0.000197961 0.00603579 0.000681508 5.32694e-07 0.000490185 1.88116e-07 1.21689e-05 0.963552 0.0102483 2.00463e-06 0.0129372 
0.165609 0.0715136 0.0863156 0.02963 0.0367217 0.02374 0.0791596 0.004052 0.00038969 0.0075384 0.00180498 0.445262 0.00173924 0.000819579 0.0457044 
0.211424 0.0308527 0.118395 0.02193 0.0113908 0.111426 0.0785824 7.56918e-10 1.7871e-07 0.0160641 0.000927094 0.395221 0.00111419 0.000202924 0.00246967 
0.239181 0.0183036 0.216016 0.00647761 0.00169722 0.00195998 0.0772895 2.97288e-06 6.14935e-07 2.69317e-05 0.000257838 0.42895 0.00125067 4.77599e-06 0.00858176 
0.15355 0.232742 0.0486681 0.0484273 0.0115173 0.00137741 0.0856867 9.81067e-10 0.0148557 0.00072193 0.100361 0.265809 0.00135935 0.000862782 0.0340614 
0.0103183 0.0114144 0.00687993 0.00118975 2.36202e-07 1.61319e-08 0.00681537 9.08984e-12 3.47433e-08 2.29974e-07 0.00145719 0.961729 0.000130091 9.02374e-09 6.5339e-05 
0.216311 0.145634 0.0358204 0.00272432 0.000260588 0.00556426 0.038201 0.000367733 2.4509e-10 9.65177e-08 0.00256683 0.531226 0.00120088 4.26678e-08 0.0201233 
0.0799728 0.0114604 0.16879 0.0725955 0.012924 0.030449 0.0822959 8.08959e-11 1.249e-10 0.000293042 0.00127426 0.53813 0.000485636 6.13377e-08 0.00132955 
0.160485 0.0215507 0.177169 0.0145993 0.0327735 0.000236766 0.0442004 3.26813e-05 0.000252036 0.00678511 0.00135737 0.532722 0.00109984 4.77094e-06 0.00673204 
0.0621691 0.000352622 0.229665 0.0694715 0.000295028 0.024183 0.0677248 2.07563e-08 1.449e-11 0.00131561 7.9805e-12 0.544289 0.00051521 3.45462e-12 1.92477e-05 
0.322322 0.163635 0.0687797 0.0243229 0.00859553 0.00679533 0.0182101 0.000587717 4.5575e-07 4.53907e-06 0.0031833 0.365127 0.000865419 1.00784e-06 0.0175697 
0.0526332 0.233484 0.187467 0.0261935 0.0348997 0.00271743 0.0542765 9.67997e-06 6.34358e-06 0.0897041 0.00035457 0.302728 0.0117283 0.000152662 0.00364511 
0.190711 0.0719679 0.0858686 0.00999179 0.0011339 0.208088 0.0671452 1.78127e-05 9.05346e-08 1.79476e-05 7.96517e-05 0.299232 0.00127985 3.81566e-06 0.0644615 
0.0382927 0.0178157 0.0576999 0.0185458 0.000685945 0.000777903 0.0146395 1.52006e-08 1.19401e-06 0.00812784 0.000731374 0.720824 0.0100518 0.000211747 0.111594 
0.0696097 0.00680046 0.0126342 0.000203279 0.000895675 0.00194966 0.0860357 4.75035e-07 2.59841e-11 0.000855327 0.101772 0.557037 0.107901 0.00768941 0.0466168 
0.0389687 0.0226249 0.0253006 0.00602984 0.000226599 0.000225644 0.0126756 2.89909e-09 8.61886e-08 0.0173554 0.00125608 0.765839 0.0113806 0.000230713 0.0978867 
0.0719141 0.00547182 0.0108186 0.000162659 0.000716584 0.0025266 0.082094 3.86772e-07 3.51156e-11 0.00068438 0.0943415 0.595213 0.0863217 0.00615282 0.0435819 
0.131792 0.104839 0.175072 0.00608796 0.138093 0.000500162 0.0612459 0.00526405 4.02578e-07 0.00293454 0.000498321 0.322676 0.00120427 5.84134e-05 0.0497346 
0.0222127 0.0456027 0.318684 0.0957661 0.0399333 0.0284147 0.0424532 0.00126983 8.4511e-05 0.00096781 0.00176638 0.379944 0.000564817 0.000286565 0.0220492 
0.0103183 0.0114144 0.00687993 0.00118975 2.36202e-07 1.61319e-08 0.00681537 9.08984e-12 3.47433e-08 2.29974e-07 0.00145719 0.961729 0.000130091 9.02374e-09 6.5339e-05 
0.0719141 0.00547182 0.0108186 0.000162659 0.000716584 0.0025266 0.082094 3.86772e-07 3.51156e-11 0.00068438 0.0943415 0.595213 0.0863217 0.00615282 0.0435819 
0.260453 0.258156 0.0749083 0.0238518 0.0134726 0.0082104 0.020657 0.000818004 0.000611527 0.0133051 0.00464202 0.291295 0.0252964 0.000154657 0.00416826 
0.0139374 0.0208082 0.103661 0.0114328 0.0331503 0.104909 0.25665 0.000547261 6.46231e-07 0.000159564 0.000147482 0.371857 0.00238161 0.0741509 0.00620686 
0.126196 0.164533 0.0379174 0.00963722 0.00248646 0.00130323 0.00453027 1.96703e-05 2.7545e-07 2.98888e-05 0.000665323 0.633697 0.000659786 3.32137e-06 0.0183211 
0.00927751 0.158035 0.0476048 0.119766 0.0517163 0.0625059 0.0506127 0.000337663 0.000831173 5.80691e-06 0.00203812 0.446657 0.000785484 0.000189216 0.0496374 
0.0613633 0.000353171 0.129952 0.0209277 0.000187423 0.0150604 0.0441837 2.02437e-07 2.19146e-10 0.00131878 1.20696e-10 0.726116 0.000516471 5.22473e-11 2.08661e-05 
0.00515836 1.58381e-05 0.0288925 0.275641 0.0266503 0.0147655 0.00125989 7.38619e-07 1.1404e-06 0.0014009 0.136168 0.501981 9.37839e-05 2.71886e-07 0.00797148 
0.0191409 0.0215774 0.0655789 0.191946 0.0133726 0.0503956 0.0888145 0.00436788 5.56892e-07 9.70196e-05 0.000193368 0.533741 0.00355411 0.000102743 0.00711766 
0.0696097 0.00680046 0.0126342 0.000203279 0.000895675 0.00194966 0.0860357 4.75035e-07 2.59841e-11 0.000855327 0.101772 0.557037 0.107901 0.00768941 0.0466168 
0.132656 0.000778484 0.112134 0.0792604 0.000928442 0.0622669 0.0498924 1.92469e-05 5.57545e-09 0.021267 0.000421329 0.517529 0.00265317 0.0151219 0.00507085 
0.0564911 0.0352978 0.0125442 0.00186414 0.00349412 7.35326e-05 0.00866324 1.22658e-06 6.72303e-06 4.6938e-05 0.00564232 0.85498 0.000317942 7.40676e-07 0.0205757 
3.49663e-05 0.0891446 3.01549e-05 3.28278e-09 2.76342e-09 3.34217e-05 0.0313986 1.61963e-08 2.50064e-08 4.36226e-09 1.37725e-08 0.879358 7.35154e-07 5.96186e-09 6.40264e-09 
0.0178585 0.0113032 0.0251285 0.0300328 0.00855933 0.000339342 0.0288018 4.37259e-07 0.000924647 0.00141174 0.00185691 0.863811 2.33267e-06 0.000204788 0.00976467 
9.81503e-05 0.024705 0.234664 0.00243675 0.00152189 0.016105 0.0545014 2.21513e-05 2.83162e-10 4.93964e-11 6.82496e-05 0.665243 3.30172e-07 3.39012e-06 0.000630847 
0.108629 0.00470854 0.0703787 0.0436799 3.17656e-05 0.00786295 0.114362 3.09308e-07 1.91557e-09 0.000107981 0.000341834 0.598914 0.000949898 0.0395026 0.0105299 
0.117119 0.00272126 0.000761371 0.00239683 0.000557179 3.24874e-05 0.000383584 2.46846e-05 1.20436e-06 0.0142928 5.24621e-05 0.850982 0.00975868 1.97131e-06 0.000914667 
0.286451 0.044546 0.0454439 0.0361695 0.00226606 0.0234292 0.0298525 3.94606e-06 9.4985e-09 1.10937e-07 0.00053993 0.463188 0.0159904 2.86691e-07 0.0521187 
0.0518163 0.0290111 0.0403671 0.116797 0.00441432 0.0262854 0.00354692 9.05631e-06 1.47736e-08 0.00911312 0.000394546 0.708839 0.00275661 3.94858e-06 0.00664593 
0.0719141 0.00547182 0.0108186 0.000162659 0.000716584 0.0025266 0.082094 3.86772e-07 3.51156e-11 0.00068438 0.0943415 0.595213 0.0863217 0.00615282 0.0435819 
0.0337243 0.0257704 0.0194406 0.0133854 0.0339467 0.00351994 0.018475 2.61055e-06 0.261257 1.14574e-05 0.000643072 0.458976 0.00599949 0.0732944 0.0515535 
0.211424 0.0308527 0.118395 0.02193 0.0113908 0.111426 0.0785824 7.56918e-10 1.7871e-07 0.0160641 0.000927094 0.395221 0.00111419 0.000202924 0.00246967 
0.126196 0.164533 0.0379174 0.00963722 0.00248646 0.00130323 0.00453027 1.96703e-05 2.7545e-07 2.98888e-05 0.000665323 0.633697 0.000659786 3.32137e-06 0.0183211 
0.184665 0.0183843 0.0413344 0.014302 0.0220489 0.000581689 0.0137458 2.82468e-07 0.000441101 0.000672511 0.00280414 0.476707 0.00614197 0.000949061 0.217221 
0.0719141 0.00547182 0.0108186 0.000162659 0.000716584 0.0025266 0.082094 3.86772e-07 3.51156e-11 0.00068438 0.0943415 0.595213 0.0863217 0.00615282 0.0435819 
0.0178585 0.0113032 0.0251285 0.0300328 0.00855933 0.000339342 0.0288018 4.37259e-07 0.000924647 0.00141174 0.00185691 0.863811 2.33267e-06 0.000204788 0.00976467 
0.0520165 0.160879 0.0815339 0.0994667 0.00899339 0.0230137 0.0135676 7.60504e-10 2.01892e-07 1.32932e-06 0.0210118 0.537763 0.00100532 5.24133e-08 0.000747706 
0.0564911 0.0352978 0.0125442 0.00186414 0.00349412 7.35326e-05 0.00866324 1.22658e-06 6.72303e-06 4.6938e-05 0.00564232 0.85498 0.000317942 7.40676e-07 0.0205757 
0.182398 0.100511 0.137815 0.0372686 0.0452526 0.00519345 0.0996233 0.000371929 0.00288338 0.000121233 0.0414147 0.341374 0.00465102 0.000174166 0.000948415 
0.075652 0.135444 0.115553 0.0524642 0.0240367 0.000756526 0.0638079 0.00104078 0.000440574 0.0278799 0.00380122 0.439253 0.000416103 0.000227988 0.0592264 
0.179803 0.0164308 0.104884 0.0328385 0.00987443 0.0156901 0.198393 0.0559757 1.21331e-06 0.0397364 0.0068253 0.258754 0.0436187 1.08481e-05 0.0371636 
0.0178585 0.0113032 0.0251285 0.0300328 0.00855933 0.000339342 0.0288018 4.37259e-07 0.000924647 0.00141174 0.00185691 0.863811 2.33267e-06 0.000204788 0.00976467 
0.0564911 0.0352978 0.0125442 0.00186414 0.00349412 7.35326e-05 0.00866324 1.22658e-06 6.72303e-06 4.6938e-05 0.00564232 0.85498 0.000317942 7.40676e-07 0.0205757 
0.26547 0.00498472 0.0895968 0.138304 0.027403 0.00671175 0.00352849 2.31832e-07 4.1859e-07 4.42546e-05 5.46396e-05 0.340614 0.122531 2.05801e-05 0.000736281 
0.0188052 0.0340018 0.0402932 0.0901412 0.00310245 0.0112266 0.0308728 1.01691e-05 3.75063e-06 0.00224973 0.00416424 0.734534 0.000564632 1.03133e-06 0.0300294 
0.0675286 0.00176294 0.0399838 0.00587804 0.286671 0.0561324 0.102532 1.65503e-05 5.45948e-08 0.00437453 0.0167716 0.40299 0.000936054 0.00880014 0.00562279 
0.242876 0.0614947 0.0858642 0.0683844 0.0235856 0.0061091 0.0561356 0.0117776 0.002957 0.000667356 0.00156158 0.273908 0.034012 7.73653e-05 0.130589 
0.0250864 0.00154835 0.114483 0.118495 0.100849 0.135286 0.150371 6.59419e-05 0.001319 0.00035141 0.000970749 0.276393 0.0075074 0.0303168 0.0369568 
0.127711 0.151354 0.152935 0.0697764 0.0159765 0.0220233 0.0473628 0.00303984 5.90412e-05 0.00194713 0.00196881 0.375105 0.0126276 1.82412e-05 0.0180954 
0.0255886 0.0124434 0.00655965 0.0393686 0.0202851 0.00930166 0.00941298 2.09378e-07 4.40413e-05 1.0618e-07 2.99487e-05 0.7323 0.00127068 1.43666e-06 0.143393 
0.164555 0.0495121 0.0524113 0.00565691 0.043106 0.0120144 0.0371714 0.000195436 6.49289e-05 0.012292 0.271249 0.334422 0.00212725 1.86399e-05 0.0152036 
0.0178585 0.0113032 0.0251285 0.0300328 0.00855933 0.000339342 0.0288018 4.37259e-07 0.000924647 0.00141174 0.00185691 0.863811 2.33267e-06 0.000204788 0.00976467 
0.211424 0.0308527 0.118395 0.02193 0.0113908 0.111426 0.0785824 7.56918e-10 1.7871e-07 0.0160641 0.000927094 0.395221 0.00111419 0.000202924 0.00246967 
0.127009 0.00633392 0.00527088 0.00419288 8.41926e-06 0.000119467 0.00160634 1.48144e-07 2.28729e-07 2.36694e-05 2.0313e-06 0.512748 0.0564432 6.67953e-07 0.286242 
0.110439 0.0903119 0.160123 0.0553398 0.0380275 0.0166316 0.00895553 0.0305314 0.000110773 1.95766e-08 0.0640328 0.35151 2.29353e-06 5.4172e-05 0.0739302 
0.11323 0.139129 0.128175 0.0129558 0.0138415 0.010893 0.0336024 4.89394e-09 4.69109e-06 0.000496373 0.000408073 0.483609 0.00493417 0.00966959 0.0490515 
0.145588 0.0144717 0.0347683 0.0216218 0.29644 0.0233634 0.0557824 0.000664949 0.0011794 2.23063e-06 0.000144758 0.325368 0.00414141 0.00017848 0.0762862 
0.362791 0.0762262 0.0215565 0.0222937 0.00505794 0.0242961 0.0414759 0.000201326 5.05148e-06 0.0178212 0.0011407 0.380545 0.0284522 9.68582e-07 0.0181355 
0.0286346 0.0478155 0.0800647 0.0126018 0.0214131 0.00234485 0.0387682 0.111142 1.65407e-09 0.00578289 0.0218115 0.415273 0.195766 0.00227899 0.0163022 
0.0178974 0.00522038 0.329485 0.0189296 0.037237 0.00201654 0.0114133 3.16044e-07 1.79552e-08 0.000322201 0.000472991 0.487136 0.0666558 1.41875e-07 0.0232137 
0.141511 0.0877959 0.0433106 0.00599845 0.000818093 0.00239556 0.0585471 1.88952e-09 2.48167e-07 0.00148425 0.000645973 0.637345 0.018173 7.90635e-06 0.00196644 
0.182972 0.0698094 0.0979527 0.0215359 0.00823777 0.0220936 0.19504 0.00146721 0.000109569 0.0146143 0.00466463 0.356739 0.0179214 2.0504e-05 0.00682201 
0.00199124 0.000251527 0.0168188 0.0256407 0.0316631 0.00390862 0.000335996 1.37477e-06 2.92588e-09 3.6113e-07 0.0170014 0.901887 1.33203e-06 1.23912e-07 0.000498308 
0.0270517 0.0168718 0.0232174 0.0196423 0.107662 0.0116534 0.23497 0.000158823 0.000209011 0.000354293 0.00245909 0.525301 0.00694771 0.0174663 0.0060347 
0.00824608 0.000327742 0.0212904 0.0278081 0.030579 0.0110152 0.0016754 8.87104e-08 1.47947e-09 2.58087e-10 0.0260191 0.871734 1.77658e-06 3.52725e-10 0.00130349 
0.00158249 0.00899305 0.00291743 0.0433766 0.00380043 0.0117989 1.75556e-05 2.31925e-05 6.67835e-07 0.000131101 0.00829594 0.918793 2.54879e-05 1.10342e-06 0.000243177 
0.0103183 0.0114144 0.00687993 0.00118975 2.36202e-07 1.61319e-08 0.00681537 9.08984e-12 3.47433e-08 2.29974e-07 0.00145719 0.961729 0.000130091 9.02374e-09 6.5339e-05 
0.0696097 0.00680046 0.0126342 0.000203279 0.000895675 0.00194966 0.0860357 4.75035e-07 2.59841e-11 0.000855327 0.101772 0.557037 0.107901 0.00768941 0.0466168 
0.0492305 0.0612839 0.0130144 0.00274164 1.01124e-06 3.35856e-06 0.0381841 2.60332e-10 1.22254e-05 9.84597e-07 0.000695243 0.83195 0.000290733 3.87128e-08 0.00259178 
0.0347842 0.00332175 6.03901e-07 6.03841e-07 0.00652226 6.0383e-07 6.03876e-07 6.03469e-07 6.03216e-07 6.0381e-07 0.0102005 0.91522 0.0299455 6.03765e-07 6.03751e-07 
0.0422099 0.0842437 0.0714681 0.0780902 0.134879 0.14629 0.0331596 0.000335594 0.00105378 8.91969e-07 0.00374854 0.377682 0.000487299 3.99673e-05 0.0263118 
0.0191939 0.000970898 2.08119e-05 0.00659449 0.0155463 0.0963688 0.00259516 0.000954728 1.31926e-06 6.58692e-07 0.00355168 0.838837 0.00272065 4.41176e-07 0.0126431 
0.00485867 0.0389958 0.000894619 0.036245 0.00656362 0.00222706 4.1693e-08 3.27394e-07 0.000354345 0.000899518 0.00283995 0.901398 0.00110365 0.000590639 0.00302866 
0.0887286 0.0347913 0.0462298 0.00797991 0.00708945 0.00131999 0.0465175 2.78755e-10 0.000925079 0.0947035 0.001513 0.559247 0.000881053 0.00015507 0.109918 
0.0796725 0.0268802 0.0233238 0.0198616 0.104532 0.201254 0.0245878 0.00119729 2.50796e-05 1.3368e-07 0.00713971 0.48341 0.0177823 1.82699e-07 0.0103339 
0.0052548 0.0369489 0.0230728 0.0342272 0.0200834 0.00630587 0.004674 0.153638 2.56284e-05 8.96681e-09 0.000465347 0.710063 0.00313276 3.43932e-05 0.00207395 
0.0325867 0.00276878 0.00192729 0.00161781 0.00103777 2.64613e-05 0.00162723 0.00453617 4.00123e-07 0.0302877 5.15681e-05 0.920561 0.0026813 2.01852e-06 0.000287546 
0.197327 0.108818 0.109538 0.0221854 0.0504968 0.013219 0.110933 0.00516242 0.00026766 0.0156872 0.00213003 0.334748 0.00180719 0.00118584 0.0264946 
0.0714262 0.0141864 0.0481402 0.0104029 0.00148418 0.000911155 0.0765578 5.57385e-11 2.75873e-08 0.00643743 0.000603486 0.758741 0.00964527 1.54999e-05 0.00144862 
0.0323815 0.051863 0.154588 0.152477 0.135239 0.102762 0.0566561 3.94764e-05 5.74315e-07 8.20834e-06 0.00213465 0.300078 0.000768943 0.0015281 0.00947541 
0.0272134 0.00980127 0.00792501 0.295432 0.0618597 0.0476456 0.0244417 1.7154e-05 5.48542e-05 9.76663e-06 0.00536114 0.51136 3.62682e-05 5.23131e-07 0.00884166 
0.0103183 0.0114144 0.00687993 0.00118975 2.36202e-07 1.61319e-08 0.00681537 9.08984e-12 3.47433e-08 2.29974e-07 0.00145719 0.961729 0.000130091 9.02374e-09 6.5339e-05 
0.0520811 0.00407681 0.0201599 0.00118699 0.00185377 0.00280206 0.165382 7.19622e-07 1.88727e-09 0.000717835 0.0690128 0.576966 0.0630862 0.00570248 0.0369716 
0.025302 0.215095 0.159195 0.010575 0.0139876 0.0229203 0.0531174 1.90875e-06 2.60083e-09 4.53703e-10 0.0822688 0.387007 0.00222252 0.000502334 0.0278053 
0.0408329 0.197038 0.0901331 0.000799138 0.0146882 0.00278155 0.0045638 2.7191e-09 4.86681e-07 3.19566e-06 0.000991022 0.641959 8.92092e-05 1.26318e-07 0.00612055 
0.123547 0.0914894 0.0698636 0.0277532 0.00809471 0.00822701 0.0944062 7.06147e-05 1.19728e-06 0.00331399 0.00415378 0.504683 0.0413703 0.0125465 0.0104791 
0.0103183 0.0114144 0.00687993 0.00118975 2.36202e-07 1.61319e-08 0.00681537 9.08984e-12 3.47433e-08 2.29974e-07 0.00145719 0.961729 0.000130091 9.02374e-09 6.5339e-05 
0.126196 0.164533 0.0379174 0.00963722 0.00248646 0.00130323 0.00453027 1.96703e-05 2.7545e-07 2.98888e-05 0.000665323 0.633697 0.000659786 3.32137e-06 0.0183211 
0.0179483 0.0454592 0.0652829 0.108624 0.0480147 0.0175325 0.0885885 1.19899e-06 2.67547e-07 0.000639768 0.00105178 0.59139 0.00339558 9.77643e-07 0.0120701 
0.117577 0.0392448 0.0149557 0.00686234 0.00133058 1.42499e-08 0.0188668 9.23326e-10 3.06942e-08 0.0105811 0.00104583 0.788226 0.000156371 7.97196e-09 0.0011541 
0.0178585 0.0113032 0.0251285 0.0300328 0.00855933 0.000339342 0.0288018 4.37259e-07 0.000924647 0.00141174 0.00185691 0.863811 2.33267e-06 0.000204788 0.00976467 
0.211424 0.0308527 0.118395 0.02193 0.0113908 0.111426 0.0785824 7.56918e-10 1.7871e-07 0.0160641 0.000927094 0.395221 0.00111419 0.000202924 0.00246967 
0.207236 0.0901089 0.0122027 0.0760989 0.0340907 0.0414331 0.0292367 0.0103332 6.82396e-05 0.00970125 0.0401401 0.393118 0.0339291 1.16445e-05 0.0222914 
0.0234992 0.0151243 0.00617442 0.00485837 4.65837e-07 3.18138e-08 0.0062011 1.15672e-11 6.8511e-08 4.53553e-07 0.00121488 0.942623 0.000197616 1.77943e-08 0.000106253 
4.47198e-05 4.46997e-06 5.3094e-05 4.28372e-05 3.27258e-05 1.62808e-05 5.20209e-05 3.92442e-06 2.11623e-06 1.46191e-06 8.32464e-05 0.999574 4.60715e-05 8.67616e-07 4.22123e-05 
0.000231501 0.000513284 0.00164247 0.000839942 0.00169543 4.48408e-05 0.000710467 5.59044e-07 1.21035e-06 2.80028e-07 7.6242e-05 0.993987 0.000142115 3.82759e-06 0.000110518 
0.167518 0.018241 0.223159 0.0507666 0.034604 0.0766281 0.0124339 6.41932e-06 1.6714e-05 7.83421e-05 0.00284788 0.336722 0.0112991 0.000187378 0.0654904 
0.211424 0.0308527 0.118395 0.02193 0.0113908 0.111426 0.0785824 7.56918e-10 1.7871e-07 0.0160641 0.000927094 0.395221 0.00111419 0.000202924 0.00246967 
0.141987 0.0149799 0.184843 0.0190644 0.0311153 0.00628459 0.09055 0.000957614 0.00537325 0.000533993 0.000909399 0.475886 0.00754997 0.000663389 0.0193024 
0.117608 0.0263799 0.0993751 0.0542685 0.0344313 0.00631511 0.269562 0.000900767 1.91477e-06 0.000152601 0.0242228 0.309722 0.00161003 0.00306142 0.0523887 
0.0178585 0.0113032 0.0251285 0.0300328 0.00855933 0.000339342 0.0288018 4.37259e-07 0.000924647 0.00141174 0.00185691 0.863811 2.33267e-06 0.000204788 0.00976467 
0.229846 0.0258992 0.0502983 0.00539446 0.00107947 0.0144914 0.230258 0.000650458 7.00454e-12 0.000788969 0.00187461 0.321605 0.110965 2.84367e-05 0.00682207 
9.81503e-05 0.024705 0.234664 0.00243675 0.00152189 0.016105 0.0545014 2.21513e-05 2.83162e-10 4.93964e-11 6.82496e-05 0.665243 3.30172e-07 3.39012e-06 0.000630847 
0.0728904 0.017919 0.000752658 0.0415372 0.193786 0.0132627 0.0497895 3.12262e-07 3.26014e-07 0.000350533 4.78271e-05 0.556415 0.0080143 9.86931e-07 0.0452328 
0.100748 0.105368 0.0212579 0.0480523 0.00786518 0.00940842 0.0184547 0.000168323 5.77789e-08 0.0012199 0.00131173 0.676689 0.00156909 1.65154e-05 0.00787066 
0.0745089 0.206185 0.0531657 0.000795073 1.2208e-06 8.35439e-08 0.00454943 8.25967e-10 1.80752e-07 1.18869e-06 0.0167749 0.641382 8.74463e-05 4.69202e-08 0.00254823 
0.0803512 0.0288872 0.010266 0.00152719 0.0157615 6.05365e-05 0.0070912 5.26139e-05 5.82782e-06 3.93182e-05 0.00462314 0.834226 0.00026117 6.59884e-07 0.0168463 
0.0117041 0.0235051 0.117263 0.0303152 0.0130075 0.000818228 0.136078 7.72529e-05 1.36023e-05 5.9406e-05 0.0350392 0.616051 0.00604889 5.21532e-05 0.00996699 
0.00523734 0.000124786 0.0518695 0.216439 0.0354839 0.000278777 0.133874 7.5741e-06 4.33959e-07 0.00235811 0.000221703 0.533468 0.00170263 7.00388e-06 0.0189277 
0.112702 0.107437 0.0742382 0.0391858 0.0101416 0.0184085 0.129969 2.01293e-05 3.04705e-06 9.05197e-06 0.0023001 0.454638 0.0220351 1.78265e-05 0.0288938 
0.119514 0.286401 0.0917514 0.0223084 0.0127109 0.0340084 0.0266393 0.00293491 0.00232645 0.000886725 0.000956741 0.36939 0.0215905 6.04295e-06 0.00857485 
0.064972 0.0991329 0.074693 0.0170051 0.00602625 0.000573839 0.013165 4.65482e-08 5.36731e-06 0.0153573 0.00337932 0.7017 0.000383318 4.26312e-05 0.00356366 
0.00140089 0.120036 0.00660937 0.0327249 0.00016297 0.00166827 0.00183331 9.14627e-07 1.36773e-06 3.25233e-07 1.97934e-05 0.813392 0.000494864 0.00011555 0.0215394 
0.154216 0.200321 0.124509 0.0617068 0.0195642 0.0081749 0.0208641 0.00122158 1.79819e-05 0.000753707 0.0364598 0.343088 0.00623675 0.000164712 0.022702 
0.0520165 0.160879 0.0815339 0.0994667 0.00899339 0.0230137 0.0135676 7.60504e-10 2.01892e-07 1.32932e-06 0.0210118 0.537763 0.00100532 5.24133e-08 0.000747706 
0.0427478 0.0913627 0.21284 0.0759734 0.162239 0.00975887 0.0943484 2.20652e-07 0.00114713 2.20777e-07 0.0013905 0.277705 0.0131788 0.00518809 0.0121197 
0.0178585 0.0113032 0.0251285 0.0300328 0.00855933 0.000339342 0.0288018 4.37259e-07 0.000924647 0.00141174 0.00185691 0.863811 2.33267e-06 0.000204788 0.00976467 
0.122572 0.0806736 0.223445 0.0101336 0.00621289 0.00131806 0.205506 1.85192e-05 3.81063e-06 0.000300719 0.00720478 0.265002 0.00821583 7.23442e-06 0.0693861 
0.141511 0.0877959 0.0433106 0.00599845 0.000818093 0.00239556 0.0585471 1.88952e-09 2.48167e-07 0.00148425 0.000645973 0.637345 0.018173 7.90635e-06 0.00196644 
0.0600888 0.0983625 0.0805651 0.0657275 0.0244553 0.0124575 0.0626091 2.33924e-07 0.000321983 0.00434645 0.00119655 0.586443 0.000172939 1.40908e-08 0.00325265 
0.0178585 0.0113032 0.0251285 0.0300328 0.00855933 0.000339342 0.0288018 4.37259e-07 0.000924647 0.00141174 0.00185691 0.863811 2.33267e-06 0.000204788 0.00976467 
0.104019 0.0125943 0.135133 0.0298433 0.00595058 0.00187917 0.0706328 4.01086e-05 7.56786e-08 0.0185252 0.00377499 0.581293 0.00327701 6.80713e-06 0.0330295 
0.000160937 0.000122511 0.000773759 0.000487298 0.000577852 3.57917e-05 0.000394178 1.61415e-06 3.08349e-06 6.31376e-07 6.09555e-05 0.997178 0.000110824 3.48635e-06 8.87851e-05 
0.0789825 0.0395601 0.0924026 0.140985 0.00730743 0.0126826 0.0655727 2.62985e-06 0.000129679 0.000621925 0.00232998 0.503794 0.000784075 0.0201635 0.0346814 
0.146552 0.0243989 0.141526 0.0691336 0.00189885 0.041401 0.14707 0.00412479 0.000765074 0.0113997 0.00551601 0.380541 0.0175073 2.89469e-05 0.00813666 
0.0103183 0.0114144 0.00687993 0.00118975 2.36202e-07 1.61319e-08 0.00681537 9.08984e-12 3.47433e-08 2.29974e-07 0.00145719 0.961729 0.000130091 9.02374e-09 6.5339e-05 
0.119809 0.243794 0.0511669 0.110983 0.0104305 0.0205467 0.0367996 0.00387998 0.000433226 0.000215251 0.00222104 0.383719 0.00161959 6.25839e-05 0.0143196 
0.123403 0.0137136 0.014461 0.196125 0.0946718 0.0553175 0.107577 0.000239361 3.66134e-08 0.000234627 1.91312e-09 0.312574 0.00228421 1.10314e-05 0.0793871 
0.126481 0.0667976 0.0905088 0.0202673 0.00268595 0.0040714 0.191832 0.000251035 6.88924e-07 0.0089571 0.00147346 0.431369 0.00976568 0.000371088 0.0451673 
0.200791 0.0116441 0.126044 0.0393763 0.00650045 0.129651 0.111012 3.15425e-07 2.40902e-06 0.012028 5.44293e-05 0.296704 0.00752366 0.00339549 0.0552736 
0.198148 0.0168694 0.0227249 0.00207983 1.72876e-07 0.000388773 0.00924996 1.29156e-08 2.54229e-08 0.0220825 0.0037319 0.615774 0.106731 7.42479e-06 0.00221126 
0.000103157 0.067583 0.000505799 0.00480414 0.0272711 0.040526 0.00121839 4.75178e-07 7.16571e-07 2.12829e-07 3.48582e-05 0.857829 6.77362e-05 1.11821e-06 5.41352e-05 
0.0528121 0.0262729 0.01892 0.0278499 0.00407052 0.0155798 0.0081609 2.62469e-08 3.37833e-07 1.25179e-05 0.00037173 0.843288 1.59853e-05 2.61397e-07 0.00264447 
0.10304 0.0817517 0.00534607 0.00645764 0.00340779 9.80418e-08 0.00158192 3.40211e-08 2.12351e-07 0.00091524 0.000523601 0.781634 0.00145742 2.05633e-05 0.013864 
0.0891017 0.0865342 0.0629088 0.0255791 0.00591603 0.0107384 0.103409 1.17511e-05 1.78411e-06 5.28647e-06 0.00428823 0.579617 0.0142926 1.04056e-05 0.0175867 
0.0103183 0.0114144 0.00687993 0.00118975 2.36202e-07 1.61319e-08 0.00681537 9.08984e-12 3.47433e-08 2.29974e-07 0.00145719 0.961729 0.000130091 9.02374e-09 6.5339e-05 
0.0564911 0.0352978 0.0125442 0.00186414 0.00349412 7.35326e-05 0.00866324 1.22658e-06 6.72303e-06 4.6938e-05 0.00564232 0.85498 0.000317942 7.40676e-07 0.0205757 
0.0675192 0.0115861 0.095001 0.035494 0.00558212 0.00668791 0.227194 3.19736e-07 3.07772e-08 0.012697 0.000781449 0.535427 0.000839129 4.39716e-06 0.00118592 
0.211424 0.0308527 0.118395 0.02193 0.0113908 0.111426 0.0785824 7.56918e-10 1.7871e-07 0.0160641 0.000927094 0.395221 0.00111419 0.000202924 0.00246967 
0.120053 0.0161577 0.0363533 0.0272667 0.018011 0.000647634 0.0193793 2.64912e-05 0.00069671 0.00152576 0.00251165 0.619647 0.00294827 0.000684466 0.134091 
0.000155375 0.000108275 0.0225668 0.000471781 0.039419 0.150254 0.0623298 6.91115e-07 1.04901e-06 3.20438e-07 5.28903e-05 0.724453 0.000102671 1.81126e-06 8.19293e-05 
0.0234992 0.0151243 0.00617442 0.00485837 4.65837e-07 3.18138e-08 0.0062011 1.15672e-11 6.8511e-08 4.53553e-07 0.00121488 0.942623 0.000197616 1.77943e-08 0.000106253 
0.0239486 0.010006 0.103403 0.0403207 0.00136801 0.00172716 0.0161867 3.56195e-09 1.00004e-07 3.78264e-07 1.17963e-06 0.67119 0.00593856 0.000180716 0.125729 
0.0738123 0.064086 0.0578532 0.0667609 0.0392793 0.00927371 0.0202894 1.48502e-06 9.5019e-05 4.53564e-06 0.000566967 0.659702 4.94623e-05 5.86978e-06 0.00821993 
0.0719141 0.00547182 0.0108186 0.000162659 0.000716584 0.0025266 0.082094 3.86772e-07 3.51156e-11 0.00068438 0.0943415 0.595213 0.0863217 0.00615282 0.0435819 
0.00627915 0.024219 0.0393622 0.0103129 0.120647 0.0007485 0.000262852 6.58302e-06 2.27876e-09 8.02673e-05 0.0363988 0.761645 9.47907e-06 1.52185e-06 2.75416e-05 
