0.136604 0.0267311 0.0212765 0.0771207 0.148138 0.129663 0.116913 0.00015962 0.000125824 0.00132055 0.00298852 0.000580812 0.00640837 0.00490728 0.327063 
0.0520413 0.0133723 0.00213937 0.000487901 0.304614 0.000327817 0.0312632 9.86718e-08 0.000157595 6.6609e-07 0.000505946 6.43606e-08 0.142285 0.00899093 0.443814 
0.0824578 0.0132868 0.00655868 0.00455059 0.00121884 0.0016334 0.00721327 5.89323e-08 2.97064e-10 1.70614e-08 0.00060705 1.30517e-06 0.00477846 9.3241e-12 0.877694 
0.162532 0.100575 0.110914 0.054471 0.0408239 0.0248781 0.0888655 0.000662596 0.00291937 0.0092329 0.0369882 0.00106823 0.0150874 0.00236878 0.348613 
0.0765545 0.319517 0.0175929 0.0185839 0.0039971 6.33573e-05 0.00740628 7.53132e-07 0.000362309 0.000155969 0.000262681 1.56489e-08 0.00158746 7.70402e-06 0.553908 
0.210653 0.11786 0.0560485 0.221262 0.0525721 0.0103983 0.0149818 3.49287e-05 3.85906e-06 0.00341048 9.27815e-05 0.00610203 0.00484126 0.000189545 0.301549 
0.0849579 0.337038 0.0458442 0.00962384 0.00348689 0.00244242 0.00929802 7.8409e-05 8.57654e-05 0.000294611 0.000211025 0.000649657 0.00186361 1.50193e-05 0.504111 
0.233487 0.00694959 0.0852641 0.00465941 0.000774644 0.0017103 0.021515 1.85248e-05 2.31247e-10 0.00500531 0.000260387 2.524e-05 0.197239 1.38945e-06 0.443089 
0.0771083 0.126828 0.117174 0.0332006 0.0886984 0.0201385 0.103035 9.83777e-06 9.8284e-09 0.000296479 0.0028915 1.67569e-05 0.0139707 0.000280814 0.416351 
0.0428739 0.0156042 0.015264 0.00705384 0.024918 1.89744e-06 0.0163154 1.65638e-06 1.26537e-10 7.53388e-10 0.000554458 0.00559043 0.00144116 2.02266e-05 0.870361 
0.0766305 0.390053 0.0482192 0.0270199 0.00732746 0.0235521 0.00672995 0.000231778 8.31734e-05 0.000260471 0.00034652 0.0214078 0.00133287 1.46512e-05 0.396791 
0.0450153 0.0334711 0.0331252 0.0310552 0.119146 0.00403503 0.0721285 0.000222294 9.79473e-05 0.00492344 0.0284875 7.48409e-05 0.00568974 0.00148029 0.621047 
0.0106526 0.0155499 0.0220092 0.00781107 0.106531 0.000454723 0.0558843 3.60448e-11 0.00124549 2.45754e-06 0.000887039 2.35075e-06 0.089747 0.292102 0.397121 
0.0135346 0.0969493 0.0841303 0.0182234 0.0017997 3.55073e-05 0.0128755 0.10918 2.29924e-08 0.000117219 0.00190458 0.000663117 0.0686208 1.39344e-06 0.591964 
0.0824419 0.0303353 0.168048 0.0300264 0.00818167 0.0244684 0.171431 8.41678e-13 1.29952e-12 0.0034587 0.000279784 0.00874898 0.00175952 0.0435268 0.427294 
0.185311 0.0226923 0.191951 0.0486262 0.00888256 0.0043204 0.153182 7.65098e-05 0.000108498 0.00577118 0.00172146 0.000321707 0.0229676 2.43325e-05 0.354043 
0.13108 0.124608 0.00882419 0.152131 0.0475185 0.00211287 0.0354868 0.00033482 1.71693e-06 8.27978e-05 0.111177 6.23407e-05 0.0374957 4.53977e-05 0.349039 
0.0082457 0.0916605 0.106625 0.23982 0.12834 0.0296582 0.13469 0.00147582 0.00104274 0.000100424 0.00073708 0.000361797 0.000119896 0.000162841 0.256961 
0.0661636 0.117073 0.013427 0.0538194 0.00187726 0.0562417 0.0755413 0.000364429 5.78948e-07 0.000109264 3.8037e-06 0.00110842 0.00128357 0.000641773 0.612345 
0.135661 0.0487154 0.071075 0.100568 0.0471884 0.00852346 0.11443 0.0035488 3.43791e-07 0.00287861 0.0596499 0.0060371 0.00694102 0.00273479 0.392048 
0.139305 0.00610698 0.031191 0.005511 0.00227635 2.26274e-05 0.00377024 1.06133e-05 1.43825e-06 2.83016e-05 0.00125755 4.99654e-09 0.0335976 0.000232305 0.776689 
0.150862 0.0592686 0.0883639 0.0283819 0.0578389 0.0112237 0.0208012 0.00542424 1.18177e-05 0.000180991 0.00387516 0.00228496 0.0117896 0.000408595 0.559284 
0.158412 0.150192 0.127918 0.0127245 0.000119079 0.0455244 0.154871 1.69479e-07 5.84231e-07 2.82089e-07 1.73377e-07 0.0216741 2.02246e-05 2.01121e-05 0.328523 
0.26963 0.089591 0.0746799 0.00461292 1.11261e-05 0.00245081 0.00166425 3.18407e-05 3.4751e-05 0.000649232 1.72379e-05 1.41305e-05 0.103387 4.93402e-09 0.453226 
0.165562 0.113081 0.0601649 0.0260407 0.214468 0.00624134 0.0199164 0.00414197 2.14016e-10 0.00175694 0.0212465 0.00278411 0.00413534 0.00810065 0.35236 
0.182085 0.0025447 0.107193 0.0269573 0.0562231 0.0433847 0.227464 5.17038e-05 1.59915e-06 0.000148675 0.000193968 0.00365498 0.0179944 0.00251027 0.329593 
0.0946672 0.0246574 0.179885 0.0471018 0.0293118 0.00685994 0.0988989 0.000405428 5.12015e-06 0.00562236 0.00478635 0.00315285 0.00756624 0.000498608 0.496581 
0.0425362 0.167185 0.236784 0.102874 0.0966963 0.00810173 0.0843435 0.00853798 0.00229843 0.000658342 0.0118932 0.000279933 0.000875119 8.45555e-06 0.236928 
0.0882094 0.0730237 0.0455306 0.0932148 0.151671 0.0101461 0.143815 0.00120562 5.45224e-05 0.000744757 0.000220424 0.0307788 0.0169867 0.00423737 0.340161 
0.0812351 0.00487321 0.249976 0.0694332 0.012046 0.0116201 0.220266 2.50938e-05 1.70022e-08 0.020616 0.000798203 2.11405e-05 0.00754913 5.32403e-05 0.321488 
0.0362821 0.022278 0.0801392 0.0416556 0.0174117 0.0281802 0.123459 6.95057e-05 1.49483e-05 0.00726652 0.00231358 0.00169787 0.00850107 0.0131868 0.617544 
0.135724 0.0986819 0.150269 0.0327297 0.00996766 0.0916776 0.121725 0.000196488 9.70968e-07 0.000787218 9.3059e-05 1.04478e-05 0.00822292 0.000458061 0.349456 
0.0344883 0.033411 0.00177622 0.0237224 0.00176256 0.0450537 0.0103187 1.60362e-05 3.83586e-08 8.78922e-07 0.000977351 0.00204437 0.00124705 9.1452e-09 0.845181 
0.0906733 4.31694e-08 0.000236412 0.000873351 0.00029738 0.039723 0.159437 0.0204107 3.35974e-07 0.000491477 1.8504e-07 0.00124544 0.00244355 0.00020244 0.683965 
0.0642215 0.300779 0.0926618 0.0691309 0.0445235 0.0334425 0.0457114 8.37866e-05 0.000384717 0.000303153 0.00283133 0.000324509 0.00526045 5.45607e-05 0.340287 
0.0914371 0.0233263 0.326995 0.0153958 0.0163555 0.0216128 0.0884954 0.000527451 2.48223e-10 0.00781413 0.000159661 0.00428277 0.00156515 2.5667e-05 0.402007 
0.158412 0.150192 0.127918 0.0127245 0.000119079 0.0455244 0.154871 1.69479e-07 5.84231e-07 2.82089e-07 1.73377e-07 0.0216741 2.02246e-05 2.01121e-05 0.328523 
0.0577687 0.118452 0.0449947 0.00978765 0.000213131 0.0155463 0.0216444 2.95341e-07 3.74752e-10 0.00014286 1.79118e-07 4.62947e-07 0.107923 3.463e-07 0.623526 
0.316043 0.00779872 0.0195126 0.103507 0.0166168 0.00748689 0.161838 0.000908652 0.00107183 9.1622e-05 0.00289038 0.000104302 0.0226991 0.0023156 0.337115 
0.206364 0.0653237 0.0792451 0.0465604 0.0137279 0.00623087 0.0207476 0.00238801 0.000422775 0.00537464 0.00244228 0.00663528 0.0457034 0.000969404 0.497864 
0.0234808 0.0123236 0.0589335 0.0797344 0.0522154 0.0452292 0.0217382 0.0132603 3.27952e-06 0.011925 0.0199405 0.00169173 0.00894134 0.0834211 0.567162 
0.0847953 0.211448 0.0300451 0.0140757 0.0411565 0.0120051 0.0476159 1.68204e-05 0.00137213 0.00225824 0.00945779 0.000672834 0.0255758 0.00211042 0.517395 
0.293591 0.0181045 0.226217 0.00399179 0.155669 0.000100482 0.00406087 1.60894e-05 8.45791e-08 0.000365952 0.000305264 1.14176e-06 0.00185631 0.000235255 0.295486 
0.0742179 0.106746 0.0576377 0.092835 0.00536946 0.00773703 0.0502925 3.10565e-07 2.58402e-10 2.22423e-05 0.000376849 0.00222233 0.0897775 0.017655 0.49511 
0.0933043 0.110167 0.0147459 0.266682 0.0545056 0.0558959 0.098632 0.00138261 3.81295e-08 2.15796e-06 0.000546355 0.00173589 0.00617675 0.00018192 0.296042 
0.198184 0.0926311 0.182833 0.00359169 4.1741e-07 0.0290567 0.0251134 4.40313e-07 3.53371e-11 0.000852405 2.08138e-07 1.67584e-07 4.08076e-07 4.76812e-05 0.467689 
0.0516163 0.175244 0.103834 0.00234765 0.0238621 0.000360549 0.142156 0.00490512 2.77212e-06 0.000202618 0.198844 0.00159771 0.00196007 0.0624502 0.230616 
0.0520413 0.0133723 0.00213937 0.000487901 0.304614 0.000327817 0.0312632 9.86718e-08 0.000157595 6.6609e-07 0.000505946 6.43606e-08 0.142285 0.00899093 0.443814 
0.0261677 0.0652866 0.152733 0.202354 0.130374 0.0228068 0.0485938 1.0587e-05 6.0081e-07 8.51424e-06 0.00384525 1.25046e-06 0.000625389 1.30786e-05 0.347179 
0.0763612 0.130936 0.124431 0.100186 0.00351687 0.0135987 0.2211 1.5372e-05 0.10595 0.000358615 0.000155533 0.00102312 0.000352867 0.000114436 0.2219 
0.304763 0.023368 0.100335 0.0617882 0.00525313 0.00837305 0.12124 0.00028753 3.45704e-07 8.60429e-05 0.000327304 0.018027 0.0458056 4.75374e-06 0.31034 
0.0765545 0.319517 0.0175929 0.0185839 0.0039971 6.33573e-05 0.00740628 7.53132e-07 0.000362309 0.000155969 0.000262681 1.56489e-08 0.00158746 7.70402e-06 0.553908 
0.172839 0.0462361 0.141805 0.0494971 0.1751 0.028941 0.191116 0.000147145 1.43619e-05 0.000343586 0.000157548 9.84925e-05 0.00181713 0.000175305 0.191711 
0.0798724 0.0705502 0.236143 0.0508408 0.0391894 0.0199574 0.063522 0.000427962 4.40953e-07 0.00946397 0.000537349 8.96829e-05 0.00234852 0.000174685 0.426882 
0.232656 0.00698511 0.0490514 0.00463731 0.00188495 0.00166891 0.0042545 2.31213e-05 1.84064e-05 3.77409e-05 0.000296251 1.70783e-06 0.141192 2.68095e-05 0.557266 
0.0768102 0.0989235 0.00744327 0.102887 0.0858558 0.210492 0.0300427 0.0056566 0.00510807 0.000172218 0.00529699 0.000258161 0.0118705 0.000118801 0.359065 
0.0106526 0.0155499 0.0220092 0.00781107 0.106531 0.000454723 0.0558843 3.60448e-11 0.00124549 2.45754e-06 0.000887039 2.35075e-06 0.089747 0.292102 0.397121 
0.0256987 0.00771911 0.089339 0.0141339 0.0146991 0.00364954 0.0459732 1.65932e-10 7.21985e-10 0.00202074 0.0134755 0.000198582 0.00174066 0.000103617 0.781248 
0.0520413 0.0133723 0.00213937 0.000487901 0.304614 0.000327817 0.0312632 9.86718e-08 0.000157595 6.6609e-07 0.000505946 6.43606e-08 0.142285 0.00899093 0.443814 
0.00513808 0.0107101 0.157301 0.243455 0.0503953 0.0232369 0.0153577 0.00107501 8.21755e-05 7.1043e-05 0.000103043 0.0119826 0.0092425 7.27163e-06 0.471843 
0.0338748 0.116338 0.0148592 0.0103287 0.00849705 0.0446259 0.00874533 0.00746968 0.000501055 5.23763e-06 0.000118791 0.000141701 0.000118574 1.43026e-05 0.754362 
0.277332 0.0762753 0.0662728 0.041997 0.0350268 0.0234663 0.0590323 0.0019672 4.73118e-06 0.00558773 0.00765408 0.00375917 0.0120644 0.00180759 0.387752 
0.0984685 0.379774 0.0426952 0.0145027 0.0165306 0.00263085 0.0252322 2.23519e-06 9.60235e-06 0.000109703 1.90889e-05 0.000731395 0.00593874 0.000133887 0.413222 
0.0464232 0.0496176 0.0906774 0.265439 0.0556703 0.0137791 0.0636183 0.00499966 3.0898e-05 0.00758834 0.000708384 9.33733e-05 0.0161161 0.000119032 0.38512 
0.151641 0.0177696 0.124994 0.0211351 0.0412753 0.0288376 0.208586 0.00280513 0.00207889 0.00841221 0.00909655 0.0232159 0.0125608 0.00450041 0.343092 
0.0966872 0.00214992 0.00761072 0.00687854 0.00749953 7.51283e-05 0.00774073 2.59878e-07 1.07921e-10 3.27045e-06 3.71653e-05 2.34257e-06 0.000376749 1.66629e-08 0.870938 
0.0699267 0.0326535 0.0658073 0.0270742 0.0153364 0.0173268 0.127787 5.24144e-06 8.15785e-07 6.81354e-05 0.000159712 0.000522982 0.0164792 9.09854e-05 0.626761 
0.165562 0.113081 0.0601649 0.0260407 0.214468 0.00624134 0.0199164 0.00414197 2.14016e-10 0.00175694 0.0212465 0.00278411 0.00413534 0.00810065 0.35236 
0.0279294 0.000912952 0.167879 0.00439969 0.000354959 0.000397496 0.0625932 8.78436e-08 1.44905e-09 9.07213e-08 3.07963e-05 8.58223e-07 0.00238411 4.95438e-08 0.733117 
0.0883618 0.0473494 0.181717 0.085547 0.232896 0.0296795 0.0755091 3.66315e-07 1.9143e-05 2.24014e-06 0.000161887 1.23568e-07 0.000779284 8.27252e-05 0.257894 
0.296854 0.0473643 0.177034 0.0486886 0.0132992 0.0262422 0.0615105 4.32851e-06 2.05621e-08 2.14616e-05 0.00576262 0.000399567 0.0162283 6.2572e-06 0.306584 
0.0209413 0.000731062 0.00465178 0.00923369 0.000186604 0.00202474 0.000339737 5.27014e-08 8.13689e-08 0.000142226 3.59277e-05 7.07665e-08 0.00705722 1.93994e-08 0.954655 
0.0740175 0.12274 0.142714 0.0219224 0.0852175 0.0314539 0.106904 0.00139005 1.61181e-05 0.000518192 0.000709545 0.169209 0.0249499 0.00314291 0.215094 
0.12697 0.102793 0.0951158 0.0213714 0.0145877 0.0528334 0.0110947 0.00112566 1.29311e-05 0.00607771 0.00035834 0.00153351 0.0490426 4.62211e-05 0.517037 
0.0279294 0.000912952 0.167879 0.00439969 0.000354959 0.000397496 0.0625932 8.78436e-08 1.44905e-09 9.07213e-08 3.07963e-05 8.58223e-07 0.00238411 4.95438e-08 0.733117 
0.102025 0.0616671 0.0296949 0.0735391 0.0489451 0.00310459 0.00614363 0.00019927 0.000482884 0.0213909 0.0069182 0.00634207 0.000710584 0.000216654 0.63862 
0.15529 0.212936 0.0139882 0.112567 0.107256 0.00656646 0.0479358 1.6677e-05 5.17451e-07 9.02669e-08 0.00362701 0.000141935 0.00353789 1.11517e-05 0.336125 
0.0520413 0.0133723 0.00213937 0.000487901 0.304614 0.000327817 0.0312632 9.86718e-08 0.000157595 6.6609e-07 0.000505946 6.43606e-08 0.142285 0.00899093 0.443814 
0.0359762 0.0601983 0.0491821 0.0322203 0.033828 0.085636 0.0305142 8.24331e-05 0.00025527 0.00968899 1.05159e-05 0.000135538 7.64599e-05 5.64233e-05 0.662139 
0.380727 0.00459989 0.0262447 0.0746358 0.00186819 0.00599879 0.0343185 3.75791e-06 1.04651e-08 0.00037556 4.74548e-05 0.00788647 0.0217317 0.0158917 0.42567 
7.81004e-05 0.165247 0.0592197 0.0512436 0.0014176 0.00066645 0.0602889 9.00929e-07 0.000197249 0.000120264 0.000598034 3.42111e-05 3.90626e-05 0.000101989 0.660747 
0.0654833 0.00616176 0.00842854 0.00306385 0.00994427 0.00110732 0.00125042 0.000204771 4.7817e-11 8.34146e-12 0.0832333 2.36878e-05 0.06352 0.000755784 0.756823 
0.133738 0.00624378 0.0751943 0.237766 0.0223024 0.0016718 0.0158784 0.00157466 1.60709e-05 4.00799e-06 0.00220581 1.6885e-05 0.00724973 2.12345e-06 0.496136 
0.256551 0.00366484 0.0379728 0.0170227 0.0122258 0.116053 0.10453 0.120312 1.35459e-06 7.83589e-08 0.000200732 9.63477e-05 0.00636733 8.10941e-05 0.324921 
0.0204022 0.250495 0.061135 0.0705948 0.00362854 0.0383104 0.0353721 0.000356877 0.00138278 0.000315055 0.000978125 0.0838763 6.09796e-05 9.50623e-05 0.432997 
0.0950553 0.280508 0.0517502 0.0321753 0.115926 0.00661702 0.0223633 0.0026438 4.06183e-09 6.12643e-06 5.09637e-06 5.17217e-05 1.28334e-05 3.6829e-07 0.392885 
0.150742 0.023087 0.0573165 0.0482056 0.0925316 0.024395 0.134898 0.000578254 0.000220337 0.000664237 0.161794 0.0204368 0.00618975 0.0106577 0.268283 
0.0638856 0.0433511 0.00798901 0.0565984 0.0200625 0.0150182 0.0197422 7.84166e-06 1.0365e-06 7.11759e-06 2.95138e-06 0.00340462 0.000496428 2.47116e-07 0.769433 
0.0474335 0.05201 0.1426 0.064865 0.0532891 0.0294762 0.210409 0.00304692 0.00264073 0.0241282 0.0156311 0.082732 0.0416339 0.00112437 0.22898 
0.0557691 0.176237 0.0918119 0.015898 0.0775893 0.0452415 0.0396708 0.000163631 0.000368589 0.00485215 0.00150295 0.000285438 0.00532977 0.000305039 0.484975 
0.0760344 0.0350769 0.00621461 0.0531057 0.00975677 0.0256873 0.115656 0.0379729 0.0101389 0.000450888 0.0187939 0.0133836 0.0069958 0.00149595 0.589236 
0.225677 0.00581912 0.0584637 0.00659633 0.00748599 0.00163748 0.0108708 0.000107313 1.47256e-05 0.000199668 0.000477697 0.000708393 0.129928 3.08965e-05 0.551983 
0.0866995 0.0519433 0.0619024 0.0167299 0.0429602 0.00155817 0.00645444 2.7807e-05 1.9429e-05 6.79591e-05 0.000359374 0.00352685 0.00710609 6.88217e-05 0.720576 
0.183228 0.0677275 0.10664 0.0282985 0.0260337 0.125612 0.129293 0.00773826 0.000152284 0.000317523 0.00236795 6.85271e-05 0.0224776 3.72121e-05 0.300009 
0.15423 0.0323055 0.137037 0.0238321 0.158328 0.0463879 0.160124 0.00453351 3.00675e-05 0.000348874 0.00170738 0.0083979 0.0103455 0.0084578 0.253934 
0.0126116 0.00891305 0.355663 0.0166757 0.0597672 0.0151396 0.0868458 2.32038e-05 1.6516e-06 8.52499e-07 0.000225897 0.000106147 0.0163527 0.000544662 0.427129 
0.297234 0.0177081 0.074621 0.00105292 0.00416027 0.000276194 0.00129537 5.63413e-05 1.00252e-05 0.0149494 0.000351782 4.6401e-06 0.0940309 0.000134565 0.494114 
0.0302221 0.00840921 0.0873781 0.301591 0.0799457 0.0122493 0.0705398 0.0012577 1.53795e-06 0.00128987 0.00492007 0.00200712 0.00059045 4.89964e-06 0.399594 
0.275987 0.0754357 0.138635 0.0648009 0.072374 0.0157055 0.0370911 0.0041619 2.0477e-05 0.00240646 0.000595825 0.00883465 0.0153405 0.000206733 0.288404 
0.0278706 0.0453232 0.229852 0.0172858 0.0312948 0.0256501 0.0423334 0.00028426 4.52024e-07 0.000783462 0.00111892 8.67842e-05 0.0685167 6.58849e-05 0.509533 
0.176626 0.239451 0.0879549 0.0876425 0.0168114 0.00918879 0.0179832 0.00142138 1.13678e-06 0.00429958 0.0306207 0.00631256 0.0250899 0.000368851 0.296228 
0.0686761 0.00725061 0.0322308 0.0075597 0.003685 2.76956e-05 0.00217249 2.59192e-05 7.76077e-05 0.00223835 0.000250619 1.48637e-06 0.000160033 1.82012e-07 0.875643 
0.200355 0.0319069 0.0409669 0.0243949 0.00216799 0.160637 0.119974 0.000326123 0.0130308 0.00291941 0.000823954 0.00178279 0.00952737 1.06491e-05 0.391177 
0.0765545 0.319517 0.0175929 0.0185839 0.0039971 6.33573e-05 0.00740628 7.53132e-07 0.000362309 0.000155969 0.000262681 1.56489e-08 0.00158746 7.70402e-06 0.553908 
0.00232981 0.119691 0.0123985 0.0431106 2.28665e-05 1.87147e-08 0.0110036 8.2539e-08 1.27437e-07 2.22308e-08 0.00093291 0.00186885 3.70937e-08 8.08056e-06 0.808634 
0.00660651 0.0539647 0.087539 0.228464 0.158751 0.0160158 0.0444672 2.28496e-07 0.00607489 0.000423095 0.000236489 0.0051375 6.63803e-05 2.86787e-05 0.392225 
0.0405211 0.0678114 0.0153439 0.212232 0.0494591 0.0296748 0.0361726 1.76338e-05 3.33255e-05 3.64967e-05 0.00107269 0.00181769 0.0128367 1.0635e-05 0.53296 
0.0849579 0.337038 0.0458442 0.00962384 0.00348689 0.00244242 0.00929802 7.8409e-05 8.57654e-05 0.000294611 0.000211025 0.000649657 0.00186361 1.50193e-05 0.504111 
0.350087 0.00397828 0.0325972 0.00465017 0.00548169 0.000304848 0.0184582 0.00175876 3.73895e-07 7.26767e-11 0.00010469 0.00117856 0.0346406 2.38691e-09 0.546759 
0.0782642 0.0285128 0.224002 0.177578 0.138647 0.0137233 0.077643 0.00226766 7.02667e-05 0.00283025 0.000528024 0.00336873 0.00759752 0.000102743 0.244864 
0.0412572 2.1306e-05 0.000439263 7.10085e-13 1.43272e-08 7.94344e-13 7.81611e-09 3.50336e-12 6.3813e-09 9.43584e-13 5.50924e-09 4.70425e-12 0.0127836 1.3465e-08 0.945499 
0.0152947 0.00117798 0.03179 0.321871 0.0459275 0.0329591 0.0530023 0.000164499 1.06167e-08 9.71912e-05 3.06072e-05 0.00062564 0.000104565 1.64883e-06 0.496954 
0.0165399 0.136284 0.146659 0.0136268 0.0332415 0.00326709 0.00322851 0.00396078 0.000449141 0.00298486 0.00804489 0.00134162 0.000932305 0.00047022 0.628969 
0.126375 0.0369571 0.152091 0.0735356 0.0423473 0.0110927 0.036259 0.000848049 4.89659e-05 0.00276984 0.00349033 0.00718186 0.0264974 0.000117099 0.480389 
0.00751662 0.0557576 0.0155736 0.105286 0.251971 0.0718251 0.00439607 0.00014694 0.00108485 0.000456574 9.65216e-05 1.8201e-05 0.00100316 0.000506272 0.484361 
0.155277 0.0873829 0.0501692 0.00489693 0.00435931 0.00112056 0.0169422 4.34855e-06 1.93002e-07 0.00273827 0.000426687 1.58092e-06 0.0900622 5.37321e-06 0.586613 
0.06485 0.00979553 0.119191 0.0595177 0.006703 0.0720106 0.0374698 2.35194e-05 9.38736e-09 1.45598e-06 0.00621166 0.000194965 0.00211316 5.41577e-06 0.621912 
0.253194 0.0315474 0.0724822 0.00574203 0.00265748 0.000889162 0.015884 0.000113622 0.00101622 0.00232465 0.000278539 0.00284894 0.286517 4.46575e-05 0.32446 
0.0370751 0.0182574 0.00586656 0.0360482 0.107014 0.000125402 0.0250325 5.14462e-09 0.00033421 2.00652e-05 0.000136603 1.21344e-06 0.00838346 2.46264e-06 0.761703 
0.0464292 0.0754945 0.303072 0.00615646 0.00485738 0.0035847 0.166252 5.57127e-05 3.183e-05 0.0188793 0.0124783 0.00183001 0.0049328 0.000166654 0.355778 
0.00424103 0.0934899 0.0135333 0.0169828 0.0186017 0.00209163 0.000568201 3.66688e-06 1.29293e-06 0.00175649 2.32686e-05 1.12446e-06 5.72396e-05 1.38481e-05 0.848635 
0.108947 0.0162872 0.0569578 0.0615606 0.0262305 0.00527335 0.155832 0.000818529 2.09174e-08 0.00163394 0.00715381 0.00494662 0.0121834 0.00936605 0.53281 
0.0520413 0.0133723 0.00213937 0.000487901 0.304614 0.000327817 0.0312632 9.86718e-08 0.000157595 6.6609e-07 0.000505946 6.43606e-08 0.142285 0.00899093 0.443814 
0.161143 0.00536427 0.0922465 0.0151221 0.0129904 6.97053e-05 0.0266497 5.43946e-05 6.78524e-06 0.000581929 5.13495e-05 0.00803673 0.05827 1.28264e-06 0.619411 
0.0456427 0.000204823 0.00965276 0.0110464 0.00324179 1.61675e-06 0.0749356 4.93738e-10 7.62312e-10 1.32982e-10 1.25502e-07 6.62983e-10 0.00162556 1.16673e-08 0.853649 
0.044656 0.0678766 0.224728 0.0531946 0.0276594 0.0106453 0.0658718 3.82126e-07 1.48364e-08 0.000158072 0.0178448 0.000164491 0.0119756 0.00150347 0.473721 
0.182202 0.00130343 0.0783817 0.0166423 0.00213737 0.0184788 0.294876 0.00138495 1.37202e-05 0.000595202 0.000742609 0.00492454 0.0101852 1.34608e-05 0.388119 
0.0322026 0.0160149 0.103585 0.0907343 0.0977492 0.0751707 0.114777 2.1145e-08 3.26471e-08 7.65223e-05 1.79806e-08 1.87098e-05 0.00354466 7.78349e-09 0.466126 
0.0353684 0.0263858 0.0593593 0.0825515 0.193548 0.0182243 0.0671914 0.00875404 7.72037e-06 6.17295e-05 0.00127296 7.51719e-05 0.027081 8.45639e-05 0.480034 
0.252235 0.0140752 0.0696165 0.0251621 0.00639086 0.0029565 0.0314736 3.72658e-05 2.47779e-07 0.00134341 3.94261e-05 0.000177398 0.0342864 5.02514e-06 0.562201 
0.0246841 0.0232093 0.383407 0.00976101 0.00494269 0.00337613 0.124159 4.71544e-08 1.80694e-05 0.00395324 6.70642e-05 0.000327882 0.0319558 0.00303702 0.387101 
0.0129496 0.0450541 0.2957 0.17549 0.0778897 0.0021074 0.0176947 2.9886e-05 6.52197e-08 0.000878374 0.00052228 0.00298159 0.000822955 4.74353e-05 0.367832 
0.0222659 0.0438401 0.0281707 0.0763106 0.0407247 0.00632468 0.0178404 0.000398041 0.00027436 0.000586803 5.64882e-05 3.90913e-05 0.0596897 1.06779e-06 0.703477 
0.0864948 0.0166128 0.104131 0.0215733 0.0940009 0.00598067 0.246132 0.00583027 2.57213e-05 0.00569309 0.00123329 0.000169481 0.00152796 0.000531006 0.410064 
0.0474863 0.174684 0.0223499 0.00209636 0.0211816 5.98122e-12 3.35938e-12 0.000287446 0.108447 7.10497e-12 0.0831978 3.54219e-11 0.00558299 0.00251732 0.532169 
0.076186 0.00487471 0.195468 0.0112056 0.0206872 0.0466734 0.204673 0.000236003 4.04844e-05 0.00131485 3.09025e-08 1.6306e-07 0.0158429 1.0366e-07 0.422797 
0.0109205 0.0988352 0.000258345 0.261523 0.146164 0.0030724 0.00847924 0.00247768 0.00488366 1.14983e-05 0.00609397 2.99957e-07 4.82681e-05 0.000406366 0.456825 
0.20407 0.0566074 0.0828665 0.0173542 0.00667163 0.00066453 0.0145917 2.92298e-07 4.93298e-10 3.2292e-08 0.0123168 4.24772e-12 0.0219871 1.81304e-07 0.582869 
0.0370751 0.0182574 0.00586656 0.0360482 0.107014 0.000125402 0.0250325 5.14462e-09 0.00033421 2.00652e-05 0.000136603 1.21344e-06 0.00838346 2.46264e-06 0.761703 
0.00018609 0.0187123 0.00193166 0.00154256 0.0911281 0.0426053 0.0319027 7.2199e-05 0.0105748 1.28531e-05 9.91726e-07 8.47378e-05 0.00104854 7.49609e-06 0.80019 
0.0849579 0.337038 0.0458442 0.00962384 0.00348689 0.00244242 0.00929802 7.8409e-05 8.57654e-05 0.000294611 0.000211025 0.000649657 0.00186361 1.50193e-05 0.504111 
0.0413061 0.209171 0.0493725 0.00970556 0.010917 0.00198707 0.00388811 1.3865e-07 4.29647e-05 9.47806e-05 0.0930399 1.86176e-07 0.000492266 0.000304652 0.579677 
0.0155386 0.0388999 0.094357 0.0335809 0.079113 0.00187026 0.146968 7.41231e-11 3.44084e-07 7.36244e-10 0.001704 0.0054541 0.00094992 2.72847e-11 0.581564 
0.0786851 0.0461032 0.00830023 0.0742233 0.0155825 0.121814 0.0404699 7.26704e-05 0.0595856 0.00427747 0.000133243 0.0669196 0.0098233 0.00733122 0.466679 
0.0837873 0.0668136 0.238908 0.00825931 0.0106594 0.159612 0.0505124 0.0041012 0.00108573 0.00151317 0.00448506 0.00331931 0.000467959 2.64249e-05 0.366449 
0.133738 0.00624378 0.0751943 0.237766 0.0223024 0.0016718 0.0158784 0.00157466 1.60709e-05 4.00799e-06 0.00220581 1.6885e-05 0.00724973 2.12345e-06 0.496136 
0.264252 0.186277 0.0267042 0.00132495 0.00176216 0.000887867 0.00191375 2.6418e-06 9.99731e-08 0.00162876 0.000942672 2.1739e-07 0.137822 1.35811e-06 0.376481 
0.0593209 0.0516692 0.0336427 0.0306151 0.0160559 0.00742063 0.00376434 0.000470746 0.000273214 0.00288841 0.0135693 0.00210134 0.01418 0.000334145 0.763694 
0.0671164 0.0346316 0.159829 0.143762 0.0819984 0.0145265 0.0368336 1.91806e-05 0.000132569 0.00439148 0.00060796 0.052065 0.00429998 0.000630383 0.399156 
0.0869134 0.0413102 0.122831 0.0127713 0.010047 0.001987 0.0185344 5.87484e-05 1.15029e-06 0.0351207 0.000111004 0.00116384 0.00482302 0.00542892 0.658899 
0.0880631 0.321477 0.0398904 0.0625735 0.0248031 0.0130659 0.0389473 9.7648e-08 1.50764e-07 0.00138726 0.000230248 9.22862e-05 0.0019407 0.0229234 0.384605 
0.0268442 0.00201196 0.0831885 0.0569346 0.100917 0.0040448 0.0557872 0.000442803 1.10395e-05 0.000317935 0.000461729 0.00919532 0.0199849 3.00645e-05 0.639828 
0.0644262 0.0877565 0.024657 0.0370527 0.0125605 0.00357873 0.0526167 0.00024615 0.001079 4.26578e-05 0.0107714 0.000375147 0.00594509 0.000526279 0.698366 
0.000757526 0.00126586 0.000131076 3.10142e-08 2.61076e-08 3.46944e-08 0.00019878 1.53016e-07 0.000614487 0.000296773 0.000182293 2.05467e-07 6.87665e-08 9.58091e-05 0.996457 
0.160037 0.0464568 0.184042 0.0471811 0.0492954 0.0278127 0.0522521 0.00333526 0.000277136 0.0196025 0.000497008 0.00117106 0.00521288 0.000105019 0.402722 
0.0874867 0.0805318 0.280166 0.018408 0.0274633 0.0141669 0.0653376 0.0481196 2.56362e-06 0.000122183 0.00555898 0.000719947 0.0090539 8.0967e-05 0.362782 
0.142037 0.00939075 0.101959 0.0970461 0.106285 0.0851111 0.144262 0.0048009 0.000206533 5.55193e-08 1.24542e-06 4.55385e-05 7.37928e-05 1.42024e-05 0.308767 
0.0824419 0.0303353 0.168048 0.0300264 0.00818167 0.0244684 0.171431 8.41678e-13 1.29952e-12 0.0034587 0.000279784 0.00874898 0.00175952 0.0435268 0.427294 
0.203509 0.0104895 0.139905 0.076573 0.0337144 0.134916 0.00613499 0.000124199 2.32104e-06 2.49742e-07 0.00230061 0.0041202 0.0106153 7.39612e-10 0.377595 
0.316043 0.00779872 0.0195126 0.103507 0.0166168 0.00748689 0.161838 0.000908652 0.00107183 9.1622e-05 0.00289038 0.000104302 0.0226991 0.0023156 0.337115 
0.0962784 0.070755 0.226541 0.0364449 0.0727565 0.0290753 0.138522 0.0053051 2.78154e-06 0.0189061 0.000246542 0.000813497 0.0457729 0.00147383 0.257106 
0.0474979 0.00447151 0.00611431 0.0022235 0.00721453 0.00080414 0.0012123 0.000150581 1.18938e-09 2.07482e-10 0.0924715 1.76239e-05 0.0737779 0.000549594 0.763495 
0.0654833 0.00616176 0.00842854 0.00306385 0.00994427 0.00110732 0.00125042 0.000204771 4.7817e-11 8.34146e-12 0.0832333 2.36878e-05 0.06352 0.000755784 0.756823 
0.303381 3.56292e-05 0.0140912 0.000204247 1.98472e-07 3.59223e-07 0.002592 1.47986e-07 2.69867e-07 2.1336e-05 4.57868e-05 2.86368e-06 0.024123 1.46319e-08 0.655501 
0.026036 0.0727996 0.052377 0.0214769 0.0506902 0.0239821 0.00239078 0.000539208 0.00499461 0.000431095 0.0826046 4.74693e-05 7.7927e-05 0.000274137 0.661278 
0.0661298 0.0877086 0.0121502 0.0573371 0.0489654 0.156532 0.0747519 0.00106358 2.28825e-06 5.61604e-07 0.0316865 0.000994828 0.00221094 0.00481545 0.455651 
0.0529963 0.000109179 0.16297 0.208002 0.143473 0.000153279 0.060052 0.000160434 1.86897e-11 3.5141e-07 0.000638022 0.0105071 0.00675086 2.10762e-08 0.354188 
0.119043 0.129227 0.071376 0.0740885 0.0241376 0.0102037 0.0321254 9.83271e-05 0.00831393 2.52567e-05 0.0026054 0.0169045 0.00462407 1.3912e-05 0.507213 
0.0352774 0.00245161 0.0802058 0.0136722 0.00957242 0.0268429 0.337739 0.000634487 5.30426e-10 0.00244797 0.000486768 0.00501167 0.000769368 8.89952e-06 0.484879 
0.231802 0.0557794 0.0820927 0.062157 0.0303496 0.0654611 0.101025 0.000178818 3.50633e-08 0.000692287 0.0352896 0.0011264 0.0100933 0.000498494 0.323454 
0.130865 0.196114 0.129897 0.0468329 0.0190771 0.00478824 0.0705422 0.000692355 0.000142276 9.05855e-05 0.000250084 0.000244247 0.0617693 1.42343e-05 0.338681 
0.234475 0.00418838 0.0949846 0.0434092 0.0525256 0.0446181 0.238618 0.00347091 0.000241519 0.00931444 0.000420237 0.00128485 0.00727064 5.08976e-05 0.265128 
0.429958 0.00279185 0.0238706 0.00912429 0.011077 9.97717e-05 0.00104508 4.58274e-05 2.30842e-09 3.3152e-05 0.00389514 0.000158539 0.00508482 2.37021e-07 0.512816 
0.0370934 0.0621434 0.189778 0.0407944 0.10552 0.026524 0.0404955 7.14008e-07 3.2377e-07 0.000660811 0.000296184 0.000250946 0.00306704 0.000185104 0.49319 
0.128556 0.0152941 0.0689325 0.0146248 0.00963562 0.00449445 0.00447362 0.00090539 9.70819e-05 3.34531e-06 0.0170278 0.000105865 0.0425988 5.40317e-07 0.69325 
0.0356888 0.0428566 0.237281 0.294209 0.0207076 0.00752769 0.0150807 1.66052e-05 8.0562e-05 0.000742097 0.00112174 5.26638e-07 0.0015441 1.63287e-05 0.343127 
0.00227298 0.0200284 8.75616e-07 0.00426718 0.425885 0.101935 0.016609 0.0014275 3.10322e-06 8.73569e-10 2.23227e-06 4.62351e-06 1.45761e-09 0.000108896 0.427455 
0.0760053 0.0137186 0.294048 0.027717 0.0221634 0.0028289 0.115906 0.000444815 3.95257e-05 0.0378546 0.0114644 0.00191464 0.0227482 3.15262e-05 0.373116 
0.203509 0.0104895 0.139905 0.076573 0.0337144 0.134916 0.00613499 0.000124199 2.32104e-06 2.49742e-07 0.00230061 0.0041202 0.0106153 7.39612e-10 0.377595 
0.0575548 0.223991 0.105931 0.121881 0.155721 0.0365517 0.0198664 0.000133631 0.000335966 0.0187452 0.013792 0.000122471 0.00106304 7.84796e-05 0.244232 
0.0550459 0.00928632 0.00535088 0.105008 0.00793485 0.0283387 0.00219295 1.55852e-05 1.82064e-07 0.002592 8.75556e-06 0.000114526 0.00467435 1.33801e-06 0.779436 
0.0345246 0.0298272 0.0874606 0.0434668 0.116348 0.00398051 0.0754634 2.71751e-05 9.71491e-06 0.000121035 5.51553e-05 0.0318054 0.00151195 9.85073e-05 0.5753 
0.0135346 0.0969493 0.0841303 0.0182234 0.0017997 3.55073e-05 0.0128755 0.10918 2.29924e-08 0.000117219 0.00190458 0.000663117 0.0686208 1.39344e-06 0.591964 
0.0772327 4.97746e-05 0.0101961 1.47031e-07 8.52992e-08 1.54389e-07 0.000968706 6.35839e-08 1.15958e-07 3.88921e-08 6.37732e-05 1.23078e-06 0.0105623 6.28145e-09 0.900925 
0.0433883 0.000648193 0.100309 0.00133053 1.15726e-06 0.000156368 0.0153929 2.18536e-08 1.46985e-07 4.36813e-06 1.58401e-05 4.44405e-08 0.0209817 1.69746e-10 0.817772 
0.0736578 0.0215779 0.279179 0.100146 0.0384985 0.0239555 0.14434 4.23223e-05 0.000173949 0.00335334 0.00162867 0.00466258 0.00707828 3.51512e-05 0.301672 
0.266794 0.0286564 0.198857 0.0446521 0.0197316 0.0678945 0.0837333 2.01827e-07 3.1972e-08 0.000311462 5.42638e-05 0.00303524 0.0161774 1.34173e-10 0.270103 
0.311289 0.00195822 0.103018 0.00100107 0.0718643 0.000858982 0.0184996 1.12959e-05 2.10739e-05 0.030238 1.57234e-05 3.08777e-05 0.109764 0.000159415 0.35127 
0.0146659 0.0015415 0.000264892 0.148761 0.015277 0.121905 0.0656084 0.000127584 0.0147661 1.29825e-06 0.000645348 0.0252526 0.000658624 6.32564e-05 0.590462 
0.182263 0.0283555 0.0650089 0.0187568 0.0181872 0.0130289 0.163652 3.90318e-05 9.17649e-07 0.00378369 0.123038 0.0067022 0.188094 8.60426e-05 0.189004 
0.156481 0.0170849 0.242469 0.0106034 0.026747 0.0032117 0.0763563 3.98175e-05 3.89932e-05 0.00195883 0.00081255 0.00224123 0.0217235 9.63231e-05 0.440136 
0.0765545 0.319517 0.0175929 0.0185839 0.0039971 6.33573e-05 0.00740628 7.53132e-07 0.000362309 0.000155969 0.000262681 1.56489e-08 0.00158746 7.70402e-06 0.553908 
0.0337826 0.0292768 0.11562 0.0237791 0.0170996 0.157859 0.173194 0.000304361 3.09572e-05 0.000337651 0.000382113 1.59764e-05 0.00297049 4.85065e-05 0.4453 
0.0123715 0.00554393 0.180053 2.59764e-07 2.46872e-07 0.000459033 0.24624 4.13285e-10 6.38095e-10 1.11313e-10 3.51436e-10 2.22535e-07 5.38814e-07 2.4356e-07 0.555331 
0.0864816 0.124894 0.131237 0.054853 0.0631523 0.018852 0.0348822 0.00939563 0.00135552 0.00284632 0.00600976 0.000423119 0.00560534 0.000115225 0.459897 
0.000480232 0.00623681 0.000203321 0.000279872 0.000959831 9.37766e-07 0.000639298 4.13591e-06 6.38567e-06 1.11395e-06 3.51696e-06 5.55362e-06 5.34159e-05 1.52243e-06 0.991124 
0.0849579 0.337038 0.0458442 0.00962384 0.00348689 0.00244242 0.00929802 7.8409e-05 8.57654e-05 0.000294611 0.000211025 0.000649657 0.00186361 1.50193e-05 0.504111 
0.0520413 0.0133723 0.00213937 0.000487901 0.304614 0.000327817 0.0312632 9.86718e-08 0.000157595 6.6609e-07 0.000505946 6.43606e-08 0.142285 0.00899093 0.443814 
0.230642 0.0319433 0.0224494 0.0170839 0.00664668 0.0204882 0.0428553 0.000126482 1.17345e-09 2.04704e-10 9.87148e-05 1.09961e-06 0.000234084 2.79767e-10 0.627431 
0.0520413 0.0133723 0.00213937 0.000487901 0.304614 0.000327817 0.0312632 9.86718e-08 0.000157595 6.6609e-07 0.000505946 6.43606e-08 0.142285 0.00899093 0.443814 
0.0827694 0.0243952 0.0586625 0.0215396 0.0240049 0.000641815 0.0183033 0.000674789 3.86985e-06 0.000109817 0.0158979 0.000244751 0.00990689 6.29231e-05 0.742782 
0.0812902 0.0214722 0.0501558 0.00961229 0.00619688 0.0104058 0.0123901 0.0157786 9.84318e-06 4.74758e-05 0.0100702 0.00027737 0.00636607 0.000362136 0.775565 
0.177589 0.0243354 0.0726526 0.0243374 0.0177805 0.0951858 0.150264 0.00730002 4.53467e-05 2.71761e-05 0.0010727 1.74013e-05 0.0098062 1.21521e-05 0.419574 
0.142396 0.0885797 0.120817 0.217879 0.0403384 0.0784577 0.0371615 0.000468091 0.011875 0.0165334 0.00411036 0.000426354 0.00692949 0.000106466 0.233921 
0.232656 0.00698511 0.0490514 0.00463731 0.00188495 0.00166891 0.0042545 2.31213e-05 1.84064e-05 3.77409e-05 0.000296251 1.70783e-06 0.141192 2.68095e-05 0.557266 
0.163596 0.161373 0.0876994 0.0424297 0.0436174 0.100283 0.0681379 0.00241953 9.07132e-06 0.000288322 0.00111971 0.00219804 0.0065385 8.94976e-07 0.32029 
0.0531489 0.0337776 0.0926812 0.0571607 0.0873738 0.00578348 0.0245155 0.0009442 0.000512454 0.000838565 0.00559729 0.00146674 0.00280166 0.00153261 0.631865 
0.0202267 0.0709276 0.0166256 0.00653147 0.00422875 0.0334647 0.014625 0.00136207 3.65601e-06 7.96651e-05 0.0863728 8.13886e-05 0.000926648 2.75602e-05 0.744516 
0.0509112 0.100045 0.356915 0.0165619 0.00501735 0.00218152 0.0206126 0.00027471 2.34569e-06 2.51652e-05 0.000102895 5.89313e-07 0.00543734 9.47015e-06 0.441903 
0.0344883 0.033411 0.00177622 0.0237224 0.00176256 0.0450537 0.0103187 1.60362e-05 3.83586e-08 8.78922e-07 0.000977351 0.00204437 0.00124705 9.1452e-09 0.845181 
0.124885 0.0717179 0.000396279 0.00358079 0.00148429 0.00675698 0.000202765 1.6751e-05 1.2002e-06 0.00140687 1.56351e-05 6.58532e-07 0.00037391 1.55476e-05 0.789145 
0.214249 0.0760543 0.107925 0.0182203 0.0131934 0.0208067 0.0529292 0.0220424 5.41746e-07 0.00848415 0.00118196 0.000567613 0.0166702 7.34045e-05 0.447601 
0.106315 0.215541 0.109376 0.109053 0.0474806 0.0276655 0.0849785 1.20624e-06 0.00165393 0.00251903 0.0459519 0.0109409 0.0128146 2.20336e-05 0.225687 
0.0405618 0.134216 0.001389 0.0751305 0.00461534 0.0863315 0.100648 5.11649e-06 4.21207e-06 6.21942e-07 0.00166918 3.81651e-06 0.000427478 0.00429847 0.5507 
0.188012 0.211895 0.116833 0.0359335 0.0206877 0.0258061 0.0299564 0.000406002 0.00101915 0.00257265 1.72392e-05 0.000848299 0.0719723 1.32131e-06 0.294038 
0.222403 0.0846521 0.175699 0.099037 0.0420988 0.0308648 0.0370021 9.21228e-05 6.69677e-07 0.00216233 0.00618044 0.00539528 0.0455149 7.37225e-06 0.248891 
0.0783065 0.264211 0.0776772 0.00925164 0.00670043 0.00804522 0.0408475 0.000488827 6.49052e-05 0.000610385 0.000418898 0.000433158 0.00145192 4.2814e-05 0.51145 
0.167392 0.0197946 0.116702 0.125357 0.0901619 0.0585923 0.125726 0.0118181 5.73691e-08 0.000118293 9.3663e-05 0.00050335 0.00899841 4.08953e-06 0.274739 
0.17167 0.0449551 0.042556 2.92893e-06 4.35335e-06 9.17545e-07 1.05151e-10 8.25696e-10 1.27484e-09 2.2239e-10 7.02128e-10 1.10873e-09 0.0386429 3.03939e-10 0.702168 
0.102733 0.0214044 0.114028 0.027303 0.0302665 0.00246917 0.038904 0.000833615 2.24845e-05 0.00101981 0.00448308 0.00974911 0.0200183 8.21539e-05 0.626683 
0.067849 0.00553708 0.00862247 0.00307198 0.0102486 0.000913088 0.00123746 5.27553e-07 4.64833e-11 8.10879e-12 0.0764443 7.23276e-08 0.0565763 0.000584598 0.768915 
0.00769989 0.0374926 0.0770363 0.099597 0.0144722 0.14894 0.0337863 0.00190447 0.000172801 2.16881e-05 0.000993364 0.00312344 0.00833178 0.000245775 0.566182 
0.17053 0.000863871 0.127358 0.109592 0.0121141 0.0716661 0.139446 0.00272718 3.27779e-08 0.0018392 0.00116916 5.28327e-11 0.024685 6.40062e-05 0.337946 
0.269571 0.0351465 0.0570163 0.00468905 0.00156496 0.00231274 0.00807947 5.94899e-05 3.72471e-05 3.01982e-05 0.000237028 0.000292469 0.125628 5.34379e-05 0.495282 
0.0520413 0.0133723 0.00213937 0.000487901 0.304614 0.000327817 0.0312632 9.86718e-08 0.000157595 6.6609e-07 0.000505946 6.43606e-08 0.142285 0.00899093 0.443814 
0.180828 0.189144 0.10519 0.114714 0.00950092 0.00311936 0.0261746 1.76091e-05 7.87966e-05 1.18939e-07 0.0016255 0.00458047 0.0308057 6.94031e-06 0.334213 
0.0508876 0.179696 0.0685179 0.127946 0.0941552 0.045635 0.0274269 0.000182189 3.89735e-09 7.95471e-05 0.000663261 0.000457626 0.0100822 0.0126302 0.381639 
0.023477 0.0406922 0.0743861 0.0734847 0.122913 0.133552 0.0401019 0.00153536 0.00241634 0.000116634 1.04829e-05 0.00709851 1.35622e-05 4.15307e-05 0.480161 
0.103999 0.0501622 0.106852 0.0222631 0.0395708 0.00261435 0.0275258 0.000102068 9.04952e-07 0.000164276 0.000966037 0.0040147 0.00481675 1.30667e-05 0.636935 
0.0765545 0.319517 0.0175929 0.0185839 0.0039971 6.33573e-05 0.00740628 7.53132e-07 0.000362309 0.000155969 0.000262681 1.56489e-08 0.00158746 7.70402e-06 0.553908 
0.0509112 0.100045 0.356915 0.0165619 0.00501735 0.00218152 0.0206126 0.00027471 2.34569e-06 2.51652e-05 0.000102895 5.89313e-07 0.00543734 9.47015e-06 0.441903 
0.188646 0.0105005 0.00220054 0.00221532 0.00308237 0.0356889 0.0140879 0.000180904 0.000366643 0.000256342 2.12404e-06 9.59097e-05 0.00110235 3.00659e-07 0.741574 
0.00448156 0.0285405 0.285281 0.266302 0.0129359 0.00774115 3.52791e-06 5.08329e-09 1.63049e-06 1.95252e-06 1.6201e-06 6.82574e-09 6.12992e-06 1.87116e-09 0.394702 
0.247993 0.162645 0.013572 0.00457949 0.00495578 0.00393762 0.00998324 0.000135728 2.47512e-06 0.0178659 0.00609503 0.000217235 0.0287131 7.696e-06 0.499296 
0.158299 0.0398128 0.102068 0.0434251 0.0444633 0.0141207 0.0288614 0.000436704 7.97081e-05 0.0097142 0.00111298 0.000262386 0.00681327 3.18778e-05 0.5505 
0.231549 0.0077147 0.152143 0.0423892 0.0562915 0.00431441 0.111036 0.0019042 1.3677e-07 0.0255995 0.000132574 0.00590042 0.00781886 1.23945e-05 0.353194 
0.247716 0.0349021 0.035068 0.0113366 0.00125822 0.00153759 0.0748315 0.000214422 1.09509e-06 0.0120527 0.00149442 0.0124986 0.0466352 2.43611e-05 0.520429 
0.0583244 0.00929313 0.259009 0.110473 0.0755563 0.0594139 0.0530875 0.000489703 3.8349e-08 3.47063e-05 0.000700369 0.00139814 0.00240621 4.02373e-06 0.36981 
0.090357 0.0405554 0.113042 0.0920035 0.0591022 0.0364271 0.0215825 0.000747157 3.62118e-06 0.00023553 0.0123977 6.2322e-06 0.0131578 0.0290252 0.491357 
0.0511878 0.00534722 0.042061 0.0661504 0.0304842 0.000515602 0.00677338 9.22583e-06 2.23692e-05 0.000146986 0.00144789 0.00272955 0.00151869 2.6449e-05 0.791579 
0.168952 0.112071 0.132137 0.0762424 0.0241783 0.00428797 0.0941019 0.000316832 1.7656e-08 0.00160445 0.000377972 0.0398073 0.00518642 7.43443e-06 0.340729 
0.0453047 0.223481 0.112925 0.0870908 0.034652 0.00968414 0.00792673 7.50783e-06 9.47056e-05 0.0152073 0.00617891 0.000226581 0.0020179 0.000186732 0.455016 
0.0641594 0.0499297 0.141795 0.03094 0.031713 0.0634285 0.0553917 0.00893826 0.000108799 0.0050593 0.0031896 0.0847788 0.00168735 0.00023444 0.458646 
0.164429 0.0391526 0.152771 0.0165557 0.0214707 0.000855768 0.0197526 0.00127915 1.91163e-05 0.00376731 0.00588752 0.000406813 0.0815468 0.000137513 0.491968 
0.0146659 0.0015415 0.000264892 0.148761 0.015277 0.121905 0.0656084 0.000127584 0.0147661 1.29825e-06 0.000645348 0.0252526 0.000658624 6.32564e-05 0.590462 
0.217197 0.21365 0.0412848 0.0516711 0.0172483 0.00422186 0.0911969 1.87863e-05 0.0476495 0.00430033 0.0322252 4.56054e-06 0.0039282 0.00628358 0.26912 
0.260561 0.0249191 0.0788346 0.0298404 0.0160491 0.00616173 0.0347616 0.00191628 2.60311e-06 0.0206812 0.00340245 0.0127065 0.0883338 5.69187e-05 0.421773 
0.117366 0.0357604 0.0357035 0.122014 0.0564455 0.0165558 0.098881 0.000373502 0.00959249 0.000384511 0.00110088 0.00229888 0.0441415 0.00141482 0.457967 
0.129116 0.081706 0.203874 0.0327351 0.134996 0.10232 0.0263027 3.17365e-07 1.00204e-06 0.00706173 6.29174e-07 9.62351e-05 0.0584367 3.44241e-07 0.223353 
0.00114258 0.217172 0.0281609 0.00874014 0.0139888 0.229422 0.0429391 6.65285e-05 0.000102718 2.17559e-05 5.65138e-05 0.00289799 0.000718428 5.46574e-07 0.45457 
