0.0462501 0.021765 0.468289 0.0158514 0.266206 0.0156854 0.086846 0.0445507 6.5497e-05 0.0109453 0.00848157 0.00271591 0.00552328 0.0035697 0.00325607 
0.0586156 0.111528 0.46305 0.0626268 0.193858 0.0171255 0.0538234 0.00139957 3.53211e-05 0.0015975 0.0178734 0.00129928 0.00685734 0.00268782 0.00762232 
0.0222823 0.162419 0.399243 0.0171844 0.0670763 0.00518722 0.313595 0.000723876 3.36007e-07 0.00012396 0.000614767 0.00390367 0.00381106 8.23488e-05 0.00375296 
0.0383439 0.000635198 0.395616 0.351872 0.0390394 0.01068 0.133653 2.23584e-08 3.85855e-11 0.0163416 0.000194683 1.78272e-05 0.0027733 3.41149e-09 0.0108335 
0.127284 0.0575597 0.213739 0.119253 0.204107 0.00876283 0.0791902 0.0022153 3.00004e-05 0.0295431 0.122254 0.000275486 0.00649687 0.0159552 0.013334 
0.02937 0.110742 0.735766 0.00888982 0.025554 0.0083915 0.0155894 9.75929e-05 7.04499e-05 0.0117622 0.00020137 2.49305e-05 0.0440993 3.08579e-05 0.00941109 
0.0686641 0.0311061 0.341884 0.0446449 0.050112 0.0519106 0.315693 0.0178868 0.000545026 0.0231025 0.00444298 0.00446253 0.01169 0.000632786 0.0332224 
0.105229 0.0229333 0.478214 0.0302942 0.00359998 0.0294623 0.248429 0.000760755 4.95376e-09 0.0001851 0.000230421 0.000288323 0.0128556 2.10723e-05 0.0674967 
0.107715 0.0598271 0.564079 0.00986859 0.152026 0.015807 0.0294326 0.00105317 8.95501e-06 0.0333548 0.00104613 5.93776e-05 0.00644336 3.65718e-05 0.0192424 
0.163775 0.00220344 0.318305 0.0540784 0.00456493 0.00810145 0.268729 1.71225e-10 2.64364e-10 0.028804 0.000819221 0.00151671 0.0995906 6.30278e-11 0.0495117 
0.0218684 0.0866348 0.496071 0.0744487 0.218747 0.0468196 0.00994388 0.0345831 6.48597e-06 0.00083238 0.000506761 1.58398e-05 0.00379342 0.000121297 0.00560774 
0.104591 0.026378 0.338511 0.0714116 0.0204217 0.0582688 0.338302 0.000734977 5.8481e-06 0.0112492 0.0046956 0.000772795 0.00694059 0.000519424 0.0171979 
0.0313711 0.0816383 0.271113 0.0681986 0.126533 0.0814014 0.26543 0.00375072 3.56156e-10 0.0594329 0.0014114 5.28104e-05 0.00723565 0.000308349 0.00212272 
0.0236861 0.0095577 0.883309 0.0041665 0.0103218 0.00286692 0.0320489 0.000153719 1.70062e-08 0.0200858 0.000120001 0.000141933 0.00980147 1.04712e-05 0.00372954 
0.105197 0.214679 0.455274 0.00643135 0.0329734 0.0524904 0.0624442 0.00572658 0.00615474 0.0133718 0.00217847 0.0004861 0.00316302 0.0251629 0.0142669 
0.0537979 0.0427467 0.523992 0.136149 0.0414001 0.0342668 0.0971225 0.0160562 0.000805361 0.000524286 0.00843482 0.0212738 0.00470921 0.00232938 0.0163918 
0.116653 0.232263 0.38108 0.0124236 0.0241862 0.0145702 0.0705956 3.57838e-05 1.26861e-07 0.00146497 0.0034822 0.00695808 0.0418318 0.000165264 0.0942905 
0.0663852 0.0320765 0.321511 0.233278 0.033831 0.0833561 0.161349 0.000334679 2.24155e-05 0.0234299 0.00468021 0.00957573 0.00360728 4.34204e-05 0.02652 
0.0667682 0.188254 0.512699 0.0361609 0.0238822 0.043051 0.0738354 0.000300585 9.86674e-06 0.00999957 0.00200265 0.000657359 0.015263 0.000308428 0.0268076 
0.0846741 0.0289087 0.330301 0.0434382 0.0437921 0.0366912 0.32245 0.00116301 0.000158556 0.0183971 0.00181604 0.0018995 0.0196601 0.00813345 0.0585174 
0.0174334 0.00405816 0.431089 0.0714263 0.213457 0.0517576 0.19065 0.000105435 0.000133652 0.00049417 8.85243e-07 0.00043343 0.000524767 0.0166345 0.00180066 
0.0805608 0.0971618 0.442202 0.0536774 0.0471186 0.0388516 0.179432 0.00083518 0.00127945 0.0107813 0.00764313 0.000928293 0.0195812 0.00476081 0.0151869 
0.0440065 0.0502285 0.521387 0.0287113 0.118127 0.0552605 0.150339 0.0159742 5.22022e-05 0.00656097 0.00305754 0.000722739 0.00129131 0.000711345 0.00356999 
0.0318111 0.0409998 0.428624 0.0147165 0.0291741 0.0254518 0.331443 0.0334198 3.62386e-06 0.0164316 0.00157496 0.00181084 0.00349046 0.0150424 0.0260059 
0.0038263 0.0155129 0.473502 0.00106506 0.00783647 0.0387982 0.173131 0.281871 1.25017e-08 0.00168848 0.000328482 2.2539e-05 0.00218057 3.36006e-05 0.000203212 
0.0502729 0.00840184 0.381008 0.125205 0.28146 0.015344 0.0903308 0.00435885 0.000382297 0.0067958 0.00342444 0.00163725 0.0125589 0.00179934 0.0170211 
0.0439883 0.0432394 0.420168 0.201735 0.0342944 0.0938812 0.0919194 0.00030879 1.6052e-06 0.0069303 0.000958536 0.00778424 0.013492 0.00489253 0.0364072 
0.036526 0.0622588 0.651542 0.0158496 0.0656112 0.0258516 0.0984348 0.0184308 0.000340592 0.0113112 0.000645877 0.000376012 0.00515211 0.00123628 0.00643265 
0.0210456 0.0295726 0.480753 0.0790389 0.0646869 0.0131347 0.229506 0.00177595 1.01913e-11 0.0392129 0.0110975 0.00130805 0.0178152 0.00540122 0.00565135 
0.0565978 0.0159073 0.672945 0.0208481 0.175841 0.00485759 0.0245309 0.000517135 0.000150803 0.00846083 0.000248693 0.000209989 0.00732296 0.00134483 0.0102167 
0.0811716 0.0343426 0.700974 0.0168532 0.0795368 0.013565 0.043468 0.00283681 0.000172562 0.00854016 0.00306798 6.81475e-05 0.00363664 5.72347e-05 0.0117095 
0.00979677 0.0021205 0.642171 0.14237 0.153522 0.0371294 0.00371433 2.53187e-05 2.75883e-11 6.62012e-05 2.31977e-05 0.000161494 9.79655e-05 0.00394297 0.00485844 
0.0491387 0.0208466 0.328392 0.212868 0.0507514 0.108144 0.166171 0.0046082 0.000190066 0.0151327 0.00330521 0.000295838 0.0148828 0.00481804 0.0204553 
0.0316147 0.065542 0.71057 0.0210617 0.0172043 0.00761163 0.118791 0.000515442 0.000296008 0.00820799 0.00324871 2.40645e-05 0.00882231 0.000123546 0.00636673 
0.0654401 0.206976 0.387289 0.0264918 0.0402854 0.0439474 0.167879 0.0239326 7.24666e-06 0.00883517 0.0225201 0.00153017 0.00244204 0.000100816 0.00232301 
0.045064 0.0578591 0.254124 0.173651 0.0818368 0.144262 0.178881 0.00560251 9.07863e-05 0.0137571 0.0138638 0.00276304 0.00773 0.00596944 0.0145461 
0.00394195 0.0188537 0.688166 0.251579 0.00733787 0.00560635 0.00142452 0.0067952 3.7417e-07 0.00138907 0.000390035 7.11157e-05 0.0134805 6.75486e-05 0.000896993 
0.061575 0.0508003 0.408014 0.0831051 0.151272 0.0567641 0.118166 0.000389159 0.00951007 0.00490565 0.000812755 0.00165752 0.00490831 0.00612455 0.0419951 
0.0260776 0.0132487 0.642936 0.0433268 0.207933 0.00477068 0.0410596 0.000531298 1.07391e-05 0.00872655 0.000771577 0.00163174 0.00271137 0.00146789 0.00479594 
0.0102774 0.0344423 0.554859 0.0207436 0.15001 0.0154396 0.136395 0.00629162 1.88632e-06 0.018386 0.00345714 0.0286965 0.000975695 0.0195553 0.000468101 
0.165591 0.0564303 0.218547 0.00591868 0.00133798 0.151423 0.179589 0.00617641 1.22599e-10 0.112404 0.00154306 0.000272239 0.0900936 4.84365e-05 0.0106249 
0.146201 0.0627356 0.518234 0.0311302 0.0132326 0.00055775 0.215949 4.94506e-07 2.11439e-07 2.05137e-08 8.67818e-11 5.44855e-07 0.00441748 1.70361e-07 0.00754105 
0.0157818 0.0246887 0.774405 0.0511095 0.0227227 0.0197835 0.0257459 0.0521762 2.16184e-08 0.00216659 0.000382501 2.5554e-05 0.00508056 1.67812e-05 0.00591493 
0.0101799 0.0447627 0.6395 0.00997681 0.194584 0.0041551 0.0728082 0.0041444 0.000113966 0.005468 0.00368855 0.0017714 0.00392297 0.0035053 0.00141797 
0.0608523 0.0365748 0.451649 0.0345159 0.0626988 0.0282978 0.271669 0.000158818 0.000423009 0.00686979 0.000284041 0.0233567 0.00414249 5.52173e-05 0.0184522 
0.0341521 0.0402282 0.361913 0.246404 0.125663 0.0414736 0.093085 0.00255145 0.000487896 0.0134201 0.00563512 0.00278178 0.0094381 0.00378774 0.0189788 
0.0368699 0.0249906 0.583398 0.0582011 0.125928 0.0340972 0.0904923 0.00180556 0.000927122 0.00969078 0.00335335 0.00131545 0.0104522 0.00508631 0.0133925 
0.113453 0.0758101 0.486478 0.0391297 0.203182 0.00290889 0.00538672 0.0062521 8.93116e-05 0.0290175 0.00160346 0.00205625 0.0303058 1.44042e-05 0.004313 
0.0711206 0.0337599 0.326457 0.0965822 0.0833603 0.0242372 0.161388 0.00347247 0.00147577 0.00979778 0.0190739 0.00491678 0.00919244 0.0655742 0.0895925 
0.00144491 1.11054e-06 0.418161 0.0891773 0.0264326 0.0300962 0.406259 1.10985e-06 1.10939e-06 1.11048e-06 1.10999e-06 0.007768 0.0129919 1.1104e-06 0.00766268 
0.0419964 0.0128119 0.464573 0.208373 0.23935 0.00551645 0.023937 1.97769e-06 6.61722e-07 0.00053681 0.000149879 6.23632e-05 0.000310551 2.90706e-06 0.00237656 
0.046568 0.130762 0.431713 0.0363379 0.0503876 0.0584258 0.127946 0.00250029 0.000242648 0.006416 0.0770994 0.00151749 0.00506993 0.00052899 0.0244836 
0.0237499 0.00557135 0.493215 0.0102928 0.0159384 0.0110441 0.417408 0.000362325 1.04369e-07 1.50473e-05 0.000695753 6.39579e-05 0.016554 5.07104e-05 0.00503757 
0.017493 0.00057692 0.432284 0.037781 0.0178026 0.128349 0.330717 0.0145962 1.57074e-09 0.0130575 0.0007825 0.000239327 0.0032351 3.58524e-05 0.00304953 
0.0576773 0.00205398 0.702605 0.0186112 0.0115271 0.0392076 0.133533 6.8856e-06 3.43123e-11 0.0133966 9.10032e-05 1.0704e-05 0.00711782 3.77391e-06 0.0141585 
0.0188043 0.00873161 0.763508 0.0158955 0.0362915 0.0184689 0.114434 0.00160942 0.000278478 0.00776323 0.000809339 0.000163835 0.00595356 6.83649e-05 0.00721996 
0.0588072 0.0281658 0.479066 0.10853 0.0502028 0.0421886 0.165295 0.00909333 0.00102871 0.00735231 0.00859437 0.0109339 0.00940548 0.00122441 0.0201124 
0.00969776 0.0103049 0.491022 0.123944 0.248289 0.0680847 0.0401914 0.000646458 0.000965079 0.000374225 1.32072e-05 4.18948e-05 0.000150226 1.19177e-05 0.00626324 
0.0582363 0.0744974 0.406168 0.067371 0.0158178 0.0453954 0.31076 0.000252007 8.0337e-06 3.43338e-05 0.000139732 0.00075811 0.00379152 1.67331e-05 0.0167537 
0.0291167 0.0838574 0.512282 0.0827257 0.0654418 0.136375 0.0702842 0.000236834 1.0699e-05 0.00104256 0.000120812 0.00785109 0.00370784 0.000108628 0.00683881 
0.0909201 0.0620569 0.63385 0.0591911 0.0303222 0.0149624 0.0461099 0.000184673 1.95248e-05 0.0325326 0.000914376 0.00404526 0.00528932 0.00928346 0.0103187 
0.0268848 0.0345632 0.732476 0.0250974 0.0579511 0.0399179 0.0624626 0.00290613 8.14535e-08 0.000462376 0.00384352 5.24111e-05 0.000794726 1.07538e-05 0.012577 
0.0549559 0.0263133 0.336519 0.108767 0.15754 0.124048 0.148845 0.0034736 0.00182312 0.0171675 0.00737025 0.00181873 0.00329685 0.00139937 0.00666258 
0.212085 0.0377563 0.32376 0.0524452 0.020679 0.0408446 0.18144 0.000729485 0.000156028 0.0377173 0.000154794 0.000114201 0.0172832 3.50305e-05 0.0747995 
0.0374327 0.0158314 0.282481 0.16821 0.257787 0.121426 0.0892858 0.00482644 0.00107165 0.00301342 0.00217248 0.00146681 0.00565743 0.00117224 0.00816543 
0.0397673 0.144585 0.16719 0.0283922 0.159504 0.00963871 0.140089 0.00324845 0.0116343 0.000395211 0.00307882 0.00349151 0.0324665 0.0999304 0.156588 
0.106798 0.0468909 0.369848 0.00232326 0.0253995 0.221148 0.100401 0.0963886 9.79202e-06 0.0097235 0.000419106 1.62096e-06 0.0114652 6.05004e-05 0.00912398 
0.0607497 0.231341 0.410468 0.110292 0.0177772 0.0047063 0.139314 2.17929e-05 0.000313482 0.0155586 0.00196255 1.17517e-06 0.00193973 3.44515e-05 0.00551968 
0.0307809 0.283375 0.291924 0.100999 0.0468708 0.0203885 0.127471 0.00171742 0.000308399 0.0129147 0.00236967 0.0239689 0.0389894 1.32978e-05 0.017909 
0.100009 0.00530396 0.502627 0.0182777 0.0969304 0.0381652 0.195862 4.88713e-05 0.0260319 0.000462359 0.0110233 5.07985e-05 0.00284546 7.37252e-05 0.00228843 
0.081179 0.0327141 0.699029 0.0122737 0.0277535 0.00539845 0.115095 0.000770982 2.05467e-08 0.0149254 0.00229467 0.000233861 0.00450938 6.71842e-06 0.0038163 
0.00332837 0.0133179 0.559828 0.157733 0.0792134 0.181883 0.00400839 8.95127e-08 9.14068e-11 1.59455e-11 1.24253e-06 0.000143111 4.74373e-08 2.02522e-08 0.000544557 
0.187848 0.108882 0.193812 0.090548 0.0783132 0.0956553 0.168801 0.000353227 2.10865e-05 0.000373659 0.0017733 0.00179575 0.0158975 1.51105e-05 0.0559104 
0.0673194 0.0259506 0.332862 0.0914721 0.0777602 0.301638 0.0677766 0.00538326 0.000177158 0.01527 0.00511137 0.000218045 0.00749716 0.00022689 0.00133704 
0.0418457 0.0159902 0.685408 0.00725244 0.0814773 0.0410856 0.108581 0.00238579 0.000187786 5.60156e-07 1.72912e-08 6.62406e-08 0.0107022 5.1946e-05 0.00503187 
0.0285434 0.0483168 0.778847 0.00678874 0.0628739 0.00225487 0.0061756 1.59743e-05 1.4203e-10 0.000458162 0.00023928 0.000128901 0.00308679 0.00058892 0.0616818 
0.032863 0.0670538 0.537469 0.190135 0.0985957 0.0113587 0.022778 1.64558e-07 0.000161928 0.021121 0.00773383 1.24568e-08 0.00160934 0.0011477 0.00797274 
0.0587287 0.00245071 0.437092 0.112582 0.113162 0.0542342 0.203629 0.000253568 0.00152091 0.00108839 0.000241566 2.89026e-05 0.00564421 0.00536789 0.00397641 
0.0248743 0.19737 0.614501 0.0169635 0.108781 0.0051952 0.0150877 0.00190066 2.96672e-05 0.00668724 0.00104592 0.000171932 0.00472631 3.76553e-05 0.0026273 
0.0549186 0.0939985 0.481347 0.0300305 0.0182132 0.106927 0.147311 0.0029077 3.40574e-06 0.0238958 0.00267583 0.000892487 0.0138687 0.0159976 0.00701215 
0.21966 0.112298 0.299919 0.0231882 0.169393 0.067623 0.0101164 0.00321043 0.0770409 4.85654e-08 4.71706e-07 4.0318e-10 0.0133248 3.28857e-06 0.00422133 
0.0337615 0.0101183 0.764969 0.0620235 0.00588375 0.00521625 0.0617104 6.70012e-12 1.03447e-11 0.0381357 0.000784396 0.000355495 0.0132341 4.534e-06 0.0038035 
0.0467852 0.05704 0.316951 0.187412 0.00705969 0.0614098 0.247799 0.00283978 3.40773e-06 0.00270723 0.000391308 0.000131159 0.0538244 1.71154e-06 0.0156449 
0.0789216 0.155675 0.310227 0.0754389 0.0621727 0.0961683 0.178929 0.000907338 5.26742e-11 0.00165078 0.000934744 0.00766089 0.00522046 5.13219e-05 0.0260422 
0.046568 0.130762 0.431713 0.0363379 0.0503876 0.0584258 0.127946 0.00250029 0.000242648 0.006416 0.0770994 0.00151749 0.00506993 0.00052899 0.0244836 
0.0403109 0.00722699 0.810743 0.0951852 0.0228769 0.00448164 0.00908166 6.09378e-06 2.60584e-05 0.000602773 6.29496e-08 5.26238e-05 0.00480659 6.87241e-07 0.00459911 
0.00144491 1.11054e-06 0.418161 0.0891773 0.0264326 0.0300962 0.406259 1.10985e-06 1.10939e-06 1.11048e-06 1.10999e-06 0.007768 0.0129919 1.1104e-06 0.00766268 
0.0387414 0.149194 0.506205 0.109939 0.0518755 0.000957903 0.105121 1.74549e-09 3.6673e-07 6.18594e-07 9.4906e-05 0.00843293 0.00270239 5.04521e-05 0.026685 
0.0236861 0.0095577 0.883309 0.0041665 0.0103218 0.00286692 0.0320489 0.000153719 1.70062e-08 0.0200858 0.000120001 0.000141933 0.00980147 1.04712e-05 0.00372954 
0.0607123 0.029541 0.452303 0.122279 0.0538966 0.0248869 0.214139 0.00763649 2.67756e-05 0.0100854 0.000528597 0.000402325 0.01163 0.000125962 0.0118071 
0.0296735 0.020231 0.373121 0.0906104 0.141793 0.0378482 0.269076 0.00139549 0.00444763 0.00986961 0.00515718 0.00562743 0.00436825 0.00248118 0.00429973 
0.00790865 0.0789334 0.758968 0.00044977 0.0208637 0.000234341 0.126517 2.84586e-06 9.3274e-07 7.21631e-05 5.5647e-05 2.14714e-07 0.00551321 8.95772e-06 0.000471602 
0.0216354 0.0107808 0.39388 0.0179416 0.31713 0.0605026 0.0741248 0.000227906 1.9631e-09 0.0888085 0.000144925 2.99287e-05 0.0037097 6.15925e-05 0.0110224 
0.0219145 0.0550338 0.594784 0.0375307 0.175513 0.0142344 0.0579139 0.0217934 0.00439219 0.00704252 0.000536495 0.000648438 0.0029786 0.000293386 0.00539113 
0.0720002 0.120381 0.332595 0.213205 0.0791166 0.0157585 0.0778391 0.00115525 0.000366891 0.00681931 0.00104368 0.0102495 0.0135231 0.00205689 0.0538895 
0.0318546 0.0264151 0.888688 0.00092761 0.00499416 0.0033979 0.0270899 0.00570132 9.6275e-05 0.00698761 2.2934e-05 7.43828e-06 0.0014889 2.52308e-05 0.00230312 
0.0307861 0.237979 0.485601 0.0168865 0.105927 0.00545718 0.0508759 0.00188522 2.92154e-08 0.0298584 0.0043964 9.3533e-05 0.00961714 0.00555893 0.0150769 
0.0295545 0.0204773 0.285886 0.122601 0.234343 0.021778 0.220182 6.93587e-06 5.55209e-05 1.13124e-06 0.000357658 0.00217918 0.00933657 1.48783e-05 0.0532268 
0.0169879 0.0962242 0.539782 0.0169944 0.0769262 0.0480862 0.196878 3.73164e-06 0.000490832 0.000331114 0.000859334 7.04051e-05 0.00369482 7.41198e-06 0.00266374 
0.0418722 0.0172638 0.335561 0.118078 0.217459 0.0661473 0.150116 0.00625823 0.000123076 0.00240536 0.00146322 0.000603256 0.00247241 3.27015e-05 0.0401451 
0.282175 0.0962241 0.282333 0.0671195 0.090785 0.014464 0.0955405 1.18889e-05 1.12535e-10 0.0327028 0.0062538 0.000233652 0.00201792 0.000184532 0.0299542 
0.0187722 0.0322981 0.25442 0.0959129 0.140779 0.250646 0.166508 0.0110112 0.000105663 0.00870863 0.000294315 0.000191246 0.00379395 0.000156184 0.0164022 
0.0412874 0.0291656 0.566663 0.0303051 0.0154797 0.00928851 0.134225 0.000140207 2.03067e-08 0.129735 0.00272977 0.00470863 0.0122302 0.000112722 0.0239288 
0.0413433 0.0105629 0.63728 0.0553748 0.0130842 0.00991611 0.187226 3.30833e-06 2.36109e-08 0.0356064 1.17792e-05 8.63945e-05 0.00741471 4.75263e-07 0.00208965 
0.0108239 0.00692386 0.795186 0.00588321 0.00068292 0.000410577 0.173722 3.88521e-06 7.30569e-09 0.000242728 0.000127501 0.000193884 0.000677206 2.21968e-05 0.00510058 
0.0574691 0.110684 0.547873 0.0121855 0.0281203 0.000636893 0.0221108 5.61311e-08 0.000733786 0.000239201 0.000321828 6.39626e-07 0.208816 4.40075e-05 0.0107647 
0.0438336 0.0335121 0.81956 0.0276083 0.0358147 0.000317052 0.0274301 6.20606e-11 2.85807e-08 0.000175657 4.3568e-05 5.19813e-05 0.0034753 4.20243e-06 0.0081731 
0.0510403 0.0924717 0.345309 0.158801 0.240825 0.0455275 0.0322222 0.010331 0.000460571 0.0100135 0.00185845 0.00106552 0.00328513 0.00098974 0.00579952 
0.0189637 0.251568 0.440652 0.0465692 0.101852 0.0208757 0.0964855 3.95244e-07 0.000143927 3.01868e-05 0.00293364 0.000173966 0.00420134 0.000722708 0.0148277 
0.0415348 0.0374543 0.670228 0.0340077 0.0119857 0.00417848 0.138525 0.000494464 0.000767385 0.00178892 0.00382566 1.35251e-05 0.0297426 0.000149242 0.0253037 
0.0391476 0.0299986 0.314417 0.14917 0.248991 0.0696462 0.0610768 0.0285379 0.00126504 0.0093932 0.000760967 0.018279 0.00906665 0.012095 0.00815511 
0.0438921 0.0473791 0.578165 0.058841 0.117247 0.0243614 0.0752242 0.00210317 1.96442e-05 0.0113569 0.000658567 0.000182976 0.00382504 0.00230403 0.0344397 
0.00899725 0.00029379 0.583538 0.0400938 0.00320299 0.00430169 0.354436 3.67031e-05 5.14387e-09 0.000161819 6.44102e-05 0.000170362 0.000712929 1.39628e-06 0.00398883 
0.0811762 0.000889581 0.337485 0.0915169 0.0281919 0.0160792 0.315549 3.02154e-05 8.96085e-11 0.0231406 8.73594e-05 0.00330747 0.0770884 0.000209125 0.0252491 
0.0591759 0.0400328 0.392353 0.0255342 0.0265003 0.0171523 0.358662 0.00223217 1.28598e-05 0.0593561 0.00156069 0.00293986 0.00752905 6.81449e-05 0.00689062 
0.229337 0.0428367 0.327659 0.0536473 0.0623687 0.0848165 0.0879459 0.00131003 2.52507e-05 0.0249154 0.0175818 0.00498124 0.00775625 0.00542931 0.0493897 
0.0318546 0.0264151 0.888688 0.00092761 0.00499416 0.0033979 0.0270899 0.00570132 9.6275e-05 0.00698761 2.2934e-05 7.43828e-06 0.0014889 2.52308e-05 0.00230312 
0.0310127 0.238889 0.498645 0.00450617 0.0863952 0.00587016 0.0105867 0.00292183 2.95505e-09 0.0872797 0.00245371 3.41256e-05 0.0274886 0.000230131 0.00368749 
0.0277023 0.0477953 0.604116 0.151614 0.097926 0.0240273 0.0111755 4.40687e-05 3.41713e-05 0.00391817 0.00558483 0.0134704 0.00906712 3.52253e-05 0.00348955 
0.0518326 0.215367 0.315666 0.189633 0.0827663 0.0262219 0.0629829 0.00661314 0.000234074 0.00541984 0.0026072 0.000770171 0.00742485 0.00458191 0.0278793 
0.00925973 0.130585 0.436865 0.0152393 0.273804 0.0537659 0.064751 0.00503995 0.000590225 0.00200611 0.000967172 0.000594505 0.00115202 0.00252228 0.00285825 
0.0761475 0.11942 0.424701 0.126489 0.0527072 0.0610089 0.0932589 0.000641037 0.00382371 0.0127705 0.00129853 0.00142867 0.00596545 6.63769e-05 0.0202724 
0.0355848 0.0125948 0.349518 0.0718656 0.182191 0.0674596 0.247182 0.00493857 3.4723e-05 0.00467988 0.00580491 0.00125996 0.00929436 0.00505099 0.00254088 
0.0016126 0.0326546 0.88923 0.00883153 0.014076 0.00964784 0.0396623 0.00118896 1.30494e-08 0.00137018 4.47094e-06 3.61523e-05 0.000103998 9.6685e-06 0.00157206 
0.138778 0.104115 0.476719 0.0371484 0.0296759 0.0324427 0.0723612 0.0331385 2.0994e-08 0.000589747 0.00458252 0.046631 0.0176467 1.16231e-05 0.00615928 
0.0664958 0.0553746 0.424475 0.135787 0.0866239 0.0633233 0.106917 0.0060947 0.000471695 0.0112577 0.00391353 0.00381658 0.00655224 0.00302058 0.025876 
0.00188636 0.00313214 0.9709 0.000110981 0.0010185 0.00265285 0.00062675 0.0175703 1.33052e-05 0.00016927 4.31538e-05 2.71399e-05 0.00177469 4.66346e-05 2.82073e-05 
0.0233358 0.00963382 0.497551 0.0333651 0.355096 0.00902288 0.0148773 0.0204311 6.87697e-06 0.0233466 0.00161225 0.00239688 0.00330628 5.24497e-05 0.00596514 
0.0292292 0.0222576 0.382822 0.0579752 0.0554502 0.0852675 0.293573 0.0209325 7.2464e-05 0.0166168 0.00352754 0.00711532 0.0104615 0.00088537 0.0138136 
0.191071 0.194251 0.29447 0.00564001 0.0517843 0.00484591 0.057575 0.0204743 0.0776138 0.00453102 0.0169797 0.0012227 0.0455013 0.0324371 0.0016037 
0.233675 0.0163264 0.435786 0.0640895 0.0459978 0.110191 0.050797 0.019911 4.38674e-05 0.0105137 0.000778468 4.78887e-05 0.00435984 0.000118598 0.00736312 
0.05145 0.0558395 0.246437 0.0499505 0.165119 0.0319088 0.179895 0.000199848 0.000106971 0.0245477 0.0186644 0.000434992 0.0113279 0.003363 0.160755 
0.0588924 0.0398464 0.69617 0.0499253 0.0558446 0.0093139 0.0463485 0.000173054 1.67982e-08 0.00296445 0.00139884 0.000235354 0.00869995 0.0119313 0.0182562 
0.250534 0.163371 0.329422 0.0102477 0.0793958 0.0114691 0.059552 0.00191711 3.91722e-08 0.000173597 0.00171291 0.000887593 0.0353057 0.00811758 0.0478938 
0.0644412 0.159458 0.267484 0.0247355 0.0743132 0.0149048 0.225153 0.000654022 5.91138e-05 0.0123849 0.120533 0.000988619 0.0139742 0.00186907 0.0190481 
0.0777112 0.0269268 0.488392 0.116928 0.0265893 0.153591 0.0733578 8.00384e-06 4.00168e-08 7.54432e-05 0.000166542 0.000496078 0.00194512 0.00138094 0.0324327 
0.218265 0.0544645 0.281861 0.0255636 0.0151849 0.024984 0.19286 0.000402578 3.33013e-07 0.00272837 0.00091632 0.117424 0.0569467 6.5309e-05 0.00833367 
0.0161906 0.0297291 0.782107 0.0136211 0.104658 0.00879252 0.0217571 0.000187576 0.000218528 0.0148748 0.000590263 7.6479e-06 0.00199379 1.258e-05 0.00526009 
0.0748347 0.0573623 0.573591 0.0233499 0.0768679 0.0240356 0.128612 0.00196678 8.05647e-05 0.00669593 0.00100298 0.00357165 0.0119707 0.00433236 0.011726 
0.011387 0.0228798 0.407217 0.130995 0.284856 0.0151521 0.0980013 0.00682918 0.00024435 0.00319908 0.00195149 0.000826336 0.00802916 0.00269462 0.00573757 
0.0616729 0.0864123 0.501009 0.0630603 0.0127948 0.00593167 0.198526 0.000143536 8.10473e-06 0.0403586 0.00294609 0.000167473 0.0043318 4.86098e-05 0.0225885 
0.073833 0.165582 0.327632 0.0300571 0.260175 0.00967736 0.0519131 0.0068647 0.000402897 0.031374 0.00249087 0.000769106 0.0324214 0.000220669 0.00658568 
0.159207 0.0675394 0.305924 0.180312 0.177159 0.0479773 0.00763087 0.00136661 4.24408e-07 5.10478e-06 0.00104286 0.0143174 0.0222957 4.06718e-05 0.0151815 
0.0225469 0.0214182 0.748112 0.0250408 0.0244584 0.0203034 0.0143555 0.00181207 6.96149e-08 0.000154427 0.000268707 0.000664603 0.0015518 0.000376647 0.118937 
0.00112743 0.00384506 0.71066 0.0127749 0.0217381 0.0205727 0.221277 0.00298942 2.10904e-08 0.00115053 9.19069e-05 6.71155e-05 0.000114892 2.28687e-05 0.00356777 
0.0709434 0.0690854 0.414181 0.0777625 0.0418473 0.0518183 0.169906 0.00454596 7.65509e-05 0.00899847 0.00281343 0.0383786 0.0109188 0.00512185 0.0336031 
0.0698019 0.0424042 0.368344 0.191255 0.0552485 0.0452697 0.123653 0.0030545 0.000178883 0.00877168 0.00696809 0.00316852 0.0103137 0.00293572 0.0686328 
0.0251381 0.216337 0.547618 0.00526594 0.125021 0.0108071 0.00473173 0.00122139 1.53358e-06 0.0468915 0.000895204 0.000149179 0.0133334 0.000258978 0.00233029 
0.0177898 0.0343733 0.523947 0.0177885 0.0870986 0.0884494 0.210967 0.000444459 4.6394e-07 0.0131959 0.000552764 1.99518e-05 0.00133121 7.48827e-05 0.00396685 
0.0779286 0.00237193 0.676508 0.0791582 0.0135978 0.0189259 0.067467 5.65081e-08 2.8822e-07 0.0410471 0.00452201 0.00185142 0.00903047 9.65033e-06 0.00758178 
0.0422574 0.0407883 0.444352 0.0270318 0.0733287 0.0464928 0.240282 0.000162147 0.000409407 0.0235537 0.000504753 0.0005001 0.0374084 0.000398684 0.0225299 
0.018704 0.127203 0.268343 0.253837 0.162754 0.124312 0.00224287 0.00788282 8.43104e-06 0.0311216 6.54588e-05 0.000106639 0.00182774 0.000254645 0.00133776 
0.15565 0.141332 0.412459 0.0235738 0.0778202 0.0760995 0.0840004 0.000909657 0.00122366 0.00149292 0.00104357 0.000130862 0.00593329 7.55187e-05 0.0182558 
0.0128072 0.00647631 0.451496 0.0264897 0.0420781 0.0625855 0.368465 0.000670368 1.39058e-06 0.0191891 0.000420883 4.71413e-05 0.00732817 6.05048e-05 0.00188405 
0.028307 0.021246 0.507431 0.0944439 0.056746 0.0957212 0.152817 0.00311887 0.000266234 0.00250958 0.00186675 0.00324984 0.0124347 0.00665119 0.0131901 
0.0960863 0.0332514 0.41773 0.0078973 0.239096 0.0231632 0.121176 0.00409509 1.26521e-09 0.00699027 0.00849784 0.000672356 0.0247809 0.0125957 0.00396733 
0.00941265 0.0110063 0.753866 0.034691 0.0971781 0.0183626 0.0610856 0.000638809 0.00248265 0.000461199 0.000109406 0.000232004 0.000448056 0.000268786 0.00975693 
0.0603793 0.0266093 0.651038 0.0421767 0.0541431 0.0134058 0.0885649 0.00550493 0.000762458 0.01773 0.00795594 0.000233708 0.00270427 0.0171497 0.0116419 
0.0280122 0.0424959 0.491798 0.069359 0.152467 0.0849794 0.0904327 0.00525089 6.2161e-05 0.00520205 0.00398195 0.00272501 0.0155966 0.00189956 0.00573821 
0.00795845 0.0300063 0.709789 0.0205637 0.0883392 0.0216068 0.0732047 0.00584892 3.63357e-06 0.00391427 0.00109206 0.0217507 0.000854332 0.010717 0.00435147 
0.0356753 0.0137213 0.773746 0.0217281 0.0291119 0.000423129 0.00372543 1.53416e-08 8.83562e-10 0.000108581 1.88011e-06 5.90033e-09 0.0126949 4.03736e-07 0.109063 
0.0580194 0.0274573 0.553483 0.0921827 0.0371843 0.0272901 0.113393 0.0485049 0.000644803 0.00404381 0.00272465 0.000953682 0.0183012 3.03713e-05 0.015787 
0.120757 0.048239 0.583068 0.0706361 0.0209913 0.0357655 0.0973381 3.13642e-06 5.90362e-12 1.47543e-05 0.000111452 0.000241685 0.00129097 1.52913e-05 0.0215276 
0.100965 0.0205044 0.556358 0.00918036 0.0334463 0.0118638 0.228797 0.0001466 1.00927e-09 0.00721695 0.00207883 0.000246654 0.0107648 6.56618e-05 0.0183648 
0.09436 0.14099 0.576458 0.0187589 0.0454365 0.00466018 0.0178267 0.000447986 0.0151653 0.00390746 0.000278563 0.000303486 0.0200301 5.47636e-05 0.0613222 
0.0475031 0.00812713 0.78402 0.00398324 0.00582705 0.00343187 0.102682 2.41993e-05 0.000450523 0.0367542 0.000921029 1.43354e-05 0.00148941 6.36979e-06 0.00476565 
0.0393695 0.0406444 0.329017 0.0457044 0.236993 0.0203866 0.159258 0.00643733 5.97813e-05 0.0148632 0.00152971 0.0467001 0.0204374 0.00296416 0.0356356 
0.0415348 0.0374543 0.670228 0.0340077 0.0119857 0.00417848 0.138525 0.000494464 0.000767385 0.00178892 0.00382566 1.35251e-05 0.0297426 0.000149242 0.0253037 
0.0121151 0.0168085 0.414508 0.0491662 0.150809 0.0457905 0.300419 0.000626306 1.49701e-07 0.000385864 0.000408491 5.60509e-05 0.000351081 0.00469253 0.00386303 
0.00140125 0.108749 0.474614 2.72764e-08 0.0178361 0.0229812 0.116938 0.254516 6.72365e-13 0.000487116 0.000694588 1.73042e-06 0.00118746 0.0002086 0.000384694 
0.0399941 0.00871248 0.534681 0.025998 0.00625334 0.0439796 0.304362 0.0120797 6.96664e-05 0.00224561 0.00137524 0.00308907 0.00275292 3.05153e-05 0.0143771 
0.146729 0.0586891 0.576303 0.0476676 0.000733345 0.00250448 0.148307 4.16184e-05 8.83144e-10 7.93095e-05 0.00895975 7.6807e-10 0.000515959 0.000367576 0.00910194 
0.0345929 0.0178361 0.762723 0.0269372 0.0764866 0.0122593 0.0362734 0.00722594 0.000304241 0.0160642 0.000857335 0.000270453 0.00594115 3.52585e-05 0.0021934 
0.0144755 0.0110179 0.451556 0.00431042 0.0408245 0.0307518 0.422809 0.000903263 3.87551e-08 2.09713e-05 0.00129123 0.00950388 0.0121935 6.67565e-06 0.000334943 
0.0376504 0.0788597 0.560698 0.0601974 0.0402772 0.135876 0.0585007 0.0135667 1.51035e-05 0.0034198 0.00106465 0.000663724 0.00237125 5.54529e-05 0.00678331 
0.161072 0.0144197 0.623038 0.0259428 0.0266572 0.0730299 0.0336556 0.00513406 0.000508473 0.0134125 0.0104935 5.38114e-05 0.0107493 0.000104229 0.00172904 
0.0134544 0.0842735 0.552466 0.0904921 0.177924 0.00974554 0.0399699 1.41792e-08 0.000543707 0.000368608 0.000124224 0.000133211 0.00165544 0.0078675 0.0209821 
0.0698288 0.241362 0.515616 0.00425388 0.0633457 0.0205652 0.0250699 0.00617672 8.77589e-07 0.038024 0.00124132 6.41074e-06 0.00252382 0.000145005 0.0118404 
0.0316139 0.0257927 0.33799 0.100081 0.326598 0.0182279 0.117844 0.00104353 0.000319537 0.00879129 0.00231843 0.00114103 0.00522158 0.00801564 0.0150022 
0.0531286 0.270213 0.368648 0.0191473 0.0138025 0.0589422 0.0686569 0.0025067 3.57211e-05 4.33783e-05 0.00542452 0.00937145 0.00314192 0.00927466 0.117663 
0.0102774 0.0344423 0.554859 0.0207436 0.15001 0.0154396 0.136395 0.00629162 1.88632e-06 0.018386 0.00345714 0.0286965 0.000975695 0.0195553 0.000468101 
0.0400684 0.137218 0.307593 0.0710148 0.0935372 0.145944 0.0586328 0.00169059 1.30861e-05 0.00205813 0.000815854 0.000682547 0.0404629 0.015014 0.0852551 
0.0232075 0.0377352 0.655728 0.114515 0.0849052 0.0358883 0.0289572 2.52352e-05 9.98675e-08 0.00018115 2.42409e-05 6.41898e-05 0.00908461 2.28561e-09 0.00968405 
0.086832 0.0637157 0.328826 0.0514243 0.132939 0.00925484 0.264196 3.59315e-05 1.50451e-07 0.00229497 0.00230885 0.00202892 0.0388444 0.000416025 0.0168832 
0.042692 0.0204637 0.505125 0.0724547 0.0868206 0.000552267 0.120377 0.00261259 6.05022e-12 0.0717856 0.000563618 0.000711632 0.00487626 1.91693e-05 0.070946 
0.14142 0.0241571 0.478998 0.146597 0.0545681 0.00553339 0.113501 0.00123711 8.81004e-05 1.87504e-09 6.45941e-05 7.43874e-06 0.0060217 4.30719e-07 0.0278056 
0.0760466 0.0513601 0.628587 0.00975724 0.0511117 0.00809125 0.142193 1.67487e-05 4.04872e-05 0.000382991 0.00304244 1.88211e-05 0.0183728 0.000290897 0.0106886 
0.0355314 0.00132895 0.710109 0.0201634 0.00729971 0.00332691 0.172166 1.01481e-12 1.56682e-12 0.0286525 7.00932e-05 5.04393e-05 0.0160003 6.56778e-06 0.00529511 
0.00801437 0.0123017 0.529771 0.00380024 0.0628961 0.0741277 0.203986 0.101935 1.74271e-05 0.00126092 4.75274e-05 1.56484e-05 0.00106771 3.31584e-05 0.000725318 
0.112786 0.0270618 0.320834 0.0739617 0.0323364 0.0320928 0.304025 0.0486766 0.000143275 0.00181265 0.00125028 0.000540619 0.00783223 5.90616e-05 0.0365879 
0.0134332 0.0368065 0.50432 0.00223446 0.0126052 0.00510775 0.420088 0.000316985 8.82858e-13 0.000104937 0.000452213 2.47895e-05 0.00156057 3.39866e-05 0.00291143 
0.000113135 0.125184 0.318712 0.000248453 0.000666669 0.210646 0.306077 0.0364654 1.38181e-12 7.81096e-05 1.69721e-08 9.15232e-05 1.31974e-06 2.78387e-05 0.00168797 
0.0886355 0.0692478 0.383693 0.0264635 0.151052 0.0219942 0.200515 0.000593814 0.000973877 0.0223614 0.00709696 3.45098e-05 0.0207476 0.00175978 0.00483158 
0.0232743 0.0139293 0.4778 0.0140405 0.00686365 0.0514571 0.399538 4.50715e-07 8.54287e-07 0.00258076 0.000862034 0.00014844 0.00816036 7.63955e-07 0.00134282 
0.0574009 0.0278106 0.387413 0.0240962 0.122458 0.0372954 0.260898 0.00364212 0.00110134 0.00274383 0.0123624 0.0102027 0.00514272 0.00442438 0.0430074 
0.0492397 0.0218219 0.387638 0.0544552 0.0226369 0.0259174 0.343152 0.00600376 0.00383053 0.0625308 0.00876804 0.000363427 0.0094259 0.000163739 0.00405289 
0.077967 0.125048 0.524926 0.0124917 0.0141054 1.84731e-05 0.216386 3.18481e-10 1.55683e-08 0.000107591 0.000119399 2.68345e-05 0.0140831 9.36561e-06 0.0147111 
0.0777236 0.0139547 0.604988 0.0651273 0.0436119 0.0163453 0.129231 0.000367808 3.83558e-06 0.0206129 0.00580537 0.000192883 0.00145759 6.35339e-05 0.0205148 
0.0470907 0.0268571 0.449604 0.0341613 0.0681509 0.0742515 0.105506 0.125978 8.47025e-05 0.0412062 3.36049e-05 0.000497412 0.00560442 3.8565e-05 0.0209356 
0.0483033 0.00282185 0.843339 0.0164992 0.0406526 0.00324786 0.028561 0.000137475 0.00012991 9.56726e-05 0.000203315 0.000484961 0.00440474 1.16352e-06 0.0111181 
0.0286944 0.00871968 0.769038 0.00600208 0.0709846 0.0466096 0.0398602 0.00582988 0.000407795 0.0154687 0.00451309 4.29596e-05 0.0026671 9.90348e-05 0.00106243 
0.0750245 0.121519 0.5277 0.0701083 0.138164 0.00598255 0.0247413 0.000616131 7.34802e-05 0.00654945 0.00116274 0.00428558 0.00614533 0.000118302 0.0178096 
0.134939 0.155408 0.166989 0.154466 0.156399 0.0193093 0.0822969 0.00166801 1.00341e-05 0.00454652 0.064054 0.0137055 0.00316376 0.000224387 0.0428218 
0.0442408 0.246624 0.584411 0.00354731 0.0473072 0.00113612 0.0209261 0.00289059 3.06831e-06 0.0251673 0.000574972 3.33032e-05 0.0219018 0.000173596 0.00106231 
0.0357851 0.0450567 0.405814 0.0674121 0.0246256 0.247343 0.14198 0.000187149 0.000884887 0.00623372 0.000442252 0.0111395 0.0103484 5.25355e-05 0.00269524 
0.162898 0.0287103 0.197266 0.135005 0.0357272 0.0881183 0.147113 0.00136495 0.000590627 0.0506383 0.00677998 0.00212281 0.0632708 0.00335854 0.0770357 
0.111553 0.263734 0.384226 0.0390096 0.0437023 0.0649968 0.0630512 0.00310879 0.00105373 5.27122e-07 0.00268765 5.26685e-07 0.00347906 0.00237239 0.0170249 
0.142285 0.0597489 0.427876 0.019994 0.0330613 0.108465 0.198815 0.000135352 2.3162e-10 0.000468312 0.00118252 2.0144e-10 0.00118022 1.91291e-05 0.00676927 
0.0817422 0.121677 0.575375 0.0348789 0.036445 0.0215557 0.0781595 0.000219819 0.000773834 0.0021849 0.00588607 0.000799984 0.00937169 0.00365205 0.0272789 
0.0249256 0.268444 0.404731 0.0257727 0.0416144 0.0175756 0.204589 1.05472e-11 1.62845e-11 4.95498e-09 0.00215603 8.93777e-05 0.000745129 0.000225457 0.00913233 
0.0556997 0.0143395 0.434588 0.118001 0.0945174 0.0610928 0.182595 5.57508e-05 8.21501e-06 0.000200229 0.000447525 0.000762174 0.00636823 0.00738823 0.0239363 
0.0739408 0.00934859 0.802814 0.0288041 6.56203e-06 0.0025499 0.0777862 2.55585e-06 1.34277e-06 0.000469051 1.13691e-07 0.000705161 0.00357046 3.06952e-08 1.15357e-06 
0.0111503 0.00862323 0.710279 0.0360819 0.183623 0.0106146 0.0100567 0.0224558 2.81052e-05 0.00380687 0.000271579 3.17663e-05 0.00193967 4.8074e-05 0.00098932 
0.0403109 0.00722699 0.810743 0.0951852 0.0228769 0.00448164 0.00908166 6.09378e-06 2.60584e-05 0.000602773 6.29496e-08 5.26238e-05 0.00480659 6.87241e-07 0.00459911 
0.107931 0.134978 0.256557 0.00141162 0.154161 0.133982 0.0700784 0.00118402 1.04533e-07 0.00101478 0.000722907 1.11109e-05 0.000407287 3.65056e-05 0.137524 
0.0430482 0.0231935 0.417181 0.0829325 0.0917633 0.114241 0.107103 0.00221656 1.70899e-05 0.00756461 0.00760471 0.0947484 0.00162963 0.000864641 0.00589109 
0.12878 0.0623529 0.503625 0.0118459 0.00224997 0.000247168 0.241416 4.93839e-09 1.82466e-09 0.00476485 0.000506381 5.83019e-05 0.0302957 3.42872e-05 0.0138237 
0.101346 0.273536 0.374414 0.0317462 0.10393 0.0648651 0.00980421 0.0119245 0.000113377 0.00432548 0.00136339 0.000230412 0.00400118 5.21459e-05 0.0183472 
0.0230531 0.0139573 0.63792 0.00566753 0.0347611 0.00665838 0.235718 0.000118873 1.29582e-06 0.0150372 0.000277285 2.18183e-05 0.0258718 3.18836e-05 0.000904481 
0.00934231 0.251595 0.29982 0.00636752 0.0998225 0.0826806 0.120994 0.111665 7.30079e-11 0.0044682 0.00675516 0.000147855 0.00102896 0.00482126 0.000491249 
0.0529036 0.114693 0.645787 0.0101848 0.0354817 0.00118061 0.123202 0.000515302 2.9469e-11 0.00598218 0.00198172 1.55135e-07 0.00203474 8.60716e-05 0.00596746 
0.0477939 0.0709082 0.478008 0.0202748 0.10919 0.0473794 0.0717586 0.13811 2.62442e-05 0.00432713 0.000663033 0.00043683 0.00617918 0.00199772 0.00294692 
0.0527133 0.0183729 0.582406 0.0975254 0.00550276 0.0691623 0.0750502 0.000783972 4.78396e-11 0.000441563 0.000163246 7.73604e-06 0.00896969 5.16579e-07 0.0889007 
0.0666795 0.0459346 0.347501 0.0714598 0.0345328 0.0368403 0.303016 0.00142397 0.000992715 0.00353734 0.00392714 0.0378114 0.0119648 0.00127693 0.0331016 
0.0181021 0.0926351 0.419994 4.45767e-06 7.08576e-06 0.00313892 0.18272 1.12956e-06 4.35889e-10 3.65063e-07 2.40069e-10 3.79093e-10 1.26876e-10 2.18339e-07 0.283397 
0.0064415 0.0190613 0.701061 0.0141863 0.217838 0.00455502 0.0166404 0.00284682 6.15122e-05 0.0114386 0.000142712 0.000107641 0.00156458 2.83765e-05 0.00402636 
0.0934036 0.00347727 0.67604 0.00784024 0.0346217 0.00350038 0.056399 0.000104739 5.48108e-05 0.107267 0.00167044 1.41796e-05 0.0114148 7.80311e-05 0.00411374 
0.000296668 0.00561914 0.475134 0.155419 0.148613 0.110477 0.0483598 1.73886e-05 0.00268108 9.62595e-05 0.000172595 2.61098e-05 7.23211e-05 0.00485947 0.0481557 
0.0562862 0.0140062 0.621482 0.0239795 0.0144623 0.00383489 0.257348 0.000130661 1.34592e-11 4.46782e-05 0.000495043 0.000105715 0.00241565 1.42526e-05 0.00539482 
0.106462 0.0910946 0.637604 0.011091 0.0579644 0.00113993 0.0268757 0.00172547 8.84922e-06 0.0101329 0.000102976 0.000139101 0.0440011 7.84801e-05 0.0115802 
0.021177 0.0418915 0.532839 0.0601113 0.151683 0.0439864 0.130781 0.000139041 3.64444e-05 0.00762434 0.000325341 6.81355e-05 0.00158945 8.37729e-05 0.00766395 
0.0169254 0.00695627 0.763551 0.0217232 0.00599831 0.0107728 0.170329 0.000366467 6.97361e-08 0.00110792 0.000183509 1.27493e-08 0.00058857 1.02593e-05 0.00148709 
0.103516 0.0819826 0.387298 0.0395413 0.0683769 0.0345029 0.195183 0.00504704 0.000299556 0.0131827 0.00556395 0.00394939 0.0105303 0.00385521 0.0471711 
0.0167368 0.0514535 0.577185 0.00349543 0.155361 0.00481649 0.0463507 0.0208082 0.00157251 0.000203375 0.00133171 0.000378889 0.00752754 0.104545 0.00823385 
0.0409603 0.0263945 0.417904 0.0216728 0.0823506 0.28213 0.0658052 0.00418016 4.74932e-06 0.0468824 0.000985441 5.69935e-09 0.0101241 0.000153875 0.000451794 
0.0770009 0.11442 0.406707 0.0151295 0.0438311 0.0194808 0.263399 0.00580266 0.000114763 0.00192395 0.00474871 0.00739201 0.0278043 0.000143042 0.0121022 
0.00790865 0.0789334 0.758968 0.00044977 0.0208637 0.000234341 0.126517 2.84586e-06 9.3274e-07 7.21631e-05 5.5647e-05 2.14714e-07 0.00551321 8.95772e-06 0.000471602 
0.0712548 0.180171 0.32836 0.0648804 0.22984 0.0409708 0.0365565 0.0283362 5.7973e-05 0.0014812 0.00193916 0.000533378 0.00478961 0.00084216 0.00998737 
0.0287172 0.00893646 0.81801 0.0252964 0.0627525 0.0151874 0.0152053 0.00202163 0.000136029 0.0127618 0.00196697 3.92412e-05 0.00429468 6.01561e-05 0.00461404 
0.0429002 0.118562 0.361506 0.0289218 0.031029 0.175538 0.184641 0.00312473 0.0159513 0.00606824 0.0016924 4.98794e-05 0.00222773 0.000163599 0.0276232 
0.0121751 0.0252406 0.422808 0.0559686 0.22092 0.011413 0.169242 0.000888174 1.85399e-05 0.00330074 0.0455335 0.00711118 0.000890079 0.00368715 0.0208022 
0.142057 0.195207 0.291147 0.0249011 0.188776 0.0598732 0.00388951 0.0128345 0.00145366 0.00327359 0.0157164 0.00259998 0.000280012 0.00137105 0.0566205 
0.0243188 0.047788 0.446519 0.0947265 0.0299575 0.0789185 0.103354 0.000101513 2.39777e-05 0.000158048 0.000238542 0.00074955 0.00342193 2.97154e-06 0.169722 
0.021815 0.191314 0.197258 0.0060945 0.167823 0.0563023 0.122821 0.0183355 0.0016049 0.00284206 0.00374391 0.00110233 0.00346056 0.192184 0.0132994 
0.067425 0.0308476 0.302888 0.109008 0.170302 0.13361 0.127004 0.00510867 0.000446385 0.0138674 0.0029421 0.00132915 0.00689933 0.0036495 0.0246731 
0.0814524 0.0542561 0.382492 0.0971157 0.0193059 0.0466639 0.168605 0.00256458 0.00279537 0.0235085 0.00108508 0.0629155 0.00913897 0.00866445 0.0394359 
0.0178545 0.00772751 0.931643 0.00689081 0.0172266 0.00264292 0.00552963 0.000585662 2.85723e-08 2.58446e-05 1.41712e-05 2.07008e-06 0.00358567 9.56527e-07 0.00627089 
0.116429 0.0217202 0.26527 0.23719 0.0277052 0.0337167 0.0700661 1.32149e-05 1.09526e-06 0.0603973 0.000631795 6.84387e-05 0.00249839 0.0263121 0.13798 
0.0690069 0.0486427 0.414617 0.146111 0.277977 0.0117471 0.000465509 6.9175e-09 5.06056e-07 0.00195372 3.91837e-06 0.000325344 0.00787919 6.78619e-06 0.0212632 
0.0609888 0.0301579 0.318312 0.177135 0.0419967 0.11945 0.190927 0.00601324 6.19474e-05 0.0179867 0.00575197 0.00129002 0.0111459 0.000422968 0.0183598 
0.029166 0.0665525 0.776606 0.0178253 0.0246869 0.0364134 0.0389239 0.00240277 1.30194e-06 0.0012393 0.000234509 3.38403e-05 0.00240867 2.87515e-05 0.00347704 
0.133274 0.249036 0.270406 0.0819662 0.0272423 0.0149267 0.0979163 0.0124933 4.6361e-06 5.4708e-05 0.00447247 0.00157476 0.0348015 1.13686e-05 0.0718187 
0.116868 0.0224078 0.517119 0.0569033 0.061011 0.0219051 0.0275149 0.00241943 2.76516e-09 0.00840706 0.000372361 0.00321825 0.124453 0.0295036 0.00789653 
