0.0316626 0.0818734 0.171943 0.339937 0.0173972 0.279598 0.0495509 0.00363418 5.30366e-05 0.00164772 0.0119263 0.000626575 0.000228595 8.07925e-05 0.00984022 
0.0661868 0.000905648 0.0320678 0.516865 0.18665 0.172682 0.00939755 0.000996856 0.00101482 4.4373e-08 0.000103355 1.95455e-05 0.00114834 0.000172391 0.0117903 
0.0363048 0.0670095 0.199013 0.4511 0.102095 0.0705608 0.0109657 0.000424425 1.56255e-06 0.000115561 3.18446e-05 0.000777611 0.00265718 3.16454e-05 0.0589113 
0.0609878 0.0778188 0.0124339 0.521223 0.0257903 0.202888 0.0481027 4.6707e-05 0.0227443 0.00329757 0.00288347 0.000277343 0.00548681 0.000136027 0.0158829 
0.0286843 0.0373986 0.0272018 0.850022 0.0122313 0.00157068 0.0251484 0.00151223 0.000105185 2.01596e-05 0.00113771 2.22386e-05 0.000767955 1.33442e-05 0.0141639 
0.0181642 0.000133427 0.110303 0.664388 0.0178496 0.0320654 0.0976494 1.08139e-05 1.51888e-10 0.000827331 1.9004e-06 0.000119413 0.000190086 1.03981e-05 0.0582868 
0.0356577 0.0443451 0.125307 0.423165 0.245625 0.0224617 0.0621788 0.00160177 1.90842e-06 0.0149825 0.00302425 0.000209379 0.0026527 5.96676e-05 0.0187273 
0.15286 0.000971809 0.228618 0.576444 0.00447374 0.00702588 0.013339 0.00020668 1.42025e-09 0.00197191 0.0010997 1.83678e-07 0.00192073 3.38605e-10 0.0110677 
0.0662283 0.0463645 0.144246 0.421808 0.0556639 0.0162588 0.159175 0.000129816 0.000138317 0.00750489 0.0110018 0.000706401 0.0513391 0.00524914 0.0141854 
0.0988352 0.0425159 0.0299191 0.533802 0.00534754 0.284016 0.000196281 1.92343e-07 7.50473e-08 2.74638e-05 0.000124576 2.45666e-06 0.00471587 8.24157e-08 0.000496613 
0.00734925 0.00672755 0.204145 0.572456 0.178335 0.00398675 0.0210805 4.97334e-06 1.73654e-06 2.77788e-05 0.00308982 0.000649048 2.24322e-05 2.4952e-06 0.00212209 
3.95115e-05 0.22129 3.95127e-05 0.300306 3.95098e-05 3.95081e-05 0.272667 3.94844e-05 3.94679e-05 3.95067e-05 3.94892e-05 0.205304 3.95013e-05 3.95038e-05 3.95029e-05 
0.041096 0.0373383 0.21027 0.283433 0.165801 0.126785 0.0605381 0.00011345 0.000567435 0.0121608 0.00359842 0.000896961 0.00389119 0.0233556 0.0301552 
0.0562441 0.00623482 0.0605409 0.520269 0.17175 0.0420286 0.0781217 0.000381742 0.0327238 0.00774571 0.000433391 0.00432958 0.00580907 0.00222565 0.0111622 
0.00826197 9.26942e-05 0.0580321 0.858827 0.00980708 0.0265126 0.00204424 0.000165889 0.00115526 4.00008e-06 0.000248984 0.0089256 0.00708806 6.55715e-07 0.0188344 
0.0744979 0.0108779 0.266536 0.288575 0.0599623 0.0706105 0.138147 0.00222873 2.05915e-05 0.00561284 0.00287573 0.00350188 0.00681297 7.04796e-05 0.06967 
0.00514242 0.000659617 0.060147 0.699655 0.000924423 0.0274567 0.14212 3.20119e-05 5.93312e-09 5.68659e-05 0.057578 1.59764e-05 0.000346649 1.39914e-07 0.00586486 
0.0118362 0.0894726 0.060717 0.644523 0.0405218 0.0203288 0.0906989 0.000153463 2.23779e-05 0.00202604 0.000879112 0.000141581 0.000484369 2.20057e-05 0.0381728 
0.00253044 0.0027429 0.00791692 0.797333 0.0540506 0.0390749 0.00365521 1.26875e-06 1.95889e-06 3.4172e-07 1.37843e-05 1.70365e-06 7.50929e-05 0.00721932 0.0853829 
0.049288 0.0111672 0.0193292 0.821635 0.00661587 0.00481877 0.0349746 1.5879e-05 1.79653e-08 4.582e-06 0.00736504 6.16645e-06 0.00901647 0.0250371 0.0107263 
0.00867297 0.0667497 0.0452021 0.479998 0.336516 0.0226882 0.0230241 8.52693e-08 1.31652e-07 3.31806e-06 0.0020166 0.000405831 6.6255e-05 1.80311e-05 0.0146392 
0.0200452 0.127822 0.2652 0.561464 0.0162008 0.00291266 0.00290834 0.000149493 3.91757e-05 0.00134054 0.000178369 8.03869e-05 0.00103401 9.34775e-05 0.00053136 
0.0159125 0.00239185 0.0464002 0.875214 0.014354 0.0163158 0.0198153 8.98107e-06 2.4331e-11 2.10458e-06 0.000175558 0.00177174 0.0012256 2.40435e-09 0.00641196 
0.0011269 0.0161167 0.195948 0.671315 0.0985999 0.00397773 0.00468584 3.1037e-08 3.48867e-12 0.00051266 8.01321e-05 2.83843e-05 7.56959e-05 3.19447e-08 0.00753235 
0.102679 0.047185 0.187663 0.21402 0.0331918 0.0171885 0.123283 0.000123005 0.000173481 0.0111994 0.00130196 0.0934767 0.00652982 7.46062e-05 0.161912 
0.229865 0.168818 0.0536234 0.384788 0.118614 0.0184963 0.0063475 7.0144e-09 1.34969e-07 1.98958e-06 4.20685e-06 6.41885e-08 0.00672395 5.497e-08 0.0127176 
0.0720334 0.0408004 0.153451 0.222796 0.192237 0.137301 0.110502 0.00459388 0.00127994 0.00835175 0.00323956 0.00996669 0.00714177 0.000796494 0.0355089 
0.136882 0.193424 0.0565808 0.260513 0.123024 0.0168593 0.0392835 0.0724315 1.93539e-08 1.23194e-05 0.000199345 0.000924688 0.0453793 2.72876e-06 0.0544827 
0.0307747 0.0125329 0.119095 0.574741 0.137039 0.0225192 0.0463521 0.00428152 0.00224632 5.51663e-05 0.000165933 0.00101429 0.0149898 9.09326e-06 0.0341835 
0.00764592 0.000734068 0.185545 0.463061 0.0434751 0.248149 0.0409159 0.0042102 8.0796e-07 3.48841e-05 0.000102287 7.60332e-05 0.00171466 0.000161824 0.00417396 
0.0285044 0.0440544 0.152133 0.520252 0.0953079 0.0476282 0.028614 3.02788e-07 1.12115e-10 4.5542e-08 0.00389334 0.0781563 0.000139813 9.13045e-08 0.00131645 
0.0506286 0.0606328 0.0848488 0.376333 0.148249 0.0296972 0.163674 7.31563e-05 0.000769161 0.00307505 0.0574393 0.000929059 0.00441382 3.33403e-05 0.019204 
0.0295849 0.00292154 0.303292 0.442997 0.0642077 0.0237552 0.122168 1.50337e-05 1.92668e-06 3.92667e-05 0.00135816 0.00813947 0.000281547 1.67492e-05 0.00122157 
0.064004 0.0262801 0.0850718 0.677341 0.0124078 0.039205 0.025807 0.0017039 4.22029e-06 0.00183805 0.0205451 0.00214541 0.000374739 7.32911e-05 0.0431986 
0.0319074 0.183605 0.010869 0.583312 0.0520488 0.021426 0.0287135 0.0134547 2.16095e-05 1.757e-05 0.0289026 0.000516633 0.00579987 0.00202649 0.0373787 
0.197173 0.110079 0.10329 0.282113 0.112152 0.0196896 0.13226 0.00016878 4.03326e-06 0.00615605 0.000835906 0.00041617 0.0105301 1.67844e-05 0.0251147 
0.0969735 0.0217755 0.0291691 0.770617 0.0230278 0.00174164 0.00626783 7.1515e-06 8.50823e-06 5.5818e-05 0.00140346 0.000420991 0.00081319 9.15816e-06 0.047709 
0.000803892 0.0199757 0.0455256 0.550579 0.0187035 0.0322121 0.253115 0.000229879 1.13074e-08 2.83477e-05 0.00026308 0.000142338 0.0547212 8.39562e-05 0.0236165 
8.1192e-05 0.0304641 0.0467774 0.803534 0.0027444 0.0320247 0.0827874 1.75816e-09 2.71453e-09 4.73536e-10 2.10726e-06 2.36082e-09 7.90131e-10 6.47178e-10 0.00158479 
0.0416239 0.0289032 0.00575779 0.358824 0.143826 0.0637803 0.0398626 3.34631e-06 5.22843e-05 0.000194976 0.000189643 7.90563e-10 0.0624156 1.67168e-07 0.254566 
0.0404893 0.0184914 0.176898 0.487186 0.0097684 0.18209 0.0395605 0.000141219 0.0227511 4.9419e-06 0.00137805 0.0159937 0.000416351 4.70285e-06 0.00482577 
0.0560607 0.0213888 0.260106 0.495093 0.0675902 0.0252299 0.0473356 0.000195215 0.000216052 0.00400059 0.00310152 0.000640959 0.00761381 0.000564239 0.0108631 
0.00158131 0.323272 0.00309917 0.362429 0.23043 0.000232199 0.00184361 0.000185894 0.00359871 7.76287e-09 0.0192812 1.62321e-05 3.1572e-06 1.25731e-05 0.0540147 
0.0305922 0.00716313 0.170694 0.5971 0.0218381 0.0330995 0.090666 0.000173813 2.69371e-09 0.00328791 0.000576831 2.66637e-05 0.00809123 0.010368 0.0263226 
0.00919124 0.00580977 0.0165596 0.753361 0.0818658 0.00970877 0.0210256 4.26803e-06 2.88984e-06 0.000169526 0.000185032 0.00234256 0.0053526 1.36725e-05 0.0944079 
0.0543352 0.0599396 0.0978036 0.305642 0.0630955 3.50496e-06 0.110769 3.50286e-06 3.5014e-06 3.50484e-06 0.0353868 3.50193e-06 3.50436e-06 3.50458e-06 0.273004 
0.0399285 0.00827625 0.128295 0.483437 0.0387226 0.140484 0.0676048 4.55847e-05 6.53122e-07 0.000616149 0.0103446 0.0275565 0.00104776 9.97289e-05 0.0535407 
0.0259347 0.0628919 0.122458 0.467369 0.237409 0.0226275 0.0182707 0.00388442 3.27586e-05 0.000113943 0.0244128 0.00162859 0.00334737 2.8143e-05 0.00959089 
0.0331789 0.013287 0.117876 0.595969 0.0356032 0.00487089 0.07214 0.000326124 5.19275e-06 0.0139514 0.00154044 0.000292149 0.00398967 0.00099095 0.105979 
0.0105329 0.00166012 0.23718 0.444998 0.00746633 0.055141 0.122165 2.32993e-06 5.75125e-05 0.107169 8.26248e-05 0.000106735 0.00101954 1.71675e-05 0.0124018 
0.0999165 0.0526834 0.076684 0.549341 0.0770836 0.0320351 0.0534181 0.0106401 0.00553264 0.000108857 0.00873327 6.44667e-05 0.000229359 0.000166831 0.0333634 
0.142974 0.0586223 0.154271 0.516547 0.0182337 0.0616273 0.0138036 3.03189e-05 1.00668e-06 0.00787923 0.000524138 0.00520025 0.0012306 6.65807e-06 0.0190488 
0.229865 0.168818 0.0536234 0.384788 0.118614 0.0184963 0.0063475 7.0144e-09 1.34969e-07 1.98958e-06 4.20685e-06 6.41885e-08 0.00672395 5.497e-08 0.0127176 
0.0103274 0.00193492 0.158164 0.529395 0.00914804 0.037992 0.232312 3.56821e-05 1.24358e-08 0.0130468 2.36193e-05 3.081e-05 0.00212506 1.72088e-05 0.00544695 
0.00514242 0.000659617 0.060147 0.699655 0.000924423 0.0274567 0.14212 3.20119e-05 5.93312e-09 5.68659e-05 0.057578 1.59764e-05 0.000346649 1.39914e-07 0.00586486 
0.0285243 0.165788 0.215127 0.299471 0.185941 0.0488957 0.0198242 0.00746421 3.0918e-05 0.00827036 0.0116952 6.74702e-05 0.00403111 0.00107522 0.00379511 
0.107013 0.0491767 0.0304996 0.723862 0.00660821 0.00602354 9.11917e-05 0.0044309 3.27107e-08 0.00401769 0.0333457 1.22459e-06 0.00226518 3.07942e-07 0.0326647 
0.00514242 0.000659617 0.060147 0.699655 0.000924423 0.0274567 0.14212 3.20119e-05 5.93312e-09 5.68659e-05 0.057578 1.59764e-05 0.000346649 1.39914e-07 0.00586486 
0.131907 0.0384795 0.119108 0.365342 0.102056 0.00856071 0.139461 1.12421e-06 2.31786e-06 0.00131558 0.000101532 0.00976516 0.0430892 1.88958e-05 0.0407926 
0.124159 0.0164507 0.0312077 0.469858 0.00642916 0.00855833 0.022809 2.33598e-08 3.60665e-08 6.29164e-09 1.54568e-06 3.13671e-08 6.6788e-07 0.00086693 0.319659 
0.0076391 0.0207196 0.0446253 0.463572 0.289505 0.0949136 0.049891 0.000178034 1.20471e-07 1.8337e-05 0.00209799 5.33646e-05 1.92697e-06 0.000250831 0.0265333 
0.126002 0.182171 0.117538 0.247752 0.163912 0.0562436 0.0264546 0.000153058 4.88634e-09 0.0106616 0.032197 0.00393662 0.00283797 0.00132423 0.028816 
0.126906 0.0135167 0.139685 0.254832 0.0170448 0.189067 0.176348 0.0463527 3.85603e-08 7.0408e-05 4.39982e-05 4.54072e-07 0.00684154 4.06024e-05 0.0292515 
0.0258083 0.0844287 0.0507964 0.625555 0.0538563 0.0729435 0.036671 0.0116848 0.00379907 0.00198307 0.0016648 0.000255715 0.00309409 9.46499e-05 0.0273642 
0.0146098 0.00269908 0.122853 0.618343 0.118909 0.0534691 0.0473685 0.000181808 0.00202168 5.30088e-06 0.00365752 0.00123825 0.00265512 1.14625e-05 0.0119773 
0.0550508 0.0306993 0.135962 0.333302 0.192396 0.064091 0.136602 0.000857791 0.00111871 0.00661688 0.0056615 0.0067675 0.0114662 0.00374704 0.0156607 
0.00495905 0.10977 0.0644658 0.499979 0.0315094 0.00690702 0.221311 0.000162736 0.00421588 1.88249e-05 0.000380535 7.78287e-05 0.000322422 0.000308988 0.0556108 
0.0515356 0.00177827 0.0682175 0.228315 0.210895 0.0269471 0.183225 4.93927e-05 5.60909e-07 7.45206e-06 0.00213935 5.93025e-06 3.91396e-05 1.38184e-05 0.226831 
0.0195434 0.0725405 0.0476134 0.674574 0.0697481 0.0022453 0.103445 0.00218365 1.34183e-06 8.70845e-05 0.000741187 0.000883199 0.00128867 4.96279e-06 0.00510029 
0.0076391 0.0207196 0.0446253 0.463572 0.289505 0.0949136 0.049891 0.000178034 1.20471e-07 1.8337e-05 0.00209799 5.33646e-05 1.92697e-06 0.000250831 0.0265333 
0.0786619 0.0322055 0.088684 0.695556 0.0128282 0.0563584 0.0131026 0.000982338 1.52017e-05 0.00390706 0.00318076 0.0037259 0.000704002 0.000150139 0.00993802 
0.000517931 1.49663e-05 0.0433655 0.77417 0.000316397 0.0372183 0.129804 2.08205e-05 5.48474e-08 6.0766e-05 2.81284e-05 2.86064e-05 1.59647e-08 5.97869e-06 0.0144485 
0.0482295 0.0117809 0.254695 0.331357 0.0769716 0.0611283 0.113941 0.00266307 1.62315e-06 0.0711586 0.000252502 0.0012669 0.0134318 0.000389338 0.0127328 
0.010638 0.0011259 0.0172615 0.76071 0.111643 0.0275885 0.00957585 3.27088e-05 9.91381e-08 0.000135379 0.0132228 0.000900174 0.000513303 2.86611e-05 0.0466242 
0.012992 0.316651 0.0625954 0.339776 0.0164444 0.113514 0.0927954 0.0293501 5.02765e-05 0.00113198 0.00182048 6.0247e-06 0.0121833 5.92556e-05 0.000630505 
0.0395303 0.0201117 0.273678 0.477801 0.115292 0.0191033 0.0273011 0.00121624 0.00203838 0.0107196 0.00206557 0.000661435 0.00126656 0.000341443 0.00887353 
0.00236418 0.00247237 0.0698343 0.502801 0.139483 0.225739 0.0472105 1.75222e-07 2.70536e-07 1.19532e-05 1.49e-07 1.85934e-05 2.06555e-05 0.00239961 0.00764403 
0.0888656 0.00614168 0.183484 0.538318 0.146279 0.00477639 0.00550981 0.0075001 6.43638e-06 0.00333856 0.000455052 0.00242158 0.00129551 1.7942e-05 0.0115904 
0.109542 0.00752077 0.0993934 0.289718 0.196649 0.0907739 0.15475 1.22362e-08 0.0295046 0.00338785 0.00211807 0.000289744 0.00983677 0.000124237 0.00639214 
0.0615456 0.00030155 0.414954 0.437521 0.0103832 0.0336894 0.0218988 5.05463e-08 0.00017964 0.000347683 0.00100713 0.000331238 0.00316373 1.07941e-07 0.0146773 
0.00514242 0.000659617 0.060147 0.699655 0.000924423 0.0274567 0.14212 3.20119e-05 5.93312e-09 5.68659e-05 0.057578 1.59764e-05 0.000346649 1.39914e-07 0.00586486 
0.00529028 0.00037303 0.300192 0.462395 0.0923727 0.0181754 0.101872 3.20848e-05 1.21283e-07 0.0120191 0.00163633 3.93514e-05 7.27764e-05 0.00102101 0.00450858 
0.0112004 0.0175449 0.000852475 0.773869 0.0125484 0.152851 0.0159635 1.96134e-05 1.07276e-06 2.88923e-05 0.00348585 0.0010645 0.00133761 0.0087326 0.000500503 
0.00140306 0.0223398 0.0154727 0.818268 0.0722289 0.040206 0.016625 1.47538e-07 4.55395e-09 7.86803e-08 0.000378877 8.99701e-07 1.03662e-06 2.76972e-08 0.0130758 
0.0687112 0.17886 0.192179 0.359898 0.029712 0.00713965 0.10354 0.00053402 6.62318e-05 0.00056909 0.000173213 0.0160225 0.0119557 7.30055e-06 0.0306313 
0.0154124 0.000795759 0.157775 0.490161 0.0187432 0.0357788 0.278383 2.02002e-09 3.11883e-09 1.18841e-08 0.000263207 7.40628e-05 0.000305696 3.98583e-07 0.0023066 
0.00606542 0.0695661 0.00901401 0.543114 0.341373 0.000697448 7.91609e-05 3.63702e-05 2.3633e-10 4.85082e-09 0.000144573 9.84601e-06 2.4687e-08 6.20229e-07 0.0299003 
0.0480101 0.135803 0.0177649 0.411222 0.152178 0.0694579 0.117826 0.00271384 0.0019594 1.59948e-06 2.83509e-05 0.000967889 0.00152251 5.5431e-06 0.0405389 
0.0207158 0.112348 0.0198158 0.687928 0.0983915 0.0348978 0.0247684 1.12503e-06 1.12455e-06 1.12566e-06 0.00112629 1.12473e-06 1.12551e-06 1.12558e-06 1.12555e-06 
2.99941e-08 0.07701 0.186099 0.617664 7.01645e-05 1.81607e-05 4.79754e-06 4.27952e-11 6.60741e-11 0.118188 3.63908e-11 2.56873e-06 0.000741938 0.000200292 9.40636e-07 
0.0011269 0.0161167 0.195948 0.671315 0.0985999 0.00397773 0.00468584 3.1037e-08 3.48867e-12 0.00051266 8.01321e-05 2.83843e-05 7.56959e-05 3.19447e-08 0.00753235 
0.15348 0.15757 0.178693 0.291345 0.0287928 0.0529908 0.0468981 1.49947e-07 4.88975e-06 0.000234826 0.000907463 0.00253803 0.00813423 4.187e-05 0.0783687 
0.00250971 0.00367672 1.23759e-07 0.991404 0.00128295 3.96398e-07 0.000645875 1.74827e-06 2.69926e-06 4.70873e-07 1.48664e-06 0.000471856 7.85686e-07 6.43538e-07 6.91116e-07 
0.0377864 0.0133139 0.205293 0.626509 0.0273771 0.00657109 0.0471035 0.000341072 7.54959e-05 0.0169909 0.00245406 0.000111575 0.00138756 6.14452e-05 0.0146234 
0.0166827 0.048388 0.0633674 0.560069 0.101858 0.00431924 0.153713 2.47499e-05 1.03727e-05 0.0126821 0.000354904 0.0034522 0.00809973 0.000105562 0.0268732 
0.0996576 0.166059 0.16246 0.254079 0.041862 0.00748373 0.124332 0.00161168 0.00766192 0.016299 0.00256815 4.23836e-06 0.0215152 3.38292e-05 0.0943718 
0.0304461 0.167706 0.110294 0.483847 0.0319956 0.0336768 0.0699324 0.000204266 3.95375e-06 0.00761982 0.00074368 0.000701824 0.0194619 0.00021401 0.0431528 
0.0225784 0.0213701 0.158547 0.464918 0.115737 0.0581909 0.122547 0.00283307 0.000200553 0.00534898 0.000303009 0.00125802 0.00266149 0.000208151 0.0232979 
0.0539439 0.00657166 0.0527018 0.754181 0.00141463 0.0205789 0.0690484 0.00291138 1.06068e-07 0.000126197 1.03453e-05 0.00984362 0.00539454 5.77095e-07 0.0232733 
0.00414993 0.0145268 0.0178597 0.715729 0.233661 0.00448594 0.00023068 1.26238e-08 2.18344e-06 4.17785e-06 0.000502227 3.29047e-05 5.81536e-08 5.74654e-08 0.00881533 
0.0296706 0.00919611 0.17756 0.431356 0.137287 0.117405 0.0835213 4.24343e-05 2.35239e-08 0.000717418 0.000520568 9.00276e-05 0.00024321 4.57184e-06 0.0123856 
0.0295188 0.0110473 0.149383 0.40457 0.274482 0.0633876 0.0268732 0.00190325 0.000770977 0.0160649 0.00111813 0.000142223 0.0011969 0.00989466 0.00964698 
0.0878031 0.110855 0.125041 0.354862 0.0933043 0.0262561 0.166579 0.000865982 0.000151413 0.000235283 0.000649114 0.000663643 0.00254856 0.000277574 0.0299087 
0.111509 0.00846018 0.0963236 0.55346 0.0527176 0.06905 0.0434392 0.000741062 3.3192e-07 4.42275e-06 0.00257201 0.000154532 0.0426199 7.59764e-05 0.0188722 
0.0426039 0.0254396 0.104915 0.408588 0.0437398 0.11465 0.103081 0.00158198 1.08428e-05 0.000234448 0.00241742 0.00185855 0.00796715 0.000108584 0.142803 
0.0635869 0.0224205 0.129449 0.543424 0.00835225 0.030439 4.90326e-06 1.90835e-05 4.84377e-08 5.09789e-05 0.000978743 0.000168119 0.153127 1.47824e-05 0.0479645 
0.0335661 0.0167795 0.205176 0.586909 0.0451475 0.0332556 0.0532768 9.14336e-05 1.24963e-08 0.00875382 0.00584288 5.37303e-05 0.000489052 1.35649e-05 0.010645 
0.059101 0.0700191 0.134216 0.517699 0.0650358 0.00624642 0.0808558 0.000338849 1.18442e-08 0.0277736 0.00876557 7.9759e-05 0.00298492 5.53867e-05 0.0268285 
0.0030448 0.00921191 0.102348 0.439774 0.406786 0.0210469 0.00574308 2.51475e-08 1.03105e-06 0.000593856 0.000513551 0.000302188 0.000118772 0.00707697 0.00343963 
0.0474466 0.0356333 0.18158 0.302295 0.145935 0.108811 0.0441334 0.0127177 0.000585624 0.0170312 0.0203553 0.00186535 0.00807415 0.0653928 0.00814435 
0.0412379 0.0771234 0.0979182 0.470887 0.0395957 0.0438556 0.16471 0.00489631 0.012828 0.00348851 0.00768838 0.00280704 0.0186327 0.00160414 0.0127276 
0.0207158 0.112348 0.0198158 0.687928 0.0983915 0.0348978 0.0247684 1.12503e-06 1.12455e-06 1.12566e-06 0.00112629 1.12473e-06 1.12551e-06 1.12558e-06 1.12555e-06 
0.0220405 0.115633 0.17561 0.265037 0.153132 0.0338997 0.200851 0.000850882 0.000295184 0.00165047 0.000829406 0.000118543 0.00732783 0.000349608 0.0223741 
0.013048 0.00124587 0.0176339 0.794797 0.00549196 0.0017894 0.0414558 7.43165e-10 1.14742e-09 2.92266e-07 0.000264403 1.37707e-06 0.00253352 7.46177e-06 0.121731 
0.215128 0.107255 0.208385 0.262209 0.124645 0.00894148 0.0122351 0.00162404 1.76198e-07 0.000425732 0.000197854 0.00207951 0.0139408 0.000104472 0.0428284 
0.00957288 0.000411566 0.137577 0.439342 0.0238298 0.249016 0.112268 0.00150828 1.84347e-08 0.0206444 0.000161508 0.000318274 0.00144447 7.94482e-05 0.0038261 
0.03472 0.00019707 0.196344 0.512718 0.0285937 0.0351732 0.175293 5.80778e-09 3.00409e-12 0.000136051 7.01206e-05 2.83931e-05 0.000341336 4.68081e-05 0.0163388 
0.0511171 0.0689369 0.135176 0.295083 0.0447899 0.142751 0.0664302 0.0185239 2.27483e-06 0.000138223 0.00191043 0.0035532 0.00982911 3.23616e-05 0.161725 
0.000173317 0.000549609 0.251734 0.467515 0.119928 0.0716627 0.083179 4.32109e-08 9.91032e-11 4.40528e-06 0.000752672 2.67385e-07 0.000142602 1.33301e-06 0.00435718 
0.00144534 0.000152187 0.431392 0.482136 0.0293791 0.0383477 0.0151178 6.03415e-08 1.47093e-07 5.61049e-07 8.74488e-05 0.000479914 5.63661e-05 5.1259e-12 0.00140499 
0.0202348 0.00321977 0.0595317 0.665942 0.0110734 0.211904 0.000874868 5.83678e-06 7.28259e-06 0.0144717 0.00251439 0.000647775 0.00461617 9.92398e-08 0.00495605 
0.00285334 0.0457328 0.0343965 0.874781 0.0398523 0.000132921 0.00204055 2.68324e-07 1.28327e-06 2.09615e-05 0.00010418 6.10407e-06 6.84882e-06 1.77918e-05 5.29711e-05 
1.56499e-05 6.5008e-08 0.174559 0.307315 1.09607e-11 0.113125 0.266125 6.42402e-11 9.91842e-11 7.58704e-06 5.46264e-11 2.00125e-05 0.000186036 2.36468e-11 0.138647 
0.0610049 0.188644 0.106582 0.579802 0.0116343 0.00135678 0.00786944 5.32064e-05 2.77342e-05 0.0263707 0.00545422 3.10118e-05 0.00611729 1.3324e-06 0.00505035 
0.0500471 0.127832 0.10066 0.614055 0.0107396 0.0501054 0.0161222 0.00333192 1.25167e-05 0.00206216 0.00371 0.00878238 0.00565389 4.14333e-05 0.00684425 
0.0309168 0.113688 0.00720585 0.750045 0.0829074 0.000774733 0.00818867 6.48072e-07 1.10829e-07 0.000215639 0.00227842 1.77878e-05 0.000305305 5.09344e-05 0.00340475 
0.0342839 0.00859328 0.162706 0.387347 0.0157934 0.013076 0.155777 0.000235104 0.00307236 0.0292077 0.00585595 0.000125822 0.177633 7.69432e-05 0.00621591 
0.177581 0.122138 0.152568 0.20524 0.108826 0.00334862 3.30085e-07 0.000214645 1.16839e-09 3.03307e-07 0.0257565 0.0277818 0.00799164 8.7618e-07 0.168552 
0.0265334 0.0353844 0.240979 0.266706 0.0811255 0.125957 0.127758 0.00706847 1.39363e-06 0.000234892 0.000546776 0.000177963 0.0828585 4.13185e-05 0.00462741 
0.106688 0.0681133 0.108811 0.345631 0.0286747 0.0679329 0.0281761 0.000159067 2.25093e-05 0.21346 0.00060145 0.00973136 0.0053528 1.1707e-05 0.0166336 
0.00606542 0.0695661 0.00901401 0.543114 0.341373 0.000697448 7.91609e-05 3.63702e-05 2.3633e-10 4.85082e-09 0.000144573 9.84601e-06 2.4687e-08 6.20229e-07 0.0299003 
0.0152523 0.0230674 0.330476 0.451898 0.0828949 0.0316131 0.0439496 0.001799 2.00076e-06 0.00699291 0.00451295 0.000325699 0.00110609 0.000100912 0.00600943 
0.0220306 0.141291 0.109082 0.508852 0.0268718 0.0552253 0.0900007 0.000127036 1.01042e-07 8.68269e-05 0.00100678 0.00145057 0.0023693 5.9334e-05 0.0415458 
0.00460386 0.00223182 0.321475 0.416458 0.18691 0.0291433 0.0293871 4.53593e-05 8.29773e-11 0.00759771 1.59716e-06 0.000123754 4.7467e-05 1.6888e-08 0.00197418 
0.0386105 0.0104137 0.115905 0.434745 0.211152 0.0264558 0.020884 0.00108484 3.66191e-06 0.00347023 0.00147861 0.0980014 0.00317033 0.00232405 0.0323005 
0.0182903 8.39001e-05 0.12809 0.801153 0.00513435 0.00186779 0.0246635 0.00038871 1.36449e-09 1.60524e-05 2.5122e-05 4.70659e-07 9.88624e-05 3.64775e-08 0.0201885 
0.0595137 0.0582472 0.184454 0.327189 0.0826355 0.216213 0.01636 0.0231937 0.000425089 0.016274 0.00241345 0.00419301 0.00270234 0.000473168 0.00571217 
0.0925838 0.173769 0.064551 0.21941 0.051665 0.133087 0.206156 0.00310982 5.32342e-07 0.000494531 0.00837329 0.0142661 0.00564058 0.00270152 0.0241918 
0.280555 0.0239383 0.0977358 0.454229 0.0679503 0.00119547 0.00170381 0.000227707 0.00475667 0.0220374 0.000391375 2.23989e-05 0.0281593 6.52505e-08 0.0170971 
0.0332927 0.00100658 0.140304 0.432726 0.161268 0.201333 0.0207728 2.55768e-07 6.91153e-11 1.13437e-05 0.000628082 0.000145488 6.94868e-05 0.00440644 0.0040362 
0.0232983 0.000374369 0.226383 0.623366 0.00803725 0.0214535 0.0962497 1.56716e-06 2.59749e-10 3.39285e-06 3.43745e-08 2.16139e-06 0.000120467 2.27581e-05 0.000687274 
0.000261361 0.00098246 8.80691e-05 0.996462 0.000415573 0.000284413 1.45821e-06 1.14506e-05 1.76792e-05 3.08406e-06 9.73698e-06 1.53756e-05 5.14599e-06 4.21496e-06 0.00143796 
0.015203 0.002465 0.0929286 0.627501 0.024418 0.0921817 0.137479 6.38012e-05 0.000171955 5.15774e-06 0.000835659 0.000562809 0.00291706 0.0011471 0.00211947 
0.00133083 5.45731e-05 0.180712 0.492257 0.00180965 0.0214039 0.274045 2.70479e-08 1.18525e-11 8.79011e-05 7.5265e-05 3.71639e-08 1.91616e-08 7.37071e-06 0.0282168 
0.0281231 0.0204055 0.225471 0.491186 0.028695 0.0504715 0.123298 0.000606491 0.000223808 0.00527873 0.000809423 0.000977013 0.0152851 9.87589e-06 0.00915819 
0.0264367 0.0399735 0.0122654 0.872517 0.00954137 0.00271805 0.0222563 6.23619e-07 9.93069e-06 5.40772e-09 0.00415352 0.000277866 0.000248616 0.00496797 0.00463334 
0.00460386 0.00223182 0.321475 0.416458 0.18691 0.0291433 0.0293871 4.53593e-05 8.29773e-11 0.00759771 1.59716e-06 0.000123754 4.7467e-05 1.6888e-08 0.00197418 
0.0163765 0.00999753 0.0479772 0.293271 0.0151171 0.0118392 0.14198 0.000104157 0.00250267 0.0105619 0.194612 0.0103301 0.219806 0.000104582 0.0254192 
0.0482295 0.0117809 0.254695 0.331357 0.0769716 0.0611283 0.113941 0.00266307 1.62315e-06 0.0711586 0.000252502 0.0012669 0.0134318 0.000389338 0.0127328 
0.0515836 0.235954 0.198833 0.380123 0.0447534 0.0321749 0.0348193 0.00206823 6.30748e-07 1.56256e-06 0.00716807 0.00036224 1.40896e-06 0.00299348 0.00916296 
3.95115e-05 0.22129 3.95127e-05 0.300306 3.95098e-05 3.95081e-05 0.272667 3.94844e-05 3.94679e-05 3.95067e-05 3.94892e-05 0.205304 3.95013e-05 3.95038e-05 3.95029e-05 
0.0185012 0.0468068 0.255401 0.322228 0.11472 0.0104993 0.0680881 0.00544231 0.000808499 0.0221841 0.00188586 0.00167025 0.00297836 0.00033508 0.128452 
0.0132038 0.00183912 0.0302604 0.622642 0.174161 0.119158 0.035514 0.000244739 0.000759402 0.000328748 1.2623e-07 0.000261224 4.00263e-05 0.000358191 0.00122913 
0.0399208 0.00473702 0.239617 0.304286 0.0225016 0.0443865 0.299464 6.45563e-05 0.000801125 0.000350942 0.00113276 0.000223513 0.00512196 5.33758e-05 0.0373388 
0.00258101 0.00180264 0.201145 0.435474 0.30318 0.0264607 0.0209899 0.00151339 1.68803e-05 4.91908e-07 2.44186e-05 0.000568838 0.000272713 1.3821e-05 0.00595639 
0.00655328 0.000376586 0.0998457 0.813813 0.0125722 0.0112156 0.020523 1.99885e-06 2.51578e-11 0.0313504 6.85791e-05 0.000162276 0.000669436 8.94812e-08 0.0028483 
0.0136968 0.163657 0.0173916 0.571002 0.00310582 0.0335996 0.0408515 9.01592e-06 1.81707e-06 0.000830314 0.117074 0.00350238 0.000273624 3.20885e-05 0.0349728 
0.00514242 0.000659617 0.060147 0.699655 0.000924423 0.0274567 0.14212 3.20119e-05 5.93312e-09 5.68659e-05 0.057578 1.59764e-05 0.000346649 1.39914e-07 0.00586486 
0.0470937 0.0327175 0.319065 0.41223 0.0548494 0.0197503 0.0558925 0.00162368 0.00384248 0.0102318 0.00278166 0.00123097 0.00809687 0.00421713 0.0263767 
0.0109081 0.00115524 0.0926877 0.575921 0.236133 0.0698859 0.00717047 1.39731e-06 1.78843e-06 7.27872e-06 0.00397569 5.16316e-07 0.000899234 6.66473e-06 0.00124572 
0.0302723 0.00340896 0.294621 0.601752 0.01456 0.0207423 0.00942973 8.19256e-07 6.01167e-07 0.000174821 3.03392e-05 0.000919447 0.00550503 8.40413e-06 0.0185741 
0.021865 0.00953354 0.26173 0.295237 0.0620082 0.0591805 0.213569 0.00199364 1.32442e-06 0.0593057 0.000660162 0.000265498 0.00154452 0.000405976 0.012699 
0.00616345 0.013076 0.0225307 0.810022 0.114609 0.00252675 0.0276194 4.22971e-05 8.60269e-07 7.21777e-07 0.000487621 4.54011e-05 0.000159038 2.59579e-05 0.00269082 
4.98746e-05 0.018103 0.000659725 0.965268 0.00478272 0.00253828 0.00163787 0.000116455 6.25772e-06 1.09163e-06 0.00626838 0.000304413 2.41582e-05 1.49192e-06 0.000238712 
1.46009e-06 0.0515394 0.336562 0.397556 0.0865808 0.0487641 0.0443877 1.45909e-06 1.45848e-06 0.00131538 1.45926e-06 1.4587e-06 0.00715405 1.4598e-06 0.0261313 
0.0376193 0.015487 0.1045 0.502492 0.124234 0.00661892 0.0240901 7.15878e-05 8.24414e-08 0.000298185 0.00383277 0.0155272 0.00227601 1.0208e-05 0.162943 
0.00819417 0.140938 0.131121 0.621897 0.0218163 0.00249375 0.0702627 5.11252e-05 1.42683e-05 1.00943e-05 0.000384528 4.20063e-05 2.72848e-05 1.01862e-05 0.00273787 
0.0741971 0.00468019 0.0241474 0.672141 0.136723 0.0125752 0.0585011 2.7831e-06 3.5166e-06 1.722e-06 0.000206252 0.00409038 0.0115926 1.13078e-06 0.00113694 
0.0352589 0.0147981 0.0386076 0.669822 0.15301 0.014322 0.00130904 3.55679e-05 9.84525e-09 4.24712e-08 0.00463415 1.9141e-06 0.0122909 1.01909e-05 0.0558997 
0.0403476 0.0140256 0.0864436 0.576684 0.169933 0.0466807 0.0046058 0.000124997 0.000735446 0.000114042 0.00262436 9.70668e-05 0.0279549 1.121e-05 0.0296178 
0.0553629 0.0252332 0.0912367 0.574173 0.0568579 0.0533729 0.0521693 0.0117764 0.00405236 0.0193639 0.0191018 0.00169862 0.0218005 0.00065685 0.0131434 
0.118306 0.058697 0.190766 0.237565 0.029355 0.0908619 0.113785 0.00830273 0.0233384 0.0029532 0.000470059 0.00277823 0.00454068 0.00206682 0.116215 
0.069945 0.0428903 0.227272 0.369468 0.0463234 0.13237 0.0558796 0.00572504 0.000291515 0.0373968 0.00378564 1.26824e-05 0.00313388 0.000248964 0.0052565 
0.0375906 0.0419564 0.185325 0.272355 0.14887 0.0876249 0.109864 0.0003341 7.26185e-06 0.0094981 6.82023e-05 0.000140369 0.00447734 2.01611e-05 0.101868 
0.059131 0.0839864 0.0180686 0.407979 0.0490232 0.042582 0.0196953 0.00226779 2.6734e-05 0.0133993 0.210388 0.0217032 0.0665813 0.000481214 0.0046867 
0.00968406 0.00709112 0.265452 0.502358 0.0972795 0.0897962 0.0146763 0.00027202 1.50665e-06 0.0025411 0.000955323 6.69882e-08 0.000108412 3.3299e-05 0.00975112 
0.0570172 0.0123625 0.178671 0.510463 0.0697479 0.0663615 0.0744911 0.00521834 0.0010458 0.00668082 0.01027 0.000205512 0.00136318 9.61283e-05 0.00600557 
0.05325 0.0648809 0.0137996 0.629093 0.104227 0.0124557 0.0460774 0.00245247 1.84215e-07 0.000693645 0.00197039 0.00221679 0.000241917 0.0685781 6.26652e-05 
0.155335 0.290855 0.0426333 0.328937 0.0939247 0.0175947 3.23021e-07 8.44993e-08 4.99735e-08 3.02635e-08 0.0191363 0.0180842 0.00169358 0.000708359 0.0310972 
0.00968344 0.00751198 0.0991911 0.436442 0.299603 0.0486235 0.00873712 0.000360482 2.91457e-08 1.19103e-05 0.0016677 0.000746544 0.000564817 0.0752326 0.0116234 
0.0222689 0.0272053 0.00037093 0.407584 9.0674e-05 0.16136 0.139216 5.53696e-10 8.54884e-10 3.52074e-07 1.35018e-06 0.00021586 0.00123723 0.234686 0.00576279 
0.057655 0.0734869 0.032834 0.603843 0.0602862 0.00368334 0.0407405 2.18627e-07 8.21917e-06 0.000204512 0.0311511 1.79882e-05 0.00488178 0.000181416 0.0910261 
0.317492 0.0284265 0.0511949 0.483146 0.0540265 0.00166664 0.00140087 0.000285479 1.54805e-06 0.0105855 0.00569366 0.00104101 0.0135235 5.7477e-05 0.0314582 
0.010143 0.168324 0.0537816 0.663095 0.031806 0.0136597 0.0195281 0.0336624 0.000144557 3.95266e-08 0.000119361 0.00108598 0.000888597 0.000135959 0.00362517 
0.0330044 0.0168695 0.0756958 0.588949 0.143875 0.0237896 0.0356809 0.000223347 8.4394e-06 0.0172523 0.000965518 0.000134706 0.00321925 2.0695e-05 0.0603113 
0.00340527 0.000678346 0.0404879 0.666893 0.0170577 0.0065706 0.246011 3.11505e-07 2.43925e-10 1.41665e-06 0.000759666 0.00028447 5.37818e-05 4.34408e-05 0.0177529 
0.0403654 0.166563 0.143663 0.208064 0.0930738 0.0773072 0.0911305 1.31056e-09 0.012673 2.02989e-07 0.000525935 0.0111276 0.0103044 2.3518e-05 0.145178 
0.0137812 0.0458063 0.0592221 0.679095 0.160669 0.0158248 0.00163948 8.48988e-06 1.28584e-05 4.22733e-09 0.00524622 0.000745288 0.000134598 5.77746e-09 0.0178147 
0.033284 0.0650406 0.0550104 0.444688 0.0513879 0.172214 0.149252 0.000644373 0.000190482 0.00386184 0.00755297 0.000388061 0.000184633 6.31915e-05 0.0162375 
0.14488 0.0380363 0.0794488 0.354019 0.0942079 0.0154111 0.233423 1.5835e-06 3.27224e-05 0.000207524 0.000552219 0.00101599 0.00247174 4.33249e-05 0.0362491 
0.0100226 0.00484349 0.176795 0.575606 0.154926 0.0169998 0.0419786 0.00352276 1.20237e-10 0.000798078 0.0037844 5.99479e-05 3.99167e-05 1.10639e-07 0.0106232 
0.00259235 0.027367 0.132758 0.481676 0.103042 0.0718231 0.148193 1.01838e-07 1.57233e-07 5.90148e-06 0.000721519 0.0309082 0.000362943 1.71075e-05 0.000531268 
0.034081 0.0181997 0.0810664 0.452093 0.0529428 0.217012 0.0683381 3.9723e-05 9.96807e-09 0.0058974 0.00104671 0.000303419 0.00043314 0.0632964 0.00524992 
0.0574928 0.0121843 0.0652992 0.696283 0.114083 0.0139035 0.0151191 0.00409253 0.00238765 0.0152707 0.00190139 7.72626e-07 0.000816334 5.67413e-05 0.00110919 
0.184482 0.0701231 0.0959655 0.3108 0.0932649 0.152094 0.0173457 0.0111694 5.41498e-05 0.000147585 0.00137319 0.00585487 0.0372161 6.66308e-06 0.0201038 
0.042651 0.0208838 0.0520954 0.643477 0.0147859 0.0496065 0.0960792 0.00803168 0.0127272 0.00472731 0.00456711 0.00119538 0.0135007 3.37848e-05 0.0356384 
0.0728614 0.174934 0.0367263 0.553745 0.0241681 0.0958899 0.00765565 0.00108536 5.77929e-05 2.44682e-05 0.0116876 0.0003541 0.000122782 0.000109775 0.020578 
0.0364665 0.0211369 0.0529292 0.771348 0.0931771 0.00146075 0.00112775 0.000930663 2.39837e-06 2.63884e-06 1.25535e-05 0.000254069 6.98107e-07 1.33047e-06 0.0211494 
0.111446 0.117474 0.0407952 0.59149 0.0639838 0.00927134 0.0185572 0.000173263 3.31414e-07 0.0217955 0.00886918 0.000242032 0.00386631 3.4332e-05 0.0120022 
0.0882979 0.107448 0.0224506 0.401935 0.170745 0.0201082 0.0751781 0.00306714 1.39071e-08 0.000859166 0.00194793 6.39194e-05 6.97715e-06 0.107874 1.77398e-05 
0.047467 0.243653 0.126222 0.308468 0.0564252 0.0225113 0.0805937 0.00030127 5.75165e-05 0.0271957 0.0137734 0.0144887 0.0192478 4.25444e-05 0.0395532 
0.10353 0.0287765 0.0458282 0.308575 0.273642 0.0422642 0.0564778 5.78517e-05 0.000503157 0.00336794 0.00316266 0.000594589 0.00617782 0.121203 0.00583984 
0.0408071 0.0252783 0.193835 0.275554 0.23143 0.0394251 0.0170985 0.00021718 0.000171115 2.52643e-07 0.00141303 0.0054363 0.000590054 8.56055e-08 0.168745 
0.0399797 0.0132444 0.12213 0.298854 0.232844 0.0531271 0.0330699 0.000387379 1.20785e-05 4.37725e-05 0.000561618 2.21357e-05 0.000130235 0.00577673 0.199817 
0.0326093 0.000895965 0.196803 0.377618 0.104669 0.172033 0.0436319 2.68924e-08 2.09564e-06 1.49794e-06 0.00382035 2.27239e-05 0.00668173 0.0237089 0.0375022 
0.0411906 0.0686242 0.105593 0.37223 0.245271 0.0111136 0.0122503 8.52823e-05 0.114215 0.00621629 0.00902388 4.09817e-06 4.17971e-05 9.58813e-06 0.0141319 
0.0206973 0.0403567 0.220486 0.554315 0.0611637 0.0334508 0.0390809 0.000154487 0.00012473 0.00560556 0.00236036 0.000555895 0.00373868 0.00012507 0.0177851 
0.0141272 0.144325 0.05816 0.63361 0.0819982 0.0191361 0.0093036 0.000217714 0.000358623 0.00382367 0.00347684 0.000609424 0.0010104 0.015058 0.0147851 
0.0906392 0.0127808 0.0387587 0.407846 0.022848 0.0400484 0.331423 9.03359e-05 3.56405e-07 0.00168189 0.000123107 0.000658367 0.00420661 2.49144e-05 0.0488695 
0.0280793 0.18568 0.210851 0.261646 0.0396299 0.0318004 0.170755 0.000288133 1.61209e-06 0.00368025 0.00275332 0.000490879 0.0157651 0.0130626 0.0355157 
0.103725 0.0574183 0.178539 0.42056 0.148539 0.00456725 0.0159082 3.86887e-08 1.58079e-08 0.000670913 0.0019242 0.0446294 0.00287062 0.000125553 0.0205219 
0.00144534 0.000152187 0.431392 0.482136 0.0293791 0.0383477 0.0151178 6.03415e-08 1.47093e-07 5.61049e-07 8.74488e-05 0.000479914 5.63661e-05 5.1259e-12 0.00140499 
0.0865574 0.301788 0.0332339 0.309886 0.0780202 0.0526154 0.0853218 4.485e-07 1.40912e-06 1.10854e-10 0.00360694 0.000296558 4.70701e-06 1.51772e-06 0.0486658 
0.0638897 0.0434222 0.145369 0.431926 0.116096 0.00760551 0.0670559 0.0170444 2.402e-05 0.0625802 0.00702356 0.00583532 0.00331017 0.0182731 0.0105452 
0.0482295 0.0117809 0.254695 0.331357 0.0769716 0.0611283 0.113941 0.00266307 1.62315e-06 0.0711586 0.000252502 0.0012669 0.0134318 0.000389338 0.0127328 
0.128896 0.274276 0.0352504 0.38894 0.020133 0.0395842 0.016198 0.000495963 3.01654e-07 1.83322e-05 0.0048561 0.0160216 0.00312383 1.76783e-05 0.0721883 
0.00579504 0.0121084 0.113849 0.498572 0.199882 0.00800106 0.00825692 1.10677e-05 2.83511e-05 0.000502421 0.000865495 3.90378e-06 1.83724e-05 2.92654e-05 0.152077 
0.0233423 0.00860107 0.0651121 0.443315 0.0767788 0.259531 0.107522 0.00175303 0.00107381 2.7404e-05 0.000242133 6.6153e-05 0.000993566 2.40984e-05 0.0116165 
0.0606994 0.00316118 0.241435 0.538253 0.0224949 0.0176135 0.0646764 0.00552409 4.86074e-07 0.0268709 0.000213995 0.00128957 0.00611549 1.70706e-05 0.0116353 
0.14907 3.87468e-07 0.00136417 0.75948 0.0258605 0.0335893 0.0219412 1.5736e-05 3.01555e-06 0.00243662 1.69873e-05 2.06936e-05 0.00267905 2.47515e-06 0.00351944 
7.41565e-08 0.0120092 0.0302274 0.605007 0.295439 0.023239 0.00293378 1.15738e-07 2.49713e-10 1.22861e-08 5.44053e-07 1.59766e-07 7.81814e-05 0.0069204 0.0241458 
0.0112177 0.00563147 0.218929 0.496776 0.123214 0.10738 0.0179428 2.28516e-06 0.000400201 0.00230422 8.85469e-05 8.4665e-06 0.000284561 2.02515e-07 0.0158208 
0.110287 0.0345795 0.190728 0.459959 0.0485953 0.00862537 0.0646594 0.0153353 2.46436e-05 0.00226803 0.00279132 0.000253742 0.00512484 0.0310804 0.0256868 
0.00173758 0.000216714 0.030459 0.952216 0.00234028 0.000520602 3.81777e-06 5.44993e-07 2.1337e-08 0.000252483 7.43256e-05 7.22293e-07 0.000328843 5.08703e-09 0.0118487 
0.00550982 0.0154041 0.0256618 0.425618 0.0713832 0.0169909 0.0378925 0.000167537 0.00550482 1.58036e-05 0.00345517 0.00125892 0.0873682 0.293615 0.0101546 
0.184482 0.0701231 0.0959655 0.3108 0.0932649 0.152094 0.0173457 0.0111694 5.41498e-05 0.000147585 0.00137319 0.00585487 0.0372161 6.66308e-06 0.0201038 
0.0048561 0.0120214 0.0938496 0.813461 0.0548029 0.00335057 0.00115826 4.48283e-07 0.00693742 9.94439e-06 0.00478474 0.000167401 0.000852486 1.54691e-05 0.00373194 
0.0664281 0.00283386 0.178267 0.304505 0.126354 0.193558 0.0398585 3.45774e-05 5.56039e-11 5.24197e-06 0.00304472 0.000854612 0.00766779 0.0038967 0.0726921 
0.00398167 0.0235897 0.0929048 0.643685 0.0643737 0.131228 0.00341618 0.000209464 1.04587e-07 0.00871748 0.00212944 7.58222e-05 0.000213329 0.00694176 0.0185335 
0.175939 0.0700411 0.191958 0.346312 0.123016 0.0111753 0.0346815 0.00146005 0.000137766 0.0140526 0.00500969 0.0016305 0.00514346 0.00976034 0.00968333 
0.121504 0.0679186 0.169547 0.414453 0.0724865 0.0490856 0.0554458 0.0050059 0.000166468 0.0299611 0.00246878 0.000430742 0.0103586 0.000805599 0.000363006 
0.013079 0.00144761 0.327345 0.500197 0.0242311 0.0664075 0.0327326 0.0281376 2.10745e-06 0.000801629 1.3148e-05 3.5625e-05 0.00337363 0.000251055 0.00194631 
0.0717924 0.00162389 0.179844 0.377672 0.0658244 0.147183 0.130417 5.02528e-05 9.76703e-08 0.000593692 0.00102395 8.61117e-05 0.00760821 0.000103846 0.0161779 
2.25899e-07 0.0381047 0.0226074 0.781994 0.128856 0.0216828 9.69852e-11 2.67144e-07 0.000728502 2.0512e-10 0.00108242 0.00494252 2.60722e-07 9.95618e-08 3.25432e-07 
0.0983705 0.0876087 0.192152 0.271092 0.123064 0.0465875 0.0190476 0.0625649 5.69214e-08 0.0291373 0.000847308 0.0440596 0.0200153 0.000139134 0.00531398 
0.112911 0.00809852 0.274609 0.290341 0.0149081 0.0290509 0.223692 0.000489022 1.01415e-11 3.16908e-05 3.81981e-08 0.000718121 0.00170235 6.82451e-06 0.0434409 
0.0562441 0.00623482 0.0605409 0.520269 0.17175 0.0420286 0.0781217 0.000381742 0.0327238 0.00774571 0.000433391 0.00432958 0.00580907 0.00222565 0.0111622 
0.00933196 0.0576568 0.167231 0.619302 0.077182 0.0477806 0.0137587 1.90533e-11 0.000189665 0.00142199 0.00174813 0.00213239 0.000509142 5.63181e-06 0.00174944 
0.0865574 0.301788 0.0332339 0.309886 0.0780202 0.0526154 0.0853218 4.485e-07 1.40912e-06 1.10854e-10 0.00360694 0.000296558 4.70701e-06 1.51772e-06 0.0486658 
0.0949274 0.00904637 0.229417 0.254073 0.10011 0.0393201 0.0591576 1.94155e-05 1.27997e-09 6.27113e-05 0.139369 0.0160314 0.00238379 2.1645e-06 0.056081 
0.154558 0.0468188 0.144594 0.373763 0.116272 0.0288822 0.0856074 0.000933833 1.61499e-09 0.000308954 8.88595e-05 0.00693387 0.0267769 0.00082937 0.0136334 
0.0195434 0.0725405 0.0476134 0.674574 0.0697481 0.0022453 0.103445 0.00218365 1.34183e-06 8.70845e-05 0.000741187 0.000883199 0.00128867 4.96279e-06 0.00510029 
0.0107611 0.13685 0.0661693 0.717333 0.0156257 0.0223141 0.0120996 0.000343693 4.22354e-05 0.000148408 0.0160992 1.89903e-06 0.000533313 5.45452e-06 0.00167336 
0.0138903 0.0433163 0.131855 0.755481 0.0128173 0.000504812 0.0056863 4.60911e-07 0.00410824 0.00829205 0.00728805 0.00117989 0.000977409 0.000437206 0.0141651 
0.0794255 0.237703 0.207811 0.279941 0.0218017 0.0706683 0.0163603 3.50822e-06 9.3411e-10 0.00143049 0.000114289 0.00329239 8.31168e-05 2.97218e-05 0.0813353 
0.145278 0.230356 0.0559946 0.369869 0.0716191 0.00613868 0.0467627 0.000386644 0.0344536 0.000220626 0.00436464 0.00346123 0.000679325 0.0103198 0.0200958 
0.0258866 0.0244373 0.0774893 0.533668 0.13321 0.0381719 0.0148578 0.000169777 0.000909131 0.00419547 0.00680204 2.90013e-05 0.000417037 0.000450741 0.139305 
0.0677551 0.0542307 0.253922 0.287271 0.137297 0.0731697 0.0650445 0.0114075 0.00216048 0.0108219 0.00625408 0.00349109 0.0102811 0.00414258 0.0127513 
0.0957007 0.130272 0.129712 0.402582 0.0175211 0.0174111 0.0309537 0.000133909 1.63595e-07 0.00400472 3.50114e-05 0.149962 0.00365754 5.47909e-05 0.0179987 
0.00378686 0.000319738 0.0188933 0.782706 0.0276018 0.143761 0.00764699 5.13413e-05 6.01959e-08 0.000297982 0.00824012 1.07861e-06 0.000775875 3.97548e-05 0.00587805 
