0.0150989 0.124445 0.172502 0.00940883 0.406686 0.0110409 0.00282499 0.000863743 2.56942e-10 0.000150827 0.224265 1.05728e-05 0.00105868 0.0167367 0.014907 
0.0282843 0.0239072 0.0944944 0.00686671 0.623772 0.00286707 0.0810112 0.000897552 0.0352897 0.00395804 0.0108838 0.0033585 0.00200189 0.0730879 0.00931992 
0.00934676 0.00467279 0.218141 0.0203764 0.6527 0.00202794 0.00313184 0.0720864 1.16631e-07 0.00451301 0.000806797 0.00133325 0.00310682 2.51906e-05 0.00773115 
0.00862898 3.12883e-05 5.46185e-05 0.253622 0.398586 0.225952 0.000176567 2.91442e-08 0.000609845 7.84959e-09 2.47827e-08 0.0113335 6.60691e-06 1.0728e-08 0.100998 
0.0026165 0.0247706 0.33444 0.0959545 0.536253 0.00364054 0.000183804 0.000253663 6.88553e-06 0.000143945 0.000149946 1.25447e-05 0.000375561 1.30512e-05 0.00118574 
0.0135141 0.017911 0.0792003 0.0277089 0.478874 0.0122269 0.18298 0.0001127 0.000117004 0.00246087 0.0532261 0.000883541 0.0209195 0.109115 0.000749522 
0.00857847 0.00259315 0.00852967 0.0583608 0.726717 0.000150431 0.143831 1.65616e-06 2.55704e-06 6.85341e-06 0.000246458 3.36838e-05 0.000261118 0.000766999 0.0499202 
0.0468422 0.108934 0.0425601 0.277038 0.38356 0.0901222 0.000455395 0.048424 1.25124e-07 0.000107235 0.000238378 0.000243528 0.00124216 1.13734e-06 0.000231872 
0.00215075 0.000161455 0.248157 0.0632149 0.676351 0.00109713 0.000132698 7.42766e-05 7.6552e-13 0.000212711 0.000582767 0.000739088 0.000272936 6.48384e-06 0.00684686 
0.037044 0.0716623 0.0794416 0.00428936 0.348415 0.00344285 0.0461435 0.0465432 1.0417e-05 0.00918577 0.310355 0.00574444 0.00386478 0.0218768 0.0119803 
0.0101771 0.0827841 0.302664 0.0257571 0.450851 0.0117926 0.0439433 3.78467e-05 0.000579295 0.00558941 0.000288076 1.58127e-05 0.000705428 9.67202e-05 0.0647184 
0.041723 0.100083 0.192458 0.088193 0.459875 0.00178915 0.0842518 0.00108869 0.0187838 0.00241871 0.00378108 0.000141496 0.00115601 0.00083177 0.00342448 
0.0271723 0.0912654 0.052595 0.0169984 0.547895 0.0113519 0.173786 0.000711687 0.0188322 0.0027229 0.0375048 0.00472227 0.00441466 0.00471524 0.00531274 
0.0011944 0.0113051 0.0366923 0.0390262 0.819752 0.00487175 0.0658805 6.14365e-08 0.0048494 2.81182e-06 0.000907612 9.04024e-05 0.00079053 0.00998076 0.00465596 
0.0432648 0.137336 0.0566006 0.0091519 0.301724 0.0349299 0.121507 0.240823 6.18008e-05 0.00255346 0.045366 0.000284345 0.000861141 0.00080785 0.00472856 
0.0942703 0.0493713 0.29865 0.0318283 0.407151 0.00716729 0.0385137 0.00153735 3.18242e-05 0.0295691 0.0027557 0.0109753 0.00963619 0.00404161 0.0145009 
0.00331391 0.00860808 0.0268663 0.0536801 0.706893 0.0447602 0.059476 0.00726722 0.00793012 0.0500175 0.000612909 0.000648629 0.000232838 0.0284253 0.00126829 
0.101631 0.19046 0.0230252 0.000723231 0.52532 0.07965 0.0558617 0.0182824 0.000296334 7.63501e-05 0.00397987 0.000340089 1.8605e-05 0.000222341 0.000112805 
0.0417956 0.00746045 0.110383 0.0383536 0.483378 0.00399677 0.0127912 0.00243865 7.77741e-05 0.0172015 0.118245 0.00646589 0.00468252 0.152596 0.000133257 
0.147829 0.164895 0.0611857 0.0365608 0.311628 0.0146679 0.0706445 0.00167335 6.67489e-05 0.0124709 0.0994727 0.0105271 0.00596667 0.0230559 0.0393555 
0.00808235 0.0111245 0.102543 0.115309 0.726859 0.00437418 0.00597501 0.00932408 3.75033e-07 0.00043822 0.00587578 3.47779e-06 8.62328e-05 0.00364186 0.00636239 
0.00177871 0.00521456 0.240981 0.0698608 0.648999 0.014693 0.00492004 0.0109152 0.000306974 4.67245e-05 0.000169854 5.27861e-05 0.000162828 1.95484e-05 0.00187894 
0.00190521 0.033681 0.206255 0.00367999 0.460254 0.206739 0.0047783 0.0786386 3.14284e-06 0.00135063 0.000170663 0.000105655 0.000889333 5.82104e-05 0.00149153 
2.96136e-05 2.36105e-05 0.141213 0.0142456 0.837983 0.00120071 0.00525218 3.32666e-05 1.76497e-11 2.01307e-09 9.7207e-12 1.62937e-05 5.04568e-09 2.04255e-06 9.59678e-09 
0.104081 0.0922689 0.161765 0.106943 0.321169 0.0747321 0.0643661 6.81803e-05 0.000119381 0.00404955 1.08812e-05 0.00121284 0.00843932 0.0123717 0.0484024 
0.00981737 0.0170955 0.186047 0.00212523 0.480551 0.261861 0.0123947 0.00451416 3.37181e-06 0.00596225 0.000196105 0.0179116 0.000602672 0.000265187 0.000652552 
0.00811381 0.0470639 0.125433 0.0108253 0.665318 0.0494832 0.0171459 1.39884e-05 0.000129555 0.0150932 0.000461668 4.30864e-05 0.00105917 0.0567024 0.00311347 
0.0606566 0.00742298 0.277491 0.0252899 0.353098 0.0829246 0.0701207 0.000808771 4.28938e-08 0.0252444 0.00511981 0.00214207 0.00524421 0.0784732 0.00596395 
0.017426 0.157293 0.178463 0.0618852 0.338967 0.0185881 0.155871 0.00474966 3.05253e-06 9.87092e-05 0.0373698 0.00257944 0.00593922 0.0149786 0.0057886 
0.00241555 0.00663479 0.143644 0.130336 0.703756 0.0102952 0.000109679 1.20704e-05 1.72124e-08 1.30807e-05 0.000286602 1.11754e-05 2.89803e-06 1.56852e-06 0.0024808 
0.00100172 0.000123072 0.0414313 0.1362 0.785757 0.000933236 0.0106323 5.22043e-07 8.06013e-07 3.64724e-06 0.00101029 5.61107e-06 7.23651e-06 0.0228267 6.64331e-05 
0.0121685 0.0109287 0.0170364 0.00693961 0.644673 0.0247174 0.278587 0.000231605 3.98464e-06 0.00172163 0.000761336 7.4273e-05 0.000825129 0.00112441 0.000206758 
0.00404981 0.00836709 0.0575853 0.132765 0.516097 0.240815 0.0343664 4.12465e-05 0.00205027 0.000641957 5.67105e-05 0.000119115 0.000113981 0.000243478 0.00268823 
0.0257364 0.206115 0.0252164 0.0224051 0.548509 0.00697948 0.14661 0.00274232 0.00368153 7.36957e-05 0.00146269 0.000223281 0.00558769 0.00374961 0.000907927 
0.0113193 0.0246801 0.0277954 1.22546e-07 0.785989 0.00782685 0.000523043 0.000637593 2.27395e-07 0.134113 0.000623766 0.000206667 0.00594888 0.000335822 8.45644e-08 
0.0942703 0.0493713 0.29865 0.0318283 0.407151 0.00716729 0.0385137 0.00153735 3.18242e-05 0.0295691 0.0027557 0.0109753 0.00963619 0.00404161 0.0145009 
0.092975 0.04235 0.0960328 0.0186137 0.326229 0.00908439 0.04191 0.0002169 7.69613e-11 0.00365207 0.0014929 0.0532097 0.312997 0.000360947 0.000875885 
0.00222881 0.0165578 0.308937 0.129027 0.456747 0.0166803 0.0200434 0.000126854 0.0278362 0.000124072 0.000825856 0.00231944 0.00135628 0.000303215 0.0168868 
0.0234196 0.0118815 0.0608992 0.117024 0.607785 0.0109508 0.0464051 0.00312472 8.27259e-06 0.00295927 0.0215926 0.000696696 0.00220525 0.000132334 0.0909164 
0.0302541 0.00834565 0.265682 0.069171 0.397453 0.0512405 0.107578 0.000775271 0.000854823 0.0100592 0.0186685 0.000279879 0.00393337 0.0303458 0.00535773 
0.0512125 0.0336266 0.227659 0.0459409 0.492053 0.0250743 0.064989 0.0180805 0.000371726 0.00998145 0.0102977 0.0012771 0.00391531 0.00944617 0.00607473 
0.0133141 0.0138516 0.0450551 0.0609483 0.674567 0.00341249 0.0322961 6.97727e-06 0.123799 0.000313509 0.0157711 0.00020531 0.00012825 0.0148266 0.00150484 
0.000710688 0.000936904 0.208964 0.064598 0.710574 0.00040348 0.00435598 8.55581e-06 1.15628e-11 0.000154503 0.000380829 0.00075298 0.000220237 1.08798e-05 0.00792987 
0.21195 0.0348689 0.16321 0.0375452 0.353863 0.0550655 0.0818301 0.000112341 5.68822e-10 0.0235325 0.0260128 0.00014308 0.00941907 0.00057693 0.00187108 
0.0571187 0.0161933 0.1559 0.0355648 0.548364 0.0133223 0.04068 0.000287571 3.50318e-05 0.000179501 3.71605e-06 0.0162338 0.00182087 0.111663 0.00263299 
0.0871268 0.0464374 0.0880378 0.00372616 0.377194 0.0112954 0.231955 0.00170099 4.52673e-10 0.00116893 0.00895793 0.00364306 0.00508974 0.00463778 0.129028 
0.0349601 0.0446675 0.11544 0.0939111 0.562783 0.0152509 0.108211 0.000102155 0.00202959 9.22937e-05 0.00223274 0.00363287 0.00440929 0.00365439 0.0086235 
0.0027796 0.00398195 0.0345245 0.0475011 0.614676 0.250204 0.0381945 0.000710602 0.000145293 1.84179e-06 8.19004e-05 5.07179e-05 0.000221755 0.00392009 0.0030067 
0.0287309 0.0217103 0.109395 0.0215661 0.628505 0.00493379 0.0870744 0.00061303 0.0224334 0.0025357 0.00839783 0.00274809 0.00228511 0.0461135 0.0129578 
0.00578848 0.00701844 0.336931 0.0314044 0.565538 0.00727324 0.0219822 0.0129554 1.32647e-08 0.00335435 0.00120782 0.000624193 0.00353239 1.0465e-05 0.00238007 
0.0166386 0.00457375 0.190515 0.00254163 0.345833 0.108392 0.0118801 0.259203 3.36495e-08 5.00348e-06 0.000448129 0.000323748 0.0552672 2.30315e-05 0.00435601 
0.0489315 0.0286227 0.124369 0.252023 0.321204 0.0175465 0.00445995 0.0121881 0.00201076 0.000118197 0.000246141 0.000107002 3.50787e-05 2.57211e-05 0.188112 
0.124792 0.00256985 0.361245 0.0523367 0.376809 0.0237332 0.0495058 0.000871242 4.3197e-11 0.000581393 0.000160306 0.000612455 0.000181104 0.00571301 0.000888833 
0.00689427 0.162357 0.140892 0.0446094 0.392687 0.136054 0.0683891 0.0079372 0.00831859 0.00029848 5.5745e-05 3.39244e-05 0.000340604 0.0103807 0.0207514 
0.039744 0.0507942 0.129265 0.0176192 0.398801 0.1523 0.0875075 0.00635432 0.000941183 0.0268603 0.00166146 0.0144824 0.0575416 0.00290549 0.0132227 
0.109631 0.0440096 0.101329 0.0113141 0.504117 0.00262829 0.0172629 0.000146849 9.37574e-12 0.00312826 0.00315117 0.000103103 0.0115122 0.191523 0.000142816 
0.0454583 0.00178632 0.0281924 0.203175 0.500941 0.0691599 0.0154845 5.48104e-05 0.000132868 0.000102088 0.000142467 0.00511276 0.00243424 0.105425 0.0223985 
0.0510928 0.0683328 0.2409 0.0658933 0.483632 0.0135661 0.0250741 0.00175342 7.08084e-09 0.0184358 0.0179762 0.000965072 0.00165494 0.00610567 0.00461767 
0.0124495 0.0281999 0.0868006 0.0244424 0.75895 0.0057111 0.0319958 0.00134874 1.93154e-05 0.00973821 0.00115348 0.00021465 0.00100755 0.00333329 0.0346353 
0.00722908 0.175749 0.354604 0.0263072 0.380244 0.00791589 0.0034638 0.0306362 1.40227e-05 0.00223138 0.00184852 5.00184e-06 0.000238524 0.000780897 0.00873318 
0.0338379 0.104753 0.0781593 0.0120893 0.389953 0.00203092 0.0267121 0.00108056 0.0119539 0.018338 0.0452031 0.00150922 0.0814428 0.163269 0.0296682 
0.0538075 0.0152096 0.242212 0.1066 0.252953 0.0711521 0.155838 0.0327903 0.000233975 0.000636961 0.00102791 0.0133146 0.00842603 8.07483e-05 0.0457167 
0.123443 0.0444522 0.110007 0.0245125 0.557179 0.0500194 0.0167936 5.47736e-05 0.00502719 0.01739 0.0396519 0.00425972 0.00494287 0.000998311 0.00126834 
0.0321759 0.280145 0.0353984 1.03221e-08 0.567246 0.0661194 0.00138323 0.000191355 0.00106245 0.0149119 4.93066e-06 0.000213421 3.6875e-05 0.00110786 3.22818e-06 
0.0240344 0.0299738 0.207246 0.00490306 0.533342 0.170705 0.0141415 0.00922389 2.68816e-07 0.00369287 0.000209188 0.000315943 0.000981823 0.00013039 0.00110052 
0.0598471 0.117796 0.0727024 0.00389818 0.386055 0.0189102 0.0530846 0.000288137 0.00311756 0.0198059 0.0268054 9.88561e-05 0.0449702 0.192188 0.000432224 
0.0634051 0.103904 0.0737945 0.169676 0.278101 0.02176 0.175533 8.04701e-05 0.0067929 0.00052789 0.0292928 0.00194386 0.00208285 0.000385743 0.0727206 
0.0350853 0.129808 0.103263 0.0791825 0.519462 0.0374669 0.0182716 0.00118656 2.3224e-07 9.62503e-05 0.0303549 0.00231582 0.00141938 0.00396008 0.0381283 
0.00722908 0.175749 0.354604 0.0263072 0.380244 0.00791589 0.0034638 0.0306362 1.40227e-05 0.00223138 0.00184852 5.00184e-06 0.000238524 0.000780897 0.00873318 
0.018776 0.0397804 0.129972 0.077954 0.703103 0.00657229 0.017221 0.000620264 1.22481e-08 0.000121183 0.00042996 0.000541055 0.00026041 2.31591e-05 0.00462506 
0.0304272 0.0450248 0.125322 0.134195 0.361996 0.0143795 0.134133 0.000171221 0.00124243 0.103833 0.000458732 0.0234776 0.00435194 0.0115337 0.00945433 
7.84281e-07 0.0598102 8.13e-07 2.66727e-06 0.647792 0.29239 7.61712e-11 5.98134e-10 9.23495e-10 1.611e-10 2.08586e-06 8.03164e-10 2.68806e-10 2.20173e-10 1.98643e-06 
0.217074 0.158606 0.0826919 0.00123306 0.220612 0.00292974 0.00177162 0.129479 0.000158712 0.01895 0.00114669 2.0021e-08 0.142044 0.000334275 0.0229684 
0.0113509 0.225984 0.236141 0.0336362 0.391724 0.019408 0.0225662 0.00493072 0.00151216 0.0355312 0.000529903 5.86538e-05 0.000561401 0.0143779 0.00168852 
0.0598471 0.117796 0.0727024 0.00389818 0.386055 0.0189102 0.0530846 0.000288137 0.00311756 0.0198059 0.0268054 9.88561e-05 0.0449702 0.192188 0.000432224 
0.139096 0.00315744 0.306995 0.043522 0.349831 0.00858162 0.0418184 0.000100032 1.31442e-06 2.27996e-05 0.00548624 0.0852001 0.00589471 0.000912874 0.00938014 
0.00128113 0.00157457 0.340947 0.0244265 0.628859 0.000374097 5.37656e-09 2.53321e-08 1.90114e-12 0.00158468 0.000453045 8.12974e-08 0.00024272 3.66667e-05 0.000219632 
0.0026165 0.0247706 0.33444 0.0959545 0.536253 0.00364054 0.000183804 0.000253663 6.88553e-06 0.000143945 0.000149946 1.25447e-05 0.000375561 1.30512e-05 0.00118574 
0.0640445 0.106116 0.200843 0.00540564 0.259238 0.180991 0.0791051 0.0260097 1.4222e-05 0.0388831 0.00087723 0.00212975 0.0256266 0.00475856 0.00595835 
0.0056419 0.0708687 0.213549 0.00350086 0.594004 0.0135423 0.0886776 0.00197932 2.9777e-06 0.00116895 0.001377 0.000315589 0.00176817 0.00260816 0.000995017 
0.00830241 0.00123885 0.0118039 0.000811546 0.562893 0.000916517 0.253705 0.000241087 2.4046e-09 0.00193913 0.141685 0.00568107 0.00117603 0.00841053 0.00119623 
0.0217942 0.0151184 0.285881 0.0630999 0.421623 0.113228 0.0258389 1.81877e-05 1.65527e-07 0.000485878 0.000962923 0.000172643 0.00332455 0.00795553 0.0404963 
0.0752712 0.0939188 0.0207422 0.0314399 0.581575 0.000911607 0.0441389 0.00203575 0.000591592 0.00887245 0.132369 0.000108825 0.00480775 0.0029959 0.000221364 
0.0540181 0.101863 0.0562472 0.0498366 0.693248 0.0153794 0.0141995 0.000292485 4.96654e-06 0.000187774 0.0053086 0.00516015 0.00260842 0.000395825 0.00124985 
0.0071823 0.000526407 0.00847953 0.0159063 0.804993 0.160287 3.75517e-07 2.06781e-06 8.51776e-10 1.95158e-08 0.000625828 0.000547435 1.79293e-07 2.03075e-10 0.00144924 
0.0338215 0.00774775 0.0654321 0.026026 0.423161 0.257388 0.0533144 6.50625e-06 4.86747e-09 0.000881037 0.000120741 0.00589387 0.00206157 2.93792e-06 0.124142 
0.0577524 0.0342797 0.223307 0.0110564 0.422219 0.0207318 0.1936 5.95496e-05 9.81708e-05 0.006021 0.00644514 0.00213717 0.0113214 0.00032111 0.0106502 
0.00901427 0.0230333 0.2137 0.0116481 0.409492 0.0462609 0.211369 0.00213786 3.02533e-05 0.0432104 0.000940377 0.00295713 0.00132274 0.003493 0.0213904 
0.00680302 0.0135686 0.0421379 0.0506525 0.473367 0.0112203 0.37168 0.000174796 3.11611e-05 0.000362217 0.0165597 0.000540545 0.00091718 0.00910872 0.00287641 
0.0705169 0.0344221 0.0410091 0.0676331 0.581341 0.0166338 0.0748951 3.81251e-07 2.02176e-10 1.95822e-05 0.00216678 0.00262503 0.00703222 0.09792 0.00378472 
0.00418122 0.000693206 0.181742 0.0319119 0.69056 0.053587 0.025843 0.000210434 1.75288e-09 0.00485922 0.000323808 0.00063133 0.000487402 0.00166351 0.00330595 
0.033174 0.000714926 0.181398 0.119546 0.39283 0.0867738 0.149502 0.00184277 1.42845e-05 0.00249007 0.00923475 0.000345078 0.00237036 0.000142269 0.0196214 
0.037044 0.0716623 0.0794416 0.00428936 0.348415 0.00344285 0.0461435 0.0465432 1.0417e-05 0.00918577 0.310355 0.00574444 0.00386478 0.0218768 0.0119803 
0.193604 0.0362918 0.0389721 0.0103558 0.415722 0.0429524 0.221128 0.000395741 0.000281718 0.00402636 0.00672374 0.00128943 0.0153784 0.00378336 0.00909554 
0.144352 0.195797 0.259036 0.00408268 0.272028 8.2752e-06 0.0613905 1.24262e-05 4.05518e-06 3.20331e-06 2.7883e-05 7.58133e-07 0.00583693 6.25981e-06 0.0574138 
0.0011944 0.0113051 0.0366923 0.0390262 0.819752 0.00487175 0.0658805 6.14365e-08 0.0048494 2.81182e-06 0.000907612 9.04024e-05 0.00079053 0.00998076 0.00465596 
0.0150989 0.124445 0.172502 0.00940883 0.406686 0.0110409 0.00282499 0.000863743 2.56942e-10 0.000150827 0.224265 1.05728e-05 0.00105868 0.0167367 0.014907 
0.0432702 0.0992308 0.0912621 0.0323339 0.596024 0.00219598 0.0415053 0.000161277 0.00216738 0.00019418 0.000581757 0.00621707 0.00389947 0.0357244 0.0452324 
0.00488479 0.0762311 0.171817 0.00543643 0.632284 0.0235086 0.0561551 0.00247303 0.00349045 0.00410425 0.00731415 0.00178161 0.00065295 0.00861152 0.00125552 
0.00616358 0.241683 0.175865 0.0656076 0.352259 0.0345636 0.0139994 0.0661802 0.00172882 0.00808097 0.00118593 0.000137086 0.00133074 0.0213272 0.00988773 
0.0928141 0.145151 0.105416 0.0315038 0.261246 0.0944302 0.212219 0.000845302 1.81539e-06 0.0274678 0.00858445 0.00102619 0.0036077 0.00465207 0.0110342 
0.00709019 0.0101392 0.0973827 0.115332 0.528868 0.0744003 0.0226825 3.87183e-07 3.73543e-06 5.44756e-05 0.00379074 0.131118 0.00471179 4.97838e-06 0.00442049 
0.0024512 0.00110661 0.036491 0.089902 0.600319 0.221541 0.0412837 1.23522e-08 5.27644e-06 7.05038e-09 1.60036e-05 9.73957e-06 3.69826e-05 0.00441837 0.0024193 
0.0191699 0.242779 0.0790064 0.0328011 0.328246 0.0055258 0.0108288 7.52434e-06 0.0342421 0.0003365 0.025045 5.19563e-07 0.00135468 0.19986 0.0207958 
0.00147389 0.0201643 0.258932 0.000672904 0.569373 0.00236737 0.141374 0.000230075 1.72103e-05 0.00280629 0.000711262 2.2284e-05 0.000510409 0.00016216 0.00118297 
0.168155 0.0591928 0.0690274 0.0325588 0.599085 0.00687884 0.00442818 0.00353419 8.90709e-07 0.0415919 0.00416768 2.48733e-05 0.0029539 3.29754e-05 0.00836746 
0.0268307 0.0198618 0.26164 0.0182762 0.568298 0.0546985 0.0347344 0.00101026 1.32691e-06 0.00155324 0.00990796 0.00102862 0.000908034 2.07444e-05 0.00122928 
0.0319001 0.0691413 0.159835 0.0682915 0.61224 0.01347 0.0111865 3.24623e-05 2.87863e-09 4.35332e-05 0.0237036 0.000242647 0.00500435 5.11231e-06 0.00490343 
0.0246617 0.0676877 0.105178 0.00329702 0.66226 0.0127468 0.0425569 0.00120659 9.47687e-05 0.0126828 0.00901549 0.0151604 0.000908283 0.04181 0.000733208 
0.0642767 0.112976 0.0338655 0.0390126 0.594517 0.00169943 0.0019043 0.00108814 0.000384412 0.115495 0.00812976 9.44282e-05 0.00277888 0.000873562 0.0229039 
0.00990915 0.0806144 0.0427199 0.0157506 0.534678 0.0119055 0.171345 0.000761032 0.0637854 0.0261872 0.0296682 5.05837e-05 0.00472563 0.00478085 0.00311862 
0.0382386 0.0368926 0.125914 0.347899 0.41372 0.00959273 0.00969665 0.00291777 0.00395585 0.00156932 0.00253006 0.0024145 0.00295878 8.74706e-05 0.00161255 
0.0636496 0.130904 0.185501 0.0264021 0.438464 0.0446327 0.0674226 0.000460937 0.00767107 0.0123349 0.00212727 0.000237902 0.00889153 0.00661761 0.00468262 
0.0153479 0.135598 0.0306325 0.016068 0.655696 0.00550678 0.0802908 0.000825813 0.0252701 0.00408579 0.0209423 0.00245391 0.00297196 0.000257366 0.00405282 
0.00355539 0.00478582 0.185217 0.0526457 0.457643 0.177797 0.109306 0.000587604 1.48344e-08 0.00113967 0.000298851 0.00148572 0.000804097 0.00333195 0.00140209 
0.00810083 0.00853203 0.355186 0.00751506 0.373124 0.139717 0.092187 0.000301978 1.88564e-09 0.0138634 6.67521e-05 5.80548e-05 0.000662641 5.42411e-05 0.00063041 
0.0138785 0.0127536 0.0415455 0.348328 0.488083 0.0205083 0.00875481 0.000201656 1.30094e-07 0.000112182 0.000261243 0.000451816 0.0474079 0.00393207 0.0137809 
0.0155193 0.0617102 0.201463 0.19624 0.442089 0.0280257 0.00666249 0.00385158 6.91314e-06 0.014001 0.0113793 0.00121558 0.00218929 5.72e-05 0.0155898 
0.000854075 0.0125779 0.0974559 0.0131997 0.839071 0.00331578 0.0150136 1.57369e-05 0.000112785 6.20128e-05 3.02208e-05 0.0179378 0.000204883 4.18186e-05 0.000106668 
0.0125133 0.0455469 0.228557 0.0227436 0.308222 0.0629315 0.0235866 0.288287 7.04603e-05 0.00274993 0.000581563 0.000378228 0.000913567 0.000252081 0.00266613 
0.000815357 0.0173624 0.0424827 0.254405 0.634649 0.0321118 0.00766323 0.000280899 1.24361e-10 2.77871e-06 0.000236817 0.000235652 0.00198553 0.00107382 0.00669555 
0.0488724 0.064933 0.12337 0.0642036 0.482939 0.150812 0.00846426 0.00835167 0.00107962 0.0334191 0.000343816 4.27304e-05 0.000321502 0.00612011 0.00672825 
0.0740578 0.150467 0.166501 0.0108636 0.250334 0.0302587 0.168204 0.0123254 0.00285961 0.00528401 0.0123184 0.0191808 0.0210713 0.0584412 0.0178339 
0.0276181 0.0477139 0.0265068 0.0129554 0.439418 0.00885845 0.395799 4.57045e-05 0.0390457 1.25124e-05 0.000855791 9.36794e-05 0.000289668 0.0001384 0.000648645 
0.0190103 0.0393992 0.169472 0.0093914 0.393156 0.031913 0.171584 0.0937225 1.30453e-06 0.0287284 0.00798109 0.00631461 0.00340794 0.024162 0.00175566 
0.168216 0.0209815 0.151293 0.102777 0.24591 0.041041 0.161901 0.00115726 8.19588e-08 0.000302932 0.00452685 0.0165745 0.0464526 0.00337603 0.0354914 
0.0493155 0.00209733 0.291915 0.0673837 0.3981 0.039246 0.100071 0.00026272 3.95731e-11 0.00965137 0.00416476 0.00025322 0.00100404 0.0352142 0.00132087 
0.00657849 0.0887355 0.00742587 0.00784911 0.835369 6.13791e-05 0.0322008 7.08034e-05 0.00924915 3.58222e-05 0.00443241 0.000310293 3.57019e-05 0.00628284 0.00136304 
0.0809276 0.216581 0.0892776 0.00836684 0.43 0.0120635 0.0790205 0.0208983 0.0200144 0.00108471 0.0138641 0.00321865 0.00166385 0.0222223 0.00079597 
0.00243118 0.00320947 0.0429638 0.0251464 0.826182 0.0189798 0.0696258 0.000969265 1.1705e-05 0.000240051 0.00545067 0.00281866 0.000913508 0.000868469 0.000189162 
0.0468349 0.100701 0.148432 0.0824256 0.343518 0.0812226 0.067817 0.00733486 0.00733571 0.0266209 0.00328389 0.0435788 0.0036115 0.00841889 0.0288637 
0.0654571 0.0273655 0.00641521 0.00945641 0.548899 0.053129 0.0863978 0.155724 1.78721e-09 0.0154142 0.00471526 0.00916885 0.00168684 0.0113813 0.00478916 
0.000309833 0.00487159 0.072435 0.00449044 0.905967 0.000935925 0.000371682 3.6994e-05 2.15114e-07 0.00754904 9.5071e-05 1.28044e-05 8.41002e-05 0.000526097 0.00231422 
0.0937447 0.0494323 0.0797427 0.00566271 0.45249 0.00177689 0.0283657 1.19502e-05 0.00113929 7.05707e-05 0.00249785 0.00324933 0.00361054 0.276436 0.00176962 
0.0103613 0.210197 0.169816 0.139154 0.426246 0.00264566 0.0157315 0.000612884 1.93953e-05 3.78025e-05 0.00772129 0.00018903 0.000308519 1.24086e-05 0.0169463 
0.0207622 0.0522078 0.183739 0.0181109 0.482911 0.0509932 0.0204827 0.000879866 0.000692136 0.0479082 0.00185889 0.00370741 0.112355 0.00214782 0.00124402 
0.00465308 0.0200405 0.0376275 0.0109547 0.594965 0.00284671 0.00506385 4.44714e-06 0.255842 0.000656927 0.0152647 5.29062e-06 0.000361747 0.0490047 0.00270901 
0.149931 0.0586257 0.160854 0.0645184 0.274619 0.0729622 0.110866 0.000925316 0.0151518 0.0286322 0.00340315 0.000529412 0.0132227 0.00092617 0.0448321 
0.0177112 0.0108076 0.149385 0.0156876 0.648703 0.020897 0.0399072 0.0340447 3.76644e-08 0.00136267 0.00050342 0.00340227 0.00105408 0.0542439 0.00229018 
0.0849846 0.035123 0.0890778 0.0658735 0.499541 0.00204425 0.156521 0.000537056 0.00425598 0.00249571 0.000554954 3.51047e-05 0.00478237 4.29966e-05 0.0541312 
0.0253008 0.174404 0.0722705 0.00527241 0.67053 0.00677257 0.00223592 0.000436638 2.31614e-05 0.0231167 0.0160037 0.00106643 0.00153157 0.000260316 0.000775359 
0.092975 0.04235 0.0960328 0.0186137 0.326229 0.00908439 0.04191 0.0002169 7.69613e-11 0.00365207 0.0014929 0.0532097 0.312997 0.000360947 0.000875885 
0.013775 0.157777 0.193699 0.10316 0.354314 0.00423368 0.0529 0.106924 2.71682e-05 0.000379723 6.63528e-05 5.95625e-05 0.000504091 0.000406697 0.0117744 
0.0393361 0.0176594 0.182309 0.0766517 0.648284 0.00839982 0.00764802 0.00136215 3.09968e-05 0.000138948 7.11753e-05 0.0108401 0.00121945 0.000147988 0.00590086 
0.00907325 0.0160601 0.337578 0.0272254 0.491151 0.0380715 0.0339152 0.0282599 1.19916e-05 0.00313392 0.000224114 0.00936967 0.00174692 0.00285849 0.00132024 
0.035116 0.193013 0.138256 0.00238673 0.511358 0.00697082 0.00212834 0.000244318 0.0976754 0.00716659 0.000492493 0.00338155 0.00149774 0.000206278 0.000107224 
0.0450032 0.0696794 0.181847 0.224489 0.250796 0.0454253 0.0289311 1.91167e-05 1.08419e-06 0.0292348 0.000109089 2.25737e-06 0.0035711 1.36106e-07 0.120892 
0.0153181 0.0209764 0.0849975 0.0154421 0.536721 0.0526497 0.249444 0.00189516 0.00779277 0.00719763 0.00258686 0.00123581 0.000438102 0.000289819 0.00301505 
0.0345591 0.00163124 0.187541 0.0141991 0.73546 0.0113 0.00599776 0.00020715 2.01434e-08 0.000514451 0.000126597 0.000227607 6.91904e-05 0.00799234 0.000174471 
0.182144 0.198791 0.0639094 0.0631183 0.222125 0.113088 0.120678 0.0016606 7.69724e-09 0.00501129 0.00331881 0.000154148 0.0138909 0.000584778 0.0115261 
0.116412 0.00271886 0.000102015 0.00190499 0.86311 0.0124216 1.8053e-07 0.0011782 2.18874e-06 0.000204277 5.66508e-06 0.0019133 1.31366e-05 1.36448e-05 5.60403e-07 
0.024462 0.00168719 0.0973222 0.0340742 0.404424 0.0432695 0.376045 6.19083e-06 3.03687e-10 1.75692e-05 0.000194583 2.42825e-06 0.000605346 0.0135985 0.00429098 
9.86531e-05 7.86492e-05 0.271783 0.0179473 0.688742 0.0036763 0.0175066 0.000110721 4.5165e-12 2.56731e-09 2.4875e-12 5.41995e-05 6.4375e-09 2.60809e-06 1.22494e-08 
0.00571552 0.0235072 0.0326316 0.00356758 0.709925 0.0153076 0.0373511 0.0939121 9.61966e-08 2.17811e-06 0.00150207 0.00178019 0.000219471 0.0730938 0.00148473 
0.0940087 0.0397394 0.237396 0.00695394 0.486296 0.0402138 0.0607687 0.000432113 3.00602e-11 0.0199441 0.00366765 0.00184128 0.00331896 0.00328552 0.00213414 
0.00196248 0.270283 0.0104827 0.00167868 0.677822 0.0136989 0.00129936 0.000155557 3.64432e-11 0.0184313 4.33469e-06 2.78749e-05 0.000767721 0.00327887 0.000106683 
0.0364456 0.20686 0.0377891 0.0545906 0.480738 0.0051844 0.122956 0.000119755 0.0166797 0.000120502 0.00947109 0.000213121 0.00117211 0.0275388 0.000121114 
0.00609649 0.190191 0.133569 0.0650003 0.348023 0.0718954 0.0266979 0.00259831 0.00235284 0.00233871 0.000626622 0.00308531 0.000972735 0.114913 0.0316396 
0.00384461 0.00543602 0.363274 0.0266719 0.561586 0.0109152 0.0153675 0.000118512 2.67554e-06 0.000306011 0.00110679 0.000156116 0.000591405 0.00963327 0.000990165 
0.046864 0.0561142 0.275567 0.0627383 0.347335 0.105205 0.049704 0.00456408 2.03744e-05 0.0083742 0.00302147 0.00208628 0.0147525 0.00264161 0.0210129 
0.0521321 0.0424991 0.270407 0.0230351 0.308144 0.0773531 0.164144 0.0175475 0.000784742 0.0160533 0.0047032 0.000397816 0.00313436 0.00323261 0.0164314 
0.0793649 0.0582153 0.15557 0.0200456 0.31585 0.0511172 0.0294446 0.202478 3.28907e-06 0.00133008 0.0233044 0.00437457 0.0244607 0.0276458 0.00679474 
0.0663385 0.162869 0.165174 0.0549196 0.428709 0.00254386 0.0204577 5.11486e-06 1.41656e-06 0.00754596 0.0785472 0.000447424 0.00960503 8.17137e-05 0.00275408 
0.0554742 0.0200254 0.152479 0.194453 0.213292 0.162168 0.131703 0.000888631 0.0016988 0.0074425 0.000707109 0.0273542 0.00884179 0.00265627 0.0208161 
0.00525491 0.186925 0.312757 0.00586062 0.391724 0.0370104 0.0305299 0.000460286 0.000696872 0.00782222 8.98262e-05 0.000126599 0.000651485 0.0171082 0.00298307 
0.00627813 0.0160548 0.371838 0.0685959 0.485379 0.0459601 0.00261104 0.00017898 4.66517e-06 0.000395735 0.000837241 7.72935e-05 0.000434592 9.10753e-06 0.00134599 
0.0606434 0.0166868 0.0870686 0.0205483 0.385527 0.0845593 0.173853 6.11276e-10 3.0758e-07 2.99242e-08 6.99186e-07 0.000873053 0.00278871 3.02417e-05 0.167421 
0.0603652 0.224826 0.196832 0.0125364 0.261015 0.0485427 0.110308 0.0133305 1.50006e-08 0.0204835 0.0139117 0.000385261 0.0315014 0.00414746 0.00181477 
0.0489164 0.149208 0.28863 0.0593498 0.384205 0.00733419 0.0283116 4.47352e-07 0.000409774 0.016833 0.00011633 0.000113631 0.000265655 4.57572e-05 0.0162608 
0.0693567 0.221194 0.117768 0.0116313 0.286052 0.0730564 0.0941511 0.0231545 0.0157207 0.00390814 0.0136609 0.00184893 0.00545357 0.0362486 0.0267958 
0.0406668 0.0803415 0.142889 0.0164968 0.582755 0.0292534 0.0972953 8.24807e-08 0.000331645 3.08735e-05 0.000325562 0.00011232 0.00105075 0.00025945 0.00819147 
0.0243484 0.241684 0.0351142 0.00411409 0.494247 0.0114846 0.0320123 2.49315e-07 4.07917e-05 5.96304e-08 0.155123 6.11557e-07 0.000868908 0.000853701 0.00010819 
0.0273736 0.0456395 0.300994 0.237188 0.318554 0.0182358 0.0219696 0.00135242 0.00066115 0.000891997 0.00050737 3.72538e-05 0.00149692 0.018721 0.00637751 
0.137192 0.0422891 0.261947 0.032274 0.440934 0.00505082 0.0462141 0.00448004 0.000575488 0.0111754 0.00919792 0.000608573 0.0024337 0.00361818 0.00201057 
0.0403349 0.0782219 0.105137 0.143617 0.470561 0.0422584 0.0362483 0.00248242 0.00980767 0.00918384 0.02562 0.000951502 0.0168462 0.00716025 0.0115695 
0.0433647 0.0412645 0.0837846 0.209327 0.498973 0.0326942 0.0427651 0.00175167 0.00158532 0.00373683 0.00285156 0.00640755 0.0083609 0.00842914 0.0147038 
0.0534861 0.265671 0.0278667 0.000691369 0.582159 0.0030389 0.0134879 6.28231e-06 0.000851182 0.000102665 0.015518 1.7382e-06 0.00519867 0.000488201 0.0314327 
0.131832 0.0247187 0.0443538 0.0211321 0.444455 0.005229 0.163498 0.00226582 1.4129e-06 0.000142818 0.00645703 0.0134638 0.117458 0.00296493 0.0220277 
0.0011944 0.0113051 0.0366923 0.0390262 0.819752 0.00487175 0.0658805 6.14365e-08 0.0048494 2.81182e-06 0.000907612 9.04024e-05 0.00079053 0.00998076 0.00465596 
0.00554221 0.000249787 0.0712254 0.0252484 0.864074 0.0176011 0.0110198 0.000415875 3.75099e-05 0.000377584 4.47611e-06 0.000262651 0.000710518 3.16839e-06 0.0032278 
0.0106133 0.0588166 0.0259816 0.0590527 0.711625 0.00996416 0.0528902 0.000125827 0.00857258 8.56096e-05 0.000901513 0.00237057 0.00166659 0.0108474 0.0464862 
0.0135229 0.0170541 0.293343 0.0159262 0.546231 0.0115883 0.0512748 0.0327498 2.22123e-08 0.00215527 0.00195384 0.00123109 0.00898533 1.95972e-05 0.00396488 
0.0559802 0.0418087 0.0729272 0.0127397 0.605336 0.0141897 0.127674 0.000388699 2.84382e-05 0.000549021 0.000477794 0.0102886 0.000482713 0.0438472 0.0132821 
0.0491286 0.098475 0.0556121 0.0101553 0.307017 0.0337712 0.128032 0.180331 7.3486e-05 0.00469952 0.124812 0.000208802 0.00105011 0.000901185 0.00573175 
0.0454003 0.0342003 0.0818609 0.121248 0.532198 0.109515 0.0395992 0.00526206 0.0041663 0.00245827 0.00566168 0.00149966 0.000694314 0.00568277 0.0105538 
0.00547571 0.0148605 0.358944 0.00620975 0.549508 0.0230113 0.034131 0.0020491 1.81839e-05 0.00338118 1.4158e-05 4.4157e-05 0.00119312 6.70781e-05 0.00109311 
0.0022609 0.00353249 0.156728 0.0102308 0.61627 0.0560406 0.0629295 0.000508822 1.53326e-11 0.0010016 0.0635276 0.000765462 0.000517651 0.025064 0.000622657 
0.000117558 0.0319445 0.0475999 0.0257604 0.681885 0.0353801 0.173525 6.88212e-08 0.00357667 1.05454e-10 0.000210009 5.25742e-10 2.81197e-07 4.63935e-07 7.42144e-07 
0.0117266 0.00714123 0.19538 0.00299644 0.418697 0.00571276 0.0232375 0.310117 6.55475e-06 0.00349648 0.00214564 0.00220112 0.00418964 0.00133715 0.011616 
0.0524166 0.192442 0.110225 0.0905332 0.467951 0.0187791 0.0176269 0.00095078 3.25797e-05 0.00966517 0.00909346 0.00568955 0.00187695 0.0183224 0.00439557 
0.0150989 0.124445 0.172502 0.00940883 0.406686 0.0110409 0.00282499 0.000863743 2.56942e-10 0.000150827 0.224265 1.05728e-05 0.00105868 0.0167367 0.014907 
0.0263272 0.0489407 0.152472 0.178918 0.440065 0.0242863 0.0609195 0.00923138 0.00045652 0.00595778 0.0333746 0.000965928 0.00313829 0.00572452 0.0092231 
0.00544452 0.0272012 0.202097 0.00940273 0.494154 0.0927475 0.00802809 0.15519 3.12762e-05 0.00093858 0.00059403 0.000506259 0.00180981 4.60118e-05 0.00180883 
0.00109928 0.0907918 0.147358 0.017248 0.739699 0.00017146 1.00565e-05 0.000239399 5.28308e-09 0.00124882 0.000630611 2.2992e-06 0.000627442 0.000139847 0.000734295 
0.0158495 0.00649544 0.179671 0.081454 0.436416 0.232381 0.0240616 0.00086545 6.90135e-08 5.93175e-07 0.000269107 0.00076625 0.00391383 1.23332e-05 0.0178444 
0.0023721 0.0246203 0.185582 0.00452173 0.69731 0.00554536 0.0671228 3.06731e-05 4.02426e-06 0.000401899 0.000291754 0.000106654 0.000777899 0.0103717 0.000941207 
0.0441572 0.00787396 0.195784 0.0077674 0.389451 0.0237632 0.206648 0.000261609 2.2529e-06 0.0120201 0.0827469 1.31882e-05 0.00079248 0.00571386 0.023005 
0.000989839 0.0035569 0.251092 0.0441102 0.695616 0.00153954 2.26503e-08 4.19145e-05 2.83487e-09 0.000425319 0.000818767 1.29657e-05 0.000350198 2.81006e-05 0.00141837 
0.0286206 0.0648616 0.128703 0.0192005 0.524072 0.0374378 0.0360359 2.15699e-05 0.00046993 0.00406943 0.00662993 1.02641e-05 0.00136945 0.147082 0.00141582 
0.115111 0.222776 0.109446 0.0537157 0.281919 0.0693327 0.0477288 0.0179795 0.00114149 0.0132688 0.0178628 0.00521299 0.00281663 0.000484501 0.041204 
0.05072 0.113696 0.125411 0.035712 0.332598 0.0270668 0.248971 0.00294267 0.000917607 0.0206977 0.00516164 0.000926003 0.00258453 0.0233041 0.00929139 
0.0134282 0.204105 0.0677426 0.0155414 0.58608 0.0172933 0.0464243 0.00183525 0.00101974 0.00367875 0.0009462 0.00789997 0.00345845 0.0266484 0.00389826 
0.000888792 0.0169102 0.126007 0.00270329 0.819997 0.00464168 0.00435759 2.09317e-05 0.000150246 8.25426e-05 9.67702e-06 0.0239131 0.00011563 5.99008e-05 0.000142155 
0.0166578 0.174774 0.165557 0.0332087 0.452799 0.0219809 0.0918856 0.020715 0.00138748 0.000385729 0.000187425 0.000113536 0.00138423 0.013004 0.00595981 
0.0239471 0.0777038 0.0774168 0.0717516 0.607537 0.0121258 0.0298153 0.00594248 1.06514e-05 0.00231769 0.0167977 9.726e-07 5.78973e-05 0.0016435 0.0729319 
0.00903598 0.351608 0.0420774 0.00862468 0.470695 0.0103541 0.0055731 0.000883059 0.000564539 0.0181023 0.00152836 0.000440414 0.00042202 0.0790493 0.00104194 
0.0311543 0.229519 0.167285 0.154674 0.310812 0.0101393 0.00254093 0.0046607 4.83581e-05 0.00026065 0.00189449 1.33189e-05 0.00397175 5.17771e-05 0.0829742 
0.0598471 0.117796 0.0727024 0.00389818 0.386055 0.0189102 0.0530846 0.000288137 0.00311756 0.0198059 0.0268054 9.88561e-05 0.0449702 0.192188 0.000432224 
0.198193 0.112598 0.113241 0.0389664 0.378331 0.0143247 0.0576769 0.0131312 3.24705e-06 0.00345013 0.00565251 0.0180012 0.0125024 0.007905 0.0260236 
0.0266033 0.0928064 0.232651 0.0556801 0.41271 0.0085456 0.110622 0.000411848 0.000147023 0.00313949 0.00196731 0.0325216 0.00382858 0.000248194 0.0181175 
0.0011944 0.0113051 0.0366923 0.0390262 0.819752 0.00487175 0.0658805 6.14365e-08 0.0048494 2.81182e-06 0.000907612 9.04024e-05 0.00079053 0.00998076 0.00465596 
0.00717296 0.00682533 0.0564061 0.0610963 0.837524 0.00379554 0.0109677 1.00819e-06 1.08522e-06 0.00698499 0.000648028 1.76545e-05 0.00061245 0.000811463 0.00713551 
0.0432648 0.137336 0.0566006 0.0091519 0.301724 0.0349299 0.121507 0.240823 6.18008e-05 0.00255346 0.045366 0.000284345 0.000861141 0.00080785 0.00472856 
0.0395597 0.125354 0.0821427 0.0149736 0.516671 0.114456 0.0781258 0.00479572 0.000946527 2.55995e-05 0.000646527 0.000532236 0.00134157 4.83974e-05 0.0203812 
0.0481335 0.255475 0.127736 0.0108627 0.366198 0.00609797 0.030489 0.00617045 0.00407313 0.00248224 0.0251261 3.38384e-05 0.00528733 0.108219 0.00361522 
0.0432648 0.137336 0.0566006 0.0091519 0.301724 0.0349299 0.121507 0.240823 6.18008e-05 0.00255346 0.045366 0.000284345 0.000861141 0.00080785 0.00472856 
0.0177924 0.0109307 0.285075 0.0322817 0.363203 0.025677 0.215037 0.0104827 1.62958e-05 0.0176097 0.0036294 0.00403907 0.00319124 0.00874251 0.00229169 
0.030709 0.0292536 0.236173 0.14219 0.299859 0.101077 0.0918813 0.00165618 0.00572094 0.00303759 0.00379876 0.0236938 0.00340227 0.00256754 0.0249798 
0.021854 0.208061 0.0760775 0.0189126 0.416149 0.0348167 0.0529786 0.105067 0.00135576 0.0216443 0.00912439 0.0030497 0.00418853 0.0159154 0.0108062 
0.0235229 0.0220226 0.127497 0.0429685 0.436763 0.122809 0.136839 0.00237199 6.62646e-05 0.0166443 0.0305088 0.00679967 0.0036772 0.0123894 0.0151208 
0.0406661 0.262797 0.123878 0.0546757 0.272167 0.00744983 0.0376353 2.25492e-07 0.003994 0.00135237 0.00188276 0.00011463 0.0039258 0.164785 0.0246754 
0.0657973 0.0867166 0.100582 0.0300167 0.325032 0.0165448 0.129318 0.000855729 1.77978e-05 0.0137747 0.163117 0.0028809 0.0200588 0.0028148 0.0424732 
0.00670398 0.326924 0.0492581 0.00694333 0.533355 0.012676 0.0303328 0.000275817 0.000255284 0.00589175 0.000713038 5.68289e-05 0.000742775 0.0247724 0.00109914 
0.0209389 0.0228785 0.0977635 0.0863505 0.66367 0.0224725 0.0123577 0.000517862 0.000120434 0.00021485 0.00086019 0.00158863 0.00685669 0.00190664 0.0615037 
0.0659328 0.173027 0.155518 0.0426665 0.310473 0.0569396 0.14824 0.00395828 0.000260785 0.00742179 0.000532887 0.00190678 0.0125149 0.00137387 0.0192343 
0.0167882 0.000395642 0.218624 0.0819313 0.47456 0.00747649 0.160277 0.000197199 1.94623e-11 0.00509866 0.00575787 0.000943948 0.0195795 0.000151076 0.00821852 
0.0151768 0.0779815 0.29583 0.00820787 0.461706 0.0428747 0.0101331 0.000413385 0.000113244 0.0705344 0.00383622 3.21027e-05 0.0011673 0.0111925 0.000800159 
0.0285537 0.021624 0.122172 0.107092 0.462236 0.0322578 0.0901135 0.000190917 0.00869415 0.00145453 0.000371815 0.000511277 0.001522 0.0977833 0.0254223 
0.030369 0.0833251 0.104201 0.0114311 0.561452 0.0107206 0.0267141 0.00298036 0.00138767 0.000945626 0.0244881 0.0642507 0.00808215 0.0452986 0.0243543 
0.0299904 0.057815 0.101005 0.0087001 0.426912 0.00392508 0.115536 0.00646299 0.00348507 2.82231e-06 0.000841562 0.000410002 0.00413188 0.21878 0.0220012 
6.67338e-06 0.0145476 0.0120063 0.124728 0.839195 0.000309727 6.53324e-08 5.09382e-06 7.92085e-07 2.9604e-06 0.00879054 9.6636e-05 2.30556e-07 9.7135e-07 0.000310172 
0.00571552 0.0235072 0.0326316 0.00356758 0.709925 0.0153076 0.0373511 0.0939121 9.61966e-08 2.17811e-06 0.00150207 0.00178019 0.000219471 0.0730938 0.00148473 
0.044958 0.0295943 0.12499 0.127219 0.498229 0.0479585 0.0563454 0.00398054 0.00816939 0.00225114 0.00346935 0.00853988 0.00172304 0.019231 0.0233406 
1.57201e-05 0.0833264 0.116348 0.0770387 0.584779 1.57187e-05 0.138351 1.57093e-05 1.57027e-05 1.57182e-05 1.57112e-05 1.57051e-05 1.5716e-05 1.5717e-05 1.57166e-05 
0.0524942 0.0500758 0.101638 0.0388045 0.69837 0.00828225 0.00874126 0.000410878 4.60408e-10 0.000950627 0.00120723 0.0348348 0.00178162 0.000876207 0.00153351 
0.0365158 0.0547307 0.127793 0.0116023 0.593357 0.00942879 0.0633978 0.00114836 1.08326e-07 0.091617 0.000127187 0.00274933 0.00119869 0.000310899 0.00602215 
0.0170392 0.168808 0.129312 0.0281613 0.364113 0.112598 0.110144 0.0179983 0.00022511 0.0111386 0.000798737 0.00366217 0.00267721 0.0204246 0.0128996 
0.116973 0.00464554 0.179655 0.0351046 0.302449 0.0793456 0.204697 0.000145474 2.63649e-08 0.00502312 0.000497205 0.0234651 0.0407638 0.00217676 0.00505797 
0.00571552 0.0235072 0.0326316 0.00356758 0.709925 0.0153076 0.0373511 0.0939121 9.61966e-08 2.17811e-06 0.00150207 0.00178019 0.000219471 0.0730938 0.00148473 
0.0492981 0.206393 0.0392371 0.0117274 0.507342 0.00562122 0.0406572 0.000465078 2.46782e-06 0.00769063 0.118132 0.000170655 0.00286413 0.00138274 0.00901612 
0.0528808 0.114783 0.0347242 0.123967 0.454219 0.0118499 0.0192347 0.00240079 0.00214269 2.75572e-07 0.135963 0.000938271 0.0054782 0.0274182 0.0139993 
0.0598471 0.117796 0.0727024 0.00389818 0.386055 0.0189102 0.0530846 0.000288137 0.00311756 0.0198059 0.0268054 9.88561e-05 0.0449702 0.192188 0.000432224 
0.0432648 0.137336 0.0566006 0.0091519 0.301724 0.0349299 0.121507 0.240823 6.18008e-05 0.00255346 0.045366 0.000284345 0.000861141 0.00080785 0.00472856 
0.0496906 0.216088 0.204323 0.0589538 0.33103 0.005934 0.0128444 0.00415223 0.0961862 0.00859834 0.00228356 0.00266821 0.00144309 0.000255407 0.00554973 
0.0389439 0.0275072 0.028104 2.68263e-08 0.777682 0.00668335 9.53898e-05 0.000421279 2.94569e-12 0.110774 0.0026689 0.000128992 0.00556918 0.00142091 8.32109e-09 
0.024447 0.207664 0.10323 0.0046671 0.45445 0.0743969 0.0620669 9.84297e-05 5.43607e-09 0.0199188 0.032652 2.21894e-06 0.000868757 0.000200463 0.0153375 
0.0144247 0.129403 0.0905602 0.00567908 0.531557 0.00723855 0.13352 0.000934493 0.000193797 0.0150076 0.00577637 0.0425947 0.00187394 0.0197672 0.00146946 
0.0662744 0.259142 0.102738 0.0333379 0.361973 0.00495133 0.0870323 0.00909924 0.000313015 0.0109489 0.0411898 6.953e-05 0.00571694 0.0010013 0.0162118 
0.0257638 0.0355765 0.277503 0.152791 0.375347 0.0310209 0.0625751 0.0109069 0.000452863 0.00592346 0.00520721 0.00380744 0.00351718 0.00216834 0.00743966 
0.00132177 0.000171951 0.391299 0.0112885 0.589634 0.00339193 0.00216017 1.53498e-06 1.05703e-11 0.000369441 0.000197005 4.54836e-08 2.68558e-05 1.24415e-05 0.000125446 
0.0243015 0.0205241 0.0956687 0.0684024 0.427871 0.0474337 0.202363 0.00250822 0.0337775 0.000120283 0.00918979 0.00369139 0.000251676 0.0508585 0.013038 
0.0022473 0.275086 0.302522 0.00218637 0.375296 0.00279353 0.0294412 0.00221437 2.89257e-08 0.00193524 0.000106082 0.000297288 0.000578404 0.00023841 0.00505743 
