0.0279764 0.00443434 0.126887 0.132699 0.0536969 0.473518 0.10328 0.000434708 5.04145e-06 0.0534238 0.00684561 0.000304572 0.0127761 3.15347e-06 0.00371519 
0.020675 0.0420092 0.200425 0.0530749 0.0715496 0.3939 0.204905 0.00374626 0.000114285 0.00246097 0.00028112 4.7085e-06 0.000255719 5.48828e-05 0.00654404 
0.0258169 0.010357 0.15879 0.126841 0.0482428 0.497425 0.0953422 0.00235578 0.00178493 0.00683909 0.00297593 0.00233902 0.00407041 0.00261788 0.0142019 
0.0382438 0.0261876 0.158106 0.0950748 0.047693 0.400447 0.195005 0.00214728 0.000509739 0.00567068 0.00712056 0.00189521 0.00653128 0.00389961 0.0114685 
0.0335973 0.0276886 0.158073 0.0110179 0.253394 0.422603 0.0395573 0.0427628 0.000833516 0.0001475 0.000420985 2.8637e-05 0.0016065 0.000168354 0.00810128 
0.0199015 0.0279662 0.0988429 0.151116 0.0237699 0.604577 0.0528996 9.84246e-06 4.13939e-05 1.41887e-07 0.000924591 0.0126038 0.00208582 3.27353e-06 0.00525798 
0.031527 0.00160813 0.0630772 0.0293604 0.0910361 0.670458 0.0573986 0.0260026 0.000626565 0.00136907 0.00188586 8.85186e-05 0.0157469 0.000726096 0.00908901 
0.0465869 0.00296436 0.0582908 0.101895 0.0343518 0.710563 0.0272311 0.00247241 0.000236503 0.00885293 0.000122472 0.00228874 0.000875878 1.06234e-05 0.00325793 
0.0797923 0.0156518 0.0660102 0.0134806 0.0325635 0.687259 0.0727999 0.00013913 0.000164129 0.00367702 4.7545e-06 0.00771567 0.0182079 1.54695e-05 0.00251817 
0.0299018 0.0183889 0.0701344 0.00741896 0.159899 0.310242 0.291706 0.000793511 2.44911e-07 0.0101458 0.0718775 0.0083025 0.00528356 0.00211891 0.0137871 
0.0138417 0.000194921 0.0572886 0.0142226 0.00439424 0.619632 0.239041 0.000216981 1.44149e-09 0.0348536 0.00703978 4.39405e-05 0.00681749 2.44008e-05 0.00238903 
0.0138417 0.000194921 0.0572886 0.0142226 0.00439424 0.619632 0.239041 0.000216981 1.44149e-09 0.0348536 0.00703978 4.39405e-05 0.00681749 2.44008e-05 0.00238903 
0.0216798 0.0724781 0.0130893 0.0214118 0.0723209 0.689607 0.0445602 0.0452778 1.05416e-05 0.000162258 0.00963643 1.82999e-05 0.000208444 0.00238774 0.00715173 
0.0569907 0.0443467 0.1302 0.108823 0.0653231 0.394636 0.143154 0.00247669 4.25982e-05 0.00818442 0.0283012 0.00168686 0.00250718 0.00830137 0.0050262 
0.017282 0.0714828 0.0499214 0.00994972 0.0605014 0.771624 0.0182982 4.93304e-05 3.09036e-05 4.28579e-07 4.4285e-07 3.13571e-07 0.000507842 4.12099e-05 0.000310516 
0.0291585 0.0374002 0.172276 0.272053 0.0235635 0.368461 0.0294437 0.00128419 1.52434e-06 0.0540342 0.00322186 1.40733e-05 0.00511216 8.57774e-05 0.00389001 
0.0986606 0.0418421 0.0852594 0.034362 0.09525 0.322975 0.0357696 0.232318 0.00726901 0.0134533 0.000233922 0.000514245 0.0254698 9.83011e-05 0.00652468 
0.0308895 0.017861 0.0403908 0.0324562 0.0172878 0.758646 0.0434535 0.00114769 7.05756e-05 0.00912292 0.0166543 0.000520024 0.00392488 4.02804e-05 0.0275347 
0.078396 0.0816819 0.196472 0.0789153 0.0526767 0.372109 0.078247 0.000738404 3.82703e-06 0.0261067 0.00265152 0.000888646 0.00112257 3.06083e-05 0.02996 
0.241519 0.00231 0.0852346 0.026281 0.0044138 0.485953 0.149096 0.00201888 5.84195e-11 0.000463865 0.00028615 2.67517e-05 0.000224986 9.07788e-08 0.00217205 
0.0138417 0.000194921 0.0572886 0.0142226 0.00439424 0.619632 0.239041 0.000216981 1.44149e-09 0.0348536 0.00703978 4.39405e-05 0.00681749 2.44008e-05 0.00238903 
0.0810126 0.181617 0.0940143 0.00630473 0.0132643 0.522848 0.00765471 0.0769027 1.65008e-06 7.27945e-05 6.79968e-05 0.000701426 0.000945199 0.000312011 0.0142806 
0.020996 0.0216895 0.273733 0.0811381 0.0203774 0.435903 0.136408 3.45603e-07 7.324e-11 2.56489e-06 1.40774e-05 6.36968e-11 0.000953922 1.74614e-11 0.00878388 
0.0165545 0.0709175 0.113803 0.0108458 0.105808 0.66679 0.0115062 0.00101574 3.46065e-08 0.00112675 9.25921e-05 1.57535e-05 0.00112449 3.51858e-05 0.000364305 
0.0761166 0.0233278 0.121351 0.164574 0.157849 0.340632 0.0398926 0.0231821 4.7045e-05 0.00307481 0.000128154 0.000197482 0.0107523 0.00284468 0.0360314 
0.0138417 0.000194921 0.0572886 0.0142226 0.00439424 0.619632 0.239041 0.000216981 1.44149e-09 0.0348536 0.00703978 4.39405e-05 0.00681749 2.44008e-05 0.00238903 
0.0029942 0.00163166 0.116035 0.0310469 0.05384 0.524283 0.117603 0.126918 2.76441e-08 8.17455e-05 0.000191009 0.000382264 0.0228144 9.88134e-06 0.00216867 
0.0577701 0.134719 0.144222 0.031988 0.0184128 0.562971 0.0147128 0.0166961 0.000606791 0.00156088 6.53289e-05 7.08012e-06 0.0022652 0.00010131 0.0139008 
0.00423721 0.0390917 0.0288949 0.0204911 0.0330879 0.836928 0.0193415 0.0123252 1.64806e-07 0.000209741 0.000598784 4.93473e-05 0.00241432 1.48756e-05 0.00231557 
0.0138417 0.000194921 0.0572886 0.0142226 0.00439424 0.619632 0.239041 0.000216981 1.44149e-09 0.0348536 0.00703978 4.39405e-05 0.00681749 2.44008e-05 0.00238903 
0.0197252 0.000507622 0.0661818 0.00431263 1.06521e-08 0.626607 0.123659 1.86507e-08 1.95208e-12 0.151978 2.78309e-05 1.69773e-12 0.00699492 2.05156e-09 6.57874e-06 
0.020675 0.0420092 0.200425 0.0530749 0.0715496 0.3939 0.204905 0.00374626 0.000114285 0.00246097 0.00028112 4.7085e-06 0.000255719 5.48828e-05 0.00654404 
0.22525 0.0166309 0.184192 0.124019 0.0404405 0.226771 0.127545 0.00398048 0.00156724 0.000105142 0.000710197 1.18686e-06 0.00395631 9.52121e-07 0.0448299 
0.00916415 0.00667597 0.21767 0.25158 0.0796054 0.304124 0.117637 0.00282941 0.000260819 0.00382229 5.46796e-05 0.000113561 0.00105038 2.33253e-05 0.00538883 
0.00295689 0.00195731 0.281852 0.0196464 0.0242723 0.586489 0.0586529 0.0161444 1.91195e-06 0.00328367 4.85864e-05 1.98333e-05 0.00356209 8.64897e-06 0.00110434 
0.151039 0.0210426 0.0461818 0.051442 0.00190793 0.590795 0.127684 1.52054e-05 0.00113765 0.00282581 7.9016e-05 0.00057922 0.00061149 8.82122e-08 0.00465866 
0.0432827 0.0803681 0.0297417 0.263641 0.0181457 0.465351 0.0470245 0.000108476 1.04411e-07 0.000132841 0.000718285 0.00179247 0.00682341 1.92999e-05 0.0428498 
0.00684116 0.021501 0.00628964 0.0913055 0.0134944 0.805407 0.00878633 0.000480839 1.27264e-08 0.000142373 0.00109216 2.3448e-05 0.00141109 4.24702e-05 0.0431822 
0.0138417 0.000194921 0.0572886 0.0142226 0.00439424 0.619632 0.239041 0.000216981 1.44149e-09 0.0348536 0.00703978 4.39405e-05 0.00681749 2.44008e-05 0.00238903 
0.0138417 0.000194921 0.0572886 0.0142226 0.00439424 0.619632 0.239041 0.000216981 1.44149e-09 0.0348536 0.00703978 4.39405e-05 0.00681749 2.44008e-05 0.00238903 
0.0270558 0.0470571 0.0971203 0.0589002 0.0735497 0.594679 0.00923338 0.0287109 0.000401052 0.00355048 0.0327761 0.000883918 0.0201146 0.000164285 0.00580372 
0.00274667 0.0040004 0.127572 0.0734667 0.0874113 0.64556 0.0444677 0.00299568 7.32528e-07 0.000837398 0.000199196 0.00231962 0.000371038 4.7708e-05 0.00800369 
0.0028911 0.00158192 0.0343236 0.30578 0.281813 0.308958 0.00845439 0.000113015 0.00478497 0.00473917 0.00017382 0.00446215 0.00273324 0.00918317 0.0300085 
0.120452 0.00680072 0.0371112 0.0693805 0.0129243 0.557067 0.133828 0.00149491 0.000111106 0.0153582 0.000150103 0.00748232 0.0366507 1.30112e-05 0.00117564 
0.00877141 0.0177232 0.242935 0.0389758 0.0218355 0.451745 0.136034 0.0752915 2.05624e-05 0.00188931 0.00060728 0.000224386 0.00106178 4.37552e-05 0.00284107 
0.0358791 0.0612153 0.113025 0.0640866 0.064416 0.438136 0.213254 1.35049e-05 0.000401713 0.00034536 0.00161673 8.90201e-07 0.000874857 0.000286508 0.00644868 
0.0138417 0.000194921 0.0572886 0.0142226 0.00439424 0.619632 0.239041 0.000216981 1.44149e-09 0.0348536 0.00703978 4.39405e-05 0.00681749 2.44008e-05 0.00238903 
0.0138417 0.000194921 0.0572886 0.0142226 0.00439424 0.619632 0.239041 0.000216981 1.44149e-09 0.0348536 0.00703978 4.39405e-05 0.00681749 2.44008e-05 0.00238903 
0.00409066 0.00889501 0.186331 0.256488 0.131019 0.375461 0.00341856 0.00271373 0.000900219 4.52865e-06 0.012809 3.27495e-06 0.00127871 3.27747e-06 0.016584 
0.0822767 0.0734939 0.116488 0.0375416 0.067374 0.458938 0.118264 0.0120458 6.92726e-06 0.00938883 0.00254224 2.26218e-06 0.0107307 2.68198e-05 0.0108796 
0.258708 0.0175938 0.0783492 0.0658438 0.0495355 0.266836 0.172905 0.0162433 0.00119463 0.00915785 0.00297377 0.00293382 0.0236074 0.000323052 0.0337942 
0.151887 0.00922661 0.168205 0.0797476 0.112482 0.244202 0.152557 0.00013097 1.94949e-05 0.0174656 0.00188947 0.0296265 0.0118093 0.00204034 0.0187102 
0.143647 0.00289891 0.104968 0.0275411 0.250088 0.418869 0.0267565 0.00286623 1.02893e-05 4.27106e-11 0.000376859 0.000134986 0.00102014 2.09896e-08 0.0208234 
0.0298018 0.00223078 0.0922118 0.0322221 0.137165 0.535049 0.117877 0.0304144 0.000247374 0.00715565 0.00176339 0.000117052 0.00701058 0.000205095 0.00652887 
0.000274482 0.0315852 0.0773676 0.0308967 0.00888586 0.734783 0.0605166 0.0396979 8.59875e-05 0.00616173 0.000180629 1.12382e-06 0.000607645 3.92525e-05 0.00891586 
0.0138417 0.000194921 0.0572886 0.0142226 0.00439424 0.619632 0.239041 0.000216981 1.44149e-09 0.0348536 0.00703978 4.39405e-05 0.00681749 2.44008e-05 0.00238903 
0.0647246 0.0688219 0.0855756 0.0437044 0.0172258 0.61726 0.0658693 0.000354811 1.78889e-08 0.000660894 0.00158884 1.31665e-06 0.0316152 0.000357732 0.00223971 
0.0270439 0.0254381 0.0762484 0.0635245 0.285752 0.338029 0.104637 0.0381217 0.000205179 0.000410932 0.000193884 0.000436222 0.0256798 0.00213734 0.012142 
0.0062257 0.0127521 0.0900751 0.00681451 0.0109641 0.846079 0.0223588 0.00108828 1.62251e-05 6.75388e-05 0.000119468 0.000147031 0.000812729 3.52368e-05 0.00244368 
0.0145125 0.000200293 0.0788931 0.0299341 0.00691244 0.746316 0.0753022 0.0303453 2.36916e-06 0.010565 5.15168e-05 0.000585722 0.00526272 4.57879e-06 0.00111211 
0.0185977 0.106535 0.236037 0.109979 0.129404 0.33266 0.0467016 0.000967239 0.00920539 2.1825e-05 0.000637564 0.000210905 0.000484077 7.1024e-05 0.0084885 
0.0284749 0.00176455 0.0243506 0.0272012 0.0375484 0.808876 0.0307175 0.006086 6.80766e-06 0.00100388 0.000581084 1.61676e-05 0.0211777 2.53019e-05 0.0121698 
0.020675 0.0420092 0.200425 0.0530749 0.0715496 0.3939 0.204905 0.00374626 0.000114285 0.00246097 0.00028112 4.7085e-06 0.000255719 5.48828e-05 0.00654404 
0.00625781 0.00165761 0.0153025 0.0846083 0.0551864 0.457058 0.00890623 3.89477e-07 8.6961e-05 3.72532e-10 0.00067228 0.00134604 0.000717215 6.14602e-05 0.368138 
0.0138417 0.000194921 0.0572886 0.0142226 0.00439424 0.619632 0.239041 0.000216981 1.44149e-09 0.0348536 0.00703978 4.39405e-05 0.00681749 2.44008e-05 0.00238903 
0.0138417 0.000194921 0.0572886 0.0142226 0.00439424 0.619632 0.239041 0.000216981 1.44149e-09 0.0348536 0.00703978 4.39405e-05 0.00681749 2.44008e-05 0.00238903 
0.0138417 0.000194921 0.0572886 0.0142226 0.00439424 0.619632 0.239041 0.000216981 1.44149e-09 0.0348536 0.00703978 4.39405e-05 0.00681749 2.44008e-05 0.00238903 
0.100173 0.00446433 0.190982 0.144974 0.174823 0.262866 0.0312338 3.38624e-05 1.30453e-10 0.0618752 0.00201161 0.000230429 0.00273445 0.000178472 0.0234208 
0.126718 0.00693416 0.168122 0.0018765 0.000853551 0.65588 0.0293359 0.00864812 1.58843e-05 5.68823e-07 0.000131774 2.86805e-06 0.000828032 1.59465e-05 0.00063665 
0.138117 0.0207446 0.158052 0.0118226 0.0551992 0.387708 0.0639202 0.14445 0.000183808 0.00883928 0.000114571 0.000960375 0.00762218 1.17688e-05 0.00225432 
0.00120471 0.00147013 0.282299 0.170054 0.119165 0.395417 0.01576 0.0109411 0.00261976 3.82034e-07 0.000621639 0.0001349 8.43077e-06 5.49549e-09 0.000302457 
0.00501803 0.000936952 0.0765093 0.0136436 0.0178468 0.748369 0.0805325 0.000930452 4.07633e-05 0.0446483 0.000193553 0.000266252 0.0107932 7.62061e-06 0.000264146 
0.0138417 0.000194921 0.0572886 0.0142226 0.00439424 0.619632 0.239041 0.000216981 1.44149e-09 0.0348536 0.00703978 4.39405e-05 0.00681749 2.44008e-05 0.00238903 
0.0138417 0.000194921 0.0572886 0.0142226 0.00439424 0.619632 0.239041 0.000216981 1.44149e-09 0.0348536 0.00703978 4.39405e-05 0.00681749 2.44008e-05 0.00238903 
0.0497908 0.0208711 0.0433208 0.0737588 0.24457 0.349296 0.153127 2.16392e-06 0.0100297 0.0344179 2.74651e-05 3.79623e-05 0.000515963 0.0031316 0.0171029 
0.0852279 0.134993 0.0392086 0.106151 0.14849 0.364586 0.0111983 0.0003501 0.000907617 0.00403431 0.0754446 0.00139963 0.000948934 8.57532e-07 0.0270597 
0.00430511 0.0180897 0.123528 0.0094449 0.105516 0.680384 0.0485449 0.0059276 9.60214e-06 1.40164e-05 0.000174227 3.84962e-05 7.76008e-07 2.56852e-06 0.00401988 
0.0386397 0.0108524 0.0389349 0.115714 0.0829571 0.491592 0.0480524 0.00477562 0.01248 9.87249e-05 0.00586789 0.0824254 0.0042253 1.19301e-05 0.0633724 
0.00278779 0.156402 0.230482 0.119526 0.0917574 0.358789 0.00831379 0.00163084 4.48033e-07 8.78871e-06 0.00038839 4.3959e-07 0.0234373 3.69708e-05 0.00643913 
0.00260612 0.000727689 0.0690772 0.00366873 0.00348819 0.854908 0.0135264 0.0511524 1.72524e-05 1.71905e-05 6.4322e-06 0.000173868 0.000217511 7.34672e-06 0.000405495 
0.00983489 0.00617597 0.0224747 0.272494 0.0646457 0.476725 0.0235167 0.00655688 1.06317e-06 2.95215e-07 0.000143837 0.000140029 0.0116815 1.35108e-06 0.105608 
0.0138417 0.000194921 0.0572886 0.0142226 0.00439424 0.619632 0.239041 0.000216981 1.44149e-09 0.0348536 0.00703978 4.39405e-05 0.00681749 2.44008e-05 0.00238903 
0.0410293 0.028397 0.31157 0.0793319 0.0782846 0.411573 0.0315269 0.000762236 1.30832e-06 4.5563e-05 3.2343e-05 0.000357689 0.00201083 0.000102541 0.0149745 
0.0703116 0.0230154 0.200383 0.11571 0.111433 0.20167 0.19426 0.00284284 0.000905159 0.00629876 0.00406433 0.00752188 0.00895007 0.0061782 0.0464569 
0.0138417 0.000194921 0.0572886 0.0142226 0.00439424 0.619632 0.239041 0.000216981 1.44149e-09 0.0348536 0.00703978 4.39405e-05 0.00681749 2.44008e-05 0.00238903 
0.00474967 0.0411262 0.165681 0.0734258 0.00112891 0.636044 0.0550558 0.011415 6.91908e-06 4.9446e-06 1.52561e-08 0.00680831 3.09955e-05 2.72386e-07 0.00452184 
0.0138417 0.000194921 0.0572886 0.0142226 0.00439424 0.619632 0.239041 0.000216981 1.44149e-09 0.0348536 0.00703978 4.39405e-05 0.00681749 2.44008e-05 0.00238903 
0.0145685 5.85041e-07 0.260847 0.0480463 0.00180811 0.463141 0.205224 7.37341e-07 1.64775e-10 9.21005e-08 0.000134265 1.43305e-10 3.77641e-07 3.21447e-07 0.00622864 
0.0138417 0.000194921 0.0572886 0.0142226 0.00439424 0.619632 0.239041 0.000216981 1.44149e-09 0.0348536 0.00703978 4.39405e-05 0.00681749 2.44008e-05 0.00238903 
0.0138417 0.000194921 0.0572886 0.0142226 0.00439424 0.619632 0.239041 0.000216981 1.44149e-09 0.0348536 0.00703978 4.39405e-05 0.00681749 2.44008e-05 0.00238903 
0.037646 0.00199601 0.120188 0.0742034 0.0403032 0.438304 0.115462 8.38483e-06 7.05347e-07 0.00277484 0.0264554 9.21714e-05 0.000731704 0.000126263 0.141708 
0.0332382 0.00675961 0.0376979 0.289556 0.0954354 0.315275 0.155721 0.00281012 9.77161e-06 2.40698e-05 7.48363e-05 0.000199588 0.00126835 6.24631e-05 0.0618671 
0.0144332 0.0296777 0.0300382 0.00407881 0.0215602 0.863764 0.0146353 0.0198008 3.58475e-06 0.000275466 0.000229778 1.07285e-05 0.000277038 8.97515e-05 0.00112558 
0.0174248 0.0154887 0.0885336 0.090747 0.0934264 0.661341 0.0155105 0.000169872 6.056e-06 0.000507857 0.00026755 0.00429698 0.00221956 0.00281098 0.00724878 
0.0633663 0.0244151 0.191091 0.181836 0.0675001 0.317173 0.108259 0.00447873 0.000682635 0.0123924 0.00322378 0.00276633 0.00342219 0.00324672 0.0161468 
0.0138417 0.000194921 0.0572886 0.0142226 0.00439424 0.619632 0.239041 0.000216981 1.44149e-09 0.0348536 0.00703978 4.39405e-05 0.00681749 2.44008e-05 0.00238903 
0.0440902 0.00506849 0.164252 0.134046 0.0263701 0.492318 0.0218587 0.00100117 5.89136e-08 0.00739704 0.0758821 3.20309e-05 0.00909792 0.0164116 0.00217456 
0.0138417 0.000194921 0.0572886 0.0142226 0.00439424 0.619632 0.239041 0.000216981 1.44149e-09 0.0348536 0.00703978 4.39405e-05 0.00681749 2.44008e-05 0.00238903 
0.00274667 0.0040004 0.127572 0.0734667 0.0874113 0.64556 0.0444677 0.00299568 7.32528e-07 0.000837398 0.000199196 0.00231962 0.000371038 4.7708e-05 0.00800369 
0.0138417 0.000194921 0.0572886 0.0142226 0.00439424 0.619632 0.239041 0.000216981 1.44149e-09 0.0348536 0.00703978 4.39405e-05 0.00681749 2.44008e-05 0.00238903 
0.0138417 0.000194921 0.0572886 0.0142226 0.00439424 0.619632 0.239041 0.000216981 1.44149e-09 0.0348536 0.00703978 4.39405e-05 0.00681749 2.44008e-05 0.00238903 
0.00838539 0.00542153 0.018919 0.0155538 0.0204128 0.867969 0.0529824 0.0005711 2.67595e-09 6.6652e-07 0.000264829 5.20734e-05 0.00407965 1.98912e-05 0.00536817 
0.0141722 0.0143507 0.0509212 0.056416 0.0313862 0.811805 0.0155731 0.0011023 1.00364e-08 0.00164333 0.000336032 0.000747177 0.000481442 0.000174867 0.00089028 
0.0138417 0.000194921 0.0572886 0.0142226 0.00439424 0.619632 0.239041 0.000216981 1.44149e-09 0.0348536 0.00703978 4.39405e-05 0.00681749 2.44008e-05 0.00238903 
0.0381235 0.00117758 0.1182 0.0551402 0.0236956 0.618672 0.0840626 0.000762894 0.000115171 0.0413187 0.000129341 0.000188778 0.0156253 5.68908e-06 0.00278259 
0.0287229 0.0187839 0.182248 0.0453339 0.0893613 0.375631 0.191453 0.0267307 0.00260911 0.0149388 0.00030675 0.000953672 0.0185776 0.00104043 0.00330962 
0.0138417 0.000194921 0.0572886 0.0142226 0.00439424 0.619632 0.239041 0.000216981 1.44149e-09 0.0348536 0.00703978 4.39405e-05 0.00681749 2.44008e-05 0.00238903 
0.058596 0.27951 0.0918902 0.0853728 0.168704 0.298108 0.0135877 2.59785e-06 2.89224e-07 1.2262e-10 1.13303e-05 6.11325e-10 0.00245697 1.49068e-07 0.00175946 
0.0877066 0.021555 0.026456 0.0361964 0.130406 0.515386 0.112488 0.0238372 1.36133e-06 0.017333 0.00294011 0.00339662 0.00490851 0.000615304 0.0167736 
0.00796879 0.0113048 0.283888 0.174909 0.0817672 0.345215 0.0762221 0.00686161 3.91092e-07 1.32081e-05 0.0033354 0.00373133 0.000193558 0.000982147 0.0036073 
0.020675 0.0420092 0.200425 0.0530749 0.0715496 0.3939 0.204905 0.00374626 0.000114285 0.00246097 0.00028112 4.7085e-06 0.000255719 5.48828e-05 0.00654404 
0.0138417 0.000194921 0.0572886 0.0142226 0.00439424 0.619632 0.239041 0.000216981 1.44149e-09 0.0348536 0.00703978 4.39405e-05 0.00681749 2.44008e-05 0.00238903 
0.245424 0.0254722 0.113621 0.00814035 0.0615211 0.295178 0.0942069 7.97525e-05 1.23161e-08 0.115478 3.74775e-05 3.48317e-06 0.000166403 3.75796e-06 0.040668 
0.0138417 0.000194921 0.0572886 0.0142226 0.00439424 0.619632 0.239041 0.000216981 1.44149e-09 0.0348536 0.00703978 4.39405e-05 0.00681749 2.44008e-05 0.00238903 
0.00878015 0.000120414 0.0285808 0.26496 0.216289 0.367713 0.0902062 6.45901e-09 9.97246e-09 3.31323e-06 0.00014036 5.51879e-05 0.000124346 0.000111034 0.0229158 
0.0138417 0.000194921 0.0572886 0.0142226 0.00439424 0.619632 0.239041 0.000216981 1.44149e-09 0.0348536 0.00703978 4.39405e-05 0.00681749 2.44008e-05 0.00238903 
0.0326374 0.0474643 0.200906 0.0237102 0.0804146 0.511018 0.0612501 0.00876597 1.59244e-05 0.00259204 0.00426114 0.00104489 0.0125628 0.000154855 0.013202 
0.0237781 0.00984415 0.0648729 0.0525852 0.037838 0.633998 0.11576 0.00830184 0.00252954 0.0088465 0.00497527 0.000262902 0.000647354 2.92153e-05 0.035731 
0.0449078 0.00898882 0.110874 0.0608858 0.0246879 0.504372 0.232703 0.000230988 6.30406e-06 0.00677386 0.000221531 0.000250866 0.00153324 0.00010687 0.00345759 
0.0145745 0.0613841 0.258571 0.054523 0.151946 0.355131 0.0404366 0.0599602 4.54495e-07 1.41711e-05 6.25811e-05 0.00263585 0.000618008 5.71976e-08 0.000143158 
0.00428188 0.051855 0.364422 0.0160919 0.0290838 0.368843 0.0933807 0.0558801 0.00118018 3.69052e-07 0.00357857 0.00191784 3.69001e-07 0.000922932 0.00856151 
0.0719842 0.035917 0.226657 0.0966856 0.114494 0.273248 0.145099 0.00136568 0.000140694 0.0184651 0.00433562 7.38313e-05 0.00324273 0.00137505 0.00691656 
0.0257116 0.0081342 0.140591 0.0107848 0.0158523 0.536768 0.224479 0.000590711 4.69109e-07 0.0195439 0.00109846 1.89927e-05 0.000992073 2.65517e-05 0.0154071 
0.0240098 0.0036599 0.0952294 0.107278 0.0266432 0.517871 0.157811 0.000908218 3.11949e-05 0.0164212 0.000453764 0.000107265 0.009975 3.85662e-06 0.0395967 
0.233583 0.0350005 0.0933133 0.0206887 0.0246353 0.307361 0.0636299 7.50926e-05 0.000126303 0.0388965 0.00583549 0.00300139 0.0465951 2.39994e-05 0.127234 
0.135913 0.0266446 0.204699 0.0465944 0.00698093 0.323977 0.168692 6.3234e-05 5.22092e-11 0.0499175 0.00141636 0.00824178 0.0138444 6.16977e-05 0.012954 
0.0214823 0.136223 0.0835203 0.125658 0.0144471 0.536537 0.032478 0.000599774 0.0111287 0.00675268 0.000757451 7.1422e-05 0.00586291 0.000230666 0.0242506 
0.020675 0.0420092 0.200425 0.0530749 0.0715496 0.3939 0.204905 0.00374626 0.000114285 0.00246097 0.00028112 4.7085e-06 0.000255719 5.48828e-05 0.00654404 
1.98701e-05 0.000300148 3.60762e-05 2.92162e-06 1.86053e-06 0.999531 6.23184e-06 1.85816e-06 1.31352e-07 4.70476e-05 7.23429e-08 1.14237e-07 9.03114e-06 1.80947e-05 2.55532e-05 
0.057726 0.0614705 0.157669 0.184162 0.084866 0.303978 0.105518 0.00498033 2.77481e-06 0.0040324 9.52718e-05 0.00460824 0.00243833 1.51458e-05 0.0284375 
0.0138417 0.000194921 0.0572886 0.0142226 0.00439424 0.619632 0.239041 0.000216981 1.44149e-09 0.0348536 0.00703978 4.39405e-05 0.00681749 2.44008e-05 0.00238903 
0.0196871 0.00815881 0.119313 0.0140466 0.164939 0.335251 0.229051 0.0515722 2.53272e-06 0.00573988 0.000672782 0.000935643 0.0464255 0.00238046 0.00182437 
0.108297 0.0644964 0.0896947 0.0432496 0.0219101 0.558321 0.0182283 0.00893216 3.23533e-07 4.17119e-07 0.010056 0.0103988 0.00573561 7.55082e-07 0.0606786 
0.0138417 0.000194921 0.0572886 0.0142226 0.00439424 0.619632 0.239041 0.000216981 1.44149e-09 0.0348536 0.00703978 4.39405e-05 0.00681749 2.44008e-05 0.00238903 
0.109769 0.00973808 0.120079 0.0182596 0.0765957 0.251917 0.17525 0.00127432 0.000525049 0.00300407 0.000133771 7.17425e-05 0.00216844 0.000107945 0.231106 
0.020675 0.0420092 0.200425 0.0530749 0.0715496 0.3939 0.204905 0.00374626 0.000114285 0.00246097 0.00028112 4.7085e-06 0.000255719 5.48828e-05 0.00654404 
0.000381049 0.00142062 0.128559 0.246387 0.00123349 0.429372 0.101877 3.64989e-06 6.92775e-05 9.83048e-07 3.10367e-06 4.901e-06 0.000761151 1.34352e-06 0.0899255 
0.0464714 0.0385059 0.196591 0.0514329 0.204165 0.232993 0.1796 0.000193009 6.695e-05 0.0301474 0.000184506 1.47063e-05 0.00359796 4.75708e-05 0.0159885 
0.125246 0.0433583 0.219916 0.0220486 0.0213849 0.386627 0.140321 0.00161315 3.6958e-05 0.0205709 0.00118066 5.92677e-05 0.00358904 2.87744e-05 0.0140184 
0.0138417 0.000194921 0.0572886 0.0142226 0.00439424 0.619632 0.239041 0.000216981 1.44149e-09 0.0348536 0.00703978 4.39405e-05 0.00681749 2.44008e-05 0.00238903 
0.0138417 0.000194921 0.0572886 0.0142226 0.00439424 0.619632 0.239041 0.000216981 1.44149e-09 0.0348536 0.00703978 4.39405e-05 0.00681749 2.44008e-05 0.00238903 
0.0100653 0.00364648 0.205985 0.0566242 0.0536948 0.534661 0.0861214 0.000515119 1.52877e-11 0.000431668 0.0472153 7.03176e-08 0.000794726 5.32702e-05 0.000191571 
0.0148351 0.0570173 0.193242 0.0270368 0.0123553 0.407718 0.220152 0.00632614 4.61615e-06 0.0547087 0.00183315 4.63331e-05 0.000840665 0.000125132 0.00375881 
0.0151322 0.0115749 0.235841 0.0175584 0.0181182 0.549043 0.126322 0.0233091 0.000321863 8.36659e-05 0.000483893 0.000463255 0.000495705 8.85467e-05 0.00116408 
0.0138417 0.000194921 0.0572886 0.0142226 0.00439424 0.619632 0.239041 0.000216981 1.44149e-09 0.0348536 0.00703978 4.39405e-05 0.00681749 2.44008e-05 0.00238903 
0.0534215 0.0730513 0.278107 0.0534823 0.0480295 0.353337 0.100284 0.00675887 1.45176e-05 0.00971313 0.0016749 0.0017179 0.00674131 5.1876e-05 0.0136148 
0.0138417 0.000194921 0.0572886 0.0142226 0.00439424 0.619632 0.239041 0.000216981 1.44149e-09 0.0348536 0.00703978 4.39405e-05 0.00681749 2.44008e-05 0.00238903 
1.47164e-05 0.0459942 6.0675e-06 0.00983632 0.137587 0.398575 0.37328 5.25578e-06 9.37716e-09 1.6358e-09 0.0121567 8.15532e-09 0.00582163 0.00349366 0.0132284 
0.00299377 0.004205 0.0132912 0.0270605 0.221775 0.701931 0.0128096 0.00284507 5.4225e-05 0.000109329 0.000636635 0.0028265 0.000226661 0.00337968 0.00585566 
0.038275 0.00161734 0.0579372 0.0360112 0.0731804 0.68544 0.0460743 0.0252436 0.00146524 0.00120168 0.00179638 9.10401e-05 0.0210123 0.000777222 0.00987678 
0.00693308 0.000843238 0.153434 0.205377 0.148984 0.361948 0.0687811 0.00556537 0.00784991 0.0350397 0.000158409 0.000133042 0.000711569 4.23981e-06 0.00423732 
0.018028 0.0178415 0.114825 0.0715949 0.297898 0.373262 0.049948 1.12044e-07 8.26783e-05 8.77304e-05 7.62769e-07 0.000775794 0.00177822 0.00125591 0.0526208 
0.0138417 0.000194921 0.0572886 0.0142226 0.00439424 0.619632 0.239041 0.000216981 1.44149e-09 0.0348536 0.00703978 4.39405e-05 0.00681749 2.44008e-05 0.00238903 
0.00949337 0.00251823 0.0450734 0.0385712 0.319117 0.518245 0.0459718 9.33175e-05 0.0179799 5.7838e-06 5.8358e-05 3.74138e-05 0.000150073 0.00225505 0.000430029 
0.00516897 0.00080621 0.0116742 0.1942 0.0320962 0.520673 0.206384 0.000129232 0.000580316 0.0257932 7.10322e-05 0.00122927 0.000182835 8.14851e-05 0.000931008 
0.0138417 0.000194921 0.0572886 0.0142226 0.00439424 0.619632 0.239041 0.000216981 1.44149e-09 0.0348536 0.00703978 4.39405e-05 0.00681749 2.44008e-05 0.00238903 
0.0674143 0.0347684 0.170036 0.109254 0.0926734 0.334591 0.0511866 0.00316802 0.00510806 0.0117077 0.00450699 2.83684e-05 0.00425612 0.000221787 0.111079 
0.0138417 0.000194921 0.0572886 0.0142226 0.00439424 0.619632 0.239041 0.000216981 1.44149e-09 0.0348536 0.00703978 4.39405e-05 0.00681749 2.44008e-05 0.00238903 
0.0652468 0.0418753 0.060306 0.0163665 0.0241113 0.438605 0.00986018 0.00234197 0.00468454 0.000212514 0.00588784 2.56339e-07 0.00108827 0.00594293 0.32347 
0.0305708 0.0182832 0.0615869 0.0745494 0.0511454 0.695261 0.0297858 0.00483622 0.000283052 0.00507367 0.00491807 0.000951283 0.00181349 0.000515049 0.0204263 
0.0186202 0.000120462 1.13772e-06 0.14607 0.0203702 0.767876 0.0457987 2.40662e-07 7.09644e-07 1.08157e-10 0.00112467 8.88872e-06 3.87937e-07 6.35523e-06 2.27066e-06 
0.0138417 0.000194921 0.0572886 0.0142226 0.00439424 0.619632 0.239041 0.000216981 1.44149e-09 0.0348536 0.00703978 4.39405e-05 0.00681749 2.44008e-05 0.00238903 
0.0138417 0.000194921 0.0572886 0.0142226 0.00439424 0.619632 0.239041 0.000216981 1.44149e-09 0.0348536 0.00703978 4.39405e-05 0.00681749 2.44008e-05 0.00238903 
0.113949 0.0135595 0.242741 0.0891776 0.0923735 0.29984 0.078326 0.0124517 9.39139e-05 0.0199763 0.0145916 6.74096e-05 0.00676399 0.00744643 0.00864191 
0.0166378 0.00203403 0.06823 0.0312883 0.0225619 0.564858 0.241149 0.0151351 9.59719e-06 0.0252752 0.000202882 0.000351779 0.00715124 3.86361e-05 0.00507661 
0.0138417 0.000194921 0.0572886 0.0142226 0.00439424 0.619632 0.239041 0.000216981 1.44149e-09 0.0348536 0.00703978 4.39405e-05 0.00681749 2.44008e-05 0.00238903 
0.0138417 0.000194921 0.0572886 0.0142226 0.00439424 0.619632 0.239041 0.000216981 1.44149e-09 0.0348536 0.00703978 4.39405e-05 0.00681749 2.44008e-05 0.00238903 
0.0311337 0.0184163 0.022667 0.0241109 0.138103 0.686152 0.0624184 0.000718546 3.04073e-07 0.000197816 0.0101715 0.000151433 0.000651926 0.00256988 0.00253724 
0.0645534 0.00111004 0.0711122 0.248325 0.11994 0.405228 0.0350581 3.90986e-07 1.2852e-10 8.49356e-06 0.00122894 0.000805021 0.00423389 0.00615318 0.0422436 
0.0624752 0.00629914 0.259823 0.166584 0.087404 0.268503 0.125492 0.000867834 2.74414e-09 0.00317873 0.000160443 0.00524488 0.00117739 0.00147878 0.0113113 
0.0291585 0.0374002 0.172276 0.272053 0.0235635 0.368461 0.0294437 0.00128419 1.52434e-06 0.0540342 0.00322186 1.40733e-05 0.00511216 8.57774e-05 0.00389001 
0.00747593 0.0508531 0.22086 0.0118027 0.207138 0.286583 0.138012 0.00741995 6.75586e-09 0.0228703 0.00420066 0.000636027 0.0390036 0.00048418 0.00266144 
0.0307761 0.035903 0.0512524 0.0260478 0.0183908 0.768112 0.0500279 0.003381 8.38003e-05 0.00319031 0.00183798 0.00118418 0.000662848 0.000493236 0.00865641 
0.0130553 0.0428722 0.12073 0.279351 0.0432129 0.292725 0.0798818 0.0390575 4.08003e-07 1.6476e-09 0.000197057 0.00104754 0.0171085 3.9048e-05 0.070722 
0.0138417 0.000194921 0.0572886 0.0142226 0.00439424 0.619632 0.239041 0.000216981 1.44149e-09 0.0348536 0.00703978 4.39405e-05 0.00681749 2.44008e-05 0.00238903 
0.00501803 0.000936952 0.0765093 0.0136436 0.0178468 0.748369 0.0805325 0.000930452 4.07633e-05 0.0446483 0.000193553 0.000266252 0.0107932 7.62061e-06 0.000264146 
0.0122383 0.00608493 0.0925858 0.074588 0.0279311 0.641467 0.129028 0.000256005 1.07757e-10 0.000143956 0.00021293 5.59207e-07 0.000244627 9.00165e-08 0.0152193 
0.00342289 0.00098204 0.12693 0.017157 0.332855 0.44335 0.0378749 8.13164e-05 6.71214e-08 0.00110884 7.30892e-05 0.00596977 0.00178351 0.0280775 0.000334767 
0.0367952 0.0504298 0.189781 0.21908 0.0579054 0.391667 0.025613 0.00108369 0.000961022 0.00956816 0.00174618 0.000761323 0.00143589 2.2464e-05 0.0131494 
0.0138417 0.000194921 0.0572886 0.0142226 0.00439424 0.619632 0.239041 0.000216981 1.44149e-09 0.0348536 0.00703978 4.39405e-05 0.00681749 2.44008e-05 0.00238903 
0.0346987 0.0231848 0.210805 0.10008 0.20109 0.367237 0.0497251 0.00225075 0.000782971 0.0017081 0.000947376 0.000182844 0.00182158 2.85853e-05 0.00545672 
0.0577701 0.134719 0.144222 0.031988 0.0184128 0.562971 0.0147128 0.0166961 0.000606791 0.00156088 6.53289e-05 7.08012e-06 0.0022652 0.00010131 0.0139008 
0.00712748 0.00105474 0.0783415 0.0129147 0.00505458 0.719619 0.153619 2.14499e-05 1.26094e-10 0.000530314 0.00396124 6.97781e-05 0.000364135 2.5511e-05 0.0172965 
0.0432064 0.0236452 0.230413 0.244876 0.0372672 0.278793 0.110622 0.00424857 0.00145111 0.00141113 0.00237364 0.00188805 0.00729359 0.0015572 0.0109532 
0.0291585 0.0374002 0.172276 0.272053 0.0235635 0.368461 0.0294437 0.00128419 1.52434e-06 0.0540342 0.00322186 1.40733e-05 0.00511216 8.57774e-05 0.00389001 
0.000200533 0.000433324 0.0391746 0.0120003 0.273232 0.660848 0.0130324 0.000164145 9.70288e-05 9.43356e-06 0.00010827 0.000219981 0.000255191 6.44301e-05 0.000161132 
0.00197572 0.000540489 0.0117397 0.00672298 0.0101692 0.964507 0.00250509 0.000401238 1.4736e-08 0.00024835 3.67558e-06 3.78366e-06 7.60451e-05 4.4028e-06 0.00110224 
0.084439 0.217563 0.157896 0.109457 0.0879519 0.235326 0.0369751 0.0340781 0.00152428 0.00108503 0.00232115 0.000181885 0.00172579 2.04844e-05 0.0294558 
0.0580183 0.000719556 0.0450893 0.105909 0.181808 0.489881 0.103157 1.601e-06 3.34456e-09 0.000202404 0.000472832 6.63824e-06 0.00163406 5.68641e-06 0.0130941 
0.0138417 0.000194921 0.0572886 0.0142226 0.00439424 0.619632 0.239041 0.000216981 1.44149e-09 0.0348536 0.00703978 4.39405e-05 0.00681749 2.44008e-05 0.00238903 
0.0138417 0.000194921 0.0572886 0.0142226 0.00439424 0.619632 0.239041 0.000216981 1.44149e-09 0.0348536 0.00703978 4.39405e-05 0.00681749 2.44008e-05 0.00238903 
0.0138417 0.000194921 0.0572886 0.0142226 0.00439424 0.619632 0.239041 0.000216981 1.44149e-09 0.0348536 0.00703978 4.39405e-05 0.00681749 2.44008e-05 0.00238903 
0.0886113 0.0601154 0.121476 0.108627 0.0343405 0.38526 0.104095 0.000565109 0.000272872 0.0188533 0.013309 0.00139226 0.0236967 0.00635574 0.0330289 
0.232973 0.0385073 0.0831079 0.00317272 0.0309305 0.463317 0.0573644 0.0260654 1.82976e-06 0.0602125 0.00225997 1.66916e-05 0.00177472 0.000187433 0.000109376 
0.0138417 0.000194921 0.0572886 0.0142226 0.00439424 0.619632 0.239041 0.000216981 1.44149e-09 0.0348536 0.00703978 4.39405e-05 0.00681749 2.44008e-05 0.00238903 
0.0375354 0.0596136 0.26618 0.0919017 0.0244297 0.463306 0.0491596 0.00211797 1.6816e-07 0.00139459 0.000758758 6.81306e-05 0.000702312 9.00984e-06 0.00282343 
0.104784 0.00177341 0.115974 0.142164 0.0688344 0.410826 0.0501619 0.000407742 0.0256643 0.00111836 0.00462187 0.000142158 0.0104034 1.94814e-06 0.0631218 
0.01081 0.143469 0.0566704 0.154739 0.0813756 0.464887 0.0117493 0.0202748 0.000198492 0.000411563 5.73636e-05 0.0414702 0.00179064 0.000147447 0.011949 
0.0235909 0.019587 0.0717574 0.03364 0.0288061 0.73051 0.0715058 0.007947 0.000178023 0.000846227 0.00240469 0.000102883 0.00422403 3.58399e-05 0.00486438 
0.00501803 0.000936952 0.0765093 0.0136436 0.0178468 0.748369 0.0805325 0.000930452 4.07633e-05 0.0446483 0.000193553 0.000266252 0.0107932 7.62061e-06 0.000264146 
0.13042 0.0103157 0.106546 0.0506154 0.0148945 0.458516 0.171929 0.0006526 3.42102e-08 9.88642e-07 3.81493e-05 0.000138308 0.0107034 2.86865e-06 0.0452268 
0.0388568 0.0148187 0.224559 0.180848 0.0819225 0.34917 0.0804248 0.00162762 0.000602326 0.00537047 0.00113385 0.000801986 0.0065874 0.000751446 0.0125247 
0.0119768 0.011005 0.0257875 0.100343 0.0316255 0.783043 0.0242326 0.000198203 1.80666e-07 0.00159283 6.50163e-05 1.61071e-05 0.000462054 0.00460241 0.00505011 
0.014681 0.019201 0.237848 0.0622696 0.0597498 0.305285 0.246613 0.0229647 3.94524e-06 0.000973558 0.00427312 0.00192851 0.00119432 0.0130445 0.00997014 
0.0577701 0.134719 0.144222 0.031988 0.0184128 0.562971 0.0147128 0.0166961 0.000606791 0.00156088 6.53289e-05 7.08012e-06 0.0022652 0.00010131 0.0139008 
0.0356508 0.0168416 0.0163604 0.127758 0.0501916 0.505403 0.194163 0.00115561 0.000405386 0.00157209 0.00365593 0.000332004 0.0143833 0.0310307 0.00109638 
0.0138417 0.000194921 0.0572886 0.0142226 0.00439424 0.619632 0.239041 0.000216981 1.44149e-09 0.0348536 0.00703978 4.39405e-05 0.00681749 2.44008e-05 0.00238903 
0.00841393 0.00107496 0.0500615 0.133283 0.23442 0.455226 0.0995695 0.0123433 0.00357168 5.58771e-05 9.67642e-05 7.14009e-05 0.000130713 1.82411e-05 0.00166422 
0.00271879 0.040752 0.314234 0.00548341 0.00570479 0.374529 0.150754 0.104491 1.58749e-08 0.000139725 0.000282679 0.00020624 0.000218192 3.16866e-05 0.000454449 
0.0755016 0.0258165 0.0848312 0.0500289 0.144159 0.434247 0.10709 0.0406109 0.000761127 0.000327449 0.00648136 0.000465464 0.00525641 0.000296826 0.0241264 
0.0194802 0.0068478 0.0689247 0.0410247 0.0107038 0.696362 0.0557183 0.0542424 0.000553863 0.0110379 0.00293459 0.00299224 0.00200176 0.019857 0.00731911 
0.046043 0.0284767 0.168906 0.230001 0.0887263 0.265277 0.111921 0.0255946 0.00120872 0.00795265 0.00327531 0.00198548 0.00246982 0.00179384 0.0163673 
0.0474066 0.03604 0.108503 0.0223936 0.0142852 0.714639 0.0415567 0.000197691 1.93193e-07 0.000759975 0.000264888 0.000100652 0.00766846 8.96129e-05 0.00609432 
0.000187849 0.000205899 0.0153586 0.000864768 0.0274604 0.777857 0.123807 0.0539093 3.31928e-10 3.04794e-08 6.33133e-05 0.000283983 1.0821e-07 4.90166e-08 2.32621e-06 
0.02543 0.197966 0.220185 0.0487052 0.087657 0.231268 0.109331 0.000122626 2.42443e-08 0.0205835 0.0501263 0.00257993 0.00073867 0.000719429 0.00458777 
0.0980482 0.0936979 0.278115 0.0268027 0.061285 0.305489 0.0756678 0.0544353 6.99691e-05 2.64431e-05 0.000339331 0.00010213 0.00235247 1.05097e-05 0.00355826 
0.0776626 0.0741793 0.0545882 0.00238496 0.0265843 0.615192 0.0372397 0.0130584 0.0145566 0.0814128 1.52025e-05 0.000265895 0.00132882 0.000158676 0.00137247 
0.020675 0.0420092 0.200425 0.0530749 0.0715496 0.3939 0.204905 0.00374626 0.000114285 0.00246097 0.00028112 4.7085e-06 0.000255719 5.48828e-05 0.00654404 
0.019461 0.00732145 0.0603538 0.110686 0.139151 0.573866 0.0400938 0.0041625 0.00283361 0.000154284 0.00744749 0.00236507 0.00120018 0.0121644 0.0187388 
0.0003634 9.46599e-05 0.00501626 0.00544456 0.000959956 0.975785 0.00959597 7.43031e-06 3.9074e-08 4.73062e-05 2.90728e-05 8.61633e-06 2.80329e-05 0.000388314 0.00223104 
0.0138417 0.000194921 0.0572886 0.0142226 0.00439424 0.619632 0.239041 0.000216981 1.44149e-09 0.0348536 0.00703978 4.39405e-05 0.00681749 2.44008e-05 0.00238903 
0.0138417 0.000194921 0.0572886 0.0142226 0.00439424 0.619632 0.239041 0.000216981 1.44149e-09 0.0348536 0.00703978 4.39405e-05 0.00681749 2.44008e-05 0.00238903 
0.0104713 0.221558 0.113964 0.00545933 0.0393216 0.54801 0.0249314 0.0331041 0.000155722 0.000155483 0.000199031 6.80172e-05 0.00128236 0.000115744 0.00120409 
0.0338635 0.144868 0.0637652 0.0392757 0.0650368 0.564772 0.045375 0.0265785 0.000129707 0.000708875 0.00049639 2.23809e-05 0.000993855 2.93996e-05 0.0140843 
0.0138417 0.000194921 0.0572886 0.0142226 0.00439424 0.619632 0.239041 0.000216981 1.44149e-09 0.0348536 0.00703978 4.39405e-05 0.00681749 2.44008e-05 0.00238903 
0.160678 0.126742 0.141301 0.0700083 0.0779368 0.270296 0.0521611 0.00937535 0.0110335 0.0489453 0.0100204 9.65034e-05 0.00942959 0.00458918 0.0073857 
0.0352903 0.0795071 0.16209 0.0588087 0.0248841 0.327436 0.181723 0.00412254 5.68419e-06 3.30962e-05 7.83662e-05 0.00353675 0.0525965 0.040474 0.0294141 
0.0138417 0.000194921 0.0572886 0.0142226 0.00439424 0.619632 0.239041 0.000216981 1.44149e-09 0.0348536 0.00703978 4.39405e-05 0.00681749 2.44008e-05 0.00238903 
0.0323178 0.0472205 0.0349521 0.114917 0.198166 0.444934 0.0990004 0.00110217 3.14603e-07 5.48811e-08 0.000853678 0.016615 0.000268001 7.38966e-06 0.00964536 
0.0107028 0.000218514 0.0462743 0.0508431 0.0110253 0.854224 0.00963624 2.95319e-11 4.55961e-11 9.88286e-06 0.0124951 5.45408e-05 0.00065485 1.98521e-05 0.00384157 
0.0138417 0.000194921 0.0572886 0.0142226 0.00439424 0.619632 0.239041 0.000216981 1.44149e-09 0.0348536 0.00703978 4.39405e-05 0.00681749 2.44008e-05 0.00238903 
0.14403 0.0288833 0.0536701 0.169855 0.0585163 0.218039 0.176321 0.000337793 6.49644e-10 0.000341286 0.013515 0.00185656 0.00653885 0.0445867 0.0835095 
0.0138417 0.000194921 0.0572886 0.0142226 0.00439424 0.619632 0.239041 0.000216981 1.44149e-09 0.0348536 0.00703978 4.39405e-05 0.00681749 2.44008e-05 0.00238903 
0.0138417 0.000194921 0.0572886 0.0142226 0.00439424 0.619632 0.239041 0.000216981 1.44149e-09 0.0348536 0.00703978 4.39405e-05 0.00681749 2.44008e-05 0.00238903 
0.017656 0.0803561 0.0707556 0.00573621 0.0347325 0.777715 0.000240495 1.8866e-06 2.91283e-06 5.0813e-07 1.60426e-06 0.000255863 0.00754673 6.94457e-07 0.00499761 
0.0847918 0.0457773 0.173334 0.0699313 0.0283738 0.4922 0.0787501 0.00700816 1.40075e-07 6.06826e-05 0.00175662 3.43908e-05 0.00776828 7.68101e-06 0.0102055 
0.00889308 0.00734225 0.0769325 0.0633272 0.00492397 0.433221 0.228722 0.00326575 8.80365e-11 0.00494932 0.00242838 0.00647195 0.141041 0.00010803 0.0183735 
0.0138417 0.000194921 0.0572886 0.0142226 0.00439424 0.619632 0.239041 0.000216981 1.44149e-09 0.0348536 0.00703978 4.39405e-05 0.00681749 2.44008e-05 0.00238903 
0.0364849 0.00478148 0.121738 0.0193672 0.013102 0.646694 0.13298 0.0210584 1.96054e-06 2.07888e-05 0.000350662 1.65558e-06 0.000181054 1.4657e-05 0.00322246 
0.0154744 0.000856645 0.00761703 0.0951839 0.000537087 0.861316 0.017466 1.32931e-05 2.72838e-06 0.000144491 2.8196e-05 7.70902e-07 0.000838655 3.81446e-06 0.000516454 
0.012951 0.0285899 0.0291208 0.0122615 0.0202354 0.881558 0.00550475 0.000117193 7.04351e-07 0.000160885 0.0011648 0.00384554 0.00304567 1.84539e-05 0.00142556 
7.19079e-05 1.47389e-05 0.000304829 0.0682359 0.000182176 0.928539 0.00191605 0.000425717 5.51093e-08 5.50948e-07 0.000249868 3.63154e-07 1.6041e-08 5.48723e-05 3.57369e-06 
0.0138417 0.000194921 0.0572886 0.0142226 0.00439424 0.619632 0.239041 0.000216981 1.44149e-09 0.0348536 0.00703978 4.39405e-05 0.00681749 2.44008e-05 0.00238903 
5.94872e-05 0.00432903 0.0109521 0.00160333 0.000768585 0.975739 0.000762185 0.00467331 1.616e-07 0.000227806 1.16614e-05 4.51428e-05 0.000321714 2.07808e-07 0.000505992 
0.0342134 0.0112561 0.0712167 0.103342 0.0629981 0.621086 0.0545818 0.00518312 9.98961e-06 0.00606228 0.000108835 0.00692261 0.00265206 0.00386496 0.0165026 
0.0577701 0.134719 0.144222 0.031988 0.0184128 0.562971 0.0147128 0.0166961 0.000606791 0.00156088 6.53289e-05 7.08012e-06 0.0022652 0.00010131 0.0139008 
0.0935698 0.0453211 0.175769 0.0479424 0.116386 0.471852 0.0311298 0.00265498 0.000395187 0.000193359 0.00457475 0.000446204 0.00162069 0.000267281 0.00787799 
0.0054663 0.00634332 0.109311 0.0165492 0.0106782 0.491906 0.31453 0.00402147 4.26486e-06 0.00155574 0.000195925 0.00100847 0.0233228 9.67714e-05 0.0150104 
0.0138417 0.000194921 0.0572886 0.0142226 0.00439424 0.619632 0.239041 0.000216981 1.44149e-09 0.0348536 0.00703978 4.39405e-05 0.00681749 2.44008e-05 0.00238903 
0.0138417 0.000194921 0.0572886 0.0142226 0.00439424 0.619632 0.239041 0.000216981 1.44149e-09 0.0348536 0.00703978 4.39405e-05 0.00681749 2.44008e-05 0.00238903 
