0.0881309 0.0847732 0.0433665 0.0197088 0.0603171 0.0239069 0.458725 0.000932303 4.64495e-07 0.00512941 0.196134 0.00354039 0.000450134 0.000975352 0.0139097 
0.00605589 0.00285519 0.104228 0.045945 0.167981 0.0152886 0.636985 0.000177528 0.000189682 0.00139005 0.000157406 0.000258749 0.000834048 0.000164487 0.0174902 
0.0206121 0.0598255 0.260544 0.00688078 0.246412 0.0426704 0.333285 0.000749513 4.28941e-08 0.0139551 0.00118832 0.00124927 0.0036008 0.00558104 0.00344578 
0.0886189 0.153847 0.141327 0.0680854 0.0762279 0.0941165 0.295978 0.00566832 0.00557484 0.00393472 0.00533163 0.00167108 0.0314581 0.000945549 0.0272152 
0.0478126 0.044136 0.208407 0.10058 0.0258361 0.0567639 0.289955 0.00048069 6.02123e-10 0.00134784 0.00201224 0.191223 0.00792682 6.19701e-05 0.0234574 
0.0374424 0.0419411 0.205739 0.0140977 0.0296065 0.0277759 0.517625 0.0936126 8.82201e-07 0.0136728 0.00358155 5.31249e-05 0.0129332 9.04775e-05 0.00182727 
0.0465998 0.0626751 0.369395 0.0103066 0.030077 0.0359789 0.393366 0.000721335 8.05557e-05 0.0380496 0.000988078 5.34476e-05 0.00968502 9.63561e-05 0.00192714 
0.0333127 0.00258682 0.121296 0.00437946 0.00213927 0.018797 0.772982 0.00234399 2.18137e-09 0.0139774 0.000282619 9.1405e-05 0.0247755 6.01985e-05 0.00297573 
0.0399069 0.00226827 0.0725171 0.00340777 0.000984301 0.00519135 0.810385 1.00138e-05 9.88493e-13 0.0132436 0.000327601 0.00083842 0.0255771 0.00861414 0.016728 
0.0118873 0.0213615 0.444768 0.00391064 0.0313789 0.0199039 0.449654 1.48155e-08 2.38586e-11 0.0112613 7.44698e-07 0.000547855 0.000239492 2.97357e-08 0.00508548 
0.0947972 0.0876997 0.168974 0.0415286 0.119104 0.0546716 0.293874 0.00279877 0.000124929 0.00200822 0.0613723 0.000369886 0.064008 0.00058759 0.00808192 
0.0563226 0.0166142 0.32352 0.0633085 0.0074693 0.0274664 0.388636 6.20245e-09 4.10276e-13 0.0824079 0.00359668 0.000393085 0.0222461 5.57834e-05 0.0079636 
0.0983058 0.0689084 0.0806792 0.0396801 0.00352661 0.0216152 0.615952 0.00219105 1.32729e-08 0.0189735 7.38045e-05 0.004991 0.0408495 0.000142511 0.0041109 
0.01199 0.000140052 0.0203408 0.0135318 0.0729595 0.00743705 0.870312 8.83194e-06 3.72175e-06 0.000305277 0.000916375 3.13826e-05 0.000718078 0.000365865 0.000939426 
0.0498751 0.0308678 0.29831 0.021807 0.0162432 0.015422 0.516449 0.0283577 1.51372e-06 0.0140117 0.00294483 3.83899e-05 0.00487016 4.82984e-05 0.00075381 
0.00293006 0.00173458 0.208322 0.023496 0.0275237 0.00176196 0.623528 4.65762e-08 6.28999e-12 7.353e-05 0.00037339 0.00149625 0.0868654 2.3103e-05 0.021872 
0.014875 0.0063083 0.053866 0.00371186 0.0696895 0.00787163 0.789202 0.00390096 9.38556e-07 0.00890154 0.00444951 0.0144811 0.0117691 0.0104593 0.000513669 
0.0617949 0.0366491 0.193253 0.00282013 0.0219012 0.0133582 0.589842 0.00197158 2.5183e-10 0.00228289 0.00301495 0.0307569 0.0378198 0.00178401 0.00275131 
0.022967 0.0177803 0.299126 0.00995213 0.00507927 0.00124557 0.630789 4.82104e-06 1.53965e-11 0.000612833 0.00122931 6.68533e-05 0.00300868 4.33423e-05 0.00809494 
0.0304884 0.00933657 0.246195 0.0115054 0.0269502 0.00726698 0.641825 0.000158048 0.000109935 0.0119415 0.00571576 0.000196123 0.00237918 0.000145287 0.0057864 
0.0310822 0.00211422 0.0697703 0.00214733 0.000698232 0.0020543 0.844745 1.40183e-05 1.03725e-12 0.0179667 0.000317138 0.00012796 0.0270059 4.12005e-05 0.00191521 
0.0715091 0.00420092 0.0830214 0.0528192 0.116389 0.124616 0.368705 0.161305 6.80105e-06 0.000201368 0.00114181 0.0019759 0.00677319 0.00574669 0.00158959 
0.0113969 0.00189719 0.00526585 0.00241461 0.0680801 0.00435883 0.876852 0.000106197 3.26226e-07 0.00191723 0.0061062 0.000887934 0.000918309 0.0195058 0.000292245 
0.0192791 0.00167131 0.00957154 0.00489744 0.0442129 0.00259606 0.905834 1.7584e-05 1.01493e-06 0.000481698 0.00655848 0.000191136 0.00172413 0.00144641 0.00151677 
0.0526937 0.0193209 0.26392 0.00929094 0.113589 0.0223537 0.40456 0.000706645 5.87341e-05 0.0285808 0.033669 0.0064376 0.0265827 0.0114284 0.00680852 
0.0175302 0.00263933 0.0883762 0.0787593 0.0574511 0.0232437 0.699053 6.37179e-08 8.65422e-05 0.000310909 7.46355e-05 2.17704e-08 0.00496164 6.25481e-06 0.027507 
0.0491109 0.00680385 0.140334 0.0619086 0.0888858 0.140121 0.463096 0.0137343 3.18285e-05 0.00678263 0.0129929 0.00249204 0.00630199 0.00164601 0.00575695 
0.0398518 0.00594108 0.159917 0.00715741 0.026731 0.0028497 0.741053 8.26991e-06 3.9019e-07 0.00600823 0.00303279 0.000106628 0.00365988 0.000404364 0.0032789 
0.0157479 0.0156693 0.0630122 0.02933 0.355603 0.00349334 0.465573 0.000361225 1.13291e-05 0.0267243 0.00302606 0.000653205 0.000483667 0.00741992 0.0128909 
0.034281 0.0103371 0.143542 0.0180397 0.0331648 0.0298764 0.666987 0.0426213 8.80529e-06 0.0107137 0.0024519 0.000428686 0.00225236 9.45188e-05 0.00520021 
0.0753935 0.190675 0.036883 0.00740445 0.0950906 0.0163904 0.562577 0.00142584 1.48203e-09 0.0003821 0.00305811 0.000119703 0.00719089 0.000644912 0.002764 
0.0475459 0.0501634 0.277893 0.0821271 0.0823268 0.0201509 0.291895 0.00467166 1.6624e-07 0.017405 0.00191738 0.000159605 0.0249938 0.0952468 0.00350309 
0.0165054 0.0103119 0.0897509 0.00679909 0.0664429 0.0160716 0.77971 0.00400315 1.19614e-06 0.00549487 0.00290304 0.000178081 0.00121011 0.000329629 0.000287701 
0.0113969 0.00189719 0.00526585 0.00241461 0.0680801 0.00435883 0.876852 0.000106197 3.26226e-07 0.00191723 0.0061062 0.000887934 0.000918309 0.0195058 0.000292245 
0.0067928 0.00380941 0.119806 0.00940735 0.00375724 0.0154356 0.836212 7.38279e-06 1.4396e-09 0.00160471 9.38438e-05 3.25127e-05 0.000653164 7.4639e-05 0.00231307 
0.0295629 0.170853 0.157799 0.039266 0.0734994 0.0143081 0.430618 0.00735347 9.1117e-05 0.0157697 0.0421426 0.000648111 0.00726897 0.00192061 0.0088982 
0.0511176 0.0803138 0.323491 0.0159901 0.0884301 0.00822044 0.361552 0.000357867 0.00536175 0.0102083 0.00359407 0.00263411 0.00919935 0.0275577 0.0119724 
0.248365 0.00819608 0.247983 0.0401201 0.0458237 0.0194794 0.306483 3.81874e-05 0.00884125 0.00973376 9.12697e-05 0.000832355 0.030115 4.94312e-05 0.0338491 
0.152385 0.0415262 0.141995 0.0941118 0.0809642 0.020045 0.330623 0.00237837 0.000261112 0.00440794 0.0011201 0.00189792 0.0136842 0.000186194 0.114413 
0.0617171 0.011002 0.273384 0.0338 0.0377619 0.0717769 0.456775 0.0079169 0.00185853 0.0104796 0.0285528 3.25493e-05 0.00149223 0.000852228 0.00259854 
0.0188669 0.00335862 0.0692627 0.00185957 0.00830775 0.0043684 0.868893 0.000612423 5.03909e-06 0.00988954 0.00273514 7.84105e-06 0.00879767 3.38159e-05 0.00300125 
0.0341188 0.00510109 0.140123 0.030452 0.0192269 0.00868308 0.742902 0.000839755 6.77988e-07 0.00371408 0.0102797 7.22288e-05 0.000666766 4.24363e-05 0.00377743 
0.0293294 7.03885e-05 0.0786094 0.143448 0.0274084 0.00537374 0.384152 4.70412e-05 4.79947e-11 0.00300315 0.0031745 0.000445372 0.00398121 2.17668e-05 0.320936 
0.20006 0.00963373 0.18228 0.0312775 0.0744687 0.170157 0.254082 0.00921836 4.71024e-12 0.0377771 0.000486507 0.00451412 0.00543848 9.53775e-05 0.0205106 
0.000988161 0.0146469 0.130427 0.000681293 0.0151412 0.0229633 0.709106 0.10094 1.73841e-11 3.36769e-06 0.004872 2.19758e-06 4.44293e-05 0.000176206 8.41766e-06 
0.0188669 0.00335862 0.0692627 0.00185957 0.00830775 0.0043684 0.868893 0.000612423 5.03909e-06 0.00988954 0.00273514 7.84105e-06 0.00879767 3.38159e-05 0.00300125 
0.0717156 0.158912 0.257147 0.0294778 0.0445658 0.044054 0.309205 0.0475309 0.000104442 0.00999999 0.00141892 0.00616637 0.00597334 1.83383e-05 0.0137112 
0.035363 0.0220024 0.187717 0.00646443 0.133086 0.00914442 0.559674 1.9217e-05 6.06223e-10 0.000640945 0.000129434 0.00363923 0.00747312 4.8073e-05 0.0345995 
0.0067928 0.00380941 0.119806 0.00940735 0.00375724 0.0154356 0.836212 7.38279e-06 1.4396e-09 0.00160471 9.38438e-05 3.25127e-05 0.000653164 7.4639e-05 0.00231307 
0.0482695 0.0344319 0.249767 0.0893551 0.0628496 0.0305792 0.45232 0.00020261 6.80843e-10 0.000181688 0.000221612 5.69175e-06 0.000507228 0.00101915 0.03029 
0.0609563 0.00255788 0.0323095 0.0139429 0.0396487 0.0385014 0.69377 0.000146476 4.21814e-07 0.0529899 0.0532492 0.000378522 0.00340523 0.00055661 0.0075865 
0.0239457 0.00233982 0.0134001 0.00645747 0.0430808 0.00320185 0.895825 2.46145e-05 1.41967e-06 0.000674353 0.00597105 0.000170548 0.00174359 0.00104019 0.00212346 
0.12353 0.0145376 0.0794982 0.0890799 0.145985 0.0513935 0.357232 0.00343135 0.000194744 0.00565493 0.110631 0.000139593 0.00586818 0.000211325 0.0126134 
0.0729238 0.0449934 0.131743 0.0118838 0.0115599 0.01055 0.443 0.00110822 2.45222e-06 0.000175027 0.00141127 0.168674 0.0462742 1.10641e-05 0.0556894 
0.0686504 0.0172735 0.226109 0.0110124 0.0553051 0.0792317 0.481747 0.0419502 1.00201e-06 0.001039 8.3504e-05 0.00237825 0.0125465 7.04058e-05 0.00260145 
0.0901613 0.00194226 0.0170696 0.0176303 0.0329767 0.0145052 0.489097 6.48734e-05 9.74528e-05 0.000469023 0.105803 0.00013533 0.222178 0.000779001 0.00709052 
0.0310822 0.00211422 0.0697703 0.00214733 0.000698232 0.0020543 0.844745 1.40183e-05 1.03725e-12 0.0179667 0.000317138 0.00012796 0.0270059 4.12005e-05 0.00191521 
0.013421 0.0180005 0.0575815 0.00244988 0.0214485 0.00305479 0.847806 0.000947007 4.55249e-07 0.0085538 0.00933561 6.15699e-05 0.0162412 0.000458322 0.000640389 
0.0316287 0.0233645 0.271251 0.0240193 0.0386296 0.132488 0.441574 0.00121418 9.42259e-07 0.0128635 0.000447057 0.00394964 0.0142949 0.000215058 0.00405937 
1.57792e-05 0.0043827 8.95907e-07 2.42652e-06 0.412925 1.00293e-06 0.551718 1.14284e-06 0.00215365 7.47184e-08 0.0127444 7.44969e-07 0.00213991 0.0139144 1.46203e-11 
0.0333554 0.0131607 0.124347 0.0116926 0.075486 0.00683761 0.676931 0.00284056 7.5952e-07 5.76216e-06 0.000706356 1.31106e-05 0.000881524 0.000887825 0.0528543 
0.0816719 0.0295139 0.209768 0.0453207 0.179455 0.0297603 0.292022 0.0138833 0.0160351 0.00527319 0.0130276 0.00355473 0.00279901 0.0740888 0.00382638 
0.0565343 0.00715592 0.107261 0.0249068 0.0758512 0.0650442 0.582436 2.10064e-08 1.43526e-07 2.11424e-05 3.23406e-08 1.31948e-08 0.000881156 9.3078e-05 0.0798154 
0.000395937 0.00852481 0.161043 0.000634346 0.0351283 0.0312958 0.711624 0.028666 0.000130745 0.000130422 0.00164441 1.04541e-05 9.38026e-05 2.17287e-07 0.0206777 
0.0174084 0.0214226 0.15501 0.0215674 0.0482738 0.118472 0.594784 0.00328954 2.39815e-05 0.00754564 0.00207456 1.23921e-05 0.0050086 0.000242168 0.00486476 
0.0490167 0.00753597 0.240412 0.0270662 0.01482 0.134075 0.494885 0.000377855 9.12586e-08 0.0102425 0.00070853 0.00174252 0.00328185 0.00464051 0.0111952 
0.0793367 0.0461144 0.174177 0.0239235 0.0140637 0.00547839 0.579987 0.00888309 1.11362e-06 0.00800742 0.0515253 0.000190808 0.00279419 2.35e-05 0.00549391 
0.0067928 0.00380941 0.119806 0.00940735 0.00375724 0.0154356 0.836212 7.38279e-06 1.4396e-09 0.00160471 9.38438e-05 3.25127e-05 0.000653164 7.4639e-05 0.00231307 
0.0753935 0.190675 0.036883 0.00740445 0.0950906 0.0163904 0.562577 0.00142584 1.48203e-09 0.0003821 0.00305811 0.000119703 0.00719089 0.000644912 0.002764 
0.0182796 0.0142682 0.140488 0.0186516 0.0265545 0.0204961 0.702842 0.0481737 2.57631e-06 0.0029624 0.00589013 1.84924e-05 0.000278073 0.000124608 0.000969865 
0.0161041 0.0376083 0.165976 0.0473942 0.0878968 0.0330371 0.584258 0.00749307 7.67872e-07 0.00848146 0.00480609 0.000233546 0.00071736 0.0020866 0.00390677 
0.000556138 0.0133852 0.0650317 0.00016356 0.00470042 0.00403411 0.911367 9.81533e-07 1.35066e-07 5.02312e-05 0.000408626 7.17468e-06 0.000178587 1.52864e-05 0.00010098 
0.137166 0.17842 0.120542 0.0104738 0.0617299 0.00248198 0.308108 0.0362685 0.000212153 0.00181488 0.00743371 0.000235431 0.0133651 0.1212 0.000548177 
0.00288489 0.0117855 0.19663 0.00261541 0.0186128 0.0112807 0.742939 0.00860527 0.000213421 3.04509e-05 0.00343837 0.000104466 0.000415473 5.77109e-05 0.000386835 
0.0442867 0.0151351 0.139815 0.0249777 0.0332319 0.0369551 0.56145 0.000869799 8.40176e-08 0.00588748 0.123764 0.000363722 0.00203859 0.000491395 0.0107335 
0.208984 0.0435464 0.243122 0.0276921 0.0802523 0.0152768 0.258326 0.00276636 3.97776e-05 0.064293 0.00285251 0.0021123 0.0381086 9.33721e-05 0.0125342 
0.0379259 0.0321885 0.172571 0.00851935 0.0595815 0.00353323 0.573966 0.000445091 0.00780844 0.00280903 0.02829 0.00529001 0.0648546 0.00197379 0.000243652 
0.00194602 0.000963502 0.230573 0.0078323 0.00248712 0.00148097 0.723547 4.09436e-09 4.71964e-12 3.34849e-06 9.63124e-05 2.52652e-05 0.025535 2.19419e-05 0.00548784 
0.0310822 0.00211422 0.0697703 0.00214733 0.000698232 0.0020543 0.844745 1.40183e-05 1.03725e-12 0.0179667 0.000317138 0.00012796 0.0270059 4.12005e-05 0.00191521 
0.110446 0.0250483 0.200849 0.0351719 0.0243026 0.00779964 0.506687 4.76245e-05 0.000295604 0.0120111 0.000540594 0.00013781 0.0597473 2.85214e-05 0.0168867 
0.0033629 0.00430601 0.101639 0.00182565 0.0157391 0.00482497 0.8405 0.00256734 1.06642e-08 0.00883965 0.00379052 1.11063e-05 0.0120314 0.000477907 8.47847e-05 
0.0341188 0.00510109 0.140123 0.030452 0.0192269 0.00868308 0.742902 0.000839755 6.77988e-07 0.00371408 0.0102797 7.22288e-05 0.000666766 4.24363e-05 0.00377743 
0.0297381 0.0901957 0.315663 0.0866946 0.0471882 0.0168209 0.342803 0.00198059 0.000231636 0.0271464 0.0233154 0.000495668 0.0158057 0.000186773 0.00173348 
0.00585042 0.0072571 0.0171067 0.0164448 0.0186884 0.000790224 0.883718 2.17126e-08 9.52559e-11 5.33726e-05 0.00020771 0.00740478 0.0353969 0.00480348 0.00227766 
0.000157459 0.0310298 0.156949 0.000576002 0.0170421 0.0231527 0.733089 0.00361095 2.42764e-10 3.39288e-05 0.000194834 0.000934022 2.40903e-05 3.74513e-05 0.0331692 
0.00531018 0.0117543 0.28076 0.00604929 0.0412014 0.0377461 0.598963 0.00699815 3.76151e-05 0.00736004 0.000701294 6.4483e-05 0.000648019 4.75991e-05 0.00235844 
0.0269216 0.0205437 0.197485 0.0990276 0.0719913 0.036613 0.365795 0.0188861 0.000500266 0.0133039 0.110563 0.00015277 0.00224197 0.031442 0.00453276 
0.0406 0.026668 0.161419 0.178774 0.0793692 0.0775712 0.386953 0.000399089 0.000140557 0.00542412 0.00231465 0.000897301 0.0141282 0.00229972 0.0230417 
0.133498 0.145003 0.183551 0.0194266 0.152232 0.024773 0.214352 0.00108453 1.67005e-07 0.0311205 0.000938913 0.0327791 0.0468287 0.00520108 0.00921048 
0.0138493 0.0127217 0.208057 0.037955 0.0924188 0.0724725 0.516649 0.033181 1.72557e-07 0.00601483 0.0019568 0.000113569 0.000413059 0.000123949 0.00407326 
0.0312614 0.0529889 0.180675 0.0151415 0.0715293 0.0112369 0.581209 0.000145478 0.000102022 0.00755146 0.00523379 0.00184574 0.0266584 0.00758183 0.00683887 
0.0857192 0.1412 0.209577 0.000118982 0.0011782 0.0225686 0.52272 0.00219495 6.8101e-12 0.00486494 6.20576e-08 0.00196576 0.00693134 2.98867e-05 0.000931383 
0.0182796 0.0142682 0.140488 0.0186516 0.0265545 0.0204961 0.702842 0.0481737 2.57631e-06 0.0029624 0.00589013 1.84924e-05 0.000278073 0.000124608 0.000969865 
0.0173916 0.00115791 0.427901 0.0352783 0.0113161 0.0225782 0.467689 3.9721e-05 6.25489e-06 0.000839498 4.72787e-06 7.28748e-05 0.00569997 8.64892e-06 0.0100161 
0.04209 0.0203515 0.257379 0.00556968 0.0263937 0.0327562 0.4383 0.000541028 1.50026e-05 0.0347382 0.000328046 0.000394622 0.134743 0.000209438 0.00618953 
0.0738827 0.0217303 0.241054 0.03822 0.0592315 0.052936 0.361842 8.66825e-05 8.26248e-11 0.00112383 0.000491283 0.000108816 0.0550193 6.04303e-05 0.0942132 
0.00979894 0.00119868 0.0447006 0.00246043 0.0110324 0.00571426 0.91982 0.00138692 5.371e-11 0.000386551 0.00207457 9.28844e-09 0.00079724 5.63862e-05 0.000573067 
0.0609563 0.00255788 0.0323095 0.0139429 0.0396487 0.0385014 0.69377 0.000146476 4.21814e-07 0.0529899 0.0532492 0.000378522 0.00340523 0.00055661 0.0075865 
0.0291774 0.00957362 0.194904 0.0335735 0.011179 0.00780093 0.678321 2.66179e-06 1.19374e-08 0.00614075 0.00105484 0.00774684 0.0141074 3.63428e-05 0.00638091 
0.0115559 0.000345555 0.00427572 0.00302269 0.0655913 0.000635627 0.905285 3.80485e-06 1.4208e-06 8.6243e-06 0.00651334 6.72729e-05 0.000541665 0.0017868 0.000365255 
0.0693527 0.106137 0.146978 0.0107909 0.0043143 0.0113539 0.580226 0.000235279 7.02155e-05 0.0244817 1.97019e-05 6.16186e-05 0.0431149 5.3158e-05 0.00281092 
0.0472216 0.00435988 0.225834 0.00757157 0.0590131 0.0538462 0.572348 0.00945512 1.25299e-07 0.00812548 0.00124683 0.00110348 0.00484787 0.00308601 0.00194151 
0.0294855 0.00278218 0.128502 0.0141704 0.0584462 0.033896 0.714475 0.00182842 9.06337e-11 0.000151617 0.00324722 0.000910021 0.00154402 0.00579812 0.0047638 
0.0398136 0.0154357 0.136213 0.0245057 0.0191939 0.0128926 0.699098 0.000710503 1.85747e-07 0.0136898 0.00470763 0.000655833 0.00115546 0.00679994 0.0251285 
0.0757574 0.0067197 0.114771 0.0480444 0.0226983 0.0315613 0.68448 0.00235888 5.6993e-09 0.00584287 0.0040001 0.000694659 0.00106796 1.6655e-05 0.00198748 
0.0395018 0.114315 0.164438 0.00690953 0.0133455 0.0429896 0.525413 0.0012478 1.84785e-08 0.00105216 0.00032864 0.0466163 0.0365736 9.11435e-05 0.00717833 
0.00484707 0.0012785 0.0692803 0.0242183 0.0198323 0.274292 0.592048 1.66164e-05 5.69959e-09 0.00856669 0.000691588 2.4306e-05 0.00196216 8.67803e-06 0.00293364 
0.0343024 0.0522187 0.20976 0.0104207 0.0397973 0.00185859 0.607479 1.94354e-05 1.22297e-11 0.000196967 0.00140281 0.000762252 0.0404688 0.000302691 0.00101064 
0.00379018 0.172306 0.297619 0.0157461 0.0509945 0.00674858 0.421424 0.00233403 1.03229e-07 0.000936704 7.49505e-07 2.99146e-05 6.19979e-05 3.72817e-05 0.0279702 
0.00605589 0.00285519 0.104228 0.045945 0.167981 0.0152886 0.636985 0.000177528 0.000189682 0.00139005 0.000157406 0.000258749 0.000834048 0.000164487 0.0174902 
0.00968126 0.0238164 0.144038 0.0037505 0.0542487 0.209598 0.507326 0.0223472 6.22575e-09 0.0205414 0.00108051 0.000729844 0.000294783 0.00223103 0.000316097 
0.00504884 0.0135594 0.144489 0.0231501 0.0319702 0.024028 0.572952 0.172887 5.97123e-06 0.00133505 0.0101027 3.7807e-06 0.000100403 0.000148673 0.00021926 
0.0206431 0.0277923 0.0766019 0.0102729 0.0413857 0.0124862 0.750282 0.000378493 1.9328e-07 0.0023815 0.0510746 0.000429812 0.00135985 0.000532768 0.00437898 
0.0394935 0.00516151 0.202189 0.0150037 0.00935509 0.21017 0.501342 0.000532208 3.53367e-09 0.00999925 0.000351793 0.000591048 0.00314528 1.96448e-05 0.00264619 
0.0310822 0.00211422 0.0697703 0.00214733 0.000698232 0.0020543 0.844745 1.40183e-05 1.03725e-12 0.0179667 0.000317138 0.00012796 0.0270059 4.12005e-05 0.00191521 
0.0070208 2.12372e-05 0.00441596 0.00246295 0.066254 0.000336016 0.911678 2.33371e-05 1.0209e-06 1.75345e-05 0.00613639 3.574e-05 0.000269192 0.00113949 0.000188759 
0.0921466 0.106479 0.190198 0.125518 0.179454 0.0323037 0.222532 0.000846361 0.0333454 0.000101897 0.000530529 0.000317925 0.00140834 0.000348547 0.0144698 
0.000504342 0.00329806 0.264294 4.11396e-07 0.21804 0.00849545 0.503209 0.000316116 1.75416e-05 2.12924e-07 0.000111085 2.51791e-08 0.000534042 3.77663e-05 0.00114108 
0.0430849 0.0315414 0.306516 0.0260539 0.0169415 0.0505637 0.48943 0.000725132 6.47127e-12 0.0115058 0.00093829 0.0134243 0.00335233 4.65897e-05 0.00587558 
0.027385 0.0195076 0.0241363 0.166315 0.119831 0.260032 0.316362 3.74705e-07 2.30868e-05 0.00101392 0.000511952 9.77357e-05 0.00181578 0.000100493 0.0628678 
0.00551181 0.0274855 0.090016 0.0429374 0.160747 0.0443528 0.285202 0.0992724 0.000175354 0.00140378 0.00216433 0.00172282 0.0851383 0.152502 0.0013682 
0.0106773 0.0020915 0.045838 0.0620414 0.0459011 0.287881 0.528599 0.00285776 2.99495e-05 0.00512034 0.00194731 0.000736286 0.00337537 0.000571379 0.0023325 
0.177155 0.00108458 0.0719038 0.0141054 0.0187319 0.0305302 0.269394 6.15723e-05 0.000382092 0.211891 9.9789e-05 0.00282344 0.171018 0.00327261 0.0275464 
0.0258069 0.00556115 0.114222 0.0186792 0.0184555 0.0053604 0.791574 0.00100296 2.8302e-07 0.00633185 0.00792195 7.7887e-05 0.00116079 6.16118e-05 0.0037837 
0.100485 0.0156968 0.0598144 0.0104217 0.0778143 0.00420809 0.659906 0.000179539 4.55037e-06 0.00604027 0.000538464 0.000350405 0.0261159 4.33801e-05 0.0383815 
0.0178718 0.00336612 0.00696599 0.00212043 0.102668 0.00526352 0.822561 5.3864e-05 1.23991e-09 0.00243775 0.00932493 0.00330622 0.00563759 0.0180888 0.000333731 
0.00073508 0.000436289 0.0276763 0.000388996 0.0584711 0.0592938 0.647329 0.203032 1.46759e-06 0.000438333 0.00202226 5.32932e-06 0.000124794 8.58956e-06 3.65969e-05 
0.00608437 0.0171332 0.162007 0.00542633 0.0558667 0.00395685 0.719952 0.000348317 4.90975e-07 0.019557 0.00904515 8.61103e-06 0.0003019 0.000150007 0.000162141 
0.0333127 0.00258682 0.121296 0.00437946 0.00213927 0.018797 0.772982 0.00234399 2.18137e-09 0.0139774 0.000282619 9.1405e-05 0.0247755 6.01985e-05 0.00297573 
0.00814667 0.0028109 0.0711527 0.00396714 0.0100216 0.01681 0.866216 0.00819763 6.12933e-13 0.00565853 0.00238598 4.72001e-05 0.0021106 8.60666e-05 0.00238928 
0.0439806 0.00336888 0.0130252 0.0217002 0.299234 0.0207259 0.529077 0.000220375 5.07937e-11 0.00111375 0.0543608 0.00052083 0.000626234 0.0109454 0.00110046 
0.0427871 0.0109663 0.256931 0.00809627 0.0263281 0.0197019 0.521493 0.0433881 0.000239697 0.0435738 0.00283746 0.000205352 0.0211863 7.22561e-05 0.00219405 
0.0122472 0.000301702 0.0207495 0.0106194 0.0200766 0.0726509 0.51158 0.334003 9.24036e-09 0.00544336 0.000604427 0.000205091 0.00591458 3.85248e-05 0.00556513 
0.0283893 0.000482061 0.000815896 0.00341191 0.189915 0.00183141 0.76878 0.000174624 7.82702e-06 0.000153569 0.00458632 0.000166487 0.000722691 0.00056284 2.68602e-12 
0.0333127 0.00258682 0.121296 0.00437946 0.00213927 0.018797 0.772982 0.00234399 2.18137e-09 0.0139774 0.000282619 9.1405e-05 0.0247755 6.01985e-05 0.00297573 
0.141743 0.158285 0.148963 0.0336637 0.0260018 0.196996 0.240205 0.0228689 5.42476e-07 0.000114079 0.000109877 0.000449454 0.00505843 3.42366e-05 0.0255063 
0.0275142 0.014336 0.154629 0.0147403 0.0274258 0.0210202 0.679327 0.000211853 3.53796e-08 0.00387345 0.0466217 0.000691864 0.00157219 0.000448095 0.00758838 
0.0310822 0.00211422 0.0697703 0.00214733 0.000698232 0.0020543 0.844745 1.40183e-05 1.03725e-12 0.0179667 0.000317138 0.00012796 0.0270059 4.12005e-05 0.00191521 
0.0227522 0.00383556 0.235311 0.0077059 0.0100389 0.0111505 0.679932 4.90355e-05 2.29688e-06 0.0164376 0.000701672 6.54463e-05 0.00950467 8.42252e-05 0.00242875 
0.0754243 0.020827 0.12122 0.00983045 0.00535533 0.0512241 0.65649 0.000878735 2.22229e-11 0.00173199 0.000232742 0.0130821 0.0380208 0.00012976 0.00555238 
0.0137659 0.00189871 0.098308 0.0741512 0.0188036 0.0026811 0.573533 1.76905e-05 1.79131e-10 4.74784e-05 0.000312541 0.0247312 0.0566418 0.0229454 0.112162 
0.0901613 0.00194226 0.0170696 0.0176303 0.0329767 0.0145052 0.489097 6.48734e-05 9.74528e-05 0.000469023 0.105803 0.00013533 0.222178 0.000779001 0.00709052 
0.0149657 0.000911256 0.0794164 0.00227619 0.0114335 0.391728 0.463322 7.90409e-05 2.08756e-05 5.08173e-10 1.54791e-06 0.0264973 0.00866323 9.26356e-08 0.000684655 
0.0191742 0.000321433 0.0116671 0.00791157 0.138049 0.00322075 0.81444 0.000116494 5.22965e-06 0.000102441 0.00305776 0.000444072 0.00111458 0.000375266 1.93874e-08 
0.0263437 0.0436067 0.15102 0.0511888 0.204513 0.0105258 0.384745 0.00237682 1.0595e-05 0.000238969 0.00208116 0.000142036 0.00494027 0.114853 0.00341305 
0.0364967 0.00481484 0.363953 0.0158207 0.0182403 0.0411227 0.487091 0.00308463 2.57361e-05 0.0089898 0.000378184 0.00102745 0.0086159 3.33753e-05 0.0103057 
0.0073068 0.039181 0.0405863 0.00682008 0.0432117 0.0114861 0.507392 0.0276075 1.26837e-06 0.00242339 0.31178 4.65547e-05 0.000782159 0.000737976 0.000637165 
0.0236071 0.00236668 0.069619 0.00417411 0.0621864 0.0201699 0.750819 0.0119036 2.07539e-06 0.00133328 0.000765322 0.00206676 0.0472983 0.00313581 0.000552882 
0.000221289 0.0525544 0.0648832 0.00707883 0.0101587 0.00998854 0.846427 0.000204672 5.63193e-07 4.83421e-06 8.44703e-05 0.0001184 0.000268152 1.64082e-05 0.00799019 
0.0609563 0.00255788 0.0323095 0.0139429 0.0396487 0.0385014 0.69377 0.000146476 4.21814e-07 0.0529899 0.0532492 0.000378522 0.00340523 0.00055661 0.0075865 
0.0129807 0.0080509 0.0304981 0.00610183 0.218306 0.0185192 0.6332 0.0215509 3.45609e-06 0.00162164 0.00639233 0.00160249 0.0010161 0.0385916 0.00156417 
0.0388762 0.0524358 0.216189 0.0125794 0.0187259 0.00898055 0.619224 0.000578073 1.32331e-05 0.00586125 0.00544819 0.00671993 0.00316488 0.00024476 0.0109589 
0.0312947 0.153927 0.341373 0.000263047 0.000928324 0.00229169 0.413833 0.000869221 5.47875e-12 0.035955 3.8676e-05 0.000477319 0.0167544 2.45602e-05 0.00197087 
0.0491913 0.0420771 0.0670878 0.00608211 0.287532 0.0048935 0.396455 0.000314952 3.87718e-09 0.00501568 0.0260098 0.00639798 0.0808012 0.0274895 0.000652319 
0.135097 0.054123 0.0258646 0.00700712 0.103089 0.0039677 0.374561 0.0011237 0.000119163 0.0634481 0.0248168 0.0138444 0.182716 0.00413175 0.00609054 
0.0312481 0.0166345 0.279736 0.0475112 0.0149918 0.00713604 0.538565 2.70638e-05 7.51702e-07 0.0174941 0.000378821 0.0188158 0.0107792 2.86943e-05 0.0166533 
0.0514679 0.0691715 0.0970098 0.0079965 0.121498 0.0293598 0.483848 0.0877316 2.12039e-05 0.0144779 0.0212863 0.000522119 0.00974119 0.000512846 0.00535473 
0.0966398 0.0437564 0.0909022 0.0875421 0.0310653 0.0258651 0.366241 0.00111292 8.12698e-05 0.0274479 0.153603 0.013883 0.00459164 0.0040684 0.0531996 
1.57792e-05 0.0043827 8.95907e-07 2.42652e-06 0.412925 1.00293e-06 0.551718 1.14284e-06 0.00215365 7.47184e-08 0.0127444 7.44969e-07 0.00213991 0.0139144 1.46203e-11 
0.142745 0.00025369 0.21514 0.00527359 0.0018572 0.0220466 0.545195 1.63277e-05 2.54749e-11 4.71348e-06 0.000318028 3.73318e-07 0.0225563 2.51082e-05 0.0445678 
0.0238835 0.381679 0.0739767 0.0121212 0.0342845 0.0125628 0.449812 0.00147024 3.82425e-05 0.00510758 0.00467596 0.000108283 0.000108292 1.94788e-05 0.000152667 
0.0310822 0.00211422 0.0697703 0.00214733 0.000698232 0.0020543 0.844745 1.40183e-05 1.03725e-12 0.0179667 0.000317138 0.00012796 0.0270059 4.12005e-05 0.00191521 
0.0458101 0.0785016 0.0920342 0.276593 0.16294 0.0305901 0.297321 4.14262e-08 8.29282e-07 0.000128389 0.000569339 5.08415e-05 0.00254988 4.02057e-05 0.0128699 
0.00146628 0.198147 0.280317 0.00526927 0.0050502 0.013922 0.454795 0.00495354 6.66994e-06 0.0357603 3.28661e-06 1.61287e-09 0.000302874 2.83983e-07 5.96215e-06 
0.0200782 0.00524199 0.127829 0.310772 0.0190014 0.0932862 0.322083 0.021318 6.2398e-07 0.0114142 0.00401804 0.000900224 0.000943592 0.00339773 0.0597158 
0.0724723 0.033282 0.137201 0.186664 0.0583033 0.0381947 0.247971 0.00202535 0.00138202 0.0187566 0.149594 0.00655933 0.0115548 0.0175852 0.0184549 
0.0043139 0.00238929 0.0546973 0.00609589 0.299776 0.0827562 0.334441 9.49998e-06 2.48032e-05 0.00152996 0.000225868 0.00098561 0.0526464 0.0119077 0.148201 
0.0067928 0.00380941 0.119806 0.00940735 0.00375724 0.0154356 0.836212 7.38279e-06 1.4396e-09 0.00160471 9.38438e-05 3.25127e-05 0.000653164 7.4639e-05 0.00231307 
0.0488497 0.0216062 0.042826 0.00768141 0.223352 0.012706 0.614016 0.00761266 9.37303e-05 0.000643397 0.00304959 0.00236586 0.0026572 0.00634103 0.00619893 
0.0225561 0.0854252 0.148606 0.00726095 0.0121339 0.0261981 0.646014 0.000369891 9.06294e-10 0.00278466 0.000167257 0.00135515 0.0415444 0.00013156 0.00545244 
0.0310822 0.00211422 0.0697703 0.00214733 0.000698232 0.0020543 0.844745 1.40183e-05 1.03725e-12 0.0179667 0.000317138 0.00012796 0.0270059 4.12005e-05 0.00191521 
0.00675962 0.00968529 0.130467 0.0201342 0.0332233 0.0184056 0.646849 0.124091 4.26605e-06 0.00107069 0.00861265 2.70095e-06 0.000158178 0.000156494 0.000379898 
0.0317202 0.00462144 0.0625259 0.00634529 0.0575002 0.0168015 0.723259 0.00923204 5.54267e-09 0.00470082 0.0040696 0.0146578 0.0515153 0.0119895 0.00106168 
0.0120714 0.0260892 0.265615 0.00324838 0.016011 0.00894303 0.624048 0.00620585 6.85831e-13 0.0292897 0.00196981 2.4903e-05 0.00343726 0.00012783 0.00291796 
0.0450602 0.0651684 0.0234129 0.00542943 0.0202073 0.013363 0.309236 0.00345846 0.00346642 0.00563648 0.244418 0.00351918 0.0158122 0.240285 0.00152741 
0.00154905 0.00155405 0.038693 0.0122479 0.0194988 0.00121779 0.898921 1.01441e-07 1.72889e-08 0.00162626 0.000126251 3.11267e-05 0.00679221 3.01105e-05 0.0177122 
0.0352856 0.121008 0.132813 0.01432 0.108774 0.0191473 0.541113 0.000674701 4.91983e-06 0.00162308 0.00288599 0.000624838 0.0151275 0.00306805 0.00353031 
0.0133544 0.00298749 0.109491 0.15802 0.0228575 0.19667 0.426078 0.000308404 0.000211587 0.0157774 0.00379285 0.000146686 0.0451316 3.07057e-05 0.00514264 
1.57792e-05 0.0043827 8.95907e-07 2.42652e-06 0.412925 1.00293e-06 0.551718 1.14284e-06 0.00215365 7.47184e-08 0.0127444 7.44969e-07 0.00213991 0.0139144 1.46203e-11 
0.0396919 0.00206306 0.00953491 0.00868591 0.0589756 0.0100167 0.756542 0.000171787 2.33675e-05 0.00157446 0.0451588 0.000683047 0.0540446 0.0109122 0.00192171 
0.0382917 0.000657369 0.114763 0.0225556 0.00707566 0.0704366 0.624498 0.000539694 1.31156e-10 0.00061606 0.00013778 7.92349e-08 0.00124827 0.000264905 0.118916 
0.0465561 0.046625 0.0787961 0.229714 0.0359897 0.176619 0.304853 0.0001016 1.85227e-06 0.000299787 0.00603523 0.00592633 0.00245636 1.58717e-05 0.06601 
0.0448321 0.000302445 0.17646 0.00540163 6.98239e-07 0.0495564 0.430636 0.00158399 2.20522e-10 0.00237206 5.02791e-07 2.2052e-07 6.96783e-07 2.20401e-05 0.288831 
0.0188669 0.00335862 0.0692627 0.00185957 0.00830775 0.0043684 0.868893 0.000612423 5.03909e-06 0.00988954 0.00273514 7.84105e-06 0.00879767 3.38159e-05 0.00300125 
0.0299182 0.148692 0.0733137 0.00442869 0.157824 0.00736504 0.52309 0.00122895 2.87078e-05 0.00439599 0.0134867 0.00294806 0.00425141 0.0213235 0.00770481 
0.0310822 0.00211422 0.0697703 0.00214733 0.000698232 0.0020543 0.844745 1.40183e-05 1.03725e-12 0.0179667 0.000317138 0.00012796 0.0270059 4.12005e-05 0.00191521 
0.0405165 0.0103704 0.289852 0.0501456 0.203176 0.0321324 0.326845 0.00601141 0.00115209 0.0196627 0.00407393 0.00041566 0.00217494 0.0061809 0.00729045 
0.0320714 0.0275963 0.171729 0.0823959 0.214095 0.0378984 0.399039 0.00181259 3.09416e-05 0.000642819 0.000892026 0.00237272 0.00305356 0.011975 0.0143959 
0.00341945 0.00498939 0.0851582 0.00185298 0.0185575 0.00203858 0.880859 0.000235421 1.91807e-12 1.12923e-05 0.00251192 6.59698e-09 0.000311769 5.40951e-05 1.7118e-08 
0.0664677 0.00617673 0.198929 0.124732 0.0371495 0.114654 0.376662 0.00124401 3.0856e-07 0.00471237 0.00245914 0.00373917 0.00817731 0.000124002 0.0547728 
0.00484707 0.0012785 0.0692803 0.0242183 0.0198323 0.274292 0.592048 1.66164e-05 5.69959e-09 0.00856669 0.000691588 2.4306e-05 0.00196216 8.67803e-06 0.00293364 
0.0380382 0.0182599 0.150179 0.0295378 0.209698 0.167144 0.292485 0.00793483 0.0128621 0.0313334 0.000949568 0.00177483 0.0134747 0.0210671 0.00526153 
0.0148114 0.00160081 0.0537638 0.0110912 0.116645 0.00830945 0.785362 0.000388138 1.87238e-05 0.000794682 0.00267484 9.29632e-05 0.00109691 0.000658597 0.00269166 
0.040588 0.0196256 0.370895 0.0433453 0.0509209 0.0132949 0.413385 0.00627862 7.59183e-06 0.0209754 0.00333727 0.000562991 0.0141963 0.000921603 0.0016662 
0.0108519 0.00193279 0.340646 0.00314958 0.0107221 0.00325058 0.614722 1.3437e-06 9.90369e-08 0.00191863 0.00112727 0.000152783 0.00715209 2.23801e-05 0.00435045 
0.0212115 0.0308409 0.148964 0.0303539 0.254316 0.0366183 0.455423 0.000592917 1.67819e-07 0.00424636 0.000889787 0.00427265 0.0050716 0.00354226 0.0036564 
0.00292827 0.000831904 0.368132 0.0407421 0.0115917 0.0310725 0.537214 2.37124e-05 2.44842e-07 0.00502776 0.000399967 2.51678e-05 0.000997703 2.56055e-05 0.000986836 
0.0301719 0.023579 0.280981 0.135664 0.0372164 0.028316 0.373866 0.0168426 0.00982813 0.00350203 0.0231527 0.000319386 0.00702982 0.000590667 0.0289404 
0.0122624 0.0553072 0.124661 0.12842 0.114482 0.157871 0.346342 0.000126366 1.79361e-09 0.00103006 0.000114673 0.00176644 0.00933518 1.46683e-05 0.0482677 
0.0193443 0.0107093 0.149435 0.00570146 0.0213563 0.00720331 0.751732 0.00209647 6.26363e-06 0.0110297 0.0024375 1.71009e-05 0.0118068 4.94113e-05 0.00707578 
0.0312652 0.0183498 0.00991913 0.0140988 0.439133 0.00826732 0.474472 3.19566e-05 0.000538072 0.000103114 0.00140776 0.000108405 0.000561531 0.00163171 0.000112285 
0.0070208 2.12372e-05 0.00441596 0.00246295 0.066254 0.000336016 0.911678 2.33371e-05 1.0209e-06 1.75345e-05 0.00613639 3.574e-05 0.000269192 0.00113949 0.000188759 
0.0609563 0.00255788 0.0323095 0.0139429 0.0396487 0.0385014 0.69377 0.000146476 4.21814e-07 0.0529899 0.0532492 0.000378522 0.00340523 0.00055661 0.0075865 
0.0215041 0.17839 0.202403 0.0317832 0.021872 0.00330761 0.424663 0.000256762 1.40817e-10 0.0312091 0.0263382 0.00563002 0.043783 0.00377012 0.00508991 
0.0817291 0.0938412 0.168067 0.0737812 0.156614 0.0682491 0.171474 0.00274495 9.78173e-05 0.00418495 0.0140716 0.00973026 0.112661 0.00504954 0.0377041 
0.0565343 0.00715592 0.107261 0.0249068 0.0758512 0.0650442 0.582436 2.10064e-08 1.43526e-07 2.11424e-05 3.23406e-08 1.31948e-08 0.000881156 9.3078e-05 0.0798154 
0.107314 0.000127898 0.199168 0.0712798 0.00550763 0.0277653 0.49169 1.33345e-06 7.77562e-11 0.0216226 6.30526e-08 0.0723222 0.000648469 2.51238e-08 0.0025527 
0.222672 0.0819536 0.0114824 0.0346099 0.00164906 0.0274458 0.536348 7.96595e-09 1.22991e-08 6.11313e-07 2.14923e-06 3.74262e-05 1.0538e-05 0.000394476 0.0833939 
0.0317202 0.00462144 0.0625259 0.00634529 0.0575002 0.0168015 0.723259 0.00923204 5.54267e-09 0.00470082 0.0040696 0.0146578 0.0515153 0.0119895 0.00106168 
0.0317202 0.00462144 0.0625259 0.00634529 0.0575002 0.0168015 0.723259 0.00923204 5.54267e-09 0.00470082 0.0040696 0.0146578 0.0515153 0.0119895 0.00106168 
0.0476065 0.10126 0.265431 0.0676196 0.0478446 0.0455213 0.353523 0.000146616 7.83798e-06 0.0253096 0.00278947 0.000158741 0.00378905 0.000125459 0.0388664 
0.0753935 0.190675 0.036883 0.00740445 0.0950906 0.0163904 0.562577 0.00142584 1.48203e-09 0.0003821 0.00305811 0.000119703 0.00719089 0.000644912 0.002764 
0.0141972 0.00435024 0.154701 0.00561926 0.00425172 0.00139066 0.752598 2.31539e-06 1.36507e-09 0.0438525 2.88299e-05 0.000201693 0.0158771 1.9242e-05 0.0029106 
0.000187942 0.00477538 0.0330934 0.0703259 0.298032 0.0705464 0.518 7.87828e-11 4.58342e-08 3.23737e-06 0.0017736 1.39212e-05 7.65553e-05 0.00052579 0.00264595 
0.030716 0.0186375 0.246041 0.0236964 0.0458063 0.0785257 0.46635 0.0587956 8.09108e-05 0.00866665 0.00687944 0.000741263 0.00610406 0.000415306 0.00854425 
0.0609563 0.00255788 0.0323095 0.0139429 0.0396487 0.0385014 0.69377 0.000146476 4.21814e-07 0.0529899 0.0532492 0.000378522 0.00340523 0.00055661 0.0075865 
0.0275391 0.0328544 0.256855 0.0209822 0.0659427 0.0965218 0.394608 0.0673532 4.63103e-09 0.000123311 0.00191271 0.000303173 0.0309115 0.000807785 0.00328484 
0.024094 0.0374071 0.156492 0.125168 0.199514 0.0710171 0.341547 0.00575242 0.00143563 0.00990694 0.00719119 0.00273387 0.00210737 0.00408531 0.0115481 
0.0123649 0.00349296 0.145612 0.168768 0.0147163 0.0694807 0.562813 5.44662e-05 8.79631e-07 0.000143269 0.000311066 1.32333e-05 0.00173075 2.11257e-05 0.0204773 
0.0317202 0.00462144 0.0625259 0.00634529 0.0575002 0.0168015 0.723259 0.00923204 5.54267e-09 0.00470082 0.0040696 0.0146578 0.0515153 0.0119895 0.00106168 
0.0244774 0.0618975 0.285725 0.0211959 0.0240725 0.0306108 0.319896 0.0188806 6.64465e-05 0.0190103 0.187984 3.29341e-05 0.00177354 0.000456338 0.00392149 
0.0343697 0.273283 0.0322208 0.00307519 0.00836699 0.00893235 0.628189 1.40636e-06 6.1066e-06 1.06874e-05 0.000560667 7.53833e-05 0.00552034 6.94389e-05 0.0053196 
0.118841 0.0758079 0.272607 0.028372 0.0434461 0.047619 0.379788 0.00664243 0.000957427 8.64191e-05 0.000532706 0.00389206 0.0016874 0.000109875 0.0196111 
0.00767293 0.00546515 0.0487038 0.0516308 0.209445 0.0199638 0.629952 0.00014874 3.53511e-07 3.62562e-05 0.0138405 0.00046846 0.000458449 0.0117956 0.000417944 
0.00127591 0.00132102 0.322581 0.0307162 0.173034 0.0633796 0.375424 0.0185057 0.00277251 0.000126991 0.000460864 0.000394483 0.000146122 0.006898 0.00296316 
0.0799884 0.039454 0.0719269 0.136221 0.0449388 0.00350087 0.440364 7.48335e-05 9.68366e-05 8.57477e-05 0.00590477 0.00128768 0.0307155 0.140746 0.00469405 
0.0769195 0.0138512 0.17089 0.0143822 0.0509744 0.0160618 0.593397 0.00705793 2.74697e-05 0.0115762 0.00223098 0.000374126 0.0252791 3.42329e-05 0.0169442 
0.0362436 0.003843 0.3333 0.0450181 0.00845061 0.00326069 0.538651 4.13476e-05 0.000100688 0.00606523 0.000232291 9.41354e-06 0.00376051 0.000141712 0.0208823 
0.0166198 0.0280405 0.250498 0.0291019 0.0239615 0.00679915 0.611626 0.0117994 2.84389e-06 0.0108064 0.00108365 0.00368728 0.00512786 3.53373e-05 0.000810808 
0.00414536 0.0891105 0.130269 0.00178742 0.0252228 0.0565257 0.562109 3.54944e-05 8.27835e-07 0.000386502 0.127329 0.000973848 0.000254257 0.00171799 0.000131837 
0.0254211 0.23255 0.186922 0.00188876 0.00126016 0.0147056 0.39005 0.000223872 6.1354e-09 7.43482e-05 0.00060317 0.00551052 0.13159 0.000232949 0.00896666 
0.00265278 0.183846 0.00863657 0.105658 0.0545851 5.53871e-06 0.395372 1.67059e-05 2.4331e-09 4.24444e-10 2.18442e-05 2.11607e-09 7.08216e-10 2.32614e-07 0.249205 
0.0290472 0.019951 0.191117 0.0269327 0.101304 0.0462718 0.552918 0.0036759 6.79233e-06 0.00243843 0.00372263 0.000259276 0.010214 0.000229441 0.0119115 
0.0378882 0.0501388 0.289326 0.0260776 0.0890693 0.0447781 0.40507 0.0151036 2.38903e-05 0.00721891 0.0085367 0.00187128 0.00899321 0.00566769 0.0102371 
0.0014615 0.0118853 0.145175 0.0030212 0.000470773 0.0167961 0.818837 4.53112e-08 1.43732e-11 3.72021e-08 5.73689e-09 0.000364562 0.000274337 8.08419e-10 0.00171362 
0.00504884 0.0135594 0.144489 0.0231501 0.0319702 0.024028 0.572952 0.172887 5.97123e-06 0.00133505 0.0101027 3.7807e-06 0.000100403 0.000148673 0.00021926 
0.0193443 0.0107093 0.149435 0.00570146 0.0213563 0.00720331 0.751732 0.00209647 6.26363e-06 0.0110297 0.0024375 1.71009e-05 0.0118068 4.94113e-05 0.00707578 
0.00171073 0.0223236 0.0656201 0.000163103 0.0140195 0.0139504 0.881177 3.99784e-05 8.76132e-08 0.000241098 0.000245717 3.36822e-05 0.000177983 7.49086e-05 0.000221691 
0.0193443 0.0107093 0.149435 0.00570146 0.0213563 0.00720331 0.751732 0.00209647 6.26363e-06 0.0110297 0.0024375 1.71009e-05 0.0118068 4.94113e-05 0.00707578 
0.0199049 0.0169548 0.332948 0.0079591 0.0570488 0.0281326 0.478747 0.00776997 2.35558e-05 0.0243093 0.00212585 0.000792636 0.0183315 0.00232639 0.00262568 
0.0498159 0.0218683 0.14209 0.0217879 0.0658875 0.0370493 0.582842 0.00240913 5.28142e-06 0.0120647 0.00158455 0.0298759 0.0204064 0.0027542 0.00955836 
0.0560013 0.00935533 0.178721 0.0201911 0.0241784 0.0154975 0.631039 0.0019151 2.17216e-07 0.0072474 0.000578542 0.00925868 0.0419831 0.0010556 0.00297772 
0.113872 0.00429416 0.0896505 0.0149449 0.0455123 0.0463227 0.484488 1.28232e-07 8.76112e-07 1.27184e-05 1.39736e-07 5.70215e-08 0.0025279 5.59231e-05 0.198317 
0.0112386 0.00558653 0.124801 0.0548777 0.372235 0.0127315 0.400786 0.000252702 0.000405303 0.00268093 0.00109235 0.00334654 0.00218837 0.000261659 0.00751524 
0.0130776 0.00156686 0.0429568 0.0214996 0.0479264 0.0412546 0.820318 0.000275255 2.22886e-07 2.54678e-05 0.00190378 0.000323831 0.00215054 0.000242841 0.00647795 
0.0394902 0.0446806 0.235162 0.0913498 0.176311 0.0326391 0.322769 6.38457e-05 0.000210228 0.00532501 0.00381519 0.0292407 0.00195285 0.000116339 0.0168747 
0.0338534 0.0332153 0.366479 0.0211093 0.0149998 0.0112726 0.463723 0.000687591 5.17891e-07 0.0320764 0.000168477 0.000200128 0.0185644 6.21275e-05 0.0035885 
0.0688549 0.00237938 0.204644 0.0674736 0.10281 0.212355 0.328761 0.000852401 1.86485e-10 9.07292e-05 0.000353027 0.00756398 0.00105932 7.74428e-05 0.00272593 
0.0565415 0.00720444 0.174815 0.0367028 0.0193542 0.0466522 0.627315 0.014406 1.48425e-08 0.0045405 0.00300207 0.000763041 0.000986312 6.86526e-05 0.00764816 
0.111609 0.000393843 0.172973 0.104111 0.0138573 0.0357101 0.499318 0.000232414 1.42887e-10 3.65955e-06 0.000110319 0.000195068 0.00435799 9.55438e-05 0.0570321 
0.0192791 0.00167131 0.00957154 0.00489744 0.0442129 0.00259606 0.905834 1.7584e-05 1.01493e-06 0.000481698 0.00655848 0.000191136 0.00172413 0.00144641 0.00151677 
