8.74979e-05 2.08983e-06 0.0481216 0.00310169 2.54591e-06 0.0027851 0.00161656 2.79112e-05 0.00914604 6.91915e-05 1.30116e-05 7.81912e-06 0.784753 7.97189e-05 0.0281193 0.000239246 6.67722e-06 0.0530224 0.0156521 0.00175439 0.0369098 0.00169466 0.00915146 0.00250571 0.00113089 
0.000970928 0.00242534 0.0127663 0.0258343 8.1812e-05 0.0622272 0.00335219 0.00450238 0.00414537 0.000687218 0.0569014 0.000395082 0.604901 0.0249413 0.0315728 0.000437711 0.000285779 0.0569686 0.00351513 0.00637464 0.0727912 4.42468e-05 0.00817421 0.00561921 0.0100844 
9.70048e-05 1.36694e-05 0.0259342 0.02662 0.00919945 0.0080666 0.00658836 0.0434488 0.00634487 0.000150806 0.000540355 0.0025253 0.635783 0.00377355 0.0289561 1.92011e-05 0.00226989 0.111296 0.00284378 0.00580057 0.0479156 0.000377229 0.00523488 0.0253458 0.000854929 
0.00012491 0.00072724 0.0107016 0.0401339 1.36939e-07 0.00702644 0.0235157 0.00145655 0.00298699 0.00217094 0.00108035 0.00187191 0.332894 0.00867814 0.0598787 5.91699e-05 0.0435204 0.166703 0.0131822 0.045083 0.100569 4.88819e-06 0.0966881 0.0355073 0.00543548 
0.000214797 8.26274e-05 0.0013705 0.00679507 2.26017e-09 0.000199595 0.00374228 8.68249e-05 0.000879076 0.00102992 0.00920804 6.09782e-05 0.652709 0.000831681 0.0119253 0.000192522 0.00136324 0.111311 0.0323835 0.0156668 0.0472221 1.16015e-06 0.000142553 0.0140105 0.0885709 
0.000359223 0.00098155 0.0777374 0.111579 0.000152977 0.040975 0.0194616 0.0292629 0.0217592 0.00208397 0.00035133 0.000155795 0.248784 0.00458848 0.0195963 0.0157513 0.0145576 0.120927 0.00123629 0.0247574 0.191674 0.000412414 0.0211869 0.0251835 0.0064847 
0.0069049 0.000707495 0.00345156 0.0131367 1.58202e-05 0.00730311 0.00181378 0.00174263 0.0144948 6.93387e-05 0.000547818 0.00398335 0.249646 0.014303 0.0786348 0.000230811 0.0122507 0.0911199 0.183973 0.00990222 0.11919 0.154399 0.00267098 0.0228356 0.00667303 
2.76173e-05 0.000337979 0.130511 0.0454383 0.0252885 0.00531232 0.0114112 0.00218025 0.00497787 0.000517733 0.027569 0.00573189 0.615289 0.00262727 0.0225692 2.6512e-05 0.00242416 0.0524479 9.70441e-07 0.0168147 0.0216954 0.000372366 0.00443928 0.00181418 0.000175095 
0.00495564 0.00410698 0.00340124 0.0121397 0.000374271 0.0324237 0.0033554 0.0550029 0.000742596 0.00825548 0.021668 0.002973 0.314185 0.0332597 0.0127183 0.011592 0.00959122 0.0596113 0.0208947 0.0463211 0.0846529 7.51586e-06 0.00995859 0.201418 0.0463902 
0.00051623 0.000556995 0.0493279 0.0146827 0.000617501 0.00389245 0.0335525 0.0653129 0.00908827 0.000569492 0.000123768 2.85439e-05 0.541291 0.00159058 0.0561178 0.000401537 0.00875224 0.0552364 0.034143 0.0102428 0.0535865 0.0234021 0.0101947 0.0257558 0.00101655 
0.0509801 0.000767452 0.0111078 0.0146488 0.00286312 0.000259811 8.19031e-05 0.0433375 0.00345987 0.0912832 0.000167185 0.00254344 0.400071 0.00336688 0.00538143 0.0113942 0.133526 0.0336567 0.00288413 0.00385302 0.00417729 1.69663e-05 0.0449167 0.127846 0.00741002 
0.000662315 0.000253788 0.0163794 0.0106772 3.58019e-05 0.000795461 0.00628578 0.010814 0.00189191 0.000386171 0.000180655 0.00473492 0.661931 0.00517657 0.0353214 0.000273574 0.000473266 0.1377 0.0157125 0.00608428 0.0327196 0.0331964 0.00183008 0.0110547 0.00542922 
2.89831e-05 0.000142462 0.015325 0.0416329 5.42845e-05 0.0126015 0.0156033 0.0314688 0.000700501 0.000131707 0.0467843 0.0133959 0.566009 0.000661821 0.0575778 0.000655108 0.00774983 0.0814075 0.0084306 0.0150222 0.0504305 5.81484e-05 0.00805598 0.0246424 0.00142919 
8.48522e-05 0.000491817 0.0353142 0.00922696 7.66813e-05 0.00332373 0.0221303 0.0419535 0.00348179 0.000491906 0.000119233 4.63656e-05 0.623738 0.00137234 0.0394031 0.000470172 0.0135262 0.0595918 0.0455862 0.00869409 0.031905 0.0314791 0.00865865 0.017776 0.00105798 
8.46867e-06 0.037546 0.00176486 0.0100228 0.000145589 0.0104101 0.00466305 0.0227211 0.00123688 0.00011674 0.0191192 8.2389e-05 0.32613 0.0331666 0.0813858 0.000109076 0.00588245 0.168579 0.0305566 0.0921222 0.0953278 0.00244074 0.000495637 0.0546712 0.00129596 
0.00142753 0.00385229 0.124266 0.0135783 0.00451364 0.00343004 0.00338833 0.0040056 0.0007455 0.0926026 0.000352183 0.0078755 0.350651 0.00598419 0.0141464 0.00577376 0.144332 0.05413 0.00133131 0.016332 0.0143544 5.31447e-06 0.0111198 0.0768119 0.0449908 
0.014079 0.000317641 0.0169203 0.00403381 0.000338485 0.00222349 0.00401574 0.131691 0.00916761 0.00212669 0.000321421 0.00584799 0.254282 0.0437982 0.0252406 0.000694107 0.00565493 0.10134 0.0314371 0.124056 0.107126 0.000408174 0.00220188 0.105662 0.0070153 
1.30902e-05 0.0016252 0.0018553 0.0520879 5.25871e-07 0.00335942 0.0490719 0.0170756 0.00483046 0.0149093 0.000305903 0.000854997 0.39071 0.0073249 0.0568564 0.00417734 0.00707023 0.0801474 0.0675655 0.0161347 0.0877485 0.118316 0.00328762 0.00837533 0.00629671 
0.000302004 0.00179655 0.016764 0.0373052 2.82437e-05 0.0320222 0.00718286 0.00915583 0.00966389 8.82552e-06 0.000682828 0.000153813 0.623557 0.00252946 0.0380176 0.000254391 0.00178225 0.0542746 0.00178427 0.00721108 0.138544 6.93668e-05 0.00700587 0.00236464 0.00753999 
0.00310718 0.0004125 0.0204918 0.0499402 2.64347e-06 0.00223783 0.00398207 0.00280929 0.00848681 2.26816e-07 2.49914e-06 6.99469e-05 0.738819 0.00637834 0.0694746 1.40858e-07 0.000573888 0.0270256 0.0262781 0.00719224 0.0312503 3.64804e-06 3.56343e-06 0.00145476 2.37224e-06 
8.14666e-05 0.00455501 0.0399757 0.0179923 6.34382e-05 0.00650279 0.011959 0.0203194 0.00344707 0.0559825 8.93368e-05 0.0253527 0.378679 0.00846371 0.033238 0.000446887 0.00904672 0.176633 0.0199834 0.0217279 0.0206919 0.000402535 0.0477786 0.091142 0.00544499 
1.3199e-05 0.00115431 0.106878 0.01985 2.63312e-05 0.00561164 0.0162604 0.00642021 0.00525018 0.000736904 5.41027e-05 1.84861e-06 0.531176 0.00736279 0.0596166 9.09399e-06 0.0363608 0.107786 0.0236571 0.025657 0.015012 4.64864e-05 0.00415119 0.0162543 0.0106534 
8.2345e-05 0.000213806 0.00337548 0.0205661 0.000210836 0.00047741 0.00529429 0.00211634 0.00892882 6.92594e-06 0.00012609 4.27395e-05 0.858471 0.0066867 0.0277336 5.32515e-06 0.00030751 0.0284185 0.0019117 0.00338576 0.0261184 0.000356322 0.00172789 0.000695973 0.00274008 
6.42567e-06 0.000806149 0.00634286 0.00501215 0.000533 0.00490496 0.0095537 0.00292231 0.00624618 3.84635e-06 0.00136276 8.25515e-06 0.837617 0.00326749 0.0206643 5.07108e-05 0.000917822 0.0230267 0.00226492 0.0275366 0.0147308 6.20938e-05 6.06735e-05 0.0269166 0.00518126 
7.0837e-06 0.000765822 0.111714 0.0365541 0.000711683 0.00268117 0.00418444 0.0012992 0.0298153 0.000147502 0.000522656 0.00425358 0.623455 0.00331409 0.0436837 0.000594829 4.2809e-05 0.0561863 0.0189259 0.00290087 0.0381239 0.00355336 0.00685198 0.00498853 0.00472185 
0.00320684 0.0046743 0.0227714 0.0799773 9.18235e-05 0.0113464 0.0163027 0.013417 0.00930038 0.0500882 0.000887001 0.00259079 0.257712 0.00546847 0.0501192 0.00713158 0.092714 0.0919796 0.0154369 0.0520916 0.0355913 4.31758e-06 0.0206619 0.137881 0.0185535 
6.4441e-06 0.00042506 0.0411926 0.0263299 7.87629e-07 0.00237706 0.00808336 0.0367699 0.00259125 0.00164228 0.000134846 8.03141e-05 0.673893 0.00151887 0.011277 0.000422877 0.00126419 0.0450074 0.000532377 0.00873743 0.0751569 0.00102307 0.0151152 0.0437695 0.00264815 
0.0010433 0.00960737 0.0341917 0.107001 3.36264e-05 0.0255305 0.0530007 0.0201785 0.00452654 0.00385133 0.00124358 0.0184662 0.23394 0.00556216 0.00747388 0.00033125 0.00763683 0.205757 0.00493109 0.0140805 0.0945523 0.000861445 0.0255892 0.0568381 0.0637714 
0.00651007 0.00772184 0.00384635 0.0252385 0.00576977 0.00255823 0.0123261 0.10027 0.00688914 1.35548e-05 0.0002943 0.00165966 0.354289 0.00591142 0.0916735 0.0059204 0.0632787 0.0795124 0.0235202 0.0622412 0.0281631 0.000459533 0.00768839 0.0992832 0.00496078 
0.00166611 0.00117398 0.0208076 0.0175305 0.0013688 0.00335356 0.00360894 0.00139572 0.00134345 0.00368687 0.000567962 0.0372317 0.385366 0.00643807 0.038209 0.0209422 0.0277061 0.139223 0.00525375 0.0271611 0.0532899 0.000100557 0.00172093 0.0797648 0.121089 
0.00955474 0.0205409 0.00506097 0.0139872 0.013458 0.00585322 0.00914347 0.0479796 0.00580368 0.00291084 0.000955393 0.0175962 0.29779 0.00531876 0.0610258 0.00593993 0.0365585 0.142233 0.00313379 0.102772 0.107228 0.000445676 0.0122195 0.050347 0.0221433 
6.18037e-05 0.000776646 0.0761078 0.0299987 0.00279924 0.00774437 0.0298342 0.0134175 0.00199738 0.00316884 0.0295168 7.85152e-06 0.330777 0.00507068 0.00805856 2.75306e-05 0.0881101 0.0209729 0.0141382 0.0354318 0.240406 3.14426e-05 0.0118247 0.0338726 0.0158474 
0.000136456 0.000213072 0.00110347 0.0311992 6.47971e-05 0.00753267 0.0225705 0.00209665 0.000907932 0.000204996 0.00251621 0.000271927 0.632369 0.000838837 0.0131974 2.38514e-05 0.0201156 0.0843952 0.0132561 0.0152375 0.121247 0.00943041 0.00104375 0.014721 0.00530728 
0.00379319 0.000710153 0.00175661 0.0121993 0.00584338 0.0110309 0.010253 0.0156039 0.00253877 0.00421684 0.0982794 0.00343088 0.572754 0.0130119 0.00667925 0.00649127 0.012466 0.0398076 0.000642595 0.0428089 0.0886952 6.85031e-07 0.00970988 0.0299183 0.00735747 
0.000444967 0.00447193 0.00589922 0.0122662 1.17587e-05 0.102301 0.00684556 0.00849325 0.00478924 0.000155894 0.00264919 0.00109344 0.458828 0.0256343 0.0395424 2.7805e-05 0.00165349 0.187943 0.0197217 0.0189226 0.0578036 0.000165178 0.00788919 0.0238491 0.00859915 
0.00124081 0.0144627 0.0547818 0.147239 0.0027059 0.017983 0.0598338 0.00247726 0.0189789 0.00169917 0.00151649 0.000192683 0.347796 0.000196109 0.0440086 0.000117546 0.00605081 0.115359 0.000280776 0.00995565 0.0823689 2.12678e-07 0.011924 0.0399402 0.0188908 
9.6637e-05 0.00881911 0.0157714 0.0893417 0.000579445 0.0029755 0.112394 0.146556 0.0275229 0.00255706 9.86062e-06 6.81458e-05 0.467387 0.0119464 0.00577474 0.000104031 0.000248461 0.0274434 0.00449285 0.00179591 0.0158103 0.00109982 0.00373326 0.018896 0.0345758 
5.54502e-05 1.45632e-06 0.00180857 0.0271003 1.77486e-06 0.00203003 0.00211351 0.0059176 0.00131788 0.000368828 0.000354087 0.000642019 0.880068 0.000472423 0.000933065 0.00208486 0.00224543 0.00456392 0.00219931 0.00337085 0.0210153 0.00249407 0.000667492 0.0121498 0.0260243 
4.86543e-05 0.000424025 0.0082821 0.00841694 3.46399e-06 0.00390585 0.011477 0.0109524 0.00153771 0.00375084 0.000231007 0.0129459 0.765298 0.000730602 0.0253556 0.000564514 0.0135497 0.0674878 0.0212336 0.00530908 0.0057755 0.00199703 0.00129853 0.0234972 0.00592714 
0.000128501 0.00097445 0.00822901 0.00917082 6.36604e-06 0.0146749 0.0102778 0.0925882 0.00285857 0.0625387 2.00525e-05 3.25966e-05 0.266654 0.00566214 0.0636701 0.000235484 0.007802 0.0808153 0.00997423 0.017967 0.0702895 5.56156e-05 0.00954756 0.109675 0.156152 
0.023243 0.00118648 0.0353591 0.099644 0.00529674 0.0155783 0.0130594 0.0104485 0.0141989 0.0715876 0.000697433 0.00173265 0.187193 0.010178 0.0318452 0.0149094 0.0505653 0.067013 0.00714141 0.0525414 0.0647858 4.83939e-05 0.00883859 0.183673 0.0292353 
2.3823e-06 0.00159387 0.0743978 0.0373669 5.98393e-07 0.00213145 0.0178332 0.00401529 0.0150174 3.49961e-06 0.0299099 0.00573456 0.608667 0.00359106 0.109393 2.65535e-05 0.000384156 0.0597152 1.45558e-06 0.00758319 0.00949032 0.00102641 0.0036345 0.00132936 0.00715138 
0.000350896 0.000539142 0.00070356 0.0113608 0.000134446 0.0131284 0.0178523 0.00239017 0.0033618 1.23625e-05 0.000825109 0.000316305 0.614705 0.00182547 0.0453304 9.42929e-05 0.00277979 0.145952 0.0163999 0.0111859 0.0388992 0.00323918 0.00958964 0.052975 0.00604937 
7.45585e-05 0.00247691 0.125145 0.0651929 3.66366e-06 0.0235947 0.0185359 0.00964871 0.0159216 0.0071399 0.000657696 0.00592942 0.354597 0.00888554 0.158397 5.9287e-05 0.0292926 0.055748 0.00637248 0.0173744 0.084699 0.000372125 0.00506179 0.00404573 0.000773921 
0.00486568 0.00386631 0.00291909 0.00164244 0.00161116 0.00946708 0.000266315 0.00556027 0.000393894 0.00244979 0.000319555 0.000375925 0.406517 0.0771873 0.0428723 0.000403245 0.0036308 0.126047 0.00577875 0.176111 0.0103696 1.9724e-06 0.00251835 0.108285 0.00654054 
0.0404658 0.000141843 0.0103074 0.0256038 0.000278339 0.0378428 0.00553649 0.0179985 0.139469 0.000898808 0.00180564 0.00173991 0.322913 0.00214331 0.0339052 0.00205545 0.15121 0.0581777 0.00582971 0.0159309 0.0441502 3.84815e-05 0.0121837 0.0670399 0.00233392 
2.98103e-05 0.000572634 0.0127825 0.0772834 5.74729e-05 0.00104319 0.00716194 0.0570123 0.00583147 0.00114536 0.00311051 5.54817e-06 0.502905 0.00674311 0.0245507 3.6641e-05 0.00683746 0.104365 0.0087663 0.0202868 0.106961 0.00013059 0.00185836 0.0382591 0.0122634 
0.000128195 0.00523082 0.0901656 0.0963283 0.0119393 0.0166361 0.0158882 0.00504854 0.0128087 0.00113411 0.00117576 0.00212908 0.277087 0.00722064 0.131376 6.42228e-05 0.000694467 0.147954 0.00425929 0.0635929 0.0654884 0.000205094 0.0178261 0.0107286 0.0148901 
0.000143667 0.000309576 0.00227078 0.00523109 0.000332721 0.013843 0.00235312 0.0076978 0.0057453 0.0431461 0.000187608 0.00574007 0.408406 0.0177865 0.0338242 0.000562528 0.0163045 0.127699 0.163497 0.0317245 0.0749694 0.000471056 0.00561067 0.020923 0.0112209 
1.81346e-05 0.000138726 0.0120512 0.00964355 2.35539e-06 0.00157895 0.0118106 0.00107254 0.0112686 1.72701e-05 0.0120681 0.0117121 0.336538 0.0014848 0.0178647 0.000130007 0.0199125 0.239918 0.0737401 0.0129284 0.195952 0.000266916 0.00186202 0.00464806 0.0233723 
0.0001191 0.00228698 0.0399878 0.0715586 2.44134e-05 0.0208844 0.0137708 0.00221237 0.000958602 0.00231967 0.000434288 0.00090249 0.688027 0.0266354 0.0288061 5.81378e-05 0.000897931 0.0344323 0.0016817 0.0117069 0.0139532 0.000490018 0.0175475 0.00666753 0.0136368 
0.0429277 0.00913298 0.00547368 0.00248733 0.00269154 4.6438e-05 0.000932637 0.00836852 0.000385106 0.0145299 0.000683516 0.014271 0.204934 0.0255579 0.0375297 0.0355257 0.0567787 0.100788 0.0950644 0.0737439 0.0339365 2.14544e-05 0.00383414 0.155494 0.0748608 
0.00223026 0.000140763 0.0199529 0.0683322 1.22816e-06 0.0536385 0.00551933 0.0019296 0.0518481 0.00158334 5.32277e-05 5.9241e-05 0.23551 0.00938943 0.217896 0.000245993 0.00742738 0.0245244 0.00996976 0.0346861 0.0930523 2.85631e-05 0.0192562 0.0967446 0.0459806 
0.00188644 1.41989e-07 0.0025366 0.0143706 2.34709e-11 0.00437828 0.00151199 1.22053e-07 0.0012069 0.000243843 1.06351e-07 8.86249e-08 0.347847 0.0262353 0.00452639 4.87524e-05 0.00172663 0.261176 0.0532153 0.00551632 0.0468374 1.94564e-07 2.87977e-08 0.226608 0.000127076 
8.8108e-06 0.00311186 0.0045064 0.030561 0.000643872 0.0089275 0.0119956 0.00114286 0.00645447 0.0138709 0.000173903 0.000565859 0.415153 0.00581233 0.0501315 6.59738e-05 0.00122824 0.163935 0.144392 0.0379611 0.0345159 0.000177044 0.00830662 0.0413132 0.015045 
0.00611705 0.00222384 0.00475963 0.00372427 3.28546e-05 0.00683082 0.00593768 0.0370921 0.00110122 0.00033453 0.000552318 0.00244567 0.497499 0.00793175 0.0467705 0.000230608 0.0669055 0.0849897 0.0072363 0.0275982 0.0108851 0.001648 0.0188142 0.142153 0.0161853 
0.00291024 0.00172842 0.0312362 0.0387876 0.000682743 0.0115335 0.00559685 0.00542185 0.00242222 0.0463878 0.00292916 0.0240983 0.313342 0.0133495 0.0363074 0.00445555 0.0406114 0.104145 0.0146826 0.0319674 0.0423025 0.000188294 0.0291211 0.134228 0.0615648 
1.46806e-05 0.000904531 0.142918 0.141407 0.000748029 0.0261653 0.00304635 0.000309233 0.0041609 8.56498e-05 0.000293962 0.00986165 0.58217 0.000982956 0.00571838 2.92901e-05 0.00043485 0.0287692 2.03815e-07 0.0027135 0.0163153 2.82187e-07 0.0310835 0.00183786 2.95601e-05 
3.97759e-05 2.64529e-05 0.00406831 0.015697 1.54798e-06 0.0104809 0.0603201 0.0281398 0.0520692 1.10588e-05 6.62169e-05 5.04959e-05 0.608079 0.0013398 0.0416452 2.13253e-05 0.00175105 0.0320631 0.0133732 0.0175264 0.0338137 0.0010322 0.0172106 0.032864 0.0283099 
3.25357e-05 0.000108693 0.00954893 0.0458006 0.000388898 0.00345168 0.0168648 0.00564468 0.0149334 0.00873563 0.00556291 4.84743e-05 0.56698 0.00195107 0.0129255 1.33172e-05 0.0136811 0.107378 0.00137229 0.0274271 0.121314 1.28892e-05 0.00320944 0.0233455 0.00926922 
1.66116e-05 1.95181e-06 0.0472384 0.0582467 1.11802e-06 0.0274589 0.0135919 0.0196553 0.0014875 0.00104804 2.52814e-06 0.00893902 0.612537 0.00012516 0.011941 1.64966e-05 0.0227677 0.0882942 0.00015201 0.0133094 0.0171643 1.73575e-05 0.0336084 0.0223478 3.0736e-05 
0.000181787 0.00110029 0.0131316 0.0873283 0.00117634 0.0138852 0.0415153 0.00263016 0.0475216 0.00472182 0.000464811 0.0076589 0.506151 0.00426272 0.0345885 0.000145613 0.00272946 0.0542537 0.00192109 0.0487905 0.0878881 5.61368e-05 0.00238267 0.0133315 0.0221828 
4.58206e-07 0.00257646 3.22715e-06 0.0621063 3.20735e-06 0.0538181 4.8073e-06 3.55442e-06 0.0171543 2.74269e-07 3.03065e-06 5.8859e-07 0.47043 0.0712414 0.0931068 7.11146e-05 0.0608546 0.0104862 0.0238941 0.0726907 0.00220867 0.00316979 0.00845625 0.0360925 0.0116236 
1.92033e-05 0.000110966 0.0722503 0.141373 4.75162e-06 0.0124256 0.01551 0.00569075 0.0358929 0.00103915 0.000564105 2.8688e-05 0.326915 0.000875564 0.020929 1.98302e-05 0.00107458 0.123446 0.0041657 0.037238 0.155579 0.00123452 0.0220826 0.015443 0.00608801 
0.000136262 0.0092042 0.00692078 0.0245803 2.7305e-05 0.00212119 0.00937516 0.00123988 0.00329216 0.00994078 0.000219299 0.0225749 0.393857 0.0212144 0.0278437 0.000110541 0.00217625 0.11305 0.0541775 0.00547418 0.0303594 0.000427313 0.0235255 0.219068 0.0190842 
1.79318e-05 0.0140786 0.0279323 0.0911577 3.25752e-05 0.1311 0.0170038 0.0184207 0.0238608 0.000785445 0.00345706 0.00110733 0.195348 0.0129099 0.069741 5.9629e-05 0.00526646 0.0760686 0.0413017 0.0908021 0.0895607 0.00339056 0.0419591 0.0393494 0.00528887 
1.86461e-06 1.07134e-05 0.00221211 0.0346751 1.30514e-05 1.28209e-05 0.0229261 0.000786342 0.00777669 1.1161e-06 1.23325e-05 0.0013084 0.885545 1.78948e-05 0.00705137 6.94478e-07 0.000283571 0.0262661 2.44733e-05 2.09437e-05 0.010999 1.80133e-05 1.76009e-05 6.68066e-06 1.17167e-05 
9.14619e-06 0.00752704 0.0164711 0.0248659 1.58316e-06 0.00609418 0.0116487 0.178071 0.00290583 0.000193412 1.49757e-06 3.51625e-05 0.209446 0.0392444 0.0476995 3.40198e-05 0.000576941 0.0844057 0.172364 0.134099 0.0118699 2.18452e-06 0.0099371 0.0419719 0.000524314 
0.000115756 0.000591871 0.00704779 0.0135191 1.62365e-05 0.0333714 0.0167049 0.00389997 0.000761585 0.000270771 4.72579e-05 0.000704091 0.885403 2.22236e-05 0.00892947 0.000113161 0.000806114 0.0111502 0.000257557 0.00044546 0.0113499 2.23975e-05 2.18541e-05 0.00163398 0.0027942 
1.77964e-05 0.0116243 0.0448216 0.0192218 9.02996e-08 0.0160854 0.00614983 0.0236002 0.00350941 0.014893 0.000108664 0.0205708 0.349577 0.0257186 0.0107842 0.00144273 0.0123792 0.108426 0.0496866 0.0106642 0.0161951 0.000600531 0.0353978 0.203397 0.0151291 
0.000294757 0.000127595 0.0334681 0.0991264 0.029671 0.006661 0.0112478 0.0502135 0.0126364 0.000139943 0.000467807 0.0220419 0.516828 0.00260264 0.0228979 0.000133673 0.000281454 0.0969425 0.00832157 0.0124087 0.0400052 0.000805133 0.0084408 0.0150913 0.00914482 
0.0846493 2.82712e-07 0.000332783 0.0137024 6.88552e-11 0.000592577 0.00236886 0.00115269 0.00422453 0.00073583 3.13823e-05 1.60305e-07 0.492413 1.18058e-06 0.00101209 0.000820433 0.218511 0.0794772 0.0542006 2.09127e-06 0.00588898 9.10426e-08 0.00357298 0.0123579 0.0239519 
1.69708e-05 0.000404226 0.062098 0.0520101 0.00828581 0.0226237 0.023159 0.0168898 0.00969103 0.000395353 0.00119703 0.00399841 0.520785 0.0128229 0.0311787 3.84142e-05 0.000414842 0.0545919 0.0109136 0.0169977 0.118126 0.00120343 0.0195179 0.00846728 0.00417269 
9.46449e-07 0.00367469 0.0167365 0.00745431 6.60307e-06 6.48472e-06 0.00915065 0.0142498 0.0110485 0.00259957 6.24203e-06 5.42667e-05 0.841125 0.00184048 0.0198403 4.84365e-05 0.000289401 0.0356491 1.23775e-05 0.00373963 0.00521132 0.000491615 0.000429913 0.0178539 0.00847993 
0.00411792 0.00546435 0.0148988 0.0166513 5.1608e-06 0.000466989 0.0804673 0.142656 2.77589e-05 0.00249207 1.36792e-07 1.27041e-06 0.492787 0.00119913 0.0345845 0.000941048 0.000117502 0.0259703 0.000523895 0.122072 0.0075721 3.82113e-07 1.14453e-08 0.0469754 8.43672e-06 
5.19682e-08 0.000985075 0.00611952 0.0718537 3.63789e-07 0.00327485 0.0607908 0.00538001 0.00396647 7.34242e-05 3.43743e-07 6.67579e-08 0.469023 0.015668 0.0365133 0.000146559 0.00709336 0.10167 0.00693434 0.0587004 0.0958597 0.000230104 0.0118479 0.0430871 0.000780842 
8.81361e-05 0.000911898 0.032909 0.0695754 0.000384152 0.129629 0.000975241 0.000425336 0.000594502 0.000110821 0.000363465 7.08288e-05 0.601237 0.00848517 0.0191098 6.84205e-05 7.3554e-05 0.0515673 0.0219732 0.000615759 0.0315558 0.000530045 0.00551577 0.00793403 0.0152955 
4.00514e-05 6.16723e-05 0.0222042 0.0187263 3.53894e-05 0.010325 0.0210648 0.0151468 0.00280807 3.13508e-05 0.000159958 0.00457697 0.771338 3.61854e-06 0.0219497 0.000100159 8.29869e-05 0.0190152 0.0411977 0.000946387 0.0125451 9.05229e-05 0.0251676 0.0114899 0.000892862 
0.000146857 0.0303727 0.00711873 0.0222405 1.01983e-05 0.0268321 0.273001 0.000695438 0.000733513 0.000485517 0.00357835 1.15206e-06 0.442501 0.00843427 0.0377215 6.03579e-06 0.00350853 0.00829368 0.00542916 0.0186625 0.0849712 2.9259e-05 0.000321679 0.0198124 0.0050928 
0.000685026 0.000827469 0.00121932 0.00813597 5.37774e-07 0.000715576 0.000807089 0.000671224 0.00656097 0.000116662 0.025681 0.000680457 0.293017 0.00391842 0.00869211 0.000780714 0.0042434 0.263644 0.226445 0.00864662 0.0157595 0.053125 0.045693 0.0194132 0.0105203 
8.89822e-05 0.00112189 0.00498863 0.0368861 0.0016609 0.00323657 0.000243749 0.0022111 0.00389241 1.22759e-05 0.000130214 0.0195315 0.771743 0.00366151 0.00213229 7.04987e-05 0.00449067 0.00678876 0.0360057 0.00239175 0.0162147 0.0114113 4.00792e-06 0.0702047 0.000877239 
2.48035e-05 0.00207347 0.114706 0.104798 7.94747e-06 0.00899853 0.00326371 0.0162272 0.025228 0.000148024 0.000363945 0.000647648 0.314749 0.00470111 0.00456147 0.00138701 0.00443924 0.0810651 0.0288707 0.0495973 0.0721584 1.43226e-06 0.00641407 0.154144 0.00142464 
4.91927e-05 0.00492275 0.014602 0.14018 0.000489649 0.01602 0.0207442 0.0335088 0.046113 0.000530784 0.000381364 0.00156602 0.206961 0.0313842 0.0218178 1.65415e-05 0.0145461 0.139543 0.00497421 0.113281 0.0272732 0.000802093 0.0284494 0.126679 0.00516553 
0.000380201 5.65416e-05 0.0190215 0.0205301 0.000394185 0.00368084 0.0114003 0.00157955 0.0123935 4.4096e-05 0.0253232 0.0356668 0.363587 0.000841823 0.0415238 0.00288152 0.0187382 0.117469 0.00376426 0.0196359 0.225856 0.000157258 0.00889092 0.0548429 0.0113402 
6.09854e-05 3.85215e-06 0.0435296 0.00871963 0.000405336 0.0179574 0.00157662 0.0516599 0.00354679 0.000299954 0.000245532 0.000353402 0.491965 0.000770873 0.0163892 0.000169489 0.000518899 0.208673 0.0112333 0.0249121 0.0135483 0.000573008 0.008449 0.0687735 0.0256658 
7.6802e-06 0.00271277 0.00560756 0.0144074 0.00125366 0.0114001 0.00370985 0.0378825 0.00210553 1.48688e-05 0.000185156 2.91999e-05 0.720513 0.00234858 0.0786832 2.76442e-05 0.00190536 0.041664 0.0073027 0.00628526 0.0252389 1.09339e-05 0.00452633 0.00434305 0.0278345 
3.14425e-05 0.000250363 0.00464406 0.0266689 0.000870024 0.00495527 0.00759027 0.00276972 0.00174884 1.23555e-05 2.61456e-05 0.000496089 0.731098 0.0208061 0.0200216 9.48819e-05 0.00353215 0.0748828 0.00284984 0.00953311 0.0221245 0.000593893 0.000710676 0.0365757 0.0271134 
0.000236456 0.00337433 0.00318007 0.00964841 1.4231e-06 0.000562788 0.0110916 0.00355969 0.00107536 0.0320515 9.68045e-05 0.00822531 0.796365 0.00583435 0.00616753 0.000146658 0.0106628 0.0473578 0.00613516 0.00490598 0.0250273 0.000431966 0.00126876 0.0189652 0.00362802 
0.00176412 0.000741069 0.00268942 0.0202074 0.00170799 0.0630526 0.025188 0.0279375 0.011836 0.0101425 0.000464656 0.000798727 0.50843 0.00416627 0.0223742 0.00046853 0.053876 0.0612683 0.0120915 0.0276893 0.0227769 0.0779159 0.00302211 0.0381483 0.00124241 
8.74294e-05 0.000334788 0.0866745 0.105227 3.12929e-05 0.0164592 0.013203 0.00801335 0.0116749 0.00433153 0.00256351 0.010146 0.403853 0.00121417 0.0212244 0.000171424 0.01594 0.073261 0.00705927 0.0147219 0.0949336 0.000416674 0.0331208 0.0476855 0.0276514 
7.41443e-06 0.00330988 0.0189674 0.0640953 7.89393e-06 0.0963598 0.000705955 0.0163235 0.000576429 0.00505941 9.14515e-06 0.00134628 0.702644 0.000959693 0.0229888 5.23105e-06 0.0011639 0.00830149 0.000352983 0.000591031 0.00502633 1.58078e-05 0.0300153 0.0163075 0.00485944 
3.9692e-06 0.0142883 0.0035603 0.00424608 1.16298e-06 0.00185541 0.000865385 1.2888e-06 0.000797971 0.00134517 0.000106065 0.000306703 0.344194 0.00239987 0.00372076 7.02483e-06 0.180271 0.0498311 0.00256031 0.0153097 0.0168679 0.251942 0.0313044 0.0742138 1.04402e-06 
0.00684279 0.0105073 0.0242675 0.0302455 0.000340944 0.00776297 0.0178947 0.000608979 0.00138266 0.078759 0.000457627 0.0780414 0.344196 0.00349865 0.0192099 0.0108769 0.0171679 0.039014 0.00401813 0.0549821 0.0702731 0.00016574 0.0152464 0.123763 0.0404775 
0.00691539 0.00288942 0.0360424 0.0034176 1.61222e-06 0.00252784 0.00172096 0.000777331 0.00121054 0.00328748 0.000156176 0.000934433 0.54617 0.014383 0.0422168 0.000391672 0.0658685 0.031625 0.0250737 0.0272664 0.0288887 0.0179137 0.0071892 0.0846214 0.0485111 
7.72139e-06 8.22587e-05 0.00536584 0.00945951 9.41995e-05 0.00343783 0.00448612 0.015614 0.0812221 0.00899612 0.00106603 0.105439 0.416625 7.96171e-05 0.0498457 9.1971e-05 8.59206e-05 0.223428 0.00220061 0.00208703 0.0095515 0.000248157 0.0414252 0.0181002 0.000960308 
0.000446117 0.029781 0.00115962 0.0194387 4.62887e-08 0.00215346 0.00929089 0.0872384 0.00149579 0.0179814 1.0887e-05 0.00797111 0.523554 0.0309235 0.0295851 8.91437e-05 0.00329896 0.0311882 0.0242893 0.0493776 0.026946 0.000325797 0.00414518 0.092804 0.00650534 
0.0121067 0.120603 0.021123 0.00821094 0.000132348 0.00327272 0.0430409 0.0213189 0.000352488 0.0550671 0.00112639 0.0197546 0.324353 0.026907 0.0122095 0.00914942 0.0154807 0.036179 0.0118737 0.0170789 0.0378051 5.34351e-06 0.00504894 0.175243 0.0225575 
0.00128741 0.000793357 0.0425512 0.0498589 9.81826e-05 0.0141609 0.00595697 0.0214681 0.00780097 0.0152488 0.000470019 0.0252443 0.403484 0.0191474 0.0272538 0.00149514 0.0136803 0.102603 0.0107366 0.028454 0.029263 0.000900996 0.0264065 0.0866619 0.064974 
0.00173159 0.0167655 0.00378133 0.0322575 0.00161459 0.0166011 0.00522194 0.0061496 0.00443806 0.0022158 0.000214438 0.0798493 0.15768 0.0197644 0.0273845 0.0888335 0.0500212 0.0976658 0.15068 0.0588836 0.0262556 6.50205e-05 0.00385268 0.0920632 0.05601 
0.000269764 0.00536945 0.00958225 0.0096819 2.80426e-05 0.0117914 0.00435659 0.00676231 0.00318461 0.000946757 0.000288404 0.0112124 0.352561 0.00403249 0.0739474 0.000438719 0.0105954 0.149104 0.101858 0.0220707 0.0432474 0.0380549 0.00850676 0.0656736 0.0664358 
1.11269e-06 6.22818e-06 7.62158e-06 0.0705519 7.59338e-06 7.44399e-06 0.0414067 0.0248554 0.00395006 6.63683e-07 7.19954e-06 1.41054e-06 0.614906 0.021268 0.0122357 4.07765e-07 0.000335602 0.0181798 0.00388654 0.095877 0.0784037 0.000965148 0.00889708 0.00423501 6.80018e-06 
2.14743e-05 0.0517533 0.0271808 0.133232 3.82057e-06 0.00179294 0.0669436 0.00821186 0.015228 0.00013514 0.000399411 0.000452112 0.543897 0.0119651 0.00900038 0.000444606 0.000255604 0.0677591 0.001471 0.0150865 0.0114184 0.00196953 0.00255106 0.0243348 0.00449313 
0.00330797 0.00650701 0.0151474 0.0269047 0.00209309 0.00420513 0.0228164 0.117932 0.00148064 0.000256033 9.61332e-05 0.00020624 0.519073 0.0035397 0.016254 0.00021767 0.0169038 0.07258 0.0121864 0.0369389 0.0738712 9.5792e-05 0.000920165 0.0154788 0.0309883 
6.89164e-08 0.000565623 0.0253526 0.0169174 4.8276e-07 0.00999315 0.0011501 5.35036e-07 0.00652211 4.12556e-08 4.56118e-07 0.0010823 0.570785 0.00212497 0.0400598 0.000166853 0.00169028 0.1313 0.0425233 0.0124629 0.0588908 0.00241613 0.00443276 0.0674168 0.00414502 
1.56291e-06 0.00620874 0.0095277 0.0496892 0.000101391 0.00503765 0.129075 0.0306547 0.0395325 0.000197492 0.0113765 0.000126349 0.330524 0.00289041 0.088571 4.92048e-05 0.00201544 0.0757875 0.00920672 0.149702 0.0393443 0.000329942 0.00360944 0.0145272 0.00191315 
0.000255776 0.00262683 0.0132673 0.160057 1.97484e-05 0.147325 0.0157528 0.00159333 0.0727508 6.57991e-05 8.94723e-05 0.00138268 0.372092 0.000361023 0.030716 1.06057e-05 0.000287658 0.0288576 0.000329045 0.0157305 0.0686601 1.72064e-08 0.04338 0.023154 0.00123489 
1.50046e-05 0.00175187 0.00413447 0.0218397 0.000461287 0.00571485 0.00351291 0.00381926 0.00193152 0.000789767 0.000211522 0.00145581 0.60807 0.00227486 0.0387914 0.0142248 0.00778453 0.0830682 0.0333427 0.00877623 0.0362885 0.000675072 0.000821856 0.0629293 0.0573145 
0.00632411 0.0053755 0.00630679 0.017289 0.00130048 0.00135446 0.0438805 0.0266558 0.0117423 9.81853e-06 4.54365e-05 0.00194149 0.469419 0.00300149 0.0225798 6.62334e-06 0.00844029 0.0344272 0.074855 0.0482815 0.124543 0.00240989 0.00111824 0.0817399 0.00695197 
3.7844e-05 0.00113619 0.0153683 0.0378407 0.0100601 0.00221633 0.100992 0.0121827 0.0104444 0.00277012 0.00159352 0.00961128 0.49013 0.0192872 0.0274919 0.000135627 0.0287938 0.0845691 0.0201784 0.0426716 0.055467 0.000650714 0.00349648 0.0164621 0.00641226 
1.90394e-07 0.00605854 9.53103e-05 0.00447169 1.55136e-05 3.32706e-06 0.00847194 0.00489787 0.000257085 9.75859e-06 0.00771026 9.37183e-07 0.44837 0.0011324 0.0560081 4.22994e-06 0.00075938 0.0953729 0.0326106 0.0345929 0.0765531 1.7644e-05 5.29547e-05 0.174646 0.0478874 
9.71678e-06 5.02906e-05 8.97074e-05 0.0194529 2.0869e-09 0.0194698 0.00252453 0.196811 0.0272269 0.00916611 5.03601e-06 0.000140662 0.335763 0.000354828 0.00394126 5.32326e-06 9.7459e-05 0.0169909 0.000553371 0.228447 0.00354525 1.07613e-05 0.105135 0.00845705 0.0217524 
0.00501257 0.00656031 0.00954957 0.0246951 3.7831e-05 0.0101333 0.0025299 0.00674987 0.0103116 0.0045132 0.000144228 0.0014532 0.417085 0.0196636 0.0556435 0.00102071 0.0300074 0.0936147 0.000927728 0.107729 0.0960342 6.69052e-07 0.00433718 0.0831482 0.00909777 
9.11844e-06 0.000354888 0.00165223 0.034641 0.000107833 0.00144846 0.00257487 0.00437122 0.00989204 0.00263132 0.000216524 9.11203e-05 0.584657 0.00154293 0.014995 0.000156617 0.00037399 0.108947 0.0395836 0.0118893 0.109609 0.0282016 0.00075417 0.0357494 0.00555058 
0.000144953 0.00121724 0.0287162 0.126319 1.74795e-05 0.0190824 0.106698 0.00668348 0.0179274 0.00117887 0.000622059 5.52179e-05 0.423556 0.0106994 0.0445148 3.06969e-05 0.0313579 0.0350931 0.00203239 0.0255699 0.0832509 1.47714e-05 0.00858779 0.0248788 0.00175146 
0.000665544 0.00167658 0.00991967 0.0474625 0.0302051 0.0242894 0.00470453 0.00700897 0.0266244 0.101315 7.45816e-05 1.4777e-05 0.501688 0.00346101 0.0204357 3.47281e-05 0.0111464 0.0455651 0.00209949 0.0113664 0.121887 7.5653e-05 0.0177616 0.00337586 0.00714165 
9.55552e-05 0.00190598 0.0198881 0.0592874 0.00045673 0.000806598 0.00608446 0.0230501 0.000749851 0.00321973 0.000115769 0.000240828 0.659875 0.0148856 0.0888328 9.7608e-05 0.00014546 0.0205238 0.0119995 0.0110095 0.0148396 7.54132e-05 0.000301782 0.0367295 0.0247835 
2.39712e-07 0.00190612 0.0377306 0.00520293 1.67633e-06 0.00196012 0.00200216 0.236628 0.000259303 1.43465e-07 1.58418e-06 3.07769e-07 0.53545 0.00135015 0.0581507 8.92284e-08 3.20515e-07 3.14496e-06 0.0211333 0.0245998 0.0121698 2.31358e-06 0.00397848 0.0574671 1.50476e-06 
0.0228383 0.00522594 0.00355415 0.0380069 0.000148204 0.0158106 0.00461247 0.0192944 0.0119836 0.000985645 0.000140658 0.000598706 0.375009 0.0104887 0.0371424 0.000428978 0.0040851 0.0830405 0.154886 0.0450639 0.0782965 0.00416412 0.00188011 0.0694958 0.01282 
0.0100501 0.0049563 0.0263868 0.0239596 0.000433955 0.0429068 0.00336515 0.00242717 0.0120634 0.0447178 0.000372832 0.00546878 0.214898 0.0288251 0.0573257 0.0118567 0.0218941 0.0928917 0.0253277 0.156329 0.0214185 8.43913e-07 0.0440506 0.0666314 0.0814421 
5.14517e-07 1.80439e-08 0.0252024 0.0730181 5.32418e-05 0.0264079 0.000581447 0.0338554 0.000472689 0.0933157 3.31821e-05 1.0702e-07 0.624729 0.00176166 0.0012443 1.61604e-07 0.0417032 0.00838992 1.27644e-07 0.00745354 0.0349201 7.80641e-05 0.00479948 0.0219793 1.47958e-07 
3.2909e-07 9.71027e-09 1.84678e-07 0.0140285 2.87252e-05 0.0089313 1.18918e-07 4.38075e-07 0.00158788 3.59088e-11 7.23227e-08 3.61768e-07 0.815725 1.68341e-07 2.79573e-08 1.09342e-11 5.9784e-07 1.49766e-07 5.80925e-08 3.217e-07 0.159389 0.000306477 9.75523e-08 2.04246e-07 1.99875e-07 
0.0146685 0.00646592 0.0154056 0.0482201 0.000365356 0.00570434 0.00161048 0.00680869 0.0105363 0.00327376 0.000133801 0.00202873 0.25726 0.0198779 0.0236338 0.0149719 0.0665285 0.0574637 0.0227765 0.096814 0.0630047 1.66265e-07 0.0162924 0.179978 0.0661763 
1.36825e-05 0.000234112 0.0303591 0.00520117 2.37371e-06 0.00456299 0.00173841 0.0202351 0.135101 0.0786725 9.72961e-05 0.000102504 0.478699 0.00529606 0.0123062 6.5778e-05 0.0195167 0.0831106 0.00911779 0.00589274 0.0473652 0.00122885 0.0331355 0.0259905 0.00195509 
0.000220218 0.0427357 0.0268394 0.0536983 1.02386e-06 0.0157375 0.0550495 0.0653179 0.0374333 0.00013475 9.67405e-07 0.000400357 0.314877 0.0216687 0.0137501 5.44729e-08 0.000481765 0.100294 0.107016 0.0709309 0.0613913 0.00255668 1.38081e-06 0.00893565 0.000528029 
0.000588482 0.00168187 0.00949666 0.0373497 0.000103918 0.00964329 0.00909249 0.00230852 0.0177021 0.000117025 0.000397332 0.0204917 0.327431 0.0314436 0.0389388 4.87008e-05 0.0113416 0.157987 0.061102 0.0406487 0.152557 0.00115911 0.00750823 0.0552374 0.00562435 
0.00242056 0.000527391 0.00143063 0.018164 1.03885e-10 0.058269 0.00462438 0.113255 0.00328937 0.00104665 2.04545e-10 1.91435e-07 0.464475 0.00878427 0.00996693 2.54303e-06 0.00172681 0.0109615 0.0282753 0.0396035 0.0465274 2.5597e-07 0.00654558 0.125346 0.0547572 
0.00298887 0.0032401 0.112315 0.130746 0.00544744 0.0346035 0.0284802 0.026504 0.0160291 0.00287056 0.000193262 0.0094268 0.27067 0.00197187 0.0521473 0.00106201 0.00907309 0.101308 0.00196563 0.0549527 0.0419707 0.00863491 0.0511069 0.0291237 0.00316864 
1.75842e-06 0.000222675 0.0108464 0.162851 1.21018e-05 0.00301747 0.00204352 0.0291902 0.0277532 0.000260122 0.000113537 0.000170098 0.531476 0.00172275 0.0569183 8.89195e-05 0.000598477 0.0772728 0.0185754 1.93821e-05 0.00551979 0.000614504 0.00323833 0.0662177 0.0012563 
0.000135048 0.00373847 0.0285412 0.0505571 0.00416673 0.00846256 0.0299697 0.0767452 0.00324511 0.00736121 0.00036512 0.00802573 0.283123 0.0053863 0.0915267 0.000137449 0.00181076 0.128061 0.00268826 0.0684175 0.0544259 0.000113901 0.0773189 0.0587181 0.00695864 
0.00142952 0.000469306 0.00732322 0.039628 0.000235178 0.00187556 0.0299603 0.00533292 0.0198643 0.000510643 0.00727851 0.0021071 0.726138 0.00317804 0.022749 4.20279e-05 0.000430033 0.0586976 0.00434444 0.0113553 0.0435452 5.87696e-05 0.00128112 0.00932505 0.0028409 
3.08685e-05 0.00082601 0.0738713 0.122624 1.44905e-06 0.0428145 0.0377369 5.02436e-06 0.0146412 0.00236007 1.11838e-05 0.000314987 0.565836 0.000184731 0.0038127 0.000128039 0.0053121 0.0320136 0.00284878 0.00346727 0.0589142 0.000404634 0.0308449 0.000886681 0.000108523 
1.25113e-05 0.00147395 0.00937202 0.0444584 0.000203878 0.0224247 0.00223494 0.00762559 0.0165195 0.00164129 0.000142471 0.00029758 0.397835 0.0336215 0.0511672 2.23076e-05 0.00132857 0.152261 0.0262344 0.0515624 0.116027 0.000209831 0.010749 0.0466593 0.00591549 
9.4082e-05 0.000732596 0.0859074 0.0426493 0.00628674 0.0026642 0.105329 0.00854727 0.0182345 4.77571e-05 0.010328 0.0138519 0.210199 0.00828911 0.0393062 0.0011961 0.156524 0.040528 0.0054526 0.00156945 0.152836 5.11948e-05 0.0610854 0.0145377 0.013752 
0.00145155 0.00314282 0.00976588 0.0156966 0.00317004 0.0118934 0.00574318 0.00471992 0.00526142 0.00462404 0.0154343 0.0015764 0.306836 0.0152247 0.0492963 0.00128246 0.00831407 0.113006 0.129928 0.0350376 0.131104 0.00758601 0.00611327 0.0661747 0.0476172 
0.000675695 7.73835e-05 0.00149508 0.00220044 9.4277e-05 0.000629847 0.00263478 0.0132841 0.00123623 0.0522369 0.00020674 0.00121187 0.668315 0.00106744 0.00807353 5.64466e-05 0.00170691 0.19832 0.00739035 0.00869569 0.00652087 0.000655677 0.00874922 0.011833 0.00263295 
4.17419e-08 0.000877817 0.00893828 0.0833552 1.74177e-06 0.00709786 0.0243308 0.00384334 0.00913663 5.91799e-05 6.09413e-05 0.000471056 0.476445 0.0043837 0.0320701 0.000127793 0.0290225 0.11705 0.00338706 0.0577435 0.119064 4.61588e-05 0.00681415 0.0142798 0.00139317 
0.000514552 1.69022e-06 0.0410882 0.00621426 2.41411e-06 0.00666146 0.0024232 0.0235459 0.00235929 0.00520938 0.00165496 1.32165e-05 0.54396 0.00103183 0.0498726 0.000122633 0.000560866 0.118392 0.00347497 0.0424939 0.0331794 0.00438147 0.0330756 0.0699903 0.00977537 
1.74182e-05 0.00519243 0.0278213 0.0759803 2.44977e-05 0.00385808 0.0375293 0.00443291 0.0134152 0.000869279 0.00664477 0.00669816 0.462021 0.00315146 0.0251247 2.86686e-05 0.00289932 0.0881779 0.00722872 0.0593909 0.109219 2.61569e-05 0.0148059 0.0404789 0.00496354 
0.0022652 0.0103298 0.0531841 0.0749018 1.53538e-05 0.0375835 0.0415334 0.0117865 0.0145453 0.00429149 0.00282934 0.000517718 0.26966 0.0180833 0.0562442 6.12709e-05 0.00360455 0.166325 0.0247407 0.0595262 0.0467441 0.000439474 0.0202755 0.0667235 0.0137885 
0.000185905 3.62348e-05 0.000241747 0.0059608 4.42072e-05 0.00681703 0.00294297 4.87765e-05 0.0034003 3.93542e-06 0.000235749 0.000762171 0.865658 0.00364873 0.0141202 3.7488e-05 0.00105557 0.0144257 0.00756984 0.00282981 0.0568629 0.000384013 0.00414476 0.00105157 0.00753142 
0.000185188 0.00685661 0.0552219 0.0617177 1.70214e-06 0.0720153 0.00954391 0.0015466 0.00849779 2.56159e-05 0.000463926 4.6867e-06 0.407427 0.00538583 0.0278561 7.54868e-05 0.00220644 0.0806391 0.00617637 0.0359206 0.188907 0.000438366 0.0030171 0.0206044 0.00526524 
7.29686e-05 0.00353268 0.0228059 0.00947959 0.000137735 0.00167462 0.0111247 0.0734266 0.012407 0.00144198 7.03275e-05 0.00117491 0.621749 0.0020992 0.0148153 1.25147e-05 0.00157898 0.0990859 0.00331052 0.057 0.033679 0.000590708 0.00173519 0.0218457 0.00514907 
1.19832e-05 0.0418164 0.00778567 0.0365309 1.20655e-05 0.0106173 0.0301309 0.274933 0.00548183 4.64695e-05 4.46761e-05 0.00716046 0.279079 0.0277244 0.0561079 1.70987e-05 3.75203e-05 0.061946 0.0196184 0.0348705 0.0492697 0.000221247 0.0213275 0.032592 0.00261708 
8.14053e-05 2.53357e-07 0.0244706 0.0148635 3.08643e-07 0.0044794 0.00755188 0.0271558 0.00747116 0.00157135 0.000150716 0.000196286 0.272712 0.00473522 0.0257301 4.50613e-05 0.0153518 0.248206 0.0211759 0.0756905 0.054612 0.00102201 0.00202592 0.19031 0.000391524 
3.15828e-05 0.00106038 0.160009 0.014868 0.000198257 0.0035899 0.0333857 0.00418317 0.00243559 0.0513314 0.000361415 0.000126721 0.690362 0.00026882 0.000400138 0.000161601 3.85936e-05 0.00608804 0.000815705 0.00336252 0.00461568 0.000272699 0.000264055 0.0054786 0.0162902 
1.27479e-05 7.08024e-06 0.0238957 0.0397788 0.0420696 0.00407232 0.0009382 0.000494295 0.00170061 9.78873e-05 0.000268747 0.0672941 0.522934 0.0173296 0.00974884 0.000497856 0.0728992 0.0939292 0.0114764 0.0114534 0.0266625 0.000356806 0.0184557 0.0136818 0.0199449 
5.93787e-06 5.42067e-08 0.0813329 0.20336 8.91652e-06 0.0251142 0.00471871 0.000257744 0.0142286 3.31212e-08 7.06603e-06 0.00319548 0.327774 2.15664e-08 0.0127723 1.50819e-05 1.62271e-08 0.0136528 2.62843e-07 0.000485794 0.0417713 6.60571e-08 0.271032 0.000121559 0.0001461 
0.000758075 0.00783537 0.00762927 0.0123732 0.000381316 0.00777527 0.00787201 0.00642025 0.0136383 0.015502 0.000219191 0.000366992 0.326682 0.171463 0.0253793 0.000616964 0.0486817 0.0665711 0.0242955 0.116563 0.0599862 9.81304e-05 0.0374329 0.0299191 0.0115402 
2.0174e-06 0.00111876 0.00739037 0.104818 6.53681e-06 0.0263744 0.045525 0.00623708 0.0127696 0.000747208 0.000370555 0.000136476 0.448534 0.00410663 0.0344937 0.00044113 0.00932237 0.0532132 0.0483788 0.0532137 0.104814 0.0013649 0.00672397 0.00973362 0.0201646 
