0.00106794 0.00441665 8.09563e-08 0.00251659 0.797442 8.47871e-06 0.0154756 0.115652 1.08615e-07 6.24285e-06 7.05577e-07 3.21271e-07 0.0079682 0.000508262 0.0242211 1.42646e-05 0.000121558 1.76016e-07 1.58665e-06 0.0103368 0.013683 3.75293e-07 1.05541e-07 0.00655717 7.27051e-08 
1.37482e-05 0.012497 0.000108737 0.0011703 0.697553 0.00747025 0.0199441 0.0744849 8.26364e-05 0.000714104 0.000181216 6.11372e-08 0.101342 0.0120027 0.0209227 1.20238e-05 0.000418239 0.00863345 0.0016036 0.00874733 0.0301091 7.33598e-06 5.6688e-05 0.00130635 0.000618168 
0.00842735 0.000548262 0.00246614 0.0203434 0.394766 0.00387964 0.0329249 0.0400634 0.0162662 0.00031771 0.00590635 2.59563e-06 0.0363567 0.179256 0.106958 3.02365e-06 0.000388904 0.00512006 0.0174601 0.0297205 0.00874845 1.93399e-05 0.0012901 0.0844426 0.00432364 
4.70653e-05 0.0185245 9.2611e-05 0.00655251 0.671056 0.000734983 0.00237231 0.0419181 0.000283453 0.00149556 4.07558e-05 1.43571e-07 0.0844774 0.00430262 0.00638351 3.72517e-05 0.00101255 0.0171455 0.0338049 0.0576348 0.0492945 2.5088e-05 0.000184362 0.000458733 0.00212054 
3.05155e-07 0.00144707 3.14038e-07 0.00595588 0.825379 0.00095337 0.000154751 0.0683626 7.41008e-05 0.00025942 1.00304e-07 7.31834e-08 0.021937 0.000211005 0.00777403 3.11767e-06 0.00185517 0.00155932 0.00164464 0.00807846 0.0516041 1.59633e-07 6.70656e-07 0.00271874 2.68127e-05 
5.09319e-07 0.00837438 0.000229716 0.0135269 0.418856 2.08733e-05 0.136113 0.270986 6.05914e-07 0.00112709 4.62569e-08 2.10622e-08 0.0648175 0.0152939 0.00168018 4.90238e-09 0.000961613 0.00493781 0.0162514 0.00890168 0.0323984 1.3456e-05 6.46041e-07 0.00550279 4.86866e-06 
6.37927e-08 0.003314 0.00472847 0.00134178 0.796941 0.0030874 0.0308763 0.0544589 4.58807e-05 0.000452781 9.60167e-08 4.37194e-08 0.0169543 0.00193322 0.0323652 1.0176e-08 0.000479261 0.000288299 0.00510562 0.0197582 0.0120357 7.11055e-07 1.92115e-05 0.0151535 0.000659667 
4.86624e-06 0.160397 0.00125645 0.00161199 0.421214 0.00447742 0.00356046 0.0943683 6.04417e-05 0.000898756 7.78113e-05 8.33354e-08 0.110271 0.0178319 0.0498297 4.89659e-06 0.000606986 0.0167678 0.0006206 0.0339571 0.0755239 2.51045e-06 0.000604474 0.0055875 0.000464307 
0.0679668 0.000191144 0.0160299 0.0781767 0.639714 0.00977187 0.00207174 0.000144402 0.0579998 4.67005e-05 0.000152205 1.7123e-05 0.00602245 3.71816e-06 0.00514889 3.62774e-06 0.000277592 0.00324851 0.000211734 0.0028561 0.0905067 4.75384e-08 0.00876093 0.00285269 0.00782419 
0.0170813 0.00423496 0.000338079 0.0175222 0.273458 0.000152058 0.000125155 0.250218 0.00014697 0.0116418 0.00179627 0.0123551 0.0811293 0.00297259 0.111364 0.0312356 0.0109448 0.0108961 0.000778612 0.0150237 0.00118146 1.05674e-05 0.00195463 0.0472655 0.0961737 
0.0313203 0.0422262 0.00737911 0.0577208 0.704891 0.0184177 0.00179238 0.000192938 0.0545916 1.33896e-05 5.68135e-05 7.24214e-05 0.0363462 1.05831e-05 0.01302 1.30584e-05 0.000434594 0.00343359 0.000229789 0.00209513 0.0122805 5.97995e-07 0.00911384 0.00106253 0.00328452 
3.9256e-06 9.2025e-06 1.47107e-07 0.00191381 0.448057 0.00279843 0.00329562 0.0378614 0.000425516 1.31285e-05 0.217438 4.59872e-07 0.137188 9.35529e-05 0.049439 1.07039e-07 0.00468353 0.0303848 0.000853531 0.0117855 0.049861 2.56373e-06 0.000493115 2.57816e-05 0.00337304 
3.47216e-07 0.0176027 0.00928706 0.00113831 0.800562 3.63461e-05 0.000143137 0.0246761 0.00012019 2.77303e-05 5.22607e-07 2.37959e-07 0.00957087 0.0041139 0.0796139 5.53868e-08 7.13217e-05 1.21436e-07 0.000140853 4.54164e-06 0.0411075 4.88133e-06 4.61862e-05 0.0116771 5.41601e-05 
1.76086e-05 0.00619304 0.0028177 0.00794359 0.680166 0.00658554 0.0032009 0.0467589 0.000562587 0.000698063 4.95135e-06 9.46489e-07 0.121549 0.00639949 0.0251479 5.199e-06 0.00155786 0.00385704 0.00398787 0.0358765 0.0296222 2.40282e-06 0.000393089 0.0117529 0.00489824 
3.27533e-09 0.000220092 6.7346e-06 0.029036 0.330337 8.63771e-10 0.190336 0.276772 7.25592e-06 1.71584e-09 4.92983e-09 2.2447e-09 0.00285622 7.37899e-10 0.112272 5.22471e-10 1.78485e-06 9.54882e-07 0.00164234 0.00650035 3.54801e-10 2.62215e-09 4.12473e-10 0.0500093 9.82339e-07 
6.54919e-07 0.0048923 1.13102e-07 0.000381365 0.837312 1.72715e-07 0.00113749 0.126205 2.40381e-05 4.92668e-06 9.85743e-07 4.48839e-07 0.0151102 2.10283e-06 0.00185521 1.04471e-07 7.4736e-05 1.45893e-07 0.000253225 0.0108472 1.89809e-05 5.24312e-07 1.83266e-06 0.00187436 9.91946e-07 
4.89237e-05 0.00226969 0.00546595 0.0264978 0.268959 0.0115066 0.00584139 0.0139432 0.0102294 7.41979e-06 0.00150014 0.000155568 0.0810543 0.010038 0.0605398 0.000123485 0.000798828 0.0580974 0.0932237 0.0279783 0.15159 0.128735 0.0100858 0.0285477 0.00276144 
0.0658862 0.000268494 0.25273 0.1244 0.332797 0.0294877 0.00853009 0.00141968 0.0158177 9.57034e-05 5.58633e-06 7.20875e-06 0.0113729 1.39088e-05 0.00548614 2.63863e-06 0.00138456 0.00603545 0.000370013 0.00572032 0.0306845 4.85296e-07 0.101415 0.00537802 0.000690448 
0.0103167 0.000640786 0.00223348 0.0263792 0.453518 0.00144197 0.0130071 0.0125572 0.00588835 0.000554393 7.96072e-05 1.21737e-05 0.0633309 0.0323749 0.028831 6.17247e-06 2.17656e-05 0.0232653 0.00174014 0.246097 0.0139001 0.000148293 0.0400048 0.0197586 0.00389138 
0.0277191 0.00048763 0.0254306 0.0960058 0.502068 0.0150151 0.028863 0.0250431 0.00999241 0.00102397 0.000434573 0.00467715 0.046868 0.00119773 0.0777073 0.0120981 0.00328751 0.00852316 0.00257045 0.0094566 0.0669596 6.14157e-05 0.0120364 0.015181 0.00729204 
1.07393e-06 5.85594e-05 0.000619087 0.00676041 0.78964 0.00114027 0.0141674 0.029789 3.00369e-06 0.00136605 1.645e-06 1.7905e-06 0.081158 0.0060648 0.00234027 4.51857e-05 0.00108438 0.000704611 0.0471936 0.00533331 0.0119044 9.2219e-05 8.37038e-07 0.000515182 1.51522e-05 
0.0425367 0.000382686 0.0121347 0.0242654 0.357532 0.00160684 0.190387 0.0510913 0.00181826 0.000308793 4.88e-06 2.10353e-06 0.0106926 0.000691885 0.109504 5.78812e-07 0.000611621 0.00945412 0.0143886 0.0107333 0.0275813 8.33536e-06 0.000321846 0.133297 0.000644587 
0.00832411 0.00155663 0.00832349 0.0156728 0.207691 0.00463269 0.0158248 0.00401434 0.197999 0.0854106 8.45248e-05 2.86489e-05 0.0568826 0.00151281 0.0506707 0.00032606 0.0439635 0.0638214 0.0129792 0.0322235 0.042294 0.068629 0.0280686 0.0302294 0.0188366 
0.020658 0.000752455 0.00629291 0.0107724 0.37893 0.00143043 0.0161614 0.00805385 0.0605487 0.000517245 2.77565e-05 4.85151e-06 0.00818949 0.000767942 0.0583055 2.20112e-06 0.000201715 0.252478 0.00621302 0.0422573 0.0367002 8.14738e-05 0.00321994 0.0861978 0.00123539 
2.65138e-05 0.0211559 0.00306996 0.00537994 0.284299 0.00233503 0.00359709 0.179393 0.0033587 0.00113325 6.57656e-06 4.4951e-07 0.0454161 0.0169451 0.156791 6.65967e-05 0.00697539 0.017418 0.0798706 0.0398067 0.080074 1.28266e-05 7.14297e-05 0.0467794 0.00601718 
0.0132147 0.00139878 0.020859 0.0171985 0.32543 0.00278317 0.00424089 0.00464508 0.00666227 0.000508457 9.21867e-05 0.000583849 0.0287132 0.00497803 0.175552 0.0130466 0.0029683 0.0273399 0.129832 0.0413062 0.0362 0.000247087 0.00379198 0.0845581 0.0538501 
1.09707e-07 0.0276691 0.00307515 0.0130943 0.717917 1.06074e-05 0.014726 0.0603895 6.45877e-07 3.62667e-05 1.65123e-07 7.51858e-08 0.0642105 0.000307655 0.0628419 1.75001e-08 0.00131582 9.49775e-06 5.62796e-06 0.0194851 0.00267295 8.78284e-08 0.0003184 0.011905 8.59799e-06 
6.00706e-07 6.01141e-07 0.0215303 0.00806002 0.812536 0.0156949 6.01306e-07 6.01353e-07 0.0371032 0.0185745 6.0029e-07 6.00966e-07 0.00715774 6.01343e-07 6.01481e-07 6.01397e-07 6.01252e-07 6.01486e-07 6.01346e-07 6.01455e-07 0.0020455 6.00871e-07 0.0175021 0.0597864 6.01401e-07 
1.56521e-05 0.000289983 3.10847e-08 0.000617147 0.759634 5.37671e-05 0.000360008 0.136464 1.93999e-05 0.000373019 2.70919e-07 1.23358e-07 0.0522123 2.83394e-05 0.000265929 2.87125e-08 0.00301688 0.000269559 0.00592289 0.0154723 0.0173164 1.44101e-07 1.03028e-05 0.00762712 3.01673e-05 
1.09846e-05 0.000773521 0.0461623 0.0276902 0.287106 0.00926829 0.0192924 0.067923 0.00300244 0.00160236 3.12672e-05 5.66574e-05 0.0399183 0.0158782 0.0876917 1.50444e-05 0.0188722 0.144922 0.0870421 0.0217164 0.0896966 0.000182287 0.00623981 0.0194741 0.00543198 
0.000297791 0.00149713 0.000537303 0.00139694 0.361981 0.00591304 0.00913752 0.00404715 0.000556867 1.48033e-05 0.00335539 0.000704546 0.323491 0.00545144 0.00768996 9.42114e-05 0.000338721 0.0137485 0.234317 0.00546043 0.0112981 0.00028778 0.000922008 0.00638303 0.00107856 
0.0925334 0.000186861 0.0608518 0.0707188 0.500173 0.0186275 0.00404301 0.00197756 0.00938367 0.000128381 5.16847e-07 8.39772e-07 0.0103481 4.64755e-06 0.00517607 1.13463e-06 0.00103417 0.00755905 0.00923832 0.0054796 0.0213991 2.16049e-08 0.176657 0.00399952 0.000477984 
0.0271378 0.0825122 0.0323071 0.091299 0.271778 0.0712369 0.00502376 0.0894502 0.00547012 0.00300376 0.00213461 1.91699e-06 0.00993989 0.0229353 0.037461 9.21363e-07 0.000678545 0.00294796 0.000346614 0.0748728 0.0439077 7.87148e-08 0.00601374 0.116474 0.00306681 
0.00403565 0.000610397 0.0362235 0.163818 0.67576 0.0297733 0.00479116 1.17273e-05 0.0159348 0.000162169 0.000122176 0.000156392 0.00228505 1.39805e-06 0.00386562 2.86781e-05 8.31592e-05 0.0024951 0.000402254 0.00311737 0.0253089 8.71628e-07 0.0293841 0.00124888 0.000379003 
0.0923079 0.000322795 0.104018 0.077316 0.578023 0.0218552 0.00420051 0.000445749 0.0118772 0.00015724 1.95401e-05 2.53237e-05 0.00865621 1.09361e-05 0.00631592 5.76302e-06 0.00123994 0.021314 0.000429182 0.00620702 0.0343743 4.12672e-08 0.0236373 0.00642057 0.00082044 
1.05668e-06 0.000116985 0.000565615 0.00194176 0.807841 7.70909e-06 0.00917142 0.0540471 0.00023441 2.96612e-06 3.5527e-07 1.61765e-07 0.0509722 0.00210374 0.00152995 3.76521e-08 0.000293063 3.66671e-05 8.17963e-05 0.000557364 0.0652503 6.99955e-07 5.17671e-08 0.00524292 7.36632e-07 
6.41781e-11 0.0431886 0.00591707 0.0172162 0.450362 3.55595e-08 0.0202133 0.0568688 1.87065e-06 0.000207299 1.64311e-07 8.13737e-07 0.331448 4.74259e-07 0.0163902 1.09551e-07 7.38426e-07 0.0178563 3.37722e-07 8.50912e-07 0.0155371 5.13794e-11 7.75967e-08 0.0247896 3.10564e-07 
7.0005e-06 1.51517e-08 0.00546604 0.00650388 0.800566 0.000736977 0.00532783 0.0413716 0.000751902 4.21531e-12 1.21111e-11 5.56971e-10 0.0274628 4.26026e-08 2.06776e-07 1.28356e-12 0.00561591 0.0180345 8.34281e-08 0.012965 0.00761051 6.50626e-10 1.00329e-08 0.0675799 1.98054e-07 
7.0005e-06 1.51517e-08 0.00546604 0.00650388 0.800566 0.000736977 0.00532783 0.0413716 0.000751902 4.21531e-12 1.21111e-11 5.56971e-10 0.0274628 4.26026e-08 2.06776e-07 1.28356e-12 0.00561591 0.0180345 8.34281e-08 0.012965 0.00761051 6.50626e-10 1.00329e-08 0.0675799 1.98054e-07 
0.168935 0.00038571 0.0373893 0.0776508 0.241421 0.017241 0.0100347 0.00477645 0.0158113 0.0150704 5.24796e-06 8.75133e-06 0.0392722 0.000110099 0.0637554 1.22889e-05 0.00270435 0.0167225 0.0109217 0.0326127 0.17188 2.76061e-07 0.0228914 0.0272248 0.0231633 
1.29327e-05 0.00167245 0.000273169 0.00252012 0.414834 0.00176149 0.0568892 0.338271 0.000212285 0.000702916 4.91226e-07 2.55202e-07 0.0284221 0.0202946 0.0422714 7.45149e-07 0.000746511 0.00618953 0.00755551 0.0217562 0.0427637 8.79887e-07 2.48229e-05 0.00940895 0.00341435 
1.228e-08 0.00888401 1.36018e-05 0.0609986 0.302224 0.0283306 0.000702415 0.150738 1.62313e-06 0.000327936 1.51704e-06 1.71426e-06 0.268129 0.00505254 0.00182499 3.18213e-06 0.0460921 0.0232009 5.06424e-05 0.0057363 0.00637139 4.55949e-05 0.0474993 0.0392267 0.00454395 
0.0221251 0.000127841 0.0103157 0.0450358 0.559996 0.0259552 0.00351691 0.0127471 0.0166647 4.22229e-05 1.87133e-05 2.32903e-05 0.237577 0.000442028 0.0307359 4.48976e-06 0.00592224 0.00499517 0.000212196 0.00461225 0.0105659 5.55866e-07 0.00630622 0.00180503 0.000252145 
6.28154e-07 0.000144703 7.14284e-05 0.00308476 0.897874 0.000436078 0.000767395 0.0578232 6.9383e-08 0.000201806 1.97631e-07 3.80304e-10 0.0267161 0.00120677 0.000944045 3.9584e-06 5.92761e-05 0.000210223 0.000359034 0.000434335 0.00557136 8.69445e-08 1.22846e-09 0.00335678 0.000734025 
0.130296 0.000419914 0.0319433 0.069081 0.58283 0.0830728 0.00449162 0.000317502 0.0118782 0.000102643 7.18385e-05 9.20297e-05 0.00810367 1.36495e-05 0.00559761 1.70138e-05 0.00067405 0.00626156 0.000501765 0.00546632 0.0320602 4.66316e-07 0.0205403 0.00539561 0.000770806 
0.00345306 0.000769517 0.0111074 0.0292318 0.300091 0.012315 0.0208692 0.0598432 0.00377921 0.00361085 0.000957433 0.00362886 0.0635797 0.00212786 0.0749602 0.0104533 0.00333209 0.0697498 0.0078239 0.135323 0.0391754 1.72508e-05 0.00359937 0.0978084 0.0423933 
0.0463249 0.000188934 0.0541423 0.045568 0.493828 0.0118577 0.00257785 0.000196984 0.00793162 6.74328e-05 3.68557e-06 4.52684e-06 0.120811 0.0292784 0.0197233 1.78041e-06 0.00285778 0.00428459 0.000254573 0.0241994 0.0218757 1.47753e-07 0.0540833 0.059466 0.000471935 
2.82549e-08 0.000176874 0.000445992 0.0010513 0.951795 0.00104842 0.00219171 0.00110517 0.000432737 0.000142112 0.000620943 0.00194805 0.00325767 0.0011197 0.00281782 2.88502e-05 0.00143589 0.0118584 0.00457312 0.00239191 0.00198304 6.1097e-05 0.00445774 0.00338059 0.00167619 
0.0651727 0.000308446 0.0291907 0.065161 0.256017 0.0328804 0.0038385 0.0318899 0.0107738 0.000116103 2.18784e-05 2.8222e-05 0.00764595 0.00150018 0.252895 6.28109e-06 0.000537672 0.00606271 0.0520878 0.00534684 0.0507345 1.83579e-08 0.0160986 0.110999 0.000686279 
0.00112931 0.00649513 0.00796193 0.00614196 0.799152 0.00777318 0.0118604 0.00876932 0.012258 0.00067606 0.00747551 0.00145137 0.0109171 0.0108497 0.0161912 0.000420876 0.00151239 0.0148477 0.0148383 0.0126984 0.0138336 0.0109208 0.0106716 0.0040505 0.00710382 
0.0885774 0.000840498 0.0529687 0.0628864 0.261286 0.114713 0.0096065 0.0236553 0.0129335 0.000154536 3.86733e-05 1.87591e-06 0.0262544 0.00186097 0.11086 8.27704e-06 0.00230215 0.0391869 0.00402986 0.0223445 0.0757125 4.16281e-06 0.0189084 0.067156 0.00370971 
0.000665193 0.00590486 0.00983768 0.0241932 0.472628 0.00456533 0.00947933 0.0539429 0.00355545 0.174144 0.00218313 0.00441813 0.0441365 0.00528488 0.0285923 0.00238025 0.00442847 0.0172974 0.00892068 0.00962944 0.00856553 0.000743922 0.00499172 0.0718649 0.0276463 
0.097537 0.00020403 0.020237 0.0936062 0.598579 0.0129824 0.00250019 0.000261628 0.0631073 9.46312e-05 8.11203e-05 1.17754e-05 0.00757969 5.517e-06 0.00516765 2.88494e-06 0.000725934 0.0042054 0.000251733 0.00373861 0.0661456 3.25265e-08 0.0140383 0.00387118 0.00506565 
0.00223759 0.00540289 0.017984 0.0571452 0.362775 0.00285399 0.00742485 0.0379583 0.0542062 0.00065587 0.000380389 0.000217972 0.0312665 0.0182283 0.177753 2.25714e-06 0.00543724 0.0299083 0.0183707 0.0320272 0.0390989 0.000133433 0.00104167 0.0875565 0.00993451 
6.53322e-08 0.00796738 0.000161096 2.39146e-05 0.809616 0.014751 6.11056e-05 0.0565728 0.000123805 1.548e-06 9.83339e-08 4.47745e-08 0.00367546 0.000208987 0.0488903 1.04216e-08 3.20086e-05 3.15798e-09 0.000186215 0.0128204 0.00270434 5.23034e-08 3.75528e-05 0.0421654 1.01327e-08 
1.0818e-05 0.00375115 0.00699989 0.0171272 0.417574 0.00179415 0.0259163 0.30955 0.011089 0.000109625 8.36612e-06 6.72928e-06 0.0692312 0.00600029 0.054316 8.14658e-09 0.00200247 0.00729636 0.00346301 0.0101049 0.0357431 1.63847e-07 0.0031002 0.0142567 0.00054838 
0.000261863 0.0117101 0.00010808 0.0244895 0.645596 0.000220668 0.107184 0.0400834 0.000504101 0.000370596 7.92802e-06 8.74161e-07 0.0430101 0.000800579 0.034706 3.07964e-06 0.0105163 0.00837889 0.000668624 0.00554555 0.0234229 1.78758e-06 0.000605053 0.00820133 0.0336028 
0.0665213 0.00378487 0.00718303 0.0192044 0.7345 0.002718 0.00664984 0.00457648 0.00832746 0.000327735 0.000119735 3.76262e-05 0.0119929 0.00079195 0.0399803 9.0261e-06 0.000931498 0.0203189 0.0020855 0.0230333 0.0272268 0.000174916 0.00195671 0.0147562 0.00279176 
5.82294e-08 3.34797e-07 4.10396e-07 0.00690348 0.312055 0.00176909 0.0277173 0.241186 0.00183274 3.48575e-08 3.85351e-07 7.48236e-08 0.0149941 0.0168345 0.147021 2.1697e-08 0.00123563 0.0296233 0.0236724 0.119964 0.00715248 5.62923e-07 5.50064e-07 0.0480366 3.66165e-07 
0.0207118 0.00325229 0.00651068 0.0108638 0.617359 0.00837525 0.00288081 0.00287251 0.00712805 0.00515688 0.000545433 0.00482871 0.00489046 0.00371351 0.0339508 0.0186687 0.0110919 0.0283936 0.00430739 0.0252804 0.0132355 0.000158876 0.0240489 0.108919 0.032856 
1.52894e-07 0.00798257 5.82193e-06 1.47955e-08 0.666166 4.45671e-05 0.0106277 0.0273644 3.54253e-08 8.00961e-08 9.09899e-05 1.04784e-07 0.287548 6.6916e-05 7.08164e-05 2.43892e-08 5.12868e-08 7.3905e-09 6.09674e-07 1.08967e-06 1.45578e-05 1.22403e-07 1.92545e-08 1.52509e-05 2.37131e-08 
9.01824e-07 0.00174294 1.33651e-05 0.0794666 0.465356 4.70603e-06 0.000463181 0.195627 4.33436e-05 0.000289998 2.54081e-05 7.9782e-09 0.0258331 0.000122803 0.0211074 1.85699e-09 0.0323681 0.00106897 0.0845644 0.0122765 0.0472973 9.31975e-09 2.12696e-06 0.0322719 5.42895e-05 
7.0005e-06 1.51517e-08 0.00546604 0.00650388 0.800566 0.000736977 0.00532783 0.0413716 0.000751902 4.21531e-12 1.21111e-11 5.56971e-10 0.0274628 4.26026e-08 2.06776e-07 1.28356e-12 0.00561591 0.0180345 8.34281e-08 0.012965 0.00761051 6.50626e-10 1.00329e-08 0.0675799 1.98054e-07 
9.33209e-09 0.10073 0.000857648 0.00200135 0.417539 0.00134941 0.0115848 0.138626 2.948e-06 3.68928e-05 1.47206e-06 6.39561e-09 0.036027 0.0110819 0.0409509 1.61302e-06 0.062853 0.000515486 0.01155 0.0149669 0.015359 1.0992e-05 2.08606e-06 0.13384 0.000111815 
0.0562255 0.000938218 0.00604146 0.0150045 0.595243 0.00955139 0.000731996 0.00932052 0.0013205 0.00202947 6.16799e-05 7.50852e-05 0.0113706 0.00253723 0.0201224 7.63017e-05 0.000766795 0.0295444 0.001568 0.0327496 0.00887591 6.37067e-05 0.00101442 0.19195 0.00281715 
3.8931e-06 0.00125319 0.0165287 0.00948854 0.62391 0.0032921 0.00383963 0.0990873 0.00031805 0.000855112 3.35064e-06 7.68477e-05 0.0487865 0.0022642 0.0115919 9.49992e-06 0.0340259 0.0606078 0.0190798 0.0187456 0.0213544 0.000164817 0.00026936 0.0199515 0.00449151 
0.0932209 0.000760001 0.00448837 0.00557462 0.613429 0.00173123 0.00356123 0.00539537 0.00608 0.00135008 6.85485e-05 9.49353e-06 0.00982965 0.00450749 0.0957771 5.41505e-06 0.00155937 0.0265318 0.00299701 0.0791009 0.0211995 0.000187798 0.00247209 0.0168045 0.00335885 
0.223244 0.0621743 0.000397262 0.000912391 0.303801 0.000471907 0.000151625 0.000244265 0.000791952 0.00139731 1.34232e-06 6.62893e-08 0.00733118 0.163751 0.0471881 1.93451e-05 0.0055909 0.00878578 0.00961984 0.0142424 0.0392809 1.42419e-10 0.000684626 0.097195 0.0127242 
5.27692e-06 0.0112049 0.00238904 0.0103852 0.358515 0.000247267 0.00645284 0.250449 0.000222246 0.00155626 0.00352449 4.8078e-05 0.122042 0.0139909 0.0166157 8.23919e-07 0.0279649 0.029093 0.010253 0.048689 0.0342563 2.97825e-07 0.000210088 0.0501115 0.0017741 
0.112617 1.74885e-05 0.000372738 0.0525047 0.749355 0.00591896 0.000154373 0.00208507 0.000212012 8.44651e-05 3.66713e-08 1.66976e-08 0.0505291 4.37234e-06 0.00293542 3.17286e-08 1.92452e-05 0.000352719 0.00242398 0.00190401 0.0115308 1.95053e-08 0.00236932 0.00451677 9.22064e-05 
0.0206501 0.0137964 0.00965278 0.0395821 0.402935 0.0451614 0.014109 0.0233734 0.0029746 0.00392719 0.000724154 1.46159e-06 0.0116617 0.0900184 0.0423259 9.71446e-07 0.0020548 0.0241101 0.00643478 0.0404497 0.0174102 4.24107e-06 0.000221872 0.185949 0.00247054 
0.0318559 0.0018535 0.117916 0.0205601 0.41192 0.00032774 0.00339111 0.00882938 0.0162106 0.00126437 1.78996e-05 1.25814e-05 0.0177906 0.000704163 0.0657001 9.4676e-08 0.000335385 0.0101477 0.0059217 0.0135479 0.00464352 2.02958e-06 0.00069383 0.264059 0.00229565 
1.01454e-06 0.0385315 0.0081623 0.0297199 0.559653 0.00510352 0.0782311 0.0918078 0.000191669 0.00144724 1.15719e-07 5.26904e-08 0.0313979 0.00366377 0.0956929 1.22641e-08 0.00416413 0.00266367 0.000220399 0.00231278 0.0450857 1.34593e-05 0.000120338 0.00169046 0.00012548 
1.79198e-05 0.0530098 0.0147162 0.136889 0.413956 0.000321712 0.036684 0.166394 0.000361752 0.00010669 4.43024e-06 1.07915e-08 0.0546857 0.00567266 0.0427036 4.16985e-07 0.00488159 0.0023559 0.00527597 0.0102163 0.0266572 1.30481e-05 0.000192113 0.0201161 0.00476741 
6.37927e-08 0.003314 0.00472847 0.00134178 0.796941 0.0030874 0.0308763 0.0544589 4.58807e-05 0.000452781 9.60167e-08 4.37194e-08 0.0169543 0.00193322 0.0323652 1.0176e-08 0.000479261 0.000288299 0.00510562 0.0197582 0.0120357 7.11055e-07 1.92115e-05 0.0151535 0.000659667 
0.0287888 0.00465273 0.00812255 0.00742871 0.492627 0.000977288 0.0151046 0.0119584 0.00262188 0.00109664 7.92258e-05 0.000152862 0.00248059 0.0359664 0.0447659 0.000366769 0.00185172 0.0270836 0.00318821 0.104545 0.0197784 0.000117775 0.00178002 0.18138 0.00308489 
6.33551e-07 0.025861 0.001432 0.0002504 0.704596 0.00043565 0.00467287 0.0854902 6.3234e-07 0.00152791 1.37882e-08 6.27819e-09 0.0859544 0.00420741 0.0637945 1.4613e-09 0.00416243 0.0031591 0.00208055 0.00244659 0.00926058 1.66248e-05 9.79517e-09 0.000463667 0.000186505 
0.00236184 0.00718553 0.00164753 0.0214371 0.257992 0.134613 0.00240588 0.116949 0.00334886 0.00329605 4.14156e-05 4.56877e-05 0.0482676 0.000522455 0.0259173 5.81628e-06 0.0201026 0.071979 0.0745075 0.0477434 0.0020883 3.45933e-05 0.0417685 0.114988 0.000751003 
1.49613e-05 8.60488e-05 0.000105481 0.0895883 0.429887 0.000102981 0.188712 0.000116178 0.000162397 8.95658e-06 9.90372e-05 1.92281e-05 0.000144632 0.000143739 0.000214505 5.57585e-06 2.00364e-05 0.000196705 0.000196581 0.218869 0.00018327 0.000144681 0.0708309 5.36619e-05 9.41128e-05 
2.47777e-05 0.0640986 0.014708 0.150263 0.310433 0.000514175 0.0418683 0.14863 0.000546485 0.000425328 3.73503e-06 1.02322e-08 0.0783833 0.0062736 0.0365262 3.5158e-07 0.00868334 0.0094862 0.029627 0.0185438 0.0553303 1.29582e-05 0.000373807 0.0196181 0.00562621 
1.24618e-05 0.00179337 9.29203e-06 0.0013016 0.754868 0.000434419 0.0015442 0.0818467 0.000168977 0.00082351 6.00602e-05 2.24029e-07 0.0309672 0.00109105 0.0391616 4.09621e-06 0.00137188 0.00599807 0.00238148 0.0506571 0.0152481 3.71055e-07 3.46311e-05 0.00558281 0.00463904 
0.0542459 0.00228179 0.0616907 0.0331305 0.243377 0.0209327 0.0998179 0.0238913 0.0235926 0.0300108 0.000560298 4.84482e-06 0.019667 0.00370798 0.0853914 3.01014e-06 0.0647576 0.0304606 0.0314467 0.0259009 0.0157349 0.000157808 0.00219877 0.120741 0.00629644 
7.45079e-05 0.000533169 7.80375e-05 0.00331328 0.864482 0.000749177 0.000326702 0.0548208 0.000185113 0.000884418 5.94081e-06 5.9223e-08 0.0328722 0.00196977 0.0032909 1.74612e-05 0.000587938 0.00315133 0.00769471 0.00221077 0.0117326 1.22611e-07 1.03052e-06 0.00706301 0.00395456 
6.07555e-05 0.00825332 0.000101799 0.00282122 0.710727 0.000953297 0.0405252 0.0326427 0.000105347 2.37374e-06 7.03473e-08 3.20313e-08 0.055483 0.00083024 0.0584213 7.45553e-09 0.00121202 0.00398278 0.0259242 0.0165873 0.0252015 4.64158e-07 0.0150528 0.000856508 0.000254396 
1.12164e-11 0.0583196 0.0135516 0.205104 0.549647 1.41395e-07 0.0507603 1.85079e-07 0.0256319 2.58597e-08 2.87166e-08 2.53747e-08 0.0374056 8.28861e-08 0.0232576 1.91463e-08 1.29054e-07 3.92539e-08 2.50089e-12 0.00249854 0.0336688 8.97956e-12 0.000139697 1.40246e-05 5.42771e-08 
0.0036984 0.000922274 0.000244854 0.00290672 0.748082 9.92511e-05 8.88908e-05 0.0547895 0.000240062 0.00139119 6.07837e-07 0.000105419 0.0110413 0.000328548 0.00740024 2.16446e-07 2.95834e-05 0.00382772 0.0369401 0.0135083 0.00119454 3.9307e-06 4.1047e-05 0.112822 0.000293293 
5.68484e-09 0.00120634 9.81749e-10 0.000751445 0.972013 1.49921e-09 2.239e-07 0.0171442 4.33656e-08 5.01054e-07 8.55646e-09 3.89602e-09 0.00361431 2.13752e-07 0.000438274 9.06829e-10 6.04771e-05 1.87216e-07 0.000120574 0.000248414 0.00119107 4.55115e-09 4.57826e-09 0.00321033 8.81687e-10 
0.00284506 0.0218891 0.00309387 0.0130041 0.296944 0.00958751 0.00286623 0.000540061 0.00213973 0.00227893 0.000475079 0.00222458 0.00445063 0.00825008 0.173693 0.00542622 0.0036345 0.13511 0.012317 0.042123 0.0325262 1.94039e-05 0.0130867 0.16868 0.0427949 
2.52735e-05 0.146572 0.0461596 0.0163525 0.424288 0.00487476 0.00525438 0.0300244 0.00605863 0.000412847 2.52958e-05 7.8449e-06 0.03112 0.00338291 0.0711326 3.26101e-06 0.00382026 0.0111854 0.00335426 0.142384 0.0402971 5.4478e-05 0.00254205 0.00327194 0.00739657 
0.0286785 0.00639091 0.0118168 0.00908017 0.429161 0.000348054 0.00276169 0.0641499 0.00720438 0.00150785 2.53983e-06 7.10112e-07 0.0477925 0.00147198 0.0344116 3.1311e-07 0.000475437 0.0242688 0.00762427 0.0509922 0.00385292 4.74698e-06 0.000304745 0.229202 0.0384963 
0.000415356 0.00356806 0.00175101 0.230637 0.282728 0.00153977 0.021291 0.0795118 0.0026669 0.113133 0.00079562 2.03834e-06 0.0587763 5.32931e-05 0.0387918 6.3969e-06 0.0198181 0.013607 0.0216269 0.0310853 0.0611125 6.19247e-07 0.000420956 0.0162692 0.000392079 
0.000520805 0.00243696 0.00158469 0.00424692 0.912644 0.0012817 0.00148596 0.0048468 0.000688051 0.000278338 0.000259108 0.00012668 0.00840949 0.00332303 0.00758659 0.0001441 0.00354768 0.0103243 0.0044847 0.00917743 0.0050808 0.00166019 0.000398398 0.0139359 0.00152776 
7.08098e-07 9.69558e-05 8.20295e-05 0.000104613 0.818542 4.26892e-05 0.0159276 0.0930268 1.84792e-05 0.0136592 2.87887e-05 3.15171e-05 0.0268854 0.00017984 0.00755621 6.6013e-06 0.00148775 0.000426654 0.00182643 0.00999008 0.00952199 5.66886e-07 1.31885e-07 0.000464345 9.24753e-05 
0.070345 0.000341142 0.0587676 0.0240584 0.21787 0.206712 0.0278654 0.0245834 0.00539946 7.02819e-05 1.50682e-09 6.86102e-10 0.0609662 0.000676466 0.0810453 3.50354e-06 9.33516e-06 0.0268273 0.00232613 0.00412313 0.100963 8.01471e-10 0.0040008 0.0818596 0.00118647 
0.0271378 0.0825122 0.0323071 0.091299 0.271778 0.0712369 0.00502376 0.0894502 0.00547012 0.00300376 0.00213461 1.91699e-06 0.00993989 0.0229353 0.037461 9.21363e-07 0.000678545 0.00294796 0.000346614 0.0748728 0.0439077 7.87148e-08 0.00601374 0.116474 0.00306681 
0.0305193 0.000751524 0.0106106 0.0156666 0.341208 0.0032224 0.224867 0.0133889 0.0229579 0.0567883 0.00119876 0.000110159 0.0292609 0.000892082 0.035923 4.31795e-05 0.000805651 0.0473264 0.000878756 0.0722957 0.0612689 0.000220514 0.00691187 0.00241289 0.02047 
0.00239944 9.4009e-05 0.000998307 0.00965334 0.861577 0.000171478 0.00180838 0.00152217 0.000592654 6.60501e-05 0.000161779 0.000183826 4.52801e-05 1.76401e-05 0.0354675 9.69523e-08 0.0212388 0.00620117 0.000414336 0.00326242 0.00523809 4.86579e-07 0.000960479 0.0447394 0.00318555 
0.0463249 0.000188934 0.0541423 0.045568 0.493828 0.0118577 0.00257785 0.000196984 0.00793162 6.74328e-05 3.68557e-06 4.52684e-06 0.120811 0.0292784 0.0197233 1.78041e-06 0.00285778 0.00428459 0.000254573 0.0241994 0.0218757 1.47753e-07 0.0540833 0.059466 0.000471935 
0.000192644 0.00080524 0.000167748 0.00167165 0.917284 1.01589e-06 0.00707474 0.0098436 9.04997e-09 0.0148455 5.87897e-08 2.67688e-08 0.0244894 4.67822e-05 0.00201653 6.23063e-09 0.00414904 0.000127091 0.003187 0.00137471 0.00136227 4.18911e-07 2.48209e-06 0.0113579 1.34349e-07 
0.0678302 0.00101353 0.00689388 0.0887914 0.353302 0.0108515 0.263734 0.0188374 0.00363131 2.00961e-05 2.20397e-05 2.80658e-05 0.0282815 1.39455e-05 0.025588 5.83843e-06 0.000541089 0.00439381 0.000199382 0.0472223 0.0152645 2.50219e-07 0.00738785 0.0556128 0.000533408 
8.38875e-07 0.00817918 1.23107e-05 0.00458311 0.861103 9.13372e-05 0.000541167 0.0416501 0.000104525 0.000432235 1.14128e-06 3.95024e-07 0.0194853 0.000661197 0.0119902 1.17745e-06 0.000585093 0.00215203 0.00321233 0.0106166 0.0122607 7.82033e-07 4.41641e-06 0.0221406 0.00018992 
1.20747e-05 0.0169241 0.00125961 0.0222044 0.653637 0.00172769 0.0850587 0.0367027 0.000730446 0.00024719 0.00040772 1.51192e-05 0.109838 0.00232036 0.0128205 0.00016224 0.00184289 0.0137525 0.00915814 0.0131499 0.00632065 0.000110866 0.0083761 0.00141892 0.00180258 
0.0855518 0.000389096 0.00386749 0.0571474 0.555244 0.00589182 0.0522803 0.0189417 0.00508944 0.000381393 7.70994e-05 0.000236746 0.00499349 0.000940984 0.0443423 0.000825715 0.0142718 0.0248134 0.00524781 0.0325527 0.014935 6.61566e-05 0.00333154 0.0559134 0.0126679 
0.00015957 0.00413246 0.0135802 0.0676868 0.346295 8.31989e-06 0.146527 0.00221626 0.0262553 0.00150462 4.7633e-05 3.09695e-07 0.064117 0.000136143 0.0946812 0.000164719 0.00598524 0.0257919 1.14475e-06 0.121379 0.0583413 2.2777e-08 0.00121906 0.0186208 0.00114891 
0.141632 0.000134958 0.154875 0.0579427 0.191774 0.017749 0.00881393 0.000709495 0.00615498 0.00591731 2.72339e-07 4.18345e-07 0.0496791 0.000180315 0.0776221 2.24029e-05 0.0187191 0.0510541 0.0643234 0.00581289 0.0639435 2.85131e-06 0.071849 0.00715596 0.00393156 
0.0711956 0.00588892 0.0720874 0.187492 0.396077 0.0215615 0.0201912 0.00402419 0.0319044 0.000563313 9.47305e-06 3.93379e-05 0.0323242 0.000372305 0.0211195 7.95558e-05 0.00430147 0.00793464 0.000295942 0.0143282 0.0428629 1.44314e-09 0.0469969 0.0166419 0.00170876 
0.0306618 0.00721732 0.00228025 0.00823885 0.516578 0.00162734 0.0138146 0.0135439 0.00384188 0.00111078 0.000435976 6.87968e-05 0.0097238 0.00896909 0.100396 0.134003 0.000343487 0.0205968 0.00930353 0.067089 0.0212663 0.000454021 0.00185746 0.0211142 0.00546352 
0.036633 0.00530292 0.00565441 0.0249578 0.295325 0.00184527 0.0118018 0.0117812 0.0136965 0.00127034 7.54956e-05 1.24007e-05 0.00215286 0.00683466 0.170191 2.91192e-06 0.00430635 0.0403987 0.013346 0.0378063 0.0188429 0.000123281 0.00514763 0.289028 0.00346234 
4.84374e-07 3.91759e-05 3.77926e-06 0.00113231 0.568718 0.00553283 0.0120339 0.230124 4.65797e-06 6.2006e-06 7.29048e-07 3.31958e-07 0.0859509 0.000161879 0.0723004 7.72658e-08 0.000121498 1.24296e-05 1.76403e-05 0.00618951 0.0174546 3.5751e-06 1.07114e-07 3.1671e-05 0.000159375 
7.0005e-06 1.51517e-08 0.00546604 0.00650388 0.800566 0.000736977 0.00532783 0.0413716 0.000751902 4.21531e-12 1.21111e-11 5.56971e-10 0.0274628 4.26026e-08 2.06776e-07 1.28356e-12 0.00561591 0.0180345 8.34281e-08 0.012965 0.00761051 6.50626e-10 1.00329e-08 0.0675799 1.98054e-07 
2.2909e-06 0.0245081 0.0315874 0.127097 0.48005 0.00417195 0.116357 0.0326192 0.00287393 0.00106121 1.57191e-06 5.51653e-05 0.0275712 0.00367751 0.0361852 2.61396e-05 0.000319737 0.00169944 0.00296888 0.0186262 0.0349441 4.47595e-07 0.000533721 0.00483618 0.0482257 
0.00236184 0.00718553 0.00164753 0.0214371 0.257992 0.134613 0.00240588 0.116949 0.00334886 0.00329605 4.14156e-05 4.56877e-05 0.0482676 0.000522455 0.0259173 5.81628e-06 0.0201026 0.071979 0.0745075 0.0477434 0.0020883 3.45933e-05 0.0417685 0.114988 0.000751003 
0.0468322 0.00146026 0.0667442 0.117298 0.383946 0.0188905 0.00586942 0.12417 0.0348792 7.10604e-05 7.62778e-05 0.000802791 0.0551533 8.32584e-06 0.00399341 1.2449e-05 0.000455694 0.00447009 0.0160402 0.0365972 0.0229219 1.40172e-05 0.0148061 0.041854 0.00263342 
