4.01047e-06 0.000997074 0.0223953 0.139106 8.7691e-05 0.532116 0.0080639 0.00436323 0.00285917 2.89026e-06 0.00013219 0.000512375 0.0444175 0.00165498 0.0976369 2.60178e-06 0.00101914 0.0336749 0.0129918 0.0409948 0.0164277 0.000150423 0.0167029 0.0213513 0.00233477 
1.26281e-06 0.00117439 0.0107097 0.0845316 2.61538e-06 0.540166 0.00301547 0.000631248 0.0115409 0.000298788 9.28123e-07 3.22126e-05 0.00125466 0.0185768 0.0192216 0.0288264 6.44034e-06 0.0105366 0.000375111 0.00890001 0.0289048 1.59665e-05 0.21182 0.00591364 0.0135423 
0.00654313 0.010639 0.0702864 0.0882823 0.000124063 0.145741 0.00751155 0.00927847 0.0213667 0.000932099 0.0023908 0.00319042 0.0974969 0.00214724 0.137618 0.0155964 0.00108631 0.144473 0.0165474 0.0485255 0.0833981 0.000293882 0.0534054 0.0240056 0.00911983 
0.000244698 0.0274938 0.00746929 0.0084849 6.42928e-05 0.261988 0.00319074 0.00480588 0.00431763 0.000898973 0.00451897 7.29956e-08 0.0824511 0.0476548 0.0375064 8.5411e-06 4.97913e-05 0.249654 0.0651332 0.050346 0.0315445 0.000370299 0.00183323 0.0999598 0.0100108 
3.00513e-09 0.00503015 0.00495616 0.318707 1.53286e-05 0.519518 0.068381 0.00331498 0.0251003 6.4842e-05 3.2883e-06 3.82504e-06 0.000186253 0.000273709 0.0193915 6.76248e-07 1.96591e-06 0.00259503 0.000303261 0.00226826 0.00621704 3.28839e-09 0.0202077 0.00157528 0.00188461 
0.00377533 0.00107241 0.222471 0.0399751 3.85704e-05 0.302444 0.00259002 0.00131256 0.155385 0.000623409 0.000319432 0.000346409 0.0108432 0.000990898 0.0773989 5.5616e-06 0.00177192 0.028073 0.00250228 0.00297351 0.0825516 4.13557e-05 0.039481 0.00311147 0.0199026 
0.00150966 0.0106509 0.0174159 0.175293 7.16598e-05 0.232915 0.0296917 0.00900514 0.0450642 0.000518959 0.00107576 1.28372e-05 0.0176454 0.00888959 0.140226 7.3315e-06 0.0015704 0.0397112 0.00403616 0.0343263 0.0593759 0.000189821 0.141432 0.021935 0.00743082 
0.000778117 0.00278859 0.0384555 0.0362297 0.000722783 0.188735 0.00376215 0.000901253 0.0347855 0.000732581 0.0187734 0.000444655 0.0170913 0.00549167 0.13442 0.00135454 0.00213539 0.150568 0.0289206 0.0439869 0.151087 0.00297356 0.0590148 0.0375165 0.0383312 
1.12307e-05 6.71459e-05 0.14179 0.140123 3.9332e-06 0.440655 0.0117035 0.00157031 0.0291517 8.65917e-06 1.66705e-05 5.85934e-06 0.00369252 0.00111247 0.0374806 9.14109e-06 0.000161895 0.04083 0.00175469 0.00927901 0.0127112 1.29489e-06 0.108879 0.00323069 0.0157503 
4.42978e-06 0.0251888 0.0030136 0.024063 0.000299364 0.39772 0.00328495 0.00356634 0.065005 5.30272e-05 0.000423784 1.79289e-06 0.00462667 0.0335919 0.181865 1.51856e-05 5.14613e-05 0.0331859 0.0191118 0.0333891 0.0263002 2.29269e-06 0.0927262 0.0322948 0.0202147 
0.000781298 0.00379396 0.0332403 0.224131 0.00147371 0.249423 0.0635509 0.00947972 0.0615725 0.000821494 0.00158181 0.000126601 0.0192302 0.00741592 0.0696201 3.3146e-06 0.00139149 0.0269178 0.0654077 0.0192878 0.0766354 0.000116215 0.036806 0.012994 0.0141984 
9.79804e-05 0.00456956 0.124589 0.119063 6.61173e-05 0.398895 0.00928544 0.00199204 0.0310774 8.71885e-05 0.000403844 3.90809e-05 0.00605829 0.00802889 0.0536582 1.70248e-05 9.2352e-05 0.0349231 0.00320434 0.0039905 0.0788053 5.10684e-05 0.116309 0.00107378 0.00362327 
0.00315268 0.00236131 0.0100004 0.137759 0.00735143 0.217133 0.0304154 0.033147 0.0241925 0.000979368 0.0295773 2.34766e-05 0.0343471 0.0509258 0.105582 4.02406e-06 0.00168204 0.0699637 0.0405179 0.0639286 0.054715 0.000267943 0.0420983 0.0354226 0.00445179 
4.88673e-06 0.0984843 0.00475905 0.185182 3.48215e-06 0.358315 0.00174385 0.0201073 0.0464936 6.11265e-05 2.88507e-06 1.0342e-05 0.00434979 0.0441147 0.080022 2.48747e-05 1.3658e-06 0.00294622 0.00303396 0.0158057 0.0671666 1.96383e-07 0.0371975 0.00708379 0.0230856 
0.000654535 0.000760237 0.232647 0.0438417 8.3781e-06 0.471467 0.0018343 3.98303e-06 0.107354 0.000328204 0.000499946 5.7161e-05 0.00808166 0.000832661 0.0349933 3.77032e-06 0.000771819 0.0049485 0.00136038 0.000813881 0.0285935 6.18067e-05 0.0493634 0.00435173 0.00636698 
6.31326e-06 0.00156062 0.0697142 0.0611109 1.00485e-05 0.432879 0.00170537 0.000455179 0.00324544 0.000272629 0.000198071 3.44637e-06 0.0114574 0.079699 0.0659715 6.90497e-06 0.00162026 0.11316 0.0346606 0.0439175 0.0511673 1.25818e-05 0.0154809 0.00423628 0.00744838 
2.69214e-05 0.00110388 0.022924 0.036827 0.00122272 0.216809 0.00636668 0.00482873 0.0464779 3.00696e-05 8.57151e-05 0.00215487 0.00664378 0.00458543 0.188385 0.00255736 0.00322246 0.0553096 0.0191476 0.0175492 0.169929 1.57241e-06 0.133781 0.0292165 0.0308134 
0.000244005 0.00986104 0.000733725 0.00590448 0.000107069 0.383104 0.00619418 0.00246703 0.00299473 9.1856e-05 3.50939e-05 1.09029e-07 0.01456 0.114822 0.0797242 1.42228e-05 1.22984e-05 0.064574 0.096089 0.0793154 0.0138715 5.92278e-05 0.0035611 0.0263407 0.0953186 
1.42206e-05 0.0416205 0.0223217 0.053108 0.0142535 0.360699 0.00103197 0.022038 0.017863 0.0005723 0.000189698 2.46017e-07 0.0232741 0.0439857 0.199559 7.60455e-06 0.000633004 0.0426038 0.0293968 0.0325955 0.0128131 0.000122838 0.0651943 0.0114171 0.00468469 
0.000347629 4.15882e-05 0.00947688 0.0389249 0.00144808 0.724522 0.0256234 0.0120783 0.0125303 4.18713e-07 7.79872e-05 7.42526e-06 0.00395024 0.000682512 0.0952448 2.46569e-06 4.61961e-05 0.0101741 0.00170669 0.0115297 0.0110403 8.50253e-07 0.0350686 0.0048496 0.000624964 
0.000654535 0.000760237 0.232647 0.0438417 8.3781e-06 0.471467 0.0018343 3.98303e-06 0.107354 0.000328204 0.000499946 5.7161e-05 0.00808166 0.000832661 0.0349933 3.77032e-06 0.000771819 0.0049485 0.00136038 0.000813881 0.0285935 6.18067e-05 0.0493634 0.00435173 0.00636698 
0.000511905 0.00265079 0.0212631 0.0352592 0.000108328 0.274825 0.00504523 0.00479013 0.0250702 0.00221422 0.000295523 7.93602e-05 0.0219696 0.00874906 0.0975762 0.000185184 0.000834746 0.0400279 0.0423215 0.0386478 0.114652 0.000484888 0.175544 0.00598664 0.0809084 
9.51711e-05 5.93741e-05 0.0664537 0.15006 0.000277056 0.380106 0.0121783 8.65496e-05 0.117937 0.00083013 0.000217158 0.00150784 0.00968337 0.0112472 0.0338964 0.00178596 0.00284406 0.0271612 0.0059888 0.00344684 0.0665868 7.32362e-07 0.0469611 0.035103 0.0254862 
0.00109678 0.00557799 0.0253469 0.0615181 0.000197422 0.238762 0.0302373 0.0174197 0.0119547 0.00443978 0.000347602 0.00170975 0.04414 0.00466912 0.04552 0.018061 0.00454884 0.13778 0.00304649 0.0554246 0.0579581 1.21326e-05 0.167307 0.0217809 0.0411438 
0.000536118 0.00902742 0.0204613 0.0478934 0.00108586 0.479924 0.0176924 0.0179599 0.00748844 0.00250928 3.64965e-05 0.0106187 0.0879438 0.0129004 0.0433226 0.00484284 0.0102585 0.0393318 0.00628845 0.0208623 0.0282446 0.000135749 0.0169542 0.0978675 0.0158139 
3.58814e-05 7.01254e-05 0.0039037 0.0440995 2.46078e-05 0.215173 0.014252 0.0134815 0.00597432 0.00920427 4.32743e-05 0.000472405 0.0622455 0.0827832 0.146146 1.26176e-05 0.0013072 0.0656619 0.0702237 0.0430309 0.085808 0.000143714 0.0289842 0.0938061 0.0131121 
0.000409003 0.000157429 0.0492948 0.198394 0.0013323 0.557756 0.00377245 0.000122889 0.0483919 6.35411e-06 5.58318e-05 8.27838e-07 0.00219076 0.000299308 0.0219537 2.57063e-07 1.71592e-05 0.00182678 0.000441401 0.00146969 0.0200173 9.1684e-07 0.0880446 0.0028621 0.00118245 
0.0115756 0.00514143 0.00639927 0.0580791 0.000253907 0.246633 0.0600416 0.0187029 0.072276 0.000333423 0.000262479 7.14723e-05 0.109028 0.00395721 0.043817 0.00014756 0.0134977 0.0953875 0.0189127 0.0513637 0.072309 0.000164279 0.00476655 0.0998676 0.00701139 
0.0431784 5.17602e-05 0.0399126 0.107631 0.143848 0.249491 0.0836599 0.008022 0.156814 3.28166e-05 1.27799e-06 1.56658e-06 0.0308326 0.000287455 0.0155995 1.44454e-06 0.00310816 0.0109782 0.00108152 0.00633474 0.0319146 5.32171e-08 0.0477778 0.0175414 0.0018989 
0.00451991 0.00110157 0.0146875 0.0220795 8.63676e-05 0.218589 0.0163586 0.0314447 0.0327873 0.00509297 0.00108769 0.00141048 0.13239 0.0109169 0.0456401 7.9814e-05 0.0574692 0.0919291 0.00905666 0.0346945 0.131783 0.00180752 0.00229051 0.0989652 0.033732 
4.1783e-06 0.0183786 0.00606651 0.0324582 0.000112133 0.250131 0.00386825 0.0908529 0.017444 0.000159943 0.0179538 3.16558e-06 0.0229416 0.0733363 0.0280136 9.53679e-07 1.55258e-05 0.0316518 0.0170688 0.148456 0.102514 4.58772e-06 0.0129699 0.124098 0.00149596 
1.03037e-05 0.000551238 0.0107719 0.0745256 5.25597e-06 0.548112 0.00600114 0.00409867 0.0762371 2.10798e-05 0.000276003 2.60682e-05 0.00321943 0.00690768 0.0383646 1.32943e-06 0.000141523 0.00621471 0.00451029 0.0134859 0.1619 3.11434e-05 0.0415982 0.00191265 0.0010763 
0.000119656 0.00350072 0.00499374 0.0254638 5.67445e-07 0.297485 0.00607547 0.000946687 0.14604 3.25694e-07 7.38836e-05 1.04162e-07 0.0209873 0.018732 0.0714953 3.01999e-08 0.000728357 0.210899 0.0339729 0.0224333 0.0654621 7.83164e-07 0.0217643 0.00408588 0.0447394 
2.23801e-06 8.23595e-06 0.00020061 0.000285768 4.71157e-06 0.858202 0.0800004 1.51626e-07 8.07067e-05 6.4063e-11 3.58938e-06 4.63469e-06 0.0491392 2.75504e-11 6.11929e-06 7.82257e-07 2.46537e-06 1.25423e-05 0.0116337 6.48985e-06 7.55856e-05 9.79015e-11 0.000324561 9.52563e-07 4.51211e-06 
0.000119656 0.00350072 0.00499374 0.0254638 5.67445e-07 0.297485 0.00607547 0.000946687 0.14604 3.25694e-07 7.38836e-05 1.04162e-07 0.0209873 0.018732 0.0714953 3.01999e-08 0.000728357 0.210899 0.0339729 0.0224333 0.0654621 7.83164e-07 0.0217643 0.00408588 0.0447394 
1.07121e-05 0.00055243 0.0107758 0.0745349 5.12266e-06 0.498154 0.00600515 0.00410152 0.0762533 2.1386e-05 0.000278689 2.67525e-05 0.00322069 0.0319021 0.078313 1.35075e-06 0.000142376 0.00856475 0.00451196 0.0127682 0.145228 3.10795e-05 0.0416057 0.00191415 0.00107719 
7.26736e-07 0.00179986 0.00135646 0.195704 5.38407e-07 0.545834 0.0042655 2.21789e-06 0.0185274 2.32958e-06 2.38347e-07 3.89578e-07 0.00122177 0.000631893 0.0254074 6.4473e-06 0.000343098 0.00047037 0.00094465 5.29841e-05 0.0138346 5.05809e-07 0.180105 0.0020351 0.00745253 
2.46416e-05 0.000194645 0.00624627 0.0157916 3.29166e-06 0.601571 0.00996382 0.00109659 0.00256699 2.32796e-05 0.00171567 7.7312e-05 0.176063 5.0948e-05 0.00231992 5.05167e-05 0.00482122 0.0271367 0.000273716 0.00465925 0.0661107 0.00039444 0.0718038 0.00480998 0.00223089 
2.56471e-05 0.0669381 0.0557589 0.0826484 0.000164717 0.4124 0.00248771 0.00110003 0.0996076 6.59266e-05 1.77549e-05 2.79331e-06 0.00380006 0.00354403 0.0726361 3.04468e-06 6.84954e-05 0.0100923 0.0154735 0.00377042 0.0127609 7.97478e-06 0.114679 0.00113774 0.0408093 
0.000524863 0.00200476 0.0228404 0.0259457 0.000419842 0.474422 0.00254946 0.0141576 0.00292045 0.000876185 0.000268631 0.00858335 0.0540097 0.0058266 0.0244022 0.00130457 0.0055244 0.0695641 0.00590406 0.0400547 0.0226882 2.83387e-05 0.0684533 0.130199 0.0165276 
0.000168388 0.00846663 0.00185464 0.00497602 0.000622934 0.288271 0.00147318 0.0117462 0.000992103 0.00106245 0.000155848 0.0646741 0.0421344 0.0403531 0.0245279 0.000194978 0.00243601 0.20175 0.0245648 0.123421 0.0272655 4.22371e-05 0.0016358 0.115138 0.0120727 
4.4394e-06 0.0119564 0.0595145 0.0947765 5.39841e-06 0.387472 0.00505798 0.00259424 0.065597 0.00120095 3.81404e-05 6.75836e-06 0.00579357 0.0103862 0.114605 7.84038e-06 8.05134e-05 0.0563971 0.0019916 0.01313 0.114647 6.16664e-06 0.0345259 0.00444816 0.015757 
8.8126e-07 0.0115241 0.0286791 0.054189 0.00124859 0.478981 0.0409492 0.0184634 0.000300123 5.44062e-05 1.50703e-05 0.0371898 0.022451 0.0191523 0.095152 1.08639e-06 0.0027252 0.0399175 0.0026793 0.041406 0.0070052 5.84645e-05 2.22839e-06 0.0861474 0.0117081 
9.58642e-05 7.70276e-05 0.0077667 0.123719 0.0290363 0.246358 0.00300009 0.00719007 0.0245744 2.30163e-07 0.0217655 1.89508e-05 0.183376 0.0105948 0.0198175 7.6916e-09 0.00367554 0.136242 0.0102913 0.0492672 0.0393833 4.93354e-07 0.00448018 0.079202 6.79658e-05 
9.23068e-05 0.00990033 0.020156 0.0780699 4.93759e-06 0.303185 0.00739458 0.000661352 0.0146884 0.000197544 0.0301459 5.93404e-05 0.00422963 0.0299965 0.070657 0.000156913 5.7958e-05 0.0441402 0.0439124 0.0512557 0.0804641 0.0841286 0.0769646 0.017914 0.0315674 
7.02327e-05 0.00227711 0.0170497 0.0417348 0.000344052 0.517984 0.00370349 0.0156815 0.0152501 0.00120845 0.000805394 0.0122047 0.0825057 0.00537524 0.0339402 0.00337388 0.0100327 0.0558458 0.0142334 0.0249553 0.0300211 9.58678e-05 0.0282667 0.0657042 0.0173369 
0.000115143 0.00849389 0.0109166 0.0431755 2.74412e-06 0.408087 0.00663665 0.00249991 0.015111 1.39558e-05 0.000338571 8.31124e-06 0.00119185 0.00666901 0.126573 3.28754e-06 0.00111961 0.0392849 0.0880806 0.0222677 0.0255113 8.81845e-07 0.188901 0.00294866 0.00204955 
9.24379e-05 0.00697528 0.0918809 0.272828 0.000134169 0.281733 0.026973 0.00993934 0.0309387 0.0064548 0.00248222 6.27149e-06 0.00625644 0.00266375 0.058583 2.50118e-05 0.000461346 0.0334572 0.0074308 0.0305815 0.0602313 0.000106004 0.0468502 0.0104834 0.0124319 
1.37675e-05 0.000274463 0.0463777 0.129485 6.03875e-06 0.203951 0.00667656 0.0150499 0.0782861 0.00113191 0.0545953 1.47038e-05 0.0253547 0.0104122 0.150798 2.80258e-06 0.000201699 0.15683 0.00258861 0.013769 0.0383558 0.002631 0.0363406 0.0117466 0.0151068 
3.18135e-06 0.363357 0.00119546 0.0677307 2.2233e-05 0.42715 0.00372052 0.000483356 0.00731398 1.90384e-06 2.10126e-05 4.08317e-06 0.00152339 0.0113944 0.0774647 7.01447e-06 0.00730882 4.17079e-05 0.0163663 0.00114041 0.0113141 3.06841e-05 0.00118824 0.00112398 9.24326e-05 
8.6076e-06 0.000110267 0.0921858 0.167207 1.81637e-05 0.2782 0.106053 0.00690316 0.0935653 9.64882e-05 0.000144472 2.93649e-05 0.051395 0.000612811 0.0489257 1.65557e-05 5.39511e-05 0.0269569 0.00230589 0.0219 0.0239247 1.13348e-06 0.0779091 0.00103239 0.000443566 
0.000766244 0.00249036 0.0242192 0.0203702 0.000849856 0.278526 0.00464453 0.00389583 0.0132631 0.00143582 0.000180268 0.000986994 0.0700361 0.00824742 0.0488184 0.00548055 0.008082 0.1448 0.0270404 0.0217226 0.0488028 0.0117674 0.0643576 0.0217792 0.167437 
4.6721e-05 0.0374042 0.0688805 0.221932 0.011274 0.234841 0.00487501 0.00139496 0.022188 0.000364365 0.000467584 0.000167654 0.0195424 0.0049443 0.155863 1.056e-05 0.000230284 0.0266913 0.0113812 0.00836591 0.139151 6.26951e-05 0.00909156 0.00865726 0.0121725 
0.000817284 0.000261441 0.100917 0.0631168 4.70573e-05 0.627703 0.000909728 0.00100525 0.00229493 6.2019e-06 0.000111038 8.76475e-06 0.0605196 0.000248444 0.0187807 5.50909e-05 0.0258602 0.00486402 0.000469349 0.0343867 0.00573187 6.48874e-05 0.031511 0.0139851 0.00632448 
7.23773e-06 0.038802 0.00893478 0.0301764 4.76797e-06 0.375772 0.00185636 0.00984029 0.0161761 4.31123e-05 0.000433084 0.000436317 0.0331087 0.193497 0.0580162 6.6637e-06 0.00408274 0.0250556 0.0568729 0.0353891 0.0519849 1.21457e-05 0.00773986 0.0493694 0.00238272 
1.12307e-05 6.71459e-05 0.14179 0.140123 3.9332e-06 0.440655 0.0117035 0.00157031 0.0291517 8.65917e-06 1.66705e-05 5.85934e-06 0.00369252 0.00111247 0.0374806 9.14109e-06 0.000161895 0.04083 0.00175469 0.00927901 0.0127112 1.29489e-06 0.108879 0.00323069 0.0157503 
0.00275017 0.0130023 0.0059273 0.0176258 0.000448534 0.433978 0.00215377 0.00544109 0.00221585 0.00155163 0.00155903 0.00712635 0.087838 0.0114265 0.061672 0.00362623 0.0038824 0.0399907 0.112897 0.0229368 0.0189893 4.10992e-05 0.0288674 0.0478292 0.066224 
3.29019e-07 0.000889439 0.0176254 0.173135 1.60942e-08 0.532281 0.000820943 0.000611549 0.0110848 0.000208754 4.90899e-06 6.69032e-07 0.00358566 0.0135713 0.0370821 8.16879e-07 1.38794e-05 0.000516288 0.000515089 0.00026711 0.126318 1.11978e-08 0.0459881 0.000402946 0.0350757 
0.000168864 0.00132755 0.00147153 0.00220897 0.000946121 0.708315 0.00179797 0.00104198 0.0014558 0.000144445 0.00090206 0.00017924 0.0146032 0.00351038 0.0201598 9.01352e-05 0.000182821 0.0523911 0.0226156 0.00150653 0.141602 0.0013032 0.0061901 0.000488922 0.015397 
2.20659e-05 0.0188719 0.0397636 0.263635 3.56549e-05 0.335556 0.0206942 0.0218272 0.013661 0.00479898 2.07052e-05 1.73919e-05 0.040749 0.00156063 0.0394301 1.36195e-05 0.0041856 0.0667528 0.000640691 0.0230938 0.0505118 0.000184556 0.0407364 0.0104726 0.00276504 
3.84758e-06 0.0359455 0.0029716 0.121728 6.01826e-06 0.816151 0.0045489 3.31895e-07 0.00133532 8.13463e-07 4.91746e-05 5.81661e-06 0.000126696 0.000558846 0.000165982 1.04982e-06 3.04887e-06 0.000332281 0.00887695 0.000231481 0.00597805 1.24314e-06 0.000333007 0.000217668 0.000426995 
1.12307e-05 6.71459e-05 0.14179 0.140123 3.9332e-06 0.440655 0.0117035 0.00157031 0.0291517 8.65917e-06 1.66705e-05 5.85934e-06 0.00369252 0.00111247 0.0374806 9.14109e-06 0.000161895 0.04083 0.00175469 0.00927901 0.0127112 1.29489e-06 0.108879 0.00323069 0.0157503 
4.01038e-06 0.00168295 0.0260517 0.156775 0.000103489 0.451129 0.0123396 0.00144132 0.158443 5.97577e-05 0.000531669 1.25814e-05 0.0046436 0.00137799 0.0814801 4.16221e-06 3.33105e-05 0.0273919 0.00220644 0.0089898 0.0256194 1.65665e-06 0.0285194 0.00057378 0.010585 
4.01038e-06 0.00168295 0.0260517 0.156775 0.000103489 0.451129 0.0123396 0.00144132 0.158443 5.97577e-05 0.000531669 1.25814e-05 0.0046436 0.00137799 0.0814801 4.16221e-06 3.33105e-05 0.0273919 0.00220644 0.0089898 0.0256194 1.65665e-06 0.0285194 0.00057378 0.010585 
0.00501505 0.00219669 0.114677 0.0858841 0.000439601 0.162875 0.00539467 0.00237414 0.157556 0.00326116 0.000310402 0.00236163 0.0340621 0.00366342 0.0603515 0.00321345 0.0313112 0.0335234 0.00410697 0.0225723 0.063698 0.000301913 0.116063 0.0415109 0.0432763 
1.29982e-05 0.000647306 0.0425331 0.117166 1.04487e-05 0.233792 0.00472205 0.00124733 0.042982 0.000432094 0.000153952 0.000165337 0.0195207 0.00298358 0.172107 1.29695e-05 0.000533429 0.0996987 0.00442368 0.0727032 0.0844605 0.000105788 0.0814778 0.012661 0.00544671 
9.58642e-05 7.70276e-05 0.0077667 0.123719 0.0290363 0.246358 0.00300009 0.00719007 0.0245744 2.30163e-07 0.0217655 1.89508e-05 0.183376 0.0105948 0.0198175 7.6916e-09 0.00367554 0.136242 0.0102913 0.0492672 0.0393833 4.93354e-07 0.00448018 0.079202 6.79658e-05 
0.0036611 0.000468565 0.16208 0.0560109 0.00015687 0.403621 0.00238645 0.003054 0.163513 0.000148901 0.000278543 9.10303e-05 0.00791762 0.000769285 0.0454849 2.78222e-06 0.000570007 0.0054267 0.00124264 0.00107203 0.0770952 2.78417e-05 0.0562842 0.00300263 0.00563389 
5.94672e-06 0.000258823 0.0173222 0.0837381 1.03021e-08 0.586125 0.00143754 0.00018981 0.0299178 0.000167949 1.50992e-05 2.49285e-05 0.00927109 0.00345169 0.0302504 6.10415e-07 5.04921e-05 0.00283537 0.000604588 0.00226365 0.147605 7.06741e-09 0.0705551 0.00198783 0.0119211 
0.000154321 0.0426005 0.0750887 0.0760369 7.45543e-06 0.157747 0.0104056 0.0224549 0.00890435 0.00137239 0.000283553 1.2845e-05 0.057923 0.0517855 0.149385 0.000115814 0.0401678 0.120536 0.00848879 0.0307167 0.0454546 1.20763e-05 0.0480713 0.0223294 0.0299446 
3.31191e-06 0.000241913 0.0108754 0.335867 8.1268e-06 0.362419 0.00746697 0.000926369 0.0255914 8.40039e-06 0.00065083 0.00012654 0.00676421 0.000812352 0.0381394 1.19479e-06 0.000223904 0.000457152 2.9855e-05 0.00483122 0.142761 4.90373e-08 0.0586922 0.00245391 0.000648292 
1.13837e-06 0.0248786 0.00158694 0.0551077 2.32657e-06 0.388114 0.0254139 0.00542587 0.00838846 1.35265e-05 0.000125886 1.26235e-06 0.0280628 0.0650551 0.109069 3.35216e-06 0.000192019 0.00966918 0.0148538 0.0101058 0.18885 2.27349e-05 0.0383555 0.0211397 0.00556218 
3.96739e-06 0.000233245 0.0040369 0.160419 1.01695e-05 0.226984 0.00503578 0.00273284 0.0815563 3.35412e-06 0.000100166 5.6035e-06 0.0118419 0.0285765 0.162829 2.94027e-06 2.39832e-05 0.0349044 0.0704992 0.0335109 0.147389 3.56806e-06 0.0156932 0.00292139 0.0106828 
2.35523e-05 0.00021915 0.0284912 0.140489 1.10128e-07 0.403703 0.00574441 0.000148747 0.0138417 5.5433e-07 0.00118922 1.31166e-06 0.0401032 0.0040935 0.0696357 5.40721e-06 5.14312e-05 0.0621865 0.000942141 0.00677177 0.0341351 7.60902e-08 0.153292 0.034361 0.000570219 
0.000347629 4.15882e-05 0.00947688 0.0389249 0.00144808 0.724522 0.0256234 0.0120783 0.0125303 4.18713e-07 7.79872e-05 7.42526e-06 0.00395024 0.000682512 0.0952448 2.46569e-06 4.61961e-05 0.0101741 0.00170669 0.0115297 0.0110403 8.50253e-07 0.0350686 0.0048496 0.000624964 
0.00227856 0.038754 0.0220805 0.0492686 1.85318e-05 0.494725 0.0161747 0.0372153 0.00528697 0.000111501 8.88226e-05 0.000709218 0.155933 0.0028159 0.0163451 2.06704e-05 0.00993202 0.034597 0.00460993 0.00903605 0.0407003 0.0010717 0.0371787 0.00903787 0.0120092 
1.57637e-06 0.00374953 0.00367058 0.240304 0.00367606 0.400488 0.0106637 0.000217559 0.0912246 3.70088e-06 2.05717e-05 1.39412e-06 0.00419236 0.00195273 0.0427433 7.3853e-06 0.00253882 0.00470329 0.00222937 0.00570488 0.0215778 1.86134e-05 0.146546 0.00406658 0.00969692 
0.00325862 0.00303122 0.0112182 0.122557 0.110367 0.418718 0.00279503 0.0159697 0.0191546 0.000320581 0.00972928 7.52957e-06 0.0910811 0.00129499 0.0242222 4.06355e-05 0.00276884 0.047345 0.0141646 0.0151317 0.0628992 7.62838e-05 0.00508728 0.0175314 0.00123072 
0.000323703 0.00201189 0.0177604 0.14566 1.2003e-05 0.16501 0.00403427 0.00213474 0.0982671 0.0193786 9.96213e-05 0.00294424 0.00757496 0.0292229 0.0631148 0.000260096 0.00187116 0.0347979 0.0597847 0.0501253 0.09117 0.000152351 0.0563076 0.0171191 0.130862 
7.18249e-07 0.00123056 0.0157023 0.18267 1.83377e-06 0.264332 0.0175999 0.00308547 0.0510444 6.41901e-05 0.000188521 2.92962e-05 0.00614112 0.00111261 0.138783 3.12719e-06 0.000257698 0.212891 0.00990422 0.0233057 0.0193247 6.28032e-07 0.0346604 0.00322952 0.0144379 
5.25475e-06 0.00263506 0.0113955 0.113569 3.77165e-06 0.294987 0.012907 0.00656465 0.00447799 0.000198688 0.000416603 1.62642e-05 0.190958 0.0189872 0.0586352 3.14326e-05 0.000393078 0.0118095 0.0020459 0.00682489 0.138712 0.000129613 0.0907414 0.0179602 0.0155954 
2.07489e-05 0.00103343 0.0357237 0.156444 0.00338293 0.17581 0.00636973 0.0108589 0.0534594 0.00278248 0.00112645 0.000505064 0.110903 0.0116518 0.068667 5.46856e-05 0.00494279 0.0886339 0.0104189 0.0250397 0.0994575 0.000325816 0.100372 0.0149221 0.0170945 
0.000198376 0.0217551 0.00976297 0.0987329 1.46943e-07 0.243909 0.00400555 0.00205248 0.0402858 5.57533e-05 0.000430144 8.31638e-06 0.0131393 0.0354958 0.0942566 2.64057e-05 0.00101333 0.0272867 0.0152559 0.0317755 0.212261 1.10435e-05 0.0885149 0.0291329 0.0306333 
1.12307e-05 6.71459e-05 0.14179 0.140123 3.9332e-06 0.440655 0.0117035 0.00157031 0.0291517 8.65917e-06 1.66705e-05 5.85934e-06 0.00369252 0.00111247 0.0374806 9.14109e-06 0.000161895 0.04083 0.00175469 0.00927901 0.0127112 1.29489e-06 0.108879 0.00323069 0.0157503 
4.37546e-05 0.000275362 0.0150197 0.0696681 0.000123179 0.482221 0.00435876 0.000718965 0.00932152 3.46337e-05 0.000160226 4.65509e-05 0.0150222 0.0669238 0.026943 0.00014481 7.12052e-05 0.119055 0.0318573 0.0392118 0.0401664 0.000153269 0.0683044 0.00304097 0.00711353 
0.000660185 0.00911184 0.12217 0.206899 0.00197564 0.2281 0.00907709 0.00161629 0.130142 0.00241072 0.000706503 0.000682686 0.0303317 0.00372233 0.0452221 0.000285982 0.00174693 0.0164383 0.00627215 0.0134405 0.0585394 8.06204e-05 0.0863309 0.0146686 0.00936812 
0.00025139 0.000540489 0.12235 0.219837 4.96818e-08 0.32558 0.0107894 0.00091261 0.00155629 4.23321e-06 5.41065e-06 2.55987e-05 0.0162576 0.00463498 0.0892881 2.8529e-06 0.0270443 0.0450239 0.00441455 0.00241311 0.0517734 0.00011544 0.0689895 0.00284549 0.00534487 
0.000262556 0.0107369 0.00961782 0.112123 0.000239434 0.270279 0.0241538 0.0163037 0.0558847 6.15585e-05 0.000153375 0.0501961 0.0113001 0.0135908 0.161291 1.37668e-05 0.00307027 0.0600632 0.0132524 0.023305 0.123762 0.000198851 0.00587659 0.0223902 0.0118743 
1.51522e-06 0.0677901 0.118761 0.0469794 0.00181587 0.221717 0.111598 0.00195935 0.00284966 5.43562e-06 0.00150944 4.48941e-06 0.0356016 0.120405 0.0231983 2.68932e-07 0.00216334 0.0686876 0.0229556 0.042111 0.025837 1.18724e-05 0.0120014 0.0449384 0.0270977 
4.17513e-06 0.00352201 0.00375604 0.0338571 1.79497e-06 0.494574 0.00833867 0.0049341 0.0184784 4.17143e-06 6.39145e-05 1.76188e-06 0.00253426 0.00375081 0.0380171 2.94378e-06 1.1167e-05 0.0140669 0.00115805 0.00796424 0.0383222 4.76103e-05 0.319671 0.00155885 0.00535835 
9.58642e-05 7.70276e-05 0.0077667 0.123719 0.0290363 0.246358 0.00300009 0.00719007 0.0245744 2.30163e-07 0.0217655 1.89508e-05 0.183376 0.0105948 0.0198175 7.6916e-09 0.00367554 0.136242 0.0102913 0.0492672 0.0393833 4.93354e-07 0.00448018 0.079202 6.79658e-05 
0.000347629 4.15882e-05 0.00947688 0.0389249 0.00144808 0.724522 0.0256234 0.0120783 0.0125303 4.18713e-07 7.79872e-05 7.42526e-06 0.00395024 0.000682512 0.0952448 2.46569e-06 4.61961e-05 0.0101741 0.00170669 0.0115297 0.0110403 8.50253e-07 0.0350686 0.0048496 0.000624964 
9.05862e-06 0.0504869 0.0290095 0.113177 0.00036458 0.186872 0.0180329 0.00282369 0.053652 1.50481e-05 0.000176116 9.60445e-06 0.0939206 0.0119974 0.0836821 6.81693e-05 0.000113266 0.149155 0.043077 0.0332332 0.0638062 0.000273581 0.0286015 0.0215077 0.0159361 
1.70105e-05 0.0309706 0.044843 0.189956 5.19778e-05 0.247213 0.0083912 0.0321467 0.0291124 7.6851e-05 0.000473193 8.96979e-05 0.141662 0.0103459 0.0592833 1.79368e-05 4.46488e-05 0.0441212 0.0112598 0.0321807 0.0486848 1.07372e-05 0.0645536 0.00342077 0.00107387 
3.00513e-09 0.00503015 0.00495616 0.318707 1.53286e-05 0.519518 0.068381 0.00331498 0.0251003 6.4842e-05 3.2883e-06 3.82504e-06 0.000186253 0.000273709 0.0193915 6.76248e-07 1.96591e-06 0.00259503 0.000303261 0.00226826 0.00621704 3.28839e-09 0.0202077 0.00157528 0.00188461 
0.000347629 4.15882e-05 0.00947688 0.0389249 0.00144808 0.724522 0.0256234 0.0120783 0.0125303 4.18713e-07 7.79872e-05 7.42526e-06 0.00395024 0.000682512 0.0952448 2.46569e-06 4.61961e-05 0.0101741 0.00170669 0.0115297 0.0110403 8.50253e-07 0.0350686 0.0048496 0.000624964 
1.13837e-06 0.0248786 0.00158694 0.0551077 2.32657e-06 0.388114 0.0254139 0.00542587 0.00838846 1.35265e-05 0.000125886 1.26235e-06 0.0280628 0.0650551 0.109069 3.35216e-06 0.000192019 0.00966918 0.0148538 0.0101058 0.18885 2.27349e-05 0.0383555 0.0211397 0.00556218 
0.000347629 4.15882e-05 0.00947688 0.0389249 0.00144808 0.724522 0.0256234 0.0120783 0.0125303 4.18713e-07 7.79872e-05 7.42526e-06 0.00395024 0.000682512 0.0952448 2.46569e-06 4.61961e-05 0.0101741 0.00170669 0.0115297 0.0110403 8.50253e-07 0.0350686 0.0048496 0.000624964 
0.000347629 4.15882e-05 0.00947688 0.0389249 0.00144808 0.724522 0.0256234 0.0120783 0.0125303 4.18713e-07 7.79872e-05 7.42526e-06 0.00395024 0.000682512 0.0952448 2.46569e-06 4.61961e-05 0.0101741 0.00170669 0.0115297 0.0110403 8.50253e-07 0.0350686 0.0048496 0.000624964 
2.64559e-05 0.00342397 0.0660955 0.0950014 1.07147e-05 0.124856 0.00960364 0.00217022 0.0183045 0.0166646 3.20284e-05 0.00206878 0.0888168 0.01789 0.0972843 0.000372356 0.00311825 0.109054 0.0697323 0.0582274 0.0676813 0.000144474 0.0636758 0.0713734 0.0143712 
5.44306e-05 0.00126941 0.187379 0.0701744 4.54307e-06 0.2647 0.0157074 0.00331917 0.0527657 8.75558e-05 0.000596467 3.62942e-05 0.00807929 0.00814123 0.0592131 2.23427e-05 3.11631e-05 0.0595859 0.00535638 0.00667534 0.0509885 5.32824e-06 0.198792 0.000927761 0.00608807 
3.00513e-09 0.00503015 0.00495616 0.318707 1.53286e-05 0.519518 0.068381 0.00331498 0.0251003 6.4842e-05 3.2883e-06 3.82504e-06 0.000186253 0.000273709 0.0193915 6.76248e-07 1.96591e-06 0.00259503 0.000303261 0.00226826 0.00621704 3.28839e-09 0.0202077 0.00157528 0.00188461 
2.01889e-06 0.00143677 0.000195973 0.139696 3.01056e-06 0.707266 0.0020796 2.84083e-06 0.0135838 3.5688e-06 1.47601e-07 2.77468e-07 0.000262048 0.000532185 0.0196888 5.08381e-06 0.000239276 0.00023742 0.000691089 3.59248e-06 0.00978857 8.3785e-07 0.0969139 0.00161032 0.00575737 
0.00120094 0.00607022 0.0226303 0.0839636 0.001095 0.185061 0.0103466 0.00880544 0.0116928 0.00069127 0.000860051 0.00564271 0.046146 0.0697874 0.10439 0.00266264 0.00440286 0.115648 0.0319855 0.0415452 0.0630192 6.30878e-05 0.0456702 0.0507654 0.0858544 
1.43964e-05 0.000332206 0.0175883 0.0554123 2.95981e-05 0.366737 0.0016258 0.000344467 0.341222 6.11533e-05 0.00148315 0.000102853 0.00736664 0.00642228 0.0636984 2.12795e-05 3.55634e-05 0.0118199 0.00145337 0.0215299 0.0695693 7.06676e-05 0.0298117 0.00179883 0.0014482 
0.00757853 0.000681958 0.0117922 0.0105354 0.000755836 0.210844 0.000742442 0.000545989 0.0060583 0.00658276 0.000220929 0.0233716 0.127402 0.0241981 0.00524947 0.0223469 0.0484903 0.0260278 0.0182337 0.178396 0.0162607 2.45929e-05 0.00707999 0.200266 0.0463146 
0.000347629 4.15882e-05 0.00947688 0.0389249 0.00144808 0.724522 0.0256234 0.0120783 0.0125303 4.18713e-07 7.79872e-05 7.42526e-06 0.00395024 0.000682512 0.0952448 2.46569e-06 4.61961e-05 0.0101741 0.00170669 0.0115297 0.0110403 8.50253e-07 0.0350686 0.0048496 0.000624964 
1.90987e-07 0.00261041 0.0819885 0.293783 6.86772e-05 0.346237 0.0379408 0.00857629 0.0358426 0.000148413 0.000374669 6.87657e-06 0.00267799 0.000531859 0.0598583 6.06947e-06 0.000176727 0.0251012 0.00161051 0.00556365 0.0130241 9.42819e-07 0.0468718 0.00763776 0.0293614 
0.000347629 4.15882e-05 0.00947688 0.0389249 0.00144808 0.724522 0.0256234 0.0120783 0.0125303 4.18713e-07 7.79872e-05 7.42526e-06 0.00395024 0.000682512 0.0952448 2.46569e-06 4.61961e-05 0.0101741 0.00170669 0.0115297 0.0110403 8.50253e-07 0.0350686 0.0048496 0.000624964 
0.00025376 5.79105e-05 0.00582576 0.0927908 0.0767246 0.262491 0.0022507 0.00925703 0.0236038 2.42832e-07 0.0344936 1.42813e-05 0.172555 0.00794696 0.0217616 7.92342e-09 0.00557484 0.102183 0.0133517 0.0369513 0.0387572 6.34159e-06 0.00336107 0.0896978 8.96398e-05 
0.0243499 0.00627189 7.05008e-05 0.0321978 0.000603556 0.33331 0.000279124 0.0041167 0.00850294 0.0132109 0.00123096 0.107444 0.0460568 0.0295138 0.0121909 0.0106313 0.0933821 0.0220572 0.00687259 0.0300627 0.0200252 2.62882e-06 0.000536806 0.188231 0.00884913 
9.58642e-05 7.70276e-05 0.0077667 0.123719 0.0290363 0.246358 0.00300009 0.00719007 0.0245744 2.30163e-07 0.0217655 1.89508e-05 0.183376 0.0105948 0.0198175 7.6916e-09 0.00367554 0.136242 0.0102913 0.0492672 0.0393833 4.93354e-07 0.00448018 0.079202 6.79658e-05 
4.54854e-06 0.0272346 0.002612 0.111284 3.19506e-06 0.49852 0.0124322 0.000385048 0.00697347 1.67164e-05 0.000873731 1.45778e-06 0.00643425 0.00773653 0.0838605 3.2159e-06 0.000307625 0.00667777 0.0270324 0.0405028 0.0732836 8.05759e-05 0.0849136 0.00646805 0.00235755 
1.13465e-07 4.16702e-07 0.0524668 0.319197 0.000208593 0.322667 0.0181864 5.80548e-11 0.00139788 1.42291e-10 1.81952e-07 2.34606e-07 0.0902849 1.66775e-05 0.0726513 4.26186e-06 2.86823e-05 0.00812286 0.00127348 0.0036248 0.0888762 1.49067e-07 0.0184666 0.000436706 0.00208897 
1.17165e-05 0.00238734 0.117769 0.0880273 1.03175e-05 0.277833 0.0331937 0.000353394 0.0388595 0.000110237 1.57895e-05 4.73124e-05 0.0459327 0.0134352 0.0278358 6.88996e-06 0.000601621 0.0438573 0.00739694 0.0445373 0.19999 0.000166438 0.0422229 0.00528256 0.010116 
0.00231447 0.00289799 0.135317 0.0648021 0.00549543 0.250893 0.00607132 0.00333045 0.193882 0.000146236 0.00118748 8.33839e-05 0.00462903 0.00444383 0.135073 9.33743e-06 0.00091071 0.0380111 0.000974683 0.0119071 0.0718913 4.22067e-05 0.038834 0.00677735 0.020076 
2.95601e-06 0.00137395 0.00183612 0.0314794 3.82429e-07 0.313076 0.00758248 0.0189069 0.0312393 0.00013538 4.30512e-05 3.21629e-05 0.00307155 0.0311728 0.277687 3.06129e-05 0.0051111 0.0241184 0.110617 0.0279299 0.0337765 5.27567e-07 0.0548893 0.0243188 0.00156796 
0.000344948 0.00104888 0.0180334 0.0137772 0.000251095 0.661396 0.00199726 0.0125621 0.0146975 0.000363751 1.4303e-05 0.011851 0.0487799 0.0014708 0.0260732 0.00205652 0.00855172 0.0422055 0.00545301 0.0216786 0.00849835 1.51639e-05 0.0260793 0.0518921 0.0209088 
2.18284e-06 0.020511 0.0243001 0.242505 4.32209e-08 0.372694 0.00635688 0.000755482 0.00287456 0.0362118 0.00700197 8.85197e-06 0.0791073 0.0178753 0.0282609 1.38088e-05 0.0173703 0.0120611 0.00184366 0.0180989 0.0766369 2.98395e-05 0.0183199 0.0143699 0.00278999 
0.000295621 0.00221891 0.182392 0.0383501 5.60331e-05 0.259741 0.00546621 0.0216651 0.21934 0.000205777 0.000590426 0.000248513 0.0146311 0.00158289 0.085682 1.88626e-05 0.00200314 0.0183937 0.00475996 0.0291436 0.0504702 0.000905578 0.0407921 0.0073316 0.0137156 
0.00340444 0.0494087 0.014631 0.00519049 0.0109186 0.355193 0.0059457 0.00740667 0.0375866 5.69025e-05 0.00844258 0.0187396 0.0807977 0.0629738 0.029719 2.53667e-07 0.000675904 0.00705869 0.014411 0.0138908 0.00932489 8.96715e-05 0.00803451 0.241549 0.014551 
0.000168388 0.00846663 0.00185464 0.00497602 0.000622934 0.288271 0.00147318 0.0117462 0.000992103 0.00106245 0.000155848 0.0646741 0.0421344 0.0403531 0.0245279 0.000194978 0.00243601 0.20175 0.0245648 0.123421 0.0272655 4.22371e-05 0.0016358 0.115138 0.0120727 
0.000133913 1.97747e-08 0.217722 0.12685 1.13141e-08 0.224676 0.00159585 3.9942e-08 0.0202902 0.00169275 0.000463893 0.0483989 0.1614 1.81987e-08 0.00319829 7.3615e-05 5.92e-09 0.0136527 0.000143114 0.000485754 0.0337714 0.000137738 0.144245 0.000364789 0.000704304 
0.000544427 0.00905631 0.0671114 0.154435 2.19825e-05 0.17265 0.0143919 0.00870904 0.0797552 0.00471664 0.000939188 0.000615513 0.0746632 0.0075118 0.0244169 6.62376e-05 0.00363166 0.074676 0.00968698 0.044704 0.07018 1.5326e-06 0.0817272 0.0917461 0.00404174 
1.84226e-05 0.0923863 0.0299085 0.19398 1.10156e-05 0.264866 0.00169888 0.0111707 0.00831185 0.00245767 2.20368e-05 2.94231e-06 0.00586692 0.0145571 0.113732 9.01631e-06 4.58322e-05 0.0639384 0.0105585 0.0703961 0.0899742 2.68704e-06 0.0141886 0.0085409 0.00335465 
1.7102e-06 0.000542263 0.0802649 0.0261437 8.2318e-06 0.540595 0.0164156 0.0152605 0.00641365 0.00224764 0.000199299 0.0132863 0.067074 0.00201757 0.0137319 0.000125536 0.0010971 0.04506 0.00402018 0.0164881 0.0643857 3.00456e-05 0.041736 0.0244886 0.0183669 
1.60333e-06 0.00288438 0.0130607 0.268706 0.000186772 0.391666 0.120037 0.00542741 0.047021 7.72794e-05 4.01123e-05 0.000443863 0.0118795 0.00109014 0.0478953 4.91552e-06 0.00434001 0.0116111 0.000923096 0.0179043 0.025913 6.98706e-06 0.0228099 0.00258812 0.00348212 
0.00117576 0.00432251 0.0490211 0.0854414 0.000277 0.354311 0.0154093 0.00144318 0.0106344 0.00271245 0.000317761 0.00178242 0.0497299 0.0332645 0.0826081 0.000324789 0.00350225 0.0780634 0.0118818 0.0449842 0.064265 0.000209717 0.0493842 0.0419428 0.0129912 
0.000636455 0.00265939 0.0509677 0.110399 2.65872e-06 0.566562 0.00540539 0.00489205 0.0193865 0.00148274 4.84332e-05 3.33954e-05 0.00436151 0.00274035 0.104431 2.80708e-06 0.00308217 0.022116 0.00429292 0.0146354 0.0195718 9.63409e-07 0.00893663 0.0042433 0.04911 
6.72662e-07 0.00101988 0.00129553 0.162545 5.51339e-07 0.531798 0.00935052 0.000288894 0.0130401 3.9056e-05 4.45055e-06 3.69466e-07 0.014678 0.00106234 0.0137476 1.26601e-05 9.04582e-07 0.00249665 0.00020981 0.000848131 0.0237831 4.48541e-07 0.222288 0.000527289 0.000961944 
5.48938e-05 0.000297335 0.019891 0.135094 4.40758e-05 0.217439 0.0188391 0.0044512 0.0094752 0.000654011 0.000237709 0.000364538 0.114266 0.0111112 0.0607615 0.000471534 0.000800146 0.116976 0.00394688 0.0236904 0.133223 0.000120632 0.0359227 0.0232993 0.0685679 
0.000347629 4.15882e-05 0.00947688 0.0389249 0.00144808 0.724522 0.0256234 0.0120783 0.0125303 4.18713e-07 7.79872e-05 7.42526e-06 0.00395024 0.000682512 0.0952448 2.46569e-06 4.61961e-05 0.0101741 0.00170669 0.0115297 0.0110403 8.50253e-07 0.0350686 0.0048496 0.000624964 
2.85739e-06 0.0183301 0.00890703 0.0624848 3.1151e-05 0.328447 0.00727518 0.00316564 0.00443719 3.09695e-05 0.000109556 0.000176404 0.00868199 0.00121017 0.148778 3.69955e-06 0.000210206 0.0351183 0.00481271 0.00412456 0.308321 3.84083e-05 0.0517707 0.00242289 0.00110974 
0.0027538 9.71487e-06 0.00032349 0.000357173 1.57795e-05 0.967497 0.000227826 4.412e-06 0.000128324 1.08137e-05 3.10691e-05 1.41467e-05 0.0276383 2.30188e-05 7.2788e-06 4.17951e-06 6.92415e-06 1.09623e-05 4.6025e-06 1.84174e-06 1.2172e-05 1.65255e-05 0.000896109 1.56105e-06 3.20147e-06 
0.000347629 4.15882e-05 0.00947688 0.0389249 0.00144808 0.724522 0.0256234 0.0120783 0.0125303 4.18713e-07 7.79872e-05 7.42526e-06 0.00395024 0.000682512 0.0952448 2.46569e-06 4.61961e-05 0.0101741 0.00170669 0.0115297 0.0110403 8.50253e-07 0.0350686 0.0048496 0.000624964 
1.20738e-07 0.0561412 0.0101769 0.120852 7.38642e-08 0.137312 0.0379213 0.0540467 0.0164412 2.27465e-07 0.000421639 1.20143e-10 0.0316724 0.00213273 0.119961 1.29857e-07 5.88046e-11 0.0877496 0.019793 0.0223417 0.0730556 1.40346e-10 0.100168 0.109813 5.90905e-07 
0.00770916 0.000143975 0.182933 0.0149883 2.61787e-08 0.557217 0.000196427 1.55826e-05 0.0928773 0.000239032 0.000202776 0.000109642 0.00381292 0.000391514 0.0350111 1.41705e-06 0.000249548 0.00139439 0.000264339 4.02839e-05 0.0759927 1.33523e-06 0.0160327 0.0016861 0.00848927 
0.000654535 0.000760237 0.232647 0.0438417 8.3781e-06 0.471467 0.0018343 3.98303e-06 0.107354 0.000328204 0.000499946 5.7161e-05 0.00808166 0.000832661 0.0349933 3.77032e-06 0.000771819 0.0049485 0.00136038 0.000813881 0.0285935 6.18067e-05 0.0493634 0.00435173 0.00636698 
0.000119656 0.00350072 0.00499374 0.0254638 5.67445e-07 0.297485 0.00607547 0.000946687 0.14604 3.25694e-07 7.38836e-05 1.04162e-07 0.0209873 0.018732 0.0714953 3.01999e-08 0.000728357 0.210899 0.0339729 0.0224333 0.0654621 7.83164e-07 0.0217643 0.00408588 0.0447394 
1.91765e-05 0.0367925 0.00367049 0.0539744 5.88888e-05 0.466341 0.0197492 0.00428861 0.00666438 2.21318e-05 5.11892e-05 1.03551e-05 0.00158744 0.0177676 0.142037 1.22014e-05 7.97261e-05 0.0329215 0.0509045 0.0212983 0.0848214 1.3949e-05 0.0412162 0.0102682 0.00542922 
1.76801e-07 2.89547e-05 0.0423783 0.0300907 0.0133756 0.553504 0.000888401 3.83227e-05 0.000500545 1.67535e-10 5.54608e-05 1.04106e-07 0.00262928 0.00339251 0.00263245 5.10144e-11 2.77969e-05 0.00115408 0.000339558 0.00387568 0.186912 2.94194e-05 0.155091 0.00178259 0.00127244 
1.1945e-06 0.0149466 0.0564575 0.187573 1.73438e-06 0.418444 0.0429229 0.000476763 0.0158963 6.41869e-07 1.57618e-05 9.30512e-06 0.00269926 0.000424061 0.0677654 7.56534e-07 6.56545e-06 0.0275238 0.0017344 0.0113558 0.028537 7.5769e-07 0.122583 0.000250482 0.000372788 
1.12307e-05 6.71459e-05 0.14179 0.140123 3.9332e-06 0.440655 0.0117035 0.00157031 0.0291517 8.65917e-06 1.66705e-05 5.85934e-06 0.00369252 0.00111247 0.0374806 9.14109e-06 0.000161895 0.04083 0.00175469 0.00927901 0.0127112 1.29489e-06 0.108879 0.00323069 0.0157503 
0.000347629 4.15882e-05 0.00947688 0.0389249 0.00144808 0.724522 0.0256234 0.0120783 0.0125303 4.18713e-07 7.79872e-05 7.42526e-06 0.00395024 0.000682512 0.0952448 2.46569e-06 4.61961e-05 0.0101741 0.00170669 0.0115297 0.0110403 8.50253e-07 0.0350686 0.0048496 0.000624964 
0.000244005 0.00986104 0.000733725 0.00590448 0.000107069 0.383104 0.00619418 0.00246703 0.00299473 9.1856e-05 3.50939e-05 1.09029e-07 0.01456 0.114822 0.0797242 1.42228e-05 1.22984e-05 0.064574 0.096089 0.0793154 0.0138715 5.92278e-05 0.0035611 0.0263407 0.0953186 
0.00209053 0.000643698 0.010215 0.0658997 0.00851 0.549452 0.000598249 0.00618767 0.142794 4.89319e-06 0.00018085 1.53196e-07 0.00472559 0.0279774 0.0418664 4.44087e-08 0.000114507 0.00551761 0.00408998 0.00175041 0.0181416 9.76004e-05 0.0803382 0.0238751 0.00492862 
0.0005907 0.0266841 0.0424691 0.149213 0.00204677 0.179913 0.0394243 0.0195425 0.0298314 0.0021113 0.00339321 0.000784321 0.0302062 0.0378284 0.121871 0.000757293 0.00343388 0.0624802 0.0378019 0.0401333 0.0625202 0.000229538 0.0542388 0.0358036 0.016693 
2.52504e-05 0.000836248 0.0798257 0.305382 1.39161e-05 0.307745 0.0147316 0.00284125 0.0709326 0.00065081 0.000392287 6.92375e-05 0.00612565 0.00178814 0.0515128 1.55086e-05 0.00147499 0.0421126 0.00570799 0.0138514 0.0214966 2.13184e-05 0.0586136 0.00383962 0.00999414 
5.66392e-05 0.0107551 0.157831 0.19094 4.16756e-05 0.247298 0.00810265 0.0016838 0.0544754 0.000361544 0.000222163 0.00308429 0.0450999 0.00115159 0.0545607 7.54409e-06 0.000631317 0.0509818 0.00702621 0.0125474 0.0595654 2.11578e-05 0.0771545 0.00800228 0.00839856 
