0.0265807 0.318837 0.0434732 0.000904577 0.310137 0.00912374 0.290944 
0.00230477 0.844625 0.0154831 0.000374401 0.0963459 0.0140163 0.0268509 
0.0548336 0.6217 0.0968778 0.000523073 0.0966493 0.0145755 0.11484 
0.0232711 0.686506 0.0348097 0.00194731 0.192865 0.0232533 0.0373477 
0.00755386 0.680924 0.0548472 0.000692336 0.159779 0.038395 0.0578086 
0.0164542 0.707458 0.00936416 3.06388e-05 0.0669478 0.145359 0.054386 
0.0259878 0.290575 0.0990988 0.00109452 0.248261 0.0645437 0.270439 
0.00847098 0.5213 0.0718946 0.000188705 0.193633 0.0577008 0.146812 
0.0145562 0.366931 0.0470669 0.000387206 0.212873 0.032223 0.325963 
0.00557106 0.783298 0.046834 0.00345279 0.105143 0.015819 0.0398825 
0.00914775 0.554014 0.0378839 0.00144265 0.238319 0.0354145 0.123778 
0.0156437 0.585974 0.0651776 0.000302352 0.208247 0.0340564 0.0905986 
0.0350158 0.496794 0.0589779 0.00333199 0.209732 0.0445233 0.151626 
0.0100048 0.403006 0.0726746 0.000325679 0.28016 0.0422676 0.191561 
0.0185289 0.652631 0.0291802 0.000114714 0.198079 0.0534553 0.0480105 
0.0162579 0.584582 0.167548 4.70076e-05 0.135107 0.0145048 0.0819538 
0.0466348 0.391982 0.22168 0.00401114 0.212885 0.0718985 0.0509083 
0.00876609 0.501315 0.0884932 0.000543695 0.198348 0.150916 0.0516187 
0.0746331 0.499276 0.0687723 0.00112607 0.212796 0.029283 0.114114 
0.0371406 0.329113 0.0937064 0.00482406 0.242274 0.0575753 0.235366 
0.0265811 0.45505 0.0276011 8.59099e-05 0.119439 0.0282457 0.342997 
0.037623 0.343424 0.138225 0.000597863 0.233265 0.180449 0.0664173 
0.163207 0.437749 0.0780078 0.0081772 0.165358 0.0749531 0.0725474 
0.0265436 0.536689 0.0942626 0.00021267 0.217307 0.0436782 0.0813071 
0.0316119 0.639555 0.0696749 0.000653643 0.138414 0.0228632 0.0972278 
0.0301292 0.702348 0.0438241 0.00132958 0.0753463 0.026798 0.120225 
0.0230484 0.708808 0.0352335 0.00257578 0.115758 0.0309671 0.0836096 
0.00311987 0.545562 0.0972607 0.00065689 0.220098 0.0893365 0.0439659 
0.151366 0.428268 0.0423092 0.0266666 0.134124 0.0588686 0.158398 
0.0372329 0.321689 0.0691728 0.00416524 0.29141 0.120209 0.156122 
0.00407891 0.73194 0.0365775 0.0013231 0.128183 0.00867969 0.0892175 
0.0509917 0.561475 0.0883569 0.00536741 0.148144 0.0327865 0.112878 
0.0189735 0.547473 0.0572583 0.000888198 0.191429 0.0351781 0.1488 
0.0159113 0.489974 0.0776058 0.00151389 0.230825 0.0520604 0.132109 
0.0539202 0.324158 0.0997068 0.0111871 0.206396 0.0572408 0.247391 
0.107653 0.279274 0.194558 0.000674777 0.235214 0.0320607 0.150564 
0.0393582 0.487861 0.051877 0.0859392 0.170628 0.109606 0.0547306 
0.0766425 0.371632 0.070066 0.0632227 0.198348 0.118614 0.101475 
0.00497505 0.564701 0.0446755 1.33232e-06 0.220447 0.0915015 0.0736992 
0.0305619 0.62836 0.071272 0.00200668 0.169148 0.036175 0.0624769 
0.0790473 0.566625 0.00435515 8.52047e-06 0.129532 0.0157034 0.204729 
0.0154023 0.634221 0.0294545 0.00258385 0.14233 0.0135942 0.162414 
0.0250235 0.598771 0.107974 9.58314e-05 0.112271 0.0298281 0.126037 
0.0042316 0.783847 0.0178853 0.00177778 0.0917083 0.0858433 0.014707 
0.0148374 0.534483 0.134484 0.00197165 0.159424 0.114617 0.0401829 
0.0377262 0.520642 0.075358 0.00603212 0.221328 0.0600306 0.0788824 
0.0042316 0.783847 0.0178853 0.00177778 0.0917083 0.0858433 0.014707 
0.0345383 0.451818 0.0510216 0.00133104 0.193692 0.0340076 0.233591 
0.00699331 0.907594 0.0221149 0.000168291 0.0539026 0.00375939 0.00546732 
0.00843229 0.878496 0.0266349 0.000167939 0.069357 0.0102509 0.00666084 
0.0160357 0.426835 0.0459079 0.00695595 0.20658 0.13533 0.162355 
0.0275076 0.400847 0.0803349 0.00475945 0.235008 0.0817303 0.169812 
0.0148673 0.584062 0.119075 0.000668147 0.242278 0.0207213 0.0183285 
0.00463459 0.77508 0.0349751 0.00244117 0.118953 0.0297409 0.0341751 
0.031209 0.522071 0.097117 0.00152766 0.176621 0.053389 0.118065 
0.00985706 0.718525 0.0380365 0.00576944 0.107215 0.0153143 0.105283 
0.00633735 0.84484 0.0709877 0.00102374 0.0544743 0.0109657 0.0113712 
0.0326303 0.434213 0.0712855 0.00676457 0.0891347 0.296409 0.0695633 
0.0132862 0.579727 0.0783985 0.00687919 0.199545 0.0294773 0.0926869 
0.00468435 0.542311 0.0788522 0.0043626 0.218974 0.0958149 0.0550015 
0.0316047 0.683886 0.104648 0.000187921 0.147209 0.0162447 0.0162192 
0.0308488 0.358415 0.0783698 0.00181613 0.282399 0.101352 0.146799 
0.00538912 0.543968 0.222844 0.00310404 0.17771 0.0260695 0.0209151 
0.0128207 0.558533 0.0252121 0.0211736 0.13023 0.139288 0.112743 
0.0149787 0.761102 0.0192812 6.61807e-05 0.107664 0.0141389 0.0827691 
0.0175837 0.665229 0.0509811 1.83671e-05 0.130795 0.00953615 0.125857 
0.0129636 0.685174 0.151707 0.000212954 0.0843427 0.0403966 0.025203 
0.0248046 0.415869 0.102114 0.000901648 0.294989 0.0431659 0.118157 
0.113056 0.561169 0.0348051 5.52475e-06 0.107872 0.0429792 0.140113 
0.0108751 0.833993 0.0299389 0.000294407 0.0766027 0.0059908 0.0423055 
0.00940854 0.4473 0.218109 4.87586e-05 0.250143 0.0474018 0.027588 
0.0148517 0.590491 0.05994 0.000678339 0.137268 0.149121 0.0476503 
0.0136977 0.326092 0.236873 3.12021e-05 0.272471 0.0946341 0.0562013 
0.00913391 0.805306 0.0457988 0.000897795 0.110983 0.00866781 0.0192129 
0.00514021 0.632348 0.184984 0.00289492 0.0704167 0.0113461 0.0928705 
0.00172731 0.332112 0.0290549 8.6753e-05 0.310953 0.0123095 0.313756 
0.0480843 0.473563 0.0773485 0.0012234 0.241315 0.0214677 0.136998 
0.058136 0.40889 0.241722 0.000709377 0.136321 0.122892 0.0313291 
0.00538354 0.333265 0.254004 7.24057e-05 0.3062 0.0449103 0.0561646 
0.0375085 0.451201 0.0451133 0.00116624 0.366144 0.0268196 0.0720482 
0.0125172 0.632824 0.0485813 0.00326042 0.193435 0.0627705 0.0466118 
0.000820277 0.423633 0.0584954 2.61269e-05 0.343036 0.0946446 0.0793447 
0.042867 0.765031 0.02809 0.000194037 0.122561 0.0130055 0.0282515 
0.0485753 0.41847 0.0548151 0.00729508 0.320073 0.0608547 0.0899165 
0.0149554 0.335789 0.0901012 7.62164e-05 0.292448 0.0254947 0.241135 
0.170792 0.623381 0.0626303 0.0124134 0.0850747 0.0193735 0.0263348 
0.00318342 0.405715 0.22582 0.0014582 0.246311 0.0839103 0.0336014 
0.00407891 0.73194 0.0365775 0.0013231 0.128183 0.00867969 0.0892175 
0.0297682 0.59939 0.020786 0.00484273 0.18067 0.0347292 0.129814 
0.00989544 0.585877 0.149201 0.000732 0.163025 0.0330998 0.0581698 
0.00465856 0.728318 0.0312733 0.00157756 0.127113 0.00931111 0.0977489 
0.0293065 0.764961 0.039937 0.00074375 0.118328 0.0114382 0.0352861 
0.000258628 0.753548 0.0168038 4.13003e-05 0.186314 0.0236841 0.0193505 
0.00867347 0.387669 0.0764285 0.000668731 0.138581 0.0890453 0.298934 
0.0936247 0.426342 0.0688752 3.30265e-05 0.160879 0.00837511 0.24187 
0.0369388 0.453675 0.043831 0.000511614 0.190965 0.0472759 0.226803 
0.0715803 0.318452 0.0503247 0.00198775 0.310915 0.0500539 0.196686 
0.204033 0.209213 0.174042 0.000689277 0.191027 0.101007 0.119989 
0.00850376 0.60715 0.1149 0.000301323 0.128378 0.0277327 0.113034 
0.0065748 0.464712 0.0257403 0.000482889 0.142015 0.10535 0.255125 
0.00566464 0.638313 0.0914088 0.000429862 0.183628 0.0642681 0.016288 
0.0642415 0.498276 0.0832363 0.00135731 0.158252 0.0561445 0.138492 
0.0203865 0.787552 0.0221475 0.00312528 0.0999382 0.0159294 0.0509212 
0.024807 0.719741 0.0266433 0.00226511 0.108972 0.0104295 0.107143 
0.00461157 0.705565 0.0453096 0.00146371 0.145508 0.00939494 0.0881477 
0.0790473 0.566625 0.00435515 8.52047e-06 0.129532 0.0157034 0.204729 
0.00458408 0.813294 0.0311503 0.00197926 0.0830867 0.0419514 0.0239542 
0.00407891 0.73194 0.0365775 0.0013231 0.128183 0.00867969 0.0892175 
0.0464509 0.519774 0.053463 0.00162847 0.171209 0.0574492 0.150026 
0.00102201 0.868248 0.0569272 1.91292e-06 0.0185803 0.0458074 0.00941327 
0.00557106 0.783298 0.046834 0.00345279 0.105143 0.015819 0.0398825 
0.0347856 0.688759 0.093633 0.0012049 0.144707 0.018673 0.0182372 
0.00839651 0.625257 0.0514334 0.00705076 0.154048 0.0162258 0.137588 
0.254834 0.345512 0.112057 0.0235192 0.165475 0.0448128 0.0537901 
0.0251178 0.426787 0.0758728 0.00325854 0.236696 0.0627792 0.169489 
0.010928 0.551896 0.0443055 0.00315432 0.230458 0.0235691 0.135689 
0.00255779 0.664007 0.09506 6.12473e-05 0.135314 0.0517852 0.0512145 
0.00383501 0.929316 0.0478031 0.000830821 0.00622893 0.00570214 0.00628393 
0.00463459 0.77508 0.0349751 0.00244117 0.118953 0.0297409 0.0341751 
0.0391056 0.452139 0.0222213 0.00265163 0.131155 0.0297177 0.32301 
0.0177511 0.544103 0.022977 0.000303147 0.139691 0.125406 0.149769 
0.016312 0.483572 0.0579902 1.01079e-05 0.274663 0.0501175 0.117335 
0.013352 0.556264 0.0884503 0.000418832 0.144909 0.0471349 0.14947 
0.0764826 0.397346 0.0954203 0.116718 0.16487 0.0905419 0.058621 
0.0247675 0.520944 0.182571 0.000161474 0.160713 0.0717665 0.0390764 
0.0498167 0.437736 0.0718809 0.00470858 0.235023 0.0493498 0.151485 
0.016651 0.468364 0.107837 0.00129598 0.200804 0.0350586 0.16999 
0.0231195 0.404762 0.0365766 0.000277005 0.138685 0.00881141 0.387768 
0.0276242 0.727058 0.0545765 0.000368118 0.080289 0.060254 0.0498306 
0.0200365 0.360757 0.055884 0.00497037 0.25448 0.0279017 0.275971 
0.0396645 0.638992 0.129789 0.00338988 0.104103 0.0429611 0.0411014 
0.0238718 0.605145 0.0702257 0.00198024 0.167957 0.0411612 0.0896589 
0.00264104 0.770121 0.0159344 0.000139415 0.0945984 0.102893 0.0136729 
0.0298382 0.282997 0.0651396 0.00165591 0.26881 0.0745106 0.277049 
0.0314625 0.27538 0.154113 0.000190325 0.235686 0.0460118 0.257156 
0.0467677 0.236524 0.0947228 0.000798639 0.210907 0.201368 0.208913 
0.0220831 0.447362 0.0712637 0.00175453 0.226025 0.0492604 0.182251 
0.00557106 0.783298 0.046834 0.00345279 0.105143 0.015819 0.0398825 
0.00675457 0.758329 0.0592555 2.09547e-05 0.0619672 0.0674114 0.0462615 
0.169829 0.367192 0.0574448 0.00686572 0.163685 0.170872 0.0641103 
0.0235991 0.453938 0.0301113 0.00366069 0.33571 0.0256063 0.127374 
0.0228859 0.389628 0.0871817 5.38497e-05 0.300721 0.108357 0.0911719 
0.0134178 0.871509 0.0290345 0.00101951 0.070015 0.00597094 0.0090337 
0.0228785 0.828026 0.0352486 0.00215084 0.053708 0.0186078 0.03938 
0.0602436 0.418561 0.0100971 0.000163082 0.0653325 0.082661 0.362942 
0.0327454 0.37983 0.0996963 0.00123891 0.289749 0.0624802 0.134261 
0.00574469 0.670295 0.0103663 0.00161684 0.0908115 0.0108156 0.21035 
0.00407891 0.73194 0.0365775 0.0013231 0.128183 0.00867969 0.0892175 
0.0381569 0.385637 0.0376834 0.00173457 0.240074 0.127222 0.169491 
0.0287658 0.580708 0.0953157 0.00550821 0.169326 0.0254508 0.0949251 
0.0339934 0.320314 0.249377 0.00531353 0.246332 0.0473308 0.097339 
0.00556295 0.551855 0.111091 9.04743e-05 0.20291 0.00460557 0.123885 
0.0555314 0.479784 0.0698047 0.00918435 0.239847 0.0570193 0.0888296 
0.0224937 0.77296 0.0456486 0.000137696 0.129725 0.0157287 0.0133057 
0.00843229 0.878496 0.0266349 0.000167939 0.069357 0.0102509 0.00666084 
0.107653 0.279274 0.194558 0.000674777 0.235214 0.0320607 0.150564 
0.082984 0.612926 0.0402076 0.00178644 0.139725 0.0303662 0.0920054 
0.0231641 0.464557 0.0391001 0.00195874 0.263851 0.0317907 0.175579 
0.0259695 0.438595 0.120274 0.00272865 0.199953 0.0341623 0.178319 
0.00230477 0.844625 0.0154831 0.000374401 0.0963459 0.0140163 0.0268509 
0.0635225 0.415561 0.0580127 0.00207804 0.237832 0.0864844 0.136509 
0.00900484 0.559748 0.0800503 0.00026946 0.243662 0.046217 0.0610483 
0.0481618 0.385285 0.0809016 0.00418312 0.267025 0.0490756 0.165368 
0.0340913 0.677386 0.123676 0.00696072 0.0973938 0.0298238 0.0306685 
0.0202835 0.319036 0.114586 0.000427791 0.313541 0.0604888 0.171637 
0.00696218 0.525091 0.0353318 0.00121735 0.222335 0.0274501 0.181612 
0.00765765 0.631023 0.10401 0.00297664 0.160057 0.0126118 0.0816642 
0.0189407 0.660953 0.104361 0.00140214 0.124103 0.0530448 0.0371954 
0.0254909 0.598459 0.0325943 0.0111246 0.178544 0.0581843 0.0956034 
0.00950359 0.809454 0.0320457 0.00268137 0.0895931 0.0186032 0.0381188 
0.00557106 0.783298 0.046834 0.00345279 0.105143 0.015819 0.0398825 
0.00988567 0.572379 0.13634 0.00176089 0.20018 0.0330084 0.0464455 
0.0295521 0.292391 0.110115 0.00119406 0.25487 0.0328439 0.279034 
0.0274773 0.562336 0.0819291 0.00714672 0.194202 0.0513861 0.0755231 
0.0267934 0.535551 0.131893 0.00284835 0.178806 0.0294352 0.0946739 
0.0172654 0.437863 0.0208666 0.00299191 0.244946 0.0762211 0.199846 
0.0159494 0.546685 0.0351119 0.0013649 0.164948 0.039868 0.196073 
0.0112117 0.379964 0.0623595 0.000344364 0.329771 0.149648 0.0667009 
0.0139803 0.579718 0.120205 0.00095357 0.177493 0.0637729 0.0438766 
0.00546836 0.613877 0.120931 0.000462459 0.170408 0.0355996 0.0532541 
0.0327748 0.64046 0.0503839 0.00145954 0.153534 0.0363357 0.0850526 
0.0187488 0.368133 0.0811468 0.000213168 0.291668 0.0679807 0.172109 
0.00772802 0.604574 0.157244 0.00171877 0.15885 0.0368209 0.0330648 
0.0201848 0.424519 0.16713 0.000448028 0.259217 0.0235961 0.104905 
0.0723103 0.508621 0.0614214 0.00171479 0.244359 0.0544223 0.0571514 
0.00557106 0.783298 0.046834 0.00345279 0.105143 0.015819 0.0398825 
0.0251415 0.668495 0.0378399 0.00131571 0.153335 0.0713071 0.0425658 
0.0330594 0.681866 0.0661252 0.00318806 0.13292 0.0258881 0.0569533 
0.0191045 0.351889 0.16327 0.000388409 0.285296 0.10568 0.0743721 
0.0114633 0.692928 0.139693 0.000754344 0.124403 0.0163589 0.0144003 
0.0104509 0.479441 0.0551054 0.00067053 0.23734 0.0366378 0.180354 
0.192641 0.432381 0.0299931 0.00928856 0.219736 0.0812913 0.0346699 
0.0378824 0.719122 0.0448375 0.0205242 0.108633 0.0411582 0.0278428 
0.00494756 0.807305 0.041767 0.00309334 0.0936566 0.0139934 0.0352374 
0.163928 0.594085 0.0524864 1.05294e-05 0.137278 0.0264581 0.0257534 
0.0112528 0.493355 0.165262 0.00276902 0.179825 0.0546282 0.0929078 
0.0493615 0.296477 0.213502 0.00835596 0.141158 0.0914318 0.199714 
0.00407891 0.73194 0.0365775 0.0013231 0.128183 0.00867969 0.0892175 
0.0042937 0.507708 0.105515 0.00139105 0.250119 0.00730967 0.123664 
0.00502469 0.813233 0.0368801 0.00297869 0.0907019 0.0151252 0.0360564 
0.0170508 0.292852 0.21972 0.0526517 0.285324 0.11065 0.0217511 
0.0729792 0.432592 0.28044 0.00117499 0.149905 0.0522707 0.0106386 
0.0235084 0.509079 0.0447773 0.00175124 0.184088 0.0435862 0.19321 
0.101041 0.476105 0.0722844 0.00290144 0.181343 0.0471701 0.119154 
0.00211756 0.697478 0.0546569 0.00158751 0.160393 0.012084 0.0716827 
0.0388257 0.680639 0.0226771 0.000336344 0.106557 0.0760925 0.074872 
0.0489732 0.525603 0.0401434 0.00374958 0.224228 0.0495 0.107803 
0.031408 0.47241 0.0398515 0.000204588 0.173268 0.0312826 0.251576 
0.0156473 0.623317 0.159236 0.000446924 0.160506 0.0207923 0.0200549 
0.000346641 0.718869 0.0181596 4.2258e-05 0.182751 0.00459782 0.0752335 
0.0507956 0.415347 0.0376816 0.00309244 0.115286 0.0219368 0.355861 
0.00913391 0.805306 0.0457988 0.000897795 0.110983 0.00866781 0.0192129 
0.0311217 0.538756 0.0229656 0.000924537 0.20885 0.0619844 0.135398 
0.239612 0.302069 0.13357 0.00053235 0.0811726 0.0878676 0.155176 
0.173472 0.398722 0.0291247 1.5842e-05 0.0473848 0.00292699 0.348353 
0.00955043 0.525684 0.0414814 0.000445239 0.177204 0.157183 0.0884515 
0.00459374 0.658729 0.0490749 0.000997966 0.179621 0.00858189 0.0984021 
0.0225137 0.32553 0.0938584 6.2156e-05 0.300412 0.0597754 0.197848 
0.00677484 0.57093 0.0401082 0.00102644 0.153233 0.0542077 0.17372 
0.0923651 0.350859 0.00980952 0.00690946 0.209823 0.0529422 0.277291 
0.00897737 0.774613 0.0234436 0.000364762 0.123815 0.0171301 0.0516557 
0.036533 0.686928 0.0364884 7.92201e-05 0.164904 0.0236931 0.0513744 
0.00463459 0.77508 0.0349751 0.00244117 0.118953 0.0297409 0.0341751 
0.0365661 0.370057 0.0845704 0.00377999 0.341991 0.114722 0.0483141 
0.0102784 0.348039 0.124433 0.00474143 0.306663 0.132692 0.0731535 
0.00644498 0.494837 0.0313267 0.00143831 0.254262 0.0102119 0.201479 
0.0494567 0.669916 0.071267 0.00121613 0.124819 0.0356669 0.0476582 
0.0962239 0.659559 0.0786745 0.00187339 0.0860699 0.016126 0.0614732 
0.0300534 0.588039 0.0862603 0.000350583 0.154873 0.0466673 0.0937559 
0.025889 0.700052 0.0782635 0.00581071 0.104263 0.0465358 0.0391853 
0.0612047 0.453426 0.133284 0.00315491 0.222218 0.0643904 0.062323 
0.0304824 0.461996 0.0738683 0.00570505 0.229507 0.0443317 0.15411 
0.0322975 0.326708 0.0457189 0.00185551 0.314312 0.0161476 0.26296 
0.0378218 0.413837 0.0264797 3.82054e-05 0.239539 0.0649302 0.217355 
0.0261904 0.448432 0.0761311 0.00475842 0.200933 0.0865592 0.156996 
0.0265002 0.50774 0.0485972 0.00182607 0.197454 0.0536343 0.164249 
0.0284482 0.362751 0.0522967 0.00280429 0.312631 0.0621554 0.178914 
0.0161255 0.562425 0.0508149 0.00428519 0.20692 0.0655438 0.0938854 
0.0333307 0.586442 0.0327414 0.000371626 0.103435 0.0220977 0.221582 
0.0875798 0.341912 0.0883072 0.000964806 0.257307 0.0217834 0.202145 
0.00897737 0.774613 0.0234436 0.000364762 0.123815 0.0171301 0.0516557 
0.0155386 0.577263 0.206266 0.00234678 0.137417 0.0373499 0.0238181 
0.0672905 0.551445 0.0583351 0.0066763 0.16657 0.0333877 0.116295 
0.00607126 0.743945 0.0680387 2.06116e-05 0.147953 0.0220528 0.0119181 
0.00508432 0.592971 0.195514 0.00267109 0.158732 0.022502 0.0225256 
0.0851216 0.359637 0.157488 2.94625e-05 0.260102 0.0457704 0.0918516 
0.0187475 0.310475 0.212826 0.0145078 0.275896 0.0337397 0.133807 
0.00198541 0.432983 0.076364 2.78754e-05 0.393081 0.0469879 0.048571 
0.00399683 0.774231 0.0617616 0.00253868 0.0824472 0.0357598 0.0392653 
0.0265668 0.491119 0.0375014 0.00168477 0.203071 0.0217378 0.21832 
0.0286545 0.477441 0.0931304 0.00259545 0.208065 0.0747506 0.115364 
0.00775871 0.865884 0.0659291 0.00467278 0.0257051 0.011322 0.0187288 
0.0492208 0.442622 0.0904317 0.00957403 0.190852 0.0545198 0.16278 
0.0125172 0.632824 0.0485813 0.00326042 0.193435 0.0627705 0.0466118 
0.0229496 0.478209 0.0561 0.00429498 0.234328 0.0580014 0.146117 
0.0293115 0.538769 0.0104188 0.000190185 0.038456 0.105127 0.277727 
0.0232932 0.512294 0.0604839 0.00174614 0.235946 0.0436232 0.122614 
0.169822 0.467012 0.070404 0.000318123 0.142471 0.0158134 0.134159 
0.0314785 0.548505 0.0369243 0.00912609 0.177471 0.0466704 0.149825 
0.0184073 0.409971 0.0298546 0.00201801 0.226044 0.0440973 0.269607 
0.0176308 0.43479 0.0523483 0.000404919 0.258549 0.0319207 0.204356 
0.00856156 0.495041 0.241991 0.00266064 0.18256 0.0387045 0.0304807 
0.00447725 0.70544 0.0404277 0.00145201 0.141564 0.00959333 0.0970459 
0.00557106 0.783298 0.046834 0.00345279 0.105143 0.015819 0.0398825 
0.0267975 0.381634 0.013486 0.00906018 0.0898071 0.279554 0.199661 
0.0143977 0.399444 0.146896 5.82203e-05 0.292097 0.0942085 0.0528981 
0.00468435 0.542311 0.0788522 0.0043626 0.218974 0.0958149 0.0550015 
0.0203417 0.813937 0.0117869 0.00161453 0.0780511 0.0239338 0.0503353 
0.0148373 0.389895 0.0577792 0.00275865 0.275054 0.0658809 0.193794 
0.00815431 0.792776 0.013743 0.000397825 0.111486 0.0170246 0.0564181 
0.027287 0.451725 0.090309 0.0138174 0.21418 0.0469027 0.155779 
0.0850571 0.400189 0.125238 0.00140542 0.259543 0.0229379 0.105629 
0.00255779 0.664007 0.09506 6.12473e-05 0.135314 0.0517852 0.0512145 
0.0357982 0.693727 0.10331 0.000231213 0.114177 0.00848873 0.0442671 
0.0126512 0.747957 0.0237175 2.51029e-05 0.0509271 0.075979 0.0887435 
0.00328833 0.398531 0.325377 0.000579938 0.130152 0.0668882 0.075183 
0.0278588 0.792446 0.0199421 1.75254e-05 0.0891344 0.0207739 0.0498267 
0.00658475 0.841172 0.0138594 0.000230436 0.0704471 0.0373844 0.0303216 
0.00987114 0.605018 0.0636677 0.00132796 0.162545 0.0712988 0.0862717 
0.00913391 0.805306 0.0457988 0.000897795 0.110983 0.00866781 0.0192129 
0.121487 0.421673 0.108112 0.00162853 0.193679 0.0222065 0.131215 
0.00145193 0.794244 0.106732 0.00107974 0.0619373 0.0295002 0.00505411 
0.0383582 0.485638 0.0636086 0.00206805 0.19156 0.0455368 0.173231 
0.0105128 0.368385 0.0828581 0.00111826 0.286199 0.0609573 0.18997 
0.011072 0.624901 0.0761767 5.2903e-05 0.175987 0.0399725 0.0718377 
0.00680352 0.843175 0.0194416 0.00427998 0.0725613 0.0157091 0.0380295 
0.0966319 0.405254 0.111612 0.000130175 0.265877 0.0263584 0.0941361 
0.0037144 0.752478 0.0595182 0.000132462 0.113106 0.023137 0.0479145 
0.00970432 0.420037 0.116091 5.90329e-05 0.300547 0.025653 0.127909 
0.075897 0.44218 0.0684218 0.0834694 0.14456 0.105887 0.0795847 
0.110336 0.504354 0.0903577 0.00418741 0.166472 0.0852031 0.0390896 
0.00520941 0.685434 0.0663637 0.000984969 0.154073 0.0165687 0.071366 
0.00145193 0.794244 0.106732 0.00107974 0.0619373 0.0295002 0.00505411 
0.00557106 0.783298 0.046834 0.00345279 0.105143 0.015819 0.0398825 
0.00607126 0.743945 0.0680387 2.06116e-05 0.147953 0.0220528 0.0119181 
0.0500802 0.577798 0.0749729 0.0030035 0.178827 0.0292585 0.0860597 
0.0279106 0.686698 0.0526736 0.000728624 0.116723 0.0453626 0.0699032 
0.0717919 0.479679 0.12167 0.00179965 0.238428 0.0195459 0.0670854 
0.0520634 0.319301 0.0861959 0.0275317 0.19034 0.203372 0.121196 
0.0229244 0.546629 0.19419 0.000661036 0.136559 0.0720122 0.0270245 
0.00570259 0.367849 0.238732 0.000315506 0.306288 0.036578 0.044535 
0.0179621 0.844138 0.0249351 0.00906412 0.0640353 0.0147945 0.0250707 
0.141818 0.531897 0.0722791 0.0116388 0.16177 0.0307699 0.0498274 
0.0041804 0.710848 0.0725481 0.00210285 0.136175 0.04047 0.0336758 
0.00972622 0.51575 0.111966 2.17848e-05 0.100726 0.0315538 0.230257 
0.0109041 0.642047 0.0923423 6.57754e-05 0.114339 0.13123 0.00907181 
0.0723103 0.508621 0.0614214 0.00171479 0.244359 0.0544223 0.0571514 
0.0179498 0.569261 0.0676313 0.00625281 0.186784 0.0547929 0.0973276 
0.0247213 0.670464 0.062902 0.000689014 0.10657 0.0288467 0.105807 
0.0599598 0.597949 0.022674 0.0104866 0.185612 0.0640769 0.0592422 
0.0234527 0.456333 0.0675278 0.00682499 0.243894 0.0754081 0.12656 
0.0212377 0.317849 0.139191 1.67829e-05 0.222306 0.284411 0.0149879 
0.0285922 0.632801 0.0492916 0.00624637 0.176371 0.0468467 0.0598517 
0.0369067 0.564618 0.13757 0.000349595 0.152339 0.0460892 0.0621274 
0.0110481 0.512805 0.0751354 6.77091e-05 0.242675 0.0681987 0.0900704 
0.0128983 0.665978 0.0409639 0.000278619 0.124471 0.105176 0.0502332 
0.00452909 0.655162 0.0115517 0.000227877 0.141211 0.0127619 0.174556 
0.0327454 0.37983 0.0996963 0.00123891 0.289749 0.0624802 0.134261 
0.00463459 0.77508 0.0349751 0.00244117 0.118953 0.0297409 0.0341751 
0.0480891 0.483456 0.105655 0.00210091 0.197904 0.0326435 0.130152 
0.0726081 0.569944 0.0186006 1.00548e-05 0.160162 0.0169936 0.161682 
0.00997585 0.590904 0.0541757 0.000149446 0.219607 0.045544 0.0796441 
0.0364928 0.478622 0.0723502 0.00123299 0.196038 0.0515915 0.163672 
0.0990036 0.525012 0.0403426 0.000632966 0.101435 0.0519728 0.181601 
0.0329289 0.631438 0.171869 0.00709768 0.0946197 0.0337353 0.0283121 
0.0082183 0.3844 0.175335 0.0093597 0.133015 0.104817 0.184856 
0.0198445 0.519835 0.180512 0.0012571 0.187795 0.0473819 0.0433736 
0.00441805 0.783627 0.0560845 0.00119892 0.105572 0.0147537 0.0343452 
0.136887 0.477427 0.0473691 2.85377e-05 0.0575566 0.0135482 0.267184 
0.015555 0.81684 0.00178637 6.30498e-06 0.0841134 0.0216551 0.0600434 
0.012132 0.623719 0.048699 0.00424546 0.116982 0.114564 0.0796584 
0.0148311 0.681403 0.083894 0.0017602 0.109373 0.0676825 0.041056 
0.00606818 0.765885 0.058412 0.00310931 0.113393 0.0161075 0.0370244 
0.02563 0.592989 0.0683418 0.00202408 0.163953 0.056978 0.0900838 
0.0209763 0.413551 0.059881 0.000791621 0.231049 0.0512689 0.222482 
0.0105789 0.404509 0.0823937 0.000490307 0.25833 0.0386946 0.205003 
0.125459 0.576086 0.0635565 0.00214311 0.186225 0.0263886 0.0201412 
0.0790473 0.566625 0.00435515 8.52047e-06 0.129532 0.0157034 0.204729 
0.0291142 0.464935 0.0888785 0.00675028 0.287631 0.0301834 0.0925077 
0.00339394 0.507487 0.0285379 3.51513e-05 0.19586 0.00813235 0.256554 
0.00900981 0.455168 0.116731 2.66433e-05 0.261762 0.0437921 0.113511 
0.0172801 0.353181 0.123402 0.0283261 0.185161 0.138656 0.153994 
0.0231221 0.586757 0.122654 1.62641e-06 0.207178 0.00561038 0.0546767 
0.022662 0.56089 0.104352 0.000843132 0.180439 0.0762924 0.0545221 
0.0266457 0.564852 0.0113507 0.000157489 0.197576 0.0533074 0.146111 
0.0335206 0.391099 0.127807 0.00100074 0.216295 0.136448 0.0938311 
0.0190866 0.567185 0.0919201 0.00152047 0.150189 0.0412898 0.128809 
0.035309 0.545359 0.0604382 0.00245472 0.145861 0.0687553 0.141823 
0.0393174 0.604047 0.1145 0.00162195 0.193848 0.0240523 0.0226128 
0.000170123 0.831434 0.017543 7.44123e-06 0.142589 0.00506149 0.00319482 
0.0555314 0.479784 0.0698047 0.00918435 0.239847 0.0570193 0.0888296 
0.0635756 0.324601 0.0611474 0.00251371 0.256392 0.136812 0.154958 
0.0204323 0.71331 0.0711834 0.00036172 0.129735 0.0444401 0.0205376 
0.0105607 0.451976 0.0442657 0.000105611 0.156435 0.208464 0.128192 
0.0213882 0.551762 0.0554587 6.89247e-05 0.16293 0.0475666 0.160826 
0.00771079 0.378719 0.142696 0.000352532 0.10664 0.0513612 0.312521 
0.00328833 0.398531 0.325377 0.000579938 0.130152 0.0668882 0.075183 
0.0521808 0.414087 0.0818228 0.00180647 0.249023 0.078742 0.122338 
0.0424762 0.452358 0.100799 0.0102547 0.249275 0.074826 0.0700106 
0.00540943 0.689169 0.058406 0.000571819 0.11593 0.0963989 0.0341151 
0.0267064 0.250117 0.140219 0.00982187 0.22591 0.143404 0.203822 
0.00633735 0.84484 0.0709877 0.00102374 0.0544743 0.0109657 0.0113712 
0.00480361 0.884428 0.0653976 0.00107622 0.0224549 0.00886018 0.01298 
0.0484722 0.406701 0.133049 0.0172814 0.18417 0.0434748 0.166851 
0.0154023 0.634221 0.0294545 0.00258385 0.14233 0.0135942 0.162414 
0.027768 0.686888 0.079791 0.00887323 0.109522 0.0464446 0.0407135 
0.0041804 0.710848 0.0725481 0.00210285 0.136175 0.04047 0.0336758 
0.0414072 0.855485 0.0241008 5.59625e-07 0.0474653 0.00225425 0.0292867 
0.0128489 0.601665 0.129338 6.96164e-05 0.152036 0.0262066 0.0778352 
0.0207141 0.654352 0.0881799 0.00212119 0.177975 0.0221123 0.0345457 
0.050219 0.714312 0.112628 0.000558194 0.104618 0.00935844 0.00830585 
0.023073 0.348752 0.106307 0.000660766 0.296427 0.0520684 0.172711 
0.0247017 0.391913 0.125035 0.0024045 0.298178 0.0338474 0.123921 
0.0258909 0.403834 0.0603544 0.00258511 0.391671 0.0534258 0.062239 
0.0413038 0.538964 0.181827 0.0176385 0.0765923 0.031592 0.112082 
0.00829931 0.595669 0.202723 1.02909e-05 0.128647 0.0568721 0.00778002 
0.0415076 0.65157 0.0669572 4.45094e-05 0.154521 0.0524636 0.0329358 
0.00407891 0.73194 0.0365775 0.0013231 0.128183 0.00867969 0.0892175 
0.0285366 0.573301 0.0705103 0.00551715 0.149669 0.0362567 0.136209 
0.00328833 0.398531 0.325377 0.000579938 0.130152 0.0668882 0.075183 
0.00612344 0.439692 0.0377195 0.000388007 0.287276 0.212191 0.0166111 
0.00796118 0.750304 0.0599788 0.000917643 0.148889 0.0101349 0.0218145 
0.0790473 0.566625 0.00435515 8.52047e-06 0.129532 0.0157034 0.204729 
0.0528246 0.345806 0.178588 0.0231896 0.253745 0.0837688 0.0620775 
0.0154697 0.720833 0.0610407 0.00122348 0.131832 0.0134485 0.0561533 
0.0213544 0.691898 0.0372774 0.000552136 0.0813514 0.0763679 0.0911989 
0.00956098 0.874148 0.0384566 0.000144893 0.0678332 0.00458223 0.00527369 
0.0403292 0.323908 0.123156 0.00258929 0.224502 0.0491404 0.236375 
0.0790473 0.566625 0.00435515 8.52047e-06 0.129532 0.0157034 0.204729 
0.19983 0.215213 0.0937223 0.00582599 0.189125 0.0982879 0.197996 
0.000324464 0.4539 0.0227579 1.14111e-05 0.117034 0.0336792 0.372293 
0.00852046 0.683512 0.0960613 0.000167405 0.124188 0.0399434 0.0476074 
0.0449014 0.34435 0.110968 0.0155867 0.270824 0.0432103 0.17016 
0.0236348 0.714751 0.0411537 0.00120573 0.114352 0.0129058 0.0919975 
0.0162163 0.706695 0.0395927 0.00386796 0.147165 0.0413114 0.0451524 
4.82327e-05 0.644049 0.0703043 6.28401e-05 0.0949234 0.186423 0.00418854 
0.0134945 0.316151 0.0532846 0.0050519 0.241226 0.0578522 0.312939 
0.00668687 0.753378 0.00833068 8.37833e-05 0.110047 0.0254483 0.0960247 
0.107653 0.279274 0.194558 0.000674777 0.235214 0.0320607 0.150564 
0.00463459 0.77508 0.0349751 0.00244117 0.118953 0.0297409 0.0341751 
0.0477983 0.401209 0.0858376 0.00399771 0.254237 0.034379 0.172542 
0.0155382 0.795905 0.0584454 0.000390972 0.101911 0.0139463 0.0138634 
0.0524832 0.504077 0.079884 0.000893511 0.188387 0.113352 0.0609237 
0.0679525 0.548862 0.101862 0.00758165 0.157657 0.0481766 0.0679083 
0.00756473 0.710353 0.0439428 0.000869045 0.145309 0.00736257 0.0845988 
0.00455898 0.786258 0.0556724 0.00123132 0.103481 0.0149235 0.0338752 
0.0539672 0.465761 0.131708 2.41394e-05 0.154859 0.0446664 0.149015 
0.00557106 0.783298 0.046834 0.00345279 0.105143 0.015819 0.0398825 
0.0171217 0.707564 0.0476285 0.000269888 0.149343 0.0594512 0.0186218 
0.0028237 0.688886 0.033665 6.68299e-05 0.0346204 0.0647966 0.175142 
0.0119242 0.496223 0.0276305 0.00027632 0.207572 0.136752 0.119622 
0.0176351 0.726656 0.0372547 0.000971373 0.131908 0.0121397 0.0734347 
0.0112108 0.378353 0.0761064 0.00125037 0.254494 0.0261604 0.252425 
0.00575944 0.78518 0.0464611 0.00356385 0.103115 0.0161777 0.0397426 
0.0393174 0.604047 0.1145 0.00162195 0.193848 0.0240523 0.0226128 
0.00727118 0.794102 0.10314 0.000922797 0.0657654 0.0177494 0.0110491 
0.023723 0.390768 0.0498147 0.0017735 0.322431 0.0348885 0.176601 
0.0175896 0.517034 0.0505669 0.000979613 0.159768 0.0820043 0.172058 
0.0569989 0.457449 0.0533641 0.00405778 0.180949 0.0541321 0.193049 
0.0480961 0.475732 0.111655 0.0132695 0.177299 0.0607945 0.113154 
0.00416138 0.772017 0.0823566 5.08125e-05 0.113387 0.0197981 0.00822936 
0.0286612 0.394095 0.125252 0.000607493 0.219332 0.063673 0.16838 
0.0357267 0.60268 0.0501134 0.00150701 0.166641 0.0164803 0.126852 
0.00879338 0.689467 0.0462708 0.00562495 0.126826 0.0187733 0.104245 
0.0471902 0.264684 0.136947 0.00206002 0.243893 0.11604 0.189187 
0.00434442 0.446419 0.142472 7.22654e-05 0.331979 0.0328467 0.0418675 
0.0413441 0.555228 0.0124494 0.000143109 0.139074 0.154545 0.0972159 
0.0513943 0.786212 0.0267499 0.00585158 0.0751644 0.0150866 0.0395414 
0.0599598 0.597949 0.022674 0.0104866 0.185612 0.0640769 0.0592422 
0.0209763 0.413551 0.059881 0.000791621 0.231049 0.0512689 0.222482 
0.0212969 0.763241 0.0207579 0.00246526 0.128082 0.0167968 0.0473601 
0.00575944 0.78518 0.0464611 0.00356385 0.103115 0.0161777 0.0397426 
0.0182844 0.578111 0.0282726 0.000476437 0.198065 0.0393532 0.137437 
0.00170593 0.823299 0.0875324 8.0744e-05 0.0452725 0.034292 0.00781734 
0.0025315 0.604285 0.0195814 0.000491949 0.24522 0.0915215 0.0363688 
0.02273 0.526342 0.0652713 0.00462171 0.169393 0.0481203 0.163522 
0.00463459 0.77508 0.0349751 0.00244117 0.118953 0.0297409 0.0341751 
0.00321426 0.663735 0.0571635 9.21429e-05 0.124204 0.000717635 0.150873 
0.156731 0.403619 0.083629 0.00285726 0.290132 0.0434729 0.0195593 
0.0373378 0.62461 0.044968 0.00442913 0.154863 0.0340801 0.0997115 
0.00550493 0.751902 0.0961493 0.000223387 0.120202 0.00841841 0.0176 
0.00410611 0.663799 0.0924337 0.00355841 0.111837 0.0603375 0.0639283 
0.00463459 0.77508 0.0349751 0.00244117 0.118953 0.0297409 0.0341751 
0.00587071 0.783245 0.0281098 0.00221103 0.0809243 0.011249 0.0883898 
0.00951086 0.478185 0.051041 0.000644216 0.320264 0.0866653 0.0536903 
0.0391056 0.452139 0.0222213 0.00265163 0.131155 0.0297177 0.32301 
0.0258807 0.310747 0.0404834 0.00128714 0.254906 0.0610171 0.305679 
0.00726354 0.508515 0.235714 0.000571971 0.191853 0.0174863 0.0385961 
0.00288743 0.594592 0.083308 1.09805e-06 0.0165461 0.0313255 0.271339 
0.0240432 0.664633 0.0577766 0.00226244 0.171704 0.0396616 0.0399186 
0.031573 0.52356 0.0926837 0.000658616 0.126693 0.0580335 0.166798 
0.0486009 0.478042 0.0790152 0.00360009 0.252376 0.0365685 0.101797 
0.0239113 0.467502 0.0305115 0.000650182 0.202678 0.0102215 0.264526 
0.0347856 0.688759 0.093633 0.0012049 0.144707 0.018673 0.0182372 
0.00443561 0.733945 0.0724787 0.000120781 0.122098 0.0230204 0.0439013 
0.0182134 0.583078 0.137773 0.00157648 0.138154 0.0636678 0.0575369 
0.00913828 0.623044 0.0819241 0.000224351 0.198036 0.0431252 0.0445087 
0.0317138 0.59142 0.0591212 0.00875797 0.190356 0.0317263 0.0869048 
0.0514739 0.444887 0.0171321 8.08611e-06 0.302598 0.0109629 0.172937 
0.0347856 0.688759 0.093633 0.0012049 0.144707 0.018673 0.0182372 
0.0294016 0.603226 0.0769262 0.00425142 0.144637 0.0382324 0.103326 
0.00559422 0.542627 0.136786 0.000109482 0.21353 0.0659521 0.0354015 
0.0869946 0.429303 0.15226 0.00164548 0.210256 0.0713503 0.0481907 
0.0262641 0.64723 0.0966525 0.00204712 0.124426 0.0242831 0.0790977 
0.00407891 0.73194 0.0365775 0.0013231 0.128183 0.00867969 0.0892175 
0.0631353 0.301786 0.0952607 0.0032862 0.267423 0.0612311 0.207878 
0.0121173 0.577082 0.0945602 0.00510045 0.168643 0.038489 0.104007 
0.0327699 0.358011 0.0956903 0.012974 0.17512 0.162575 0.162859 
0.00551472 0.711788 0.136634 0.00327505 0.103796 0.0218633 0.0171292 
0.0768972 0.432234 0.100089 0.00172308 0.225002 0.0791016 0.0849519 
0.013673 0.426961 0.0820986 0.000161002 0.245274 0.159037 0.0727949 
0.0243582 0.512383 0.0359762 0.00176855 0.12978 0.0125609 0.283173 
0.001369 0.72351 0.0581679 1.67196e-05 0.110854 0.0203042 0.0857781 
0.00328833 0.398531 0.325377 0.000579938 0.130152 0.0668882 0.075183 
0.0112818 0.474311 0.197421 0.00273611 0.147975 0.0254848 0.140789 
0.00599345 0.691956 0.0602775 0.00110282 0.162545 0.0115662 0.0665591 
0.00762619 0.439806 0.0793816 0.000534183 0.335196 0.0115469 0.125909 
0.0397374 0.63505 0.0724697 0.00505378 0.154467 0.0438522 0.0493692 
0.00699331 0.907594 0.0221149 0.000168291 0.0539026 0.00375939 0.00546732 
0.001369 0.72351 0.0581679 1.67196e-05 0.110854 0.0203042 0.0857781 
0.0790473 0.566625 0.00435515 8.52047e-06 0.129532 0.0157034 0.204729 
0.00407891 0.73194 0.0365775 0.0013231 0.128183 0.00867969 0.0892175 
0.0111804 0.736316 0.0371703 0.00383653 0.109537 0.0192166 0.0827435 
0.00840523 0.655566 0.0220447 0.000353843 0.154756 0.102454 0.0564206 
0.025335 0.790936 0.0350668 0.000110147 0.10737 0.00936238 0.0318199 
0.0415941 0.752673 0.0914296 0.00325952 0.0793224 0.0152191 0.0165023 
0.00254297 0.563146 0.23831 4.25997e-05 0.148574 0.014515 0.0328692 
0.0359545 0.649049 0.0818258 0.000410872 0.114852 0.026501 0.0914068 
0.00815431 0.792776 0.013743 0.000397825 0.111486 0.0170246 0.0564181 
0.0374309 0.415229 0.0878425 0.0033163 0.239936 0.0647608 0.151484 
0.040636 0.329693 0.170469 0.0331351 0.167835 0.150734 0.107499 
0.00426722 0.744174 0.0333968 0.00120806 0.123404 0.00892493 0.0846248 
0.0704261 0.804571 0.0326202 0.000598315 0.0670418 0.00817196 0.0165706 
0.0206043 0.40694 0.0568931 0.00600532 0.251859 0.0263513 0.231346 
0.0309056 0.576808 0.0681859 0.00304434 0.183538 0.042346 0.095172 
0.0239687 0.521804 0.0547416 6.41723e-05 0.222704 0.0757942 0.100924 
0.0132073 0.570815 0.130655 0.000675287 0.159189 0.0312328 0.0942251 
0.0149765 0.606572 0.0658139 0.000545859 0.191906 0.0410185 0.0791669 
0.047002 0.657884 0.0514407 1.05459e-05 0.135989 0.0216682 0.0860056 
0.0315519 0.290913 0.152392 0.000325333 0.27148 0.0466487 0.206689 
0.0157718 0.685226 0.0236412 0.000664076 0.154311 0.0164653 0.103921 
0.00407891 0.73194 0.0365775 0.0013231 0.128183 0.00867969 0.0892175 
0.0150263 0.421293 0.20349 0.00551817 0.186853 0.0294792 0.138341 
0.0738645 0.637316 0.079061 0.0010104 0.139397 0.0190819 0.0502694 
0.0243237 0.627159 0.0444593 0.0011392 0.15951 0.0340626 0.109346 
0.0790473 0.566625 0.00435515 8.52047e-06 0.129532 0.0157034 0.204729 
0.0106909 0.555795 0.123524 2.7924e-05 0.159831 0.0913092 0.0588225 
0.0246878 0.589984 0.0739416 0.00451955 0.223642 0.0279444 0.0552804 
0.0262485 0.662039 0.0794038 0.00237637 0.115345 0.0250439 0.0895437 
0.155732 0.568234 0.0616873 3.79232e-05 0.125906 0.0119639 0.0764382 
0.00322364 0.661056 0.0683487 9.57011e-05 0.106301 0.0699087 0.0910657 
0.007869 0.494452 0.244069 0.0248958 0.161633 0.0572913 0.00978904 
0.00814631 0.685735 0.0135359 0.000177707 0.116201 0.057466 0.118738 
0.0605007 0.400026 0.0679857 0.00443125 0.27164 0.0319034 0.163513 
0.0357435 0.460414 0.0534321 0.000436579 0.27299 0.0596974 0.117286 
0.0108705 0.661549 0.0671832 0.00671453 0.172397 0.0506156 0.0306698 
0.0155746 0.686992 0.0649003 0.000894129 0.12811 0.0244534 0.0790755 
0.0789833 0.264672 0.0943291 0.0442063 0.20663 0.0611378 0.25004 
0.00410611 0.663799 0.0924337 0.00355841 0.111837 0.0603375 0.0639283 
0.00407891 0.73194 0.0365775 0.0013231 0.128183 0.00867969 0.0892175 
0.00278953 0.623505 0.0793107 0.0261653 0.0754841 0.0187904 0.173955 
0.00542978 0.684107 0.0252684 0.000153517 0.0848797 0.129307 0.0708554 
0.0592344 0.380283 0.0657684 0.0607943 0.322104 0.0493838 0.0624323 
0.0114661 0.318114 0.133805 0.000532679 0.223518 0.16629 0.146273 
0.0474755 0.387891 0.0679019 0.000283556 0.237603 0.0727827 0.186063 
0.0292998 0.545621 0.217871 0.000264618 0.152962 0.0351905 0.0187909 
0.0210527 0.693398 0.0803301 0.00345168 0.13781 0.0311758 0.0327815 
0.0252801 0.53679 0.023553 0.000327546 0.13633 0.107629 0.17009 
0.00145193 0.794244 0.106732 0.00107974 0.0619373 0.0295002 0.00505411 
0.021726 0.367954 0.0925488 0.0013382 0.215477 0.0276878 0.273269 
0.0296318 0.56771 0.0538757 0.00205353 0.215441 0.0276657 0.103622 
0.0383996 0.581847 0.0896832 0.00141646 0.143575 0.0116099 0.133469 
0.00510892 0.545841 0.0368224 0.000255899 0.107138 0.129355 0.175478 
0.0155382 0.795905 0.0584454 0.000390972 0.101911 0.0139463 0.0138634 
0.231235 0.59027 0.0222009 1.0514e-05 0.0939274 0.0303447 0.0320108 
0.0183984 0.584797 0.0583379 0.00467253 0.20627 0.021645 0.10588 
0.00606123 0.735644 0.0381066 0.000895284 0.130995 0.0135396 0.0747582 
0.0145418 0.824171 0.0703875 0.00378804 0.0564947 0.0147985 0.015818 
0.00499427 0.51227 0.0430668 1.80461e-05 0.273935 0.107306 0.0584095 
0.0562545 0.522467 0.168884 6.78441e-05 0.131099 0.046124 0.0751032 
0.0272136 0.286961 0.160703 0.000261749 0.244382 0.146968 0.133511 
0.0170846 0.444857 0.167707 0.000471233 0.211388 0.0481285 0.110364 
0.0347946 0.597161 0.015416 0.00646871 0.21448 0.0626011 0.0690792 
0.0303858 0.427153 0.111066 0.000229186 0.197036 0.221819 0.0123117 
0.00221784 0.537627 0.0217122 8.93209e-06 0.0452292 0.00533181 0.387873 
0.158896 0.646112 0.0263064 0.000215624 0.101842 0.0468535 0.0197756 
0.00407891 0.73194 0.0365775 0.0013231 0.128183 0.00867969 0.0892175 
0.0348046 0.615642 0.0559963 0.00254058 0.147594 0.0441902 0.0992319 
0.00407891 0.73194 0.0365775 0.0013231 0.128183 0.00867969 0.0892175 
0.00433601 0.61656 0.0345101 0.00107466 0.175814 0.00776924 0.159937 
0.00572051 0.495949 0.176556 0.000597507 0.192182 0.0313137 0.0976808 
0.00542978 0.684107 0.0252684 0.000153517 0.0848797 0.129307 0.0708554 
0.00633735 0.84484 0.0709877 0.00102374 0.0544743 0.0109657 0.0113712 
0.0147135 0.357249 0.0856311 0.0177936 0.329459 0.0459131 0.149241 
0.00407891 0.73194 0.0365775 0.0013231 0.128183 0.00867969 0.0892175 
0.012272 0.719595 0.038058 0.000180125 0.149938 0.0167432 0.0632139 
0.0231221 0.586757 0.122654 1.62641e-06 0.207178 0.00561038 0.0546767 
0.00932981 0.514719 0.0209862 0.00195707 0.172525 0.0349655 0.245517 
0.00897737 0.774613 0.0234436 0.000364762 0.123815 0.0171301 0.0516557 
0.0252033 0.324885 0.099737 0.0435849 0.239553 0.120063 0.146974 
0.0790473 0.566625 0.00435515 8.52047e-06 0.129532 0.0157034 0.204729 
0.0314958 0.685115 0.0233538 0.00130621 0.126165 0.00978156 0.122783 
0.013318 0.348989 0.0666595 0.00125011 0.273709 0.0885809 0.207493 
0.0271641 0.648145 0.0244906 0.00173966 0.156915 0.0235159 0.11803 
0.0567947 0.587466 0.0926325 0.00259266 0.17278 0.0304922 0.0572418 
0.035552 0.280006 0.11971 0.000165777 0.237206 0.0562308 0.271129 
0.0108751 0.833993 0.0299389 0.000294407 0.0766027 0.0059908 0.0423055 
0.120904 0.4527 0.077744 0.00454113 0.210007 0.0411265 0.0929772 
0.0218633 0.414917 0.0695893 8.90088e-05 0.230332 0.127988 0.135221 
0.0205935 0.679227 0.0821152 0.00336902 0.134299 0.0349015 0.0454953 
0.00222944 0.61973 0.030869 1.77644e-05 0.132897 0.110267 0.10399 
0.0037144 0.752478 0.0595182 0.000132462 0.113106 0.023137 0.0479145 
0.0127638 0.425344 0.0293719 0.00041088 0.203309 0.0865385 0.242262 
0.0102136 0.676085 0.0455706 0.00341304 0.142279 0.0403919 0.0820467 
0.0398779 0.325682 0.0903792 0.00212712 0.261354 0.0590858 0.221494 
0.0278713 0.380649 0.0841344 0.00717059 0.359231 0.0547624 0.0861817 
