0.00496337 0.0651509 0.039504 1.83085e-05 0.836065 0.00888773 0.0454102 
0.0197859 0.0683825 0.0483632 1.77089e-05 0.777593 0.0280003 0.057857 
0.0860024 0.0606685 0.0717005 0.0133073 0.429177 0.263432 0.0757123 
0.0333487 0.117348 0.0768483 0.00787361 0.540708 0.105101 0.118772 
0.00503054 0.0814921 0.311533 0.00197843 0.41107 0.167038 0.0218584 
0.00999032 0.0878082 0.0643345 0.000973876 0.502993 0.061598 0.272302 
0.0509024 0.278695 0.266111 0.00293905 0.296076 0.0637735 0.041503 
0.0150087 0.08585 0.129857 0.00564798 0.49095 0.0913377 0.181349 
0.177996 0.0519289 0.0802926 0.0298085 0.510166 0.0628644 0.0869438 
0.195272 0.0595104 0.22841 0.00609648 0.305485 0.174122 0.0311048 
0.0654655 0.0743259 0.324929 0.0058466 0.373129 0.0377313 0.118573 
0.0130747 0.015282 0.178624 0.00381911 0.415375 0.0442485 0.329577 
0.0105956 0.094051 0.105926 0.00328077 0.617913 0.0410492 0.127185 
0.0167357 0.0775378 0.039348 7.8575e-05 0.352309 0.247319 0.266672 
0.133624 0.03554 0.221472 0.0525278 0.416904 0.0867766 0.0531547 
0.0551003 0.132769 0.108321 0.0245319 0.235376 0.21117 0.232732 
0.0125203 0.0803897 0.0541614 0.000602005 0.621117 0.0176776 0.213532 
0.127573 0.0724954 0.0916617 0.0762748 0.48666 0.0987354 0.0466001 
0.0403634 0.134408 0.263229 0.0555446 0.273316 0.0833625 0.149776 
0.0059788 0.127176 0.0152072 0.00149148 0.624844 0.0144024 0.2109 
0.115497 0.0570404 0.0691328 0.0353903 0.516538 0.115244 0.0911569 
0.0399562 0.123226 0.0614657 0.00464418 0.337691 0.161572 0.271445 
0.0143947 0.154355 0.297431 0.0182565 0.318325 0.162723 0.0345148 
0.00869094 0.169067 0.0744238 0.00146687 0.475423 0.0538907 0.217038 
0.0565782 0.101396 0.192044 0.00607048 0.411907 0.0556258 0.176378 
0.00824225 0.121367 0.249403 0.00136836 0.489238 0.0285356 0.101845 
0.0235187 0.0387296 0.183482 0.000689631 0.481175 0.0195086 0.252896 
0.047836 0.191599 0.240545 0.0135782 0.436043 0.0230394 0.0473599 
0.0195097 0.177603 0.12307 0.00157794 0.411756 0.109649 0.156834 
0.0264592 0.111006 0.260686 0.0079323 0.483675 0.095466 0.014775 
0.159883 0.0214404 0.149701 0.094897 0.400182 0.0747992 0.0990982 
0.12738 0.0911149 0.0835836 0.031971 0.400218 0.0415052 0.224227 
0.124038 0.0437591 0.0200724 0.00731921 0.606639 0.0575664 0.140606 
0.00308483 0.0648731 0.161807 3.42705e-05 0.574333 0.0598067 0.136061 
0.0174504 0.260869 0.114855 0.000556962 0.503898 0.0240191 0.0783514 
0.011736 0.15799 0.0412402 0.000406329 0.686355 0.0277488 0.074524 
0.0370409 0.155116 0.0344319 0.000659329 0.381215 0.021109 0.370427 
0.140316 0.0574491 0.0662381 0.00851546 0.51782 0.0939944 0.115667 
0.0827044 0.0974951 0.061423 0.00460042 0.529616 0.0662503 0.157911 
0.0359069 0.0717105 0.249462 0.00056832 0.339937 0.146488 0.155928 
0.17532 0.0565794 0.206964 0.0501848 0.349195 0.121202 0.0405549 
0.16332 0.0771158 0.0866797 0.00913577 0.389565 0.160572 0.113611 
0.0120475 0.158501 0.350268 0.00146561 0.385668 0.0480919 0.0439575 
0.0213709 0.0642421 0.143261 0.00735704 0.616775 0.0478586 0.099136 
0.345497 0.0383307 0.0404779 0.00660823 0.348979 0.12424 0.0958669 
0.012904 0.0711109 0.0484796 0.000712492 0.614109 0.0444335 0.208251 
0.0196914 0.106197 0.107308 0.00128067 0.342158 0.146221 0.277144 
0.0413212 0.0846489 0.166664 0.0106784 0.462386 0.0295387 0.204763 
0.0538095 0.094568 0.213879 0.00796289 0.481007 0.0846409 0.0641325 
0.0590503 0.0418778 0.128215 0.0486878 0.394104 0.0757345 0.252331 
0.0274896 0.0845471 0.138074 0.00411482 0.443755 0.153822 0.148197 
0.017659 0.152568 0.227468 0.00281102 0.475509 0.109385 0.0146003 
0.0714198 0.152697 0.0527484 0.000204201 0.29123 0.157133 0.274568 
0.0247641 0.0493171 0.0498711 0.00316184 0.783983 0.0409233 0.0479799 
0.0396919 0.0754499 0.143055 0.00165089 0.53366 0.057647 0.148846 
0.0505023 0.0236478 0.0185224 0.0614655 0.59695 0.135007 0.113905 
0.0103891 0.0464604 0.340049 0.00064565 0.408724 0.124906 0.0688263 
0.0537274 0.0396023 0.0410224 0.0499471 0.51435 0.131427 0.169924 
0.0984815 0.0702521 0.13369 0.0166697 0.454481 0.0782405 0.148185 
0.0136966 0.0649007 0.0825063 0.00073242 0.767865 0.0429788 0.0273196 
0.120109 0.0448198 0.0306742 0.0225738 0.554823 0.0678942 0.159106 
0.0155925 0.118334 0.18273 0.00109621 0.511822 0.0813219 0.0891023 
0.0198677 0.0679599 0.0850302 0.0138641 0.399215 0.127533 0.28653 
0.0219895 0.0960707 0.0624579 0.00114798 0.457643 0.188476 0.172215 
0.0548612 0.126461 0.158572 0.0096439 0.416577 0.128826 0.105059 
0.0778927 0.067561 0.234499 0.0337278 0.363668 0.111506 0.111145 
0.00999087 0.295787 0.0481222 0.00781813 0.451582 0.0335839 0.153116 
0.0139429 0.00790088 0.291379 0.0079702 0.421577 0.21176 0.0454704 
0.0532835 0.0934976 0.184398 0.00492183 0.496884 0.0724056 0.0946087 
0.0206352 0.217107 0.0936051 0.00164685 0.451342 0.0349393 0.180724 
0.0413137 0.129956 0.171048 0.00149633 0.449879 0.0591167 0.147191 
0.0237374 0.111054 0.0250441 0.000103156 0.711267 0.0880597 0.0407345 
0.0313963 0.127367 0.161684 0.002317 0.377201 0.16893 0.131105 
0.0177475 0.117815 0.169199 0.00246191 0.53685 0.109268 0.046658 
0.0264067 0.0890522 0.116604 0.00210501 0.397197 0.0508591 0.317777 
0.0938445 0.081713 0.0323327 0.00235821 0.631412 0.0747075 0.0836325 
0.0244 0.0451288 0.0630921 0.00617647 0.60462 0.170601 0.0859816 
0.0172514 0.105379 0.363901 0.00168224 0.391714 0.0222541 0.0978181 
0.0336571 0.240991 0.0999164 0.0101319 0.321264 0.0626148 0.231425 
0.0709233 0.0519973 0.0627114 0.0030733 0.483241 0.259972 0.0680808 
0.00821624 0.145004 0.0574976 0.00134584 0.569722 0.207094 0.0111209 
0.0302054 0.0504099 0.0450232 0.00243288 0.608727 0.0812931 0.181909 
0.0151787 0.082387 0.0591792 0.00213954 0.643787 0.0551712 0.142157 
0.0850869 0.149675 0.12701 0.0281747 0.333924 0.168298 0.107831 
0.047298 0.102065 0.161292 0.00468663 0.381912 0.159894 0.142852 
0.0868242 0.0682487 0.195858 0.0124065 0.470927 0.0380959 0.12764 
0.224486 0.0560969 0.0616305 0.0337596 0.33429 0.10844 0.181297 
0.0104669 0.0435894 0.101794 8.4527e-05 0.596088 0.0844709 0.163506 
0.151383 0.0731619 0.14238 0.0154595 0.422932 0.089933 0.10475 
0.0211 0.0398527 0.082666 8.83633e-05 0.581335 0.0275563 0.247401 
0.0619183 0.0746384 0.126722 0.00303693 0.387853 0.0540162 0.291815 
0.061148 0.0909938 0.0793986 0.010123 0.525399 0.137447 0.0954908 
1.36645e-05 0.120615 0.0420987 4.74717e-05 0.704721 0.0316989 0.100805 
0.150739 0.0406205 0.0766886 0.0722131 0.290303 0.10953 0.259905 
0.11925 0.101794 0.115415 0.0107628 0.420999 0.15148 0.0802994 
0.00244521 0.0810569 0.214718 4.39321e-05 0.554485 0.0190639 0.128188 
0.0109558 0.228224 0.138935 0.000107602 0.29612 0.0393042 0.286353 
0.0477316 0.0438192 0.0976169 0.00315403 0.467384 0.290608 0.0496868 
0.0151018 0.0662505 0.0331066 0.00281808 0.571119 0.215938 0.0956665 
0.0108776 0.028647 0.187714 0.000808367 0.576918 0.124076 0.0709584 
0.0173595 0.0961019 0.0558565 0.00246273 0.548401 0.203501 0.0763173 
0.0158566 0.0543425 0.0621499 0.000135874 0.69181 0.085775 0.08993 
0.0270751 0.181611 0.0470682 7.58409e-05 0.43158 0.118199 0.194392 
0.069063 0.0832621 0.130813 0.0230823 0.489026 0.0259998 0.178754 
0.0165865 0.158708 0.155008 0.0102647 0.43224 0.0818533 0.14534 
0.0867127 0.0447345 0.211988 0.00928401 0.410513 0.0412895 0.195478 
0.0109464 0.0216334 0.143847 0.000582799 0.496537 0.0468358 0.279618 
0.00974695 0.0600686 0.060865 0.000405738 0.745034 0.0154656 0.108414 
0.190788 0.131716 0.100153 0.00923828 0.214544 0.202122 0.151439 
0.28188 0.016504 0.145163 0.0426622 0.282739 0.118747 0.112304 
0.0299863 0.0617744 0.0934937 0.0154913 0.440822 0.0372483 0.321184 
0.030156 0.0757156 0.0740566 0.000379587 0.642105 0.0339261 0.143661 
0.0194046 0.0523434 0.0668311 0.00222848 0.685233 0.0302762 0.143683 
0.134385 0.0839315 0.201872 0.00384824 0.330539 0.101906 0.143518 
0.169144 0.060955 0.0725643 0.112707 0.293333 0.0711751 0.220121 
0.032403 0.129851 0.0607011 0.00293996 0.707497 0.0186227 0.0479846 
0.0409588 0.106423 0.211896 0.00473585 0.559842 0.0346282 0.0415165 
0.189103 0.0361571 0.165035 0.0285079 0.327209 0.199773 0.0542149 
0.00753264 0.152479 0.095195 2.89703e-05 0.658666 0.0133906 0.072707 
0.0299678 0.148879 0.192097 0.0231162 0.444839 0.0571753 0.103925 
0.0441003 0.254879 0.167518 0.00586842 0.332748 0.0543102 0.140576 
0.00594242 0.192424 0.034184 0.00207813 0.354006 0.0722199 0.339146 
0.0115091 0.11358 0.274946 0.00124181 0.534729 0.0241564 0.0398367 
0.0260752 0.0412909 0.195887 0.00865986 0.495079 0.141442 0.0915659 
0.0147976 0.095757 0.108509 0.00364076 0.5131 0.0487097 0.215487 
0.0433422 0.0890072 0.128985 0.0043852 0.549265 0.0526169 0.132399 
0.0921383 0.177629 0.082482 0.00926442 0.368388 0.0977156 0.172382 
0.015625 0.200469 0.28322 0.00139261 0.380971 0.0327191 0.085603 
0.0334735 0.108515 0.0979887 0.00489894 0.379121 0.218615 0.157388 
0.0170415 0.0951948 0.114834 0.0438182 0.436739 0.0181577 0.274215 
0.00778864 0.0481409 0.090496 0.0100831 0.395706 0.0552167 0.392568 
0.0679964 0.0445089 0.124841 0.0083038 0.579786 0.0414826 0.133082 
0.0335729 0.104657 0.332257 0.000830251 0.428679 0.0602108 0.0397933 
0.118571 0.0678169 0.122179 0.00291686 0.512979 0.0851129 0.090424 
0.0314035 0.105491 0.0703896 0.00346963 0.511815 0.0327616 0.244669 
0.0263212 0.0807924 0.189836 0.0241595 0.608392 0.0372937 0.0332052 
0.0218692 0.029391 0.0544353 0.000759461 0.649423 0.0986074 0.145515 
0.0738999 0.112728 0.197893 0.00440556 0.370835 0.13633 0.103909 
0.0789931 0.246204 0.105402 0.000459277 0.443146 0.0397139 0.0860814 
0.141436 0.0520032 0.26114 0.0185569 0.369062 0.0830205 0.0747819 
0.1177 0.070947 0.19212 0.0256268 0.365689 0.13285 0.0950658 
0.0179459 0.142067 0.0988433 0.00081046 0.572495 0.047479 0.12036 
0.041642 0.0796003 0.028208 0.00109165 0.698421 0.0239336 0.127104 
0.113758 0.0541032 0.229445 0.0312345 0.39411 0.0769263 0.100422 
0.0166432 0.126855 0.135118 0.00547634 0.524922 0.048309 0.142676 
0.0131626 0.0865818 0.239913 0.043017 0.518095 0.0636318 0.0355987 
0.116811 0.161461 0.131595 0.00895488 0.288949 0.146832 0.145397 
0.0564902 0.0848176 0.112208 0.014146 0.370246 0.215584 0.146509 
0.0491692 0.0426364 0.0281214 0.00624691 0.653696 0.0943854 0.125745 
0.116918 0.0418264 0.0672744 0.0819955 0.378609 0.245101 0.0682758 
0.0389519 0.0232766 0.186329 0.00498426 0.547543 0.0853574 0.113557 
0.055135 0.067231 0.119268 0.0252881 0.427994 0.267608 0.0374756 
0.0361812 0.0763034 0.158445 0.00335896 0.62821 0.0488965 0.0486056 
0.133203 0.0248902 0.110613 0.065227 0.452557 0.1525 0.0610097 
0.0419949 0.0863089 0.157767 0.00227071 0.565661 0.0608811 0.0851162 
0.0178885 0.0820322 0.0395624 0.0171363 0.570312 0.0935719 0.179497 
0.109478 0.0891615 0.170334 0.00366528 0.416949 0.0305524 0.17986 
0.023481 0.317131 0.0571563 0.0158407 0.344133 0.0211361 0.221122 
0.00395381 0.203227 0.103744 9.8077e-05 0.35575 0.0653499 0.267877 
0.0383865 0.0835121 0.062218 0.00525827 0.542859 0.193625 0.0741408 
0.0398598 0.113687 0.258561 0.0100125 0.27739 0.0519197 0.24857 
0.0716781 0.0947107 0.10441 0.0066795 0.408139 0.0733489 0.241035 
0.0572339 0.0930794 0.163979 0.011722 0.447903 0.118068 0.108015 
0.0568244 0.0541682 0.30137 0.00840317 0.352377 0.129148 0.0977099 
0.0288556 0.0797131 0.237303 0.00144496 0.506248 0.0433159 0.103119 
0.0304395 0.0638095 0.163352 0.00559646 0.60876 0.0812208 0.046821 
0.127063 0.0510509 0.0128997 0.0295645 0.381918 0.04809 0.349414 
0.075887 0.0788068 0.228565 0.0244846 0.43293 0.0768051 0.0825221 
0.0380918 0.144672 0.200027 0.00241907 0.393509 0.175456 0.0458242 
0.0288629 0.120215 0.129474 0.0553719 0.392222 0.225964 0.0478901 
0.0608282 0.0940958 0.0390805 0.000988465 0.49601 0.0882885 0.220709 
0.0220426 0.168904 0.194518 0.00288114 0.438009 0.111064 0.0625816 
0.0320155 0.102704 0.291439 0.00992884 0.413015 0.105695 0.0452028 
0.0210828 0.226276 0.0505973 0.00011716 0.385749 0.0387565 0.277421 
0.017986 0.183318 0.31992 0.00277526 0.34105 0.0909261 0.0440246 
0.127613 0.0787843 0.152376 0.0171514 0.447778 0.0625919 0.113706 
0.0492622 0.050032 0.0633999 0.0174211 0.498093 0.103658 0.218134 
0.0679964 0.0445089 0.124841 0.0083038 0.579786 0.0414826 0.133082 
0.11132 0.0543907 0.0855443 0.00546638 0.611257 0.0724631 0.0595578 
0.0172514 0.105379 0.363901 0.00168224 0.391714 0.0222541 0.0978181 
0.0553921 0.163981 0.303266 0.000285634 0.345087 0.0540847 0.0779036 
0.00977103 0.0865579 0.123709 0.000191054 0.424426 0.0327221 0.322624 
0.00629201 0.130079 0.355569 0.00190563 0.36472 0.107345 0.0340893 
0.0123681 0.101194 0.219757 0.00219706 0.58379 0.0473807 0.0333138 
0.041642 0.0796003 0.028208 0.00109165 0.698421 0.0239336 0.127104 
0.0736546 0.0254664 0.0635036 0.0155617 0.634421 0.0700829 0.117309 
0.0315635 0.14449 0.169567 0.00103062 0.418998 0.0205591 0.21379 
0.0201046 0.145271 0.212387 0.0114888 0.464465 0.0659366 0.0803471 
0.0171941 0.156816 0.163239 0.0206135 0.445195 0.0964279 0.100515 
0.00702998 0.141491 0.059768 0.005438 0.492868 0.0139202 0.279484 
0.0139314 0.161213 0.062685 0.000924527 0.410555 0.115069 0.235623 
0.00495442 0.132189 0.170747 0.00112362 0.533373 0.02291 0.134703 
0.035975 0.0886333 0.090293 0.00591255 0.497263 0.248022 0.0339003 
0.100543 0.250024 0.0611518 0.000621144 0.410981 0.0238328 0.152846 
0.0646694 0.0356561 0.0766504 0.0141386 0.453755 0.116396 0.238735 
0.0497376 0.0607002 0.102548 0.00419196 0.460651 0.19638 0.125791 
0.0172514 0.105379 0.363901 0.00168224 0.391714 0.0222541 0.0978181 
0.0315378 0.205742 0.13583 0.010062 0.533052 0.0259889 0.057787 
0.0253607 0.11078 0.102288 0.00701745 0.527414 0.0428067 0.184333 
0.000297576 0.0396986 0.353784 5.0618e-06 0.55771 0.00329566 0.0452091 
0.0121863 0.0753694 0.305509 0.00346852 0.435671 0.133344 0.0344524 
0.144363 0.0540548 0.0232252 0.00501526 0.330913 0.250089 0.19234 
0.0459004 0.0837344 0.165359 0.0161014 0.38668 0.068737 0.233488 
0.0551396 0.040194 0.0682807 0.0004911 0.420758 0.37006 0.0450774 
0.0513285 0.0961264 0.042509 0.00512263 0.663247 0.0416638 0.100003 
0.0963489 0.047292 0.075385 0.0306388 0.57814 0.106989 0.0652067 
0.0136809 0.0999971 0.219987 0.00104579 0.581886 0.0147619 0.0686419 
0.0107993 0.0869187 0.150141 0.00904683 0.580368 0.0515484 0.111177 
0.0620509 0.0400386 0.0668863 0.00165441 0.620292 0.0441869 0.16489 
0.0112458 0.0919284 0.11553 0.00172707 0.665876 0.0196754 0.0940175 
0.0278091 0.0446592 0.0312616 0.00417975 0.463024 0.029825 0.399241 
0.0129699 0.0776921 0.0927445 0.00162103 0.508281 0.0418749 0.264816 
0.0499876 0.131006 0.281166 0.00420683 0.412256 0.074685 0.046692 
0.0521505 0.0687303 0.0574551 0.0039245 0.625408 0.0359236 0.156408 
0.31401 0.00195916 0.0102319 0.00692828 0.389167 0.0198456 0.257858 
0.0191406 0.0718003 0.157021 0.0102279 0.619502 0.0525705 0.0697375 
0.017523 0.132051 0.037761 0.00432918 0.401725 0.0171132 0.389497 
0.187705 0.0472502 0.136968 0.00327979 0.290302 0.205453 0.129043 
0.0857361 0.0748938 0.0791324 0.00820417 0.587379 0.0868324 0.077822 
0.0448127 0.120408 0.326612 0.0161184 0.366171 0.0715488 0.0543291 
0.00033495 0.158036 0.0542505 1.33978e-05 0.423133 0.023683 0.340549 
0.0225902 0.307534 0.0524573 0.00143075 0.309219 0.0642273 0.242541 
0.0328961 0.0543244 0.107436 0.00488654 0.589781 0.0943641 0.116311 
0.0400667 0.039704 0.377883 0.00130141 0.395281 0.0182959 0.127468 
0.0224789 0.123076 0.125008 0.0475282 0.403303 0.229408 0.0491976 
0.0332591 0.150816 0.0725978 0.000200232 0.548381 0.0599751 0.134771 
0.0211021 0.125934 0.227823 0.00191361 0.455808 0.0644146 0.103005 
0.0301326 0.0311095 0.0434731 0.00567872 0.324628 0.26887 0.296108 
0.0510964 0.088481 0.157107 0.000474159 0.457209 0.100194 0.145438 
0.0301172 0.0712658 0.0895428 0.0104683 0.417953 0.342264 0.0383894 
0.0141495 0.0593113 0.0388148 0.000721809 0.590828 0.0113842 0.284791 
0.0131584 0.19523 0.242837 0.00137622 0.483847 0.030583 0.0329681 
0.0430789 0.167329 0.0703556 0.00251493 0.454527 0.160236 0.101959 
0.0365462 0.0661481 0.212542 0.00795211 0.419829 0.105963 0.15102 
0.0229294 0.073472 0.134789 0.000130686 0.452806 0.19284 0.123032 
0.0624436 0.242594 0.193754 0.00436872 0.42965 0.0290778 0.0381123 
0.0385566 0.0962273 0.161803 0.00735766 0.540585 0.0521307 0.103339 
0.0213923 0.145563 0.0268372 0.00568152 0.374601 0.31341 0.112515 
0.0114536 0.0639478 0.312322 0.00100178 0.498632 0.0971609 0.0154821 
0.0158269 0.0815985 0.0224628 0.00222909 0.589617 0.0318002 0.256465 
0.033058 0.0625853 0.206596 0.0114966 0.551371 0.0545488 0.0803436 
0.0193194 0.214316 0.178816 0.000617617 0.445803 0.0261711 0.114956 
0.0181849 0.121287 0.275325 0.00237273 0.466905 0.0465226 0.0694025 
0.0112859 0.221112 0.0461191 0.0595856 0.416095 0.175307 0.0704957 
0.0102944 0.102489 0.248202 0.00243122 0.435068 0.163948 0.0375671 
0.0129034 0.17921 0.113882 0.000100991 0.519199 0.0277571 0.146948 
0.0329831 0.0459915 0.182256 0.00335165 0.506697 0.121979 0.106742 
0.0476391 0.0621577 0.347558 0.00870954 0.374292 0.0820611 0.0775825 
0.0278121 0.0701221 0.145981 0.00879069 0.418146 0.265346 0.0638024 
0.0226794 0.102955 0.0491773 0.000608397 0.583025 0.119351 0.122205 
0.0478758 0.119085 0.261434 0.00669416 0.354457 0.0517375 0.158716 
0.0128154 0.0330557 0.363269 0.000753394 0.402598 0.132229 0.0552788 
0.0753552 0.0928498 0.263795 0.00339375 0.406584 0.0683929 0.0896296 
0.182413 0.10391 0.0440454 0.00730403 0.405092 0.0352319 0.222004 
0.0914821 0.0495157 0.115314 0.0101172 0.560983 0.12025 0.0523376 
0.0338755 0.0908741 0.0222545 0.000486893 0.663997 0.065995 0.122517 
0.013864 0.121811 0.179658 0.000802694 0.463101 0.0939844 0.126778 
0.0269997 0.063639 0.260389 0.00137265 0.479031 0.042722 0.125846 
0.0843641 0.0347329 0.252738 0.0449573 0.272656 0.176101 0.134452 
0.0158694 0.308653 0.104771 0.0018048 0.312815 0.156406 0.099681 
0.253744 0.0329694 0.0592669 0.00654871 0.298937 0.0631334 0.2854 
0.0640842 0.0804611 0.274271 0.00162299 0.300808 0.236469 0.0422834 
0.0304558 0.03733 0.082028 0.000100911 0.533733 0.0118948 0.304457 
0.0444138 0.0392401 0.3741 0.00786802 0.393037 0.0529055 0.0884359 
0.020715 0.0748975 0.0393222 0.00186242 0.459287 0.293486 0.11043 
0.0312869 0.0595854 0.171831 0.00100218 0.644085 0.0494392 0.0427705 
0.0602282 0.0838953 0.213646 0.0229569 0.461114 0.111286 0.0468734 
0.0405533 0.0563332 0.143357 0.00339761 0.59164 0.0694719 0.0952467 
0.00981472 0.111997 0.168648 0.000740927 0.478082 0.0203229 0.210395 
0.0217203 0.0869671 0.113427 0.00231472 0.540819 0.0853533 0.149399 
0.00833692 0.0736253 0.042943 0.000107984 0.463464 0.0134815 0.398041 
0.0434168 0.113322 0.0977353 0.0168291 0.554284 0.0535761 0.120837 
0.0612273 0.0756953 0.145768 0.00916168 0.456266 0.158953 0.0929293 
0.0436721 0.091517 0.111184 0.0175083 0.391865 0.087754 0.2565 
0.109478 0.0891615 0.170334 0.00366528 0.416949 0.0305524 0.17986 
0.0132393 0.0733804 0.198594 0.000625995 0.599694 0.0852412 0.029225 
0.00894843 0.0812214 0.0819857 0.000763891 0.493394 0.0283572 0.305329 
0.0482644 0.0663821 0.17634 0.0098118 0.437727 0.103189 0.158286 
0.00921911 0.266794 0.0400623 0.00110464 0.476162 0.0597921 0.146866 
0.0274647 0.0490377 0.14519 0.00687902 0.374646 0.0354746 0.361308 
0.0784673 0.0910788 0.118777 0.00107704 0.491938 0.071457 0.147205 
0.0182601 0.0885865 0.0746546 0.00159012 0.402792 0.0304301 0.383687 
0.0659202 0.10262 0.293584 0.0101106 0.406573 0.0648919 0.0563 
0.064911 0.108342 0.145219 0.0109126 0.317862 0.076924 0.275829 
0.216714 0.0655294 0.114439 0.00152481 0.28506 0.263103 0.0536296 
0.170599 0.0540537 0.208271 0.0243513 0.300408 0.138496 0.10382 
0.0170424 0.167632 0.242391 0.000568776 0.453558 0.0853626 0.0334452 
0.0381473 0.144829 0.0464728 0.0141226 0.33655 0.150949 0.268929 
0.0369588 0.0699919 0.114089 3.24756e-05 0.702398 0.0467071 0.0298228 
0.0252272 0.200358 0.0912547 0.000580991 0.301243 0.165717 0.21562 
0.124512 0.0923867 0.308677 0.0122813 0.321881 0.0972796 0.0429826 
0.0452257 0.0791508 0.0795522 0.00785969 0.637103 0.0477548 0.103354 
0.0442396 0.129775 0.0902185 0.0238325 0.30316 0.292906 0.115868 
0.208031 0.0451511 0.00733919 0.0553753 0.535637 0.0178353 0.130631 
0.213749 0.0517038 0.0779737 0.0210162 0.358808 0.0531521 0.223597 
0.0277155 0.0866041 0.0164758 0.000376861 0.483554 0.0129903 0.372284 
0.0231151 0.0437627 0.0834658 0.000871683 0.633074 0.0746217 0.141089 
0.0542921 0.0452353 0.0634517 0.00607347 0.63854 0.0438734 0.148534 
0.167428 0.123501 0.0514914 0.0128587 0.32941 0.044311 0.271 
0.0944079 0.0580623 0.214042 0.0165543 0.394292 0.0495127 0.173128 
0.0212922 0.10423 0.123133 0.00149081 0.507438 0.0244882 0.217928 
0.026197 0.124531 0.318381 0.00271478 0.361501 0.107465 0.0592108 
0.0210152 0.221267 0.0328332 0.0751706 0.48645 0.0458043 0.11746 
0.0172514 0.105379 0.363901 0.00168224 0.391714 0.0222541 0.0978181 
0.052963 0.157676 0.146196 0.00485726 0.388661 0.0830811 0.166567 
0.06793 0.0361359 0.304516 0.0687234 0.433866 0.0646587 0.0241699 
0.0226141 0.117672 0.20029 0.00600064 0.494226 0.0489574 0.11024 
0.148941 0.044404 0.050545 0.000150266 0.323182 0.124216 0.308562 
0.0106822 0.0783511 0.075153 0.00650579 0.518445 0.0429669 0.267896 
0.0382227 0.0697472 0.220478 0.0155155 0.46671 0.111787 0.0775403 
0.0341089 0.0352709 0.0752599 0.0094977 0.560231 0.0673053 0.218327 
0.0625315 0.0440342 0.262842 0.00810192 0.28106 0.236753 0.104678 
0.0266765 0.126843 0.107078 0.00348605 0.530692 0.129559 0.0756655 
0.0357163 0.207485 0.133743 0.00938831 0.419023 0.0883498 0.106294 
0.0312393 0.0908228 0.172299 0.00103096 0.532871 0.0373119 0.134425 
0.0683302 0.0307814 0.156436 0.000269367 0.510441 0.0446325 0.18911 
0.0541801 0.0508856 0.243566 0.0149008 0.316294 0.098544 0.221629 
0.00638477 0.0791893 0.223153 0.00057981 0.608751 0.0472511 0.0346915 
0.0999111 0.139392 0.106604 0.00617559 0.457781 0.111778 0.0783579 
0.00775178 0.0939607 0.0939228 0.0101712 0.670997 0.0206333 0.102563 
0.0630828 0.0696792 0.0834329 0.0280289 0.626068 0.0615337 0.068175 
0.00339548 0.130681 0.102716 0.000103439 0.499548 0.0230774 0.240479 
0.0513608 0.0495732 0.105799 0.00948931 0.467535 0.0830927 0.23315 
0.147334 0.173391 0.0955422 0.00874718 0.282037 0.0994574 0.193492 
0.0935751 0.067293 0.129972 0.0168863 0.340364 0.286169 0.0657411 
0.132033 0.152669 0.209498 0.0207957 0.327444 0.102116 0.0554453 
0.010451 0.0341639 0.0383734 0.000508424 0.496865 0.33297 0.0866681 
0.07424 0.0334075 0.0376131 0.0185577 0.6418 0.0345454 0.159836 
0.113949 0.0936224 0.226159 0.00116994 0.443907 0.047843 0.0733499 
0.0192686 0.162763 0.224248 0.00359077 0.398782 0.0834188 0.107929 
0.00763752 0.0864831 0.0833333 0.00105652 0.687031 0.0521373 0.0823211 
0.173324 0.0152274 0.0684648 0.0207169 0.442325 0.0858053 0.194137 
0.066111 0.0444637 0.274294 0.0362067 0.350243 0.150764 0.0779186 
0.042038 0.112396 0.0188538 0.00456827 0.433956 0.0291808 0.359007 
0.019418 0.088928 0.259253 0.00681175 0.311314 0.0455297 0.268745 
0.0173736 0.127096 0.0603686 0.0168818 0.339235 0.22264 0.216405 
0.0323537 0.171611 0.156995 0.00823301 0.457091 0.0294302 0.144286 
0.0356332 0.0929937 0.195311 0.0111888 0.33178 0.206008 0.127085 
0.0655121 0.0836268 0.170195 0.00967019 0.456472 0.127088 0.0874357 
0.0308436 0.0758829 0.0581728 0.000256657 0.622715 0.0765391 0.13559 
0.0109642 0.0227582 0.0437153 0.000178211 0.476424 0.00971825 0.436242 
0.0438062 0.131631 0.221803 0.000681294 0.408423 0.0444808 0.149175 
0.0166304 0.136805 0.329832 0.00106064 0.393999 0.0267728 0.0948998 
0.0225042 0.0629591 0.103602 0.00322511 0.628596 0.0100188 0.169095 
0.0857819 0.0835719 0.12083 6.13759e-05 0.524717 0.0634909 0.121546 
0.135503 0.0554634 0.204582 0.0177874 0.393069 0.0649053 0.128689 
0.0464871 0.121716 0.106799 0.00943257 0.540077 0.0426055 0.132884 
0.0157528 0.065694 0.138307 7.0448e-05 0.404106 0.322062 0.0540081 
0.0246614 0.0661742 0.079854 0.000233714 0.357045 0.12156 0.350472 
0.0285656 0.121341 0.178168 0.00805989 0.469627 0.119352 0.0748864 
0.0920496 0.0979873 0.0832949 0.0257378 0.572092 0.0632316 0.0656073 
0.0494543 0.0485734 0.0773734 0.0235097 0.411158 0.228607 0.161324 
0.028037 0.0543209 0.0818264 0.000797964 0.489505 0.141646 0.203867 
0.018868 0.105358 0.0755655 0.00212848 0.549931 0.111281 0.136868 
0.0971345 0.0588508 0.0902885 0.0344818 0.489575 0.170166 0.0595038 
0.0172514 0.105379 0.363901 0.00168224 0.391714 0.0222541 0.0978181 
0.012568 0.0309266 0.202611 0.00689567 0.329835 0.258241 0.158923 
0.0217874 0.116703 0.0248455 0.000913214 0.71737 0.0781763 0.0402047 
0.124079 0.0453046 0.101619 0.0164568 0.374029 0.280914 0.0575975 
0.0931034 0.0806236 0.258797 0.0398782 0.429385 0.0419615 0.0562512 
0.13622 0.0421193 0.0783798 0.00782705 0.668582 0.0283275 0.0385446 
0.0245699 0.0475848 0.004503 0.000652474 0.46884 0.282421 0.17143 
0.265178 0.0955267 0.0303917 0.0116285 0.31566 0.0728338 0.208781 
0.0337173 0.0783501 0.228027 0.00351635 0.514841 0.0765108 0.0650374 
0.221614 0.102731 0.0951306 0.00455959 0.277152 0.2305 0.0683127 
0.010183 0.153475 0.195189 0.0032087 0.331302 0.0305565 0.276085 
0.0110466 0.262389 0.0531629 0.000497084 0.419398 0.0399536 0.213552 
0.0181294 0.138265 0.113285 0.000256915 0.539888 0.0254689 0.164707 
0.0439178 0.0813865 0.0176844 0.00321641 0.641032 0.0877577 0.125005 
0.0071884 0.137117 0.0630665 0.000769584 0.702161 0.0177939 0.0719031 
0.118827 0.0318568 0.0490887 0.00273597 0.407815 0.0930944 0.296582 
0.00938416 0.350787 0.0284556 0.000154715 0.368427 0.145517 0.0972744 
0.0228109 0.0941063 0.154486 0.00401076 0.554615 0.0482237 0.121748 
0.0502946 0.0773792 0.226051 0.0033123 0.442036 0.0862712 0.114656 
0.182336 0.068064 0.138451 0.0149641 0.305966 0.0322797 0.25794 
0.096856 0.0863906 0.24655 0.00946782 0.374442 0.10168 0.0846131 
0.0125506 0.0691033 0.0698486 0.00490021 0.632825 0.0294706 0.181302 
0.0218397 0.0575595 0.0608709 0.000913678 0.430089 0.0455885 0.383139 
0.0306731 0.0522434 0.122388 0.00644753 0.369035 0.358168 0.0610443 
0.0744014 0.0824855 0.0962352 8.8116e-05 0.436814 0.126835 0.183141 
0.0449305 0.0387784 0.304132 0.00183497 0.447363 0.0851725 0.0777889 
0.200067 0.00392933 0.146224 0.0228957 0.50791 0.0525597 0.0664147 
0.0428008 0.0577698 0.12802 0.00214961 0.262103 0.254394 0.252763 
0.0911934 0.246226 0.264852 0.000503194 0.279526 0.0137251 0.103974 
0.0814018 0.231395 0.114685 0.00698524 0.25927 0.185795 0.120468 
0.0128758 0.126762 0.136347 0.00136115 0.592297 0.0282198 0.102138 
0.0794918 0.0912155 0.111673 0.00520002 0.470592 0.1644 0.0774273 
0.111679 0.0363955 0.248718 0.00676333 0.37691 0.111683 0.10785 
0.119584 0.074971 0.0941393 0.0133445 0.356197 0.0472743 0.29449 
0.0267785 0.138873 0.216345 0.00381765 0.485131 0.0880849 0.0409706 
0.0669464 0.0630396 0.054314 0.00418086 0.552034 0.105345 0.15414 
0.000891098 0.145861 0.33871 0.000476216 0.392196 0.0226988 0.0991671 
0.0308447 0.228822 0.0365788 0.00391842 0.333573 0.062542 0.303721 
0.00876367 0.114264 0.130046 0.00461514 0.564672 0.0215943 0.156044 
0.0550438 0.0669725 0.0925321 0.00068052 0.627865 0.104353 0.0525531 
0.128213 0.0836046 0.119818 0.011272 0.31856 0.0334839 0.305049 
0.0606874 0.10921 0.330025 0.00547425 0.337982 0.0815064 0.0751147 
0.00490362 0.0513947 0.0369646 9.43343e-05 0.661539 0.0072921 0.237811 
0.0065196 0.114326 0.170217 0.000999214 0.572356 0.0489979 0.0865843 
0.115982 0.0224347 0.0161535 0.000116216 0.690401 0.13358 0.0213316 
0.0986193 0.0750688 0.0643723 0.0500225 0.449898 0.0709399 0.191079 
0.000891098 0.145861 0.33871 0.000476216 0.392196 0.0226988 0.0991671 
0.0511742 0.0971273 0.0994112 0.00993668 0.449068 0.0738075 0.219475 
0.00369812 0.150831 0.223248 4.5488e-06 0.478106 0.114001 0.0301106 
0.0487356 0.14333 0.122252 0.0036898 0.322912 0.272141 0.0869404 
0.0256615 0.0919603 0.117526 0.00902089 0.588534 0.0942883 0.0730091 
0.0147916 0.0705008 0.365104 0.00027287 0.398665 0.108808 0.0418575 
0.0932315 0.047638 0.0636433 0.0167651 0.512102 0.118196 0.148424 
0.0151447 0.096524 0.0405473 0.00150721 0.414488 0.0485527 0.383236 
0.0338708 0.0824205 0.143312 0.00406645 0.429732 0.0366648 0.269933 
0.0489325 0.0821278 0.166164 0.0150244 0.444963 0.140944 0.101844 
0.0190538 0.0371347 0.0251432 0.000127966 0.77795 0.0552319 0.085359 
0.0400497 0.0683705 0.0495639 0.00713258 0.635707 0.0395055 0.15967 
0.0550006 0.0310008 0.06116 2.05576e-05 0.503496 0.150931 0.198391 
0.168772 0.05726 0.0705767 0.0122026 0.42859 0.0459619 0.216637 
0.0244073 0.128409 0.161395 0.00178296 0.47484 0.129126 0.0800394 
0.0414009 0.0745225 0.170297 0.00480705 0.542376 0.0672492 0.0993477 
0.00885986 0.0665927 0.141683 0.00026607 0.580526 0.141313 0.0607605 
0.00712715 0.134373 0.190491 0.000432252 0.521349 0.0603996 0.0858277 
0.319838 0.0493368 0.014445 0.000411404 0.452914 0.060371 0.102683 
0.0925287 0.0561457 0.29229 0.0295706 0.364673 0.090088 0.074704 
0.186722 0.0314726 0.0424723 0.0138238 0.591126 0.0520469 0.0823372 
0.0773287 0.0162282 0.0200637 0.0146016 0.539866 0.293118 0.0387939 
0.0370602 0.172239 0.137814 0.000357412 0.475214 0.0536611 0.123654 
0.0258319 0.0860393 0.0605104 0.00525845 0.712298 0.0281602 0.0819014 
0.055636 0.122844 0.300954 0.00547416 0.376826 0.0570097 0.081256 
0.118329 0.0993619 0.0821811 0.0149404 0.59195 0.0278917 0.0653459 
0.00940959 0.0986158 0.0325047 0.000705906 0.732433 0.0725266 0.0538044 
0.0214621 0.05674 0.1878 0.00237324 0.422548 0.260542 0.0485343 
0.0235137 0.0949141 0.219398 0.00198543 0.523614 0.0827756 0.0537997 
0.0482644 0.0663821 0.17634 0.0098118 0.437727 0.103189 0.158286 
0.0212296 0.0915419 0.0833902 0.00929316 0.528722 0.0425201 0.223303 
0.042713 0.0936118 0.310932 0.00986489 0.378296 0.121852 0.0427299 
0.00455702 0.12106 0.165011 0.00230926 0.478298 0.0138588 0.214906 
0.0637967 0.0927436 0.222345 0.0102921 0.293151 0.0737295 0.243943 
0.0241132 0.105765 0.0544992 8.16606e-05 0.627861 0.0269699 0.160711 
0.0331584 0.0736041 0.0890078 0.00114369 0.527013 0.171301 0.104772 
0.0362534 0.121915 0.0894316 0.00861069 0.519213 0.0834527 0.141124 
0.0403315 0.165388 0.222095 0.00176426 0.454512 0.0332618 0.0826472 
0.0233501 0.0972086 0.0403892 0.023095 0.466634 0.0320614 0.317262 
0.182336 0.068064 0.138451 0.0149641 0.305966 0.0322797 0.25794 
0.0581844 0.0736842 0.323028 0.00205046 0.342897 0.0851488 0.115007 
0.026896 0.0538791 0.397702 0.00357566 0.434526 0.0324374 0.0509832 
0.0302278 0.19382 0.132475 0.00551183 0.343733 0.217426 0.0768066 
0.0143497 0.116065 0.0892129 0.0112851 0.389103 0.0456436 0.334341 
0.0142473 0.296105 0.0781145 0.0124772 0.304242 0.210942 0.0838712 
0.0196477 0.0434031 0.32667 0.000277855 0.362419 0.199945 0.0476374 
0.139544 0.0704817 0.0939207 0.00541455 0.430007 0.0583263 0.202305 
0.0138204 0.0842155 0.400685 0.00111786 0.411761 0.0388033 0.0495963 
0.0337326 0.106045 0.0621289 0.0273676 0.56809 0.0569231 0.145713 
0.129589 0.055116 0.0592985 0.00214228 0.500643 0.0850469 0.168165 
0.0224108 0.0752629 0.060858 0.00661335 0.603126 0.0226031 0.209126 
0.0275518 0.115201 0.164574 0.00570009 0.487155 0.0985011 0.101317 
0.0825961 0.0787353 0.31996 0.0120856 0.32884 0.0891355 0.0886476 
0.0506395 0.0388959 0.220272 0.00393814 0.453419 0.0802594 0.152576 
0.0306818 0.316394 0.101913 0.00109556 0.353222 0.0944481 0.102245 
0.0568928 0.079134 0.282258 0.000683113 0.365307 0.0605433 0.155181 
0.0389206 0.0960837 0.13701 0.00839105 0.437067 0.123506 0.159022 
0.0377644 0.103777 0.0863267 0.00366602 0.507533 0.0807046 0.180229 
0.198324 0.112753 0.107308 0.00633486 0.327677 0.122421 0.125181 
0.0277361 0.136252 0.0156742 0.00440864 0.470516 0.280532 0.0648807 
0.0157343 0.132482 0.0674305 0.000938686 0.66355 0.0187914 0.101073 
0.0100043 0.185946 0.0827838 0.00149243 0.60423 0.0421274 0.0734164 
0.0149129 0.180659 0.18307 0.000733397 0.39995 0.0496449 0.171029 
0.0614224 0.0632575 0.0821198 0.0124656 0.553008 0.178673 0.0490538 
0.0268525 0.0450084 0.123119 0.0127938 0.727243 0.0367167 0.0282659 
0.163283 0.105998 0.0965576 0.00726027 0.44647 0.112694 0.0677368 
0.0644409 0.0365549 0.0945734 0.00646454 0.447808 0.112308 0.237851 
0.126152 0.0534464 0.0638656 0.00691296 0.546173 0.0855213 0.117929 
0.0520713 0.0613128 0.0451277 0.0152469 0.431625 0.118102 0.276514 
0.113563 0.0670805 0.136569 0.0485211 0.356393 0.19464 0.083233 
0.0154753 0.038605 0.0947473 0.0215569 0.472821 0.038161 0.318633 
0.0161275 0.0557854 0.0504845 0.00395983 0.605397 0.0149755 0.25327 
0.00740523 0.0551487 0.0358532 0.000688642 0.68764 0.0300879 0.183176 
0.0149314 0.0738982 0.0790447 0.000365232 0.796842 0.0235886 0.0113301 
0.208756 0.0562143 0.0231969 0.0154004 0.364805 0.077595 0.254033 
0.0217694 0.123439 0.0654944 0.000282354 0.623528 0.0461156 0.119372 
0.0275564 0.135337 0.326409 0.000433233 0.403605 0.0388456 0.0678137 
0.0134613 0.108824 0.223492 0.0013925 0.399254 0.0889256 0.16465 
0.0211383 0.154976 0.208759 0.00557398 0.421788 0.026524 0.161241 
0.0402133 0.181336 0.20037 0.00145186 0.346532 0.137751 0.0923461 
0.144121 0.0231362 0.113219 0.0991119 0.289172 0.0665307 0.26471 
0.057241 0.081614 0.103167 0.0198675 0.605105 0.0610691 0.0719364 
0.00739594 0.0613503 0.0366476 0.0298116 0.691213 0.11392 0.059662 
0.0386428 0.105592 0.262477 0.00479728 0.398415 0.10469 0.0853861 
0.0449956 0.0672853 0.237482 0.00629561 0.429788 0.0939696 0.120184 
0.0530852 0.0585597 0.0746742 0.00944207 0.442283 0.251819 0.110137 
0.101178 0.0881417 0.285724 0.00753747 0.392461 0.0797044 0.0452537 
0.131818 0.0793097 0.318897 0.00538462 0.337735 0.0496257 0.0772303 
0.0138349 0.38804 0.0412868 0.000202163 0.448246 0.0558437 0.0525459 
0.0322043 0.0303378 0.261104 0.0119896 0.468954 0.123801 0.0716095 
0.0293087 0.11533 0.216503 0.000661984 0.405696 0.149752 0.0827486 
0.0269189 0.0756877 0.0343992 0.000137032 0.500816 0.131381 0.23066 
0.0170076 0.0399086 0.0595521 0.00357682 0.669855 0.136976 0.0731234 
0.0582171 0.0790853 0.0703973 0.0118583 0.604361 0.0795481 0.0965331 
0.0608279 0.213116 0.232407 0.000365511 0.244519 0.0669488 0.181815 
0.0365928 0.0873451 0.0570092 0.000975724 0.533911 0.0818447 0.202322 
0.0816101 0.0692675 0.302794 0.0245023 0.336995 0.0661052 0.118726 
0.0405993 0.0545784 0.161259 0.0127452 0.619132 0.066258 0.0454282 
0.0225716 0.118485 0.0754503 0.00322354 0.452429 0.0447001 0.28314 
0.0681268 0.152353 0.17973 0.0053437 0.430945 0.0820063 0.0814952 
0.0131584 0.19523 0.242837 0.00137622 0.483847 0.030583 0.0329681 
0.0611349 0.0466811 0.0566871 0.0195821 0.516112 0.0654069 0.234395 
0.0174681 0.289511 0.0918343 0.000461988 0.378873 0.0462857 0.175566 
0.0118089 0.121199 0.0895842 7.48786e-07 0.479085 0.0582478 0.240073 
0.0300557 0.0841369 0.152247 0.00400051 0.415527 0.0526894 0.261344 
0.0147215 0.143668 0.0802117 0.000496421 0.369848 0.0523265 0.338727 
0.0218379 0.128859 0.0823512 0.00234381 0.619921 0.0464248 0.098263 
0.0513294 0.0932133 0.196311 0.0187836 0.387003 0.0813475 0.172012 
0.187044 0.012147 0.0808012 0.0641205 0.296619 0.0636546 0.295614 
0.0158412 0.0777286 0.0396152 0.000754645 0.577332 0.0520429 0.236685 
0.0375907 0.0960624 0.0323252 0.00563641 0.475655 0.169963 0.182766 
0.0461376 0.165265 0.099601 0.00961632 0.385728 0.10278 0.190872 
0.0623406 0.065662 0.148853 0.0082419 0.499115 0.0725901 0.143197 
0.0193558 0.0638418 0.232966 0.000376266 0.552318 0.057656 0.0734862 
0.0674088 0.0715636 0.159523 0.00598601 0.506674 0.100471 0.0883738 
0.0715198 0.0814216 0.0401276 0.00142045 0.441052 0.0795033 0.284956 
0.0458342 0.189489 0.116512 7.76574e-05 0.566418 0.037564 0.0441059 
0.0172514 0.105379 0.363901 0.00168224 0.391714 0.0222541 0.0978181 
0.0515993 0.104427 0.269913 0.00882888 0.392774 0.0555096 0.116948 
0.0803698 0.10477 0.240199 0.000843637 0.315215 0.157498 0.101105 
0.0690047 0.0652662 0.263626 0.016666 0.291292 0.254237 0.0399081 
0.0253463 0.0862261 0.127212 0.000615562 0.597952 0.069926 0.092722 
0.0223268 0.0895876 0.227252 0.00962001 0.525737 0.0368743 0.0886016 
0.13534 0.094511 0.0186249 0.0401127 0.536837 0.0621036 0.112471 
0.0195691 0.0717116 0.136409 0.0111367 0.525192 0.0502913 0.185691 
0.0102279 0.315308 0.0297377 0.00214983 0.493421 0.109983 0.0391738 
0.0112836 0.0624197 0.210681 0.0269754 0.419382 0.222328 0.0469302 
0.0751189 0.11713 0.182587 0.012918 0.427146 0.104105 0.0809947 
0.0896182 0.0418282 0.0369138 0.00350552 0.707789 0.0414332 0.0789121 
0.227248 0.065459 0.223484 0.0575845 0.327681 0.0414649 0.0570794 
0.182336 0.068064 0.138451 0.0149641 0.305966 0.0322797 0.25794 
0.0665464 0.0545545 0.0217107 0.0147848 0.575892 0.121857 0.144654 
0.20848 0.120603 0.0956942 0.00677785 0.327826 0.0282715 0.212347 
0.0834182 0.0870161 0.11861 0.015026 0.365851 0.232738 0.0973406 
0.0994233 0.151814 0.0495447 0.0147753 0.327514 0.0993507 0.257579 
0.0584354 0.059783 0.114688 0.00267781 0.579824 0.110983 0.0736093 
0.00573394 0.0496349 0.266383 5.67036e-05 0.628395 0.0051065 0.0446896 
0.0493331 0.0735571 0.124228 0.0187056 0.453262 0.0684755 0.212438 
0.0353277 0.0678402 0.210409 0.0211486 0.447148 0.116762 0.101364 
0.0547205 0.238888 0.0625031 0.00173423 0.484028 0.0679666 0.0901601 
0.0427797 0.110542 0.181274 0.00330248 0.492418 0.084169 0.0855147 
0.0404002 0.282557 0.0273709 0.00497912 0.429673 0.0967601 0.11826 
0.0720294 0.165456 0.187421 0.000397425 0.412111 0.0619727 0.100612 
0.0260716 0.122684 0.106061 0.0005108 0.504995 0.0422062 0.197472 
0.0255923 0.18484 0.161047 0.0029052 0.358144 0.169399 0.0980716 
0.0147916 0.0705008 0.365104 0.00027287 0.398665 0.108808 0.0418575 
0.0240336 0.115746 0.0352303 0.00057311 0.403049 0.0302684 0.3911 
0.00502027 0.14741 0.180833 0.000126784 0.503093 0.0931602 0.0703574 
0.110283 0.0681722 0.192263 0.00732713 0.357059 0.168635 0.0962606 
0.037695 0.0302468 0.275103 0.00492748 0.455956 0.0396231 0.156449 
0.211198 0.108613 0.170182 0.0121681 0.32251 0.0373233 0.138007 
0.043075 0.125055 0.100189 0.000708628 0.375304 0.29306 0.0626081 
0.0353656 0.148464 0.236316 0.000290793 0.47101 0.0305176 0.0780368 
0.0420306 0.0396553 0.266091 0.00540316 0.497921 0.0872064 0.0616926 
0.029712 0.12079 0.0882501 0.00365104 0.558475 0.0566354 0.142487 
0.0444733 0.145804 0.0534804 0.0240466 0.570305 0.0277539 0.134137 
0.0604068 0.0915162 0.194398 0.0124221 0.329611 0.257226 0.0544197 
0.028727 0.1485 0.234564 0.00146431 0.423106 0.112425 0.0512128 
0.0627705 0.113975 0.251482 0.00610992 0.289023 0.205786 0.0708531 
0.0379392 0.0955344 0.0981014 0.0066501 0.33975 0.161617 0.260408 
0.0187358 0.108101 0.0891253 0.0181447 0.37342 0.281952 0.110522 
0.0354685 0.0740286 0.065293 0.0111172 0.474437 0.225427 0.114229 
0.0120636 0.0589022 0.14417 0.00564339 0.688719 0.0476695 0.0428324 
0.00369567 0.122004 0.0689162 0.000852576 0.572613 0.170622 0.0612965 
0.0411626 0.0945112 0.068425 0.000500722 0.647177 0.0373428 0.110881 
0.0215906 0.124121 0.0191593 0.0052104 0.603826 0.0321304 0.193963 
0.0301404 0.12786 0.154832 0.018189 0.369658 0.230956 0.0683648 
0.0543065 0.118079 0.0648419 0.0135163 0.550926 0.0501879 0.148142 
0.0913463 0.0804468 0.132101 0.0140702 0.510039 0.0610871 0.110909 
0.0557872 0.312279 0.0596289 0.000697983 0.419803 0.050247 0.101557 
0.0217494 0.0551663 0.0710909 0.00455967 0.680363 0.0401145 0.126956 
0.0230215 0.0558424 0.0980493 0.00846548 0.607769 0.0505261 0.156326 
0.116821 0.0735808 0.0708629 0.0529461 0.419263 0.0431159 0.22341 
0.0655707 0.15711 0.0121675 0.00149771 0.462678 0.0429381 0.258038 
0.0263518 0.196844 0.114535 0.00655253 0.43964 0.0805054 0.135571 
0.0206348 0.0653281 0.0473071 0.000997406 0.528259 0.0630113 0.274462 
0.148979 0.0328168 0.0829081 0.00239688 0.434058 0.125806 0.173036 
0.00369812 0.150831 0.223248 4.5488e-06 0.478106 0.114001 0.0301106 
0.0113369 0.104996 0.0244047 8.63919e-05 0.600232 0.0106068 0.248338 
0.0402936 0.0341669 0.224145 0.00635193 0.529497 0.0279777 0.137568 
0.184245 0.0230346 0.206928 0.0141606 0.395893 0.0802689 0.0954699 
0.0381107 0.0904001 0.109337 0.00141755 0.640417 0.0476704 0.0726471 
0.0485537 0.116667 0.0255731 0.00836929 0.468602 0.0483235 0.283912 
0.0131366 0.0506152 0.0731542 0.00150561 0.572985 0.0344667 0.254137 
0.0111392 0.0693318 0.110652 0.000664102 0.675508 0.036817 0.0958874 
