0.124382 0.0491238 0.140016 0.0361084 0.0651507 0.547075 0.0381445 
0.0461678 0.0601565 0.161818 0.00741248 0.256011 0.42943 0.039004 
0.0730899 0.0193972 0.0875111 0.0380535 0.103639 0.648986 0.0293234 
0.0187621 0.0833647 0.10329 0.000210623 0.228261 0.472968 0.0931438 
0.0132139 0.0528399 0.0851159 0.000975166 0.202467 0.570459 0.0749287 
0.0520311 0.041239 0.0101747 0.00129533 0.234306 0.458546 0.202408 
0.00416241 0.211694 0.00260134 0.000107638 0.0290797 0.735818 0.0165371 
0.100968 0.0676281 0.0605328 0.0325543 0.286478 0.364803 0.0870359 
0.137685 0.0669108 0.0921038 0.027112 0.250503 0.366719 0.0589661 
0.0963594 0.130899 0.0448814 0.0440741 0.167508 0.350522 0.165756 
0.139511 0.0707232 0.0648324 0.01217 0.298708 0.300271 0.113784 
0.157352 0.0356344 0.10326 0.00319615 0.144143 0.393528 0.162886 
0.00635662 0.0314659 0.0189855 4.44786e-06 0.0414166 0.827493 0.0742783 
0.0744296 0.043309 0.11938 0.0390621 0.277195 0.379996 0.0666277 
0.0293491 0.14164 0.165818 0.00414756 0.263905 0.379478 0.0156626 
0.0672846 0.0192945 0.0947005 0.0512239 0.363952 0.39457 0.00897399 
0.0139605 0.0453248 0.173754 0.0021702 0.192982 0.446132 0.125677 
0.0799858 0.0857951 0.114137 0.00707117 0.221632 0.37957 0.11181 
0.0623165 0.0433488 0.14569 0.00255253 0.0624483 0.623752 0.0598923 
0.00231148 0.0657371 0.0572236 0.000861606 0.124591 0.594812 0.154463 
0.0391249 0.0801656 0.267267 0.0011179 0.242356 0.315494 0.0544735 
0.0837563 0.0411135 0.073563 0.0979456 0.26457 0.35665 0.0824021 
0.103652 0.0983665 0.0554428 0.0136583 0.159998 0.441116 0.127766 
0.10446 0.0153326 0.0655081 0.065649 0.314502 0.411617 0.0229315 
0.0723387 0.0140136 0.146836 0.00123122 0.231983 0.433645 0.0999527 
0.0148796 0.025458 0.320443 0.000609423 0.189386 0.40697 0.0422545 
0.0293005 0.0670768 0.0658285 0.00232601 0.283113 0.511761 0.040594 
0.0391249 0.0801656 0.267267 0.0011179 0.242356 0.315494 0.0544735 
0.0341865 0.0961491 0.0920943 0.0129555 0.310113 0.336599 0.117902 
0.0139482 0.119524 0.147037 0.00143556 0.20006 0.494218 0.0237779 
0.247585 0.0149469 0.0344241 0.0163761 0.126316 0.484038 0.0763149 
0.027987 0.0852865 0.072122 0.00372072 0.357642 0.358932 0.0943095 
0.0168291 0.0718932 0.0757476 0.0034325 0.226846 0.562193 0.0430587 
0.00393021 0.0895851 0.200781 0.000570745 0.149326 0.466347 0.0894599 
0.140867 0.0731792 0.101117 0.0145002 0.192756 0.341262 0.136318 
0.127364 0.0786565 0.0562802 0.0649191 0.0729179 0.56494 0.0349221 
0.0594312 0.0394592 0.204291 0.0776136 0.181033 0.294051 0.144121 
0.122794 0.00925701 0.0315116 0.00726911 0.0443171 0.773624 0.0112269 
0.111003 0.0346719 0.092706 0.0544014 0.281454 0.313901 0.111862 
0.0143178 0.0361397 0.107348 3.74141e-09 0.109618 0.487172 0.245404 
0.00540298 0.0966435 0.0292689 0.0144566 0.154044 0.661107 0.0390777 
0.0152671 0.159449 0.13438 0.00497132 0.257368 0.306358 0.122206 
0.00992804 0.164598 0.0356441 0.000350935 0.0396315 0.72111 0.0287375 
0.0507118 0.0859082 0.0351376 0.00432202 0.102099 0.531447 0.190374 
0.0319051 0.0330126 0.0197217 0.019483 0.215141 0.660084 0.0206517 
0.0328598 0.0918681 0.144654 0.00406132 0.264807 0.359939 0.101811 
0.246409 0.00566637 0.098492 0.000267234 0.184904 0.354781 0.10948 
0.0735085 0.0473634 0.0974618 0.00016431 0.139168 0.484606 0.157728 
0.0108948 0.0478791 0.0201534 0.00141715 0.0714177 0.520402 0.327836 
0.0362945 0.104635 0.0358244 0.00631954 0.352101 0.390541 0.0742854 
0.0934079 0.123291 0.0534348 0.00242561 0.238692 0.413864 0.0748843 
0.0385462 0.0763357 0.071558 0.0108591 0.268815 0.412753 0.121133 
0.0144477 0.113452 0.293305 0.00300916 0.168595 0.324772 0.0824202 
0.0594312 0.0394592 0.204291 0.0776136 0.181033 0.294051 0.144121 
0.0133907 0.0177526 0.0766567 0.0038208 0.125232 0.675377 0.0877704 
0.0042191 0.0670206 0.0595975 0.00230712 0.392298 0.448204 0.0263535 
0.0238728 0.0898235 0.0843018 0.00197153 0.2666 0.491298 0.0421325 
0.153758 0.036251 0.0403967 0.0294864 0.14631 0.494927 0.0988709 
0.0141521 0.036986 0.0201922 0.00330211 0.164308 0.743487 0.0175726 
0.0435292 0.0539735 0.0758963 0.00285944 0.10525 0.69201 0.0264822 
0.0213175 0.080758 0.0136748 0.000108391 0.238801 0.355333 0.290008 
0.0400816 0.105317 0.218563 0.00107698 0.225639 0.372347 0.0369747 
0.0623646 0.0698131 0.170675 0.0098042 0.199193 0.45728 0.03087 
0.0698396 0.192304 0.193339 0.0122237 0.224469 0.256546 0.0512792 
0.260879 0.0187121 0.0854297 0.0464001 0.187134 0.37354 0.0279064 
0.00396544 0.0148954 0.0948131 2.59837e-05 0.306596 0.57166 0.00804436 
0.0871887 0.0183062 0.129753 0.00910242 0.328653 0.330639 0.0963575 
0.0159563 0.0323513 0.0696162 0.00230005 0.192407 0.580518 0.10685 
0.0159136 0.130679 0.0827761 0.00396506 0.133245 0.565369 0.0680523 
0.015838 0.0658023 0.0900193 0.000506844 0.311113 0.414131 0.10259 
0.104327 0.0299792 0.15939 0.0130468 0.204952 0.328459 0.159846 
0.142891 0.0556984 0.00933976 0.0105693 0.324437 0.41975 0.0373142 
0.0336569 0.0586894 0.0600695 0.0024571 0.178513 0.559836 0.106778 
0.144036 0.0344408 0.0319701 0.0385623 0.139291 0.52775 0.0839506 
0.0123873 0.0576643 0.281206 0.00190622 0.169907 0.467598 0.00933089 
0.014861 0.181974 0.203371 0.0878788 0.126268 0.325379 0.0602679 
0.0785758 0.0512372 0.146689 0.00268988 0.329572 0.345596 0.0456405 
0.0683825 0.0475131 0.053538 0.000668132 0.289175 0.403982 0.136741 
0.0207584 0.254323 0.019653 0.000512528 0.0325934 0.661516 0.0106436 
0.00151819 0.00842913 0.142531 0.00141416 0.323137 0.519776 0.00319443 
0.00893038 0.0479782 0.337567 0.012405 0.160827 0.413226 0.0190665 
0.00370027 0.040659 0.0217907 0.000665515 0.25027 0.453123 0.229791 
0.0183429 0.0396157 0.0459539 7.05398e-05 0.305058 0.538735 0.0522242 
0.0407235 0.129089 0.00713901 0.0349546 0.362649 0.390877 0.0345692 
0.00183995 0.0142195 0.310561 0.000845303 0.105676 0.481247 0.0856106 
0.00396544 0.0148954 0.0948131 2.59837e-05 0.306596 0.57166 0.00804436 
0.138895 0.0199986 0.0429228 0.053993 0.178925 0.508216 0.0570485 
0.035113 0.0585209 0.0590131 0.0174567 0.27895 0.488291 0.0626552 
0.0213235 0.0456635 0.0983883 0.00160279 0.0981347 0.670565 0.0643222 
0.0153594 0.0791811 0.0630791 0.00304289 0.101055 0.684335 0.0539477 
0.0853863 0.088515 0.0716167 0.00425072 0.0977826 0.619841 0.0326076 
0.0151519 0.0352625 0.0120832 0.00397266 0.208143 0.530267 0.19512 
0.205443 0.110189 0.0586529 0.00365132 0.248455 0.362373 0.0112359 
0.0331825 0.112848 0.126788 0.00191159 0.288404 0.380238 0.0566282 
0.0603677 0.0880923 0.0518613 0.0378519 0.204964 0.475735 0.081128 
0.0586296 0.125303 0.209735 0.151498 0.147842 0.231112 0.07588 
0.0791479 0.0660246 0.20156 0.00767514 0.277953 0.297598 0.0700414 
0.0792638 0.012097 0.00578273 0.00217019 0.115726 0.780128 0.00483155 
0.250045 0.00289855 0.000364611 4.40969e-05 0.259793 0.470144 0.0167119 
0.0323428 0.0689848 0.132097 6.78171e-05 0.311181 0.413379 0.0419474 
0.151297 0.0135707 0.015842 0.0275106 0.109308 0.605469 0.0770027 
0.0603491 0.135194 0.0477094 0.000398337 0.19602 0.300299 0.26003 
0.138325 0.105158 0.0368744 0.0442037 0.242525 0.359132 0.0737826 
0.0476904 0.0291031 0.240087 0.0265039 0.155733 0.37515 0.125733 
0.0623276 0.0587622 0.100388 0.000739749 0.204082 0.34279 0.23091 
0.00396544 0.0148954 0.0948131 2.59837e-05 0.306596 0.57166 0.00804436 
0.0565091 0.0984543 0.251587 0.0138358 0.230295 0.289016 0.0603032 
0.0135035 0.0100662 0.00960509 0.00325006 0.0299918 0.916981 0.0166025 
0.00724131 0.064363 0.0639862 0.00219718 0.134945 0.619383 0.107885 
0.00249983 0.101756 0.131398 1.03417e-05 0.285373 0.459195 0.0197673 
0.124346 0.0655358 0.0254235 0.0151507 0.23671 0.468661 0.0641729 
0.112097 0.0702225 0.258561 0.00812365 0.220894 0.280745 0.0493568 
0.10835 0.0175412 0.0257868 0.010174 0.24026 0.409115 0.188773 
0.00904473 0.144046 0.00497412 0.000762985 0.260193 0.540418 0.0405605 
0.0160424 0.0719789 0.102151 0.00482367 0.13816 0.609474 0.0573705 
0.000577496 0.0424257 0.0870415 0.00131492 0.101821 0.761044 0.00577562 
0.0950287 0.0197869 0.241359 0.0298629 0.213292 0.372653 0.0280182 
0.0273054 0.0708932 0.0498044 0.00112732 0.260395 0.574873 0.0156022 
0.0312178 0.0840843 0.169806 0.000422846 0.24101 0.386758 0.0867006 
0.0391161 0.106594 0.17906 0.000834819 0.230945 0.373386 0.0700638 
0.0108174 0.132706 0.230929 0.00609917 0.282997 0.29147 0.0449812 
0.0206051 0.373349 0.0547324 0.000983995 0.120443 0.383415 0.046471 
0.0317924 0.0759831 0.0413535 0.00618074 0.33666 0.362659 0.145371 
0.00606535 0.00407014 3.76924e-05 3.83518e-05 0.161202 0.760868 0.0677177 
0.0269248 0.0799961 0.0165819 0.00199886 0.180665 0.575602 0.118232 
0.127522 0.0248152 0.0489364 0.0185702 0.109322 0.623314 0.0475207 
0.0403629 0.115315 0.083187 0.000121763 0.316044 0.34127 0.103699 
0.0283311 0.0522484 0.121474 0.00260435 0.243851 0.387332 0.16416 
0.0575274 0.0485571 0.0400944 0.00043289 0.372036 0.409946 0.0714071 
0.0289961 0.0945372 0.255259 0.0147386 0.23455 0.298243 0.0736765 
0.0207584 0.254323 0.019653 0.000512528 0.0325934 0.661516 0.0106436 
0.0187392 0.0719103 0.193173 0.00364919 0.227041 0.45015 0.0353376 
0.0877533 0.036558 0.162189 0.00380835 0.109005 0.540308 0.0603787 
0.0266834 0.0884053 0.0573554 0.0225251 0.336988 0.411669 0.0563742 
0.017566 0.0801638 0.0259794 0.000910435 0.274619 0.54662 0.0541413 
0.0604426 0.0604674 0.0344379 0.0131071 0.270668 0.458961 0.101916 
0.00038883 0.442037 0.00494333 1.69917e-05 0.00176134 0.455234 0.0956185 
0.0310371 0.0648573 0.0854353 0.0209011 0.231727 0.298643 0.267399 
0.00346962 0.0598787 0.0270951 0.000124575 0.131345 0.76712 0.0109668 
0.105468 0.0116965 0.116301 0.0143456 0.22998 0.470788 0.051421 
0.0490179 0.0636434 0.0904818 0.0343199 0.220596 0.400307 0.141634 
0.0042191 0.0670206 0.0595975 0.00230712 0.392298 0.448204 0.0263535 
0.0637026 0.044054 0.0909607 0.00316782 0.128084 0.634148 0.0358828 
0.195077 0.0881615 0.045772 0.05568 0.111085 0.431199 0.0730253 
0.0632965 0.0263704 0.0790198 0.00385209 0.168538 0.631777 0.0271456 
0.00423501 0.00995311 0.00136154 0.00036383 0.0245969 0.908528 0.0509616 
0.0646662 0.0545025 0.0383808 0.171867 0.13776 0.517174 0.015649 
0.0251438 0.167491 0.061053 0.00723991 0.175815 0.532663 0.030594 
0.105577 0.0556574 0.0458771 0.0165914 0.155722 0.525855 0.0947201 
0.0157228 0.0212184 0.0633255 0.000502449 0.128528 0.756366 0.0143367 
0.036905 0.0517882 0.174172 0.0131543 0.330826 0.37849 0.0146649 
0.100067 0.0280109 0.184926 0.025685 0.298717 0.304283 0.0583105 
0.00436971 0.0136542 0.00596641 3.88729e-06 0.0409293 0.862424 0.0726524 
0.0124168 0.165637 0.0598352 0.000531868 0.277253 0.437963 0.0463629 
0.0319887 0.0951711 0.141484 0.0121133 0.323459 0.3283 0.0674831 
0.0380483 0.0734631 0.065342 2.1593e-05 0.244939 0.511262 0.0669239 
0.0289901 0.111427 0.10757 0.000922788 0.265952 0.455008 0.0301298 
0.0159069 0.0702533 0.130621 0.000590834 0.199972 0.549884 0.0327724 
0.178907 0.16174 0.0931524 0.058794 0.148005 0.185766 0.173634 
0.0624038 0.117795 0.126519 0.00991692 0.256223 0.298 0.129142 
0.117653 0.0422051 0.0508672 0.00188829 0.19311 0.5042 0.090077 
0.0191744 0.0319175 0.03163 0.00107288 0.376148 0.377738 0.162319 
0.0933679 0.0447128 0.127315 0.0138414 0.27509 0.405769 0.0399038 
0.0245321 0.10889 0.0677091 0.000568785 0.196336 0.55998 0.0419839 
0.00085056 0.0304908 0.0029152 4.975e-07 0.0331401 0.796849 0.135754 
0.0137996 0.0114477 0.0867313 1.66287e-05 0.122734 0.722857 0.0424135 
0.00299604 0.050115 0.127052 0.00564712 0.111734 0.668329 0.034127 
0.034078 0.0960468 0.109013 0.00344806 0.16027 0.479548 0.117597 
0.291563 0.0422519 0.0839451 0.0469799 0.118615 0.374655 0.0419899 
0.107967 0.0231309 0.0789939 0.0143966 0.203654 0.495946 0.0759122 
0.0702116 0.145039 0.0678843 0.00904497 0.208525 0.427089 0.0722066 
0.0166326 0.108462 0.182829 0.00034054 0.25572 0.308676 0.12734 
0.0441751 0.0763132 0.129771 0.00503327 0.182529 0.428855 0.133324 
0.0838623 0.0666081 0.203947 0.0203897 0.0775782 0.459163 0.0884514 
0.0767676 0.189633 0.0924818 0.197384 0.0937122 0.23669 0.113331 
0.0897749 0.00904942 0.155266 0.0139481 0.199711 0.508011 0.0242389 
0.0247496 0.0147716 0.0848056 0.000510663 0.0576442 0.772185 0.0453333 
0.000111718 0.00829746 0.000117083 3.09643e-06 0.000112628 0.976247 0.0151112 
0.00860915 0.110073 0.0240443 0.000357316 0.275254 0.367462 0.2142 
0.0609354 0.0718498 0.166642 0.0067754 0.306118 0.319114 0.0685648 
0.0148796 0.025458 0.320443 0.000609423 0.189386 0.40697 0.0422545 
0.00700031 0.0494949 0.204741 3.38635e-05 0.326693 0.400046 0.0119906 
0.267132 0.0421885 0.0678741 0.0348848 0.243899 0.300194 0.0438279 
0.0190236 0.0535114 0.0438117 0.0117697 0.269523 0.322874 0.279487 
0.0701581 0.0404637 0.0314871 0.0565763 0.2429 0.407793 0.150622 
0.0161435 0.184337 0.0357686 0.000445418 0.289574 0.43925 0.0344812 
0.182455 0.0680003 0.0698278 0.0564713 0.145766 0.40037 0.0771093 
0.00396544 0.0148954 0.0948131 2.59837e-05 0.306596 0.57166 0.00804436 
0.068678 0.0536313 0.00862827 0.00458711 0.251781 0.519494 0.0932001 
0.0207584 0.254323 0.019653 0.000512528 0.0325934 0.661516 0.0106436 
0.00458138 0.105914 0.251311 0.0105867 0.136671 0.35535 0.135586 
0.0189612 0.0809405 0.0972289 0.0051438 0.168415 0.542086 0.0872248 
0.0711985 0.0522082 0.00943247 0.000666596 0.251981 0.529498 0.0850151 
0.00837869 0.0164661 0.0129915 0.00209928 0.155898 0.767257 0.0369097 
0.130795 0.0147364 0.0852006 0.000965615 0.27766 0.422003 0.0686399 
0.0528686 0.0389874 0.0969566 0.0201799 0.338028 0.387565 0.0654146 
0.095082 0.129539 0.157729 0.0582947 0.232176 0.265579 0.0616005 
0.0085892 0.0707633 0.0274903 0.00161939 0.0654022 0.782247 0.0438887 
0.252472 0.0627169 0.0161764 0.0298728 0.225279 0.254382 0.159101 
0.180987 0.0580149 0.0656309 0.0187017 0.19713 0.408086 0.0714496 
0.0181287 0.09384 0.0199525 0.00022406 0.26272 0.512953 0.0921821 
0.0437185 0.0851478 0.0340151 0.000455844 0.236095 0.35067 0.249898 
0.0222949 0.0898101 0.16574 0.000536494 0.187088 0.439667 0.0948634 
0.0328724 0.195948 0.0404796 0.000235262 0.214197 0.428432 0.0878352 
0.273226 0.00628376 0.166629 0.0197447 0.0907689 0.421841 0.0215061 
0.0193598 0.059457 0.0636637 0.000509642 0.121737 0.625942 0.109331 
0.00209049 0.0452094 0.00758841 6.01228e-05 0.0539636 0.781286 0.109802 
0.0638663 0.159421 0.147638 0.00374139 0.152974 0.395022 0.0773362 
0.0785917 0.064905 0.117634 0.0157537 0.267177 0.398978 0.0569606 
0.000444135 0.00982942 0.0166097 2.52009e-05 0.00538202 0.908814 0.0588951 
0.0739157 0.00610859 0.0394831 0.0262424 0.189352 0.64475 0.0201482 
0.0207417 0.0811536 0.283988 0.00967514 0.215207 0.334182 0.055053 
0.0672409 0.0525735 0.124005 0.0100619 0.285783 0.294972 0.165363 
0.236443 0.154269 0.0743677 2.80568e-05 0.13989 0.380525 0.0144778 
0.0785758 0.0512372 0.146689 0.00268988 0.329572 0.345596 0.0456405 
0.0236502 0.0752128 0.0529687 0.00140405 0.0761895 0.759568 0.0110069 
0.0979725 0.030555 0.166184 0.00818197 0.221565 0.43155 0.0439916 
0.029084 0.236255 0.143819 0.00568856 0.11706 0.423251 0.0448425 
0.0109379 0.0795659 0.0810412 0.082561 0.29794 0.310841 0.137112 
0.198644 0.0153695 0.0393319 0.0313051 0.149411 0.326644 0.239295 
0.198967 0.103585 0.146321 0.0131794 0.165927 0.198991 0.17303 
0.064112 0.134105 0.10232 0.00191777 0.263016 0.321171 0.113357 
0.0366922 0.046769 0.0588867 0.0179197 0.297336 0.469593 0.0728032 
0.0349041 0.0552241 0.0150714 0.00754394 0.199367 0.521586 0.166304 
0.0336569 0.0586894 0.0600695 0.0024571 0.178513 0.559836 0.106778 
0.103467 0.0126292 0.0748183 0.0201449 0.304447 0.461133 0.0233601 
0.0608791 0.0698954 0.125633 0.00797283 0.279453 0.31381 0.142357 
0.015352 0.0592623 0.228024 2.65726e-05 0.161712 0.305837 0.229786 
0.0673732 0.0343931 0.054173 4.57824e-05 0.322334 0.484382 0.0372992 
0.00301592 0.180324 0.223023 2.65626e-05 0.227446 0.301538 0.064627 
0.00818953 0.0588812 0.0968978 0.000122225 0.0815004 0.742924 0.0114846 
0.0646662 0.0545025 0.0383808 0.171867 0.13776 0.517174 0.015649 
0.0785758 0.0512372 0.146689 0.00268988 0.329572 0.345596 0.0456405 
0.0328598 0.0918681 0.144654 0.00406132 0.264807 0.359939 0.101811 
0.0666076 0.0460691 0.070395 0.00776111 0.265233 0.513714 0.0302201 
0.0635671 0.126449 0.0144152 0.000113043 0.340017 0.395527 0.0599111 
0.029521 0.081993 0.0977655 0.000405249 0.239902 0.304992 0.24542 
0.0175214 0.0629956 0.130298 0.00934578 0.21802 0.478478 0.083342 
0.0392041 0.250462 0.0193463 0.000341412 0.190054 0.452821 0.0477713 
0.0233499 0.141674 0.121805 0.0504604 0.261842 0.334329 0.0665389 
0.0542008 0.032021 0.0316601 0.00493387 0.328357 0.429621 0.119207 
0.0595767 0.0825693 0.0500495 0.0458 0.197325 0.524479 0.0402 
0.0238848 0.152597 0.156519 0.00150724 0.289126 0.314551 0.0618149 
0.00430615 0.0262933 0.0662744 0.00498208 0.223121 0.656128 0.0188944 
0.0744544 0.152782 0.184092 0.00045964 0.176679 0.372206 0.0393278 
0.0634166 0.111419 0.263136 0.0056764 0.074703 0.379631 0.102018 
0.0810326 0.0872448 0.121658 0.0636816 0.297767 0.321788 0.0268285 
0.047131 0.200591 0.0971822 0.00168114 0.232702 0.323475 0.097237 
0.00287457 0.123366 0.267298 2.362e-05 0.0960728 0.369221 0.141144 
0.0558476 0.113747 0.0654608 0.0305619 0.275296 0.371702 0.0873845 
0.0194004 0.0195828 0.175218 1.31965e-05 0.149545 0.611975 0.0242658 
0.0207584 0.254323 0.019653 0.000512528 0.0325934 0.661516 0.0106436 
0.0110341 0.0940975 0.170699 0.196529 0.103553 0.346022 0.0780652 
0.0245502 0.146618 0.0445775 0.00086327 0.336195 0.372666 0.0745307 
0.0206538 0.152933 0.0586237 0.111147 0.148271 0.354248 0.154123 
0.0417989 0.0839336 0.0952883 0.0019454 0.205162 0.291521 0.28035 
0.0308672 0.0603984 0.0828924 0.00868109 0.196085 0.575823 0.0452534 
0.0126862 0.0477044 0.173562 0.000611162 0.330973 0.40648 0.0279835 
0.0138973 0.0512801 0.0162914 0.00567106 0.15938 0.602979 0.150501 
0.0362432 0.116079 0.039408 0.0394326 0.103954 0.611507 0.0533772 
0.0458374 0.0989645 0.0240734 0.0571716 0.183891 0.456515 0.133548 
0.0125523 0.0859481 0.127038 0.00148957 0.281303 0.348241 0.143428 
0.0291775 0.0872882 0.0150609 0.000570349 0.251443 0.525919 0.0905412 
0.0259368 0.0725395 0.104005 0.00352 0.145243 0.583355 0.065401 
0.0196923 0.0623412 0.155124 0.00441386 0.195748 0.488815 0.0738652 
0.0261811 0.0930603 0.0319494 0.00778696 0.246774 0.541876 0.0523729 
0.106381 0.0633386 0.0533657 0.00698423 0.0774878 0.633095 0.0593474 
0.203028 0.0599614 0.0904499 0.0160337 0.0666717 0.448279 0.115575 
0.0407237 0.087473 0.0970015 0.00171401 0.19799 0.51859 0.0565085 
0.0261657 0.142009 0.0806014 4.96983e-05 0.216392 0.381812 0.15297 
0.0176106 0.145257 0.110147 0.00312176 0.28335 0.351647 0.0888673 
0.113967 0.116174 0.126259 0.00521565 0.189041 0.28991 0.159433 
6.90455e-05 0.0106577 0.08652 0.000151361 0.0715393 0.732601 0.0984614 
0.0412046 0.0460457 0.0925098 0.00434788 0.110531 0.681957 0.0234032 
0.116917 0.0162507 0.124467 0.0148793 0.172963 0.522256 0.032267 
0.114739 0.0305293 0.144757 0.00798839 0.209555 0.449796 0.0426356 
0.0785758 0.0512372 0.146689 0.00268988 0.329572 0.345596 0.0456405 
0.0726384 0.0211487 0.0399711 4.8095e-06 0.262216 0.563258 0.0407628 
0.0932894 0.0551955 0.118797 0.0576695 0.20054 0.348716 0.125793 
0.161244 0.0353048 0.0498347 0.060939 0.171287 0.363983 0.157408 
0.095309 0.02644 0.209892 0.00519342 0.0663129 0.584174 0.0126792 
0.0350733 0.084942 0.0732448 0.00352887 0.0955593 0.673356 0.0342958 
0.0477795 0.0763421 0.0287854 0.00265396 0.132273 0.659929 0.052237 
0.0396917 0.0505318 0.101519 0.0169769 0.148686 0.619813 0.0227808 
0.0935619 0.0924033 0.250933 0.0511696 0.185837 0.275972 0.0501238 
0.0267745 0.195809 0.0964077 1.63988e-05 0.234988 0.298316 0.147689 
0.0319657 0.0553603 0.258748 0.00474444 0.200579 0.40541 0.043192 
0.0734314 0.0276852 0.051314 0.0228313 0.228002 0.529946 0.0667897 
0.180052 0.0342649 0.154204 0.148257 0.178653 0.209832 0.0947368 
0.0862438 0.0771885 0.0360802 0.00336214 0.116159 0.592433 0.0885338 
0.015598 0.0748976 0.103177 0.00112371 0.115278 0.633548 0.0563781 
0.0554589 0.0870243 0.094139 0.000457992 0.176549 0.353509 0.232862 
0.0785758 0.0512372 0.146689 0.00268988 0.329572 0.345596 0.0456405 
0.00344146 0.174959 0.0144286 1.45092e-05 8.22755e-05 0.517694 0.28938 
0.0696841 0.0374415 0.327412 0.0096194 0.158438 0.375016 0.0223891 
0.0191686 0.0652959 0.121757 0.000523787 0.0546639 0.652326 0.0862654 
0.0514434 0.0107212 0.0718805 0.00360329 0.284874 0.485815 0.0916621 
0.0775797 0.0732824 0.144502 0.0135997 0.313368 0.336858 0.0408102 
0.0277956 0.0778014 0.0452463 0.00173057 0.185054 0.498151 0.164221 
0.126103 0.0601218 0.0285467 0.0119841 0.194731 0.534639 0.0438747 
0.126421 0.0280575 0.262387 0.0242026 0.249736 0.273634 0.0355624 
0.196002 0.00727722 0.017024 0.0592088 0.197143 0.270633 0.252713 
0.025766 0.0875932 0.0780729 0.0121896 0.159541 0.463295 0.173542 
0.0120175 0.0529144 0.168016 0.00108818 0.290453 0.32784 0.147671 
0.0302148 0.131045 0.0413653 0.00640837 0.224705 0.496613 0.069648 
0.0493889 0.060984 0.0590822 0.000793642 0.210313 0.475399 0.14404 
0.051242 0.0589828 0.0365648 0.0112724 0.208007 0.554472 0.079459 
0.0335339 0.107411 0.195348 0.00585141 0.258028 0.278858 0.12097 
0.0500928 0.101442 0.0496057 0.0934098 0.244186 0.323697 0.137567 
0.0191067 0.0310273 0.0177294 0.00152779 0.0616391 0.740182 0.128787 
0.0364437 0.165472 0.226052 0.00676662 0.134768 0.409623 0.0208746 
0.0440437 0.205882 0.135857 0.010017 0.265319 0.281937 0.0569451 
0.0432524 0.117979 0.224911 0.00383803 0.146655 0.279362 0.184002 
0.307849 0.0243134 0.0345828 0.000464575 0.232423 0.363075 0.0372921 
0.0508478 0.0136943 0.152707 4.38223e-05 0.183132 0.576638 0.0229359 
0.0738857 0.120111 0.0972241 0.0255996 0.235502 0.406391 0.0412871 
0.0424852 0.308456 0.0345323 0.000194205 0.184393 0.342665 0.0872741 
0.00935601 0.0129081 0.326759 3.46295e-05 0.171306 0.443721 0.0359147 
0.0174715 0.27233 0.0231103 0.00207753 0.111669 0.446265 0.127077 
0.00631554 0.0801215 0.0365547 0.00548451 0.0828742 0.689697 0.0989526 
0.092174 0.0354732 0.0448957 0.0129698 0.11016 0.627165 0.0771618 
0.0178829 0.0602917 0.290026 0.000406624 0.212566 0.356617 0.0622093 
0.0895897 0.139633 0.0359085 0.043931 0.258599 0.41069 0.0216481 
0.189524 0.0720817 0.140942 0.00806223 0.184627 0.332864 0.0718988 
0.0128999 0.045509 0.190437 0.00173166 0.285042 0.331782 0.132599 
0.0399623 0.084988 0.210693 0.0203808 0.291181 0.306393 0.046402 
0.105022 0.030747 0.203981 0.0629337 0.226367 0.330256 0.0406937 
0.137685 0.0669108 0.0921038 0.027112 0.250503 0.366719 0.0589661 
0.0477891 0.0534794 0.115585 0.00354426 0.135224 0.619896 0.0244822 
0.0197556 0.0836169 0.0590646 0.00160074 0.143865 0.56789 0.124207 
0.000202035 0.0209242 0.0104406 5.4912e-05 0.0145556 0.882666 0.0711565 
0.0107068 0.080869 0.17694 0.00195596 0.255868 0.321153 0.152507 
0.0170276 0.102352 0.0378548 0.000557388 0.271811 0.409577 0.160821 
0.0772346 0.0477969 0.0627179 0.0200707 0.125317 0.632366 0.0344971 
0.0166688 0.0846009 0.0895547 0.00246143 0.137091 0.626827 0.0427956 
0.0785758 0.0512372 0.146689 0.00268988 0.329572 0.345596 0.0456405 
0.0641603 0.0344986 0.10002 0.00727502 0.242698 0.411326 0.140022 
0.00964057 0.0223762 0.1919 0.0010582 0.0524813 0.648805 0.073739 
0.0308979 0.119126 0.0488762 0.0151965 0.225117 0.369543 0.191243 
0.0544606 0.114062 0.0528524 0.00557738 0.242776 0.472733 0.0575387 
0.199234 0.0468858 0.0328632 0.0421181 0.294726 0.302034 0.0821388 
0.0121752 0.0304806 0.0681158 0.00217178 0.143837 0.413537 0.329683 
0.0498958 0.0991128 0.127791 0.00229805 0.198967 0.449172 0.0727637 
0.171855 0.132238 0.138259 0.013026 0.179728 0.206627 0.158267 
0.0452893 0.0351418 0.257022 0.0367958 0.211761 0.362485 0.0515053 
1.20428e-05 5.87544e-09 7.95001e-09 2.31e-08 4.54371e-05 0.999867 7.5533e-05 
0.0750074 0.0357874 0.232765 0.023437 0.180341 0.390666 0.0619965 
0.168905 0.0481438 0.115943 0.0178594 0.144483 0.296548 0.208118 
0.144026 0.0287578 0.0401264 0.031644 0.156732 0.491588 0.107126 
0.0150937 0.0608565 0.0559255 0.00171121 0.121093 0.695395 0.0499254 
0.0603677 0.0880923 0.0518613 0.0378519 0.204964 0.475735 0.081128 
0.0843561 0.00574929 0.00737583 0.0318093 0.13923 0.674075 0.0574037 
0.0361832 0.110998 0.155486 0.00287436 0.18592 0.377221 0.131318 
0.0149959 0.111079 0.218569 0.00439316 0.19951 0.423871 0.0275827 
0.0242548 0.0913213 0.137096 0.0238836 0.280284 0.379555 0.0636057 
0.0275605 0.0418939 0.0471001 0.000857269 0.121272 0.557875 0.203442 
0.0683316 0.1081 0.115503 0.00528154 0.177389 0.459874 0.065521 
0.0569379 0.117954 0.115606 0.000416256 0.143586 0.521355 0.0441449 
0.0685358 0.183842 0.0902225 0.00124398 0.215212 0.292077 0.148867 
0.223347 0.050903 0.0293839 0.00312372 0.261677 0.395414 0.0361513 
0.0252549 0.0958408 0.0490246 0.00195029 0.183963 0.528793 0.115174 
0.337054 0.144627 0.0428385 0.00357312 0.0633431 0.355893 0.0526715 
0.0680095 0.0682682 0.0483935 0.012488 0.320507 0.324912 0.157421 
0.0603491 0.135194 0.0477094 0.000398337 0.19602 0.300299 0.26003 
0.0243671 0.0342093 0.0633617 0.00115874 0.188114 0.502236 0.186553 
0.020984 0.0840117 0.112034 0.000364363 0.171062 0.479138 0.132406 
0.236739 0.0233333 0.235323 0.00590628 0.130195 0.327267 0.041237 
0.0141865 0.0464214 0.236109 7.20312e-05 0.167692 0.495405 0.0401141 
0.0181658 0.102269 0.0279128 0.00561399 0.258442 0.477526 0.110071 
0.0565545 0.038417 0.071583 0.0298273 0.223799 0.524597 0.0552215 
0.0260273 0.26345 0.208785 7.7597e-05 0.129366 0.341675 0.0306195 
0.0261165 0.269074 0.0585999 0.000242569 0.272128 0.309473 0.0643672 
0.036531 0.0602509 0.0948814 9.1343e-05 0.318815 0.326468 0.162963 
0.0207056 0.16133 0.0506112 0.000734751 0.344932 0.366367 0.0553203 
0.00448495 0.103231 0.0771919 0.000138766 0.0907224 0.699252 0.0249793 
0.00890044 0.0952214 0.0271412 0.00181099 0.322646 0.413625 0.130655 
0.208498 0.105819 0.0353063 0.0124956 0.0658648 0.463691 0.108325 
0.0391249 0.0801656 0.267267 0.0011179 0.242356 0.315494 0.0544735 
0.0122015 0.0845881 0.0728197 0.000294787 0.158301 0.603458 0.0683379 
0.0071138 0.0914838 0.130329 0.0132915 0.267545 0.349694 0.140543 
0.0392258 0.0216751 0.0239447 0.0292536 0.120005 0.721809 0.0440872 
0.264331 0.0299164 0.0861678 0.0409204 0.179694 0.324628 0.0743434 
0.0136247 0.0510359 0.0508483 0.000853491 0.110528 0.740671 0.0324387 
0.0719439 0.033965 0.0557545 0.0170212 0.109292 0.68323 0.0287928 
0.111688 0.0302674 0.175891 0.00390038 0.262527 0.300898 0.114828 
0.0264258 0.110229 0.113262 0.00274884 0.26912 0.345729 0.132486 
0.019698 0.082976 0.058405 0.00206225 0.255735 0.56141 0.019714 
0.13778 0.0199914 0.0555044 0.0233217 0.256208 0.46526 0.0419343 
0.0050204 0.0627032 0.0403813 0.00232809 0.317465 0.521909 0.0501927 
0.104006 0.0354418 0.0612832 0.00995374 0.290644 0.371177 0.127494 
0.0435071 0.0651772 0.200604 0.12906 0.208717 0.21089 0.142044 
0.0344495 0.0627714 0.253708 0.0024073 0.298262 0.309243 0.0391589 
0.00396544 0.0148954 0.0948131 2.59837e-05 0.306596 0.57166 0.00804436 
0.0447401 0.179988 0.0483231 0.000261001 0.204775 0.47257 0.0493422 
0.0385801 0.0834858 0.130962 0.000612698 0.298534 0.333281 0.114544 
0.0754151 0.158643 0.0501302 0.00184291 0.316925 0.339522 0.0575208 
0.0591828 0.125407 0.0224799 0.00272005 0.163713 0.488639 0.137859 
0.246328 0.00657246 0.110731 0.02544 0.240188 0.318967 0.0517731 
0.038579 0.0880608 0.273618 0.00345307 0.238874 0.297883 0.0595321 
0.0952611 0.0660336 0.0991221 0.0172511 0.274761 0.378071 0.0694996 
0.00930545 0.0825103 0.112437 0.00252174 0.199924 0.513615 0.079687 
0.0168429 0.0172258 0.0834523 0.000423633 0.126419 0.67702 0.0786166 
0.140482 0.00677363 0.161526 0.00878138 0.16182 0.493295 0.027322 
0.0218684 0.0442084 0.0296196 0.00474686 0.200621 0.571742 0.127194 
0.0208326 0.101207 0.229358 0.000995437 0.266261 0.327679 0.0536676 
0.00938877 0.0860838 0.157625 0.000466215 0.257618 0.426754 0.0620639 
0.0842576 0.10988 0.0966049 0.00248145 0.248659 0.384943 0.0731742 
0.036546 0.106621 0.0433214 0.0191389 0.345188 0.390626 0.0585589 
0.123127 0.0770191 0.210489 0.00731656 0.14914 0.370486 0.0624229 
0.0100678 0.0658346 0.0513592 2.06575e-05 0.0481765 0.816079 0.00846211 
0.0865508 0.0564401 0.10955 0.0042291 0.156093 0.551392 0.0357451 
0.0125986 0.0475367 0.0279128 0.0140194 0.31881 0.320479 0.258643 
0.0278285 0.166759 0.107034 0.240809 0.0786793 0.322728 0.0561624 
0.0772282 0.0613311 0.215599 0.000311447 0.0807223 0.560021 0.00478658 
0.0108282 0.043284 0.328465 0.000764711 0.190386 0.348605 0.0776668 
0.0270548 0.0656945 0.12651 0.0052303 0.181858 0.340872 0.25278 
0.0276197 0.147061 0.219194 0.000456013 0.141906 0.428746 0.0350182 
0.0464688 0.190362 0.199147 0.0056641 0.222513 0.227283 0.108563 
0.00812155 0.146923 0.0317206 0.000468004 0.101379 0.691178 0.0202099 
0.0266777 0.108827 0.186025 0.0042363 0.278257 0.323361 0.0726169 
0.0288929 0.19769 0.0692033 0.00625806 0.239231 0.409295 0.0494303 
0.0109379 0.0795659 0.0810412 0.082561 0.29794 0.310841 0.137112 
0.0131349 0.0535975 0.0934145 0.00157422 0.12755 0.669094 0.0416346 
0.0840597 0.0360987 0.0466079 0.0100707 0.0929821 0.709008 0.0211731 
0.00932795 0.0330309 0.0163129 2.76126e-05 0.40796 0.48642 0.0469208 
0.0223282 0.0817876 0.158037 0.00262283 0.316424 0.340119 0.0786813 
0.0242024 0.038853 0.358165 0.00314388 0.0704959 0.494047 0.011092 
0.0586137 0.0674925 0.0624792 0.00522085 0.311517 0.391513 0.103164 
0.0272004 0.139645 0.0655684 0.00321941 0.237691 0.500538 0.0261382 
0.00899628 0.131317 0.168728 0.0257583 0.118913 0.458272 0.0880152 
0.0245164 0.0564211 0.0909557 0.00700672 0.248335 0.506043 0.0667228 
0.0341373 0.0283075 0.053331 0.016065 0.0501455 0.751638 0.0663751 
0.0143377 0.168602 0.0391768 2.05207e-05 0.178618 0.539289 0.0599564 
0.108773 0.0599145 0.124886 0.0108816 0.150195 0.488956 0.0563937 
0.0594312 0.0394592 0.204291 0.0776136 0.181033 0.294051 0.144121 
0.0375445 0.222819 0.0739313 0.00594344 0.13387 0.419055 0.106837 
0.00916837 0.0698812 0.0650404 1.65133e-05 0.365708 0.468736 0.0214489 
0.0128057 0.0398361 0.10591 0.00123816 0.163541 0.659878 0.0167907 
0.0100415 0.0331966 0.239638 0.000404377 0.155979 0.534045 0.0266947 
0.0121936 0.0434447 0.0948525 0.00226944 0.0801843 0.704942 0.0621138 
0.31945 0.0321478 0.0340321 0.00472527 0.207347 0.362949 0.0393495 
0.0187936 0.0501653 0.0825701 0.00323678 0.16044 0.642594 0.0421999 
0.219916 0.0333539 0.0867383 0.0138108 0.212036 0.233265 0.200881 
0.0365091 0.0706967 0.0589801 0.00603768 0.314426 0.439637 0.0737137 
0.0308648 0.0851393 0.0610796 0.00063314 0.32446 0.362315 0.135508 
0.0207584 0.254323 0.019653 0.000512528 0.0325934 0.661516 0.0106436 
0.0341373 0.0283075 0.053331 0.016065 0.0501455 0.751638 0.0663751 
0.0434063 0.0846893 0.241596 0.000277341 0.277836 0.29102 0.061175 
0.0459738 0.0492616 0.0509165 0.0723277 0.247545 0.398156 0.135819 
0.0137777 0.071363 0.0295142 0.000392157 0.148983 0.610768 0.125201 
0.285033 0.0191899 0.104439 0.0273091 0.211788 0.303498 0.0487424 
0.0145657 0.0436116 0.0981726 0.0101533 0.353018 0.467051 0.0134277 
0.0416742 0.0754442 0.070791 0.000554929 0.219846 0.375363 0.216327 
0.161244 0.0353048 0.0498347 0.060939 0.171287 0.363983 0.157408 
0.107451 0.0764905 0.0506221 0.0217909 0.201914 0.485289 0.0564426 
0.194316 0.130897 0.0304002 0.0426288 0.0897935 0.483296 0.0286681 
0.0976228 0.119099 0.00309674 4.41569e-06 0.111165 0.471148 0.197864 
0.00279317 0.0292472 0.0596259 6.62643e-05 0.0860509 0.797488 0.0247285 
0.0391249 0.0801656 0.267267 0.0011179 0.242356 0.315494 0.0544735 
0.0720955 0.0474799 0.175373 0.00267735 0.148475 0.534817 0.0190818 
0.0466192 0.0758308 0.0672617 0.000397787 0.192586 0.518104 0.0992006 
0.0634352 0.10065 0.0411583 0.019547 0.249909 0.316619 0.208681 
0.0949196 0.0659784 0.0576328 0.00755841 0.156123 0.518222 0.0995658 
0.0266356 0.0587117 0.186558 0.000301519 0.182097 0.50042 0.045276 
0.180146 0.0471049 0.223522 0.0016644 0.231322 0.261405 0.0548356 
0.234023 0.0120511 0.0289952 0.0297682 0.0471359 0.550553 0.0974736 
0.051797 0.197175 0.0915321 0.000769394 0.267709 0.313284 0.0777344 
0.0512767 0.0770591 0.071447 0.00192408 0.0976908 0.404172 0.29643 
0.0661097 0.0410786 0.27247 0.0135472 0.153174 0.422926 0.030695 
0.00467061 0.101274 0.15053 0.00126547 0.352177 0.38007 0.0100124 
0.0544606 0.114062 0.0528524 0.00557738 0.242776 0.472733 0.0575387 
0.0740427 0.187045 0.196095 0.00480187 0.0302547 0.462773 0.0449883 
0.0337508 0.105874 0.0783874 0.0132331 0.261021 0.271614 0.23612 
0.0153997 0.0821742 0.0123902 8.79958e-06 0.0983066 0.568095 0.223626 
0.0594312 0.0394592 0.204291 0.0776136 0.181033 0.294051 0.144121 
0.0453133 0.0834438 0.0583561 0.0160371 0.212028 0.493077 0.0917453 
0.158638 0.0480728 0.0364346 0.00689803 0.324589 0.349931 0.0754361 
0.0449677 0.0557017 0.248983 0.00505452 0.206672 0.404814 0.033808 
0.161633 0.0267071 0.0903425 0.017233 0.234333 0.251691 0.218061 
0.0166417 0.155631 0.0137014 0.000685434 0.162892 0.36735 0.283099 
0.0136425 0.193206 0.137482 0.00307327 0.154433 0.485211 0.0129525 
0.0374934 0.161445 0.0674526 0.0254632 0.0707472 0.577673 0.0597252 
0.0458144 0.0568978 0.264774 0.00149351 0.153408 0.394088 0.0835252 
0.0174111 0.0639543 0.0495334 8.34036e-05 0.313944 0.498281 0.056793 
0.131565 0.0465283 0.144244 0.0346928 0.21731 0.240104 0.185557 
0.106257 0.041696 0.147987 0.00734098 0.268412 0.349192 0.0791159 
0.080118 0.0251354 0.0431339 0.0258754 0.238374 0.513741 0.0736216 
0.161633 0.0267071 0.0903425 0.017233 0.234333 0.251691 0.218061 
0.0783896 0.00401385 0.0906416 0.031387 0.125495 0.405065 0.265008 
0.118163 0.00617846 0.0249077 0.0448805 0.163228 0.625465 0.0171781 
0.0319918 0.106959 0.0223388 7.57968e-05 0.186182 0.640898 0.0115547 
0.0856918 0.0759024 0.145538 0.00137848 0.296765 0.374558 0.020166 
0.247583 0.0253894 0.0684893 0.0178872 0.211047 0.287257 0.142347 
0.0365958 0.0640976 0.0458948 0.00519799 0.210724 0.553081 0.0844085 
0.0004591 0.127097 0.00964928 9.83152e-06 0.0368958 0.746347 0.0795421 
0.0547888 0.281238 0.116795 0.000169869 0.105433 0.410411 0.0311644 
0.0121492 0.0268094 0.0238546 0.00241645 0.257829 0.480822 0.196119 
0.0328598 0.0918681 0.144654 0.00406132 0.264807 0.359939 0.101811 
0.0449146 0.061509 0.104021 0.0023434 0.280762 0.333387 0.173064 
0.0306355 0.142941 0.0794513 0.00788041 0.255041 0.429032 0.055019 
0.0302031 0.104581 0.104521 0.0209998 0.317618 0.353415 0.0686625 
0.0509441 0.0553711 0.0500893 0.00114942 0.195464 0.499599 0.147383 
0.0637196 0.0516581 0.101455 0.0375363 0.213031 0.492757 0.0398437 
0.0321882 0.192847 0.207488 0.0264294 0.195172 0.323958 0.0219184 
0.0441049 0.0448253 0.196645 0.0141925 0.181843 0.487987 0.0304027 
0.0149508 0.0762676 0.0362731 0.00355266 0.244759 0.48529 0.138907 
0.00933168 0.0691032 0.153899 0.00154955 0.158299 0.56554 0.0422768 
0.0497256 0.0817394 0.118385 0.00611205 0.173544 0.527762 0.0427316 
0.075351 0.0739904 0.085482 0.00351414 0.321543 0.376041 0.0640784 
0.130885 0.0592366 0.0202327 0.00134249 0.121903 0.554116 0.112284 
0.101129 0.00706031 0.0522221 0.00413918 0.0371296 0.773921 0.0243987 
0.0131783 0.0820786 0.0657058 0.000881717 0.194235 0.604373 0.0395475 
0.128315 0.0214727 0.200299 0.006361 0.203479 0.387938 0.0521344 
0.161633 0.0267071 0.0903425 0.017233 0.234333 0.251691 0.218061 
0.0502601 0.0767427 0.190164 0.0157446 0.128596 0.387706 0.150787 
0.0179336 0.193712 0.0766527 0.00016017 0.0874085 0.597724 0.0264095 
0.0475287 0.198759 0.142503 0.00782414 0.222009 0.332779 0.0485967 
0.0330679 0.124845 0.0333256 0.0565454 0.236662 0.435046 0.0805079 
0.0269836 0.0764452 0.142888 0.00323493 0.33433 0.368092 0.048025 
0.0401258 0.0735093 0.0996772 0.00168388 0.379879 0.386791 0.018334 
0.1931 0.0605262 0.228928 0.0399268 0.14002 0.283453 0.054046 
0.0207584 0.254323 0.019653 0.000512528 0.0325934 0.661516 0.0106436 
0.0382202 0.089011 0.0661935 0.0126425 0.204748 0.547567 0.0416177 
0.154857 0.114265 0.0394609 0.0159732 0.172342 0.442649 0.0604536 
0.0391249 0.0801656 0.267267 0.0011179 0.242356 0.315494 0.0544735 
0.0510434 0.0944708 0.0972696 0.000695102 0.244311 0.410006 0.102203 
0.183188 0.0962082 0.0378686 0.0269659 0.1465 0.451297 0.0579727 
0.147161 0.012845 0.0562799 0.00118118 0.012314 0.761466 0.00875296 
0.209529 0.0130313 0.0273341 0.0286236 0.261883 0.286011 0.173588 
0.0519632 0.0319687 0.012339 0.0149656 0.203429 0.646306 0.0390278 
0.0401258 0.0735093 0.0996772 0.00168388 0.379879 0.386791 0.018334 
0.0574174 0.0932946 0.214362 0.00283364 0.18105 0.381522 0.0695193 
0.114282 0.0654731 0.036397 0.0316751 0.267216 0.411997 0.0729603 
0.01156 0.077744 0.0988466 0.000937912 0.229216 0.355811 0.225884 
0.032085 0.111015 0.0567789 0.00391363 0.234007 0.339315 0.222885 
0.134712 0.083033 0.0952448 0.0755225 0.207666 0.379206 0.0246158 
0.0454539 0.0656576 0.0275328 0.000321912 0.211523 0.443735 0.205776 
0.0132138 0.0604272 0.0698825 0.0100118 0.116654 0.70468 0.0251304 
0.0415423 0.0952127 0.0201037 0.00560425 0.114264 0.414859 0.308415 
0.0147204 0.14905 0.0738392 0.00106534 0.212293 0.415485 0.133547 
0.0898916 0.0299707 0.0170464 0.00132841 0.242121 0.486488 0.133154 
0.0267565 0.0115075 0.0193164 0.0258216 0.0786116 0.823266 0.0147205 
0.0814688 0.0314993 0.0742731 0.0128167 0.115247 0.440086 0.244609 
0.0210694 0.139114 0.316061 0.00230989 0.0934188 0.409631 0.0183966 
0.0207584 0.254323 0.019653 0.000512528 0.0325934 0.661516 0.0106436 
0.146549 0.0521655 0.0770693 0.016858 0.194436 0.452167 0.0607556 
0.119244 0.0749347 0.168366 0.0089504 0.204852 0.228433 0.195219 
0.0132106 0.0890386 0.0346788 0.000239758 0.19102 0.583044 0.0887683 
0.0353917 0.0428846 0.129113 0.00128565 0.200594 0.349163 0.241568 
0.162074 0.0289186 0.0682877 0.0404309 0.31055 0.325124 0.064615 
0.138299 0.0157787 0.034305 0.0181975 0.20129 0.559104 0.033026 
0.109314 0.00930026 0.0334774 0.0722547 0.239634 0.53133 0.00468887 
0.0275376 0.0752545 0.0924952 0.00114492 0.347131 0.358925 0.0975123 
0.0512767 0.0770591 0.071447 0.00192408 0.0976908 0.404172 0.29643 
0.144722 0.0257859 0.0278935 0.0325142 0.129874 0.558012 0.0811987 
0.0375759 0.0545988 0.0372755 0.0131316 0.207749 0.567878 0.0817914 
0.0107823 0.0055052 0.00995546 4.0285e-05 0.040368 0.822377 0.110972 
0.0265476 0.119151 0.0348429 0.0136391 0.157431 0.616053 0.0323358 
0.0261455 0.0980912 0.0628505 0.00404167 0.191629 0.371883 0.24536 
0.0322705 0.204087 0.0589024 0.00453276 0.191475 0.45862 0.0501126 
0.0357751 0.0305826 0.184544 0.00880601 0.204985 0.512274 0.0230331 
0.00134565 0.0893048 0.0300652 1.11345e-05 0.0901018 0.618932 0.170239 
0.0218134 0.0962891 0.0684975 0.00337524 0.288885 0.475334 0.0458059 
0.0300891 0.0989954 0.0407213 0.000616536 0.197182 0.373398 0.258997 
0.0165444 0.0118627 0.0754435 0.011184 0.269343 0.598617 0.0170055 
0.0956714 0.0953919 0.0700786 0.000279454 0.208991 0.26717 0.262418 
0.0197648 0.0459106 0.116852 0.00510175 0.117948 0.661274 0.0331481 
0.0188601 0.0715285 0.00780382 0.000895995 0.221573 0.464237 0.215101 
0.0361978 0.0558716 0.134973 0.0173987 0.223049 0.448581 0.0839286 
0.143523 0.0475247 0.0269292 0.000628546 0.258781 0.455675 0.0669389 
0.120655 0.0744098 0.144271 0.00296364 0.240298 0.294107 0.123296 
0.0372881 0.141427 0.100032 0.0129197 0.269712 0.342616 0.0960058 
0.0211931 0.0796817 0.0508544 0.00200595 0.22962 0.517431 0.0992135 
0.000577496 0.0424257 0.0870415 0.00131492 0.101821 0.761044 0.00577562 
0.0312913 0.0542014 0.0482125 0.00431497 0.157351 0.438856 0.265773 
0.0232167 0.072144 0.0776078 0.000927474 0.0809725 0.730457 0.014675 
0.000372533 0.0193087 0.0758483 0.00044161 0.123437 0.574695 0.205896 
0.0379612 0.041364 0.0171918 5.90993e-05 0.161367 0.590189 0.151868 
0.121355 0.0427665 0.0854243 0.0415624 0.216258 0.247202 0.245431 
0.00682074 0.249702 0.0885243 0.00197567 0.184652 0.371133 0.0971925 
0.118464 0.0599216 0.0500899 0.0154127 0.186543 0.521696 0.0478722 
0.0787791 0.013541 0.00892657 0.0162986 0.0889815 0.633683 0.15979 
0.0294719 0.245643 0.0763245 0.000467152 0.204811 0.408553 0.0347294 
0.0650042 0.149989 0.11605 0.0443367 0.193651 0.312803 0.118166 
