0.0107226 0.290399 0.0377606 0.00452602 0.216999 0.0788398 0.360753 
0.0134426 0.202429 0.0345455 7.35465e-05 0.265045 0.0308222 0.453642 
0.0245912 0.180872 0.0295845 0.00112554 0.182931 0.0608436 0.520052 
0.0646468 0.0612076 0.194517 0.0349628 0.15392 0.0548838 0.435862 
0.0540527 0.11838 0.13759 0.00254202 0.246236 0.0982295 0.34297 
0.0866517 0.144932 0.0496432 0.00620767 0.0947002 0.058631 0.559234 
0.0636712 0.0761575 0.0485976 0.0248583 0.296574 0.0323387 0.457803 
0.0190661 0.0486119 0.0561118 0.00232365 0.355863 0.0264415 0.491582 
0.0167109 0.158971 0.0518496 0.0196446 0.241579 0.174294 0.336951 
0.148207 0.051348 0.0409131 0.0227295 0.254643 0.182332 0.299827 
0.173545 0.0346623 0.0367922 0.0376975 0.0498631 0.0345343 0.632906 
0.191346 0.119573 0.0559828 0.0160222 0.0699693 0.0423211 0.504786 
0.00579934 0.0278704 0.0379294 0.000274715 0.207787 0.0253907 0.694949 
0.032642 0.0897568 0.0894295 0.000406421 0.164466 0.0237012 0.599598 
0.0314488 0.150032 0.0794847 7.41155e-05 0.203079 0.0327 0.503182 
0.092447 0.0500462 0.0243849 0.0262211 0.23571 0.0322693 0.538921 
0.0161019 0.0969326 0.0296559 0.00208117 0.352931 0.0206903 0.481607 
0.0542198 0.0346772 0.160193 0.0110378 0.298386 0.0560348 0.385451 
0.00924771 0.176657 0.0302632 8.00123e-05 0.136148 0.0192857 0.628319 
0.0405445 0.0776185 0.109959 0.00297703 0.2798 0.0478179 0.441282 
0.0433089 0.0849348 0.0845572 0.00337425 0.28853 0.0327936 0.462501 
0.0352185 0.0366538 0.018277 0.00825322 0.123901 0.0187906 0.758906 
0.0352185 0.0366538 0.018277 0.00825322 0.123901 0.0187906 0.758906 
0.0075221 0.0254954 0.0330021 0.000422329 0.180604 0.0124282 0.740526 
0.0967131 0.0388685 0.0819105 0.0172986 0.273176 0.0326602 0.459373 
0.123741 0.0467328 0.0537978 0.00673499 0.164152 0.157741 0.4471 
0.207754 0.0897643 0.0323194 0.0128952 0.14673 0.0447614 0.465775 
0.0154839 0.139706 0.0709352 5.4239e-05 0.25142 0.132434 0.389966 
0.00961538 0.0399158 0.025377 0.00277294 0.39291 0.0389702 0.490439 
0.0352185 0.0366538 0.018277 0.00825322 0.123901 0.0187906 0.758906 
0.0292615 0.0468037 0.219346 0.000223946 0.178498 0.0110238 0.514843 
0.0168945 0.0921407 0.0392439 0.000477821 0.395398 0.0525081 0.403337 
0.0967686 0.0418084 0.0299897 0.00359888 0.26446 0.0326353 0.530739 
0.010201 0.0568172 0.0535046 0.00100689 0.345215 0.0190849 0.51417 
0.029654 0.0809469 0.0449628 0.00791936 0.212012 0.0671221 0.557383 
0.0168677 0.0399 0.153707 0.00522309 0.20903 0.0838977 0.491374 
0.0181527 0.170193 0.170615 0.00148949 0.295308 0.0424867 0.301755 
0.0475935 0.111045 0.0557112 0.0190508 0.316929 0.0943713 0.3553 
0.0198665 0.195044 0.0402374 0.0171528 0.288569 0.0372007 0.40193 
0.0319533 0.0325723 0.11212 0.0105986 0.228664 0.150232 0.433859 
0.0693504 0.0334871 0.0816979 0.00146586 0.13792 0.0565279 0.619551 
0.134754 0.0939127 0.0468472 0.0219737 0.212566 0.0636663 0.42628 
0.0647229 0.0315466 0.0669325 0.021754 0.326429 0.0748956 0.41372 
0.0279959 0.0805296 0.0504054 0.000885826 0.198457 0.0890645 0.552662 
0.0870711 0.0540055 0.0918891 0.000142488 0.285679 0.135532 0.345681 
0.191054 0.0342718 0.0239007 0.00338549 0.0465976 0.0260719 0.674718 
0.0238824 0.102739 0.0787082 0.0074671 0.16192 0.0815517 0.543731 
0.0850545 0.107414 0.0159147 0.00263043 0.21589 0.0470281 0.526068 
0.018158 0.0356917 0.00851079 5.4793e-05 0.327802 0.0146008 0.595182 
0.075107 0.0329469 0.0743963 0.00973089 0.112716 0.0175787 0.677524 
0.17117 0.0951748 0.118317 0.0193309 0.129683 0.0280656 0.438259 
0.038831 0.113945 0.0565316 0.0175185 0.279905 0.0491432 0.444126 
0.203628 0.0314617 0.058107 0.127745 0.138747 0.0712915 0.36902 
0.00608552 0.0510072 0.0189792 0.00169867 0.381877 0.0266025 0.51375 
0.00964454 0.0169453 0.0378385 0.000149492 0.221224 0.0379412 0.676257 
0.0879801 0.0638126 0.239233 0.00857095 0.204001 0.0348872 0.361515 
0.0611336 0.0141121 0.0292327 0.00465992 0.211513 0.0522697 0.627079 
0.0636712 0.0761575 0.0485976 0.0248583 0.296574 0.0323387 0.457803 
0.0832035 0.121893 0.0553753 0.00344169 0.343102 0.031886 0.361099 
0.050543 0.123002 0.059966 0.0207829 0.27815 0.0440419 0.423514 
0.00956145 0.0305945 0.0132038 0.000479612 0.195201 0.012582 0.738378 
0.0101602 0.117272 0.0340046 0.000394349 0.22803 0.0644245 0.545714 
0.0100092 0.247616 0.119609 0.000590671 0.245284 0.0431378 0.333754 
0.15742 0.0576673 0.0706278 0.0100696 0.268805 0.0651905 0.37022 
0.0100752 0.127906 0.0600494 4.02207e-05 0.0879002 0.0864983 0.627531 
0.0599699 0.10329 0.0474429 0.000211041 0.286953 0.0339873 0.468145 
0.240485 0.0781003 0.0751226 0.00574436 0.123838 0.0962087 0.380501 
0.00690891 0.0312317 0.0156302 1.37402e-08 0.0274856 1.86444e-08 0.918744 
0.0399487 0.0298904 0.0207391 0.28951 0.114262 0.0216229 0.484027 
0.0470177 0.0545071 0.0714155 0.0111727 0.17268 0.196269 0.446937 
0.0215298 0.103698 0.170292 0.00246952 0.322032 0.0231865 0.356792 
0.0352185 0.0366538 0.018277 0.00825322 0.123901 0.0187906 0.758906 
0.0155219 0.0193758 0.08328 0.000579172 0.213046 0.0605745 0.607623 
0.0240398 0.0654885 0.0735021 0.000393182 0.141881 0.0768619 0.617834 
0.0678564 0.129225 0.0448476 0.00010812 0.306216 0.130281 0.321466 
0.0510154 0.13928 0.0734954 0.000649712 0.240624 0.111119 0.383816 
0.0619423 0.0784575 0.0856577 0.00351697 0.267147 0.0173441 0.485935 
0.108628 0.0410965 0.0998175 0.00426691 0.290748 0.0510876 0.404355 
0.101551 0.0373684 0.0719634 0.131437 0.19355 0.0578751 0.406255 
0.0180938 0.17433 0.0828816 0.000146968 0.320918 0.0233496 0.380281 
0.000725434 0.0100513 0.00548941 0.000102437 0.0534866 0.0610827 0.869062 
0.0595977 0.062613 0.0274897 0.00256022 0.201845 0.0199339 0.625961 
0.0352185 0.0366538 0.018277 0.00825322 0.123901 0.0187906 0.758906 
0.0167415 0.0611769 0.0299965 0.00272752 0.407493 0.0729725 0.408892 
0.0940604 0.0423742 0.0102451 0.0545744 0.305125 0.0161094 0.477512 
0.0091358 0.0759513 0.0602533 0.000102759 0.15621 0.0450224 0.653325 
0.00956145 0.0305945 0.0132038 0.000479612 0.195201 0.012582 0.738378 
0.0510257 0.121144 0.0849548 0.00319275 0.286282 0.051089 0.402311 
0.0224433 0.0678277 0.0257133 0.00318349 0.21975 0.0106535 0.650429 
0.0178534 0.224955 0.0158257 5.47371e-05 0.269835 0.0397012 0.431776 
0.0925907 0.0506594 0.0199078 0.00650429 0.217349 0.0236003 0.589389 
0.0377548 0.0954883 0.0736955 0.0016416 0.207093 0.0919408 0.492386 
0.0118895 0.04354 0.0557387 0.000232441 0.288757 0.0176449 0.582197 
0.0405487 0.177927 0.0420246 0.00289705 0.313081 0.0791756 0.344346 
0.0100808 0.0219967 0.32902 8.37823e-05 0.209196 0.0212892 0.408334 
0.0207191 0.150599 0.113424 0.000158821 0.224717 0.0525606 0.437821 
0.0396709 0.0223618 0.00721592 3.74081e-06 0.122241 0.375757 0.43275 
0.0352185 0.0366538 0.018277 0.00825322 0.123901 0.0187906 0.758906 
0.0209131 0.163584 0.0672653 0.0246109 0.231618 0.0774415 0.414567 
0.0124447 0.0827759 0.223075 0.00807677 0.304752 0.0290367 0.339839 
0.0212253 0.0460295 0.0743789 0.000281298 0.234416 0.0544939 0.569175 
0.0352185 0.0366538 0.018277 0.00825322 0.123901 0.0187906 0.758906 
0.00955941 0.111609 0.0845831 6.17278e-05 0.190924 0.0910683 0.512194 
0.0344962 0.110451 0.0688028 0.00373538 0.177093 0.0200647 0.585356 
0.0604695 0.101692 0.0467642 0.00671973 0.0950746 0.122069 0.567211 
0.116067 0.120841 0.104886 0.0314418 0.253774 0.0542453 0.318744 
0.11677 0.0788673 0.0735077 0.00123607 0.234689 0.102597 0.392333 
0.0112958 0.10475 0.0197928 0.00830067 0.108455 0.0237593 0.723647 
0.0487987 0.137042 0.189103 0.000800239 0.236116 0.0509401 0.3372 
0.0064256 0.0304317 0.011344 0.000218262 0.206007 0.00980526 0.735768 
0.0424771 0.0592212 0.13698 0.00326062 0.323951 0.0135939 0.420516 
0.0189403 0.0688305 0.177243 0.000226783 0.319377 0.0925804 0.322802 
0.00823991 0.0160398 0.011955 0.00360414 0.0957507 0.0112384 0.853172 
0.102719 0.0484309 0.0731807 0.00251066 0.155641 0.0641859 0.553332 
0.0352185 0.0366538 0.018277 0.00825322 0.123901 0.0187906 0.758906 
0.0244266 0.139412 0.0310807 0.000693755 0.373701 0.0324962 0.39819 
0.00908635 0.205954 0.0510442 0.00170201 0.25299 0.1409 0.338324 
0.0875574 0.0747279 0.0134914 0.0515693 0.320395 0.0434052 0.408853 
0.0185578 0.0387648 0.0471253 0.00343403 0.281954 0.022133 0.588031 
0.0206798 0.230204 0.238742 1.29359e-05 0.15685 0.046866 0.306645 
0.0454028 0.0877224 0.0304575 8.70323e-05 0.268982 0.0506308 0.516718 
0.0167392 0.0513753 0.0240353 0.00360447 0.141421 0.0160746 0.746751 
0.0335875 0.0919039 0.0796435 0.00126704 0.29135 0.0778815 0.424366 
0.0268927 0.069744 0.111291 9.53335e-05 0.105828 0.0390697 0.647079 
0.0547316 0.271619 0.0378427 0.00199258 0.189521 0.0143653 0.429928 
0.0135394 0.0615528 0.113528 0.00914228 0.332328 0.0280406 0.441869 
0.0595812 0.0723787 0.0995586 0.000451684 0.174115 0.0882188 0.505696 
0.0162591 0.161575 0.0242851 7.62988e-05 0.191132 0.00822055 0.598451 
0.0864345 0.060877 0.0664357 0.00168943 0.110966 0.0522059 0.621391 
0.0157341 0.130664 0.0291044 8.27747e-05 0.224149 0.0110646 0.589202 
0.045343 0.0142932 0.0487802 0.00343791 0.118847 0.0376353 0.731664 
0.00956145 0.0305945 0.0132038 0.000479612 0.195201 0.012582 0.738378 
0.0293289 0.0704761 0.0921344 0.00656148 0.0434421 0.0377744 0.720282 
0.00213884 0.0507117 0.00546769 0.000260381 0.0671119 0.125164 0.749145 
0.0392563 0.0939488 0.0873148 0.00111573 0.28006 0.0415468 0.456758 
0.0479401 0.0526016 0.0229243 0.000206111 0.113043 0.0664626 0.696823 
0.0484294 0.00464733 0.349286 0.00253533 1.40787e-06 1.40783e-06 0.595099 
0.0432914 0.104684 0.0254262 0.000490368 0.210005 0.0245845 0.591518 
0.0259834 0.202007 0.0358363 0.000888717 0.193085 0.101923 0.440276 
0.29222 0.0634341 0.0721646 0.00607021 0.125188 0.0926165 0.348306 
0.0553357 0.143452 0.0887725 0.015552 0.205409 0.204207 0.287272 
0.0293289 0.0704761 0.0921344 0.00656148 0.0434421 0.0377744 0.720282 
0.0353143 0.034231 0.0138556 0.000354304 0.162295 0.0590118 0.694938 
0.0212406 0.034846 0.0323449 0.00361738 0.211173 0.0674607 0.629318 
0.019352 0.0668751 0.090419 0.00236741 0.320418 0.0578243 0.442745 
0.0352185 0.0366538 0.018277 0.00825322 0.123901 0.0187906 0.758906 
0.00848685 0.0123739 0.200266 0.00761501 0.107396 0.0122835 0.651579 
0.119982 0.0405565 0.0425132 0.00388319 0.193304 0.071572 0.528189 
0.0186257 0.0850259 0.147957 8.57346e-05 0.303004 0.0746577 0.370645 
0.0369482 0.118878 0.0351769 0.000327938 0.126484 0.0548806 0.627305 
0.0931915 0.106189 0.0393678 0.000105903 0.160624 0.0461637 0.554357 
0.0197905 0.126054 0.0719899 0.000231162 0.150564 0.0224983 0.608872 
0.0522844 0.0616472 0.0645784 0.00811372 0.206187 0.0588852 0.548304 
0.0664044 0.0450743 0.263228 0.00104726 0.196222 0.0339124 0.394112 
0.072186 0.0819668 0.0368944 0.00395837 0.143406 0.0424142 0.619174 
0.0381905 0.0656488 0.0743256 0.00206256 0.210216 0.0245893 0.584967 
0.2219 0.0999323 0.0579579 0.00145631 0.207022 0.0399006 0.371831 
0.0107306 0.0796701 0.0403697 0.00165911 0.137612 0.0268714 0.703087 
0.113176 0.204133 0.0445798 0.00362225 0.0669115 0.0433293 0.524248 
0.000963855 0.279254 0.0354488 0.000187199 0.189424 0.00699537 0.487726 
0.169751 0.0627872 0.0447402 0.00670313 0.221052 0.138411 0.356554 
0.0431248 0.0634925 0.117028 0.000574108 0.346965 0.0632365 0.365579 
0.0352185 0.0366538 0.018277 0.00825322 0.123901 0.0187906 0.758906 
0.0200749 0.0511798 0.167615 0.00309198 0.244468 0.115505 0.398066 
0.00240731 0.023296 0.027486 0.000255736 0.163602 0.00525186 0.777701 
0.0556918 0.0880685 0.0405482 0.00681888 0.281664 0.0504163 0.476793 
0.0181665 0.0425563 0.0372035 0.00100824 0.183032 0.0411149 0.676919 
0.0341876 0.221882 0.0607295 0.0144084 0.167588 0.0725775 0.428626 
0.005766 0.10954 0.0530747 0.00068117 0.18047 0.03429 0.616178 
0.0522 0.0574018 0.107374 9.47371e-05 0.095086 0.0501443 0.6377 
0.0204474 0.0482333 0.0982342 0.0531523 0.262355 0.115675 0.401902 
0.290396 0.0417089 0.0315755 0.204712 0.0815157 0.0177134 0.332379 
0.0545581 0.105257 0.0495022 0.00333509 0.128117 0.0364359 0.622795 
0.0571494 0.0217937 0.0437333 0.0291469 0.145046 0.0390722 0.664058 
0.0148268 0.293614 0.037055 0.00088828 0.222484 0.0929392 0.338193 
0.0146625 0.127983 0.0406981 0.000143726 0.301526 0.048402 0.466585 
0.0194995 0.0930627 0.0321693 0.000216095 0.115105 0.0780435 0.661904 
0.158163 0.0356476 0.0974384 0.00942132 0.263928 0.0872002 0.348202 
0.00867815 0.128369 0.0132205 0.000103178 0.112256 0.0309617 0.706411 
0.00168382 0.0551142 0.00100828 0.000613954 0.0491755 0.010772 0.881632 
0.00672937 0.141474 0.0256072 0.000962868 0.313103 0.0973513 0.414772 
0.0134546 0.0486581 0.0443588 0.000373197 0.240586 0.0148754 0.637694 
0.0920744 0.0776114 0.037608 0.00871676 0.205529 0.0643156 0.514145 
0.00399247 0.0409664 0.0723326 0.00368196 0.192748 0.0510726 0.635206 
0.0134953 0.0548218 0.0161082 0.000928313 0.11079 0.0428458 0.76101 
0.0850545 0.107414 0.0159147 0.00263043 0.21589 0.0470281 0.526068 
0.0394199 0.112665 0.053695 0.0103781 0.194351 0.0371329 0.552359 
0.086608 0.101345 0.158539 0.0111741 0.251743 0.0508021 0.339789 
0.0646468 0.0612076 0.194517 0.0349628 0.15392 0.0548838 0.435862 
0.0217499 0.0401297 0.0269367 0.0872788 0.224363 0.130598 0.468944 
0.0220317 0.0341912 0.0189077 0.000199216 0.0601598 0.0810985 0.783412 
0.0132938 0.0758914 0.0583246 0.0189952 0.297313 0.0542226 0.481959 
0.00701943 0.0815895 0.117234 2.72531e-05 0.125473 0.0687882 0.599868 
0.0352185 0.0366538 0.018277 0.00825322 0.123901 0.0187906 0.758906 
0.00511773 0.0468144 0.115616 0.000369891 0.103489 0.0576773 0.670916 
0.120669 0.0182848 0.0212724 0.0142829 0.136618 0.0646071 0.624266 
0.0489178 0.0784443 0.0155442 7.68315e-05 0.17509 0.0103957 0.671531 
0.0186431 0.0802635 0.0700491 5.50757e-05 0.335301 0.0985436 0.397145 
0.0352185 0.0366538 0.018277 0.00825322 0.123901 0.0187906 0.758906 
0.0311376 0.0980901 0.0826918 0.00601873 0.158312 0.084948 0.538802 
0.0764987 0.0427886 0.0178936 0.000189922 0.14523 0.0211109 0.696289 
0.0637892 0.102305 0.0598946 0.00328031 0.306545 0.0141961 0.449989 
0.0197398 0.0891362 0.033023 0.000155235 0.380347 0.0411222 0.436476 
0.00923599 0.0683635 0.325695 0.000487837 0.0324512 0.00751801 0.556248 
0.046942 0.0718255 0.0933229 0.0583835 0.255423 0.0807323 0.393371 
0.172786 0.0169947 0.066869 0.0146824 0.254065 0.0557457 0.418857 
0.0394964 0.13996 0.0385592 0.125823 0.136483 0.0345688 0.48511 
0.0352185 0.0366538 0.018277 0.00825322 0.123901 0.0187906 0.758906 
0.0343529 0.0796659 0.0910099 0.00268099 0.256717 0.263029 0.272545 
0.0569256 0.0417666 0.0192545 0.0108683 0.156107 0.0403642 0.674714 
0.0343236 0.0530436 0.0979083 0.00173 0.252828 0.0480255 0.512141 
0.0283428 0.0452151 0.0336852 0.020757 0.188559 0.0224779 0.660963 
0.0545581 0.105257 0.0495022 0.00333509 0.128117 0.0364359 0.622795 
0.0352185 0.0366538 0.018277 0.00825322 0.123901 0.0187906 0.758906 
0.00878598 0.148313 0.0663353 0.000669087 0.188106 0.124947 0.462844 
0.16279 0.0873355 0.0465067 0.122027 0.166261 0.0310488 0.38403 
0.0432777 0.178633 0.0468903 0.00470733 0.191551 0.0454062 0.489535 
0.0468907 0.0236156 0.027996 0.0173927 0.210114 0.0298988 0.644092 
0.0772281 0.0227238 0.0420877 0.00812169 0.148309 0.157106 0.544424 
0.0334865 0.079498 0.0433492 0.00665261 0.192997 0.100839 0.543178 
0.0106422 0.0671618 0.0621672 0.00108085 0.265529 0.0812094 0.512209 
2.03792e-05 7.71937e-06 0.125465 2.13229e-06 0.0500596 2.91286e-06 0.824443 
0.0128654 0.118033 0.0424956 0.000111479 0.26302 0.0634619 0.500013 
0.117485 0.155327 0.0918528 0.000461705 0.0182964 0.00491858 0.611658 
0.0352185 0.0366538 0.018277 0.00825322 0.123901 0.0187906 0.758906 
0.0352185 0.0366538 0.018277 0.00825322 0.123901 0.0187906 0.758906 
0.0487987 0.137042 0.189103 0.000800239 0.236116 0.0509401 0.3372 
0.0977578 0.0376984 0.20255 0.111924 0.210259 0.109517 0.230294 
0.00737707 0.156168 0.195265 0.000564511 0.296043 0.0455851 0.298997 
0.00544315 0.186398 0.0256452 8.97568e-05 0.0882771 0.00461638 0.689531 
0.0336434 0.0407921 0.0758798 0.00387953 0.185306 0.158083 0.502415 
0.0844911 0.053926 0.0672595 0.000828023 0.264138 0.0343018 0.495056 
0.0352185 0.0366538 0.018277 0.00825322 0.123901 0.0187906 0.758906 
0.0477605 0.101721 0.150083 0.000737321 0.217642 0.0206685 0.461388 
0.0111019 0.0535698 0.0441145 0.000885268 0.312864 0.0577501 0.519715 
0.0646468 0.0612076 0.194517 0.0349628 0.15392 0.0548838 0.435862 
0.112549 0.0187784 0.0314284 7.14795e-05 0.060191 0.00893306 0.768049 
0.0936576 0.0702039 0.0603516 0.0134142 0.258918 0.0597469 0.443708 
0.24618 0.0557886 0.0273832 0.00475921 0.273256 0.0581127 0.334521 
0.157346 0.223221 0.0550604 0.00483723 0.233593 0.0881876 0.237755 
0.0586525 0.07246 0.156472 0.00431005 0.246643 0.048853 0.41261 
0.0876205 0.134736 0.0558546 0.0245813 0.0926442 0.0647503 0.539813 
0.0169417 0.262331 0.0392284 2.35183e-06 0.197517 0.0268942 0.457085 
0.0336552 0.12162 0.0537587 0.000584017 0.298316 0.0384015 0.453665 
0.0701223 0.165673 0.0110001 0.00073077 0.160771 0.0116558 0.580047 
0.00475716 0.0907865 0.0995271 0.00522884 0.155043 0.12512 0.519537 
0.297438 0.0485394 0.0380124 0.0108405 0.113376 0.124854 0.36694 
0.0404157 0.10692 0.0352271 0.000120018 0.22345 0.0882895 0.505578 
0.0138313 0.0602531 0.0957981 0.000258627 0.208402 0.0551846 0.566272 
0.0692191 0.0311347 0.0649262 4.22167e-05 0.195391 0.128301 0.510985 
0.0780938 0.0610902 0.0305593 0.00410893 0.275133 0.0873618 0.463653 
0.290396 0.0417089 0.0315755 0.204712 0.0815157 0.0177134 0.332379 
0.0161111 0.148722 0.0154752 0.000359258 0.279038 0.069113 0.471182 
0.186867 0.0427652 0.05219 0.0130179 0.228467 0.0139266 0.462767 
0.0573309 0.083574 0.130925 0.0088728 0.297222 0.0606703 0.361405 
0.00581649 0.03081 0.00613195 0.000455474 0.161043 0.0213716 0.774371 
0.0224964 0.128367 0.0583591 0.00454493 0.277707 0.0438577 0.464668 
0.0591349 0.117926 0.0940054 0.027296 0.294075 0.0553707 0.352192 
0.0967686 0.0418084 0.0299897 0.00359888 0.26446 0.0326353 0.530739 
0.200773 0.070127 0.0299724 0.00512891 0.139608 0.0367891 0.517602 
0.0349879 0.140741 0.192991 0.00379887 0.228281 0.120694 0.278506 
0.149401 0.0874471 0.0478358 0.00889236 0.0496321 0.0285993 0.628193 
0.00515553 0.149933 0.00678066 0.00138 0.23999 0.0364781 0.560283 
0.00351597 0.0748014 0.0491818 0.000364702 0.396842 0.0298286 0.445465 
0.00202103 0.0946013 0.0195658 2.77833e-05 0.26381 0.0726226 0.547351 
0.0401455 0.0392716 0.00335584 0.00146123 0.298601 0.0414694 0.575696 
0.0118051 0.0442966 0.0282123 0.00206953 0.185364 0.0232662 0.704987 
0.00838712 0.121882 0.0360055 0.000108547 0.345852 0.0576679 0.430097 
0.0283428 0.0452151 0.0336852 0.020757 0.188559 0.0224779 0.660963 
0.0274219 0.0534851 0.0726271 0.000571556 0.288205 0.0655813 0.492108 
0.000417636 0.0380011 0.0487874 6.39557e-05 0.132478 0.00777907 0.772473 
0.0190326 0.119315 0.0391915 0.0220146 0.156353 0.0617646 0.582329 
0.0352185 0.0366538 0.018277 0.00825322 0.123901 0.0187906 0.758906 
0.0791987 0.0376921 0.0268959 0.00110508 0.19473 0.0402608 0.620117 
0.0148514 0.0891462 0.0165624 0.000969077 0.184141 0.132337 0.561992 
0.0121597 0.085526 0.0438804 0.0127721 0.2231 0.043963 0.578599 
0.00358613 0.0897415 0.0480982 0.0189708 0.227984 0.0201816 0.591438 
0.0827997 0.150827 0.0125086 9.6465e-05 0.0743114 0.0657353 0.613721 
0.0351744 0.0872815 0.100206 0.000304396 0.160255 0.0590023 0.557777 
0.257819 0.0909286 0.068708 0.0924405 0.134395 0.066744 0.288964 
0.0126734 0.173857 0.0183824 0.00560202 0.282154 0.0435411 0.46379 
0.0172185 0.167754 0.0596339 0.000936523 0.197911 0.0728058 0.48374 
0.0178285 0.145578 0.0471417 0.000394514 0.301993 0.0669632 0.420101 
0.0894678 0.0497724 0.0331572 0.00139893 0.162687 0.0411691 0.622347 
0.0163881 0.214694 0.0232499 1.39809e-05 0.0977391 0.0294736 0.618441 
0.0365241 0.0545136 0.147854 9.8127e-05 0.304571 0.0802535 0.376186 
0.099401 0.0465627 0.0876122 0.00873193 0.165082 0.0566871 0.535923 
0.0276338 0.311449 0.00963901 0.000307414 0.164669 0.0147352 0.471567 
0.00281223 0.0491292 0.174822 0.000246244 0.308692 0.0139107 0.450388 
0.047666 0.11197 0.0841189 0.00520126 0.310018 0.0340671 0.406959 
0.0354259 0.0443831 0.0507997 0.00146791 0.28346 0.0247559 0.559708 
0.0352185 0.0366538 0.018277 0.00825322 0.123901 0.0187906 0.758906 
0.0176482 0.107999 0.0178811 0.00129593 0.373585 0.0196185 0.461972 
0.0199813 0.0295129 0.0168801 0.000117786 0.17085 0.0326262 0.730032 
0.196965 0.0407472 0.02076 0.0532747 0.148352 0.0820516 0.45785 
0.0914166 0.0456333 0.0200198 0.0141685 0.16238 0.0145591 0.651822 
0.00269212 0.332247 0.0468691 0.000105066 0.13732 0.00194117 0.478826 
0.038525 0.0214055 0.0293078 0.000596087 0.135557 0.043838 0.73077 
0.194845 0.0635132 0.0596976 0.0262057 0.221952 0.19234 0.241447 
0.0237882 0.0673712 0.0419601 0.00202801 0.149667 0.153174 0.562011 
0.0212145 0.0522993 0.0237771 0.00339621 0.262535 0.0516411 0.585136 
0.109819 0.0301511 0.0437852 0.0249515 0.228073 0.0795114 0.483709 
0.139198 0.100686 0.0553503 0.0241775 0.242809 0.10889 0.328889 
0.030647 0.16172 0.0386383 0.00419143 0.16464 0.121272 0.478892 
0.108174 0.0403346 0.0470097 0.0102035 0.263887 0.105361 0.42503 
0.10795 0.0707841 0.195648 0.0130078 0.244532 0.0819782 0.286099 
0.0535361 0.0403911 0.0771609 0.00954206 0.205289 0.0785962 0.535485 
0.0143229 0.264346 0.0225311 5.43262e-05 0.152871 0.0931024 0.452772 
0.0903142 0.203696 8.72734e-07 4.98979e-10 0.0106102 0.10797 0.587408 
0.107407 0.0165766 0.0620227 0.0137846 0.0918694 0.0829082 0.625431 
0.278414 0.0319316 0.0471545 0.0218911 0.170441 0.071414 0.378755 
0.117987 0.105973 0.0355665 0.00608551 0.197333 0.050648 0.486407 
0.0380472 0.111333 0.113363 0.00728095 0.337895 0.0158348 0.376247 
0.0092822 0.0446473 0.0905162 0.00101775 0.251176 0.0936251 0.509736 
0.0530212 0.0538561 0.22177 0.00380706 0.237818 0.0429318 0.386797 
0.0196029 0.103202 0.0858347 0.00229175 0.3513 0.0336044 0.404163 
0.0195241 0.0519332 0.0842517 0.00168371 0.0272369 0.0345963 0.780774 
0.0168155 0.0844686 0.0242218 0.00278352 0.107293 0.0156878 0.74873 
0.00262476 0.012236 0.0189142 0.411055 0.128341 0.0125309 0.414298 
0.0138417 0.228805 0.211221 0.00051061 0.106415 0.00816011 0.431046 
0.0051896 0.0517768 0.110973 0.00336401 0.267098 0.0362259 0.525373 
0.0809702 0.0384139 0.0337817 0.069914 0.185878 0.0631471 0.527895 
0.00554856 0.02744 0.00860131 0.000104613 0.159461 0.0087288 0.790115 
0.0352185 0.0366538 0.018277 0.00825322 0.123901 0.0187906 0.758906 
0.0145996 0.0304543 0.0135275 5.99532e-05 0.282384 0.0187015 0.640273 
0.209542 0.0511498 0.0599034 0.0165775 0.262827 0.0735541 0.326447 
0.013929 0.0916778 0.0318796 0.00245249 0.321037 0.132064 0.40696 
0.0784026 0.035398 0.0565328 0.0180426 0.180611 0.112983 0.518031 
0.0259369 0.208705 0.0412018 0.000106719 0.304639 0.0866767 0.332733 
0.210083 0.0609592 0.0628465 0.00407847 0.106029 0.0825084 0.473495 
0.0957591 0.0120529 0.0915066 0.00176752 0.22639 0.0327101 0.539814 
0.135364 0.0261167 0.127625 0.00405176 0.110838 0.0649983 0.531006 
0.0983316 0.0391851 0.0456634 0.0108724 0.257765 0.0509612 0.497221 
0.0275688 0.101527 0.138806 0.00132773 0.309035 0.044687 0.377049 
0.0516526 0.026001 0.0316696 0.000166378 0.204524 0.0155936 0.670393 
0.0195887 0.0253728 0.209634 0.00776708 0.237071 0.0443447 0.456222 
0.00910463 0.0622124 0.0253467 0.00663267 0.303178 0.0830113 0.510514 
0.00486105 0.0722496 0.0576037 0.000108983 0.419933 0.0178116 0.427432 
0.0105464 0.0650562 0.157615 0.00536832 0.254623 0.108685 0.398106 
0.0176625 0.0450247 0.025527 0.0116258 0.244068 0.057279 0.598813 
0.140048 0.105719 0.0529096 0.0124748 0.190591 0.0738191 0.424438 
0.00981643 0.0362019 0.0142888 0.00314383 0.178022 0.0205497 0.737977 
0.245155 0.0479082 0.0272922 0.0138298 0.203202 0.135815 0.326798 
0.000359526 0.333309 0.103271 0.000885986 0.0892122 0.00559258 0.467369 
0.0214199 0.0373001 0.053105 0.00777064 0.156222 0.0914442 0.632738 
0.0235611 0.19888 0.050026 0.000288041 0.270128 0.0480663 0.40905 
0.0521058 0.0419434 0.0243079 0.00960843 0.133134 0.0237072 0.715193 
0.0763995 0.0931863 0.0345887 0.00635383 0.217096 0.0309059 0.54147 
0.0641453 0.093478 0.0637466 0.00424084 0.353776 0.0540165 0.366597 
0.0114962 0.294174 0.00973057 4.16555e-05 0.160331 0.0177486 0.506478 
0.01708 0.217748 0.0303245 2.20379e-05 0.265913 0.0729842 0.395927 
0.118535 0.0370577 0.048821 0.065522 0.321409 0.0673104 0.341345 
0.0352185 0.0366538 0.018277 0.00825322 0.123901 0.0187906 0.758906 
0.00173102 0.0227655 0.071116 0.00012394 0.268051 0.019928 0.616284 
0.0352185 0.0366538 0.018277 0.00825322 0.123901 0.0187906 0.758906 
0.0113075 0.019836 0.0142181 0.000251843 0.237751 0.01634 0.700296 
0.0352185 0.0366538 0.018277 0.00825322 0.123901 0.0187906 0.758906 
0.0352185 0.0366538 0.018277 0.00825322 0.123901 0.0187906 0.758906 
0.247537 0.0152596 0.139323 0.01356 0.167402 0.0847784 0.33214 
0.0053539 0.176058 0.00960363 7.47277e-05 0.388813 0.0263169 0.39378 
0.094366 0.0592676 0.0753589 0.0581773 0.115909 0.191662 0.405259 
0.0218823 0.0618464 0.019961 0.00130093 0.346014 0.0738321 0.475164 
0.0825049 0.118077 0.0302099 0.00196025 0.167247 0.121908 0.478093 
0.0845549 0.366283 0.0217775 0.000527556 0.0913734 0.0198547 0.415629 
0.0176707 0.0586951 0.0556759 0.000787821 0.305906 0.0645136 0.496751 
0.00721999 0.0210884 0.00770828 0.00031967 0.336173 0.0464782 0.581012 
0.00191481 0.0405318 0.196754 6.73531e-05 0.359339 0.0125478 0.388845 
0.119969 0.0406357 0.204965 0.00498134 0.162658 0.185049 0.281742 
0.120055 0.0249481 0.0829815 0.00851632 0.279753 0.0460364 0.43771 
0.0231019 0.0942976 0.0576251 0.000799464 0.225406 0.0626638 0.536106 
0.0496652 0.097302 0.0131284 0.000616894 0.183049 0.022583 0.633655 
0.0358228 0.166573 0.0227117 0.00970683 0.302885 0.0367121 0.425589 
0.00532783 0.103497 0.0151085 0.000247487 0.323623 0.0145005 0.537696 
0.0290546 0.057405 0.0288116 0.00100546 0.0894721 0.226325 0.567926 
0.0352185 0.0366538 0.018277 0.00825322 0.123901 0.0187906 0.758906 
0.0166743 0.0785544 0.0556681 0.00409855 0.177509 0.0702963 0.5972 
0.0355415 0.116899 0.0815424 0.00118803 0.259669 0.0843501 0.42081 
0.0886518 0.0555931 0.0445218 0.00289286 0.206386 0.0439509 0.558003 
0.0158445 0.111617 0.112753 0.0143218 0.0674889 0.0746514 0.603323 
0.178215 0.0223433 0.0175797 0.0144071 0.231411 0.0531881 0.482856 
0.020308 0.114351 0.0579677 0.00191447 0.209215 0.0593984 0.536845 
0.0040091 0.251915 0.0651928 6.53815e-05 0.129191 0.00120738 0.548419 
0.00690068 0.0894526 0.0432766 0.0713177 0.24321 0.0479336 0.497909 
0.00150703 0.077567 0.044658 0.00026901 0.104 0.00623279 0.765766 
0.00797674 0.109043 0.0589511 7.94568e-05 0.362159 0.0476375 0.414154 
0.0252378 0.0441271 0.0383037 0.000337489 0.128157 0.0154059 0.748431 
0.0475126 0.0766196 0.0850876 0.000246466 0.269751 0.0839524 0.43683 
0.237849 0.0613698 0.0907162 0.0510646 0.162716 0.12431 0.271974 
0.0364278 0.058638 0.0459833 0.000607305 0.334784 0.0510381 0.472522 
0.0352185 0.0366538 0.018277 0.00825322 0.123901 0.0187906 0.758906 
0.0802036 0.0342954 0.0417861 0.0160703 0.302177 0.0693457 0.456122 
0.0134804 0.0761772 0.0171217 0.000107369 0.264778 0.017972 0.610363 
0.0200192 0.108233 0.110791 0.00197868 0.358992 0.0268856 0.373101 
0.0162664 0.227852 0.00138859 0.00883569 0.156426 0.0142377 0.574994 
0.0759965 0.21687 0.0541583 0.00816368 0.190016 0.12928 0.325516 
0.0210377 0.147166 0.0342253 0.000284346 0.211661 0.0213873 0.564239 
0.169712 0.0728197 0.0361532 0.00113345 0.221705 0.0430239 0.455452 
0.0875574 0.0747279 0.0134914 0.0515693 0.320395 0.0434052 0.408853 
0.00413721 0.0492351 0.0246914 0.00278668 0.384102 0.0117062 0.523341 
0.191054 0.0342718 0.0239007 0.00338549 0.0465976 0.0260719 0.674718 
0.0485624 0.0410351 0.111871 0.00384968 0.302511 0.0157258 0.476446 
0.0691999 0.0379691 0.155071 0.00317893 0.273448 0.0165189 0.444615 
0.018196 0.110883 0.0382397 0.00258635 0.123022 0.0444049 0.662668 
0.0342637 0.0512073 0.05602 0.00424669 0.126253 0.134876 0.593134 
0.035301 0.0325536 0.0344826 0.0177916 0.30606 0.0512579 0.522553 
0.02483 0.0421479 0.0204225 0.000549339 0.186565 0.115997 0.609488 
0.0029305 0.0460589 0.0143677 0.000451539 0.066733 0.00495602 0.864502 
0.0901613 0.0713656 0.0477189 0.0130145 0.261114 0.0527336 0.463892 
0.124099 0.0863634 0.319686 0.00845912 0.0921993 0.0332422 0.335951 
0.011511 0.230783 0.0425006 0.000697116 0.167768 0.0082484 0.538492 
0.0235279 0.0573376 0.0284892 0.00568596 0.227406 0.0518563 0.605697 
0.0283428 0.0452151 0.0336852 0.020757 0.188559 0.0224779 0.660963 
0.0293289 0.0704761 0.0921344 0.00656148 0.0434421 0.0377744 0.720282 
0.00114103 0.130497 0.046294 0.000113539 0.241623 0.0127059 0.567626 
0.0437282 0.0755886 0.0376323 0.000579241 0.336841 0.0825709 0.42306 
0.0189949 0.126247 0.028125 0.000107084 0.299924 0.0416258 0.484976 
0.110152 0.0676704 0.0870254 0.0264658 0.134151 0.049302 0.525233 
0.0379254 0.0805975 0.0239262 0.001172 0.235147 0.0263975 0.594835 
0.0352185 0.0366538 0.018277 0.00825322 0.123901 0.0187906 0.758906 
0.0179023 0.0697718 0.0453585 0.00139134 0.260191 0.0303881 0.574997 
0.0213091 0.0425601 0.0407426 0.00172395 0.180535 0.0269989 0.68613 
0.0174158 0.0739648 0.047335 0.0178227 0.251861 0.0185367 0.573064 
0.0233432 0.0378103 0.0347075 0.000343557 0.272901 0.00887933 0.622015 
0.0414892 0.0891601 0.0478847 0.00840874 0.313118 0.0352192 0.46472 
0.0255596 0.0602778 0.0536477 0.000542973 0.0749288 0.0384702 0.746573 
0.00651187 0.0254857 0.0310549 0.0117311 0.320984 0.0302942 0.573938 
0.0967686 0.0418084 0.0299897 0.00359888 0.26446 0.0326353 0.530739 
0.0337677 0.0724335 0.0307894 6.46202e-05 0.256605 0.0640845 0.542255 
0.0152165 0.154295 0.0307235 0.000147571 0.22799 0.0400527 0.531574 
0.010389 0.131403 0.0367748 0.000253353 0.240251 0.0152914 0.565638 
0.0747604 0.0818605 0.02726 0.00473598 0.203546 0.0669441 0.540893 
0.011438 0.0695009 0.0511619 0.000520791 0.218123 0.0352688 0.613986 
0.0737022 0.0445208 0.0797911 0.0102064 0.233491 0.0418448 0.516444 
0.103814 0.0339265 0.0227736 0.0186487 0.223059 0.120338 0.47744 
0.235784 0.118977 0.0174005 0.00741991 0.138187 0.129782 0.352451 
0.0594004 0.03536 0.0266362 0.0110481 0.209849 0.0460892 0.611617 
0.0287408 0.3694 0.0318957 0.000343529 0.123832 0.00818124 0.437607 
0.111449 0.0351239 0.103512 0.0249983 0.19983 0.0395334 0.485553 
0.0352185 0.0366538 0.018277 0.00825322 0.123901 0.0187906 0.758906 
0.0733909 0.0877932 0.0789657 0.0216648 0.17426 0.0643253 0.4996 
0.0333573 0.174903 0.0310491 0.00147477 0.269767 0.0315587 0.45789 
0.00766016 0.0538741 0.0306022 0.00183759 0.225074 0.0165547 0.664398 
0.0092077 0.119444 0.0446055 0.000462293 0.257716 0.0402261 0.528338 
0.0698224 0.0436953 0.0334592 0.0139083 0.161194 0.142803 0.535118 
0.0987859 0.0548832 0.0534695 0.0358641 0.333271 0.0815371 0.34219 
0.0257296 0.129163 0.257975 0.00908635 0.0442218 0.057327 0.476498 
0.0198331 0.0942824 0.120347 0.0223811 0.26777 0.173696 0.301689 
0.267806 0.0580607 0.0396458 0.0093294 0.116788 0.0344681 0.473903 
0.107111 0.10089 0.0393007 0.00316956 0.194984 0.0882526 0.466293 
0.030373 0.156503 0.10153 8.94186e-05 0.13982 0.0754472 0.496237 
0.0424771 0.0592212 0.13698 0.00326062 0.323951 0.0135939 0.420516 
0.0175887 0.0979154 0.0361465 0.00261085 0.108048 0.0700624 0.667629 
0.00120326 0.0378283 0.0205042 0.000338937 0.222309 0.0187247 0.699092 
0.0657921 0.123473 0.0201336 0.000766268 0.168797 0.0452909 0.575746 
0.0343086 0.0837227 0.12221 0.0134007 0.351289 0.0312406 0.363828 
0.0144192 0.0816538 0.0292022 0.00383215 0.218468 0.265468 0.386957 
0.0370074 0.0306974 0.245394 0.0261542 0.257623 0.10686 0.296264 
0.0352185 0.0366538 0.018277 0.00825322 0.123901 0.0187906 0.758906 
0.0609243 0.169246 0.0370826 0.00157949 0.114855 0.0333793 0.582933 
0.0190249 0.0647738 0.0822238 0.000643433 0.340464 0.0579447 0.434926 
0.118786 0.0661717 0.020701 0.0135478 0.196796 0.0711046 0.512893 
0.00830261 0.183781 0.0221781 3.03075e-05 0.209813 0.0319356 0.54396 
0.0754827 0.0442457 0.0759631 0.00879533 0.126148 0.0423723 0.626993 
0.0162298 0.0946227 0.0175161 9.59414e-05 0.214199 0.0892618 0.568075 
0.0442291 0.0903471 0.057321 0.00482168 0.234699 0.0785851 0.489997 
0.0877131 0.291189 0.0462992 5.39869e-06 0.145154 0.0245125 0.405127 
0.0372752 0.0680717 0.020614 0.0165754 0.203225 0.0632511 0.590988 
0.102316 0.0644484 0.0414893 0.000753058 0.111042 0.070942 0.609009 
0.146788 0.0373688 0.19363 0.0102734 0.109665 0.0548974 0.447378 
0.0232324 0.2235 0.0383648 0.001236 0.208631 0.0650786 0.439958 
0.0230212 0.130289 0.0595895 0.00177439 0.300429 0.0672312 0.417666 
0.022837 0.0765761 0.0533171 0.000588233 0.223118 0.161264 0.4623 
0.0546278 0.00252033 0.056088 0.000193799 0.327528 0.0354314 0.523611 
0.0385968 0.0544615 0.046629 0.00353436 0.173147 0.126072 0.557559 
0.0329264 0.150728 0.0388646 0.000145386 0.34099 0.0567741 0.379572 
0.0352185 0.0366538 0.018277 0.00825322 0.123901 0.0187906 0.758906 
0.0953946 0.0537367 0.0872143 0.00820401 0.118293 0.0178532 0.619304 
0.00256206 0.0334575 0.00706918 0.000101931 0.167477 0.0289319 0.760401 
0.125752 0.0779168 0.0432021 0.00808691 0.110028 0.0786055 0.556408 
0.0129697 0.0650267 0.176261 0.0342217 0.273164 0.0137239 0.424632 
0.027054 0.0902219 0.0336459 0.0179467 0.163262 0.0341308 0.633738 
0.0183307 0.0876046 0.0591649 0.00286513 0.327895 0.0359936 0.468146 
0.0293289 0.0704761 0.0921344 0.00656148 0.0434421 0.0377744 0.720282 
0.149401 0.0874471 0.0478358 0.00889236 0.0496321 0.0285993 0.628193 
0.162659 0.0433352 0.0720867 0.0321091 0.261291 0.106599 0.32192 
0.0187168 0.0839833 0.0752502 0.00151137 0.185648 0.0199698 0.61492 
0.00149106 0.0206874 0.0883127 0.291737 0.197428 0.0462222 0.354122 
0.0177174 0.0812223 0.0440869 0.000943342 0.197394 0.0406774 0.617959 
0.00548916 0.0533928 0.0400665 0.0104611 0.123884 0.0219745 0.744732 
0.138484 0.0967511 0.0526082 0.0116999 0.249288 0.0691672 0.382002 
0.0352185 0.0366538 0.018277 0.00825322 0.123901 0.0187906 0.758906 
0.012141 0.20794 0.071658 0.000104722 0.136778 0.0287823 0.542596 
0.000196143 0.0224614 0.0351286 1.76027e-06 0.217864 0.0257645 0.698584 
0.0424771 0.0592212 0.13698 0.00326062 0.323951 0.0135939 0.420516 
0.0272303 0.0694797 0.0585117 0.000848097 0.253642 0.0689183 0.52137 
0.0284806 0.0587704 0.132181 0.000323469 0.192171 0.0490682 0.539006 
0.0226963 0.116338 0.104641 0.00073049 0.289561 0.128212 0.337821 
0.0405445 0.0776185 0.109959 0.00297703 0.2798 0.0478179 0.441282 
0.0283428 0.0452151 0.0336852 0.020757 0.188559 0.0224779 0.660963 
0.0505342 0.158164 0.0649577 0.00226943 0.285815 0.0197449 0.418516 
0.055751 0.173497 0.0841303 0.00188587 0.168549 0.0392137 0.476973 
0.00449872 0.0163567 0.0201119 0.00377714 0.16346 0.00749761 0.784298 
0.0824813 0.120544 0.126156 0.0209437 0.200577 0.0693884 0.37991 
0.0352185 0.0366538 0.018277 0.00825322 0.123901 0.0187906 0.758906 
0.0263021 0.0940594 0.0161287 0.000370842 0.175147 0.0219414 0.66605 
0.0318965 0.104786 0.0410639 0.0060744 0.235646 0.0298573 0.550676 
0.149175 0.0470638 0.0921233 0.0021177 0.235482 0.182047 0.291991 
0.034893 0.0465299 0.0262925 0.00196282 0.163866 0.0588109 0.667645 
0.252712 0.0703439 0.0758127 0.0100017 0.160864 0.0705021 0.359764 
0.0352185 0.0366538 0.018277 0.00825322 0.123901 0.0187906 0.758906 
0.0613945 0.051722 0.0367898 0.00529119 0.178333 0.0403816 0.626088 
0.0384751 0.0857465 0.0312097 0.0034858 0.20846 0.0374732 0.59515 
0.0570933 0.202305 0.0324271 7.30335e-05 0.248826 0.00963604 0.449639 
0.0144284 0.163833 0.0368506 0.00271221 0.300665 0.0730661 0.408445 
0.0308602 0.0759205 0.0341534 0.00577696 0.261938 0.0610859 0.530265 
0.0277282 0.274702 0.10168 0.00965519 0.174747 0.0287968 0.38269 
0.022165 0.0807895 0.114135 0.000654248 0.363889 0.0449137 0.373454 
0.0109098 0.0980086 0.0278367 0.00049274 0.244875 0.111337 0.50654 
0.0232405 0.0763185 0.055217 0.000275882 0.170066 0.0339355 0.640947 
0.0111555 0.266079 0.0259655 0.00273615 0.256792 0.026615 0.410657 
0.0636712 0.0761575 0.0485976 0.0248583 0.296574 0.0323387 0.457803 
0.00607137 0.0504643 0.037108 0.000270564 0.135383 0.0150853 0.755617 
0.0302826 0.158139 0.021082 0.000411148 0.158081 0.022588 0.609416 
0.290396 0.0417089 0.0315755 0.204712 0.0815157 0.0177134 0.332379 
0.00891397 0.172368 0.068884 2.98946e-05 0.3117 0.0438672 0.394236 
0.101965 0.103629 0.0926371 0.0256996 0.267803 0.0153936 0.392873 
0.0211174 0.197613 0.0647136 8.21709e-05 0.239765 0.0927336 0.383975 
0.0265864 0.131868 0.0570294 6.9543e-05 0.20013 0.0342078 0.550109 
0.0131194 0.210966 0.0637754 0.000209137 0.130524 0.0254508 0.555955 
0.0467299 0.125117 0.0374301 0.0094789 0.168932 0.135177 0.477134 
0.17341 0.0731287 0.0574455 0.0137483 0.095803 0.0632489 0.523215 
0.0939744 0.034211 0.0552519 0.00288492 0.166206 0.0317908 0.615681 
0.0190887 0.114527 0.0302241 0.000131194 0.218505 0.0166276 0.600896 
0.241216 0.0871992 0.0444828 0.0612955 0.220902 0.0399469 0.304958 
0.0313005 0.115711 0.0761177 0.0108176 0.20342 0.200055 0.362578 
0.0303769 0.0628996 0.0536247 0.000223609 0.258218 0.0163502 0.578307 
0.0493295 0.191369 0.030524 0.000151828 0.326887 0.0446479 0.35709 
0.0310851 0.0178867 0.0886449 0.00089682 0.280341 0.00946526 0.57168 
0.0352185 0.0366538 0.018277 0.00825322 0.123901 0.0187906 0.758906 
0.236765 0.0283064 0.173433 0.115147 0.156889 0.0398645 0.249595 
0.0352185 0.0366538 0.018277 0.00825322 0.123901 0.0187906 0.758906 
0.0352185 0.0366538 0.018277 0.00825322 0.123901 0.0187906 0.758906 
0.0571494 0.0217937 0.0437333 0.0291469 0.145046 0.0390722 0.664058 
0.143596 0.0762628 0.0118328 0.00676474 0.323134 0.0269401 0.411469 
0.17739 0.147356 0.0739255 0.0309386 0.241141 0.0746086 0.25464 
0.0151017 0.117974 0.103406 0.0061379 0.251264 0.0497296 0.456387 
0.017308 0.0794348 0.0274182 0.00050334 0.116597 0.0992041 0.659535 
0.0727094 0.0971719 0.0849524 0.000371171 0.0849976 0.0329583 0.626839 
0.0102123 0.0381386 0.0422087 0.000484274 0.331605 0.0290166 0.548334 
0.31986 0.0557149 0.0277648 0.0157435 0.153336 0.0321542 0.395426 
0.0172574 0.0311444 0.0528938 0.00032669 0.19886 0.0341116 0.665406 
0.0172926 0.030916 0.0731789 5.6305e-05 0.292977 0.0529802 0.532599 
0.0113354 0.0452677 0.0597744 0.000117991 0.192506 0.0875744 0.603424 
0.0352185 0.0366538 0.018277 0.00825322 0.123901 0.0187906 0.758906 
0.0285703 0.0489912 0.0308835 0.00303521 0.20226 0.0620409 0.624219 
0.122745 0.155709 0.0831292 0.00112995 0.292549 0.0320372 0.312701 
0.0447443 0.121115 0.0548189 0.000222664 0.279321 0.0854503 0.414328 
0.0109117 0.0431634 0.0346817 0.00766632 0.297372 0.0543921 0.551813 
0.00726565 0.175783 0.0174764 0.00139313 0.0801925 0.00652391 0.711366 
0.0160315 0.0378575 0.137989 0.00256675 0.157909 0.0648836 0.582763 
0.0400944 0.0633879 0.0603397 0.00282383 0.35676 0.0851274 0.391467 
0.0352185 0.0366538 0.018277 0.00825322 0.123901 0.0187906 0.758906 
0.0137932 0.250283 0.0765647 0.000159443 0.218086 0.0719175 0.369196 
0.0167429 0.0327673 0.0102363 0.000500686 0.120409 0.0754315 0.743912 
0.0181503 0.145223 0.027766 0.000956991 0.179388 0.026327 0.602188 
0.0778723 0.0623193 0.0341295 0.000375909 0.246967 0.0465427 0.531793 
0.0263434 0.0790418 0.0242637 0.00077885 0.195891 0.0854611 0.58822 
0.167501 0.0851196 0.0406892 0.0121461 0.157434 0.0534601 0.48365 
0.154216 0.0976188 0.0295195 0.0075022 0.108285 0.154151 0.448708 
0.111194 0.0305065 0.0463217 0.0108346 0.288278 0.0637164 0.44915 
0.0487987 0.137042 0.189103 0.000800239 0.236116 0.0509401 0.3372 
0.171468 0.0182713 0.0515863 0.0734736 0.281602 0.0593137 0.344285 
0.0368692 0.110835 0.0727779 0.0004178 0.0304847 0.0122562 0.736359 
0.0365964 0.0303505 0.0207818 0.00375117 0.120023 0.023564 0.764933 
0.0352185 0.0366538 0.018277 0.00825322 0.123901 0.0187906 0.758906 
0.0189693 0.188277 0.0454396 1.76295e-05 0.034744 0.0245316 0.688021 
0.262986 0.084123 0.014404 0.0001411 0.144167 0.0603752 0.433803 
0.021328 0.0259542 0.0186089 0.296557 0.0858827 0.0180906 0.533578 
0.0818861 0.0434816 0.0515895 0.0331121 0.20356 0.0411572 0.545214 
0.156242 0.151031 0.02417 0.00201078 0.0427939 0.0522792 0.571473 
