0.241485 0.0151399 0.0913875 0.0985913 0.000345965 0.00465248 0.021435 0.00202713 0.00913667 0.0267816 0.00562442 0.0380752 0.0233086 0.12242 0.00605684 0.0108173 0.00594839 0.163894 0.0499339 0.0629379 
0.211275 0.0164771 0.0747345 0.0562116 4.88233e-05 0.00572459 7.7011e-05 0.000591992 0.00633244 0.0898649 0.00389748 0.0370373 0.0186481 0.114623 0.00156946 0.0232186 0.0160402 0.194448 0.121666 0.00751508 
0.463181 0.00530194 0.140195 0.0549675 0.000218145 0.00442777 6.36297e-05 0.000613291 0.0213874 0.0146324 0.000629899 0.0113209 0.00787933 0.0659094 0.0151815 0.0071878 0.00300213 0.127054 0.0277956 0.0290506 
0.340563 0.00232588 0.0319568 0.016943 0.000119314 0.00202219 0.000115268 0.00444651 0.020193 0.0155678 0.0129121 0.137192 0.011669 0.240106 0.0193338 0.0240247 0.00694034 0.0837612 0.0187333 0.0110745 
0.294602 0.00345179 0.0185258 0.0243084 5.1224e-07 0.00736115 1.22983e-07 0.00210725 0.0109584 0.0450056 0.00240958 0.0691397 0.0669556 0.194475 0.000400703 0.00250227 5.27749e-06 0.20561 0.0487165 0.00346473 
0.415366 0.0167044 0.0397415 0.0555415 0.000345428 0.00363864 9.34515e-05 0.00103645 0.0107538 0.0709122 0.00415032 0.0393186 0.0139835 0.180509 0.0233185 0.00985499 0.0025057 0.0771433 0.0163075 0.0187756 
0.243127 0.0315838 0.103833 0.0798449 0.000483994 0.0103833 0.000881508 0.00161637 0.00682503 0.030831 0.00259026 0.0229276 0.0263532 0.100363 0.0316087 0.0112847 0.00991157 0.168021 0.0835075 0.0340233 
0.364309 0.0108015 0.0766292 0.19481 5.19461e-05 0.00860866 8.03759e-05 0.00596251 0.0108665 0.0271005 0.00176005 0.0604002 0.0147166 0.0648467 0.0253173 0.0138328 0.00781913 0.075519 0.0130716 0.0234965 
0.415282 0.010729 0.0422932 0.0209252 0.000258812 0.00425646 0.0019505 0.00681618 0.00267504 0.0229437 0.0197184 0.00870339 0.0368494 0.181139 0.00300513 0.00132974 1.03903e-05 0.0878752 0.0748307 0.0584078 
0.244351 0.00246857 0.207332 0.0542565 0.00016072 0.0116194 0.000148912 0.00037547 0.00433947 0.0141007 0.000713272 0.0406473 0.0026581 0.13251 9.99211e-05 0.0287459 0.000120276 0.197616 0.0313365 0.0263998 
0.307202 0.0102979 0.0379428 0.0598869 0.000299138 0.00381883 0.00063753 0.0350554 0.0315819 0.134326 0.137097 0.01523 0.0101806 0.0405615 0.0107814 0.00206418 0.0388612 0.0763811 0.0284545 0.0193401 
0.442483 0.00534811 0.107026 0.0520256 0.000223855 0.00340031 6.65587e-05 0.000880596 0.00324393 0.0156046 0.00100249 0.0164349 0.00864994 0.0957154 0.0225303 0.018888 0.00670202 0.150063 0.0365343 0.0131774 
0.470508 0.0329859 0.133154 0.119913 0.00794244 0.00129471 0.00221775 8.98305e-05 0.000519634 0.00553681 0.000194374 0.0225904 0.0105282 0.0191274 0.00576021 0.00128571 7.98463e-05 0.0855908 0.0298137 0.0508669 
0.566351 0.00565738 0.108743 0.055351 0.000528757 0.000772815 0.0003333 0.000690549 0.000880899 0.0271771 0.000148929 0.0254743 0.013008 0.0686317 0.00436195 0.00201079 0.00568028 0.0791182 0.0216351 0.0134453 
0.37923 0.00505176 0.134467 0.113795 5.93042e-05 0.0005275 0.00017249 0.00221632 0.00750198 0.0109954 0.000162441 0.0195968 0.0224466 0.109252 0.000624486 0.00532582 0.000482907 0.0642292 0.110888 0.0129749 
0.29452 0.00303647 0.0831651 0.018894 2.29999e-06 0.00692937 9.9991e-06 0.0047847 0.0255146 0.0179741 0.000690936 0.0395394 0.0458872 0.228358 3.10671e-05 0.0119592 0.000281496 0.0639462 0.0785653 0.075911 
0.376125 0.013123 0.079774 0.0910944 4.42829e-05 0.00124568 0.000237281 0.0172745 0.00453182 0.0119294 0.000854744 0.00464664 0.126657 0.127455 0.000509925 0.00165254 0.0021455 0.0505408 0.0743473 0.0158119 
0.690907 0.0159821 0.0270975 0.0375407 0.000111396 0.0018275 0.00084644 0.00378039 0.00244291 0.0222295 0.00274626 0.0202966 0.00529615 0.0857136 0.00669361 0.00494793 0.0022507 0.0185639 0.0413336 0.00939201 
0.724128 0.00077535 0.0474331 0.0169772 4.79123e-05 5.24757e-05 2.09347e-05 0.000356375 0.00133534 0.00357073 0.0085843 0.00397713 0.00360719 0.0308726 0.000747881 0.00651377 1.24957e-05 0.0918932 0.0206657 0.0384281 
0.422744 0.0147426 0.0884174 0.113304 0.000307181 0.0058519 0.00057219 0.0031236 0.0373799 0.0342605 0.0168588 0.0108142 0.0206442 0.0535168 0.00941718 0.0182675 0.0020331 0.118964 0.0151494 0.0136309 
0.248541 0.00665851 0.0245484 0.0210496 0.000985174 0.000578715 1.5201e-05 0.00135848 0.00925118 0.0214414 0.0730005 0.0297714 0.132493 0.0189764 0.146525 0.00504126 0.0522499 0.164066 0.0311927 0.0122567 
0.465652 0.0217065 0.0436659 0.0320754 0.000153081 0.00204534 0.000231605 0.000178746 0.00423217 0.0289576 0.000380557 0.00356332 0.0222514 0.126596 0.0108188 0.00385436 3.84566e-05 0.148833 0.0713661 0.0134004 
0.529974 0.0024919 0.0699428 0.0210489 0.00021869 0.0040235 2.86912e-05 0.000238101 0.00292313 0.0176781 0.0023298 0.0152214 0.0217756 0.110007 0.00236289 0.00207143 0.00139656 0.140969 0.0470582 0.00824013 
0.55723 0.0205055 0.053267 0.024141 0.000391278 0.00126168 2.50752e-05 6.20898e-05 0.000804646 0.00221398 0.00633792 0.00348308 0.017282 0.062391 0.0519302 0.00354885 7.32318e-05 0.116523 0.0734298 0.00509881 
0.748925 0.00278701 0.0388134 0.0346255 0.000301461 0.0002474 3.93023e-05 0.000197854 0.000897313 0.0088138 0.00872426 0.00292569 0.00377491 0.0226275 0.020395 0.00423789 2.1183e-05 0.0847968 0.0079663 0.00888216 
0.409641 0.0102802 0.0964734 0.154685 0.000807942 0.00194394 0.000119773 0.000782686 0.00790242 0.120918 0.00104308 0.0130041 0.00429321 0.0261742 0.00180296 0.00404694 0.00248921 0.0997139 0.0147302 0.0291478 
0.250557 0.0103179 0.0211771 0.0207925 0.000204655 0.00407425 0.000201508 0.0024305 0.207075 0.0990839 0.0598853 0.0277008 0.0214596 0.0413008 0.0204468 0.00313257 0.00906737 0.118802 0.0544613 0.0278294 
0.256145 0.0024069 0.18635 0.112448 0.000309793 0.00407059 2.41908e-05 0.00309466 0.000856997 0.0266431 0.00146667 0.0210232 0.000959872 0.144199 0.000338509 0.00365639 3.55912e-05 0.17436 0.0171491 0.0444619 
0.446697 0.011607 0.0814857 0.0611248 0.000380235 0.0011577 0.00146989 0.00272675 0.004216 0.0161589 0.00258849 0.0366335 0.0170418 0.145234 0.0317747 0.00308767 0.000603465 0.065578 0.0470618 0.0233729 
0.471861 0.00594169 0.0735948 0.0485134 2.05388e-05 0.00191163 0.000160557 0.000517944 0.0242277 0.0187699 0.00184034 0.0145838 0.0103511 0.126011 0.00411768 0.00291963 0.000180063 0.0714809 0.0530687 0.069928 
0.489812 0.00408169 0.0332673 0.106819 0.000316307 0.00321399 0.000131738 0.00343488 0.0158938 0.00638895 0.0197565 0.00901879 0.0193155 0.0313427 0.0167716 0.00126177 0.000139523 0.186353 0.0403239 0.0123571 
0.381496 0.00931267 0.0261907 0.0485297 5.32828e-05 0.0236874 3.65982e-05 0.000441317 0.00925358 0.155396 0.0842995 0.00683807 0.0296143 0.0326672 0.00335091 0.0045864 0.011405 0.0380823 0.0404437 0.094316 
0.309499 0.0101657 0.106023 0.0582265 0.000186015 0.00410764 8.48113e-05 0.00102599 0.0105453 0.0518014 0.0132737 0.026055 0.0431688 0.0567031 0.0328783 0.00509873 0.0159247 0.152819 0.0730618 0.0293512 
0.371051 0.00667488 0.12939 0.0722445 0.0006654 0.00213037 8.16993e-05 0.000803058 0.0231188 0.0307985 0.000759677 0.00669218 0.0216707 0.0514287 0.0224195 0.00153688 0.00584165 0.209839 0.0134641 0.02939 
0.562003 0.00630545 0.0140968 0.0280102 0.0720782 0.0002751 2.85667e-05 4.2953e-05 0.0480785 0.00352618 0.00171172 0.00785193 0.0118012 0.0858665 0.000506633 0.00209396 5.69796e-06 0.049084 0.0914949 0.0151387 
0.445179 0.0384272 0.0707458 0.0784388 0.00020726 0.00136871 5.16415e-05 0.00139209 0.0103233 0.0579219 0.00284977 0.00617044 0.0298887 0.0311317 0.00418672 0.00264723 0.0114495 0.0932408 0.095482 0.0188973 
0.474497 0.00514169 0.0413524 0.0237139 0.000214124 0.00368292 0.000133283 0.00152887 0.0136377 0.0251709 0.0294677 0.0136554 0.0193337 0.0113172 0.177426 0.00145856 0.0311932 0.0839073 0.0356294 0.00753855 
0.690153 0.00794299 0.0269849 0.00812268 0.000146008 0.000115951 0.000123783 0.00797078 0.00625109 0.0064801 0.00029493 0.0656887 0.00771315 0.0410307 0.0323987 0.00785714 9.24379e-05 0.0249663 0.0421975 0.0234693 
0.611011 0.00570386 0.0634091 0.00619632 9.91549e-05 0.000954384 3.03246e-05 0.00205992 0.00156969 0.00204 0.00694324 0.00876553 0.0410321 0.0231931 0.0124636 0.00111743 3.16665e-05 0.131577 0.0240566 0.0577458 
0.225511 0.0166505 0.0980515 0.0502603 1.85207e-05 0.0039055 6.32632e-05 0.00238102 0.0167179 0.0913188 0.00255389 0.0651847 0.0279976 0.151794 8.93772e-05 0.00981543 0.00249064 0.105395 0.0639826 0.0658184 
0.606455 0.0112351 0.088172 0.105872 0.0021129 0.000278263 9.38212e-06 0.000228896 0.000188025 0.0367429 0.00943779 0.00231341 0.0105425 0.0204626 0.000125546 0.00113264 0.00012609 0.0768746 0.0155197 0.0121699 
0.287094 0.0166997 0.0710489 0.181739 0.000156542 0.00439611 5.50412e-05 0.0157561 0.0027413 0.0311276 0.00153184 0.0340118 0.0288769 0.119669 0.00456893 0.00846504 0.00844904 0.0996318 0.0437988 0.0401822 
0.688291 0.00721727 0.026264 0.0361308 0.000549958 0.000952225 9.58378e-05 0.000123986 0.000442118 0.0210931 0.0014181 0.0583797 0.003984 0.0367269 0.00279808 0.00100525 0.000173291 0.0804722 0.0131454 0.0207372 
0.464235 0.00831574 0.0388696 0.031391 0.000176158 0.00280812 0.000417644 0.00079907 0.0784348 0.047396 0.00908395 0.0314419 0.0253178 0.0553106 0.0182885 0.00691271 0.00460029 0.116453 0.0287389 0.0310099 
0.637093 0.00647143 0.0378445 0.0347711 0.00482021 0.000573417 0.000152984 0.000996789 0.0315406 0.0109281 0.00277372 0.0446643 0.0120004 0.0670818 0.00221895 0.000643722 0.000133469 0.0319017 0.0488451 0.024545 
0.307723 0.0161275 0.12259 0.0504385 0.000150998 0.0284892 0.000792181 0.000528005 0.136427 0.0668007 0.0255857 0.0208628 0.0151358 0.0359935 0.00171178 0.00930062 0.00997167 0.079392 0.0327788 0.0392001 
0.229924 0.0123244 0.13172 0.111732 0.0025683 0.0121306 0.000944929 0.00442552 0.00420287 0.027953 0.00218854 0.0364863 0.014415 0.0562431 0.00738275 0.00622726 0.00133046 0.170523 0.0509029 0.116375 
0.31852 0.0278119 0.13434 0.0685525 0.000150365 0.00306287 2.13105e-05 0.00280522 0.00164208 0.0393878 0.00119959 0.0266031 0.00415458 0.0783494 0.00338795 0.00787729 0.000283133 0.247161 0.0211892 0.013501 
0.589089 0.0135331 0.062619 0.0779329 0.000290679 0.00403236 0.00448421 0.000329676 0.00442476 0.011163 0.00485925 0.00710964 0.00359947 0.0479443 0.00468613 0.0018008 0.000493105 0.0992937 0.0537143 0.00860105 
0.504698 0.00927977 0.0369888 0.0686879 5.35342e-05 0.0041823 3.19281e-05 0.000121847 0.0160235 0.0105944 0.00454099 0.0070197 0.0286984 0.112867 0.00873541 0.001196 3.47403e-05 0.122273 0.05172 0.0122529 
0.318382 0.0338501 0.0899156 0.0893614 0.000950687 0.00217848 0.000875652 0.0390056 0.00242631 0.0236853 0.00677192 0.0120484 0.0102501 0.0954734 0.00134875 0.00638931 0.00135492 0.183606 0.0378821 0.0442434 
0.498285 0.00886476 0.0606476 0.0823197 6.33892e-05 0.00354751 0.000341013 0.000460632 0.0169408 0.0178926 0.000864622 0.0178629 0.00858759 0.0542514 0.0210786 0.0121002 2.82764e-05 0.0980102 0.0820737 0.0157794 
0.404299 0.0142077 0.0761418 0.0287816 0.000227133 0.0101354 9.28174e-05 0.00178096 0.0275896 0.0589021 0.0659371 0.0475522 0.0335404 0.0413726 0.00667732 0.00245973 0.0120929 0.123952 0.0388504 0.0054068 
0.395586 0.00392327 0.12708 0.0304945 0.00105291 0.00351509 0.000126109 0.00239211 0.00377389 0.0122795 0.00044894 0.0410466 0.00268829 0.140365 0.0124724 0.0219293 0.00195482 0.129287 0.051578 0.0180052 
0.383171 0.0228535 0.0378737 0.109603 7.13497e-05 0.00195842 8.83915e-05 0.000344659 0.00874339 0.00504375 0.00551558 0.0142508 0.0442685 0.0827136 0.000645054 0.00598374 0.00320002 0.0714274 0.175758 0.026487 
0.586574 0.01105 0.0756604 0.0183506 7.0014e-05 0.00043802 4.49833e-05 0.000988695 0.0200999 0.0138545 0.00188469 0.002832 0.00571438 0.112889 4.27751e-05 0.00481339 0.000487337 0.0708441 0.0296521 0.0437091 
0.224297 0.00618178 0.0126481 0.0185519 8.12809e-05 0.00420658 0.000146838 0.00254544 0.163649 0.075008 0.033977 0.173776 0.0536955 0.0737692 0.0407717 0.0011454 0.00584144 0.0407703 0.0560318 0.0129058 
0.720011 0.00285454 0.0479427 0.0351833 0.00891791 0.000791559 3.78536e-05 0.00290586 0.00118238 0.012676 1.13858e-05 0.00263617 0.00646494 0.0186059 0.0272427 0.00619286 0.0019453 0.0407718 0.0363288 0.0272973 
0.261764 0.0210284 0.0813755 0.0953458 0.000375857 0.00181125 0.000851231 0.0025252 0.00495372 0.0351083 0.00332021 0.0138611 0.159903 0.0415327 0.00293903 0.00245203 0.00560579 0.154062 0.0638561 0.0473286 
0.338247 0.00180073 0.0284213 0.0433576 0.0364672 1.02126e-07 4.40683e-06 0.000317441 0.00084797 0.020553 0.000265837 0.0111323 0.00793388 0.0306411 0.0467232 0.04685 0.000929716 0.328331 0.0471998 0.00997628 
0.299539 0.0161573 0.0501783 0.0600547 1.68382e-05 0.00867779 0.00126997 0.00224021 0.0130004 0.0501131 0.0617443 0.0115917 0.0729019 0.0576363 0.0115378 0.0104544 0.0224911 0.156623 0.0443592 0.0494126 
0.335875 0.00870668 0.0384959 0.0720764 1.54384e-05 0.00649693 0.00225268 0.000672399 0.0177016 0.069205 0.126178 0.00825885 0.012426 0.0413009 0.0216344 0.00336747 0.00385035 0.202155 0.0234102 0.00592046 
0.513631 0.00291292 0.0689336 0.0673344 5.66069e-05 0.0086322 1.85991e-05 0.000204465 0.00296392 0.0742906 0.00455098 0.00364977 0.0127085 0.0557525 0.00080397 0.00262571 0.00268446 0.0988935 0.0652818 0.0140703 
0.535247 0.0160873 0.0363518 0.0232887 0.000937817 0.0159344 0.000103514 0.00260091 0.00898134 0.00812822 0.00754469 0.0279675 0.0194397 0.114191 0.00573373 0.00408324 0.00707995 0.0911451 0.0359862 0.0391678 
0.72101 0.00582828 0.0298404 0.0342726 5.32593e-05 0.000648219 0.00164142 6.62463e-05 0.00104726 0.0660862 0.000399776 0.00793741 0.00148918 0.0238986 0.00145679 0.00389678 5.11527e-05 0.0733298 0.00667296 0.0203735 
0.499875 0.0204203 0.0480457 0.0433563 0.000843751 0.000442338 0.00421433 0.00175022 0.0274563 0.0183929 0.0032672 0.0113179 0.021322 0.0769451 0.00126677 0.00216914 0.00520623 0.086625 0.083921 0.0431623 
0.290181 0.161036 0.0641442 0.111443 0.000193332 0.00130407 0.000145277 0.000489167 0.00469565 0.0301835 0.0382457 0.00877249 0.0467885 0.0366805 0.00500411 0.00387051 0.00988046 0.08331 0.0441435 0.0594897 
0.41887 0.0140991 0.147874 0.0668731 0.00102918 0.00607716 0.000415014 0.0022938 0.0110439 0.0450617 0.00537702 0.0138583 0.0156995 0.0582902 0.00193786 0.00208815 0.00514541 0.0961082 0.0530465 0.0348117 
0.394546 0.0695577 0.0395025 0.0461244 7.41992e-05 0.0015991 2.18371e-05 0.000600627 0.0260432 0.022732 0.0670033 0.00737184 0.0250192 0.0951414 0.0504626 0.00129854 0.00156852 0.080082 0.0440464 0.0272044 
0.402937 0.00853353 0.0995203 0.0483542 0.000451537 0.00958408 0.000115314 0.000335126 0.0155837 0.0687048 0.0067159 0.0076282 0.0183675 0.0347098 0.0147218 0.00455643 0.0146679 0.186322 0.0253854 0.0328054 
0.248801 0.0144047 0.0656449 0.0523861 7.34719e-05 0.010512 0.000469679 0.00601209 0.0188965 0.0357937 0.00451414 0.0790686 0.025339 0.241157 0.00519335 0.0159494 0.0011926 0.0676342 0.0593151 0.0476424 
0.488088 0.0102841 0.0552717 0.0902892 0.000420681 0.0018714 0.00133719 0.00736409 0.0167051 0.0243396 0.0063582 0.0107621 0.0501245 0.0695124 0.00164101 0.0101925 0.00096339 0.0795526 0.0362878 0.0386349 
0.50012 0.00743895 0.0165136 0.040685 1.06177e-05 0.00699184 6.61478e-05 0.000333071 0.073304 0.0431031 0.0471545 0.106059 0.015265 0.0438001 0.00475469 0.00410951 0.00277116 0.0499059 0.0122702 0.025344 
0.698146 0.0200208 0.0194597 0.015564 0.0195552 0.000919139 0.000885591 0.000365954 0.108288 0.00445463 0.00193753 0.0117912 0.0100703 0.0308997 0.00321209 0.00344759 5.46951e-05 0.0323671 0.0103845 0.00817565 
0.248169 0.0150468 0.139039 0.0447573 0.000247139 0.00201744 0.000126467 0.00195763 0.00497186 0.0276035 0.00115572 0.0648392 0.026178 0.111333 0.0254915 0.0194143 0.00168223 0.142117 0.104333 0.0195192 
0.57266 0.0100883 0.0380384 0.0708223 6.11817e-05 0.00303282 0.000115885 0.00138806 0.014026 0.00752719 0.000868635 0.023139 0.0275223 0.0472916 0.0107643 0.0184202 0.000544956 0.0869573 0.0480112 0.01872 
0.601025 0.00507746 0.0595147 0.031736 0.000204414 0.00244356 0.00203361 0.00164719 0.0156633 0.0121378 0.00972298 0.040301 0.0115559 0.0360154 0.0101916 0.00150951 0.00273394 0.109303 0.0321128 0.0150704 
0.390759 0.00954698 0.142081 0.085232 0.000290886 0.00243497 1.99037e-05 0.000344949 0.00130734 0.0207105 0.00303013 0.00791633 0.00767017 0.112068 0.000277923 0.0145945 0.00072187 0.124687 0.0368974 0.0394095 
0.38319 0.0104705 0.0787427 0.059307 0.000245363 0.0034713 5.778e-05 0.000933897 0.0386333 0.0503055 0.00082803 0.0294815 0.0241824 0.0620835 0.00050032 0.00496702 0.000633388 0.0891855 0.0484833 0.114298 
0.351599 0.014133 0.0206406 0.0456736 0.000121776 0.00433649 0.000213746 0.00099026 0.206469 0.0444769 0.0172661 0.0090867 0.0668416 0.0204125 0.00550104 0.0020114 0.0145075 0.0815383 0.0721337 0.0220467 
0.424656 0.00340377 0.112938 0.0774952 8.86037e-05 0.00287647 4.93973e-05 0.000775969 0.00528031 0.0117946 0.000164093 0.0176585 0.00669049 0.0617006 0.00807357 0.0219437 0.000391816 0.180261 0.0283266 0.0354312 
0.541709 0.0115546 0.0181897 0.0387417 1.44677e-05 0.00665456 6.79724e-05 0.000142457 0.0165955 0.155574 0.00594028 0.00293449 0.0159561 0.0268323 0.0396296 0.000121839 0.00734426 0.0718959 0.0182837 0.0218178 
0.18651 0.0390822 0.0486774 0.147871 0.000122494 0.00468507 0.000267674 0.00087092 0.00782194 0.0729394 0.00708592 0.0126474 0.0634292 0.0649383 0.0660124 0.00710607 0.0738995 0.0931299 0.0584761 0.0444273 
0.329738 0.0130172 0.0786384 0.083145 0.00180115 0.00141012 0.00121871 0.000570166 0.00327448 0.0233266 0.000498792 0.00702453 0.124955 0.0438405 0.000743526 0.0213009 0.000355159 0.147406 0.0828623 0.0348726 
0.571469 0.0108575 0.0207381 0.0102333 0.00175651 0.000131331 9.78663e-06 0.000878894 0.021208 0.0220428 0.00050607 0.0298849 0.0347415 0.167954 0.00956385 0.00304215 0.000127068 0.0441356 0.0378055 0.0129149 
0.540202 0.00920502 0.10741 0.0431331 0.000284628 0.00131996 0.000675819 0.000462136 0.0107958 0.0253644 0.00158506 0.0104801 0.00991444 0.0735461 0.00458847 0.00217987 0.0011016 0.114641 0.0179178 0.0251927 
0.254267 0.0222446 0.156951 0.0558036 0.000130496 0.00328487 0.000208316 0.000833073 0.00433876 0.0453493 0.014274 0.037314 0.00640361 0.111309 0.00615653 0.00753343 0.00387495 0.0988937 0.0255138 0.145316 
0.414378 0.0995451 0.170516 0.113675 0.000185459 0.00055058 0.014233 6.05617e-05 0.00565926 0.00712276 0.00684917 0.0447361 0.00633944 0.0268799 7.0473e-05 0.00543707 4.45241e-05 0.035779 0.00938353 0.038555 
0.436869 0.0521128 0.121514 0.0988832 0.00317824 0.00541089 1.16765e-07 0.000788351 0.000531223 0.0270885 0.00122388 0.00594457 0.00313412 0.0386392 2.24509e-05 0.00250225 0.000143878 0.0720871 0.0127537 0.117172 
0.777129 4.17298e-10 0.117309 7.85216e-08 2.09381e-09 0.00134704 2.75691e-09 1.59078e-09 6.57679e-10 4.54489e-06 7.7628e-06 1.96961e-10 1.43354e-06 0.10417 8.52831e-10 2.1637e-06 3.01633e-10 8.49992e-11 2.81834e-05 1.05939e-06 
0.375651 0.0121239 0.0715083 0.0346951 0.00034967 0.002566 0.000140506 0.00149866 0.125375 0.0324089 0.0118784 0.0324676 0.0284898 0.0821308 0.0134065 0.0021157 0.0128453 0.079666 0.0480944 0.0325885 
0.336839 0.032278 0.0929236 0.105672 9.25986e-05 0.0010557 3.54033e-06 0.000452708 0.0524329 0.0651492 0.00167783 0.0052511 0.0739759 0.0443862 0.0194032 0.0037046 0.00089995 0.0628903 0.0712227 0.0296895 
0.611163 0.00421564 0.131924 0.0264684 5.05746e-05 0.00205729 4.35199e-05 0.00046023 0.008111 0.0130768 0.00101266 0.0167538 0.00824325 0.0556484 0.000836347 0.0162667 0.000562199 0.0493731 0.0160744 0.0376582 
0.504438 0.0096428 0.0369756 0.0626717 1.63685e-05 0.00110913 3.77918e-05 0.00130127 0.0129497 0.0135048 0.0044574 0.0233019 0.0204668 0.0639153 0.000914912 0.00639613 6.12342e-05 0.145193 0.0450698 0.0475764 
0.22549 0.0385874 0.12445 0.0626524 0.000382186 0.00529441 0.000299933 0.00126136 0.013026 0.092911 0.00535971 0.0376159 0.0203535 0.0577674 0.0107255 0.0110802 0.0121377 0.148551 0.0451699 0.0868848 
0.425275 0.00520447 0.0977702 0.0453171 0.000163678 0.00237158 0.000170655 0.00105875 0.00640981 0.0327947 0.0456902 0.027953 0.0144578 0.0515899 0.00429653 0.00670112 0.0262513 0.149086 0.0369697 0.0204694 
0.351273 0.00921087 0.0933739 0.0283608 0.000601853 0.00202108 0.000118259 0.00485764 0.00155038 0.0224289 0.000606216 0.0275099 0.0296074 0.138986 0.0123601 0.00537162 0.000972828 0.0780621 0.144415 0.0483113 
0.422508 0.0159661 0.0895968 0.111768 0.000367587 0.0022051 0.000139612 0.000486496 0.00617393 0.0487639 0.0041605 0.0139318 0.0133893 0.0401298 0.0300806 0.00360682 0.00224932 0.118363 0.0329797 0.0431331 
0.45194 0.00384166 0.0634116 0.0152585 2.20046e-05 0.00344932 0.000778999 0.00294654 0.00464064 0.0468275 0.00571449 0.0448917 0.00904252 0.0626536 0.0589983 0.00178309 0.00619785 0.0902209 0.112997 0.0143831 
0.304554 0.00571041 0.12831 0.0732874 0.00591451 0.000885064 0.000103473 0.000979327 0.00372297 0.0179162 0.00181136 0.0256385 0.00798167 0.0892402 0.0325611 0.00889619 0.000247329 0.223274 0.0183583 0.0506085 
0.39336 0.00775223 0.0962516 0.104305 0.0325215 0.00281758 0.00660185 0.000481902 0.01926 0.0196502 0.000645182 0.00290771 0.0584173 0.0383578 0.00340419 0.00114599 3.49426e-05 0.107827 0.0816388 0.0226196 
0.386447 0.00723987 0.0405128 0.0374023 1.70083e-05 0.0135308 0.000147062 0.0103098 0.0607567 0.0202685 0.00424944 0.0161995 0.0230826 0.027585 0.00832637 0.0102241 0.000835584 0.117286 0.141149 0.0744303 
0.30423 0.00345465 0.0134935 0.0691963 5.39739e-05 0.00429104 2.64513e-05 0.000539693 0.0252315 0.0372423 0.221922 0.0636675 0.00934927 0.0338051 0.00802317 0.00520243 0.00505676 0.122577 0.0387223 0.0339154 
0.554451 0.0152966 0.0144431 0.0718706 6.3694e-05 0.00221551 1.42612e-05 5.90202e-05 0.00157884 0.0152277 0.0362243 0.00487952 0.003222 0.0792907 0.0594497 0.00142798 5.9018e-05 0.110432 0.0283925 0.00140234 
0.498285 0.00886476 0.0606476 0.0823197 6.33892e-05 0.00354751 0.000341013 0.000460632 0.0169408 0.0178926 0.000864622 0.0178629 0.00858759 0.0542514 0.0210786 0.0121002 2.82764e-05 0.0980102 0.0820737 0.0157794 
0.664249 0.0044117 0.0419158 0.0496871 0.00189373 0.000723533 0.000128047 0.0181924 0.00154634 0.0339586 0.00123884 0.0224665 0.0103494 0.058892 0.0109821 0.012463 0.00249233 0.0399957 0.0146045 0.00980954 
0.334056 0.00591033 0.0545519 0.0604071 0.000153567 0.00438498 7.73481e-05 0.000697478 0.00835103 0.00819802 0.00432684 0.025832 0.0228092 0.0767297 0.0247488 0.00851704 8.7306e-05 0.166485 0.107813 0.085864 
0.533444 0.00677135 0.0562482 0.0388434 0.000294688 0.00254904 0.00222148 0.000470111 0.0145419 0.0314068 0.013488 0.0101731 0.0233513 0.0389218 0.00899523 0.00409324 0.0101405 0.151269 0.0366862 0.0160906 
0.785564 0.00938624 0.0228329 0.0369391 6.08024e-05 0.000321027 5.20255e-07 4.67553e-05 0.0113434 0.00191172 0.00198735 0.0231048 0.000841159 0.0443736 0.00128517 0.00462254 2.33003e-05 0.0172583 0.029731 0.00836649 
0.656428 0.0118922 0.0481203 0.093879 0.000118983 0.000170071 4.32019e-05 0.00229335 0.00127483 0.00470642 0.0029364 0.00559199 0.00570684 0.0420036 0.0049655 0.00180521 0.00133471 0.0462751 0.0587436 0.0117107 
0.436052 0.0372607 0.0558756 0.0517722 4.03417e-05 0.000155881 3.04873e-05 0.0034765 0.0307737 0.0279509 0.00187863 0.0331081 0.0316764 0.112653 0.0207178 0.00250924 0.00225988 0.065297 0.0505084 0.0360038 
0.396813 0.00992285 0.119831 0.0510633 0.00072603 0.00249696 6.27501e-05 0.00081143 0.00666736 0.00897224 0.00804651 0.0181523 0.00111753 0.0620264 0.000605618 0.00319942 0.000917793 0.250215 0.0285563 0.0297962 
0.266939 0.0107292 0.24764 0.0837357 0.0026074 0.00381854 0.000146901 0.000705121 0.00350195 0.00704747 0.00461652 0.0302528 0.0210876 0.202036 0.00374953 0.0108494 1.54486e-05 0.0294113 0.0189119 0.0521977 
0.413169 0.0101031 0.0329781 0.0531828 0.000427348 0.00106347 3.96517e-06 0.00270519 0.0106715 0.0346212 0.0130853 0.123487 0.0137294 0.132187 0.00103381 0.016706 0.000536739 0.0834821 0.017498 0.0393283 
0.724067 0.0116234 0.0711858 0.017748 0.00312421 0.00177513 0.00608278 0.000246774 0.0116479 0.0050977 0.00744297 0.0106671 0.0257681 0.0528081 0.000171889 0.00391057 1.31029e-05 0.017551 0.0117483 0.0173198 
0.494889 0.019039 0.0359034 0.043463 0.024368 0.00310621 7.11596e-05 0.00108009 0.00843907 0.0155048 0.00280346 0.00297178 0.0434063 0.0727416 0.0240967 0.00358342 0.000493009 0.143169 0.0367061 0.0241647 
0.206256 0.00999765 0.0593812 0.0389364 2.82481e-05 0.0410872 0.00170461 0.00142959 0.0879395 0.024427 0.017837 0.0704489 0.066688 0.165247 0.00154604 0.0172715 0.00844035 0.0725619 0.0371095 0.0716626 
0.324949 0.0292418 0.0618613 0.0841249 0.000221074 0.0423005 0.000417196 0.0388863 0.00804744 0.0215152 0.00457246 0.0120451 0.0224183 0.0529115 0.0131538 0.0202217 0.00204305 0.195269 0.0537763 0.0120245 
0.326565 0.00902042 0.0925283 0.07446 4.94683e-05 0.00267666 0.000348824 0.000288001 0.00322128 0.0300134 0.000568155 0.0177458 0.00627957 0.225235 1.1549e-05 0.00228174 1.12009e-05 0.0375257 0.12949 0.0416791 
0.62031 0.00606588 0.0157036 0.0215398 0.000799128 0.000512078 8.66964e-05 0.000412357 0.0701116 0.00685326 0.0189525 0.145515 0.00289612 0.0384798 0.00163932 0.00179086 0.000712684 0.0196026 0.0207785 0.00723738 
0.199487 0.0225632 0.138876 0.108558 0.000158644 0.00454727 0.00011889 0.00068393 0.00695013 0.0437104 0.00941585 0.00847214 0.0146147 0.0530301 0.00270911 0.00197137 0.00288273 0.178726 0.0272706 0.175254 
0.323396 0.0115861 0.0936188 0.133075 0.000804033 0.00387128 0.000555687 0.00397481 0.0113659 0.0279982 0.00239914 0.037328 0.0249122 0.0774226 0.00551749 0.0142005 0.00385818 0.163482 0.0232166 0.0374176 
0.732214 0.00223047 0.0438697 0.0302677 0.000792521 0.00253699 9.79699e-05 0.000444095 0.00419618 0.00535237 0.000653298 0.0101908 0.00363592 0.0206428 0.00778239 0.00453738 0.000196753 0.107757 0.0139814 0.00861945 
0.561632 0.00808964 0.0457515 0.0513323 0.000134662 0.00478475 0.00337278 0.00160966 0.00495169 0.0130461 0.00124921 0.0204957 0.0221167 0.0647638 0.0225787 0.0129209 0.000454577 0.0949198 0.046155 0.0196402 
0.264007 0.00537844 0.149279 0.110699 0.000858189 0.00132543 0.00042732 0.00155299 0.000701474 0.0252121 0.00301574 0.0326015 0.00812477 0.0560739 0.00028613 0.0232823 0.000168853 0.233114 0.0437278 0.0401646 
0.497766 0.00495671 0.0151921 0.0351792 2.48626e-05 0.00419644 0.00443252 0.000180024 0.0934309 0.17179 0.0167458 0.0138692 0.0339778 0.0120259 0.00582232 0.000203403 0.00968047 0.0537776 0.0195078 0.00724028 
0.520507 0.0154135 0.072179 0.0241093 5.82389e-05 0.00688844 6.40139e-05 0.000867394 0.0739005 0.0395781 0.00472931 0.022066 0.01145 0.0277847 0.01004 0.000653942 0.00822376 0.114969 0.0320018 0.0145161 
0.623141 0.00398407 0.0501795 0.0278772 0.000523598 0.000693081 5.73269e-05 0.000120154 0.0024344 0.0298717 0.00210945 0.0114808 0.00503559 0.0905566 0.0148595 0.0117389 0.00157781 0.0900013 0.0207858 0.0129719 
0.352674 0.0103649 0.0142053 0.119969 0.000495332 0.0132464 6.11833e-05 0.000142382 0.0385578 0.0828555 0.0775847 0.00980426 0.0742011 0.0365828 0.00199969 0.000258414 0.0155727 0.0468538 0.0723073 0.0322636 
0.416566 0.0134009 0.0687259 0.0733047 0.000322272 0.00726355 8.40343e-05 0.0310262 0.000944112 0.0347418 0.000181068 0.0177206 0.0272833 0.12751 0.003421 0.00350807 0.000700985 0.0563104 0.0732194 0.0437657 
0.487252 0.00316934 0.118764 0.0180452 3.45882e-05 0.00135019 4.94496e-07 0.00151548 0.00691538 0.00871053 0.00219323 0.0147221 0.00550681 0.0938623 0.00446721 0.0116559 0.0236918 0.134439 0.0460163 0.0176886 
0.418108 0.00145264 0.0973231 0.056693 0.000464933 0.00419266 4.13217e-05 0.00111782 0.00618025 0.0097201 0.00941621 0.0627822 0.012172 0.136072 0.00620726 0.00198587 5.0663e-05 0.136163 0.0143661 0.0254918 
0.173221 0.0103069 0.166949 0.118586 3.11926e-05 0.00252933 1.66781e-05 0.00426916 0.00203846 0.0495293 6.26996e-05 0.0302107 0.0150135 0.104697 0.00141773 0.00959177 0.00706194 0.166351 0.0491582 0.0889587 
0.415512 0.00877112 0.0644222 0.0375042 0.000136032 0.00227325 4.92933e-05 0.00451159 0.00984302 0.0252421 0.0393432 0.0175916 0.0119197 0.0642404 0.113828 0.0067746 0.013207 0.0608781 0.0478186 0.0561344 
0.341207 0.0193893 0.0434733 0.0658293 0.00073818 0.00216353 4.51891e-05 0.00196877 0.00568078 0.0136426 0.0202793 0.0982861 0.0201915 0.26145 0.00182038 0.00772038 0.00215004 0.032009 0.0367247 0.0252306 
0.465612 0.0525314 0.109394 0.0901476 0.00117895 0.00150047 9.6241e-05 0.000749494 0.00280871 0.079055 0.0130347 0.0102234 0.00476298 0.0224964 0.000701332 0.00230223 0.00367663 0.0909636 0.0093106 0.0394545 
0.459401 0.0115725 0.0383618 0.0336422 7.83033e-05 0.00119561 8.51968e-05 0.00142479 0.0250094 0.0514089 0.00922884 0.0149919 0.0394206 0.0523607 0.000706216 0.00238616 0.00273896 0.126675 0.0306521 0.0986599 
0.358263 0.010751 0.0629592 0.21016 0.00121415 0.000657056 0.000283708 0.00275945 0.00521384 0.0196687 0.014735 0.0284061 0.0611374 0.0519576 0.0185351 0.00333625 0.00173832 0.0713478 0.0554029 0.0214741 
0.295729 0.0050636 0.060853 0.0376591 0.000228463 0.00365119 0.00129498 0.187284 0.00111377 0.0187469 0.00203834 0.0609459 0.01353 0.183768 0.0112161 0.0305425 0.000100413 0.053374 0.02059 0.0122692 
0.553798 0.0238241 0.0527149 0.0560365 0.000218948 0.00142125 1.60379e-05 0.000166467 0.00285173 0.0787117 0.00238037 0.0144852 0.00500947 0.0307966 0.00240817 0.00805754 0.00105406 0.0645377 0.0636257 0.0378857 
0.167054 0.00766143 0.075264 0.11775 5.55832e-05 0.00730767 8.4184e-05 0.00331397 0.0137828 0.111766 0.0105918 0.0618323 0.0308306 0.109243 0.0115369 0.0123106 0.00122066 0.119143 0.0410431 0.0982077 
0.629359 0.00488254 0.061164 0.112973 0.000119533 0.000629435 0.00297214 0.00123828 0.00198709 0.0172504 0.00292144 0.00330814 0.0155952 0.031998 0.000398786 0.00168765 8.59512e-05 0.0539004 0.0349676 0.0225615 
0.337771 0.0139438 0.100615 0.0580857 0.000723858 0.00107222 0.000591952 0.000286849 0.00605168 0.0163977 0.00100597 0.0108069 0.0112763 0.110866 0.024086 0.00158848 0.00232415 0.173314 0.0820298 0.047163 
0.44171 0.00919822 0.0479228 0.0244732 7.30894e-05 0.00148726 6.9439e-05 0.00335822 0.00449073 0.0103519 0.0010558 0.0496962 0.0497151 0.15348 0.00846593 0.0135534 5.49761e-05 0.0573854 0.0665134 0.0569446 
0.409641 0.0102802 0.0964734 0.154685 0.000807942 0.00194394 0.000119773 0.000782686 0.00790242 0.120918 0.00104308 0.0130041 0.00429321 0.0261742 0.00180296 0.00404694 0.00248921 0.0997139 0.0147302 0.0291478 
0.669239 0.00361469 0.047438 0.0259128 0.00178808 0.0213759 3.4975e-05 0.000482383 0.00378814 0.00281497 0.00137183 0.0135973 0.0053465 0.0450243 0.0136652 0.00234057 6.49172e-06 0.0846711 0.0544479 0.00303967 
0.201568 0.00406738 0.0677833 0.047093 4.03126e-05 0.00565931 0.00343887 0.000608233 0.00771128 0.117003 0.101898 0.00966283 0.0234499 0.0212171 0.0232734 0.000274495 0.0760631 0.161579 0.105626 0.0219842 
0.372577 0.00323787 0.0186376 0.0198031 0.000845474 0.001695 4.53478e-05 0.000555496 0.00339138 0.0329545 0.0206644 0.00323379 0.0785705 0.16098 0.0369461 0.00156474 0.0570268 0.0889642 0.0959751 0.00233147 
0.304997 0.0043319 0.136278 0.0653597 0.000661055 0.00204507 2.57238e-05 0.000289966 0.000409771 0.00508475 0.000117548 0.00987279 0.00155604 0.0505223 0.076676 0.0320479 2.34408e-05 0.254756 0.0309322 0.0240127 
0.500306 0.00707894 0.0940858 0.0485179 0.000941607 0.0158346 6.70113e-05 0.000443758 0.00697615 0.0135987 0.00296883 0.012033 0.0088037 0.0989761 0.00297162 0.00542538 0.000161273 0.0434973 0.0818864 0.0554257 
0.402046 0.0190963 0.0182935 0.0758312 3.43261e-07 0.0115779 6.48826e-07 0.000126875 0.0214029 0.182512 0.0250796 0.00629353 0.0278099 0.023314 0.0151644 0.000441431 0.0203893 0.119069 0.017549 0.0140034 
0.232259 0.018562 0.177448 0.0748364 0.000349747 0.00709131 0.00219324 0.00679279 0.00819409 0.0441095 0.00346555 0.0348606 0.0543255 0.0932192 0.00478311 0.00472932 0.00337679 0.0920885 0.0507286 0.0865861 
0.788149 0.00402631 0.0404296 0.0226094 0.00108835 0.000869211 9.79407e-05 9.7862e-05 0.00289582 0.00549097 9.42128e-05 0.00726757 0.00321819 0.0306162 0.018061 0.000776012 4.66055e-05 0.0328224 0.0279982 0.013345 
0.527785 0.00872166 0.16975 0.0248982 0.000816863 0.0381012 9.3223e-05 0.000386576 0.00145624 0.00290226 0.000302794 0.0212721 0.000805444 0.0799747 0.00718626 0.00613956 0.000297651 0.0742618 0.010153 0.0246964 
0.43829 0.00631864 0.107032 0.0158237 2.47336e-05 0.000908914 0.000152337 0.000411177 0.0017829 0.0030692 0.000633036 0.039187 0.00518997 0.117589 0.00549005 0.0149825 1.29827e-05 0.19339 0.0231987 0.0265133 
0.499613 0.00181864 0.0975189 0.00975637 0.000124933 0.00042426 0.000207035 0.00012768 0.0255516 0.00421067 0.00138655 0.0387627 0.00321992 0.0512763 0.0566127 0.0138507 0.000321031 0.169949 0.00944712 0.0158211 
0.381496 0.00931267 0.0261907 0.0485297 5.32828e-05 0.0236874 3.65982e-05 0.000441317 0.00925358 0.155396 0.0842995 0.00683807 0.0296143 0.0326672 0.00335091 0.0045864 0.011405 0.0380823 0.0404437 0.094316 
0.347422 0.0061632 0.180335 0.0140264 0.00016953 0.00813412 5.03624e-06 1.30375e-05 0.00331521 0.016609 0.0291883 0.00781748 0.0141273 0.0674966 0.000795183 0.0239541 5.45194e-05 0.231714 0.0350137 0.0136469 
0.420874 0.0367591 0.0183143 0.0116651 1.49294e-05 0.00251786 3.51939e-05 0.000579181 0.0435612 0.116 0.0253745 0.0189793 0.0902551 0.0528413 0.0444555 0.00237763 0.00730863 0.0725295 0.0277195 0.00783804 
0.521698 0.016547 0.0386583 0.0721354 6.05293e-05 0.00190589 2.69418e-05 0.000561581 0.00301521 0.0177946 0.000526747 0.0133946 0.0227616 0.0671352 0.0334534 0.0228504 0.00280697 0.101353 0.0572321 0.00608242 
0.481652 0.00252199 0.0502544 0.0304291 0.000234012 0.022334 0.000522508 0.00149386 0.0120499 0.077547 0.00455714 0.00462446 0.0300802 0.0619527 0.0266258 0.0122755 0.0129259 0.10367 0.0545026 0.00974701 
0.457629 0.0283538 0.0233584 0.0331226 0.000202837 0.00102019 0.000310516 0.000450716 0.0363235 0.0121769 0.0151792 0.109737 0.0520704 0.049536 0.0374625 0.00109282 0.00317293 0.0703599 0.0263207 0.0421196 
0.277214 0.0102832 0.101293 0.0301997 9.69937e-05 0.00239453 5.27538e-05 0.0297087 0.00245958 0.0110481 0.000325574 0.0544881 0.0119809 0.144966 0.00570528 0.00845173 1.02156e-05 0.19678 0.0717196 0.0408222 
0.275341 0.00576078 0.213145 0.106766 0.00277558 0.00566205 7.222e-05 0.000315315 0.0012912 0.0038627 0.00400707 0.0140852 0.00979192 0.114187 0.0212975 0.0146975 0.00421755 0.14351 0.0410934 0.0181211 
0.655253 0.00543206 0.0291764 0.0188494 4.30641e-05 0.00193987 1.86588e-05 0.00144627 0.0101508 0.0136529 0.000994496 0.0158669 0.00568393 0.086742 0.0178897 0.0129386 1.77701e-05 0.0369468 0.0603378 0.0266196 
0.630903 0.000317866 0.0536441 0.0110042 0.00115717 0.000785289 1.20231e-06 0.000391113 0.00153568 0.00841655 0.00090191 0.205491 0.0134024 0.0619772 0.000143399 0.00429235 3.45166e-05 0.00174652 0.00221204 0.00164189 
0.332624 0.00847491 0.0394538 0.255346 0.0172336 0.00156653 0.00618703 0.00193851 0.00559751 0.0400881 0.000479263 0.01809 0.0272428 0.0335825 0.00291933 0.0119432 0.0113253 0.107848 0.0333361 0.0447238 
0.491212 0.00341125 0.10254 0.0432056 0.000429712 0.00787329 0.000283168 0.000554139 0.00282853 0.00331815 0.000360858 0.0457879 0.0107072 0.0721154 0.0223536 0.00316534 2.3832e-05 0.121551 0.0405958 0.0276825 
0.2732 0.00641769 0.152157 0.0422346 0.000939045 0.00327412 4.21149e-06 0.0236731 0.00599215 0.031179 0.0377695 0.0194999 0.0521308 0.117914 0.0671364 0.00596748 0.0137146 0.115306 0.0155454 0.0159449 
0.42408 0.00166292 0.134545 0.0324147 0.000461449 0.0504038 9.35712e-05 0.000220141 0.0101172 0.0297323 0.00150337 0.024191 0.00393373 0.072822 0.001295 0.0182219 0.00264586 0.143941 0.0216539 0.0260613 
0.563116 0.00433987 0.0798761 0.0286975 0.00019576 0.00229947 0.000230574 0.000499018 0.015932 0.0113323 0.0179927 0.0160188 0.00696081 0.0786817 0.013588 0.00286134 0.00327214 0.118234 0.01984 0.0160316 
0.499804 0.0102967 0.0635838 0.0399642 4.6989e-05 0.00309727 0.000463103 0.000217387 0.0272201 0.0108286 0.000297733 0.0220828 0.0359878 0.0351873 0.00123327 0.00493883 0.000444039 0.0836757 0.120014 0.0406155 
0.245184 0.0423408 0.0285348 0.0688974 5.01428e-06 0.000895431 0.00198877 0.00021764 0.0469296 0.0530813 0.00123244 0.0139434 0.141729 0.127112 0.000181571 0.0112245 1.63163e-05 0.0697494 0.129395 0.0173408 
0.661088 0.00637234 0.0606687 0.0426474 0.000437057 0.00157172 5.71495e-05 0.000266798 0.00581808 0.0169355 0.00225984 0.00857492 0.00532566 0.0440614 0.00499534 0.00336382 0.000418115 0.110012 0.0161644 0.00896184 
0.283762 0.0100596 0.182334 0.0483973 0.000331827 0.000851102 4.71447e-05 0.000493524 0.00227485 0.0229298 0.0015539 0.0369579 0.022629 0.0465432 0.0087284 0.00737683 0.000571769 0.176232 0.101363 0.0465629 
0.269175 0.0158636 0.16694 0.0269475 3.6443e-05 0.00502552 3.05115e-05 0.00897839 0.0185536 0.0249497 0.00298956 0.0267538 0.00864415 0.239593 0.000486706 0.0127346 0.00472147 0.0618439 0.0406955 0.0650365 
0.685719 0.0121213 0.0570594 0.0217269 0.00223033 0.000856776 0.0016771 0.000318261 0.00187098 0.00278193 0.00173334 0.0159344 0.00573531 0.0599545 0.00331883 0.00268192 1.99796e-05 0.086953 0.024054 0.0132524 
0.480909 0.00280402 0.0905233 0.0683199 0.00259617 0.00214943 0.000246902 0.00143502 0.0123582 0.0111264 1.72546e-05 0.00831686 0.00505809 0.0415303 0.129431 0.00534892 5.59954e-05 0.112919 0.011793 0.0130609 
0.296387 0.00628932 0.086357 0.0513158 5.58242e-05 0.00267295 2.34897e-05 0.000655108 0.00151911 0.0613249 0.00158038 0.0249387 0.00692014 0.0524596 0.0146668 0.0114238 0.00179631 0.28665 0.083264 0.0096993 
0.514926 0.0229939 0.0531112 0.0630025 0.000186536 0.000994712 4.68623e-05 0.000551558 0.0206382 0.0318415 0.0134491 0.0078428 0.0272282 0.0700264 0.00467096 0.00206847 0.00172936 0.0762498 0.0380258 0.0504163 
0.559324 0.00772988 0.0550568 0.0666131 0.00112439 0.00799249 9.19634e-05 0.000177554 0.0210754 0.0171551 0.00992997 0.00703226 0.00831026 0.0455077 0.0100379 0.00617589 2.68886e-05 0.0985052 0.0239248 0.0542085 
0.162245 0.00829002 0.0141739 0.134721 0.000174867 0.00503495 0.000678959 0.0791211 0.00648917 0.150658 0.126477 0.010539 0.00699128 0.0227847 0.0194858 0.00431934 0.126314 0.0661675 0.0236843 0.0316505 
0.49161 0.00602404 0.0588097 0.0328791 0.000397337 0.00522648 0.000118172 0.0011859 0.0317067 0.0482524 0.0774839 0.0163051 0.0115782 0.054749 0.0363828 0.00348433 0.0036757 0.0774371 0.0394236 0.00327017 
0.302059 0.0202557 0.109843 0.0307887 6.07268e-05 0.00232128 0.00280269 0.00136527 0.0329616 0.0167334 0.00905002 0.0218357 0.0440291 0.113403 0.00061754 0.00634471 0.00888866 0.047217 0.201227 0.0281973 
0.180389 0.0223863 0.155956 0.0834389 0.000202084 0.00617092 0.00380269 0.000618492 0.00641221 0.0318756 0.156537 0.0294983 0.0132313 0.0848874 0.0069514 0.0101867 0.00994186 0.0797685 0.0326697 0.0850756 
0.165172 0.0285266 0.0661576 0.103227 8.52106e-05 0.00619185 0.000558517 0.000653196 0.016343 0.116492 0.00807885 0.0173882 0.0282698 0.0387461 0.00386576 0.00351193 0.00810515 0.14574 0.119674 0.123212 
0.525077 0.00308601 0.101077 0.0530269 0.000775636 0.00371433 4.06874e-05 0.00251907 0.00181489 0.0178813 0.00123138 0.0238791 0.00842853 0.0487822 0.0268617 0.00693701 0.00053263 0.132179 0.0301287 0.0120267 
0.396564 0.00256992 0.238321 0.0217379 0.0001816 0.00521522 0.000187051 0.000241786 0.00387066 0.00893399 0.0177654 0.00889315 0.0256189 0.13698 0.00167321 0.00116257 0.00100691 0.0459883 0.0338251 0.0492637 
0.573777 0.004611 0.0283241 0.0253632 0.0185892 0.000883309 0.0195509 9.55648e-05 0.05747 0.0121613 0.0029579 0.0431915 0.00703121 0.101583 0.000253866 0.00649009 4.33181e-05 0.0549338 0.0124254 0.0302635 
0.283748 0.00499765 0.209907 0.230305 0.000231871 0.000106195 0.00459616 1.08097e-05 0.000119699 1.81061e-06 1.02302e-07 0.0500724 0.00047361 0.0858734 7.15505e-05 0.00772036 4.1952e-06 0.0693673 0.00416562 0.0482275 
0.237844 0.00999313 0.0498563 0.0582696 0.000189373 0.00228295 0.000101728 0.000576496 0.0290424 0.0836393 0.0131528 0.0656057 0.02691 0.184268 0.00833836 0.012464 0.0126526 0.0794552 0.0562142 0.0691435 
