0.0167082 0.256506 0.0305397 0.0276674 2.11261e-06 0.0679591 0.187227 0.0965539 0.00244098 0.00813521 0.00135063 0.00681328 0.000428446 0.117934 0.0767872 0.00253361 0.0418925 9.0895e-05 0.0452012 0.0132285 
0.000261814 0.253997 0.0166685 0.066516 8.3185e-11 0.00334441 0.0187994 0.190036 1.2439e-06 0.104749 0.0502901 0.0187897 0.000469161 0.053864 0.0862502 8.31274e-06 0.108194 8.95748e-09 0.0237178 0.00404318 
0.0213069 0.249308 0.0369397 0.0398874 0.000233995 0.0130284 0.0122949 0.178878 0.00193856 0.0018992 0.00217065 0.00995964 0.00428906 0.105599 0.201914 0.00968039 0.073297 4.50273e-05 0.00754678 0.029784 
0.115457 0.648223 0.00550713 0.0138967 0.000107886 0.00532255 0.013343 0.126839 0.000808084 0.000250203 0.000622741 0.0311141 0.00172097 0.0151385 0.0109794 8.59454e-05 0.00416175 0.000400687 0.00132461 0.00469587 
0.190982 0.24196 0.0419468 0.0536911 3.50973e-05 0.014604 0.0105002 0.162118 0.000104747 0.0015434 0.00350177 0.0136612 0.000598469 0.024709 0.17852 0.0139106 0.00558379 0.000367781 0.0207021 0.0209604 
0.0736879 0.330669 0.0364266 0.0474565 0.00164939 0.00179409 0.0052037 0.0711867 0.00909364 0.000324668 0.00284109 0.0449095 0.000117343 0.00791806 0.320359 2.67143e-05 0.0047157 0.000229234 0.0409191 0.000472004 
0.0633026 0.18447 0.0273301 0.0907051 0.000891655 0.0404636 0.0400713 0.0679527 0.00193787 0.00548637 0.0110407 0.0199233 0.00686484 0.175388 0.166934 0.00716905 0.0272965 9.37046e-05 0.0186302 0.0440472 
0.0254766 0.302695 0.0222356 0.0315664 1.10349e-07 0.00702229 0.0121821 0.0715083 1.93818e-05 0.00038092 0.0113463 0.0888515 0.0133137 0.0671915 0.219691 0.0059734 0.00661563 2.27325e-05 0.0337333 0.0801752 
0.0187643 0.770958 0.0157441 0.00678184 1.36399e-07 0.00310704 0.00220877 0.0941248 1.75812e-05 0.00111326 0.00042672 0.0103605 0.000507981 0.0078522 0.0380787 6.26005e-05 0.00563615 6.86602e-05 0.00233242 0.0218543 
0.108991 0.273214 0.0415518 0.0632618 0.000176429 0.0170048 0.0405282 0.131795 0.000351104 0.00581121 0.00589732 0.0399768 0.00148925 0.041459 0.181243 0.000809349 0.0173752 0.000432281 0.010342 0.0182921 
0.141824 0.266423 0.0160735 0.0473399 0.000201011 0.0806343 0.0134952 0.114761 0.000497038 0.00344602 0.000517235 0.00510845 0.00182926 0.0156861 0.247643 0.00223742 0.0153538 7.9147e-05 0.00818538 0.0186647 
7.84737e-05 0.672159 0.0506498 0.0111276 3.93805e-05 0.00947967 7.50453e-05 9.75912e-05 3.52058e-05 0.0499283 0.000683633 0.0558591 4.34673e-06 0.002862 0.146146 0.000511611 7.26044e-05 7.77041e-05 7.81834e-05 3.46604e-05 
0.0486797 0.205105 0.0418267 0.106969 7.63734e-05 0.00140869 0.00406221 0.130079 6.48844e-05 0.0118545 0.00163896 0.197167 0.00218878 0.0510382 0.1126 0.000108409 0.0322508 0.00017278 0.0413563 0.0113517 
0.0109873 0.296197 0.00267167 0.0420885 3.98088e-05 0.00401092 0.0179495 0.209592 0.000129445 0.000338444 0.000183364 0.24829 0.00144099 0.000748103 0.12817 1.24538e-05 0.0326839 0.00123962 0.00290484 0.00032246 
0.0340952 0.237755 0.0157554 0.0298074 0.00015953 0.0161719 0.0546133 0.119553 0.000356703 0.00117869 0.00269762 0.0131174 0.00409515 0.194513 0.137161 0.00948817 0.0348079 0.00030583 0.0262773 0.0680905 
0.00950515 0.731715 0.00220723 0.0167501 1.40281e-05 0.0102782 0.0816567 0.0584348 0.0086535 0.00647575 0.000266807 0.027954 0.000231441 0.0215419 0.0156064 2.11567e-05 0.00275205 6.41047e-05 0.000741598 0.00513024 
0.0683191 0.334374 0.0204041 0.0658834 0.00752284 0.0391433 0.114013 0.0336737 0.000701705 0.00174986 0.00358602 0.0466179 0.003209 0.0617823 0.143454 0.0141312 0.0152041 1.43436e-05 0.00676537 0.0194502 
0.0799277 0.492873 0.0457766 0.0354173 1.13247e-06 0.00281533 0.0021204 0.00987192 3.31997e-05 0.00132274 7.85453e-05 0.00486698 0.000212164 0.00171679 0.2798 3.71261e-05 0.00295151 1.9654e-05 0.0342555 0.00590197 
0.0250386 0.429982 0.0319528 0.0562383 1.05222e-06 0.00394215 0.00397639 0.0841517 8.93149e-05 0.000397553 0.00143241 0.0481084 2.94418e-05 0.0193791 0.197723 0.00146858 0.00559813 4.90097e-05 0.0574357 0.033007 
0.066707 0.270164 0.0271673 0.0440902 0.000188436 0.0125105 0.0786177 0.133756 0.00152468 0.00183561 0.00192927 0.0275831 0.000926903 0.0620632 0.238935 0.000331266 0.0143311 0.000352474 0.00689722 0.0100898 
0.204739 0.580433 0.00895342 0.0281194 2.12212e-08 0.00659425 0.0256117 0.0693522 1.39594e-05 0.000276856 0.00142029 0.0145303 0.00312828 0.011897 0.0358926 2.72489e-05 0.00284991 0.000180146 0.00262991 0.00335066 
0.0920432 0.663411 0.00466213 0.0181028 1.42132e-06 0.00383498 0.0131511 0.0574899 1.62192e-05 0.000367029 0.000114974 0.00234115 0.000245561 0.00472433 0.106248 5.4901e-05 0.00411431 0.000608135 0.00562241 0.0228463 
0.0322248 0.394765 0.0378656 0.153975 1.22927e-05 0.064381 0.0146598 0.0989273 9.00301e-05 0.00164629 0.000683177 0.028429 0.0122139 0.00853445 0.0479007 0.000137748 0.0286329 0.000246896 0.0696833 0.00499054 
0.0522395 0.381269 0.102173 0.143119 1.19625e-05 0.00842785 0.00617998 0.072009 0.000299979 0.000349892 0.000229819 0.0110186 0.000628846 0.0111282 0.129065 1.20209e-05 0.066543 0.000203115 0.012001 0.00309047 
0.204739 0.580433 0.00895342 0.0281194 2.12212e-08 0.00659425 0.0256117 0.0693522 1.39594e-05 0.000276856 0.00142029 0.0145303 0.00312828 0.011897 0.0358926 2.72489e-05 0.00284991 0.000180146 0.00262991 0.00335066 
0.0237116 0.315363 0.00835929 0.134202 8.27986e-10 0.0571432 0.00670307 0.246992 4.22507e-06 0.00588322 0.000233434 0.00482666 0.00010822 0.000986043 0.1054 4.3462e-06 0.0648687 0.000241467 0.0243819 0.000587017 
0.025065 0.436413 0.000669795 0.149251 0.00107837 0.00313904 0.0297639 0.02144 2.16995e-05 0.000403791 0.00234502 0.00725606 0.00100576 0.0867996 0.141335 0.00118882 0.0304762 2.89197e-08 0.000740016 0.0616078 
0.0656329 0.496772 0.0377463 0.0422674 1.10847e-06 0.0147381 0.00250792 0.0881994 2.83934e-05 0.0024529 0.000104317 0.00495734 0.00012672 0.00109701 0.197812 2.20464e-05 0.0110633 0.000459885 0.0307933 0.00321745 
0.0335513 0.495953 0.0127222 0.0446314 2.01807e-06 0.006083 0.0272721 0.116489 0.000159596 0.000268203 0.000783813 0.00327465 0.000107197 0.0148727 0.202013 3.80274e-05 0.0042948 0.000851529 0.0105632 0.0260686 
0.0238567 0.619285 0.0103621 0.0269886 0.000220881 0.00316585 0.063123 0.0230517 8.3297e-06 7.82392e-05 0.00133138 0.00611878 3.34442e-05 0.0348504 0.165099 2.88412e-06 0.00729442 2.41794e-05 0.0131144 0.00199002 
0.0119553 0.451977 0.0333861 0.0385266 4.59267e-05 0.00516328 0.0129823 0.0886433 3.36724e-05 0.000937488 0.000684487 0.0714237 4.93746e-05 0.0151206 0.218767 9.66235e-05 0.0313421 0.00207445 0.00731116 0.00947958 
0.0870059 0.219141 0.0185988 0.0395832 0.000119127 0.101643 0.0142751 0.100829 0.00147604 0.0022163 0.00923314 0.0124445 0.00502827 0.0753601 0.112822 0.00884678 0.0320533 0.000159615 0.00898074 0.150184 
0.0522418 0.468258 0.00537337 0.0382748 9.91503e-06 0.0345448 0.0154236 0.098352 1.66213e-05 0.000983625 0.00157599 0.0243964 0.000112118 0.0433427 0.136633 0.00744021 0.0297551 0.00080562 0.00617624 0.0362844 
0.183768 0.277391 0.0338133 0.0163264 0.000194851 0.0129448 0.0352672 0.116802 0.00344633 0.00112621 0.0129739 0.0111642 0.00325875 0.0822613 0.15148 0.00465739 0.0133922 1.78691e-05 0.0234713 0.0162428 
0.135528 0.385079 0.0160675 0.0200007 0.000109311 0.0386533 0.0354715 0.108696 0.00019881 0.000908189 0.000157345 0.00445081 0.00164072 0.0266418 0.159748 0.00025548 0.0535361 0.000107609 0.00544581 0.00730393 
0.0129851 0.481865 0.0201392 0.0374627 4.60124e-08 0.000644343 0.00798023 0.082425 0.000168758 0.000463541 0.00037546 0.0493607 1.65954e-05 0.00412523 0.28743 1.21541e-05 0.00855946 0.000178906 0.00538395 0.000423714 
0.0799277 0.492873 0.0457766 0.0354173 1.13247e-06 0.00281533 0.0021204 0.00987192 3.31997e-05 0.00132274 7.85453e-05 0.00486698 0.000212164 0.00171679 0.2798 3.71261e-05 0.00295151 1.9654e-05 0.0342555 0.00590197 
0.0625681 0.23467 0.103733 0.132456 0.00284126 0.0168972 0.0205484 0.115672 0.0058201 0.0169691 0.0286476 0.0156609 0.00434624 0.0222233 0.13704 7.71292e-05 0.0421601 0.000162311 0.0337864 0.00372099 
0.0510256 0.341333 0.0114276 0.0367217 0.00237526 0.0313076 0.156086 0.0506519 0.000355421 0.000551748 0.0306211 0.0354358 0.0245304 0.0788058 0.0790603 0.00789386 0.018881 2.19029e-05 0.00304746 0.0398664 
0.0351694 0.231118 0.00425987 0.0301875 0.000127403 0.117793 0.030694 0.175805 0.00121118 0.0049084 0.00272615 0.00586005 0.00717919 0.0678276 0.114567 0.0112446 0.0913021 5.15153e-05 0.00291941 0.0650491 
0.00456289 0.456289 7.71759e-05 0.000417867 7.60514e-06 0.000343233 0.00144545 0.119012 6.7986e-06 0.000158023 0.000148584 0.413346 5.06783e-05 0.00101048 2.05703e-05 1.58615e-05 0.00217452 0.000105929 8.91028e-05 0.000717555 
0.059215 0.325379 0.0195481 0.0250242 0.00017917 0.0320475 0.0212106 0.103416 0.000167003 0.000820006 0.0127574 0.236067 0.0164692 0.0728861 0.0533322 0.000805747 0.00479273 0.00026471 0.00799983 0.00761818 
0.0800443 0.625482 0.0146415 0.0231723 5.30785e-05 0.00133135 0.0328607 0.0145842 0.000100438 0.00056233 7.08009e-05 0.00230091 3.54593e-05 0.00202373 0.175786 1.64332e-05 0.00124726 0.000114995 0.0253835 0.000188369 
0.0148775 0.540997 0.0279407 0.022914 8.8845e-07 0.00309221 0.00545827 0.0662268 0.000147179 0.000510251 0.00143109 0.0207026 4.98783e-05 0.0220636 0.220574 0.00192176 0.0056702 4.99999e-05 0.0309192 0.0144529 
0.0167078 0.586956 0.0135388 0.0234157 0.00066213 0.00531926 0.0518767 0.0575551 1.82355e-05 0.000209058 0.000480435 0.0074546 4.36756e-05 0.0663634 0.153962 0.000131797 0.00644901 6.22374e-05 0.00611499 0.00267926 
0.0196309 0.44105 0.018779 0.0675288 0.000648234 0.0370573 0.0136242 0.177448 0.000857523 0.00140882 0.000849079 0.0463804 0.00106737 0.0270476 0.0651147 0.00181775 0.0585667 0.00633066 0.0110071 0.00378587 
0.0826047 0.702897 0.00481105 0.00744544 0.000194498 0.00284248 0.0152782 0.122888 0.00122375 0.000352132 0.00108835 0.0225749 0.0020309 0.0135291 0.0042521 7.92597e-05 0.00406608 0.000594289 0.000609709 0.0106383 
0.0517683 0.2826 0.0183249 0.0388461 0.000168312 0.00704028 0.0131848 0.22889 0.00208836 0.0017745 0.00361311 0.037071 0.164927 0.0562281 0.0364398 0.00705779 0.0272509 0.000388916 0.00446156 0.0178768 
0.0136338 0.455526 0.00908847 0.0159987 2.28182e-05 0.00121763 0.0597716 0.0890314 5.75135e-06 0.000681778 0.00143978 0.236865 0.00214076 0.0316719 0.0584148 0.00038697 0.00692879 6.62656e-05 0.0112899 0.0058181 
0.00303019 0.272891 0.00110254 0.000429879 1.62262e-06 0.0397079 0.011786 0.205035 0.0109703 0.00209838 0.00427444 0.0549009 0.0132875 0.0867503 0.0446555 0.0189416 0.00658534 1.05419e-07 0.00020767 0.223343 
0.016715 0.27321 0.017366 0.0807909 1.84411e-05 0.0556942 0.0166482 0.0297078 0.000978774 0.00108204 0.0105886 0.0180761 0.0263258 0.210992 0.151295 0.0158859 0.0281209 8.5913e-06 0.00590099 0.0405949 
0.101696 0.205218 0.0252355 0.00606647 7.79245e-06 0.0198584 0.0106953 0.178197 0.00190892 0.00319187 0.0224459 0.00603301 0.0103902 0.149269 0.200133 0.0177389 0.00362956 3.48953e-13 0.00345631 0.0348287 
0.0282403 0.616414 0.0227612 0.0174984 2.18863e-05 0.00815441 0.00381916 0.0448232 0.000604714 0.00186505 0.00308239 0.00447245 0.00221391 0.0221755 0.134799 0.00173821 0.00401359 5.45763e-05 0.00963374 0.0736143 
0.140167 0.213409 0.0525867 0.0274231 0.000107281 0.0151526 0.0296654 0.111676 0.00164 0.00219891 0.0160804 0.0227664 0.0162871 0.0741462 0.108853 0.00917722 0.00836323 1.87066e-05 0.012572 0.137711 
0.0146009 0.614812 0.0121388 0.0115352 3.32618e-05 0.00332416 0.0258841 0.0201533 4.49182e-05 0.000229204 4.11417e-05 0.002533 2.51259e-05 0.00442592 0.274619 1.77689e-05 0.00517048 0.00014356 0.00373561 0.00653273 
0.0172028 0.414747 0.0132282 0.00644564 4.38952e-05 0.0294375 0.00294665 0.0821285 0.000211762 0.0320385 0.0278462 0.0299783 0.0057453 0.0250696 0.0405988 0.0725013 0.00345291 9.21307e-05 0.0669727 0.129312 
0.058322 0.578183 0.00778162 0.0367303 0.000494912 0.0116913 0.049634 0.0317179 8.19792e-05 0.0182878 9.03756e-05 0.00919469 0.000370456 0.0257635 0.100516 3.28345e-05 0.0520825 0.000285617 0.0067248 0.0120143 
0.164508 0.26738 0.0148708 0.012471 0.000319669 0.0579494 0.0230542 0.093596 0.00792445 0.0111359 0.0030746 0.0561155 0.0793124 0.0267067 0.104563 0.00360674 0.00632249 0.000367381 0.00370063 0.0630218 
0.068592 0.281139 0.0389109 0.0386678 0.000253458 0.0143332 0.0363107 0.127538 0.000898662 0.00155214 0.00159277 0.0130457 0.00166566 0.0556819 0.264458 0.00242232 0.020266 0.000319155 0.0128796 0.0194723 
0.00966298 0.212218 0.0196395 0.068657 0.000281259 0.0583537 0.0856762 0.129683 0.000331598 0.000651398 0.000704572 0.0557027 0.0043736 0.0464241 0.106297 0.0012992 0.190791 0.000114691 0.00433889 0.0047999 
0.0369436 0.379283 0.0136518 0.0575554 4.61185e-05 0.00236984 0.0172226 0.100959 0.000356174 0.000352728 6.73055e-05 0.00716657 3.95239e-05 0.00721464 0.357471 8.56455e-06 0.00775806 0.000692438 0.00916057 0.00168091 
0.0158843 0.204193 0.00956953 0.0296275 0.0143825 0.0303309 0.0857913 0.190303 6.50492e-05 0.000389848 0.00041567 0.00271616 7.26494e-05 0.180256 0.137262 3.84856e-05 0.0368498 0.000294486 0.00427013 0.0572875 
0.0197604 0.468444 0.0606545 0.0217389 0.000106682 0.0026084 0.0190793 0.175013 0.000193105 0.000783261 0.0131537 0.0678894 0.00195698 0.0532267 0.0156162 0.0113452 0.0223115 4.89312e-05 0.0118794 0.0341905 
0.107533 0.276527 0.0133961 0.0343911 0.000329811 0.0170861 0.0223946 0.128635 0.000217538 0.000391966 0.0076567 0.0181742 0.000121456 0.112179 0.223479 9.04007e-05 0.00600589 0.000366353 0.00585707 0.0251686 
0.0188284 0.555726 0.0380989 0.024132 2.11249e-06 0.00411384 0.00412404 0.0402096 1.07125e-05 0.00056551 1.99323e-05 0.00519459 3.0019e-05 0.00318053 0.285425 2.39682e-05 0.00518037 1.68072e-05 0.0116136 0.00350417 
0.0799277 0.492873 0.0457766 0.0354173 1.13247e-06 0.00281533 0.0021204 0.00987192 3.31997e-05 0.00132274 7.85453e-05 0.00486698 0.000212164 0.00171679 0.2798 3.71261e-05 0.00295151 1.9654e-05 0.0342555 0.00590197 
0.0755513 0.438165 0.0350256 0.0465213 9.54312e-05 0.00948269 0.00779719 0.0390961 3.33186e-05 0.00016396 4.09168e-05 0.00760156 2.14871e-05 0.00326772 0.292794 9.30467e-06 0.0039917 4.95874e-06 0.0393946 0.00094207 
0.0581715 0.368999 0.0128111 0.0518033 0.000100532 0.0157923 0.0276933 0.128841 0.00103247 0.00852169 0.0103155 0.0277444 0.00300217 0.0299352 0.15231 0.0153503 0.0209904 0.00028038 0.0306092 0.0356956 
0.00598291 0.183016 0.0161418 0.0955168 0.180042 0.00159516 0.00230153 0.0154338 0.00192803 0.0145561 0.0179916 0.18233 0.000109065 0.0993237 0.0875426 0.000110922 0.0484692 0.00465567 0.0424707 0.000482457 
0.0209359 0.28882 0.0151131 0.0215962 8.35861e-05 0.0927521 0.0149858 0.116034 0.00214855 0.00445659 0.00295593 0.010427 0.00554583 0.0762494 0.218947 0.00627993 0.0421984 1.85585e-05 0.0058052 0.0546473 
0.124305 0.549371 0.0190258 0.0244369 9.20188e-05 0.00203879 0.00354882 0.0442889 2.72987e-05 0.000270014 0.000127899 0.00711615 7.30202e-05 0.00395072 0.192461 1.30652e-05 0.00244718 4.723e-06 0.0253554 0.00104648 
0.154178 0.337853 0.00713659 0.00518768 8.24293e-05 0.0103891 0.0116339 0.0933517 0.00118561 0.00172281 0.00327365 0.00594007 0.00464654 0.181532 0.0707 0.0761143 0.0110827 2.10549e-05 0.000932926 0.0230358 
0.0759161 0.461629 0.00274038 0.0417836 0.00562066 0.00576395 0.03941 0.0382629 2.47328e-05 0.0527621 0.00233158 0.0160952 0.00344525 0.0348355 0.198088 8.77365e-06 0.00844293 4.34823e-05 0.00756932 0.00522729 
0.0821474 0.532165 0.016199 0.0609723 0.000135975 0.00111906 0.0241198 0.120241 0.00237577 0.000256893 0.00112053 0.0759797 0.0340745 0.00762723 0.0317142 2.1311e-05 0.00282977 0.000130323 0.00301562 0.00375448 
0.00573934 0.279657 0.0238924 0.0524032 2.82349e-05 0.041171 0.0230372 0.117858 0.00506275 0.000919487 0.000933258 0.103146 0.000327088 0.0332042 0.076755 0.000259578 0.194621 0.00027208 0.0353563 0.00535696 
0.0472481 0.556032 0.01322 0.0452332 8.71163e-07 0.0040378 0.00637575 0.0692139 3.96719e-05 7.49988e-05 0.00343584 0.00804359 0.000102975 0.0305707 0.111626 0.00175255 0.00512945 0.00035493 0.0649944 0.0325127 
0.0656255 0.594935 0.0169631 0.0272325 9.5074e-05 0.0389386 0.00723647 0.0287175 2.55311e-05 7.31824e-05 2.43942e-05 0.00499511 0.000133932 0.00746648 0.186364 1.82676e-05 0.000876219 3.12371e-05 0.0195721 0.000676099 
0.17629 0.456785 0.000489387 0.0062158 3.07596e-08 0.00167371 0.0200891 0.0265812 0.000106821 0.00029923 0.000262197 0.0012015 3.85317e-05 0.00529726 0.265379 1.78519e-05 0.00110489 6.07293e-08 0.0220878 0.0160804 
0.244485 0.2775 0.0251414 0.0322671 7.26864e-07 0.00215638 0.0803498 0.0583292 1.97024e-05 0.000322883 0.00642691 0.0270039 0.000276733 0.0795761 0.117271 0.00456313 0.0265528 1.14015e-05 0.00959313 0.00815259 
0.15073 0.317911 0.0102963 0.0159722 1.16653e-07 0.0157948 0.0459711 0.258676 3.09044e-06 0.000134157 0.0011845 0.0121392 0.000183282 0.0166594 0.0722628 6.96527e-06 0.0785699 0.00056338 0.000922747 0.00201938 
0.104789 0.261022 0.00961972 0.0164066 5.20762e-05 0.058241 0.174666 0.0265071 2.50908e-07 0.00557215 0.000100213 0.0279859 7.56859e-06 0.0582289 0.213588 1.76492e-08 0.0412771 5.38134e-05 0.00133251 0.000550783 
0.00874328 0.377177 0.000821578 0.06423 8.71336e-05 0.0465475 0.0353286 0.0382499 3.69079e-07 0.0200302 0.00290216 0.0593135 0.000208135 0.134287 0.104806 0.0035024 0.00340986 9.91664e-06 0.00339494 0.0969506 
0.0561193 0.232486 0.0886453 0.10587 0.00191532 0.00922657 0.015097 0.156551 0.000326894 0.00111858 0.0271471 0.0627444 0.00228717 0.0787367 0.0496898 0.000728623 0.0078334 4.13867e-05 0.0572859 0.0461499 
0.095461 0.432162 0.0185338 0.0349973 1.41162e-06 0.00594669 0.0259622 0.136939 5.04791e-05 0.000342063 0.000269684 0.015649 2.38173e-05 0.0077016 0.155405 2.18457e-05 0.0424706 0.00455534 0.0232988 0.000208406 
0.0130611 0.257469 0.0105982 0.0272993 0.0203722 0.0431776 0.0493575 0.159994 0.00141124 0.00200077 0.00316846 0.00330234 0.0035661 0.125409 0.129807 0.00787914 0.013467 5.10824e-05 0.00304697 0.125562 
0.0837702 0.30599 0.0223489 0.0526705 0.000766224 0.0261243 0.0317986 0.0930144 0.00142688 0.00167583 0.00290887 0.0215614 0.00141276 0.0544556 0.229205 0.00342719 0.0344393 0.000248262 0.0128466 0.0199094 
0.0716407 0.303333 0.00944235 0.0256817 1.77542e-05 0.00876402 0.0170884 0.0649536 0.00599156 0.000297373 0.000247821 0.0803336 0.00058564 0.0260447 0.196936 0.000467006 0.0621539 0.11 0.0130379 0.00298354 
0.0504169 0.321892 0.019149 0.053562 5.5759e-05 0.00753686 0.0197148 0.0995463 0.000754802 0.0010686 0.00713698 0.0611885 0.00639066 0.0507368 0.201751 0.000792188 0.00814554 0.000266895 0.0143985 0.0754963 
0.0146172 0.441004 0.00976179 0.0108312 6.4619e-05 0.0100322 0.0561328 0.0316702 0.000905176 0.00282832 0.00904538 0.00190837 0.00307378 0.0461577 0.148351 0.00594079 0.0076752 2.62759e-06 0.00172311 0.198275 
0.186901 0.259398 0.0123523 0.0242935 9.57778e-06 0.00266892 0.0125897 0.248628 0.00121746 0.000205489 0.000175135 0.0494867 0.00022407 0.0179449 0.169554 6.11668e-05 0.00430344 0.000538478 0.00764377 0.00180468 
0.0221653 0.459318 0.0029863 0.0520972 5.14876e-05 0.018616 0.00678016 0.130068 0.000674146 0.000726385 0.0158534 0.0962722 0.000622193 0.0299753 0.110017 0.00104913 0.040958 7.01015e-05 0.00529933 0.00640071 
0.0551473 0.296027 0.0204278 0.0984761 0.000152984 0.00602951 0.0355847 0.122118 0.00301937 0.00144878 0.00186721 0.0319468 0.0100447 0.0308292 0.236027 0.00355513 0.0111777 0.00032365 0.0128595 0.0229372 
0.0191701 0.479752 0.0294195 0.0538287 6.23207e-06 0.00485225 0.00766264 0.0361093 3.93541e-05 0.00142257 0.000289164 0.0365293 0.000120465 0.00357824 0.288429 0.00736327 0.010054 7.96044e-05 0.0170817 0.00421197 
0.060426 0.325082 0.0113811 0.0758281 0.0016973 0.00622209 0.0788725 0.029138 0.000358109 0.000131448 0.000906432 0.00739579 0.000163303 0.0509629 0.281515 7.36662e-06 0.00448063 0.000130165 0.0603044 0.00499739 
0.0196532 0.790586 0.00622793 0.00880793 2.75546e-06 0.00772869 0.00369727 0.0897219 2.58347e-05 2.27738e-06 0.000113781 0.0398887 1.45779e-05 0.00184916 0.00514862 2.15571e-05 0.0258684 0.000254764 0.000222771 0.000163765 
0.0333914 0.214986 0.011504 0.0289126 0.000959945 0.143748 0.0255003 0.115947 0.012112 0.00301551 0.00908354 0.0093265 0.00289295 0.150566 0.0882329 0.0114756 0.115028 0.00347688 0.0038312 0.0160087 
0.0191701 0.479752 0.0294195 0.0538287 6.23207e-06 0.00485225 0.00766264 0.0361093 3.93541e-05 0.00142257 0.000289164 0.0365293 0.000120465 0.00357824 0.288429 0.00736327 0.010054 7.96044e-05 0.0170817 0.00421197 
0.0245789 0.400874 0.0466851 0.125784 3.53649e-05 0.126911 0.0037496 0.0206508 1.66107e-05 0.000485572 0.00293068 0.0409842 0.000376913 0.0296051 0.151552 0.00687386 0.000843116 0.000201107 0.0146266 0.00223586 
0.0306867 0.404163 0.00820963 0.0525409 0.00220453 0.0121193 0.0483701 0.0698603 0.000338515 0.000939879 0.00461265 0.0137858 0.000910205 0.100739 0.145388 0.00219189 0.0335616 0.000125914 0.00580617 0.0634464 
7.60135e-08 0.39041 0.00149336 0.00165423 3.81085e-08 0.00265842 0.00489248 0.348973 0.000283324 0.00178055 0.00034645 0.112493 4.03153e-05 0.000166471 0.0704792 2.35341e-05 0.0631464 0.000951509 7.57298e-08 0.000206891 
0.0150067 0.28694 0.0020295 0.00915142 3.7855e-05 0.00278829 0.0271345 0.047148 0.00205387 0.000779075 0.0210392 0.0845732 0.000532285 0.208629 0.250314 0.00167719 0.02344 0.00247633 0.000724592 0.0135253 
0.0175886 0.764349 0.00321551 0.00468293 1.81586e-07 0.000712035 0.0170683 0.00471143 6.82512e-06 0.0734259 0.000708106 0.00209366 4.70228e-05 0.0078175 0.0883611 8.81526e-06 0.000503284 7.43786e-05 0.00465199 0.00997353 
0.0678847 0.312656 0.0172466 0.0379327 7.1451e-12 0.00925686 0.0611646 0.178009 0.0291146 0.00291576 0.00651962 0.00698987 0.000746627 0.0772328 0.0707077 0.0896138 0.00412735 3.61744e-05 0.0204356 0.00740961 
0.0330535 0.447207 0.0175695 0.0434989 0.00014423 0.00581443 0.0295416 0.215413 0.000269739 0.00519908 0.00390698 0.0289475 0.00218486 0.0157242 0.0792475 0.00177304 0.0545778 0.00393694 0.00489891 0.0070909 
0.0748901 0.256469 0.0252541 0.135195 6.55776e-05 0.034476 0.0139531 0.0830892 0.00112672 0.000789569 0.00158919 0.025743 0.000902948 0.0658825 0.242458 0.00283039 0.00932674 0.000305324 0.018444 0.00720997 
0.0251107 0.427799 0.0133779 0.0153579 0.00132319 0.0183858 0.00787858 0.237963 0.00746243 0.00735374 0.00855543 0.0283719 0.00297535 0.0793905 0.0649051 0.00214639 0.0221078 0.000467643 0.0191814 0.00988675 
0.120375 0.466101 0.00159665 0.0287328 3.8686e-08 0.0111461 0.00997224 0.0716883 1.28389e-05 0.000506755 0.00144883 0.0089489 0.000666825 0.037183 0.0588783 0.00381301 0.0154232 1.9551e-05 0.00278643 0.1607 
0.0755513 0.438165 0.0350256 0.0465213 9.54312e-05 0.00948269 0.00779719 0.0390961 3.33186e-05 0.00016396 4.09168e-05 0.00760156 2.14871e-05 0.00326772 0.292794 9.30467e-06 0.0039917 4.95874e-06 0.0393946 0.00094207 
0.11998 0.374718 0.0267189 0.0396294 1.37434e-05 0.0035085 0.0260491 0.0284908 0.00014417 0.000570759 0.000232383 0.0127682 5.80867e-05 0.0178562 0.321583 3.02021e-05 0.00480546 8.28939e-05 0.0206544 0.00210582 
0.00531997 0.33118 0.0139566 0.113312 0.000446326 0.022969 0.00257678 0.0805918 4.27722e-05 0.000263139 0.000281936 0.291954 0.0401293 0.002211 0.0556182 9.73939e-06 0.0377784 0.000206757 0.0010165 0.000136056 
0.0093055 0.598398 0.0654454 0.0113531 7.53684e-05 0.021584 0.0553586 0.0535437 9.9325e-05 0.000489159 0.000410596 0.0128828 0.00013189 0.0341072 0.119272 5.93322e-05 0.012119 0.000225517 0.0036345 0.00150539 
0.119533 0.581521 0.0195204 0.0360573 8.64002e-06 0.0110181 0.0187859 0.0469409 7.0496e-06 0.00151088 0.000905564 0.030583 0.00190425 0.0154944 0.0898789 0.00568191 0.00360395 0.000101722 0.00232564 0.014617 
0.17629 0.456785 0.000489387 0.0062158 3.07596e-08 0.00167371 0.0200891 0.0265812 0.000106821 0.00029923 0.000262197 0.0012015 3.85317e-05 0.00529726 0.265379 1.78519e-05 0.00110489 6.07293e-08 0.0220878 0.0160804 
0.0302131 0.5068 0.0206931 0.0512236 1.30554e-05 0.0328554 0.0277839 0.0732082 1.57769e-05 9.77009e-05 0.00023281 0.0056035 0.000317612 0.00622418 0.221593 1.21967e-05 0.00936093 3.32637e-05 0.012554 0.00116531 
0.041758 0.235235 0.0514512 0.12239 1.31702e-05 0.0397977 0.112077 0.0472685 0.00118998 0.000809183 0.0008877 0.0353583 0.00057431 0.0130159 0.171517 0.000104448 0.0029567 0.000296536 0.122261 0.00103921 
0.0227733 0.449435 0.0125003 0.0329314 0.000210205 0.00972638 0.0760306 0.0383349 1.15437e-05 0.000230015 0.000199177 0.00266518 9.65689e-05 0.0872024 0.195361 5.28101e-05 0.022646 2.51446e-05 0.00375291 0.0458145 
0.0413627 0.354335 0.0482048 0.20371 0.000328643 0.0113887 0.0431178 0.0400701 0.000577219 0.00116614 0.00194746 0.00913544 0.000591615 0.0254393 0.164804 0.00067711 0.0107092 0.000197944 0.00681497 0.0354214 
0.0130799 0.321821 0.026254 0.0153685 0.000193351 0.0107696 0.0667334 0.118568 0.000448234 0.00187009 0.0111556 0.0033893 0.00125394 0.033329 0.31467 0.0024084 0.00805327 1.33064e-07 0.0345886 0.016045 
0.0115599 0.217486 0.0176169 0.163501 4.98306e-09 0.00731865 0.0128303 0.0645828 0.000596751 0.0012958 0.0218359 0.0858827 0.000475984 0.0524675 0.139644 0.0100999 0.00146765 3.68821e-08 0.16849 0.0228486 
0.0350033 0.372797 0.00855256 0.0494383 0.000354198 0.0398011 0.0158064 0.150176 0.000842852 0.00310045 0.00317325 0.0430075 0.000489851 0.046587 0.15114 0.0376412 0.0314582 0.000724584 0.00386066 0.00604482 
0.12534 0.228203 0.0091294 0.0366733 0.00244913 0.0221197 0.0155909 0.167859 0.00068792 0.018445 0.00297563 0.0298855 0.00494859 0.0832403 0.118516 0.0112595 0.0190114 0.000108191 0.00708235 0.0964753 
0.101696 0.205218 0.0252355 0.00606647 7.79245e-06 0.0198584 0.0106953 0.178197 0.00190892 0.00319187 0.0224459 0.00603301 0.0103902 0.149269 0.200133 0.0177389 0.00362956 3.48953e-13 0.00345631 0.0348287 
0.00898065 0.298282 0.0730669 0.122022 9.87079e-08 0.00215107 0.0228362 0.0852216 2.47068e-07 0.000550657 1.24744e-06 0.13081 8.08075e-05 0.0518911 0.096875 3.92249e-05 0.0939874 9.37368e-07 0.00457445 0.00862871 
0.00843664 0.310182 0.00377462 0.261844 1.37538e-06 0.00152764 5.61709e-06 7.5754e-06 0.000367289 1.48948e-08 5.79687e-06 0.300902 9.30666e-06 0.00441854 0.0957603 2.5491e-07 0.00294878 0.00387113 0.00593793 4.04991e-09 
0.0353486 0.286726 0.00520652 0.052594 0.000146922 0.169727 0.00952183 0.09303 0.000277099 0.00688811 0.0230138 0.0145611 0.00546972 0.0262612 0.109543 0.0935072 0.00574065 5.52932e-05 0.00727906 0.0551023 
0.0373951 0.673477 0.0151708 0.00902128 2.92862e-11 0.0138949 0.0013009 0.0831859 8.01088e-07 0.00300795 0.000189457 0.0161205 0.00498908 0.0214448 0.0215404 8.30758e-05 0.0355301 0.00100598 0.00124883 0.0613936 
0.0359075 0.250491 0.00461956 0.062313 7.9968e-06 0.0260803 0.0558572 0.136161 0.0419082 0.000727961 0.0697072 0.0379455 0.00186553 0.117542 0.0713226 0.0187578 0.0110358 0.00505214 0.00356981 0.049127 
0.0242505 0.351497 0.0188345 0.0263101 0.0060547 0.0146098 0.0492579 0.094087 0.000499826 0.00102386 0.00774751 0.0090419 0.00271953 0.091564 0.21801 0.00269561 0.0124641 0.000173863 0.0137096 0.0554485 
0.0267577 0.80752 0.0217998 0.00373097 1.92533e-07 0.00326662 0.000843847 0.0847216 2.46152e-05 0.00105896 0.000224529 0.0123481 0.000661772 0.0026867 0.017902 3.04356e-05 0.006887 0.000350821 0.00249226 0.00669192 
0.0250762 0.269368 0.0148419 0.0126899 3.26185e-05 0.141426 0.0106112 0.0742275 0.00078487 0.00182341 0.0021334 0.00605561 0.00548856 0.0514539 0.0819405 0.0051734 0.123129 2.09291e-05 0.00291476 0.170808 
0.17629 0.456785 0.000489387 0.0062158 3.07596e-08 0.00167371 0.0200891 0.0265812 0.000106821 0.00029923 0.000262197 0.0012015 3.85317e-05 0.00529726 0.265379 1.78519e-05 0.00110489 6.07293e-08 0.0220878 0.0160804 
0.0402887 0.425264 0.017538 0.0232844 6.32665e-07 0.0017645 0.00741615 0.0145482 0.00126514 0.000422017 0.00102038 0.109464 8.34009e-05 0.00429474 0.323724 3.2786e-05 0.00362452 5.99667e-05 0.0230347 0.00286967 
0.0486324 0.411189 0.00163187 0.0677948 3.07507e-06 0.0124776 0.0727367 0.0190898 0.000592635 0.000609882 0.00118649 0.00607947 5.13916e-05 0.0260748 0.317043 0.00719685 0.00457864 3.37207e-05 0.00243033 0.000567271 
0.0189257 0.631364 0.0170598 0.0153807 9.18361e-07 0.00644281 0.00486802 0.0366874 1.42652e-05 0.000289385 2.22531e-05 0.00609239 9.05013e-05 0.003529 0.244706 4.13384e-05 0.00714459 3.71364e-05 0.00522423 0.00208001 
0.204739 0.580433 0.00895342 0.0281194 2.12212e-08 0.00659425 0.0256117 0.0693522 1.39594e-05 0.000276856 0.00142029 0.0145303 0.00312828 0.011897 0.0358926 2.72489e-05 0.00284991 0.000180146 0.00262991 0.00335066 
0.192573 0.423815 0.00997503 0.024107 5.5596e-07 0.0166829 0.00919467 0.0417057 0.0790442 8.87697e-05 0.000130008 0.00542297 0.000275084 0.00383207 0.159911 0.000761682 0.00162333 0.00128387 0.0230224 0.00655046 
0.0439337 0.302287 0.010656 0.0645516 0.000485319 0.0174601 0.145667 0.016959 9.19202e-06 0.000239479 0.000121624 0.0477841 0.000250651 0.110297 0.22328 0.000172911 0.00239941 4.73053e-05 0.0129071 0.000491347 
0.0347427 0.408209 0.0153513 0.00547489 1.26141e-05 0.0933662 0.0159967 0.0175031 1.82589e-05 6.24722e-05 0.00029114 0.029624 0.000617549 0.00224913 0.197855 0.00163932 0.00428812 2.22518e-05 0.00213361 0.170543 
0.00948403 0.500504 0.0128823 0.0305879 0.00112144 0.013864 0.00769408 0.0703438 0.000181083 0.00528537 0.000507789 0.0235427 0.000217065 0.129564 0.0669388 0.00319521 0.0305 0.0166061 0.0469196 0.0300606 
0.0267577 0.80752 0.0217998 0.00373097 1.92533e-07 0.00326662 0.000843847 0.0847216 2.46152e-05 0.00105896 0.000224529 0.0123481 0.000661772 0.0026867 0.017902 3.04356e-05 0.006887 0.000350821 0.00249226 0.00669192 
0.0669396 0.407974 0.00504586 0.030494 1.06419e-06 0.00860626 0.00556449 0.0393187 0.000685367 0.14307 4.61411e-06 0.0115438 0.0018468 0.027186 0.193297 6.0052e-07 0.0514315 8.73793e-05 0.00511716 0.00178587 
0.0158563 0.37221 0.00270029 0.121291 0.000392535 0.0137141 0.0307151 0.0807646 3.61357e-06 0.000391865 3.35064e-05 0.187026 3.17851e-05 0.0217113 0.078731 4.75065e-05 0.0654876 0.00173511 0.0064944 0.000661403 
0.115457 0.648223 0.00550713 0.0138967 0.000107886 0.00532255 0.013343 0.126839 0.000808084 0.000250203 0.000622741 0.0311141 0.00172097 0.0151385 0.0109794 8.59454e-05 0.00416175 0.000400687 0.00132461 0.00469587 
0.028263 0.810017 0.00543781 0.00412715 4.80085e-05 0.00135827 0.000570594 0.093704 3.33964e-05 8.80652e-05 0.000541866 0.00499547 0.000934091 0.0107674 0.0122147 3.39733e-06 0.0228924 0.000962691 0.000617268 0.00242356 
0.240182 0.508182 0.00349571 0.0116634 1.11782e-05 0.00103716 0.00647798 0.0439629 0.000401515 0.000162593 8.35244e-05 0.00134386 7.39652e-05 0.00186899 0.173917 3.31501e-06 0.00192152 1.94814e-05 0.00503522 0.000157576 
0.0478116 0.258682 0.0169896 0.012684 2.58837e-05 0.00878021 0.0104235 0.0332744 0.000603086 0.00290836 0.00473002 0.0219064 0.254888 0.055623 0.0514082 0.0081643 0.0102221 6.7588e-05 0.00242224 0.198386 
0.135608 0.432403 0.0630381 0.0669253 1.10471e-06 0.00440016 0.0284221 0.0380677 9.70976e-06 0.000320629 5.26297e-05 0.00232845 1.63966e-06 0.0086031 0.197865 4.66704e-06 0.00881628 8.80057e-06 0.0113054 0.00181702 
0.0532262 0.28434 0.0140987 0.0977317 2.84939e-05 0.0201504 0.014047 0.240249 0.000349978 0.00155775 0.000743867 0.02617 0.000107435 0.0578336 0.132258 0.000350652 0.0310931 0.00137524 0.0187403 0.00554857 
0.0736879 0.330669 0.0364266 0.0474565 0.00164939 0.00179409 0.0052037 0.0711867 0.00909364 0.000324668 0.00284109 0.0449095 0.000117343 0.00791806 0.320359 2.67143e-05 0.0047157 0.000229234 0.0409191 0.000472004 
0.0165323 0.655682 0.0139251 0.0345657 1.30527e-05 0.00430343 0.00497178 0.123046 0.000236806 0.000629728 0.00373212 0.0172232 0.000333763 0.0102887 0.0323743 0.000138095 0.0514081 0.000532303 0.0183963 0.0116675 
0.0834659 0.193944 0.0204855 0.040895 0.000312062 0.0385625 0.0182665 0.157074 0.00300986 0.00330044 0.0097063 0.0515134 0.00411854 0.0690354 0.154583 0.010088 0.0292233 0.00668055 0.024767 0.0809689 
0.0557995 0.639105 0.0425575 0.0150311 2.0025e-06 0.03161 0.00303274 0.00781618 8.24488e-06 0.000370517 0.000119545 0.00489645 2.16352e-05 0.00722519 0.173438 1.38327e-06 0.0114317 0.000210947 0.00650901 0.000813878 
0.0213152 0.367396 0.032988 0.0875042 1.35028e-05 0.0170469 0.0517205 0.0696709 0.000240667 0.00178301 0.000669618 0.0244744 7.94093e-05 0.0196277 0.256543 0.0154632 0.0159172 0.000727359 0.0146755 0.00214457 
0.0153506 0.204613 0.00107678 0.0139816 8.24466e-05 0.189591 0.125066 0.144312 0.0251967 0.00072427 0.0022434 0.0467103 0.000320722 0.0332963 0.0727542 0.00145643 0.120218 0.000404913 0.00134602 0.00125519 
0.204739 0.580433 0.00895342 0.0281194 2.12212e-08 0.00659425 0.0256117 0.0693522 1.39594e-05 0.000276856 0.00142029 0.0145303 0.00312828 0.011897 0.0358926 2.72489e-05 0.00284991 0.000180146 0.00262991 0.00335066 
0.00187414 0.550358 0.000908253 0.0548322 2.18564e-05 0.00820321 0.0191206 0.0926532 4.02289e-05 0.000748908 0.000256031 0.0671303 0.00140288 0.0127528 0.0280765 0.000393448 0.00493753 0.119304 0.0316438 0.00534257 
0.204739 0.580433 0.00895342 0.0281194 2.12212e-08 0.00659425 0.0256117 0.0693522 1.39594e-05 0.000276856 0.00142029 0.0145303 0.00312828 0.011897 0.0358926 2.72489e-05 0.00284991 0.000180146 0.00262991 0.00335066 
0.0227055 0.479905 0.00850694 0.00675184 2.44032e-05 0.00299914 0.00357144 0.100742 0.000389663 0.0152159 0.010299 0.0403047 0.0103971 0.036714 0.0219844 0.00481445 0.00323885 3.88982e-05 0.00985616 0.221541 
0.0260941 0.260666 0.0383609 0.0985504 4.83023e-05 0.0335739 0.077034 0.0785394 0.000218132 0.000765266 0.00967489 0.0686312 0.0946766 0.0312106 0.0435049 0.00615985 0.0114327 0.000260824 0.0047061 0.115891 
0.204739 0.580433 0.00895342 0.0281194 2.12212e-08 0.00659425 0.0256117 0.0693522 1.39594e-05 0.000276856 0.00142029 0.0145303 0.00312828 0.011897 0.0358926 2.72489e-05 0.00284991 0.000180146 0.00262991 0.00335066 
0.0138773 0.411431 0.046207 0.0281801 4.61939e-05 0.0122918 0.00736502 0.05148 0.000415358 0.00213174 0.010222 0.008247 0.00457419 0.0369817 0.149691 0.0046032 0.0254987 3.46553e-05 0.00325289 0.183469 
0.144195 0.239065 0.039492 0.0554933 0.000200704 0.0090674 0.0352345 0.12207 0.000930079 0.000881734 0.0144974 0.0812296 0.000788965 0.0357204 0.181332 0.00317912 0.0127895 0.000527404 0.00999385 0.0133117 
0.0779525 0.329794 0.00592233 0.0753218 0.000153293 0.0168251 0.124083 0.154692 0.002076 0.000415607 0.0106016 0.0347693 0.00497614 0.0337332 0.074869 0.0296744 0.00809 0.000729283 0.0028902 0.0124316 
0.0111278 0.772882 0.0133692 0.00520527 3.1083e-08 0.00134811 0.00201039 0.125335 1.24254e-05 0.000685665 0.00336649 0.0128671 0.000535202 0.0051338 0.0212275 0.000187184 0.00190733 0.000101297 0.0177552 0.00494242 
0.0799277 0.492873 0.0457766 0.0354173 1.13247e-06 0.00281533 0.0021204 0.00987192 3.31997e-05 0.00132274 7.85453e-05 0.00486698 0.000212164 0.00171679 0.2798 3.71261e-05 0.00295151 1.9654e-05 0.0342555 0.00590197 
0.037489 0.232116 0.0115841 0.0279728 0.00480036 0.102601 0.0169533 0.0951293 0.000901194 0.00252418 0.0038339 0.022013 0.00345209 0.124892 0.177619 0.0136044 0.0515813 0.000273996 0.00573782 0.064921 
0.012479 0.540178 0.000427693 0.049456 9.24435e-08 0.00515293 0.0908916 0.00795259 5.40791e-06 0.000652992 0.000249945 0.000762513 2.42596e-05 0.0380118 0.229704 1.92843e-05 0.0053606 1.82503e-07 0.00383083 0.0148405 
0.0798056 0.46809 0.0439739 0.0206287 2.59036e-05 0.00312192 0.00449519 0.156021 0.00131817 0.000891691 0.000313699 0.0311506 0.0012721 0.00825464 0.157819 8.15606e-05 0.00468582 0.000720832 0.00906613 0.00826347 
0.028263 0.810017 0.00543781 0.00412715 4.80085e-05 0.00135827 0.000570594 0.093704 3.33964e-05 8.80652e-05 0.000541866 0.00499547 0.000934091 0.0107674 0.0122147 3.39733e-06 0.0228924 0.000962691 0.000617268 0.00242356 
0.0167078 0.586956 0.0135388 0.0234157 0.00066213 0.00531926 0.0518767 0.0575551 1.82355e-05 0.000209058 0.000480435 0.0074546 4.36756e-05 0.0663634 0.153962 0.000131797 0.00644901 6.22374e-05 0.00611499 0.00267926 
0.0335276 0.341742 0.017248 0.0301071 0.00010693 0.0107093 0.00754655 0.315128 0.000158515 0.000815955 0.00865728 0.0558938 0.00248019 0.0264161 0.0713791 0.000447172 0.0539779 0.000378411 0.0198452 0.00343453 
0.00625755 0.65185 0.00285717 0.0118369 9.79072e-06 0.00108505 0.00397275 0.00850543 0.00171261 1.55501e-05 0.000851268 0.0997803 8.57825e-05 0.0486454 0.0461178 0.000269407 0.00503169 0.000546796 0.000358213 0.110211 
0.0403685 0.735446 0.0120192 0.0116884 8.31361e-08 0.0059639 0.00261085 0.0605676 1.30721e-05 0.00292728 0.000264302 0.0103365 0.00160244 0.006441 0.0598445 7.71704e-05 0.00902475 0.000168534 0.0033244 0.037312 
0.0205063 0.467172 0.0248338 0.0629033 6.8198e-07 0.0168063 0.00516899 0.0249289 5.66023e-05 0.0069133 0.000799477 0.0174415 0.000114578 0.00594162 0.275016 0.000100228 0.0102342 0.000125394 0.0500439 0.0108934 
0.039377 0.535536 0.0342639 0.0533429 1.71242e-05 0.0258344 0.0179738 0.0584367 1.69016e-05 0.00011522 0.0227048 0.0925376 0.00258326 0.0202963 0.0687499 8.34254e-05 0.0151571 0.000138272 0.0115988 0.00123725 
0.0148219 0.598527 0.0064914 0.00493435 6.16542e-05 0.0102859 0.00870238 0.171899 8.7668e-05 0.00218547 0.000997789 0.0104879 0.00460734 0.0171877 0.0371135 0.000422929 0.08933 0.00014388 0.00171391 0.0199985 
0.0189257 0.631364 0.0170598 0.0153807 9.18361e-07 0.00644281 0.00486802 0.0366874 1.42652e-05 0.000289385 2.22531e-05 0.00609239 9.05013e-05 0.003529 0.244706 4.13384e-05 0.00714459 3.71364e-05 0.00522423 0.00208001 
0.0401809 0.301923 0.00963174 0.0309996 0.000119691 0.0191011 0.211045 0.0479779 0.00126868 0.000449161 0.00414816 0.0259903 0.000915595 0.0689533 0.184359 0.000350068 0.0415396 0.000159774 0.00722825 0.0036595 
0.137117 0.562756 0.000380842 0.00483485 1.34437e-07 0.00184927 0.0156257 0.0206751 8.32474e-05 0.000233048 0.000933321 0.000934746 3.00335e-05 0.00412039 0.206408 1.391e-05 0.00085966 2.65402e-07 0.0256306 0.0175139 
0.0228492 0.445481 0.00634895 0.0444269 0.000104633 0.0344211 0.0114146 0.0648767 0.0160048 0.00394499 0.00438161 0.0366849 0.00528714 0.087949 0.071423 0.046317 0.0303039 0.00159089 0.023521 0.0426682 
0.0475866 0.400246 0.00852783 0.0207568 2.70316e-05 0.00179594 0.0132806 0.0801745 3.50728e-05 5.16228e-05 0.00346919 0.390057 0.000626748 0.0114941 0.0134344 4.11875e-06 0.00589739 0.000686486 0.000663469 0.00118502 
0.0939282 0.251095 0.00496985 0.0328114 7.69492e-07 0.0409466 0.0033154 0.124819 1.34112e-05 0.000190743 0.00073501 0.0118375 0.000761554 0.0102637 0.179528 0.00343589 0.0384546 0.000183904 0.110325 0.0923847 
0.0900666 0.320243 0.0263636 0.0356002 0.000142276 0.00194193 0.0109743 0.185155 0.0242518 0.00034763 0.000283187 0.0627496 0.00479878 0.00932788 0.210405 8.32998e-05 0.0053222 0.000938452 0.00569833 0.00530742 
0.134113 0.220183 0.0171935 0.0490955 4.46245e-05 0.00564478 0.0862403 0.0986192 4.88842e-05 0.00672879 0.00500948 0.024559 0.00161923 0.0526744 0.16609 0.00546852 0.00910746 4.09471e-05 0.0128539 0.104665 
0.00580146 0.336616 0.00917866 0.0580986 7.23532e-05 0.0300531 0.100254 0.211178 0.000317213 0.00111796 0.0040732 0.00851002 0.00723638 0.0616369 0.086213 0.00441975 0.0458491 5.09308e-08 0.00426297 0.0251121 
0.0887 0.236893 0.0160285 0.0348507 0.00163345 0.0159956 0.0400945 0.195581 0.00128136 0.00092013 0.00648029 0.0342566 0.00381696 0.0492858 0.226628 0.00668232 0.00957967 0.000237868 0.0202999 0.010754 
0.205394 0.24877 0.00793873 0.0380536 4.6617e-07 0.0315972 0.028538 0.132402 3.67729e-06 0.00273814 6.4383e-05 0.00580867 0.000712251 0.0137401 0.229213 1.01416e-05 0.0446702 0.000462173 0.0043719 0.00551076 
0.0768554 0.278121 0.0196871 0.0908799 6.85267e-05 0.0313934 0.0367246 0.103329 0.000155561 0.00135694 0.0129164 0.0699916 0.00105697 0.0416382 0.183978 0.0187997 0.0126446 0.00056951 0.010377 0.00945641 
0.0345088 0.386664 0.0288833 0.0431378 0.000157411 0.0178002 0.0169425 0.141349 0.000269365 0.00148973 0.00279238 0.0304534 0.000959107 0.0702826 0.121138 0.00203192 0.0167589 0.000584344 0.0572295 0.0265676 
