0.0124657 0.0884943 0.050048 0.0180139 0.000398296 0.000976141 2.38911e-05 0.00120394 0.00253203 0.0327118 0.00144791 0.387833 0.0274073 0.253413 0.000677929 0.00332016 0.0449021 0.0360629 0.0166207 0.0214463 
0.0168946 0.00150506 0.0185252 0.021621 7.03156e-06 0.000968686 0.000313514 0.00080785 0.00446612 0.00397997 0.00464511 0.74475 0.00167414 0.0922089 0.000813364 0.00868807 0.000239675 0.0336393 0.00331515 0.0409375 
0.0184277 0.000282537 0.0175554 0.00137896 3.50923e-05 0.000432171 9.12365e-07 0.00189486 0.00160903 0.00402684 0.000574117 0.775849 0.000741886 0.108979 0.00621781 0.0156841 0.000537416 0.0199748 0.000528768 0.02527 
0.0426951 0.00403241 0.0858736 0.0138254 5.78796e-06 0.00408961 1.62604e-06 0.00203463 0.00175941 0.015638 0.00114986 0.451099 0.00965149 0.209384 0.000514464 0.0115515 0.0016995 0.0772102 0.0346091 0.0331753 
0.00811048 0.0321071 0.067512 0.00969288 0.000264675 0.00145639 4.99959e-05 0.00119233 0.000600891 0.0267597 0.000205727 0.57098 0.00544088 0.210987 0.000130771 0.00585487 0.000402591 0.0172803 0.00897861 0.0319925 
0.0154172 0.000245367 0.0482632 0.01706 1.93828e-05 0.000819081 6.6941e-07 0.00734584 0.0181524 0.00399999 0.000196444 0.591765 0.0059788 0.0925037 4.86734e-05 0.0202606 3.14679e-05 0.0140511 0.0190589 0.144782 
0.00811764 0.0723673 0.136758 0.0452116 1.86438e-06 0.00082024 0.000427617 0.00825404 5.67706e-05 0.0200655 2.95036e-06 0.237113 0.215764 0.14061 9.61766e-07 0.0102087 6.17871e-06 0.00531673 0.01249 0.0864069 
0.0818709 0.0114111 0.0869284 0.0399576 0.000233371 0.010367 8.08794e-05 0.0323465 0.00560867 0.0372974 0.0673742 0.205967 0.0579239 0.155287 0.0027189 0.0148326 0.0063253 0.067922 0.0831221 0.0324248 
0.017798 0.00339418 0.0493179 0.021885 0.000269352 0.242756 8.43076e-05 0.00131816 0.000653806 0.00605542 0.00071392 0.445794 0.00135805 0.11258 0.000507713 0.0154085 0.000558627 0.0330067 0.0125137 0.0340271 
0.0168946 0.00150506 0.0185252 0.021621 7.03156e-06 0.000968686 0.000313514 0.00080785 0.00446612 0.00397997 0.00464511 0.74475 0.00167414 0.0922089 0.000813364 0.00868807 0.000239675 0.0336393 0.00331515 0.0409375 
0.133407 0.0117106 0.0971772 0.0370028 0.000980849 0.00364597 0.000143623 0.006472 0.00608561 0.0208984 0.0032398 0.248125 0.00938418 0.216965 0.00743767 0.0166002 0.00229695 0.09242 0.0532769 0.0327305 
0.0198013 0.0162768 0.134612 0.0468418 0.000340489 0.0100031 0.00011154 0.000598619 0.00256081 0.0167662 0.000467362 0.442696 0.0101564 0.0843276 0.00201656 0.0263689 0.00171035 0.0373261 0.0136806 0.133337 
0.0403605 0.0561609 0.199319 0.0360589 0.00119529 0.00362048 0.0149256 0.00207361 0.00113602 0.0763096 0.00151607 0.230408 0.0285183 0.0477565 0.0013162 0.00271247 0.00167782 0.156504 0.0429101 0.05552 
0.0828558 0.014913 0.142422 0.0483968 0.000306118 0.00521903 7.15068e-05 0.000991657 0.0435745 0.0623483 0.00277963 0.225599 0.0108983 0.131088 0.00525614 0.022691 0.00156494 0.138764 0.0285495 0.0317097 
0.248993 0.006831 0.0505117 0.0411847 0.000570011 0.00509271 0.000563165 0.000498958 0.00916581 0.00552075 0.000746324 0.40099 0.00479656 0.0399856 0.00609196 0.00229993 4.57596e-05 0.12606 0.0304146 0.0196372 
0.0938673 0.00791796 0.0545232 0.0398924 0.00011583 0.00286195 4.28711e-05 0.00162723 0.00724963 0.00500471 0.00011033 0.469292 0.0179776 0.104689 0.000705935 0.0180645 9.33263e-07 0.0366898 0.0174078 0.121959 
0.139538 0.0346559 0.0982026 0.0146251 0.000128713 0.00278684 0.00684398 0.00096578 0.00262119 0.00981218 0.000270907 0.307426 0.00304093 0.244152 0.000250145 0.0255623 7.67783e-06 0.072918 0.0128224 0.0233695 
0.0078572 0.000485071 0.0335863 0.00258041 1.32708e-06 0.000883554 6.83674e-07 0.00106657 0.000738186 0.00148567 0.000105023 0.753004 0.00286502 0.109859 2.15933e-06 0.024221 2.45338e-05 0.0200968 0.00178491 0.0393522 
0.0360376 0.0147817 0.0424125 0.0160688 0.000256295 0.0140375 5.89251e-05 0.00257077 0.00413919 0.0144298 0.00134599 0.665101 0.00365557 0.0860618 0.000545824 0.00564955 0.00233347 0.0449517 0.0121624 0.0333999 
0.0610486 0.019231 0.12564 0.14292 0.000177128 0.0012663 0.000604635 0.00107631 0.00210631 0.0301814 0.000950149 0.290044 0.0161772 0.138715 0.00240045 0.00650362 0.00141696 0.0339566 0.0380541 0.0875305 
0.079772 0.0078665 0.0392684 0.028482 0.000376534 0.000404598 3.82464e-05 0.000731825 0.0611586 0.0882984 0.00260925 0.412476 0.00495235 0.142882 0.000152064 0.0304592 0.000263319 0.0682467 0.0106524 0.0209099 
0.0349146 0.0139883 0.124152 0.0751374 8.57675e-05 0.0126286 0.00192016 0.00395115 0.0112686 0.03311 0.00207751 0.191781 0.107356 0.124073 0.000331487 0.00957516 0.000787454 0.0440545 0.0830132 0.125793 
0.0806277 0.00444122 0.0348297 0.0235749 0.000146289 0.00219231 0.000315723 0.00138506 0.0179506 0.00631479 0.00410067 0.520351 0.00308417 0.13318 0.00591328 0.00913303 0.00217684 0.0908427 0.0320742 0.0273666 
0.138816 0.00386 0.0387909 0.0357474 0.000124356 0.116332 0.020091 0.00116134 0.0417933 0.023217 0.0429187 0.223461 0.0107664 0.116351 0.017903 0.0116042 0.00347306 0.0599232 0.0712831 0.0223829 
0.0362725 0.0110973 0.0765801 0.0264406 0.000121246 0.00279675 0.000123841 0.0875687 0.0030959 0.0120249 0.00460961 0.247307 0.0105898 0.183576 0.00373567 0.169286 0.00196221 0.0509914 0.02937 0.042451 
0.0168946 0.00150506 0.0185252 0.021621 7.03156e-06 0.000968686 0.000313514 0.00080785 0.00446612 0.00397997 0.00464511 0.74475 0.00167414 0.0922089 0.000813364 0.00868807 0.000239675 0.0336393 0.00331515 0.0409375 
0.10444 0.00959949 0.0712259 0.0316812 0.000239103 0.0287355 0.00177595 0.00280132 0.0175025 0.0203188 0.00587295 0.433609 0.0133269 0.101344 0.00201529 0.0127681 0.00448403 0.0551182 0.0260878 0.0570533 
0.0559667 0.0222479 0.102762 0.122736 0.000240059 0.00215834 8.97431e-05 0.00214699 0.0116663 0.0224981 0.00104513 0.332086 0.0122509 0.082913 0.003389 0.0164927 0.00497196 0.0766713 0.0253302 0.102337 
0.0365088 0.010099 0.0539781 0.044203 4.78305e-07 0.0375507 0.000169966 0.00327455 0.061926 0.142782 0.0256407 0.307367 0.0366344 0.0602379 0.00573046 0.00738892 0.0230721 0.0830395 0.0311781 0.0292183 
0.0188003 0.0159135 0.0493812 0.0213827 0.000221891 0.0101553 0.000138181 0.0058025 0.00327432 0.0543372 0.0047664 0.500911 0.0418521 0.0220638 0.012977 0.00142463 0.0091372 0.151265 0.0710792 0.00511676 
0.0783331 0.0167829 0.0971547 0.0382105 0.000247365 0.0803983 0.000262814 0.00188924 0.00676212 0.0275661 0.00371138 0.231516 0.0119072 0.211066 0.00190752 0.026825 0.0011016 0.0707119 0.0234223 0.0702239 
0.0895428 0.00094084 0.0297228 0.0180073 6.81671e-05 0.00173919 0.000227268 0.0173168 0.00599711 0.00368658 0.0524235 0.398483 0.00878688 0.225369 0.00606286 0.0199746 0.000132874 0.0815312 0.00766559 0.032321 
0.139928 0.00761153 0.0607858 0.0313596 4.50038e-06 0.0060168 1.14454e-06 0.00430017 0.0281855 0.0623111 0.002198 0.36961 0.0411376 0.0999616 0.0105002 0.0033621 0.00294926 0.0487113 0.0527394 0.0283254 
0.0151797 0.0312492 0.0383094 0.00973572 0.000163994 0.000423544 3.62667e-05 0.00195208 0.00244713 0.00498807 0.0012905 0.697677 0.00202312 0.106359 7.0616e-05 0.00565758 0.000196915 0.0448391 0.0061598 0.0312409 
0.018165 0.0074373 0.0514818 0.0593219 0.00036665 0.12386 0.000100587 0.000472479 0.00145487 0.071176 0.000546947 0.360973 0.00384552 0.126394 0.00119769 0.00540278 0.000230229 0.0787307 0.0150873 0.0737552 
0.0235095 0.000638603 0.023136 0.00433141 7.75743e-06 0.000701018 1.19766e-06 0.00226666 0.0204049 0.00456408 0.00119204 0.672508 0.00101006 0.164068 0.000187787 0.0119482 7.80044e-05 0.0442468 0.00819811 0.0170024 
0.0555416 0.00706474 0.0776326 0.0360737 0.000179651 0.0108435 0.00468047 0.00142555 0.00307836 0.0159978 0.00917977 0.355459 0.0113418 0.246932 0.00166206 0.0324071 0.000566126 0.0572587 0.0277297 0.0449455 
0.0244941 0.0294541 0.0852546 0.0150901 0.000285376 0.00354906 0.000121569 0.00968217 0.00862418 0.0379961 0.00077129 0.441112 0.030087 0.19121 0.000501155 0.0152657 0.00129247 0.0295978 0.00901154 0.0665992 
0.0324562 0.0128384 0.0345818 0.0506164 0.000323474 0.00895484 0.000795244 0.00098242 0.00279085 0.00896275 0.00316985 0.5382 0.00375334 0.116993 0.00111103 0.00530362 0.00048808 0.0535147 0.0874196 0.0367446 
0.0330094 0.00841996 0.0644304 0.0490777 0.000170251 0.0209594 0.000347824 0.00501478 0.0114906 0.0671334 0.0142305 0.488418 0.0168231 0.0775395 0.00501383 0.00712875 0.0105022 0.0709235 0.0236463 0.0257203 
0.0349385 0.0010747 0.0274664 0.00912993 0.000630981 0.00479623 1.63417e-05 0.00426154 0.00232397 0.00646386 0.000152215 0.732368 0.00195987 0.117241 0.00080102 0.00206454 2.81177e-05 0.0180942 0.029433 0.00675582 
0.0370463 0.010874 0.0504888 0.0301796 0.0089765 0.0285808 0.000232698 0.00410273 0.0101117 0.0267587 0.00455617 0.543132 0.00960023 0.0942446 0.00196243 0.012934 0.00302524 0.0559758 0.0240873 0.0431309 
0.0695815 0.0727513 0.197351 0.00122015 4.27269e-05 0.0117401 7.18026e-05 0.000795204 0.00101171 0.000847791 0.00466412 0.587281 0.000933057 0.0255709 7.83392e-05 0.00422023 2.51302e-05 0.0092234 0.0021367 0.0104532 
0.0130185 0.0139154 0.150517 0.0187824 0.000243891 0.013734 8.93394e-05 0.000342735 0.00253132 0.0128193 0.000335187 0.465264 0.010085 0.0990766 0.00080599 0.0404481 0.00247097 0.0252009 0.0130348 0.117285 
0.147344 0.0219109 0.0718706 0.0446552 0.00015188 0.00382417 7.46431e-05 0.00259812 0.0434199 0.0410927 0.0026902 0.378109 0.012874 0.0814292 0.00701764 0.0112839 0.00274329 0.0794649 0.0292287 0.0182163 
0.00856856 0.0169797 0.0540059 0.00795242 0.000281365 0.00108894 5.9994e-05 0.00129663 0.000540491 0.0158913 0.000230647 0.648438 0.00280178 0.190423 8.09833e-05 0.00605963 0.00041667 0.0159177 0.00617499 0.0227916 
0.0166613 0.00202425 0.0152995 0.0137293 4.16738e-06 0.0006925 9.56448e-06 0.00211424 0.00700097 0.0264171 0.00549411 0.711933 0.00356587 0.106445 0.000467772 0.00855472 0.000607749 0.0287766 0.00559831 0.0446033 
0.0153777 0.0127728 0.0763546 0.0332951 0.000193539 0.00528863 0.000113676 0.00178542 0.00106242 0.097931 0.00190752 0.431879 0.0243153 0.0377423 0.00185269 0.00322399 0.00249979 0.181841 0.0395442 0.0310187 
0.108875 0.000566591 0.0152651 0.00196395 6.37069e-05 8.21246e-05 4.55886e-05 4.24778e-05 2.80503e-06 0.0198849 0.111873 0.622027 0.00445479 0.0417957 2.22367e-06 0.00161312 4.17072e-05 0.0188336 0.0435584 0.00900788 
0.187897 0.0163007 0.0491814 0.026592 5.68649e-05 0.00154038 0.00011775 0.0297762 0.00974157 0.010514 0.00315961 0.230746 0.0187347 0.221649 0.00538849 0.0213997 0.00847193 0.0670188 0.06211 0.0296033 
0.193456 0.00356309 0.102444 0.0704776 5.92288e-06 0.00380458 1.38321e-06 0.00472228 0.00219476 0.0615567 0.000956282 0.205483 0.00519868 0.175022 0.00366037 0.00968263 2.13615e-05 0.10409 0.016121 0.0375383 
0.0803822 0.00282949 0.0873969 0.0184629 0.000223233 0.00166231 0.000487716 0.00285735 0.0608178 0.00585147 0.0127942 0.255692 0.0229342 0.192919 0.00467683 0.00369127 0.000771961 0.148301 0.0164482 0.0807997 
0.0330094 0.00841996 0.0644304 0.0490777 0.000170251 0.0209594 0.000347824 0.00501478 0.0114906 0.0671334 0.0142305 0.488418 0.0168231 0.0775395 0.00501383 0.00712875 0.0105022 0.0709235 0.0236463 0.0257203 
0.106765 0.00300849 0.0624577 0.0185678 0.000263444 0.00409191 0.000121711 0.030436 0.00963699 0.00562325 0.00221859 0.542329 0.00277183 0.110321 0.000745273 0.00892936 0.000800568 0.0568813 0.0171996 0.016831 
0.0940254 0.00660784 0.0765012 0.0301934 0.000168128 0.00764604 3.47028e-05 0.00244688 0.00418407 0.0354858 0.00139338 0.3502 0.0379161 0.199339 0.000207915 0.0288058 0.000137122 0.063182 0.0117949 0.0497307 
0.168758 0.0294222 0.0832798 0.0775901 0.000283882 0.000471598 0.00010312 8.59635e-05 0.012879 0.117246 0.00126636 0.201458 0.00469981 0.115574 0.000510921 0.0160305 0.00118488 0.0890644 0.0109142 0.0691785 
0.0374633 0.0266463 0.0796787 0.024077 0.000206594 0.00894099 0.000236879 0.00876391 0.00185549 0.0435719 0.00515575 0.42207 0.0369959 0.122632 0.00616258 0.00670135 0.000231134 0.085822 0.0669355 0.0158536 
0.0126435 0.000223212 0.0395749 0.0140297 3.99883e-05 0.000698053 1.68325e-05 0.00611841 0.01493 0.00329074 0.000168989 0.664887 0.00493783 0.0757703 4.97729e-05 0.0166767 2.77314e-05 0.0115341 0.0156325 0.11875 
0.013818 0.0270827 0.0332015 0.00843763 0.000142132 0.000465479 3.32281e-05 0.00169181 0.00212085 0.00432299 0.00111843 0.723825 0.00175337 0.105035 0.000108001 0.00490325 0.000170662 0.0393567 0.0053385 0.0270755 
0.0355919 0.00242268 0.0280711 0.0291877 0.000112212 0.00125645 0.000258761 0.00194563 0.0107232 0.00407081 0.00604484 0.640338 0.00368728 0.122738 0.000545456 0.00749564 0.000126966 0.0413134 0.00917399 0.0548964 
0.174906 0.00684785 0.0653625 0.0372824 6.09425e-05 0.00149152 8.21973e-05 0.00373491 0.0188948 0.00537133 0.00162738 0.228294 0.0197537 0.224173 0.000917558 0.0921462 0.000329733 0.0498789 0.0308983 0.0379464 
0.00889304 0.0002845 0.0416497 0.00854633 1.14112e-07 0.000787827 2.7152e-06 0.00491429 0.0015364 0.00854724 0.00111597 0.648299 0.00557135 0.141795 0.000781007 0.00604932 0.00107399 0.089049 0.00411005 0.0269932 
0.017798 0.00339418 0.0493179 0.021885 0.000269352 0.242756 8.43076e-05 0.00131816 0.000653806 0.00605542 0.00071392 0.445794 0.00135805 0.11258 0.000507713 0.0154085 0.000558627 0.0330067 0.0125137 0.0340271 
0.0384386 0.0214421 0.0810895 0.0238748 3.15756e-05 0.0585261 1.21736e-05 0.000980775 0.0013415 0.00882533 0.00379368 0.459333 0.00617995 0.136033 9.50149e-06 0.0551527 5.23694e-05 0.0594744 0.00736178 0.0380472 
0.0348333 0.00929211 0.0558153 0.0184622 0.00025133 0.00542167 0.000100819 0.00532647 0.0108228 0.0290052 0.0068999 0.540654 0.0274453 0.0581477 0.00481573 0.00388533 0.00875128 0.104716 0.048312 0.0270414 
0.00889304 0.0002845 0.0416497 0.00854633 1.14112e-07 0.000787827 2.7152e-06 0.00491429 0.0015364 0.00854724 0.00111597 0.648299 0.00557135 0.141795 0.000781007 0.00604932 0.00107399 0.089049 0.00411005 0.0269932 
0.200842 0.00319608 0.0730421 0.0648175 0.000152626 0.00100321 3.73298e-05 0.0043015 0.00412849 0.00679022 0.000290059 0.380011 0.0120638 0.110438 0.0119262 0.0352186 0.00155486 0.0552825 0.0158243 0.019079 
0.017798 0.00339418 0.0493179 0.021885 0.000269352 0.242756 8.43076e-05 0.00131816 0.000653806 0.00605542 0.00071392 0.445794 0.00135805 0.11258 0.000507713 0.0154085 0.000558627 0.0330067 0.0125137 0.0340271 
0.0791684 0.00528112 0.0362127 0.0105209 0.000207221 0.0017521 5.12113e-05 0.0092602 0.00143062 0.00656302 0.00157639 0.495217 0.00470115 0.256363 0.00864224 0.00688194 0.00140406 0.0353019 0.0205164 0.0189489 
0.0201695 0.00508768 0.154441 0.0404779 2.50713e-06 0.0128845 1.54149e-05 0.0205898 0.00066271 0.03806 0.00405468 0.413612 0.00549705 0.158959 0.00125126 0.0131346 5.25498e-05 0.0574275 0.0302025 0.0234185 
0.173994 0.00042861 0.0162507 0.0209883 2.15333e-05 0.000864966 0.000154496 0.000476525 0.00656388 0.019029 0.0453929 0.291477 0.0129127 0.270984 0.0284927 0.00380184 0.0253272 0.0505617 0.011721 0.020557 
0.0143562 0.00795677 0.0464823 0.0291152 0.000221283 0.0278769 0.000208495 0.00545983 0.0145266 0.0700956 0.00894458 0.605822 0.0126548 0.0627271 0.00428393 0.00779656 0.0117462 0.0352648 0.0142575 0.0202032 
0.133756 0.00218348 0.0891937 0.0180843 0.000277603 0.00734796 9.0769e-05 0.00219422 0.0333624 0.0496219 0.0113002 0.229645 0.0149584 0.208286 0.000834768 0.0489351 0.000733452 0.0334214 0.0273637 0.0884095 
0.0151917 0.0187514 0.0575929 0.0359589 0.0001981 0.0136217 0.000182612 0.00623665 0.00487703 0.0462649 0.00490884 0.539087 0.0172275 0.0376873 0.010838 0.00415718 0.0079793 0.0729815 0.0960525 0.0102047 
0.0530939 0.00683179 0.0460281 0.0168686 0.00015394 0.00531053 6.98412e-05 0.00210818 0.0112609 0.0236714 0.00315146 0.632451 0.00476333 0.0774926 0.017114 0.0144211 0.00485296 0.0387828 0.0133923 0.0281812 
0.0390333 0.00468756 0.0300189 0.0128977 0.000177524 0.000891976 6.62422e-05 0.00320205 0.0165358 0.00517197 0.000438567 0.698052 0.00674267 0.116239 0.000740747 0.00342949 0.00184543 0.0151529 0.0146986 0.0299778 
0.0642884 0.0124889 0.0738969 0.0405656 0.000931757 0.0148771 0.0001504 0.00189232 0.00504168 0.0267528 0.00278091 0.461592 0.00899565 0.134675 0.00358973 0.0155258 0.00274403 0.0630292 0.0198199 0.0463619 
0.131661 0.00557492 0.0608263 0.126906 0.000482069 0.00229985 0.000110939 0.000751366 0.00197431 0.00424752 0.000529823 0.273543 0.0106005 0.104555 0.00441704 0.0107692 0.000493111 0.21385 0.0279755 0.0184337 
0.0446274 0.00185647 0.0487477 0.023595 2.87229e-05 0.295674 0.000426511 0.000703474 0.00129837 0.00432897 0.000233118 0.297188 0.00960511 0.155089 0.000351196 0.0170338 2.48343e-05 0.0499905 0.020169 0.0290294 
0.0291156 0.00808835 0.0619967 0.0366725 0.000174495 0.00485792 7.98168e-05 0.00235826 0.00719472 0.0439318 0.00165051 0.529306 0.01758 0.0665231 0.0013467 0.00890444 0.00482482 0.091056 0.0339102 0.0504276 
0.0349049 0.00536728 0.0249494 0.0321605 4.18526e-05 0.00132197 0.0003165 0.00113713 0.00662657 0.00553156 0.00814834 0.621982 0.0044679 0.125645 0.000888988 0.0103392 0.000285499 0.0578876 0.00722611 0.050771 
0.0450617 0.0042824 0.113304 0.0408918 0.000174781 0.00598218 0.00117764 0.00254006 0.0545929 0.0232053 0.0035414 0.31043 0.016632 0.15264 0.0022567 0.00601985 0.0063538 0.117211 0.0680945 0.0256077 
0.0360476 0.00761968 0.0518868 0.0291727 0.000270237 0.0454947 0.000138339 0.0321108 0.00485509 0.0218306 0.00258126 0.497137 0.00864551 0.121142 0.00122126 0.0189225 0.00462959 0.0484294 0.0268415 0.0410236 
0.0246459 0.0220077 0.0783091 0.0390965 0.000275529 0.0106631 0.000258666 0.00594052 0.00495259 0.0372962 0.0064854 0.538748 0.0117941 0.0811401 0.00435643 0.00770976 0.00547575 0.0595284 0.0367234 0.0245925 
0.017798 0.00339418 0.0493179 0.021885 0.000269352 0.242756 8.43076e-05 0.00131816 0.000653806 0.00605542 0.00071392 0.445794 0.00135805 0.11258 0.000507713 0.0154085 0.000558627 0.0330067 0.0125137 0.0340271 
0.0231171 0.00144034 0.0339614 0.0098133 0.000166006 0.00143095 3.6256e-05 0.00243442 0.00945554 0.00135142 0.000910739 0.616369 0.00710717 0.121378 8.63635e-05 0.010609 0.0001079 0.0863268 0.0149035 0.0589957 
0.0535491 0.0165001 0.0665179 0.0354813 0.000224292 0.00499342 0.000266331 0.00293247 0.0173937 0.0482677 0.00988311 0.236801 0.024113 0.0849582 0.00811527 0.0174915 0.0102313 0.214039 0.126879 0.0213621 
0.017798 0.00339418 0.0493179 0.021885 0.000269352 0.242756 8.43076e-05 0.00131816 0.000653806 0.00605542 0.00071392 0.445794 0.00135805 0.11258 0.000507713 0.0154085 0.000558627 0.0330067 0.0125137 0.0340271 
0.132992 0.00493403 0.0469222 0.015922 0.000186818 0.0034456 2.98199e-05 0.00473591 0.00276034 0.0033487 0.00309215 0.282888 0.00176275 0.100903 0.0407671 0.210738 0.00268685 0.114547 0.0169706 0.0103672 
0.0839505 0.00310485 0.0407758 0.0103392 9.16252e-05 0.000806941 1.91675e-05 0.165849 0.00354717 0.0125643 0.00336317 0.41076 0.00225249 0.123142 0.00747233 0.0207799 0.00200006 0.0681425 0.0130909 0.0279477 
0.148717 0.0088749 0.0419583 0.0285154 0.00163499 0.00242716 0.000639473 0.00310706 0.0124332 0.0181477 0.0026134 0.296667 0.0228237 0.239185 0.00104135 0.00555251 0.000712745 0.0410834 0.0682235 0.055642 
0.0128014 0.0389701 0.0836802 0.0253761 0.000236286 0.00361267 8.17351e-05 0.00573076 0.000531534 0.012206 0.000606543 0.62088 0.00594842 0.0780096 0.00315533 0.00830621 0.000124146 0.0369107 0.0413064 0.0215263 
0.0684781 0.0125508 0.0861457 0.0397662 0.000117227 0.135719 5.435e-05 0.00189997 0.00824551 0.0193289 0.00365503 0.205173 0.00696963 0.178748 0.000873312 0.13368 0.000183113 0.042926 0.0183727 0.0371138 
0.102528 0.00332552 0.0430489 0.0120278 0.0149417 0.00517645 0.000452026 0.00308199 0.000341277 0.0599516 0.000221636 0.346783 0.0039923 0.242196 0.0253592 0.0561627 7.16662e-05 0.0344464 0.0289368 0.0169551 
0.0390333 0.00468756 0.0300189 0.0128977 0.000177524 0.000891976 6.62422e-05 0.00320205 0.0165358 0.00517197 0.000438567 0.698052 0.00674267 0.116239 0.000740747 0.00342949 0.00184543 0.0151529 0.0146986 0.0299778 
0.030459 0.00168852 0.031807 0.00732234 5.68182e-05 0.000103177 1.45906e-06 0.000685401 0.00269967 0.0194306 0.0050227 0.649351 0.000672516 0.133622 0.0075073 0.00183807 0.0010381 0.0623339 0.00264152 0.0417192 
0.0325754 0.0124579 0.100267 0.0169399 0.000347698 0.000901095 8.50859e-05 0.229778 0.00110969 0.00833401 0.000447694 0.267557 0.0115246 0.1604 0.00111931 0.0351541 0.016265 0.0338743 0.0240099 0.0468516 
0.0225647 0.00450247 0.0586738 0.0206472 0.000261085 0.014079 0.000170265 0.00755928 0.10994 0.0315248 0.0048227 0.519416 0.0100697 0.0935474 0.00411533 0.0113565 0.00945806 0.0471504 0.0173208 0.0128208 
0.0123456 0.0380059 0.0466203 0.00722383 5.68217e-06 0.000303089 1.224e-06 0.00176689 0.00313087 0.00490975 0.000583451 0.6606 0.00225791 0.127136 9.28515e-06 0.00767954 1.43559e-05 0.0424586 0.00454483 0.0404022 
0.0235095 0.000638603 0.023136 0.00433141 7.75743e-06 0.000701018 1.19766e-06 0.00226666 0.0204049 0.00456408 0.00119204 0.672508 0.00101006 0.164068 0.000187787 0.0119482 7.80044e-05 0.0442468 0.00819811 0.0170024 
0.0100527 0.000580012 0.0470476 0.00823293 1.23956e-05 0.00111218 5.9658e-05 0.00130314 0.000786868 0.00658769 8.5941e-05 0.67464 0.00594753 0.15823 1.76751e-06 0.0256987 3.34144e-05 0.0164429 0.00688359 0.0362615 
0.0172036 0.000916447 0.0519546 0.00515169 0.000113204 0.00179764 5.14677e-05 0.00165137 0.000441461 0.00132058 8.31766e-05 0.648551 0.00306309 0.174764 4.62102e-06 0.0246277 2.58473e-05 0.0248958 0.00327836 0.0401036 
0.0446274 0.00185647 0.0487477 0.023595 2.87229e-05 0.295674 0.000426511 0.000703474 0.00129837 0.00432897 0.000233118 0.297188 0.00960511 0.155089 0.000351196 0.0170338 2.48343e-05 0.0499905 0.020169 0.0290294 
0.0524118 0.00303592 0.0500224 0.0116644 0.000163646 0.00284111 5.39912e-05 0.00196095 0.00880873 0.00416958 0.00448216 0.607463 0.00489847 0.14772 0.0023729 0.00592889 0.00200342 0.0378496 0.0306139 0.0215352 
0.140856 0.0438899 0.0997667 0.0660858 0.000232269 0.000509188 8.4372e-05 0.000219396 0.0143669 0.114683 0.00123458 0.180166 0.00498851 0.133812 0.000637637 0.0177321 0.00103128 0.0893643 0.010583 0.0797572 
0.0647136 0.0023284 0.0861749 0.0228468 0.000648482 0.0101616 0.000119089 0.00271771 0.00779435 0.00707376 0.00230344 0.406391 0.0174912 0.17453 0.00231617 0.00494511 0.000516809 0.0564948 0.0933707 0.0370623 
0.057423 0.0163933 0.158162 0.0292491 0.00168841 0.125745 3.19709e-05 0.000785631 0.0126417 0.00709912 0.00170741 0.220601 0.00283279 0.140296 0.00025881 0.0267376 0.000314795 0.0922816 0.0162057 0.0895443 
0.210503 0.000655421 0.00461026 0.00638612 4.01696e-06 0.0015763 1.71111e-07 0.000962867 0.0168456 0.00897512 0.00988584 0.486523 0.0105655 0.0753473 0.00867 0.00136709 2.64388e-05 0.0858876 0.00559379 0.0656146 
0.0446274 0.00185647 0.0487477 0.023595 2.87229e-05 0.295674 0.000426511 0.000703474 0.00129837 0.00432897 0.000233118 0.297188 0.00960511 0.155089 0.000351196 0.0170338 2.48343e-05 0.0499905 0.020169 0.0290294 
0.00991622 0.00145419 0.0396633 0.00502663 0.000255296 0.00116553 5.76645e-05 0.00193081 0.00171026 0.00487734 0.000637623 0.716973 0.0029774 0.116999 6.52892e-05 0.0221969 0.000583283 0.0275136 0.00390902 0.0420874 
0.0526775 0.0149618 0.0719794 0.0281366 2.9271e-05 0.0733906 0.00101532 0.00144367 0.0116723 0.0243847 0.0007004 0.296808 0.0166468 0.132751 0.00106775 0.0121913 9.18933e-05 0.0349138 0.0603105 0.164828 
0.0106246 0.00136733 0.0253352 0.00458112 0.00038673 0.00205357 8.84139e-05 0.000644498 0.00283987 0.00176332 0.00248356 0.479321 0.00100343 0.386763 6.95029e-05 0.0145555 6.65146e-05 0.0212075 0.0335789 0.0112662 
0.012291 0.0330519 0.0790178 0.0189978 0.000335666 0.00242298 9.14657e-05 0.00406962 0.00066973 0.0159446 0.000568573 0.596757 0.0049922 0.139968 0.0019084 0.00839666 0.000589206 0.028918 0.0247975 0.0262122 
0.0629311 0.00833086 0.0736341 0.029719 0.0103051 0.021073 0.000142363 0.00980376 0.00862051 0.0219081 0.00466436 0.471168 0.00782539 0.121924 0.00730182 0.0108421 0.00227748 0.0726496 0.0222772 0.032602 
0.135487 0.0168434 0.0726764 0.056646 0.00107845 0.00227205 0.000494866 0.00245086 0.00544178 0.0180714 0.0031966 0.295404 0.0311307 0.203173 0.00880095 0.0107832 0.00158486 0.0476923 0.0237547 0.0630176 
0.0548599 0.0128164 0.0623739 0.0382867 0.00139835 0.0190262 0.000170422 0.00465643 0.00798646 0.0223505 0.00259097 0.508887 0.0117919 0.101575 0.00459185 0.0122765 0.00288033 0.0613518 0.0261333 0.0439957 
0.118955 0.00888708 0.0792979 0.0517931 0.000402476 0.00411392 0.000122286 0.00328634 0.00888708 0.0218617 0.00124782 0.308077 0.0117682 0.142533 0.0063695 0.0141165 0.00167667 0.0941725 0.02691 0.0955226 
0.0143562 0.00795677 0.0464823 0.0291152 0.000221283 0.0278769 0.000208495 0.00545983 0.0145266 0.0700956 0.00894458 0.605822 0.0126548 0.0627271 0.00428393 0.00779656 0.0117462 0.0352648 0.0142575 0.0202032 
0.162076 0.00877416 0.0835477 0.0292785 0.00263097 0.0041321 3.88764e-05 0.00419139 0.00900931 0.0317756 0.00443475 0.249386 0.00432844 0.225163 0.00449394 0.011734 0.000478432 0.122867 0.0235223 0.0181375 
0.0292079 0.00947786 0.0557076 0.0241908 0.000232683 0.00732172 0.000135787 0.00601704 0.0240961 0.0284886 0.0045331 0.604194 0.00815564 0.0817021 0.00364037 0.0161929 0.0037079 0.0446231 0.0194068 0.0289684 
0.0130185 0.0139154 0.150517 0.0187824 0.000243891 0.013734 8.93394e-05 0.000342735 0.00253132 0.0128193 0.000335187 0.465264 0.010085 0.0990766 0.00080599 0.0404481 0.00247097 0.0252009 0.0130348 0.117285 
0.0604812 0.0126254 0.0702628 0.0284371 0.000290735 0.0308656 0.000127182 0.00222229 0.00468291 0.0246876 0.00309964 0.457814 0.00747638 0.117504 0.00527767 0.0137355 0.00261487 0.0782364 0.0222955 0.0572633 
0.0387627 0.015215 0.0527786 0.0236473 0.000213305 0.0136498 5.02985e-05 0.0259518 0.00504155 0.034697 0.00200099 0.342701 0.0188691 0.267824 0.00064298 0.018913 0.000471904 0.0545071 0.0370187 0.0470443 
0.119166 0.0139052 0.144911 0.104253 0.000427304 0.0570046 0.000499922 0.00278135 0.00147649 0.0226426 0.00251296 0.187521 0.0123392 0.156393 0.00132496 0.00740466 0.00332576 0.0906107 0.0244078 0.0470921 
0.00991622 0.00145419 0.0396633 0.00502663 0.000255296 0.00116553 5.76645e-05 0.00193081 0.00171026 0.00487734 0.000637623 0.716973 0.0029774 0.116999 6.52892e-05 0.0221969 0.000583283 0.0275136 0.00390902 0.0420874 
0.0661538 0.0165636 0.0616511 0.0218046 0.000168129 0.00343072 0.000104495 0.00169541 0.00305484 0.00772836 0.00149345 0.389871 0.00406772 0.308966 0.00239365 0.0141951 0.00126132 0.04087 0.0124176 0.0421092 
0.0500093 0.024364 0.0943259 0.0268751 0.000205883 0.105063 0.00111984 0.00189706 0.0100446 0.0289817 0.000725572 0.198859 0.0197338 0.151309 0.00121777 0.0124176 0.000141498 0.0385943 0.0606067 0.173509 
0.106663 0.00462061 0.0461585 0.0381068 4.30614e-05 0.000564659 2.46927e-05 0.00261238 0.0148433 0.0126035 0.00822831 0.488185 0.00813546 0.116031 0.000132049 0.00550676 0.00188299 0.0838207 0.0238442 0.0379934 
0.0153777 0.0127728 0.0763546 0.0332951 0.000193539 0.00528863 0.000113676 0.00178542 0.00106242 0.097931 0.00190752 0.431879 0.0243153 0.0377423 0.00185269 0.00322399 0.00249979 0.181841 0.0395442 0.0310187 
0.00991622 0.00145419 0.0396633 0.00502663 0.000255296 0.00116553 5.76645e-05 0.00193081 0.00171026 0.00487734 0.000637623 0.716973 0.0029774 0.116999 6.52892e-05 0.0221969 0.000583283 0.0275136 0.00390902 0.0420874 
0.0718329 0.0123131 0.0878797 0.0382915 0.000922905 0.0513816 0.000347682 0.00612742 0.00583989 0.0185284 0.00625334 0.33234 0.0106256 0.141843 0.00826381 0.0622214 0.00430805 0.0707242 0.0229634 0.046992 
0.0166947 0.00132794 0.0136314 0.013124 4.94557e-08 0.000457865 3.86062e-07 0.00164331 0.00671039 0.0267462 0.00501222 0.716778 0.00404196 0.103279 0.000122352 0.00998112 0.000107178 0.0266859 0.00443608 0.0492203 
0.032916 0.00924575 0.044059 0.0613482 0.000220596 0.00137976 0.000286105 0.00125431 0.00478019 0.0201304 0.00193133 0.522845 0.0124872 0.139826 0.000629419 0.00784895 0.000361267 0.0251878 0.0196327 0.0936299 
0.0454663 0.00831279 0.0751361 0.0324221 5.29935e-05 0.00202011 5.55553e-05 0.00564581 0.00291355 0.0785751 0.000802011 0.356428 0.0265174 0.18238 0.000641955 0.0470455 0.0109278 0.0317499 0.0291393 0.0637688 
0.037907 0.0259772 0.0332014 0.00844176 0.000165699 0.000367058 3.14206e-05 0.00173473 0.0025666 0.00479559 0.00134967 0.726042 0.00193704 0.0714846 0.000266618 0.0036741 0.000225751 0.0437446 0.0058509 0.0302358 
0.0940254 0.00660784 0.0765012 0.0301934 0.000168128 0.00764604 3.47028e-05 0.00244688 0.00418407 0.0354858 0.00139338 0.3502 0.0379161 0.199339 0.000207915 0.0288058 0.000137122 0.063182 0.0117949 0.0497307 
0.0543847 0.0148426 0.0683941 0.02393 0.000317071 0.0405518 0.000136045 0.00255581 0.100443 0.0104331 0.000923031 0.418717 0.007405 0.139131 0.00153221 0.0158782 0.0019567 0.042951 0.0185655 0.0369522 
0.0151797 0.0312492 0.0383094 0.00973572 0.000163994 0.000423544 3.62667e-05 0.00195208 0.00244713 0.00498807 0.0012905 0.697677 0.00202312 0.106359 7.0616e-05 0.00565758 0.000196915 0.0448391 0.0061598 0.0312409 
0.0213392 0.0150613 0.112717 0.0411842 0.000171904 0.0223194 0.000330609 0.00162442 0.00774857 0.0396016 0.00696186 0.444652 0.0161694 0.0852752 0.00189823 0.0268837 0.00491381 0.0536882 0.0206723 0.0767874 
0.0390333 0.00468756 0.0300189 0.0128977 0.000177524 0.000891976 6.62422e-05 0.00320205 0.0165358 0.00517197 0.000438567 0.698052 0.00674267 0.116239 0.000740747 0.00342949 0.00184543 0.0151529 0.0146986 0.0299778 
0.0891214 0.0130347 0.0469288 0.0205781 0.000257408 0.00346305 0.000205335 0.00144043 0.00610594 0.0233082 0.000884971 0.543502 0.0107111 0.0859339 5.03639e-05 0.00392921 0.000387102 0.0373644 0.0975796 0.0152141 
0.017729 0.000400703 0.0234841 0.00454799 5.25718e-06 0.000667109 5.56219e-07 0.000937058 0.000603993 0.0050638 0.00187648 0.637143 0.0160652 0.0964891 2.03264e-06 0.0152854 2.00801e-05 0.0713759 0.00384582 0.104457 
0.058314 0.0112841 0.048262 0.0250166 0.00017679 0.00745022 0.000147468 0.00204305 0.00759937 0.0184837 0.00217105 0.534001 0.00698837 0.117976 0.00480256 0.00862011 0.00263002 0.0805354 0.0228578 0.04064 
0.0666844 0.0154562 0.151735 0.0307979 0.000338633 0.0168365 0.000298137 0.000285133 0.00221191 0.0160897 0.000315101 0.316353 0.00895453 0.0950174 0.00436647 0.0284083 0.00169926 0.0951527 0.0309177 0.118081 
0.00709356 0.00330087 0.051366 0.00266894 1.08646e-06 0.000939604 5.59847e-07 0.00176163 0.00210917 0.00649518 0.000213365 0.663423 0.00342063 0.147866 4.83875e-06 0.0278413 3.82706e-05 0.02511 0.00228814 0.0540579 
0.0356946 0.0425796 0.0479528 0.0285997 0.000288277 0.00333736 0.00013155 0.00158369 0.004906 0.0384916 0.0033043 0.554281 0.0220634 0.0544508 0.00153456 0.00297599 0.00764013 0.049289 0.0136708 0.0872251 
0.0168946 0.00150506 0.0185252 0.021621 7.03156e-06 0.000968686 0.000313514 0.00080785 0.00446612 0.00397997 0.00464511 0.74475 0.00167414 0.0922089 0.000813364 0.00868807 0.000239675 0.0336393 0.00331515 0.0409375 
0.0506884 0.0230411 0.091528 0.0264922 0.000165418 0.119719 0.00102359 0.00146683 0.00998171 0.0282605 0.000727524 0.183332 0.0198962 0.153651 0.0012573 0.012201 0.000130524 0.0367605 0.0615448 0.178133 
0.0805216 0.00953695 0.0533635 0.0283264 0.0010193 0.00349454 3.45672e-05 0.00187969 0.00810652 0.0547724 0.00791226 0.403881 0.00731919 0.214632 0.00250542 0.0111775 0.000890082 0.0518866 0.0348686 0.0238724 
0.0847699 0.012867 0.0645318 0.0179758 0.00030924 0.00226656 7.29678e-05 0.0126256 0.0120826 0.00872545 0.00216483 0.542346 0.00733287 0.128668 0.001356 0.00679317 0.0013693 0.0406095 0.0231863 0.0299472 
0.0188003 0.0159135 0.0493812 0.0213827 0.000221891 0.0101553 0.000138181 0.0058025 0.00327432 0.0543372 0.0047664 0.500911 0.0418521 0.0220638 0.012977 0.00142463 0.0091372 0.151265 0.0710792 0.00511676 
0.0128014 0.0389701 0.0836802 0.0253761 0.000236286 0.00361267 8.17351e-05 0.00573076 0.000531534 0.012206 0.000606543 0.62088 0.00594842 0.0780096 0.00315533 0.00830621 0.000124146 0.0369107 0.0413064 0.0215263 
0.011197 0.0571921 0.0580118 0.0395104 2.64427e-05 0.00403567 0.000231266 0.00123983 0.00127253 0.0900931 0.00352643 0.437234 0.0250983 0.0406442 0.000770871 0.00296167 0.000622415 0.15459 0.0367564 0.0349853 
0.141962 0.0177986 0.032169 0.0261283 0.000113205 0.00554507 0.000111046 0.00439354 0.130792 0.00674822 0.000582589 0.397857 0.00457683 0.0805215 0.0034426 0.00654202 0.00208911 0.0655632 0.0589777 0.0140874 
0.155861 0.00805706 0.0875103 0.0350008 0.000163025 0.0388604 0.000916642 0.00115747 0.0106827 0.0149341 0.0615448 0.201993 0.0113366 0.17054 0.00329169 0.0673972 0.00148282 0.0721375 0.0298502 0.0272834 
0.0457374 0.00660607 0.0510784 0.0248993 0.000156283 0.0060542 0.000129682 0.00319115 0.00945091 0.0150585 0.00222675 0.57526 0.0120327 0.0836588 0.00259845 0.00849014 0.0050642 0.0766193 0.0371358 0.0345523 
0.243429 0.00291992 0.0344622 0.022559 3.27046e-05 0.00108085 3.45591e-05 0.000156897 0.0193807 0.0392274 0.00745344 0.268192 0.00975456 0.180522 0.00259106 0.0130344 3.75141e-05 0.0375425 0.0328983 0.0846907 
0.0145788 0.0235029 0.132518 0.0842832 0.000337863 0.00396987 0.000131832 0.000920759 0.00115939 0.0205543 0.000294228 0.448307 0.0103965 0.0607069 0.000120806 0.00446777 0.000272221 0.0295013 0.0154095 0.148567 
0.0078572 0.000485071 0.0335863 0.00258041 1.32708e-06 0.000883554 6.83674e-07 0.00106657 0.000738186 0.00148567 0.000105023 0.753004 0.00286502 0.109859 2.15933e-06 0.024221 2.45338e-05 0.0200968 0.00178491 0.0393522 
0.0334628 0.00748061 0.0369521 0.0543623 4.0211e-05 0.000871356 5.84231e-05 0.00273403 0.0201349 0.0120933 0.00126838 0.591948 0.0116808 0.0516833 0.000377128 0.0141083 0.00659829 0.0256222 0.0239867 0.104537 
0.00991622 0.00145419 0.0396633 0.00502663 0.000255296 0.00116553 5.76645e-05 0.00193081 0.00171026 0.00487734 0.000637623 0.716973 0.0029774 0.116999 6.52892e-05 0.0221969 0.000583283 0.0275136 0.00390902 0.0420874 
0.0504558 0.0326431 0.0373005 0.021801 1.51371e-05 0.000511139 8.1529e-05 0.00350324 0.00196751 0.00866595 0.0105255 0.578379 0.00250063 0.109422 2.73868e-05 0.00412947 0.00016467 0.0474284 0.0134532 0.0770247 
0.0151797 0.0312492 0.0383094 0.00973572 0.000163994 0.000423544 3.62667e-05 0.00195208 0.00244713 0.00498807 0.0012905 0.697677 0.00202312 0.106359 7.0616e-05 0.00565758 0.000196915 0.0448391 0.0061598 0.0312409 
0.0790251 0.0178568 0.0729402 0.0378417 0.000349099 0.00287133 8.77003e-05 0.00271611 0.00925981 0.00880379 0.000373198 0.415953 0.0159123 0.123656 0.00156627 0.0191069 6.96212e-05 0.0461691 0.0193688 0.126073 
0.0165553 0.0219299 0.0901107 0.0165208 0.000310773 0.00571089 8.67712e-05 0.00149016 0.00294135 0.00902989 0.000883478 0.541368 0.00536222 0.131414 0.000543547 0.0233358 0.00162946 0.0462105 0.0111347 0.0734318 
0.0923356 0.00608771 0.0513871 0.0249475 0.000234771 0.0678 0.000150013 0.00300911 0.0116544 0.0252929 0.00663908 0.412712 0.0071774 0.103842 0.00780335 0.0756123 0.00369667 0.0499974 0.0179779 0.031643 
0.0172461 0.00757718 0.0964745 0.0174324 0.000170064 0.0257228 5.68858e-05 0.00395811 0.00298553 0.0215425 0.000368057 0.402481 0.00373167 0.20938 0.00106062 0.0308101 0.0016989 0.0811263 0.0333516 0.0428254 
0.136806 0.0158262 0.0883846 0.0334207 0.000197911 0.00358361 6.384e-05 0.00537885 0.00449805 0.0262567 0.000337928 0.383014 0.0572895 0.108487 0.00410192 0.0303624 0.000159842 0.0455842 0.0245724 0.0316752 
0.0296758 0.0149049 0.0521848 0.0539635 4.97454e-05 0.000931007 5.84449e-05 0.00278886 0.0202385 0.0195948 0.00123173 0.560218 0.0137008 0.0460163 0.000378822 0.0141727 0.00674184 0.0212962 0.0248497 0.117003 
0.165582 0.00383248 0.0592216 0.011773 0.00104702 0.00317298 3.90401e-05 0.00620372 0.00251774 0.0213799 0.000893629 0.465179 0.00387572 0.153909 0.00276505 0.024651 0.000575176 0.0369803 0.0177716 0.0186298 
0.0324562 0.0128384 0.0345818 0.0506164 0.000323474 0.00895484 0.000795244 0.00098242 0.00279085 0.00896275 0.00316985 0.5382 0.00375334 0.116993 0.00111103 0.00530362 0.00048808 0.0535147 0.0874196 0.0367446 
0.0444086 0.00659668 0.0917146 0.0208216 0.000207612 0.00274307 7.45561e-05 0.00268572 0.00598601 0.0116928 0.000433196 0.321621 0.013935 0.320907 0.00336044 0.0159887 0.00414223 0.0519802 0.0289999 0.0517006 
0.0878702 0.00228155 0.0410224 0.0140674 4.59413e-05 0.000398192 0.00015367 0.000902338 0.0671473 0.0623303 0.000888295 0.350569 0.00525487 0.240167 0.00136511 0.0247248 0.000390156 0.0418601 0.00979316 0.0487682 
0.0271126 0.00188677 0.0322845 0.0138822 0.000106435 0.000991432 0.000105629 0.00277184 0.00381557 0.0100621 0.00240349 0.719546 0.0019937 0.0931289 0.00132263 0.0153809 0.000441495 0.0294161 0.00948412 0.0338632 
0.174906 0.00684785 0.0653625 0.0372824 6.09425e-05 0.00149152 8.21973e-05 0.00373491 0.0188948 0.00537133 0.00162738 0.228294 0.0197537 0.224173 0.000917558 0.0921462 0.000329733 0.0498789 0.0308983 0.0379464 
0.0469386 0.00785572 0.0646767 0.0288349 0.000278249 0.0385315 0.000758774 0.0101424 0.00825737 0.0183583 0.00283878 0.372392 0.0077228 0.221805 0.00277369 0.0570869 0.0023944 0.0474655 0.0224356 0.0384532 
0.0334628 0.00748061 0.0369521 0.0543623 4.0211e-05 0.000871356 5.84231e-05 0.00273403 0.0201349 0.0120933 0.00126838 0.591948 0.0116808 0.0516833 0.000377128 0.0141083 0.00659829 0.0256222 0.0239867 0.104537 
0.151022 0.00178055 0.044402 0.0230003 0.00113446 0.00146254 5.77036e-05 0.00188013 0.00204134 0.012337 0.00193657 0.337124 0.00170008 0.240451 0.0698015 0.00888613 0.00045065 0.067675 0.0124952 0.0203616 
0.154555 0.00604986 0.0273343 0.0154928 1.44412e-05 0.0545091 5.23407e-06 0.00274913 0.0163182 0.00755175 0.00207187 0.372297 0.00790695 0.243763 0.000358402 0.0155678 0.000708321 0.0370031 0.0255657 0.010179 
0.0469073 0.00172721 0.0547429 0.00845688 0.000187566 0.000935926 3.49643e-05 0.0067347 0.00311146 0.00665076 0.000202465 0.697361 0.00179693 0.0584212 0.00292281 0.041599 0.000117194 0.0260964 0.0105742 0.0314198 
0.0503768 0.00657448 0.103406 0.0184717 0.000105606 0.0010169 0.000548254 0.00085111 0.00128414 0.00595211 0.000249056 0.381277 0.00888452 0.270323 0.00423773 0.0115524 0.000770154 0.0710788 0.0343659 0.0286744 
0.0188003 0.0159135 0.0493812 0.0213827 0.000221891 0.0101553 0.000138181 0.0058025 0.00327432 0.0543372 0.0047664 0.500911 0.0418521 0.0220638 0.012977 0.00142463 0.0091372 0.151265 0.0710792 0.00511676 
0.032883 0.010208 0.0434884 0.0228359 0.000281276 0.00928089 1.36824e-05 0.0202647 0.0060939 0.00550862 0.00250427 0.409952 0.014079 0.248073 7.12911e-05 0.0292605 0.023349 0.053213 0.025521 0.0431185 
0.013573 0.0270847 0.0332019 0.00969346 0.000142313 0.000367208 3.15339e-05 0.00169213 0.00212116 0.00432327 0.00111875 0.669724 0.00175354 0.156025 6.12988e-05 0.00764118 0.000170761 0.038861 0.00533872 0.027076 
0.0400847 0.0135806 0.0690655 0.0389495 0.000174653 0.0112101 8.50479e-05 0.0026161 0.0446687 0.0445353 0.0131571 0.326471 0.0442893 0.0894491 0.00399144 0.00534703 0.0180067 0.144399 0.058325 0.0315944 
0.0227055 0.0018006 0.0748236 0.0310563 0.000106869 0.00301567 0.003386 0.0109922 0.011293 0.0248685 0.00161237 0.314412 0.0224967 0.209628 0.000933416 0.00592251 4.94943e-05 0.0470611 0.166178 0.0476574 
0.0743172 0.00555864 0.178828 0.0249322 1.79427e-05 0.00643408 0.000557973 0.00148685 0.00794851 0.0673031 0.0115864 0.363207 0.0140929 0.0698101 0.00158696 0.00270133 0.00180663 0.0891099 0.0253111 0.0534033 
0.0156222 0.0166985 0.18062 0.0225388 0.00029266 0.0164807 0.0001072 0.000411275 0.00303756 0.0152032 0.000402218 0.366302 0.012102 0.111661 0.000957279 0.0485377 0.00296515 0.0298638 0.0156418 0.140555 
0.0166613 0.00202425 0.0152995 0.0137293 4.16738e-06 0.0006925 9.56448e-06 0.00211424 0.00700097 0.0264171 0.00549411 0.711933 0.00356587 0.106445 0.000467772 0.00855472 0.000607749 0.0287766 0.00559831 0.0446033 
0.248933 0.00358165 0.0263399 0.0172132 2.10665e-06 0.00574663 3.12049e-05 0.000900788 0.00898406 0.00727156 0.00145708 0.330808 0.0706958 0.118244 0.000572966 0.00601879 6.79587e-06 0.0700942 0.0380846 0.0450144 
