0.00412811 0.0885817 0.000789255 0.0679799 5.43591e-06 0.00499948 0.0212767 0.0224692 0.00232833 0.000137987 0.000171004 0.491231 0.000628583 0.117604 0.148889 7.66729e-06 0.0105766 1.5583e-05 0.00599883 0.0121817 
0.0631078 0.111698 0.00493442 0.111649 0.00166407 0.0271 0.0426779 0.0259291 1.30498e-05 0.00355957 0.000256962 0.360241 6.97516e-06 0.0741276 0.148346 1.83717e-05 0.00264371 8.99987e-06 0.0217708 0.000247579 
0.0764753 0.052819 0.007455 0.1122 0.000424099 0.00719483 0.0383128 0.143355 0.0102811 1.17441e-05 0.0241399 0.276124 0.0046766 0.0708676 0.164788 0.000212993 0.00408878 0.00103247 0.0051544 0.000385952 
0.0316814 0.0184792 0.0322863 0.0120372 8.28563e-06 0.00125815 0.0132943 0.186365 0.0568723 0.000166437 0.0186233 0.471848 0.00387291 0.0605418 0.0798067 0.00156919 0.00948573 2.60171e-05 0.000121519 0.00165591 
0.00659194 0.00603229 0.0261156 0.077198 1.28854e-06 0.00257297 0.00289646 0.0356405 0.0535928 3.6774e-05 0.00508948 0.532735 0.00375084 0.0222203 0.187715 0.000114024 0.00233315 0.00113584 0.0307298 0.00349835 
0.030716 0.0221472 0.0051574 0.0348687 1.56248e-05 0.000227132 0.00987864 0.0190752 0.000164307 0.000109787 0.00738137 0.70774 2.58453e-05 0.0129114 0.0981199 1.6051e-05 0.0493397 7.35698e-05 0.00195897 7.29165e-05 
0.108788 0.00715837 0.0107231 0.0459977 4.41061e-05 3.2871e-05 0.000970178 0.0863363 0.00757197 5.95104e-05 0.00197954 0.510089 0.000865114 0.0475556 0.160284 0.000126527 0.0035051 0.000460875 0.00611699 0.00133553 
0.03884 0.0186912 0.0192344 0.0552924 0.0386065 0.0104156 0.00886836 0.0644606 0.000964767 0.00273707 0.0910579 0.211549 0.0508194 0.197155 0.102885 0.0100712 0.0457331 6.22913e-05 0.00282529 0.029731 
0.0196354 0.00824599 0.0252456 0.297154 3.15163e-07 0.0214413 0.0212608 0.0627242 4.55735e-06 0.00425678 0.0011169 0.305912 0.0031624 0.066326 0.123671 0.000194421 0.00282905 0.00424396 0.0214601 0.0111159 
0.0278473 0.0363825 0.00188984 0.0012776 5.0059e-05 0.00169334 0.00335513 0.156382 0.000753207 0.000562785 0.0129703 0.510345 0.0181419 0.0499511 0.0851458 0.00858881 0.00368087 4.02234e-06 0.000283068 0.0806954 
0.011022 0.00337159 0.00918441 0.0110998 3.4036e-07 0.00196269 0.00770038 0.0773211 1.21994e-05 2.32705e-06 0.000600757 0.801958 0.000386701 0.0126264 0.0511785 0.000189408 0.00422247 0.000632223 0.00375703 0.00277176 
0.0435544 0.0143095 0.00150085 0.0672609 1.03924e-05 0.00683307 0.00460069 0.0204397 0.00260234 0.100382 0.00189036 0.54269 0.000417326 0.0248155 0.118696 0.000156419 0.0457618 0.000324116 0.00287034 0.000885017 
0.140059 0.0463146 0.0392271 0.0832625 3.0407e-07 0.00540609 0.0339681 0.0832841 0.000316286 0.000834388 0.0220039 0.314962 0.00423544 0.0486716 0.151197 0.00141298 0.0181011 1.79207e-05 0.00210853 0.00461735 
0.0424048 0.0307552 0.0605262 0.0476832 8.63922e-07 0.00141145 0.0212311 0.0271944 0.0919518 0.00176582 0.000361483 0.45722 0.00830113 0.0417988 0.131297 0.000634751 0.000917829 0.000596429 0.0337774 0.000170277 
0.00100857 0.00962676 0.0131368 0.0491749 0.00167734 0.00056336 0.0146943 0.047531 0.00890589 6.03259e-05 0.0590162 0.706632 0.00384595 0.0081882 0.0516681 0.000411422 0.00360378 0.00427656 0.00674335 0.00923539 
0.0240374 0.00738339 0.037242 0.0567276 0.000456676 0.00389918 0.0294302 0.05203 0.00034135 0.000122338 0.029194 0.623994 0.00294498 0.039995 0.0822025 0.000339119 0.00368794 0.000286302 0.00536183 0.000324714 
0.00689651 0.0164505 0.000117655 0.00494144 7.21789e-05 0.00114764 0.00153528 0.0479886 0.000476287 5.96593e-05 0.00126645 0.678457 5.28611e-05 0.00410191 0.220186 4.65328e-05 0.0119034 0.00122195 0.00298455 9.37858e-05 
0.00128921 0.00933235 0.000345119 0.0228537 1.1411e-06 2.62349e-05 0.00855818 0.0143066 0.000190322 6.15589e-05 0.00567772 0.695211 0.00014241 0.0307303 0.209898 1.75687e-05 0.000621119 2.11023e-06 0.000724007 1.18412e-05 
0.0216725 0.0629691 0.0104393 0.0700723 0.00014505 0.0115395 0.0695308 0.0226375 3.45541e-06 0.000353453 0.0122902 0.401638 0.0624619 0.0725146 0.125387 0.000191546 0.00303251 1.62306e-08 0.0133091 0.0398116 
0.0328336 0.116926 0.00209479 0.0129786 2.78487e-07 0.000744602 0.0551002 0.120426 1.44896e-05 0.000172347 0.00861136 0.428793 5.13796e-05 0.0153493 0.074632 0.00328431 0.0421714 8.65989e-06 3.73562e-05 0.0857703 
0.00514863 0.0189829 0.0104411 0.0104055 0.00472409 0.00787524 0.0260321 0.152065 8.21652e-05 0.00115451 1.86512e-05 0.645778 1.55416e-05 0.0241637 0.0556174 2.06904e-05 0.0333033 0.00104054 0.00195452 0.00117661 
0.0220919 0.00208336 0.00363142 0.0224204 7.17881e-05 0.00124441 0.00274479 0.0823247 0.00896364 8.07402e-05 0.0624458 0.627387 0.000743825 0.0296111 0.122221 7.79543e-05 0.00798239 0.000682568 0.00140251 0.00178891 
0.00504841 0.104394 0.0109616 0.010436 5.47355e-05 0.00197396 0.00830139 0.281458 2.06089e-05 4.83613e-05 0.00421299 0.303167 0.00143996 0.051776 0.0415234 0.000564572 0.00430199 0.00125621 0.00370615 0.165354 
0.169959 0.102317 0.015688 0.110405 1.683e-05 0.00786194 0.0573508 0.0266591 3.3785e-06 0.000613152 0.00664902 0.250742 0.00466321 0.046952 0.180713 0.000493699 0.00575242 1.62986e-06 0.00586279 0.00729534 
0.00591413 0.0023966 0.00274246 0.013592 2.34498e-06 0.000354917 0.000845326 0.0177606 0.000672145 0.000140398 0.000377476 0.924409 0.000226101 0.00387189 0.0183048 0.000143816 0.000418105 0.000338073 0.00741816 7.18466e-05 
0.00162593 0.0165747 5.42614e-05 0.0176525 3.36866e-05 4.46213e-05 0.0554266 0.00413931 2.99931e-05 2.78035e-05 0.000277758 0.884942 0.00093368 0.00455298 0.0112703 1.02098e-05 6.12772e-05 6.58373e-05 0.00195031 0.00032673 
0.0853012 0.0848217 0.00593814 0.00944715 0.00270619 0.00520806 0.0450059 0.350039 4.66071e-05 0.000115043 0.00034677 0.368997 0.000323957 0.021454 0.0130569 0.000227795 0.005297 0.000536928 0.000419587 0.000710589 
0.0164754 0.0899277 0.00237338 0.172001 1.27222e-06 0.00208692 0.0412983 0.0171908 0.000241064 0.0464598 0.000297863 0.320834 2.21112e-06 0.0123727 0.249087 9.01735e-06 0.0122469 0.0102742 0.00681944 1.1161e-06 
0.054757 0.0233295 0.0171866 0.0341404 0.000499629 0.0499357 0.0534325 0.102889 0.00972518 0.00172281 0.0264024 0.299402 0.00414764 0.0946083 0.186015 0.00739757 0.00590026 0.000316833 0.00618375 0.0220075 
0.000156973 0.0099567 0.000923988 0.0112638 0.101422 0.00131498 0.0776719 0.0410679 0.000459629 0.000718936 0.000218983 0.689333 4.33794e-05 0.0433704 0.0157108 0.000356361 0.000992544 0.00139354 0.00289534 0.00072886 
0.00722399 0.0502143 0.00343352 0.0943006 0.00119327 0.00503532 0.0302781 0.250429 0.000136032 0.00523879 0.0362361 0.318902 0.00132171 0.0314764 0.0412862 0.00156692 0.102769 0.00195244 0.00969191 0.00731475 
0.0296637 0.0512585 0.0104669 0.0315561 0.00121444 0.00640441 0.0129383 0.129332 0.000924985 1.70835e-05 0.0194372 0.361035 0.000132711 0.198054 0.125307 0.000431399 0.002511 0.000387848 0.00686316 0.0120643 
0.0593617 0.109463 0.0237831 0.0188615 2.94235e-05 0.00171732 0.0036774 0.140365 0.0150714 0.000494269 0.000594346 0.440915 0.000491614 0.0377683 0.0341603 0.0233854 0.0117626 0.0663004 0.00367625 0.00812193 
0.0503412 0.0848877 0.0204549 0.0267212 1.14698e-06 0.0155949 0.0229633 0.131469 3.5717e-05 0.000295087 0.00733828 0.241428 0.0235232 0.0768727 0.15572 0.00399047 0.00538806 3.27505e-05 0.0113169 0.121625 
0.129108 0.00837557 0.00484913 0.0332484 8.57582e-05 0.00430004 0.0082862 0.0786197 3.38763e-05 0.000357685 0.000695995 0.594488 6.25183e-05 0.0284417 0.0844119 2.3824e-05 0.00982871 0.00142446 0.00953321 0.00382523 
1.24411e-08 6.75284e-09 9.7399e-09 0.0276543 1.27563e-07 2.39532e-08 1.28468e-08 5.70681e-09 8.22367e-08 9.31965e-08 4.39721e-08 0.972271 4.18877e-05 3.25325e-05 4.71157e-09 1.59805e-08 1.95603e-08 8.74796e-08 2.07183e-08 2.53402e-08 
0.0393798 0.0743604 0.00961832 0.161184 1.0457e-06 0.00092559 0.00334665 0.120489 0.00236522 0.012066 0.00186598 0.479697 0.000464968 0.0052039 0.0697446 0.000632554 0.00635744 0.00146045 0.0104228 0.000413766 
0.0092841 0.0527907 1.90365e-06 0.0649879 6.14341e-06 0.0668032 0.00890559 0.213006 0.000841441 3.50782e-05 0.000281208 0.423528 4.13364e-05 0.0624099 0.0222766 0.000102041 0.0475558 0.00178721 0.0252638 9.20949e-05 
2.35693e-07 0.000916542 1.82693e-09 2.82888e-05 2.39271e-08 0.000274972 0.000447 0.000941125 1.54252e-08 5.59567e-05 0.000871811 0.983333 9.24435e-05 8.48291e-06 0.000436222 2.99748e-09 0.0125049 1.64087e-08 8.89971e-05 4.75309e-09 
0.0106385 0.00612666 0.00269122 0.0602849 4.59934e-05 0.00452611 0.00435684 0.0197498 0.005769 0.000407194 0.00314375 0.770167 0.000330307 0.0145317 0.0869542 0.000281234 0.00095935 0.00189954 0.0052149 0.00192178 
0.00179688 0.00233617 0.00147295 0.0012293 0.000900834 0.00120948 0.00171838 0.00223471 0.000805572 0.000744863 0.000355519 0.976076 9.91922e-05 0.000499496 0.00243949 5.64963e-05 0.00166243 0.00177871 0.00179018 0.000793505 
0.00466059 0.20736 0.0018541 0.0813363 0.00216202 0.00683121 0.0289119 0.121194 0.000448838 0.000373036 0.000384874 0.250119 0.0108128 0.0243619 0.0177834 0.000433723 0.209339 0.000418522 0.000621661 0.0305933 
0.000145012 0.00379233 0.0129453 0.00848662 0.000140393 4.97592e-06 0.00145477 0.0492712 0.000467281 3.06502e-06 9.9777e-05 0.847501 3.63057e-05 0.00197057 0.0628452 0.000321943 0.00220183 0.00348488 0.00417767 0.000649702 
0.00374036 0.0204548 0.00795853 0.0205745 3.13646e-09 0.000570018 0.00402651 0.0820059 4.19986e-09 8.13435e-09 0.00177032 0.418209 0.318964 0.0598028 0.0475239 0.000816223 0.00263923 2.85487e-05 0.000406483 0.0105086 
3.36227e-05 4.37e-05 2.75606e-05 0.199529 1.70321e-05 0.00505279 0.0100662 0.0178261 1.51848e-05 0.0153992 0.0070344 0.458776 0.128939 0.0263971 0.0872191 1.07975e-06 0.0369982 3.33916e-05 0.00580179 0.000789815 
0.0102223 0.133381 0.00154661 0.0559399 2.00844e-06 0.0108497 0.0024226 0.130028 0.000632445 0.183308 0.000168508 0.244213 0.000183679 0.0341012 0.0832525 1.90585e-05 0.0358548 0.0707831 0.0025422 0.000549057 
0.0115401 0.0294799 0.0196487 0.040392 7.80385e-06 0.000931835 0.0184474 0.0236865 0.000291768 4.39728e-05 0.000542989 0.815755 0.00135751 0.010031 0.00905221 8.196e-05 0.00749358 0.00772085 0.00330221 0.000192332 
0.00446538 0.106752 0.00199334 0.0293281 0.0135295 0.0320487 0.0171754 0.150008 2.53079e-05 0.000327582 0.0309333 0.324761 0.000131552 0.0404745 0.215603 0.0018594 0.00698461 8.42575e-05 0.00162853 0.0218863 
0.0169594 0.0303402 0.00407453 0.0148088 4.56746e-05 0.00674688 0.0539411 0.16885 0.0114597 0.0011287 0.00632695 0.584631 0.000565241 0.0248851 0.0587789 6.66874e-05 0.00710904 0.00284003 0.00349793 0.00294372 
0.0135073 0.0361462 0.000915109 0.0245929 1.79053e-05 0.00647133 0.000769103 0.0487416 8.88962e-05 3.20456e-05 0.000550555 0.802834 3.96915e-05 0.00222976 0.0335334 1.27734e-05 0.0275886 0.000227487 0.00136929 0.000332586 
0.00714232 0.0146296 0.0092845 0.0217037 2.77565e-05 0.0109456 0.00683525 0.0125918 1.64268e-05 0.000577595 0.000165789 0.854606 0.0015241 0.00887138 0.0191546 0.000136267 0.010026 0.00494381 0.0164161 0.000401231 
0.0109468 0.095725 0.0201814 0.0634097 3.57253e-05 0.000848607 0.0255024 0.290535 0.000109656 0.000231829 0.000926339 0.348184 0.031073 0.0102771 0.0966829 7.23919e-06 0.00373445 0.000457689 0.00104457 8.61391e-05 
0.0839683 0.0319723 0.060432 0.0877841 6.08602e-06 0.00259049 0.00595197 0.0382425 0.00410359 0.00388749 0.003877 0.454964 0.0156102 0.0327493 0.121848 0.000274423 0.021951 8.90113e-05 0.0206217 0.00907677 
0.00397672 0.0254254 0.00061793 0.0116592 1.26925e-06 0.00387413 0.000794621 0.0188466 0.0215672 0.000115821 0.00340568 0.825107 0.000783583 0.00217711 0.073279 0.000102449 0.00322453 0.00164907 0.00298425 0.000407966 
0.00625857 0.0321968 0.0185872 0.123086 3.92167e-07 0.0281541 0.0900632 0.0545432 0.000251189 0.000862264 0.0249251 0.260387 0.00843488 0.047062 0.258088 5.0761e-05 0.0210679 0.000129662 0.0192172 0.00663502 
0.0678939 0.0159586 0.0475792 0.043158 1.83235e-05 0.00299 0.0191938 0.0744195 8.74566e-05 0.00225719 0.0133783 0.384651 0.00974073 0.237488 0.0242416 0.00112843 0.0344916 0.015783 0.00476278 0.000778305 
0.0326336 0.0516153 0.0678045 0.0952329 8.96679e-05 0.00424776 0.00523407 0.120616 0.0219002 0.00100726 0.0229437 0.283754 0.00228673 0.0187553 0.2432 0.0011144 0.00690236 0.000578957 0.0120604 0.00802166 
0.045724 0.0194774 0.0565588 0.0920822 9.24348e-05 0.0147008 0.0383486 0.0824264 0.0476291 0.0147566 0.0106196 0.227098 0.044569 0.154325 0.105868 0.00622001 0.00808189 0.000279577 0.018524 0.0126186 
0.00419228 0.00501111 0.00365468 0.246942 0.000355682 0.00751974 0.0439313 0.0273951 6.21456e-06 0.000135685 0.0043613 0.441671 0.0172319 0.0122448 0.142478 4.38128e-07 0.0172754 1.37007e-05 0.024033 0.00154656 
0.0168499 0.0163938 0.0137099 0.124375 7.57184e-07 0.0581938 0.0918353 0.152286 0.00365972 0.000272459 0.000259785 0.383944 3.34527e-05 0.0030755 0.0418369 4.74939e-08 0.0328286 0.00446554 0.0548218 0.00115807 
0.00948081 0.0385184 0.00494864 0.079258 1.95953e-05 0.00374637 0.00566077 0.0380528 0.000795223 8.52895e-05 0.0290223 0.415003 0.000358892 0.0251534 0.339235 0.000981979 0.00350047 0.000121835 0.00364044 0.00241742 
0.0180107 0.00162777 0.158256 0.0890563 4.76199e-06 0.000807575 1.23275e-06 0.009067 0.137412 8.08783e-07 0.000336164 0.572053 5.43951e-06 0.000863781 0.00956225 0.000219789 7.87788e-07 3.9968e-06 0.00263981 7.11542e-05 
0.00528582 0.0031438 0.000862787 0.0236375 0.00321281 0.000926707 0.00755876 0.0254067 0.000103355 0.000235169 0.001343 0.837183 3.35219e-05 0.0211086 0.057214 2.88595e-05 0.00952786 4.24777e-06 0.00221149 0.000972189 
0.0433071 0.0131224 0.00904674 0.023113 1.60007e-06 0.00356067 0.00411551 0.178491 0.015734 1.65551e-05 0.0036678 0.54697 0.001012 0.0193326 0.110168 0.000892119 0.0095019 0.000223381 0.0159912 0.00173229 
0.0642668 0.0869205 0.0563735 0.117999 9.62163e-06 0.00114868 2.55373e-05 0.0285697 7.17692e-05 0.000150498 0.0295335 0.491605 0.00184589 0.0373137 0.0329314 2.90133e-05 0.0330924 0.000445631 0.0171117 0.000556666 
0.0278174 0.0572746 0.0464079 0.0461897 8.26098e-05 0.00687264 0.00754046 0.211384 0.00173258 0.00162145 0.0026729 0.30337 0.00436529 0.0523865 0.126206 0.00216593 0.0671376 0.000819293 0.0197887 0.0141649 
0.276023 0.00891212 0.0137845 0.0286227 8.7476e-06 0.00165012 0.0393727 0.0759956 0.0226958 7.2317e-06 0.000796954 0.285622 3.72772e-05 0.0415671 0.19752 1.8647e-05 0.00194307 0.000238063 0.0038794 0.00130393 
0.0147275 0.0014508 0.00139968 0.0110906 7.2382e-05 0.000162373 0.00435292 0.0768234 0.00191886 0.000105749 0.00107531 0.756397 0.000230649 0.0144254 0.100855 0.00019544 0.00176898 0.000171466 0.00350905 0.00926715 
0.021366 0.0292706 0.00638243 0.0859029 1.32196e-06 0.00750766 0.0575445 0.0293039 0.0632548 0.00887644 0.0809229 0.247554 0.043464 0.174023 0.0479733 0.00485586 0.0745901 0.000678054 0.00199382 0.0145344 
0.179918 0.00181 0.00766754 0.0612321 4.31638e-07 0.000137156 0.0156114 0.105798 0.0588449 0.000970306 0.00012819 0.348656 0.000230016 0.00465547 0.211023 9.38533e-05 0.000821636 0.000682281 0.00165014 6.9141e-05 
0.0235216 0.0680802 0.00424895 0.048609 3.23529e-06 0.00159811 0.0129901 0.0807908 0.00148507 0.0019681 0.00665586 0.60705 0.0101213 0.0108298 0.085057 4.19498e-05 0.0323887 0.000272969 0.00356191 0.000725006 
0.0078977 0.00334593 0.00143025 0.0183918 1.10786e-06 0.00947626 0.00432523 0.0245414 0.0107939 0.000323252 0.0100569 0.805828 0.028959 0.0262103 0.0400822 0.000202441 0.00474586 0.000738226 0.00187051 0.000779365 
1.88958e-06 0.0651793 1.54893e-06 0.0337298 0.0340285 0.0199272 0.0562458 0.15467 8.47217e-07 7.8339e-07 3.73907e-07 0.565707 1.04362e-07 0.00134265 0.0493636 0.000272134 0.00676964 0.00740875 1.88253e-06 0.00534818 
0.0311393 0.0421422 0.00305159 0.0317837 4.16752e-06 0.00117195 0.00523226 0.103571 0.140523 0.000446715 0.0459417 0.230145 0.00192301 0.171279 0.101312 0.0270348 0.00678456 0.00104638 0.0047134 0.0507546 
0.0353608 0.0668727 0.0222841 0.0337315 0.000768115 0.00255705 0.00626304 0.283072 0.00533726 0.00225347 0.00130772 0.313663 0.000546381 0.0409791 0.163895 0.000186678 0.00494038 0.00121579 0.0138189 0.000946356 
0.0195924 0.0473006 0.0199411 0.0299566 4.78821e-05 0.0157688 0.037544 0.0764306 0.0211366 0.0208722 0.0527932 0.180023 0.174683 0.121056 0.0965967 0.0389152 0.00811749 1.76691e-05 0.0209058 0.0183019 
0.0532133 0.0760112 0.00543596 0.0144408 0.000138701 0.00412333 0.0396551 0.152068 0.0012784 0.00457806 0.0061215 0.283003 0.00789033 0.0411202 0.224291 0.0014885 0.00504763 3.76253e-05 0.000692214 0.0793661 
0.0250563 0.00972012 0.000331203 0.0293414 0.000420819 0.00154953 0.0100529 0.0255654 0.000119553 0.000110548 0.00641645 0.694963 0.000128349 0.0337069 0.117198 0.000101584 0.00430378 0.000263947 0.00431953 0.0363303 
0.0303556 0.0301218 0.000253083 0.0503514 3.78829e-06 0.00128472 0.0233876 0.035771 0.0021672 6.73872e-06 0.000557257 0.673321 0.000260164 0.00922982 0.104162 0.000540516 0.0325526 0.000184186 0.00348659 0.00200294 
0.00354098 0.00670002 0.0721257 0.0565379 1.6932e-05 9.93028e-06 0.00870925 0.0353289 0.00460987 1.68274e-05 0.000152838 0.63718 0.000316689 0.0133947 0.0474137 3.20388e-05 0.000709762 0.075812 0.0373559 3.6259e-05 
0.121597 0.0399765 0.0376537 0.0286615 0.00594155 0.00162565 0.00996205 0.0519117 0.0130571 0.00010394 0.0698934 0.539728 0.00248721 0.0263825 0.0460265 0.000272928 0.00244063 0.00029153 0.00166139 0.000324772 
0.145172 0.0197011 0.0880592 0.0962116 6.60087e-05 0.00196854 0.0278887 0.110726 0.00226257 7.77104e-05 0.0289561 0.231497 0.000965912 0.0545776 0.166005 9.7867e-05 0.00298002 7.46542e-05 0.0182388 0.0044733 
0.0471261 0.0378797 0.0803924 0.134578 1.50879e-06 0.0368316 0.0344853 0.0589312 0.000415884 0.00327429 0.00285164 0.264623 0.00899603 0.0661117 0.182554 0.000775301 0.0196868 6.85431e-05 0.00414488 0.0162713 
0.0142703 0.0489224 0.000907934 0.0238841 0.0407084 0.0401546 0.0084791 0.172395 0.00577128 0.00649953 0.0155958 0.412135 0.0208002 0.0596345 0.0837013 0.00845577 0.00878281 0.000120006 0.00211621 0.0266659 
0.005586 0.012808 0.0348053 0.0332145 1.98514e-05 0.00137829 0.103239 0.121326 5.3744e-05 0.000145093 0.000669642 0.558354 0.00106248 0.0116959 0.0935885 4.48299e-05 0.0032697 0.00109676 0.0159204 0.001722 
0.00553128 0.0161924 0.0174605 0.0163236 1.3574e-06 0.00213079 0.00102389 0.149534 0.0773001 0.00100159 0.000547169 0.645236 0.000483509 0.0182233 0.0425317 0.000633805 0.00116801 0.00108268 0.00264743 0.000946771 
0.00367345 0.00693608 0.0290595 0.0851137 0.000442983 0.00223568 0.0272784 0.0767331 0.00227853 0.000255257 0.00078551 0.608907 0.0019143 0.0586326 0.084364 0.000154056 0.0027788 0.0008629 0.00664213 0.000951961 
0.0162595 0.00549281 0.0347562 0.119554 2.14833e-05 0.00392526 0.00579606 0.036601 0.193775 0.000940947 0.0271471 0.380425 0.000163897 0.0626429 0.0999558 1.50398e-05 0.00593961 0.000297843 0.00520623 0.00108436 
0.0129048 0.100456 0.0113404 0.0180498 7.40179e-05 0.000407603 0.0100168 0.0843695 0.00277891 0.000631408 0.000435737 0.622325 0.0152859 0.012753 0.0975856 2.72028e-05 0.00178926 0.000603208 0.00722289 0.000943268 
0.0198919 0.0133065 0.00282979 0.00627079 0.00022242 0.0061381 0.0538316 0.0840432 0.0139358 0.00223979 0.0438983 0.451945 0.0464723 0.213159 0.0167588 0.00593096 0.00752369 1.14731e-05 0.000437273 0.0111529 
0.00523731 0.0755998 0.0269788 0.0402979 5.55542e-08 0.00169506 0.0198703 0.0168419 0.00247415 0.000367846 0.00167469 0.526216 0.0744324 0.131494 0.0519819 2.98069e-05 0.00150467 0.000170361 0.00712874 0.0160043 
0.0535447 0.0623461 0.0423839 0.0799946 3.08988e-05 0.0476552 0.0259748 0.0736866 0.000731907 8.21677e-06 0.00244611 0.308589 0.00512708 0.101694 0.0485709 0.00257721 0.0248911 0.000429036 0.00613957 0.11318 
0.0255505 0.0578459 0.00891403 0.0467121 9.31481e-05 0.0269298 0.0203407 0.147671 0.00173692 0.00139288 0.00126125 0.474884 0.0130462 0.0440227 0.111442 0.00022518 0.00543293 0.00357259 0.0056814 0.00324547 
0.0233792 0.0441382 0.00687843 0.122858 5.60173e-06 0.00229109 0.0066599 0.18599 0.0288966 0.00630537 0.0137806 0.511209 0.00293283 0.00850059 0.0255367 0.000123076 0.00417376 0.00283463 0.00295061 0.000556436 
0.0151991 0.00114661 0.00145433 0.0106288 9.31857e-11 0.00368229 0.0525612 0.0416837 9.36754e-06 8.70432e-09 0.000604959 0.640334 0.1432 0.0509116 0.0265717 0.00134511 0.00442486 9.94623e-05 0.00156142 0.00458189 
0.00110152 0.0145535 0.00511094 0.0610161 1.59463e-05 0.0218659 0.0307323 0.0291473 0.0390152 0.000818547 0.225534 0.407132 0.00232778 0.082638 0.050717 0.0064383 0.00924332 9.25853e-05 0.00325 0.00924982 
0.0300152 6.80407e-06 0.0065529 0.0424666 2.64312e-06 0.00674491 0.117769 0.0699003 2.35866e-06 0.0196516 0.000734821 0.308257 0.0248607 0.14654 0.211171 0.000319593 0.00631801 5.19329e-06 0.00135861 0.0073229 
0.028077 0.0461814 0.0366349 0.0721541 0.000139309 0.0113038 0.0134013 0.0154283 1.0164e-05 0.000218034 0.00223946 0.673142 0.00219303 0.012669 0.0584421 8.45727e-05 0.00916507 1.0837e-05 0.0158931 0.00261269 
0.017533 0.120251 0.00445398 0.0215119 0.00225384 0.00296569 0.00921495 0.0417864 0.0028281 8.50796e-05 0.00170209 0.401973 0.000234421 0.0578593 0.0697868 9.44056e-05 0.00126683 0.240162 0.00137339 0.0026637 
0.032782 0.0676464 0.000782359 0.0516258 4.45264e-05 0.00323753 0.064118 0.00381297 6.24691e-05 0.000248514 1.79461e-05 0.65329 0.00232661 0.0440225 0.0420279 0.000370139 0.012676 0.000882784 0.00213339 0.0178919 
0.00899219 0.017441 0.00333007 0.0635122 0.00407783 0.00533434 0.00330698 0.220164 0.0103976 0.000245304 0.00190515 0.407949 0.000303061 0.0958269 0.131649 2.31606e-05 0.00361785 0.000172864 0.00611717 0.0156349 
0.0128869 0.0165675 0.00258443 0.017406 1.25534e-05 0.000103497 0.00515413 0.0345054 0.0680777 0.000345742 0.00529016 0.772522 0.00157974 0.0166689 0.015002 0.00384436 0.00145131 0.0216515 0.00294964 0.00139611 
0.208714 0.0150968 0.0566905 0.0710582 1.33309e-05 0.00125177 0.0146588 0.0654298 0.000155322 0.00090434 0.00283872 0.334973 0.0104433 0.0106517 0.173176 7.5339e-05 0.00472605 0.000106558 0.0250459 0.00399024 
0.0047709 0.0297814 0.00498195 0.0798927 2.38858e-07 0.000337988 0.00109137 0.097384 0.119113 0.00339679 0.045173 0.508796 0.00115512 0.0101189 0.0832945 7.17122e-05 0.00612767 0.000895931 0.00332774 0.000289511 
0.00726038 0.00966175 0.00544305 0.00839104 5.38382e-05 0.00305603 0.0219871 0.0183885 0.00019469 0.00227453 0.0383086 0.834382 0.00238592 0.0121732 0.0268554 8.49183e-05 0.00380949 0.00045893 0.00206201 0.00276909 
0.00769572 0.00862827 0.00260052 0.00684742 1.22521e-07 6.11122e-06 0.00259179 0.0318228 0.00574073 0.000262645 0.000359355 0.890281 0.00214765 0.0151509 0.0110548 0.00711926 0.00136074 0.00217533 0.00203744 0.00211744 
0.0359237 0.00641964 0.0297238 0.024618 0.000602357 0.00766827 0.0461826 0.0816669 0.00010696 0.000380203 0.00175212 0.329265 0.0731349 0.130139 0.203763 0.00155899 0.0149506 3.16074e-06 0.00872064 0.00342 
0.0218744 0.144284 0.00632934 0.0290723 0.00359752 0.00232029 0.007556 0.0423453 0.00717176 0.000153122 0.0007056 0.525011 2.81139e-06 0.0909516 0.0563028 4.08548e-05 0.037459 0.024087 0.000711515 2.38286e-05 
0.0459758 0.0534032 0.015121 0.0235344 6.31574e-05 0.0403303 0.0793101 0.067265 0.000958153 0.000224566 0.00537761 0.311325 0.0624869 0.116268 0.0964215 0.00141858 0.00661546 3.56911e-06 0.0527319 0.0211659 
0.0665186 0.00560158 0.0807184 0.257718 2.11939e-08 0.000518296 0.0325712 0.0104155 0.0236525 0.000136951 0.0292816 0.356601 0.0111327 0.0355589 0.0701907 0.000759279 0.00935295 1.20913e-05 0.00876603 0.000493336 
0.0600441 0.0628383 0.054927 0.032674 7.52711e-05 0.00397519 0.0428836 0.122526 0.00314504 0.000296586 0.00309696 0.310007 0.000707477 0.0360823 0.252814 0.00106924 0.00440822 6.74731e-05 0.00632606 0.00203658 
0.0455409 0.000546378 0.0295866 0.0261657 5.02708e-12 3.15974e-06 0.00163054 0.0909023 0.173016 7.13587e-09 3.19994e-05 0.427812 0.00368331 0.136451 0.0590096 0.000720867 5.59469e-06 0.0015354 0.00321492 0.00014423 
0.000633994 0.00395803 7.47712e-06 0.00122572 2.14716e-05 6.14012e-06 8.72304e-06 0.00631532 0.000347134 3.78366e-06 0.000475781 0.975775 0.00137878 0.000586522 0.00147895 0.00190455 3.91978e-05 0.00527095 9.08773e-06 0.000553375 
0.0126355 0.0105023 0.0338432 0.0309396 3.75113e-05 0.00744081 0.111206 0.0702419 4.43827e-05 0.00510739 0.000338349 0.617916 0.00769874 0.0207573 0.0503363 3.99189e-05 0.0150395 0.000343663 0.00521121 0.000320425 
0.000563663 0.0369684 0.00679741 0.125174 0.00416995 0.00209795 0.0380801 0.143278 6.87652e-05 0.000243311 0.000259162 0.572245 4.367e-05 0.0111805 0.0494163 1.73115e-05 0.00785944 0.000181717 0.00117985 0.000175461 
3.0344e-06 0.00241055 0.00301697 0.020286 1.09339e-10 0.00372692 0.000791497 0.157151 7.04879e-11 7.18541e-08 0.10877 0.542426 0.0982591 0.0382014 0.0176385 0.00156273 8.76478e-07 7.56127e-08 0.00473628 0.00101859 
0.0447717 0.0372509 0.00172906 0.0442758 6.74122e-06 0.000772458 0.0008653 0.0796444 0.00205707 8.58969e-06 0.00109316 0.639961 0.00026991 0.0176886 0.0741122 0.000264963 0.0112276 0.00120388 0.042406 0.000390231 
0.0493707 0.111853 0.103054 0.100497 0.00274825 0.00286824 0.0090086 0.0882932 0.00142762 0.000444368 0.00128133 0.327958 0.000416246 0.0326795 0.101981 0.00025784 0.0160349 0.0173739 0.0312799 0.00117216 
0.06365 0.0292018 0.0158805 0.114356 2.49159e-06 0.0214306 0.0547209 0.130578 2.74199e-05 0.000111816 0.00397356 0.274046 0.00135994 0.0229074 0.248422 1.96637e-05 0.00447511 0.000175289 0.0141615 0.000499845 
0.0216821 0.00812852 0.011376 0.0661819 3.26675e-05 0.00192188 0.0757051 0.247594 0.00436862 0.00135105 0.000545618 0.390937 0.00686208 0.0480189 0.0950179 0.000179705 0.00369693 0.000625006 0.014233 0.00154197 
0.00551726 0.0424288 0.00246562 0.00680987 0.000144312 0.00743116 0.00464005 0.186755 0.00744047 0.0569374 0.00246914 0.293488 0.000623699 0.0338731 0.0607466 0.000855339 0.236098 4.41514e-06 0.000769612 0.0505025 
0.0390728 0.0215345 0.0455846 0.145333 1.38299e-08 0.00869886 0.0288491 0.0203087 0.00242586 0.00198203 0.012639 0.371942 0.0122187 0.0893038 0.0732576 6.677e-05 0.100622 6.55807e-07 0.0229503 0.00320979 
0.00544131 0.0513124 0.000471991 0.0161233 1.22949e-05 0.0137659 0.0575089 0.0494924 0.000156448 0.00526449 0.000634857 0.607993 0.00118647 0.0932945 0.0203399 4.92928e-05 0.0749596 0.000260866 0.0014043 0.000327704 
0.112428 0.0446569 0.0570616 0.0302953 3.6919e-05 0.0153302 0.0159666 0.0421037 0.00067547 0.00507173 0.0149685 0.401276 0.0524655 0.107198 0.0400244 0.00752359 0.0153401 4.83793e-05 0.00567954 0.0318495 
0.116876 0.0562582 0.0226086 0.0156143 4.19188e-06 0.00663458 0.0799831 0.134083 0.000757671 0.000268805 0.00302457 0.343974 0.0383783 0.12124 0.0489594 0.000390255 0.00597457 0.000279671 0.00126208 0.00342835 
0.0305921 0.0398491 0.0124218 0.0630879 0.000192999 0.0272143 0.00327931 0.0467993 0.00048304 3.02663e-05 0.0651444 0.304453 0.000292293 0.139468 0.12613 0.00149248 0.118811 2.14131e-05 0.0179863 0.00225101 
0.00618765 0.0779055 0.0080283 0.0565928 0.000588251 0.00286846 0.0227 0.13173 0.0103762 0.00396434 0.00118715 0.455264 8.92381e-05 0.0283262 0.0715661 0.000220604 0.014432 0.0954293 0.0109155 0.00162831 
0.0100171 0.000696719 0.000793904 0.0423725 2.89406e-05 0.00403267 0.000937431 7.15781e-05 0.000189902 2.39213e-05 0.000966139 0.856727 0.000111272 0.000548463 0.0713191 1.35811e-05 0.00395302 0.000254716 0.00691674 2.54323e-05 
0.0179031 0.10847 0.0851454 0.106968 0.000256784 0.0200534 0.0110606 0.0355076 0.000754346 0.00458486 0.00106749 0.295181 0.00314584 0.0641661 0.187008 0.0277143 0.013484 6.86341e-06 0.00763033 0.00989124 
0.138071 0.0153809 0.211133 0.232445 3.33888e-05 0.00056114 0.00903965 0.0270763 4.35482e-06 0.000568828 0.0165957 0.23998 0.00172974 0.0385851 0.0294999 0.00019005 0.00543493 6.7061e-05 0.0275722 0.0060316 
0.0373446 0.00738498 0.000628291 0.0613382 1.39034e-08 0.000230544 0.0127684 0.0174491 8.4673e-07 0.000168282 0.0204101 0.719017 0.00535312 0.043175 0.0720577 9.15717e-07 0.00113419 2.73297e-07 0.00151357 2.47886e-05 
0.063317 2.63731e-05 2.63721e-05 2.63735e-05 2.63302e-05 2.6367e-05 2.63709e-05 2.63735e-05 2.63463e-05 2.63423e-05 0.0474742 0.820195 2.63589e-05 2.63726e-05 0.0448618 2.63698e-05 2.63685e-05 2.63444e-05 2.63681e-05 0.0237562 
0.00602217 0.00435911 0.00877944 0.050595 1.05301e-06 0.00177049 0.00815834 0.037365 0.00548617 5.31905e-05 0.000668425 0.708302 0.000227783 0.0502169 0.0641809 0.000525539 0.0108365 0.0394509 0.00273814 0.000262832 
0.0435731 0.0983026 0.00130299 0.122837 0.000428162 0.00182733 0.00147233 0.181673 0.00951358 0.000100994 0.00163059 0.240589 7.57161e-05 0.0394742 0.136409 0.00018025 0.00416035 0.0778621 0.0363489 0.00223834 
0.0213716 0.0144302 0.000781601 0.0887639 7.50013e-06 0.00401423 0.0252533 0.0490234 0.000364748 0.00229658 0.00393837 0.678859 0.00139587 0.0220678 0.0667651 7.83275e-05 0.0150874 0.000118572 0.00308836 0.0022945 
0.0400664 0.0334465 0.0056988 0.0677173 3.55263e-05 0.0367719 0.0125523 0.0160732 0.00120372 0.000347772 0.0180676 0.474859 4.8491e-05 0.0127262 0.273142 3.38963e-05 0.00500523 2.23484e-05 0.00113816 0.00104402 
0.0138356 0.0888636 0.00596472 0.0061989 4.41399e-05 0.00130715 0.0142095 0.128269 0.00109192 0.000812733 0.000515872 0.649868 0.000209058 0.00406815 0.0686227 2.85177e-05 0.00880998 0.00091172 0.00592765 0.000441045 
0.00447845 0.0399608 0.0105933 0.0395447 0.00602272 0.00125725 0.0547603 0.0868144 0.00191906 4.403e-05 0.0039956 0.539914 3.5198e-05 0.0597694 0.134386 0.000104189 0.00878422 0.000815521 0.00494574 0.0018556 
0.00249508 0.00419763 0.00379182 0.0132653 0.000289497 0.00296674 0.00184164 0.0182784 0.000518926 0.0118565 0.00124661 0.798896 0.0323589 0.0240816 0.037771 0.000475571 0.0384526 6.63613e-05 0.00092089 0.00622867 
0.0147224 0.0154084 0.00244248 0.0299188 2.5185e-05 0.000321158 0.00813019 0.0150652 0.000157034 0.000440971 0.00382023 0.835589 0.000404405 0.0215994 0.0460227 0.000828195 0.00395744 0.00111388 2.29307e-05 1.01648e-05 
0.00727345 0.0030092 0.00460189 0.0402288 7.18312e-06 0.00168787 0.00349909 0.0396978 3.65306e-05 0.00226266 0.00036802 0.858939 4.35421e-07 0.0234963 0.0111201 1.11237e-05 0.00210773 0.00075856 0.000785252 0.000109339 
0.0352808 0.148265 0.00379154 0.0428498 4.90746e-05 0.0201514 0.0268255 0.105228 0.00208614 0.0115077 0.0855535 0.325687 0.00156226 0.0628072 0.0302079 0.00901165 0.0464838 0.000183879 0.00547968 0.0369877 
0.0057776 0.00797955 0.0131981 0.0461488 4.07985e-05 0.00224364 0.0687844 0.0162424 3.15227e-05 0.000107718 0.000997558 0.747361 0.0234979 0.015633 0.00232371 1.59145e-06 0.003715 0.000531233 0.00478209 0.0406022 
0.0226923 0.034859 0.0298963 0.186265 0.000128902 0.00592818 0.0237586 0.0578602 0.000633018 0.00187778 0.0106008 0.460206 0.00160768 0.0215145 0.0702625 0.00226231 0.0523404 0.000130605 0.0111091 0.006067 
0.132126 0.0776411 0.00241766 0.00930381 2.17586e-05 0.00702435 0.0239151 0.144922 5.59999e-05 0.00179878 0.00310325 0.489199 1.17416e-05 0.031593 0.0423013 1.0647e-05 0.0309279 0.00068452 0.000925127 0.00201756 
0.0346152 0.0490124 0.00146626 0.0110037 0.0001886 0.0259181 0.00501641 0.13771 0.0266563 0.00112603 0.00340976 0.545954 0.00544048 0.0363858 0.0419031 0.00590908 0.0394544 1.58429e-06 0.00644859 0.0223804 
0.0328593 0.0111814 0.0023764 0.0431619 0.0184623 0.00111798 0.0610117 0.0532144 0.00193465 0.000186866 0.0172835 0.542153 9.5931e-05 0.0374379 0.152169 0.000273717 0.0112011 7.84457e-05 0.0128422 0.000958092 
0.0133844 0.101125 0.00305594 0.0939292 9.87665e-06 0.00786921 0.0157699 0.0898901 6.5821e-05 0.000118102 0.0183436 0.287173 0.000698112 0.0416198 0.246847 0.00028035 0.00611883 2.06772e-05 0.0382817 0.0353993 
0.0251811 0.0709958 0.0216269 0.135769 1.75153e-05 0.00669058 0.164065 0.021956 0.00874238 0.000451498 0.00077249 0.313902 0.00795967 0.0232655 0.155961 0.0297336 0.00517277 0.000203702 0.0069947 0.000538569 
0.0235208 0.0183484 0.0229377 0.0642059 0.00460512 0.00241422 0.00574485 0.0949524 0.00182688 0.000361239 0.0161894 0.483783 0.00127048 0.0243481 0.211278 0.000907303 0.00311559 0.000115093 0.0167962 0.00327967 
0.0036566 0.0244641 0.000343148 0.0918429 1.01e-06 0.00307504 0.0457087 0.0685199 0.00336299 8.34959e-07 0.000611358 0.443238 6.08204e-05 0.014755 0.287595 6.18649e-05 0.00434201 0.00252151 0.00440516 0.00143328 
0.00252164 0.01404 0.0234391 0.148307 7.22736e-07 0.0641229 0.0592545 0.0394366 0.00176622 0.00126882 0.018911 0.312269 0.00304594 0.15473 0.128532 0.00378876 0.0119414 2.15259e-05 0.00683903 0.00576318 
0.0253069 0.0184332 0.0122263 0.0708137 0.00127663 0.00615172 0.0198244 0.162883 0.000194567 0.00107874 0.0142757 0.305038 0.00262813 0.144829 0.172619 0.00112427 0.0178411 5.96512e-05 0.018727 0.00466877 
0.127447 0.0206926 0.0974905 0.0813143 0.00157389 0.00194106 0.0595757 0.112181 0.00020761 0.000372473 0.0514739 0.202236 0.00148609 0.0578348 0.147275 0.000573358 0.0105875 1.78137e-05 0.00764251 0.0180777 
0.0215799 0.119584 5.74074e-08 0.0422314 2.01787e-06 0.000979546 0.00250276 0.0222613 0.00219266 3.10877e-05 0.147631 0.309579 1.48222e-06 0.0236748 0.124116 1.58737e-07 0.000731944 0.000182595 0.000102385 0.182617 
0.0647155 0.0174577 0.0511136 0.0625491 1.09404e-06 0.000436926 0.00594119 0.0259541 0.00936022 0.00413316 0.000669504 0.575119 0.0125337 0.0148043 0.0770868 0.000276517 0.0148714 0.000196878 0.0582254 0.0045537 
0.122492 0.0363435 0.021153 0.0912929 5.58023e-07 0.0226259 0.0672126 0.0398499 0.000918752 0.00201625 0.00440153 0.270768 0.0179947 0.152983 0.11257 0.00475331 0.0042229 0.000193026 0.00769722 0.0205111 
0.00526735 0.00829429 0.00356617 0.132923 2.93048e-06 0.00250188 0.0239677 0.0596773 0.00103425 8.26686e-05 0.0077214 0.608354 0.00496647 0.0278667 0.0907369 5.13507e-05 0.0162002 0.000320612 0.00476992 0.00169534 
0.0396663 0.0219267 0.0259912 0.183452 5.89396e-08 0.00776881 0.00694846 0.0132219 0.00846504 1.09357e-08 0.00375232 0.595971 0.0410481 0.00972371 0.0267178 5.12669e-05 0.0015711 0.000441986 0.013235 4.68604e-05 
0.0125272 0.0176951 0.00471161 0.0715373 0.000679222 0.000461657 0.101234 0.108808 0.00127066 2.47462e-05 0.000631023 0.367319 0.00081915 0.0142701 0.291585 4.13376e-05 0.00240326 0.000360851 0.00323971 0.000380659 
0.137746 0.00109245 0.0051648 0.019695 3.33211e-11 0.000168947 0.000638156 0.138126 0.127764 1.24711e-05 0.0357185 0.306262 0.00620201 0.0194971 0.193127 0.000115225 1.0196e-05 0.000516547 0.00591877 0.00222533 
0.00504841 0.104394 0.0109616 0.010436 5.47355e-05 0.00197396 0.00830139 0.281458 2.06089e-05 4.83613e-05 0.00421299 0.303167 0.00143996 0.051776 0.0415234 0.000564572 0.00430199 0.00125621 0.00370615 0.165354 
0.0304083 0.0488387 0.0147035 0.0402349 4.16562e-05 0.00971643 0.044518 0.116337 0.00122748 0.000123801 0.000951013 0.452427 0.00150593 0.105215 0.0916579 0.000345186 0.0257558 0.00233402 0.00682626 0.00683282 
0.0634052 0.0125014 0.011572 0.0675852 3.28321e-05 0.00215828 0.0180545 0.086466 0.00227066 0.00295469 0.0278632 0.411652 0.10576 0.116283 0.0410795 0.00465195 0.00897864 5.26812e-05 0.00538342 0.0112956 
0.00312029 0.00253837 0.00836337 0.183727 0.0057687 0.000620552 0.00947066 0.119101 0.00416513 0.000177971 0.000824541 0.474011 9.77709e-08 0.0789968 0.0177528 0.00053761 0.0154343 0.0662157 0.00803674 0.0011367 
0.267948 0.00655481 0.0202264 0.0590876 2.04062e-05 0.00160795 0.0949902 0.0658728 0.000192847 0.0019286 0.0052212 0.288337 0.0445949 0.0249388 0.0205652 0.000617276 0.0761384 8.3736e-05 0.00242265 0.0186511 
0.0219225 0.0191311 0.00551272 0.0222412 1.82272e-05 0.00440274 0.00607478 0.146534 0.0489956 0.000962275 0.0430022 0.179068 0.000932106 0.132305 0.169407 0.169298 0.00526701 0.000314482 0.017116 0.00749466 
0.00435001 0.00274644 0.0643853 0.0965944 7.14946e-07 0.00142048 0.0736017 0.029504 0.000957366 4.04406e-06 1.6785e-05 0.591384 0.0225711 0.0241855 0.0366132 0.000118896 0.00201655 7.53407e-06 0.0489397 0.000582435 
0.0263778 0.0380597 0.0169017 0.0395251 2.71309e-05 0.00809144 0.0813139 0.0740105 0.000485684 0.000346903 0.00734402 0.465952 0.000704375 0.0380851 0.147847 0.000117396 0.0152051 0.000236965 0.0336288 0.00573971 
0.0233303 0.09294 0.0353472 0.115374 7.475e-07 0.00265439 0.00794556 0.16091 0.00233778 0.12503 0.00168962 0.338167 0.000151459 0.027188 0.0327605 6.42326e-05 0.0188388 0.00278138 0.0116761 0.000812488 
0.0294484 0.0758405 0.0514119 0.100744 4.7702e-06 0.0137946 0.0169144 0.101077 0.00126275 0.00250212 0.0458358 0.230527 0.0412939 0.099574 0.129825 0.0114896 0.0201047 2.12822e-06 0.00617795 0.0221696 
0.00105423 0.0071494 0.000407034 0.165829 4.95116e-08 8.99449e-05 0.0640525 0.0173566 0.0123624 1.01898e-05 0.00187711 0.687468 0.00046344 0.00349578 0.0341335 0.000291425 0.000564362 3.63455e-06 0.0018952 0.00149645 
0.0773736 0.140879 0.0816054 0.0264671 1.3638e-06 0.00131809 0.0147349 0.120161 0.000193093 0.00431105 0.0533945 0.334374 0.00254437 0.0231165 0.0646945 0.00113276 0.0143307 0.000350024 0.0345093 0.00450846 
0.00371227 0.00233993 0.000986642 0.0280114 6.64326e-05 0.0381338 0.0182614 0.0360164 0.00896944 0.000519819 0.040478 0.611949 0.00737684 0.0541262 0.0576974 0.0131578 0.000980668 0.000521527 0.00661189 0.0700837 
0.0068726 0.0151052 0.00187182 0.0616409 2.19183e-05 0.0119939 0.0178444 0.00355941 0.00122758 1.8087e-05 0.000157395 0.829632 0.000377307 0.00644391 0.0415639 2.1101e-06 0.000599619 8.31923e-05 0.00080733 0.000177816 
0.00144733 0.174123 0.000309917 0.0181152 8.38746e-08 0.0459494 0.00629525 0.142793 0.00448722 0.00130606 0.00103174 0.56275 0.0298786 0.0028927 0.000794397 1.51927e-06 0.00727305 8.52358e-05 0.000464093 1.57501e-06 
0.0239329 0.00780322 0.00119053 0.0107027 0.000215149 0.000232197 0.021037 0.0862067 0.0183425 0.000247138 0.000532457 0.625654 0.00353007 0.0755552 0.0595974 0.000207081 0.00422273 0.0474087 0.00422159 0.00916026 
0.00818674 0.0211081 0.0438931 0.156202 4.73392e-07 0.00194634 0.016625 0.154431 0.000268588 6.83734e-05 0.00102271 0.302716 0.00116284 0.13962 0.0874038 0.00637922 0.0339117 0.000265181 0.0160335 0.00875482 
9.77098e-05 9.39401e-06 9.21951e-06 5.59206e-06 8.25087e-07 5.15836e-07 0.0102106 2.25587e-05 2.10495e-06 0.000877987 0.0693312 0.73132 2.02984e-06 0.167771 0.0085344 0.000484356 0.00958017 2.7272e-06 1.62564e-06 0.00173525 
0.0177233 0.00160259 0.0235974 0.127041 3.35279e-06 0.000304337 0.0081349 0.0372503 0.0363431 0.00071208 0.000449004 0.638607 0.00114139 0.00931911 0.0871482 0.000103105 4.81074e-05 3.70931e-05 0.0100977 0.00033637 
0.00690473 0.115535 0.00328929 0.0527035 1.92653e-05 0.0118476 0.00401937 0.0163799 0.000196391 7.64708e-05 0.0109643 0.509362 0.000217911 0.0480007 0.17249 0.00757702 0.0333909 5.994e-05 0.00363536 0.00333072 
0.0375347 0.185568 0.00847532 0.0277257 0.00135643 0.00675397 0.00543377 0.155757 0.00616479 0.000419072 0.00300648 0.267194 0.00839571 0.0918798 0.080962 0.00481855 0.0617004 0.0321514 0.00312542 0.0115775 
0.0680044 0.0407408 0.00706631 0.111018 3.70508e-05 0.00356574 0.00297094 0.171647 0.00102916 3.09663e-05 0.000550392 0.413773 0.000118915 0.00622232 0.145877 3.96073e-05 0.00412303 0.000428414 0.0224966 0.00026003 
0.0570531 0.0402007 0.00866106 0.0345538 4.33058e-08 0.000488906 0.0270939 0.153451 0.000230348 0.00196821 0.0267371 0.365896 0.0149811 0.141037 0.109067 0.000144013 0.00675925 0.00224108 0.00409992 0.00533756 
0.00339485 0.00390817 0.0199598 0.102312 6.71644e-06 0.0021857 0.116627 0.0162738 3.12237e-06 1.53257e-05 0.000376471 0.47543 0.00075325 0.0198909 0.23405 1.3016e-05 0.00127748 1.75261e-06 0.00266038 0.000860473 
0.0235245 0.017237 0.0150055 0.0144126 5.56952e-05 0.00156117 0.0232784 0.0410986 0.0267646 0.000722142 0.00631199 0.715832 0.0535061 0.0276583 0.0212875 0.00011652 0.00317966 0.00545255 0.00231375 0.000682112 
0.00762564 0.0361102 0.00444445 0.0253059 4.17339e-05 0.00125899 0.0111581 0.0716578 0.00118353 0.000647139 0.00375005 0.734841 0.000998956 0.0265295 0.0654189 0.000498918 0.00286089 0.000415104 0.00218631 0.00306647 
