0.0499391 0.00981543 0.0866124 0.117109 5.273e-05 0.0113665 2.64298e-05 0.000230508 0.011648 0.050341 0.0018614 0.0260382 0.29698 0.0421965 0.00370456 0.0044694 0.00438403 0.0588404 0.0180825 0.206302 
0.0277857 0.268267 0.0592018 0.0327904 1.50452e-05 0.000419654 0.00217717 0.00277562 0.00246287 0.0714551 0.00605074 0.030267 0.307536 0.0683807 0.000747176 0.000576578 0.00558255 0.0446816 0.0593387 0.00948865 
0.0275399 0.0534729 0.0731608 0.0209368 0.000101755 0.0081591 0.000955325 0.00389703 0.0211818 0.023616 0.00328512 0.0162726 0.497037 0.0642466 0.0118489 0.0326606 0.00415517 0.0452232 0.0585694 0.0336801 
0.0572897 0.0574255 0.115323 0.0379384 4.56016e-05 0.00411147 0.000304355 0.000417055 0.00478192 0.0921759 0.0076341 0.0268208 0.223759 0.0301903 0.00739468 0.000865709 0.00806241 0.105552 0.173105 0.0468034 
0.0101067 0.010256 0.0883273 0.264762 1.87774e-05 0.00504557 0.000319706 0.00374474 0.00372264 0.0110856 0.00402199 0.0242677 0.280279 0.110305 0.000519047 0.00180466 0.00341892 0.0601721 0.0735676 0.0442551 
0.0985336 0.049313 0.098332 0.0837846 7.22025e-05 0.00273845 0.000107123 0.000738068 0.0582792 0.0630792 0.00407874 0.0180957 0.184084 0.0641096 0.000465592 0.00213363 0.00446653 0.0523543 0.101205 0.11403 
0.0141993 0.0408572 0.137809 0.110125 2.14841e-05 0.00373747 8.24254e-05 0.00250313 0.00208644 0.027822 0.00208738 0.0147506 0.370439 0.0704476 0.000984368 0.00551082 0.00153125 0.0519961 0.0522598 0.0907489 
0.0199287 0.0282398 0.0489971 0.0556786 0.0011254 0.00333173 0.00502471 0.00115875 0.00828187 0.0238019 0.00670947 0.00466397 0.570543 0.0630177 0.00161488 0.00204097 0.00431717 0.0435415 0.0702916 0.0376908 
0.0479274 0.0282705 0.145917 0.0493638 0.000208953 0.0542868 0.000101365 0.000664959 0.00183441 0.0950903 0.000588438 0.019184 0.247757 0.0628576 0.00150262 0.00939844 0.000714518 0.0751389 0.0612053 0.0979873 
0.0571488 0.00832067 0.0301552 0.0157583 0.000234331 0.00187013 0.000292175 0.000963871 0.00487475 0.0451746 0.00615591 0.0914207 0.411905 0.0436852 0.00257914 0.00448841 0.0350368 0.123826 0.0833464 0.0327639 
0.0791408 0.170379 0.0647974 0.017091 3.66874e-05 0.00632813 0.000263495 0.00644098 0.00678141 0.0223399 0.00268336 0.0195844 0.291909 0.0961073 0.00496821 0.00060139 0.002567 0.0388393 0.152309 0.0168319 
0.125448 0.0433301 0.00820964 0.0431794 5.17343e-06 0.00332204 7.50536e-05 0.00053085 0.0232432 0.0297901 0.0580172 0.126271 0.202256 0.0440727 0.0246983 0.00109361 0.00293159 0.139234 0.040943 0.0833487 
0.109631 0.116442 0.117074 0.0775086 8.76498e-05 0.000361843 8.30471e-05 0.00077929 0.0105655 0.0181971 0.00104198 0.0316147 0.19975 0.0962547 5.81094e-05 0.000741731 2.55681e-05 0.0472704 0.0865071 0.0860059 
0.0578314 0.0469504 0.0675961 0.0333269 2.05266e-05 0.0124647 0.000201287 0.000687726 0.0103618 0.0997797 0.0109078 0.0117833 0.302563 0.082497 0.00272817 0.00192633 0.0781261 0.083432 0.0761912 0.0206252 
0.0357266 0.0163528 0.116346 0.0239675 0.00408488 0.00177663 0.00675118 0.000412059 0.00659202 0.00850323 0.000229575 0.00977678 0.476739 0.113823 1.89173e-05 0.00409994 0.000297656 0.0387972 0.0798804 0.0558243 
0.0645309 0.0364414 0.121699 0.111404 0.0555698 0.00578633 0.0028391 0.00370427 0.00644871 0.123666 0.00560506 0.0103043 0.166559 0.0307964 0.00297009 0.002184 0.00825816 0.067455 0.093634 0.0801445 
0.0752852 0.032256 0.106775 0.0251867 4.85274e-05 0.00281744 0.000317168 0.00470046 0.00785929 0.0608727 0.045309 0.0173149 0.177128 0.0943909 0.00852487 0.00167576 0.0272679 0.139141 0.128461 0.044668 
0.00488845 0.196653 0.0495879 0.0122325 1.43403e-06 0.00630477 0.00253061 0.000293071 0.00651279 0.186409 0.0118234 0.0164143 0.29368 0.0045431 0.00360506 0.00110891 0.0210385 0.0517658 0.113119 0.0174879 
0.257236 0.0762222 0.0359411 0.116065 0.0152226 0.000399248 0.00393351 0.00018631 0.00155448 0.0540311 0.00174354 0.00331512 0.267085 0.0268474 1.60429e-05 0.000540708 5.77154e-05 0.063937 0.0219677 0.053698 
0.106327 0.0117914 0.0112678 0.0217832 0.0459621 0.00405216 3.00242e-06 8.32328e-05 0.00583578 0.0458116 0.00487534 0.0028186 0.437401 0.0181624 0.000879043 0.000659293 0.00772855 0.089623 0.162035 0.0229009 
0.0227445 0.0827394 0.187886 0.0908677 3.38102e-06 0.00370811 0.000241577 0.0309691 0.00524928 0.0987712 0.000537304 0.017463 0.239838 0.0226213 0.00044468 0.00133353 0.000244977 0.0552163 0.0460074 0.0931137 
0.0044393 0.00616245 0.00646437 0.00705931 7.93734e-07 0.00360521 0.122045 0.000236735 0.0181074 0.194888 0.00466674 0.000930545 0.295606 0.00360528 0.00226189 8.5954e-05 0.0369003 0.0304606 0.259313 0.00316097 
0.129231 0.0185805 0.0547056 0.0553781 2.26133e-06 0.00619411 0.00184381 0.00176038 0.154676 0.110354 0.040954 0.00300818 0.167555 0.0289218 0.00276809 0.000536189 0.00233515 0.142753 0.0695818 0.00886078 
0.0443534 0.0102562 0.0422081 0.0360505 4.47695e-05 0.000378122 0.000449481 0.000351297 0.000765787 0.0345822 0.00102793 0.00313762 0.509096 0.0114075 0.000409633 0.00011866 0.00870557 0.164327 0.120597 0.0117329 
0.0943906 0.0281995 0.0443163 0.16798 2.62821e-06 0.000897823 4.55433e-06 0.00145669 0.0166336 0.0286279 0.0025488 0.0031423 0.40671 0.0309547 0.0012575 0.000768222 0.00268535 0.103034 0.0342848 0.0321045 
0.0860785 0.0405734 0.174533 0.0361771 0.000354892 0.000449315 5.43427e-05 0.00322927 0.000871779 0.0135273 0.00407381 0.018753 0.259892 0.205268 0.0002077 0.00198158 0.000263537 0.018025 0.0782352 0.0574518 
0.0292369 0.0435114 0.1149 0.0957242 0.00116889 0.00797025 9.57844e-05 0.000998855 0.00583138 0.0152662 0.00540652 0.0185153 0.205933 0.0444084 0.00312699 0.00754186 0.00213432 0.15988 0.146518 0.0918316 
0.0151965 0.013571 0.110523 0.160809 3.38026e-06 0.00352642 4.4145e-06 0.000311691 0.0224102 0.0306345 0.00135855 0.0333521 0.36936 0.0453203 0.00149089 0.00345997 0.00216832 0.0181507 0.0151753 0.153173 
0.0325627 0.157765 0.0375617 0.0445119 1.58939e-05 0.0114046 0.0509072 0.00133948 0.0226241 0.0115292 0.0311892 0.01738 0.372354 0.0376377 0.00377209 0.00400916 0.00481266 0.0698245 0.0404086 0.0483903 
0.159275 0.0105827 0.0422631 0.0512398 0.000247273 0.00143447 0.00209359 0.00461223 0.0335418 0.0373359 0.000526254 0.00597756 0.430055 0.0149127 0.000248698 0.100476 0.000470399 0.0251301 0.0571942 0.0223838 
0.0292552 0.00370548 0.0112501 0.00731437 3.62298e-06 0.0114022 6.79174e-05 0.000356545 0.0424915 0.0631129 0.00690729 0.00387608 0.542567 0.0424968 0.00142246 0.00916333 0.00495691 0.0670058 0.151858 0.000786365 
0.0788641 0.0290958 0.0623431 0.115137 0.000172799 0.00900529 0.000107408 0.0127472 0.0143607 0.0571423 0.00771556 0.0619089 0.176658 0.0558247 0.0151293 0.00372262 0.00439739 0.107856 0.0593644 0.128448 
0.0174089 0.021074 0.0853991 0.0292572 2.77873e-05 0.0095456 9.64191e-05 0.000588763 0.199743 0.106473 0.0128736 0.0061685 0.245404 0.0773266 0.00281537 0.017003 0.0188207 0.084141 0.0341181 0.0317157 
0.0429936 0.0422648 0.0934816 0.115341 0.000746571 0.00351431 6.09648e-05 0.00103804 0.00405886 0.00828473 0.00142035 0.009042 0.28894 0.0296611 0.00472007 0.00123981 0.00232964 0.195148 0.107372 0.0483432 
0.0362317 0.127117 0.144233 0.0683378 0.000360652 0.00470575 0.000202822 0.00087451 0.00602568 0.0222733 0.00425057 0.021199 0.244424 0.0628353 0.0169861 0.0053428 0.0118768 0.0757478 0.0772959 0.0696792 
0.055569 0.0174601 0.0602242 0.0325413 2.22778e-05 0.00162611 0.0001296 0.00299978 0.011465 0.083073 0.00617936 0.150166 0.205127 0.0427519 0.00253158 0.0715944 0.00320808 0.140962 0.0469362 0.0654326 
0.239216 0.00466662 0.02934 0.0322439 3.67496e-06 0.0174791 8.49962e-05 0.000112416 0.0223057 0.0410106 0.00166362 0.0010276 0.323909 0.117054 0.0106853 0.0111236 0.00132963 0.105926 0.0378307 0.00298824 
0.0362967 0.263395 0.0592772 0.0401344 6.78178e-05 0.0071219 0.00121926 0.00109331 0.0236598 0.0345451 0.00554377 0.0151894 0.3214 0.0365921 0.00547022 0.0161785 0.00692397 0.0410047 0.0503563 0.0345306 
0.0715246 0.0228694 0.111337 0.0746675 3.47659e-05 0.00244294 0.0028369 0.00351113 0.00537496 0.145581 0.00531754 0.00617388 0.197811 0.0404484 0.00403354 0.00853006 0.0196574 0.188296 0.0708805 0.0186721 
0.105479 0.0281907 0.0724746 0.101456 4.4e-05 0.00449248 0.000145784 6.13522e-05 0.0102942 0.147548 0.00463606 0.00535872 0.231853 0.0328484 0.00292566 8.42052e-05 0.018081 0.108205 0.0947929 0.0310294 
0.138093 0.0189259 0.0510314 0.0514323 0.000447002 0.000876369 0.000221519 0.00139103 0.00602381 0.00674872 0.000685732 0.0142901 0.384446 0.0720186 0.00158364 0.00238337 0.000140497 0.105747 0.11323 0.030284 
0.015975 0.021108 0.0506829 0.0186105 2.90009e-05 0.000806638 0.00545776 0.000167774 0.00325428 0.117001 0.00461435 0.000680775 0.555024 0.00475239 0.000324397 0.000269277 0.0114452 0.0845142 0.0813448 0.0239372 
0.0479274 0.0282705 0.145917 0.0493638 0.000208953 0.0542868 0.000101365 0.000664959 0.00183441 0.0950903 0.000588438 0.019184 0.247757 0.0628576 0.00150262 0.00939844 0.000714518 0.0751389 0.0612053 0.0979873 
0.0463024 0.0454881 0.045405 0.0343474 8.37607e-06 0.0041445 9.71978e-05 0.000489379 0.0684667 0.0138227 0.00187503 0.00156031 0.462174 0.0237407 0.00414812 0.00144021 2.03072e-05 0.103443 0.104107 0.0389193 
0.0481438 0.00806498 0.112312 0.0204277 7.49091e-05 0.000215558 0.000119916 0.00103337 0.00968781 0.0100102 0.0001373 0.027003 0.537716 0.0282629 0.000869176 0.00624589 0.0127288 0.0311399 0.120669 0.0251382 
0.0458672 0.0187583 0.1579 0.0499737 6.84232e-05 0.00233869 0.0132303 0.00039465 0.00430025 0.0044529 0.0019365 0.00250756 0.335472 0.0468825 8.59688e-05 0.0020612 9.06444e-06 0.0882168 0.151365 0.0741794 
0.049168 0.0218287 0.12316 0.0426424 8.52549e-05 0.00835831 0.000923196 0.00249529 0.00369604 0.0253993 0.00186488 0.0109899 0.271121 0.0969098 0.00295483 0.00575305 0.00324949 0.172901 0.0764023 0.0800969 
0.135605 0.113186 0.0442643 0.0551203 6.02803e-05 0.00961329 0.00690195 0.00300365 0.00828776 0.0443771 0.00860132 0.0299191 0.226061 0.126919 0.00150354 0.00289646 0.0168238 0.0534616 0.0935832 0.0198106 
0.029493 0.0552252 0.0653339 0.134361 3.47536e-05 0.118282 4.47552e-05 0.033098 0.0111939 0.129959 0.00743401 0.0151812 0.167904 0.0325963 0.00448583 0.00195398 0.0128514 0.141041 0.017703 0.0218233 
0.0337361 0.0971562 0.132887 0.0784274 0.000791998 0.0097001 0.00870068 0.00516438 0.0063767 0.0655953 0.00923136 0.00929634 0.167299 0.0928083 0.00253137 0.00262243 0.00805441 0.167083 0.0702714 0.0322664 
0.108983 0.0308002 0.0696874 0.0790339 0.000542123 0.00773635 0.000369578 0.00179838 0.00689072 0.0571321 0.0237131 0.0144212 0.187254 0.0566917 0.0546529 0.00365976 0.0106404 0.109982 0.0705061 0.105505 
0.0239341 0.0740374 0.0697262 0.0752437 0.000206863 0.00411445 0.00146678 0.00647302 0.0076299 0.0569485 0.00492643 0.0166768 0.427167 0.0333636 0.00371741 0.00525162 0.00456243 0.0851943 0.0542967 0.0450624 
0.0653997 0.0113054 0.0985371 0.0480078 0.00627253 0.0396349 0.000510168 0.0018746 0.0154816 0.0374762 0.0122585 0.0217105 0.400282 0.060364 0.00419426 0.00122459 0.00569362 0.0689509 0.0913524 0.00946967 
0.0342808 0.0331697 0.0726169 0.181382 0.00948265 0.00626542 0.00435556 0.00527805 0.00634727 0.060562 0.00350012 0.0427758 0.245441 0.0308571 0.00203079 0.00471076 0.0229741 0.0647097 0.0672265 0.102033 
0.0334325 0.0380689 0.160854 0.0734775 0.000118293 0.00871116 6.87061e-05 0.000977417 0.00590375 0.0638525 0.00267835 0.0520964 0.184266 0.0397918 0.00187905 0.0105896 0.0161424 0.104687 0.136713 0.0656913 
0.0654669 0.0434049 0.0507263 0.0939433 0.000162606 0.0109705 0.00387852 0.000672935 0.00743043 0.0448752 0.0198553 0.0354468 0.267293 0.0321086 0.00107445 0.00179247 0.00768299 0.197266 0.0386175 0.0773317 
0.00452094 0.0370011 0.0536223 0.00612177 0.000117114 0.00148341 0.000228385 0.000156498 0.000312724 4.93312e-07 0.0014506 0.000215194 0.69168 0.0255737 0.000601764 0.000261161 5.70545e-05 0.020205 0.125902 0.0304891 
0.105578 0.031892 0.0852058 0.0924667 3.55735e-05 0.00587395 0.000322555 0.000861783 0.00902954 0.0889793 0.00987171 0.00853228 0.163239 0.0559614 0.00194306 0.0108742 0.0271032 0.150666 0.0888249 0.0627388 
0.0207 0.118051 0.0952193 0.0766994 0.000143464 0.0161633 0.00289748 0.00144719 0.0103664 0.0616976 0.00900316 0.0224435 0.279203 0.0472356 0.00285457 0.00200753 0.00735446 0.0713552 0.0867646 0.0683937 
0.162211 0.0306548 0.0508165 0.0297847 7.29054e-06 0.00341958 0.000107209 0.00104119 0.0161107 0.0423949 0.00577293 0.0251546 0.384168 0.0479207 0.00229349 0.00210773 0.019771 0.110465 0.0527759 0.0130229 
0.0303511 0.0149137 0.0542334 0.124605 0.000274683 0.00491029 0.00326471 0.000599213 0.0098872 0.0669295 0.00929178 0.00833086 0.201509 0.0241056 0.0076701 0.00454532 0.0641515 0.154048 0.184482 0.0318971 
0.00958539 0.000948435 0.124175 0.0747645 6.41743e-08 0.000652896 0.00169778 0.00102119 0.000532663 0.00172897 0.000890848 0.0215965 0.37819 0.199047 2.42148e-06 0.00781732 8.03175e-07 0.0400125 0.0122286 0.125106 
0.166954 0.168229 0.0611834 0.0481273 2.41693e-05 0.000885588 6.27429e-05 0.00183144 0.00268931 0.0218997 0.000397063 0.0272203 0.251714 0.0775602 0.00408913 0.0187554 0.00233667 0.0695936 0.0532772 0.0231696 
0.0219375 0.0958002 0.0298306 0.202985 2.42722e-05 0.00692886 3.98111e-05 0.000190361 0.00946191 0.0349762 0.00667853 0.00668394 0.391542 0.0448006 0.00460249 0.00191226 0.0106166 0.0792373 0.0299186 0.0218326 
0.0504551 0.028059 0.120472 0.117282 0.000525896 0.00529372 0.000150823 0.000582978 0.00239461 0.0635463 0.00191057 0.0428043 0.178858 0.0612656 0.00275209 0.0422716 0.012172 0.0786773 0.0342697 0.156256 
0.0723778 0.0164563 0.104036 0.0309248 0.00043125 0.0120662 0.0135887 0.0332591 0.00425084 0.0470965 0.00543588 0.0569341 0.270997 0.18647 0.00111248 0.0259187 0.00697498 0.0467729 0.0377083 0.0271873 
0.0729406 0.103198 0.0777373 0.126805 0.000433362 0.00790949 0.000331879 0.00246903 0.00819699 0.0519062 0.005651 0.00535802 0.250647 0.0215639 0.00845753 0.000530783 0.00820059 0.186467 0.0379977 0.0231982 
0.142808 0.0281485 0.0453702 0.0536505 0.000333231 0.00392925 0.00172089 0.000420927 0.00265634 0.0211004 0.00170166 0.00581426 0.423868 0.0352522 0.000259526 0.00549047 0.00128101 0.107099 0.0812294 0.0378659 
0.154725 0.0079927 0.0573197 0.0403616 5.05388e-05 0.00152275 4.52662e-06 0.000749691 0.00114191 0.0738653 0.00640053 0.0245895 0.263939 0.0764459 0.00771597 0.00181562 0.00909352 0.21674 0.0495841 0.00594223 
0.0122538 0.236172 0.0642903 0.0304448 2.5829e-05 0.00738188 0.000747839 7.92343e-05 0.00650213 0.0345241 0.0122717 0.00241039 0.277446 0.0228447 0.0226868 0.000443194 0.00818005 0.0284788 0.215021 0.0177956 
0.0487234 0.0383344 0.139788 0.0247681 0.000596981 0.00207842 0.000355957 0.0067845 0.00164568 0.0387255 0.00170161 0.00977141 0.330973 0.068931 0.000755722 0.00140348 0.00210636 0.0733419 0.199823 0.00939129 
0.0181359 0.0455814 0.0472563 0.0701326 0.000152581 0.00314068 0.000328664 0.00206246 0.00958315 0.0386547 0.00339681 0.00451935 0.560419 0.0457424 0.00214793 0.00350249 0.00353674 0.06603 0.0328768 0.0427997 
0.027069 0.022458 0.0268756 0.055368 8.75156e-05 0.00436283 5.12018e-05 0.00201187 0.0533747 0.029273 0.0044137 0.00105718 0.313011 0.0494874 0.00605269 8.17891e-05 0.151221 0.0732775 0.17949 0.000976231 
0.0421354 0.141304 0.173828 0.0907125 0.000634977 0.00374246 0.000102417 0.00399304 0.00193804 0.040269 0.00547942 0.0113991 0.243004 0.0316041 0.011584 0.00950312 0.00571441 0.104743 0.0332315 0.0450764 
0.0611008 0.0082494 0.100742 0.050275 0.0904822 0.00793217 0.00461881 0.000566051 0.000709501 0.0427451 0.00629246 0.0214829 0.207259 0.0344526 0.00320545 0.00430369 0.0156007 0.0725146 0.0634311 0.204037 
0.0687096 0.00289321 0.0328501 0.0353403 0.000105435 0.00578303 0.00299755 0.000284842 0.0120248 0.0535375 0.00596144 0.00350315 0.304724 0.0391378 0.00536132 0.00832963 0.0427387 0.0612396 0.301049 0.0134292 
0.0444782 0.076654 0.0668528 0.0537241 0.000143943 0.0111385 0.00023813 0.00309626 0.0113242 0.0962056 0.0109454 0.0178187 0.202709 0.0475409 0.00656742 0.00210413 0.0223533 0.14445 0.131609 0.0500461 
0.0422519 0.0750162 0.0694318 0.110575 3.61246e-05 0.0227548 0.000112031 0.00101931 0.0109093 0.0740832 0.00493458 0.0195 0.269366 0.0312726 0.0043754 0.00494416 0.0135176 0.0589986 0.0231126 0.163789 
0.0242296 0.0229857 0.0511296 0.0455574 0.000667621 0.00243774 0.00193441 0.000601562 0.00424486 0.206619 0.0046258 0.00221577 0.26903 0.0139797 0.00108122 0.000281391 0.00441484 0.231065 0.0962107 0.0166883 
0.0180093 0.013783 0.043302 0.204432 0.000146495 0.0307179 0.000378983 0.00117334 0.00766073 0.0335165 0.0290475 0.0155429 0.213763 0.0728263 0.00318804 0.00128182 0.00701864 0.126083 0.105758 0.072372 
0.0429936 0.0422648 0.0934816 0.115341 0.000746571 0.00351431 6.09648e-05 0.00103804 0.00405886 0.00828473 0.00142035 0.009042 0.28894 0.0296611 0.00472007 0.00123981 0.00232964 0.195148 0.107372 0.0483432 
0.00775806 0.00578372 0.0186461 0.0574608 2.12846e-05 0.00359166 1.44195e-06 0.000526549 0.0638533 0.339901 0.00362903 0.0230998 0.364593 0.0406184 0.00532731 0.000247896 0.0119109 0.0210561 0.0299432 0.00202967 
0.0696034 0.0338692 0.0203477 0.0302814 4.26684e-05 0.00264602 0.00149157 0.000697303 0.212048 0.103436 0.0094014 0.0065127 0.325476 0.0184602 0.00194486 0.00114387 0.0170187 0.0416241 0.0900194 0.0139347 
0.154725 0.0079927 0.0573197 0.0403616 5.05388e-05 0.00152275 4.52662e-06 0.000749691 0.00114191 0.0738653 0.00640053 0.0245895 0.263939 0.0764459 0.00771597 0.00181562 0.00909352 0.21674 0.0495841 0.00594223 
0.0479334 0.0222343 0.0661055 0.0628096 0.00141127 0.00217176 0.00228629 0.000734787 0.00383298 0.189983 0.00416183 0.00560223 0.236233 0.0352077 0.00177603 0.00105378 0.00742254 0.176501 0.106403 0.0261362 
0.16266 0.0094663 0.0169755 0.0430679 0.00138981 0.000169333 0.000163898 0.000119196 0.00165711 0.0275243 0.0747346 0.0133361 0.19879 0.0217924 0.0192497 0.00907431 0.13288 0.188459 0.0520674 0.0264227 
0.0700879 0.0219342 0.0841349 0.0690235 4.24661e-05 0.0102622 2.2938e-05 0.000182323 0.00728196 0.0508407 0.0128024 0.1085 0.272542 0.0343876 0.00571951 0.00107873 0.0186291 0.127792 0.0527748 0.0519612 
0.0272888 0.0453101 0.113416 0.0674079 4.47395e-05 0.0291506 0.00020359 0.00100331 0.0141396 0.0300728 0.00429697 0.0298439 0.337438 0.0482468 0.0018991 0.00297579 0.00462732 0.0628468 0.066447 0.113342 
0.146326 0.012441 0.0392603 0.039197 0.026685 0.00116128 0.001721 0.000271103 0.00103927 0.00846564 0.0489273 0.0285597 0.242013 0.0192927 0.137417 0.00422541 0.00134353 0.147303 0.0823444 0.0120061 
0.0540425 0.0244494 0.0616299 0.0176599 0.000319116 0.00144989 0.00597877 0.00188421 0.00518859 0.00548527 0.00127323 0.0121666 0.609144 0.0772909 0.000690772 0.00839776 0.00185995 0.032455 0.0316804 0.0469538 
0.0432357 0.0944555 0.0959783 0.0553588 0.00011316 0.00317471 0.000357722 0.00120142 0.0056695 0.0854378 0.00875261 0.0263037 0.229292 0.0376832 0.00122638 0.00169946 0.00455252 0.0640794 0.178639 0.0627895 
0.0553767 0.0156901 0.0557288 0.0302978 8.01149e-07 0.00138492 7.26203e-05 0.00260938 0.0111587 0.0842188 0.00551297 0.142862 0.230113 0.0393784 0.0015283 0.0781603 0.00147013 0.136821 0.043491 0.0641247 
0.0277581 0.078181 0.143406 0.107877 0.00152787 0.00428561 0.00564558 0.00181846 0.00467581 0.0978325 0.006221 0.0106639 0.228336 0.0363564 0.0015675 0.0014908 0.0117914 0.0904569 0.063479 0.0766287 
0.0513236 0.0240417 0.136292 0.0146553 6.26438e-05 0.00514341 1.30566e-05 0.00194892 0.0039082 0.0123379 0.000665527 0.0065698 0.232495 0.198656 0.000895284 0.00531826 0.00252029 0.171052 0.0963286 0.0357732 
0.121007 0.0231139 0.0929633 0.0477747 0.000117533 0.00360705 0.00182093 0.00118317 0.0158602 0.0207107 0.00244657 0.0233034 0.208528 0.0673023 0.00528886 0.0117422 0.00991642 0.0953304 0.145289 0.102694 
0.00652185 0.0378876 0.0601543 0.00455192 1.80445e-06 0.00158925 0.0012493 0.000437925 0.00368635 0.0528851 0.0132917 0.000412315 0.56877 0.00233914 0.000830185 0.000148336 0.0290465 0.0850482 0.121362 0.00978576 
0.0176306 0.00218503 0.0277558 0.020804 7.33776e-05 0.0180425 0.000253418 0.000229887 0.00207049 0.00504941 0.000146453 0.00230048 0.721663 0.0806649 6.74519e-05 0.000632587 9.29974e-05 0.0357589 0.0389895 0.0255898 
0.0825979 0.134328 0.0661631 0.135607 0.000278151 0.00707143 0.000211684 0.00515467 0.0053927 0.0259699 0.0023669 0.0150379 0.206339 0.0634901 0.00525501 0.00345255 0.00610196 0.0723697 0.117347 0.045465 
0.014927 0.111918 0.0544445 0.180463 0.00154348 0.0432684 7.16503e-05 0.000183102 0.00214214 0.022794 0.000574083 0.0156198 0.262292 0.0450714 8.03841e-05 0.00266378 9.65103e-05 0.0132194 0.017967 0.21066 
0.0655934 0.0243749 0.0470945 0.069957 3.27733e-05 0.0109573 0.000299156 0.002874 0.010824 0.0456099 0.00336478 0.0166939 0.45208 0.0539871 0.00175883 0.00111662 0.00141848 0.122052 0.037448 0.0324631 
0.0211123 0.0181484 0.0621004 0.00862311 2.52759e-05 0.00360235 0.000691697 0.00852215 5.78599e-05 0.000153384 7.47373e-06 0.00255459 0.6194 0.11252 8.32104e-05 0.00201546 0.000121301 0.0133786 0.0515441 0.0753383 
0.0318806 0.128047 0.106147 0.0651138 0.000148759 0.00537818 0.00201943 0.00175999 0.00495818 0.0886963 0.00692319 0.0127953 0.255442 0.0424138 0.0298805 0.029367 0.00441586 0.0893086 0.0494975 0.0458069 
0.0428064 0.0167277 0.0484246 0.0551456 0.00028125 0.00922433 0.000365522 0.000281803 0.00851129 0.0271304 0.0053975 0.00982507 0.413971 0.100498 0.00403035 0.00482639 0.00234091 0.0845793 0.135473 0.03016 
0.0489618 0.0151014 0.0781163 0.0424347 0.0502781 0.000595126 0.000362783 1.60115e-05 0.00210788 0.0357978 0.0158757 0.000611961 0.350649 0.0368046 4.57646e-05 0.00114756 7.49837e-06 0.225599 0.0717108 0.0237755 
0.0851781 0.112125 0.0317805 0.239327 0.0231179 0.0105558 0.00458978 0.000264955 0.00287105 0.0361342 0.00848132 0.00599265 0.266126 0.0283125 0.00161824 0.00261905 0.00138554 0.0630164 0.0246855 0.0518186 
0.016062 0.00406682 0.0106206 0.0049416 9.17221e-06 0.000689922 0.000598702 0.000669678 0.00230717 0.00537585 0.00255955 0.00247631 0.907027 0.00889655 0.000324424 6.8668e-05 0.00196799 0.018597 0.0106076 0.00213344 
0.0354423 0.00670868 0.0858731 0.104315 2.03958e-06 0.0053002 0.000228199 0.001692 0.0205116 0.0400213 0.00490317 0.0125058 0.240557 0.0885592 0.00265119 0.00198548 0.00695351 0.0588469 0.0508353 0.232109 
0.0359534 0.0428912 0.186939 0.0421039 0.000384224 0.0015102 0.000358101 0.00267553 0.00905557 0.0313333 0.000429465 0.0180234 0.341828 0.0573092 0.000835354 0.00376397 0.00297522 0.0474681 0.0894844 0.0846782 
0.0167441 0.0157564 0.0333091 0.0227356 0.000254603 0.0021878 0.000538714 0.000125353 0.0155581 0.0402096 0.00152573 0.00710733 0.594795 0.0200602 0.000949085 0.000596044 0.0687825 0.0329759 0.0777843 0.0480045 
0.162702 0.0115849 0.0777249 0.0416193 0.000535965 0.00296975 0.000423177 0.00237904 0.00263689 0.0128781 0.00901931 0.0255437 0.288706 0.0444327 0.000758661 0.000706478 0.000258442 0.236537 0.0732088 0.00537418 
0.070489 0.0377885 0.00972625 0.091126 0.0230099 0.0647142 0.0287247 0.00064146 0.00120572 0.0114903 0.015574 0.0143669 0.485083 0.0229776 0.000681169 0.00113033 0.00846268 0.0529123 0.0342555 0.0256403 
0.0373132 0.0231867 0.0515233 0.130655 0.000690351 0.0158342 0.000758679 0.00169494 0.0156636 0.0335122 0.0128653 0.0116041 0.285373 0.0693435 0.00307036 0.00366895 0.00559781 0.115321 0.140838 0.0414869 
0.0878156 0.0122727 0.0892285 0.0334665 4.68061e-05 0.0023199 0.000260981 0.000667396 0.0104929 0.0195051 0.000549732 0.00594155 0.248286 0.117685 0.000220979 0.00467557 0.000188177 0.084569 0.224382 0.0574247 
0.109719 0.00743183 0.114735 0.0880165 0.000115899 0.095088 0.000126297 0.00038624 0.023256 0.0639877 0.00767355 0.0190767 0.191613 0.0391669 0.00440736 0.00548392 0.00672897 0.167586 0.0461046 0.00929758 
0.0481879 0.186879 0.0599406 0.0871036 0.000974569 0.00237937 0.000497339 0.00102483 0.00406424 0.0151052 0.00474543 0.0167866 0.319302 0.0642344 0.00180477 0.00466534 0.0031565 0.0366387 0.105659 0.0368502 
0.206111 0.0206803 0.0587708 0.169757 0.000325365 0.0014865 0.000244313 0.00228166 0.0116551 0.014284 0.000119853 0.00662805 0.286596 0.113936 9.87223e-05 0.0055916 0.00326524 0.0439698 0.0368397 0.0173586 
0.0956386 0.0914424 0.229552 0.127209 0.000348519 0.00706816 6.10505e-05 0.000356135 0.0017893 0.0210289 0.0415291 0.00304401 0.25272 0.010704 0.000459988 0.000404756 0.000394341 0.0371752 0.0218355 0.0572387 
0.19614 0.0276841 0.00745565 0.027333 0.00160878 0.00921279 9.60393e-05 0.00145227 0.00233195 0.0574362 0.0389024 0.0398338 0.252083 0.179287 0.000772482 0.00842381 0.000522374 0.0852379 0.032727 0.0314593 
0.0236923 0.06968 0.0666639 0.0760629 3.73759e-05 0.00470354 0.00210197 0.00363634 0.00576658 0.0978579 0.00565749 0.00565591 0.296212 0.0160974 0.00119661 0.00046577 0.0231838 0.0923311 0.125476 0.0835204 
0.0173352 0.0153508 0.0736732 0.0183597 8.76391e-05 0.00510675 0.000391855 0.000722605 0.00153707 0.00692736 0.000173302 0.00181408 0.550108 0.0837917 2.56795e-05 0.00283336 0.000470615 0.112755 0.08811 0.0204262 
0.0576733 0.0152715 0.036383 0.0152556 0.000279758 0.000618055 0.135473 0.000134666 0.00342325 0.00454621 0.000191029 0.0224019 0.289701 0.0557734 0.00134299 0.000671191 0.00462721 0.0255535 0.259566 0.0711138 
0.0627771 0.0189423 0.0209969 0.0474417 6.25173e-05 0.0158062 0.000612829 0.000148805 0.0063567 0.0275851 0.00995145 0.00649933 0.388181 0.00493418 0.00259819 0.00055614 0.000679226 0.296274 0.0740579 0.0155384 
0.270813 0.0046624 0.156262 0.0104001 6.36742e-05 0.00142071 0.00113998 0.00912514 2.5351e-05 0.0152085 0.0109861 0.0187279 0.386482 0.0484143 0.000176482 0.00205218 0.000233223 0.0380458 0.0188885 0.00687181 
0.0598792 0.0103062 0.117879 0.0482886 5.60351e-05 0.00417966 0.000148955 0.00135383 0.0103541 0.04478 0.00759007 0.00652726 0.280431 0.115336 0.01014 0.00182156 0.0151348 0.0656132 0.148494 0.051687 
0.168554 0.0317247 0.0963656 0.0774066 4.6442e-05 0.00209009 0.00330179 0.000203407 0.00486527 0.0451507 0.00279139 0.00342226 0.246734 0.0753042 0.00115413 0.0180116 0.00133144 0.0849917 0.0982626 0.0382886 
0.0526005 0.064749 0.110614 0.0309426 7.31864e-05 0.0140565 0.000355654 0.000354511 0.0111046 0.0413089 0.02329 0.00552197 0.18467 0.0575354 0.0081024 0.000581157 0.0283653 0.177158 0.13986 0.0487563 
0.0533908 0.0723914 0.107443 0.0876271 6.59016e-05 0.00639007 0.000265778 0.0020613 0.0102687 0.0447546 0.00365046 0.0257064 0.190678 0.071787 0.0100525 0.00183887 0.00488892 0.151277 0.131976 0.0234859 
0.00955999 0.0732895 0.024914 0.0227297 5.2432e-05 0.00225445 9.99623e-05 0.00012702 0.00323474 0.075832 0.0009703 0.00286314 0.667654 0.00527435 0.00173182 0.000100194 0.00355273 0.0454861 0.0556936 0.00458049 
0.0118215 0.0136127 0.035591 0.0443244 2.27918e-05 0.00697685 0.000131971 0.00136039 0.0319788 0.139969 0.00634198 0.0394095 0.381945 0.0338458 0.00264053 0.00381419 0.0289232 0.0350773 0.135862 0.046351 
0.0855873 0.0153121 0.0218627 0.0425877 0.000158241 0.00204206 0.00389651 0.0093689 0.00126529 0.032618 0.00127194 0.0273067 0.268456 0.16844 0.165275 0.00933915 0.000434733 0.0265037 0.0793865 0.0388869 
0.0645107 0.0288056 0.162591 0.0585868 0.0131708 0.00592874 0.00232542 0.0203874 0.00143513 0.0783004 0.00188438 0.0115043 0.27228 0.0692907 0.00012975 0.00520389 0.00322633 0.0859242 0.04502 0.0694946 
0.0359534 0.0428912 0.186939 0.0421039 0.000384224 0.0015102 0.000358101 0.00267553 0.00905557 0.0313333 0.000429465 0.0180234 0.341828 0.0573092 0.000835354 0.00376397 0.00297522 0.0474681 0.0894844 0.0846782 
0.0370588 0.0348528 0.13009 0.05665 0.00254386 0.00187255 0.00040221 0.00182058 0.00226809 0.0203515 0.00371139 0.0146303 0.301519 0.0460568 0.00187324 0.00697166 0.000632552 0.0527241 0.08482 0.199151 
0.0166727 0.0597443 0.0402264 0.0274209 2.06481e-06 0.00508935 0.00608174 0.00106302 0.0110476 0.0893689 0.062518 0.00484764 0.471194 0.0153771 0.00214282 0.000761933 0.0104394 0.0737686 0.0737782 0.0284553 
0.0450779 0.0245829 0.128104 0.0998653 2.99398e-05 0.00329788 0.0194362 0.000977519 0.00509841 0.0137674 0.00151156 0.0311074 0.316003 0.165103 0.00160736 0.0119762 0.000519215 0.0359657 0.0462028 0.0497662 
0.00142125 0.00894467 0.0683167 0.00664819 0.0001842 0.00399756 0.00189396 0.000111613 0.000647803 0.0206236 0.00430056 0.000107291 0.268534 0.00339266 0.000140843 0.00012645 0.0467361 0.227551 0.238099 0.0982225 
0.108137 0.0453621 0.0909301 0.0322311 9.80475e-05 0.00173339 2.85187e-05 0.000677638 0.00645531 0.141649 0.00356711 0.0528633 0.346565 0.0424123 0.0018805 0.022942 0.0313496 0.0314378 0.0355029 0.004177 
0.114527 0.00180737 0.0334829 0.0300782 0.000102237 0.0953313 0.000114207 0.00133953 0.00732332 0.185421 0.0509924 0.0035362 0.22308 0.0502049 0.00178373 0.00124768 0.0120119 0.109301 0.0708941 0.00742018 
0.0871288 0.0358583 0.0787078 0.0634427 1.68075e-05 0.000541436 0.00172735 0.000659405 0.00172778 0.00977165 0.00692806 0.0196162 0.356095 0.0853366 0.000483149 0.000770255 0.000515214 0.0717038 0.0882412 0.0907282 
0.0628961 0.0151676 0.0294943 0.0165904 6.16462e-06 7.24756e-05 0.00623718 0.00336495 0.00434495 0.00492456 0.00029179 0.028085 0.652416 0.0974841 0.000129795 0.00554093 0.00278019 0.0244309 0.0129836 0.0327585 
0.0314029 0.0495218 0.0959197 0.0643066 0.000494901 0.00540705 2.64805e-05 0.0152815 0.00553122 0.0891128 0.0107628 0.00202322 0.355285 0.020715 0.0626588 0.000351348 0.031737 0.0624698 0.0774601 0.0195323 
0.0267943 0.104546 0.0176544 0.0568788 0.000349257 0.00225527 0.0143211 9.75213e-05 0.000747318 0.0170719 0.00102535 0.00446525 0.636245 0.0366527 0.000211659 0.00215226 1.55542e-05 0.0205762 0.0348669 0.0230735 
0.031442 0.0302188 0.036827 0.0581909 8.75833e-05 0.00559066 0.000441996 0.00109285 0.0112595 0.0336357 0.00645464 0.0100447 0.531198 0.0341005 0.00269441 0.00206217 0.00636864 0.0641379 0.100535 0.0336165 
0.0217864 0.087492 0.0957213 0.0471198 9.0517e-05 0.00788845 0.00042061 0.00202525 0.00353257 0.0721823 0.00509841 0.0179231 0.349443 0.0657926 0.00470516 0.00261516 0.0038971 0.0451017 0.122173 0.0449911 
0.020229 0.0809369 0.104409 0.0580599 8.73165e-05 0.00653435 0.000304611 0.00112873 0.00527955 0.0627423 0.0120952 0.0146989 0.219081 0.0771281 0.00300328 0.00168167 0.0276576 0.108209 0.153013 0.0437213 
0.0190403 0.129633 0.053919 0.0587187 4.86748e-05 0.00495981 0.000374809 0.000431466 0.00465931 0.102172 0.00357831 0.0170291 0.39947 0.029783 0.00185892 0.00289788 0.0149375 0.0523503 0.0856254 0.0185121 
0.0385868 0.0270843 0.0624205 0.0245585 4.43084e-05 0.00397671 0.000137761 0.000200007 0.0189675 0.204483 0.00888308 0.0256915 0.232809 0.0166419 0.00577515 0.000374666 0.0362974 0.211816 0.0363942 0.0448573 
0.0277709 0.0630793 0.100465 0.0614659 0.00209728 0.00544632 0.000945757 0.000470319 0.00673777 0.0277992 0.00261373 0.00416367 0.36033 0.0188646 0.00150706 0.00105508 0.00291189 0.0421644 0.219345 0.0507664 
0.0311329 0.00598444 0.116175 0.0511938 9.8517e-06 0.0049611 0.00139995 0.000574507 0.00898473 0.0395749 0.00432697 0.0187328 0.206505 0.147252 0.0109216 0.000599117 0.0165375 0.0688123 0.158802 0.107519 
0.127804 0.00427287 0.155929 0.0271014 0.000928263 0.0127646 0.000403456 0.0027013 0.00660473 0.00889376 0.0120035 0.00503256 0.423409 0.0769044 0.00232921 0.00135023 0.00146534 0.0500842 0.0611926 0.0188254 
0.0324388 0.0162697 0.0488417 0.0280558 3.02456e-05 0.00969987 0.000349482 0.00064538 0.020764 0.0571563 0.00188304 0.00745893 0.571717 0.0480451 0.00191991 0.00269926 0.00283477 0.0520828 0.062618 0.0344902 
0.040248 0.0314686 0.114297 0.0482128 0.000695729 0.00907671 0.00044633 0.00122685 0.00177977 0.0411048 0.00458627 0.0120359 0.211076 0.102403 0.00144103 0.00311108 0.0049643 0.180361 0.168388 0.0230774 
0.0660319 0.0161422 0.0305636 0.102547 0.000240922 0.00878006 0.00024306 0.000514555 0.0216377 0.076309 0.0114004 0.00812849 0.143031 0.0439306 0.00478928 0.112787 0.0758222 0.110897 0.136001 0.0302021 
0.3287 6.09868e-06 3.1225e-06 0.00860467 1.68613e-05 7.45882e-08 4.65371e-06 8.94797e-09 0.0368399 0.0238703 0.000309067 0.00178842 0.467966 0.0576027 0.00110225 8.68536e-07 1.74818e-05 0.0251612 0.0445373 0.00346913 
0.0890931 0.014383 0.126592 0.0775461 0.00218425 0.00314248 0.00111019 0.000274974 0.0358434 0.0547222 0.00247464 0.00726547 0.198447 0.0588313 0.00105379 0.00353564 0.003657 0.103733 0.175393 0.0407164 
0.0495808 0.0741078 0.0797656 0.149777 0.00209815 0.00405491 0.000135056 0.0938142 0.0050335 0.0445395 0.00302575 0.0112263 0.195756 0.0331262 0.00736872 0.00373201 0.0072048 0.134128 0.0274742 0.0740512 
0.132538 0.0114646 0.0866442 0.0185616 5.87916e-05 0.00172854 8.51532e-05 0.000599201 0.00126227 0.0577659 0.012148 0.0210155 0.277738 0.127468 0.00264633 0.00622065 0.00311579 0.0588679 0.0827172 0.097354 
0.0233588 0.0134191 0.0279853 0.0179351 3.74518e-05 0.0118375 0.000158632 0.000253152 0.00684847 0.0250101 0.00130392 0.0105746 0.714027 0.0571777 0.000557182 0.000593068 0.00112446 0.0250589 0.0388317 0.0239077 
0.0204269 0.0140086 0.0292194 0.0166498 2.79329e-06 0.00166139 0.00223393 0.00106206 0.0154668 0.255215 0.0206247 0.0191676 0.358812 0.0129666 0.00541146 0.000262412 0.0305062 0.0460895 0.1239 0.0263131 
0.0407358 0.043555 0.0347263 0.0367481 6.89652e-05 0.016956 0.000280318 0.000860643 0.00470017 0.0495774 0.00761096 0.00681507 0.357179 0.0491258 0.00205136 0.00251258 0.0470425 0.181214 0.0742228 0.0440171 
0.141928 0.0304257 0.129611 0.120031 0.00220799 0.00164845 0.00150467 0.0047506 0.00273162 0.0273178 0.00406252 0.0262856 0.177697 0.05366 0.00141954 0.00429711 0.000264404 0.07745 0.162726 0.0299809 
0.0782203 0.007527 0.0916581 0.0240826 1.87461e-05 0.00133127 0.0124607 0.00822735 0.00225706 0.0100799 0.000100263 0.0216126 0.217692 0.145824 3.46533e-06 0.0240637 1.72879e-06 0.0119505 0.154535 0.188354 
0.0303873 0.0706908 0.089963 0.0558863 3.00647e-05 0.0172181 0.000717299 0.000968992 0.00235582 0.0223197 0.00116257 0.0137901 0.369615 0.188186 0.00181505 0.00399963 0.00691879 0.0173434 0.0549363 0.0516965 
0.146326 0.012441 0.0392603 0.039197 0.026685 0.00116128 0.001721 0.000271103 0.00103927 0.00846564 0.0489273 0.0285597 0.242013 0.0192927 0.137417 0.00422541 0.00134353 0.147303 0.0823444 0.0120061 
0.185003 0.00355001 0.101646 0.0186572 0.000584933 0.00593717 0.000321975 0.00176008 0.00755203 0.0652468 0.000827696 0.00670816 0.484102 0.0435409 0.00120832 0.00460012 0.000155774 0.024966 0.0388551 0.0047763 
0.0201691 0.0470377 0.12747 0.0445072 0.00042905 0.01124 0.00317871 0.00107025 0.00622193 0.0663451 0.0106884 0.0108853 0.283136 0.0383125 0.0359813 0.0241791 0.0325366 0.100376 0.110181 0.0260561 
0.0719015 0.00712217 0.0119895 0.0261735 2.48747e-05 0.0035638 0.000105175 0.00374888 0.0180609 0.134021 0.0305385 0.135687 0.168667 0.080291 0.00355048 0.0286273 0.00950998 0.143492 0.0443752 0.0785497 
0.0303385 0.00829261 0.10377 0.0615409 0.000357282 0.000568972 0.000334744 0.000748368 0.00365169 0.00396706 0.000528437 0.00369085 0.521725 0.084022 0.000352655 0.00116129 0.000220065 0.0668141 0.0301172 0.0777979 
0.0285188 0.190855 0.0383341 0.0215149 9.11804e-06 0.000939992 4.65783e-05 0.00159407 0.00211758 0.0120843 0.000657803 0.0177125 0.558279 0.0188892 0.000817127 0.000775879 0.000150844 0.0396662 0.0619952 0.00504195 
0.0507499 0.00228981 0.186531 0.0501202 2.48677e-05 0.00776314 2.60073e-05 0.00660584 0.000584351 0.0708462 0.00372565 0.019885 0.212316 0.0766964 0.00756481 0.0501157 0.0119078 0.0713186 0.0818703 0.0890576 
0.0200509 0.00944847 0.0849705 0.0599427 5.23366e-05 0.00920895 0.00212463 0.00435458 0.0041877 0.106271 0.00234116 0.00810661 0.333089 0.0777573 0.00262919 0.00327706 0.00801329 0.0891 0.0886599 0.0864145 
0.107212 0.0362387 0.0971071 0.0589099 6.12892e-05 0.00865037 0.000377118 0.00385601 0.0138187 0.0482404 0.00480222 0.0334552 0.171581 0.081509 0.014017 0.00685227 0.0083744 0.104131 0.134152 0.0666538 
0.12595 0.0181666 0.0457669 0.0463742 3.48792e-05 0.00213114 7.44229e-05 0.00246542 0.109466 0.114578 0.162133 0.0293086 0.187665 0.0431104 0.00247617 0.00885806 0.00494456 0.0206757 0.0574295 0.0183904 
0.0479274 0.0282705 0.145917 0.0493638 0.000208953 0.0542868 0.000101365 0.000664959 0.00183441 0.0950903 0.000588438 0.019184 0.247757 0.0628576 0.00150262 0.00939844 0.000714518 0.0751389 0.0612053 0.0979873 
0.0479274 0.0282705 0.145917 0.0493638 0.000208953 0.0542868 0.000101365 0.000664959 0.00183441 0.0950903 0.000588438 0.019184 0.247757 0.0628576 0.00150262 0.00939844 0.000714518 0.0751389 0.0612053 0.0979873 
0.0403286 0.0198829 0.0959735 0.0386471 4.99918e-05 0.019 0.000129515 0.00078197 0.00218506 0.0676383 0.00509716 0.00820151 0.342354 0.0372376 0.00270568 0.00829472 0.0135434 0.120589 0.110641 0.0667196 
0.0137931 0.0109597 0.0722646 0.0541676 6.42905e-06 0.00675439 0.0153657 0.00586878 0.007598 0.0439963 0.00573285 0.0137149 0.331029 0.109025 0.00304379 0.00670168 0.00547765 0.0789393 0.148432 0.0671288 
0.042194 0.00742984 0.0632196 0.0205519 0.000122292 0.00728667 0.000245374 0.00313258 0.00863899 0.0169622 0.0199866 0.0564057 0.303114 0.0595095 0.000704115 0.0106143 0.00133506 0.0721659 0.203481 0.1029 
0.0149882 0.00216583 0.181331 0.00679809 0.00025001 0.00445497 0.0337682 0.000859631 0.0076341 0.0152053 6.9296e-05 0.0136024 0.405627 0.0836697 0.000289069 0.0222754 0.00535263 0.00999879 0.171554 0.0201068 
0.207833 0.000552351 0.0357159 0.00253267 1.56523e-05 0.0042604 9.27263e-06 0.00187389 0.00360148 0.0170471 0.00104494 0.0335033 0.485369 0.0821194 4.38566e-05 0.0184885 0.0159404 0.00658199 0.078524 0.00494285 
0.0810304 0.0788136 0.0569273 0.0404049 5.48304e-05 0.0329737 0.00276641 0.00111808 0.0111795 0.0317119 0.00274896 0.00107324 0.466144 0.0754681 0.000249874 0.00082487 0.000189815 0.066433 0.042547 0.00734108 
0.0724051 0.00486401 0.0639448 0.0837195 7.62873e-05 0.000292009 0.000117604 9.80377e-06 0.000985231 0.0300062 0.000360871 0.00165706 0.524438 0.0824865 9.98624e-06 0.000581578 6.01062e-05 0.0997673 0.0230262 0.0111921 
0.168488 0.0255677 0.030676 0.0395347 0.000146979 0.000370579 0.000119411 0.00142777 0.0107381 0.00917532 0.000189931 0.00653289 0.342006 0.0670673 0.000691194 0.00780572 0.000661594 0.0395129 0.235909 0.0133785 
0.00365181 0.00663045 0.188959 0.0443461 5.1617e-06 0.00221058 1.41186e-05 0.00204753 0.00164076 0.00897787 0.00144735 0.00953761 0.574793 0.0793232 0.000138858 0.0029591 1.068e-05 0.000958985 0.0300229 0.042325 
0.0806968 0.0354743 0.061193 0.167674 3.94545e-05 0.00409952 3.46789e-05 0.00155377 0.0140354 0.0394293 0.0178086 0.00891661 0.312397 0.0783361 0.00198072 0.00354833 0.0032796 0.0330324 0.061268 0.0752021 
0.0152681 0.16643 0.066598 0.0854919 0.00597735 0.00158593 0.00096492 0.000945059 0.00740686 0.017613 0.00123345 0.0141823 0.446344 0.0423315 0.000358943 0.00143164 0.0132587 0.023894 0.050479 0.0382054 
0.00467048 0.00586606 0.143294 0.0472793 5.04535e-06 0.00221009 5.88693e-05 6.78847e-05 0.00968784 0.0651872 0.00437443 0.0152053 0.401993 0.0266813 0.000904258 0.00108342 0.00391881 0.0287937 0.103532 0.135187 
0.0619519 0.143347 0.0467571 0.0930442 0.000102809 0.0180071 7.29616e-05 0.000356814 0.000910111 0.00711769 0.000282248 0.01761 0.434581 0.0711955 1.43663e-05 0.00351785 3.90463e-06 0.0474898 0.0437666 0.0098719 
0.0685139 0.00194627 0.0290367 0.0326869 2.66687e-05 0.00563836 0.00237504 0.000119332 0.0114672 0.0505523 0.00511528 0.00150276 0.330073 0.0328051 0.00423523 0.00813589 0.0375065 0.0563443 0.310584 0.0113358 
0.0683813 0.00823434 0.108957 0.0748436 4.72914e-05 0.0022094 0.0024238 0.00200463 0.00220422 0.178817 0.00635557 0.0128855 0.199048 0.0558578 0.000925849 0.00165337 0.00521576 0.068365 0.130905 0.0706655 
0.0359534 0.0428912 0.186939 0.0421039 0.000384224 0.0015102 0.000358101 0.00267553 0.00905557 0.0313333 0.000429465 0.0180234 0.341828 0.0573092 0.000835354 0.00376397 0.00297522 0.0474681 0.0894844 0.0846782 
0.0192351 0.0153862 0.132025 0.0401935 0.000553386 0.0131539 0.000478485 0.000808487 0.0151605 0.0777148 0.00776083 0.0178017 0.199324 0.0506794 0.00483053 0.000611173 0.0214917 0.145789 0.0594289 0.177574 
