0.0207574 0.0296337 0.0128647 0.0339469 0.000107982 0.00928443 0.0349494 0.241757 0.00291791 0.0037171 0.0229384 0.0682932 0.00308218 0.275639 0.189592 0.022211 0.00774494 0.00017916 0.0062903 0.0140937 
0.0405646 0.0133331 0.00756813 0.0125479 3.628e-09 0.00352249 0.107086 0.204845 0.000981408 0.000691065 0.0305126 0.00911636 0.00111779 0.389854 0.157403 0.000559997 0.0159152 6.18643e-08 0.00211374 0.00226799 
0.0957914 0.118221 0.0245604 0.0576604 0.00010836 0.0133262 0.0339349 0.0848502 0.0109596 0.000710893 0.00424598 0.0223337 0.0140651 0.255417 0.177765 0.000101142 0.0433297 0.000308709 0.0381164 0.00419382 
0.014948 0.0439734 0.00725771 0.0587067 1.84795e-05 0.00227903 0.0194821 0.185544 0.00226668 0.000233725 0.0272632 0.0594549 0.00015881 0.382704 0.188348 8.92471e-05 0.00287662 2.61192e-06 0.0033416 0.00105215 
0.031832 0.031323 0.0101179 0.0285904 3.31674e-05 0.00800494 0.0787887 0.282661 0.000869517 0.00127832 0.00383073 0.0275138 0.00773908 0.301718 0.152301 0.00719403 0.015785 4.4052e-05 0.00336965 0.00700572 
0.0179294 0.0272956 0.0122753 0.0292833 0.000176697 0.0863939 0.0756723 0.0251967 0.000482554 0.00205837 0.0136734 0.0185743 0.00234807 0.535894 0.0715219 0.0481584 0.010617 1.4941e-06 0.0119802 0.0104676 
0.0573166 0.0180868 0.00663013 0.012778 0.00102672 0.0084279 0.0140615 0.108711 0.00818094 0.000544315 0.0464406 0.0797133 0.0162609 0.462459 0.0891114 0.0484854 0.0060435 4.89528e-06 0.000513363 0.0152039 
0.0659508 0.0538821 0.0152996 0.0245811 3.09117e-06 0.0120587 0.0296268 0.0548949 0.000336686 0.00644433 0.0786964 0.194905 0.0381969 0.32911 0.0468739 0.00727536 0.00791664 1.41912e-05 0.00538733 0.0285467 
0.0246683 0.0921012 0.00471421 0.0557227 3.42921e-06 0.00947893 0.0674183 0.0351236 0.000689445 0.0017582 0.00561374 0.122624 0.0327547 0.406381 0.0430802 0.0674392 0.0104903 1.63405e-08 0.0025741 0.0173649 
0.0103536 0.0478897 0.00115465 0.0953853 0.0136054 0.00538163 0.00310733 0.153719 0.00901936 0.00354713 0.000795305 0.179662 0.000204833 0.244032 0.112544 0.000255999 0.0180696 0.0968576 0.00358389 0.000831987 
0.0171981 0.0465798 0.00149402 0.0761593 7.93363e-05 0.0240995 0.0158579 0.0668519 0.0370944 0.00367172 0.0610616 0.0284306 0.0124499 0.329582 0.125987 0.0154649 0.0111611 5.31855e-06 0.00080638 0.125965 
0.0148194 0.105984 0.010282 0.0101316 5.89902e-05 0.0186205 0.0470846 0.110015 0.000827991 0.0173767 0.000996361 0.00560707 0.00377782 0.410888 0.0780139 0.00598408 0.117586 0.000144395 0.00192596 0.039875 
0.00878641 0.0536482 0.00779823 0.0271812 7.7081e-05 0.00726064 0.0705327 0.139769 0.0036005 0.0070795 0.0294455 0.025761 0.00315336 0.488356 0.0522696 0.0112461 0.0155516 3.84551e-05 0.0103686 0.0380754 
0.0303478 0.202531 0.0187581 0.0294275 0.00260243 0.0226731 0.0204901 0.129909 0.0012311 0.000595155 0.00722252 0.0314063 0.00117989 0.289739 0.140599 0.0146233 0.030662 0.00944627 0.00910806 0.0074488 
0.0217995 0.0615249 0.011056 0.187468 3.84665e-05 0.0014409 0.0993303 0.032918 0.0165504 0.000148644 0.0797276 0.0554702 0.00252418 0.193817 0.162345 7.64012e-05 0.00240724 1.56427e-05 0.0692811 0.00205993 
0.0106691 0.0316467 0.00274839 0.00541666 0.000156173 0.00756991 0.0169047 0.143898 0.00771041 0.00143277 0.0616926 0.0451972 0.00576308 0.329563 0.0544807 0.249553 0.00938209 0.000125155 0.00118139 0.0149085 
0.0713084 0.106425 0.0076047 0.0540242 0.000524973 0.079855 0.0506914 0.103566 0.000148905 0.000814394 0.00531537 0.0831271 0.00115896 0.1924 0.175757 0.0228933 0.020004 0.000149177 0.00586336 0.0183692 
0.0124685 0.0572831 0.0134589 0.0461016 5.39876e-08 0.0153911 0.00529885 0.198307 0.0223223 0.000292974 0.00772236 0.0767124 0.131545 0.281698 0.0808632 0.00223439 0.017992 0.00111855 0.0126192 0.0165701 
0.0757345 0.0310281 0.00191191 0.00146451 4.30776e-05 0.0104517 0.023551 0.158099 0.00375207 0.00257114 0.00703323 0.016297 0.0132539 0.278278 0.0805187 0.219866 0.027391 2.22579e-09 0.000227078 0.0485287 
0.0837076 0.0764855 0.0116802 0.0194876 0.00018956 0.0137593 0.0479405 0.0729442 0.00538206 0.0012314 0.0487266 0.14149 0.00749457 0.282321 0.14223 0.0110086 0.0162937 0.000380237 0.00148089 0.015767 
0.00493372 0.0488924 0.00553438 0.0815039 4.90922e-10 0.0284681 0.182157 0.0168107 2.51999e-09 4.06899e-06 0.000314367 0.0378919 0.000672571 0.532769 0.0226875 3.96673e-05 0.00466955 3.33737e-07 0.0291681 0.00348227 
0.0683678 0.0470655 0.00581463 0.0147176 6.00225e-05 0.0148681 0.0664956 0.237853 0.00253524 0.000362939 0.00322217 0.0468652 0.00380377 0.384747 0.0493921 0.00689698 0.0284466 0.000153181 0.0033302 0.0150022 
0.0603753 0.0607007 0.00122622 0.0108494 2.37767e-05 0.0127819 0.0167864 0.0309492 0.0010294 0.00448558 0.0391981 0.145981 0.0180631 0.50997 0.0201215 0.0117172 0.00559454 3.64694e-09 0.00615828 0.0439881 
0.00650303 0.0146912 0.00211385 0.00209079 1.20552e-07 0.00356789 0.00352904 0.126697 0.0120852 0.000675348 0.0122331 0.0533641 0.00702556 0.435259 0.0894668 0.142888 0.00822697 1.35024e-07 0.000439015 0.0791426 
0.0514295 0.0756348 0.0146492 0.0394674 0.0012269 0.0167444 0.10795 0.131698 0.00196104 0.00425819 0.0131396 0.0340131 0.0315386 0.271028 0.128118 0.0146049 0.0165038 8.85164e-05 0.00957358 0.0363729 
0.00923933 0.0407852 0.00155764 0.00746946 0.000357042 0.380724 0.00723507 0.00515912 0.00031699 0.00102763 0.000434046 0.016973 0.0113606 0.421438 0.00478656 0.00266691 0.0109587 0.000173263 2.45857e-05 0.0773127 
0.10129 0.218495 0.01104 0.0295204 2.80133e-07 0.0402259 0.0203041 0.0539208 9.27857e-05 0.0472564 0.0160086 0.0355808 0.00308585 0.264764 0.0623493 0.00103727 0.0900485 3.68749e-05 0.000755548 0.00418737 
0.00326001 0.0117555 0.0016737 0.0129279 5.18497e-07 0.00746291 0.0015156 0.0543277 0.00844785 0.00159978 0.0956624 0.193778 0.0012841 0.424135 0.0342782 0.135308 0.00577043 0.000292373 7.47597e-05 0.00644589 
0.018841 0.0302911 0.00640758 0.0334078 1.42055e-06 0.0383451 0.02043 0.0879994 0.0300683 0.00160661 0.0103131 0.208854 0.148184 0.231502 0.116228 0.00745152 0.0027368 4.35185e-05 0.000238989 0.00705023 
0.0246693 0.0067874 0.019452 0.00750518 0.00168053 0.0142877 0.00428421 0.228822 0.0120173 0.00158582 0.00675227 0.0851761 0.0181316 0.432209 0.0763733 0.0195553 0.00517126 4.32701e-07 0.000466165 0.0350734 
0.0231084 0.0502376 0.00229365 0.0636605 5.40988e-05 0.195313 0.0832462 0.0466907 0.000213861 0.00147631 0.0033625 0.0579868 5.49529e-05 0.303239 0.102233 0.00389744 0.0279246 0.000140853 0.00394958 0.030917 
0.0310311 0.0138231 0.0505084 0.0480885 8.04755e-05 0.0110314 0.0168586 0.264202 0.000390979 0.00296008 0.00530068 0.0316791 0.0032332 0.389655 0.0394304 0.0202872 0.00543517 1.88795e-08 0.00692884 0.0590764 
0.0917537 0.00570103 0.00671505 0.00346027 4.51752e-06 0.0119598 0.0423453 0.00941756 9.69671e-07 0.000604386 7.88306e-06 0.00866882 0.000521065 0.799378 0.0145122 0.00122109 0.00306296 3.06375e-06 0.000653034 9.46186e-06 
0.0127748 0.0233224 0.0401572 0.0653313 2.46612e-07 0.00306859 0.0139472 0.0470818 0.00603689 0.00166597 0.245537 0.0528156 0.00706919 0.296119 0.0150974 0.146117 0.0020126 3.31033e-08 0.00838373 0.0134626 
0.0110471 0.0468246 0.0048763 0.0144634 0.000235856 0.00196432 0.00488039 0.0291464 0.0499948 0.000304531 0.0937535 0.0232058 0.000452657 0.498873 0.209858 0.000155549 0.00174892 1.18741e-08 0.0024085 0.00580688 
0.0598309 0.156663 0.00938072 0.0444334 0.00172052 0.110733 0.0817339 0.0740321 0.00186413 0.00672362 0.00576001 0.0201846 0.00194814 0.194191 0.15406 0.00683241 0.0327046 0.000189464 0.009414 0.0276016 
0.0122247 0.0179058 0.0347397 0.0036278 6.616e-08 0.00351372 0.0243091 0.206175 6.77646e-05 0.000914693 0.000404971 0.0567172 0.00113596 0.583031 0.0228481 0.0164779 0.0102971 0.000135253 0.000781484 0.00469307 
0.0591624 0.223198 0.0313707 0.0151115 0.000335863 0.0130766 0.0549488 0.202885 0.00326385 0.00429226 0.00429435 0.0542645 0.013211 0.228849 0.0398449 0.00614697 0.0276056 0.000385241 0.00109062 0.0166625 
0.0240808 0.0998897 0.00889873 0.093088 0.0258518 0.0100438 0.121128 0.0828581 0.00523736 0.00899792 0.000248996 0.021531 0.0033814 0.267457 0.148425 0.0024625 0.0387576 0.000269245 0.0363598 0.00103369 
0.00618943 0.0259382 0.00134945 0.0117077 2.50502e-07 0.00872236 0.00428229 0.143457 0.00134482 0.216936 0.00186941 0.0210015 0.00501356 0.379001 0.00864276 0.0131954 0.0421121 6.29643e-06 0.0188058 0.090425 
0.0264604 0.0772976 0.00579285 0.0242466 0.000206889 0.027488 0.0848995 0.120996 0.000399712 0.000720623 0.00905643 0.00962937 0.00101361 0.409935 0.146857 0.0314893 0.0160412 2.14365e-05 0.00185473 0.0055932 
0.00922804 0.0282761 0.00658959 0.0409657 2.87545e-06 0.00281198 0.0887483 0.119433 0.0133855 0.00195936 0.0103241 0.182104 0.00103539 0.395472 0.0555888 0.0298594 0.00196236 0.000259795 0.00540883 0.00658452 
0.0106217 0.00593395 0.0106347 0.0115339 2.68299e-05 0.0380081 0.0793651 0.0638161 0.00594846 0.000822862 0.00832257 0.0220702 0.0117299 0.61376 0.057999 0.0193991 0.00402296 3.24756e-06 0.000581724 0.0353999 
0.0210544 0.0221265 0.0674057 0.0317291 1.40031e-06 0.000995831 0.0077379 0.0630632 0.000265919 0.00106324 0.166175 0.156885 0.00782081 0.321277 0.0387298 0.0690466 0.00598696 1.04761e-07 0.00528094 0.0133547 
0.0229167 0.0560874 0.00484002 0.0154012 2.68253e-07 0.0125349 0.00345035 0.146264 0.00428584 0.0013779 0.00219753 0.0458725 0.00313753 0.496581 0.101406 0.0150815 0.0339652 0.000170226 0.00204392 0.0323861 
0.0954702 0.0504985 0.000839241 0.00250269 1.07636e-05 0.0171537 0.0305106 0.178851 2.58457e-05 0.000467519 4.24786e-06 0.00967423 3.19878e-05 0.464954 0.106945 0.000101309 0.0388501 6.2806e-05 0.00119434 0.00185137 
0.0047682 0.0117067 0.0217036 0.00762136 2.78633e-05 0.00405797 0.0259773 0.0374198 0.000452329 0.000559406 0.188267 0.0159475 0.00214324 0.57488 0.0177574 0.0160577 0.00380269 2.32251e-06 0.00290649 0.0639418 
0.00903641 0.0303352 0.00827272 0.0204635 0.000348047 0.0310254 0.0713245 0.17735 0.00122899 0.00179114 0.00333109 0.0945294 0.0055666 0.424228 0.0896857 0.00322095 0.0126151 0.000148559 0.00453719 0.010961 
0.00778568 0.011672 0.00221186 0.0175189 0.00199233 0.0152913 0.0395359 0.263328 0.00256479 0.00148623 0.00149631 0.0235075 0.0136728 0.412894 0.0845575 0.0274084 0.00550159 1.29023e-06 0.00126303 0.0663108 
0.00669524 0.0498679 0.000260162 0.00114853 1.70591e-07 0.00277026 0.033757 0.0271197 0.000584085 0.000382134 0.351604 0.00479302 0.00640656 0.414374 0.0581271 0.0327273 0.00377623 1.92146e-08 0.000129984 0.00547628 
0.0252441 0.0418723 0.0129763 0.00600826 0.00141194 0.0106211 0.00738924 0.132497 0.114073 0.00070867 0.00135352 0.0623067 0.0048061 0.324355 0.16784 0.0427449 0.0317026 0.00081468 0.000828802 0.0104461 
0.0298755 0.215946 0.00297502 0.0204869 1.20098e-05 0.0448967 0.0649701 0.100312 0.000181781 0.000273039 0.000301818 0.0174839 2.77772e-05 0.243999 0.203382 0.00279333 0.0444806 0.000219544 0.00271055 0.00467191 
0.0748775 0.0638741 0.00217558 0.0479738 1.36246e-05 0.016053 0.195249 0.0901404 9.58815e-05 0.00135822 0.00369875 0.00693582 0.00678344 0.318484 0.137298 0.00580983 0.0128687 0.000586543 0.00208492 0.0136379 
1.40889e-06 5.95496e-07 9.04017e-11 0.000144294 1.18399e-09 2.06783e-06 9.89802e-07 5.29682e-11 7.63287e-10 8.65012e-10 4.08131e-10 0.0470126 7.33988e-07 0.817163 5.6417e-07 1.49807e-08 0.135674 8.1195e-10 1.92299e-10 2.35197e-10 
0.130976 0.0557589 0.0150954 0.0199186 0.00103946 0.00599191 0.0351273 0.0936171 0.0381098 0.00281384 0.0010957 0.10579 0.000666377 0.315464 0.102721 0.011853 0.00441648 0.0557847 0.00355896 0.00020206 
0.0197241 0.0589844 0.0100057 0.0809401 2.5198e-05 0.00314108 0.0212535 0.102879 0.00312226 0.000218643 0.0375812 0.081971 0.000218465 0.402998 0.166828 0.000122492 0.0039353 3.35125e-06 0.00460609 0.00144159 
0.0744314 0.0794118 0.0387542 0.0237166 2.86757e-05 0.0134557 0.0447927 0.181794 0.00182271 0.000721596 0.0130583 0.0283956 0.00666396 0.329969 0.0614121 0.0567066 0.00696323 6.23244e-06 0.0133429 0.0245527 
0.0139923 0.0263304 0.00719503 0.00642725 4.17871e-05 0.00975041 0.0175072 0.200885 0.00165679 0.00125288 0.0120393 0.00979175 0.00553165 0.523962 0.0703946 0.0485052 0.00531994 8.65998e-07 0.0012139 0.0382023 
0.0204727 0.0476673 0.00662527 0.0300882 8.26501e-08 0.00214392 0.00135721 0.112732 0.011573 0.000827481 0.0139423 0.205024 0.0133666 0.208127 0.189746 0.0333802 0.0056682 2.94432e-05 0.00431379 0.092917 
0.014354 0.0423473 0.00271168 0.0399025 0.000609625 0.050269 0.0651156 0.0534234 0.000779124 0.0037568 0.00396027 0.165971 0.00177766 0.244538 0.163049 0.0308571 0.102013 5.31676e-06 0.000991899 0.0135675 
0.143361 0.0513627 0.0329549 0.115568 1.9034e-05 0.0183711 0.0142708 0.0871577 0.000947716 0.00304851 0.0768256 0.030105 0.00291873 0.34754 0.0477717 0.00127886 0.01819 2.53742e-06 0.00675811 0.00154791 
0.00406005 0.010069 0.0278579 0.0183714 1.35423e-07 0.00502623 0.00773879 0.0301283 2.02584e-05 9.39074e-08 2.10995e-05 0.230139 3.39402e-05 0.640056 0.00813143 0.000230568 0.00584007 1.02579e-06 0.0104264 0.00184807 
0.0385378 0.0461377 0.0166382 0.0707002 0.0401143 0.0129819 0.0233711 0.0677241 0.140713 0.00345617 0.0298282 0.0811135 0.00245322 0.293702 0.111031 0.00911013 0.00442933 0.000246925 0.00724245 0.000468724 
0.00939569 0.0854921 0.00128299 0.00180632 8.3358e-05 0.0227101 0.0112493 0.0367756 0.00951611 0.00123681 0.00325313 0.00191802 0.00504176 0.422765 0.0239992 0.0858424 0.258624 1.69569e-05 0.00214821 0.0168428 
0.00204746 0.0600678 0.00604637 0.0711529 4.81317e-05 0.00548905 0.0698539 0.0838661 0.0194913 0.0233985 0.0332694 0.115121 0.0627128 0.186785 0.18053 0.0186105 0.00308099 1.06344e-07 0.00366828 0.0547599 
0.00797238 0.104344 0.0042903 0.00748206 1.62064e-07 0.00150035 0.0261495 0.0410532 6.03982e-06 0.000355765 0.150747 0.0182431 0.0010135 0.371534 0.0685259 0.0964935 0.0120139 2.87382e-08 0.0180887 0.0701868 
0.0909849 0.193158 0.01182 0.0371734 2.0807e-06 0.00248682 0.0163761 0.0290404 0.000270734 0.00706274 0.0140816 0.112572 0.00336762 0.368721 0.038743 0.00578774 0.00527989 5.18279e-05 0.0316565 0.0313627 
0.0531279 0.060116 0.0139632 0.0170122 7.13616e-07 0.00718984 0.0105729 0.25572 0.000290061 0.00019088 0.00772555 0.0102497 0.000305092 0.410762 0.117186 0.00186472 0.00585482 3.39658e-05 0.00419505 0.0236388 
0.00637628 0.0143041 0.0109572 0.0365476 0.00071333 0.0244551 0.0754464 0.104094 0.00683993 0.00117223 0.0616869 0.20936 0.0282972 0.266256 0.0761649 0.023025 0.00468306 4.20505e-05 0.00299538 0.0465829 
0.0152242 0.18617 0.0198164 0.0544964 5.61784e-05 0.0166311 0.00531057 0.0991838 0.000661979 0.00221665 0.0164064 0.0714384 0.00255764 0.295917 0.0521952 0.0079331 0.081701 0.000218567 0.0283534 0.0435123 
0.0177293 0.0244064 0.00300402 0.0141432 1.92861e-06 0.00206003 0.0114508 0.140123 0.111799 0.000203845 0.00549403 0.0292622 2.16585e-05 0.543729 0.0704329 0.0137204 0.00361001 0.00365243 0.00488772 0.000267861 
0.0257134 0.030278 0.00508523 0.0174316 0.0887166 0.0434539 0.0294366 0.229593 0.000108569 0.0312187 0.000253889 0.0166669 0.000386298 0.287909 0.148983 0.00201059 0.0146904 0.000252299 0.00212406 0.0256871 
0.00583525 0.0591531 0.00857082 0.0986843 8.88206e-08 0.0039348 0.0172245 0.196467 0.00216798 0.00311127 0.00893954 0.0538749 0.0413416 0.279281 0.102851 0.00862647 0.0224644 4.62853e-05 0.00638165 0.0810432 
0.00432944 0.0619645 0.0017901 0.00523745 5.09195e-07 0.142928 0.0103939 0.0297094 0.000618129 0.00288933 0.00370487 0.00948159 0.0297924 0.575758 0.0228372 0.032773 0.0104267 6.89774e-06 0.000361409 0.0549977 
0.00797238 0.104344 0.0042903 0.00748206 1.62064e-07 0.00150035 0.0261495 0.0410532 6.03982e-06 0.000355765 0.150747 0.0182431 0.0010135 0.371534 0.0685259 0.0964935 0.0120139 2.87382e-08 0.0180887 0.0701868 
0.0168204 0.213122 0.00154745 0.00240019 0.000137042 0.0192827 0.134394 0.0814377 0.000408038 0.00047357 0.0012835 0.00140651 0.00154896 0.265668 0.104848 0.0752348 0.0380686 0.000233023 0.000429483 0.0412564 
0.0141867 0.0689995 0.000326463 0.0028128 2.65678e-05 0.00375537 0.0142951 0.0382315 0.00566775 0.00135434 0.260382 0.00252278 0.00673047 0.491615 0.0531319 0.00851954 0.00190528 4.09799e-05 6.88679e-05 0.0254267 
0.0688361 0.110769 0.0128444 0.0231548 0.000287282 0.0127789 0.0652966 0.177542 0.00311727 0.000383103 0.0061725 0.0190585 0.00116645 0.289377 0.171413 0.0072026 0.0130902 0.000148383 0.00772423 0.00963688 
0.00390224 0.0176389 0.0289675 0.0233267 2.27999e-11 0.00259144 0.0363678 0.224342 0.00179282 0.000436778 0.00667317 0.00879023 0.0016771 0.512156 0.0565574 0.0480096 0.0160073 7.82572e-06 0.000594147 0.0101614 
0.00686045 0.0626053 0.00684756 0.00193986 9.29118e-05 0.018202 0.0233439 0.31073 0.00358759 0.00294465 0.00632968 0.0128752 0.0181653 0.374306 0.0416772 0.0388858 0.00679759 4.91696e-08 0.000548967 0.0632596 
0.0325568 0.0373971 0.0103139 0.0431975 0.000518176 0.0188129 0.0444046 0.144308 0.00453129 0.00141086 0.0339877 0.0940693 0.0145936 0.390407 0.0758371 0.00732729 0.0197497 0.000125987 0.00330561 0.0231459 
0.0973081 0.10597 0.0189967 0.0627311 0.000661162 0.0201356 0.0849166 0.157822 0.00261062 0.00115699 0.00783438 0.0213683 0.00151407 0.214955 0.139082 0.00947204 0.0361907 7.85854e-05 0.00777898 0.00941657 
0.00286256 0.00333814 0.00280939 0.0916369 0.0183647 0.00629297 0.0722481 0.180703 0.000374456 0.00069053 0.00279071 0.0919771 0.00274646 0.414801 0.0793091 0.000776596 0.018904 4.32312e-06 0.00406713 0.00530272 
0.0197522 0.149976 0.0120283 0.0198064 7.15719e-05 0.0232071 0.069611 0.108859 0.000642599 0.00061055 0.00164644 0.0142666 0.00299675 0.298488 0.235675 0.00081895 0.0153335 8.52089e-05 0.00393126 0.0221933 
0.0139289 0.0628409 0.00742987 0.0796 9.18156e-07 0.00947621 0.0479244 0.0894814 0.150817 0.00965806 0.0120565 0.0447066 0.00112566 0.258507 0.153637 0.0189349 0.00996106 0.00144828 0.015363 0.0131018 
0.00876212 0.014922 0.0160892 0.162105 0.0260199 0.00552547 0.0500868 0.0530389 5.08825e-05 0.000323727 0.0124061 0.192114 0.019278 0.35226 0.0546683 0.00803296 0.000431995 1.16786e-08 0.00351277 0.0203726 
0.0104899 0.0283844 0.00112174 0.0145376 0.000228929 0.0133721 0.0853588 0.0400623 9.06409e-05 0.000333975 0.000406356 0.0123852 0.00116626 0.522207 0.0991263 1.26788e-05 0.0513404 0.000199782 0.00691941 0.112257 
0.0050495 0.127651 0.000467366 0.00471477 0.000172334 0.0121177 0.195339 0.0863815 4.32686e-06 9.82392e-05 8.52983e-05 0.00289566 1.81672e-05 0.320424 0.22447 0.00226457 0.0150274 1.31331e-07 0.000371243 0.00244799 
0.0220024 0.0302098 0.0122885 0.00544073 3.19718e-05 0.0125396 0.159992 0.111858 0.00528992 0.00125803 0.00836765 0.0539466 0.00339072 0.446586 0.0294822 0.0284068 0.0521227 1.27163e-06 0.00081733 0.0159681 
0.0549475 0.0600694 0.00802706 0.0408617 8.74693e-06 0.0438476 0.0748189 0.0941175 0.00578183 0.00230911 0.0404457 0.0703515 0.00085097 0.344712 0.107719 0.0042418 0.0154515 6.23537e-05 0.00597972 0.0253965 
0.00126787 0.0232127 0.00576056 0.0169465 1.28582e-05 0.0393353 0.222494 0.0369885 0.000762085 0.0021164 0.0243011 0.0113449 0.00249828 0.531263 0.0579775 0.00466171 0.00962837 3.97261e-06 0.000152091 0.0092716 
0.0260463 0.145153 0.0125134 0.0322417 0.0014378 0.0261082 0.132814 0.0821919 0.000492605 0.00737966 0.00222692 0.0233715 0.00319887 0.176485 0.124578 0.00293818 0.151026 0.00018524 0.00528343 0.0443283 
0.0114435 0.079624 0.0161801 0.00814635 0.000176742 0.0164628 0.0408209 0.264909 0.00224046 0.00207782 0.0030259 0.00569743 0.00749769 0.356225 0.0736501 0.0507861 0.0227527 1.28928e-05 0.00290933 0.0353619 
0.00788641 0.120172 0.000151348 0.0472446 0.0450328 0.0854731 0.0174904 0.043084 0.000336701 0.087963 2.43051e-05 0.0764334 6.26772e-07 0.293033 0.0303253 1.60993e-06 0.025811 0.021217 0.0792771 0.019042 
0.00828704 0.0171157 0.000902322 0.0354005 1.08101e-05 0.00850674 0.0484988 0.164666 0.000260507 0.00124221 0.00577893 0.0867957 0.024934 0.518474 0.0367402 0.00353026 0.0236752 5.62277e-07 0.00429251 0.0108881 
0.00628692 0.0532371 0.00175078 0.000228049 1.93167e-07 0.00733505 0.0255318 0.224911 0.000266004 6.13338e-05 0.00146664 0.143228 6.54928e-05 0.490805 0.0098947 0.0298144 0.00276572 0.00109234 0.000100624 0.00115889 
0.0181897 0.0303708 0.0251448 0.00966327 2.44891e-05 0.0284181 0.0110981 0.233257 0.00421927 0.00135962 0.001599 0.0705054 0.0119024 0.417366 0.0922344 0.0118493 0.0171852 0.000115124 0.00350685 0.0119912 
0.0792826 0.127208 0.0183936 0.046797 8.59575e-07 0.00669664 0.00733457 0.0527617 2.41624e-05 0.000278659 0.000882269 0.153205 0.00378642 0.398428 0.0832081 0.000347 0.0111121 0.00226588 0.0042556 0.00373091 
0.0207299 0.026897 0.00404977 0.00663907 0.00148765 0.0170332 0.0100556 0.126311 0.000492253 0.00612684 0.00307879 0.131292 0.0584502 0.486046 0.0224469 0.00655148 0.036741 5.18133e-05 0.0010163 0.0345028 
0.00422579 0.0569951 0.00341873 0.0115538 0.000494263 0.0224411 0.133434 0.0967715 0.00368331 0.105597 0.00240203 0.0539863 0.00163705 0.369967 0.0780771 0.00443652 0.034845 0.000560361 0.000978851 0.0144953 
0.0202042 0.00366583 0.00793576 0.0012337 4.3411e-08 0.0214897 0.0091381 0.0524027 0.000499283 8.08404e-05 0.000725878 0.0250913 0.000267585 0.796415 0.0192973 0.00544328 0.0292755 8.60977e-07 0.000859747 0.00597388 
0.0752244 0.0435021 0.00445461 0.00869012 2.0449e-06 0.00436706 0.0157385 0.0116372 0.0112439 0.00281703 0.298669 0.0826501 0.0269751 0.362999 0.0236695 0.0029214 0.00527452 3.91917e-05 0.00349204 0.0156333 
0.189863 0.0683282 0.000755027 0.00243742 2.40516e-06 0.00316066 0.00507667 0.0180594 0.000868814 0.00197879 0.0234134 0.00468126 0.00865064 0.499783 0.0713248 0.063039 0.0104242 1.04807e-09 0.0008262 0.0273279 
0.0771644 0.258852 0.00154227 0.0157443 1.0326e-06 0.00137481 0.0699848 0.0451107 0.0011349 0.00053806 0.00112023 0.104481 0.000122537 0.277741 0.112251 5.2461e-06 0.0200887 0.0034094 0.00214192 0.0071913 
0.0182486 0.02677 0.000489828 0.00276458 4.00115e-05 0.00448592 0.160414 0.133729 0.00329744 0.000643 0.010786 0.0119897 0.00326177 0.469069 0.122799 0.00854347 0.00402164 1.17801e-06 6.48415e-05 0.0185806 
0.0128909 0.0639523 0.0160733 0.0291612 0.00238469 0.0254515 0.0794064 0.223737 0.00041078 0.0292243 0.00333445 0.0266039 0.000978883 0.232219 0.165018 0.0130839 0.0408386 0.000153931 0.00801037 0.0270667 
0.0387967 0.0226411 0.0483699 0.0495525 8.05739e-05 0.00521835 0.00966605 0.204492 0.000384988 0.0130857 0.00530105 0.0411587 0.00228641 0.376263 0.058831 0.0216634 0.00558202 2.21416e-08 0.00962353 0.0870035 
0.0392109 0.00920651 0.0584898 0.0359338 0.00240691 0.00213411 0.0210191 0.0809773 0.00732948 0.000915449 0.0102996 0.208957 0.000574039 0.359702 0.134133 0.0122949 0.0104778 0.00255512 0.0022945 0.00108877 
0.00171916 0.0351348 0.00179483 0.0114965 6.31673e-05 0.0233437 0.00315469 0.0462051 0.284235 0.0208528 0.0194317 0.0479027 0.0152053 0.42783 0.0153735 0.00840029 0.0023786 7.87337e-07 0.0227971 0.0126804 
0.00801519 0.0521271 0.00651908 0.0843476 5.27851e-05 0.0628069 0.0975932 0.201683 0.00202101 0.0047282 0.00779074 0.0166447 0.00860628 0.237854 0.129265 0.0145081 0.0163937 1.50138e-05 0.0146853 0.0343434 
0.00564767 0.149784 0.0284377 0.015414 0.000216848 0.00865927 0.0106154 0.0740027 0.00337582 0.00646296 0.0703536 0.0181949 0.0205138 0.278205 0.136677 0.02692 0.00913182 3.29715e-07 0.0505586 0.0868286 
0.00778598 0.0363931 0.01805 0.0489646 0.00073693 0.0420974 0.0154235 0.0206705 0.000245465 0.0285735 0.0184943 0.144369 4.57906e-06 0.381601 0.199781 0.000113071 0.0119366 0.000891497 0.0230322 0.000836319 
0.0347511 0.171536 0.0344138 0.0418643 8.44565e-05 0.0140374 0.0237926 0.0788822 0.0330195 0.00186102 0.00881714 0.0693674 0.00993858 0.209501 0.189049 0.0174737 0.0184698 0.000505564 0.00790638 0.0347302 
0.010623 0.0402613 0.000563439 0.0109241 2.65728e-05 0.0033555 0.0093214 0.0097213 0.260988 0.00030744 0.070127 0.0296012 0.00185592 0.40155 0.0684959 0.0633688 0.00782231 2.70262e-06 0.00125716 0.00982698 
0.00963689 0.0458269 0.000913287 0.058882 0.00197823 0.020649 0.0131889 0.0423365 0.00168033 0.00050445 0.0418887 0.00991135 5.85229e-05 0.528034 0.126742 0.0933785 0.00230641 1.97697e-06 0.00152622 0.000555476 
0.00899974 0.0158387 0.00503927 0.0044596 0.00308106 0.00329115 0.00872646 0.0985693 0.000254669 1.49259e-05 0.0342578 0.164437 0.259354 0.332666 0.0196432 9.95537e-05 0.0256134 2.22796e-05 0.00224156 0.0133912 
0.0122095 0.113519 0.00322271 0.027636 0.000243397 0.0389015 0.0711792 0.0477377 0.016459 0.000628896 0.00678772 0.00978392 0.00321214 0.318653 0.113192 0.0302956 0.161257 8.34354e-05 0.00459163 0.0204074 
0.0132717 0.0226324 0.0151315 0.0191728 0.000160928 0.0102431 0.00486441 0.135884 0.00331127 0.00061412 0.0385865 0.234186 0.00256185 0.242425 0.0801078 0.139791 0.00814778 5.69167e-05 0.00148038 0.0273706 
0.00487162 0.0257552 0.00658526 0.000409622 0.0004335 0.0322305 0.00807964 0.130766 0.0167417 0.0117084 0.0243821 0.00463375 0.0616862 0.238127 0.0349038 0.168366 0.0157222 3.39593e-15 0.000245843 0.214352 
0.0169463 0.0633974 0.00720588 0.0168447 0.000440249 0.00676442 0.0121359 0.0402048 0.156555 0.000104769 0.0613387 0.050395 0.000266667 0.440845 0.0752192 0.024379 0.0114937 0.000480273 0.00325267 0.0117301 
0.00934381 0.0434697 0.00121107 0.00464726 0.00744546 0.0205005 0.0188851 0.0339878 0.00108576 0.00170971 0.0148166 0.0021409 0.0036203 0.658896 0.0411584 0.0146871 0.094562 8.79511e-07 0.000240253 0.0275912 
0.008253 0.0337356 0.000496022 0.00255143 0.00191098 0.0043502 0.00188205 0.0399803 0.160845 0.000409149 0.0302983 0.032912 0.00176275 0.569115 0.0222473 0.0463107 0.017769 0.0161545 0.000501448 0.00851552 
1.96306e-06 0.0281712 7.33166e-06 0.000460568 2.31701e-07 0.00355778 0.055205 0.0353112 0.0307277 1.40485e-08 1.23953e-06 0.0337682 2.13918e-05 0.734917 0.075098 1.46014e-05 0.000499588 3.90749e-10 0.00098688 0.00124991 
0.00530691 0.0971083 0.00375597 0.00773539 1.14899e-06 0.0388292 0.142782 0.0379827 0.000196473 0.0356999 0.0070351 0.0168251 0.00870757 0.443135 0.0993067 0.0273507 0.0120339 8.58738e-07 0.000684357 0.0155223 
0.136874 0.0590144 0.00846378 0.0120574 3.47335e-05 0.00554115 0.0419441 0.0966446 1.55437e-05 1.58442e-05 0.00110129 0.00515168 6.9031e-05 0.493901 0.120291 0.00280422 0.00942403 1.2537e-05 0.00543301 0.00120706 
0.0157721 0.0151622 0.0044263 0.0666135 0.0010717 0.0313216 0.208483 0.0854487 0.0014742 0.0014651 0.00965984 0.170514 0.00447807 0.265007 0.0636492 0.0177227 0.00644749 9.36308e-05 0.0063989 0.0247913 
0.0172 0.0798349 0.00303984 0.0580217 1.02479e-05 0.0085668 0.0334651 0.0509836 0.0393721 0.00109139 0.0154131 0.0454213 0.00124966 0.275155 0.0811719 0.256717 0.0214469 0.00034353 0.00371306 0.00778298 
0.146828 0.0287128 0.0748106 0.0492363 0.000438382 0.019308 0.0282449 0.0907234 0.00653178 0.0367067 0.0046861 0.0292997 0.0246969 0.251033 0.117929 0.00248935 0.0145725 1.14129e-05 0.0188205 0.0549204 
0.00357399 0.0036326 0.00852009 0.000257108 3.43658e-05 0.0028021 0.00717194 0.112497 0.00502566 0.000676932 0.00311923 0.00950459 0.00470313 0.790293 0.0145599 0.0168788 0.00208858 1.95321e-05 6.9523e-05 0.0145724 
0.00147439 0.000781666 0.00512695 0.00233867 1.90004e-06 0.00111241 0.000107932 0.010847 0.00150184 0.000283766 0.00363949 0.0532229 0.00114465 0.485302 0.00385603 0.0433268 0.00274831 0.378657 0.000277563 0.00424938 
0.0264559 0.0299908 0.0350936 0.0933486 5.38381e-05 0.197583 0.042218 0.088952 0.00260851 0.00509422 0.00274337 0.057871 0.0176868 0.274394 0.0619478 0.0149859 0.00699409 7.38732e-05 0.0149382 0.0269668 
0.0060577 0.0158612 0.00451533 0.0385525 0.000367239 0.0162685 0.102132 0.0114698 0.00127718 0.000543906 0.0183297 0.120884 0.00476982 0.624763 0.0135613 0.00175442 0.00945561 3.8031e-06 0.00433698 0.00509596 
0.0167743 0.00119294 0.00682884 0.0717529 7.52632e-07 0.00036623 0.010067 0.0978058 0.0368451 0.00675807 0.0383971 0.0896987 0.00042604 0.56004 0.0442255 0.00024914 0.0156017 0.000178207 0.00126552 0.00152633 
0.0310311 0.0138231 0.0505084 0.0480885 8.04755e-05 0.0110314 0.0168586 0.264202 0.000390979 0.00296008 0.00530068 0.0316791 0.0032332 0.389655 0.0394304 0.0202872 0.00543517 1.88795e-08 0.00692884 0.0590764 
0.0227448 0.0151093 0.00203854 0.0166539 0.0147992 0.0205013 0.0413338 0.0217148 0.000994246 0.00390071 0.0551376 0.310547 0.00526481 0.370563 0.0725044 7.04983e-05 0.022416 6.72855e-05 0.00246286 0.00117589 
0.00669524 0.0498679 0.000260162 0.00114853 1.70591e-07 0.00277026 0.033757 0.0271197 0.000584085 0.000382134 0.351604 0.00479302 0.00640656 0.414374 0.0581271 0.0327273 0.00377623 1.92146e-08 0.000129984 0.00547628 
0.00244617 0.079148 0.00140753 0.0399033 9.9608e-08 0.193976 0.143766 0.0267373 5.05059e-06 0.00185567 0.00231942 0.000394931 2.80571e-05 0.355636 0.130886 5.8053e-06 0.0164064 3.25028e-06 0.000117653 0.00495724 
0.00407369 0.0051217 0.00341059 0.0169642 2.61287e-06 0.00475411 0.0693764 0.0971949 0.000509251 0.00259877 0.216141 0.228177 0.00526127 0.258347 0.061038 0.0031988 0.00608837 0.000278445 0.00159644 0.0158675 
0.0258309 0.0556855 0.0174809 0.0051062 3.5953e-05 0.0100536 0.00694709 0.217526 0.000467578 0.000525102 0.00497174 0.0192158 0.00427883 0.430632 0.0365341 0.00649766 0.00771652 1.67041e-05 0.000437758 0.150041 
0.0149253 8.84678e-05 3.19472e-05 0.0186388 9.73587e-08 1.82816e-08 0.00192458 1.31373e-05 0.0049558 0.000126554 2.19237e-05 0.405365 0.00447692 0.549274 1.06465e-06 1.69915e-06 0.00011455 6.67663e-08 2.20214e-05 1.84009e-05 
0.00500497 0.0108276 0.0790462 0.102618 1.44086e-05 0.00266943 0.124844 0.0850821 0.0013543 0.00497809 0.0100146 0.0856951 0.00490636 0.263898 0.182732 0.025467 0.00321013 8.88622e-07 0.00187637 0.00576058 
0.010623 0.0402613 0.000563439 0.0109241 2.65728e-05 0.0033555 0.0093214 0.0097213 0.260988 0.00030744 0.070127 0.0296012 0.00185592 0.40155 0.0684959 0.0633688 0.00782231 2.70262e-06 0.00125716 0.00982698 
0.0169399 0.109215 0.0505421 0.0101446 0.000497553 0.0173333 0.0256147 0.157756 0.000916045 0.00160527 0.00163024 0.00924853 0.00332948 0.312305 0.176663 0.0224322 0.0235564 6.95939e-05 0.00229363 0.0579074 
0.0490232 0.128518 0.0102323 0.0469108 3.36186e-06 0.0143761 0.0510227 0.0367553 0.00151728 0.0227572 0.00217225 0.0434697 0.00474398 0.371346 0.156037 0.0174182 0.0228761 0.000344694 0.00149482 0.0189817 
0.0045586 0.121893 0.000369934 0.00908692 1.15596e-07 0.0638935 0.0945544 0.0206722 0.0008919 0.00749783 0.0406854 0.00108661 0.00491658 0.512465 0.0700146 0.00651656 0.0117243 1.95958e-11 0.000584352 0.0285878 
0.00167289 0.0129726 0.000545701 0.00349466 1.69757e-07 0.00403602 0.00252353 0.0571667 0.000482982 0.000459901 0.00934741 0.0218255 0.00216893 0.444771 0.0226385 0.109502 0.0116706 3.14172e-08 7.6899e-05 0.294644 
0.0165804 0.0719831 0.00215155 0.0487572 3.40265e-07 0.0148971 0.0281733 0.0368593 0.00327345 0.00184596 0.0164902 0.027461 0.0152403 0.380416 0.063305 0.00689377 0.037532 2.12417e-05 0.00038786 0.227731 
0.101628 0.0143811 0.005257 0.0787563 0.000977466 0.0182505 0.01018 0.0155956 0.00333475 0.00160237 0.20587 0.0285959 0.00332676 0.351405 0.0493187 0.0148705 0.0399536 2.43655e-05 0.00320539 0.0534663 
0.0594347 0.00615097 0.000768096 0.00427742 3.62512e-05 0.00232632 0.0595689 0.175008 0.00423717 0.000390269 0.00960071 0.127384 0.000714579 0.458841 0.0753014 7.70991e-05 0.0144143 3.27548e-05 0.000497788 0.000938428 
0.00129948 0.0601128 0.00198336 0.0240337 9.06159e-05 0.0149784 0.0970922 0.108061 0.000231894 0.00632134 0.0102589 0.0420402 0.000603374 0.308363 0.271951 1.9061e-05 0.0445539 3.41427e-05 0.00473552 0.00323585 
0.0584353 0.0386097 0.0318667 0.0148895 7.74818e-08 0.00325577 0.00167569 0.038843 0.000604859 0.00321786 0.148972 0.0597102 0.0101716 0.365425 0.026419 0.147866 0.0116003 1.78799e-11 0.0315082 0.00692869 
0.145075 0.0692491 0.00232536 0.00494901 7.02684e-05 0.0108708 0.048493 0.00712905 0.000588972 0.00167217 0.0470268 0.00360608 0.00208287 0.578409 0.00980838 0.0287964 0.0309525 1.9361e-09 0.000132783 0.00876256 
0.0422998 0.082137 0.0712161 0.106931 9.86077e-06 0.0254277 0.0823246 0.0548618 0.000490609 0.0129916 0.000840818 0.151252 0.000209386 0.22156 0.122039 0.000130392 0.00283054 1.94681e-05 0.00777651 0.0146521 
0.0149025 0.116044 0.00475193 0.0604206 0.000400331 0.0145127 0.0633336 0.0874296 0.000135691 0.000100974 0.00683904 0.0235658 0.000663917 0.305902 0.264326 0.000413368 0.022103 0.000137145 0.00441568 0.00960169 
0.0234962 0.017438 0.0145185 0.00914972 0.00106926 0.0114452 0.0487359 0.148748 0.000835173 0.000347024 0.0102478 0.0592247 0.0035648 0.54984 0.0331847 0.0175065 0.0108723 1.1951e-06 0.00782902 0.031946 
0.00669524 0.0498679 0.000260162 0.00114853 1.70591e-07 0.00277026 0.033757 0.0271197 0.000584085 0.000382134 0.351604 0.00479302 0.00640656 0.414374 0.0581271 0.0327273 0.00377623 1.92146e-08 0.000129984 0.00547628 
0.0357573 0.0560464 0.00288419 0.00758471 7.87912e-05 0.00903929 0.0725447 0.265578 0.000684744 0.000741775 0.00221221 0.00301595 0.001007 0.350515 0.131956 0.0379239 0.0104079 9.83036e-05 0.00109679 0.0108269 
0.0314832 0.0272751 0.0123453 0.0143136 0.000463086 0.00860025 0.104264 0.272596 0.00060415 0.000712248 0.00353154 0.0119522 0.00769419 0.352622 0.085451 0.0472387 0.00373078 8.56721e-05 0.000836921 0.0142001 
0.0279697 0.0367634 0.01057 0.00153195 0.00101314 0.00410842 0.219719 0.0432394 0.000716006 0.000370175 0.0546821 0.0213232 0.00538072 0.490326 0.0265896 0.0393628 0.00634799 0.000836054 9.52214e-05 0.00905515 
0.0618556 0.0595973 0.0158072 0.0354135 0.000242272 0.0104784 0.107913 0.199702 0.00309905 0.00120011 0.016327 0.0364801 0.00622537 0.233205 0.106194 0.0155904 0.0338579 0.000297401 0.0194146 0.0371004 
0.0241537 0.0382831 0.013551 0.0293324 0.000175995 0.0106037 0.153366 0.184179 0.00216828 0.00266918 0.00485441 0.0832425 0.0142839 0.281193 0.124082 0.00312316 0.0133373 0.000333524 0.00259005 0.0144777 
0.0788335 0.0140072 0.0062638 0.0306234 0.00719662 0.0142009 0.013968 0.0737399 0.00148066 0.00063013 0.0912183 0.228555 0.0241606 0.297408 0.043085 0.0346181 0.013804 1.46789e-06 0.00546189 0.0207436 
0.0531279 0.060116 0.0139632 0.0170122 7.13616e-07 0.00718984 0.0105729 0.25572 0.000290061 0.00019088 0.00772555 0.0102497 0.000305092 0.410762 0.117186 0.00186472 0.00585482 3.39658e-05 0.00419505 0.0236388 
0.034335 0.098082 0.000783577 0.0117449 4.75073e-06 0.0212555 0.00803144 0.28623 0.00306466 0.000912786 0.00241379 0.0175402 0.00270006 0.371523 0.0679482 0.00420431 0.0560882 2.07744e-05 0.00118508 0.0119316 
0.00979328 0.0373376 0.00190041 0.0325177 2.42067e-05 0.0253639 0.103571 0.0390551 0.000573855 0.000372299 0.0372233 0.010576 0.00066734 0.649194 0.0187863 0.00761447 0.00563618 4.496e-06 0.00693475 0.0128539 
0.0684223 0.0329174 0.00635234 0.0343006 0.000131716 0.00527087 0.213844 0.17868 0.00668042 0.00204417 0.00524286 0.0449775 0.000259061 0.253594 0.116549 0.0106853 0.0148735 0.000256738 0.00389776 0.00102023 
0.0191978 0.0275573 0.0152701 0.0220126 0.00307808 0.0107105 0.0899302 0.0569518 0.00280388 0.00432931 0.0226513 0.070289 0.0205081 0.515631 0.0555955 0.011253 0.0279721 6.76397e-05 0.0119461 0.0122444 
0.0250907 0.0419473 0.00502023 0.00595196 3.95328e-05 0.00259122 0.00458562 0.0554458 0.0270853 0.00107651 0.0668342 0.0206521 0.0404222 0.599738 0.0535437 0.00971226 0.00691374 1.06778e-09 0.000244216 0.0331054 
0.0108972 0.00922178 0.00505832 0.0318971 6.94408e-05 0.0129834 0.0127154 0.0652291 0.000549279 0.00429484 0.118026 0.139896 0.204997 0.283661 0.0796725 0.00451757 0.00252426 9.54624e-06 0.000367385 0.0134137 
0.0126593 0.132617 0.00279814 0.0235835 1.7969e-06 0.175887 0.073509 0.0753538 0.00121817 0.000584828 0.00134099 0.0222668 0.0014947 0.233554 0.170249 0.0199102 0.00824328 1.19033e-06 0.000909326 0.0438178 
0.00190776 0.0242685 0.00420021 0.0082051 7.23667e-05 0.0442946 0.00814867 0.0601754 0.00191393 0.00146081 0.125905 0.0906602 0.0571358 0.282211 0.0377873 0.0504095 0.00566232 6.95974e-12 0.000545356 0.195036 
0.0736495 0.0235942 0.0196117 0.0783108 2.95058e-05 0.0216624 0.0175736 0.111907 0.00203216 0.00274532 0.113498 0.160553 0.0522459 0.210541 0.0377608 0.0108542 0.00857976 6.07996e-07 0.0282586 0.0265919 
0.00195846 0.00622173 0.000490266 0.072735 0.0070401 0.0123318 0.152437 0.0530025 0.00247407 0.000861278 0.0192249 0.0677874 0.0401796 0.471151 0.0490147 0.0189734 0.00754764 8.98679e-11 0.000790594 0.0157791 
0.0264324 0.00867272 0.0149728 0.0143411 0.000861789 0.0515546 0.1409 0.0387323 0.000617223 0.0010163 0.0547752 0.129384 0.0324392 0.394689 0.0302333 0.00766278 0.0375536 5.30197e-07 0.000663548 0.0144972 
0.0177161 0.0692744 0.00679191 0.00330067 7.16242e-05 0.0192887 0.011094 0.173529 0.00100225 0.00107334 0.0586014 0.00919675 0.0045158 0.476308 0.0483282 0.0283901 0.0223198 7.15255e-05 0.00169821 0.0474275 
0.0403795 0.084712 0.0070012 0.0198229 0.00444421 0.0562994 0.0498405 0.0447391 0.000978519 0.00210954 0.00357146 0.00442322 0.00320522 0.299149 0.071915 0.0110788 0.197504 9.58613e-05 0.00111585 0.0976149 
0.0400378 0.0487974 0.0759013 0.00984374 6.55903e-05 0.00817318 0.00964365 0.319514 0.000448284 0.00233884 0.0037642 0.0090358 0.00144423 0.348547 0.0779741 0.00287472 0.0194357 2.58351e-05 0.0146701 0.00746396 
0.0247765 0.0928759 0.0323415 0.0449066 0.00154467 0.0512012 0.048271 0.0830869 0.000438072 0.00220203 0.00560044 0.0680962 0.00121578 0.34122 0.110728 0.0111774 0.0184595 0.0100563 0.0307574 0.0210444 
0.00444622 0.000184139 0.0706826 0.102807 4.93097e-09 0.0164535 4.96596e-10 0.0225974 6.21981e-06 3.69095e-05 6.15353e-09 0.278798 1.32129e-06 0.4199 0.0127044 1.42262e-05 0.00237606 5.52635e-06 0.0666414 0.00234495 
0.0403948 0.0672566 0.00219967 0.0495557 5.05879e-06 0.0250293 0.0116554 0.0653799 0.00106146 0.000451724 0.00806754 0.223353 0.00198117 0.316382 0.0399679 0.00415764 0.0994187 7.97853e-06 0.0134819 0.0301924 
0.0741411 0.135868 0.0303234 0.0257041 9.96816e-05 0.0089582 0.0692324 0.214009 0.00264963 0.00476131 0.0070467 0.0352636 0.00643622 0.215538 0.10751 0.00248374 0.0263075 0.000249972 0.0119498 0.0214676 
0.0397382 0.0129217 0.0153555 0.0264972 0.00599423 0.00238052 0.0541214 0.0249849 0.000840014 0.00182195 0.337049 0.0091726 0.00448158 0.406571 0.00699678 0.016112 0.0160642 9.4061e-08 0.000547278 0.0183494 
0.00943818 0.112981 0.00386774 0.0466244 0.00119149 0.0440918 0.0370495 0.0646697 0.000158902 0.0026841 0.0113782 0.0427995 0.00129212 0.508603 0.0529413 0.0142489 0.0242266 0.00592123 0.00274726 0.0130848 
0.0225022 0.00329659 0.000198123 0.0428654 4.8031e-06 0.00867606 0.314767 0.0365476 4.94425e-08 0.001734 0.0346311 0.0441349 0.104324 0.333856 0.0294156 0.00773104 0.0136168 1.54261e-08 0.00164566 5.32429e-05 
0.00577281 0.0578578 0.00135326 0.0125126 0.00026759 0.054181 0.0347682 0.0165205 0.00187927 0.000677093 0.013558 0.00470593 0.0010235 0.689714 0.07611 0.00346771 0.0155511 3.09753e-05 0.000262812 0.0097855 
0.0090805 0.0100581 0.00770823 0.0272846 3.18489e-10 0.00236259 0.0769555 0.119244 0.0114382 0.000181811 3.52474e-05 0.024636 0.000186704 0.549739 0.105805 0.0342668 0.0194586 0.00080649 0.000347943 0.000404019 
0.00488921 0.0025398 0.000695573 0.0118788 7.92849e-07 0.00215077 0.0214078 0.0311614 0.229775 0.00223736 0.0280625 0.188916 0.00960198 0.379464 0.0234296 0.018691 0.0288511 1.0276e-05 0.000188237 0.0160484 
0.0217874 0.0279605 0.0387613 0.0155992 0.0112396 0.0112693 0.0253371 0.145447 0.000513375 0.000580733 0.00167848 0.14527 0.00425616 0.349227 0.0932308 0.000335144 0.1024 0.000160061 0.00233668 0.00261102 
0.00563005 0.0289892 0.022128 0.00245705 6.44225e-05 0.0164108 0.0278956 0.299356 0.00540696 0.00211317 0.00141855 0.109999 0.0632622 0.315768 0.0697776 0.00754799 0.00806727 0.00144074 0.00115283 0.0111152 
0.00410451 0.00225331 0.00217646 0.00155567 6.3116e-06 0.00168832 0.0176641 0.181296 0.0178584 0.000638006 0.000951203 0.0567993 0.00902317 0.66797 0.0167723 0.00870811 0.00057541 0.000981245 0.000239559 0.00873887 
0.0206143 0.0299475 0.00909385 0.00727776 0.000125104 0.0184438 0.0435534 0.354217 0.000883975 0.00159795 0.00127363 0.00638123 0.00221096 0.354533 0.10307 0.0251081 0.00786387 2.76757e-05 0.00284869 0.0109286 
