0.201286 0.00940103 0.129776 0.089201 3.13614e-05 0.00475084 4.8879e-06 0.00266482 0.00460969 0.0230908 0.000280107 0.0556269 0.00512322 0.264725 0.000820784 0.100356 0.00273241 0.067354 0.0201654 0.0179995 
0.176616 0.00816818 0.107367 0.0279154 0.000336768 0.00329998 0.000481684 0.00529266 0.00407631 0.024518 0.00315579 0.0540654 0.0154279 0.344063 0.00395207 0.0270714 0.00293443 0.0929703 0.0529842 0.0453041 
0.139705 0.0260907 0.164817 0.0367236 4.69022e-05 0.0301917 0.00698805 0.00458522 0.00358618 0.0174491 0.00219305 0.0168029 0.0199039 0.284895 0.00259935 0.00498116 2.16613e-05 0.17676 0.0237041 0.037955 
0.04204 0.0219479 0.142942 0.127852 0.000439872 0.0016647 7.85552e-05 0.00283679 0.00129467 0.00244631 0.00151221 0.0470087 0.0204457 0.490023 0.00137195 0.00553598 0.00355564 0.0368949 0.0263187 0.0237897 
0.0567396 0.00924009 0.113902 0.0522745 0.000185626 0.0176666 0.000134988 0.000426377 0.00379111 0.00483561 0.010427 0.0218226 0.0117962 0.54541 0.00255577 0.0157041 8.00592e-06 0.03715 0.0363765 0.0595533 
0.292628 0.00551592 0.032243 0.00872879 3.03006e-06 0.00290142 1.06012e-06 0.0187774 0.0105851 0.0173536 0.00169125 0.174301 0.0418268 0.316272 0.0013391 0.00896587 0.00201036 0.0187644 0.0433395 0.00275143 
0.0479694 0.0063063 0.091903 0.0351406 3.78494e-05 0.00702456 0.000272839 0.00681421 0.00545918 0.0172874 0.00149061 0.0854048 0.0132266 0.483007 0.0014811 0.0414374 0.000474626 0.0589716 0.0471284 0.0491628 
0.0665764 0.00272467 0.057576 0.0084797 2.28032e-06 0.00491374 5.7656e-06 0.00350209 0.00667337 0.00288795 0.000877296 0.0831581 0.00424519 0.48977 0.000189792 0.0908096 5.7088e-06 0.0653926 0.0177425 0.0944668 
0.102725 0.00757801 0.107363 0.0106116 4.51625e-05 0.00178818 1.47952e-05 0.00763811 0.00488524 0.00159583 0.00103155 0.0295465 0.00721979 0.544886 0.00590811 0.00848997 1.09255e-05 0.0625736 0.0841323 0.0119568 
0.124192 0.00619254 0.0937839 0.0253686 0.000221616 0.0106971 8.56997e-05 0.0629434 0.00795029 0.0113063 0.00385965 0.0804012 0.0143646 0.39679 0.00317324 0.0411524 0.00139091 0.0481865 0.0406114 0.0273286 
0.0703108 0.0175836 0.172425 0.0479284 0.000126788 0.00358126 0.000437923 0.0119442 0.00224567 0.0115217 0.00119757 0.0925322 0.0191134 0.314704 0.0013531 0.031196 0.00135095 0.0516124 0.0330239 0.115811 
0.0520229 0.00960874 0.095933 0.042738 7.71615e-05 0.00810831 0.000108276 0.0067014 0.00909951 0.0349174 0.00241324 0.10065 0.0173619 0.328331 0.00480182 0.162366 0.00415758 0.0536015 0.0299017 0.0371006 
0.0944813 0.00569653 0.0726203 0.106387 3.81907e-06 0.00535967 5.08101e-05 0.00886042 0.00249439 0.0206673 0.000763279 0.0156971 0.0657921 0.41982 0.00301845 0.0157797 3.11169e-06 0.0434705 0.106694 0.0123401 
0.125753 0.0090968 0.0829824 0.0433653 0.000822391 0.0086682 0.000447848 0.0196451 0.00347242 0.0338941 0.00119816 0.0900432 0.011129 0.413166 0.000894328 0.0309177 0.000581578 0.0521684 0.0268734 0.0448805 
0.291242 0.00775987 0.071263 0.031856 0.000262739 0.00768972 0.000148479 0.00260455 0.00608534 0.0116751 0.00216333 0.0342634 0.0157195 0.362187 0.00174544 0.00512218 0.000111488 0.0683172 0.0533447 0.0264391 
0.123719 0.00936721 0.19889 0.0421557 4.50346e-05 0.0177427 0.000112658 0.00137911 0.00101025 0.00752628 0.00141195 0.0112863 0.026176 0.40023 0.000871466 0.0193389 0.000266755 0.0916039 0.02209 0.0247766 
0.0801808 0.0242549 0.0752938 0.0669829 0.000308607 0.0108387 0.00228577 0.00258449 0.00808711 0.0343453 0.0124432 0.0513917 0.040445 0.364883 0.00128893 0.0204212 0.00443116 0.0547854 0.0311096 0.113639 
0.084054 0.00832461 0.287045 0.016178 0.000506967 0.0025073 0.000176132 0.00977761 0.00764526 0.0284657 0.00712442 0.00714731 0.0146425 0.35147 0.00074335 0.0017777 0.00787449 0.030413 0.0995298 0.0345971 
0.0251493 0.000550652 0.0423484 0.0201242 5.91226e-07 0.000638249 6.57791e-05 0.00162592 0.003473 0.00224236 0.00121347 0.0975262 0.0101996 0.694246 1.6748e-05 0.00483568 5.42293e-06 0.00879349 0.0562558 0.030689 
0.120387 0.0138231 0.0936711 0.0356446 0.000237505 0.00788182 0.00758859 0.0491351 0.0155417 0.00737605 0.00365916 0.0325408 0.00605482 0.490288 0.00155325 0.00720985 0.000244753 0.0460094 0.0400744 0.0210789 
0.205562 0.00657552 0.0392145 0.0520291 8.69499e-05 0.0011074 6.37577e-05 0.00269331 0.00321964 0.0483312 0.00124251 0.0704412 0.0157493 0.341191 0.0116952 0.00402794 0.00153123 0.0981338 0.0687884 0.0283165 
0.0971957 0.0113435 0.106909 0.0750976 0.000242499 0.00337871 0.00015782 0.00514475 0.00447126 0.0860856 0.00116203 0.131426 0.0100421 0.29726 0.00360987 0.0142239 0.00324148 0.0744276 0.0213679 0.0532126 
0.0978171 0.0057647 0.0280712 0.0208862 0.000942687 0.00278806 4.61751e-05 0.00397586 0.00307459 0.0115455 0.00732787 0.323508 0.00777029 0.364342 0.00355583 0.0232588 0.000174433 0.0298108 0.0224774 0.0428626 
0.102577 0.0124527 0.0916819 0.082099 0.000202355 0.0223121 0.0055519 0.00262455 0.00582035 0.0238991 0.00551873 0.0970153 0.0248042 0.350717 0.00666292 0.0131747 0.00211104 0.0752487 0.040315 0.0352118 
0.250038 0.00202812 0.0763835 0.0714369 1.1577e-06 0.000515553 3.75391e-06 0.0372418 0.0016282 0.0116 0.00196104 0.0439223 0.00369807 0.306356 0.0179813 0.0264887 8.65156e-05 0.125099 0.0198368 0.00369311 
0.116946 0.0176873 0.172882 0.0690639 1.65131e-06 0.094016 2.648e-05 0.00165644 0.00704243 0.0258034 0.0970786 0.0312072 0.00357636 0.230818 0.00210579 0.00655858 1.16834e-05 0.0651178 0.0248361 0.0335649 
0.112256 0.0229559 0.155268 0.0550475 5.10063e-05 0.000421021 0.000105164 0.000623475 0.00301133 0.0412094 0.0210099 0.0405174 0.0109861 0.229442 0.00105624 0.00660687 0.00266904 0.0754182 0.0802906 0.141055 
0.0594765 0.012852 0.029914 0.0280228 3.75397e-05 0.00156284 0.000569328 0.00146678 0.011298 0.017678 0.0040297 0.205432 0.00963923 0.41753 2.72451e-05 0.0195543 0.000144947 0.101616 0.0317149 0.0474331 
0.0442929 0.0380107 0.0672732 0.0457546 0.0580191 0.00265379 0.000550477 0.0175302 0.00298294 0.0112124 0.000972262 0.0721753 0.0369222 0.391019 0.000112433 0.00741737 0.000118534 0.0451566 0.0157796 0.142046 
0.186966 0.0103965 0.155111 0.0295449 2.37389e-06 0.00194682 7.34318e-06 0.0171195 0.00167342 0.028417 0.000857604 0.0573646 0.00636926 0.283366 0.00163837 0.0134665 2.84795e-05 0.136975 0.0256401 0.04311 
0.16656 0.0597998 0.165738 0.0430035 0.000102781 0.000707052 7.07957e-05 0.0014086 0.00808219 0.0664719 8.92468e-05 0.0142465 0.0304018 0.190501 7.35573e-05 0.018125 2.48866e-05 0.112821 0.0731837 0.0485881 
0.0463459 0.00948124 0.129684 0.00959166 8.82798e-07 3.5804e-05 4.02676e-06 0.00100161 0.00246969 0.0324561 0.00722743 0.0179021 0.0113379 0.568241 0.000481028 0.00507799 0.00017431 0.0347825 0.065186 0.0585197 
0.136303 0.00784135 0.114706 0.0257495 0.00010777 0.00188687 0.000281526 0.0148848 0.00384613 0.069976 0.0711259 0.0209196 0.0137572 0.180364 0.00469021 0.0398096 0.000620298 0.112243 0.141518 0.0393686 
0.124377 0.000821574 0.0105575 0.0244725 1.69214e-06 0.00287631 1.33446e-06 0.00117347 0.000348012 0.096465 0.000143789 0.0199861 0.000200428 0.555282 0.000237721 0.0877159 3.4017e-06 0.0452728 0.0295469 0.000516552 
0.0520838 0.00229934 0.0701597 0.0120741 0.00012737 0.000717732 4.66944e-05 0.00388813 0.000824052 0.00561421 0.0220639 0.04706 0.0042198 0.647374 0.0024908 0.0357481 0.00260965 0.027781 0.031334 0.0314838 
0.0323645 0.0290265 0.106016 0.0422429 8.31998e-05 0.0193206 0.000268197 0.0122304 0.00292111 0.00805698 0.00280686 0.092554 0.0134842 0.49754 0.000909747 0.0168812 0.00196975 0.0499465 0.0173877 0.05399 
0.124377 0.000821574 0.0105575 0.0244725 1.69214e-06 0.00287631 1.33446e-06 0.00117347 0.000348012 0.096465 0.000143789 0.0199861 0.000200428 0.555282 0.000237721 0.0877159 3.4017e-06 0.0452728 0.0295469 0.000516552 
0.0790908 0.00779227 0.091792 0.0624327 1.73229e-06 0.00146621 2.08702e-05 0.000206371 0.00253253 0.0378835 0.00112713 0.023694 0.0342223 0.301931 9.28221e-05 0.271146 3.46289e-05 0.0301219 0.038413 0.0159985 
0.0317593 0.0090104 0.0978459 0.0220482 0.000513902 0.00737754 0.000149426 0.00275835 0.000982389 0.00418742 0.000228812 0.0219883 0.0212709 0.543801 0.00133965 0.00474481 0.0691435 0.0307726 0.0628772 0.0672004 
0.136684 0.0111254 0.118523 0.131789 0.000137287 0.0270198 0.000103609 0.000698112 0.00102577 0.040866 0.0130249 0.0174802 0.0502893 0.273317 0.000254712 0.0119532 0.000286537 0.0774043 0.0697388 0.0182788 
0.120848 0.00864449 0.0594934 0.0870721 4.44294e-06 0.00344506 3.49745e-05 0.0124783 0.00208218 0.0270194 0.00109909 0.0699628 0.0107064 0.268864 0.000481354 0.217584 4.85181e-05 0.0528916 0.03141 0.0258305 
0.17562 0.0128923 0.0918935 0.049329 0.000442369 0.00588688 0.00120768 0.00407098 0.00608312 0.0225227 0.00359187 0.0881856 0.024784 0.294056 0.00699616 0.0284647 0.00217546 0.0856637 0.0408903 0.0552432 
0.0891771 0.00106741 0.0314302 0.0731529 6.24484e-07 4.82189e-05 3.64032e-12 4.26297e-05 0.0458725 0.0297856 6.56711e-06 0.0899873 0.000660266 0.355667 1.21717e-05 0.0592253 1.63552e-09 0.088142 0.00460849 0.131113 
0.289072 0.00942701 0.0611802 0.0768339 0.000281457 0.00586382 0.000103878 0.00022976 0.00957248 0.010414 0.000290278 0.026077 0.00336381 0.356522 0.00293995 0.0304668 0.000124167 0.0653963 0.0369124 0.0149284 
0.0199017 0.0020406 0.0477976 0.00732892 8.59683e-05 0.00267813 4.35879e-05 0.00977164 0.000425259 0.00229587 0.000162576 0.196162 0.0212228 0.600747 0.00502351 0.00829437 0.00198854 0.0447046 0.0143897 0.014935 
0.093145 0.0370488 0.0549848 0.0785436 0.000450578 0.0063771 0.00158658 0.00988714 0.00973207 0.0257342 0.124835 0.0656049 0.0415324 0.197898 0.00189375 0.0791681 0.00238349 0.0904068 0.0424491 0.0363382 
0.0439098 0.00184352 0.0495411 0.0252046 0.000140374 0.000798732 0.00041678 0.0136723 0.00193992 0.0139555 0.00262931 0.0237584 0.0985084 0.462337 0.000775914 0.0208587 0.079216 0.0783276 0.0367012 0.0454649 
0.0543627 0.0110969 0.108124 0.0627174 0.000125382 0.00453155 0.00015623 0.00674718 0.0134679 0.0419361 0.00248064 0.0649653 0.0116189 0.244476 0.00642041 0.00832965 0.00160821 0.104043 0.0305248 0.222268 
0.0587402 0.0135425 0.12676 0.0531313 0.000794745 0.00113427 0.000360008 0.00597897 0.00422155 0.00855774 0.00110268 0.11602 0.029561 0.377395 0.000766398 0.0162286 0.0017683 0.051597 0.0500433 0.0822958 
0.0184048 0.00601544 0.0325706 0.011294 8.16877e-06 0.135828 3.70753e-06 0.000657747 0.001714 0.00149119 0.00129626 0.244998 0.00674292 0.478439 2.123e-05 0.00883255 5.41746e-06 0.00842363 0.0335207 0.00973298 
0.16974 0.0318117 0.0448995 0.063701 0.000704068 0.000371823 0.000120378 0.0118591 0.0004209 0.00458427 0.00120715 0.0117218 0.125221 0.402711 0.00330873 0.032405 3.28796e-05 0.0107123 0.0792449 0.00522203 
0.124377 0.000821574 0.0105575 0.0244725 1.69214e-06 0.00287631 1.33446e-06 0.00117347 0.000348012 0.096465 0.000143789 0.0199861 0.000200428 0.555282 0.000237721 0.0877159 3.4017e-06 0.0452728 0.0295469 0.000516552 
0.119911 0.0141371 0.0780051 0.0394549 0.000497079 0.0131017 0.000451798 0.00418254 0.0111289 0.0244806 0.00366652 0.180887 0.0154114 0.301432 0.00376051 0.0167087 0.00489355 0.079412 0.0523155 0.0361615 
0.0449709 0.00350655 0.0955348 0.00721921 0.000325459 0.00190071 7.75382e-05 0.00166526 0.0254625 0.00962994 0.0110357 0.0170664 0.01013 0.610293 0.00106968 0.0284334 0.00879528 0.0348629 0.0678869 0.0201346 
0.0961972 0.0101097 0.09866 0.0400081 0.000101167 0.00751315 0.000159564 0.00580828 0.00249421 0.0159902 0.0022993 0.0621724 0.00718332 0.447255 0.00473378 0.0158049 0.00220809 0.0763977 0.0609903 0.043914 
0.0629445 0.0128264 0.181466 0.0473512 0.000466697 0.159354 0.00033704 0.00585536 0.00273737 0.0137658 0.00641629 0.0720349 0.00848963 0.228936 0.00703009 0.0189098 0.000764046 0.0740107 0.041521 0.0547831 
0.112823 0.0231094 0.110607 0.159328 0.000107019 0.0325752 0.000112976 0.00342855 0.00562774 0.0338519 0.0155909 0.0183223 0.0286785 0.170932 0.00960182 0.0104873 0.00757411 0.0921836 0.103598 0.061461 
0.0353353 0.020917 0.106212 0.0246548 7.16176e-05 0.00836869 8.86195e-05 0.000775782 0.00905868 0.0169366 0.00414682 0.0492071 0.0709114 0.458523 0.000300894 0.0166492 0.00171167 0.0363348 0.0645787 0.0752167 
0.157348 0.00913195 0.0697169 0.0386922 0.00198686 0.00377271 0.00440998 0.00194755 0.00769358 0.0195662 0.00719487 0.122297 0.0165745 0.297587 0.00414824 0.0962071 0.00173845 0.080496 0.0282868 0.0312036 
0.219299 0.00122617 0.185647 0.0699829 2.75236e-05 0.00418524 0.000245775 0.000312433 0.000393394 0.00155474 0.000542183 0.00752979 0.0171652 0.289465 0.000271094 0.00298176 1.04388e-05 0.0523969 0.0925308 0.0542326 
0.206152 0.00990176 0.0740619 0.0464576 0.00213944 0.00460757 0.000427141 0.00559365 0.0118459 0.0311324 0.00553401 0.105866 0.00982832 0.294852 0.00910927 0.0153984 0.00267466 0.0883563 0.03625 0.0398119 
0.0712656 0.00894867 0.124288 0.0250089 0.000876326 0.00384699 0.000162526 0.0025865 0.00262886 0.00405483 0.0145181 0.0753689 0.0060403 0.531867 0.00259891 0.00971965 0.00512708 0.0526112 0.0362224 0.0222596 
0.0389681 0.00745656 0.0820617 0.0180625 3.79795e-05 0.0243618 3.06763e-05 0.00168586 0.00172342 0.00795234 0.00630928 0.0729363 0.0279804 0.533115 0.00619698 0.0287943 0.000920811 0.0650746 0.0483677 0.0279639 
0.0620955 0.00401538 0.0264857 0.00824509 0.0653791 0.000779629 7.24302e-05 0.00286885 0.00159033 0.00305428 0.0252989 0.278831 0.0161505 0.437543 0.000352161 0.00320551 0.000759941 0.0356173 0.0172119 0.0104443 
0.0702733 0.00682529 0.197491 0.0713229 1.58977e-05 0.00759871 0.000608072 0.00247475 0.00223236 0.00560975 0.000278244 0.0473056 0.00872425 0.258901 0.00141148 0.0139586 0.000109465 0.238494 0.018116 0.0482492 
0.0589114 0.0314678 0.0724268 0.0388469 4.85343e-05 0.0949878 0.000890115 0.00915491 0.00371191 0.0257056 0.00210087 0.0612772 0.00491451 0.364786 0.00340434 0.0344089 0.00011382 0.105148 0.0657794 0.0219151 
0.0854642 0.00444665 0.0803244 0.0531248 0.000142244 0.00473755 0.000634674 0.00556156 0.00436907 0.0277403 0.00157697 0.125053 0.00542389 0.417959 0.00322 0.0122761 0.000704572 0.1051 0.0255864 0.0365545 
0.124377 0.000821574 0.0105575 0.0244725 1.69214e-06 0.00287631 1.33446e-06 0.00117347 0.000348012 0.096465 0.000143789 0.0199861 0.000200428 0.555282 0.000237721 0.0877159 3.4017e-06 0.0452728 0.0295469 0.000516552 
0.00553207 0.00395329 0.0323434 0.0360775 6.00061e-08 0.00460348 1.21904e-06 0.000253901 0.000529297 0.00303045 0.000382248 0.0201799 0.0045379 0.793362 0.000479965 0.00694835 0.000114242 0.0206825 0.0587062 0.00828176 
0.17044 0.0141376 0.0731896 0.0607795 0.00297014 0.00588026 0.0015507 0.00115817 0.0155156 0.00781379 0.0262966 0.120557 0.0046131 0.252802 0.00292857 0.0145207 0.000899587 0.174028 0.0236139 0.026305 
0.116701 0.00940055 0.0613727 0.0182167 0.000372861 0.00218233 1.35947e-05 0.00352652 0.00423319 0.0140188 0.00181661 0.0612608 0.00780593 0.341048 0.00152418 0.281949 0.000312881 0.0460281 0.0195474 0.0086695 
0.00221154 0.000442435 0.0807124 0.0117252 2.62092e-07 0.00432055 1.18256e-06 9.01131e-05 7.08599e-05 4.53832e-05 3.37014e-05 0.0042172 0.000486692 0.85837 1.0562e-06 0.00189367 1.23394e-06 0.016784 0.00385719 0.014735 
0.0338281 0.00473311 0.0578997 0.0550099 7.70524e-06 0.00405486 0.000765136 0.000675397 0.00180399 0.00317287 0.00437047 0.0979776 0.0539511 0.59237 0.000837553 0.0206977 3.53897e-05 0.0296943 0.0155453 0.0225699 
0.213001 0.00921567 0.120629 0.0527218 7.06887e-05 0.0150148 1.07418e-05 0.000296336 0.00515907 0.0194588 0.00109314 0.0292753 0.0146211 0.247855 0.00257912 0.0235761 0.000146162 0.156271 0.0591515 0.0298528 
0.0754431 0.0274382 0.0673051 0.181388 0.000683188 0.132625 0.000399323 0.0019061 0.00444263 0.0181068 0.00442885 0.0484766 0.0188791 0.233569 0.00382598 0.00478988 0.00791839 0.126877 0.0299965 0.0115012 
0.00553207 0.00395329 0.0323434 0.0360775 6.00061e-08 0.00460348 1.21904e-06 0.000253901 0.000529297 0.00303045 0.000382248 0.0201799 0.0045379 0.793362 0.000479965 0.00694835 0.000114242 0.0206825 0.0587062 0.00828176 
0.132859 0.0130056 0.157202 0.0615463 0.000119707 0.0055075 0.000361079 0.00483587 0.0182859 0.00842759 0.00372083 0.0292904 0.0395552 0.414421 0.00173107 0.00196605 0.00507848 0.0170641 0.0766404 0.00838215 
0.0191002 0.023712 0.100182 0.0314357 0.00027259 0.00842233 0.000234222 0.000730051 0.00355657 0.0328314 0.00460868 0.0189734 0.0777864 0.32409 0.00132783 0.00610609 0.0185687 0.193942 0.0813999 0.0527195 
0.0928221 0.0182089 0.157893 0.0458041 8.42245e-05 0.012361 0.000121652 0.0148846 0.0075704 0.0291675 0.0039298 0.0464253 0.0243784 0.24318 0.00372843 0.0188205 0.00242475 0.127938 0.0998014 0.0504562 
0.0606567 0.00779862 0.0516241 0.0203962 4.61577e-05 0.00126227 5.90197e-06 0.00400061 0.00520755 0.0378553 0.00230957 0.188625 0.0114138 0.444599 0.000374019 0.0309244 0.000132074 0.0518496 0.0276973 0.0532217 
0.105469 0.00609117 0.068449 0.0404549 0.000518086 0.00202453 0.000292368 0.0116537 0.00731064 0.0122892 0.00290025 0.0398749 0.0184049 0.402289 0.00202296 0.141558 0.00373176 0.0666987 0.0396876 0.0282787 
0.0555033 0.0323823 0.193231 0.0399232 0.000119233 0.00799823 8.31678e-05 0.000102361 0.000919539 0.0370743 0.000127923 0.0224282 0.0103672 0.308134 0.000151122 0.00268478 1.91414e-05 0.0915162 0.0514877 0.145747 
0.105603 0.0502141 0.115692 0.0891181 1.95599e-05 0.00217827 9.55386e-05 0.00173852 0.00592286 0.0186345 0.0326922 0.0458609 0.0534273 0.207522 0.00129251 0.00465823 0.00100046 0.0903742 0.0610147 0.112941 
0.0971635 0.0247155 0.0983015 0.0427178 0.00139375 0.00649659 0.000150418 0.00142935 0.0166711 0.0360996 0.00774847 0.0184348 0.0130983 0.288043 0.00309996 0.0051228 0.0082139 0.248455 0.0673087 0.0153354 
0.0478998 0.00703044 0.02446 0.013282 0.000842595 0.00168889 0.000163127 0.00766474 0.00206752 0.0267 0.0117722 0.00737675 0.0302905 0.739533 8.56176e-05 0.00972769 9.57219e-05 0.0144475 0.0418644 0.0130075 
0.161805 0.00737413 0.0467412 0.0295277 0.00513812 0.00178009 0.000162908 0.00371726 0.0152506 0.0294013 0.00685691 0.122044 0.00550995 0.362654 0.00578207 0.0769408 0.00053488 0.0603558 0.0337443 0.0246793 
0.183958 0.0277367 0.072398 0.0598443 3.46932e-05 0.0566611 0.000141964 0.00129287 0.00472737 0.022756 1.35262e-05 0.0100572 0.0158258 0.235249 0.000220296 0.00148441 0.000304081 0.117334 0.107048 0.0829116 
0.020158 0.0393321 0.027437 0.072627 0.000681885 0.169317 5.39779e-05 0.000790343 0.00319641 0.0127564 0.0113953 0.147458 0.0192035 0.348493 0.000345964 0.013383 0.000142873 0.0255609 0.00983263 0.0778335 
0.104755 0.00829768 0.168096 0.0184989 4.0269e-05 0.00195882 2.44417e-05 0.00139425 0.00660072 0.00956589 0.000146637 0.0188736 0.00471197 0.487855 0.00160265 0.00582274 0.000240504 0.0810871 0.066057 0.01437 
0.18172 0.00587828 0.0525149 0.0161026 0.000188801 0.00594252 0.000147697 0.00227834 0.00905031 0.00634539 0.00278621 0.217277 0.0113211 0.295802 0.000595866 0.0113462 0.000527038 0.0506149 0.070275 0.0592853 
0.0861089 0.00487233 0.158404 0.0313146 0.000234482 0.00596347 0.00011462 0.0125326 0.0147294 0.00744528 0.000656447 0.0245671 0.00252842 0.466108 0.00193435 0.00586791 0.00321324 0.1105 0.0456238 0.0172808 
0.195433 0.0184178 0.121309 0.0292634 8.58148e-07 0.0451976 9.07825e-06 0.0161975 0.000496126 0.00508082 0.008212 0.079932 0.0165645 0.272317 0.00564942 0.0109973 3.05051e-06 0.153797 0.0157329 0.00539019 
0.125782 0.00974357 0.0938062 0.037606 0.00135601 0.00612199 0.00174414 0.00538416 0.00924188 0.0173112 0.00915092 0.0259993 0.0145702 0.39498 0.0047546 0.00677663 0.00107245 0.0839297 0.0973549 0.0533145 
0.149866 0.00867568 0.0367655 0.0253312 9.44797e-06 0.00186499 2.35157e-05 0.00479749 0.00744403 0.0404289 0.00414809 0.0381879 0.0213602 0.484964 0.00112719 0.0192892 0.00109638 0.114321 0.0203596 0.0199401 
0.107466 0.00199192 0.0967404 0.0457102 9.28855e-06 0.00165246 1.65284e-08 0.00350789 0.000400943 0.236156 0.000129238 0.067324 0.00258216 0.263745 0.000345515 0.0109984 5.03265e-05 0.0786642 0.0129375 0.0695882 
0.00356588 0.00722399 0.0476671 0.00916292 0.00021153 0.000503685 0.00117591 0.00119054 0.000972127 0.00215619 8.00253e-05 0.0976372 0.0050935 0.69688 6.577e-05 0.00554263 7.33146e-05 0.00993084 0.0325769 0.0782898 
0.0183519 0.00551236 0.146372 0.0255446 1.95741e-05 0.000836156 4.26772e-05 0.000336357 0.00241158 0.00931711 0.000116159 0.10342 0.0129023 0.348839 0.000374416 0.0144539 0.000388047 0.0223668 0.0149005 0.273495 
0.00972031 0.00159291 0.0866989 0.00525292 2.03845e-05 0.000350041 0.000175497 0.000991645 0.000118564 0.000198049 3.95132e-05 0.00530253 0.00429432 0.807272 6.72464e-06 0.00702157 5.73208e-06 0.0302589 0.0148155 0.0258638 
0.0433186 0.0329345 0.0952837 0.044272 0.00161028 0.00276525 0.000168453 0.00834593 0.00218411 0.0108646 0.00169021 0.229572 0.00505344 0.271026 0.00361038 0.0263739 0.000578964 0.0557561 0.108503 0.0560888 
0.1577 0.00462064 0.0812716 0.0966331 0.000322409 0.000680266 4.07847e-05 0.0249842 0.00856006 0.0108521 0.00537776 0.185269 0.0162811 0.239603 0.0131331 0.00456201 0.000273014 0.104 0.0106384 0.0351979 
0.00747566 0.0204115 0.163817 0.0171847 0.000280995 0.00836363 7.78741e-05 0.0611711 0.000291464 0.0106916 0.0005463 0.0940393 0.0238446 0.444628 0.000287357 0.069831 0.000444961 0.0217726 0.0164026 0.0384375 
0.176351 0.00151645 0.0168584 0.0183532 6.30169e-06 0.000994764 1.65086e-05 0.00021135 0.00191577 0.00666546 0.0144587 0.00725572 0.00106943 0.643724 0.000576962 0.00936706 7.49903e-05 0.0555685 0.0394621 0.00555317 
0.00758917 0.00745395 0.221101 0.00957838 2.18884e-05 0.00117348 1.21481e-05 2.71124e-05 5.44273e-05 0.00073732 3.59507e-05 0.0232497 0.0467269 0.550024 8.19579e-05 0.00103389 0.000556844 0.0262985 0.0626487 0.041595 
0.187305 0.0166226 0.12437 0.101301 6.6668e-05 0.00787607 0.00656059 8.08916e-05 0.00602649 0.051692 0.00158308 0.0199122 0.0232947 0.222784 0.00179253 0.00608526 0.000102569 0.0926713 0.0959923 0.0338815 
0.054555 0.0224457 0.27712 0.0310752 6.17343e-05 0.00275579 3.43347e-05 0.00920522 0.006421 0.00940833 0.000341029 0.0250639 0.0275605 0.348782 0.0235632 0.0318559 0.000773317 0.0370731 0.0434937 0.0484109 
0.0378655 0.00374946 0.0264988 0.0214779 0.000557281 0.00128345 2.31373e-05 0.00290647 0.0157122 0.0156362 0.0220933 0.156863 0.0510732 0.440779 0.000588379 0.00300135 0.000304782 0.0271416 0.0071232 0.165322 
0.263171 0.0073136 0.0765706 0.0315983 0.00041906 0.000879682 0.000126948 0.00198538 0.00462619 0.0120044 0.00256249 0.031851 0.00689796 0.458301 0.00201217 0.00313151 0.000174722 0.0400159 0.0282775 0.0280815 
0.0479532 0.0135457 0.236012 0.0209777 1.83948e-05 0.00544522 0.000606979 0.00106711 0.004666 0.0144189 0.00382742 0.0129544 0.0572293 0.33233 0.000446889 0.0150145 0.000675544 0.0179568 0.0204669 0.194387 
0.124377 0.000821574 0.0105575 0.0244725 1.69214e-06 0.00287631 1.33446e-06 0.00117347 0.000348012 0.096465 0.000143789 0.0199861 0.000200428 0.555282 0.000237721 0.0877159 3.4017e-06 0.0452728 0.0295469 0.000516552 
0.00768907 0.00307663 0.0151678 0.0454764 9.18416e-05 0.000322834 1.75326e-06 0.00700491 0.0023256 0.0240094 0.000204091 0.122414 0.00407869 0.695048 4.39053e-05 0.00814304 1.42125e-05 0.0141568 0.0121313 0.0385999 
0.00553207 0.00395329 0.0323434 0.0360775 6.00061e-08 0.00460348 1.21904e-06 0.000253901 0.000529297 0.00303045 0.000382248 0.0201799 0.0045379 0.793362 0.000479965 0.00694835 0.000114242 0.0206825 0.0587062 0.00828176 
0.187276 0.00436858 0.112963 0.0418923 5.0276e-05 0.00254827 6.86841e-05 0.00789681 0.00196187 0.0123768 0.00215805 0.0692976 0.00532784 0.352536 0.00473595 0.0162061 0.000336141 0.103636 0.0350074 0.0393555 
0.0512874 0.0101326 0.0745885 0.0842672 9.02106e-05 0.00700667 0.000346531 0.00278038 0.0318177 0.0646864 0.0238747 0.0829458 0.0097377 0.372113 0.00365427 0.00944915 0.00502787 0.0656813 0.0236713 0.076841 
0.181745 0.00352779 0.104429 0.0150763 0.000513446 0.00297879 0.000145286 0.000826693 0.133575 0.019825 0.00133205 0.130667 0.00144884 0.264775 0.00236544 0.0100198 0.000439953 0.0588733 0.02048 0.0469566 
0.116923 0.00779021 0.0795701 0.0350955 0.00042237 0.0189803 7.64293e-05 0.023179 0.0232575 0.0146416 0.00126442 0.0622511 0.0220374 0.393948 0.00455955 0.0651259 0.0012576 0.0633184 0.0369606 0.0293417 
0.00468667 0.0029479 0.00846205 0.010241 5.12744e-08 0.000475756 1.14838e-05 0.00110125 0.00034574 0.00178504 3.81418e-06 0.0773154 0.0185559 0.796175 0.000146694 0.0144941 2.11326e-06 0.00110991 0.0142608 0.0478795 
0.19851 0.00239497 0.0363187 0.0366991 7.84482e-05 0.00155132 2.91814e-07 0.000517897 0.00020483 0.0325089 0.000790147 0.0347768 0.000583468 0.319933 0.00157174 0.0264202 2.10624e-05 0.283428 0.0182395 0.00545178 
0.0499876 0.00996689 0.0552195 0.0219907 3.51243e-07 0.0017949 0.000215817 0.00239943 0.00235484 0.0265323 7.19638e-05 0.170267 0.0132625 0.44918 0.00321825 0.0291978 0.00353946 0.0239455 0.126137 0.0107192 
0.114357 0.00305775 0.0467146 0.0289713 1.11481e-05 0.00791554 4.97356e-05 0.00800158 0.006453 0.0229113 0.00282349 0.158635 0.0108393 0.375421 0.00349246 0.105199 0.00181282 0.0540457 0.0258315 0.0234566 
0.118499 0.0122706 0.084026 0.036754 0.00777357 0.00232032 9.06553e-05 0.0286299 0.00401899 0.0115668 0.00951431 0.0455971 0.00679457 0.282301 0.00738597 0.211244 0.000317136 0.0851791 0.0155133 0.0302042 
0.143413 0.00452905 0.111255 0.0440083 2.77372e-05 0.0118048 2.93049e-05 0.000460005 0.00170364 0.0141433 0.00288133 0.0331116 0.00654984 0.210264 0.0261397 0.0256993 0.00216388 0.192844 0.0195597 0.149412 
0.0939225 0.0032119 0.100781 0.0233395 0.000232213 0.00406907 0.00296072 0.000621731 0.00309147 0.0114382 0.00323759 0.027754 0.0074822 0.401738 0.00776021 0.160666 0.00218116 0.088824 0.0235252 0.0331644 
0.0397545 0.0278528 0.104261 0.0302272 4.34906e-05 0.00896914 6.10232e-05 0.0022492 0.000254637 0.0107265 0.00182618 0.143895 0.00801639 0.448287 0.000198235 0.0705851 1.13834e-05 0.0162633 0.0368933 0.0496252 
0.0345314 0.0315403 0.163302 0.109122 5.52103e-05 0.00131427 5.33183e-06 0.0020695 0.00130107 0.00202209 0.000609252 0.0325553 0.0209444 0.509728 0.000304939 0.00736966 0.000244574 0.032309 0.020664 0.0300077 
0.218192 0.029569 0.0386541 0.0157158 0.000125316 0.00278507 6.82203e-05 0.00857163 0.00340279 0.0122805 0.00572333 0.0238329 0.00768948 0.465068 0.000447313 0.0482648 2.87243e-06 0.0933898 0.0156797 0.0105372 
0.0594357 0.00310685 0.0650629 0.0102962 4.03865e-07 0.000114623 5.28545e-06 0.00103708 0.00311042 0.0385585 0.00957722 0.00398299 0.0168708 0.666411 0.000605341 0.00230869 0.000191036 0.0392844 0.0530477 0.0269927 
0.0726904 0.00225311 0.025067 0.0210491 0.0425141 0.000501098 4.77143e-05 0.00323181 0.00312367 0.00281758 0.0127579 0.19493 0.0213549 0.515917 2.25433e-05 0.00562206 9.17765e-05 0.0467697 0.011633 0.0176063 
0.125672 0.0225484 0.176028 0.0554402 0.000593214 0.00281139 0.000118264 0.00473571 0.00684393 0.0361525 0.000400736 0.0550303 0.0136354 0.245462 0.00165292 0.0339757 0.000281122 0.119382 0.0336483 0.065588 
0.251367 0.00347966 0.0976389 0.0347183 0.000454853 0.00546621 0.000138654 0.00189442 0.0120986 0.0221698 0.00124241 0.0317908 0.00137587 0.313589 0.0075151 0.0323825 0.00128619 0.144556 0.0262287 0.0106065 
0.104957 0.0168038 0.0565622 0.0499158 0.000210544 0.000491701 0.00085437 0.00610268 0.000574543 0.0142562 0.00373938 0.0231628 0.0135525 0.586861 0.0110057 0.00645579 0.00029954 0.0522449 0.0406513 0.0112981 
0.0368301 0.00423548 0.038238 0.0357862 7.05072e-05 0.00384444 6.65425e-05 0.00204742 0.00171515 0.0463209 0.00114659 0.126032 0.013142 0.518349 0.00292374 0.0130596 0.000709719 0.0390735 0.0293131 0.0870968 
0.0900885 0.00647534 0.0991366 0.0572855 1.08178e-05 0.00585216 4.43831e-06 0.00226168 0.01681 0.0111375 0.031357 0.0332698 0.00381888 0.399606 0.00310664 0.118199 0.000323022 0.0274654 0.0435044 0.0502875 
0.0738658 0.0116022 0.0597523 0.0368428 0.000153471 0.0267505 0.000129209 0.00529437 0.00570027 0.0116566 0.00358057 0.247051 0.0118855 0.357552 0.00254505 0.024212 0.00081744 0.0498323 0.0183326 0.0524441 
0.050993 0.0051347 0.0967323 0.0384378 6.91029e-05 0.00317818 0.00586756 0.000834794 0.0133959 0.00751678 0.00671334 0.00746995 0.0857734 0.598545 0.000971226 0.00317647 0.00165749 0.0290447 0.0152322 0.0292558 
0.155609 0.0130411 0.0871674 0.0753737 0.00027638 0.00485854 0.000975591 0.00341251 0.00777387 0.0191826 0.000900415 0.0220351 0.0137571 0.334028 0.00378693 0.0551678 0.00399133 0.109437 0.0462795 0.0429464 
0.163076 0.00948609 0.0805338 0.0251747 0.000190851 0.000862664 2.1005e-05 0.00217676 0.00162415 0.0281606 0.00365789 0.0974053 0.00402882 0.288473 0.0147701 0.00738436 0.000374742 0.123386 0.0471749 0.102038 
0.191256 0.0277686 0.0667341 0.0565499 8.21142e-05 0.0017991 0.000236113 0.00040839 0.0209821 0.017507 0.00318382 0.0265286 0.0453729 0.208274 0.000816168 0.00570214 0.000908529 0.100273 0.0719481 0.153669 
0.0672734 0.0186539 0.127034 0.0280717 0.000122081 0.00300674 0.00735013 0.00285185 0.00128491 0.0123563 0.0087349 0.0161505 0.0314221 0.384666 0.00540283 0.0991928 0.00173627 0.0581282 0.107861 0.0187001 
0.0255444 0.0106123 0.00788344 0.0333466 3.82484e-05 0.000714121 0.000171224 0.00884603 0.0077116 0.0639716 0.00343405 0.219133 0.00129411 0.450454 0.000234238 0.0708097 0.000312188 0.0269542 0.0282558 0.0402794 
0.130032 0.00617038 0.0951427 0.0349597 4.17309e-05 0.0168202 0.00447705 0.0013541 0.00209602 0.0347838 0.00370451 0.0558084 0.0209833 0.377104 0.00479754 0.0447269 0.00783817 0.0877731 0.0459122 0.0254748 
0.115177 0.00241216 0.0174242 0.0302174 5.64822e-05 0.00342479 3.66257e-05 0.0021126 0.00150907 0.0999884 0.000834873 0.0379569 0.000410374 0.514068 0.00153082 0.0735999 0.00032156 0.0591026 0.037178 0.00263818 
0.0594765 0.012852 0.029914 0.0280228 3.75397e-05 0.00156284 0.000569328 0.00146678 0.011298 0.017678 0.0040297 0.205432 0.00963923 0.41753 2.72451e-05 0.0195543 0.000144947 0.101616 0.0317149 0.0474331 
0.138965 0.00523407 0.129291 0.0332097 6.68385e-06 0.0212896 3.705e-05 0.0218028 0.00122905 0.00939266 0.0271432 0.0661493 0.0176027 0.360913 0.0012394 0.0159434 0.000599218 0.0633189 0.0478268 0.0388056 
0.0461156 0.0131028 0.124456 0.0658049 1.61362e-05 0.00564496 0.000399889 0.000442175 0.0553348 0.0319838 0.00443439 0.0137534 0.0154881 0.268243 0.000914074 0.0134535 0.000400448 0.127656 0.0384983 0.173858 
0.0771431 0.0121006 0.113444 0.0433451 0.000441465 0.00279703 0.000587808 0.00165523 0.00436625 0.00703497 0.00246136 0.182527 0.00676962 0.409015 0.000998711 0.0108879 0.000701751 0.0407033 0.031657 0.0513632 
0.0649496 0.00394595 0.153017 0.0164376 0.000171888 0.00188189 0.000404004 0.0156515 0.00385716 0.0188884 0.000678995 0.0300968 0.0058245 0.42241 0.0036262 0.00205031 9.87574e-05 0.158715 0.0754073 0.0218872 
0.263171 0.0073136 0.0765706 0.0315983 0.00041906 0.000879682 0.000126948 0.00198538 0.00462619 0.0120044 0.00256249 0.031851 0.00689796 0.458301 0.00201217 0.00313151 0.000174722 0.0400159 0.0282775 0.0280815 
0.273936 0.00311042 0.0279319 0.00920701 1.10821e-05 0.00102058 4.22382e-05 0.00770593 0.0172285 0.0166522 0.0291056 0.0259681 0.00999028 0.471749 0.00104031 0.021861 0.000122458 0.0153818 0.0638357 0.00410009 
0.0277549 0.00427962 0.17536 0.0398835 1.13968e-05 0.00236362 3.41016e-05 0.00102504 0.0142736 0.00821007 0.00245304 0.0293844 0.0665709 0.226732 0.000529284 0.00210627 0.00998566 0.0911359 0.118125 0.179783 
0.096773 0.00718827 0.100698 0.105446 6.83694e-05 0.00208489 1.83637e-07 0.0135311 0.000816729 0.0514445 0.00506523 0.0518307 0.0131889 0.372876 0.00375435 0.00927561 0.000935588 0.0852879 0.03936 0.0403746 
0.22051 0.0133643 0.0603879 0.0958671 0.000379125 0.00654183 0.000363844 0.00089724 0.00549519 0.0135634 0.00470186 0.0453557 0.0201407 0.283159 0.0160405 0.00469059 0.00226822 0.143299 0.0276891 0.0352856 
0.00356588 0.00722399 0.0476671 0.00916292 0.00021153 0.000503685 0.00117591 0.00119054 0.000972127 0.00215619 8.00253e-05 0.0976372 0.0050935 0.69688 6.577e-05 0.00554263 7.33146e-05 0.00993084 0.0325769 0.0782898 
0.153654 0.00583013 0.164252 0.0291567 0.000119245 0.000973194 0.00011138 0.000265696 0.00590059 0.0139084 0.000262272 0.0114929 0.035455 0.463418 0.0029038 0.0020729 0.00302177 0.0425407 0.0243201 0.0403422 
0.275132 0.00711943 0.0764805 0.0310819 6.11516e-05 0.00238553 1.03387e-05 0.0203517 0.0012776 0.0236895 0.00342924 0.0156917 0.00751263 0.360546 0.00115366 0.0089971 0.00185843 0.0948627 0.0428191 0.0255399 
0.0924913 0.00354037 0.0744348 0.0466775 0.000419485 0.00397503 5.7167e-05 0.00756397 0.00522527 0.01374 0.00204263 0.130743 0.00313357 0.329362 0.0279637 0.1247 0.00103797 0.0859549 0.022163 0.0247736 
0.0687681 0.0177255 0.128011 0.0264326 2.36586e-05 0.00279748 0.00790579 0.00241331 0.000861773 0.0106591 0.00758718 0.0121692 0.0329384 0.396916 0.00430144 0.102109 0.000470288 0.0531853 0.107479 0.0172453 
0.148174 0.0300833 0.12957 0.0597972 0.00023427 0.00466896 0.00013466 0.000714038 0.00264614 0.0143922 0.00283998 0.0404934 0.0146988 0.290925 0.00492506 0.00892365 0.000903677 0.120016 0.0913584 0.034501 
0.0630055 0.00363982 0.035053 0.0249705 0.00016505 0.000429503 0.0165542 0.00137263 0.00327418 0.00295131 0.00239836 0.0368938 0.00458868 0.696713 0.000837199 0.0160099 0.000930979 0.0426393 0.0337399 0.0138332 
0.0522238 0.0470706 0.182306 0.0654916 4.26632e-05 0.00451709 0.000319266 0.00191199 0.00213627 0.0427509 0.00532868 0.0961591 0.00900316 0.32422 0.00245672 0.00900662 0.000326498 0.0287232 0.0219699 0.104036 
0.0787346 0.00589942 0.0425335 0.0583036 2.49339e-06 0.0279123 0.00348998 0.00290039 0.00453051 0.0239595 0.00148734 0.0593161 0.00948147 0.426762 0.00281298 0.024011 1.20976e-05 0.0833727 0.12798 0.0164983 
0.084054 0.00832461 0.287045 0.016178 0.000506967 0.0025073 0.000176132 0.00977761 0.00764526 0.0284657 0.00712442 0.00714731 0.0146425 0.35147 0.00074335 0.0017777 0.00787449 0.030413 0.0995298 0.0345971 
0.00699864 0.00375578 0.017628 0.0293058 8.15997e-08 0.00177613 1.67413e-06 0.00035004 0.000388407 0.00374565 0.000140095 0.0233593 0.00545941 0.803222 0.000661709 0.00772836 0.00012867 0.0153177 0.0711407 0.00889229 
0.0797812 0.00942813 0.108054 0.0573466 0.000170645 0.0110446 0.000162949 0.0116165 0.00569337 0.0372945 0.00106137 0.0410988 0.0161827 0.348719 0.00562024 0.00698772 0.00338773 0.0661653 0.122029 0.0681554 
0.0320631 0.00552132 0.0977186 0.0473185 4.47119e-05 0.00471075 4.15018e-05 0.00174949 0.00129338 0.0103274 9.87654e-05 0.121474 0.0287697 0.514561 0.000101576 0.0255965 6.45622e-06 0.0309478 0.0164773 0.0611784 
0.113002 0.0163838 0.0773048 0.135811 5.98891e-06 0.00290006 0.00743274 0.000140627 0.0307612 0.0277061 0.00233893 0.0069734 0.0256116 0.331617 0.00719951 0.0685187 1.64319e-05 0.0894587 0.0351429 0.0216744 
0.0623156 0.0228855 0.13651 0.041019 0.00022383 0.00219752 0.000167823 0.000934697 0.0133534 0.0520794 0.000939108 0.0356275 0.0917473 0.176016 0.00178602 0.001767 0.00215574 0.0799516 0.104061 0.174262 
0.175932 0.0045348 0.0606285 0.0455997 3.57262e-05 0.00206567 0.000122133 0.000800186 0.0904581 0.0511305 0.00159737 0.0443109 0.0424488 0.277159 0.0033605 0.00180997 0.000707679 0.0557051 0.106852 0.0347422 
0.272144 0.00332245 0.1173 0.0150952 4.33732e-05 0.00143229 3.94152e-05 0.000116095 0.00346023 0.0033693 0.00124305 0.00886082 0.00372806 0.38954 0.000481659 0.0199337 0.000176953 0.104709 0.0501198 0.00488447 
0.0822653 0.0301596 0.161375 0.0920404 0.000355548 0.0029756 0.000626484 0.000701673 0.00407536 0.0239673 0.000930235 0.0110119 0.0298945 0.25979 0.00839934 0.00388933 0.00379874 0.115652 0.114555 0.0535365 
0.0599469 0.00226804 0.0635045 0.0604269 2.3776e-05 0.00103819 3.59053e-06 0.00289272 0.0219198 0.0199974 0.000143044 0.190992 0.00124208 0.361147 0.000315952 0.0414297 7.46725e-05 0.077508 0.0096188 0.0855062 
0.200093 0.00461359 0.190872 0.0116945 0.000586963 0.00121039 9.49962e-05 0.000369786 0.0346799 0.0256904 3.41127e-05 0.0161737 0.0680368 0.201308 0.00304668 0.00688038 0.000180347 0.0878461 0.0963002 0.0502893 
0.0682594 0.00284245 0.0486112 0.0172559 0.0255052 0.000572879 3.58537e-05 0.0109912 0.006348 0.00628413 0.00389562 0.0666865 0.00257983 0.569712 1.29558e-05 0.00102549 0.000362858 0.018339 0.105473 0.0452062 
0.0714242 0.01436 0.0879681 0.0392965 0.000864997 0.00407678 7.81337e-05 0.007554 0.00922143 0.02318 0.00213528 0.168984 0.012733 0.275918 0.00632084 0.154839 0.00134716 0.0582346 0.0224756 0.0389878 
0.0409381 0.0148363 0.133437 0.0538278 0.000123969 0.0170289 6.40482e-05 0.00579693 0.0164276 0.0387964 0.00599986 0.169471 0.0244842 0.253819 0.00367009 0.0199108 0.0213291 0.105298 0.0271017 0.0476396 
0.0802468 0.0346586 0.204074 0.0906656 0.000152779 0.0152314 0.0187101 0.0105986 0.0011971 0.0251525 0.00242011 0.0237873 0.0508175 0.243401 0.00176871 0.00340662 0.00077898 0.106328 0.0395258 0.0470787 
0.124377 0.000821574 0.0105575 0.0244725 1.69214e-06 0.00287631 1.33446e-06 0.00117347 0.000348012 0.096465 0.000143789 0.0199861 0.000200428 0.555282 0.000237721 0.0877159 3.4017e-06 0.0452728 0.0295469 0.000516552 
0.0536252 0.00837975 0.191351 0.00670822 2.94567e-05 0.00428658 0.000173787 0.00723215 0.00130186 0.0127411 8.91043e-05 0.0434927 0.0229814 0.496206 0.000735805 0.0386202 9.34009e-05 0.0364442 0.0489491 0.0265599 
0.0373429 0.00340202 0.294601 0.00921246 3.95541e-05 0.00733029 6.22846e-05 0.000743433 0.00145915 0.00503856 0.000673321 0.0548531 0.00722803 0.351767 0.000284597 0.108924 0.000219344 0.0489023 0.0260855 0.0418302 
0.104213 0.0367701 0.169233 0.0421845 0.0022201 0.00314158 0.000191413 0.0145118 0.00749849 0.0231103 0.00290185 0.0301848 0.0217369 0.338383 0.0017218 0.00830159 0.00267084 0.0515111 0.0463444 0.0931696 
0.063052 0.00993556 0.116651 0.0443955 9.42935e-05 0.0323559 0.00015162 0.00598728 0.0161722 0.0136298 0.00342462 0.0984589 0.027811 0.27795 0.00250804 0.076755 0.00207442 0.099566 0.0436947 0.0653316 
0.0771939 0.0191545 0.0491526 0.0227656 3.89661e-05 0.00106644 0.0265998 0.00428516 0.000950733 0.0110385 0.000516491 0.018415 0.0291418 0.329072 0.000987085 0.242281 0.00244738 0.109747 0.0237205 0.0314259 
0.0290271 0.00700234 0.0621292 0.0285534 5.38555e-05 0.00861432 2.37847e-05 0.00442476 0.00106061 0.0696151 0.0012082 0.151944 0.0179593 0.405804 0.00249277 0.0738069 0.0028946 0.0327311 0.0367516 0.0639027 
0.0290271 0.00700234 0.0621292 0.0285534 5.38555e-05 0.00861432 2.37847e-05 0.00442476 0.00106061 0.0696151 0.0012082 0.151944 0.0179593 0.405804 0.00249277 0.0738069 0.0028946 0.0327311 0.0367516 0.0639027 
0.149989 0.025232 0.115612 0.0722243 0.000193537 0.0147775 0.000267219 0.0183695 0.00357819 0.013546 0.00133644 0.0253586 0.0109576 0.246256 0.00352566 0.0720853 0.000220961 0.157694 0.0368081 0.0319691 
0.030657 0.0267476 0.102052 0.0239659 0.000186508 0.000503978 3.20062e-05 0.000553997 0.00544886 0.00811872 0.000178825 0.0794443 0.0271623 0.429186 0.00063551 0.0603772 0.00149819 0.0515465 0.00973049 0.141974 
0.18881 0.0451259 0.0372105 0.0378712 0.000305665 0.00295406 0.000682112 0.000837447 0.0224143 0.00525198 0.0068687 0.0778657 0.00325912 0.26454 0.000379327 0.00393429 0.000279342 0.112348 0.142099 0.046962 
0.0520838 0.00229934 0.0701597 0.0120741 0.00012737 0.000717732 4.66944e-05 0.00388813 0.000824052 0.00561421 0.0220639 0.04706 0.0042198 0.647374 0.0024908 0.0357481 0.00260965 0.027781 0.031334 0.0314838 
0.0882612 0.00257705 0.110605 0.0155387 8.87196e-05 0.00192005 1.24944e-05 0.000337757 0.00160233 0.00340356 0.000264318 0.0720697 0.0065917 0.38011 0.0207491 0.146 0.00148164 0.0755288 0.0322711 0.0405869 
0.0479555 0.0218538 0.125328 0.0401027 0.00360795 0.00403871 2.9976e-05 0.000699073 0.0110494 0.0370397 0.000839927 0.0136142 0.0320281 0.386996 0.000180125 0.0069118 0.000643916 0.053729 0.147549 0.0658035 
0.11298 0.0119153 0.091249 0.0410728 0.000260329 0.00456784 0.000789079 0.0495106 0.0099663 0.0197911 0.00339574 0.147332 0.01652 0.294991 0.00572343 0.0237169 0.00518003 0.0772611 0.0316698 0.0521084 
0.105551 0.0162545 0.0736114 0.0426153 0.00147163 0.0120563 0.000254973 0.00864399 0.0129788 0.0320739 0.00292687 0.117455 0.0184907 0.345294 0.0041964 0.0558022 0.00221057 0.074599 0.0294964 0.0440164 
