0.00309521 0.169454 0.0118689 0.0728386 0.00566438 0.021985 0.0233522 0.0305905 0.00163673 0.00219157 0.113309 0.0963554 0.0175147 0.110815 0.179465 0.00720354 0.0113909 3.71515e-05 0.00349924 0.117733 
0.160428 0.123806 0.0162959 0.0622527 0.0113976 0.00677714 0.00887452 0.086075 0.000541754 0.000496485 0.00341762 0.0813303 0.00214301 0.0137996 0.401424 0.000846615 0.00699044 9.03778e-05 0.0108487 0.0021642 
0.0225493 0.124792 0.0117314 0.0761201 0.000107342 0.0199093 0.00910373 0.18703 0.000885026 0.00139411 0.00228716 0.118952 0.00259948 0.0899162 0.256035 0.00118755 0.00846777 4.07331e-05 0.0196946 0.0471981 
0.0625583 0.0579497 0.00746668 0.0771653 0.000216745 0.0996374 0.0283474 0.103356 0.0249779 0.0247554 0.000461778 0.205839 6.4911e-05 0.0578345 0.231439 0.000198271 0.00179905 0.000114153 0.015188 0.000630856 
0.0158717 0.117876 0.0198887 0.036575 4.15166e-05 0.00702197 0.119437 0.161262 0.00247498 0.00143522 0.000598095 0.0179257 0.00416738 0.0156959 0.347779 0.0792576 0.0463303 0.000147026 0.00207991 0.00413581 
0.0326493 0.00206075 0.0412626 0.177413 6.96218e-09 0.0186654 0.0194269 0.0613971 0.000597892 0.000222116 0.0114501 0.163196 0.000233133 0.0896732 0.26982 6.72232e-06 0.000772026 7.46315e-10 0.02104 0.090114 
0.00501232 0.0022715 0.000369752 0.00684876 0.0842598 1.09957e-05 0.00609395 0.1276 7.00046e-05 3.26532e-08 0.000676013 0.0737051 1.62888e-08 0.0294279 0.657815 1.53172e-06 7.38019e-05 3.06502e-08 0.0057295 3.44452e-05 
0.124825 0.0175306 0.00900556 0.215326 1.59222e-06 0.00235668 0.0966446 0.137078 1.03872e-05 2.78741e-05 0.00017571 0.039503 2.3312e-05 0.0527955 0.2668 1.82227e-06 0.0258333 3.30487e-05 0.0113277 0.000700411 
0.0374673 0.0691702 0.0469489 0.0783961 1.01379e-05 0.00606505 0.00451065 0.100758 0.00137536 0.000986813 0.00177417 0.0761316 0.00852986 0.0624926 0.366794 0.00612563 0.101225 1.46914e-06 0.0203252 0.0109113 
0.0442868 0.0620175 0.0370866 0.132732 6.77798e-05 0.0168559 0.0208746 0.146016 0.000173744 0.000340147 0.0484054 0.0205156 0.000152192 0.0509348 0.384419 0.00111138 0.0180459 0.000119142 0.0111268 0.00471904 
0.11689 0.0530724 0.0385102 0.0665856 0.000120677 0.00645131 0.0218918 0.242264 0.00440743 0.000782919 0.00706772 0.0288861 0.00310798 0.0777548 0.300908 0.0048293 0.00506263 0.000139258 0.01206 0.00920808 
0.178147 0.132022 0.00558933 0.0113558 6.83125e-06 0.00759104 0.0624922 0.118384 0.000126878 0.000477398 0.00145257 0.00231688 4.06525e-05 0.0140123 0.452888 8.71817e-06 0.00808303 4.44183e-05 0.00387075 0.00109036 
2.03593e-06 0.0498121 0.0111959 0.0694127 6.54568e-05 0.0229589 0.00925926 0.0177702 9.1313e-07 8.24116e-05 0.19789 0.0324047 0.00109374 0.010403 0.575093 1.91378e-06 0.000783571 2.01572e-06 0.00071532 0.00105258 
0.0124863 6.1013e-07 1.95568e-06 0.175839 5.49731e-08 6.76068e-08 3.26158e-06 0.0825398 3.93339e-11 1.64976e-07 0.00027991 0.0522851 2.22364e-11 0.0031556 0.470684 7.64349e-12 7.48552e-08 4.18416e-11 0.202724 8.97017e-08 
0.152161 0.217654 0.0346199 0.0366427 0.000108326 0.00431093 0.0233685 0.140373 0.00403363 0.00130047 0.00043946 0.0211519 0.000132965 0.0739332 0.249926 4.97116e-05 0.00795422 0.000144991 0.0254492 0.00624545 
0.212757 0.110844 0.0199762 0.0359713 9.55727e-07 0.00575939 0.0308695 0.179494 7.11846e-05 8.87511e-05 8.33559e-05 0.0221652 0.000309197 0.00614985 0.359217 1.87754e-05 0.00578245 0.000141663 0.00696535 0.00333487 
0.0405144 0.0444219 0.0127706 0.109903 1.6235e-06 0.0147076 0.0184155 0.101402 0.000239475 0.000124751 0.000465733 0.0324077 6.54881e-05 0.0160316 0.584862 7.14649e-06 0.0123253 2.18849e-05 0.010988 0.000324751 
0.111561 0.107578 0.0145175 0.0253849 0.000461306 0.00573525 0.0605883 0.0656262 0.000169723 0.000380943 0.000495043 0.0240405 0.00141566 0.0438652 0.513061 0.000276384 0.00299537 0.000155886 0.0148548 0.00683779 
0.0191584 0.0983472 0.0272951 0.0233903 0.000193332 0.0152787 0.0397249 0.248195 0.00257512 0.00234495 0.00296765 0.0120406 0.00506063 0.148023 0.286898 0.012302 0.00874242 1.3212e-07 0.00667079 0.0407922 
0.0635306 0.165823 0.0639863 0.0593176 8.25433e-05 0.0974787 0.0819019 0.039906 0.00313144 0.00132956 0.00227913 0.0265543 0.00248531 0.127991 0.227226 0.00161806 0.00425689 2.29688e-05 0.0223578 0.00872011 
0.0199578 0.20349 0.00713248 0.00881816 6.72296e-06 0.0146964 0.00863047 0.0250619 0.000706926 0.00685196 0.00282836 0.00194811 0.00329739 0.0383092 0.280486 0.101825 0.00177638 8.91994e-09 0.0458456 0.228332 
0.0366519 0.0505006 0.00966708 0.016162 0.000143051 0.00382198 0.00686355 0.23687 0.000561882 0.00119849 0.00171372 0.0236058 0.00112242 0.0174189 0.561427 0.000528679 0.00356738 2.86624e-05 0.0212721 0.00687522 
0.0321847 0.167751 0.00890493 0.0201834 4.56253e-05 0.00983757 0.0102817 0.167655 0.0112363 0.000878362 0.00558859 0.0532048 0.0065484 0.132159 0.341242 0.00341836 0.00882185 0.00019696 0.00691648 0.012945 
0.0133655 0.0380781 0.00883492 0.100706 2.48003e-06 0.0010948 0.00512981 0.0714843 0.000500392 6.05506e-05 0.000173303 0.0196672 3.17995e-05 0.00899423 0.695206 6.06843e-06 0.00394659 4.34688e-05 0.0323456 0.00032808 
0.0811542 0.23662 0.0330886 0.0908888 0.000227962 0.010066 0.037479 0.103693 0.000924968 0.000946164 0.00215601 0.0270889 0.000942525 0.040033 0.280362 0.00549361 0.0158194 0.000240353 0.0208256 0.0119505 
0.209682 0.0436006 0.0247691 0.122411 8.35293e-07 0.0279946 0.0399416 0.183638 3.43623e-06 0.000806895 4.19182e-05 0.00917192 0.000770959 0.088091 0.233054 5.25236e-06 0.00601255 6.19837e-05 0.00926498 0.000678414 
0.0827399 0.0612864 0.0311909 0.0828732 0.00440879 0.134064 0.127276 0.0730045 0.00332533 0.00496916 0.00523426 0.10229 0.00210579 0.0914192 0.135026 0.00125009 0.0441949 8.70985e-05 0.00815278 0.00510082 
0.0287778 0.076937 0.0148564 0.0598924 0.000273511 0.00347184 0.015095 0.0444597 2.45401e-05 0.000803656 0.000475859 0.0204505 0.000320552 0.00613415 0.700006 0.00285521 0.00169564 3.29463e-05 0.0216076 0.00182998 
0.0119428 0.0475583 0.0533123 0.201962 1.533e-06 0.0126847 0.00990857 0.0187667 0.000184984 0.0338675 0.000563266 0.184969 2.03014e-05 0.00769932 0.296247 0.000111516 0.000214109 5.54788e-05 0.119478 0.000452681 
0.0842997 0.105805 0.00282713 0.0257033 5.17851e-08 0.00729442 0.0457428 0.288173 0.00477191 0.0484025 7.82692e-05 0.0156686 6.63943e-05 0.0133041 0.339422 3.24799e-09 0.00980735 0.000527594 0.00628514 0.00182077 
0.0171928 0.0348926 0.0371677 0.0498935 0.000177958 0.0101445 0.0677267 0.212887 0.000471767 0.000966093 0.00226285 0.00907768 0.0019334 0.0253717 0.476106 0.00148239 0.0111432 8.55755e-05 0.0267337 0.0142835 
0.173507 0.0178081 0.0764385 0.0619705 5.73949e-07 0.00278652 0.0146485 0.101384 0.00254684 0.00044303 0.0058296 0.132745 0.00410787 0.0979236 0.294853 4.22548e-05 0.00240377 5.58736e-05 0.00654351 0.00396157 
0.0199578 0.20349 0.00713248 0.00881816 6.72296e-06 0.0146964 0.00863047 0.0250619 0.000706926 0.00685196 0.00282836 0.00194811 0.00329739 0.0383092 0.280486 0.101825 0.00177638 8.91994e-09 0.0458456 0.228332 
0.0211603 0.0878327 0.0277419 0.0813821 0.000200267 0.011023 0.0321075 0.257141 0.000512309 0.00164025 0.0038687 0.0175596 0.000673227 0.0907265 0.296337 0.000452303 0.0097623 4.15915e-08 0.0319432 0.0279355 
0.0286354 0.249506 0.0247399 0.0422589 0.000166851 0.0111536 0.045811 0.133249 0.00134238 0.0023885 0.00159348 0.0400061 0.000990427 0.0793699 0.262604 0.00274956 0.0243213 0.000568948 0.0195899 0.0289547 
0.0275688 0.0743828 0.0385133 0.0554237 0.00010785 0.00594582 0.011614 0.218901 0.000268441 0.00074652 0.0143815 0.0110423 0.000578141 0.017575 0.443958 0.00133238 0.00267549 3.28298e-07 0.0680271 0.00695755 
0.027767 0.0423857 0.0486516 0.0906718 9.60416e-06 0.00361407 0.00838757 0.232535 4.08391e-05 0.000253145 0.0125359 0.0504229 1.43883e-05 0.00309292 0.454793 6.8781e-06 0.00340375 1.31245e-07 0.0210508 0.000363554 
0.0963044 0.108638 0.0252183 0.0469292 0.000788994 0.0269726 0.080994 0.133207 0.000964713 0.00249305 0.0039623 0.0371651 0.00339279 0.0489128 0.325866 0.00610628 0.0287169 0.000174793 0.0126278 0.0105658 
0.147273 0.118862 0.0242836 0.025159 0.00513298 0.00860243 0.0723437 0.170018 2.4356e-05 0.000473978 0.00690418 0.00550725 0.000709711 0.168047 0.202787 0.00696483 0.0291557 0.000103575 0.00347201 0.0041747 
0.0741402 0.211187 0.0279347 0.0425569 0.000186067 0.0116997 0.0302687 0.170564 0.000967697 0.00169132 0.00100994 0.0196374 0.00166092 0.0530615 0.293133 0.00270346 0.0225696 0.000270193 0.0173552 0.0174024 
0.11342 0.0594575 0.00564985 0.0538204 6.8297e-08 0.0444471 0.0721175 0.198286 0.00287725 0.000612993 3.35607e-05 0.0280624 0.00350399 0.123054 0.272707 9.74733e-05 0.0188976 0.00105648 0.00157688 0.000321432 
0.0196817 0.127356 0.0133344 0.0425488 1.91112e-06 0.0082092 0.140362 0.0504789 0.000386096 0.000568526 7.00468e-05 0.0103311 1.19891e-05 0.00788549 0.561858 1.35537e-05 0.00870406 1.06142e-06 0.00809884 9.8314e-05 
0.0349825 0.049984 0.0127928 0.032923 8.04017e-05 0.00772607 0.00806429 0.368809 0.00156646 0.000649597 0.00217301 0.0580569 0.00486769 0.0167946 0.374693 0.000887883 0.00741371 0.000304079 0.0122218 0.00500971 
0.0316224 0.168306 0.0538498 0.151761 1.54195e-05 0.0127954 0.00922895 0.045297 0.000734205 0.00227616 0.011201 0.108761 0.00213414 0.0791457 0.270972 0.00970459 0.015596 0.000377987 0.0201329 0.00608804 
0.068757 0.139509 0.00374846 0.0322951 3.90082e-05 0.0328967 0.188082 0.0976833 9.66043e-05 0.010255 0.000545555 0.0162059 0.000977315 0.0789676 0.240188 0.000323853 0.0673512 4.95729e-05 0.00804939 0.0139794 
0.0866992 0.190332 0.00811168 0.0168137 0.00014108 0.00743338 0.00965775 0.163973 0.000330702 0.0154596 0.000649904 0.0698813 0.00156288 0.0113611 0.376683 0.000562417 0.0150475 0.00020104 0.016539 0.00855974 
0.0628382 0.0746766 0.0113526 0.0763425 1.42982e-06 0.00849146 0.0202724 0.186903 5.88883e-06 0.000808582 8.47119e-05 0.0172937 0.000210124 0.0255307 0.25043 0.000184717 0.0517657 2.75634e-05 0.127571 0.0852091 
0.0101421 0.0813227 0.0230113 0.066983 1.57583e-06 0.000570827 0.00832326 0.0498882 0.000294112 8.28086e-05 0.000660005 0.0131994 5.88994e-05 0.00355399 0.60793 2.74314e-05 0.00648823 1.07684e-06 0.126816 0.000645435 
0.0242561 0.0707057 0.0968134 0.181557 1.6311e-06 0.00415159 0.0210884 0.187729 0.000266722 7.48467e-05 0.00192212 0.0577475 6.94616e-05 0.0413799 0.279844 0.00200213 0.00560181 1.91497e-05 0.0193764 0.00539229 
0.0824966 0.065527 0.05819 0.0830983 6.31799e-05 0.0114735 0.140131 0.0976144 0.000265153 0.000322622 0.0312975 0.0272685 0.00040414 0.0261989 0.284677 0.000398758 0.0693783 1.53923e-05 0.0200948 0.00108487 
0.0354566 0.0359842 0.0384821 0.0460724 1.38425e-06 0.000976617 0.00627143 0.157989 0.000131123 0.000328969 0.00978318 0.0453074 0.000692704 0.0781858 0.509003 2.06506e-05 0.00183364 2.86763e-05 0.032699 0.000752372 
0.0460424 0.0711783 0.0425988 0.114477 8.24417e-05 0.00928479 0.0584458 0.153886 0.00193251 0.00128518 0.00413775 0.104525 0.00274967 0.033036 0.30576 0.000876673 0.0031951 0.000359099 0.0383046 0.00784286 
0.0225542 0.0614315 0.0119014 0.132272 0.12187 0.097678 0.0364937 0.0333236 1.13225e-06 1.13208e-06 1.13284e-06 0.10971 0.00396591 0.0674374 0.185544 1.13326e-06 0.046916 1.13217e-06 0.00374066 0.0651557 
0.146842 0.139994 0.0241722 0.0736985 0.00022902 0.00412218 0.0250224 0.0959533 0.0171711 0.0016161 0.00454778 0.0172765 0.000513997 0.0316297 0.342824 4.12125e-05 0.0186103 7.13993e-05 0.00768088 0.0479826 
0.0722799 0.173573 0.0246913 0.0378566 0.000425213 0.0214153 0.0386171 0.23885 0.00298111 0.00348931 0.00206015 0.0165677 0.00194403 0.0479472 0.266893 0.00535 0.0143326 0.000223659 0.0093245 0.0211783 
0.00778161 0.18979 0.0262718 0.0539246 4.1195e-06 0.032776 0.0272503 0.229942 2.07017e-05 0.000232896 0.000731484 0.0077304 1.65673e-05 0.00729388 0.38832 5.4336e-06 0.0102448 2.4292e-06 0.014533 0.00312846 
0.0666072 0.0994017 0.0377449 0.0584771 0.000185157 0.0286759 0.162549 0.099343 0.000190705 0.011371 0.00310708 0.036757 0.00105762 0.0371524 0.284859 0.0023654 0.0440829 9.74706e-05 0.0171639 0.00881122 
0.0583296 0.0569446 0.0227056 0.129686 3.37422e-05 0.0126445 0.0148715 0.12281 0.00663844 0.00124011 0.00311951 0.0447107 0.0013349 0.0495814 0.434586 0.000126304 0.00511384 0.000208854 0.0302916 0.00502285 
0.0596554 0.142327 0.0711286 0.0172677 0.000143172 0.0107936 0.117218 0.0893799 0.000482217 0.000561995 0.000372996 0.00251792 0.00176656 0.0678665 0.367052 0.000421675 0.0214191 0.000151587 0.0056766 0.0237978 
0.0590216 0.141384 0.0618013 0.0909447 0.00288135 0.0206308 0.0546599 0.160036 0.00399926 0.00326252 0.00330257 0.0672942 0.000871492 0.0257324 0.211606 0.00144463 0.0347276 0.00830056 0.0353054 0.0127943 
0.032835 0.0556952 0.138792 0.215417 1.90567e-10 0.00130882 0.00962023 0.101972 1.67711e-05 0.000462999 0.00409998 0.0604799 0.000861862 0.0690739 0.230687 5.24416e-05 0.00200102 6.16374e-05 0.0633755 0.0131869 
0.0461224 0.158512 0.012846 0.0236038 0.000226102 0.00691823 0.0333772 0.0834551 0.00701597 0.0022201 0.129494 0.0164038 0.00334374 0.145626 0.212351 0.00657376 0.0351304 0.000183385 0.0283913 0.0482054 
0.0102495 0.032902 0.00433267 0.0612571 1.77011e-05 0.00824265 0.124758 0.048602 1.50913e-07 0.00199197 3.0276e-05 0.0315656 0.000284138 0.130933 0.502067 4.67306e-06 0.0149941 1.62707e-07 0.0122188 0.0155488 
0.0199578 0.20349 0.00713248 0.00881816 6.72296e-06 0.0146964 0.00863047 0.0250619 0.000706926 0.00685196 0.00282836 0.00194811 0.00329739 0.0383092 0.280486 0.101825 0.00177638 8.91994e-09 0.0458456 0.228332 
0.061768 0.114595 0.0136616 0.053543 0.000237279 0.0130365 0.166396 0.196253 0.000352139 0.00151995 0.000509523 0.0219791 0.00113141 0.0264582 0.269355 0.000437636 0.041578 0.000216272 0.00936307 0.00760932 
0.111507 0.125662 0.0101132 0.0290436 0.00013496 0.00667565 0.0332199 0.140532 0.00136004 0.00161773 0.00166627 0.0187594 0.0019939 0.0323158 0.461989 0.00154492 0.00590412 0.000200582 0.00767924 0.00808124 
0.177456 0.154179 0.0389108 0.0264282 0.000474537 0.00689709 0.0275329 0.124709 0.00756717 0.00415994 0.00335928 0.0739769 0.00796084 0.0895791 0.232075 0.00685582 0.00242369 2.03426e-05 0.00354537 0.0118898 
0.0152542 0.0539062 0.00364792 0.0764033 4.48498e-06 0.179798 0.0153189 0.0827747 0.000834244 0.00501755 0.00383641 0.109678 0.000192833 0.0349771 0.38974 0.00103118 0.00388019 3.1523e-06 0.0215021 0.00219878 
0.117419 0.0538082 0.0595473 0.0986108 1.38588e-06 0.00426534 0.0192979 0.165666 2.30391e-05 7.94421e-05 7.16423e-05 0.0171342 3.43616e-06 0.0238796 0.379373 0.0213368 0.00605507 0.000248579 0.0329968 0.000181959 
0.012972 0.162496 0.0134558 0.115209 1.86964e-05 0.120663 0.0232772 0.035134 6.12948e-06 0.00103309 0.000337724 0.00902088 3.23061e-05 0.0168607 0.476315 2.74261e-06 0.00384812 6.33324e-07 0.00892601 0.000390928 
0.0106617 0.0125147 0.00611464 0.154462 0.000102407 0.00887383 0.0262499 0.164786 0.000561883 0.00333273 0.00336681 0.149266 0.0101381 0.067461 0.362642 0.00482773 0.00287761 0.00129396 0.00319159 0.00727483 
0.00523094 0.240427 0.0261135 0.0514877 8.74573e-05 0.00501316 0.0148295 0.0754026 5.78852e-06 0.000597828 7.2617e-05 0.035733 0.000126384 0.0308929 0.455621 5.3575e-05 0.0125958 5.89019e-06 0.043378 0.00232586 
0.178347 0.0784959 0.0165884 0.0890631 8.57834e-05 0.0322112 0.0223103 0.156522 0.00590433 0.00106938 0.00666014 0.0627434 0.0148669 0.0563476 0.245587 0.00185353 0.0147608 0.000211723 0.00695597 0.00941564 
0.0871329 0.168416 0.0502643 0.0912568 5.31579e-05 0.0191906 0.0256698 0.0930451 0.000824235 0.00167086 0.00215427 0.0233835 0.00128165 0.0873103 0.279409 0.00692027 0.0222987 0.000153705 0.0165623 0.0230033 
0.0459427 0.0371514 0.00715836 0.0293225 4.54901e-05 0.00333588 0.00572398 0.150288 0.000273412 0.0277578 0.000962683 0.07508 0.000671696 0.0158721 0.569793 0.00047006 0.0129123 0.000200556 0.0132293 0.00380857 
0.0712486 0.0909973 0.00274093 0.0375242 9.14498e-05 0.0997348 0.132072 0.13072 0.00111341 0.000624131 1.39891e-05 0.0577978 0.00278928 0.10116 0.239483 3.28935e-05 0.0265341 0.000533399 0.00254552 0.00224394 
0.0593783 0.0333808 0.0275557 0.0385058 4.77607e-06 0.00191308 0.0100259 0.254102 0.00560571 0.00041737 0.000270493 0.0586102 0.00034594 0.0104746 0.440177 5.84755e-05 0.000540851 0.00120977 0.0567027 0.000720239 
0.0564049 0.145611 0.0649887 0.0496012 1.50171e-05 0.00910038 0.00752814 0.0730017 0.0060915 0.00182922 0.00226063 0.015025 0.0032621 0.0358629 0.342758 0.00768011 0.00117131 2.34871e-06 0.0696856 0.10812 
0.039164 0.01704 0.0155512 0.0484019 6.88792e-05 0.00403772 0.00396116 0.119158 0.000212638 0.00124771 0.0010078 0.0807898 0.000391115 0.00920055 0.64444 0.000437679 0.00483983 0.000903435 0.00673726 0.00240932 
0.243113 0.0311452 0.033873 0.0293558 0.000213656 0.00572074 0.233805 0.0965908 9.69175e-05 0.00176855 6.54581e-06 0.0112209 7.87986e-06 0.0066406 0.290365 0.000130083 0.00946226 3.19131e-06 0.00500987 0.00147056 
0.335254 0.0873659 0.0189303 0.0401098 0.000245075 0.00186878 0.00769496 0.09478 7.13873e-05 0.000174615 0.00271373 0.0243254 0.00161825 0.0132547 0.358633 2.3522e-05 0.00427983 9.42672e-05 0.00542523 0.00313778 
0.0222254 0.132497 0.00850958 0.273497 0.00012705 0.00446125 0.0553605 0.029312 3.11231e-05 0.000941016 0.00217773 0.0290717 0.00026401 0.0274288 0.397689 5.69684e-06 0.00436152 6.08783e-05 0.0092558 0.00272295 
0.0314394 0.0161551 0.0119029 0.0816692 2.63216e-05 0.000837835 0.0616499 0.298557 0.00141859 0.000104582 0.00201119 0.0388468 5.17177e-05 0.0177958 0.404896 1.37242e-05 0.00108173 0.000345954 0.0304329 0.000763236 
0.0590216 0.141384 0.0618013 0.0909447 0.00288135 0.0206308 0.0546599 0.160036 0.00399926 0.00326252 0.00330257 0.0672942 0.000871492 0.0257324 0.211606 0.00144463 0.0347276 0.00830056 0.0353054 0.0127943 
0.142565 0.134584 0.0131239 0.0649949 5.70321e-06 0.0170978 0.0278232 0.148283 9.65483e-06 0.00419485 0.00414136 0.00979887 5.50355e-05 0.0583987 0.299666 0.0385903 0.0142455 6.31936e-05 0.0088324 0.0135257 
0.00850067 0.105325 0.00810226 0.120496 6.0268e-05 0.0304612 0.0162963 0.0795598 6.2989e-06 0.000307161 0.00191077 0.0545396 0.00119566 0.120263 0.172945 0.00047161 0.00995966 3.29503e-05 0.108217 0.16135 
0.0172816 0.0716475 0.00986334 0.133715 1.69751e-05 0.0740226 0.0182284 0.038945 0.00124615 0.000331303 0.0031203 0.0176709 9.53996e-05 0.0513985 0.536766 0.00171947 0.0130783 3.35986e-05 0.0029061 0.00791394 
0.0973995 0.0904257 0.045423 0.0585225 3.9596e-05 0.0479583 0.0506351 0.153282 6.04845e-05 0.000983109 0.012355 0.0217382 0.00332398 0.0768157 0.294072 5.88747e-05 0.0115104 0.000520302 0.0317176 0.00315895 
0.167842 0.193567 0.0138615 0.0320234 0.00595897 0.0146538 0.121669 0.0332327 0.000117308 0.0679244 0.000270002 0.00984255 0.00037102 0.0235455 0.269083 0.000325379 0.0145653 0.000120028 0.00862472 0.0224035 
0.0205587 0.0479609 0.00107237 0.00982352 3.93872e-06 0.0166086 0.0282472 0.0600043 3.52148e-06 0.000408697 0.000162012 0.220141 0.000191384 0.0624719 0.511822 0.000210935 0.0174919 7.77331e-06 0.00238775 0.0004219 
0.00557677 0.039022 0.00421025 0.0946843 3.2657e-06 0.0149423 0.0473757 0.00967485 0.00415499 0.00138331 0.0261927 0.145403 0.061871 0.0369582 0.247453 0.0073797 0.00517399 3.98533e-05 0.242867 0.00563307 
0.0234811 0.201778 0.07768 0.112217 0.00120918 0.0197564 0.0179184 0.0420196 0.00020541 0.00162066 0.00196979 0.0243836 0.00407897 0.0253868 0.270986 0.0081995 0.0149655 3.67696e-05 0.107756 0.0443508 
0.172601 0.0827682 0.146298 0.0833842 4.77419e-06 0.00299644 0.00830726 0.0890878 6.16859e-05 0.000277916 6.08578e-05 0.00999121 1.20072e-05 0.00110047 0.336536 6.98851e-06 0.000899603 1.04228e-05 0.0653196 0.000274752 
0.0964977 0.0257373 0.00630123 0.0874366 5.57343e-07 0.0753288 0.0600976 0.0314623 4.33853e-08 0.0127846 0.000297843 0.03976 0.000232481 0.122746 0.364229 9.95014e-06 0.00584644 0.000513217 0.0701585 0.000560255 
0.0901477 0.249814 0.00634001 0.0893882 6.94759e-05 0.116298 0.104923 0.011761 6.78835e-07 0.00529438 0.000706182 0.0302966 2.00393e-05 0.0156435 0.262491 0.00441297 0.0108664 7.39875e-05 0.00103824 0.000414443 
0.0103292 0.226064 0.0192677 0.145861 1.48211e-05 0.0133491 0.0319705 0.0649214 2.13667e-05 0.000199886 0.000765723 0.134156 0.00247988 0.0404071 0.2486 0.0124694 0.00539899 0.000213419 0.0384028 0.00510743 
0.00567323 0.191286 0.0026622 0.0486695 1.31482e-05 0.0719737 0.131452 0.0251494 1.95546e-05 0.000239294 0.000377386 0.00308657 0.000330007 0.0436506 0.443174 2.45762e-06 0.0275126 0.000316582 0.00212895 0.00228346 
0.035526 0.193781 0.0217943 0.056443 1.05748e-06 0.001281 0.00741605 0.0668394 0.000249519 0.000262655 0.000270981 0.129682 1.12588e-05 0.00487317 0.453944 2.44723e-05 0.00171804 0.000161966 0.0255254 0.000196022 
0.0145323 0.00217133 0.0378716 0.266311 1.16726e-06 0.00129991 0.00254578 0.00199103 1.44471e-06 1.89457e-05 0.000207149 0.125011 0.000939736 0.00493132 0.533542 1.9535e-06 6.17344e-05 3.47017e-11 0.00753446 0.00102694 
0.114544 0.168067 0.0229149 0.0314731 0.000228993 0.0309175 0.0308306 0.155252 0.000966951 0.0099491 0.00538718 0.0218284 0.00512763 0.0761327 0.200266 0.0182733 0.0552277 0.000131323 0.0100913 0.0423908 
0.028747 0.0186171 0.00170409 0.0390092 5.8783e-07 0.000321532 0.00695504 0.141129 0.00101761 0.00293447 0.000789472 0.0663865 4.70219e-05 0.00470129 0.655312 4.14346e-05 0.000544723 0.00044707 0.0312417 5.33194e-05 
0.0409311 0.167913 0.0251342 0.0394134 5.95271e-05 0.0379347 0.0543742 0.123085 0.00065527 0.0015078 0.00360056 0.0359891 0.0662258 0.130193 0.191749 0.00395179 0.0148969 9.48476e-05 0.00621238 0.0560792 
0.232737 0.129651 0.00488923 0.074655 7.25266e-07 0.00451132 0.0501051 0.135109 7.43083e-05 0.0126993 2.22248e-05 0.0125361 0.000603162 0.0494961 0.255246 5.6753e-06 0.016565 0.000379417 0.0185835 0.0021311 
0.028026 0.0584071 0.00265042 0.0823404 1.16911e-05 0.00148759 0.0200742 0.143623 0.00471264 0.000102228 0.00108871 0.138705 0.000158664 0.0189868 0.421362 1.97557e-05 0.00468888 0.000380901 0.0694262 0.00374739 
0.0231989 0.0517465 0.010369 0.0451832 9.41807e-05 0.0209222 0.0491118 0.341176 0.000314381 0.000422347 0.00170468 0.0232687 0.00243227 0.0277308 0.348862 0.00153253 0.0222461 0.000641673 0.00681118 0.0222312 
0.116006 0.106706 0.00490803 0.084587 1.01869e-06 0.0309605 0.0168417 0.108638 0.00319216 0.0165916 0.00442718 0.0138065 0.0104918 0.0611112 0.369984 0.00326499 0.00437781 6.02506e-05 0.020225 0.0238183 
0.0247711 0.40206 0.00779893 0.0173691 3.18063e-05 0.00249129 0.0300968 0.0277415 4.32227e-05 0.0011157 2.65003e-05 0.00382226 4.67294e-06 0.00888189 0.460032 3.82504e-06 0.00148187 0.000176493 0.00728393 0.00476663 
0.0128904 0.0461222 0.0793528 0.0576931 3.63936e-07 0.0190869 0.101251 0.0283106 0.00933302 0.00102524 0.00882391 0.00649739 0.00275985 0.1096 0.479928 0.00209046 0.00903198 2.49579e-07 0.019825 0.00637775 
0.00998248 0.0204429 0.00926651 0.292199 1.74127e-06 0.000978402 0.00373902 0.0250613 7.43457e-05 0.000147038 0.000263533 0.0510154 4.58019e-05 0.00461428 0.570591 9.7626e-06 0.0014973 1.36131e-05 0.00959147 0.000465242 
0.0262793 0.252969 0.00369493 0.0140085 3.15109e-07 0.00172142 0.0463491 0.0375972 2.81785e-07 0.000133356 1.13213e-05 0.00185524 2.78409e-06 0.00387444 0.606858 3.91879e-06 0.00165762 9.49071e-06 0.00258318 0.000390906 
0.0944352 0.214337 0.0632127 0.0612772 1.9933e-06 0.00375892 0.00528966 0.166675 0.000272674 0.000161736 0.00443864 0.0276639 0.00219542 0.03609 0.249643 0.00264627 0.00592703 4.48014e-05 0.0475346 0.0143942 
0.0679267 0.056289 0.126475 0.0344687 8.34503e-05 0.00621146 0.0206228 0.193512 0.000406629 0.00131681 0.00141106 0.0282675 0.00332513 0.0232638 0.38359 0.00122991 0.00644042 3.62947e-05 0.0111248 0.0339991 
0.0248929 0.0206974 0.0732553 0.171746 2.39956e-06 0.0131551 0.013896 0.0776692 3.81491e-05 0.00141088 0.00410524 0.205986 0.000474989 0.0163101 0.349143 3.17623e-05 0.00685176 0.000227427 0.0181272 0.00197939 
0.087502 0.0376216 1.31993e-07 0.00381793 1.15306e-09 0.00322658 0.125712 0.0481854 1.27808e-11 3.27827e-05 6.83393e-12 1.31178e-08 1.0784e-08 0.0113311 0.665741 2.48361e-12 0.0125399 1.35957e-11 0.000858396 0.00343097 
0.0972014 0.299912 0.0142251 0.0398166 2.08096e-06 0.00234883 0.00929893 0.10429 4.24544e-05 0.000525782 0.000233197 0.0263828 0.000169474 0.0108132 0.378153 1.39729e-05 0.00193307 0.000104717 0.0139651 0.000568784 
0.0631297 0.22833 0.0269154 0.0559252 0.000123385 0.0107874 0.053119 0.152298 0.000867299 0.00126331 0.00309972 0.0425198 0.00201093 0.0381932 0.28291 0.00571527 0.0127903 0.000308569 0.00936637 0.0103272 
0.087777 0.13577 0.0160508 0.0557658 3.61643e-05 0.0135127 0.0256482 0.144874 0.000454608 0.00119685 0.00159589 0.0397797 0.00282133 0.0333132 0.411281 0.00119241 0.00777556 0.000188874 0.0140513 0.00691491 
0.0232469 0.0629652 0.0354315 0.0611902 5.49507e-05 0.00446675 0.00439687 0.148026 0.0193757 0.000524136 0.0430764 0.213455 0.00256846 0.0172856 0.332061 0.00109073 0.0112711 0.000158841 0.013133 0.00622152 
0.0528296 0.0967087 0.0494247 0.12356 5.9226e-05 0.0174401 0.0773416 0.0836053 0.000304938 0.00393933 0.00372775 0.0143746 0.000901067 0.0507084 0.342161 0.013535 0.009956 4.48328e-05 0.0194005 0.0399774 
0.131758 0.110755 0.0134593 0.0543944 2.39036e-05 0.011788 0.0358682 0.126048 0.000220965 0.00111755 0.00111941 0.0200801 0.0013514 0.0205688 0.447038 6.3536e-05 0.00737609 0.000248721 0.0120054 0.00471543 
0.022241 0.034093 0.225881 0.0647322 0.000237907 0.00819127 0.0327418 0.191772 2.58609e-05 0.00021563 0.000485669 0.0963312 0.000871373 0.0341486 0.255025 5.64827e-05 0.00460476 4.36343e-05 0.0219575 0.00634378 
0.0100256 0.0324844 0.00732007 0.156664 3.91437e-05 0.0020022 0.100042 0.142469 0.00029929 6.44688e-05 0.00620677 0.0752951 0.0145564 0.0374365 0.366067 0.000205457 0.00230324 0.000452941 0.0240284 0.0220381 
0.215153 0.0556981 0.0155875 0.0415936 4.5863e-06 0.0130765 0.012373 0.0371643 3.07227e-06 0.26734 0.0011226 0.00438124 0.000223684 0.00802444 0.316869 1.1811e-05 0.00183424 1.57429e-06 0.00224085 0.00729622 
0.0590216 0.141384 0.0618013 0.0909447 0.00288135 0.0206308 0.0546599 0.160036 0.00399926 0.00326252 0.00330257 0.0672942 0.000871492 0.0257324 0.211606 0.00144463 0.0347276 0.00830056 0.0353054 0.0127943 
0.0401632 0.0237795 0.00324722 0.0238255 0.000198811 0.00519092 0.0220385 0.271294 0.000443584 0.000367766 0.000432474 0.00566127 0.000170931 0.0224513 0.551228 0.000225282 0.0126773 4.18181e-07 0.0134861 0.00311741 
0.0219698 0.0249641 0.0238993 0.0255613 5.78855e-05 0.00689408 0.102844 0.104452 0.00136614 0.0032932 0.00391705 0.0395789 0.00265965 0.173291 0.265483 0.00583947 0.15468 5.70802e-05 0.00561886 0.0335735 
0.0824213 0.123413 0.00938124 0.0178564 0.000107408 0.00756356 0.0180621 0.114756 0.000326549 0.00100811 0.000345169 0.00246633 0.00174681 0.0210941 0.583621 0.000282008 0.00538131 8.75508e-08 0.00466431 0.00550387 
0.0175338 0.0203125 0.0244266 0.172229 0.000144266 0.0136994 0.137366 0.0473557 6.2688e-05 5.63418e-05 0.00891556 0.166494 0.000103038 0.0471643 0.229245 0.066989 0.0224774 7.03809e-07 0.00567778 0.0197466 
0.174318 0.229548 0.0100936 0.0507492 4.5821e-05 0.00469666 0.0138503 0.0849704 0.000520153 0.00116734 0.00226551 0.0271816 0.00140445 0.0186589 0.361862 9.33696e-05 0.00704253 0.000104878 0.00676147 0.00466604 
0.249255 0.0754981 0.015278 0.0535482 1.18152e-06 0.0155849 0.042917 0.0204171 0.00149268 0.000500753 5.82832e-06 0.0574163 0.0332115 0.0221738 0.343662 2.04648e-05 0.0621271 0.000310588 0.00561832 0.000961297 
0.0470863 0.234251 0.00655034 0.0355056 0.000293858 0.081246 0.0563656 0.114564 0.000443092 0.000872999 0.00113327 0.0298472 0.00105642 0.0480306 0.256921 0.00115156 0.0645744 0.000130453 0.00370037 0.0162759 
0.00333247 0.00805599 0.0167957 0.0781693 4.81372e-05 0.00270502 0.00482384 0.00976017 6.00168e-06 7.74097e-05 0.000179096 0.079535 0.00222813 0.00275313 0.758014 9.97884e-07 0.000202762 3.68864e-07 0.033108 0.000204047 
0.136957 0.0857356 0.0229837 0.0289372 0.000169845 0.0109708 0.0238288 0.121201 0.00494289 0.000316372 0.00385348 0.0265939 0.00164533 0.136292 0.358513 0.00111879 0.0165722 0.000183557 0.00326333 0.0159212 
0.0375719 0.0837419 0.00398951 0.0530543 0.000359896 0.000853067 0.0132047 0.159736 0.00046941 0.000435759 0.00126806 0.0493176 0.000806491 0.0433805 0.524908 0.000149833 0.0050422 3.73988e-05 0.0139652 0.0077081 
0.0261985 0.0515542 0.00388349 0.0370148 4.67044e-06 0.0281923 0.00945748 0.0456779 0.00103018 0.000253316 9.86031e-05 0.0206434 0.000266568 0.00921415 0.750925 7.75349e-06 0.0035662 2.70333e-05 0.0112914 0.000693062 
0.0366519 0.0505006 0.00966708 0.016162 0.000143051 0.00382198 0.00686355 0.23687 0.000561882 0.00119849 0.00171372 0.0236058 0.00112242 0.0174189 0.561427 0.000528679 0.00356738 2.86624e-05 0.0212721 0.00687522 
0.088761 0.0392374 0.0114176 0.0855599 0.000359816 0.000322386 0.0320749 0.213162 3.51426e-05 0.00031694 0.000419959 0.0949173 0.000200012 0.023109 0.374817 4.71807e-06 0.00155913 5.84555e-05 0.0333161 0.000350575 
0.0230057 0.184771 0.0277821 0.221041 1.2679e-06 0.00432094 0.00717436 0.021852 1.96001e-05 0.00126239 0.0136985 0.0449136 7.01572e-06 0.0086033 0.420078 2.28677e-05 0.00253183 6.4765e-05 0.0173775 0.00147193 
0.013114 0.0176064 0.00728344 0.0720112 0.00106353 0.000993934 0.0295967 0.0605633 0.00456943 0.00019525 0.167369 0.215031 0.000506436 0.0150746 0.388091 5.49879e-05 0.00110089 0.000104696 0.00459145 0.00107895 
0.0551181 0.0667947 0.0148149 0.131488 0.000227238 0.0055034 0.0718292 0.117716 0.00373193 0.00216313 0.0101034 0.0624479 0.00256352 0.0589533 0.298944 0.00492056 0.00671906 0.000420931 0.017884 0.0676564 
0.181621 0.06042 0.0247425 0.0479842 0.000111632 0.0127865 0.0129195 0.0696085 0.00147553 0.0279498 0.0491029 0.111098 0.000257055 0.0880766 0.287069 2.62384e-05 0.0183988 0.000206225 0.0055976 0.000547818 
0.0860628 0.0419388 0.0387045 0.0790388 0.00191695 0.0279288 0.148757 0.0979586 0.00196559 0.00122867 0.0066233 0.162749 0.00364446 0.0932882 0.172831 0.000249037 0.0148094 0.000802419 0.0101997 0.0093025 
0.0414173 0.220985 0.000762192 0.042777 0.000896396 0.0131034 0.206025 0.0323087 6.43079e-05 0.00665319 0.000672225 0.0789864 0.00106047 0.0537884 0.263822 2.09871e-05 0.0252399 0.000164479 0.00160288 0.0096498 
0.0267033 0.032593 0.24055 0.134178 1.01238e-05 0.0198029 0.032723 0.111885 0.00303143 0.00134065 0.00376966 0.051272 0.00418004 0.0513477 0.254842 0.000528841 0.0135891 9.57394e-06 0.00990928 0.00773402 
0.0297324 0.107558 0.0281198 0.0359095 3.69253e-05 0.0214758 0.0440273 0.263704 0.00029408 0.00861455 0.000380005 0.010463 0.000850787 0.0167038 0.304066 0.00544075 0.110348 0.000181766 0.0057647 0.00632795 
0.080698 0.178388 0.0393095 0.0459316 0.000692787 0.00950086 0.0263002 0.150654 0.00506187 0.00290015 0.00203787 0.0299636 0.0010713 0.072778 0.282209 0.00204958 0.0159786 0.000174003 0.0372712 0.0170294 
0.0366519 0.0505006 0.00966708 0.016162 0.000143051 0.00382198 0.00686355 0.23687 0.000561882 0.00119849 0.00171372 0.0236058 0.00112242 0.0174189 0.561427 0.000528679 0.00356738 2.86624e-05 0.0212721 0.00687522 
0.0462582 0.220451 0.0450955 0.0790444 0.00227639 0.0470516 0.0393365 0.122525 0.00428421 0.00218792 0.00467744 0.0294165 0.00354817 0.0517418 0.236919 0.0039541 0.0183891 0.000161595 0.0162211 0.0264601 
0.00608144 0.00173588 0.00380423 0.132729 1.35531e-09 0.00193396 0.0296958 0.219314 5.23754e-09 1.11008e-08 3.63015e-09 0.0219042 1.36511e-08 0.00404463 0.50773 1.88442e-13 0.00014967 1.03156e-12 0.0706861 0.000191297 
0.0568781 0.187334 0.043149 0.0300454 2.32184e-05 0.00719049 0.0478111 0.185825 0.000779653 0.000145536 0.000678342 0.0665468 0.00230535 0.0753616 0.274883 2.43792e-05 0.0116889 0.000998145 0.00509727 0.00323503 
0.023785 0.07033 0.0120796 0.104988 9.75017e-05 0.0102439 0.0396113 0.122975 0.00180689 0.000727045 0.00317134 0.0244782 0.00132329 0.107659 0.440953 0.0113519 0.00614938 0.000163725 0.00920949 0.00889607 
0.0116391 0.174571 0.0319827 0.0952659 6.72383e-06 0.0149193 0.0205039 0.0194818 0.000653601 0.00248105 0.000153425 0.0689138 0.000730531 0.00710275 0.484751 1.99493e-05 0.0108394 4.8565e-05 0.0540058 0.00192937 
0.0119645 0.0589811 0.0219667 0.210275 9.70367e-06 0.00438396 0.0236985 0.00609961 6.06637e-06 0.010257 7.78785e-06 0.0143812 0.00879523 0.0008586 0.454653 0.0115254 0.00691028 0.000495958 0.0116909 0.143039 
0.0191584 0.0983472 0.0272951 0.0233903 0.000193332 0.0152787 0.0397249 0.248195 0.00257512 0.00234495 0.00296765 0.0120406 0.00506063 0.148023 0.286898 0.012302 0.00874242 1.3212e-07 0.00667079 0.0407922 
0.0525312 0.191337 0.0122497 0.00987844 1.70579e-05 0.00350321 0.0299671 0.0330154 0.00150103 0.000600302 0.160715 0.00686853 0.00356077 0.20775 0.235246 0.0121543 0.00423198 4.25765e-06 0.0194913 0.0153776 
0.0131584 0.0447561 0.0577282 0.0650987 1.95748e-06 0.00102745 0.0128117 0.0634293 2.21421e-05 8.32219e-05 0.00130834 0.083335 0.000193972 0.00761018 0.498825 2.64781e-06 0.000490839 1.98738e-05 0.149506 0.000591022 
0.0642271 0.167374 0.0125884 0.0125176 0.000107351 0.0127982 0.0125219 0.0975357 0.00148611 0.00308096 0.00977651 0.014143 0.00957631 0.0576125 0.288181 0.010792 0.00514394 7.27629e-08 0.0608191 0.159718 
0.0781028 0.0474709 0.0304359 0.162801 6.21974e-05 0.0304603 0.0211167 0.0668669 0.00111432 0.00101551 0.00577336 0.137875 0.000957889 0.0329345 0.360769 0.000822954 0.00411826 7.92786e-05 0.0144184 0.00280396 
0.0272075 0.225759 0.00626212 0.125246 2.61322e-05 0.00321287 0.0389937 0.0883221 3.43838e-05 9.48908e-05 0.000549048 0.0342172 6.53254e-05 0.0140632 0.409204 1.8257e-05 0.00328464 5.82051e-05 0.00746285 0.0159192 
0.154404 0.111427 0.00964805 0.0170971 3.90886e-07 0.000317778 0.0202246 0.216714 0.00305946 0.000144758 0.0372343 0.110712 0.000738974 0.0215764 0.280195 1.64745e-05 0.00215895 0.000114051 0.0138932 0.000323904 
0.0448511 0.054972 0.0143441 0.0655628 2.88214e-06 0.00139665 0.00593334 0.1799 3.77939e-05 0.000166213 0.00150191 0.0230672 5.47624e-05 0.00462582 0.580039 1.19238e-05 0.000675915 6.01696e-05 0.0219693 0.000827528 
0.13599 0.145897 0.017349 0.0611704 3.84078e-05 0.0102595 0.0517424 0.0745164 0.000474982 0.0136463 0.00466091 0.0349211 0.00246668 0.0517762 0.370494 0.00189008 0.00670553 0.000142446 0.012697 0.00316229 
0.0233226 0.28057 0.0296199 0.051866 9.65338e-06 0.009476 0.0454503 0.0391255 4.08853e-05 0.000253207 5.37186e-05 0.0125001 1.43985e-05 0.0105241 0.475138 6.88253e-06 0.000614193 2.26519e-07 0.021051 0.000363605 
0.0271353 0.0578621 0.00563226 0.193253 0.000321101 0.0123139 0.0458917 0.163524 0.00031692 0.00259254 0.0107887 0.0227088 0.000276244 0.146758 0.295548 0.000904685 0.00683967 2.2243e-07 0.00251943 0.00481307 
0.0479473 0.01741 0.0540325 0.124277 1.43543e-06 0.0435571 0.0260948 0.16884 0.00178225 0.000159568 0.000805916 0.10492 0.00350139 0.0213407 0.358107 0.0001326 0.00214189 0.00574793 0.0173848 0.00181598 
0.0430343 0.227749 0.0221316 0.0330626 2.1529e-05 0.00252547 0.0176079 0.155225 0.000126049 0.000295613 0.00418541 0.0228522 0.000682767 0.0591118 0.382899 4.19288e-05 0.00523874 0.000540928 0.0153235 0.00734458 
0.0336975 0.0445855 0.0175376 0.0744137 0.000125005 0.00465324 0.0335332 0.164285 0.00428172 0.0195137 0.0531763 0.0527344 0.00118713 0.107455 0.340601 0.00490537 0.00307955 0.000322611 0.0265365 0.013376 
0.0337907 0.0532853 0.0413795 0.169517 5.79245e-06 0.00479646 0.0121901 0.137267 2.51833e-05 0.000285013 0.000143855 0.0323127 1.18522e-05 0.00538532 0.461575 7.96288e-05 0.00617658 2.70578e-05 0.0414247 0.000321237 
0.11293 0.0383432 0.038833 0.0487734 0.000723742 0.00260329 0.0202387 0.149269 0.00553116 0.000133294 0.0132352 0.042672 0.00126752 0.067947 0.413455 0.00423036 0.00285032 0.00033837 0.0278683 0.00875713 
0.0656378 0.13554 0.0145584 0.0836073 2.29226e-05 0.00204738 0.068278 0.0785249 0.000233449 0.00120677 0.00355008 0.0642635 0.00062174 0.0170343 0.38599 0.000129604 0.00758026 0.000249866 0.0615284 0.00939502 
0.117508 0.0407513 0.0201978 0.195615 3.31854e-06 0.000374379 0.0461486 0.0799483 0.00158224 0.0325388 0.0039334 0.201495 0.00128552 0.0188419 0.219578 7.96843e-05 0.00590853 0.00015575 0.0135472 0.000506354 
0.0627336 0.279559 0.0236709 0.110516 0.000117496 0.00647898 0.0144175 0.0651701 6.30785e-05 0.00075646 0.000712945 0.0347894 0.000329149 0.025666 0.293457 6.66363e-05 0.044261 3.63294e-05 0.0129224 0.0242761 
0.129095 0.0669137 0.00355224 0.0478446 5.47347e-08 0.00285184 0.0140535 0.215587 1.86117e-05 5.44659e-05 8.05897e-05 0.0389109 5.36727e-05 0.0237543 0.428777 1.65814e-05 0.0150446 2.0217e-05 0.00258507 0.0107867 
0.0567247 0.190205 0.00906227 0.00590104 5.25466e-11 3.30452e-06 0.00223074 0.269696 1.41175e-05 0.000442702 0.000155002 0.0159568 0.000426494 0.024245 0.412277 7.81582e-06 1.09393e-05 1.79417e-05 0.00372323 0.00889977 
0.0744157 0.0276491 0.0162515 0.0203731 7.80008e-06 0.203327 0.0257869 0.117939 0.0171084 0.0245126 0.00259911 0.0441448 0.00780671 0.0981454 0.280647 0.0138112 0.00392546 4.16251e-06 0.00285055 0.0186945 
0.0248229 0.069676 0.0238617 0.132498 4.26832e-06 0.020738 0.113375 0.0786607 1.01101e-05 0.0024305 0.00697262 0.0181559 0.000371513 0.00992949 0.468214 4.51134e-06 0.0193763 8.60251e-05 0.00758142 0.00323052 
0.0519138 0.118788 0.0158101 0.0428172 0.00135965 0.023254 0.16499 0.083184 0.000870114 0.00492193 0.00284108 0.0343984 0.00323452 0.0762996 0.280488 0.00516835 0.0520653 0.000159143 0.00656353 0.0308734 
0.0491987 0.149486 0.0141007 0.0567051 0.00234806 0.00997874 0.102588 0.0551498 0.000751216 0.000568337 0.000881499 0.0260271 0.000915819 0.0448112 0.452841 0.00096642 0.00606111 4.93728e-05 0.00931387 0.0172576 
0.103594 0.202493 0.0632629 0.114723 0.000135041 0.00442706 0.0272555 0.0373142 0.00218156 0.000657169 0.00152662 0.0341376 0.003344 0.0137579 0.288876 0.00012405 0.0176626 9.45853e-05 0.0778004 0.00663275 
0.0368009 0.0823593 0.0168826 0.11752 7.33968e-05 0.00177031 0.087822 0.0937717 0.000857725 0.000179968 0.000180692 0.129584 0.000722049 0.0611181 0.350883 9.24359e-05 0.00321172 0.000524787 0.0149463 0.000699108 
0.0118128 0.0662273 0.00651632 0.218882 7.91461e-06 0.0683624 0.0222461 0.0232316 3.16386e-05 0.00194568 0.000215701 0.240938 0.000984331 0.0168963 0.286975 2.04937e-06 0.0180928 0.000118024 0.0144925 0.00202086 
0.0176249 0.222741 0.00992277 0.0507559 7.3407e-08 0.0158704 0.0198371 0.108164 0.00139262 0.000487995 0.00746666 0.142486 0.00301517 0.0581904 0.294433 0.00159342 0.00697463 5.49507e-05 0.0194908 0.0194978 
0.0199578 0.20349 0.00713248 0.00881816 6.72296e-06 0.0146964 0.00863047 0.0250619 0.000706926 0.00685196 0.00282836 0.00194811 0.00329739 0.0383092 0.280486 0.101825 0.00177638 8.91994e-09 0.0458456 0.228332 
0.0399423 0.0504697 0.0237688 0.0768433 0.00010667 0.00946489 0.0679234 0.188571 0.000380915 0.000230431 0.00220605 0.123024 0.00206964 0.103829 0.258877 0.000234187 0.041821 0.000341937 0.00660549 0.00328962 
0.0131871 0.00772728 0.025081 0.0660742 8.22979e-05 0.00193082 0.00686697 0.346555 0.00051249 0.00133223 0.0189082 0.0476204 0.000217812 0.040219 0.409891 0.000174919 0.00828498 6.81227e-05 0.0030448 0.00222143 
0.0935679 0.107848 0.021755 0.0504474 0.000126941 0.0484367 0.058595 0.0823072 0.00148763 0.00997882 0.00343531 0.0376337 0.00917558 0.109786 0.23014 0.0249778 0.0310358 0.000254201 0.0172314 0.0617799 
0.0227388 0.0459248 0.0248561 0.0250152 0.00318057 0.0292577 0.0350155 0.0666697 5.88921e-06 0.000196978 0.00013894 0.037264 5.95003e-05 0.0193376 0.681549 6.43486e-06 0.00377304 9.74585e-05 0.00467244 0.000240576 
0.0454445 0.0959759 0.012552 0.279507 1.38725e-06 0.0169704 0.0155911 0.0717458 3.82744e-05 0.000512372 0.0314837 0.0288544 0.000325614 0.00866052 0.303069 5.59734e-05 0.00959019 0.000137583 0.0712827 0.00820154 
0.0336956 0.0723332 0.0207122 0.151717 7.26165e-07 0.0254334 0.0959709 0.11192 0.00957973 0.000791128 0.00311323 0.130697 0.0532901 0.0939898 0.179131 0.000144688 0.00687874 8.23979e-05 0.00755573 0.00296425 
