0.0582139 0.00356286 0.0446675 0.0586368 7.89367e-06 0.0305809 3.29571e-05 0.000312296 0.0207415 0.0805182 0.00855259 0.0104022 0.0163691 0.014564 0.0235168 0.000595475 0.0174401 0.522562 0.0852542 0.00346926 
0.119214 0.0244171 0.115375 0.120274 0.000711257 0.0039049 0.000490488 0.0010349 0.00261993 0.0475545 0.00109535 0.0317324 0.00895266 0.0498391 0.0140865 0.0056406 0.00268661 0.382671 0.0326442 0.0350562 
0.0729508 0.0235988 0.0922892 0.0501402 0.000124381 0.00205849 0.000148909 0.000355213 0.0320087 0.0295992 0.00674704 0.024742 0.0699865 0.0772973 0.0265253 0.0230118 0.000704888 0.237704 0.0692604 0.160747 
0.0604553 0.00524989 0.0528953 0.109077 2.99919e-05 0.0474844 0.000794145 0.000577919 0.0161336 0.134824 0.0142666 0.0254185 0.0363228 0.0281594 0.00837244 0.000641889 0.0720404 0.319665 0.0363211 0.0312706 
0.0836175 0.0563047 0.138863 0.0618566 0.000301468 0.0120175 0.000382723 0.000850072 0.0121829 0.139576 0.00580954 0.0144833 0.0560396 0.0402764 0.00167156 0.00325821 0.0287324 0.177797 0.0404276 0.125552 
0.131211 0.0552287 0.0386889 0.0538286 0.000291895 0.0093977 0.000409003 0.000475561 0.0128029 0.0349808 0.00647625 0.0101256 0.0638094 0.0200949 0.0209154 0.00148567 0.0141571 0.460578 0.0541713 0.0108719 
0.0604553 0.00524989 0.0528953 0.109077 2.99919e-05 0.0474844 0.000794145 0.000577919 0.0161336 0.134824 0.0142666 0.0254185 0.0363228 0.0281594 0.00837244 0.000641889 0.0720404 0.319665 0.0363211 0.0312706 
0.177296 0.0191939 0.0824574 0.0600156 0.00101738 0.0512424 0.00475826 0.000556339 0.0112302 0.0351778 0.00467917 0.0190338 0.145406 0.0726212 0.00560963 0.00371416 0.00310602 0.201474 0.0723614 0.0290489 
0.097442 0.0174046 0.135541 0.149453 0.00083196 0.00704338 0.000588414 0.00230066 0.00758815 0.0356931 0.00385789 0.0288291 0.0251396 0.0497497 0.00823557 0.00805404 0.00992865 0.299582 0.0497829 0.0629545 
0.19442 0.00314985 0.0778243 0.0366404 0.000161728 0.0091134 0.000308107 0.000195077 0.0186793 0.00808448 0.000574106 0.0585433 0.00925098 0.0364254 0.0124886 0.0170316 0.0017654 0.420114 0.0842983 0.0109318 
0.0716487 0.00401693 0.0534743 0.0813972 2.54943e-05 0.00941652 2.73157e-05 0.00944173 0.0107034 0.0285316 0.00748048 0.00789909 0.029162 0.0304 0.0043884 0.00125356 0.0469871 0.532243 0.0509975 0.0205055 
0.155392 0.0112226 0.0654943 0.0808189 0.0148475 0.00344677 0.000494619 0.000447858 0.00403395 0.0452258 0.00141962 0.00788124 0.0861138 0.0408009 0.00545038 0.00278322 0.00338115 0.383644 0.0758471 0.0112547 
0.133567 0.0254142 0.0858228 0.0528273 0.000390928 0.00820818 8.64787e-05 0.000326879 0.00686078 0.0181789 0.00238053 0.00532934 0.012297 0.0823412 0.00384424 0.00263188 0.00125518 0.466137 0.0398786 0.0522218 
0.073353 0.00798774 0.0788232 0.0576135 2.01246e-05 0.00231817 4.43244e-06 0.000373865 0.00311802 0.0378834 0.000514769 0.0184724 0.0379914 0.0257745 0.0146229 0.00267432 0.00951734 0.567828 0.0497579 0.0113504 
0.109178 0.0288585 0.220408 0.172222 0.00055336 0.00590536 0.000497343 0.000468657 0.00226301 0.0177429 0.00202576 0.0278703 0.00491507 0.0547313 0.012417 0.00352887 0.0015558 0.281964 0.0119285 0.0409663 
0.170241 0.00523327 0.0851369 0.0373597 0.00104833 0.00816216 0.00125082 0.000491132 0.00613853 0.00440568 0.000690806 0.039332 0.00253431 0.0542576 0.0182791 0.00295951 0.00604024 0.501226 0.0308765 0.0243358 
0.0348702 0.0132735 0.0879223 0.0929235 4.80869e-05 0.00317685 0.000249699 0.000436325 0.00467858 0.0123488 0.00585496 0.0281888 0.0190515 0.0469774 0.000568663 0.00352594 0.000124978 0.321324 0.0287051 0.295751 
0.127525 0.0117567 0.143976 0.138889 0.000383224 0.00389309 0.000292073 0.001188 0.00474899 0.0931777 0.0154997 0.00920045 0.0397375 0.0295652 0.00607636 0.0185217 0.0079722 0.263252 0.0261714 0.0581738 
0.0629838 0.0249041 0.136691 0.059432 0.000534479 0.00710082 0.000259798 0.0016626 0.00947073 0.0414901 0.0109974 0.0245472 0.0218036 0.053938 0.00380074 0.00650649 0.0111885 0.423564 0.0809819 0.0181421 
0.105705 0.0233028 0.131546 0.145961 0.000487797 0.0105341 0.000454066 0.000643636 0.0220325 0.104034 0.00667962 0.0219853 0.0349317 0.0501723 0.00424678 0.00535517 0.00510578 0.199623 0.047525 0.079676 
0.252463 0.00679575 0.0660027 0.209114 0.000157885 0.00244067 9.01327e-05 0.000706258 0.00268521 0.017195 0.00110174 0.0144823 0.00515024 0.0564584 0.00293914 0.0161171 0.000471699 0.276673 0.0357596 0.0331957 
0.0785724 0.0900295 0.0827457 0.0996249 0.000480046 0.0363074 0.00103288 0.00223709 0.0104594 0.0524065 0.00540518 0.038596 0.0807106 0.102102 0.00679752 0.00893216 0.00990376 0.154805 0.0970148 0.0418372 
0.160306 0.00527456 0.14409 0.0221585 0.000529161 0.00110027 3.67246e-05 0.00743361 0.00107021 0.00310924 0.00104621 0.0201308 0.00284548 0.11029 0.00276649 0.00555981 6.81744e-05 0.319617 0.0176023 0.174966 
0.179427 0.00143418 0.150249 0.0246934 0.000849286 0.043536 0.00029638 0.00176866 0.0023215 0.00140684 9.96699e-05 0.0133677 0.00202181 0.069075 0.00923619 0.00305417 0.000423394 0.446494 0.0349368 0.0153081 
0.0945348 0.0199395 0.0402202 0.14433 0.000474247 0.00574471 0.000190379 0.000722214 0.0322399 0.0980213 0.00948414 0.0333162 0.0352992 0.0590071 0.0021283 0.0045515 0.0206448 0.245467 0.0551464 0.0985384 
0.131576 0.0112475 0.133954 0.0989492 0.00017618 0.00158671 0.00101686 0.00303474 0.0065748 0.060627 0.00733711 0.0317232 0.0181477 0.0714547 0.00343656 0.00612646 0.00680154 0.221284 0.0668634 0.118083 
0.184779 0.00219457 0.139691 0.0685917 0.000132741 0.00281199 0.00139603 0.00039126 0.000443011 0.00481943 0.000490649 0.0959585 0.00808852 0.186703 0.00258845 0.00712257 5.92496e-06 0.236796 0.0334366 0.0235585 
0.0386205 0.0161833 0.159112 0.0274548 7.50716e-05 0.00169792 4.30998e-05 0.000284819 0.000797922 0.00100129 0.00268399 0.0072884 0.0143272 0.0650879 0.000176887 0.0117172 4.3366e-06 0.516079 0.0946003 0.0427637 
0.111123 0.0476153 0.179903 0.0684439 0.000200174 0.0323806 0.000110715 0.000439516 0.0113689 0.0421558 0.00235094 0.026014 0.0129232 0.0523405 0.00368939 0.00641177 0.00131452 0.204356 0.126807 0.0700511 
0.110098 0.0235684 0.0833323 0.105443 0.00393774 0.0102579 0.00117859 0.00264333 0.00492129 0.0324351 0.0273686 0.0284726 0.0189803 0.0370642 0.0107478 0.00349568 0.022918 0.303909 0.145986 0.0232422 
0.045346 0.00884545 0.0596889 0.0944138 8.64202e-05 0.0110736 0.000158031 0.000686388 0.00890546 0.137703 0.0337322 0.00993389 0.0631804 0.0219423 0.00435526 0.00198822 0.0260164 0.325853 0.0573589 0.0887322 
0.106362 0.0180068 0.0881105 0.0217389 2.66638e-05 0.0136024 6.71813e-06 0.000498403 0.00200267 0.0369435 0.0020252 0.0498179 0.0435359 0.106912 0.00536618 0.00703687 0.012064 0.314178 0.130824 0.0409416 
0.119625 0.0165188 0.195527 0.0538793 0.000604831 0.00501778 0.000752529 0.0365308 0.00163161 0.0153506 0.00368333 0.0383891 0.00725521 0.081732 0.00204202 0.00257345 0.00160323 0.28517 0.0243646 0.107749 
0.247375 0.00919002 0.119945 0.0590909 6.8806e-05 0.0171949 0.000100213 0.000205748 0.00120085 0.00314035 0.000235822 0.0503629 0.00622478 0.0851456 5.52307e-05 0.0353056 1.98817e-05 0.294479 0.0592113 0.0114481 
0.0569663 0.0680485 0.15298 0.0618011 0.000289421 0.00506373 0.000207704 0.00386108 0.00790332 0.0874945 0.00698228 0.0328977 0.104137 0.0469875 0.00387587 0.00287691 0.0377248 0.202113 0.0603001 0.0574896 
0.124314 0.0224756 0.115794 0.044082 0.00229148 0.0364252 9.37389e-05 0.0767945 0.00438586 0.00998838 0.000898713 0.0159423 0.00586192 0.080621 0.00822168 0.00343816 0.00363104 0.389678 0.0331008 0.0219616 
0.200387 0.0111225 0.100772 0.0833721 0.000237646 0.00209261 0.000204029 0.00279394 0.00425034 0.182334 0.00385025 0.00994179 0.0247019 0.0479761 0.00816445 0.0116607 0.00968312 0.259902 0.0224635 0.0140888 
0.0686395 0.0160364 0.0966061 0.221123 0.000599222 0.00593566 9.8963e-05 0.000250836 0.00161712 0.0469365 0.00178458 0.0237722 0.0156557 0.0288619 0.00364086 0.00120886 0.00785312 0.307629 0.0328628 0.118888 
0.0711986 0.0109485 0.145117 0.0510666 0.000302668 0.0106635 0.000128383 0.000770192 0.00618842 0.0604897 0.00261396 0.0107534 0.0394677 0.0414204 0.0055232 0.00318963 0.00305031 0.444102 0.0510094 0.0419968 
0.0763039 0.0137328 0.0777082 0.0345306 8.04694e-05 0.0127927 0.00175429 0.00221482 0.221045 0.046234 0.0049788 0.0524042 0.0154039 0.032382 0.0146401 0.00187435 0.00720843 0.321492 0.0512344 0.0119849 
0.0995422 0.0217266 0.193413 0.0443354 0.0403481 0.000242416 1.48886e-05 0.000491522 0.000503329 0.0147563 0.000997521 0.0212794 0.0120431 0.0916194 0.00827333 0.00130128 0.000501488 0.199445 0.060931 0.188235 
0.132711 0.0297282 0.125098 0.0858697 0.000207387 0.00389368 0.000874548 0.0015428 0.00523416 0.0485392 0.00683304 0.020079 0.0535386 0.0525953 0.00440363 0.00760101 0.00699044 0.184518 0.172216 0.0575261 
0.133788 0.0141293 0.135126 0.174393 0.000224649 0.00450331 0.000574601 0.000598182 0.00841922 0.0483824 0.0104094 0.0307634 0.0234224 0.0818639 0.0108748 0.00589466 0.00435802 0.177487 0.0367952 0.097993 
0.0738353 0.00468355 0.242578 0.0881777 0.000281102 0.00988257 0.000421208 0.000766743 0.0110612 0.013379 0.00268597 0.0587456 0.00430467 0.0594754 0.00636963 0.0113983 0.00450865 0.343021 0.01524 0.0491842 
0.22221 0.00931388 0.0447531 0.0572564 0.000169687 0.0215717 5.36276e-05 0.0196575 0.0108127 0.0726577 0.00734366 0.0159954 0.0166047 0.0947939 0.00441688 0.0155743 0.019232 0.299677 0.0516256 0.0162799 
0.0191053 0.00815026 0.0737092 0.121516 0.00034186 0.00185363 0.00021313 0.00020529 0.00453669 0.0620876 0.00131604 0.00568567 0.0485008 0.0218434 0.00209095 0.00113111 0.0138318 0.432294 0.126472 0.0551159 
0.0986662 0.0213006 0.0913787 0.0551166 0.000249377 0.00910447 7.37732e-05 0.00225506 0.00986964 0.0705064 0.00455826 0.00709199 0.106673 0.0371926 0.0163822 0.00131094 0.0173712 0.383011 0.0460169 0.0218713 
0.0346448 0.0239499 0.108475 0.141188 0.000360635 0.00677402 0.000129001 0.000419573 0.0021607 0.0242398 0.00640491 0.00628143 0.0750667 0.021146 0.00448169 0.00103018 0.000796815 0.428544 0.0884748 0.025432 
0.113315 0.0248896 0.109327 0.0828549 0.0012043 0.0130254 0.000510725 0.070349 0.00995338 0.0810809 0.00561103 0.0231456 0.0830721 0.0454087 0.0105835 0.00347703 0.018069 0.13489 0.0647573 0.104476 
0.176018 0.0111732 0.184377 0.0917209 0.00181208 0.0141838 7.55549e-05 0.000817093 0.00551136 0.0487118 0.00213368 0.0216927 0.011787 0.0547528 0.00796837 0.0108935 0.00744786 0.217932 0.0234824 0.107508 
0.13558 0.0104177 0.0651311 0.0778044 5.99888e-06 0.006358 0.00025469 0.000339943 0.0108656 0.0788251 0.00842415 0.0129043 0.0360265 0.0416329 0.00426232 0.00689182 0.00250204 0.341934 0.133464 0.0263753 
0.0131534 0.00971749 0.208135 0.136361 0.00019286 0.00466896 0.000174301 0.000157447 0.00180721 0.0479816 0.00260117 0.0152172 0.00960985 0.0237949 0.000805719 0.000765422 0.00204755 0.451976 0.0328067 0.0380258 
0.15431 0.0137114 0.0435555 0.0561558 0.000242649 0.00159901 8.75028e-06 0.000678055 0.00206192 0.0444909 0.0024154 0.0257371 0.0692073 0.031784 0.0108083 0.00179248 0.00477895 0.480925 0.0451329 0.0106047 
0.123043 0.00361419 0.112699 0.0630696 7.45583e-05 0.0169142 0.000296021 0.000229907 0.01049 0.0257352 0.0025449 0.0116807 0.0126587 0.0286009 0.0136698 0.00313414 0.0470778 0.300413 0.187182 0.0368725 
0.123743 0.0188173 0.100697 0.119477 0.000534083 0.00613983 0.000657624 0.00506471 0.00824683 0.0818419 0.010593 0.0352519 0.035795 0.0637949 0.00691048 0.00723687 0.0148831 0.186242 0.0699585 0.104115 
0.07581 0.00808622 0.165004 0.0258397 0.00044072 0.00632174 0.000326679 0.00201229 0.00271312 0.00837718 0.0165227 0.0683427 0.0114411 0.0853151 0.00110135 0.0183778 0.000416647 0.355689 0.0527448 0.0951168 
0.111393 0.0555424 0.16134 0.0426521 0.000679949 0.00135284 0.000250205 0.000965721 0.00367264 0.0260464 0.00115291 0.0125078 0.0164237 0.0385464 0.00515534 0.0114843 0.00810414 0.319949 0.0853103 0.0974707 
0.212817 0.0123785 0.107008 0.0815704 0.00110274 0.00322818 0.000321445 0.0063267 0.00689738 0.0254021 0.0123911 0.037392 0.0346038 0.0518148 0.0569527 0.00626102 0.00894941 0.23823 0.0557798 0.0405731 
0.129548 0.00520517 0.031842 0.0430635 0.000127471 0.00443556 0.00236372 0.000210471 0.00427199 0.0408319 0.00530725 0.0196133 0.0262977 0.0113011 0.00511688 0.000322361 0.00948657 0.581426 0.0553629 0.0238667 
0.15986 0.0137486 0.151575 0.12937 0.000273407 0.00377624 0.000744455 0.00620116 0.00525408 0.0308689 0.00236732 0.0172873 0.00981712 0.0621217 0.0253113 0.00833946 0.00272967 0.270101 0.0666375 0.0336174 
0.105563 0.00313315 0.154608 0.0490873 0.000440912 0.00560142 5.47531e-05 0.00112695 0.00289865 0.0163243 0.000828899 0.0218307 0.00328916 0.0576555 0.00511541 0.0195481 0.00734654 0.378158 0.138346 0.0290435 
0.0738858 0.0266864 0.158508 0.132245 0.000208934 0.00534603 0.00161255 0.00172227 0.00408493 0.0517478 0.00382158 0.0207281 0.0345687 0.0584962 0.00303049 0.00606742 0.00687721 0.250953 0.0706148 0.0887948 
0.155112 0.00343301 0.112685 0.0685828 0.000172507 0.00585792 5.10283e-05 0.000328148 0.00355797 0.0336187 0.123032 0.0132795 0.0164895 0.112215 0.0075829 0.00409412 0.000304175 0.23839 0.0545364 0.0466764 
0.0717893 0.0209895 0.113833 0.0725642 3.27142e-05 0.0114723 2.19404e-05 0.000416913 0.00713364 0.0637186 0.00222373 0.00893508 0.0203093 0.0308556 0.00352269 0.00211326 0.0182303 0.432095 0.106969 0.0127747 
0.17642 0.0147984 0.0704984 0.0544481 0.000441458 0.0169858 0.000124854 0.000560259 0.0086021 0.0301409 0.00506696 0.0414616 0.00962422 0.0365026 0.0107392 0.00474529 0.0142041 0.442241 0.0537332 0.00866196 
0.0602603 0.0163347 0.0415591 0.0686962 2.80397e-05 0.0287448 0.000238316 0.000374491 0.0116012 0.0837674 0.00847512 0.0302064 0.0644456 0.0511349 0.00406166 0.00262803 0.0511372 0.306463 0.0763735 0.09347 
0.0820082 0.0638357 0.164318 0.0747605 0.000127689 0.00050226 1.74239e-05 0.000110314 0.0512154 0.00890689 0.000140723 0.023564 0.00798644 0.0669033 0.00289678 0.0403241 5.54481e-05 0.207474 0.0221237 0.182729 
0.203054 0.00578825 0.168879 0.0607967 0.000179022 0.00304113 2.32191e-05 0.0013099 0.00207684 0.0128572 0.00304877 0.0492782 0.00607779 0.100987 0.0196057 0.0176735 2.11775e-05 0.229025 0.0348125 0.081464 
0.143823 0.017482 0.206315 0.0696482 6.00921e-05 0.00355482 0.000280525 0.000329925 0.00473507 0.0351524 0.00984872 0.00661272 0.00511805 0.0488069 0.00616489 0.00180485 0.000974592 0.375336 0.0470809 0.0168721 
0.0670889 0.0185053 0.160457 0.0993574 0.000455498 0.00446964 0.000284146 0.000730371 0.00576157 0.0254897 0.0023503 0.0229958 0.0126062 0.0483962 0.00704831 0.0121978 0.0102665 0.287177 0.124555 0.0898071 
0.12022 0.0140418 0.209377 0.0775671 0.000236922 0.00146299 1.49196e-05 0.000267162 0.00214644 0.0121859 0.000359082 0.0372521 0.00420648 0.0887891 0.00767827 0.0285161 0.0116558 0.280596 0.0332504 0.070176 
0.110362 0.0120465 0.153261 0.0329306 5.09245e-05 0.00298988 0.000329194 0.000291872 0.00232794 0.0104223 0.000882053 0.0479969 0.00441311 0.126819 0.00250707 0.00323205 4.52935e-06 0.383262 0.0276608 0.0782095 
0.105813 0.00974862 0.199928 0.0535737 0.000147147 0.00822744 0.000356286 0.00024581 0.00318223 0.0170778 0.00011662 0.0248352 0.00720867 0.0750971 0.00769785 0.00406119 0.000325865 0.390957 0.0327979 0.0586024 
0.0736197 0.041427 0.0753811 0.207154 0.000507587 0.00470085 0.000103001 0.000244625 0.00266801 0.029107 0.00466569 0.0222172 0.0282374 0.0347768 0.0268837 0.00276402 0.000666244 0.370176 0.0181436 0.0565563 
0.0398918 0.0465895 0.183857 0.195885 0.000140857 0.0061101 0.000100228 0.000522317 0.00296166 0.0224368 0.0019565 0.0439432 0.0128692 0.0669362 0.00228562 0.00886034 0.00217187 0.20586 0.0833681 0.0732539 
0.132326 0.0180837 0.0927598 0.0329781 0.000597472 0.00195099 0.00017429 0.00290485 0.00777407 0.010391 0.000767759 0.0115173 0.050836 0.0838052 0.00995658 0.00202115 0.0066179 0.277343 0.184266 0.0729288 
0.108866 0.0202008 0.101956 0.0773618 7.7105e-05 0.00535144 7.74087e-05 0.00148758 0.003902 0.0250561 0.00206304 0.0152334 0.0288682 0.047003 0.0137175 0.00751221 0.00377798 0.422312 0.0786107 0.0365663 
0.0532787 0.0451734 0.0954326 0.0600719 1.32155e-05 0.0155595 7.4734e-05 0.00252351 0.0268743 0.154234 0.108274 0.00727375 0.0716088 0.0293714 0.0093168 0.00388779 0.0279399 0.173408 0.0831666 0.032517 
0.0919378 0.0161604 0.0438888 0.115429 7.09716e-06 0.019634 6.10291e-05 4.99804e-05 0.00665067 0.0457408 0.00922937 0.0105084 0.0104079 0.0252307 0.0123238 0.000759829 0.00838975 0.492616 0.0858433 0.00513213 
0.0717893 0.0209895 0.113833 0.0725642 3.27142e-05 0.0114723 2.19404e-05 0.000416913 0.00713364 0.0637186 0.00222373 0.00893508 0.0203093 0.0308556 0.00352269 0.00211326 0.0182303 0.432095 0.106969 0.0127747 
0.0907409 0.014233 0.154249 0.0866692 9.48369e-05 0.0132788 0.00062557 0.000305092 0.0104755 0.0619629 0.0075507 0.00293106 0.0360775 0.0217797 0.0128434 0.00118573 0.0399224 0.338505 0.0809162 0.025653 
0.0368008 0.0519239 0.0641748 0.0594954 6.0548e-05 0.0224859 4.18167e-06 0.00037005 0.00491381 0.0604752 0.00570012 0.00999071 0.0422338 0.0540336 0.000964993 0.0012962 0.00245295 0.427359 0.123611 0.0316528 
0.173027 0.00959059 0.109571 0.054058 7.93342e-05 0.0176206 2.44533e-08 2.61579e-05 0.000503279 0.000880288 0.000132332 0.0306916 0.00195884 0.0930145 2.08716e-06 0.00691322 7.15877e-06 0.430058 0.0512995 0.0205674 
0.28428 0.00457849 0.10352 0.0617294 0.00556764 0.00517681 1.65645e-05 0.000144967 0.00159428 0.0114387 0.000360977 0.0149987 0.00367214 0.0834756 0.039095 0.00413123 0.0161209 0.289017 0.0578639 0.013218 
0.168069 0.00634557 0.0708299 0.061918 0.00019167 0.00190184 0.0143475 0.000683464 0.0525834 0.169327 0.0085246 0.0244796 0.0121018 0.0335405 0.00917507 0.0308933 0.0035688 0.245357 0.0317873 0.054375 
0.164699 0.0191676 0.1618 0.0921162 0.00061019 0.00527469 8.29321e-05 0.0234897 0.00627691 0.044288 0.00645422 0.0251179 0.00828644 0.045706 0.00440079 0.0031259 0.0209832 0.209686 0.0464462 0.111988 
0.0566517 0.0141822 0.0670512 0.201561 0.000406621 0.00549835 0.000164591 0.000705793 0.00522597 0.0427546 0.00270606 0.0138174 0.0180803 0.0306547 0.00506918 0.00945909 0.00461306 0.423876 0.0632419 0.0342796 
0.0605831 0.00552983 0.12454 0.0329839 1.69757e-06 0.00499204 0.000174081 0.000662191 0.0180329 0.0783815 0.00500352 0.0434446 0.00810896 0.048454 0.00175761 0.00579934 0.00636054 0.389958 0.0482984 0.116933 
0.0269721 0.00800676 0.018507 0.0512363 2.39116e-05 0.0223468 0.000106552 0.00159465 0.182767 0.0571106 0.00516572 0.00803512 0.0171766 0.0198758 0.00612909 0.00334546 0.0221568 0.381396 0.154792 0.0132555 
0.129074 0.0079964 0.197914 0.176179 0.000101426 0.00295607 0.000979245 0.000189002 0.00321407 0.0221175 0.000798298 0.0174202 0.0178906 0.0485772 0.0264929 0.0119109 0.000330809 0.215935 0.0418666 0.0780575 
0.16469 0.01517 0.052927 0.0277914 0.000135918 0.00809356 0.000913174 0.000254959 0.00192274 0.114394 0.0033149 0.0590937 0.0158998 0.0938863 0.00197014 0.00842338 0.0127685 0.265675 0.115119 0.0375557 
0.053635 0.010841 0.133674 0.047534 0.000111515 0.0276672 8.45738e-05 0.00064903 0.00549685 0.0488814 0.00184847 0.0284682 0.0528075 0.0857566 0.00366146 0.0245285 0.0203665 0.219388 0.0950783 0.139521 
0.117763 0.0164342 0.0847991 0.0578536 0.000133766 0.0180502 4.06912e-05 0.00586159 0.00415495 0.0449538 0.0378424 0.00829033 0.0735771 0.0419157 0.00337735 0.0012659 0.00426998 0.322679 0.125171 0.0315671 
0.0769997 0.0207837 0.124926 0.189896 0.000277694 0.0056014 0.000313607 0.000577415 0.00256724 0.00816401 0.000510174 0.0278107 0.0145244 0.059374 0.000708733 0.0124611 8.54335e-05 0.35284 0.0248322 0.0767466 
0.125693 0.00361917 0.0209363 0.0443653 7.82882e-05 0.000186816 2.93258e-06 0.000147728 0.00296293 0.0839387 0.000159747 0.0184513 0.00489303 0.0454604 3.10361e-05 0.027445 0.000710103 0.567135 0.0338918 0.0198919 
0.116377 0.0320231 0.185363 0.0574555 0.00150771 0.00486722 0.000197797 0.0287729 0.0120291 0.0182257 0.00213846 0.0243263 0.0176723 0.0799669 0.00171895 0.00566688 0.0019506 0.340777 0.0417574 0.0272054 
0.19003 0.0163841 0.106993 0.105155 0.000367245 0.00191717 0.000160673 0.000911332 0.00483769 0.0210927 0.00299615 0.0196953 0.0222675 0.0962222 0.00882945 0.00652258 0.00350947 0.2584 0.0565721 0.0771358 
0.0801904 0.0118876 0.137962 0.0888503 5.95164e-05 0.00283688 7.32922e-05 0.000470607 0.000585764 0.0234007 0.000111943 0.00545999 0.03012 0.0817389 0.00446324 0.00251791 1.28924e-05 0.409771 0.0679341 0.0515527 
0.0290087 0.00946597 0.101229 0.0299241 1.9811e-05 0.000137693 3.73977e-06 0.000867731 0.000222915 0.0068591 2.45559e-05 0.00579397 0.00459029 0.0671862 0.00858502 0.00120726 3.98304e-06 0.589778 0.0822736 0.0628183 
0.160747 0.0269046 0.0792138 0.037313 0.000311936 0.00416199 4.47216e-05 0.000458922 0.00551488 0.0400438 0.00614035 0.0118921 0.0327747 0.0261572 0.0298689 0.00119553 0.00445311 0.451589 0.0601376 0.0210778 
0.0981911 0.0196823 0.205483 0.0857091 0.000189281 0.00586143 0.000542168 0.00117548 0.00780311 0.0339511 0.00421775 0.0242387 0.0218895 0.0754756 0.00584313 0.0074334 0.00374495 0.232044 0.0944619 0.0720629 
0.0691808 0.00592087 0.224606 0.0242494 0.000194028 0.00323834 7.66892e-05 0.0020184 0.119881 0.0257061 0.012392 0.00789744 0.00857409 0.123577 0.00276222 0.00227052 0.00501171 0.277302 0.055324 0.0298186 
0.121186 0.00640806 0.1658 0.115581 0.000371359 0.0171796 3.13282e-05 0.000532062 0.00385304 0.0078492 0.000419203 0.0369499 0.0215333 0.0909339 0.00372032 0.00766052 0.00029952 0.289192 0.0415302 0.06897 
0.122957 0.036994 0.113846 0.076269 0.000303375 0.00170136 0.000183685 0.00772717 0.00198473 0.029923 0.00161953 0.00847958 0.0248891 0.058602 0.00236359 0.00192035 0.00801503 0.380404 0.0676641 0.054153 
0.0592494 0.0412424 0.11125 0.127806 2.65166e-05 0.0255335 0.000197604 0.00649272 0.00684234 0.0840356 0.0110295 0.00750553 0.0195344 0.0180505 0.0300177 0.00167005 0.0277536 0.370446 0.0356231 0.0156934 
0.147636 0.034554 0.133709 0.0761168 0.000165893 0.00251521 7.59094e-05 0.00053531 0.00102488 0.0886187 0.0274098 0.00870034 0.0601074 0.0637264 0.0292211 0.00278177 0.0138744 0.170227 0.0866927 0.0523063 
0.146051 0.0200449 0.178419 0.0477125 0.00030094 0.000965814 0.000181087 0.00856806 0.000832898 0.00976025 0.000752192 0.016035 0.0100136 0.121134 0.00510595 0.0241765 1.91189e-05 0.291922 0.0421398 0.0758655 
0.0588537 0.0275235 0.154211 0.151972 0.000785755 0.00673373 0.000539228 0.00138178 0.00321646 0.0101556 0.00147738 0.0257376 0.0736603 0.0923793 0.00551912 0.00473394 0.00203001 0.195252 0.0296294 0.154209 
0.119197 0.0186442 0.102637 0.0702323 0.00108625 0.00588061 0.00119626 0.00262139 0.0165359 0.0306235 0.00758711 0.0249808 0.0197716 0.081604 0.00685402 0.00870279 0.0085267 0.230242 0.199873 0.0432032 
0.119794 0.0224585 0.172227 0.0470616 0.000158482 0.0118445 0.000145733 0.00108223 0.00838846 0.0520726 0.0062447 0.0174752 0.0250593 0.045488 0.01639 0.0214385 0.00431423 0.240306 0.0315838 0.156468 
0.0888817 0.00859714 0.184603 0.224333 0.000124888 0.00273776 0.000254791 0.000302524 0.00610531 0.019119 0.00139669 0.0110054 0.0141339 0.0666859 0.000288033 0.00465307 5.18837e-05 0.2686 0.0399437 0.0581819 
0.253897 0.014448 0.13008 0.0416331 0.000639389 0.0057034 5.61765e-05 0.000441175 0.0117787 0.0390555 0.0045773 0.00565885 0.0164536 0.0166467 0.0101509 0.00137304 0.0176277 0.360113 0.0648168 0.00485017 
0.0578713 0.0134849 0.142155 0.0956762 0.000315353 0.00607642 0.000348165 0.00262886 0.00186447 0.0252106 0.00492508 0.0229272 0.00740584 0.04367 0.000404887 0.000763081 0.00159457 0.478207 0.0235617 0.0709089 
0.106908 0.0389174 0.132892 0.115388 0.000106563 0.00360636 0.000954563 0.000333142 0.00225235 0.0174391 0.00172019 0.0642206 0.0793967 0.0552656 0.0220444 0.00110018 0.000988911 0.219263 0.0719763 0.0652262 
0.151387 0.00446219 0.0640197 0.0536592 0.000177432 0.00350945 0.00140836 0.000799468 0.0138572 0.0359085 0.0011435 0.0287786 0.0347139 0.0350501 0.012626 0.0113583 0.000242334 0.377271 0.154628 0.0150009 
0.112175 0.0200664 0.124036 0.104419 0.000323283 0.00552594 0.000209824 0.000813998 0.00795324 0.130979 0.00571453 0.0223598 0.0301716 0.0515358 0.00775727 0.0205745 0.0241117 0.199743 0.0526911 0.0788385 
0.0588446 0.0184261 0.160856 0.116218 0.000623025 0.0144179 0.000625146 0.00113923 0.0118809 0.0351934 0.00503797 0.0243508 0.0183909 0.0689905 0.0109508 0.00589476 0.00597561 0.268311 0.0425617 0.131312 
0.129548 0.00520517 0.031842 0.0430635 0.000127471 0.00443556 0.00236372 0.000210471 0.00427199 0.0408319 0.00530725 0.0196133 0.0262977 0.0113011 0.00511688 0.000322361 0.00948657 0.581426 0.0553629 0.0238667 
0.0223808 0.00203761 0.0734815 0.0180369 1.69868e-06 0.0138386 5.27421e-05 0.000161413 0.00934849 0.058219 0.0298136 0.000639524 0.0476043 0.00726899 0.0056077 0.00021725 0.00780097 0.568506 0.126685 0.00829768 
0.194026 0.0222823 0.180678 0.0649169 0.00276272 0.00537602 0.00058294 0.00191065 0.0153416 0.0218156 0.00789768 0.0204927 0.0094705 0.0565782 0.0029793 0.0035836 0.00324454 0.263746 0.0733114 0.0490036 
0.0884526 0.0349293 0.150646 0.0606353 0.000184097 0.0128646 0.00310666 0.00514916 0.00527089 0.100165 0.00467887 0.0194876 0.0374254 0.0484675 0.00321327 0.00322612 0.00734204 0.250714 0.131644 0.0323979 
0.182742 0.0218015 0.0847643 0.0342873 5.1719e-05 0.00406221 0.000157307 0.000651902 0.00371518 0.161489 0.0047008 0.0146122 0.0451936 0.0752052 0.00329267 0.00126049 0.0275604 0.191192 0.115378 0.0278829 
0.214487 0.00566494 0.0406445 0.0440766 0.000484699 0.00828969 2.43636e-05 0.00234987 0.00822085 0.0273225 0.00338219 0.221744 0.00785919 0.0552384 0.0366196 0.025676 0.00420593 0.253967 0.0275942 0.0121487 
0.0866624 0.0122936 0.0662583 0.063113 0.000283643 0.00829985 0.01411 0.000845886 0.00237672 0.0600915 0.00537778 0.018832 0.0513577 0.0412535 0.00672927 0.0029053 0.017553 0.341854 0.0331879 0.166615 
0.142377 0.0135738 0.153548 0.0866034 3.45586e-05 0.0166506 8.80609e-05 0.000247235 0.025935 0.0365086 0.0315482 0.00383652 0.013875 0.0985938 0.0207217 0.00113033 0.0109001 0.274424 0.0551606 0.0142431 
0.105849 0.00899201 0.102246 0.0545121 0.000398773 0.00994639 0.000103836 0.000618374 0.00440101 0.00911951 0.00171932 0.0240405 0.0184517 0.0671309 0.00436731 0.0110969 0.000254042 0.48052 0.0700922 0.0261405 
0.137913 0.00406338 0.238267 0.121867 0.000639542 0.00110672 0.000346554 0.000305055 0.000492066 0.00900533 0.000563403 0.0267654 0.00117921 0.0543121 0.0120084 0.00207501 0.000170302 0.342295 0.00632436 0.0403006 
0.0480613 0.0204554 0.0867208 0.121923 6.02196e-05 0.0461285 0.00120579 0.00031252 0.0279735 0.0681607 0.0109381 0.0137655 0.0301705 0.0900497 0.00301339 0.0143333 0.00669857 0.246709 0.141722 0.0215982 
0.098559 0.0150467 0.144963 0.153963 0.000524095 0.00367646 0.000415613 0.000685181 0.00282083 0.0249817 0.00214835 0.0185885 0.0188704 0.0421489 0.0121699 0.00333265 0.00621297 0.325648 0.0482903 0.0769555 
0.0488174 0.0344968 0.121687 0.044547 0.000290607 0.0123606 0.0131013 0.000891139 0.00137461 0.0401888 0.00749782 0.0141745 0.0361121 0.0550643 0.00377236 0.00322519 0.000320272 0.303402 0.0900324 0.168644 
0.168511 0.00757245 0.139483 0.0514274 4.62383e-05 0.00112661 5.29169e-05 6.60268e-05 0.00193321 0.109866 0.00390833 0.0189666 0.0255316 0.050727 0.0138622 0.000924103 0.0022989 0.260946 0.0520405 0.0907106 
0.0618818 0.00313588 0.0490077 0.113796 8.75155e-07 0.0530146 0.000512931 0.000179819 0.0148745 0.137667 0.012948 0.0169371 0.0421437 0.0212561 0.00620134 0.000410213 0.0641751 0.338766 0.0335655 0.0295252 
0.212042 0.00564227 0.208148 0.0731165 0.000349011 0.0127279 0.000123761 0.00404791 0.00767921 0.023798 0.00438684 0.033973 0.00692004 0.0642309 0.0165933 0.00289559 0.00612653 0.247986 0.0400509 0.0291624 
0.0736691 0.00457988 0.0479138 0.0709947 1.11501e-05 0.00631063 2.44504e-06 0.00010039 0.00492679 0.0642478 0.00154686 0.0160067 0.018953 0.0453045 0.00998586 0.00460587 0.00857835 0.583152 0.0318206 0.00729 
0.0395383 0.0418156 0.107915 0.0427395 4.13216e-05 0.0120645 3.26923e-05 0.000486341 0.00668884 0.0374722 0.0057107 0.00769518 0.0391514 0.0372211 0.00362595 0.0061607 0.00708014 0.465865 0.124029 0.0146666 
0.117501 0.0171098 0.134524 0.0464756 0.000169626 0.00888652 9.21599e-05 0.00398586 0.0123156 0.0406328 0.00385928 0.0354193 0.0134252 0.0699551 0.0132956 0.00897913 0.00759996 0.330148 0.118844 0.0167815 
0.0725666 0.0275207 0.139219 0.0742687 0.000178405 0.00620882 0.000143031 0.00304616 0.00919526 0.183955 0.00919789 0.0067027 0.0505295 0.0265381 0.0105707 0.00242816 0.106916 0.205718 0.0360559 0.0290411 
0.0904471 0.027172 0.125258 0.0619986 0.000228485 0.0136338 0.00702791 0.000603293 0.00566186 0.0349726 0.00313248 0.0337249 0.0331792 0.137004 0.00651949 0.00267493 0.00281387 0.159167 0.141653 0.113128 
0.0191053 0.00815026 0.0737092 0.121516 0.00034186 0.00185363 0.00021313 0.00020529 0.00453669 0.0620876 0.00131604 0.00568567 0.0485008 0.0218434 0.00209095 0.00113111 0.0138318 0.432294 0.126472 0.0551159 
0.100818 0.0141476 0.183064 0.0456963 0.00011212 0.00811379 0.00202412 0.00202773 0.00605754 0.0144096 0.00119374 0.0502246 0.0171478 0.106176 0.00171272 0.0117651 0.00264258 0.269412 0.0798984 0.083357 
0.122718 0.0117277 0.0433347 0.0266345 7.30855e-05 0.0126676 8.90027e-05 0.00365229 0.0239865 0.0662075 0.13492 0.0508035 0.0145322 0.0496811 0.0200429 0.00200539 0.0125292 0.233109 0.159277 0.0120088 
0.0160595 0.00440637 0.0169426 0.0125134 0.000154652 0.00243699 5.23156e-05 4.09492e-05 0.00392174 0.0835048 0.00158649 0.0144745 0.135916 0.0379222 0.000198543 0.000748045 0.0408987 0.449564 0.116006 0.0626521 
0.15777 0.020323 0.16458 0.0771435 0.000581584 0.00250928 0.000779295 0.00520552 0.00571564 0.0343768 0.00149671 0.0387148 0.0158216 0.0481728 0.0142348 0.0094667 0.0294387 0.226104 0.117863 0.0297026 
0.0844815 0.0222228 0.0516427 0.0965137 0.00842523 0.00229103 0.00105795 0.00874478 0.011346 0.087339 0.0125201 0.0150446 0.0563402 0.0329808 0.00530829 0.00230581 0.00497532 0.36667 0.0953116 0.0344782 
0.188207 0.0105384 0.0767177 0.0385122 7.58819e-05 0.00298858 2.14175e-05 0.000569281 0.0243528 0.0568922 0.00622247 0.0512342 0.0180362 0.0242616 0.0181238 0.00891816 0.0145952 0.375589 0.0780513 0.00609318 
0.0808799 0.0261453 0.0411591 0.120018 0.000150175 0.0184945 0.000863029 0.00087273 0.00771186 0.102322 0.00993338 0.010593 0.094128 0.0385614 0.0241079 0.00558491 0.0248677 0.313677 0.0513158 0.0286148 
0.0911392 0.0191508 0.172635 0.090904 0.000562175 0.00406232 0.00458545 0.00260758 0.00378918 0.0201832 0.0021034 0.0264441 0.0177311 0.0592977 0.0172985 0.0047576 0.00245714 0.330261 0.0557007 0.0743307 
0.3087 0.00632894 0.0808243 0.0800319 0.000497184 0.00250687 1.349e-08 0.000219449 0.00158753 0.00624127 9.98271e-05 0.0105069 0.00182941 0.0432669 0.0172979 0.00176715 2.54873e-05 0.413454 0.0198337 0.00498171 
0.199756 0.011368 0.111353 0.0924196 0.000252082 0.00257444 9.28146e-05 0.00408724 0.0121595 0.0518772 0.00296663 0.0159187 0.0125075 0.0374246 0.00781639 0.0120852 0.000871318 0.354023 0.0556551 0.0147922 
0.0385214 0.0129802 0.145211 0.05639 0.000237937 0.00130602 0.000131294 0.000514334 0.000964899 0.00835633 0.0023298 0.0144288 0.0107374 0.045271 0.000870534 0.00648046 0.00204734 0.590463 0.0332336 0.0295239 
0.10991 0.0746611 0.133687 0.0587474 0.000165471 0.00609514 0.000426838 0.0011715 0.00708592 0.0245663 0.00250745 0.0306722 0.0787724 0.0623007 0.00797041 0.00683196 0.00347571 0.23114 0.109753 0.0500596 
0.0781744 0.0697733 0.0894303 0.0425344 0.000221119 0.00779615 0.000174179 0.00206026 0.00566632 0.0671503 0.014265 0.0269686 0.0241731 0.0466156 0.00459429 0.00331779 0.00878301 0.302 0.177948 0.028354 
0.0378333 0.00733404 0.125398 0.0374991 0.00026284 0.0135369 0.000542372 0.000946868 0.00980303 0.0251921 0.00409603 0.0520847 0.0152814 0.0681912 0.00359341 0.0073955 0.00332934 0.435296 0.0719668 0.0804166 
0.202122 0.00178216 0.0872802 0.0185168 0.000803633 0.011996 1.18908e-05 0.0257351 0.00301722 0.00474692 0.000286428 0.050571 0.000747365 0.0655138 0.0964036 0.00586926 0.000277393 0.377521 0.0375623 0.00923603 
0.0820754 0.0113546 0.0427471 0.104507 4.63548e-05 0.00334108 3.98424e-05 0.000176719 0.00335715 0.0772641 0.0069925 0.0130196 0.127593 0.0492268 0.00206951 0.000431705 0.00359426 0.27576 0.128188 0.068215 
0.259162 0.00942072 0.0213983 0.043358 7.55508e-05 0.00213807 3.76801e-05 0.00467879 0.00481262 0.0939205 0.0440257 0.0296242 0.0448422 0.0609143 0.00645582 0.00553457 6.63973e-05 0.323877 0.0403746 0.00528368 
0.152211 0.0294592 0.098128 0.141167 0.000289712 0.0055247 0.000150736 0.00482912 0.0105744 0.102257 0.00253223 0.0179158 0.022798 0.0454435 0.00652197 0.00830087 0.0115346 0.219907 0.049807 0.0706485 
0.0280148 0.0127191 0.194164 0.0367811 4.19949e-05 0.00945371 0.000176391 0.00214606 0.00106715 0.0404908 0.00149132 0.0292554 0.0329405 0.175607 2.54787e-05 0.0493021 0.00231019 0.213705 0.0384013 0.131906 
0.140863 0.00740695 0.0964631 0.0340418 0.000117406 0.00889487 0.0129305 0.00160099 0.0120452 0.0776292 0.00845493 0.0286312 0.127797 0.0864377 0.00109061 0.0116145 0.0191394 0.1437 0.13973 0.0414121 
0.0826903 0.0152021 0.151156 0.0796454 0.000407496 0.00419813 0.0017161 0.0013611 0.00736641 0.0412617 0.00206749 0.0219497 0.0135958 0.0550811 0.0123416 0.00524172 0.00263565 0.286346 0.0643933 0.151343 
0.109882 0.0255661 0.175731 0.0789536 0.000164688 0.00547118 0.00146639 0.00249882 0.0076921 0.0534293 0.00164384 0.0233503 0.0317999 0.0905636 0.00409662 0.0320532 0.00300978 0.178105 0.0463952 0.128128 
0.18154 0.00870689 0.0500901 0.218241 0.000527286 0.00181183 5.71753e-05 0.000280266 0.00319345 0.00568021 0.00100895 0.00768443 0.0180774 0.0589354 0.00753882 0.0112812 0.000203217 0.379421 0.0295146 0.0162072 
0.101697 0.0130786 0.136398 0.129457 0.000204243 0.00510053 0.000232135 0.000411788 0.00253373 0.0114875 0.0149478 0.0263286 0.0131783 0.0729978 0.00630489 0.0111686 0.000112799 0.359868 0.0310029 0.0634899 
0.138056 0.013023 0.0762468 0.0357601 6.09446e-05 0.00859658 0.000461563 0.000284047 0.00367459 0.0315549 0.00414399 0.00899534 0.0256467 0.0438928 0.0085455 0.0294972 0.00906443 0.384484 0.171584 0.00642838 
0.0996258 0.0068383 0.0343618 0.069656 0.000377081 0.00354036 9.10352e-05 0.000777328 0.00941703 0.0653806 0.00716753 0.0567507 0.0190445 0.0328584 0.0283024 0.00149267 0.0275017 0.4223 0.0577537 0.0567628 
0.174833 0.00374141 0.102602 0.198468 0.00155577 0.0075297 7.65002e-05 0.000355887 0.00435341 0.0116772 0.00074175 0.0115742 0.00394224 0.035845 0.0445837 0.0117538 0.000503663 0.341524 0.0301186 0.0142214 
0.147505 0.0163233 0.0681164 0.0553109 0.000258662 0.00171539 0.000227711 0.000667444 0.00919144 0.0383318 0.0165799 0.0247146 0.0628227 0.0324562 0.00293803 0.00133955 0.00231424 0.394788 0.0534835 0.0709153 
0.0992239 0.0241677 0.146649 0.0574872 0.000157468 0.00761829 0.000525134 0.00207618 0.00795212 0.0234427 0.00283401 0.0232346 0.0289848 0.09465 0.00383417 0.0104449 0.00402487 0.203689 0.154393 0.104611 
0.0712617 0.00436632 0.0969293 0.0701717 0.000300161 0.00102327 0.000539837 0.000383275 0.00363816 0.0145165 0.00697916 0.103013 0.0239803 0.0549391 0.000218068 0.0109131 0.000613682 0.286056 0.0231795 0.226978 
0.0769786 0.0130284 0.140369 0.106329 6.8818e-05 0.0172917 1.38524e-05 0.00013496 0.00424449 0.0269025 0.00281845 0.076262 0.00942922 0.0674712 0.0117899 0.0207722 0.00599639 0.330392 0.0329485 0.0567587 
0.0524918 0.0253877 0.0579757 0.124438 9.28161e-05 0.0389935 0.0038178 0.00220507 0.00394792 0.0265498 0.00388867 0.00690294 0.106849 0.0339479 0.0011313 0.00170092 0.000286238 0.400172 0.0965185 0.0127032 
0.061119 0.00648142 0.146072 0.0249094 0.000681709 0.00147124 0.000460737 0.00834932 0.000916457 0.00469749 0.000872279 0.0226158 0.00585097 0.072894 0.00161658 0.00230521 0.0021102 0.359955 0.0275276 0.249093 
0.166812 0.0127549 0.0521565 0.0253356 0.000830713 0.0929049 0.000153602 0.000512794 0.00853762 0.153798 0.00977337 0.0113022 0.0191388 0.0186737 0.0705362 0.002335 0.0908293 0.212835 0.0465867 0.00419351 
0.0642377 0.0314576 0.167797 0.112498 0.00158853 0.00439912 0.00111663 0.00467584 0.00945247 0.0264877 0.0023046 0.0202706 0.0463517 0.0581095 0.00280194 0.00366235 0.00780102 0.16961 0.148021 0.117356 
0.158311 0.00908419 0.162445 0.118966 0.000386548 0.00329316 0.000102213 0.000541524 0.00368236 0.0406045 0.000922907 0.0122177 0.0384871 0.051055 0.00214228 0.00293678 0.0199539 0.303541 0.0337879 0.0375392 
0.141723 0.0663861 0.129563 0.0596851 7.31375e-05 0.00849071 0.000130036 0.000398638 0.00377615 0.0857983 0.0532877 0.00597461 0.0709821 0.0692359 0.0220226 0.00853354 0.00327078 0.168443 0.0603356 0.0418902 
0.124046 0.014272 0.132101 0.10716 0.000242936 0.0160593 0.000262958 0.00119429 0.00478932 0.0755293 0.00208456 0.0283253 0.0229493 0.0464996 0.00280147 0.0111289 0.00377526 0.185367 0.102635 0.118777 
0.0618759 0.0121606 0.136199 0.0527151 0.000182829 0.00714455 0.000501892 0.00141148 0.00214408 0.0104698 0.00447531 0.0711502 0.0119558 0.0785471 0.00383768 0.00650013 0.000235349 0.439332 0.0334116 0.0657494 
0.124049 0.0145953 0.126097 0.0554939 0.000387755 0.00307504 7.83167e-05 0.000675415 0.00134272 0.00517955 0.000378231 0.0130523 0.00617261 0.0658496 0.00385311 0.00285098 0.00017828 0.496448 0.0363211 0.0439216 
0.200268 0.0141181 0.0979327 0.221497 0.000957376 0.00549966 0.000238043 0.00170184 0.00301911 0.00820497 0.00105153 0.0274269 0.0113341 0.0469476 0.0180299 0.00464353 0.00121814 0.236975 0.047923 0.0510137 
0.144919 0.00869315 0.137245 0.0407308 0.000118352 0.0122927 0.000382631 0.000516624 0.00699474 0.00524341 0.000289287 0.0328236 0.00291988 0.0971729 0.0078393 0.01456 0.000386829 0.409704 0.044407 0.0327604 
0.0994597 0.175522 0.0788999 0.0828043 0.000155525 0.00442902 0.000310394 0.000449938 0.00629771 0.0905066 0.0395761 0.0301963 0.0301574 0.0249339 0.00527659 0.00552316 0.0543345 0.180574 0.0627705 0.0278228 
0.173999 0.00434722 0.0834517 0.118133 1.17898e-05 0.00874429 1.13395e-05 0.00112543 0.0119397 0.0307877 0.00189817 0.00974002 0.0230543 0.0707306 0.020189 0.00627075 0.00294703 0.280802 0.135385 0.0164318 
0.159711 0.0173287 0.0434695 0.0465586 8.05003e-05 0.0524144 0.00112462 0.000414679 0.00900418 0.0333464 0.00754098 0.0288301 0.0124952 0.0435164 0.0154194 0.00153439 0.0099418 0.394396 0.0986979 0.0241754 
0.131973 0.00806646 0.103929 0.0886352 0.000135707 0.00450533 3.93352e-05 0.000226765 0.0120958 0.0564542 0.00360431 0.0298486 0.0136017 0.0402223 0.0085392 0.00252048 0.0300394 0.374649 0.0769067 0.0140076 
0.125693 0.00361917 0.0209363 0.0443653 7.82882e-05 0.000186816 2.93258e-06 0.000147728 0.00296293 0.0839387 0.000159747 0.0184513 0.00489303 0.0454604 3.10361e-05 0.027445 0.000710103 0.567135 0.0338918 0.0198919 
0.150702 0.0754962 0.0983042 0.112423 0.000340294 0.00239654 0.000430447 0.0183699 0.00531227 0.0551029 0.00194322 0.0152751 0.0172423 0.0462143 0.00789224 0.033167 0.00391354 0.2028 0.140875 0.0118004 
0.0337387 0.0178631 0.0450177 0.0678857 3.67827e-05 0.00753911 4.94327e-05 0.000186265 0.00628109 0.0343158 0.0139399 0.00536987 0.0478641 0.022404 0.00116145 0.00187026 0.0014959 0.539068 0.146193 0.00772038 
0.0894718 0.0152372 0.156621 0.0450535 0.000279078 0.00601453 0.000480827 0.000922185 0.00612273 0.0239843 0.0019637 0.0275562 0.0164088 0.0905313 0.00478017 0.0123694 0.00214834 0.360371 0.0929319 0.0467521 
0.14245 0.010701 0.133826 0.0966982 0.000149347 0.00877404 7.41174e-05 0.000530405 0.00704719 0.0293836 0.00296393 0.0250847 0.0298677 0.053483 0.016269 0.0132865 0.0086004 0.324039 0.0419738 0.0547978 
0.0815004 0.0208066 0.101153 0.112045 0.00050133 0.00840047 0.000246006 0.00292491 0.01296 0.0917609 0.0144628 0.0216585 0.0449836 0.0554689 0.00712847 0.00934819 0.011786 0.205819 0.124537 0.0725099 
0.180396 0.0021836 0.0138138 0.0763908 0.00556402 0.00415192 1.39677e-06 7.76858e-05 0.00709582 0.0532587 0.00349935 0.00700606 0.0172373 0.0114162 0.0183329 0.00874368 0.00683298 0.516084 0.0632105 0.0047035 
