0.126856 0.0103127 0.0607159 0.0942429 0.00166749 0.00083366 0.000269576 0.000350297 0.0244983 0.043885 0.00257936 0.128107 0.0686082 0.0684103 0.00177784 0.00447211 0.0280449 0.0937836 0.134446 0.106139 
0.0542958 0.0356496 0.0527093 0.0585989 7.72824e-05 0.00181473 6.47935e-05 0.0006035 0.00227514 0.0441382 0.00422892 0.00830825 0.0766592 0.102299 0.0022963 0.00714106 0.000317057 0.0628769 0.441685 0.0439608 
0.0319164 0.00813644 0.0602897 0.0222784 7.78925e-05 0.00104566 9.33747e-05 0.00150775 0.00795534 0.00982524 0.00141385 0.0228913 0.032598 0.0585701 0.000928413 0.00520415 0.000128584 0.024011 0.688474 0.0226548 
0.0730614 0.00338958 0.0479731 0.0549213 0.0300124 0.00295287 0.003006 0.00029624 0.00520748 0.144216 0.00494019 0.00974523 0.129842 0.0243037 0.00193883 0.00638954 0.0339824 0.128761 0.260277 0.0347833 
0.0415649 0.10811 0.0320356 0.0306263 6.74818e-05 0.00164876 0.0010807 0.0105141 0.0387297 0.0147758 0.00399648 0.0216709 0.0993464 0.0491849 0.00255882 0.00118085 0.0316081 0.0800509 0.424788 0.00646129 
0.10587 0.0271452 0.156558 0.0422482 0.000770242 0.00327914 0.000765461 0.00254751 0.00498102 0.0475443 0.0039851 0.0224222 0.0401941 0.0766413 0.00600856 0.00721789 0.00278457 0.107486 0.237497 0.104054 
0.151707 0.0675163 0.0595316 0.0161383 0.000174549 0.0043996 0.00368774 0.00112351 0.00745884 0.0156624 0.0285079 0.0225281 0.20026 0.0714354 0.00150985 0.00710435 0.00295432 0.0398156 0.263819 0.0346653 
0.0429386 0.00342336 0.0731402 0.0335535 3.65796e-05 0.00265645 0.00150232 0.000221302 0.00218176 0.0851134 0.00551532 0.00434295 0.057025 0.0753981 0.000199341 0.000996936 0.00324028 0.095183 0.463109 0.0502226 
0.115789 0.0098495 0.0751993 0.0348459 5.55158e-06 0.00415322 0.000887462 0.00169204 0.0117433 0.0475259 0.0143514 0.00441308 0.0230592 0.0475997 0.00916722 0.000750104 0.00645966 0.130207 0.441429 0.0208728 
0.201417 0.00975749 0.0671247 0.0300267 8.59319e-05 0.00263804 2.28865e-05 0.00149001 0.0200197 0.00267924 0.000405996 0.0429853 0.0250683 0.113361 0.000377109 0.00688308 0.00020009 0.0406 0.417588 0.0172688 
0.104448 0.0218241 0.105007 0.021406 3.90706e-05 0.00401325 3.60839e-05 0.000843738 0.076477 0.0624909 0.008018 0.0343826 0.0922357 0.166445 0.00120377 0.025425 0.000288693 0.0343222 0.178971 0.0621228 
0.21661 0.0222671 0.0362383 0.0331607 6.81259e-06 0.00548553 0.000389557 0.000772687 0.0393091 0.008329 0.00607882 0.0363215 0.0180206 0.103165 0.0174119 0.0503875 0.000601277 0.0910181 0.302134 0.0122937 
0.0730614 0.00338958 0.0479731 0.0549213 0.0300124 0.00295287 0.003006 0.00029624 0.00520748 0.144216 0.00494019 0.00974523 0.129842 0.0243037 0.00193883 0.00638954 0.0339824 0.128761 0.260277 0.0347833 
0.0709313 0.00884949 0.123812 0.114648 9.00391e-05 0.00282543 0.000278171 0.000493666 0.0053368 0.0367886 0.00121186 0.022143 0.0279738 0.0333174 0.00486122 0.00144022 0.0044377 0.206477 0.30145 0.0326332 
0.112081 0.0211119 0.0356632 0.0248927 0.00434561 0.00552805 0.000164811 0.00160347 0.136274 0.0120735 0.00276382 0.0268359 0.0775626 0.0703897 0.000807296 0.0183098 0.00787888 0.0703366 0.335246 0.036131 
0.0964611 0.00674179 0.0159816 0.0196842 4.76245e-05 0.00674845 3.09601e-05 0.00132343 0.0415736 0.0291973 0.0651274 0.0073113 0.0356118 0.0150137 0.00277989 0.000695848 0.0728278 0.266847 0.297781 0.0182149 
0.0884734 0.0091639 0.0632528 0.0123114 0.000344169 0.000737805 0.00036336 0.00520474 0.000452571 0.00557829 0.0121101 0.0479252 0.0101305 0.0983303 0.00422201 0.0014632 0.000118585 0.0497526 0.567263 0.0228021 
0.0263343 0.0167353 0.0376202 0.0501624 4.05005e-05 0.000959071 0.000114292 0.00179833 0.00313764 0.0201854 0.00183914 0.0177976 0.0235685 0.0615662 0.00164066 0.000931191 0.00175103 0.0415489 0.656142 0.0361278 
0.0729784 0.0313575 0.0990754 0.150859 0.000268434 0.0169097 0.00126751 0.00175312 0.00565073 0.0347285 0.00229957 0.013807 0.0634069 0.0807225 0.00308584 0.00594949 0.00728568 0.159709 0.202467 0.0464182 
0.121114 0.0112937 0.0943313 0.0272757 0.00121435 0.00293361 0.000356288 0.00644853 0.00961428 0.0190944 0.000683914 0.0107526 0.0152102 0.195584 0.00067443 0.00869235 0.0829282 0.055175 0.275532 0.061091 
0.0202042 0.0193768 0.294051 0.032923 0.000111191 0.00462252 9.45848e-05 0.00101677 0.00268185 0.0436548 0.00397512 0.0506194 0.0199864 0.0573584 0.000832134 0.00765071 0.0031604 0.0398397 0.304997 0.0928447 
0.0586319 0.00995026 0.123072 0.081296 3.71384e-05 0.00498244 5.67684e-05 0.00336258 0.0339381 0.100086 0.00254009 0.0141818 0.0308545 0.0385728 0.0261914 0.0042246 0.0344584 0.105631 0.287247 0.0406848 
0.0228208 0.0323704 0.118811 0.0219648 3.94087e-06 0.0038887 0.000120049 5.28717e-05 0.0036445 0.0198233 0.00345029 0.0328606 0.0139946 0.0377464 0.000387749 0.00322938 0.000190367 0.100729 0.549802 0.0341085 
0.110495 0.0326771 0.0535612 0.02408 0.000113437 0.00796679 4.16307e-05 0.000808589 0.0073479 0.017995 0.00205407 0.0175172 0.0157722 0.0393098 0.014426 0.00757264 0.0174157 0.265989 0.355244 0.00961296 
0.058694 0.0131105 0.0463244 0.0122512 0.000305254 0.00134512 0.000197634 0.0104729 0.00553829 0.0599128 0.0016158 0.0268342 0.0349276 0.0662746 0.000604556 0.0416862 0.00165419 0.0808726 0.500338 0.0370406 
0.0447195 0.0445041 0.172565 0.0323649 0.000423393 0.00374837 0.00035952 0.00396836 0.00497636 0.016419 0.0435683 0.0165135 0.0160869 0.0706243 0.0140891 0.00154448 0.0144103 0.0970061 0.385748 0.0163613 
0.126346 0.0124366 0.238787 0.0212609 0.00023518 0.00219815 0.000199267 0.000816345 0.00091214 0.0107103 0.00781505 0.0295954 0.030912 0.057132 0.00504568 0.0114805 0.026672 0.106092 0.265429 0.0459254 
0.0664402 0.0514863 0.0898346 0.0204952 0.000115609 0.00211474 0.000111052 0.00121027 0.00201747 0.0121929 0.000173118 0.0166768 0.0876643 0.121144 0.00248999 0.0034193 3.51495e-05 0.0170665 0.463878 0.0414347 
0.0851505 0.0428781 0.0575029 0.0317608 4.83656e-05 0.00181602 0.000228065 0.000742892 0.00934524 0.0612442 0.0118526 0.0120105 0.0672874 0.0653092 0.00422555 0.00761895 0.0310401 0.0487242 0.434975 0.0262395 
0.106134 0.0105009 0.0239058 0.0251179 5.10799e-05 0.00721037 6.88056e-05 0.000200498 0.0225988 0.125834 0.0106838 0.000967901 0.124746 0.0425272 0.00107473 3.47789e-05 0.00169958 0.122228 0.292701 0.0817155 
0.0264372 0.0753615 0.117304 0.12955 0.000109722 0.00258063 0.000276185 0.000699258 0.00407051 0.0179018 0.00245102 0.005871 0.0845827 0.0351757 0.000758718 0.00657911 0.00280318 0.125102 0.329026 0.0333591 
0.0713053 0.011664 0.123438 0.0214546 0.000213421 0.0113463 0.000184262 0.000658175 0.00129613 0.0481621 0.00656449 0.00843257 0.217055 0.0588151 0.00138509 0.0127199 0.018103 0.11172 0.240584 0.0348995 
0.146967 0.0141634 0.140288 0.0400313 0.000183186 0.00655437 0.000132997 0.00377758 0.00919917 0.0296966 0.00272649 0.0109078 0.0133879 0.0875363 0.00473728 0.00684676 0.00546265 0.213263 0.239199 0.0249388 
0.114999 0.00836525 0.0269613 0.0359411 0.000134168 0.00593005 0.000208851 0.00219445 0.00820723 0.0125907 0.000765456 0.0118266 0.161209 0.0507129 0.0016345 0.00188649 0.00224997 0.0669939 0.421808 0.0653814 
0.0657961 0.085967 0.133393 0.0840956 0.000192033 0.00219843 0.000333362 0.00378882 0.00242863 0.0723473 0.00543091 0.0667936 0.0219814 0.0258633 0.00567549 0.00112549 0.00185161 0.0826023 0.188313 0.149822 
0.155182 0.00707433 0.175513 0.0372339 9.40596e-05 0.00493372 0.000126512 0.00295887 0.00220483 0.0081167 0.00268723 0.0332421 0.0275364 0.170898 0.0110741 0.0127803 0.000790368 0.0979954 0.177941 0.0716173 
0.0679491 0.0230284 0.0891638 0.0432841 0.000597887 0.0195526 0.02411 0.00590253 0.017603 0.0289344 0.0112261 0.0261536 0.0873556 0.154343 0.00142619 0.0104704 0.0071593 0.155918 0.182509 0.0433134 
0.157428 0.0103548 0.0301854 0.0686557 0.00016734 0.0200981 0.000215749 0.0075501 0.0241544 0.0996391 0.0382642 0.0331415 0.0310086 0.105907 0.0213656 0.00290887 0.00573217 0.0591409 0.258222 0.0258601 
0.0445327 0.00907766 0.175926 0.0428476 0.000380407 0.00116974 0.000422421 0.000644373 0.00914662 0.0136719 0.00353369 0.0167866 0.106538 0.0999283 0.0144262 0.0283528 0.000114066 0.0776643 0.279994 0.0748431 
0.0794278 0.00134291 0.188596 0.0104576 1.39858e-05 0.0234587 6.966e-05 0.000110946 0.00434164 0.012448 0.00792737 0.015056 0.0685275 0.0324778 0.000238491 0.0172555 0.000163268 0.134799 0.332747 0.0705405 
0.0474872 0.00871079 0.0944831 0.0345307 1.98746e-05 0.00581459 0.000413112 0.00201885 0.00359467 0.0738257 0.00128181 0.0191596 0.0790226 0.05325 0.00146224 0.00760372 0.000987836 0.11617 0.379046 0.0711167 
0.0333486 0.0250814 0.0764198 0.177828 5.68969e-05 0.00852811 0.000116525 0.00364857 0.0125068 0.149035 0.00394492 0.00974688 0.0896042 0.0534739 0.0236813 0.00173338 0.00238414 0.118982 0.192171 0.0177079 
0.0491652 0.0221291 0.0531994 0.0637684 9.27216e-06 0.0138503 0.00101859 0.000374912 0.0298169 0.0620794 0.00473286 0.0101346 0.259373 0.0341551 0.00207251 0.00109749 0.019258 0.0870223 0.263557 0.0231853 
0.0230245 0.0264063 0.236033 0.0814313 0.000141673 0.00682046 3.59745e-05 0.000171954 0.0026438 0.00692832 0.00182455 0.00344848 0.0364523 0.0896642 8.33068e-05 0.00366378 2.06147e-05 0.136748 0.291077 0.05338 
0.0608376 0.0502728 0.120507 0.146755 0.000261088 0.00708629 0.000108967 0.00316871 0.00511441 0.0779744 0.00139403 0.0145939 0.037097 0.0601436 0.0013278 0.00414245 0.00333786 0.107123 0.150901 0.147853 
0.054956 0.0206879 0.0527356 0.047718 7.47953e-05 0.115253 0.000230196 0.000376434 0.0255602 0.051739 0.0207987 0.0161249 0.0587175 0.0568745 0.00337136 0.000836024 0.0134936 0.119368 0.319878 0.021207 
0.0715774 0.0126352 0.056793 0.0487004 4.25784e-05 0.00468639 8.02325e-05 0.00136889 0.0115864 0.0166806 0.00434896 0.0407954 0.0265906 0.0686087 0.00240651 0.00372288 0.00286301 0.272409 0.296975 0.0571287 
0.0842388 0.00295779 0.0384406 0.028001 3.32628e-05 0.00440282 0.00342247 0.000233875 0.0145489 0.0462988 0.00449617 0.0030214 0.273015 0.0314348 0.00766296 0.014372 0.0350365 0.0420204 0.343216 0.0231462 
0.045222 0.0380042 0.10372 0.0493481 0.00033871 0.00172428 0.000338861 0.000770426 0.00201583 0.0202854 0.00833344 0.0216274 0.0977394 0.046999 0.00186931 0.061268 0.0480648 0.0690739 0.308313 0.0749446 
0.197512 0.0399672 0.0757924 0.0532247 0.000143797 0.00628988 0.000122456 0.00190359 0.0143409 0.0633869 0.0369865 0.0151522 0.0269906 0.0524032 0.0171021 0.00624302 0.0182324 0.118384 0.230136 0.0256859 
0.15851 0.0544221 0.0992382 0.0299495 0.000128359 0.00169061 0.000449773 0.00061301 0.00435743 0.0880668 0.00395463 0.0535935 0.0135468 0.0871761 0.000839052 0.00699299 0.00633695 0.0949154 0.170402 0.124816 
0.281941 0.0179589 0.0798899 0.0252557 0.000110469 0.00118747 0.000639389 0.0032509 0.0167787 0.0138467 0.00735633 0.00428321 0.0397035 0.0926241 0.00139491 0.0139508 0.000280862 0.086542 0.295302 0.0177031 
0.0744084 0.0219836 0.136255 0.0890845 0.000164446 0.0120466 0.000511094 0.0011589 0.0138142 0.0441639 0.00295938 0.0185081 0.0538261 0.0636563 0.00308559 0.00636918 0.00670797 0.102801 0.204795 0.143701 
0.0763967 0.0077403 0.0519596 0.0115245 4.8554e-05 0.0127644 0.000188487 0.00070882 0.000601608 0.00311114 5.40026e-05 0.0140975 0.0327116 0.0398925 0.00499239 0.00325395 6.85101e-06 0.0739731 0.652584 0.0133895 
0.118365 0.015024 0.0661377 0.0552296 0.000125243 0.000786329 0.00341208 0.000381352 0.00689646 0.0204148 0.0055219 0.00899428 0.0598792 0.103397 0.00372659 0.00623524 0.000812815 0.0709726 0.361627 0.0920603 
0.343147 0.00213964 0.00470582 0.00488104 9.39989e-06 2.72986e-05 1.36242e-06 0.00151556 0.0259393 0.0121751 0.000765542 0.0368685 0.0264347 0.0864531 0.00221441 0.00952112 0.000807914 0.0309408 0.40242 0.0090324 
0.0343359 0.00290603 0.0490118 0.0222837 3.37133e-06 0.00594357 4.27748e-06 0.000223407 0.00668251 0.0929349 0.015872 0.00471366 0.195131 0.028363 0.00422633 0.00257859 0.0211178 0.0964542 0.411606 0.0056081 
0.0612879 0.023101 0.234358 0.0105735 1.72353e-06 0.000284611 1.89909e-05 0.00274399 0.000512312 0.0445592 0.000176784 0.0411872 0.0322782 0.0807671 0.000927542 0.00797765 2.97336e-05 0.138116 0.296129 0.0249687 
0.12633 0.00833796 0.0523608 0.0577904 1.82251e-05 0.00825893 0.000128721 0.000389236 0.0376204 0.0253916 0.039025 0.00310305 0.150804 0.0283315 0.0379262 0.000399819 0.0155898 0.131983 0.246098 0.0301144 
0.0595823 0.0110842 0.074737 0.124137 0.000223336 0.027382 5.11972e-05 0.000151394 0.00252504 0.015411 0.002638 0.0179333 0.0266495 0.0402064 0.000549036 0.0953132 0.00393251 0.0511549 0.294247 0.152092 
0.0759174 0.00987768 0.143552 0.0208798 0.00014841 0.0061128 7.6166e-05 0.00108509 0.00713206 0.0254232 0.00115286 0.0158553 0.0318615 0.0671187 0.00162997 0.00632311 0.0105088 0.0928818 0.414163 0.0683005 
0.0837495 0.00956407 0.0218239 0.0308406 0.000139208 0.0058746 5.64223e-05 0.000627 0.00963497 0.029764 0.00210345 0.0102738 0.0129359 0.0596504 0.0291156 0.00220981 0.00510985 0.126561 0.54845 0.0115162 
0.0262254 0.0108524 0.0381741 0.0500792 0.0001986 0.0123352 0.00013794 0.000242784 0.00176168 0.014035 0.00314901 0.0215282 0.0198781 0.10606 0.000187274 0.00524351 3.98803e-05 0.168106 0.507557 0.0142092 
0.114999 0.00836525 0.0269613 0.0359411 0.000134168 0.00593005 0.000208851 0.00219445 0.00820723 0.0125907 0.000765456 0.0118266 0.161209 0.0507129 0.0016345 0.00188649 0.00224997 0.0669939 0.421808 0.0653814 
0.040049 0.00592196 0.00970657 0.0179987 3.33171e-05 4.5163e-05 6.56953e-06 0.00134499 0.000972288 0.0463325 0.000207903 0.00684024 0.0148511 0.043031 0.00153594 0.000618909 0.0229873 0.0898559 0.693429 0.00423192 
0.0568072 0.0079439 0.0177594 0.049513 6.10164e-05 0.00866011 0.000139058 0.000732917 0.242771 0.0137581 0.001784 0.02842 0.0917318 0.0570005 0.000480793 0.00602776 0.0637557 0.0399708 0.268289 0.0443936 
0.0473407 0.0651428 0.109219 0.0664789 0.000386467 0.00614664 0.000341103 0.000774434 0.0120247 0.0435696 0.00837348 0.0123927 0.0210221 0.0774856 0.00375075 0.00542472 0.0128912 0.0774944 0.345974 0.0837668 
0.0576715 6.72163e-10 0.04229 2.52453e-10 3.3726e-09 0.000175212 0.0306931 2.56235e-09 1.05573e-06 0.00056489 1.58257e-09 0.000327968 0.102544 0.0111447 1.3737e-09 0.0946731 4.85856e-10 1.0127e-06 0.659663 0.000250858 
0.0646315 0.00381211 0.0559439 0.0250034 2.96943e-06 0.00202807 1.53083e-05 0.000637004 0.00258766 0.037841 0.000266278 0.00667585 0.072562 0.0810629 0.00308352 0.000913241 0.00476177 0.224222 0.409529 0.00441979 
0.0528833 0.0115178 0.00735583 0.0137292 0.000127578 0.00231059 4.25048e-05 0.000456042 0.00372152 0.00598334 0.00766565 0.00625917 0.0856854 0.0458271 0.000800053 0.00119075 0.000377057 0.0625988 0.639187 0.0522817 
0.0349514 0.00811637 0.0590348 0.0236736 0.000170911 0.000177234 0.00011242 0.000667741 0.011439 0.00576299 0.000649332 0.0112115 0.0423641 0.0404468 0.00129943 0.00344794 0.00104061 0.108583 0.610676 0.0361748 
0.0321224 0.00390977 0.0871617 0.0272846 0.000260782 0.00195847 6.57884e-05 0.000576409 0.00618244 0.0127107 0.000313695 0.0178713 0.0183502 0.0492729 0.00966161 0.0122831 0.00411251 0.120134 0.577204 0.0185639 
0.138991 0.00198438 0.0621895 0.0263133 1.1791e-06 0.00278072 1.39513e-05 0.00305974 0.0185916 0.0526644 0.00143718 0.0137956 0.0447846 0.281952 0.000339518 0.00216978 1.80074e-05 0.0438076 0.298475 0.00663076 
0.0230087 0.0142539 0.019338 0.0187573 0.000902284 0.000253424 0.000456744 0.00248333 0.00105161 0.00297573 0.00696014 0.00748474 0.0619773 0.0231385 0.00291538 0.00034935 0.00149478 0.0985705 0.676752 0.0368761 
0.170755 0.0117339 0.0694905 0.0475954 0.000594389 0.00459781 0.00138281 0.00150215 0.023637 0.0937715 0.011245 0.0181418 0.034389 0.0675518 0.00565159 0.00484469 0.0110969 0.176316 0.205032 0.0406707 
0.0542207 0.0137742 0.131588 0.0895103 0.00018668 0.00606354 0.00440564 0.000770652 0.00995478 0.0856673 0.00549111 0.0342878 0.0523483 0.0843249 0.0070769 0.0154364 0.00386374 0.115772 0.223325 0.0619318 
0.125686 0.0120805 0.0607729 0.0193089 7.63944e-06 0.00120174 0.000168622 0.00270786 0.00208142 0.0103025 0.0040064 0.0411474 0.135541 0.0749541 0.00422065 0.000707519 0.00818268 0.074911 0.403619 0.018392 
0.0125124 0.00516767 0.140163 0.0211456 0.00162624 0.00254874 0.000216789 0.00705881 0.00152499 0.0041575 0.000638513 0.0259881 0.036421 0.133323 0.000112614 0.00349135 0.000618997 0.161951 0.245736 0.195597 
0.00680825 0.00261651 0.0408579 0.00276937 9.47301e-05 0.00025289 3.77672e-06 0.00107599 0.00828043 0.000340019 3.81889e-07 0.00139648 0.0302494 0.0155463 2.11336e-06 4.09175e-06 1.86346e-06 0.030638 0.493702 0.365359 
0.0730204 0.0540816 0.0353344 0.114193 2.05734e-05 0.00332161 0.000145142 0.00123196 0.0279151 0.0416624 0.00297297 0.00869309 0.0337913 0.0657846 0.00434422 0.00284403 0.00138958 0.232595 0.274542 0.022117 
0.111271 0.0131929 0.111274 0.0330499 0.000173544 0.00302382 0.00201139 0.000131113 0.00249107 0.0186741 0.00437547 0.00774734 0.0221614 0.0634919 0.0472615 0.00521815 0.000381424 0.132361 0.364914 0.0567947 
0.0584752 0.0416287 0.160043 0.0557054 3.2294e-05 0.00256637 0.000966015 0.00415071 0.00337026 0.138481 0.0104159 0.0137439 0.0564434 0.0511344 0.00222921 0.00376964 0.00347802 0.108847 0.187535 0.0969846 
0.0766534 0.00369683 0.0196171 0.0127794 8.74698e-06 0.0250268 0.00012757 0.00245313 0.0929276 0.0180267 0.00341255 0.00333399 0.00703953 0.0220645 0.0171924 0.000983941 0.00737147 0.0661155 0.616951 0.00421724 
0.025452 0.00240212 0.0408322 0.0180193 9.93684e-06 0.0182749 0.024203 0.00138891 0.00539193 0.0711382 0.00312651 0.00387889 0.0861408 0.0401516 0.00480059 0.000591344 0.0208662 0.102455 0.522557 0.00831917 
0.135912 0.050114 0.144932 0.107814 0.000198809 0.0150645 0.000113331 0.00225078 0.00904638 0.0295174 0.00196542 0.0266523 0.0231363 0.0829934 0.0196531 0.0069806 0.00476367 0.126669 0.184217 0.0280065 
0.00881829 0.0273908 0.0233505 0.0282964 3.82438e-05 0.00707756 7.02654e-05 0.000615257 0.00431806 0.0448181 0.00360631 0.0108498 0.0582543 0.0151498 0.000950912 0.00182934 0.00631374 0.197469 0.550704 0.0100792 
0.0594026 0.148964 0.0352263 0.0239951 1.27792e-06 2.66376e-05 6.87511e-07 4.8518e-06 0.0132405 0.00157899 5.88284e-05 0.00594768 0.0274448 0.093445 0.00121446 0.000556482 0.000487035 0.178316 0.406721 0.00336708 
0.0972827 0.0306508 0.119314 0.065178 0.00052396 0.00686309 0.000416873 0.00152574 0.00304128 0.0387405 0.00592859 0.0156104 0.0708525 0.117969 0.00371799 0.0188944 0.00017778 0.0604615 0.291961 0.0508898 
0.136769 0.0485808 0.0699387 0.0250336 0.000272886 0.00205954 0.000204291 0.00515514 0.00801634 0.0463112 0.0142539 0.0160873 0.0627199 0.0806256 0.0221849 0.000727233 0.0181494 0.198968 0.20836 0.0355821 
0.0737041 0.0127759 0.17094 0.0605803 3.11522e-05 0.00725824 0.000412278 0.00127306 0.00430433 0.0177242 0.00243189 0.0156289 0.0174513 0.0487129 0.00665474 0.00319346 0.000999612 0.240395 0.284752 0.0307775 
0.0557015 0.0296636 0.0580737 0.0269162 6.3404e-05 0.00443389 0.000132814 0.0122334 0.0138233 0.0256308 0.00624382 0.00753924 0.164641 0.100585 0.00991188 0.000492735 0.0392474 0.0797716 0.344075 0.0208194 
0.00356539 0.0456868 0.138317 0.00264977 1.58326e-06 0.00053875 1.12834e-06 0.000462592 0.00181064 0.000657049 1.44595e-05 0.00541706 0.00278005 0.0282555 8.18952e-06 0.00385477 3.68098e-06 0.265799 0.382857 0.117319 
0.0636921 0.0222519 0.0745755 0.0368038 0.000120788 0.00473857 0.000431856 0.00102645 0.00527213 0.0413148 0.051794 0.0243928 0.0593724 0.0736949 0.00297378 0.00254971 0.00768962 0.241523 0.243598 0.0421836 
0.199736 0.00973153 0.0484414 0.0688538 7.58498e-05 0.00461983 4.73279e-05 0.000890113 0.0462502 0.0563193 0.0203056 0.0234465 0.0505673 0.101665 0.00577188 0.0322129 0.00827181 0.0827528 0.225382 0.0146591 
0.0232288 0.00746959 0.161938 0.0721987 0.000220025 0.0185865 0.000273063 0.000984602 0.00821738 0.0499683 0.0193733 0.00762706 0.135516 0.0247063 0.00383086 0.000863075 0.0380276 0.187411 0.199307 0.0402529 
0.036636 0.040173 0.181427 0.0309263 0.000257533 0.0040529 3.78108e-05 0.00559928 0.00513756 0.0198075 0.00884345 0.00416851 0.0284249 0.0736763 8.41162e-05 0.00202771 1.0083e-05 0.058516 0.434847 0.0653463 
0.0836931 0.031312 0.0676109 0.0408725 0.000378694 0.00835576 0.00564651 0.00187309 0.00466905 0.0382049 0.0203515 0.00523198 0.136018 0.0388455 0.00777331 0.00398843 0.00349171 0.148234 0.342766 0.0106832 
0.0278132 0.0005908 0.176912 0.0085246 3.25344e-06 0.000216151 4.89728e-08 2.06498e-05 0.000127444 0.0247491 0.0013554 0.019317 0.00100902 0.0533783 1.09098e-05 0.00137747 5.04658e-06 0.157745 0.52675 9.47535e-05 
0.136732 0.027708 0.0667044 0.0620131 0.000681778 0.00376347 0.000109835 0.000821386 0.00687389 0.0230509 0.00294163 0.0213602 0.0505681 0.0972362 0.00680088 0.00380391 0.0124775 0.0990548 0.331807 0.0454912 
0.155791 0.0134879 0.0610645 0.0412845 0.000448018 0.00100861 0.000859755 0.00441682 0.00175958 0.0070627 0.000753579 0.0680446 0.0157011 0.0728545 0.00419911 0.00315602 0.000158932 0.0911202 0.436034 0.0207945 
0.032959 0.00413215 0.095189 0.049451 4.50891e-07 0.0200609 4.96761e-05 2.16074e-05 0.0519531 0.0534995 0.00536448 0.00531708 0.0160332 0.161603 0.00365104 0.000202551 0.0144927 0.0471099 0.41158 0.0273298 
0.192761 0.0431051 0.0573544 0.0233118 1.27488e-05 0.00626776 3.93147e-05 0.00316019 0.0529528 0.0765914 0.0668189 0.0199171 0.0348541 0.0520375 0.0131735 0.00159691 0.00312081 0.0996265 0.218442 0.0348561 
0.0682179 0.0893822 0.123648 0.0523223 1.15785e-05 0.00292792 8.96832e-06 6.01735e-06 0.00330981 0.0830834 0.00439369 0.0557181 0.0969707 0.0454989 1.01555e-05 0.00346137 6.88255e-06 0.168942 0.18226 0.0198196 
0.133327 0.0607132 1.05155e-05 2.90547e-12 1.73896e-06 0.0123251 3.37363e-07 2.85172e-06 0.00144378 2.7738e-07 1.82138e-11 3.91056e-07 7.0553e-06 0.0643544 5.94466e-07 1.79065e-06 9.83395e-05 1.02896e-07 0.727707 5.8428e-06 
0.115 0.0166007 0.108869 0.0578932 0.000469084 0.00301338 0.000654167 0.0053734 0.026151 0.0284655 0.0213475 0.0249819 0.0488747 0.0916745 0.0128627 0.0114245 0.0058013 0.0894918 0.233432 0.0976188 
0.0808168 0.0096138 0.185523 0.0267752 0.000259495 0.00208681 0.000572484 0.00801244 0.00235983 0.0232119 0.0215379 0.00740081 0.0616555 0.0635808 0.028369 0.00385157 6.29317e-05 0.115595 0.257994 0.10072 
0.23871 0.0193789 0.0906839 0.0171901 0.000148635 0.00556128 2.37563e-05 0.00736644 0.00141713 0.00339383 0.000187033 0.0138331 0.00530681 0.131947 0.016696 0.00195321 0.000636761 0.136319 0.290503 0.018744 
0.0320923 0.00691721 0.206814 0.0533658 9.20068e-05 0.0081942 8.74817e-05 0.000661274 0.00456833 0.0158222 0.000539277 0.0135511 0.019863 0.121951 0.00113809 0.00629041 0.000202781 0.113129 0.270578 0.124143 
0.0876437 0.0121213 0.0779948 0.0342625 0.000133565 0.0100553 0.000171254 0.000884592 0.0170036 0.128832 0.026412 0.0125166 0.0246614 0.101001 0.00721287 0.00367669 0.0253397 0.0979448 0.287566 0.0445671 
0.121276 0.00835299 0.112496 0.0211451 2.57803e-06 0.0350582 8.17829e-05 0.00188592 0.00562729 0.0193233 0.00254801 0.0184195 0.0617713 0.0559571 0.0085366 0.0125255 0.0130672 0.227703 0.264385 0.00983674 
0.110583 0.0304417 0.0922615 0.0698225 2.71256e-05 0.00184792 0.000547713 0.028483 0.00335165 0.00620433 0.0010032 0.00575885 0.147375 0.105982 0.00321931 0.00318551 0.000177339 0.111668 0.228246 0.0498146 
0.00632316 0.119408 0.194839 0.0281594 1.96766e-05 0.00298476 0.000265344 0.00178577 0.00826703 0.0286758 0.00354978 0.0042066 0.0227756 0.0242576 0.00161031 0.000710356 0.0043065 0.176847 0.308501 0.062507 
0.247104 0.015025 0.0547272 0.0342113 0.000208107 0.00135201 0.0527549 0.00174799 0.0520048 0.0363401 0.00110522 0.0302908 0.00565628 0.0426923 0.00262079 0.00185048 0.000207748 0.138266 0.275137 0.00669883 
0.0968122 0.00462433 0.248384 0.011314 0.000138557 0.000924336 4.7634e-05 0.000561757 0.000982156 0.00381288 0.000136496 0.0129638 0.00773607 0.0879489 0.000364832 0.00127967 0.000128534 0.0596078 0.358394 0.103838 
0.0444006 0.174002 0.0572716 0.0246387 0.00124514 0.00145652 0.000164435 0.00156187 0.00811052 0.0042704 0.00407432 0.0241704 0.0302062 0.0665165 0.000225114 0.0018961 0.000144734 0.100117 0.438886 0.016642 
0.0863582 0.0309661 0.13206 0.0428613 9.52223e-05 0.0300719 0.00104181 0.00160415 0.0303461 0.0296643 0.00849373 0.0119506 0.0592985 0.13692 0.00135043 0.00979358 0.00632924 0.11729 0.236934 0.026571 
0.209305 0.0300561 0.173416 0.0309321 0.000204508 0.000975411 4.44004e-05 0.001933 0.0194855 0.00767871 0.00051702 0.0201992 0.0371359 0.0903807 0.00019243 0.00404106 0.00724268 0.114649 0.215569 0.0360417 
0.0905371 0.0141083 0.145602 0.0355353 7.86417e-05 0.0413202 0.000175776 0.0013026 0.00241683 0.00742893 0.00212816 0.0173394 0.0785865 0.115738 0.00517996 0.00282389 4.64397e-05 0.081189 0.303004 0.0554598 
0.276855 0.0156994 0.0683634 0.0152584 0.000408941 0.00658935 0.00407926 0.00062866 0.0152001 0.0274659 0.0760348 0.0123462 0.0400465 0.0409793 0.00597329 0.00047922 0.0184093 0.0830536 0.279869 0.0122599 
0.00474872 0.0456962 0.0660053 0.151097 0.000107994 0.0265786 0.000112524 0.000702436 0.0166791 0.0993841 0.00663793 0.00851903 0.0626501 0.0914298 0.00560971 0.00653557 0.0701201 0.117386 0.17229 0.0477097 
0.0951169 0.00769125 0.0196145 0.00326754 3.9871e-06 0.0635536 1.48083e-05 8.15525e-05 0.00466544 0.00374607 0.00837368 0.0163934 0.00292754 0.0950201 0.00118141 0.00104564 0.000623796 0.0626497 0.606022 0.00800738 
0.0268057 0.00771229 0.0297418 0.0208782 1.38738e-05 0.00604389 2.39565e-05 0.000279226 0.0103446 0.044545 0.0112042 0.0111267 0.0519514 0.0219401 0.00306407 0.000445296 0.0299777 0.142146 0.556046 0.0257104 
0.214838 0.00584537 0.0785697 0.0297968 0.018019 0.00198987 0.000563374 9.8646e-05 0.0025321 0.00397414 0.00440994 0.0132848 0.0157645 0.0641428 0.00152577 0.00743684 0.000471878 0.133027 0.365756 0.0379528 
0.0779493 0.012836 0.0371566 0.0116973 8.82249e-05 0.00217103 0.000112979 0.00533858 0.00110404 0.00100501 3.08515e-05 0.0119259 0.0177547 0.0280066 0.00472375 0.000974279 1.12543e-05 0.0590578 0.716196 0.01186 
0.143327 0.059328 0.0580701 0.0400475 0.00446144 0.00698647 0.000191948 0.000829614 0.0320574 0.0426964 0.00822252 0.0119497 0.0188042 0.0620738 0.0146578 0.0185129 0.00311167 0.15492 0.305919 0.0138329 
0.0182661 0.0152798 0.186923 0.0266618 0.000499323 0.00247519 0.000591016 0.000811565 0.00243702 0.00662294 0.00168753 0.0235754 0.0126052 0.0470318 0.00176194 0.0016061 0.00678877 0.102709 0.492494 0.0491732 
0.0224363 0.184196 0.06461 0.0278452 0.00508563 0.00657646 0.000948781 0.0039731 0.00688585 0.033293 0.011043 0.0201436 0.14991 0.0706041 0.00569232 0.00351541 0.020786 0.0890557 0.224629 0.0487704 
0.0376514 0.0117884 0.0684295 0.0221148 1.87466e-06 0.00770259 0.000153808 0.000339869 0.0146814 0.0543794 0.0066054 0.00558413 0.0963925 0.0218733 0.00387787 0.00187034 0.0251846 0.103996 0.424878 0.0924955 
0.0366899 0.0235207 0.0491665 0.0639604 0.000223626 0.00202202 0.00041035 0.000204892 0.00789223 0.0460984 0.00470331 0.021672 0.0268418 0.0518546 4.62026e-05 0.00522386 0.0129231 0.154553 0.284627 0.207366 
0.0685434 0.141802 0.121368 0.171534 0.000508315 0.00344293 0.000251575 0.000359659 0.00597955 0.0389469 0.00285259 0.0345017 0.0187353 0.0471517 0.00322587 0.00230356 0.00268032 0.0988143 0.193968 0.0430299 
0.028656 0.0169377 0.137192 0.0676134 0.000234469 0.00616585 0.000190785 0.00127364 0.00613301 0.0640414 0.018178 0.0617003 0.110109 0.0665724 0.00115029 0.00830817 0.00767702 0.1216 0.175828 0.100439 
0.050041 0.0315158 0.0889339 0.0447658 4.66815e-05 0.00477067 0.000354635 0.000929149 0.00999445 0.0206661 0.00191702 0.0178621 0.0453789 0.113779 0.0022507 0.0015712 0.00250254 0.108976 0.397776 0.055968 
0.0777051 0.00632173 0.0532887 0.0500611 0.000951287 0.00572715 0.000102535 0.000268458 0.00116254 0.0146335 0.000738646 0.00927223 0.0108498 0.0419115 0.00315025 0.00823359 0.00143733 0.0594218 0.622925 0.0318383 
0.00500065 6.30968e-10 0.173082 1.0191e-06 3.16591e-09 1.41188e-09 0.328015 2.40531e-09 9.94431e-10 3.9769e-06 2.3117e-06 2.97811e-10 0.0130316 0.135899 1.28951e-09 1.02205e-09 4.56079e-10 0.0137072 0.331254 4.21578e-06 
0.16768 0.0303669 0.0437309 0.049937 7.54288e-05 0.00722344 0.00479387 0.00105681 0.0482609 0.0625047 0.0202036 0.0225965 0.0740127 0.0554361 0.0130621 0.00376378 0.0165852 0.178456 0.183131 0.0171233 
0.107088 0.0503622 0.0839617 0.0959535 0.000233081 0.00127033 0.000159286 0.00192445 0.00611284 0.0208768 0.00248915 0.0151901 0.0110997 0.0927865 0.00788952 0.0290808 0.00552342 0.084986 0.323494 0.0595193 
0.0828014 0.0510897 0.113173 0.0299143 0.000225228 0.00265374 0.000217236 0.00120944 0.00214816 0.0589527 0.00717723 0.0296413 0.155498 0.040309 0.0418442 0.00138884 0.0303854 0.0667147 0.246117 0.0385388 
0.124547 0.00253826 0.00214538 0.000154814 1.37096e-05 1.45251e-06 1.85094e-05 0.00941025 0.00442249 0.00014364 0.00671501 9.24342e-05 0.0146629 0.0123212 2.6749e-05 0.0110189 0.000454707 0.00339345 0.805383 0.00253647 
6.73898e-06 0.00145687 0.0298907 0.0127472 2.76484e-06 0.000547733 0.000169944 4.98315e-05 0.0132943 0.000104978 0.000274435 0.000628485 0.0648847 0.0014585 1.98405e-06 1.19792e-05 2.33311e-06 0.0266497 0.847814 3.14253e-06 
0.099813 0.00726101 0.1048 0.0439836 0.0397431 0.00288674 0.00158219 0.00476457 0.00185756 0.0126498 0.00620466 0.0232464 0.0282207 0.069866 0.0027513 0.0138548 0.00180404 0.19519 0.253347 0.0861725 
0.0608603 0.00630437 0.0995636 0.0174581 5.46691e-05 0.0158154 0.000320994 0.00229232 0.00174891 0.0252294 0.00138224 0.0156597 0.0504548 0.0944302 0.00366741 0.00991539 0.0635211 0.127702 0.376563 0.0270563 
0.115777 0.0142955 0.190102 0.0185384 9.09915e-05 0.000631326 0.00243538 0.00197011 0.00384949 0.0433279 0.0292461 0.00766898 0.0243891 0.0866929 0.00205311 0.00404413 0.000425785 0.0449649 0.39097 0.0185273 
0.0232445 0.00508385 0.280071 0.0423439 6.96929e-05 0.00318022 6.55164e-05 0.00305421 0.00139686 0.0179174 0.00025019 0.0114781 0.017276 0.125673 1.48549e-05 0.00820977 0.00088284 0.0769882 0.315783 0.0670166 
0.0318024 0.036827 0.0536117 0.0335143 7.60787e-05 0.00306364 2.16129e-05 0.00389145 0.00481653 0.217825 0.0225449 0.0124514 0.0114311 0.174785 0.00410599 0.00356935 0.0125089 0.0377164 0.318667 0.01677 
0.0363189 0.00296444 0.0838537 0.0256585 2.27572e-05 0.00116571 0.00143969 0.00152932 0.00265957 0.0109754 0.00435436 0.00567422 0.0936566 0.0214978 0.00177677 0.000536141 0.00242925 0.333483 0.356849 0.0131552 
0.0379129 0.0199264 0.132777 0.0453302 0.000154836 0.00265613 7.51247e-05 0.00579911 0.000896021 0.0163188 0.00611769 0.0433165 0.0249557 0.0991687 0.0035381 0.00693086 0.000134869 0.0585854 0.465719 0.0296859 
0.052048 0.010875 0.0438577 0.0831559 5.19294e-05 0.00315181 0.00313713 0.000777112 0.00450836 0.0666151 0.00610721 0.00566128 0.18535 0.0316157 0.0188945 0.0119393 0.02341 0.0921102 0.334235 0.0224986 
0.199736 0.00973153 0.0484414 0.0688538 7.58498e-05 0.00461983 4.73279e-05 0.000890113 0.0462502 0.0563193 0.0203056 0.0234465 0.0505673 0.101665 0.00577188 0.0322129 0.00827181 0.0827528 0.225382 0.0146591 
0.100427 0.0171548 0.129741 0.0446668 0.000131046 0.00136671 5.99805e-06 0.0120446 0.00573346 0.0138184 0.00653423 0.0176649 0.0455142 0.113312 0.000635863 0.00124936 0.00330708 0.170107 0.217962 0.0986219 
0.0630266 0.0121787 0.0401518 0.0499331 2.79176e-05 0.019058 1.68487e-05 0.000756449 0.00761883 0.198329 0.0384168 0.0109154 0.0546728 0.0211082 0.001239 0.00196867 0.026031 0.154994 0.254423 0.0451345 
0.203641 0.0336642 0.0996331 0.0431565 0.0039172 0.00423195 0.000196839 0.000856808 0.0424223 0.0347353 0.00866084 0.0147708 0.0191044 0.0503947 0.00625158 0.0116399 0.0027999 0.201112 0.205008 0.0138018 
0.0456849 0.0112186 0.0726076 0.0824195 8.24226e-05 0.00342302 7.79906e-05 0.00127821 0.00588039 0.0911737 0.00331804 0.0146925 0.0996752 0.172863 0.0087952 0.0074583 0.0109971 0.0756111 0.176465 0.116278 
0.00791956 0.128461 0.0222669 0.0439765 0.000341051 0.00444342 0.000243089 0.000119251 0.000490527 0.00515405 0.0121461 0.00106879 0.114937 0.00112598 4.99558e-05 0.000263634 5.69636e-05 0.203475 0.439794 0.013667 
0.133396 0.00508043 0.0765417 0.05551 1.54887e-05 0.00670415 0.0164483 0.00151428 0.035792 0.103923 0.0351408 0.00610868 0.0295313 0.065876 0.000309683 0.00945783 0.000363086 0.137255 0.177471 0.103562 
0.0423763 0.0318268 0.0549407 0.203373 0.000361502 0.0052942 0.00312711 0.000897967 0.0168087 0.0586173 0.00858367 0.0152037 0.0678664 0.0164994 0.00222514 0.000516614 0.0294416 0.185173 0.241527 0.0153399 
0.235786 0.0125551 0.0670011 0.0458663 0.000124973 0.00562192 0.000185691 0.000771957 0.0121347 0.0142065 0.00532275 0.030382 0.0364883 0.126058 0.00378411 0.00462317 0.00133323 0.108991 0.257608 0.0311551 
0.0135704 0.0136724 0.0975369 0.00489991 0.000257385 0.00123693 2.60629e-05 0.000943993 0.00399845 0.00185926 6.84791e-05 0.00904896 0.0330848 0.0612042 1.08276e-06 0.00146974 3.89579e-07 0.16191 0.434586 0.160624 
0.128962 0.0203954 0.0789434 0.078754 5.76044e-05 0.00337211 7.79813e-05 0.00801104 0.00198077 0.00964446 0.00127708 0.0263791 0.0309821 0.0689122 0.00115671 0.0206073 0.00116252 0.0996784 0.394589 0.0250566 
0.163734 0.0205074 0.110196 0.0520607 2.77648e-05 0.00260896 0.000488566 0.00486798 0.00182502 0.0112604 0.000572627 0.00244633 0.0820152 0.0443051 0.00599029 0.00183632 0.000418411 0.181701 0.296822 0.0163168 
0.0250375 0.0731871 0.169979 0.0502516 0.000165691 0.0041446 0.000303398 0.00182826 0.00898209 0.0333115 0.00595164 0.0291912 0.0292431 0.0690513 0.00433083 0.00632591 0.00679217 0.106665 0.299198 0.0760603 
0.0126289 0.11515 0.17094 0.0200687 8.10937e-05 0.0638139 0.000143129 7.29558e-05 0.00201159 0.0134785 0.00109172 0.046076 0.0367398 0.0873449 0.000504626 0.0022481 0.000400116 0.0212564 0.211643 0.194307 
0.126884 0.0104366 0.0954216 0.0286663 4.37742e-05 0.00169356 0.00012727 0.00796257 0.00164874 0.0120241 0.000514294 0.0636969 0.0488984 0.0950887 0.00366025 0.0054243 0.00562991 0.16696 0.307344 0.0178749 
0.0379129 0.0199264 0.132777 0.0453302 0.000154836 0.00265613 7.51247e-05 0.00579911 0.000896021 0.0163188 0.00611769 0.0433165 0.0249557 0.0991687 0.0035381 0.00693086 0.000134869 0.0585854 0.465719 0.0296859 
0.0444127 0.0149336 0.0664199 0.0728424 7.0813e-05 0.025366 0.000310755 0.000655039 0.00451447 0.183102 0.00469097 0.00797209 0.04324 0.0442675 0.00793539 0.00228623 0.0184997 0.133164 0.254813 0.0705031 
0.0445053 0.00828872 0.0269356 0.018528 6.11493e-05 0.00181413 0.00466661 0.000185236 0.0173008 0.0546194 0.0874759 0.0153729 0.11078 0.0110088 0.00582076 0.000178042 0.0422026 0.143359 0.377837 0.0290595 
0.107105 0.00361536 0.0487965 0.025078 1.95284e-05 0.00280477 0.000284085 0.100642 0.00858576 0.132667 0.0106442 0.0298687 0.0221446 0.101152 0.00378372 0.00615431 0.000318699 0.143772 0.231572 0.0209914 
0.0284393 0.00137952 0.023115 0.00725594 6.7904e-06 0.00887325 2.67018e-05 0.000721198 0.0232072 0.00652031 8.65168e-05 0.00251636 0.0541533 0.0583871 0.0014164 0.000536783 0.000284104 0.0702074 0.708121 0.00474578 
0.0847943 0.0514281 0.17235 0.124041 0.00175272 0.00259415 0.000118091 0.00143993 0.00434834 0.0252098 0.000862676 0.0168184 0.0341875 0.0485809 0.0099664 0.00981396 0.0025128 0.140713 0.190494 0.0779741 
0.0524647 0.0162591 0.0218742 0.14605 9.01942e-06 0.0900922 0.000843021 0.00169896 0.00894646 0.106731 0.00919135 0.0100076 0.0453384 0.0372544 0.0029115 0.0010738 0.00248839 0.201326 0.228003 0.017437 
0.127103 0.00716759 0.0677798 0.0126527 3.1299e-05 0.000476513 0.000552158 0.000660036 0.0441514 0.00542205 0.00197226 0.0501424 0.034741 0.0549071 0.00154498 0.00229042 2.39535e-05 0.0377421 0.510902 0.039737 
0.00865874 0.0467128 0.0563323 0.018849 1.66051e-07 0.011929 5.14567e-05 0.000467264 0.011381 0.102117 0.00558929 0.0348296 0.0557222 0.0505596 0.0067335 0.000363536 0.0286225 0.0880834 0.462415 0.0105828 
0.0920481 0.0412294 0.182817 0.121706 0.000229132 0.00435951 0.000295068 0.00176808 0.00682051 0.0299891 0.00130406 0.0164958 0.0170787 0.0730447 0.00750591 0.00670209 0.0072079 0.160767 0.190671 0.0379619 
0.184187 0.00704094 0.0355925 0.00813094 2.06021e-05 0.000227039 1.66024e-06 7.48873e-05 0.270916 0.0135832 0.00158923 0.00380722 0.0265165 0.0270621 0.000867014 0.00251418 0.00197307 0.0556447 0.33718 0.0230703 
0.1822 0.020749 0.0871304 0.0373844 0.00230145 0.0139914 0.000241503 0.000781408 0.0149201 0.0493398 0.0542304 0.0198336 0.0238571 0.162655 0.00287827 0.00623594 0.0084046 0.0689037 0.199564 0.0443977 
0.0974922 0.0577402 0.124511 0.0506578 3.32929e-06 0.00300732 0.0176166 0.000321707 0.00873546 0.0360936 0.000435169 0.00714665 0.061575 0.0597673 0.00267222 0.00269403 0.000262309 0.0790658 0.359716 0.0304865 
0.0242949 0.00960694 0.156791 0.140317 4.69544e-05 0.00245411 6.30959e-05 0.000822963 0.000656246 0.00468652 0.00055692 0.00995754 0.0303474 0.0546802 0.000517671 0.0103498 0.00152478 0.0688387 0.444809 0.0386785 
0.0184564 0.0163754 0.0492836 0.0385494 2.21219e-05 0.00344135 7.83023e-05 0.0014585 0.00162378 0.135575 0.00050262 0.0143274 0.0519186 0.119029 0.00310528 0.00618732 8.25094e-06 0.0640146 0.420015 0.0560277 
0.140436 0.0245047 0.0524687 0.0370544 0.000830493 0.0135623 0.00210981 0.00161407 0.0297443 0.0935608 0.0541343 0.0238227 0.047472 0.0496509 0.00972321 0.00230088 0.0150399 0.185334 0.188563 0.0280734 
0.115477 0.0100846 0.0739911 0.0657397 4.22834e-05 0.00301429 0.000472701 0.00104628 0.0092156 0.0614152 0.0117295 0.00741367 0.0592839 0.0683538 0.00648209 0.00294471 0.0586936 0.0877834 0.301633 0.0551836 
0.0457085 0.0344279 0.134723 0.0867223 0.000215197 0.00453044 0.000786164 0.00183964 0.00535319 0.033395 0.007861 0.0204256 0.121396 0.0537283 0.00376916 0.0037862 0.00706195 0.136087 0.223239 0.0749448 
0.0286189 0.00271447 0.0667703 0.0143688 2.20666e-05 0.00532408 0.000487335 0.000607588 0.000644412 0.0108638 0.00262186 0.0369911 0.0369531 0.0474113 4.29732e-06 0.000912705 7.88217e-05 0.0696552 0.561582 0.113367 
0.0464216 0.0336273 0.047375 0.0715172 8.10831e-05 0.010432 0.000153847 0.00281381 0.0234194 0.158434 0.0169165 0.0160425 0.134161 0.059289 0.00572874 0.00119297 0.010544 0.0443816 0.159277 0.158191 
0.203938 0.0091628 0.0887354 0.0434167 0.000464204 0.00100585 0.000288115 0.00121872 0.00301285 0.0215868 0.00157065 0.015596 0.012387 0.112654 0.0108183 0.00278179 0.000430295 0.129546 0.277951 0.0634347 
0.114359 0.0118229 0.0199457 0.0408778 0.000296695 0.000944938 0.000221053 0.00531084 0.0016603 0.0508182 0.000819579 0.0117357 0.0334323 0.0669891 0.000760126 0.00598147 0.00799514 0.0715984 0.518984 0.0354471 
0.0394648 0.0365073 0.0459898 0.0177753 0.000101961 0.0180058 3.80297e-05 0.000143337 0.00331272 0.00193535 0.0122698 0.0073244 0.0370929 0.041574 6.59402e-06 0.000591568 2.19927e-05 0.0425899 0.614286 0.0809688 
0.0240441 0.026749 0.0811445 0.0695631 6.56692e-05 0.0116227 2.59809e-06 2.37017e-05 0.000872476 0.0673456 0.00382472 0.0021736 0.148045 0.0237161 0.00235863 0.001482 0.0149042 0.220127 0.261437 0.0404982 
0.172618 0.0110062 0.093916 0.0302684 0.000122764 0.00425439 9.61452e-05 0.000419038 0.0277542 0.00902055 0.0226478 0.0334326 0.0303374 0.0665414 0.00219345 0.0333604 0.00842745 0.108829 0.301289 0.043465 
0.0540571 0.0218577 0.175457 0.0396304 0.000296538 0.00307071 0.000140111 0.00416638 0.00592613 0.0457501 0.000775623 0.0235717 0.0347974 0.0890854 0.00985494 0.00824391 0.000943758 0.170258 0.176989 0.135128 
0.141658 0.0111383 0.0794912 0.0480012 0.000350965 0.00567139 9.92069e-05 0.000284772 0.00933477 0.0410106 0.0151224 0.0178409 0.0824424 0.0669965 0.0118388 0.0313491 0.058875 0.0713899 0.284417 0.0226876 
0.0314319 0.00764359 0.135349 0.0175597 0.000120179 0.00101839 4.29905e-05 0.000534489 0.00171013 0.0322763 0.000106893 0.032183 0.0372365 0.161376 0.00011015 0.00753186 0.000190043 0.0391074 0.337093 0.157379 
0.0406411 0.0229784 0.048757 0.0229941 0.000379247 0.00320252 0.000136951 0.000997913 0.0106299 0.0442485 0.00632803 0.0150744 0.0970969 0.052536 0.00618493 0.000270819 0.0202541 0.0899349 0.472039 0.0453151 
0.0766219 0.0389872 0.0729262 0.03182 6.9602e-05 0.00106724 0.000454383 0.00187959 0.00225692 0.026737 0.00142319 0.0262895 0.253551 0.0616883 0.00879747 0.00357402 0.00387032 0.046178 0.289815 0.0519931 
