0.0271525 0.0136341 0.138473 0.0972802 0.000211162 0.0229425 7.20465e-05 0.00088974 0.00106679 0.213302 0.00162182 0.0539874 0.016935 0.122226 0.00141288 0.023033 0.00717975 0.022835 0.0185936 0.217151 
0.0345941 0.0334333 0.0953401 0.0780995 0.00019486 0.00521196 0.000290757 0.00297331 0.00995861 0.0388995 0.0116859 0.118706 0.0655108 0.0694853 0.00173701 0.00344353 0.00403499 0.0810276 0.076176 0.269197 
0.0191639 0.0258279 0.237168 0.0155821 0.000422302 0.000748414 0.000152266 0.000649262 0.00219915 0.0216196 0.000192734 0.0472717 0.00893788 0.0430129 0.000109098 0.00258852 0.000208827 0.0367083 0.0135124 0.523925 
0.114113 0.0030983 0.215387 0.010454 8.3415e-05 0.0010408 0.00240273 9.02951e-05 0.000608752 0.00587202 0.000682267 0.0234566 0.00900656 0.0284351 0.00354583 0.000789593 3.96357e-05 0.169884 0.0106516 0.400358 
0.0704876 0.014198 0.162606 0.0956578 0.00558173 0.00275132 0.000175137 0.00400171 0.00619949 0.0123852 0.00105734 0.0244699 0.0407621 0.0729547 0.00102557 0.0104917 6.75429e-05 0.129563 0.0367059 0.308858 
0.0597986 0.0322446 0.141532 0.0199875 6.2315e-06 0.103378 5.65802e-06 0.00373314 0.00266584 0.0645881 0.000326543 0.00899462 0.0570765 0.0819456 0.000137832 0.00292085 5.68815e-05 0.0227682 0.103756 0.294077 
0.0546508 0.00836618 0.119114 0.167864 0.00031599 0.0110422 6.54613e-05 0.000540293 0.00274292 0.00861512 0.00199865 0.0243024 0.0396222 0.0763443 0.00216204 0.00430683 0.0023494 0.042936 0.0815105 0.351151 
0.0425872 0.0374177 0.149919 0.0254026 4.11472e-05 0.00641938 8.43664e-05 0.142033 0.0124088 0.147226 0.00731553 0.0289944 0.0134352 0.0343393 0.0159141 0.00500507 0.0455006 0.0499893 0.0709944 0.164973 
0.0249243 0.0337807 0.114963 0.099988 9.87061e-05 0.0184609 9.4592e-05 0.000139539 0.00710038 0.0447254 0.00032616 0.0266235 0.0196506 0.0326175 0.00511291 0.00531887 0.00155903 0.0254324 0.0124952 0.526589 
0.04708 0.00579308 0.182619 0.0366485 2.42574e-07 0.00615819 0.000113003 0.000679632 0.0233319 0.123857 0.00607007 0.0420128 0.00964612 0.0584502 0.00208319 0.00748576 0.00764649 0.202329 0.0350354 0.202959 
0.0131384 0.0120336 0.0828115 0.125807 0.000157368 0.00134494 0.000220108 0.000285389 0.00337407 0.0255276 0.00347524 0.0370959 0.00473661 0.0520594 0.000132111 0.00515886 0.000170173 0.0301309 0.0172752 0.585066 
0.0318506 0.0110232 0.242701 0.0796919 0.000207032 0.00188261 0.000155532 0.00103089 0.00163471 0.044538 0.00297526 0.014795 0.0200688 0.0480928 0.0016285 0.00201178 0.00221718 0.046416 0.0618356 0.385244 
0.119744 0.00948416 0.136312 0.0471736 0.000159309 0.00139951 0.00105306 0.00112904 0.138111 0.0383863 0.00178234 0.0301228 0.0262293 0.0580995 0.0065351 0.00155948 0.00114694 0.0964662 0.0692948 0.215811 
0.0148822 0.0124917 0.203651 0.0357697 0.000308066 0.00363588 0.000108357 0.000702571 0.00686172 0.055471 0.00143317 0.0282565 0.123239 0.0271618 0.00337384 0.000645971 0.00932684 0.0296473 0.0372615 0.405771 
0.0885803 0.007838 0.235454 0.126093 0.000202194 0.00331044 0.000161469 0.000655708 0.00343989 0.0202208 0.00254166 0.0329312 0.00416875 0.0603711 0.0052116 0.00992391 0.00132763 0.105837 0.028606 0.263125 
0.0805782 0.0183882 0.14664 0.0468165 0.00028355 0.00316128 0.000242562 0.00172677 0.00806357 0.0217289 0.00179554 0.0337961 0.0194473 0.0871299 0.00526044 0.0144878 0.00243803 0.109853 0.0416657 0.356496 
0.0131384 0.0120336 0.0828115 0.125807 0.000157368 0.00134494 0.000220108 0.000285389 0.00337407 0.0255276 0.00347524 0.0370959 0.00473661 0.0520594 0.000132111 0.00515886 0.000170173 0.0301309 0.0172752 0.585066 
0.124714 0.064287 0.105432 0.0849733 0.00021252 0.00580593 0.00547739 0.00111752 0.00699142 0.0240161 0.00877536 0.0362377 0.0428691 0.0634136 0.00382828 0.00723855 0.00343353 0.160465 0.0500529 0.200659 
0.0289469 0.0334682 0.0823713 0.121063 0.000143887 0.00888503 0.000379415 0.000974102 0.0126313 0.0556624 0.00884936 0.0515419 0.0141108 0.0563958 0.00261859 0.00843265 0.00578732 0.0593784 0.0207421 0.427617 
0.0885803 0.007838 0.235454 0.126093 0.000202194 0.00331044 0.000161469 0.000655708 0.00343989 0.0202208 0.00254166 0.0329312 0.00416875 0.0603711 0.0052116 0.00992391 0.00132763 0.105837 0.028606 0.263125 
0.0885803 0.007838 0.235454 0.126093 0.000202194 0.00331044 0.000161469 0.000655708 0.00343989 0.0202208 0.00254166 0.0329312 0.00416875 0.0603711 0.0052116 0.00992391 0.00132763 0.105837 0.028606 0.263125 
0.0273049 0.020159 0.186792 0.0312883 7.36919e-05 0.00247916 0.000831227 0.000156661 0.00136817 0.0277116 0.00226091 0.0171222 0.0231446 0.0431845 0.000237651 0.003171 0.000603051 0.0490219 0.131709 0.43138 
0.00665931 0.00928315 0.115291 0.00782278 1.99434e-05 0.000234167 2.94585e-05 8.42876e-05 0.000437682 0.00832275 1.05778e-05 0.0137599 0.00434187 0.0136998 2.77998e-06 0.000942394 2.97483e-06 0.0102314 0.00421793 0.804605 
0.0156424 0.00899832 0.134539 0.0670639 0.000285096 0.00191139 0.000149845 0.00251702 0.00733489 0.052257 0.000610552 0.0795138 0.0189721 0.0610728 0.000799546 0.0034336 0.000193072 0.0235943 0.0261032 0.495008 
0.122257 0.00222087 0.0777636 0.0322077 0.00023667 0.00116045 0.00105074 0.000320818 0.00084751 0.0230622 0.00288721 0.0335373 0.00603704 0.0442502 0.00249527 0.00745497 0.000243855 0.203599 0.015575 0.422792 
0.0198406 0.0288013 0.167429 0.00666189 3.51896e-05 0.000577727 2.85591e-05 0.000333501 0.0025283 0.0212356 8.96512e-05 0.0449607 0.00546475 0.0562467 1.26617e-05 0.00929842 1.44642e-05 0.0131239 0.00690193 0.616415 
0.0747556 0.0560407 0.0998535 0.236277 0.000219881 0.00305876 4.83787e-05 0.00111705 0.0101766 0.1322 0.000846506 0.0206698 0.0287947 0.0347483 0.00121652 0.0050035 0.00359483 0.0380682 0.0144716 0.238838 
0.0131384 0.0120336 0.0828115 0.125807 0.000157368 0.00134494 0.000220108 0.000285389 0.00337407 0.0255276 0.00347524 0.0370959 0.00473661 0.0520594 0.000132111 0.00515886 0.000170173 0.0301309 0.0172752 0.585066 
0.0345941 0.0334333 0.0953401 0.0780995 0.00019486 0.00521196 0.000290757 0.00297331 0.00995861 0.0388995 0.0116859 0.118706 0.0655108 0.0694853 0.00173701 0.00344353 0.00403499 0.0810276 0.076176 0.269197 
0.0101386 0.020155 0.171789 0.055743 0.000902282 0.0103155 0.0010239 0.00137231 0.00119364 0.00434051 0.00146054 0.0527337 0.0686873 0.164836 0.0016955 0.0155635 0.00121723 0.0255161 0.0183217 0.372995 
0.0885803 0.007838 0.235454 0.126093 0.000202194 0.00331044 0.000161469 0.000655708 0.00343989 0.0202208 0.00254166 0.0329312 0.00416875 0.0603711 0.0052116 0.00992391 0.00132763 0.105837 0.028606 0.263125 
0.0472673 0.0187936 0.0626402 0.0306996 0.000103081 0.00272788 0.000131367 0.000839758 0.0014538 0.0277 0.0323147 0.00906461 0.00925444 0.0741685 0.00144852 0.105155 0.0441748 0.0349582 0.0558742 0.44123 
0.0567352 0.0265919 0.115727 0.104465 0.000106805 0.00905531 0.000978488 0.000468984 0.0106535 0.0715095 0.0126373 0.0438208 0.040651 0.0557735 0.00520598 0.0208845 0.010005 0.0945391 0.0588138 0.261377 
0.0530945 0.0219522 0.0759063 0.248479 1.91262e-05 0.00226101 0.00081791 0.000212333 0.00722441 0.0767154 0.00259622 0.0120757 0.0347107 0.0337182 0.000238523 0.000995183 0.000251163 0.0283552 0.0289013 0.371476 
0.0247763 0.0109221 0.100773 0.163378 0.000369746 0.0162318 0.000353991 0.00389853 0.00197183 0.0694842 0.00518339 0.0105024 0.0310434 0.0617532 0.0204237 0.00255523 0.0504821 0.098501 0.105174 0.222222 
0.0878174 0.00549618 0.111758 0.0563503 0.000202871 0.00246644 5.03797e-05 0.0186749 0.00226873 0.122464 0.00056824 0.0191082 0.00797021 0.0408544 0.00495013 0.0147516 0.000846839 0.0994428 0.0169525 0.387007 
0.0666587 0.0281118 0.118192 0.0674455 0.000182027 0.000384073 0.000420274 0.00196668 0.00384729 0.0300192 0.00201704 0.0314937 0.0184404 0.062042 0.00289733 0.0208908 0.00283937 0.0563036 0.0269345 0.458914 
0.133712 0.00961436 0.134158 0.0391267 0.00044802 0.00198507 0.00316082 0.00426834 0.00353808 0.0269594 0.00753839 0.0200263 0.0203297 0.0884861 0.00585308 0.00559616 0.000657575 0.170384 0.139948 0.184209 
0.0548301 0.0223963 0.182755 0.150672 9.12518e-05 0.0040625 0.00026566 0.00114931 0.00930314 0.0490363 0.00307671 0.0268316 0.0436568 0.0550133 0.00149595 0.00484201 0.00218592 0.126737 0.0442124 0.217386 
0.111915 0.00805799 0.125704 0.0951716 0.000189017 0.00301015 3.66533e-05 0.000230518 0.00491157 0.077049 0.00364471 0.0279032 0.0468806 0.0461152 0.000358779 0.0013223 0.000109853 0.187239 0.011797 0.248354 
0.0461466 0.0135568 0.169004 0.0114406 1.34043e-05 0.000323186 2.9918e-05 0.000107026 0.0113563 0.0208505 1.32162e-05 0.0201219 0.0201904 0.0328667 2.56004e-06 0.00134599 3.49539e-06 0.014976 0.0135314 0.624121 
0.195471 0.00939075 0.113913 0.214624 0.00128424 0.00401788 0.000223196 0.000445627 0.00817828 0.055864 0.00105129 0.0141162 0.00950456 0.0345485 0.00107295 0.00251056 0.000257761 0.0521581 0.0104685 0.270901 
0.089859 0.00685169 0.0315737 0.354329 7.9067e-05 9.10562e-05 7.46111e-05 6.84613e-05 0.0129026 0.0421372 3.97484e-05 0.0047537 0.0150693 0.0235432 1.30829e-06 0.000499702 2.62704e-05 0.0186352 0.017502 0.381963 
0.0131384 0.0120336 0.0828115 0.125807 0.000157368 0.00134494 0.000220108 0.000285389 0.00337407 0.0255276 0.00347524 0.0370959 0.00473661 0.0520594 0.000132111 0.00515886 0.000170173 0.0301309 0.0172752 0.585066 
0.0885803 0.007838 0.235454 0.126093 0.000202194 0.00331044 0.000161469 0.000655708 0.00343989 0.0202208 0.00254166 0.0329312 0.00416875 0.0603711 0.0052116 0.00992391 0.00132763 0.105837 0.028606 0.263125 
0.10275 0.19683 0.0851055 0.0490685 0.000341005 0.0022652 9.46282e-05 0.012591 0.00946735 0.0257275 0.000509236 0.0214361 0.0904785 0.100564 0.000651819 0.00642819 0.000696773 0.0387961 0.0433146 0.212884 
0.0131384 0.0120336 0.0828115 0.125807 0.000157368 0.00134494 0.000220108 0.000285389 0.00337407 0.0255276 0.00347524 0.0370959 0.00473661 0.0520594 0.000132111 0.00515886 0.000170173 0.0301309 0.0172752 0.585066 
0.0289469 0.0334682 0.0823713 0.121063 0.000143887 0.00888503 0.000379415 0.000974102 0.0126313 0.0556624 0.00884936 0.0515419 0.0141108 0.0563958 0.00261859 0.00843265 0.00578732 0.0593784 0.0207421 0.427617 
0.0243372 0.00648883 0.115881 0.0785953 0.000150969 0.00202194 6.68446e-05 0.000494744 0.0208276 0.0332828 0.00016997 0.0210162 0.00545938 0.0518926 0.0851192 0.00589472 0.000110608 0.045551 0.0303016 0.472338 
0.113914 0.00311023 0.237162 0.0100473 0.000145599 0.000968287 0.00237398 0.000102988 0.000552657 0.00557751 0.000682304 0.0235135 0.0103252 0.0220548 0.00357101 0.000688468 3.96402e-05 0.163373 0.0233968 0.378401 
0.0454689 0.0139795 0.0710274 0.165689 1.04496e-05 0.00636682 0.000342469 0.000245991 0.00521203 0.0153255 0.0145958 0.0728825 0.0153643 0.0650312 0.00236198 0.00721089 0.000321077 0.0878448 0.0266873 0.384032 
0.0290692 0.0137232 0.129825 0.190927 0.000135502 0.00268589 9.29727e-05 0.000250726 0.00564559 0.010084 0.0015196 0.108225 0.0395947 0.103117 0.000887785 0.0118331 0.00127857 0.125097 0.0208556 0.205153 
0.0131384 0.0120336 0.0828115 0.125807 0.000157368 0.00134494 0.000220108 0.000285389 0.00337407 0.0255276 0.00347524 0.0370959 0.00473661 0.0520594 0.000132111 0.00515886 0.000170173 0.0301309 0.0172752 0.585066 
0.0614965 0.0116266 0.074446 0.0410747 0.000175557 0.0490809 0.000105608 0.00114082 0.00616001 0.0516314 0.00328495 0.0160965 0.0387613 0.052168 0.000755339 0.00704927 0.00583035 0.220515 0.0404861 0.318115 
0.0764125 0.0782559 0.19202 0.120505 0.00163676 0.00265896 8.66043e-05 0.000433621 0.00505502 0.0487477 0.0111262 0.0182116 0.0349086 0.0699709 0.000824887 0.00937722 0.00156729 0.0361123 0.0740798 0.218009 
0.0131384 0.0120336 0.0828115 0.125807 0.000157368 0.00134494 0.000220108 0.000285389 0.00337407 0.0255276 0.00347524 0.0370959 0.00473661 0.0520594 0.000132111 0.00515886 0.000170173 0.0301309 0.0172752 0.585066 
0.0885803 0.007838 0.235454 0.126093 0.000202194 0.00331044 0.000161469 0.000655708 0.00343989 0.0202208 0.00254166 0.0329312 0.00416875 0.0603711 0.0052116 0.00992391 0.00132763 0.105837 0.028606 0.263125 
0.0149516 0.0215149 0.243799 0.0107251 1.87976e-05 0.000399115 4.59017e-05 0.000168375 0.000707577 0.0155695 1.2277e-05 0.0322974 0.00943788 0.0322122 3.76711e-06 0.00215471 5.37194e-06 0.0240601 0.00874906 0.583167 
0.0295332 0.0209177 0.0414893 0.200053 0.000292435 0.00154317 0.000158182 8.12088e-05 0.00518723 0.0679899 0.000161186 0.0193641 0.0188987 0.0188994 2.30579e-05 0.00285934 2.09985e-05 0.0272041 0.0186508 0.526673 
0.0731729 0.0167931 0.0480778 0.237623 0.000207762 0.00088157 0.00102095 0.000389887 0.00419599 0.0545159 0.00165591 0.0134412 0.0212913 0.0323361 0.000269972 0.00125206 0.000322012 0.0375055 0.0322438 0.422804 
0.0283404 0.0256265 0.0877753 0.182075 0.000105172 0.0194742 3.48592e-05 0.000192623 0.00431369 0.0414483 0.000421365 0.0239469 0.064345 0.0448812 0.000310136 0.00354504 2.98147e-05 0.0585276 0.0154906 0.399117 
0.0324222 0.0249803 0.172145 0.0213544 2.78427e-05 0.0740697 2.93467e-07 0.0030302 0.000716952 0.0170166 2.08545e-05 0.143214 0.0677323 0.161003 4.63317e-07 0.0101434 2.06651e-06 0.0749667 0.0189511 0.178202 
0.0234275 0.0291764 0.132053 0.0623749 8.41173e-05 0.00311583 5.95938e-05 0.000435829 0.00440521 0.0359961 0.00150858 0.0389832 0.147094 0.0743647 0.00161917 0.00796885 0.00646686 0.073141 0.0402604 0.317465 
0.0809597 0.00941102 0.160775 0.0226139 0.000402799 0.00571556 7.69473e-05 0.000386483 0.00535482 0.0643963 0.00626281 0.0208194 0.0918694 0.0861266 0.00368687 0.00197956 0.0144109 0.0959592 0.0657348 0.263058 
0.0159013 0.0232968 0.206808 0.0179409 0.000264168 0.000524221 8.31251e-05 0.000482164 0.00161725 0.0142525 0.000150846 0.0273225 0.0114826 0.0278489 0.000130353 0.00141204 0.000356508 0.0245156 0.0162372 0.609373 
0.0227358 0.0326175 0.168286 0.00998776 0.000329752 0.000871561 9.9661e-05 0.000816053 0.00393898 0.0266473 0.000576423 0.0584 0.0055227 0.0657431 0.000203254 0.00921023 0.000317696 0.0204271 0.0105091 0.56276 
0.0518089 0.0228177 0.107874 0.138166 2.53018e-05 0.00563936 3.06372e-05 0.0013024 0.00322104 0.118899 0.00760851 0.0558561 0.0209956 0.0758354 0.000150384 0.0183977 0.00533574 0.0139141 0.00607216 0.346051 
0.0216278 0.00826251 0.0583829 0.0718131 0.000517677 0.000981196 0.000127188 0.000418352 0.00917715 0.107991 0.000611573 0.0156875 0.0164235 0.0372476 9.29063e-05 0.00127636 0.000154467 0.0504657 0.0241275 0.574614 
0.0666587 0.0281118 0.118192 0.0674455 0.000182027 0.000384073 0.000420274 0.00196668 0.00384729 0.0300192 0.00201704 0.0314937 0.0184404 0.062042 0.00289733 0.0208908 0.00283937 0.0563036 0.0269345 0.458914 
0.0352377 0.0138013 0.110424 0.0730093 0.000110819 0.00125071 0.000289044 0.000113325 0.00241821 0.0302809 0.00123045 0.0568717 0.00791718 0.0591961 6.31158e-05 0.0127268 1.22513e-05 0.0331005 0.023773 0.538174 
0.0540941 0.0610801 0.141721 0.129852 0.000320043 0.00812153 0.000204868 0.00116138 0.00688888 0.0466178 0.000894881 0.0835971 0.118899 0.0664278 0.00139937 0.019713 0.00325222 0.0491385 0.0262831 0.180333 
0.0131384 0.0120336 0.0828115 0.125807 0.000157368 0.00134494 0.000220108 0.000285389 0.00337407 0.0255276 0.00347524 0.0370959 0.00473661 0.0520594 0.000132111 0.00515886 0.000170173 0.0301309 0.0172752 0.585066 
0.0356568 0.0184408 0.0399809 0.0764481 0.000138964 0.0130845 0.00026336 0.000290903 0.00486385 0.00777794 0.00786369 0.0161867 0.0273665 0.0454622 0.00109715 0.00392826 0.00024288 0.0617574 0.0326275 0.606522 
0.0415961 0.00423373 0.341711 0.0859146 4.55063e-05 0.000619192 2.34294e-05 0.00313677 0.00226078 0.0244842 0.000810252 0.0205113 0.0113139 0.0393754 6.75666e-05 0.0014864 0.000230353 0.0638003 0.0133835 0.344996 
0.152894 0.016451 0.131659 0.0962066 0.000308106 0.0123973 0.000326057 0.00449571 0.00499171 0.0234669 0.000732676 0.0320808 0.0405429 0.099947 0.00289353 0.00299468 0.00117153 0.111303 0.0427089 0.22243 
0.115494 0.0101133 0.144455 0.0711395 6.58195e-06 0.003519 0.00109782 0.000341476 0.00416259 0.0391863 0.0080058 0.030912 0.0134806 0.0423438 0.0261879 0.00503104 0.0107335 0.182485 0.0488965 0.242409 
0.0605815 0.00568109 0.124607 0.0330772 2.78456e-06 0.00537327 0.000232162 0.0135746 0.018371 0.0787259 0.00542929 0.0433231 0.00830659 0.0483696 0.0020518 0.00561935 0.00677734 0.172204 0.0483464 0.319346 
0.112039 0.0198499 0.1402 0.0908032 0.000738521 0.0034926 0.000143141 0.00101741 0.0565632 0.0700587 0.0158616 0.0320716 0.0158897 0.0466287 0.00905377 0.00487677 0.00244529 0.145874 0.0313686 0.201025 
0.0335248 0.0165537 0.129162 0.0879843 0.000314692 0.00031468 0.000480098 0.000214433 0.00291512 0.0354612 0.00151023 0.0261157 0.00803881 0.0472001 6.29044e-05 0.00457107 0.000256719 0.0418898 0.0301334 0.533296 
0.0234292 0.0134218 0.219455 0.0399161 3.76455e-05 0.00935623 0.000768449 0.000510107 0.0108486 0.0343623 0.00486767 0.0202984 0.0116894 0.0963747 0.00164149 0.00643258 0.000650207 0.144586 0.0278223 0.333533 
0.0210361 0.0457466 0.272063 0.047384 1.17183e-05 0.00922741 9.06616e-05 0.00110996 0.0133422 0.0314999 0.00479933 0.0422637 0.115408 0.0582084 0.00163476 0.002528 0.000357952 0.0200219 0.0196877 0.293579 
0.0799678 0.0115533 0.220294 0.067431 6.20119e-05 0.00155481 0.000165598 0.000622449 0.00554904 0.0169745 0.000630694 0.0297729 0.0181704 0.0535612 0.000882637 0.00871211 8.61684e-06 0.106988 0.0228733 0.354226 
0.0234713 0.0184696 0.0523326 0.0494721 0.000545324 0.00116962 8.76043e-05 0.00108369 0.00591553 0.0781255 0.00137586 0.0212205 0.0157349 0.0466192 0.000161352 0.000837922 0.00029542 0.0501386 0.0273986 0.605545 
0.0444566 0.0179029 0.152873 0.09387 5.20737e-05 0.0472116 0.00434491 0.00100815 0.00268206 0.0208628 0.0128099 0.028356 0.0377532 0.0660768 0.00454703 0.0158326 0.00136329 0.102473 0.0930203 0.252503 
0.0426793 0.00932826 0.0552697 0.210281 0.000178566 0.00627764 8.48591e-05 0.000848877 0.00137611 0.04284 0.00323077 0.0318866 0.0229108 0.0219783 0.000987444 0.00475523 0.00543903 0.0541824 0.0180503 0.467415 
0.051839 0.0216623 0.111291 0.115099 0.000151007 0.00551827 0.000235463 0.0058656 0.0120186 0.0479481 0.00224998 0.0157892 0.0363846 0.0557274 0.0102757 0.00176745 0.00216939 0.0830199 0.168325 0.252664 
0.0316274 0.0233924 0.0382826 0.169334 0.00012092 0.00131774 0.000158182 6.96216e-05 0.00638573 0.0859698 0.000322007 0.0386465 0.0223382 0.023249 2.64884e-05 0.00265811 4.56077e-05 0.028081 0.0214285 0.506546 
0.0227358 0.0326175 0.168286 0.00998776 0.000329752 0.000871561 9.9661e-05 0.000816053 0.00393898 0.0266473 0.000576423 0.0584 0.0055227 0.0657431 0.000203254 0.00921023 0.000317696 0.0204271 0.0105091 0.56276 
0.0684203 0.00661761 0.065256 0.0882584 0.000130154 0.00273988 0.00107356 0.000672495 0.00619323 0.0378633 0.00103508 0.0230947 0.0306313 0.0488603 0.000182184 0.0154898 0.00278302 0.121507 0.0592916 0.4199 
0.02363 0.00338718 0.123631 0.0224923 1.74418e-05 0.000619865 3.20336e-06 0.00052956 0.0021743 0.0395799 0.000240305 0.00834112 0.00107706 0.030135 0.000313151 0.000995385 0.000390914 0.0492899 0.00988409 0.683269 
0.034027 0.0893442 0.175566 0.0728954 0.000492264 0.00765322 0.00166049 0.00638291 0.00597453 0.0774666 0.00261881 0.0361779 0.0296247 0.0815644 0.000913803 0.00545458 0.00755574 0.0658486 0.0213888 0.27739 
0.0304033 0.0329562 0.200066 0.0899222 5.61207e-05 0.0177058 0.000175199 0.00060899 0.00866022 0.0678794 0.00655462 0.0227996 0.0292216 0.067082 0.00351203 0.0132257 0.00627681 0.106248 0.028316 0.26833 
0.0234713 0.0184696 0.0523326 0.0494721 0.000545324 0.00116962 8.76043e-05 0.00108369 0.00591553 0.0781255 0.00137586 0.0212205 0.0157349 0.0466192 0.000161352 0.000837922 0.00029542 0.0501386 0.0273986 0.605545 
0.112693 0.0154429 0.163058 0.0686681 0.000372419 0.00496024 8.71006e-05 0.000431015 0.00102331 0.0818647 0.000886227 0.0429777 0.0202769 0.0675272 0.00273435 0.0159648 0.00480008 0.101059 0.0335956 0.261578 
0.0392537 0.015951 0.105797 0.0628004 0.000239468 0.0271362 0.000213649 0.00524476 0.019702 0.0956708 0.00997699 0.0751613 0.0344486 0.0465284 0.0100409 0.00211779 0.00992025 0.0624388 0.08878 0.288578 
0.0125015 0.0176506 0.160237 0.00820151 0.000314481 0.000688488 9.9674e-05 0.000353332 0.00334489 0.0215563 0.000213737 0.0659202 0.00731073 0.0913155 0.000190497 0.00859126 0.000215129 0.0162864 0.0096429 0.575366 
0.0276438 0.0187913 0.138105 0.114911 1.42111e-05 0.0119909 6.00537e-05 0.00776864 0.0127291 0.0340288 0.00542239 0.0607794 0.174672 0.050854 0.00288895 0.00469373 0.00211667 0.100636 0.0403348 0.191559 
0.0178893 0.0317497 0.1982 0.0393764 0.000162165 0.00662748 7.48448e-05 0.000373278 0.00154296 0.0149813 0.000427801 0.0564431 0.0165344 0.0918657 0.00114395 0.0046667 0.000103609 0.084401 0.0766745 0.356762 
0.0177351 0.00812045 0.237527 0.0297599 0.000125757 0.00488953 3.625e-05 0.000170242 0.00020519 0.16623 0.000579967 0.0794308 0.0308625 0.0386162 5.94984e-06 0.0334732 0.00115794 0.0394709 0.0287527 0.28285 
0.02923 0.0209291 0.137316 0.0286875 0.00014476 0.00115806 0.000100181 0.00413627 0.0038404 0.179668 0.00160767 0.0125261 0.0160204 0.0375137 0.000120849 0.00135336 0.000776367 0.0664816 0.0219998 0.43639 
0.0632349 0.0124969 0.0421575 0.124036 0.000759361 0.00234605 0.000254417 0.000528215 0.00291473 0.0688061 0.00154284 0.0141735 0.00805016 0.0319932 0.00102786 0.00513422 0.000292366 0.0506325 0.0125361 0.557083 
0.0247763 0.0109221 0.100773 0.163378 0.000369746 0.0162318 0.000353991 0.00389853 0.00197183 0.0694842 0.00518339 0.0105024 0.0310434 0.0617532 0.0204237 0.00255523 0.0504821 0.098501 0.105174 0.222222 
0.0247763 0.0109221 0.100773 0.163378 0.000369746 0.0162318 0.000353991 0.00389853 0.00197183 0.0694842 0.00518339 0.0105024 0.0310434 0.0617532 0.0204237 0.00255523 0.0504821 0.098501 0.105174 0.222222 
0.0361755 0.0507725 0.165989 0.022567 3.36671e-05 0.00593337 6.90282e-05 0.125468 0.0146363 0.136163 0.00644745 0.0285241 0.0131689 0.0487273 0.0133562 0.0068267 0.0375661 0.0535505 0.0630136 0.171012 
0.0311489 0.0283262 0.152508 0.01732 6.10351e-05 0.0085324 6.14557e-05 0.153273 0.00883402 0.117404 0.00498802 0.0201958 0.0155957 0.0339789 0.0111239 0.00382953 0.114199 0.0365133 0.0626319 0.179474 
0.0221426 0.0385618 0.211223 0.0125039 0.000255147 0.000545731 2.41265e-05 0.000563617 0.00169258 0.23673 0.00428383 0.0157801 0.0240821 0.0363083 9.34339e-06 0.00145395 4.43285e-05 0.0232788 0.0962222 0.274295 
0.093072 0.0069079 0.076969 0.0827564 7.56338e-05 0.008389 5.94186e-05 0.000249151 0.00132054 0.0479274 0.00106856 0.0338863 0.0145166 0.0809397 0.00238861 0.0255529 0.0050474 0.202371 0.0203525 0.29615 
0.0703144 0.0249061 0.152464 0.0531889 0.000520706 0.00463763 0.000641165 0.0117759 0.00679938 0.0880901 0.00321578 0.0244388 0.0476052 0.059969 0.00657366 0.00650986 0.00897021 0.138311 0.0744235 0.216645 
0.0885803 0.007838 0.235454 0.126093 0.000202194 0.00331044 0.000161469 0.000655708 0.00343989 0.0202208 0.00254166 0.0329312 0.00416875 0.0603711 0.0052116 0.00992391 0.00132763 0.105837 0.028606 0.263125 
0.0434802 0.0222848 0.0583612 0.112469 9.35292e-05 0.00952223 6.40283e-05 7.93109e-05 0.00687288 0.0877492 0.000719779 0.0189171 0.0372 0.0765434 0.000338206 0.00271922 0.000170482 0.0436983 0.0385015 0.440215 
0.0660464 0.0130909 0.10652 0.120496 0.000143838 0.000622109 0.000695585 0.000220788 0.00633693 0.0539002 0.000676244 0.00977499 0.0396629 0.0319619 0.000336629 0.000543902 2.02837e-05 0.0590232 0.0502279 0.4397 
0.100883 0.0268169 0.0308257 0.103633 0.000165832 0.00184231 0.00077304 0.00147862 0.0938752 0.0659665 0.0221791 0.109946 0.0329526 0.0450515 0.00258328 0.00330147 0.00270975 0.13479 0.0567207 0.163505 
0.0116554 0.0089215 0.098014 0.0507622 5.84687e-05 0.00589365 0.000108401 0.000273186 0.00615149 0.076457 0.00709398 0.0105594 0.0765414 0.0129244 0.0017609 0.0031543 0.0109998 0.118745 0.130655 0.369271 
0.102248 0.0130883 0.122685 0.116466 0.000147356 0.00520569 6.26854e-05 0.000273283 0.00298356 0.0253759 0.00396045 0.00761746 0.00415343 0.0845706 0.000889033 0.0117768 0.0113207 0.164077 0.022214 0.300884 
0.0507849 0.0067684 0.0820266 0.0882438 0.000340237 0.00453596 0.000156729 0.000263846 0.00236436 0.0968279 0.00841435 0.0136459 0.0145467 0.155231 0.000459141 0.00596165 0.000689795 0.0394642 0.01686 0.412415 
0.0479241 0.0179732 0.0696343 0.0328054 0.000206982 0.00157989 0.000242981 0.000508761 0.00160421 0.02106 0.0227662 0.0153687 0.0101589 0.0493484 0.000867459 0.0563329 0.0298087 0.0319091 0.0676002 0.522299 
0.0326142 0.0149546 0.0891825 0.089492 8.46423e-05 0.0248571 0.000188813 0.00026544 0.0061715 0.0346433 0.000428464 0.0168725 0.0180025 0.0253815 0.00758501 0.00430143 0.00190272 0.0282419 0.0192314 0.585598 
0.0271525 0.0136341 0.138473 0.0972802 0.000211162 0.0229425 7.20465e-05 0.00088974 0.00106679 0.213302 0.00162182 0.0539874 0.016935 0.122226 0.00141288 0.023033 0.00717975 0.022835 0.0185936 0.217151 
0.097834 0.00573259 0.0372628 0.120168 3.27333e-05 0.000536308 0.000559661 0.00201394 0.00563391 0.0578035 0.00045766 0.101335 0.02015 0.208878 0.000113303 0.00633648 1.57285e-05 0.0149518 0.0476748 0.27251 
0.0407431 0.0245009 0.128375 0.0542359 0.000129404 0.00864253 8.2194e-05 0.00110945 0.00472037 0.0377702 0.000518979 0.0238538 0.0150543 0.0576339 0.00307558 0.0112718 0.00216946 0.0397837 0.02284 0.52349 
0.0324057 0.00643281 0.158167 0.0175981 9.78065e-06 0.00869866 1.62816e-05 0.000651156 0.154351 0.0231866 0.00163529 0.0104072 0.0346077 0.0795415 0.000419868 0.00440935 0.0200405 0.0983293 0.101916 0.247177 
0.0729964 0.0134076 0.136026 0.061566 0.00012147 0.00666537 0.000122808 0.00050984 0.00253904 0.00930713 0.00162466 0.0549597 0.0161583 0.0744778 0.000994551 0.0129309 1.12497e-05 0.16556 0.0467193 0.323302 
0.0411019 0.00930777 0.148727 0.0207867 0.000332958 0.00224453 0.000861943 0.000573798 0.00274912 0.023917 0.000586837 0.0416877 0.00692919 0.0561345 0.00128662 0.00691441 0.000207648 0.158833 0.0192821 0.457536 
0.0218226 0.011585 0.0261723 0.206995 0.000644974 0.0207356 0.000327823 0.000354012 0.0097588 0.0403592 0.000973255 0.031502 0.0175923 0.0255964 0.00065439 0.00510676 0.000985205 0.0231949 0.0129793 0.54266 
0.0885803 0.007838 0.235454 0.126093 0.000202194 0.00331044 0.000161469 0.000655708 0.00343989 0.0202208 0.00254166 0.0329312 0.00416875 0.0603711 0.0052116 0.00992391 0.00132763 0.105837 0.028606 0.263125 
0.0799678 0.0115533 0.220294 0.067431 6.20119e-05 0.00155481 0.000165598 0.000622449 0.00554904 0.0169745 0.000630694 0.0297729 0.0181704 0.0535612 0.000882637 0.00871211 8.61684e-06 0.106988 0.0228733 0.354226 
0.0710804 0.0050704 0.15292 0.0834548 1.45254e-05 0.00132353 2.72744e-05 0.000670455 0.0108426 0.0039092 0.000497289 0.0192089 0.0583585 0.0554073 0.00405763 0.002644 0.000227558 0.0468691 0.0185337 0.464883 
0.0885803 0.007838 0.235454 0.126093 0.000202194 0.00331044 0.000161469 0.000655708 0.00343989 0.0202208 0.00254166 0.0329312 0.00416875 0.0603711 0.0052116 0.00992391 0.00132763 0.105837 0.028606 0.263125 
0.0928563 0.0298258 0.159424 0.0782654 2.71405e-05 0.0010006 1.72131e-05 0.0146179 0.00293388 0.054822 0.00413782 0.0113665 0.0290266 0.0248405 7.27211e-05 0.0146287 0.00712585 0.0241686 0.0530867 0.397756 
0.0282844 0.02439 0.0396008 0.174036 0.000553021 0.00201909 0.00031205 0.000316646 0.00872423 0.0563693 0.000696697 0.0336186 0.0204753 0.0238174 0.000535527 0.00305515 0.000336924 0.0253863 0.0217312 0.535742 
0.00703227 0.0222514 0.0694065 0.013636 3.76443e-05 0.000307152 0.000112771 0.000286415 0.00203838 0.0208557 0.00118288 0.0138384 0.00734378 0.0368398 1.48162e-05 0.00627166 4.07267e-05 0.0155995 0.0204128 0.762491 
0.15108 0.0178264 0.108572 0.0258932 0.000223309 0.00141877 0.00110105 0.00176356 0.00481651 0.148108 0.0148848 0.0402425 0.00928325 0.0744329 0.000893012 0.00650293 0.00683829 0.093009 0.0503563 0.242754 
0.00960602 0.00700398 0.151774 0.0113255 0.000271348 0.000403807 0.000105155 0.0179566 0.00161513 0.0244774 0.000169421 0.00746155 0.00695765 0.0214666 0.000688941 0.000736166 0.000147973 0.0357063 0.0313036 0.670823 
0.147656 0.00278198 0.0328301 0.00316281 2.99352e-06 7.74289e-06 0.28038 0.00890362 0.00371188 0.00756702 0.000290291 0.00973823 0.00677628 0.0322694 2.65767e-05 0.00346218 1.11269e-05 0.0149887 0.16103 0.284403 
0.0208225 0.0284764 0.10871 0.0253989 5.82409e-05 0.00170946 1.54014e-05 0.0013639 0.015359 0.207116 0.0025533 0.0112348 0.0295825 0.035083 0.00066999 0.000411807 0.00181012 0.0260999 0.0194978 0.464027 
0.0628997 0.0281308 0.111321 0.0615556 0.00607399 0.00548644 0.00154965 0.00105735 0.00455119 0.0400904 0.00779106 0.0350324 0.0486586 0.0693877 0.00100392 0.00431552 0.00304237 0.113144 0.114617 0.280291 
0.0234713 0.0184696 0.0523326 0.0494721 0.000545324 0.00116962 8.76043e-05 0.00108369 0.00591553 0.0781255 0.00137586 0.0212205 0.0157349 0.0466192 0.000161352 0.000837922 0.00029542 0.0501386 0.0273986 0.605545 
0.0131384 0.0120336 0.0828115 0.125807 0.000157368 0.00134494 0.000220108 0.000285389 0.00337407 0.0255276 0.00347524 0.0370959 0.00473661 0.0520594 0.000132111 0.00515886 0.000170173 0.0301309 0.0172752 0.585066 
0.06171 0.015826 0.0951936 0.0938374 0.000224206 0.00223473 2.6365e-05 0.00035214 0.00310927 0.012941 0.00507929 0.052038 0.108236 0.0758799 0.00221359 0.017203 0.0178284 0.139559 0.121378 0.17513 
0.0774581 0.153264 0.0938094 0.0934314 0.000179362 0.00556655 0.00119749 0.00111703 0.0140577 0.0362215 0.00273768 0.0762044 0.0489581 0.0681236 0.00477958 0.00371556 0.00332527 0.0733945 0.0531225 0.189336 
0.0131384 0.0120336 0.0828115 0.125807 0.000157368 0.00134494 0.000220108 0.000285389 0.00337407 0.0255276 0.00347524 0.0370959 0.00473661 0.0520594 0.000132111 0.00515886 0.000170173 0.0301309 0.0172752 0.585066 
0.0289469 0.0334682 0.0823713 0.121063 0.000143887 0.00888503 0.000379415 0.000974102 0.0126313 0.0556624 0.00884936 0.0515419 0.0141108 0.0563958 0.00261859 0.00843265 0.00578732 0.0593784 0.0207421 0.427617 
0.0144366 0.0570185 0.119157 0.112459 7.77077e-05 0.000241934 3.59183e-05 0.000218391 0.000529917 0.00631826 1.79875e-05 0.0079974 0.149556 0.0242656 2.37073e-06 0.00888077 5.00051e-06 0.0240049 0.0275211 0.447256 
0.0669667 0.0156832 0.235854 0.0378897 3.68571e-05 0.00195859 0.000290764 0.000439755 0.00568853 0.0495404 0.000894664 0.0130673 0.0160131 0.0698054 0.000365804 0.00739756 4.25239e-05 0.11139 0.0239697 0.342705 
0.195471 0.00939075 0.113913 0.214624 0.00128424 0.00401788 0.000223196 0.000445627 0.00817828 0.055864 0.00105129 0.0141162 0.00950456 0.0345485 0.00107295 0.00251056 0.000257761 0.0521581 0.0104685 0.270901 
0.0834296 0.0398131 0.108051 0.047115 0.000151935 0.00124241 0.000385065 0.00109972 0.00370788 0.040596 0.00559256 0.0488914 0.0145775 0.135997 0.000685957 0.0115068 0.000261004 0.0411472 0.0328554 0.382893 
0.0349636 0.00968824 0.168489 0.125936 0.000344679 0.0133453 0.00023329 0.00102056 0.00206206 0.0448905 0.000313264 0.0678854 0.0200972 0.0864045 0.000658828 0.0229864 0.0126071 0.060194 0.0473993 0.280481 
0.0272195 0.0282382 0.107058 0.0516024 2.60956e-05 0.00319568 0.00316064 0.00055495 0.0101177 0.124465 0.0310946 0.00693657 0.116084 0.0251679 0.0037553 0.00709201 0.0124316 0.0602008 0.17764 0.203959 
0.0131384 0.0120336 0.0828115 0.125807 0.000157368 0.00134494 0.000220108 0.000285389 0.00337407 0.0255276 0.00347524 0.0370959 0.00473661 0.0520594 0.000132111 0.00515886 0.000170173 0.0301309 0.0172752 0.585066 
0.0665498 0.0431326 0.0958796 0.143681 0.000104939 0.00415842 0.000823306 0.000403743 0.00871386 0.0490103 0.00214709 0.00924482 0.042993 0.101431 0.00202348 0.00318211 0.00141029 0.0308351 0.069553 0.324723 
0.0569328 0.106837 0.190902 0.0705111 0.000503795 0.00344019 5.02205e-05 0.000548756 0.00446561 0.0747825 0.00126116 0.0154736 0.0499896 0.0575104 0.000705788 0.00305165 0.00268916 0.0342836 0.0318904 0.294171 
0.0768923 0.0107887 0.107957 0.0621867 0.0003111 0.00222435 0.000140435 0.0139371 0.00392097 0.0810327 0.00121057 0.0294083 0.0131307 0.0411392 0.00305759 0.0141286 0.00220151 0.112213 0.0328429 0.391276 
0.0639724 0.0150349 0.0498999 0.0877073 0.000288585 0.00589041 0.000409692 0.00151337 0.0245253 0.0710629 0.0328408 0.00949885 0.0444517 0.0383653 0.0020631 0.0118684 0.0215274 0.186456 0.0578497 0.274774 
0.0608562 0.025345 0.107315 0.108006 0.000294226 0.00346821 0.000318671 0.000761116 0.0044755 0.0536333 0.0037361 0.0270354 0.00500376 0.0778685 0.00105659 0.00863097 0.00135154 0.0463424 0.0218626 0.442639 
0.0225112 0.0158611 0.242065 0.0355281 0.000566757 0.00273935 0.000162829 0.00129035 0.00253689 0.00860798 0.000403186 0.0648018 0.116358 0.0508971 0.00301013 0.0025087 0.00434924 0.025671 0.0258667 0.374265 
0.0131384 0.0120336 0.0828115 0.125807 0.000157368 0.00134494 0.000220108 0.000285389 0.00337407 0.0255276 0.00347524 0.0370959 0.00473661 0.0520594 0.000132111 0.00515886 0.000170173 0.0301309 0.0172752 0.585066 
0.0481383 0.0180367 0.153548 0.0647138 0.00017775 0.00358115 0.000821759 0.00250179 0.00322321 0.0305555 0.00480406 0.021789 0.0287472 0.0388321 0.00130533 0.004478 0.00492963 0.236991 0.0783679 0.254458 
0.0565054 0.00596943 0.261866 0.0282877 4.80838e-05 0.00228075 9.46389e-05 0.0030021 0.00207795 0.0224657 0.000212962 0.00552397 0.0139628 0.121886 0.000399443 0.00223631 0.00144141 0.113033 0.0674457 0.291261 
0.0426793 0.00932826 0.0552697 0.210281 0.000178566 0.00627764 8.48591e-05 0.000848877 0.00137611 0.04284 0.00323077 0.0318866 0.0229108 0.0219783 0.000987444 0.00475523 0.00543903 0.0541824 0.0180503 0.467415 
0.0695888 0.016434 0.08269 0.10897 0.000271657 0.00915709 0.000556585 0.0011532 0.0647029 0.107472 0.0159183 0.0437801 0.0140806 0.0648064 0.00622447 0.0114728 0.0159489 0.117159 0.0336425 0.21597 
0.026822 0.0132878 0.315244 0.0108676 9.19553e-05 0.00102563 0.00139072 0.000231548 0.00190763 0.00736945 0.000267781 0.0420745 0.0127576 0.0891389 0.000125554 0.00755346 0.000133671 0.0550763 0.0404842 0.37415 
0.0722217 0.0102517 0.13731 0.0130966 2.80763e-05 0.00049151 0.00125799 7.53108e-05 0.000208307 0.0108954 0.0027946 0.0104247 0.0102145 0.0556184 3.55502e-05 0.000943277 3.52396e-05 0.230132 0.045258 0.398707 
0.110619 0.0186424 0.189674 0.0711589 0.000264216 0.00141551 0.000413641 0.00586478 0.00232319 0.0631424 0.00136589 0.0499903 0.0432753 0.0825083 0.000678939 0.00767019 0.00364686 0.112784 0.0276583 0.206903 
0.00866893 0.0948745 0.237921 0.0164792 6.12235e-05 0.0062172 4.08059e-05 5.7977e-05 0.000268681 0.0137702 2.8238e-05 0.0351663 0.0269129 0.0301736 2.07765e-06 0.0143376 2.47493e-06 0.0229937 0.00657293 0.48545 
0.0335248 0.0165537 0.129162 0.0879843 0.000314692 0.00031468 0.000480098 0.000214433 0.00291512 0.0354612 0.00151023 0.0261157 0.00803881 0.0472001 6.29044e-05 0.00457107 0.000256719 0.0418898 0.0301334 0.533296 
0.0885803 0.007838 0.235454 0.126093 0.000202194 0.00331044 0.000161469 0.000655708 0.00343989 0.0202208 0.00254166 0.0329312 0.00416875 0.0603711 0.0052116 0.00992391 0.00132763 0.105837 0.028606 0.263125 
0.0270006 0.0058133 0.074755 0.0691969 0.000164842 0.00182444 6.72963e-05 0.00283439 0.00773574 0.0900873 0.000207981 0.00841292 0.016423 0.0565972 4.47901e-05 0.00181591 1.60496e-05 0.0426536 0.0322181 0.562131 
0.0218031 0.0339201 0.144648 0.0332342 7.3284e-05 0.0176317 0.000168425 0.00107515 0.00655466 0.0591975 0.00456927 0.0369603 0.127752 0.184196 0.00117651 0.0109313 0.00751025 0.0546631 0.044075 0.209861 
0.0885803 0.007838 0.235454 0.126093 0.000202194 0.00331044 0.000161469 0.000655708 0.00343989 0.0202208 0.00254166 0.0329312 0.00416875 0.0603711 0.0052116 0.00992391 0.00132763 0.105837 0.028606 0.263125 
0.0768205 0.0823684 0.103347 0.137634 0.000393337 0.000246583 0.000109142 0.000626045 0.00292223 0.01671 0.00463551 0.0730398 0.0225087 0.0352118 0.000186048 0.00244715 0.000355501 0.0617159 0.0470757 0.331647 
0.0106902 0.00989781 0.0896827 0.107508 4.50346e-05 0.000868553 0.000203634 0.000102152 0.00273712 0.0253256 0.00243854 0.0302138 0.00581052 0.0402111 1.25418e-05 0.00644851 8.68158e-06 0.0192288 0.0127221 0.635844 
0.0578273 0.0113437 0.119949 0.116438 0.000157581 0.018391 0.00957125 0.00110668 0.00318444 0.0421077 0.0070402 0.0247898 0.0199177 0.0695163 0.00239461 0.013286 0.000315593 0.0884595 0.0400924 0.354112 
0.0311589 0.0104698 0.135076 0.0534498 0.000180788 0.0112872 0.00046327 0.00596443 0.00750145 0.11649 0.00374422 0.0248127 0.0203356 0.058663 0.00316425 0.0270218 0.00382163 0.2043 0.0418446 0.24025 
0.0356568 0.0184408 0.0399809 0.0764481 0.000138964 0.0130845 0.00026336 0.000290903 0.00486385 0.00777794 0.00786369 0.0161867 0.0273665 0.0454622 0.00109715 0.00392826 0.00024288 0.0617574 0.0326275 0.606522 
0.030531 0.0263592 0.221611 0.122073 0.000386033 0.000765851 0.00136393 0.00203046 0.0017484 0.0217274 0.0014786 0.0432508 0.0225762 0.0524214 0.00050192 0.00514542 0.001404 0.0724734 0.0339851 0.338167 
0.0307625 0.0188471 0.170776 0.0536263 0.000274156 0.0202752 9.56972e-05 0.0481562 0.00364351 0.145059 0.00255664 0.0396916 0.0199271 0.0819431 0.00382819 0.01542 0.0465511 0.0327423 0.041019 0.224806 
0.0202652 0.0105212 0.0573587 0.0769404 0.00051748 0.000894253 0.000127189 0.000433779 0.00820024 0.111979 0.000609521 0.0156769 0.0199516 0.0390869 9.22435e-05 0.00104886 0.000152791 0.0480298 0.0260103 0.562104 
0.0736022 0.0165884 0.222638 0.0794804 0.000158263 0.00311848 0.000550267 0.00609869 0.00301717 0.0321317 0.000984948 0.0316617 0.0293229 0.0797342 0.001912 0.00541077 0.00127517 0.135749 0.0368462 0.239719 
0.0432073 0.0230785 0.192496 0.037038 7.61916e-05 0.00475269 0.000356885 0.000582646 0.00356124 0.0109065 0.00573303 0.0119189 0.0142963 0.102883 0.000757122 0.0129104 0.000775556 0.0507745 0.0574678 0.426428 
0.0878174 0.00549618 0.111758 0.0563503 0.000202871 0.00246644 5.03797e-05 0.0186749 0.00226873 0.122464 0.00056824 0.0191082 0.00797021 0.0408544 0.00495013 0.0147516 0.000846839 0.0994428 0.0169525 0.387007 
0.0131384 0.0120336 0.0828115 0.125807 0.000157368 0.00134494 0.000220108 0.000285389 0.00337407 0.0255276 0.00347524 0.0370959 0.00473661 0.0520594 0.000132111 0.00515886 0.000170173 0.0301309 0.0172752 0.585066 
0.0534166 0.218928 0.128335 0.126585 7.71911e-05 0.00221615 6.96134e-05 0.000363368 0.00532366 0.0696777 0.00309127 0.0104774 0.0190051 0.0242117 0.000318978 0.00541419 0.0025074 0.0557791 0.0234618 0.250741 
0.0209899 0.00553001 0.101842 0.0433496 1.85935e-05 0.00252762 0.00013617 0.000216578 0.00197493 0.00951338 0.000157057 0.150193 0.00848245 0.0608685 0.000185354 0.0172491 5.01415e-06 0.153174 0.0257622 0.397825 
0.0131384 0.0120336 0.0828115 0.125807 0.000157368 0.00134494 0.000220108 0.000285389 0.00337407 0.0255276 0.00347524 0.0370959 0.00473661 0.0520594 0.000132111 0.00515886 0.000170173 0.0301309 0.0172752 0.585066 
0.153505 0.0147779 0.128992 0.0440349 0.000114841 0.002913 7.67017e-05 0.00156539 0.0148949 0.0636728 0.00184698 0.0729112 0.0218772 0.0799905 0.010082 0.0164798 0.00760787 0.0556697 0.0371761 0.271811 
0.0513191 0.0292334 0.21907 0.0278489 0.000502911 0.00125446 0.000367661 0.0230642 0.00253585 0.0116228 0.00435816 0.0119434 0.0217757 0.0673888 0.000270512 0.00266146 0.000258953 0.214469 0.0378593 0.272195 
0.0462218 0.0093455 0.191327 0.0615036 5.19493e-05 0.00747172 0.000100312 0.00120748 0.00524936 0.0364196 0.000434719 0.0111009 0.0176824 0.0342984 0.00451354 0.013914 0.000765213 0.0930739 0.0248727 0.440446 
0.0834296 0.0398131 0.108051 0.047115 0.000151935 0.00124241 0.000385065 0.00109972 0.00370788 0.040596 0.00559256 0.0488914 0.0145775 0.135997 0.000685957 0.0115068 0.000261004 0.0411472 0.0328554 0.382893 
0.0169913 0.0404345 0.180353 0.0062113 2.87922e-05 0.000606938 2.33672e-05 0.000512659 0.00347915 0.0223767 0.000113778 0.0420069 0.00548366 0.0701465 1.71938e-05 0.0111003 1.54432e-05 0.0160355 0.00697144 0.577092 
0.0593714 0.012037 0.118442 0.156339 0.000154157 0.00434192 0.00101465 0.000277693 0.0132069 0.0457381 0.00608638 0.0253192 0.0357727 0.0565333 0.00151514 0.00226051 0.00232838 0.0629604 0.0927812 0.30352 
0.0470324 0.033953 0.0820575 0.0892517 0.000436516 0.00174248 0.000129538 0.00035871 0.00182404 0.0936889 0.000807976 0.0277645 0.0268186 0.0609431 0.000632578 0.0033457 0.000324436 0.0314488 0.0236853 0.473754 
