0.115731 0.00366933 0.71606 0.0988663 2.41775e-08 0.000150231 0.000690427 0.00956194 1.24184e-05 0.00015019 0.00209389 0.0070608 0.000529294 0.00632196 0.023758 1.64579e-05 0.000157057 7.79213e-08 0.0151393 3.14099e-05 
0.00578012 0.0166251 0.785035 0.103863 3.74463e-06 0.00148203 0.0106266 0.0151592 1.00822e-05 2.6115e-05 2.22518e-05 0.00776838 1.09472e-05 0.00121523 0.0403069 1.2285e-06 0.000642129 0.000281081 0.010969 0.000171719 
0.000370632 0.00403929 0.937997 0.0448425 1.00014e-06 1.97546e-05 0.00035636 0.000303855 1.96123e-07 4.37307e-07 0.000766508 0.000462473 6.55187e-07 0.000482379 0.000310176 3.03672e-06 0.000117062 1.43258e-05 0.000343892 0.0095689 
0.0877587 0.00215671 0.598376 0.158996 9.86905e-10 8.44409e-05 0.000117952 0.00434822 0.000629479 6.45878e-06 0.00424597 0.00993008 1.54725e-05 0.00175902 0.0226319 4.14686e-05 1.68309e-05 4.38621e-07 0.108845 3.99511e-05 
0.0154045 0.0561663 0.600047 0.201056 3.05166e-06 0.00521268 0.0020994 0.00756975 8.24451e-06 0.000730786 1.10976e-05 0.0037772 0.000338059 0.00101377 0.0443862 5.48609e-05 0.0129352 9.76854e-06 0.0443241 0.00485177 
0.170459 0.018044 0.227016 0.207104 0.000588263 0.00916175 0.0118783 0.152987 7.45541e-05 7.26584e-05 0.00062463 0.0351724 0.000397377 0.0120961 0.129289 2.27313e-05 0.00179438 2.02851e-05 0.0215427 0.00165576 
2.42455e-06 0.00471586 0.737227 0.0256216 3.91249e-05 0.00539975 0.0952077 0.0360232 3.33684e-05 1.14265e-05 3.31388e-08 0.00687565 0.00041275 0.00381092 0.055217 6.11267e-06 0.0159861 1.79823e-05 0.00339532 0.00999617 
0.000370632 0.00403929 0.937997 0.0448425 1.00014e-06 1.97546e-05 0.00035636 0.000303855 1.96123e-07 4.37307e-07 0.000766508 0.000462473 6.55187e-07 0.000482379 0.000310176 3.03672e-06 0.000117062 1.43258e-05 0.000343892 0.0095689 
0.053289 0.0479842 0.334239 0.102502 3.35523e-05 0.0141631 0.0265508 0.0470459 0.000127703 0.00132614 0.00436189 0.0648828 0.0017333 0.0526113 0.0641762 0.00306509 0.0121558 0.000144982 0.100812 0.0687955 
0.00613263 0.022849 0.564612 0.049269 3.73288e-06 0.000530035 0.00435489 0.0145468 9.6337e-06 0.000117783 0.000636247 0.00636735 3.24922e-05 0.000720096 0.0426722 1.82031e-05 0.000167516 3.24113e-05 0.286206 0.000721625 
0.00243371 0.00462342 0.528442 0.160511 5.06324e-08 0.00064302 0.0024211 0.00274199 3.13091e-07 2.88451e-07 1.30418e-05 0.00345743 6.7247e-05 0.000151912 0.028137 1.13766e-06 0.00102037 9.72733e-09 0.265309 2.65097e-05 
0.0141056 0.0153676 0.539758 0.0325034 6.59359e-05 0.00745696 0.0218878 0.129377 0.000269518 0.000239283 0.000190148 0.00861276 0.000777158 0.10498 0.0915419 0.000760914 0.0123341 4.0929e-05 0.00773479 0.0119964 
0.0573795 0.0172716 0.446469 0.0804838 2.08568e-05 0.00120215 0.0104328 0.0313339 4.21987e-05 0.000241373 0.00678687 0.00914164 0.000867832 0.00402348 0.0593279 1.4571e-05 0.00926662 5.19651e-05 0.264611 0.00103058 
0.0207181 0.0412003 0.396763 0.15605 1.0464e-06 0.00430482 0.00710972 0.01064 0.00590905 0.00330877 0.00380218 0.0574199 5.36862e-05 0.00712849 0.160123 0.000132503 0.000807172 9.58472e-06 0.121595 0.0029231 
0.0341028 0.0349911 0.338621 0.266642 5.48735e-05 0.00706928 0.0199642 0.0502455 0.000342843 0.00774971 0.00554884 0.0470845 0.00287592 0.0153937 0.113522 0.000110359 0.00470797 0.000677377 0.0475107 0.0027854 
0.00472088 0.00877178 0.870158 0.072836 5.2422e-06 3.93088e-05 0.0025 0.00132442 0.0001368 8.21093e-06 0.000707081 0.00955509 7.7607e-06 0.00103949 0.00412905 1.52449e-05 0.000140238 2.71631e-05 0.0137549 0.0101233 
0.00033267 1.43424e-05 0.651213 0.306394 5.15602e-09 1.86663e-06 6.3586e-05 2.20158e-08 1.18784e-06 9.47692e-10 1.77429e-05 0.0388011 9.22888e-06 1.31385e-06 2.01963e-05 1.11461e-07 2.2528e-11 1.77088e-10 0.00311025 1.96999e-05 
0.191901 0.0264292 0.353603 0.0824384 1.05882e-06 0.00155319 0.0122449 0.0264964 0.000259079 0.000202172 0.000582671 0.116185 0.000230877 0.00600588 0.0447104 3.44749e-05 0.0155657 8.57781e-05 0.120172 0.00129874 
0.0825759 0.0151926 0.51954 0.153816 8.49077e-07 0.000916145 0.00204682 0.0142313 1.86144e-05 8.32379e-05 0.00624142 0.00533673 1.85557e-05 0.00323332 0.0462418 1.88296e-05 0.000310733 1.8416e-06 0.14992 0.000254527 
0.00613263 0.022849 0.564612 0.049269 3.73288e-06 0.000530035 0.00435489 0.0145468 9.6337e-06 0.000117783 0.000636247 0.00636735 3.24922e-05 0.000720096 0.0426722 1.82031e-05 0.000167516 3.24113e-05 0.286206 0.000721625 
0.0589717 0.0338993 0.408963 0.212927 5.75053e-07 0.00104846 0.00478389 0.0215065 1.38519e-05 0.000107346 0.0124259 0.00470112 1.96835e-05 0.00975179 0.0954255 1.54944e-05 0.000211769 1.24313e-06 0.134131 0.00109526 
0.0498608 0.0112064 0.72782 0.08605 1.20885e-05 0.0007758 0.00521478 0.024211 0.000423217 0.000137659 0.00206482 0.00959687 0.000526332 0.00301474 0.0499964 8.89299e-06 0.00768512 8.34106e-05 0.0178171 0.00349485 
0.0161083 0.280306 0.365116 0.100431 9.05444e-05 0.0151386 0.0106937 0.0524716 0.000641255 0.000314942 0.000512584 0.0304137 0.00155473 0.00493941 0.0572271 0.000337508 0.00849348 0.000467476 0.0461201 0.00862225 
0.00829772 0.0391383 0.732271 0.0547918 2.17099e-05 0.00167497 0.00992591 0.0409654 0.000219653 7.94599e-05 7.89681e-06 0.00334505 4.9027e-05 0.00585993 0.0710712 3.62678e-06 0.0146229 2.54713e-05 0.0146418 0.00298714 
0.0374408 0.00690504 0.613846 0.15861 1.56043e-05 0.00121664 0.0159821 0.0358173 0.00146466 0.000240461 0.00370253 0.0262881 0.0108685 0.0109154 0.0575663 0.000488286 0.00123755 1.06997e-05 0.0157351 0.00164891 
0.0265172 0.0458225 0.660721 0.0401412 0.000958579 0.00546016 0.0106908 0.0422242 0.00091369 0.00128827 0.000478264 0.00668901 0.000172901 0.00161601 0.125771 8.16371e-05 0.00240417 0.00185203 0.0249122 0.00128489 
0.0107943 0.0113779 0.468183 0.170988 0.00690506 0.00575711 0.0556495 0.047006 0.000781433 0.000418293 0.00124362 0.0439145 0.0353012 0.0216054 0.0887852 0.00144286 0.00326468 1.7294e-05 0.0186814 0.00788366 
0.0707473 0.0463407 0.499815 0.0955703 0.000319191 0.0130239 0.012004 0.0272146 0.000977284 0.000488892 0.0102333 0.0650532 0.00817538 0.012886 0.0861224 0.000730457 0.00285575 7.57402e-05 0.0418633 0.00550326 
0.112752 0.00187154 0.371931 0.15687 9.36979e-07 0.010794 0.0144774 0.0199291 0.000105685 0.000154362 0.0563817 0.195075 0.00787614 0.0172011 0.0210895 0.000120486 0.00232319 8.67485e-06 0.0108612 0.000176992 
0.000370632 0.00403929 0.937997 0.0448425 1.00014e-06 1.97546e-05 0.00035636 0.000303855 1.96123e-07 4.37307e-07 0.000766508 0.000462473 6.55187e-07 0.000482379 0.000310176 3.03672e-06 0.000117062 1.43258e-05 0.000343892 0.0095689 
0.00823962 0.00793932 0.367414 0.232225 7.05521e-08 0.00158817 0.0399795 0.00147147 2.35445e-07 9.68543e-05 6.84601e-06 0.0256106 3.53419e-05 0.00041665 0.0438448 6.50577e-07 0.00732935 5.45969e-08 0.262772 0.00102906 
0.0224754 0.00792399 0.663442 0.0700335 0.000132044 0.00443027 0.0700027 0.0437231 0.000340257 0.000181946 0.00342121 0.0243276 0.000374982 0.014909 0.0536616 1.21297e-05 0.00685028 5.25502e-05 0.0124667 0.0012386 
0.0374065 0.0225613 0.475158 0.084019 8.06487e-05 0.00930868 0.00519996 0.0874926 0.00100943 0.00134589 0.0473787 0.0200775 0.00306501 0.0337582 0.0826297 0.00824473 0.00252852 1.60988e-07 0.0263576 0.0523775 
0.0764733 0.0188118 0.417318 0.142101 2.77663e-05 0.00696466 0.0170647 0.0650061 0.000497076 0.000321604 0.00245703 0.0395004 0.00261733 0.0102486 0.130615 0.00138658 0.0255819 0.00030597 0.0274122 0.0152885 
0.0226965 0.0354755 0.204345 0.115104 3.84724e-05 0.0287468 0.0071426 0.0706514 0.00135531 0.00505236 0.0630651 0.0273364 0.00909384 0.0659296 0.090741 0.0920067 0.00477779 2.62969e-08 0.0541739 0.102269 
0.0313682 0.0593428 0.345704 0.15768 6.8438e-05 0.0039062 0.0345279 0.0641612 0.00259898 0.00149729 0.0298904 0.0497115 0.00132225 0.0724252 0.10964 0.00236005 0.002815 7.70533e-05 0.0161434 0.0147597 
0.00329383 0.000779104 0.82979 0.135183 3.08496e-07 0.000103383 0.000325439 0.000631631 1.02583e-06 2.79176e-06 4.78127e-05 0.000546942 9.14466e-07 5.94225e-06 0.00364226 5.28486e-07 5.27116e-07 1.58133e-08 0.0256159 2.89209e-05 
0.00107252 0.059353 0.455395 0.443386 1.33121e-07 0.00287338 0.00032903 0.00027583 9.30708e-08 1.32053e-06 0.000195902 0.00150021 5.67657e-06 0.00269873 0.00579517 2.46266e-05 0.000790927 7.06579e-09 0.0256742 0.000628437 
0.153384 0.0386992 0.43523 0.141781 5.33298e-05 0.00741923 0.0153062 0.0280041 1.39829e-05 0.000240759 0.00359625 0.0645636 0.00312776 0.0174776 0.0533619 3.31873e-05 0.00109328 1.6908e-05 0.0359249 0.000672189 
0.0120994 0.0101588 0.7674 0.0956324 0.000130414 0.0021585 0.00470606 0.0416502 2.31716e-05 4.81898e-05 1.92078e-05 0.00755627 0.000342396 0.00360109 0.0314313 2.43107e-05 0.00411657 3.72761e-06 0.0179439 0.000953818 
0.042876 0.0277659 0.633783 0.0812116 4.84948e-05 0.00294417 0.0131007 0.0384333 0.000329588 0.000548441 0.0115033 0.0124002 0.00255364 0.0149914 0.0532677 0.00104801 0.00485132 0.00545148 0.0411398 0.011752 
0.0600235 0.0472144 0.312405 0.310895 2.0126e-05 0.0103987 0.0100771 0.0349978 0.00044108 0.000537169 0.00935508 0.050419 0.00184268 0.0227503 0.0672554 6.39701e-05 0.00827886 0.000121679 0.0470324 0.00587065 
0.0996381 0.0225313 0.590574 0.121626 0.000416548 0.00313547 0.015652 0.0230487 0.000241763 0.00038092 0.00655009 0.0196806 0.000484288 0.00865909 0.039337 0.00021257 0.0125692 0.00917665 0.0180227 0.00806316 
0.00243712 0.00938701 0.509851 0.327806 5.17631e-09 5.46793e-05 0.000448274 0.000902062 9.47969e-05 1.17254e-07 0.0187503 0.0138072 3.38016e-06 0.0017347 0.017394 6.36131e-05 2.67501e-08 0.0781504 0.0189605 0.000155264 
0.006966 0.035439 0.584205 0.059111 1.97814e-05 0.00121469 0.00779733 0.0265112 8.48641e-05 0.000110006 0.000640871 0.00577977 0.000335731 0.00263629 0.0570909 1.44766e-05 0.00408137 0.000127209 0.206552 0.00128216 
0.00613263 0.022849 0.564612 0.049269 3.73288e-06 0.000530035 0.00435489 0.0145468 9.6337e-06 0.000117783 0.000636247 0.00636735 3.24922e-05 0.000720096 0.0426722 1.82031e-05 0.000167516 3.24113e-05 0.286206 0.000721625 
0.0354557 0.0640046 0.412279 0.135792 4.22401e-05 0.00724606 0.0322811 0.0496162 0.00181815 0.00112841 0.00348615 0.0358602 0.000970855 0.0434501 0.073298 0.00203523 0.00905742 2.40162e-05 0.0199018 0.0722528 
0.0346032 0.176326 0.341721 0.0720295 3.40691e-05 0.00365064 0.0042481 0.034912 9.3587e-05 0.000480861 8.18785e-05 0.00604725 2.7667e-05 0.00255169 0.132033 1.06321e-05 0.00519263 0.000180026 0.18409 0.00168626 
0.00923552 0.00899151 0.865414 0.0575372 8.8583e-07 0.000431676 0.00389566 0.00325689 3.59882e-05 0.000261907 0.00197098 0.00528372 2.20295e-05 0.000930377 0.0289614 2.79092e-06 0.0020718 1.43407e-05 0.0115526 0.000128413 
0.0137936 0.0232052 0.2423 0.106524 0.00817704 0.00416765 0.0437176 0.155806 0.00115724 0.00036858 0.0010382 0.0776609 0.000997091 0.143102 0.127131 0.000252089 0.0275483 0.000115236 0.0126095 0.0103281 
0.0884778 0.0149523 0.382566 0.27295 3.22657e-06 0.00121074 0.00150545 0.0153988 2.40776e-05 0.00107212 0.000161971 0.036537 1.07892e-05 0.0409711 0.0795459 4.02374e-06 0.0133679 1.99019e-06 0.0495934 0.00164568 
0.0117238 0.0344805 0.420372 0.0741349 4.57507e-06 0.00110734 0.00613951 0.0219973 1.34851e-05 0.000175083 0.000732562 0.00743925 4.31367e-05 0.00093314 0.0770352 2.32215e-05 0.000225453 3.24079e-05 0.342621 0.000766141 
0.0659881 0.00621273 0.532074 0.182293 7.84477e-06 0.00114416 0.0082909 0.0164016 0.000244706 0.000316803 0.0207086 0.0438411 0.0152525 0.0128468 0.051582 6.47677e-05 0.00142367 4.8439e-05 0.0405043 0.00075394 
0.0793794 0.00725596 0.475571 0.181801 2.05215e-06 0.00093091 0.083605 0.0445916 5.5107e-06 2.02959e-05 0.000832289 0.00780124 0.000144503 0.00909848 0.0538906 3.96154e-06 0.0346434 1.27612e-07 0.020215 0.000208142 
0.136853 0.00682207 0.61637 0.137903 1.8062e-06 0.000453878 0.00393113 0.0149857 0.000532625 0.000298174 0.00202829 0.0168142 0.0015354 0.00787901 0.0385952 1.82263e-05 0.000713174 1.29043e-05 0.0140558 0.00019737 
0.0304759 0.0214956 0.819908 0.068132 4.68605e-08 0.00101611 0.00257746 0.00313614 3.67149e-05 0.00208769 0.000547977 0.00676432 0.00041473 0.00132035 0.0241798 1.83145e-06 0.00148982 1.48096e-06 0.0162926 0.000121176 
0.0342504 0.0372101 0.280666 0.151797 9.02071e-05 0.0107898 0.0184354 0.0455471 8.37786e-06 0.000103239 0.000112694 0.0597258 0.00980562 0.00835805 0.118466 1.46307e-05 0.00727246 8.552e-05 0.216793 0.000468117 
0.0522233 0.0535909 0.537475 0.133844 0.000325999 0.0111892 0.000619313 0.0302307 0.000291173 0.00026942 0.000128587 0.160816 0.00015583 0.00370126 0.00884488 0.00010912 0.00262366 0.000761237 0.00100779 0.0017922 
0.0875541 0.010569 0.682395 0.0814826 2.97844e-06 0.00064882 0.00463743 0.0340609 8.05209e-06 2.9724e-05 0.00122043 0.00546027 0.00019172 0.00205876 0.0553301 5.8028e-06 0.0167015 1.28964e-07 0.0174987 0.000144133 
0.00829772 0.0391383 0.732271 0.0547918 2.17099e-05 0.00167497 0.00992591 0.0409654 0.000219653 7.94599e-05 7.89681e-06 0.00334505 4.9027e-05 0.00585993 0.0710712 3.62678e-06 0.0146229 2.54713e-05 0.0146418 0.00298714 
0.0562397 0.00624639 0.304056 0.263584 7.89875e-05 0.0078695 0.0868449 0.049739 0.00251157 0.00047974 0.00901455 0.058584 0.0133283 0.0546118 0.0670139 0.000234762 0.00512257 6.7011e-05 0.0140897 0.000283938 
0.00829772 0.0391383 0.732271 0.0547918 2.17099e-05 0.00167497 0.00992591 0.0409654 0.000219653 7.94599e-05 7.89681e-06 0.00334505 4.9027e-05 0.00585993 0.0710712 3.62678e-06 0.0146229 2.54713e-05 0.0146418 0.00298714 
0.0578025 0.00879596 0.695801 0.119358 3.02127e-06 0.000920067 0.00732391 0.0132295 0.00170862 0.000259693 0.000336972 0.0215133 0.000855945 0.00542221 0.0472857 1.51011e-05 0.000260068 1.72483e-05 0.0184981 0.000593198 
0.00105803 0.0293278 0.541182 0.119279 2.38914e-08 0.00206 0.00440776 0.0313213 1.39497e-06 1.54107e-05 0.00409877 0.0100097 0.000126319 0.00447045 0.228929 2.12928e-05 0.00103721 6.3318e-07 0.00745791 0.0151959 
0.0549037 0.0549853 0.448177 0.0613996 0.00027434 0.0165394 0.0403627 0.0365292 0.000754298 0.0035333 0.00819101 0.0443211 0.00445726 0.0438867 0.0788785 0.00180191 0.0043035 0.0002254 0.0617364 0.0347393 
0.0206184 0.0388271 0.532434 0.115495 2.89378e-05 0.00516425 0.0104624 0.0591271 0.000599344 0.000646696 0.0196457 0.0178467 0.00133916 0.0362524 0.0928511 0.00273533 0.00293297 9.03233e-08 0.0169065 0.0260866 
0.0394739 0.0156081 0.716918 0.0746961 1.42342e-05 0.0011957 0.0033399 0.018971 0.0180227 0.00042585 0.0133339 0.0174349 0.000842492 0.00950089 0.0378777 0.000508338 0.00268615 2.57784e-05 0.0250509 0.00407381 
0.0246154 0.0267387 0.586673 0.0994611 1.04135e-05 0.0054771 0.00319733 0.0086046 6.76289e-05 0.00180743 0.00142618 0.00745446 0.00180563 0.00128096 0.0352608 6.67238e-06 0.0068187 7.36163e-05 0.188873 0.000347316 
0.0074878 0.0413532 0.297131 0.129628 2.93777e-05 0.0102685 0.0162185 0.290386 0.00541654 0.000632911 0.000231223 0.0897902 0.000170951 0.0160743 0.0761808 1.99463e-05 0.00484513 0.000798088 0.0119311 0.0014068 
0.0301519 0.000132193 0.447789 0.381702 1.97357e-09 0.000273754 0.000511235 0.00304415 8.11557e-05 7.8324e-05 0.000217261 0.0626799 0.0151535 0.0353341 0.0110068 2.65309e-05 0.000168536 2.55839e-06 0.0115179 0.000128876 
0.00677202 0.0227435 0.697848 0.0748605 1.29379e-05 0.00111772 0.00838077 0.0170999 2.12243e-05 8.03689e-05 0.000352547 0.0076051 2.5594e-05 0.00113663 0.0464072 9.87301e-06 0.000602264 0.000210235 0.11424 0.000473708 
0.0086869 0.0210223 0.423782 0.0920655 3.0097e-06 0.0033267 0.010302 0.0200707 1.41369e-05 0.000111742 0.000509197 0.0332343 4.2965e-05 0.00733492 0.0497833 1.45755e-05 0.000185361 2.59759e-05 0.327252 0.00223266 
0.141449 0.00439104 0.654902 0.119885 2.95193e-08 0.000183615 0.000843854 0.0114926 1.51777e-05 0.000183564 0.0025592 0.00859653 0.000646912 0.00768639 0.0290375 2.0115e-05 0.000191958 9.51937e-08 0.0178853 3.11426e-05 
0.0715839 0.00730592 0.463906 0.248989 6.67623e-08 0.00458563 0.00121816 0.042889 4.1608e-07 2.17208e-06 1.02119e-08 0.0109785 3.34369e-06 0.000554925 0.0659206 4.64056e-06 0.0397235 7.4328e-11 0.0422176 0.000116065 
0.0299451 0.0269285 0.588313 0.0854614 2.81566e-05 0.00320664 0.0114645 0.0288025 0.00023658 0.00172436 0.00545041 0.0106899 0.00112216 0.0116798 0.0493553 0.00033356 0.00300449 7.82883e-05 0.136815 0.00536046 
0.0223514 0.0340154 0.592278 0.0735666 6.70266e-05 0.00546958 0.00922078 0.0704011 0.00108997 0.000622437 0.0128643 0.0116595 0.0012483 0.0220409 0.0863176 0.00231867 0.00977467 5.72809e-05 0.0211368 0.0234996 
0.000370632 0.00403929 0.937997 0.0448425 1.00014e-06 1.97546e-05 0.00035636 0.000303855 1.96123e-07 4.37307e-07 0.000766508 0.000462473 6.55187e-07 0.000482379 0.000310176 3.03672e-06 0.000117062 1.43258e-05 0.000343892 0.0095689 
0.0118891 0.0151225 0.620881 0.165731 3.20351e-05 0.00224233 0.00708636 0.0163525 2.19745e-05 4.60288e-05 0.000115459 0.00940359 6.43346e-05 0.0019789 0.0802214 1.23605e-06 0.0146581 3.75041e-07 0.0538278 0.000324091 
0.165271 0.0111863 0.481517 0.145787 2.03504e-06 0.00131408 0.0163869 0.0392303 1.76147e-05 0.000126764 0.00344734 0.0152622 0.00246925 0.0127615 0.0701471 1.11562e-05 0.000825395 5.17452e-06 0.0337006 0.000530593 
0.0404213 0.0100605 0.46018 0.272487 8.31262e-07 0.000492419 7.77005e-05 0.00433034 6.34437e-06 4.18386e-05 5.46111e-05 0.095996 0.000129727 0.000463179 0.0340893 1.93694e-06 3.99033e-06 1.7949e-07 0.0809046 0.000258414 
0.0173693 0.0235658 0.444061 0.183961 1.05194e-05 0.00333188 0.00711857 0.0302071 0.0159407 0.000445097 0.00154199 0.0244386 0.00146909 0.0112752 0.0689514 0.00142041 0.00211995 4.72731e-05 0.160372 0.00235306 
0.00632698 0.0332255 0.778896 0.105447 4.98128e-05 0.00143387 0.00688202 0.00562501 6.14927e-05 0.000160876 0.00192823 0.00142435 0.000248554 0.011683 0.00932541 0.000623009 0.00293495 1.17944e-05 0.00206502 0.031647 
0.0578025 0.00879596 0.695801 0.119358 3.02127e-06 0.000920067 0.00732391 0.0132295 0.00170862 0.000259693 0.000336972 0.0215133 0.000855945 0.00542221 0.0472857 1.51011e-05 0.000260068 1.72483e-05 0.0184981 0.000593198 
0.000488285 0.00524875 0.931073 0.0459842 6.75429e-06 2.17538e-05 0.000382132 0.000324149 2.57739e-07 4.40974e-06 0.00083376 0.000521261 2.38198e-06 0.000699046 0.00034629 5.48082e-06 0.000163759 2.3e-05 0.000446762 0.0134247 
0.00140347 0.011119 0.232723 6.97715e-05 4.85008e-07 0.0104561 0.170033 0.0474101 0.0758679 0.00210387 0.00502954 0.0151613 0.0110306 0.153311 0.00845211 0.210368 0.00557158 1.62554e-11 4.91877e-05 0.0398399 
0.0071401 0.0474689 0.672921 0.167479 6.25985e-07 0.00932218 0.00874864 0.00625804 2.9677e-06 0.000176438 3.95397e-05 0.00294074 4.95454e-06 0.00137542 0.0480106 4.46297e-06 0.00516028 3.9822e-05 0.0223697 0.000536262 
0.0479062 0.00612235 0.36256 0.112101 1.24491e-06 0.000546289 0.00561396 0.0245274 0.000406147 0.000151512 0.0178985 0.0276794 0.00109063 0.00443109 0.0544093 2.77886e-05 0.000953173 8.08807e-06 0.332253 0.00131266 
0.0548444 0.0377998 0.387392 0.220231 2.81186e-06 0.008125 0.0445459 0.0125265 0.000196811 0.00176469 0.00123522 0.099905 0.00325003 0.0345878 0.0580349 5.07911e-05 0.00758154 0.00098981 0.0229976 0.0039384 
0.0494743 0.0266793 0.706821 0.0573453 7.54766e-07 0.00449766 0.0379161 0.00655739 0.000249634 0.0019386 0.000146404 0.0409534 0.0028754 0.0178286 0.0357299 3.28585e-05 0.00154162 0.000292422 0.0089442 0.000175176 
0.0226433 0.00637387 0.792157 0.105085 4.42293e-06 0.00113607 0.00381552 0.00646204 4.46814e-05 0.000266947 0.000562494 0.0238141 0.000818923 0.00192887 0.0186006 1.12298e-05 0.00258152 1.2218e-05 0.0133746 0.000306552 
0.266116 0.000906143 0.411587 0.234623 1.1176e-08 1.90079e-05 0.000753048 0.0132317 0.000268315 1.01358e-05 0.0205026 0.0109546 0.000264391 0.00154124 0.0324956 7.53953e-05 0.000164781 4.16984e-06 0.00646506 1.8094e-05 
0.110056 0.0413316 0.38957 0.271114 1.39889e-06 0.00223196 0.00485897 0.0146642 0.000153283 0.000182247 0.000166355 0.0137553 9.41139e-05 0.00121111 0.072079 2.07773e-05 0.0114575 3.04597e-06 0.0666043 0.000444001 
0.0208165 0.0057759 0.649744 0.182369 3.99293e-08 0.000687034 0.00137027 0.0164494 8.47789e-06 0.000205277 0.000139979 0.00469145 4.21939e-05 0.0069604 0.0564966 1.82111e-06 0.000114337 1.56451e-09 0.0536117 0.000515238 
0.000345645 0.0507942 0.539247 0.381053 1.26341e-06 0.00221676 0.000272912 0.000122078 1.21481e-07 1.06432e-05 0.000359292 0.000274426 6.20962e-06 0.0021946 0.00343059 2.53137e-05 0.00065214 1.81401e-07 0.0187204 0.000272813 
0.0345424 0.0264133 0.662474 0.0926278 2.13603e-05 0.00183274 0.00620526 0.033105 0.014134 0.000213401 0.00361947 0.0193892 0.000900731 0.0106633 0.0529114 0.000720223 0.0059138 8.47556e-05 0.0316558 0.00257185 
0.0754294 0.0236458 0.441174 0.195203 7.95654e-05 0.00494223 0.00381715 0.0165979 1.4896e-05 0.000140673 0.00688115 0.00848988 1.48483e-05 0.00947481 0.0588464 3.58948e-05 0.000910603 1.58867e-05 0.153781 0.000504519 
0.0678118 0.0245212 0.328889 0.200822 2.95032e-05 0.00138777 0.00329697 0.0217086 5.21179e-05 0.000128085 0.00424236 0.0124843 2.35343e-05 0.00268572 0.065192 2.10831e-05 0.000741182 0.000121493 0.265502 0.000339628 
0.00923552 0.00899151 0.865414 0.0575372 8.8583e-07 0.000431676 0.00389566 0.00325689 3.59882e-05 0.000261907 0.00197098 0.00528372 2.20295e-05 0.000930377 0.0289614 2.79092e-06 0.0020718 1.43407e-05 0.0115526 0.000128413 
0.0243178 0.0217657 0.654838 0.17728 5.78087e-06 0.000947552 0.0100842 0.014875 0.00311273 9.53109e-05 0.000205562 0.0136307 0.00279297 0.00591925 0.0567255 8.94265e-06 0.000694669 7.67067e-05 0.011938 0.000685972 
0.00151435 0.00969946 0.395114 0.283795 3.21427e-08 0.00193736 0.0023075 0.00179698 1.96078e-07 0.000113059 8.12291e-06 0.00777576 4.18621e-05 0.000508343 0.0535803 7.08862e-07 0.00140851 8.3323e-09 0.240281 0.000117163 
0.0326833 0.0166408 0.618235 0.152942 3.44828e-06 0.00149269 0.0037513 0.0165352 0.000122789 0.000478326 0.016549 0.0340765 0.00063198 0.0245235 0.0549882 4.5788e-05 0.00351474 0.00343225 0.0182433 0.00110966 
0.0555072 0.0471294 0.2788 0.0864913 1.39645e-06 0.001325 0.0106945 0.0288604 8.16209e-06 7.2975e-05 0.00344979 0.0355085 0.00229898 0.00861002 0.205738 7.44364e-05 0.00294937 1.03871e-05 0.228292 0.00417806 
0.0086869 0.0210223 0.423782 0.0920655 3.0097e-06 0.0033267 0.010302 0.0200707 1.41369e-05 0.000111742 0.000509197 0.0332343 4.2965e-05 0.00733492 0.0497833 1.45755e-05 0.000185361 2.59759e-05 0.327252 0.00223266 
0.0544711 0.0822608 0.324559 0.0587257 0.000562392 0.00830393 0.0407992 0.0224568 2.10332e-05 0.00107567 0.000580177 0.0289428 0.000205515 0.0119846 0.0906246 1.79912e-05 0.00432521 8.39928e-05 0.232433 0.0375666 
0.0308658 0.0574586 0.502275 0.0868984 7.78232e-05 0.00792948 0.0131004 0.0414415 0.000131774 0.000117544 6.33179e-05 0.0177734 7.35443e-05 0.00896724 0.111755 1.33651e-05 0.0208913 9.403e-05 0.0981936 0.00187892 
0.00543472 0.0134865 0.481947 0.376262 1.22476e-06 0.00038765 0.0229923 0.00465296 4.55768e-06 2.73572e-05 0.00061952 0.00400567 0.000775925 0.00125633 0.0386618 1.78929e-06 6.61687e-05 7.61153e-05 0.0487957 0.000544696 
0.0304759 0.0214956 0.819908 0.068132 4.68605e-08 0.00101611 0.00257746 0.00313614 3.67149e-05 0.00208769 0.000547977 0.00676432 0.00041473 0.00132035 0.0241798 1.83145e-06 0.00148982 1.48096e-06 0.0162926 0.000121176 
0.0547163 0.0144522 0.254788 0.191749 7.20127e-06 0.00359223 0.0169168 0.25234 0.00162073 0.000273247 0.0595227 0.0420321 0.000198626 0.013411 0.0755471 0.000188834 0.000631196 0.000185668 0.0174451 0.000381002 
0.0462827 0.0372599 0.610502 0.0883799 8.10314e-05 0.00430689 0.010324 0.0395042 0.00300381 0.000782196 0.0031687 0.0183719 0.00316457 0.0179482 0.0582712 0.00111592 0.00731595 0.000886265 0.0407346 0.00859638 
0.0100397 0.0941312 0.254149 0.157471 1.43281e-07 0.00233826 0.00178087 0.061261 8.42078e-08 7.73681e-08 0.00218875 0.155333 0.000829705 0.130711 0.0456803 1.12018e-05 0.0454336 8.88332e-05 0.0375274 0.00102581 
0.0447401 0.0242735 0.319867 0.0731512 1.64943e-05 0.00487259 0.0135178 0.0153383 0.000258158 0.00550411 0.0237713 0.036322 0.0814756 0.0262424 0.0580743 0.00125568 0.00389598 3.51938e-05 0.262037 0.00535152 
0.0224754 0.00792399 0.663442 0.0700335 0.000132044 0.00443027 0.0700027 0.0437231 0.000340257 0.000181946 0.00342121 0.0243276 0.000374982 0.014909 0.0536616 1.21297e-05 0.00685028 5.25502e-05 0.0124667 0.0012386 
0.000370632 0.00403929 0.937997 0.0448425 1.00014e-06 1.97546e-05 0.00035636 0.000303855 1.96123e-07 4.37307e-07 0.000766508 0.000462473 6.55187e-07 0.000482379 0.000310176 3.03672e-06 0.000117062 1.43258e-05 0.000343892 0.0095689 
0.0790811 0.0804578 0.68687 0.0270841 6.03863e-07 0.00371072 0.00987502 0.0242852 7.52938e-06 0.000140066 0.000312573 0.00945704 0.00422789 0.00593198 0.0494726 2.17965e-05 0.00361341 2.68819e-05 0.0140272 0.00139661 
0.00847542 0.0565364 0.212082 0.113591 1.86007e-06 0.0277377 0.0298436 0.143842 3.88234e-05 0.00021001 0.00830745 0.0412738 0.00156583 0.0595787 0.183053 6.90905e-05 0.0195835 2.46417e-05 0.0923858 0.00179878 
0.040639 0.0187732 0.429409 0.17357 7.959e-06 0.000946187 0.00652949 0.0171929 9.45517e-05 0.000234052 0.00761815 0.0129707 0.00149034 0.0056587 0.0661643 4.11392e-05 0.00162095 3.77355e-05 0.203809 0.0131925 
0.0754763 0.0855402 0.50641 0.120213 4.94749e-06 0.00283115 0.00737574 0.0213135 2.94122e-05 0.000377362 0.000131341 0.0264581 0.000629846 0.0141034 0.0782501 9.31079e-06 0.00740481 0.000109476 0.0521502 0.00118194 
0.0482857 0.0275353 0.639296 0.0986305 0.000401764 0.00412424 0.00870801 0.0389512 0.00583954 0.000756994 0.00300674 0.0234255 0.00128766 0.0240696 0.0483269 0.000528644 0.00508396 2.14879e-05 0.0187334 0.00298668 
0.134997 0.00278531 0.642307 0.123679 2.00554e-08 0.000494401 0.00212422 0.00685989 8.1068e-06 1.71937e-05 0.0382621 0.0057037 0.00123387 0.00455675 0.0164272 3.26186e-05 0.000156828 2.70137e-07 0.0203177 3.69809e-05 
0.0492649 0.0248342 0.633695 0.0900566 5.14025e-05 0.00442419 0.00576438 0.0397322 0.000813159 0.00220397 0.0136426 0.0101801 0.0159896 0.0153774 0.0539639 0.00260752 0.00435846 4.97929e-05 0.0190407 0.0139501 
0.00643809 0.000198332 0.882508 0.0589836 1.05101e-05 9.9193e-05 0.000420021 0.00222819 0.000117689 1.77581e-06 7.70127e-09 0.030976 0.000164138 0.000160906 0.0105585 0.000108861 8.7961e-05 1.75149e-07 0.00682532 0.000112509 
0.0211522 0.140179 0.520817 0.0528506 1.58646e-06 0.00182624 0.00113903 0.0162624 3.29376e-05 0.000295601 4.05545e-05 0.00272028 1.7982e-05 0.0017124 0.0711195 6.01401e-06 0.00316615 5.03158e-06 0.165637 0.00101742 
0.0305011 0.0489437 0.564363 0.104713 3.18259e-05 0.00281484 0.0086587 0.0453316 0.000855484 0.000370287 0.00499482 0.0195261 0.0017952 0.0159698 0.0736022 0.00102161 0.00471421 9.60689e-05 0.0624747 0.00922117 
0.0209377 0.0246018 0.527137 0.166469 5.45654e-05 0.00222848 0.0242039 0.0415251 0.0104844 0.00145026 0.00822946 0.0492251 0.00119324 0.0246485 0.052093 0.000135274 0.00539106 3.42147e-05 0.038113 0.00184507 
0.0522567 0.0555385 0.276284 0.131206 0.000550805 0.00292998 0.0108833 0.0796751 0.00150232 0.0033343 0.00569523 0.063156 0.000781635 0.0171042 0.192291 0.000550216 0.0114431 6.1619e-05 0.0910699 0.00368627 
0.0149607 0.0326249 0.307602 0.086574 5.13459e-05 0.0242132 0.164193 0.063514 0.00231601 0.000579883 0.00198832 0.0644742 0.00342861 0.058136 0.0983403 0.00353083 0.0562128 1.41268e-06 0.0049019 0.0123562 
0.0240403 0.060098 0.45399 0.0729244 0.000161386 0.00140976 0.00798385 0.0887888 5.71458e-05 0.000168568 5.66607e-05 0.0215458 0.000208661 0.00645909 0.154412 3.48546e-05 0.00333883 0.000350156 0.102663 0.00130819 
0.0825759 0.0151926 0.51954 0.153816 8.49077e-07 0.000916145 0.00204682 0.0142313 1.86144e-05 8.32379e-05 0.00624142 0.00533673 1.85557e-05 0.00323332 0.0462418 1.88296e-05 0.000310733 1.8416e-06 0.14992 0.000254527 
0.0391585 0.0269422 0.424465 0.314411 1.98856e-06 0.00065462 0.00292736 0.0179905 0.000298537 0.000372562 0.000442958 0.0329228 0.00030811 0.00314225 0.0511224 9.4496e-06 0.00692983 2.07615e-05 0.0775968 0.00028216 
0.00115048 0.0285662 0.510133 0.413607 1.54745e-07 0.00161444 0.00312061 0.000570266 1.1769e-07 3.35474e-06 5.68382e-08 0.0123095 2.83521e-05 0.000415303 0.0126153 1.76759e-05 0.0012196 4.1229e-08 0.0143258 0.00030239 
0.0265727 0.0370568 0.542188 0.0933623 4.29187e-05 0.00437248 0.012295 0.0457682 0.000293255 0.000566221 0.00681563 0.0200709 0.000555859 0.00986194 0.0723963 0.00103131 0.00540428 0.0322891 0.0733592 0.0156979 
0.0923007 0.0179279 0.611437 0.121363 3.00132e-06 0.00126391 0.00833175 0.0310387 0.00170854 0.000259663 0.00112263 0.0225202 0.0036472 0.0106689 0.0557918 2.25604e-05 0.000872169 1.72094e-05 0.0188815 0.000821975 
0.0196865 0.018562 0.786119 0.0897941 1.1365e-05 0.000999553 0.00251409 0.0124665 3.47742e-05 0.000770033 0.00049897 0.00624512 0.000234058 0.00151068 0.0285436 1.20476e-05 0.0023478 0.000106003 0.0228601 0.00668386 
0.134997 0.00278531 0.642307 0.123679 2.00554e-08 0.000494401 0.00212422 0.00685989 8.1068e-06 1.71937e-05 0.0382621 0.0057037 0.00123387 0.00455675 0.0164272 3.26186e-05 0.000156828 2.70137e-07 0.0203177 3.69809e-05 
0.00261627 0.000313763 0.41636 0.346349 4.75991e-06 0.000359605 0.0045428 0.00378751 0.00734746 0.000173689 0.0031407 0.163899 0.000296264 0.0244651 0.0096359 0.000544197 0.000125748 3.53186e-06 0.00796264 0.00807149 
0.0211522 0.140179 0.520817 0.0528506 1.58646e-06 0.00182624 0.00113903 0.0162624 3.29376e-05 0.000295601 4.05545e-05 0.00272028 1.7982e-05 0.0017124 0.0711195 6.01401e-06 0.00316615 5.03158e-06 0.165637 0.00101742 
0.0543587 0.0461351 0.358776 0.255346 9.3074e-05 0.00533449 0.0122414 0.0370878 0.000563018 0.000867831 0.00557865 0.0291978 0.00662987 0.0158105 0.0712586 0.00143329 0.009615 0.000257894 0.083437 0.00597745 
0.0374065 0.0225613 0.475158 0.084019 8.06487e-05 0.00930868 0.00519996 0.0874926 0.00100943 0.00134589 0.0473787 0.0200775 0.00306501 0.0337582 0.0826297 0.00824473 0.00252852 1.60988e-07 0.0263576 0.0523775 
0.0875541 0.010569 0.682395 0.0814826 2.97844e-06 0.00064882 0.00463743 0.0340609 8.05209e-06 2.9724e-05 0.00122043 0.00546027 0.00019172 0.00205876 0.0553301 5.8028e-06 0.0167015 1.28964e-07 0.0174987 0.000144133 
0.0195685 0.0643664 0.654132 0.0556744 1.97112e-06 0.00370218 0.00995112 0.0452043 0.00168182 0.000154691 0.00792834 0.0440002 0.00414068 0.028194 0.0344172 0.00456889 0.00677738 1.85792e-05 0.00718041 0.00833737 
0.0232743 0.114823 0.292756 0.0886501 0.000176673 0.00815413 0.00164799 0.0486801 0.0167185 3.12637e-05 0.000142459 0.186802 5.46262e-05 0.132879 0.0740732 0.000129212 0.00140692 9.6755e-05 0.00892564 0.000578235 
0.0087278 0.030302 0.714597 0.0703816 3.54603e-05 0.0110489 0.0168909 0.0328403 0.000414591 0.000808715 0.00401779 0.00497929 0.000692554 0.0149364 0.0607197 0.000917837 0.00811989 4.38546e-05 0.0109342 0.008591 
0.053062 0.117557 0.574116 0.126389 2.91707e-05 0.00466017 0.00939862 0.0352097 0.000181806 0.00021875 0.00625398 0.015571 0.00092654 0.00629528 0.0245745 2.31397e-05 0.00393121 0.000315676 0.018887 0.00239971 
0.0681746 0.0481496 0.360621 0.235124 4.84138e-06 0.00843196 0.0155868 0.00880528 2.115e-05 0.000950412 0.0656114 0.0089441 2.50085e-05 0.00981904 0.100848 3.80731e-05 0.00789997 7.19726e-05 0.0600688 0.000803624 
0.0875541 0.010569 0.682395 0.0814826 2.97844e-06 0.00064882 0.00463743 0.0340609 8.05209e-06 2.9724e-05 0.00122043 0.00546027 0.00019172 0.00205876 0.0553301 5.8028e-06 0.0167015 1.28964e-07 0.0174987 0.000144133 
0.0884778 0.0149523 0.382566 0.27295 3.22657e-06 0.00121074 0.00150545 0.0153988 2.40776e-05 0.00107212 0.000161971 0.036537 1.07892e-05 0.0409711 0.0795459 4.02374e-06 0.0133679 1.99019e-06 0.0495934 0.00164568 
0.0336341 0.0852205 0.458973 0.0634318 7.15968e-05 0.00685812 0.00500169 0.0632826 0.000637338 0.00117143 0.0142607 0.0116398 0.00116366 0.0188065 0.112137 0.00246341 0.00464191 9.25174e-05 0.0966308 0.0198814 
0.00514083 0.00727241 0.751345 0.0696978 2.08491e-05 0.00396731 0.0479535 0.0264492 2.40829e-05 2.93322e-05 4.48954e-06 0.00623572 0.000213643 0.00207708 0.0579696 5.10631e-06 0.00694604 7.62395e-06 0.00959357 0.00504701 
0.245568 0.0166927 0.377937 0.133526 6.76663e-07 0.000914484 0.00468351 0.0294 1.48896e-05 6.13305e-05 0.0260848 0.00903594 1.55784e-05 0.0155166 0.0530833 1.50647e-05 0.00142862 1.36394e-05 0.0857505 0.000258267 
0.03477 0.0924037 0.275071 0.175045 5.00965e-06 0.00395308 0.00635094 0.0202608 0.00024877 0.00235098 0.00342526 0.0114968 0.00379716 0.030657 0.0731482 0.00309369 0.00209545 1.90631e-07 0.0380613 0.223766 
0.078735 0.0613868 0.521138 0.0938233 1.72537e-05 0.00302524 0.00650835 0.0480667 2.50436e-05 0.000100092 0.00128995 0.0196322 0.00107283 0.00925866 0.0875262 0.000463709 0.0132856 6.42626e-05 0.0291865 0.0253939 
0.0825759 0.0151926 0.51954 0.153816 8.49077e-07 0.000916145 0.00204682 0.0142313 1.86144e-05 8.32379e-05 0.00624142 0.00533673 1.85557e-05 0.00323332 0.0462418 1.88296e-05 0.000310733 1.8416e-06 0.14992 0.000254527 
0.00243712 0.00938701 0.509851 0.327806 5.17631e-09 5.46793e-05 0.000448274 0.000902062 9.47969e-05 1.17254e-07 0.0187503 0.0138072 3.38016e-06 0.0017347 0.017394 6.36131e-05 2.67501e-08 0.0781504 0.0189605 0.000155264 
0.0754294 0.0236458 0.441174 0.195203 7.95654e-05 0.00494223 0.00381715 0.0165979 1.4896e-05 0.000140673 0.00688115 0.00848988 1.48483e-05 0.00947481 0.0588464 3.58948e-05 0.000910603 1.58867e-05 0.153781 0.000504519 
0.115731 0.00366933 0.71606 0.0988663 2.41775e-08 0.000150231 0.000690427 0.00956194 1.24184e-05 0.00015019 0.00209389 0.0070608 0.000529294 0.00632196 0.023758 1.64579e-05 0.000157057 7.79213e-08 0.0151393 3.14099e-05 
0.0875541 0.010569 0.682395 0.0814826 2.97844e-06 0.00064882 0.00463743 0.0340609 8.05209e-06 2.9724e-05 0.00122043 0.00546027 0.00019172 0.00205876 0.0553301 5.8028e-06 0.0167015 1.28964e-07 0.0174987 0.000144133 
0.0642648 0.0561691 0.189524 0.153322 0.000151723 0.0104434 0.02482 0.0329544 0.00723866 0.00177102 0.0256711 0.0429437 0.014188 0.14519 0.0763953 0.0137456 0.00794724 5.77343e-05 0.116296 0.0169071 
0.0151579 0.0405468 0.258934 0.0945437 3.48989e-05 0.00799057 0.00386978 0.102357 4.20805e-05 0.000786801 1.68613e-05 0.252582 4.22867e-05 0.0512947 0.0842586 0.0674064 0.00405771 0.000162284 0.0143061 0.00161025 
0.0362672 0.0225414 0.62847 0.13171 0.000190628 0.00522523 0.0120959 0.0242599 0.000724672 0.000657302 0.000829765 0.0252435 0.00464102 0.00528958 0.0540812 0.000181967 0.00937106 0.00011091 0.0362491 0.00185965 
0.0640036 0.118553 0.318982 0.243282 4.21608e-05 0.0012034 0.0055927 0.018504 4.04597e-05 0.000204181 0.00237656 0.0467956 0.000108988 0.0213399 0.0679848 9.21917e-05 0.0119464 3.43814e-06 0.0695659 0.00937907 
0.00174563 0.00211522 0.598908 0.0358585 0.000102649 0.00320524 0.0263327 0.0380589 4.10528e-05 6.59035e-05 0.000248734 0.108914 0.113851 0.0106174 0.0525017 4.28549e-06 0.00186459 0.000164026 0.00505426 0.000347091 
0.0390844 0.0411132 0.320774 0.314164 0.000400297 0.00882684 0.0155554 0.0349452 0.0044176 0.000487954 0.00176182 0.0260238 0.00112639 0.0172749 0.0637535 0.000428237 0.00824162 5.82429e-05 0.0970041 0.0045589 
0.0578025 0.00879596 0.695801 0.119358 3.02127e-06 0.000920067 0.00732391 0.0132295 0.00170862 0.000259693 0.000336972 0.0215133 0.000855945 0.00542221 0.0472857 1.51011e-05 0.000260068 1.72483e-05 0.0184981 0.000593198 
0.0224354 0.0306425 0.250718 0.247335 0.000667055 0.0114637 0.00729878 0.0330736 0.00231995 0.0023108 0.0767591 0.115719 0.0024551 0.0153062 0.0923912 0.000418983 0.00366231 4.3659e-05 0.0822169 0.00276265 
0.05019 0.0135366 0.329647 0.295996 1.11448e-06 0.000869229 0.00897505 0.0375912 0.0182287 0.0160373 0.0058086 0.0598231 0.000161591 0.0116516 0.0890711 0.000364265 0.000609402 0.00161488 0.056887 0.0029367 
0.00578012 0.0166251 0.785035 0.103863 3.74463e-06 0.00148203 0.0106266 0.0151592 1.00822e-05 2.6115e-05 2.22518e-05 0.00776838 1.09472e-05 0.00121523 0.0403069 1.2285e-06 0.000642129 0.000281081 0.010969 0.000171719 
0.0308359 0.0363714 0.346674 0.17709 2.22291e-06 0.00312311 0.00381708 0.00421826 0.000848136 0.162449 0.0216252 0.0873173 0.00272714 0.00661037 0.054903 0.000104277 0.00192585 2.69303e-05 0.0574141 0.00191625 
0.0315408 0.167383 0.585258 0.0342602 2.92588e-06 0.00496648 0.00518336 0.026552 1.39542e-05 0.000398928 2.69391e-05 0.0042997 2.99181e-05 0.00255975 0.112445 1.94369e-05 0.00301225 5.63082e-06 0.0203632 0.0016787 
0.0776915 0.00519781 0.792047 0.0473273 3.77968e-06 0.00016597 0.0122747 0.0305249 7.15035e-06 0.000196684 8.72549e-05 0.00313636 3.74293e-07 0.00552572 0.0205803 2.4402e-06 0.000228873 3.25853e-07 0.00452936 0.000471806 
0.0374065 0.0225613 0.475158 0.084019 8.06487e-05 0.00930868 0.00519996 0.0874926 0.00100943 0.00134589 0.0473787 0.0200775 0.00306501 0.0337582 0.0826297 0.00824473 0.00252852 1.60988e-07 0.0263576 0.0523775 
0.0592314 0.0653406 0.351865 0.213274 0.000103745 0.00793892 0.00971562 0.0347789 0.00695383 0.000587943 0.00547942 0.0355738 0.00161078 0.0124996 0.0755265 0.0141549 0.011989 9.45305e-05 0.0864875 0.00679386 
0.0900743 0.0105691 0.611203 0.136466 2.99297e-06 0.000680678 0.00463749 0.0359368 8.06562e-06 2.97405e-05 0.0012205 0.00546033 0.000191757 0.00205879 0.0553303 5.80517e-06 0.0215106 1.56938e-07 0.0244702 0.00014415 
0.00829772 0.0391383 0.732271 0.0547918 2.17099e-05 0.00167497 0.00992591 0.0409654 0.000219653 7.94599e-05 7.89681e-06 0.00334505 4.9027e-05 0.00585993 0.0710712 3.62678e-06 0.0146229 2.54713e-05 0.0146418 0.00298714 
0.0237742 0.0928015 0.28379 0.193847 9.65013e-06 0.00248897 0.00940385 0.0378078 0.00145675 0.000534635 0.000887127 0.0174703 0.000180408 0.0197653 0.126083 3.20946e-05 0.0023278 0.000157194 0.186394 0.000787148 
0.0669074 0.0558988 0.519344 0.12983 1.05852e-05 0.00135261 0.00459987 0.0336385 2.85248e-05 0.000134016 0.000590163 0.00513502 0.000142489 0.0035509 0.0817351 7.50849e-06 0.0107341 4.63979e-05 0.0855987 0.000715131 
0.0423573 0.0252356 0.50415 0.0860492 4.35085e-05 0.00259486 0.00688682 0.0336756 0.0013607 0.000690019 0.0116243 0.0230612 0.00930848 0.0125834 0.0479746 0.00182287 0.00166123 5.76944e-05 0.179207 0.00965545 
0.0950519 0.0161416 0.604703 0.133509 1.47298e-05 0.00178205 0.0061021 0.0150998 1.49959e-05 9.65665e-05 0.00901376 0.0153623 0.00100088 0.00730845 0.042149 1.74263e-05 0.00611742 1.94079e-05 0.0461917 0.000304346 
0.0470311 0.0478625 0.445736 0.198852 5.19397e-06 0.000799448 0.0192584 0.0836484 1.11376e-05 0.000123748 0.000858953 0.00346274 0.000471409 0.00670789 0.0520932 1.35031e-05 0.00254211 1.34323e-06 0.0847829 0.0057381 
0.0424844 0.0293362 0.524258 0.0652384 3.03702e-05 0.00295729 0.00666904 0.0391484 0.000196984 0.00036883 0.00827724 0.0116989 0.00347524 0.00890825 0.0621142 0.000945762 0.00518691 6.40822e-05 0.181902 0.00673951 
0.0211148 0.0484937 0.511689 0.119676 8.71724e-06 0.0393598 0.00656753 0.0374583 0.000150637 0.0336565 0.000544128 0.0260571 0.000684444 0.0153682 0.0838255 1.00611e-05 0.0266322 4.54904e-05 0.0265106 0.00214668 
0.0790811 0.0804578 0.68687 0.0270841 6.03863e-07 0.00371072 0.00987502 0.0242852 7.52938e-06 0.000140066 0.000312573 0.00945704 0.00422789 0.00593198 0.0494726 2.17965e-05 0.00361341 2.68819e-05 0.0140272 0.00139661 
0.0141056 0.0153676 0.539758 0.0325034 6.59359e-05 0.00745696 0.0218878 0.129377 0.000269518 0.000239283 0.000190148 0.00861276 0.000777158 0.10498 0.0915419 0.000760914 0.0123341 4.0929e-05 0.00773479 0.0119964 
0.0112943 0.0200161 0.475335 0.199058 1.29435e-06 0.0659533 0.00140415 0.111291 2.94102e-06 0.00261357 5.35413e-05 0.0420219 1.32423e-05 0.000496624 0.020561 2.57857e-05 0.0242155 0.00173739 0.0236161 0.000288964 
0.0342504 0.0372101 0.280666 0.151797 9.02071e-05 0.0107898 0.0184354 0.0455471 8.37786e-06 0.000103239 0.000112694 0.0597258 0.00980562 0.00835805 0.118466 1.46307e-05 0.00727246 8.552e-05 0.216793 0.000468117 
0.0420739 0.0671667 0.507728 0.156196 6.81518e-06 0.00292008 0.00662517 0.0378002 0.000909883 0.000944175 0.00304283 0.0239626 0.00476109 0.0117375 0.0510093 0.00157982 0.00380333 5.2514e-05 0.060009 0.0176716 
