0.101824 0.0253281 0.251655 0.0625015 0.000433324 0.00453758 0.00218705 0.00481362 0.00622196 0.0439513 0.0233263 0.0177192 0.040406 0.119544 0.00191013 0.00596424 0.00536494 0.0915994 0.140138 0.050574 
0.230547 0.00322754 0.265067 0.0278035 0.000595067 0.00271995 0.00011388 0.000454045 0.00554241 0.00881903 0.00171475 0.0634079 0.00104232 0.0503027 0.0181837 0.0114501 0.00343084 0.249189 0.0175717 0.0388182 
0.1582 0.0149922 0.248166 0.0335618 0.000432705 0.0332193 0.000134977 0.000921544 0.00487169 0.0223675 0.00955334 0.0349763 0.00708658 0.121279 0.00449783 0.0220357 0.00271593 0.108671 0.0264063 0.145911 
0.0489392 0.0250303 0.234048 0.158121 0.000134347 0.00188388 0.00067398 0.000268304 0.00262264 0.0754566 0.00557292 0.0198354 0.0131534 0.0385608 0.001057 0.00209322 0.00144867 0.142849 0.0518523 0.176399 
0.139629 0.00585757 0.409049 0.108016 0.000477293 0.0103208 0.000299798 0.00452904 0.00636809 0.0143266 0.00242524 0.0152565 0.00226459 0.0295473 0.00885293 0.00700549 0.00233375 0.188962 0.0110846 0.033395 
0.0754499 0.0194369 0.198853 0.0510931 0.000312359 0.000512372 0.000126348 0.166669 0.000829153 0.0028023 0.000862428 0.157775 0.0321088 0.154726 5.43369e-05 0.00159578 0.000289691 0.0254366 0.0308118 0.0802546 
0.0415363 0.0285225 0.19248 0.103502 0.00054099 0.00664289 0.00195515 0.00824701 0.0161234 0.041007 0.000908476 0.0843845 0.0507505 0.18141 3.24644e-05 0.0111739 0.000653277 0.0809078 0.0208754 0.128347 
0.0544679 0.0230608 0.164411 0.0545671 0.000114804 0.0285179 0.00086839 0.00162309 0.00876174 0.105287 0.0197557 0.0287254 0.101466 0.0939215 0.00185859 0.00903551 0.00796801 0.103533 0.0865291 0.105527 
0.0650921 0.0129831 0.352724 0.0684687 0.000528971 0.00318179 0.000136859 0.00281174 0.00131242 0.00446902 0.00147975 0.0367062 0.0474456 0.053728 0.00107657 0.00260944 0.000699054 0.118718 0.0578059 0.168023 
0.067997 0.0181773 0.192655 0.150007 0.000486317 0.00842312 0.000289558 0.000817773 0.00679974 0.0728358 0.0049561 0.0291597 0.0245771 0.0657004 0.00565734 0.00704968 0.0101299 0.140843 0.0565064 0.136933 
0.167007 0.0152375 0.229457 0.0483458 0.000175212 0.00796328 0.000570557 0.00379513 0.00152474 0.011181 0.000606632 0.0933612 0.00460647 0.217847 0.0034497 0.0737243 0.000338327 0.0681002 0.0333194 0.0193895 
0.156408 0.00794999 0.308493 0.0600568 0.000412298 0.0105828 0.000166455 0.00347692 0.0219738 0.0285175 0.00660788 0.0318354 0.00849801 0.0480745 0.00892804 0.0043371 0.00498388 0.212982 0.0274644 0.0482514 
0.186355 0.0140704 0.289891 0.0367732 0.000652959 0.00551077 0.00020308 0.00221696 0.0465643 0.0671751 0.0122225 0.0123451 0.0351099 0.0870001 0.00270626 0.00463082 0.0101754 0.0931852 0.0648871 0.0283249 
0.0324471 0.0190101 0.303862 0.0522815 0.000398557 0.00174275 0.00021936 0.0148504 0.0018263 0.05183 0.00308362 0.0364994 0.00352927 0.0361769 0.00122205 0.0822229 0.00440494 0.271699 0.0418411 0.040853 
0.090454 0.00853937 0.158302 0.122169 0.00044116 0.0102011 0.00107486 0.00157215 0.00995905 0.15801 0.0129519 0.0125367 0.0421441 0.0757932 0.000549487 0.00271253 0.000973101 0.0763756 0.0612376 0.154003 
0.254768 0.00575473 0.267045 0.0520723 0.000144942 0.000888405 0.000290629 0.0827216 0.0220093 0.00665199 3.24562e-05 0.00462215 0.00345548 0.0808932 0.0011734 0.00780246 4.16359e-06 0.135898 0.0567079 0.0170643 
0.0531746 0.00183606 0.396316 0.0496947 1.55294e-05 0.000160285 1.66325e-09 0.000156919 0.000136022 0.00629315 0.000214889 0.00322252 0.00164459 0.0309897 3.63099e-06 0.00136995 1.03865e-05 0.142488 0.000660297 0.311613 
0.190189 0.0363066 0.312382 0.189587 0.000452507 0.00143203 0.00024151 0.000712775 0.00593834 0.00267844 0.000109976 0.00431825 0.0231294 0.0404483 0.000724654 0.00141028 0.000149862 0.104071 0.0333876 0.05233 
0.0626143 0.0372334 0.148263 0.104321 0.00140616 0.00857195 0.000313067 0.00198139 0.00873586 0.144236 0.00400945 0.0191503 0.0506243 0.0480766 0.00169682 0.0179583 0.014972 0.135763 0.0823773 0.107695 
0.186721 0.00862634 0.218936 0.0742646 0.000500996 0.00199875 0.000203536 0.00301945 0.00553476 0.0157169 0.000680451 0.0160672 0.0148117 0.0567004 0.0117849 0.00512375 0.0109832 0.185573 0.0468641 0.135888 
0.165424 0.00982291 0.329239 0.0673349 0.000875758 0.0044673 0.000163753 0.0059194 0.0054324 0.0179836 0.0013187 0.0189582 0.0124424 0.037989 0.00177883 0.00423948 0.0096371 0.155247 0.031553 0.120173 
0.113282 0.0650867 0.254856 0.0419143 0.000168282 0.000589876 9.58121e-05 0.00280665 0.00166289 0.0188473 0.000843471 0.0250491 0.0253435 0.181196 0.000488449 0.0100268 0.0111474 0.105808 0.0703213 0.0704657 
0.0402511 0.0068271 0.281726 0.102493 5.45334e-05 0.00131615 4.73553e-06 0.000504852 9.81417e-05 0.00399495 3.46858e-05 0.0234825 0.00255354 0.0716028 0.000929996 0.00826488 9.12162e-06 0.249594 0.104176 0.102081 
0.0546096 0.0276646 0.327746 0.0133942 6.40429e-05 0.000777946 0.000244334 0.00164925 0.00663456 0.0127021 5.46356e-05 0.0892867 0.016946 0.0774973 0.000673631 0.0175757 1.61063e-05 0.0882324 0.0700166 0.194214 
0.0738668 0.0369861 0.341326 0.0515741 2.88314e-05 0.0716915 7.3208e-05 0.0142718 0.00862212 0.0477805 0.023801 0.032801 0.00786385 0.143281 0.00488777 0.00370164 0.0179167 0.0655059 0.0303877 0.0236335 
0.12872 0.0174916 0.28189 0.0509131 7.59348e-05 0.00271262 0.000144453 0.00116108 0.00266139 0.0282796 0.00172031 0.0100515 0.0358693 0.122129 0.00240367 0.0133092 0.000796682 0.0979637 0.126137 0.0755702 
0.0395376 0.109466 0.31645 0.0878413 0.00114088 0.00197089 0.000103656 0.000905265 0.00332634 0.0207699 0.00205634 0.0959793 0.0320294 0.140696 0.00144792 0.00548828 0.00268067 0.0538596 0.0236159 0.0606348 
0.102796 0.0277354 0.294182 0.095663 0.000596436 0.00526603 0.00018641 0.001106 0.00706488 0.0436122 0.00046815 0.0334269 0.0131527 0.106514 0.00661938 0.00870655 0.000609253 0.120742 0.066348 0.0652053 
0.11871 0.0458253 0.318692 0.045449 0.000407519 0.00425874 0.000670548 0.00148404 0.00125817 0.0114178 0.0200964 0.0215567 0.0422751 0.0970382 0.00590362 0.0101244 0.00122891 0.124665 0.0437453 0.0851934 
0.0617945 0.033182 0.224476 0.0386573 0.000295225 0.00899757 0.000867074 0.000710969 0.00626859 0.113552 0.0017751 0.0128996 0.0678133 0.0568249 0.0386288 0.00345429 0.00554852 0.0595783 0.0462995 0.218376 
0.24171 0.018381 0.245825 0.0683272 2.44502e-05 0.000492017 8.55713e-05 0.00132271 0.00275697 0.0315745 0.0010792 0.012102 0.00577601 0.0372974 0.0121218 0.00986401 0.00494358 0.235854 0.0273486 0.0431134 
0.176895 0.0240479 0.253807 0.0420902 0.000307808 0.00368612 0.000136245 0.00138095 0.0111889 0.0877976 0.0010302 0.0279881 0.0112038 0.0634888 0.00135267 0.020983 0.0101252 0.146765 0.0525592 0.0631659 
0.0726909 0.00608838 0.505176 0.027781 0.000135011 0.00115435 0.00011277 0.000700544 0.000292737 0.00236725 0.00273088 0.0298701 0.00844849 0.0774399 0.00305334 0.00720135 0.000136738 0.0830512 0.0145635 0.157005 
0.125526 0.0248492 0.176885 0.0435955 0.00136128 0.0336103 0.000450278 0.000702836 0.029366 0.0248817 0.00980616 0.00826687 0.108062 0.164113 0.000807781 0.00185156 0.0097367 0.0645762 0.146311 0.0252403 
0.102686 0.003531 0.247868 0.0286652 0.00036188 0.000211726 2.6993e-05 0.000521222 0.0259288 0.0133866 0.106168 0.0182428 0.0116446 0.162298 0.046636 0.0251483 0.0036646 0.0992631 0.0301735 0.073575 
0.0567301 0.011923 0.302904 0.116443 0.000146085 0.00577211 0.000384885 0.000254602 0.000943915 0.0201702 0.00210771 0.0267505 0.0302648 0.0387459 0.00816455 0.0023596 0.0156515 0.072422 0.0311846 0.256677 
0.0354685 0.0230511 0.366028 0.0419931 0.00149154 0.0147894 0.000187127 0.000883688 0.00189529 0.0127366 0.000469407 0.0645256 0.00299845 0.08741 0.00130703 0.0111882 0.000226117 0.208458 0.0286655 0.0962273 
0.229499 0.0177038 0.354727 0.0449169 9.10572e-05 0.00337484 0.000104809 0.000516216 0.00121428 0.00259233 0.000947942 0.0866271 0.0115255 0.109408 0.000343762 0.00530798 0.000674456 0.0456125 0.0401319 0.0446803 
0.200476 0.0129863 0.450964 0.0449059 7.20127e-05 0.00142578 4.4768e-06 0.0072696 0.00196331 0.0327486 0.000123644 0.0204844 0.00778949 0.139525 0.00078007 0.00369967 1.6358e-05 0.0357984 0.0161513 0.0228158 
0.0902482 0.0409715 0.256985 0.0515912 0.0013153 0.00373895 1.55941e-05 0.000781102 0.00295495 0.061216 0.000747512 0.0179468 0.0163304 0.0870904 0.00249571 0.00758806 0.00024837 0.113727 0.137754 0.106255 
0.0263399 0.0370911 0.248005 0.089375 3.08277e-05 0.0018055 0.000131329 0.000210728 0.00969369 0.0277125 0.00104552 0.0221615 0.161292 0.0428475 0.000577449 0.00785404 0.000802638 0.0481559 0.0639263 0.210942 
0.0428525 0.0184027 0.709242 0.0154345 0.000618047 0.00129698 0.000197392 0.000573674 0.00322583 0.00990288 0.000237483 0.0308616 0.016127 0.0281447 0.00032776 0.00154979 0.000269162 0.0207186 0.0144507 0.0855672 
0.0914468 0.00825789 0.308709 0.0152132 0.000364532 0.00372077 0.000924033 0.0042068 0.0020178 0.0265533 0.00023591 0.0107997 0.00226658 0.0644098 0.00149388 0.011342 0.000527972 0.300645 0.0257343 0.121131 
0.0729956 0.0227548 0.247603 0.0654468 0.000186798 0.017901 0.000279325 0.00050449 0.0303077 0.0672691 0.00262302 0.0125985 0.0404363 0.0918809 0.001778 0.00903802 0.00207082 0.145852 0.138136 0.0303387 
0.164693 0.0153476 0.325846 0.0421771 0.000344033 0.00397189 0.00128488 0.00138007 0.00221625 0.0304211 0.00370573 0.0441573 0.0207918 0.111542 0.00382809 0.00970672 0.00109196 0.102709 0.0467706 0.068015 
0.155612 0.00296622 0.528624 0.0462119 4.68773e-05 0.00165997 5.55552e-05 7.42994e-05 0.000303408 0.00575409 0.00121229 0.0178416 0.0215456 0.0674716 0.00282845 0.00171949 7.67759e-06 0.0840779 0.0359061 0.0260809 
0.0318079 0.0176808 0.483206 0.0221166 8.4747e-05 0.0022196 3.52894e-05 0.000134239 0.00149709 0.0188396 0.00161269 0.02147 0.0272185 0.109475 0.00847997 0.0257578 0.000608158 0.027369 0.0931836 0.107203 
0.0548057 0.112221 0.141708 0.108002 0.000163921 0.010806 0.000249268 0.0034281 0.0180633 0.0893613 0.0050509 0.0128767 0.0594138 0.0680619 0.0179814 0.00873079 0.00790085 0.0975928 0.0872955 0.0962859 
0.0338725 0.0335551 0.238042 0.130927 0.000117299 0.0308945 0.000191855 0.000658066 0.0095691 0.0331431 0.00764009 0.0720469 0.0497966 0.0422505 0.00126933 0.00274831 0.00274541 0.134195 0.0419792 0.134358 
0.0835308 0.0122695 0.379011 0.0776806 4.94046e-05 0.00225687 4.57967e-05 0.000359342 0.00120913 0.0108776 0.00695009 0.0176833 0.0137741 0.113655 0.000458214 0.0402207 9.98744e-06 0.120631 0.0576422 0.0616843 
0.0614986 0.02125 0.545644 0.0356687 0.000548795 0.00609128 0.000169484 0.000339047 0.00288429 0.0431417 0.000423775 0.0362317 0.0181096 0.0342406 0.000699817 0.0131837 0.00683877 0.0451894 0.01648 0.111367 
0.128539 0.0268956 0.259271 0.0661749 0.000895879 0.00458159 0.000968674 0.00745073 0.00452377 0.0121071 0.00127327 0.0164788 0.01932 0.0434989 0.00718203 0.00149744 0.00121603 0.229196 0.138503 0.0304259 
0.052273 0.0172897 0.347552 0.0623078 0.000123857 0.00641019 0.000190334 0.000877326 0.00309508 0.0202005 0.000948327 0.0233971 0.114067 0.069222 0.00235406 0.0117194 0.0106597 0.103554 0.0385825 0.115176 
0.209169 0.00659448 0.229864 0.0610952 7.83109e-05 0.00425658 4.16445e-05 0.0195411 0.000946394 0.0297808 0.00034882 0.0645057 0.00221436 0.204024 0.0025824 0.0349679 7.52641e-05 0.103927 0.00907902 0.0169082 
0.0998408 0.0287893 0.369931 0.0216012 2.17028e-05 0.00212096 0.104995 0.000227192 0.00276591 0.0126545 0.0149969 0.0100554 0.0267592 0.129946 0.00142691 0.000372933 0.000797916 0.0482384 0.0609603 0.0634983 
0.0340805 0.119431 0.231859 0.0236594 0.00026852 0.00670953 9.50273e-05 0.000370717 0.00190006 0.0258822 0.00126633 0.0247493 0.0252906 0.106286 0.00118152 0.0340777 0.000129992 0.1581 0.0360639 0.168598 
0.147354 0.0158942 0.525765 0.0294096 0.000660865 0.00229824 0.000180583 0.000637347 0.00312193 0.00895574 0.000636217 0.0234911 0.00863931 0.0824646 0.0169325 0.0023744 0.000645642 0.0611041 0.0222874 0.0471466 
0.00793328 0.00497756 0.406742 0.0241686 1.88963e-05 0.00532427 4.55569e-05 4.67322e-05 0.000287164 0.099694 0.000272077 0.0120666 0.0582859 0.0255073 2.64016e-05 0.0141809 0.00105038 0.0239432 0.056577 0.258852 
0.0309158 0.0465059 0.178501 0.11904 0.00164432 0.00685667 0.000706426 0.00123856 0.0360525 0.098066 0.00953751 0.0219865 0.124667 0.0303716 0.00523146 0.00651021 0.00657561 0.0769282 0.0567995 0.141865 
0.120399 0.00553022 0.27459 0.0140989 1.90917e-05 0.00059913 6.54112e-05 0.00819915 0.0204304 0.0186043 0.0225137 0.0169993 0.013986 0.265939 0.000288656 0.00242311 0.00139517 0.0446168 0.0833636 0.085939 
0.0459144 0.00447398 0.362756 0.00759867 2.27961e-05 0.0127363 2.22759e-05 0.000642145 0.0028036 0.00855544 0.00073314 0.0023275 0.0173671 0.265264 0.000656388 0.0130659 0.00634353 0.0590686 0.0836118 0.106036 
0.0279721 0.019418 0.519526 0.025815 0.000432056 0.00304407 0.000331103 0.000617911 0.00260671 0.0173516 0.00195157 0.0200923 0.0268699 0.0471862 0.000746653 0.00284043 0.00200167 0.0682674 0.0755055 0.137423 
0.0441767 0.0181479 0.265808 0.0987918 9.93306e-05 0.00917055 9.51182e-05 0.00355787 0.00740655 0.0381342 0.00140447 0.0191371 0.0598905 0.0940467 0.00138703 0.00471825 0.000722716 0.0848463 0.0357345 0.212724 
0.186721 0.00862634 0.218936 0.0742646 0.000500996 0.00199875 0.000203536 0.00301945 0.00553476 0.0157169 0.000680451 0.0160672 0.0148117 0.0567004 0.0117849 0.00512375 0.0109832 0.185573 0.0468641 0.135888 
0.00626178 0.00298509 0.570069 0.005797 8.37973e-06 0.000607139 4.31737e-05 0.017213 3.1904e-05 0.0033104 0.00156571 0.0107105 0.056151 0.0318887 4.97229e-05 0.00106656 0.000253488 0.0693547 0.1556 0.067032 
0.0306746 0.00471943 0.569757 0.0090711 9.7597e-06 0.103101 8.9958e-06 0.000101539 0.000164142 0.00494534 6.44875e-05 0.0267733 0.00108505 0.0733923 9.27102e-05 0.0289079 0.00166466 0.06115 0.0218427 0.062474 
0.150986 0.00342287 0.251854 0.158027 1.55429e-06 0.0107906 1.32781e-05 0.000468875 0.00240344 0.0104133 0.00804301 0.00829468 0.0297569 0.0916229 0.0165297 0.00570525 0.00272353 0.186956 0.0201193 0.041868 
0.0925315 0.0107668 0.353345 0.0293498 0.00107704 0.000945743 5.91684e-06 0.000129849 0.000102643 0.0111625 3.16591e-05 0.0105132 0.00645889 0.223681 0.0024348 0.0023465 0.000265694 0.141376 0.062362 0.0511127 
0.0862794 0.0150047 0.375926 0.025761 0.000102697 0.00501527 0.000362123 0.00117075 0.00356976 0.0125141 0.000804856 0.0268944 0.00659369 0.0638018 0.00296225 0.0322258 0.00240251 0.198129 0.0359094 0.104571 
0.0554945 0.0146932 0.382069 0.0570648 1.01601e-05 0.0856176 0.000180678 0.00622985 0.00488795 0.0209346 0.00455711 0.016054 0.0297196 0.0945171 0.00190074 0.00734467 0.000323427 0.140272 0.036237 0.0418916 
0.0584653 0.050859 0.187715 0.107385 0.00036166 0.00561295 0.00149571 0.00547948 0.0111808 0.0499629 0.00477671 0.039787 0.0497624 0.0911832 0.00235658 0.00570865 0.00741881 0.0872369 0.0703382 0.162915 
0.115723 0.020462 0.275719 0.0640035 4.50595e-05 0.00237391 0.000128504 0.00185008 0.00697181 0.016033 0.00019091 0.0517435 0.051228 0.148929 0.000341049 0.00853757 0.00603413 0.0466976 0.0544549 0.128533 
0.083505 0.0283634 0.245297 0.0520629 0.00173181 0.00324396 0.000192644 0.0840993 0.018311 0.0469128 0.00608439 0.0515279 0.0214657 0.0630839 0.00416083 0.00881141 0.00257056 0.0800709 0.0323235 0.166181 
0.0715069 0.0318311 0.230059 0.0516459 0.00036134 0.0110884 0.000352406 0.0332983 0.00623631 0.0504262 0.00516329 0.047674 0.0231621 0.0531414 0.0139787 0.00884229 0.031127 0.144955 0.0495835 0.135567 
0.129533 0.0172097 0.251797 0.0387383 4.97904e-05 0.00370053 9.81324e-05 0.00493977 0.0155842 0.0776016 0.00394696 0.0668041 0.0330628 0.0420377 0.00190978 0.011198 0.0209044 0.0628658 0.0452387 0.17278 
0.16763 0.0137721 0.455187 0.0226512 0.000333006 0.00514447 0.00223001 0.000613212 0.00105273 0.0118246 0.0231923 0.00698404 0.0142463 0.133442 0.00255554 0.00203776 0.000262906 0.06192 0.050622 0.0242995 
0.0869076 0.0225726 0.264064 0.115127 0.00033802 0.0116552 0.000275275 0.000790652 0.00739074 0.0374563 0.00293172 0.0222277 0.00977209 0.0948373 0.0225536 0.0117183 0.00410071 0.110015 0.0439305 0.131335 
0.0397712 0.00486416 0.460679 0.0174588 0.000383273 0.00346633 0.000124937 0.00170284 0.00184845 0.00450613 0.000159883 0.0123934 0.00224642 0.213041 0.000839058 0.00357882 0.00110614 0.151211 0.0314021 0.0492163 
0.0340638 0.00769691 0.391064 0.00462278 1.45252e-05 0.000711622 8.60125e-05 0.00522128 0.00076981 0.00104493 6.58978e-05 0.00829016 0.0031422 0.0704659 1.08728e-05 0.0185154 4.92551e-06 0.297326 0.0330774 0.123806 
0.057403 0.0157552 0.159121 0.135992 0.000246426 0.00246988 0.00123718 0.00732366 0.00528721 0.132455 0.00213101 0.0160761 0.0230631 0.0764313 0.00360451 0.00256272 0.00768388 0.149718 0.0516221 0.149816 
0.069014 0.0460965 0.24173 0.0750892 0.000563821 0.00746324 0.000129351 0.0013692 0.00735306 0.0261301 0.00342139 0.0625919 0.0354401 0.115407 0.00167834 0.00904357 0.00283605 0.0627941 0.0516748 0.180174 
0.152498 0.00561713 0.299817 0.047479 9.87158e-05 0.00476094 0.000139274 0.000505184 0.00584925 0.059021 0.0171279 0.0208509 0.0610388 0.0857426 0.00630924 0.0217454 0.00412288 0.137545 0.0273425 0.0423893 
0.125318 0.026834 0.256835 0.101187 0.000193379 0.000871924 0.000853503 0.000453045 0.00439006 0.0305214 0.00704499 0.0389732 0.0362993 0.0661266 0.00127455 0.00683972 0.000227013 0.0997815 0.0830162 0.112961 
0.186677 0.00210289 0.320693 0.0517752 0.000118509 0.00243827 5.68384e-05 0.00277844 0.00266434 0.0265298 0.00108978 0.0270012 0.00216857 0.0394436 0.00242998 0.0072503 1.77727e-05 0.28731 0.0153001 0.0221544 
0.192137 0.00798118 0.374994 0.0427125 0.000503076 0.00193378 0.000203575 0.00186103 0.00460117 0.00973887 0.000742013 0.0157543 0.00670583 0.0537482 0.0189637 0.00555053 0.00953602 0.177504 0.0342876 0.0405417 
0.139499 0.0136838 0.178557 0.143663 2.49959e-05 0.00699658 0.00090012 0.0040025 0.00521839 0.035624 0.00622575 0.0466014 0.0233939 0.100543 0.002094 0.0293411 0.00103277 0.138588 0.0672023 0.0568081 
0.0202222 0.0172393 0.350335 0.059356 0.000123753 0.0170772 7.57648e-05 0.00031127 0.00108492 0.0341269 0.00428913 0.0148836 0.0794872 0.0389793 0.000384297 0.00247971 0.000457315 0.0770591 0.092607 0.189421 
0.239864 0.00546131 0.324606 0.0600369 7.23027e-05 0.00128283 6.33337e-05 0.00379135 0.0378861 0.00972196 0.00069926 0.0260028 0.00865151 0.089911 0.00495497 0.00770725 0.0113581 0.103519 0.0501454 0.0142649 
0.116235 0.0211869 0.260447 0.102337 0.000718021 0.013573 0.000150515 0.000744629 0.0039506 0.0741227 0.00141939 0.0293384 0.0163023 0.0735691 0.0050524 0.00955806 0.00390242 0.152661 0.0283099 0.0864214 
0.0325155 0.011527 0.266516 0.166194 0.00058248 0.00565221 0.000186595 0.00098108 0.00226381 0.0496967 0.000449625 0.0202796 0.00655218 0.0636297 0.00698145 0.00454052 0.000412536 0.0766727 0.0503718 0.233994 
0.073099 0.0180106 0.201658 0.0479985 0.00013648 0.00247729 0.000509231 0.00173761 0.00305618 0.0485411 0.0021145 0.0422599 0.0572289 0.167659 0.00322364 0.00908979 0.00433352 0.0926556 0.101611 0.1226 
0.0341171 0.0156166 0.433921 0.017214 0.000689823 0.00318966 5.20543e-05 0.000422104 0.00567949 0.00855968 0.00654748 0.0176458 0.0259289 0.0754051 0.00314147 0.00976547 0.000735095 0.111294 0.133211 0.0968647 
0.210126 0.00382391 0.243537 0.188194 0.000298674 0.00183587 4.09627e-05 0.000210399 0.00184823 0.009184 0.00173291 0.0345918 0.00299215 0.0557941 0.000248776 0.00121895 0.00020117 0.146703 0.00497733 0.0924412 
0.057011 0.10653 0.199474 0.148533 0.00013976 0.0103188 0.000917457 0.000442609 0.00897811 0.0259754 0.00307776 0.0156621 0.0207231 0.0613076 0.00200211 0.00236003 0.0125433 0.161086 0.0837275 0.0791916 
0.0390898 0.0108963 0.333462 0.0166671 0.000582969 0.00286644 0.000324092 0.00147118 0.000868593 0.0322033 0.00122235 0.0253111 0.0455252 0.0480077 0.000371146 0.0218105 0.00403175 0.0727069 0.0284621 0.31412 
0.0948785 0.0080035 0.184641 0.0522115 0.000233238 0.0277458 0.000171639 0.00465532 0.00581712 0.151776 0.00715071 0.0131027 0.0113718 0.0691038 0.0105056 0.00272382 0.0040623 0.128981 0.0469207 0.175944 
0.0684611 0.12708 0.280782 0.0486096 0.000233884 0.0125933 0.000185865 0.000546991 0.00978826 0.0177533 0.00316168 0.027546 0.0103073 0.0244883 0.00691653 0.00671945 0.00386189 0.237985 0.0851121 0.0278674 
0.122846 0.00531786 0.287736 0.0120758 0.000123682 0.00542984 0.0001278 0.00223989 0.00969003 0.00650276 0.000526851 0.0663292 0.0340226 0.148525 0.000881243 0.0139387 0.00426806 0.119473 0.0544886 0.105458 
0.0607553 0.026069 0.188596 0.0900498 0.00118308 0.00467157 0.00120203 0.00649159 0.00393024 0.0253673 0.0056771 0.0277157 0.106724 0.0696208 0.00400324 0.00853493 0.0047301 0.110689 0.11273 0.141259 
0.0607786 0.0428906 0.242241 0.0800876 0.000431054 0.00413949 0.000230985 0.00138301 0.00342359 0.0670639 0.00340573 0.0275101 0.0490464 0.0521026 0.00055619 0.00560953 0.00210962 0.166437 0.101189 0.0893635 
0.0873289 0.0109954 0.234646 0.0536417 0.000357912 0.010715 0.000784066 0.00459208 0.00351875 0.0277594 0.00259737 0.0201938 0.0211998 0.0590797 0.0030045 0.00915587 0.00858346 0.224872 0.164201 0.0527725 
0.155522 0.0222342 0.18914 0.0544041 0.00988538 0.00454377 0.000129578 0.0575577 0.00679009 0.0216113 0.0335074 0.0366426 0.0215835 0.178841 0.0276143 0.0158602 0.0048006 0.0839384 0.0393169 0.0360774 
0.0347287 0.0377761 0.223388 0.0463769 0.000258702 0.00794006 3.59093e-05 0.000540997 0.00464027 0.0481491 0.00235896 0.0218926 0.155987 0.105962 0.000632796 0.00559878 0.00112184 0.158712 0.0430506 0.100849 
0.197988 0.00244616 0.26222 0.0285361 0.000396793 0.00292097 0.000105132 0.000653256 0.00162762 0.00276608 0.000958091 0.0662454 0.00295085 0.128728 0.000902226 0.0160475 0.000181489 0.234396 0.0275695 0.0223608 
0.0831914 0.0148831 0.299857 0.082644 0.000527324 0.000412546 0.000106554 0.0063326 0.00171969 0.0118935 0.00038534 0.0087797 0.0254074 0.11298 0.000313865 0.0117757 0.00119231 0.197899 0.0524216 0.0872766 
0.131445 0.0147682 0.305601 0.0903764 0.00111167 0.0103693 0.000285487 0.000974536 0.00120444 0.0168965 0.0253621 0.0128683 0.00739567 0.0748905 0.000174668 0.00649379 0.000165695 0.238065 0.0318285 0.0297232 
0.126101 0.016051 0.235163 0.178052 0.000355025 0.0103649 0.000156773 0.00116375 0.00276679 0.0157112 0.00196555 0.0437891 0.00414298 0.0786746 0.00813182 0.0210675 0.00215934 0.21049 0.0193896 0.0243037 
0.168203 0.028097 0.198035 0.063159 0.000241935 0.00344199 0.00998906 0.0014146 0.00721892 0.026599 0.00690208 0.0205635 0.0329127 0.112232 0.00535078 0.00718716 0.00358211 0.11778 0.0916605 0.0954305 
0.138906 0.0276167 0.286793 0.128447 0.0011155 0.00156397 0.00022891 0.000978124 0.00525002 0.0144961 0.00157179 0.0207549 0.0328284 0.044503 0.00140003 0.00407927 0.000729296 0.151728 0.0364846 0.100525 
0.131329 0.00522981 0.359683 0.0511789 0.000116904 0.0041185 8.65202e-05 0.000573119 0.00164481 0.016737 0.000294279 0.0113132 0.00561414 0.0707188 0.00182954 0.0503558 0.00165689 0.161253 0.030365 0.0959016 
0.117746 0.012486 0.241688 0.0524825 0.000172253 0.00280082 0.000104466 0.00305544 0.00410093 0.0324564 0.0125066 0.009775 0.0229097 0.0667874 0.00777385 0.00594209 0.00978771 0.188451 0.153484 0.0554897 
0.0200127 0.0543111 0.333217 0.130739 0.000191766 0.0173455 0.000190134 0.000409536 0.00302162 0.0322783 0.010489 0.016977 0.0617864 0.0339212 0.000339393 0.00111717 0.0133516 0.0969223 0.0449705 0.128409 
0.163863 0.00416651 0.236821 0.029958 0.000201514 0.00809848 0.000131384 0.00238661 0.0046192 0.00690411 0.000264795 0.0344522 0.00600215 0.126302 0.00314069 0.023979 8.0094e-06 0.223613 0.0476607 0.0774282 
0.114838 0.0082235 0.210833 0.152403 2.65739e-05 0.00424103 0.00012679 0.00160137 0.00538274 0.0327672 0.00149788 0.0394347 0.0311572 0.139239 0.00276161 0.0569026 0.00458477 0.140277 0.0220063 0.0316957 
0.0453661 0.0154094 0.376572 0.0744242 0.000273754 0.00197404 0.000138419 0.000500976 0.00605925 0.024873 0.00175743 0.0404609 0.00885221 0.0537998 0.000582973 0.0160091 0.00170334 0.192119 0.0365755 0.102549 
0.0361942 0.0519766 0.300834 0.0442537 0.000329647 0.00302031 0.000170307 0.00151391 0.00389195 0.0388615 0.00274274 0.0462382 0.0128637 0.281102 0.000830889 0.00625411 0.00296308 0.0810438 0.0222076 0.0627078 
0.101884 0.0163223 0.374885 0.067974 0.000540264 0.0049537 0.000347146 0.00860697 0.012299 0.0193651 0.00111526 0.0124857 0.00702869 0.0652501 0.005097 0.00995418 0.00165812 0.199814 0.0578395 0.0325805 
0.145166 0.0276487 0.214408 0.189659 0.000591037 0.0315481 0.0409004 0.00682971 0.00162503 0.00662053 0.112211 0.0177445 0.0409633 0.0597816 0.0030177 0.00190348 0.00346865 0.0537418 0.0218678 0.0203046 
0.0734731 0.0061498 0.52817 0.0325077 7.25197e-05 0.00103598 2.6084e-05 0.000116176 0.000249426 0.00296559 0.00272419 0.0289997 0.00591139 0.0509137 0.00513048 0.00611479 0.000249319 0.0849972 0.00331822 0.166875 
0.141782 0.00534774 0.390789 0.0506524 0.000304599 0.00152047 0.000100651 0.000703199 0.00112684 0.00639125 0.000953581 0.0197139 0.0260814 0.0834023 0.00147201 0.0136366 0.000993845 0.152285 0.0210917 0.0816515 
0.0567574 0.00775038 0.289386 0.0339992 0.000337404 0.00340682 0.000238753 0.000455417 0.00899669 0.00987681 0.000685902 0.0896134 0.00794937 0.078542 0.00119791 0.0303958 0.00299119 0.239216 0.0528639 0.0853397 
0.180217 0.0289911 0.343531 0.104578 3.11197e-05 0.002357 7.62076e-05 0.0001225 0.00705151 0.05701 0.00167582 0.00201527 0.0155948 0.0624776 0.0291744 0.0197073 0.0103672 0.0646693 0.0417922 0.0285607 
0.114792 0.0372705 0.23477 0.130696 0.000587551 0.00328489 0.000637339 0.00139127 0.00439987 0.0253418 0.00280873 0.0316153 0.0211837 0.0562093 0.0102061 0.00789546 0.00293478 0.207029 0.0387886 0.0681572 
0.0292759 0.0558647 0.33455 0.0466239 0.000116884 0.00174397 3.66296e-05 0.000544921 0.000979416 0.125255 0.000529406 0.0220759 0.0869334 0.043398 0.000310316 0.0143409 0.000957124 0.0434575 0.0467134 0.146292 
0.05266 0.0115083 0.266192 0.0430371 1.96711e-05 0.00760677 0.000431848 0.000815317 0.00459745 0.0331381 0.00183022 0.00904109 0.0427128 0.243561 0.0146341 0.0161531 0.000389647 0.0716865 0.0322841 0.147701 
0.0159434 0.0677803 0.178804 0.0364709 9.34605e-05 0.0101308 0.168527 0.00236865 0.00498341 0.0109909 0.000664964 0.018302 0.161147 0.155904 0.000137277 0.0142702 0.00282875 0.026566 0.0856765 0.0384105 
0.090874 0.0277241 0.191049 0.149182 0.000110777 0.0140942 0.00020686 0.000703856 0.0129363 0.0661972 0.00410102 0.0479859 0.0205151 0.0754099 0.00838042 0.0133814 0.00252345 0.122463 0.0567162 0.0954462 
0.0162211 0.01139 0.33453 0.0125719 1.20236e-05 0.00483683 3.89007e-05 0.000189692 0.00136393 0.0029079 0.000985527 0.0162836 0.193881 0.0948775 0.000244173 0.00209946 1.17264e-06 0.00772833 0.195123 0.104713 
0.0589471 0.0839249 0.225025 0.175223 0.000135535 0.0504144 0.000214333 0.00199071 0.00485316 0.0637441 0.012214 0.0492253 0.0444505 0.0830496 0.0016274 0.00869604 0.00343081 0.0664901 0.0180414 0.0483029 
0.026432 0.0139844 0.234599 0.0444321 0.000474487 0.00270476 0.000120826 0.00172928 0.00138842 0.0295384 0.000513826 0.014065 0.0689378 0.0608227 0.0157369 0.0149579 0.000589029 0.101403 0.209198 0.158372 
0.0236684 0.100917 0.413541 0.0247152 0.000177072 0.00118306 0.000172639 0.0105767 0.00339507 0.0205858 0.000462835 0.0389078 0.0577497 0.114039 0.00293569 0.00671761 0.000239548 0.0294059 0.0974458 0.0531639 
0.0734731 0.0061498 0.52817 0.0325077 7.25197e-05 0.00103598 2.6084e-05 0.000116176 0.000249426 0.00296559 0.00272419 0.0289997 0.00591139 0.0509137 0.00513048 0.00611479 0.000249319 0.0849972 0.00331822 0.166875 
0.0629148 0.025824 0.235492 0.030403 0.000247525 0.00991728 5.11157e-05 0.000514434 0.00349956 0.0388752 0.00177445 0.0105126 0.0543277 0.0934877 0.00169879 0.0147068 0.0148432 0.0716146 0.11506 0.214235 
0.0766002 0.0254746 0.156124 0.0755387 0.000120666 0.00492416 0.000187287 0.00230833 0.00680511 0.0404865 0.00641623 0.0392113 0.0483699 0.115949 0.00234907 0.0188008 0.0130353 0.152237 0.0961955 0.118866 
0.0902189 0.00626634 0.391059 0.0737137 0.000150068 0.00156435 0.000153793 0.00316276 0.00220289 0.00755709 0.000997248 0.0185172 0.0279086 0.0923311 0.00208919 0.00547228 0.000212833 0.137235 0.0423204 0.0968672 
0.0564984 0.0429944 0.165572 0.110279 0.000172643 0.00554314 0.000385843 0.00357644 0.00778337 0.0998376 0.00664642 0.0340183 0.0721176 0.0631769 0.00467383 0.0117364 0.0206733 0.093927 0.0638095 0.136578 
0.212981 0.00446557 0.293255 0.0398396 0.000305516 0.0304501 2.74075e-05 0.00841737 0.0133312 0.0168472 0.000797677 0.0251949 0.0119897 0.0535507 0.0262874 0.0240648 0.000921433 0.187443 0.0283193 0.0215122 
0.0289178 0.0314619 0.313219 0.138578 0.00043211 0.0135772 8.20639e-05 0.00210777 0.0046771 0.0512924 0.00683843 0.0176372 0.0425422 0.0867535 0.00243975 0.0163668 0.0376792 0.117255 0.0470447 0.0410979 
0.0787149 0.0113499 0.295072 0.0737913 0.000192156 0.0202885 0.000177113 0.000360654 0.0165209 0.0339906 0.00382083 0.0126556 0.0186647 0.0305092 0.024643 0.0031104 0.00732664 0.283646 0.0576684 0.0274978 
0.139629 0.00585757 0.409049 0.108016 0.000477293 0.0103208 0.000299798 0.00452904 0.00636809 0.0143266 0.00242524 0.0152565 0.00226459 0.0295473 0.00885293 0.00700549 0.00233375 0.188962 0.0110846 0.033395 
0.00604034 0.0659596 0.510383 0.0428304 3.3125e-05 0.00478566 0.000153986 0.00143938 0.00569241 0.0277679 0.000768377 0.017997 0.0145104 0.0748247 0.000453508 0.00682343 0.00152259 0.0599731 0.0371152 0.120926 
0.00865521 0.0232994 0.250743 0.0117345 4.64701e-05 0.0244318 0.00334211 0.000315649 0.00213872 0.0164002 0.000225531 0.22363 0.0300195 0.150778 0.000117966 0.0455473 0.00970004 0.0247654 0.0325999 0.141509 
0.130534 0.00909949 0.542095 0.0178652 0.000296845 0.00573573 0.000120941 0.000319396 0.00403814 0.00941223 0.000678496 0.0267162 0.0103296 0.0447924 0.000479226 0.00849129 0.000326107 0.0296937 0.0163712 0.142604 
0.166555 0.0166441 0.305924 0.0363132 0.000235808 0.00162702 0.000116533 0.000538878 0.00333079 0.0376943 0.000744733 0.0334155 0.0252803 0.0752157 0.00376613 0.0138771 0.00521961 0.150048 0.0351505 0.0883027 
0.16199 0.0085389 0.193621 0.0517073 0.000218062 0.00796698 0.0088813 0.000469606 0.034103 0.103746 0.00518213 0.03562 0.00995818 0.0478291 0.0113702 0.0374289 0.00274922 0.185362 0.0229407 0.0703179 
0.106173 0.0206273 0.219731 0.0350987 0.000258193 0.00218454 0.00190137 0.00144229 0.0084073 0.0317335 0.150864 0.0257564 0.0215774 0.0857519 0.00401935 0.0101113 0.00513126 0.102642 0.0379598 0.128629 
0.0333329 0.00878636 0.412869 0.0459793 0.000134067 0.0015861 0.000113905 0.000719798 0.00106971 0.0120141 0.000560994 0.0180487 0.0962653 0.0538024 0.000159665 0.00707746 0.000157811 0.0750793 0.0893092 0.142934 
0.0426609 0.0279653 0.341804 0.057321 0.00059776 0.00966491 0.000160671 0.000846017 0.0043606 0.0996588 0.0103414 0.013598 0.0915168 0.0529431 0.0480237 0.00200032 0.00720041 0.0945307 0.0538053 0.0410001 
0.0592292 0.00910445 0.24296 0.0304731 0.000398486 0.00347348 8.7674e-05 0.000435632 0.00147953 0.0380187 0.00033567 0.171608 0.00756481 0.100492 0.0022413 0.00388049 0.00425309 0.204084 0.0316661 0.0882135 
0.123105 0.0149101 0.216921 0.1256 7.16167e-05 0.000733722 0.00139387 0.00316966 0.0105177 0.0326692 0.00523456 0.00959083 0.187556 0.048904 7.54533e-05 0.00171543 0.000192359 0.0624868 0.0221767 0.132976 
0.0753441 0.0194168 0.247769 0.074715 0.000892094 0.00777428 0.00137864 0.00405092 0.00630734 0.0604986 0.00231445 0.0309974 0.0354653 0.0906325 0.00182465 0.0105434 0.00459263 0.131372 0.0730508 0.12106 
0.0968584 0.0100388 0.298075 0.0911939 0.000274709 0.00218899 0.000315196 0.000535172 0.00291854 0.0145193 0.00215364 0.0185745 0.0170643 0.0609489 0.00277577 0.00266115 0.00328024 0.275308 0.0565964 0.0437187 
0.077158 0.0609579 0.210644 0.0632683 7.06153e-05 0.00978193 6.18732e-05 0.00115309 0.00697615 0.0540196 0.00364716 0.0262148 0.0394343 0.0611959 0.00369038 0.00920833 0.00747101 0.173124 0.0992572 0.0926655 
0.0645829 0.0338447 0.21844 0.0427023 0.000111897 0.0234051 0.000100006 0.00141011 0.00937866 0.0322612 0.00117337 0.0502422 0.0343516 0.0742445 0.000497122 0.00604205 0.000972868 0.133204 0.0552599 0.217776 
0.152365 0.00905382 0.340248 0.0448997 0.0010482 0.00881625 0.000319398 0.000598993 0.0104384 0.00948149 0.000829975 0.0188082 0.00563812 0.0509497 0.125346 0.0071516 0.00593496 0.155808 0.0277736 0.0244898 
0.128751 0.0162365 0.326696 0.0514167 0.000383098 0.00235348 0.000127305 0.000669301 0.00375475 0.0312128 0.000582389 0.0295519 0.0156716 0.0792739 0.00168891 0.00586952 0.00358038 0.0810889 0.0418794 0.179213 
0.0450934 0.0626259 0.365381 0.202178 0.000736553 0.00220513 9.31585e-05 0.000502497 0.00485707 0.0555346 0.00069889 0.0191373 0.0174241 0.030159 0.000128773 0.00266717 0.0026864 0.0443794 0.0539609 0.0895508 
0.0787096 0.00862225 0.279542 0.0462887 1.65262e-05 0.00407683 4.42103e-05 0.00449227 0.0127263 0.0214441 0.00131324 0.0744658 0.0196281 0.116438 0.00298327 0.014791 0.0025937 0.130945 0.145402 0.0354767 
0.176786 0.0226898 0.176902 0.095031 0.000359559 0.00574085 0.00227573 0.00138896 0.00795013 0.0364018 0.00635773 0.0273545 0.0277147 0.088676 0.00745176 0.010657 0.0110911 0.133567 0.0920485 0.0695551 
0.0914468 0.00825789 0.308709 0.0152132 0.000364532 0.00372077 0.000924033 0.0042068 0.0020178 0.0265533 0.00023591 0.0107997 0.00226658 0.0644098 0.00149388 0.011342 0.000527972 0.300645 0.0257343 0.121131 
0.0734731 0.0061498 0.52817 0.0325077 7.25197e-05 0.00103598 2.6084e-05 0.000116176 0.000249426 0.00296559 0.00272419 0.0289997 0.00591139 0.0509137 0.00513048 0.00611479 0.000249319 0.0849972 0.00331822 0.166875 
0.0314164 0.00959848 0.333234 0.253316 0.000493532 0.00184923 0.000387984 0.00118623 0.00187679 0.0173093 0.0018071 0.011524 0.0158258 0.0252817 0.0027983 0.00129415 0.0022555 0.196148 0.0440083 0.0483886 
0.053115 0.050177 0.240434 0.0315053 1.62452e-05 0.00231239 0.0137748 0.000393517 0.000486591 0.0205583 0.000467842 0.0951786 0.0381494 0.109355 0.000105972 0.0116339 3.72634e-05 0.0708795 0.175826 0.0855938 
0.239518 0.0104644 0.279728 0.0643661 0.000329997 0.0082013 0.00149075 0.00324588 0.00207309 0.0184698 0.000807685 0.0257056 0.019311 0.0875582 0.00495143 0.01575 0.00466179 0.0827692 0.0927745 0.037824 
0.204743 0.00403214 0.410926 0.0353996 0.0010047 0.00376677 0.000139839 0.00261859 0.00848145 0.00289239 0.000142649 0.103162 0.00429053 0.06632 0.000646967 0.0102502 6.07194e-06 0.0668894 0.00485113 0.0694362 
0.0267692 0.0101461 0.380374 0.0687237 3.97092e-05 0.0033942 0.000136388 0.000938126 0.00282812 0.0251302 0.000684952 0.0180343 0.0164083 0.0418905 0.00149577 0.00565094 0.0183528 0.182345 0.053316 0.143342 
0.0500523 0.0239348 0.22659 0.0140124 0.000120391 0.000947814 1.54654e-05 0.00277044 0.0009394 0.17772 0.0258354 0.0212975 0.0316894 0.028798 0.00394273 0.0126032 6.04418e-05 0.0328806 0.143447 0.202342 
0.119016 0.0145854 0.217404 0.0484826 0.000347064 0.00309137 0.000162657 0.0010544 0.00459878 0.0154147 0.00079484 0.0339018 0.0168305 0.110192 0.0130313 0.0688828 0.00165132 0.189559 0.055466 0.0855334 
0.0569338 0.00950469 0.38265 0.0420191 0.00019891 0.012937 8.85852e-05 0.00167049 0.0019416 0.0377968 0.00108332 0.0251145 0.0132006 0.0488654 0.0185559 0.0188845 0.00756974 0.10148 0.018845 0.20066 
0.128515 0.0150959 0.206832 0.10567 0.0199646 0.00752603 8.20289e-05 0.0672505 0.00302279 0.0235077 0.00384398 0.0315811 0.011352 0.0772186 0.00122759 0.00602404 0.0110627 0.189058 0.0420253 0.0491401 
0.0379697 0.0785154 0.200633 0.166173 0.000236083 0.00997573 0.000182773 0.00199889 0.0101061 0.109434 0.00510589 0.028626 0.0169612 0.0349564 0.00947861 0.00231862 0.00874309 0.159755 0.063046 0.0557848 
0.132 0.0228889 0.237955 0.0447236 0.000744454 0.00501144 0.000209776 0.00154974 0.0036504 0.0120232 0.00161056 0.0202749 0.077347 0.0712086 0.0386212 0.0106164 0.0164377 0.213628 0.053692 0.0358066 
0.109872 0.0130011 0.225191 0.0780815 0.000198203 0.0117773 1.0513e-06 0.00949165 0.00441551 0.0446086 0.00250761 0.0274814 0.02675 0.141537 0.000112961 0.00864424 0.00789839 0.218712 0.0428202 0.0268982 
0.224248 0.00472294 0.263891 0.0298289 0.00105085 0.00786821 0.000179827 0.00235512 0.00219884 0.0198818 0.00404983 0.00989019 0.0119211 0.250351 6.92552e-05 0.00793062 4.7947e-05 0.0503545 0.082156 0.0270044 
0.0525906 0.0145374 0.242218 0.0418417 0.00342832 0.0146712 3.36652e-05 0.000511989 0.000497151 0.0478431 0.00182148 0.0098451 0.166441 0.112703 0.000608406 0.0105072 0.0135816 0.0524472 0.0814028 0.13247 
0.0270252 0.0304023 0.251541 0.0653868 8.75504e-05 0.0101282 0.000245264 0.00128948 0.0019047 0.0322927 0.0068208 0.0240096 0.190123 0.0624418 0.00282793 0.00517714 0.00251955 0.0778603 0.0684462 0.13947 
0.194242 0.00327854 0.316329 0.0872052 0.00018319 0.00379103 5.93554e-05 0.000904053 0.00346099 0.0142939 0.000825945 0.0263516 0.00231411 0.0622425 0.0116165 0.0142657 0.00198825 0.199616 0.0399493 0.0170827 
0.00644726 0.0616814 0.317138 0.0387003 0.000100917 0.000216985 0.103146 4.06978e-05 3.27689e-05 0.004232 0.000345979 0.000624411 0.0550985 0.0152674 7.60437e-07 0.000399527 2.11881e-06 0.0600938 0.116417 0.220013 
0.167007 0.0152375 0.229457 0.0483458 0.000175212 0.00796328 0.000570557 0.00379513 0.00152474 0.011181 0.000606632 0.0933612 0.00460647 0.217847 0.0034497 0.0737243 0.000338327 0.0681002 0.0333194 0.0193895 
0.237278 0.00917692 0.262089 0.0636062 0.000221258 0.00183851 4.24697e-05 0.00192545 0.00341927 0.0265378 0.00150052 0.017189 0.00932079 0.118055 0.00991462 0.0161151 0.0122924 0.131894 0.0457913 0.031793 
0.0764301 0.00889987 0.561037 0.0169365 0.000221632 0.00183713 0.000249427 0.000935032 0.000253127 0.000993535 0.00510015 0.0456989 0.013354 0.101137 0.00630878 0.0107302 0.000207932 0.0506736 0.0264799 0.0725164 
0.0321903 0.00878311 0.337332 0.139886 0.000341011 0.000895175 0.000208146 0.000425146 0.00184144 0.0102847 0.00115236 0.0153779 0.0913719 0.111091 0.000982921 0.00176732 0.00153628 0.0364991 0.031395 0.17664 
0.0351182 0.0218157 0.291659 0.0473001 8.92423e-05 0.0228506 5.33267e-05 0.00142799 0.00469579 0.217336 0.00297029 0.0271782 0.0290848 0.0761263 0.0017695 0.00387478 0.0141257 0.0984592 0.0299821 0.0740839 
0.0908002 0.00862889 0.249789 0.0397025 0.00282252 0.00283198 0.000229293 0.00655608 0.00426098 0.0242601 0.0083783 0.0249574 0.035183 0.0796164 0.00215318 0.00808078 0.0020732 0.160482 0.0851271 0.164067 
0.17738 0.00159047 0.435508 0.0216163 0.000253599 0.00185878 5.73928e-05 0.00170629 0.00577631 0.0111422 0.000650946 0.0589324 0.000658175 0.0809792 0.00204717 0.00637566 0.000265419 0.1288 0.0145076 0.0498946 
0.0159183 0.0285591 0.273014 0.0652995 1.72044e-05 0.00573716 6.74336e-05 0.000194311 0.00563906 0.0173785 0.00190121 0.0428474 0.23187 0.065158 0.00101638 0.00814556 0.000416305 0.0375794 0.0561529 0.143088 
0.0665353 0.0167227 0.256691 0.128451 0.000283379 0.00374263 0.000454115 0.00156461 0.00862559 0.10564 0.00179212 0.0172945 0.0420448 0.0603224 0.00265204 0.00435885 0.00772191 0.0922825 0.0433774 0.139443 
0.108238 0.0292427 0.173719 0.108172 0.000179684 0.00368591 0.000490232 0.000199092 0.00300685 0.0777887 0.0143177 0.00390933 0.0428302 0.135715 0.000458369 0.00203242 5.85431e-05 0.0900172 0.144006 0.0619336 
0.0388964 0.0097008 0.377065 0.0287349 0.000367618 0.000494784 0.000160886 0.000629815 0.00664468 0.0117295 0.00118451 0.00831891 0.0187683 0.0999449 0.00419417 0.00799015 0.00190149 0.149245 0.135084 0.0989441 
0.0777411 0.00587476 0.317754 0.079463 8.93478e-05 0.00502021 5.56369e-05 0.000880055 0.00673351 0.0172034 0.00142258 0.0225241 0.0212793 0.0742546 0.00364496 0.0280294 0.00189855 0.136521 0.0622851 0.137326 
0.0708078 0.0128571 0.26943 0.0690695 0.000675088 0.00643137 0.000251612 0.000699564 0.00532028 0.0259405 0.00357145 0.0210789 0.00701695 0.0615032 0.0154813 0.00371754 0.00996601 0.192374 0.140566 0.0832424 
0.0607461 0.0469476 0.218594 0.146945 0.000431506 0.00172877 4.10655e-05 0.000622538 0.00472211 0.0920356 0.0161833 0.0110548 0.0169585 0.0456143 0.00643582 0.00137218 0.00413425 0.121127 0.0769643 0.127341 
