0.0216798 0.0254938 0.212068 0.236366 1.06407e-05 0.0163245 4.82815e-07 0.000191261 0.000866161 0.00617485 0.000277939 0.0115866 0.0392175 0.17168 0.000206686 0.00792991 4.14896e-06 0.105502 0.0429603 0.10146 
0.132696 0.207166 0.0581042 0.411226 0.000134073 0.00318826 0.000269387 0.000743518 0.0145392 0.00892833 0.00535485 0.0103404 0.00728664 0.023647 0.000899184 0.00567066 0.00232356 0.0373782 0.056571 0.013533 
0.0400437 0.138097 0.0702746 0.201942 8.27869e-05 0.00120138 0.000251381 0.000240818 0.0136769 0.0978434 0.00661529 0.0376562 0.0288486 0.0438429 0.00181427 0.000179568 0.00950541 0.0828686 0.157802 0.0672131 
0.227458 0.0441704 0.087997 0.314101 0.00419252 0.00737978 0.0006981 0.000926452 0.00262597 0.0161855 0.00249609 0.0188035 0.020154 0.0493871 0.0156297 0.00607052 0.00371555 0.112949 0.0457541 0.0193056 
0.0336264 0.00996159 0.153435 0.394827 2.93377e-05 0.00725089 3.98132e-05 0.000626686 0.00657871 0.0831608 0.00714294 0.0115681 0.0361879 0.00703323 0.0019522 0.000751796 0.00909737 0.153184 0.0236028 0.059944 
0.157293 0.0156625 0.132776 0.427398 0.000615266 0.00056406 0.000773508 0.000881016 0.00147819 0.0214659 0.00103568 0.0351318 0.026689 0.0388537 0.00242572 0.000854085 0.00118404 0.0773565 0.0354882 0.022074 
0.143544 0.0123088 0.169308 0.202606 3.71545e-05 0.0117982 6.11555e-05 0.000844653 0.00831718 0.0259161 0.00237236 0.026469 0.0203575 0.0931012 0.00386678 0.0189777 0.00492731 0.0991627 0.0546856 0.101339 
0.0574882 0.0693924 0.11817 0.221373 5.52674e-05 0.00816773 0.000499737 0.000806411 0.00590589 0.0883351 0.00999952 0.0139485 0.0371081 0.0338878 0.00995268 0.00582785 0.00478656 0.165466 0.0567585 0.0920716 
0.0874535 0.0225711 0.0684548 0.199903 7.53531e-05 0.00914994 0.000153118 0.000729825 0.0104447 0.152715 0.00626713 0.0173272 0.0262994 0.0799032 0.00710893 0.0146195 0.00207908 0.165567 0.0659184 0.06326 
0.110376 0.00905114 0.141776 0.162737 4.09995e-05 0.00334185 0.000544029 0.00386001 0.0073403 0.106376 0.072923 0.00488322 0.0172192 0.0370851 0.00112173 0.000464907 0.0212239 0.158302 0.0405189 0.100815 
0.0935703 0.025317 0.100656 0.251168 0.00010839 0.00636274 0.000113273 0.00174986 0.00215514 0.031747 0.000807112 0.0263752 0.016661 0.0617776 0.00154821 0.00498375 0.000571025 0.17931 0.076717 0.118302 
0.0459572 0.0172368 0.151388 0.210698 0.000265996 0.0109386 0.000127131 0.000222951 0.0477498 0.067775 0.007581 0.0222112 0.0345727 0.0311399 0.00645582 0.00191269 0.0146552 0.150734 0.0965913 0.0817868 
0.0600988 0.11051 0.0549698 0.187223 4.35242e-05 0.00257673 6.6912e-05 0.000439974 0.00790682 0.100735 0.000488655 0.00771186 0.0240351 0.128102 0.000986883 0.0163264 2.25473e-05 0.0811274 0.0336004 0.183029 
0.0336649 0.0184717 0.0852343 0.253881 0.000169727 0.00387466 0.00033609 0.00103778 0.00525144 0.119757 0.0135443 0.00970425 0.030947 0.0239711 0.0023461 0.00426477 0.0592531 0.210503 0.0849538 0.0388332 
0.178186 0.016043 0.100212 0.180744 0.000338528 0.0028298 0.000797703 0.000590189 0.00729253 0.0507469 0.0138062 0.0320382 0.0179915 0.0948887 0.00999329 0.00606199 0.00595554 0.150102 0.0333778 0.0980048 
0.0102191 0.0190415 0.0994697 0.45177 1.19689e-05 0.00408712 0.000483525 0.00474083 0.00449387 0.0106463 0.00637686 0.0470317 0.0523125 0.12378 0.00134342 0.00396679 0.00142544 0.0715311 0.0453705 0.0418974 
0.0229614 0.0949721 0.0622718 0.365922 0.00104716 0.00136916 0.000128633 0.000155017 0.00181188 0.0195851 0.000296796 0.00937371 0.273612 0.0197484 0.000222327 0.000632542 0.000165674 0.0620212 0.0188601 0.0448431 
0.245161 0.00344161 0.0267063 0.355163 3.94568e-05 0.000224961 1.3989e-07 0.000331029 0.000984435 0.0368466 0.00471084 0.00103093 0.00296905 0.0761472 0.0171531 0.00770114 0.000107706 0.165656 0.0521974 0.00342791 
0.103209 0.0399121 0.113111 0.288083 0.00136635 0.00586746 0.000570993 0.000694074 0.00791434 0.0238635 0.00196553 0.0253977 0.0180658 0.0388447 0.000470247 0.00788053 0.00378779 0.200011 0.0561012 0.0628842 
0.108468 0.0225964 0.167986 0.176856 0.000133364 0.00575328 0.000431447 0.000639964 0.00585015 0.022765 0.0115071 0.0752869 0.0142868 0.0558124 0.00136385 0.00814576 0.00147479 0.141411 0.034404 0.144828 
0.15211 0.00388848 0.0678029 0.304487 0.00040366 0.00532703 1.06921e-05 7.17151e-05 0.280535 0.0197022 0.00363859 0.00499023 0.0143313 0.0102594 0.00440606 0.000416712 0.00189474 0.0962289 0.0115635 0.0179326 
0.14305 0.00542454 0.0725567 0.511783 0.00082402 0.000207125 4.34352e-06 3.0217e-05 0.000244352 0.00654962 0.000119496 0.00742416 0.0059311 0.0167083 0.000218717 0.000679017 1.13965e-05 0.134839 0.021035 0.0723605 
0.0652013 0.0179003 0.120415 0.223384 0.000315814 0.0121672 0.00110923 0.000416384 0.0134502 0.0737228 0.0082202 0.0224894 0.037133 0.0483495 0.00449808 0.00383411 0.0138908 0.189096 0.0617093 0.0826969 
0.0903194 0.0114157 0.181571 0.185862 0.00100051 0.00260018 0.000122934 0.0199074 0.00139438 0.0171817 0.000997826 0.020036 0.0337449 0.0747424 0.00874117 0.00995237 0.000215055 0.110045 0.0631201 0.167031 
0.211923 0.00993716 0.139802 0.298852 0.000685536 0.00560003 0.000557982 0.00390923 0.0087225 0.0120833 0.00755642 0.0211058 0.0193791 0.045479 0.00918797 0.00825542 0.000235993 0.144836 0.0320781 0.0198128 
0.057828 0.0577621 0.151455 0.22401 0.00125175 0.0100204 0.00068901 0.00050229 0.00316581 0.0188247 0.00238376 0.00727223 0.110333 0.0313047 0.0325211 0.0223642 0.0121071 0.162818 0.0452823 0.0481049 
0.208165 0.0214166 0.0524522 0.300743 0.000283489 0.0016622 0.000447432 0.000512994 0.00263337 0.0365753 0.00236585 0.00873298 0.0113595 0.0855359 0.00537138 0.00628956 0.0046174 0.0983832 0.124036 0.0284174 
0.0292048 0.15188 0.12535 0.195317 0.000208729 0.00340018 0.000249483 0.000327446 0.00157795 0.054274 0.00246324 0.0132567 0.0488468 0.03063 0.000698339 0.00261915 0.00225543 0.116025 0.164704 0.0567122 
0.0305424 0.0210611 0.183172 0.193638 0.000135857 0.0042838 8.38367e-05 0.000533548 0.00755268 0.0131562 0.00107834 0.0151949 0.0340066 0.0593514 0.00104911 0.00264764 0.00134036 0.189428 0.0569049 0.184839 
0.0729119 0.0290882 0.0776801 0.30342 0.000124197 0.00655841 0.000294748 0.000733194 0.0116576 0.074227 0.00553716 0.0275109 0.0498734 0.0440661 0.0319405 0.00198558 0.00232314 0.103501 0.0230024 0.133565 
0.225766 0.0230051 0.0814222 0.322244 6.49904e-05 0.00193516 0.000109263 0.000334546 0.00253201 0.07346 0.00770394 0.00169317 0.0131451 0.0331306 0.00227901 0.000680914 0.00429131 0.183359 0.0123729 0.0104706 
0.0526828 0.0133977 0.113715 0.557937 9.23699e-05 0.0073073 9.04333e-05 0.000120299 0.000904382 0.00251452 5.52916e-05 0.00167449 0.0252407 0.0564164 0.00078333 0.00391461 1.23861e-06 0.0438101 0.0573731 0.0619689 
0.0360966 0.0131297 0.148004 0.357809 0.000309044 0.0071872 0.00013593 0.00112113 0.00867346 0.0825097 0.00928298 0.0197285 0.0307873 0.0142049 0.0042547 0.00113931 0.0175853 0.156944 0.0279588 0.0631385 
0.246065 0.0123015 0.0662525 0.462795 0.000779559 0.00073493 0.000197321 0.00113584 0.00274296 0.0272963 0.0015483 0.0125749 0.0090029 0.0347149 0.00391194 0.00136107 0.000467378 0.0353096 0.0259237 0.0548842 
0.0866774 0.0262358 0.121295 0.312723 0.000379409 0.00202371 0.000747518 0.00287568 0.00894899 0.0339773 0.00294125 0.0156597 0.0539949 0.0382849 0.0207082 0.0263315 0.00832525 0.155578 0.0352556 0.0470374 
0.0643096 0.0154438 0.217944 0.250065 0.000287859 0.00288669 9.87935e-06 0.000338722 0.00737839 0.018728 0.0032927 0.0221954 0.00483688 0.0378244 0.00252466 0.00145725 0.00014102 0.158145 0.0186806 0.17351 
0.129619 0.00730391 0.0821228 0.363941 0.00025601 0.00618814 6.15993e-05 0.000216606 0.00736413 0.0491128 0.000550024 0.00903346 0.00496191 0.034812 0.00447103 0.0011623 0.000180674 0.186803 0.0299225 0.0819175 
0.102442 0.178253 0.0960406 0.1792 0.000176292 0.0127092 0.00292489 0.000471166 0.0042689 0.0590554 0.00178377 0.0239797 0.0505338 0.065899 0.0055276 0.0133642 0.00510142 0.079097 0.0539332 0.0652382 
0.150032 0.123762 0.0337386 0.42436 0.000148166 0.00134531 2.5209e-06 6.88601e-05 0.000500039 0.088042 0.000577681 0.00218304 0.0112144 0.0350696 0.000776395 0.000912552 0.00340996 0.0763574 0.0230127 0.0244866 
0.113521 0.163857 0.140811 0.170025 0.000115863 0.00681662 0.000342661 0.000412482 0.00740153 0.0465952 0.00234237 0.0175648 0.0156493 0.0584697 0.00421704 0.0122548 0.00323881 0.131347 0.0586308 0.0463866 
0.027078 0.0342086 0.179196 0.232476 9.556e-05 0.0438233 0.000181426 0.000770203 0.0101303 0.0889395 0.00358031 0.0238193 0.0300098 0.0399304 0.003967 0.00587848 0.00432187 0.101538 0.0393938 0.130663 
0.0513252 0.017044 0.0922792 0.559388 0.0005067 0.0130656 0.000152492 0.000797795 0.00109578 0.0412997 0.001429 0.0102251 0.00442755 0.0348534 0.0011111 0.00541509 5.32861e-05 0.11461 0.0191222 0.0317988 
0.0816149 0.0168655 0.0955747 0.377514 0.0117403 0.00570648 0.00206036 0.00477015 0.00199471 0.0443733 0.00249286 0.0205616 0.0434612 0.0406603 0.00510894 0.00286573 0.00376821 0.115887 0.061374 0.0616057 
0.180177 0.0186443 0.142286 0.183994 0.000195913 0.00321033 0.000140834 0.00406751 0.00507108 0.0486298 0.00241594 0.0230936 0.0171461 0.0912038 0.00395517 0.00481363 0.000217026 0.100686 0.051079 0.118973 
0.13655 0.0273819 0.148735 0.399554 0.000273135 0.0103679 0.000320279 0.000345771 0.0037959 0.0291698 0.00543245 0.00657607 0.0129788 0.0265791 0.00700716 0.00205155 0.00242413 0.141917 0.0245341 0.0140057 
0.0130552 0.0211409 0.148585 0.214938 0.000266921 0.00603533 0.000175231 0.000567259 0.00938961 0.0894719 0.00775472 0.0223147 0.0197886 0.0141389 0.00331056 0.00117434 0.0599179 0.138812 0.0871251 0.142038 
0.0943454 0.00864718 0.162004 0.243664 0.000171038 0.00207823 0.000538704 0.00193185 0.00733717 0.0187698 0.00400695 0.0444012 0.0243468 0.0497553 0.00625278 0.00766913 0.000614616 0.207645 0.0595269 0.0562941 
0.0745242 0.0292159 0.0452842 0.305866 5.21856e-05 0.022721 0.000169248 0.00104641 0.0110425 0.0714351 0.0112788 0.0269963 0.0147087 0.0717055 0.00177826 0.00212022 0.00254971 0.121966 0.0194504 0.166089 
0.0442225 0.00705065 0.037268 0.254129 2.18808e-05 0.00714292 8.04623e-05 9.45237e-05 0.0661812 0.154985 0.00967222 0.0433861 0.0220069 0.0476909 0.00206878 0.000973636 0.0422976 0.0886825 0.0353429 0.136702 
0.163336 0.0114228 0.0856964 0.263492 0.000891472 0.00362772 0.00134324 0.00013595 0.0186016 0.0240227 0.00985332 0.0214415 0.0136201 0.0416587 0.0165019 0.00198949 5.55744e-05 0.232308 0.0443121 0.0456886 
0.0310859 0.113395 0.170696 0.31036 0.000342457 0.0254491 0.000556241 0.000929599 0.00823331 0.0388725 0.00600356 0.0276474 0.0186516 0.0445914 0.00462656 0.00788768 0.00596331 0.117221 0.0262746 0.0412124 
0.0565411 0.020598 0.169773 0.334924 0.000206339 0.0161799 0.000113441 0.00084696 0.00541194 0.0566512 0.00114544 0.0195882 0.00544628 0.0282745 0.000778528 0.0129355 0.00614535 0.191221 0.0434072 0.0298122 
0.138705 0.0344546 0.113625 0.146977 0.000103178 0.0101956 6.26287e-05 0.00342836 0.00826025 0.030204 0.000485811 0.0141202 0.024937 0.0835966 0.00500262 0.0512513 0.00045581 0.105723 0.131715 0.0966979 
0.0687816 0.0212786 0.163496 0.263793 0.000320027 0.00669183 0.000349051 0.00120144 0.00302563 0.0231079 0.00341034 0.0740917 0.00695531 0.0430914 0.00826483 0.00475411 0.00745446 0.195869 0.0213352 0.0827293 
0.107549 0.0130355 0.186668 0.247904 0.000610912 0.00560057 0.000279917 0.000967152 0.00595388 0.023759 0.00315439 0.014294 0.00285637 0.0560666 0.00502847 0.0063975 0.0161563 0.222485 0.0350218 0.0462118 
0.0424682 0.023558 0.110846 0.247402 0.000214886 0.00491277 0.000425571 0.00132167 0.00654956 0.101641 0.0171627 0.012519 0.0392324 0.0311194 0.00297153 0.00541215 0.0750647 0.157002 0.0694199 0.0507572 
0.162979 0.0115253 0.150595 0.187841 2.27461e-06 0.0151435 3.66647e-05 0.000413881 0.00303492 0.0877388 0.00560431 0.00750786 0.11686 0.0143791 0.00170668 0.00837668 0.000548518 0.117552 0.0754384 0.0327159 
0.191196 0.0133963 0.065661 0.34044 0.000201656 0.00288077 1.37084e-05 0.000189934 0.00397933 0.0442435 0.00107823 0.0187541 0.00807931 0.0353077 0.00317586 0.0090448 0.00123791 0.195641 0.0223254 0.043154 
0.190655 0.00531484 0.079473 0.298119 0.00534173 0.00254315 2.67273e-05 0.000125994 0.00144921 0.0261033 0.000958059 0.00920601 0.00653233 0.0339387 0.0127716 0.00720951 0.0430998 0.233912 0.0183716 0.0248483 
0.21045 0.0110136 0.0634822 0.213096 0.000332295 0.0117399 3.95458e-05 0.000219097 0.00583917 0.0357157 0.00688895 0.0104398 0.0156216 0.0610689 0.00194784 0.00453622 0.00418473 0.14874 0.0445318 0.150112 
0.0591513 0.0189785 0.068579 0.481963 0.000585819 0.0302062 0.000404596 0.000350836 0.011024 0.00722038 0.000428581 0.00685181 0.0607719 0.0319545 0.00102776 0.00863376 0.000193521 0.0776481 0.0240316 0.109995 
0.126422 0.0147868 0.0457531 0.340721 0.0407009 0.0151719 1.8644e-07 0.000455667 0.000482399 0.0175414 0.000115606 0.146271 0.0608212 0.134224 1.05347e-05 0.00294012 2.63635e-06 0.0277723 0.0196362 0.00617111 
0.125349 0.0495703 0.0380858 0.220044 0.00769701 0.00573148 0.0110132 0.000297549 0.0054642 0.202918 0.0044984 0.0107138 0.0687839 0.0280793 0.00140575 0.00185569 0.0220824 0.0666917 0.0361343 0.093584 
0.0736582 0.0460461 0.180777 0.185457 0.000221564 0.00363833 0.000208948 0.00175497 0.0101934 0.142489 0.00183019 0.018421 0.040837 0.0723455 0.00105008 0.00661743 0.00192148 0.0624999 0.0778784 0.0721541 
0.033553 0.036274 0.0505808 0.27366 2.86476e-05 0.235245 0.000680699 0.00213268 0.0126189 0.069208 0.0102629 0.0125513 0.0329607 0.0691578 0.00594662 0.00474068 0.0136268 0.0735398 0.0350901 0.0281412 
0.159993 0.0269676 0.0973366 0.294492 0.00665509 0.0051152 0.000640584 0.00121079 0.00594737 0.0365994 0.00551922 0.0100687 0.0363808 0.0424306 0.0044692 0.00621341 0.0032404 0.16265 0.0381003 0.0559699 
0.0549858 0.0339112 0.146974 0.307743 0.000205934 0.00714576 0.000257717 0.000344435 0.00583338 0.0406207 0.0041874 0.0219178 0.0189091 0.0383764 0.00261809 0.00522629 0.00136297 0.110686 0.0355102 0.163184 
0.0400437 0.138097 0.0702746 0.201942 8.27869e-05 0.00120138 0.000251381 0.000240818 0.0136769 0.0978434 0.00661529 0.0376562 0.0288486 0.0438429 0.00181427 0.000179568 0.00950541 0.0828686 0.157802 0.0672131 
0.34199 0.0137088 0.0295332 0.350789 0.0016747 0.00298684 0.0018758 0.000498423 0.00432882 0.019687 0.00316866 0.0142887 0.00838517 0.0370966 0.00440174 0.00563827 0.000772499 0.0676869 0.0291723 0.0623167 
0.0316708 0.0299346 0.135074 0.178441 0.000562044 0.0138378 0.00181108 0.0003461 0.0096015 0.0935491 0.0328812 0.0110595 0.0422487 0.115469 0.00251491 0.00375158 0.029686 0.108435 0.0926891 0.0664377 
0.0440238 0.039266 0.131993 0.202304 0.000307734 0.0124525 0.000175867 0.000490134 0.00755296 0.118583 0.0070638 0.068835 0.0457294 0.0328153 0.00518996 0.00221913 0.0128627 0.0930956 0.0385493 0.136491 
0.0545586 0.0197044 0.0376018 0.374142 0.000169055 0.00338335 0.000318926 0.000539819 0.0489338 0.0889552 0.00707621 0.0171854 0.0221984 0.0499494 0.000855071 0.00182257 0.0311409 0.0932904 0.0701777 0.0779971 
0.13337 0.0287215 0.118252 0.18313 0.000253238 0.00467026 0.000467117 0.00182681 0.00877282 0.0541516 0.00756264 0.0257462 0.0289299 0.0937807 0.00483055 0.00957334 0.0140516 0.131036 0.104152 0.0467209 
0.0443418 0.120392 0.152235 0.241924 0.00044961 0.000996353 0.00016131 0.000606824 0.00419135 0.0620731 0.00057329 0.0137045 0.117223 0.0867553 0.000145956 0.00623686 0.00024074 0.0470019 0.0638754 0.0368722 
0.115576 0.0115175 0.175563 0.318832 9.03902e-05 0.00232007 0.000838726 0.00169493 0.010489 0.0232794 0.00552158 0.060822 0.0340255 0.0514633 0.00401807 0.0103833 0.00023061 0.0822965 0.0308198 0.0602177 
0.211923 0.00993716 0.139802 0.298852 0.000685536 0.00560003 0.000557982 0.00390923 0.0087225 0.0120833 0.00755642 0.0211058 0.0193791 0.045479 0.00918797 0.00825542 0.000235993 0.144836 0.0320781 0.0198128 
0.215375 0.0640617 0.112492 0.225971 0.00124958 0.00263792 0.00129872 0.000111737 0.00137707 0.0292051 0.000992821 0.0112492 0.00968154 0.0552639 0.0101978 0.0184715 0.0156785 0.146239 0.0374221 0.0410241 
0.0783794 0.04862 0.0627489 0.29522 0.048403 0.0122866 0.00024326 0.00409729 0.0105781 0.0650834 0.0413349 0.00965063 0.0418391 0.0422855 0.00341144 0.00262405 0.0102531 0.0988094 0.0658349 0.0582971 
0.0252236 0.017967 0.231477 0.2428 5.68879e-05 0.0056947 0.000323413 0.00128091 0.00293781 0.0158306 0.00498063 0.0680088 0.0306981 0.19636 0.000280899 0.00491636 0.000198478 0.0335435 0.0488294 0.0685917 
0.044663 0.0923285 0.0835792 0.231845 0.000143683 0.0107196 0.000253511 0.000322906 0.0217074 0.117878 0.00637703 0.0245961 0.0423268 0.0923524 0.00580378 0.00522914 0.0113707 0.0599452 0.0493289 0.0992289 
0.0725286 0.106965 0.114344 0.262156 0.000588481 0.0191982 0.000207458 0.000530365 0.0117935 0.0704926 0.00819949 0.0286949 0.0248673 0.03935 0.0127114 0.0035481 0.0234215 0.131058 0.0419621 0.0273834 
0.215273 0.0127951 0.167094 0.388381 0.0011371 0.00233726 3.1804e-05 7.78303e-05 0.00462788 0.0065207 0.000301857 0.00209986 0.0137799 0.0283004 0.00385961 0.00169148 0.00018186 0.112353 0.0194149 0.0197413 
0.0475378 0.00490235 0.113025 0.333233 0.000234227 0.00292265 0.000107294 0.00111755 0.00126846 0.0237411 0.0065643 0.00679296 0.0239819 0.030609 0.00159309 0.00109563 0.0103999 0.287433 0.0595441 0.0438969 
0.0788246 0.0874464 0.0844199 0.342859 0.000108531 0.00763445 0.000159353 0.00029574 0.00732756 0.0282625 0.000750014 0.0126218 0.00790913 0.00817599 0.000269369 0.00186523 0.000907581 0.297738 0.0243311 0.00809343 
0.174866 0.0242906 0.107583 0.198098 0.00117865 0.00537697 5.23592e-05 0.000671112 0.00205109 0.0512543 0.000335146 0.0139846 0.0670743 0.0372989 0.022737 0.00954534 0.00524175 0.124126 0.112418 0.041817 
0.0360966 0.0131297 0.148004 0.357809 0.000309044 0.0071872 0.00013593 0.00112113 0.00867346 0.0825097 0.00928298 0.0197285 0.0307873 0.0142049 0.0042547 0.00113931 0.0175853 0.156944 0.0279588 0.0631385 
0.0300886 0.123986 0.185501 0.272672 8.11988e-05 0.00288084 0.000138601 0.000592758 0.00304668 0.059013 0.00739243 0.0172556 0.0429475 0.0259519 0.00010765 0.00137972 0.000738754 0.0459806 0.0231954 0.157049 
0.158336 0.0308912 0.176435 0.187571 0.000178026 0.00658685 0.00019682 0.000385472 0.00819777 0.0284512 0.000935473 0.0204212 0.0125285 0.0867798 0.00284908 0.0207058 0.000172932 0.183189 0.0268731 0.0483161 
0.0453969 0.104237 0.15029 0.307729 5.03338e-05 0.00833808 3.36905e-05 0.000175177 0.0027831 0.0796068 0.00558755 0.0107988 0.0437748 0.0386511 0.00719804 0.00529312 0.00205216 0.089367 0.024543 0.0740942 
0.0633819 0.0393009 0.197237 0.209287 0.000199077 0.0090007 0.000360322 0.000469238 0.0102282 0.0378723 0.0070723 0.0259102 0.0166056 0.0538751 0.00334322 0.00832594 0.00138177 0.188345 0.0556525 0.0721526 
0.17713 0.0104038 0.0759244 0.204287 0.00203671 0.00122813 1.05898e-05 0.000386123 0.00145194 0.043094 0.00750992 0.00987569 0.0100162 0.191467 0.00585875 0.0070136 9.61096e-05 0.195505 0.0368981 0.019808 
0.190655 0.00531484 0.079473 0.298119 0.00534173 0.00254315 2.67273e-05 0.000125994 0.00144921 0.0261033 0.000958059 0.00920601 0.00653233 0.0339387 0.0127716 0.00720951 0.0430998 0.233912 0.0183716 0.0248483 
0.0320406 0.021645 0.0893012 0.369285 1.44163e-05 0.00994668 0.000201706 0.00593566 0.00335588 0.0216305 0.00839022 0.0819983 0.0370505 0.134693 0.00278378 0.00632047 0.0044465 0.102637 0.0320467 0.0362764 
0.159324 0.026789 0.1282 0.283907 0.000236586 0.00303743 0.000151025 0.000552516 0.00690424 0.026455 0.00563218 0.0155207 0.0208131 0.055039 0.0264509 0.0137262 0.00160728 0.15243 0.0384289 0.0347952 
0.0538913 0.0102094 0.0617196 0.288993 5.01237e-05 0.0153924 5.4705e-05 0.000207408 0.0147129 0.0807916 0.00342616 0.00669166 0.0445836 0.0382393 0.00755787 0.0035906 0.00708044 0.1974 0.0879714 0.0774364 
0.0549506 0.0213957 0.0629625 0.232321 7.11327e-05 0.00987498 0.000230677 0.00100785 0.0144133 0.0862176 0.00802266 0.0981233 0.0326851 0.0829538 0.00180462 0.0205887 0.00835725 0.138353 0.0571982 0.0684686 
0.0513726 0.0802582 0.126998 0.434056 8.4002e-05 0.00561628 7.44903e-05 6.69262e-05 0.00477917 0.0303022 0.000786185 0.0359461 0.0621225 0.0135246 0.000680791 0.0314352 0.000184677 0.0605389 0.053888 0.0072855 
0.0199707 0.0125739 0.0404869 0.741801 0.00054371 0.000333578 9.42641e-05 0.000312828 0.000494184 0.00182781 0.000707937 0.0176654 0.0653522 0.0193385 3.79556e-05 0.000434132 0.000186177 0.00657473 0.00952616 0.0617378 
0.121682 0.135163 0.106615 0.151055 0.00115664 0.00611799 0.00061677 0.0021065 0.00580115 0.0427958 0.00642633 0.0262266 0.040089 0.0724109 0.0040576 0.0085363 0.0054305 0.105034 0.0712741 0.0874044 
0.132696 0.207166 0.0581042 0.411226 0.000134073 0.00318826 0.000269387 0.000743518 0.0145392 0.00892833 0.00535485 0.0103404 0.00728664 0.023647 0.000899184 0.00567066 0.00232356 0.0373782 0.056571 0.013533 
0.248135 0.0109328 0.0980532 0.429471 0.000595036 0.000312787 0.000104788 0.000428901 0.00137234 0.00966745 0.000567941 0.00475158 0.00590219 0.0197848 0.00425417 0.00106038 0.000225199 0.127324 0.0284918 0.00856438 
0.246065 0.0123015 0.0662525 0.462795 0.000779559 0.00073493 0.000197321 0.00113584 0.00274296 0.0272963 0.0015483 0.0125749 0.0090029 0.0347149 0.00391194 0.00136107 0.000467378 0.0353096 0.0259237 0.0548842 
0.216115 0.0790365 0.218358 0.224326 0.000185873 0.00252149 0.000165947 0.00030114 0.00740968 0.0175245 0.00104774 0.0122306 0.0314654 0.0331286 0.0198043 0.0235272 0.00785635 0.0614221 0.0188233 0.0247506 
0.100488 0.0379976 0.136309 0.509784 0.000216727 0.00917928 0.000167223 0.000130228 0.0140971 0.00838947 0.00118928 0.0143814 0.0161801 0.0121968 0.00224249 0.00180772 0.000240287 0.0977973 0.0182712 0.0189343 
0.064856 0.0160389 0.0881258 0.228925 0.000108556 0.00472001 0.000587531 0.000319111 0.0271791 0.0607102 0.00697439 0.0387897 0.0110598 0.0586524 0.00123158 0.00255216 0.00064315 0.188815 0.0502901 0.149422 
0.0792533 0.00981514 0.031173 0.576782 0.000121282 0.00330539 0.00293608 0.000412637 0.00161692 0.028703 0.00186192 0.0151171 0.0119921 0.0430241 0.00151991 0.00866236 0.000168732 0.0499632 0.0370179 0.0965536 
0.181213 0.00627076 0.0713366 0.358499 0.000140985 0.010452 7.36645e-05 0.000652251 0.00115548 0.0227594 0.00317248 0.0216143 0.0113034 0.0380795 0.000293301 0.000472038 0.00222015 0.0554409 0.0431154 0.171736 
0.178274 0.0218405 0.0631708 0.346708 0.000107613 0.00318432 0.00021029 0.00101568 0.0126639 0.0270986 0.00256022 0.0442808 0.020697 0.0600917 0.00696412 0.0062264 0.000315251 0.0914898 0.0421628 0.0709383 
0.0567216 0.0558387 0.0718444 0.368214 0.000295031 0.00966361 0.00017849 0.000568665 0.0109372 0.0585184 0.0028451 0.0135334 0.0175922 0.0265134 0.00380814 0.00261159 0.00470041 0.227167 0.0415488 0.0268998 
0.225731 0.0208471 0.118319 0.23798 0.000136173 0.00368052 0.000109393 0.000413591 0.0214178 0.0409226 0.000245915 0.00996902 0.00263695 0.108206 0.00634416 0.0102419 3.95347e-05 0.133308 0.0287354 0.0307171 
0.0626977 0.0677617 0.071284 0.281312 0.00024286 0.00556652 0.000380397 0.000396195 0.014304 0.12789 0.0133974 0.0172725 0.010951 0.0491128 0.0016817 0.00151249 0.00551153 0.138518 0.0337494 0.0964583 
0.246065 0.0123015 0.0662525 0.462795 0.000779559 0.00073493 0.000197321 0.00113584 0.00274296 0.0272963 0.0015483 0.0125749 0.0090029 0.0347149 0.00391194 0.00136107 0.000467378 0.0353096 0.0259237 0.0548842 
0.154298 0.0293139 0.149145 0.216465 0.00049625 0.0312497 2.16667e-05 0.000297878 0.00189907 0.00915652 0.000645489 0.06744 0.00975761 0.0625476 0.00292022 0.00862476 0.000378961 0.202829 0.0265032 0.0260102 
0.141027 0.0183347 0.0923632 0.314628 0.000146602 0.0116617 0.000118493 0.000366488 0.00604191 0.0406408 0.00438696 0.0246273 0.0129776 0.0562963 0.00371668 0.00748437 0.00352503 0.181282 0.0317583 0.0486161 
0.216717 0.0335141 0.0699737 0.321415 0.000965637 0.00420058 0.00142657 0.000338089 0.00766672 0.0131298 0.0012248 0.00382282 0.00812878 0.0323621 0.0192021 0.00387345 0.000440709 0.145412 0.012816 0.10337 
0.0979084 0.0154452 0.116 0.304406 0.000922228 0.000479924 0.000233553 0.000547356 0.000483845 0.0156926 0.00190236 0.0505646 0.0101952 0.128212 0.000232704 0.0325201 0.000259453 0.122281 0.0106603 0.0910526 
0.279555 0.00851453 0.0836373 0.283501 0.000423859 0.0026895 0.00159189 0.000176887 0.00278433 0.0290564 0.000437608 0.0163643 0.00604011 0.0428256 0.00860839 0.0142333 0.000331193 0.168791 0.0236942 0.0267438 
0.196623 0.014538 0.0367495 0.482776 9.83619e-05 0.00103035 9.25687e-06 0.000161175 0.00243691 0.0134102 0.000864378 0.00994642 0.0707739 0.0536859 4.67128e-07 0.00320898 5.71176e-06 0.048985 0.00781759 0.0568792 
0.208101 0.00866486 0.0349644 0.505772 0.00141032 0.00167697 1.12038e-05 7.18324e-05 0.00227896 0.0210653 0.000328352 0.00199372 0.00537135 0.0156651 0.00295933 0.00531596 0.000144027 0.143075 0.00883769 0.0322926 
0.108595 0.0115585 0.103078 0.258651 9.01717e-05 0.00722306 0.000619896 0.00533102 0.00985633 0.0206177 0.00908567 0.0440723 0.0154474 0.0854863 0.00814226 0.0147852 0.00147307 0.185616 0.0387782 0.071493 
0.0341863 0.0295819 0.119803 0.253067 0.000170614 0.00430374 0.000335981 0.0012748 0.00918065 0.095479 0.015925 0.0194884 0.0366858 0.037156 0.00242608 0.00557571 0.0597277 0.153174 0.0596767 0.0627819 
0.0878933 0.0559748 0.115228 0.306748 9.03311e-05 0.00769171 0.000112932 0.000579689 0.00350508 0.00927557 0.00105841 0.00854767 0.0878264 0.0257024 0.0037003 0.00829373 0.00441161 0.103121 0.145524 0.0247155 
0.0237626 0.0159152 0.110051 0.380381 0.000335344 0.00207839 0.000399707 0.000371809 0.00469072 0.00995107 0.00119226 0.0116767 0.0401888 0.103055 0.00118428 0.00282934 0.00187094 0.0919522 0.0339205 0.164192 
0.0242442 0.0244489 0.0425159 0.568814 0.000368584 0.00961946 0.000252311 0.000443202 0.0120458 0.0471995 0.00353358 0.00938945 0.0251856 0.0149654 0.00245698 0.012175 0.00757807 0.0993776 0.0241609 0.0712252 
0.214935 0.0305195 0.069731 0.24944 7.96642e-05 0.00329499 9.51289e-05 0.000368948 0.0192769 0.119575 0.00684039 0.0194828 0.0212893 0.0390213 0.0081902 0.000474025 0.0176318 0.0506015 0.0617846 0.067368 
0.0960302 0.0177883 0.162915 0.223166 0.000454978 0.00575765 0.000111934 0.00118119 0.00732027 0.0319074 0.00737934 0.0226686 0.0379723 0.0715064 0.00251557 0.00692169 0.0191547 0.213421 0.0415537 0.030274 
0.110058 0.0138917 0.0945385 0.208144 1.32852e-05 0.00848263 0.000134073 5.97316e-05 0.131502 0.0231474 0.00133727 0.00251088 0.0662849 0.0336962 0.000342159 0.0146934 2.86077e-05 0.0268324 0.183153 0.0811495 
0.0563554 0.0385427 0.0896743 0.180066 0.000151426 0.0208632 0.000301177 0.000414393 0.0126801 0.0490692 0.00399999 0.016062 0.0396698 0.0745389 0.00614554 0.00471352 0.0311449 0.147411 0.109149 0.119048 
0.0682959 0.0242871 0.108326 0.198464 0.0228288 0.00514733 0.00511742 0.000321583 0.00386307 0.0643918 0.00306246 0.0116593 0.0899744 0.0334471 0.00847812 0.00782614 0.0176578 0.105334 0.154967 0.0665502 
0.0199707 0.0125739 0.0404869 0.741801 0.00054371 0.000333578 9.42641e-05 0.000312828 0.000494184 0.00182781 0.000707937 0.0176654 0.0653522 0.0193385 3.79556e-05 0.000434132 0.000186177 0.00657473 0.00952616 0.0617378 
0.151684 0.0505452 0.0945667 0.188908 4.56377e-05 0.000383032 0.00145134 0.000710937 0.0016389 0.0126164 0.000308351 0.0271038 0.14507 0.0640888 0.00128481 0.00739614 0.0843814 0.0903004 0.053494 0.0240222 
0.0526976 0.176385 0.0724989 0.224423 0.0634157 0.00749377 0.000225816 0.00683514 0.0109201 0.0300596 0.036688 0.010398 0.0282477 0.0355609 0.00167775 0.00213099 0.00204928 0.121639 0.0804205 0.0362343 
0.0433414 0.0348386 0.226478 0.233244 0.000130945 0.00498454 0.000365454 0.000764096 0.0054675 0.0142336 0.00472748 0.0236015 0.0067074 0.0665762 0.00230416 0.00886361 0.00131263 0.15315 0.0359947 0.132915 
0.15804 0.0226862 0.15689 0.185335 0.000134087 0.00846281 0.000213178 6.71654e-05 0.00441314 0.00632347 0.000723455 0.0137628 0.0877688 0.132619 0.00074666 0.000993567 9.17258e-05 0.0900263 0.113392 0.0173098 
0.0228387 0.0852884 0.0830745 0.456501 0.000412348 0.0102517 0.000263573 0.000305863 0.0060976 0.0232527 0.00456238 0.0217927 0.0149418 0.0311093 0.00175573 0.00272426 0.000192376 0.0513409 0.0216912 0.161603 
0.246065 0.0123015 0.0662525 0.462795 0.000779559 0.00073493 0.000197321 0.00113584 0.00274296 0.0272963 0.0015483 0.0125749 0.0090029 0.0347149 0.00391194 0.00136107 0.000467378 0.0353096 0.0259237 0.0548842 
0.0193357 0.00972345 0.216076 0.236706 0.000192027 0.00268883 0.000380372 0.00171259 0.00401526 0.00735437 0.00231891 0.0333794 0.0744509 0.123109 0.00113816 0.00149513 0.0228108 0.0747176 0.0888327 0.0795631 
0.0122349 0.0107224 0.133759 0.336396 5.18057e-05 0.00224018 0.000240455 0.00959833 0.00284277 0.00469261 0.00345133 0.0302892 0.135599 0.0937363 0.000632496 0.00350107 0.00274158 0.0711405 0.0351195 0.11101 
0.155142 0.0501134 0.178081 0.203963 0.000625846 0.00349402 0.000584336 0.0032166 0.00548717 0.0264327 0.00451252 0.0155605 0.0286855 0.0474122 0.00489291 0.00493208 0.000582572 0.194692 0.0362048 0.0353854 
0.0751439 0.0262654 0.173767 0.191211 0.000265125 0.011854 0.000158334 0.00138862 0.00352959 0.0564394 0.00346435 0.0476554 0.025496 0.0631497 0.00491921 0.0116942 0.00670949 0.157073 0.0658415 0.0739748 
0.216009 0.0231495 0.0643304 0.275475 0.00042455 0.00307954 9.70457e-05 0.000283256 0.01041 0.0209125 0.000753143 0.0066886 0.043196 0.0721393 0.00156467 0.00101379 5.97032e-05 0.169668 0.0517291 0.0390165 
0.145185 0.0502424 0.0985396 0.318611 0.000159474 0.00369924 6.33791e-05 0.000675731 0.00419067 0.0249396 0.000620329 0.00632926 0.0565287 0.0625219 0.00193984 0.00317274 0.00610506 0.075715 0.0635259 0.0772353 
0.0716866 0.0415822 0.105691 0.150212 0.000195456 0.0048787 0.000193762 0.00662475 0.0309614 0.123978 0.0154788 0.0308375 0.0357022 0.0610544 0.00830623 0.0118699 0.0155272 0.113154 0.107775 0.0642913 
0.0961348 0.012892 0.0664514 0.580279 0.0253653 0.00718046 0.000418652 0.00194334 0.00407097 0.022929 0.00216108 0.00864727 0.0185712 0.0328075 0.00299624 0.00382243 0.000180052 0.0648759 0.0174735 0.0307997 
0.100272 0.146743 0.116607 0.251554 1.87292e-05 0.0079621 4.54119e-05 0.00306916 0.00691764 0.0310877 0.0125594 0.0668479 0.0418105 0.0630424 0.00387992 0.00759264 0.0102546 0.0899964 0.0228409 0.0168988 
0.143735 0.0518568 0.134456 0.244412 0.000861413 0.00190297 6.00104e-05 9.54623e-05 0.00253171 0.027105 0.00885095 0.00865522 0.0561229 0.0329506 0.00522132 0.00162119 0.00193029 0.190866 0.0340263 0.0527394 
0.0648293 0.0130904 0.133416 0.208645 0.000110325 0.00483155 0.000898594 0.000284115 0.0101082 0.0435403 0.0162474 0.0383869 0.0251147 0.0571198 0.00481345 0.0047637 0.00191666 0.206018 0.0339617 0.131904 
0.0267427 0.0195167 0.211612 0.226651 5.50459e-05 0.00790893 0.000274615 0.00121608 0.00481758 0.0109214 0.00600617 0.0613705 0.0285415 0.156011 0.00041251 0.00813549 0.0103241 0.0553494 0.0339192 0.130214 
0.198691 0.018395 0.0681501 0.245362 0.000150668 0.00445065 0.00125606 0.000512661 0.00912071 0.0496428 0.0234789 0.0208174 0.0120051 0.0764358 0.00275185 0.0147613 0.0323231 0.121427 0.0437433 0.0565238 
0.0829272 0.0281692 0.149802 0.178951 9.86441e-05 0.00579254 0.000166603 0.00101831 0.0214616 0.0621795 0.00475526 0.0323817 0.0481416 0.115618 0.000925257 0.00633876 6.66693e-05 0.104703 0.0334826 0.12302 
0.195354 0.0117365 0.0864871 0.450566 0.00127126 0.00190189 0.000444407 0.000672835 0.00357946 0.0139751 0.00868736 0.0185069 0.0184485 0.0379194 0.00556381 0.0181828 0.00153337 0.0558139 0.0239 0.0454554 
0.122942 0.0200554 0.11355 0.247833 0.000545143 0.0040573 0.000452137 0.00160361 0.00434357 0.0882508 0.000316953 0.0201897 0.0197987 0.0464065 0.00647988 0.00285401 0.000362501 0.089424 0.0276039 0.182931 
0.151684 0.0505452 0.0945667 0.188908 4.56377e-05 0.000383032 0.00145134 0.000710937 0.0016389 0.0126164 0.000308351 0.0271038 0.14507 0.0640888 0.00128481 0.00739614 0.0843814 0.0903004 0.053494 0.0240222 
0.125265 0.0219891 0.0870177 0.246074 0.000119511 0.00102632 4.64802e-05 0.000351235 0.0133871 0.205622 0.000579757 0.00885443 0.0191357 0.0232297 0.00166915 0.0034026 0.00251965 0.0956516 0.0212701 0.122789 
0.0250942 0.0199341 0.0676465 0.728302 7.22197e-05 0.00612495 6.92299e-05 0.000136344 0.000418058 0.00534062 0.000337894 0.00493505 0.0241353 0.0205442 0.000461335 0.00263167 9.21962e-06 0.0434131 0.01345 0.0369439 
0.0667558 0.0158226 0.195043 0.20765 0.000158999 0.00344578 0.00145109 0.000316025 0.00481485 0.025485 0.00157167 0.0144133 0.0281836 0.0574994 0.0088864 0.00842001 0.00259398 0.160175 0.062845 0.134469 
0.0280614 0.0267773 0.184953 0.319628 2.28192e-05 0.00662143 3.09672e-05 0.000946917 0.0104128 0.0832802 0.00623977 0.0124758 0.0326525 0.0186 0.00174877 0.00199634 0.00736682 0.151637 0.0224846 0.0840635 
0.202395 0.0215424 0.0494074 0.254319 0.000252942 0.00106395 0.00132999 0.00417427 0.0107798 0.0839062 0.00137809 0.0176447 0.0442049 0.0554897 0.000724819 0.00301621 0.00618192 0.125564 0.0196726 0.096951 
0.0130552 0.0211409 0.148585 0.214938 0.000266921 0.00603533 0.000175231 0.000567259 0.00938961 0.0894719 0.00775472 0.0223147 0.0197886 0.0141389 0.00331056 0.00117434 0.0599179 0.138812 0.0871251 0.142038 
0.0518989 0.0351666 0.122031 0.434024 0.00122507 0.00580264 0.000176341 0.00123709 0.0036384 0.0283419 0.000742959 0.00809936 0.0258067 0.0591077 0.00704602 0.00200981 0.0010461 0.102422 0.0483198 0.0618582 
0.0469148 0.0333057 0.103361 0.202835 0.000183801 0.00340123 0.000278095 0.00403138 0.00692344 0.183725 0.0098341 0.0132732 0.0289403 0.047778 0.00249898 0.0047828 0.0416633 0.103607 0.0779066 0.0847567 
0.103448 0.0280744 0.0808915 0.31422 2.01944e-05 0.0115128 0.000456553 0.000568068 0.00700273 0.0810039 0.00788019 0.0279039 0.013581 0.0581307 0.013882 0.0160699 0.0125082 0.14427 0.0409985 0.0375775 
0.0599594 0.179608 0.102712 0.190791 2.5151e-05 0.0182057 0.000203228 0.00365541 0.00489699 0.0787535 0.00259274 0.0102013 0.102834 0.0464522 0.000731113 0.00492492 0.00711178 0.0413768 0.0391171 0.105848 
0.0621117 0.0196162 0.0521176 0.654917 0.00136909 0.00108308 3.23315e-05 0.000295468 0.000848145 0.0107477 0.000485506 0.0129022 0.0118994 0.013812 0.000702271 0.0010481 0.000280548 0.0572371 0.0733065 0.0251885 
0.0163957 0.0315485 0.0597161 0.326672 0.000161178 0.00753336 2.90365e-05 0.014572 0.000731473 0.00722376 0.00205845 0.0422264 0.158317 0.111643 6.05311e-05 0.00205342 8.21291e-05 0.132317 0.0162581 0.0704017 
0.237087 0.0377483 0.0894355 0.390094 0.000272312 0.00582392 0.00313401 0.000714108 0.00186542 0.0301623 0.000621008 0.00887149 0.0345065 0.0336631 0.00505681 0.00282602 0.000498431 0.0855094 0.0175519 0.0145585 
0.138216 0.0196326 0.0899699 0.392917 0.000455809 0.00525566 1.97353e-05 0.00429544 0.00405114 0.0251712 0.013164 0.00627008 0.0247066 0.0526323 0.00828281 0.0109594 0.00128644 0.118685 0.0231776 0.0608518 
0.13458 0.0247503 0.0622665 0.310505 0.000210169 0.0123024 0.000354709 0.000835241 0.0289357 0.0501497 0.00936218 0.010689 0.0184225 0.0753614 0.00639411 0.0037189 0.0247384 0.154916 0.0460985 0.025408 
0.0360711 0.0562521 0.0379507 0.287039 0.000252929 0.00714985 7.6631e-05 0.000518988 0.00984814 0.107529 0.0156397 0.00761239 0.0256515 0.0353343 0.00461226 0.00110465 0.0171204 0.21441 0.0691154 0.0667113 
0.0341863 0.0295819 0.119803 0.253067 0.000170614 0.00430374 0.000335981 0.0012748 0.00918065 0.095479 0.015925 0.0194884 0.0366858 0.037156 0.00242608 0.00557571 0.0597277 0.153174 0.0596767 0.0627819 
0.121809 0.0168041 0.0778967 0.237959 0.000286182 0.00988558 0.000199126 0.000474355 0.0635233 0.0420616 0.0048408 0.0395479 0.022706 0.105207 0.00271422 0.0175497 0.00346543 0.116733 0.0360585 0.0802786 
0.108609 0.0839279 0.146436 0.257737 0.000214225 0.00304872 4.494e-05 0.0019923 0.00393418 0.0338609 0.00158187 0.00837431 0.00924425 0.0413587 0.0335735 0.00255388 0.00130574 0.152232 0.0783168 0.0316534 
0.0964618 0.0277962 0.197522 0.246584 0.000375201 0.0019064 7.71831e-05 0.000365042 0.00106081 0.0703213 0.0013359 0.00643686 0.0253486 0.0363357 8.57109e-05 0.00264656 0.00324594 0.18811 0.0248446 0.0691399 
0.14627 0.0137497 0.110134 0.227668 0.0530396 0.000423432 0.000663498 7.82057e-05 0.0003638 0.0293042 0.00194818 0.00110245 0.212952 0.0541464 0.000652254 0.00120918 1.5372e-05 0.0946484 0.0392093 0.0124219 
0.184063 0.0460232 0.086673 0.213153 6.95964e-05 0.00226658 9.55072e-05 0.00147657 0.00390733 0.0205627 0.0742503 0.0120398 0.0212225 0.0780547 0.000250471 0.00257276 0.00150929 0.107417 0.0672043 0.0771881 
0.112674 0.0113514 0.0682377 0.184175 0.000259714 0.000714005 0.0052425 0.000352825 0.0110201 0.0493856 0.0721513 0.062451 0.0116465 0.0345775 0.015896 0.0274985 0.0467825 0.124543 0.0407703 0.12027 
0.156114 0.00774157 0.0690299 0.36115 0.000233075 0.00278072 5.26339e-05 0.000252147 0.00258677 0.0563522 0.00123382 0.0331244 0.00605459 0.0385499 0.00739945 0.00807457 0.0038016 0.196786 0.024523 0.0241592 
0.132696 0.207166 0.0581042 0.411226 0.000134073 0.00318826 0.000269387 0.000743518 0.0145392 0.00892833 0.00535485 0.0103404 0.00728664 0.023647 0.000899184 0.00567066 0.00232356 0.0373782 0.056571 0.013533 
0.0477753 0.0175601 0.0642992 0.212434 0.000236014 0.00914761 0.000173687 0.000807572 0.00763593 0.0861392 0.000805936 0.076743 0.0264242 0.0432448 0.000360544 0.00580703 0.00396031 0.194878 0.0523544 0.149214 
0.0289539 0.102869 0.0628549 0.419914 0.000540851 0.00700536 0.000462876 0.000790917 0.00358409 0.0214754 0.00484972 0.0102121 0.00945718 0.0546464 0.00223508 0.00322549 0.0197155 0.150306 0.062371 0.0345308 
0.207649 0.0257224 0.0239661 0.419487 0.00253722 0.0956921 0.00947676 0.00179847 0.0029126 0.00593693 0.00131179 0.000946735 0.0435515 0.0736645 1.73393e-05 0.00202538 0.000166393 0.0385844 0.0203186 0.024234 
0.160762 0.0160642 0.0665776 0.337246 0.000151433 0.00585173 0.000170853 0.00022739 0.00212532 0.0121199 0.00282863 0.0174545 0.00450948 0.0627437 0.000510455 0.00302303 0.000319608 0.252302 0.0211227 0.0338904 
0.110789 0.172039 0.139329 0.233431 6.30701e-05 0.00907352 0.000185377 0.0157406 0.00287798 0.0194561 0.000714316 0.00617884 0.0356648 0.0485066 0.0007888 0.0184561 0.00062589 0.0786684 0.102029 0.00538255 
0.027973 0.0282083 0.0490555 0.527813 0.000424409 0.0110973 0.000290313 0.000510595 0.0138963 0.0419945 0.00407541 0.0108328 0.0290585 0.0172668 0.00283353 0.0140449 0.00874228 0.104654 0.0250481 0.0821808 
0.0630001 0.097871 0.149202 0.446269 0.00013107 0.000289845 0.000419916 0.000168908 0.00166016 0.0203859 0.00120607 0.00511601 0.0160779 0.0388602 0.00130278 0.00118821 2.72746e-05 0.0507712 0.0243753 0.0816771 
0.0508805 0.0114747 0.0603855 0.251665 3.04653e-05 0.0877572 3.05824e-05 0.000192601 0.0011114 0.0226949 0.00133903 0.0667791 0.0559406 0.0998886 0.000513739 0.00389802 0.000120952 0.104129 0.091737 0.0894319 
0.0237626 0.0159152 0.110051 0.380381 0.000335344 0.00207839 0.000399707 0.000371809 0.00469072 0.00995107 0.00119226 0.0116767 0.0401888 0.103055 0.00118428 0.00282934 0.00187094 0.0919522 0.0339205 0.164192 
0.0630517 0.0147776 0.0934476 0.357902 3.40747e-05 0.00216671 8.91834e-05 0.000128284 0.0111113 0.0346808 0.000547236 0.00865452 0.0419841 0.0454368 0.0012084 0.000722985 0.00211126 0.050481 0.056197 0.215268 
0.0360711 0.0562521 0.0379507 0.287039 0.000252929 0.00714985 7.6631e-05 0.000518988 0.00984814 0.107529 0.0156397 0.00761239 0.0256515 0.0353343 0.00461226 0.00110465 0.0171204 0.21441 0.0691154 0.0667113 
0.0404487 0.030038 0.133095 0.233589 9.69897e-05 0.00139613 0.000196421 0.000349397 0.00457634 0.0232805 0.000217548 0.00749315 0.044101 0.0627887 0.00462729 0.0121439 0.00062834 0.148102 0.0967281 0.156104 
0.140021 0.00666608 0.0710552 0.339342 0.000336027 0.00239166 4.49694e-05 0.000118855 0.000360157 0.00341809 0.000239899 0.0198808 0.00983753 0.0579451 0.00370226 0.0220763 9.11125e-06 0.265633 0.0114881 0.0454338 
0.0436252 0.0166926 0.0340093 0.232127 5.15332e-05 0.0083944 1.21939e-05 8.51669e-05 0.00292359 0.0382001 0.00398034 0.00934804 0.182359 0.0687321 0.0283178 0.0166513 0.0124969 0.229656 0.0457896 0.0265473 
