0.042429 0.0505551 0.186774 0.390193 0.000372496 0.00854943 0.0129086 0.0223969 0.00047657 0.000636168 0.00291503 0.0544805 0.00252358 0.0181835 0.0741336 2.43603e-05 0.00584802 0.000105057 0.125051 0.00144358 
0.0541372 0.0254178 0.0614272 0.356316 0.0052082 0.00479414 0.140765 0.0843579 0.000175793 0.00331123 0.00266617 0.0804175 0.00237558 0.0278989 0.0983591 5.5549e-05 0.0111086 0.000216947 0.0270817 0.0139095 
0.0142629 0.00255109 0.183532 0.301022 3.14286e-09 0.000116579 0.00456742 0.0879441 0.000257298 0.00323853 0.00173129 0.0617595 0.00018274 0.00523922 0.116259 6.41357e-05 0.00016588 1.76986e-05 0.215753 0.00133579 
0.00968355 0.0307575 0.00381352 0.714273 9.2211e-07 0.0031478 0.0328197 0.00788909 3.5164e-06 9.13557e-05 0.000190031 0.029806 0.000173174 0.00311249 0.149558 1.99319e-06 0.00269539 1.66347e-05 0.0117977 0.000168703 
0.0632322 0.200914 0.020026 0.458114 3.20522e-05 0.0117746 0.00255054 0.0231325 5.28638e-05 6.71202e-05 0.0146903 0.0777901 0.000718314 0.0304885 0.0728073 5.94979e-05 0.00138775 6.38533e-05 0.0139163 0.00818228 
3.54692e-07 0.00573795 0.0606701 0.735136 1.14265e-08 0.0872184 0.0213509 0.00291097 1.07452e-06 3.54318e-05 1.1936e-07 0.00221503 3.90441e-06 0.00928337 0.029298 0.000105027 0.00450732 1.91212e-10 0.0341339 0.00739205 
0.0446997 0.103065 0.126429 0.615261 2.36962e-05 0.00300301 0.00478518 0.0159713 1.86062e-05 0.000222915 8.08218e-05 0.0044092 7.63788e-06 0.00389317 0.0453169 1.3744e-05 0.000850343 1.69216e-05 0.0317002 0.000231469 
0.0687146 0.0600183 0.301584 0.478172 2.72996e-06 0.00406731 0.002982 0.0203876 6.19209e-06 0.000154464 5.14792e-05 0.00611468 1.17959e-05 0.00302668 0.0204752 1.83611e-05 0.000870051 3.37051e-06 0.0331299 0.000209207 
0.00174271 0.0170668 0.006488 0.448069 8.7831e-07 0.00206321 0.0222162 0.0256266 2.05154e-06 1.04254e-05 0.00600014 0.343837 0.00117804 0.00346365 0.116381 1.83691e-05 0.00212652 6.19246e-06 0.00355782 0.000145136 
0.00130852 0.0030824 0.00727894 0.952771 8.39538e-08 0.00156967 0.000318919 0.0048214 2.45294e-05 0.000463234 9.0643e-05 0.00440365 4.82453e-05 0.00256485 0.0111392 9.2439e-06 9.30178e-05 7.01869e-08 0.00996679 4.54163e-05 
0.0294066 0.0850386 0.02512 0.302274 0.000219006 0.00939853 0.0421962 0.0588396 0.000116525 0.00014196 0.00476076 0.146065 0.000480909 0.0193272 0.198535 7.78575e-05 0.00320767 0.00167514 0.0330714 0.040048 
0.0246363 0.00118646 0.0757006 0.438353 2.66654e-08 1.07261e-07 2.52282e-07 1.1695e-07 0.000190732 4.50113e-09 0.0511194 0.361095 9.81457e-06 0.000579943 0.0275605 0.00135258 7.97846e-08 4.39238e-10 0.0182154 1.95444e-07 
0.0302595 0.0525862 0.0786104 0.526808 0.00461335 0.00574799 0.0103674 0.0248812 0.000109336 0.000730234 0.00171719 0.0189348 0.00129878 0.0125737 0.126781 1.52884e-05 0.00362415 9.41773e-05 0.0976006 0.00264739 
0.00174271 0.0170668 0.006488 0.448069 8.7831e-07 0.00206321 0.0222162 0.0256266 2.05154e-06 1.04254e-05 0.00600014 0.343837 0.00117804 0.00346365 0.116381 1.83691e-05 0.00212652 6.19246e-06 0.00355782 0.000145136 
0.03127 0.0179459 0.0593791 0.405998 1.93509e-08 0.0335539 0.00248936 0.0545062 0.00094859 5.03101e-07 0.000287793 0.0821938 3.41418e-05 0.00539561 0.221334 0.000253305 0.00105461 1.29816e-05 0.0828141 0.000527845 
0.0330492 0.0585398 0.0961718 0.533991 9.10766e-06 0.010352 0.0183845 0.0316933 0.000281082 0.00375339 0.00218352 0.0262577 0.000889541 0.0180252 0.104536 0.000308357 0.00418102 4.7024e-05 0.044521 0.0128256 
0.0245544 0.0319902 0.0689064 0.564372 3.38908e-05 0.00928497 0.0238559 0.040694 0.000134861 0.000417489 0.00290642 0.0341541 0.00153551 0.0149233 0.128693 2.72541e-05 0.00121066 0.000144783 0.0511901 0.000971282 
0.040725 0.0579981 0.219305 0.367259 2.49015e-05 0.00840214 0.0170583 0.0360126 0.000201209 0.000660116 0.000940382 0.0409928 0.00187282 0.00752061 0.135167 0.00145403 0.00739893 0.000107326 0.0557446 0.00115443 
0.0278195 0.0351649 0.0541168 0.394817 0.00205222 0.00723606 0.0178105 0.0441396 0.000354217 0.000390474 0.0057286 0.0725035 0.00480757 0.0122265 0.0609138 0.000102102 0.00269725 8.6424e-05 0.23873 0.0183027 
0.0080713 0.0257947 0.113648 0.601129 1.15455e-06 0.00271935 0.0251304 0.0919928 4.49167e-06 0.00022545 0.000193875 0.00258273 0.000154579 0.000437147 0.0389671 1.19339e-05 0.00393684 2.58454e-07 0.0838571 0.00114118 
0.000942271 0.00640212 0.0182448 0.406975 0.109504 0.00053583 0.000420566 0.00175943 0.00055086 0.000318775 1.68429e-07 0.0566634 1.57011e-06 0.0105371 0.375781 1.04671e-06 0.00052352 7.55931e-08 0.00955793 0.0012802 
0.0818513 0.0758281 0.0447198 0.358443 4.5299e-07 0.038347 0.00732503 0.0699839 0.0100603 0.00138404 0.00308502 0.117511 0.000480479 0.00982946 0.127443 2.05274e-05 0.00690412 0.000321343 0.0253955 0.0210664 
0.000764789 0.0155094 0.00946608 0.848876 3.53192e-09 0.0400143 0.000516199 0.00206041 1.1005e-05 0.00027673 6.61285e-05 0.014964 0.000755025 0.00487448 0.0264836 3.71119e-05 0.000589825 1.71057e-06 0.0345829 0.000150532 
0.0114886 0.107373 0.0983088 0.450732 2.62647e-06 0.00338738 0.0119118 0.0199897 4.9634e-05 0.00074242 0.00278672 0.0206189 0.000374038 0.0317825 0.0687338 0.0314796 0.00209448 4.96054e-05 0.0990969 0.0389978 
0.0148621 0.00236698 0.0728184 0.417312 6.78775e-09 0.00585024 0.000166946 0.00782909 1.72162e-05 1.14763e-09 6.04939e-07 0.0999748 8.58519e-05 6.49223e-05 0.0209558 2.63111e-05 8.00829e-05 1.14014e-10 0.357293 0.000295377 
0.200068 0.0644394 0.0877423 0.286056 0.0096914 0.00454196 0.0354594 0.04138 0.00300868 0.0173604 0.0409343 0.0703175 0.00100081 0.0158494 0.0951075 0.000119817 0.00372881 0.000178473 0.0197083 0.0033077 
0.00905441 0.0167518 0.0148166 0.289536 2.69713e-06 0.0674967 0.100177 0.0295826 0.000248124 0.000167994 0.000591068 0.271141 0.000675513 0.0295573 0.109312 0.000176313 0.00128859 5.68039e-05 0.0575169 0.00185077 
0.0106266 0.0219378 0.0511446 0.508545 0.00032607 0.00574408 0.00717597 0.0303225 0.00221761 0.00091057 0.00399232 0.0334289 0.000891656 0.0103555 0.0749117 0.000972962 0.00263362 2.55589e-05 0.229334 0.00450357 
0.0727265 0.0714503 0.00877929 0.302543 7.0927e-05 0.0137554 0.011912 0.044704 0.00359511 0.000140225 0.00733512 0.173019 0.000266239 0.0509972 0.206623 8.58155e-05 0.00483083 7.717e-07 0.0155656 0.0116003 
0.013486 0.0716724 0.0252438 0.52335 1.19535e-05 0.0239971 0.0123962 0.0321351 2.61819e-05 0.00131865 0.000239031 0.0399197 0.000279787 0.0112914 0.13399 2.32865e-05 0.00679371 0.000108893 0.0959603 0.00775658 
0.0320355 0.0305585 0.0464488 0.58911 4.0912e-05 0.00574252 0.022695 0.0486562 0.00173266 0.00153654 0.00711029 0.0536609 0.00296113 0.0109115 0.0841474 0.00184838 0.0063152 0.000200208 0.0451633 0.00912497 
0.0329377 0.0490343 0.015601 0.40919 3.65341e-08 0.00158101 0.00595295 0.056699 4.24501e-06 0.0082631 0.00487437 0.118554 0.0122411 0.0774283 0.177706 0.000484722 0.0116951 4.24056e-05 0.0165701 0.00114165 
0.0204913 0.052132 0.072388 0.409414 0.00147652 0.0640529 0.0402746 0.0386792 1.25688e-05 0.00836314 0.00499762 0.100747 0.000494786 0.0675071 0.104528 8.92364e-05 0.00638995 0.000155884 0.00582042 0.0019852 
0.0363878 0.062159 0.127057 0.413505 0.000619619 0.0340369 0.0129738 0.0389309 0.000578765 0.0112835 0.00707559 0.0713728 0.000757887 0.0191957 0.0879305 0.000612839 0.00598393 0.000806587 0.0595356 0.00919599 
0.00130852 0.0030824 0.00727894 0.952771 8.39538e-08 0.00156967 0.000318919 0.0048214 2.45294e-05 0.000463234 9.0643e-05 0.00440365 4.82453e-05 0.00256485 0.0111392 9.2439e-06 9.30178e-05 7.01869e-08 0.00996679 4.54163e-05 
0.0133587 0.00391525 0.067447 0.361908 4.47817e-09 0.0515167 0.0405171 0.0817109 1.36995e-05 1.82088e-06 1.21856e-08 0.0519085 0.000327113 0.0563971 0.210239 0.0319105 0.0113957 7.67736e-07 0.0136307 0.00380227 
0.00529515 0.0223842 0.00461698 0.591543 1.25985e-05 0.0121019 0.0625441 0.0234066 0.00112824 0.000364727 0.0339341 0.014623 0.0290404 0.00550117 0.111568 0.000120358 0.00296962 9.8385e-05 0.0782905 0.000457714 
0.0283253 0.0497286 0.0492364 0.322523 3.74419e-05 0.0147865 0.0166835 0.166395 0.00191263 0.00109188 0.000382253 0.0751159 0.000201857 0.0149366 0.216615 0.000109005 0.0231849 0.00514849 0.0112876 0.00229784 
0.0389383 0.00979204 0.120629 0.41039 0.000196388 0.00632782 0.00522545 0.0294859 0.000767719 0.0029565 0.00122926 0.113733 0.00472633 0.0166667 0.094643 3.47451e-05 0.00629106 7.54694e-06 0.135458 0.00250221 
6.37457e-06 4.47755e-07 0.0513688 0.548667 2.06179e-07 8.25881e-07 1.29074e-10 4.88605e-05 2.83602e-07 3.53112e-08 4.41796e-10 0.0323919 6.73978e-08 4.01719e-07 0.00448782 7.2413e-08 1.96526e-10 4.00145e-09 0.362832 0.000194235 
0.0251699 0.0206449 0.176689 0.44612 0.00280565 0.00540798 0.0101471 0.0570481 7.56227e-05 0.000234874 0.00680322 0.0643523 0.000713216 0.0166987 0.108637 3.75347e-05 0.00637139 9.4471e-05 0.0458091 0.00614039 
0.0303412 0.0665205 0.0775568 0.558119 9.39224e-05 0.00752801 0.0196354 0.0384459 0.000687004 0.000475379 0.0013061 0.0449811 0.000388358 0.0109042 0.0924058 0.00016793 0.00748839 0.000241841 0.0380335 0.0046798 
0.0115667 0.0221861 0.0502058 0.463518 0.000380409 0.00433529 0.0703642 0.0373952 0.000292908 0.00292615 0.000738257 0.0460561 0.00687278 0.00986402 0.151086 2.58634e-05 0.00511877 0.000185289 0.115625 0.0012571 
0.0054536 0.0426717 0.1292 0.564427 2.67952e-06 0.00313702 0.0100824 0.00620314 1.97704e-05 0.000156656 4.79161e-05 0.00516862 4.47867e-06 0.00117978 0.0849104 7.2796e-07 0.0474771 3.66528e-06 0.0996827 0.000170671 
0.160471 0.0107023 0.0241921 0.166873 6.23295e-07 0.0157175 0.0974076 0.0803478 0.0556815 3.51822e-06 0.000114109 0.154038 0.000240439 0.0563346 0.157605 4.36808e-05 0.0141869 0.000464178 0.00537075 0.000205288 
6.18723e-05 8.04415e-05 0.278999 0.630738 3.10185e-05 4.1646e-05 5.9169e-05 7.69479e-05 2.77383e-05 2.56479e-05 1.22416e-05 0.0895317 3.41549e-06 1.71992e-05 8.39993e-05 1.94534e-06 5.72427e-05 6.12464e-05 6.16413e-05 2.73228e-05 
0.0618462 0.0343419 0.10812 0.436582 2.16708e-05 0.00926623 0.0338215 0.0474176 0.00381907 0.00193243 0.00540108 0.0455976 0.00379789 0.0222728 0.100734 0.00143121 0.00755933 0.000301729 0.0726145 0.00312129 
0.0200208 0.0534376 0.0135889 0.391295 0.00017239 0.00120949 0.0388073 0.0593747 6.87738e-05 0.000203913 0.000330103 0.0545127 2.46432e-05 0.00210212 0.334307 1.66294e-05 0.0171302 0.00175359 0.0111241 0.000520453 
0.00195412 0.10357 0.208031 0.372325 2.78129e-06 0.00314044 0.0100886 0.00620691 2.03124e-05 0.00015966 4.86784e-05 0.0051721 4.57013e-06 0.00724891 0.0849261 7.76169e-07 0.0971822 3.79414e-06 0.0997418 0.000172041 
0.0594112 0.0415625 0.086199 0.343206 0.000909703 0.00563771 0.0208692 0.0521581 0.00152061 0.00104016 0.00408895 0.0811655 0.00199244 0.0308702 0.189661 0.000983086 0.0228247 0.000206529 0.043713 0.0119808 
0.0423621 0.0321014 0.132673 0.469617 0.000198287 0.0026142 0.0152093 0.037831 0.000974282 0.000523892 0.00267065 0.0206251 0.000625597 0.00439754 0.15398 2.45957e-05 0.00745047 0.000120523 0.0749925 0.00100815 
0.000157516 0.00240893 5.35613e-05 0.790315 3.79042e-06 0.000196256 0.000203525 0.023882 0.000531283 0.000120109 0.000169778 0.156247 0.000302235 0.000739985 0.00856924 0.000160696 7.8966e-05 0.015645 0.00021435 7.52961e-07 
0.00702439 0.00175 0.062789 0.424143 4.7442e-06 0.00196389 0.00406238 0.00478137 4.5505e-06 0.000125209 0.000148973 0.234486 0.000335773 0.01232 0.233656 8.16643e-06 6.46882e-05 0.000497023 0.0111948 0.000640983 
0.0106939 0.0154137 0.0155431 0.716407 6.17352e-08 0.00645834 0.00447976 0.0229894 0.00151091 0.000688993 0.00050949 0.0550678 0.0140725 0.0108143 0.0927248 3.50829e-05 0.00136031 3.7368e-07 0.0302078 0.00102271 
0.0114872 0.0256229 0.0666203 0.652065 5.12629e-05 0.0134707 0.0613212 0.0144621 4.21628e-06 3.30896e-06 0.000425814 0.0270149 0.00348824 0.0286913 0.0750489 6.03772e-05 0.00297361 2.88377e-05 0.0167979 0.000361813 
0.10963 0.159728 0.0586356 0.163998 8.23089e-07 0.00495187 0.0539567 0.0989695 1.56371e-05 0.000581057 0.00145235 0.0418762 0.000186376 0.0966384 0.147988 0.0116649 0.0173819 0.000289743 0.0292319 0.00282326 
0.0126227 0.0130599 0.0909651 0.477329 3.50528e-06 0.0068153 0.0447268 0.0673036 1.40044e-05 0.000198679 1.85231e-05 0.0105386 0.0269365 0.00327339 0.193125 6.2786e-07 0.0368777 5.58431e-05 0.015711 0.000424144 
0.0146057 0.00590167 0.040479 0.779737 5.56487e-08 0.00468439 0.0208421 0.00937886 9.05427e-05 3.85094e-05 0.00190179 0.00618495 0.000152648 0.00691021 0.0996253 9.859e-07 0.00161347 3.71314e-06 0.00780413 4.49052e-05 
0.0542084 0.0441433 0.146414 0.425134 0.000163189 0.00887569 0.0177749 0.0357409 0.00285928 0.00271023 0.0111285 0.0506853 0.0033758 0.0230411 0.084312 0.00132483 0.0091166 9.9147e-05 0.0672235 0.0116692 
0.0187955 0.0344586 0.18953 0.425028 1.37555e-07 0.0056944 0.00449258 0.0123752 3.6947e-06 6.66198e-05 0.000414129 0.00467673 9.45607e-05 0.00735251 0.0220251 0.000498935 0.000670855 2.99773e-07 0.265951 0.00787089 
0.246028 0.0471554 0.081783 0.254289 3.08656e-08 0.000715024 0.0187075 0.0348805 2.20291e-05 0.0526132 4.98535e-05 0.027491 0.000746773 0.0145691 0.117124 4.28131e-06 0.0123848 0.000154712 0.0893404 0.00194167 
0.0155693 0.0160607 0.0611736 0.592732 2.37852e-07 0.00895626 0.0222151 0.0144034 3.1307e-05 1.18222e-05 0.00211716 0.0110198 0.00182083 0.00809906 0.121626 1.96578e-06 0.00270952 3.80162e-08 0.120484 0.000967378 
0.0635243 0.0124158 0.0399933 0.455736 2.3856e-08 1.26077e-06 0.00191935 0.0732872 2.22895e-05 0.00346743 1.16937e-07 0.225384 0.040379 0.00883301 0.0190944 0.0022166 1.27263e-07 5.53878e-08 0.0521405 0.00158533 
0.0345729 0.0248993 0.0312479 0.326715 2.74393e-08 0.0238609 0.00179282 0.0512156 0.000274088 0.000430241 6.94866e-05 0.0988709 0.00240579 0.0142866 0.100182 0.000197721 0.00112693 0.0016213 0.253663 0.0325674 
0.00130852 0.0030824 0.00727894 0.952771 8.39538e-08 0.00156967 0.000318919 0.0048214 2.45294e-05 0.000463234 9.0643e-05 0.00440365 4.82453e-05 0.00256485 0.0111392 9.2439e-06 9.30178e-05 7.01869e-08 0.00996679 4.54163e-05 
0.0300693 0.0787669 0.00653342 0.216676 2.76999e-06 0.182455 0.0237718 0.051589 0.000563385 0.00367425 0.00161728 0.0141897 0.0032171 0.186636 0.149245 0.00399582 0.00460626 1.17634e-09 0.00247667 0.0399153 
0.0145077 0.193015 0.021522 0.290222 8.32479e-06 0.01248 0.0387702 0.03693 4.61837e-05 0.0159469 0.00567855 0.0205477 0.00411109 0.0295584 0.268287 0.00432132 0.0111034 0.00012562 0.0139735 0.0188443 
0.0273984 0.0137259 0.114849 0.627246 1.32474e-06 0.00186263 0.00804906 0.0429566 0.000120021 0.00052527 0.000202029 0.022405 0.000119144 0.00912331 0.0746855 0.00764963 0.00504612 0.000195784 0.0435234 0.000315769 
0.144138 0.0774346 0.0145874 0.625074 3.01382e-10 0.000417993 0.00464667 0.0367494 5.8874e-08 0.00157204 1.62685e-05 0.00158156 1.95181e-08 0.0132579 0.061677 1.78073e-06 1.05223e-05 7.7179e-09 0.0184635 0.000371823 
0.0227945 0.00723114 0.0210159 0.408007 1.1246e-06 0.0469169 0.0100365 0.000224594 2.01758e-07 0.00198787 0.0881099 0.277501 0.00371283 0.0126894 0.034367 0.000203301 0.00850242 1.55939e-07 0.0566177 8.10886e-05 
0.00110138 0.000505527 0.0179169 0.789713 4.36545e-09 1.75439e-08 7.26433e-05 0.00295561 6.01573e-09 7.39228e-10 0.0178024 0.0195562 3.36937e-06 0.00210814 0.0039093 1.02328e-05 0.00040418 4.85752e-08 0.143888 5.36904e-05 
0.00954274 0.0141329 0.0038767 0.83752 1.15521e-06 0.00131227 0.0100201 0.0229184 1.73389e-05 2.7257e-05 0.000119571 0.000807691 6.09462e-05 0.000500325 0.0881615 7.46682e-07 0.000331045 7.79239e-06 0.00970025 0.000941055 
0.0167309 0.0180756 0.0895683 0.400033 3.93945e-06 0.000474368 0.00117208 0.0115219 0.00144453 0.00332254 0.000211733 0.0763069 0.000836939 0.0101178 0.0733457 3.36325e-05 0.0014523 1.39388e-06 0.293476 0.00187136 
0.0334819 0.0346698 0.0732256 0.406659 0.00106451 0.0116805 0.0481182 0.0461494 0.00116514 0.000845311 0.00698018 0.138795 0.00246277 0.0297167 0.108783 0.000835747 0.00841824 0.000381013 0.0414114 0.00515633 
0.00130852 0.0030824 0.00727894 0.952771 8.39538e-08 0.00156967 0.000318919 0.0048214 2.45294e-05 0.000463234 9.0643e-05 0.00440365 4.82453e-05 0.00256485 0.0111392 9.2439e-06 9.30178e-05 7.01869e-08 0.00996679 4.54163e-05 
0.00605187 0.0208238 0.113622 0.600985 2.25605e-08 0.00628924 0.00800356 0.00351159 1.52486e-06 6.86042e-05 8.004e-05 0.000821132 4.59074e-06 0.00565649 0.0179822 1.82509e-06 1.22555e-06 1.27213e-08 0.214632 0.00146328 
0.00110138 0.000505527 0.0179169 0.789713 4.36545e-09 1.75439e-08 7.26433e-05 0.00295561 6.01573e-09 7.39228e-10 0.0178024 0.0195562 3.36937e-06 0.00210814 0.0039093 1.02328e-05 0.00040418 4.85752e-08 0.143888 5.36904e-05 
0.0317224 0.06483 0.0960311 0.499796 0.00235885 0.0138724 0.0215073 0.0261425 0.000180267 0.00240166 0.00485869 0.0202247 0.0013588 0.0203233 0.0865682 0.00228779 0.00645635 0.000359389 0.0884818 0.0102381 
0.00313257 0.0127048 0.11454 0.37613 7.33121e-06 0.000407189 0.0143203 0.130321 2.40911e-08 0.000790153 0.0109271 0.0876235 3.27068e-06 0.00692767 0.231547 3.6863e-05 0.00107714 3.541e-10 0.00943289 7.1154e-05 
0.0109752 0.142826 0.0298013 0.203953 1.88296e-08 0.0249669 0.0978634 0.0626026 2.20409e-08 0.00117966 0.00939034 0.0999186 0.0248367 0.0363042 0.170698 0.0270215 0.00668851 1.60986e-06 0.0471614 0.00381064 
0.0114016 0.0696015 0.0373373 0.483109 6.40746e-08 0.00472356 0.0198084 0.0737112 2.66383e-06 0.036758 0.0033872 0.00547685 0.000131426 0.0181887 0.126242 0.00014115 0.00446525 8.20906e-05 0.102459 0.00297252 
0.00130852 0.0030824 0.00727894 0.952771 8.39538e-08 0.00156967 0.000318919 0.0048214 2.45294e-05 0.000463234 9.0643e-05 0.00440365 4.82453e-05 0.00256485 0.0111392 9.2439e-06 9.30178e-05 7.01869e-08 0.00996679 4.54163e-05 
0.00910446 0.0447626 0.061505 0.540822 3.71394e-07 0.00149868 0.00580181 0.0235595 0.000651761 0.00285281 1.98055e-05 0.00903426 2.6156e-05 0.00201517 0.0215847 3.07013e-06 0.0012459 7.27141e-05 0.275215 0.000224748 
0.0363461 0.0473103 0.024235 0.311159 2.01661e-06 0.0237041 0.0253379 0.07371 0.000258265 0.00336937 0.00333193 0.132242 0.00568774 0.030658 0.233142 0.00636248 0.00392501 0.000242046 0.0228679 0.0161088 
0.0204034 0.0309178 0.0084379 0.447591 1.13173e-06 0.000941039 0.00688672 0.0166379 0.000454147 0.000228559 0.000471702 0.017779 0.000233712 0.00130506 0.0696652 1.20598e-05 0.00215576 6.56681e-07 0.375846 3.062e-05 
0.0180166 0.0548229 0.00453968 0.355581 0.00114884 0.0132842 0.0472189 0.0450006 2.384e-05 0.000527552 0.00131083 0.22981 0.000858522 0.037781 0.15234 5.57418e-05 0.0181622 6.8687e-05 0.0149535 0.00449508 
0.0189151 0.0510498 0.0510649 0.525558 0.00019739 0.0111419 0.0188555 0.052262 0.00395591 0.00127461 0.00663973 0.0572619 0.00163232 0.0256318 0.106657 0.000632942 0.00881551 0.00020376 0.0555966 0.00265296 
0.0653547 0.0145362 0.113161 0.50828 9.61108e-06 0.00557025 0.050904 0.0502183 4.7323e-05 0.000728395 0.00529976 0.0194462 0.00583592 0.0145274 0.0940842 7.34702e-05 0.00298146 7.92025e-05 0.046244 0.00261782 
0.0104728 0.0132795 0.00545025 0.366792 0.000183977 0.00121422 0.18694 0.125609 1.39075e-05 7.23194e-05 0.00431983 0.0101674 0.000200795 0.0187519 0.244235 1.67083e-05 0.00180302 7.72716e-06 0.00957696 0.000892974 
0.00835345 0.10501 0.0859686 0.485741 3.26913e-06 0.0137724 0.00761867 0.0174306 1.54386e-05 0.000354334 0.000775769 0.00335138 4.64626e-05 0.00749123 0.092042 3.23426e-05 0.00889056 7.7618e-06 0.156102 0.00699239 
0.0121125 0.00741023 0.0785392 0.758567 6.23168e-06 0.00451579 0.0297133 0.0168526 1.98118e-06 0.000102463 0.00329976 0.0110784 0.000270043 0.0279773 0.0300934 3.50813e-05 0.000765366 1.43914e-06 0.018475 0.000182476 
0.0313922 0.108383 0.0167103 0.292404 1.26022e-05 0.0191847 0.0851307 0.0797689 0.000270357 0.00361831 0.00640246 0.0523164 0.000348046 0.0899429 0.136766 0.00978072 0.00725277 2.64261e-05 0.0100479 0.0502409 
0.0114903 0.0352915 0.00916521 0.474418 0.197139 0.0189862 0.00180643 0.0713359 3.86916e-05 0.00188559 0.000135144 0.089527 0.00145875 0.0233665 0.0366956 7.24273e-05 0.00188376 6.49101e-06 0.0252189 7.82604e-05 
0.0428155 0.0126932 0.0233517 0.809892 6.52816e-07 0.000942612 0.00465052 0.0076399 1.36306e-05 0.00652052 0.000245499 0.0267876 1.77681e-05 0.0183159 0.0373791 3.46479e-05 0.00031332 9.97733e-07 0.00833968 4.51006e-05 
0.0652894 0.26788 0.0819605 0.380344 1.48284e-06 0.00136469 0.00130297 0.0205764 6.75272e-05 0.000606707 0.000156563 0.0060311 9.39842e-06 0.00285778 0.0926779 1.76856e-05 0.0014332 6.46012e-06 0.0773551 6.06941e-05 
1.02709e-07 0.220037 0.00418072 0.237122 5.14942e-08 0.00924775 0.00464751 0.103274 0.000207269 0.00128906 0.000799023 0.228688 3.16052e-05 0.00571633 0.177794 0.000228477 0.00113452 0.000462031 0.00503657 0.000104265 
0.00686237 0.0312006 0.0176191 0.801758 6.6694e-06 0.00662351 0.00259859 0.0122562 0.000105612 0.00271849 0.00019909 0.011048 8.73944e-05 0.00703355 0.0670629 0.00295115 0.000616716 0.000110929 0.0287491 0.000391647 
0.0371563 0.200894 0.106242 0.221134 2.8115e-06 0.0110709 0.0064873 0.0687523 0.00321076 0.000941988 0.000497866 0.0118759 0.028319 0.0109536 0.06487 0.000407899 0.049067 0.000164651 0.133188 0.0447636 
0.0618048 0.0202314 0.0264491 0.365001 0.00242137 0.0438608 0.0656699 0.036069 0.000289883 0.0185204 0.00274471 0.0775936 0.0167262 0.0264097 0.149257 1.56588e-05 0.0189978 3.46587e-05 0.0599667 0.00793608 
0.0117746 0.142667 0.157321 0.263608 3.63095e-06 0.0159652 0.00711424 0.0310921 1.32928e-06 0.00110923 0.00876177 0.0196295 0.000449047 0.0226682 0.191891 6.16686e-06 0.0756135 2.75011e-06 0.0476421 0.00267847 
0.0322874 0.0784911 0.116988 0.397118 0.00550073 0.0136152 0.0166401 0.0387027 0.0020492 0.00160541 0.00474654 0.0231489 0.00245028 0.0198611 0.0883559 0.00180426 0.0109759 0.000138147 0.140756 0.00476449 
2.64281e-08 0.00118202 0.00321938 0.98575 2.70976e-07 0.000681878 0.0015692 0.000875268 1.74692e-07 0.000910874 9.34079e-08 2.0951e-08 0.000701275 1.68513e-08 0.00140421 3.39466e-08 0.00070641 1.85829e-07 0.00231502 0.000683681 
0.035253 0.0326212 0.0591259 0.342213 8.77542e-05 0.00902554 0.0371858 0.0416087 0.0119286 0.000486229 0.00210623 0.0996106 0.00179445 0.0404085 0.213289 0.0041008 0.00286445 0.000200272 0.0362491 0.0298409 
0.0166325 0.0189186 0.0237464 0.432865 1.37246e-06 0.0135216 0.00811758 0.0388874 0.0040546 0.000156197 0.000125813 0.0484152 0.000925461 0.00561313 0.102761 0.000100504 0.00125059 0.00085955 0.282898 0.000149463 
0.0159329 0.107899 0.0279402 0.351858 1.0527e-06 0.00301417 0.00487716 0.0154695 0.0370365 0.000202664 1.16154e-05 0.0174876 0.00016969 0.00355631 0.197168 4.71101e-05 0.00343594 6.29636e-05 0.209637 0.00419313 
0.214233 0.0214856 0.205484 0.299648 1.02517e-05 0.0108538 0.0392284 0.02607 0.000573579 0.00131814 0.00733149 0.0778682 0.00434655 0.0165023 0.0363948 4.68872e-05 0.0183915 3.31796e-05 0.0152281 0.00495237 
0.0255372 0.020529 0.0124187 0.217081 0.000189802 0.0604879 0.0713177 0.0173171 7.6509e-07 0.00773186 0.00301962 0.211745 0.00442578 0.166487 0.152076 0.000102191 0.00188065 7.04397e-07 0.0270548 0.000597649 
0.0334307 0.112769 0.0209111 0.32035 2.55373e-06 0.0053665 0.119822 0.066365 4.43671e-06 0.000159314 0.0219502 0.0214277 6.49269e-05 0.0878244 0.147945 9.21441e-05 0.000376327 3.95477e-05 0.0404174 0.000682138 
0.00130852 0.0030824 0.00727894 0.952771 8.39538e-08 0.00156967 0.000318919 0.0048214 2.45294e-05 0.000463234 9.0643e-05 0.00440365 4.82453e-05 0.00256485 0.0111392 9.2439e-06 9.30178e-05 7.01869e-08 0.00996679 4.54163e-05 
0.107525 0.0260586 0.0274352 0.23325 7.23093e-06 0.00773047 0.0338462 0.189222 0.000694376 0.00370319 0.00650639 0.0176987 0.00258056 0.113835 0.174841 0.00709038 0.00257222 5.87938e-06 0.00774452 0.0376539 
0.0259572 0.0982517 0.0881685 0.431447 0.00128254 0.0114802 0.0162212 0.0404039 0.00254203 0.00201028 0.00299587 0.0172953 0.000282327 0.0283695 0.172556 0.00432286 0.00830611 4.88441e-05 0.0442001 0.00385841 
0.032873 0.0670192 0.0643592 0.330607 1.07318e-05 0.00479912 0.00814989 0.0421236 3.46434e-05 0.0276716 0.00178205 0.0602747 0.00215527 0.0232143 0.150124 0.00194537 0.00121125 5.74218e-05 0.170866 0.0107215 
0.0542882 0.141364 0.102421 0.224571 1.3333e-05 0.00672539 0.010548 0.174467 0.000206711 0.000830114 0.00095672 0.110412 0.00950717 0.0530096 0.0559352 0.000428781 0.021728 0.000814608 0.0285119 0.00326165 
0.0248971 0.200236 0.0578205 0.330184 3.79424e-05 0.0141187 0.00644787 0.0642142 0.000115736 0.0015942 0.000338919 0.100975 0.000908081 0.0128321 0.146034 0.000101084 0.00893615 0.000736775 0.0146399 0.0148311 
0.0202704 0.0276111 0.080654 0.539831 1.85792e-05 0.0185057 0.0105131 0.0634644 8.34648e-05 0.00354468 0.00124367 0.0279642 0.00236915 0.0137398 0.0706998 0.00184254 0.00404238 2.14988e-05 0.0977459 0.0158343 
0.00912544 0.00134755 0.134645 0.217352 7.6453e-06 0.00384562 0.00106798 0.0135133 0.000546043 0.000319889 0.150002 0.211882 0.00299961 0.116719 0.0559929 0.000348458 0.00076953 0.0608894 0.0175308 0.0010954 
0.0145445 0.00768514 0.0353828 0.315011 2.2849e-06 0.0055294 0.00188434 0.00242584 1.60353e-07 4.53877e-07 0.00505468 0.267229 0.000440844 0.00315346 0.290833 4.0822e-08 0.0023999 9.88951e-08 0.0463373 0.00208489 
0.0281276 0.0578911 0.0374998 0.250695 4.98704e-05 0.0159967 0.0259717 0.0976796 0.000268847 0.000403456 0.0057319 0.205326 0.000471583 0.0295551 0.179707 0.00331925 0.0221734 0.00370297 0.0327697 0.00265897 
0.0432513 0.0256988 0.0609554 0.38344 3.31359e-06 0.00263161 0.0104995 0.0496757 0.000147156 6.63262e-05 0.000475947 0.198047 0.000106619 0.010843 0.161237 2.42361e-05 0.00199653 0.000678256 0.0492862 0.000936157 
0.034057 0.0359868 0.0607371 0.434838 0.00159663 0.0137852 0.0314086 0.0452178 0.000148925 0.000980822 0.00317493 0.0773334 0.00249254 0.0471403 0.124227 0.00011952 0.00529915 0.000113211 0.0751055 0.00623685 
0.00608095 0.0673695 0.0113803 0.520641 0.000248717 0.0383827 0.0210129 0.0157859 0.000172356 0.0013354 0.000241504 0.00484632 0.000135201 0.00660744 0.0828962 0.000233869 0.00408041 0.000270846 0.164509 0.0537689 
0.0156818 0.0269589 0.0754307 0.466442 0.0293303 0.0146867 0.109481 0.0316861 5.42347e-06 0.00012159 0.000472443 0.0672999 0.000524109 0.016014 0.0669951 1.87861e-05 0.0145007 7.88382e-05 0.061384 0.00288795 
0.0571475 0.00415652 0.206628 0.551716 2.64149e-09 0.000167986 0.000574927 0.0364189 4.91362e-05 1.23647e-05 0.000746481 0.0406168 0.000731062 0.0345184 0.0533554 6.96068e-05 0.0011187 1.30761e-05 0.011774 0.000185214 
0.106805 0.0293555 0.0313831 0.371819 6.08013e-08 0.00783823 0.026313 0.0724206 1.34763e-05 0.0025667 3.97174e-05 0.0405101 4.69458e-05 0.00356715 0.29014 1.62255e-05 0.00160919 0.000106424 0.0133208 0.00212915 
0.031052 0.0231196 0.0760978 0.339052 1.03227e-05 0.00499817 0.0216177 0.032453 0.00156821 0.00143903 0.000525437 0.109914 0.00175228 0.0148144 0.0736214 0.00228367 0.00548724 0.00014586 0.258689 0.0013584 
0.011394 0.0670632 0.0610772 0.440012 0.00368124 0.0227442 0.0121168 0.0332941 0.000773437 0.000425404 0.0152763 0.0657588 0.000298013 0.0271205 0.0980554 0.00882055 0.00386174 0.000199716 0.115926 0.0121011 
0.00851191 0.0578683 0.051902 0.187719 0.000439665 0.00464456 0.00826005 0.0910072 0.00024157 0.00927269 0.000799163 0.186383 0.00110055 0.0171349 0.112109 0.00177557 0.0226314 0.0678048 0.110674 0.0597211 
0.0108102 0.0207156 0.0051325 0.671664 6.06222e-07 0.000829544 0.0185777 0.0201444 5.07898e-06 3.03312e-05 0.00371909 0.0149576 6.81638e-05 0.00298742 0.134675 1.22638e-05 0.00412857 6.64984e-05 0.091056 0.000419216 
0.0333987 0.056503 0.287145 0.393901 1.97715e-06 0.00222663 0.00578567 0.0241071 2.47414e-05 0.000231961 3.11606e-05 0.0135832 1.17819e-05 0.00362672 0.116712 2.35946e-06 0.000667433 4.30123e-06 0.0619494 8.48727e-05 
6.48896e-08 0.0602053 0.0113619 0.360782 1.83209e-10 2.13492e-06 0.0186398 8.19626e-12 1.1811e-10 3.99531e-07 0.000154872 0.000361215 6.67706e-11 0.260791 1.38005e-07 0.000275567 0.00162998 8.08276e-07 0.285795 1.11764e-07 
0.000727562 0.0117675 0.00253877 0.883263 1.73126e-08 0.000357228 0.0195819 1.1903e-06 5.04234e-08 0.000140191 9.38752e-05 0.0180204 8.07887e-08 0.0012858 0.060255 4.22132e-06 3.19375e-05 8.2772e-10 0.00193011 1.48237e-06 
0.0237789 0.0701873 0.0374877 0.646911 3.59231e-05 0.012633 0.005296 0.0169044 0.000251568 0.000990647 0.000545322 0.0119147 0.000456213 0.0157097 0.0708243 0.000111634 0.00325472 0.000125392 0.0818958 0.000685364 
0.00908502 0.0649462 0.0267595 0.345846 1.39194e-06 0.00945737 0.0433468 0.0246495 0.000252722 0.00937155 0.00270387 0.10186 1.43451e-05 0.0413284 0.278559 1.1036e-05 0.00914942 1.15682e-06 0.0200874 0.0125692 
0.0435707 0.00250417 0.315422 0.514013 1.99552e-08 0.000149225 0.0043676 0.0113341 7.51656e-06 0.000450741 0.00170512 0.008114 0.000179608 0.00519316 0.0496345 3.55135e-05 0.000156665 6.83861e-06 0.0430953 6.02271e-05 
0.00951054 0.0771063 0.0915253 0.709486 0.000911761 0.00121912 0.0621465 0.00479299 5.925e-06 7.4724e-05 1.8162e-07 0.00379436 8.73269e-07 0.00294535 0.0221619 3.34189e-06 0.00139949 1.03461e-06 0.0127011 0.000213285 
0.00453919 0.00157563 0.00019211 0.411354 6.40816e-07 0.00702825 0.00304074 0.00732867 6.01226e-05 0.000366244 0.002264 0.271628 0.000872937 0.0098333 0.27337 5.79522e-07 0.00369056 6.08551e-06 0.00143079 0.00141787 
0.028576 0.0159475 0.0296405 0.62944 3.94818e-05 0.0118228 0.00696462 0.0588678 0.00271094 0.000387856 0.00480149 0.0256714 0.00733243 0.0153682 0.0878236 0.000224523 0.00333526 5.58366e-05 0.0660239 0.00496559 
0.0258614 0.0368034 0.0851656 0.367185 4.01016e-06 0.00181697 0.0119755 0.0234183 0.00455341 0.00205691 0.00138183 0.0551414 0.00010368 0.0248499 0.0840004 3.94826e-05 0.00184417 0.000192481 0.230394 0.0432121 
0.0425901 0.0464425 0.134856 0.460602 0.00145359 0.0183771 0.0256788 0.0383964 0.000432173 0.00063988 0.00501194 0.0353824 0.00546828 0.0311226 0.0807433 0.00181903 0.00849498 8.42988e-05 0.0547875 0.0076163 
0.208919 0.190433 0.0241865 0.236266 0.000119269 0.000979073 0.0290785 0.0319658 4.87079e-05 0.000244319 0.0029183 0.0147311 0.00421451 0.0372188 0.197224 4.41737e-06 0.00748921 4.88495e-06 0.012768 0.00118654 
0.010785 0.0176968 0.0220148 0.517566 3.16378e-05 0.0262652 0.00708457 0.0405402 0.000923308 0.0843421 0.00520515 0.059181 0.0203918 0.0962338 0.0307135 0.00289669 0.0127763 1.39099e-06 0.00775098 0.0375993 
0.00130852 0.0030824 0.00727894 0.952771 8.39538e-08 0.00156967 0.000318919 0.0048214 2.45294e-05 0.000463234 9.0643e-05 0.00440365 4.82453e-05 0.00256485 0.0111392 9.2439e-06 9.30178e-05 7.01869e-08 0.00996679 4.54163e-05 
0.0217885 0.133947 0.150876 0.228485 1.46624e-06 0.0037988 0.0472186 0.0962078 0.000142452 0.00180488 0.00406618 0.0381008 0.000434455 0.102445 0.0805232 0.0047618 0.0118541 1.64699e-05 0.0294967 0.0440292 
0.0254286 0.0183398 0.27443 0.402025 1.74134e-06 0.000628585 0.00425191 0.0335839 5.51409e-05 8.88488e-05 0.000221895 0.0628295 0.000133436 0.00784523 0.101433 3.94186e-06 0.000396223 0.000380925 0.0676918 0.000230135 
0.0211552 0.0146971 0.0830885 0.395001 7.89833e-06 0.0205796 0.00907194 0.0393421 1.37483e-05 0.000181423 0.00199244 0.0224944 0.00403906 0.0105913 0.103187 2.04878e-05 0.000905541 8.41689e-06 0.270735 0.00288814 
0.0568647 0.056123 0.226197 0.280588 6.2509e-05 0.00634224 0.0142299 0.128603 0.000330551 0.00174209 0.000860303 0.0422752 0.000397041 0.0185151 0.0952579 0.000429186 0.00954398 0.0135024 0.040109 0.00802649 
0.0402957 0.0100021 0.147715 0.529054 0.000205341 0.00307116 0.00141841 0.00802646 3.47001e-06 2.91298e-05 0.00143601 0.0535843 0.00448065 0.0034546 0.107177 6.57164e-05 1.82763e-06 3.71429e-09 0.0897373 0.000242645 
0.00979065 0.0241272 0.0178394 0.832764 1.4721e-07 0.00332536 0.0012844 0.0101962 3.50076e-05 0.00162154 0.00021852 0.0098664 0.000280462 0.0049016 0.0605629 3.868e-05 0.000154812 3.16374e-07 0.021795 0.00119773 
0.0321634 0.0513976 0.124574 0.382272 0.00188997 0.00914707 0.0139003 0.0425568 0.00128061 0.00156211 0.0088869 0.0258914 0.00377816 0.0170603 0.0873794 0.00247556 0.00728572 9.92142e-05 0.162684 0.0237156 
0.000508571 0.000175455 0.0108183 0.384292 2.22647e-06 0.00112213 0.0012374 0.00133445 5.4624e-07 2.29832e-05 0.000120542 0.303745 0.000363427 0.00422391 0.288798 6.1277e-06 0.000760823 8.77203e-09 0.00211787 0.000350167 
0.0298106 0.00636763 0.107589 0.675163 0.000255739 0.00196429 0.00314963 0.0317704 6.54913e-05 4.53575e-05 0.00104517 0.0350303 0.000440546 0.018702 0.0694098 1.01494e-05 0.00103828 0.00010853 0.0178084 0.000225627 
0.0210199 0.021628 0.0457618 0.460043 1.0557e-07 0.0274179 0.00289986 0.00671953 7.95852e-05 0.000156972 0.000383728 0.0206156 0.00134826 0.0111661 0.0221485 7.24374e-06 0.00111808 1.74893e-07 0.35566 0.00182582 
0.0333636 0.0304413 0.178905 0.413344 3.29454e-06 0.0048293 0.00267703 0.0297296 0.000673399 0.00114376 0.00368999 0.0337038 0.000277605 0.0767666 0.0235564 0.00565067 0.00800942 8.14266e-07 0.123278 0.0299569 
0.0188648 0.0477258 0.0187576 0.414563 3.51863e-06 0.000937901 0.164094 0.0859165 1.21279e-05 0.000170819 0.00814641 0.050559 5.89076e-05 0.0249094 0.101467 0.000917864 0.00213222 4.77545e-06 0.0554015 0.0053565 
0.036628 0.124387 0.120919 0.262192 0.00226687 0.0115055 0.0188355 0.0317984 4.49432e-05 0.00115257 0.00294531 0.00686241 0.000516448 0.0199987 0.0998907 0.00354784 0.00830443 6.47605e-05 0.20387 0.0442692 
0.0298076 0.0253696 0.0281599 0.549586 5.18422e-05 0.0193946 0.0312009 0.0350513 0.00219043 0.0208034 0.0123411 0.0311332 0.00499236 0.033735 0.110921 0.000532964 0.00408403 4.24814e-05 0.0530598 0.00754229 
0.0135719 0.0176047 0.031998 0.762906 1.22982e-06 0.00181319 0.0332916 0.0339896 1.94032e-05 0.000401451 0.000331592 0.002302 6.16503e-05 0.00721222 0.0215357 2.35463e-05 0.00172687 1.56366e-05 0.0496584 0.0215353 
0.00944052 0.0102603 0.0748657 0.684107 1.60351e-06 0.0040129 0.00234867 0.0277197 5.10044e-06 5.68224e-05 0.000894466 0.00884551 2.28211e-06 0.00216493 0.090147 2.40495e-06 0.000134338 0.000176543 0.0845791 0.000235013 
0.00405822 0.0504568 0.0290176 0.553149 1.59799e-06 0.00251826 0.00345652 0.0120598 3.92635e-06 0.0108101 0.000330827 0.0288667 0.00173996 0.000541424 0.22164 3.11148e-05 0.00153674 1.73098e-05 0.0781264 0.00163716 
0.036708 0.0384718 0.0673276 0.3377 0.000767346 0.00510459 0.0090263 0.0740972 0.000421095 0.000326351 0.00900513 0.0667295 0.00258027 0.0162697 0.095093 2.26301e-05 0.0126648 0.000304457 0.22486 0.00252071 
0.0166999 0.0244967 0.0140295 0.406935 1.59394e-06 0.000777738 0.00437954 0.0196007 0.0588443 2.7734e-05 1.85014e-05 0.0167681 0.000108039 0.00220027 0.16924 1.32358e-05 0.000269641 7.81447e-05 0.265438 7.38685e-05 
0.00110138 0.000505527 0.0179169 0.789713 4.36545e-09 1.75439e-08 7.26433e-05 0.00295561 6.01573e-09 7.39228e-10 0.0178024 0.0195562 3.36937e-06 0.00210814 0.0039093 1.02328e-05 0.00040418 4.85752e-08 0.143888 5.36904e-05 
0.00590942 0.0186822 0.0177097 0.53135 2.35298e-05 0.0419148 0.0189022 0.0224388 1.66275e-08 0.000177644 1.44483e-08 0.0282097 0.000187989 0.00455276 0.229851 1.67398e-06 0.000666216 3.90867e-08 0.0708024 0.0086201 
0.104158 0.0950595 0.118911 0.300841 1.3346e-05 0.0274849 0.0118597 0.0728209 8.26371e-05 0.000201912 0.00186802 0.0641862 0.000979005 0.0247203 0.112701 4.75136e-05 0.0188647 0.000140031 0.0431575 0.00190274 
0.00689448 0.00165878 0.0112999 0.48942 7.85391e-09 2.95798e-05 0.00110091 0.0637475 0.187103 1.46302e-06 0.00393457 0.104971 0.000147148 0.00696535 0.0918662 1.26024e-05 0.000144473 5.48469e-09 0.0245695 0.00613303 
0.0316063 0.023871 0.00991222 0.350954 3.00977e-06 0.0344513 0.0397766 0.06687 0.0237285 0.0784616 0.00222324 0.189238 0.000252162 0.0541542 0.0345953 5.06696e-06 0.0413461 0.000571337 0.0172955 0.000684272 
0.00467249 0.0103209 0.0146233 0.770396 6.10178e-07 0.00194282 0.0131616 0.0141687 4.06103e-05 0.000425896 0.0197746 0.0541028 0.000209516 0.00487772 0.0511683 2.58938e-05 0.00146229 1.74221e-05 0.0384281 0.000180496 
0.0179541 0.102613 0.130742 0.473367 7.30545e-07 0.00183911 0.00920905 0.0273159 8.28305e-05 0.000219817 0.00232152 0.0161729 0.000234486 0.0311918 0.0496306 0.0033528 0.00281443 4.65595e-05 0.0858202 0.0450712 
0.0023146 0.0404227 0.0388117 0.475887 2.16141e-06 0.0223088 0.0159615 0.0307198 0.0392707 0.000527205 0.00300344 0.0381224 0.00839161 0.0246498 0.151112 0.000542693 0.00825614 0.000240663 0.0985019 0.000953838 
0.0170835 0.0533717 0.099847 0.460034 4.87498e-06 0.007792 0.0118018 0.0275462 0.000297653 0.000417978 0.00456818 0.0556445 0.0022999 0.0212742 0.114342 4.38018e-05 0.0254037 7.32816e-05 0.092503 0.00565128 
0.00292576 0.0088677 0.0859952 0.835388 5.46814e-09 0.000847453 0.00144581 0.000715719 3.84355e-05 0.000116654 1.88492e-09 6.207e-05 4.43658e-07 0.000442927 0.014374 4.76217e-07 0.00162747 4.91342e-07 0.0439046 0.00324705 
4.87339e-07 9.40472e-05 0.00326529 0.888221 4.99686e-06 0.00128864 0.0719326 0.000126895 5.16471e-06 9.73337e-06 0.00338859 0.00764632 0.0010541 0.00025826 0.0015275 1.21942e-06 0.0190217 0.000314874 4.38267e-05 0.00179521 
0.00253986 0.0106382 0.00771632 0.476241 7.97567e-08 0.00885108 0.0334588 0.0198471 2.64696e-06 0.000670167 0.000733099 0.149822 0.00148218 0.0177566 0.15289 4.9515e-06 0.000834464 2.47083e-06 0.114699 0.00180957 
0.00704991 0.00987251 0.0347255 0.628551 6.66812e-06 0.000445567 0.00692166 0.0115072 2.57894e-05 0.000257916 0.00205588 0.0375697 0.000302445 0.0300957 0.0210574 2.77604e-06 0.00949473 0.000116951 0.199761 0.000179877 
0.0147996 0.0596336 0.00838538 0.594013 0.000231104 0.0143404 0.00406496 0.0100183 8.72023e-08 1.53128e-05 0.0016215 0.020558 7.82557e-07 0.0550188 0.114439 6.48879e-06 0.0387807 2.81409e-07 0.0432942 0.0207794 
0.103245 0.0132934 0.263094 0.290718 1.0871e-06 0.000694969 0.00934988 0.0147941 1.32821e-05 0.000194769 0.0865229 0.0132519 7.62638e-05 0.00276793 0.052907 0.00013325 0.000516834 9.79124e-05 0.1482 0.000126575 
0.0248767 0.0250162 0.0469657 0.41622 1.94235e-05 0.00875219 0.0148976 0.0320446 0.000275935 0.000213398 0.0128664 0.240753 0.00110075 0.0461756 0.0917726 0.00318768 0.00913843 0.00290437 0.0172482 0.00557068 
0.098607 0.0282374 0.128496 0.264769 0.0002881 0.000967984 0.0456379 0.0691989 3.58943e-05 0.00341801 2.33339e-05 0.0737494 0.00093907 0.0392516 0.108051 2.44999e-05 0.00105519 0.000248009 0.13506 0.00194159 
0.0148996 0.0607612 0.123996 0.538694 0.00202407 0.0202926 0.0281166 0.0558034 0.000115249 0.000883038 0.00657708 0.0343361 0.00106486 0.029443 0.0439934 0.000112909 0.00300428 3.02428e-05 0.0278185 0.00803429 
0.00951054 0.0771063 0.0915253 0.709486 0.000911761 0.00121912 0.0621465 0.00479299 5.925e-06 7.4724e-05 1.8162e-07 0.00379436 8.73269e-07 0.00294535 0.0221619 3.34189e-06 0.00139949 1.03461e-06 0.0127011 0.000213285 
0.0226798 0.0479447 0.122873 0.280563 1.84989e-05 0.00351969 0.00538385 0.0432244 0.000372644 0.000450342 0.00382605 0.0831046 0.00231194 0.0321655 0.116552 0.00126651 0.0187618 0.000520731 0.203416 0.0110443 
0.033451 0.027943 0.100002 0.524662 1.11152e-05 0.00706591 0.0114682 0.0303838 0.00288054 0.000533706 0.0149393 0.037807 0.0017766 0.0192511 0.0734561 0.0018056 0.00284549 3.75291e-05 0.100996 0.00868481 
0.00612452 0.0130181 0.0117549 0.387963 2.82796e-06 0.0159107 0.0289138 0.141004 7.38288e-05 0.000758755 0.00579517 0.0371391 0.000822076 0.0404681 0.136693 0.00960819 0.0159643 3.30207e-05 0.147443 0.000508924 
0.0462205 0.030851 0.259714 0.439737 1.20443e-05 0.0048637 0.00767464 0.0259227 1.3087e-05 6.91006e-05 0.00205179 0.0417004 0.00296468 0.00931 0.0801351 2.71461e-05 0.0126544 8.01464e-05 0.033733 0.00226552 
0.0985787 0.0983092 0.050477 0.611472 1.67215e-06 0.00986184 0.00243774 0.0379616 0.000568181 0.000104044 4.68393e-05 0.0155167 4.35242e-06 0.00178049 0.0361614 1.23547e-06 0.0249975 6.03426e-07 0.0116669 5.22312e-05 
0.00478125 0.0163474 0.0149956 0.622306 8.28057e-06 0.00208306 0.00219488 0.0192836 3.68621e-06 2.1442e-05 0.000151047 0.157892 6.17581e-05 0.00395015 0.124474 1.65603e-05 0.00126945 4.77229e-05 0.0292217 0.00089027 
0.00814409 0.00700723 0.0118442 0.851305 2.2047e-08 0.00192859 0.0468794 0.0346004 1.20597e-06 4.50262e-05 8.48062e-05 0.00101092 3.78838e-05 0.00671734 0.0150014 8.11757e-08 0.000856707 5.78374e-09 0.0133399 0.0011953 
