0.000455103 0.06963 0.001723 0.0701262 0.000191063 0.390258 0.00905592 0.011364 6.7386e-06 0.00661131 0.0361892 0.0141565 0.00101488 0.00499879 0.0432016 0.331494 0.00154957 5.90875e-06 0.0067422 0.00122533 
0.0478204 0.0213041 0.0276858 0.0267182 8.54422e-08 0.526837 0.00681946 0.123119 0.00140271 0.00108069 0.00145948 0.0122973 0.0199744 0.0628733 0.0570656 0.00558365 0.00104115 5.75658e-08 0.0357955 0.0211225 
0.00279279 0.0698992 0.000843827 0.0298776 0.00329961 0.469566 0.0351086 0.0201575 0.000323565 0.00220189 0.00103284 0.0139597 0.00402041 0.213391 0.0109016 0.0304345 0.0300271 0.000427757 0.00190278 0.0598321 
0.000570714 0.0319555 1.11939e-06 0.18133 9.68567e-06 0.542871 0.0692898 0.000786656 9.11501e-09 4.82366e-06 0.0149854 0.0287058 1.33908e-06 0.0671238 0.0286884 1.84693e-05 2.16804e-09 5.94599e-07 0.0328853 0.000771056 
0.0165851 0.156362 0.0120972 0.0272984 2.93559e-06 0.287983 0.0245973 0.059973 0.000718219 0.00767647 0.00294495 0.0071637 0.0072596 0.0699115 0.203023 0.0116294 0.0135247 2.44876e-07 0.00736475 0.0838849 
0.0478204 0.0213041 0.0276858 0.0267182 8.54422e-08 0.526837 0.00681946 0.123119 0.00140271 0.00108069 0.00145948 0.0122973 0.0199744 0.0628733 0.0570656 0.00558365 0.00104115 5.75658e-08 0.0357955 0.0211225 
0.00691331 0.0532779 0.000812174 0.0216523 0.000104358 0.546626 0.0320382 0.00993014 2.00175e-06 0.000281028 0.000100092 0.0435268 0.000382714 0.026029 0.145637 6.05525e-06 0.101888 0.00182425 0.00417681 0.00479215 
0.0238598 0.000533792 0.000610102 0.161996 0.000125321 0.802528 0.000207742 2.6753e-05 2.00952e-05 3.7497e-09 1.76919e-09 0.00192034 1.5911e-07 0.00366727 0.000327425 1.90298e-06 1.657e-05 9.02719e-06 0.00414916 1.01954e-09 
0.0478204 0.0213041 0.0276858 0.0267182 8.54422e-08 0.526837 0.00681946 0.123119 0.00140271 0.00108069 0.00145948 0.0122973 0.0199744 0.0628733 0.0570656 0.00558365 0.00104115 5.75658e-08 0.0357955 0.0211225 
0.0478204 0.0213041 0.0276858 0.0267182 8.54422e-08 0.526837 0.00681946 0.123119 0.00140271 0.00108069 0.00145948 0.0122973 0.0199744 0.0628733 0.0570656 0.00558365 0.00104115 5.75658e-08 0.0357955 0.0211225 
0.0145102 0.0508669 0.0129667 0.0272294 0.0084897 0.456661 0.0647748 0.0580483 0.000464115 0.00078256 0.00251484 0.0115899 0.00254012 0.158865 0.0749256 0.0142241 0.0115115 7.58394e-06 0.00146995 0.027558 
0.0478204 0.0213041 0.0276858 0.0267182 8.54422e-08 0.526837 0.00681946 0.123119 0.00140271 0.00108069 0.00145948 0.0122973 0.0199744 0.0628733 0.0570656 0.00558365 0.00104115 5.75658e-08 0.0357955 0.0211225 
0.0646061 0.0673781 0.004704 0.0459981 4.48131e-07 0.477238 0.0294307 0.0743648 6.94444e-06 0.00411856 0.00188487 0.0164341 0.0038991 0.0212439 0.170822 0.000291805 0.00289839 7.99371e-06 0.0128541 0.00181794 
0.0173538 0.07969 0.0118551 0.0431215 3.97444e-05 0.293248 0.0431176 0.074384 0.00634311 0.0241499 0.0836579 0.0625493 0.00265783 0.12864 0.0433463 0.00417237 0.0409302 1.33427e-05 0.0110304 0.0296997 
0.00016981 2.22862e-05 5.26196e-07 0.000663948 4.9475e-06 0.973114 0.0166291 5.21217e-06 5.16925e-07 5.85816e-07 2.65188e-05 0.0053857 7.43462e-06 5.19323e-05 0.00337504 1.00451e-07 0.000513315 8.94654e-06 1.30232e-07 1.95817e-05 
0.129647 0.0404382 0.0241785 0.107386 2.81794e-05 0.403586 0.0239036 0.128543 0.000122128 0.000779892 0.00224167 0.0055094 0.00149151 0.0553782 0.0526288 0.00597406 0.00628217 1.75955e-05 0.00250919 0.00935423 
0.0528562 0.142331 0.0188911 0.0533566 1.13751e-05 0.184999 0.0383272 0.0944113 0.000535805 0.000867192 0.0128892 0.0562352 0.00962912 0.0644835 0.0862313 0.00467284 0.161124 7.05749e-05 0.00617348 0.0119042 
0.0491189 0.0654617 0.000764828 0.0288167 0.00288531 0.549604 0.0327707 0.0644648 3.46111e-05 0.00098753 0.000546471 0.00238043 0.00143142 0.0513903 0.0879028 0.00025899 0.0392347 9.0433e-07 0.00292418 0.0190207 
0.0241316 0.0583355 0.0242667 0.0460435 3.29932e-05 0.275414 0.0288253 0.0592232 0.002598 0.00465077 0.010019 0.0319746 0.0121359 0.072019 0.252183 0.00979151 0.00726661 2.55075e-05 0.0351764 0.0458879 
0.0305702 0.0392117 0.0182405 0.0229489 4.25371e-05 0.402272 0.0193514 0.0302637 0.0010586 0.00376463 0.00178959 0.0227259 0.0158726 0.0693692 0.0439911 0.00527006 0.223132 2.45125e-06 0.00375028 0.0463725 
0.0405437 0.0180966 0.0223441 0.0211026 1.35901e-05 0.66817 0.026961 0.00854416 3.30914e-05 0.000495358 0.00180673 0.09616 0.0286805 0.00934997 0.0452088 0.000737367 0.00222589 4.40867e-05 0.00611393 0.00336822 
0.0504694 0.0442164 0.00108386 0.0108645 1.12912e-06 0.574273 0.0341418 0.064048 0.000196543 1.20339e-07 0.000680491 0.00116207 0.00164255 0.0153591 0.0357801 0.000119173 0.165444 5.4572e-08 0.000505081 1.22459e-05 
0.0145102 0.0508669 0.0129667 0.0272294 0.0084897 0.456661 0.0647748 0.0580483 0.000464115 0.00078256 0.00251484 0.0115899 0.00254012 0.158865 0.0749256 0.0142241 0.0115115 7.58394e-06 0.00146995 0.027558 
0.0673832 0.0704359 0.00282867 0.0402001 0.00121963 0.205095 0.192333 0.0250431 0.00518768 0.00233882 0.00737186 0.087035 0.00187368 0.0772593 0.198285 0.000101336 0.0133666 3.40657e-06 0.00171028 0.000928076 
0.0478204 0.0213041 0.0276858 0.0267182 8.54422e-08 0.526837 0.00681946 0.123119 0.00140271 0.00108069 0.00145948 0.0122973 0.0199744 0.0628733 0.0570656 0.00558365 0.00104115 5.75658e-08 0.0357955 0.0211225 
1.72778e-05 0.0148236 1.2754e-05 0.00168397 3.78567e-06 0.84498 0.00684977 0.00490283 8.74269e-08 0.00520883 0.000526074 0.0971064 0.000517807 0.000531678 0.0153933 9.51007e-07 0.00695342 6.70382e-07 4.47605e-05 0.000442126 
0.0725692 0.107321 0.0157774 0.082068 6.73235e-06 0.17771 0.146602 0.132722 0.00011172 0.00091811 0.000879223 0.0181883 0.00324057 0.036207 0.155643 0.000412216 0.0171178 0.000103263 0.00796751 0.0244348 
0.0478204 0.0213041 0.0276858 0.0267182 8.54422e-08 0.526837 0.00681946 0.123119 0.00140271 0.00108069 0.00145948 0.0122973 0.0199744 0.0628733 0.0570656 0.00558365 0.00104115 5.75658e-08 0.0357955 0.0211225 
4.89942e-06 4.8998e-06 4.89961e-06 0.0759531 4.89182e-06 0.57021 0.0926034 4.89987e-06 4.89481e-06 4.89408e-06 0.0230224 0.0392017 0.00196376 4.89971e-06 0.196982 4.89918e-06 4.89895e-06 4.89447e-06 4.89887e-06 4.89858e-06 
0.00559901 0.0333211 0.00183781 0.0267149 0.000437834 0.334439 0.0195726 0.127869 0.00117213 0.00362607 0.00585772 0.0246755 0.0272447 0.253223 0.0634447 0.00997564 0.00708502 2.55856e-06 0.00331856 0.0505837 
0.00353843 0.0548473 0.0141921 0.00205234 0.000598522 0.474273 0.0131547 0.0192952 0.000805037 0.00112771 0.0012034 0.0023991 0.00460168 0.233506 0.0393184 0.0211791 0.0550983 2.05567e-07 0.000112223 0.0586972 
0.0478204 0.0213041 0.0276858 0.0267182 8.54422e-08 0.526837 0.00681946 0.123119 0.00140271 0.00108069 0.00145948 0.0122973 0.0199744 0.0628733 0.0570656 0.00558365 0.00104115 5.75658e-08 0.0357955 0.0211225 
0.000455103 0.06963 0.001723 0.0701262 0.000191063 0.390258 0.00905592 0.011364 6.7386e-06 0.00661131 0.0361892 0.0141565 0.00101488 0.00499879 0.0432016 0.331494 0.00154957 5.90875e-06 0.0067422 0.00122533 
0.00287226 0.0428721 0.00397471 0.0522748 3.67071e-06 0.57039 0.110285 0.0582195 0.000295944 6.7876e-05 0.000302995 0.0029099 1.70915e-05 0.0241309 0.122318 1.38536e-06 0.00415104 1.05099e-05 0.00312759 0.00177411 
0.0321235 0.0366117 0.00501849 0.0149507 3.58877e-05 0.575627 0.0541008 0.0916111 9.84279e-05 0.00049581 0.000362876 0.0109028 0.00232479 0.0156919 0.0998453 0.000261172 0.0455943 0.000267159 0.0117065 0.00237017 
0.0478204 0.0213041 0.0276858 0.0267182 8.54422e-08 0.526837 0.00681946 0.123119 0.00140271 0.00108069 0.00145948 0.0122973 0.0199744 0.0628733 0.0570656 0.00558365 0.00104115 5.75658e-08 0.0357955 0.0211225 
0.0478204 0.0213041 0.0276858 0.0267182 8.54422e-08 0.526837 0.00681946 0.123119 0.00140271 0.00108069 0.00145948 0.0122973 0.0199744 0.0628733 0.0570656 0.00558365 0.00104115 5.75658e-08 0.0357955 0.0211225 
0.0164855 0.0529106 0.00697321 0.0339287 0.000104463 0.334637 0.10954 0.169841 6.55084e-05 0.000975214 0.00367692 0.0153528 0.00281774 0.0444317 0.134347 0.000202239 0.0656236 0.000238221 0.0042545 0.0035939 
0.0191617 0.0425367 0.00295341 0.0191446 6.29937e-06 0.717686 0.0481186 0.0461433 1.19643e-05 0.000411839 0.00246278 0.00519781 0.000170154 0.0211048 0.0548362 0.000186349 0.0167934 0.000219543 0.0020523 0.000802273 
0.00583034 0.126104 0.000239218 0.0292984 1.19095e-05 0.336372 0.0523176 0.0257534 0.00138239 0.00181976 0.000109959 0.283709 0.000699885 0.0310921 0.0356609 5.83345e-06 0.0355026 0.00167695 0.0323028 0.000110087 
0.0478204 0.0213041 0.0276858 0.0267182 8.54422e-08 0.526837 0.00681946 0.123119 0.00140271 0.00108069 0.00145948 0.0122973 0.0199744 0.0628733 0.0570656 0.00558365 0.00104115 5.75658e-08 0.0357955 0.0211225 
0.0104559 0.0399173 1.83721e-05 0.0559174 7.36397e-09 0.375885 0.0256792 0.311 3.19708e-05 0.00471052 0.000822588 0.0726792 0.000210316 0.0421651 0.0400833 5.88652e-05 0.0171064 0.000263535 0.00176987 0.00122548 
0.0680077 0.289204 0.0355144 0.0329297 8.36727e-09 0.345659 0.00299003 0.0430232 0.00028637 0.00106996 0.000922134 0.00349121 0.0178325 0.0393957 0.0574685 0.00286413 0.0453911 6.77859e-07 0.00678937 0.0071599 
0.0478204 0.0213041 0.0276858 0.0267182 8.54422e-08 0.526837 0.00681946 0.123119 0.00140271 0.00108069 0.00145948 0.0122973 0.0199744 0.0628733 0.0570656 0.00558365 0.00104115 5.75658e-08 0.0357955 0.0211225 
0.0478204 0.0213041 0.0276858 0.0267182 8.54422e-08 0.526837 0.00681946 0.123119 0.00140271 0.00108069 0.00145948 0.0122973 0.0199744 0.0628733 0.0570656 0.00558365 0.00104115 5.75658e-08 0.0357955 0.0211225 
0.0914212 0.0758783 0.0120378 0.0622388 5.58949e-05 0.24909 0.044115 0.061445 0.000744097 0.00306603 0.000832021 0.0119194 0.00243236 0.0841261 0.239325 0.00370425 0.0221257 7.54727e-05 0.0105854 0.0247817 
0.00664429 0.00610883 0.00679835 0.0487642 0.0167323 0.773905 0.0198651 0.00563058 0.000233892 5.17835e-05 1.33833e-05 0.0130042 4.65673e-06 0.000147799 0.0821164 2.07396e-06 0.00723214 2.17603e-05 0.0125213 0.000202394 
0.0483211 0.0284432 0.00997656 0.134942 5.45493e-06 0.420791 0.029614 0.0142092 9.69472e-06 0.00201004 9.7175e-06 0.0919553 0.000288593 0.0277974 0.161055 4.48353e-05 0.00676979 2.29421e-05 0.0220564 0.00167754 
0.0478204 0.0213041 0.0276858 0.0267182 8.54422e-08 0.526837 0.00681946 0.123119 0.00140271 0.00108069 0.00145948 0.0122973 0.0199744 0.0628733 0.0570656 0.00558365 0.00104115 5.75658e-08 0.0357955 0.0211225 
0.0478204 0.0213041 0.0276858 0.0267182 8.54422e-08 0.526837 0.00681946 0.123119 0.00140271 0.00108069 0.00145948 0.0122973 0.0199744 0.0628733 0.0570656 0.00558365 0.00104115 5.75658e-08 0.0357955 0.0211225 
0.0086819 0.0555794 0.00961816 0.103884 1.20584e-06 0.31942 0.0337133 0.15099 0.000357592 0.00331244 0.000153281 0.184246 0.000714486 0.0129705 0.0738849 1.56768e-05 0.00386291 0.00202724 0.0344403 0.00212771 
0.0178572 0.0406567 0.00178261 0.0897006 5.97596e-05 0.270807 0.0750745 0.0476207 0.00355357 0.00174847 0.00178923 0.0302039 0.123856 0.0849023 0.143218 0.000112162 0.0181814 3.01379e-05 0.0385785 0.0102676 
0.0478204 0.0213041 0.0276858 0.0267182 8.54422e-08 0.526837 0.00681946 0.123119 0.00140271 0.00108069 0.00145948 0.0122973 0.0199744 0.0628733 0.0570656 0.00558365 0.00104115 5.75658e-08 0.0357955 0.0211225 
0.0026016 0.00088534 9.06115e-08 0.00764413 0.00108819 0.895922 0.0209772 0.000527778 4.56837e-09 5.04754e-06 0.000232948 0.0289137 0.000863431 0.00267934 0.0371717 2.69153e-06 0.000300143 1.60157e-06 4.8115e-06 0.000178206 
0.00674269 0.168909 0.00258085 0.0377793 2.99539e-05 0.44855 0.0338256 0.0603134 3.15345e-05 0.00141651 1.18142e-05 0.13504 0.000675034 0.0237178 0.052612 1.83848e-05 0.0122477 9.15561e-05 0.00283484 0.0125715 
0.00975812 0.0103003 0.014525 0.0332762 0.00103417 0.478827 0.10143 0.125824 1.31508e-05 5.71769e-05 0.000726138 0.0187268 0.0119784 0.023839 0.147768 5.89781e-05 0.00721596 0.000100862 0.0128051 0.00173436 
0.0216448 0.0222596 0.00487593 0.0293168 8.92554e-07 0.477851 0.0419871 0.0454511 0.000369706 0.000656913 0.0001556 0.154173 5.36446e-06 0.0770069 0.0556929 3.91668e-06 0.0588535 0.000859226 0.00868402 0.000151708 
0.0257968 0.0402704 0.0223565 0.0621939 0.00174928 0.318485 0.0739594 0.0286897 0.000130032 0.0341474 0.135713 0.0333328 0.000292027 0.0491112 0.146506 3.56328e-05 0.0100468 2.15351e-05 0.0165845 0.000577912 
0.0009954 0.0594726 0.000908777 0.0430712 9.24098e-10 0.542968 0.149067 0.000408439 5.95743e-10 1.15969e-05 7.68214e-06 0.024598 9.57918e-05 0.0685066 0.0239883 3.58401e-07 0.00955639 1.43513e-06 0.0763421 1.8357e-10 
0.00192658 0.00525587 0.00453221 0.0304661 1.66913e-05 0.653426 0.0395536 0.0194491 0.000630961 0.00469815 0.00183475 0.0182958 0.00440713 0.147525 0.0349978 0.0091514 0.00460747 1.85734e-08 0.000357468 0.0188683 
0.0478204 0.0213041 0.0276858 0.0267182 8.54422e-08 0.526837 0.00681946 0.123119 0.00140271 0.00108069 0.00145948 0.0122973 0.0199744 0.0628733 0.0570656 0.00558365 0.00104115 5.75658e-08 0.0357955 0.0211225 
0.0251552 0.0995796 0.0118892 0.0351305 0.000113832 0.226938 0.147354 0.0868426 3.44727e-05 0.00026767 0.00408683 0.0150606 0.00131285 0.180858 0.116444 0.000752686 0.0125366 3.30047e-05 0.0120954 0.0235137 
0.0071777 0.0742116 0.0147709 0.0419493 0.000407711 0.63606 0.0263442 0.0352218 2.41582e-05 0.0051977 3.35603e-05 0.00431155 0.000413204 0.0190588 0.0288662 3.04585e-05 0.0949193 8.46766e-05 0.00858559 0.00233154 
0.0012269 0.00905343 0.000509372 0.000183048 3.38994e-05 0.667712 0.0167202 0.0122349 0.00128995 0.00123458 0.00344273 0.00839423 0.00937406 0.169119 0.0288324 0.0503892 0.00315517 4.5573e-09 9.27417e-05 0.0170026 
0.0174869 0.0566455 0.00359711 0.0232383 5.84953e-07 0.554639 0.0411078 0.155791 6.37901e-06 0.000511448 2.58812e-05 0.00207127 6.02049e-06 0.00551082 0.117495 2.62677e-05 0.013247 0.000358055 0.00758731 0.000648657 
0.0478204 0.0213041 0.0276858 0.0267182 8.54422e-08 0.526837 0.00681946 0.123119 0.00140271 0.00108069 0.00145948 0.0122973 0.0199744 0.0628733 0.0570656 0.00558365 0.00104115 5.75658e-08 0.0357955 0.0211225 
0.00772753 0.0658996 0.00436668 0.0283323 2.12239e-05 0.658112 0.0154781 0.0458616 0.000966608 0.00201203 0.000295576 0.00495774 0.0028682 0.067321 0.0200945 0.0016735 0.0549555 0.000698663 0.0116615 0.00669614 
0.0478204 0.0213041 0.0276858 0.0267182 8.54422e-08 0.526837 0.00681946 0.123119 0.00140271 0.00108069 0.00145948 0.0122973 0.0199744 0.0628733 0.0570656 0.00558365 0.00104115 5.75658e-08 0.0357955 0.0211225 
0.0355192 0.0231139 5.1357e-06 0.0178027 4.33763e-05 0.704468 0.0478458 0.00408126 0.00411413 0.000137563 0.00105523 0.00345232 0.000392894 0.0301843 0.0552388 9.03904e-05 0.0706432 0.000129927 0.0012435 0.000438043 
0.0135422 0.156786 0.00132437 0.00620962 0.00014267 0.205946 0.184929 0.0802128 0.000396188 0.000767809 0.000276602 0.0110435 0.000225411 0.098667 0.100021 0.000285543 0.135845 5.38016e-05 0.000579023 0.00274781 
0.0145102 0.0508669 0.0129667 0.0272294 0.0084897 0.456661 0.0647748 0.0580483 0.000464115 0.00078256 0.00251484 0.0115899 0.00254012 0.158865 0.0749256 0.0142241 0.0115115 7.58394e-06 0.00146995 0.027558 
0.0428962 0.0517742 0.00195501 0.0298672 6.32049e-07 0.523176 0.0240984 0.194836 0.000463152 0.00465987 9.50648e-05 0.00519542 0.00175236 0.0143818 0.0741048 8.84681e-05 0.0251825 0.000309388 0.0044208 0.000742383 
0.000455103 0.06963 0.001723 0.0701262 0.000191063 0.390258 0.00905592 0.011364 6.7386e-06 0.00661131 0.0361892 0.0141565 0.00101488 0.00499879 0.0432016 0.331494 0.00154957 5.90875e-06 0.0067422 0.00122533 
0.0214976 0.11619 0.00276896 0.0487534 0.00396738 0.171833 0.0396153 0.0240206 0.000765505 0.00347169 0.060778 0.0982142 0.0229635 0.160397 0.108704 0.00807367 0.0148024 7.58152e-06 0.00160072 0.091576 
1.58295e-05 0.00551815 1.97583e-05 0.0273081 0.000383558 0.900388 0.0262815 5.3871e-06 8.80839e-08 6.69274e-05 4.86728e-06 0.0168332 2.52773e-05 0.00271193 0.0189394 1.39506e-07 0.00143332 1.57081e-05 4.80607e-05 1.1869e-06 
0.0478204 0.0213041 0.0276858 0.0267182 8.54422e-08 0.526837 0.00681946 0.123119 0.00140271 0.00108069 0.00145948 0.0122973 0.0199744 0.0628733 0.0570656 0.00558365 0.00104115 5.75658e-08 0.0357955 0.0211225 
0.00422311 0.0330474 0.00263084 0.00460216 3.25731e-07 0.492557 0.0814865 0.0580059 0.000811949 0.000574653 0.00138968 0.00455624 0.00321376 0.22717 0.050596 0.00811918 0.014272 6.57765e-06 0.000830869 0.0119051 
0.00454012 0.0132927 0.00291139 0.0165815 0.00492941 0.77689 0.0349865 0.0268654 0.000159117 0.00817199 0.000270682 0.0224351 0.000978226 0.0225617 0.0316822 0.0011457 0.0218054 8.81844e-05 0.00513361 0.00457114 
0.0062423 0.178454 0.00212849 0.0468648 5.5875e-06 0.309221 0.00806002 0.182332 3.98958e-06 0.000541466 0.000562851 0.0167766 0.000249894 0.00828103 0.118023 0.00292108 0.114303 6.53937e-05 0.00200429 0.00295906 
0.0352151 0.00609967 0.0128693 0.0287916 7.44762e-08 0.64323 0.0544545 0.0194831 9.36695e-08 0.000152772 0.000961348 0.0516905 0.0196707 0.0236604 0.00976205 0.0772783 0.00572712 4.18826e-06 0.0022398 0.00870924 
0.00539492 0.0463718 0.0268185 0.0676196 6.54027e-07 0.428393 0.100918 0.0809327 0.000642234 0.000124673 0.0012195 0.00622004 1.46563e-05 0.0485599 0.156385 2.01879e-05 0.0147315 9.77993e-06 0.0134802 0.00214408 
0.000455103 0.06963 0.001723 0.0701262 0.000191063 0.390258 0.00905592 0.011364 6.7386e-06 0.00661131 0.0361892 0.0141565 0.00101488 0.00499879 0.0432016 0.331494 0.00154957 5.90875e-06 0.0067422 0.00122533 
0.00157547 0.0203656 0.00068407 0.00670105 0.0158548 0.686574 0.0263655 0.00819479 5.83833e-05 0.00265093 0.000234413 0.120427 0.000608387 0.00522839 0.0772276 1.13136e-06 0.0179533 2.62539e-06 0.00770999 0.00158243 
0.0478204 0.0213041 0.0276858 0.0267182 8.54422e-08 0.526837 0.00681946 0.123119 0.00140271 0.00108069 0.00145948 0.0122973 0.0199744 0.0628733 0.0570656 0.00558365 0.00104115 5.75658e-08 0.0357955 0.0211225 
0.0478204 0.0213041 0.0276858 0.0267182 8.54422e-08 0.526837 0.00681946 0.123119 0.00140271 0.00108069 0.00145948 0.0122973 0.0199744 0.0628733 0.0570656 0.00558365 0.00104115 5.75658e-08 0.0357955 0.0211225 
0.000430963 0.00941965 0.000447597 0.00364514 1.31614e-06 0.449499 0.0104037 0.0156985 0.001134 0.000816861 0.00167825 0.00752957 0.00545801 0.405268 0.0222495 0.0118059 0.0327587 5.59449e-05 1.71729e-05 0.0216829 
0.0121808 0.117029 0.00510016 0.0824063 0.000120962 0.444078 0.0583217 0.0322556 0.00121795 0.000220452 0.0133329 0.0110448 0.00447945 0.108834 0.0767288 0.0112609 0.00644593 1.36723e-05 0.00889665 0.00603269 
0.0478204 0.0213041 0.0276858 0.0267182 8.54422e-08 0.526837 0.00681946 0.123119 0.00140271 0.00108069 0.00145948 0.0122973 0.0199744 0.0628733 0.0570656 0.00558365 0.00104115 5.75658e-08 0.0357955 0.0211225 
0.00534952 0.00506178 0.000311023 0.000527933 3.31649e-05 0.562165 0.123875 0.0144461 0.000806715 0.000592349 0.00304381 0.0190682 0.00746353 0.137103 0.0362451 0.0636994 0.00981674 1.89446e-08 1.57533e-05 0.0103766 
0.00165892 0.038803 0.00253331 0.0182797 9.16118e-05 0.399448 0.0159135 0.0146829 2.4593e-05 0.0143884 0.0516726 0.030941 0.000462041 0.00502378 0.0698662 0.241029 0.000450385 4.49532e-05 0.0945475 0.000138257 
0.00346726 0.0189545 0.000614001 0.00233401 0.00018425 0.527484 0.0877682 0.0344149 0.00185649 0.00326164 0.00284801 0.027638 0.00450894 0.184783 0.0415726 0.0266878 0.0105111 0.00663295 0.000541529 0.0139362 
0.00391995 0.0536826 0.00335549 0.0577721 5.44614e-05 0.265903 0.00666552 0.0206651 1.174e-05 0.0703382 0.0285257 0.0152429 0.000527857 0.0080546 0.0661317 0.252719 0.000710365 4.47285e-05 0.14546 0.00021499 
0.000455103 0.06963 0.001723 0.0701262 0.000191063 0.390258 0.00905592 0.011364 6.7386e-06 0.00661131 0.0361892 0.0141565 0.00101488 0.00499879 0.0432016 0.331494 0.00154957 5.90875e-06 0.0067422 0.00122533 
0.0478204 0.0213041 0.0276858 0.0267182 8.54422e-08 0.526837 0.00681946 0.123119 0.00140271 0.00108069 0.00145948 0.0122973 0.0199744 0.0628733 0.0570656 0.00558365 0.00104115 5.75658e-08 0.0357955 0.0211225 
0.0137538 0.039944 0.00552723 0.0322404 2.99041e-05 0.71729 0.0363426 0.00733736 3.19219e-05 0.00207287 0.000748344 0.0316079 0.000998188 0.00593414 0.0788119 0.0013452 0.0173701 5.59455e-05 0.00680379 0.00175477 
0.029373 0.0955025 0.012216 0.0416262 0.000274183 0.367332 0.0124421 0.0916565 0.0151282 0.000697863 5.26164e-05 0.0578215 5.11516e-05 0.0447392 0.148649 0.00179505 0.0132281 0.0516878 0.0134213 0.00230519 
0.0478204 0.0213041 0.0276858 0.0267182 8.54422e-08 0.526837 0.00681946 0.123119 0.00140271 0.00108069 0.00145948 0.0122973 0.0199744 0.0628733 0.0570656 0.00558365 0.00104115 5.75658e-08 0.0357955 0.0211225 
0.0419382 0.026961 0.0110942 0.0368679 0.00475046 0.677007 0.0131737 0.0249342 0.00110302 0.00247614 0.000483042 0.0309825 0.00252693 0.0259345 0.0471095 0.000469059 0.0379693 0.000305481 0.0118389 0.00207457 
0.0145102 0.0508669 0.0129667 0.0272294 0.0084897 0.456661 0.0647748 0.0580483 0.000464115 0.00078256 0.00251484 0.0115899 0.00254012 0.158865 0.0749256 0.0142241 0.0115115 7.58394e-06 0.00146995 0.027558 
0.000455103 0.06963 0.001723 0.0701262 0.000191063 0.390258 0.00905592 0.011364 6.7386e-06 0.00661131 0.0361892 0.0141565 0.00101488 0.00499879 0.0432016 0.331494 0.00154957 5.90875e-06 0.0067422 0.00122533 
0.0478204 0.0213041 0.0276858 0.0267182 8.54422e-08 0.526837 0.00681946 0.123119 0.00140271 0.00108069 0.00145948 0.0122973 0.0199744 0.0628733 0.0570656 0.00558365 0.00104115 5.75658e-08 0.0357955 0.0211225 
0.00596621 0.0268754 4.61595e-05 0.0166866 0.0076826 0.271476 0.233767 0.00484233 9.37255e-07 2.79432e-05 0.00345364 0.0990261 0.000638089 0.113453 0.206152 5.96931e-08 0.00985765 4.73604e-07 4.64098e-05 1.10921e-06 
0.00273121 0.0119016 0.00153879 0.00758813 6.59659e-10 0.546597 0.133292 0.0921597 0.000891302 0.0001734 0.00272104 0.00846696 0.00383465 0.133846 0.0437194 0.000635862 0.00153996 4.52379e-10 0.00119842 0.00716417 
0.00586875 0.00288602 3.26503e-07 0.0100062 4.63764e-08 0.415549 0.00556467 0.0195772 2.98977e-08 3.38823e-08 3.58901e-06 0.217143 6.07239e-05 0.00663663 0.315907 1.39739e-07 3.73475e-06 4.4619e-07 3.66143e-06 0.000788474 
0.0274228 0.0182026 0.00131191 0.0587156 1.2079e-05 0.793253 0.00953427 0.027074 9.09e-05 0.000125635 7.01524e-05 0.00759671 6.11246e-06 0.0245396 0.0126358 3.83794e-06 0.00762317 0.000199018 0.00158958 0.00999334 
0.0478204 0.0213041 0.0276858 0.0267182 8.54422e-08 0.526837 0.00681946 0.123119 0.00140271 0.00108069 0.00145948 0.0122973 0.0199744 0.0628733 0.0570656 0.00558365 0.00104115 5.75658e-08 0.0357955 0.0211225 
0.00202911 0.00660675 0.00106682 0.0126709 1.13652e-06 0.54217 0.0153715 0.00833122 0.000609107 0.000433903 0.000900485 0.0450565 0.0984111 0.233134 0.0091664 0.00609394 0.000655136 3.6763e-06 0.0010435 0.0162448 
0.0478204 0.0213041 0.0276858 0.0267182 8.54422e-08 0.526837 0.00681946 0.123119 0.00140271 0.00108069 0.00145948 0.0122973 0.0199744 0.0628733 0.0570656 0.00558365 0.00104115 5.75658e-08 0.0357955 0.0211225 
0.000354775 0.0120608 0.000190017 0.0531575 7.67365e-09 0.905198 0.00775326 0.00163652 2.4639e-08 0.00127629 0.000456735 0.0001494 0.00252843 0.000644101 0.00848816 0.00154897 0.00156871 9.44247e-08 0.00298785 1.92785e-07 
0.00480233 0.00741226 0.000954653 0.000791464 0.000381195 0.689462 0.0387657 0.00986057 0.000311143 0.000444967 0.00324301 0.0931426 0.0205739 0.068416 0.0315994 0.0075802 0.00437027 7.34555e-10 0.000417424 0.0174705 
0.00550128 0.0244963 0.00290512 0.0161738 5.47123e-05 0.599138 0.0891402 0.0184627 5.88999e-05 0.00142743 0.000185888 0.0024839 0.000359681 0.127842 0.0600217 0.00573607 0.0212481 2.91298e-05 0.000949966 0.0237851 
0.000213885 0.00200776 0.00370776 0.000481961 1.04546e-05 0.969498 0.000209888 0.00834587 0.000154809 0.000117173 0.000205739 0.000686033 0.000489292 0.00311303 0.0002247 0.0023023 0.00656835 6.69152e-07 9.31401e-05 0.00156921 
0.0478204 0.0213041 0.0276858 0.0267182 8.54422e-08 0.526837 0.00681946 0.123119 0.00140271 0.00108069 0.00145948 0.0122973 0.0199744 0.0628733 0.0570656 0.00558365 0.00104115 5.75658e-08 0.0357955 0.0211225 
0.0145102 0.0508669 0.0129667 0.0272294 0.0084897 0.456661 0.0647748 0.0580483 0.000464115 0.00078256 0.00251484 0.0115899 0.00254012 0.158865 0.0749256 0.0142241 0.0115115 7.58394e-06 0.00146995 0.027558 
0.000455103 0.06963 0.001723 0.0701262 0.000191063 0.390258 0.00905592 0.011364 6.7386e-06 0.00661131 0.0361892 0.0141565 0.00101488 0.00499879 0.0432016 0.331494 0.00154957 5.90875e-06 0.0067422 0.00122533 
0.00674269 0.168909 0.00258085 0.0377793 2.99539e-05 0.44855 0.0338256 0.0603134 3.15345e-05 0.00141651 1.18142e-05 0.13504 0.000675034 0.0237178 0.052612 1.83848e-05 0.0122477 9.15561e-05 0.00283484 0.0125715 
0.134675 0.150253 0.00981172 0.0923492 1.80548e-07 0.398058 0.0151914 0.0431214 9.84235e-05 0.00117146 0.00755632 0.0175216 0.00022892 0.0563311 0.0469896 5.23885e-05 0.0168241 5.91897e-05 0.00461856 0.00508803 
0.00359605 0.0273059 0.0866668 0.225264 1.41252e-05 0.407975 0.00563257 0.0267371 4.69617e-06 2.75139e-05 0.000106716 0.00290954 1.60236e-06 0.00613526 0.119667 4.57897e-06 0.00122983 0.00117301 0.0846876 0.000861144 
0.0253593 0.0638081 0.00411484 0.0314447 6.34075e-05 0.405515 0.041948 0.0612691 0.00167034 0.00215489 0.00331533 0.0247596 0.00175791 0.238782 0.0431692 0.00501144 0.0304003 0.0001139 0.00451593 0.0108267 
0.0263664 0.0440808 0.00222424 0.027137 6.55478e-05 0.699784 0.0356885 0.0552684 1.5867e-05 0.000300339 1.05575e-05 0.0235916 7.22718e-05 0.0144802 0.0391925 1.78774e-06 0.0286511 2.67535e-05 0.00274012 0.000301669 
0.00103125 0.0118521 0.000745195 0.00171287 2.4594e-07 0.485662 0.0721928 0.0497132 0.00115317 0.00318597 0.00193383 0.0192404 0.0054131 0.247494 0.0331926 0.042587 0.0125288 5.30191e-07 0.000815614 0.00954511 
0.00997725 0.0292059 0.000151989 0.0149744 9.29926e-05 0.849656 0.000177314 0.0725379 8.31487e-05 0.00592972 6.10911e-05 0.00498464 1.02498e-05 0.00653534 0.00025172 5.83459e-06 0.000171544 0.000183563 0.00492769 8.18856e-05 
0.00641046 0.0873856 0.00668295 0.0209352 1.96868e-05 0.642742 0.0933238 0.00327775 8.71378e-06 8.06169e-06 0.000527048 0.0321967 1.08266e-06 0.0363085 0.00999235 3.38004e-05 0.0577086 0.00182525 0.00044624 0.000165929 
0.0478204 0.0213041 0.0276858 0.0267182 8.54422e-08 0.526837 0.00681946 0.123119 0.00140271 0.00108069 0.00145948 0.0122973 0.0199744 0.0628733 0.0570656 0.00558365 0.00104115 5.75658e-08 0.0357955 0.0211225 
0.00202911 0.00660675 0.00106682 0.0126709 1.13652e-06 0.54217 0.0153715 0.00833122 0.000609107 0.000433903 0.000900485 0.0450565 0.0984111 0.233134 0.0091664 0.00609394 0.000655136 3.6763e-06 0.0010435 0.0162448 
0.148538 0.113562 0.0274521 0.0677754 8.01978e-06 0.325735 0.0289028 0.0623427 1.49345e-05 0.00175287 0.00216945 0.00533906 0.00346407 0.0279028 0.0967077 3.50314e-05 0.076806 0.00108003 0.0070543 0.00335784 
0.067622 0.0125024 0.00106693 0.00299066 0.00408729 0.786343 0.0210493 1.81453e-05 1.52409e-06 0.0165978 0.00128155 0.0223324 0.00444702 8.06505e-05 0.0589819 2.96167e-07 0.00035446 1.71314e-05 0.000225499 4.6963e-07 
0.0478204 0.0213041 0.0276858 0.0267182 8.54422e-08 0.526837 0.00681946 0.123119 0.00140271 0.00108069 0.00145948 0.0122973 0.0199744 0.0628733 0.0570656 0.00558365 0.00104115 5.75658e-08 0.0357955 0.0211225 
0.00264857 0.0413411 0.000558728 0.162373 0.000286859 0.370888 0.086452 0.0512816 4.28015e-06 0.000605503 0.0190929 0.203622 7.66049e-05 0.0255545 0.0192879 1.2078e-06 0.0103796 0.00115095 0.00352264 0.000871659 
0.0478204 0.0213041 0.0276858 0.0267182 8.54422e-08 0.526837 0.00681946 0.123119 0.00140271 0.00108069 0.00145948 0.0122973 0.0199744 0.0628733 0.0570656 0.00558365 0.00104115 5.75658e-08 0.0357955 0.0211225 
0.0183967 0.0130361 0.000965987 0.0309797 0.000126004 0.513033 0.00131673 0.0245302 0.00507374 0.00593015 0.00755456 0.0192372 0.000207495 0.00988872 0.0268219 0.00239835 0.317553 2.68972e-09 0.00192484 0.00102612 
0.00332997 0.100492 0.00363903 0.0116691 0.000106448 0.248358 0.0301947 0.191631 0.000706843 0.00269379 0.00309389 0.0293002 0.00756053 0.115825 0.175476 0.00885088 0.0216552 4.12314e-08 0.00749559 0.0379216 
0.000874562 0.00837446 0.000323068 0.000269504 1.07268e-06 0.582576 0.193226 0.0283903 0.001108 0.000537756 0.00251337 0.00463517 0.00885848 0.0855521 0.0587461 0.00922855 0.00599854 1.71323e-07 0.000112782 0.00867397 
0.0127084 0.0938388 0.00786018 0.0296158 0.00344008 0.508665 0.0179963 0.0842004 0.0102421 0.00656802 0.00383438 0.0037842 0.00219934 0.107036 0.0270743 0.00453151 0.0573546 0.000200635 0.0128143 0.00603518 
0.0297932 0.0462243 0.0035686 0.038621 0.000387816 0.585209 0.0655452 0.0245699 0.000346774 0.00240777 0.000153048 0.0475437 0.0488247 0.0031199 0.0475738 5.6624e-05 0.0156184 0.000828617 0.00332195 0.0362858 
0.0478204 0.0213041 0.0276858 0.0267182 8.54422e-08 0.526837 0.00681946 0.123119 0.00140271 0.00108069 0.00145948 0.0122973 0.0199744 0.0628733 0.0570656 0.00558365 0.00104115 5.75658e-08 0.0357955 0.0211225 
0.0351218 0.0808884 0.0349711 0.0283755 6.03175e-06 0.309161 0.0271953 0.0861993 0.00127274 0.00169464 0.00231138 0.0219944 0.0130206 0.0485693 0.224023 0.0108338 0.0011935 7.60154e-06 0.0516544 0.0215057 
0.0424001 0.0904856 0.00638477 0.0585674 0.0240906 0.253938 0.0418366 0.156649 3.34923e-05 0.0228204 0.0177419 0.109178 0.00202501 0.0423903 0.0927998 7.3591e-05 0.0141381 0.0148769 0.00596169 0.00360842 
0.0342755 0.0574003 0.0147986 0.013641 0.000472885 0.376709 0.0452477 0.0256881 0.0131442 0.00721083 0.00158952 0.0268241 0.00207694 0.0362796 0.314428 0.00958254 0.00604732 3.24969e-06 0.0106207 0.00396008 
0.00756177 0.115839 0.0253153 0.00286699 5.14202e-07 0.3545 0.00693142 0.00912068 0.000620109 0.00264996 0.00698771 0.00332628 0.00457694 0.139917 0.0521357 0.00823731 0.194566 5.29706e-09 0.000143073 0.0647034 
0.0518705 0.0747003 0.0111022 0.0339504 0.000752877 0.232687 0.115297 0.202234 0.00029094 0.0030537 0.00163571 0.0110353 0.00391354 0.0463435 0.11712 0.00098491 0.0745405 0.000216887 0.00661348 0.0116573 
0.00829077 0.14425 0.00638908 0.0192717 0.0787496 0.26818 0.0572386 0.0393453 2.15009e-05 0.000383371 0.00077316 0.0338091 0.000250948 0.0355958 0.0249731 3.54586e-05 0.223607 0.0544533 0.00290096 0.00148107 
0.112214 0.013106 0.00252714 0.0532822 0.00201544 0.635719 0.00713424 0.039519 0.00044272 0.000322475 0.0031174 0.0626549 0.00181078 0.00500463 0.0247538 0.00388242 0.029786 7.99014e-06 0.00266316 3.68919e-05 
0.00127495 0.0103521 0.000812051 0.0134028 0.000515001 0.8186 0.0165073 0.00511786 2.03975e-05 0.000444055 0.00090413 0.0873288 0.00116227 0.00588671 0.0305592 3.1329e-06 0.00538378 2.84752e-06 0.00150488 0.000218197 
0.000455603 6.71603e-06 3.76584e-05 0.00484601 5.74699e-08 0.571243 0.248044 0.00491367 3.70494e-08 9.72601e-06 0.00182175 0.0617626 3.64139e-06 0.0806839 0.0194871 7.63917e-06 0.00399503 4.45256e-06 8.16532e-05 0.00259624 
0.00159886 0.0988956 0.00106567 0.0153476 1.48783e-06 0.629087 0.00231904 0.104873 8.18224e-05 0.00696033 0.000824418 0.028377 0.000172313 0.0656027 0.0309616 8.9989e-05 0.00688244 7.5644e-05 0.00451124 0.00227213 
0.00600964 0.0500625 0.000222705 0.0148293 8.83988e-06 0.317297 0.0440984 0.185213 0.00193698 0.00053853 0.000929903 0.0826174 0.000303932 0.0579738 0.224419 2.46575e-05 0.00383809 0.000760428 0.00366131 0.00525481 
0.0200196 0.12873 0.0154697 0.0382222 0.000165266 0.440915 0.0465618 0.0302779 0.000545876 0.00140839 0.0024839 0.0101986 0.00192115 0.091417 0.072141 0.00465693 0.0579636 0.000819465 0.00349319 0.0325886 
0.085446 0.0454315 0.00233023 0.0401139 1.45981e-05 0.399578 0.00869488 0.262234 0.00166852 0.0130982 0.000438148 0.0110482 0.0081219 0.0260535 0.0489449 0.000673017 0.0410308 0.00012114 0.00304857 0.00191022 
0.0477239 0.247374 0.010216 0.0236945 5.36647e-07 0.279346 0.0211866 0.0636826 2.30878e-06 0.0146937 0.00849634 0.0128337 0.00235955 0.0127712 0.143657 0.00180517 0.00752539 7.10178e-05 0.0944735 0.0080857 
0.012254 0.026321 0.00147259 0.00926232 0.000913802 0.775568 0.0214602 0.0249745 0.000532068 0.00188821 0.00189411 0.0147664 0.0022798 0.0381811 0.0299597 0.00237882 0.0204523 7.53438e-06 0.00146494 0.0139687 
1.06801e-09 2.44642e-05 8.36126e-10 0.090231 0.000306302 0.331173 0.285349 1.68485e-06 7.05965e-09 8.0005e-09 5.96682e-06 0.0410583 3.99099e-09 0.0329957 0.218842 1.37185e-09 1.67916e-09 7.50973e-09 1.28699e-06 1.15296e-05 
0.0478204 0.0213041 0.0276858 0.0267182 8.54422e-08 0.526837 0.00681946 0.123119 0.00140271 0.00108069 0.00145948 0.0122973 0.0199744 0.0628733 0.0570656 0.00558365 0.00104115 5.75658e-08 0.0357955 0.0211225 
0.0955106 0.150997 0.00774277 0.107765 0.000998585 0.23696 0.0524301 0.0419538 0.000422946 0.0031429 0.000694711 0.0130241 0.00194819 0.149076 0.113277 0.0062601 0.00752391 1.43714e-08 0.00282646 0.00744584 
0.0279137 0.0795741 0.00404427 0.0348131 1.59253e-05 0.461646 0.0225737 0.112234 0.000704751 0.000259041 0.00579268 0.0503978 0.00516824 0.00874918 0.144367 0.00187527 0.032449 0.000685702 0.00451809 0.00221855 
0.0017178 0.00701384 0.0186528 0.0151437 0.00100754 0.462529 0.193633 0.00476827 4.09509e-05 0.00611575 0.00337435 0.0301341 0.0146591 0.160857 0.0151369 0.0120823 0.044469 0.00769717 7.50261e-05 0.000892173 
0.0478204 0.0213041 0.0276858 0.0267182 8.54422e-08 0.526837 0.00681946 0.123119 0.00140271 0.00108069 0.00145948 0.0122973 0.0199744 0.0628733 0.0570656 0.00558365 0.00104115 5.75658e-08 0.0357955 0.0211225 
0.0174869 0.0566455 0.00359711 0.0232383 5.84953e-07 0.554639 0.0411078 0.155791 6.37901e-06 0.000511448 2.58812e-05 0.00207127 6.02049e-06 0.00551082 0.117495 2.62677e-05 0.013247 0.000358055 0.00758731 0.000648657 
0.0159654 0.0512988 0.0056297 0.0633547 0.0017853 0.215569 0.187062 0.0378466 0.00100101 0.0260392 0.00207909 0.146955 0.000962219 0.029797 0.180951 0.000926364 0.0206109 0.00221151 0.00853937 0.00141563 
0.0478204 0.0213041 0.0276858 0.0267182 8.54422e-08 0.526837 0.00681946 0.123119 0.00140271 0.00108069 0.00145948 0.0122973 0.0199744 0.0628733 0.0570656 0.00558365 0.00104115 5.75658e-08 0.0357955 0.0211225 
0.0134752 0.028066 0.0033297 0.00538531 0.00010631 0.667687 0.0436416 0.0279849 8.32804e-06 0.00371758 0.00326469 0.0139834 0.00317229 0.00948781 0.157756 0.00036381 0.00147864 1.12896e-06 0.0153306 0.0017589 
0.00883457 0.0178276 0.0436825 0.0578723 3.1198e-05 0.285305 0.0278418 0.0440872 0.00785406 0.00103301 0.00533565 0.239171 0.00957475 0.166695 0.0223603 0.0188742 0.0220938 6.70322e-06 0.0079822 0.0135365 
0.0489214 0.0622202 0.00227881 0.0263435 0.000105609 0.338779 0.0447232 0.296741 0.000253419 0.00409665 0.00919177 0.00607354 0.007236 0.034897 0.0629314 0.00382754 0.0448281 0.000460537 0.0018437 0.00424738 
0.0596831 0.0887489 0.0167476 0.0422013 2.77563e-06 0.454755 0.0182857 0.0422483 0.000530425 0.00988013 0.00084424 0.00609946 0.00858285 0.0321691 0.170675 0.00639962 0.00445865 1.81799e-08 0.0117915 0.0258962 
1.92087e-06 6.64347e-06 9.06021e-08 9.96058e-05 4.36545e-06 0.953273 0.0309589 5.30856e-08 2.33635e-06 8.66929e-07 2.05314e-05 0.0149622 5.90915e-06 2.40233e-05 0.000625204 1.48653e-07 2.6413e-06 1.97392e-06 8.83716e-06 2.35718e-07 
0.00566128 0.0128105 0.000252829 0.0108885 0.000113102 0.466951 0.0893283 0.0503298 0.000315535 0.00278797 0.000555328 0.0250616 0.0020896 0.166862 0.0483266 0.0236471 0.08474 1.98692e-09 0.00011204 0.00916707 
0.00162794 0.0215623 0.00108459 0.0152928 1.29894e-05 0.528515 0.0522278 0.00755549 0.000242764 0.0044452 0.0177528 0.115539 0.0931799 0.0302422 0.0755592 0.00284368 0.0204029 1.36541e-05 0.000660067 0.0112396 
0.00119344 0.0124263 0.0987985 0.0373273 9.07397e-06 0.4742 0.00557978 0.0111604 0.000410368 0.00456776 0.00365682 0.0138815 0.0118217 0.120582 0.0155827 0.00383557 0.0172663 5.35934e-08 0.00132114 0.166379 
0.0478204 0.0213041 0.0276858 0.0267182 8.54422e-08 0.526837 0.00681946 0.123119 0.00140271 0.00108069 0.00145948 0.0122973 0.0199744 0.0628733 0.0570656 0.00558365 0.00104115 5.75658e-08 0.0357955 0.0211225 
0.0478204 0.0213041 0.0276858 0.0267182 8.54422e-08 0.526837 0.00681946 0.123119 0.00140271 0.00108069 0.00145948 0.0122973 0.0199744 0.0628733 0.0570656 0.00558365 0.00104115 5.75658e-08 0.0357955 0.0211225 
0.000929664 0.026658 4.40005e-10 0.0019093 5.22844e-06 0.586334 0.00206824 2.57808e-10 3.71508e-09 4.2102e-09 8.3151e-06 0.0289502 2.10023e-09 0.293473 0.00502102 0.000170856 0.0543986 7.19617e-05 9.35961e-10 1.07954e-06 
0.0746192 0.0674101 0.000625072 0.0457086 3.07892e-07 0.594487 0.00534169 0.0796993 0.000248199 0.000413191 1.21507e-07 0.0162954 7.09496e-06 0.0322109 0.0571527 5.43876e-06 0.0225477 7.75476e-05 0.00291096 0.000239392 
0.0478204 0.0213041 0.0276858 0.0267182 8.54422e-08 0.526837 0.00681946 0.123119 0.00140271 0.00108069 0.00145948 0.0122973 0.0199744 0.0628733 0.0570656 0.00558365 0.00104115 5.75658e-08 0.0357955 0.0211225 
0.0209375 0.164521 0.00678104 0.148619 3.3593e-05 0.213114 0.0417182 0.110848 0.00149026 0.00145281 0.00204652 0.0232459 0.00177921 0.11729 0.100621 0.00201153 0.0135228 0.000114476 0.00631486 0.0235382 
0.0238477 0.118952 0.000966025 0.0350911 9.29802e-07 0.303083 0.0221209 0.0136104 0.000497842 0.00659041 0.000561214 0.00663903 0.0140398 0.269043 0.0399653 0.00432559 0.116248 1.97873e-09 0.000765542 0.0236517 
0.0104559 0.0399173 1.83721e-05 0.0559174 7.36397e-09 0.375885 0.0256792 0.311 3.19708e-05 0.00471052 0.000822588 0.0726792 0.000210316 0.0421651 0.0400833 5.88652e-05 0.0171064 0.000263535 0.00176987 0.00122548 
0.0478204 0.0213041 0.0276858 0.0267182 8.54422e-08 0.526837 0.00681946 0.123119 0.00140271 0.00108069 0.00145948 0.0122973 0.0199744 0.0628733 0.0570656 0.00558365 0.00104115 5.75658e-08 0.0357955 0.0211225 
0.0934256 0.096087 0.00782964 0.00789805 0.0041295 0.344112 0.0136615 0.0253572 0.000417683 0.000825929 0.0137513 0.00741041 0.0014943 0.110404 0.054174 0.00361141 0.173057 3.34926e-05 0.00419844 0.0381209 
0.00538132 0.0155723 0.0030569 0.018935 2.62462e-05 0.625102 0.0839839 0.0165648 2.7273e-05 0.00514058 0.000555833 0.0145271 0.000290849 0.000100666 0.0628966 0.00220693 0.0154587 0.000214887 0.129901 5.66994e-05 
0.0517929 0.0927403 0.0280255 0.0729019 0.000948815 0.222949 0.0447481 0.0595678 0.00608162 0.00041078 0.0100149 0.0421966 0.00779265 0.0918199 0.0922633 0.0122634 0.128695 4.41868e-05 0.0137185 0.0210253 
0.0478204 0.0213041 0.0276858 0.0267182 8.54422e-08 0.526837 0.00681946 0.123119 0.00140271 0.00108069 0.00145948 0.0122973 0.0199744 0.0628733 0.0570656 0.00558365 0.00104115 5.75658e-08 0.0357955 0.0211225 
0.00630881 0.0221382 0.0021417 0.0328336 8.44024e-07 0.741081 0.0705042 0.0248553 2.04616e-05 0.000117866 0.00047006 0.0177531 0.000464523 0.0286033 0.0277195 2.44368e-06 0.0103586 1.42837e-05 0.0115135 0.00309856 
0.000139492 1.00633e-05 9.97233e-05 0.033437 8.58355e-07 0.74575 0.0271034 1.57895e-06 1.84926e-08 2.09571e-08 0.000709816 0.152196 7.00853e-05 0.00149981 0.0266068 3.59354e-09 0.0105844 1.73864e-06 0.0017895 5.69824e-09 
0.0478204 0.0213041 0.0276858 0.0267182 8.54422e-08 0.526837 0.00681946 0.123119 0.00140271 0.00108069 0.00145948 0.0122973 0.0199744 0.0628733 0.0570656 0.00558365 0.00104115 5.75658e-08 0.0357955 0.0211225 
2.3185e-06 0.0145247 0.000414458 0.0418593 2.7195e-07 0.393417 0.0664332 4.17247e-06 1.7532e-07 0.000156564 6.41755e-07 0.00673782 0.000275292 0.198376 0.257945 5.91175e-06 0.00104084 0.000118262 0.0103075 0.0083792 
0.0477468 0.0918397 0.0133982 0.0425892 2.26717e-06 0.470089 0.0146287 0.0337988 0.00042454 0.00790445 0.000675566 0.00924289 0.011568 0.0297506 0.169184 0.0059651 0.00369944 1.59044e-08 0.0224527 0.0250399 
0.077789 0.0510596 0.0115671 0.0773072 0.0205161 0.339106 0.0634861 0.0822767 0.000534632 0.000462923 0.00619602 0.005199 0.00620106 0.140507 0.0673203 0.00370447 0.0221603 1.69357e-05 0.0143327 0.0102568 
0.0478204 0.0213041 0.0276858 0.0267182 8.54422e-08 0.526837 0.00681946 0.123119 0.00140271 0.00108069 0.00145948 0.0122973 0.0199744 0.0628733 0.0570656 0.00558365 0.00104115 5.75658e-08 0.0357955 0.0211225 
