0.0677718 0.00226096 0.00599483 0.000427376 1.17701e-05 0.000723785 0.659836 0.000105831 0.00195843 0.000399387 0.000139282 0.000663948 0.0874116 0.0319571 0.000797399 0.00617022 1.17217e-05 0.0117168 0.120755 0.000887507 
0.107296 0.0174834 0.00824645 0.00985991 1.41107e-06 0.0047401 0.215 0.0409462 0.00146283 0.00323795 0.0137062 0.0115969 0.18438 0.172074 9.28742e-05 0.00235072 9.90769e-05 0.0357267 0.0921676 0.0795311 
0.117515 0.0020114 0.0540159 0.00612394 8.61073e-06 2.67188e-05 0.469131 1.7349e-05 0.00311539 0.00680513 0.000269137 0.000901506 0.0460263 0.0517018 0.000882272 0.00129089 7.39348e-06 0.00679365 0.218303 0.0150535 
0.00650473 1.27144e-06 0.0021449 4.77531e-07 6.37949e-06 2.84502e-06 0.857606 4.84685e-06 0.000528823 0.000347416 2.99354e-06 6.00108e-07 0.00470253 0.00146228 2.59843e-06 0.00170376 9.19027e-07 3.59236e-05 0.123529 0.00141152 
0.246697 0.0065703 0.00334984 0.0247367 0.0181146 0.000946919 0.25201 8.8142e-05 0.0309631 0.00424742 0.000484512 0.00129371 0.0644711 0.0201522 0.0112302 3.08789e-05 2.60672e-05 0.0197075 0.195011 0.0998686 
0.125371 0.0163504 0.0137201 0.0018515 5.78436e-06 3.30764e-05 0.520008 6.99245e-06 0.00305495 0.0187326 4.81851e-05 0.000554086 0.0402044 0.00909882 0.0011663 0.00132303 6.77244e-06 0.00408852 0.18863 0.0557453 
0.0417456 0.0047223 0.0142237 0.0525038 0.00598726 0.0018859 0.794895 0.00104331 0.000638517 0.00484989 0.00375888 0.00628044 0.00585196 0.0243305 0.000409063 0.00185015 0.000352748 0.0128177 0.00955036 0.0123027 
0.00570349 0.00804612 0.0123781 0.00755158 0.000111301 0.00189841 0.429025 0.000649259 0.0107157 0.223131 0.002488 0.00346596 0.109971 0.0116158 0.00217008 0.000267645 0.00736304 0.0290939 0.128544 0.00581007 
0.152763 0.0303398 0.0268666 0.0482821 1.98149e-05 0.00130553 0.189735 0.000392395 0.00273824 0.00621065 0.00373221 0.000422718 0.0628717 0.152741 0.000588431 0.00157582 9.38976e-05 0.139667 0.172725 0.00692854 
0.0547829 0.0207447 0.0321082 0.0405542 0.00129046 0.00543381 0.210549 0.000550187 0.0966727 0.0158651 0.00554578 0.0219604 0.102869 0.0812836 0.0027316 0.0146747 0.00472694 0.0587332 0.176274 0.0526498 
0.0695795 0.00534144 0.0325115 0.0101402 1.01812e-05 1.15336e-05 0.420176 0.00045513 0.0056934 0.0070014 0.000231743 0.00310183 0.0386203 0.0764388 0.000733331 0.0042585 0.000224273 0.0185672 0.260403 0.0465004 
0.0315534 0.0224077 0.0555365 0.0117464 0.000297966 0.00104861 0.342078 0.00515177 0.0034048 0.0569247 0.000789267 0.0134116 0.0616895 0.0334406 0.00506669 0.00326374 0.00168003 0.0247214 0.315769 0.0100183 
0.00570349 0.00804612 0.0123781 0.00755158 0.000111301 0.00189841 0.429025 0.000649259 0.0107157 0.223131 0.002488 0.00346596 0.109971 0.0116158 0.00217008 0.000267645 0.00736304 0.0290939 0.128544 0.00581007 
0.113293 0.00119941 0.0685845 0.0357601 3.77816e-05 1.35015e-05 0.50082 0.000180571 0.00150914 0.00260931 0.000191958 0.00280037 0.026471 0.0565458 0.00086523 0.00766229 0.000408812 0.0223455 0.144945 0.0137571 
0.108958 0.00351188 0.0217405 0.00439115 1.03099e-05 2.89428e-05 0.562671 1.8827e-05 0.00224078 0.030164 0.000224561 0.000665125 0.0123517 0.0172947 0.0156852 0.000936162 8.25522e-06 0.0112175 0.195361 0.0125207 
0.213382 0.0232452 0.021444 0.0017223 5.27229e-06 0.000170286 0.259913 0.000279267 0.000589335 1.12466e-05 0.000340297 8.62536e-05 0.227899 0.0745005 2.02954e-06 0.00148832 8.49726e-07 0.00542176 0.166487 0.00301133 
0.0362246 6.44635e-06 2.36338e-05 2.60027e-05 7.77106e-08 0.00397014 0.935307 4.68769e-07 2.80279e-05 0.000317772 1.47764e-06 0.000106115 0.00798199 0.004053 2.5191e-05 9.56037e-06 1.84503e-07 0.00109999 0.0106126 0.000205809 
0.164764 0.00667781 0.0100953 0.00400564 0.000403983 4.69063e-05 0.402786 0.000136527 0.017895 0.00651413 0.000442656 0.00227725 0.0544201 0.0642449 0.000604613 0.00238265 0.00116518 0.0183335 0.230577 0.0122261 
0.0529285 0.0160189 0.0407992 0.00484038 0.00014685 0.00100753 0.688295 0.000423295 0.000196746 0.000629438 0.00041985 0.00316831 0.0608194 0.0564226 0.00039589 0.000361589 0.000698588 0.0354788 0.0235605 0.0133889 
0.122996 0.000699822 0.00222247 0.00174691 2.76014e-06 1.62118e-06 0.453798 4.21585e-05 0.00476893 0.00106835 0.000128469 0.00288472 0.0786451 0.0431055 0.00020886 0.00348361 0.000100562 0.0340272 0.230591 0.019478 
0.0467962 0.0119951 0.0409081 0.00258465 3.91656e-05 0.00157774 0.559605 6.00774e-05 0.000105896 0.00235764 0.00018352 0.000408682 0.100145 0.0566333 5.32645e-05 0.000163905 2.02276e-05 0.000746974 0.170532 0.00508249 
0.281548 0.00184987 0.00885499 0.00755291 2.58017e-06 8.52793e-05 0.295484 2.25162e-05 0.00297454 0.00971045 0.000619807 0.00557058 0.00962215 0.0206439 0.00548609 0.00786072 1.0578e-05 0.112373 0.218567 0.0111621 
0.123346 0.0103149 0.0182758 0.00181815 7.02345e-07 0.000229445 0.477442 1.67387e-06 0.00286647 0.0139282 0.000204861 0.000953039 0.0439423 0.0851948 1.05394e-05 0.00065298 6.33488e-07 0.0121345 0.183146 0.0255372 
0.288749 0.000103872 0.000245013 0.0157155 6.07837e-07 4.41783e-09 0.403467 7.5983e-06 0.000213658 0.0190291 0.000830494 0.0274296 0.0291535 0.127956 4.03492e-09 8.33974e-05 4.72085e-06 0.00333399 0.0640093 0.0196679 
0.17731 0.0115437 0.0113561 0.0108656 3.96969e-06 6.94547e-05 0.425402 0.000925105 0.0101463 0.0422402 0.000286981 0.00122803 0.0282185 0.0410788 0.000311669 0.00241442 0.000571663 0.021168 0.172366 0.0424937 
0.0684219 0.00103324 0.00440306 0.0115882 3.25887e-05 0.000956024 0.800158 0.00104892 0.00024428 0.000653503 9.56709e-05 0.00116576 0.0284537 0.0242178 3.99854e-05 0.000211176 1.0304e-05 0.00238667 0.0473165 0.00756257 
0.0484971 0.0129193 0.0386545 0.00313772 2.64893e-05 0.000708755 0.722841 0.000349944 0.000145511 0.00012847 0.00010335 0.000951568 0.0636386 0.0480225 7.06515e-05 0.000219607 2.90186e-05 0.0288076 0.0202645 0.0104836 
0.0510067 1.95891e-08 3.65798e-05 2.75935e-05 9.8289e-08 4.38333e-08 0.548754 3.72481e-05 1.69423e-05 1.09404e-08 2.50633e-05 9.24587e-09 0.0224386 0.000644736 0.00015225 3.17306e-08 1.41595e-08 0.37604 6.9778e-09 0.000819903 
0.00927539 0.000113463 0.0193847 5.81661e-05 4.11317e-08 1.83432e-08 0.675449 3.125e-08 1.29197e-08 4.57833e-09 1.93008e-08 3.86507e-05 0.0510686 0.0295168 1.90569e-05 7.80718e-05 5.92542e-09 1.66976e-09 0.214998 3.20124e-09 
0.170683 0.0063622 0.00672021 9.76694e-05 0.000106033 0.000539271 0.565084 0.0013851 0.000698042 0.000345177 1.82306e-05 0.00185343 0.0305323 0.00558506 3.62734e-06 0.00460836 1.78871e-06 0.000748718 0.197365 0.00726261 
0.175547 0.00374389 0.163183 0.0169743 4.72105e-05 0.00415771 0.309284 0.00272123 0.00077758 0.0067974 0.00291595 0.00567608 0.0126184 0.0700694 0.00217525 0.0156561 0.00168283 0.134582 0.0540412 0.0173489 
0.0819126 0.00353437 0.0575366 0.00392972 1.6883e-06 0.000291041 0.393193 7.6246e-06 0.00296042 0.0766792 0.000349811 0.00142759 0.0190919 0.0960374 0.00219333 0.00214242 4.78417e-06 0.0124957 0.189541 0.0566696 
0.207891 3.23883e-05 3.98945e-09 6.36129e-09 8.49826e-08 3.78991e-08 0.763573 6.45659e-08 2.66935e-08 3.37703e-05 3.98775e-08 7.99416e-09 0.0205332 3.10508e-06 3.46143e-08 2.74349e-08 1.22425e-08 3.44991e-09 0.00789795 3.49026e-05 
0.00570349 0.00804612 0.0123781 0.00755158 0.000111301 0.00189841 0.429025 0.000649259 0.0107157 0.223131 0.002488 0.00346596 0.109971 0.0116158 0.00217008 0.000267645 0.00736304 0.0290939 0.128544 0.00581007 
0.0811617 0.00273802 0.0459121 0.00976403 1.00053e-05 0.000354331 0.255058 3.74059e-06 0.00728241 0.00456446 0.000922485 0.00289132 0.0536816 0.195229 1.7624e-05 0.00241086 1.76495e-06 0.0248508 0.254232 0.0589143 
0.152421 0.00274754 0.0130338 0.0123543 6.04775e-05 0.000450894 0.279579 0.000106096 0.00146853 0.00665575 0.000295686 0.00321575 0.0413779 0.158476 0.000287396 0.0265758 8.93619e-05 0.0167346 0.251792 0.0322778 
0.0695795 0.00534144 0.0325115 0.0101402 1.01812e-05 1.15336e-05 0.420176 0.00045513 0.0056934 0.0070014 0.000231743 0.00310183 0.0386203 0.0764388 0.000733331 0.0042585 0.000224273 0.0185672 0.260403 0.0465004 
0.323008 1.06907e-07 0.000502107 0.000835747 5.36409e-07 0.00118126 0.344409 0.00447638 1.68489e-07 0.00020024 2.84907e-05 0.00939151 4.26484e-05 0.00598775 9.72738e-05 0.307672 7.19323e-06 0.00202657 3.80812e-08 0.000132214 
0.00570349 0.00804612 0.0123781 0.00755158 0.000111301 0.00189841 0.429025 0.000649259 0.0107157 0.223131 0.002488 0.00346596 0.109971 0.0116158 0.00217008 0.000267645 0.00736304 0.0290939 0.128544 0.00581007 
0.16097 0.00953492 0.00981928 0.00707113 1.04889e-06 0.000253777 0.477555 0.000380262 0.0102211 0.0379704 0.000284234 0.0015596 0.0232017 0.0296374 0.00133268 0.00169031 0.000565909 0.0197673 0.163335 0.0448491 
0.101571 0.00291484 0.0491883 0.015184 1.3e-06 3.55769e-06 0.435331 7.61388e-05 0.00315944 0.00424995 0.000223327 0.0463476 0.0213005 0.0318843 1.62215e-05 0.000458558 1.58221e-06 0.0133183 0.232028 0.0427413 
0.0843536 0.00639115 0.00209258 0.000273326 6.33587e-06 0.000563538 0.486334 3.83684e-05 0.000168281 0.000102265 0.000102371 0.000309947 0.00298253 0.148617 6.86629e-05 0.0721956 8.39263e-06 0.000780931 0.152261 0.0423504 
0.0339099 0.0008133 0.0379051 1.48287e-08 9.80656e-12 0.00304789 0.599872 1.9379e-08 3.0803e-12 1.34057e-05 4.60167e-12 6.09123e-05 0.0217745 0.288136 0.000309394 0.0129035 1.99209e-08 2.09803e-08 2.46037e-07 0.00125434 
0.069571 0.00119171 0.00413001 0.025302 7.59868e-07 3.3957e-06 0.552152 1.97886e-06 0.0060551 0.00510629 0.00012224 0.000510305 0.0396626 0.0269741 0.00906028 0.000808089 8.76185e-07 0.00441474 0.248108 0.00682528 
0.119166 0.0051643 0.0183846 0.0178444 0.00455631 0.000130908 0.254957 0.000238545 0.00111307 0.0170392 0.000207038 0.0095201 0.0612534 0.139308 2.84466e-06 0.00962703 3.86161e-05 0.0335436 0.105844 0.202062 
0.0163665 0.00307252 0.0136376 0.00846244 0.00225126 0.000852836 0.856962 0.00025323 0.00135965 0.007798 0.00462115 0.00235265 0.0156574 0.0164099 0.000254373 0.000503958 0.000635366 0.0192076 0.0215399 0.00780131 
0.166784 0.000466267 0.0415696 0.00807327 9.25164e-05 3.40269e-05 0.32861 0.00029137 0.00438795 0.00105277 7.49739e-05 0.000542424 0.0590423 0.112548 8.5171e-05 0.0143845 0.00650599 0.00317489 0.249659 0.00262082 
0.170074 0.00282854 0.020066 0.0194425 5.81341e-06 5.31597e-06 0.472019 0.00147037 0.052787 0.0118782 0.000243957 0.00157834 0.0179976 0.0348114 0.000882528 0.00255036 0.0056718 0.0272362 0.15098 0.00747217 
0.0910772 0.00427715 0.0146575 0.0257508 2.82244e-06 2.7785e-05 0.440674 0.000185061 0.0086483 0.0074902 0.00020202 0.00128031 0.0627535 0.031902 0.00904691 0.00241357 0.00122066 0.0130836 0.271907 0.0133989 
0.106756 0.0399226 0.0214474 0.0419515 9.92962e-05 5.06853e-05 0.473895 0.00252869 0.00139123 0.0108088 0.000520092 0.0107182 0.0392124 0.0474834 3.59821e-05 0.00936424 0.00447595 0.0271027 0.155152 0.00708401 
0.0273625 0.020152 0.0485395 0.0115096 0.000333079 0.00135874 0.352683 0.00450247 0.00522954 0.084833 0.00139173 0.0125001 0.0685868 0.0306732 0.00489476 0.00279788 0.00373301 0.0266411 0.282576 0.00970167 
0.0355965 0.0132379 0.162085 0.058987 0.000169959 0.00691666 0.271662 0.000307015 0.00189153 0.0543205 0.00082472 0.0069742 0.0257623 0.0844124 0.00849307 0.00588994 3.52513e-05 0.05558 0.0806327 0.126222 
0.128123 0.00184523 0.0728618 0.00177133 4.1419e-11 0.000946893 0.267482 0.000138735 0.00954698 0.00780622 0.000412132 0.00473024 0.0106999 0.245608 2.2313e-05 0.00622427 0.000264149 0.0323329 0.160162 0.0490221 
