0.00643049 0.0778207 0.00125242 0.063699 1.17817e-05 0.095238 0.521395 0.0321287 3.25587e-06 0.0039362 0.00297153 0.00690016 0.000177286 0.11929 0.0594336 4.21724e-06 0.003951 8.52555e-07 0.00176234 0.00359363 
0.0056971 0.0553259 0.00349164 0.259231 2.90385e-05 0.0109369 0.292776 0.0425979 7.4672e-05 0.000379561 0.00400817 0.111541 0.000537368 0.0455398 0.141578 0.000684726 0.0187433 0.00108637 0.00313706 0.00260374 
0.000119701 0.0281947 0.00102913 0.0663275 0.00451074 0.140354 0.292613 0.0318293 2.97332e-05 0.000504751 0.00183292 0.00330379 0.000652395 0.281531 0.0206737 0.00779258 0.11702 1.20414e-07 0.000579833 0.00110104 
0.00381452 0.132938 0.00958521 0.0340728 0.000102276 0.0574185 0.399133 0.0799386 0.000265548 0.000220909 0.000462785 0.00689402 0.000189881 0.0307953 0.218152 0.000365965 0.0195696 2.44759e-05 0.00339025 0.00266656 
0.0209372 0.105733 0.00451733 0.0527388 5.24347e-05 0.00517602 0.438921 0.0317989 0.000605758 0.000170851 0.00249672 0.0441047 0.00146212 0.175686 0.0619258 0.00531834 0.00160556 2.12349e-05 0.00428205 0.0424465 
0.0195233 0.036263 0.000797284 0.00765029 1.29425e-06 0.032745 0.384801 0.0437228 0.00654831 0.000608315 0.119174 0.0150182 0.0238046 0.175046 0.0425857 0.0242199 0.00900023 1.62483e-09 0.000100332 0.0583903 
0.000723078 0.0093962 0.00107985 0.0101099 0.000139433 0.0522004 0.377839 0.0765349 0.00178046 0.00135983 0.00941154 0.0692989 0.00952811 0.227384 0.113685 0.00750713 0.00485849 5.35178e-07 0.000816129 0.0263468 
0.0150142 0.0201066 0.00166086 0.0506851 4.63787e-06 0.192096 0.245102 0.118645 0.000125235 0.000280879 0.00115116 0.0553236 0.00856071 0.11245 0.108879 0.000101421 0.0626024 0.000140398 0.00253029 0.00453965 
0.00827319 0.00933459 0.0271222 0.140914 1.96578e-05 0.0743223 0.358741 0.0980681 0.00056763 4.25057e-05 0.0035875 0.143117 0.0083839 0.0384345 0.0737101 0.00153561 0.00914244 8.72094e-07 0.002566 0.00211712 
0.0191022 0.0412862 0.00560876 0.0415847 4.97696e-05 0.00104089 0.582822 0.054682 6.34046e-05 0.000511151 0.00172695 0.120373 0.000372068 0.0184527 0.100523 1.72296e-05 0.00223469 0.000174543 0.00750654 0.00186806 
0.00775172 0.0239096 0.024302 0.0730504 0.000241892 0.000593003 0.634026 0.0267992 0.000734824 0.000320139 0.00615928 0.119858 1.26735e-05 0.00405033 0.072574 6.27215e-06 0.00254593 7.18201e-05 0.0026937 0.000299319 
0.00320662 0.0220679 0.00339611 0.024941 2.04265e-05 0.00823575 0.661443 0.0209863 0.000352534 7.62251e-05 0.000165041 0.047431 0.000134706 0.0102216 0.188068 1.69005e-05 0.00117007 0.000593101 0.00609993 0.0013735 
0.0207166 0.0130376 0.0245887 0.137263 0.000154585 0.0205997 0.421081 0.0683595 1.88359e-05 8.83559e-05 0.00557164 0.130367 0.00115295 0.0303692 0.114258 6.65427e-05 0.00617178 0.00191632 0.00395624 0.000262283 
0.0496964 0.047801 0.0132384 0.0403218 0.00136391 0.0157747 0.362399 0.160822 0.000573331 0.00232405 0.00382213 0.0552572 0.0048379 0.078417 0.131437 0.00173733 0.0204809 0.000424297 0.00578486 0.00348713 
0.00710208 0.0245242 0.0448506 0.066237 2.46447e-05 0.00521772 0.550661 0.0654902 0.000113624 0.000437156 0.000233994 0.0881929 0.000253897 0.0424428 0.0341882 0.0478169 0.00717222 0.000168075 0.0133649 0.00150808 
0.00203619 0.00613224 0.000623653 0.0129122 0.000260968 0.00370961 0.708597 0.0438251 0.0022124 0.00175552 0.00715105 0.00211242 0.00633522 0.143679 0.0146991 0.0111821 0.019236 9.30684e-07 0.000390572 0.0131486 
1.74961e-05 0.00130743 8.30634e-05 0.00210228 6.12938e-07 0.0510357 0.728383 0.0078069 1.68379e-06 5.54134e-06 2.11285e-07 0.00839193 0.000100458 0.113077 0.0216213 0.0428888 0.0230483 1.93101e-05 1.60387e-05 9.31156e-05 
0.0285494 0.0313762 0.0120665 0.0350107 5.46295e-05 0.0129705 0.329813 0.118835 0.000209769 0.000476043 0.00534862 0.0475933 0.00178085 0.068405 0.127018 0.00385931 0.173252 0.000168201 0.00219268 0.0010212 
0.0219423 0.0275093 0.000436314 0.0523118 0.00145367 0.00248363 0.747635 0.0166011 4.63709e-06 1.50031e-05 0.000476163 0.0119852 0.0025167 0.00764402 0.0548705 0.025038 0.0100654 0.000102873 0.00860897 0.00829956 
0.0368388 0.192692 0.00324814 0.0300534 2.48012e-05 0.0142265 0.258978 0.0655903 0.00425894 0.000787597 0.00218143 0.0164469 0.000675595 0.124655 0.204986 0.00126815 0.0261685 0.000126366 0.00751212 0.00928124 
0.0495321 0.165319 0.0044908 0.0208244 1.66926e-05 0.0312151 0.211571 0.0412441 0.00858549 0.00101488 0.0991925 0.0485324 0.00108464 0.151578 0.109465 0.00161932 0.0134098 2.89631e-05 0.002222 0.0390547 
0.0112397 0.0169034 0.00327309 0.00880024 1.00657e-05 0.0248325 0.379334 0.0939961 0.000772363 0.000688536 0.013895 0.0525405 0.230912 0.112283 0.0196916 0.00554441 0.0100871 5.54824e-06 0.00142496 0.0137665 
0.00548988 0.0346034 0.00500149 0.0550567 0.000224829 0.0180356 0.458316 0.0856985 0.000937112 0.00112086 0.000116917 0.0902416 4.08169e-06 0.0690045 0.123333 4.61581e-06 0.047668 1.29305e-06 0.00328823 0.00185401 
0.000291554 0.0117077 0.000722203 0.068949 5.05228e-06 0.0281985 0.506809 0.174731 9.87329e-06 0.000175888 0.000317327 0.0431458 8.58345e-05 0.0261516 0.134423 4.56064e-07 0.00256628 3.95928e-05 0.00162139 4.85921e-05 
0.00435541 0.106212 0.00270511 0.0568622 4.11242e-05 0.0332093 0.50948 0.0219061 3.67443e-05 0.0027302 1.62237e-05 0.103739 0.000796615 0.0114101 0.0840105 3.58511e-05 0.0507625 0.000564973 0.0094669 0.00165877 
0.0759615 0.0386413 0.0118944 0.0751342 0.00422564 0.0258554 0.364675 0.0493448 0.000454082 0.000624529 0.00556908 0.00456884 0.00467992 0.21447 0.0757768 0.00387382 0.0238932 1.11874e-05 0.00237737 0.0179686 
3.64027e-05 0.00332315 0.000200906 0.120627 1.59183e-06 0.0163891 0.691022 0.00216981 1.55087e-05 0.00023199 0.00224722 0.104122 3.05517e-05 0.0121109 0.038554 9.06215e-05 0.00628696 4.44647e-05 0.00244918 4.67253e-05 
0.00326177 0.0531609 0.000676735 0.110791 3.97728e-05 0.0183604 0.465969 0.0552995 0.00065081 0.0033437 0.000906903 0.0918176 0.0134797 0.119722 0.0365264 0.00437517 0.0101013 7.72346e-06 0.000570802 0.0109378 
0.0119225 0.183846 0.00186494 0.101012 1.31307e-05 0.00822485 0.370352 0.0291995 0.00013985 0.000302117 0.000103267 0.0348829 0.000839277 0.0191795 0.198779 0.00367417 0.00970197 0.000180667 0.00840622 0.0173764 
0.00132751 0.0249339 0.000859857 0.135232 4.4826e-05 0.0876365 0.477733 0.00569312 2.37308e-07 0.00300848 0.000267582 0.0530588 0.000152566 0.0234856 0.16626 0.00394715 0.00949023 9.10762e-07 0.00448808 0.00238036 
0.0122985 0.00551467 0.000667947 0.0203786 8.54747e-05 0.123243 0.317546 0.129315 8.95671e-05 0.00250865 0.000104005 0.0546195 0.000112045 0.149641 0.153878 4.55304e-05 0.0206638 6.28638e-05 0.00895842 0.00026749 
0.00311597 0.190848 0.00411833 0.0424987 8.6089e-05 0.0725552 0.335156 0.0492113 0.000371162 0.000407794 0.00116728 0.00480105 0.00118948 0.0254939 0.243557 0.00130346 0.00606724 5.6455e-06 0.00411524 0.0139304 
0.0137409 0.0389415 0.009615 0.0397145 8.6588e-05 0.00252289 0.31459 0.0599608 0.000305912 0.00177132 0.000510806 0.18433 0.000719076 0.0640261 0.0696132 0.00037026 0.187491 0.000160315 0.00682611 0.00470367 
0.0410517 0.0636116 0.0183782 0.0325439 0.00165185 0.0276528 0.222353 0.214414 0.00152633 0.00101234 0.00584818 0.0299759 0.00213092 0.0997394 0.145044 0.00253304 0.0708882 0.000149691 0.0101158 0.00937843 
0.0163894 0.058274 0.00271171 0.0505096 7.62592e-06 0.0294054 0.374452 0.0332485 0.000350614 0.0146084 0.00182683 0.0558968 0.0609441 0.121387 0.0670877 0.00547087 0.0035719 1.47561e-07 0.095902 0.00795465 
4.66064e-05 0.000208971 2.50251e-05 0.00683629 7.00817e-07 0.00169665 0.658448 0.0157897 9.74734e-06 8.96061e-08 4.21707e-05 0.0394314 9.2732e-05 0.274393 0.00198276 1.75531e-07 0.000684982 6.61417e-08 7.13959e-06 0.000303033 
0.0126358 0.0123085 0.0116407 0.112088 6.07454e-05 0.026977 0.617801 0.0129254 0.000611039 8.62099e-05 0.000149664 0.0426276 0.000615649 0.0228259 0.120053 5.35488e-06 0.00163241 3.83754e-05 0.00471892 0.000198023 
0.0173564 0.186051 0.00433811 0.0600608 0.00165275 0.0256612 0.341962 0.0490292 0.000207741 0.00206386 0.00940044 0.0203473 0.00103504 0.0590332 0.173398 5.90202e-05 0.0410414 0.00015856 0.00255515 0.00458922 
0.0165301 0.0316097 0.00415949 0.0539738 0.000160727 0.00664226 0.425401 0.0660994 4.19259e-06 0.0029694 3.13317e-05 0.0999384 0.000800226 0.0682815 0.204067 1.77632e-06 0.00373277 0.000158288 0.0146791 0.000759435 
0.0158188 0.0392602 0.0109671 0.0746897 0.000528452 0.0354057 0.212348 0.0280452 0.000568619 0.0135752 0.149099 0.0703939 0.0113235 0.182807 0.0266157 0.0100845 0.0102918 4.17432e-06 0.00103599 0.107138 
0.0137241 0.0173781 0.00193642 0.0116681 1.0226e-06 0.0357103 0.420917 0.0910064 0.0216537 0.000963091 7.38116e-05 0.0538774 0.00459814 0.173821 0.0909849 0.00171685 0.0257042 0.00450123 0.0202891 0.0094747 
0.0179022 0.0235809 0.0126576 0.025103 7.89072e-05 0.0259862 0.449324 0.161005 0.000130355 0.0022331 0.000586486 0.0200365 0.00327672 0.0253832 0.203825 0.000385138 0.0197945 0.000101236 0.00411821 0.00449212 
0.0428959 0.0185885 0.00810763 0.0319949 8.54862e-06 0.0151302 0.691763 0.0400416 1.50126e-05 0.000174045 7.60389e-06 0.00213611 0.0196684 0.121249 0.00686378 5.43327e-05 0.000719144 1.26007e-05 0.000439672 0.000130242 
0.0867006 0.0794679 0.0027453 0.0679346 1.1456e-07 0.0161706 0.256698 0.166114 3.33892e-06 9.26713e-05 0.001986 0.00360573 0.000137891 0.0479113 0.241083 1.35613e-05 0.0235792 0.00014211 0.00408908 0.00152479 
2.1559e-05 0.0129294 0.000259711 0.144634 0.0612926 0.000513686 0.406538 0.0188608 3.14561e-07 3.56483e-07 6.7177e-05 0.267168 2.28775e-05 0.0689562 0.0162555 1.33119e-06 4.75662e-06 0.000107787 0.000171487 0.00219418 
0.113519 0.134527 0.0108621 0.0344075 0.00277329 0.00503724 0.252956 0.0539288 1.3279e-05 0.000232608 0.194351 0.0154699 0.00616817 0.0963286 0.06198 0.00500528 0.00217723 8.35197e-05 0.00574183 0.00443768 
0.0425333 0.0302668 0.00905333 0.0959342 0.000143185 0.0647526 0.418033 0.071353 0.000332885 0.00257486 0.0344666 0.0584929 0.00361753 0.0618593 0.0551507 0.00366077 0.00917392 5.42149e-07 0.00264405 0.0359561 
0.155979 0.166341 0.0318718 0.09587 2.67258e-05 0.0267219 0.187442 0.0235954 3.57595e-06 0.000486554 0.0265432 0.0339007 0.00560122 0.113697 0.106522 0.000105194 0.015452 6.78895e-05 0.00761035 0.00216234 
0.0114856 0.0421866 0.0114715 0.105226 1.34463e-06 0.0486161 0.23261 0.175848 4.79095e-05 0.000731836 0.000132389 0.195779 2.81104e-05 0.0464003 0.0345002 9.59525e-06 0.0918761 0.000835972 0.00220259 1.07484e-05 
4.66064e-05 0.000208971 2.50251e-05 0.00683629 7.00817e-07 0.00169665 0.658448 0.0157897 9.74734e-06 8.96061e-08 4.21707e-05 0.0394314 9.2732e-05 0.274393 0.00198276 1.75531e-07 0.000684982 6.61417e-08 7.13959e-06 0.000303033 
0.00394767 0.000104057 0.0140009 0.106098 6.17613e-07 0.00871218 0.718085 0.0157811 2.87258e-08 0.00124146 2.30103e-05 0.0603533 0.0474225 0.00856278 0.00670985 1.99658e-07 0.00573995 1.4769e-05 0.00319849 4.30828e-06 
0.12127 0.082822 0.000784732 0.00855378 2.69564e-06 0.0217429 0.643717 0.0188445 2.40921e-06 0.0213961 1.06357e-06 0.00910563 0.00420418 0.00212044 0.049809 3.24552e-06 0.0115516 0.000124077 0.00134777 0.00259735 
0.12127 0.082822 0.000784732 0.00855378 2.69564e-06 0.0217429 0.643717 0.0188445 2.40921e-06 0.0213961 1.06357e-06 0.00910563 0.00420418 0.00212044 0.049809 3.24552e-06 0.0115516 0.000124077 0.00134777 0.00259735 
0.132104 0.0147573 0.0454082 0.143488 7.07461e-05 0.00249383 0.206132 0.0617972 0.0230189 9.43055e-06 0.00936298 0.15353 0.0179651 0.128281 0.0263765 0.00536033 0.011539 0.0033403 0.00726573 0.00769992 
4.66064e-05 0.000208971 2.50251e-05 0.00683629 7.00817e-07 0.00169665 0.658448 0.0157897 9.74734e-06 8.96061e-08 4.21707e-05 0.0394314 9.2732e-05 0.274393 0.00198276 1.75531e-07 0.000684982 6.61417e-08 7.13959e-06 0.000303033 
0.0217053 0.0482243 0.00547873 0.0158377 0.000168683 0.00859765 0.471622 0.13806 0.000567424 0.000632302 0.0118513 0.00392427 0.00134174 0.0662381 0.159849 0.00230124 0.0239212 4.88976e-05 0.00233913 0.0172907 
0.0519839 0.0156026 0.0516144 0.0132238 0.000701075 0.00589919 0.501119 0.0963004 0.000273786 0.000700111 0.00881683 0.0485217 0.00796963 0.0853357 0.0550291 0.00265164 0.0388986 9.23307e-07 0.00156899 0.013789 
0.0279276 0.091257 0.00535477 0.0515014 1.67362e-05 0.00517052 0.27257 0.0890103 0.000111483 0.00159857 0.00063451 0.151611 0.176013 0.0302255 0.0338456 3.54062e-05 0.0580577 0.0002798 0.00360872 0.00116973 
0.0152357 0.0398496 0.000700858 0.00726483 2.04579e-05 0.0573294 0.193235 0.140336 0.00183928 0.00132739 0.0137811 0.0516896 0.00654586 0.0929086 0.0418478 0.0198652 0.177028 1.0365e-07 0.0408948 0.0983007 
0.0206868 0.120849 0.0117516 0.0457468 0.00140706 0.0119815 0.241489 0.0713058 0.00303113 0.00373084 0.00861838 0.0274406 0.00540416 0.175177 0.181061 0.00830018 0.0293572 0.00147173 0.0189995 0.0121901 
0.00191035 0.0870032 0.00396052 0.0492823 3.82606e-05 0.095245 0.306379 0.0575673 0.000794601 0.00216006 0.00557627 0.00497393 0.00731313 0.147354 0.0964773 0.00488679 0.00710939 1.72736e-07 0.000116425 0.121852 
0.0184567 0.106964 0.0037163 0.12498 2.18655e-05 0.0396936 0.245889 0.0371081 0.000379595 0.0058269 0.00455752 0.0502382 0.0195999 0.140609 0.144199 0.0127986 0.00590428 5.88365e-06 0.0256083 0.0134436 
0.00947606 0.073088 0.00988925 0.036893 7.47719e-05 0.0538661 0.423282 0.0569495 0.000388758 0.000489115 0.00067399 0.0355626 0.00227029 0.0482122 0.211369 0.0155077 0.00738701 0.000145292 0.0040827 0.0103923 
0.0149062 0.0110839 0.00283965 0.053238 3.25375e-06 0.00466092 0.325839 0.101358 0.00302144 0.000998596 0.00966947 0.167935 0.0725432 0.172934 0.0169871 0.00336664 0.00366453 0.00036352 0.00138568 0.0332028 
0.0309621 0.0499053 0.00791029 0.0291945 1.67989e-05 0.00605238 0.484809 0.052003 2.71904e-05 0.000169059 0.00973625 0.0144637 0.00108363 0.0377728 0.262056 0.00011001 0.0067662 0.000172577 0.00618298 0.0006063 
0.00253515 0.0116307 0.01446 0.044305 0.000138486 0.00292634 0.672015 0.0937582 0.000131451 0.000142617 0.00121075 0.00467883 0.000162127 0.0652469 0.0753677 6.60564e-05 0.00351828 0.000270002 0.00256216 0.00487426 
0.00191035 0.0870032 0.00396052 0.0492823 3.82606e-05 0.095245 0.306379 0.0575673 0.000794601 0.00216006 0.00557627 0.00497393 0.00731313 0.147354 0.0964773 0.00488679 0.00710939 1.72736e-07 0.000116425 0.121852 
0.134683 0.0075251 0.00140916 0.0189122 2.24333e-06 0.00508693 0.536832 0.0171589 0.000451348 0.000169822 0.138335 0.0856976 9.10685e-05 0.023973 0.0198706 8.43521e-06 0.00296985 4.42104e-06 0.00414512 0.00267335 
0.000782897 0.00125326 3.98669e-05 0.0170214 5.92157e-10 0.000991515 0.658731 0.00698446 4.2386e-09 3.18429e-06 0.000127379 0.00383959 2.01648e-06 0.297683 0.00214433 0.00690279 0.00268837 2.21724e-07 0.000708718 9.59273e-05 
0.0363224 0.0522003 0.00670668 0.0503778 6.50359e-05 0.0259964 0.475074 0.0811738 0.00033661 0.000420697 0.00254398 0.0346303 0.0016599 0.0330354 0.165257 0.00032979 0.0290593 0.000234469 0.000922752 0.0036535 
0.0903559 0.0285629 0.0104136 0.0746273 1.64351e-06 0.00819734 0.468553 0.0199205 4.2143e-06 0.00462347 0.00130192 0.0394621 0.00223704 0.0745004 0.171105 4.14616e-05 0.00122049 4.1615e-05 0.00134147 0.00348819 
0.00544165 0.162262 0.00130865 0.00671701 0.000188483 0.0494424 0.503011 0.0738924 0.000365963 0.000434028 0.000313916 0.00104259 0.000806031 0.0143335 0.150633 0.00040405 0.0230312 0.000333065 0.000380824 0.0056586 
0.0843849 0.0117589 0.00116853 0.0210639 0.000347494 0.0175225 0.721302 0.0119775 2.37865e-06 0.00904869 0.000945205 0.0285172 0.00186847 0.0543596 0.00618899 3.88439e-05 0.0267047 4.80246e-06 0.00102614 0.00176882 
0.0114675 0.0427526 0.000962534 0.0324908 2.51496e-05 0.00851028 0.751945 0.00576059 1.57521e-05 0.000888371 0.00183136 0.00373611 0.00641374 0.0884078 0.0266911 1.47212e-06 0.0161584 3.42542e-05 0.00134404 0.000563687 
0.00881763 0.0164933 0.0420843 0.0509379 5.5398e-05 0.00588939 0.423572 0.203308 0.000304879 0.00267391 0.00163466 0.013363 0.000763407 0.0965028 0.0861347 0.000829627 0.00444307 0.000110676 0.00352229 0.0385594 
0.048118 0.0516524 0.00757106 0.0304563 0.00808484 0.00327143 0.32091 0.205754 0.000132568 0.00053878 0.00130768 0.0535551 0.00144327 0.0738694 0.175234 0.000660465 0.0095633 0.000134362 0.00167886 0.0060654 
0.0458605 0.118682 0.00488094 0.0238332 7.82503e-05 0.00390388 0.557732 0.026158 0.000465708 0.000990697 0.000771018 0.0518812 0.000261859 0.0541676 0.055772 8.55198e-05 0.00548883 0.0417055 0.00160245 0.0056788 
0.0180805 0.171859 0.00131753 0.0151731 5.60601e-05 0.0139068 0.428791 0.0614596 0.00432403 0.00406021 0.000372584 0.0086736 0.000235163 0.0879023 0.142054 0.000292459 0.00914292 2.62079e-06 0.000596932 0.0316998 
0.00878857 0.0381731 0.0076978 0.040843 1.5882e-05 0.0465601 0.636818 0.0592576 4.90271e-05 0.00207719 0.000728523 0.00567321 9.11447e-05 0.0925952 0.055101 4.94059e-06 0.000878325 0.000127825 0.0032424 0.00127739 
0.00178725 0.0626269 0.000641862 0.0121752 2.30245e-05 0.0243504 0.733047 0.0139421 2.046e-05 8.11712e-05 3.1206e-05 0.0108856 1.02716e-05 0.0521475 0.0772427 1.85282e-06 0.0104665 4.94319e-05 0.000389816 8.02725e-05 
5.29556e-05 0.000701861 0.00314859 0.0261851 2.32517e-09 0.0142538 0.54554 0.111497 3.42434e-07 2.33832e-06 8.27503e-07 0.000870586 6.30823e-06 0.208172 0.0314703 0.00143572 0.055935 2.08692e-06 0.00011026 0.000614787 
0.000676568 0.051387 0.000601025 0.00819499 2.216e-08 0.00417983 0.450954 0.230551 2.17545e-05 4.77899e-06 1.566e-06 0.0105223 3.83068e-05 0.038169 0.14955 3.86494e-06 0.038077 1.51968e-08 7.7095e-05 0.0169897 
0.0490157 0.0492825 0.0139885 0.0331825 0.00599653 0.0130173 0.46408 0.0927492 0.000883488 0.000617799 0.0160467 0.0424553 0.00413337 0.064896 0.118932 0.00139473 0.0210794 0.000368242 0.00428222 0.00359879 
0.160634 0.105154 0.0513811 0.052642 5.02782e-05 0.0111659 0.207973 0.106553 0.000558212 0.00438559 0.00315623 0.0435172 0.00283275 0.0294363 0.184492 9.87767e-05 0.0198074 0.000207771 0.00862069 0.00733329 
0.0615285 0.0869125 0.00881715 0.00541685 0.000162617 0.0173267 0.322186 0.179876 0.00112253 0.00103616 0.00499114 0.00316565 0.00388053 0.0922222 0.15624 0.0168918 0.0114294 0.000110268 0.000589516 0.0260937 
0.0155586 0.0360742 0.0018871 0.0336049 1.16305e-05 0.0128908 0.523321 0.0517987 1.03212e-05 9.58615e-06 0.00037611 0.157664 0.00550714 0.0537534 0.0685787 9.97017e-05 0.00201353 3.28586e-05 0.00514755 0.0316599 
0.020259 0.0874745 0.00151959 0.189265 1.41197e-05 0.00218299 0.260937 0.0471324 0.000136791 1.16747e-05 0.000346834 0.241734 3.89809e-05 0.0558606 0.0786845 1.60181e-05 0.001432 0.00049109 0.010239 0.00222445 
0.0328976 0.0767184 0.0277323 0.0532132 0.000185777 0.0343387 0.254671 0.12426 0.000341868 0.00246821 0.0015915 0.0221288 0.00220317 0.0637234 0.247902 0.00254565 0.0379407 0.000688093 0.00976176 0.0046867 
0.00450331 0.0183346 0.00329714 0.0534654 0.00210429 0.00252041 0.774151 0.0181572 2.50888e-05 0.000262793 0.000737858 0.0379269 8.8276e-06 0.0548785 0.0209073 6.23571e-06 0.00380949 9.26427e-05 0.0019998 0.00281145 
0.0125668 0.06556 0.00969007 0.200094 2.01279e-05 0.0389458 0.430253 0.0310692 3.96529e-05 0.00565144 7.8651e-05 0.0263927 0.000824917 0.0181655 0.132195 0.000205785 0.004963 4.76177e-05 0.0105105 0.012726 
0.00179809 0.0697257 0.000104047 0.0104831 2.0867e-06 0.0379229 0.726906 0.041899 1.86503e-06 4.27169e-05 3.62243e-05 0.0413218 5.32647e-05 0.0470728 0.0132204 1.3112e-07 0.00875208 4.11502e-06 0.000552694 0.000100951 
0.023843 0.029366 0.00790574 0.00655934 0.000184876 0.0184115 0.27172 0.134116 0.00370242 0.000310478 0.00987558 0.160708 0.00476475 0.0990065 0.223604 0.000526718 0.00218619 0.000134148 0.000511468 0.00256311 
0.0162449 0.00034511 0.00722332 0.0100827 0.00013774 0.0112549 0.725128 0.0334277 0.00202024 0.00056938 0.000539653 0.0767253 0.0002211 0.069631 0.0422042 4.10915e-05 0.000702006 0.000426692 0.00260987 0.000465013 
0.0144136 0.0113742 0.00451084 0.0146353 8.5287e-06 0.00109843 0.763386 0.0370304 4.42167e-05 0.00395057 0.0012354 0.0695487 0.000348398 0.0455427 0.0097483 0.00725412 0.0110778 0.000230258 0.0040431 0.000518883 
0.0957283 0.0808344 0.00696873 0.0466108 5.53151e-05 0.0108097 0.202556 0.172627 0.000444008 0.00127607 0.00855486 0.0368278 0.0284045 0.125004 0.103326 0.0235908 0.0116759 1.42955e-05 0.00258305 0.0421076 
0.000632686 0.121879 0.0245406 0.0271055 9.74081e-08 0.00584883 0.435391 0.191142 8.71055e-08 0.000141827 3.84423e-08 0.0107492 0.0005601 0.109962 0.0393043 6.10944e-09 0.02732 1.92324e-07 0.00507656 0.000345997 
4.66064e-05 0.000208971 2.50251e-05 0.00683629 7.00817e-07 0.00169665 0.658448 0.0157897 9.74734e-06 8.96061e-08 4.21707e-05 0.0394314 9.2732e-05 0.274393 0.00198276 1.75531e-07 0.000684982 6.61417e-08 7.13959e-06 0.000303033 
0.0598498 0.0504676 0.0606272 0.0400852 0.00080971 0.0110634 0.26511 0.201685 0.000162338 0.000743196 0.00828463 0.0350153 0.00300521 0.0653791 0.169539 0.00251111 0.00763863 9.17412e-05 0.00428455 0.0136472 
0.020119 0.109283 0.0135957 0.11577 5.03359e-05 0.0191262 0.235174 0.120924 0.000309353 0.00061229 0.00436872 0.0255857 0.000449348 0.0988063 0.207608 0.000269064 0.00942385 0.00018875 0.0104201 0.00791594 
0.0119758 3.12445e-06 1.96996e-06 1.64409e-06 1.20496e-06 0.0133848 0.588497 0.16433 1.0775e-06 9.96318e-07 4.75536e-07 2.17211e-06 9.82465e-05 0.0121998 0.196929 7.558e-08 0.0125666 2.379e-06 2.39425e-06 1.06128e-06 
0.0393617 0.0163109 0.00442483 0.0450093 8.90617e-05 0.00326389 0.607549 0.0564541 0.000263359 0.000191905 0.00529016 0.011881 0.000918688 0.0219509 0.155625 0.00017473 0.0260077 8.96614e-05 0.000671546 0.00447271 
0.0047208 0.0119432 0.0198375 0.0155989 5.63692e-05 0.0568721 0.500935 0.106038 0.000284429 0.000114057 0.000205139 0.05507 0.00144768 0.0159242 0.199928 0.000548384 0.00736705 7.32741e-06 0.00116326 0.00193856 
0.00315368 0.158001 0.0154858 0.0762059 4.4197e-05 0.00990058 0.461948 0.0190553 4.5593e-05 0.00104672 1.7189e-05 0.0197906 8.74531e-05 0.0808631 0.10748 3.42095e-05 0.0331413 9.92073e-05 0.00289613 0.0107039 
0.0283834 0.118733 0.0614316 0.054495 0.000592236 0.0126757 0.218925 0.199974 0.000162462 0.000612694 0.00101418 0.0527222 0.000417803 0.0126268 0.121819 4.27088e-05 0.106801 0.000186968 0.00588217 0.00250281 
0.0120448 0.113522 0.0106428 0.0334062 0.000389704 0.00814395 0.25941 0.132473 0.00119953 0.00132693 0.00135591 0.0200477 0.00802703 0.187094 0.109728 0.00699078 0.0739261 6.01103e-05 0.0023574 0.0178536 
0.0373246 0.0443336 0.0177037 0.063385 0.00131461 0.0185354 0.235866 0.183705 0.00166004 0.0127779 0.0116205 0.0734224 0.00520968 0.091913 0.162187 0.00492344 0.0139885 0.000153105 0.0105591 0.00941786 
0.0124624 0.0585542 0.00221979 0.00791712 0.000211827 0.00840136 0.45689 0.175711 0.0010367 0.000705257 0.00836451 0.00233147 0.00252894 0.0588142 0.170193 0.00502171 0.0074037 3.8313e-05 0.000563605 0.0206305 
0.0254277 0.0726049 0.000442938 0.0988131 1.42319e-05 0.0505788 0.500589 0.0662817 2.74755e-05 7.87107e-05 0.00244187 0.0168813 0.0016551 0.0555547 0.0604224 7.27192e-06 0.00841969 3.62828e-05 0.0381747 0.00154841 
0.0874943 0.105009 0.00987529 0.0485672 0.000152037 0.0178111 0.29231 0.0757564 0.000833065 0.0337113 0.000944262 0.0262676 0.0186629 0.0479243 0.182255 0.0224609 0.0132053 0.000389746 0.00489833 0.0114728 
0.19383 0.0420874 0.066278 0.0439172 5.19576e-06 0.00902653 0.288502 0.0659971 0.00122811 0.000376907 0.00432418 0.0375418 0.000259426 0.0948508 0.121115 8.79497e-05 0.00484495 0.00026652 0.0133706 0.0120903 
0.0362692 0.161872 0.0137706 0.0656054 0.00222688 0.035321 0.335641 0.0313258 0.00027122 0.0117246 0.004828 0.0290851 0.0020673 0.0459106 0.169717 0.000176243 0.0394003 0.0022257 0.00374114 0.00882113 
0.134683 0.0075251 0.00140916 0.0189122 2.24333e-06 0.00508693 0.536832 0.0171589 0.000451348 0.000169822 0.138335 0.0856976 9.10685e-05 0.023973 0.0198706 8.43521e-06 0.00296985 4.42104e-06 0.00414512 0.00267335 
0.0206736 0.00892097 0.0289408 0.0166284 1.811e-05 0.172388 0.238425 0.193202 0.000167767 0.00320609 0.000275364 0.0875395 0.00548017 0.137561 0.0689571 5.4638e-05 0.00863548 0.000185988 0.00373939 0.00499961 
0.00423664 0.0124264 0.00616312 0.0283202 3.44104e-06 0.00436387 0.474522 0.144916 0.000119608 0.00117106 0.000761296 0.0573525 0.0471048 0.142902 0.0586905 7.61328e-05 0.007915 2.63096e-07 0.00217452 0.00678023 
0.0875633 0.0484377 0.000890832 0.0126711 0.0012287 0.015936 0.61252 0.0391662 2.74069e-05 0.000369618 1.83985e-05 0.0146047 0.000157361 0.0339167 0.117014 1.81197e-05 0.0145131 0.00017024 0.000563963 0.000213186 
0.064675 0.0509674 0.00310428 0.0739205 4.41036e-05 0.19642 0.360559 0.0309037 2.63736e-05 0.00019677 0.00450552 0.0367249 0.000953979 0.0312238 0.116583 1.98655e-05 0.0100446 1.63354e-05 0.0145856 0.00452613 
0.00513303 0.0713334 0.00977211 0.0578332 0.000109577 0.00937573 0.518104 0.0984637 0.000460493 0.000376568 0.00409619 0.0193556 0.00310002 0.0194197 0.158492 0.000269443 0.0104765 1.28352e-06 0.00745402 0.00637322 
0.0201919 0.0757236 0.00693246 0.0774263 9.92596e-06 0.00130099 0.408952 0.0870609 0.000578955 7.40155e-05 0.000313952 0.0355988 0.000392072 0.0480025 0.229835 0.000247511 0.000178529 0.000167807 0.00353769 0.00347536 
0.0115016 0.199258 0.00435661 0.0335904 4.56469e-05 0.0128286 0.416618 0.0875374 5.35591e-06 2.16064e-05 0.000107305 0.00233247 2.85216e-05 0.0320462 0.174282 4.21398e-05 0.0170149 1.1458e-05 0.00116694 0.00720541 
0.014397 0.0214867 0.00618295 0.0418254 9.1327e-05 0.0342619 0.243041 0.0557514 0.00168295 3.91743e-05 0.000162446 0.0392482 0.0579026 0.147558 0.197674 0.0282266 0.0252526 5.72744e-09 0.00167761 0.0835379 
0.0261412 0.0660468 0.00300168 0.0992968 0.000211546 0.00680756 0.354349 0.050749 7.07211e-05 0.000195712 0.0024362 0.0347687 0.000153776 0.0213865 0.272388 2.05415e-05 0.0037893 0.000176773 0.0549091 0.00310102 
9.82028e-05 0.0247865 1.77415e-05 0.172011 3.98277e-05 0.0479337 0.438945 0.0269525 0.0271278 0.000240375 0.0466461 0.00202163 0.00241058 0.0994914 0.0593055 1.09445e-06 0.00159955 0.000497741 0.0436664 0.00620754 
0.11052 0.128704 0.0117541 0.0344585 0.00357488 0.0052021 0.251704 0.0532398 2.67438e-05 0.000242797 0.191195 0.0155792 0.00605316 0.0988927 0.0650285 0.0091334 0.0023488 0.000143906 0.00648677 0.0057118 
0.00156443 0.00371605 0.0229332 0.0189749 4.17745e-06 0.0070283 0.406583 0.0275532 6.28492e-06 0.0002023 1.64678e-06 0.0106049 0.00126841 0.00803852 0.17464 5.75721e-07 0.309377 0.000135698 0.00595961 0.00140811 
0.00431869 0.0174789 0.0125938 0.0179581 2.01289e-05 0.00491428 0.638531 0.0577648 0.000527552 0.00120692 0.00780769 0.0992206 0.0157554 0.0989215 0.00615804 0.00619089 0.00336761 2.55889e-05 0.000995755 0.00624258 
0.0435852 0.0429523 0.0346104 0.0497819 0.000170057 0.0151056 0.228053 0.190188 0.00228989 0.00145769 0.00392278 0.0617777 0.0119399 0.100744 0.17672 0.00181045 0.00790728 0.000108164 0.0209076 0.00596869 
0.0163058 0.00780627 0.00410124 0.0337721 2.48981e-05 0.00562545 0.48342 0.0960063 0.000479093 0.00414196 0.00489927 0.0225945 0.0234507 0.224025 0.0458371 0.00437789 0.011043 4.46815e-07 0.00157064 0.0105185 
0.0176056 0.101013 0.00684824 0.100551 4.15839e-05 0.0249378 0.358774 0.0634366 2.81034e-05 0.000424411 0.000606369 0.0205329 0.00226845 0.0426845 0.189029 7.73679e-06 0.0277056 9.7144e-05 0.0082045 0.0352034 
4.66064e-05 0.000208971 2.50251e-05 0.00683629 7.00817e-07 0.00169665 0.658448 0.0157897 9.74734e-06 8.96061e-08 4.21707e-05 0.0394314 9.2732e-05 0.274393 0.00198276 1.75531e-07 0.000684982 6.61417e-08 7.13959e-06 0.000303033 
0.13213 0.0490797 0.0307944 0.0923172 1.92893e-09 0.00145903 0.288444 0.0664243 7.23973e-08 1.28777e-05 6.92082e-05 0.0466724 0.000266036 0.0309364 0.227478 1.40119e-07 0.00877235 2.5537e-06 0.0246407 0.000499875 
0.0182499 0.115835 0.00106983 0.0672114 4.17314e-05 0.012708 0.327124 0.0428559 0.000148031 0.000114967 0.00407003 0.24513 0.000707232 0.035892 0.068301 2.23152e-05 0.0412954 0.00295507 0.00558769 0.0106803 
0.0102502 0.0131476 0.00273852 0.0182318 0.00170229 0.0017839 0.851903 0.031218 3.63836e-05 0.000103473 0.000983657 0.0265237 0.000306878 0.00524154 0.0168076 1.49914e-05 0.0177034 3.69858e-05 0.00057659 0.000689969 
0.0221498 0.0209765 0.00125937 0.0232429 0.000334086 0.000527724 0.79518 0.0429147 3.21488e-05 0.000207157 0.00399762 0.0155577 3.97358e-05 0.034561 0.0240647 2.89312e-05 0.0135283 0.000336812 0.000869259 0.000191329 
0.0347842 0.0622662 0.0600231 0.0633339 0.00374045 0.00385038 0.422241 0.0513756 0.000309654 0.000356756 0.00165128 0.093755 0.000794824 0.0143156 0.142309 7.2561e-05 0.0069528 0.000178516 0.0326752 0.00501337 
0.018208 0.185631 0.00550076 0.0821163 9.85225e-06 0.057662 0.219753 0.102802 0.00178292 0.00599689 0.00104191 0.0143777 0.000187322 0.0419057 0.196167 0.00107316 0.00964781 0.000216539 0.0205063 0.0354139 
0.0168469 0.0147236 0.00160354 0.0966222 2.13619e-07 2.84661e-07 0.312794 0.112066 1.14153e-08 2.02816e-07 0.0510149 0.0530122 4.69019e-05 0.115866 0.209317 5.48714e-05 3.60989e-06 1.41487e-07 0.0106312 0.00539635 
0.0209849 0.080261 0.00523277 0.0389919 8.58386e-05 0.0190831 0.334102 0.153296 0.000367287 0.000290894 0.000604319 0.00297078 0.000158832 0.0379582 0.282205 0.000427724 0.00738228 0.000263249 0.00426271 0.0110709 
0.00054704 0.000710611 0.00145402 0.0149647 0.000282074 0.00590886 0.92922 0.011553 0.000250191 0.00122267 0.000110911 0.0262732 3.31523e-05 0.00245515 0.000966998 1.82052e-05 0.00269454 0.000546355 0.000545535 0.000242853 
0.00391963 0.0711927 0.00160666 0.116624 1.91216e-06 0.0356491 0.249881 0.0478687 0.000649185 0.00067469 0.0150707 0.00232842 0.00259285 0.13445 0.244222 0.0029684 0.000568286 8.50123e-08 0.00227885 0.0674529 
0.0516264 0.143534 0.017258 0.0346606 0.000835087 0.00807531 0.329001 0.0419827 0.000150015 0.00018051 0.00136774 0.0346228 0.000509758 0.0247957 0.258816 9.28723e-06 0.0261577 8.28912e-05 0.024299 0.00203598 
0.00782883 0.0970054 0.00233639 0.022102 7.4554e-05 0.0300536 0.67687 0.0194873 0.000170482 0.00740331 0.000275426 0.031968 2.77608e-05 0.0436537 0.0474327 0.000429645 0.00400413 0.00079525 0.00489652 0.00318456 
0.00259638 0.0456504 0.000957585 0.0416072 6.55974e-06 0.00298199 0.672334 0.00767048 7.24514e-06 4.46898e-05 0.00145314 0.0343232 4.56406e-05 0.0270693 0.11038 8.1741e-06 0.0046664 0.000158111 0.046161 0.00187797 
0.144767 0.0753719 0.0132363 0.160231 0.000347759 0.00845223 0.320611 0.0635751 0.000458446 0.000376602 0.0370127 0.00942858 0.00384659 0.0668174 0.0567507 1.4964e-05 0.0248724 0.000127948 0.00747436 0.00622751 
0.00197531 0.0184708 0.00410072 0.0152903 0.000125801 0.0151659 0.630927 0.0738283 0.000268462 0.000911167 0.000515529 0.00745006 0.000135162 0.106122 0.114911 0.00015527 0.00721491 1.46067e-05 0.000285828 0.00213181 
0.0429431 0.037308 0.0175866 0.0670118 8.49141e-05 0.0740388 0.397128 0.101025 0.000423776 0.00059147 0.00354709 0.102444 0.00411218 0.0562837 0.051053 0.000301715 0.0256051 0.000134303 0.00406259 0.0143152 
0.0144746 0.0519705 3.08125e-05 0.0589202 1.11871e-05 0.0202394 0.320418 0.108137 2.28511e-05 0.00605938 0.0055263 0.299934 0.00657029 0.0222899 0.0408384 0.00473593 0.0361954 0.00149029 3.36096e-05 0.00210297 
0.000289764 0.000645586 0.00204941 0.00320456 1.98336e-06 0.0101381 0.790026 0.0796596 0.000185845 3.90246e-05 0.000376086 7.89214e-05 0.00539359 0.0737879 0.0137041 2.48466e-07 0.0201147 1.08188e-05 3.84148e-05 0.000255696 
0.201287 0.0849127 0.012878 0.0545862 0.0040824 0.00678238 0.291845 0.0875317 0.000964354 0.000314546 0.00211474 0.0502487 0.000743912 0.0597481 0.109131 0.000222026 0.00464681 0.0156589 0.00864609 0.0036547 
0.00793826 0.0607402 0.00142875 0.0743375 0.00037721 0.0412498 0.362133 0.0368795 5.28205e-07 0.00293791 0.0041737 0.0272977 0.000232947 0.0985588 0.146508 0.0752775 0.0351786 1.95091e-06 0.00874652 0.0160023 
0.0340619 0.101268 0.013463 0.0710955 0.000205911 0.0702001 0.220236 0.0693949 0.0184052 0.00585327 0.00174747 0.0802867 0.00229719 0.0621406 0.180368 0.00562991 0.0129704 0.0350508 0.00672626 0.0085985 
0.0292183 0.196067 0.00377012 0.0417829 0.000351326 0.129229 0.271616 0.0340929 0.000107235 0.000489703 0.000767248 0.0189304 0.000613214 0.0639749 0.183619 0.000620745 0.018118 9.89388e-05 0.00361112 0.00292232 
0.00200428 0.0560218 0.00332013 0.104611 8.10138e-07 0.0130663 0.429154 0.0558259 0.000356323 0.00270694 0.0339095 0.00666495 0.00281336 0.102897 0.0411377 0.00486999 0.0159262 1.46605e-05 0.000675749 0.124023 
0.00284305 0.024139 5.51211e-05 0.00274172 2.62401e-05 0.0425242 0.346296 0.0817435 2.09444e-08 4.44537e-06 3.33925e-05 0.00199052 4.34043e-05 0.34026 0.152667 1.31263e-05 0.00389628 3.39099e-09 0.000147052 0.000575597 
0.0874719 0.0703988 0.00458532 0.160799 2.78504e-06 0.00710195 0.359089 0.0338382 0.00128761 0.000219125 0.0112246 0.0830063 0.00151943 0.0249427 0.147851 0.000286302 0.00044791 0.000136104 0.00542423 0.000367322 
0.00502774 0.0835602 0.000941841 0.0164643 8.62658e-06 0.00739285 0.666225 0.0872908 7.68762e-06 0.0306127 0.000107387 0.00321228 1.50432e-05 0.0531708 0.0265684 2.13746e-06 0.0108284 2.32201e-05 0.00362324 0.00491724 
0.00880665 0.0342761 0.00103475 0.0372506 2.65523e-05 0.00315824 0.484344 0.076963 3.34612e-05 3.77354e-05 1.33215e-05 0.00540736 3.48689e-06 0.0186827 0.312905 3.96344e-06 0.0102317 0.000114294 0.00649839 0.000208886 
0.00585219 0.0223413 0.00679706 0.0378949 0.000153685 0.0373201 0.238325 0.159975 0.000716601 0.000954209 0.00341387 0.099011 0.00733241 0.232101 0.114557 0.00111859 0.0227953 5.26898e-05 0.00428647 0.00500087 
0.0053196 0.037673 0.00254195 0.0136331 0.000662118 0.0331855 0.467896 0.0630938 0.00135431 0.0809241 0.00189253 0.0195206 0.00271229 0.0915407 0.0990208 0.0297787 0.0276901 0.000481149 0.00623026 0.0148496 
0.0104807 0.02549 0.0524628 0.0475461 3.10978e-06 0.00698884 0.250144 0.010011 0.00158926 0.227512 0.000366172 0.150395 8.92832e-06 0.0189013 0.16033 7.43079e-05 0.0300981 0.00593255 0.000933382 0.000732226 
0.000210914 0.00617235 0.000556109 0.0034918 0.000110112 0.000677061 0.894046 0.000261952 9.73201e-05 0.00191949 0.00220199 0.0331001 0.00529635 0.0117996 0.0280427 7.1935e-06 0.0091247 0.000677817 0.000210427 0.00199619 
0.0103264 0.0106371 0.0170935 0.0669997 1.11263e-05 0.0241308 0.803772 0.00133454 4.2927e-05 0.00175891 5.20466e-06 0.0211264 2.27924e-05 0.0130239 0.00826344 3.71059e-06 0.0171274 5.14342e-05 0.00391496 0.000353552 
0.00330841 0.0117951 0.0101254 0.0500077 2.01876e-06 0.0145241 0.602823 0.079545 2.677e-06 3.80506e-05 7.97113e-06 0.0126542 6.65046e-05 0.107932 0.0983521 3.79147e-06 0.00311674 8.39974e-05 0.00483144 0.000779668 
0.00121515 0.0452735 0.000816166 0.0579877 5.78157e-06 0.00112606 0.346815 0.0595399 0.000317367 1.84872e-05 0.000357921 0.310375 0.00199771 0.000806402 0.0901926 2.28342e-06 0.000948501 0.000170022 0.0813744 0.000659303 
0.00824674 0.0192432 0.00497197 0.0601198 3.78201e-06 0.00729232 0.651544 0.0326208 3.5662e-06 0.0308018 6.99747e-05 0.0856352 6.83213e-05 0.0321351 0.0330854 2.72134e-05 0.0315403 7.82616e-05 0.00167515 0.000837295 
0.00665978 0.033442 2.48031e-06 0.154426 1.51692e-06 0.0311628 0.304698 3.76305e-06 0.00271438 1.25428e-06 5.98663e-07 0.157528 6.69793e-05 0.0450001 0.218955 9.51347e-08 0.0299562 2.99519e-06 0.0153769 1.33619e-06 
0.0119936 0.0390365 0.0792955 0.0786051 3.9569e-05 0.0155457 0.246983 0.107208 0.00105384 0.000685705 0.000145033 0.104658 6.39782e-05 0.116769 0.153852 6.83749e-06 0.0306852 1.86191e-05 0.0105099 0.00284501 
0.00254853 0.0144885 0.00625134 0.0728565 8.44214e-05 0.0190999 0.495692 0.0330917 0.00275352 0.000419385 0.00549071 0.124586 0.00331313 0.130493 0.0511723 0.0153276 0.00912825 0.000163381 0.00489507 0.00814452 
0.000822784 0.00160165 2.64248e-05 0.0333274 6.96347e-07 0.0879118 0.559313 0.0160863 3.60383e-08 3.67541e-05 6.07328e-06 0.0238593 0.00309422 0.225884 0.0394421 9.11534e-07 0.00183755 3.34216e-07 0.00665232 9.66487e-05 
0.00470468 0.016589 0.0127284 0.221951 0.000627985 0.00287308 0.499986 0.116717 0.000158772 0.000574459 0.000146392 0.0125052 0.000171225 0.00896039 0.0881616 1.63e-05 0.00581749 0.000526141 0.00614186 0.000642967 
0.163033 0.0456278 0.0317846 0.0481775 0.000112591 0.0782429 0.189779 0.0417701 0.00083464 0.179465 0.00899579 0.0282436 0.00592424 0.064127 0.0696226 0.00154499 0.0230455 0.000156881 0.0141797 0.00533333 
0.0848971 0.120919 0.0592136 0.0457468 0.000102767 0.138595 0.18246 0.12166 0.00161842 0.00244776 0.00270393 0.0605968 0.000914529 0.0424251 0.101134 7.09641e-05 0.0300232 8.00328e-05 0.00400134 0.000391027 
0.0469859 0.0679493 0.0158524 0.0478267 0.00202744 0.00812799 0.350626 0.155369 0.000431594 0.00064415 0.00934588 0.0332983 0.00551625 0.060978 0.12529 0.00725564 0.0321709 0.000421207 0.00902128 0.020862 
0.12127 0.082822 0.000784732 0.00855378 2.69564e-06 0.0217429 0.643717 0.0188445 2.40921e-06 0.0213961 1.06357e-06 0.00910563 0.00420418 0.00212044 0.049809 3.24552e-06 0.0115516 0.000124077 0.00134777 0.00259735 
0.0267406 0.0302186 0.000374871 0.00403614 0.017621 0.00614865 0.588985 0.0413697 0.00787974 0.00171082 0.00610095 0.0156846 0.00452341 0.191891 0.0140332 0.00623492 0.015204 1.85588e-07 0.000465666 0.0207767 
0.0122985 0.00551467 0.000667947 0.0203786 8.54747e-05 0.123243 0.317546 0.129315 8.95671e-05 0.00250865 0.000104005 0.0546195 0.000112045 0.149641 0.153878 4.55304e-05 0.0206638 6.28638e-05 0.00895842 0.00026749 
3.73537e-05 0.156725 0.0106452 0.0336662 3.7863e-07 0.000278574 0.306578 0.00253503 0.000290348 2.76624e-07 7.0286e-05 0.255634 4.06623e-05 0.0237013 0.209504 2.14713e-06 4.08415e-05 5.39908e-05 7.29966e-05 0.000122885 
0.0178478 0.0677409 0.0309057 0.0340496 0.000228577 0.026635 0.363674 0.165118 0.000958315 0.00124521 0.0022555 0.00378183 0.00271053 0.091854 0.159635 0.00447833 0.00813105 2.03379e-06 0.00297292 0.015776 
0.000444934 0.0688131 0.0390267 0.0343128 7.41348e-05 0.0694923 0.33687 0.0797879 0.00125233 0.00208235 0.0020159 0.00547151 0.00702808 0.185398 0.0301944 0.0138654 0.042093 4.06339e-10 0.010364 0.0714127 
0.00605065 0.0339418 0.000954137 0.0116852 1.02781e-05 0.00438023 0.678931 0.00312838 1.61938e-07 0.000294733 0.000763413 0.0819067 0.0920385 0.0164504 0.0516813 1.15424e-05 0.00234754 2.9694e-06 0.00230992 0.0131115 
0.0888415 0.0506134 0.0224027 0.0322434 0.000383688 0.00883104 0.276878 0.178475 0.000840035 0.00517569 0.00257909 0.0761579 0.00463388 0.0440656 0.173167 0.00422243 0.013068 0.000328808 0.0122141 0.0048788 
0.0110214 0.0588112 0.00346128 0.0291275 0.000314961 0.141009 0.391412 0.0446565 3.67662e-07 1.57085e-06 0.000136015 0.0343844 0.00157146 0.168167 0.0757425 3.34691e-07 0.0322821 1.24205e-07 0.000588709 0.00731125 
0.00733111 0.0148929 0.00213511 0.0434177 1.76257e-06 0.24016 0.360304 0.0213619 0.000129693 4.45077e-05 0.000113051 0.124745 7.25658e-05 0.0407837 0.114874 1.27151e-05 0.0105188 0.00151856 0.00483547 0.0127483 
0.0523617 0.0296034 0.00462857 0.00531122 0.000288661 0.0209305 0.379882 0.169445 0.00224438 0.0136769 0.00865844 0.0178036 0.00157106 0.114119 0.0682538 0.00105108 0.102048 5.61275e-08 2.97336e-05 0.00809257 
0.0370509 0.0877139 0.00421913 0.0202905 0.0014464 0.0228754 0.282827 0.192723 0.00110059 8.41998e-05 0.0016979 0.0440988 0.00233804 0.154193 0.127753 4.11182e-05 0.00811323 0.000195412 0.0035532 0.00768573 
0.0841503 0.0850649 0.0189495 0.0411318 0.00842899 0.0409794 0.341841 0.105847 0.0010878 0.000923057 0.00515522 0.0167057 0.010925 0.108911 0.0765659 0.00139847 0.038142 0.000128419 0.00361706 0.0100466 
0.00270383 0.0589584 0.000925287 0.0781071 9.73875e-05 0.0154974 0.487499 0.0333479 1.31543e-05 5.51139e-05 0.000562085 0.0142123 2.08291e-05 0.189826 0.0758103 3.52451e-05 0.00152686 3.90874e-05 0.00474566 0.0360169 
0.00856398 0.0262899 0.00766341 0.00561754 1.012e-06 0.0566879 0.707346 0.0229147 2.13356e-06 0.000278556 6.53578e-05 0.0695529 0.000117897 0.0317988 0.026775 9.8467e-05 0.0335625 1.99161e-06 0.00248292 0.000179081 
0.00691651 0.00785086 0.0287504 0.285289 1.52166e-05 0.000546401 0.476646 0.0541696 6.55607e-05 0.000140423 0.00118395 0.0484242 0.000844907 0.0367515 0.0315755 6.60165e-05 0.00210636 9.9213e-05 0.0176068 0.000951995 
