0.0642703 0.0731753 0.0192759 0.0153644 9.87693e-05 0.0066522 0.039395 0.391406 0.000466806 0.00116281 0.00228799 0.0151023 0.00213608 0.0874252 0.13883 0.00263889 0.128843 9.20196e-05 0.00427919 0.0070981 
0.0397728 0.198719 0.0223902 0.197023 2.50899e-06 0.0138997 0.00899059 0.285942 0.000577381 0.00482067 2.99312e-05 0.06645 0.000471493 0.0189295 0.0675639 2.62725e-06 0.0451607 0.000852763 0.0281986 0.000202804 
0.0128516 0.115828 0.0302005 0.048629 0.000622132 0.0125003 0.0328236 0.380649 0.0037189 0.00794562 0.00289454 0.0540276 0.000749835 0.0274185 0.0480083 0.000584179 0.0901073 0.116256 0.0109385 0.00324567 
0.0695462 0.0426949 0.0232215 0.0294773 0.000134721 0.00971572 0.0255622 0.432286 0.0111366 0.0072583 0.00342769 0.0490817 0.00254375 0.0583116 0.202851 0.00412691 0.00979951 0.00039339 0.00586524 0.0125651 
0.0992841 0.0065995 0.00276046 0.0791935 4.00879e-08 0.00156204 0.00782152 0.334026 0.000992719 0.000167968 0.0182948 0.0393199 0.000192688 0.0750657 0.290452 5.07809e-05 0.00341275 2.11547e-05 0.00785637 0.0329262 
0.0814403 0.223232 0.00753352 0.0332933 1.81457e-07 0.00337478 0.00253776 0.268259 0.000378753 0.000118365 0.00562588 0.169091 0.00135418 0.0337918 0.128425 2.96455e-05 0.0178145 0.000259328 0.0177142 0.00572709 
0.161032 0.216913 0.0261896 0.0137008 0.00096579 0.0133494 0.0153958 0.28695 0.00221384 0.00183477 0.0018956 0.0628067 0.00308128 0.017455 0.103725 0.00462678 0.0271585 0.000144013 0.0021857 0.0383759 
0.126408 0.0793507 0.00132586 0.010712 0.000419188 0.0242322 0.0417027 0.520701 0.000108724 0.00154561 0.00106197 0.0178491 0.000230517 0.0173787 0.0177364 0.000828713 0.127616 0.00477984 0.00129418 0.00471767 
0.0762827 0.0578799 0.0322818 0.0593649 5.12329e-05 0.0201236 0.0549373 0.284394 0.00115121 0.00124803 0.0327328 0.0988997 0.001532 0.0800512 0.173668 0.000573572 0.00634342 0.000836492 0.0127074 0.00494027 
0.000839159 0.0607165 0.000576064 0.00190328 5.47016e-08 0.0113728 0.0460958 0.581021 0.005886 0.0168254 0.000485736 0.0104539 0.0031157 0.181479 0.0266634 1.26916e-07 0.0492973 9.48295e-05 0.000402155 0.00277206 
0.180023 0.0687469 0.0278734 0.0415354 7.7496e-05 0.0225364 0.0123491 0.356817 0.00154234 0.00144235 0.00642938 0.0445759 0.00291163 0.0551633 0.132839 0.00194647 0.016148 0.000256189 0.0179426 0.00884467 
0.00918806 0.0400156 0.00430873 0.0224044 4.48984e-08 0.025166 0.0535326 0.677007 0.00340172 0.00061799 0.000681435 0.0708021 0.000211591 0.0374104 0.0384533 5.25969e-05 0.0123938 0.000648339 0.00244492 0.00125948 
0.00428365 0.0125805 0.0005958 0.0175973 3.32402e-05 0.00951161 0.0948474 0.486978 0.000270119 3.85585e-05 3.6758e-05 0.0119086 0.000125615 0.188335 0.16851 6.82942e-06 0.00246592 0.000148962 0.00131971 0.00040604 
0.0291071 0.167614 0.0280703 0.0144537 6.34227e-05 0.0146173 0.00768713 0.282539 0.00254652 0.0904069 0.00340365 0.0224784 0.00257996 0.0902756 0.125666 0.01617 0.0282964 0.000250529 0.00351847 0.0702555 
0.0112948 0.0559125 0.000884731 0.13445 7.81004e-06 0.0219969 0.00263258 0.289034 0.000647664 0.00524778 0.0583109 0.175728 0.000966861 0.0790331 0.139297 0.00585622 0.0129353 0.000113776 0.00228107 0.00336822 
0.0158428 0.168371 0.00339341 0.00975743 1.06951e-07 0.00252096 0.0138929 0.559219 0.0210379 0.00727103 0.000861281 0.156075 0.000674837 0.0192876 0.00758067 6.86078e-06 0.0114355 0.000820113 0.00101534 0.000935603 
0.0175796 0.0656652 0.0208371 0.0129037 8.57847e-05 0.177988 0.167074 0.229688 0.00849416 0.0011584 0.00200303 0.0304387 0.00437577 0.139337 0.0792446 0.00667978 0.0177349 0.000215059 0.00466205 0.0138348 
0.00124823 0.297458 0.00407674 0.0127376 0.000651806 0.00962117 0.0331279 0.328414 0.000264562 0.00136829 0.00265259 0.037765 0.00154644 0.0718008 0.0217852 0.00216197 0.164909 1.27126e-05 0.000111488 0.00828647 
0.0919821 0.013959 0.0617548 0.0236369 0.00335629 0.0102387 0.0117296 0.439684 0.000252903 0.000147871 0.000564765 0.0774083 0.00178639 0.0518061 0.195571 6.51754e-05 0.00720565 0.000138725 0.00556593 0.00314593 
0.0121478 0.101742 0.0186725 0.0322044 0.000175792 0.00611817 0.0161546 0.50836 0.000263815 0.000597391 0.00466017 0.0099356 0.000388349 0.0454553 0.20649 0.000240737 0.0213411 3.06054e-05 0.00841071 0.00661118 
0.0713338 0.0393997 0.0163078 0.0444001 0.00156122 0.0134065 0.0696762 0.380749 0.000938292 0.00065491 0.00253719 0.0243366 0.00440895 0.150368 0.152571 0.00302273 0.0130304 0.000146312 0.0055371 0.0056154 
0.021168 0.0371936 0.0053133 0.0552688 0.000305167 0.00311144 0.0407274 0.386591 0.00242142 0.00205297 0.00138019 0.122967 0.00440782 0.0825486 0.204949 4.95647e-05 0.0166215 0.00280127 0.00251646 0.00760602 
0.0121191 0.200156 0.00421005 0.00906343 0.00013989 0.0129057 0.031412 0.238918 0.000165474 0.00221661 0.0533694 0.0699767 0.00202834 0.0593489 0.0671516 0.196908 0.0157651 0.000357259 0.00179304 0.0219956 
0.223567 0.0159847 0.00745597 0.0148058 6.44038e-05 0.00211746 0.0114743 0.397533 0.000235511 0.0006501 0.00783008 0.00979525 0.000814028 0.0251343 0.25544 0.000201093 0.00407599 3.21205e-05 0.00648947 0.0162992 
0.0175815 0.194859 0.00359318 0.00781769 6.14728e-08 0.00472361 0.0132693 0.331068 0.000313077 0.00188674 0.0122629 0.00805419 0.0577202 0.150934 0.0408961 0.0332058 0.0903917 2.16225e-09 0.000410633 0.0310118 
0.00124823 0.297458 0.00407674 0.0127376 0.000651806 0.00962117 0.0331279 0.328414 0.000264562 0.00136829 0.00265259 0.037765 0.00154644 0.0718008 0.0217852 0.00216197 0.164909 1.27126e-05 0.000111488 0.00828647 
0.00124823 0.297458 0.00407674 0.0127376 0.000651806 0.00962117 0.0331279 0.328414 0.000264562 0.00136829 0.00265259 0.037765 0.00154644 0.0718008 0.0217852 0.00216197 0.164909 1.27126e-05 0.000111488 0.00828647 
0.00643611 0.0563773 0.0473689 0.0188514 3.05412e-05 0.0117999 0.0539634 0.382607 0.00065688 0.000619671 0.00265325 0.011165 0.0159699 0.240865 0.0608626 0.0300895 0.0335295 6.0628e-05 0.00215323 0.0239402 
0.0471433 0.0663674 0.00885787 0.0249214 0.000142957 0.0253904 0.027349 0.412253 0.00101113 0.0020773 0.0088336 0.156415 0.00251552 0.0634556 0.104833 0.00592215 0.0151757 0.00455801 0.00779554 0.0149816 
0.0441904 0.0543773 0.0503324 0.094419 0.000209124 0.0217763 0.0134025 0.216568 0.00164816 0.0101095 0.020494 0.0537754 0.00314563 0.14806 0.182762 0.0392171 0.0179856 0.000192043 0.00919891 0.0181371 
0.0208553 0.0409388 0.0480166 0.0939024 0.000360592 0.026634 0.0190977 0.330433 0.00175603 8.37742e-05 0.00722729 0.0609987 0.00144839 0.215111 0.099918 0.00586763 0.00318306 1.51171e-05 0.00563467 0.0185179 
0.00899765 0.048331 0.00315504 0.000313859 0.000173443 0.0160598 0.0303244 0.562586 0.000741795 0.00113914 0.00327096 0.000983609 0.00793997 0.0841567 0.116816 0.00745174 0.0918364 3.72242e-13 0.000119216 0.0156032 
0.158672 0.133045 0.0560247 0.0295581 5.79808e-05 0.000934351 0.0155614 0.289178 0.0232266 0.000163473 0.00134759 0.0816615 0.00114264 0.0517078 0.143709 7.89505e-05 0.00431336 0.000640384 0.00890614 7.06406e-05 
0.00232604 0.0384904 0.000164867 0.0631032 7.09399e-10 0.109904 0.0554271 0.272348 0.0248144 3.246e-06 0.000665179 0.0892283 0.00295666 0.140228 0.166786 7.40409e-08 0.00312813 0.000636494 0.00363283 0.0261573 
0.011833 0.0446917 0.00661721 0.0173689 2.28316e-07 0.0118391 0.00148471 0.398774 0.0102762 0.0016199 0.0293785 0.219509 0.00694221 0.112654 0.0650081 0.016825 0.012897 1.35976e-05 0.00119594 0.0310715 
0.056755 0.0492218 0.0296381 0.00949995 6.67688e-05 0.0151401 0.00820815 0.414337 0.00110491 0.00103462 0.00344388 0.00813911 0.0020392 0.226038 0.114689 0.0215631 0.00902309 5.19872e-05 0.00476881 0.0252381 
0.0188808 0.0163856 0.0395064 0.0283373 1.87575e-08 0.000109016 0.00627301 0.333876 0.0107935 3.18897e-05 0.000470092 0.237755 0.000704807 0.023427 0.251499 0.000168819 0.00466487 0.0137051 0.0114205 0.00199195 
0.0871424 0.301526 0.0035195 0.00447592 1.39735e-06 0.00337594 0.00177348 0.513479 5.26986e-06 2.96589e-05 8.68209e-05 0.0348182 7.3701e-05 0.00605597 0.0360167 2.53682e-05 0.00522232 0.00137161 0.000692482 0.000308096 
0.0885411 0.0756499 0.0242941 0.0300435 7.58576e-05 0.00757007 0.0308741 0.338543 0.00254177 0.00195244 0.00137515 0.0363399 0.000581043 0.144927 0.188136 0.00337255 0.00946457 0.000339722 0.0101167 0.00526068 
0.044217 0.175896 0.00545062 0.00922835 0.000132052 0.0276454 0.0158434 0.370001 0.000433004 0.00231643 0.00244605 0.0246923 0.0021452 0.0276485 0.040456 0.00210265 0.235755 0.000603617 0.00149658 0.0114906 
0.0573509 0.173004 0.0261628 0.0250883 0.000143036 0.0262831 0.0184209 0.235363 0.00194308 0.005685 0.00391329 0.016582 0.00736654 0.0961709 0.222937 0.0101365 0.0167382 1.49159e-05 0.00820679 0.0484901 
0.0196013 0.148808 0.0182168 0.064862 1.30082e-08 0.034901 0.014433 0.240231 0.00297261 0.0020405 0.000276555 0.143625 0.00116675 0.0237835 0.231764 0.000159697 0.0184954 0.00340326 0.0205682 0.0106904 
0.0265081 0.0189977 0.0109602 0.0333821 1.98332e-06 0.000765426 0.00943153 0.322094 0.0019824 6.14317e-05 0.00101617 0.169892 0.00025374 0.0790813 0.312239 9.66227e-05 0.00482024 0.00075667 0.00551385 0.00214553 
0.0664676 0.0525267 0.031519 0.0472645 0.000305555 0.00904243 0.0302691 0.600347 0.00010031 0.000129971 0.00859682 0.0211498 0.0120369 0.0327028 0.057217 0.00445274 0.00348325 5.14728e-05 0.00706854 0.015269 
0.020384 0.0225184 0.00179735 0.135358 0.000140631 0.0281922 0.0296938 0.461422 0.00209723 0.00238639 0.00027338 0.0382952 0.00101857 0.0850296 0.0464605 0.000611688 0.0472754 2.79582e-05 0.00107868 0.0759398 
0.0716466 0.128757 0.027471 0.0127352 2.43049e-05 0.00149853 0.0156479 0.471141 0.0010179 8.70229e-05 0.00571665 0.0470436 0.000389068 0.0660412 0.104466 0.0136606 0.00930706 0.000553985 0.00259992 0.020195 
0.0123589 0.127611 0.000331948 0.0084716 4.82272e-07 0.0059265 0.000207212 0.422225 3.45839e-05 0.000850802 0.000354606 0.359912 0.000146173 0.000413468 0.028684 1.1992e-05 0.0152075 0.0112304 0.00581194 0.000209849 
0.0112987 0.00711936 0.024573 0.0158248 0.000615325 0.00121796 0.163535 0.336102 0.000301169 0.00014392 5.06859e-05 0.0502393 0.00074289 0.0640455 0.310628 7.50886e-07 0.00849725 2.38092e-05 0.00484893 0.000191105 
0.0289503 0.14168 0.0097712 0.0408472 0.00948946 0.00589246 0.0205081 0.289558 0.00156472 0.00100137 0.0078084 0.181604 0.000669956 0.0902369 0.115291 0.000266556 0.0229634 0.0257009 0.00504473 0.00115138 
0.0430673 0.0357998 0.0251326 0.0153218 4.21908e-05 0.00857988 0.0842498 0.27472 0.000629574 0.00109691 0.00299573 0.0160885 0.00249768 0.0483617 0.247283 0.00360666 0.166709 2.64731e-05 0.00218237 0.0216085 
0.0515846 0.0303907 0.0605523 0.1001 6.67667e-05 0.015164 0.00917375 0.245315 0.0012481 0.00812715 0.0266725 0.064058 0.00203413 0.189317 0.154069 0.00464813 0.0160768 4.17826e-05 0.00805222 0.0133093 
0.021468 0.175125 0.0134899 0.00661583 0.000105695 0.0176455 0.00883001 0.493617 0.00108026 0.00268284 0.00214737 0.0154644 0.00550197 0.0877053 0.105963 0.00911114 0.010048 2.54817e-05 0.00276507 0.0206088 
0.0452847 0.0770618 0.0135852 0.0537094 2.79141e-05 0.020879 0.129039 0.442402 0.00201589 0.000159424 0.00380941 0.0301273 0.00391875 0.0466868 0.0975518 0.00682699 0.0180421 0.000293038 0.00639085 0.00218806 
0.0213628 0.019289 0.00367798 0.0066196 0.000260035 0.00184903 0.00963688 0.408166 0.0160348 0.000191552 0.000579527 0.255874 0.000199178 0.0825709 0.0553442 0.0391234 0.0078116 0.0597878 0.000621723 0.0110008 
0.00656333 0.114289 0.0041963 0.00850706 4.64457e-05 0.0356456 0.00444751 0.567196 0.000187136 0.00124322 0.00585124 0.185577 0.0103433 0.0040189 0.0138137 0.000705421 0.0343825 6.71954e-05 0.000941278 0.00197838 
0.104114 0.00782134 0.00536625 0.0512554 1.97734e-05 0.0124607 0.0307453 0.382657 0.00226676 0.000857728 0.0110424 0.0321032 0.00570569 0.247921 0.0282292 0.0426445 0.0124365 1.7377e-05 0.000595985 0.02174 
0.00117183 0.0633223 0.000468506 0.0012275 1.02717e-05 0.000524962 0.00137586 0.64354 9.18041e-06 0.00436894 7.57911e-05 0.0388855 1.13617e-06 0.0380029 2.77621e-05 0.000105005 0.0149958 0.191641 7.67821e-05 0.000169051 
0.0174125 0.0652917 0.00310814 0.00344528 0.000103531 0.0141021 0.0175941 0.573719 0.00137594 0.000972335 0.00156255 0.027843 0.00250716 0.0974241 0.117906 0.00794354 0.0275771 0.00106207 0.000733653 0.0183163 
0.00760367 0.13823 0.0148869 0.039273 0.000133599 0.00288743 0.0118535 0.323927 0.000255025 0.00194908 0.0317737 0.131274 0.00313881 0.0673594 0.133511 0.000190194 0.0586765 2.40419e-05 0.0268786 0.0061742 
0.101287 0.14522 0.0417741 0.0589056 4.4285e-05 0.00220888 0.0288606 0.313881 0.000361953 0.0012357 0.0024019 0.0312995 0.000138924 0.057602 0.128691 0.00865742 0.0414806 0.000562316 0.0275972 0.00779092 
0.00124823 0.297458 0.00407674 0.0127376 0.000651806 0.00962117 0.0331279 0.328414 0.000264562 0.00136829 0.00265259 0.037765 0.00154644 0.0718008 0.0217852 0.00216197 0.164909 1.27126e-05 0.000111488 0.00828647 
0.00124823 0.297458 0.00407674 0.0127376 0.000651806 0.00962117 0.0331279 0.328414 0.000264562 0.00136829 0.00265259 0.037765 0.00154644 0.0718008 0.0217852 0.00216197 0.164909 1.27126e-05 0.000111488 0.00828647 
0.00124823 0.297458 0.00407674 0.0127376 0.000651806 0.00962117 0.0331279 0.328414 0.000264562 0.00136829 0.00265259 0.037765 0.00154644 0.0718008 0.0217852 0.00216197 0.164909 1.27126e-05 0.000111488 0.00828647 
0.0257614 0.0170904 0.00562456 0.0110942 6.40892e-05 0.0112319 0.189412 0.328831 0.000975503 0.00122923 0.00331438 0.0742077 0.00424114 0.134341 0.158111 0.0140762 0.0101036 0.000245431 0.00188617 0.00815908 
0.0578487 0.144491 0.0113164 0.0607277 0.000147614 0.0161115 0.0243363 0.365863 0.00166152 0.000480354 0.00236683 0.0788369 0.0213631 0.0510705 0.102514 0.0011225 0.0200255 0.00362088 0.00458503 0.0315108 
0.00949992 0.0369726 0.047932 0.228527 9.05523e-06 0.000383809 0.0354611 0.336846 2.52742e-05 0.000410413 0.0597804 0.0503667 0.000806935 0.119661 0.0321937 6.66379e-05 0.0157214 0.000611303 0.00995942 0.014766 
0.0728622 0.125958 0.0209523 0.0347576 0.00582554 0.00665196 0.0777418 0.356992 0.00488817 0.000177303 0.0121502 0.0715603 0.00209226 0.0628979 0.126676 0.000156063 0.00433568 0.00150179 0.00740578 0.00441781 
0.00381027 0.0707239 0.011937 0.0349506 6.99059e-05 0.00194729 0.00615268 0.562523 0.000309727 0.00079633 0.00102558 0.0485351 0.00530926 0.00572437 0.216782 0.000842375 0.0050771 0.00060545 0.0187863 0.00409116 
0.000277383 0.135281 7.59013e-07 0.0674811 2.06656e-06 0.0121977 0.00400578 0.592601 3.41187e-06 3.60284e-05 0.00219636 0.00761344 0.00111733 4.18292e-06 2.13278e-06 0.000910553 0.170889 4.09247e-06 0.000596429 0.0047801 
0.0168491 0.0958798 0.0810962 0.182105 0.0179327 0.00941444 0.0251097 0.268945 0.000500472 0.00111963 0.00073817 0.0876953 0.000613011 0.0245899 0.124687 2.78985e-05 0.0203296 0.00106806 0.0234407 0.017858 
0.0100886 0.12435 0.00601889 0.0182395 9.57908e-05 0.00290298 0.0263346 0.465834 0.000220612 0.000328155 0.0004681 0.012116 0.00527316 0.125906 0.0992104 0.00078707 0.0113951 5.87146e-05 0.0108686 0.0795042 
0.0681978 0.0845489 0.00241355 0.00877879 1.13488e-07 0.00696441 0.036903 0.363 4.65368e-06 0.000432715 0.008823 0.00881991 0.0118857 0.100231 0.289684 0.000158191 0.00353568 9.98279e-13 0.00122198 0.00439667 
0.00550732 0.0656153 0.0231695 0.059249 7.72592e-05 0.019434 0.0548388 0.393397 0.000200152 0.00122914 0.00104174 0.0570169 0.00167576 0.0105243 0.0403014 0.000653598 0.258163 0.000960971 0.00238179 0.00456287 
0.044141 0.110122 0.0171205 0.0313618 0.000156049 0.0395579 0.0222537 0.354406 0.00188478 0.0036702 0.00315328 0.00910097 0.00463469 0.05713 0.140061 0.0073128 0.0201158 0.000707678 0.00706316 0.126047 
0.00645949 0.0237862 6.51392e-06 4.24372e-05 1.08126e-09 0.000235581 4.02144e-05 0.413037 3.76483e-06 7.9794e-06 3.7272e-10 0.247301 0.00687865 0.302104 4.788e-05 1.35455e-10 1.34465e-05 7.41503e-10 1.71401e-05 1.85796e-05 
0.109695 0.0574636 0.0337044 0.0397812 4.13627e-05 0.00657809 0.0439784 0.296898 0.00584008 0.00441965 0.00617721 0.0424003 0.00154337 0.0607025 0.263504 0.000244408 0.0112879 0.000459194 0.0127944 0.00248783 
0.0610898 0.171366 0.0103669 0.00912385 0.00080044 0.00972965 0.00951658 0.264885 0.00277388 0.000492449 0.000986368 0.0477943 0.0163932 0.147895 0.216058 0.00418205 0.0141921 0.000414376 0.00185459 0.0100851 
0.0465525 0.0383096 0.00780554 0.0507787 0.000239021 0.015636 0.0366698 0.403954 0.000687983 0.00705375 0.0118928 0.0235536 0.00275395 0.0218531 0.293366 0.00346919 0.0127528 0.000183959 0.00727551 0.0152117 
0.132627 0.0786321 0.0220096 0.0262836 0.000114151 0.0069441 0.0227448 0.346644 0.0020821 0.00213766 0.00467867 0.0203246 0.00271446 0.0470121 0.240684 0.00469845 0.0140231 0.000249479 0.014247 0.0111497 
0.0881548 0.0517954 0.00845845 0.143491 6.89778e-05 0.0239628 0.00814728 0.339688 0.00432659 0.000814711 0.00796143 0.090394 0.00122492 0.0619655 0.119134 0.000619122 0.0191974 8.38645e-05 0.0145238 0.0159882 
0.00506825 0.0351366 0.016101 0.0036952 4.78317e-05 0.00163018 0.0504324 0.52351 3.67944e-07 1.00807e-05 5.90779e-08 0.00209687 9.4787e-06 0.287188 0.0557556 5.85896e-06 0.0175971 5.69543e-05 0.000767683 0.000890933 
0.0608824 0.0222596 0.0472468 0.150047 0.000382606 0.00692644 0.00604399 0.370977 0.00404923 0.000949665 0.00323553 0.0750399 0.00341602 0.0529985 0.170514 0.0026079 0.00402399 0.000294267 0.00513331 0.0129718 
0.0171489 0.245255 0.0180845 0.0564822 3.30097e-05 0.0264525 0.016664 0.318786 4.48364e-05 0.0137077 0.000609805 0.0252214 7.48483e-05 0.0694056 0.144098 2.51594e-06 0.0306871 0.00029517 0.0138786 0.00306815 
0.0501819 0.0686178 0.0499755 0.0215876 7.00581e-05 0.0116376 0.00471479 0.442679 0.00220979 0.00281573 0.00359129 0.0129366 0.00631209 0.056377 0.209915 0.0132276 0.0016073 9.25282e-06 0.0214151 0.0201193 
0.00385676 0.0872776 0.010455 0.0758702 1.95196e-06 0.0851474 0.0356292 0.355483 0.0015501 0.00148205 0.00612738 0.0928832 0.000702848 0.0969466 0.0507252 0.000979952 0.0179649 0.0296813 0.00399132 0.0432442 
0.0379093 0.158857 0.0215329 0.0318553 6.18571e-05 0.00263966 0.00456839 0.347141 0.00041448 0.000363507 0.00755458 0.104635 0.00998989 0.0229464 0.209376 0.000687251 0.0248017 7.35028e-05 0.00701103 0.00758227 
0.0324732 0.0369791 0.00233091 0.0262181 7.24368e-08 0.0124081 0.00854217 0.495311 7.61556e-05 0.00638751 0.0135643 0.0321098 9.48671e-05 0.0133045 0.300625 1.28816e-05 0.00944929 0.000589554 0.00283217 0.00669098 
0.0183833 0.0374145 0.0216278 0.0359166 0.00267419 0.108404 0.222767 0.238191 6.12456e-05 0.00189003 0.00475866 0.035591 0.00276012 0.131275 0.112601 0.00141048 0.0117785 8.20931e-05 0.00559676 0.00681592 
0.0515894 0.10965 0.0211115 0.0310655 0.000205715 0.0165767 0.0617443 0.226428 0.000970688 0.000767898 0.0139111 0.0294422 0.00327598 0.168396 0.221174 0.00806446 0.016591 0.000131706 0.00699522 0.0119084 
0.0861147 0.0644316 0.0448409 0.0216063 0.00167816 0.00802898 0.00752337 0.365048 0.000157019 0.00014178 0.00709432 0.0610968 0.00157875 0.152062 0.120632 0.00846807 0.00863084 6.93676e-05 0.0069785 0.0338196 
0.0403639 0.238846 0.00484492 0.112943 0.000292985 0.0822448 0.0462073 0.242444 4.94162e-07 7.78236e-05 0.00251211 0.0558483 0.000168503 0.0915297 0.0526182 0.00233141 0.0189394 1.4305e-06 0.00511869 0.00266661 
0.04822 0.163086 0.0209291 0.0405417 0.00121166 0.00221641 0.0139028 0.22001 0.00135591 0.00097395 0.0137547 0.213092 0.0119258 0.105506 0.0630259 0.0194199 0.0309293 0.0013384 0.0114958 0.0170647 
0.0878707 0.0726291 0.0226297 0.0422163 7.22869e-07 0.032007 0.0223982 0.418248 9.37662e-05 0.00493326 0.000136093 0.139468 0.000186527 0.00579035 0.0760446 2.78169e-05 0.0358633 0.0309911 0.00635888 0.00210583 
0.0427018 0.124367 0.0317525 0.0553129 0.000347248 0.0226789 0.0198716 0.314978 0.00352478 0.00271873 0.0141719 0.0284868 0.00485622 0.0723021 0.180231 0.00948726 0.0227072 0.000551439 0.0219325 0.0270204 
0.0328473 0.0214309 0.104182 0.0487096 0.00015796 0.00785161 0.0249719 0.220073 0.00661718 0.00109313 0.00697557 0.165508 0.0154877 0.208984 0.0809059 0.00829026 0.00949129 8.8588e-05 0.0177096 0.0186243 
0.0132754 0.0149153 0.0279073 0.0320993 1.60191e-06 0.0112256 0.196025 0.355728 8.48963e-06 4.77338e-05 0.00055792 0.0145681 4.80275e-05 0.125416 0.17652 9.49573e-06 0.0253059 1.1167e-06 0.00359259 0.00274755 
0.112991 0.0581446 0.0222366 0.0376117 1.10591e-06 0.0627947 0.00581461 0.387655 1.92158e-05 0.00233569 0.000975595 0.0216172 2.41263e-05 0.039445 0.217117 0.00258712 0.00193924 2.19621e-05 0.0208371 0.00583132 
0.123798 0.0119404 0.00811346 0.00948187 3.2558e-08 0.00184851 0.0282241 0.355717 0.00154924 6.75209e-05 0.00503204 0.0264838 0.000306283 0.287334 0.112884 0.00144695 0.00247717 9.79784e-05 0.00463495 0.018563 
0.078303 0.0812854 0.00735451 0.0376489 0.00012461 0.0317862 0.00966743 0.486163 0.00301171 0.00772796 0.0018108 0.109974 0.0033092 0.0290533 0.0744146 0.000514166 0.0177997 0.0020473 0.0122019 0.00580283 
0.025089 0.144114 0.0143937 0.0356425 0.000142028 0.0235816 0.00454597 0.442044 0.02989 0.0247226 0.017386 0.0418707 0.0044993 0.0375348 0.07244 0.000700994 0.0231505 0.00174355 0.0534175 0.00309188 
0.122731 0.0686297 0.00580619 0.0244803 0.000199396 0.0179744 0.0219027 0.349189 0.0162688 0.00147371 0.00115488 0.0844923 0.00141679 0.0399328 0.219431 0.00037834 0.00955832 0.000247229 0.0113455 0.00338702 
0.0786893 0.11501 0.0116673 0.0431723 1.92696e-05 0.0121004 0.0133402 0.407987 4.00399e-05 0.000405799 0.00112642 0.035581 0.000121563 0.010461 0.247915 6.44884e-05 0.0166303 7.4848e-05 0.00499121 0.000602122 
0.048507 0.0586849 0.0143054 0.0271022 0.00081052 0.0055809 0.0549207 0.352024 0.000761221 0.00342265 0.00187203 0.0237405 0.00142683 0.170822 0.206887 0.00231703 0.012044 0.000101633 0.00896306 0.00570559 
0.0749602 0.152561 0.0205508 0.041101 0.00207824 0.0461889 0.084952 0.253679 0.00082095 0.00229178 0.00313903 0.0198604 0.00246836 0.0699068 0.11934 0.00191363 0.0820498 0.000269259 0.00884304 0.0130258 
0.00983813 0.109733 0.000126982 0.0106931 0.00148343 0.00332504 0.142309 0.294147 5.58539e-09 4.80439e-05 2.15927e-07 0.0100167 2.2804e-05 0.2581 0.0571003 4.08675e-07 0.10062 1.57451e-05 4.14523e-05 0.00237938 
0.0426259 0.0265677 0.048162 0.0238831 0.00322419 0.00327317 0.059056 0.33909 0.000428234 0.000400546 0.0361426 0.0200303 0.0188171 0.253568 0.0572347 0.0359794 0.00374057 5.9885e-06 0.0059776 0.0217937 
0.0297603 0.0414929 0.0154271 0.0338876 0.000115877 0.0187365 0.0409295 0.2852 0.000647564 0.000822508 0.00618571 0.0734065 0.00666492 0.0777603 0.237797 0.00205086 0.107361 0.000476127 0.00492949 0.0163479 
0.00760367 0.13823 0.0148869 0.039273 0.000133599 0.00288743 0.0118535 0.323927 0.000255025 0.00194908 0.0317737 0.131274 0.00313881 0.0673594 0.133511 0.000190194 0.0586765 2.40419e-05 0.0268786 0.0061742 
0.0215196 0.137706 0.0447397 0.0188922 0.000237972 0.00995153 0.00736019 0.368385 0.00587602 0.0058041 0.00801087 0.0347091 0.0102005 0.0723168 0.0546591 0.0183703 0.139003 0.000677077 0.00764931 0.0339308 
0.0527336 0.0542236 0.0379566 0.076666 6.13474e-05 0.00986791 0.00804898 0.372691 0.000725906 0.00371052 0.0153927 0.0398025 0.00130511 0.0999036 0.191288 0.00194237 0.0115469 0.000101128 0.00853012 0.0135026 
0.050679 0.11364 0.0164331 0.029971 4.06413e-05 0.00626817 0.0208492 0.408106 0.00819303 0.000794274 0.0125013 0.114292 0.00017744 0.0602685 0.113787 0.00877575 0.0233074 0.000596296 0.00433399 0.0069864 
0.0328959 0.00604066 0.00114022 0.0094652 3.25413e-08 0.0056962 0.0265193 0.421531 5.39803e-05 0.00118406 0.000515931 0.0728246 6.82072e-05 0.0383237 0.362266 8.62319e-06 0.00693913 8.8186e-05 0.0136919 0.000746962 
0.00246439 0.0187716 0.00223993 0.0426914 0.00032336 0.00713533 0.159357 0.371595 0.000167883 0.0452554 0.00262514 0.0271008 0.00333918 0.152723 0.135967 0.00194596 0.0156787 9.7967e-07 0.00529584 0.00532312 
0.0254217 0.133838 0.0039129 0.0119621 6.12853e-05 0.0104576 0.0501927 0.521517 2.27102e-05 0.000495334 0.000133943 0.0153407 5.33051e-05 0.141091 0.0609102 0.0122231 0.00885633 0.000600739 0.00213479 0.000775074 
0.00117592 0.073553 0.000519583 0.00858217 2.5624e-11 2.12802e-06 0.00109251 0.419155 0.000136573 0.000995864 0.00120323 0.272229 3.75115e-06 0.000585431 0.0559048 0.133714 0.014706 0.0161436 0.000297531 4.29718e-08 
0.0244341 0.01345 0.0194498 0.0103854 1.65178e-05 0.00163239 0.077912 0.605248 8.83752e-07 1.91056e-05 7.53631e-05 0.0484274 0.000827028 0.157489 0.029554 0.000146211 0.000973898 3.3688e-05 0.00879414 0.00113136 
0.00352673 0.191719 0.00134171 0.0171259 0.00227347 0.00189577 0.0215622 0.451052 2.22955e-05 0.000965673 0.00121622 0.0224143 0.00041075 0.129717 0.0221269 0.00143142 0.115927 1.06583e-05 0.000104584 0.0151559 
0.00124823 0.297458 0.00407674 0.0127376 0.000651806 0.00962117 0.0331279 0.328414 0.000264562 0.00136829 0.00265259 0.037765 0.00154644 0.0718008 0.0217852 0.00216197 0.164909 1.27126e-05 0.000111488 0.00828647 
0.0541268 0.0567391 0.0384267 0.0329714 0.000207325 0.0118214 0.0387478 0.39226 0.000544528 0.00109912 0.000781684 0.00573101 0.00072197 0.0515864 0.283714 0.000503152 0.00658506 8.98439e-09 0.0178535 0.00557939 
0.0313454 0.0322647 0.0127733 0.0141457 0.00012052 0.0144523 0.0548301 0.431813 1.57848e-05 0.000686531 0.000113818 0.00455858 3.14513e-05 0.184796 0.202138 1.37528e-06 0.00650057 1.75538e-08 0.00623256 0.00318047 
0.0664496 0.038911 0.0198584 0.0163655 0.000107679 0.00880687 0.0144815 0.527505 0.00107677 0.00122584 0.00256689 0.00929149 0.0039424 0.0673217 0.179161 0.00624028 0.00672807 0.000128301 0.00753265 0.0222986 
0.0907859 0.0113499 0.00884808 0.0126179 4.73905e-05 0.0160818 0.0233341 0.318715 0.00116563 0.00089004 0.0456531 0.0696895 0.01264 0.21112 0.0214085 0.0661277 0.0153981 8.32287e-08 0.00105462 0.0730733 
0.00219216 0.104502 0.00533882 0.0160507 0.000397258 0.0171577 0.00626032 0.309941 0.000396145 0.00247359 0.0503163 0.137224 0.0151055 0.0906248 0.0206535 0.179103 0.018796 4.25436e-05 0.00182208 0.021602 
0.0211287 0.0165049 0.000347638 0.00144918 3.42639e-08 0.00850919 0.0430036 0.496412 1.49621e-05 0.000754201 0.000205874 0.00221672 3.90098e-05 0.260322 0.133517 2.14891e-09 0.00969032 9.60408e-05 0.00110244 0.00468627 
0.00745506 0.00846234 0.0126162 0.00147829 2.09978e-05 0.0209226 0.00413481 0.45236 0.00291324 0.00217844 0.00684993 0.014192 0.0158022 0.119538 0.0181405 0.0321531 0.0049933 6.5914e-07 0.000485775 0.275302 
0.00380608 0.00401021 0.00402634 0.0387417 2.19601e-07 0.00010387 0.0222562 0.571442 2.03296e-05 0.000107663 0.0617148 0.0337825 0.000149133 0.00957462 0.239436 3.68549e-05 0.00379825 0.000743183 0.00469775 0.00155274 
0.0987399 0.0466388 0.0651255 0.0455441 0.000494436 0.0132236 0.0115637 0.313585 0.000929639 0.000989359 0.00193679 0.0217672 0.00339288 0.0361129 0.283831 0.00285438 0.00455619 0.000104786 0.0339973 0.0146121 
0.0277476 0.0403914 0.0221931 0.0113876 4.20703e-05 0.00988276 0.0758394 0.304914 0.0006291 0.00109636 0.00299522 0.00697284 0.00376273 0.0477308 0.23158 0.00257633 0.194405 2.63668e-05 0.00228111 0.0135464 
0.0348033 0.116543 0.023339 0.0281177 0.000399465 0.00809532 0.0285863 0.424479 0.00216973 0.00185998 0.00369406 0.0207985 0.00700638 0.104852 0.120236 0.00491251 0.0425457 0.0002208 0.00922816 0.0181119 
0.0318293 0.241263 0.0115883 0.0304084 0.000235762 0.0540782 0.0602069 0.256334 0.000179356 0.00178524 0.00297353 0.0278746 0.00154109 0.0790426 0.159031 0.00611635 0.0161018 0.000321472 0.00541976 0.0136689 
0.0339828 0.00977391 0.0051477 0.0081944 0.000237579 0.00439016 0.0296731 0.351269 0.0112531 0.000471062 0.00958379 0.168545 0.00194503 0.282235 0.0598399 0.00651819 0.0073859 9.777e-05 0.000583726 0.00887347 
0.0132812 0.157134 0.0227751 0.0158761 2.835e-05 0.0968897 0.0519181 0.193254 0.000383749 0.00211323 0.0149368 0.0482244 0.00237673 0.174969 0.0611932 0.00502317 0.125438 6.70482e-07 0.00173637 0.0124489 
0.0206971 0.202796 0.00461573 0.0348459 1.72504e-05 0.00601565 0.0546996 0.223359 0.000678516 0.00060679 0.00184209 0.0496541 0.00124962 0.19476 0.158943 0.00364339 0.0145773 0.000182109 0.00590454 0.0209132 
0.0758792 0.137321 0.0326907 0.039916 5.593e-05 0.00418702 0.0150031 0.419914 0.00139262 0.000392853 0.00244968 0.0678583 0.00104136 0.0331717 0.134062 0.00101454 0.0154819 0.000734339 0.0122139 0.00522028 
0.0417903 0.0679979 0.0195482 0.139113 0.00057461 0.0148233 0.0417556 0.17537 0.00355347 0.00683452 0.00497659 0.127124 0.00372045 0.163269 0.149676 0.00512503 0.0103184 0.00077756 0.0103962 0.0132546 
0.0112774 0.0550928 0.0318582 0.093514 0.000110931 0.00563521 0.0390194 0.320714 0.00962534 0.000840559 0.00142233 0.0120145 0.000885382 0.0471173 0.232084 0.0279808 0.0159567 0.000888796 0.0855505 0.00841256 
0.163909 0.0228166 0.0122181 0.0194029 0.000171148 0.00840219 0.0178403 0.418446 0.0086751 0.00106192 0.00402714 0.0218725 0.00136654 0.0347517 0.241388 0.00180338 0.0136301 0.000190916 0.00265161 0.00537535 
0.0527156 0.0591021 0.00899657 0.177176 0.00010369 0.0224848 0.0498055 0.287711 0.000165268 0.00613703 0.000907324 0.0761393 0.00249049 0.012965 0.223204 0.000460889 0.00349375 0.000125314 0.0109424 0.0048742 
0.194514 0.0941991 0.0465492 0.138924 6.5939e-05 0.064678 0.0114609 0.262983 0.000188945 0.00160857 0.00239595 0.00945732 0.00257879 0.0232661 0.107599 0.000278862 0.0195368 5.30865e-05 0.00942777 0.010234 
0.089378 0.0150282 0.00931286 0.0306627 8.26152e-05 0.00260593 0.0341995 0.448551 0.000184518 0.000262265 0.00124696 0.00777927 7.07895e-05 0.0300676 0.311459 0.000226557 0.00525097 2.40032e-08 0.010682 0.00294967 
0.0278547 0.0522184 0.0227295 0.0487672 0.0041438 0.0328886 0.10449 0.320249 0.000523322 0.00173904 0.00298158 0.0633226 0.00229875 0.093924 0.175007 0.00229311 0.0247272 0.000673841 0.00819672 0.0109725 
0.0261798 0.0961847 0.0109583 0.0363928 0.00378223 0.00979018 0.0585472 0.31889 5.61983e-05 0.000200304 0.000862596 0.0197202 0.000320194 0.0886784 0.276827 0.00394229 0.0104471 0.000217785 0.0100429 0.0279603 
0.0988141 0.201497 0.0116394 0.00656776 7.13355e-05 0.0111302 0.0509809 0.246024 0.000878049 0.000807764 0.00432442 0.00621698 0.00705678 0.0893819 0.1405 0.0714588 0.010104 3.18231e-08 0.000904183 0.0416419 
0.0386444 0.21524 0.0181617 0.0284083 5.38807e-05 0.00807693 0.148749 0.252692 9.01967e-05 0.000480438 0.00137769 0.0149979 0.00180702 0.044512 0.13877 0.000254218 0.066309 0.00041159 0.00808649 0.0128769 
0.110755 0.0518902 0.0128471 0.0349101 0.000437965 0.00798238 0.023321 0.43047 0.000756019 0.000613315 0.0029475 0.0725511 0.00135308 0.118579 0.0769067 0.00238301 0.00986721 0.000416677 0.0139503 0.0270614 
0.0160001 0.00655266 0.00223108 0.0602002 8.2328e-08 0.0100499 0.0409747 0.316902 0.00333937 0.00282634 0.00379677 0.016592 0.00693329 0.313831 0.168779 0.0102777 0.00715248 3.33084e-06 0.00107591 0.0124819 
0.0314816 0.0280276 0.00825273 0.0243747 0.000186639 0.00951619 0.0519862 0.440446 0.00162505 0.00161712 0.00746446 0.0153968 0.007882 0.091217 0.237101 0.0105266 0.00822016 6.40408e-05 0.0049591 0.0196551 
0.0541984 0.0416623 0.0650696 0.0515719 1.73207e-05 0.00683316 0.019152 0.329917 0.000298071 0.000485452 0.000508692 0.0183672 3.58761e-05 0.0196128 0.22869 7.39984e-06 0.0710345 0.00029673 0.0904632 0.0017788 
0.0402678 1.32536e-06 0.0118668 0.073089 5.11064e-07 6.86163e-07 0.0239829 0.388834 4.57019e-07 0.00126816 2.01694e-07 0.244259 5.6274e-08 0.0150191 0.156114 3.20516e-08 0.0370661 1.0091e-06 0.00822744 4.50173e-07 
0.00449067 0.0298596 0.00510818 0.0592382 2.63584e-05 0.0145277 0.0152158 0.586317 0.013712 0.00117932 0.000406137 0.151902 0.000357763 0.031515 0.0712555 3.86408e-05 0.00703397 0.000849558 0.00503296 0.00193324 
0.00449067 0.0298596 0.00510818 0.0592382 2.63584e-05 0.0145277 0.0152158 0.586317 0.013712 0.00117932 0.000406137 0.151902 0.000357763 0.031515 0.0712555 3.86408e-05 0.00703397 0.000849558 0.00503296 0.00193324 
0.00124823 0.297458 0.00407674 0.0127376 0.000651806 0.00962117 0.0331279 0.328414 0.000264562 0.00136829 0.00265259 0.037765 0.00154644 0.0718008 0.0217852 0.00216197 0.164909 1.27126e-05 0.000111488 0.00828647 
0.0454115 0.0436347 0.00770984 0.0378761 2.05501e-06 0.00107137 0.045239 0.284305 8.2969e-06 0.00495825 0.0120807 0.0514625 0.000654469 0.18597 0.249582 0.000129547 0.0122177 2.059e-06 0.0131853 0.00449965 
0.0190373 0.257724 0.0095716 0.0104451 6.68105e-05 0.00602915 0.0185604 0.552898 0.000164011 0.000457817 0.000705042 0.0115681 0.000764259 0.0164933 0.0821865 0.000390659 0.00438756 0.00046253 0.0033671 0.00472047 
0.084804 0.11424 0.0279355 0.0617904 2.58746e-05 0.000246281 0.00372895 0.39745 3.58206e-05 0.000194913 0.0003002 0.0569079 0.000271786 0.0103365 0.154193 5.4209e-06 0.0225834 6.6275e-05 0.0637695 0.00111397 
0.113957 0.158912 0.0100104 0.0440668 0.00185802 0.00947088 0.0262239 0.214462 0.000468394 0.00116842 0.0268541 0.0290913 0.00309488 0.0913133 0.175444 0.0335512 0.0200829 0.000148212 0.0132453 0.0265763 
0.0314816 0.0280276 0.00825273 0.0243747 0.000186639 0.00951619 0.0519862 0.440446 0.00162505 0.00161712 0.00746446 0.0153968 0.007882 0.091217 0.237101 0.0105266 0.00822016 6.40408e-05 0.0049591 0.0196551 
0.0290554 0.023851 0.0118697 0.0079731 0.000801975 0.017662 0.0373383 0.3796 0.00129582 0.00155055 0.00145963 0.0164575 0.00407992 0.298908 0.128314 0.00395762 0.0185571 0.000156108 0.00210126 0.0150112 
0.0534415 0.20366 0.0139489 0.0469182 4.40599e-05 0.0399285 0.0418745 0.25192 0.000751381 0.00236098 0.0028868 0.0432943 0.00125237 0.0450659 0.192898 0.00234135 0.0289354 0.000433824 0.00829875 0.0197454 
0.0423269 0.0741648 0.00803826 0.0230504 0.000150931 0.0112634 0.0675912 0.321712 0.000325303 0.00142008 0.00397655 0.0166883 0.00102796 0.244443 0.148047 0.00516079 0.0144379 0.00014417 0.00560888 0.0104229 
0.0187608 0.02136 0.0155181 0.0205559 0.00106774 0.00788668 0.0485369 0.574758 0.00106059 0.00043375 0.000618484 0.0326092 0.00125755 0.0926533 0.145708 0.000635127 0.00481374 0.000208807 0.00843436 0.00312369 
0.00918806 0.0400156 0.00430873 0.0224044 4.48984e-08 0.025166 0.0535326 0.677007 0.00340172 0.00061799 0.000681435 0.0708021 0.000211591 0.0374104 0.0384533 5.25969e-05 0.0123938 0.000648339 0.00244492 0.00125948 
0.0223168 0.0930742 0.0260226 0.00632611 0.000965672 0.03795 0.0263332 0.230727 0.0128398 0.00907315 0.0134062 0.0226631 0.0233282 0.134478 0.127485 0.0604472 0.0308217 6.94791e-09 0.00375688 0.117986 
0.0755169 0.176053 0.00708629 0.0283584 0.000752257 0.06412 0.0572004 0.258665 0.000407583 0.0107908 0.00175941 0.0300871 0.00145198 0.0539891 0.179024 0.00607923 0.0307022 0.00114865 0.00945712 0.0073507 
0.0376694 0.0960689 0.0115728 0.0230543 5.69592e-07 0.00586139 0.0153145 0.43703 4.62241e-05 0.000127422 8.74541e-05 0.046577 6.56364e-05 0.142382 0.131501 0.020975 0.0175992 0.000911705 0.00643356 0.00672238 
0.0271482 0.104034 0.0161775 0.00417493 8.75395e-05 0.0197703 0.0248022 0.42872 0.000747554 0.00865246 0.00163296 0.0087869 0.00272975 0.124826 0.0550238 0.0100912 0.071389 0.0741533 0.00163693 0.0154147 
0.193731 0.113707 0.0117896 0.041774 0.0010175 0.00278115 0.00134758 0.252561 0.00067502 0.000126118 0.015239 0.148843 0.000855748 0.100457 0.0170552 0.00394874 0.0442908 0.000382071 0.0461337 0.00328558 
0.0149167 0.0940109 0.0110868 0.00316292 3.42511e-05 0.00832242 0.0022825 0.640611 0.00288732 0.000484231 0.00122847 0.0774391 0.00338753 0.0923862 0.0178053 0.00314562 0.0161327 0.00015166 0.000862772 0.00966141 
0.127664 0.115718 0.0155011 0.0363741 0.000637563 0.0125358 0.170939 0.185328 0.00302834 0.00171186 0.00325686 0.0354513 0.00246856 0.0646896 0.175938 0.00359263 0.0180395 0.000385326 0.0099576 0.0167825 
0.013192 0.0562932 0.00970107 0.00463774 8.77541e-05 0.0108699 0.0313538 0.334718 0.00334706 0.000776657 0.00392026 0.0247368 0.0033105 0.286584 0.144107 0.0293127 0.0149827 0.000105738 0.000731031 0.0272325 
0.0277572 0.0978291 0.00937663 0.0212667 0.000152475 0.0025767 0.0394563 0.338894 0.000464822 0.00297334 0.000366182 0.0391145 0.000235229 0.135525 0.247317 5.85112e-05 0.0307798 0.00110914 0.00196034 0.00278708 
0.0392949 0.177395 0.0375502 0.0447251 0.000111878 0.0101673 0.0354519 0.237011 0.00156274 0.000817861 0.00361418 0.0153373 0.00100418 0.113911 0.187426 0.00623649 0.0247891 0.000302571 0.0313451 0.0319465 
0.00596604 0.351465 0.00403556 0.0029205 8.79945e-05 0.00197825 0.00363195 0.366132 0.000203448 0.0021047 0.000550921 0.0318433 0.000920043 0.0201224 0.0349982 0.000588589 0.135035 0.000383974 0.000409852 0.0366223 
0.0121191 0.200156 0.00421005 0.00906343 0.00013989 0.0129057 0.031412 0.238918 0.000165474 0.00221661 0.0533694 0.0699767 0.00202834 0.0593489 0.0671516 0.196908 0.0157651 0.000357259 0.00179304 0.0219956 
0.0332158 0.0248396 0.0110941 0.00481112 0.000103552 0.00412675 0.00596478 0.466885 0.0110256 0.0666878 0.00309222 0.0241756 0.00504481 0.0762958 0.221878 0.00774567 0.00482569 0.000259362 0.00664583 0.0212828 
0.0243178 0.016233 0.00509482 0.0231643 0.000144735 0.00609582 0.0209939 0.239182 0.00559888 0.000771743 0.00675378 0.152183 0.00325688 0.181966 0.0450103 0.0101837 0.00720118 0.000265868 0.0159446 0.235637 
0.0040555 0.0122913 0.00150095 0.0248282 4.4052e-05 0.00229053 0.0926333 0.702227 4.63484e-05 0.000337503 6.29116e-05 0.0534202 4.58039e-05 0.0306191 0.0597509 1.32678e-05 0.0145534 0.000100532 0.000300067 0.000879485 
0.029448 0.037086 0.00121825 0.0671177 8.06803e-05 0.00904909 0.0461246 0.402469 0.00223379 0.00489167 0.0371268 0.0410719 0.0101252 0.0261702 0.179604 0.00187438 0.0993068 6.5734e-05 0.00261786 0.00231856 
0.0286555 0.0356179 0.0383113 0.0458414 8.05398e-05 0.00708794 0.0541449 0.358133 0.00306166 0.00211697 0.00456097 0.0403863 0.00272105 0.132885 0.216107 0.00663804 0.00590485 3.36564e-05 0.00436256 0.0133491 
0.0320869 0.0554039 0.00563663 0.0135576 0.000125603 0.0142274 0.143387 0.226609 0.00376021 0.000611563 0.00191957 0.0473858 0.0226331 0.21763 0.187126 0.000927165 0.0112583 0.000214423 0.0101447 0.00535552 
0.00704948 0.147612 0.0222278 0.0220399 0.00376454 0.0115564 0.143421 0.204183 0.00112615 0.00917711 0.00348829 0.154758 0.0517976 0.0739459 0.0607325 0.00551279 0.0455073 0.013423 0.00622819 0.0124485 
0.0181217 0.0656935 4.07543e-06 0.00611933 6.29327e-07 0.000460802 0.00131413 0.702521 0.00322421 1.04563e-06 1.99132e-06 0.0684263 4.22252e-05 0.0363291 0.015102 1.91831e-05 0.00588825 0.000490821 0.000118218 0.0761215 
0.0957972 0.0430894 0.0283027 0.0418574 0.000102441 0.00763986 0.0406911 0.369567 0.00190462 0.000616152 0.00628553 0.0189597 0.0052935 0.158375 0.125326 0.017049 0.012034 0.000294695 0.00571399 0.0211013 
0.0308871 0.154852 0.0173524 0.036846 6.2768e-05 0.0207717 0.0315678 0.420925 0.000388046 0.00127105 0.00202974 0.0341859 0.002102 0.0353028 0.105179 0.0078865 0.0790064 0.000421365 0.00487319 0.014089 
0.0106213 0.113003 0.0154068 0.0170199 4.92487e-08 0.00202198 0.00262022 0.734426 2.05697e-05 9.35695e-05 0.00026262 0.0641702 0.000125735 0.00523035 0.0219215 2.27345e-05 0.0099127 0.000453891 0.00201694 0.000650423 
0.0371427 0.203814 0.006769 0.0088986 0.000657811 0.00439926 0.0222826 0.436003 0.000285422 0.000694178 0.00391319 0.0191555 0.00475666 0.0352633 0.129128 0.00390458 0.0486512 2.24783e-06 0.000620982 0.0336571 
0.0555163 0.311385 0.0197977 0.0235638 0.000414837 0.00298532 0.0111638 0.359863 0.000657757 0.000760711 0.00245624 0.0214822 0.00177699 0.0217441 0.139476 0.000770177 0.00366098 0.0006417 0.0157075 0.00617662 
0.105964 0.137906 0.0746901 0.140688 2.89696e-06 0.014758 0.00304468 0.254152 0.000243419 2.64949e-05 0.00197775 0.055463 0.000288512 0.0567872 0.0461566 0.00339189 0.00738355 0.00407072 0.0258788 0.067125 
0.0260715 0.0790068 0.0353768 0.048308 0.000111852 0.0150929 0.0390651 0.385553 0.00068188 0.00119329 0.00171699 0.0131066 0.0031615 0.126944 0.148354 0.00857963 0.0302154 0.000499498 0.0197455 0.0172149 
0.00435153 0.0786462 0.00515342 0.0113219 0.000230978 0.0220355 0.00655967 0.260884 0.000821066 0.0764199 0.0444158 0.1068 0.0115065 0.14774 0.0264683 0.115894 0.0279657 3.04811e-05 0.00116391 0.0515913 
