0.722932 0.0580458 0.0318754 0.116899 0.070248 
0.438324 0.0858509 0.37879 0.0936992 0.00333602 
0.387383 0.174753 0.0485831 0.0634359 0.325845 
0.858892 0.0795665 0.0234816 0.0379985 6.1048e-05 
0.690452 0.0619119 0.189552 0.05804 4.39067e-05 
0.377256 0.350442 0.128533 0.059233 0.0845367 
0.514081 0.0788125 0.166001 0.153706 0.0873999 
0.650826 0.0838808 0.187887 0.0769875 0.000418868 
0.74814 0.0307199 0.0876498 0.133036 0.000454326 
0.883557 0.0615622 0.0120999 0.0427189 6.1867e-05 
0.608055 0.101425 0.255497 0.0345344 0.000488924 
0.783295 0.0468879 0.0373535 0.13232 0.000143418 
0.508609 0.0445776 0.294121 0.139185 0.0135071 
0.639803 0.184218 0.0811281 0.0904567 0.00439407 
0.281726 0.195358 0.163555 0.149279 0.21008 
0.851377 0.0618485 0.0169978 0.0697422 3.47339e-05 
0.486902 0.219208 0.146821 0.132382 0.0146868 
0.819627 0.0443449 0.0349484 0.10047 0.000610011 
0.622358 0.136881 0.031179 0.1744 0.0351825 
0.593182 0.0976777 0.160251 0.143539 0.00535088 
0.57668 0.268499 0.0518924 0.0374958 0.0654319 
0.387383 0.174753 0.0485831 0.0634359 0.325845 
0.549701 0.0526154 0.235534 0.15894 0.00320864 
0.524258 0.2308 0.141136 0.0945863 0.00922024 
0.631672 0.188659 0.0989136 0.0536742 0.0270807 
0.587569 0.172622 0.127776 0.0689079 0.0431259 
0.451729 0.224167 0.226251 0.0854083 0.0124448 
0.789508 0.0283273 0.0385494 0.14361 5.13531e-06 
0.67535 0.134755 0.0563975 0.127271 0.00622666 
0.572392 0.186955 0.122376 0.0822708 0.0360063 
0.702513 0.0562187 0.103915 0.137089 0.000264807 
0.525993 0.436547 0.00617793 0.0310722 0.00020907 
0.426807 0.0781404 0.0652703 0.425184 0.00459823 
0.491574 0.247291 0.174965 0.0677798 0.0183897 
0.342811 0.322778 0.058234 0.270413 0.00576394 
0.368329 0.205028 0.277196 0.117978 0.0314701 
0.651199 0.0251973 0.208588 0.115 1.6025e-05 
0.759901 0.090849 0.0569965 0.0874071 0.00484627 
0.859174 0.0396324 0.0125201 0.0867434 0.00192989 
0.803693 0.0356475 0.0153649 0.134907 0.0103876 
0.42033 0.142436 0.333241 0.103957 3.61781e-05 
0.708068 0.129635 0.0836438 0.0786137 3.95297e-05 
0.631573 0.214437 0.0592194 0.0827938 0.0119768 
0.661881 0.167693 0.0941314 0.0759201 0.000373921 
0.673841 0.123324 0.0619482 0.119127 0.0217595 
0.652054 0.121882 0.104156 0.120294 0.00161426 
0.454087 0.0554251 0.435673 0.0525232 0.00229092 
0.559168 0.0590243 0.29951 0.081744 0.000554339 
0.463973 0.0585304 0.389164 0.080885 0.00744749 
0.733195 0.0641546 0.0966972 0.10156 0.0043926 
0.638725 0.0703659 0.157841 0.128435 0.0046333 
0.455793 0.371499 0.10772 0.0419749 0.0230138 
0.401811 0.0456035 0.175583 0.375996 0.00100667 
0.297317 0.290738 0.260162 0.0880431 0.0637401 
0.498832 0.220571 0.117861 0.155845 0.00689113 
0.681613 0.143253 0.0668069 0.104611 0.00371688 
0.537872 0.369539 0.0581992 0.0233609 0.0110285 
0.338424 0.101099 0.239101 0.320526 0.000849741 
0.628446 0.128127 0.0348333 0.207963 0.000629931 
0.617209 0.109173 0.185016 0.0847661 0.00383607 
0.759901 0.090849 0.0569965 0.0874071 0.00484627 
0.434389 0.0613035 0.387603 0.116248 0.00045665 
0.548091 0.0853664 0.192791 0.166247 0.00750407 
0.537594 0.090479 0.248906 0.113648 0.00937348 
0.795451 0.106306 0.0370147 0.0578085 0.00341987 
0.647423 0.0761604 0.159125 0.106635 0.0106564 
0.472611 0.24501 0.0945237 0.16007 0.0277847 
0.587569 0.172622 0.127776 0.0689079 0.0431259 
0.738585 0.0790579 0.0691547 0.112714 0.000487777 
0.482854 0.269732 0.0447637 0.200882 0.00176813 
0.470912 0.342114 0.116172 0.0413209 0.0294814 
0.945582 0.0187948 0.00463088 0.0308766 0.000115712 
0.714795 0.039386 0.17359 0.0720985 0.000130594 
0.480507 0.413407 0.0409164 0.0626685 0.00250123 
0.830644 0.0328815 0.062469 0.0739793 2.59731e-05 
0.49954 0.113144 0.287968 0.0769346 0.0224134 
0.677039 0.0934159 0.0552254 0.162947 0.0113719 
0.728026 0.0069405 0.110372 0.154461 0.000200767 
0.479642 0.388173 0.0449039 0.0655028 0.0217777 
0.542727 0.056192 0.302587 0.09844 5.37214e-05 
0.615935 0.135424 0.18016 0.0641794 0.00430173 
0.759075 0.105368 0.0453871 0.0895947 0.000575468 
0.531329 0.202384 0.151552 0.0590176 0.0557177 
0.623576 0.0597466 0.128808 0.187568 0.000300986 
0.458583 0.412348 0.0476067 0.0775726 0.00388974 
0.627046 0.0444148 0.13283 0.195494 0.000216001 
0.706278 0.0686993 0.176715 0.047967 0.000340163 
0.573249 0.0720552 0.23015 0.123844 0.000701927 
0.448447 0.357712 0.0538181 0.132919 0.00710408 
0.474997 0.164181 0.221579 0.139161 8.13449e-05 
0.680799 0.0734869 0.141072 0.103134 0.00150789 
0.623525 0.164729 0.133866 0.0690569 0.00882228 
0.734785 0.0839263 0.0615296 0.114474 0.0052847 
0.550841 0.161198 0.134061 0.13134 0.0225597 
0.589648 0.102916 0.166236 0.140522 0.00067785 
0.928365 0.0114563 0.0246596 0.0352216 0.000298027 
0.547686 0.135224 0.239456 0.0774553 0.000179577 
0.653687 0.23296 0.046697 0.0533164 0.0133403 
0.774296 0.0343511 0.0219082 0.169292 0.000153368 
0.645123 0.100792 0.0794131 0.148665 0.0260073 
0.490951 0.105894 0.0892945 0.306262 0.00759808 
0.63563 0.105063 0.120295 0.136697 0.00231465 
0.540747 0.0321925 0.177035 0.249578 0.000446892 
0.798273 0.120078 0.0233576 0.0546286 0.00366261 
0.56267 0.0675729 0.270025 0.0954912 0.00424151 
0.542244 0.0406519 0.21705 0.200042 1.23514e-05 
0.706315 0.0408775 0.139179 0.112126 0.00150253 
0.577394 0.0390165 0.351853 0.0268781 0.00485863 
0.664731 0.0710698 0.145885 0.118046 0.000267654 
0.409367 0.140423 0.162867 0.285949 0.00139478 
0.653976 0.112763 0.151895 0.0752004 0.00616552 
0.568507 0.0746076 0.302285 0.0540616 0.000539371 
0.750019 0.128596 0.0308104 0.0900354 0.000539218 
0.44674 0.341175 0.147633 0.0546655 0.00978543 
0.689332 0.188543 0.0364911 0.0849112 0.000722228 
0.661524 0.0797964 0.136299 0.116797 0.00558407 
0.740026 0.0879421 0.100887 0.0703697 0.00077591 
0.724732 0.0604865 0.0512915 0.121185 0.0423045 
0.522763 0.109621 0.272268 0.0808165 0.0145317 
0.515284 0.154485 0.216225 0.0991923 0.0148138 
0.64745 0.0906477 0.0819849 0.17498 0.0049372 
0.754308 0.109858 0.0528544 0.0822257 0.000753777 
0.742914 0.137089 0.032159 0.0546809 0.0331568 
0.445892 0.343488 0.117089 0.0882496 0.00528226 
0.382003 0.0719389 0.147479 0.159888 0.238691 
0.40878 0.345944 0.153609 0.0749593 0.016708 
0.706315 0.0408775 0.139179 0.112126 0.00150253 
0.718109 0.156668 0.044251 0.0601528 0.0208189 
0.591991 0.134116 0.13923 0.120715 0.0139491 
0.663809 0.0841898 0.13479 0.11011 0.0071014 
0.709344 0.159391 0.0525496 0.0750062 0.00370953 
0.563626 0.0912709 0.177484 0.162339 0.00527995 
0.42588 0.234366 0.234237 0.0953552 0.0101623 
0.60158 0.187978 0.134184 0.0697714 0.00648673 
0.706315 0.0408775 0.139179 0.112126 0.00150253 
0.491227 0.288751 0.182674 0.0346034 0.00274398 
0.708521 0.0554759 0.0308791 0.204016 0.00110814 
0.526607 0.0713006 0.281732 0.116917 0.0034436 
0.382763 0.336147 0.149332 0.118247 0.0135102 
0.731611 0.135415 0.0199845 0.106617 0.00637258 
0.608055 0.101425 0.255497 0.0345344 0.000488924 
0.730199 0.155558 0.0560308 0.0496321 0.00858009 
0.561014 0.256451 0.0920586 0.0849799 0.005497 
0.516641 0.145076 0.262047 0.0569203 0.0193162 
0.494594 0.016579 0.421162 0.0675498 0.000114699 
0.732887 0.0582527 0.0926954 0.113616 0.00254912 
0.475585 0.286861 0.123282 0.11032 0.00395248 
0.579035 0.255883 0.0304497 0.125318 0.00931446 
0.598768 0.188809 0.0270266 0.173869 0.0115272 
0.658896 0.0600037 0.206085 0.0738954 0.00111949 
0.267726 0.266305 0.158805 0.0558651 0.251299 
0.873436 0.0361176 0.0412962 0.0479527 0.00119731 
0.704195 0.0310684 0.159819 0.104083 0.000834551 
0.428128 0.019588 0.312018 0.240145 0.000121155 
0.598465 0.0375088 0.261072 0.0934122 0.00954164 
0.473276 0.0671763 0.404332 0.0544979 0.000718265 
0.613178 0.261371 0.0150922 0.107479 0.00287937 
0.593019 0.0937988 0.250004 0.0609882 0.00218998 
0.553931 0.0569823 0.173928 0.213275 0.0018835 
0.385584 0.237939 0.235745 0.120639 0.0200934 
0.644623 0.236381 0.0414471 0.0752288 0.00232013 
0.499937 0.0945225 0.320229 0.0791315 0.00618072 
0.479893 0.251992 0.177744 0.0873962 0.0029745 
0.516641 0.145076 0.262047 0.0569203 0.0193162 
0.759901 0.090849 0.0569965 0.0874071 0.00484627 
0.423597 0.0884482 0.354634 0.131361 0.00195982 
0.500392 0.282572 0.124382 0.0710822 0.0215719 
0.716697 0.0813226 0.11618 0.0751914 0.0106091 
0.829424 0.0435229 0.0451349 0.0751454 0.00677316 
0.486471 0.0753588 0.130937 0.306305 0.000928039 
0.414545 0.248705 0.147232 0.185925 0.00359293 
0.63362 0.0523568 0.133061 0.175422 0.00553892 
0.573897 0.181325 0.14883 0.075266 0.0206826 
0.66563 0.105637 0.0713129 0.15663 0.000790107 
0.557116 0.0471425 0.0882998 0.302892 0.00454969 
0.365589 0.0884556 0.215055 0.329335 0.00156525 
0.428699 0.188214 0.238168 0.133165 0.0117542 
0.501439 0.285723 0.0365967 0.176102 0.000138807 
0.486573 0.0654207 0.221603 0.224977 0.00142587 
0.582068 0.11864 0.153799 0.144167 0.0013271 
0.525511 0.330584 0.021112 0.120359 0.00243333 
0.693804 0.0856961 0.126265 0.0829088 0.0113261 
0.784333 0.021403 0.018101 0.175654 0.000509127 
0.584655 0.1456 0.148987 0.119481 0.00127718 
0.903387 0.0375946 0.0113863 0.0474909 0.000141001 
0.557689 0.0411282 0.280185 0.120463 0.000534647 
0.282088 0.150535 0.274535 0.276616 0.0162254 
0.508091 0.151481 0.157331 0.0797975 0.1033 
0.621687 0.137701 0.116628 0.106521 0.0174633 
0.501457 0.327138 0.0678826 0.0805052 0.0230178 
0.60875 0.135529 0.171162 0.0177127 0.0668464 
0.608547 0.0364865 0.250766 0.103087 0.00111308 
0.564221 0.0759232 0.167202 0.192299 0.000354917 
0.483871 0.116641 0.12974 0.266091 0.00365723 
0.457147 0.161876 0.258049 0.101716 0.0212124 
0.562754 0.167123 0.114247 0.126305 0.0295711 
0.767294 0.0948425 0.0653947 0.0722828 0.000186432 
0.660423 0.0961452 0.129011 0.111167 0.00325369 
0.511434 0.0989632 0.303868 0.082477 0.00325791 
0.635686 0.119072 0.110001 0.127372 0.00786785 
0.905771 0.0158665 0.0118676 0.0660838 0.000411351 
0.745448 0.0807837 0.118229 0.0445759 0.0109631 
0.392428 0.0570055 0.252231 0.295312 0.00302371 
0.679632 0.128434 0.079355 0.112137 0.000441914 
0.492102 0.0853696 0.188842 0.230016 0.00367023 
0.562261 0.161456 0.145636 0.120031 0.0106152 
0.395919 0.0396202 0.195507 0.368412 0.000541683 
0.523898 0.150065 0.197714 0.0831636 0.0451583 
0.612243 0.157659 0.0956225 0.130402 0.00407394 
0.685542 0.166356 0.108576 0.0307153 0.00881021 
0.83372 0.038948 0.0136872 0.113321 0.000324266 
0.470193 0.016572 0.443275 0.0699303 2.97289e-05 
0.464389 0.39479 0.0910667 0.0417985 0.00795596 
0.759901 0.090849 0.0569965 0.0874071 0.00484627 
0.586497 0.120547 0.222457 0.0612452 0.00925422 
0.458986 0.305366 0.106998 0.0810462 0.047604 
0.789547 0.0952753 0.0547404 0.0477348 0.0127023 
0.372893 0.120281 0.331298 0.174935 0.000592884 
0.5333 0.130593 0.193991 0.138662 0.00345451 
0.757877 0.0554775 0.0812292 0.0997414 0.00567454 
0.383614 0.0696189 0.376761 0.16848 0.00152588 
0.518642 0.173009 0.195172 0.109646 0.00353119 
0.564429 0.239938 0.111023 0.0693505 0.0152604 
0.390652 0.294151 0.134777 0.0636066 0.116813 
0.57893 0.0971089 0.193851 0.0976726 0.0324381 
0.768471 0.0319262 0.0884755 0.108188 0.0029395 
0.658896 0.0600037 0.206085 0.0738954 0.00111949 
0.539318 0.0979813 0.311862 0.0476001 0.00323859 
0.7525 0.0361909 0.0908085 0.120495 5.8682e-06 
0.585284 0.0360709 0.272663 0.105737 0.000245105 
0.649836 0.0278513 0.1516 0.170705 7.48925e-06 
0.65672 0.192655 0.0593657 0.0868215 0.00443749 
0.439615 0.356737 0.166789 0.0300543 0.006804 
0.759901 0.090849 0.0569965 0.0874071 0.00484627 
0.588553 0.118604 0.233655 0.0589635 0.000223938 
0.443847 0.0432696 0.385875 0.12579 0.00121766 
0.478489 0.38696 0.0952133 0.0319647 0.00737294 
0.456093 0.0384397 0.132341 0.353238 0.0198889 
0.657994 0.107796 0.146154 0.0871206 0.000934645 
0.824161 0.148513 0.0126869 0.0140286 0.000610577 
0.385213 0.16299 0.345292 0.0640114 0.0424941 
0.489716 0.0979489 0.209886 0.201299 0.00115038 
0.760347 0.0372573 0.098162 0.103521 0.000712322 
0.566285 0.0421752 0.118621 0.272719 0.00019967 
0.487469 0.403399 0.0553511 0.053294 0.000487528 
0.548505 0.120196 0.11719 0.194487 0.0196224 
0.698261 0.169212 0.0166558 0.114876 0.000995509 
0.543179 0.305205 0.0779919 0.062739 0.0108849 
0.496014 0.0154978 0.294951 0.182097 0.0114397 
0.658786 0.0394676 0.146331 0.154599 0.000816533 
0.501332 0.184091 0.185306 0.129233 3.84116e-05 
0.428419 0.0747099 0.118543 0.362841 0.015486 
0.635892 0.111168 0.159163 0.0772074 0.016569 
0.665552 0.0412769 0.270456 0.0219489 0.000766102 
0.627791 0.0365602 0.261553 0.0711683 0.00292703 
0.759901 0.090849 0.0569965 0.0874071 0.00484627 
0.551054 0.0895705 0.254648 0.0901765 0.0145511 
0.848943 0.0801311 0.01341 0.0568472 0.000668329 
0.455304 0.170837 0.202343 0.170826 0.000689333 
0.671634 0.0469558 0.18983 0.091548 3.19133e-05 
0.604235 0.282013 0.0791389 0.03313 0.00148261 
0.783865 0.122037 0.0490305 0.0443056 0.000761955 
0.494621 0.358605 0.033053 0.0921622 0.0215584 
0.573883 0.0615888 0.168305 0.187923 0.00829937 
0.757128 0.0479264 0.0781299 0.114514 0.00230222 
0.826387 0.0461617 0.0433097 0.0832008 0.000940503 
0.473242 0.392482 0.0362478 0.0366622 0.0613663 
0.759901 0.090849 0.0569965 0.0874071 0.00484627 
0.737393 0.0669949 0.0801671 0.110278 0.00516694 
0.383207 0.315392 0.0580977 0.223787 0.019517 
0.701213 0.0262354 0.177426 0.0916412 0.0034847 
0.680482 0.057302 0.0581427 0.203719 0.000353352 
0.650352 0.127699 0.0968682 0.11782 0.00726102 
0.667896 0.0969418 0.0491857 0.185943 3.32584e-05 
0.68555 0.0588736 0.219473 0.0357568 0.000346824 
0.768301 0.0613665 0.014098 0.145614 0.0106211 
0.38289 0.0813801 0.373496 0.160099 0.00213529 
0.543341 0.385822 0.0412707 0.0271147 0.00245137 
0.77683 0.00755137 0.0396735 0.173705 0.00223982 
0.662904 0.200495 0.0314117 0.104171 0.00101866 
0.56309 0.146748 0.160092 0.126146 0.00392289 
0.648148 0.300967 0.0138062 0.0300268 0.00705241 
0.827746 0.0689034 0.0282271 0.072608 0.00251517 
0.716633 0.0490694 0.0256546 0.208034 0.000609529 
0.739795 0.0636181 0.145529 0.0481723 0.00288469 
0.477049 0.291655 0.047113 0.154281 0.0299018 
0.348769 0.25964 0.292953 0.0853463 0.0132912 
0.660561 0.102022 0.126088 0.110858 0.000471295 
0.533163 0.219837 0.0620382 0.157557 0.0274044 
0.693352 0.141948 0.038629 0.0336938 0.0923771 
0.466315 0.29817 0.140479 0.0403049 0.054731 
0.501917 0.0515032 0.308226 0.135802 0.00255265 
0.641119 0.185951 0.0666893 0.0885214 0.0177191 
0.540659 0.213757 0.173193 0.0554341 0.0169572 
0.465909 0.383519 0.0480184 0.0312717 0.0712814 
0.71151 0.101959 0.147401 0.0388241 0.000305456 
0.709478 0.0305166 0.112926 0.146645 0.000434417 
0.544223 0.244416 0.104676 0.0989143 0.00777086 
0.592555 0.120704 0.200453 0.0789185 0.00736993 
0.443839 0.255061 0.234425 0.0564387 0.0102359 
0.634234 0.214033 0.073587 0.0701199 0.00802597 
0.392085 0.13829 0.150973 0.250698 0.0679541 
0.725952 0.0708384 0.142173 0.0604869 0.000549325 
0.334877 0.218249 0.0871496 0.213842 0.145882 
0.477396 0.0168064 0.448731 0.0569855 8.10231e-05 
0.726675 0.0917432 0.0784097 0.100258 0.00291407 
0.780658 0.0744231 0.0480999 0.0901168 0.00670208 
0.515917 0.161353 0.208581 0.100694 0.0134557 
0.461469 0.247005 0.195 0.0476037 0.0489215 
0.434081 0.139501 0.182652 0.242634 0.0011318 
0.425622 0.0448226 0.198881 0.326486 0.004188 
0.574436 0.204274 0.102904 0.113379 0.0050061 
0.464854 0.262299 0.174869 0.0852503 0.0127274 
0.4496 0.0819256 0.391608 0.0765773 0.000289203 
0.650369 0.0855759 0.131253 0.123476 0.0093255 
0.812542 0.02369 0.107203 0.0564582 0.000106028 
0.378606 0.365466 0.124455 0.118005 0.0134675 
0.814049 0.0813325 0.0346431 0.0695279 0.000447608 
0.324987 0.169603 0.302236 0.202994 0.000180327 
0.854617 0.0279154 0.0476073 0.0692371 0.000623543 
0.458352 0.0309318 0.176091 0.331898 0.0027277 
0.699215 0.131778 0.0553534 0.103442 0.0102122 
0.812565 0.0567069 0.0384426 0.0905707 0.00171482 
0.606533 0.115678 0.163855 0.112294 0.00163978 
0.518922 0.241012 0.170102 0.0590533 0.0109113 
0.678991 0.175663 0.0369663 0.0946164 0.0137636 
0.639846 0.0682794 0.149257 0.141944 0.000672962 
0.64844 0.0930115 0.111058 0.133904 0.0135871 
0.380983 0.0225537 0.272666 0.323773 2.49313e-05 
0.746316 0.162807 0.0263299 0.0621752 0.00237249 
0.452409 0.202591 0.193239 0.143947 0.00781504 
0.485631 0.0451389 0.416184 0.0486194 0.0044269 
0.468456 0.382525 0.0835503 0.0409542 0.024515 
0.711887 0.199985 0.0246464 0.061775 0.00170687 
0.568999 0.246368 0.0776321 0.106621 0.000379729 
0.58471 0.179405 0.120961 0.10577 0.00915283 
0.729457 0.0629903 0.127371 0.0796433 0.000539115 
0.883846 0.0387289 0.0148546 0.0625357 3.51935e-05 
0.79334 0.0993978 0.0612672 0.045396 0.000599089 
0.72186 0.0638752 0.0874238 0.120122 0.00671893 
0.737358 0.108952 0.060381 0.0810704 0.0122384 
0.325838 0.297682 0.299795 0.0716892 0.00499526 
0.795947 0.0118669 0.0356743 0.156491 2.05566e-05 
0.807499 0.0356422 0.0546982 0.101835 0.000325843 
0.539014 0.20153 0.205081 0.0495162 0.00485822 
0.564941 0.249754 0.0312224 0.153418 0.000663697 
0.820112 0.0526408 0.0351469 0.0858517 0.00624881 
0.778113 0.0317201 0.0209338 0.168744 0.000488881 
0.482854 0.269732 0.0447637 0.200882 0.00176813 
0.550165 0.210062 0.176769 0.0581493 0.00485551 
0.723292 0.0933669 0.144367 0.0363752 0.00259867 
0.615938 0.0727778 0.243852 0.0662987 0.00113313 
0.444189 0.339635 0.12322 0.0832901 0.00966643 
0.610131 0.190223 0.114962 0.0806559 0.0040285 
0.449093 0.341753 0.0811177 0.12749 0.00054665 
0.76547 0.0644902 0.0335887 0.133597 0.00285387 
0.509297 0.271503 0.101271 0.110338 0.00759126 
0.373867 0.18303 0.29729 0.0980519 0.047761 
0.747293 0.0827182 0.0562287 0.104857 0.00890299 
0.554857 0.166919 0.11715 0.144781 0.0162934 
0.887759 0.00543748 0.0408576 0.0657387 0.00020675 
0.406559 0.13996 0.181517 0.25028 0.0216831 
0.899061 0.047257 0.0323414 0.0207931 0.000547427 
0.660561 0.102022 0.126088 0.110858 0.000471295 
0.58686 0.202435 0.0708956 0.126882 0.0129274 
0.70525 0.0457932 0.10454 0.144152 0.00026551 
0.83372 0.038948 0.0136872 0.113321 0.000324266 
0.437563 0.132329 0.298951 0.124843 0.00631508 
0.570529 0.260569 0.0750192 0.0465503 0.0473333 
0.610243 0.0991259 0.212478 0.070792 0.00736058 
0.759901 0.090849 0.0569965 0.0874071 0.00484627 
0.746416 0.05826 0.0901208 0.102543 0.00266012 
0.60303 0.124463 0.180061 0.072231 0.0202156 
0.714455 0.0763912 0.0918942 0.115349 0.00191135 
0.709918 0.1585 0.0482157 0.0829419 0.000423969 
0.581161 0.0787591 0.260229 0.0781507 0.00170023 
0.391813 0.0694822 0.214451 0.322241 0.0020136 
0.496017 0.293505 0.155854 0.033676 0.020948 
0.656605 0.145452 0.132068 0.0460888 0.0197856 
0.465196 0.252759 0.174787 0.0961074 0.0111498 
0.56208 0.181666 0.102868 0.142402 0.0109837 
0.536358 0.109796 0.221641 0.126237 0.00596772 
0.675958 0.0864361 0.129133 0.0990919 0.00938156 
0.800609 0.103484 0.0193292 0.0760338 0.000543635 
0.546101 0.286135 0.0894988 0.0621133 0.0161518 
0.568761 0.0884343 0.191385 0.151211 0.000209606 
0.6697 0.11317 0.0354335 0.160823 0.0208729 
0.600283 0.0132843 0.219456 0.166968 8.30509e-06 
0.759901 0.090849 0.0569965 0.0874071 0.00484627 
0.793068 0.0504692 0.0614162 0.0905612 0.00448574 
0.824513 0.0874436 0.0188104 0.0685088 0.000724458 
0.598019 0.004153 0.172028 0.225346 0.000454015 
0.386793 0.0968921 0.378004 0.131483 0.0068276 
0.34034 0.298838 0.28169 0.0418419 0.0372902 
0.837551 0.089873 0.0474811 0.0250675 2.76783e-05 
0.574308 0.215849 0.123161 0.0263208 0.0603615 
0.463364 0.0736158 0.314089 0.140475 0.00845626 
0.742029 0.0620649 0.118259 0.0775534 9.32172e-05 
0.320142 0.254926 0.280052 0.144079 0.000801366 
0.88952 0.0652814 0.0241086 0.0210577 3.21068e-05 
0.829424 0.0435229 0.0451349 0.0751454 0.00677316 
0.746414 0.0250074 0.111223 0.116489 0.000866615 
0.443388 0.401479 0.0962128 0.0464342 0.0124859 
0.36197 0.028761 0.264399 0.344852 1.85759e-05 
0.634744 0.166074 0.0406807 0.152813 0.00568785 
0.789508 0.0283273 0.0385494 0.14361 5.13531e-06 
0.78088 0.0606167 0.0927593 0.0651238 0.000620013 
0.70237 0.082726 0.110599 0.0980366 0.00626776 
0.454351 0.291705 0.121996 0.122029 0.00991926 
0.595285 0.0609215 0.180049 0.163354 0.000390472 
0.512034 0.201197 0.158534 0.128236 1.41168e-07 
0.57509 0.0540887 0.186894 0.181599 0.0023282 
0.675928 0.0621094 0.152007 0.108933 0.00102265 
0.730199 0.155558 0.0560308 0.0496321 0.00858009 
0.704768 0.074525 0.150512 0.0698028 0.000392516 
0.377211 0.0593284 0.338725 0.224697 3.83132e-05 
0.594931 0.180414 0.156188 0.0558684 0.0125982 
0.646657 0.0873409 0.190105 0.0636454 0.0122522 
0.449433 0.0532131 0.078862 0.418015 0.000476746 
0.465017 0.0719364 0.281473 0.180983 0.000590907 
0.627791 0.0365602 0.261553 0.0711683 0.00292703 
0.641631 0.0928357 0.0871927 0.170764 0.00757638 
0.495936 0.0861017 0.144627 0.24717 0.0261653 
0.627791 0.0365602 0.261553 0.0711683 0.00292703 
0.475334 0.105947 0.319651 0.0949008 0.0041674 
0.714239 0.0137409 0.0629273 0.209074 1.89996e-05 
0.630737 0.0962365 0.189603 0.0775418 0.00588256 
0.442218 0.0863289 0.131626 0.339481 0.000346923 
0.640873 0.0430511 0.184517 0.116908 0.0146509 
0.61514 0.223412 0.0865594 0.0700975 0.00479087 
0.811557 0.0128635 0.00569171 0.169859 2.90233e-05 
0.595805 0.186811 0.151555 0.0633203 0.00250893 
0.659621 0.0590735 0.14594 0.133498 0.00186821 
0.568761 0.0884343 0.191385 0.151211 0.000209606 
0.583443 0.153018 0.13771 0.111219 0.0146099 
0.412966 0.391638 0.110309 0.0732771 0.0118099 
0.668842 0.0872699 0.12084 0.111991 0.0110567 
0.46932 0.0494598 0.0207868 0.459284 0.00114928 
0.384403 0.3493 0.229037 0.0245541 0.0127068 
0.356047 0.196893 0.329756 0.117272 3.20746e-05 
0.48891 0.0543319 0.404005 0.0516341 0.00111904 
0.562548 0.0684639 0.255633 0.0893595 0.0239952 
0.571536 0.178876 0.142031 0.102433 0.0051239 
0.529842 0.04538 0.316381 0.106211 0.00218711 
0.883593 0.036743 0.0371456 0.0424223 9.56601e-05 
0.514986 0.109951 0.32595 0.0470589 0.00205308 
0.747682 0.119844 0.0437017 0.0884104 0.000361313 
0.580396 0.114996 0.184669 0.113686 0.00625279 
0.733355 0.0298579 0.111643 0.123903 0.00123987 
0.371928 0.264817 0.272464 0.0665411 0.0242504 
0.625827 0.170173 0.0561967 0.124348 0.0234551 
0.783764 0.0369403 0.0898727 0.0677062 0.0217172 
0.637243 0.253753 0.0205656 0.0763325 0.0121064 
0.717276 0.137982 0.0491108 0.090198 0.00543307 
0.489538 0.0793643 0.297115 0.133071 0.000912755 
0.608027 0.0948196 0.230577 0.0577264 0.00884935 
0.811557 0.0128635 0.00569171 0.169859 2.90233e-05 
0.625803 0.0538567 0.12979 0.186406 0.00414386 
0.880834 0.0535067 0.0119966 0.0536243 3.85628e-05 
0.634817 0.0803712 0.199656 0.0816717 0.00348366 
0.419151 0.186738 0.177228 0.146801 0.0700814 
0.332818 0.291935 0.109849 0.239778 0.025619 
0.487482 0.36691 0.0422862 0.082962 0.0203596 
0.686798 0.051378 0.132252 0.125847 0.00372463 
0.351844 0.258132 0.0920707 0.297441 0.00051261 
0.500544 0.0512377 0.385009 0.0437968 0.019413 
0.811557 0.0128635 0.00569171 0.169859 2.90233e-05 
0.731164 0.0762558 0.126946 0.0484186 0.0172154 
0.746912 0.0974971 0.0435263 0.0967466 0.0153181 
0.672988 0.168591 0.0545249 0.0992519 0.00464481 
0.569478 0.133024 0.190802 0.0974752 0.00922071 
0.693435 0.0844243 0.0816952 0.14018 0.000265677 
0.76126 0.0746634 0.0777106 0.0861469 0.000218896 
0.6521 0.229497 0.0614187 0.0535067 0.00347706 
0.609357 0.184176 0.0907306 0.105834 0.00990252 
0.487469 0.403399 0.0553511 0.053294 0.000487528 
0.395919 0.0396202 0.195507 0.368412 0.000541683 
0.410825 0.223089 0.0351546 0.330929 2.4249e-06 
0.499255 0.29968 0.141051 0.0596638 0.00035038 
0.616799 0.0844528 0.193872 0.094478 0.010398 
0.711624 0.05253 0.143808 0.0847329 0.00730528 
0.468502 0.104568 0.327391 0.0974191 0.00211991 
0.75068 0.0665085 0.105008 0.0671622 0.0106415 
0.67303 0.0982033 0.0709984 0.15697 0.00079771 
0.852267 0.0720993 0.029835 0.0446514 0.00114708 
0.83372 0.038948 0.0136872 0.113321 0.000324266 
0.465005 0.371348 0.116025 0.0131994 0.0344229 
0.680482 0.057302 0.0581427 0.203719 0.000353352 
0.756571 0.113834 0.0615039 0.0610726 0.00701826 
0.773548 0.156665 0.0121494 0.048348 0.00928979 
0.5185 0.102428 0.188992 0.190055 2.47011e-05 
0.454087 0.0554251 0.435673 0.0525232 0.00229092 
0.586126 0.106924 0.0417228 0.120283 0.144943 
0.635044 0.241347 0.0373651 0.080236 0.00600829 
0.849998 0.0647892 0.0243599 0.0608074 4.55443e-05 
0.451792 0.269523 0.0424758 0.228105 0.00810482 
0.639803 0.184218 0.0811281 0.0904567 0.00439407 
0.650077 0.0756464 0.129653 0.142327 0.00229754 
0.494869 0.327865 0.0934721 0.0762837 0.0075105 
0.65049 0.106144 0.106572 0.136638 0.000155715 
0.605371 0.128076 0.0262078 0.22796 0.012386 
0.813986 0.0375965 0.0171531 0.128105 0.0031594 
0.363408 0.207053 0.244186 0.185333 2.06127e-05 
0.715055 0.0701153 0.115254 0.0964903 0.00308452 
0.585764 0.0931519 0.123601 0.196833 0.000650345 
0.428706 0.138214 0.336492 0.0942933 0.00229432 
0.63033 0.0731542 0.168277 0.122294 0.00594518 
0.52921 0.279134 0.095829 0.0900203 0.00580632 
0.89284 0.03334 0.0354546 0.0383401 2.51663e-05 
0.571482 0.231594 0.0426435 0.128583 0.0256979 
0.413961 0.380454 0.111332 0.0534934 0.0407587 
0.740234 0.0848789 0.030446 0.136429 0.00801211 
0.540185 0.188891 0.152131 0.0609902 0.0578025 
0.60405 0.0901687 0.183461 0.118622 0.00369847 
0.761019 0.0356784 0.144529 0.0587234 5.01936e-05 
0.486696 0.281168 0.101761 0.128115 0.00226027 
0.78794 0.0290376 0.0666568 0.116331 3.4462e-05 
0.445057 0.170527 0.291035 0.0851725 0.00820781 
0.484737 0.251658 0.110045 0.141502 0.0120583 
0.83372 0.038948 0.0136872 0.113321 0.000324266 
0.678991 0.0526508 0.0647207 0.203559 7.78576e-05 
0.510934 0.239905 0.0969786 0.129606 0.0225758 
0.831556 0.0310536 0.01552 0.121165 0.000704921 
0.571792 0.0422718 0.0923733 0.292906 0.000656841 
0.733936 0.0867973 0.04044 0.138414 0.000413299 
0.507052 0.157467 0.173551 0.161183 0.00074766 
0.604421 0.147364 0.0567169 0.165116 0.0263817 
0.577688 0.133522 0.185648 0.0987791 0.00436297 
0.640435 0.0540142 0.170656 0.13462 0.000273857 
0.717577 0.0808787 0.10258 0.0984685 0.000496237 
0.574228 0.0687353 0.138931 0.217889 0.000215941 
0.759607 0.0812497 0.0947096 0.0644015 3.23529e-05 
0.627302 0.128399 0.163868 0.0751878 0.00524348 
0.496775 0.112985 0.213375 0.169759 0.00710585 
0.466884 0.165278 0.257599 0.103603 0.00663612 
0.643352 0.127531 0.114884 0.10854 0.00569282 
0.515874 0.137916 0.240191 0.097911 0.00810805 
0.585481 0.0865346 0.0604017 0.264494 0.00308853 
0.627791 0.0365602 0.261553 0.0711683 0.00292703 
0.848404 0.0121522 0.0766547 0.0626568 0.000131896 
0.516022 0.11548 0.247641 0.109046 0.011811 
0.332468 0.101826 0.262161 0.294694 0.00885054 
0.634271 0.184464 0.071468 0.100306 0.00949056 
0.354691 0.197226 0.232877 0.215054 0.000151055 
0.531172 0.0649997 0.0561907 0.342697 0.00494054 
0.443875 0.0299104 0.378359 0.139373 0.00848274 
0.817478 0.0072333 0.0656322 0.109637 1.94092e-05 
0.7739 0.0396742 0.0398502 0.146569 6.59197e-06 
0.836698 0.0644929 0.0304442 0.0683221 4.26361e-05 
0.373873 0.0501616 0.281289 0.289327 0.00535038 
0.728144 0.10112 0.114985 0.0556079 0.000142339 
0.426992 0.0812803 0.38237 0.094792 0.014566 
0.800609 0.103484 0.0193292 0.0760338 0.000543635 
0.494559 0.112422 0.318508 0.0613937 0.0131181 
0.602374 0.071291 0.09702 0.227025 0.00229015 
0.76714 0.0363052 0.0740698 0.122313 0.000171828 
0.468902 0.0679964 0.27561 0.187333 0.000159102 
0.417077 0.259008 0.263806 0.0574063 0.002703 
0.4543 0.0556147 0.363392 0.122261 0.00443245 
0.673347 0.0755198 0.156656 0.0944163 6.1195e-05 
0.664379 0.110978 0.0830545 0.140995 0.000592971 
0.474458 0.412913 0.0376056 0.066442 0.00858152 
0.637562 0.0981305 0.119927 0.136461 0.00791934 
0.905771 0.0158665 0.0118676 0.0660838 0.000411351 
0.821343 0.105439 0.0159784 0.0559162 0.00132283 
0.406559 0.13996 0.181517 0.25028 0.0216831 
0.604854 0.15535 0.126106 0.101944 0.0117458 
0.743884 0.0422759 0.038957 0.174868 1.45013e-05 
0.453947 0.378647 0.0994565 0.0487742 0.0191754 
0.451754 0.11622 0.147965 0.266648 0.0174137 
0.661374 0.11146 0.0545856 0.171524 0.0010554 
0.649015 0.181219 0.070768 0.0975519 0.00144552 
0.441982 0.212831 0.271214 0.0526748 0.0212988 
0.759901 0.090849 0.0569965 0.0874071 0.00484627 
0.438947 0.103253 0.345586 0.111462 0.000751994 
0.627391 0.0129473 0.273721 0.08572 0.000220785 
0.654258 0.0786361 0.194487 0.0696128 0.00300594 
0.580462 0.0257318 0.192419 0.199675 0.00171298 
0.369014 0.0768143 0.247635 0.305766 0.000770549 
0.619996 0.0325199 0.141598 0.205876 1.13066e-05 
0.691226 0.13975 0.0667886 0.0766083 0.0256271 
0.550815 0.27272 0.0652202 0.0976551 0.0135901 
0.666818 0.0786281 0.184689 0.0661249 0.00374058 
0.667364 0.0892652 0.0816911 0.160583 0.00109624 
0.740234 0.0848789 0.030446 0.136429 0.00801211 
0.666818 0.0786281 0.184689 0.0661249 0.00374058 
0.456753 0.412891 0.0595797 0.0609872 0.00978909 
0.771289 0.0366679 0.095962 0.095814 0.000266803 
0.659636 0.174404 0.104663 0.0565255 0.00477213 
0.598835 0.0418208 0.218141 0.129119 0.0120843 
0.525526 0.113002 0.251952 0.0445813 0.0649382 
0.693802 0.0739609 0.0537221 0.177503 0.00101125 
0.603555 0.123741 0.216088 0.0531973 0.00341888 
0.649543 0.0591198 0.0613513 0.226447 0.00353963 
0.485886 0.0766488 0.217293 0.218779 0.00139256 
0.755675 0.0573883 0.147165 0.0396736 9.78962e-05 
0.64154 0.127047 0.0994143 0.130613 0.0013855 
0.501974 0.102765 0.258092 0.134414 0.00275383 
0.532678 0.276619 0.122224 0.0533791 0.0150998 
0.586126 0.106924 0.0417228 0.120283 0.144943 
0.643028 0.0626437 0.131957 0.162343 2.85294e-05 
0.606597 0.059079 0.126018 0.208225 8.07373e-05 
0.706315 0.0408775 0.139179 0.112126 0.00150253 
0.392697 0.167546 0.189352 0.245824 0.00458223 
0.421062 0.261493 0.222707 0.0889001 0.00583784 
0.81922 0.0361559 0.0178927 0.126527 0.000203668 
0.759917 0.0761766 0.0963844 0.0660738 0.0014484 
0.532819 0.311648 0.0329808 0.10131 0.0212427 
0.549244 0.157901 0.16588 0.115037 0.0119385 
0.483966 0.0557963 0.242032 0.213258 0.004947 
0.322175 0.320141 0.175643 0.120414 0.0616269 
0.53859 0.12553 0.195146 0.127271 0.0134631 
0.388231 0.157209 0.287655 0.160756 0.00614927 
0.740894 0.127766 0.0984278 0.0220512 0.0108616 
0.763049 0.0378974 0.0526893 0.139741 0.00662344 
0.715697 0.058873 0.0706203 0.151629 0.00318083 
0.559729 0.192116 0.223399 0.0241441 0.00061261 
0.688891 0.0778277 0.0942146 0.138194 0.000872788 
0.421064 0.080303 0.22119 0.277435 7.47407e-06 
0.659452 0.145982 0.0816003 0.106909 0.00605735 
0.579674 0.115099 0.109938 0.191509 0.00378048 
0.617907 0.162779 0.0964512 0.122251 0.000612011 
0.707947 0.0953118 0.0947465 0.101813 0.000181271 
0.679008 0.0990333 0.137014 0.0809874 0.00395797 
0.655758 0.0549672 0.0994111 0.186036 0.00382796 
0.768859 0.0606084 0.10174 0.0653653 0.00342775 
0.501186 0.267245 0.0709716 0.1448 0.0157966 
0.563879 0.0361138 0.232941 0.166624 0.000442954 
0.536018 0.0391136 0.286858 0.137741 0.00027059 
0.759901 0.090849 0.0569965 0.0874071 0.00484627 
0.703988 0.0373915 0.153127 0.10463 0.000862969 
0.702046 0.203477 0.0231033 0.0652598 0.00611404 
0.455869 0.324838 0.145066 0.069034 0.00519359 
0.440573 0.128808 0.126412 0.284619 0.0195881 
0.598533 0.0376322 0.0479059 0.315528 0.000400641 
0.505241 0.0469785 0.173735 0.273513 0.000532788 
0.841809 0.0349958 0.00894221 0.113886 0.000367641 
0.59568 0.0933867 0.174322 0.130438 0.00617311 
0.612583 0.0148947 0.242766 0.127844 0.00191223 
0.588172 0.228549 0.089476 0.0650324 0.0287708 
0.565307 0.131052 0.178355 0.108684 0.0166019 
0.42721 0.357836 0.175242 0.0390981 0.000614192 
0.40875 0.17849 0.228208 0.181951 0.00260033 
0.303106 0.233748 0.219635 0.123194 0.120317 
0.602633 0.126515 0.167741 0.0939881 0.00912291 
0.785299 0.0456097 0.0969781 0.0718376 0.00027572 
0.700315 0.0935249 0.10236 0.0779464 0.0258538 
0.792925 0.0779693 0.0358671 0.0878929 0.00534582 
0.497533 0.0407738 0.08563 0.373903 0.00215957 
0.732097 0.0578055 0.126775 0.0831062 0.000216207 
0.398067 0.350833 0.125532 0.114406 0.0111624 
0.669095 0.050365 0.204011 0.0754292 0.00109985 
0.525332 0.209157 0.152986 0.0940846 0.0184396 
0.679261 0.213154 0.0476294 0.0575324 0.00242348 
0.409875 0.350311 0.15595 0.0758237 0.00804025 
0.685351 0.0707379 0.117557 0.118639 0.00771481 
0.531812 0.0701329 0.309118 0.0884472 0.000489631 
0.673766 0.137533 0.0803157 0.103577 0.00480841 
0.713935 0.068509 0.052215 0.163673 0.00166846 
0.529684 0.187255 0.172033 0.0989256 0.0121018 
0.554215 0.0343275 0.304264 0.106795 0.000398605 
0.615999 0.133051 0.0754856 0.168683 0.00678139 
0.636867 0.0531386 0.270613 0.0382701 0.00111117 
0.535702 0.373238 0.0600039 0.028833 0.00222281 
0.690337 0.0572762 0.0532331 0.198727 0.000426552 
0.611103 0.0525518 0.24248 0.0887076 0.00515818 
0.586126 0.106924 0.0417228 0.120283 0.144943 
0.639891 0.0321547 0.0356242 0.292309 2.07339e-05 
0.789448 0.0717636 0.0817847 0.050345 0.00665863 
0.755415 0.127703 0.0362234 0.0752336 0.00542539 
0.45653 0.117105 0.373156 0.0484685 0.00474078 
0.56032 0.114911 0.0801065 0.239598 0.00506483 
0.63946 0.199533 0.0504134 0.105148 0.00544593 
0.759485 0.0541775 0.0471408 0.138906 0.000291218 
0.488992 0.197308 0.102443 0.115794 0.095463 
0.403818 0.118506 0.279691 0.197306 0.000678807 
0.6093 0.0131433 0.263062 0.112806 0.00168796 
0.758995 0.0757294 0.0312226 0.133588 0.000464754 
0.423659 0.0951349 0.357391 0.123001 0.000813556 
0.483571 0.183642 0.245773 0.080783 0.00623051 
0.409367 0.140423 0.162867 0.285949 0.00139478 
0.817364 0.0596192 0.0622874 0.0600579 0.000671502 
0.428956 0.0820005 0.426013 0.0513527 0.0116784 
0.773593 0.12269 0.0385158 0.0493916 0.0158086 
0.616113 0.112814 0.0193365 0.231376 0.0203607 
0.646779 0.224115 0.0390959 0.0809263 0.00908334 
0.53196 0.368627 0.0280905 0.039532 0.0317899 
0.698904 0.18525 0.0642608 0.047198 0.00438723 
0.61818 0.0291371 0.23695 0.115497 0.000236412 
0.61636 0.0608084 0.23283 0.0792091 0.0107923 
0.583106 0.19687 0.130223 0.0811468 0.00865352 
0.656689 0.126383 0.141566 0.0730977 0.0022646 
0.759901 0.090849 0.0569965 0.0874071 0.00484627 
0.826321 0.0821605 0.0536473 0.0370389 0.000832204 
0.58605 0.0939104 0.155531 0.158611 0.00589782 
0.357863 0.26476 0.293383 0.078818 0.00517585 
0.714239 0.0137409 0.0629273 0.209074 1.89996e-05 
0.757877 0.0554775 0.0812292 0.0997414 0.00567454 
0.638208 0.113221 0.124901 0.121508 0.00216187 
0.646238 0.0653213 0.150627 0.135276 0.00253775 
0.738658 0.0116315 0.0809979 0.168704 9.23636e-06 
0.508357 0.243717 0.0831136 0.164714 9.79668e-05 
0.720725 0.152096 0.0553713 0.0669423 0.00486581 
0.770126 0.153754 0.0284726 0.0416293 0.0060182 
0.777367 0.0104462 0.046344 0.165731 0.000111971 
0.669132 0.122593 0.0185821 0.184819 0.00487407 
0.644466 0.203861 0.111856 0.0261288 0.0136888 
0.629725 0.126986 0.0888951 0.143004 0.0113895 
0.436246 0.028826 0.387425 0.143551 0.00395217 
0.462667 0.157217 0.150175 0.223592 0.00634874 
0.486492 0.152009 0.228137 0.132757 0.000604833 
0.602907 0.0666222 0.0694733 0.233794 0.0272036 
0.825527 0.0834579 0.0617942 0.0291168 0.000104485 
0.848152 0.0706638 0.0258655 0.0489496 0.00636904 
0.584924 0.30561 0.0493618 0.0473378 0.0127664 
0.706315 0.0408775 0.139179 0.112126 0.00150253 
0.432108 0.0477158 0.198134 0.321969 7.27392e-05 
0.801754 0.0591717 0.0549606 0.0810397 0.00307388 
0.537206 0.203969 0.196713 0.0599437 0.00216857 
0.667571 0.146619 0.0855401 0.0993495 0.000921267 
0.752547 0.0324395 0.164275 0.0503691 0.000369099 
0.647103 0.122909 0.123371 0.092772 0.0138446 
0.403416 0.217363 0.210361 0.069592 0.0992679 
0.663559 0.066352 0.106903 0.163127 5.86464e-05 
0.49323 0.123887 0.198745 0.158444 0.0256947 
0.765416 0.0979422 0.0788681 0.0555471 0.00222626 
0.68169 0.110342 0.0350863 0.158189 0.0146926 
0.745229 0.0237334 0.117018 0.113983 3.72046e-05 
0.757877 0.0554775 0.0812292 0.0997414 0.00567454 
0.354508 0.175975 0.336428 0.13298 0.000109756 
0.650119 0.265924 0.0427916 0.0252107 0.0159542 
0.37373 0.0844713 0.270716 0.270644 0.000438659 
0.461217 0.0856207 0.0834433 0.359671 0.010048 
0.759901 0.090849 0.0569965 0.0874071 0.00484627 
0.524459 0.0401243 0.387736 0.047034 0.000646365 
0.632033 0.0242463 0.127175 0.21576 0.000785637 
0.647206 0.224128 0.0670229 0.0392714 0.0223715 
0.789142 0.0403423 0.0411927 0.0645983 0.0647242 
0.800609 0.103484 0.0193292 0.0760338 0.000543635 
0.729807 0.114983 0.0457822 0.105191 0.00423732 
0.296141 0.286102 0.231723 0.0272431 0.15879 
0.670472 0.113211 0.0805507 0.0720913 0.063675 
0.442722 0.0999615 0.34992 0.10367 0.00372677 
0.725952 0.0708384 0.142173 0.0604869 0.000549325 
0.691677 0.0610902 0.089355 0.155827 0.00205011 
0.338468 0.246387 0.17525 0.237406 0.00248802 
0.79169 0.0592482 0.0141002 0.124333 0.0106293 
0.339163 0.220645 0.284652 0.124802 0.0307372 
0.751538 0.0967989 0.0934275 0.0531921 0.00504354 
0.471528 0.392947 0.0917574 0.039247 0.00452126 
0.77755 0.0555344 0.0900795 0.0767849 5.15632e-05 
0.524794 0.0492019 0.324004 0.101877 0.000122132 
0.59028 0.088187 0.223048 0.0972293 0.00125589 
0.693534 0.0772967 0.0954386 0.0815882 0.0521423 
0.419481 0.0978029 0.321899 0.15989 0.000927248 
0.445704 0.203617 0.244289 0.0967463 0.00964381 
0.513103 0.292842 0.0855742 0.0998579 0.00862289 
0.309939 0.205057 0.30559 0.156343 0.0230713 
0.517385 0.264774 0.14611 0.0466231 0.0251074 
0.680748 0.0756017 0.10202 0.139013 0.00261757 
0.666453 0.270076 0.0171459 0.0456146 0.000710479 
0.770169 0.126389 0.0262028 0.0772326 6.19012e-06 
0.535862 0.139413 0.189026 0.133288 0.0024113 
0.75662 0.0699388 0.0642292 0.0596442 0.0495678 
0.721625 0.144651 0.0234966 0.0937764 0.0164512 
0.599292 0.235004 0.0578951 0.073405 0.034404 
0.497796 0.390262 0.043959 0.064278 0.00370471 
0.388677 0.162459 0.387307 0.0586595 0.00289767 
0.530023 0.19764 0.176746 0.0878527 0.00773845 
0.759124 0.099479 0.0844503 0.0490439 0.00790281 
0.756647 0.065354 0.0384758 0.139254 0.000269367 
0.546647 0.0687512 0.286753 0.0947019 0.00314726 
0.638837 0.0331701 0.231769 0.0959651 0.000258438 
0.497761 0.191943 0.190381 0.0673247 0.05259 
0.569411 0.196626 0.13571 0.0935677 0.00468514 
0.446225 0.15394 0.281874 0.117494 0.000466666 
0.459532 0.273802 0.168461 0.0940621 0.00414316 
0.44608 0.0300987 0.360923 0.15469 0.0082083 
0.683819 0.101331 0.126748 0.0879321 0.000169605 
0.627791 0.0365602 0.261553 0.0711683 0.00292703 
0.48307 0.22692 0.204571 0.042258 0.0431816 
0.678472 0.0673142 0.0875541 0.160844 0.00581546 
0.501603 0.415801 0.0101857 0.057354 0.0150561 
0.621244 0.263257 0.0886234 0.0238366 0.00303936 
0.387383 0.174753 0.0485831 0.0634359 0.325845 
0.42377 0.23859 0.284028 0.0425025 0.0111088 
0.562935 0.0394542 0.303243 0.0939395 0.000428219 
0.854617 0.0279154 0.0476073 0.0692371 0.000623543 
0.691289 0.041528 0.172379 0.0903351 0.00446859 
0.6625 0.0928008 0.153005 0.0893808 0.00231318 
0.669709 0.221934 0.0541413 0.0541914 2.43475e-05 
0.583195 0.122897 0.119181 0.171917 0.00281058 
0.57345 0.0938917 0.228038 0.100501 0.00412021 
0.449696 0.128247 0.350727 0.0669211 0.00440895 
0.519703 0.333351 0.0738101 0.0680653 0.00507087 
0.618057 0.229403 0.0734848 0.0687177 0.0103381 
0.616822 0.0759632 0.277036 0.028026 0.00215277 
0.720239 0.0957724 0.0421232 0.140685 0.00118064 
0.534975 0.0717348 0.0355332 0.356195 0.00156174 
0.597336 0.151389 0.10539 0.141319 0.00456651 
