0.623566 0.0257142 0.0780373 0.00306331 0.26962 
0.809857 0.0991732 0.0227247 6.6372e-05 0.0681787 
0.778475 0.0967898 0.0987142 0.000161873 0.0258595 
0.400977 0.196428 0.198085 0.00391515 0.200595 
0.758586 0.115647 0.0543416 0.00321686 0.068209 
0.778342 0.130979 0.0656385 0.000176277 0.0248647 
0.859906 0.069865 0.00321891 0.00100099 0.0660087 
0.819101 0.0106353 0.0984478 0.00201577 0.0698005 
0.440557 0.0978032 0.0698529 0.00087818 0.390909 
0.81723 0.0795308 0.0523311 0.0019947 0.0489135 
0.793034 0.0900908 0.0897661 0.00228975 0.0248194 
0.489467 0.435493 0.0640363 8.72769e-05 0.0109163 
0.663541 0.00567823 0.098116 0.000329609 0.232335 
0.65741 0.0706334 0.245071 0.00012181 0.0267633 
0.606731 0.0842048 0.0104948 0.016126 0.282443 
0.494059 0.227513 0.240547 0.000261168 0.0376207 
0.722663 0.097713 0.157895 0.000298223 0.0214309 
0.510443 0.0430885 0.262859 0.0215162 0.162093 
0.77783 0.0990861 0.0272265 0.00548291 0.0903749 
0.828277 0.141404 0.0251641 1.67972e-05 0.00513886 
0.798546 0.0987676 0.0423953 4.1344e-05 0.0602499 
0.863822 0.112916 0.00827649 7.99495e-05 0.0149053 
0.346602 0.0835434 0.313158 0.00581687 0.25088 
0.800502 0.120677 0.0437902 0.00103713 0.0339936 
0.486885 0.0235269 0.114311 0.0334688 0.341808 
0.722151 0.0585083 0.166325 0.00349858 0.0495177 
0.792682 0.134105 0.0350237 0.00203688 0.0361521 
0.600228 0.0589429 0.10495 0.0078848 0.227994 
0.890709 0.0618509 0.0387394 5.43187e-05 0.00864618 
0.845959 0.0302466 0.085626 0.00029871 0.03787 
0.793533 0.0289805 0.0355529 0.00218213 0.139752 
0.803674 0.109768 0.0643394 0.00819725 0.0140208 
0.85203 0.0739373 0.0662753 0.000128463 0.0076292 
0.87002 0.0673459 0.0187882 0.000236257 0.0436094 
0.748568 0.0534029 0.040098 0.00590924 0.152022 
0.723362 0.0881819 0.143029 0.000225007 0.0452028 
0.73478 0.131578 0.107174 0.000192793 0.0262749 
0.91391 0.0215909 0.0345897 0.00689846 0.0230107 
0.852263 0.0406302 0.0413762 0.000549065 0.0651816 
0.811072 0.0512306 0.0411087 0.00328718 0.0933013 
0.515224 0.209849 0.227253 0.00191109 0.0457625 
0.784528 0.106251 0.0825348 0.000708718 0.0259775 
0.835697 0.0142704 0.0441208 0.00349376 0.102418 
0.468148 0.110464 0.133489 0.00374321 0.284156 
0.850217 0.115528 0.0193508 0.000112171 0.014792 
0.54351 0.11233 0.0363492 0.028962 0.278849 
0.604272 0.320571 0.0550063 7.10003e-05 0.0200804 
0.770716 0.083563 0.129363 0.000625796 0.0157326 
0.937253 0.0123021 0.0487847 6.54143e-05 0.00159463 
0.762111 0.0810202 0.0941342 0.00185902 0.0608752 
0.477592 0.0605719 0.267924 1.6377e-06 0.193911 
0.729137 0.0953757 0.0324949 0.07418 0.0688123 
0.859906 0.069865 0.00321891 0.00100099 0.0660087 
0.785046 0.0562827 0.0812894 0.026181 0.0512013 
0.878285 0.10824 0.011495 8.57387e-05 0.0018945 
0.612294 0.0919081 0.264323 9.68994e-05 0.0313777 
0.741497 0.0865616 0.115645 0.000118014 0.0561783 
0.799883 0.0764003 0.106129 1.59847e-05 0.0175721 
0.625739 0.138253 0.148293 0.001548 0.0861669 
0.71609 0.0166257 0.00537703 2.09025e-05 0.261887 
0.537775 0.229724 0.184672 0.000156118 0.0476732 
0.890692 0.0555657 0.0423046 0.000135196 0.0113029 
0.803212 0.0829064 0.0419002 0.000346016 0.0716352 
0.58593 0.0993143 0.299353 0.000143708 0.0152588 
0.548215 0.131797 0.194958 0.0168201 0.108209 
0.519155 0.000336401 0.00263279 6.63846e-08 0.477876 
0.922908 0.0365455 0.0264992 4.77614e-05 0.0139998 
0.901774 0.0798309 0.0144412 4.77457e-05 0.00390634 
0.640623 0.0796699 0.0393642 0.00998508 0.230358 
0.929699 0.055098 0.0108001 0.000130276 0.00427241 
0.839867 0.10164 0.0521532 0.000121617 0.00621852 
0.466659 0.100975 0.355368 0.00102844 0.0759694 
0.529494 0.104492 0.334893 0.000136398 0.0309843 
0.897132 0.029565 0.0643463 0.000182233 0.00877459 
0.859906 0.069865 0.00321891 0.00100099 0.0660087 
0.645642 0.239442 0.107622 0.000228603 0.00706575 
0.821611 0.0328642 0.0169326 0.00335126 0.125241 
0.404983 0.173693 0.0773216 0.00324545 0.340757 
0.709363 0.112544 0.0660822 0.00142575 0.110585 
0.574507 0.173843 0.235811 0.000112916 0.0157255 
0.732973 0.107339 0.0866473 0.00668717 0.0663541 
0.756162 0.0761827 0.0179279 0.0233268 0.126401 
0.806568 0.0892075 0.0467726 0.00290432 0.0545476 
0.528235 0.0491621 0.0829769 0.0575147 0.282111 
0.755243 0.185767 0.0270787 0.0020104 0.0299009 
0.818479 0.0341106 0.0849315 0.000199574 0.0622798 
0.581409 0.0712815 0.0761041 0.0324007 0.238805 
0.609109 0.156987 0.152848 0.00753269 0.0735232 
0.448558 0.0122084 0.314017 1.66275e-10 0.225217 
0.589824 0.114268 0.0966301 0.020684 0.178594 
0.595308 0.264888 0.139331 4.63812e-05 0.00042691 
0.89862 0.0528286 0.0392322 0.000349152 0.00897007 
0.699582 0.0767684 0.19112 0.00104324 0.0314865 
0.696848 0.0926766 0.0938405 0.0426686 0.0739665 
0.544629 0.264448 0.16513 0.000865705 0.0249264 
0.430718 0.35582 0.193159 3.99423e-05 0.0202633 
0.511339 0.177199 0.162239 0.0182763 0.130947 
0.907683 0.0508775 0.0244445 0.000120758 0.0168747 
0.338983 0.0738961 0.271311 0.107716 0.208094 
0.871533 0.0491477 0.0288327 0.00523942 0.045247 
0.610821 0.0596961 0.0535472 0.0219431 0.253993 
0.784078 0.088068 0.0336839 0.0201264 0.0740433 
0.611367 0.0614223 0.187629 0.0185657 0.121015 
0.917045 0.0724114 0.00763749 7.17488e-05 0.00283472 
0.788061 0.129325 0.0242539 0.0063335 0.0520274 
0.597723 0.035543 0.301522 0.000145491 0.0650663 
0.824075 0.160265 0.0113928 0.000103209 0.0041638 
0.752709 0.0516555 0.044666 0.00691265 0.144057 
0.823647 0.115359 0.0451306 0.000314955 0.0155481 
0.660105 0.105242 0.11875 0.00170278 0.114201 
0.575278 0.114999 0.171675 0.00660885 0.131439 
0.571862 0.170504 0.0279259 0.03927 0.190439 
0.450192 0.142282 0.32919 0.00301161 0.0753255 
0.903535 0.0644689 0.0175773 0.000144189 0.0142741 
0.411618 0.158371 0.388045 0.00463076 0.0373353 
0.859906 0.069865 0.00321891 0.00100099 0.0660087 
0.5214 0.203328 0.258961 0.000193482 0.0161177 
0.685781 0.00775928 0.007329 0.0022018 0.296929 
0.748582 0.053802 0.0887351 0.00771525 0.101166 
0.705439 0.10081 0.0200196 0.00555527 0.168176 
0.545007 0.0279159 0.117047 0.0408082 0.269222 
0.826102 0.0976983 0.0623648 1.61754e-05 0.0138182 
0.551934 0.119426 0.265884 0.00233643 0.0604204 
0.955718 0.00388912 0.0101187 0.00514399 0.0251299 
0.705218 0.0778901 0.186794 7.14346e-05 0.0300271 
0.735967 0.0325303 0.0718778 0.00100285 0.158622 
0.68609 0.101051 0.0754102 0.00168802 0.135761 
0.520253 0.126514 0.283536 0.00120148 0.068496 
0.59853 0.266503 0.0171059 0.0117369 0.106124 
0.779848 0.0703738 0.0172545 0.00582944 0.126694 
0.802741 0.0355505 0.0754961 0.000268665 0.0859434 
0.791306 0.116536 0.0576517 0.000153136 0.0343535 
0.592904 0.192141 0.174458 0.000134495 0.0403625 
0.698308 0.0421584 0.118831 0.00876789 0.131935 
0.596365 0.0560722 0.321623 0.000620793 0.0253186 
0.625283 0.0750069 0.0455529 0.0125769 0.241581 
0.8345 0.111407 0.0119456 0.000242892 0.0419044 
0.615774 0.342853 0.0270361 4.40783e-05 0.0142922 
0.671226 0.0579104 0.0258057 0.0177576 0.227301 
0.644351 0.155683 0.12042 0.00510322 0.0744424 
0.735577 0.166195 0.090936 0.000154161 0.00713861 
0.797213 0.129366 0.0369833 0.0104477 0.0259905 
0.370338 0.0572032 0.249368 0.00730182 0.315789 
0.865743 0.0867302 0.0170196 0.000720504 0.0297862 
0.713676 0.0946724 0.118533 0.00111407 0.0720052 
0.620564 0.193013 0.153618 0.000520485 0.0322845 
0.478559 0.0392775 0.086736 0.0146433 0.380784 
0.404014 0.074388 0.175141 0.00615586 0.340301 
0.877382 0.0756543 0.010704 0.000441761 0.0358177 
0.738522 0.163713 0.068594 0.000261727 0.0289088 
0.574729 0.0177299 0.0365246 0.012119 0.358897 
0.892792 0.0530052 0.0243166 0.000375008 0.0295116 
0.441781 0.0286213 0.260153 0.00162693 0.267818 
0.714767 0.06119 0.0540442 0.00594078 0.164058 
0.726074 0.0768185 0.0757227 0.000998009 0.120386 
0.691568 0.240776 0.0556742 0.000202019 0.0117791 
0.57001 0.116434 0.0520221 0.0225685 0.238965 
0.872667 0.0229853 0.0206078 0.00654854 0.0771912 
0.919758 0.0161984 0.0362299 6.08921e-05 0.027753 
0.638886 0.0765415 0.0742556 0.00669001 0.203626 
0.557426 0.181233 0.225479 0.00038405 0.0354786 
0.736971 0.0811127 0.0327809 0.032282 0.116854 
0.707315 0.171078 0.0803925 0.00224522 0.0389687 
0.41968 0.0986546 0.389151 0.000533799 0.0919799 
0.817001 0.0762129 0.0811753 0.00223371 0.0233767 
0.489919 0.151619 0.328836 6.7339e-05 0.0295593 
0.406637 0.194468 0.363147 0.00175428 0.0339926 
0.681145 0.0259091 0.0736194 0.00244004 0.216886 
0.859906 0.069865 0.00321891 0.00100099 0.0660087 
0.811255 0.0299017 0.131233 0.0012522 0.0263574 
0.859906 0.069865 0.00321891 0.00100099 0.0660087 
0.420731 0.151508 0.384458 8.34265e-05 0.0432198 
0.426137 0.0386663 0.116332 0.0251334 0.39373 
0.887357 0.0741996 0.033702 7.36084e-05 0.00466825 
0.886886 0.0706386 0.0236934 0.000902691 0.0178792 
0.89907 0.0479319 0.0385625 0.00148822 0.0129475 
0.762914 0.0858361 0.0476786 0.00082253 0.102748 
0.622955 0.0515751 0.230638 0.00749405 0.0873377 
0.654922 0.130575 0.125434 0.00679556 0.0822735 
0.799089 0.186331 0.0101151 0.000122392 0.00434227 
0.862327 0.0984787 0.0223538 2.84669e-05 0.0168123 
0.736334 0.0611105 0.0925 0.0180885 0.0919671 
0.79183 0.102945 0.041835 0.0172221 0.0461683 
0.737935 0.00242092 0.122901 0.00111683 0.135626 
0.929699 0.055098 0.0108001 0.000130276 0.00427241 
0.586343 0.0938093 0.278463 0.00830707 0.0330776 
0.59232 0.155577 0.233235 0.000457935 0.0184104 
0.891555 0.0576987 0.0374751 0.000174281 0.0130972 
0.706731 0.0225811 0.0357691 0.0153192 0.2196 
0.898312 0.079699 0.0116498 8.74536e-05 0.0102518 
0.571705 0.0682253 0.190634 0.000486312 0.16895 
0.580629 0.0824126 0.0328427 0.000215441 0.3039 
0.865618 0.0524441 0.0435785 0.00123972 0.0371194 
0.447538 0.316073 0.100724 0.000166976 0.135498 
0.354317 0.346077 0.163135 0.0057896 0.130681 
0.426067 0.197137 0.232365 0.00408356 0.140347 
0.880249 0.0403652 0.0396282 0.000133256 0.0396241 
0.694695 0.073553 0.0053501 0.11118 0.115221 
0.33731 0.0826208 0.286634 0.00934307 0.284092 
0.587506 0.0201171 0.0179332 0.0265021 0.347941 
0.802741 0.0355505 0.0754961 0.000268665 0.0859434 
0.830838 0.0451938 0.0276463 0.00732946 0.0889922 
0.374211 0.131803 0.309094 0.000355392 0.184536 
0.859906 0.069865 0.00321891 0.00100099 0.0660087 
0.704432 0.15934 0.0363981 0.0130745 0.0867547 
0.615388 0.11801 0.114736 0.0116586 0.140208 
0.776509 0.0636075 0.0747401 0.000103126 0.0850399 
0.835876 0.0924125 0.0598983 0.000199288 0.0116137 
0.679901 0.194852 0.0785412 0.00969789 0.0370081 
0.800881 0.141835 0.0493108 0.000106133 0.0078674 
0.555881 0.0169791 0.0506086 0.00209521 0.374436 
0.520897 0.0823208 0.204353 0.00969126 0.182738 
0.979875 0.000164949 0.00157723 0.00019383 0.0181888 
0.796769 0.105905 0.0668334 0.00483078 0.025662 
0.875493 0.0622335 0.0304396 0.000131052 0.0317029 
0.567617 0.0354131 0.0186655 0.0172512 0.361054 
0.698199 0.0928403 0.0718836 0.0037402 0.133337 
0.91747 0.0377673 0.0246667 0.000180138 0.0199161 
0.619124 0.141389 0.228475 1.88805e-05 0.0109941 
0.730891 0.111081 0.108477 0.002118 0.0474328 
0.722919 0.219717 0.0503511 0.000165471 0.00684747 
0.403022 0.191071 0.232127 9.64361e-05 0.173684 
0.738789 0.00634486 0.00748758 0.0425056 0.204873 
0.701068 0.0652704 0.0470688 0.00412787 0.182465 
0.859906 0.069865 0.00321891 0.00100099 0.0660087 
0.859906 0.069865 0.00321891 0.00100099 0.0660087 
0.574597 0.0469509 0.26149 0.000218656 0.116744 
0.839867 0.10164 0.0521532 0.000121617 0.00621852 
0.317334 0.275998 0.0832086 0.0138911 0.309568 
0.900818 0.0481056 0.0248716 0.000180483 0.0260243 
0.850634 0.0501156 0.0554558 0.00033539 0.0434587 
0.786713 0.189865 0.0219115 6.78386e-05 0.00144258 
0.588839 0.298588 0.103106 0.000321368 0.00914528 
0.449238 0.198301 0.251131 0.000964291 0.100366 
0.73615 0.116834 0.0723199 0.00401137 0.0706846 
0.632129 0.0888829 0.0648286 0.0604269 0.153732 
0.933876 0.0321091 0.0301054 0.000128935 0.00378019 
0.816504 0.0897062 0.0527285 1.99482e-06 0.0410598 
0.710219 0.124886 0.0319521 0.000640142 0.132303 
0.674675 0.0462021 0.118478 0.00290698 0.157737 
0.859494 0.0247195 0.0772717 0.000499528 0.0380149 
0.877305 0.0675244 0.026534 8.00304e-05 0.0285567 
0.505289 0.0774565 0.165524 0.0743045 0.177427 
0.693479 0.0951964 0.197808 7.73655e-05 0.0134386 
0.430874 0.235353 0.0188519 0.00613556 0.308785 
0.808067 0.0482077 0.0941172 0.0176464 0.0319617 
0.400457 0.128059 0.106577 0.0056157 0.359292 
0.457581 0.288271 0.234682 1.17895e-05 0.0194541 
0.810358 0.105752 0.0554884 0.000969829 0.027432 
0.728839 0.0856007 0.00497209 0.0221928 0.158395 
0.664129 0.118503 0.0574756 0.00423955 0.155653 
0.746087 0.209964 0.0181814 0.000180315 0.0255873 
0.763496 0.0651431 0.0492495 0.00541106 0.116701 
0.409131 0.0760215 0.0153735 0.117763 0.381711 
0.48967 0.0412562 0.412044 0.0062355 0.0507946 
0.534128 0.0146002 0.00589646 0.00723071 0.438144 
0.710831 0.0397249 0.0190555 0.00268081 0.227708 
0.761858 0.0848735 0.0636132 0.00133249 0.0883225 
0.909083 0.0701299 0.00778745 5.50957e-05 0.0129447 
0.896449 0.0394788 0.0297515 8.26751e-05 0.0342379 
0.738367 0.148619 0.103304 0.00066506 0.00904415 
0.704211 0.0209219 0.17193 6.62925e-05 0.10287 
0.729667 0.0179521 0.251745 0.000635271 8.14876e-07 
0.485796 0.0485742 0.0772554 0.0112165 0.377158 
0.866163 0.0654973 0.0634537 8.24074e-05 0.00480333 
0.875493 0.0622335 0.0304396 0.000131052 0.0317029 
0.660178 0.0938678 0.216767 0.000201321 0.0289859 
0.850625 0.0412874 0.0165978 3.77376e-05 0.0914521 
0.523244 0.040277 0.0658321 0.021754 0.348893 
0.76061 0.0579748 0.169877 5.62597e-05 0.0114819 
0.534128 0.0146002 0.00589646 0.00723071 0.438144 
0.73378 0.121612 0.0217454 0.0106958 0.112168 
0.662924 0.0762258 0.0410034 0.00744462 0.212402 
0.792546 0.0190754 0.0778642 0.000490637 0.110023 
0.564457 0.0425131 0.0701869 0.0801731 0.24267 
0.773249 0.0833987 0.0616818 0.0063456 0.0753246 
0.759916 0.0680829 0.0249943 0.000464041 0.146543 
0.589653 0.0463897 0.156494 9.83327e-06 0.207453 
0.494218 0.427227 0.0611598 0.000173994 0.0172212 
0.589665 0.0341341 0.0275211 0.0193474 0.329332 
0.659936 0.127764 0.145498 0.00390051 0.0629016 
0.87783 0.0692255 0.034311 0.000866589 0.017767 
0.717364 0.109002 0.107464 0.00354473 0.062625 
0.773521 0.128408 0.0337319 0.000181728 0.0641569 
0.593047 0.0171321 0.0517224 0.0485296 0.289569 
0.623261 0.102813 0.228479 5.80112e-05 0.0453891 
0.801958 0.0728564 0.0215583 0.00566307 0.0979641 
0.579637 0.0529152 0.141507 0.00607504 0.219866 
0.534396 0.0225808 0.39916 5.46019e-05 0.0438085 
0.845285 0.036083 0.019918 0.00718904 0.0915255 
0.499447 0.151053 0.115529 0.00266818 0.231302 
0.845944 0.0265788 0.0341844 0.000881231 0.092412 
0.668739 0.0810273 0.15269 0.0387505 0.0587928 
0.586123 0.0176392 0.0132757 0.0176855 0.365276 
0.68113 0.214073 0.0997537 6.68177e-05 0.00497702 
0.418722 0.147227 0.41153 3.79839e-05 0.0224836 
0.536633 0.0877166 0.355491 9.4468e-05 0.0200645 
0.794562 0.115516 0.0214993 0.00429842 0.0641242 
0.867876 0.015894 0.114327 0.000692938 0.00121027 
0.830128 0.0553778 0.0633601 0.000353014 0.0507806 
0.818087 0.0332995 0.058192 0.0149259 0.0754958 
0.805271 0.137772 0.0292715 0.00163643 0.0260495 
0.690209 0.0244118 0.0433597 0.00822308 0.233797 
0.420785 0.289671 0.0498927 0.0134637 0.226187 
0.914815 0.0537435 0.0115473 0.00142501 0.0184692 
0.772764 0.0811564 0.052253 0.00738572 0.0864413 
0.577113 0.148657 0.0472861 0.00258975 0.224354 
0.51978 0.0421261 0.0912567 0.0192016 0.327636 
0.90962 0.0275985 0.028988 0.000726358 0.0330668 
0.532975 0.0352151 0.0669691 0.0108639 0.353977 
0.515733 0.200408 0.193912 0.00661757 0.0833293 
0.355691 0.27814 0.341015 0.000225998 0.0249284 
0.509502 0.189942 0.0395726 0.241349 0.0196347 
0.71617 0.088012 0.123674 0.000809091 0.0713351 
0.875493 0.0622335 0.0304396 0.000131052 0.0317029 
0.550033 0.158723 0.138286 0.00112403 0.151834 
0.937306 0.0093283 0.0176431 0.000446669 0.0352763 
0.397472 0.208528 0.260318 2.91087e-05 0.133653 
0.60971 0.125299 0.222923 3.77578e-05 0.04203 
0.705297 0.142916 0.0883908 0.00715901 0.0562376 
0.540337 0.121971 0.192059 0.000113473 0.145519 
0.767544 0.137344 0.0344009 0.0101761 0.0505359 
0.835172 0.0889918 0.0472982 6.49837e-05 0.028473 
0.467053 0.0919084 0.0271674 0.211929 0.201942 
0.859906 0.069865 0.00321891 0.00100099 0.0660087 
0.504002 0.093667 0.397148 0.00126487 0.00391833 
0.680341 0.219803 0.0880191 0.000203789 0.011633 
0.563472 0.06979 0.0830807 0.0728059 0.210852 
0.389133 0.256976 0.261738 7.15054e-06 0.0921463 
0.839867 0.10164 0.0521532 0.000121617 0.00621852 
0.859906 0.069865 0.00321891 0.00100099 0.0660087 
0.462036 0.0255059 0.443032 0.0121424 0.057284 
0.515387 0.182122 0.00985817 0.00676952 0.285864 
0.545441 0.111431 0.322134 9.67687e-05 0.0208963 
0.898312 0.079699 0.0116498 8.74536e-05 0.0102518 
0.643408 0.0230603 0.252908 0.00581983 0.0748034 
0.806539 0.0995525 0.0866782 8.6536e-05 0.00714398 
0.581511 0.088712 0.0454469 0.00228445 0.282046 
0.630247 0.104412 0.0373096 0.00348331 0.224548 
0.859906 0.069865 0.00321891 0.00100099 0.0660087 
0.891287 0.0489829 0.0469428 0.000133234 0.012654 
0.346602 0.0835434 0.313158 0.00581687 0.25088 
0.673166 0.0727939 0.0903329 0.00681924 0.156888 
0.426741 0.0477252 0.0154387 0.129606 0.380489 
0.858259 0.120455 0.017162 0.000593077 0.00353139 
0.71554 0.0660198 0.114747 0.00467519 0.0990182 
0.298899 0.295346 0.223439 0.00660467 0.175711 
0.788192 0.0559588 0.154845 3.26713e-05 0.000971727 
0.875493 0.0622335 0.0304396 0.000131052 0.0317029 
0.727037 0.0931138 0.0734784 0.00588991 0.100481 
0.743694 0.111441 0.0705034 0.0026319 0.0717294 
0.773521 0.128408 0.0337319 0.000181728 0.0641569 
0.693674 0.0391678 0.166083 0.00197834 0.0990964 
0.722401 0.170854 0.0978177 0.000133083 0.00879479 
0.553658 0.374328 0.0497184 1.65123e-05 0.022279 
0.714739 0.235888 0.039722 0.00157685 0.00807403 
0.704566 0.0341474 0.0246601 0.0363965 0.20023 
0.656796 0.0563432 0.0337735 0.0324723 0.220615 
0.670162 0.0704656 0.183694 0.000182035 0.0754959 
0.577971 0.242917 0.12117 8.23556e-05 0.0578588 
0.692004 0.0412366 0.0689169 0.0184094 0.179433 
0.785749 0.116803 0.0730897 0.00466017 0.0196981 
0.808373 0.120417 0.0538038 0.000102617 0.0173036 
0.577636 0.188986 0.214373 0.000838364 0.0181663 
0.859131 0.0599082 0.0203992 0.00291897 0.0576426 
0.859906 0.069865 0.00321891 0.00100099 0.0660087 
0.666001 0.0830903 0.0456789 0.00716941 0.198061 
0.644393 0.129246 0.180332 0.0015353 0.0444933 
0.600111 0.189212 0.110624 0.0141492 0.0859033 
0.763534 0.184846 0.0434406 0.000509032 0.00767084 
0.601169 0.0600178 0.0391974 0.0193506 0.280265 
0.912665 0.000432022 0.0510527 0.00103753 0.0348129 
0.52273 0.0571335 0.166091 0.0165832 0.237463 
0.892188 0.00968784 0.00504718 0.0038155 0.0892612 
0.547105 0.148783 0.160577 1.5381e-07 0.143534 
0.605331 0.00945132 0.0231592 0.0333442 0.328714 
0.863822 0.112916 0.00827649 7.99495e-05 0.0149053 
0.863822 0.112916 0.00827649 7.99495e-05 0.0149053 
0.723172 0.0878554 0.141631 0.000121015 0.0472202 
0.628494 0.0193097 0.16563 0.000735888 0.18583 
0.875493 0.0622335 0.0304396 0.000131052 0.0317029 
0.766859 0.169596 0.0396199 0.000206649 0.0237184 
0.616214 0.019295 0.250245 0.108819 0.00542615 
0.830388 0.15466 0.0111676 8.57756e-05 0.00369925 
0.569779 0.116788 0.158133 0.0157263 0.139574 
0.650135 0.275639 0.0491453 0.00159795 0.0234825 
0.85443 0.0450728 0.00900396 0.000158619 0.0913344 
0.848638 0.1106 0.0377749 5.3442e-05 0.00293375 
0.531932 0.0275413 0.217237 0.000117658 0.223173 
0.855822 0.0374466 0.0325359 0.00267049 0.0715245 
0.841587 0.00311997 0.143917 0.000101909 0.0112747 
0.808513 0.154702 0.0342921 8.24437e-05 0.00241098 
0.971199 0.00958954 0.00641292 7.50556e-05 0.0127234 
0.815586 0.0720649 0.0511968 0.00857011 0.0525825 
0.861132 0.0556828 0.0182276 0.00599397 0.0589637 
0.822875 0.0990626 0.0431598 0.00105901 0.0338434 
0.890591 0.0353897 0.027323 0.000769804 0.0459261 
0.597908 0.155444 0.210044 0.000403422 0.0362008 
0.556211 0.277717 0.0599927 2.84108e-05 0.106051 
0.655657 0.144059 0.104729 0.000274381 0.09528 
0.883749 0.0583428 0.0276221 0.00115403 0.0291318 
0.661783 0.051287 0.104065 0.000107808 0.182758 
0.820435 0.157026 0.0143729 0.000138351 0.00802775 
0.782271 0.0910627 0.0779525 0.000230957 0.0484828 
0.39223 0.0987728 0.356975 0.00385953 0.148163 
0.722156 0.145202 0.0621885 0.00337961 0.0670741 
0.779643 0.0818204 0.12403 0.00139461 0.0131115 
0.703044 0.0776969 0.144156 0.0041423 0.0709614 
0.657752 0.150778 0.189332 0.000136534 0.0020016 
0.499481 0.179178 0.108649 0.00633141 0.206362 
0.667007 0.0902733 0.235214 0.000440438 0.00706534 
0.858688 0.0198775 0.0201686 0.0016061 0.0996595 
0.689672 0.0503365 0.123357 0.00427944 0.132355 
0.799464 0.0538825 0.0558638 0.0211253 0.0696648 
0.547413 0.225797 0.202447 0.000280809 0.0240624 
0.644233 0.147307 0.182688 0.000375348 0.0253962 
0.838226 0.0532526 0.0155536 0.00502791 0.0879404 
0.518405 0.225267 0.0709382 0.0300855 0.155305 
0.704698 0.0265247 0.0100937 0.00212885 0.256555 
0.68831 0.0918595 0.150743 0.0267807 0.042306 
0.952086 0.0315028 0.00930372 0.000157329 0.00695046 
0.433189 0.404177 0.146766 0.000180493 0.0156876 
0.796564 0.0706349 0.0336474 0.0455462 0.0536078 
0.823193 0.0849768 0.0397103 0.00156185 0.050558 
0.823335 0.110605 0.0150364 0.00505146 0.0459726 
0.466517 0.0192845 0.0106707 0.0937433 0.409784 
0.522893 0.00446044 0.0826085 0.074356 0.315682 
0.791653 0.0607798 0.0558524 0.0089383 0.0827765 
0.865111 0.0415549 0.047556 0.000268508 0.0455095 
0.722876 0.0701701 0.141352 0.000160773 0.0654416 
0.828208 0.0962591 0.0310315 0.00040595 0.0440952 
0.661608 0.105111 0.0607807 0.00602927 0.166471 
0.505906 0.106215 0.0345751 0.0101172 0.343187 
0.704833 0.0196638 0.217509 3.93871e-09 0.0579936 
0.864086 0.0971824 0.0243045 0.0101693 0.00425779 
0.712767 0.0136833 0.123477 0.000132238 0.14994 
0.730985 0.11225 0.102006 0.00356649 0.0511925 
0.370921 0.283478 0.307103 0.000237197 0.0382607 
0.857658 0.066164 0.0592131 0.00185338 0.0151116 
0.681309 0.127806 0.183906 0.000668589 0.00631076 
0.69058 0.0644729 0.0774489 0.000106289 0.167392 
0.651519 0.0237566 0.00751004 0.0531051 0.264109 
0.639454 0.0118826 0.00879058 0.0677697 0.272103 
0.700138 0.060538 0.0819706 0.00488402 0.15247 
0.489356 0.160698 0.303757 0.000407141 0.0457815 
0.94767 0.0417645 0.00478625 7.95854e-05 0.00569953 
0.714321 0.0385801 0.168734 0.00323531 0.0751303 
0.415302 0.146822 0.108093 0.0136345 0.316148 
0.859906 0.069865 0.00321891 0.00100099 0.0660087 
0.407352 0.192293 0.345142 0.00190679 0.0533072 
0.742766 0.096292 0.0831765 0.00330091 0.0744648 
0.696866 0.0161445 0.138399 0.0590237 0.0895671 
0.865556 0.0614565 0.0246151 0.00080475 0.0475679 
0.690354 0.133865 0.101446 0.00391085 0.0704243 
0.819986 0.134811 0.0297599 0.00178707 0.0136563 
0.847999 0.121539 0.0192346 0.000142695 0.0110853 
0.810716 0.0368009 0.0237448 0.000127317 0.128611 
0.46229 0.0935852 0.370079 0.000565887 0.0734796 
0.859906 0.069865 0.00321891 0.00100099 0.0660087 
0.710114 0.113298 0.079194 0.00800089 0.0893932 
0.889832 0.0509061 0.0194579 0.000117287 0.0396868 
0.462141 0.346014 0.083263 0.000269017 0.108312 
0.888739 0.0576829 0.0404259 0.000208767 0.0129435 
0.466419 0.109384 0.132361 0.143358 0.148477 
0.737335 0.187354 0.056981 0.00441891 0.013911 
0.57849 0.0902078 0.163795 0.0413136 0.126194 
0.494848 0.0189922 0.461824 0.0007704 0.0235657 
0.799089 0.186331 0.0101151 0.000122392 0.00434227 
0.449238 0.198301 0.251131 0.000964291 0.100366 
0.844734 0.0886411 0.0439219 0.00162789 0.0210754 
0.917771 0.0691496 0.0097201 8.86221e-05 0.0032708 
0.51434 0.126623 0.114111 0.0270932 0.217832 
0.791316 0.0240929 0.0242943 0.0425274 0.117769 
0.831767 0.0610892 0.070864 0.0019579 0.0343218 
0.791082 0.054733 0.0357293 0.0131109 0.105344 
0.620599 0.0972312 0.243245 0.00173261 0.0371924 
0.820413 0.0984407 0.0294214 0.00552446 0.0462006 
0.875493 0.0622335 0.0304396 0.000131052 0.0317029 
0.782801 0.121995 0.067804 0.000406742 0.0269933 
0.907405 0.0795735 0.0088239 2.72601e-05 0.00417065 
0.846411 0.119501 0.0160316 0.000310772 0.0177462 
0.899939 0.0287704 0.0260059 0.000182755 0.0451017 
0.835697 0.0142704 0.0441208 0.00349376 0.102418 
0.540631 0.13457 0.217687 0.0100972 0.0970143 
0.633095 0.0774786 0.155631 0.00151527 0.13228 
0.534128 0.0146002 0.00589646 0.00723071 0.438144 
0.818026 0.0613668 0.109269 0.00150435 0.00983433 
0.799089 0.186331 0.0101151 0.000122392 0.00434227 
0.832421 0.12828 0.0296625 0.000131968 0.00950433 
0.740045 0.115993 0.0778926 0.00547272 0.0605967 
0.639038 0.0879521 0.219416 0.00112977 0.0524633 
0.764172 0.0638672 0.10212 0.00553314 0.0643085 
0.893189 0.024117 0.0491307 1.59293e-05 0.0335469 
0.705085 0.101825 0.100252 0.00509174 0.0877466 
0.667734 0.16055 0.0498672 0.026315 0.0955336 
0.849288 0.0884545 0.0587536 8.61955e-05 0.00341774 
0.438879 0.0528477 0.0833105 0.0117439 0.413219 
0.56665 0.144767 0.0489904 0.0132265 0.226366 
0.760522 0.102089 0.103317 0.000125117 0.0339473 
0.642082 0.0126493 0.0708128 0.000118483 0.274337 
0.957696 0.0137731 0.00518146 0.000103893 0.0232454 
0.471462 0.123456 0.369943 5.5e-05 0.0350841 
0.614577 0.11162 0.0437971 0.0191537 0.210853 
0.71466 0.180368 0.0780492 0.000186583 0.0267356 
0.814901 0.0267158 0.0206632 0.00579655 0.131923 
0.362995 0.335128 0.24199 0.00186467 0.0580224 
0.682469 0.0191904 0.0256559 0.023758 0.248927 
0.409511 0.149565 0.388624 0.000455297 0.0518452 
0.751056 0.0658225 0.156705 0.000247086 0.0261688 
0.471407 0.0345696 0.0682551 0.000122711 0.425645 
0.717114 0.123391 0.0979025 0.00119978 0.0603928 
0.525172 0.171063 0.156074 0.00948757 0.138203 
0.460662 0.178484 0.282913 0.000659203 0.0772822 
0.608032 0.0910826 0.0241385 0.0124331 0.264314 
0.858084 0.0380706 0.0515522 0.000190445 0.0521024 
0.673603 0.19938 0.075678 0.00322457 0.0481139 
0.596183 0.0749865 0.142506 0.0268993 0.159425 
0.732263 0.0810979 0.120637 0.00298281 0.0630189 
0.785211 0.11569 0.0457842 0.000114239 0.0532005 
0.761518 0.15617 0.0663219 0.000478244 0.015512 
0.786915 0.0955545 0.0406806 0.032839 0.0440109 
0.773521 0.128408 0.0337319 0.000181728 0.0641569 
0.800773 0.0867901 0.108428 0.00017227 0.00383662 
0.694695 0.073553 0.0053501 0.11118 0.115221 
0.803989 0.0463422 0.0829922 0.00328368 0.0633929 
0.693509 0.0942844 0.107607 0.00320016 0.1014 
0.730524 0.135641 0.0741038 0.00114605 0.058585 
0.812935 0.0838855 0.053423 0.000742757 0.0490137 
0.859906 0.069865 0.00321891 0.00100099 0.0660087 
0.808041 0.101183 0.0324775 0.00254933 0.0557495 
0.54748 0.0238536 0.0384802 0.0083733 0.381813 
0.772068 0.0479328 0.0459658 0.0119748 0.122059 
0.833303 0.054605 0.0307348 0.00130219 0.0800547 
0.603756 0.0537377 0.255169 0.000394879 0.0869431 
0.523914 0.102584 0.295763 0.000114562 0.0776256 
0.809781 0.0821908 0.0423503 0.0060847 0.0595934 
0.622468 0.0805685 0.0402322 0.00447446 0.252257 
0.859541 0.0391035 0.0717884 0.000875256 0.0286916 
0.632129 0.0888829 0.0648286 0.0604269 0.153732 
0.502835 1.66057e-06 0.16074 0.0247412 0.311682 
0.729876 0.0499417 0.146241 0.00248467 0.0714569 
0.774737 0.082404 0.0775434 0.00602772 0.0592874 
0.714024 0.139015 0.0498102 0.000261729 0.0968885 
0.609199 0.0396404 0.0247384 0.0273079 0.299115 
0.793508 0.0893045 0.0808007 0.00077113 0.0356158 
0.51176 0.231235 0.228483 0.00113683 0.0273861 
0.833282 0.0955082 0.0570008 0.000218518 0.0139909 
0.556909 0.0587457 0.0670639 0.00875213 0.308529 
0.700266 0.118627 0.0901617 0.00291327 0.0880323 
0.68925 0.0853849 0.110249 0.00106129 0.114055 
0.90645 0.055025 0.0316851 0.000117095 0.00672283 
0.72145 0.162876 0.0494492 0.0503335 0.0158912 
0.602794 0.158543 0.0620328 0.0716083 0.105022 
0.766935 0.0190434 0.0140277 8.42534e-05 0.199909 
0.879699 0.0998825 0.00750449 0.000119498 0.0127947 
0.499035 0.0561276 0.00105175 0.00806679 0.435719 
0.709536 0.151741 0.132866 0.000160362 0.00569684 
0.747352 0.120434 0.108347 9.93683e-07 0.0238665 
0.636374 0.197044 0.124638 0.0112202 0.0307233 
0.493553 0.0133486 0.00597946 0.0122417 0.474878 
0.573157 0.237547 0.119768 0.00896116 0.0605672 
0.929699 0.055098 0.0108001 0.000130276 0.00427241 
0.706886 0.0233794 0.00599478 0.0244591 0.23928 
0.878412 0.104397 0.0128707 9.96305e-05 0.00422119 
0.445653 0.0494592 0.34329 0.00270329 0.158895 
0.597776 0.0431189 0.290722 0.00129809 0.067085 
0.441781 0.0286213 0.260153 0.00162693 0.267818 
0.457355 0.0619143 0.128927 0.00698595 0.344818 
0.668232 0.0504298 0.0862591 0.000247506 0.194832 
0.645716 0.147204 0.204903 0.000168056 0.00200848 
0.91101 0.0177453 0.00716561 0.00920438 0.0548747 
0.859906 0.069865 0.00321891 0.00100099 0.0660087 
0.860691 0.0808425 0.0343186 0.00116434 0.0229835 
0.454864 0.383332 0.0901053 0.000841608 0.0708573 
0.845114 0.109524 0.0301668 0.000149735 0.0150456 
0.855855 0.0291268 0.0331588 0.0378598 0.0439999 
0.490485 0.192937 0.109529 0.000832807 0.206217 
0.510781 0.311111 0.0297835 5.22116e-05 0.148273 
0.473669 0.307667 0.160705 0.000729732 0.0572297 
0.792752 0.0138768 0.0071491 5.01549e-05 0.186172 
0.704056 0.0401861 0.107819 0.000615601 0.147323 
0.615015 0.0429999 0.139796 0.148483 0.0537063 
0.782052 0.0809634 0.021384 0.0235737 0.0920267 
0.435476 0.292594 0.196359 0.000218196 0.0753526 
0.728274 0.155854 0.0374833 0.000675029 0.0777135 
0.623434 0.324351 0.0505396 7.41541e-05 0.0016014 
0.844734 0.0886411 0.0439219 0.00162789 0.0210754 
0.675071 0.100388 0.0320836 0.00472328 0.187733 
0.411758 0.118932 0.0701711 0.01575 0.383389 
0.728555 0.0960066 0.125515 0.000431202 0.0494923 
0.593356 0.00229903 0.390646 0.000211454 0.0134875 
0.454869 0.101458 0.407188 0.000649527 0.0358358 
0.478933 0.238893 0.0558323 0.0162417 0.2101 
0.718232 0.0929782 0.10893 0.00632039 0.0735398 
0.680112 0.172169 0.131275 0.000687724 0.0157559 
0.409006 0.269073 0.275107 0.000794052 0.0460202 
0.635688 0.075305 0.0335441 0.0133071 0.242156 
0.733625 0.141946 0.11854 0.000151603 0.00573765 
0.863822 0.112916 0.00827649 7.99495e-05 0.0149053 
0.387934 0.289515 0.0797018 0.00332012 0.23953 
0.802681 0.162764 0.0256878 0.000157642 0.00870958 
0.808055 0.0903795 0.0312216 0.00432706 0.0660166 
0.55784 0.0634935 0.301155 0.0039148 0.0735973 
0.395081 0.0862517 0.316036 0.120309 0.082323 
0.616637 0.137182 0.23788 0.000122797 0.00817737 
0.777704 0.159757 0.0335043 0.000373155 0.0286617 
0.76566 0.164554 0.0611508 0.000424692 0.00821074 
0.484187 0.406899 0.0288707 7.93008e-05 0.0799638 
0.665452 0.0534214 0.0157524 0.0185742 0.2468 
0.786713 0.189865 0.0219115 6.78386e-05 0.00144258 
0.53967 0.0174101 0.296159 0.000742678 0.146019 
0.254417 0.236891 0.242432 0.0158592 0.250402 
0.783214 0.084501 0.100683 0.000931656 0.03067 
0.875493 0.0622335 0.0304396 0.000131052 0.0317029 
0.51717 0.192525 0.149852 0.00911474 0.131337 
0.76861 0.00751004 0.049231 0.000771499 0.173878 
0.529895 0.176704 0.273308 0.000479882 0.0196125 
0.521036 0.0298001 0.00104492 0.007553 0.440566 
0.804743 0.0811686 0.0669535 0.000258013 0.0468768 
0.820415 0.00521875 0.162246 0.0023056 0.00981444 
0.440598 0.334644 0.0865806 0.064613 0.0735649 
0.591971 0.0156769 0.0355222 0.000158688 0.356671 
0.874568 0.0797247 0.0111369 0.00126223 0.0333077 
0.568241 0.0503326 0.230976 0.038626 0.111824 
0.645642 0.239442 0.107622 0.000228603 0.00706575 
0.430342 0.120415 0.0576107 0.0334155 0.358217 
0.977155 0.00129765 0.00579409 5.45026e-06 0.0157473 
0.422187 0.0632255 0.0919732 0.220131 0.202483 
0.82827 0.0531844 0.0684461 5.17091e-05 0.0500476 
0.709243 0.0186032 0.0694916 0.00820184 0.19446 
0.895544 0.0284162 0.0682357 0.000243605 0.00756044 
0.41672 0.0761229 0.232497 0.000487894 0.274172 
0.843742 0.0668019 0.0580342 0.000983494 0.0304382 
0.872312 0.0636557 0.0340747 0.00145921 0.0284987 
0.820544 0.0604975 0.0652382 0.000373085 0.0533471 
0.346602 0.0835434 0.313158 0.00581687 0.25088 
0.715682 0.160553 0.0263359 0.0685715 0.0288578 
0.617533 0.0435029 0.0201323 0.0141304 0.304701 
0.710145 0.280104 0.00636634 1.21318e-06 0.00338425 
0.851607 0.0453024 0.0112899 0.00198345 0.0898177 
0.460101 0.459219 0.0566957 0.000282515 0.0237021 
0.713036 0.0762888 0.0304451 0.00306358 0.177167 
0.530253 0.158482 0.218819 0.00294027 0.0895063 
0.91507 0.0278176 0.0246365 0.00170018 0.0307759 
0.667718 0.190354 0.0385467 0.00295757 0.100424 
0.464005 0.128042 0.232781 0.0118397 0.163333 
0.771322 0.0860784 0.0576376 0.00262289 0.0823388 
0.446913 0.152897 0.385427 0.00016555 0.0145971 
0.799089 0.186331 0.0101151 0.000122392 0.00434227 
0.553588 0.0955022 0.1592 0.00869791 0.183011 
0.614839 0.227879 0.106217 0.00114387 0.0499209 
0.958736 0.0136739 0.00355061 0.000129626 0.0239099 
0.540644 0.102821 0.242526 0.00518613 0.108823 
0.802741 0.0355505 0.0754961 0.000268665 0.0859434 
0.89859 0.0350281 0.0391737 9.99391e-05 0.0271083 
0.636282 0.0474815 0.248037 0.00332504 0.0648744 
0.817906 0.0717859 0.0410376 0.00160779 0.067663 
0.522302 0.148167 0.303228 0.00238894 0.0239138 
0.52286 0.0215642 0.332462 0.000536731 0.122577 
0.779908 0.0852458 0.0377238 0.00988182 0.0872406 
0.868009 0.0681156 0.0593013 0.000464719 0.00410918 
0.460349 0.191483 0.181405 0.13265 0.0341125 
0.784136 0.07215 0.052894 0.00130505 0.0895146 
0.885578 0.00202483 0.0928381 0.000338527 0.0192205 
0.897035 0.0555368 0.016843 0.000100954 0.0304841 
0.735011 0.0438335 0.128378 0.0226303 0.0701478 
0.540126 0.114477 0.277102 0.000720758 0.0675735 
0.563478 0.074031 0.133585 0.00306175 0.225844 
0.593504 0.237049 0.0315743 0.00209332 0.135779 
0.47507 0.134634 0.325894 0.000484693 0.0639174 
0.576766 0.0243027 0.388253 0.00138677 0.00929178 
0.513876 0.00619537 0.431639 0.000105943 0.0481843 
0.613739 0.13366 0.0623965 0.00110183 0.189102 
0.673191 0.0464734 0.0426604 0.00797774 0.229698 
0.747498 0.12458 0.0512567 0.000597257 0.0760679 
0.928113 0.0136125 0.0403487 0.000447709 0.0174778 
0.930233 0.0169418 0.0140851 4.81895e-05 0.0386922 
0.434368 0.0745028 0.0919759 0.00248865 0.396664 
0.586557 0.0179782 0.0223969 0.00843358 0.364634 
0.638762 0.0443753 0.0335675 0.0110452 0.27225 
0.863822 0.112916 0.00827649 7.99495e-05 0.0149053 
0.681036 0.219526 0.0713315 0.000147788 0.0279593 
0.778343 0.116838 0.0535315 0.00344053 0.0478471 
0.678831 0.131914 0.100462 0.0021524 0.0866406 
0.654135 0.178829 0.12841 0.00204562 0.0365805 
0.898312 0.079699 0.0116498 8.74536e-05 0.0102518 
0.745812 0.0590235 0.0687185 0.00366439 0.122781 
0.707345 0.0374022 0.101273 0.0050404 0.14894 
0.502579 0.340605 0.153878 4.87132e-05 0.00288951 
0.841765 0.0863035 0.0515452 0.00122407 0.0191626 
0.571263 0.207042 0.181998 3.45852e-05 0.0396625 
0.611353 0.108121 0.0738126 0.0187658 0.187947 
0.519366 2.48576e-05 0.444939 5.6711e-06 0.0356646 
0.859906 0.069865 0.00321891 0.00100099 0.0660087 
0.500104 0.040807 0.106225 0.0326391 0.320225 
0.735118 0.0766311 0.0999508 0.00524465 0.0830557 
0.594449 0.0725668 0.250137 0.00213657 0.0807105 
0.91729 0.0300717 0.014703 0.000114475 0.0378211 
0.683666 0.0217352 0.042164 0.00180693 0.250628 
0.460546 0.0830279 0.16896 0.00116634 0.286299 
0.94216 0.0293225 0.0164887 0.000173114 0.0118554 
0.645437 0.22415 0.129369 0.00012666 0.00091797 
0.490978 0.11565 0.325915 0.00459286 0.0628633 
0.499035 0.0561276 0.00105175 0.00806679 0.435719 
0.568893 0.16953 0.169152 0.00636941 0.0860557 
0.437348 0.19711 0.0952186 0.00602296 0.2643 
0.588174 0.112844 0.143813 0.00269419 0.152475 
0.475325 0.0941863 0.420354 6.0886e-05 0.0100734 
0.692748 0.0610311 0.0315356 0.0227659 0.19192 
0.449238 0.198301 0.251131 0.000964291 0.100366 
0.884107 0.0291297 0.0712439 0.000886253 0.0146333 
0.749832 0.0612109 0.0917286 0.00758947 0.0896393 
0.742542 0.179577 0.0477468 0.000315366 0.0298192 
0.661224 0.240246 0.0590492 0.00030213 0.0391785 
0.312553 0.0481784 0.0909728 0.287066 0.261229 
0.516814 0.154419 0.228846 0.00154895 0.0983728 
0.785187 0.0666694 0.0423148 0.00282267 0.103006 
0.566933 0.1889 0.218548 0.000342672 0.0252764 
0.617148 0.015755 0.0405297 0.00123848 0.325329 
0.59853 0.266503 0.0171059 0.0117369 0.106124 
0.47035 0.0742087 0.187299 0.13061 0.137532 
0.794835 0.0987984 0.0859166 0.00282144 0.0176287 
0.819796 0.0657221 0.0674493 0.00709303 0.0399395 
0.421337 0.0719486 0.121676 0.000317976 0.38472 
0.637942 0.217162 0.0466559 0.0138308 0.0844094 
0.677106 0.193312 0.00797293 0.00193554 0.119673 
0.676253 0.244545 0.0579791 0.000112418 0.0211103 
0.569567 0.117179 0.225322 0.000197232 0.0877352 
0.49905 0.0649173 0.333817 0.000460646 0.101755 
0.512309 0.2757 0.185024 7.73157e-05 0.0268901 
0.722401 0.170854 0.0978177 0.000133083 0.00879479 
0.701324 0.116907 0.153655 0.000315537 0.0277991 
0.443955 0.136767 0.417316 0.000206391 0.00175496 
0.83304 0.0436793 0.108952 7.17028e-05 0.0142565 
0.769684 0.0287779 0.116263 0.00559173 0.0796833 
0.698874 0.137191 0.151426 0.000245717 0.0122637 
0.644375 0.080231 0.192955 0.000225073 0.0822145 
0.606506 0.0743646 0.237947 0.000371119 0.0808107 
0.452136 0.143188 0.299849 0.00349028 0.101336 
0.751453 0.150713 0.0218314 0.00228084 0.0737217 
0.527305 0.012529 0.00350554 0.00630273 0.450357 
0.854767 0.043795 0.0265383 0.00134846 0.0735514 
0.845701 0.0621001 0.0524301 0.00728726 0.0324813 
0.859906 0.069865 0.00321891 0.00100099 0.0660087 
0.597801 0.0100782 0.129117 0.0193228 0.243681 
0.576705 0.0381996 0.0490849 0.0526458 0.283365 
0.803977 0.0712577 0.0670961 0.00123326 0.0564361 
0.463527 0.123413 0.31689 0.000620436 0.0955498 
0.712063 0.134408 0.0354247 0.00187581 0.116228 
0.630282 0.0322117 0.0716151 0.00280528 0.263086 
0.403022 0.191071 0.232127 9.64361e-05 0.173684 
0.859906 0.069865 0.00321891 0.00100099 0.0660087 
0.859906 0.069865 0.00321891 0.00100099 0.0660087 
0.683735 0.0761807 0.0614096 0.0122517 0.166423 
0.629376 0.140398 0.145761 0.00289766 0.0815666 
0.409131 0.0760215 0.0153735 0.117763 0.381711 
0.671332 0.120598 0.0276031 0.00719607 0.173271 
0.859693 0.0693938 0.0529263 1.93704e-05 0.0179675 
0.694079 0.063548 0.178154 0.0117435 0.0524755 
0.778313 0.129325 0.027373 0.0132844 0.0517053 
0.752444 0.0381992 0.0585953 0.0168781 0.133884 
0.646419 0.0926362 0.0728885 0.00624928 0.181807 
0.503136 0.0590952 0.159313 0.0287692 0.249687 
0.651394 0.260514 0.0432148 0.000136076 0.0447411 
0.632988 0.313383 0.0317548 1.86628e-05 0.0218552 
0.66952 0.0306816 0.0446554 0.00134831 0.253795 
0.743458 0.092107 0.0603081 0.00553314 0.0985937 
0.415799 0.0851816 0.0782796 0.0164348 0.404305 
0.727067 0.170943 0.0717192 0.00492701 0.0253437 
0.427137 0.144012 0.357605 0.00183563 0.06941 
0.879264 0.0599654 0.0515611 9.88272e-05 0.00911111 
0.470014 0.325452 0.0449403 7.78221e-05 0.159516 
0.801866 0.140062 0.0269461 9.81877e-05 0.031028 
0.793121 0.0670581 0.0402079 0.0011111 0.0985022 
0.859906 0.069865 0.00321891 0.00100099 0.0660087 
0.629979 0.000217154 0.0653617 0.000217128 0.304225 
0.513876 0.00619537 0.431639 0.000105943 0.0481843 
0.824628 0.114212 0.059393 6.31611e-05 0.00170295 
0.955718 0.00388912 0.0101187 0.00514399 0.0251299 
0.858083 0.0135095 0.0958039 0.00127165 0.0313321 
0.800305 0.0778627 0.0241021 0.00485853 0.0928717 
0.840487 0.0940527 0.0122471 7.66995e-05 0.0531368 
0.722312 0.123995 0.0545678 0.021422 0.0777028 
0.566377 0.297432 0.126972 0.000217859 0.00900147 
0.776126 0.0611234 0.0626389 0.0454944 0.0546177 
0.562578 0.0690522 0.0171236 0.0147348 0.336511 
0.67208 0.0347668 0.282813 0.000297051 0.0100428 
0.834227 0.115279 0.0233814 0.000788256 0.0263235 
0.422681 0.270969 0.244091 6.1628e-05 0.0621972 
0.93402 0.0106964 0.0148269 0.0144421 0.026015 
0.784347 0.124097 0.00847487 0.0219483 0.0611324 
0.867287 0.0630994 0.017726 0.0214996 0.0303878 
0.808238 0.108442 0.0177668 0.00347564 0.0620772 
0.869928 0.021352 0.00687836 0.00126956 0.100572 
0.506806 0.432079 0.0177172 0.00163621 0.0417613 
0.937362 0.0169202 0.0254172 0.000124114 0.0201765 
0.635223 0.117619 0.095738 0.0011045 0.150316 
0.758946 0.0935164 0.0314307 0.0338067 0.0822998 
0.863822 0.112916 0.00827649 7.99495e-05 0.0149053 
0.534179 0.304317 0.156951 0.000150221 0.00440228 
