0.089497 0.86583 0.0446727 6.09074e-09 1.3999e-08 
0.366559 0.530874 0.0870056 1.85867e-07 0.0155606 
0.065498 0.898473 0.0102518 0.000294227 0.0254834 
0.11777 0.858719 0.0114422 0.000270083 0.0117989 
0.0628864 0.656325 0.215657 0.00105652 0.0640752 
0.385067 0.525183 0.0760991 0.000352328 0.0132982 
0.124902 0.858578 0.0118403 0.000191342 0.00448877 
0.117834 0.827918 0.0183382 6.77014e-05 0.0358418 
0.198061 0.737383 0.0555548 0.00133699 0.00766403 
0.131587 0.464542 0.323731 0.0191271 0.0610132 
0.299654 0.527282 0.147157 0.000273751 0.0256326 
0.199556 0.496073 0.258543 0.000125038 0.0457031 
0.245485 0.654856 0.0882363 0.00254407 0.00887849 
0.395199 0.57484 0.00493822 3.79556e-05 0.0249854 
0.131587 0.464542 0.323731 0.0191271 0.0610132 
0.443088 0.517885 0.0177208 0.00637883 0.0149266 
0.0901029 0.871204 0.0141954 0.00151696 0.0229809 
0.300271 0.635372 0.0618215 1.98871e-05 0.0025161 
0.0874684 0.855737 0.0533337 2.25986e-05 0.00343809 
0.102633 0.810407 0.0461338 4.87274e-06 0.0408211 
0.146955 0.769353 0.0382577 0.00171242 0.0437226 
0.22372 0.529415 0.130392 0.00441713 0.112056 
0.223503 0.582937 0.163451 0.00119469 0.0289137 
0.206787 0.531853 0.092193 0.0559942 0.113173 
0.141612 0.836589 0.0201608 0.000112831 0.00152457 
0.409013 0.476644 0.105796 0.00021062 0.0083365 
0.125648 0.854018 0.0188369 7.99474e-05 0.00141686 
0.0695377 0.912623 0.0134889 2.17539e-06 0.00434824 
0.00431645 0.99175 0.000486886 8.97945e-05 0.00335713 
0.0697295 0.877666 0.0519559 3.29887e-07 0.000648564 
0.0986858 0.889853 0.00805646 0.000207905 0.00319642 
0.169776 0.70424 0.0504289 0.00121075 0.0743445 
0.222975 0.753048 0.0231544 1.61359e-05 0.000806525 
0.343486 0.541867 0.0838016 0.0226442 0.00820208 
0.0714085 0.887907 0.0319588 1.08331e-07 0.00872547 
0.133578 0.736756 0.102799 3.81098e-05 0.0268282 
0.0925298 0.899137 0.0047186 0.0018815 0.00173296 
0.270761 0.599917 0.105102 1.57326e-05 0.024204 
0.147087 0.780735 0.0267755 0.00403522 0.0413673 
0.196957 0.672594 0.0964222 0.000296558 0.0337297 
0.241448 0.650155 0.0647977 0.00276571 0.040834 
0.364703 0.372858 0.0802047 0.00629689 0.175937 
0.0490423 0.913702 0.0367472 9.30237e-07 0.000507906 
0.065498 0.898473 0.0102518 0.000294227 0.0254834 
0.233441 0.447603 0.225433 0.00023371 0.093289 
0.105886 0.492777 0.381624 0.00353645 0.0161767 
0.0876243 0.807379 0.0659282 0.000665161 0.0384038 
0.115862 0.836497 0.0353933 5.06657e-07 0.012247 
0.117834 0.827918 0.0183382 6.77014e-05 0.0358418 
0.152699 0.748854 0.0619743 0.0121243 0.0243484 
0.170715 0.688342 0.138369 0.000133626 0.00244001 
0.314496 0.392247 0.185272 0.0079284 0.100057 
0.0303876 0.944711 0.0233678 2.32093e-05 0.00151086 
0.150203 0.837923 0.00860974 4.14497e-05 0.00322236 
0.120533 0.772835 0.0797237 0.00369885 0.0232097 
0.0986858 0.889853 0.00805646 0.000207905 0.00319642 
0.247223 0.515647 0.214079 0.000506683 0.0225441 
0.174077 0.805678 0.00720905 2.27992e-05 0.0130131 
0.290248 0.571747 0.121913 0.000307415 0.015785 
0.217121 0.627286 0.0242635 0.00216024 0.129169 
0.0321215 0.539257 0.425374 6.06638e-06 0.0032413 
0.192459 0.750347 0.0473471 4.55083e-05 0.00980137 
0.00651595 0.925962 0.0385735 2.3658e-06 0.0289466 
0.233736 0.655688 0.0724465 0.00255136 0.0355787 
0.101004 0.739293 0.140273 0.000104787 0.0193255 
0.28109 0.406918 0.164691 0.0130624 0.134239 
0.172149 0.616582 0.208567 2.22124e-05 0.00267987 
0.285366 0.498706 0.188419 0.000131888 0.0273772 
0.268003 0.673364 0.0195401 0.000222302 0.0388708 
0.100891 0.716652 0.181223 1.34299e-05 0.0012207 
0.186893 0.751953 0.0321485 0.00180613 0.0271989 
0.095742 0.864352 0.00766616 0.00017593 0.0320635 
0.0482789 0.744181 0.185183 0.000565757 0.0217907 
0.272433 0.665233 0.0199569 0.0002089 0.0421687 
0.274225 0.536028 0.16942 0.00233532 0.017992 
0.125648 0.854018 0.0188369 7.99474e-05 0.00141686 
0.00651595 0.925962 0.0385735 2.3658e-06 0.0289466 
0.410102 0.433768 0.142092 0.0078073 0.00623167 
0.13893 0.464469 0.309216 0.0206796 0.0667056 
0.269343 0.515015 0.153202 0.000194455 0.0622458 
0.214909 0.587913 0.157771 0.0067948 0.0326118 
0.256838 0.408335 0.234784 0.00815363 0.091889 
0.197119 0.752074 0.0149006 0.00016765 0.0357389 
0.397459 0.49118 0.0422717 0.000101595 0.0689872 
0.108682 0.449016 0.435684 0.000159758 0.00645751 
0.0488666 0.885973 0.0483736 0.000261353 0.0165259 
0.00651595 0.925962 0.0385735 2.3658e-06 0.0289466 
0.0794975 0.903226 0.0160916 3.62258e-05 0.00114829 
0.187954 0.609853 0.19802 0.000223386 0.00395008 
0.207181 0.592552 0.144804 0.00783275 0.04763 
0.135515 0.841876 0.0209194 0.000110376 0.00157886 
0.189903 0.706435 0.017942 0.00922934 0.0764902 
0.183581 0.802647 0.00988515 5.06596e-05 0.00383606 
0.108619 0.829227 0.0291805 0.00226088 0.0307127 
0.0425209 0.906883 0.0415178 0.00530918 0.00376941 
0.107718 0.801386 0.0384032 0.000180579 0.0523125 
0.267698 0.701346 0.0167482 0.000254734 0.0139531 
0.077183 0.82268 0.0967408 0.000197297 0.00319883 
0.112508 0.86549 0.0199064 8.31175e-05 0.00201267 
0.333916 0.547154 0.1172 6.76526e-05 0.00166235 
0.121402 0.540139 0.327433 1.6886e-05 0.0110093 
0.128947 0.807647 0.0269913 3.66008e-05 0.0363781 
0.0919697 0.893644 0.00887925 0.000415194 0.00509162 
0.0986858 0.889853 0.00805646 0.000207905 0.00319642 
0.0303876 0.944711 0.0233678 2.32093e-05 0.00151086 
0.253407 0.520787 0.20409 0.00908647 0.0126299 
0.0359024 0.820729 0.119026 0.000259983 0.024082 
0.119046 0.470389 0.383824 0.000514217 0.0262262 
0.320967 0.384665 0.190617 0.00702223 0.0967286 
0.11911 0.855487 0.0147254 0.000495329 0.0101814 
0.104693 0.689495 0.0650241 0.00184554 0.138943 
0.183816 0.676552 0.121878 5.93702e-05 0.0176943 
0.372477 0.58235 0.0122749 0.0230087 0.00988914 
0.22389 0.726683 0.0370477 3.68935e-05 0.0123428 
0.112508 0.86549 0.0199064 8.31175e-05 0.00201267 
0.227111 0.61233 0.124635 5.17751e-05 0.0358721 
0.202416 0.79065 0.00502957 4.22889e-05 0.00186253 
0.21465 0.422353 0.0397638 0.011139 0.312094 
0.0175 0.949123 0.0308475 1.7402e-06 0.00252733 
0.0427338 0.925376 0.0263091 3.07578e-05 0.00555083 
0.202416 0.79065 0.00502957 4.22889e-05 0.00186253 
0.150096 0.745568 0.101193 1.66946e-05 0.00312696 
0.156357 0.793993 0.00891512 0.0013895 0.039346 
0.0661616 0.915093 0.00692574 0.000291551 0.0115276 
0.193903 0.764952 0.0217478 0.000146537 0.0192504 
0.131587 0.464542 0.323731 0.0191271 0.0610132 
0.197201 0.682951 0.103672 3.9244e-05 0.0161369 
0.315268 0.669809 0.0136736 8.0606e-05 0.00116872 
0.15592 0.764634 0.04933 2.094e-05 0.0300945 
0.428798 0.473173 0.0568773 0.0159579 0.0251938 
0.227624 0.648727 0.0481044 0.00924471 0.0662994 
0.359314 0.496756 0.123244 0.00358755 0.017098 
0.145097 0.809517 0.0217722 0.000679836 0.0229344 
0.1724 0.759321 0.0498331 0.000587529 0.0178576 
0.0303876 0.944711 0.0233678 2.32093e-05 0.00151086 
0.135659 0.526779 0.186817 0.000171499 0.150572 
0.062445 0.918819 0.0105586 3.36388e-05 0.00814386 
0.0477976 0.723611 0.221168 0.00584952 0.00157398 
0.313459 0.40636 0.0832065 0.00047127 0.196503 
0.00651595 0.925962 0.0385735 2.3658e-06 0.0289466 
0.0886317 0.873397 0.0234532 3.41558e-06 0.0145149 
0.00651595 0.925962 0.0385735 2.3658e-06 0.0289466 
0.30019 0.622333 0.0215265 0.00788237 0.0480682 
0.113254 0.732309 0.142261 4.15491e-05 0.012135 
0.0729664 0.899143 0.0272859 2.29137e-06 0.000602891 
0.227624 0.648727 0.0481044 0.00924471 0.0662994 
0.328406 0.627631 0.0416056 2.63176e-10 0.00235778 
0.0664002 0.895314 0.0312881 3.72734e-07 0.00699781 
0.216189 0.450774 0.295522 0.00121063 0.0363038 
0.455565 0.472995 0.0416315 0.000179047 0.0296295 
0.0986858 0.889853 0.00805646 0.000207905 0.00319642 
0.23232 0.736374 0.0191267 0.00439833 0.00778065 
0.0783465 0.737383 0.176593 0.000129785 0.00754772 
0.13484 0.842748 0.0206055 0.000265528 0.00154097 
0.124172 0.84291 0.0215005 0.00137321 0.0100436 
0.135515 0.841876 0.0209194 0.000110376 0.00157886 
0.114236 0.759809 0.10368 0.000419381 0.0218558 
0.271139 0.53396 0.190383 0.000215966 0.00430187 
0.122728 0.805703 0.0709572 3.12052e-05 0.000580788 
0.152634 0.724932 0.0933388 0.000533458 0.0285618 
0.318012 0.518776 0.114357 0.00269536 0.0461606 
0.121402 0.540139 0.327433 1.6886e-05 0.0110093 
0.299711 0.655015 0.0330858 0.000137106 0.0120507 
0.2915 0.539918 0.0138295 0.00107253 0.15368 
0.199935 0.551391 0.0870455 0.0121291 0.1495 
0.200982 0.659019 0.0285791 0.0305922 0.0808269 
0.126654 0.437722 0.41658 1.33491e-05 0.0190315 
0.219228 0.393445 0.281706 0.00556632 0.100054 
0.142521 0.796545 0.0421158 0.000256824 0.018561 
0.402803 0.470121 0.0818233 0.000253272 0.0449987 
0.219524 0.603782 0.111235 0.00453411 0.0609246 
0.223479 0.453422 0.154135 6.33868e-05 0.1689 
0.111611 0.796498 0.0782475 0.00180164 0.0118419 
0.262171 0.682782 0.0487412 2.60416e-06 0.00630367 
0.409814 0.491347 0.0753592 0.000168958 0.0233106 
0.0986858 0.889853 0.00805646 0.000207905 0.00319642 
0.152421 0.523899 0.242646 0.00351894 0.0775158 
0.135061 0.84608 0.0174467 9.35183e-05 0.00131899 
0.0310412 0.958563 0.0102568 3.29419e-07 0.000138668 
0.212203 0.694769 0.06354 0.0110192 0.0184681 
0.280974 0.571801 0.0360528 0.0430738 0.0680977 
0.346508 0.483757 0.0713986 0.00577649 0.0925599 
0.135515 0.841876 0.0209194 0.000110376 0.00157886 
0.187055 0.533528 0.243299 0.00635064 0.029767 
0.165412 0.771875 0.058625 3.70069e-06 0.00408384 
0.152621 0.460683 0.0459437 0.0159865 0.324766 
0.077183 0.82268 0.0967408 0.000197297 0.00319883 
0.182885 0.636296 0.1046 6.41284e-05 0.0761546 
0.193918 0.691931 0.0696771 0.000137385 0.0443369 
0.110859 0.861653 0.0175992 0.000313791 0.00957476 
0.0555515 0.932105 0.00626414 0.0004373 0.00564236 
0.0959967 0.479067 0.313621 9.69739e-05 0.111218 
0.321969 0.535011 0.117459 0.000626566 0.0249343 
0.0830423 0.513451 0.388767 4.81734e-05 0.0146918 
0.100542 0.864602 0.0185064 0.000133748 0.0162155 
0.0207655 0.962157 0.016008 1.98824e-05 0.00105011 
0.311944 0.538718 0.0592843 0.0124448 0.0776096 
0.119903 0.855715 0.0233412 0.000197838 0.000843176 
0.194452 0.43498 0.370564 1.47893e-06 1.66056e-06 
0.0866636 0.829087 0.0839881 3.9078e-05 0.000222149 
0.368161 0.545266 0.0729649 1.98972e-05 0.0135877 
0.0986858 0.889853 0.00805646 0.000207905 0.00319642 
0.198417 0.667011 0.0113497 0.00478025 0.118443 
0.13484 0.842748 0.0206055 0.000265528 0.00154097 
0.120166 0.863856 0.0141137 0.000227912 0.00163562 
0.167763 0.796988 0.0206349 0.00070452 0.0139098 
0.091966 0.843987 0.0617785 1.09173e-06 0.00226749 
0.245454 0.593449 0.124101 0.00387512 0.0331212 
0.215345 0.745239 0.0364064 4.63424e-05 0.00296393 
0.141825 0.645003 0.13626 0.00392923 0.0729832 
0.160534 0.69914 0.128652 0.00017046 0.0115033 
0.370529 0.373659 0.234162 0.000140635 0.0215083 
0.271028 0.391275 0.303454 0.000355274 0.0338873 
0.088126 0.878888 0.0224813 4.40663e-06 0.0105005 
0.309211 0.373737 0.300791 0.000389911 0.0158704 
0.158905 0.745255 0.0608135 0.00206539 0.0329618 
0.184375 0.706584 0.0806717 0.00315497 0.0252148 
0.143726 0.644266 0.199411 8.28332e-05 0.0125146 
0.32344 0.54756 0.113457 0.00202919 0.0135139 
0.167327 0.785303 0.0278804 5.87513e-05 0.0194304 
0.0919697 0.893644 0.00887925 0.000415194 0.00509162 
0.0359024 0.820729 0.119026 0.000259983 0.024082 
0.0883958 0.503396 0.0146615 0.183824 0.209722 
7.27566e-06 0.652447 0.318224 0.000539225 0.0287825 
0.264299 0.451604 0.109898 0.000505748 0.173694 
0.280142 0.617559 0.0746134 0.0206528 0.00703231 
0.323432 0.569451 0.04934 0.000195791 0.0575808 
0.242046 0.436752 0.303469 0.000361849 0.0173713 
0.299708 0.431827 0.198384 0.00480694 0.0652742 
0.244469 0.396903 0.354866 6.43714e-05 0.00369821 
0.228522 0.716566 0.0430013 0.000100126 0.0118098 
0.172672 0.707936 0.0810432 0.005912 0.0324363 
0.174077 0.805678 0.00720905 2.27992e-05 0.0130131 
0.142521 0.796545 0.0421158 0.000256824 0.018561 
0.191986 0.697145 0.0844727 0.000300113 0.0260959 
0.20567 0.549071 0.225959 0.005483 0.0138174 
0.32588 0.474754 0.171127 9.16927e-05 0.0281473 
0.0986858 0.889853 0.00805646 0.000207905 0.00319642 
0.295638 0.498956 0.179239 0.000177363 0.0259895 
0.247008 0.623461 0.120465 9.43671e-05 0.00897156 
0.0959957 0.636039 0.260644 0.000231563 0.00708971 
0.143601 0.659366 0.146468 0.00305287 0.0475125 
0.156999 0.705226 0.110584 0.00197938 0.0252112 
0.145803 0.626186 0.0217116 0.0035246 0.202775 
0.253214 0.699298 0.0244501 2.61137e-05 0.023011 
0.146233 0.706675 0.136894 0.00089449 0.00930454 
0.175181 0.661713 0.0922867 0.00295685 0.0678619 
0.146791 0.768105 0.042441 0.00343637 0.0392273 
0.331877 0.508223 0.0998419 0.00337257 0.0566855 
0.110951 0.807933 0.0577002 0.00278742 0.0206284 
0.00651595 0.925962 0.0385735 2.3658e-06 0.0289466 
0.218217 0.774048 0.00523281 5.37708e-06 0.00249725 
0.141649 0.76113 0.0334754 0.00248879 0.061257 
0.10015 0.722296 0.176269 1.51364e-05 0.00126986 
0.0729692 0.7436 0.182231 2.33491e-06 0.00119756 
0.00651595 0.925962 0.0385735 2.3658e-06 0.0289466 
0.199825 0.382554 0.283825 0.00016172 0.133633 
0.20407 0.761821 0.0131917 5.44792e-05 0.0208629 
0.00532623 0.987501 0.00060166 0.000101155 0.00646982 
0.13421 0.436312 0.391691 0.00162149 0.036165 
0.0979193 0.840206 0.0340363 0.00510095 0.0227376 
0.131826 0.760536 0.0293685 0.0268795 0.0513902 
0.114556 0.74429 0.118453 0.000137388 0.0225635 
0.170715 0.688342 0.138369 0.000133626 0.00244001 
0.164302 0.762627 0.0422162 0.000751184 0.0301037 
0.0452009 0.846919 0.101661 5.49962e-06 0.00621415 
0.174715 0.779093 0.0130838 0.00154523 0.0315627 
0.256762 0.559897 0.136793 1.08061e-05 0.0465375 
0.0986858 0.889853 0.00805646 0.000207905 0.00319642 
0.174471 0.692892 0.127515 2.2128e-05 0.00509982 
0.135515 0.841876 0.0209194 0.000110376 0.00157886 
0.0867392 0.86694 0.00654406 0.000196263 0.0395801 
0.0723241 0.91571 0.0101357 0.000209114 0.00162106 
0.129567 0.716467 0.152418 6.90141e-06 0.0015411 
0.165412 0.771875 0.058625 3.70069e-06 0.00408384 
0.205981 0.499483 0.284387 0.000110903 0.0100384 
0.268003 0.673364 0.0195401 0.000222302 0.0388708 
0.171488 0.696998 0.100275 0.00452564 0.0267128 
0.236858 0.569858 0.145985 0.0116624 0.0356366 
0.208857 0.603514 0.0305817 0.0154832 0.141564 
0.231863 0.697873 0.0514564 0.000100346 0.0187075 
0.219288 0.545823 0.216755 0.000900044 0.0172341 
0.250082 0.689133 0.0366624 0.00152989 0.0225931 
0.132913 0.81825 0.0222632 0.00448861 0.0220851 
0.157011 0.793547 0.0139615 8.91575e-06 0.0354718 
0.0986858 0.889853 0.00805646 0.000207905 0.00319642 
0.298874 0.673475 0.0254379 5.55722e-05 0.00215715 
0.123372 0.865518 0.00629112 0.00250838 0.0023105 
0.315268 0.669809 0.0136736 8.0606e-05 0.00116872 
0.129384 0.786839 0.0815256 1.73204e-05 0.00223402 
0.265878 0.605245 0.0899002 0.00210182 0.036875 
0.0986858 0.889853 0.00805646 0.000207905 0.00319642 
0.311122 0.636135 0.037032 0.000108173 0.0156022 
0.0847921 0.755179 0.148253 6.48693e-06 0.0117687 
0.159515 0.500229 0.28887 0.000247572 0.0511389 
0.00207561 0.818152 0.179739 6.87354e-09 3.34157e-05 
0.115536 0.809942 0.0456238 0.000793787 0.0281044 
0.299574 0.521883 0.114234 0.020818 0.0434912 
0.208857 0.603514 0.0305817 0.0154832 0.141564 
0.205783 0.682012 0.0852978 0.000353827 0.026553 
0.277724 0.660914 0.0425787 5.75022e-05 0.0187248 
0.098909 0.856961 0.0220331 3.03495e-05 0.022067 
0.332099 0.494744 0.124526 0.00128071 0.0473501 
0.062445 0.918819 0.0105586 3.36388e-05 0.00814386 
0.13484 0.842748 0.0206055 0.000265528 0.00154097 
0.0812324 0.835114 0.0743493 0.00254897 0.00675505 
0.0964053 0.747805 0.124328 0.00196945 0.0294926 
0.175593 0.77216 0.0176642 0.000152211 0.0344307 
0.169177 0.75888 0.0349752 0.00563485 0.0313325 
0.065498 0.898473 0.0102518 0.000294227 0.0254834 
0.245343 0.529819 0.169402 0.000282449 0.0551532 
0.125648 0.854018 0.0188369 7.99474e-05 0.00141686 
0.11911 0.855487 0.0147254 0.000495329 0.0101814 
0.15993 0.807485 0.0203834 6.26533e-05 0.0121387 
0.0729868 0.813276 0.0612984 0.00118273 0.0512559 
0.203747 0.279369 0.255738 0.0334773 0.227668 
0.186549 0.782458 0.0280514 5.65462e-05 0.00288497 
0.208949 0.724536 0.0130673 8.23771e-05 0.0533654 
0.203687 0.645155 0.146807 0.000140021 0.00421039 
0.308257 0.659728 0.0306272 2.14945e-05 0.00136582 
0.335538 0.46109 0.172494 0.000180443 0.0306974 
0.179528 0.807586 0.00894261 5.06528e-05 0.00389274 
0.135319 0.785476 0.0497008 0.000993187 0.0285114 
0.400802 0.524947 0.0359266 3.40792e-05 0.03829 
0.0653237 0.548584 0.370315 1.73444e-06 0.0157754 
0.217458 0.679373 0.0880469 0.000152997 0.0149692 
0.308865 0.579041 0.0433404 0.00467354 0.06408 
0.189511 0.64649 0.134197 0.0012304 0.028571 
0.0668754 0.856897 0.0552192 0.000923005 0.0200858 
0.212439 0.706436 0.0671932 8.6274e-05 0.0138451 
0.108794 0.872446 0.0144553 1.02696e-05 0.00429431 
0.17407 0.725568 0.0354002 0.0142603 0.0507022 
0.0986858 0.889853 0.00805646 0.000207905 0.00319642 
0.107739 0.783762 0.0888289 0.000145105 0.0195248 
0.200027 0.660866 0.111204 7.61999e-05 0.0278265 
0.192783 0.669108 0.119352 0.000218341 0.0185385 
0.0986858 0.889853 0.00805646 0.000207905 0.00319642 
0.144658 0.824691 0.0134856 4.91026e-05 0.0171164 
0.344623 0.599497 0.0250193 8.90598e-05 0.0307716 
0.222037 0.485209 0.267652 0.00929307 0.0158087 
0.114703 0.491875 0.175499 0.000481554 0.217441 
0.403335 0.506663 0.0629735 0.000321446 0.0267072 
0.135515 0.841876 0.0209194 0.000110376 0.00157886 
0.0488996 0.678003 0.223549 0.000275036 0.0492731 
0.293325 0.440727 0.146406 0.00476028 0.114781 
0.256262 0.665655 0.0712682 9.9112e-05 0.00671557 
0.0675003 0.892913 0.0315987 4.23022e-05 0.00794554 
0.0859572 0.667074 0.191059 2.43086e-05 0.0558861 
0.129465 0.816747 0.0235547 0.000591942 0.0296414 
0.000904995 0.99638 0.000904952 0.000904868 0.000904955 
0.234477 0.70032 0.0300486 0.00332064 0.0318332 
0.0358555 0.951364 0.0117928 3.30139e-06 0.000983991 
0.135249 0.820462 0.0419081 3.54893e-06 0.00237736 
0.292384 0.525427 0.169912 0.000163597 0.012113 
0.171598 0.658897 0.115435 8.54637e-05 0.0539843 
0.136577 0.373488 0.35187 0.000296288 0.137768 
0.0303876 0.944711 0.0233678 2.32093e-05 0.00151086 
0.174749 0.540261 0.228486 0.000113372 0.0563902 
0.110038 0.848503 0.0253035 3.93226e-05 0.0161156 
0.258634 0.699268 0.0378284 2.15079e-05 0.00424759 
0.120166 0.863856 0.0141137 0.000227912 0.00163562 
0.00651595 0.925962 0.0385735 2.3658e-06 0.0289466 
0.0986858 0.889853 0.00805646 0.000207905 0.00319642 
0.252203 0.646594 0.0936944 7.05078e-05 0.00743876 
0.388507 0.452965 0.104903 0.00141809 0.0522066 
0.313459 0.40636 0.0832065 0.00047127 0.196503 
0.28287 0.592237 0.101228 0.0187787 0.00488547 
0.07434 0.743871 0.175245 3.58275e-05 0.00650865 
0.0986858 0.889853 0.00805646 0.000207905 0.00319642 
0.0692903 0.809239 0.118292 2.32327e-05 0.00315553 
0.00397305 0.954867 0.0234621 9.40779e-06 0.0176883 
0.0303876 0.944711 0.0233678 2.32093e-05 0.00151086 
0.134578 0.850608 0.0116012 5.88979e-05 0.00315383 
0.208819 0.53371 0.237347 0.000642905 0.0194809 
0.00651595 0.925962 0.0385735 2.3658e-06 0.0289466 
0.194925 0.687915 0.0821625 0.00202631 0.0329716 
0.17383 0.519094 0.304124 0.000273561 0.00267858 
0.202019 0.70135 0.0826562 0.00178483 0.0121897 
0.285767 0.611739 0.0440733 0.0443405 0.0140807 
0.264661 0.553717 0.128125 0.00308283 0.050414 
0.215639 0.703743 0.0690657 0.000455595 0.0110969 
0.333731 0.489106 0.106216 0.0274214 0.0435253 
0.246838 0.697236 0.0396233 3.4548e-05 0.0162681 
0.200265 0.557424 0.241898 0.000174432 0.000238947 
0.135205 0.667126 0.191366 3.25968e-05 0.00627071 
0.10604 0.87704 0.0109415 0.000220121 0.00575899 
0.196112 0.522937 0.204083 0.00220908 0.0746588 
0.0824995 0.869118 0.0386197 5.16229e-05 0.00971072 
0.00651595 0.925962 0.0385735 2.3658e-06 0.0289466 
0.0211606 0.567194 0.403602 0.000135597 0.00790758 
0.21949 0.629275 0.128546 0.000711279 0.0219774 
0.223317 0.586551 0.153435 0.00172926 0.0349682 
0.0698244 0.912807 0.0162592 7.90669e-06 0.00110129 
0.180166 0.482182 0.0145193 0.0140776 0.309055 
0.0475089 0.937108 0.0131912 7.17347e-06 0.00218499 
0.31437 0.49436 0.167637 1.77263e-05 0.0236147 
0.447984 0.502086 0.0303279 5.48275e-05 0.0195479 
0.336999 0.39803 0.0342862 0.00482449 0.22586 
0.149098 0.831518 0.0175027 8.10076e-05 0.00180024 
0.124902 0.858578 0.0118403 0.000191342 0.00448877 
0.172766 0.661359 0.0794057 2.87752e-06 0.0864664 
0.312238 0.558792 0.0806701 0.000133062 0.0481668 
0.0303876 0.944711 0.0233678 2.32093e-05 0.00151086 
0.123572 0.811318 0.0233792 0.0180235 0.0237082 
0.129068 0.487612 0.00572375 0.0206857 0.35691 
0.208819 0.53371 0.237347 0.000642905 0.0194809 
0.139326 0.839199 0.0160848 0.000527074 0.00486342 
0.00191283 0.968726 0.0282324 1.04776e-08 0.00112922 
0.149789 0.813115 0.0148431 6.95676e-05 0.0221833 
0.353826 0.399929 0.239501 8.87189e-05 0.00665531 
0.148706 0.828562 0.0210216 0.000127568 0.00158259 
0.115038 0.870499 0.0094523 0.000269334 0.00474067 
0.046044 0.928456 0.0126928 0.0013373 0.0114697 
0.107616 0.809659 0.0362659 0.000113866 0.0463449 
0.106472 0.852607 0.0331349 0.000141266 0.00764397 
0.245176 0.377211 0.294852 0.0315919 0.05117 
0.32344 0.54756 0.113457 0.00202919 0.0135139 
0.14611 0.700001 0.111308 0.00101825 0.0415634 
0.367418 0.467321 0.0789852 0.0128815 0.0733939 
0.145986 0.831784 0.0205493 0.000122327 0.00155823 
0.125648 0.854018 0.0188369 7.99474e-05 0.00141686 
0.0652 0.711007 0.176182 0.00107957 0.0465317 
0.150485 0.74842 0.0812345 0.0030125 0.0168479 
0.299337 0.555905 0.111037 0.00133948 0.0323812 
0.141612 0.836589 0.0201608 0.000112831 0.00152457 
0.101522 0.822809 0.0367551 5.74594e-05 0.0388569 
0.094712 0.890162 0.00729018 0.00424765 0.00358839 
0.183791 0.691949 0.0907646 0.0108148 0.0226814 
0.110674 0.600583 0.274632 0.000234972 0.0138756 
0.421151 0.534804 0.0219252 0.00076782 0.021352 
0.175623 0.805092 0.0136305 0.000218689 0.00543651 
0.111221 0.857318 0.0199001 0.000101634 0.0114594 
0.180527 0.672454 0.0943364 2.59504e-05 0.0526572 
0.0476177 0.80915 0.131087 9.88215e-05 0.012046 
0.117943 0.703334 0.121834 0.00167275 0.0552164 
0.225434 0.627045 0.121155 0.00233859 0.0240274 
0.337586 0.464691 0.146299 0.00151108 0.0499125 
0.0303876 0.944711 0.0233678 2.32093e-05 0.00151086 
0.325766 0.605521 0.063525 0.000139439 0.00504857 
0.140233 0.826877 0.0118663 0.000303492 0.0207201 
0.197119 0.752074 0.0149006 0.00016765 0.0357389 
0.0855763 0.901216 0.00711934 1.64265e-05 0.00607168 
0.135515 0.841876 0.0209194 0.000110376 0.00157886 
0.00651595 0.925962 0.0385735 2.3658e-06 0.0289466 
0.370689 0.566956 0.0470752 0.000499704 0.0147797 
0.153881 0.795376 0.0224691 0.0101408 0.0181332 
0.339182 0.587343 0.0702254 7.63942e-05 0.00317296 
0.173206 0.693791 0.129578 8.97021e-05 0.00333519 
0.291196 0.620811 0.0667762 9.38808e-05 0.0211225 
0.198751 0.743029 0.0176752 0.00027396 0.0402702 
0.310659 0.412423 0.240262 6.37857e-05 0.0365919 
0.0986858 0.889853 0.00805646 0.000207905 0.00319642 
0.125648 0.854018 0.0188369 7.99474e-05 0.00141686 
0.352088 0.494227 0.111414 0.000821121 0.0414503 
0.20896 0.490214 0.225246 0.000952971 0.0746266 
0.196226 0.594904 0.18274 0.0018038 0.024326 
0.215083 0.699736 0.0616658 0.00402609 0.0194893 
0.240841 0.579397 0.150495 0.00939664 0.0198708 
0.104187 0.877257 0.0110224 0.000176414 0.00735663 
0.0982877 0.867204 0.0308653 4.55043e-07 0.00364274 
0.142868 0.457564 0.352655 2.23165e-05 0.0468912 
0.195293 0.489545 0.1216 0.0257409 0.167821 
0.260727 0.685006 0.0432699 1.96106e-05 0.0109779 
0.459765 0.474364 0.0408177 0.00132173 0.0237313 
0.0163601 0.974839 0.00740641 1.14277e-06 0.00139369 
0.222184 0.703654 0.0469671 0.0029285 0.0242671 
0.0802062 0.788446 0.112809 0.000252179 0.0182863 
0.202888 0.732168 0.0450938 0.00211441 0.0177368 
0.0278235 0.953109 0.0169693 1.77344e-05 0.00208003 
0.066536 0.665043 0.268329 1.27839e-05 7.96267e-05 
0.0555515 0.932105 0.00626414 0.0004373 0.00564236 
0.115038 0.870499 0.0094523 0.000269334 0.00474067 
0.238361 0.568927 0.183003 1.69113e-05 0.00969219 
0.142521 0.796545 0.0421158 0.000256824 0.018561 
0.0369147 0.948129 0.00976482 8.00181e-05 0.00511105 
0.276203 0.357868 0.351302 0.00013935 0.0144886 
0.250972 0.636241 0.0916775 0.000405541 0.0207038 
0.349263 0.376972 0.271075 3.28234e-05 0.00265693 
0.141948 0.747498 0.103999 7.42908e-05 0.00648083 
0.262857 0.458439 0.0849625 0.0315719 0.16217 
0.0157172 0.928092 0.0352135 6.91745e-06 0.0209701 
0.0894563 0.786658 0.101284 0.0150559 0.00754547 
0.0986858 0.889853 0.00805646 0.000207905 0.00319642 
0.21184 0.377167 0.0273779 0.0231634 0.360452 
0.323914 0.583992 0.0635436 0.000190543 0.0283598 
0.322959 0.324522 0.323889 0.00106096 0.0275681 
0.222899 0.681256 0.0859026 0.00018066 0.00976209 
0.306918 0.3141 0.162921 0.00158181 0.214478 
0.325766 0.605521 0.063525 0.000139439 0.00504857 
0.0555515 0.932105 0.00626414 0.0004373 0.00564236 
0.172239 0.770497 0.0157741 1.10669e-05 0.0414789 
0.303375 0.534255 0.138406 0.000245608 0.0237188 
0.125648 0.854018 0.0188369 7.99474e-05 0.00141686 
0.323914 0.583992 0.0635436 0.000190543 0.0283598 
0.143209 0.745857 0.102981 8.32584e-05 0.0078703 
0.265466 0.468992 0.0548092 0.0138746 0.196858 
0.114236 0.759809 0.10368 0.000419381 0.0218558 
0.176751 0.657059 0.0416167 0.00315554 0.121417 
0.206916 0.738748 0.0301179 0.000528216 0.0236902 
0.10914 0.87132 0.0107608 0.000176957 0.00860245 
0.179528 0.807586 0.00894261 5.06528e-05 0.00389274 
0.208857 0.603514 0.0305817 0.0154832 0.141564 
0.151608 0.800831 0.0288403 0.000221213 0.0184993 
0.102613 0.850511 0.0346285 0.000157303 0.0120896 
0.252008 0.700292 0.0468412 1.74742e-05 0.000841112 
0.0698244 0.912807 0.0162592 7.90669e-06 0.00110129 
0.120166 0.863856 0.0141137 0.000227912 0.00163562 
0.270761 0.599917 0.105102 1.57326e-05 0.024204 
0.0125444 0.91907 0.0476512 4.87749e-06 0.0207291 
0.139998 0.541172 0.300737 2.66905e-06 0.0180903 
0.169092 0.765645 0.0212045 0.00330398 0.0407543 
0.14871 0.810991 0.0250498 7.78909e-05 0.0151709 
0.17807 0.73144 0.0714239 0.000651585 0.0184143 
0.252203 0.646594 0.0936944 7.05078e-05 0.00743876 
0.262137 0.457542 0.0326778 4.81461e-05 0.247595 
0.351044 0.524786 0.0963483 0.000647058 0.0271744 
0.179528 0.807586 0.00894261 5.06528e-05 0.00389274 
0.169304 0.46278 0.104859 0.0668091 0.196249 
0.027795 0.73989 0.185478 0.000807686 0.0460289 
0.0956822 0.833912 0.0432168 0.0012808 0.0259083 
0.204846 0.620631 0.143376 0.00503471 0.0261123 
0.0303876 0.944711 0.0233678 2.32093e-05 0.00151086 
0.195967 0.693327 0.0973782 9.38606e-05 0.0132344 
0.159851 0.717066 0.107547 8.77822e-05 0.0154479 
0.241744 0.636183 0.119094 3.05484e-05 0.00294872 
0.18715 0.710505 0.0793422 0.00151022 0.0214931 
0.128373 0.646557 0.191328 5.63644e-05 0.0336851 
0.0718317 0.862137 0.0404383 0.00040211 0.025191 
0.190139 0.703627 0.0884602 0.00196149 0.0158129 
0.134578 0.850608 0.0116012 5.88979e-05 0.00315383 
0.0268123 0.896996 0.0431334 0.000206778 0.0328518 
0.131587 0.464542 0.323731 0.0191271 0.0610132 
0.0753771 0.861091 0.0539692 0.00016774 0.00939523 
0.0278832 0.953008 0.0176922 2.03955e-05 0.00139642 
0.088446 0.785193 0.120785 1.73488e-05 0.00555947 
0.151748 0.572498 0.263494 8.58285e-05 0.0121743 
0.00651595 0.925962 0.0385735 2.3658e-06 0.0289466 
0.119488 0.86033 0.0139917 2.37057e-05 0.00616681 
0.0181736 0.863898 0.0707736 2.89545e-05 0.0471261 
0.0303876 0.944711 0.0233678 2.32093e-05 0.00151086 
0.272334 0.391631 0.244273 0.00317154 0.0885906 
0.124902 0.858578 0.0118403 0.000191342 0.00448877 
0.17158 0.537513 0.276523 9.18496e-05 0.0142922 
0.0729664 0.899143 0.0272859 2.29137e-06 0.000602891 
0.293834 0.473587 0.165029 0.00108407 0.0664659 
0.0723241 0.91571 0.0101357 0.000209114 0.00162106 
0.125648 0.854018 0.0188369 7.99474e-05 0.00141686 
0.138979 0.848261 0.0110613 3.72227e-05 0.00166155 
0.168954 0.777711 0.0464878 0.00043259 0.00641464 
0.135515 0.841876 0.0209194 0.000110376 0.00157886 
0.124914 0.78812 0.0109902 0.00183101 0.0741456 
0.324251 0.539898 0.119124 0.000198587 0.016528 
0.0501621 0.939013 0.0074417 1.05876e-06 0.00338246 
0.0990085 0.88371 0.0121552 0.000722325 0.00440361 
0.314496 0.392247 0.185272 0.0079284 0.100057 
0.115862 0.836497 0.0353933 5.06657e-07 0.012247 
0.205454 0.755817 0.0350558 7.00216e-05 0.00360358 
0.133413 0.812044 0.0398466 6.0705e-07 0.0146963 
0.108988 0.857946 0.0267408 4.05246e-05 0.00628503 
0.159577 0.448471 0.35738 2.49393e-05 0.0345478 
0.308999 0.429221 0.14514 0.000141211 0.116499 
0.373729 0.549859 0.0647676 0.000174134 0.0114695 
0.325766 0.605521 0.063525 0.000139439 0.00504857 
0.245511 0.533436 0.0699951 0.000298778 0.15076 
0.217304 0.666908 0.0756474 0.00788762 0.0322527 
0.0903096 0.871907 0.0280922 0.0001184 0.00957257 
0.303211 0.637533 0.0543044 9.76207e-05 0.00485443 
0.13982 0.656271 0.155549 0.00573274 0.0426266 
0.0691689 0.688776 0.225172 4.40562e-05 0.0168392 
0.257314 0.620883 0.040465 0.00509001 0.0762485 
0.0969847 0.849879 0.0489727 6.93354e-05 0.00409464 
0.135515 0.841876 0.0209194 0.000110376 0.00157886 
0.126977 0.642763 0.117685 9.91714e-06 0.112566 
0.262876 0.64266 0.0413603 0.00112422 0.0519795 
0.22828 0.399944 0.0458948 0.0934721 0.232409 
0.0321215 0.539257 0.425374 6.06638e-06 0.0032413 
0.363153 0.429238 0.202533 0.000171755 0.00490431 
0.182261 0.752315 0.0491407 9.91428e-05 0.0161835 
0.20116 0.693453 0.0500379 0.00115452 0.0541939 
0.136827 0.688841 0.137466 0.00103113 0.035836 
0.273271 0.422145 0.259598 0.000935663 0.0440498 
0.0978224 0.870445 0.0119294 0.00103662 0.0187663 
0.265466 0.468992 0.0548092 0.0138746 0.196858 
0.189984 0.313631 0.284877 0.000671928 0.210836 
0.194347 0.367847 0.332994 0.00239563 0.102416 
0.249644 0.615693 0.119523 0.000198687 0.0149408 
0.263445 0.589929 0.100744 0.0063438 0.0395381 
0.306391 0.416574 0.271796 9.55155e-06 0.00522989 
0.20155 0.553679 0.233053 5.31051e-05 0.0116657 
0.183152 0.721529 0.0612227 0.00185951 0.0322362 
0.14055 0.736364 0.0744172 0.00344516 0.0452232 
0.268805 0.514018 0.139853 0.000218696 0.0771064 
0.259006 0.646006 0.0675713 0.000172301 0.0272446 
0.303703 0.316789 0.216459 3.64406e-05 0.163014 
0.0698244 0.912807 0.0162592 7.90669e-06 0.00110129 
0.262854 0.709212 0.0235335 0.000195218 0.00420549 
0.16828 0.665604 0.131956 0.0024992 0.0316608 
0.203795 0.625785 0.108054 6.097e-05 0.0623051 
0.117834 0.827918 0.0183382 6.77014e-05 0.0358418 
0.042458 0.948815 0.00580637 3.049e-05 0.00289052 
0.289368 0.634753 0.0714338 5.20857e-05 0.00439267 
0.0813007 0.802739 0.0214362 0.00385243 0.0906717 
0.0452573 0.697278 0.23697 3.3467e-05 0.0204613 
0.210041 0.557994 0.165892 0.000625505 0.0654463 
0.264553 0.577722 0.106023 0.00160118 0.0501007 
0.0859572 0.667074 0.191059 2.43086e-05 0.0558861 
0.13484 0.842748 0.0206055 0.000265528 0.00154097 
0.333767 0.44724 0.0517848 0.0806892 0.0865198 
0.150795 0.825336 0.0222333 0.000125717 0.001511 
0.0354523 0.918797 0.035547 5.29802e-06 0.0101982 
0.184587 0.705508 0.0705393 0.00433228 0.0350333 
0.107762 0.855128 0.00976985 3.50909e-05 0.0273048 
0.194004 0.718463 0.0471351 0.000152319 0.0402457 
0.0982877 0.867204 0.0308653 4.55043e-07 0.00364274 
0.264849 0.356379 0.0634176 0.0169196 0.298435 
0.293154 0.481546 0.173307 0.00653739 0.0454545 
0.155605 0.651012 0.094047 0.00836764 0.0909684 
0.218609 0.612301 0.166188 0.00239149 0.000509763 
0.103949 0.856689 0.022711 1.77505e-06 0.0166489 
0.164552 0.605046 0.204975 0.0019722 0.0234548 
0.13089 0.808233 0.0260705 0.0199311 0.0148755 
0.2915 0.539918 0.0138295 0.00107253 0.15368 
0.214719 0.633996 0.129347 0.000202712 0.0217349 
0.0946831 0.848792 0.0051965 0.0409718 0.010357 
0.169211 0.406559 0.290272 0.000559443 0.133399 
0.0729664 0.899143 0.0272859 2.29137e-06 0.000602891 
0.259513 0.499723 0.023606 0.0154083 0.201751 
0.200726 0.678793 0.0890578 0.0302238 0.0011996 
0.0877085 0.457932 0.425179 0.000127619 0.0290531 
0.137256 0.841033 0.0165891 7.18514e-06 0.00511492 
0.203369 0.712805 0.0486064 0.00269187 0.0325278 
0.340797 0.490812 0.136633 0.000343324 0.0314142 
0.062445 0.918819 0.0105586 3.36388e-05 0.00814386 
0.0382895 0.884452 0.0750665 1.78969e-06 0.00219067 
0.125648 0.854018 0.0188369 7.99474e-05 0.00141686 
0.197119 0.752074 0.0149006 0.00016765 0.0357389 
0.0986858 0.889853 0.00805646 0.000207905 0.00319642 
0.0248666 0.915386 0.0513748 1.93652e-05 0.00835354 
0.182382 0.572444 0.0651747 0.0226905 0.157309 
0.180333 0.598314 0.207041 0.000910018 0.0134026 
0.255036 0.677684 0.0654796 0.000163164 0.00163747 
0.251971 0.571821 0.148957 0.00557231 0.0216783 
0.110452 0.790708 0.0127498 0.00575935 0.0803306 
0.238198 0.460599 0.246429 0.00469222 0.0500821 
0.105445 0.854611 0.0399406 7.13142e-08 2.75385e-06 
0.128857 0.82912 0.0198189 0.0174638 0.00474075 
0.227624 0.648727 0.0481044 0.00924471 0.0662994 
0.0475089 0.937108 0.0131912 7.17347e-06 0.00218499 
0.100538 0.624006 0.250329 0.000199079 0.0249279 
0.203186 0.607527 0.109882 0.000845286 0.07856 
0.138206 0.812219 0.0366084 0.0022113 0.0107551 
0.0555515 0.932105 0.00626414 0.0004373 0.00564236 
0.208819 0.53371 0.237347 0.000642905 0.0194809 
0.118423 0.868109 0.00945278 0.000249484 0.00376543 
0.303123 0.642589 0.00675683 1.96448e-05 0.047512 
0.394978 0.52398 0.0448072 0.000100807 0.0361336 
0.141612 0.836589 0.0201608 0.000112831 0.00152457 
0.124191 0.701035 0.0778854 0.034276 0.0626126 
0.13484 0.842748 0.0206055 0.000265528 0.00154097 
0.226181 0.386736 0.381498 0.000357071 0.00522812 
0.174077 0.805678 0.00720905 2.27992e-05 0.0130131 
0.113009 0.790784 0.0714281 8.45419e-05 0.024694 
0.241407 0.517612 0.161074 0.00606863 0.0738385 
0.166573 0.770565 0.0147035 0.00190826 0.0462501 
0.0986858 0.889853 0.00805646 0.000207905 0.00319642 
0.171244 0.717854 0.0623213 0.00866411 0.0399173 
0.0982877 0.867204 0.0308653 4.55043e-07 0.00364274 
0.284817 0.580287 0.12632 4.58441e-05 0.00853131 
0.228266 0.442627 0.289832 0.000146805 0.0391278 
0.0723241 0.91571 0.0101357 0.000209114 0.00162106 
0.0234356 0.96444 0.00823502 0.000114243 0.00377464 
0.144523 0.765444 0.0515868 0.0016378 0.0368087 
0.318495 0.561525 0.0927729 0.000415571 0.0267915 
0.212588 0.657362 0.0892859 0.00138851 0.0393756 
0.344169 0.584139 0.0560114 0.000357331 0.0153229 
0.00948308 0.963861 0.0141117 9.1498e-09 0.012544 
0.224305 0.755717 0.0197386 3.61397e-05 0.000203975 
0.119577 0.838249 0.0332394 4.23572e-05 0.0088918 
0.107602 0.85518 0.0290496 0.000126692 0.00804111 
0.190066 0.399719 0.341799 0.000104528 0.0683107 
0.0555515 0.932105 0.00626414 0.0004373 0.00564236 
0.142472 0.584199 0.250818 0.000266201 0.022245 
0.183292 0.761493 0.0283551 0.000283541 0.0265766 
0.200321 0.725295 0.025277 3.26209e-05 0.0490743 
0.344 0.560409 0.0943414 5.06153e-08 0.00125043 
0.117834 0.827918 0.0183382 6.77014e-05 0.0358418 
0.139459 0.760652 0.0305338 0.0184609 0.0508944 
0.366746 0.391819 0.199943 0.00178026 0.0397118 
0.124902 0.858578 0.0118403 0.000191342 0.00448877 
0.380384 0.52596 0.0819515 0.000140797 0.0115637 
0.148532 0.564572 0.278107 1.98909e-06 0.00878635 
0.292039 0.505621 0.172436 7.83974e-05 0.0298252 
0.180972 0.797161 0.0209122 5.76038e-06 0.000949029 
0.116716 0.632078 0.0386159 0.00207202 0.210519 
0.0912804 0.852988 0.0460832 0.000167327 0.0094814 
0.173276 0.699633 0.0495283 0.010043 0.0675194 
0.395199 0.57484 0.00493822 3.79556e-05 0.0249854 
0.159363 0.781448 0.0405808 7.20964e-05 0.0185363 
0.259923 0.401104 0.299039 0.000672678 0.0392618 
0.135515 0.841876 0.0209194 0.000110376 0.00157886 
0.116517 0.77929 0.059887 0.000171046 0.0441356 
0.206969 0.715599 0.0625288 0.00521252 0.0096913 
0.334272 0.55431 0.0671834 0.000646949 0.0435878 
0.165412 0.771875 0.058625 3.70069e-06 0.00408384 
0.286158 0.515792 0.117151 0.0180839 0.0628148 
0.204451 0.7266 0.0279978 0.000240748 0.0407103 
0.168973 0.76631 0.058971 3.4608e-05 0.0057115 
0.0699658 0.87999 0.0475794 1.90745e-05 0.00244601 
0.0310412 0.958563 0.0102568 3.29419e-07 0.000138668 
0.295126 0.569352 0.0770153 0.000710812 0.0577959 
0.129567 0.716467 0.152418 6.90141e-06 0.0015411 
0.317725 0.419209 0.186558 0.00558208 0.0709252 
0.286332 0.501051 0.0293303 0.00447335 0.178814 
0.284061 0.678555 0.0320961 7.8743e-05 0.00520951 
0.385711 0.428539 0.136157 0.0161682 0.033425 
0.138121 0.683311 0.095059 0.0584168 0.0250919 
0.173656 0.7004 0.0846243 0.0249823 0.0163376 
0.202701 0.607833 0.138048 9.40101e-06 0.0514077 
0.0720053 0.912537 0.00882661 0.000381553 0.00624989 
0.0303876 0.944711 0.0233678 2.32093e-05 0.00151086 
0.098909 0.856961 0.0220331 3.03495e-05 0.022067 
0.236776 0.345274 0.33726 0.022512 0.0581776 
0.116441 0.857011 0.010532 0.00070747 0.0153087 
0.120463 0.864374 0.00780283 0.00334629 0.0040141 
0.391745 0.413532 0.141188 0.0142989 0.0392358 
0.227488 0.69349 0.0610053 0.000284627 0.0177319 
0.25731 0.385503 0.332723 0.0028053 0.0216591 
0.299164 0.475284 0.195071 0.00247993 0.0280001 
0.129511 0.71521 0.140609 0.000235164 0.0144354 
0.324888 0.659372 0.0132101 0.000116784 0.0024132 
0.0303876 0.944711 0.0233678 2.32093e-05 0.00151086 
0.263622 0.490516 0.169033 0.000138701 0.0766904 
0.135515 0.841876 0.0209194 0.000110376 0.00157886 
0.303813 0.551949 0.106554 0.00149488 0.0361887 
0.118423 0.868109 0.00945278 0.000249484 0.00376543 
0.167346 0.731532 0.0698189 0.00141348 0.0298897 
0.109361 0.723626 0.123232 0.00223763 0.0415433 
0.177234 0.542417 0.223575 0.000841029 0.0559328 
0.28732 0.564361 0.0677838 0.0181249 0.0624094 
0.00651595 0.925962 0.0385735 2.3658e-06 0.0289466 
0.156775 0.789105 0.0429191 4.3347e-05 0.0111569 
0.12992 0.436679 0.431632 2.15751e-05 0.00174765 
0.00651595 0.925962 0.0385735 2.3658e-06 0.0289466 
0.279822 0.627044 0.0849023 5.86697e-05 0.00817283 
0.384724 0.527527 0.0741943 1.53172e-05 0.0135392 
0.162793 0.776485 0.0299323 0.0071682 0.0236217 
0.0600012 0.720686 0.21037 0.000290713 0.00865269 
0.173166 0.713218 0.0648205 0.00154944 0.0472456 
0.135515 0.841876 0.0209194 0.000110376 0.00157886 
0.0984758 0.492769 0.106996 0.0271254 0.274633 
0.367731 0.526816 0.0950294 0.000792745 0.00963111 
0.0113274 0.807036 0.178286 1.27637e-07 0.00335066 
0.45793 0.468433 0.0472209 0.0149827 0.0114333 
0.125648 0.854018 0.0188369 7.99474e-05 0.00141686 
0.0465262 0.94073 0.00801504 0.000340142 0.00438856 
0.0745378 0.754327 0.155243 4.3535e-05 0.0158486 
0.314496 0.392247 0.185272 0.0079284 0.100057 
0.37708 0.459318 0.113797 0.00105446 0.0487504 
0.058194 0.928844 0.00900434 0.00031652 0.00364069 
0.265408 0.557185 0.149254 0.00485563 0.0232971 
0.325766 0.605521 0.063525 0.000139439 0.00504857 
0.174715 0.779093 0.0130838 0.00154523 0.0315627 
0.21941 0.713164 0.062653 0.000294344 0.00447824 
0.144106 0.730568 0.0953702 0.000163485 0.0297916 
0.295832 0.537648 0.0245415 0.0125066 0.129472 
0.154047 0.796248 0.0483907 0.000111976 0.00120232 
0.408107 0.527583 0.0555662 0.000598492 0.00814584 
0.156311 0.732142 0.0764877 0.00375114 0.0313076 
0.0442078 0.815603 0.13569 0.000127918 0.00437077 
0.185259 0.608611 0.124955 0.00315803 0.0780169 
0.281885 0.540374 0.144413 0.00129229 0.0320357 
0.0946831 0.848792 0.0051965 0.0409718 0.010357 
0.145914 0.788532 0.0503356 0.000284897 0.0149336 
0.114847 0.815496 0.0508187 0.000128692 0.0187093 
0.170715 0.688342 0.138369 0.000133626 0.00244001 
0.113009 0.790784 0.0714281 8.45419e-05 0.024694 
0.0986858 0.889853 0.00805646 0.000207905 0.00319642 
0.0452573 0.697278 0.23697 3.3467e-05 0.0204613 
0.211763 0.715218 0.0694354 0.000199858 0.00338385 
0.343222 0.41653 0.101432 0.0365006 0.102315 
0.0859572 0.667074 0.191059 2.43086e-05 0.0558861 
0.197119 0.752074 0.0149006 0.00016765 0.0357389 
0.118517 0.863894 0.00966069 4.80898e-05 0.00788037 
0.0925298 0.899137 0.0047186 0.0018815 0.00173296 
0.260575 0.641641 0.0813077 6.21287e-06 0.0164703 
0.0986858 0.889853 0.00805646 0.000207905 0.00319642 
0.0452573 0.697278 0.23697 3.3467e-05 0.0204613 
0.105969 0.840775 0.0436687 1.12567e-05 0.00957557 
0.0986858 0.889853 0.00805646 0.000207905 0.00319642 
0.145715 0.700821 0.134275 7.47094e-05 0.0191137 
0.213055 0.769587 0.0122736 0.000105244 0.00497956 
0.0707597 0.920451 0.00749109 7.05515e-05 0.00122765 
