0.282654 0.243622 0.409738 0.04791 0.0160759 
0.283427 0.0969562 0.52048 0.0975859 0.00155086 
0.27946 0.0956833 0.408586 0.216033 0.000237712 
0.17301 0.0255565 0.771022 0.0303141 9.75078e-05 
0.218193 0.197957 0.30793 0.275906 1.43461e-05 
0.250125 0.0932041 0.573156 0.0834656 4.95519e-05 
0.110287 0.0612706 0.774862 0.0442135 0.00936727 
0.28312 0.299833 0.321831 0.0546869 0.0405291 
0.202768 0.0988591 0.624601 0.0674749 0.00629771 
0.333996 0.0180962 0.404729 0.242693 0.000485912 
0.349974 0.0464561 0.492733 0.0914965 0.0193405 
0.233946 0.0433941 0.671814 0.0488701 0.0019767 
0.213657 0.227402 0.331205 0.227376 0.000360772 
0.221416 0.074624 0.654898 0.0486454 0.000417366 
0.0162318 0.00308264 0.971368 0.00723501 0.00208252 
0.248218 0.186485 0.441221 0.121409 0.00266696 
0.283623 0.0307453 0.542984 0.142522 0.00012573 
0.11195 0.0526746 0.708031 0.127217 0.000127496 
0.110287 0.0612706 0.774862 0.0442135 0.00936727 
0.372988 0.101165 0.453709 0.0684837 0.00365487 
0.333666 0.031341 0.341249 0.290018 0.00372562 
0.248595 0.0875906 0.551157 0.1103 0.00235745 
0.142035 0.365845 0.398444 0.0466353 0.0470404 
0.236206 0.0200119 0.698287 0.0454172 7.80123e-05 
0.1697 0.0500033 0.745951 0.0343182 2.74059e-05 
0.0479773 0.00677617 0.732009 0.210903 0.00233495 
0.396589 0.096902 0.419385 0.0845284 0.00259618 
0.156021 0.0282426 0.684856 0.130839 4.12003e-05 
0.329102 0.0379052 0.567057 0.065566 0.00036963 
0.110287 0.0612706 0.774862 0.0442135 0.00936727 
0.110287 0.0612706 0.774862 0.0442135 0.00936727 
0.192754 0.0818794 0.671686 0.0519464 0.00173447 
0.216686 0.21427 0.416016 0.123308 0.0297197 
0.253566 0.147277 0.566036 0.0307244 0.0023971 
0.173478 0.202391 0.300767 0.0923831 0.23098 
0.255308 0.0267862 0.638353 0.0795325 1.98761e-05 
0.16846 0.104632 0.48699 0.239847 7.1011e-05 
0.0162318 0.00308264 0.971368 0.00723501 0.00208252 
0.215815 0.0238638 0.55285 0.207394 7.73775e-05 
0.1147 0.260124 0.445683 0.157309 0.0221839 
0.250151 0.101978 0.510928 0.136285 0.000658185 
0.148396 0.0168335 0.597069 0.237699 2.41814e-06 
0.149519 0.146197 0.525209 0.174334 0.00474155 
0.255969 0.107676 0.326585 0.308395 0.00137487 
0.270445 0.087075 0.590397 0.0520734 9.73485e-06 
0.361361 0.226779 0.393464 0.0144427 0.00395346 
0.110195 0.0312989 0.555667 0.302461 0.000378376 
0.278415 0.0759005 0.546571 0.0982018 0.000911653 
0.0192822 0.00460303 0.965328 0.00900856 0.00177838 
0.263462 0.0762867 0.359388 0.299885 0.000977234 
0.261633 0.0812619 0.575012 0.0810802 0.00101355 
0.0968855 0.068448 0.779839 0.054779 4.86382e-05 
0.310081 0.0764122 0.477329 0.127275 0.00890301 
0.100555 0.281247 0.534534 0.0834103 0.000253574 
0.110287 0.0612706 0.774862 0.0442135 0.00936727 
0.317703 0.141701 0.368335 0.167699 0.00456231 
0.28529 0.297924 0.347232 0.0519327 0.0176216 
0.190348 0.0586379 0.45061 0.300377 2.67794e-05 
0.276442 0.07699 0.329264 0.317289 1.40608e-05 
0.293932 0.188827 0.441102 0.0738414 0.00229782 
0.433007 0.0977767 0.451807 0.01733 7.87897e-05 
0.154417 0.0555553 0.725146 0.0628073 0.00207446 
0.313584 0.0688648 0.497611 0.119745 0.000194645 
0.207629 0.0813269 0.368914 0.335656 0.00647451 
0.307338 0.1361 0.383488 0.172408 0.000665946 
0.267675 0.189947 0.34155 0.185907 0.014921 
0.216457 0.109989 0.585979 0.0871071 0.000467776 
0.181451 0.341583 0.390382 0.0798665 0.00671741 
0.363279 0.136975 0.438599 0.0606682 0.000478493 
0.271206 0.273341 0.397997 0.0383565 0.0190993 
0.0801216 0.181595 0.682558 0.00452838 0.0511967 
0.276179 0.0712041 0.533172 0.114455 0.00498952 
0.110287 0.0612706 0.774862 0.0442135 0.00936727 
0.32378 0.148038 0.473066 0.055037 7.97517e-05 
0.105456 0.0583466 0.795471 0.0405626 0.000162909 
0.281264 0.286255 0.300202 0.0396886 0.0925896 
0.276442 0.07699 0.329264 0.317289 1.40608e-05 
0.244137 0.0607681 0.648515 0.0465327 4.66988e-05 
0.3899 0.0990962 0.419455 0.0915157 3.32718e-05 
0.257197 0.0764069 0.583144 0.0823393 0.000912521 
0.359043 0.074092 0.469017 0.0960689 0.001779 
0.26974 0.0971614 0.496469 0.134871 0.00175799 
0.0192822 0.00460303 0.965328 0.00900856 0.00177838 
0.250663 0.115147 0.51963 0.114445 0.000113779 
0.110287 0.0612706 0.774862 0.0442135 0.00936727 
0.0162318 0.00308264 0.971368 0.00723501 0.00208252 
0.186152 0.049883 0.692126 0.0712766 0.000562308 
0.110287 0.0612706 0.774862 0.0442135 0.00936727 
0.152299 0.0744221 0.712366 0.0402288 0.020684 
0.23348 0.0874941 0.648211 0.0295935 0.00122096 
0.0162318 0.00308264 0.971368 0.00723501 0.00208252 
0.153581 0.10733 0.654495 0.0845233 7.16566e-05 
0.297598 0.143349 0.460664 0.0941024 0.00428664 
0.13407 0.103029 0.667148 0.0319644 0.0637878 
0.203992 0.105398 0.611093 0.074575 0.00494236 
0.322259 0.196674 0.395287 0.0594763 0.0263034 
0.191496 0.0555557 0.691931 0.0608253 0.000192445 
0.156449 0.0776828 0.682587 0.0821134 0.00116736 
0.227372 0.24843 0.371127 0.134419 0.0186513 
0.110287 0.0612706 0.774862 0.0442135 0.00936727 
0.138463 0.0279276 0.795862 0.0375349 0.000212654 
0.108568 0.0694681 0.648587 0.164802 0.00857539 
0.13221 0.0776963 0.670996 0.118986 0.000111548 
0.229847 0.0524157 0.664378 0.0518118 0.00154733 
0.209996 0.0558531 0.538085 0.195119 0.000946731 
0.110287 0.0612706 0.774862 0.0442135 0.00936727 
0.355233 0.0851602 0.419005 0.138343 0.00225865 
0.240564 0.0876176 0.51725 0.149627 0.00494147 
0.0192822 0.00460303 0.965328 0.00900856 0.00177838 
0.13115 0.0413615 0.760041 0.0638326 0.00361449 
0.190644 0.131664 0.674786 0.00289234 1.32622e-05 
0.261628 0.0907378 0.505296 0.142276 6.32103e-05 
0.257877 0.329133 0.344666 0.0621801 0.0061444 
0.262893 0.0309111 0.663037 0.0417698 0.00138901 
0.0192822 0.00460303 0.965328 0.00900856 0.00177838 
0.376432 0.0665213 0.482899 0.0741223 2.52962e-05 
0.387281 0.0590616 0.457428 0.0939684 0.00226028 
0.110287 0.0612706 0.774862 0.0442135 0.00936727 
0.200257 0.223181 0.314329 0.254014 0.00821859 
0.287492 0.086329 0.571278 0.0544366 0.000464029 
0.250125 0.0932041 0.573156 0.0834656 4.95519e-05 
0.250954 0.146869 0.554408 0.0463035 0.00146515 
0.270418 0.110946 0.494161 0.0953178 0.0291577 
0.110287 0.0612706 0.774862 0.0442135 0.00936727 
0.249525 0.120142 0.519761 0.107344 0.00322816 
0.330845 0.254964 0.354067 0.053685 0.00643923 
0.297949 0.0950036 0.558227 0.0487011 0.000118723 
0.257388 0.116108 0.569469 0.0562966 0.000738218 
0.210449 0.208786 0.393795 0.185533 0.00143724 
0.0370742 0.0095006 0.724497 0.225525 0.00340311 
0.17402 0.0642954 0.697811 0.0638309 4.28296e-05 
0.289606 0.0908215 0.441932 0.177505 0.000135863 
0.100508 0.0528866 0.617877 0.227577 0.00115215 
0.196716 0.0241537 0.74717 0.0318952 6.53939e-05 
0.413122 0.0609868 0.461308 0.0621574 0.00242614 
0.110287 0.0612706 0.774862 0.0442135 0.00936727 
0.220945 0.0764536 0.56539 0.136615 0.000596323 
0.24903 0.0712541 0.640379 0.0391442 0.000192568 
0.216898 0.0303862 0.720168 0.0324349 0.000113609 
0.358379 0.0958003 0.454314 0.0889487 0.00255791 
0.197463 0.0984915 0.569378 0.126765 0.00790257 
0.248261 0.17941 0.380864 0.0519923 0.139472 
0.0757712 0.0377318 0.848369 0.0301965 0.00793184 
0.192108 0.0777267 0.653148 0.0770004 1.67509e-05 
0.213346 0.15672 0.550343 0.0785917 0.000999287 
0.110287 0.0612706 0.774862 0.0442135 0.00936727 
0.206482 0.073799 0.664486 0.0537743 0.00145926 
0.234966 0.0712605 0.491171 0.20226 0.000342087 
0.226217 0.236971 0.393623 0.128913 0.0142769 
0.272236 0.193716 0.429933 0.104025 9.0155e-05 
0.25225 0.22776 0.410653 0.0962681 0.0130691 
0.293384 0.132044 0.453428 0.120913 0.000231038 
0.0192822 0.00460303 0.965328 0.00900856 0.00177838 
0.279465 0.0234925 0.592432 0.104543 6.63304e-05 
0.0162318 0.00308264 0.971368 0.00723501 0.00208252 
0.301221 0.258088 0.340672 0.0996588 0.000359618 
0.280644 0.120587 0.441638 0.157048 8.28417e-05 
0.163379 0.0194338 0.751739 0.0653839 6.42568e-05 
0.260508 0.085092 0.537546 0.115147 0.00170572 
0.257455 0.0569601 0.622021 0.0627974 0.000766693 
0.120093 0.0342844 0.64682 0.198726 7.6721e-05 
0.229977 0.095509 0.560651 0.113788 7.58068e-05 
0.176335 0.109196 0.564899 0.149527 4.35126e-05 
0.190339 0.0224133 0.632446 0.154593 0.000208017 
0.142763 0.0214846 0.616776 0.218783 0.000192759 
0.286481 0.102089 0.496251 0.108567 0.00661182 
0.0412917 0.0111583 0.608087 0.339378 8.55383e-05 
0.153701 0.0420268 0.691921 0.111719 0.000631899 
0.271731 0.0683549 0.488873 0.17092 0.000121628 
0.221794 0.0827434 0.67276 0.0220644 0.000637709 
0.130203 0.183881 0.581931 0.0858431 0.0181417 
0.0915706 0.0435573 0.687112 0.177729 3.05725e-05 
0.291497 0.166539 0.469959 0.0709861 0.00101887 
0.0441429 0.0131148 0.885491 0.0571901 6.12652e-05 
0.376295 0.0828757 0.440252 0.0985802 0.00199635 
0.0162318 0.00308264 0.971368 0.00723501 0.00208252 
0.144169 0.0936981 0.626169 0.0301006 0.105863 
0.0162318 0.00308264 0.971368 0.00723501 0.00208252 
0.30266 0.0729514 0.568197 0.0510828 0.00510927 
0.1033 0.142497 0.686876 0.0599001 0.00742634 
0.110287 0.0612706 0.774862 0.0442135 0.00936727 
0.148583 0.126591 0.660862 0.0639027 6.13883e-05 
0.224775 0.230328 0.367374 0.0479409 0.129582 
0.217202 0.0549097 0.653819 0.0735102 0.000559458 
0.318193 0.113856 0.491693 0.076158 9.99016e-05 
0.232952 0.140428 0.520465 0.097466 0.00868838 
0.104912 0.0629892 0.784036 0.0479717 9.09874e-05 
0.242694 0.0255054 0.469276 0.253093 0.00943126 
0.172827 0.0645404 0.465166 0.168097 0.129369 
0.316943 0.0501035 0.547438 0.0832273 0.00228764 
0.246228 0.124653 0.499509 0.0601485 0.0694618 
0.328346 0.0617172 0.55699 0.0528879 5.9076e-05 
0.432638 0.0618687 0.44083 0.0645955 6.7961e-05 
0.19598 0.0462292 0.672873 0.0842239 0.000694049 
0.240613 0.122242 0.345966 0.290711 0.000467607 
0.110287 0.0612706 0.774862 0.0442135 0.00936727 
0.133926 0.207052 0.615662 0.0263288 0.0170312 
0.110287 0.0612706 0.774862 0.0442135 0.00936727 
0.0192822 0.00460303 0.965328 0.00900856 0.00177838 
0.265534 0.335497 0.337064 0.0365804 0.0253252 
0.0445339 0.00290327 0.74267 0.20988 1.20318e-05 
0.234841 0.0283517 0.696902 0.0387 0.00120585 
0.316852 0.202777 0.357164 0.112406 0.0108013 
0.288127 0.0448896 0.655629 0.0113166 3.75847e-05 
0.145822 0.0113751 0.673487 0.127831 0.0414851 
0.135197 0.368238 0.413768 0.0736221 0.00917426 
0.0895159 0.0239994 0.632658 0.253824 1.96342e-06 
0.168602 0.151899 0.590948 0.0874962 0.00105533 
0.127366 0.372567 0.396026 0.0955494 0.00849243 
0.318303 0.0200372 0.57367 0.0879347 5.54647e-05 
0.127965 0.0841774 0.70552 0.0758764 0.00646171 
0.261624 0.112274 0.395862 0.228935 0.00130397 
0.0879649 0.0131596 0.793592 0.104543 0.000741225 
0.393121 0.0824762 0.452957 0.0679168 0.00352977 
0.10381 0.0337684 0.553357 0.309021 4.33842e-05 
0.120595 0.194247 0.413326 0.0982703 0.173562 
0.0192822 0.00460303 0.965328 0.00900856 0.00177838 
0.0079681 0.000174111 0.591242 0.400616 5.11035e-08 
0.221417 0.0588826 0.555559 0.1641 4.15347e-05 
0.227079 0.200329 0.495617 0.0637563 0.013219 
0.181218 0.0694986 0.672392 0.0532246 0.0236664 
0.081495 0.20436 0.578063 0.0675362 0.0685457 
0.295732 0.157421 0.436242 0.110499 0.000105584 
0.157156 0.0272434 0.64636 0.168537 0.000702761 
0.14087 0.254591 0.496017 0.0983211 0.0102011 
0.308868 0.0467216 0.553369 0.081968 0.00907354 
0.235363 0.105313 0.361116 0.29805 0.000157924 
0.186853 0.0608339 0.670016 0.0821933 0.000103402 
0.193944 0.177283 0.579665 0.0490823 2.50156e-05 
0.139128 0.0176905 0.818818 0.024357 6.75362e-06 
0.109478 0.0338783 0.713401 0.142863 0.000379998 
0.0162318 0.00308264 0.971368 0.00723501 0.00208252 
0.0525383 0.00917474 0.780351 0.157424 0.000511953 
0.301243 0.137584 0.454909 0.0607075 0.0455563 
0.0162318 0.00308264 0.971368 0.00723501 0.00208252 
0.178491 0.0823531 0.686454 0.0521102 0.000591737 
0.153496 0.236473 0.375856 0.0817162 0.152458 
0.331538 0.11691 0.463198 0.0810458 0.00730817 
0.130943 0.165197 0.637043 0.0618923 0.00492478 
0.177474 0.126277 0.624673 0.0706255 0.000950882 
0.197495 0.0895628 0.566525 0.145462 0.000955359 
0.0452729 0.0213178 0.774348 0.159056 5.4476e-06 
0.266152 0.0979315 0.535491 0.0918121 0.00861293 
0.125795 0.098178 0.714801 0.060465 0.000761244 
0.18095 0.312525 0.417625 0.0742582 0.0146421 
0.235597 0.113485 0.542351 0.107227 0.00134005 
0.341685 0.129267 0.425101 0.101233 0.0027146 
0.296674 0.1234 0.444705 0.133193 0.00202726 
0.172827 0.0645404 0.465166 0.168097 0.129369 
0.133525 0.109036 0.705768 0.0515508 0.000119393 
0.22789 0.258698 0.489829 0.0194685 0.004114 
0.233234 0.0372888 0.537994 0.190386 0.00109715 
0.13513 0.243853 0.472878 0.0652917 0.0828472 
0.0979394 0.0472517 0.579808 0.274928 7.25178e-05 
0.202502 0.232028 0.30949 0.253087 0.0028933 
0.110287 0.0612706 0.774862 0.0442135 0.00936727 
0.174431 0.0913659 0.663825 0.0442109 0.0261668 
0.110287 0.0612706 0.774862 0.0442135 0.00936727 
0.275371 0.267146 0.374169 0.0718591 0.0114546 
0.33541 0.0939248 0.401637 0.16879 0.000237936 
0.248863 0.111388 0.518079 0.121633 3.72543e-05 
0.0810731 0.0348246 0.857444 0.0265728 8.5705e-05 
0.197999 0.100067 0.568489 0.133398 4.65997e-05 
0.107052 0.0529113 0.718005 0.121958 7.33495e-05 
0.155891 0.203097 0.507991 0.120934 0.0120866 
0.248261 0.17941 0.380864 0.0519923 0.139472 
0.324221 0.280876 0.324367 0.0645807 0.00595512 
0.387871 0.0591492 0.403625 0.149052 0.000303642 
0.287605 0.20374 0.397198 0.104226 0.00723179 
0.142289 0.0925947 0.737078 0.0277116 0.000326998 
0.285137 0.183764 0.415323 0.109861 0.00591529 
0.141018 0.0930324 0.659746 0.106176 2.78694e-05 
0.110287 0.0612706 0.774862 0.0442135 0.00936727 
0.289792 0.197452 0.435595 0.0568714 0.02029 
0.0192822 0.00460303 0.965328 0.00900856 0.00177838 
0.182348 0.199499 0.462089 0.155339 0.000724633 
0.261746 0.0779833 0.505341 0.152831 0.00209868 
0.281174 0.200194 0.390759 0.123446 0.00442669 
0.110287 0.0612706 0.774862 0.0442135 0.00936727 
0.133525 0.109036 0.705768 0.0515508 0.000119393 
0.0192822 0.00460303 0.965328 0.00900856 0.00177838 
0.0991764 0.045293 0.682076 0.173224 0.000230408 
0.174322 0.105302 0.633343 0.0866373 0.000396736 
0.110287 0.0612706 0.774862 0.0442135 0.00936727 
0.331937 0.017132 0.585026 0.0653941 0.000510735 
0.181938 0.310619 0.452916 0.031285 0.0232421 
0.127931 0.217753 0.49681 0.15225 0.00525561 
0.235737 0.0787479 0.636401 0.0490821 3.23563e-05 
0.190974 0.0796639 0.614631 0.1133 0.00143071 
0.0162318 0.00308264 0.971368 0.00723501 0.00208252 
0.210189 0.193025 0.502272 0.0682789 0.0262353 
0.110287 0.0612706 0.774862 0.0442135 0.00936727 
0.359296 0.113049 0.433168 0.0944812 5.81863e-06 
0.322087 0.115485 0.469606 0.0856867 0.00713538 
0.164425 0.166664 0.39708 0.255415 0.0164159 
0.185587 0.179755 0.561464 0.0725143 0.000680177 
0.286112 0.206249 0.44355 0.0380318 0.0260566 
0.0162318 0.00308264 0.971368 0.00723501 0.00208252 
0.280887 0.0642309 0.569552 0.0796551 0.00567554 
0.413478 0.0877969 0.416711 0.0784626 0.00355222 
0.0192822 0.00460303 0.965328 0.00900856 0.00177838 
0.270177 0.0256278 0.522648 0.181504 4.22613e-05 
0.0840844 0.0366774 0.785186 0.0939809 7.08713e-05 
0.110287 0.0612706 0.774862 0.0442135 0.00936727 
0.316835 0.0594201 0.51594 0.106914 0.000890348 
0.254019 0.030872 0.530096 0.180446 0.00456669 
0.191846 0.335296 0.36016 0.104723 0.00797517 
0.319102 0.255793 0.360694 0.0607786 0.00363256 
0.289246 0.049184 0.618635 0.0423756 0.000559407 
0.378036 0.146196 0.389844 0.081398 0.00452583 
0.402802 0.0379383 0.524621 0.0343829 0.000255565 
0.110287 0.0612706 0.774862 0.0442135 0.00936727 
0.308314 0.272588 0.35359 0.0425659 0.022943 
0.275403 0.0589421 0.569287 0.0963442 2.38866e-05 
0.285201 0.249007 0.287722 0.177991 7.87899e-05 
0.225574 0.0556617 0.657776 0.0595119 0.00147595 
0.387192 0.0646016 0.4553 0.0924257 0.000481525 
0.254067 0.0333862 0.691443 0.0189163 0.0021876 
0.256285 0.0295331 0.675847 0.0382988 3.6116e-05 
0.400471 0.0666068 0.499143 0.0333651 0.000414209 
0.193471 0.115922 0.534209 0.155288 0.00111045 
0.163531 0.0284543 0.745002 0.0618976 0.00111546 
0.229604 0.145199 0.532463 0.0864889 0.00624549 
0.110287 0.0612706 0.774862 0.0442135 0.00936727 
0.0162318 0.00308264 0.971368 0.00723501 0.00208252 
0.286703 0.0332335 0.643174 0.0365333 0.00035597 
0.164007 0.10113 0.446521 0.28831 3.09616e-05 
0.136109 0.155974 0.559366 0.148277 0.000274119 
0.201996 0.0352493 0.611288 0.151366 9.96801e-05 
0.363147 0.0995276 0.461451 0.0653825 0.0104916 
0.411099 0.0140816 0.507359 0.0672577 0.000202449 
0.207381 0.106637 0.474078 0.211353 0.000551613 
0.216018 0.0436011 0.661512 0.0759857 0.00288252 
0.259009 0.0854378 0.469678 0.18099 0.00488565 
0.084487 0.0328369 0.788972 0.0936468 5.76288e-05 
0.168602 0.151899 0.590948 0.0874962 0.00105533 
0.212167 0.0450089 0.435498 0.307293 3.23562e-05 
0.210162 0.0644623 0.672893 0.049151 0.00333196 
0.0331615 0.0940473 0.578431 0.294299 6.09308e-05 
0.2135 0.312969 0.327507 0.145985 3.86747e-05 
0.15267 0.257937 0.50603 0.0762132 0.00715 
0.0192822 0.00460303 0.965328 0.00900856 0.00177838 
0.0162318 0.00308264 0.971368 0.00723501 0.00208252 
0.18773 0.0417949 0.599251 0.170738 0.000485845 
0.285489 0.12823 0.47915 0.0728659 0.0342647 
0.110287 0.0612706 0.774862 0.0442135 0.00936727 
0.391092 0.0254023 0.539563 0.0411644 0.00277789 
0.0192822 0.00460303 0.965328 0.00900856 0.00177838 
0.226884 0.171488 0.490651 0.110051 0.000925752 
0.174654 0.0877077 0.705179 0.0323221 0.000137158 
0.417652 0.0558741 0.420966 0.0970663 0.00844218 
0.0162318 0.00308264 0.971368 0.00723501 0.00208252 
0.233357 0.103876 0.532833 0.125448 0.00448551 
0.188677 0.0743321 0.602452 0.126137 0.00840217 
0.164462 0.0808031 0.659168 0.09507 0.000496863 
0.359902 0.0372129 0.480688 0.121302 0.000895434 
0.346715 0.109886 0.455768 0.0858154 0.00181531 
0.11613 0.0400072 0.656103 0.186697 0.00106345 
0.166537 0.037573 0.578721 0.216882 0.000287629 
0.31351 0.0366219 0.550437 0.0993181 0.0001126 
0.172827 0.0645404 0.465166 0.168097 0.129369 
0.110287 0.0612706 0.774862 0.0442135 0.00936727 
0.0162318 0.00308264 0.971368 0.00723501 0.00208252 
0.124371 0.0891819 0.725156 0.0500015 0.0112898 
0.393121 0.0824762 0.452957 0.0679168 0.00352977 
0.173478 0.202391 0.300767 0.0923831 0.23098 
0.254229 0.0440435 0.592715 0.108807 0.00020438 
0.177894 0.193267 0.380056 0.101018 0.147764 
0.290937 0.0514957 0.588129 0.0692049 0.000233982 
0.23409 0.0646408 0.472471 0.220143 0.0086552 
0.110287 0.0612706 0.774862 0.0442135 0.00936727 
0.199775 0.210705 0.476941 0.107749 0.00483078 
0.171114 0.102369 0.581068 0.14463 0.000819204 
0.309816 0.0790496 0.545578 0.0591425 0.00641391 
0.277189 0.0614344 0.588071 0.0729277 0.00037752 
0.110287 0.0612706 0.774862 0.0442135 0.00936727 
0.118546 0.185709 0.54083 0.129067 0.0258467 
0.133525 0.109036 0.705768 0.0515508 0.000119393 
0.185666 0.138389 0.53218 0.14361 0.000154685 
0.145711 0.0399118 0.726831 0.087324 0.000222648 
0.11524 0.0321496 0.732687 0.119773 0.000150308 
0.154845 0.0317908 0.762782 0.049932 0.000650153 
0.187835 0.112266 0.658759 0.0403269 0.000813857 
0.110287 0.0612706 0.774862 0.0442135 0.00936727 
0.267356 0.122161 0.534545 0.0746004 0.00133808 
0.133747 0.166204 0.620565 0.0784586 0.00102562 
0.333458 0.0216908 0.599821 0.0342947 0.0107355 
0.289194 0.300383 0.306473 0.097188 0.00676283 
0.325024 0.126627 0.510597 0.0376229 0.00012905 
0.0192822 0.00460303 0.965328 0.00900856 0.00177838 
0.0192822 0.00460303 0.965328 0.00900856 0.00177838 
0.317666 0.106167 0.503134 0.0727483 0.000283398 
0.205037 0.0538191 0.653837 0.0848145 0.00249264 
0.277551 0.0665498 0.439103 0.21469 0.00210644 
0.430547 0.041295 0.458429 0.0697164 1.3262e-05 
0.325886 0.0709181 0.508976 0.0935322 0.000687311 
0.339615 0.098142 0.492345 0.0583323 0.0115654 
0.378978 0.123599 0.461397 0.0327509 0.00327478 
0.0192822 0.00460303 0.965328 0.00900856 0.00177838 
0.21674 0.247962 0.4432 0.0778047 0.0142936 
0.250586 0.0495721 0.632769 0.0669644 0.000108414 
0.110287 0.0612706 0.774862 0.0442135 0.00936727 
0.261195 0.036227 0.654864 0.0465925 0.00112147 
0.294695 0.0304323 0.595577 0.0785583 0.000737554 
0.126029 0.0632853 0.684387 0.126102 0.000196724 
0.342871 0.126782 0.444514 0.0852348 0.000599099 
0.188245 0.302109 0.419771 0.0796793 0.0101957 
0.265082 0.0337658 0.538757 0.159979 0.00241601 
0.0479773 0.00677617 0.732009 0.210903 0.00233495 
0.305725 0.226043 0.360984 0.0821048 0.0251432 
0.228033 0.221324 0.453833 0.0675624 0.0292482 
0.14087 0.254591 0.496017 0.0983211 0.0102011 
0.246662 0.125137 0.573001 0.0497474 0.00545235 
0.203048 0.0318336 0.722478 0.0422949 0.000345003 
0.0726119 0.00993747 0.902249 0.0143852 0.000816459 
0.213804 0.0519668 0.443493 0.28884 0.00189652 
0.132937 0.0640723 0.618886 0.184024 8.07502e-05 
0.297639 0.275813 0.409271 0.00960692 0.00767008 
0.225409 0.0937152 0.608501 0.0717999 0.00057469 
0.383954 0.0281367 0.418112 0.169312 0.000486116 
0.338183 0.141906 0.419046 0.0985952 0.00227006 
0.229826 0.0325839 0.603433 0.134004 0.00015261 
0.133525 0.109036 0.705768 0.0515508 0.000119393 
0.201222 0.0428399 0.647009 0.105125 0.00380332 
0.327667 0.0344039 0.453426 0.182202 0.00230157 
0.259176 0.0902984 0.414399 0.206024 0.0301029 
0.259175 0.14815 0.543223 0.0384462 0.011005 
0.339051 0.169697 0.352316 0.138874 6.14132e-05 
0.110287 0.0612706 0.774862 0.0442135 0.00936727 
0.202487 0.09488 0.42124 0.280491 0.000901958 
0.111644 0.0449423 0.527124 0.316226 6.44973e-05 
0.0162318 0.00308264 0.971368 0.00723501 0.00208252 
0.270803 0.0506682 0.634059 0.0439482 0.000521853 
0.07247 0.0938071 0.815907 0.0178125 3.43047e-06 
0.146772 0.245557 0.501693 0.0956264 0.0103511 
0.0162318 0.00308264 0.971368 0.00723501 0.00208252 
0.179521 0.134095 0.57693 0.108418 0.00103651 
0.265862 0.141268 0.484611 0.108245 1.3226e-05 
0.167986 0.253489 0.558413 0.0200613 5.09357e-05 
0.110287 0.0612706 0.774862 0.0442135 0.00936727 
0.0916922 0.22145 0.592349 0.0878674 0.00664121 
0.0162318 0.00308264 0.971368 0.00723501 0.00208252 
0.215557 0.0790302 0.633836 0.0690237 0.00255292 
0.33277 0.105316 0.41711 0.14392 0.000884415 
0.346835 0.0985628 0.358147 0.19579 0.000665392 
0.110287 0.0612706 0.774862 0.0442135 0.00936727 
0.368577 0.0479 0.507002 0.0761997 0.000321503 
0.196795 0.135468 0.50425 0.163431 5.53038e-05 
0.0192822 0.00460303 0.965328 0.00900856 0.00177838 
0.183596 0.127773 0.535819 0.152554 0.00025834 
0.326937 0.121108 0.423631 0.127322 0.00100206 
0.110287 0.0612706 0.774862 0.0442135 0.00936727 
0.304153 0.243112 0.399248 0.0485781 0.00490864 
0.142035 0.365845 0.398444 0.0466353 0.0470404 
0.0162318 0.00308264 0.971368 0.00723501 0.00208252 
0.131833 0.118676 0.540809 0.207979 0.000702842 
0.224875 0.347113 0.386538 0.0346275 0.00684616 
0.210703 0.156402 0.585986 0.0377206 0.0091877 
0.115864 0.238557 0.473424 0.1519 0.0202554 
0.335437 0.0434688 0.492797 0.124072 0.00422623 
0.19361 0.0215157 0.633304 0.151527 4.34148e-05 
0.0790912 0.154083 0.697761 0.068399 0.000666068 
0.226918 0.0992395 0.54658 0.126982 0.000280731 
0.230183 0.0355702 0.666243 0.0657236 0.00227981 
0.330525 0.114477 0.503206 0.0497922 0.00199992 
0.36614 0.0589176 0.456278 0.118645 1.96578e-05 
0.373409 0.0708581 0.506196 0.0451943 0.00434251 
0.110287 0.0612706 0.774862 0.0442135 0.00936727 
0.238711 0.199492 0.465984 0.0761519 0.0196602 
0.29329 0.047441 0.589571 0.0676321 0.00206607 
0.231424 0.248701 0.329421 0.154113 0.036341 
0.379947 0.0471989 0.443273 0.116493 0.0130875 
0.225733 0.0499255 0.637249 0.0870089 8.3882e-05 
0.283568 0.10053 0.551264 0.063717 0.00092082 
0.241029 0.140893 0.553379 0.0590459 0.00565287 
0.176136 0.077202 0.4149 0.331489 0.000272532 
0.246699 0.0792294 0.557396 0.114298 0.00237783 
0.370999 0.0726503 0.467881 0.0880964 0.00037302 
0.346604 0.0556563 0.520383 0.0723969 0.00495965 
0.216842 0.11494 0.549854 0.118309 5.5875e-05 
0.141207 0.0667846 0.494362 0.297636 1.04565e-05 
0.239691 0.0531186 0.559925 0.142476 0.00478935 
0.207718 0.0408253 0.666299 0.0845603 0.000597442 
0.210914 0.0551954 0.663739 0.0699162 0.000235816 
0.359872 0.0620124 0.506456 0.0679623 0.00369802 
0.367293 0.0544931 0.369118 0.20838 0.00071652 
0.257366 0.0886252 0.480434 0.173523 5.17927e-05 
0.0192822 0.00460303 0.965328 0.00900856 0.00177838 
0.303222 0.173722 0.345428 0.169753 0.00787519 
0.191736 0.220496 0.523908 0.0624855 0.00137552 
0.0818072 0.2095 0.584474 0.117921 0.00629704 
0.289283 0.0986857 0.445343 0.166052 0.000635951 
0.0654765 0.0216793 0.767686 0.144059 0.00109902 
0.369435 0.109707 0.474548 0.0459802 0.000329403 
0.110287 0.0612706 0.774862 0.0442135 0.00936727 
0.174431 0.0913659 0.663825 0.0442109 0.0261668 
0.250246 0.262527 0.403114 0.0709813 0.0131318 
0.271206 0.273341 0.397997 0.0383565 0.0190993 
0.0331305 0.0252814 0.931175 0.00960024 0.000813353 
0.19184 0.151186 0.607164 0.04896 0.000850007 
0.207442 0.065196 0.615949 0.111067 0.000345888 
0.110287 0.0612706 0.774862 0.0442135 0.00936727 
0.25945 0.0317471 0.565153 0.142776 0.00087467 
0.425709 0.0536095 0.502292 0.0182801 0.000109302 
0.243647 0.0678058 0.54994 0.135271 0.00333577 
0.363147 0.0995276 0.461451 0.0653825 0.0104916 
0.214061 0.299375 0.334355 0.145292 0.00691779 
0.334896 0.0657632 0.536391 0.0625415 0.000408236 
0.0512507 0.276489 0.589473 0.00909636 0.0736905 
0.295499 0.0529388 0.587117 0.0600702 0.00437457 
0.135287 0.102624 0.668536 0.0307152 0.062838 
0.110287 0.0612706 0.774862 0.0442135 0.00936727 
0.358511 0.150145 0.395063 0.0852519 0.0110295 
0.387548 0.0671276 0.451406 0.0938495 6.95031e-05 
0.291227 0.133156 0.401924 0.151748 0.0219454 
0.307187 0.170394 0.392823 0.103838 0.0257578 
0.28019 0.216888 0.363003 0.0946718 0.0452476 
0.211135 0.231489 0.463012 0.0865997 0.00776498 
0.234263 0.215317 0.476637 0.0735932 0.00019004 
0.393814 0.10197 0.417373 0.0810971 0.0057457 
0.110287 0.0612706 0.774862 0.0442135 0.00936727 
0.236546 0.10339 0.552408 0.102191 0.00546419 
0.0162318 0.00308264 0.971368 0.00723501 0.00208252 
0.109764 0.056189 0.770113 0.0637941 0.000140438 
0.181218 0.0694986 0.672392 0.0532246 0.0236664 
0.276179 0.0712041 0.533172 0.114455 0.00498952 
0.164851 0.0405018 0.731187 0.0634238 3.63945e-05 
0.181218 0.0694986 0.672392 0.0532246 0.0236664 
0.110287 0.0612706 0.774862 0.0442135 0.00936727 
0.172827 0.0645404 0.465166 0.168097 0.129369 
0.373639 0.04499 0.389359 0.191902 0.000109153 
0.181984 0.227954 0.495426 0.0886308 0.00600544 
0.168189 0.135677 0.615453 0.0796641 0.00101668 
0.133837 0.0408293 0.427903 0.397219 0.000212578 
2.73192e-05 0.0573963 0.857838 0.0355418 0.0491965 
0.148144 0.0542499 0.725032 0.072532 4.19662e-05 
0.12386 0.343421 0.477775 0.0357644 0.0191804 
0.233824 0.0650089 0.550012 0.15111 4.49872e-05 
0.0192822 0.00460303 0.965328 0.00900856 0.00177838 
0.278769 0.0491716 0.607233 0.0646181 0.00020898 
0.177037 0.297302 0.485394 0.0190192 0.0212481 
0.29739 0.0607354 0.498988 0.142856 3.0232e-05 
0.0918962 0.0292041 0.851352 0.0274578 8.9755e-05 
0.304163 0.157355 0.356719 0.174342 0.00742174 
0.306503 0.111251 0.475434 0.0964354 0.0103756 
0.205966 0.093199 0.582164 0.105426 0.0132446 
0.190049 0.152352 0.598463 0.0468138 0.0123221 
0.28529 0.297924 0.347232 0.0519327 0.0176216 
0.0916922 0.22145 0.592349 0.0878674 0.00664121 
0.291388 0.0529817 0.450949 0.197851 0.0068307 
0.314256 0.00592666 0.609333 0.0704671 1.76797e-05 
0.369908 0.0675193 0.527965 0.0292919 0.00531562 
0.236114 0.060917 0.463461 0.23948 2.70723e-05 
0.347684 0.0498718 0.50105 0.101339 5.56007e-05 
0.127395 0.0277046 0.548981 0.295797 0.000122499 
0.181218 0.0694986 0.672392 0.0532246 0.0236664 
0.26072 0.107327 0.575788 0.0560671 9.6719e-05 
0.157282 0.159598 0.563255 0.119501 0.000364154 
0.141667 0.366448 0.411514 0.0654579 0.0149127 
0.296479 0.0453505 0.624375 0.0337113 8.40366e-05 
0.161869 0.0696606 0.627377 0.140957 0.000136064 
0.211951 0.227382 0.494744 0.0557607 0.0101628 
0.110287 0.0612706 0.774862 0.0442135 0.00936727 
0.279604 0.0945896 0.483893 0.140674 0.00123904 
0.285459 0.177816 0.371271 0.140443 0.0250113 
0.24073 0.0448382 0.654609 0.0570136 0.00280839 
0.223429 0.138232 0.55587 0.0777482 0.00472089 
0.383911 0.163647 0.398424 0.0508664 0.0031522 
0.0192822 0.00460303 0.965328 0.00900856 0.00177838 
0.31202 0.118379 0.497809 0.064562 0.00722985 
0.0192822 0.00460303 0.965328 0.00900856 0.00177838 
0.0700196 0.0500584 0.607777 0.271537 0.000608324 
0.391092 0.0254023 0.539563 0.0411644 0.00277789 
0.394768 0.0386192 0.507996 0.0585641 5.29821e-05 
0.135725 0.30123 0.456873 0.0488199 0.0573525 
0.267356 0.122161 0.534545 0.0746004 0.00133808 
0.20905 0.238448 0.450149 0.102227 0.000126575 
0.307902 0.249348 0.378826 0.0634624 0.00046159 
0.271203 0.209027 0.467189 0.0506334 0.00194716 
0.236591 0.0762855 0.595813 0.0911766 0.00013393 
0.110287 0.0612706 0.774862 0.0442135 0.00936727 
0.119408 0.0215889 0.804631 0.0386665 0.0157059 
0.342462 0.0546903 0.399939 0.202835 7.35972e-05 
0.172065 0.208711 0.565964 0.0499485 0.00331167 
0.325269 0.161849 0.388836 0.11751 0.006536 
0.172827 0.0645404 0.465166 0.168097 0.129369 
0.172956 0.107661 0.667712 0.0420708 0.00960008 
0.121215 0.145931 0.691346 0.041396 0.000111974 
0.315545 0.0609912 0.340027 0.283411 2.64051e-05 
0.349454 0.0123615 0.580103 0.0580561 2.5661e-05 
0.220502 0.211138 0.52362 0.0419036 0.00283769 
0.181218 0.0694986 0.672392 0.0532246 0.0236664 
0.174035 0.0536547 0.709153 0.0630634 9.42415e-05 
0.209796 0.0703229 0.62939 0.0893717 0.00111929 
0.321818 0.0875485 0.325292 0.264463 0.000878921 
0.250125 0.0932041 0.573156 0.0834656 4.95519e-05 
0.399071 0.0450145 0.48308 0.0707532 0.00208135 
0.135287 0.102624 0.668536 0.0307152 0.062838 
0.228033 0.221324 0.453833 0.0675624 0.0292482 
0.276594 0.0518822 0.644103 0.0273821 3.79803e-05 
0.214703 0.153682 0.57509 0.0513273 0.00519786 
0.0162318 0.00308264 0.971368 0.00723501 0.00208252 
0.0192822 0.00460303 0.965328 0.00900856 0.00177838 
0.0669241 0.0343552 0.858226 0.0344833 0.00601149 
0.238892 0.234488 0.433375 0.0930429 0.000201236 
0.0192822 0.00460303 0.965328 0.00900856 0.00177838 
0.205493 0.0770426 0.56982 0.147566 7.80787e-05 
0.212761 0.276256 0.321812 0.183213 0.00595787 
0.203727 0.203439 0.473763 0.112611 0.00645957 
0.1395 0.0141191 0.822708 0.0220155 0.00165797 
0.133525 0.109036 0.705768 0.0515508 0.000119393 
0.347287 0.0861268 0.452677 0.113758 0.000151655 
0.28529 0.297924 0.347232 0.0519327 0.0176216 
0.404155 0.0211663 0.456292 0.116359 0.00202791 
0.0943835 0.0272166 0.859286 0.00699323 0.0121208 
0.273481 0.068196 0.589826 0.0653534 0.00314425 
0.287459 0.286344 0.369546 0.0513518 0.00529845 
0.135725 0.30123 0.456873 0.0488199 0.0573525 
0.294941 0.0590406 0.478156 0.167333 0.000529043 
0.32577 0.108257 0.448557 0.113697 0.0037203 
0.0162318 0.00308264 0.971368 0.00723501 0.00208252 
0.110287 0.0612706 0.774862 0.0442135 0.00936727 
0.228033 0.221324 0.453833 0.0675624 0.0292482 
0.197736 0.176658 0.516515 0.102429 0.00666098 
0.189564 0.239284 0.489352 0.0788404 0.00296022 
0.217126 0.0739714 0.586562 0.122284 5.70794e-05 
0.177448 0.234539 0.441446 0.137896 0.00867122 
0.285772 0.112794 0.359617 0.240508 0.00130964 
0.213724 0.0225887 0.636918 0.124585 0.00218426 
0.181551 0.191815 0.400648 0.211521 0.0144648 
0.364128 0.0425267 0.550432 0.0428871 2.66444e-05 
0.373554 0.126384 0.386915 0.107506 0.00564052 
0.106507 0.148718 0.567551 0.170042 0.00718118 
0.247642 0.0515956 0.629659 0.0697375 0.00136586 
0.347122 0.0915455 0.495567 0.0644974 0.00126886 
0.151685 0.0113617 0.735202 0.101288 0.000462844 
0.338956 0.0867962 0.486417 0.0696727 0.018158 
0.125342 0.110201 0.733655 0.0291116 0.00169109 
0.302816 0.0750831 0.523575 0.0982914 0.000234292 
0.329736 0.0638738 0.509404 0.0968163 0.000169773 
0.0993537 0.170366 0.647517 0.082389 0.000373621 
0.260831 0.0623129 0.357212 0.31959 5.40082e-05 
0.179371 0.200357 0.501753 0.101346 0.0171738 
0.120595 0.194247 0.413326 0.0982703 0.173562 
0.0192822 0.00460303 0.965328 0.00900856 0.00177838 
0.272127 0.141679 0.445066 0.115934 0.0251935 
0.131806 0.0499781 0.77241 0.0448457 0.00095951 
0.33274 0.0500473 0.542402 0.0566399 0.0181704 
0.217015 0.328144 0.366461 0.0798568 0.00852377 
0.377787 0.123696 0.404304 0.0854035 0.0088097 
0.187285 0.0796972 0.660809 0.0721535 5.50999e-05 
0.373836 0.0263447 0.467013 0.132526 0.000279134 
0.197463 0.0984915 0.569378 0.126765 0.00790257 
0.110287 0.0612706 0.774862 0.0442135 0.00936727 
0.110287 0.0612706 0.774862 0.0442135 0.00936727 
0.146577 0.163128 0.514164 0.175756 0.000374265 
0.283055 0.0867343 0.529669 0.09688 0.00366184 
0.177096 0.0286917 0.626134 0.168037 4.12223e-05 
0.285375 0.0539615 0.466584 0.194036 4.34766e-05 
0.219857 0.0921543 0.644498 0.0413037 0.0021868 
0.206284 0.0393838 0.536181 0.218115 3.63222e-05 
0.387281 0.0590616 0.457428 0.0939684 0.00226028 
0.226386 0.257849 0.422937 0.0551657 0.0376623 
0.278328 0.0272221 0.401517 0.292295 0.000638009 
0.260858 0.039552 0.658152 0.0413844 5.36976e-05 
0.107378 0.0184416 0.79188 0.0817844 0.000516318 
0.350921 0.090183 0.508398 0.0385013 0.0119971 
0.386663 0.120204 0.419622 0.0734951 1.52197e-05 
0.365147 0.0669857 0.402875 0.160667 0.00432458 
0.110287 0.0612706 0.774862 0.0442135 0.00936727 
0.141238 0.0314051 0.795401 0.0318224 0.000133678 
0.32986 0.167624 0.440145 0.0609225 0.00144845 
0.3718 0.0508127 0.497444 0.0657417 0.0142012 
0.232316 0.109471 0.484613 0.173571 2.9096e-05 
0.0943835 0.0272166 0.859286 0.00699323 0.0121208 
0.161841 0.0669192 0.673747 0.0947757 0.00271727 
0.145689 0.0543235 0.703422 0.0964325 0.000133085 
0.191736 0.220496 0.523908 0.0624855 0.00137552 
0.241029 0.140893 0.553379 0.0590459 0.00565287 
0.267356 0.122161 0.534545 0.0746004 0.00133808 
0.0162318 0.00308264 0.971368 0.00723501 0.00208252 
0.252916 0.0525202 0.529201 0.162773 0.00258967 
0.255651 0.210531 0.495259 0.0380853 0.000473093 
0.120595 0.194247 0.413326 0.0982703 0.173562 
0.372884 0.0225919 0.59045 0.0140331 4.10645e-05 
0.314919 0.0891058 0.452336 0.143131 0.000507384 
0.236676 0.0630791 0.596264 0.101657 0.00232396 
0.352143 0.232377 0.369731 0.042383 0.00336645 
0.324779 0.133573 0.460627 0.0808997 0.000121573 
0.333729 0.19492 0.402681 0.0611767 0.00749303 
0.194849 0.058461 0.535309 0.210999 0.000381946 
0.11846 0.111826 0.680245 0.0875185 0.00195078 
0.180169 0.045271 0.659354 0.114874 0.000332273 
0.260608 0.107906 0.444124 0.187211 0.000151216 
0.191005 0.357669 0.437977 0.012636 0.000712239 
0.0951285 0.196538 0.581553 0.119284 0.00749641 
0.0192822 0.00460303 0.965328 0.00900856 0.00177838 
0.247604 0.199313 0.421862 0.077674 0.0535481 
0.200444 0.18208 0.525697 0.0881535 0.0036258 
0.333523 0.00855725 0.543887 0.114027 5.7005e-06 
0.309151 0.0668427 0.551445 0.0682077 0.00435342 
0.197463 0.0984915 0.569378 0.126765 0.00790257 
0.280722 0.0712554 0.577124 0.0698083 0.00109063 
0.320807 0.0685573 0.534262 0.075977 0.000396492 
0.0192822 0.00460303 0.965328 0.00900856 0.00177838 
0.110287 0.0612706 0.774862 0.0442135 0.00936727 
0.326343 0.0163575 0.555827 0.0964742 0.00499781 
0.287907 0.052038 0.625597 0.0337711 0.000687587 
0.248637 0.142681 0.424432 0.035297 0.148954 
0.106996 0.0474333 0.742614 0.102932 2.46578e-05 
0.288261 0.12799 0.439869 0.143304 0.000575514 
0.242532 0.0454686 0.627193 0.0797114 0.00509547 
0.175951 0.0543569 0.60945 0.159308 0.000933997 
0.134602 0.0844062 0.543237 0.237577 0.000177301 
0.128402 0.104393 0.694226 0.0716268 0.00135189 
0.162315 0.166373 0.590589 0.0748609 0.0058626 
0.281264 0.286255 0.300202 0.0396886 0.0925896 
0.45632 0.00993264 0.466711 0.0670245 1.16622e-05 
0.178154 0.0651917 0.676079 0.0804907 8.49314e-05 
0.186752 0.0347734 0.640869 0.13739 0.000215695 
0.333192 0.104489 0.501303 0.0476622 0.0133541 
0.135287 0.102624 0.668536 0.0307152 0.062838 
0.272034 0.117234 0.45204 0.153996 0.00469604 
0.194748 0.0880567 0.608629 0.10502 0.00354635 
0.18305 0.0451234 0.513368 0.253568 0.00489116 
0.0162318 0.00308264 0.971368 0.00723501 0.00208252 
0.317046 0.0857167 0.480194 0.116545 0.000497808 
0.303029 0.0840823 0.513759 0.0981876 0.000942339 
0.199086 0.0222057 0.732692 0.0456535 0.000362188 
0.201689 0.0624664 0.658991 0.0762151 0.000637583 
0.333491 0.156211 0.429961 0.0788823 0.00145504 
0.225507 0.0143379 0.678215 0.0819169 2.39309e-05 
0.198936 0.0515494 0.673639 0.0754924 0.000383464 
0.264839 0.225244 0.386169 0.121253 0.00249483 
0.216345 0.283046 0.446366 0.0181992 0.0360447 
0.209486 0.113035 0.587531 0.089481 0.000465664 
0.314102 0.0560053 0.51115 0.116723 0.00201984 
0.260412 0.27853 0.383875 0.0439526 0.0332303 
0.387905 0.0413524 0.523654 0.046572 0.000516728 
0.0162318 0.00308264 0.971368 0.00723501 0.00208252 
0.286234 0.00924617 0.665086 0.0394109 2.31519e-05 
0.161704 0.0819913 0.580157 0.17561 0.000537688 
0.197463 0.0984915 0.569378 0.126765 0.00790257 
0.156817 0.243977 0.407693 0.147637 0.0438774 
0.392633 0.106027 0.423943 0.0705068 0.00688966 
0.306198 0.0434194 0.57999 0.0677619 0.00263055 
0.088079 0.0220086 0.867634 0.019737 0.00254187 
0.0192822 0.00460303 0.965328 0.00900856 0.00177838 
0.0901099 0.372124 0.488388 0.0404844 0.00889358 
0.0162318 0.00308264 0.971368 0.00723501 0.00208252 
0.23722 0.0988847 0.642265 0.0202327 0.00139824 
0.2819 0.0669266 0.434911 0.215741 0.000520991 
0.0192822 0.00460303 0.965328 0.00900856 0.00177838 
0.207481 0.0625999 0.611289 0.116196 0.00243401 
0.290344 0.0675627 0.559358 0.0827031 3.2817e-05 
0.266057 0.0210921 0.584976 0.12773 0.000144849 
0.231766 0.0688123 0.571939 0.125602 0.00188099 
0.238961 0.106556 0.563328 0.0907033 0.00045135 
0.347496 0.0975304 0.421163 0.126981 0.00682984 
0.336496 0.227883 0.355349 0.0689836 0.0112882 
0.0162318 0.00308264 0.971368 0.00723501 0.00208252 
0.207236 0.212812 0.515007 0.0392556 0.0256892 
0.283628 0.105686 0.485073 0.088284 0.0373288 
0.152574 0.0253133 0.778035 0.0413667 0.00271092 
0.110287 0.0612706 0.774862 0.0442135 0.00936727 
0.124408 0.047859 0.428471 0.0244701 0.374792 
0.077277 0.0496252 0.825369 0.0477257 3.49522e-06 
0.133525 0.109036 0.705768 0.0515508 0.000119393 
0.175295 0.269106 0.465257 0.0848789 0.00546228 
0.137337 0.0246919 0.791136 0.0468299 4.92875e-06 
0.280877 0.0287282 0.613495 0.0743263 0.00257347 
0.231353 0.0601815 0.664554 0.0436998 0.000211203 
0.0192822 0.00460303 0.965328 0.00900856 0.00177838 
0.191114 0.0260317 0.66016 0.122146 0.000547232 
0.133525 0.109036 0.705768 0.0515508 0.000119393 
0.31827 0.0730726 0.369563 0.236589 0.00250586 
0.1024 0.0523397 0.453448 0.0344501 0.357362 
0.21566 0.0862887 0.591154 0.104892 0.00200515 
0.372441 0.0728912 0.436418 0.115016 0.0032339 
0.284061 0.0216136 0.576904 0.117292 0.000129653 
0.135287 0.102624 0.668536 0.0307152 0.062838 
0.110287 0.0612706 0.774862 0.0442135 0.00936727 
0.262531 0.126066 0.486201 0.122968 0.00223363 
0.0943835 0.0272166 0.859286 0.00699323 0.0121208 
0.295459 0.0521063 0.375787 0.276095 0.000551973 
0.100753 0.0807491 0.653953 0.163231 0.00131387 
0.346038 0.09626 0.454098 0.103432 0.000171481 
0.135287 0.102624 0.668536 0.0307152 0.062838 
0.186531 0.296668 0.434364 0.0722972 0.0101392 
0.167815 0.153997 0.571445 0.105696 0.00104693 
0.221719 0.0544394 0.564187 0.159555 9.99205e-05 
0.388949 0.10418 0.464161 0.0426845 2.53618e-05 
0.0192822 0.00460303 0.965328 0.00900856 0.00177838 
0.181218 0.0694986 0.672392 0.0532246 0.0236664 
0.286802 0.13535 0.436785 0.13992 0.00114249 
0.242165 0.121369 0.537252 0.0984062 0.000807872 
0.174118 0.0709917 0.566964 0.184181 0.00374548 
0.211443 0.0654855 0.632897 0.0795542 0.0106205 
0.198351 0.0858002 0.64098 0.0747467 0.000122544 
0.300558 0.125541 0.521139 0.0523978 0.000364006 
