0.216392 0.0307412 0.604001 0.00501165 0.143853 
0.451652 0.013526 0.511149 0.00072619 0.0229471 
0.24502 0.00998359 0.696656 0.000409842 0.0479301 
0.0742597 0.390582 0.49318 4.4939e-05 0.0419327 
0.209666 0.00897107 0.732964 0.0136664 0.0347325 
0.338086 0.265257 0.34807 0.00124271 0.0473439 
0.0735331 0.000190214 0.894432 0.000114004 0.0317309 
0.210721 0.0479238 0.721944 0.000393135 0.0190177 
0.343862 0.0523605 0.479952 0.000378012 0.123448 
0.180114 0.103455 0.472894 0.0229081 0.220629 
0.148512 0.060286 0.761247 0.00117968 0.0287748 
0.31789 0.0405012 0.34955 0.00879558 0.283263 
0.244959 0.0162282 0.653565 6.01087e-06 0.0852427 
0.12833 0.0148304 0.729958 0.00135497 0.125527 
0.314919 0.0979682 0.547077 0.000322418 0.0397134 
0.278703 0.124641 0.460057 0.000573675 0.136026 
0.175357 0.0948924 0.36702 0.0415889 0.321142 
0.274112 0.0821126 0.617833 0.00030219 0.0256406 
0.184814 0.19341 0.448073 0.0052211 0.168482 
0.124468 0.132244 0.598094 0.017221 0.127973 
0.200764 0.142572 0.543592 5.28826e-05 0.11302 
0.0944457 0.137773 0.699207 8.24577e-05 0.0684917 
0.300789 0.0779275 0.424334 0.0125616 0.184388 
0.359024 0.0929755 0.530998 0.000671421 0.0163312 
0.370603 0.135098 0.396645 0.00030221 0.0973513 
0.0329712 0.0118209 0.949017 0.000540616 0.00565023 
0.320745 0.0325482 0.58326 1.54432e-06 0.0634459 
0.0557502 0.269664 0.663187 1.095e-05 0.011387 
0.239652 0.0852734 0.618359 0.0125217 0.0441935 
0.118592 0.00914406 0.837436 0.000633302 0.0341948 
0.119702 0.025838 0.762126 0.00547463 0.0868596 
0.0479198 0.0656473 0.850876 0.00204085 0.0335159 
0.172754 0.03899 0.62814 0.000211283 0.159905 
0.246063 0.225381 0.51464 0.00097045 0.012946 
0.177711 0.118738 0.695193 0.000168762 0.0081891 
0.139131 0.0358157 0.633131 0.0192182 0.172704 
0.12833 0.0148304 0.729958 0.00135497 0.125527 
0.214876 0.0882804 0.606676 0.00687451 0.0832933 
0.454078 0.0335352 0.457691 0.000683942 0.0540117 
0.105827 0.0893994 0.797292 0.00124103 0.00624072 
0.356116 0.0482349 0.363114 0.000235476 0.232299 
0.251075 0.126107 0.594905 0.00124411 0.0266694 
0.283342 0.145392 0.477756 0.0139319 0.0795776 
0.29921 0.0550137 0.361183 0.0108277 0.273766 
0.298792 0.0680839 0.323892 0.00957724 0.299655 
0.0338474 0.0297255 0.914461 8.28685e-06 0.0219576 
0.106155 0.00319313 0.533505 0.0099451 0.347202 
0.300692 0.050879 0.602682 0.000482044 0.0452647 
0.15677 0.0475437 0.74948 0.0313493 0.0148572 
0.101887 0.0671686 0.799769 0.00375577 0.027419 
0.237741 0.314353 0.43796 0.000280855 0.00966537 
0.103901 0.202577 0.565379 0.000383659 0.12776 
0.085244 0.0569313 0.793657 0.0086615 0.0555059 
0.0398277 0.396276 0.524845 0.000233601 0.0388177 
0.125204 0.0249357 0.556928 0.00118365 0.291749 
0.37815 0.0641256 0.516777 0.0169901 0.0239563 
0.391041 0.140045 0.46719 0.000424097 0.0012989 
0.360886 0.084001 0.497783 0.0157996 0.0415307 
0.335947 0.130113 0.483395 0.00501049 0.0455349 
0.310036 0.25674 0.383089 0.000677132 0.0494581 
0.2019 0.101171 0.649772 0.000182335 0.0469753 
0.0404294 0.014232 0.930114 2.20398e-05 0.0152024 
0.0443544 0.0119422 0.888878 0.0126821 0.0421434 
0.0561659 0.0484481 0.711842 0.000440511 0.183104 
0.269901 0.145504 0.478795 0.000345777 0.105454 
0.332156 0.119089 0.436099 0.00294826 0.109708 
0.181191 0.0126858 0.753307 2.75878e-05 0.0527878 
0.239847 0.356456 0.377427 3.18946e-06 0.0262661 
0.0838359 0.0361329 0.825182 0.020102 0.0347475 
0.206948 0.153007 0.628578 0.000228934 0.0112374 
0.32077 0.0389434 0.440404 0.0037603 0.196123 
0.144903 0.0201131 0.818263 0.000248914 0.0164721 
0.299969 0.136942 0.541961 0.000536526 0.0205914 
0.117057 0.147244 0.661581 0.000296965 0.073821 
0.221419 0.035993 0.462403 0.0585028 0.221682 
0.201047 0.114775 0.556455 0.000297527 0.127425 
0.327336 0.178452 0.477236 7.51608e-05 0.0169014 
0.16094 0.315315 0.4067 0.0140032 0.103042 
0.208745 0.0398834 0.724826 0.000176048 0.0263697 
0.324626 0.214638 0.436503 0.000317327 0.023916 
0.332686 0.104284 0.5333 0.000779803 0.0289504 
0.312929 0.0526718 0.483804 0.0037819 0.146813 
0.225786 0.0827558 0.476642 0.00308411 0.211732 
0.349464 0.135999 0.504866 0.00023436 0.00943623 
0.296685 0.139433 0.473481 0.0263743 0.0640261 
0.297187 0.0600562 0.595584 4.1177e-05 0.047132 
0.0443544 0.0119422 0.888878 0.0126821 0.0421434 
0.234385 0.0410551 0.480702 0.0120847 0.231773 
0.375961 0.095157 0.423687 0.00760256 0.0975927 
0.281074 0.0215942 0.617536 0.018744 0.0610525 
0.153296 0.248058 0.569541 0.000179111 0.028926 
0.231564 0.0376873 0.379039 0.012908 0.338802 
0.221413 0.0411877 0.664979 0.000159961 0.0722609 
0.202913 0.078629 0.570613 0.0988104 0.0490352 
0.38768 0.0472148 0.53029 0.000383287 0.0344318 
0.0443544 0.0119422 0.888878 0.0126821 0.0421434 
0.0745682 0.177307 0.65307 0.000725401 0.0943295 
0.180884 0.0881818 0.381503 0.0253271 0.324104 
0.221787 0.0229548 0.730412 0.000704904 0.0241421 
0.128926 0.00632861 0.767435 0.000696508 0.0966136 
0.151809 0.152122 0.631962 0.00420468 0.0599019 
0.247545 0.225817 0.402487 4.3503e-05 0.124108 
0.2859 0.121342 0.470092 0.00539882 0.117267 
0.166314 0.245039 0.581243 0.00113693 0.00626669 
0.132382 0.0223294 0.826342 3.42657e-05 0.0189131 
0.133956 0.16861 0.610626 0.00274412 0.0840641 
0.416108 0.0532625 0.506848 0.000149955 0.0236318 
0.146292 0.0167782 0.687773 0.000291392 0.148865 
0.123292 0.0781312 0.754778 1.20924e-05 0.0437859 
0.0417233 0.0274488 0.918171 0.00118574 0.0114709 
0.336799 0.0968784 0.431909 0.0344114 0.100002 
0.144431 0.0581269 0.671959 6.32876e-05 0.12542 
0.0691312 0.0496583 0.873596 0.000134816 0.00747973 
0.301769 0.0631735 0.527398 0.000339824 0.107319 
0.40868 0.0913706 0.422839 0.0142273 0.0628831 
0.211903 0.000704524 0.783651 9.47049e-05 0.0036474 
0.119188 0.0350292 0.580019 0.0166163 0.249148 
0.203672 0.18541 0.608094 1.06208e-05 0.00281374 
0.152884 0.0116645 0.829742 2.69955e-06 0.00570683 
0.208068 0.0802634 0.596158 0.000196695 0.115313 
0.0547201 0.00717757 0.9322 0.00504838 0.000854241 
0.0116152 0.117939 0.7519 1.06784e-06 0.118545 
0.168134 0.0563473 0.767586 0.00385937 0.00407317 
0.0502693 0.0247754 0.920616 0.000109006 0.00423006 
0.0731055 0.451568 0.46845 1.44327e-05 0.00686276 
0.000291214 0.024461 0.975241 4.9737e-06 2.03968e-06 
0.323007 0.117568 0.477792 0.0348565 0.046776 
0.323862 0.185732 0.467308 0.000140104 0.0229577 
0.131821 0.0229706 0.818994 0.000689554 0.0255246 
0.0976872 0.0906722 0.758592 0.00164963 0.0513988 
0.213053 0.106161 0.514031 0.000491735 0.166263 
0.106155 0.00319313 0.533505 0.0099451 0.347202 
0.0856301 0.0302266 0.863172 0.00077427 0.0201975 
0.296832 0.0594089 0.635094 0.000802762 0.00786292 
0.0738807 0.201505 0.682196 0.000234239 0.0421841 
0.334758 0.0939282 0.514108 0.000152798 0.0570525 
0.180114 0.103455 0.472894 0.0229081 0.220629 
0.151213 0.0842297 0.759528 0.000172531 0.00485663 
0.106155 0.00319313 0.533505 0.0099451 0.347202 
0.227307 0.0441427 0.616408 0.0010677 0.111075 
0.308851 0.138592 0.485196 5.9843e-05 0.067301 
0.0438127 0.0549282 0.785205 8.97611e-05 0.115964 
0.0556937 0.0383065 0.882044 0.0146451 0.00931064 
0.171555 0.0661266 0.707939 0.0101118 0.044267 
0.237974 0.0424055 0.686558 0.00148092 0.0315807 
0.170295 0.0293467 0.795516 0.000222532 0.00461941 
0.123501 0.0642742 0.766918 0.00125834 0.0440481 
0.374173 0.107553 0.445566 0.000282077 0.0724263 
0.117 0.0150126 0.842258 0.00132902 0.0244006 
0.216108 0.136984 0.603564 0.000198439 0.0431455 
0.170415 0.0440426 0.77867 0.000137154 0.00673501 
0.397915 0.118902 0.463475 4.89055e-05 0.0196592 
0.428667 0.0607881 0.449652 0.000664968 0.0602281 
0.154605 0.184222 0.642868 7.75225e-05 0.0182277 
0.0913365 0.135028 0.664152 0.000263792 0.10922 
0.0494212 0.00948139 0.933689 7.16802e-07 0.0074076 
0.21158 0.159392 0.329495 0.000968096 0.298565 
0.305651 0.122588 0.541937 0.00251153 0.0273124 
0.179058 0.156542 0.399883 0.0163138 0.248203 
0.0931828 0.127725 0.442755 0.0120393 0.324297 
0.122954 0.0530463 0.79091 0.00048619 0.0326037 
0.329318 0.0438074 0.53141 0.0765667 0.0188976 
0.184783 0.0307131 0.74571 0.00253626 0.0362581 
0.266796 0.0312066 0.531182 0.00050522 0.17031 
0.255103 0.155185 0.555142 0.000137964 0.034432 
0.37815 0.0641256 0.516777 0.0169901 0.0239563 
0.375178 0.0418917 0.442342 0.000288651 0.1403 
0.14067 0.0686754 0.788024 0.000590287 0.00204023 
0.185814 0.119549 0.420757 0.0457366 0.228144 
0.244224 0.118304 0.452295 0.00727817 0.1779 
0.146506 0.0764525 0.767196 0.000196338 0.00964963 
0.300875 0.0460599 0.603495 0.000215209 0.0493547 
0.143376 0.141036 0.572047 0.0436513 0.0998901 
0.356199 0.120234 0.464546 0.000132372 0.0588886 
0.12385 0.0453158 0.768202 0.0157481 0.0468848 
0.0129977 0.0635004 0.661838 0.0383401 0.223324 
0.142567 0.0489933 0.795404 0.000165699 0.0128702 
0.290124 0.0744572 0.610358 0.00014147 0.024919 
0.0980442 0.048456 0.836615 0.000146828 0.0167378 
0.22811 0.115525 0.628993 0.000149159 0.027223 
0.109607 0.00197316 0.876664 0.000592824 0.0111627 
0.312299 0.0852085 0.556051 0.000371496 0.0460698 
0.0188503 0.176056 0.789727 0.000304056 0.0150622 
8.02293e-07 0.0149613 0.980605 0.000424783 0.00400784 
0.316875 0.271971 0.324101 0.000827617 0.0862258 
0.131821 0.0229706 0.818994 0.000689554 0.0255246 
0.263478 0.130119 0.557063 3.13448e-05 0.0493081 
0.0547201 0.00717757 0.9322 0.00504838 0.000854241 
0.149145 0.0556988 0.722251 0.000137469 0.0727674 
0.146686 0.182469 0.589478 0.000186643 0.08118 
0.147274 0.0808415 0.750808 0.0171816 0.00389516 
0.118159 0.17106 0.426162 0.00356907 0.28105 
0.388771 0.1369 0.456591 0.000129826 0.0176092 
0.383647 0.132052 0.463439 0.000551573 0.0203115 
0.14145 0.151875 0.634996 0.000326022 0.0713531 
0.108226 0.216424 0.598513 0.00272756 0.0741102 
0.106155 0.00319313 0.533505 0.0099451 0.347202 
0.210989 0.122445 0.61777 0.0374521 0.0113439 
0.101851 3.2345e-06 0.878882 0.00169797 0.0175662 
0.264779 0.0860418 0.601686 0.000753448 0.0467393 
0.273616 0.0575221 0.57524 0.00749723 0.0861237 
0.0547201 0.00717757 0.9322 0.00504838 0.000854241 
0.0439039 0.242644 0.700106 1.96625e-06 0.0133443 
0.406958 0.0570245 0.527329 4.9637e-05 0.00863806 
0.293431 0.12252 0.550968 0.00616585 0.0269156 
0.402963 0.0350692 0.55622 0.000121971 0.00562553 
0.356655 0.126328 0.459023 0.000438548 0.057555 
0.0724938 0.037709 0.879003 0.00136828 0.00942625 
0.396917 0.104056 0.439696 0.000787769 0.0585428 
0.300575 0.272246 0.382311 0.000114296 0.0447537 
0.133022 0.121424 0.587974 0.0136568 0.143923 
0.154867 0.139683 0.569416 0.000166521 0.135868 
0.233947 0.046249 0.494353 0.0028322 0.222619 
0.25964 0.0189333 0.400847 0.0808552 0.239724 
0.235734 0.14674 0.548548 0.000201593 0.0687764 
0.189605 0.0265751 0.66701 0.00614735 0.110662 
0.222712 0.100639 0.65471 0.000192749 0.0217463 
0.222936 0.0529133 0.686167 0.00114613 0.036837 
0.369023 0.0828768 0.499223 0.0275363 0.0213403 
0.0457932 0.033169 0.663371 0.00466987 0.252997 
0.182514 0.0032275 0.782851 1.83382e-05 0.0313895 
0.223881 0.0325937 0.731237 0.000831124 0.0114575 
0.112821 0.0606173 0.68547 0.000737657 0.140354 
0.229659 0.111778 0.59591 0.000102493 0.06255 
0.0443544 0.0119422 0.888878 0.0126821 0.0421434 
0.128608 0.15987 0.701737 0.000104283 0.00968081 
0.08845 0.429383 0.476988 5.89565e-05 0.00511982 
0.195015 0.107497 0.61581 0.0146987 0.0669795 
0.128315 0.0528033 0.7731 0.0018494 0.0439323 
0.109513 0.00043835 0.838143 1.73208e-05 0.0518891 
0.182892 0.0312098 0.388251 0.0186452 0.379002 
0.221413 0.0411877 0.664979 0.000159961 0.0722609 
0.269955 0.0681374 0.322574 0.1881 0.151233 
0.285633 0.0925155 0.537029 0.000578862 0.0842434 
0.390394 0.0172085 0.565992 0.0229012 0.00350446 
0.131821 0.0229706 0.818994 0.000689554 0.0255246 
0.154226 0.0564176 0.509816 0.0225757 0.256965 
0.117565 0.126352 0.694538 0.0353013 0.0262434 
0.242479 0.0324522 0.65989 0.000252958 0.0649258 
0.356132 0.101101 0.536658 0.00335856 0.00274949 
0.303746 0.0682637 0.534362 0.00318943 0.0904396 
0.173473 0.136769 0.68382 1.60534e-05 0.00592196 
0.382001 0.0643055 0.536511 0.000725847 0.0164569 
0.311405 0.101824 0.52456 0.000260794 0.0619502 
0.170168 0.0668105 0.434587 0.0117981 0.316637 
0.218877 0.168606 0.436455 0.0136479 0.162414 
0.254632 0.159537 0.499575 0.000345009 0.0859107 
0.203986 0.0806265 0.596551 0.00370406 0.115133 
0.220233 0.363153 0.379147 0.000258505 0.0372082 
0.230175 0.162788 0.440941 0.000168378 0.165927 
0.131821 0.0229706 0.818994 0.000689554 0.0255246 
0.280066 0.111235 0.560892 0.000459425 0.047348 
2.26154e-05 1.77992e-05 0.746121 1.11396e-08 0.253838 
0.0718022 0.0688612 0.857241 0.000460439 0.00163569 
0.289752 0.0748168 0.610667 0.000198784 0.0245654 
0.229687 0.0653106 0.701254 0.000132764 0.00361532 
0.292107 0.325128 0.366189 2.68091e-05 0.0165483 
0.0931828 0.127725 0.442755 0.0120393 0.324297 
0.350756 0.0897034 0.390027 0.00367648 0.165837 
0.0919857 0.014506 0.879467 0.000527512 0.013514 
0.106731 0.0596129 0.419913 0.333333 0.0804103 
0.337236 0.0836459 0.354731 0.0095005 0.214886 
0.11291 0.0748336 0.794513 0.000531026 0.0172117 
0.426416 0.0397663 0.455775 0.000207238 0.0778351 
0.336534 0.310131 0.34627 0.000123966 0.0069405 
0.0188929 0.266006 0.711046 0.000141356 0.00391458 
0.320271 0.206353 0.362177 0.00470929 0.106489 
0.142551 0.198066 0.537326 0.0164172 0.10564 
0.263435 0.0555978 0.552063 0.000554246 0.12835 
0.336912 0.0952283 0.514166 6.39477e-05 0.05363 
0.0443544 0.0119422 0.888878 0.0126821 0.0421434 
0.331222 0.0251546 0.497887 0.129111 0.0166248 
0.119408 8.76696e-06 0.880566 3.31299e-09 1.76635e-05 
0.139131 0.0358157 0.633131 0.0192182 0.172704 
0.0444881 0.00682223 0.495514 0.000281991 0.452893 
0.241645 0.0504568 0.60417 0.00755745 0.0961704 
0.149818 0.18135 0.536918 0.000595296 0.131318 
0.337107 0.0714475 0.572096 0.00525027 0.014099 
0.222691 0.0192431 0.742513 0.00501052 0.0105425 
0.105746 0.00360088 0.687309 0.00120972 0.202134 
0.305517 0.0302781 0.645946 0.000145392 0.0181137 
0.350926 0.0784035 0.509092 0.000581449 0.0609971 
0.281074 0.0215942 0.617536 0.018744 0.0610525 
0.33694 0.108134 0.463769 0.00531906 0.085838 
0.232006 0.156605 0.593038 6.02368e-05 0.0182914 
0.0991627 0.0261193 0.850715 0.00229112 0.0217116 
0.316388 0.0384041 0.600339 0.000357547 0.0445119 
0.190161 0.0501163 0.709527 0.00312554 0.0470704 
0.269028 0.0313733 0.382446 0.00450416 0.312649 
0.154852 0.254657 0.439431 0.00126298 0.149797 
0.199266 0.0731563 0.670433 0.000872964 0.0562716 
0.14628 0.218657 0.632658 2.94718e-05 0.00237598 
0.304388 0.223777 0.403646 0.000303319 0.067886 
0.198604 0.118592 0.649203 0.00545647 0.0281453 
0.271832 0.0963483 0.560489 0.00815775 0.0631729 
0.279099 0.0186422 0.702081 2.6217e-09 0.000178706 
0.190995 0.240913 0.55891 0.000253516 0.00892809 
0.0443544 0.0119422 0.888878 0.0126821 0.0421434 
0.166411 0.158709 0.611032 0.000376279 0.0634715 
0.362504 0.14463 0.406022 0.0173302 0.069513 
0.17271 0.0939157 0.493118 0.00448663 0.23577 
0.0547201 0.00717757 0.9322 0.00504838 0.000854241 
0.345412 0.0369278 0.605458 0.000868663 0.0113333 
0.264489 0.109336 0.544492 0.00178527 0.0798979 
0.392502 0.016038 0.571873 0.000318274 0.0192686 
0.144948 0.0336642 0.791727 0.0223006 0.00735935 
0.107229 0.104325 0.466855 0.175252 0.146339 
0.121766 0.329455 0.513495 0.000142021 0.0351426 
0.0934473 0.0601033 0.662603 0.00945307 0.174394 
0.173939 0.16486 0.625327 0.0194513 0.0164226 
0.331761 0.0416205 0.391748 0.00251904 0.232352 
0.223155 0.104033 0.663277 0.000485488 0.00905036 
0.0561659 0.0484481 0.711842 0.000440511 0.183104 
0.0883265 0.211049 0.6849 0.00472448 0.0109998 
0.458462 0.023558 0.459496 0.000683904 0.0578006 
0.0599463 0.0299159 0.828529 0.000142891 0.0814657 
0.0655435 0.179113 0.72853 2.54841e-05 0.0267887 
0.237154 0.0314589 0.696637 0.000128131 0.034622 
0.0943566 0.0629278 0.818346 0.000283806 0.0240856 
0.391814 0.0924549 0.51332 2.55624e-05 0.00238471 
0.190382 0.0354025 0.695801 0.000772212 0.0776424 
0.247637 0.136916 0.610013 0.000280222 0.00515438 
0.184499 0.110611 0.293297 0.188177 0.223416 
0.367271 0.155466 0.407205 0.00427288 0.0657845 
0.17255 0.0681007 0.714122 0.0126017 0.0326256 
0.312305 0.040161 0.559528 2.02711e-05 0.0879865 
0.265769 0.0358438 0.653176 0.000121482 0.0450895 
0.278418 0.0133039 0.420332 0.0829272 0.205019 
0.0706067 0.105461 0.770934 0.0230341 0.0299643 
0.0859725 0.0484133 0.816502 0.000148202 0.0489644 
0.0502693 0.0247754 0.920616 0.000109006 0.00423006 
0.343959 0.110468 0.395989 0.00257911 0.147004 
0.232306 0.0940436 0.518099 0.00659798 0.148954 
0.210177 0.0503147 0.596741 0.0143065 0.128462 
0.288546 0.066249 0.555531 0.025444 0.0642292 
0.268368 0.0616276 0.444119 0.00489822 0.220987 
0.0434762 0.0127102 0.922831 0.00228985 0.0186925 
0.22839 0.0334982 0.731022 0.000375002 0.00671495 
0.421613 0.0270546 0.511308 0.00231292 0.0377116 
0.0443544 0.0119422 0.888878 0.0126821 0.0421434 
0.2531 0.107091 0.609652 0.00023224 0.0299256 
0.454078 0.0335352 0.457691 0.000683942 0.0540117 
0.0736695 0.433595 0.470506 3.7895e-05 0.0221915 
0.160815 0.0395698 0.798731 7.97861e-06 0.000876432 
0.0967843 0.0980314 0.800614 9.96985e-06 0.00456037 
0.219072 0.0668549 0.699191 0.000130403 0.014751 
0.328372 0.189776 0.477213 0.000187426 0.00445163 
0.349768 0.108532 0.433069 0.000184504 0.108447 
0.214278 0.0245097 0.693863 8.8061e-05 0.067261 
0.201616 0.108793 0.65745 0.000204499 0.0319354 
0.235823 0.0824299 0.520212 0.0935676 0.067968 
0.282807 0.0508493 0.36373 0.0087597 0.293854 
0.220404 0.0770746 0.66669 0.000397035 0.0354346 
0.0135136 0.0209238 0.948682 6.0297e-06 0.0168742 
0.218947 0.305811 0.356415 2.02796e-05 0.118806 
0.297101 0.246454 0.448196 0.000218282 0.00803062 
0.251053 0.138953 0.495066 0.00797357 0.106954 
0.180365 0.0723932 0.726585 0.000228351 0.0204281 
0.104991 0.00163573 0.799668 0.000186899 0.0935189 
0.0502693 0.0247754 0.920616 0.000109006 0.00423006 
0.178242 0.027434 0.548946 0.00693399 0.238444 
0.297713 0.225373 0.431866 0.00121876 0.0438296 
0.242824 0.035955 0.63029 0.000205638 0.0907256 
0.318903 0.0256899 0.640929 0.00341924 0.0110586 
0.0339746 0.0207309 0.936725 0.000446701 0.00812295 
0.270927 0.0809236 0.571526 0.0162592 0.060364 
0.276462 0.160493 0.542905 0.000475998 0.0196643 
0.240262 0.309229 0.445495 2.11713e-05 0.00499344 
0.17957 0.0897297 0.3706 0.0133842 0.346716 
0.0911133 0.0374945 0.642077 0.00218593 0.227129 
0.0697822 0.023224 0.876026 0.00264748 0.02832 
0.140169 0.0079084 0.653305 0.00692113 0.191696 
0.224206 0.0168153 0.691301 0.0456255 0.0220517 
0.378217 0.109442 0.494336 0.000359875 0.0176445 
0.212278 0.159857 0.625769 5.24297e-07 0.00209512 
0.350475 0.07381 0.519077 0.000776033 0.0558621 
0.386302 0.0801161 0.529757 3.56655e-08 0.00382463 
0.05797 0.0193114 0.874076 0.000474421 0.0481679 
0.122362 0.0957958 0.648382 0.000123658 0.133337 
0.174948 0.227007 0.500402 0.00900924 0.0886345 
0.0443544 0.0119422 0.888878 0.0126821 0.0421434 
0.350764 0.0082143 0.617491 0.00405154 0.0194787 
0.372002 0.0313063 0.583352 0.00434616 0.00899309 
0.119268 0.160018 0.5888 0.000252222 0.131661 
0.033519 0.142529 0.799483 9.82005e-07 0.0244676 
0.039476 0.138898 0.797596 0.018246 0.00578349 
0.195538 0.117872 0.350143 0.00152136 0.334925 
0.329688 0.108566 0.548286 0.000217304 0.013243 
0.215559 0.113811 0.515173 0.0120906 0.143366 
0.184949 0.0378161 0.744505 0.000596379 0.0321344 
0.229246 0.169856 0.561259 0.000214127 0.0394245 
0.123206 0.112677 0.755345 0.00180507 0.0069671 
0.156365 0.0909187 0.712038 4.15815e-05 0.0406373 
0.391026 0.0377011 0.524951 0.000218725 0.0461029 
0.272559 0.123138 0.586225 0.00090525 0.0171727 
0.103917 0.024615 0.568217 0.0337432 0.269508 
0.273995 0.0484915 0.586295 0.00955439 0.0816641 
0.202377 0.0330025 0.629091 0.00514573 0.130384 
0.0648388 0.0960131 0.784406 0.000470576 0.0542712 
0.299129 0.109499 0.322807 0.0206431 0.247921 
0.386777 0.0084266 0.466365 0.109264 0.029167 
0.233977 0.229539 0.318432 0.000456795 0.217596 
0.391527 0.0625183 0.516009 0.000268367 0.0296771 
0.0645648 0.0431395 0.889298 4.85919e-05 0.0029489 
0.243697 0.0397742 0.593208 0.0201226 0.103198 
0.319612 0.101919 0.391551 0.0522577 0.134661 
2.82112e-06 0.0659412 0.930882 0.000170283 0.00300389 
0.305905 0.236262 0.441061 6.43129e-05 0.0167077 
0.0636853 0.0375024 0.592867 0.0143111 0.291634 
0.241409 0.0409 0.623 0.000594329 0.0940968 
0.357727 0.139008 0.461834 0.00301293 0.0384182 
0.171532 0.00315252 0.789771 0.0022748 0.0332702 
0.114151 0.172256 0.598287 0.00610366 0.109201 
0.439231 0.0396258 0.471314 0.000526254 0.0493029 
0.303253 0.127377 0.321315 0.013532 0.234523 
0.277137 0.186736 0.346624 0.000257505 0.189245 
0.421689 0.0637873 0.473118 0.00113908 0.0402666 
0.306543 0.100252 0.317348 0.0510186 0.224839 
0.270011 0.132095 0.584432 6.57061e-05 0.0133964 
0.0886846 0.0273122 0.883137 1.67976e-05 0.000849337 
0.262968 0.0541608 0.587768 0.00162908 0.0934743 
0.139131 0.0358157 0.633131 0.0192182 0.172704 
0.171727 0.24651 0.437468 0.000839578 0.143456 
0.183868 0.00746812 0.79143 0.00130823 0.0159256 
0.11504 0.105426 0.776508 0.000147945 0.00287814 
0.0916385 0.152681 0.754696 1.87491e-05 0.000965693 
0.0699474 0.221526 0.668376 0.00103476 0.0391156 
0.150454 0.0685983 0.725072 0.000328539 0.055547 
0.262968 0.0541608 0.587768 0.00162908 0.0934743 
0.290764 0.00984376 0.623565 9.85164e-05 0.0757291 
0.108893 0.172635 0.702553 0.000667742 0.0152519 
0.411738 0.0828401 0.48356 0.00136898 0.0204933 
0.351648 0.0598415 0.530611 4.96654e-05 0.0578494 
0.300392 0.102203 0.511709 0.00132594 0.0843694 
0.360853 0.0567791 0.494301 0.0669732 0.0210938 
0.315456 0.258904 0.410598 3.0958e-05 0.0150115 
0.0129977 0.0635004 0.661838 0.0383401 0.223324 
0.282807 0.0508493 0.36373 0.0087597 0.293854 
0.107539 0.238096 0.515347 0.00141051 0.137608 
0.137048 0.0473465 0.492053 0.00343402 0.320118 
0.423654 0.0797665 0.489299 0.00111667 0.00616366 
0.195538 0.117872 0.350143 0.00152136 0.334925 
0.154588 0.0831306 0.693424 0.000151182 0.0687058 
0.265554 0.049831 0.598996 4.71324e-05 0.0855716 
0.339881 0.0991302 0.396425 0.00588434 0.158679 
0.12647 0.1915 0.450002 0.107548 0.124481 
0.367458 0.0631124 0.469442 0.0476392 0.0523487 
0.131821 0.0229706 0.818994 0.000689554 0.0255246 
0.224613 0.161894 0.606992 0.000206744 0.00629436 
0.3003 0.0751727 0.556432 0.000142318 0.0679532 
0.0989876 0.122823 0.735979 0.000289604 0.0419209 
0.181414 0.0695435 0.711839 0.000168973 0.0370346 
0.152755 0.161524 0.579643 0.000131309 0.105947 
0.225921 0.371046 0.398298 3.05317e-05 0.00470542 
0.198953 0.27342 0.490394 7.11985e-05 0.0371621 
0.216012 0.0718904 0.697547 0.000208558 0.0143425 
0.153697 0.165347 0.397353 0.00135439 0.282249 
0.344267 0.0274178 0.577035 0.000803683 0.0504764 
0.351113 0.00825961 0.548518 3.44794e-05 0.0920746 
0.310488 0.0981746 0.569433 9.6452e-05 0.0218084 
0.346634 0.0198142 0.605831 0.000319884 0.027401 
0.139131 0.0358157 0.633131 0.0192182 0.172704 
0.300563 0.113399 0.585693 2.57265e-07 0.000344589 
0.235682 1.73533e-05 0.710506 3.95903e-06 0.0537915 
0.122125 0.0528827 0.808103 0.00102388 0.0158659 
0.216934 0.0843075 0.410992 0.0844084 0.203358 
0.318834 0.175535 0.462577 0.000468933 0.042585 
0.174318 0.375523 0.378455 0.00095124 0.0707521 
0.0726976 0.00688676 0.637701 0.00799911 0.274715 
0.264779 0.0860418 0.601686 0.000753448 0.0467393 
0.306574 0.100932 0.579786 0.00276008 0.00994721 
0.124846 0.393264 0.44129 0.00015111 0.0404488 
0.444137 0.0299637 0.520359 0.000225234 0.0053154 
0.216259 0.0307738 0.715986 0.0015386 0.0354425 
0.333986 0.158108 0.441036 0.000104573 0.0667652 
0.0129977 0.0635004 0.661838 0.0383401 0.223324 
0.341491 0.0616661 0.583392 0.000280727 0.0131701 
0.364963 0.0478847 0.533454 8.52199e-05 0.0536126 
0.14824 0.0684104 0.750739 0.000837259 0.0317732 
0.284022 0.132329 0.486126 0.00289691 0.0946258 
0.0278711 0.00558348 0.965748 5.48378e-05 0.00074256 
0.252494 0.234632 0.503959 0.000240862 0.00867445 
0.201633 0.0382108 0.580667 0.00510095 0.174389 
0.145124 0.0389517 0.543105 0.131763 0.141057 
0.274472 0.0961599 0.50515 0.00246445 0.121753 
0.353264 0.1702 0.403672 7.74084e-05 0.0727869 
0.115969 0.141113 0.682791 8.04956e-05 0.0600467 
0.141267 0.0354088 0.661848 0.000945932 0.160531 
0.177662 0.100419 0.658774 1.08798e-05 0.0631335 
0.0422851 0.0761968 0.879523 0.000259754 0.00173545 
0.0120707 0.0238004 0.709497 0.00766419 0.246968 
0.133192 0.262237 0.412274 0.00809022 0.184207 
0.100867 0.100394 0.794172 7.41061e-05 0.00449332 
0.333888 0.1152 0.546579 7.60227e-05 0.00425613 
0.297724 0.187536 0.325139 0.00844071 0.18116 
0.181414 0.0695435 0.711839 0.000168973 0.0370346 
0.174996 0.0477485 0.706404 0.00128429 0.0695668 
0.382043 0.0857995 0.453822 0.00224973 0.0760857 
0.0443544 0.0119422 0.888878 0.0126821 0.0421434 
0.0688336 0.120166 0.56106 0.000132564 0.249807 
0.380042 0.0328115 0.580069 0.000299927 0.0067782 
0.0692999 0.0104256 0.887315 0.00106064 0.0318985 
0.350925 0.0511581 0.579764 0.000391951 0.0177611 
0.247335 0.0858263 0.627913 0.000446725 0.0384788 
0.247253 0.179074 0.302545 0.070072 0.201056 
0.117617 0.00394982 0.798153 6.87621e-05 0.0802118 
0.0852595 0.190545 0.713351 7.77922e-06 0.0108366 
0.244833 0.0415187 0.576463 0.00165011 0.135535 
0.149818 0.18135 0.536918 0.000595296 0.131318 
0.0989231 0.0229551 0.683033 0.00415335 0.190935 
0.215902 0.00725424 0.752508 0.00646763 0.0178685 
0.206035 0.251342 0.511755 0.000570345 0.0302983 
0.0443544 0.0119422 0.888878 0.0126821 0.0421434 
0.200051 0.117092 0.54578 0.00060529 0.136472 
0.175607 0.246189 0.426325 0.027423 0.124456 
0.293323 0.0693369 0.319591 0.00150189 0.316247 
0.14534 0.36189 0.46194 0.000414872 0.030414 
0.159771 0.0974309 0.453799 0.00183744 0.287161 
0.114102 0.140224 0.487471 0.23183 0.0263734 
0.206972 0.100673 0.349829 0.0364097 0.306115 
0.106965 0.0704157 0.784183 0.0133312 0.025105 
0.306272 0.170375 0.409199 0.00192577 0.112228 
0.380915 0.102469 0.415318 2.18056e-05 0.101276 
0.30972 0.00841233 0.63471 4.518e-07 0.0471569 
0.207363 0.21555 0.509902 0.000304678 0.0668804 
0.212078 0.0146494 0.716273 0.00455725 0.0524418 
0.232571 0.26371 0.488009 0.00121952 0.0144907 
0.303117 0.329915 0.350843 0.000692622 0.0154324 
0.189481 0.133932 0.660011 0.000597119 0.0159793 
0.106323 0.240072 0.633178 5.30479e-06 0.0204223 
0.228193 0.0825761 0.410446 0.00664594 0.272139 
0.0951685 0.0431158 0.825215 0.00146261 0.0350382 
0.197446 0.0940726 0.657379 0.00136307 0.0497393 
0.103834 0.059949 0.783634 0.00263504 0.0499475 
0.0964992 0.0561412 0.81015 0.00132817 0.0358818 
0.199404 0.180171 0.538101 8.75547e-05 0.0822364 
0.197305 0.0470094 0.511667 0.000200055 0.243818 
0.0339746 0.0207309 0.936725 0.000446701 0.00812295 
0.182892 0.0312098 0.388251 0.0186452 0.379002 
0.268489 0.143215 0.565609 0.00621533 0.0164726 
0.377089 0.0742495 0.478793 0.0014383 0.0684308 
0.19567 0.0523538 0.578933 0.00976096 0.163282 
0.44951 0.000645598 0.547583 0.000173464 0.00208771 
0.0915399 0.0496085 0.812561 0.000776657 0.0455139 
0.220463 0.0555226 0.555602 0.0199315 0.14848 
0.0105807 0.283602 0.695208 0.000384944 0.0102242 
0.193982 0.0513749 0.645594 0.00273604 0.106314 
0.429977 0.0237064 0.439426 0.078034 0.0288565 
0.293885 0.300321 0.360594 9.40636e-05 0.0451061 
0.0388608 0.0353135 0.919852 0.000460957 0.00551266 
0.316174 0.235671 0.397946 0.00167353 0.0485348 
0.294602 0.184873 0.438131 0.00123489 0.0811595 
0.0649473 0.041872 0.834245 0.000142691 0.0587934 
0.380987 0.0712141 0.448633 0.00114599 0.0980194 
0.314402 0.0583813 0.519657 0.00337414 0.104186 
0.306543 0.100252 0.317348 0.0510186 0.224839 
0.131821 0.0229706 0.818994 0.000689554 0.0255246 
0.0283764 0.0611415 0.89925 2.13124e-07 0.0112317 
0.149251 0.15412 0.617345 4.94347e-05 0.0792349 
0.144692 0.222068 0.631896 0.000211862 0.00113167 
0.270988 0.271274 0.431394 0.00157876 0.0247648 
0.243939 0.0398052 0.416293 0.0803898 0.219573 
0.149059 0.032627 0.708654 0.000523296 0.109137 
0.0122013 1.54811e-07 0.977632 8.80144e-05 0.0100785 
0.246949 0.0305476 0.68766 0.00026655 0.0345776 
0.0835118 0.20567 0.65474 0.000149408 0.0559284 
0.244831 0.102172 0.598062 0.00267439 0.0522598 
0.127961 0.0518718 0.802742 0.000167206 0.0172585 
0.140928 0.25529 0.597693 0.000105196 0.00598385 
0.135331 0.045508 0.579647 0.025799 0.213715 
0.432022 0.0467361 0.450025 0.000427691 0.0707887 
0.393743 0.0845373 0.514738 5.69169e-05 0.00692493 
0.17356 0.156028 0.65673 8.86388e-05 0.0135931 
0.149697 0.0222302 0.79918 0.00424783 0.0246445 
0.0532032 0.0584433 0.862645 0.000303732 0.0254053 
0.291934 0.0508554 0.635974 0.00011918 0.0211177 
0.218698 0.0783855 0.674897 0.000573707 0.0274464 
0.448156 0.0350413 0.503103 1.13536e-05 0.0136882 
0.145464 0.0908335 0.718244 0.000354204 0.0451046 
0.319166 0.0355188 0.594042 0.0455723 0.00570077 
0.211347 0.0170306 0.745514 0.000699627 0.0254082 
0.106155 0.00319313 0.533505 0.0099451 0.347202 
0.301379 0.0317019 0.633654 0.000433878 0.0328315 
0.302059 0.0818985 0.592064 0.0199052 0.00407309 
0.356349 0.0455136 0.589374 6.49056e-05 0.00869869 
0.378936 0.150614 0.448757 0.00116841 0.0205247 
0.13128 0.0827619 0.562484 0.000688152 0.222785 
0.152357 0.0350278 0.619574 0.000244926 0.192797 
0.371078 0.0419553 0.500487 0.0234691 0.0630103 
0.409555 0.113414 0.446478 0.00057775 0.0299756 
0.358837 0.0296247 0.525412 0.00315592 0.0829709 
0.379306 0.0600098 0.407491 0.000356687 0.152836 
0.281518 0.16493 0.40388 0.001493 0.148179 
0.158725 0.0128097 0.795943 0.00592347 0.0265985 
0.259805 0.104692 0.597825 0.000726603 0.0369515 
0.327142 0.0501135 0.526384 0.0524625 0.043898 
0.129601 0.403244 0.424383 4.19584e-06 0.0427683 
0.11253 0.198614 0.57366 0.000373317 0.114823 
0.268426 0.0353119 0.525895 0.0168357 0.153531 
0.303055 0.0332769 0.346374 0.000294106 0.317 
0.140893 0.0316973 0.519936 0.0118895 0.295584 
0.114228 0.00697487 0.443048 0.00499263 0.430757 
0.258827 0.345238 0.35738 0.000632925 0.0379219 
0.122472 0.0505976 0.77947 0.0231837 0.024277 
0.199531 0.110941 0.6421 0.000618583 0.0468096 
0.172465 0.0209928 0.459267 0.0060207 0.341254 
0.262968 0.0541608 0.587768 0.00162908 0.0934743 
0.226759 0.0993191 0.586328 0.00461859 0.0829752 
0.139131 0.0358157 0.633131 0.0192182 0.172704 
0.21965 0.0300867 0.628674 0.118735 0.00285417 
0.251407 0.0467149 0.618664 0.000384613 0.0828295 
0.221569 0.217083 0.480825 0.000886653 0.0796365 
0.102746 0.407916 0.454443 3.92317e-07 0.0348938 
0.326757 0.128037 0.434859 0.00506799 0.10528 
0.00485773 0.00109482 0.962471 2.63718e-05 0.0315504 
0.235053 0.0354064 0.631842 0.0194068 0.0782913 
0.161375 0.367334 0.421449 5.46418e-05 0.0497871 
0.246506 0.0227355 0.607041 0.0458079 0.0779092 
0.212877 0.0309943 0.726183 0.000510232 0.0294355 
0.308397 0.0738887 0.587784 0.000280811 0.0296498 
0.305304 0.102587 0.486146 0.0214467 0.0845156 
0.0862835 0.180124 0.529443 0.000474732 0.203674 
0.198875 0.214551 0.536974 0.000114708 0.0494856 
0.315472 0.205712 0.399731 0.000579949 0.0785047 
0.126874 0.068205 0.710806 0.00438944 0.0897258 
0.229187 0.0926371 0.66797 0.000147193 0.0100592 
0.0486979 0.118656 0.347635 0.192623 0.292388 
0.397067 0.0381298 0.525889 1.01505e-06 0.0389132 
0.368536 0.0502572 0.484579 0.0298541 0.0667737 
0.367441 0.138745 0.467628 0.000552154 0.0256345 
0.0697981 0.0104533 0.894964 1.4909e-06 0.0247831 
0.106155 0.00319313 0.533505 0.0099451 0.347202 
0.362527 0.266506 0.370069 1.02019e-05 0.000887918 
0.2258 0.325516 0.403451 0.0180061 0.0272282 
0.0584791 0.00932712 0.907202 0.00143748 0.023554 
0.170699 0.0995588 0.503795 2.44109e-06 0.225944 
0.270693 0.167872 0.463687 0.000285399 0.0974627 
0.180607 0.0222819 0.641147 0.0186328 0.137331 
0.348404 0.0611801 0.514247 0.000140626 0.0760286 
0.037186 0.0180469 0.944132 1.64234e-05 0.000619011 
0.263963 0.0940764 0.597298 0.00262607 0.0420367 
0.162392 0.124831 0.666499 0.00297954 0.0432984 
3.53266e-05 0.000904863 0.999049 1.74429e-06 8.78889e-06 
0.328562 0.0780887 0.564715 0.0002886 0.0283457 
0.101246 0.138678 0.713546 0.00216561 0.0443653 
0.140092 0.033845 0.782642 0.000964301 0.0424564 
0.0955844 0.0244911 0.798528 0.000918337 0.0804781 
0.441426 0.053683 0.450354 4.34788e-05 0.0544934 
0.369415 0.0268829 0.535995 0.000618774 0.0670888 
0.306543 0.100252 0.317348 0.0510186 0.224839 
0.318505 0.090098 0.351225 0.000226437 0.239945 
0.0262636 0.0112305 0.961073 0.000940917 0.000491615 
0.278789 0.338466 0.381411 0.000154331 0.00117901 
0.0551517 0.091171 0.83624 0.000668694 0.0167681 
0.342413 0.0595554 0.407774 0.0716723 0.118585 
0.0982123 0.00896079 0.807438 0.00112428 0.0842648 
0.242256 0.147559 0.551302 0.000177459 0.0587051 
0.0163279 0.0981508 0.87834 0.00015151 0.00702999 
0.266283 0.107209 0.528274 0.00365275 0.0945814 
0.274093 0.0622541 0.584431 0.00410001 0.0751221 
0.168373 0.141487 0.615836 5.68281e-05 0.0742461 
0.0579642 0.0885201 0.831387 0.0011307 0.0209982 
0.254562 0.308639 0.423784 3.65264e-05 0.0129785 
0.104151 0.00375365 0.770153 0.00115804 0.120785 
0.20725 0.126068 0.567869 0.000381616 0.0984315 
0.173178 0.0048676 0.799668 0.00228548 0.0200005 
0.263715 0.025513 0.678851 0.00290106 0.0290199 
0.228806 0.0158184 0.734759 0.000165167 0.0204512 
0.144057 0.0144285 0.813574 0.00235536 0.0255848 
0.00235318 3.31105e-06 0.997625 1.32643e-05 5.43957e-06 
0.0443544 0.0119422 0.888878 0.0126821 0.0421434 
0.297158 0.0359374 0.564625 0.000210631 0.102068 
0.355926 0.0868411 0.404407 5.64978e-05 0.15277 
0.0457932 0.033169 0.663371 0.00466987 0.252997 
0.212249 0.0943384 0.497913 0.105923 0.0895762 
0.161197 0.218314 0.537707 0.000431097 0.0823513 
0.17162 0.069501 0.608471 0.00731775 0.14309 
0.199085 0.111709 0.66577 0.000880962 0.0225548 
0.152394 0.308189 0.522239 0.0015065 0.0156714 
0.261352 0.0877238 0.623798 0.000418041 0.0267082 
0.209056 0.191884 0.588203 0.000450554 0.0104057 
0.0613625 0.0147583 0.876494 0.000562288 0.0468227 
0.238024 0.181592 0.441116 0.000656782 0.138611 
0.400773 0.0572446 0.423689 0.00173821 0.116555 
0.307794 0.135319 0.407323 0.000149938 0.149414 
0.23096 0.195844 0.501789 0.000316125 0.0710911 
0.451652 0.013526 0.511149 0.00072619 0.0229471 
0.219355 0.0877384 0.602251 0.000421395 0.0902345 
0.335946 0.110749 0.463137 0.0134894 0.0766778 
0.187153 0.186621 0.506607 0.0118302 0.107789 
0.205604 0.0280909 0.647164 0.00028285 0.118859 
0.0511774 0.0180729 0.775785 0.00299658 0.151968 
0.225399 0.0596034 0.652494 0.000221837 0.0622811 
0.252398 0.164238 0.563754 0.000298333 0.019312 
0.395383 0.177802 0.402532 0.000220297 0.0240626 
0.131821 0.0229706 0.818994 0.000689554 0.0255246 
0.0168212 0.00104787 0.912986 0.000760452 0.0683846 
0.261413 0.134206 0.534091 0.000883952 0.0694054 
0.149229 0.142119 0.677774 0.000352852 0.0305252 
0.0505 0.0411705 0.622866 0.00506926 0.280394 
0.178509 0.186562 0.601506 0.000579013 0.0328433 
0.414002 0.0126687 0.490161 9.02563e-05 0.0830777 
0.280102 0.0733973 0.640616 0.000166185 0.00571811 
0.2027 0.0118895 0.511346 0.00668296 0.267381 
0.0547201 0.00717757 0.9322 0.00504838 0.000854241 
0.302202 0.199549 0.412056 0.00794112 0.0782514 
0.273397 0.264574 0.44314 2.18561e-05 0.0188677 
0.151213 0.0842297 0.759528 0.000172531 0.00485663 
0.0840743 0.0281789 0.882301 0.00340771 0.00203824 
0.313125 0.0215416 0.552079 0.032951 0.0803032 
0.363231 0.00818188 0.420922 0.017158 0.190507 
0.187321 0.0468566 0.738159 0.00449753 0.0231663 
0.259311 0.0251206 0.434302 0.0011117 0.280155 
0.0511934 0.00612614 0.888049 0.00295393 0.0516777 
0.188156 0.0972317 0.660287 0.000375813 0.0539501 
0.382572 0.161856 0.431157 0.000454662 0.0239605 
0.111412 0.100596 0.510216 0.000295316 0.27748 
0.327947 0.20607 0.412053 0.00279324 0.0511376 
0.310324 0.105793 0.567452 0.000246558 0.0161843 
0.291384 0.208542 0.353017 0.000720479 0.146336 
0.0976872 0.0906722 0.758592 0.00164963 0.0513988 
0.26696 0.0210929 0.627874 0.0100731 0.0740007 
0.182022 0.133602 0.62906 0.000588243 0.0547269 
0.143157 0.0869895 0.657056 0.0877913 0.0250055 
0.197264 0.147434 0.596378 0.000658475 0.0582662 
0.153494 0.00321124 0.758161 0.00151755 0.0836156 
0.205978 0.0547994 0.695346 0.00103749 0.0428385 
0.112641 0.133385 0.503529 0.0234325 0.227013 
0.133511 0.209772 0.515902 0.000490972 0.140324 
0.260771 0.105136 0.602376 0.00200329 0.0297133 
0.0802083 0.0557696 0.663774 0.056806 0.143442 
0.320044 0.280118 0.335958 0.00117453 0.0627051 
0.344997 0.0845564 0.381659 0.0305032 0.158284 
0.373902 0.139152 0.460139 0.00695929 0.019847 
0.254909 0.0709802 0.506633 0.0203455 0.147132 
0.280682 0.139378 0.51788 0.000322072 0.0617382 
0.237605 0.129781 0.571048 0.00021831 0.0613488 
0.250745 0.0991968 0.569149 0.00687773 0.0740323 
0.355248 0.0598513 0.543095 0.00173606 0.0400697 
0.0502693 0.0247754 0.920616 0.000109006 0.00423006 
0.130053 0.0577433 0.696615 0.00181184 0.113777 
0.390989 0.0711693 0.519653 0.00054884 0.0176402 
1.10871e-05 7.42966e-06 0.986283 0.00492028 0.00877826 
0.437904 0.0365282 0.477454 0.000494264 0.0476189 
0.195538 0.117872 0.350143 0.00152136 0.334925 
0.316674 0.199156 0.450668 0.000149834 0.0333518 
0.208025 0.0848736 0.567377 0.00134971 0.138375 
0.156681 0.0268577 0.775071 4.67491e-05 0.0413433 
0.201146 0.0793429 0.703891 1.15867e-06 0.0156199 
0.44951 0.000645598 0.547583 0.000173464 0.00208771 
0.236756 0.0907036 0.664856 4.48379e-05 0.00764005 
0.182337 0.0425515 0.762077 0.00209458 0.0109407 
0.0569127 0.0440336 0.788178 0.00142742 0.109449 
0.390394 0.0172085 0.565992 0.0229012 0.00350446 
0.269021 0.193158 0.327543 0.0068408 0.203437 
0.105739 0.0661414 0.81951 0.00066296 0.007946 
0.300144 0.171858 0.48808 0.000833087 0.0390851 
0.0882821 0.35029 0.466787 0.000666 0.0939753 
0.00034425 0.000344243 0.757659 0.000344202 0.241308 
0.130463 0.191128 0.669531 0.000517867 0.00836036 
0.155361 0.0352809 0.447784 0.00499831 0.356575 
0.0464774 0.241807 0.703841 1.12688e-10 0.00787458 
0.114102 0.140224 0.487471 0.23183 0.0263734 
0.288079 0.00533289 0.393103 0.0369824 0.276502 
0.110508 0.0740004 0.774176 0.000230007 0.0410863 
0.152294 0.126096 0.69504 0.000358841 0.0262107 
0.200475 0.0429996 0.394694 0.0183339 0.343498 
0.339215 0.19558 0.419052 0.00827359 0.0378794 
0.132882 0.0613351 0.780647 0.00113455 0.0240012 
0.142567 0.0489933 0.795404 0.000165699 0.0128702 
0.242636 0.0527971 0.595882 0.000451023 0.108234 
0.0956593 0.121848 0.758231 0.000101134 0.0241603 
0.159766 0.167451 0.662455 0.00094803 0.00937934 
0.337022 0.0366812 0.341336 0.00310785 0.281854 
0.0569127 0.0440336 0.788178 0.00142742 0.109449 
0.300633 0.108246 0.375419 0.047711 0.167991 
0.213059 0.0561794 0.623756 0.000718795 0.106287 
0.215269 0.0264839 0.546134 5.40806e-05 0.21206 
0.340975 0.155314 0.380315 0.0195369 0.103859 
0.387097 0.0855142 0.444432 8.84148e-05 0.0828683 
0.157086 0.0645069 0.561072 0.00168814 0.215647 
0.237282 0.15182 0.604274 0.00136964 0.00525498 
0.302775 0.20084 0.431762 0.000168896 0.0644542 
0.223589 0.0757812 0.605635 9.35476e-05 0.0949016 
0.328973 0.106885 0.383353 0.00103755 0.179751 
0.0852601 0.0648879 0.801671 0.000147206 0.0480343 
0.179268 0.110424 0.549671 0.00833419 0.152303 
0.121416 0.15352 0.549949 0.000425967 0.174689 
0.0561659 0.0484481 0.711842 0.000440511 0.183104 
0.310361 0.214394 0.462451 0.00381559 0.00897848 
0.187923 0.223192 0.534347 0.00252925 0.0520087 
0.159914 0.0115396 0.818986 0.000504787 0.00905525 
0.41166 0.0132419 0.566372 1.98808e-05 0.00870664 
0.25313 0.148728 0.473394 0.0143747 0.110374 
0.0502693 0.0247754 0.920616 0.000109006 0.00423006 
0.185312 0.0713372 0.704487 0.000180345 0.0386835 
0.0738843 0.0121917 0.907028 0.00038287 0.0065135 
0.315841 0.0228239 0.615907 5.45382e-05 0.0453738 
0.305525 0.0841318 0.511061 0.0139492 0.0853333 
0.186534 0.00650203 0.697739 1.37289e-07 0.109225 
