0.319345 0.0494189 0.219288 0.407658 0.00428992 
0.252005 0.0912437 0.15714 0.497746 0.00186471 
0.209001 0.102795 0.166278 0.521372 0.000552845 
0.474393 0.0296696 0.0103343 0.485111 0.000492043 
0.194949 0.144707 0.116381 0.54074 0.00322289 
0.107992 0.00876386 0.0309016 0.852275 6.75493e-05 
0.0342798 0.0245222 0.0118484 0.928875 0.000474618 
0.169906 0.0182445 0.0105416 0.800566 0.000742614 
0.230029 0.0205017 0.0594868 0.6895 0.000482232 
0.196479 0.134087 0.191971 0.476805 0.000657642 
0.0342798 0.0245222 0.0118484 0.928875 0.000474618 
0.181188 0.188702 0.0979622 0.532073 7.46954e-05 
0.344183 0.0441655 0.044169 0.564695 0.00278743 
0.448025 0.0286187 0.0694557 0.452353 0.00154804 
0.195362 0.0434038 0.125129 0.635126 0.000979958 
0.161931 0.0113208 0.0413223 0.781538 0.00388778 
0.325097 0.162651 0.130726 0.38152 5.32998e-06 
0.363236 0.0349054 0.186784 0.414846 0.00022837 
0.261559 0.027751 0.345294 0.358382 0.00701344 
0.15406 0.0114195 0.0906839 0.742568 0.00126852 
0.365786 0.0212678 0.0254345 0.585548 0.00196455 
0.0495085 0.0279161 0.0221186 0.900113 0.00034339 
0.355559 0.0821448 0.0465018 0.513395 0.00239949 
0.254455 0.0336119 0.0587615 0.65317 2.12747e-06 
0.201517 0.00560743 0.134083 0.658722 7.13969e-05 
0.237542 0.0656789 0.0634786 0.633014 0.000286479 
0.0977588 0.0856207 0.0887207 0.726368 0.00153134 
0.292391 0.0778179 0.121887 0.507477 0.000427139 
0.174531 0.0201236 0.0581579 0.746521 0.00066628 
0.389434 0.107489 0.0177122 0.480776 0.00458847 
0.432206 0.0205137 0.0452095 0.501763 0.000307788 
0.222459 0.223049 0.0617705 0.393969 0.098753 
0.177943 0.081318 0.318799 0.42048 0.00145996 
0.160719 0.0349265 0.0239808 0.777264 0.00311013 
0.15406 0.0114195 0.0906839 0.742568 0.00126852 
0.220127 0.0485292 0.340016 0.391092 0.000235931 
0.067526 0.0153982 0.0385103 0.878512 5.3257e-05 
0.209242 0.043069 0.0536673 0.691435 0.00258653 
0.180894 0.069434 0.0876859 0.661983 3.38819e-06 
0.136727 0.0373426 0.0565769 0.767641 0.00171165 
0.233834 0.0450695 0.151358 0.56843 0.00130884 
0.350377 0.0284759 0.0344206 0.586651 7.54772e-05 
0.218393 0.0754955 0.217454 0.486699 0.00195911 
0.226839 0.0555232 0.0741234 0.641684 0.00183008 
0.334524 0.089351 0.233373 0.342253 0.000498579 
0.0342798 0.0245222 0.0118484 0.928875 0.000474618 
0.161931 0.0113208 0.0413223 0.781538 0.00388778 
0.401255 0.0440119 0.0145788 0.53753 0.00262429 
0.288818 0.127851 0.0310464 0.552249 3.54789e-05 
0.151151 0.0280541 0.164545 0.655748 0.000502699 
0.199959 0.0918082 0.0596046 0.637981 0.0106468 
0.326167 0.165306 0.111171 0.396852 0.000504685 
0.352632 0.0894833 0.0741706 0.482656 0.00105836 
0.00026079 0.000160505 7.48923e-06 0.999351 0.000219766 
0.24285 0.115021 0.275496 0.360318 0.00631508 
0.302288 0.0478028 0.220493 0.428397 0.0010184 
0.278539 0.0751507 0.103387 0.541357 0.0015666 
0.206966 0.0643947 0.193612 0.534552 0.000475107 
0.0142404 5.10227e-11 0.389639 0.59612 1.87775e-10 
0.404911 0.0251648 0.0600711 0.50609 0.00376399 
0.226163 0.0207113 0.0348833 0.71824 2.7956e-06 
0.261714 0.0764829 0.0372086 0.614908 0.00968678 
0.330204 0.0738396 0.0925675 0.501275 0.00211379 
0.11318 0.0241238 0.0567171 0.805486 0.000492561 
0.0558108 0.0664115 0.140852 0.736633 0.000292543 
0.127613 0.0481253 0.015084 0.807304 0.00187356 
0.237713 0.0296971 0.0550461 0.677093 0.000450797 
0.0774886 0.126989 0.185896 0.609607 1.91835e-05 
0.119056 0.0562562 0.0310473 0.79364 3.76606e-07 
0.264134 0.0317003 0.021597 0.681755 0.000813449 
0.0930597 0.0174167 0.0343448 0.855126 5.25451e-05 
0.19461 0.0510107 0.138862 0.615468 4.88515e-05 
0.231542 0.0139593 0.0204325 0.731259 0.00280668 
0.302614 0.0284975 0.278205 0.390225 0.000458472 
0.260813 0.0964671 0.0846247 0.549264 0.00883107 
0.310819 0.0309028 0.118209 0.538036 0.00203319 
0.396626 0.105794 0.0404153 0.455772 0.00139318 
0.404489 0.0347574 0.040691 0.51918 0.000882737 
0.347632 0.0631691 0.057919 0.529971 0.00130891 
0.320519 0.0733204 0.0763349 0.527485 0.00234056 
0.155373 0.019683 0.0345739 0.787887 0.00248319 
0.331267 0.147735 0.0838989 0.436796 0.000302853 
0.179258 0.0308523 0.151799 0.637769 0.000322642 
0.160236 0.0663474 0.024829 0.738393 0.0101939 
0.25466 0.0651025 0.172576 0.505443 0.00221881 
0.115668 0.0352069 0.0505454 0.795675 0.00290461 
0.140805 0.0209629 0.102776 0.729887 0.00556867 
0.269987 0.0383288 0.0469277 0.641738 0.00301941 
0.345874 0.0331093 0.14849 0.463591 0.00893489 
0.231221 0.0906718 0.138313 0.538339 0.00145498 
0.148179 0.0553178 0.0303797 0.765875 0.000248156 
0.210607 0.0352301 0.0702074 0.683293 0.000662291 
0.16605 0.0131313 0.038534 0.778866 0.00341856 
0.152277 0.116459 0.123531 0.607703 2.95551e-05 
0.182538 0.0106227 0.00459124 0.802147 0.000100925 
0.109216 0.0376347 0.0332224 0.819439 0.000487256 
0.350601 0.159154 0.0366815 0.452463 0.00110057 
0.154985 0.0741085 0.115829 0.654215 0.00086311 
0.154211 0.0134946 0.0226245 0.808745 0.000925008 
0.0342798 0.0245222 0.0118484 0.928875 0.000474618 
0.285612 0.0626617 0.294797 0.356845 8.40673e-05 
0.185592 0.141924 0.212297 0.460159 2.83869e-05 
0.290883 0.0460524 0.0294048 0.633371 0.00028865 
0.295949 0.062938 0.0143155 0.626786 1.13876e-05 
0.189717 0.0933473 0.0227128 0.679116 0.0151064 
0.252841 0.0453933 0.0178476 0.682495 0.00142252 
0.298049 0.0364738 0.193179 0.47209 0.000207623 
0.154211 0.0134946 0.0226245 0.808745 0.000925008 
0.28076 0.0890073 0.141018 0.486372 0.00284237 
0.219545 0.0875795 0.144645 0.547396 0.000833917 
0.28646 0.0482667 0.200758 0.464054 0.000461179 
0.114303 0.0887136 0.121938 0.674818 0.000227841 
0.254881 0.0610962 0.111149 0.569753 0.00312134 
0.341526 0.038691 0.151912 0.467861 1.01381e-05 
0.0981107 0.0160639 0.00480876 0.881012 4.51015e-06 
0.301397 0.23534 0.120875 0.342042 0.000346377 
0.226413 0.0178517 0.0369666 0.701848 0.0169213 
0.224321 0.0342899 0.187956 0.551137 0.00229682 
0.12867 0.186693 0.0374752 0.635501 0.0116612 
0.272626 0.0500391 0.161099 0.515604 0.000631714 
0.146681 0.0141798 0.0833937 0.754641 0.00110495 
0.206776 0.0215875 0.126546 0.638264 0.00682647 
0.307245 0.118915 0.108556 0.464734 0.000550668 
0.171398 0.0453773 0.0938817 0.687028 0.00231585 
0.342252 0.0883184 0.0907961 0.476525 0.00210864 
0.15406 0.0114195 0.0906839 0.742568 0.00126852 
0.232794 0.0690211 0.0280669 0.638121 0.0319972 
0.170602 0.0151179 0.0340935 0.778028 0.00215896 
0.170276 0.0125797 0.0996983 0.716066 0.00137939 
0.17484 0.00988184 0.0336907 0.780032 0.00155551 
0.390718 0.0778188 0.106206 0.420179 0.00507784 
0.0977588 0.0856207 0.0887207 0.726368 0.00153134 
0.15406 0.0114195 0.0906839 0.742568 0.00126852 
0.156471 0.0124495 0.0683092 0.761368 0.00140204 
0.401351 0.0451796 0.143951 0.409196 0.000322745 
0.22364 0.185266 0.0831304 0.321628 0.186336 
0.288759 0.0716139 0.213355 0.419288 0.00698303 
0.0871598 0.31038 0.0885088 0.513294 0.00065806 
0.235373 0.0506347 0.0702619 0.642407 0.00132361 
0.0774886 0.126989 0.185896 0.609607 1.91835e-05 
0.221142 0.071052 0.332407 0.374996 0.000402476 
0.20647 0.0535303 0.0313137 0.704941 0.00374544 
0.264821 0.0861921 0.175285 0.463462 0.0102403 
0.170276 0.0125797 0.0996983 0.716066 0.00137939 
0.365908 0.0918565 0.0386231 0.502968 0.000645251 
0.224463 0.0643952 0.0955128 0.609543 0.00608635 
0.128277 0.00901171 0.0349595 0.826404 0.00134843 
0.0159642 0.276472 0.339093 0.362435 0.0060352 
0.41765 0.0308375 0.00794784 0.532658 0.0109061 
0.201646 0.0510817 0.0821041 0.663141 0.00202722 
0.271609 0.0602617 0.262373 0.402654 0.00310196 
0.144207 0.0353393 0.0385963 0.781841 1.63439e-05 
0.0930597 0.0174167 0.0343448 0.855126 5.25451e-05 
0.15406 0.0114195 0.0906839 0.742568 0.00126852 
0.0280306 0.0045811 0.0158887 0.951388 0.000111327 
0.258087 0.0481837 0.0672266 0.622152 0.00435139 
0.210988 0.127131 0.227843 0.433896 0.000142376 
0.363846 0.031624 0.114906 0.488756 0.000867545 
0.226267 0.0369194 0.145423 0.588731 0.00265937 
0.24729 0.13457 0.0934567 0.52466 2.33691e-05 
0.291727 0.116337 0.156434 0.433411 0.00209158 
0.319122 0.0998187 0.0287785 0.552184 9.6614e-05 
0.193276 0.0758376 0.0263318 0.702678 0.00187652 
0.143245 0.0720904 0.178403 0.606204 5.76306e-05 
0.285229 0.0577696 0.311507 0.345404 9.17139e-05 
0.232118 0.0751433 0.203596 0.479363 0.00977902 
0.15761 0.0200128 0.0376554 0.784366 0.000355268 
0.259174 0.0214465 0.0632907 0.656012 7.69761e-05 
0.200552 0.0508085 0.0293575 0.71346 0.00582203 
0.307584 0.0763963 0.0274957 0.581609 0.00691492 
0.177584 0.0250313 0.0197378 0.777592 5.43686e-05 
0.170276 0.0125797 0.0996983 0.716066 0.00137939 
0.222141 0.05859 0.339795 0.372578 0.00689581 
0.334828 0.0649858 0.179412 0.416696 0.00407819 
0.275977 0.0540459 0.058538 0.609707 0.00173259 
0.15761 0.0200128 0.0376554 0.784366 0.000355268 
0.246109 0.000470521 0.297505 0.455913 2.79846e-06 
0.132066 0.060238 0.328994 0.478524 0.000177834 
0.170686 0.0445687 0.0839285 0.699199 0.00161731 
0.424755 0.0274514 0.12171 0.426069 1.41365e-05 
0.322651 0.219925 0.0180453 0.438475 0.000903399 
0.231731 0.0563946 0.101455 0.606859 0.00356075 
0.308139 0.253598 0.0963789 0.33474 0.00714385 
0.105584 0.138918 0.112935 0.641902 0.000661134 
0.363865 0.0735572 0.0271983 0.531192 0.00418673 
0.200537 0.0970378 0.0626625 0.627288 0.012475 
0.0774886 0.126989 0.185896 0.609607 1.91835e-05 
0.15406 0.0114195 0.0906839 0.742568 0.00126852 
0.401255 0.0440119 0.0145788 0.53753 0.00262429 
0.182253 0.0160856 0.106156 0.695388 0.000117458 
0.255233 0.0133189 0.0689841 0.659175 0.00328939 
0.0774886 0.126989 0.185896 0.609607 1.91835e-05 
0.258305 0.0887497 0.303941 0.347318 0.00168642 
0.182538 0.0106227 0.00459124 0.802147 0.000100925 
0.268966 0.0422 0.256086 0.407161 0.0255871 
0.115804 0.116935 0.343388 0.423862 1.02104e-05 
0.184944 0.0898074 0.0236714 0.683691 0.0178864 
0.326402 0.0177058 0.0454118 0.610085 0.000394623 
0.335413 0.0273606 0.0359198 0.599819 0.00148779 
0.265681 0.0845448 0.0848158 0.563315 0.00164333 
0.22336 0.0103892 0.072978 0.687606 0.00566714 
0.346467 0.0823729 0.116699 0.452592 0.00186842 
0.393347 0.0688299 0.0417158 0.493807 0.00229982 
0.142286 0.00117202 0.00575551 0.850785 1.64548e-06 
0.352632 0.0894833 0.0741706 0.482656 0.00105836 
0.271422 0.13271 0.140646 0.431049 0.0241736 
0.257708 0.0870222 0.322123 0.332212 0.000936168 
0.128541 0.0779609 0.216128 0.576552 0.000818812 
0.277334 0.134152 0.248907 0.335482 0.00412485 
0.286181 0.142079 0.196402 0.372486 0.00285154 
0.25032 0.0666522 0.0331203 0.649845 6.25227e-05 
0.404911 0.0251648 0.0600711 0.50609 0.00376399 
0.342252 0.0883184 0.0907961 0.476525 0.00210864 
0.237304 0.0654373 0.170809 0.524978 0.00147199 
0.282486 0.0342266 0.200178 0.479452 0.00365817 
0.119575 0.0457659 0.0916756 0.742921 6.16455e-05 
0.226666 0.0249512 0.0166793 0.726343 0.00536055 
0.292045 0.0355004 0.180819 0.490984 0.000651442 
0.301476 0.0743825 0.145591 0.477562 0.000989268 
0.182538 0.0106227 0.00459124 0.802147 0.000100925 
0.161301 0.033188 0.279149 0.52613 0.000231273 
0.282998 0.118865 0.0227144 0.575308 0.000114738 
0.174691 0.014686 0.0362301 0.771667 0.00272503 
0.161931 0.0113208 0.0413223 0.781538 0.00388778 
0.267448 0.0518167 0.053841 0.622437 0.00445708 
0.302605 0.0803328 0.0820809 0.534887 9.42326e-05 
0.276588 0.0271277 0.12619 0.56469 0.00540336 
0.307936 0.0740178 0.0726972 0.541721 0.00362832 
0.261785 0.0339399 0.255693 0.446587 0.00199513 
0.135279 0.0331904 0.0706283 0.760804 9.84402e-05 
0.160265 0.0135711 0.103607 0.721716 0.000840132 
0.255243 0.0854518 0.120285 0.537833 0.00118806 
0.225026 0.0512761 0.0692599 0.651966 0.00247214 
0.144722 0.064409 0.02027 0.770282 0.000316983 
0.201969 0.0925919 0.128699 0.57527 0.00146935 
0.291886 0.0998498 0.147798 0.459464 0.00100273 
0.259907 0.0725609 0.12797 0.535715 0.00384738 
0.103154 0.130126 0.180468 0.585679 0.000572965 
0.238758 0.104565 0.035895 0.617336 0.00344579 
0.240035 0.0442391 0.0152696 0.700186 0.000270693 
0.27604 0.0382209 0.129769 0.55298 0.00299057 
0.278544 0.310127 0.0425624 0.312695 0.056072 
0.0977588 0.0856207 0.0887207 0.726368 0.00153134 
0.313221 0.0870842 0.123385 0.473487 0.0028226 
0.122204 0.0995077 0.223097 0.55468 0.000512182 
0.324744 0.0286463 0.299783 0.344979 0.00184756 
0.237996 0.3247 0.0788452 0.352886 0.00557285 
0.156963 0.0139056 0.0715344 0.753877 0.00371977 
0.208268 0.216307 0.209337 0.366019 6.87428e-05 
0.0523553 0.0125274 0.0660195 0.869059 3.90354e-05 
0.165166 0.0158006 0.164913 0.653307 0.000814111 
0.213528 0.0249129 0.0734228 0.687586 0.000549798 
0.356154 0.0463939 0.0104926 0.586944 1.5485e-05 
0.0903914 0.0731717 0.0731051 0.762916 0.000415754 
0.249193 0.0638815 0.0742849 0.599518 0.0131216 
0.183855 0.0467347 0.0910535 0.667259 0.0110983 
0.252809 0.0221655 0.0517417 0.67285 0.000433171 
0.169026 0.0124758 0.0840125 0.733294 0.00119144 
0.0974334 0.0605638 0.0136462 0.827004 0.00135299 
0.313266 0.0901653 0.0776888 0.50188 0.0170006 
0.204189 0.0642508 0.00754737 0.72274 0.0012731 
0.194365 0.0381414 0.0198896 0.744813 0.00279147 
0.264136 0.015872 0.0602358 0.659099 0.00065657 
0.363322 0.0824402 0.181976 0.370127 0.00213458 
0.241674 0.0341671 0.326719 0.397158 0.000282048 
0.283895 0.109661 0.0539669 0.552353 0.000123764 
0.178334 0.0145358 0.0139455 0.793124 6.06244e-05 
0.15406 0.0114195 0.0906839 0.742568 0.00126852 
0.240059 0.0271857 0.0333796 0.699285 9.1113e-05 
0.240035 0.0442391 0.0152696 0.700186 0.000270693 
0.264595 0.0293811 0.0669701 0.639051 3.08094e-06 
0.199777 0.155171 0.0315866 0.582573 0.0308933 
0.142504 0.0511731 0.200179 0.599216 0.00692816 
0.252841 0.0453933 0.0178476 0.682495 0.00142252 
0.186471 0.142218 0.145536 0.525429 0.000345894 
0.243422 0.0387814 0.0316741 0.685906 0.000217012 
0.327776 0.0817556 0.0344669 0.552178 0.00382362 
0.218962 0.0431903 0.143308 0.594401 0.000139143 
0.300789 0.075036 0.206474 0.413766 0.00393475 
0.251353 0.276756 0.0639471 0.398655 0.00928858 
0.164305 0.0243585 0.102091 0.708121 0.00112357 
0.0822524 0.0409524 0.027028 0.846762 0.00300492 
0.231339 0.0719587 0.289651 0.402976 0.00407485 
0.264134 0.0317003 0.021597 0.681755 0.000813449 
0.182538 0.0106227 0.00459124 0.802147 0.000100925 
0.351373 0.0868663 0.0204045 0.541327 2.94023e-05 
0.263203 0.0884515 0.168483 0.476696 0.00316631 
0.214397 0.268437 0.0413178 0.464974 0.0108735 
0.155825 0.00673495 0.0496925 0.78767 7.76068e-05 
0.0897854 0.0280528 0.00410644 0.878016 3.93223e-05 
0.352632 0.0894833 0.0741706 0.482656 0.00105836 
0.165708 0.015461 0.039507 0.776005 0.00331944 
0.264595 0.0293811 0.0669701 0.639051 3.08094e-06 
0.335365 0.078592 0.0560876 0.52102 0.00893508 
0.195984 0.0368355 0.0276294 0.738133 0.00141779 
0.196712 0.0332311 0.194028 0.575851 0.000177296 
0.260721 0.0737541 0.107194 0.558224 0.000106313 
0.109216 0.0376347 0.0332224 0.819439 0.000487256 
0.104901 0.0131696 0.00633337 0.875522 7.40584e-05 
0.302288 0.0478028 0.220493 0.428397 0.0010184 
0.107546 0.0304458 0.0620012 0.799623 0.000384677 
0.377421 0.074903 0.106581 0.440972 0.000123262 
0.302605 0.0803328 0.0820809 0.534887 9.42326e-05 
0.100301 0.0216514 0.0203743 0.857222 0.000451523 
0.135836 0.0126699 0.0868964 0.764236 0.000361326 
0.308513 0.126532 0.106907 0.45318 0.00486745 
0.267933 0.0470872 0.0991009 0.578491 0.0073872 
0.338403 0.0467997 0.0782702 0.536494 3.33987e-05 
0.182538 0.0106227 0.00459124 0.802147 0.000100925 
0.225884 0.0992224 0.0402053 0.634608 8.06486e-05 
0.123405 0.0257115 0.0580011 0.790806 0.00207693 
0.0822524 0.0409524 0.027028 0.846762 0.00300492 
0.185969 0.0805565 0.0185716 0.713221 0.00168251 
0.247246 0.0237435 0.134515 0.592936 0.00156044 
0.157999 0.0300163 0.137431 0.670636 0.00391783 
0.090918 0.043807 0.269831 0.595416 2.79177e-05 
0.166597 0.0388831 0.182634 0.611528 0.000357426 
0.375104 0.0534018 0.0255766 0.545755 0.000162317 
0.355666 0.105687 0.120441 0.415763 0.00244255 
0.184833 0.0407254 0.0362475 0.734873 0.00332169 
0.302489 0.0472157 0.0257183 0.624194 0.000383286 
0.163999 0.0248045 0.00780294 0.803234 0.000159705 
0.16835 0.0187558 0.0581392 0.747706 0.00704881 
0.273128 0.0445751 0.066432 0.615303 0.000562199 
0.232079 0.0662128 0.118035 0.582442 0.00123062 
0.325182 0.0759753 0.125898 0.465646 0.00729922 
0.149169 0.0130706 0.159824 0.674479 0.00345782 
0.038839 0.0155483 0.144552 0.800794 0.000266986 
0.252456 0.033434 0.179999 0.532187 0.00192337 
0.291286 0.0390877 0.0208233 0.648692 0.000111414 
0.100301 0.0216514 0.0203743 0.857222 0.000451523 
0.147086 0.060299 0.154071 0.637987 0.000556478 
0.209884 0.0529282 0.0426825 0.692845 0.00165963 
0.15406 0.0114195 0.0906839 0.742568 0.00126852 
0.200107 0.121729 0.100784 0.559787 0.0175929 
0.294662 0.051565 0.157516 0.493945 0.00231203 
0.241069 0.13975 0.0795947 0.536429 0.00315727 
0.125124 0.0283166 0.0782455 0.76831 3.97506e-06 
0.251527 0.317558 0.0668102 0.362289 0.00181494 
0.147496 0.0753581 0.0435575 0.728573 0.00501575 
0.194422 0.0151984 0.3639 0.426346 0.000133709 
0.408026 0.0643824 0.0407099 0.481554 0.00532711 
0.368387 0.0353845 0.196854 0.397742 0.00163219 
0.0495685 0.027892 0.0558598 0.866629 5.03659e-05 
0.286244 0.0708599 0.19588 0.444049 0.00296724 
0.12025 0.0553434 0.279765 0.542348 0.00229353 
0.0591145 0.0116796 0.031962 0.897211 3.29482e-05 
0.314148 0.0298758 0.0669909 0.588962 2.36827e-05 
0.248946 0.1757 0.0303153 0.536623 0.00841529 
0.193138 0.0263524 0.159863 0.619377 0.00126957 
0.224674 0.0407832 0.0202603 0.71409 0.000192871 
0.227367 0.0879545 0.277177 0.398535 0.00896609 
0.392237 0.0852646 0.0643159 0.447462 0.0107208 
0.412974 0.0725832 0.0540953 0.455933 0.00441414 
0.170483 0.0514376 0.091851 0.685865 0.000363214 
0.308943 0.0608313 0.156541 0.472841 0.000844061 
0.161959 0.0121929 0.0846072 0.741208 3.36407e-05 
0.286707 0.0570148 0.228352 0.417493 0.010433 
0.191181 0.0211923 0.0742003 0.713186 0.000240393 
0.161931 0.0113208 0.0413223 0.781538 0.00388778 
0.283864 0.0872037 0.164618 0.46004 0.00427436 
0.162933 0.0700342 0.0818907 0.651922 0.0332205 
0.078362 0.0098484 0.0106466 0.899468 0.00167516 
0.294529 0.107674 0.160496 0.420824 0.0164762 
0.148783 0.0865028 0.369381 0.394311 0.00102132 
0.137341 0.0412161 0.0542856 0.766281 0.000876626 
0.152867 0.0393711 0.0422128 0.762166 0.00338226 
0.114591 0.0110949 0.0187224 0.855584 7.27914e-06 
0.345201 0.113377 0.0613285 0.480055 3.87836e-05 
0.0500359 0.0459033 0.0111647 0.892891 5.39754e-06 
0.204775 0.0176954 0.0133597 0.764042 0.000128366 
0.26875 0.0435619 0.0547565 0.632916 1.54641e-05 
0.194656 0.0963272 0.0577771 0.647053 0.00418692 
0.187472 0.0717198 0.220264 0.510494 0.01005 
0.14448 0.00513216 0.0157664 0.834597 2.42717e-05 
0.107992 0.00876386 0.0309016 0.852275 6.75493e-05 
0.301547 0.132512 0.153713 0.411359 0.000868528 
0.253755 0.030058 0.0155943 0.691815 0.00877838 
0.151151 0.0280541 0.164545 0.655748 0.000502699 
0.214258 0.101824 0.230894 0.452682 0.000341 
0.187758 0.0411169 0.0249756 0.74595 0.00019996 
0.292339 0.0540271 0.19256 0.461041 3.36382e-05 
0.257173 0.0525623 0.200883 0.486989 0.00239248 
0.16018 0.0364166 0.0470355 0.755117 0.00125073 
0.177476 0.144558 0.275584 0.382802 0.0195791 
0.15406 0.0114195 0.0906839 0.742568 0.00126852 
0.202878 0.111246 0.0470982 0.637926 0.000851156 
0.182538 0.0106227 0.00459124 0.802147 0.000100925 
0.334812 0.150437 0.152663 0.356363 0.00572446 
0.0342798 0.0245222 0.0118484 0.928875 0.000474618 
0.205542 0.18014 0.263356 0.342986 0.00797602 
0.168626 0.143299 0.0697198 0.617977 0.000378086 
0.122942 0.00945176 0.0195592 0.848045 1.29969e-06 
0.340004 0.0356229 0.118833 0.505537 2.54115e-06 
0.263601 0.0835386 0.187102 0.460852 0.00490632 
0.302494 0.0434255 0.101818 0.550648 0.00161402 
0.373489 0.0745116 0.0854197 0.46589 0.0006904 
0.293209 0.038528 0.11574 0.54649 0.0060333 
0.17484 0.00988184 0.0336907 0.780032 0.00155551 
0.326611 0.141303 0.028063 0.502185 0.00183845 
0.168467 0.0288788 0.096079 0.706541 3.47832e-05 
0.203599 0.0358388 0.0431932 0.711557 0.0058124 
0.311238 0.0900499 0.225093 0.373422 0.000197029 
0.309882 0.0177117 0.0151022 0.654678 0.00262639 
0.214724 0.182137 0.0759174 0.439128 0.0880937 
0.373601 0.0863092 0.110447 0.428132 0.00151004 
0.221973 0.0105504 0.0753202 0.692151 5.37144e-06 
0.384693 0.0313872 0.0621432 0.521623 0.000153887 
0.255571 0.0614313 0.288543 0.394278 0.000176047 
0.0868602 0.0127954 0.0519068 0.848326 0.000111169 
0.0888285 0.35192 0.0597293 0.499522 1.08323e-12 
0.161301 0.033188 0.279149 0.52613 0.000231273 
0.252841 0.0453933 0.0178476 0.682495 0.00142252 
0.193276 0.0758376 0.0263318 0.702678 0.00187652 
0.15761 0.0200128 0.0376554 0.784366 0.000355268 
0.137735 0.0456288 0.0141281 0.802391 0.000117825 
0.109216 0.0376347 0.0332224 0.819439 0.000487256 
0.0774886 0.126989 0.185896 0.609607 1.91835e-05 
0.292353 0.075462 0.17377 0.455039 0.00337558 
0.20058 0.303091 0.0733544 0.405348 0.0176267 
0.116239 0.0188316 0.159619 0.703843 0.00146749 
0.0789875 0.00729074 0.00546731 0.908188 6.64359e-05 
0.237511 0.0806126 0.115415 0.550292 0.0161694 
0.176704 0.140502 0.0384267 0.638316 0.00605083 
0.298941 0.142224 0.22099 0.333333 0.00451334 
0.282923 0.0934425 0.12852 0.488574 0.00654075 
0.293042 0.0904025 0.0410484 0.575232 0.000275781 
0.170366 0.0109217 0.0841798 0.733374 0.00115829 
0.15406 0.0114195 0.0906839 0.742568 0.00126852 
0.109216 0.0376347 0.0332224 0.819439 0.000487256 
0.163622 0.0126946 0.0391812 0.780889 0.00361337 
0.154211 0.0134946 0.0226245 0.808745 0.000925008 
0.253733 0.112195 0.312232 0.321337 0.000502368 
0.116421 0.0425119 0.0150682 0.825506 0.000492781 
0.245499 0.0524684 0.0695814 0.632361 8.98789e-05 
0.0774886 0.126989 0.185896 0.609607 1.91835e-05 
0.0342798 0.0245222 0.0118484 0.928875 0.000474618 
0.297484 0.097665 0.141831 0.456954 0.00606613 
0.130437 0.0502527 0.0112159 0.807915 0.000179205 
0.160212 0.0117099 0.0406769 0.783466 0.00393519 
0.327899 0.0913831 0.0924496 0.487279 0.000989909 
0.160868 0.0116728 0.0954721 0.730598 0.00138822 
0.184792 0.0746007 0.0420004 0.697763 0.000843509 
0.229517 0.0472477 0.120495 0.60268 6.04047e-05 
0.242858 0.051669 0.268296 0.436423 0.000753743 
0.357229 0.0213356 0.0420486 0.579183 0.000203286 
0.102961 0.0152921 0.0397578 0.841811 0.000177604 
0.115668 0.0352069 0.0505454 0.795675 0.00290461 
0.320586 0.12188 0.100997 0.453289 0.003249 
0.425924 0.0627294 0.0495089 0.458816 0.00302195 
0.339395 0.0896219 0.0990506 0.458055 0.0138783 
0.212004 0.107598 0.263704 0.410883 0.00581155 
0.115019 0.0214743 0.00904979 0.854308 0.000148816 
0.161931 0.0113208 0.0413223 0.781538 0.00388778 
0.192487 0.0878571 0.120496 0.595488 0.0036719 
0.279373 0.074285 0.311936 0.33203 0.0023769 
0.338746 0.0909494 0.12046 0.44483 0.00501486 
0.24337 0.0274206 0.0617399 0.664321 0.0031488 
0.223528 0.0709012 0.143012 0.562511 4.72792e-05 
0.154841 0.0319618 0.0941508 0.71893 0.000117169 
0.324778 0.0485013 0.165256 0.459463 0.00200046 
0.272181 0.0601523 0.196128 0.4699 0.00163901 
0.19275 0.0846901 0.0255357 0.695745 0.00127906 
0.202389 0.0495982 0.0408246 0.704471 0.00271799 
0.235647 0.0755251 0.0231644 0.665651 1.26559e-05 
0.298102 0.0836349 0.111772 0.503376 0.00311438 
0.401824 0.0275393 0.102191 0.467283 0.00116357 
0.194453 0.0370541 0.268808 0.499098 0.000587223 
0.252841 0.0453933 0.0178476 0.682495 0.00142252 
0.0774886 0.126989 0.185896 0.609607 1.91835e-05 
0.422382 0.035601 0.0580745 0.48065 0.00329264 
0.196242 0.0224648 0.018415 0.761454 0.00142391 
0.174691 0.014686 0.0362301 0.771667 0.00272503 
0.295787 0.0872172 0.117331 0.496615 0.00304992 
0.283993 0.0348829 0.0524421 0.628475 0.00020703 
0.208452 0.076121 0.0268365 0.686659 0.00193167 
0.284428 0.0864 0.0816156 0.543569 0.00398774 
0.225026 0.0512761 0.0692599 0.651966 0.00247214 
0.210651 0.0554469 0.0735469 0.656002 0.00435387 
0.171225 0.0494753 0.0818707 0.695847 0.00158132 
0.15406 0.0114195 0.0906839 0.742568 0.00126852 
0.109216 0.0376347 0.0332224 0.819439 0.000487256 
0.380774 0.0180264 0.137567 0.463278 0.000354613 
0.15406 0.0114195 0.0906839 0.742568 0.00126852 
0.161931 0.0113208 0.0413223 0.781538 0.00388778 
0.227695 0.0592002 0.0471048 0.665833 0.000166734 
0.180418 0.0191246 0.163022 0.63625 0.00118533 
0.341364 0.0327629 0.0771046 0.548112 0.000657158 
0.405019 0.0979947 0.0461641 0.445918 0.00490362 
0.355549 0.0167917 0.167638 0.458065 0.00195729 
0.180528 0.0433132 0.0515074 0.724524 0.000127409 
0.114311 0.022365 0.017121 0.843195 0.00300781 
0.147558 0.0226314 0.0207 0.808601 0.000509797 
0.1039 0.0286877 0.228458 0.638953 1.55925e-06 
0.323787 0.0606714 0.0995349 0.50853 0.00747712 
0.161931 0.0113208 0.0413223 0.781538 0.00388778 
0.165912 0.0380661 0.0865949 0.707807 0.00162001 
0.237361 0.106432 0.0469094 0.608569 0.00072875 
0.356121 0.0834342 0.129056 0.428 0.00338882 
0.268568 0.154711 0.0814877 0.494621 0.000612058 
0.135279 0.0331904 0.0706283 0.760804 9.84402e-05 
0.272601 0.193891 0.252459 0.280357 0.000691954 
0.197966 0.100434 0.282216 0.419277 0.000107204 
0.300693 0.0551699 0.136676 0.504082 0.00337901 
0.365727 0.0670406 0.068406 0.489964 0.00886194 
0.231719 0.0620421 0.0645332 0.641518 0.000188148 
0.37275 0.146272 0.0710134 0.407351 0.0026134 
0.165606 0.039548 0.37259 0.422246 9.8538e-06 
0.412928 0.105849 0.0386822 0.437314 0.00522632 
0.0744829 0.0196831 0.00683831 0.897967 0.00102835 
0.228495 0.0319885 0.219356 0.518556 0.00160406 
0.156471 0.0124495 0.0683092 0.761368 0.00140204 
0.15406 0.0114195 0.0906839 0.742568 0.00126852 
0.11318 0.0241238 0.0567171 0.805486 0.000492561 
0.29285 0.0537794 0.1098 0.543532 3.88765e-05 
0.13943 0.0497695 0.027854 0.771402 0.011544 
0.0515572 0.0155367 0.040379 0.892526 8.35664e-07 
0.309156 0.0325257 0.0829576 0.574992 0.000369099 
0.304297 0.108167 0.178102 0.405067 0.00436739 
0.254521 0.0367214 0.0136994 0.690606 0.00445268 
0.196308 0.0701153 0.117542 0.615174 0.000861431 
0.331241 0.0484854 0.242488 0.36979 0.00799578 
0.192312 0.00665724 0.0208725 0.780136 2.29605e-05 
0.180595 0.0347542 0.138282 0.643681 0.00268685 
0.331426 0.143717 0.049713 0.475138 5.86307e-06 
0.123391 0.0645238 0.140993 0.670866 0.000227459 
0.130437 0.0502527 0.0112159 0.807915 0.000179205 
0.113611 0.0323599 0.0774415 0.776486 0.000102097 
0.165862 0.0375522 0.0151429 0.781441 1.64131e-06 
0.174691 0.014686 0.0362301 0.771667 0.00272503 
0.31218 0.0457081 0.270029 0.369539 0.00254457 
0.281837 0.022682 0.0175562 0.671986 0.00593827 
0.244823 0.116254 0.0897174 0.54512 0.00408613 
0.206067 0.0324003 0.204164 0.555311 0.00205861 
0.161931 0.0113208 0.0413223 0.781538 0.00388778 
0.175505 0.0162407 0.0923033 0.712211 0.0037406 
0.297139 0.0328716 0.0632742 0.601123 0.00559202 
0.167842 0.0502376 0.0647148 0.713672 0.00353361 
0.283389 0.0473847 0.0255166 0.643579 0.000130781 
0.148018 0.074618 0.26916 0.507547 0.000657439 
0.164305 0.0243585 0.102091 0.708121 0.00112357 
0.226524 0.138824 0.0511477 0.566532 0.0169721 
0.122042 0.0199515 0.0843178 0.773342 0.00034691 
0.174691 0.014686 0.0362301 0.771667 0.00272503 
0.323297 0.0217019 0.132659 0.518183 0.00415936 
0.238298 0.205576 0.117077 0.430264 0.00878485 
0.131696 0.118609 0.144878 0.604792 2.50391e-05 
0.189775 0.0367743 0.34251 0.43069 0.000251719 
0.273965 0.0677942 0.121471 0.534463 0.00230634 
0.180603 0.0151066 0.103138 0.699503 0.00164947 
0.424508 0.0267032 0.068874 0.479129 0.000786016 
0.286132 0.042503 0.0308632 0.636646 0.00385627 
0.288886 0.0506732 0.238887 0.421496 5.65494e-05 
0.0899322 0.0461028 0.026702 0.834073 0.00319038 
0.29735 0.0615735 0.113291 0.524644 0.00314213 
0.170232 0.0522238 0.282697 0.491938 0.00290888 
0.15406 0.0114195 0.0906839 0.742568 0.00126852 
0.312191 0.0234608 0.0435548 0.620573 0.00022061 
0.35861 0.0445168 0.176299 0.419455 0.00111915 
0.187194 0.0286987 0.018266 0.765428 0.000413404 
0.184939 0.0444562 0.0172322 0.746913 0.00646004 
0.381456 0.0300381 0.0400079 0.54828 0.000217671 
0.358573 0.0863986 0.0620808 0.488233 0.00471445 
0.417822 0.0556552 0.0820437 0.443866 0.000612289 
0.127113 0.127341 0.152366 0.592717 0.000462425 
0.188709 0.0401402 0.0218913 0.704517 0.0447428 
0.260765 0.119314 0.192527 0.423089 0.00430476 
0.283472 0.0118527 0.0477337 0.656364 0.000578462 
0.183789 0.174066 0.304231 0.333451 0.00446379 
0.264595 0.0293811 0.0669701 0.639051 3.08094e-06 
0.27227 0.0342151 0.0582988 0.635086 0.000130245 
0.266054 0.046086 0.0693624 0.617923 0.00057446 
0.218299 0.0138206 0.0256574 0.740836 0.00138658 
0.335502 0.0199238 0.0732636 0.570874 0.000436491 
0.365789 0.0724494 0.160529 0.400563 0.000669875 
0.349993 0.0595043 0.0945267 0.495382 0.000593637 
0.279079 0.0856519 0.101977 0.530666 0.00262608 
0.346743 0.119828 0.0425842 0.486957 0.00388778 
0.161931 0.0113208 0.0413223 0.781538 0.00388778 
0.342175 0.0294132 0.0691415 0.552392 0.00687885 
0.15406 0.0114195 0.0906839 0.742568 0.00126852 
0.154211 0.0134946 0.0226245 0.808745 0.000925008 
0.194656 0.0963272 0.0577771 0.647053 0.00418692 
0.244637 0.0777376 0.225288 0.449838 0.00250008 
0.230778 0.0943986 0.110967 0.561715 0.00214137 
0.41474 0.0203317 0.0414278 0.523091 0.000409831 
0.0789875 0.00729074 0.00546731 0.908188 6.64359e-05 
0.11318 0.0241238 0.0567171 0.805486 0.000492561 
0.330664 0.0393185 0.0662988 0.563465 0.000254338 
0.243975 0.061211 0.0320606 0.630742 0.0320114 
0.109216 0.0376347 0.0332224 0.819439 0.000487256 
0.128996 0.0111796 0.030531 0.828349 0.000944723 
0.113611 0.0323599 0.0774415 0.776486 0.000102097 
0.189727 0.0497147 0.026366 0.728099 0.00609296 
0.283206 0.124474 0.0603552 0.531759 0.000205658 
0.246585 0.0431565 0.1259 0.581638 0.00272089 
0.237412 0.134084 0.208924 0.419118 0.000461194 
0.282331 0.0687906 0.0865651 0.555553 0.00676052 
0.332119 0.0628623 0.178652 0.425889 0.000477704 
0.0714981 0.0147492 0.174021 0.738419 0.00131334 
0.350913 0.0605538 0.0798338 0.505731 0.00296852 
0.264595 0.0293811 0.0669701 0.639051 3.08094e-06 
0.171859 0.0612604 0.049149 0.717623 0.000108527 
0.326159 0.104272 0.210778 0.3552 0.00359025 
0.238039 0.189507 0.169561 0.385233 0.0176602 
0.161931 0.0113208 0.0413223 0.781538 0.00388778 
0.230269 0.0640531 0.170946 0.531328 0.00340299 
0.273164 0.0647412 0.140453 0.516637 0.00500428 
0.419076 0.0602963 0.087391 0.429614 0.00362331 
0.109216 0.0376347 0.0332224 0.819439 0.000487256 
0.191602 0.0366226 0.0462356 0.725364 0.000176098 
0.191967 0.0806702 0.178913 0.547791 0.000658607 
0.290453 0.0443014 0.180277 0.481563 0.00340542 
0.186726 0.116911 0.221249 0.440156 0.0349578 
0.170276 0.0125797 0.0996983 0.716066 0.00137939 
0.316928 0.0400433 0.0702532 0.572372 0.000403499 
0.436043 0.0609054 0.0281648 0.474654 0.000231991 
0.268497 0.10565 0.227315 0.395968 0.00256906 
0.288514 0.0612923 0.0199573 0.628315 0.00192084 
0.14858 0.00539074 0.0518617 0.794103 6.45986e-05 
0.20078 0.0508478 0.0350027 0.706899 0.00647004 
0.242562 0.0599657 0.167682 0.529508 0.000282554 
0.20517 0.0294887 0.0410313 0.722944 0.00136529 
0.354369 0.151955 0.0411574 0.450655 0.00186414 
0.192448 0.0260896 0.0391981 0.737676 0.00458864 
0.158918 0.0749545 0.286187 0.478656 0.00128441 
0.291236 0.0674983 0.107677 0.532559 0.00102911 
0.13943 0.0497695 0.027854 0.771402 0.011544 
0.24749 0.0547675 0.0379984 0.659549 0.000194945 
0.259025 0.0452076 0.0675383 0.619744 0.00848513 
0.313266 0.0901653 0.0776888 0.50188 0.0170006 
0.15406 0.0114195 0.0906839 0.742568 0.00126852 
0.275281 0.134664 0.0833443 0.499591 0.00712031 
0.170366 0.0109217 0.0841798 0.733374 0.00115829 
0.170459 0.0206221 0.104751 0.699321 0.00484657 
0.357229 0.0213356 0.0420486 0.579183 0.000203286 
0.268053 0.0444744 0.229066 0.456311 0.00209597 
0.20697 0.0156568 0.0428146 0.730194 0.00436442 
0.111786 4.31577e-06 0.0599942 0.828212 4.31539e-06 
0.24071 0.0569804 0.212814 0.488372 0.00112397 
0.278544 0.310127 0.0425624 0.312695 0.056072 
0.140912 0.0712622 0.132 0.655805 2.11844e-05 
0.226646 0.0387703 0.129141 0.605402 4.01012e-05 
0.161931 0.0113208 0.0413223 0.781538 0.00388778 
0.220266 0.0214852 0.0726104 0.682596 0.00304215 
0.293099 0.0203359 0.287737 0.398701 0.000127196 
0.134231 0.112967 0.0669448 0.685701 0.000156569 
0.349284 0.146215 0.0895475 0.40919 0.00576346 
0.290747 0.0641756 0.150749 0.493769 0.000558742 
0.174691 0.014686 0.0362301 0.771667 0.00272503 
0.208275 0.0589876 0.0739926 0.654545 0.00420016 
0.22087 0.0610027 0.0238293 0.686773 0.00752505 
0.385947 0.0345714 0.0238668 0.555574 4.00062e-05 
0.287194 0.0863047 0.234416 0.389956 0.00212954 
0.216256 0.0837903 0.135094 0.549407 0.0154534 
0.0136734 0.00291297 0.473522 0.509886 5.56124e-06 
0.176383 0.0317212 0.0450226 0.7468 7.30229e-05 
0.301967 0.0465873 0.21997 0.430435 0.00104089 
0.115668 0.0352069 0.0505454 0.795675 0.00290461 
0.14383 0.100441 0.0402361 0.715492 1.0321e-06 
0.283782 0.074137 0.203137 0.436994 0.00194983 
0.257194 0.035066 0.0709409 0.636771 2.823e-05 
0.236303 0.0424727 0.159704 0.561216 0.000303977 
0.401974 0.0270345 0.028115 0.542736 0.000140383 
0.170963 0.053943 0.355859 0.418911 0.000324088 
0.223726 0.041369 0.0106185 0.717832 0.00645473 
0.250576 0.00686951 0.0205641 0.721974 1.62453e-05 
0.13782 0.0255676 0.0513681 0.784781 0.000462722 
0.163779 0.0864712 0.033897 0.715782 7.01406e-05 
0.107992 0.00876386 0.0309016 0.852275 6.75493e-05 
0.150337 0.302327 0.214784 0.306843 0.02571 
0.325184 0.0793933 0.100692 0.490535 0.00419607 
0.21075 0.0208875 0.20293 0.565036 0.000395586 
0.106483 0.0149901 0.111478 0.747611 0.0194388 
0.104901 0.0131696 0.00633337 0.875522 7.40584e-05 
0.224674 0.0407832 0.0202603 0.71409 0.000192871 
0.215694 0.257648 0.0913997 0.434939 0.000318818 
0.313378 0.00627933 0.21501 0.465176 0.00015761 
0.151151 0.0280541 0.164545 0.655748 0.000502699 
0.331107 0.0618983 0.0169282 0.586565 0.0035015 
0.313514 0.0345887 0.109308 0.541771 0.00081941 
0.133137 0.0427717 0.0327397 0.787192 0.00415884 
0.290906 0.189258 0.0701938 0.448666 0.000975159 
0.346336 0.058743 0.0589441 0.528718 0.00725842 
0.230778 0.0943986 0.110967 0.561715 0.00214137 
0.181714 0.0652283 0.0336557 0.704941 0.0144614 
0.204032 0.0309478 0.0417842 0.722923 0.000313009 
0.174691 0.014686 0.0362301 0.771667 0.00272503 
0.356614 0.0475683 0.0962383 0.498762 0.000817645 
0.241674 0.0341671 0.326719 0.397158 0.000282048 
0.259361 0.000492859 0.00844047 0.731703 2.78713e-06 
0.27081 0.0529309 0.195095 0.480185 0.000979204 
0.224674 0.0407832 0.0202603 0.71409 0.000192871 
0.162412 0.0406528 0.0259533 0.763792 0.0071899 
0.147184 0.0307198 0.0487686 0.773237 9.05444e-05 
0.396046 0.0413555 0.0482183 0.514343 3.70403e-05 
0.253774 0.113517 0.0661654 0.555795 0.0107486 
0.15761 0.0200128 0.0376554 0.784366 0.000355268 
0.0492897 0.0132612 0.00468328 0.932762 3.358e-06 
0.37229 0.0288151 0.0358667 0.563023 5.25058e-06 
0.100301 0.0216514 0.0203743 0.857222 0.000451523 
0.274453 0.0794113 0.183572 0.460322 0.00224165 
0.182824 0.0155621 0.0459943 0.755523 9.64605e-05 
0.333144 0.0179904 0.131084 0.517594 0.000187153 
0.24119 0.0501197 0.0596776 0.648986 2.67149e-05 
0.220266 0.0214852 0.0726104 0.682596 0.00304215 
0.293175 0.0789003 0.0949604 0.530167 0.0027975 
0.331935 0.0837968 0.211138 0.371644 0.00148611 
0.219314 0.0548426 0.273144 0.451503 0.00119549 
0.36193 0.0793257 0.16491 0.381903 0.0119316 
0.224228 0.0114291 0.014852 0.741056 0.00843571 
0.363895 0.0470999 0.151167 0.432991 0.00484609 
0.11318 0.0241238 0.0567171 0.805486 0.000492561 
0.173502 0.0214074 0.147765 0.654899 0.00242625 
0.137145 0.0275272 0.132261 0.70279 0.000276475 
0.287216 0.0156802 0.271472 0.4256 3.19323e-05 
0.265681 0.0845448 0.0848158 0.563315 0.00164333 
0.389136 0.0256833 0.0392684 0.545908 3.87687e-06 
0.124232 0.0708472 0.158736 0.64576 0.000424189 
0.194699 0.00926582 0.0725278 0.7235 7.05968e-06 
0.300688 0.0418115 0.124393 0.531962 0.00114623 
0.353035 0.0367018 0.123159 0.486896 0.000207706 
0.17484 0.00988184 0.0336907 0.780032 0.00155551 
0.0673208 0.0648822 0.232198 0.635148 0.00045175 
0.314287 0.0574714 0.0953361 0.532297 0.000608169 
0.24752 0.149261 0.238779 0.363373 0.00106747 
0.301274 0.0598259 0.143193 0.46872 0.0269865 
0.236533 0.0574459 0.251742 0.452091 0.00218831 
0.258446 0.0713433 0.0643133 0.605214 0.000683695 
0.17484 0.00988184 0.0336907 0.780032 0.00155551 
0.346145 0.0555972 0.0475921 0.54854 0.0021255 
0.216239 0.079774 0.267636 0.435415 0.000936209 
0.307444 0.0408145 0.124443 0.527098 0.000201314 
0.164495 0.0380629 0.129893 0.663178 0.00437102 
0.214724 0.182137 0.0759174 0.439128 0.0880937 
0.385419 0.132611 0.0514965 0.430432 4.21015e-05 
0.19143 0.0572652 0.0487204 0.699114 0.00346968 
0.18251 0.0124643 0.0378991 0.763605 0.00352197 
0.0979021 0.0319969 0.032848 0.835307 0.00194627 
0.140153 0.014716 0.0717831 0.773255 9.30318e-05 
0.181635 0.0278445 0.0415589 0.748037 0.000924595 
0.324927 0.0415389 0.250875 0.382464 0.000195038 
0.411644 0.0661884 0.0657312 0.455738 0.000697897 
0.0527371 0.0370198 0.0434383 0.866721 8.36806e-05 
0.19551 0.0391914 0.0943893 0.667195 0.00371423 
0.11738 0.00914557 0.0273489 0.845054 0.00107095 
0.171486 0.32218 0.0709158 0.432548 0.0028706 
0.309882 0.0177117 0.0151022 0.654678 0.00262639 
0.25885 0.165764 0.0364173 0.536665 0.00230282 
0.253702 0.0534226 0.189588 0.500914 0.00237294 
0.302937 0.104416 0.0344479 0.558133 6.53725e-05 
0.300899 0.0573709 0.302243 0.334028 0.0054596 
0.225708 0.0514942 0.129641 0.588586 0.00457019 
0.371887 0.0373521 0.0396252 0.550752 0.000383894 
0.174159 0.16905 0.315525 0.34096 0.000306678 
0.237155 0.134431 0.123166 0.500879 0.00436829 
0.260528 0.010605 0.0578496 0.670824 0.00019342 
0.242457 0.228129 0.0970481 0.430636 0.00172976 
0.143198 0.0204367 0.0885546 0.747212 0.00059869 
0.285433 0.0679893 0.0714437 0.572785 0.00234864 
0.218339 0.0179171 0.0623467 0.701385 1.29286e-05 
0.271582 0.0676404 0.209561 0.448985 0.00223158 
0.343663 0.0750198 0.151177 0.425577 0.00456208 
0.121288 0.0278206 0.037556 0.812984 0.000350914 
0.363181 0.0787561 0.109394 0.436638 0.0120312 
0.191256 0.0434382 0.322287 0.442295 0.000724464 
0.20016 0.0305411 0.0233264 0.743168 0.00280469 
0.127079 0.321979 0.176693 0.368772 0.00547634 
0.213963 0.0287021 0.0292301 0.727907 0.000197512 
0.234448 0.0199519 0.0632857 0.678967 0.00334712 
0.248855 0.0829041 0.190413 0.477617 0.000210407 
0.140732 0.0238239 0.144049 0.690072 0.00132208 
0.332904 0.100009 0.225278 0.341046 0.000762323 
0.288514 0.0612923 0.0199573 0.628315 0.00192084 
0.340967 0.0399309 0.0354489 0.582639 0.0010143 
0.154211 0.0134946 0.0226245 0.808745 0.000925008 
0.167189 0.0064552 0.0163842 0.809968 3.16602e-06 
0.207804 0.0502504 0.0829717 0.652555 0.00641824 
0.279394 0.0727046 0.129198 0.518352 0.000351483 
0.10133 0.0458822 0.0870411 0.765364 0.000382594 
0.190075 0.0906043 0.020098 0.698747 0.000475987 
0.213701 0.045007 0.136363 0.604852 7.76326e-05 
0.255977 0.0250882 0.040314 0.678432 0.000188963 
0.169906 0.0182445 0.0105416 0.800566 0.000742614 
0.145766 0.0129325 0.126323 0.713771 0.00120764 
0.182538 0.0106227 0.00459124 0.802147 0.000100925 
0.266514 0.0424181 0.102243 0.58531 0.00351538 
0.182538 0.0106227 0.00459124 0.802147 0.000100925 
0.24729 0.13457 0.0934567 0.52466 2.33691e-05 
0.253302 0.0436793 0.0133466 0.687158 0.00251391 
0.131696 0.118609 0.144878 0.604792 2.50391e-05 
0.183922 0.0232785 0.0661281 0.700262 0.0264097 
0.0180137 0.00430952 0.00340352 0.974186 8.69494e-05 
0.165036 0.0749556 0.146841 0.612199 0.000969112 
0.190272 0.093031 0.0240693 0.692544 8.36487e-05 
0.149092 0.02153 0.0364621 0.788928 0.00398816 
0.057995 0.030399 0.0640917 0.82692 0.0205944 
0.15406 0.0114195 0.0906839 0.742568 0.00126852 
0.126885 0.0162281 0.0983992 0.75609 0.00239724 
0.196038 0.127998 0.113718 0.561023 0.00122331 
