0.568293 0.0315679 0.00349834 0.00174585 0.0225714 0.0482852 0.0538351 0.0205748 0.0074994 0.077238 0.095142 0.0197002 0.00735197 0.0140888 0.00177265 0.0166938 0.000864128 0.00927725 
0.541422 0.115848 0.00341011 0.000301937 0.0403527 0.0448973 0.0219414 0.0213265 0.00937546 0.0840918 0.0198638 0.0194556 0.00298236 0.00272904 0.0397217 0.0284096 0.00239876 0.00147215 
0.53235 0.0291615 0.0374263 0.00126607 0.0394579 0.00808424 0.0610452 0.00950087 0.00461163 0.0496967 0.0752618 0.0117841 0.00852757 0.0119613 0.000956114 0.0991906 0.00201233 0.0177058 
0.620084 0.0938759 0.00588862 0.0018254 0.0161541 0.0505581 0.0214349 0.00849822 0.00524717 0.0981672 0.00767616 0.0215601 0.0049008 0.00120531 0.00489069 0.0338005 0.000962157 0.00327019 
0.510434 0.0168422 0.0192903 0.000840767 0.021694 0.0489078 0.0949007 0.0322269 0.00303241 0.128209 0.00881665 0.0136372 0.000564191 0.000960182 0.0195162 0.0735842 0.00205116 0.00449253 
0.53866 0.028467 0.0414468 7.32099e-05 0.0323995 0.0417469 0.0274611 0.0115888 5.36638e-05 0.135976 0.0132392 0.0283292 0.000593709 0.000110026 0.00404446 0.0425298 0.00188616 0.051395 
0.711582 0.0182098 0.00594365 0.000483885 0.0245353 0.0186989 0.0459972 0.0104895 0.00311775 0.0692127 0.0167075 0.0189685 0.000498357 0.000167601 0.00176108 0.0417173 0.000699173 0.0112103 
0.552987 0.0165433 0.00393242 0.00179779 0.0124686 0.0166977 0.0121779 0.00775083 0.117957 0.22617 0.0053716 0.00970413 0.00149744 0.00192484 0.000349037 0.0110696 0.000186124 0.0014151 
0.191735 0.061219 0.0317105 0.000380004 0.131057 0.0940044 0.0836169 0.0368982 0.00781562 0.159715 0.0377261 0.0635008 0.00680209 0.004466 0.00505826 0.0563054 0.00428108 0.0237083 
0.358764 0.0136479 0.0354951 0.0154706 0.0179107 0.0378317 0.0442357 0.0337963 0.00898135 0.14995 0.00402444 0.0336361 0.00128251 0.000363222 0.00739944 0.132572 0.0234378 0.0812016 
0.569413 0.0100965 0.0124915 0.00191872 0.165338 0.0128458 0.00479593 0.017844 0.00924571 0.0105824 0.000773619 0.0843398 6.35883e-05 1.09036e-05 0.0492957 0.0147873 0.00691794 0.0292395 
0.553107 0.0368097 0.0220286 9.23946e-05 0.0176099 0.0590814 0.062932 0.0140125 0.00603355 0.126432 0.0260553 0.0329055 0.00328511 0.000331081 0.000921829 0.0254318 0.00121346 0.0117174 
0.216536 0.0330446 0.00494364 1.65187e-06 0.0248782 0.0174906 0.196291 0.105441 0.0189141 0.205294 0.0953462 0.0343747 0.00768554 0.000122099 0.000186995 0.0312499 0.00761379 0.000585981 
0.389207 0.116896 0.010977 0.00471192 0.0182551 0.15277 0.0210932 0.0194717 6.50879e-09 0.204862 0.00733577 0.0432957 0.00494444 0.000125706 1.41997e-07 0.00382857 0.000617374 0.00160829 
0.5602 0.0243581 0.00661674 1.06308e-05 0.00981783 0.0371205 0.0811468 0.0353876 0.00349069 0.113706 0.0319194 0.052276 0.00405601 0.0035802 0.00112857 0.0294025 0.00499752 0.000785376 
0.421955 0.0194225 0.00828288 0.000114877 0.0266152 0.0679358 0.0373313 0.0255003 0.00326748 0.183337 0.0191416 0.12579 0.00690819 6.0214e-05 0.000998494 0.0269797 0.0155848 0.0107747 
0.760397 0.0237932 0.00306039 0.00064066 0.00852524 0.0177388 0.0696507 0.0242112 0.000527984 0.0592628 0.00825666 0.000986717 0.000132812 0.000116102 0.000152616 0.0202973 0.00030842 0.00194156 
0.51034 0.0610749 0.00422256 4.12835e-06 0.0448024 0.0345631 0.0761414 0.0866856 0.0256778 0.0734769 0.00388493 0.0290502 0.00255018 0.0183744 0.000370076 0.0278114 0.00024356 0.000726687 
0.431152 0.0309972 0.0114528 0.0171481 0.0452535 0.0131601 0.0574427 0.020903 0.0105195 0.160816 0.00416988 0.0209341 0.00203362 0.00894091 0.000490875 0.152 0.00377562 0.00880979 
0.258474 0.0247573 0.0435593 3.0789e-05 0.121063 0.0572259 0.0536763 0.0334037 0.000169533 0.175722 0.0102075 0.0339936 0.00754244 0.00116485 0.00349661 0.0769945 0.0312835 0.067235 
0.673876 0.0283712 0.00585056 5.89833e-05 0.0184864 0.0676231 0.0332785 0.0510364 1.52477e-05 0.0366077 0.0160124 0.0247806 0.00197147 0.00311202 0.00764857 0.0143667 0.00882244 0.008082 
0.337593 0.0777879 0.104459 0.000853945 0.0129227 0.0473374 0.0198914 0.0102326 0.0017211 0.278561 0.0135051 0.0210474 0.00181338 0.00258672 0.000790081 0.0576283 0.00301822 0.00825099 
0.353061 0.0520589 0.0168846 0.00104784 0.0185492 0.0568303 0.013949 0.012607 0.0242087 0.345274 0.00786596 0.0669107 0.00120978 0.00186224 0.00102897 0.0253002 0.000748823 0.000602815 
0.501322 0.0631956 0.0164339 0.000283749 0.0592256 0.0338334 0.0575693 0.0437509 0.00568568 0.121082 0.0111023 0.0103726 0.00549877 0.000366922 0.00139595 0.0567494 0.0106853 0.00144732 
0.555605 0.0269034 0.00283568 0.00323584 0.0124465 0.0191013 0.0611747 0.0306557 0.00162294 0.224069 0.00340698 0.0225282 0.00389938 0.000160196 0.000380535 0.0288327 0.000731984 0.00240936 
0.406599 0.0477758 0.00271894 6.88561e-05 0.0331013 0.0290598 0.0683646 0.0386922 0.0684839 0.205775 0.0123474 0.0455194 0.00363498 0.000477584 0.000182139 0.0294339 0.00286284 0.00490178 
0.505525 0.0411889 0.0166083 3.39773e-05 0.0472364 0.0189385 0.0278462 0.0348821 0.0029152 0.184607 0.0126492 0.0158734 0.00950932 0.00637432 0.0067016 0.0376726 0.0187257 0.0127123 
0.330118 0.0169117 0.0182402 6.4342e-05 0.0928136 0.0358048 0.114272 0.0560223 0.00180945 0.140896 0.0153345 0.0694875 0.00457871 0.00409733 0.00284281 0.0913009 0.003658 0.00174786 
0.57067 0.0585527 0.00293352 0.0201689 0.0407098 0.0153643 0.0645247 0.0222738 0.0031771 0.0847427 0.0331996 0.00721538 0.000692661 0.00374453 0.0012898 0.0341714 0.012901 0.0236682 
0.441583 0.0425168 0.026891 0.000875601 0.0361182 0.0426643 0.0503546 0.0125779 0.0239972 0.0579854 0.0207148 0.0413431 0.00477301 0.0131803 0.0140315 0.0785304 0.000683167 0.0911794 
0.528227 0.0688134 0.0121477 0.00411051 0.0980749 0.0293591 0.0111066 0.0259405 0.000252161 0.0323895 0.00576834 0.0184299 0.0583975 0.00566353 0.00561094 0.064228 0.00034005 0.0311403 
0.477987 0.0105613 0.003621 0.00032062 0.047689 0.0797651 0.0509961 0.016864 0.0877915 0.102842 0.0394921 0.0436354 0.00342948 0.000120359 0.000270379 0.0268975 0.00078318 0.00693412 
0.535482 0.0122089 0.000475913 0.000114253 0.022221 0.0175 0.035367 0.0164983 0.0168055 0.183721 0.026603 0.0106958 0.000959196 9.11869e-05 9.22314e-05 0.06059 0.00143337 0.0591416 
0.254138 0.00801201 0.00502919 0.00039687 0.0295709 0.248798 0.126227 0.0255779 0.00663843 0.124034 0.0805807 0.0394622 0.00563095 0.00110997 0.0017894 0.0108224 0.00259214 0.0295894 
0.385294 0.121752 0.0113051 0.0170985 0.0683042 0.0371892 0.0483736 0.0167087 0.0237266 0.16642 0.0232798 0.0218142 0.000910845 0.0010309 0.00224293 0.0372453 0.000339324 0.0169645 
0.567388 0.0286862 0.00738452 9.9059e-05 0.0640941 0.0341786 0.0424593 0.0115934 0.0334207 0.0748468 0.00756115 0.0671411 0.00295578 0.000305891 0.0121906 0.035466 0.000786763 0.00944175 
0.213112 0.0541505 0.0303296 0.000273374 0.0193194 0.15025 0.138513 0.0890801 0.00115221 0.171558 0.0672956 0.0323312 0.0039441 0.000292667 0.00158724 0.0235791 0.00285494 0.00037592 
0.214672 0.0560795 0.00725053 7.64247e-06 0.192053 0.033553 0.13341 0.115959 0.00427218 0.103159 0.0279544 0.0332647 0.0173144 0.00458555 0.00110899 0.0268239 0.0260391 0.00249249 
0.449578 0.0167746 0.00364425 0.000646068 0.0719581 0.0167026 0.0444627 0.0256206 0.00617339 0.124239 0.0396422 0.0278235 0.00185243 0.00193984 0.00201406 0.165425 0.000970983 0.000532245 
0.157689 0.0719927 0.0191706 0.0458605 0.0652173 0.125191 0.0731176 0.0405934 0.00294705 0.10811 0.0330172 0.11703 0.0122813 0.0128067 0.00852457 0.0924393 0.010451 0.00356089 
0.564155 0.054506 0.0199869 0.000487976 0.0211287 0.0144862 0.0192431 0.0200408 0.00322938 0.223159 0.00755766 0.0146085 0.000696638 0.00074832 0.000115751 0.0255431 0.000295385 0.0100125 
0.288226 0.098942 0.00826468 0.00432313 0.0835325 0.0343827 0.0345971 0.0406395 0.00372583 0.156132 0.0236249 0.0504412 0.000515941 0.00655785 0.00563226 0.152008 0.00328509 0.0051695 
0.400605 0.0313771 0.00700142 4.84012e-05 0.115461 0.0363951 0.144652 0.0382711 0.00113692 0.106115 0.0145902 0.0311485 0.0044999 0.000356466 0.00384061 0.0311853 0.0232177 0.0100984 
0.20589 0.107691 0.0279322 0.000131414 0.0598348 0.105817 0.0842719 0.0739828 0.00229337 0.110446 0.0118536 0.0645281 0.0153363 0.000196501 0.0543751 0.0677353 0.00227503 0.00541045 
0.32069 0.0533963 0.0341027 0.000471896 0.0567889 0.0314412 0.0341572 0.0162071 0.0122136 0.168051 0.025596 0.0509432 0.00709526 0.00821404 0.00385815 0.142653 0.00537926 0.0287413 
0.244422 0.0610694 0.0408457 0.0220126 0.163021 0.100997 0.0916471 0.0684817 0.00355857 0.076682 0.0176509 0.0689232 0.0038948 0.000270348 0.00379543 0.0250599 0.0041141 0.00355313 
0.238599 0.02911 0.0130806 8.14892e-05 0.141148 0.044684 0.0753646 0.0856363 0.000833715 0.17989 0.0310246 0.0764235 0.00386595 0.000113866 0.0133022 0.0491353 0.00880529 0.00890223 
0.684894 0.0113811 0.0509096 0.000498273 0.00842963 0.00867443 0.0100356 0.00738019 0.0188071 0.157982 0.0045336 0.0105916 0.00087265 0.000221615 0.000220282 0.0215783 0.000925542 0.00206457 
0.592731 0.0510907 0.0174213 0.0191437 0.0410406 0.0410623 0.0383511 0.0440852 0.0042783 0.0720361 0.00706183 0.0222522 0.00614479 0.00235322 0.000542172 0.0351112 0.00139474 0.00389988 
0.339148 0.0584151 0.0223346 6.98008e-06 0.0471387 0.0412558 0.0645049 0.00857547 0.00152798 0.189915 0.0031108 0.0160721 0.00639057 0.00569598 0.00175497 0.184623 0.001524 0.00800619 
0.310394 0.0321021 0.203424 0.000403384 0.0343433 0.0956478 0.0252094 0.0116299 0.0041468 0.150809 0.0260757 0.0386949 0.00524386 0.00840611 0.00153021 0.043877 0.00183004 0.00623245 
0.455599 0.0263533 0.01705 0.000796704 0.0302789 0.0647098 0.0601247 0.039078 0.00603941 0.212361 0.016099 0.0220044 0.0110239 0.00449214 0.00457136 0.0265878 0.000897431 0.00193354 
0.624228 0.0123829 0.00757766 6.75301e-05 0.0862506 0.00349927 0.0037766 0.0195998 0.0328514 0.126767 0.00121704 0.00901071 0.0012916 0.00781831 0.00245371 0.0443575 5.01161e-06 0.0168453 
0.208588 0.0817748 0.0433065 0.0334787 0.0575829 0.0861362 0.0318631 0.032388 0.00636466 0.11946 0.012154 0.0543137 0.00296086 0.0101038 0.0554214 0.153752 0.00374772 0.0066047 
0.221577 0.020853 0.0112132 0.000419676 0.0388416 0.170747 0.116774 0.0447523 0.0138849 0.157903 0.109018 0.0643546 0.00430282 0.00246822 0.00102708 0.00901493 0.00162544 0.0112231 
0.377273 0.159501 0.0401767 0.00202153 0.0209261 0.0625535 0.0205497 0.0101294 0.0158024 0.110138 0.0169232 0.115666 0.00368774 0.00195886 0.00169531 0.0366594 0.00121774 0.00311983 
0.15377 0.105999 0.0111535 0.000241757 0.0306644 0.101046 0.140079 0.0555673 0.0032703 0.144153 0.0590512 0.086645 0.0048255 0.000581484 0.00138205 0.0945891 0.000724422 0.0062564 
0.291419 0.0508228 0.212688 0.000750209 0.0541506 0.0599611 0.0391217 0.0305894 0.000609091 0.07536 0.0118323 0.11642 0.0016799 0.000125937 0.00342384 0.0307973 0.00394592 0.0163023 
0.329364 0.0564778 0.0162395 0.00121833 0.0283893 0.0117094 0.0190258 0.0157509 0.0202141 0.171177 0.00828902 0.0203387 0.00279389 0.00465644 0.000645903 0.270635 0.00724264 0.0158323 
0.177426 0.0691078 0.0707098 0.000440276 0.0547497 0.0729984 0.0512741 0.0254786 0.0256999 0.128805 0.0435274 0.14178 0.015405 0.0075876 0.00905763 0.0953465 0.00251278 0.00809387 
0.757092 0.0208404 0.00284361 0.000463161 0.0100077 0.0274594 0.0165412 0.0224057 0.00512198 0.0811875 0.00508465 0.0263422 0.0011468 0.000717158 0.00176433 0.0186523 0.00193468 0.000395735 
0.23474 0.0338399 0.0116353 2.45423e-05 0.185314 0.0537435 0.04993 0.0239134 0.0047636 0.206848 0.0314288 0.0125107 0.00714335 0.00449621 0.00255538 0.122351 0.0122639 0.00249806 
0.379731 0.0369586 0.0118586 2.36739e-05 0.0511428 0.0363231 0.0308343 0.00842121 0.000917377 0.0350153 0.0163377 0.0300957 0.00163612 0.0115852 0.0326508 0.248439 0.0043654 0.0636637 
0.773871 0.00820612 0.00275162 3.24442e-05 0.0291653 0.00980426 0.027526 0.0105744 0.000668478 0.0478849 0.026186 0.0183862 0.000879059 0.00318277 0.000353423 0.0155576 0.00173716 0.0232333 
0.383757 0.0589696 0.0416256 0.000209902 0.0278307 0.0765302 0.106498 0.0229155 0.000152751 0.0626726 0.0380059 0.0812833 0.0039835 0.00371588 0.0124494 0.0562464 0.0131374 0.0100169 
0.500379 0.0297544 0.00168175 0.00758058 0.0453055 0.144704 0.0100891 0.0163705 3.23531e-05 0.0763836 0.000375202 0.05595 0.00176519 4.53162e-05 0.0201446 0.0842447 0.00433474 0.000859591 
0.291339 0.0101057 0.0166746 0.000953897 0.0808605 0.01726 0.0251889 0.0119492 0.028397 0.0588784 0.0336511 0.0598434 0.000530049 0.140437 0.0145618 0.167469 0.00121119 0.0406892 
0.327241 0.0615847 0.00997579 0.00112918 0.0352308 0.0411048 0.0678915 0.0489082 0.0138102 0.219316 0.0242217 0.102479 0.00643011 0.000993955 0.00633703 0.0307212 0.000766151 0.00185863 
0.194816 0.0612471 0.0102374 0.000279085 0.177889 0.120957 0.145548 0.0585014 0.00477722 0.128771 0.0075881 0.0374636 0.0225801 0.000443681 0.00393747 0.02069 0.00218461 0.00208803 
0.444431 0.0205883 0.0371409 1.81367e-06 0.0685609 0.0460863 0.0549481 0.0185902 0.00414084 0.0835418 0.0143919 0.0260257 0.00293605 0.0015603 0.00680262 0.0888499 0.00106081 0.0803428 
0.712878 0.0138625 0.0846684 5.58628e-05 0.00704052 0.0222384 0.0147844 0.00595532 0.000675764 0.0822361 0.00377069 0.0167073 0.00030682 2.61454e-05 0.00326884 0.0189923 0.00959291 0.00293978 
0.537317 0.0449421 0.0065323 0.000714935 0.0425868 0.0493345 0.00989486 0.00843958 0.0243515 0.223868 0.00872076 0.0141287 0.000188562 1.63277e-05 0.000155524 0.0137511 0.011675 0.00338282 
0.200356 0.0441642 0.0327202 5.33612e-05 0.0893107 0.0680211 0.0332186 0.02309 0.0212504 0.15007 0.0514427 0.0314861 0.0107876 0.0193742 0.00152666 0.0850862 0.00104349 0.136999 
0.529739 0.0192169 0.0133435 0.00109974 0.0848377 0.0379275 0.0149856 0.0250815 0.000132824 0.0821583 0.00594855 0.0756499 0.00039856 0.000151118 0.00575474 0.069708 0.0328388 0.00102743 
0.694935 0.00730958 0.00256387 0.000155491 0.0204554 0.0291956 0.0214228 0.0224391 0.00473151 0.121708 0.0131515 0.0177852 0.00171053 0.00424136 0.000166972 0.0257854 0.00971651 0.00252674 
0.374022 0.0590575 0.0094381 6.26864e-05 0.0160597 0.0918869 0.114722 0.0276769 0.00161932 0.163247 0.0110573 0.0279625 0.00413313 1.70757e-05 0.00182317 0.0377676 0.0584045 0.00104185 
0.511283 0.034793 0.00408382 8.23578e-05 0.0869788 0.0320545 0.0429122 0.0193445 0.0110135 0.153649 0.0200308 0.0239539 0.0151052 0.000614839 0.00729944 0.0280587 0.00137498 0.0073678 
0.382693 0.0833149 0.00408944 8.21333e-05 0.0134303 0.278546 0.0199075 0.015376 1.37745e-05 0.0953085 0.030287 0.0259141 0.00640181 5.08785e-06 0.00977509 0.00918013 0.00450351 0.0211718 
0.334327 0.0263608 0.012466 7.73199e-05 0.0486282 0.0335211 0.0803904 0.01029 0.00932163 0.0901768 0.021916 0.0124642 0.00935245 0.13167 0.00091694 0.169605 0.00350722 0.00500943 
0.2705 0.0269138 0.0384308 0.000118272 0.110444 0.0518837 0.0296554 0.0118031 0.00697786 0.0606524 0.0331272 0.0442529 0.00181812 0.00666914 0.00558443 0.254978 0.00137515 0.0448157 
0.635286 0.0206876 0.00246333 0.000103654 0.051046 0.0134926 0.0268185 0.0175674 0.0304975 0.139547 0.0106256 0.0116696 0.00176682 0.00115854 0.00271218 0.0241093 0.00121564 0.00923269 
0.621841 0.0176267 0.00545632 1.86855e-05 0.05158 0.0235977 0.0506793 0.0383869 0.00451161 0.091147 0.00766224 0.00245753 0.000413338 0.00039548 0.00200055 0.0569043 0.0239779 0.00134335 
0.372095 0.122849 0.0152802 0.000114464 0.0569816 0.0488535 0.048476 0.0173225 0.000966368 0.216588 0.00467233 0.0326375 0.00736147 0.00212905 0.00215543 0.035217 0.0107786 0.00552151 
0.501812 0.0331707 0.00474867 0.0024793 0.0568896 0.04986 0.0620836 0.0234545 0.00095025 0.1404 0.0323696 0.0136107 0.00112098 0.00735802 0.00329015 0.0366902 0.0185215 0.0111902 
0.448765 0.0439114 0.00915246 0.000123015 0.0278594 0.0691117 0.109774 0.0691172 0.002104 0.0881088 0.0545766 0.0360562 0.0062544 0.0115699 0.00098428 0.0205005 0.000377293 0.00165384 
0.447436 0.03092 0.00652329 0.000348153 0.0900949 0.0396946 0.0401198 0.0700334 0.0156261 0.155367 0.0183417 0.0356471 0.00742796 0.00479295 0.0019181 0.0299982 0.00256001 0.00315081 
0.413681 0.0221735 0.00156335 0.000515959 0.0154211 0.031289 0.107769 0.0964621 4.25214e-05 0.140158 0.028917 0.0357935 0.00119506 7.74937e-05 0.00206747 0.0868633 0.0142554 0.00175516 
0.319652 0.0532573 0.00561705 0.000100868 0.0268294 0.0864139 0.148524 0.054894 0.0104284 0.100622 0.0401553 0.0981429 0.00591033 0.00122157 0.0044358 0.0315637 0.00287359 0.00935764 
0.357361 0.0175944 0.0162474 9.02196e-05 0.127004 0.0272047 0.0912895 0.0274248 0.00155354 0.112155 0.0253756 0.0279953 0.00530222 0.006444 0.00392167 0.113288 0.00306597 0.0366828 
0.669465 0.0584589 0.0305424 0.00236269 0.00913268 0.0763977 0.0105513 0.00974265 1.6335e-07 0.102439 0.00367316 0.0216552 0.00247884 6.31749e-05 3.56319e-06 0.00191579 0.00031181 0.000805867 
0.293314 0.0202733 0.0101756 0.000180174 0.0429493 0.0485058 0.251536 0.0771635 0.00471486 0.168169 0.0315897 0.0211908 0.00666704 0.000678972 0.000949522 0.0152756 0.00307506 0.00359164 
0.640559 0.0244734 0.035755 0.000296824 0.019274 0.0322488 0.0373523 0.020638 7.46302e-06 0.161919 0.00614477 0.00738942 0.000692914 8.58432e-05 0.000140552 0.0124751 0.000242135 0.000305613 
0.462863 0.0478091 0.0216518 0.000260212 0.0496609 0.124415 0.0473572 0.0295542 0.000117873 0.107513 0.00946152 0.0376188 0.0122264 0.000780789 0.00249656 0.0353988 0.00108014 0.00973463 
0.525765 0.0216676 0.00904306 0.00023377 0.029041 0.0212306 0.0331587 0.231118 0.00305888 0.0615503 0.00216727 0.0201437 0.0147602 9.18881e-06 0.00105619 0.0247628 0.000550496 0.000683308 
0.670327 0.0231212 0.0118161 0.00907307 0.0321886 0.017862 0.0158943 0.017314 0.000141868 0.117694 0.00158531 0.0252639 0.000703281 4.81217e-05 0.000616381 0.0529888 0.00155231 0.00180938 
0.507895 0.00445149 0.00134011 2.15056e-05 0.00783423 0.0673969 0.0900636 0.0107496 0.0446499 0.120513 0.0831086 0.0215566 0.0146731 3.52535e-05 2.74751e-05 0.0213039 0.0024126 0.00196729 
0.578392 0.0364938 0.0288368 0.000111743 0.0159779 0.0534183 0.0241824 0.00665802 0.0200717 0.0957026 0.00791426 0.0201395 0.00171342 0.00360531 0.0013083 0.0666526 0.00153582 0.0372851 
0.451334 0.0314199 0.0261209 0.000354764 0.025581 0.0777984 0.0435736 0.0154032 0.000639824 0.19444 0.0110421 0.0816326 0.00526919 0.00119461 0.000827053 0.0301342 0.000894281 0.00234122 
0.24846 0.0780898 0.0489692 0.00019459 0.0357935 0.0982782 0.0866089 0.0951074 0.00142002 0.157108 0.012679 0.020397 0.00197854 0.000567273 0.00121909 0.0671433 0.0449277 0.00105922 
0.453892 0.012433 0.00450474 0.000280733 0.0222897 0.0398628 0.0963192 0.0271796 0.0182111 0.249216 0.0264 0.028445 0.00109982 0.000292297 0.000271011 0.0148582 0.00272966 0.00171487 
0.318078 0.0413371 0.035302 5.02694e-05 0.0264079 0.0118281 0.0148645 0.0117669 0.00548999 0.151382 0.00135829 0.0175384 0.00233384 0.0034975 0.0278941 0.280524 0.0347109 0.0156368 
0.313085 0.0796006 0.0144559 0.000268747 0.0172395 0.055606 0.0677532 0.0125374 0.0109981 0.269212 0.0110268 0.0462304 0.0039233 0.000888244 0.00335627 0.0743397 0.000378984 0.0190999 
0.464021 0.0253329 0.00865851 0.000602857 0.0429789 0.0341666 0.047101 0.0294842 0.0024118 0.0646287 0.0839417 0.0259084 0.00114435 0.119114 0.000543724 0.0469432 0.000945669 0.00207256 
0.318309 0.0405612 0.0644959 9.94214e-05 0.106001 0.121338 0.0337965 0.0368398 0.000325857 0.151195 0.00542459 0.0491172 0.000789448 9.4026e-05 0.0252355 0.034636 0.00133619 0.0104055 
0.275882 0.230307 0.00751971 0.0383124 0.0692048 0.0400486 0.0197654 0.0380706 0.00163635 0.0820016 0.0206151 0.0229815 0.00391478 0.0107171 0.020854 0.0757289 0.000592815 0.0418481 
0.665711 0.0414505 0.00831675 8.21206e-05 0.0531924 0.0173505 0.0279151 0.0165154 0.0112379 0.0831107 0.0140422 0.019931 0.0055927 0.000965987 0.000779133 0.0265551 0.000428496 0.00682279 
0.605129 0.0127036 0.000852684 0.0019207 0.00706952 0.0183074 0.0148084 0.0107295 0.000104424 0.306557 0.00839469 0.00440305 0.00124261 2.76955e-05 0.000919311 0.00351803 0.000124142 0.00318854 
0.397468 0.00991937 0.00775952 3.81513e-05 0.0176171 0.0485283 0.144637 0.0912231 0.00206012 0.217692 0.000868165 0.0203478 0.0289447 0.000413666 4.41622e-05 0.00990235 0.00205933 0.000477226 
0.364302 0.0246156 0.0149991 0.000438929 0.06877 0.0462375 0.0503978 0.0304364 0.0118191 0.119274 0.0327236 0.0505662 0.0020683 0.012685 0.0074816 0.059263 0.0107411 0.0931806 
0.845875 0.00321735 0.00625726 0.00264385 0.00484445 0.0197376 0.00623533 0.00470428 0.00163335 0.0546761 0.023332 0.0124556 0.00111976 0.000220333 0.000137885 0.0113338 0.000537672 0.00103889 
0.33996 0.0264094 0.0470034 0.000228066 0.193816 0.00514677 0.00631784 0.00685006 0.0343678 0.0438281 0.00118601 0.0175175 0.000884744 0.00546388 0.00398591 0.149751 0.00977088 0.107513 
0.258611 0.0243237 0.00550329 5.03373e-06 0.0794213 0.0596251 0.16029 0.125009 0.000151566 0.139813 0.0586723 0.022201 0.00786094 3.7557e-05 0.00500057 0.0415255 0.0102754 0.00167418 
0.261539 0.0299423 0.00217136 0.0690207 0.0723949 0.0154788 0.0183244 0.0213679 0.0197991 0.261248 0.00278111 0.0393018 0.000895358 0.0431186 0.00592854 0.126447 0.00859521 0.00164656 
0.42366 0.0661283 0.0189826 0.000120271 0.0478941 0.0409941 0.0696147 0.058476 0.0193174 0.0878565 0.0293604 0.0431377 0.000565927 0.00228728 0.0023938 0.0693073 0.00236606 0.0175375 
0.324385 0.128582 0.0334302 0.00442198 0.034137 0.0731201 0.0380684 0.0197129 0.00589618 0.212919 0.0103062 0.0376787 0.00491796 0.00355798 0.00518625 0.0538045 0.00184311 0.00803287 
0.37977 0.0390179 0.0126104 1.20696e-05 0.133908 0.0386439 0.034856 0.0506698 0.00153075 0.116759 0.00454288 0.0325136 0.0123906 0.0031463 0.00618618 0.0566128 0.071088 0.00574233 
0.297753 0.0101639 0.0268612 2.12122e-05 0.0873487 0.0608466 0.19255 0.0306637 0.00019094 0.0896825 0.070949 0.0803495 0.00654202 0.000327353 0.00185932 0.0191501 0.0036468 0.0210935 
0.843628 0.00771592 0.000493428 0.000249334 0.00806686 0.0206088 0.0209409 0.00160131 0.00310452 0.060071 0.00922407 0.00845478 0.0024355 3.55281e-05 2.97472e-05 0.00937894 0.00356491 0.000396206 
0.260143 0.0264163 0.0137724 0.000132882 0.0271743 0.030917 0.0392825 0.038027 0.0167489 0.106007 0.0381416 0.0294086 0.0279242 0.128031 0.00431455 0.206944 0.00395008 0.00266583 
0.558865 0.0148414 0.0125482 0.000172631 0.0259203 0.0518524 0.0582102 0.0351401 0.00650367 0.139434 0.0134644 0.0567788 0.0037426 3.54369e-05 0.000312913 0.00956349 0.000530013 0.0120847 
0.339832 0.0136882 0.0433899 0.0680149 0.132106 0.0740992 0.0254666 0.183237 6.54441e-05 0.0553007 0.00279824 0.0189241 0.00167936 0.00102638 0.00394116 0.0134109 0.016949 0.0060706 
0.454105 0.0264795 0.00184305 4.41227e-05 0.0670793 0.0568578 0.0951394 0.0402539 0.0224085 0.0906868 0.0291533 0.0535374 0.00835425 0.00249348 0.00839563 0.0350307 0.000271121 0.00786689 
0.425258 0.0207118 0.0505993 3.89415e-05 0.0523678 0.0382003 0.0602621 0.0353196 0.00981577 0.181547 0.00765989 0.0323129 0.00216117 0.00601274 0.00205525 0.0568737 0.00636962 0.0124342 
0.443578 0.0941857 0.0175852 0.00128081 0.0337063 0.0194748 0.0599646 0.00985554 0.0395454 0.134905 0.0124952 0.0560131 0.00507411 0.00061752 0.0148686 0.0490029 0.000568939 0.00727835 
0.223748 0.0260684 0.011809 0.000414105 0.102898 0.13204 0.0575083 0.0296738 0.000700148 0.219087 0.0244726 0.0406216 0.0342913 0.00138994 0.00175323 0.0303121 0.0610305 0.00218087 
0.318079 0.0546011 0.00584043 0.000294417 0.0308673 0.0615068 0.0680397 0.0273653 0.00329948 0.276758 0.0110529 0.085389 0.0116658 0.000350063 0.00575791 0.0345766 0.000858361 0.00369794 
0.289481 0.0486186 0.00662593 0.0855103 0.0752055 0.101938 0.0366196 0.0254053 0.00359955 0.169956 0.006868 0.022375 0.0181798 0.000353906 0.000412505 0.030068 0.0155033 0.0632791 
0.411602 0.0164452 0.00479457 0.00127028 0.0227423 0.0646551 0.0193345 0.0172503 0.0233337 0.375862 0.00570782 0.019412 0.00512354 2.43622e-05 0.00019205 0.0106683 0.000167707 0.00141435 
0.318745 0.0341908 0.0235845 4.51295e-05 0.0434666 0.0404857 0.0349559 0.00503926 0.00698719 0.104067 0.0283083 0.0561989 0.0134132 0.0170751 0.0032003 0.253602 0.00410539 0.0125297 
0.216225 0.174794 0.0127085 0.00127482 0.0746558 0.09869 0.0260417 0.149693 0.000588569 0.0659019 0.00457986 0.0591463 0.00590072 0.00179973 0.00431267 0.0958279 0.00458771 0.00327145 
0.407319 0.101634 0.0069916 0.0005139 0.10053 0.0353666 0.022835 0.0111632 0.000801811 0.074404 0.0112391 0.0855725 0.00167952 0.00541521 0.00572549 0.0563204 0.00301652 0.0694718 
0.184824 0.0783182 0.062156 0.000158657 0.0751299 0.0868401 0.0501947 0.0226122 0.00844039 0.149549 0.0148106 0.0576912 0.0117723 0.0075745 0.00669839 0.166948 0.000731617 0.0155507 
0.510513 0.0648735 0.0136692 0.000177994 0.0185754 0.0416506 0.0387911 0.0157973 0.0353427 0.171592 0.0150508 0.022154 0.0012291 0.00153558 0.0216667 0.0234204 0.00226763 0.00169235 
0.322699 0.0330784 0.0136392 0.000295206 0.0767732 0.0288805 0.137923 0.0971679 0.00638796 0.149968 0.0332425 0.0234343 0.0175715 0.00395167 0.00130897 0.0374747 0.00395247 0.0122514 
0.409869 0.0504543 0.0124835 0.000329711 0.0516475 0.0719031 0.0884283 0.0764606 0.0100744 0.138923 0.0125057 0.0211453 0.00688818 9.776e-05 0.000537341 0.0439842 0.000837233 0.00343067 
0.386513 0.139703 0.171452 0.00114694 0.0227756 0.0751245 0.0174748 0.0166298 0.00402485 0.0915349 0.0131361 0.0306315 0.00105149 0.000452244 0.00187015 0.0232113 0.00098436 0.00228321 
0.238335 0.0827273 0.0406755 0.00476434 0.0708409 0.139825 0.039967 0.0442593 0.0024936 0.135231 0.0245267 0.0481416 0.0113168 0.00279429 0.00583469 0.0993644 0.00701099 0.00189195 
0.537778 0.0234052 0.0117818 3.53611e-05 0.013778 0.0302757 0.102198 0.0203308 0.0142601 0.100408 0.00887593 0.0456815 0.00724741 0.00332882 0.00378654 0.0662392 0.000267912 0.0103217 
0.470136 0.0858716 0.00674739 0.00128551 0.0740023 0.044374 0.0348215 0.0179579 0.0167163 0.0854701 0.0271614 0.0433354 0.00282725 0.0018213 0.00542999 0.0720977 0.00610028 0.00384447 
0.469956 0.0184484 0.0341048 0.000188464 0.0384537 0.0154922 0.00783263 0.00640798 0.162339 0.108366 0.0130657 0.0192 0.00233905 0.0303333 0.00159736 0.0609881 0.000491677 0.0103959 
0.52433 0.0352203 0.0699667 0.000251387 0.0701691 0.0261477 0.0262667 0.0100069 0.00241436 0.139628 0.0132118 0.0276231 0.00573677 0.000990296 0.00670976 0.0333969 0.00536171 0.00256856 
0.637483 0.0255502 0.00681898 0.000181935 0.0506575 0.0220166 0.032084 0.026075 0.0196933 0.121752 0.00975325 0.00937429 0.000900171 8.41868e-05 0.00228178 0.0306098 0.00101577 0.00366804 
0.74571 0.00393847 0.000976963 0.000116371 0.00198336 0.0355175 0.0452269 0.0118044 0.00731488 0.101926 0.0148449 0.0195935 0.00967838 9.3272e-06 7.08139e-06 0.000580804 0.000742504 2.8501e-05 
0.519443 0.00935884 0.00336157 7.63583e-05 0.0408374 0.0238306 0.0841707 0.0241621 0.109845 0.0777723 0.0412897 0.0338344 0.00123978 0.00200409 0.00471603 0.0188806 0.00270824 0.00246896 
0.429659 0.0205183 0.0260933 0.000267319 0.0495954 0.063058 0.0297441 0.0306127 0.00362947 0.0747367 0.0464515 0.0182468 0.0168281 0.0202339 0.00390304 0.117518 0.00904576 0.039858 
0.626752 0.0134799 0.00342326 0.000808089 0.0166651 0.0139374 0.0166618 0.0071019 0.00747082 0.248993 0.0093688 0.0125462 0.00343429 0.000218964 0.000610208 0.014241 0.00100712 0.00328021 
0.74626 0.0283268 0.00252327 0.000957677 0.0136584 0.0169836 0.0102674 0.00780156 0.00194288 0.120845 0.00185218 0.0132912 0.00127197 2.7931e-05 0.00113648 0.031944 0.000412545 0.000496468 
0.396091 0.0240111 0.0162054 7.58815e-05 0.022404 0.00926116 0.0689072 0.0186142 0.0657731 0.124766 0.0285961 0.00933678 0.000424975 0.00410019 0.00389702 0.205465 0.000447989 0.0016236 
0.445035 0.0192888 0.00375197 0.13778 0.14286 0.030138 0.0197376 0.0399212 0.000241739 0.057761 0.0121815 0.0368809 0.00110005 3.52031e-05 0.0196226 0.0298093 0.0037166 0.000138948 
0.21607 0.0259331 0.0111601 0.00078154 0.0890394 0.103954 0.093735 0.0391635 0.0178623 0.170272 0.0638315 0.0409893 0.0192967 0.0115034 0.00112889 0.0735274 0.00478968 0.0169618 
0.39478 0.0359986 0.00839166 0.000243005 0.0250985 0.0228288 0.0796253 0.0548943 0.0662555 0.159452 0.00986883 0.0135494 0.0084604 0.00188985 0.0294003 0.0845137 0.00161765 0.00313221 
0.338109 0.0272872 0.012945 1.05699e-05 0.0766364 0.0214666 0.0504988 0.0234142 0.00968831 0.0565521 0.0414471 0.0186385 0.00512634 0.00114303 0.013318 0.0883986 0.00674427 0.208575 
0.434697 0.0328231 0.042001 2.32109e-06 0.091222 0.017705 0.0494429 0.00989563 0.0324946 0.0816872 0.0188079 0.0127165 0.00116238 0.0171801 0.00432659 0.123263 0.00951213 0.0210607 
0.397538 0.0459248 0.00503051 0.000594749 0.120394 0.0366545 0.0590911 0.0136182 0.00184942 0.0916148 0.005734 0.020411 0.00482074 0.0110531 0.00445138 0.0668479 0.0104621 0.10391 
0.570226 0.00432516 0.00121958 4.77983e-06 0.14607 0.0563197 0.0221058 0.00437857 0.0158006 0.122782 0.0039908 0.00529452 0.00696245 4.01277e-05 0.00593528 0.0322112 0.000901267 0.0014326 
0.678344 0.0340394 0.00897342 0.000179556 0.0339263 0.0173752 0.0203148 0.0201963 0.000296254 0.100101 0.00488766 0.0179498 0.00310692 0.00729081 0.00374084 0.0139071 0.000249098 0.0351213 
0.37109 0.110643 0.0116146 0.000697403 0.0233919 0.0408077 0.0386794 0.0189884 0.0118441 0.196733 0.0148684 0.10914 0.00736157 0.000101819 0.00303 0.0380355 0.00225637 0.00071574 
0.254004 0.174104 0.0201688 0.000146497 0.0959756 0.0440877 0.0447599 0.0212975 0.00436626 0.137336 0.00440155 0.0504424 0.0100078 8.19366e-06 0.0586229 0.0717796 0.00340712 0.00508418 
0.593041 0.0118367 0.0134758 0.000124742 0.0406642 0.0475842 0.022779 0.0318848 0.0155253 0.158075 0.0178429 0.0267544 0.00160018 0.00224026 0.000156037 0.0113969 0.00106659 0.00395158 
0.239646 0.0597722 0.01342 0.000787173 0.0943786 0.140838 0.0456732 0.0654774 0.00335829 0.194547 0.0191781 0.0310342 0.0165013 0.00221377 0.00994778 0.052641 0.00215212 0.00843419 
0.398111 0.082268 0.00349742 0.000892125 0.0665662 0.021361 0.035043 0.104577 0.0390797 0.0828961 0.0103461 0.0372759 0.00286213 0.0090769 0.00785437 0.026629 0.0695718 0.00209219 
0.205796 0.178026 0.0314011 0.00120335 0.0422664 0.0586971 0.0489555 0.0389137 0.00256461 0.136817 0.018309 0.0782887 0.0104935 0.0335055 0.00207001 0.103604 0.00141802 0.00767056 
0.463077 0.0260725 0.020797 0.00806432 0.0372898 0.0443049 0.0367136 0.0153894 0.00279472 0.269865 0.00148792 0.0255044 0.00248133 0.000395427 0.00482004 0.0354564 0.00364257 0.00184366 
0.375414 0.0193952 0.00853232 9.59228e-05 0.121997 0.0190313 0.0634333 0.0447569 0.00349625 0.129376 0.0327281 0.0434735 0.00365219 0.000152712 0.000997975 0.0180949 0.108939 0.00643273 
0.549313 0.0146997 0.0183421 0.00544312 0.0239267 0.00978426 0.0951358 0.0113094 0.0015472 0.0620485 0.0195055 0.0257076 0.000528363 0.00696833 0.00758672 0.093124 0.000491671 0.0545376 
0.363825 0.0623684 0.00813511 0.0643899 0.0152785 0.0556512 0.0169729 0.021771 0.000769793 0.27357 0.0134324 0.0403416 0.00589488 0.000123973 0.00744289 0.0455554 0.00116985 0.00330744 
0.229516 0.112632 0.0105332 0.00102017 0.0373709 0.0529892 0.140543 0.0544858 0.00237524 0.135243 0.0207166 0.0456819 0.00371354 0.00349613 0.0227226 0.116017 0.00247768 0.00846616 
0.265346 0.0779672 0.0455715 0.00132251 0.0582886 0.111153 0.0554563 0.0403927 0.0102141 0.200375 0.00285708 0.0399995 0.0165636 0.00117834 0.0105658 0.0527733 0.0044753 0.00550064 
0.326324 0.0394905 0.0195854 0.000367952 0.0652761 0.0609158 0.0577543 0.0294278 0.0243941 0.252599 0.0121188 0.0514767 0.0106031 0.00216033 0.00231435 0.0380018 0.00217103 0.00501946 
0.230027 0.0385727 0.00405102 0.00158085 0.060718 0.0106719 0.14195 0.072771 0.0852796 0.181871 0.00825552 0.0260366 0.00742923 0.00241101 0.00329071 0.0972189 0.00972694 0.0181382 
0.253475 0.0966214 0.0212443 0.00183689 0.0650656 0.0407234 0.0593418 0.0266112 0.00475961 0.186446 0.0256114 0.0717049 0.0138024 0.00912471 0.00258733 0.0773743 0.0303559 0.0133137 
0.227762 0.0289693 0.0185711 5.19741e-05 0.0507015 0.142478 0.155047 0.0858153 0.000276985 0.161813 0.0294482 0.0393717 0.00793455 0.00526455 0.00140954 0.0203092 0.00887916 0.015898 
0.409603 0.021753 0.0826552 8.65388e-05 0.018302 0.0277983 0.0325603 0.00823686 0.0040861 0.0812966 0.00240343 0.020889 0.0006251 0.00535542 0.00203115 0.234966 0.0058873 0.0414652 
0.482889 0.161137 0.00796053 0.000939864 0.0199546 0.0259217 0.033638 0.00847507 0.0232479 0.175136 0.00489284 0.0215834 0.00171033 0.000176305 0.000525714 0.0285993 0.000448363 0.00276344 
0.527174 0.0215127 0.00921322 0.00057471 0.0155527 0.0292478 0.115374 0.0226387 0.00128389 0.154735 0.05741 0.0160215 0.00789577 0.000265151 0.000845284 0.0175918 0.00121242 0.00145109 
0.503522 0.017761 0.00471888 0.00215731 0.0136899 0.0191859 0.00749574 0.00660264 0.139238 0.253241 0.00586309 0.0100811 0.00158389 0.00222072 0.00041883 0.010713 0.000182844 0.00132412 
0.493102 0.0284359 0.0137231 2.54635e-05 0.0277351 0.0335125 0.0225768 0.0104224 0.00595067 0.225616 0.00212043 0.0183238 0.000694067 0.00564159 0.00692001 0.0929185 0.0018044 0.0104778 
0.32503 0.0724163 0.0251735 0.000345135 0.0608914 0.0670092 0.0558446 0.0374807 0.00693609 0.0942081 0.0447584 0.119806 0.0101097 0.000597156 0.0200961 0.0409092 0.00503544 0.0133533 
0.704326 0.0115518 0.0240853 6.23921e-05 0.0247357 0.00845048 0.0319502 0.0614694 0.00224964 0.11136 0.00430187 0.0033843 0.00141969 5.6145e-05 0.000279975 0.00708881 0.00156296 0.00166477 
0.441554 0.0145834 0.00704697 0.0102976 0.0114674 0.0251468 0.0512349 0.012157 0.0188692 0.240391 0.0238644 0.0188695 0.00319525 0.00254869 0.00207167 0.0350017 0.000548101 0.0811529 
0.612804 0.0184546 0.0943448 0.00303484 0.0227639 0.0112675 0.039882 0.00934582 0.00300699 0.0284137 0.0496372 0.00864564 0.00296659 0.00609996 0.00148492 0.0680663 0.00178318 0.0179978 
0.495719 0.016946 0.0230209 0.000724464 0.0743908 0.00988338 0.0355951 0.00440941 0.00111234 0.217728 0.0183008 0.0466944 0.00108198 0.000107087 0.00105573 0.0516044 0.000290542 0.00133583 
0.251966 0.0458639 0.0901559 9.8435e-05 0.0472001 0.0816402 0.0265333 0.0219381 0.0133004 0.241838 0.00385962 0.0503547 0.00219001 0.00769607 0.000803686 0.109406 0.000628867 0.00452716 
0.395741 0.0252199 0.00857622 0.000161392 0.0361856 0.069688 0.125533 0.0369843 0.00155541 0.159183 0.0588794 0.0329233 0.0159659 1.79692e-05 0.00325101 0.0218931 0.00510968 0.00313148 
0.274149 0.0307594 0.0158579 0.000496279 0.087873 0.0794059 0.0494181 0.052729 0.0257813 0.234594 0.0181027 0.0273341 0.00489109 0.00256879 0.00259799 0.0663826 0.00591789 0.0211415 
0.312574 0.0924476 0.0105227 7.4121e-05 0.033989 0.0352935 0.0299275 0.0138752 0.0297656 0.27132 0.0230556 0.0775783 0.0309052 0.00366286 0.000811299 0.0307143 0.000462912 0.00302029 
0.765721 0.0469735 0.0120561 0.000500613 0.0230872 0.0280075 0.0133421 0.0189229 0.000921393 0.0344288 0.00323807 0.0203252 0.00163707 0.0012462 0.0156412 0.0106443 0.000983345 0.00232366 
0.196869 0.136727 0.143178 0.0446287 0.0376926 0.0885642 0.0336737 0.0223529 0.00874156 0.155799 0.0126014 0.0425474 0.00561712 0.00747098 0.00423268 0.0532451 0.00178442 0.0042748 
0.436095 0.0146199 0.00304652 0.000594763 0.0283399 0.0345698 0.0430895 0.119205 0.0036436 0.198127 0.0230498 0.0492854 0.013631 0.000627908 0.00102263 0.0279742 0.000765049 0.00231237 
0.493582 0.0198284 0.00919239 0.000331949 0.0273275 0.0241677 0.0744543 0.0124628 0.0326238 0.154282 0.0232255 0.0260493 0.00291587 0.00263567 0.00584151 0.0823309 0.00175536 0.0069935 
0.291419 0.0508228 0.212688 0.000750209 0.0541506 0.0599611 0.0391217 0.0305894 0.000609091 0.07536 0.0118323 0.11642 0.0016799 0.000125937 0.00342384 0.0307973 0.00394592 0.0163023 
0.2589 0.0496336 0.0964956 0.0056318 0.0787819 0.0385882 0.107519 0.0171887 0.000157762 0.192472 0.00436508 0.0166243 0.00135972 0.00046515 0.0496442 0.0742999 0.00709844 0.000775086 
0.431323 0.0241839 0.0472258 0.000583349 0.0313979 0.0412695 0.0597984 0.0084425 0.00161269 0.273178 0.00498808 0.0149422 0.00261094 0.0120186 0.00219926 0.0378109 0.00338086 0.00303469 
0.37826 0.0351658 0.134864 7.14501e-05 0.0576158 0.0632622 0.0217122 0.00963419 0.0109784 0.0997814 0.0116255 0.0529891 0.00158913 0.00663183 0.00717707 0.0670716 0.00076488 0.0408056 
0.267083 0.0407421 0.0128379 0.00242255 0.105466 0.158581 0.0394349 0.0183728 0.000137262 0.179415 0.00247101 0.0592976 0.00181501 0.000221779 0.0201487 0.0877487 0.00242492 0.00137956 
0.553417 0.0359248 0.0260508 0.000609929 0.0336378 0.0551649 0.0226345 0.0159085 0.0517554 0.100211 0.00712819 0.0468858 0.00174181 0.000703918 0.00103592 0.0439646 0.000861362 0.00236452 
0.553099 0.022514 0.00788044 0.00177911 0.0402007 0.0313013 0.0323797 0.0340005 0.00175103 0.0838539 0.0192265 0.129339 0.00150746 0.000723699 0.00326691 0.0325578 0.00080421 0.00381435 
0.448819 0.102255 0.00798697 0.0394847 0.0280209 0.0665475 0.0344515 0.0130718 0.00203004 0.123783 0.0107168 0.0437834 0.0011916 0.000257234 0.0117309 0.0542953 0.0103879 0.00118637 
0.42334 0.0172223 0.0263079 0.000122343 0.0945979 0.0720568 0.0443355 0.0191677 0.00659533 0.202771 0.0441805 0.0236053 0.00982422 0.000176729 0.000158424 0.00861184 0.00522702 0.00169925 
0.628352 0.0236481 0.00673042 0.00639006 0.04503 0.0188839 0.0710668 0.030164 0.0232605 0.0616784 0.00664205 0.013888 0.00457549 0.0068077 0.000761044 0.0327895 0.00661142 0.0127208 
0.348246 0.0387093 0.0204301 0.000431205 0.0490937 0.118686 0.0519074 0.0296107 0.0178638 0.180484 0.0177816 0.0272481 0.00586053 0.00450643 0.0123874 0.0679904 0.00363119 0.0051317 
0.207993 0.0181842 0.00190956 5.00139e-06 0.114514 0.101112 0.0589987 0.173223 0.0194612 0.137717 0.0642442 0.0274721 0.0113228 0.000109066 0.00618272 0.0521708 0.00110555 0.00427646 
0.29634 0.0461561 0.113541 0.0066088 0.072564 0.117049 0.0325071 0.0287655 0.00379236 0.168492 0.0123177 0.0268412 0.00674518 0.00154334 0.00463984 0.0593297 0.000634823 0.00213141 
0.433631 0.0394482 0.0347384 3.39858e-05 0.03407 0.0491896 0.04919 0.0369385 0.00661042 0.191471 0.0502226 0.0205861 0.00822055 0.0110456 0.00129926 0.0308899 0.00113882 0.00127617 
0.457662 0.0560795 0.00553173 2.65726e-05 0.0822027 0.0544407 0.0587548 0.0502358 0.0026412 0.153075 0.0151089 0.0140928 0.00340339 0.000348757 0.00103754 0.0177077 0.0214049 0.00624634 
0.714268 0.00932544 0.00427386 0.00608378 0.00425324 0.0179143 0.0721809 0.0133607 0.00136082 0.110985 0.0139489 0.019015 0.00118509 0.000163406 0.000615375 0.00820962 0.0025034 0.000353607 
0.427238 0.0256544 0.0194555 0.0550353 0.0198888 0.0225953 0.00994882 0.00852798 0.00534984 0.204368 0.00764643 0.0257882 0.00124433 0.0229047 0.000462368 0.138773 0.000114734 0.0050043 
0.620181 0.0279679 0.0137764 0.00097618 0.0187156 0.00644747 0.0177178 0.00402887 0.0482625 0.0807667 0.0118906 0.00724337 0.0199788 0.0046452 0.000468335 0.105918 0.00141962 0.00959548 
0.240123 0.0835148 0.0538758 0.00022293 0.0653358 0.0322544 0.0266472 0.0303888 0.00180746 0.231286 0.0237668 0.0151824 0.00205722 0.0318659 0.00186852 0.142983 0.0022729 0.0145471 
0.652249 0.0358764 0.00491362 0.000833342 0.020728 0.0375455 0.0142795 0.00619218 0.00838145 0.145661 0.00803574 0.0404136 0.0153312 5.5174e-05 0.000743074 0.007434 0.000599331 0.000728216 
0.255303 0.0247134 0.0154747 0.000506393 0.0538223 0.037473 0.180637 0.13157 0.00623046 0.110463 0.0804953 0.0328088 0.00395497 0.0168043 0.00451501 0.0337111 0.00429542 0.00722144 
0.400652 0.264511 0.00470854 0.000225332 0.0248293 0.119703 0.00353174 0.000510907 7.06298e-05 0.0724053 0.00169062 0.00888642 0.00202272 0.000205836 0.0308642 0.0271872 4.42393e-05 0.037951 
0.300629 0.0745853 0.0465391 0.000404083 0.0381388 0.050375 0.034907 0.0209771 0.00568532 0.222857 0.0121529 0.0991729 0.00797398 0.0109543 0.00119532 0.0683349 0.00295635 0.00216178 
0.457797 0.0342822 0.0142086 0.000507531 0.0138671 0.0147135 0.153668 0.0293817 0.000630146 0.122462 0.0655989 0.0231707 0.00764049 0.000339752 0.000839807 0.0419121 0.010095 0.00888439 
0.378597 0.0266367 0.00736575 0.000476048 0.186442 0.0389573 0.0292568 0.0328099 0.0417094 0.0758903 0.00103547 0.0151813 0.00105973 1.43557e-05 0.00365783 0.0205764 0.137572 0.0027616 
