0.0817665 0.310526 0.136571 0.000355405 0.0346693 0.121316 0.0171689 0.00893456 0.00080679 0.0621624 0.0225724 0.149775 0.0106287 0.00454871 0.00126225 0.0288214 0.0027509 0.00536378 
0.236084 0.305048 0.0319731 0.00032173 0.0304032 0.0513436 0.0463167 0.0328754 0.00301842 0.101384 0.00433718 0.0255467 0.0106377 0.0184897 0.00185742 0.0863312 0.00985526 0.00417691 
0.0440075 0.494125 0.0400909 0.000137075 0.102827 0.0894836 0.0167444 0.018017 0.00266437 0.0616926 0.0135673 0.0254782 0.00425753 0.00720436 0.00675381 0.0656301 0.00149798 0.00582104 
0.0775743 0.373931 0.0177266 0.117922 0.0347561 0.0381917 0.0438277 0.044761 0.000580512 0.0744914 0.0037698 0.0597948 0.00459223 0.000813204 0.050392 0.0534443 0.000589823 0.0028415 
0.0637593 0.373039 0.0055668 1.09101e-05 0.0705549 0.0510515 0.0233613 0.0114663 0.00123423 0.0806491 0.014457 0.0260903 0.00179789 0.00308729 0.0203956 0.231227 0.000644775 0.021607 
0.0453448 0.317055 0.0276037 0.000237905 0.0837762 0.139911 0.0829342 0.0123383 0.000604816 0.0935017 0.01253 0.0394094 0.00691941 0.00225543 0.047621 0.0786216 9.0943e-05 0.00924424 
0.110604 0.208072 0.00619108 0.0952137 0.0380775 0.121134 0.0746997 0.0259388 0.0195162 0.142963 0.00827571 0.0217228 0.0188237 0.00227757 0.026736 0.0759021 0.000327618 0.00352531 
0.0332818 0.574432 0.0375058 0.00168079 0.0382342 0.0954408 0.0339564 0.0134812 0.000646486 0.0637519 0.032782 0.019995 0.00305656 0.00412251 0.00453249 0.0257209 0.000820461 0.0165587 
0.0159552 0.26091 0.0660777 0.000479235 0.0800886 0.098579 0.0172452 0.0106617 0.00408827 0.100459 0.0152252 0.0386579 0.00252985 0.00710511 0.0139749 0.241777 0.0160105 0.0101756 
0.0332818 0.574432 0.0375058 0.00168079 0.0382342 0.0954408 0.0339564 0.0134812 0.000646486 0.0637519 0.032782 0.019995 0.00305656 0.00412251 0.00453249 0.0257209 0.000820461 0.0165587 
0.0123917 0.444719 0.0544327 1.59861e-05 0.174581 0.045659 0.013531 0.00186675 0.00231874 0.0497383 0.0355199 0.00779002 0.00409436 0.00491127 0.00463322 0.129655 3.37473e-05 0.0141094 
0.0363494 0.344488 0.0195646 0.000366153 0.0582373 0.0396808 0.0385143 0.0203422 0.00287784 0.213052 0.0394722 0.0888975 0.00769636 0.0142868 0.000758281 0.043605 0.00300569 0.0288056 
0.0452936 0.392342 0.0131572 0.000983177 0.0373374 0.0627862 0.0251712 0.0147471 0.00607325 0.277599 0.00775113 0.0636026 0.0057196 0.00162141 0.000770958 0.0395631 0.00106906 0.00441181 
0.000499847 0.273882 0.272845 5.56811e-07 0.0384444 0.013049 0.00471976 0.00593025 1.12686e-05 0.0944658 0.00623284 0.00472251 0.00269877 1.91579e-06 0.156546 0.111463 7.7936e-06 0.0144791 
0.153695 0.309153 0.0208869 0.000599566 0.025109 0.146908 0.0193144 0.0144406 0.00051183 0.183568 0.0125486 0.0337544 0.000702694 0.0020945 0.000762313 0.0687666 8.78858e-05 0.00709682 
0.0122755 0.363447 0.0273144 7.77643e-05 0.068276 0.0768252 0.00881764 0.00436644 0.000511618 0.0150741 0.0034231 0.0432361 0.000881489 0.00063097 0.341139 0.0312255 9.21239e-05 0.00238581 
0.131425 0.184229 0.170751 0.000111695 0.10265 0.104898 0.0192739 0.0257361 0.00478705 0.0662736 0.0137542 0.070692 0.00352413 0.0144018 0.0487027 0.0329921 0.00029863 0.00549916 
0.097029 0.283495 0.0384216 0.000698734 0.0547585 0.053607 0.0607066 0.0216607 0.00716215 0.106336 0.0157363 0.198483 0.00162957 0.000469692 0.0016113 0.0516473 0.000676876 0.00586966 
0.0614248 0.470377 0.0252731 0.00124357 0.0813063 0.117896 0.0135528 0.0124333 0.000479595 0.103111 0.00163425 0.0235939 0.00491612 0.000309494 0.0183356 0.0614555 0.000962339 0.00169508 
0.121204 0.169322 0.0529509 0.000319773 0.122865 0.0975184 0.0353118 0.00880674 0.00331009 0.0370038 0.049533 0.0860519 0.00800928 0.00427453 0.0510247 0.130256 0.00549971 0.0167388 
0.0249245 0.513507 0.0257927 0.0015063 0.0321521 0.141542 0.00909066 0.00968976 0.000166586 0.052051 0.00945203 0.0348892 0.00054191 0.000160274 0.0393517 0.103528 0.000302064 0.00135205 
0.0259252 0.327624 0.0479962 0.00057379 0.208814 0.110417 0.0176835 0.0110954 0.000640278 0.115194 0.0155936 0.0450565 0.00282893 0.00240423 0.00381636 0.0606483 0.00263765 0.00105198 
0.00434053 0.470364 0.0778184 3.61791e-05 0.0458685 0.282672 0.00727658 0.010066 6.27971e-05 0.0569905 0.0166685 0.00629502 0.00231385 0.000334815 0.00306019 0.0122017 7.8385e-05 0.00355258 
0.103412 0.19919 0.0242211 0.000666808 0.112478 0.0826136 0.0279268 0.0224313 0.00394684 0.14603 0.0247484 0.0553425 0.00404817 0.00614587 0.128738 0.0513221 0.00231119 0.00442695 
0.113579 0.173271 0.130998 0.000603751 0.0192794 0.108773 0.0401222 0.0317911 0.00278632 0.104821 0.00702961 0.169677 0.000739416 0.000580147 0.0147966 0.0695629 0.00387672 0.00771304 
0.0332818 0.574432 0.0375058 0.00168079 0.0382342 0.0954408 0.0339564 0.0134812 0.000646486 0.0637519 0.032782 0.019995 0.00305656 0.00412251 0.00453249 0.0257209 0.000820461 0.0165587 
0.0048707 0.532343 0.0370009 6.82122e-05 0.0894446 0.0760629 0.0189751 0.0146701 0.00102846 0.0321733 0.0213387 0.0320746 0.00766908 0.0017131 0.0850173 0.0435497 0.000357728 0.00164205 
0.00351981 0.275204 0.132905 0.000584121 0.0988368 0.149609 0.00851257 0.00766185 0.000789778 0.0376943 0.0816979 0.0851809 0.00336425 0.000304969 0.0583739 0.0544165 0.000424314 0.000920424 
0.0332818 0.574432 0.0375058 0.00168079 0.0382342 0.0954408 0.0339564 0.0134812 0.000646486 0.0637519 0.032782 0.019995 0.00305656 0.00412251 0.00453249 0.0257209 0.000820461 0.0165587 
0.0108575 0.219505 0.0496024 0.000544989 0.117471 0.207211 0.00708179 0.0168839 0.00111078 0.188663 0.00921111 0.0788413 0.00354255 0.0220222 0.00165089 0.0605877 0.000527075 0.00468549 
0.0828383 0.212457 0.0721417 0.000434525 0.0229405 0.103401 0.0958875 0.0240126 0.00266657 0.17792 0.0455249 0.0370656 0.011771 0.0114454 0.00122492 0.0916115 0.000890701 0.00576596 
0.0704172 0.33627 0.0068747 0.00854896 0.0243582 0.0871076 0.0456647 0.00757908 0.00165426 0.176718 0.0180234 0.0115628 0.0145787 0.00152288 0.0312271 0.0312867 0.00517134 0.121434 
0.017682 0.226914 0.0669817 7.99519e-07 0.0927438 0.180918 0.162882 0.0135517 0.00298988 0.0675094 0.0130868 0.0491098 0.00555764 0.0169459 0.00290756 0.0654139 3.13581e-05 0.0147733 
0.0256827 0.198487 0.113366 0.000167658 0.0537949 0.127274 0.0238227 0.0185783 0.00340737 0.117692 0.0226407 0.173212 0.0363296 0.00434839 0.00284207 0.0668243 0.000482465 0.0110464 
0.0332818 0.574432 0.0375058 0.00168079 0.0382342 0.0954408 0.0339564 0.0134812 0.000646486 0.0637519 0.032782 0.019995 0.00305656 0.00412251 0.00453249 0.0257209 0.000820461 0.0165587 
0.0285141 0.36763 0.042323 0.000184036 0.125551 0.0909435 0.0245078 0.0247656 0.000195841 0.0669407 0.0178518 0.0201205 0.146241 0.00242627 0.0117128 0.027449 0.000163363 0.00248076 
0.0363494 0.344488 0.0195646 0.000366153 0.0582373 0.0396808 0.0385143 0.0203422 0.00287784 0.213052 0.0394722 0.0888975 0.00769636 0.0142868 0.000758281 0.043605 0.00300569 0.0288056 
0.0588349 0.522009 0.0541553 0.0006747 0.105955 0.0358211 0.023347 0.0120317 0.000740754 0.0331166 0.0106247 0.056916 0.0148987 0.00016033 0.0433799 0.0136702 0.00158202 0.012082 
0.0332818 0.574432 0.0375058 0.00168079 0.0382342 0.0954408 0.0339564 0.0134812 0.000646486 0.0637519 0.032782 0.019995 0.00305656 0.00412251 0.00453249 0.0257209 0.000820461 0.0165587 
0.029176 0.269704 0.0516555 0.000217544 0.0585759 0.235567 0.0414261 0.0207502 0.00154719 0.0653256 0.0299139 0.153474 0.00760789 0.00237662 0.00741279 0.019349 0.00247227 0.00344894 
0.0233514 0.249006 0.0204645 0.00014685 0.0666455 0.223242 0.041521 0.0988661 0.0042563 0.11708 0.0344731 0.0155721 0.0107304 0.0106601 0.00154492 0.0799201 0.000104213 0.00241588 
0.0332818 0.574432 0.0375058 0.00168079 0.0382342 0.0954408 0.0339564 0.0134812 0.000646486 0.0637519 0.032782 0.019995 0.00305656 0.00412251 0.00453249 0.0257209 0.000820461 0.0165587 
0.0332818 0.574432 0.0375058 0.00168079 0.0382342 0.0954408 0.0339564 0.0134812 0.000646486 0.0637519 0.032782 0.019995 0.00305656 0.00412251 0.00453249 0.0257209 0.000820461 0.0165587 
0.0652678 0.490027 0.0203536 0.00510952 0.0649816 0.0682997 0.00549427 0.00506314 0.000386033 0.0327994 0.00416553 0.0177351 0.00197645 0.00094361 0.199586 0.0156974 0.000121111 0.00199226 
0.0352878 0.235172 0.0256406 0.000276758 0.0755093 0.100189 0.0672168 0.0252414 0.00220248 0.113557 0.0186146 0.0364185 0.149633 0.00347774 0.0059865 0.0879057 0.0016922 0.0159799 
0.0424907 0.251831 0.0368955 0.000383032 0.134011 0.048341 0.0600022 0.024714 0.00662776 0.239065 0.0213612 0.0465927 0.0139116 0.00198272 0.00408462 0.0588156 0.00357792 0.00531278 
0.0332818 0.574432 0.0375058 0.00168079 0.0382342 0.0954408 0.0339564 0.0134812 0.000646486 0.0637519 0.032782 0.019995 0.00305656 0.00412251 0.00453249 0.0257209 0.000820461 0.0165587 
0.0473751 0.443042 0.0069608 0.0806005 0.0110134 0.0336635 0.0142767 0.00507641 0.00443089 0.235727 0.00237362 0.0327198 0.00182957 0.000139228 0.00744998 0.0700838 0.000475115 0.00276238 
0.0332818 0.574432 0.0375058 0.00168079 0.0382342 0.0954408 0.0339564 0.0134812 0.000646486 0.0637519 0.032782 0.019995 0.00305656 0.00412251 0.00453249 0.0257209 0.000820461 0.0165587 
0.0332818 0.574432 0.0375058 0.00168079 0.0382342 0.0954408 0.0339564 0.0134812 0.000646486 0.0637519 0.032782 0.019995 0.00305656 0.00412251 0.00453249 0.0257209 0.000820461 0.0165587 
0.0246929 0.444047 0.0310926 0.000235163 0.0778168 0.115726 0.0172208 0.0278323 0.00132309 0.110687 0.02109 0.0394574 0.0116011 0.0025031 0.0106773 0.0553233 0.00051277 0.00816195 
0.0307358 0.705221 0.0100451 0.000125068 0.0347285 0.0533636 0.0164086 0.00671524 0.0042339 0.0667123 0.00427924 0.0318208 0.00449549 0.000395031 0.00243812 0.0263552 0.000488733 0.00143835 
0.0448445 0.224785 0.167615 0.00020746 0.0376381 0.179381 0.0213438 0.0245232 0.000922443 0.0849213 0.0186536 0.110759 0.00485191 0.0030686 0.00215593 0.0187295 0.00105922 0.0545408 
0.0610935 0.210003 0.0509634 0.000146789 0.0820293 0.13778 0.0350352 0.0132944 0.00472482 0.164007 0.0162603 0.0430674 0.00659531 0.00189379 0.0072217 0.152872 0.00234234 0.0106699 
0.0188922 0.767738 0.0158462 0.000701166 0.00862063 0.0345476 0.0111781 0.00743623 0.000341024 0.0123523 0.0137665 0.0983953 0.0059355 4.77542e-05 0.00162483 0.00175942 0.000519312 0.000297917 
0.0279037 0.399217 0.0341056 0.000547554 0.0360425 0.076895 0.0290965 0.0213996 0.00510534 0.127494 0.0262977 0.121575 0.0214377 0.00614344 0.00293931 0.0538713 0.000644757 0.00928375 
0.15165 0.274538 0.00207429 0.000130616 0.0662932 0.152152 0.0985846 0.0174778 0.000585713 0.152425 0.00912532 0.0334827 0.00656257 9.19681e-05 0.0010103 0.0286817 0.00329264 0.00184205 
0.0332818 0.574432 0.0375058 0.00168079 0.0382342 0.0954408 0.0339564 0.0134812 0.000646486 0.0637519 0.032782 0.019995 0.00305656 0.00412251 0.00453249 0.0257209 0.000820461 0.0165587 
0.0108575 0.219505 0.0496024 0.000544989 0.117471 0.207211 0.00708179 0.0168839 0.00111078 0.188663 0.00921111 0.0788413 0.00354255 0.0220222 0.00165089 0.0605877 0.000527075 0.00468549 
0.0332818 0.574432 0.0375058 0.00168079 0.0382342 0.0954408 0.0339564 0.0134812 0.000646486 0.0637519 0.032782 0.019995 0.00305656 0.00412251 0.00453249 0.0257209 0.000820461 0.0165587 
0.044205 0.297002 0.0715935 0.000643222 0.0730608 0.262584 0.0152608 0.0161766 0.000163743 0.0967091 0.0189493 0.0715655 0.00435041 0.00284385 0.00161726 0.0193895 0.000789745 0.00309542 
0.0332818 0.574432 0.0375058 0.00168079 0.0382342 0.0954408 0.0339564 0.0134812 0.000646486 0.0637519 0.032782 0.019995 0.00305656 0.00412251 0.00453249 0.0257209 0.000820461 0.0165587 
0.0344137 0.267835 0.0436045 3.97821e-05 0.0466465 0.113445 0.0727014 0.0429554 0.0104547 0.0449592 0.0738123 0.0690764 0.00465781 0.0111299 0.0519175 0.106063 0.00055641 0.00573067 
0.0271411 0.500259 0.0301625 0.000284769 0.0830343 0.10775 0.0186493 0.0159214 0.00264666 0.0610538 0.0460911 0.0185916 0.0133761 0.00606817 0.0124095 0.0494998 0.00070274 0.00635847 
0.0660858 0.450066 0.0206904 0.000141339 0.10216 0.0285578 0.0256122 0.0551156 0.00196927 0.160228 0.0204337 0.0272452 0.00989327 0.000158237 0.00897211 0.0186992 0.000517257 0.00345562 
0.0332818 0.574432 0.0375058 0.00168079 0.0382342 0.0954408 0.0339564 0.0134812 0.000646486 0.0637519 0.032782 0.019995 0.00305656 0.00412251 0.00453249 0.0257209 0.000820461 0.0165587 
0.124082 0.184169 0.0432883 0.000158152 0.114431 0.0822083 0.145417 0.0944617 0.00239538 0.0629301 0.0391095 0.0318455 0.0089712 0.00422311 0.00955538 0.0385281 0.00637011 0.00785674 
0.137342 0.272351 0.0252791 0.000654714 0.0264181 0.0672438 0.0628234 0.0170654 0.0051005 0.186767 0.0452236 0.0354766 0.00568061 0.0021057 0.017237 0.071955 0.018621 0.00265475 
0.0332818 0.574432 0.0375058 0.00168079 0.0382342 0.0954408 0.0339564 0.0134812 0.000646486 0.0637519 0.032782 0.019995 0.00305656 0.00412251 0.00453249 0.0257209 0.000820461 0.0165587 
0.0219944 0.78186 0.00145905 0.00681261 0.0440703 0.0115431 0.0227155 0.0217475 7.32597e-05 0.0323758 0.000152021 0.0284729 0.0012235 5.23025e-06 0.000509389 0.0175988 0.00733144 5.53957e-05 
0.121584 0.321093 0.0095866 0.000372244 0.091042 0.06865 0.0436093 0.0212211 0.0014398 0.146284 0.0209358 0.0636711 0.00755827 0.000446474 0.0245597 0.0491664 0.0073771 0.00140296 
0.0254672 0.638914 0.0191232 0.000184453 0.0564368 0.122505 0.0167817 0.0128844 0.000449232 0.0320739 0.0128273 0.0208939 0.00366184 5.64215e-05 0.014489 0.020316 0.000592553 0.00234379 
0.0332818 0.574432 0.0375058 0.00168079 0.0382342 0.0954408 0.0339564 0.0134812 0.000646486 0.0637519 0.032782 0.019995 0.00305656 0.00412251 0.00453249 0.0257209 0.000820461 0.0165587 
0.0332818 0.574432 0.0375058 0.00168079 0.0382342 0.0954408 0.0339564 0.0134812 0.000646486 0.0637519 0.032782 0.019995 0.00305656 0.00412251 0.00453249 0.0257209 0.000820461 0.0165587 
0.0361048 0.298204 0.0420597 0.000149933 0.0610087 0.187821 0.0371023 0.0375166 0.000317719 0.134319 0.012034 0.0703431 0.0132268 7.23375e-06 0.00298671 0.0662586 0.000360497 0.000179854 
0.0719311 0.539688 0.0363264 0.000164112 0.0461699 0.0995324 0.0260515 0.0105291 0.000510006 0.0489763 0.0333811 0.0219894 0.0306307 0.000272485 0.0083242 0.0205829 0.000520169 0.00442021 
0.0332818 0.574432 0.0375058 0.00168079 0.0382342 0.0954408 0.0339564 0.0134812 0.000646486 0.0637519 0.032782 0.019995 0.00305656 0.00412251 0.00453249 0.0257209 0.000820461 0.0165587 
0.0516416 0.232618 0.151137 0.000119307 0.0470165 0.0799396 0.10524 0.0406426 0.00105818 0.0776716 0.00624722 0.156288 0.0045765 2.65865e-05 0.00189731 0.0386529 0.000378354 0.00484852 
0.0489064 0.221383 0.0328292 0.000679286 0.216278 0.142761 0.0335451 0.0899591 0.00338721 0.0735839 0.0154721 0.0313914 0.00506265 0.0131081 0.00267484 0.0593871 0.000642888 0.00894859 
0.0332818 0.574432 0.0375058 0.00168079 0.0382342 0.0954408 0.0339564 0.0134812 0.000646486 0.0637519 0.032782 0.019995 0.00305656 0.00412251 0.00453249 0.0257209 0.000820461 0.0165587 
0.0332818 0.574432 0.0375058 0.00168079 0.0382342 0.0954408 0.0339564 0.0134812 0.000646486 0.0637519 0.032782 0.019995 0.00305656 0.00412251 0.00453249 0.0257209 0.000820461 0.0165587 
0.0366211 0.351548 0.0506966 0.000741229 0.0676626 0.139097 0.026488 0.0125862 0.000552669 0.0906198 0.0193774 0.170682 0.00173753 0.000324775 0.00231478 0.026652 0.0011752 0.00112192 
0.0332818 0.574432 0.0375058 0.00168079 0.0382342 0.0954408 0.0339564 0.0134812 0.000646486 0.0637519 0.032782 0.019995 0.00305656 0.00412251 0.00453249 0.0257209 0.000820461 0.0165587 
0.0332818 0.574432 0.0375058 0.00168079 0.0382342 0.0954408 0.0339564 0.0134812 0.000646486 0.0637519 0.032782 0.019995 0.00305656 0.00412251 0.00453249 0.0257209 0.000820461 0.0165587 
0.0332818 0.574432 0.0375058 0.00168079 0.0382342 0.0954408 0.0339564 0.0134812 0.000646486 0.0637519 0.032782 0.019995 0.00305656 0.00412251 0.00453249 0.0257209 0.000820461 0.0165587 
0.0457429 0.251418 0.0661596 0.000188555 0.0346917 0.113572 0.0511178 0.0136927 0.00161565 0.134309 0.0271189 0.115468 0.00993376 0.0126769 0.00270984 0.109468 0.000660575 0.00945542 
0.12922 0.165848 0.0469485 0.00045351 0.0488104 0.148876 0.108395 0.0340257 0.00372115 0.126642 0.00675308 0.133583 0.0166184 1.89323e-05 0.00168563 0.0212997 0.00499659 0.00210388 
0.0271411 0.500259 0.0301625 0.000284769 0.0830343 0.10775 0.0186493 0.0159214 0.00264666 0.0610538 0.0460911 0.0185916 0.0133761 0.00606817 0.0124095 0.0494998 0.00070274 0.00635847 
0.16211 0.364345 0.0098443 0.000146038 0.0448534 0.0420617 0.0386872 0.0310778 0.00677584 0.165477 0.0179612 0.0779269 0.00707415 0.000634721 0.000845236 0.0279744 0.00129828 0.000906486 
0.0636072 0.24732 0.0279822 0.000761052 0.0300148 0.0558585 0.0587795 0.0119025 0.0110119 0.216414 0.0131983 0.100074 0.0106422 0.0096015 0.0019855 0.134564 0.000601734 0.00568067 
0.0411032 0.227199 0.0415588 0.000521409 0.0711173 0.120379 0.0216099 0.0125552 0.00270307 0.0774435 0.0129074 0.0695037 0.00610084 0.0621859 0.00301365 0.222157 0.000704844 0.00723651 
0.0560194 0.417878 0.010665 0.00489845 0.0312197 0.0744448 0.0450678 0.019486 0.000872763 0.180832 0.00127732 0.0662159 0.00541885 7.01186e-06 0.0252378 0.0591338 0.000434184 0.000891109 
0.0776283 0.20977 0.033519 0.00331474 0.0858425 0.186382 0.0379986 0.0171556 0.012298 0.152969 0.0521613 0.0722232 0.00521661 0.00217815 0.00343155 0.0420451 0.00147404 0.00439224 
0.0332818 0.574432 0.0375058 0.00168079 0.0382342 0.0954408 0.0339564 0.0134812 0.000646486 0.0637519 0.032782 0.019995 0.00305656 0.00412251 0.00453249 0.0257209 0.000820461 0.0165587 
0.0336987 0.233422 0.0422712 0.000419212 0.0612203 0.133579 0.0249133 0.0149057 0.00217052 0.0767959 0.0198077 0.0822971 0.00546282 0.0494862 0.00241889 0.207303 0.000636876 0.00919183 
0.160901 0.221438 0.0232042 6.27466e-05 0.0626685 0.0949468 0.0362891 0.0208943 0.0050234 0.187979 0.0146079 0.0490793 0.00676351 0.0291284 0.000297464 0.0790787 0.000806221 0.00683032 
0.0440075 0.494125 0.0400909 0.000137075 0.102827 0.0894836 0.0167444 0.018017 0.00266437 0.0616926 0.0135673 0.0254782 0.00425753 0.00720436 0.00675381 0.0656301 0.00149798 0.00582104 
0.14254 0.198509 0.0794329 0.000396647 0.0400304 0.0915849 0.0890234 0.0898794 0.00577693 0.131156 0.021346 0.0521148 0.0106592 0.00475999 0.00411588 0.0347734 0.00260455 0.00129745 
0.208139 0.222076 0.0788605 0.000196621 0.0339764 0.0543087 0.0197978 0.0118151 0.0051256 0.198695 0.0178412 0.0834365 0.00612247 0.00532238 0.00405028 0.0454043 0.00227427 0.00255756 
0.0440075 0.494125 0.0400909 0.000137075 0.102827 0.0894836 0.0167444 0.018017 0.00266437 0.0616926 0.0135673 0.0254782 0.00425753 0.00720436 0.00675381 0.0656301 0.00149798 0.00582104 
0.0332818 0.574432 0.0375058 0.00168079 0.0382342 0.0954408 0.0339564 0.0134812 0.000646486 0.0637519 0.032782 0.019995 0.00305656 0.00412251 0.00453249 0.0257209 0.000820461 0.0165587 
0.118751 0.446354 0.0185949 0.000815638 0.0220065 0.0616759 0.0156183 0.0115948 0.0215525 0.0809386 0.018078 0.0522279 0.00378408 0.0440872 0.00640552 0.0569403 0.00155405 0.0190204 
0.107975 0.431956 0.0156801 1.46497e-05 0.0495359 0.109907 0.0449843 0.0160428 0.0366723 0.103936 0.00917299 0.0191873 0.0015324 0.00281879 0.00147301 0.0352149 0.000790653 0.0131064 
0.159721 0.203296 0.016474 0.000103177 0.0905564 0.0648882 0.0699827 0.0273699 0.000233578 0.140036 0.00430726 0.0838646 0.00407572 0.000272112 0.0141157 0.11293 0.000984396 0.00678999 
0.0332818 0.574432 0.0375058 0.00168079 0.0382342 0.0954408 0.0339564 0.0134812 0.000646486 0.0637519 0.032782 0.019995 0.00305656 0.00412251 0.00453249 0.0257209 0.000820461 0.0165587 
0.259921 0.2847 0.00409027 0.105934 0.0485266 0.0227717 0.033084 0.0131962 0.00564219 0.139489 0.00359007 0.0293473 0.00170475 0.000240232 0.00634822 0.0392118 0.000613471 0.00158876 
0.0332818 0.574432 0.0375058 0.00168079 0.0382342 0.0954408 0.0339564 0.0134812 0.000646486 0.0637519 0.032782 0.019995 0.00305656 0.00412251 0.00453249 0.0257209 0.000820461 0.0165587 
0.292823 0.296737 0.0047775 6.24651e-05 0.130083 0.0250294 0.0105163 0.0279268 0.000178016 0.0852052 0.0202584 0.015908 0.00325384 0.00102871 0.0502506 0.028787 0.00238865 0.00478636 
0.0373413 0.349888 0.0143653 8.4486e-05 0.103021 0.0697675 0.0147921 0.019921 0.00565936 0.203573 0.0102242 0.0415572 0.00139551 0.00348061 0.00875322 0.111872 0.000677617 0.00362596 
0.0332818 0.574432 0.0375058 0.00168079 0.0382342 0.0954408 0.0339564 0.0134812 0.000646486 0.0637519 0.032782 0.019995 0.00305656 0.00412251 0.00453249 0.0257209 0.000820461 0.0165587 
0.0534321 0.264584 0.0903709 0.000147281 0.0305788 0.177409 0.0998189 0.0191341 0.00272705 0.0922339 0.0416255 0.0370024 0.0261585 0.00350868 0.00907274 0.0442091 0.00264757 0.0053392 
0.0275105 0.353943 0.0543067 9.29465e-05 0.0316112 0.29923 0.0117884 0.0167579 7.75455e-05 0.0746127 0.0180832 0.0434017 0.00337539 0.000736569 0.0035401 0.0586318 0.000107428 0.0021937 
0.20009 0.660948 0.00262142 0.00066803 0.0104248 0.0266034 0.00586127 0.00206798 0.000234373 0.0413018 0.000951158 0.0115962 0.00405524 5.0041e-06 0.00379588 0.0280094 0.000142365 0.000623343 
0.0536858 0.202956 0.0482129 0.000121663 0.112487 0.134355 0.108937 0.0358421 0.00467454 0.134616 0.0539741 0.0456364 0.00453262 0.000351167 0.0027005 0.0409753 0.0138777 0.00206383 
0.0790418 0.323983 0.189885 0.000569974 0.013789 0.0797392 0.0231311 0.00609205 0.000701559 0.151682 0.00607284 0.0955368 0.000498603 0.000439124 0.00179819 0.0243174 0.00055188 0.0021701 
0.0332818 0.574432 0.0375058 0.00168079 0.0382342 0.0954408 0.0339564 0.0134812 0.000646486 0.0637519 0.032782 0.019995 0.00305656 0.00412251 0.00453249 0.0257209 0.000820461 0.0165587 
0.0443658 0.288332 0.0883576 0.000586298 0.0519728 0.0776767 0.0831266 0.0213641 0.00172314 0.0645447 0.016822 0.0977448 0.0245333 0.0137906 0.00380864 0.0943789 0.000880899 0.0259909 
0.0332818 0.574432 0.0375058 0.00168079 0.0382342 0.0954408 0.0339564 0.0134812 0.000646486 0.0637519 0.032782 0.019995 0.00305656 0.00412251 0.00453249 0.0257209 0.000820461 0.0165587 
0.176744 0.245802 0.0570142 0.00971796 0.068381 0.0876572 0.0283121 0.0248444 0.0240507 0.125816 0.00725216 0.02438 0.00972201 0.00427615 0.00327862 0.0761484 0.00284494 0.0237577 
0.0286191 0.437447 0.075083 0.000121281 0.0344656 0.225544 0.00790293 0.00793791 0.000144927 0.0860819 0.0203526 0.0310328 0.00125755 0.000700778 0.00380578 0.0368597 0.000183134 0.0024601 
0.0324425 0.337982 0.0913976 4.99318e-05 0.0285408 0.101568 0.00542998 0.00436292 0.00219999 0.18118 0.0117857 0.0742631 0.00699494 0.00945453 0.00250024 0.103888 4.78424e-05 0.00591102 
0.160228 0.216536 0.0436218 0.000228998 0.155448 0.106982 0.0536892 0.0173484 0.00495451 0.114043 0.00396748 0.0548903 0.00775093 0.00122064 0.00185381 0.053169 0.00141065 0.00265851 
0.028339 0.547237 0.0273751 0.000214366 0.0608892 0.131037 0.01508 0.0164939 0.00152783 0.0682889 0.0283993 0.029989 0.0072551 0.00045582 0.00715958 0.0265019 0.00105103 0.00270604 
0.0440075 0.494125 0.0400909 0.000137075 0.102827 0.0894836 0.0167444 0.018017 0.00266437 0.0616926 0.0135673 0.0254782 0.00425753 0.00720436 0.00675381 0.0656301 0.00149798 0.00582104 
0.235389 0.324448 0.0153232 5.70934e-05 0.104906 0.0434409 0.0339578 0.0270808 0.00639826 0.0892218 0.0106404 0.00849091 0.0019696 0.00395944 0.00339677 0.0190103 0.0620601 0.0102502 
0.0332818 0.574432 0.0375058 0.00168079 0.0382342 0.0954408 0.0339564 0.0134812 0.000646486 0.0637519 0.032782 0.019995 0.00305656 0.00412251 0.00453249 0.0257209 0.000820461 0.0165587 
0.0363717 0.224453 0.0291984 0.00036772 0.154904 0.047153 0.0296881 0.0174939 0.00439232 0.114655 0.0262084 0.0852895 0.00786161 0.00399473 0.167041 0.0417294 0.0037654 0.00543227 
0.0437732 0.351314 0.0542679 0.000552548 0.0689068 0.0572234 0.0192862 0.0177288 0.00384453 0.177769 0.0198321 0.0333686 0.00453684 0.00963636 0.0057377 0.120569 0.000648687 0.0110045 
0.0332818 0.574432 0.0375058 0.00168079 0.0382342 0.0954408 0.0339564 0.0134812 0.000646486 0.0637519 0.032782 0.019995 0.00305656 0.00412251 0.00453249 0.0257209 0.000820461 0.0165587 
0.16827 0.198914 0.0120759 0.000922905 0.0940855 0.162902 0.0823568 0.0640991 0.00106288 0.101531 0.00612175 0.0507901 0.00279392 3.47589e-05 0.0130124 0.0369391 0.0034383 0.000649918 
0.0234497 0.258203 0.03217 0.00454014 0.0463184 0.0794444 0.024203 0.00898788 0.00157342 0.203623 0.0219543 0.0752814 0.014623 0.0187588 0.00215451 0.163519 0.0026006 0.0185947 
0.0332818 0.574432 0.0375058 0.00168079 0.0382342 0.0954408 0.0339564 0.0134812 0.000646486 0.0637519 0.032782 0.019995 0.00305656 0.00412251 0.00453249 0.0257209 0.000820461 0.0165587 
0.0332818 0.574432 0.0375058 0.00168079 0.0382342 0.0954408 0.0339564 0.0134812 0.000646486 0.0637519 0.032782 0.019995 0.00305656 0.00412251 0.00453249 0.0257209 0.000820461 0.0165587 
0.0592569 0.207978 0.0261711 0.000225147 0.0500939 0.1833 0.0597502 0.0550271 0.000816102 0.144057 0.020901 0.111728 0.00946849 0.00682578 0.00389807 0.0555175 0.00185471 0.0031302 
0.089042 0.348916 0.00545698 0.00185245 0.0417179 0.0679068 0.0105229 0.0128301 0.000406617 0.326408 0.0248192 0.0213608 0.000404975 0.000195608 0.00130614 0.0397476 0.000599628 0.00650639 
0.0452562 0.280828 0.0842462 0.00124931 0.0615656 0.0674813 0.0197226 0.0137869 0.00744294 0.178916 0.0165682 0.0570594 0.00873289 0.0145736 0.0140076 0.109087 0.000566993 0.018909 
0.0367922 0.240724 0.0370291 0.000563766 0.145361 0.0615816 0.0153591 0.0126662 0.00142341 0.138978 0.00571513 0.0759449 0.0018725 0.015332 0.0317315 0.17298 0.000585251 0.0053606 
0.190656 0.250799 0.0239349 0.139045 0.0450523 0.12364 0.0274927 0.0353304 0.000832931 0.0337255 0.00463803 0.0140132 0.00237992 0.000336166 0.0337791 0.0684377 0.000542028 0.00536585 
0.0793595 0.221804 0.0483909 2.17131e-05 0.0457348 0.0829806 0.0926636 0.0917017 0.00357135 0.0815876 0.0268132 0.149949 0.00322319 0.000355639 0.00251229 0.0591811 0.00325959 0.00688988 
0.279727 0.30129 0.0114044 0.000152511 0.0119491 0.0425134 0.0494522 0.00839646 1.40783e-06 0.0806017 0.00869623 0.165654 0.00208051 7.94694e-06 0.00557166 0.0298646 0.000533479 0.00210401 
0.0388085 0.568667 0.0166176 2.72776e-05 0.149848 0.0254957 0.012641 0.00366481 0.00110745 0.0469191 0.000322032 0.0394917 0.0011989 0.000308053 0.0586831 0.0317324 0.000270337 0.00419687 
0.0332818 0.574432 0.0375058 0.00168079 0.0382342 0.0954408 0.0339564 0.0134812 0.000646486 0.0637519 0.032782 0.019995 0.00305656 0.00412251 0.00453249 0.0257209 0.000820461 0.0165587 
0.0456072 0.428354 0.104819 0.000132083 0.0639845 0.0685669 0.0203221 0.0100384 0.0116359 0.091832 0.0132422 0.0316096 0.00915949 0.00970295 0.00202936 0.074161 0.000808479 0.0139946 
0.00801987 0.495935 0.105734 1.85919e-06 0.0760339 0.1913 0.000859417 0.00135942 0.000373823 0.0550987 0.00702389 0.0191928 0.000306715 0.000731956 0.00872329 0.0243132 1.43591e-05 0.00497796 
0.0440075 0.494125 0.0400909 0.000137075 0.102827 0.0894836 0.0167444 0.018017 0.00266437 0.0616926 0.0135673 0.0254782 0.00425753 0.00720436 0.00675381 0.0656301 0.00149798 0.00582104 
0.0332818 0.574432 0.0375058 0.00168079 0.0382342 0.0954408 0.0339564 0.0134812 0.000646486 0.0637519 0.032782 0.019995 0.00305656 0.00412251 0.00453249 0.0257209 0.000820461 0.0165587 
0.0597999 0.186338 0.0936579 0.000171843 0.074226 0.0606074 0.0264647 0.0818834 0.00601047 0.146206 0.0155146 0.113932 0.011973 0.0320742 0.00617554 0.0733985 0.000774755 0.0107919 
0.0411032 0.227199 0.0415588 0.000521409 0.0711173 0.120379 0.0216099 0.0125552 0.00270307 0.0774435 0.0129074 0.0695037 0.00610084 0.0621859 0.00301365 0.222157 0.000704844 0.00723651 
0.0716796 0.286928 0.00850913 0.00112646 0.0635312 0.0975962 0.0697269 0.0145419 0.00289575 0.0284529 0.00692184 0.0358242 0.00118787 0.000408549 0.244286 0.0643231 0.000741603 0.00131875 
0.0336906 0.32027 0.0226015 0.000671822 0.0878297 0.0212647 0.0306974 0.0106691 0.00178074 0.185868 0.0100117 0.0679135 0.0143235 0.0268847 0.00714847 0.150709 0.000583772 0.00708135 
0.0659218 0.205276 0.0557558 0.000642943 0.120493 0.117279 0.0497641 0.0201709 0.0049549 0.15969 0.0279326 0.0733861 0.00542041 0.00387487 0.0095464 0.072893 0.00296136 0.00403688 
0.0270868 0.22733 0.0490716 0.00021805 0.0939966 0.112414 0.026958 0.0129039 0.00250136 0.0830343 0.0199405 0.205679 0.00820479 0.0146318 0.0326506 0.0755724 0.000478534 0.00732831 
0.0687565 0.288251 0.105323 0.00116009 0.055919 0.150792 0.04477 0.0229189 0.00661234 0.101834 0.0195049 0.0573644 0.013974 0.0067539 0.00424631 0.042676 0.00237971 0.00676427 
0.0825048 0.313273 0.0183645 0.00108943 0.047094 0.08656 0.0339659 0.016032 0.0204523 0.186496 0.0131713 0.0674686 0.0181953 0.00817778 0.00587555 0.0732125 0.00110196 0.00696507 
0.0505138 0.421476 0.0230878 0.00102493 0.0956979 0.100521 0.0112366 0.00894307 0.000684004 0.133652 0.0058298 0.0459021 0.00772863 0.00122274 0.0249407 0.0585918 0.000692475 0.0082536 
0.0332818 0.574432 0.0375058 0.00168079 0.0382342 0.0954408 0.0339564 0.0134812 0.000646486 0.0637519 0.032782 0.019995 0.00305656 0.00412251 0.00453249 0.0257209 0.000820461 0.0165587 
0.095713 0.442741 0.0726876 1.95258e-05 0.0610513 0.0287699 0.0173974 0.00365365 0.005182 0.115206 0.00758062 0.019061 0.0082229 0.00525813 0.00108103 0.0838684 0.000130394 0.0323758 
0.0209665 0.352201 0.106426 0.00104742 0.0400982 0.230575 0.00851014 0.0106834 0.000877838 0.0916382 0.0054135 0.0701818 0.000417239 0.00248917 0.00440589 0.0517601 0.000656196 0.00165266 
0.0171978 0.278723 0.0356924 0.000956263 0.0793611 0.0475516 0.0658992 0.0342291 0.00258998 0.0903714 0.0244234 0.262704 0.00345654 0.00142183 0.0039509 0.0442594 0.00272534 0.00448662 
0.0849009 0.361851 0.0983957 0.000221397 0.0521659 0.115409 0.01327 0.00589261 0.00377112 0.160695 0.00526327 0.0309238 0.00158503 0.000299258 0.00894178 0.0523832 0.00141479 0.00261594 
0.0407378 0.217103 0.025931 0.000425092 0.175671 0.100167 0.0374003 0.0240867 0.00419394 0.156397 0.0160881 0.0829266 0.00649418 0.00657648 0.0312253 0.0609102 0.00109302 0.0125739 
0.0841584 0.341092 0.0262148 3.07721e-05 0.0297995 0.0642089 0.109805 0.0102855 0.00374457 0.120985 0.0373205 0.0663922 0.00905344 0.00983543 0.00994112 0.0666952 0.000202745 0.0102357 
0.018802 0.439962 0.0487923 0.00011431 0.0887016 0.130481 0.019918 0.0113014 0.00426039 0.109339 0.0263368 0.0239544 0.00445171 0.00455448 0.0240707 0.0395978 0.000727897 0.00463403 
0.132568 0.259403 0.0301999 0.00103177 0.0458898 0.100399 0.0180399 0.0164081 0.00465209 0.232489 0.00801692 0.0538174 0.00179442 0.00209987 0.00953192 0.0814238 0.000328631 0.00190638 
0.0195016 0.522861 0.0317844 0.000583015 0.0273574 0.179938 0.0187112 0.0133342 0.00159089 0.0697362 0.0234562 0.038447 0.00340891 0.000226029 0.00261382 0.0405612 0.000858083 0.00503115 
0.174064 0.245378 0.111622 8.31876e-06 0.0887713 0.0884592 0.0711075 0.0384122 0.000234845 0.0461021 0.00222057 0.00990389 0.00438716 7.02319e-06 0.0773276 0.027501 0.0141796 0.000313559 
0.0721263 0.413659 0.0238416 0.000382184 0.120561 0.0890757 0.0176481 0.0239001 7.19198e-05 0.139062 0.0106872 0.0368145 0.00422212 9.54116e-06 0.0218042 0.0241076 0.000876186 0.0011507 
0.0300165 0.371921 0.0136184 0.00305013 0.0448242 0.182998 0.0140715 0.0259094 0.0119303 0.145076 0.0166612 0.0419865 0.0235235 0.00266697 0.00223423 0.067349 9.80016e-05 0.00206493 
0.0855894 0.281559 0.0669895 0.000339499 0.053614 0.0921672 0.0548229 0.0240113 0.00461398 0.192092 0.0167385 0.0719449 0.00249443 0.00319577 0.0083256 0.0329611 0.00429249 0.00424816 
0.101011 0.236439 0.166396 0.00108481 0.0353755 0.106942 0.0300316 0.0259959 0.00575405 0.148628 0.0213862 0.077828 0.0043 0.000250766 0.000556783 0.0349477 0.00102082 0.00205075 
0.043849 0.449053 0.0174711 0.000234098 0.11569 0.0609118 0.0464768 0.0536469 0.00150286 0.101925 0.00350864 0.0209806 0.00863579 0.000262972 0.00136473 0.0275494 0.0445996 0.00233794 
0.0275105 0.353943 0.0543067 9.29465e-05 0.0316112 0.29923 0.0117884 0.0167579 7.75455e-05 0.0746127 0.0180832 0.0434017 0.00337539 0.000736569 0.0035401 0.0586318 0.000107428 0.0021937 
0.0477105 0.283913 0.0993813 0.000632284 0.111205 0.105804 0.0142476 0.0189489 0.000683372 0.155612 0.00598708 0.0795517 0.0039607 0.00898855 0.0170608 0.0413025 0.000927718 0.00408368 
0.00551771 0.461119 0.0273411 0.000287056 0.0359329 0.0823224 0.0163758 0.0241317 0.0028576 0.0536806 0.0309282 0.011427 0.000871508 0.00257848 0.21791 0.0224371 0.000976493 0.00330538 
0.0120917 0.258885 0.0756204 1.06719e-05 0.256201 0.0729627 0.00510645 0.00486867 0.00390079 0.0299338 0.00277746 0.0241719 0.00325156 0.00662089 0.0207315 0.214862 8.18877e-05 0.00792184 
0.0332818 0.574432 0.0375058 0.00168079 0.0382342 0.0954408 0.0339564 0.0134812 0.000646486 0.0637519 0.032782 0.019995 0.00305656 0.00412251 0.00453249 0.0257209 0.000820461 0.0165587 
0.0249245 0.513507 0.0257927 0.0015063 0.0321521 0.141542 0.00909066 0.00968976 0.000166586 0.052051 0.00945203 0.0348892 0.00054191 0.000160274 0.0393517 0.103528 0.000302064 0.00135205 
0.117635 0.17878 0.0575826 6.71832e-05 0.101167 0.168717 0.0726044 0.0177579 0.0163556 0.100567 0.0226376 0.0436089 0.00727374 0.00870615 0.00349233 0.0384621 0.00332893 0.0412576 
0.0332818 0.574432 0.0375058 0.00168079 0.0382342 0.0954408 0.0339564 0.0134812 0.000646486 0.0637519 0.032782 0.019995 0.00305656 0.00412251 0.00453249 0.0257209 0.000820461 0.0165587 
0.0727877 0.590998 0.00579854 0.000695128 0.0374941 0.133233 0.00292801 0.00785548 0.00105133 0.119816 0.0154536 0.00358476 0.000353085 1.41226e-05 0.00178166 0.00101378 0.000768409 0.00437385 
0.0332818 0.574432 0.0375058 0.00168079 0.0382342 0.0954408 0.0339564 0.0134812 0.000646486 0.0637519 0.032782 0.019995 0.00305656 0.00412251 0.00453249 0.0257209 0.000820461 0.0165587 
0.133942 0.266441 0.0295196 0.170953 0.0408918 0.127662 0.0186719 0.0304222 0.00568281 0.0428516 0.015356 0.0517267 0.00120196 0.000811072 0.00781489 0.0486685 0.00171723 0.0056662 
0.0282338 0.373926 0.0197677 0.000478637 0.0599479 0.0712986 0.0384459 0.0142281 0.00181876 0.133383 0.0311907 0.0963285 0.00518777 0.0140423 0.0160401 0.0847613 0.000932487 0.00998818 
0.0637527 0.272106 0.0270355 0.000108605 0.118285 0.111478 0.0357148 0.0388743 0.00743494 0.12691 0.0189529 0.0651478 0.0156837 0.00652001 0.00513439 0.0811797 0.000499613 0.00518252 
0.109898 0.197811 0.0647365 0.000401198 0.0515808 0.0553768 0.112236 0.0210965 0.00281893 0.14158 0.0290618 0.0973964 0.0171158 0.00336806 0.00425387 0.044448 0.000612673 0.0462078 
0.0332818 0.574432 0.0375058 0.00168079 0.0382342 0.0954408 0.0339564 0.0134812 0.000646486 0.0637519 0.032782 0.019995 0.00305656 0.00412251 0.00453249 0.0257209 0.000820461 0.0165587 
0.18461 0.323746 0.0179796 0.000325588 0.0421089 0.0628636 0.0290282 0.0182374 0.000855317 0.0963015 0.0227479 0.087057 0.002676 0.00482669 0.00471755 0.0916114 0.000852727 0.00945534 
0.0974082 0.224916 0.0805717 0.000315712 0.0783367 0.150819 0.0304597 0.0283062 0.00612707 0.0714412 0.00760657 0.0242135 0.0108597 0.0192028 0.0585939 0.0946302 0.000495422 0.0156968 
0.0440075 0.494125 0.0400909 0.000137075 0.102827 0.0894836 0.0167444 0.018017 0.00266437 0.0616926 0.0135673 0.0254782 0.00425753 0.00720436 0.00675381 0.0656301 0.00149798 0.00582104 
0.223686 0.302075 0.0470416 0.00176229 0.010111 0.0204268 0.0167583 0.00516731 0.00293628 0.241026 0.00174403 0.0739803 0.0015653 0.000168064 0.00251481 0.0449503 0.000479336 0.00360595 
0.0616785 0.348781 0.0205621 0.00072979 0.0954295 0.0736159 0.0273772 0.0436587 0.0133016 0.201772 0.0141475 0.0297326 0.00328034 0.0183919 0.00840724 0.0318192 0.000531346 0.00678303 
0.0332818 0.574432 0.0375058 0.00168079 0.0382342 0.0954408 0.0339564 0.0134812 0.000646486 0.0637519 0.032782 0.019995 0.00305656 0.00412251 0.00453249 0.0257209 0.000820461 0.0165587 
0.0332818 0.574432 0.0375058 0.00168079 0.0382342 0.0954408 0.0339564 0.0134812 0.000646486 0.0637519 0.032782 0.019995 0.00305656 0.00412251 0.00453249 0.0257209 0.000820461 0.0165587 
0.0332818 0.574432 0.0375058 0.00168079 0.0382342 0.0954408 0.0339564 0.0134812 0.000646486 0.0637519 0.032782 0.019995 0.00305656 0.00412251 0.00453249 0.0257209 0.000820461 0.0165587 
0.199116 0.234027 0.0350242 2.82771e-05 0.0462527 0.105477 0.0294982 0.0280563 0.0016975 0.117315 0.00931757 0.0712292 0.004585 0.000300442 0.0599447 0.0539807 0.000183674 0.00396676 
0.0465482 0.352522 0.0036633 0.000244615 0.152296 0.0322427 0.00577327 0.0187072 6.80892e-05 0.0531819 0.00049669 0.101128 0.00190359 4.33221e-06 0.021721 0.182124 0.000208292 0.0271668 
0.0266936 0.463301 0.075576 0.000601831 0.0345921 0.0492502 0.0216764 0.00814947 0.00254854 0.0855294 0.00940621 0.12466 0.0185327 0.00928736 0.00408305 0.0524257 0.000277793 0.0134086 
0.0332818 0.574432 0.0375058 0.00168079 0.0382342 0.0954408 0.0339564 0.0134812 0.000646486 0.0637519 0.032782 0.019995 0.00305656 0.00412251 0.00453249 0.0257209 0.000820461 0.0165587 
0.262304 0.299067 0.015955 0.000294471 0.0959156 0.146816 0.00834361 0.0140115 0.000760829 0.0913533 0.00429373 0.0237253 0.00251999 0.000504155 0.00713145 0.0194663 0.00517458 0.00236307 
0.133942 0.266441 0.0295196 0.170953 0.0408918 0.127662 0.0186719 0.0304222 0.00568281 0.0428516 0.015356 0.0517267 0.00120196 0.000811072 0.00781489 0.0486685 0.00171723 0.0056662 
0.069108 0.252981 0.0236872 0.000220036 0.113127 0.0556271 0.0454736 0.019935 0.00325439 0.195481 0.0127245 0.0509681 0.00954559 0.0027546 0.0103072 0.123506 0.00280089 0.00849802 
0.118805 0.258481 0.0671565 0.0369695 0.0535017 0.0859557 0.0265331 0.0101458 0.00723936 0.206725 0.0158762 0.0542092 0.00290268 0.0126371 0.00187219 0.0377226 0.00099574 0.0022712 
0.0332818 0.574432 0.0375058 0.00168079 0.0382342 0.0954408 0.0339564 0.0134812 0.000646486 0.0637519 0.032782 0.019995 0.00305656 0.00412251 0.00453249 0.0257209 0.000820461 0.0165587 
0.0491035 0.327012 0.0244007 6.67538e-05 0.0391298 0.0460122 0.0239867 0.0137357 0.00319373 0.0397695 0.00939215 0.0132358 0.00688408 0.0151929 0.283385 0.0946128 0.000272095 0.0106144 
0.0241614 0.64118 0.0287893 0.000184497 0.0447378 0.0783483 0.0154066 0.00743506 0.00136102 0.030198 0.0319785 0.0531892 0.00569517 0.00061915 0.00892911 0.0236184 0.000330639 0.00383763 
0.069848 0.254672 0.13958 7.11517e-05 0.070159 0.159887 0.0315886 0.0170839 0.000899492 0.0817098 0.0073202 0.127114 0.00166167 0.00200755 0.00354681 0.0263306 0.000364174 0.00615525 
0.0330392 0.311402 0.044686 0.000339279 0.0873375 0.0264163 0.0170188 0.024763 0.00426949 0.117517 0.00839724 0.121548 0.00343642 0.0177378 0.0042704 0.16644 0.000156486 0.0112242 
0.0332818 0.574432 0.0375058 0.00168079 0.0382342 0.0954408 0.0339564 0.0134812 0.000646486 0.0637519 0.032782 0.019995 0.00305656 0.00412251 0.00453249 0.0257209 0.000820461 0.0165587 
0.0332818 0.574432 0.0375058 0.00168079 0.0382342 0.0954408 0.0339564 0.0134812 0.000646486 0.0637519 0.032782 0.019995 0.00305656 0.00412251 0.00453249 0.0257209 0.000820461 0.0165587 
0.0285869 0.347007 0.0426504 0.00027076 0.210364 0.121757 0.0310481 0.0404926 0.00654632 0.0374546 0.0322217 0.0212819 0.00479236 0.00497856 0.0244978 0.0313119 0.00241105 0.0123271 
0.0332818 0.574432 0.0375058 0.00168079 0.0382342 0.0954408 0.0339564 0.0134812 0.000646486 0.0637519 0.032782 0.019995 0.00305656 0.00412251 0.00453249 0.0257209 0.000820461 0.0165587 
0.138889 0.231559 0.0355073 0.000138132 0.0346425 0.090727 0.0398577 0.0193933 0.00270652 0.11737 0.0247939 0.1466 0.0162705 0.00744975 0.0111406 0.0756733 0.00131644 0.00596543 
0.109245 0.307077 0.0084889 0.000223042 0.0776219 0.0521318 0.035975 0.0301582 0.00161405 0.154917 0.0283692 0.0325637 0.00267162 0.0819248 0.0436989 0.0319281 0.000334219 0.00105769 
0.0332818 0.574432 0.0375058 0.00168079 0.0382342 0.0954408 0.0339564 0.0134812 0.000646486 0.0637519 0.032782 0.019995 0.00305656 0.00412251 0.00453249 0.0257209 0.000820461 0.0165587 
0.0586457 0.235637 0.196065 0.000580643 0.0227861 0.150093 0.0192652 0.0119483 0.0011776 0.0797272 0.0248557 0.177427 0.00461139 0.000366875 0.00154763 0.0123281 0.00166148 0.00127615 
