0.0245393 0.0079672 0.0068691 0.000106852 0.0459218 0.0444826 0.0470443 0.0461287 0.000935154 0.0869275 0.631329 0.0106077 0.0295008 0.00229522 0.000919956 0.0034165 0.0102855 0.000722647 
0.136343 0.0149549 0.003872 2.62884e-07 0.0135234 0.106306 0.132633 0.0939912 0.00402848 0.145691 0.201838 0.068183 0.0336915 0.000970835 4.17027e-05 0.0360531 0.00287942 0.00500019 
0.0381523 0.0997456 0.0373967 0.000573299 0.0714552 0.0513798 0.0274324 0.00949908 0.0119559 0.0997785 0.238686 0.104085 0.0056669 0.0131711 0.00915891 0.167888 0.00102136 0.012954 
0.0289728 0.00717104 0.0050624 6.51357e-06 0.0400555 0.0650304 0.201543 0.0463918 0.00057838 0.0981679 0.400604 0.0680951 0.00378692 0.00165689 0.000395289 0.029352 0.00151583 0.00161358 
0.00605866 0.0342926 0.038103 0.000258696 0.0143613 0.0583899 0.213389 0.0410475 0.000134151 0.029144 0.534457 0.0207252 0.00258191 0.000436761 0.00168313 0.00301171 0.00138567 0.000539557 
0.0541347 0.0145244 0.0138097 0.00167729 0.0307962 0.0452936 0.121912 0.0622022 0.000718649 0.0603651 0.404465 0.136297 0.0142596 0.00173844 0.0124616 0.0132357 0.00911877 0.00299065 
0.115413 0.0292226 0.0266714 8.46885e-05 0.204603 0.0219032 0.0252859 0.0156103 6.76456e-08 0.0488997 0.463862 0.0085269 0.00335727 4.55773e-05 0.0037524 0.0277885 0.000455158 0.00451822 
0.0559667 0.102547 0.0242252 0.00053671 0.0644905 0.0730646 0.114793 0.0555561 0.00459571 0.126845 0.220032 0.0411477 0.0145721 0.00924842 0.00313894 0.0718495 0.00139986 0.0159901 
0.0265804 0.00967636 0.00787561 0.000172756 0.0284696 0.051346 0.0506961 0.0552577 0.00114005 0.0831284 0.617241 0.0131631 0.0361751 0.00281153 0.000921058 0.00323216 0.0111611 0.000952097 
0.0279953 0.010405 0.00862549 0.000193102 0.0168968 0.055565 0.0520956 0.0612281 0.0013082 0.0821118 0.608997 0.0146405 0.0402794 0.00311796 0.000919889 0.00314703 0.0114082 0.00106509 
0.0252587 0.0247974 0.00876901 0.000238253 0.0219284 0.0383599 0.0744988 0.0367402 0.00052751 0.0520888 0.573423 0.0542334 0.0676788 0.000682463 0.00134048 0.0119055 0.00383297 0.00369642 
0.100683 0.0325519 0.0117035 0.00108944 0.0522864 0.0517713 0.167576 0.0932809 0.0074507 0.150323 0.233064 0.0460412 0.00673118 0.00237831 0.00202221 0.0330301 0.00327733 0.00474001 
0.0165435 0.0517553 0.0262372 0.000362033 0.0163697 0.20466 0.0591777 0.0315153 0.00184505 0.0641674 0.419436 0.0496715 0.0420164 0.00177107 0.00139381 0.0103546 0.000514081 0.00220972 
0.0249437 0.0136884 0.0104103 2.92697e-05 0.0156034 0.0694168 0.0620202 0.0696297 0.000367312 0.0819482 0.580988 0.0131599 0.0424856 0.000985464 0.000623605 0.00235494 0.0102827 0.00106262 
0.103277 0.048469 0.136997 0.000780674 0.035389 0.126412 0.0866932 0.0360367 0.00233411 0.0885159 0.16587 0.0361104 0.00663105 0.00199468 0.00198728 0.0256613 0.0807129 0.0161278 
0.0593727 0.00641275 0.00445167 0.000162895 0.0170994 0.019824 0.125859 0.0251515 0.000381511 0.0907278 0.567001 0.0481155 0.00268322 0.000572178 0.00136956 0.0198222 0.00227738 0.00871548 
0.107264 0.0783159 0.00364459 0.000121625 0.0121184 0.0714427 0.101348 0.0383784 5.21277e-05 0.0505108 0.22719 0.176029 0.00790933 0.00144189 0.000602377 0.111357 5.88938e-05 0.0122152 
0.0250554 0.00822865 0.00706496 0.000131348 0.0438673 0.0471256 0.0476867 0.046662 0.000889702 0.08686 0.627253 0.0115556 0.0304609 0.0022022 0.00085283 0.00309737 0.0102826 0.000724315 
0.0118778 0.0164902 0.0122094 0.00033465 0.0184505 0.0279786 0.0794202 0.0301738 0.00051768 0.0716583 0.451162 0.0243404 0.245664 0.000677911 0.000535777 0.00581283 0.00184262 0.000854136 
0.00739911 0.00336793 0.00138634 0.000199377 0.00848327 0.0848901 0.180559 0.0506105 4.3649e-05 0.0512683 0.528916 0.0477333 0.0114131 0.000492852 0.000220179 0.0211807 0.000348621 0.00148725 
0.032829 0.0200209 0.0142392 0.00029206 0.0159145 0.0307018 0.0696869 0.0253427 0.00049246 0.0494235 0.651257 0.0532803 0.0159741 0.00235343 0.00122518 0.0127207 0.0011586 0.003088 
0.198594 0.0454245 0.0408535 0.000570753 0.0293337 0.0432241 0.0448464 0.0291614 0.0090882 0.130254 0.30034 0.0140126 0.0178399 0.00420835 0.00704901 0.0578262 0.0226094 0.00476409 
0.121597 0.0317654 0.01617 0.000374104 0.0408311 0.0396309 0.117726 0.0387344 0.0139107 0.234795 0.235662 0.0352944 0.008947 0.0047158 0.00251182 0.0270368 0.00297182 0.0273256 
0.0489527 0.0170158 0.00973991 0.000151441 0.0864529 0.0248733 0.13731 0.0404868 0.00238361 0.157727 0.370249 0.0168336 0.00916115 0.00238019 0.0128639 0.0160513 0.00877636 0.0385912 
0.0316632 0.0278272 0.0102591 0.000173933 0.0323248 0.0700134 0.105343 0.108815 0.00395119 0.0728537 0.334883 0.0297792 0.140479 0.002094 0.000990032 0.021429 0.00498945 0.00213266 
0.0155817 0.00617713 0.00178532 6.41764e-05 0.0039319 0.0179435 0.0934793 0.0236721 0.000957396 0.0188417 0.680451 0.112558 0.00416911 0.000274122 0.001968 0.0134708 0.00070944 0.00396553 
0.047047 0.00860363 0.000740639 7.22301e-05 0.0615732 0.0965682 0.200309 0.0342965 0.00326534 0.0955589 0.210317 0.0159434 0.153673 3.5537e-06 0.000946555 0.00164375 0.018622 0.0508166 
0.0949729 0.028012 0.0163899 0.00027376 0.0288601 0.0731196 0.0718967 0.0365261 0.00198626 0.0649418 0.415308 0.0759798 0.0349975 0.00451941 0.00356274 0.0269604 0.0057708 0.0159222 
0.236459 0.0187877 0.00671893 8.14861e-05 0.0229396 0.0236224 0.102896 0.0367898 0.000808731 0.0430325 0.301306 0.112488 0.00310524 0.00234684 0.0119691 0.0525017 0.0109636 0.0131834 
0.0265804 0.00967636 0.00787561 0.000172756 0.0284696 0.051346 0.0506961 0.0552577 0.00114005 0.0831284 0.617241 0.0131631 0.0361751 0.00281153 0.000921058 0.00323216 0.0111611 0.000952097 
0.0250554 0.00822865 0.00706496 0.000131348 0.0438673 0.0471256 0.0476867 0.046662 0.000889702 0.08686 0.627253 0.0115556 0.0304609 0.0022022 0.00085283 0.00309737 0.0102826 0.000724315 
0.0131681 0.0291416 0.00396603 0.000176445 0.0105449 0.0289092 0.0790489 0.0361878 5.52133e-05 0.0331854 0.681036 0.0700524 0.00161086 0.000236001 0.00221644 0.00713665 0.0013521 0.00197573 
0.0279953 0.010405 0.00862549 0.000193102 0.0168968 0.055565 0.0520956 0.0612281 0.0013082 0.0821118 0.608997 0.0146405 0.0402794 0.00311796 0.000919889 0.00314703 0.0114082 0.00106509 
0.0463329 0.0308281 0.0136395 0.000257014 0.0311893 0.0672588 0.17364 0.106365 0.00154582 0.0780927 0.331153 0.0499588 0.0252941 0.000670495 0.00576316 0.0327482 0.0019312 0.00333224 
0.0293988 0.0363883 0.00735538 0.00130183 0.0967993 0.0232649 0.0647703 0.0387004 0.00107375 0.0613616 0.535322 0.0619062 0.00988206 0.000532277 0.00137949 0.0193657 0.00861268 0.00258469 
0.030078 0.033192 0.0265692 0.000244471 0.0275603 0.039863 0.0710423 0.022343 0.00380638 0.0771837 0.480379 0.0611053 0.00958695 0.0115137 0.00323661 0.0840151 0.000978686 0.0173021 
0.0898752 0.0269001 0.0109149 0.000336009 0.0411518 0.0466328 0.106736 0.0294612 0.00578122 0.13471 0.394386 0.0588281 0.00371832 0.00194319 0.00469375 0.0308368 0.00486069 0.00823393 
0.0796684 0.0598795 0.0241073 0.000504374 0.0355817 0.0871027 0.0760876 0.0581898 0.0159969 0.0990318 0.252006 0.0723686 0.00675142 0.00454061 0.000951873 0.119428 0.000825837 0.00697773 
0.024021 0.0170551 0.00606581 0.000268331 0.0364327 0.0235978 0.0775938 0.113845 0.00135579 0.0823992 0.512282 0.0630552 0.00452591 0.00223221 0.00171557 0.02354 0.00377633 0.0062378 
0.082245 0.0235642 0.00872614 0.000339367 0.0413753 0.0424579 0.140107 0.0539599 0.00651638 0.0979266 0.390503 0.0318289 0.0446269 0.00251502 0.0021814 0.0211757 0.00398869 0.0059628 
0.0888262 0.0356226 0.0259125 0.000318377 0.0424922 0.0629217 0.193881 0.0812066 0.00311401 0.0866232 0.250358 0.0607761 0.0134273 0.00135735 0.00312453 0.0345714 0.0110542 0.00441266 
0.0111587 0.0256545 0.018462 0.000246847 0.0160498 0.239449 0.0784925 0.0292825 0.000700311 0.0471564 0.419146 0.0292822 0.0719026 0.0025375 0.00110589 0.00691969 0.000426004 0.00202795 
0.00484494 0.135791 0.00889144 8.52451e-05 0.0207529 0.167088 0.197361 0.102537 0.000367699 0.0309581 0.251866 0.060573 0.00691387 2.10364e-05 0.00496215 0.0058199 0.000224746 0.000942038 
0.133722 0.0486334 0.0225922 0.00017471 0.0363691 0.0339946 0.0784146 0.0164321 0.0079631 0.0962259 0.368974 0.0492084 0.00681351 0.00279164 0.00467619 0.041794 0.00303294 0.0481876 
0.0048107 0.0322154 0.00148374 6.20985e-06 0.172738 0.0504344 0.0151226 0.0462692 7.58114e-05 0.0624683 0.557274 0.0315265 9.77134e-06 2.95963e-06 7.55387e-06 0.00786555 4.45625e-05 0.0176453 
0.0063981 0.0195308 0.0219886 0.000294758 0.00882597 0.0472398 0.204461 0.034953 7.89501e-05 0.0279567 0.604816 0.0149301 0.00251713 0.000448909 0.00147677 0.00250392 0.00106257 0.000516987 
0.0146993 0.0045326 0.00377797 2.84048e-05 0.00675295 0.0185575 0.122074 0.0243548 0.00047854 0.0132205 0.642392 0.102452 0.00358402 0.000696834 0.00143077 0.0336007 0.000812693 0.00655466 
0.0228922 0.0301985 0.0275115 0.000324283 0.0269832 0.0949059 0.0670474 0.0409686 0.00234243 0.0721051 0.498784 0.0470294 0.00756864 0.00715849 0.00299223 0.0410723 0.00122477 0.00889142 
0.0279953 0.010405 0.00862549 0.000193102 0.0168968 0.055565 0.0520956 0.0612281 0.0013082 0.0821118 0.608997 0.0146405 0.0402794 0.00311796 0.000919889 0.00314703 0.0114082 0.00106509 
0.0109693 0.0207577 0.0179982 0.000245135 0.0200042 0.149912 0.0549393 0.0608083 0.000777821 0.0472767 0.576716 0.0221942 0.00485593 0.00271473 0.00150672 0.00578068 0.00132254 0.00122142 
0.0118778 0.0164902 0.0122094 0.00033465 0.0184505 0.0279786 0.0794202 0.0301738 0.00051768 0.0716583 0.451162 0.0243404 0.245664 0.000677911 0.000535777 0.00581283 0.00184262 0.000854136 
0.00975942 0.0390155 0.0729685 0.000238434 0.0632485 0.0272527 0.033119 0.0101076 0.00142508 0.145178 0.437192 0.0456305 0.00456544 0.00234192 0.0024037 0.103283 0.000671893 0.00159995 
0.00605245 0.00130928 0.000249405 7.47936e-07 0.0026525 0.0413534 0.125573 0.0273984 2.10185e-06 0.0180539 0.706559 0.0555124 0.00943198 3.60811e-05 6.43067e-05 0.00490536 6.4289e-05 0.000781608 
0.047047 0.00860363 0.000740639 7.22301e-05 0.0615732 0.0965682 0.200309 0.0342965 0.00326534 0.0955589 0.210317 0.0159434 0.153673 3.5537e-06 0.000946555 0.00164375 0.018622 0.0508166 
0.030078 0.033192 0.0265692 0.000244471 0.0275603 0.039863 0.0710423 0.022343 0.00380638 0.0771837 0.480379 0.0611053 0.00958695 0.0115137 0.00323661 0.0840151 0.000978686 0.0173021 
0.083591 0.0543534 0.0140448 0.000178278 0.0245708 0.0604698 0.0880589 0.0545567 0.00327784 0.0902837 0.444847 0.0421466 0.00834559 0.00108391 0.00142146 0.0161921 0.00320092 0.00937719 
0.0349457 0.0247284 0.00362558 0.000190072 0.00925002 0.0263688 0.0601792 0.0199546 0.000235712 0.0331932 0.703505 0.0698837 0.00126721 0.000239524 0.00192089 0.00737499 0.00121327 0.00192373 
0.0195532 0.0242466 0.0335322 2.82316e-05 0.0218141 0.0767659 0.194051 0.2384 0.000297261 0.0199689 0.253209 0.0877132 0.00426394 0.000193188 0.000912517 0.0166079 0.00540047 0.00304281 
0.130738 0.088066 0.00471902 0.000281794 0.0114471 0.071716 0.0770329 0.0390859 0.000392573 0.0993742 0.169684 0.147021 0.00815672 0.00131142 0.00060236 0.13782 5.03578e-05 0.0125015 
0.0490218 0.0345063 0.00984124 0.000260207 0.0326101 0.060365 0.169255 0.103307 0.00248472 0.0857044 0.289942 0.042627 0.0524589 0.00297124 0.004386 0.0159463 0.0380506 0.0062619 
0.0242812 0.0146241 0.0110913 9.03269e-05 0.0156078 0.0689552 0.0626069 0.0702327 0.000700418 0.082269 0.576718 0.013539 0.041587 0.00187699 0.000722142 0.00277673 0.0110308 0.00129058 
0.0117929 0.0252561 0.00343723 0.000152923 0.00929033 0.0250547 0.0850622 0.0334503 9.2162e-05 0.0287607 0.70374 0.0612133 0.00150244 0.000204536 0.00192092 0.0061851 0.00117183 0.0017123 
0.0162658 0.00513694 0.0042817 3.21918e-05 0.00754626 0.0210318 0.118591 0.0259411 0.000494652 0.0149832 0.617498 0.115449 0.00390644 0.000789745 0.00162153 0.0380808 0.000921049 0.0074286 
0.0442032 0.0275803 0.00307751 0.000231428 0.0225593 0.106362 0.159093 0.0356826 0.000301676 0.0762899 0.301933 0.0549652 0.151878 8.87051e-06 0.00168799 0.00954286 0.00102709 0.00357555 
0.00953984 0.0543473 0.0155934 0.000301117 0.0570904 0.0505019 0.0587247 0.0250924 0.00314053 0.0569118 0.628691 0.0204522 0.00695375 0.000160029 0.00172245 0.00624354 0.00389042 0.000643088 
0.0118778 0.0164902 0.0122094 0.00033465 0.0184505 0.0279786 0.0794202 0.0301738 0.00051768 0.0716583 0.451162 0.0243404 0.245664 0.000677911 0.000535777 0.00581283 0.00184262 0.000854136 
0.0289097 0.0419712 0.00397907 3.74059e-05 0.012094 0.0621897 0.151234 0.0411624 6.82198e-06 0.0654831 0.424281 0.0541236 0.0865655 4.61722e-05 0.0014997 0.0211846 0.000459092 0.00477226 
0.011078 0.00159005 0.000833824 1.07067e-07 0.0068811 0.0157945 0.127614 0.0320847 0.00079977 0.050654 0.551946 0.180821 0.00236754 0.00123795 7.71632e-05 0.0127837 0.00132299 0.00211397 
0.00953984 0.0543473 0.0155934 0.000301117 0.0570904 0.0505019 0.0587247 0.0250924 0.00314053 0.0569118 0.628691 0.0204522 0.00695375 0.000160029 0.00172245 0.00624354 0.00389042 0.000643088 
0.0475354 0.00715906 0.00276688 0.000208408 0.0202957 0.032009 0.0814752 0.021218 0.000120263 0.0445775 0.671096 0.0449563 0.00411132 0.00285569 0.00049838 0.0109106 0.00157564 0.00663016 
0.0118178 0.0381781 0.0444826 1.91011e-05 0.0530243 0.0870535 0.140034 0.0123462 0.00124724 0.123991 0.392557 0.0181286 0.0123994 0.000265165 0.00123483 0.00883701 0.0527967 0.00158769 
0.0440725 0.0297486 0.0237133 0.000577964 0.0730986 0.0818479 0.0655826 0.0398924 0.00314095 0.0513128 0.425087 0.0647362 0.0222249 0.00334795 0.00313315 0.0465185 0.00431903 0.0176452 
0.0607756 0.0132465 0.0181001 0.00316639 0.0276809 0.0529443 0.247917 0.0460874 0.00505748 0.0690695 0.351471 0.0610864 0.0113268 0.000434975 0.00115271 0.0193006 0.00564221 0.00553984 
0.0250554 0.00822865 0.00706496 0.000131348 0.0438673 0.0471256 0.0476867 0.046662 0.000889702 0.08686 0.627253 0.0115556 0.0304609 0.0022022 0.00085283 0.00309737 0.0102826 0.000724315 
0.0470744 0.0162766 0.0068934 0.000189916 0.0157739 0.0432007 0.0838079 0.0228146 0.0196459 0.0462568 0.601908 0.0353283 0.0131121 0.00482023 0.00103995 0.0316941 0.00113558 0.00902753 
0.0265804 0.00967636 0.00787561 0.000172756 0.0284696 0.051346 0.0506961 0.0552577 0.00114005 0.0831284 0.617241 0.0131631 0.0361751 0.00281153 0.000921058 0.00323216 0.0111611 0.000952097 
0.0196307 0.0238219 0.0100953 0.000353741 0.180878 0.136397 0.0359785 0.0133547 0.000227047 0.114356 0.287226 0.164511 0.00159756 0.00108068 0.00124006 0.00671334 0.00175288 0.000785768 
0.0397598 0.00777303 0.00544061 0.000179978 0.0156557 0.0399942 0.0699277 0.0502103 0.000680216 0.0228929 0.696157 0.0258038 0.00200356 0.00190069 0.0014883 0.00790476 0.00145637 0.0107712 
0.0165425 0.0153834 0.00822135 0.000387482 0.0234123 0.027501 0.0705513 0.04243 0.000798971 0.0713797 0.59743 0.0201784 0.0974013 0.000857667 0.000625654 0.00428442 0.00185252 0.000761801 
0.0398589 0.0274536 0.0136911 0.000240798 0.0705938 0.0551461 0.0557099 0.118106 0.00230205 0.13284 0.294397 0.0796579 0.00846662 0.00634827 0.00319576 0.0439307 0.00124224 0.0468192 
0.000349841 0.00238175 0.00178543 3.39377e-07 0.00254428 0.00160126 0.00791945 0.0277915 1.84159e-07 0.0013145 0.950139 0.00114913 0.00148958 6.34607e-08 1.63954e-07 3.22273e-08 3.36656e-07 0.00153361 
0.0166342 0.0335444 0.019294 0.000372918 0.0477089 0.0387679 0.0562152 0.025497 0.00472188 0.0569325 0.612117 0.0212308 0.00948344 0.00750215 0.00191356 0.0266696 0.00207038 0.0193238 
0.0118778 0.0164902 0.0122094 0.00033465 0.0184505 0.0279786 0.0794202 0.0301738 0.00051768 0.0716583 0.451162 0.0243404 0.245664 0.000677911 0.000535777 0.00581283 0.00184262 0.000854136 
0.0118778 0.0164902 0.0122094 0.00033465 0.0184505 0.0279786 0.0794202 0.0301738 0.00051768 0.0716583 0.451162 0.0243404 0.245664 0.000677911 0.000535777 0.00581283 0.00184262 0.000854136 
0.0240682 0.0836199 0.0297179 0.000385537 0.0139312 0.160758 0.0419423 0.0333818 0.00383828 0.0859983 0.422756 0.0697668 0.0128321 0.000246042 0.00132979 0.0130482 0.000494261 0.00188579 
0.0178534 0.0196197 0.0203136 0.000284019 0.0243299 0.0307288 0.0877509 0.0342165 0.00413354 0.0669414 0.5148 0.0186483 0.0157241 0.00965351 0.00137083 0.0264371 0.00124197 0.105952 
0.0278493 0.0106678 0.00854937 0.000200941 0.0165986 0.054963 0.0527171 0.0617146 0.00132611 0.0808719 0.609273 0.0144958 0.0405145 0.00322873 0.000955462 0.0032714 0.0116951 0.00110751 
0.0104998 0.0344117 0.00537382 3.09619e-06 0.00923615 0.0402737 0.0955218 0.0446434 4.06018e-06 0.0322659 0.648267 0.0673215 0.00190157 1.86512e-05 0.00148985 0.00561469 0.000953302 0.00219979 
0.00231405 0.00687352 0.00937242 4.14503e-05 0.00109491 0.0466608 0.229603 0.183712 1.59877e-05 0.00120825 0.512162 0.000389038 0.000202747 0.000898668 0.000400467 0.00486114 0.000134695 5.45664e-05 
0.0486077 0.024644 0.0127766 0.00032045 0.0225238 0.0406658 0.090347 0.0300231 0.0146775 0.0769399 0.555601 0.0365676 0.0147984 0.00196991 0.00167698 0.0198475 0.00183505 0.00617781 
0.0241395 0.0107334 0.00253608 0.000223694 0.0165708 0.0346144 0.0487938 0.0396602 0.000876204 0.0350678 0.7384 0.0143088 0.004178 0.00879191 0.000931442 0.0179913 0.000391691 0.0017905 
0.0580167 0.0118706 0.00853531 3.03525e-05 0.029377 0.0586203 0.078459 0.0925869 0.000769824 0.251766 0.323121 0.0324492 0.040021 0.000645897 0.000612495 0.00470117 0.00769534 0.000721538 
0.0249367 0.00775692 0.00550512 3.09171e-05 0.0178777 0.0430255 0.0688067 0.0585066 0.000296351 0.0679263 0.64739 0.01078 0.0347305 0.000840206 0.000541207 0.0016772 0.00879764 0.000574314 
0.0563013 0.0281123 0.0355399 0.000328274 0.0213877 0.207667 0.0889896 0.0144925 0.00921218 0.148637 0.24595 0.032214 0.0158488 0.0113528 0.00151971 0.0410371 0.000690631 0.0407197 
0.0249001 0.0138038 0.0099664 0.000317525 0.0137845 0.0475479 0.0614562 0.0365472 0.00255968 0.0377246 0.667196 0.0281606 0.00898571 0.00518844 0.00150905 0.0271716 0.00167739 0.0115032 
0.0146993 0.0045326 0.00377797 2.84048e-05 0.00675295 0.0185575 0.122074 0.0243548 0.00047854 0.0132205 0.642392 0.102452 0.00358402 0.000696834 0.00143077 0.0336007 0.000812693 0.00655466 
0.0487582 0.0148693 0.00663443 0.000935272 0.106084 0.0740258 0.150243 0.0595338 0.00208816 0.069111 0.373656 0.0466098 0.00752295 0.000549754 0.000592302 0.0253058 0.00756408 0.00591677 
0.0244453 0.0074697 0.00641991 6.60351e-05 0.0462459 0.0438769 0.0463044 0.0459555 0.000701191 0.0855961 0.636444 0.0100276 0.0300076 0.0017801 0.000864147 0.00315944 0.0100424 0.000594225 
0.00752496 0.00352587 0.00103623 0.000282645 0.00524844 0.0446969 0.129229 0.0290798 6.18296e-05 0.027189 0.675027 0.0567715 0.00846269 0.000682624 0.000312178 0.00858643 0.000268966 0.00201471 
0.0515401 0.0287862 0.0280379 6.76227e-05 0.0636099 0.16403 0.0505209 0.0901376 0.000871837 0.0490974 0.296455 0.0646564 0.0640425 0.000126767 0.00443292 0.0223656 0.00240053 0.018821 
0.00803091 0.00436295 0.00248957 0.000430324 0.0401052 0.0189995 0.282589 0.12142 5.84202e-05 0.0342071 0.459679 0.0113834 0.00797851 9.06257e-05 0.000348657 0.000852767 0.000397425 0.00657607 
0.00918253 0.0429399 0.0211513 0.000385441 0.034425 0.0580009 0.132493 0.0330253 0.00188843 0.0465338 0.58329 0.0200255 0.00524036 0.000637747 0.0016778 0.00537297 0.00296924 0.000761168 
0.0249437 0.0136884 0.0104103 2.92697e-05 0.0156034 0.0694168 0.0620202 0.0696297 0.000367312 0.0819482 0.580988 0.0131599 0.0424856 0.000985464 0.000623605 0.00235494 0.0102827 0.00106262 
0.0907182 0.0158847 0.005341 0.000306529 0.0216345 0.0297575 0.128138 0.0520175 0.00320418 0.163378 0.369539 0.0551753 0.00190652 0.0011714 0.000759989 0.0272768 0.000502106 0.033288 
0.010662 0.0424791 0.0249123 0.00035914 0.022603 0.133908 0.0725361 0.0305995 0.000585201 0.0668682 0.277043 0.024923 0.272812 0.00145625 0.00111281 0.00802503 0.000634766 0.00848118 
0.0316283 0.0412959 0.0286607 7.15745e-05 0.0273105 0.103046 0.029451 0.0207272 0.000375545 0.0216419 0.563983 0.0794343 0.00945037 0.00678602 0.00128471 0.0194086 0.0012253 0.0142192 
0.100565 0.0362324 0.0146593 0.00122305 0.0395488 0.0478209 0.162048 0.0458151 0.0168833 0.136782 0.207139 0.0309196 0.10372 0.00263418 0.00527902 0.0401871 0.00324986 0.00529344 
0.0432637 0.042691 0.0389798 0.000177521 0.0878509 0.128119 0.0950481 0.0226357 0.000428888 0.052055 0.210079 0.191625 0.0210248 0.00166106 0.0112691 0.0464625 0.00200411 0.00462459 
0.0111587 0.0256545 0.018462 0.000246847 0.0160498 0.239449 0.0784925 0.0292825 0.000700311 0.0471564 0.419146 0.0292822 0.0719026 0.0025375 0.00110589 0.00691969 0.000426004 0.00202795 
0.0146993 0.0045326 0.00377797 2.84048e-05 0.00675295 0.0185575 0.122074 0.0243548 0.00047854 0.0132205 0.642392 0.102452 0.00358402 0.000696834 0.00143077 0.0336007 0.000812693 0.00655466 
0.1197 0.0315935 0.0052527 0.00248133 0.0268781 0.0312172 0.2105 0.0451435 0.00438773 0.19515 0.232032 0.037456 0.00579775 0.000534615 0.000595255 0.0416663 0.00211815 0.007495 
0.0391992 0.00868074 0.00438717 5.04643e-05 0.023552 0.0765734 0.0930512 0.192712 0.0210947 0.10739 0.193048 0.0419698 0.180071 0.000167245 0.000282085 0.00463347 0.000371926 0.0127656 
0.0111587 0.0256545 0.018462 0.000246847 0.0160498 0.239449 0.0784925 0.0292825 0.000700311 0.0471564 0.419146 0.0292822 0.0719026 0.0025375 0.00110589 0.00691969 0.000426004 0.00202795 
0.0279953 0.010405 0.00862549 0.000193102 0.0168968 0.055565 0.0520956 0.0612281 0.0013082 0.0821118 0.608997 0.0146405 0.0402794 0.00311796 0.000919889 0.00314703 0.0114082 0.00106509 
0.0305884 0.0272459 0.0205397 0.000239439 0.0496342 0.0479519 0.0847994 0.0236944 0.00254241 0.10161 0.464951 0.0336066 0.0605411 0.0040316 0.00163535 0.0402959 0.00189084 0.00420232 
0.0290741 0.0244688 0.0171369 0.000335087 0.0450713 0.0644855 0.221821 0.0663306 0.000645625 0.0509966 0.320532 0.063222 0.0143798 0.000520499 0.00213302 0.0434097 0.0303057 0.00513241 
0.0959091 0.0783444 0.0177747 0.000780898 0.0305831 0.0855376 0.12772 0.0469171 0.00136006 0.156128 0.178018 0.0810162 0.0561356 0.00328242 0.00140317 0.0355316 0.00181821 0.00174041 
0.00752496 0.00352587 0.00103623 0.000282645 0.00524844 0.0446969 0.129229 0.0290798 6.18296e-05 0.027189 0.675027 0.0567715 0.00846269 0.000682624 0.000312178 0.00858643 0.000268966 0.00201471 
0.0397598 0.00777303 0.00544061 0.000179978 0.0156557 0.0399942 0.0699277 0.0502103 0.000680216 0.0228929 0.696157 0.0258038 0.00200356 0.00190069 0.0014883 0.00790476 0.00145637 0.0107712 
0.137543 0.0297621 0.0202616 0.000122305 0.0385712 0.0450764 0.0432513 0.0362909 0.0100595 0.170979 0.378996 0.0141408 0.0242111 0.00731903 0.000904459 0.0320092 0.00609772 0.00440413 
0.00975942 0.0390155 0.0729685 0.000238434 0.0632485 0.0272527 0.033119 0.0101076 0.00142508 0.145178 0.437192 0.0456305 0.00456544 0.00234192 0.0024037 0.103283 0.000671893 0.00159995 
0.0146993 0.0045326 0.00377797 2.84048e-05 0.00675295 0.0185575 0.122074 0.0243548 0.00047854 0.0132205 0.642392 0.102452 0.00358402 0.000696834 0.00143077 0.0336007 0.000812693 0.00655466 
0.0111587 0.0256545 0.018462 0.000246847 0.0160498 0.239449 0.0784925 0.0292825 0.000700311 0.0471564 0.419146 0.0292822 0.0719026 0.0025375 0.00110589 0.00691969 0.000426004 0.00202795 
0.0278493 0.0106678 0.00854937 0.000200941 0.0165986 0.054963 0.0527171 0.0617146 0.00132611 0.0808719 0.609273 0.0144958 0.0405145 0.00322873 0.000955462 0.0032714 0.0116951 0.00110751 
0.030078 0.033192 0.0265692 0.000244471 0.0275603 0.039863 0.0710423 0.022343 0.00380638 0.0771837 0.480379 0.0611053 0.00958695 0.0115137 0.00323661 0.0840151 0.000978686 0.0173021 
0.0124054 0.031386 0.0261931 0.00032075 0.0179196 0.0349832 0.0555407 0.0218523 0.00396351 0.0389249 0.611819 0.0275936 0.0116964 0.0124289 0.00189352 0.06711 0.00113156 0.0228375 
0.0349457 0.0247284 0.00362558 0.000190072 0.00925002 0.0263688 0.0601792 0.0199546 0.000235712 0.0331932 0.703505 0.0698837 0.00126721 0.000239524 0.00192089 0.00737499 0.00121327 0.00192373 
0.0146821 0.0328651 0.0218218 0.00031667 0.0563696 0.0498892 0.0500198 0.0552033 0.00335168 0.0438058 0.611716 0.0195621 0.00659919 0.00502438 0.00323761 0.0200245 0.00170926 0.00380198 
0.0279953 0.010405 0.00862549 0.000193102 0.0168968 0.055565 0.0520956 0.0612281 0.0013082 0.0821118 0.608997 0.0146405 0.0402794 0.00311796 0.000919889 0.00314703 0.0114082 0.00106509 
0.0279953 0.010405 0.00862549 0.000193102 0.0168968 0.055565 0.0520956 0.0612281 0.0013082 0.0821118 0.608997 0.0146405 0.0402794 0.00311796 0.000919889 0.00314703 0.0114082 0.00106509 
0.0690338 0.0339168 0.0266662 0.000298549 0.0406992 0.055467 0.174144 0.182352 0.00476142 0.0645024 0.23899 0.0401161 0.0362221 0.000688175 0.0055225 0.0216853 0.0029959 0.00193758 
0.0349457 0.0247284 0.00362558 0.000190072 0.00925002 0.0263688 0.0601792 0.0199546 0.000235712 0.0331932 0.703505 0.0698837 0.00126721 0.000239524 0.00192089 0.00737499 0.00121327 0.00192373 
0.0823502 0.0228918 0.0183913 0.000281161 0.121188 0.0290986 0.066943 0.0269067 5.16474e-05 0.0541197 0.530299 0.0164189 0.00437316 0.000452823 0.0026578 0.0175902 0.0017645 0.00422177 
0.0179017 0.00102782 0.000204058 8.45554e-06 0.00628288 0.0482419 0.105769 0.0229995 1.71997e-06 0.0212666 0.55048 0.192238 0.00683319 2.95257e-05 0.000225418 0.0257184 6.16231e-05 0.000710646 
0.0139389 0.0208641 0.0140803 0.000252034 0.0202296 0.0917198 0.0858653 0.0446297 0.000680826 0.0541193 0.463243 0.0239901 0.156105 0.00106032 0.000807648 0.00622501 0.0010793 0.00110914 
0.0248394 0.00778036 0.00805421 0.000356797 0.0121702 0.0385876 0.0669225 0.0205695 0.00127326 0.0329411 0.751687 0.0161665 0.00303878 0.000304444 0.0012532 0.00677233 0.00127216 0.00601113 
0.0547435 0.033867 0.022919 0.000324015 0.0364596 0.259435 0.0731574 0.0261993 0.003822 0.117563 0.272817 0.0300264 0.0480745 0.00173834 0.00164056 0.0143235 0.00104555 0.00184368 
0.00729295 0.00415646 0.000557327 1.31712e-05 0.00812175 0.0529745 0.178383 0.0360695 1.72048e-06 0.0215903 0.614625 0.0543068 0.00928406 4.97573e-05 0.000386389 0.0113878 0.000159806 0.000639518 
0.0279953 0.010405 0.00862549 0.000193102 0.0168968 0.055565 0.0520956 0.0612281 0.0013082 0.0821118 0.608997 0.0146405 0.0402794 0.00311796 0.000919889 0.00314703 0.0114082 0.00106509 
0.00953984 0.0543473 0.0155934 0.000301117 0.0570904 0.0505019 0.0587247 0.0250924 0.00314053 0.0569118 0.628691 0.0204522 0.00695375 0.000160029 0.00172245 0.00624354 0.00389042 0.000643088 
0.0585656 0.0320151 0.0150922 0.00124148 0.0406236 0.056578 0.200878 0.120172 0.0067203 0.0809196 0.255154 0.0480047 0.0402988 0.00286658 0.00402692 0.0274887 0.00555549 0.00379841 
0.0475354 0.00715906 0.00276688 0.000208408 0.0202957 0.032009 0.0814752 0.021218 0.000120263 0.0445775 0.671096 0.0449563 0.00411132 0.00285569 0.00049838 0.0109106 0.00157564 0.00663016 
0.0195532 0.0242466 0.0335322 2.82316e-05 0.0218141 0.0767659 0.194051 0.2384 0.000297261 0.0199689 0.253209 0.0877132 0.00426394 0.000193188 0.000912517 0.0166079 0.00540047 0.00304281 
0.040055 0.0297884 0.0162585 0.000245757 0.0693815 0.113131 0.156217 0.108353 0.00581671 0.0595796 0.3741 0.0105047 0.0060258 0.00284522 0.00194857 0.00323495 0.00168389 0.000831133 
0.0473929 0.0359864 0.00797317 0.000132681 0.0179297 0.0612142 0.111287 0.0228472 2.15641e-05 0.0358403 0.528448 0.101111 0.00115576 0.000263909 0.00211901 0.0193522 0.00497468 0.00195029 
0.0374855 0.0541014 0.024842 0.000143967 0.0355726 0.0953692 0.156521 0.11436 0.00337188 0.135866 0.169231 0.0572007 0.0187557 0.0208083 0.00160435 0.0525189 0.00154519 0.0207024 
0.0141681 0.027528 0.0103994 0.000329056 0.0163048 0.112133 0.106501 0.0406957 0.000501838 0.0487591 0.51459 0.0658067 0.0267366 0.00169516 0.00175141 0.00848788 0.00133551 0.00227729 
0.116248 0.0444455 0.00944712 0.000233268 0.0325255 0.0751522 0.0997626 0.0383899 0.00442371 0.0868793 0.394391 0.024204 0.0107731 0.000177363 0.0204508 0.0375764 0.00161472 0.00330518 
0.0316283 0.0412959 0.0286607 7.15745e-05 0.0273105 0.103046 0.029451 0.0207272 0.000375545 0.0216419 0.563983 0.0794343 0.00945037 0.00678602 0.00128471 0.0194086 0.0012253 0.0142192 
0.0191357 0.0104229 0.00235643 0.000283851 0.0262826 0.0216653 0.0574508 0.0572813 0.000542843 0.0631816 0.723001 0.0121914 0.00188302 8.29297e-05 0.000474485 0.00149423 0.00195499 0.000314275 
0.0279953 0.010405 0.00862549 0.000193102 0.0168968 0.055565 0.0520956 0.0612281 0.0013082 0.0821118 0.608997 0.0146405 0.0402794 0.00311796 0.000919889 0.00314703 0.0114082 0.00106509 
0.0378203 0.0231436 0.0179129 0.000373343 0.0258633 0.0528228 0.181624 0.0802476 0.00281941 0.0753474 0.368608 0.0368444 0.0582413 0.00249917 0.00239959 0.0186533 0.00695026 0.00782927 
0.0557706 0.0302385 0.0364625 0.000453906 0.0232148 0.0739295 0.150034 0.0430531 0.00840562 0.0899997 0.36803 0.0544515 0.0255707 0.00366345 0.00170123 0.0242844 0.00431792 0.00641895 
0.03518 0.031052 0.0166108 7.10603e-05 0.0255373 0.0749204 0.0350745 0.0208027 0.000374014 0.0205337 0.587367 0.100391 0.00878295 0.00663578 0.00109811 0.0201776 0.00124154 0.0141491 
0.0361639 0.00346913 0.00119091 0.000190048 0.00611221 0.0529837 0.0547864 0.0341956 0.00373108 0.0462537 0.708491 0.0227109 0.0124428 0.000125119 0.000563875 0.0122987 0.00218539 0.00210588 
0.0389709 0.018944 0.0102943 0.000126018 0.0476804 0.0531954 0.136586 0.132669 0.00426497 0.102081 0.373431 0.0648023 0.00416566 0.000916367 0.00268009 0.00763079 0.00090091 0.00066138 
0.0199789 0.0117947 0.00899374 0.000155996 0.0133239 0.0431282 0.0940782 0.0633386 0.000641636 0.0174759 0.638781 0.0537191 0.0037841 0.00126961 0.00226692 0.0192294 0.0010701 0.00696985 
0.0233822 0.0138976 0.00594427 0.000121397 0.0369525 0.0453996 0.259752 0.0456259 0.000107151 0.0463671 0.361349 0.0764265 0.0173772 0.0252759 0.00534339 0.0130515 0.0188309 0.00479608 
0.0122376 0.0252572 0.0036824 0.000153106 0.00913922 0.027287 0.130905 0.0505286 4.79534e-05 0.0287611 0.636019 0.0623889 0.00239665 0.000204646 0.00192145 0.00618537 0.00117213 0.00171263 
0.0248861 0.00926373 0.00765365 0.000176687 0.0151271 0.0495789 0.0453142 0.0539636 0.00117734 0.0861 0.640618 0.0131073 0.0360474 0.00278528 0.000798332 0.00282015 0.00964883 0.000933098 
0.0206778 0.0195875 0.00461159 0.000144056 0.17094 0.06197 0.168239 0.10246 0.000879783 0.0418455 0.260539 0.0774037 0.00645826 5.47428e-05 0.0116751 0.0412816 0.00406853 0.00716415 
0.18071 0.0343522 0.0758159 0.000235 0.0652069 0.118692 0.0996215 0.0201092 0.00105532 0.072878 0.189521 0.062335 0.00637467 0.00803779 0.00599283 0.0428196 0.00237544 0.0138682 
0.0250554 0.00822865 0.00706496 0.000131348 0.0438673 0.0471256 0.0476867 0.046662 0.000889702 0.08686 0.627253 0.0115556 0.0304609 0.0022022 0.00085283 0.00309737 0.0102826 0.000724315 
0.00782834 0.0294678 0.0131918 0.000154222 0.122915 0.147386 0.0260209 0.0168459 9.55512e-06 0.169938 0.44065 0.0162013 0.00389048 1.4373e-05 0.00204673 0.00218144 0.000784035 0.00047447 
0.0652502 0.0171247 0.12603 3.50679e-05 0.022227 0.0923062 0.0815592 0.0192943 0.00195074 0.134309 0.316059 0.0632599 0.0049769 0.00185508 0.00355857 0.0403505 0.000222399 0.00963151 
0.0133904 0.0307853 0.0221544 0.000296208 0.0192598 0.287338 0.0854836 0.0338383 0.000840357 0.0558533 0.313829 0.035028 0.0862831 0.00304498 0.00132705 0.00830361 0.000511195 0.00243353 
0.00953984 0.0543473 0.0155934 0.000301117 0.0570904 0.0505019 0.0587247 0.0250924 0.00314053 0.0569118 0.628691 0.0204522 0.00695375 0.000160029 0.00172245 0.00624354 0.00389042 0.000643088 
0.0426121 0.0315377 0.026571 0.000983108 0.0334117 0.068866 0.204027 0.0895068 0.00301536 0.0788392 0.267852 0.0644676 0.0312336 0.00260771 0.00625339 0.0398183 0.00255988 0.00583688 
0.0626968 0.0352629 0.0394177 0.00035565 0.0261217 0.0645762 0.116723 0.0388781 0.00824374 0.102696 0.377845 0.0447413 0.0132177 0.00911155 0.00258974 0.0427209 0.00137223 0.0134295 
0.0280611 0.00864057 0.00697307 3.31719e-05 0.0143881 0.0544988 0.0496614 0.062514 0.000375289 0.0758777 0.6275 0.0127418 0.0438453 0.00106415 0.00068548 0.00203143 0.0105368 0.000571373 
0.0378188 0.0263888 0.0478101 0.000297898 0.0188494 0.0432879 0.0821166 0.0365268 0.00425994 0.078886 0.475246 0.067212 0.0480731 0.00291029 0.00145839 0.0220472 0.00154926 0.00526188 
0.129046 0.00751941 0.00675945 6.28393e-05 0.0182593 0.0420647 0.143748 0.0769661 0.00139251 0.0649572 0.256459 0.0878491 0.00873952 0.000322761 0.00168879 0.108733 0.00598865 0.0394446 
0.0118778 0.0164902 0.0122094 0.00033465 0.0184505 0.0279786 0.0794202 0.0301738 0.00051768 0.0716583 0.451162 0.0243404 0.245664 0.000677911 0.000535777 0.00581283 0.00184262 0.000854136 
0.085067 0.0400758 0.0115582 0.000329533 0.0923323 0.0193599 0.19627 0.0274789 0.00228473 0.142681 0.330755 0.0170462 0.00467252 0.000624592 0.00230669 0.0215661 0.00282335 0.0027682 
0.0279953 0.010405 0.00862549 0.000193102 0.0168968 0.055565 0.0520956 0.0612281 0.0013082 0.0821118 0.608997 0.0146405 0.0402794 0.00311796 0.000919889 0.00314703 0.0114082 0.00106509 
0.0397598 0.00777303 0.00544061 0.000179978 0.0156557 0.0399942 0.0699277 0.0502103 0.000680216 0.0228929 0.696157 0.0258038 0.00200356 0.00190069 0.0014883 0.00790476 0.00145637 0.0107712 
0.0150659 0.0419387 0.0268499 0.000371492 0.0682383 0.0393905 0.0568132 0.0202488 0.0064215 0.0730887 0.553922 0.0233009 0.0121671 0.00485746 0.00218893 0.0236187 0.0028158 0.0287016 
0.133359 0.108094 0.0176808 9.93965e-05 0.047575 0.0546075 0.107398 0.0367001 0.00232242 0.116544 0.295984 0.0179797 0.00281277 0.000146286 0.00352949 0.0347004 0.0191361 0.0013307 
0.0670424 0.0141772 0.0030202 0.000107172 0.0361036 0.0226955 0.152371 0.16494 0.0124898 0.126601 0.351718 0.01907 0.0108185 0.00215462 0.000504319 0.0102255 0.0042361 0.00172532 
0.0118778 0.0164902 0.0122094 0.00033465 0.0184505 0.0279786 0.0794202 0.0301738 0.00051768 0.0716583 0.451162 0.0243404 0.245664 0.000677911 0.000535777 0.00581283 0.00184262 0.000854136 
0.0249437 0.0136884 0.0104103 2.92697e-05 0.0156034 0.0694168 0.0620202 0.0696297 0.000367312 0.0819482 0.580988 0.0131599 0.0424856 0.000985464 0.000623605 0.00235494 0.0102827 0.00106262 
0.0279953 0.010405 0.00862549 0.000193102 0.0168968 0.055565 0.0520956 0.0612281 0.0013082 0.0821118 0.608997 0.0146405 0.0402794 0.00311796 0.000919889 0.00314703 0.0114082 0.00106509 
0.0511768 0.0598055 0.0123556 0.000272157 0.043634 0.0907014 0.118529 0.0842879 0.0228835 0.120056 0.201276 0.0324097 0.109612 0.027663 0.000789006 0.0210458 0.00171673 0.00178494 
0.107497 0.0268272 0.0267015 0.000263587 0.0339898 0.125756 0.164816 0.0924659 2.02043e-05 0.0431606 0.292741 0.0182 0.014814 4.71721e-05 0.00241633 0.00937941 0.000565523 0.0403383 
0.0932034 0.031103 0.0188918 0.0147407 0.0443276 0.0591533 0.148299 0.0532848 0.00525388 0.150181 0.206025 0.049932 0.0712164 0.00394182 0.00136009 0.0377874 0.00136873 0.00992997 
0.0139535 0.0361349 0.0268929 0.000269767 0.103147 0.0181578 0.01853 0.00711659 0.0115457 0.095683 0.514762 0.0144163 0.00468132 0.00856926 0.00322497 0.115351 0.0027006 0.00486273 
0.0689521 0.0311803 0.0177602 3.79455e-05 0.0147024 0.044393 0.247751 0.0544425 0.000838842 0.0791922 0.322274 0.0547351 0.00955917 0.000240686 0.000372063 0.040748 0.00662497 0.00619528 
0.0249437 0.0136884 0.0104103 2.92697e-05 0.0156034 0.0694168 0.0620202 0.0696297 0.000367312 0.0819482 0.580988 0.0131599 0.0424856 0.000985464 0.000623605 0.00235494 0.0102827 0.00106262 
0.0191357 0.0104229 0.00235643 0.000283851 0.0262826 0.0216653 0.0574508 0.0572813 0.000542843 0.0631816 0.723001 0.0121914 0.00188302 8.29297e-05 0.000474485 0.00149423 0.00195499 0.000314275 
0.0250554 0.00822865 0.00706496 0.000131348 0.0438673 0.0471256 0.0476867 0.046662 0.000889702 0.08686 0.627253 0.0115556 0.0304609 0.0022022 0.00085283 0.00309737 0.0102826 0.000724315 
0.0616768 0.0272628 0.0133206 0.000619313 0.0219211 0.0773608 0.127709 0.145949 0.000196293 0.0601142 0.274832 0.091826 0.078166 0.000196469 0.00121555 0.0146943 0.00120684 0.00173245 
0.00605245 0.00130928 0.000249405 7.47936e-07 0.0026525 0.0413534 0.125573 0.0273984 2.10185e-06 0.0180539 0.706559 0.0555124 0.00943198 3.60811e-05 6.43067e-05 0.00490536 6.4289e-05 0.000781608 
0.0178482 0.0294043 0.00404803 0.000132624 0.081222 0.0257682 0.0939941 0.0593497 7.31666e-05 0.0471164 0.545369 0.0773387 0.00249654 0.000163506 0.00205109 0.00969212 0.00154255 0.00239004 
0.082512 0.0362356 0.0163174 0.0102733 0.0366696 0.0424694 0.0728588 0.0223016 0.00918477 0.122837 0.293993 0.0583065 0.0326942 0.00995645 0.00759486 0.134049 0.00498266 0.00676388 
0.0823002 0.0201678 0.0225165 0.000226565 0.0254496 0.0771569 0.105899 0.0579737 0.00768798 0.0530803 0.387577 0.0576672 0.0134121 0.00663291 0.00147249 0.0567957 0.00538268 0.0186013 
0.0708038 0.0395248 0.00835156 2.10186e-05 0.0223686 0.0796443 0.206792 0.112702 0.000242098 0.0489025 0.323869 0.0355951 0.0148384 0.00730148 0.00115813 0.0243987 0.00197279 0.00151351 
0.0495657 0.0335403 0.0427686 0.000133274 0.0154973 0.0310922 0.220136 0.0270892 0.000649997 0.0303275 0.408591 0.0618218 0.00789149 0.00215161 0.00144705 0.0464852 0.0124705 0.00834081 
0.0293988 0.0363883 0.00735538 0.00130183 0.0967993 0.0232649 0.0647703 0.0387004 0.00107375 0.0613616 0.535322 0.0619062 0.00988206 0.000532277 0.00137949 0.0193657 0.00861268 0.00258469 
0.0371672 0.0047293 0.00167144 0.000480347 0.0257879 0.0427095 0.06896 0.0277758 9.56615e-05 0.0223851 0.546915 0.161951 0.00237994 0.00108758 0.00101964 0.0440733 0.000477744 0.0103338 
0.0593728 0.0188378 0.00881178 0.000231945 0.038195 0.0245478 0.0685686 0.0509021 0.00645878 0.181346 0.232064 0.224774 0.00283354 0.00132887 0.00231993 0.0715117 0.000695104 0.00720106 
0.029257 0.0107125 0.00805486 0.000178316 0.0230245 0.0605936 0.0475515 0.0638683 0.00164813 0.0860119 0.613428 0.0172506 0.0206298 0.00361692 0.000723771 0.00320025 0.00918506 0.00106476 
0.0539611 0.0315971 0.0106242 0.00035687 0.0437949 0.0470458 0.1849 0.109165 0.00172728 0.0831983 0.281409 0.0612929 0.0275437 0.0120227 0.00449303 0.0402817 0.00461377 0.00197318 
0.0261602 0.0204333 0.0114417 0.000169032 0.0161041 0.0412016 0.073603 0.0230675 0.00133093 0.0306013 0.592725 0.104246 0.00651392 0.0052704 0.00207424 0.0341102 0.0011648 0.00978336 
0.0612072 0.0402465 0.0246164 0.000196346 0.0392926 0.076937 0.0661718 0.0736027 0.0021038 0.0665515 0.382614 0.0260805 0.0140927 0.0134438 0.0545486 0.0457962 0.0057763 0.00672179 
0.0244763 0.09599 0.0141186 0.00282298 0.0466737 0.10653 0.140239 0.0491057 0.00207434 0.121223 0.29343 0.0681644 0.0134887 0.000923099 0.00338167 0.0119997 0.0027668 0.00259224 
0.0279953 0.010405 0.00862549 0.000193102 0.0168968 0.055565 0.0520956 0.0612281 0.0013082 0.0821118 0.608997 0.0146405 0.0402794 0.00311796 0.000919889 0.00314703 0.0114082 0.00106509 
0.0432232 0.0430423 0.0633738 0.00116211 0.0235328 0.0764703 0.174359 0.045712 0.00154257 0.0665539 0.320099 0.070354 0.0196123 0.0031347 0.00334614 0.0373739 0.00138096 0.00572628 
0.0279953 0.010405 0.00862549 0.000193102 0.0168968 0.055565 0.0520956 0.0612281 0.0013082 0.0821118 0.608997 0.0146405 0.0402794 0.00311796 0.000919889 0.00314703 0.0114082 0.00106509 
0.0195532 0.0242466 0.0335322 2.82316e-05 0.0218141 0.0767659 0.194051 0.2384 0.000297261 0.0199689 0.253209 0.0877132 0.00426394 0.000193188 0.000912517 0.0166079 0.00540047 0.00304281 
0.00953984 0.0543473 0.0155934 0.000301117 0.0570904 0.0505019 0.0587247 0.0250924 0.00314053 0.0569118 0.628691 0.0204522 0.00695375 0.000160029 0.00172245 0.00624354 0.00389042 0.000643088 
0.030078 0.033192 0.0265692 0.000244471 0.0275603 0.039863 0.0710423 0.022343 0.00380638 0.0771837 0.480379 0.0611053 0.00958695 0.0115137 0.00323661 0.0840151 0.000978686 0.0173021 
0.015615 0.0297047 0.0175752 0.000460601 0.019924 0.249137 0.116051 0.0453384 0.000615757 0.0674923 0.310374 0.0425321 0.0735503 0.00194452 0.00129094 0.00557087 0.00129174 0.00153154 
0.00605245 0.00130928 0.000249405 7.47936e-07 0.0026525 0.0413534 0.125573 0.0273984 2.10185e-06 0.0180539 0.706559 0.0555124 0.00943198 3.60811e-05 6.43067e-05 0.00490536 6.4289e-05 0.000781608 
0.0241395 0.0107334 0.00253608 0.000223694 0.0165708 0.0346144 0.0487938 0.0396602 0.000876204 0.0350678 0.7384 0.0143088 0.004178 0.00879191 0.000931442 0.0179913 0.000391691 0.0017905 
