0.195288 0.0154413 0.00490132 0.00015044 0.0276794 0.0309756 0.0448374 0.0125134 0.0522329 0.0687783 0.0267859 0.440802 0.00757012 5.30998e-05 0.000978179 0.0445734 0.0208538 0.00558564 
0.0765664 0.00282375 0.0122071 0.000616229 0.014034 0.149458 0.017177 0.012161 0.00562456 0.147519 0.0147833 0.530428 0.00138958 4.24247e-05 0.00309496 0.0114405 0.000294841 0.000338813 
0.0210887 0.130098 0.0461556 7.50748e-05 0.0629588 0.210572 0.102889 0.0410911 9.80151e-05 0.108418 0.0140409 0.228343 0.00819606 2.50148e-05 0.00860062 0.00849345 0.00101837 0.00783891 
0.0336301 0.018784 0.0181383 0.000148431 0.0536322 0.155155 0.0108115 0.01279 0.0185146 0.158838 0.0154863 0.457443 0.00146031 0.00208362 0.00348051 0.0380261 0.000269541 0.00130848 
0.0203484 0.00493362 0.00327447 0.00021349 0.124119 0.072947 0.050497 0.0238811 0.000103741 0.119617 0.0703073 0.479968 0.00384828 0.000113306 0.00445956 0.0139694 0.00178202 0.00561714 
0.0437239 0.0307975 0.0310588 0.000784322 0.0611866 0.232226 0.0426823 0.0308953 0.000426686 0.126457 0.0535353 0.286392 0.00726276 0.000547187 0.00449971 0.0306263 0.00260997 0.0142885 
0.0250181 0.0309119 0.0177896 0.000984767 0.0659583 0.145402 0.0187779 0.0592732 6.47511e-05 0.28038 0.0149018 0.320052 0.00408327 1.58473e-05 0.00535855 0.00743556 0.00327235 0.000319165 
0.140912 0.0199159 0.0338697 0.018665 0.0314687 0.0693042 0.0606093 0.0255264 0.000891911 0.184093 0.0364084 0.188187 0.00919585 0.0333447 0.00227988 0.120612 0.000801805 0.0239146 
0.0863033 0.0392461 0.0619626 0.000119986 0.0747829 0.158964 0.085438 0.0292487 0.00235196 0.169427 0.0062282 0.197668 0.00858829 0.00117838 0.0035312 0.0726679 0.00157113 0.000722311 
0.0240201 0.0214674 0.043413 0.000251883 0.00455192 0.194616 0.0330627 0.00944409 0.000241926 0.230924 0.0103583 0.41692 0.000863214 0.000297232 0.000375916 0.00840409 0.0002571 0.000531317 
0.0353652 0.0445608 0.0650222 0.00705304 0.144158 0.160379 0.0387782 0.069175 0.00039439 0.120566 0.016026 0.193091 0.00104013 0.0012211 0.00296873 0.0920086 0.00537298 0.00281968 
0.0461196 0.0367209 0.0177452 0.000151005 0.0613827 0.0823708 0.019618 0.0205343 0.00721935 0.279394 0.018592 0.284439 0.00350745 0.0030981 0.00167371 0.113583 0.00134508 0.00250513 
0.0702255 0.0185127 0.0249746 0.00055636 0.025489 0.132153 0.0293833 0.0119459 8.43231e-05 0.0312416 0.0305846 0.573159 0.00112282 0.00040126 0.00940829 0.0312536 0.00110359 0.00840034 
0.0163659 0.00583755 0.0125456 2.52566e-05 0.0696406 0.122285 0.0390671 0.0185826 4.294e-05 0.114007 0.011038 0.571497 0.00122949 0.000124751 0.00216128 0.0152222 8.21692e-05 0.000245169 
0.0389669 0.049304 0.00687846 0.000149749 0.0749683 0.0997449 0.0352715 0.0310255 0.00245385 0.269197 0.0133459 0.33802 0.00981273 0.00019284 0.000813826 0.0280761 0.000826482 0.00095188 
0.106648 0.0610424 0.0271281 0.000521212 0.0959919 0.0922526 0.0422251 0.0190867 0.00360067 0.153505 0.0322882 0.262433 0.00976556 0.00360153 0.0240562 0.0565112 0.00306889 0.0062745 
0.132604 0.0412486 0.0252187 5.76744e-06 0.0431551 0.00814935 0.0429253 0.0107441 0.0112186 0.0254714 0.0571436 0.38046 0.000288937 0.00380872 0.129479 0.063245 0.000527126 0.0243071 
0.00946973 0.0106582 0.00168995 0.00084221 0.278755 0.107545 0.0354869 0.0431215 0.000306594 0.0712301 0.0264887 0.403192 0.00621583 5.25047e-06 0.00250405 0.000369496 0.0019633 0.000156303 
0.140665 0.0159892 0.0361008 0.000158819 0.0917402 0.0654316 0.156925 0.0530832 0.00124414 0.0501373 0.149087 0.184039 0.00264727 1.29943e-05 0.00232101 0.0426786 0.00246109 0.00527857 
0.162962 0.0976789 0.0384752 0.000347201 0.0389002 0.070209 0.0637698 0.0353567 0.00974911 0.160612 0.0260578 0.196858 0.00354715 0.00690654 0.00922222 0.0716983 0.00185797 0.00579177 
0.0107112 0.28935 0.0101501 0.000258515 0.0636015 0.041074 0.101206 0.0269413 0.00130179 0.0505678 0.0368138 0.317425 0.00349696 0.00159432 0.00541698 0.0322309 0.00337852 0.0044814 
0.184963 0.122935 0.016193 0.000440203 0.0264059 0.0296137 0.112113 0.0279 0.00152016 0.151862 0.0123882 0.234823 0.0022942 4.02031e-05 0.00579656 0.0673463 0.00160773 0.00175795 
0.113019 0.0423754 0.0506974 0.000234471 0.0427582 0.108094 0.135077 0.0526738 0.00161467 0.0606788 0.146911 0.166875 0.0167266 0.00065689 0.00213367 0.0381214 0.00921294 0.0121405 
0.157335 0.0505393 0.00431477 7.66081e-05 0.0364568 0.0375146 0.0686882 0.0352355 0.0120645 0.251327 0.0439809 0.26904 0.00521004 0.00156663 0.00457121 0.0174892 0.00274037 0.00184978 
0.115503 0.0814281 0.00777435 0.000531426 0.0280201 0.0999618 0.0481472 0.0202377 0.00313065 0.13294 0.0444516 0.337882 0.00714886 0.00029896 0.00600322 0.0587002 0.00135516 0.00648534 
0.0352674 0.0328656 0.0150317 0.000564744 0.0540786 0.0836768 0.0339625 0.02022 0.00443364 0.156789 0.0671933 0.403178 0.00859818 0.00788105 0.00279254 0.0596774 0.000604812 0.0131846 
0.00796167 0.0199519 0.212859 1.05488e-05 0.0381658 0.267072 0.0170731 0.0152698 0.000435718 0.102344 0.0147826 0.286529 0.000101093 0.000307964 0.00156556 0.00903822 0.00462697 0.00190498 
0.0696946 0.0386037 0.0633728 0.000260939 0.0338824 0.141007 0.0563251 0.0588328 0.001278 0.0609397 0.110576 0.295082 0.0109974 0.00915165 0.00321091 0.039568 0.00160415 0.00561271 
0.0267419 0.198534 0.198337 0.000131416 0.0369919 0.0479069 0.0230171 0.0158765 0.000539485 0.0596093 0.022226 0.302185 0.034073 8.42768e-05 0.00844313 0.0211714 0.000465398 0.00366674 
0.0314552 0.196044 0.0416308 0.000630722 0.0521032 0.123375 0.058945 0.0342219 0.0045522 0.15941 0.0218151 0.242913 0.0132873 0.00030906 0.00135402 0.0139006 0.00141548 0.00263671 
0.0117041 0.140992 0.0922474 0.000322805 0.0926013 0.157778 0.00742272 0.00803828 0.00312009 0.12254 0.0218396 0.165877 0.00358001 0.0594707 0.00158603 0.0987044 0.00102301 0.0111521 
0.0409836 0.166521 0.0636849 0.000265453 0.0389245 0.0431844 0.0255159 0.0122427 0.00225676 0.0948548 0.03647 0.331988 0.00495821 0.0324739 0.00271024 0.092748 0.00046954 0.00974878 
0.0298893 0.101579 0.0334547 0.000202654 0.0915059 0.124663 0.0213124 0.0250408 0.00144273 0.128145 0.0133101 0.386574 0.00611514 0.00138894 0.00296941 0.025232 0.00177407 0.0054009 
0.0641246 0.120722 0.0515334 0.000446035 0.0460082 0.0873541 0.0567156 0.0293091 0.00536475 0.130807 0.0371667 0.304708 0.00557442 0.00250894 0.00822864 0.0434585 0.00357609 0.00239416 
0.0294544 0.170111 0.0101442 0.000119052 0.0835074 0.0968386 0.0629422 0.0431742 0.00180902 0.0821348 0.0242492 0.309722 0.0134955 0.00136998 0.00596391 0.0593998 0.00215737 0.00340776 
0.0517893 0.12481 0.0297566 0.000319384 0.0236177 0.201658 0.0238291 0.015138 0.00203616 0.224048 0.0192013 0.232007 0.00185666 0.000112677 0.00037046 0.0435087 0.000362429 0.00557884 
0.0795953 0.00977919 0.0445066 0.000749099 0.0217259 0.0605922 0.0265836 0.0150126 0.00285694 0.144839 0.0271072 0.536191 0.00789604 0.000300949 0.00135472 0.0185809 0.0016078 0.000720963 
0.0557715 0.0786885 0.0774293 0.000388732 0.0345205 0.158176 0.0279621 0.0170331 0.0036675 0.163523 0.025949 0.277108 0.016073 0.00651743 0.00109046 0.0328321 0.000668665 0.0226011 
0.0316131 0.214986 0.084525 0.000140081 0.0307753 0.0499277 0.0650071 0.0255473 0.00224976 0.116825 0.055722 0.244543 0.0129673 0.00882583 0.00142214 0.0420364 0.00208626 0.0108003 
0.0625004 0.0241992 0.0533411 0.000196096 0.0225049 0.0855123 0.0588768 0.0310586 0.000257339 0.105106 0.0192786 0.460054 0.0220048 0.00707188 0.000224217 0.0464132 0.000481426 0.000919535 
0.0410174 0.0283635 0.0276807 0.00102186 0.146568 0.160839 0.0282507 0.0485693 0.00219629 0.140825 0.056704 0.185117 0.0119302 0.00975538 0.0105962 0.0893488 0.00239065 0.00882682 
0.0458643 0.015974 0.0188876 0.000300058 0.0656584 0.0687377 0.0285015 0.06825 0.00354589 0.245701 0.0243987 0.373825 0.00481733 1.71048e-05 0.00169967 0.0283315 0.00521698 0.000274001 
0.0218472 0.20887 0.125436 0.000257766 0.0291843 0.0535357 0.0109448 0.00323802 0.0015712 0.129522 0.00652574 0.276187 0.0124759 0.0217486 0.0151441 0.068286 0.00056982 0.0146549 
0.0156965 0.00745374 0.00332149 0.000473475 0.0278777 0.182848 0.15664 0.127051 0.000113631 0.043028 0.160962 0.247898 0.00608363 0.000297886 0.00288664 0.0123127 0.00119118 0.00386433 
0.13525 0.115622 0.189824 0.000776498 0.022468 0.139808 0.0116165 0.00863319 0.00101541 0.0570428 0.0284882 0.225513 0.011255 0.00900156 0.0084835 0.0316338 0.00230034 0.00126683 
0.0644874 0.0216991 0.0285109 0.00820818 0.0494438 0.0711711 0.164306 0.122436 0.000320683 0.116479 0.0986445 0.20764 0.0074642 0.00017068 0.00358034 0.0298394 0.00288566 0.00271239 
0.0117041 0.140992 0.0922474 0.000322805 0.0926013 0.157778 0.00742272 0.00803828 0.00312009 0.12254 0.0218396 0.165877 0.00358001 0.0594707 0.00158603 0.0987044 0.00102301 0.0111521 
0.0211179 0.0272946 0.0103647 0.00099622 0.043474 0.199608 0.027725 0.0214457 0.000246478 0.129131 0.0195787 0.472305 0.0059083 8.13661e-05 0.00327777 0.0147758 0.00207233 0.000596056 
0.0710656 0.180651 0.0842522 0.000173503 0.0286833 0.0483015 0.0598799 0.0106635 0.00152843 0.0841299 0.0206825 0.319992 0.00701056 0.0025546 0.00200549 0.063504 0.00065295 0.0142691 
0.0795953 0.00977919 0.0445066 0.000749099 0.0217259 0.0605922 0.0265836 0.0150126 0.00285694 0.144839 0.0271072 0.536191 0.00789604 0.000300949 0.00135472 0.0185809 0.0016078 0.000720963 
0.0564479 0.135043 0.143815 2.94172e-05 0.0294491 0.0544309 0.0219947 0.0366589 0.00217827 0.054434 0.0351556 0.174775 0.00395157 0.0388174 0.00190555 0.161467 0.000252161 0.0491942 
0.0312452 0.0653594 0.0533891 0.000130465 0.0318461 0.143804 0.034761 0.0279553 0.00123297 0.230688 0.0106774 0.345994 0.00323915 2.35288e-05 0.00065504 0.0185284 0.000364356 0.000106448 
0.0670145 0.022453 0.00812379 0.000390908 0.0166804 0.138762 0.0426738 0.024811 0.00172032 0.180622 0.0423206 0.417121 0.00370689 0.000243032 0.00315664 0.0277152 0.000558546 0.00192691 
0.0445026 0.106368 0.0127729 0.00122455 0.0680095 0.115369 0.025396 0.0173525 0.000853118 0.235831 0.0069697 0.290662 0.00319957 0.0258117 0.00203037 0.0345178 0.00116287 0.00796709 
0.0288941 0.185334 0.0458371 0.000280087 0.0736551 0.187066 0.0265529 0.0388386 0.00122816 0.125538 0.0164025 0.237392 0.00803778 0.00014893 0.00372671 0.0139415 0.00100841 0.00611948 
0.0284871 0.105223 0.13184 0.000447469 0.12483 0.127272 0.0253514 0.0202864 0.00132474 0.170774 0.0196972 0.172809 0.00300887 0.00362988 0.00587104 0.0544204 0.000450933 0.00427661 
0.0619615 0.0953782 0.0234069 0.000149994 0.0856881 0.053976 0.0497723 0.0354692 0.00534833 0.215727 0.0292515 0.300194 0.0067003 0.0008766 0.00133532 0.0299316 0.00164218 0.00319082 
0.00786794 0.0216277 0.00288304 2.7153e-06 0.0580657 0.140135 0.162834 0.0178047 4.5321e-06 0.0138985 0.013772 0.467211 0.00190158 7.61582e-07 0.0789 0.0104162 0.00209552 0.000579189 
0.156301 0.03939 0.0101077 0.00133726 0.0810866 0.158345 0.101934 0.0533077 0.00322957 0.123258 0.060313 0.162237 0.00677747 0.0020096 0.00257691 0.0349983 0.00154182 0.00124884 
0.160415 0.023451 0.0342915 0.00188511 0.12998 0.100581 0.030032 0.0356974 0.000419441 0.137411 0.0445732 0.244276 0.00616994 0.000337673 0.00411542 0.0406211 0.00137138 0.00437198 
0.0256489 0.0583795 0.0815774 0.000191933 0.0487448 0.0988942 0.036442 0.0216129 0.00115052 0.177997 0.0456447 0.326624 0.0123665 0.0104103 0.00341202 0.047335 0.000793848 0.00277545 
0.0860302 0.0330818 0.0131364 0.000262822 0.0524725 0.208794 0.0293313 0.0329567 0.00443439 0.202775 0.0394652 0.234976 0.00238369 0.00205598 0.00375358 0.0479277 0.000863234 0.00529926 
0.0331765 0.0812261 0.10314 0.000604088 0.109921 0.0950818 0.0230651 0.0189388 0.00134202 0.0920893 0.0173966 0.264684 0.00371698 0.00875157 0.00340943 0.133992 0.000794438 0.00867095 
0.0496954 0.167267 0.0153678 0.0010723 0.0396278 0.132505 0.0423911 0.0246121 0.00372496 0.187288 0.0198714 0.246119 0.00693716 0.0290715 0.00210032 0.0298013 0.000952816 0.00159422 
0.0395053 0.0421489 0.268648 0.000432914 0.054153 0.164083 0.0263685 0.0305198 0.000509668 0.0566248 0.0168343 0.270101 0.00141001 0.000183258 0.00363035 0.0163864 0.00238799 0.00607307 
0.0537839 0.0387509 0.022512 0.00016471 0.0974185 0.0883476 0.115997 0.0432947 0.00746273 0.101349 0.0453738 0.181511 0.104929 0.0328511 0.0187984 0.0227144 0.00123799 0.0235046 
0.0316131 0.214986 0.084525 0.000140081 0.0307753 0.0499277 0.0650071 0.0255473 0.00224976 0.116825 0.055722 0.244543 0.0129673 0.00882583 0.00142214 0.0420364 0.00208626 0.0108003 
0.144255 0.0767088 0.0317713 0.00087347 0.146072 0.130364 0.0360194 0.0297992 0.00147683 0.116665 0.0360688 0.193125 0.00405281 0.000292226 0.00853286 0.038732 0.00177539 0.00341484 
0.0117041 0.140992 0.0922474 0.000322805 0.0926013 0.157778 0.00742272 0.00803828 0.00312009 0.12254 0.0218396 0.165877 0.00358001 0.0594707 0.00158603 0.0987044 0.00102301 0.0111521 
0.122857 0.0696663 0.0153886 0.000884497 0.0973626 0.0483223 0.0430306 0.0298138 0.012076 0.216463 0.00804379 0.225054 0.00136396 0.0522883 0.00192547 0.0536849 0.000644349 0.00112966 
0.156928 0.0226337 0.0217999 0.000172065 0.162894 0.0300721 0.023811 0.0224015 0.00147946 0.0500565 0.0117052 0.297945 0.00282303 0.00204282 0.00289955 0.0247266 0.150599 0.0150106 
0.175448 0.0568213 0.0483478 0.000246049 0.036063 0.132244 0.0607328 0.0281061 0.00319229 0.154632 0.0149611 0.207179 0.00984636 0.00229806 0.00241205 0.063149 0.00170249 0.00261843 
0.0750507 0.112239 0.0422522 0.000237711 0.0290846 0.0734951 0.049037 0.0188288 0.0011988 0.115342 0.0364871 0.327612 0.00401858 0.000658528 0.0154272 0.0894244 0.00155133 0.00805522 
0.0166052 0.0829008 0.0153999 0.00196225 0.117999 0.217506 0.049515 0.0588727 0.00332387 0.0649588 0.0249885 0.246011 0.00183066 0.000291751 0.0567492 0.0357168 0.000709125 0.00465918 
0.0299199 0.0752657 0.0821834 0.000125409 0.065654 0.185337 0.0460491 0.036216 0.00247482 0.121162 0.042756 0.229995 0.00733041 0.00554262 0.00232834 0.0641475 0.00213504 0.00137723 
0.0266876 0.0298325 0.00997803 0.00134128 0.0406306 0.183102 0.0225091 0.0220839 0.000210338 0.133874 0.0179244 0.487631 0.00578162 6.68924e-05 0.00360912 0.0125891 0.00172358 0.000425292 
0.0229815 0.0319684 0.0463383 0.000314595 0.0119929 0.109229 0.0560712 0.0264765 0.00189144 0.158633 0.0329639 0.455342 0.00254587 0.00201156 0.00225776 0.036064 0.00101618 0.00190205 
0.0769772 0.0026919 0.00794577 0.000764577 0.0251303 0.148455 0.0135642 0.0110563 0.00562475 0.139903 0.0146184 0.536387 0.00132994 4.24279e-05 0.00339254 0.0114406 0.00035886 0.00031709 
0.0369415 0.0637944 0.0204836 5.65533e-05 0.0397732 0.191276 0.0264936 0.0349104 0.00101751 0.0367701 0.0288096 0.442763 0.00629143 0.000648702 0.00217016 0.0584773 0.00137318 0.00795019 
0.0429524 0.0571256 0.0146449 0.000285865 0.0537465 0.153864 0.0645154 0.0237817 0.000712477 0.1808 0.0809213 0.228592 0.00442783 0.0168351 0.00262708 0.0684857 0.001007 0.00467405 
0.0335631 0.0481046 0.0581301 0.00187034 0.067041 0.133871 0.026648 0.0451412 0.000364196 0.242094 0.0184871 0.29424 0.00335563 0.000286945 0.00679168 0.0141418 0.00401086 0.001858 
0.0465689 0.0788764 0.0634693 0.000467759 0.111049 0.0972993 0.0353253 0.0268494 0.00609214 0.192481 0.05994 0.217189 0.00417032 0.00231041 0.00770532 0.0413739 0.00269718 0.00613593 
0.0235643 0.0217957 0.133254 0.00135302 0.170303 0.159233 0.0205699 0.0118892 0.000527922 0.187995 0.0122622 0.210542 0.0023534 0.00036706 0.00337608 0.0383609 0.0011711 0.00108319 
0.0102096 0.0133321 0.00725301 0.00404449 0.308039 0.0914396 0.0492346 0.0502597 9.97557e-05 0.10358 0.0252269 0.309528 0.00554919 0.000625216 0.011342 0.00817122 0.000704729 0.00136124 
0.0680856 0.129843 0.0752964 0.000590873 0.0516698 0.0793109 0.0652566 0.0309772 0.000968828 0.154164 0.0140381 0.226691 0.0047092 0.000909092 0.0165321 0.0731442 0.0019218 0.00589098 
0.0543517 0.0254378 0.02815 0.000289428 0.0346572 0.153219 0.047679 0.0342297 0.00259957 0.165579 0.0226874 0.394144 0.00596082 0.000154813 0.00296101 0.0217456 0.0022879 0.00386689 
0.103037 0.0865739 0.103117 0.000483291 0.0856317 0.0960104 0.0425851 0.0201102 0.0129894 0.158743 0.034155 0.164135 0.00821608 0.00437463 0.00554903 0.0667403 0.00190304 0.00564616 
0.0335631 0.0481046 0.0581301 0.00187034 0.067041 0.133871 0.026648 0.0451412 0.000364196 0.242094 0.0184871 0.29424 0.00335563 0.000286945 0.00679168 0.0141418 0.00401086 0.001858 
0.0869808 0.0684573 0.0120493 0.000188086 0.0548876 0.0650401 0.0416564 0.0314883 0.00127976 0.232588 0.0175626 0.299165 0.00365932 0.000495448 0.00285499 0.0770071 0.000925327 0.00371489 
0.0769772 0.0026919 0.00794577 0.000764577 0.0251303 0.148455 0.0135642 0.0110563 0.00562475 0.139903 0.0146184 0.536387 0.00132994 4.24279e-05 0.00339254 0.0114406 0.00035886 0.00031709 
0.0474571 0.0662537 0.11316 0.000917823 0.100995 0.10317 0.0312058 0.0273219 0.00246832 0.18523 0.0277994 0.20814 0.00881911 0.00616424 0.00406202 0.0557708 0.00392254 0.00714153 
0.138851 0.054483 0.0291045 0.000343952 0.0768964 0.0781235 0.0936446 0.0472906 0.00134716 0.162221 0.0443501 0.22366 0.00557169 0.00301387 0.00341303 0.024673 0.00825435 0.00475786 
0.0315571 0.0372208 0.0152338 0.00130602 0.252897 0.103326 0.0357543 0.0565752 8.4217e-05 0.153183 0.00668832 0.259983 0.00352815 7.33494e-06 0.00928572 0.0305139 0.0013308 0.00152567 
0.0786776 0.0035523 0.00251011 0.000902969 0.0103559 0.0971281 0.0116029 0.00876736 0.0109554 0.126996 0.0181949 0.610929 0.00110562 3.51981e-05 0.00393037 0.0139317 0.000297373 0.000127432 
0.110103 0.0854253 0.0247719 1.28297e-05 0.118071 0.0738428 0.0716673 0.0611722 0.00140393 0.0975097 0.0782337 0.179175 0.0123668 0.00286112 0.00640562 0.0599477 0.000310541 0.0167196 
0.0611773 0.0352545 0.128704 0.000982165 0.0748084 0.12619 0.0310473 0.0189429 0.0002126 0.100646 0.0233439 0.316233 0.0265631 0.00265846 0.00206903 0.0443611 0.00266749 0.0041387 
0.0691714 0.0942138 0.0438854 0.000223618 0.029851 0.0471967 0.076696 0.126775 3.59157e-05 0.0969943 0.0412826 0.225027 0.00157029 2.04748e-05 0.0242999 0.120256 0.00160266 0.000896926 
0.0495146 0.049413 0.131035 0.00329003 0.125413 0.0614242 0.0402967 0.0392943 0.00353405 0.0564597 0.0273068 0.21957 0.0194267 0.00616249 0.0029131 0.151875 0.000487086 0.0125843 
0.0841407 0.161025 0.0335535 0.000273468 0.034968 0.0230736 0.0373443 0.013345 0.00149759 0.0581596 0.0124479 0.494471 0.0038999 0.000205416 0.0050098 0.0332024 0.00181801 0.0015651 
0.140651 0.0828234 0.00639923 6.05888e-05 0.0244659 0.0379249 0.165213 0.055414 0.00591013 0.169429 0.0373273 0.238743 0.00566059 3.99034e-05 0.000616049 0.0260216 0.0029263 0.000374884 
0.0204513 0.0669004 0.159074 0.00229849 0.128573 0.0819006 0.0360067 0.027633 0.0180235 0.0827724 0.00841843 0.211187 0.0159207 0.0475778 0.0030489 0.0873783 0.00123771 0.0015981 
0.194093 0.034951 0.0071097 0.000334415 0.0153083 0.0216748 0.0555589 0.022115 0.00980702 0.259556 0.08357 0.264409 0.00160132 4.17589e-05 0.000468518 0.0278202 0.000509183 0.0010719 
0.0204513 0.0669004 0.159074 0.00229849 0.128573 0.0819006 0.0360067 0.027633 0.0180235 0.0827724 0.00841843 0.211187 0.0159207 0.0475778 0.0030489 0.0873783 0.00123771 0.0015981 
0.110203 0.0842622 0.0122926 0.000512529 0.0377761 0.113835 0.0435153 0.0223711 0.00364169 0.140658 0.0469914 0.294494 0.00642361 0.000242521 0.00756824 0.0664603 0.00127451 0.00747936 
0.10723 0.0527027 0.112914 0.000275826 0.0373335 0.0823214 0.0322001 0.0670222 0.000159729 0.071288 0.0486725 0.344756 0.00400082 3.97681e-05 0.00404153 0.0322283 0.0019914 0.000822165 
0.0545823 0.0445887 0.164317 0.000460553 0.0719967 0.0716864 0.0228691 0.0200654 0.00188322 0.103405 0.00884341 0.240061 0.0100829 0.0228103 0.00423138 0.129972 0.00459981 0.023544 
0.109912 0.0164301 0.0229831 0.000175418 0.0772866 0.0781111 0.0282488 0.0257159 0.00880759 0.256702 0.0192578 0.316078 0.007794 0.000101647 0.00301574 0.0237742 0.00264795 0.00295818 
0.0474273 0.0705317 0.0156979 0.000227377 0.0860742 0.0370673 0.0252944 0.015017 0.00322283 0.268386 0.0218243 0.275057 0.00148898 0.00771787 0.00206694 0.114751 0.000255528 0.00789229 
0.107762 0.139306 0.0395308 0.00172028 0.0801141 0.0745991 0.0254728 0.0241186 0.00113451 0.112133 0.0155115 0.197409 0.00393516 0.00176059 0.10175 0.0643408 0.00249157 0.00690971 
0.0221453 0.0836198 0.0187077 0.000250263 0.0932222 0.122596 0.045204 0.0238651 0.00150643 0.187208 0.00533486 0.35067 0.00541143 0.00310776 0.00223577 0.0320164 0.000569346 0.00232993 
0.0975133 0.0628059 0.0158623 0.000437382 0.0388233 0.146689 0.0411549 0.0223953 0.00312629 0.22826 0.0336262 0.23907 0.0062684 0.000163366 0.00565203 0.051857 0.00110395 0.00519119 
0.0405569 0.0745872 0.025202 8.30005e-05 0.159844 0.135249 0.0382337 0.114041 0.00411663 0.0838564 0.0554396 0.162468 0.0418253 0.00707975 0.0133749 0.0366808 0.000925638 0.00643463 
0.0107533 0.0115947 0.000887398 2.09554e-05 0.0603875 0.250874 0.0702969 0.0588919 6.71183e-05 0.0796538 0.0925046 0.273271 0.0812572 2.19862e-06 0.00233377 0.00634598 0.000541842 0.000315836 
0.0421949 0.0999996 0.088923 0.000564925 0.103462 0.101625 0.0204599 0.0172019 0.00175466 0.194541 0.0203669 0.231367 0.00342246 0.00481522 0.00429146 0.0591815 0.000912705 0.0049163 
0.0400775 0.0458794 0.0758954 0.000239027 0.0347624 0.0648514 0.115346 0.0166573 0.000340965 0.153001 0.0380933 0.343373 0.00262761 0.0019912 0.012872 0.0405738 0.00384979 0.00956807 
0.0702255 0.0185127 0.0249746 0.00055636 0.025489 0.132153 0.0293833 0.0119459 8.43231e-05 0.0312416 0.0305846 0.573159 0.00112282 0.00040126 0.00940829 0.0312536 0.00110359 0.00840034 
0.0312547 0.00594379 0.00489956 0.000110463 0.0332781 0.14058 0.011996 0.016169 0.00151469 0.086599 0.0141551 0.639351 0.000383952 2.04746e-06 0.000878534 0.0119367 0.000534246 0.000412545 
0.0224463 0.162121 0.0478777 0.000387974 0.0498851 0.138197 0.0558296 0.030201 0.000718526 0.0723739 0.0266086 0.323043 0.00538628 5.26194e-05 0.0196234 0.0374725 0.00143283 0.00634302 
0.0323456 0.107629 0.0891005 7.58943e-05 0.0570945 0.174479 0.0276698 0.0199244 0.00149898 0.150297 0.0253866 0.195347 0.0242173 0.00383922 0.00329243 0.0809364 0.000366633 0.00650078 
0.0747944 0.0242565 0.00887698 0.000118505 0.166119 0.0597794 0.0181218 0.077507 0.000739904 0.11971 0.0578091 0.253607 0.004041 0.000125477 0.00264511 0.125439 0.00151452 0.00479573 
0.242292 0.000543058 0.00128156 3.15919e-06 0.00852196 0.00505867 0.081429 0.00877629 0.00892388 0.0223425 0.0816589 0.485977 8.07941e-05 3.75342e-05 0.00193199 0.0183834 0.000710373 0.0320485 
0.0267007 0.0500491 0.0288008 6.80579e-05 0.0654731 0.203045 0.0729542 0.0526044 3.95147e-06 0.0253987 0.00704994 0.216018 0.0010132 4.85899e-06 0.160523 0.0835167 0.0050635 0.00171271 
0.0335631 0.0481046 0.0581301 0.00187034 0.067041 0.133871 0.026648 0.0451412 0.000364196 0.242094 0.0184871 0.29424 0.00335563 0.000286945 0.00679168 0.0141418 0.00401086 0.001858 
0.144215 0.0270284 0.0253461 0.000365362 0.0268405 0.151479 0.0417123 0.0186662 0.0130276 0.21517 0.0399933 0.22319 0.0130614 0.0022019 0.00125747 0.0446535 0.00175838 0.0100336 
0.0289221 0.036517 0.072399 0.000129504 0.025436 0.104406 0.0383891 0.0116057 3.57558e-05 0.270049 0.00466554 0.367057 0.00200654 7.40687e-06 0.00119965 0.0342498 0.0021932 0.000732356 
0.190554 0.110962 0.0348142 0.000112993 0.00946394 0.123179 0.124158 0.0416169 0.00571337 0.0600728 0.0165186 0.244387 0.00666605 5.88325e-05 0.00122389 0.0275615 0.00167138 0.00126411 
0.0399326 0.0168302 0.0270554 0.00148098 0.0286853 0.111582 0.0320368 0.082665 0.00184113 0.161593 0.0305966 0.439258 0.00438281 0.00083693 0.00435291 0.0135904 0.00135771 0.00192141 
0.10028 0.128702 0.0113951 0.000106286 0.0524195 0.123512 0.0260814 0.0345951 0.000912038 0.186915 0.00674911 0.276047 0.00162982 0.00247473 0.00383515 0.039223 0.0013634 0.003759 
0.0633083 0.054034 0.0380091 0.000481299 0.0451931 0.0548511 0.0239795 0.0145729 0.00899541 0.186296 0.0168239 0.267528 0.00761517 0.014678 0.0296042 0.170857 0.00116018 0.00201188 
0.0446956 0.0112422 0.00845841 0.000396273 0.0636333 0.116318 0.0192094 0.0215972 0.00121625 0.167 0.00973028 0.518945 0.000418977 1.53058e-05 0.00100619 0.011905 0.00362023 0.000592031 
0.0445247 0.0534334 0.0583632 0.000182042 0.0352784 0.100497 0.0559708 0.195418 0.000806137 0.159808 0.0123498 0.205025 0.0063247 0.000502369 0.00250445 0.0379752 0.00184613 0.0291908 
0.0160393 0.0362243 0.0281155 0.000936815 0.207516 0.104889 0.018386 0.0403479 0.000123131 0.0689559 0.00697151 0.423011 0.00143194 0.000210154 0.00843388 0.0299377 0.00317471 0.0052955 
0.021127 0.0248978 0.0103198 0.000834857 0.0424439 0.19812 0.0271182 0.0202685 0.000148608 0.126306 0.0182699 0.48506 0.00522322 6.70313e-05 0.00313288 0.0142234 0.0019424 0.000496807 
0.107989 0.0220361 0.0415399 9.30565e-05 0.143706 0.0595519 0.0200444 0.0129253 0.00110713 0.0375691 0.0143403 0.299659 0.00136197 0.00155585 0.0872782 0.124517 0.00209793 0.0226274 
0.0419378 0.0175564 0.0383847 7.95728e-05 0.045485 0.0289147 0.098058 0.0165629 0.00119516 0.158433 0.0511419 0.427297 0.0029082 0.000160373 0.0130154 0.0503498 0.00371776 0.00480289 
0.105481 0.131218 0.0113716 0.000258997 0.0582013 0.0703031 0.08987 0.0438836 0.00137058 0.161534 0.0663223 0.182821 0.0025082 0.00186387 0.00240123 0.0660765 0.00135636 0.00315787 
0.0211882 0.23541 0.0302535 0.000914692 0.0635703 0.0582425 0.0574707 0.0207803 0.00169385 0.0654953 0.0213597 0.271851 0.0034209 0.0113045 0.00394507 0.123586 0.00137939 0.00813382 
0.0841407 0.161025 0.0335535 0.000273468 0.034968 0.0230736 0.0373443 0.013345 0.00149759 0.0581596 0.0124479 0.494471 0.0038999 0.000205416 0.0050098 0.0332024 0.00181801 0.0015651 
0.0335631 0.0481046 0.0581301 0.00187034 0.067041 0.133871 0.026648 0.0451412 0.000364196 0.242094 0.0184871 0.29424 0.00335563 0.000286945 0.00679168 0.0141418 0.00401086 0.001858 
0.0117519 0.0209019 0.170061 0.000158212 0.042326 0.103513 0.0553612 0.0269514 0.000338533 0.111752 0.0139171 0.425226 0.00286433 8.49067e-05 0.00118923 0.012215 0.000987958 0.000399701 
0.0375027 0.0160108 0.00477147 0.000244165 0.0834272 0.0329088 0.0194463 0.0275294 0.000136305 0.0679518 0.00772879 0.675755 0.00184061 2.57418e-05 0.00190914 0.0194709 0.00228894 0.00105215 
0.0545823 0.0445887 0.164317 0.000460553 0.0719967 0.0716864 0.0228691 0.0200654 0.00188322 0.103405 0.00884341 0.240061 0.0100829 0.0228103 0.00423138 0.129972 0.00459981 0.023544 
0.0817113 0.00386318 0.00897224 0.000366111 0.022707 0.0905497 0.0689908 0.0368384 0.0104866 0.176555 0.0589308 0.417056 0.00151914 0.00516476 0.00209484 0.0128563 0.00107776 0.000260424 
0.0274334 0.265782 0.0124524 0.000119519 0.0608507 0.0509317 0.0971942 0.0285908 0.000684473 0.045928 0.032013 0.325639 0.00313609 0.000340921 0.0050782 0.0368762 0.00256793 0.00438192 
0.170315 0.0584634 0.0553238 0.00113197 0.0824968 0.0848815 0.0332962 0.0114257 0.00288995 0.17296 0.0122479 0.175643 0.00262691 0.00416025 0.00600538 0.106439 0.00607398 0.0136186 
0.0543517 0.0254378 0.02815 0.000289428 0.0346572 0.153219 0.047679 0.0342297 0.00259957 0.165579 0.0226874 0.394144 0.00596082 0.000154813 0.00296101 0.0217456 0.0022879 0.00386689 
0.0313879 0.0250861 0.0798133 0.000182084 0.0352286 0.0768546 0.0208964 0.0184193 0.0018306 0.118995 0.0251997 0.532669 0.00490969 0.000285515 0.0014803 0.0243502 0.000548326 0.00186391 
0.20744 0.0680058 0.0292059 0.000346977 0.039237 0.0910218 0.152107 0.0271343 0.00501148 0.0963591 0.00318046 0.246503 0.00491644 2.96099e-05 0.000658628 0.0270446 0.00127799 0.0005202 
0.0316131 0.214986 0.084525 0.000140081 0.0307753 0.0499277 0.0650071 0.0255473 0.00224976 0.116825 0.055722 0.244543 0.0129673 0.00882583 0.00142214 0.0420364 0.00208626 0.0108003 
0.0553786 0.034781 0.0186657 0.000238169 0.0803492 0.0515419 0.0368088 0.0549435 0.0002463 0.14375 0.00639266 0.43623 0.0029067 0.000800435 0.00396118 0.0695948 0.00123177 0.00217927 
0.0352674 0.0328656 0.0150317 0.000564744 0.0540786 0.0836768 0.0339625 0.02022 0.00443364 0.156789 0.0671933 0.403178 0.00859818 0.00788105 0.00279254 0.0596774 0.000604812 0.0131846 
0.0545823 0.0445887 0.164317 0.000460553 0.0719967 0.0716864 0.0228691 0.0200654 0.00188322 0.103405 0.00884341 0.240061 0.0100829 0.0228103 0.00423138 0.129972 0.00459981 0.023544 
0.0645102 0.0687518 0.0135348 0.000905169 0.0939139 0.0585509 0.014315 0.00517628 0.0519885 0.0439085 0.078897 0.314397 0.00579557 0.0165092 0.00524805 0.142643 0.000689784 0.020266 
0.0404384 0.112676 0.0227594 0.000102526 0.113982 0.12015 0.147316 0.0381261 0.00124919 0.0984702 0.0672507 0.151245 0.011781 0.00441833 0.00324613 0.0581419 0.0049338 0.00371307 
0.0410049 0.0618 0.0221807 5.48739e-05 0.0987047 0.117611 0.0419491 0.0617217 8.9215e-05 0.14338 0.0103056 0.363772 0.00581025 7.35898e-06 0.00188725 0.0252705 0.00271113 0.00173977 
0.0534623 0.0527077 0.0327541 8.496e-05 0.100714 0.190852 0.0792677 0.0524519 6.9417e-05 0.109995 0.0163658 0.236567 0.00551276 1.06213e-05 0.0123914 0.0550725 0.0014946 0.000226115 
0.161761 0.086838 0.0116359 0.000304449 0.118902 0.0894749 0.0250054 0.026598 0.00188566 0.169033 0.010049 0.202508 0.00294115 0.00170395 0.0015983 0.0864766 0.000850003 0.00243425 
0.0408315 0.0442583 0.0398875 0.00015762 0.148494 0.165594 0.0388498 0.0414847 0.000719452 0.0501427 0.0390832 0.309416 0.00522583 0.00171415 0.0260391 0.0393071 0.00645632 0.00233948 
0.0203484 0.00493362 0.00327447 0.00021349 0.124119 0.072947 0.050497 0.0238811 0.000103741 0.119617 0.0703073 0.479968 0.00384828 0.000113306 0.00445956 0.0139694 0.00178202 0.00561714 
0.0597613 0.0744669 0.0867822 0.000454828 0.0409316 0.135651 0.0518563 0.027299 0.00510661 0.118436 0.0388417 0.15606 0.0115612 0.0166892 0.00492168 0.113255 0.00283939 0.0550861 
0.0196623 0.254098 0.033584 0.000716379 0.050333 0.107267 0.0675977 0.0272438 0.00103668 0.107565 0.0103479 0.278925 0.0034632 0.00200605 0.00747887 0.0246541 0.000560699 0.00346039 
0.070796 0.00345111 0.0149194 0.000752977 0.0158277 0.134055 0.0209938 0.0111153 0.00687338 0.1803 0.0180682 0.507344 0.000693709 5.1831e-05 0.00336004 0.0107709 0.000360241 0.000266461 
0.0309712 0.205665 0.0395117 0.000213538 0.0487563 0.127381 0.0540346 0.0329633 0.00281491 0.152792 0.0137182 0.262032 0.0149399 2.17943e-05 0.000831309 0.0110852 0.000833364 0.00143455 
0.0510632 0.0246909 0.00858178 0.000753216 0.036742 0.166995 0.0530692 0.0388109 0.00102787 0.186328 0.0475232 0.351359 0.00528161 0.000764232 0.00240983 0.0190934 0.0027466 0.00276034 
0.0354644 0.212034 0.0246236 0.000217154 0.0357224 0.101475 0.0922453 0.0376737 0.000904339 0.0732192 0.0290072 0.319793 0.00906733 0.00253958 0.00279081 0.0175585 0.00208895 0.00357524 
0.0375111 0.0193185 0.0594233 0.000189831 0.094029 0.17746 0.0531467 0.071458 0.000771859 0.071137 0.0806716 0.201561 0.00634915 0.0224421 0.0242956 0.0644893 0.00486465 0.0108807 
0.0883009 0.0613707 0.0359921 0.000368431 0.0652819 0.123109 0.0289883 0.0149198 0.0107881 0.217115 0.0495733 0.235366 0.0025826 0.00681712 0.00306002 0.0492177 0.00144695 0.00570193 
0.207297 0.0572293 0.0345602 0.00106777 0.0731979 0.0442653 0.0779441 0.0360357 0.00134435 0.0975339 0.0114268 0.238709 0.00310745 0.000769172 0.0147473 0.0963328 0.00306179 0.00137008 
0.0384532 0.0593276 0.0402339 0.0809126 0.225002 0.0956216 0.0290615 0.0312954 0.000392478 0.0843231 0.0181515 0.239701 0.00478088 0.0026665 0.00471597 0.0403217 0.00311505 0.00192432 
0.011751 0.176318 0.00624394 0.00276311 0.0571875 0.0881511 0.0603594 0.036956 0.000573252 0.0437009 0.0215729 0.453409 0.00380117 0.00265912 0.00580056 0.0259424 0.000733295 0.00207788 
0.0376379 0.0227953 0.0383915 3.7214e-05 0.0420909 0.0728092 0.0601542 0.0261695 0.00159189 0.13605 0.0466695 0.452535 0.0038101 0.000163327 0.00086415 0.0524005 0.000580164 0.00525023 
0.0747433 0.0265689 0.00825422 0.000240139 0.0359717 0.133828 0.0217579 0.0204623 2.2134e-05 0.0458683 0.0526495 0.515253 0.00136596 0.000283934 0.0267864 0.0137517 0.000526559 0.0216662 
0.0227533 0.0296521 0.0136851 0.00177672 0.0476878 0.187652 0.0337278 0.0225508 0.000881318 0.140117 0.0289533 0.437578 0.00477648 0.000906076 0.00406517 0.0186701 0.00308134 0.00148525 
0.0766664 0.020828 0.0077905 0.000738973 0.0144821 0.0459922 0.0459068 0.0268984 0.00264627 0.276023 0.0369442 0.387603 0.0216001 0.000127297 0.000703558 0.0330958 0.000479521 0.00147396 
0.0448764 0.128205 0.0171374 0.000146634 0.0303507 0.0551689 0.0337154 0.00947511 0.000412746 0.0847681 0.0234194 0.433733 0.00317146 0.000662556 0.00308852 0.126444 0.000830159 0.00439459 
0.0250687 0.0375846 0.1151 0.000280081 0.062453 0.0925234 0.0346367 0.0274681 0.0033362 0.135886 0.0299717 0.291428 0.0390181 0.00397842 0.00262247 0.0902501 0.000916758 0.00747724 
0.133143 0.0858496 0.0642131 0.000275425 0.093349 0.100041 0.052467 0.0189992 0.00171303 0.129546 0.0317504 0.141629 0.00473109 0.0160458 0.0132081 0.104711 0.00201058 0.00631835 
0.0313879 0.0250861 0.0798133 0.000182084 0.0352286 0.0768546 0.0208964 0.0184193 0.0018306 0.118995 0.0251997 0.532669 0.00490969 0.000285515 0.0014803 0.0243502 0.000548326 0.00186391 
0.0884606 0.0405123 0.0175217 0.00106213 0.0413369 0.194945 0.0317295 0.0232287 0.00702813 0.22197 0.0406938 0.232678 0.00604827 0.000226598 0.00799239 0.0425625 0.00107656 0.00092784 
0.0335631 0.0481046 0.0581301 0.00187034 0.067041 0.133871 0.026648 0.0451412 0.000364196 0.242094 0.0184871 0.29424 0.00335563 0.000286945 0.00679168 0.0141418 0.00401086 0.001858 
0.06904 0.0324931 0.0304342 0.000111503 0.0252527 0.112634 0.0871497 0.0522646 0.00208687 0.0498181 0.0565812 0.199846 0.00661706 0.0042233 0.0164517 0.0523071 0.00357207 0.199117 
0.00972878 0.126343 0.00921673 1.08521e-07 0.037042 0.14367 0.0418433 0.022019 1.09161e-06 0.0960979 0.0124913 0.491627 0.00851692 7.06781e-06 9.10825e-05 0.000909707 0.00015434 0.000240315 
0.0639219 0.173543 0.0355585 0.00118157 0.0758223 0.121675 0.0672557 0.0230077 0.000757478 0.109391 0.0289416 0.183823 0.0037895 0.00154925 0.00284824 0.0991451 0.00268105 0.00510682 
0.0557715 0.0786885 0.0774293 0.000388732 0.0345205 0.158176 0.0279621 0.0170331 0.0036675 0.163523 0.025949 0.277108 0.016073 0.00651743 0.00109046 0.0328321 0.000668665 0.0226011 
0.19142 0.0212769 0.0494649 0.0114965 0.0522165 0.0913338 0.110933 0.0390176 0.00171302 0.141537 0.0185867 0.22021 0.00674215 1.44139e-05 0.000816303 0.0368579 0.0050101 0.00135407 
0.0947472 0.162489 0.019239 0.000551305 0.0482573 0.12963 0.0361863 0.0209284 0.00433884 0.14299 0.0542718 0.189316 0.00954067 0.0016279 0.00878523 0.0684916 0.00124754 0.0073617 
0.016162 0.0130838 0.0524367 6.01443e-05 0.137487 0.179153 0.0258888 0.0328908 0.00217997 0.249423 0.0174537 0.25068 0.00254615 6.40509e-06 0.00736864 0.0113949 0.00168545 9.91266e-05 
0.0935011 0.102958 0.0282784 0.000348113 0.0753225 0.175076 0.0669754 0.0600223 0.00306755 0.113592 0.00907591 0.192574 0.00744092 0.000470143 0.0125796 0.0416296 0.0151518 0.00193615 
0.0144248 0.0204357 0.0553248 7.70856e-05 0.0337516 0.168212 0.0358453 0.0255501 0.000279898 0.112508 0.134539 0.374633 0.014365 8.67179e-06 0.000847708 0.00763145 0.000373935 0.00119105 
0.053403 0.0717342 0.0281858 0.000370006 0.0251933 0.1677 0.0427335 0.0275555 0.00440319 0.178323 0.0285338 0.330707 0.0161735 0.000143942 0.00394032 0.0180209 0.0012443 0.00163468 
0.0117041 0.140992 0.0922474 0.000322805 0.0926013 0.157778 0.00742272 0.00803828 0.00312009 0.12254 0.0218396 0.165877 0.00358001 0.0594707 0.00158603 0.0987044 0.00102301 0.0111521 
0.03787 0.151733 0.0456461 0.000617672 0.0508884 0.191008 0.0496906 0.0325669 0.00125047 0.172616 0.0198285 0.197542 0.00553626 0.000339581 0.00132047 0.0389774 0.00120992 0.00135783 
0.058752 0.11632 0.0382601 0.00138005 0.0769453 0.121869 0.037379 0.0236488 0.00917587 0.174398 0.0133287 0.273462 0.00720803 0.00262283 0.0027926 0.0377917 0.000678401 0.00398802 
0.0188538 0.148088 0.0486053 0.000197457 0.0412796 0.169508 0.028349 0.0153288 0.0028459 0.150553 0.0344099 0.239026 0.00978441 0.0038909 0.00458542 0.0743327 0.000666437 0.00969546 
0.0895336 0.0166098 0.0232451 0.00029674 0.0454705 0.0931914 0.0286535 0.0217976 0.0265177 0.265294 0.0179406 0.291558 0.0102892 0.00448384 0.0023814 0.0556026 0.00171581 0.005419 
0.0117305 0.00980748 0.0634668 3.70702e-05 0.0123008 0.193587 0.00710121 0.226469 4.84228e-06 0.106515 0.00428388 0.36085 0.00156472 8.29335e-06 0.000245447 0.00189888 0.000108131 2.10985e-05 
0.058752 0.11632 0.0382601 0.00138005 0.0769453 0.121869 0.037379 0.0236488 0.00917587 0.174398 0.0133287 0.273462 0.00720803 0.00262283 0.0027926 0.0377917 0.000678401 0.00398802 
0.0128823 0.0905729 0.00781708 0.000182791 0.0228736 0.0269497 0.0689076 0.0314643 0.000181344 0.0755877 0.0260215 0.592921 0.00375992 0.000148875 0.0167205 0.019854 0.000999878 0.00215478 
0.0986062 0.0515364 0.0142006 7.27418e-05 0.0822782 0.0796597 0.0627193 0.123247 0.0123316 0.147946 0.0564169 0.170662 0.00486541 0.00271969 0.00184909 0.0778348 0.00439595 0.00865852 
0.0293642 0.0949997 0.0300198 0.000172555 0.103598 0.181662 0.0334957 0.0312279 0.00134006 0.152011 0.0157443 0.279777 0.00320997 0.00954674 0.0023339 0.0292569 0.000844751 0.00139602 
0.058752 0.11632 0.0382601 0.00138005 0.0769453 0.121869 0.037379 0.0236488 0.00917587 0.174398 0.0133287 0.273462 0.00720803 0.00262283 0.0027926 0.0377917 0.000678401 0.00398802 
0.0642919 0.139512 0.138965 0.000323462 0.0276107 0.126926 0.0178909 0.0107217 0.000290517 0.158177 0.0262586 0.257878 0.000971589 0.00030312 0.0015272 0.0255523 0.000797949 0.00200101 
0.0870178 0.0370414 0.0361206 0.000317011 0.0526902 0.256356 0.0411289 0.0251092 0.0059132 0.0932132 0.0291451 0.275096 0.00929862 0.000602183 0.00534266 0.0356835 0.00144614 0.00847862 
0.0846132 0.0778389 0.0260495 0.000330923 0.10907 0.176564 0.062958 0.0380986 0.00280357 0.0663098 0.0158847 0.210487 0.00464181 0.00133157 0.0420098 0.0660419 0.00646908 0.0084978 
0.0493149 0.0284456 0.00792396 6.4121e-05 0.0134808 0.184551 0.0262806 0.0258028 0.00464717 0.1304 0.0292828 0.461371 0.00285708 0.000326265 0.00110808 0.0327377 0.000226972 0.00117838 
0.0949154 0.0358859 0.0654222 0.000161867 0.0615383 0.172207 0.0314945 0.0362925 0.0111769 0.18472 0.0191796 0.220818 0.00581234 0.00105161 0.00510735 0.0504753 0.00103868 0.00270242 
0.0315259 0.226386 0.0868291 1.33107e-05 0.0274295 0.0484706 0.0627008 0.0245049 0.00117228 0.110532 0.0495272 0.260371 0.0145699 0.00446927 0.000902618 0.0401629 0.00155048 0.00888192 
0.0815677 0.109028 0.213168 0.000244329 0.0376843 0.0801728 0.0238994 0.0161661 0.00491502 0.115167 0.0260272 0.220425 0.00369376 0.00687469 0.00373289 0.0457376 0.000858032 0.0106385 
0.029409 0.166792 0.0898586 0.000168659 0.0565953 0.0653823 0.0238618 0.0130207 0.00163349 0.0975719 0.0270119 0.278011 0.00436752 0.00194948 0.00573862 0.100028 0.000461604 0.0381378 
0.0196623 0.254098 0.033584 0.000716379 0.050333 0.107267 0.0675977 0.0272438 0.00103668 0.107565 0.0103479 0.278925 0.0034632 0.00200605 0.00747887 0.0246541 0.000560699 0.00346039 
0.113972 0.0285088 0.00629514 0.000167025 0.124708 0.155153 0.072831 0.147728 0.00140031 0.0336411 0.0407244 0.238103 0.00389725 0.0046968 0.00087527 0.0232702 0.00256157 0.00146765 
0.108138 0.02967 0.0119783 0.000228502 0.0460714 0.0651242 0.0505739 0.0217071 0.0027638 0.13147 0.0778437 0.371495 0.00474238 0.00300918 0.0020501 0.0655974 0.00176477 0.00577263 
0.11531 0.0276989 0.0332172 9.50951e-05 0.0238 0.109141 0.0409827 0.0252623 0.000432234 0.0733425 0.0364345 0.474879 0.00865359 3.53991e-05 0.00170714 0.0212989 0.000439466 0.00727052 
0.0713326 0.0194744 0.00825505 0.00142637 0.0152448 0.0484911 0.03722 0.0262949 0.00275505 0.283865 0.0350688 0.400237 0.0123578 0.00035955 0.000945027 0.0343164 0.000758124 0.00159817 
0.0237041 0.0559403 0.0159284 0.00253306 0.0977874 0.134096 0.0201801 0.062938 7.88467e-06 0.149953 0.00682918 0.41106 0.00765454 5.50282e-06 0.00806565 0.00232551 0.000645951 0.000346041 
0.0761417 0.032737 0.0413301 1.39325e-05 0.140386 0.183031 0.0142158 0.0208204 0.000283488 0.0178311 0.0277938 0.300239 0.00116222 0.00394265 0.038337 0.038192 0.0117451 0.0517975 
