0.124051 0.017617 0.027069 0.000140528 0.0999355 0.0696519 0.0685425 0.14802 0.0012588 0.0819884 0.00146445 0.0275597 0.00233928 0.000343509 0.00264485 0.321117 0.00288682 0.00336999 
0.0590421 0.0824476 0.0433237 0.000451183 0.0698335 0.0501167 0.0163151 0.0100075 0.00480281 0.176782 0.0147675 0.0406026 0.00320331 0.0344888 0.0388138 0.34229 0.00138317 0.0113292 
0.0759375 0.240963 0.0377801 0.000676632 0.0367797 0.0154994 0.039699 0.00689684 0.0131314 0.130235 0.00668011 0.00945255 0.00111732 0.0162133 0.0265729 0.323676 0.00108856 0.0176013 
0.0448364 0.0232883 0.00803572 3.38597e-05 0.0747758 0.08261 0.00603961 0.0115226 0.00279475 0.121225 0.00514031 0.0070357 0.00174749 0.0360714 0.00276361 0.563859 0.000775747 0.00744401 
0.0662918 0.0496938 0.0159082 0.000543686 0.0425123 0.045454 0.0245955 0.0327387 0.00118418 0.255118 0.0451723 0.0841549 0.014465 0.00599122 0.00459911 0.30753 0.00168906 0.00235836 
0.0356947 0.0522378 0.0978174 0.000580416 0.0247187 0.0371191 0.00644258 0.00363745 0.00428968 0.119523 0.0468561 0.0261969 0.00244417 0.0272201 0.0147293 0.487588 0.00250703 0.0103981 
0.0370066 0.0973203 0.116237 0.000150886 0.132677 0.0917092 0.0564673 0.0374439 0.00268919 0.0688959 0.00622743 0.0325772 0.00485065 0.0166902 0.00719053 0.277677 0.00359841 0.0105923 
0.262456 0.0463276 0.0579654 0.030443 0.0461272 0.0210324 0.0266816 0.0119861 0.0175789 0.0543995 0.0224983 0.026014 0.00190066 0.0121469 0.00427035 0.316341 0.00810086 0.0337306 
0.177713 0.0454632 0.0169481 0.000192685 0.0434515 0.0741147 0.0978727 0.0348673 0.00190645 0.0796608 0.0665323 0.0450123 0.0394757 0.00562219 0.00576923 0.196115 0.0064718 0.0628106 
0.217841 0.0106619 0.155407 9.26089e-05 0.0314094 0.0153419 0.0816247 0.00868009 0.0254363 0.0915021 0.00131527 0.0644 5.45034e-05 0.000425678 0.000419693 0.293708 0.000144245 0.00153602 
0.127493 0.0299282 0.0104798 0.000180172 0.0277085 0.0268765 0.0215435 0.00356846 0.00911322 0.244656 0.0446394 0.0290794 0.00755999 0.104577 0.0105258 0.29143 0.000567019 0.0100745 
0.0760017 0.030089 0.00462809 0.000625091 0.153238 0.0224276 0.0188761 0.0150801 0.0129057 0.27028 0.0493141 0.0289091 0.00266206 0.000338538 0.000915512 0.308546 0.00310692 0.00205546 
0.130713 0.030538 0.0232143 0.000110707 0.0320768 0.0688289 0.00837242 0.00493538 0.0037809 0.160312 0.00431989 0.0169038 0.00440233 0.0944133 0.00248588 0.407441 0.000804016 0.00634771 
0.0726637 0.0484062 0.043389 4.16317e-05 0.15893 0.139085 0.0544381 0.0177391 0.00255603 0.0462643 0.0121133 0.0147393 0.00741493 0.0725243 0.031053 0.268456 0.000612686 0.00957276 
0.227777 0.024872 0.0293431 1.73886e-05 0.172392 0.0344502 0.0272298 0.00574543 0.00342226 0.0896714 0.0103476 0.0379258 0.00207493 0.0121361 0.00700179 0.270813 0.000258553 0.044522 
0.108131 0.0368306 0.0291757 0.000237552 0.132809 0.0416612 0.0466521 0.0594949 0.00185592 0.117258 0.0426384 0.0520652 0.00247853 0.0047973 0.00418341 0.30368 0.00116416 0.0148871 
0.0409931 0.0563672 0.0816051 0.000164251 0.168493 0.139886 0.0213101 0.0158982 0.0019136 0.134983 0.0154489 0.109372 0.00699859 0.0139736 0.00687192 0.176458 0.00185588 0.00740769 
0.238012 0.0220672 0.00289887 0.000853463 0.0393138 0.0415601 0.0151707 0.00657809 0.130201 0.0465997 0.0310561 0.0302418 0.00347279 0.0428872 0.00570438 0.336512 0.000637765 0.00623312 
0.224293 0.0298997 0.020265 0.000121254 0.034269 0.0306448 0.0481253 0.00549225 0.038578 0.0370333 0.038416 0.0684282 0.0124268 0.0952368 0.00709614 0.29302 0.00041444 0.0162407 
0.0836326 0.0180915 0.0227423 7.50532e-05 0.00903053 0.0124019 0.026016 0.0111154 0.00023587 0.0122544 0.046743 0.0337531 0.0255208 0.299569 0.00427745 0.390571 0.000607294 0.00336332 
0.132363 0.050414 0.0156237 0.000310368 0.0626138 0.0343873 0.00926206 0.0127324 0.0153774 0.178011 0.00570119 0.0248703 0.00237196 0.134546 0.00649189 0.295991 0.00298332 0.0159494 
0.194167 0.0173096 0.0898666 2.41929e-05 0.011026 0.0365321 0.0272906 0.00931663 0.00304118 0.120999 0.0194379 0.0395384 0.00549977 0.0089876 0.00117149 0.394985 0.000444785 0.0203625 
0.0939151 0.0613209 0.0211641 0.00209923 0.0250905 0.016478 0.0400235 0.00618344 0.00495265 0.0822571 0.0585503 0.0327237 0.0020257 0.256862 0.000801342 0.277711 0.000476886 0.0173641 
0.232394 0.0707265 0.017364 5.05548e-05 0.0275387 0.0228409 0.0109533 0.0159617 0.00625049 0.0955022 0.0354717 0.028821 0.00237488 0.0313627 0.0315437 0.353455 0.00607393 0.0113148 
0.022467 0.0473562 0.0563537 3.15274e-06 0.0855295 0.0418762 0.0380082 0.0105952 0.00144296 0.230033 0.0301158 0.0956224 0.00500765 0.0683623 0.00563413 0.257394 0.000294069 0.00390485 
0.155238 0.0694729 0.0287942 4.53632e-05 0.181669 0.0357939 0.0298897 0.0193469 0.00544125 0.0942128 0.00632061 0.059088 0.00492407 0.0209762 0.00281934 0.205753 0.00530492 0.0749097 
0.0836326 0.0180915 0.0227423 7.50532e-05 0.00903053 0.0124019 0.026016 0.0111154 0.00023587 0.0122544 0.046743 0.0337531 0.0255208 0.299569 0.00427745 0.390571 0.000607294 0.00336332 
0.100854 0.031648 0.0244312 0.000332526 0.0791095 0.0708665 0.0467156 0.0434685 0.00449719 0.208632 0.0451548 0.0740688 0.0216153 0.0160258 0.00460137 0.217513 0.00414476 0.00632004 
0.110526 0.023802 0.0253007 2.34077e-05 0.0432681 0.0264208 0.151129 0.0127063 0.00497624 0.0780726 0.022535 0.0100783 0.00604996 0.141661 0.00189663 0.31111 0.00610974 0.0243346 
0.0498702 0.0234301 0.0557826 9.77439e-05 0.0172389 0.0308107 0.073325 0.0116333 0.00055143 0.0326712 0.0240889 0.0218421 0.00115361 0.00313106 0.00310262 0.648871 0.000275326 0.00212383 
0.0176342 0.154732 0.0213696 0.000299813 0.0465678 0.0219975 0.0173193 0.00625776 0.00498018 0.273296 0.0141923 0.0794983 0.012336 0.00662845 0.00100159 0.315906 0.000161519 0.00582089 
0.152626 0.016852 0.0138751 3.47081e-05 0.0481353 0.022908 0.0406554 0.0527644 0.00135919 0.115544 0.00432243 0.0217362 0.00767615 0.192365 0.0106262 0.248604 0.02455 0.0253662 
0.0836326 0.0180915 0.0227423 7.50532e-05 0.00903053 0.0124019 0.026016 0.0111154 0.00023587 0.0122544 0.046743 0.0337531 0.0255208 0.299569 0.00427745 0.390571 0.000607294 0.00336332 
0.0552004 0.0418219 0.0107604 3.92576e-05 0.0946056 0.00509273 0.00765352 0.0183947 0.0134885 0.148188 0.00299638 0.0465975 0.000951448 0.0302736 0.00113284 0.508024 0.000369687 0.0144096 
0.0654202 0.0221318 0.0178568 0.00137649 0.038574 0.0205497 0.0219073 0.0117612 0.0026809 0.0597654 0.0239771 0.0636067 0.00145656 0.0370764 0.00187124 0.593279 0.0042532 0.0124565 
0.0878593 0.0246037 0.0600087 2.76379e-05 0.0818802 0.0739741 0.00350762 0.0360896 0.000968255 0.0571182 0.000998316 0.046118 0.000599094 0.00188497 0.0256225 0.466097 0.0124605 0.0201817 
0.1225 0.0232816 0.233571 0.000456335 0.0436948 0.0743685 0.0232879 0.0095392 0.0110185 0.103816 0.00515789 0.0146605 0.00125505 0.0786695 0.00176465 0.236562 0.00395781 0.012438 
0.0690037 0.0186039 0.0167351 8.3843e-05 0.0663122 0.0612035 0.00825423 0.0389057 0.00402929 0.0311279 0.01113 0.0287654 0.000282403 0.0644454 0.0079653 0.569993 0.000794087 0.00236436 
0.0356947 0.0522378 0.0978174 0.000580416 0.0247187 0.0371191 0.00644258 0.00363745 0.00428968 0.119523 0.0468561 0.0261969 0.00244417 0.0272201 0.0147293 0.487588 0.00250703 0.0103981 
0.080338 0.018977 0.0157121 5.4129e-06 0.0845475 0.0189195 0.0110693 0.0356522 0.0204162 0.215286 0.00416792 0.0842111 0.0762764 0.0618272 0.00239875 0.262462 0.000447979 0.00728515 
0.0836326 0.0180915 0.0227423 7.50532e-05 0.00903053 0.0124019 0.026016 0.0111154 0.00023587 0.0122544 0.046743 0.0337531 0.0255208 0.299569 0.00427745 0.390571 0.000607294 0.00336332 
0.213227 0.0197839 0.0113439 4.80097e-06 0.0493241 0.0309454 0.0768316 0.0294243 0.00991839 0.105328 0.000896107 0.0159945 0.00270991 0.00123857 0.00290712 0.411135 9.32032e-05 0.0188939 
0.0241451 0.10498 0.044263 6.12721e-05 0.0237355 0.0467665 0.0279678 0.0160293 0.00623401 0.105917 0.0104946 0.0365253 0.0066647 0.0328122 0.00509688 0.440075 0.000333159 0.0678981 
0.0827385 0.0741292 0.0251447 0.000342671 0.0789935 0.0350304 0.0300003 0.0217737 0.0251644 0.176765 0.0111655 0.0356886 0.00370389 0.00813433 0.00791597 0.343597 0.000919256 0.038793 
0.0368473 0.196142 0.0701821 0.000330513 0.048644 0.0422692 0.0301415 0.0118238 0.00266577 0.139719 0.0176363 0.0425597 0.00911792 0.0112655 0.0153914 0.319531 0.000294983 0.00543812 
0.0196262 0.234159 0.0437803 0.00516172 0.0243628 0.0554516 0.0299961 0.0240146 0.0042595 0.0581211 0.00902113 0.0282624 0.0369178 0.0124376 0.0137443 0.372823 0.000261143 0.0275991 
0.0582792 0.0361378 0.033471 4.39443e-05 0.0296466 0.0440918 0.0349976 0.0127277 0.00679614 0.0515343 0.0552831 0.0336512 0.0201051 0.023363 0.000946489 0.547017 0.000810991 0.0110964 
0.0845985 0.112971 0.0557925 0.000444252 0.13276 0.0469162 0.0413378 0.00999951 0.0031332 0.140004 0.00739359 0.0342868 0.00604273 0.00682236 0.00183472 0.301477 0.0102761 0.00390967 
0.0874487 0.0291839 0.0229798 0.000595822 0.15763 0.0651747 0.0318969 0.0356691 0.00759356 0.188445 0.0115358 0.0611252 0.0109973 0.0427404 0.00354298 0.240921 0.000339495 0.00218063 
0.0411424 0.157025 0.0964117 5.43399e-06 0.129007 0.0907457 0.0295893 0.0207113 0.00240899 0.0446923 0.00641538 0.034193 0.00418598 0.00895665 0.145223 0.168976 0.000568092 0.0197427 
0.0939151 0.0613209 0.0211641 0.00209923 0.0250905 0.016478 0.0400235 0.00618344 0.00495265 0.0822571 0.0585503 0.0327237 0.0020257 0.256862 0.000801342 0.277711 0.000476886 0.0173641 
0.049611 0.0350832 0.0183252 0.000144534 0.0905502 0.0270215 0.00768985 0.0383348 0.0115392 0.0969037 0.0101059 0.057685 0.00155471 0.00534217 0.00515539 0.53935 0.000461153 0.00514277 
0.0144776 0.0697035 0.0335907 0.000367923 0.141796 0.0917818 0.0117872 0.00998217 0.00197935 0.237914 0.00549633 0.0630707 0.00140556 0.0130245 0.0028971 0.297297 0.000277673 0.0031511 
0.265649 0.0574125 0.0350107 1.92418e-05 0.0255715 0.0306615 0.0281167 0.0171922 0.00151877 0.020085 0.0117541 0.00658612 0.0310779 0.0107329 0.0583491 0.381943 0.0054235 0.012896 
0.0128325 0.0830561 0.150772 5.55813e-05 0.135732 0.0497404 0.00271453 0.00407269 0.00307772 0.127328 0.00419853 0.0233455 0.00139116 0.0312326 0.00924022 0.352427 0.000249968 0.00853341 
0.0627093 0.0575943 0.0448618 0.00840116 0.0405121 0.0615698 0.0514984 0.0104053 0.000991067 0.0511377 0.0230319 0.115416 0.00220652 0.00414481 0.0109723 0.448443 0.00138406 0.00472067 
0.0807583 0.112392 0.0585632 0.000128275 0.0923918 0.101351 0.0474502 0.0207222 0.00170851 0.104541 0.0080529 0.0608046 0.0123199 0.0251046 0.00344725 0.260499 0.000386396 0.00937891 
0.057438 0.0445744 0.0480462 0.000293788 0.083043 0.130893 0.0572347 0.0295359 0.0142209 0.175439 0.026205 0.0463482 0.00715873 0.0104 0.00462725 0.256216 0.00247442 0.00585267 
0.0836326 0.0180915 0.0227423 7.50532e-05 0.00903053 0.0124019 0.026016 0.0111154 0.00023587 0.0122544 0.046743 0.0337531 0.0255208 0.299569 0.00427745 0.390571 0.000607294 0.00336332 
0.213853 0.0893026 0.0175648 0.000124854 0.00998416 0.00497207 0.0152898 0.00465414 0.00807928 0.105076 0.00799311 0.043401 0.000730593 0.0763869 0.00381014 0.382437 0.00206277 0.0142772 
0.0759375 0.240963 0.0377801 0.000676632 0.0367797 0.0154994 0.039699 0.00689684 0.0131314 0.130235 0.00668011 0.00945255 0.00111732 0.0162133 0.0265729 0.323676 0.00108856 0.0176013 
0.107275 0.0276986 0.0119413 0.0521571 0.0900092 0.0302711 0.00804274 0.0122592 0.112984 0.156264 0.00160535 0.0263761 0.00184917 0.0229512 0.0136517 0.318064 0.000637728 0.00596243 
0.0356947 0.0522378 0.0978174 0.000580416 0.0247187 0.0371191 0.00644258 0.00363745 0.00428968 0.119523 0.0468561 0.0261969 0.00244417 0.0272201 0.0147293 0.487588 0.00250703 0.0103981 
0.238012 0.0220672 0.00289887 0.000853463 0.0393138 0.0415601 0.0151707 0.00657809 0.130201 0.0465997 0.0310561 0.0302418 0.00347279 0.0428872 0.00570438 0.336512 0.000637765 0.00623312 
0.0651892 0.0195468 0.0257137 0.000401396 0.0817163 0.0318443 0.0434304 0.0432009 0.174429 0.0497912 0.00916314 0.0246154 0.0150227 0.038894 0.00440459 0.366488 0.0002371 0.00591123 
0.103217 0.0294996 0.00452058 0.0394103 0.0924535 0.0825105 0.0237449 0.0195006 0.0434487 0.156218 0.0136634 0.167379 0.00116265 0.00734536 0.0158903 0.197838 0.000923987 0.00127269 
0.0330253 0.0841468 0.0467514 3.17043e-05 0.219429 0.0365614 0.0156914 0.0126661 0.000880956 0.168164 0.0392084 0.0316147 0.00396071 0.0152187 0.00317793 0.284683 0.000155906 0.00463226 
0.0498702 0.0234301 0.0557826 9.77439e-05 0.0172389 0.0308107 0.073325 0.0116333 0.00055143 0.0326712 0.0240889 0.0218421 0.00115361 0.00313106 0.00310262 0.648871 0.000275326 0.00212383 
0.051568 0.0688221 0.0422595 8.16399e-05 0.103546 0.0504008 0.0288856 0.0203242 0.00438765 0.126887 0.0315733 0.147151 0.0180157 0.0479759 0.00299138 0.243624 0.000406497 0.0110999 
0.0377391 0.0799374 0.0285338 6.04382e-05 0.0725549 0.0369462 0.019622 0.00719688 0.0079332 0.265239 0.00925326 0.0249657 0.00635621 0.0297303 0.00340596 0.358524 0.00143548 0.0105661 
0.0836326 0.0180915 0.0227423 7.50532e-05 0.00903053 0.0124019 0.026016 0.0111154 0.00023587 0.0122544 0.046743 0.0337531 0.0255208 0.299569 0.00427745 0.390571 0.000607294 0.00336332 
0.0486078 0.0652501 0.0367096 0.000139185 0.0465926 0.0173841 0.0104701 0.00222159 0.0282814 0.232038 0.00402439 0.0264066 0.00358204 0.0105623 0.000929134 0.453213 0.000183385 0.0134046 
0.159227 0.0216802 0.0316305 1.65272e-05 0.0228931 0.0443863 0.044642 0.026981 0.00536956 0.081317 0.0597342 0.0487622 0.010106 0.0230427 0.00100965 0.409396 0.00107409 0.0087315 
0.0278083 0.0217881 0.0321297 0.000110367 0.101815 0.017775 0.0298267 0.0273683 0.0040944 0.161264 0.0163591 0.167699 0.0152852 0.0764655 0.00227966 0.281507 0.000291262 0.0161332 
0.103231 0.0490373 0.0594836 0.000221008 0.0435508 0.0884416 0.0299284 0.0289013 0.00418124 0.123749 0.0232697 0.042881 0.0446103 0.0889824 0.0034238 0.255868 0.00405924 0.00618074 
0.0836326 0.0180915 0.0227423 7.50532e-05 0.00903053 0.0124019 0.026016 0.0111154 0.00023587 0.0122544 0.046743 0.0337531 0.0255208 0.299569 0.00427745 0.390571 0.000607294 0.00336332 
0.105359 0.0481253 0.0299156 0.000315026 0.0279817 0.0189991 0.0323184 0.0113614 0.0168495 0.130893 0.0314517 0.0191379 0.0125577 0.0181445 0.00271744 0.268096 0.000793062 0.224984 
0.0582792 0.0361378 0.033471 4.39443e-05 0.0296466 0.0440918 0.0349976 0.0127277 0.00679614 0.0515343 0.0552831 0.0336512 0.0201051 0.023363 0.000946489 0.547017 0.000810991 0.0110964 
0.0461203 0.0809432 0.0604233 9.90511e-06 0.0767423 0.112921 0.0189552 0.00954643 0.00811852 0.146838 0.0394229 0.0638713 0.0197686 0.0222579 0.0301227 0.231629 0.00305681 0.0292531 
0.0838943 0.0465479 0.0467083 0.000770901 0.0599184 0.0177496 0.0347748 0.0131895 0.00112716 0.0425067 0.0382394 0.0530277 0.00359311 0.0425876 0.00159661 0.506538 0.00049326 0.00673626 
0.035231 0.0423259 0.299508 3.79183e-07 0.10284 0.0657923 0.0110695 0.00604709 0.00191008 0.0444705 0.00897563 0.0160151 0.00209307 0.0213035 0.0013388 0.335049 0.000147052 0.00588308 
0.149711 0.0428073 0.0858141 0.00212761 0.102274 0.0596158 0.046166 0.0355857 0.0123896 0.141869 0.0178508 0.0762707 0.00331463 0.0128305 0.00420833 0.172965 0.0076966 0.0265032 
0.0623569 0.0196747 0.119478 1.08757e-05 0.144222 0.0372535 0.0465588 0.0231519 0.00197905 0.0551244 0.0072809 0.0202089 0.0013124 0.0799427 0.00113866 0.371323 0.00078557 0.00819682 
0.102109 0.0293474 0.0126071 0.00109282 0.0860108 0.0891264 0.0340886 0.100411 0.142265 0.123021 0.0137728 0.0291571 0.0112577 0.0190764 0.00108565 0.197458 0.00179402 0.00632016 
0.0582792 0.0361378 0.033471 4.39443e-05 0.0296466 0.0440918 0.0349976 0.0127277 0.00679614 0.0515343 0.0552831 0.0336512 0.0201051 0.023363 0.000946489 0.547017 0.000810991 0.0110964 
0.17321 0.227038 0.00849365 7.61185e-05 0.0157613 0.07138 0.00991683 0.0441602 0.053727 0.131172 0.00297881 0.00911748 0.000858455 0.00846847 0.00620145 0.229803 0.00026001 0.00737796 
0.191075 0.0547774 0.0314545 0.00678047 0.0475347 0.133631 0.0195966 0.0111689 0.00972806 0.169668 0.00839345 0.0292546 0.00877333 0.0356714 0.0115956 0.22431 0.00152791 0.00505916 
0.0582792 0.0361378 0.033471 4.39443e-05 0.0296466 0.0440918 0.0349976 0.0127277 0.00679614 0.0515343 0.0552831 0.0336512 0.0201051 0.023363 0.000946489 0.547017 0.000810991 0.0110964 
0.0136389 0.0752607 0.0322472 0.00395056 0.210713 0.101468 0.0316091 0.0172372 0.0344495 0.0703874 0.0167043 0.047424 0.00615308 0.0238498 0.0496361 0.253337 0.0012828 0.010651 
0.0468775 0.0881539 0.160164 7.50562e-05 0.146948 0.0415659 0.0398044 0.0111906 0.00330844 0.0997002 0.0393636 0.0489355 0.011248 0.0572992 0.00318905 0.190934 0.000736857 0.0105057 
0.10037 0.0340804 0.0101393 8.23175e-05 0.0409799 0.0147745 0.0520699 0.0127148 2.53364e-05 0.195867 0.0193773 0.0514516 0.00587813 0.00059344 0.000208359 0.459103 0.00056387 0.00172032 
0.0500701 0.0261206 0.052024 0.000365968 0.0271646 0.0272887 0.0272287 0.0217775 0.00105118 0.0526846 0.0119551 0.145989 0.00384665 0.0301735 0.0134486 0.375155 0.119407 0.0142493 
0.219807 0.060335 0.0313125 4.82428e-05 0.0359075 0.0534831 0.05227 0.0276804 0.0064898 0.12453 0.0452283 0.0376591 0.00822421 0.0257664 0.00733036 0.251237 0.00192238 0.0107686 
0.00717959 0.0421614 0.0347647 6.72666e-05 0.133541 0.0106235 0.00179171 0.00118557 0.0154956 0.186262 0.00907213 0.0135044 0.00221237 0.0571464 0.00262971 0.444963 0.000271844 0.0371276 
0.121466 0.0678921 0.0445929 0.000228806 0.0707169 0.0428997 0.14571 0.0308458 0.00418045 0.0580631 0.0807998 0.0665917 0.00517444 0.00543358 0.0616446 0.183672 0.00151371 0.00857358 
0.00672673 0.0746863 0.00147124 9.13624e-06 0.282036 0.000960396 0.00114612 0.00224742 0.000293489 0.040257 0.000135133 0.000827304 0.000144862 6.96766e-06 0.00103705 0.557813 0.00383088 0.0263702 
0.0165403 0.0715333 0.0741272 7.99058e-05 0.0700967 0.0498213 0.0184941 0.0174504 0.0280249 0.178845 0.0150453 0.0272461 0.00954798 0.0391516 0.00195419 0.360867 0.000583361 0.0205906 
0.0174988 0.0375421 0.0247626 0.000250843 0.188765 0.15436 0.00846417 0.0202246 0.00353671 0.14054 0.00712555 0.0525317 0.010128 0.0370997 0.00249493 0.285114 0.000742055 0.00881938 
0.0171992 0.0295263 0.00343275 0.00119233 0.0457972 0.0156066 0.0361567 0.0108451 0.00167461 0.0351588 0.00489238 0.00747429 0.00125888 0.00142363 0.00136339 0.766892 0.00125868 0.0188474 
0.140115 0.0297397 0.050653 0.000264428 0.0829977 0.0330185 0.0511995 0.0194692 0.0106556 0.069114 0.0579166 0.154431 0.00907513 0.0106631 0.052108 0.200127 0.00210895 0.0263426 
0.111615 0.0343017 0.0141758 0.000324542 0.104212 0.04129 0.0361548 0.0278479 0.00343467 0.175023 0.0354474 0.138776 0.00299624 0.00351937 0.00341263 0.255475 0.00451913 0.00747458 
0.130858 0.025958 0.036424 0.00024382 0.0999698 0.0638498 0.0139798 0.00917983 0.0713675 0.0615141 0.00595018 0.0235825 0.0213714 0.134962 0.00585791 0.288525 0.0010763 0.00533085 
0.11114 0.0718527 0.0183163 2.44952e-05 0.0906824 0.0153914 0.0094551 0.00588211 0.00190859 0.113699 0.0121293 0.0580088 0.00115189 0.0170607 0.0054723 0.464189 0.000258766 0.00337784 
0.0448364 0.0232883 0.00803572 3.38597e-05 0.0747758 0.08261 0.00603961 0.0115226 0.00279475 0.121225 0.00514031 0.0070357 0.00174749 0.0360714 0.00276361 0.563859 0.000775747 0.00744401 
0.049459 0.0472604 0.039184 0.00137938 0.0989464 0.0546246 0.0286442 0.0191666 0.00360534 0.146442 0.00879333 0.0761777 0.00375979 0.0147729 0.00574657 0.389398 0.000986585 0.0116539 
0.240931 0.0574336 0.00859945 0.000530793 0.0509135 0.042344 0.0221798 0.012972 0.00796853 0.175314 0.00531105 0.0276776 0.00978019 0.0149778 0.00189484 0.317299 0.00109417 0.00277933 
0.0498702 0.0234301 0.0557826 9.77439e-05 0.0172389 0.0308107 0.073325 0.0116333 0.00055143 0.0326712 0.0240889 0.0218421 0.00115361 0.00313106 0.00310262 0.648871 0.000275326 0.00212383 
0.0523204 0.04256 0.027214 0.000375217 0.0592334 0.0411999 0.0198023 0.0212755 0.00300934 0.263853 0.0372052 0.0678116 0.0144458 0.00430107 0.00376782 0.339598 0.000547196 0.00147966 
0.0836326 0.0180915 0.0227423 7.50532e-05 0.00903053 0.0124019 0.026016 0.0111154 0.00023587 0.0122544 0.046743 0.0337531 0.0255208 0.299569 0.00427745 0.390571 0.000607294 0.00336332 
0.0187024 0.0647827 0.0232033 8.32067e-05 0.130407 0.0359057 0.0194243 0.0156068 0.00448114 0.294116 0.00964276 0.0255597 0.0060038 0.0126305 0.00251394 0.333213 0.000671415 0.00305221 
0.0796566 0.0398004 0.0351201 0.000146821 0.0620392 0.0453917 0.0448588 0.0110793 0.00967707 0.247279 0.0159986 0.0654493 0.00302534 0.0197199 0.00177056 0.310085 0.00047031 0.00843186 
0.0773064 0.0416897 0.0166845 0.00101763 0.0470999 0.166897 0.0117192 0.00931207 0.050837 0.222909 0.0112433 0.0578984 0.00269384 0.0298206 0.0185532 0.228211 0.000191863 0.0059149 
0.0812133 0.039177 0.0147447 0.000512893 0.0453283 0.174452 0.00849642 0.00759926 0.0507393 0.222601 0.0067821 0.0581866 0.0028369 0.0217898 0.0182242 0.243031 3.10028e-05 0.0042551 
0.115971 0.0781238 0.0582286 0.00011289 0.0490453 0.0157497 0.0313742 0.00960786 0.00738167 0.0637249 0.0160997 0.0374518 0.00586349 0.0657022 0.193824 0.220153 0.00625876 0.0253266 
0.0205356 0.0203144 0.0115942 5.82327e-06 0.116478 0.0410415 0.00190387 0.00566689 0.00401184 0.0139031 0.000518684 0.00779876 0.00112441 0.0587134 0.00951564 0.676471 0.00032779 0.0100754 
0.10037 0.0340804 0.0101393 8.23175e-05 0.0409799 0.0147745 0.0520699 0.0127148 2.53364e-05 0.195867 0.0193773 0.0514516 0.00587813 0.00059344 0.000208359 0.459103 0.00056387 0.00172032 
0.0504032 0.0929387 0.0611433 0.000167419 0.0416528 0.0825718 0.0193728 0.0115559 0.0103032 0.183732 0.00691884 0.0386519 0.00484801 0.0857527 0.003809 0.29211 0.00341203 0.0106563 
0.123528 0.0884194 0.0381142 0.0101215 0.0151366 0.0149061 0.111238 0.00405933 0.00431026 0.0892951 0.0639687 0.0200947 0.00278335 0.0050298 0.00467481 0.365515 0.00346035 0.035345 
0.10037 0.0340804 0.0101393 8.23175e-05 0.0409799 0.0147745 0.0520699 0.0127148 2.53364e-05 0.195867 0.0193773 0.0514516 0.00587813 0.00059344 0.000208359 0.459103 0.00056387 0.00172032 
0.13265 0.0381409 0.0636915 3.1563e-05 0.0263409 0.156217 0.0890748 0.0244531 0.00155851 0.101623 0.0642465 0.0313914 0.0864249 0.000703991 0.000308386 0.18013 0.000276567 0.00273749 
0.0836326 0.0180915 0.0227423 7.50532e-05 0.00903053 0.0124019 0.026016 0.0111154 0.00023587 0.0122544 0.046743 0.0337531 0.0255208 0.299569 0.00427745 0.390571 0.000607294 0.00336332 
0.120428 0.0416436 0.0416924 0.000330445 0.0514592 0.103152 0.0332277 0.0318925 0.0129629 0.141755 0.0305317 0.166208 0.00716292 0.0122317 0.0019497 0.196468 0.00163135 0.0052735 
0.11847 0.0161828 0.0118799 0.000432321 0.0390127 0.0411952 0.0276808 0.0140254 0.00490321 0.0487895 0.00799022 0.0736409 0.00141891 0.00550667 0.0177185 0.36574 0.197067 0.00834642 
0.00589819 0.128717 0.174505 1.86301e-06 0.0506507 0.0622692 0.00323802 0.00377159 0.0204961 0.0825763 0.0117179 0.0118227 0.0132651 0.120233 0.003535 0.206229 6.89602e-06 0.101067 
0.0836326 0.0180915 0.0227423 7.50532e-05 0.00903053 0.0124019 0.026016 0.0111154 0.00023587 0.0122544 0.046743 0.0337531 0.0255208 0.299569 0.00427745 0.390571 0.000607294 0.00336332 
0.0344716 0.0539864 0.0261575 0.00661078 0.146495 0.0277595 0.0291848 0.0241721 0.00809488 0.189289 0.0101455 0.047609 0.00898503 0.045284 0.00304842 0.32332 0.0088692 0.00651754 
0.0555795 0.0904602 0.136049 0.000264236 0.0698383 0.0352407 0.0461803 0.0133809 0.00624056 0.0308626 0.0456015 0.0201172 0.00768785 0.0183331 0.0156512 0.383216 0.00426193 0.0210342 
0.0498702 0.0234301 0.0557826 9.77439e-05 0.0172389 0.0308107 0.073325 0.0116333 0.00055143 0.0326712 0.0240889 0.0218421 0.00115361 0.00313106 0.00310262 0.648871 0.000275326 0.00212383 
0.0760253 0.0694721 0.0583836 0.000252531 0.024714 0.0164621 0.0195881 0.00485757 0.00311294 0.0603938 0.00433736 0.0451621 0.00432476 0.193927 0.0753846 0.315191 0.00340383 0.0250075 
0.0285494 0.0870946 0.0262393 0.000463445 0.212485 0.0631044 0.0147025 0.0114876 0.0045445 0.0903976 0.00843947 0.036211 0.00441994 0.0516476 0.00567788 0.342294 0.00308542 0.00915627 
0.0248825 0.0702016 0.0220298 0.000299044 0.185838 0.197213 0.0471745 0.0284507 0.00111512 0.0841356 0.0461044 0.0576065 0.0129262 0.00796403 0.00861305 0.198798 0.00140738 0.00524063 
0.0500701 0.0261206 0.052024 0.000365968 0.0271646 0.0272887 0.0272287 0.0217775 0.00105118 0.0526846 0.0119551 0.145989 0.00384665 0.0301735 0.0134486 0.375155 0.119407 0.0142493 
0.129504 0.0355717 0.0306576 0.000120432 0.120779 0.085017 0.0561068 0.0494503 0.00124665 0.122661 0.0290275 0.0313893 0.0131598 0.0187011 0.038852 0.228403 0.000431518 0.00892119 
0.0358477 0.0491003 0.10075 0.000202547 0.0205068 0.0352951 0.00346259 0.0022927 0.00237756 0.112664 0.0370492 0.0239066 0.00250763 0.0188433 0.0123484 0.534107 0.00094343 0.00779548 
0.159227 0.0216802 0.0316305 1.65272e-05 0.0228931 0.0443863 0.044642 0.026981 0.00536956 0.081317 0.0597342 0.0487622 0.010106 0.0230427 0.00100965 0.409396 0.00107409 0.0087315 
0.0181491 0.102367 0.0620228 2.87202e-05 0.14355 0.189187 0.0101991 0.0106573 0.00179604 0.0256509 0.00341389 0.025442 0.00202159 0.0267526 0.153272 0.195587 0.000506594 0.0293955 
0.13265 0.0381409 0.0636915 3.1563e-05 0.0263409 0.156217 0.0890748 0.0244531 0.00155851 0.101623 0.0642465 0.0313914 0.0864249 0.000703991 0.000308386 0.18013 0.000276567 0.00273749 
0.0999139 0.0204285 0.029344 0.00641401 0.0329721 0.0293843 0.0741875 0.0192257 0.0289409 0.220462 0.0303541 0.0323287 0.00439609 0.00171187 0.00174057 0.365314 0.000999309 0.00188211 
0.0356947 0.0522378 0.0978174 0.000580416 0.0247187 0.0371191 0.00644258 0.00363745 0.00428968 0.119523 0.0468561 0.0261969 0.00244417 0.0272201 0.0147293 0.487588 0.00250703 0.0103981 
0.0534682 0.0638815 0.0346245 9.33962e-05 0.0607636 0.0325907 0.0139969 0.00549459 0.00717654 0.290725 0.00558956 0.0745034 0.00283984 0.0222418 0.00354747 0.31345 0.00027915 0.014734 
0.238025 0.0420489 0.085127 0.000149513 0.0170736 0.0144612 0.0208981 0.00778072 0.0103587 0.0700111 0.0164946 0.0141995 0.00241038 0.0123187 0.00689915 0.367557 0.0138093 0.0603768 
0.156584 0.110326 0.0299325 0.000219146 0.0331545 0.0439192 0.0144543 0.0122722 0.0446722 0.129144 0.0160955 0.0137953 0.0161233 0.0459498 0.0492021 0.28253 0.00014979 0.0014766 
0.0978272 0.0195618 0.00725092 4.5791e-05 0.141537 0.0187789 0.00756688 0.00833519 0.00250291 0.0783867 0.00620445 0.0395288 0.00114671 0.0433497 0.00138192 0.490114 0.000613191 0.0358678 
0.0952957 0.0298668 0.0255918 0.000684622 0.0383916 0.0213398 0.0121022 0.00909703 0.0693947 0.239788 0.0114731 0.00810278 0.00640372 0.0767405 0.0013459 0.309146 0.000720925 0.0445154 
0.0671661 0.0970527 0.104828 2.23564e-05 0.0906658 0.0375759 0.00390261 0.00239821 0.00422995 0.103871 0.000888035 0.0506695 0.000941219 0.00285622 0.0253136 0.396339 2.25785e-05 0.0112576 
0.138881 0.0515514 0.00197587 0.0237225 0.11843 0.0441752 0.0107457 0.0141553 0.122666 0.0680841 0.0296255 0.0259105 0.0027762 0.00105159 0.0178225 0.32637 0.00130671 0.000750138 
0.0211441 0.0979611 0.0402263 0.000520166 0.164528 0.159798 0.0215307 0.0281254 0.0379652 0.0560167 0.0102586 0.0198435 0.0296791 0.0319821 0.0599037 0.215328 0.000586767 0.004604 
0.0871925 0.0345992 0.00555194 9.89101e-05 0.0596854 0.051785 0.0852568 0.0156528 0.00668124 0.174639 0.0839149 0.0196327 0.00400618 0.0667255 0.00118614 0.291406 0.0012886 0.0106974 
0.0652681 0.0670252 0.083736 0.00174117 0.0601381 0.0825705 0.0286007 0.0145917 0.00201456 0.152984 0.0286204 0.102973 0.00347049 0.0757149 0.0023652 0.217304 0.000988058 0.00989481 
0.0984204 0.0177428 0.0517613 3.2758e-05 0.0910908 0.0615029 0.0466084 0.0334222 0.000362933 0.147192 0.00457046 0.181049 0.00395435 0.000627609 0.0348344 0.189463 0.00710698 0.0302582 
0.0843445 0.114847 0.0635774 0.000304693 0.0625128 0.0764924 0.0416665 0.0506799 0.00854184 0.10061 0.014598 0.0570384 0.00369536 0.0241119 0.0777249 0.204927 0.00243202 0.0118948 
0.152626 0.016852 0.0138751 3.47081e-05 0.0481353 0.022908 0.0406554 0.0527644 0.00135919 0.115544 0.00432243 0.0217362 0.00767615 0.192365 0.0106262 0.248604 0.02455 0.0253662 
0.0582792 0.0361378 0.033471 4.39443e-05 0.0296466 0.0440918 0.0349976 0.0127277 0.00679614 0.0515343 0.0552831 0.0336512 0.0201051 0.023363 0.000946489 0.547017 0.000810991 0.0110964 
0.147802 0.0280072 0.0271779 5.39852e-05 0.02228 0.0316765 0.118802 0.0342369 0.00177776 0.204562 0.0207185 0.0413854 0.00574961 0.0174226 0.00136753 0.295114 0.000837129 0.00102921 
0.0280498 0.0923268 0.139441 0.0035032 0.111393 0.152249 0.0119678 0.0253164 0.00702414 0.146303 0.0117299 0.0308895 0.0081435 0.0148529 0.00255987 0.194339 0.00336687 0.0165449 
0.0550478 0.0114778 0.031085 0.000139929 0.152209 0.0711094 0.005038 0.00910115 0.0974999 0.0517516 0.0028844 0.00602072 0.00222409 0.0124362 0.0731685 0.407141 0.00785083 0.0038147 
0.0179088 0.0439512 0.0192137 8.20603e-05 0.0563931 0.015396 0.0135798 0.00107762 0.00406765 0.12822 0.0322202 0.00660118 0.00114854 0.00984494 0.00428842 0.634643 0.000172694 0.011191 
0.224293 0.0298997 0.020265 0.000121254 0.034269 0.0306448 0.0481253 0.00549225 0.038578 0.0370333 0.038416 0.0684282 0.0124268 0.0952368 0.00709614 0.29302 0.00041444 0.0162407 
0.0938474 0.0543953 0.0167059 0.000781615 0.030703 0.0368938 0.024193 0.0180916 0.00510497 0.242052 0.0253417 0.131655 0.00445698 0.00285379 0.00474802 0.30343 0.00294299 0.00180232 
0.0448364 0.0232883 0.00803572 3.38597e-05 0.0747758 0.08261 0.00603961 0.0115226 0.00279475 0.121225 0.00514031 0.0070357 0.00174749 0.0360714 0.00276361 0.563859 0.000775747 0.00744401 
0.159227 0.0216802 0.0316305 1.65272e-05 0.0228931 0.0443863 0.044642 0.026981 0.00536956 0.081317 0.0597342 0.0487622 0.010106 0.0230427 0.00100965 0.409396 0.00107409 0.0087315 
0.137238 0.057463 0.0335326 0.00065932 0.0602645 0.0777916 0.0588915 0.0214134 0.00984998 0.0660205 0.045588 0.0156871 0.0241681 0.040071 0.0113702 0.324752 0.00345531 0.0117844 
0.09967 0.201813 0.0360841 5.09068e-05 0.0389959 0.0151428 0.0283598 0.0122571 0.00990949 0.102444 0.00426768 0.0242799 0.0138157 0.00839194 0.00730498 0.264796 0.000685059 0.131732 
0.0759375 0.240963 0.0377801 0.000676632 0.0367797 0.0154994 0.039699 0.00689684 0.0131314 0.130235 0.00668011 0.00945255 0.00111732 0.0162133 0.0265729 0.323676 0.00108856 0.0176013 
0.0331319 0.0785206 0.0272199 0.000205797 0.208984 0.0472484 0.0293872 0.0312571 0.0088797 0.0860216 0.00386288 0.0503856 0.00682861 0.0745281 0.0183719 0.284168 0.000687993 0.0103105 
0.225108 0.0237284 0.00389204 0.0415172 0.0456479 0.124628 0.0269909 0.0117226 0.074581 0.129281 0.00198931 0.0170508 0.00253565 0.000136235 0.00148022 0.269443 0.000100851 0.000167477 
0.0628665 0.0436413 0.0102113 0.00016177 0.0731475 0.0837736 0.0509999 0.0387942 4.28041e-06 0.0512094 0.00159578 0.0225571 0.000287479 3.14877e-05 0.00588928 0.554284 6.84063e-05 0.000477183 
0.0298004 0.0433785 0.0173953 1.05192e-05 0.141712 0.0583242 0.00580478 0.00920393 0.0140935 0.129537 0.00289423 0.0461911 0.00291585 0.0322109 0.0118174 0.447355 0.000136887 0.00721869 
0.0345976 0.0169007 0.00253448 0.000631184 0.120044 0.00312904 0.00516094 0.0040051 0.0233267 0.20716 0.00502408 0.00610022 0.000326538 0.000252839 0.00223075 0.565754 0.000150192 0.002671 
0.115062 0.12391 0.100392 0.000176721 0.0399037 0.0605055 0.0115944 0.0193634 0.012047 0.107643 0.0231208 0.0234827 0.00323704 0.0780445 0.0110099 0.259455 0.00119489 0.00985698 
0.0711815 0.0542074 0.0355448 0.000417693 0.257927 0.0485353 0.0367752 0.0279815 0.00440589 0.112289 0.011333 0.0316941 0.00638317 0.0132161 0.00739703 0.262589 0.00296975 0.0151531 
0.0448364 0.0232883 0.00803572 3.38597e-05 0.0747758 0.08261 0.00603961 0.0115226 0.00279475 0.121225 0.00514031 0.0070357 0.00174749 0.0360714 0.00276361 0.563859 0.000775747 0.00744401 
0.00992473 0.0480484 0.0208196 4.28382e-05 0.0998673 0.00748112 0.00445399 0.00157037 0.0170798 0.276392 0.00393606 0.0120354 0.00110364 0.0207498 0.00104693 0.460641 0.000274044 0.0145325 
0.0352836 0.0901333 0.0682453 0.00192949 0.0428639 0.196307 0.0216439 0.00621485 0.00139103 0.0839968 0.0444839 0.0818538 0.00406829 0.0276763 0.0280535 0.259795 5.7043e-05 0.00600358 
0.106632 0.129632 0.103087 7.22351e-05 0.0784584 0.0236622 0.0386329 0.0129647 0.0140694 0.124188 0.0211085 0.0253866 0.01217 0.0406374 0.00512506 0.238154 0.0108109 0.0152086 
0.0812985 0.119587 0.195076 0.00921428 0.0646826 0.120023 0.0213491 0.0111633 0.00109017 0.066819 0.0141071 0.0513458 0.00579077 0.0113937 0.00269349 0.21897 0.00305989 0.00233607 
0.106632 0.129632 0.103087 7.22351e-05 0.0784584 0.0236622 0.0386329 0.0129647 0.0140694 0.124188 0.0211085 0.0253866 0.01217 0.0406374 0.00512506 0.238154 0.0108109 0.0152086 
0.158896 0.114842 0.064795 0.000116585 0.0939894 0.0904786 0.0141294 0.00728238 0.00697041 0.0716226 0.0245796 0.113914 0.00707646 0.0200401 0.00948082 0.16523 0.00571591 0.0308415 
0.0986395 0.0206795 0.0213156 1.43367e-05 0.0970776 0.0532594 0.0333952 0.0450411 0.00317069 0.0553595 0.00284209 0.011944 0.0123075 0.0916506 0.0504173 0.401203 0.000744368 0.000938648 
0.0144776 0.0697035 0.0335907 0.000367923 0.141796 0.0917818 0.0117872 0.00998217 0.00197935 0.237914 0.00549633 0.0630707 0.00140556 0.0130245 0.0028971 0.297297 0.000277673 0.0031511 
0.187996 0.0230895 0.0184614 6.29116e-06 0.0457774 0.0318455 0.00674103 0.0162383 0.00776448 0.141639 0.015675 0.0195433 0.000781842 0.0147192 0.00675768 0.455973 0.000376903 0.0066146 
0.135421 0.0278552 0.0168698 8.67445e-05 0.103793 0.107588 0.0275606 0.117401 0.00211221 0.101277 0.0207685 0.0187433 0.00133319 0.0164185 0.00604666 0.287543 0.00478162 0.00440001 
0.0817007 0.0589437 0.0242443 0.000512698 0.0437894 0.115678 0.0138315 0.00980676 0.0511108 0.235366 0.00977517 0.0516285 0.00241553 0.022412 0.017494 0.254429 9.43353e-05 0.00676752 
0.087107 0.0276519 0.017028 0.000175099 0.0717097 0.0566276 0.015823 0.0142416 0.11432 0.0617528 0.00119038 0.0369705 0.00139572 0.0247999 0.00748492 0.420838 0.0340788 0.00680449 
0.159227 0.0216802 0.0316305 1.65272e-05 0.0228931 0.0443863 0.044642 0.026981 0.00536956 0.081317 0.0597342 0.0487622 0.010106 0.0230427 0.00100965 0.409396 0.00107409 0.0087315 
0.10037 0.0340804 0.0101393 8.23175e-05 0.0409799 0.0147745 0.0520699 0.0127148 2.53364e-05 0.195867 0.0193773 0.0514516 0.00587813 0.00059344 0.000208359 0.459103 0.00056387 0.00172032 
0.0498702 0.0234301 0.0557826 9.77439e-05 0.0172389 0.0308107 0.073325 0.0116333 0.00055143 0.0326712 0.0240889 0.0218421 0.00115361 0.00313106 0.00310262 0.648871 0.000275326 0.00212383 
0.124763 0.0296194 0.0471128 0.000625459 0.10591 0.0348959 0.0522133 0.0320706 0.0208791 0.0888198 0.112245 0.0334982 0.00522291 0.00348027 0.00529694 0.270078 0.00547741 0.0277922 
0.0933405 0.0550859 0.0717902 9.88416e-05 0.0516607 0.0402806 0.0343964 0.0118593 0.0022265 0.224332 0.00881709 0.0142709 0.00542418 0.0866294 0.000873054 0.246447 0.049123 0.00334492 
0.062316 0.156687 0.0379286 5.74536e-05 0.186692 0.0509607 0.0116606 0.00837097 0.00151438 0.118621 0.0113982 0.0392169 0.00213547 0.00596896 0.0310267 0.267754 0.000450609 0.00724002 
0.0862011 0.0822799 0.0216179 0.000524458 0.0483767 0.0513187 0.0557022 0.0146269 0.0174965 0.243263 0.0226926 0.0683945 0.0111611 0.00912323 0.00484413 0.254475 0.000592774 0.00730985 
0.145211 0.029292 0.0396895 0.000187646 0.0869185 0.0544733 0.00425673 0.00673305 0.0159625 0.0571215 0.0188139 0.116693 0.00121842 0.0341485 0.00113652 0.378904 0.00220795 0.00703282 
0.01593 0.0595481 0.0754896 0.103711 0.0363129 0.0612867 0.119789 0.0327202 0.00571692 0.137312 0.0130803 0.122767 0.00220945 0.0137824 0.000899316 0.183619 0.0112845 0.0045419 
0.0262476 0.0303141 0.0264664 9.84916e-05 0.0292895 0.11678 0.00859365 0.00659212 0.00267035 0.157093 0.0038997 0.102934 0.00462107 0.0192545 0.00170611 0.460263 0.000721204 0.00245531 
0.0999514 0.0353921 0.0109984 0.000143843 0.0415002 0.0154637 0.050978 0.0125906 2.91778e-05 0.195504 0.0206892 0.0532919 0.00719261 0.0018982 0.000221347 0.451855 0.000566541 0.00173402 
0.103926 0.0402082 0.0987197 0.000102007 0.0431892 0.0566178 0.0404636 0.0378073 0.00679813 0.115607 0.0161744 0.127792 0.00727197 0.00775626 0.00605544 0.255996 0.000620499 0.0348947 
0.0246176 0.0570836 0.019604 3.21736e-05 0.067306 0.0510577 0.0152059 0.0170104 0.00251944 0.0163423 0.0587577 0.0487452 0.00130609 0.00723522 0.00945186 0.537132 0.0337948 0.0327974 
0.0453722 0.0580503 0.0224423 0.000249007 0.140624 0.0583281 0.0246201 0.0224271 0.0193454 0.130421 0.0103861 0.0498223 0.00585526 0.0240238 0.012444 0.365011 0.00189239 0.00868605 
0.0642613 0.0653016 0.105764 2.55947e-05 0.0332005 0.0255975 0.0180924 0.00934861 0.00481782 0.122965 0.0411263 0.189999 0.00481993 0.0345952 0.00179368 0.238622 0.000150242 0.0395199 
0.128189 0.0272263 0.0396999 0.000154423 0.020208 0.208227 0.0522734 0.0401336 0.00363363 0.0920316 0.0619135 0.0476875 0.0111273 0.0138461 0.00126102 0.244019 0.001249 0.0071193 
0.0346202 0.0943113 0.113157 0.000404866 0.0852208 0.110567 0.0149723 0.0316731 0.00421207 0.115287 0.0637653 0.11947 0.0149709 0.0494302 0.00275325 0.124689 0.00192465 0.0185709 
0.138881 0.0515514 0.00197587 0.0237225 0.11843 0.0441752 0.0107457 0.0141553 0.122666 0.0680841 0.0296255 0.0259105 0.0027762 0.00105159 0.0178225 0.32637 0.00130671 0.000750138 
0.159227 0.0216802 0.0316305 1.65272e-05 0.0228931 0.0443863 0.044642 0.026981 0.00536956 0.081317 0.0597342 0.0487622 0.010106 0.0230427 0.00100965 0.409396 0.00107409 0.0087315 
0.0176342 0.154732 0.0213696 0.000299813 0.0465678 0.0219975 0.0173193 0.00625776 0.00498018 0.273296 0.0141923 0.0794983 0.012336 0.00662845 0.00100159 0.315906 0.000161519 0.00582089 
0.137679 0.0210284 0.0118895 0.021803 0.175453 0.013654 0.0411132 0.0197392 0.00136522 0.0775708 0.0130347 0.0150774 0.00213572 0.00296823 0.0101902 0.425269 0.00695585 0.00307388 
0.00532895 0.0260494 0.0183666 0.00219484 0.0695479 0.0121363 0.0537824 0.00402041 0.000210568 0.0434259 0.00304884 0.011679 0.000400774 0.000728132 0.00194296 0.736164 0.000489304 0.010484 
0.0753422 0.0998585 0.128657 0.000105557 0.0793211 0.126722 0.0299135 0.0147804 0.0154051 0.134888 0.0360193 0.0320566 0.0100421 0.0544427 0.0029265 0.139682 0.00823587 0.0116029 
0.0929772 0.0476648 0.211022 0.000987328 0.0434774 0.07226 0.0331536 0.0270653 0.013382 0.0619024 0.0202841 0.0726508 0.00212519 0.013559 0.00787759 0.269201 0.0040003 0.00640956 
0.153192 0.0890506 0.0375337 0.000163671 0.046211 0.0748655 0.0109827 0.00941837 0.0144704 0.123512 0.00532684 0.02804 0.00127749 0.0318323 0.0159186 0.32636 0.000497335 0.0313477 
0.0120907 0.0156911 0.0369065 0.000237827 0.0999854 0.0198601 0.0659951 0.00740984 2.36716e-05 0.063632 0.00356529 0.0202829 0.000752419 0.000347334 0.003591 0.639194 0.000507586 0.00992726 
0.164691 0.0203989 0.0695014 0.000596946 0.0297277 0.0261746 0.0229727 0.0163314 0.0167119 0.161108 0.0554413 0.155558 0.00452688 0.00155057 0.0109405 0.232582 0.00029289 0.0108934 
0.238025 0.0420489 0.085127 0.000149513 0.0170736 0.0144612 0.0208981 0.00778072 0.0103587 0.0700111 0.0164946 0.0141995 0.00241038 0.0123187 0.00689915 0.367557 0.0138093 0.0603768 
0.117794 0.0287332 0.0837773 4.47889e-05 0.0324626 0.0641083 0.0112346 0.103479 0.00538089 0.0788266 0.0307064 0.0200886 0.00298765 0.171366 0.00178613 0.171479 0.068316 0.00742826 
0.28612 0.0404347 0.0242119 0.000565795 0.0201842 0.0235647 0.0408149 0.00533093 0.00526244 0.116931 0.00959813 0.0444144 0.00226192 0.0512775 0.00384577 0.31545 0.000300921 0.00943064 
0.0404433 0.0848388 0.110713 0.00120279 0.0525266 0.116914 0.0102182 0.00554703 0.00384237 0.11331 0.00517227 0.0255435 0.00238694 0.0166017 0.00436822 0.397332 0.00253132 0.00650848 
0.0821116 0.0301426 0.0101988 0.000196322 0.113179 0.0153037 0.0529595 0.0131477 0.00626015 0.165424 0.158562 0.0344753 0.00893122 0.000274457 0.0116156 0.274006 0.00155087 0.0216614 
0.10037 0.0340804 0.0101393 8.23175e-05 0.0409799 0.0147745 0.0520699 0.0127148 2.53364e-05 0.195867 0.0193773 0.0514516 0.00587813 0.00059344 0.000208359 0.459103 0.00056387 0.00172032 
