0.0292062 0.0522894 0.591383 6.80475e-05 0.0300805 0.0497257 0.019237 0.00601242 0.00352134 0.0565505 0.00682587 0.0191617 0.0120288 0.0203309 0.00128052 0.0912191 0.00413835 0.00694076 
0.0123274 0.0554229 0.583882 0.000161586 0.034122 0.0930423 0.0162598 0.0111816 0.00141167 0.0767946 0.0103896 0.0274918 0.00290221 0.00451363 0.00256927 0.0591469 0.00253707 0.00584323 
0.0284794 0.120434 0.427891 0.000941785 0.0293528 0.122482 0.017106 0.0117122 0.000453114 0.0598231 0.0287768 0.122223 0.00279318 0.0002951 0.00251596 0.0194783 0.000373581 0.00486769 
0.0398643 0.0435474 0.382312 2.60228e-06 0.128685 0.116904 0.0249936 0.0235067 0.00458528 0.058559 0.0251226 0.0331403 0.0017072 0.00681485 0.00231511 0.0994321 0.00308424 0.00542372 
0.0298725 0.148464 0.391704 0.000287305 0.0326599 0.141374 0.011543 0.00873133 0.000133987 0.0529886 0.0123569 0.142077 0.00343293 1.85975e-05 0.00337308 0.0179993 0.000187149 0.00279689 
0.0312378 0.0560173 0.39272 9.61424e-05 0.0554698 0.0431017 0.0846943 0.0176551 0.00429921 0.0827081 0.0288987 0.0238589 0.0422043 0.00652824 0.0026841 0.0731536 0.00182855 0.0528443 
0.0288317 0.285598 0.298322 0.00024121 0.0734941 0.104523 0.0148803 0.0125972 0.00243334 0.0587084 0.0160796 0.0205279 0.00318041 0.00748961 0.00389994 0.0588689 0.00305043 0.00727399 
0.0135772 0.0340087 0.690642 7.5706e-05 0.0259607 0.0561448 0.0151294 0.00642095 0.00114088 0.0246893 0.0201789 0.0179208 0.00213731 0.0127414 0.00142064 0.0692802 0.00176711 0.00676347 
0.127754 0.0292494 0.289253 0.000331093 0.0259094 0.0895803 0.0883096 0.0168575 0.000174103 0.103191 0.0106484 0.167571 0.00321529 3.75055e-05 0.000517714 0.0462273 0.000286033 0.000886846 
0.262027 0.0454349 0.419985 0.000263744 0.0295889 0.0277662 0.0337029 0.0133787 0.00297121 0.02639 0.0276755 0.0203198 0.00534453 0.0210328 0.0104037 0.0455682 0.00030879 0.0078379 
0.0373847 0.137166 0.209583 0.000327738 0.102581 0.124467 0.061908 0.0197943 0.00138316 0.0914859 0.013698 0.0407254 0.0136142 0.000806385 0.0861719 0.0524531 0.000743526 0.0057066 
0.0301024 0.0502012 0.5069 7.74123e-05 0.0428356 0.0472911 0.041491 0.0107073 0.00443807 0.0699761 0.0175097 0.0216908 0.0257965 0.0142424 0.00188053 0.0870925 0.00315626 0.0246106 
0.0676752 0.173151 0.322458 0.00362002 0.042793 0.119738 0.0108828 0.0117388 5.56317e-05 0.0531541 0.0207862 0.138799 0.000218599 0.000465642 0.00170634 0.0292502 0.00112789 0.00237876 
0.00654212 0.036232 0.570138 2.13234e-05 0.0442409 0.134983 0.0134967 0.00684898 0.0020401 0.0449631 0.026652 0.012209 0.000876767 0.0111071 0.00184442 0.0752638 0.00248572 0.0100554 
0.0555802 0.109761 0.238537 0.00190392 0.0737512 0.107225 0.0319509 0.0143418 0.00140206 0.0800108 0.0150252 0.0402175 0.00590355 0.0217765 0.00344512 0.194472 0.00104133 0.00365539 
0.0286897 0.0325124 0.349151 8.08822e-05 0.0393884 0.26448 0.019787 0.0174442 0.00043855 0.073071 0.0118349 0.0737942 0.0577054 0.0147027 0.000540271 0.0135799 0.000471709 0.00232789 
0.0147853 0.0663463 0.344795 3.82046e-05 0.110295 0.109037 0.0127078 0.00790484 0.00268439 0.059072 0.0153539 0.0288322 0.00706521 0.0235319 0.00209236 0.190407 0.000161801 0.00488927 
0.0434344 0.0302425 0.383627 0.000117539 0.0326833 0.0902019 0.0130443 0.0125976 0.00175339 0.0581562 0.0134967 0.100611 0.0148598 0.00358886 0.00282714 0.0409531 0.0014992 0.156306 
0.0217477 0.0229321 0.465586 0.000200633 0.0484809 0.0344466 0.00479686 0.00354281 0.00895974 0.136875 0.00555581 0.0256188 0.00319458 0.00618661 0.00113785 0.20303 0.00141201 0.00629615 
0.0872935 0.0808213 0.317794 0.000503637 0.097941 0.0716072 0.030945 0.0546787 0.00163033 0.0533476 0.0217785 0.0395869 0.00616655 0.0146975 0.0506124 0.0620835 0.00093226 0.00758034 
0.0741252 0.121775 0.251362 0.000145085 0.0316752 0.191571 0.00561212 0.00509567 0.000207627 0.0566054 0.00421076 0.232502 0.00481848 1.75666e-05 0.00178757 0.017677 0.000100831 0.000711632 
0.225048 0.0181765 0.286075 6.1055e-05 0.113961 0.0304719 0.0742478 0.0256206 4.56073e-07 0.0506512 0.017119 0.0792588 0.00380774 0.00223113 0.000792524 0.0721076 9.56685e-05 0.000274601 
0.165816 0.0320555 0.197122 0.0627915 0.0801143 0.0866996 0.0143026 0.0237484 7.87013e-05 0.0622516 0.00492065 0.105733 0.00315058 0.0456984 0.0144689 0.0898184 0.000462 0.010768 
0.126661 0.0231493 0.258451 0.000497508 0.0677991 0.0393764 0.038048 0.0405405 0.00611795 0.0429245 0.0131218 0.0104226 0.0021902 0.0796495 0.00119464 0.236587 0.00511308 0.00815646 
0.0608779 0.0627831 0.278393 7.00703e-05 0.0814464 0.0628705 0.016032 0.0131699 0.000691139 0.0912014 0.0143042 0.0754894 0.00245783 0.00163986 0.00397402 0.0468106 0.00143383 0.186355 
0.0378513 0.0310402 0.630617 4.25314e-05 0.010632 0.0281181 0.0534418 0.0448993 0.0116075 0.054243 0.00461874 0.0309245 0.00835806 0.00485155 0.0142539 0.021228 0.000726053 0.0125467 
0.0490176 0.161049 0.414731 0.002098 0.0238802 0.130062 0.00582833 0.00854453 1.33954e-06 0.0389364 0.00750675 0.140277 0.000173822 2.40438e-05 0.000948218 0.0155052 0.000429877 0.000985909 
0.0963038 0.160675 0.200218 0.000196406 0.0660771 0.127282 0.0366443 0.0172161 0.00695763 0.101014 0.0163555 0.111429 0.0179856 0.00140509 0.00393773 0.0303286 0.00399823 0.00197466 
0.0173465 0.0290834 0.626772 7.49935e-05 0.0353225 0.0436805 0.0247559 0.00965634 0.00648013 0.0699807 0.0114637 0.0287183 0.00283531 0.00683945 0.00100681 0.0708469 0.00341124 0.0117252 
0.0178797 0.0210294 0.469889 0.000266796 0.0309982 0.128813 0.0139647 0.0172154 7.66111e-06 0.0556263 0.00980082 0.209083 0.00138078 1.32922e-05 0.00281623 0.0161418 0.000500509 0.00457341 
0.0247817 0.077332 0.569574 1.55804e-05 0.0359847 0.0589408 0.0243178 0.0124469 0.001547 0.0507861 0.0338436 0.0201407 0.00278433 0.00446036 0.00163675 0.0725284 0.000448999 0.00843066 
0.0292062 0.0522894 0.591383 6.80475e-05 0.0300805 0.0497257 0.019237 0.00601242 0.00352134 0.0565505 0.00682587 0.0191617 0.0120288 0.0203309 0.00128052 0.0912191 0.00413835 0.00694076 
0.0299258 0.116322 0.299913 0.000260193 0.0427922 0.111666 0.0440463 0.0294023 0.000228869 0.0476749 0.0126011 0.231233 0.00310738 0.000706499 0.00460169 0.0189241 0.00451105 0.0020831 
0.0335001 0.0400961 0.169614 0.000425437 0.0978445 0.147206 0.026873 0.0209046 0.014226 0.103492 0.0893492 0.116936 0.0103172 0.014929 0.00540783 0.0558697 0.00383742 0.0491714 
0.113725 0.0401578 0.253183 0.000243882 0.0431192 0.0443681 0.0259575 0.00611584 0.0032422 0.13479 0.00962384 0.0308225 0.00433237 0.0445058 0.00119454 0.23501 0.00184885 0.0077592 
0.0652644 0.0482511 0.432443 0.000163487 0.0597416 0.0839671 0.0189353 0.0137273 0.00188296 0.0592854 0.0205965 0.0423948 0.0564877 0.0544584 0.00137628 0.0330145 0.000525143 0.00748503 
0.0628402 0.0514681 0.254693 0.000987157 0.0387802 0.151532 0.0120798 0.00898926 0.00322642 0.0671222 0.0133902 0.198101 0.00162559 0.00181422 0.0252852 0.0316299 0.00302844 0.0734061 
0.00935942 0.0314735 0.68481 1.68166e-05 0.0370795 0.0820388 0.00294646 0.00220578 0.00282821 0.0250659 0.0116844 0.00692771 0.000920016 0.0147995 0.000975963 0.0700879 1.16512e-05 0.0167685 
0.0204647 0.0392512 0.450054 6.8763e-05 0.0287936 0.0463499 0.0148242 0.00596916 0.00262341 0.0374785 0.0102236 0.0180786 0.00632036 0.229618 0.00113814 0.0798408 0.00222201 0.00668035 
0.0312378 0.0560173 0.39272 9.61424e-05 0.0554698 0.0431017 0.0846943 0.0176551 0.00429921 0.0827081 0.0288987 0.0238589 0.0422043 0.00652824 0.0026841 0.0731536 0.00182855 0.0528443 
0.0292062 0.0522894 0.591383 6.80475e-05 0.0300805 0.0497257 0.019237 0.00601242 0.00352134 0.0565505 0.00682587 0.0191617 0.0120288 0.0203309 0.00128052 0.0912191 0.00413835 0.00694076 
0.0438019 0.0872396 0.36627 0.000807212 0.0530348 0.19255 0.0170158 0.0229105 0.00148778 0.0851081 0.0049611 0.0290962 0.00173318 0.00841655 0.00311113 0.0708979 0.000325863 0.0112324 
0.0582161 0.0439152 0.29976 0.00045011 0.0371413 0.0492565 0.150118 0.0735878 0.00536565 0.116852 0.0275689 0.047601 0.0224 0.0183257 0.00626956 0.0338027 0.00264134 0.00672788 
0.0100255 0.0394336 0.492992 5.0994e-06 0.0768493 0.0792321 0.00762702 0.0147214 0.000936236 0.0396439 0.00320379 0.0102873 0.00394423 0.0135653 0.00469321 0.188305 0.00908944 0.00544517 
0.0119556 0.0258892 0.743864 0.000160301 0.0179719 0.0536636 0.0101423 0.00337445 0.0017433 0.0413361 0.0110657 0.0133337 0.00162052 0.0113417 0.000679713 0.0408475 0.00212914 0.00888151 
0.0392834 0.116698 0.238644 0.00025913 0.0206017 0.173878 0.0125112 0.00972562 0.000966215 0.0604499 0.0297538 0.237594 0.0127375 0.00530205 0.000682276 0.0372815 0.00256461 0.00106634 
0.166983 0.0747804 0.271713 2.07277e-06 0.0428986 0.0510861 0.0389582 0.0272696 0.15404 0.0617616 0.0105699 0.0231515 0.00298606 0.00687058 0.000783375 0.0504729 0.000119547 0.0155538 
0.249624 0.0253212 0.269924 0.000110474 0.092429 0.0209961 0.0211587 0.0121294 0.00492506 0.11556 0.0141389 0.0244363 0.0132483 0.0212684 0.0016068 0.0940626 0.00740386 0.0116567 
0.0379824 0.134102 0.225786 0.000117654 0.0751169 0.115397 0.0116824 0.0216347 0.00940464 0.204433 0.014582 0.0783536 0.00195655 0.00267112 0.00295084 0.0580638 0.000432987 0.00533217 
0.0204841 0.0755985 0.386123 5.18156e-05 0.0782671 0.160035 0.0207183 0.0130362 0.00362724 0.0483766 0.0080763 0.0283648 0.00364435 0.016214 0.000941757 0.127747 0.00451429 0.00417895 
0.105275 0.17618 0.286619 6.17335e-05 0.0220036 0.137847 0.0409049 0.014277 0.000129008 0.0958892 0.00623434 0.0820877 0.00368544 0.000842772 0.00123578 0.0210142 0.000556335 0.00515843 
0.0392834 0.116698 0.238644 0.00025913 0.0206017 0.173878 0.0125112 0.00972562 0.000966215 0.0604499 0.0297538 0.237594 0.0127375 0.00530205 0.000682276 0.0372815 0.00256461 0.00106634 
0.0247817 0.077332 0.569574 1.55804e-05 0.0359847 0.0589408 0.0243178 0.0124469 0.001547 0.0507861 0.0338436 0.0201407 0.00278433 0.00446036 0.00163675 0.0725284 0.000448999 0.00843066 
0.00939655 0.0221038 0.802668 1.26348e-05 0.0133854 0.0480128 0.00496377 0.00180528 0.00064952 0.0302461 0.00481535 0.00990715 0.00159957 0.00628145 0.000335061 0.0367605 0.000467314 0.00658992 
0.0523173 0.0524659 0.41978 0.000309537 0.0414529 0.143602 0.0170441 0.015922 6.26651e-05 0.0479782 0.0114689 0.145456 0.00172162 2.42819e-05 0.00334834 0.0399584 0.0010608 0.00602692 
0.096596 0.0354864 0.194883 5.3008e-05 0.0262139 0.0912911 0.05822 0.115216 0.00412607 0.059297 0.0367284 0.0712387 0.00640437 0.0102494 0.000569744 0.182043 0.00113659 0.0102477 
0.0438019 0.0872396 0.36627 0.000807212 0.0530348 0.19255 0.0170158 0.0229105 0.00148778 0.0851081 0.0049611 0.0290962 0.00173318 0.00841655 0.00311113 0.0708979 0.000325863 0.0112324 
0.0426425 0.0642488 0.314524 0.000481571 0.0704074 0.069827 0.0736033 0.0203602 0.00596624 0.06611 0.0640077 0.0280575 0.00961273 0.0176097 0.0105848 0.120169 0.00156154 0.0202258 
0.0709504 0.0287402 0.293557 0.000285886 0.0227812 0.104903 0.0324655 0.0155254 0.00335821 0.149618 0.0356683 0.199257 0.0122452 0.000794773 0.000804123 0.0270142 0.000740442 0.00129172 
0.032244 0.0960808 0.338634 0.000215489 0.0345576 0.0799284 0.0271008 0.0149397 0.000101677 0.124313 0.0149655 0.166861 0.018347 0.00012195 0.00202714 0.0468428 0.000176154 0.00254304 
0.0552112 0.07217 0.214757 0.000490534 0.0643338 0.0558111 0.0560942 0.019393 0.00327834 0.110893 0.0470956 0.0308699 0.00522263 0.00794439 0.00426563 0.0935045 0.00109923 0.157565 
0.0454791 0.0788806 0.268919 0.00017088 0.121881 0.123687 0.027517 0.0307068 0.0099463 0.110901 0.0176742 0.0782355 0.00459308 0.00217665 0.00594345 0.0432759 0.0209092 0.00910292 
0.0230819 0.0518653 0.619312 7.84265e-05 0.0248694 0.0807141 0.0117299 0.00639393 0.0020465 0.0423655 0.00721104 0.0654038 0.00397374 0.011588 0.00106122 0.0424859 0.000419413 0.00540003 
0.123718 0.108405 0.131393 4.47981e-06 0.0920103 0.0726732 0.0649476 0.0932505 0.00860954 0.105045 0.00773063 0.0205298 0.0157295 0.00594044 0.0611697 0.0826023 0.00069891 0.00554184 
0.00376041 0.0291442 0.620187 3.11708e-07 0.0673955 0.127594 0.00889903 0.00308149 0.00162261 0.0279144 0.00267011 0.00331316 0.00174251 0.011309 0.00184586 0.079035 0.000699897 0.00978533 
0.0135772 0.0340087 0.690642 7.5706e-05 0.0259607 0.0561448 0.0151294 0.00642095 0.00114088 0.0246893 0.0201789 0.0179208 0.00213731 0.0127414 0.00142064 0.0692802 0.00176711 0.00676347 
0.198957 0.092097 0.26619 1.81723e-06 0.0397362 0.0439666 0.0409628 0.0238734 0.130362 0.0667002 0.0125827 0.0195905 0.00252744 0.00581498 0.000663343 0.0427094 0.000101377 0.0131627 
0.0347804 0.0633142 0.382952 0.000246614 0.0389586 0.0795089 0.019761 0.0201664 1.26425e-06 0.0524275 0.00978894 0.207236 0.0015882 2.40124e-05 0.00529536 0.0258905 0.00103638 0.0570243 
0.0146806 0.0892005 0.509184 0.00114659 0.0179927 0.117246 0.0173114 0.0104722 0.00114019 0.0693922 0.0301076 0.0981503 0.00232494 0.00154829 0.00290674 0.00981515 0.000701103 0.00667937 
0.0388978 0.079061 0.380696 0.000580878 0.0392958 0.17752 0.0527908 0.0151886 0.000627699 0.0625648 0.0237095 0.109602 0.0020602 0.000340382 0.00434689 0.0103618 0.00104735 0.00130895 
0.0173465 0.0290834 0.626772 7.49935e-05 0.0353225 0.0436805 0.0247559 0.00965634 0.00648013 0.0699807 0.0114637 0.0287183 0.00283531 0.00683945 0.00100681 0.0708469 0.00341124 0.0117252 
0.268868 0.0310129 0.393505 7.52954e-05 0.0290166 0.0278684 0.0776162 0.0113632 0.00220791 0.0170561 0.0193307 0.0379978 0.021467 0.0149971 0.00495692 0.0336298 9.76327e-05 0.00893247 
0.0119556 0.0258892 0.743864 0.000160301 0.0179719 0.0536636 0.0101423 0.00337445 0.0017433 0.0413361 0.0110657 0.0133337 0.00162052 0.0113417 0.000679713 0.0408475 0.00212914 0.00888151 
0.0173465 0.0290834 0.626772 7.49935e-05 0.0353225 0.0436805 0.0247559 0.00965634 0.00648013 0.0699807 0.0114637 0.0287183 0.00283531 0.00683945 0.00100681 0.0708469 0.00341124 0.0117252 
0.0383556 0.0270582 0.377614 0.000101836 0.0228572 0.0410312 0.0481735 0.00949199 0.000856156 0.032981 0.0200616 0.0197558 0.00152605 0.00891127 0.00234087 0.343185 0.000982866 0.0047161 
0.056207 0.0319095 0.361659 0.0487139 0.0411371 0.0771746 0.0258095 0.0235272 0.0421487 0.0620506 0.0197825 0.0244519 0.00222558 0.00778379 0.0131095 0.154253 0.00365216 0.00440398 
0.0427289 0.1204 0.331378 0.000395713 0.0454032 0.0903682 0.0314897 0.0170249 0.00134522 0.0457269 0.0247932 0.209383 0.00416173 0.00180345 0.00521417 0.0227732 0.00298302 0.00262635 
0.0192585 0.0461273 0.408639 0.000412706 0.0290943 0.147443 0.0190761 0.06613 0.00168645 0.110003 0.0307608 0.0716823 0.0242026 0.00378322 0.00251516 0.013255 0.000918641 0.00501195 
0.0437349 0.0317024 0.389996 4.25994e-05 0.15578 0.0639552 0.0401957 0.0270474 0.00602722 0.0865001 0.00526788 0.0192706 0.00900947 0.0110256 0.00104633 0.0988184 0.00426044 0.00631981 
0.0287557 0.0870619 0.500699 5.62928e-05 0.043659 0.0597822 0.0292349 0.0156935 0.00233434 0.0600995 0.0452557 0.0220172 0.00272751 0.00659994 0.00215124 0.0833741 0.000585383 0.00991222 
0.034 0.063458 0.326272 0.000276808 0.053684 0.159032 0.0325812 0.0290881 0.00239859 0.0957399 0.00932532 0.123483 0.00509276 0.0198814 0.00282237 0.040151 0.000711296 0.00200263 
0.336234 0.0266475 0.358944 4.34768e-06 0.01691 0.0266923 0.061875 0.0116557 0.002135 0.0338535 0.0258585 0.0142573 0.00652761 0.0135621 0.00600094 0.051147 0.000342463 0.00735254 
0.0709504 0.0287402 0.293557 0.000285886 0.0227812 0.104903 0.0324655 0.0155254 0.00335821 0.149618 0.0356683 0.199257 0.0122452 0.000794773 0.000804123 0.0270142 0.000740442 0.00129172 
0.0207519 0.167622 0.442779 2.22878e-06 0.0410003 0.0925557 0.00484452 0.00532518 0.00236315 0.0254481 0.0140516 0.0158737 0.00448835 0.0322533 0.0123352 0.106034 0.000189905 0.0120813 
0.0524651 0.0715227 0.281561 0.000305389 0.0580376 0.0434985 0.0247349 0.0105966 0.013802 0.239921 0.0117309 0.051548 0.00335671 0.010517 0.0017302 0.111859 0.00205412 0.0107596 
0.0218773 0.0480787 0.450488 0.00020887 0.0255203 0.151168 0.0125448 0.0167194 0.00110513 0.122253 0.0180426 0.0812639 0.027898 0.00201893 0.00239257 0.0142037 0.00063848 0.00357802 
0.0360714 0.0319487 0.540688 9.27975e-06 0.0273194 0.0667466 0.0134144 0.00465118 0.00198901 0.0335552 0.00834913 0.0140613 0.00585176 0.0217491 0.000874886 0.180213 0.00387864 0.00862923 
0.0162516 0.0675654 0.521665 3.45427e-06 0.0236519 0.0373411 0.0236359 0.0112217 0.00135838 0.0658265 0.0062101 0.0328347 0.00179713 0.00913346 0.00265015 0.167581 0.000912939 0.01036 
0.0373847 0.137166 0.209583 0.000327738 0.102581 0.124467 0.061908 0.0197943 0.00138316 0.0914859 0.013698 0.0407254 0.0136142 0.000806385 0.0861719 0.0524531 0.000743526 0.0057066 
0.0326523 0.0535045 0.400694 4.87099e-05 0.0932996 0.0960053 0.0423302 0.0198826 0.00399612 0.0760871 0.0106777 0.0257956 0.0102623 0.0161379 0.00139172 0.105921 0.00365699 0.00765699 
0.0626425 0.0334258 0.50798 9.96661e-05 0.0307735 0.10279 0.0174781 0.0152238 0.00447571 0.0540131 0.00917879 0.0715001 0.00294598 0.00428822 0.00130006 0.0515078 0.00156573 0.0288113 
0.0930254 0.0708888 0.164357 0.000810118 0.0438552 0.111126 0.139894 0.100264 0.000134441 0.0310165 0.0836261 0.130697 0.00292359 1.49815e-05 0.000768937 0.0221282 0.000951239 0.00351725 
0.043791 0.0853077 0.257027 5.70995e-05 0.0524496 0.109127 0.0401825 0.0279331 0.00468338 0.109529 0.0360419 0.0468388 0.0390333 0.0177654 0.00266256 0.118081 0.00109939 0.0083901 
0.0754704 0.0549087 0.384377 0.000427163 0.067199 0.0170822 0.037527 0.0208586 0.00634818 0.147862 0.00804889 0.0282909 0.00599958 0.0126393 0.00292178 0.117296 0.00314166 0.00960077 
0.0760433 0.0861481 0.190959 2.12527e-05 0.166683 0.102836 0.0321355 0.0409416 0.00352607 0.0883509 0.0223308 0.0316109 0.00292105 0.00734729 0.0223687 0.100167 0.0198196 0.00579044 
0.0119556 0.0258892 0.743864 0.000160301 0.0179719 0.0536636 0.0101423 0.00337445 0.0017433 0.0413361 0.0110657 0.0133337 0.00162052 0.0113417 0.000679713 0.0408475 0.00212914 0.00888151 
0.126508 0.032836 0.420798 0.000593451 0.0394004 0.0398813 0.0281747 0.0120727 0.00945635 0.0954648 0.00988694 0.0259109 0.00393267 0.0189218 0.00431456 0.101677 0.00756452 0.0226054 
0.0385933 0.141498 0.219603 0.000999348 0.0416804 0.12981 0.00690411 0.00681768 0.000212096 0.0690799 0.0096356 0.213506 0.000767528 0.00112091 0.0122215 0.105293 0.000170019 0.00208716 
0.00376041 0.0291442 0.620187 3.11708e-07 0.0673955 0.127594 0.00889903 0.00308149 0.00162261 0.0279144 0.00267011 0.00331316 0.00174251 0.011309 0.00184586 0.079035 0.000699897 0.00978533 
0.0344428 0.0303205 0.367952 0.000104949 0.0152277 0.0851409 0.0637999 0.0669439 0.00838127 0.0526679 0.192815 0.030879 0.00715656 0.00414424 0.0146985 0.0163702 0.000965958 0.0079879 
0.0288229 0.0514718 0.406435 0.000592749 0.0274182 0.0835419 0.00486059 0.00967085 4.1553e-08 0.0534199 0.0018662 0.317642 0.000702055 3.79003e-06 0.00527475 0.00504334 0.000132223 0.00310204 
0.0439435 0.0582189 0.255623 0.0020095 0.0674739 0.0956716 0.055357 0.0211398 0.00153198 0.155609 0.0464263 0.0555012 0.0436754 0.00297919 0.00953853 0.0644352 0.00731675 0.013549 
0.0815924 0.0474019 0.257573 0.000328317 0.0431669 0.0769345 0.0333951 0.0344687 0.0153728 0.172279 0.0466641 0.0367337 0.014581 0.0329781 0.00338112 0.0914528 0.0010229 0.0106735 
0.0172988 0.0351066 0.579803 6.55735e-05 0.0392594 0.0650992 0.020355 0.0284198 0.00579809 0.0674046 0.0101256 0.0356023 0.00243531 0.00616237 0.00114336 0.0726771 0.00320776 0.0100365 
0.0328127 0.0204006 0.282824 1.19338e-05 0.115966 0.256112 0.0124424 0.0834112 0.00103971 0.0718867 0.00305652 0.0139338 0.00182933 0.00694183 0.00140362 0.0620263 0.0131798 0.0207216 
0.0135772 0.0340087 0.690642 7.5706e-05 0.0259607 0.0561448 0.0151294 0.00642095 0.00114088 0.0246893 0.0201789 0.0179208 0.00213731 0.0127414 0.00142064 0.0692802 0.00176711 0.00676347 
0.0723208 0.0806806 0.275367 5.51294e-05 0.0781208 0.112954 0.043931 0.0240518 0.00111519 0.0710452 0.0400044 0.0186676 0.00603718 0.0125703 0.00168408 0.122094 0.00413714 0.0351635 
0.0270191 0.113815 0.434207 0.000769447 0.0289155 0.136846 0.0166953 0.0110541 0.000515197 0.0460272 0.033362 0.122694 0.00267051 0.000294175 0.00293426 0.0159939 0.000446198 0.0057411 
0.0987374 0.0395965 0.210631 6.41667e-05 0.155785 0.0581655 0.0312504 0.0241998 0.00185208 0.155738 0.00916727 0.00832152 0.00314039 0.00251756 0.00209998 0.190452 0.000565687 0.00771451 
0.0218773 0.0480787 0.450488 0.00020887 0.0255203 0.151168 0.0125448 0.0167194 0.00110513 0.122253 0.0180426 0.0812639 0.027898 0.00201893 0.00239257 0.0142037 0.00063848 0.00357802 
0.0706214 0.0298241 0.303233 0.00010156 0.0293745 0.0127063 0.0248569 0.0101686 0.0183787 0.282589 0.014335 0.0287101 0.00270829 0.0317236 0.00178036 0.126373 0.000515186 0.0120003 
0.00918854 0.0222868 0.740331 6.79057e-06 0.0215549 0.0231287 0.00702497 0.00298931 0.00135406 0.0110568 0.00695689 0.00431737 0.00104241 0.00927007 0.00170343 0.111727 0.00088185 0.0251786 
0.0178797 0.0210294 0.469889 0.000266796 0.0309982 0.128813 0.0139647 0.0172154 7.66111e-06 0.0556263 0.00980082 0.209083 0.00138078 1.32922e-05 0.00281623 0.0161418 0.000500509 0.00457341 
0.0143919 0.0166291 0.761448 9.22418e-07 0.0268711 0.0324205 0.0048174 0.00264727 0.000978312 0.0299014 0.00680824 0.013452 0.00216792 0.0187669 0.000817838 0.0610595 0.000196161 0.00662526 
0.0606126 0.0338221 0.178993 0.00011313 0.107162 0.0991343 0.0870383 0.0447539 0.00343665 0.05893 0.030451 0.161872 0.00539875 0.0137482 0.00900152 0.0358693 0.0045948 0.0650697 
0.0290521 0.0318532 0.481615 6.69891e-05 0.0232704 0.0347268 0.0501992 0.0295675 0.0104219 0.0691121 0.00625067 0.0339233 0.00638718 0.066931 0.0152754 0.0932687 0.0057801 0.0122982 
0.0378513 0.0310402 0.630617 4.25314e-05 0.010632 0.0281181 0.0534418 0.0448993 0.0116075 0.054243 0.00461874 0.0309245 0.00835806 0.00485155 0.0142539 0.021228 0.000726053 0.0125467 
0.0522479 0.0387609 0.368954 0.000111144 0.0346475 0.0326419 0.0186885 0.00689158 0.00263084 0.0544288 0.00983505 0.0191437 0.00445525 0.237885 0.00114892 0.108507 0.00187014 0.00715196 
0.00918854 0.0222868 0.740331 6.79057e-06 0.0215549 0.0231287 0.00702497 0.00298931 0.00135406 0.0110568 0.00695689 0.00431737 0.00104241 0.00927007 0.00170343 0.111727 0.00088185 0.0251786 
0.0173465 0.0290834 0.626772 7.49935e-05 0.0353225 0.0436805 0.0247559 0.00965634 0.00648013 0.0699807 0.0114637 0.0287183 0.00283531 0.00683945 0.00100681 0.0708469 0.00341124 0.0117252 
0.0372427 0.0114096 0.449598 1.803e-06 0.154224 0.0450137 0.0486988 0.0381037 0.00111875 0.0802884 0.0150406 0.0330456 0.00900259 0.00411276 0.000981149 0.0547086 0.00970454 0.00770481 
0.0173465 0.0290834 0.626772 7.49935e-05 0.0353225 0.0436805 0.0247559 0.00965634 0.00648013 0.0699807 0.0114637 0.0287183 0.00283531 0.00683945 0.00100681 0.0708469 0.00341124 0.0117252 
0.145938 0.100032 0.271368 0.00143001 0.0127614 0.11944 0.027373 0.0129387 0.000859172 0.195466 0.0133341 0.0704793 0.00237732 0.000241425 0.00170255 0.017715 0.000582254 0.00596283 
0.00804025 0.0312561 0.464021 7.77365e-05 0.0254503 0.00902706 0.0182502 0.0033886 0.0278338 0.0365326 0.0128268 0.00577532 0.0022133 0.0987947 0.00263098 0.212257 0.0109564 0.030668 
0.145938 0.100032 0.271368 0.00143001 0.0127614 0.11944 0.027373 0.0129387 0.000859172 0.195466 0.0133341 0.0704793 0.00237732 0.000241425 0.00170255 0.017715 0.000582254 0.00596283 
0.0421479 0.103989 0.513588 2.0851e-05 0.0430623 0.0712181 0.0232169 0.008887 0.000692915 0.0438781 0.00329456 0.0531618 0.0021131 0.0112139 0.00180162 0.0646818 0.000326676 0.0127056 
0.0119556 0.0258892 0.743864 0.000160301 0.0179719 0.0536636 0.0101423 0.00337445 0.0017433 0.0413361 0.0110657 0.0133337 0.00162052 0.0113417 0.000679713 0.0408475 0.00212914 0.00888151 
0.121364 0.025044 0.270943 0.00134946 0.0289731 0.0600865 0.0271633 0.0101445 0.00156783 0.108704 0.0153175 0.0195653 0.00399608 0.241971 0.00122822 0.0498403 0.0021716 0.0105693 
0.0212795 0.0477672 0.457716 4.49164e-06 0.0449516 0.156855 0.00157888 0.0224351 0.00170551 0.0224671 0.00141331 0.0138186 0.000924794 0.0101933 0.00819353 0.167396 0.00508347 0.0162172 
0.0208425 0.0687436 0.354702 5.88676e-05 0.130587 0.155188 0.00829273 0.00811355 0.00406126 0.0225768 0.0127002 0.0267917 0.00527716 0.0319532 0.00829015 0.127382 0.00127054 0.0131693 
0.0385327 0.180758 0.277195 0.000153672 0.0355097 0.118134 0.0570504 0.0264629 0.000863381 0.083903 0.0152557 0.119956 0.0127111 0.000565464 0.0021253 0.0265916 0.000264392 0.00396679 
0.0287557 0.0870619 0.500699 5.62928e-05 0.043659 0.0597822 0.0292349 0.0156935 0.00233434 0.0600995 0.0452557 0.0220172 0.00272751 0.00659994 0.00215124 0.0833741 0.000585383 0.00991222 
0.0610753 0.0669043 0.23342 2.42138e-05 0.0826232 0.110438 0.0244927 0.00837778 0.00785929 0.135978 0.00681743 0.0248798 0.00899449 0.0871873 0.00111983 0.130782 0.00157065 0.00745585 
0.0445593 0.0438601 0.438635 0.000110829 0.0475769 0.0550837 0.0213177 0.00778391 0.00411667 0.0945612 0.00880918 0.0274064 0.0154209 0.030691 0.00129474 0.14899 0.00309038 0.00669272 
0.0207579 0.0742136 0.443578 0.000181086 0.0499669 0.0630356 0.0313938 0.0101443 0.00486264 0.0676446 0.0181271 0.0444543 0.00874266 0.0128788 0.0019589 0.134365 0.00204424 0.0116498 
0.0634077 0.0209899 0.516435 0.00191669 0.0305914 0.023581 0.0253547 0.00476876 0.00218116 0.057595 0.0215528 0.0493631 0.0315664 0.0190532 0.00184628 0.115807 0.00769203 0.00629747 
0.017845 0.169336 0.425478 4.62399e-05 0.0399752 0.0949743 0.00868441 0.00671054 0.00405105 0.0282242 0.0242443 0.0163772 0.00401015 0.0340714 0.0134721 0.100217 0.000477071 0.0118052 
0.0135772 0.0340087 0.690642 7.5706e-05 0.0259607 0.0561448 0.0151294 0.00642095 0.00114088 0.0246893 0.0201789 0.0179208 0.00213731 0.0127414 0.00142064 0.0692802 0.00176711 0.00676347 
0.0754704 0.0549087 0.384377 0.000427163 0.067199 0.0170822 0.037527 0.0208586 0.00634818 0.147862 0.00804889 0.0282909 0.00599958 0.0126393 0.00292178 0.117296 0.00314166 0.00960077 
0.0119556 0.0258892 0.743864 0.000160301 0.0179719 0.0536636 0.0101423 0.00337445 0.0017433 0.0413361 0.0110657 0.0133337 0.00162052 0.0113417 0.000679713 0.0408475 0.00212914 0.00888151 
0.127215 0.0326953 0.320939 0.000235843 0.0411875 0.0533299 0.0224895 0.0344792 0.00290891 0.140347 0.0136528 0.0842822 0.00443175 0.00592211 0.00305094 0.100065 0.00275756 0.0100111 
0.0754178 0.0814981 0.403265 0.000156602 0.0397501 0.0742376 0.0261086 0.0115528 0.00202706 0.0682067 0.0110773 0.0250339 0.0485034 0.0198498 0.00158647 0.0997037 0.000707775 0.0113176 
0.0090054 0.0457733 0.530204 1.21069e-06 0.0829705 0.133837 0.0152726 0.009712 0.00492716 0.0267163 0.0258828 0.0126841 0.00274432 0.0142549 0.00392069 0.0441424 0.00782539 0.0301254 
0.0513992 0.0375374 0.342387 8.22065e-05 0.0328562 0.129092 0.0181053 0.0130916 0.00266482 0.083176 0.0189308 0.0637075 0.0257413 0.00344945 0.00238325 0.0433199 0.00161701 0.130459 
0.0246323 0.154909 0.383746 0.000155086 0.0503458 0.0879688 0.00959793 0.0081987 0.00429906 0.0425138 0.0240383 0.0217199 0.00419302 0.0424712 0.0149896 0.109019 0.000703352 0.0164989 
0.0234611 0.0354715 0.356104 0.000632747 0.0381456 0.166974 0.0226804 0.0235429 0.000128832 0.0562175 0.0227788 0.222971 0.00113364 0.000314314 0.00356559 0.0195058 0.00200716 0.00436397 
0.00804025 0.0312561 0.464021 7.77365e-05 0.0254503 0.00902706 0.0182502 0.0033886 0.0278338 0.0365326 0.0128268 0.00577532 0.0022133 0.0987947 0.00263098 0.212257 0.0109564 0.030668 
0.0153373 0.0523425 0.512673 1.97295e-05 0.050628 0.0824086 0.0255368 0.00761337 0.00312355 0.0542824 0.00918421 0.0226214 0.00772557 0.0185976 0.0015323 0.123327 0.0020682 0.0109794 
0.0574991 0.0349221 0.280859 0.000107324 0.0393044 0.0342684 0.0300326 0.0085649 0.00304216 0.0359093 0.0113508 0.0409243 0.00220265 0.0470433 0.19984 0.142175 0.0053726 0.0265816 
0.0546156 0.0705162 0.400015 0.00109648 0.0184182 0.149978 0.0248071 0.0132192 0.00101198 0.0877054 0.0132168 0.142055 0.0032243 0.000306814 0.00136804 0.0156825 0.000521433 0.00224223 
0.0292459 0.0758667 0.345287 0.000186794 0.0378408 0.251116 0.0285498 0.0144584 0.00143702 0.0700904 0.0434023 0.0294021 0.00264942 0.00434939 0.00232551 0.0557458 0.00057173 0.00747578 
0.0599553 0.0651609 0.208891 0.000500312 0.0408724 0.088539 0.0213606 0.0331748 0.00870899 0.146729 0.0210098 0.152363 0.0385689 0.0213922 0.00288405 0.0810146 0.000667819 0.00820757 
0.0762279 0.0569808 0.40497 0.000247547 0.0156717 0.138295 0.0539071 0.0173128 2.15155e-05 0.0788954 0.00323952 0.132973 0.00313202 9.81233e-06 0.000459161 0.0170158 0.000108888 0.000532021 
0.283923 0.0225865 0.446523 5.88348e-05 0.026642 0.0200954 0.0235146 0.0122338 0.00351142 0.027134 0.0303714 0.0151341 0.00615382 0.0238572 0.0078849 0.0417017 0.000155102 0.00851992 
0.0349948 0.0862438 0.224223 0.0004814 0.0917537 0.145812 0.0165248 0.0102886 0.000501389 0.138527 0.00738312 0.117584 0.00243018 0.010295 0.00223059 0.108413 0.000405799 0.00190832 
0.138229 0.0112022 0.465022 1.59664e-05 0.0368005 0.0253775 0.02117 0.00815001 0.00427577 0.131684 0.00515129 0.0313275 0.00104296 0.00280402 0.00230932 0.102761 0.000453431 0.0122229 
0.0582426 0.0986148 0.178926 0.00140764 0.0960953 0.139323 0.0168454 0.0949961 0.000309033 0.088794 0.0080833 0.143018 0.00137529 0.0208829 0.000948985 0.0460474 0.0035991 0.00249165 
0.062514 0.0103695 0.76259 1.30405e-05 0.0114519 0.021301 0.00498142 0.00398834 0.00136607 0.0138715 0.00321648 0.0186121 0.00117585 0.00573354 0.000811788 0.0559777 7.06337e-05 0.0219552 
0.094218 0.0559742 0.182234 1.04881e-05 0.144226 0.0720595 0.0325287 0.0142532 0.00336073 0.0885693 0.0506593 0.0196281 0.00423412 0.0292525 0.00243799 0.117078 0.00479362 0.0844818 
0.081377 0.162541 0.230912 0.000547692 0.0217953 0.12644 0.0310255 0.0133763 0.00149807 0.0664801 0.0380523 0.15308 0.0336921 0.00706478 0.00164979 0.0246695 0.000957988 0.00484016 
0.0718632 0.0320904 0.26437 0.000283787 0.0222826 0.112465 0.0305859 0.01401 0.00393956 0.141351 0.0356065 0.226666 0.0146218 0.000790527 0.00080413 0.0263583 0.000740452 0.0011713 
0.0895756 0.0364885 0.552058 0.000205629 0.0244036 0.039432 0.0265315 0.010199 0.00141134 0.0378747 0.00636271 0.0219713 0.0778382 0.00548775 0.00144458 0.0532715 0.000614651 0.0148295 
0.0378513 0.0310402 0.630617 4.25314e-05 0.010632 0.0281181 0.0534418 0.0448993 0.0116075 0.054243 0.00461874 0.0309245 0.00835806 0.00485155 0.0142539 0.021228 0.000726053 0.0125467 
0.0181891 0.0257338 0.39553 0.000463145 0.0385434 0.146841 0.0187955 0.0186676 0.000501123 0.0533144 0.0165271 0.185561 0.0329993 0.000235084 0.00259035 0.0380067 0.00422506 0.00327621 
0.00803976 0.0157265 0.737437 6.05413e-05 0.025174 0.0230745 0.0126604 0.0027044 0.00287062 0.0335771 0.0163109 0.0111955 0.000945419 0.018793 0.00107088 0.0742196 0.00388637 0.0122532 
0.0178716 0.0292672 0.450071 0.00058431 0.0368193 0.128975 0.0188202 0.0188809 8.05898e-05 0.0595169 0.0160799 0.191843 0.001108 0.00016901 0.00367959 0.0195422 0.00117217 0.00551839 
0.0181122 0.171095 0.31481 4.67034e-05 0.0598533 0.0497211 0.0105318 0.00912615 0.00199461 0.0785866 0.0143582 0.0174133 0.00390605 0.0195351 0.0838216 0.126109 0.000426883 0.020553 
0.00804025 0.0312561 0.464021 7.77365e-05 0.0254503 0.00902706 0.0182502 0.0033886 0.0278338 0.0365326 0.0128268 0.00577532 0.0022133 0.0987947 0.00263098 0.212257 0.0109564 0.030668 
0.0138311 0.0169584 0.635077 5.49814e-05 0.0501778 0.0306692 0.00827988 0.00576155 0.0017789 0.0515914 0.0292906 0.0181282 0.00207307 0.0265923 0.00153949 0.0932628 0.00678929 0.0081438 
0.0476528 0.0376791 0.322648 0.000129576 0.0802157 0.0614108 0.0378263 0.0167506 0.00487536 0.220862 0.012052 0.0461526 0.00616142 0.0259313 0.00171556 0.0702858 0.000870148 0.00678097 
0.0279068 0.114878 0.432643 0.000637342 0.0258916 0.146858 0.0198409 0.0138518 0.000455678 0.0595524 0.0205069 0.107782 0.00458576 0.00296823 0.00203823 0.013801 0.000607011 0.00519516 
0.0701875 0.176148 0.350652 0.00208859 0.0378522 0.12152 0.00649455 0.00929713 1.33949e-06 0.0407888 0.0117449 0.145205 9.59976e-05 3.07199e-05 0.0010542 0.0253543 0.000484294 0.00100053 
0.0197809 0.0383405 0.61177 9.95669e-05 0.0334242 0.0471088 0.0381257 0.0103756 0.00195325 0.0413402 0.0213908 0.0191197 0.0143496 0.0109989 0.0018555 0.064981 0.00154972 0.0234359 
0.0709504 0.0287402 0.293557 0.000285886 0.0227812 0.104903 0.0324655 0.0155254 0.00335821 0.149618 0.0356683 0.199257 0.0122452 0.000794773 0.000804123 0.0270142 0.000740442 0.00129172 
0.0260477 0.106562 0.357103 0.000341948 0.0292471 0.105077 0.0381011 0.0195415 9.09265e-05 0.0432885 0.014297 0.218753 0.00265647 0.00932916 0.0043683 0.0220278 0.000860427 0.00230614 
0.0361676 0.0950282 0.217302 0.000566839 0.106156 0.165666 0.0343616 0.0236865 0.0038064 0.0985781 0.0261853 0.0838532 0.0419586 0.00653055 0.00310937 0.0481163 0.00248352 0.00644363 
0.0709504 0.0287402 0.293557 0.000285886 0.0227812 0.104903 0.0324655 0.0155254 0.00335821 0.149618 0.0356683 0.199257 0.0122452 0.000794773 0.000804123 0.0270142 0.000740442 0.00129172 
0.0236821 0.035768 0.251239 0.000117652 0.0319681 0.145967 0.0317058 0.0152628 0.00119552 0.221716 0.0106839 0.185333 0.0120485 0.00069527 0.00207209 0.022321 0.00528426 0.00293947 
0.0773568 0.167071 0.215329 6.53333e-05 0.0329361 0.150383 0.031166 0.0178016 6.44401e-06 0.0396927 0.00785791 0.175908 0.00146054 0.000605916 0.00370364 0.0642163 0.000821935 0.0136174 
0.0135772 0.0340087 0.690642 7.5706e-05 0.0259607 0.0561448 0.0151294 0.00642095 0.00114088 0.0246893 0.0201789 0.0179208 0.00213731 0.0127414 0.00142064 0.0692802 0.00176711 0.00676347 
0.0187209 0.0126742 0.435514 1.55444e-06 0.014152 0.175377 0.0214346 0.0738006 1.21929e-05 0.0219359 0.00136965 0.00174405 0.00105134 0.153972 0.0577991 0.000208981 0.00907725 0.00115426 
0.017845 0.169336 0.425478 4.62399e-05 0.0399752 0.0949743 0.00868441 0.00671054 0.00405105 0.0282242 0.0242443 0.0163772 0.00401015 0.0340714 0.0134721 0.100217 0.000477071 0.0118052 
0.0336885 0.025827 0.387125 0.000296892 0.0401238 0.0266171 0.0262942 0.00696366 0.00409933 0.10328 0.157309 0.0352783 0.00341003 0.0100321 0.00179952 0.133079 0.000905908 0.0038708 
0.0214039 0.129833 0.329033 0.000406498 0.0365246 0.0898556 0.0176808 0.0129372 7.95439e-05 0.041108 0.0188164 0.262572 0.00316339 0.000638606 0.00546801 0.0270156 0.00092934 0.00253462 
0.0490176 0.161049 0.414731 0.002098 0.0238802 0.130062 0.00582833 0.00854453 1.33954e-06 0.0389364 0.00750675 0.140277 0.000173822 2.40438e-05 0.000948218 0.0155052 0.000429877 0.000985909 
0.00692537 0.0360045 0.704099 1.31003e-06 0.0191034 0.0569876 0.0071512 0.00831281 0.00133816 0.0316152 0.00786373 0.0189047 0.00259374 0.00954901 0.00157649 0.064788 0.000389789 0.0227958 
0.0112657 0.0157949 0.772955 3.09179e-06 0.0190118 0.0203723 0.00732418 0.00130898 0.00708854 0.0397809 0.00162051 0.00804321 0.00110953 0.00995612 0.000273724 0.0741111 0.0015463 0.00843402 
0.120132 0.0172883 0.325786 5.32842e-05 0.0582611 0.0314739 0.0154323 0.0135873 0.00381799 0.121133 0.00204626 0.0497431 0.00608273 0.00255983 0.00120053 0.219547 0.00129283 0.0105623 
0.0230417 0.0707154 0.586514 3.32652e-05 0.0262127 0.0545975 0.0192468 0.00521098 0.00425127 0.0589879 0.0151864 0.0205894 0.0042776 0.00507956 0.000935846 0.0948918 0.00128169 0.00894649 
0.0360999 0.133593 0.410397 6.11894e-05 0.058049 0.0697947 0.0478305 0.0143958 0.00330593 0.0911284 0.00426285 0.029929 0.00196536 0.00180439 0.0361362 0.0545243 0.00111503 0.00560732 
0.0657056 0.0372905 0.171127 0.000362557 0.0898695 0.131516 0.0613249 0.0797814 0.00410233 0.165324 0.0519118 0.0631158 0.00464425 0.0171161 0.00406484 0.0452407 0.00437428 0.00312938 
0.0378513 0.0310402 0.630617 4.25314e-05 0.010632 0.0281181 0.0534418 0.0448993 0.0116075 0.054243 0.00461874 0.0309245 0.00835806 0.00485155 0.0142539 0.021228 0.000726053 0.0125467 
0.0348381 0.024372 0.520234 6.43799e-06 0.0510199 0.0385503 0.0128732 0.00646234 0.00032351 0.0298404 0.00793462 0.145218 0.000913973 0.0279014 0.0300581 0.0622587 0.00447744 0.00271816 
0.044053 0.0468755 0.351079 0.000475522 0.0185114 0.165235 0.0642345 0.0987884 0.000465019 0.0664537 0.0137998 0.0813398 0.00497189 0.000906986 0.000618117 0.0399223 0.00066368 0.00160691 
0.0438019 0.0872396 0.36627 0.000807212 0.0530348 0.19255 0.0170158 0.0229105 0.00148778 0.0851081 0.0049611 0.0290962 0.00173318 0.00841655 0.00311113 0.0708979 0.000325863 0.0112324 
0.026619 0.046688 0.591331 8.89227e-05 0.0330735 0.0489282 0.0233962 0.00817376 0.00490079 0.0659757 0.00868891 0.0246983 0.00791493 0.0152571 0.00112802 0.0809279 0.00418238 0.00802741 
0.0442441 0.0438172 0.43058 0.000192748 0.043389 0.0537228 0.0276067 0.0101175 0.0107004 0.1037 0.0149287 0.0231686 0.0135908 0.0227847 0.00187473 0.135986 0.0021263 0.01747 
0.0567993 0.177713 0.308532 0.00301669 0.0421541 0.136027 0.0190555 0.0173066 6.40683e-05 0.0595703 0.0218621 0.124228 0.000445162 0.000420243 0.00145588 0.0269304 0.00127313 0.00314636 
0.0234611 0.0354715 0.356104 0.000632747 0.0381456 0.166974 0.0226804 0.0235429 0.000128832 0.0562175 0.0227788 0.222971 0.00113364 0.000314314 0.00356559 0.0195058 0.00200716 0.00436397 
0.0626007 0.0429851 0.23341 0.000172731 0.0428902 0.132507 0.0260815 0.0450577 0.00990175 0.227257 0.0162207 0.0939234 0.00990697 0.00294624 0.00119627 0.0446548 0.000433677 0.00785462 
0.026619 0.046688 0.591331 8.89227e-05 0.0330735 0.0489282 0.0233962 0.00817376 0.00490079 0.0659757 0.00868891 0.0246983 0.00791493 0.0152571 0.00112802 0.0809279 0.00418238 0.00802741 
0.0411643 0.102584 0.486993 0.000133548 0.0469591 0.0738614 0.0255738 0.010421 0.00149114 0.050407 0.00651058 0.054487 0.00209566 0.0154245 0.00236853 0.0655452 0.000679679 0.0132999 
0.0160321 0.0311005 0.611527 1.1581e-05 0.0819783 0.0358212 0.00192446 0.000652183 0.000994431 0.0373509 0.000997487 0.01747 0.00122182 0.00716623 0.0070178 0.13991 0.000374507 0.00844948 
0.00804025 0.0312561 0.464021 7.77365e-05 0.0254503 0.00902706 0.0182502 0.0033886 0.0278338 0.0365326 0.0128268 0.00577532 0.0022133 0.0987947 0.00263098 0.212257 0.0109564 0.030668 
0.0152046 0.0655669 0.622853 0.00117207 0.00695326 0.00433631 0.0119714 0.00168763 0.00579615 0.0218695 0.00803949 0.00219052 0.00155717 0.0227649 0.0463408 0.146675 0.000462371 0.0145581 
0.00804025 0.0312561 0.464021 7.77365e-05 0.0254503 0.00902706 0.0182502 0.0033886 0.0278338 0.0365326 0.0128268 0.00577532 0.0022133 0.0987947 0.00263098 0.212257 0.0109564 0.030668 
0.0119556 0.0258892 0.743864 0.000160301 0.0179719 0.0536636 0.0101423 0.00337445 0.0017433 0.0413361 0.0110657 0.0133337 0.00162052 0.0113417 0.000679713 0.0408475 0.00212914 0.00888151 
0.0292062 0.0522894 0.591383 6.80475e-05 0.0300805 0.0497257 0.019237 0.00601242 0.00352134 0.0565505 0.00682587 0.0191617 0.0120288 0.0203309 0.00128052 0.0912191 0.00413835 0.00694076 
0.0388177 0.155956 0.251949 0.000518911 0.0931842 0.138085 0.0327568 0.0152744 0.00160626 0.0658311 0.0180277 0.0245119 0.00405824 0.0295227 0.0198845 0.0994119 0.00409325 0.00651035 
0.0292062 0.0522894 0.591383 6.80475e-05 0.0300805 0.0497257 0.019237 0.00601242 0.00352134 0.0565505 0.00682587 0.0191617 0.0120288 0.0203309 0.00128052 0.0912191 0.00413835 0.00694076 
0.120407 0.0415573 0.285686 5.21783e-05 0.0406864 0.0509673 0.0423791 0.0107583 0.0173861 0.126734 0.0194749 0.0306215 0.00957186 0.0151997 0.000904963 0.167203 0.00476056 0.0156496 
0.0423699 0.0787266 0.329006 0.000145022 0.0525797 0.19988 0.0292715 0.0107726 0.000930124 0.0585729 0.0233861 0.0276908 0.0110585 0.0166881 0.0142944 0.0893679 0.00251402 0.0127463 
0.044053 0.0468755 0.351079 0.000475522 0.0185114 0.165235 0.0642345 0.0987884 0.000465019 0.0664537 0.0137998 0.0813398 0.00497189 0.000906986 0.000618117 0.0399223 0.00066368 0.00160691 
0.0292062 0.0522894 0.591383 6.80475e-05 0.0300805 0.0497257 0.019237 0.00601242 0.00352134 0.0565505 0.00682587 0.0191617 0.0120288 0.0203309 0.00128052 0.0912191 0.00413835 0.00694076 
0.00986572 0.0221039 0.775825 1.49365e-05 0.0127769 0.0642628 0.00614878 0.00374925 0.00064967 0.0329358 0.00473735 0.0168029 0.0015808 0.00568909 0.00033513 0.0351401 0.000467435 0.00691438 
