0.0472651 0.0579409 0.0392361 0.000316886 0.340133 0.0481937 0.0307476 0.0186364 0.00460558 0.17759 0.0168287 0.0635234 0.00687748 0.0119094 0.0079687 0.115214 0.00324424 0.00976973 
0.129526 0.0543755 0.00293306 0.000703608 0.367795 0.0705585 0.0545404 0.0267506 0.00245995 0.0854808 0.0326776 0.0833356 0.0019995 8.07898e-05 0.0211686 0.0328128 0.0266579 0.00614476 
0.0169895 0.0349631 0.0363687 4.07321e-05 0.390542 0.109756 0.00280306 0.0211974 0.00244288 0.0199286 0.00515476 0.0204493 0.00121469 0.0108003 0.130084 0.184042 0.0025672 0.0106568 
0.0467226 0.167524 0.0401126 0.000348389 0.176182 0.138048 0.0477135 0.0717265 0.0023615 0.10053 0.0401872 0.0615676 0.0101171 0.0118257 0.003688 0.0734628 0.00230772 0.00557487 
0.0273426 0.188604 0.0355656 0.000667848 0.294666 0.0652356 0.0700565 0.0189192 0.00134973 0.0462966 0.0375015 0.0546304 0.00780043 0.00260904 0.0906519 0.0527847 0.00141273 0.00390557 
0.0434037 0.0508021 0.068223 1.21779e-05 0.313582 0.0521962 0.0303811 0.0246708 0.00207964 0.0695838 0.0173981 0.0340631 0.00506375 0.0169955 0.0299591 0.228728 0.00192985 0.0109281 
0.0971257 0.0476285 0.00929743 3.85753e-05 0.601322 0.0386048 0.027118 0.0109906 0.00293597 0.0768473 0.0114337 0.0138282 0.00138087 0.003177 0.0254403 0.0291659 0.00167707 0.00198796 
0.0087015 0.0821747 0.0112607 4.97552e-05 0.447872 0.200182 0.0183633 0.0585323 0.00198854 0.0753499 0.0176226 0.0300012 0.0119411 0.00311618 0.00227547 0.0272565 0.00126934 0.00204292 
0.0254378 0.0982308 0.021659 0.000668755 0.278236 0.198241 0.0182535 0.0256985 0.000105463 0.198588 0.0041673 0.0559207 0.000973405 0.000135338 0.0190164 0.0505253 0.00115426 0.00298922 
0.140879 0.11101 0.0153931 0.000372951 0.197947 0.0758315 0.0562817 0.0329341 0.0231638 0.134068 0.0142818 0.0634511 0.00400943 0.0164157 0.0152054 0.0738498 0.00217127 0.0227342 
0.108372 0.0512515 0.0575807 0.000256671 0.205028 0.13126 0.0453149 0.153393 0.00133751 0.0484048 0.0340855 0.029756 0.0213076 0.000319317 0.00468514 0.045422 0.0129836 0.0492413 
0.142897 0.0358844 0.0604696 0.000212765 0.242552 0.0757963 0.0639679 0.0264314 0.00425442 0.152288 0.0425385 0.0400596 0.0251382 0.015303 0.00260286 0.0562671 0.00160235 0.0117341 
0.187901 0.048728 0.00538584 1.88484e-05 0.326349 0.0218951 0.134442 0.0278872 0.0176021 0.121085 0.0276568 0.0174759 0.00390395 0.000266729 0.00422984 0.0249238 0.0107667 0.0194818 
0.0735791 0.0578598 0.0385832 6.13563e-05 0.574676 0.0379728 0.0843783 0.00806057 0.00381154 0.0394626 0.0204713 0.0183815 0.00138567 0.00256686 0.00897695 0.0233076 0.000674071 0.00579043 
0.00187822 6.94745e-06 1.21346e-05 6.98909e-05 0.994286 0.000533146 0.000267361 0.000424096 3.79254e-05 0.000199164 4.37472e-05 0.00037299 2.89372e-05 1.3069e-05 0.00120298 5.20164e-05 0.000543379 2.77019e-05 
0.0971284 0.0403122 0.0113728 0.00427143 0.426318 0.0414499 0.0426943 0.022624 0.000865726 0.07587 0.0281533 0.035522 0.00933411 0.00809756 0.00856905 0.0451504 0.0108941 0.091373 
0.0974573 0.0561998 0.0109935 0.000210386 0.29297 0.038927 0.0449963 0.0246696 0.0283307 0.257336 0.0471528 0.0303202 0.0143787 0.00817207 0.00133294 0.0357326 0.00546169 0.00535889 
0.0493175 0.052399 0.00469202 6.40254e-05 0.393928 0.0272798 0.17286 0.0624746 9.6022e-06 0.0981653 0.0479531 0.0263004 0.00269191 1.67791e-05 0.0197526 0.0376943 0.00395444 0.000446591 
0.0444722 0.0239446 0.00982207 0.00021653 0.417793 0.142142 0.0343441 0.034979 0.00147397 0.13448 0.0600103 0.0484788 0.00547405 0.0122201 0.00265059 0.0220293 0.00286179 0.00260883 
0.0530179 0.153383 0.0203353 0.00254789 0.256865 0.101998 0.0555386 0.0306711 0.000519326 0.0669542 0.0177291 0.0558019 0.00327065 0.0152468 0.0489088 0.109074 0.00459974 0.00353861 
0.137241 0.0079033 0.00122673 0.000396819 0.527729 0.0241512 0.0690883 0.0177114 0.00155311 0.12432 0.0414902 0.0120839 0.00281442 0.00662697 0.0004254 0.0247091 0.000376988 0.000151478 
0.123241 0.0312703 0.0194443 0.00102246 0.265616 0.0815343 0.0501357 0.134139 0.000660418 0.0824472 0.0104383 0.0454976 0.0098057 0.08599 0.00186224 0.0220481 0.0281565 0.00669039 
0.079002 0.100827 0.0134284 5.72079e-05 0.282914 0.0100164 0.0147058 0.0112286 0.00497252 0.233405 0.00866949 0.0617854 0.00121251 0.00881439 0.00157221 0.162191 0.00213935 0.00305906 
0.0174281 0.00918179 0.0127077 0.000411866 0.469533 0.217582 0.0101714 0.0224492 0.00249403 0.0734959 0.00418577 0.0967101 0.0105068 0.00284268 0.00223457 0.0444642 0.00315038 0.000450398 
0.0493283 0.0473483 0.048111 6.1767e-05 0.280134 0.10243 0.027717 0.0166958 0.0265449 0.117227 0.0138122 0.0512366 0.00479828 0.0263764 0.00173195 0.157675 0.00319979 0.0255723 
0.100989 0.0744042 0.016699 0.00511016 0.27362 0.147478 0.0324944 0.0510625 0.00476386 0.172841 0.013973 0.0378107 0.00320243 0.00120674 0.0282774 0.0245341 0.00859368 0.00294022 
0.0176152 0.0406404 0.019995 6.48582e-06 0.616623 0.0685307 0.0146344 0.0218844 0.000277554 0.117114 0.0336807 0.0149647 0.00461408 0.000248713 0.00365206 0.0220974 0.000911789 0.00250883 
0.0600138 0.0576495 0.0151687 0.000495473 0.291789 0.0713843 0.0280782 0.0275095 0.0090207 0.250443 0.0249 0.0851523 0.00718316 0.00454858 0.00272416 0.0549319 0.00372226 0.00528552 
0.152837 0.0924225 0.0150275 0.00102682 0.28811 0.120779 0.0185403 0.0494108 2.67308e-05 0.0464185 0.000351864 0.0318935 0.0103325 4.36874e-06 0.0242282 0.136649 0.00806042 0.00388099 
0.0256914 0.0285998 0.010358 0.00437479 0.422748 0.0633604 0.0902606 0.104688 0.00175 0.0444947 0.0508795 0.0440221 0.00791321 7.70988e-05 0.0392735 0.0597059 0.000829111 0.000973415 
0.119227 0.0307618 0.00204804 0.000457876 0.360748 0.0762544 0.0526407 0.0175531 2.05454e-05 0.0114251 0.00365916 0.122759 0.000392463 0.00148027 0.0734148 0.126663 0.000148543 0.000346126 
0.0362789 0.0935157 0.0392105 0.00104713 0.298451 0.0877273 0.0216331 0.0307302 0.0021915 0.0937763 0.0182243 0.12675 0.0098926 0.00283035 0.0397311 0.0925479 0.00129032 0.00417192 
0.1077 0.0471629 0.0112501 9.79906e-05 0.277671 0.0947091 0.148245 0.0567654 0.00254085 0.0962231 0.00834038 0.0983236 0.0114146 0.0170262 0.00547419 0.0101054 0.0037274 0.00322331 
0.0374672 0.0681288 0.0396842 0.000115022 0.226597 0.212833 0.0613734 0.0352698 0.00018137 0.177044 0.0102043 0.0582853 0.0102495 0.0256869 0.00227593 0.0293195 0.00118749 0.00409713 
0.0415241 0.115255 0.124915 0.000274288 0.180057 0.151354 0.0207648 0.02138 0.00173867 0.089284 0.0206194 0.0437119 0.00433143 0.0235689 0.0119189 0.137884 0.00288472 0.00853397 
0.0618639 0.0936851 0.146467 0.000171313 0.211184 0.102329 0.04903 0.0286575 0.00145879 0.115436 0.0250908 0.0280856 0.00660677 0.0021843 0.0263319 0.0944698 0.00285771 0.00409044 
0.0565565 0.0987663 0.0362206 0.000324381 0.169268 0.153981 0.0322222 0.0387158 0.0045077 0.165564 0.0395726 0.107526 0.00460165 0.00921241 0.0113147 0.0604103 0.00149761 0.00973774 
0.078429 0.0130243 0.0133428 9.07385e-05 0.455645 0.0769745 0.0510742 0.103674 0.000643197 0.110012 0.0176086 0.016402 0.00800866 0.0143214 0.00167769 0.0221026 0.0142292 0.00273942 
0.0329926 0.0565971 0.0843692 0.000102576 0.254235 0.033973 0.0460808 0.215307 0.00358647 0.0467944 0.0121902 0.0140461 0.00160341 0.0136407 0.00304227 0.160122 0.0150198 0.00629742 
0.0765307 0.101354 0.0350575 0.000317618 0.249794 0.145036 0.0390625 0.036683 0.00762438 0.0971971 0.0243075 0.0363036 0.00190527 0.00910631 0.00865627 0.0829528 0.0352239 0.0128875 
0.148286 0.00105996 0.00624979 1.96234e-07 0.571436 0.0718473 0.138815 0.00971339 1.06484e-07 0.0214601 0.00435024 0.00105572 7.45221e-06 0.000109346 0.00319654 0.0194623 0.00294975 7.77792e-08 
0.0638211 0.0998693 0.0304716 0.000252374 0.257887 0.0807341 0.0331841 0.0257075 0.00486774 0.215222 0.0219846 0.0663336 0.00520492 0.00411838 0.0118958 0.0692329 0.00333216 0.00588015 
0.0713268 0.0266315 0.0108545 0.000194096 0.484216 0.0173384 0.0245699 0.0402895 0.0332421 0.0924244 0.0106181 0.0110761 0.00223414 0.00503186 0.00151382 0.135691 0.0266617 0.00608556 
0.0425625 0.0802245 0.0400367 0.000319431 0.243588 0.0797609 0.0551966 0.016123 0.0015755 0.196441 0.0375363 0.0362764 0.00448593 0.00204048 0.0226655 0.111667 0.000973828 0.0285265 
0.0478553 0.109919 0.0277917 5.15437e-05 0.313457 0.0719252 0.0250704 0.0428413 0.00987791 0.0380456 0.0145396 0.0247798 0.00456387 0.00437869 0.0292977 0.186637 0.0134722 0.0354954 
0.0710612 0.0315402 0.0179282 4.72519e-05 0.360332 0.0472546 0.0183215 0.0351948 0.00217647 0.129093 0.0255364 0.0713138 0.0185327 0.00183996 0.00884165 0.137895 0.00596924 0.017122 
0.0448584 0.145433 0.0534802 7.45928e-05 0.166845 0.101787 0.0249887 0.0296019 0.00573805 0.163269 0.0103613 0.0461326 0.00294139 0.0463278 0.0122927 0.136476 0.000353208 0.00904032 
0.146999 0.034982 0.0572283 0.000182602 0.259146 0.0257058 0.0665096 0.0426225 0.021218 0.0607665 0.0366028 0.0239736 0.0127397 0.00774376 0.0181267 0.159281 0.00757648 0.0185969 
0.0374983 0.0281798 0.0604577 6.01267e-05 0.433185 0.0806662 0.0310792 0.0226913 0.0013829 0.103261 0.0195259 0.0670405 0.00923206 0.000981341 0.00684012 0.0916238 0.00362665 0.00266807 
0.0715906 0.0829457 0.0115493 0.000481721 0.642614 0.0490923 0.00692184 0.00876918 0.000894623 0.0279332 0.00569178 0.00939604 0.00117065 0.00325107 0.0637611 0.00898178 0.000853361 0.0041019 
0.0653007 0.0825459 0.0186103 2.00095e-05 0.346254 0.0319899 0.00781536 0.00950532 0.00342608 0.0171327 0.0108043 0.0256989 0.000869868 0.0258274 0.314714 0.0276452 0.00575851 0.00608146 
0.117438 0.0280282 0.0230195 0.000210454 0.192973 0.0248816 0.149441 0.0719463 0.00879561 0.114866 0.0631823 0.0853503 0.0201276 0.000566187 0.00209784 0.0353277 0.0595085 0.00224003 
0.0317591 0.131473 0.0191458 0.000518424 0.338452 0.075687 0.0481601 0.0201533 0.000605952 0.0554199 0.0127157 0.180601 0.00367858 0.00175371 0.0243746 0.0293961 0.0214978 0.00460822 
0.0760172 0.0213546 0.0304578 2.70102e-05 0.486769 0.0290288 0.0187275 0.0137601 0.00749633 0.0437061 0.0028944 0.0200285 0.0101421 0.0308256 0.00704652 0.187226 0.00348504 0.0110075 
0.141612 0.0607401 0.0434438 0.000213591 0.209855 0.091445 0.0206251 0.0350225 0.00286634 0.121519 0.00941305 0.0578693 0.00698253 0.0150025 0.0159928 0.156681 0.00224954 0.00846796 
0.0272251 0.0540643 0.044719 0.000303719 0.294348 0.142833 0.0186053 0.0300479 0.00227717 0.0990934 0.00906508 0.0939013 0.00381467 0.00844488 0.0635488 0.0959154 0.00205673 0.00973677 
0.0289775 0.0370102 0.0637408 0.000118891 0.268083 0.190228 0.0571991 0.046081 0.00168676 0.182507 0.0149841 0.0551485 0.0219228 0.000154734 0.00617947 0.00980684 0.0150507 0.00112153 
0.0559584 0.0658523 0.0467711 2.03031e-05 0.161271 0.0923996 0.0971064 0.08423 0.00954442 0.115677 0.0089854 0.0312414 0.00657788 0.0259991 0.00130533 0.13364 0.0367303 0.0266901 
0.150107 0.0224144 0.0152396 0.000232114 0.335135 0.10858 0.0485883 0.0367738 0.0122465 0.0271523 0.0149706 0.0336623 0.000907102 0.00283857 0.0276026 0.126591 0.0218474 0.0151119 
0.0817887 0.0769017 0.0378086 0.000148247 0.222337 0.0874278 0.0329807 0.0253578 0.0067053 0.215109 0.022068 0.0809992 0.00900558 0.0052058 0.004388 0.0826167 0.00292343 0.00622807 
0.0425061 0.0142096 0.0399381 3.09627e-05 0.567753 0.0519038 0.182705 0.0135567 0.00026772 0.00465752 0.000964882 0.000459742 0.00800665 0.0151402 0.00158148 0.0433662 0.00911298 0.0038399 
0.00657279 0.0652947 0.0206506 0.000152295 0.352389 0.328032 0.0162841 0.0164143 0.000587567 0.0684114 0.0151855 0.0778058 0.0060088 0.000898797 0.0017214 0.0184488 0.00202715 0.0031147 
0.0349736 0.220236 0.00566088 0.00134988 0.344863 0.0671201 0.0580316 0.0200514 0.00234927 0.103696 0.00706173 0.0787151 0.00588269 0.00262804 0.00516602 0.0309317 0.000877348 0.0104054 
0.010858 0.00244546 0.0159551 0.000344209 0.528911 0.0772022 0.00178581 0.0127032 1.54691e-07 0.0208602 0.00144454 0.313999 0.000585193 1.30691e-05 0.00738952 0.000357967 0.00106204 0.00408307 
0.0301265 0.0441673 0.0277769 0.00221102 0.24101 0.0922227 0.0388329 0.0361354 0.00215205 0.112581 0.00878107 0.122959 0.00820155 0.00768612 0.00361563 0.206786 0.00243921 0.0123155 
0.273454 0.0144661 0.00288835 6.08147e-06 0.342299 0.0337587 0.02676 0.0597525 0.00527434 0.0611793 0.0037327 0.0200018 0.00302334 0.00207894 0.00131375 0.0360814 0.0529509 0.0609793 
0.0095443 0.0860535 0.0064877 6.94245e-06 0.332243 0.0943409 0.0302483 0.0147848 0.000750086 0.0288493 0.000954632 0.016461 0.0209812 0.0032012 0.195793 0.13057 0.0112177 0.0175127 
0.0379289 0.105486 0.0179453 0.000653864 0.448132 0.0508868 0.0326511 0.0328476 0.000866475 0.0852746 0.0156409 0.0150169 0.00129958 0.00228543 0.0844045 0.0653469 0.00137295 0.00196099 
0.081833 0.140254 0.0386541 0.000227734 0.160004 0.15741 0.030196 0.060143 0.00127282 0.135803 0.0150355 0.0379477 0.00736843 0.00587749 0.0104149 0.108762 0.00399525 0.00480237 
0.0532668 0.0817857 0.0606401 2.4285e-05 0.352312 0.0629593 0.0329112 0.0843447 0.0049779 0.0925287 0.00769546 0.027445 0.0108249 0.0124752 0.012432 0.0846623 0.00269164 0.0160225 
0.302211 0.00830071 0.00489097 1.95384e-05 0.362906 0.0433384 0.0557747 0.0771747 0.000660527 0.037045 0.00948584 0.0269178 0.00233545 0.000864052 0.000344355 0.0567129 0.00227904 0.00873847 
0.0829905 0.0239753 0.0148242 4.28339e-05 0.336947 0.0143946 0.0193546 0.0237736 0.0170822 0.173219 0.0097377 0.0326478 0.00184677 0.0164419 0.00778189 0.197676 0.00491008 0.0223544 
0.023072 0.0196976 0.00330369 0.000196052 0.657816 0.074449 0.0236198 0.0143269 0.00124777 0.106126 0.00841384 0.0181287 0.000525254 0.00102547 0.00271213 0.0320884 0.00544552 0.00780536 
0.0758717 0.0477439 0.0159729 0.000443407 0.302668 0.0665984 0.023575 0.0203954 0.000757389 0.287055 0.00998164 0.0870499 0.00146854 0.00110089 0.0137438 0.0389677 0.000830745 0.00577582 
0.0330294 0.150205 0.0141143 0.00091217 0.302344 0.0721335 0.0119394 0.0147329 0.004275 0.135414 0.00866986 0.0575241 0.00221459 0.00206711 0.103175 0.0832543 0.000989591 0.00300578 
0.0813642 0.010118 0.0748014 0.0404571 0.473555 0.0649804 0.019411 0.0306277 6.73297e-06 0.0469756 0.0109525 0.079147 0.00130668 7.70365e-05 0.00297663 0.0546859 0.00797292 0.000584072 
0.0132899 0.119025 0.0603384 2.19187e-06 0.278652 0.221729 0.00887815 0.0376725 0.000614108 0.109743 0.0294161 0.0582402 0.00201928 0.00253412 0.00489597 0.0465439 0.000874424 0.00553183 
0.0246522 0.0648088 0.0728392 0.000214361 0.445339 0.0639407 0.0111013 0.0247634 0.00172612 0.236342 0.0105905 0.00537683 0.000332076 0.000223982 0.00145632 0.0346389 0.00039171 0.00126241 
0.042581 0.0919639 0.0495588 0.000240236 0.226152 0.125914 0.0817919 0.022712 0.00637264 0.125899 0.0312335 0.028441 0.0117881 0.00383642 0.0169583 0.126156 0.000665003 0.00773675 
0.141867 0.00896864 0.00269282 4.18322e-05 0.36755 0.0679004 0.0926832 0.0650025 0.0182731 0.104597 0.0600772 0.0217351 0.00263598 4.59815e-05 0.00842809 0.0181251 0.0186774 0.000697791 
0.0411693 0.0273023 0.0258653 0.00464259 0.49651 0.0419527 0.00603383 0.014096 0.00605442 0.0553422 0.00469748 0.0164651 0.00463436 0.0341999 0.0094429 0.195323 0.000560996 0.015707 
0.0578379 0.0597185 0.0183798 7.11995e-05 0.510327 0.0513651 0.0361542 0.017855 0.00111937 0.103148 0.00723124 0.0358019 0.00839214 0.0157524 0.00436716 0.0568957 0.00438354 0.0112006 
0.0654293 0.139634 0.0275365 4.94171e-05 0.336876 0.022302 0.0558707 0.0151734 0.00413659 0.168055 0.00856753 0.0382832 0.0011501 0.00145548 0.00720837 0.0873828 0.00132538 0.019564 
0.147341 0.0644038 0.0859019 5.25721e-05 0.199372 0.0466886 0.0205851 0.0103804 0.0144127 0.195246 0.013364 0.0173367 0.00260437 0.00795152 0.00444322 0.157178 0.00265816 0.0100788 
0.0744809 0.0278335 0.0292237 0.000107654 0.327288 0.0840672 0.0255698 0.112508 0.000769314 0.11263 0.00711075 0.0907058 0.00552177 9.53355e-05 0.00379243 0.0603174 0.0283067 0.00967295 
0.0166959 0.174674 0.0712453 0.000785214 0.328782 0.0496482 0.0118641 0.0047865 0.00422887 0.128967 0.00415642 0.0763801 0.00276096 0.00195174 0.0058939 0.106065 4.41747e-05 0.0110705 
0.0409413 0.0330229 0.0225086 0.000222376 0.322055 0.0878776 0.0140972 0.0281823 0.00587549 0.130633 0.0211877 0.076153 0.000840249 0.00607894 0.0997855 0.0993333 0.00251864 0.00868703 
0.132827 0.0128119 0.0049788 0.00082739 0.635054 0.00691381 0.0150518 0.0209722 0.00345184 0.0769873 0.00579039 0.0493316 0.00133308 0.00201491 0.000842675 0.0290779 0.00110838 0.000624967 
0.045337 0.0445321 0.00850409 3.24399e-05 0.287184 0.233826 0.0269066 0.0147777 0.000243867 0.212103 0.0430882 0.0428808 0.00157086 0.000205136 0.0129447 0.025333 5.1765e-05 0.000478324 
0.0637213 0.0862383 0.0274357 0.000693467 0.21915 0.0605224 0.0611577 0.0176163 0.0105792 0.160829 0.0187804 0.0554147 0.0140591 0.0125842 0.0191658 0.150227 0.0019955 0.0198299 
0.0124416 0.0107732 0.0295274 1.35136e-05 0.429966 0.0625072 0.0212414 0.0373589 0.000933086 0.0229304 0.0116083 0.00891741 0.312891 0.00349146 0.000391891 0.033688 0.000173816 0.00114568 
0.0388658 0.181579 0.0224825 0.000295802 0.341492 0.117505 0.0406576 0.0367955 0.00206736 0.0653397 0.00926353 0.0625063 0.00686488 0.00281992 0.017349 0.0467637 0.000544662 0.00680789 
0.0519831 0.0599134 0.0486639 0.00041385 0.181615 0.098605 0.0368663 0.0494926 0.00352609 0.180714 0.0269527 0.0569997 0.00373398 0.00899116 0.00585301 0.161742 0.0143708 0.00956393 
0.076503 0.0463821 0.024734 0.000255007 0.505214 0.0474066 0.0126296 0.0354583 0.000615151 0.0786768 0.00854804 0.0499483 0.0425746 0.000183139 0.0132267 0.050533 0.00134618 0.00576586 
0.122342 0.0379613 0.0340397 0.000281629 0.265404 0.0592497 0.0260247 0.0531122 0.0217824 0.136516 0.0183406 0.0402813 0.000809153 0.0173573 0.0124384 0.139719 0.00705111 0.00729042 
0.100695 0.16919 0.00227459 0.000365768 0.288783 0.0303235 0.0201122 0.0362302 9.21805e-05 0.0652877 0.00122926 0.0131011 0.00568507 0.000560864 0.223309 0.0413707 0.00104701 0.000342842 
0.0602698 0.0555878 0.0435069 0.000174801 0.259161 0.0906691 0.016248 0.0163234 0.0334097 0.250719 0.0107868 0.0740328 0.00172936 0.000370459 0.00320122 0.0746089 0.000303852 0.00889657 
0.0851246 0.0589007 0.0821191 0.000300035 0.211209 0.0996719 0.0416917 0.0178684 0.00157253 0.140171 0.0166167 0.169043 0.00555785 0.00245746 0.00265714 0.0603527 0.00145212 0.0032343 
0.123163 0.0497551 0.0368711 0.000120884 0.214942 0.0843186 0.0328868 0.0379226 0.00539751 0.100269 0.0224873 0.116097 0.00907191 0.00994959 0.11523 0.0315193 0.00246362 0.00753597 
0.00190187 0.025854 0.00584056 1.43896e-06 0.535726 0.0974497 0.013433 0.015857 3.7481e-06 0.23289 0.00648273 0.058494 0.00215716 4.30607e-06 7.4143e-05 0.00350489 0.000229371 9.60903e-05 
0.112823 0.0608404 0.0199819 0.000178042 0.289025 0.0242025 0.127392 0.0603725 0.00253782 0.122824 0.0502534 0.0433809 0.0158156 0.000192456 0.00371894 0.0388094 0.0244126 0.00323919 
0.0519065 0.0814766 0.101074 6.32753e-05 0.248213 0.182797 0.0175203 0.0113356 0.0162765 0.0641388 0.0609453 0.0181931 0.00571141 0.0826764 0.00921275 0.0384399 0.00476899 0.00525042 
0.0464246 0.0201743 0.0165707 2.53933e-05 0.28447 0.0590651 0.0863507 0.148352 0.00403205 0.188775 0.0290823 0.046476 0.0104941 0.00565365 0.00126273 0.0488771 0.00246249 0.0014513 
0.0177231 0.0495002 0.0153924 0.000139284 0.319327 0.312896 0.00779035 0.035664 0.00101363 0.112836 0.0058948 0.0701664 0.000776326 0.000137859 0.0044701 0.0445149 0.00102628 0.000731276 
0.0480243 0.0274769 0.021163 0.00019362 0.494535 0.0326499 0.0260507 0.0129361 0.00582616 0.0686437 0.00376956 0.0237568 0.00384405 0.0274566 0.00489149 0.175228 0.00350414 0.0200501 
0.0769125 0.058689 0.00960572 0.00039322 0.346668 0.0535426 0.0227154 0.0215477 0.00716006 0.0915383 0.00548617 0.0227644 0.00407377 0.00316367 0.0122407 0.243714 0.0156184 0.00416685 
0.0180588 0.047524 0.0101885 0.000284571 0.561529 0.0440062 0.0277928 0.0284252 0.00337804 0.0930651 0.0642988 0.0337215 0.00256228 0.00072602 0.00672973 0.0463306 0.0104606 0.000918608 
0.0606121 0.0282348 0.0137657 0.000135167 0.3173 0.0467969 0.0390715 0.0507436 0.009268 0.204612 0.0657898 0.0933411 0.00911306 5.86796e-05 0.00149126 0.0411898 0.00430796 0.014168 
0.167011 0.0268425 0.00551633 0.000183393 0.327093 0.0324727 0.0752824 0.107138 0.00330199 0.140002 0.0315827 0.0185557 0.0042055 0.00158778 0.00138587 0.0556738 0.000987437 0.00117761 
0.100265 0.0431836 0.0341315 0.000315654 0.242521 0.120608 0.0548005 0.034076 0.00542428 0.148196 0.0158598 0.0488192 0.00347766 0.00801539 0.00464903 0.0612899 0.0721921 0.00217462 
0.0388986 0.0250251 0.00926417 0.000100383 0.430237 0.108432 0.0414946 0.0298536 0.0015974 0.207169 0.0336922 0.0306699 0.00398003 5.96046e-05 0.00206446 0.0182273 0.01683 0.0024041 
0.03831 0.097241 0.0691481 0.000177808 0.155554 0.115253 0.0338155 0.0248477 0.0101399 0.147386 0.0205981 0.149264 0.0504454 0.00914921 0.00464638 0.0655193 0.0010586 0.00744557 
0.0596101 0.041273 0.0271916 0.000650533 0.35479 0.204068 0.0493567 0.0455261 0.00393007 0.0763675 0.0185137 0.0413902 0.00179641 0.00150699 0.0176682 0.0422269 0.00880996 0.00532394 
0.0467537 0.0257682 0.012301 0.000268037 0.355079 0.108002 0.148171 0.0353602 0.00162699 0.102804 0.0210982 0.0392999 0.00943029 0.00250802 0.00298296 0.0699556 0.00104997 0.0175398 
0.0610127 0.0464078 0.00628404 0.000167599 0.309172 0.0379061 0.0344682 0.0235353 0.0167223 0.29033 0.0323421 0.0796572 0.00883829 0.0025742 0.00272527 0.0433427 0.00292153 0.00159209 
0.0244199 0.0204543 0.0135262 2.01089e-05 0.452633 0.013261 0.00811248 0.0039397 0.00303868 0.141713 0.0230497 0.00563922 0.00531496 0.0497195 0.00256644 0.218908 0.00360699 0.0100766 
0.0687572 0.135852 0.0234345 0.0014218 0.210648 0.0577901 0.048974 0.0185447 0.00449053 0.164144 0.0289504 0.0465721 0.00748199 0.0439225 0.0173156 0.0995998 0.00282277 0.0192782 
0.077914 0.0365692 0.0932025 0.000169637 0.237305 0.0543346 0.0230566 0.120428 0.00680616 0.115684 0.0127422 0.0211926 0.00718762 0.026825 0.00429375 0.145914 0.00231837 0.0140563 
0.0366038 0.0440233 0.018068 5.34498e-05 0.405738 0.0294616 0.0326815 0.00839238 0.00785939 0.103159 0.00817459 0.0129341 0.011608 0.030422 0.00911198 0.222117 0.00391497 0.0156778 
0.0863133 0.0301245 0.0225474 8.38311e-05 0.22465 0.0331777 0.0782409 0.0250413 0.00145711 0.0458202 0.0143953 0.0265887 0.189691 0.163175 0.00118957 0.0411513 0.00155223 0.0148008 
0.0575771 0.0437494 0.0211227 0.000152705 0.297763 0.0874456 0.0356548 0.0530901 0.00833231 0.12803 0.0434589 0.149891 0.0393214 0.000473252 0.00167627 0.0273404 0.00167032 0.00325061 
0.0345976 0.0241661 0.0247967 0.00113951 0.562981 0.0928223 0.0183785 0.0238183 0.0027233 0.0941333 0.00898533 0.0344396 0.00410135 0.000986694 0.0316964 0.0224155 0.0100381 0.00778021 
0.17957 0.0325382 0.0068213 0.000217462 0.265381 0.02841 0.0360717 0.0171739 0.00240813 0.180773 0.0305465 0.00889654 0.000812266 0.00025073 0.0828852 0.0774614 0.00426447 0.0455188 
0.0656096 0.00884344 0.0157317 0.00017616 0.405189 0.139413 0.0725023 0.0261272 0.000305006 0.195376 0.0122173 0.0509354 0.000963679 0.000162667 0.00147248 0.00337057 0.000843902 0.000760402 
0.106183 0.062204 0.0132616 0.000150021 0.360028 0.0565875 0.0480932 0.0247422 0.00278002 0.109831 0.0274117 0.0487329 0.00140118 0.0121271 0.00959428 0.0629217 0.0381175 0.0158323 
0.15856 0.0368517 0.0209755 0.0142134 0.178371 0.0499231 0.0420581 0.0181257 0.00230252 0.152156 0.0435439 0.0485751 0.00477099 0.00707964 0.00505345 0.0536049 0.00563065 0.158204 
0.106768 0.0227147 0.019485 0.000451752 0.263882 0.0444159 0.0536161 0.19043 0.0185941 0.109351 0.0132337 0.0202078 0.00675937 0.0487642 0.00119513 0.0647824 0.00642426 0.00892563 
0.0827752 0.0536339 0.0162558 6.01971e-06 0.278191 0.0231314 0.0726201 0.0180664 0.0152754 0.185289 0.148251 0.02432 0.0104482 0.00182308 0.0102249 0.049138 0.00495512 0.00559588 
0.040234 0.0452736 0.056205 3.8733e-05 0.325962 0.0673765 0.0302078 0.0375009 0.00242477 0.0662981 0.0155735 0.0730939 0.00468457 0.0136883 0.0274782 0.182895 0.00196818 0.00909653 
0.13438 0.0195086 0.00913783 8.73463e-05 0.289855 0.118807 0.0651331 0.109346 0.00272884 0.127472 0.0190059 0.0298891 0.0106075 0.000242355 0.00385366 0.0466245 0.00154972 0.0117705 
0.0355942 0.0389997 0.055428 0.000204538 0.170586 0.158466 0.087247 0.0583327 0.00670877 0.167974 0.0585984 0.0891182 0.00717643 0.020707 0.00265604 0.0334635 0.00410609 0.00463315 
0.000451423 0.00384971 0.0086797 2.97489e-06 0.39873 0.0875763 0.00360801 0.000495246 8.71793e-05 0.0626061 0.00039326 0.131872 0.00089159 0.0391749 0.0098377 0.251345 4.98419e-07 0.000399046 
0.0831665 0.182831 0.00803292 0.00237361 0.284154 0.0359965 0.0576425 0.0263569 0.00497616 0.17438 0.0361503 0.0219499 0.00522303 0.00123491 0.0170315 0.0473902 0.00442114 0.0066891 
0.00513239 0.0570857 0.0184071 0.000777063 0.503299 0.121384 0.0261495 0.0328429 0.00112444 0.0943664 0.0132515 0.0935194 0.00534524 0.0050435 0.00115141 0.0189562 0.000364283 0.00180003 
0.0152042 0.0376414 0.0205719 0.00032501 0.377046 0.07927 0.0179497 0.00862825 0.00517848 0.196031 0.0235547 0.0196621 0.0041983 0.0162794 0.0028521 0.16781 0.000310893 0.00748638 
0.0594849 0.129292 0.0748839 0.000873263 0.204019 0.101202 0.0528736 0.06347 0.00246533 0.109764 0.0177404 0.0713996 0.00437547 0.000149769 0.0653954 0.0310777 0.00820162 0.00333194 
0.0873743 0.0476545 0.00235845 6.72705e-06 0.382912 0.0223601 0.0409724 0.125413 2.00248e-07 0.00661346 0.0114651 0.0175823 0.00014443 5.0718e-07 0.0974788 0.00207915 0.155583 1.26096e-06 
0.0516872 0.0470609 0.0250157 2.41218e-05 0.396785 0.070357 0.0118356 0.0321297 0.00597449 0.0723592 0.0216894 0.0112367 0.00285274 0.00506405 0.00496429 0.181457 0.0496958 0.00981066 
0.0408338 0.0316275 0.0343914 0.000165229 0.336292 0.0506317 0.017329 0.0230713 0.00347807 0.114939 0.00293067 0.014672 0.00660417 0.00717 0.00771882 0.304317 0.00274183 0.00108601 
0.0475184 0.219931 0.0170339 0.00016744 0.224584 0.102451 0.0360542 0.0164153 0.000695881 0.130917 0.0192591 0.037302 0.0019493 0.00730783 0.00363308 0.129456 0.000528391 0.00479552 
0.151162 0.102525 0.0196386 0.00282074 0.242312 0.0988904 0.0346544 0.0245074 0.00150884 0.140574 0.0272788 0.0395621 0.00187684 0.000301873 0.0265992 0.0782128 0.00554318 0.00203211 
0.195351 0.0539353 0.0229583 0.000111078 0.213849 0.0377188 0.0673242 0.057029 0.00560674 0.0777757 0.0219203 0.0349193 0.0148945 0.00808708 0.00336706 0.141479 0.00505293 0.0386212 
0.0651011 0.0345502 0.00481277 0.00744606 0.248653 0.0937005 0.0648527 0.0918809 0.000524904 0.127945 0.017182 0.156275 0.00134303 0.00310428 0.00323603 0.0757275 0.000374374 0.00328972 
0.109061 0.0226571 0.00627738 2.46609e-05 0.183096 0.103549 0.117407 0.0693013 0.00054934 0.174349 0.0452775 0.019827 0.0397477 0.0018226 0.000460971 0.0863258 0.00112834 0.019138 
0.0486555 0.0235914 0.016669 5.30537e-05 0.472624 0.108027 0.0423596 0.01891 0.00401679 0.0752874 0.0124884 0.0368281 0.00800623 1.28547e-05 0.00388449 0.0656448 0.0530452 0.00989661 
0.0284944 0.0156658 0.0381306 2.20245e-06 0.474296 0.113292 0.0420734 0.0322285 5.05249e-05 0.0524625 0.0131938 0.0467412 0.0158989 0.000975742 0.000629051 0.0426275 0.0813147 0.0019237 
0.0322667 0.0709932 0.0658076 0.00162136 0.254617 0.238088 0.0165461 0.0437819 0.000918305 0.0967687 0.02862 0.0893552 0.00688014 0.00859852 0.0119942 0.0261644 0.00104297 0.00593607 
0.053066 0.0444493 0.0840246 0.000538048 0.403135 0.0678767 0.0362497 0.0156529 0.00219493 0.138047 0.029436 0.0851822 0.00542817 0.00417993 0.00180069 0.0264442 0.0013233 0.000971855 
0.114586 0.035929 0.0182954 0.000100309 0.190179 0.132677 0.0496985 0.0525247 0.00573755 0.159632 0.0189782 0.0475635 0.00584867 0.00382474 0.0210878 0.12985 0.00152254 0.0119656 
0.0650293 0.0314652 0.013473 0.000334423 0.322388 0.0698549 0.0432612 0.0195621 0.0048829 0.165942 0.0476708 0.176059 0.00558374 0.0010214 0.00255601 0.0232445 0.00477971 0.00289099 
0.053543 0.0216702 0.0183962 0.000309626 0.288581 0.149322 0.0308585 0.0321463 0.00122061 0.0799691 0.0112724 0.0458256 0.00589252 0.00997302 0.0198273 0.209677 0.00381557 0.0177004 
0.105698 0.0204675 0.00473304 0.000232737 0.416954 0.0488699 0.0239934 0.0583544 0.00720081 0.156975 0.0525029 0.0238742 0.00873436 0.00352526 0.000769233 0.0444952 0.0208042 0.0018161 
0.105444 0.0411283 0.00661067 0.000121961 0.411304 0.0572956 0.0534176 0.0354683 0.00109546 0.162911 0.0315847 0.0351538 0.00871295 0.00119683 0.00841252 0.0351548 0.00357127 0.00141676 
0.104754 0.0928706 0.010055 0.00195614 0.298175 0.0509821 0.102573 0.0993096 0.000196489 0.0983574 0.0260119 0.0510915 0.0302004 2.33101e-05 0.00333892 0.0221584 0.0077412 0.00020522 
0.157969 0.0367746 0.012064 1.54531e-05 0.611611 0.00398233 0.00818876 0.00410411 0.000689321 0.0719193 0.000195826 0.0777638 5.74346e-05 4.99178e-06 0.000493325 0.00334123 0.0107741 5.18694e-05 
0.133375 0.0295356 0.00248257 2.49817e-05 0.357788 0.0845347 0.0264983 0.0178804 0.0057636 0.179608 0.00261899 0.0369296 0.00152423 0.000255999 0.0262645 0.0899724 0.00253223 0.00241082 
0.0397862 0.0469939 0.0432832 2.14312e-06 0.341376 0.0560577 0.0176089 0.0421108 0.01271 0.058469 0.0113997 0.00852103 0.0082478 0.0203668 0.00244441 0.274514 0.00802281 0.008085 
0.0615878 0.0990098 0.0271755 0.000416597 0.247811 0.113964 0.0337574 0.0365962 0.00680916 0.202443 0.0203734 0.0795111 0.00575395 0.00274433 0.00438634 0.0515486 0.00227021 0.00384223 
0.0820173 0.015256 0.0223157 6.20084e-05 0.326895 0.0395047 0.00266288 0.0070285 0.00590192 0.0531376 0.0157004 0.0636069 0.000506624 0.038317 0.0155557 0.292995 0.00296162 0.0155752 
0.0758753 0.148162 0.0262323 0.00138547 0.213582 0.141073 0.0327127 0.0230374 0.0109929 0.175982 0.0149988 0.0664122 0.00692817 0.00244527 0.00416156 0.0524893 0.000654127 0.0028755 
0.144598 0.00948456 0.0171744 0.000247859 0.441507 0.0399724 0.0652929 0.010859 0.00162167 0.0693685 0.0374474 0.0885444 0.00082314 2.99898e-05 0.00782795 0.0101928 0.0184498 0.0365583 
0.0756998 0.112371 0.010115 0.000128167 0.293785 0.112339 0.0251595 0.0576908 0.00271523 0.165325 0.0193179 0.0251415 0.00202732 0.00508614 0.00747151 0.0819219 0.00136847 0.00233684 
0.0358088 0.113298 0.0383231 0.000192241 0.223698 0.0993168 0.0334965 0.0274175 0.00348663 0.146943 0.0177386 0.0705314 0.00765377 0.00396953 0.0739485 0.0977067 0.00160496 0.004867 
0.152668 0.092324 0.00692477 0.00739396 0.245307 0.0666008 0.0131766 0.0189164 0.00969177 0.192778 0.00489297 0.0889244 0.00973073 0.00024203 0.0340819 0.0479044 0.00759532 0.000846909 
0.101234 0.0323242 0.01434 0.000392221 0.209342 0.0624921 0.0421397 0.0328037 0.0046652 0.205571 0.034678 0.186959 0.0050606 0.00112568 0.00448003 0.0529784 0.00302973 0.00638382 
0.0875104 0.0658066 0.0644085 0.000588808 0.194776 0.152518 0.0503553 0.0320736 0.00414516 0.171051 0.0180591 0.0726923 0.0104285 0.00427926 0.00859589 0.0538026 0.00522582 0.00368268 
0.109206 0.0688415 0.0233297 0.00152202 0.232007 0.0631833 0.0317827 0.030344 0.00741355 0.214653 0.0216719 0.123477 0.00579491 0.00378103 0.00259828 0.044629 0.00948939 0.00627556 
0.0698138 0.0296164 0.0168743 2.80601e-05 0.35703 0.0362444 0.0427495 0.0486254 0.00129797 0.227836 0.014382 0.00450824 0.000674267 0.00451942 0.000445496 0.0678609 0.0225018 0.0549911 
0.0398386 0.0736285 0.0313793 0.000169246 0.271815 0.141921 0.0328235 0.028333 0.00431002 0.147077 0.0331069 0.118976 0.00525861 0.00485328 0.00551437 0.0540533 0.00127874 0.00566372 
0.0788568 0.0380544 0.0130409 0.000199491 0.371225 0.0243 0.0206245 0.037409 0.020451 0.17869 0.00850211 0.0290282 0.0021992 0.00554732 0.00144856 0.150025 0.0147692 0.00562859 
0.200278 0.0158927 0.013562 4.17939e-05 0.307908 0.0563261 0.0245662 0.0223234 0.000372292 0.0478239 0.00437807 0.013669 0.00130176 0.0017061 0.000921102 0.0405593 0.182527 0.065843 
0.0180975 0.0324107 0.00864347 0.000369272 0.405396 0.157579 0.013014 0.0149593 0.00375552 0.160937 0.0133456 0.0136115 0.00105841 0.0170799 0.00356761 0.131811 0.00393028 0.000433888 
0.00684754 0.0295607 0.058534 3.78691e-06 0.550819 0.229915 0.011654 0.0359655 0.000254556 0.0464308 0.00635557 0.0158112 0.00154866 1.13085e-05 0.00034775 0.00267183 0.00172825 0.00154102 
0.154613 0.0381895 0.0186172 5.89194e-05 0.17 0.0923686 0.0315125 0.160841 0.017409 0.169377 0.0305662 0.0495724 0.00260966 0.000953581 0.0139464 0.0419157 0.00283884 0.00461063 
0.105702 0.0168313 0.0106783 2.99783e-05 0.442449 0.0405187 0.00624564 0.0184864 0.0029936 0.0617686 0.00679079 0.0222453 0.000762591 0.0943328 0.0155225 0.129736 0.0026049 0.0223015 
0.0507927 0.0747932 0.0353138 0.0013557 0.159281 0.15219 0.0456079 0.0349821 0.00361488 0.13649 0.0253313 0.0930726 0.00944563 0.0120954 0.0121041 0.14191 0.00377891 0.00784162 
0.113131 0.00774892 0.0134915 9.95861e-05 0.37232 0.00667215 0.0175622 0.00620421 0.00385777 0.0657303 0.00637005 0.0135103 0.00581601 0.00766104 0.00692274 0.105193 0.004853 0.242857 
0.0251 0.066919 0.0275905 0.000271432 0.334744 0.146975 0.0282317 0.0702137 0.00240239 0.161865 0.0106551 0.0563668 0.00578885 0.0122231 0.00117748 0.0458004 0.000861 0.00281431 
0.0120474 0.0579457 0.189897 0.00055978 0.208539 0.0926834 0.0196241 0.0130794 0.00305914 0.061012 0.013592 0.053378 0.0021872 0.0120073 0.0997233 0.150917 0.00164103 0.008107 
0.0248932 0.0161026 0.0031788 4.52443e-05 0.439857 0.287309 0.0100065 0.080109 4.03121e-05 0.0430386 0.0157221 0.0638132 0.00206574 3.35366e-06 0.00491196 0.00586599 0.00185427 0.00118345 
0.0412591 0.0301778 0.0210568 0.0001061 0.62868 0.0549849 0.00831871 0.0460277 1.38251e-05 0.0355192 0.00776473 0.0892987 0.00495633 2.78218e-05 0.0174988 0.00679572 0.0013353 0.00617846 
0.156776 0.0269775 0.0111451 0.00016169 0.357189 0.0536408 0.0608346 0.0202717 0.00220677 0.148768 0.0307242 0.0310683 0.0136815 0.00988342 0.0039293 0.0445972 0.0082033 0.019942 
0.0588598 0.0841238 0.0215248 0.000275195 0.291924 0.0360631 0.077897 0.03478 0.000762241 0.157721 0.0277385 0.0534873 0.00837758 0.00297094 0.0390529 0.0960736 0.00281772 0.00555075 
0.0383505 0.196849 0.0232626 1.91587e-05 0.375495 0.0990851 0.0544623 0.115601 2.04319e-05 0.019859 0.00343015 0.0100468 0.00144053 1.49046e-05 0.0417748 0.0147226 0.000302058 0.00526409 
0.0922724 0.00833421 0.0161646 0.000401734 0.441243 0.0335371 0.0227862 0.0417622 0.000555562 0.0594595 0.0148897 0.00796471 0.00343316 0.00158625 0.00186844 0.248789 0.00181901 0.00313358 
0.053462 0.0525875 0.0487962 6.00068e-05 0.218955 0.114637 0.0368407 0.0332707 0.00293208 0.150077 0.0185357 0.0781816 0.01434 0.0100605 0.0178191 0.139942 0.00127415 0.00822923 
0.0482229 0.00927938 0.0022094 6.26475e-05 0.390107 0.0249499 0.00603324 0.356556 0.000183601 0.0671745 0.0677802 0.0129508 0.00115343 3.25965e-06 0.000398149 0.00907775 0.00384016 1.78096e-05 
0.0173043 0.0453349 0.0183094 0.000176602 0.287547 0.216339 0.0267303 0.0262507 0.00112797 0.260019 0.00923641 0.0245298 0.00591266 0.00568792 0.00882842 0.0454373 0.000225456 0.00100313 
0.029358 0.0166666 0.0135089 1.72688e-05 0.406837 0.130628 0.0247202 0.142856 0.00104954 0.070972 0.0309405 0.0537799 0.0063295 2.0287e-05 0.00130504 0.0682609 0.00240668 0.000343384 
0.0186499 0.159007 0.0263653 0.00102869 0.228234 0.104577 0.0285434 0.0326029 0.0368098 0.16791 0.0117893 0.0839681 0.00275036 0.00217874 0.0025086 0.0818848 0.00041885 0.0107724 
0.0623047 0.0470458 0.0262955 8.89456e-05 0.366978 0.0687402 0.0222828 0.0627576 0.013305 0.110517 0.0105684 0.0357438 0.0054138 0.00727915 0.0123042 0.13459 0.00559121 0.00819481 
0.115258 0.0197114 0.0163852 0.00359171 0.280223 0.0490429 0.0267217 0.0931418 0.00311372 0.159864 0.03439 0.127564 0.0131279 0.00110441 0.0108171 0.0366761 0.00615974 0.00310686 
0.0727754 0.0373628 0.0238247 0.000799845 0.339836 0.0437981 0.053912 0.0240031 0.0258163 0.160368 0.0124624 0.0164598 0.00376939 0.0137609 0.00457009 0.117049 0.00564769 0.0437849 
0.0544464 0.0907658 0.0230253 0.000299637 0.224964 0.146275 0.0382006 0.0377973 0.00400249 0.192502 0.0352886 0.0812123 0.0103015 0.00167419 0.0180168 0.0334839 0.00222952 0.00551494 
0.0410085 0.140835 0.0308944 9.67459e-05 0.220917 0.123837 0.0495218 0.0161498 0.00587336 0.213815 0.0232822 0.0940303 0.0168425 0.00483625 0.00081023 0.0137567 0.000411108 0.00308227 
0.0121786 0.0193712 0.00629869 0.000294119 0.717116 0.0719777 0.0399037 0.0194264 0.0017894 0.0286856 0.0265451 0.0288993 0.00163806 0.000274462 0.022197 0.000855252 0.00235737 0.000191551 
0.0607499 0.0499924 0.0490904 0.000354751 0.260888 0.165523 0.0366461 0.056666 0.00163749 0.193158 0.0251154 0.0405666 0.00607352 0.00359757 0.00686148 0.0366459 0.00343595 0.00299868 
0.0558722 0.0333563 0.0163459 9.79449e-05 0.447982 0.0277776 0.0243961 0.0148601 0.00600822 0.0758901 0.0145831 0.0386877 0.0218273 0.0367537 0.00330082 0.153159 0.00821186 0.0208898 
0.127267 0.0393752 0.00359416 2.13474e-08 0.303045 0.00204742 0.132159 0.0187956 0.0580238 0.226696 0.000482085 0.00664268 0.00125902 0.000125026 0.0154308 0.0583702 0.000936658 0.00575086 
0.107888 0.136792 0.00883392 4.06948e-05 0.271247 0.0809659 0.00957602 0.0061055 0.00304079 0.029933 0.0200126 0.0143431 0.000628742 0.000173865 0.256286 0.0355255 0.00368592 0.0149218 
0.0440126 0.183178 0.0294081 0.00109759 0.235741 0.0737731 0.0303823 0.0259702 0.000868919 0.0566802 0.0185054 0.0468906 0.00222527 0.00746135 0.172468 0.0632865 0.00559683 0.00245451 
0.0438167 0.0475439 0.0194112 0.000651577 0.361673 0.129337 0.0244815 0.0387069 0.00179474 0.168408 0.0142479 0.0693693 0.00718534 0.00314302 0.0051024 0.0569028 0.00432434 0.00390033 
0.0561632 0.0205712 0.00138526 1.65092e-05 0.384707 0.0334646 0.0149873 0.0213829 0.000391239 0.312264 0.0744016 0.0428687 0.00340447 0.000154188 0.00130081 0.0296874 0.00114954 0.00169981 
0.0962819 0.0692159 0.00680456 0.000166945 0.374735 0.0380074 0.111578 0.0606633 0.0132224 0.114707 0.00927057 0.0210951 0.00575066 0.00362894 0.016216 0.0496225 0.00431748 0.00471697 
0.0242551 0.133055 0.0505219 0.000117597 0.218379 0.217748 0.0459621 0.0630322 0.00150707 0.161958 0.0181056 0.021976 0.0044188 8.53945e-05 0.00992246 0.0235412 0.00305976 0.00235452 
0.0422717 0.166089 0.116962 0.000442375 0.238355 0.124242 0.0796525 0.0321478 0.00232658 0.0682617 0.025319 0.0150199 0.0039051 0.0160748 0.00300609 0.0487648 0.0120626 0.0050975 
0.0712688 0.118781 0.00718932 0.00022672 0.515273 0.0596107 0.0138007 0.0300909 0.000669967 0.0931269 0.00908265 0.0202366 0.000940026 0.0103887 0.0060431 0.0376013 0.00432919 0.00134039 
0.0500434 0.0957881 0.0801538 0.000616286 0.245872 0.0657101 0.0379392 0.0272996 0.00421295 0.222699 0.0310035 0.0587451 0.0109597 0.002431 0.00729273 0.0538567 0.00221673 0.00316043 
0.0379841 0.0347427 0.0233862 0.000311092 0.364948 0.092481 0.0219518 0.065651 0.00160512 0.138362 0.0187507 0.0476948 0.0344119 0.00168673 0.00465581 0.0972535 0.000631597 0.0134923 
0.237393 0.032792 0.00164193 3.88459e-05 0.315348 0.0124232 0.0696386 0.0367486 0.00644493 0.143092 0.00530622 0.00575199 0.00249119 0.00575653 0.0298349 0.0911211 0.00176839 0.00240898 
0.0215671 0.0387723 0.0965815 7.36827e-05 0.450418 0.0926196 0.0557456 0.0381593 0.00296765 0.0487085 0.0150924 0.0210487 0.0039574 1.19534e-05 0.00354972 0.0956277 0.0139304 0.00116822 
0.0178579 0.153668 0.0225056 5.36861e-05 0.31318 0.0938297 0.00376758 0.00592701 0.00400554 0.144237 0.00997084 0.057106 0.00255659 0.0297776 0.0137755 0.0770973 0.00472033 0.0459636 
0.0659545 0.0791559 0.0126544 0.000413024 0.19062 0.108982 0.0868479 0.0913456 0.000918294 0.0755595 0.0337613 0.0513222 0.0133158 0.00833053 0.115159 0.0590118 0.00283227 0.00381586 
0.0770719 0.0535375 0.00409403 9.65355e-05 0.394659 0.135237 0.042372 0.0282108 0.00103347 0.140861 0.0102376 0.02247 0.0106709 3.28145e-05 0.00386912 0.0672306 0.006679 0.00163611 
0.0493543 0.00511367 0.0158166 0.000189985 0.55187 0.0214501 0.0146334 0.0299664 0.000848446 0.0247364 0.0173495 0.129334 0.00279385 0.00396811 0.0463198 0.0823173 0.00060864 0.00332958 
0.119159 0.0680111 0.0232441 0.00427467 0.223397 0.112644 0.0696199 0.0402805 0.00448543 0.133692 0.0235643 0.0610804 0.0266832 0.0135813 0.0164519 0.0374763 0.0201583 0.00219658 
