0.0475235 0.0352336 0.0396388 7.6543e-05 0.0667667 0.360103 0.0592846 0.0416314 0.013174 0.0669443 0.0293909 0.084998 0.0458692 0.000178721 0.0256454 0.0739076 0.00114244 0.00849087 
0.137905 0.114062 0.00274178 0.000769653 0.072535 0.161646 0.143144 0.0649781 0.000625635 0.107187 0.0183758 0.106031 0.0145339 0.00104325 0.0121439 0.0416999 0.000150177 0.000427453 
0.0421419 0.0360111 0.0317126 0.00024689 0.0390438 0.323084 0.0643772 0.0805269 0.00170341 0.146674 0.028163 0.114748 0.0099692 0.00289245 0.00797205 0.0663332 0.000890867 0.00350961 
0.0124758 0.154972 0.0431989 0.000184257 0.0186946 0.263925 0.0198238 0.0268401 0.000207933 0.127472 0.0531179 0.198643 0.013391 0.0399154 0.000700736 0.0234358 0.000184801 0.00281667 
0.0555838 0.0638824 0.0198628 0.000339845 0.0305357 0.372924 0.046417 0.0207771 0.00496386 0.267509 0.0307601 0.0473195 0.00809328 0.00141921 0.000814458 0.0248512 0.00084703 0.00309998 
0.142865 0.0630101 0.0051515 0.000234884 0.0663914 0.37862 0.0466767 0.0384703 0.0223017 0.107037 0.0330243 0.027569 0.0279462 0.00283785 0.00264771 0.0206635 0.0106561 0.00389684 
0.0289621 0.0407001 0.145861 6.26948e-05 0.0809231 0.345383 0.0176115 0.0175692 0.0150339 0.0622025 0.0697817 0.0131041 0.00863223 0.10852 0.00112649 0.031605 0.00402356 0.00889851 
0.0226882 0.133565 0.16557 0.000292019 0.0617411 0.296281 0.0277626 0.0240828 0.00612494 0.0773996 0.020431 0.0614832 0.00733786 0.010018 0.00402073 0.0747159 0.00108905 0.00539636 
0.121044 0.0681661 0.0821666 0.000122493 0.0828839 0.183773 0.0617152 0.055401 0.00298623 0.143484 0.0264702 0.0426894 0.00634259 0.00264378 0.0245381 0.0854457 0.00461393 0.00551401 
0.0346712 0.105898 0.0566637 0.0025128 0.202858 0.257035 0.0334725 0.0199557 0.0307543 0.0813986 0.004906 0.110559 0.00554649 7.04327e-05 0.00203372 0.0495501 0.000903929 0.00121051 
0.0243379 0.0263988 0.0691904 0.0002319 0.0256118 0.451701 0.0230661 0.0243894 0.000624072 0.24215 0.0173104 0.0482582 0.0171224 0.00144549 0.00261789 0.0212954 0.00086496 0.00338396 
0.0473799 0.0978216 0.0398649 0.000345117 0.143771 0.283614 0.0811775 0.0773551 0.00497802 0.0537324 0.0683709 0.0550082 0.00721692 0.000498319 0.0117715 0.0192121 0.00412571 0.00375656 
0.00774608 0.0178447 0.0320702 2.81702e-05 0.21051 0.239777 0.0234429 0.152702 0.00116067 0.0237905 0.0201588 0.0273255 0.00756285 0.00612684 0.0165979 0.202686 0.000244856 0.0102253 
0.030612 0.133089 0.0490145 0.000246943 0.0785093 0.320469 0.0325511 0.0285257 0.0473658 0.102312 0.0101865 0.0364038 0.00708999 0.00303367 0.00337874 0.111605 0.000285789 0.00532182 
0.112805 0.0623544 0.0281273 0.000260959 0.0122377 0.316447 0.0609158 0.0168106 0.000635513 0.0949472 0.138621 0.103625 0.00434097 0.00223065 0.00324214 0.0359376 0.00116634 0.00529492 
0.0870691 0.0913367 0.0338568 0.00489831 0.0917593 0.232916 0.0559048 0.037834 0.00273697 0.147569 0.0250437 0.103472 0.00689561 0.0019182 0.0304496 0.0274898 0.0142807 0.00457041 
0.0650028 0.0179661 0.01673 0.000253487 0.0314602 0.468092 0.12695 0.0259047 0.0140959 0.12812 0.0325882 0.0585276 0.00488536 0.000282492 0.00227779 0.00568515 0.000985899 0.000192112 
0.0326438 0.0318217 0.00569943 1.92166e-05 0.0236252 0.669557 0.00197224 0.00841295 3.65631e-09 0.0275187 0.0129255 0.176483 0.000255564 2.15926e-06 9.65157e-05 0.0080028 1.73555e-05 0.000946906 
0.0504253 0.0866557 0.0518291 0.000105401 0.116725 0.196694 0.0339254 0.030704 0.00353938 0.168757 0.0157048 0.0916672 0.011991 0.0107761 0.0115087 0.111802 0.00157808 0.00561199 
0.0549124 0.0237006 0.0477667 9.06421e-05 0.00559222 0.417052 0.0808036 0.0116442 0.0117971 0.193021 0.0206207 0.123724 0.00252982 0.000217601 0.000661666 0.00564976 5.84557e-05 0.000157431 
0.00998426 0.0173843 0.0462206 0.000300326 0.012815 0.665889 0.0549076 0.0362272 0.000137632 0.0423499 0.0638349 0.0370661 0.00559869 0.000499908 0.00124164 0.0022678 0.000411741 0.00286373 
0.0189766 0.0741064 0.0558022 0.000493734 0.215077 0.353039 0.021144 0.0136457 0.00334658 0.0883871 0.00795174 0.0827346 0.00497474 0.00276653 0.00311211 0.0460422 0.0010803 0.00731999 
0.0142822 0.0207891 0.066195 0.000460252 0.0216336 0.655549 0.0235145 0.0169952 0.000361958 0.0487226 0.0434594 0.075049 0.00339502 0.000885108 0.00121063 0.00427414 0.000621996 0.00260123 
0.0643103 0.0860495 0.0170193 0.000380191 0.00893986 0.242319 0.0963259 0.0983603 1.03035e-06 0.0943538 0.1153 0.0506756 0.0353349 0.000973138 0.00189446 0.0873233 0.000140183 0.000299673 
0.043687 0.109951 0.06223 0.00046952 0.0455959 0.333902 0.049091 0.0196659 0.00381367 0.0676559 0.0411223 0.103428 0.0191975 0.00951728 0.00312154 0.0739096 0.000845875 0.0127962 
0.0255431 0.148935 0.0429568 0.00187259 0.0723858 0.202254 0.0888719 0.0404864 0.00107804 0.123248 0.0531101 0.0597349 0.036813 0.00563904 0.00246445 0.0680692 0.000840402 0.0256967 
0.0375714 0.116392 0.0495955 0.000403107 0.0302283 0.425675 0.0366035 0.0165631 0.000176792 0.0483136 0.0593255 0.130887 0.0037903 0.000321376 0.00295182 0.0268742 0.00123608 0.0130918 
0.0789811 0.112402 0.0444919 0.000253282 0.0272588 0.403421 0.0472782 0.0281303 0.00230229 0.126564 0.0323071 0.0380713 0.00921482 0.00209024 0.00333773 0.0278904 0.0149409 0.0010642 
0.0543846 0.152736 0.0426958 0.000106866 0.0595904 0.204856 0.0842095 0.0181397 0.000932944 0.189352 0.0433881 0.0682405 0.0108469 0.00211099 0.00218553 0.0619952 0.000745025 0.00348326 
0.0859757 0.0563294 0.0223344 0.000231721 0.0321568 0.275583 0.0776564 0.0437687 0.00269217 0.253605 0.0144047 0.0966785 0.00577392 0.0052198 0.00172305 0.0220881 0.0024364 0.00134205 
0.0115202 0.0296743 0.0571054 0.000252519 0.0209104 0.717532 0.0145965 0.0130263 3.40249e-05 0.0603439 0.027485 0.0382607 0.00128891 0.000427533 0.00191488 0.00344388 0.000438023 0.00174491 
0.150766 0.0435804 0.00972945 0.00902796 0.0624298 0.253519 0.0574776 0.0287362 0.011319 0.14455 0.0488648 0.123423 0.0087209 0.000824203 0.00470448 0.0400137 0.000880732 0.00143351 
0.0228071 0.0508205 0.0276099 5.22695e-05 0.114614 0.415045 0.0556264 0.0369583 0.00232584 0.0791577 0.0260027 0.0497033 0.0331588 0.0181954 0.000520355 0.0655265 0.00122622 0.000649425 
0.0484975 0.0879008 0.0263572 0.000167329 0.111138 0.20582 0.0551378 0.037153 0.00445855 0.201918 0.0203153 0.126602 0.0136668 0.00158988 0.00228029 0.0541034 0.000791815 0.00210187 
0.0527065 0.0276217 0.0125487 0.000464394 0.0482774 0.3994 0.0566139 0.0233158 0.000278107 0.246807 0.0305227 0.0591232 0.00519149 0.00129533 0.00371258 0.0290531 0.000455205 0.00261271 
0.0194336 0.0314817 0.0552495 0.00031503 0.0138717 0.65184 0.044512 0.0232554 0.000137618 0.0490851 0.056922 0.0389727 0.00612551 0.000600014 0.00118732 0.00294318 0.000720881 0.00334712 
0.031448 0.117496 0.0510022 0.000115459 0.060157 0.250566 0.0465478 0.0585741 0.00150524 0.123632 0.0306775 0.155717 0.0104967 0.00296531 0.0108183 0.0450401 0.000600272 0.00264006 
0.0402668 0.0887476 0.0344657 0.00182974 0.086723 0.259955 0.0411125 0.0266354 0.00887153 0.187638 0.0250328 0.106836 0.0223385 0.00689933 0.00210275 0.0550923 0.00110522 0.00434772 
0.034731 0.056767 0.074332 0.00173383 0.193956 0.266952 0.0178236 0.0146029 0.00281306 0.0602653 0.0120146 0.0425585 0.00683245 0.00957913 0.0843756 0.112556 0.00154894 0.00655722 
0.0367856 0.134531 0.0165449 0.000252114 0.0380335 0.51684 0.00775195 0.00972849 8.73483e-05 0.0366692 0.0422634 0.132908 0.0067099 8.75759e-05 0.00292788 0.0153831 0.000124637 0.002371 
0.00535544 0.182754 0.051002 0.000121563 0.0412377 0.351675 0.030231 0.0312321 0.000379764 0.112265 0.0189 0.150582 0.00867401 0.00189154 0.00133633 0.00815356 0.000418846 0.0037907 
0.0115202 0.0296743 0.0571054 0.000252519 0.0209104 0.717532 0.0145965 0.0130263 3.40249e-05 0.0603439 0.027485 0.0382607 0.00128891 0.000427533 0.00191488 0.00344388 0.000438023 0.00174491 
0.0164311 0.0138369 0.0583505 0.00015752 0.0617258 0.566499 0.0257839 0.0707026 0.00109666 0.0582522 0.0212624 0.083717 0.00564996 0.00698841 0.00110253 0.0039156 0.00215786 0.00237004 
0.0719102 0.143916 0.0348292 6.36561e-05 0.11737 0.248455 0.033274 0.0275213 0.00732605 0.0896564 0.0212425 0.107081 0.00809905 0.00243217 0.0471774 0.0309652 0.00156734 0.00711299 
0.10068 0.0816161 0.0982727 0.00194068 0.0317719 0.238565 0.0885037 0.0177422 0.000512275 0.229323 0.0171006 0.0479049 0.00107321 0.00708062 0.000913871 0.0332646 0.0013204 0.00241413 
0.0578791 0.058055 0.0157474 0.000375047 0.118677 0.288108 0.0260938 0.127498 0.00541047 0.159833 0.0265793 0.035095 0.00745721 0.0023607 0.00183607 0.0649065 0.00304285 0.00104511 
0.0445932 0.0489392 0.035105 0.000168714 0.0961161 0.247087 0.0369545 0.106658 0.000543035 0.241825 0.0117744 0.0760598 0.00624013 0.000279867 0.00219223 0.0387495 0.00465012 0.00206373 
0.0345708 0.0550327 0.0497823 0.000121358 0.178056 0.359098 0.0357269 0.0380456 0.00150689 0.113884 0.011057 0.0454421 0.0117211 0.00635027 0.00351491 0.0449946 0.00734477 0.00375024 
0.0169937 0.0831945 0.0199233 0.000476553 0.0235987 0.660349 0.0146956 0.0104579 8.69753e-07 0.0640617 0.0136413 0.0824164 0.00673137 6.99406e-06 0.000699818 0.00186031 0.000556505 0.000335133 
0.108018 0.0646103 0.0425824 5.80724e-05 0.147263 0.251698 0.0723734 0.0342385 0.00326925 0.121404 0.0136993 0.0411268 0.0210703 0.00115616 0.00563179 0.0553306 0.0131871 0.00328374 
0.0543035 0.0635915 0.0736115 0.000128832 0.0245596 0.45832 0.0437576 0.0181978 0.00128108 0.0630229 0.108408 0.061988 0.00967843 0.000472299 0.000732237 0.0148247 0.000345465 0.00277644 
0.014391 0.0355955 0.0746933 0.000251909 0.0210919 0.667475 0.0102194 0.0118967 1.53592e-05 0.0690575 0.0173515 0.0694143 0.000589575 0.000236861 0.000898765 0.00426046 0.000473409 0.00208755 
0.0616332 0.0468148 0.0292355 0.000433871 0.0541191 0.323977 0.0490292 0.0308755 0.000563063 0.21707 0.0171776 0.0449449 0.0197091 0.000535118 0.000641613 0.100501 0.000819931 0.00191883 
0.0538091 0.0326202 0.028217 0.000298869 0.0465546 0.312112 0.0675141 0.128546 0.00277817 0.149354 0.0540811 0.0559466 0.0115284 0.00122009 0.00318606 0.049266 0.000547708 0.00242066 
0.0100709 0.0799369 0.0273011 0.000397291 0.0166951 0.632214 0.0447483 0.0140491 8.57246e-05 0.0483761 0.0351411 0.0568033 0.00250418 0.000281838 0.00130219 0.0254213 0.000684728 0.00398665 
0.017596 0.0248586 0.106084 3.96341e-05 0.0206388 0.568848 0.0736199 0.0479016 7.99365e-05 0.0580926 0.0263734 0.0419289 0.00795385 4.34246e-05 0.00059544 0.0034396 0.000726219 0.00118009 
0.0824244 0.0207192 0.00486889 0.000427095 0.0783424 0.234245 0.15031 0.0322529 0.00266435 0.233326 0.0397709 0.0480882 0.00764578 0.000312186 0.00138399 0.0313968 0.0316218 0.000200536 
0.0243261 0.0732469 0.0316469 0.000415723 0.0737049 0.203871 0.0461552 0.0474194 0.0252947 0.19312 0.035029 0.155416 0.0465874 0.000223472 0.00358289 0.0370815 0.00224534 0.000633325 
0.0194336 0.0314817 0.0552495 0.00031503 0.0138717 0.65184 0.044512 0.0232554 0.000137618 0.0490851 0.056922 0.0389727 0.00612551 0.000600014 0.00118732 0.00294318 0.000720881 0.00334712 
0.0289486 0.038171 0.15303 6.07435e-06 0.0818112 0.375818 0.0137663 0.0165296 0.0135334 0.0554339 0.0601532 0.0111637 0.00971152 0.102582 0.000714274 0.0286453 0.00314555 0.00683634 
0.199174 0.0564666 0.0599055 0.000425527 0.0719822 0.281479 0.0268063 0.0116353 0.000151013 0.1825 0.0123329 0.0644424 0.0053043 1.75605e-05 0.000369102 0.0210633 0.00358793 0.00235705 
0.0645585 0.125449 0.0214708 0.000111364 0.0687085 0.177832 0.166915 0.0610102 0.000582449 0.1509 0.0291823 0.0591148 0.0204578 0.000542921 0.00718333 0.0414071 0.00375718 0.000815749 
0.0607003 0.0789909 0.0616103 0.000372676 0.0337486 0.216357 0.0832906 0.0253709 0.00369944 0.176144 0.0189238 0.177451 0.00420849 0.000734891 0.012568 0.0413001 0.00150245 0.00302681 
0.0271122 0.0239548 0.0843224 5.7052e-06 0.240297 0.457251 0.0168234 0.0288907 9.39309e-06 0.0767602 0.000630332 0.0267651 0.00207649 2.18433e-05 0.000852369 0.0120739 0.00206692 8.60496e-05 
0.0454722 0.150171 0.0540983 0.000818626 0.0503632 0.259256 0.0373096 0.0426351 0.00130507 0.13519 0.0210576 0.137818 0.0115513 0.00418149 0.00111932 0.0440903 0.000531553 0.00303119 
0.0372696 0.0514488 0.0376949 0.000149419 0.191621 0.385883 0.047068 0.0340818 0.0016945 0.11059 0.0310976 0.0428502 0.00534912 0.00109125 0.00261509 0.012207 0.00367057 0.00361744 
0.0650028 0.0179661 0.01673 0.000253487 0.0314602 0.468092 0.12695 0.0259047 0.0140959 0.12812 0.0325882 0.0585276 0.00488536 0.000282492 0.00227779 0.00568515 0.000985899 0.000192112 
0.0378195 0.0456299 0.0169952 0.000177018 0.149012 0.243614 0.0263678 0.0856153 0.00497488 0.207843 0.0281289 0.0859127 0.0069828 0.00475888 0.00395677 0.0392796 0.00902056 0.00391096 
0.158122 0.0229478 0.00559918 0.000393215 0.0465048 0.386233 0.0539551 0.0884271 0.00251617 0.108896 0.0051795 0.0261648 0.00483295 0.000207916 0.00763073 0.0697655 0.0118188 0.000805662 
0.0617172 0.141615 0.0387154 0.00040286 0.0362476 0.336225 0.049444 0.0222288 0.0010995 0.0523771 0.0734277 0.0632787 0.0222745 0.00332864 0.0108127 0.0800597 0.000898789 0.00584657 
0.0207264 0.205258 0.0279301 0.000180722 0.147116 0.254177 0.0283578 0.0323781 6.34614e-05 0.14549 0.00196748 0.0256868 0.00115284 0.00372057 0.0573689 0.0359276 0.0124672 3.14107e-05 
0.0145286 0.0310183 0.110311 0.000259612 0.0398946 0.582843 0.00877379 0.0188901 0.00309588 0.0472711 0.027776 0.0410343 0.00168042 0.00922425 0.00485896 0.0514861 0.000307905 0.0067457 
0.0457554 0.0154091 0.0183549 0.0697732 0.057475 0.422287 0.017428 0.0100616 0.00256504 0.0871496 0.01864 0.0294766 0.0112865 0.0150614 0.0198841 0.155077 0.00354482 0.000770906 
0.0530546 0.0215949 0.0541564 0.000188683 0.119224 0.33951 0.0244266 0.0298461 0.000509809 0.233597 0.0132768 0.0600509 0.00412352 0.00117162 0.00116851 0.0404621 0.00175531 0.00188325 
0.0842231 0.0604225 0.0770294 0.000193207 0.0526488 0.211383 0.0709291 0.0308045 0.00562809 0.139564 0.0412295 0.154063 0.0157544 0.00299568 0.00134079 0.0467338 0.00172946 0.003328 
0.0172222 0.0381647 0.0361318 5.99147e-05 0.081867 0.581473 0.0136512 0.0311409 0.000176964 0.0872334 0.0168274 0.0374378 0.00421598 0.000480235 0.0032448 0.0490384 0.000768059 0.000865927 
0.0704523 0.0845895 0.0178779 0.000173107 0.100144 0.171826 0.166814 0.0566871 0.00136551 0.131331 0.0356245 0.0356815 0.0193896 0.00515287 0.00304216 0.0419646 0.000906478 0.056979 
0.0555838 0.0638824 0.0198628 0.000339845 0.0305357 0.372924 0.046417 0.0207771 0.00496386 0.267509 0.0307601 0.0473195 0.00809328 0.00141921 0.000814458 0.0248512 0.00084703 0.00309998 
0.102359 0.0548412 0.021301 0.000768462 0.116557 0.243498 0.0453496 0.0399683 0.00299988 0.236125 0.0141293 0.0566475 0.00314247 0.000781146 0.00510652 0.0410201 0.00151937 0.0138874 
0.0237969 0.0172759 0.0413078 0.000776985 0.0386873 0.496026 0.0216947 0.036254 0.000339251 0.16313 0.0252095 0.0717016 0.0275186 0.00399576 0.00259138 0.0272537 0.00160159 0.000838921 
0.0180786 0.0690703 0.0475641 0.000104349 0.0800416 0.401604 0.0336898 0.0897787 0.00144628 0.0397032 0.0545734 0.105115 0.00789944 1.82186e-05 0.00211106 0.0428676 0.000847457 0.00548741 
0.0146063 0.0278591 0.271083 4.7055e-05 0.031914 0.35682 0.0372746 0.0564462 0.000541084 0.10269 0.0111686 0.0592867 0.0231754 0.000140672 0.000899366 0.00397305 0.00131616 0.000757485 
0.0191183 0.0902989 0.0329714 0.000298899 0.0838747 0.197919 0.145922 0.0963412 0.00105951 0.112159 0.14536 0.052466 0.0127113 0.000344948 0.00146539 0.00662435 0.000847997 0.000217551 
0.0100709 0.0799369 0.0273011 0.000397291 0.0166951 0.632214 0.0447483 0.0140491 8.57246e-05 0.0483761 0.0351411 0.0568033 0.00250418 0.000281838 0.00130219 0.0254213 0.000684728 0.00398665 
0.0114137 0.0559066 0.110438 0.000390551 0.0303056 0.495899 0.0330799 0.0309053 0.000692797 0.0601131 0.0784569 0.069245 0.00371796 0.00025848 0.00123739 0.0113141 0.000797773 0.00582782 
0.0746981 0.02106 0.0268348 0.000118293 0.00752332 0.492863 0.131123 0.0121659 0.0413794 0.103231 0.0409545 0.0383973 0.00345584 0.000359668 0.00160788 0.00398809 8.6636e-05 0.000153757 
0.0214916 0.0734399 0.0147824 2.92187e-05 0.0371906 0.332644 0.147692 0.0889633 2.05917e-05 0.0599805 0.114821 0.0408569 0.00852824 2.31892e-06 0.000660683 0.0502539 1.86959e-05 0.00862459 
0.0365445 0.0599076 0.0380664 0.000453566 0.0918128 0.207094 0.0458757 0.0659691 0.004958 0.127535 0.0452773 0.1016 0.0356195 0.0219454 0.0150385 0.0864154 0.00145953 0.0144277 
0.0194336 0.0314817 0.0552495 0.00031503 0.0138717 0.65184 0.044512 0.0232554 0.000137618 0.0490851 0.056922 0.0389727 0.00612551 0.000600014 0.00118732 0.00294318 0.000720881 0.00334712 
0.00947693 0.0356894 0.34608 3.8537e-05 0.0733736 0.357154 0.00303834 0.0282352 0.000631223 0.0396325 0.0102286 0.0256613 0.0023348 0.00520469 0.00298924 0.0454261 0.000603796 0.0142008 
0.0555838 0.0638824 0.0198628 0.000339845 0.0305357 0.372924 0.046417 0.0207771 0.00496386 0.267509 0.0307601 0.0473195 0.00809328 0.00141921 0.000814458 0.0248512 0.00084703 0.00309998 
0.0894243 0.0176712 0.0393179 1.26595e-05 0.120087 0.322123 0.0276547 0.0522021 0.00671409 0.147987 0.0204308 0.0180237 0.00879989 0.0212164 0.00335883 0.0644991 0.0123861 0.0280905 
0.0154393 0.0662554 0.0770977 4.69393e-05 0.236692 0.389714 0.010942 0.0116927 0.00331114 0.0748484 0.00369741 0.0584955 0.00416835 0.000283837 0.00136765 0.0408851 0.00062875 0.0044342 
0.05575 0.0407255 0.0789419 0.000238754 0.0794801 0.307945 0.0529589 0.051556 0.00125945 0.181701 0.0211011 0.0729157 0.0057349 0.00150317 0.00751325 0.0289879 0.00937174 0.00231564 
0.0186932 0.0140727 0.00962574 5.67847e-05 0.0113543 0.311706 0.155856 0.0852157 0.000429175 0.0280068 0.211834 0.0834415 0.025816 7.01637e-06 0.000800968 0.0404229 0.000203937 0.00245738 
0.0751402 0.0713795 0.154583 0.000194134 0.0588023 0.18505 0.0537776 0.0284779 0.00348963 0.125038 0.0236842 0.098756 0.0353391 0.0173895 0.00210655 0.0620643 0.00101582 0.00371276 
0.0719534 0.0416315 0.0962965 0.00115869 0.0541995 0.375841 0.0285354 0.0201713 0.00353549 0.130123 0.0395887 0.109659 0.016294 0.000194659 0.000864768 0.00728236 0.00067898 0.00199234 
0.0295614 0.112045 0.0960736 0.00287198 0.0865838 0.29475 0.0343789 0.033921 0.00191284 0.0822006 0.027362 0.0772597 0.00811382 0.00568916 0.0360663 0.0624315 0.00356668 0.00521215 
0.0422569 0.0443877 0.0294754 0.000172953 0.13527 0.242569 0.0539907 0.0224108 0.00360005 0.185633 0.0349927 0.0437064 0.0337586 0.0205234 0.0011461 0.101262 0.000784804 0.00405893 
0.0212953 0.0250465 0.0492139 0.000163026 0.0137518 0.535208 0.0384101 0.0210839 4.31683e-05 0.0853372 0.0348829 0.160382 0.00981682 2.75642e-05 0.000511513 0.0033654 0.000361588 0.00109908 
0.0741987 0.0729422 0.0423641 0.000353376 0.0341152 0.419183 0.124081 0.0286249 0.000440434 0.0614017 0.0425372 0.0535236 0.00599482 0.000387243 0.00484195 0.0294552 0.00285768 0.00269876 
0.0360744 0.0778888 0.201013 0.000285902 0.0435255 0.336454 0.0163103 0.0196221 0.00196347 0.0642804 0.0619793 0.0383485 0.0082527 0.0204289 0.00300174 0.0562481 0.000843605 0.0134789 
0.0555838 0.0638824 0.0198628 0.000339845 0.0305357 0.372924 0.046417 0.0207771 0.00496386 0.267509 0.0307601 0.0473195 0.00809328 0.00141921 0.000814458 0.0248512 0.00084703 0.00309998 
0.0353446 0.00777823 0.00245671 4.38793e-07 0.0910536 0.368089 0.0413512 0.0474286 0.000135192 0.116096 0.0113601 0.0557407 0.000368646 9.56253e-06 0.00179488 0.220148 0.000676945 0.000168352 
0.0549124 0.0237006 0.0477667 9.06421e-05 0.00559222 0.417052 0.0808036 0.0116442 0.0117971 0.193021 0.0206207 0.123724 0.00252982 0.000217601 0.000661666 0.00564976 5.84557e-05 0.000157431 
0.0612357 0.0904166 0.0548054 0.000137435 0.0898688 0.218772 0.0484781 0.0460802 0.00405638 0.139151 0.031681 0.123321 0.0431426 0.00149355 0.00512351 0.0374511 0.000760074 0.00402586 
0.0443336 0.0389507 0.204023 0.000307283 0.0944266 0.225923 0.0348082 0.0216206 0.00391717 0.164289 0.0247481 0.0437797 0.00653929 0.00595667 0.0101589 0.0683537 0.00171611 0.0061483 
0.0317505 0.143301 0.0348534 0.0001551 0.0542273 0.3225 0.0739165 0.0897125 0.00162207 0.130598 0.0232726 0.0489995 0.0156197 0.000254931 0.00172582 0.0254202 0.00108629 0.000984422 
0.0728328 0.0797579 0.0383237 0.000174856 0.040385 0.192136 0.0705647 0.0433297 0.00512008 0.130585 0.0363137 0.144987 0.0168182 0.010024 0.00951378 0.0623489 0.0357184 0.011067 
0.125556 0.0764633 0.0219714 0.000135028 0.136435 0.212332 0.0670781 0.027237 0.00730881 0.121543 0.0349744 0.0602508 0.00715212 0.000504271 0.0148495 0.0841138 0.00133231 0.000762982 
0.0289721 0.189682 0.108731 0.00236855 0.0291892 0.356452 0.0369911 0.0374871 0.000420425 0.0654212 0.0264575 0.0580269 0.0115322 0.00180871 0.00241313 0.0394843 0.00035191 0.00421105 
0.026977 0.067623 0.0496498 0.00025076 0.072853 0.363576 0.0400173 0.0628512 0.000182368 0.1229 0.0734508 0.0383176 0.0402543 0.000994358 0.000710463 0.0367742 0.00179887 0.000819175 
0.0260458 0.0222886 0.167147 0.000340134 0.0360433 0.334536 0.0322552 0.0189218 0.00258861 0.0874478 0.0438504 0.0986545 0.0575729 0.0167112 0.00201337 0.0431617 0.000756221 0.00966484 
0.0553604 0.0205766 0.0250469 0.000170589 0.0189708 0.417591 0.0917322 0.0205959 0.00667087 0.189386 0.0221354 0.119696 0.00376881 0.000163416 0.0012713 0.00614625 0.000544438 0.000173472 
0.0289486 0.038171 0.15303 6.07435e-06 0.0818112 0.375818 0.0137663 0.0165296 0.0135334 0.0554339 0.0601532 0.0111637 0.00971152 0.102582 0.000714274 0.0286453 0.00314555 0.00683634 
0.0555838 0.0638824 0.0198628 0.000339845 0.0305357 0.372924 0.046417 0.0207771 0.00496386 0.267509 0.0307601 0.0473195 0.00809328 0.00141921 0.000814458 0.0248512 0.00084703 0.00309998 
0.0693529 0.120666 0.0938691 0.00540882 0.103386 0.203272 0.0319448 0.0301136 0.000659662 0.0908838 0.0140261 0.117856 0.0166887 0.00997809 0.00252386 0.0848348 0.000924584 0.00361185 
0.0333619 0.112624 0.0801755 8.8471e-05 0.0478819 0.324291 0.0308159 0.0173226 0.00107855 0.158561 0.0656883 0.0900482 0.00721591 0.00198874 0.00445025 0.0148582 0.000177295 0.0093718 
0.0309673 0.0750312 0.0523349 8.65559e-05 0.0657966 0.361964 0.0444975 0.035314 0.000835859 0.178211 0.0131331 0.0618011 0.0166822 0.000793806 0.00492625 0.0417518 0.0125786 0.00329487 
0.0342007 0.0907325 0.145959 0.000586242 0.105801 0.309485 0.0283409 0.0252237 0.00118339 0.092581 0.0199804 0.0405888 0.00919989 0.00494202 0.0111457 0.0692117 0.00298032 0.00785769 
0.0226882 0.133565 0.16557 0.000292019 0.0617411 0.296281 0.0277626 0.0240828 0.00612494 0.0773996 0.020431 0.0614832 0.00733786 0.010018 0.00402073 0.0747159 0.00108905 0.00539636 
0.0741987 0.0729422 0.0423641 0.000353376 0.0341152 0.419183 0.124081 0.0286249 0.000440434 0.0614017 0.0425372 0.0535236 0.00599482 0.000387243 0.00484195 0.0294552 0.00285768 0.00269876 
0.0198029 0.0627981 0.1522 0.00042614 0.0278459 0.401029 0.0330298 0.0216984 9.88892e-05 0.0821743 0.0534493 0.124399 0.00551515 0.000217117 0.00135698 0.0105976 0.000449594 0.00291201 
0.0185619 0.0799403 0.117601 0.000171453 0.0521401 0.507562 0.0248213 0.0163096 6.55525e-05 0.0407647 0.018986 0.0692751 0.00989945 0.000554772 0.00525479 0.0323714 0.00119548 0.00452495 
0.0531781 0.0518677 0.0462131 0.000194621 0.111476 0.199447 0.0338459 0.0182667 0.0113979 0.170614 0.0238267 0.0474734 0.00568352 0.0225511 0.00467927 0.188916 0.000533544 0.00983485 
0.0324566 0.155859 0.0348042 5.75273e-05 0.0236461 0.457102 0.039998 0.0254257 2.68643e-05 0.078108 0.0325435 0.0673588 0.0100165 0.0285927 0.00300308 0.00876083 0.000772466 0.00146894 
0.0553604 0.0205766 0.0250469 0.000170589 0.0189708 0.417591 0.0917322 0.0205959 0.00667087 0.189386 0.0221354 0.119696 0.00376881 0.000163416 0.0012713 0.00614625 0.000544438 0.000173472 
0.0463144 0.0657187 0.0269951 6.49225e-05 0.139606 0.347066 0.0261085 0.0131002 0.000292702 0.193234 0.00477738 0.051672 0.00535748 0.000342345 0.000876769 0.0765583 0.00072055 0.00119452 
0.0405038 0.0535155 0.0307211 0.000928758 0.114862 0.391184 0.056788 0.0631303 0.00175034 0.0933332 0.0514661 0.0518119 0.00580604 0.00190854 0.00430818 0.0225161 0.00652543 0.00894094 
0.0204128 0.0230833 0.116556 0.000593529 0.224005 0.376521 0.0188234 0.0284063 0.00057123 0.101253 0.0146443 0.058715 0.0032127 0.000271657 0.00208628 0.00755813 0.00217375 0.00111322 
0.0855283 0.0611391 0.0512308 0.00137287 0.0678827 0.362641 0.0589058 0.0316345 0.00137854 0.0756122 0.0141824 0.0615819 0.0052169 0.000989142 0.00481114 0.106763 0.00578535 0.00334403 
0.0791884 0.0794483 0.0293147 7.96488e-05 0.0370623 0.157855 0.082937 0.0328915 0.00257083 0.119273 0.0748467 0.0786015 0.140893 0.00550431 0.00363397 0.0617531 0.000815218 0.0133309 
0.0260289 0.12302 0.0693169 0.000391871 0.022815 0.41733 0.0507137 0.0173308 0.00214835 0.0544697 0.0474386 0.0823886 0.0128564 0.00623326 0.00245523 0.0517595 0.000744221 0.0125593 
0.0553604 0.0205766 0.0250469 0.000170589 0.0189708 0.417591 0.0917322 0.0205959 0.00667087 0.189386 0.0221354 0.119696 0.00376881 0.000163416 0.0012713 0.00614625 0.000544438 0.000173472 
0.0215287 0.0696367 0.218778 0.000275829 0.0364646 0.313899 0.0393256 0.0142665 0.000846176 0.148253 0.0304795 0.0766749 0.00276723 0.000406926 0.00122897 0.0228919 0.000967184 0.00130971 
0.0291448 0.0828218 0.148565 0.000107222 0.120469 0.280529 0.0358784 0.064854 0.00519655 0.11304 0.0324259 0.0564444 0.00379161 0.00085335 0.0035369 0.0149784 0.00482378 0.00253958 
0.0425667 0.0334692 0.00986316 0.000104666 0.00932046 0.464256 0.0583161 0.0353941 0.010468 0.201597 0.0445626 0.0243189 0.0610993 0.000234937 0.00055337 0.00298569 0.000290699 0.000599589 
0.106445 0.0454359 0.0479504 0.000404678 0.0461735 0.309453 0.0434652 0.0469514 0.00146208 0.203196 0.0293096 0.0831588 0.00507237 0.00348419 0.00205752 0.0224884 0.000804428 0.00268827 
0.0185004 0.0186771 0.287897 6.04979e-05 0.0334262 0.354913 0.0250729 0.0500277 0.000647421 0.0999682 0.00952734 0.0682256 0.0264645 0.000157023 0.00110542 0.00387043 0.00123615 0.000223393 
0.0615943 0.218159 0.0302088 0.000715678 0.104695 0.225505 0.031486 0.0230931 0.000320605 0.175234 0.0164687 0.0742387 0.017186 1.67648e-05 0.00344451 0.0148752 0.000719086 0.00203892 
0.0553604 0.0205766 0.0250469 0.000170589 0.0189708 0.417591 0.0917322 0.0205959 0.00667087 0.189386 0.0221354 0.119696 0.00376881 0.000163416 0.0012713 0.00614625 0.000544438 0.000173472 
0.0243261 0.0732469 0.0316469 0.000415723 0.0737049 0.203871 0.0461552 0.0474194 0.0252947 0.19312 0.035029 0.155416 0.0465874 0.000223472 0.00358289 0.0370815 0.00224534 0.000633325 
0.0476255 0.114821 0.117911 0.000146028 0.0509889 0.17105 0.0449654 0.0342295 0.00312569 0.167521 0.030361 0.0788707 0.0216919 0.00587205 0.00127799 0.0992386 0.000522484 0.00978064 
0.0450046 0.0723903 0.0420379 0.000135788 0.036538 0.477607 0.0432462 0.0572294 7.88295e-05 0.0972657 0.0355115 0.0542258 0.019922 0.000170518 0.00698148 0.0106164 0.000267319 0.000770748 
0.170597 0.0942954 0.0515177 0.000137333 0.0722658 0.189522 0.0478357 0.051938 0.00647945 0.155825 0.0174115 0.0556233 0.0125052 0.00512911 0.00331127 0.0454602 0.00665709 0.0134891 
0.0104156 0.0254753 0.0724194 0.000360404 0.0176019 0.669303 0.0167716 0.0237916 7.14359e-05 0.0653548 0.0319376 0.0424992 0.00234536 0.0147609 0.00133579 0.0030208 0.000499189 0.00203603 
0.0411979 0.116947 0.0422345 0.000263712 0.0862005 0.356439 0.111281 0.0266513 0.00082179 0.109081 0.0366617 0.0415827 0.00166743 1.06692e-05 0.00365597 0.0201743 0.00493011 0.000200146 
0.036142 0.191864 0.0244818 0.00022623 0.0445899 0.443705 0.0114396 0.00986859 0.000141781 0.0385198 0.0622558 0.102036 0.0109431 0.000123008 0.00434498 0.0164923 0.000172405 0.0026535 
0.0241353 0.0804716 0.032517 0.000118964 0.110857 0.331742 0.0340275 0.0265505 0.00335469 0.0882916 0.0205089 0.127896 0.0121098 0.00276992 0.0377461 0.0580081 0.00521456 0.00368027 
0.0331586 0.0685676 0.16493 4.46855e-05 0.0800707 0.290215 0.0313672 0.0204597 0.0178673 0.0834792 0.0878228 0.0171035 0.00971793 0.0379989 0.00123285 0.0366183 0.00499252 0.0143535 
0.323295 0.125674 0.0234758 3.25117e-05 0.00833417 0.337753 0.000429682 0.000224102 0.00267244 0.128232 0.00232715 0.0102765 0.00149992 0.0102711 0.000769045 0.0188036 1.84931e-05 0.005912 
0.0499176 0.0311768 0.0197031 0.000478244 0.101574 0.708544 0.00782028 0.0132681 0.0001531 0.0175206 0.00728328 0.0179636 0.00322161 1.5167e-05 0.00154106 0.00469739 0.00785414 0.00726825 
0.0523104 0.0851302 0.0982113 0.000156248 0.140542 0.190264 0.0245485 0.0263365 0.00533764 0.0967883 0.0148482 0.0879658 0.00491625 0.0219259 0.0254547 0.115374 0.00114463 0.00874534 
0.0339602 0.116966 0.177079 0.000182671 0.0978643 0.189724 0.0334859 0.021647 0.00127362 0.0949724 0.0267508 0.0590623 0.0053144 0.0112422 0.0229169 0.09794 0.00116538 0.00845346 
0.0550096 0.0874755 0.148208 0.000579906 0.046955 0.246024 0.031634 0.0239318 0.00251136 0.172871 0.0188806 0.0835485 0.00474038 0.00789543 0.00223946 0.0550098 0.00522461 0.00726056 
0.0574871 0.0330097 0.0297832 0.000413676 0.131121 0.24601 0.0263271 0.164546 0.00201091 0.179286 0.0195385 0.0609382 0.00197722 0.00205567 0.011563 0.0306914 0.00162595 0.0016154 
0.00523764 0.0198551 0.107229 0.000415276 0.0446124 0.676192 0.0170059 0.0178677 0.000144587 0.0335046 0.0200778 0.0310819 0.00262308 0.000561931 0.000917707 0.0170873 0.00304008 0.00254601 
0.0544492 0.065796 0.0159087 0.00128918 0.0384 0.32742 0.0597484 0.0271832 0.00047719 0.183915 0.0176604 0.0318237 0.00838615 0.000584549 0.00244509 0.160587 0.00255595 0.00137007 
0.203299 0.0504122 0.0451542 4.11224e-05 0.0347859 0.229833 0.0523859 0.150572 2.3372e-06 0.103425 0.00909941 0.0490889 0.000802557 4.16913e-05 0.00159431 0.0318507 0.0259016 0.0117113 
0.039608 0.0717287 0.0388185 0.000600649 0.153669 0.271836 0.0548564 0.0349813 0.00257997 0.106873 0.0348379 0.058418 0.0385533 0.0193616 0.00316623 0.0217872 0.0450437 0.00328019 
0.0465379 0.00919843 0.00390937 9.4209e-05 0.0808247 0.432868 0.104525 0.0494324 1.65513e-05 0.155906 0.017297 0.0829144 0.00599815 1.73301e-05 0.00183718 0.00482499 0.00373266 6.60037e-05 
0.03277 0.188699 0.112839 0.000337966 0.0371917 0.224187 0.0356485 0.0138833 0.00258184 0.170926 0.0261005 0.0434301 0.00539699 0.0097974 0.00339256 0.0854886 0.00014224 0.00718677 
0.0338945 0.0349618 0.0109048 0.00026214 0.0135819 0.500848 0.0485348 0.0198709 0.0132534 0.221685 0.0286684 0.0241479 0.02737 0.0168858 0.000550682 0.00378796 0.000264561 0.000526871 
0.0277624 0.134382 0.0438252 0.00018991 0.0456768 0.257955 0.0449195 0.029759 0.000849038 0.0694429 0.0427759 0.232542 0.0202388 0.00309035 0.0135355 0.0250997 0.0045254 0.00343085 
0.144152 0.0253597 0.00802916 6.05189e-05 0.157948 0.268027 0.0281055 0.0394829 0.00784514 0.0644319 0.019314 0.0188852 0.00235705 0.031784 0.00798582 0.16918 0.00175934 0.00529309 
0.0331666 0.099348 0.129165 2.70365e-05 0.0558582 0.307176 0.0245922 0.0296204 0.00267207 0.0631513 0.0171544 0.106679 0.00443828 0.0178341 0.00765015 0.0908858 0.00156026 0.00902187 
0.067906 0.0409386 0.0245902 8.88464e-05 0.0411632 0.283102 0.0954826 0.0719001 0.00662992 0.136097 0.0644586 0.102914 0.0369656 0.000341489 0.00245406 0.0163581 0.00510585 0.00350337 
0.00799202 0.0125038 0.0415001 8.66609e-06 0.00857957 0.728065 0.0456881 0.033696 6.48458e-06 0.0302455 0.0492792 0.0337524 0.00604842 2.19358e-05 0.000638187 0.00051283 0.000113405 0.00134786 
0.0100709 0.0799369 0.0273011 0.000397291 0.0166951 0.632214 0.0447483 0.0140491 8.57246e-05 0.0483761 0.0351411 0.0568033 0.00250418 0.000281838 0.00130219 0.0254213 0.000684728 0.00398665 
0.0517425 0.118451 0.116496 0.000657883 0.064866 0.237319 0.0135761 0.0228905 0.000941564 0.130401 0.0204677 0.0931874 0.00338443 0.00263581 0.00205642 0.0972732 0.00275729 0.0208952 
0.113989 0.0448701 0.0348999 0.000280762 0.011988 0.422287 0.0418901 0.0181696 0.00757248 0.228162 0.0138685 0.0251901 0.0261808 0.000270186 0.000596566 0.00868403 0.000257387 0.000843066 
0.143875 0.0346706 0.0434691 0.000119994 0.0431264 0.307166 0.0627195 0.0258346 0.0107125 0.0868797 0.072041 0.076823 0.0168504 0.00789781 0.00156671 0.0539229 0.00199258 0.0103318 
0.136121 0.0611396 0.0263953 0.00010116 0.0588732 0.205618 0.102669 0.0560614 0.0017299 0.110416 0.0649542 0.0660252 0.034914 3.5582e-05 0.0274787 0.0387935 0.00735613 0.00131772 
0.0741987 0.0729422 0.0423641 0.000353376 0.0341152 0.419183 0.124081 0.0286249 0.000440434 0.0614017 0.0425372 0.0535236 0.00599482 0.000387243 0.00484195 0.0294552 0.00285768 0.00269876 
0.0615952 0.0961861 0.118338 8.01472e-05 0.150438 0.19329 0.0387022 0.0244856 0.000608807 0.101691 0.0612645 0.0717235 0.00318498 0.0243659 0.00235107 0.042251 2.77021e-05 0.00941594 
0.021072 0.0879445 0.0629728 0.000281949 0.0396457 0.59724 0.0156492 0.041313 4.67068e-06 0.0370397 0.009612 0.048645 0.009921 0.0147249 0.00359669 0.00703996 0.000201004 0.00309613 
0.0538828 0.0836614 0.0228014 0.000548568 0.0539284 0.213337 0.161769 0.0690959 0.000354746 0.124118 0.0500057 0.040625 0.0715569 0.000687681 0.00359749 0.0486539 0.000686471 0.000690162 
0.0289621 0.0407001 0.145861 6.26948e-05 0.0809231 0.345383 0.0176115 0.0175692 0.0150339 0.0622025 0.0697817 0.0131041 0.00863223 0.10852 0.00112649 0.031605 0.00402356 0.00889851 
0.0083485 0.0248106 0.0638483 4.07487e-05 0.0536792 0.552261 0.0292448 0.0284386 4.6596e-05 0.0545569 0.00581214 0.110545 0.0163809 0.0175397 0.00297406 0.0305321 0.000587712 0.000352628 
0.138775 0.106452 0.00989369 0.00326971 0.0917418 0.266162 0.0700625 0.0411234 0.000375571 0.150093 0.0215394 0.0486514 0.00447968 0.000246977 0.00216942 0.043642 0.000584059 0.000739398 
0.0180624 0.0520509 0.0611021 0.000192535 0.0323108 0.467823 0.0387106 0.0154432 0.0778645 0.0870813 0.0191954 0.0953712 0.0061717 0.000168868 0.000686493 0.0121444 0.000553684 0.0150669 
0.0555838 0.0638824 0.0198628 0.000339845 0.0305357 0.372924 0.046417 0.0207771 0.00496386 0.267509 0.0307601 0.0473195 0.00809328 0.00141921 0.000814458 0.0248512 0.00084703 0.00309998 
0.0308329 0.0513223 0.0307169 4.91191e-05 0.0463354 0.432945 0.0563335 0.0198433 0.000426643 0.221184 0.0290299 0.0642058 0.00549521 2.70517e-05 0.00147937 0.00837918 0.000680461 0.000713803 
0.0629452 0.0561714 0.0319058 0.000349584 0.0418923 0.233127 0.0467103 0.0303913 0.00216811 0.232598 0.0384874 0.191528 0.00680835 0.000325461 0.00861334 0.0138681 0.00111328 0.000996628 
0.0375714 0.116392 0.0495955 0.000403107 0.0302283 0.425675 0.0366035 0.0165631 0.000176792 0.0483136 0.0593255 0.130887 0.0037903 0.000321376 0.00295182 0.0268742 0.00123608 0.0130918 
0.0620632 0.102342 0.0355309 0.000141636 0.0733989 0.229791 0.0684803 0.0290093 0.00188655 0.129676 0.0272072 0.165641 0.0105033 0.00992135 0.00429224 0.0457199 0.00136983 0.00302571 
0.158847 0.0336119 0.00841664 0.000121493 0.0126949 0.349263 0.111747 0.0246725 8.29596e-06 0.170857 0.0280428 0.0705523 0.0231779 5.56284e-06 0.000463276 0.00571854 0.00013129 0.00166991 
0.0100709 0.0799369 0.0273011 0.000397291 0.0166951 0.632214 0.0447483 0.0140491 8.57246e-05 0.0483761 0.0351411 0.0568033 0.00250418 0.000281838 0.00130219 0.0254213 0.000684728 0.00398665 
0.0185004 0.0186771 0.287897 6.04979e-05 0.0334262 0.354913 0.0250729 0.0500277 0.000647421 0.0999682 0.00952734 0.0682256 0.0264645 0.000157023 0.00110542 0.00387043 0.00123615 0.000223393 
0.0139362 0.0452346 0.0937375 0.000317921 0.0920966 0.499171 0.0292925 0.0113702 3.89954e-05 0.0413248 0.00923433 0.11536 0.000259942 0.000124753 0.00658206 0.0298384 0.0113944 0.000686382 
0.0291869 0.0207598 0.109883 0.000297962 0.0896182 0.266516 0.0399167 0.0289389 0.000677627 0.140694 0.0242514 0.10461 0.0478727 0.0408172 0.00254722 0.0469521 0.00173292 0.00472831 
0.0101855 0.115254 0.0689111 6.55378e-05 0.0757859 0.233015 0.050483 0.0462606 0.0044457 0.0281303 0.0330641 0.145997 0.00647644 0.0116096 0.00907316 0.0633672 0.0813871 0.0164889 
0.102932 0.0371503 0.146691 0.000520125 0.0435636 0.239154 0.0368477 0.0255508 0.00304722 0.160712 0.0614128 0.0469421 0.0222855 0.00823869 0.00138754 0.0590162 0.00302615 0.00152185 
0.0513856 0.163312 0.154991 0.000684098 0.0448212 0.231887 0.0259808 0.0206087 0.000592014 0.11878 0.0238389 0.115992 0.00559193 0.00271663 0.00345812 0.029685 0.00061429 0.00506002 
0.066291 0.0289521 0.0458519 0.000310332 0.0200723 0.521823 0.030149 0.0220557 0.000475424 0.0889649 0.0299981 0.114431 0.00305848 0.000264283 0.000940252 0.00674246 0.00162208 0.0179981 
0.0537036 0.212271 0.0200639 0.000460717 0.0231304 0.3318 0.0104779 0.00289932 3.52454e-05 0.138625 0.00152995 0.10448 0.0076002 0.00177437 0.00395506 0.0825612 0.000537628 0.00409356 
0.0549124 0.0237006 0.0477667 9.06421e-05 0.00559222 0.417052 0.0808036 0.0116442 0.0117971 0.193021 0.0206207 0.123724 0.00252982 0.000217601 0.000661666 0.00564976 5.84557e-05 0.000157431 
0.0459723 0.073688 0.0226291 0.00033313 0.0247187 0.522233 0.0488426 0.0201677 0.000865961 0.128894 0.0411267 0.0465996 0.00731686 0.000433096 0.00239197 0.00866717 0.00341722 0.00170302 
0.0341061 0.0531737 0.0179468 0.000104932 0.018097 0.258783 0.193482 0.12392 2.19637e-05 0.0827576 0.101565 0.0245461 0.00834716 0.000642642 0.000520405 0.0175846 0.0576344 0.00676684 
0.0158326 0.0605039 0.0381352 0.00127486 0.0630758 0.290136 0.0781792 0.055539 0.00220098 0.240704 0.0469918 0.0758037 0.0162052 0.00042059 0.00104374 0.00666357 0.00246611 0.0048235 
0.0586776 0.0501547 0.0381886 0.000231776 0.16403 0.294056 0.0246379 0.0321426 0.00353767 0.120918 0.0192491 0.0896461 0.00655317 0.00422734 0.0249617 0.0626609 0.00162996 0.00449629 
0.0539736 0.0600589 0.0352952 0.000118646 0.0541655 0.275832 0.053948 0.150447 0.00140499 0.171689 0.00923332 0.0493268 0.0118955 0.00178015 0.0291168 0.026698 0.0134887 0.00152767 
0.0360197 0.201867 0.023137 0.000349497 0.0362777 0.275548 0.0386101 0.0306824 0.00441354 0.20161 0.0381731 0.0325554 0.00491503 0.00236704 0.0445475 0.0244476 0.00106779 0.00341115 
0.16604 0.0242188 0.00929991 0.000783704 0.0217757 0.373494 0.0290504 0.0181662 0.00689435 0.282613 0.0200641 0.0205181 0.00284044 0.00119469 0.00177414 0.0110666 0.00642709 0.00377864 
0.165835 0.0463017 0.0311355 0.000884555 0.0269163 0.214765 0.1102 0.0263484 0.00212668 0.0716075 0.0294621 0.0613491 0.00789774 0.00169367 0.0570473 0.137305 0.00685589 0.00226721 
0.00412062 0.0192896 0.149386 1.64109e-05 0.0809365 0.488299 0.0201787 0.0335106 0.000166088 0.0688273 0.00237468 0.123937 0.00121217 0.000513776 0.00109231 0.00575784 0.000213838 0.000167808 
0.0250557 0.0357739 0.113162 0.000252676 0.10129 0.368005 0.0116362 0.111365 0.00013949 0.0849868 0.00834918 0.0855416 0.00104876 0.000270964 0.00725782 0.0430938 0.00146707 0.00130421 
0.117404 0.0963723 0.0446599 0.000864163 0.0233834 0.275441 0.0632257 0.032343 0.00140465 0.116615 0.0803317 0.108267 0.00714899 0.000364786 0.0038899 0.0253348 0.000723923 0.00222587 
0.0389603 0.0454971 0.0605242 0.000168892 0.0807572 0.369443 0.0325269 0.0294774 0.00181716 0.122722 0.0285228 0.150218 0.00746172 0.000709184 0.00174793 0.0246392 0.00378764 0.00101941 
0.0462494 0.0705054 0.0177827 0.000763568 0.109764 0.332646 0.0553172 0.0363148 0.000755239 0.128062 0.0859456 0.0847118 0.00841234 0.00347222 0.00279531 0.0109331 0.00142422 0.00414457 
0.0555838 0.0638824 0.0198628 0.000339845 0.0305357 0.372924 0.046417 0.0207771 0.00496386 0.267509 0.0307601 0.0473195 0.00809328 0.00141921 0.000814458 0.0248512 0.00084703 0.00309998 
0.0435844 0.0327796 0.126992 0.000262227 0.136188 0.202137 0.0886876 0.0672137 0.0025019 0.105612 0.00984206 0.100161 0.00841625 0.0385744 0.00241115 0.0331154 0.000577082 0.000943995 
0.0721291 0.11222 0.109596 0.000686119 0.0821974 0.194218 0.0342208 0.0408979 0.00170795 0.136908 0.0345139 0.112085 0.00907876 0.0034476 0.00632219 0.0400446 0.00193029 0.00779589 
0.146976 0.058308 0.0209663 0.000143641 0.194802 0.195421 0.0284716 0.0293284 0.00387073 0.168157 0.00623051 0.0250935 0.00391855 0.00278991 0.00508762 0.0973795 0.000486357 0.0125702 
0.0120244 0.0566387 0.0522445 2.41254e-05 0.0842164 0.386795 0.137795 0.0911569 0.000322584 0.0283688 0.00690826 0.104829 0.00441579 0.000640417 0.0107173 0.0132091 0.00544775 0.00424589 
