0.0903512 0.0419346 0.0398601 5.793e-06 0.0522683 0.0999596 0.403172 0.124619 0.000251865 0.0454776 0.0171354 0.0354365 0.0309169 0.000788236 0.00129452 0.0122493 0.00292518 0.00135366 
0.146279 0.013383 0.0187902 0.000282191 0.0701978 0.0491668 0.282226 0.159041 0.00177334 0.0800663 0.0477089 0.048601 0.00120616 0.00126606 0.00148066 0.0560151 0.0198262 0.00269057 
0.121887 0.0359613 0.0743499 9.8863e-05 0.0615606 0.0887868 0.165787 0.108552 0.00211168 0.110583 0.0786075 0.0676523 0.0503108 0.00402636 0.00302925 0.0199006 0.00519964 0.00159496 
0.0302045 0.0102364 0.00580091 0.000137341 0.0399416 0.0535454 0.555378 0.0612129 0.00238565 0.057569 0.0377969 0.0351943 0.00200288 0.00273999 0.000791756 0.0110533 0.0936031 0.000406047 
0.0944088 0.0217918 0.0385824 8.4728e-07 0.103521 0.105025 0.292557 0.0952107 0.00115601 0.147453 0.0448358 0.0262233 0.00426005 0.00192826 0.00197018 0.0164109 0.00279775 0.00186695 
0.0221515 0.0161262 0.00566442 1.24989e-05 0.0211821 0.0233083 0.753791 0.0317683 0.000947426 0.0592611 0.0156377 0.0150404 0.0195764 0.000443419 0.000203171 0.0123344 0.00103638 0.00151564 
0.0679257 0.0458124 0.026955 0.000162871 0.0389342 0.0795747 0.292329 0.0805833 0.00227786 0.156518 0.0936194 0.0447291 0.0291108 0.00142152 0.00558643 0.0258168 0.00691262 0.00172989 
0.0931739 0.0317104 0.0122037 0.000115024 0.0651795 0.0571706 0.282523 0.213932 0.00515719 0.0828533 0.0528914 0.0413336 0.0145762 0.0030384 0.00228724 0.0298491 0.00703326 0.00497205 
0.0121492 0.0180462 0.0182676 0.00021181 0.0181486 0.133678 0.32291 0.211757 0.000484997 0.0210677 0.169037 0.0521167 0.00428249 0.000513313 0.000728099 0.0116906 0.00247535 0.00243597 
0.0200526 0.00119428 0.00214482 6.33801e-05 0.00612974 0.0397292 0.390629 0.0139482 8.62298e-07 0.0787553 0.251276 0.0939365 0.00587965 7.19272e-07 2.97594e-05 0.000584814 0.095138 0.000506641 
0.0292915 0.00878424 0.0100057 3.21634e-05 0.03256 0.0742685 0.361854 0.0761331 0.00199542 0.0661 0.176868 0.0896604 0.00489392 0.00018221 0.0118327 0.0432623 0.00682698 0.00544886 
0.0508692 0.05668 0.0173419 0.000343487 0.041588 0.199136 0.253072 0.106221 0.00125194 0.107192 0.105189 0.0325898 0.012139 0.00147753 0.00292201 0.00947906 0.000908284 0.00160063 
0.0399622 0.0176825 0.00439542 1.55207e-05 0.0137105 0.0120441 0.775782 0.0211085 0.000318133 0.0478694 0.0119394 0.0156846 0.0163928 5.59778e-05 0.000132838 0.0211771 0.000766809 0.000961825 
0.0268844 0.0200267 0.00882748 6.18098e-05 0.0179886 0.100531 0.381483 0.126054 0.00183551 0.0722686 0.141961 0.0745376 0.0133626 0.000411207 0.00252627 0.00346908 0.00570672 0.00206417 
0.0143936 0.0444917 0.019857 0.00040532 0.0231835 0.0406652 0.217896 0.0441195 0.00619207 0.121903 0.152612 0.0390576 0.0981274 0.0153889 0.00160598 0.0185102 0.00374228 0.137848 
0.175411 0.0307464 0.0215314 0.000123341 0.0632332 0.0698598 0.20011 0.147378 0.00146376 0.0900238 0.0531629 0.0846886 0.00416533 0.00445669 0.00113865 0.0408783 0.00141569 0.0102123 
0.0631251 0.0190315 0.00984844 0.000172696 0.0558592 0.0643462 0.266954 0.259522 0.00146455 0.119426 0.0613798 0.0422551 0.00838571 0.00035225 0.00193131 0.0186297 0.00375195 0.00356429 
0.0539191 0.0555848 0.00121359 6.24987e-05 0.0278245 0.0263139 0.257753 0.0623147 0.0105808 0.14254 0.0726334 0.0140101 0.225248 3.45277e-05 0.00192124 0.0427972 0.000131164 0.00511715 
0.147491 0.00897332 0.00341368 4.07714e-06 0.0444357 0.0729431 0.310236 0.0831466 0.0119289 0.139429 0.117068 0.00470758 0.0101983 0.014045 0.00658637 0.0209381 0.00194341 0.00251141 
0.0847258 0.0129643 0.0137805 0.002367 0.020321 0.0327299 0.438353 0.0469697 0.00351698 0.0316491 0.212114 0.0604727 0.00819107 0.000169837 0.00200945 0.00989651 0.0177926 0.00197654 
0.1536 0.0839343 0.0153697 4.54933e-05 0.0873075 0.0849184 0.167533 0.0704836 0.00154855 0.147478 0.00662235 0.051168 0.00630906 0.00755847 0.0587826 0.0464754 0.0037442 0.00712099 
0.0489026 0.0390659 0.015431 0.0116865 0.0425363 0.0646747 0.241135 0.074944 0.00124009 0.0570907 0.0611684 0.0943401 0.0155174 0.00410862 0.00392291 0.0310732 0.186848 0.00631357 
0.0270999 0.0567364 0.014139 0.000250359 0.0445638 0.0975037 0.322316 0.14188 0.00108297 0.0952566 0.0711864 0.0458647 0.0176711 0.00221977 0.00690214 0.0508669 0.00234405 0.00211606 
0.151611 0.0103874 0.00391083 2.48129e-06 0.0528109 0.0129882 0.429245 0.0276962 0.00509116 0.138139 0.0565977 0.00989558 0.00725729 1.96934e-05 0.00270411 0.0794981 0.0120373 0.000108796 
0.0157921 0.0327033 0.0226049 0.000273312 0.0205801 0.0714684 0.251897 0.0653478 0.00263887 0.0563239 0.247319 0.0398256 0.157827 0.000855865 0.000763745 0.00859862 0.00369433 0.00148666 
0.114479 0.0147336 0.00560208 4.84968e-06 0.0302656 0.00635935 0.571541 0.0239755 0.00111525 0.0695267 0.023123 0.0107043 0.011158 0.000822161 0.000103095 0.114194 0.00199547 0.000297253 
0.0601771 0.0232609 0.00436859 4.76134e-05 0.0395987 0.164102 0.288413 0.086528 8.51557e-05 0.0962207 0.148622 0.044916 0.0084764 9.94458e-05 0.001417 0.026606 0.00406374 0.00299768 
0.0746318 0.0242017 0.0246741 0.000461006 0.0336297 0.0534438 0.290841 0.144942 0.00137878 0.0805183 0.151138 0.0699319 0.00846837 0.0031593 0.00341319 0.0233903 0.00698888 0.00478838 
0.0361715 0.0881746 0.0183966 0.0863247 0.0241235 0.103956 0.240626 0.156499 0.000109782 0.0479874 0.0611122 0.108224 0.00524484 0.000221914 0.00429082 0.0140733 0.00144144 0.003022 
0.104379 0.0153058 0.00355687 0.00019139 0.0105205 0.0563951 0.306854 0.047531 0.00248374 0.0913528 0.263681 0.0362773 0.0085236 0.0087858 0.000362301 0.0407366 0.00122649 0.00183718 
0.0940045 0.0231499 0.0113516 6.18963e-05 0.0265997 0.0419239 0.309648 0.148124 0.00980738 0.115649 0.0430933 0.0296032 0.115848 0.0013664 0.00171334 0.0226004 0.00279952 0.00265645 
0.0262948 0.0203311 0.00625373 0.000199062 0.0112043 0.0809515 0.602998 0.0226733 0.000412958 0.0223845 0.128113 0.0190685 0.0225877 0.000209119 0.00127186 0.0302403 0.00107811 0.00372799 
0.0755325 0.0284176 0.00295539 0.0002094 0.0884565 0.0341118 0.281457 0.0499592 0.00806759 0.0622977 0.105283 0.0103014 0.230119 0.00285123 0.0016295 0.00802503 0.0039158 0.00640995 
0.120997 0.0386228 0.0111775 0.000308992 0.117437 0.0832033 0.213622 0.12406 0.000559788 0.106224 0.0598189 0.033101 0.00822755 0.00619451 0.0123805 0.0555569 0.00529313 0.00321456 
0.147623 0.0170882 0.0154863 0.000226601 0.0312643 0.0906396 0.204802 0.156734 0.00792698 0.117099 0.105538 0.0354032 0.0133922 0.00354914 0.0116141 0.0367457 0.0014575 0.00341107 
0.032206 0.0130934 0.00694428 0.000963089 0.0198361 0.0153131 0.747906 0.0408877 0.000860475 0.0562213 0.0149601 0.01508 0.0182158 0.000395811 0.000241697 0.0151546 0.000815114 0.000905473 
0.024913 0.0108299 0.00349997 1.41652e-05 0.0206202 0.0155581 0.777357 0.0274448 0.00104433 0.0534201 0.014706 0.0149447 0.02025 0.000472658 0.000220889 0.0126777 0.000955741 0.0010709 
0.093988 0.0430022 0.0157261 2.39423e-05 0.0302652 0.0434639 0.436009 0.0772197 0.000513515 0.0837927 0.074185 0.0492603 0.012268 6.20376e-05 0.00116089 0.0349314 0.00276954 0.00135847 
0.0499642 0.024141 0.00544211 0.000196443 0.0561533 0.066861 0.220654 0.133689 0.00340954 0.0727173 0.184682 0.0391399 0.0824829 0.00148714 0.0214476 0.0310834 0.00480698 0.00164231 
0.152662 0.0393355 0.0172333 0.00120895 0.0502452 0.0697238 0.186727 0.126077 0.00738267 0.125974 0.0800826 0.0702411 0.0200679 0.00239251 0.00624696 0.0340811 0.00396154 0.00635694 
0.0533394 0.0481186 0.0216854 0.000316204 0.0270897 0.0548669 0.262371 0.0529398 0.0036183 0.078064 0.087423 0.0341055 0.0121647 0.017548 0.0047512 0.0399629 0.19746 0.00417465 
0.0601338 0.0333455 0.0133201 0.000559241 0.0408401 0.0451757 0.426151 0.046162 0.0208296 0.121611 0.0717893 0.0385239 0.0373965 0.00773877 0.00234491 0.0315519 0.00149465 0.00103189 
0.0582251 0.0290812 0.0084285 9.04051e-07 0.00536354 0.0476635 0.459173 0.0310721 1.20725e-05 0.0888466 0.0465013 0.167025 0.0142042 1.17669e-07 2.99139e-05 0.0241688 3.34966e-05 0.020171 
0.0500005 0.190552 0.0181533 0.00328847 0.0491621 0.0900723 0.257052 0.173176 0.0004079 0.0272324 0.0308241 0.0438007 0.00651198 0.00403695 0.00709939 0.0346132 0.00172966 0.0122872 
0.0816829 0.104087 0.0280601 0.000622297 0.0491447 0.0476563 0.229972 0.0575262 0.00156296 0.0948042 0.0632803 0.0210173 0.0115841 0.00247655 0.00939066 0.0610618 0.0057966 0.130274 
0.136446 0.026084 0.0168718 7.889e-05 0.0325782 0.0351614 0.319945 0.038124 0.00374292 0.0962249 0.05529 0.172013 0.0025139 0.017905 0.000465053 0.0340211 0.0118285 0.000706955 
0.0357437 0.0290102 0.00660342 0.00046684 0.0383711 0.13381 0.208663 0.193595 0.00676828 0.0622571 0.0211552 0.046827 0.175007 0.0249799 0.0076973 0.00685079 0.00162173 0.000572502 
0.101801 0.0658075 0.0314766 0.000936279 0.0975399 0.0528335 0.265511 0.106585 0.00347842 0.103422 0.0647933 0.0297828 0.00723069 0.00255292 0.00380522 0.0300227 0.00928764 0.023133 
0.0410722 0.0388865 0.0114025 0.011276 0.0356465 0.136091 0.308534 0.0845857 0.0163818 0.1095 0.069704 0.0606589 0.0331972 0.00623648 0.00196807 0.0287849 0.00455003 0.00152436 
0.125962 0.117079 0.00625112 1.35808e-05 0.0981234 0.0578867 0.210848 0.112779 7.23976e-05 0.0885747 0.0477672 0.0169147 0.00876503 0.00357862 0.000624161 0.0456449 0.00106337 0.0580524 
0.0622799 0.0267806 0.0534456 0.000212315 0.0470365 0.0570195 0.260091 0.137583 0.0020114 0.076466 0.0755306 0.0648707 0.00888931 0.00554699 0.00435618 0.0287574 0.0833126 0.00581014 
0.0537996 0.0343816 0.0135113 0.000280162 0.0630759 0.0917644 0.314102 0.0552465 0.00261194 0.0816253 0.124825 0.0448287 0.0680176 0.00578936 0.00246808 0.037418 0.00357227 0.00268273 
0.0923806 0.0203616 0.00667118 5.6666e-05 0.0419963 0.0347452 0.422087 0.0614374 0.00361259 0.198347 0.0509943 0.0161226 0.0126713 0.000450884 0.000227005 0.0202428 0.00228121 0.0153146 
0.0982475 0.0337292 0.0226846 0.000246033 0.0425235 0.0611873 0.242282 0.126604 0.00605307 0.0914091 0.139996 0.0590829 0.0168038 0.00282716 0.00416682 0.0351124 0.00879643 0.00824881 
0.131618 0.0282985 0.0145877 0.00130421 0.034948 0.0481461 0.323613 0.0936953 0.0040406 0.120654 0.0882297 0.0465951 0.0119012 0.00179422 0.0109654 0.0302449 0.00306693 0.00629681 
0.194783 0.0764281 0.0103718 0.00303341 0.0283989 0.0372235 0.358413 0.0464731 0.00212697 0.087577 0.0366959 0.0616026 0.0157924 0.018505 0.00053068 0.0142127 0.00193604 0.00589564 
0.0653036 0.0720119 0.0325946 3.94854e-05 0.020405 0.0860173 0.21304 0.0857428 0.00535711 0.0517336 0.158447 0.062719 0.0935008 0.00430788 0.00259747 0.0361686 0.00134776 0.00866606 
0.0879355 0.00984612 0.00220578 0.000196786 0.0144835 0.0471343 0.346991 0.057738 0.0012758 0.105216 0.223335 0.0531369 0.0106065 0.00226009 0.00162015 0.03098 0.00385634 0.00118105 
0.0648931 0.0461912 0.0100208 0.000109786 0.090995 0.0398697 0.381783 0.0290409 0.000189551 0.198665 0.0159225 0.0458525 0.00269587 0.000124359 0.0343597 0.0283643 0.00781497 0.00310825 
0.135244 0.0819277 0.0212549 0.00468997 0.12719 0.0649447 0.190699 0.109819 0.000558764 0.10454 0.0357678 0.0579102 0.00400504 0.000753657 0.00644073 0.0394005 0.00700091 0.00785221 
0.0219597 0.0219159 0.0188799 1.62306e-06 0.00534594 0.0787845 0.420984 0.191536 5.58509e-05 0.0556337 0.0867203 0.0571621 0.0241982 1.32925e-06 2.07201e-05 0.00552595 0.00509709 0.00617651 
0.0221515 0.0161262 0.00566442 1.24989e-05 0.0211821 0.0233083 0.753791 0.0317683 0.000947426 0.0592611 0.0156377 0.0150404 0.0195764 0.000443419 0.000203171 0.0123344 0.00103638 0.00151564 
0.0440128 0.0507216 0.0159476 9.11455e-05 0.086447 0.0399787 0.381595 0.0476183 0.00350949 0.120761 0.0572619 0.0417354 0.0677354 0.000151477 0.00419482 0.0308828 0.00432406 0.00303133 
0.0708537 0.0350035 0.020904 0.000283693 0.0290516 0.0440631 0.40941 0.0425019 0.00343123 0.158251 0.0892626 0.0530571 0.00572556 0.00113213 0.00131039 0.0300346 0.0033448 0.00237913 
0.00393297 0.00384292 0.000890573 5.2394e-09 0.0174507 0.000851759 0.767013 0.0151503 5.5613e-09 0.0104147 0.113635 0.00139654 0.0648742 1.0188e-06 0.000178955 4.77502e-05 0.000303127 1.62038e-05 
0.0399622 0.0176825 0.00439542 1.55207e-05 0.0137105 0.0120441 0.775782 0.0211085 0.000318133 0.0478694 0.0119394 0.0156846 0.0163928 5.59778e-05 0.000132838 0.0211771 0.000766809 0.000961825 
0.210692 0.0407554 0.0453601 9.94532e-05 0.0547878 0.109824 0.231082 0.048041 0.00224781 0.132172 0.0297524 0.0353804 0.00660194 0.00539995 0.0045799 0.0260158 0.00281344 0.0143948 
0.0567395 0.0477843 0.00765199 0.000298319 0.0365472 0.0889837 0.232652 0.0475458 0.000571397 0.0680784 0.113729 0.185088 0.0310123 0.00986122 0.013634 0.0343638 0.00194657 0.0235126 
0.0332806 0.026034 0.00419901 7.63506e-05 0.0293567 0.0295937 0.454696 0.140348 0.000684083 0.0426292 0.0628641 0.127322 0.00689652 6.35523e-05 0.0250525 0.0135395 0.00147207 0.00189321 
0.0708699 0.0515998 0.0100783 1.50887e-05 0.017859 0.0204482 0.344587 0.21854 0.00274112 0.0756709 0.0529608 0.0181921 0.00988107 9.77839e-06 0.00084427 0.0268194 0.0109366 0.0679468 
0.141629 0.0263513 0.057809 0.00193266 0.0566263 0.0615569 0.257366 0.0673904 0.00278861 0.11114 0.0558069 0.0722188 0.0110077 0.0201493 0.00363802 0.0357022 0.0089136 0.00797356 
0.0387528 0.0251999 0.00667249 0.000741576 0.0435395 0.104567 0.256917 0.207481 0.023349 0.125588 0.0728643 0.0377212 0.0246165 0.00174339 0.00219828 0.0195352 0.00726818 0.00124492 
0.16863 0.0357248 0.00608812 0.000113617 0.0429745 0.0624408 0.254845 0.0571716 0.000743021 0.0665697 0.204907 0.0477032 0.0229097 0.00039604 0.00163916 0.0132638 0.00256355 0.0113163 
0.0662969 0.0238585 0.0155248 0.000323703 0.0419756 0.0519853 0.369962 0.118236 0.00350613 0.0957584 0.0704546 0.0687472 0.0106512 0.00233816 0.0028965 0.0220534 0.0299302 0.0055013 
0.0553448 0.0463604 0.0167784 0.000320006 0.0414543 0.0644102 0.215245 0.0837474 0.00402297 0.089184 0.196309 0.0711196 0.0584298 0.0027725 0.00692872 0.0250754 0.0042815 0.0182156 
0.0774691 0.0595934 0.0213035 0.000431321 0.0531881 0.0569035 0.292044 0.083091 0.0031085 0.118357 0.0695966 0.0497126 0.0461215 0.00188166 0.00345315 0.0261115 0.0321078 0.00552538 
0.0464783 0.0220576 0.00881625 0.000281057 0.0210955 0.0623774 0.362689 0.130468 0.0028066 0.0933069 0.117806 0.0247977 0.0503969 0.00531429 0.000438263 0.0199094 0.0262262 0.00473483 
0.0868317 0.0157385 0.00446645 0.000131988 0.0404877 0.0280979 0.254104 0.168594 0.00110884 0.112901 0.206453 0.0273386 0.00243556 0.00486418 0.000849425 0.0381765 0.0034036 0.00401786 
0.0333385 0.0409648 0.103308 0.000101905 0.0370854 0.150729 0.256927 0.0325917 0.0023132 0.101584 0.0473368 0.0549383 0.0666647 6.03586e-05 0.00252621 0.0346488 0.0314828 0.00339789 
0.168255 0.0630276 0.0187275 0.000461649 0.0398 0.0888395 0.173959 0.0624787 0.00332446 0.124873 0.0775739 0.0918495 0.019612 0.00222419 0.00960685 0.0491295 0.0026407 0.00361578 
0.0886367 0.0156916 0.00157712 6.12242e-05 0.0186481 0.029393 0.401587 0.176118 0.000681679 0.120211 0.0796135 0.017138 0.0214779 4.726e-05 0.00233353 0.0261327 0.000507472 0.000144785 
0.0498412 0.0514402 0.0228553 0.000130427 0.0367757 0.0828834 0.273461 0.161388 0.00373991 0.0690293 0.121539 0.0457817 0.0347529 0.00224224 0.00516655 0.0296323 0.00333667 0.00600435 
0.0234216 0.0250424 0.0134804 0.000410482 0.031059 0.215967 0.277883 0.269336 4.0127e-05 0.0609259 0.0246442 0.0241917 0.0131443 0.000135905 0.00759947 0.00984155 0.000574742 0.00230218 
0.100261 0.015856 0.0298494 0.000115091 0.0274793 0.0825365 0.401415 0.0712211 6.27164e-05 0.0494456 0.124829 0.068545 0.0123925 5.84843e-05 6.02224e-05 0.00667508 0.00616966 0.00302797 
0.0654052 0.0269211 0.016397 0.000276608 0.046428 0.0744408 0.342258 0.106012 0.00365109 0.137476 0.0617861 0.0279947 0.0506855 0.00026674 0.0206624 0.0162177 0.00160255 0.00151871 
0.114029 0.0337092 0.0214722 7.91447e-05 0.101614 0.104616 0.203506 0.082796 0.00500158 0.135809 0.0279144 0.0543367 0.0153122 0.00245019 0.0531708 0.0341024 0.00499193 0.00509019 
0.0182109 0.168479 0.0175061 0.000121751 0.0228256 0.0833928 0.247417 0.207574 1.39766e-05 0.0480759 0.0994011 0.0182195 0.00270427 2.34543e-05 0.0224822 0.0426666 0.000838783 4.61903e-05 
0.0602945 0.0507585 0.0193949 0.000137927 0.0461913 0.092999 0.194977 0.129681 0.000350678 0.0897534 0.118464 0.117821 0.0451594 0.000818676 0.00353185 0.0184314 0.00321605 0.00801956 
0.0521856 0.122242 0.0145664 0.00144357 0.0496908 0.16297 0.191727 0.0247548 0.0112696 0.112292 0.0473856 0.102419 0.0106183 0.00719128 0.011682 0.0731938 0.00125762 0.00311053 
0.192276 0.0150651 0.00210831 0.000106554 0.0132922 0.08206 0.25426 0.070212 0.0152155 0.188114 0.0363054 0.106009 0.00218665 1.70005e-05 0.00116796 0.0164228 0.00492445 0.000257304 
0.0537975 0.081712 0.0590093 0.00132358 0.027494 0.0710694 0.252492 0.144413 0.00217092 0.0660794 0.0734013 0.0615962 0.00768998 0.00689004 0.00111626 0.0540324 0.00756285 0.0281499 
0.0338042 0.0209944 0.0330652 3.07604e-07 0.157992 0.0245182 0.388654 0.0804466 0.00366851 0.0716687 0.156813 0.00562368 0.00437669 0.00407679 0.00266935 0.00560381 0.00506673 0.000957705 
0.0283281 0.182243 0.0358294 0.000342015 0.0308945 0.158468 0.220401 0.0874357 0.000767957 0.12566 0.0459831 0.0303183 0.00523203 0.00307827 0.00211257 0.0325368 0.00359997 0.00676873 
0.0938386 0.0166297 0.00548762 9.91478e-05 0.028545 0.0438238 0.416198 0.0805504 0.0036591 0.0699749 0.135452 0.0307063 0.0289947 0.00188828 0.000694493 0.0376716 0.00162766 0.00415833 
0.0399622 0.0176825 0.00439542 1.55207e-05 0.0137105 0.0120441 0.775782 0.0211085 0.000318133 0.0478694 0.0119394 0.0156846 0.0163928 5.59778e-05 0.000132838 0.0211771 0.000766809 0.000961825 
0.196777 0.0316668 0.00861647 0.000681595 0.0480269 0.0458564 0.21979 0.0921363 0.00133703 0.129764 0.0261756 0.0226013 0.00506087 0.000224241 0.01073 0.0162703 0.120975 0.0233097 
0.0348923 0.0530222 0.0158704 0.000102208 0.0556333 0.0798539 0.433305 0.0863883 0.00018402 0.0454609 0.119032 0.0380237 0.0328226 1.60267e-05 0.000912981 0.00190151 0.00240598 0.000172877 
0.019723 0.0318715 0.011563 2.74342e-05 0.0376878 0.0650715 0.566047 0.0378921 0.00219602 0.031756 0.0636392 0.0295738 0.0718523 0.00469043 0.0016172 0.0215491 0.00251497 0.000727322 
0.248915 0.0638872 0.0181913 7.74836e-05 0.0493823 0.0383284 0.301193 0.0276042 0.000952955 0.13683 0.0244304 0.0338156 0.00713104 5.58151e-05 0.00351814 0.0369583 0.00467699 0.00405243 
0.0216135 0.0257128 0.0304186 0.00014781 0.0249894 0.0450003 0.387321 0.121944 0.00423527 0.0429925 0.0889894 0.0228424 0.170336 0.000353019 0.000620324 0.00920147 0.00292769 0.000354129 
0.0679371 0.00527673 0.00349729 6.97385e-06 0.0275065 0.00296439 0.691103 0.0265041 0.000284956 0.0603182 0.0124041 0.0103237 0.0108076 4.65781e-06 2.72006e-05 0.0787342 0.00203298 0.000265995 
0.0376995 0.0431836 0.0266556 9.53269e-05 0.0509339 0.0846004 0.247279 0.154786 0.00601305 0.214677 0.0298249 0.0612191 0.00510301 0.000294831 0.000175754 0.0327417 0.00211686 0.0026007 
0.284285 0.0141044 0.00762043 2.64941e-05 0.00261538 0.0241044 0.291737 0.0755596 0.00965812 0.137102 0.0839804 0.0304308 0.00281592 0.000637806 0.0161703 0.0126968 0.00564381 0.000812271 
0.122954 0.0345328 0.0185046 0.000225171 0.0761403 0.0582871 0.244445 0.100848 0.00311887 0.166198 0.0547265 0.0442894 0.0153917 0.00124386 0.00598336 0.0431582 0.00511347 0.00483979 
0.0650877 0.0203401 0.00261709 0.000399073 0.138701 0.0693456 0.305656 0.0612511 0.00113402 0.103718 0.0395468 0.00758491 0.00908395 0.00152965 0.0161422 0.0139247 0.135635 0.0083027 
0.0804477 0.0417377 0.0130732 0.000308745 0.0277396 0.0819513 0.336964 0.0867204 0.00396409 0.171995 0.0848827 0.0285187 0.0181936 0.000636692 0.00352283 0.0155256 0.00194231 0.00187583 
0.00624234 0.0198119 0.0109748 0.000300929 0.0917343 0.0790639 0.384766 0.181759 0.000222722 0.0801744 0.0155977 0.00657376 0.102868 0.000217781 0.0017611 0.00321355 0.000342977 0.0143749 
0.019039 0.0116161 0.00431196 7.10119e-06 0.0126336 0.0151544 0.820293 0.0247944 8.77998e-05 0.0359991 0.0127087 0.0127089 0.0153757 3.06312e-05 0.000140025 0.0137583 0.000649336 0.000691796 
0.0217105 0.0235055 0.0333808 5.23669e-05 0.0397138 0.101073 0.451652 0.059428 0.0021469 0.0375593 0.107597 0.0230595 0.0594112 0.00233102 0.000747171 0.0310954 0.00475035 0.000785794 
0.0774268 0.0170964 0.0148789 0.000159187 0.0346416 0.0155562 0.60432 0.0427324 0.000927798 0.0285774 0.103956 0.0272944 0.00240885 0.00110306 0.00089056 0.0161769 0.00505129 0.00680162 
0.0744215 0.0361495 0.0147408 0.00055238 0.0553696 0.0699896 0.371389 0.0669402 0.00224113 0.0635198 0.0716805 0.0579895 0.0626744 0.00150257 0.00210867 0.0340062 0.00391429 0.0108106 
0.0138199 0.0255845 0.0261223 0.000927477 0.170069 0.0768177 0.289072 0.0877484 0.00348867 0.0647866 0.175131 0.0203824 0.00936718 0.000309646 0.00478501 0.0238181 0.00698608 0.000783424 
0.0447168 0.0223565 0.0290583 8.95466e-05 0.0380972 0.0898706 0.343825 0.0916956 0.00163177 0.0718178 0.152143 0.0410036 0.0340953 0.00140459 0.00237811 0.0292611 0.00188969 0.00466585 
0.0515796 0.0617602 0.0101345 0.000601712 0.0383723 0.130694 0.298774 0.0876607 0.00239013 0.186646 0.0135072 0.0442903 0.00312002 0.00026751 0.000756895 0.0147595 0.0519367 0.00274841 
0.0434915 0.0270046 0.0215402 0.000223674 0.0350118 0.0463336 0.239831 0.151812 0.00207845 0.0532328 0.0287595 0.0580443 0.00749186 0.0837106 0.00184261 0.154767 0.0345104 0.0103149 
0.029263 0.0251143 0.00803725 9.49251e-05 0.0151142 0.0727286 0.403821 0.0265806 0.00713271 0.054727 0.0484684 0.0231237 0.27076 0.000398954 0.00074108 0.0120683 0.000633258 0.00119262 
0.0777119 0.0333661 0.00919147 6.96966e-05 0.04019 0.0610162 0.232034 0.0795378 0.0211882 0.12324 0.141401 0.0477777 0.108136 5.6748e-05 0.000245252 0.0179842 0.00505105 0.00180318 
0.0469689 0.0271656 0.0123184 0.00071972 0.0521599 0.0527836 0.339196 0.146559 0.000936714 0.0767263 0.11108 0.0415332 0.0590991 0.00112022 0.000927253 0.0202561 0.00624617 0.00420327 
0.0638067 0.0304915 0.0256112 0.00104664 0.0476833 0.0345272 0.313008 0.0829494 0.00144889 0.0773006 0.225163 0.0449374 0.00699468 0.00129603 0.00243709 0.035694 0.00246132 0.00314338 
0.0348923 0.0530222 0.0158704 0.000102208 0.0556333 0.0798539 0.433305 0.0863883 0.00018402 0.0454609 0.119032 0.0380237 0.0328226 1.60267e-05 0.000912981 0.00190151 0.00240598 0.000172877 
0.0361539 0.0161965 0.00195337 0.000680369 0.104077 0.0375904 0.568065 0.0399701 0.000633128 0.100525 0.022587 0.0183153 0.00742111 0.00337035 0.00780412 0.0246917 0.00814179 0.00182371 
0.159185 0.028811 0.00986203 0.000311321 0.0480554 0.055703 0.198567 0.111226 0.00535402 0.100151 0.0726719 0.0408176 0.134448 0.0037583 0.00207654 0.0207516 0.00286651 0.005384 
0.0250185 0.0146473 0.00487151 0.000180097 0.0499956 0.05444 0.566389 0.0746513 0.000542583 0.0407251 0.104581 0.0103508 0.0406655 0.00509785 0.000847684 0.00488334 0.00124625 0.000866142 
0.076835 0.0565497 0.0370218 2.70266e-07 0.0640148 0.241105 0.257273 0.0626057 2.70355e-07 0.118432 0.0107637 0.00973616 0.0182239 2.70425e-07 0.0174119 8.14034e-05 0.0299459 2.70383e-07 
0.038676 0.0216126 0.00760775 3.61679e-07 0.0066618 0.0542926 0.451837 0.0488084 4.11425e-05 0.0901369 0.123481 0.121959 0.0162923 8.65558e-07 3.26029e-05 0.00968822 0.00051983 0.00835212 
0.0577302 0.0233885 0.0103134 5.82834e-05 0.0284587 0.0499402 0.208304 0.177397 0.00382182 0.0666303 0.0963602 0.0411043 0.201313 0.00184156 0.00233509 0.0155577 0.00247976 0.0129661 
0.0350033 0.0384593 0.0314628 0.00897508 0.0332725 0.0468734 0.352231 0.209384 0.000391856 0.0710456 0.0867899 0.049502 0.00617304 0.000515257 0.00274325 0.0196496 0.00202864 0.0054994 
0.126921 0.0415444 0.0217931 0.00114293 0.052178 0.0783366 0.206241 0.152415 0.00618146 0.122044 0.0631636 0.0591883 0.014574 0.00276823 0.00732023 0.0338714 0.0046278 0.00568964 
0.119669 0.120331 0.00446899 4.88831e-05 0.0565956 0.0345741 0.283006 0.0588615 0.000686444 0.163588 0.0533558 0.0377203 0.033328 0.000240078 0.00140777 0.0299598 0.00132971 0.000829024 
0.0961757 0.0225244 0.0128741 7.24507e-05 0.148718 0.0720283 0.211892 0.0742145 0.00191869 0.175806 0.0453711 0.0288516 0.0444658 0.000264166 0.001777 0.0304389 0.0289393 0.00366761 
0.102749 0.0283801 0.0108658 0.00237536 0.036846 0.0624065 0.210277 0.134766 0.00766543 0.104763 0.109496 0.0414544 0.105376 0.00256939 0.00276998 0.0245653 0.0042118 0.00846254 
0.0377735 0.0389816 0.0134587 0.000926974 0.0384442 0.0857922 0.22203 0.13735 0.00879393 0.070805 0.131617 0.0404228 0.141462 0.00366826 0.00172331 0.0177522 0.00290409 0.00609379 
0.108754 0.0368224 0.0384873 3.71462e-05 0.0157688 0.00557695 0.323518 0.0594885 0.00187248 0.234592 0.0783827 0.0196732 0.00246593 0.000120447 4.22799e-05 0.0454145 0.0140244 0.0149585 
0.0299915 0.0208787 0.039269 6.64194e-05 0.162478 0.048389 0.300593 0.20747 0.00102353 0.0374547 0.0305465 0.0533556 0.0136621 6.46535e-05 0.00204799 0.0270523 0.0252224 0.00043434 
0.0684595 0.0227431 0.00764874 0.000538371 0.0312062 0.0326031 0.344395 0.0688021 0.0283736 0.124667 0.111667 0.0572399 0.0786608 0.00114694 0.000466662 0.0156891 0.00203028 0.00366228 
0.123885 0.0100289 0.0170469 0.00040284 0.00546835 0.103809 0.402387 0.019689 1.78774e-05 0.0865034 0.153307 0.0586456 0.0119077 2.06454e-05 0.000313159 0.00428524 0.000167244 0.00211562 
0.0511725 0.0190498 0.0157306 0.000153956 0.072573 0.0959936 0.319118 0.059062 0.00401466 0.0889107 0.0681133 0.0310189 0.102321 0.00940325 0.000724449 0.057084 0.00461485 0.000942271 
0.110404 0.0267526 0.00686786 0.000121819 0.0581589 0.0345654 0.390694 0.208258 0.00269062 0.0846657 0.00595248 0.0251635 0.00619535 0.00025051 0.00790092 0.0295883 0.00120213 0.0005684 
0.0399622 0.0176825 0.00439542 1.55207e-05 0.0137105 0.0120441 0.775782 0.0211085 0.000318133 0.0478694 0.0119394 0.0156846 0.0163928 5.59778e-05 0.000132838 0.0211771 0.000766809 0.000961825 
0.0502495 0.0214369 0.0077018 1.639e-05 0.0449131 0.0263111 0.416027 0.0622527 0.00720753 0.1433 0.0618946 0.0367333 0.0949654 4.24378e-05 0.00175604 0.0163733 0.00210802 0.00671141 
0.0561507 0.0277119 0.0284708 7.30062e-05 0.0398423 0.0420239 0.458699 0.103391 0.00157755 0.0754124 0.0225773 0.0420084 0.0554277 0.00254164 0.00327892 0.03464 0.00372169 0.00245231 
0.0359328 0.0236624 0.0066987 1.38871e-05 0.0141308 0.0181403 0.757204 0.0252762 0.000296549 0.0519341 0.0125526 0.0158111 0.0157471 5.47095e-05 0.000124439 0.0202918 0.000827776 0.00130083 
0.0491447 0.0229581 0.0507876 0.000276626 0.0821145 0.0318418 0.394941 0.0622407 0.00317402 0.153268 0.0592165 0.0495229 0.00187357 0.00022272 0.00235104 0.0308442 0.0025519 0.00266955 
0.20404 0.0369711 0.0207848 0.000534678 0.0486933 0.0527018 0.215617 0.0821219 0.00871159 0.131003 0.0646672 0.0539288 0.00906941 0.00331337 0.00504597 0.0421742 0.0104086 0.010213 
0.073503 0.045506 0.00940643 0.000247876 0.0432004 0.0578196 0.431601 0.0712978 0.00411775 0.103761 0.0374182 0.0432509 0.0157938 0.00060269 0.0129021 0.0324502 0.00479742 0.0123246 
0.0339812 0.0184351 0.00332619 1.75894e-05 0.0131191 0.0117962 0.785623 0.0193257 0.000360548 0.0456732 0.0135314 0.015557 0.0180797 6.04006e-05 0.000150549 0.0190416 0.000831659 0.00109007 
0.0242118 0.0232052 0.0134953 4.74636e-05 0.0259319 0.0665974 0.353719 0.14703 7.94195e-05 0.046185 0.0929616 0.16913 0.021681 3.45453e-06 0.00472473 0.00775638 0.00251938 0.000721286 
0.0924423 0.00665943 0.00364432 5.01973e-05 0.0162415 0.0224566 0.37351 0.0713767 0.00110241 0.0506788 0.176946 0.0511701 0.0115284 0.000259919 0.00033052 0.090291 0.000566594 0.0307456 
0.0943248 0.114423 0.0343743 7.45258e-05 0.0325838 0.0293079 0.228835 0.142223 0.00593271 0.164726 0.00490432 0.0451477 0.0248231 2.91605e-05 0.0259946 0.0271729 0.00289593 0.0222276 
0.0306752 0.0685142 0.0504316 9.98393e-05 0.0929278 0.112589 0.415223 0.0704087 0.000886974 0.0297207 0.0219471 0.0426383 0.0473622 0.000658025 0.00154477 0.0119041 0.00132879 0.00113959 
0.190337 0.0350441 0.0126366 0.000311518 0.05941 0.0511426 0.290193 0.0511596 0.00739162 0.119795 0.0624609 0.0432527 0.0122012 0.00125938 0.00182966 0.0521892 0.00254182 0.00684426 
0.0312688 0.0207574 0.017613 0.000211178 0.00745936 0.161816 0.242818 0.173748 0.000795598 0.114469 0.04956 0.0148942 0.0022813 0.00332588 0.0004224 0.00798689 0.147591 0.00298184 
0.0136221 0.0777656 0.0131545 0.00129656 0.0274709 0.0634273 0.349172 0.0232917 0.000635487 0.0161124 0.135504 0.0289451 0.199928 0.000172101 0.0210607 0.0190568 0.00156402 0.00782029 
0.19697 0.0121358 0.0034052 2.18834e-06 0.0524521 0.00639619 0.264095 0.0319072 4.5364e-05 0.188804 0.118268 0.0166484 0.0115776 0.000729408 0.00105458 0.0191741 0.0707314 0.00560412 
0.0656816 0.0786192 0.0262952 0.000900612 0.074665 0.117102 0.150913 0.1426 0.00259487 0.0865999 0.0847384 0.0666691 0.0165377 0.00257628 0.0344253 0.0386746 0.00484261 0.00556516 
0.0369167 0.0871553 0.0401966 1.01585e-05 0.0836205 0.143667 0.188179 0.0833372 0.00577461 0.0397972 0.0327642 0.130378 0.00764723 0.00339598 0.0084092 0.073137 0.0308411 0.00477247 
0.0806125 0.0491447 0.0140302 7.26138e-05 0.0269739 0.0529783 0.394546 0.0664764 0.00120542 0.113119 0.106102 0.0530225 0.010479 0.000124821 0.0057409 0.0198044 0.00413335 0.00143317 
0.0385013 0.021466 0.0131414 0.000464239 0.0461956 0.0619591 0.335116 0.260728 0.000232231 0.0518071 0.0864657 0.0199148 0.0317284 0.0002032 0.00225498 0.00736574 0.00909914 0.013357 
0.0867262 0.0120109 0.00454498 2.31587e-05 0.00799792 0.0493646 0.329222 0.121246 0.0297103 0.241511 0.0649867 0.0372583 0.00438086 2.0944e-05 9.38415e-06 0.0085427 0.00148868 0.000955647 
0.065248 0.0339545 0.00654318 0.000184762 0.03641 0.0518699 0.30513 0.116822 0.00489048 0.0968355 0.0380429 0.0348367 0.168343 0.000221601 0.00203809 0.029971 0.00468295 0.00397557 
0.149734 0.0368833 0.0105273 0.000178544 0.0328055 0.0511718 0.204566 0.0374071 0.00513023 0.123489 0.0575827 0.0541344 0.185118 0.00246686 0.00319896 0.0375446 0.00422915 0.00383285 
0.0313125 0.0232963 0.0102488 4.82355e-05 0.0209238 0.117186 0.279614 0.146926 0.00209472 0.0842311 0.165472 0.0868332 0.0154932 0.000446543 0.00288676 0.00401921 0.0065929 0.00237427 
0.0302045 0.0102364 0.00580091 0.000137341 0.0399416 0.0535454 0.555378 0.0612129 0.00238565 0.057569 0.0377969 0.0351943 0.00200288 0.00273999 0.000791756 0.0110533 0.0936031 0.000406047 
0.0818389 0.0355912 0.00995553 0.000313374 0.0622145 0.0779544 0.24882 0.14901 0.00181439 0.131809 0.0581574 0.0434431 0.0218085 0.00822389 0.00335644 0.0196623 0.0417596 0.00426755 
0.0482433 0.025394 0.00612161 0.000568827 0.0186077 0.100117 0.468607 0.058713 0.00198552 0.0686759 0.144324 0.0382428 0.00774764 0.00559971 0.000677464 0.00349192 0.00215125 0.000731269 
0.0759358 0.00898524 0.00217371 3.50667e-06 0.13781 0.035918 0.294339 0.0856451 0.000577141 0.0850926 0.035219 0.00651698 0.0100048 0.000392165 0.0141771 0.0105393 0.193751 0.00292025 
0.024913 0.0108299 0.00349997 1.41652e-05 0.0206202 0.0155581 0.777357 0.0274448 0.00104433 0.0534201 0.014706 0.0149447 0.02025 0.000472658 0.000220889 0.0126777 0.000955741 0.0010709 
0.11863 0.0351147 0.0137499 2.93917e-05 0.0368907 0.0389879 0.273294 0.0904834 0.00279952 0.203882 0.0843504 0.0294425 0.0367388 0.000768115 0.000666943 0.0264875 0.00473046 0.0029545 
0.127303 0.0645839 0.0181899 7.97147e-05 0.0464973 0.0845898 0.35283 0.0212785 0.00449591 0.0862512 0.0204392 0.0383449 0.0205284 0.00326606 0.00717925 0.10102 0.00186148 0.00126156 
0.0679371 0.00527673 0.00349729 6.97385e-06 0.0275065 0.00296439 0.691103 0.0265041 0.000284956 0.0603182 0.0124041 0.0103237 0.0108076 4.65781e-06 2.72006e-05 0.0787342 0.00203298 0.000265995 
0.0775404 0.0306387 0.0147067 0.000402157 0.0325623 0.0653456 0.349034 0.113621 0.00360279 0.0976857 0.0593402 0.0311592 0.0228238 0.00647345 0.00482537 0.0775964 0.00934098 0.00330103 
0.114471 0.0652433 0.0493613 0.000717422 0.0393117 0.0646553 0.163412 0.0699615 0.00370421 0.138777 0.0260864 0.0685533 0.00472297 2.1763e-05 0.000852527 0.0261995 0.161713 0.00223626 
0.165943 0.0309383 0.205658 4.66307e-05 0.0276588 0.0238831 0.252178 0.0419517 0.000124316 0.0878219 0.118124 0.0137708 0.00271229 0.00334524 4.99281e-05 0.0156153 0.00138422 0.00879462 
0.087346 0.0523598 0.011173 0.000132664 0.0334662 0.0388486 0.261894 0.0569374 0.00413796 0.193549 0.040669 0.0512641 0.12125 0.000443374 0.00161034 0.0271673 0.00250195 0.0152493 
0.00608554 0.0324102 0.0259788 0.000197713 0.0350745 0.0910921 0.36576 0.193198 0.000522101 0.0310965 0.0781665 0.0647878 0.034522 0.00690628 0.0015833 0.00998867 0.00349576 0.0191344 
0.112864 0.0366628 0.0202238 0.000642893 0.024552 0.0385246 0.26686 0.0385699 0.00108295 0.13682 0.0852994 0.0731796 0.0131336 0.00120372 0.00169787 0.0471912 0.00218088 0.099312 
0.0234676 0.00786478 0.00669355 2.57869e-06 0.102536 0.0418382 0.345372 0.0408584 0.000203535 0.0806101 0.168624 0.023752 0.133812 0.00121552 0.00184583 0.0162461 0.00476142 0.00029655 
0.151789 0.124914 0.00215849 0.131546 0.0694857 0.0251724 0.280528 0.0331009 0.000364043 0.0618377 0.00889086 0.0217339 0.0133134 5.29381e-05 0.0233801 0.0495829 0.00114766 0.00100172 
0.0519056 0.0556281 0.0156281 0.000349341 0.0262619 0.104732 0.325077 0.108694 0.00222947 0.0407199 0.125456 0.0456616 0.0362436 7.95404e-05 0.00289267 0.0400149 0.00170508 0.0167211 
0.082802 0.0527784 0.0218306 0.0148052 0.0344845 0.0935001 0.202882 0.170365 0.00257469 0.0866622 0.0908083 0.0467337 0.0737466 0.00135972 0.00192546 0.0164675 0.00307533 0.00319884 
0.120007 0.0103095 0.0154168 2.36987e-05 0.0226352 0.0282376 0.478386 0.0249234 0.00320841 0.0768757 0.0836169 0.0149355 0.0258867 0.000250555 0.000263335 0.0242937 0.00113256 0.0695974 
0.0438863 0.0412696 0.0148636 0.00309997 0.0329775 0.0819202 0.286979 0.125538 0.00439542 0.079923 0.105342 0.0422981 0.10563 0.00148719 0.0019971 0.0222358 0.00283175 0.00332513 
0.0907561 0.0372416 0.0143816 0.00189091 0.0380741 0.0633123 0.209675 0.100163 0.00436586 0.118003 0.194103 0.0554594 0.0349139 0.00148108 0.00130754 0.0252566 0.00562296 0.00399236 
0.0647229 0.0869052 0.0329283 0.000394857 0.0714173 0.115453 0.187022 0.0556688 0.0168257 0.139918 0.0719444 0.0693458 0.0166041 0.00647178 0.00684342 0.0447226 0.00457016 0.00824173 
0.06994 0.0313946 0.0117842 0.000430998 0.0278033 0.077193 0.238296 0.130286 0.000957148 0.0878268 0.0938001 0.0651492 0.00763608 0.0027022 0.00553981 0.0210035 0.122006 0.00625031 
0.0963262 0.0128492 0.00350477 0.000211286 0.0248573 0.0572278 0.326838 0.0586554 0.00390547 0.132141 0.135479 0.0202573 0.102667 0.00267396 0.000750119 0.0141451 0.00652317 0.000988183 
0.0779692 0.00793634 0.0158911 1.46767e-09 0.197139 0.168471 0.306292 0.0344861 7.88531e-12 0.033194 0.0178977 3.10674e-07 6.01651e-12 2.33712e-08 0.140722 1.48618e-07 2.06149e-07 1.38238e-07 
0.111098 0.0115013 0.00249769 8.46157e-05 0.0106024 0.0577169 0.507476 0.0910103 0.0010355 0.161052 0.0090213 0.015516 0.00565267 7.32288e-06 0.000276391 0.0066292 0.00843518 0.000387758 
0.0433454 0.0105712 0.0217571 0.000523168 0.00653476 0.0652423 0.591064 0.0436683 0.000362703 0.0246579 0.099285 0.0651349 0.00529498 6.99866e-05 0.00500634 0.0117156 0.00304442 0.00272205 
0.0474283 0.034428 0.0201347 6.89686e-05 0.0534421 0.104956 0.279451 0.117953 0.00269418 0.0895391 0.0780521 0.0579779 0.0642964 0.000537105 0.00267334 0.0308586 0.00621995 0.00928947 
0.114163 0.0251872 0.0450498 0.00110634 0.0789549 0.0145805 0.233515 0.0263909 0.00932119 0.101937 0.0225056 0.0228868 0.003277 0.00282681 0.0080022 0.0764357 0.146008 0.0678517 
0.269192 0.0151463 0.0214286 0.000150763 0.0213237 0.0675544 0.278158 0.128585 0.00317013 0.0610699 0.0292326 0.0773984 0.00500163 0.00186328 0.000255502 0.0168663 0.000798293 0.00280407 
0.169636 0.0210752 0.015689 1.8121e-06 0.0575341 0.0516747 0.360817 0.0770361 0.00176249 0.0350775 0.0857727 0.0158256 0.0159158 0.00132478 0.0132588 0.0457971 0.0175631 0.0142378 
0.0437968 0.0396918 0.00972822 0.00134949 0.0602824 0.137108 0.255242 0.0534303 0.0688616 0.144665 0.056873 0.0602983 0.0323183 0.000316187 0.00275839 0.0230381 0.00890358 0.00133748 
0.115356 0.0731584 0.0561591 0.00196327 0.0447295 0.112218 0.152231 0.0802947 0.00772725 0.115135 0.0683027 0.040069 0.0161289 0.000353977 0.00840714 0.0262387 0.0773311 0.00419696 
0.0158251 0.0221595 0.00370585 0.00203353 0.0152591 0.0110014 0.813462 0.0218436 0.00032397 0.0328854 0.0140933 0.0160254 0.00765012 0.000474735 0.000365944 0.0179144 0.00106989 0.00390679 
0.114827 0.0828972 0.0229878 0.000391756 0.068707 0.058441 0.250912 0.0596434 0.0103593 0.194416 0.0523855 0.038509 0.00801121 3.13739e-05 0.00239176 0.0301566 0.00114272 0.00379015 
0.123708 0.0355843 0.021153 0.00012361 0.0298559 0.0694409 0.293712 0.076986 0.000745498 0.101459 0.0792309 0.0720707 0.0341191 0.000415024 0.00120798 0.0529479 0.00342994 0.0038111 
0.048626 0.0554515 0.0270303 0.000373622 0.0410848 0.0714205 0.352461 0.0591213 0.000420631 0.0578064 0.180244 0.05691 0.0155083 0.000265902 0.00380017 0.019141 0.00449593 0.00583795 
0.0774268 0.0170964 0.0148789 0.000159187 0.0346416 0.0155562 0.60432 0.0427324 0.000927798 0.0285774 0.103956 0.0272944 0.00240885 0.00110306 0.00089056 0.0161769 0.00505129 0.00680162 
0.0788714 0.0352021 0.0192051 0.000375104 0.0231148 0.105125 0.307568 0.061782 0.0112169 0.099229 0.0909676 0.035795 0.098422 0.00271101 0.00109805 0.0175946 0.00774809 0.00397442 
0.0774268 0.0170964 0.0148789 0.000159187 0.0346416 0.0155562 0.60432 0.0427324 0.000927798 0.0285774 0.103956 0.0272944 0.00240885 0.00110306 0.00089056 0.0161769 0.00505129 0.00680162 
0.147234 0.0737043 0.00412383 2.36179e-05 0.184154 0.0313194 0.232814 0.0615587 0.00245981 0.123936 0.0397543 0.0359419 0.0116007 9.41474e-05 0.00760812 0.0224589 0.0200713 0.00114245 
0.0155134 0.00853961 0.0131711 0.000158155 0.00211678 0.1623 0.6639 0.0115206 0.000770504 0.0088416 0.0718462 0.00775677 0.00972739 0.000166084 0.00133898 0.0185964 0.000168987 0.00356787 
0.0374878 0.0132881 0.00230185 2.69946e-05 0.0313177 0.0295032 0.471648 0.03981 0.00305486 0.048162 0.182799 0.103881 0.00676905 2.92437e-05 0.00122269 0.0242989 0.00145583 0.00294429 
0.11246 0.0417082 0.0118631 0.00146557 0.0406278 0.0558923 0.367617 0.0982131 0.00478046 0.110746 0.0479138 0.0384825 0.0107808 0.00646468 0.0019859 0.0381827 0.00488539 0.00593087 
0.0593292 0.02571 0.00997134 0.000596018 0.0361876 0.0658808 0.185872 0.160781 0.0055738 0.0895238 0.11354 0.0405448 0.173462 0.00239981 0.00155232 0.0221339 0.00228628 0.00465561 
0.0280347 0.0262073 0.00412858 2.23041e-06 0.0107015 0.0704311 0.563323 0.0174718 0.000446299 0.0399626 0.0334092 0.0594927 0.0572907 8.95748e-06 0.001561 0.0852323 0.00164606 0.000649484 
0.0893268 0.019453 0.0125159 0.000132891 0.02115 0.0894951 0.392592 0.0878563 0.00125156 0.0909524 0.0960724 0.0466116 0.0174455 0.000682182 0.00349893 0.0262063 0.0017875 0.0029693 
0.0222574 0.0113067 0.0012059 2.2897e-05 0.0316299 0.009811 0.429361 0.233594 0.00298248 0.036201 0.202258 0.0048118 0.000365533 0.000110219 0.00175671 0.00724834 0.00488406 0.000193108 
0.0869342 0.0750827 0.0024278 0.000174867 0.124403 0.0707222 0.168637 0.150383 0.00962019 0.126754 0.00542686 0.0354838 0.0088835 0.000281593 8.8338e-05 0.0369639 0.097346 0.000385688 
0.143889 0.0451775 0.0352938 0.000290094 0.0309198 0.0675492 0.214388 0.124598 0.0054849 0.0996982 0.0403001 0.120439 0.00627831 0.00391576 0.0074859 0.0387477 0.00490288 0.0106425 
0.0736792 0.027888 0.0165471 0.0107442 0.0601689 0.0757717 0.242052 0.0968453 0.00788982 0.0980604 0.112358 0.124426 0.0161357 0.000369722 0.00493851 0.0121469 0.00316979 0.0168092 
0.019723 0.0318715 0.011563 2.74342e-05 0.0376878 0.0650715 0.566047 0.0378921 0.00219602 0.031756 0.0636392 0.0295738 0.0718523 0.00469043 0.0016172 0.0215491 0.00251497 0.000727322 
0.0353209 0.0814118 0.0641201 0.000467182 0.061573 0.057895 0.260059 0.143163 0.000335569 0.0917379 0.0709305 0.0444008 0.0245941 0.00249153 0.00213527 0.0523413 0.00220056 0.00482216 
0.117761 0.0301607 0.0123353 0.00010093 0.0413073 0.0367533 0.286902 0.123111 0.00795166 0.154041 0.0404381 0.0418401 0.0739504 0.00128026 0.000623812 0.022978 0.00127161 0.00719422 
