0.0132431 0.0100968 0.00516424 2.09257e-05 0.0159953 0.2213 0.055171 0.44287 1.0007e-05 0.168954 0.0129463 0.0368633 0.0142515 4.80832e-06 0.000552095 0.00144668 0.000778352 0.000332047 
0.0632709 0.0155903 0.020857 0.000221775 0.0510293 0.0942235 0.142267 0.392832 0.0026013 0.0568063 0.0237256 0.0290417 0.0325815 0.000972092 0.0268664 0.0291631 0.0145778 0.00337195 
0.161971 0.0461866 0.040079 0.000532054 0.0916089 0.0807852 0.0799382 0.248591 0.00173245 0.0856744 0.0282564 0.0673015 0.00378845 0.006497 0.00699177 0.0351768 0.00666129 0.00822865 
0.14395 0.0263143 0.0167234 0.000455947 0.0441991 0.0693086 0.180799 0.207078 0.00432041 0.13519 0.0526066 0.0594934 0.00853749 0.00309539 0.00236106 0.0370256 0.00499353 0.00354879 
0.163069 0.0117799 0.00857444 3.7596e-05 0.0339765 0.00310556 0.0322394 0.622192 0.00059105 0.0780479 0.00677775 0.0141258 0.00421981 8.80586e-05 0.000278284 0.0137543 0.00500216 0.00214047 
0.0629683 0.0140131 0.00353322 4.4159e-05 0.0394038 0.0244862 0.259694 0.409885 0.00506294 0.0554003 0.0528087 0.0225799 0.0118325 3.0194e-05 0.00126371 0.0290061 0.00716582 0.000821626 
0.0059271 0.00182014 2.46269e-05 5.28532e-07 0.0114769 0.00687356 0.0654101 0.8381 0.00496406 0.00190113 0.000633944 0.0415924 0.00108835 3.7282e-05 0.0148575 0.00491362 0.000355138 2.36365e-05 
0.0303634 0.0395428 0.0133689 0.0007994 0.0652288 0.135052 0.16362 0.212677 0.000442909 0.0715832 0.174701 0.0421365 0.01274 0.000996803 0.0041256 0.021334 0.00463442 0.00665308 
0.040738 0.0986055 0.0318725 0.000477832 0.0938281 0.158167 0.0811027 0.1614 0.00249356 0.113242 0.0459951 0.102697 0.0234253 0.00560345 0.00981181 0.0247525 0.00215824 0.00362871 
0.139588 0.0165776 0.0299207 0.0330727 0.133282 0.0718278 0.0226277 0.324536 0.00184604 0.0651464 0.00305418 0.0388621 0.00304564 0.0235876 0.00281857 0.0268302 0.00872949 0.0546472 
0.108479 0.0519177 0.00402133 0.000318277 0.118185 0.0720907 0.0788006 0.229516 0.000175182 0.129999 0.0340354 0.0689323 0.00985977 0.000141982 0.0420571 0.0318687 0.00335075 0.0162513 
0.12098 0.0196871 0.0136176 9.12811e-05 0.0547429 0.0392523 0.204653 0.314808 0.0258346 0.113376 0.0300402 0.0294829 0.00906258 2.04476e-05 0.00146815 0.0195931 0.00269209 0.000598047 
0.100991 0.0187895 0.0114406 0.000163743 0.0251411 0.100321 0.0453763 0.420627 0.015921 0.113188 0.0215661 0.087627 0.00679186 0.000126859 0.00192536 0.0256987 0.000692613 0.00361285 
0.211233 0.0252929 0.0120765 0.000216495 0.0257309 0.0398584 0.0674145 0.426027 0.00241022 0.0836262 0.0300052 0.0395784 0.00166861 0.000204378 0.000726762 0.0163667 0.0142106 0.00335351 
0.0648433 0.0277434 0.00580191 3.12026e-05 0.153289 0.0187318 0.171905 0.265643 0.00277928 0.0782216 0.04956 0.0673135 0.0319239 1.41365e-05 0.00390961 0.0457032 0.00971848 0.00286796 
0.0729496 0.0183586 0.0418837 0.0006987 0.0974002 0.179497 0.105143 0.306032 0.000561283 0.106948 0.0078248 0.0188743 0.00148957 0.00809255 0.00551179 0.0167408 0.0032061 0.0087882 
0.028504 0.00728261 0.00994624 1.76148e-06 0.0506823 0.0380011 0.274647 0.431157 2.22632e-05 0.0124716 0.0944962 0.0382603 0.00201375 5.61495e-06 0.000823506 0.0060533 0.00324864 0.00238206 
0.133915 0.0291863 0.0152639 0.000263407 0.03436 0.0726078 0.114637 0.297286 0.00415505 0.161212 0.0322797 0.0289898 0.0191981 0.00595099 0.00163783 0.0348498 0.00546713 0.00874014 
0.201135 0.0205268 0.0110356 0.000178476 0.0205825 0.0476741 0.104103 0.210843 0.0115091 0.137148 0.0197141 0.0601467 0.00892574 0.0141716 0.00127032 0.0568688 0.0721443 0.00202323 
0.0871186 0.0134391 0.00352968 0.000137253 0.153381 0.196935 0.0278492 0.385793 3.49683e-05 0.0488724 0.00594723 0.0393563 0.00300287 0.00277047 0.021665 0.00789523 0.00202343 0.000249378 
0.0995992 0.024152 0.0313199 0.000208041 0.123405 0.102879 0.0670057 0.26054 0.00142316 0.107941 0.021201 0.0554427 0.00632764 0.00319655 0.00135253 0.0327848 0.00664976 0.0545716 
0.104227 0.0334991 0.00665623 0.000636898 0.0872764 0.0658643 0.0714196 0.332621 0.00316419 0.151096 0.0115639 0.0461811 0.00621898 0.00349611 0.0015065 0.055585 0.00839327 0.010595 
0.127294 0.094691 0.000634511 0.000377449 0.018799 0.0145648 0.0586135 0.329106 0.000784925 0.314039 0.00485135 0.0150777 0.01419 6.98782e-05 0.000779078 0.003708 0.00201057 0.000408646 
0.00219788 0.0143308 0.00811582 0.000235269 0.0274972 0.0957523 0.111503 0.57922 5.91626e-05 0.0203376 0.117377 0.0141348 0.0027005 8.19318e-05 0.00143405 0.00280878 0.00128807 0.000925181 
0.178678 0.0312443 0.0179409 0.000154906 0.116028 0.0529807 0.0689648 0.234155 0.00365066 0.147231 0.0108291 0.0217683 0.00455118 0.0134558 0.000699132 0.0807211 0.012233 0.00471333 
0.08046 0.0277274 0.0181659 0.000102635 0.0776601 0.181041 0.0512955 0.198111 0.000488662 0.121778 0.00777811 0.0394861 0.00946068 0.0126799 0.0037966 0.165784 0.000727462 0.00345693 
0.00822865 0.0149382 0.0177411 0.000246043 0.173675 0.105048 0.120423 0.430998 0.000461378 0.0410402 0.0128523 0.0237929 0.00910139 0.00387131 0.0183476 0.0175971 0.00101368 0.000624207 
0.0169711 0.00419826 0.00244863 0.000107997 0.0158694 0.205483 0.0420247 0.471925 8.64847e-06 0.166972 0.0126392 0.0412319 0.0169618 3.47797e-06 0.000905688 0.00142109 0.000778525 4.98055e-05 
0.0392119 0.0145702 0.0141114 2.71957e-05 0.0729084 0.0444737 0.194974 0.200272 0.00193695 0.061579 0.0185423 0.0505368 0.00802634 0.0936558 0.00344493 0.171787 0.00592763 0.00401445 
0.0226898 0.0338292 0.0113262 0.000278711 0.0707508 0.127882 0.187034 0.352595 0.00133866 0.0734157 0.0233031 0.0108409 0.00994706 0.0682749 0.00129386 0.00412148 0.000539335 0.000539677 
0.00471176 0.0267959 0.00405273 5.6448e-06 0.0666529 0.0245391 0.223523 0.570626 0.000588421 0.025477 0.0242022 0.0125315 0.00357493 0.000192886 0.000186819 0.0106255 0.00108734 0.000626183 
0.0441406 0.00798832 0.00373477 0.000420728 0.0377972 0.0488343 0.0287599 0.624671 0.00136528 0.0765082 0.019928 0.0173669 0.0279224 0.011124 0.00284886 0.0290793 0.00295471 0.0145558 
0.0600435 0.00858787 0.0274668 0.000292584 0.0430334 0.133978 0.010418 0.525546 0.000221588 0.0894281 0.00858046 0.0521464 0.00186869 7.82431e-05 0.000299792 0.00773747 0.0142399 0.0160338 
0.00521378 0.0388156 0.0021655 1.79808e-05 0.0439017 0.0294925 0.213769 0.390906 0.000209598 0.0305324 0.0345041 0.0175928 0.179258 0.000128573 0.000601174 0.0100132 0.000410422 0.00246815 
0.0294158 0.0211176 0.00850248 8.65979e-05 0.0688515 0.0680445 0.220418 0.252688 0.00649793 0.0683734 0.119938 0.066369 0.0177488 0.00239169 0.00323498 0.0368304 0.00107299 0.0084171 
0.0978172 0.0241968 0.00675773 0.000229892 0.0725188 0.0661298 0.0715295 0.40693 0.00561708 0.124824 0.0327621 0.0447302 0.0126622 0.00125426 0.00347405 0.0199254 0.00248948 0.00615152 
0.0410721 0.0261746 0.00456528 0.000222062 0.0845744 0.019537 0.266125 0.375687 0.00110487 0.0848406 0.0416589 0.0187468 0.00468167 0.00248113 0.00543641 0.0201083 0.00194769 0.00103605 
0.0136127 0.0312459 0.00235159 0.000417416 0.0394809 0.0819069 0.124717 0.495075 0.000791414 0.0352283 0.12989 0.00880718 0.0175642 0.00288566 0.00430793 0.00272434 0.00820395 0.000789623 
0.110902 0.0632789 0.0176356 0.000120013 0.04131 0.109971 0.0746526 0.224924 0.0139263 0.0909918 0.064153 0.0312734 0.101654 0.00285368 0.0035218 0.0392231 0.0013118 0.0082963 
0.0534228 0.0370583 0.0419502 0.000190988 0.207655 0.159032 0.0277983 0.283593 0.0173625 0.0464512 0.000551334 0.0520517 0.0134461 0.0113315 0.00740602 0.0361501 0.00453301 1.61479e-05 
0.137345 0.0174494 0.183731 0.000125351 0.0059541 0.111267 0.0571357 0.33822 1.11861e-05 0.0234581 0.00531015 0.0129303 0.00469401 0.035049 0.00021227 0.0469723 0.0195882 0.00054697 
0.0235784 0.0749327 0.00750085 0.00385962 0.0579266 0.139452 0.117757 0.321957 0.00111514 0.0628012 0.11269 0.0319778 0.0127789 0.000764189 0.00602559 0.010152 0.00692958 0.00780148 
0.219013 0.0103613 0.00917366 7.69315e-05 0.0260423 0.0403827 0.0386748 0.50167 0.00940912 0.0532707 0.00925863 0.0364542 0.00111006 0.00224627 0.00948827 0.0188178 0.0112053 0.00334488 
0.0421312 0.00750873 0.00366966 0.000352096 0.0378333 0.0484088 0.0293047 0.636824 0.000960637 0.0757363 0.0193253 0.0166694 0.0248077 0.00964714 0.00280682 0.0275552 0.00263116 0.0138274 
0.00566158 0.0205195 0.00290695 5.28872e-05 0.0621293 0.0154299 0.217496 0.588844 0.00121539 0.0232809 0.0283662 0.0125343 0.004831 0.00180998 0.000404775 0.0124467 0.00140259 0.000667635 
0.163069 0.0117799 0.00857444 3.7596e-05 0.0339765 0.00310556 0.0322394 0.622192 0.00059105 0.0780479 0.00677775 0.0141258 0.00421981 8.80586e-05 0.000278284 0.0137543 0.00500216 0.00214047 
0.0410921 0.0115175 0.00812447 0.000299137 0.173817 0.0682582 0.0486222 0.217609 0.00261692 0.0468899 0.00755183 0.0715752 0.000120406 0.00447308 0.0188389 0.0947408 0.16657 0.0172834 
0.0211752 0.0334536 0.0321469 0.000338713 0.0553732 0.0707762 0.186847 0.319301 0.00108362 0.0627432 0.110749 0.0521794 0.00732899 0.000826892 0.00570753 0.0132273 0.0174313 0.0093115 
0.0309217 0.0166 0.00484221 7.55518e-05 0.0534935 0.0739854 0.208703 0.343188 0.0057741 0.082837 0.0674101 0.034536 0.0366026 0.00105728 0.00564608 0.0244994 0.00402544 0.00580236 
0.0513769 0.0726623 0.0156379 0.000460729 0.0955298 0.0408972 0.126947 0.3525 0.00323111 0.169543 0.0087757 0.0324949 0.00266009 0.00134677 0.00040963 0.0162033 0.00712687 0.00219724 
0.0391259 0.0106051 0.0613174 0.0261723 0.0250976 0.0321491 0.128089 0.406805 0.000280828 0.136242 0.0114279 0.0645019 0.00504109 0.00107633 0.0032861 0.0368148 0.00578655 0.00618155 
0.111741 0.0320939 0.0177621 0.00019999 0.0715613 0.0818074 0.110739 0.298991 0.0023584 0.145354 0.0228627 0.0347058 0.00880316 0.00154116 0.00556377 0.0260934 0.0218012 0.00601995 
0.10641 0.0266734 0.00693265 0.000152419 0.029155 0.0453094 0.258284 0.334278 0.0011193 0.0347353 0.0869423 0.0330052 0.0253846 0.000390058 0.00121321 0.00721003 0.000331815 0.00247284 
0.0695246 0.0278527 0.015424 0.000502903 0.044215 0.0346273 0.0131587 0.648147 0.0018906 0.0662222 0.00550836 0.013921 0.00195897 0.000233335 0.00752888 0.0132389 0.0165424 0.0195027 
0.0658475 0.0373815 0.02805 0.000153098 0.0575272 0.222093 0.0653325 0.233518 0.000656121 0.161985 0.0175577 0.0352927 0.0160405 0.00578754 0.00549059 0.0386751 0.00168051 0.00693103 
0.0974037 0.00303994 0.00987311 0.000611791 0.0573628 0.0286419 0.0101788 0.669883 8.94243e-06 0.000528129 0.0096119 0.0110607 0.000955483 0.000462256 0.0436076 0.0376228 0.0149576 0.00419005 
0.0289164 0.0277114 0.0220026 0.000267908 0.0677076 0.264155 0.0186928 0.414135 0.0046386 0.0759956 0.0168507 0.0264134 0.0117806 0.00156779 0.00187784 0.0155508 0.000828543 0.000907779 
0.00832274 0.0154866 0.00673318 0.000380627 0.0175245 0.0430486 0.0177743 0.825374 3.75837e-05 0.00546025 0.0396028 0.00479549 0.000917175 7.12559e-05 0.00544561 0.00503842 0.000657048 0.00332968 
0.0230191 0.031677 0.0148791 7.93853e-05 0.107996 0.0931683 0.282819 0.331959 0.00162562 0.0343467 0.00935549 0.0198806 0.0114258 0.00558843 0.00278805 0.0261218 0.00170811 0.00156254 
0.115006 0.0153076 0.0121274 0.00016707 0.0292103 0.0662343 0.0580439 0.477621 0.0157094 0.106821 0.0097266 0.0468591 0.00323455 0.000582497 0.00286472 0.0348402 0.00204984 0.00359557 
0.0232476 0.00292375 0.00286069 1.58675e-08 0.147308 0.113135 0.00485026 0.616526 0.00222984 0.0240765 0.0483364 0.00351044 1.87939e-05 1.52842e-05 0.000571708 0.00572827 0.00172447 0.00293753 
0.0952857 0.0245416 0.020858 0.000177926 0.0236803 0.0782622 0.0802742 0.323373 0.0147389 0.101789 0.118476 0.04712 0.00456013 0.00352035 0.00288169 0.0504753 0.00142533 0.0085606 
0.0131171 0.103147 0.178429 0.000445444 0.0877987 0.171654 0.0537169 0.18525 0.00216115 0.0518654 0.0185885 0.0499496 0.0248318 0.00582764 0.00834211 0.0315885 0.00351189 0.00977538 
0.231027 0.0211591 0.00130864 4.12705e-05 0.0683106 0.24532 0.0448362 0.245442 2.4759e-05 0.0911411 0.0126835 0.0163618 0.00927977 5.17197e-06 0.00591796 0.0013551 0.00472208 0.00106322 
0.174269 0.0957185 0.00142674 1.3532e-05 0.051976 0.0782838 0.0638406 0.359368 0.00152301 0.0466707 0.0368091 0.0200871 0.0101136 0.00499425 0.00443898 0.0297405 0.00338474 0.0173412 
0.0750468 0.0276106 0.00929061 4.58482e-05 0.0976735 0.0184879 0.050929 0.49625 0.00428379 0.03724 0.0315058 0.0559614 0.00490119 0.00145711 0.000410761 0.0473995 0.022131 0.0193746 
0.0235784 0.0749327 0.00750085 0.00385962 0.0579266 0.139452 0.117757 0.321957 0.00111514 0.0628012 0.11269 0.0319778 0.0127789 0.000764189 0.00602559 0.010152 0.00692958 0.00780148 
0.211233 0.0252929 0.0120765 0.000216495 0.0257309 0.0398584 0.0674145 0.426027 0.00241022 0.0836262 0.0300052 0.0395784 0.00166861 0.000204378 0.000726762 0.0163667 0.0142106 0.00335351 
0.0237261 0.0586134 0.0153494 9.08607e-05 0.0587251 0.0832461 0.219683 0.247612 0.00140088 0.160118 0.0612459 0.025513 0.00157177 0.00106871 0.00234564 0.0276726 0.0108278 0.00118903 
0.0423875 0.0502213 0.0761268 9.10014e-06 0.102008 0.0946255 0.165627 0.20813 0.0137234 0.0309329 0.0595444 0.0112334 0.0204359 0.00403535 0.0167916 0.0618386 0.00527585 0.0370537 
0.00502828 3.34126e-07 0.0231692 3.36128e-06 0.0208135 2.45497e-07 0.0108503 0.78417 1.82396e-06 0.00519273 4.23316e-07 3.43837e-07 0.032706 0.00528029 0.00341171 3.19189e-07 0.10937 1.33227e-06 
0.0126331 0.0164786 0.00499539 0.000309499 0.084919 0.0940989 0.186556 0.416699 0.00049619 0.0728614 0.0398113 0.0404091 0.00773348 0.0190096 0.000551579 0.00125042 0.000523752 0.000663666 
0.101911 0.0222356 0.00416652 0.000368174 0.142308 0.070399 0.0341725 0.288943 0.00101661 0.101662 0.104888 0.0967178 0.00374914 0.00206931 0.00292264 0.0202216 0.00158413 0.000664022 
0.0501929 0.0225425 0.0950222 9.73182e-05 0.165409 0.161356 0.0371753 0.252876 0.0039381 0.0368127 0.00502305 0.0234288 0.035719 0.0724166 0.00266694 0.0327944 0.00173396 0.000794836 
0.103415 0.01787 0.0193985 0.000169867 0.0741292 0.0808428 0.0381256 0.250506 0.000663699 0.246907 0.0314151 0.0722785 0.00735135 0.0111715 0.00202444 0.0280554 0.0144009 0.00127561 
0.0618387 0.0370095 0.0420777 1.46227e-05 0.00793905 0.142962 0.203848 0.276351 0.0006645 0.0384496 0.1667 0.00482792 0.000818978 0.00299632 0.000294169 0.00507833 0.00632589 0.0018031 
0.0441406 0.00798832 0.00373477 0.000420728 0.0377972 0.0488343 0.0287599 0.624671 0.00136528 0.0765082 0.019928 0.0173669 0.0279224 0.011124 0.00284886 0.0290793 0.00295471 0.0145558 
0.00820165 0.0416572 0.00496229 0.00960115 0.00239352 0.0169285 0.0269743 0.782066 4.15356e-05 0.00853618 0.0303065 0.0139485 0.00134006 0.000640155 0.0307323 0.0186759 0.0024349 0.000558986 
0.0394483 0.0772882 0.0872228 0.000148892 0.0758161 0.174251 0.0328121 0.270838 0.000130208 0.16264 0.0233752 0.0384431 0.00710141 2.18275e-05 0.000557445 0.0085366 0.000859622 0.000509642 
0.0422851 0.0201335 0.0177351 0.000142311 0.0457873 0.135717 0.0344336 0.560126 0.000538446 0.0685191 0.00662136 0.0248794 0.00582603 0.00938878 0.00174354 0.0238855 0.000924011 0.00131406 
0.032906 0.00845377 0.00630468 3.23879e-05 0.0918678 0.136325 0.0129204 0.630093 3.98669e-06 0.0319393 0.00974147 0.00836289 0.0034963 2.29806e-05 0.00332039 0.023182 0.000615666 0.000412337 
0.0527661 0.0436607 0.00392852 3.05603e-05 0.0417127 0.167666 0.150987 0.366222 3.8314e-05 0.121584 0.00827131 0.0293058 0.00026088 5.35099e-06 0.00421802 0.00915208 0.000169785 2.04868e-05 
0.0277507 0.0477517 0.0174483 8.30993e-05 0.0786623 0.0694951 0.199694 0.295739 0.00391282 0.0702903 0.08021 0.0341744 0.0263903 0.00291394 0.00170492 0.0283104 0.0061256 0.00934367 
0.0639362 0.0248312 0.0101176 0.000420874 0.0614251 0.104704 0.117112 0.300761 0.00261977 0.166608 0.0574881 0.040151 0.0112091 0.00777769 0.00299808 0.0132006 0.00186023 0.012779 
0.135223 0.00897734 0.00428235 0.000192327 0.0688684 0.0506494 0.0346108 0.463233 0.0141548 0.145087 0.0081335 0.018285 0.0019567 0.00373932 0.00104529 0.037344 0.00265081 0.00156654 
0.152266 0.0329723 0.00688079 0.000312346 0.0341814 0.045747 0.0836617 0.298667 0.00392469 0.199009 0.0665373 0.0213182 0.0156466 0.00148753 0.00182391 0.0204227 0.00283228 0.0123096 
0.108541 0.0293614 0.0158763 0.00166653 0.091358 0.0599531 0.0581528 0.350324 0.00353099 0.132084 0.0253689 0.0567588 0.00728543 0.00125477 0.00627354 0.0376668 0.00489488 0.00964923 
0.0643732 0.0757726 0.126756 0.000742579 0.0496283 0.0880059 0.0428809 0.261974 0.000389277 0.0848463 0.0173724 0.0713787 0.00772309 0.00808467 0.00126496 0.0937592 0.00278985 0.00225806 
0.0325631 0.036122 0.0117455 0.00102908 0.0551493 0.148786 0.196012 0.205804 0.0298125 0.104738 0.0507268 0.042573 0.0351029 0.00757975 0.00288099 0.033611 0.00456932 0.00119479 
0.0275412 0.00943068 0.00337357 0.000193421 0.0814417 0.0769709 0.0132581 0.651554 0.000678007 0.079144 0.00491644 0.0189976 0.00146754 0.00171084 0.00235648 0.0250193 0.00144239 0.000503846 
0.080098 0.0188287 0.0104826 0.000187811 0.0519239 0.0562596 0.184989 0.338812 0.00130395 0.100302 0.043703 0.0573827 0.0131854 0.000570821 0.00267705 0.0291764 0.00301531 0.0071011 
0.00741847 0.00438094 0.00105338 3.58866e-05 0.0142854 0.0437915 0.0142003 0.81099 7.94878e-06 0.0589305 0.00623364 0.02893 0.00705235 3.7634e-06 0.000875678 0.000786108 0.000992408 3.16231e-05 
0.142392 0.0233405 0.0101309 0.000109289 0.0317195 0.0787461 0.0907426 0.330545 0.00904338 0.173183 0.00983358 0.040475 0.00648052 0.00165688 0.00286456 0.0442233 0.00120081 0.00331281 
0.0147978 0.0361132 0.0166312 0.0001927 0.0324107 0.119253 0.139383 0.239436 0.00239397 0.175768 0.0922317 0.0880662 0.0223366 0.00508466 0.00144197 0.0127088 0.000766119 0.000985377 
0.0139169 0.0207717 0.0051076 3.50797e-05 0.0487948 0.10126 0.115248 0.558281 1.82933e-05 0.0387206 0.0390342 0.0264826 0.00379096 5.44604e-06 0.000741585 0.00492697 0.000160768 0.0227041 
0.186639 0.0272466 0.00965606 0.000105452 0.0840571 0.0605746 0.0394885 0.333033 0.000620055 0.139597 0.0132433 0.0408627 0.0119972 0.00109904 0.00105022 0.0377679 0.00684312 0.00611936 
0.0660322 0.0300572 0.0301018 0.00040625 0.0289542 0.0511749 0.172342 0.245376 0.00603377 0.118999 0.0980417 0.0667384 0.0362145 0.00361381 0.00285727 0.0334779 0.00395302 0.00562596 
0.08094 0.0370274 0.0160766 0.000249151 0.0551378 0.0995637 0.187417 0.28325 0.00499251 0.120274 0.0352959 0.0357011 0.00874825 0.00303667 0.00558689 0.0183899 0.00690427 0.00140887 
0.00725086 0.0163312 0.00430035 1.13601e-05 0.0746435 0.213128 0.0488715 0.514129 6.28699e-05 0.070257 0.0265104 0.015339 0.00152626 0.000275216 0.00462403 0.00244463 0.000260178 3.49688e-05 
0.137671 0.0194778 0.00575014 0.000381166 0.047365 0.0994188 0.162918 0.20004 0.00608806 0.144903 0.0736642 0.0338756 0.0230797 0.000185766 0.00646222 0.00709686 0.0249021 0.00672085 
0.00219788 0.0143308 0.00811582 0.000235269 0.0274972 0.0957523 0.111503 0.57922 5.91626e-05 0.0203376 0.117377 0.0141348 0.0027005 8.19318e-05 0.00143405 0.00280878 0.00128807 0.000925181 
0.0317974 0.0110157 0.00389644 0.000224641 0.238867 0.111015 0.0382996 0.373125 0.00702077 0.0669017 0.0110113 0.0201691 0.0324948 0.00208026 0.0146093 0.0263467 0.010134 0.000991805 
0.00430905 0.0267712 0.00253594 2.85736e-06 0.0568127 0.0168858 0.24139 0.564605 0.000457753 0.0280949 0.0204078 0.0196252 0.0064404 0.000149472 0.00014116 0.0102738 0.000736268 0.000360204 
0.00483967 0.00893374 0.0106333 1.36758e-06 0.0136168 0.0322815 0.182783 0.626264 4.82447e-05 0.00264302 0.0860706 0.0143195 0.00765061 2.15739e-06 0.00161968 0.00379802 0.0042391 0.00025547 
0.00219788 0.0143308 0.00811582 0.000235269 0.0274972 0.0957523 0.111503 0.57922 5.91626e-05 0.0203376 0.117377 0.0141348 0.0027005 8.19318e-05 0.00143405 0.00280878 0.00128807 0.000925181 
0.00219788 0.0143308 0.00811582 0.000235269 0.0274972 0.0957523 0.111503 0.57922 5.91626e-05 0.0203376 0.117377 0.0141348 0.0027005 8.19318e-05 0.00143405 0.00280878 0.00128807 0.000925181 
0.0820702 0.0305315 0.0162114 0.000490398 0.105341 0.0746416 0.0449846 0.326327 0.00573402 0.165367 0.0200119 0.0623625 0.0153888 0.00148027 0.00264312 0.0350606 0.00677743 0.00457704 
0.00219788 0.0143308 0.00811582 0.000235269 0.0274972 0.0957523 0.111503 0.57922 5.91626e-05 0.0203376 0.117377 0.0141348 0.0027005 8.19318e-05 0.00143405 0.00280878 0.00128807 0.000925181 
0.136912 0.012391 0.0252175 2.31569e-05 0.112672 0.0350348 0.228063 0.251105 0.00113615 0.0429291 0.118699 0.0134862 0.00350204 0.000329419 0.00142645 0.00475245 0.00742982 0.00489116 
0.0759312 0.0155342 0.0105708 0.00021452 0.0218836 0.0540168 0.0850348 0.335583 0.00677306 0.122685 0.0292316 0.0747762 0.136006 0.00227794 0.00352944 0.0171921 0.00629489 0.00246457 
0.004204 0.0147195 0.0148195 1.15727e-06 0.0150025 0.0449235 0.193537 0.592483 5.13021e-05 0.00543275 0.0827124 0.0142729 0.00765413 3.23207e-06 0.00140187 0.00402657 0.00417663 0.000577774 
0.0277045 0.00701784 0.00610508 2.14233e-06 0.0914341 0.126487 0.038101 0.502019 0.00750233 0.0259373 0.0885728 0.0413609 0.0066809 0.000354066 0.00183308 0.0171935 0.00644122 0.00525282 
0.0610496 0.012434 0.0329975 0.0001555 0.0895145 0.188759 0.04455 0.388094 0.000131022 0.111451 0.00916963 0.0240782 0.00626035 0.00845947 0.000795914 0.0154125 0.00178314 0.00490391 
0.014078 0.0500302 0.0595083 0.000135786 0.0235209 0.0861477 0.209628 0.400218 0.000488142 0.0324276 0.0262716 0.0185893 0.0252204 4.47438e-05 0.000504213 0.00173283 0.00289549 0.0485588 
0.227014 0.0123963 0.0066714 0.000157733 0.0405433 0.041658 0.0513873 0.427181 0.0109907 0.0868088 0.020405 0.0312897 0.00142785 0.00161235 0.00628871 0.0224516 0.00847439 0.00324262 
0.00976386 0.00516156 0.00228688 2.22219e-05 0.0414743 0.119776 0.0624619 0.558192 2.23137e-06 0.121239 0.0210781 0.0243912 0.025325 2.91514e-06 1.24947e-05 0.00870542 8.77036e-05 1.70831e-05 
0.00219788 0.0143308 0.00811582 0.000235269 0.0274972 0.0957523 0.111503 0.57922 5.91626e-05 0.0203376 0.117377 0.0141348 0.0027005 8.19318e-05 0.00143405 0.00280878 0.00128807 0.000925181 
0.00219788 0.0143308 0.00811582 0.000235269 0.0274972 0.0957523 0.111503 0.57922 5.91626e-05 0.0203376 0.117377 0.0141348 0.0027005 8.19318e-05 0.00143405 0.00280878 0.00128807 0.000925181 
0.238023 0.0662709 0.00388231 0.00023896 0.103684 0.0512636 0.0696434 0.249652 0.000536251 0.100946 0.00469791 0.08309 0.00484538 6.74214e-06 0.0110713 0.0085236 0.00268119 0.000943975 
0.0333392 0.0227097 0.0150158 3.99657e-05 0.0907875 0.0460959 0.205742 0.522272 0.000557297 0.0159613 0.00836453 0.00917552 0.00222999 0.000277825 0.00196141 0.0093609 0.0144557 0.00165433 
0.0261065 0.0755561 0.00788432 0.00277407 0.115417 0.190709 0.0906388 0.288197 0.00105248 0.052386 0.0293652 0.0457209 0.0163746 0.00246244 0.0271264 0.0184783 0.00318948 0.00656093 
0.0235784 0.0749327 0.00750085 0.00385962 0.0579266 0.139452 0.117757 0.321957 0.00111514 0.0628012 0.11269 0.0319778 0.0127789 0.000764189 0.00602559 0.010152 0.00692958 0.00780148 
0.0461447 0.00922225 0.0112518 5.64434e-05 0.0408626 0.187328 0.0208494 0.486779 0.000104151 0.101827 0.00397851 0.0476729 0.00162658 0.00634115 0.00198857 0.0106008 0.0215439 0.00182284 
0.0319684 0.0161433 0.00409275 0.000264037 0.0998039 0.0187894 0.139234 0.564236 0.000299291 0.0396874 0.0366268 0.0111568 0.0014768 4.33346e-06 0.00348177 0.0171722 0.00387626 0.0116866 
0.0254869 0.0180326 0.00424767 0.000267687 0.0464347 0.0978586 0.240448 0.305342 0.00203054 0.0767374 0.0918821 0.0192704 0.0289706 0.0027628 0.0025306 0.0292862 0.00729776 0.00111351 
0.178631 4.51301e-12 7.88256e-12 4.54006e-11 0.00933879 0.000127504 0.008065 0.553446 2.46361e-11 0.0371054 5.7177e-12 4.64418e-12 1.87974e-11 0.00248272 0.098461 0.0318125 0.00496626 0.075564 
0.0230706 0.0141724 0.0101393 2.56855e-05 0.0296411 0.0492653 0.161726 0.577943 0.000990007 0.0154014 0.0587219 0.0171626 0.0113669 7.63776e-06 0.00195231 0.00813493 0.0191656 0.00111367 
0.153223 0.00996575 0.0218323 1.43616e-05 0.0872362 0.0933605 0.0389134 0.441524 0.000263727 0.0364338 0.0023366 0.013132 0.00234439 4.63237e-05 0.00186934 0.0921557 0.000620235 0.00472773 
0.00594875 0.0648075 0.00421984 0.00321461 0.0826537 0.0216386 0.203052 0.512694 0.00104051 0.0383079 0.0102057 0.0201926 0.00480255 0.00193006 0.000710305 0.0188256 0.000900032 0.00485554 
0.100646 0.0229416 0.0339492 7.06207e-05 0.144512 0.0744646 0.0331455 0.319307 0.00400012 0.111482 0.0162913 0.0317962 0.00925921 0.00287802 0.00564821 0.0372619 0.0093263 0.0430198 
0.265708 0.00352915 0.00160604 1.2666e-05 0.0482926 0.0158028 0.112031 0.362746 0.00126416 0.0190151 0.0280066 0.0186381 0.0067908 0.000267143 0.000567698 0.0571046 0.0515113 0.00710695 
0.0821852 0.0159646 0.00507462 0.000351332 0.0616948 0.0576865 0.0525345 0.462047 0.00233329 0.097295 0.0652631 0.0313615 0.0238963 0.00142326 0.00461251 0.0254536 0.00896374 0.00185891 
0.139334 0.0160695 0.00681317 0.000141578 0.0337924 0.0352371 0.11259 0.321459 0.0011009 0.0587963 0.228716 0.0116174 0.00241517 0.00239251 0.000722175 0.00814463 0.00281867 0.0178388 
0.147054 0.00353997 0.00763561 2.39011e-07 0.00122322 0.0127524 0.217261 0.549428 5.3196e-08 0.0388285 0.0033709 0.0186624 3.98865e-07 2.42188e-06 8.54253e-06 1.43186e-06 0.000232081 1.76246e-07 
0.00219788 0.0143308 0.00811582 0.000235269 0.0274972 0.0957523 0.111503 0.57922 5.91626e-05 0.0203376 0.117377 0.0141348 0.0027005 8.19318e-05 0.00143405 0.00280878 0.00128807 0.000925181 
0.113949 0.00506333 0.000790262 8.14139e-05 0.00944163 0.0204304 0.0611527 0.569022 0.0104614 0.0543662 0.090851 0.0226248 0.0179228 0.00160295 0.000910892 0.00708075 0.0120501 0.00219833 
0.106892 0.0363095 0.0173619 0.000125982 0.0233667 0.113916 0.102713 0.3229 0.00219438 0.149983 0.0101942 0.0460329 0.00123229 0.00299364 0.00307521 0.0220981 0.0347626 0.00384778 
0.126751 0.0250488 0.00768634 0.000128137 0.0705004 0.0567269 0.0418583 0.450033 0.00315256 0.087736 0.0154678 0.0340273 0.0102214 0.00156576 0.00401514 0.0505099 0.00885026 0.00572171 
0.0697652 0.10371 0.0645064 0.000340207 0.158668 0.094048 0.0311958 0.224748 0.00103771 0.0741159 0.0381028 0.0463918 0.0103192 0.0175178 0.00580325 0.0474449 0.0033187 0.00896625 
0.263314 0.0116009 0.00684588 0.000196496 0.0463721 0.025372 0.0203434 0.526011 0.000165709 0.00879303 0.0546921 0.00739435 0.00196244 0.000525074 0.00155507 0.00701909 0.0123158 0.00552081 
0.0211319 0.0235343 0.0257439 8.81726e-06 0.0177266 0.0379374 0.226948 0.414799 0.00321809 0.0568372 0.0298107 0.0147323 0.0236078 0.0039111 0.00133603 0.0253578 0.000462463 0.0728971 
0.174307 0.0278194 0.00549276 0.000134743 0.0196233 0.0337654 0.064546 0.43954 0.00153345 0.0853386 0.0757164 0.0223765 0.0161466 0.00015126 0.00302221 0.0259842 0.00216059 0.00234127 
0.00430905 0.0267712 0.00253594 2.85736e-06 0.0568127 0.0168858 0.24139 0.564605 0.000457753 0.0280949 0.0204078 0.0196252 0.0064404 0.000149472 0.00014116 0.0102738 0.000736268 0.000360204 
0.0574355 0.0200316 0.00356386 7.06095e-05 0.0450038 0.10061 0.17981 0.444848 0.00011005 0.0901338 0.0291281 0.0114259 0.00625946 0.00141491 0.00123942 0.00155795 0.0061758 0.00118005 
0.0427372 0.0186419 0.0203404 0.000125457 0.0983238 0.177046 0.0448526 0.331683 0.000320006 0.122083 0.0328923 0.0829916 0.00972753 0.000223886 0.00191881 0.0113751 0.00239109 0.00232572 
0.072896 0.0126727 0.00523128 0.000263456 0.0263458 0.161091 0.155703 0.199898 0.00154025 0.152948 0.0614188 0.125737 0.00289462 0.00283405 0.000421443 0.0148345 0.000535469 0.0027343 
0.0216357 0.0291588 0.0335903 4.60572e-06 0.189965 0.09692 0.0119956 0.337057 0.00302068 0.0649722 0.00322958 0.0316317 0.0126167 0.00269354 0.000365208 0.134293 0.000296463 0.0265546 
0.129916 0.00528806 0.017157 0.000159879 0.0869934 0.101016 0.032593 0.473658 0.000291016 0.0564968 0.0314295 0.0138661 0.00316192 0.00232561 0.00202553 0.0223081 0.0165993 0.00471535 
0.0241505 0.00550363 0.00390461 2.80647e-05 0.0247567 0.11511 0.0921414 0.457627 1.88358e-05 0.165508 0.0277021 0.036039 0.0403937 1.40773e-05 5.84801e-05 0.00486209 0.0015131 0.000668766 
0.0215549 0.0148647 0.0263109 0.000137899 0.0459119 0.126609 0.121284 0.487129 0.000218904 0.0175373 0.0506659 0.0262038 0.00414712 0.00078713 0.0060813 0.0379555 0.00328541 0.00931518 
0.0131473 0.102508 0.01858 5.65176e-05 0.0497643 0.16463 0.0484278 0.375612 0.000126887 0.0336182 0.100034 0.0349571 0.00966273 0.00017908 0.0328122 0.0126238 0.0010685 0.0021913 
0.0659447 0.0175379 0.010962 0.000180104 0.3146 0.0859531 0.0175025 0.326284 0.000322684 0.0526518 0.0055157 0.0316218 0.0291104 0.000130273 0.00231088 0.0247624 0.013241 0.00136863 
0.225828 0.00504635 0.00104511 0.0235673 0.00720885 0.0455257 0.066408 0.470788 5.27224e-06 0.0376302 0.0175816 0.0933164 0.00586693 4.01641e-06 5.94052e-05 5.60051e-06 0.000108517 4.53574e-06 
0.221653 0.0213877 0.00681838 0.000228358 0.0203241 0.0224038 0.0909989 0.337761 0.0198282 0.0886872 0.079223 0.0336266 0.00935765 9.1552e-05 0.00918759 0.0340883 0.002644 0.00169091 
0.0104735 0.162543 0.028447 0.000474603 0.119713 0.111088 0.0807384 0.230502 0.00068644 0.081435 0.0225694 0.0248828 0.00929255 0.00176273 0.0108629 0.0950214 0.000802046 0.00870502 
0.134506 0.0333944 0.00935828 2.78166e-06 0.0325512 0.012369 0.20797 0.226758 0.00146507 0.0921067 0.139211 0.0200633 0.00133266 2.63969e-05 0.00648974 0.0688623 0.0123613 0.0011711 
0.012816 0.0444729 0.0167165 0.000240921 0.0550067 0.0432395 0.248617 0.407458 0.0012002 0.042812 0.0337747 0.0356148 0.0212169 0.00276242 0.0012954 0.0274957 0.00388173 0.00137933 
0.285349 0.00390057 0.000986941 1.32559e-05 0.0533756 0.0124838 0.107413 0.343703 0.00127683 0.0210165 0.0298187 0.0205998 0.00329675 0.000295234 0.000627387 0.0631153 0.0448743 0.0078547 
0.0421502 0.0269717 0.0105251 3.53842e-05 0.111597 0.120123 0.0539378 0.366516 0.000984701 0.109818 0.0141835 0.062067 0.00342728 0.00238757 0.00808095 0.055643 0.00790394 0.00364867 
0.0733786 0.103334 0.0278562 0.000877612 0.0978806 0.0757402 0.0423808 0.247954 0.00810201 0.154716 0.0110236 0.0969212 0.00491994 0.00375338 0.00410768 0.0421635 0.00132218 0.00356799 
0.0211768 0.0137942 0.00208541 0.000245912 0.0309232 0.0316476 0.21809 0.41132 0.00245441 0.166069 0.030927 0.0165415 0.0150074 0.000130907 0.000389851 0.00376139 0.0350779 0.000358227 
0.0247819 0.0261575 0.0208467 0.000161532 0.0325713 0.0769772 0.244688 0.299484 0.000877139 0.0366738 0.123311 0.0683526 0.0118655 0.00118383 0.00192678 0.0209123 0.00393115 0.00529831 
0.0711916 0.0130141 0.00434111 0.0254734 0.0561966 0.0435738 0.129396 0.467297 1.12944e-05 0.0332646 0.0592795 0.065789 0.000217409 0.000695938 0.000291307 0.0155543 0.0112707 0.00314264 
0.110147 0.0242836 0.00343925 9.22487e-05 0.0316164 0.0297655 0.0459442 0.455816 0.0037028 0.192267 0.00433279 0.0280867 0.00312485 0.00127651 0.00138035 0.0482723 0.00562903 0.0108231 
0.107753 0.00733327 0.0210335 0.000208935 0.0229384 0.159015 0.0496659 0.347272 2.69357e-05 0.205398 0.00979837 0.0371353 0.00498962 9.84252e-06 0.000846245 0.0246508 0.000615632 0.00131019 
0.08317 0.0382359 0.0108836 0.00088812 0.0489439 0.0801586 0.14718 0.163157 0.00889202 0.120334 0.0629759 0.0365646 0.150054 0.00347976 0.00238639 0.0313111 0.00280441 0.00858204 
0.00820165 0.0416572 0.00496229 0.00960115 0.00239352 0.0169285 0.0269743 0.782066 4.15356e-05 0.00853618 0.0303065 0.0139485 0.00134006 0.000640155 0.0307323 0.0186759 0.0024349 0.000558986 
0.120357 0.0157413 0.0427436 0.000749884 0.0703975 0.0751358 0.0588728 0.241627 0.00246056 0.119331 0.0252892 0.107527 0.0198322 0.00232979 0.00134247 0.0657283 0.0273158 0.00321962 
0.00219788 0.0143308 0.00811582 0.000235269 0.0274972 0.0957523 0.111503 0.57922 5.91626e-05 0.0203376 0.117377 0.0141348 0.0027005 8.19318e-05 0.00143405 0.00280878 0.00128807 0.000925181 
0.0513769 0.0726623 0.0156379 0.000460729 0.0955298 0.0408972 0.126947 0.3525 0.00323111 0.169543 0.0087757 0.0324949 0.00266009 0.00134677 0.00040963 0.0162033 0.00712687 0.00219724 
0.0581705 0.0202022 0.0101667 0.00050999 0.0317846 0.0576122 0.245521 0.255776 0.00134788 0.0613052 0.0912544 0.0363914 0.0934665 0.000973728 0.00312964 0.0245737 0.00361026 0.00420454 
0.0798712 0.0220146 0.0110028 0.000168402 0.154956 0.126216 0.0836862 0.231762 0.0010815 0.147506 0.0287701 0.0320266 0.00899144 0.00207342 0.0193505 0.0314776 0.0181222 0.000922102 
0.0605502 0.0549662 0.0337252 0.00202835 0.114283 0.106372 0.028237 0.413762 0.00016421 0.0681267 0.0144326 0.0405852 0.00685797 0.0006223 0.00109174 0.0461911 0.0011853 0.00681784 
0.0278623 0.0370198 0.0187073 0.000266098 0.139508 0.118895 0.106014 0.28424 0.00129619 0.0938562 0.108542 0.0336868 0.00903557 0.00221616 0.00358523 0.0121429 0.00124406 0.00188238 
0.00170833 0.00718518 0.00132516 2.03806e-07 0.00381707 0.0282864 0.0171796 0.861327 8.24473e-07 0.0402032 0.0072305 0.0242429 0.00719192 2.36368e-06 9.93987e-06 0.000181204 8.53124e-05 2.26869e-05 
0.0333392 0.0227097 0.0150158 3.99657e-05 0.0907875 0.0460959 0.205742 0.522272 0.000557297 0.0159613 0.00836453 0.00917552 0.00222999 0.000277825 0.00196141 0.0093609 0.0144557 0.00165433 
0.0886918 0.0274067 0.0147795 0.000311694 0.0337005 0.0852843 0.21222 0.223927 0.00647323 0.106766 0.0786657 0.0478991 0.0392361 0.00149404 0.00275382 0.0206887 0.00233529 0.0073657 
0.0262744 0.0446915 0.00445379 2.83496e-05 0.0128271 0.0783638 0.165799 0.290653 0.000216057 0.132756 0.0848537 0.0579825 0.0271917 9.54329e-05 0.000409555 0.0676592 0.00425404 0.00149083 
0.0578399 0.0380059 0.0282752 7.084e-05 0.0423822 0.112794 0.102614 0.346699 0.00048994 0.0771093 0.025874 0.0337541 0.013311 0.000427638 0.00186983 0.0235082 0.00677548 0.0882002 
0.0494877 0.0242119 0.0063473 5.29554e-05 0.0251659 0.122656 0.206161 0.36982 0.000740057 0.0394872 0.00786127 0.0398728 0.00560721 0.00166481 0.0474056 0.042059 0.000402592 0.0109969 
0.115473 0.112059 0.00397022 0.000122083 0.0332048 0.0336567 0.0716731 0.272516 8.62569e-05 0.0440097 0.0788082 0.0180354 0.0884558 6.81757e-05 0.00210886 0.00479276 0.120116 0.00084336 
0.0703039 0.0643067 0.0165113 0.000236898 0.0513609 0.0570837 0.18962 0.256976 0.00129282 0.0885661 0.0352823 0.03657 0.0123752 0.00217588 0.00774327 0.0377163 0.0689986 0.00288022 
0.00820165 0.0416572 0.00496229 0.00960115 0.00239352 0.0169285 0.0269743 0.782066 4.15356e-05 0.00853618 0.0303065 0.0139485 0.00134006 0.000640155 0.0307323 0.0186759 0.0024349 0.000558986 
0.173936 0.0378016 0.0280987 0.00224131 0.101755 0.0654704 0.0412659 0.183203 0.00186224 0.113888 0.0185161 0.0604591 0.00625449 0.00903603 0.00395315 0.0932945 0.0418208 0.0171435 
0.0143404 0.0429112 0.00363877 2.34069e-06 0.0469994 0.0321404 0.173256 0.474312 6.9062e-05 0.0481881 0.125914 0.0155579 0.0183372 6.46898e-06 0.00112764 0.0021247 0.000651837 0.000421505 
0.148768 0.0802784 0.0188375 0.000393224 0.0771299 0.117716 0.0518148 0.233666 0.000788035 0.16189 0.0142774 0.0282948 0.00127622 0.00168613 0.00345924 0.052851 0.0054458 0.00142825 
0.00219788 0.0143308 0.00811582 0.000235269 0.0274972 0.0957523 0.111503 0.57922 5.91626e-05 0.0203376 0.117377 0.0141348 0.0027005 8.19318e-05 0.00143405 0.00280878 0.00128807 0.000925181 
0.0908305 0.0299666 0.0120692 0.000520426 0.102836 0.149538 0.0808185 0.218711 0.00182765 0.209163 0.0321199 0.0274114 0.0136174 0.000870133 0.00101769 0.0185277 0.00722223 0.00293286 
0.0258492 0.0205418 0.0180085 0.000170009 0.0954131 0.217891 0.032658 0.42738 0.000617328 0.0585999 0.0175844 0.026626 0.00721565 0.00612362 0.00208356 0.0389927 0.00204854 0.00219669 
0.137607 0.0262858 0.0173099 0.000145443 0.0605018 0.061348 0.146997 0.161595 0.00215534 0.145313 0.0925883 0.0782367 0.00349363 0.00172048 0.00132647 0.0507816 0.00431869 0.00827582 
0.203531 0.0224002 0.0392276 0.000155591 0.075291 0.0941627 0.122224 0.206181 0.0121026 0.0564996 0.0214619 0.0122497 0.0294141 0.0021347 0.00292644 0.0539092 0.040457 0.00567186 
0.0332215 0.0620679 0.023003 0.000347116 0.0532636 0.118236 0.0774876 0.531339 0.00108791 0.0622569 0.013034 0.0128267 0.0011056 7.45177e-05 0.000591172 0.0065471 0.00288773 0.000622985 
0.0294797 0.0227111 0.00675484 0.000354063 0.122785 0.0496778 0.105867 0.237856 0.00294343 0.216875 0.115904 0.059282 0.00457022 0.000228267 0.00305348 0.0118628 0.0089977 0.000797678 
0.0762951 0.0169671 0.00560705 0.000396438 0.0257777 0.0937744 0.235845 0.323413 0.00244001 0.10891 0.0298853 0.0214742 0.0178793 0.00508424 0.0023445 0.0171289 0.014372 0.00240575 
0.179786 0.032084 0.00758945 8.35366e-05 0.039964 0.0630883 0.100067 0.267973 0.00367599 0.131661 0.0250231 0.0454736 0.0143433 0.000892187 0.00122153 0.0231094 0.0595723 0.0043911 
0.115006 0.0153076 0.0121274 0.00016707 0.0292103 0.0662343 0.0580439 0.477621 0.0157094 0.106821 0.0097266 0.0468591 0.00323455 0.000582497 0.00286472 0.0348402 0.00204984 0.00359557 
0.18073 0.0439795 0.0082117 0.000151452 0.135573 0.157368 0.0951191 0.232012 1.75362e-05 0.0662007 0.00592698 0.0217204 0.00778743 1.32106e-05 0.00933863 0.0263578 0.00431443 0.00517743 
0.0289836 0.071223 0.0197429 0.000418584 0.0867557 0.158778 0.13019 0.275305 0.000631453 0.0584042 0.0560591 0.0337557 0.0130125 0.000235778 0.0258223 0.0335475 0.00324914 0.0038854 
0.242642 0.0289356 0.00943684 0.00117644 0.0825686 0.0379412 0.0385026 0.382794 0.000856909 0.0797241 0.00898685 0.0381401 0.00289998 0.00019382 0.0138685 0.0188034 0.00303466 0.00949443 
0.0425517 0.0064065 0.00216172 7.94174e-05 0.0051704 0.0480876 0.0820567 0.681082 0.00049945 0.105588 0.00499593 0.0135798 0.00294468 8.60939e-06 8.17474e-05 0.00232143 0.00234978 3.47004e-05 
0.310502 0.024779 0.00435723 3.64973e-05 0.0259198 0.0317218 0.0567562 0.313332 0.00417858 0.0869908 0.0676292 0.0271993 0.00454757 0.00056576 0.0017486 0.028737 0.0056328 0.00536576 
0.277331 0.0254517 0.0236896 0.000126978 0.124618 0.04563 0.0323864 0.279497 0.00138399 0.0796936 0.0043029 0.0198041 0.0101676 1.60952e-05 0.000421556 0.0147937 0.0575369 0.00314971 
0.0406143 0.0308967 0.00671992 0.0001905 0.0369814 0.0347728 0.115366 0.319855 0.00200318 0.0305066 0.0169994 0.0145283 0.0101162 0.000424044 0.000887101 0.0172501 0.319709 0.00217884 
0.102103 0.00883895 0.0108664 3.3898e-05 0.0808833 0.112228 0.0889435 0.382754 0.00216948 0.0839787 0.0488216 0.0407326 0.0168624 0.000133147 0.00503045 0.011227 0.00258894 0.00180428 
0.0327043 0.0114765 0.00996355 0.000101541 0.0239663 0.0629467 0.167801 0.427968 0.000672292 0.055614 0.15752 0.0260314 0.0104771 9.22917e-05 0.0011118 0.00681196 0.00306178 0.00167939 
0.111972 0.17509 0.0100478 0.000231555 0.0421923 0.157773 0.0582129 0.208668 0.00113914 0.110354 0.0363941 0.0444237 0.00662418 0.00253699 0.00244078 0.0204953 0.00269496 0.00870975 
0.0114847 0.105746 0.193082 5.67675e-05 0.0869094 0.182279 0.0450709 0.198648 0.000881426 0.0402783 0.00996936 0.04817 0.0291729 0.00197232 0.00759681 0.0287065 0.00228044 0.00769464 
0.106711 0.00639578 0.00450685 1.68942e-05 0.0662631 0.101872 0.0358428 0.560104 0.00020795 0.0363066 0.0403349 0.00742155 0.00294409 0.00130238 0.000950586 0.0248158 0.000327534 0.00367598 
0.0627758 0.0299348 0.011559 0.00156604 0.0553303 0.091453 0.222115 0.253575 0.00501622 0.1071 0.0420574 0.0341865 0.0483078 0.000599079 0.00197732 0.0271076 0.0026527 0.00268653 
0.0304352 0.020928 0.0448973 0.00967498 0.0235793 0.155192 0.215912 0.27234 0.000400296 0.0983088 0.0296014 0.0503023 0.0064656 0.00147982 0.00234794 0.0287879 0.00360675 0.00574104 
0.15159 0.0162852 0.00888093 1.98942e-06 0.123096 0.0688843 0.0927938 0.272016 0.00137431 0.121695 0.0407025 0.034308 0.00265212 0.000371775 0.00248128 0.0459725 0.00867547 0.00821822 
0.00219788 0.0143308 0.00811582 0.000235269 0.0274972 0.0957523 0.111503 0.57922 5.91626e-05 0.0203376 0.117377 0.0141348 0.0027005 8.19318e-05 0.00143405 0.00280878 0.00128807 0.000925181 
0.0211719 0.0303118 0.00780131 2.52975e-05 0.214791 0.183503 0.0232632 0.2364 0.00153306 0.147899 0.000289683 0.0162127 0.000535302 3.10487e-06 0.00114869 0.0528321 0.0618308 0.000449219 
0.043724 0.017585 0.0083796 0.000313356 0.0460169 0.10556 0.0304814 0.59637 0.000791785 0.0577955 0.0282363 0.0272679 0.00219712 0.00306839 0.00218712 0.0113881 0.0146635 0.00397443 
