0.133899 0.0195989 0.00643268 0.00012911 0.0584359 0.062982 0.0211426 0.0436795 7.50731e-05 0.328045 0.00113291 0.0548257 0.00375775 3.33287e-05 0.00173299 0.258939 0.00467956 0.000478944 
0.20336 0.128223 0.0209685 0.000259686 0.0444959 0.0226614 0.0353798 0.0190267 0.00290355 0.422126 0.014469 0.039529 0.0116445 0.000613933 0.000552504 0.0308813 0.000920873 0.00198477 
0.143132 0.015898 0.00667592 0.000576636 0.0217034 0.0661063 0.039246 0.0171601 0.0169252 0.50291 0.0583386 0.0728307 0.00996705 0.0035461 0.000452695 0.018845 0.00049411 0.00519241 
0.127597 0.0588442 0.0298014 7.27953e-05 0.0242878 0.216124 0.0545688 0.0306842 0.00135308 0.312031 0.0183511 0.0551296 0.0245421 0.002123 0.00169905 0.0331551 0.000932177 0.00870398 
0.101271 0.0939881 0.0283368 0.00061104 0.0578621 0.142626 0.0519462 0.0249236 0.00399721 0.296076 0.028704 0.110976 0.00800011 0.00124825 0.00404599 0.0336699 0.0029181 0.0087988 
0.0303281 0.0761477 0.0665731 0.00166582 0.0639801 0.210577 0.0332874 0.039253 0.00204092 0.240529 0.0217897 0.183481 0.00503221 0.000897858 0.0040625 0.0152555 0.00302606 0.00207242 
0.146787 0.036024 0.014704 0.000403341 0.0651782 0.0385203 0.0328556 0.0164911 0.00859242 0.521332 0.0211542 0.0307783 0.00339381 0.000285989 0.00376159 0.0455424 0.0023821 0.0118133 
0.0672025 0.0901481 0.132175 0.000434902 0.0562564 0.137096 0.0277729 0.0199543 0.00165098 0.152093 0.0138342 0.111652 0.00685074 0.0273617 0.00502675 0.137303 0.000670986 0.0125171 
0.144895 0.0687953 0.0391952 0.000145283 0.0929436 0.0970607 0.0758886 0.0322965 0.00484074 0.21475 0.0240572 0.0549597 0.0041227 0.00370326 0.00297792 0.101638 0.00323418 0.0344956 
0.0402418 0.110749 0.012612 0.000590798 0.0848241 0.0586989 0.0539939 0.0720453 0.023099 0.391677 0.0268273 0.0309588 0.0275973 0.0213196 0.00131986 0.0391725 0.000891544 0.00338087 
0.176277 0.020715 0.0324985 0.000966791 0.077561 0.112259 0.0486433 0.120223 0.000515894 0.279851 0.0179667 0.0324112 0.0314526 0.000658355 0.00186188 0.0422038 0.000618664 0.00331694 
0.247756 0.0777878 0.0368296 0.000730782 0.0443623 0.0647742 0.0281656 0.0285857 0.0287168 0.270953 0.0346873 0.0694649 0.00209971 0.000280358 0.00172499 0.057803 0.00132069 0.00395713 
0.0487103 0.077429 0.0473013 0.0002639 0.0781463 0.0635187 0.0241149 0.020221 0.00582241 0.293429 0.0231152 0.167054 0.00759385 0.0208992 0.00226122 0.110272 0.000681428 0.00916671 
0.0924431 0.039866 0.0128145 0.000541978 0.0713909 0.0380691 0.0183461 0.0686996 0.00119784 0.458411 0.0178251 0.0249987 0.00636404 6.86504e-06 0.000254313 0.00610223 0.128608 0.01406 
0.0759113 0.0583787 0.0373657 0.00148456 0.0529178 0.132649 0.0498728 0.0299323 0.00668624 0.379373 0.0356318 0.0728425 0.0143043 0.00766762 0.00430224 0.0338523 0.00166985 0.00515857 
0.130262 0.0559902 0.0170647 0.00362989 0.186525 0.109551 0.0677509 0.0483565 0.00475025 0.210963 0.0285405 0.0650901 0.0137188 0.00473043 0.00326125 0.0411953 0.00452656 0.00409368 
0.0450532 0.0165677 0.00907414 0.000209562 0.0498416 0.0808043 0.0547918 0.0272773 0.000503558 0.395385 0.0257377 0.252819 0.0105419 1.16697e-05 0.0176765 0.0117764 0.000576085 0.00135242 
0.101724 0.0470587 0.0299365 0.000859714 0.0989336 0.160576 0.0646461 0.0373331 0.00461542 0.228563 0.0348117 0.104174 0.0112789 0.00473907 0.00351417 0.057721 0.00321399 0.00630139 
0.0237297 0.0596258 0.0447818 0.000272086 0.0622849 0.173593 0.0174653 0.0604553 0.0182009 0.243808 0.0222265 0.108512 0.0198416 0.00675149 0.00103738 0.104114 0.00023096 0.0330696 
0.0794555 0.0742936 0.0239513 0.000254175 0.0561038 0.092517 0.0346059 0.0134095 0.00141716 0.263022 0.0269295 0.0525461 0.0184682 0.00230914 0.00668437 0.246935 0.00152817 0.00556895 
0.176358 0.0471818 0.0201921 0.000511911 0.0946593 0.0605829 0.0384374 0.0203365 0.0104338 0.373053 0.0153515 0.0603817 0.00311468 0.00481653 0.00262237 0.0623004 0.00347631 0.00619052 
0.0463359 0.0972367 0.0261402 0.000555461 0.130484 0.0345217 0.0394672 0.0170377 0.00412971 0.388224 0.0234032 0.0728088 0.00798202 0.0113716 0.00394126 0.0833093 0.00239025 0.0106609 
0.363493 0.0265914 0.00505226 0.000796796 0.0138607 0.0767467 0.0162262 0.0100549 0.00768658 0.418455 0.00707825 0.0178785 0.00108314 0.00193565 0.000365208 0.0275896 9.97303e-05 0.00500591 
0.0812742 0.0663573 0.0239291 4.61068e-05 0.0450533 0.174117 0.0291291 0.161886 0.00516605 0.200013 0.0508781 0.0379475 0.0354521 0.0191267 0.0101405 0.041083 0.00130216 0.0170995 
0.0654088 0.0540072 0.0434424 0.0001472 0.086139 0.107444 0.0320792 0.0172377 0.00411166 0.32497 0.0175028 0.177871 0.00522452 0.00729765 0.00164067 0.0468979 0.00565411 0.00292387 
0.0413825 0.0930221 0.0103775 0.000153672 0.0912116 0.0831847 0.112566 0.0382345 0.00204758 0.225519 0.0138621 0.199537 0.00786272 1.13358e-05 0.0018481 0.07533 0.00070174 0.0031475 
0.0373237 0.0438188 0.0172382 0.000351522 0.24375 0.120592 0.0184486 0.0270597 0.00169738 0.272561 0.0151245 0.0654403 0.00704124 0.0115012 0.00491503 0.105355 0.00232332 0.00545821 
0.178769 0.0530807 0.0141144 0.145221 0.0593151 0.0238614 0.0182098 0.0237666 0.0114987 0.204741 0.0170074 0.0233801 0.00390724 0.0414991 0.0226985 0.151091 0.00501771 0.0028209 
0.062369 0.063434 0.0556624 0.000349094 0.120113 0.156047 0.0346671 0.0293123 0.00570785 0.215283 0.0236672 0.0994644 0.0105699 0.0100893 0.00714795 0.0976482 0.00330064 0.00516799 
0.117635 0.0331397 0.00892654 0.000211098 0.0446256 0.0936425 0.0492143 0.0221942 0.0111686 0.519721 0.0245737 0.032268 0.0125193 0.00205535 0.000373335 0.0243221 0.00101549 0.00239389 
0.135523 0.0769406 0.0385213 0.0010506 0.046801 0.158994 0.0493068 0.029292 0.00523713 0.236739 0.0251671 0.092715 0.00756472 0.00498292 0.00598201 0.0721296 0.00217455 0.0108786 
0.021366 0.0796793 0.0299129 0.000297715 0.290049 0.0552709 0.039788 0.0114995 0.00648179 0.315246 0.0415357 0.0448936 0.0076288 0.00608382 0.00392528 0.0371543 0.000783089 0.00840453 
0.114775 0.027358 0.00733083 9.76855e-05 0.135641 0.0570665 0.0600115 0.0789213 0.0133549 0.347528 0.0269992 0.0986567 0.0133409 3.81042e-05 0.0017819 0.0145158 0.00189444 0.000688997 
0.0777892 0.0488776 0.00960357 0.000344218 0.110227 0.116333 0.0724506 0.05229 0.00334892 0.300975 0.023769 0.106232 0.0129233 0.0177485 0.00808723 0.0365044 0.00103104 0.00146652 
0.0701258 0.0878121 0.00505442 0.000580142 0.0687603 0.0279462 0.0317936 0.018373 0.02113 0.53542 0.0307843 0.0552224 0.00396631 0.00024962 0.00077733 0.036475 0.00307452 0.00245501 
0.0446304 0.156259 0.0950336 0.000481763 0.0734373 0.119532 0.0275099 0.0166443 0.00523781 0.204653 0.0310681 0.115206 0.0234404 0.00611457 0.00796421 0.0676588 0.00119842 0.00393079 
0.1269 0.0211737 0.00497637 0.000314672 0.0248697 0.271142 0.0572622 0.0339919 0.00109601 0.295915 0.0174248 0.109283 0.0121214 0.000232646 0.00126108 0.0198912 0.00154518 0.00060037 
0.0333079 0.089268 0.0188996 0.000290878 0.142104 0.0781262 0.0320409 0.0248909 0.00401865 0.352896 0.0117532 0.0611701 0.00525931 0.0299074 0.000831935 0.113555 0.00025778 0.00142257 
0.289271 0.104081 0.00387935 0.000432845 0.0205353 0.0275391 0.0603345 0.041922 0.00317609 0.329064 0.00768208 0.0178623 0.00483036 3.57818e-05 0.000157462 0.0177691 0.000525262 0.0709027 
0.142981 0.119066 0.0289085 9.98203e-05 0.0260005 0.0639914 0.13139 0.0338854 0.0109492 0.213795 0.0558648 0.0940129 0.0140491 0.00188237 0.0162114 0.040425 0.00320685 0.00328172 
0.0471255 0.124966 0.0519484 0.000177417 0.0576916 0.218866 0.0390469 0.0214895 0.00491673 0.221459 0.0238589 0.111965 0.0120382 0.00380204 0.00284499 0.0530127 0.00090214 0.00388895 
0.0719811 0.0831273 0.102739 0.00115894 0.0438507 0.089456 0.036262 0.0253228 0.010549 0.281029 0.0218168 0.0851182 0.00669244 0.0113126 0.00240871 0.102955 0.000694604 0.023526 
0.148794 0.0993093 0.0146659 0.00028088 0.0459935 0.127573 0.0532286 0.0217858 0.000656901 0.427755 0.00402328 0.0328373 0.00127665 1.84494e-05 0.00189549 0.0174493 0.000472678 0.0019845 
0.088245 0.147253 0.133694 0.000795572 0.071006 0.148531 0.0342918 0.0258118 0.00246187 0.188057 0.0131021 0.081598 0.0137495 0.00450632 0.00618703 0.0362736 0.000813021 0.00362388 
0.0801706 0.0803127 0.0376839 0.000582166 0.129414 0.11789 0.042224 0.0274583 0.0054386 0.205711 0.0308845 0.112276 0.00832901 0.00646993 0.00704806 0.0991427 0.00154962 0.0074152 
0.07 0.0648521 0.0763736 0.000341823 0.0304878 0.146842 0.0307458 0.0383502 0.00457057 0.369483 0.0305665 0.0771957 0.00973957 0.00288987 0.00135632 0.0298659 0.0124394 0.00389994 
0.0516393 0.0647213 0.0367391 0.000712083 0.126336 0.0713183 0.0304103 0.0178734 0.00428763 0.316729 0.0288057 0.116836 0.00586428 0.0183128 0.00366499 0.0951701 0.00134269 0.00923778 
0.061225 0.138308 0.0267234 0.000397749 0.0578892 0.101146 0.0363931 0.0246533 0.00433455 0.345933 0.0144861 0.122424 0.00283657 0.00526929 0.0028456 0.0517846 0.00104078 0.00231053 
0.0834341 0.0717226 0.00976985 0.000441367 0.0745517 0.0910148 0.0366451 0.0224514 0.00600505 0.245085 0.0352609 0.233419 0.0050457 0.000654776 0.00490158 0.0733826 0.00103846 0.00517556 
0.0330277 0.107251 0.010862 0.000518485 0.0666396 0.0690662 0.0488379 0.0415037 0.00259069 0.473372 0.0200797 0.068151 0.0121289 0.00255631 0.00106429 0.0390324 0.000716666 0.00260103 
0.0580224 0.0344992 0.0209262 0.000120733 0.0547837 0.202737 0.0554558 0.0275989 0.0027665 0.366812 0.0264366 0.108055 0.0183439 0.0024387 0.00152347 0.0158946 0.00104847 0.00253652 
0.172092 0.180384 0.0072868 0.000324974 0.0312602 0.0383099 0.0353655 0.0224178 0.00927691 0.382092 0.00551967 0.0800362 0.00606532 0.000844885 0.00790955 0.0191278 0.000696333 0.000990686 
0.0687642 0.109523 0.0850861 0.00036891 0.0487092 0.143438 0.0602156 0.0445931 0.00265609 0.197326 0.0429976 0.0897798 0.0335025 0.0107186 0.00363263 0.0516677 0.00283618 0.00418496 
0.182881 0.025939 0.0291342 8.48094e-06 0.0595184 0.0335697 0.0590543 0.0207675 0.00025623 0.326454 0.0138642 0.2209 0.00066413 5.26916e-05 0.00260157 0.0224893 0.00131933 0.000525037 
0.131916 0.0288142 0.0163211 0.000504072 0.182565 0.04823 0.0936366 0.0142923 0.0431084 0.230254 0.00765874 0.0485527 0.0126154 0.0908832 0.000947405 0.0450537 0.00226828 0.00237868 
0.137187 0.0467139 0.00445483 0.00157617 0.0236111 0.282073 0.0937068 0.0103977 0.000637054 0.319757 0.0187979 0.0146792 0.00125864 0.000300776 0.00071089 0.0419806 0.000355854 0.00180239 
0.278945 0.0247414 0.00321635 0.000119678 0.0616634 0.0423241 0.0469332 0.0674835 0.00593155 0.340393 0.0258534 0.0768102 0.00392758 4.80267e-05 0.00178344 0.0177443 0.00182983 0.000252269 
0.133035 0.0774934 0.0345126 0.000553853 0.150062 0.128207 0.0470509 0.0381818 0.00878051 0.155508 0.0283888 0.0814776 0.0095154 0.00937376 0.013282 0.0718082 0.0037753 0.00899311 
0.0687488 0.164632 0.0099765 0.000524719 0.0596406 0.0377183 0.0474528 0.0323121 0.0184308 0.434321 0.0134908 0.0507474 0.00962096 0.0016958 0.00287061 0.0459939 0.000637268 0.0011858 
0.130758 0.0207885 0.00875979 0.00059097 0.0236107 0.188481 0.194772 0.0540346 0.0454591 0.209869 0.0698755 0.0332963 0.0066271 0.000465719 0.000467928 0.00946657 0.00123866 0.00143811 
0.100316 0.0207673 0.0054696 0.00764897 0.0598567 0.0849251 0.101383 0.0971036 0.00599006 0.332168 0.0581277 0.0597811 0.0357114 0.00227905 0.000290085 0.0152049 0.0110988 0.00187915 
0.185071 0.0587097 0.0223762 0.000512074 0.0627452 0.0635056 0.130665 0.0559044 0.00909902 0.244443 0.0367505 0.0540168 0.0162064 0.00287425 0.00317609 0.0427352 0.0033728 0.00783636 
0.0875292 0.0324084 0.0255744 0.000932225 0.158838 0.0203122 0.0283768 0.0130013 0.000770521 0.513429 0.0574074 0.0219581 0.00716573 8.88876e-06 0.00013945 0.0266009 0.00531164 0.000234959 
0.257857 0.0193356 0.00906949 0.00112569 0.0130515 0.0544053 0.0384141 0.0259159 0.0445325 0.459147 0.00856247 0.0374827 0.0033319 2.70678e-05 0.000266969 0.00813004 0.000298321 0.0190464 
0.0754542 0.0680743 0.0446117 0.00297578 0.0547788 0.174275 0.0374465 0.0126176 0.00410568 0.215524 0.0205027 0.0691732 0.0103437 0.00967419 0.00473604 0.183978 0.000926795 0.0108013 
0.309834 0.0179575 0.0120519 0.000505235 0.0248114 0.0600272 0.061173 0.0214569 0.00150815 0.340076 0.0213382 0.0309495 0.0111983 0.00288132 0.000280292 0.0480012 0.0011865 0.0347635 
0.0954868 0.0750493 0.113848 0.000832667 0.0404747 0.149516 0.033177 0.0185461 0.0079513 0.188028 0.0313973 0.106878 0.0046114 0.00246409 0.00189695 0.0674273 0.00197155 0.0604452 
0.0415653 0.0496729 0.0130477 0.000681129 0.0370369 0.106769 0.0672627 0.0398155 0.00259581 0.419932 0.0497528 0.0888737 0.00891906 0.00750095 0.00383188 0.0601529 0.000399063 0.00219125 
0.0669568 0.0298185 0.00789718 0.00065993 0.0364917 0.107467 0.154828 0.0213203 0.000704885 0.475239 0.0300422 0.0410514 0.00578546 0.000467734 0.0010174 0.0189723 0.000650032 0.000630006 
0.132185 0.0839182 0.0681835 0.000165428 0.0401939 0.130399 0.0326007 0.0241016 0.0135981 0.222119 0.0332018 0.0831345 0.00931159 0.0089483 0.00215034 0.0982673 0.000606835 0.0169153 
0.117838 0.0683391 0.020356 0.00151163 0.043219 0.0285691 0.0325253 0.0266938 0.0122431 0.334049 0.0250557 0.0487967 0.00869714 0.00857906 0.00285079 0.140718 0.0100693 0.0698888 
0.0277644 0.217407 0.0205304 0.000201082 0.100093 0.0944957 0.044631 0.0271856 0.00206417 0.234476 0.0411794 0.138276 0.00876801 0.0022425 0.00205757 0.0349763 0.000767393 0.00288408 
0.0263135 0.0851412 0.0527842 0.000367616 0.106301 0.158053 0.0578795 0.0383038 0.00195071 0.210342 0.0299931 0.153512 0.00653426 0.0134294 0.00235964 0.0496723 0.00440964 0.00265205 
0.181251 0.125602 0.0330484 0.00096796 0.0337155 0.062985 0.0442885 0.0157257 0.0100042 0.368019 0.0473965 0.0441285 0.000595457 0.00110442 0.0040694 0.0235367 0.00087375 0.0026885 
0.0753843 0.0579885 0.0253403 0.000380876 0.0804188 0.119364 0.0483253 0.0227947 0.00815142 0.284412 0.0375796 0.150631 0.00663334 0.00351428 0.00287685 0.0694285 0.00102093 0.00575517 
0.0862937 0.116802 0.136094 0.000472739 0.0335448 0.123863 0.039093 0.014391 0.0040862 0.294135 0.0106069 0.0796322 0.00586262 0.00262377 0.00877053 0.0322572 0.00493742 0.00653295 
0.0948293 0.100323 0.0281858 6.60463e-05 0.106511 0.0431582 0.0876866 0.0433906 0.00529302 0.185971 0.0419534 0.0337347 0.0324482 0.00274613 0.00224734 0.16313 0.0021104 0.0262146 
0.126018 0.0299546 0.0154907 0.00116767 0.0562495 0.0345981 0.0331762 0.0293386 0.00344902 0.241479 0.115983 0.053947 0.00697741 0.00555022 0.00231788 0.210607 0.00184976 0.0318461 
0.0439183 0.0549171 0.0147165 0.000356416 0.217034 0.0305917 0.0264196 0.0205749 0.000525653 0.419619 0.0378291 0.0408993 0.0043295 0.00034624 0.00277043 0.0794983 0.00467816 0.000976151 
0.134934 0.109805 0.00618872 0.000194065 0.0838024 0.0154034 0.0193442 0.0166958 0.0136526 0.524071 0.00925472 0.0304385 0.00207995 0.000320352 0.00800189 0.0221737 0.00179191 0.00184694 
0.0564072 0.101211 0.0295923 0.000514275 0.0538802 0.0522421 0.0209483 0.0165194 0.00359827 0.480656 0.0149859 0.0747861 0.00464539 0.013263 0.00139353 0.0720234 0.00167008 0.00166331 
0.126642 0.0399548 0.0147575 0.000172387 0.0728933 0.15705 0.033603 0.0270443 0.0153394 0.358893 0.018774 0.0627377 0.00661713 0.00792671 0.00154571 0.0382563 0.0149969 0.00279575 
0.134557 0.148147 0.0629246 0.000187877 0.0465574 0.0529491 0.0492027 0.0247108 0.00603351 0.195649 0.0138902 0.0384734 0.0034847 0.000327568 0.148828 0.0692714 0.00187809 0.00292736 
0.116397 0.0898462 0.00771888 0.00255792 0.0508252 0.165636 0.0654496 0.0179575 0.00886656 0.330926 0.00867242 0.0325672 0.00683717 0.00157678 0.00271465 0.0830321 0.00184183 0.00657729 
0.115193 0.0251351 0.0187599 0.00198984 0.0674815 0.00986562 0.00447768 0.00902134 0.0045867 0.343078 0.0190847 0.0788037 0.00160859 0.00821235 0.00187354 0.286467 0.000759607 0.0036012 
0.0664639 0.0649287 0.0148521 0.000527194 0.0735909 0.19782 0.0686675 0.0435028 0.000225284 0.290892 0.0126397 0.117692 0.0086852 0.000967876 0.00105225 0.0348297 0.00164137 0.00102132 
0.297186 0.0412228 0.0117001 0.000296151 0.064735 0.0203714 0.033923 0.0389135 0.00183213 0.34359 0.0108564 0.0368468 0.00251375 0.00233391 0.000762833 0.0495388 0.0420791 0.00129842 
0.220829 0.0432464 0.0217099 0.000609665 0.0446526 0.0339938 0.0135235 0.00401733 0.0029722 0.345192 0.00714055 0.0217508 0.00367979 0.0111122 0.00468204 0.161811 0.000199934 0.0588772 
0.178587 0.106275 0.0742411 4.02626e-05 0.0343735 0.15396 0.0410718 0.0272706 0.00178038 0.193784 0.0167119 0.0284575 0.0197855 0.011242 0.000752778 0.0925118 0.00118433 0.0179712 
0.0996708 0.175288 0.0317514 0.000303875 0.0786169 0.055661 0.0486432 0.0305998 0.0180305 0.228184 0.0410199 0.058543 0.0324758 0.00973028 0.0036933 0.0732141 0.000906964 0.0136667 
0.0787638 0.0318 0.0375595 0.000161354 0.038987 0.144898 0.0825097 0.0286815 0.00135851 0.432178 0.00993931 0.0776485 0.0145948 0.00168972 0.000525102 0.0172131 0.000419214 0.00107324 
0.0814691 0.0275166 0.00784866 0.000154009 0.064454 0.132337 0.101847 0.175624 0.00122803 0.210687 0.028456 0.0477241 0.0243282 0.00660463 0.000510358 0.0830818 0.00341202 0.0027168 
0.121759 0.0730744 0.0545345 0.00052649 0.108168 0.141294 0.0599861 0.0293441 0.00258911 0.219945 0.0276937 0.0505627 0.0109763 0.0105068 0.00147606 0.0756111 0.00129977 0.010653 
0.148873 0.0673026 0.0227293 8.05713e-05 0.054079 0.036952 0.0232364 0.010944 0.0196694 0.290817 0.0142772 0.04235 0.00431436 0.0120083 0.00262693 0.238334 0.000536702 0.0108695 
0.177664 0.0601907 0.0328683 0.0018133 0.0476511 0.0323731 0.045095 0.028638 0.0222703 0.250541 0.0251337 0.132817 0.0059418 0.0019109 0.00255302 0.122743 0.00274653 0.00704886 
0.111328 0.0564417 0.0172365 0.000311827 0.0394543 0.158376 0.0662038 0.0296714 0.00388508 0.328367 0.0245172 0.111113 0.00562527 0.00160892 0.000920293 0.0276836 0.000635004 0.0166208 
0.045813 0.149298 0.0461731 0.000704716 0.039603 0.0750539 0.0183243 0.0093305 0.00406037 0.361664 0.0165578 0.130284 0.00514707 0.00917532 0.00189144 0.0848417 0.000560344 0.0015175 
0.0314665 0.206993 0.0952054 0.000303985 0.0831648 0.10223 0.0230017 0.0137898 0.00883069 0.210123 0.0305953 0.0818884 0.00763451 0.00889832 0.00328756 0.0806779 0.00103122 0.0108775 
0.0644888 0.111157 0.0123917 0.00145959 0.081409 0.0886908 0.0465422 0.022478 0.00279815 0.341509 0.0379053 0.0918669 0.00593082 0.00475651 0.00750808 0.0719194 0.00113918 0.00604932 
0.068911 0.0848503 0.0325065 0.000265819 0.0603046 0.043371 0.0231623 0.011282 0.0162121 0.27196 0.0216095 0.132639 0.00427565 0.0163966 0.00156744 0.205202 0.000522873 0.00496141 
0.295519 0.0798288 0.0198532 0.000238783 0.0388406 0.040013 0.040706 0.0263512 0.0134586 0.341715 0.00723654 0.0373999 0.0112962 2.51761e-05 0.00156954 0.0434461 0.000707036 0.00179536 
0.0989548 0.103925 0.183672 0.00170205 0.0298671 0.0913204 0.0396776 0.0134839 0.00389884 0.199291 0.0156137 0.0678853 0.00670363 0.00586081 0.00369336 0.128992 0.00076283 0.00469625 
0.0957938 0.0676759 0.00752096 0.00117198 0.0614439 0.0675086 0.0520608 0.0575444 0.0232673 0.424931 0.0087223 0.0643051 0.0242659 0.00247011 0.00175626 0.0260229 0.0111285 0.00241091 
0.288894 0.0684307 0.0134585 0.000258368 0.0441847 0.0509172 0.0490873 0.0150876 0.0341494 0.326948 0.00615077 0.043486 0.00216274 0.00303455 0.000851242 0.0509283 0.00134171 0.000628203 
0.117772 0.0643751 0.027334 0.000495142 0.15789 0.111539 0.0248922 0.0240002 0.0022609 0.165745 0.00804084 0.113726 0.00806979 0.00218938 0.0217342 0.138517 0.00046576 0.0109534 
0.0445261 0.0735182 0.0222033 0.000429821 0.14957 0.0236044 0.0213972 0.0079239 0.00315747 0.283682 0.0123518 0.030233 0.00913663 0.0263267 0.00818559 0.275839 0.000764807 0.00714974 
0.0604196 0.0417135 0.135061 0.000266015 0.0348425 0.0507397 0.0345221 0.02674 0.00373171 0.256771 0.0461232 0.163377 0.00666957 0.0287849 0.00178357 0.0972975 0.0035612 0.0075963 
0.0623652 0.150057 0.0505761 0.000596179 0.125572 0.139123 0.0353819 0.0224862 0.00389593 0.245724 0.0179546 0.0597673 0.00701275 0.00773421 0.0031956 0.0620253 0.00225637 0.00427606 
0.128262 0.166876 0.10958 0.000139035 0.0273973 0.089691 0.0305769 0.0178515 0.000387532 0.200313 0.0287472 0.0863606 0.00646697 0.00901747 0.00338188 0.0900319 0.000262861 0.00465549 
0.180999 0.109425 0.0331018 0.0390619 0.0317564 0.0460483 0.156609 0.0244048 0.00392041 0.202807 0.0261022 0.0204801 0.0703167 0.00114995 0.00297911 0.0189026 0.020255 0.0116811 
0.226746 0.0645644 0.00546272 0.000613075 0.0580429 0.050795 0.114625 0.0297539 0.0105396 0.244037 0.0240584 0.0978909 0.00479134 0.000439449 0.000542387 0.0628615 0.00114821 0.00308806 
0.0469345 0.118269 0.0291076 0.00055417 0.0994277 0.0593649 0.0242136 0.0145979 0.0103022 0.34563 0.0201698 0.0760964 0.0116369 0.0136429 0.00303166 0.116496 0.00111342 0.00941099 
0.0486434 0.0487784 0.0191848 0.000587532 0.0757072 0.0742389 0.0469502 0.0256814 0.00411616 0.352199 0.012898 0.155962 0.00638737 0.00361369 0.00141056 0.119189 0.00129458 0.003158 
0.283874 0.0676174 0.00371878 8.46978e-05 0.0705736 0.0203179 0.0917898 0.0280072 0.00369084 0.296212 0.0138103 0.0298309 0.00586292 0.000345512 0.00131857 0.0695086 0.000848433 0.0125884 
0.152675 0.0592357 0.00793698 0.00170691 0.0360449 0.0315005 0.0270169 0.0241446 0.0464782 0.474249 0.0180209 0.0522678 0.00265658 0.00192178 0.00133982 0.0592583 0.00124246 0.00230376 
0.0832279 0.0395119 0.0905266 0.000786601 0.0581507 0.127777 0.0800446 0.0605503 0.00352472 0.211178 0.0224923 0.0644896 0.014979 0.00508284 0.00279678 0.127181 0.00458063 0.00311964 
0.0845458 0.0356966 0.119424 0.000484012 0.122313 0.153893 0.0166151 0.0246894 0.00198258 0.173269 0.0319877 0.0535401 0.0114086 0.026582 0.00229655 0.12177 0.00552003 0.0139824 
0.121924 0.0528773 0.0194198 0.000556361 0.152438 0.0307097 0.0484674 0.0188081 0.000569568 0.181574 0.0402254 0.161588 0.00245847 0.00675526 0.00417438 0.144219 0.00562354 0.00761052 
0.160818 0.0375567 0.0199844 8.92665e-05 0.0521219 0.0829357 0.0495023 0.0397487 0.0040953 0.405316 0.00770941 0.0533753 0.00106217 0.00172944 0.0125469 0.0627144 0.00664177 0.00205269 
0.0567384 0.0321175 0.00500908 0.000118804 0.0784142 0.0440782 0.0493285 0.0499058 0.00444987 0.546314 0.0577041 0.0460887 0.01413 0.000323024 0.000155326 0.00982309 0.00423823 0.00106328 
0.176403 0.0457826 0.0162901 0.000297763 0.195501 0.01898 0.0386402 0.0107874 0.0279396 0.237563 0.0100854 0.0300272 0.00302726 9.57351e-06 0.000412707 0.183591 0.00173747 0.00292469 
0.0439445 0.0260565 0.0431435 0.00048271 0.0487778 0.123751 0.0582604 0.0416102 0.00239678 0.252397 0.166712 0.154239 0.00426568 0.0045109 0.000895485 0.0266315 0.000456271 0.00146871 
0.0336083 0.0939699 0.0260995 0.000544169 0.139462 0.10534 0.0150963 0.0146955 0.00022091 0.220337 0.00549958 0.116318 0.00142596 0.0135796 0.00479363 0.203632 0.000457609 0.00492067 
0.115193 0.0251351 0.0187599 0.00198984 0.0674815 0.00986562 0.00447768 0.00902134 0.0045867 0.343078 0.0190847 0.0788037 0.00160859 0.00821235 0.00187354 0.286467 0.000759607 0.0036012 
0.125194 0.011835 0.00204839 0.0165075 0.0463933 0.014728 0.0386268 0.0202369 0.0881882 0.507315 0.0420158 0.0452159 0.00846054 0.000356184 0.000171622 0.0296274 0.00173153 0.00134785 
0.0868647 0.100582 0.020302 0.000429509 0.0994505 0.142884 0.0320966 0.0202226 0.00511393 0.298322 0.0127625 0.087047 0.0035708 0.00776838 0.00134785 0.0758156 0.00309635 0.00232455 
0.0752755 0.0609101 0.0222003 5.80751e-05 0.139451 0.0323274 0.0194837 0.0183824 0.00323516 0.387278 0.0244251 0.0296714 0.0190774 0.000213262 0.00120735 0.149379 0.00131169 0.0161127 
0.0696687 0.183071 0.0183396 0.00272645 0.0424471 0.0562808 0.0267382 0.0135064 0.00712699 0.332244 0.0189703 0.162931 0.006878 0.00179229 0.00156721 0.0493758 0.00194651 0.00438981 
0.0410429 0.068102 0.0454228 0.000590025 0.0620793 0.156303 0.0303209 0.0301708 0.00462952 0.369216 0.0220954 0.122982 0.007838 0.0020975 0.00273692 0.0293469 0.00116137 0.00386525 
0.0606923 0.0533381 0.0162452 0.000676885 0.0731362 0.0770952 0.0431963 0.0299831 0.00644663 0.40997 0.0266255 0.152315 0.00683459 0.00341331 0.00258606 0.0311063 0.0013399 0.00500009 
0.125243 0.0652141 0.0293814 0.000289819 0.0461226 0.0952641 0.0440529 0.0272817 0.00920507 0.344495 0.0274928 0.105063 0.00446663 0.00626574 0.00190736 0.0649097 0.00113908 0.00220519 
0.0840453 0.0547498 0.0141684 0.000536354 0.0145336 0.106785 0.0247987 0.0115681 0.00828415 0.546609 0.0203126 0.0677304 0.00960419 0.0025609 0.00110985 0.0222818 0.000446423 0.00987516 
0.151857 0.0419182 0.0067858 0.000232835 0.0552611 0.0425946 0.0544104 0.0499028 0.00104406 0.538841 0.00613757 0.0232107 0.000464472 1.67982e-05 0.00126814 0.0231828 0.00143681 0.00143437 
0.0358161 0.124435 0.0122731 0.000429225 0.056903 0.0700132 0.0309686 0.0173903 0.00278595 0.404668 0.0221696 0.0874759 0.0189454 0.00317826 0.00173996 0.105096 0.000365683 0.00534688 
0.0246634 0.162428 0.0329021 0.000556846 0.0572488 0.18139 0.0133535 0.0122247 0.0027489 0.358479 0.0115272 0.107128 0.00212273 0.0023667 0.00143335 0.0263388 0.00124768 0.00183981 
0.0561841 0.0484487 0.0163736 0.000218288 0.0410681 0.0921126 0.0484135 0.0284238 0.000832322 0.548672 0.0175416 0.0601048 0.00604819 0.00238285 0.000957732 0.0286459 0.000887211 0.00268442 
0.0849561 0.0174031 0.0534996 0.000138185 0.0388984 0.182897 0.0667627 0.0294517 0.000460727 0.407818 0.00653692 0.0755442 0.00629637 0.00892071 0.000809125 0.0186208 0.000528914 0.000457322 
0.150517 0.0164887 0.00848324 0.000194037 0.00785224 0.033369 0.2325 0.0244846 0.00396915 0.364766 0.0392488 0.0710008 0.0136495 2.68259e-05 0.000776252 0.029681 0.00256835 0.000424262 
0.0221952 0.107164 0.00815371 0.000429554 0.0224106 0.0560857 0.0223075 0.0125444 0.00512798 0.466583 0.0552855 0.185632 0.00548667 0.00221953 0.000599972 0.0248262 0.000145982 0.0028023 
0.0961616 0.0574145 0.0118593 0.0014797 0.0893823 0.069341 0.0905125 0.0322009 0.0198824 0.263591 0.17082 0.0391366 0.00468529 0.00512648 0.000983966 0.0370657 0.00215405 0.00820312 
0.0370042 0.0816308 0.00847221 0.000269906 0.0828074 0.0380219 0.0299213 0.0174178 0.0143623 0.50371 0.0152886 0.0300278 0.00641275 0.00267759 0.000349484 0.127875 0.00110334 0.00264713 
0.178862 0.0987974 0.0195365 0.0943804 0.0347132 0.0782379 0.0540765 0.0211867 0.00970288 0.247453 0.0264161 0.0606642 0.0101786 0.0029528 0.00162273 0.0568439 0.00215634 0.00221871 
0.0817972 0.0731637 0.033513 0.000257065 0.0441435 0.212852 0.0358893 0.0157995 0.0159918 0.298637 0.0166919 0.0469514 0.0198897 0.00438579 0.00257935 0.0857007 0.00175072 0.0100065 
0.0780786 0.0408399 0.0102996 0.000258693 0.105949 0.0381807 0.0331273 0.0264351 0.032496 0.450757 0.0276138 0.0424278 0.0173225 0.00454254 0.00131741 0.0822506 0.00185455 0.00624886 
0.0524329 0.151481 0.19334 0.00472718 0.0432564 0.0607168 0.0131261 0.0389764 0.00169044 0.197004 0.0163565 0.114421 0.0103143 0.00339858 0.00309917 0.0571009 0.000271704 0.0382871 
0.0727304 0.1093 0.0120514 0.000159847 0.0508245 0.101669 0.106938 0.0723758 0.00017493 0.286565 0.0290561 0.0294288 0.0103774 0.00511996 0.000608128 0.109676 0.000235443 0.00270831 
0.338484 0.0205753 0.00476151 8.5663e-05 0.0242019 0.0253953 0.112001 0.0231764 0.0050235 0.402666 0.0107784 0.0165159 0.000279288 9.56437e-05 0.00578727 0.00921166 5.15018e-05 0.000908814 
0.0724436 0.054153 0.0151611 0.000720893 0.0405538 0.107082 0.067166 0.0305451 0.000619581 0.283689 0.0230198 0.22553 0.00257506 0.00209699 0.0015215 0.0406451 0.0291765 0.00330224 
0.297807 0.04167 0.0369026 0.000120626 0.0668268 0.0334239 0.0397502 0.0181218 0.00469683 0.320411 0.026936 0.0459875 0.00269976 0.00883689 0.00103419 0.0442711 0.000351394 0.0101525 
0.233 0.0373298 0.0270524 7.21075e-05 0.0955306 0.0351548 0.052254 0.0298803 0.00555346 0.26134 0.0133734 0.0167252 0.00640162 0.000365294 0.0382757 0.0881602 0.00553487 0.0539962 
0.054344 0.0917702 0.0350307 0.000492354 0.0444246 0.142928 0.0236396 0.0181765 0.00523469 0.407557 0.0155964 0.0872856 0.00746814 0.00685509 0.00101817 0.0396205 0.0012517 0.017307 
0.0647979 0.0422891 0.0215595 0.000415747 0.0123171 0.265569 0.0487633 0.0217804 0.000158958 0.370866 0.0332971 0.0937267 0.00621672 1.60263e-05 0.00039883 0.017209 0.000265339 0.000352824 
0.0549136 0.0584307 0.0850866 0.00063192 0.151632 0.147244 0.0661932 0.026476 0.00387199 0.175558 0.0309099 0.119678 0.0080359 0.0010048 0.0187817 0.0451835 0.00324833 0.00312018 
0.0687826 0.0375527 0.227893 0.00044961 0.0458494 0.118924 0.0241646 0.0418602 0.0123219 0.229834 0.0206594 0.0991345 0.00946762 0.00510737 0.00160253 0.0479802 0.000728483 0.00768756 
0.203643 0.0660709 0.0239083 0.000525691 0.0197265 0.109672 0.0344768 0.00820287 0.000313466 0.430685 0.00348733 0.0246161 0.00341728 0.00144699 0.00580444 0.0492727 0.000506298 0.0142246 
0.0631629 0.0635416 0.229785 0.00131406 0.0813194 0.0583379 0.0306733 0.00664199 0.00892339 0.235623 0.00473315 0.0310317 0.00722488 0.0221565 0.00174555 0.147342 0.000642015 0.00580189 
0.139792 0.0743409 0.00352515 0.000267568 0.0806513 0.0550712 0.0369657 0.0612388 0.00829983 0.379734 0.0199116 0.0402908 0.00598504 0.00713251 0.00503848 0.080615 0.00048192 0.000658559 
0.218418 0.0607812 0.00500188 0.000514627 0.00809051 0.0383206 0.0808456 0.0337262 0.0247235 0.427611 0.00549151 0.0765503 0.000573594 4.33489e-05 0.00046169 0.0185822 7.68327e-05 0.000186797 
0.281778 0.0103772 0.0039726 2.43829e-05 0.0592141 0.0167229 0.0762051 0.0181685 0.00925085 0.396898 0.00899389 0.0587089 0.000336555 3.44144e-05 0.00060933 0.0367925 0.0167734 0.0051398 
0.0233566 0.199666 0.0211802 0.000338874 0.055643 0.0517749 0.0230372 0.0168894 0.0038372 0.323398 0.0284782 0.143561 0.0123387 0.0125215 0.00189886 0.0715884 0.000340403 0.0101524 
0.162445 0.0269405 0.0155151 0.000106424 0.0648397 0.0523453 0.154191 0.0766769 0.00502541 0.242128 0.0533048 0.0874072 0.00880269 0.00151942 0.0014058 0.0446968 0.00049796 0.00215221 
0.234375 0.0702145 0.040831 3.01926e-05 0.0375752 0.0151386 0.0110668 0.0133616 0.0548011 0.361201 0.00455451 0.0282006 0.0130649 0.00516945 0.00175439 0.098174 3.04006e-05 0.0104569 
0.0583431 0.0614522 0.0388404 0.000860811 0.108067 0.0715399 0.0379886 0.024117 0.00218665 0.302531 0.046267 0.15974 0.0277187 0.00412007 0.00182531 0.0481008 0.00289276 0.00340881 
0.0482298 0.0839487 0.0586203 0.000493806 0.067862 0.0476249 0.0389832 0.0235018 0.000846885 0.370401 0.033381 0.0985081 0.0417437 0.010198 0.00256016 0.070289 0.000510621 0.00229695 
0.123774 0.0850765 0.0146586 0.000593252 0.0330287 0.0618227 0.184256 0.0715801 0.0058096 0.244568 0.0511789 0.0495977 0.00533906 0.000811365 0.00279655 0.050054 0.00157312 0.0134818 
0.0970479 0.0818942 0.0677389 0.000633979 0.070908 0.116729 0.0250343 0.0297913 0.00784503 0.249676 0.0132421 0.0478942 0.00652805 0.00935705 0.00185947 0.158871 0.000488377 0.0144618 
0.045813 0.149298 0.0461731 0.000704716 0.039603 0.0750539 0.0183243 0.0093305 0.00406037 0.361664 0.0165578 0.130284 0.00514707 0.00917532 0.00189144 0.0848417 0.000560344 0.0015175 
0.223586 0.0169821 0.00678766 1.77748e-05 0.0583247 0.0317829 0.134823 0.083742 0.00159119 0.226812 0.145762 0.0152378 0.00738917 0.00417404 0.000562848 0.0291184 0.000548628 0.0127574 
0.0125703 0.0660811 0.00870544 0.000497622 0.0612948 0.0211221 0.0101786 0.0126648 0.00316274 0.511299 0.00463711 0.0552533 0.00302724 0.000168558 0.000389871 0.226499 0.00035197 0.00209595 
0.0647668 0.117387 0.0186164 0.000255972 0.0931948 0.153095 0.0579711 0.0249072 0.0027908 0.311062 0.0164611 0.0732349 0.00690267 0.00442966 0.00248295 0.0455282 0.00220321 0.00471034 
0.220558 0.0530825 0.0266669 9.81931e-05 0.0213968 0.0650671 0.0493071 0.0174062 0.00247245 0.367329 0.0315179 0.0418919 0.0537841 0.00405321 0.00104483 0.0343635 0.00318112 0.00677924 
0.0613832 0.00449181 0.0638145 1.07602e-05 0.0260785 0.01063 0.00756663 0.0178014 0.00121401 0.657152 0.0106067 0.0755384 0.00633717 0.000430764 0.00308641 0.0452527 0.000111137 0.00849404 
0.0629421 0.0427863 0.0833953 0.000497139 0.0686404 0.189215 0.0362395 0.0246501 0.00936713 0.273002 0.0224326 0.0971693 0.0114841 0.0113676 0.00639 0.0503823 0.00175546 0.00828356 
0.0475937 0.0269384 0.00478464 0.000426776 0.0454355 0.0502801 0.0679362 0.0284883 0.000859772 0.408633 0.0375383 0.244782 0.0140242 8.16591e-05 0.00171055 0.0168083 0.00101936 0.00265989 
0.18182 0.0180055 0.00114526 4.09753e-05 0.0982086 0.0401183 0.0341145 0.0466594 0.00098852 0.334707 0.100564 0.0315112 0.0184507 0.000639204 0.00369254 0.0849006 0.0031593 0.00127502 
0.11673 0.0113596 0.00876197 0.00101639 0.0142204 0.135161 0.01208 0.0145998 0.0931543 0.362398 0.027344 0.0773449 0.000410441 0.00026614 0.0070776 0.116991 0.00021221 0.000872049 
0.0419938 0.0944286 0.036395 0.000501081 0.194241 0.0369529 0.0255419 0.0185582 0.00341974 0.200848 0.00754186 0.0309999 0.00761947 0.0426457 0.0339704 0.191739 0.00106362 0.0315396 
0.140565 0.0895727 0.0240698 4.05779e-05 0.0590584 0.0266574 0.0110412 0.0111285 0.034976 0.40788 0.0113496 0.0925689 0.00269566 0.00235671 0.000815519 0.0788783 0.00194149 0.00440381 
0.180287 0.0400195 0.087593 0.000324287 0.0940225 0.113549 0.0336083 0.027957 0.00935191 0.231335 0.0278685 0.0545916 0.00191931 0.0163161 0.00337578 0.0650403 0.00737709 0.00546344 
0.153164 0.0635025 0.0213872 0.00863503 0.087133 0.133265 0.0994823 0.062838 0.00406322 0.186226 0.0448949 0.0366637 0.00387886 0.00358387 0.00560798 0.0355425 0.045531 0.00460102 
0.0630769 0.0703306 0.0283214 0.00072055 0.029874 0.137808 0.0652865 0.0321394 0.00152635 0.298453 0.0305095 0.220452 0.00602414 0.000379276 0.000520925 0.0107678 0.00159769 0.00221181 
0.0690085 0.0890351 0.0349087 0.000560071 0.0460213 0.126604 0.0843067 0.0284279 0.0010904 0.288481 0.0242687 0.114414 0.0195711 0.00527737 0.0016436 0.0510494 0.00209951 0.0132333 
0.218186 0.0325362 0.0119159 6.08449e-05 0.0537449 0.0630779 0.125472 0.0385651 0.00400096 0.338394 0.00664019 0.0381207 0.00529084 0.000320311 0.00161475 0.0591836 0.000933698 0.00194249 
0.0464534 0.0348255 0.0262544 0.000146083 0.0443771 0.228257 0.0752924 0.0744332 0.00095768 0.337466 0.0163356 0.0638317 0.0147169 0.000462287 0.000866407 0.0340574 0.000439448 0.000827604 
0.102691 0.0561236 0.0178292 0.000512375 0.172201 0.0623931 0.0404124 0.0153967 0.01158 0.391268 0.0101077 0.0491616 0.00341495 0.00496064 0.00115857 0.0575793 0.000656312 0.00255357 
0.105009 0.0460317 0.0288217 0.000189799 0.0602566 0.181526 0.0446027 0.0135238 0.00215515 0.214158 0.0179749 0.208242 0.00526448 0.00388827 0.010158 0.0492971 0.00174222 0.00715817 
0.284464 0.0322598 0.0172404 0.000109301 0.0387995 0.125837 0.043997 0.0669549 1.18324e-05 0.305549 0.00312161 0.0600419 0.000236832 3.34721e-05 0.000669563 0.0202547 0.000399277 1.98789e-05 
0.0583319 0.114177 0.0449037 0.000237704 0.0815587 0.0647549 0.0219362 0.0230321 0.00810929 0.353276 0.0151617 0.0705774 0.0112644 0.00585521 0.00477231 0.11327 0.000913568 0.00786767 
0.295988 0.00732367 0.000791027 3.40626e-05 0.0774485 0.0353519 0.075092 0.0771894 0.00722999 0.350959 0.00108722 0.0168389 0.000819579 1.23265e-05 0.000184014 0.0516619 0.00163264 0.000355307 
0.0868587 0.163128 0.018342 0.000422825 0.0437767 0.0469794 0.0725058 0.0164967 0.0112013 0.257865 0.0153274 0.0750468 0.00653518 0.0393904 0.00170142 0.133841 0.0022119 0.00836938 
0.034424 0.174768 0.024294 0.00130073 0.0575978 0.0472256 0.00996845 0.00937963 0.000842286 0.466121 0.00643132 0.105408 0.000431477 0.000261854 0.00485646 0.0513059 0.00266226 0.00272106 
0.0826705 0.0342734 0.00662792 0.000518503 0.0431355 0.116971 0.0473753 0.0234627 0.00837219 0.512835 0.0294807 0.0369566 0.0281738 0.00328309 0.000595306 0.0108866 0.0114426 0.00293925 
0.0288023 0.0512295 0.0443601 0.000443649 0.0483611 0.208323 0.0793275 0.0302314 0.00146285 0.34981 0.0261143 0.0922517 0.0204729 0.00126655 0.00152703 0.0129227 0.00110889 0.00198503 
0.136453 0.0609492 0.0139237 0.000706168 0.105361 0.0409551 0.00625993 0.00501046 0.0314323 0.267953 0.0219613 0.024044 0.00523957 0.0351932 0.00236811 0.233576 0.00383709 0.00477773 
0.0682351 0.0748439 0.0545887 0.000146719 0.171134 0.135019 0.0611972 0.0667624 0.000586308 0.224082 0.0118017 0.0951136 0.0117364 2.10415e-05 0.00148414 0.0188278 0.000499065 0.00392169 
0.0868647 0.100582 0.020302 0.000429509 0.0994505 0.142884 0.0320966 0.0202226 0.00511393 0.298322 0.0127625 0.087047 0.0035708 0.00776838 0.00134785 0.0758156 0.00309635 0.00232455 
0.362447 0.0641171 0.00312172 0.000636686 0.0318654 0.025861 0.0306827 0.0207015 0.0217491 0.373254 0.00529539 0.0137288 0.00210203 0.000258521 0.000965699 0.0394401 0.000327986 0.00344535 
0.114707 0.127922 0.130997 0.000599307 0.0606707 0.0713196 0.0349661 0.0260472 0.00869991 0.182708 0.0218039 0.0564201 0.00517897 0.0108556 0.00350516 0.0996564 0.00660927 0.0373348 
0.0809575 0.144488 0.0205187 0.000456003 0.0758389 0.110972 0.0348388 0.0267308 0.00643793 0.314199 0.0125948 0.0890217 0.00354294 0.0036441 0.00289983 0.0690097 0.00212062 0.00172812 
0.320857 0.0121226 0.00432942 0.000226103 0.0309888 0.0315422 0.0176794 0.0171667 0.00995922 0.492431 0.00793173 0.0258774 0.00614433 0.000573494 0.0039125 0.0176775 0.000247769 0.000332951 
0.217327 0.105312 0.0120179 1.86666e-05 0.122253 0.036811 0.0533052 0.0270222 0.000169724 0.248715 0.0235076 0.066745 0.00809794 0.00109746 0.00203768 0.0735663 0.00121511 0.000781589 
0.0661933 0.0367797 0.00591604 0.000305388 0.061814 0.0527834 0.0408589 0.0270645 0.00253805 0.472081 0.0283303 0.141544 0.00974588 0.00289398 0.00133045 0.0454847 0.00224102 0.00209554 
0.209253 0.0152944 0.0408973 2.8429e-05 0.125535 0.118603 0.08017 0.0460224 0.000265291 0.267556 0.00908455 0.0500346 0.00183574 0.000102294 0.0030648 0.0155241 0.0141505 0.00257859 
0.07129 0.0311808 0.00736708 0.000134946 0.0430738 0.0550101 0.0591564 0.047367 0.00267982 0.541718 0.011155 0.0936173 0.00516858 1.71212e-05 0.000795502 0.0291034 0.000575281 0.000589987 
0.0930547 0.073672 0.0143215 0.000567988 0.223521 0.0559697 0.0369673 0.0332472 0.00529599 0.31038 0.0445653 0.0380075 0.00707971 0.00281739 0.00227454 0.0352579 0.0173013 0.00569966 
0.0305593 0.023555 0.00525548 0.000443858 0.139315 0.26685 0.055025 0.0310189 0.00105562 0.330091 0.0400428 0.045571 0.00343055 0.00367519 0.00774311 0.0109943 0.00357958 0.00179388 
0.272101 0.00923997 0.00896667 0.000399577 0.0153356 0.0223126 0.0337142 0.0845243 0.0010906 0.464802 0.00367408 0.00677089 0.000895615 0.00023899 0.00206283 0.0267969 0.00333454 0.0437398 
0.0719881 0.0910379 0.00982134 0.000317746 0.0548014 0.082034 0.0456671 0.0243464 0.00840759 0.385805 0.0286944 0.152629 0.0104214 0.00141176 0.000909936 0.0273169 0.00106041 0.00332995 
0.260164 0.0660035 0.00948809 0.00133994 0.0249885 0.0499497 0.0348254 0.0300851 0.0103629 0.327631 0.0144043 0.113704 0.00310733 0.00711039 0.000834948 0.0445853 0.00062868 0.00078646 
0.0914784 0.0881536 0.0234438 0.000378291 0.129678 0.115114 0.0430586 0.0326493 0.00826417 0.269005 0.0235884 0.0599986 0.0081938 0.00716417 0.0042915 0.0705161 0.0206638 0.00435999 
0.0989249 0.0189444 0.00393964 0.00154034 0.0484006 0.0488311 0.0503622 0.0243275 0.013242 0.608765 0.021831 0.0224973 0.00468787 0.00242633 0.000971336 0.0165833 0.0107766 0.00294843 
0.120735 0.0582435 0.00791644 0.000280014 0.0595012 0.0609738 0.0382509 0.0401704 0.0182287 0.431055 0.0125806 0.0499586 0.0129121 0.000471046 0.000900697 0.0839327 0.00279996 0.00108994 
0.126913 0.0205527 0.00558563 0.000654936 0.0328615 0.0942007 0.0609352 0.0619795 0.0161174 0.448717 0.0338604 0.053912 0.0180706 0.0123727 0.00145353 0.010838 0.000714433 0.000261547 
0.0794089 0.071158 0.0279269 0.000191613 0.0948116 0.211369 0.0397271 0.0317311 0.00618188 0.217046 0.0327476 0.0986808 0.0124177 0.00246746 0.00324499 0.0658719 0.00160276 0.00341434 
0.0766868 0.0267195 0.0187004 0.000412894 0.0699596 0.0591438 0.17671 0.0654425 0.00043294 0.379941 0.0102697 0.0552353 0.0141923 0.0003268 0.00158174 0.017361 0.0223235 0.00456004 
0.0673379 0.166997 0.0150392 0.000208474 0.0626531 0.0534549 0.0172974 0.0188173 0.00117008 0.433154 0.0155597 0.0703914 0.0116758 0.00310744 0.00123241 0.0557867 0.000271509 0.0058457 
