0.813616 0.0910821 0.0953017 
0.868954 0.0808644 0.0501816 
0.987777 0.00620317 0.00601964 
0.734927 0.0143962 0.250677 
0.924713 0.0316978 0.0435891 
0.85748 0.0730251 0.0694945 
0.808025 0.000639227 0.191336 
0.836414 0.0188768 0.144709 
0.841942 0.002823 0.155235 
0.755238 0.215268 0.0294936 
0.747114 0.00372842 0.249158 
0.858185 0.000461974 0.141353 
0.899837 0.0182615 0.0819011 
0.837513 0.00368797 0.158799 
0.858258 0.00766734 0.134074 
0.795901 0.039302 0.164797 
0.686409 0.165938 0.147652 
0.770788 0.00647023 0.222742 
0.829386 0.0054203 0.165194 
0.801856 0.0212099 0.176934 
0.82085 0.016442 0.162708 
0.822936 0.00182114 0.175243 
0.871109 0.00117118 0.12772 
0.773598 0.00298062 0.223421 
0.83906 0.00882441 0.152115 
0.840564 0.101404 0.0580311 
0.601808 3.83341e-05 0.398153 
0.839967 0.017561 0.142472 
0.924297 0.0108477 0.0648556 
0.711517 0.00164955 0.286833 
0.786961 0.00250015 0.210539 
0.827686 0.00837205 0.163942 
0.921364 0.00329244 0.0753432 
0.804376 0.0907131 0.104911 
0.748356 0.0034882 0.248155 
0.711431 0.136286 0.152283 
0.808921 0.000550088 0.190528 
0.795582 0.00195282 0.202465 
0.877407 0.00056021 0.122033 
0.851826 0.012881 0.135293 
0.890792 0.0307806 0.0784272 
0.646992 0.0195377 0.33347 
0.916252 0.000106773 0.0836415 
0.94541 0.00173892 0.0528514 
0.965984 0.00033627 0.0336795 
0.819629 0.00330626 0.177065 
0.741491 0.0249126 0.233596 
0.527936 0.28044 0.191625 
0.851826 0.012881 0.135293 
0.600257 0.33835 0.0613922 
0.868456 0.00307254 0.128471 
0.838878 0.0279394 0.133183 
0.650901 0.000347923 0.348751 
0.730587 0.0528877 0.216525 
0.756933 0.0107511 0.232316 
0.908496 5.2158e-05 0.0914515 
0.817643 0.0365986 0.145759 
0.915867 0.00441258 0.0797205 
0.924678 0.000426896 0.0748951 
0.86874 0.00384213 0.127418 
0.896917 0.0439344 0.0591485 
0.837078 0.0246191 0.138302 
0.915597 0.0262709 0.0581323 
0.83687 0.0030431 0.160087 
0.938218 0.0198588 0.0419231 
0.948325 0.0298062 0.0218689 
0.65735 0.000605248 0.342045 
0.823216 0.00072444 0.176059 
0.952411 0.00298488 0.044604 
0.853425 0.0229909 0.123585 
0.937442 0.0354366 0.0271214 
0.86519 0.0111262 0.123684 
0.890792 0.0307806 0.0784272 
0.858977 0.0470625 0.0939604 
0.766808 0.0016498 0.231542 
0.861584 0.08349 0.0549264 
0.972078 0.00406203 0.0238598 
0.904604 0.034043 0.0613535 
0.835863 0.00396798 0.160169 
0.806949 0.00275289 0.190298 
0.733283 0.00459376 0.262123 
0.845157 0.0294138 0.125429 
0.787599 0.00362084 0.20878 
0.860787 0.0337996 0.105413 
0.548473 0.00938346 0.442143 
0.743248 0.235618 0.0211339 
0.821357 0.00563207 0.173011 
0.885498 0.00690948 0.107592 
0.924297 0.0108477 0.0648556 
0.721745 0.00826452 0.269991 
0.919804 0.0122201 0.0679761 
0.690589 0.00310977 0.306302 
0.544009 0.00628396 0.449707 
0.908607 0.00649966 0.0848937 
0.823699 0.00375565 0.172546 
0.856638 0.00966088 0.133701 
0.781231 0.000750609 0.218018 
0.833807 0.0117981 0.154395 
0.619076 3.22398e-06 0.380921 
0.886184 0.00132388 0.112492 
0.857307 0.0140303 0.128663 
0.861228 0.000397126 0.138375 
0.819464 0.151904 0.0286318 
0.749023 0.163207 0.0877697 
0.841179 0.000342047 0.158479 
0.820025 0.0111 0.168875 
0.851483 0.00964752 0.138869 
0.888397 0.0571918 0.0544111 
0.928882 0.0006761 0.0704416 
0.86918 0.0110811 0.119739 
0.924451 0.0183719 0.0571774 
0.764095 0.00419929 0.231706 
0.869442 0.0254076 0.105151 
0.916095 0.00257932 0.081326 
0.543057 0.246256 0.210687 
0.865275 0.0059728 0.128752 
0.815169 0.00202755 0.182804 
0.756965 0.00318309 0.239852 
0.823834 0.0448131 0.131353 
0.832779 0.0114227 0.155799 
0.714888 0.00265112 0.28246 
0.538456 0.0228277 0.438716 
0.919282 0.0465711 0.0341473 
0.556658 0.214409 0.228933 
0.509535 8.28441e-05 0.490382 
0.920446 0.0131926 0.0663611 
0.737729 0.146729 0.115542 
0.607707 0.0167153 0.375578 
0.466045 0.439817 0.0941377 
0.701164 0.0639409 0.234895 
0.715267 0.000250213 0.284482 
0.852536 0.0563219 0.0911424 
0.466045 0.439817 0.0941377 
0.872288 0.00948233 0.118229 
0.808926 0.0290841 0.16199 
0.667577 0.000813151 0.331609 
0.857291 0.00778919 0.13492 
0.888665 0.00493638 0.106399 
0.843274 0.0101486 0.146577 
0.734939 0.0601252 0.204936 
0.665256 0.0118227 0.322921 
0.862257 0.102307 0.0354361 
0.932401 0.00366073 0.0639386 
0.866897 0.00119015 0.131913 
0.766195 0.00364213 0.230163 
0.922188 0.000242806 0.0775695 
0.875884 0.00574347 0.118373 
0.818163 0.00163264 0.180205 
0.781231 0.000750609 0.218018 
0.882464 0.0655037 0.0520323 
0.867388 0.00542048 0.127192 
0.929884 0.00725255 0.062863 
0.910901 0.0112855 0.0778133 
0.837254 0.0147476 0.147999 
0.804544 0.00465176 0.190804 
0.829106 0.00940961 0.161485 
0.924297 0.0108477 0.0648556 
0.755358 0.000152258 0.24449 
0.855089 0.0144627 0.130449 
0.856337 0.0206342 0.123029 
0.841249 0.0212037 0.137547 
0.851826 0.012881 0.135293 
0.924297 0.0108477 0.0648556 
0.819255 0.00518574 0.175559 
0.739283 0.0015315 0.259185 
0.746868 0.000486799 0.252645 
0.847801 0.0118746 0.140325 
0.84884 0.00412393 0.147036 
0.817655 0.00102721 0.181318 
0.577546 0.3641 0.0583539 
0.777144 0.0109827 0.211874 
0.989286 0.00655456 0.00415973 
0.881622 0.0620487 0.056329 
0.738859 0.092255 0.168886 
0.659416 0.274 0.0665839 
0.972582 1.05683e-06 0.0274171 
0.838746 0.00633979 0.154914 
0.956042 0.000395005 0.0435625 
0.90615 0.0211253 0.0727244 
0.535413 0.0207937 0.443793 
0.795096 0.000237743 0.204667 
0.714888 0.00265112 0.28246 
0.726383 0.000753557 0.272864 
0.504717 0.00848428 0.486798 
0.901826 0.00530745 0.0928664 
0.908264 0.0100873 0.0816485 
0.852332 0.00310893 0.14456 
0.569816 0.229023 0.201161 
0.839967 0.017561 0.142472 
0.466045 0.439817 0.0941377 
0.685558 0.0057408 0.308701 
0.856286 0.0227599 0.120954 
0.89226 0.0425753 0.0651644 
0.566085 0.000111782 0.433803 
0.859345 0.0477073 0.0929475 
0.96855 0.000416985 0.0310328 
0.61346 0.0149717 0.371568 
0.924276 0.030277 0.0454474 
0.777036 0.164309 0.0586549 
0.778696 0.01486 0.206444 
0.723332 0.00695272 0.269715 
0.843888 0.0361089 0.120003 
0.828359 0.0141412 0.1575 
0.697663 0.0193531 0.282984 
0.833715 0.0736977 0.0925871 
0.889164 0.00306629 0.107769 
0.877705 0.00199767 0.120297 
0.924297 0.0108477 0.0648556 
0.861994 0.0293654 0.10864 
0.825636 0.0176079 0.156756 
0.882851 0.0238188 0.0933302 
0.892382 0.0538734 0.0537447 
0.466045 0.439817 0.0941377 
0.757316 0.00289477 0.239789 
0.730908 0.156225 0.112867 
0.553339 0.185316 0.261346 
0.770255 0.00141161 0.228334 
0.879356 0.0122748 0.108369 
0.784301 0.0182662 0.197433 
0.805475 0.00196441 0.192561 
0.857744 0.000749904 0.141506 
0.776136 0.00299447 0.220869 
0.989286 0.00655456 0.00415973 
0.865299 0.0110125 0.123689 
0.810196 4.87338e-05 0.189755 
0.939055 0.000935585 0.0600091 
0.840564 0.101404 0.0580311 
0.557164 0.00795837 0.434877 
0.712043 0.0684255 0.219532 
0.922983 0.00179467 0.0752219 
0.900831 0.000957754 0.0982109 
0.878681 0.00636263 0.114956 
0.828859 0.000796214 0.170345 
0.874518 0.00124471 0.124237 
0.778535 1.77312e-05 0.221447 
0.875824 0.0246781 0.0994982 
0.753523 0.00226137 0.244216 
0.872305 0.0109022 0.116793 
0.924989 0.00714591 0.0678655 
0.909082 0.00349437 0.0874233 
0.628686 0.0346577 0.336656 
0.872069 0.00116496 0.126766 
0.916284 0.000802632 0.0829134 
0.549124 3.47958e-05 0.450841 
0.839955 0.000772326 0.159273 
0.924297 0.0108477 0.0648556 
0.902285 0.0311644 0.0665509 
0.820391 0.0025657 0.177043 
0.885213 0.00903058 0.105756 
0.629277 0.000194668 0.370528 
0.947203 0.000501909 0.0522948 
0.935544 0.0239617 0.0404939 
0.802739 0.00517443 0.192087 
0.892713 0.00436273 0.102925 
0.868384 0.0234673 0.108148 
0.899849 0.0237867 0.0763644 
0.924297 0.0108477 0.0648556 
0.934358 0.023671 0.0419709 
0.717823 0.163773 0.118404 
0.865297 0.0821023 0.0526004 
0.761857 0.000368831 0.237774 
0.837975 0.0278241 0.134201 
0.877304 0.0302369 0.0924595 
0.831386 0.0454547 0.123159 
0.773036 0.000134293 0.22683 
0.684417 0.171094 0.144489 
0.849508 0.000134837 0.150357 
0.84658 0.00279471 0.150626 
0.530196 0.193624 0.27618 
0.840755 0.0479562 0.111289 
0.781231 0.000750609 0.218018 
0.87821 0.00755103 0.114239 
0.920446 0.0131926 0.0663611 
0.832028 0.00495219 0.163019 
0.515865 0.406511 0.0776243 
0.761694 0.0135433 0.224763 
0.867614 0.02022 0.112166 
0.826979 0.0192296 0.153791 
0.698559 0.00143833 0.300003 
0.67452 0.187939 0.137541 
0.899737 0.0168078 0.0834549 
0.767258 0.00694801 0.225794 
0.889103 0.0364178 0.0744788 
0.839888 0.0107155 0.149397 
0.871092 0.00582431 0.123084 
0.826505 0.00176718 0.171728 
0.783445 0.00714875 0.209406 
0.72496 0.000113486 0.274927 
0.638486 0.120092 0.241422 
0.890792 0.0307806 0.0784272 
0.908729 0.0115294 0.0797412 
0.794557 0.000622791 0.20482 
0.886126 0.0123176 0.101557 
0.882639 0.000106071 0.117255 
0.924297 0.0108477 0.0648556 
0.834915 0.00142631 0.163659 
0.954259 0.000145293 0.0455958 
0.906741 0.0136808 0.0795784 
0.827726 0.0133977 0.158876 
0.771707 0.0162439 0.212049 
0.786778 0.0252454 0.187977 
0.856057 0.0792241 0.064719 
0.519974 0.188658 0.291369 
0.887856 0.00963916 0.102505 
0.924297 0.0108477 0.0648556 
0.881296 0.0367876 0.0819165 
0.924297 0.0108477 0.0648556 
0.892678 0.0814675 0.0258542 
0.808771 0.0161597 0.175069 
0.893346 0.00354833 0.103106 
0.934179 0.000739977 0.0650806 
0.88208 0.0134081 0.104512 
0.873833 0.048461 0.0777061 
0.890792 0.0307806 0.0784272 
0.818754 0.0282936 0.152952 
0.854081 0.00735713 0.138562 
0.93865 0.0188984 0.0424512 
0.896292 0.00387884 0.0998293 
0.691723 0.0757057 0.232571 
0.825364 0.0923767 0.082259 
0.825629 0.0759526 0.0984183 
0.890354 0.00461374 0.105032 
0.987777 0.00620317 0.00601964 
0.808642 0.137494 0.0538642 
0.94192 0.0146405 0.0434394 
0.851826 0.012881 0.135293 
0.814963 0.00431757 0.18072 
0.947189 0.00486828 0.047943 
0.857262 0.00101105 0.141727 
0.773621 0.164499 0.0618804 
0.943973 0.000360956 0.0556661 
0.746696 0.00151469 0.251789 
0.857103 0.0308392 0.112057 
0.916295 0.0145324 0.0691729 
0.835642 0.0191783 0.14518 
0.880416 0.000914729 0.118669 
0.857478 0.0111327 0.131389 
0.862124 0.000840663 0.137035 
0.842705 0.0011087 0.156187 
0.847495 0.00278028 0.149725 
0.822049 0.0257133 0.152237 
0.862697 0.0666609 0.0706421 
0.844093 0.000227428 0.15568 
0.82475 0.123295 0.0519549 
0.833644 0.017166 0.14919 
0.82417 0.0251622 0.150668 
0.466045 0.439817 0.0941377 
0.846259 0.0012622 0.152479 
0.903907 0.011244 0.0848487 
0.904012 0.00128501 0.0947027 
0.821815 0.00306412 0.175121 
0.94584 0.0349436 0.0192168 
0.863961 0.000776649 0.135262 
0.706673 0.000703929 0.292623 
0.942358 0.0072332 0.0504085 
0.922911 0.00804601 0.0690433 
0.917006 0.00316189 0.0798325 
0.835961 0.000115785 0.163923 
0.924297 0.0108477 0.0648556 
0.875824 0.0246781 0.0994982 
0.771813 0.0432625 0.184924 
0.673418 0.00419845 0.322383 
0.886607 0.00395634 0.109437 
0.87597 0.0165313 0.107498 
0.834213 0.00561459 0.160173 
0.86571 0.00109793 0.133192 
0.88675 0.000597115 0.112653 
0.576955 0.336364 0.0866812 
0.690982 0.0356361 0.273382 
0.880356 0.00147007 0.118174 
0.695018 0.0222217 0.28276 
0.841075 0.0196491 0.139276 
0.762126 0.00700034 0.230874 
0.665052 0.00680596 0.328142 
0.73383 0.0810104 0.185159 
0.611437 0.0106407 0.377923 
0.697587 0.0617581 0.240655 
0.900691 0.0134802 0.0858292 
0.895873 0.00521032 0.0989172 
0.88383 0.00787678 0.108293 
0.655164 0.160078 0.184758 
0.643229 0.000953963 0.355817 
0.931689 0.00294611 0.0653647 
0.907377 0.000283082 0.0923395 
0.839189 0.00412453 0.156687 
0.847801 0.0511032 0.101096 
0.56349 0.0364399 0.40007 
0.928877 0.00351597 0.0676066 
0.924297 0.0108477 0.0648556 
0.813665 0.0281623 0.158173 
0.865527 0.000885662 0.133588 
0.843871 0.0333082 0.122821 
0.760845 0.135066 0.10409 
0.846262 0.0699631 0.0837753 
0.832432 0.00181613 0.165752 
0.854064 0.00695807 0.138978 
0.788897 2.29336e-05 0.21108 
0.815169 0.00202755 0.182804 
0.79798 0.126776 0.0752435 
0.641587 0.000418798 0.357994 
0.855852 0.0156726 0.128476 
0.812657 0.0496299 0.137713 
0.922958 0.000998138 0.0760441 
0.747832 0.000432782 0.251735 
0.9013 0.0046615 0.0940382 
0.683042 0.0128563 0.304101 
0.73982 0.000683032 0.259497 
0.82459 0.0770012 0.0984084 
0.895925 0.0139558 0.0901196 
0.77181 0.00536827 0.222822 
0.580654 0.000246737 0.4191 
0.803808 0.000972014 0.19522 
0.987777 0.00620317 0.00601964 
0.89437 0.0375614 0.0680686 
0.885499 0.000732288 0.113769 
0.562339 0.0126948 0.424966 
0.852873 0.045901 0.101226 
0.899409 0.0299184 0.0706729 
0.720813 0.0339166 0.245271 
0.902151 0.0321653 0.0656834 
0.889425 0.00470594 0.105869 
0.786762 0.152864 0.0603737 
0.815169 0.00202755 0.182804 
0.924519 0.00959931 0.0658818 
0.879286 0.0118744 0.10884 
0.553339 0.185316 0.261346 
0.711524 0.109179 0.179297 
0.874342 0.00560668 0.120051 
0.893865 0.0144358 0.0916995 
0.891998 0.0546073 0.0533948 
0.833231 0.105385 0.0613843 
0.885904 0.000963511 0.113132 
0.791252 0.090885 0.117863 
0.823447 0.00946343 0.167089 
0.865596 0.00995637 0.124447 
0.861232 4.60325e-05 0.138722 
0.914229 0.00133231 0.0844387 
0.667285 0.00152162 0.331193 
0.6503 0.0147524 0.334947 
0.83321 0.0121115 0.154678 
0.794731 0.0111534 0.194115 
0.874143 0.00946495 0.116392 
0.828946 0.0195778 0.151476 
0.875837 0.00197509 0.122188 
0.715731 0.000176923 0.284092 
0.715274 0.0585738 0.226152 
0.839967 0.017561 0.142472 
0.921392 0.00815637 0.070452 
0.974109 0.00176973 0.0241214 
0.377008 0.344201 0.278791 
0.898683 0.00126387 0.100053 
0.908147 0.0236333 0.0682195 
0.951354 0.00643639 0.0422099 
0.834743 0.00273709 0.16252 
0.949754 0.00226403 0.0479823 
0.903969 0.00283652 0.0931949 
0.566812 0.00102454 0.432164 
0.776569 0.1582 0.0652313 
0.81308 0.00167445 0.185245 
0.924297 0.0108477 0.0648556 
0.854963 0.0154595 0.129578 
0.638547 0.00472445 0.356728 
0.508382 0.0139939 0.477624 
0.847004 0.00933194 0.143664 
0.787007 0.0218687 0.191124 
0.942354 0.00386946 0.0537765 
0.846917 0.0133721 0.139711 
0.854547 0.0226736 0.122779 
0.924297 0.0108477 0.0648556 
0.787094 0.0774798 0.135426 
0.857741 0.00384181 0.138417 
0.796554 0.000671924 0.202774 
0.934104 0.000853086 0.065043 
0.629183 0.207956 0.162861 
0.620493 0.0020721 0.377435 
0.885014 0.000550587 0.114436 
0.853868 0.000587895 0.145544 
0.858047 0.063795 0.0781582 
0.899697 0.0034556 0.0968471 
0.552178 2.70243e-05 0.447795 
0.874085 0.000149044 0.125765 
0.844309 0.025408 0.130283 
0.897212 0.00943219 0.0933561 
0.904894 0.000234262 0.094872 
0.900128 0.0106646 0.0892073 
0.784358 0.14348 0.0721624 
0.941563 0.0145775 0.0438596 
0.708815 0.0252324 0.265952 
0.797374 0.0074165 0.195209 
0.767474 0.000942384 0.231584 
0.7151 0.0141341 0.270766 
0.885029 0.00515181 0.109819 
0.87659 0.00172301 0.121687 
0.807517 0.00222865 0.190254 
0.726387 0.00505296 0.26856 
0.517686 0.00400323 0.478311 
0.740096 0.042064 0.21784 
0.896152 9.5182e-05 0.103752 
0.636445 0.00529719 0.358258 
0.635312 0.298566 0.0661219 
0.811691 0.00367515 0.184634 
0.875507 0.00555237 0.118941 
0.891513 0.0101153 0.0983717 
0.843751 0.00900458 0.147244 
0.861405 0.0615212 0.077074 
0.893319 0.0249567 0.081724 
0.822823 0.00739733 0.169779 
0.68465 0.171027 0.144323 
0.815169 0.00202755 0.182804 
0.641733 0.00443995 0.353827 
0.715274 0.0585738 0.226152 
0.877445 0.00123406 0.121321 
0.88855 0.000118965 0.111331 
0.551673 0.206818 0.241509 
0.786889 0.0102633 0.202848 
0.875586 0.012517 0.111897 
0.943115 0.00214265 0.0547427 
0.870766 0.0125515 0.116683 
0.851826 0.012881 0.135293 
0.866363 0.00992161 0.123715 
0.989286 0.00655456 0.00415973 
0.763608 0.0510086 0.185384 
0.801635 0.00434783 0.194017 
0.71849 0.0679351 0.213575 
0.868219 0.012392 0.119389 
0.898008 0.00455456 0.0974372 
0.840383 0.0286106 0.131006 
0.895964 7.27067e-05 0.103963 
0.926839 2.48939e-08 0.0731606 
0.931096 0.0153907 0.0535132 
0.789329 0.0269478 0.183723 
0.787203 0.00382853 0.208969 
0.715644 0.0203286 0.264028 
0.771806 0.000223481 0.227971 
0.866339 0.000332657 0.133328 
0.911358 0.0427369 0.0459049 
0.756732 0.000886946 0.242381 
0.851804 0.0202606 0.127936 
0.529661 0.426666 0.0436729 
0.847151 0.0116848 0.141164 
0.857344 0.0724542 0.0702023 
0.882464 0.0655037 0.0520323 
0.914072 0.00197925 0.0839483 
0.591789 0.0024397 0.405772 
0.543183 7.90221e-05 0.456738 
0.813132 0.00296792 0.1839 
0.847116 0.00650207 0.146382 
0.856302 0.0228266 0.120871 
0.795162 0.00938623 0.195451 
0.869649 0.0158835 0.114467 
0.52404 0.308607 0.167353 
0.924989 0.00714591 0.0678655 
0.749839 0.0128041 0.237357 
0.920446 0.0131926 0.0663611 
0.785452 0.00164388 0.212904 
0.549774 0.39549 0.0547352 
0.847143 0.0236975 0.129159 
0.839595 0.00896275 0.151442 
0.93262 0.0035625 0.0638173 
0.955781 0.00670941 0.03751 
0.914438 0.000417544 0.0851445 
0.618614 0.0033899 0.377996 
0.924297 0.0108477 0.0648556 
0.851826 0.012881 0.135293 
0.81982 7.65956e-05 0.180104 
0.906962 0.0285999 0.064438 
0.859935 0.00209956 0.137966 
0.851467 0.00454572 0.143988 
0.857542 0.00885631 0.133602 
0.466045 0.439817 0.0941377 
0.891552 0.00141568 0.107032 
0.928912 0.00108763 0.0700007 
0.842323 0.0127808 0.144896 
0.819253 0.0211031 0.159644 
0.933525 0.000421941 0.0660531 
0.917375 0.000152549 0.082472 
0.781231 0.000750609 0.218018 
0.882953 0.000410596 0.116637 
0.793951 0.0164321 0.189617 
0.893144 0.00220661 0.104649 
0.908499 0.0247497 0.0667511 
0.942743 0.00139509 0.0558623 
0.867677 0.00145329 0.130869 
0.857989 0.0459414 0.0960695 
0.737729 0.146729 0.115542 
0.932081 0.000285012 0.0676336 
0.913335 0.00692798 0.0797372 
0.850696 0.00198956 0.147314 
0.850307 0.0490225 0.10067 
0.896885 0.0103724 0.0927428 
0.585279 0.000479772 0.414241 
0.868925 0.000290232 0.130785 
0.762425 0.0158742 0.221701 
0.801761 0.00167675 0.196562 
0.911645 0.0131991 0.0751558 
0.786928 0.000795888 0.212276 
0.824872 0.00268575 0.172442 
0.570772 0.00641549 0.422812 
0.694943 0.0331509 0.271906 
0.810526 0.000534695 0.188939 
0.850649 0.0147869 0.134564 
0.858425 0.00186942 0.139705 
0.598874 0.00384223 0.397284 
0.96855 0.000416985 0.0310328 
0.909095 0.00849147 0.0824132 
0.903694 0.0322761 0.0640296 
0.868808 0.00259741 0.128594 
0.864207 0.00790708 0.127886 
0.679415 0.026816 0.293769 
0.839862 0.00464224 0.155496 
0.837112 0.000452916 0.162436 
0.621192 0.233575 0.145232 
0.747463 0.0201375 0.2324 
0.85283 0.0185143 0.128656 
0.804499 0.0425838 0.152917 
0.900527 0.00303075 0.0964421 
0.792392 0.000428248 0.20718 
0.857344 0.0724542 0.0702023 
0.916421 0.024738 0.0588405 
0.564773 0.25041 0.184817 
0.770817 3.81995e-05 0.229145 
0.698238 0.00514204 0.29662 
0.665462 8.91596e-05 0.334449 
0.817344 0.0082242 0.174432 
0.51502 5.21916e-05 0.484928 
0.866087 0.00178675 0.132126 
0.77837 0.000355955 0.221274 
0.75223 0.00208781 0.245682 
0.891998 0.0546073 0.0533948 
0.901646 0.00113032 0.0972239 
0.898094 0.00206926 0.0998367 
0.780065 0.000142622 0.219792 
0.809303 0.0154305 0.175266 
0.630819 0.124115 0.245066 
0.753081 0.0271858 0.219733 
0.8139 0.0647809 0.121319 
0.871569 0.042722 0.0857094 
0.818889 0.00570354 0.175407 
0.844222 0.0210798 0.134698 
0.750078 0.0107066 0.239215 
0.893752 0.0130023 0.0932456 
0.925549 0.0206713 0.0537793 
0.87786 0.0028113 0.119329 
0.839967 0.017561 0.142472 
0.885776 0.000668166 0.113556 
0.765249 0.000610122 0.234141 
0.855558 0.0154498 0.128992 
0.519309 0.251973 0.228718 
0.855156 0.00165282 0.143191 
0.956583 0.0123402 0.0310771 
0.651583 0.170431 0.177985 
0.848795 0.0645449 0.0866602 
0.650507 0.00379394 0.345699 
0.72788 0.0240851 0.248035 
0.857984 0.0112574 0.130759 
0.744141 0.0127066 0.243152 
0.989286 0.00655456 0.00415973 
0.80216 0.0487553 0.149085 
0.91824 0.00341481 0.0783448 
0.853343 0.0103316 0.136325 
0.912297 0.0104066 0.0772961 
0.67035 0.198606 0.131044 
0.923152 0.0211333 0.0557147 
0.688813 0.00904192 0.302145 
0.784505 0.0251756 0.19032 
0.949829 0.0016547 0.0485164 
0.844113 0.00687603 0.149011 
0.752174 0.119951 0.127875 
0.948466 0.0320961 0.0194381 
0.854825 0.00407614 0.141099 
0.71727 0.0102051 0.272525 
0.902164 0.00674527 0.0910911 
0.843226 0.00666107 0.150112 
0.895245 0.00451357 0.100242 
0.76766 0.00726387 0.225076 
0.802433 0.0177151 0.179852 
0.823144 0.0137061 0.16315 
0.519474 0.000893866 0.479633 
0.463926 0.368369 0.167705 
0.898544 0.0186944 0.0827618 
0.880441 0.000189768 0.119369 
0.973336 0.00171261 0.0249518 
0.940557 0.0450752 0.0143678 
0.751632 0.00909066 0.239277 
0.771019 0.0283453 0.200636 
0.760242 0.0129267 0.226832 
0.895376 0.00369672 0.100927 
0.898651 0.00792866 0.0934207 
0.902955 0.00596886 0.0910764 
0.844421 0.0130816 0.142498 
0.851826 0.012881 0.135293 
0.798901 0.000726102 0.200373 
0.746704 0.21638 0.0369157 
0.882216 0.00156455 0.116219 
0.795016 0.00122056 0.203763 
0.82713 0.00537854 0.167492 
0.889693 0.0677159 0.0425915 
0.908515 0.00242752 0.0890579 
0.851826 0.012881 0.135293 
0.850961 0.0118042 0.137235 
0.785005 0.00398814 0.211007 
0.565059 9.11832e-05 0.43485 
0.831587 0.0110728 0.15734 
0.800702 0.0138764 0.185421 
0.683272 0.0355008 0.281227 
0.877436 0.00530481 0.11726 
0.919663 0.000217785 0.0801193 
0.731435 0.00113229 0.267432 
0.875794 0.00316539 0.12104 
0.588108 0.00393894 0.407953 
0.911176 0.000722906 0.0881008 
0.984409 0.000914824 0.0146761 
0.82238 0.00577082 0.171849 
0.899778 0.0168819 0.0833398 
0.735888 0.073358 0.190754 
0.562821 0.0118566 0.425322 
0.898094 0.00206926 0.0998367 
0.610256 0.0104506 0.379293 
0.924297 0.0108477 0.0648556 
0.608484 0.000336971 0.391179 
0.756311 0.00444189 0.239247 
0.506924 0.00104753 0.492028 
0.866921 0.025538 0.107541 
0.725793 0.104004 0.170203 
0.846259 0.0012622 0.152479 
0.923157 0.00139201 0.0754507 
0.896754 0.0129358 0.0903097 
0.891998 0.0546073 0.0533948 
0.89277 0.000677778 0.106552 
0.904251 0.0385475 0.0572013 
0.829848 0.0683944 0.101757 
0.926804 0.00674905 0.0664472 
0.861431 0.00288482 0.135684 
0.702972 0.0036881 0.29334 
0.797492 0.000423113 0.202085 
0.752087 0.00811882 0.239794 
0.758533 0.000390608 0.241076 
0.92459 0.0102367 0.0651738 
0.601206 0.00522961 0.393564 
0.789466 0.0152452 0.195289 
0.92284 7.15652e-05 0.077088 
0.823879 0.0581899 0.117931 
0.80145 0.00280169 0.195748 
0.908925 0.00440357 0.0866712 
0.786196 6.19965e-05 0.213742 
0.591511 0.000915851 0.407573 
0.553339 0.185316 0.261346 
0.928764 0.0211142 0.0501221 
0.818039 0.0334804 0.148481 
0.540468 0.00223574 0.457296 
0.878366 0.0624591 0.0591745 
0.851826 0.012881 0.135293 
0.87298 0.014469 0.112551 
0.823292 0.00194106 0.174767 
0.545209 0.0010592 0.453731 
0.600611 0.00296932 0.39642 
0.607863 0.0206244 0.371513 
0.902503 0.0181292 0.0793678 
0.635698 0.00468254 0.35962 
0.736775 0.0154321 0.247793 
0.815356 0.124745 0.059899 
0.90329 0.00108872 0.0956209 
0.773901 0.0480426 0.178056 
0.865106 0.0325316 0.102362 
0.785394 0.0219061 0.1927 
0.673245 0.00577277 0.320983 
0.912237 0.00634691 0.0814165 
0.851826 0.012881 0.135293 
0.987777 0.00620317 0.00601964 
0.856358 0.0219675 0.121674 
0.845679 0.000261647 0.154059 
0.870134 0.000634789 0.129232 
0.926353 0.00112501 0.0725222 
0.932462 0.0552148 0.0123236 
0.86197 0.00513919 0.132891 
0.900003 0.000114665 0.0998818 
0.927253 0.00594885 0.0667977 
0.84658 0.00279471 0.150626 
0.549774 0.39549 0.0547352 
0.683604 0.141059 0.175337 
0.818594 0.000441883 0.180965 
0.889331 0.00211646 0.108552 
0.789977 0.0863878 0.123636 
0.698473 0.00633325 0.295193 
0.932955 0.000232222 0.0668131 
0.839967 0.017561 0.142472 
0.784833 0.00425684 0.21091 
0.730435 0.0135077 0.256058 
0.88125 0.00603932 0.112711 
0.582649 0.00860813 0.408743 
0.639366 0.00123352 0.359401 
0.814483 0.0325574 0.15296 
0.870198 0.0218488 0.107953 
0.769275 0.00400753 0.226717 
0.843413 0.00715439 0.149433 
0.879904 0.00359557 0.1165 
0.459335 0.439766 0.1009 
0.889668 0.00053089 0.109801 
0.92035 0.00751387 0.0721361 
0.896116 0.00481262 0.0990711 
