0.414344 0.00356352 0.582092 
0.237892 0.00654101 0.755567 
0.193756 0.00606391 0.80018 
0.401707 0.00830614 0.589987 
0.220371 0.00396367 0.775665 
0.396476 0.00462774 0.598896 
0.396683 0.00670011 0.596617 
0.224518 0.00191345 0.773569 
0.182121 0.000804844 0.817075 
0.275012 0.00355692 0.721431 
0.464739 0.00318247 0.532079 
0.25398 0.0005573 0.745463 
0.264614 0.000186743 0.7352 
0.412183 0.000804573 0.587013 
0.243197 0.000590146 0.756213 
0.394432 0.000135435 0.605433 
0.244009 0.00205256 0.753938 
0.457425 6.20897e-05 0.542513 
0.384045 0.000914621 0.615041 
0.313925 0.00133005 0.684745 
0.397886 0.000307814 0.601806 
0.199507 0.000265836 0.800227 
0.17386 0.00143824 0.824702 
0.211169 0.000982519 0.787848 
0.285666 0.0348658 0.679468 
0.120991 1.82588e-05 0.878991 
0.336479 0.00228218 0.661239 
0.150923 0.00134722 0.84773 
0.258885 0.0155497 0.725565 
0.357567 0.000624499 0.641809 
0.493013 0.00674927 0.500237 
0.306686 0.00246828 0.690846 
0.394385 0.000673008 0.604942 
0.199783 0.017247 0.782971 
0.297465 0.0129934 0.689541 
0.428992 0.000125322 0.570883 
0.498532 0.00153775 0.49993 
0.261396 0.00353542 0.735069 
0.112776 0.00196669 0.885257 
0.339759 0.00100839 0.659233 
0.238306 0.000897679 0.760796 
0.219474 0.00222081 0.778306 
0.321756 0.0194147 0.658829 
0.372284 0.0021064 0.62561 
0.484032 0.00936918 0.506599 
0.316747 0.00526901 0.677984 
0.415719 0.0268606 0.557421 
0.465502 0.00866024 0.525838 
0.173755 0.0039266 0.822319 
0.160355 0.000333484 0.839311 
0.45482 0.00804271 0.537137 
0.406416 0.0127305 0.580853 
0.457782 0.00394705 0.538271 
0.128102 0.00123671 0.870661 
0.478443 0.00499798 0.516559 
0.185269 0.0027682 0.811963 
0.402678 0.00292672 0.594395 
0.322671 0.0201318 0.657197 
0.195031 0.00227669 0.802692 
0.301292 0.0304936 0.668215 
0.306829 0.00938127 0.68379 
0.475125 0.00482657 0.520048 
0.356808 0.00286853 0.640324 
0.163544 0.000850958 0.835605 
0.336126 0.00194305 0.661931 
0.464246 0.000450897 0.535304 
0.220071 0.0385169 0.741412 
0.372947 0.0202287 0.606825 
0.475555 0.017272 0.507173 
0.273577 0.00103373 0.725389 
0.467267 0.00639199 0.526341 
0.131223 0.000469074 0.868308 
0.380152 0.00187306 0.617975 
0.381737 0.0100346 0.608228 
0.495124 0.00451862 0.500358 
0.35184 0.0296213 0.618538 
0.194911 0.000572792 0.804516 
0.136137 0.0263271 0.837536 
0.231256 0.00103321 0.76771 
0.442694 0.000559383 0.556746 
0.187097 0.00106072 0.811842 
0.199557 0.0857483 0.714695 
0.461105 0.00320675 0.535688 
0.199507 0.000265836 0.800227 
0.406745 0.0389926 0.554262 
0.453758 0.0236775 0.522564 
0.175505 0.00188312 0.822612 
0.284254 0.00681302 0.708933 
0.453758 0.0236775 0.522564 
0.184844 0.00121806 0.813938 
0.410266 0.000535319 0.589199 
0.18368 0.00280683 0.813513 
0.430067 0.0067546 0.563178 
0.13116 0.00168084 0.867159 
0.300479 2.23207e-09 0.699521 
0.47536 0.00119992 0.52344 
0.173755 0.0039266 0.822319 
0.22674 0.0014046 0.771855 
0.429949 0.00726326 0.562788 
0.250988 0.00795705 0.741055 
0.397321 0.00122235 0.601457 
0.459038 0.00959778 0.531364 
0.478108 1.16638e-05 0.521881 
0.216839 0.00968686 0.773474 
0.453758 0.0236775 0.522564 
0.343889 0.000692219 0.655419 
0.265335 0.000649098 0.734016 
0.113118 0.0103234 0.876559 
0.113118 0.0103234 0.876559 
0.418282 0.00247317 0.579245 
0.134787 0.000970402 0.864243 
0.222268 0.00488502 0.772847 
0.334948 0.0458655 0.619187 
0.421353 0.00640354 0.572244 
0.493547 0.00778246 0.498671 
0.48352 0.00281695 0.513663 
0.384136 0.00158485 0.614279 
0.302215 0.0299988 0.667786 
0.21642 0.00289212 0.780688 
0.420198 0.00168836 0.578114 
0.458549 0.010886 0.530565 
0.217646 0.0015383 0.780815 
0.490506 0.0128335 0.49666 
0.17386 0.00143824 0.824702 
0.387949 0.011787 0.600264 
0.416321 0.00260386 0.581075 
0.173621 0.000304952 0.826074 
0.384985 0.00141763 0.613598 
0.17386 0.00143824 0.824702 
0.275943 0.0021379 0.72192 
0.259204 0.000102027 0.740694 
0.499131 0.000738042 0.500131 
0.322851 0.000974367 0.676174 
0.403659 0.00217229 0.594169 
0.318344 0.068451 0.613205 
0.393409 0.152992 0.453598 
0.320229 0.0045421 0.675229 
0.281824 0.0025187 0.715658 
0.321895 0.00926946 0.668835 
0.157933 0.0121027 0.829964 
0.450169 0.00132867 0.548502 
0.369257 0.0199362 0.610807 
0.230078 0.00215037 0.767771 
0.181105 6.57945e-06 0.818888 
0.288589 0.000105007 0.711306 
0.170782 0.00523495 0.823983 
0.118634 0.0052717 0.876094 
0.220389 0.0567299 0.722881 
0.318344 0.068451 0.613205 
0.234928 0.0284227 0.736649 
0.418188 0.0238683 0.557944 
0.173755 0.0039266 0.822319 
0.487244 0.00637987 0.506376 
0.362943 0.00873424 0.628323 
0.267504 0.0129693 0.719527 
0.445072 0.00265214 0.552276 
0.404438 0.0140255 0.581536 
0.446437 0.000817953 0.552745 
0.263843 0.0117708 0.724386 
0.170299 0.000285696 0.829415 
0.246582 0.000501045 0.752917 
0.174154 0.00158875 0.824257 
0.163587 0.00605415 0.830359 
0.136943 0.00108161 0.861975 
0.275953 0.0104601 0.713587 
0.416798 0.000870243 0.582332 
0.23397 0.00192264 0.764107 
0.346053 0.0201773 0.63377 
0.280372 0.00370011 0.715928 
0.423072 0.00232485 0.574604 
0.360611 0.00206664 0.637322 
0.136137 0.0263271 0.837536 
0.488806 0.00129325 0.5099 
0.216839 0.00968686 0.773474 
0.15954 0.00700135 0.833458 
0.1978 0.00101427 0.801186 
0.173755 0.0039266 0.822319 
0.388727 0.00356461 0.607708 
0.291455 0.0152543 0.69329 
0.443668 0.00291067 0.553421 
0.453758 0.0236775 0.522564 
0.435542 0.00426965 0.560188 
0.259138 0.00481978 0.736042 
0.2566 0.00135851 0.742042 
0.301986 0.00158568 0.696429 
0.132649 0.00352931 0.863822 
0.299885 0.00537316 0.694742 
0.380152 0.00187306 0.617975 
0.404806 0.0277842 0.56741 
0.405889 0.000274103 0.593837 
0.409806 0.00491141 0.585282 
0.232217 0.00274977 0.765033 
0.285985 0.000464804 0.713551 
0.468112 0.00603199 0.525856 
0.217646 0.0015383 0.780815 
0.480239 0.00188443 0.517877 
0.379933 0.00437181 0.615695 
0.320497 0.00542613 0.674077 
0.431897 0.00429927 0.563803 
0.2566 0.00135851 0.742042 
0.173755 0.0039266 0.822319 
0.217646 0.0015383 0.780815 
0.430073 0.00852606 0.561401 
0.416824 0.000457357 0.582719 
0.475988 0.00379349 0.520219 
0.248525 0.00264599 0.748829 
0.302087 0.00385038 0.694063 
0.488077 0.0123111 0.499611 
0.348311 2.79006e-05 0.651661 
0.380502 0.0235328 0.595965 
0.250988 0.00795705 0.741055 
0.42795 0.00216613 0.569884 
0.228911 0.00141453 0.769674 
0.0653413 0.00123521 0.933423 
0.407371 0.00463979 0.587989 
0.23397 0.00192264 0.764107 
0.187386 0.00922743 0.803387 
0.410089 0.0156824 0.574228 
0.49756 0.00422853 0.498212 
0.324706 0.00810952 0.667185 
0.150923 0.00134722 0.84773 
0.217646 0.0015383 0.780815 
0.356808 0.00286853 0.640324 
0.412234 0.00083734 0.586928 
0.240937 0.000261206 0.758802 
0.138391 0.000287404 0.861322 
0.210925 0.000408563 0.788667 
0.315722 0.0125611 0.671717 
0.163774 0.00145478 0.834771 
0.285985 0.000464804 0.713551 
0.453758 0.0236775 0.522564 
0.253523 0.000976171 0.745501 
0.459944 0.00247873 0.537577 
0.45101 0.00566894 0.543321 
0.180466 0.00147899 0.818055 
0.167729 0.00592272 0.826348 
0.302409 4.05356e-06 0.697586 
0.184425 0.00434395 0.811231 
0.430154 0.00361338 0.566232 
0.199284 0.0057988 0.794917 
0.487635 0.00565099 0.506714 
0.14795 0.000306796 0.851743 
0.216839 0.00968686 0.773474 
0.466265 0.00143948 0.532295 
0.335479 0.00333105 0.66119 
0.3032 0.00265569 0.694145 
0.217646 0.0015383 0.780815 
0.302409 4.05356e-06 0.697586 
0.45197 0.00178282 0.546247 
0.259204 0.000102027 0.740694 
0.376617 0.00116793 0.622215 
0.291388 0.00288122 0.70573 
0.154218 0.000457126 0.845325 
0.453758 0.0236775 0.522564 
0.302087 0.00385038 0.694063 
0.210883 0.00020993 0.788907 
0.0653413 0.00123521 0.933423 
0.253756 0.000343415 0.745901 
0.391954 0.0200552 0.587991 
0.23098 0.00139836 0.767622 
0.237892 0.00654101 0.755567 
0.259204 0.000102027 0.740694 
0.185269 0.0027682 0.811963 
0.268158 0.011763 0.720079 
0.240793 0.00682497 0.752382 
0.406202 0.0026721 0.591126 
0.259204 0.000102027 0.740694 
0.173755 0.0039266 0.822319 
0.344418 0.00182735 0.653755 
0.459944 0.00247873 0.537577 
0.48625 0.00127161 0.512479 
0.203908 0.00560724 0.790485 
0.447836 0.00489466 0.547269 
0.203292 0.0448772 0.751831 
0.287721 0.00263983 0.709639 
0.344026 0.00149971 0.654475 
0.453758 0.0236775 0.522564 
0.323807 0.00695096 0.669242 
0.401019 0.00129617 0.597685 
0.490191 0.00569433 0.504114 
0.200047 0.0547222 0.74523 
0.400394 0.000823011 0.598782 
0.205494 0.00173023 0.792775 
0.483052 0.000493495 0.516455 
0.497835 0.0017592 0.500406 
0.33394 0.000552556 0.665507 
0.296413 0.00134072 0.702246 
0.0864905 0.000463115 0.913046 
0.163587 0.00605503 0.830358 
0.303571 0.00205389 0.694375 
0.200627 0.00184253 0.79753 
0.48515 0.00307434 0.511775 
0.357887 0.0119282 0.630185 
0.489764 0.0194769 0.490759 
0.144369 0.00118237 0.854449 
0.312007 0.0110021 0.676991 
0.358494 0.00266487 0.638841 
0.411092 0.000111471 0.588796 
0.254093 0.00238023 0.743527 
0.164702 0.00158984 0.833708 
0.412938 0.0243664 0.562695 
0.251727 0.00675609 0.741517 
0.168287 0.00241717 0.829295 
0.136137 0.0263271 0.837536 
0.202542 0.0146244 0.782833 
0.173755 0.0039266 0.822319 
0.317032 0.00258187 0.680387 
0.163544 0.000850958 0.835605 
0.337616 0.00232598 0.660058 
0.252478 0.00130099 0.746221 
0.414909 0.0119936 0.573097 
0.173621 0.000304952 0.826074 
0.177009 0.00344116 0.81955 
0.264614 0.000186743 0.7352 
0.427214 0.000112843 0.572673 
0.301986 0.00158568 0.696429 
0.336238 0.00958917 0.654173 
0.37051 0.00269303 0.626797 
0.291942 0.311999 0.396059 
0.183199 0.0012887 0.815513 
0.288589 0.000105007 0.711306 
0.410115 0.00611608 0.583769 
0.428683 0.00929151 0.562025 
0.192229 0.00566609 0.802105 
0.495843 4.68738e-05 0.50411 
0.454568 0.000125811 0.545307 
0.255647 0.00189485 0.742458 
0.21642 0.00289212 0.780688 
0.246582 0.000501045 0.752917 
0.235899 0.00159132 0.76251 
0.369186 0.022459 0.608355 
0.467586 0.00199782 0.530417 
0.358349 0.00259657 0.639055 
0.445452 0.000903103 0.553645 
0.445517 0.00413971 0.550343 
0.217646 0.0015383 0.780815 
0.253537 0.0149797 0.731484 
0.291455 0.0152543 0.69329 
0.182342 0.00427364 0.813384 
0.352174 0.0117271 0.636099 
0.451066 5.60803e-05 0.548878 
0.163966 0.00136413 0.83467 
0.477213 0.00916399 0.513623 
0.362535 0.0388838 0.598582 
0.309182 0.016206 0.674612 
0.427123 0.00238725 0.57049 
0.398016 0.00214252 0.599842 
0.429969 7.63219e-05 0.569955 
0.259204 0.000102027 0.740694 
0.45377 4.28248e-05 0.546188 
0.453758 0.0236775 0.522564 
0.424797 0.000823809 0.574379 
0.348448 0.00311082 0.648441 
0.432522 0.00275792 0.56472 
0.327736 0.00716862 0.665096 
0.453758 0.0236775 0.522564 
0.134787 0.000970402 0.864243 
0.291942 0.311999 0.396059 
0.371617 0.000277531 0.628105 
0.374169 0.000176711 0.625655 
0.483052 0.000493495 0.516455 
0.484174 0.00377647 0.512049 
0.203445 0.00145412 0.795101 
0.450085 0.01662 0.533295 
0.375199 0.00498472 0.619816 
0.173755 0.0039266 0.822319 
0.318344 0.068451 0.613205 
0.463978 0.00991173 0.526111 
0.117061 0.00109821 0.881841 
0.297548 0.00463116 0.697821 
0.477344 0.00981295 0.512843 
0.484937 0.00585508 0.509208 
0.12316 2.57822e-05 0.876814 
0.0961487 0.000376101 0.903475 
0.273788 0.000734485 0.725477 
0.474529 0.00345346 0.522017 
0.285352 0.00560543 0.709042 
0.332837 0.00213326 0.665029 
0.496005 0.00015661 0.503838 
0.237048 0.00937389 0.753578 
0.487418 0.013642 0.49894 
0.234831 0.0104843 0.754685 
0.433056 0.0211027 0.545842 
0.480763 0.00104011 0.518196 
0.242738 0.00155342 0.755709 
0.351712 0.000973626 0.647315 
0.282515 8.8104e-05 0.717397 
0.19686 0.00318158 0.799959 
0.406043 0.00253507 0.591422 
0.241763 0.0175316 0.740705 
0.429374 0.0172536 0.553373 
0.306992 0.00253672 0.690471 
0.203983 0.000128901 0.795889 
0.467796 0.000742017 0.531462 
0.336238 0.00958917 0.654173 
0.389706 0.0312103 0.579083 
0.259204 0.000102027 0.740694 
0.0839818 0.000395023 0.915623 
0.388727 0.00356461 0.607708 
0.426072 0.00312491 0.570803 
0.482379 0.0352282 0.482393 
0.467974 0.00244119 0.529585 
0.259204 0.000102027 0.740694 
0.185269 0.0027682 0.811963 
0.17386 0.00143824 0.824702 
0.240177 0.000486313 0.759336 
0.305765 0.00296943 0.691266 
0.173755 0.0039266 0.822319 
0.163544 0.000850958 0.835605 
0.402509 0.00588159 0.59161 
0.185269 0.0027682 0.811963 
0.233295 0.00261598 0.764089 
0.259204 0.000102027 0.740694 
0.12584 0.000150922 0.874009 
0.246422 3.55871e-05 0.753542 
0.248266 0.000468225 0.751266 
0.134787 0.000970402 0.864243 
0.231256 0.00103321 0.76771 
0.371092 0.00659058 0.622317 
0.269513 0.00320753 0.727279 
0.059929 0.000370003 0.939701 
0.438822 0.102291 0.458887 
0.408737 0.00395577 0.587307 
0.210173 0.00154853 0.788278 
0.189728 6.29338e-05 0.810209 
0.386165 0.0204287 0.593407 
0.227392 0.00100208 0.771606 
0.324128 0.0104336 0.665439 
0.280424 0.000108994 0.719467 
0.416534 0.00958584 0.57388 
0.136137 0.0263271 0.837536 
0.4623 0.00417219 0.533528 
0.224095 0.000954501 0.774951 
0.450733 0.000229671 0.549038 
0.217646 0.0015383 0.780815 
0.415721 0.00060512 0.583673 
0.298758 0.245261 0.455981 
0.250988 0.00795705 0.741055 
0.243197 0.000590146 0.756213 
0.457462 0.00147444 0.541064 
0.340379 0.00300141 0.656619 
0.163544 0.000850958 0.835605 
0.350807 0.00332773 0.645865 
0.238847 0.00837113 0.752782 
0.20933 0.000949129 0.789721 
0.403301 0.00264565 0.594053 
0.349001 0.00325043 0.647749 
0.128648 0.000786261 0.870565 
0.368707 0.000560001 0.630733 
0.324128 0.0104336 0.665439 
0.237892 0.00654101 0.755567 
0.453758 0.0236775 0.522564 
0.134787 0.000970402 0.864243 
0.463913 0.0133475 0.522739 
0.384844 0.0076817 0.607474 
0.464714 0.0116344 0.523652 
0.358095 0.00370596 0.638199 
0.39859 0.0133603 0.58805 
0.396171 0.000582598 0.603247 
0.389631 0.0013583 0.609011 
0.472124 0.00256252 0.525313 
0.411027 0.000178904 0.588794 
0.176828 0.00350768 0.819664 
0.168954 0.00764617 0.8234 
0.217646 0.0015383 0.780815 
0.191459 0.00543704 0.803104 
0.418832 0.00655475 0.574613 
0.470193 0.00450401 0.525303 
0.416434 5.81752e-05 0.583508 
0.30492 0.0014471 0.693633 
0.169622 0.00158323 0.828794 
0.136137 0.0263271 0.837536 
0.269513 0.00320753 0.727279 
0.297452 0.00404735 0.6985 
0.393701 0.00755937 0.59874 
0.424252 0.0185533 0.557195 
0.298479 0.00167029 0.699851 
0.425011 0.000532506 0.574457 
0.269513 0.00320753 0.727279 
0.453758 0.0236775 0.522564 
0.217646 0.0015383 0.780815 
0.325791 0.0352557 0.638953 
0.198985 0.0053346 0.795681 
0.420836 0.0576631 0.521501 
0.259964 0.00338412 0.736651 
0.402542 0.00878052 0.588678 
0.488407 0.0085728 0.50302 
0.306014 0.00113511 0.692851 
0.293219 0.000714541 0.706066 
0.406271 0.00436123 0.589367 
0.156803 0.000745735 0.842451 
0.286058 0.00423533 0.709707 
0.157933 0.0121027 0.829964 
0.286302 0.00267051 0.711027 
0.299112 0.00362816 0.69726 
0.476174 0.027408 0.496418 
0.403281 0.00518635 0.591533 
0.489799 0.00671046 0.503491 
0.175095 0.000152535 0.824753 
0.26008 0.0632832 0.676637 
0.195573 0.00218812 0.802239 
0.453758 0.0236775 0.522564 
0.280149 0.00960137 0.71025 
0.216839 0.00968686 0.773474 
0.435971 0.000556684 0.563473 
0.446716 0.0085005 0.544783 
0.337695 0.00194456 0.66036 
0.317376 0.0405299 0.642094 
0.459707 0.00093779 0.539355 
0.453758 0.0236775 0.522564 
0.2925 0.000804892 0.706695 
0.0716471 0.00347541 0.924878 
0.173755 0.0039266 0.822319 
0.318344 0.068451 0.613205 
0.436963 0.0640093 0.499027 
0.368858 0.00721768 0.623924 
0.253489 0.00642499 0.740086 
0.136137 0.0263271 0.837536 
0.485665 0.000171235 0.514164 
0.157933 0.0121027 0.829964 
0.436645 0.00643008 0.556925 
0.291868 0.00340595 0.704726 
0.321485 0.00972501 0.66879 
0.429368 0.00191212 0.56872 
0.173313 4.8767e-05 0.826638 
0.179502 0.00156595 0.818933 
0.138524 0.0025128 0.858963 
0.266883 0.00577647 0.72734 
0.184939 0.000277424 0.814783 
0.130844 0.00221364 0.866942 
0.353135 0.00499254 0.641872 
0.0875419 8.0971e-05 0.912377 
0.259204 0.000102027 0.740694 
0.453758 0.0236775 0.522564 
0.255853 0.00662324 0.737524 
0.34812 0.00262562 0.649254 
0.136137 0.0263271 0.837536 
0.232834 0.000939048 0.766227 
0.254901 0.00648364 0.738615 
0.253594 0.00164883 0.744757 
0.259204 0.000102027 0.740694 
0.138311 0.00629472 0.855394 
0.263137 0.00616658 0.730697 
0.28065 0.00183194 0.717518 
0.392254 2.35137e-05 0.607723 
0.185269 0.0027682 0.811963 
0.39077 0.0125708 0.596659 
0.436676 0.0085848 0.554739 
0.217646 0.0015383 0.780815 
0.225602 0.00127888 0.77312 
0.432616 2.46725e-05 0.567359 
0.411092 0.000111471 0.588796 
0.291183 0.00351994 0.705297 
0.492679 0.00140619 0.505915 
0.355563 0.000334928 0.644102 
0.371278 0.00322471 0.625498 
0.302409 4.05356e-06 0.697586 
0.451448 0.000404478 0.548147 
0.36732 0.00651037 0.62617 
0.197442 0.00519103 0.797367 
0.435725 0.00547147 0.558804 
0.189852 0.00282872 0.807319 
0.264614 0.000186743 0.7352 
0.292927 0.000388421 0.706684 
0.354822 0.0276992 0.617479 
0.192672 0.00106057 0.806267 
0.273285 0.00649168 0.720223 
0.28674 0.00145356 0.711807 
0.182906 0.000688088 0.816406 
0.322979 0.00349142 0.67353 
0.261345 0.00133633 0.737319 
0.216839 0.00968686 0.773474 
0.159406 1.90752e-12 0.840594 
0.21171 0.04597 0.74232 
0.482216 0.00307169 0.514712 
0.299845 0.000106817 0.700048 
0.234686 0.00567116 0.759643 
0.480842 0.0127168 0.506441 
0.0916982 6.63451e-05 0.908235 
0.475901 0.00053415 0.523564 
0.150923 0.00134722 0.84773 
0.216839 0.00968686 0.773474 
0.12584 0.000150922 0.874009 
0.314256 0.00176392 0.68398 
0.490967 0.000685898 0.508347 
0.495501 0.000118862 0.50438 
0.254611 0.0385061 0.706883 
0.317065 0.313795 0.36914 
0.269513 0.00320753 0.727279 
0.303089 0.000858498 0.696053 
0.486019 0.00407776 0.509903 
0.224758 0.00205979 0.773182 
0.360267 0.0325103 0.607223 
0.475388 0.00425725 0.520355 
0.059929 0.000370003 0.939701 
0.423605 0.0316896 0.544705 
0.163544 0.000850958 0.835605 
0.396887 1.11812e-05 0.603101 
0.496907 0.00212614 0.500967 
0.280906 0.00346386 0.715631 
0.281171 0.000119524 0.718709 
0.416434 0.00058966 0.582976 
0.259204 0.000102027 0.740694 
0.259204 0.000102027 0.740694 
0.377412 0.0117246 0.610864 
0.272588 0.00425879 0.723154 
0.23217 0.00614978 0.76168 
0.426754 0.00115374 0.572093 
0.379276 0.0104257 0.610298 
0.339671 0.000771373 0.659558 
0.259204 0.000102027 0.740694 
0.218338 0.00133493 0.780327 
0.276393 0.000103622 0.723503 
0.280217 0.00412971 0.715653 
0.387893 0.00665803 0.605449 
0.0722467 0.000134149 0.927619 
0.483052 0.000493495 0.516455 
0.412863 0.00352214 0.583615 
0.420354 0.000671193 0.578975 
0.151517 0.00114991 0.847333 
0.448815 0.00496779 0.546217 
0.191223 0.00141614 0.807361 
0.0904009 4.96348e-06 0.909594 
0.236012 0.0580668 0.705921 
0.441542 0.0103928 0.548065 
0.333937 0.0105141 0.655548 
0.319133 0.00541957 0.675448 
0.40588 0.00530677 0.588813 
0.393734 0.00466346 0.601603 
0.216353 9.77259e-05 0.783549 
0.345223 0.0159023 0.638875 
0.118634 0.0052717 0.876094 
0.337029 0.00678832 0.656182 
0.399651 0.00572112 0.594628 
0.300505 0.00985255 0.689642 
0.12584 0.000150922 0.874009 
0.275643 0.00213152 0.722226 
0.380402 0.00016997 0.619428 
0.0653413 0.00123521 0.933423 
0.473926 0.0214572 0.504617 
0.385219 0.00494871 0.609832 
0.365913 0.00438768 0.629699 
0.185269 0.0027682 0.811963 
0.453758 0.0236775 0.522564 
0.453758 0.0236775 0.522564 
0.243197 0.000590146 0.756213 
0.214326 0.00618546 0.779488 
0.259204 0.000102027 0.740694 
0.291942 0.311999 0.396059 
0.24047 0.00168128 0.757848 
0.403659 0.00217229 0.594169 
0.230888 0.0093645 0.759748 
0.299326 0.000562897 0.700111 
0.371092 0.000454206 0.628454 
0.433152 0.0099238 0.556924 
0.453758 0.0236775 0.522564 
0.244009 0.00205256 0.753938 
0.353082 0.0195934 0.627325 
0.337619 0.0014605 0.660921 
0.186111 0.000751996 0.813137 
0.176207 0.00120981 0.822583 
0.274124 0.0102326 0.715643 
0.401114 0.000118916 0.598767 
0.45648 0.029833 0.513687 
0.486688 0.00085951 0.512452 
0.121186 0.000315132 0.878499 
0.246969 0.00351244 0.749518 
0.401039 0.0503206 0.548641 
0.471862 7.07856e-05 0.528067 
0.300526 0.00127636 0.698198 
0.369425 0.183684 0.446891 
0.208099 4.09625e-05 0.79186 
0.445424 0.00215863 0.552418 
0.3346 0.000474498 0.664925 
0.163544 0.000850958 0.835605 
0.1978 0.00101427 0.801186 
0.393832 0.00469893 0.601469 
0.294192 0.0149427 0.690865 
0.484146 0.000272185 0.515582 
0.411422 0.0043467 0.584231 
0.264614 0.000186743 0.7352 
0.337619 0.0014605 0.660921 
0.475827 0.00195594 0.522217 
0.0653413 0.00123521 0.933423 
0.184939 0.000277424 0.814783 
0.482565 0.00559284 0.511842 
0.380152 0.00187306 0.617975 
0.185269 0.0027682 0.811963 
0.328635 0.000253076 0.671112 
0.147364 2.54121e-06 0.852634 
0.252656 0.0214623 0.725882 
0.316249 0.000907537 0.682844 
0.429164 0.00714523 0.563691 
0.183018 0.00718114 0.809801 
0.173755 0.0039266 0.822319 
0.395151 0.0159175 0.588931 
0.362192 0.00500451 0.632804 
0.255958 0.00290498 0.741137 
0.430273 0.000586966 0.569141 
0.453758 0.0236775 0.522564 
0.362312 0.000710809 0.636978 
0.230299 0.00123658 0.768464 
0.198441 1.49358e-05 0.801544 
0.324111 0.252428 0.423461 
0.236807 0.00820634 0.754987 
0.23397 0.00192264 0.764107 
0.185269 0.0027682 0.811963 
0.222426 0.00259491 0.774979 
0.280726 0.00479949 0.714474 
0.398863 0.00387493 0.597262 
0.2224 0.0275062 0.750094 
0.362144 0.00235125 0.635504 
0.21155 0.00154664 0.786904 
0.315889 0.0555576 0.628554 
0.462297 0.00332844 0.534375 
0.338104 0.00100566 0.66089 
0.307161 0.000790049 0.692049 
0.173755 0.0039266 0.822319 
0.413994 0.0177369 0.568269 
0.402531 0.000254681 0.597214 
0.249274 0.0123728 0.738353 
0.249342 0.00620803 0.74445 
0.384521 0.00558264 0.609896 
0.24047 0.00168128 0.757848 
0.466698 0.00142917 0.531873 
0.173563 0.000248723 0.826189 
0.497589 0.000322273 0.502089 
0.249917 0.000625259 0.749458 
0.442691 0.00146524 0.555844 
0.359653 0.251412 0.388935 
0.480741 0.00535561 0.513904 
0.453758 0.0236775 0.522564 
0.325346 2.01338e-05 0.674634 
0.453758 0.0236775 0.522564 
0.496824 0.00114139 0.502035 
0.334414 0.00398368 0.661602 
0.478045 0.0101854 0.511769 
0.125291 0.000247576 0.874462 
0.334462 0.0034914 0.662046 
0.487981 0.00589117 0.506128 
0.208099 4.09625e-05 0.79186 
0.310223 0.0140108 0.675767 
0.259204 0.000102027 0.740694 
0.24047 0.00168128 0.757848 
0.217646 0.0015383 0.780815 
0.473585 0.00149135 0.524924 
0.195188 0.000165111 0.804647 
0.277306 0.00140078 0.721293 
0.246582 0.000501045 0.752917 
0.406178 0.00183822 0.591984 
0.420044 0.000923902 0.579032 
0.373122 0.00701013 0.619868 
0.0573588 4.64332e-05 0.942595 
0.322299 0.000336736 0.677365 
0.387834 0.0326406 0.579525 
0.183482 2.76002e-05 0.816491 
0.383925 0.0284464 0.587628 
0.288577 0.000133317 0.711289 
0.485949 0.00015682 0.513894 
0.430614 0.0026987 0.566688 
0.247425 0.002445 0.75013 
0.217646 0.0015383 0.780815 
0.26738 0.00481122 0.727809 
0.495762 0.00195688 0.502281 
0.313034 0.000266854 0.686699 
0.222322 0.00794878 0.76973 
0.191639 0.00414397 0.804217 
0.261283 0.0362358 0.702481 
0.322786 0.0041793 0.673035 
0.343889 0.000692219 0.655419 
0.173755 0.0039266 0.822319 
0.23231 0.00400607 0.763684 
0.059929 0.000370003 0.939701 
0.485726 0.00371529 0.510559 
0.262188 0.00600586 0.731806 
0.291942 0.311999 0.396059 
0.159124 0.00105981 0.839816 
0.302409 4.05356e-06 0.697586 
0.327866 1.7365e-06 0.672132 
0.217646 0.0015383 0.780815 
0.149655 0.00219801 0.848147 
0.432333 0.000713037 0.566954 
0.426383 0.000171555 0.573445 
0.494401 0.00108354 0.504515 
0.12584 0.000150922 0.874009 
0.467769 0.00137888 0.530852 
0.221105 0.00011935 0.778776 
0.357651 0.00229468 0.640055 
0.0199717 0.00010939 0.979919 
0.20503 0.0426426 0.752328 
0.0653413 0.00123521 0.933423 
0.287052 0.00750961 0.705439 
0.0916302 0.000188418 0.908181 
0.3032 0.00265569 0.694145 
0.345233 0.00961113 0.645156 
0.401984 0.00956121 0.588455 
0.4517 0.00730364 0.540996 
0.491099 0.000331004 0.50857 
0.427992 0.000294431 0.571713 
0.417785 0.00438999 0.577825 
