0.125571 0.00780625 0.153278 0.101509 0.0185327 0.0131808 0.0493123 2.31515e-05 0.120336 8.46471e-05 0.000173862 0.01509 0.227911 0.0112001 1.5535e-06 0.00301563 0.000516321 0.00469465 0.0119935 0.00178765 0.000102522 0.00585219 0.0166916 5.36564e-06 0.00310305 0.000222496 0.0153419 0.078012 0.0144871 0.000164377 
0.0781175 1.25195e-07 0.114175 0.0610237 0.129934 0.00789036 0.00342421 9.27885e-05 0.0790831 2.77228e-08 6.31233e-05 0.00102289 0.41608 0.00048517 3.94506e-10 7.33099e-05 0.000853618 7.20737e-05 0.0378224 3.92492e-09 6.09695e-05 0.00984461 0.00118653 1.73543e-05 0.00166944 0.000114338 6.05027e-05 0.048736 0.00809039 6.55521e-06 
0.0944247 0.00711448 0.0381164 0.0706422 0.00346109 0.00266481 0.00164754 0.00196744 0.0112445 0.00556792 0.00322791 0.053744 0.272294 0.0430828 0.00515481 0.0388257 0.0546968 0.00410496 0.000638245 8.3617e-05 1.74681e-05 0.0150889 0.0263084 0.0526782 0.00977877 3.06228e-05 0.00180588 0.161016 0.012679 0.0078935 
0.141355 0.0706436 0.0405416 0.155983 0.00614384 0.020652 0.0239427 0.00824541 0.0145962 0.000266385 0.0029439 0.00235359 0.175158 0.0404758 3.79038e-05 0.00170942 0.00300964 0.000346195 0.00115065 4.07734e-06 0.000203138 0.0118004 0.00278531 0.148206 0.0106902 6.75006e-05 0.00110761 0.0858928 0.0288827 0.000804913 
0.243191 0.00225774 0.129508 0.0486833 0.00286699 0.0132486 0.00271816 6.78197e-08 0.0123962 0.00578399 0.000385203 0.00185782 0.385722 0.00221063 0.00137864 0.00249075 0.0148821 1.04e-06 0.000809309 0.00160452 6.67483e-05 0.0372066 0.0453873 0.000230547 0.0014697 1.58201e-05 0.00852824 0.0341083 0.000892012 9.84239e-05 
0.115789 0.0106666 0.0679576 0.150215 0.00764565 0.0251116 0.00177192 0.00024603 0.0273092 0.000943611 0.00194412 0.0211302 0.391459 0.00814579 3.14588e-05 0.00140044 0.04055 0.000115922 0.0119808 0.00497669 0.000173256 0.0203046 0.00726 6.35406e-05 0.000964524 0.000718196 0.000175802 0.0573184 0.0232726 0.00035849 
0.0903814 0.041299 0.12359 0.155546 0.00500965 0.00445966 0.00498762 0.00021917 0.0219854 0.000468646 0.000187039 0.0123166 0.169513 0.0760734 5.1367e-05 0.00506563 0.00338601 0.0013009 0.00340694 1.88417e-05 0.000502447 0.00861492 0.0739252 0.000277167 0.00236715 0.00920412 0.0254065 0.138867 0.0209984 0.000570667 
0.0483083 0.00126547 0.00650389 0.274567 0.000751828 0.025619 0.000563764 1.58996e-06 0.0064587 0.00219051 0.000475352 0.00413805 0.472845 0.00385404 1.68761e-08 0.00076541 0.0630658 9.55653e-05 0.00229272 3.30285e-08 6.85984e-05 0.00425899 0.0023206 0.000242884 0.00300204 6.57904e-06 0.0140587 0.0198586 0.042258 0.000163661 
0.0577786 0.0160807 0.0223614 0.15042 0.00154959 0.00885175 0.0291871 0.000307853 0.00898555 0.0140795 0.00241145 0.0226265 0.201415 0.188632 1.47803e-05 0.00924437 0.100956 0.00225925 0.000869389 9.33371e-05 0.000174811 0.00269065 0.0569989 0.0122 0.00109403 4.97297e-05 0.00176656 0.0796335 0.00440824 0.00285969 
0.122928 0.00277459 0.0346143 0.068905 0.0018768 0.000187429 0.000556465 9.34674e-07 0.0092799 2.66028e-05 0.00105212 0.00103312 0.605883 0.00347734 0.00132711 0.0419598 0.0207955 1.53985e-05 0.000298936 4.70183e-05 0.0011748 0.0142974 0.00353082 3.41827e-05 0.0023581 5.35264e-05 0.000121837 0.0505556 0.0108323 2.21389e-06 
0.183631 0.025446 0.0695302 0.115645 0.00286642 0.00552155 0.00107333 0.0189928 0.00616422 0.00072656 0.00467305 0.00527197 0.218426 0.00745186 0.000197154 0.00520447 0.0185563 0.00233947 0.0447882 0.000405606 0.00148729 0.0210015 0.00620956 0.0011712 0.00322539 4.5185e-06 0.0064515 0.14804 0.0743593 0.00113875 
0.357413 0.0113689 0.0389239 0.0291036 0.000374735 0.00103775 0.001286 3.98837e-05 0.00554574 0.000201163 0.000342808 0.035535 0.361138 0.012235 4.40397e-05 0.00923496 0.00213383 0.000985089 0.000931402 0.000585034 0.00220596 0.00400063 0.0867924 0.000629768 0.000317683 0.00019767 0.000251681 0.0347021 0.000378319 0.00206418 
0.0124589 0.000505961 0.0126086 0.367186 0.000655302 0.00322398 0.000214015 3.38724e-06 0.00307006 0.000459623 0.00172467 0.00181102 0.521446 0.0177276 1.07968e-05 0.00100171 0.000652975 0.000737658 0.000191296 0.000196124 9.33395e-05 0.000889964 0.00213487 4.39198e-06 0.00027143 5.64135e-06 0.00326649 0.0472719 0.000124144 5.18639e-05 
0.136138 0.0116171 0.0306975 0.0701816 0.00114857 0.00626354 0.00162894 0.00127289 0.00179523 0.000458365 0.00139314 0.00554543 0.291316 0.0709038 0.00296594 0.00460804 0.00320877 0.00268009 0.000368271 0.000109692 4.25435e-05 0.0058245 0.0125666 0.000717179 0.00387456 2.61169e-05 0.00567356 0.106267 0.217377 0.00332996 
0.0664642 0.012187 0.134469 0.191351 0.00218282 0.00231606 0.00120127 7.49029e-05 0.0238171 4.38849e-06 0.00191155 0.0100119 0.323205 0.0230915 3.62123e-05 0.000566502 0.000191434 6.66192e-05 0.00172653 0.000276879 0.000627746 0.0707682 0.00168512 3.07373e-05 0.0202012 5.39637e-06 0.000399282 0.0249903 0.0858904 0.000249778 
0.117508 0.0150703 0.025387 0.142509 0.0031171 0.00771201 0.000777357 1.14189e-05 0.014768 0.00114255 0.00232767 0.00443447 0.562431 0.00228809 8.48158e-06 0.00136236 0.037282 0.000128951 0.000420559 0.00212339 3.88755e-05 0.00923911 0.00847651 8.03545e-05 0.00415862 0.000436806 2.50132e-05 0.0318324 0.00487056 3.15729e-05 
0.0783736 0.0151855 0.0393177 0.226081 0.00448424 0.00118584 0.0201606 0.000170024 0.0764784 0.00010018 0.000588267 0.00337506 0.247358 0.177443 8.7236e-08 0.00245813 0.0191364 1.60149e-05 0.00680977 0.000318773 9.2654e-05 0.00387133 0.033277 3.56896e-05 0.00172579 0.000102175 0.00573325 0.0323638 0.00298013 0.00077792 
0.0960468 0.0413113 0.0601021 0.304232 0.0284758 0.00421947 0.0035126 0.00140379 0.0285546 6.58397e-06 0.0023914 0.00155048 0.334434 0.00169461 1.06762e-06 0.0140151 0.0015306 0.000241363 0.0105437 1.47026e-05 5.66278e-05 0.0109231 0.00769512 2.84741e-05 0.00478866 2.72767e-05 0.0076872 0.0297911 0.00418072 0.000539144 
0.0540282 0.00202856 0.1721 0.20354 0.00949531 0.0216607 0.00346847 0.000119 0.0319342 0.0011601 0.00241741 0.00679832 0.292189 0.00924057 2.27098e-05 0.00785633 0.0491474 0.00113476 0.00395714 0.000624094 0.000451415 0.0559664 0.00489411 0.000392153 0.00250368 0.00149574 0.000862546 0.041867 0.0184713 0.00017334 
0.117508 0.0150703 0.025387 0.142509 0.0031171 0.00771201 0.000777357 1.14189e-05 0.014768 0.00114255 0.00232767 0.00443447 0.562431 0.00228809 8.48158e-06 0.00136236 0.037282 0.000128951 0.000420559 0.00212339 3.88755e-05 0.00923911 0.00847651 8.03545e-05 0.00415862 0.000436806 2.50132e-05 0.0318324 0.00487056 3.15729e-05 
0.0462023 0.0217589 0.124195 0.0368562 0.0120681 0.0128617 0.0745389 1.92852e-05 0.0239888 6.80605e-05 0.00650684 0.0249207 0.249497 0.0165474 1.3566e-06 0.0619274 0.00948489 0.000515238 0.00123937 0.000316561 0.0011744 0.127156 0.0537337 3.72148e-05 0.00608749 8.24908e-06 0.0025585 0.0654526 0.0202022 7.48548e-05 
0.0895226 0.0188483 0.0435742 0.175664 0.01435 0.0341018 0.0104501 3.88674e-05 0.174745 0.000859499 0.0210357 0.052169 0.211244 0.0235186 9.9029e-06 0.00254875 0.0142284 0.000415987 0.0446691 0.00156028 6.34735e-05 0.00888553 0.0119618 0.000152406 0.00804312 9.96234e-05 0.00725538 0.0191767 0.0101728 0.00063554 
0.11983 0.0652987 0.147447 0.0720838 0.0135104 0.00157433 0.0432564 2.4148e-05 0.116727 1.01859e-05 1.87261e-05 0.0161854 0.210559 0.0130057 0.0365852 0.000123899 0.000514338 0.000928671 0.0036049 0.0173711 0.000178114 0.0176241 0.0670919 7.24202e-06 0.00359001 1.00821e-05 0.000584137 0.0295394 0.00216048 0.000555952 
0.0114612 0.0025403 0.00888713 0.133847 0.000104151 1.62064e-06 1.73428e-06 9.39205e-07 0.0014955 5.93667e-06 3.16247e-05 0.0877328 0.425216 0.145141 8.17452e-07 6.43334e-06 0.00088389 0.000179713 4.35494e-05 8.13954e-05 0.000572306 0.000856467 0.145139 2.52641e-06 0.000300279 1.1928e-05 0.000162906 0.0293785 0.00321456 0.00269763 
0.0664351 0.0694146 0.0683414 0.0793617 0.00424277 0.000820228 0.0499348 0.00451735 0.0542202 0.000278633 0.0745731 0.063036 0.143614 0.00410217 0.00224518 0.0543948 0.00639432 0.000258977 0.00228861 0.0535503 0.000373679 0.0790724 0.0409511 0.00149128 0.0094708 0.000160915 0.00235819 0.0498827 0.0136952 0.00051984 
0.160224 0.0225239 0.21571 0.0355313 0.00540107 0.00789241 0.000985571 0.000379604 0.00404175 2.34776e-05 0.000708076 0.000282855 0.250349 0.00719865 1.13805e-06 0.000976577 0.00235413 8.73832e-05 0.000596574 1.09348e-05 0.000421829 0.0505104 0.000504166 3.03951e-05 0.000421865 4.88611e-05 0.0004538 0.205194 0.0271209 1.60595e-05 
0.0308175 0.00922316 0.0607549 0.0345178 0.00493187 0.00227317 0.0011767 0.000315009 0.00356136 0.00043974 0.0062525 0.04249 0.602702 0.039922 0.00012348 0.0161532 0.00561549 0.000463238 0.000339318 2.49067e-05 3.36947e-05 0.0767689 0.00131327 0.00128526 0.00329374 2.28696e-05 0.000950753 0.0388545 0.0148806 0.00049887 
0.0762946 0.00111872 0.0296624 0.0236524 0.172069 0.00214341 0.0359499 6.80222e-06 0.0986043 0.000107222 5.57236e-05 0.0011171 0.330759 0.0426317 3.73965e-05 0.000568356 9.51116e-06 0.000128385 0.00318907 0.00188491 0.000100971 0.0177517 0.0115912 5.06247e-06 0.00239277 0.000433189 0.0311842 0.115456 0.000378929 0.000716177 
0.101828 0.0131206 0.02897 0.208818 0.00402755 0.0157483 0.00306012 0.000132415 0.0197983 0.00352191 0.00220973 0.0100992 0.40225 0.00760334 7.20394e-06 0.00525756 0.0802031 0.000506103 0.000531271 0.00202639 5.7736e-06 0.00468985 0.0158446 0.000604908 0.00757804 0.000267542 0.0024372 0.0472677 0.00986492 0.00172098 
0.0592743 0.00456497 0.17042 0.045167 0.00848677 0.0242932 0.00165078 0.0521293 0.00962077 0.00640305 0.000592327 0.00235687 0.319829 0.00565707 2.94305e-05 0.0101832 0.00948442 0.000121931 0.00189352 0.00402 0.00551952 0.146881 0.00497592 0.0203874 0.00109136 0.000638911 0.000613296 0.0686067 0.0149713 0.000137316 
0.247086 0.00554367 0.031796 0.0754621 0.000950603 0.0030097 0.000384568 0.00188912 0.00211915 0.00144941 0.00381377 0.0368373 0.282622 0.0298573 0.00013236 0.00795881 0.0157967 0.0172945 0.000772285 0.000969673 0.000101275 0.00259943 0.0228227 0.0157812 0.0014089 1.40526e-06 0.00223692 0.181441 0.00119729 0.00666534 
0.110877 0.0730126 0.162367 0.114663 0.00449483 0.00170217 0.0171015 0.000302488 0.0102359 0.000375249 0.00114491 0.0409067 0.207291 0.0352809 6.32375e-06 0.00340984 0.0124036 0.00345123 0.00181892 0.0016063 3.97665e-05 0.0169845 0.0443114 0.000941537 0.0101614 1.15976e-05 0.000680015 0.104135 0.0198635 0.000420447 
0.0977838 0.0115247 0.125447 0.0468719 0.0694078 0.000868753 4.53409e-07 0.000169298 0.00280468 7.26448e-09 0.000107697 0.000843213 0.532046 0.00055676 5.86546e-07 0.00380437 0.000169702 1.80665e-07 0.000101875 4.06349e-07 4.26669e-07 0.026832 0.00416567 0.000407718 0.00428564 1.94187e-05 1.55769e-05 0.0228337 0.000974537 0.0479555 
0.0844706 0.000944777 0.0635069 0.19821 0.00934119 8.34907e-05 0.00160293 2.2068e-06 0.0142075 0.00079345 0.000603342 0.000925428 0.432297 0.00426765 5.47628e-08 0.00510938 0.0377734 0.000132699 0.00509254 1.07174e-07 9.64034e-05 0.041956 0.00319359 3.3783e-05 0.00201435 1.06288e-05 0.000479929 0.079681 0.013142 2.77467e-05 
0.043272 0.00348396 0.00371803 0.205896 0.000706977 0.00925179 0.00078979 1.06895e-06 0.0046498 0.0015137 0.000451328 0.00179741 0.534357 0.00151916 3.05833e-08 0.000938607 0.0430325 8.29498e-05 0.0024651 5.9855e-08 4.67338e-05 0.00485452 0.00243832 0.000229131 0.00362369 3.06329e-06 0.0265642 0.0175142 0.0866385 0.000160715 
0.0295095 0.0298313 0.0136532 0.0615017 0.00974458 0.00227884 0.0193524 0.000859821 0.00417528 0.00485814 0.00708592 0.000842671 0.544587 0.000567269 0.00122618 0.0128 0.0165528 0.000737044 0.00313195 0.000226811 0.0187726 0.0463309 0.0360149 0.0891274 0.0104491 2.70169e-06 0.000198722 0.0294079 0.00460846 0.00156445 
0.0888061 0.0163253 0.0591527 0.139336 0.00705963 0.0198515 0.00507489 2.35053e-05 0.018649 0.00743083 0.0175392 0.0274939 0.205275 0.00291635 0.000170399 0.014363 0.0294802 2.99304e-05 0.0013746 0.000283043 0.000174005 0.16142 0.043032 0.000799514 0.00395647 0.000509179 0.00733869 0.0688573 0.0525599 0.000718798 
0.0648236 0.0015227 0.0693901 0.139483 0.00108109 0.00167009 0.00133889 8.30973e-07 0.00173924 6.0918e-05 0.000689888 0.000910169 0.550154 0.00306991 1.26347e-06 0.000462298 0.000123731 0.000101219 0.000404514 6.788e-05 0.000212435 0.00645033 0.00122199 3.83261e-05 0.00322744 1.36437e-06 0.00264629 0.123387 0.0256855 3.48522e-05 
0.211839 0.0254459 0.0375425 0.0359628 0.00587629 0.00587717 0.000774596 0.00153316 0.00855515 0.00584924 0.0128391 0.00491648 0.254256 0.00813349 3.18424e-05 0.0159314 0.0336393 0.00224 0.000458203 0.00323196 6.833e-05 0.0169791 0.0362844 0.0171527 0.00242255 0.000136488 0.0210887 0.21979 0.00982971 0.00131372 
0.115952 0.0189116 0.0155828 0.216373 0.00363662 0.00815231 0.0050421 1.61136e-05 0.036334 0.00299442 0.00242592 0.0763681 0.266789 0.00246871 0.000335442 0.0216931 0.0321711 0.000221819 0.00327014 9.92375e-05 0.000242951 0.0118734 0.0090795 0.0455848 0.00841645 0.000199369 0.00691077 0.0274064 0.0611734 0.000275328 
0.132538 0.021099 0.0338575 0.0914345 0.00133999 0.00404132 0.000760384 0.000616606 0.00800954 0.000826191 0.00170115 0.0255461 0.256793 0.241605 0.000114064 0.00534208 0.0113887 0.0130807 0.00106076 0.000578692 8.04075e-05 0.00659874 0.0134961 0.00201429 0.00791086 4.24517e-05 0.00354918 0.105701 0.00671959 0.00215402 
0.0872068 0.021324 0.0893381 0.171597 0.00346036 0.00400509 0.0761508 1.05049e-05 0.0236272 0.000274119 4.5393e-05 0.00323518 0.176558 0.00113904 1.29239e-06 0.000791107 0.00200434 0.000193844 0.00387066 2.47087e-05 5.75586e-05 0.00516963 0.0884052 7.66822e-06 0.0964237 3.88533e-05 0.00197712 0.076119 0.0647761 0.00216721 
0.269722 0.0265945 0.00905626 0.200882 0.00715922 0.011083 0.00381158 2.21255e-05 0.030758 0.000452479 0.00609885 0.00317799 0.354129 0.00197969 9.14284e-06 0.00277986 0.0247927 0.000375677 0.00102547 5.21384e-06 8.36958e-05 0.0111612 0.0115555 2.3856e-05 0.00577304 0.000790453 7.14833e-05 0.0141795 0.00221971 0.000227994 
0.0710245 0.0138977 0.0524685 0.103952 0.00529144 0.014956 0.00893676 0.0014304 0.0583884 0.000272121 0.00103204 0.0151858 0.427504 0.0317726 0.000698251 0.00285941 0.00588667 0.000626571 0.00735824 0.000670935 0.000681976 0.0122126 0.0430797 0.00170558 0.0230077 0.000142573 0.006595 0.0449384 0.0425328 0.000891991 
0.0240916 0.00535046 0.0148628 0.00298113 0.000812872 0.00112511 0.000148497 5.32891e-09 0.0107159 2.80027e-06 6.64044e-07 0.31323 0.56174 0.0314112 7.0501e-09 0.00424437 0.000440124 4.70074e-05 0.00118981 1.6218e-05 0.000235739 0.0025182 0.0213563 3.41594e-07 0.000128587 6.36878e-07 2.45265e-05 0.00217726 0.00114761 4.99855e-09 
0.0505173 0.00682403 0.0893123 0.0805619 0.000730858 0.000931465 0.00148353 0.000146248 0.0559572 0.000217936 0.0117439 0.00507558 0.253027 0.183537 0.0193044 0.00205606 0.0115345 0.000948341 0.00035149 2.96033e-05 0.000100351 0.121356 0.0249859 0.000632303 0.00239942 0.000683768 0.000851012 0.0462828 0.00917414 0.0192434 
0.0706204 0.00258021 0.0622536 0.103693 0.00219704 0.00322408 0.000896796 1.57526e-05 0.0121373 6.36624e-05 0.000913672 0.000852807 0.488457 0.0022651 2.6615e-07 0.00193012 0.0754746 0.000297216 0.00178559 5.20887e-07 0.00135261 0.0288435 0.00164126 8.90711e-05 0.00389335 8.90354e-06 0.00147828 0.0470376 0.0859661 3.04685e-05 
0.091879 0.00399796 0.0228157 0.0872061 0.00298668 8.36044e-05 2.38918e-07 3.08482e-06 0.00170218 0.000206239 0.00121574 0.00153798 0.722347 0.00261589 1.12558e-07 0.000925868 0.0189085 9.85097e-05 0.000223407 7.98272e-05 9.12534e-05 0.0120409 0.00303369 8.12181e-05 0.00137689 5.29546e-06 1.00179e-05 0.0212427 0.00324853 3.55887e-05 
0.108174 0.0132168 0.0554746 0.139823 0.00345681 0.00437474 0.00159797 0.000381481 0.0290707 0.00255311 0.00140034 0.0145837 0.461021 0.0246708 2.27254e-05 0.0166432 0.0353825 0.0012733 0.00177305 7.26479e-05 6.36648e-05 0.00988112 0.0130013 0.00039425 0.00432311 0.000165509 0.00946814 0.0365029 0.0108406 0.000393087 
0.117258 0.041143 0.0527052 0.210411 0.005603 0.00561776 0.00663126 0.00032071 0.0232484 0.0016533 0.00101538 0.0107586 0.224492 0.0493261 8.7879e-05 0.00370484 0.0395428 0.00133307 0.00288051 0.00071969 0.000155724 0.0221688 0.0202201 0.000987408 0.0252243 9.77976e-06 0.00989455 0.064907 0.0571405 0.000839747 
0.11533 0.0150509 0.154676 0.121704 0.0337334 0.016568 0.00916251 0.00191945 0.0199376 0.00199592 0.00289277 0.0242419 0.21511 0.0178126 0.00066931 0.0387453 0.00724619 0.00185603 0.0067876 0.00352166 0.000200132 0.0518341 0.0262654 0.00184613 0.00502558 6.95109e-05 0.0275569 0.0603445 0.0169071 0.00098896 
0.0259647 5.56476e-08 0.0137452 0.0866849 0.000338845 3.51782e-07 8.77132e-08 1.90694e-08 0.00320107 0.00596009 0.000201809 0.000359858 0.762154 1.3567e-05 7.68008e-12 0.00566833 0.0282129 4.02299e-05 0.000796733 9.62244e-12 0.000115595 0.00309304 0.00586396 0.0005489 0.000201283 8.78258e-07 0.00313015 0.024593 0.0291107 7.42595e-08 
0.173491 0.00647374 0.122215 0.0829262 0.00872876 0.00736777 0.00377853 0.000741702 0.0199079 0.0014299 0.000193289 0.00491838 0.248133 0.00433096 3.57765e-05 0.00214016 0.00586113 0.0399811 0.00571002 0.000108102 0.000541041 0.0100521 0.0103212 0.00247471 0.00271369 5.2371e-05 0.0037064 0.199888 0.0275685 0.00420969 
0.187406 0.0215151 0.0189924 0.160967 0.00475847 0.00681045 0.00492157 1.68686e-05 0.0421591 0.000276468 0.00161748 0.0163563 0.383134 0.00467688 2.47982e-06 0.00296007 0.054439 0.000799114 0.00075836 1.67919e-06 2.85371e-05 0.0102178 0.0113705 2.15607e-05 0.0354207 0.000749653 0.00496589 0.0209189 0.00363862 9.96938e-05 
0.0861592 0.0537581 0.0830269 0.0312611 0.00316123 0.00272829 0.00331127 0.2497 0.00832355 0.00134513 0.000122118 0.00755659 0.249893 0.00389561 4.74294e-05 0.00529326 0.000269095 0.00233196 0.00141379 0.00313572 0.00128912 0.0869675 0.00802206 3.54055e-05 0.00216303 4.34293e-05 0.00217674 0.0772298 0.0238752 0.00146366 
0.0620069 0.00954138 0.0277369 0.127935 0.00267454 0.0169528 0.00149713 0.000770863 0.00781569 0.00165079 0.000876971 0.0630202 0.293413 0.0346608 0.00433502 0.00823885 0.011458 0.00413066 0.00142606 9.19824e-05 0.0124657 0.0028105 0.194623 0.0148866 0.00110139 0.00108873 0.00664866 0.0786596 0.00421451 0.00326726 
0.0538874 0.00079928 0.0336553 0.0182697 0.000449559 0.0104097 0.000804418 9.29879e-05 0.0031443 0.000141529 0.000230722 0.00115485 0.857136 0.00173419 0.000390763 8.04296e-05 0.000929846 0.000262679 0.000835009 0.000755542 0.00081912 0.00545533 0.000259923 6.26118e-05 0.00357023 0.000223205 0.00060588 0.00215216 0.000974423 0.000712394 
0.0608631 0.0181929 0.0319443 0.019833 0.107927 0.095817 0.000896796 0.0514553 0.00872781 0.131772 0.00889069 0.0100998 0.140262 0.0046694 2.08713e-05 0.0228877 0.0435191 0.00236043 0.0023579 0.00169333 0.00025817 0.07613 0.0199866 0.00430588 0.00217931 0.00014917 0.00291952 0.109373 0.0197828 0.00072466 
0.130531 0.0263254 0.0249496 0.0978069 0.014228 0.00749111 0.00461219 0.000384945 0.0276509 0.00290284 0.00683173 0.00253194 0.209858 0.00666619 3.80096e-05 0.00806053 0.0188011 0.0010051 0.00449351 0.000126296 0.000246107 0.0218199 0.0325982 0.0111667 0.0347229 0.000240953 0.0151258 0.138476 0.0853762 0.0649318 
0.0686844 0.00939239 0.0422176 0.133844 0.0020519 0.0491167 0.0105366 8.24065e-05 0.0108558 0.0153012 0.00122744 0.00222281 0.343581 0.0258242 9.33732e-05 0.00778299 0.0664274 0.00113695 0.00167431 5.95608e-06 3.87451e-05 0.0334183 0.0231844 0.0123543 0.00499679 1.05997e-05 0.027685 0.0943929 0.00780716 0.00405257 
0.149854 0.0112529 0.0591348 0.145794 0.0137946 0.00542363 0.000640705 0.00114846 0.00651838 0.00307116 0.00139473 0.0300721 0.228602 0.0923671 0.000516255 0.0173859 0.0314765 0.00079479 0.00306323 0.00766477 2.29665e-05 0.00707493 0.0533295 0.00293804 0.00118313 7.5339e-05 0.00171483 0.111929 0.0107515 0.00101091 
0.0697319 0.00276717 0.0512006 0.213552 0.00747464 0.0506213 0.0012632 1.37674e-05 0.0346877 0.00178819 9.33656e-05 0.0305513 0.231155 0.0173787 0.000360838 0.00437537 0.00824532 0.000443477 0.0555809 0.00011005 0.000193538 0.0030795 0.142635 0.00167263 0.00444528 9.01083e-05 0.00333311 0.0497225 0.0102216 0.00321162 
0.119563 0.0152175 0.0929436 0.103648 0.00679885 0.00336895 0.00716183 3.57434e-05 0.0337012 0.00286817 0.00490814 0.033734 0.199139 0.015351 1.82854e-08 0.00367461 0.00662306 0.000884122 0.00124257 6.38715e-05 7.01419e-05 0.0329416 0.0138773 3.89505e-05 0.0731205 0.000234468 0.0220953 0.156866 0.0494566 0.0003714 
0.0696351 0.0163173 0.034429 0.0470042 0.0214946 0.00474433 0.000682562 1.74003e-06 0.0137847 0.000110618 0.000523145 0.00148079 0.409075 0.00655428 0.00429987 0.00660916 0.0113725 1.88571e-05 0.000273495 5.29234e-05 0.000632248 0.314731 0.0078764 1.59843e-05 0.00459642 8.78163e-05 0.000296304 0.0129272 0.00967663 0.000696616 
0.0273203 0.0198437 0.0386468 0.0601858 0.0672842 0.00561034 0.00229058 0.000508313 0.0176526 0.000353621 0.00276753 0.000612571 0.26733 0.0137573 0.000771436 0.174521 0.0443355 0.000668903 0.00147582 6.50453e-05 0.00122571 0.154198 0.0115339 0.000159349 0.00232673 6.52225e-06 0.000816728 0.0720675 0.0115923 7.20535e-05 
0.0958607 0.000294745 0.0928098 0.0820384 0.0065071 0.016277 0.0202287 4.15832e-05 0.0179542 0.10385 0.0005953 0.0041376 0.214392 0.0308885 0.000943335 0.00448053 0.00271989 0.000146947 0.0441301 2.357e-05 8.96518e-05 0.0610503 0.0106767 0.00368206 0.000806031 0.000450637 0.000452534 0.181999 0.00148997 0.000983493 
0.116809 0.00274865 0.104608 0.0350296 0.0303634 0.0299341 0.00163958 0.000850522 0.00682539 0.00153186 0.00128049 0.000780465 0.330896 0.00607052 1.57469e-08 0.009908 0.00516972 0.0011786 0.00140848 0.000974533 0.000252061 0.021881 0.011815 0.00341288 0.000550879 2.46735e-05 0.013763 0.201862 0.0567879 0.00164332 
0.269722 0.0265945 0.00905626 0.200882 0.00715922 0.011083 0.00381158 2.21255e-05 0.030758 0.000452479 0.00609885 0.00317799 0.354129 0.00197969 9.14284e-06 0.00277986 0.0247927 0.000375677 0.00102547 5.21384e-06 8.36958e-05 0.0111612 0.0115555 2.3856e-05 0.00577304 0.000790453 7.14833e-05 0.0141795 0.00221971 0.000227994 
0.122011 0.00195833 0.0049083 0.103588 0.0239599 0.0036742 0.00295379 1.72891e-06 0.159462 0.0172467 0.000180142 0.0123713 0.343242 0.00276497 8.35541e-08 0.00196077 0.010586 3.9775e-05 0.000152645 9.24072e-06 3.02189e-07 0.000990793 0.163583 0.0003051 0.000462716 1.33365e-05 0.00019256 0.0226426 0.000563157 0.000175738 
0.269722 0.0265945 0.00905626 0.200882 0.00715922 0.011083 0.00381158 2.21255e-05 0.030758 0.000452479 0.00609885 0.00317799 0.354129 0.00197969 9.14284e-06 0.00277986 0.0247927 0.000375677 0.00102547 5.21384e-06 8.36958e-05 0.0111612 0.0115555 2.3856e-05 0.00577304 0.000790453 7.14833e-05 0.0141795 0.00221971 0.000227994 
0.186133 0.0163666 0.038958 0.16541 0.0017682 0.000225535 0.0188832 5.15984e-05 0.0150532 9.32318e-06 0.000125166 0.00190607 0.430828 0.00339146 5.0567e-08 0.0027058 0.024748 0.00113646 0.000503065 0.00153162 0.000155333 0.00263872 0.0124885 2.3007e-05 0.000280648 1.37449e-06 0.00109213 0.0652875 0.00814328 0.000154153 
0.0732876 0.0139733 0.106896 0.137179 0.003764 0.00431922 0.00204547 0.00238352 0.0360916 0.00730161 0.0027962 0.00454467 0.291878 0.00404606 7.56087e-05 0.0306742 0.0237827 0.00372825 0.00277692 0.000451589 0.000618563 0.0980329 0.00956054 0.0032218 0.00999749 0.000133482 0.00102312 0.103009 0.019118 0.00328993 
0.123659 0.0180038 0.0149738 0.0575364 0.0033435 0.00533407 0.000373492 6.39435e-06 0.00440947 0.00102052 0.00242564 0.00478226 0.654944 0.00375243 1.36624e-05 0.00173049 0.0504985 0.000132471 0.000159586 0.00341314 7.31188e-05 0.00834116 0.00736185 5.16652e-05 0.000832422 0.000249589 1.6596e-05 0.0307192 0.00179075 5.07986e-05 
0.0677908 0.00146752 0.122147 0.0126948 0.00295331 0.0381792 0.000452187 6.36159e-05 0.00868773 8.75705e-05 0.000419356 0.00102319 0.291926 0.00206476 1.26143e-05 0.00711744 0.00143049 0.00129826 0.00382263 0.0141922 0.0523563 0.211246 0.0013 0.000485868 0.000340068 1.13154e-06 0.00225894 0.10154 0.0523685 0.000271873 
0.113584 0.0343861 0.0635289 0.162079 0.0132989 0.022802 0.0184055 0.000142434 0.05266 0.00172576 0.005095 0.0227552 0.230717 0.0132889 7.33179e-05 0.00333888 0.00944765 0.000346117 0.00419489 8.92013e-05 0.000166445 0.0943809 0.01611 0.000122648 0.0174413 0.000280185 0.00636264 0.0495763 0.0434748 0.000126935 
0.0338918 0.00499309 0.0462409 0.0224981 0.000440872 0.10726 0.000282404 0.000839389 0.106344 4.87973e-05 5.35595e-06 8.81058e-06 0.38179 1.17721e-05 6.04746e-06 0.00056331 0.0128629 0.00082431 0.00867047 0.00140114 0.00207423 0.0273253 0.0035992 0.000113905 9.43675e-05 1.56451e-06 9.64476e-06 0.221258 0.0145886 0.00195278 
0.0783736 0.0151855 0.0393177 0.226081 0.00448424 0.00118584 0.0201606 0.000170024 0.0764784 0.00010018 0.000588267 0.00337506 0.247358 0.177443 8.7236e-08 0.00245813 0.0191364 1.60149e-05 0.00680977 0.000318773 9.2654e-05 0.00387133 0.033277 3.56896e-05 0.00172579 0.000102175 0.00573325 0.0323638 0.00298013 0.00077792 
0.151916 0.00813931 0.00953537 0.202246 0.00268972 0.0308009 0.001319 1.10586e-05 0.00439262 0.00264388 0.000470072 0.00104063 0.448951 0.00156208 1.70541e-05 0.00411095 0.06762 6.90686e-05 0.00150047 5.95174e-05 9.21984e-05 0.00417172 0.0059316 9.65372e-05 0.001424 3.91596e-06 0.00781449 0.0359369 0.00528349 0.000151229 
0.0870812 0.052175 0.0255815 0.0943064 0.00361054 0.0198651 0.00506879 3.20845e-06 0.00760174 5.34833e-05 0.000408274 0.0731491 0.348042 0.0143035 1.44763e-05 0.000621287 0.00961494 0.00166663 0.00084821 0.00175481 0.000814904 0.033758 0.0778952 3.13853e-05 0.0144625 0.000286428 0.0197968 0.0465068 0.060504 0.000174234 
0.0308175 0.00922316 0.0607549 0.0345178 0.00493187 0.00227317 0.0011767 0.000315009 0.00356136 0.00043974 0.0062525 0.04249 0.602702 0.039922 0.00012348 0.0161532 0.00561549 0.000463238 0.000339318 2.49067e-05 3.36947e-05 0.0767689 0.00131327 0.00128526 0.00329374 2.28696e-05 0.000950753 0.0388545 0.0148806 0.00049887 
0.0696351 0.0163173 0.034429 0.0470042 0.0214946 0.00474433 0.000682562 1.74003e-06 0.0137847 0.000110618 0.000523145 0.00148079 0.409075 0.00655428 0.00429987 0.00660916 0.0113725 1.88571e-05 0.000273495 5.29234e-05 0.000632248 0.314731 0.0078764 1.59843e-05 0.00459642 8.78163e-05 0.000296304 0.0129272 0.00967663 0.000696616 
0.0861592 0.0537581 0.0830269 0.0312611 0.00316123 0.00272829 0.00331127 0.2497 0.00832355 0.00134513 0.000122118 0.00755659 0.249893 0.00389561 4.74294e-05 0.00529326 0.000269095 0.00233196 0.00141379 0.00313572 0.00128912 0.0869675 0.00802206 3.54055e-05 0.00216303 4.34293e-05 0.00217674 0.0772298 0.0238752 0.00146366 
0.136034 0.00927421 0.0371653 0.233294 0.00250999 0.00694801 0.0338479 9.24643e-07 0.104911 0.00019226 4.56485e-05 0.0856314 0.237857 0.0137217 1.54043e-10 0.000417066 0.000836758 3.28489e-05 0.00919496 1.96539e-05 9.59478e-07 0.000375095 0.0105766 5.05477e-06 0.0128158 6.19133e-05 0.0134431 0.0229141 0.0278656 7.07643e-06 
0.121669 0.0233944 0.03276 0.222835 0.00564545 0.00794598 0.0025794 9.4224e-05 0.00928755 0.000165097 0.00278808 0.00685348 0.456421 0.00957234 4.14961e-05 0.0102827 0.0261637 0.000210071 0.00132292 0.000180103 0.000390874 0.0160517 0.0138672 3.82048e-05 0.00469272 0.000212855 0.000446225 0.0213081 0.00231813 0.000462517 
0.0960468 0.0413113 0.0601021 0.304232 0.0284758 0.00421947 0.0035126 0.00140379 0.0285546 6.58397e-06 0.0023914 0.00155048 0.334434 0.00169461 1.06762e-06 0.0140151 0.0015306 0.000241363 0.0105437 1.47026e-05 5.66278e-05 0.0109231 0.00769512 2.84741e-05 0.00478866 2.72767e-05 0.0076872 0.0297911 0.00418072 0.000539144 
0.043272 0.00348396 0.00371803 0.205896 0.000706977 0.00925179 0.00078979 1.06895e-06 0.0046498 0.0015137 0.000451328 0.00179741 0.534357 0.00151916 3.05833e-08 0.000938607 0.0430325 8.29498e-05 0.0024651 5.9855e-08 4.67338e-05 0.00485452 0.00243832 0.000229131 0.00362369 3.06329e-06 0.0265642 0.0175142 0.0866385 0.000160715 
0.000464737 0.000367804 0.00185915 0.000510041 0.000206834 0.000826289 0.00122707 4.24318e-05 0.00204649 3.38622e-05 6.58599e-05 0.00424201 0.977739 0.004929 0.000179361 3.69023e-05 3.97841e-05 0.000198336 0.000384168 0.000354359 0.000495917 0.00100013 0.000193969 1.37543e-05 0.0003804 5.36645e-05 0.000278723 0.000268606 0.00123388 0.000327527 
0.162772 0.00748357 0.0797673 0.0175682 0.00521385 0.00670045 0.000266145 1.02338e-05 0.00726091 0.000292135 8.74198e-05 0.000981725 0.632114 0.00216084 0.00269891 0.000375903 0.00516826 2.34666e-06 7.24491e-05 0.000498037 0.00012019 0.0243785 0.00428233 0.000395365 0.00032539 0.000208102 0.000650233 0.03203 0.00595263 0.000161777 
0.109435 0.0511305 0.0971479 0.154569 0.00604325 0.0287807 0.00287608 3.85673e-05 0.0172262 0.00103162 0.0108588 0.0104186 0.181825 0.0063222 7.52639e-05 0.00516099 0.0182625 5.0092e-05 0.0109647 4.603e-05 8.75645e-05 0.0417738 0.0119857 0.000105926 0.00715536 4.81805e-05 0.0429026 0.057658 0.125903 0.000118015 
0.123016 0.0162753 0.0825432 0.0838251 0.0216457 0.0319844 0.00306479 0.000517467 0.115384 0.00397612 0.00172796 0.0115894 0.166778 0.00482089 0.00170947 0.0595151 0.0232941 0.000441016 0.0112594 0.000297481 1.34328e-05 0.0163226 0.0327856 0.000806875 0.00376426 0.000346872 0.0816079 0.0588128 0.011372 0.030503 
0.20181 0.00746731 0.0324739 0.237599 0.00380498 0.0199842 0.00237515 0.000196487 0.00831499 0.000614003 0.00164768 0.0055618 0.307355 0.0172557 9.59521e-05 0.00990824 0.0273806 0.000439275 0.00155499 7.19723e-05 0.000134545 0.0076098 0.00664696 0.000313671 0.00913122 1.79827e-05 0.00316083 0.0746819 0.0113067 0.00108569 
0.116712 0.0528701 0.113872 0.12795 0.0049147 0.00241899 0.00210458 4.05148e-06 0.114658 0.00373228 0.000142013 0.0401633 0.153804 0.0151713 3.27957e-05 0.00119116 0.0063752 0.00019775 0.00132521 8.7606e-08 6.56395e-07 0.016623 0.101394 0.00203261 0.00201784 7.88055e-06 0.00223381 0.110719 0.00699231 0.000338758 
0.144601 0.0119138 0.00946847 0.180345 0.00309943 0.010336 0.00147858 6.74389e-06 0.017904 0.0100939 0.000401112 0.00207734 0.447886 0.000785282 1.85196e-07 0.00109669 0.0231173 9.17048e-05 0.00220862 9.04319e-05 1.2725e-05 0.00528962 0.00825458 9.82831e-05 0.00180526 2.14748e-05 0.0115123 0.0936648 0.0121788 0.000161093 
0.10892 0.00682885 0.136189 0.119964 0.0417847 0.0233646 0.0104174 0.00015321 0.0862143 3.62387e-05 0.0005476 0.000704872 0.16716 0.00302303 2.03122e-07 0.00479232 0.00135689 7.48856e-05 0.00776246 5.66936e-05 0.000194107 0.103017 0.00302653 0.000103757 0.018944 8.09174e-05 0.00157406 0.0327429 0.120762 0.000203457 
0.15458 0.0297282 0.0403835 0.148229 0.00796208 0.010227 0.00428984 0.00017034 0.0273483 0.00151003 0.00108461 0.0117064 0.277708 0.0814293 0.000126568 0.00843018 0.00514974 0.00646677 0.00676879 0.0033317 0.00162978 0.0226411 0.00702711 0.00207259 0.00791952 1.51961e-05 0.00452519 0.0851378 0.0412823 0.00111811 
0.034976 0.00843532 0.132634 0.0378566 0.00100858 0.0169534 0.000949921 0.000429403 0.0143001 0.0153043 0.0920405 0.014128 0.320405 0.0153531 7.61841e-05 0.00185379 0.0339198 0.000886729 0.00113823 0.00272325 0.00115824 0.0893215 0.0100608 0.00137619 0.00318682 3.03987e-05 0.00040221 0.0433543 0.10168 0.0040568 
0.0257258 0.0115844 0.0914745 0.0272945 0.00283694 0.00147371 0.00781902 0.0599621 0.0349802 0.0114282 0.00125929 0.0414429 0.186384 0.0146845 0.000176151 0.0597531 0.0232043 0.00124957 0.00164705 5.92138e-05 6.97556e-05 0.069665 0.0352669 0.0912498 0.0081064 2.04879e-05 0.00988682 0.120462 0.058611 0.0022217 
0.216883 0.0259316 0.0645824 0.0455062 0.0044581 0.000896425 0.00061435 6.505e-09 0.0214851 0.000136796 0.000690415 0.00153994 0.477584 0.00443548 2.9567e-08 0.000366 0.000779011 0.00171491 0.000705356 5.78657e-08 0.000133068 0.00834131 0.00256071 1.86876e-05 0.0155505 1.34289e-05 0.00221001 0.0700669 0.0327763 1.93382e-05 
0.124422 0.0216977 0.01446 0.176571 0.00457627 0.000330882 0.000635609 4.55326e-05 0.00508384 0.000313813 0.00141675 0.0132692 0.552918 0.00915777 2.77369e-05 0.00108196 0.0109175 0.000152883 0.00119679 0.000151977 6.38161e-05 0.00871881 0.0186127 1.08397e-05 0.00324108 8.53284e-06 0.000271801 0.0280411 0.002172 0.000432481 
0.269722 0.0265945 0.00905626 0.200882 0.00715922 0.011083 0.00381158 2.21255e-05 0.030758 0.000452479 0.00609885 0.00317799 0.354129 0.00197969 9.14284e-06 0.00277986 0.0247927 0.000375677 0.00102547 5.21384e-06 8.36958e-05 0.0111612 0.0115555 2.3856e-05 0.00577304 0.000790453 7.14833e-05 0.0141795 0.00221971 0.000227994 
0.19002 0.00854735 0.00227671 0.122101 0.00202714 0.00759134 0.0101785 2.75001e-06 0.0154476 0.000177805 0.10263 0.00595122 0.384217 0.00651254 3.9113e-08 0.00101933 0.0793457 0.00021074 0.0043326 8.98387e-06 0.000160958 0.0060543 0.00546691 0.000104576 0.0197142 8.62061e-05 0.000405356 0.0213996 0.00370214 0.000307788 
0.053916 0.00105031 0.00471554 0.213027 0.000639986 0.0180807 0.000506681 2.10015e-06 0.00534275 0.000218455 0.000604518 0.00398282 0.523526 0.00234406 4.52319e-06 0.000312126 0.123955 0.000128351 0.00221998 8.85248e-06 7.96984e-05 0.00255269 0.00173773 4.1903e-05 0.0033215 9.30097e-06 0.000567063 0.0326443 0.00435226 0.000107118 
0.102179 0.0121656 0.106684 0.151244 0.00309968 0.000418131 0.000941121 0.000701123 0.01435 0.000155686 9.76831e-05 0.00386157 0.352974 0.00538573 0.00509468 0.002229 0.0014813 0.00142328 0.000700036 0.0155227 0.000924276 0.0116089 0.0258705 1.67891e-05 0.00963243 3.2188e-06 0.00061796 0.128545 0.0418903 0.000182258 
0.0286711 0.00693877 0.0763646 0.213703 4.38256e-08 0.0012471 0.000277031 0.000127355 4.78154e-08 3.04271e-05 0.000127592 0.00298166 0.418849 0.0788742 3.69674e-08 0.00109907 0.000121047 0.000377835 8.13894e-08 0.000450476 0.000365111 0.0290666 0.0013808 2.38463e-05 0.00888127 2.37535e-05 5.89797e-08 0.0364329 0.092901 0.000683629 
0.269722 0.0265945 0.00905626 0.200882 0.00715922 0.011083 0.00381158 2.21255e-05 0.030758 0.000452479 0.00609885 0.00317799 0.354129 0.00197969 9.14284e-06 0.00277986 0.0247927 0.000375677 0.00102547 5.21384e-06 8.36958e-05 0.0111612 0.0115555 2.3856e-05 0.00577304 0.000790453 7.14833e-05 0.0141795 0.00221971 0.000227994 
0.0285222 0.00272406 0.00199856 0.0534298 0.0307545 0.00444473 0.00458122 7.38566e-06 0.0468078 3.12165e-05 0.00147662 0.00603226 0.659805 0.000242497 3.18065e-05 0.00124063 0.00418492 0.000144297 0.00520467 6.17389e-05 0.00011589 0.0585179 0.000580956 1.17536e-05 0.0730737 1.33421e-05 0.00333157 0.0078153 0.00259901 0.00221438 
0.0696351 0.0163173 0.034429 0.0470042 0.0214946 0.00474433 0.000682562 1.74003e-06 0.0137847 0.000110618 0.000523145 0.00148079 0.409075 0.00655428 0.00429987 0.00660916 0.0113725 1.88571e-05 0.000273495 5.29234e-05 0.000632248 0.314731 0.0078764 1.59843e-05 0.00459642 8.78163e-05 0.000296304 0.0129272 0.00967663 0.000696616 
0.0275437 0.00242734 0.00733767 0.0501117 1.64684e-05 2.51918e-05 2.5455e-05 1.06577e-05 0.00268115 6.42273e-06 4.18238e-05 0.00372515 0.490525 0.0034116 1.07023e-08 0.00217617 0.00108643 0.00448032 8.32329e-05 0.220715 1.44347e-05 0.0381938 0.00541139 3.50972e-06 3.55322e-05 1.27627e-06 0.000124408 0.137582 4.92779e-05 0.00215375 
0.218793 0.0140694 0.0103555 0.141805 0.00411071 0.0096582 0.0027636 8.62787e-06 0.0262436 0.000231453 0.00194225 0.00953458 0.437008 0.0066324 3.49654e-06 0.00157423 0.0647137 0.000627188 0.00073349 2.34658e-06 4.04258e-05 0.00775358 0.0120252 3.05658e-05 0.00543608 0.000362122 0.000336352 0.0211771 0.00188603 0.000141319 
0.0630514 0.0138704 0.063317 0.0810534 0.0120856 0.0192138 0.00269546 1.46446e-05 0.0190416 0.000194231 0.00838913 0.0246442 0.353736 0.0799785 3.5669e-05 0.000482953 0.00640625 0.0045085 0.00075091 0.00389888 0.0111295 0.0235699 0.0218542 0.000147567 0.0181977 7.59391e-06 0.00546738 0.151737 0.0103291 0.000191049 
0.0286711 0.00693877 0.0763646 0.213703 4.38256e-08 0.0012471 0.000277031 0.000127355 4.78154e-08 3.04271e-05 0.000127592 0.00298166 0.418849 0.0788742 3.69674e-08 0.00109907 0.000121047 0.000377835 8.13894e-08 0.000450476 0.000365111 0.0290666 0.0013808 2.38463e-05 0.00888127 2.37535e-05 5.89797e-08 0.0364329 0.092901 0.000683629 
0.178112 0.0228722 0.116582 0.0951539 0.0160616 0.00767535 0.00400104 0.00123621 0.0151775 0.0281658 0.000573675 0.00449746 0.190287 0.0161021 4.15158e-05 0.00496494 0.00429668 0.00053606 0.0025978 0.0141538 0.00103259 0.0514757 0.0235657 0.00756678 0.00492355 3.43423e-05 0.00784177 0.11945 0.0565309 0.00448978 
0.0596428 0.0258192 0.0212064 0.0456531 5.67392e-06 1.42204e-07 8.14218e-06 1.89907e-06 0.0240772 0.00322849 5.0787e-07 0.231722 0.274551 0.0114698 0.000219024 1.7665e-05 7.89639e-05 0.000712462 0.000834173 0.0882094 1.16278e-07 1.13169e-06 0.098857 1.89641e-08 0.00801581 2.42643e-07 0.0011896 0.104384 6.92871e-05 2.47885e-05 
0.135849 0.00417115 0.029242 0.196181 0.00180452 0.0196343 0.000354245 0.000277949 0.012216 0.000546391 0.00201739 0.00546176 0.425548 0.00852954 9.92567e-05 0.00321237 0.0715872 0.00195093 0.00165188 0.00204003 8.24353e-05 0.00604146 0.00719873 0.000753036 0.00431124 7.00652e-06 0.00267678 0.0505977 0.00461374 0.00134285 
0.053303 0.00208743 0.112368 0.0579161 0.00051287 0.000792381 0.000473865 0.00375598 0.00897947 1.58937e-07 2.09591e-08 0.00387341 0.225139 0.00698146 3.37417e-11 0.0136233 0.000102713 4.92547e-05 0.000206182 3.40499e-05 0.00287122 0.176241 0.00449508 0.143095 0.00059737 4.31428e-05 2.63702e-07 0.0981587 0.0842988 1.13189e-08 
0.043272 0.00348396 0.00371803 0.205896 0.000706977 0.00925179 0.00078979 1.06895e-06 0.0046498 0.0015137 0.000451328 0.00179741 0.534357 0.00151916 3.05833e-08 0.000938607 0.0430325 8.29498e-05 0.0024651 5.9855e-08 4.67338e-05 0.00485452 0.00243832 0.000229131 0.00362369 3.06329e-06 0.0265642 0.0175142 0.0866385 0.000160715 
0.274383 0.0183023 0.0619594 0.0752091 0.00575579 0.0263372 0.00223087 0.000558574 0.0088146 0.00271299 0.00115587 0.00197287 0.281449 0.00867193 3.10591e-05 0.00785595 0.0217796 0.000725697 0.00136969 7.88931e-05 0.000351533 0.0139035 0.015145 0.00596911 0.00220396 0.000401108 0.00238544 0.1348 0.0195177 0.00396845 
0.1093 0.0203278 0.0199648 0.0587139 0.00445782 0.0069438 0.000497866 8.50625e-06 0.00463846 0.00136041 0.00323398 0.00299764 0.683719 0.00273695 1.81612e-05 0.00230716 0.020203 0.000176546 0.000212667 0.00454973 9.73839e-05 0.0100211 0.00628979 6.88706e-05 0.00110975 0.000332564 2.20498e-05 0.0332351 0.00238749 6.76323e-05 
0.043272 0.00348396 0.00371803 0.205896 0.000706977 0.00925179 0.00078979 1.06895e-06 0.0046498 0.0015137 0.000451328 0.00179741 0.534357 0.00151916 3.05833e-08 0.000938607 0.0430325 8.29498e-05 0.0024651 5.9855e-08 4.67338e-05 0.00485452 0.00243832 0.000229131 0.00362369 3.06329e-06 0.0265642 0.0175142 0.0866385 0.000160715 
0.144146 0.00521471 0.145524 0.0801674 0.00667697 0.0194095 0.00290447 0.00298207 0.0138947 0.0100861 0.00709109 0.0209546 0.270504 0.0156245 7.22275e-05 0.0253385 0.0110344 0.00393129 0.00506893 0.00172572 0.00179936 0.0474603 0.0320323 0.0131348 0.00509789 2.50527e-05 0.00610501 0.0934666 0.00438736 0.00414065 
0.0288217 0.00611157 0.163547 0.0342876 0.0015499 0.00106616 0.00290719 0.00230294 0.00195431 0.00169959 0.000337742 0.0322571 0.22514 0.204143 0.000139101 0.0947221 0.0138953 0.00174448 0.000293369 0.0047614 4.30218e-06 0.0884806 0.00856356 0.000784022 0.00187369 1.2251e-06 0.00104378 0.0581871 0.0136616 0.00571841 
0.123327 0.00578983 0.0859916 0.0965838 0.0274167 0.00691634 0.00159617 0.024646 0.0173004 0.00220304 0.0163335 0.0227712 0.291944 0.00796552 6.17635e-05 0.00746484 0.00290185 0.00790426 0.0457194 0.0064667 0.000232001 0.00933775 0.0242234 0.000571295 0.0087317 1.34755e-05 0.00412232 0.121543 0.0289819 0.000940256 
0.151916 0.00813931 0.00953537 0.202246 0.00268972 0.0308009 0.001319 1.10586e-05 0.00439262 0.00264388 0.000470072 0.00104063 0.448951 0.00156208 1.70541e-05 0.00411095 0.06762 6.90686e-05 0.00150047 5.95174e-05 9.21984e-05 0.00417172 0.0059316 9.65372e-05 0.001424 3.91596e-06 0.00781449 0.0359369 0.00528349 0.000151229 
