0.0270403 0.00715626 0.071699 0.0460228 0.0511546 0.208115 0.00771444 0.0031826 0.186164 0.000132703 0.000387421 0.00383635 0.00592055 0.00542056 1.19501e-05 0.000624081 0.00388131 7.49504e-05 0.198094 0.000143385 0.00014597 0.0139662 0.00115078 5.15356e-05 0.00230481 0.00109269 0.124069 0.0193235 0.0108645 0.000255844 
0.139292 0.00134489 0.113484 0.0567861 0.111028 0.151925 0.0141625 0.0998677 0.0918999 0.0034696 0.00564035 0.000727691 0.001202 5.65969e-05 1.33961e-08 0.00315832 0.000282125 0.000337311 0.00624282 2.68729e-07 0.0001763 0.0594824 0.0068595 0.000109362 0.00171074 0.00132369 0.0130085 0.0831958 0.0332156 1.07484e-05 
0.123815 0.0572565 0.0674367 0.133494 0.024447 0.181788 0.119841 7.47521e-06 0.0549436 0.000341683 0.0034236 0.00235193 0.00308536 0.00155113 3.37482e-07 0.000999057 0.00105979 4.24675e-05 0.0205107 0.000183716 7.76927e-05 0.00686239 0.0110875 6.76007e-06 0.0141183 2.33149e-05 0.00506283 0.057699 0.106482 0.00200096 
0.0176711 0.0098674 0.0299943 0.0166306 0.0189083 0.755701 0.0160075 3.13564e-06 0.0785975 1.58811e-05 5.72216e-05 0.000429465 0.00590931 0.000313192 2.28961e-06 9.20667e-05 4.04268e-05 3.61548e-05 0.00455177 2.16155e-06 6.87589e-08 0.00230156 0.00124311 1.578e-06 0.00346373 0.000115765 0.0286416 0.0045388 0.00475597 0.000107017 
0.0550865 0.00389097 0.118796 0.124908 0.00209413 0.229842 0.00332299 1.31431e-06 0.108326 2.82368e-06 8.23543e-05 0.199604 0.028491 0.00596233 0.00020544 0.000322579 0.00121784 7.12245e-06 0.0548096 0.000186882 1.69499e-06 0.0008017 0.0390392 4.47016e-06 0.00270851 2.0411e-05 0.00535093 0.0125466 0.00215372 0.000213497 
0.0646493 0.00422671 0.0445405 0.106642 0.203538 0.229887 0.0517663 6.20024e-06 0.224062 1.18585e-05 8.56297e-05 0.0011457 0.0039244 0.000297527 3.7592e-07 0.000212552 1.36047e-05 0.000122448 0.0256167 0.000891639 4.06951e-06 0.00472909 0.00254587 3.03037e-06 0.00587531 0.00025867 0.00719374 0.00902287 0.00866492 6.14884e-05 
0.0535898 0.0195765 0.0749055 0.0517757 0.152261 0.229451 0.0206225 0.00117147 0.188759 0.00146166 0.00177139 0.00690628 0.00846535 0.00382304 9.855e-05 0.00705016 0.00209695 0.000142175 0.0222288 9.69745e-05 0.000444997 0.0147485 0.0054191 9.60587e-05 0.01719 0.000397871 0.048609 0.0286486 0.0370117 0.00118003 
0.0572772 0.0116374 0.0581106 0.0700321 0.118051 0.225708 0.0164535 0.00059167 0.184259 0.00241793 0.00249285 0.0207527 0.0182838 0.00724452 0.00175018 0.00656109 0.00570432 0.00035127 0.0309614 0.00648751 3.70868e-05 0.00437228 0.0162613 0.00102305 0.00639733 0.000969227 0.0928783 0.0250616 0.00569424 0.00217737 
0.0518244 0.0241648 0.115377 0.0877277 0.127339 0.150761 0.0652658 5.67392e-05 0.114542 0.000481329 3.98464e-05 0.000783262 0.00604777 0.00190079 1.85429e-06 0.00166266 0.000133842 0.000333808 0.00404877 1.51825e-05 1.26531e-06 0.0212096 0.0108182 4.98205e-06 0.0043349 0.000262135 0.0871663 0.0488657 0.073422 0.00140707 
0.0552184 0.00261188 0.0316516 0.179688 0.0360517 0.538578 0.00420504 0.000365379 0.0426868 8.25813e-05 5.90977e-05 0.00335661 0.00988837 0.00233398 1.14039e-05 0.000262324 0.00142507 4.45714e-05 0.0345969 0.000101261 9.20589e-05 0.00319702 0.000984801 1.63262e-05 0.00180816 6.86102e-05 0.0264862 0.0137409 0.0102822 0.000104519 
0.042964 0.0031899 0.0324688 0.0142942 0.0125771 0.638272 0.00994089 1.36995e-06 0.0751022 3.19893e-06 1.46382e-05 0.000646976 0.00598049 0.000414913 2.55008e-07 4.72047e-05 0.000100992 8.27565e-06 0.00840668 1.66226e-05 0.000156361 0.0026868 0.00102748 7.32653e-06 0.00374748 2.64632e-06 0.0442562 0.015676 0.00835312 0.0796352 
0.0159459 0.00302412 0.0314158 0.0208957 0.0552971 0.676166 0.00548646 1.21149e-05 0.12186 5.74232e-05 0.00199956 0.00266575 0.00197666 0.00242431 9.29925e-06 0.000457102 0.000609472 2.93095e-05 0.00884555 4.45513e-05 4.95623e-05 0.00543636 0.000535349 1.49963e-05 0.00172934 0.000294222 0.0377066 0.0032284 0.00166344 0.000120043 
0.0539259 0.00597381 0.0260006 0.0235549 0.201981 0.570298 0.00561572 1.39707e-05 0.0481881 0.00102875 0.000741212 0.000849234 0.00237014 0.00763259 1.02299e-05 0.000589324 7.13255e-05 5.22186e-05 0.00603953 0.000192681 6.67311e-05 0.00368274 0.000984575 1.13455e-05 0.00172606 0.000137532 0.0177471 0.00909341 0.00474973 0.00667121 
0.0381287 0.0237808 0.0795029 0.114489 0.0113725 0.384325 0.00507185 5.79658e-05 0.11043 0.00048742 0.00214423 0.0358791 0.113236 0.00488153 3.49566e-05 0.00173357 0.0130544 0.000160252 0.0201735 0.00115225 6.53124e-05 0.00998658 0.00266426 0.000303508 0.00265356 6.62441e-05 0.00693503 0.01413 0.0028153 0.000285159 
0.0306357 0.00246044 0.0384431 0.0777741 0.0178113 0.323206 0.00403558 0.000449621 0.123821 0.000621894 0.00357024 0.21767 0.00469917 0.0136476 4.71436e-05 0.00378299 0.034233 0.000820096 0.0122508 0.000132102 1.04018e-05 0.000953556 0.00987307 0.00281891 0.0042203 9.31258e-05 0.0406655 0.0271363 0.00189008 0.0022264 
0.137261 0.0297909 0.107179 0.0417288 0.0366626 0.1971 0.0651683 0.00102829 0.0955272 0.00141111 0.00396229 0.00559081 0.00415616 0.00507905 1.46272e-05 0.00641881 0.0155446 0.0505696 0.00232365 1.81377e-06 1.31905e-05 0.0144199 0.00827361 0.00342947 0.00500779 0.000279031 0.0695019 0.0354262 0.0558995 0.0012308 
0.0485659 0.00536928 0.0226504 0.0329188 0.2135 0.57537 0.00837323 2.74716e-05 0.0380488 0.000111303 0.00243641 0.00110778 0.00442562 0.000838773 1.13836e-06 0.00171542 0.000665434 2.38098e-05 0.00567087 3.60221e-05 8.09845e-06 0.00313697 0.0022674 1.25652e-05 0.00195883 0.000242788 0.0189484 0.00900731 0.00250759 5.32711e-05 
0.0646493 0.00422671 0.0445405 0.106642 0.203538 0.229887 0.0517663 6.20024e-06 0.224062 1.18585e-05 8.56297e-05 0.0011457 0.0039244 0.000297527 3.7592e-07 0.000212552 1.36047e-05 0.000122448 0.0256167 0.000891639 4.06951e-06 0.00472909 0.00254587 3.03037e-06 0.00587531 0.00025867 0.00719374 0.00902287 0.00866492 6.14884e-05 
0.0614994 0.00792506 0.0554713 0.0674105 0.153768 0.359809 0.0244887 0.000811386 0.0470174 0.00584722 0.00838566 0.0059487 0.00514845 0.00268081 0.000329555 0.0113503 0.00533287 0.000772625 0.0109644 0.000162656 7.00392e-05 0.0288045 0.0041984 0.000796715 0.0127692 0.000297473 0.0920522 0.0188834 0.00633498 0.000668939 
0.109915 0.0112687 0.0792879 0.0901 0.0599073 0.46115 0.00573343 7.82284e-06 0.0510984 0.000140209 0.00311687 0.00325211 0.0349577 0.00807921 2.10619e-05 0.00134549 0.00432825 2.52368e-05 0.00935402 0.000202724 0.000118869 0.0116828 0.00586792 6.52773e-05 0.00305157 0.00159146 0.00169714 0.0211039 0.0213433 0.00018562 
0.0813515 0.00992143 0.0750019 0.0786421 0.0943624 0.167199 0.0130147 0.000316038 0.167096 0.00606671 0.00303752 0.00922107 0.0179627 0.00770309 0.000205505 0.00457596 0.0119937 0.00152844 0.0626332 0.000120288 9.55199e-05 0.0113705 0.00672205 0.000365437 0.00612129 0.00018375 0.128816 0.0179795 0.0120212 0.00437237 
0.042964 0.0031899 0.0324688 0.0142942 0.0125771 0.638272 0.00994089 1.36995e-06 0.0751022 3.19893e-06 1.46382e-05 0.000646976 0.00598049 0.000414913 2.55008e-07 4.72047e-05 0.000100992 8.27565e-06 0.00840668 1.66226e-05 0.000156361 0.0026868 0.00102748 7.32653e-06 0.00374748 2.64632e-06 0.0442562 0.015676 0.00835312 0.0796352 
0.0580516 0.0146546 0.0644034 0.0426785 0.0786346 0.25302 0.0344915 0.00167709 0.243431 3.33408e-05 0.00344649 0.00221051 0.000841984 0.00149597 8.48892e-06 0.000417356 0.00355498 0.000159894 0.0152055 1.025e-05 4.95571e-05 0.011735 0.0125284 5.4214e-05 0.00612471 0.00655816 0.00552196 0.0235974 0.0436791 0.0717253 
0.0134695 0.00481155 0.0260684 0.0119175 0.0586571 0.822055 0.00389279 1.04734e-05 0.0364955 0.00221812 7.06692e-05 0.000409742 0.00111757 0.00136523 2.09138e-07 5.45465e-05 4.18915e-05 4.14048e-05 0.00405389 4.47969e-05 1.30522e-05 0.0016848 0.000632198 4.78773e-06 0.00102109 1.27034e-05 0.00747918 0.00105598 0.00125503 4.49095e-05 
0.0379617 0.0121613 0.0492195 0.0593907 0.222793 0.249507 0.0411796 3.69655e-05 0.172842 0.00516129 0.000419986 0.0020821 0.00605186 0.00095486 0.0107226 0.0047487 0.000145592 0.000101706 0.0349842 3.23277e-05 2.03258e-05 0.0108454 0.00499292 2.71186e-05 0.0109273 0.000300909 0.0286218 0.0205213 0.00623101 0.00701539 
0.0387688 0.00241522 0.0251252 0.0807913 0.0952168 0.383047 0.0618376 4.48841e-06 0.0921299 7.78805e-05 0.00449816 0.0758231 0.00727193 0.00906648 1.14466e-05 0.000804223 0.00361884 5.19312e-05 0.066043 0.000666014 2.39187e-05 0.00685292 0.00204207 5.66118e-06 0.00293194 7.41379e-05 0.028219 0.00987555 0.00255574 0.000149995 
0.0890597 0.00555873 0.0696404 0.0315558 0.179755 0.300265 0.00503614 0.00272342 0.0392215 0.0260472 0.00190327 0.00982904 0.00551288 0.0023815 7.15191e-05 0.0222731 0.0348316 0.00485448 0.00903908 2.2097e-05 1.4449e-05 0.00263516 0.00915159 0.0089135 0.00197687 0.000186634 0.0726886 0.0546149 0.00573249 0.00450542 
0.00491296 0.00707827 0.0245388 0.00274175 0.0131761 0.845275 0.0016872 2.54948e-08 0.0823651 3.37346e-06 5.23484e-06 5.36625e-05 0.000129782 0.000195735 1.07392e-09 7.89828e-05 0.000305251 0.000111048 0.000730041 4.3299e-06 5.59264e-06 0.00651131 0.00270695 3.41734e-06 0.001539 0.00043238 0.00188896 0.00304656 0.000444586 2.85742e-05 
0.0249301 0.00450771 0.0267658 0.0148257 0.0173836 0.478262 0.00293738 1.17025e-05 0.102445 2.15375e-05 0.000423796 0.00378006 0.00254424 0.00331429 7.45337e-05 0.000206427 0.000353448 4.55496e-05 0.00590416 1.42322e-05 4.48969e-06 0.00153763 0.000672287 1.90078e-05 0.000878014 0.000238096 0.273892 0.0191946 0.0146874 0.000125406 
0.0572624 0.0116917 0.0433044 0.0191517 0.179437 0.383244 0.0355965 0.000706055 0.14225 0.00367689 0.00127972 0.00159811 0.00486456 0.0013201 1.72323e-05 0.00510459 0.00364634 0.00141684 0.00488223 2.74233e-05 1.9459e-05 0.00283953 0.00311094 0.00103462 0.00666255 0.000172125 0.0461778 0.0282292 0.0106901 0.000586582 
0.0524471 0.0125241 0.030476 0.0352594 0.125992 0.485434 0.00825953 0.000455955 0.0522798 0.00724986 0.0020098 0.00281069 0.00717243 0.00413706 4.31931e-05 0.00517404 0.00462765 0.000759755 0.0138184 0.000155609 0.00526047 0.00401876 0.00550995 0.00119745 0.00354796 0.00142898 0.0862562 0.0232216 0.0111272 0.00734538 
0.0396774 0.0120186 0.0531557 0.0267738 0.0864107 0.348675 0.0158181 0.00199552 0.149909 0.00148755 0.00144868 0.00293876 0.00691102 0.00284197 0.000143944 0.00202604 0.00231541 0.00136292 0.0495105 6.53425e-05 5.49061e-05 0.0152531 0.0124136 0.000284072 0.00721476 0.000287335 0.125844 0.0201324 0.0123333 0.00069676 
0.0315316 0.00122425 0.0227404 0.185443 0.0418647 0.534956 0.00276533 1.2933e-05 0.0525806 7.93509e-05 4.15529e-05 0.0023906 0.00926249 0.00287416 1.50992e-07 0.000108637 0.000883313 3.84845e-05 0.0644043 0.000158907 9.49229e-06 0.000560238 0.000752293 5.16179e-06 0.00145422 6.26015e-05 0.0334549 0.00636158 0.00390084 7.75648e-05 
0.0548908 0.00786614 0.078602 0.047766 0.0277677 0.317149 0.00303858 0.0155783 0.0467493 0.000805867 0.0432953 0.0044936 0.00443525 0.0113301 2.54378e-05 0.010253 0.00638403 0.00096399 0.0203959 9.7242e-06 7.53731e-05 0.0179523 0.00870784 0.00149413 0.00138273 0.000201835 0.210796 0.0422805 0.0131779 0.00213171 
0.012301 0.00125428 0.0256008 0.0422118 0.0168328 0.614509 0.00392191 4.36257e-06 0.200418 3.17173e-05 0.000131962 0.00491826 0.00173503 0.00253358 2.28495e-06 5.16649e-05 0.000597116 1.77589e-05 0.0150967 2.15254e-06 7.81791e-06 0.00070929 0.000308363 1.9096e-05 0.00190823 0.000142047 0.0515559 0.00172536 0.00131391 0.000137482 
0.0640635 0.00568709 0.0533586 0.0747917 0.0835644 0.488152 0.00615516 0.000892318 0.0601431 0.00886644 0.000967104 0.00840601 0.00458702 0.00391542 5.23309e-05 0.00842694 0.0153809 0.00173016 0.0093971 3.79179e-05 5.24377e-05 0.00162129 0.00481488 0.0027823 0.00268861 0.000291864 0.0523062 0.0291029 0.00565349 0.00211026 
9.31208e-07 0.00484265 0.0614589 9.31196e-07 0.00298027 0.744595 9.30931e-07 0.00623216 0.0369685 9.30178e-07 9.30611e-07 0.00176959 9.31047e-07 9.3095e-07 9.29636e-07 0.012754 9.30889e-07 9.29855e-07 0.00577208 9.29217e-07 9.30032e-07 0.0888202 9.31091e-07 9.31076e-07 0.025224 9.28674e-07 9.30854e-07 9.3119e-07 0.00856603 9.30114e-07 
0.181065 0.00755764 0.0947531 0.0493586 0.0225532 0.19393 0.00385114 0.000325653 0.0296775 0.00770048 0.000945697 0.00303938 0.136728 0.00563514 2.81879e-05 0.00551843 0.103705 0.000434106 0.00418712 0.00600428 0.00355453 0.0678361 0.0110234 0.00506945 0.00349059 0.000461621 0.0183201 0.0241042 0.00538874 0.00375444 
0.025413 0.00359232 0.026863 0.1053 0.0152322 0.682429 0.00604171 6.50435e-06 0.0731747 5.17502e-05 3.56444e-05 0.00390961 0.00199833 0.00232508 4.50262e-06 0.000120945 0.0005071 3.30522e-05 0.00724324 4.30746e-06 7.84598e-06 0.00026809 0.00046464 6.60096e-06 0.00291338 0.000196271 0.0339332 0.00427282 0.00349419 0.000157669 
0.0101045 0.00606953 0.0381656 0.0415338 0.116229 0.397853 0.0246085 6.99229e-05 0.102396 0.000435805 2.3537e-05 0.00018146 0.00335102 0.000274024 1.4515e-08 0.00156549 3.16108e-05 0.000378882 0.00393488 4.90383e-07 1.8526e-12 0.00158114 0.00685318 2.58215e-06 0.00371437 0.000412218 0.211544 0.0182161 0.00959101 0.00087901 
0.0663467 0.00473704 0.0406964 0.246914 0.0409717 0.353827 0.00739477 2.19914e-05 0.065086 0.000104566 7.26029e-05 0.00457151 0.0142735 0.00451538 2.80026e-05 0.000157946 0.000977052 8.55903e-05 0.0758223 0.00034173 0.000160682 0.00167486 0.00121014 1.02432e-05 0.00367269 8.29367e-05 0.0442695 0.0118022 0.00988393 0.000286702 
0.0134695 0.00481155 0.0260684 0.0119175 0.0586571 0.822055 0.00389279 1.04734e-05 0.0364955 0.00221812 7.06692e-05 0.000409742 0.00111757 0.00136523 2.09138e-07 5.45465e-05 4.18915e-05 4.14048e-05 0.00405389 4.47969e-05 1.30522e-05 0.0016848 0.000632198 4.78773e-06 0.00102109 1.27034e-05 0.00747918 0.00105598 0.00125503 4.49095e-05 
0.0890597 0.00555873 0.0696404 0.0315558 0.179755 0.300265 0.00503614 0.00272342 0.0392215 0.0260472 0.00190327 0.00982904 0.00551288 0.0023815 7.15191e-05 0.0222731 0.0348316 0.00485448 0.00903908 2.2097e-05 1.4449e-05 0.00263516 0.00915159 0.0089135 0.00197687 0.000186634 0.0726886 0.0546149 0.00573249 0.00450542 
0.0284945 0.00486656 0.0571425 0.0189924 0.193869 0.309403 0.00896779 3.65104e-05 0.0642288 0.00017553 0.00347644 0.00180491 0.00236802 0.00203798 1.03228e-08 0.00397886 0.000201986 0.000186376 0.0358544 3.31857e-06 1.17714e-05 0.00902054 0.00256377 1.54775e-05 0.00255553 0.000336778 0.217625 0.0206117 0.0109905 0.000179725 
0.0455107 0.00525249 0.0612956 0.0425078 0.0961745 0.429594 0.00802884 0.000917927 0.08791 0.000773884 0.00858526 0.00243932 0.00595582 0.00523328 4.14594e-06 0.00082471 0.00140556 5.12627e-05 0.0327693 0.000174038 5.09835e-05 0.0114773 0.00113736 2.82094e-05 0.00216927 0.00018675 0.12273 0.0140598 0.0126256 0.000126506 
0.0633382 0.0274534 0.0506019 0.0242785 0.202308 0.233895 0.0112551 0.000116553 0.184697 4.2877e-05 0.000585379 0.0034092 0.00488948 0.00798188 2.42532e-06 0.00131259 0.000275738 9.93527e-05 0.0121961 4.5455e-06 0.000291721 0.00208805 0.00492039 0.0198002 0.00139765 0.0248341 0.0795827 0.022098 0.0159946 0.000249374 
0.0160511 0.00149724 0.0151884 0.0326801 0.0716415 0.788757 0.0111056 1.48203e-05 0.028218 0.000855873 0.000659296 0.000307249 0.00228787 0.00105974 4.11302e-08 5.08618e-05 9.12974e-06 3.56745e-05 0.00702898 3.38315e-05 1.39412e-06 0.00248665 0.000997097 2.58304e-06 0.0157772 2.14149e-05 0.000436618 0.00215473 0.00054942 9.05121e-05 
0.0539992 0.00207098 0.0338894 0.0180739 0.0295551 0.56137 0.000561028 5.92214e-05 0.123191 0.000156926 0.000215001 0.00103284 0.0449525 0.00155906 0.000265624 5.44326e-05 0.0011899 0.000180691 0.000581947 0.000518827 0.000591497 0.108573 0.00993346 6.70013e-05 0.00350923 0.00025173 0.000421803 0.00200258 0.00068021 0.000492834 
0.0853847 0.00562444 0.0178704 0.027686 0.330341 0.431546 0.00454691 2.50418e-06 0.0349002 8.85031e-05 0.000568404 0.000902116 0.00175762 0.0181095 1.81755e-06 0.00064408 3.67537e-05 5.20679e-05 0.00631456 1.70158e-06 2.70501e-08 0.00139516 0.000581551 7.82809e-06 0.0012901 0.000126432 0.018154 0.00858213 0.00340533 7.81304e-05 
0.117445 0.118117 0.101059 0.0173723 2.30207e-07 0.251157 0.00812096 0.0022679 2.51164e-07 3.36652e-08 0.00053296 2.83011e-07 0.0183962 0.0052567 1.9418e-07 0.00089457 4.2979e-08 1.26513e-07 4.27521e-07 0.000760472 0.000777764 0.0434719 0.0127835 2.93422e-06 4.22982e-07 0.005618 3.09808e-07 0.0821704 0.213793 3.61533e-07 
0.0564773 0.0048105 0.0542868 0.044195 0.20267 0.426816 0.00686845 0.00344351 0.0927276 0.00305291 0.0010039 0.0021796 0.00701968 0.00485959 2.4463e-05 0.00228852 0.00887934 9.93463e-05 0.0249958 3.37341e-05 1.50898e-05 0.00612597 0.00254042 0.000241806 0.00278344 0.000286893 0.0221606 0.00990259 0.00849226 0.000718987 
0.0434931 0.00459631 0.0407418 0.0297329 0.0535723 0.386745 0.0087918 0.00513474 0.0740367 0.000850588 0.103418 0.00545369 0.00280278 0.00246814 8.93742e-05 0.00641878 0.0163746 0.002133 0.00398038 2.76086e-05 2.34909e-05 0.00135153 0.00505831 0.00596179 0.00298299 0.000197617 0.144132 0.040892 0.00388455 0.00465424 
0.0716797 0.0210261 0.0324694 0.0393946 0.100348 0.302778 0.00328233 0.00272746 0.039492 0.00455342 0.00528312 0.00395982 0.00525898 0.0050347 3.81267e-05 0.0071113 0.0105326 0.00110269 0.00289339 0.000460833 5.08941e-05 0.00572121 0.0182651 0.001875 0.00306094 0.000314775 0.207938 0.0955633 0.00434157 0.003443 
0.039449 0.00750774 0.0270436 0.0219358 0.335389 0.458107 0.00531239 4.56709e-05 0.0569426 0.00200642 0.00107677 0.00077148 0.000930624 0.000155389 1.85688e-06 0.000749509 0.000120279 6.79339e-05 0.00499114 0.000637604 3.72726e-06 0.00902184 0.001625 2.02335e-05 0.00127868 0.000269769 0.0116603 0.00809831 0.00435611 0.000424256 
0.0681958 0.0346319 0.0530664 0.0895309 0.126706 0.362164 0.00633882 0.00385701 0.0423659 0.00577236 0.0039063 0.00839757 0.00376982 0.00361209 0.000272816 0.0113044 0.0131817 0.00677895 0.00825831 8.85863e-05 0.000235346 0.0192136 0.0264628 0.00177533 0.0110699 0.000146269 0.0433803 0.0372471 0.00443113 0.00383869 
0.0544641 0.0124063 0.0606703 0.0549706 0.151126 0.332894 0.0126187 0.001657 0.0590619 0.0123124 0.000932467 0.00447374 0.00623999 0.00258768 2.48525e-05 0.0118155 0.0124026 0.00318396 0.0052641 1.23619e-05 4.44822e-06 0.00269595 0.0138206 0.00293923 0.00272769 0.00024425 0.119611 0.0474833 0.00684284 0.0045121 
0.0430648 0.00396597 0.0304076 0.0307661 0.112085 0.439089 0.00425991 0.00340424 0.0321964 0.0305244 0.00175541 0.00828377 0.0028028 0.00246818 8.93924e-05 0.0102775 0.0369617 0.00593557 0.00579467 2.76131e-05 5.34211e-06 0.00103849 0.00624144 0.00831432 0.00247106 0.000169887 0.131032 0.0392062 0.0025992 0.00476188 
0.148494 0.0341 0.164421 0.139232 0.023287 0.179489 0.00330617 0.00468988 0.0525677 0.0030176 0.00621223 0.00523587 0.0121985 0.0027123 5.23969e-05 0.0233866 0.0110261 0.00220846 0.018227 2.04683e-05 1.98624e-05 0.0120686 0.0121254 0.0169062 0.00642078 5.80688e-05 0.00595547 0.0794002 0.0274065 0.00575449 
0.0306709 0.00385669 0.0290346 0.0261659 0.186423 0.565287 0.00348015 0.0211639 0.0421831 0.00964738 0.00084608 0.00136526 0.00204051 0.00250573 1.21225e-05 0.00506436 0.00252659 0.00049914 0.00889464 7.03783e-05 2.74654e-05 0.00534639 0.00190157 0.000582267 0.000862719 0.000590474 0.0284046 0.0138072 0.00619891 0.000540532 
0.0214745 0.00278561 0.0251893 0.0398641 0.0493195 0.529293 0.0105778 2.17209e-05 0.102172 0.00268551 0.00710133 0.0011143 0.00449126 0.0061682 9.06869e-06 0.00013177 0.000142823 2.96898e-05 0.0855897 0.000149325 6.96073e-05 0.00233158 0.00148251 1.04175e-05 0.00932693 0.000172826 0.0921085 0.00285197 0.00317403 0.000161441 
0.0652991 0.00657632 0.0636729 0.0486871 0.178656 0.384587 0.00922248 0.0015614 0.0863549 0.00377143 0.00105882 0.00206518 0.0140208 0.0053236 2.70905e-05 0.00387487 0.00988402 0.000347054 0.0225292 3.75144e-05 0.000264396 0.00566197 0.00707699 0.00116446 0.00289345 0.000334787 0.045524 0.0179181 0.00999674 0.0016081 
0.0221293 0.0090293 0.0276445 0.0249998 0.0165373 0.523902 0.0129465 3.7584e-06 0.0692135 0.000334297 6.65616e-05 0.000561026 0.00972508 0.000353745 1.0682e-05 0.000148852 0.000187526 3.11693e-05 0.0122192 2.79131e-05 5.32464e-05 0.00272061 0.000732008 1.4374e-05 0.00248565 0.000261239 0.251881 0.00435117 0.00724111 0.000188027 
0.068771 0.0157577 0.0357038 0.0432336 0.0830011 0.373308 0.00672812 0.000838781 0.0358992 0.000285406 0.00195132 0.00325243 0.0057106 0.00436879 2.52928e-05 0.00352802 0.00217014 0.000407337 0.00507081 5.9054e-05 2.47658e-05 0.00305403 0.0079731 0.000236512 0.00258682 0.000338739 0.216004 0.0726866 0.00534918 0.00167545 
0.026752 0.00990654 0.0376426 0.0303911 0.180919 0.462603 0.00655025 3.42478e-06 0.123987 2.67112e-05 0.000101479 0.00188853 0.00176509 0.0142141 2.00027e-05 0.000262529 3.22626e-05 1.62753e-05 0.0305178 1.72489e-05 2.39482e-07 0.000846636 0.000893797 1.87091e-06 0.0106404 0.000223894 0.0439914 0.0107966 0.00479839 0.00018956 
0.0786256 0.00618469 0.0262603 0.0343426 0.223329 0.428407 0.00481039 0.000880005 0.0366679 0.00799863 0.0027479 0.00392204 0.00283754 0.0171644 4.86887e-05 0.00682761 0.00917706 0.00194016 0.00642534 3.67895e-05 4.30726e-05 0.00158964 0.00377262 0.00221432 0.00208186 0.000252091 0.0582456 0.0275223 0.0037285 0.00191532 
0.0293991 0.00711002 0.0491351 0.0380401 0.0590392 0.386228 0.0212809 0.0180418 0.153003 0.000598514 0.00134925 0.00350222 0.00347395 0.00181491 7.91648e-06 0.00606172 0.000747001 0.000185029 0.101165 6.41074e-05 4.69097e-05 0.00600847 0.00378926 0.00114579 0.0034329 0.00104232 0.0643127 0.0179459 0.0210975 0.000931827 
0.0438913 0.0136741 0.0356486 0.0354111 0.0410573 0.477424 0.00463745 0.000975948 0.0391676 0.00788967 0.011703 0.00515256 0.00383756 0.00826725 5.22932e-05 0.00237562 0.00944916 0.00122406 0.00531078 5.17854e-05 6.78937e-05 0.00131447 0.00504629 0.00166912 0.00241444 0.000199226 0.203986 0.0307136 0.00455572 0.00283177 
0.0360484 0.204402 0.0112132 0.0351218 0.011234 0.345365 0.0260716 3.97648e-07 0.0408408 2.22633e-05 0.000284938 0.000577064 0.044547 0.000385788 1.80763e-06 0.000456939 4.00095e-07 0.000156742 0.00707018 3.53778e-06 3.61816e-06 0.172583 0.00427983 1.35901e-07 0.0032926 2.18074e-06 0.000286184 0.030223 0.0254985 2.71901e-05 
0.0149783 0.0093512 0.0359219 0.0463437 0.00136611 0.683362 0.00654515 1.27378e-06 0.161537 1.69818e-05 3.04224e-05 0.00829111 0.00228186 0.00206138 1.04447e-06 2.21643e-05 0.000442138 9.76793e-06 0.00998866 1.46992e-06 5.17969e-06 0.00108761 0.00221707 4.75602e-06 0.0060839 3.78731e-05 0.0032072 0.00336733 0.00140623 2.92188e-05 
0.0157594 0.00452367 0.0368157 0.0084671 0.0665562 0.345781 0.00545922 0.020703 0.0849319 2.01841e-05 0.00169501 0.00128186 0.0020355 0.000619012 5.25265e-07 0.00133719 0.000370061 4.55263e-05 0.339372 3.8465e-06 6.50716e-05 0.0107752 0.00152358 0.000106487 0.00328909 0.000316582 0.00512424 0.0100649 0.0328627 9.45669e-05 
0.27424 0.0108306 0.116615 0.112122 0.0145581 0.283618 0.0156417 0.00117444 0.059801 1.85112e-07 3.90688e-07 0.0175863 2.98379e-06 2.07932e-06 1.06772e-06 2.20793e-05 2.36324e-07 0.00111372 2.35077e-06 2.08972e-06 2.13724e-06 0.0148191 7.30676e-07 8.02694e-08 2.32581e-06 0.000937198 1.70351e-06 0.0202768 0.0566233 1.98793e-06 
0.052034 0.0237581 0.0978571 0.035678 0.0463722 0.371123 0.0223011 4.59498e-05 0.168454 0.000511501 0.00479329 0.00504128 0.0092267 0.00238299 8.54861e-07 0.00462637 0.00238354 0.00143014 0.014556 4.09376e-05 0.00215008 0.0597865 0.0308795 6.08236e-05 0.00735121 0.000505658 0.00739798 0.0222339 0.00676647 0.00025114 
0.0334079 0.0272591 0.0302686 0.0340858 0.0434904 0.697233 0.00694652 0.00218445 0.0361439 0.000361977 0.00380747 0.000669272 0.00199106 0.00105098 2.53779e-07 0.00278343 0.000119334 4.8234e-05 0.00378577 5.22086e-05 0.000279112 0.0244909 0.00868904 3.07286e-05 0.0277008 5.68427e-05 0.000926342 0.0109432 0.00113886 5.49142e-05 
0.0820323 0.00345365 0.0431177 0.174969 0.0246012 0.534074 0.0050387 0.000555201 0.0353262 8.50951e-05 8.39464e-05 0.00373162 0.00882528 0.00124494 6.524e-06 0.000389042 0.00133628 3.59379e-05 0.0110877 7.79419e-06 0.000160672 0.00747465 0.00120721 3.70151e-05 0.00173996 4.31826e-05 0.0178807 0.0224799 0.0189161 5.80427e-05 
0.0154677 0.00382783 0.0345641 0.00988662 0.0974547 0.707287 0.00644811 1.96041e-05 0.0709256 5.74987e-05 0.00284686 0.000981544 0.0016683 0.00192199 1.86677e-06 0.000582259 0.000111028 3.36008e-05 0.00449394 3.58329e-05 1.24241e-05 0.00968056 0.000638059 8.16573e-06 0.00152033 0.000263352 0.024287 0.00386522 0.00103013 7.83021e-05 
0.0189267 0.0107631 0.0832824 0.1014 0.0148012 0.449128 0.0094271 1.96468e-06 0.184765 3.68493e-05 0.000237409 0.03699 0.0120466 0.00250049 2.52537e-07 0.000132815 0.00137003 2.20649e-05 0.041693 4.09641e-06 8.01155e-06 0.00877683 0.00113356 3.03615e-05 0.00358343 4.37801e-06 0.0110077 0.0050033 0.00284803 7.46762e-05 
0.0434931 0.00459631 0.0407418 0.0297329 0.0535723 0.386745 0.0087918 0.00513474 0.0740367 0.000850588 0.103418 0.00545369 0.00280278 0.00246814 8.93742e-05 0.00641878 0.0163746 0.002133 0.00398038 2.76086e-05 2.34909e-05 0.00135153 0.00505831 0.00596179 0.00298299 0.000197617 0.144132 0.040892 0.00388455 0.00465424 
0.0709397 0.00556704 0.0674586 0.0510516 0.0786532 0.425876 0.0137574 7.28715e-05 0.20274 2.70434e-05 0.00080021 0.00252916 0.013092 0.00653601 2.54085e-07 0.000105961 8.2243e-05 0.000237081 0.0349625 0.00016828 2.87794e-06 0.00254254 0.00233146 3.24194e-05 0.00750662 5.57245e-05 0.00619147 0.00248287 0.00415637 4.00439e-05 
0.0885742 0.030786 0.122838 0.0315032 0.0465915 0.28105 0.0181089 0.000253412 0.171862 8.69388e-06 0.000458863 0.00110656 0.00985712 0.00633775 1.05856e-06 0.000242722 8.98683e-05 0.000225709 0.0428266 4.53374e-05 0.000530718 0.00923845 0.00272733 0.0161491 0.00271864 0.000304383 0.0132097 0.04115 0.0611396 6.53763e-05 
0.0393607 0.00743798 0.0386222 0.0343014 0.13958 0.50429 0.00500586 0.0152092 0.0613637 0.00240299 0.0010582 0.00209303 0.00724768 0.00548244 1.8369e-05 0.00258495 0.00204198 0.000163811 0.00775745 9.40313e-05 7.96246e-05 0.00566119 0.00293262 0.000694816 0.00137106 0.000874763 0.0782255 0.0197779 0.0134907 0.000775561 
0.0134695 0.00481155 0.0260684 0.0119175 0.0586571 0.822055 0.00389279 1.04734e-05 0.0364955 0.00221812 7.06692e-05 0.000409742 0.00111757 0.00136523 2.09138e-07 5.45465e-05 4.18915e-05 4.14048e-05 0.00405389 4.47969e-05 1.30522e-05 0.0016848 0.000632198 4.78773e-06 0.00102109 1.27034e-05 0.00747918 0.00105598 0.00125503 4.49095e-05 
0.039449 0.00750774 0.0270436 0.0219358 0.335389 0.458107 0.00531239 4.56709e-05 0.0569426 0.00200642 0.00107677 0.00077148 0.000930624 0.000155389 1.85688e-06 0.000749509 0.000120279 6.79339e-05 0.00499114 0.000637604 3.72726e-06 0.00902184 0.001625 2.02335e-05 0.00127868 0.000269769 0.0116603 0.00809831 0.00435611 0.000424256 
0.0323418 0.00438145 0.0308915 0.0331129 0.0992243 0.624301 0.00913268 0.000893658 0.0479796 0.00848678 0.0046785 0.00295309 0.00347657 0.00360043 3.977e-05 0.00365853 0.00553832 0.00130532 0.00671639 5.919e-05 4.95915e-05 0.00430719 0.00459885 0.00131634 0.00814694 0.000214927 0.0388011 0.0163484 0.00190738 0.00153766 
0.0276597 0.00386013 0.039809 0.0298189 0.281827 0.397475 0.0138654 8.20185e-05 0.0626709 0.000853391 0.000954429 0.000532535 0.00275724 0.00332594 1.44931e-05 0.0210175 6.16638e-05 0.000251101 0.00633013 8.26568e-05 0.00139274 0.0051381 0.0070499 1.71059e-05 0.0050284 0.000243729 0.0646712 0.0145734 0.00772068 0.000916041 
0.0758462 0.0609597 0.0656454 0.0601988 0.0316976 0.433621 0.00881876 0.00257779 0.114995 0.000178923 0.00399337 0.00129676 0.00760081 0.000857014 4.28878e-07 0.00586019 0.000335533 0.000363365 0.0102022 6.82106e-05 0.000260533 0.0302603 0.0212903 5.08018e-05 0.0219831 0.000137412 0.00911195 0.0273594 0.00331943 0.00110962 
0.0602277 0.0203965 0.0801475 0.0932227 0.206731 0.236399 0.00811735 1.83989e-05 0.0465142 0.000103016 0.000175274 0.00614364 0.00793002 0.0187127 5.21268e-05 0.000156053 0.00183847 9.83558e-05 0.0178584 0.000118973 9.50083e-05 0.00404969 0.00586706 2.09541e-05 0.00493711 0.000396401 0.155334 0.0170184 0.00611969 0.00120081 
0.00829069 0.0299233 0.0150555 0.0219785 0.0976728 0.366323 0.020262 1.40393e-06 0.350543 0.000214401 0.000997747 0.000422413 0.00171385 2.43374e-05 3.60578e-07 0.000344741 3.44743e-05 0.000667743 0.0235663 8.97314e-05 3.8955e-07 0.00271716 0.00103994 9.37888e-07 0.000927126 1.22387e-05 0.0509066 0.00407634 0.00211176 8.17155e-05 
0.0255271 0.00703614 0.0310696 0.0582214 0.019098 0.444507 0.00541343 1.86147e-05 0.118348 0.000120866 0.000104387 0.00363475 0.00419149 0.00947291 1.18914e-05 7.13633e-05 0.00187958 2.97961e-05 0.0122762 2.64226e-05 6.2141e-05 0.000644434 0.000557225 1.18346e-05 0.00240608 0.000288215 0.240859 0.00938026 0.00432455 0.000406948 
0.0469263 0.0090998 0.0500968 0.0387841 0.0630432 0.471687 0.00835064 0.00515083 0.0891048 0.00137729 0.00425697 0.00308539 0.00650184 0.00345094 3.10863e-05 0.00326679 0.00600382 0.000789305 0.0138589 0.00241233 0.00687934 0.00724782 0.00520277 0.000950474 0.00326822 0.00196542 0.0938918 0.0305069 0.013053 0.00975559 
0.0393788 0.00797173 0.137028 0.0689616 0.135162 0.29394 0.00452869 0.000119846 0.16847 0.00137224 0.000949823 0.0134249 0.0115752 0.00876552 0.000100818 0.00196713 0.00219323 0.000379489 0.00828514 0.00136128 5.89458e-05 0.0210498 0.0114954 3.09033e-05 0.0096655 0.000248145 0.0143297 0.0226472 0.0144394 9.86121e-05 
0.0294832 0.00383116 0.0277177 0.112057 0.0209225 0.300395 0.00588425 8.49644e-06 0.0536035 0.000513247 5.89191e-05 0.00207354 0.0134833 0.00396012 1.77772e-05 0.000297352 0.00706005 7.00633e-05 0.118699 0.000109459 5.21273e-05 0.000924858 0.000725399 1.86079e-05 0.00184266 4.02172e-05 0.280106 0.0078655 0.00804923 0.000130852 
0.0502374 0.0100189 0.0410555 0.0453881 0.081668 0.457156 0.00706677 0.0035105 0.0650551 0.00207108 0.002991 0.00433675 0.0112985 0.00574971 5.2584e-05 0.00325179 0.00718027 0.000616862 0.0130001 0.000313377 0.00082016 0.00594356 0.00548571 0.00111162 0.00304018 0.00073743 0.130676 0.0278544 0.0101665 0.00214627 
0.0388263 0.00988437 0.0400193 0.0342523 0.0732666 0.271989 0.0207594 0.000674698 0.0475296 0.0528571 0.0660993 0.00231224 0.00314016 0.00324932 1.42205e-05 0.00650268 0.00582512 0.000718299 0.224457 5.06983e-05 3.27017e-05 0.0152769 0.00558566 0.00125566 0.0329817 4.92013e-05 0.00441071 0.0305336 0.00486907 0.0025777 
0.0407334 0.0653079 0.0376163 0.00961326 0.0153072 0.652311 0.0126005 3.28098e-06 0.0454741 0.00224168 0.000208452 0.00287499 0.00805902 0.0049856 9.83255e-05 0.00479176 0.000354727 0.000160661 0.00517386 0.000840009 7.86043e-05 0.00885221 0.00697492 3.30863e-05 0.0108742 2.93552e-05 0.027254 0.0264143 0.0103899 0.000343748 
0.0675663 0.00305194 0.038191 0.0927948 0.0111607 0.26957 0.00913724 0.0101993 0.0842346 0.00077032 0.00335624 0.00688608 0.004333 0.00273494 0.230243 0.0111128 0.0178133 0.00110054 0.0156147 0.00103081 2.61879e-06 0.00422391 0.00455495 0.00127835 0.000973779 0.000375809 0.0142858 0.0246343 0.00454045 0.0642288 
0.0745824 0.0243622 0.0761319 0.0458006 0.051542 0.230447 0.0153394 0.000812382 0.191576 0.00116999 0.00271788 0.00656624 0.00887549 0.00393778 0.000122934 0.00218576 0.00210561 0.000427691 0.0167579 0.000125641 5.57791e-05 0.0199933 0.00793348 0.00359246 0.00373522 0.000262987 0.160498 0.035616 0.0120885 0.000636928 
0.0704723 0.00927212 0.0167119 0.0883936 0.0762557 0.66174 0.00296139 7.56699e-06 0.0157095 0.000149575 0.00496967 0.00385173 0.00983287 0.00296548 3.61378e-06 0.00120731 0.00322221 8.45392e-06 0.00573494 0.000103326 2.16857e-05 0.00502412 0.00309475 1.54085e-05 0.00182475 0.000134263 0.00119063 0.0134021 0.00162896 9.01161e-05 
0.0264479 0.00939139 0.0388868 0.0688903 0.128206 0.301064 0.102863 2.55406e-05 0.209221 0.000368017 0.000585011 0.00165617 0.00477626 0.00453999 0.000501669 0.00172385 0.00764811 0.000265849 0.013398 3.41245e-05 8.27175e-05 0.0120151 0.0219317 0.00327421 0.0132962 0.00036486 0.00919755 0.014854 0.00286852 0.00162259 
0.0315316 0.00122425 0.0227404 0.185443 0.0418647 0.534956 0.00276533 1.2933e-05 0.0525806 7.93509e-05 4.15529e-05 0.0023906 0.00926249 0.00287416 1.50992e-07 0.000108637 0.000883313 3.84845e-05 0.0644043 0.000158907 9.49229e-06 0.000560238 0.000752293 5.16179e-06 0.00145422 6.26015e-05 0.0334549 0.00636158 0.00390084 7.75648e-05 
0.0740291 0.00770375 0.06473 0.097293 0.102376 0.48084 0.0122524 1.69426e-05 0.0680554 0.000152415 0.000948454 0.00267947 0.0134292 0.00451832 5.95249e-06 0.00414821 0.00300284 1.82936e-05 0.0253261 0.000102403 0.000137421 0.0046994 0.00517036 6.96631e-06 0.00212075 0.000137529 0.00743996 0.0138915 0.00464702 0.000120895 
0.0430648 0.00396597 0.0304076 0.0307661 0.112085 0.439089 0.00425991 0.00340424 0.0321964 0.0305244 0.00175541 0.00828377 0.0028028 0.00246818 8.93924e-05 0.0102775 0.0369617 0.00593557 0.00579467 2.76131e-05 5.34211e-06 0.00103849 0.00624144 0.00831432 0.00247106 0.000169887 0.131032 0.0392062 0.0025992 0.00476188 
0.0451574 0.00918809 0.0447174 0.0344219 0.13846 0.418905 0.00464885 0.00789291 0.0595242 0.00119592 0.0012522 0.00326115 0.00568217 0.00388929 0.000507097 0.00365953 0.00256461 0.00021094 0.00760883 7.08418e-05 0.000166993 0.00575553 0.00614287 0.000521186 0.00188002 0.000493012 0.143462 0.0356759 0.0123879 0.000697108 
9.67266e-05 0.025573 0.0765492 7.96906e-07 0.113139 0.352286 5.76747e-07 0.00225118 0.0217603 4.71183e-08 0.000224898 3.9598e-07 0.0597137 0.0112863 2.71709e-07 0.00408158 6.01394e-08 1.7703e-07 0.00253134 0.000504477 0.000212553 0.276481 0.00270161 3.34677e-05 0.0115122 7.01561e-08 0.000573547 0.0193895 0.0190856 1.16535e-05 
0.0646493 0.00422671 0.0445405 0.106642 0.203538 0.229887 0.0517663 6.20024e-06 0.224062 1.18585e-05 8.56297e-05 0.0011457 0.0039244 0.000297527 3.7592e-07 0.000212552 1.36047e-05 0.000122448 0.0256167 0.000891639 4.06951e-06 0.00472909 0.00254587 3.03037e-06 0.00587531 0.00025867 0.00719374 0.00902287 0.00866492 6.14884e-05 
0.0553193 0.00564613 0.0363947 0.03618 0.168755 0.428293 0.00789207 0.00138005 0.0482352 0.00922936 0.0165575 0.00375002 0.00413457 0.00414988 4.41549e-05 0.00572691 0.00942284 0.0013455 0.00734655 3.4907e-05 4.64696e-05 0.00230098 0.00461602 0.00271292 0.00543366 0.000195672 0.10261 0.0263712 0.00373145 0.00214402 
0.0826169 0.00933454 0.0146079 0.0455545 0.183415 0.595869 0.00301741 6.26364e-06 0.0147671 7.31379e-05 0.00471431 0.0014868 0.00743959 0.00119341 3.63094e-06 0.00151233 0.000471549 2.2243e-05 0.0061094 0.000103376 1.6159e-05 0.00602723 0.00274346 1.00052e-05 0.00151111 0.000116196 0.00178471 0.0134474 0.00195815 6.80479e-05 
0.0353164 0.025619 0.0552244 0.0290738 0.0886679 0.32913 0.00674273 0.0117012 0.137104 0.00982761 0.00129607 0.00168613 0.00353546 0.00393173 3.59224e-05 0.00466723 0.0010532 0.000118866 0.00948506 0.000118512 2.34624e-05 0.0205499 0.0092126 0.000145315 0.00371767 0.000626873 0.166309 0.0351264 0.00953447 0.000418773 
0.0433328 0.0829399 0.0884971 0.0372146 0.0237848 0.230014 0.00362275 0.00513667 0.052476 0.00213703 0.00246212 0.00816396 0.00269709 0.100527 3.92514e-05 0.0179265 0.00851905 0.00174316 0.0012242 4.83977e-06 1.7188e-06 0.021197 0.0142591 0.00328649 0.0991692 0.000487369 0.0265748 0.0997932 0.0203901 0.00237792 
0.0684705 0.00915996 0.064602 0.103712 0.033488 0.422862 0.00798561 4.76701e-05 0.0594072 4.66633e-05 0.00010607 0.00185762 0.00956476 0.00309564 0.000140753 0.000397205 0.000938196 0.000107865 0.0487076 0.000124067 0.000331581 0.00504566 0.00153423 2.91793e-05 0.00182775 0.000183723 0.0500857 0.0316926 0.0742476 0.000200808 
0.0748943 0.00799255 0.0330273 0.0335959 0.304433 0.412355 0.00568872 4.56608e-05 0.0592684 0.00253491 0.00441961 0.000974766 0.00203695 0.000685668 1.8387e-06 0.0026839 0.00024437 6.79151e-05 0.00499105 0.00132376 3.69109e-06 0.00941132 0.00311007 2.68206e-05 0.00166824 0.00026973 0.0123727 0.0170415 0.00435602 0.00047395 
0.020421 0.00225008 0.0231324 0.024605 0.0404256 0.752359 0.00741973 8.95306e-06 0.068615 0.000522682 0.000339596 0.00112721 0.00305083 0.00139672 9.8675e-06 5.52569e-05 0.00012615 2.29073e-05 0.00856775 5.59402e-05 8.6605e-05 0.00203797 0.000976176 6.74316e-06 0.00653537 4.77976e-05 0.0160924 0.00526138 0.00280996 0.0116343 
0.0315316 0.00122425 0.0227404 0.185443 0.0418647 0.534956 0.00276533 1.2933e-05 0.0525806 7.93509e-05 4.15529e-05 0.0023906 0.00926249 0.00287416 1.50992e-07 0.000108637 0.000883313 3.84845e-05 0.0644043 0.000158907 9.49229e-06 0.000560238 0.000752293 5.16179e-06 0.00145422 6.26015e-05 0.0334549 0.00636158 0.00390084 7.75648e-05 
0.0593776 0.0114785 0.0632667 0.052955 0.15494 0.255417 0.0211176 0.000810735 0.188032 0.00170434 0.00325454 0.00715337 0.00886192 0.0069902 3.14171e-05 0.00564094 0.00967835 0.000245351 0.0316583 0.000179704 9.13567e-05 0.0102374 0.00837207 0.00138839 0.00361525 0.000750782 0.0526153 0.021679 0.0167241 0.00173256 
0.0890597 0.00555873 0.0696404 0.0315558 0.179755 0.300265 0.00503614 0.00272342 0.0392215 0.0260472 0.00190327 0.00982904 0.00551288 0.0023815 7.15191e-05 0.0222731 0.0348316 0.00485448 0.00903908 2.2097e-05 1.4449e-05 0.00263516 0.00915159 0.0089135 0.00197687 0.000186634 0.0726886 0.0546149 0.00573249 0.00450542 
0.0467222 0.00789788 0.0517392 0.0733237 0.130183 0.259351 0.00891807 0.00228257 0.102787 0.00213767 0.00147769 0.00283492 0.0173763 0.00390891 0.000192825 0.00589396 0.00427164 0.000223351 0.102292 5.82206e-05 0.000422015 0.00791864 0.00719938 0.000658089 0.00268077 0.000408242 0.115569 0.024551 0.0153193 0.00140246 
0.0704723 0.00927212 0.0167119 0.0883936 0.0762557 0.66174 0.00296139 7.56699e-06 0.0157095 0.000149575 0.00496967 0.00385173 0.00983287 0.00296548 3.61378e-06 0.00120731 0.00322221 8.45392e-06 0.00573494 0.000103326 2.16857e-05 0.00502412 0.00309475 1.54085e-05 0.00182475 0.000134263 0.00119063 0.0134021 0.00162896 9.01161e-05 
0.0853847 0.00562444 0.0178704 0.027686 0.330341 0.431546 0.00454691 2.50418e-06 0.0349002 8.85031e-05 0.000568404 0.000902116 0.00175762 0.0181095 1.81755e-06 0.00064408 3.67537e-05 5.20679e-05 0.00631456 1.70158e-06 2.70501e-08 0.00139516 0.000581551 7.82809e-06 0.0012901 0.000126432 0.018154 0.00858213 0.00340533 7.81304e-05 
0.0232785 0.00724922 0.0352071 0.0415708 0.0443106 0.620854 0.00317333 0.00348884 0.0439808 0.000985002 0.00290554 0.00470339 0.0233638 0.00670215 8.95866e-07 0.0111553 0.00843604 0.000712648 0.00299327 7.58599e-06 2.43179e-05 0.0117546 0.0142861 0.00447907 0.00104661 0.000327494 0.0174932 0.0354033 0.0274165 0.00268984 
0.0394303 0.0196546 0.0379556 0.0370482 0.017208 0.591981 0.00372011 0.000414272 0.0630666 0.00372846 0.000847219 0.0101611 0.0029265 0.00584596 3.37302e-05 0.00130455 0.00564262 0.000688814 0.00463766 3.10996e-05 3.01848e-05 0.00140369 0.0091954 0.000990215 0.00403689 7.41867e-05 0.111436 0.0226047 0.00229825 0.00160503 
0.0435808 0.00965744 0.0357854 0.0473005 0.115469 0.501787 0.00665297 2.23982e-05 0.101486 0.00251634 0.00168171 0.00426618 0.0730895 0.00205843 8.10887e-06 0.00213231 0.00543648 6.99041e-05 0.0082841 0.000689423 5.34969e-05 0.00395837 0.00403885 2.91774e-05 0.00278323 0.000253428 0.0130278 0.0112468 0.002555 7.99375e-05 
0.0853847 0.00562444 0.0178704 0.027686 0.330341 0.431546 0.00454691 2.50418e-06 0.0349002 8.85031e-05 0.000568404 0.000902116 0.00175762 0.0181095 1.81755e-06 0.00064408 3.67537e-05 5.20679e-05 0.00631456 1.70158e-06 2.70501e-08 0.00139516 0.000581551 7.82809e-06 0.0012901 0.000126432 0.018154 0.00858213 0.00340533 7.81304e-05 
0.0383129 0.0083905 0.0375599 0.0510547 0.0694675 0.367066 0.0128294 0.000239856 0.100889 0.00085332 0.0816557 0.00176913 0.00454885 0.00808989 2.41373e-05 0.00118499 0.00416375 0.000193718 0.0245964 3.02475e-05 7.21464e-05 0.00902234 0.00304617 0.000177798 0.00388777 0.000771468 0.14612 0.0144048 0.00915926 0.000417921 
0.0293411 0.0143916 0.175395 0.0237599 0.0589223 0.2575 0.0299634 0.00117471 0.21125 0.000449932 0.00176114 0.003309 0.00441048 0.00451626 9.38721e-06 0.00960679 0.00261406 0.000533176 0.0169321 0.000125118 0.00015197 0.0252041 0.00675178 0.00569055 0.00723907 0.000524733 0.0833657 0.0189787 0.00605975 6.88172e-05 
