0.390812 0.00644434 0.0241656 0.000808735 0.022666 0.00586917 8.87098e-05 0.0164617 0.000511304 0.0019515 0.0438743 0.0149527 0.295431 6.39238e-08 1.12284e-05 0.0375745 0.000151041 0.0558369 0.00703511 0.00116042 0.000309554 0.0310713 0.00110586 0.0417067 
0.624899 0.00106821 0.00908705 0.00088628 0.0033226 2.23261e-06 4.91822e-05 0.0125801 0.000501463 0.00824937 0.0346097 0.0189556 0.127802 3.15697e-08 2.9038e-05 0.00170572 0.00138142 0.0185963 0.0441364 0.00271756 0.00310577 0.0843084 0.00124425 0.000762733 
0.616225 0.000239132 0.0232308 0.000357775 0.143066 0.00227843 0.000742537 0.0225098 0.000666935 0.0233399 0.00796239 0.0100326 0.072021 0.000362906 0.000893189 0.02233 0.000446983 0.0146196 0.00156088 0.000201923 0.00178323 0.0325102 0.000169904 0.00244892 
0.362977 0.00100356 0.070564 0.00724403 0.0263586 0.00464344 0.003921 0.123256 0.00147543 0.0219424 0.0225008 0.0301897 0.244961 3.07307e-05 6.39286e-05 0.00849369 0.00440204 0.0180528 0.0049029 0.00119434 0.000713389 0.0293246 0.00346469 0.00832049 
0.352738 0.0943163 0.0196167 0.000679163 0.0249935 0.00281698 0.00666082 0.021298 0.00794544 0.00988942 0.0575466 0.0313793 0.268714 0.00150008 9.9657e-06 0.0171853 9.55417e-05 0.0167513 0.00700102 0.0026496 0.000152911 0.0245985 0.0005216 0.0309394 
0.486402 0.00526049 0.00424718 0.00052272 0.0168228 8.28794e-05 0.000180423 0.00958101 0.000623671 0.0153739 0.0135658 0.0350034 0.130673 5.65755e-10 0.00278432 0.00184031 0.000120045 0.00383951 0.00444343 0.00023382 0.000711866 0.263596 0.00310796 0.000983207 
0.520718 0.0012591 0.0492334 0.000764622 0.0143743 0.00734089 0.000954535 0.0514499 6.61375e-05 0.0263772 0.0145083 0.0147378 0.2261 1.35003e-11 5.81453e-06 0.000214977 5.59786e-05 0.0141722 0.00124 3.78135e-05 0.000637559 0.0525147 0.000224479 0.00301279 
0.556362 0.000259227 0.0260518 0.0153356 0.00116357 0.000200215 0.000725901 0.0300319 0.000943408 0.0846942 0.0106189 0.0110196 0.0994408 4.90955e-12 0.000808191 0.00341258 0.000175301 0.0134417 0.0233024 4.19592e-05 0.000352788 0.119167 0.00076174 0.0016895 
0.816205 1.22857e-11 6.93473e-06 1.48721e-07 3.69546e-06 4.10243e-05 1.57402e-06 0.0570009 5.98736e-08 0.0184664 6.26465e-07 9.44065e-13 0.067962 1.87937e-11 3.58071e-07 5.08099e-08 2.54662e-07 7.78821e-06 0.0402994 3.82273e-07 9.3665e-07 1.27965e-07 6.31976e-12 2.10417e-06 
0.293149 0.000649237 0.0504499 0.000144267 0.046238 0.00020578 0.000369018 0.0197424 0.00641848 0.000335624 0.0440525 0.105041 0.0769084 0.0121684 0.0886037 0.000163334 0.000334556 0.00745635 0.0244671 5.56083e-05 0.0316348 0.181211 0.000524012 0.00967734 
0.286062 0.000214356 0.0172322 0.00212545 0.0118814 0.191704 8.52854e-05 0.0441985 0.00822482 0.00213997 0.0178358 0.00355982 0.0411683 1.81046e-08 3.77649e-05 0.023563 0.0116798 0.251949 0.00822815 0.000240964 0.00520846 0.0614513 1.69606e-05 0.0111923 
0.430588 1.58989e-05 0.0100091 0.0001184 0.0080143 6.24016e-05 0.00320058 0.0242026 0.0345867 0.0077439 0.0297729 0.06847 0.2883 1.65706e-11 0.00525875 0.00178082 0.000255855 0.00234843 0.00354519 3.4992e-05 0.000106899 0.0701413 0.00420077 0.00724301 
0.218331 0.00371571 0.0133067 0.194677 0.025012 0.000107757 0.0401541 0.0218531 0.00499827 0.0182187 0.0331989 0.215338 0.131366 7.78095e-05 5.28843e-06 0.00232633 9.74008e-06 0.00123413 0.00356754 0.000311158 1.10908e-05 0.0239747 0.00765766 0.0405476 
0.468532 0.0110774 0.0483648 0.000540118 0.036716 0.00447212 0.00108214 0.0566592 0.00495875 0.0763579 0.0219173 0.0391125 0.0788725 9.73332e-06 1.77844e-05 0.00743209 0.000751968 0.0266871 0.00981177 0.00219662 0.00163771 0.0303804 0.00707076 0.0653418 
0.465272 0.00473236 0.0396913 0.000755642 0.0596681 0.00270989 0.00603724 0.0432732 0.00713825 0.00334274 0.0939959 0.0505881 0.0880238 0.00160844 0.000391133 0.038156 0.00339027 0.00981499 0.00144841 0.0132295 0.00143369 0.0443254 0.000582783 0.0203911 
0.920432 2.09257e-11 1.18116e-05 2.53308e-07 6.29428e-06 6.98747e-05 2.68095e-06 0.0387571 1.0198e-07 0.0183511 1.06703e-06 3.21757e-09 0.00781489 3.20104e-11 6.09885e-07 8.65419e-08 0.00104144 1.32653e-05 9.12756e-07 6.51107e-07 1.59535e-06 0.000588701 1.07641e-11 0.0129057 
0.512461 8.73494e-05 0.00792919 0.00149632 0.00863748 0.0233889 0.000538322 0.0122052 3.55591e-05 0.00866432 0.00735301 0.00367001 0.00681162 5.021e-08 0.104252 0.00541905 0.000212692 0.238684 0.000648365 9.06128e-05 0.00176774 0.0547827 2.80214e-05 0.00083581 
0.211035 0.110214 0.0403765 3.39995e-06 0.103146 0.00476958 0.0272351 0.0606018 0.00069238 0.0110934 0.046161 0.200801 0.114043 1.31898e-07 3.05086e-07 0.00507916 0.00218732 0.00573673 0.000309361 1.61214e-05 0.00426149 0.0080261 0.022682 0.0215294 
0.608886 1.07187e-07 0.0580002 0.000394454 0.0323003 0.0546073 0.0027146 0.0249305 4.69891e-06 0.00340197 0.0368346 0.00502819 0.0267571 5.95518e-09 1.0499e-05 0.0116376 0.00338198 0.0612375 0.008221 1.94404e-05 0.00479591 0.0484089 0.000144541 0.00828294 
0.59551 0.00127744 0.00574677 0.000164439 0.0326945 0.00239909 0.00152028 0.0248651 0.0226397 0.000808871 0.0204943 0.0199686 0.0109215 2.38527e-08 1.28404e-05 0.0199223 0.00193806 0.076083 0.0216255 0.000387197 0.0381941 0.0938183 0.000180029 0.00882851 
0.363785 0.00196407 0.0597855 0.000541628 0.00937835 0.120908 0.000115265 0.0356805 3.31883e-05 0.0123137 0.0131528 0.00382778 0.126661 2.43657e-11 0.000712415 0.00105674 0.000184197 0.0417148 0.00246562 0.000862182 0.00219511 0.0895263 3.79437e-05 0.113097 
0.485081 2.26922e-07 0.00484347 0.000165752 0.000924296 0.0239897 0.000417109 0.0344411 1.0582e-06 0.414641 0.000297099 0.00158709 0.0313099 1.30825e-07 1.00946e-05 3.99293e-06 8.66279e-06 0.00152918 2.24752e-05 6.92046e-06 2.76224e-05 0.00013616 8.06447e-07 0.000555055 
0.380886 0.00230034 0.00442429 0.177369 0.0279101 0.0029919 0.029001 0.0152615 4.89574e-05 0.00122221 0.0185112 0.0307212 0.0754666 4.46441e-09 0.0014747 0.00509069 0.00271953 0.0556712 0.0432098 0.000189429 0.00170207 0.066165 0.00394762 0.0537147 
0.718775 0.00132595 0.00459166 0.00676642 0.00290147 3.07353e-06 0.00091659 0.00887825 9.01383e-05 0.00457157 0.0119337 0.0303331 0.0762854 3.13685e-10 1.61428e-08 0.00734833 0.00029669 0.077759 0.00122175 9.42154e-08 1.54361e-07 0.036407 0.0088097 0.00078476 
0.248856 0.000491652 0.00328382 0.000160658 0.0800442 5.06392e-05 0.00650477 0.0381612 0.245225 1.30399e-05 0.086137 0.0108211 0.16677 1.13999e-07 8.62288e-05 0.000806487 0.000411937 0.00207707 0.00167597 4.96519e-05 0.00200199 0.0485536 0.00176911 0.056049 
0.339979 0.0228855 0.0283654 0.027764 0.0152056 0.112614 2.07029e-05 0.0108787 0.00011944 0.0113695 0.0056486 0.0610066 0.100449 2.05084e-06 1.79758e-07 0.0400756 0.000119504 0.179259 1.5866e-05 0.00278056 3.40431e-05 0.0134285 9.6377e-05 0.027882 
0.484938 8.80531e-05 0.0323892 0.000725833 0.010749 3.62142e-05 0.00416977 0.0264584 0.0841396 0.0189775 0.0325929 0.0382481 0.157612 1.4363e-07 0.0104468 0.00279204 0.000181319 0.0221913 0.00148792 0.00986945 0.000279658 0.0557293 0.00050046 0.00539738 
0.411804 0.000912004 0.0340912 0.000340504 0.00856968 0.000802271 0.000321847 0.0622158 2.81733e-05 0.0810704 0.0411032 0.0358102 0.213255 3.01971e-07 0.000660278 0.012773 4.29087e-05 0.00822842 0.000786433 0.000445842 0.0071498 0.0576734 0.00579608 0.0161193 
0.562253 0.000203202 0.0195386 4.30638e-05 0.0166435 0.00229634 0.000480632 0.0258415 0.000283669 0.000400322 0.0177103 0.00161909 0.327829 2.24696e-12 2.33581e-06 0.00999508 9.81304e-05 0.00502824 0.000298152 0.00131348 0.000276679 0.00156505 7.30709e-06 0.0062739 
0.302931 3.80334e-05 0.028546 0.000773157 0.0218652 0.000153031 0.0375814 0.164523 0.00128908 0.068822 0.0447436 0.0211659 0.00555325 0.00466146 1.18546e-07 0.000282832 4.98803e-05 0.22861 0.00337204 0.000416683 0.00914709 0.00389983 0.0496257 0.00195006 
0.366243 0.000117918 0.0450347 5.30152e-05 0.0202018 0.0830772 0.00110105 0.0547561 0.000119512 0.0107645 0.00515131 0.00480416 0.249111 2.94058e-12 2.6591e-05 0.00199208 0.136343 0.00782785 0.000601777 0.00018412 8.28294e-06 0.0019646 1.34949e-07 0.0105177 
0.761367 1.56711e-05 0.0109144 0.000289742 0.00576698 2.21902e-06 9.90639e-05 0.00755264 1.90594e-05 0.0091971 0.0118148 0.00219418 0.183854 1.19999e-11 1.51674e-07 0.000851646 2.54455e-06 0.00331446 2.34225e-08 1.99032e-08 6.30287e-05 0.000228857 2.17385e-08 0.00245203 
0.695205 0.0528858 0.0280639 8.26184e-06 0.0657357 9.81134e-05 0.0354983 0.0193544 0.00368553 0.000578857 0.00347317 0.0421394 0.00907666 8.84498e-10 5.43598e-10 0.000451096 4.79763e-05 0.0116793 0.000692753 1.791e-06 3.00991e-07 0.0287234 0.000630079 0.0019708 
0.310398 0.000442663 0.0708863 9.26653e-05 0.024815 0.0108767 0.00621715 0.0940432 0.00542222 0.0129171 0.0992997 0.083663 0.148981 6.58861e-12 1.00414e-05 0.00782558 0.0465631 0.0158064 0.0259823 0.00374701 4.10348e-06 0.010906 6.31388e-05 0.0210376 
0.434372 6.95115e-05 0.0138949 0.127074 0.00133723 2.43549e-05 0.00178594 0.0123227 0.00677019 0.0104865 0.00187423 0.114549 0.0203974 4.4487e-05 2.16777e-06 0.00302393 1.04302e-05 0.000361666 0.00666808 4.77137e-07 0.00254629 0.241314 0.00105783 1.27048e-05 
0.392612 1.62205e-11 5.48383e-06 1.89079e-07 1.33602e-06 0.000134824 0.0249281 0.0446472 0.0164485 0.0132839 0.212133 0.0455625 9.83025e-06 2.48127e-11 2.44145e-08 0.0189467 0.00101184 0.182229 0.00139305 0.00303984 1.80001e-11 0.0197936 1.3935e-07 0.0238195 
0.295597 0.000592592 0.0742873 0.00066097 0.018104 0.0112884 0.00235716 0.118818 1.95352e-08 0.0349219 0.0470479 0.126852 0.088299 1.03202e-08 8.07654e-05 0.0464112 0.000541485 0.0552251 0.00296334 0.0101513 6.54436e-06 0.0444984 0.0175991 0.00369733 
0.190034 2.00498e-05 0.00620563 4.47622e-07 0.059919 1.11134e-10 0.00151294 0.0189106 0.000901633 0.00535364 0.0249277 0.159437 0.168324 0.0748093 5.2371e-08 1.72914e-05 0.110349 0.0110674 1.19952e-06 2.27804e-05 0.000296486 0.167477 8.98615e-07 0.000412818 
0.427259 0.00326136 0.124822 0.000593816 0.0446141 0.0335953 0.000856682 0.159823 0.000230846 0.0186362 0.0044208 0.0198892 0.0409432 6.49401e-07 0.000280667 0.00100039 0.000106847 0.0654006 0.0027929 0.00111739 0.00015034 0.010714 0.000158531 0.0393327 
0.531838 0.000231328 0.0186122 0.00111895 0.0104699 1.16148e-05 0.00324908 0.0302578 0.0279743 0.0224708 0.0314576 0.0233554 0.238842 6.23112e-09 6.42231e-06 0.0299914 4.67467e-05 0.0126634 0.00147792 0.000708388 0.00029064 0.00984988 0.00149879 0.00357729 
0.499152 0.00962241 0.000310135 0.000192189 0.0477273 0.000961901 0.0807478 0.00538527 0.00161069 0.023375 0.0243276 0.0113214 0.0279461 1.81154e-08 0.00451033 0.00574251 0.00140558 0.0858549 0.00145709 0.00233394 0.0590298 0.106205 9.65309e-05 0.000684609 
0.495769 0.000228666 0.0215256 0.000258057 0.0447498 4.41621e-05 0.00350907 0.043848 0.000435522 0.00405293 0.0427848 0.0219679 0.259908 1.81905e-08 0.00552589 0.0038636 0.000158146 0.0026144 0.00947196 0.00113977 0.000193456 0.0261145 0.00201392 0.00982283 
0.334502 8.98509e-05 0.110043 0.000276715 0.0152625 0.0306295 0.0100295 0.040703 1.70847e-05 0.0584689 0.0158269 0.0101676 0.0284114 5.57674e-11 1.16935e-05 0.000185414 0.000237156 0.312682 0.000474178 0.000194828 0.000322705 0.0161679 9.74567e-05 0.0151988 
0.137099 0.00930767 0.00825851 0.043858 0.0422695 0.0822169 4.78053e-05 0.0389722 0.0581508 0.0195661 0.0569671 0.126247 0.122504 3.76129e-05 7.46355e-09 0.0595315 0.000474537 0.0622017 0.00023111 9.44429e-07 5.54165e-06 0.0267366 0.00833608 0.0969802 
0.365505 5.96013e-05 0.0930746 0.000394021 0.0147024 0.000180585 0.00693939 0.1878 0.00387417 0.0130915 0.00763594 0.0220125 0.201051 2.74088e-07 7.81211e-07 0.00539681 0.000464189 0.0050893 0.025526 0.00357401 0.000120679 0.0406519 0.00178311 0.00107135 
0.789905 4.97425e-05 0.0110004 0.000108772 0.0310999 0.000302462 0.00013633 0.00723132 1.29802e-05 0.00462182 0.00324909 0.000824649 0.0839322 8.72799e-10 0.000951452 0.0383524 0.000640488 0.00180002 0.00413392 5.50545e-05 0.000336928 0.0191818 0.000115164 0.00195854 
0.518624 0.00921772 0.0182529 0.00159531 0.00597806 2.93122e-05 3.50304e-05 0.0805938 0.000878785 0.00168292 0.0419032 0.0162307 0.0541371 1.17291e-07 7.20852e-08 0.000866648 0.000293568 0.11769 0.000757527 0.000256107 3.88533e-06 0.00332545 0.00167835 0.12597 
0.251832 0.0135983 0.0484527 0.00197169 0.0613817 0.0059552 0.00326685 0.065903 0.023793 0.0149628 0.130714 0.0593584 0.159461 0.000185017 5.42444e-05 0.027948 0.000707106 0.0401844 0.0192774 0.000475456 0.00168067 0.0511843 0.0020738 0.0155796 
0.340631 0.000288562 0.012254 0.000128567 0.0240618 2.69538e-05 0.00960907 0.0827999 0.00339645 0.00375933 0.0686317 0.204082 0.1806 5.14143e-05 2.15679e-05 0.0172528 4.5282e-05 0.00233135 0.0234889 0.000309613 0.0002522 0.0155015 0.00100796 0.00946809 
0.230821 0.000243295 0.156604 2.8888e-05 0.108787 0.00288409 0.0130465 0.112378 0.00276406 0.0185919 0.203146 0.0104174 0.0682999 1.19881e-10 1.13859e-05 1.39271e-05 5.18634e-06 0.0176901 0.00596304 4.96207e-06 0.00778917 0.0189411 6.325e-05 0.021506 
0.251441 4.50346e-05 0.0092857 0.00012862 0.116688 0.000403666 0.00919414 0.0134802 0.033521 0.00690774 0.0940556 0.0103417 0.192209 4.62161e-08 0.116421 0.0143854 0.00357501 0.0221657 0.0229221 0.00020424 3.61836e-05 0.0795668 0.000134849 0.00288719 
0.199624 0.00325034 0.0250436 0.000576595 0.0423077 0.000841968 0.00111967 0.059129 0.000431622 0.141274 0.0225883 0.0779235 0.0372768 6.2996e-10 1.49957e-07 0.0258321 0.000433759 0.0371089 0.118043 0.00010444 0.00174257 0.191142 0.00465057 0.00955574 
0.718775 0.00132595 0.00459166 0.00676642 0.00290147 3.07353e-06 0.00091659 0.00887825 9.01383e-05 0.00457157 0.0119337 0.0303331 0.0762854 3.13685e-10 1.61428e-08 0.00734833 0.00029669 0.077759 0.00122175 9.42154e-08 1.54361e-07 0.036407 0.0088097 0.00078476 
0.430588 1.58989e-05 0.0100091 0.0001184 0.0080143 6.24016e-05 0.00320058 0.0242026 0.0345867 0.0077439 0.0297729 0.06847 0.2883 1.65706e-11 0.00525875 0.00178082 0.000255855 0.00234843 0.00354519 3.4992e-05 0.000106899 0.0701413 0.00420077 0.00724301 
0.551806 0.000626734 0.037056 0.000190677 0.0735652 0.000165685 0.00125032 0.0200374 0.000281834 0.0095967 0.0396853 0.0130117 0.163233 6.7939e-05 1.07502e-05 0.0299321 4.91143e-05 0.00168874 0.0167431 0.000437823 0.0017896 0.0092464 0.00153622 0.0279918 
0.381141 0.00185542 0.0210257 0.00080533 0.0285325 0.0297966 0.00903891 0.0991085 0.000346569 0.0271348 0.021021 0.0693464 0.156859 4.74254e-08 3.72847e-05 0.060601 6.29993e-05 0.0158827 0.000623697 0.00145681 0.00027597 0.0262591 0.000162382 0.0486264 
0.649587 0.00145067 0.0382513 0.00056775 0.013958 0.0163396 0.00433045 0.0408707 0.00059872 0.0154578 0.0368219 0.0112269 0.100053 1.55639e-06 4.23089e-06 0.00464388 0.00147556 0.0401742 0.000632144 0.00470727 0.000344903 0.00837013 0.000284439 0.00984771 
0.562253 0.000203202 0.0195386 4.30638e-05 0.0166435 0.00229634 0.000480632 0.0258415 0.000283669 0.000400322 0.0177103 0.00161909 0.327829 2.24696e-12 2.33581e-06 0.00999508 9.81304e-05 0.00502824 0.000298152 0.00131348 0.000276679 0.00156505 7.30709e-06 0.0062739 
0.590669 5.39513e-07 0.00421626 2.2328e-06 0.0198262 8.89007e-05 0.00615361 0.0440052 5.73681e-05 0.00866233 3.7521e-05 0.030189 0.0089789 3.18051e-08 8.97882e-07 0.014782 0.00690479 0.0142151 0.0152724 0.00229511 0.00164135 0.222497 0.000190562 0.0093136 
0.340011 0.0172661 0.0341944 0.00264098 0.0186093 0.00322311 0.00161746 0.0433594 0.0465758 0.0296673 0.0534041 0.0680204 0.119427 2.6255e-06 2.79937e-05 0.0320659 4.54607e-05 0.0386675 0.0122224 0.0280313 0.000605357 0.0867351 0.000211217 0.0233682 
0.390994 0.000550189 0.0084018 0.00524741 0.0476079 0.00221258 0.00363317 0.0502518 1.036e-05 0.0238736 0.0678424 0.105569 0.0274801 6.31587e-07 6.82943e-06 5.16033e-05 0.000353925 0.00508343 0.249962 0.00102051 9.11181e-06 0.003082 0.00130105 0.00545428 
0.447494 5.26927e-06 0.0349099 0.000209478 0.0305078 3.33502e-05 0.00240587 0.0502776 0.00269976 0.0123471 0.0586967 0.0184159 0.155913 7.39532e-06 0.000105883 0.000785493 8.15649e-05 0.127858 0.00164594 0.000174811 0.000459074 0.041481 0.00314046 0.0103453 
0.717518 0.00018427 0.046631 0.000252056 0.00239433 6.64189e-05 1.32453e-05 0.00729421 1.4691e-05 0.0629626 0.00476842 0.0333556 0.102378 1.53463e-06 9.27073e-06 0.00180767 7.26301e-05 0.00331568 0.00285635 0.000175751 0.00218766 0.00779429 0.00125032 0.00269538 
0.478685 0.00184052 0.0317956 0.000497589 0.0402191 0.000393698 6.74834e-05 0.0340354 0.000743256 0.000538066 0.014828 0.0330772 0.0720697 2.09255e-08 0.00115387 0.00741735 0.000793487 0.0421617 0.0361842 4.39353e-05 0.0004252 0.175563 0.0108906 0.0165769 
0.800131 0.00068289 0.0178639 4.59467e-05 0.0561336 0.0437278 0.00344416 0.00753371 4.4724e-05 0.000239037 0.00798257 0.00182038 0.00524386 1.30813e-08 6.58668e-05 0.0104564 0.000313697 0.00924756 0.00070505 0.000578423 0.000480588 0.0128176 0.000326942 0.0201141 
0.654431 0.000341558 0.010185 0.000217762 0.0317689 0.0233256 0.00236509 0.0190448 0.000146205 0.00373825 0.024891 0.0120428 0.164804 2.65913e-11 3.90183e-05 0.00337919 6.0427e-05 0.0199663 0.000329106 0.00122492 0.000506434 0.0106595 4.47933e-05 0.0164879 
0.55911 0.016313 0.0101485 0.000194653 0.0163659 0.000882563 0.000202508 0.018019 0.00401033 0.0168557 0.0292533 0.0199534 0.167511 1.72778e-07 0.000159094 0.013886 6.47187e-05 0.0262434 0.0112626 0.000242768 8.4735e-05 0.0492689 0.000500997 0.0394668 
0.718775 0.00132595 0.00459166 0.00676642 0.00290147 3.07353e-06 0.00091659 0.00887825 9.01383e-05 0.00457157 0.0119337 0.0303331 0.0762854 3.13685e-10 1.61428e-08 0.00734833 0.00029669 0.077759 0.00122175 9.42154e-08 1.54361e-07 0.036407 0.0088097 0.00078476 
0.221321 0.0014074 0.0659743 0.000392205 0.0513083 0.00957395 0.0286394 0.114072 0.0154801 0.0200324 0.167088 0.024553 0.179495 1.23015e-05 2.56022e-05 0.0128273 0.000211512 0.00416395 0.00842981 0.000326309 8.8889e-05 0.0122056 0.00115006 0.0612218 
0.355458 4.19065e-10 0.0851488 0.00169373 1.69795e-05 4.98124e-06 0.00652903 0.00520461 2.52083e-07 0.00727208 0.0933875 0.00454757 0.0277782 0.000267737 3.93981e-10 7.31244e-11 0.000236275 0.321333 0.00234081 1.61534e-05 1.96824e-05 0.0577507 0.00255765 0.0284363 
0.382455 0.0103391 0.0158888 0.000685491 0.0115021 0.000281501 0.00287036 0.0151779 0.0205109 0.0323144 0.00915158 0.0142417 0.277434 0.000106196 0.000213658 0.00461274 0.000837813 0.0198154 0.00173542 0.00012212 0.00582168 0.165665 0.00367117 0.00454615 
0.811263 1.72314e-08 0.00774979 1.02601e-05 0.00152 3.91208e-06 0.000379398 0.00318343 9.71879e-05 0.00325744 0.0176295 0.000860633 0.0427989 9.52312e-08 2.93905e-07 4.2012e-05 0.000330584 0.0946171 0.000964242 0.00220743 0.000338763 0.0090373 2.11946e-05 0.00368784 
0.474475 0.000214071 0.106545 7.13981e-05 0.0985976 2.67213e-06 0.00320859 0.202896 5.69374e-07 0.0766652 0.00560178 0.00142005 0.0280227 1.74366e-06 1.21646e-07 1.85383e-05 9.05715e-07 3.181e-05 3.85469e-05 0.000135677 5.79288e-06 0.000104605 2.7066e-05 0.00191498 
0.368939 0.000258848 0.0128056 0.00336939 0.0580277 3.70222e-05 0.00087735 0.00982437 0.0110175 0.00182157 0.25668 0.0145091 0.184503 4.47714e-07 0.0013508 0.0213521 0.000605394 0.0252589 0.00113651 0.000615861 0.000460001 0.0183556 0.000455152 0.00773832 
0.413663 0.00148979 0.146315 0.00105734 0.034226 0.0615786 0.000424127 0.0511458 0.000173948 0.0379442 0.0172312 0.0163047 0.0274229 1.0261e-07 1.83769e-05 0.0187851 8.50291e-05 0.098453 0.00173214 0.00184353 0.000322014 0.050436 0.00120843 0.01814 
0.380483 0.000635256 0.0277832 0.103984 0.0381041 0.00724372 0.00467837 0.0560459 0.000935749 0.0191614 0.0279702 0.0294198 0.037231 0.000131264 6.96356e-05 0.0341424 0.000615872 0.0462761 0.00184647 0.00040588 0.00135693 0.144969 0.000285935 0.0362241 
0.257491 8.13235e-05 0.00750586 0.0913762 0.00163361 0.0101386 5.22247e-05 0.0291257 1.58666e-06 0.00460472 0.00703195 0.0320269 0.0497803 2.98636e-09 0.0039987 4.91311e-05 4.91848e-05 0.217766 0.00135889 3.825e-05 9.17264e-05 0.237473 0.0272936 0.0210316 
0.569392 1.26609e-05 0.00931475 0.000157093 0.0226211 0.0152815 0.0024331 0.0469554 0.000180919 0.000975031 0.0636949 0.00927692 0.118255 0.000794681 0.0157585 0.00891632 6.79975e-05 0.00904707 0.00792366 0.000144746 0.00270393 0.0944781 3.28227e-05 0.00158151 
0.673969 1.17887e-05 0.0344542 0.0001468 0.00552664 1.97296e-05 0.00647129 0.0570152 0.000307969 0.0248457 0.0226152 0.0279165 0.109603 7.90502e-12 9.00547e-05 0.00114393 0.00100529 0.0032993 0.00159117 0.000859853 0.000203996 0.0247543 0.000816408 0.0033326 
0.227463 0.029263 0.0281701 0.00540869 0.0490969 0.0106374 0.000983394 0.0381378 0.0023965 0.0112351 0.176663 0.0378827 0.161394 6.22629e-06 0.000201361 0.0153804 0.00162241 0.0419466 0.00854102 0.00153126 0.00327238 0.0366908 0.000549609 0.111526 
0.325558 0.000134015 0.0712078 0.000177699 0.0494253 0.00983023 0.00347398 0.0914107 6.29657e-05 0.015393 0.0861903 0.00641258 0.277071 4.75299e-07 5.42947e-06 0.000348759 6.56209e-05 0.00679576 0.00396152 0.000678633 0.000191807 0.0393952 0.00660348 0.00560636 
0.291472 0.00314275 0.0614101 0.000584631 0.0233085 0.00486175 0.00747675 0.0991273 0.0016897 0.0248702 0.117712 0.0258809 0.211537 4.47007e-05 0.000235876 0.0123317 0.000131787 0.071372 0.000962844 0.00359169 0.0033927 0.0144277 0.00112204 0.0193135 
0.412871 0.000475779 0.0463491 0.000154778 0.0113176 0.00698307 0.00859844 0.0710724 6.05806e-08 0.0495616 0.022759 0.00487264 0.0526549 1.76934e-06 2.63433e-05 3.46205e-05 2.9086e-05 0.251096 0.000746139 2.89648e-05 0.000271455 0.0519455 0.000226683 0.00792306 
0.292334 0.0180316 0.0886589 0.00264691 0.0288632 0.000208127 0.00123701 0.0760869 0.000619498 0.047803 0.0627836 0.0257031 0.0572343 0.000220555 0.000108121 0.00813331 0.000133621 0.00276447 0.027581 0.000102395 0.00252537 0.167316 0.0015067 0.0873982 
0.840712 6.48835e-05 0.000960947 5.19263e-05 0.000541522 0.000143104 0.000313822 0.00480076 3.97381e-05 0.00275889 0.00985841 0.00320851 0.0478547 0.000172924 0.00013315 0.00720375 0.0209088 0.0186597 0.00151053 0.000302623 6.89322e-05 0.0389963 0.000276136 0.000458004 
0.235503 0.02815 0.0112 0.00018615 0.132109 0.00509567 0.0252552 0.035412 0.00767899 0.000770855 0.0489111 0.082434 0.029644 7.94858e-07 0.0153943 0.00605507 0.000220276 0.0408339 0.00181344 0.112934 0.00284079 0.0349538 0.00219675 0.140407 
0.205674 0.0212952 0.0489292 0.0105434 0.071812 0.0462452 0.00668503 0.0587179 0.000684586 0.0119082 0.0399487 0.0687278 0.0981735 4.48561e-05 3.65997e-05 0.0142711 0.00100687 0.114264 0.00324029 0.00770316 0.00150457 0.0554242 0.00825962 0.104901 
0.286062 0.000214356 0.0172322 0.00212545 0.0118814 0.191704 8.52854e-05 0.0441985 0.00822482 0.00213997 0.0178358 0.00355982 0.0411683 1.81046e-08 3.77649e-05 0.023563 0.0116798 0.251949 0.00822815 0.000240964 0.00520846 0.0614513 1.69606e-05 0.0111923 
0.761367 1.56711e-05 0.0109144 0.000289742 0.00576698 2.21902e-06 9.90639e-05 0.00755264 1.90594e-05 0.0091971 0.0118148 0.00219418 0.183854 1.19999e-11 1.51674e-07 0.000851646 2.54455e-06 0.00331446 2.34225e-08 1.99032e-08 6.30287e-05 0.000228857 2.17385e-08 0.00245203 
0.236842 0.00128036 0.0400552 0.00533986 0.025485 1.10057e-05 0.000495846 0.145974 0.0231613 0.0359282 0.0249403 0.0502539 0.224084 4.66345e-11 4.99224e-06 0.00510792 0.00992997 0.0561832 0.00986226 0.001317 0.00191764 0.100135 0.00098297 0.00070797 
0.771495 0.000292522 0.0267416 0.000844955 0.000970554 9.93161e-05 0.000966711 0.0215882 0.000105472 0.0514957 0.00472315 0.00651773 0.0665939 1.54322e-07 0.000295629 0.00969457 0.000210955 0.00133738 0.00283825 2.27381e-05 4.65585e-05 0.0309908 0.000721987 0.00140573 
0.540783 0.00533653 0.141925 0.000796952 0.0079037 0.00208797 0.000504589 0.0502125 3.51838e-05 0.0283721 0.015304 0.0475794 0.0826605 0.000117036 1.14321e-06 0.00395273 4.86985e-05 0.00925972 0.00104125 0.000843032 0.00124812 0.0529037 0.000964012 0.00611923 
0.428663 0.00279322 0.0832784 0.00057709 0.0771953 0.012828 0.0176728 0.064236 0.0241932 0.00534502 0.0407211 0.0544767 0.118256 8.65317e-06 7.74532e-05 0.0117739 0.000103333 0.00226983 0.0147523 0.000233399 0.000675718 0.0295776 0.00308909 0.00720251 
0.426523 4.18468e-05 0.00706272 2.54309e-05 0.0160903 4.18124e-05 0.00616183 0.252446 0.000393273 0.00302354 0.0829736 0.0298239 0.146683 3.6408e-08 4.58602e-05 0.000116759 7.77776e-06 1.97815e-05 0.000658511 0.000164551 0.00025805 0.0250106 0.000482439 0.00194574 
0.272195 4.05211e-06 0.0530606 5.28426e-06 0.0454888 6.1953e-06 0.0471663 0.10701 0.128825 0.0171434 0.0910084 0.0640666 0.003133 0.00500752 0.0128821 3.32722e-05 0.00019734 0.00100957 0.00832929 0.100942 7.22464e-05 0.0421728 5.24159e-05 0.000188919 
0.223096 0.00101892 0.0744471 0.00414797 0.11417 0.00155717 0.00654778 0.0370984 0.00122997 0.0145381 0.0242917 0.0682367 0.162905 1.34655e-05 0.000274859 0.00553096 0.00234735 0.0128708 0.0166441 0.00998797 0.00769126 0.185023 0.00501153 0.0213197 
0.775693 5.03603e-08 0.0139404 4.40631e-06 0.00759524 4.91019e-07 8.12115e-05 0.0239821 0.00994158 0.00982435 0.0122655 0.00673695 0.106278 7.6641e-12 0.000192253 3.03487e-05 0.00043599 0.000107252 0.00244721 2.8882e-05 0.00577773 0.0187208 2.5772e-12 0.00591658 
0.19792 0.000765023 0.0975418 0.0569927 0.0764634 0.000722344 0.00180313 0.177367 0.00243109 0.0970741 0.0410446 0.0280097 0.158993 3.79747e-09 1.78998e-05 0.0280125 8.57701e-06 0.000317686 0.000666526 0.00482374 1.22088e-05 0.00983283 0.0130547 0.00612569 
0.435829 0.00161743 0.0225013 0.00788847 0.0106869 0.00356819 0.00635036 0.089924 0.00342587 0.107933 0.0377549 0.0372012 0.12762 6.48373e-05 0.000357883 0.010916 5.92558e-05 0.0111304 0.00365298 0.00136297 0.000861407 0.0447218 0.0281005 0.0064715 
0.704126 0.00208767 0.00282693 0.000882885 0.00160939 4.71388e-05 0.000346898 0.0247511 0.000132209 0.0388203 0.0157175 0.0106871 0.150127 3.11126e-11 3.45013e-06 0.0125264 3.89722e-05 0.00659668 0.00460601 0.000364416 3.88022e-05 0.023209 9.14945e-05 0.000362823 
0.562666 0.00169512 0.0525393 0.00546476 0.103508 0.0450263 0.00191606 0.0594642 0.00138034 0.0111856 0.0144995 0.0512514 0.0345942 5.16202e-05 0.00017909 0.00901047 0.00139916 0.00828659 0.00336132 3.56653e-05 0.00396177 0.0218761 0.00195836 0.00468837 
0.160129 0.00197852 0.144784 0.00248416 0.0603396 0.00150057 0.0404092 0.113757 0.000759793 0.0110784 0.057685 0.0565225 0.142669 0.00370335 0.000252221 0.0029725 0.000583951 0.0405695 0.00181845 0.00631082 0.000932904 0.132489 0.0050372 0.011234 
0.375827 6.98362e-05 0.0353604 0.000226083 0.0121991 3.27325e-05 0.0185935 0.126968 0.000387047 0.173815 0.107149 0.0453255 0.0478466 5.67319e-05 9.3402e-07 0.00375796 1.89917e-05 0.00809652 0.000543381 0.00549275 1.02508e-05 0.00433031 0.0213376 0.0125545 
0.654613 0.00117303 0.00934666 0.000317937 0.0122758 4.95579e-05 0.00280117 0.0353372 0.000154873 0.0545158 0.0192203 0.00590617 0.160754 1.15652e-07 7.73829e-05 0.00515574 5.37196e-05 0.00228064 0.00296396 9.76434e-05 0.000152394 0.0179949 0.00896899 0.0057891 
0.419413 7.10551e-06 0.0389473 0.00126165 0.0406898 5.8113e-05 0.0038148 0.154541 1.01459e-07 0.133825 0.0567652 0.0336437 0.0639627 3.8118e-12 3.52075e-06 6.46932e-05 3.25369e-05 0.00335113 0.012673 1.26921e-05 1.00238e-05 0.0113524 0.00340854 0.0221614 
0.360268 0.0278925 0.0185793 0.00227967 0.0347864 0.00610104 0.00388776 0.00822725 0.000692223 0.0375991 0.0191899 0.0318329 0.265913 2.39873e-07 8.77738e-07 0.00679247 0.000575619 0.0540293 0.00273644 0.00232683 0.00160697 0.0824586 0.000436671 0.0317871 
0.18905 0.000615716 0.12355 0.00164712 0.0263117 0.00169499 1.88312e-05 0.119056 0.00123316 0.0448062 0.0952063 0.0191855 0.188611 1.47801e-08 7.7949e-07 0.00180247 6.34396e-05 0.0098804 0.00488728 0.000264819 0.000146749 0.0486723 0.0043974 0.118898 
0.81256 1.86387e-08 0.00579013 1.47421e-05 0.00106671 1.89187e-06 0.000796599 0.00204219 7.29493e-05 0.0216431 0.0257168 0.000897243 0.0339679 1.04863e-07 2.24906e-07 3.15831e-05 0.00024812 0.0699645 0.000723341 0.00165811 0.000254193 0.00677823 1.59202e-05 0.0157558 
0.359652 0.00182244 0.0943074 0.000159782 0.0444606 0.00348192 0.0233643 0.119135 0.0101726 0.0497075 0.0185465 0.0350035 0.0455095 6.26116e-07 1.9109e-05 0.0171535 0.00211638 0.106653 0.0302353 2.70064e-05 0.00909844 0.0120551 0.000919156 0.0163998 
0.412333 5.62957e-05 0.0212414 0.000424031 0.0546022 8.13615e-05 0.00375709 0.0279089 0.263417 0.00589024 0.0212205 0.0123346 0.111255 3.05353e-05 0.000168833 0.004027 7.33783e-05 0.0117081 0.00127521 0.000160744 0.00100919 0.0434945 0.000319399 0.00321092 
0.485538 0.00324267 0.0375188 0.00361764 0.0611263 0.00552697 0.00591256 0.0720222 0.0119406 0.0176851 0.03555 0.0237082 0.152028 3.06825e-05 0.000179814 0.0127959 0.000175857 0.0226031 0.00405783 0.000631877 0.00179981 0.0292004 0.00172217 0.0113848 
0.421904 0.000130352 0.0746606 0.0010462 0.0473019 2.49982e-05 0.0073439 0.0226883 0.0130803 0.0403196 0.105205 0.0172799 0.145216 4.34722e-07 5.21238e-05 0.000571527 8.77695e-05 0.00329868 0.00117393 0.00149344 0.000219815 0.0207009 0.000148504 0.0760517 
0.355971 6.73561e-05 0.00381184 0.000565459 0.0027985 0.000131678 2.1253e-09 0.00481353 0.00135977 0.00349104 0.0219448 0.0238414 0.311081 1.05845e-12 0.000214201 0.051399 5.66644e-05 0.00929992 0.00850742 8.57055e-05 0.000122781 0.18624 0.0123964 0.00180036 
0.277829 0.000337814 0.0313715 0.00160634 0.0627095 0.00242311 0.00543011 0.200089 0.000505835 0.00966192 0.078081 0.0335197 0.163205 2.21036e-07 0.000149736 0.00220502 0.000356527 0.00860053 0.0024358 0.00128739 0.000785501 0.0562915 0.0120887 0.0490296 
0.434752 0.0098075 0.0205318 0.000390998 0.00623822 0.00121544 0.00028408 0.0495703 0.000355923 0.00162007 0.0188876 0.119604 0.26233 7.61842e-08 5.77452e-07 0.00491272 1.23104e-05 0.0103857 0.000458919 0.00402053 2.84708e-05 0.0360991 0.00165986 0.0168347 
0.645974 4.65286e-11 0.0727153 3.32239e-08 0.00678236 9.15394e-06 3.51244e-07 0.0516247 0.000206095 0.00424987 0.0296093 5.39323e-05 0.167697 1.27765e-07 7.99391e-08 1.13451e-08 6.51014e-06 0.0153837 1.19603e-07 1.18565e-05 2.09047e-07 2.85597e-08 2.39342e-11 0.00567511 
0.726177 3.25026e-05 0.0397022 1.31564e-06 0.00594055 0.00468977 2.50404e-07 0.0288294 1.2153e-05 0.0150716 0.0120229 2.02331e-08 0.154651 1.96108e-11 5.69726e-08 1.38182e-05 1.04018e-05 0.00778223 5.32108e-05 1.20566e-05 8.3586e-05 5.2892e-05 6.5945e-12 0.00486103 
0.421693 1.72162e-05 0.000512603 0.000231262 0.0173877 0.00156648 3.64008e-05 0.000460198 6.00372e-06 9.58025e-05 0.00399819 0.00142766 0.00287823 1.34643e-06 6.71016e-06 0.0056365 0.00123752 0.111847 0.250091 1.02058e-05 0.0836177 0.0939617 0.000127308 0.00315218 
0.561519 0.00539447 0.0256755 0.000429563 0.044427 0.0119841 0.0064032 0.0262643 0.0431364 0.0213622 0.0191739 0.0391946 0.0687748 0.000142691 0.00674514 0.00857258 0.000164215 0.0212731 0.00360721 0.0021517 0.0276796 0.0311891 0.0053797 0.0193559 
0.265816 0.000994102 0.0169156 0.000208655 0.0135771 0.138252 0.00020371 0.0145846 0.000288074 0.00379783 0.0260172 0.0284939 0.0916906 6.32718e-06 0.000523907 0.0143506 0.00112635 0.0788373 0.00957441 7.95906e-05 0.000408849 0.248343 0.00426068 0.0416497 
0.503649 7.36605e-05 0.110688 0.000170346 0.0030167 1.56634e-05 0.00768084 0.123056 1.62318e-05 0.110156 0.0101741 0.0150051 0.107127 1.92632e-11 7.76891e-05 0.000481317 1.55499e-05 0.00123025 0.000475504 0.000202597 0.000271854 0.00204741 0.00300741 0.00136194 
0.32021 0.000164857 0.0622765 0.000479615 0.0208419 1.55272e-05 0.000152908 0.0333838 0.0078946 0.00761608 0.0477765 0.0372389 0.284148 7.21948e-10 0.000279758 0.0200321 7.61164e-05 0.021861 0.0286433 0.00451174 0.000499562 0.0882494 0.00767828 0.0059698 
0.742004 3.04596e-09 0.0165853 2.04264e-05 0.00121791 2.73854e-06 6.02785e-05 0.025506 5.63075e-05 0.0183783 0.00761842 0.000235263 0.187363 1.09739e-12 1.25459e-07 0.000102316 2.13374e-06 0.000268263 3.24932e-09 4.40783e-09 1.01117e-08 5.61458e-05 2.24311e-09 0.000523243 
0.325623 0.00322225 0.0290467 0.000446674 0.0604032 0.00561541 0.000734532 0.0305553 0.0321883 0.00150119 0.0745988 0.018127 0.291453 8.9643e-08 1.96884e-05 0.0231751 0.000155131 0.0345372 0.0121736 0.0018206 0.000400246 0.0226474 0.00118494 0.0303711 
0.491988 0.00326968 0.0344124 0.00120175 0.0152798 0.0323062 5.73598e-05 0.0122931 0.00154842 0.00218175 0.0126469 0.0307367 0.0854091 4.68194e-09 0.000518875 0.0396095 0.0412091 0.0305732 0.00163458 0.00182618 0.000284902 0.022168 0.00231752 0.136527 
0.36758 0.000194316 0.0796933 9.32366e-06 0.339976 0.00024913 0.00789981 0.0231154 0.0271904 0.0188803 0.00338146 0.000793744 0.114158 3.49556e-06 8.80712e-07 2.78642e-06 0.000391487 0.00656092 0.000531499 3.47005e-06 0.00187717 0.00152032 5.11465e-07 0.00598645 
0.726077 1.37797e-05 0.0409214 7.81882e-05 0.0101909 0.00117235 0.00169413 0.0351457 0.000906433 0.0327593 0.00649255 0.000634879 0.135468 4.22188e-09 3.45907e-06 0.000230471 1.01971e-05 0.00421938 0.000270128 2.44478e-05 0.000231959 0.00142224 1.06878e-05 0.00202273 
0.324688 0.0112839 0.115437 0.000341188 0.00444489 4.87433e-05 0.00288163 0.139277 0.00175808 0.0065615 0.0887678 0.114137 0.0063864 0.00306529 2.89659e-06 0.00220547 0.000107024 0.0250675 0.000747359 1.7252e-05 1.65504e-05 0.0435936 0.0614466 0.0477176 
0.256014 0.00071112 0.0772373 0.00026138 0.0959282 0.00498573 0.0160362 0.140695 0.00194348 0.0477526 0.0343601 0.0633281 0.140639 1.67672e-05 0.000132411 0.010892 0.0045098 0.00414949 0.00571805 0.000121611 0.00307601 0.022364 0.00117508 0.0679523 
0.313079 0.00713939 0.0167447 0.00125698 0.0135121 0.000117023 0.00271106 0.0428097 0.00267594 0.0185831 0.02518 0.0802207 0.212159 0.000152801 0.00101652 0.036585 0.000550969 0.0273706 0.00361839 0.00600753 0.000736349 0.148842 0.00505661 0.0338752 
0.462579 0.000136003 0.0565591 6.74023e-05 0.0250121 0.0234104 0.00130307 0.0687462 0.000144591 0.0132936 0.00578297 0.00591612 0.238636 3.75046e-12 3.34313e-05 0.000788597 0.0722042 0.00847697 0.000774878 0.000239491 7.37611e-08 0.00247073 2.52152e-09 0.013425 
0.735943 3.76833e-05 0.0474869 0.000127407 0.00487288 0.000126733 0.00318137 0.0384432 0.00125758 0.0161242 0.019121 0.0468779 0.0570227 2.08322e-07 0.000404561 0.000293485 4.08862e-05 0.00373588 0.00285343 0.00739072 0.000242192 0.0124864 0.000308407 0.00162166 
0.363785 0.00196407 0.0597855 0.000541628 0.00937835 0.120908 0.000115265 0.0356805 3.31883e-05 0.0123137 0.0131528 0.00382778 0.126661 2.43657e-11 0.000712415 0.00105674 0.000184197 0.0417148 0.00246562 0.000862182 0.00219511 0.0895263 3.79437e-05 0.113097 
0.370895 0.0023955 0.0139093 0.00173099 0.0178219 0.065267 0.00124486 0.0556945 0.00518652 0.0153866 0.0727203 0.0283371 0.217147 0.0014108 0.000115864 0.0615442 0.000593528 0.00721132 0.0108634 5.86115e-05 0.00122815 0.0360465 0.000486933 0.0127042 
0.436464 0.00273269 0.00636366 0.209153 0.0104503 0.00991228 0.00024525 0.014557 2.45314e-05 0.0153466 0.0019977 0.0171256 0.106444 1.41044e-05 4.55931e-05 0.000435355 0.00052287 0.0379657 0.00158271 1.0451e-05 0.000850316 0.11814 0.00913927 0.000477305 
0.68097 6.10989e-05 0.00836089 0.000178338 0.0041981 0.000456063 0.000340815 0.000574018 0.00172757 0.00131625 0.0185911 0.00262543 0.128672 1.30828e-07 0.048181 0.000514516 6.03375e-05 0.0060013 0.00366968 9.58131e-05 5.98235e-05 0.0929076 0.000149392 0.000288257 
0.321898 0.00216832 0.0636409 0.00373743 0.124706 0.0275895 0.0062058 0.026436 0.0605056 0.0282709 0.0524514 0.0314574 0.154731 1.34654e-06 5.27605e-05 0.00735807 0.000317191 0.0308783 0.00272974 0.00148312 0.000899535 0.0241551 0.000810858 0.0275154 
0.500663 0.000548263 0.0194587 5.63786e-05 0.152369 0.00244522 0.00239074 0.0199852 0.00233306 0.00442441 0.0242001 0.0383226 0.10129 9.70752e-11 9.20218e-09 0.0915444 6.60298e-05 0.0145768 2.23809e-05 0.0107152 0.000284794 0.00966947 8.24173e-05 0.00455208 
0.185594 0.000464572 0.0918844 0.000445179 0.00681997 9.9812e-06 0.0132245 0.0714304 6.10128e-05 0.125826 0.0186206 0.115347 0.115793 3.87594e-11 2.3807e-06 0.00674643 8.00303e-05 0.0202358 0.00697805 3.31932e-05 0.000413165 0.161827 0.0557508 0.0024135 
0.718775 0.00132595 0.00459166 0.00676642 0.00290147 3.07353e-06 0.00091659 0.00887825 9.01383e-05 0.00457157 0.0119337 0.0303331 0.0762854 3.13685e-10 1.61428e-08 0.00734833 0.00029669 0.077759 0.00122175 9.42154e-08 1.54361e-07 0.036407 0.0088097 0.00078476 
0.554513 4.65991e-05 0.00748699 0.000487191 0.00384149 6.24887e-05 0.000265607 0.0348743 4.41122e-05 0.0450221 0.0103864 0.00760797 0.279392 9.95178e-08 0.000193105 0.00809597 2.05871e-05 0.00200278 0.00687348 6.74679e-05 8.0197e-05 0.0357466 0.00119381 0.00169487 
0.491361 0.000238497 0.0159647 4.95614e-05 0.0204029 1.01464e-07 0.000126808 0.0144239 0.159042 0.00189933 0.0174609 0.0166912 0.195943 9.11424e-09 1.49743e-07 0.00325739 0.000456826 0.0336832 0.000693197 6.32864e-05 0.000246877 0.0275954 6.10954e-05 0.00033922 
0.383665 0.000311502 0.0290266 1.47047e-06 0.321093 0.032598 0.00355216 0.0960329 0.0020882 0.0015432 0.0123726 0.00527111 0.0197161 1.34635e-07 1.33898e-05 0.00136401 0.000171705 0.0105322 0.0030932 0.00174028 0.0716015 0.000583584 6.31335e-07 0.0036272 
0.255223 0.00617346 0.0667081 0.00320508 0.0839062 0.00496713 0.0053847 0.138008 0.0120866 0.049396 0.0525828 0.0341117 0.171836 8.78454e-05 0.000399563 0.00860662 0.000377348 0.0167225 0.0076308 0.00439268 0.00603303 0.0373852 0.00319641 0.031579 
0.804432 5.583e-07 0.0184563 3.05421e-05 0.00205404 0.0132003 5.42302e-05 0.00726312 0.000286929 0.00265237 0.00982012 0.000454551 0.121602 3.44064e-06 2.52113e-06 0.00537418 1.47934e-05 0.0103264 0.000298557 3.54144e-05 0.00010726 0.000393461 1.25251e-06 0.00313596 
0.216362 0.0141189 0.0978997 5.61652e-05 0.043194 0.0032762 0.00784724 0.0334239 0.0223742 0.000731606 0.0451802 0.0836823 0.189716 1.33877e-06 3.48117e-05 0.000555099 0.000625702 0.00923846 0.0305377 0.0022151 0.00527837 0.15808 0.00227752 0.033294 
0.405748 0.000124911 0.0135453 7.76609e-09 0.00313806 7.76783e-06 2.7122e-05 0.00742467 0.0101129 0.0241225 0.00381625 0.0214937 0.28283 4.38751e-10 3.76391e-08 0.00104079 0.00162982 0.00345734 0.111424 1.78938e-06 0.00115603 0.0930901 0.0112312 0.00457759 
0.277248 0.00582382 0.0379401 0.000137579 0.0622731 0.000209409 0.00216355 0.0687241 0.00352834 0.000576442 0.0594168 0.0685586 0.134189 2.38356e-06 0.000474412 0.0168652 0.0117201 0.00822905 0.0356231 4.90388e-05 0.0165579 0.183731 0.000418437 0.00554076 
0.751118 0.0203597 0.0133469 0.00024196 0.0124455 7.29851e-06 0.00608679 0.0192328 0.00100864 0.0219766 0.00660463 0.0133767 0.0805932 3.20898e-11 2.72399e-06 0.00428545 0.000190458 0.00185783 0.0295332 0.000853502 2.19065e-05 0.0128516 0.00191396 0.00209052 
0.569036 3.71632e-05 0.127518 6.53945e-05 0.0190697 1.22059e-05 0.000788887 0.0164247 0.00698721 0.0129191 0.00610431 0.00847418 0.194416 7.57779e-06 1.88043e-06 0.0206199 5.0855e-05 0.00352705 0.00370848 2.05957e-05 0.00317357 0.00645329 8.28961e-05 0.000500591 
0.215222 0.000397437 0.174009 0.00174932 0.0172344 5.99423e-05 0.000856856 0.0574291 0.000107372 0.0800238 0.0210418 0.00797016 0.212602 8.20243e-07 0.000229022 0.000963715 0.000129783 0.0178911 0.00100882 0.000113387 0.0082492 0.177476 0.000474553 0.00476056 
0.320528 0.000310721 0.0311432 0.00281251 0.00129567 2.48509e-05 0.000859072 0.0159935 0.0252562 0.257561 0.00173386 0.0456151 0.00334604 4.57842e-09 3.71254e-07 0.0498207 0.0115843 0.00999618 0.00136945 0.000952629 1.80544e-07 0.218772 3.70143e-09 0.00102434 
0.390086 0.00404184 0.100884 0.000764818 0.0878061 0.00217848 0.0102373 0.0819134 0.00888972 0.00745153 0.0476915 0.0522498 0.0930589 2.11269e-08 5.5751e-05 0.0128479 0.00158391 0.0039183 0.00888093 0.000333996 0.00387735 0.0639278 0.0104196 0.00690108 
0.457723 0.004251 0.00936267 0.000422076 0.00748658 2.42729e-05 0.00122987 0.0663026 1.90529e-05 0.00450296 0.0210966 0.0336196 0.34485 0.000638058 2.74449e-06 0.0368857 0.000168178 0.00128376 0.000883299 0.00033919 0.000727384 0.00557046 0.00130297 0.00130789 
