0.0035918 0.000362745 0.00339337 0.000980133 0.0150791 7.44904e-06 5.30627e-05 0.0196319 0.00068745 9.59e-05 0.861057 0.0156242 0.0279173 5.3896e-12 1.28564e-06 0.0114441 0.000285474 0.017182 2.44423e-05 0.000296615 6.98043e-07 0.00171784 0.000341245 0.0202253 
0.0035918 0.000362745 0.00339337 0.000980133 0.0150791 7.44904e-06 5.30627e-05 0.0196319 0.00068745 9.59e-05 0.861057 0.0156242 0.0279173 5.3896e-12 1.28564e-06 0.0114441 0.000285474 0.017182 2.44423e-05 0.000296615 6.98043e-07 0.00171784 0.000341245 0.0202253 
0.0379134 0.00203393 0.00910733 8.43652e-05 0.0665496 0.0027138 1.96058e-08 0.0106248 0.000303991 2.59633e-05 0.497027 0.034454 0.0226635 4.40047e-12 1.69416e-06 0.183615 0.000106145 0.0111799 0.000550378 0.0727773 1.96979e-08 0.00095906 4.1779e-05 0.0472675 
0.00671748 0.00116236 0.0105025 0.00041695 0.016947 3.32209e-05 0.00895957 0.0707341 0.000179012 0.00330217 0.349977 0.0707923 0.286488 0.0171011 8.74239e-06 0.00565295 0.000122812 0.0131779 0.00378017 0.000441449 0.00049777 0.126807 0.00534565 0.000853518 
0.0325584 0.0575452 0.0359684 0.0995623 0.0168381 0.000320854 0.00364185 0.10514 1.46564e-10 0.00502757 0.415509 0.0183625 0.0903148 2.43524e-05 1.42873e-11 0.01605 8.07795e-05 0.0157303 0.00231542 0.00017132 0.000157567 0.0297773 0.00187801 0.0530256 
0.00196672 0.000106523 0.00023951 8.43817e-08 0.0137848 4.16647e-06 9.92983e-05 0.0267101 0.000138124 4.82093e-06 0.834742 0.011878 0.0699472 2.73284e-11 2.65295e-05 0.00028556 5.60963e-06 0.00108615 0.00125429 8.22707e-06 4.15612e-07 0.0359475 0.000972705 0.000791497 
0.0035918 0.000362745 0.00339337 0.000980133 0.0150791 7.44904e-06 5.30627e-05 0.0196319 0.00068745 9.59e-05 0.861057 0.0156242 0.0279173 5.3896e-12 1.28564e-06 0.0114441 0.000285474 0.017182 2.44423e-05 0.000296615 6.98043e-07 0.00171784 0.000341245 0.0202253 
0.0359758 2.61213e-08 0.00143672 0.00117277 0.346083 1.05703e-05 0.0066982 0.010609 0.00103977 3.04877e-05 0.405117 0.00125763 0.0658554 1.59998e-09 1.35123e-05 0.000222941 0.000252654 0.0124485 3.22845e-05 1.1997e-05 0.000143931 0.00990758 3.97315e-05 0.10164 
0.0161749 0.000292103 0.00468337 0.000893723 0.0175533 1.33536e-05 4.7535e-05 0.0264319 0.00298841 0.00140047 0.800213 0.0178301 0.0543319 7.79227e-12 1.20736e-06 0.0144067 0.000201806 0.0183978 0.000269415 0.000207816 4.50796e-06 0.00726051 0.00220217 0.0141938 
0.0313443 0.00335615 0.0333696 0.0020744 0.027819 0.132463 0.00682711 0.0856885 0.00326797 0.0105672 0.284433 0.0792739 0.0777646 1.14925e-07 0.000491022 0.0160322 0.000503173 0.0234598 0.0313481 0.00115353 0.000370536 0.0728454 0.00243682 0.0731108 
0.0179827 0.000192437 0.000717437 6.92084e-05 0.00726509 3.65163e-05 0.000149489 0.022955 0.000227317 9.34889e-05 0.618076 0.0152151 0.20202 2.26849e-12 0.00140749 0.00152154 1.95208e-05 0.00218609 0.00409559 3.39389e-05 3.52596e-05 0.103791 0.000369479 0.00154035 
0.0035918 0.000362745 0.00339337 0.000980133 0.0150791 7.44904e-06 5.30627e-05 0.0196319 0.00068745 9.59e-05 0.861057 0.0156242 0.0279173 5.3896e-12 1.28564e-06 0.0114441 0.000285474 0.017182 2.44423e-05 0.000296615 6.98043e-07 0.00171784 0.000341245 0.0202253 
0.00942904 0.000243883 0.00681619 0.000220467 0.0293187 8.63855e-06 0.00160225 0.295048 0.00768986 0.00230629 0.477163 0.0265985 0.0905615 7.36869e-09 2.0123e-06 0.000247315 2.8224e-05 0.000210376 0.000150126 0.00083934 2.78271e-05 0.000496723 0.00558023 0.0454113 
3.63592e-08 0.000679325 0.00234019 2.34177e-07 1.38035e-05 0.000810005 1.58285e-07 0.000522564 0.000298474 1.0246e-07 0.982475 0.00026494 2.16568e-08 3.99531e-07 2.45545e-07 5.47346e-05 5.05915e-07 1.13885e-07 1.65825e-07 0.00255053 2.89835e-07 0.000749827 1.3435e-07 0.00923835 
0.0272733 0.00115161 0.0333181 0.00106425 0.0342984 0.0221697 0.0251599 0.092147 0.00370389 0.0177279 0.446625 0.119675 0.046185 3.68606e-07 1.05624e-05 0.0266709 7.74029e-05 0.00360874 0.00175307 0.0272783 0.000241356 0.050972 0.00355594 0.0153326 
0.00600507 0.000464881 0.0039554 4.82966e-05 0.012532 2.43515e-05 0.0105507 0.0213138 0.000323633 0.00431112 0.723708 0.0782657 0.046024 2.1565e-08 0.000498404 0.0347543 8.97845e-05 0.000561976 0.000519471 0.000508577 4.06044e-05 0.0537142 0.000293288 0.00149233 
0.000248031 0.000526077 0.00420538 0.000229305 0.00483573 2.75869e-05 0.000287272 0.0162641 0.00040605 4.74641e-05 0.86932 0.0314044 0.0150916 1.02302e-12 1.74017e-06 0.0229397 5.62018e-05 0.000595034 0.000787421 0.0009887 6.90816e-06 0.00159575 0.000103669 0.0300324 
0.00951943 0.000443513 0.0315991 0.00329793 0.116661 3.50487e-05 0.020075 0.209682 0.0213759 0.000533004 0.334549 0.0809717 0.103993 1.13821e-06 0.000198854 0.00589782 0.000387903 0.000422453 0.0294852 0.000363498 0.000389233 0.0255175 0.000345108 0.00425596 
0.0152967 0.00104588 0.00118074 0.000148257 0.0182619 2.55852e-05 0.00790487 0.0289706 0.000246698 0.00238755 0.5708 0.0594178 0.186697 1.09832e-08 0.00106012 0.0174617 0.000133261 0.00135038 0.000382085 0.000292472 0.000305247 0.0543535 0.000278517 0.0319987 
0.0767104 1.56356e-05 0.0141822 7.38611e-05 0.00457515 0.000240769 0.00092312 0.0341017 0.000126875 0.0193638 0.484106 0.0135638 0.137294 1.09835e-11 1.31828e-06 0.000239668 0.000424319 0.0352652 0.00305166 1.88689e-05 0.000715554 0.173896 0.00061169 0.000498087 
0.0400867 0.00438079 0.0292559 0.000775593 0.182676 0.00029702 0.0101492 0.072336 0.0348296 0.00548689 0.251027 0.0731808 0.116224 5.31641e-05 0.00189103 0.0177634 0.000195755 0.0120589 0.00297843 0.00314729 0.00410203 0.0261544 0.00824676 0.102704 
0.0035918 0.000362745 0.00339337 0.000980133 0.0150791 7.44904e-06 5.30627e-05 0.0196319 0.00068745 9.59e-05 0.861057 0.0156242 0.0279173 5.3896e-12 1.28564e-06 0.0114441 0.000285474 0.017182 2.44423e-05 0.000296615 6.98043e-07 0.00171784 0.000341245 0.0202253 
0.00621942 0.000155741 0.00867365 2.55824e-05 0.00749332 3.22864e-08 0.00073087 0.156757 2.56224e-08 0.00384941 0.732769 0.0043763 0.0652362 2.4944e-06 5.11749e-09 0.000407737 2.11486e-05 0.00136731 0.000191029 6.52389e-05 5.76061e-08 0.00380646 0.0054411 0.00241128 
0.0733152 5.17084e-05 0.00762004 7.14907e-05 0.122562 7.74442e-05 0.00105072 0.0332788 0.00217739 0.00082708 0.671633 0.00353021 0.0566492 4.38647e-10 3.26987e-06 0.00175762 2.27984e-05 0.00137586 0.00135598 2.74436e-05 0.000216119 0.00728534 2.32141e-05 0.0150878 
0.029274 0.0016118 0.0442419 0.000278081 0.0972643 0.00391363 0.00501191 0.0495993 0.000842836 0.00537425 0.33516 0.0497203 0.134192 0.0003603 1.13941e-05 0.0329156 4.5363e-05 0.0434138 0.00150934 0.0254444 0.000772312 0.0414756 0.00238237 0.0951851 
0.0112455 0.000127251 0.02439 0.000314993 0.00428064 9.20811e-06 0.00322016 0.0667154 7.88665e-06 0.00287392 0.717334 0.00653673 0.0747777 2.47823e-06 1.08813e-08 0.000627095 6.23397e-06 0.0207057 0.000291657 0.00147909 8.18087e-06 0.000616444 0.0319203 0.0325097 
0.0186515 0.000723539 0.0128707 0.00215804 0.0141816 6.11009e-05 0.00223106 0.0876882 0.00107432 0.00162416 0.364373 0.0288719 0.16281 8.37049e-05 1.0175e-05 0.0165067 0.000213249 0.00505551 0.00161007 0.000156397 0.000158713 0.00911089 0.00176597 0.268009 
0.000248031 0.000526077 0.00420538 0.000229305 0.00483573 2.75869e-05 0.000287272 0.0162641 0.00040605 4.74641e-05 0.86932 0.0314044 0.0150916 1.02302e-12 1.74017e-06 0.0229397 5.62018e-05 0.000595034 0.000787421 0.0009887 6.90816e-06 0.00159575 0.000103669 0.0300324 
0.000123369 0.00226346 0.0464511 0.000188526 0.000185358 2.27709e-09 2.7127e-05 0.0460896 1.04846e-10 0.00256506 0.414192 0.0378871 0.39101 1.70103e-11 7.49744e-06 0.0347526 1.18666e-06 0.0174971 4.53934e-05 0.000110101 1.66075e-05 0.00569425 0.000779198 0.000113073 
0.00786696 0.000218313 0.0260614 0.000652967 0.0231992 2.32623e-05 0.00437387 0.0677906 0.00341287 0.00125767 0.403736 0.116733 0.0866643 2.37524e-08 3.11865e-06 0.00430359 0.0066699 5.16459e-05 0.0524035 1.70369e-05 1.02939e-05 0.163626 0.00298082 0.0279444 
0.0029941 0.000597155 0.00366449 0.000590654 0.00514028 6.33815e-05 0.00165084 0.14777 8.10719e-07 0.00276112 0.449654 0.0330201 0.215763 9.95803e-08 1.74468e-07 0.00343638 2.45525e-06 0.000444628 0.00153927 7.72044e-06 1.16456e-05 0.00211775 0.000484721 0.128286 
0.00793483 0.000160509 0.101581 0.000125239 0.0084802 2.1239e-05 0.0754596 0.0523301 7.29015e-07 0.0151553 0.264956 0.153712 0.0600941 0.000137767 1.52758e-05 0.0211482 0.0144925 0.000715405 0.00186244 5.18398e-06 0.00737918 0.172457 0.0011159 0.04066 
0.0897837 1.61619e-09 0.0788416 1.4491e-09 2.83777e-10 5.62113e-07 9.79477e-10 2.07272e-10 5.53846e-06 0.0657043 0.689468 6.55747e-06 3.98289e-05 2.47232e-09 1.51945e-09 2.82015e-10 3.13063e-09 0.000238905 1.02614e-09 1.33741e-09 1.79351e-09 0.0758998 1.11411e-05 4.51556e-10 
0.0974357 0.00242555 0.0439222 9.19472e-05 0.101856 0.000346537 0.0031383 0.0388795 0.0167321 0.0168952 0.274819 0.02499 0.136691 8.99118e-12 1.11822e-05 0.00652114 0.00143639 0.13482 0.00877981 6.62377e-05 0.000335623 0.0298165 7.0554e-05 0.0599191 
0.0271402 0.000742421 0.00971552 9.37398e-05 0.0681083 0.00208028 0.00113595 0.0351108 0.00117299 0.00047601 0.668035 0.0167644 0.0556485 2.9619e-12 7.54497e-06 0.0140268 3.10837e-05 0.00527432 0.00136055 0.0229766 5.38521e-06 0.0151506 3.79081e-05 0.0549053 
6.15937e-06 1.25376e-06 1.29115e-06 2.17853e-06 1.27814e-06 2.24753e-07 1.34e-06 0.354353 3.69971e-11 9.45554e-07 0.446931 0.198666 1.3373e-05 7.43348e-11 4.5685e-11 1.56876e-07 9.41282e-11 1.76931e-06 4.01116e-07 7.24215e-08 2.10362e-07 4.14092e-06 1.30132e-05 2.34202e-06 
0.0181345 0.000273439 0.0253273 0.00291676 0.0105963 4.77359e-05 0.000999383 0.0486852 0.000275021 0.000781371 0.581898 0.0143132 0.168426 3.44423e-12 8.91271e-05 0.0135867 7.7207e-05 0.000641844 0.00826849 0.000114436 0.000149539 0.0270764 0.000258873 0.0770627 
0.0157687 0.000709636 0.0261649 0.00350419 0.103181 4.85841e-05 0.00547464 0.0566388 0.00704511 0.00531937 0.186743 0.172817 0.121414 0.0021413 3.76833e-05 0.10125 0.00134592 0.046622 0.0506496 0.000179854 0.0112479 0.0138949 0.000352005 0.0674488 
0.00028896 4.02933e-08 0.0189965 1.08893e-07 0.00658956 0.00034963 0.000126725 0.0523811 1.69323e-10 6.1801e-08 0.712379 0.000483289 0.0179304 7.66805e-12 4.71266e-12 0.000355148 2.20463e-08 0.00245632 0.00174444 0.00015587 6.11323e-08 0.000792121 0.0481715 0.136799 
0.00757554 0.000648189 0.0035877 5.11561e-06 0.00433425 2.25699e-05 0.000399849 0.0611158 9.1971e-05 0.00112449 0.52613 0.0616445 0.153711 9.21091e-12 9.96457e-05 0.0041644 1.07973e-05 0.00334912 0.00120653 0.000791566 1.61348e-05 0.168833 0.00067234 0.000465439 
0.00450239 7.54623e-05 0.0167132 7.29158e-05 0.0143478 0.000267483 0.000422339 0.0793235 2.23289e-07 0.00139634 0.573587 0.00308657 0.128021 6.91924e-10 3.82959e-08 0.000467433 2.33905e-05 0.00383579 0.00185056 7.7948e-05 1.86441e-05 0.00777037 0.0412771 0.122863 
0.0161749 0.000292103 0.00468337 0.000893723 0.0175533 1.33536e-05 4.7535e-05 0.0264319 0.00298841 0.00140047 0.800213 0.0178301 0.0543319 7.79227e-12 1.20736e-06 0.0144067 0.000201806 0.0183978 0.000269415 0.000207816 4.50796e-06 0.00726051 0.00220217 0.0141938 
0.0107522 0.000654919 0.00713124 0.000315706 0.0620819 6.34955e-05 0.00315979 0.0524754 0.000734681 0.000465081 0.682484 0.0482928 0.0484231 1.12843e-11 8.59216e-06 0.0271576 2.25952e-05 0.00519813 0.00386416 0.00369553 8.877e-05 0.0260344 0.00237114 0.0145247 
0.0190619 4.1237e-06 0.00786457 3.6377e-11 0.0104044 1.08462e-11 3.36558e-08 0.113575 0.000280147 0.000279264 0.523436 0.0134163 0.293398 2.16544e-07 2.46333e-08 1.4189e-07 9.23029e-06 0.00289336 0.00221709 0.00310199 1.41952e-07 0.00471546 1.52231e-05 0.00532805 
0.0035918 0.000362745 0.00339337 0.000980133 0.0150791 7.44904e-06 5.30627e-05 0.0196319 0.00068745 9.59e-05 0.861057 0.0156242 0.0279173 5.3896e-12 1.28564e-06 0.0114441 0.000285474 0.017182 2.44423e-05 0.000296615 6.98043e-07 0.00171784 0.000341245 0.0202253 
0.0349675 0.0128552 0.0123673 0.00125781 0.0233585 9.22637e-05 0.0217244 0.116794 0.00456619 0.00359509 0.365211 0.18229 0.0584712 1.95131e-07 3.75038e-05 0.0308095 0.000199931 0.0244434 0.00535844 0.00614902 0.000796738 0.0261187 0.0467495 0.0217869 
0.0271708 8.26304e-05 0.0578741 0.00212606 0.0442155 9.00685e-06 0.00137721 0.018254 0.00339417 1.10583e-07 0.450029 0.0164993 0.29139 5.77116e-09 3.05842e-07 0.0011978 4.11808e-05 0.000265074 0.00299705 0.00291199 2.0128e-08 0.0060939 0.00058624 0.0734842 
0.042192 0.0165819 0.0346334 0.00117166 0.0749 0.000203264 0.0013898 0.0826992 0.000364414 0.00170962 0.305928 0.0750407 0.0639636 3.92622e-07 6.5057e-06 0.0426303 0.000109807 0.00418448 0.00315133 0.0016276 5.02375e-05 0.0191612 0.00118712 0.227114 
0.0169952 0.0010164 0.0139615 0.0017017 0.0305006 0.00079385 0.000170659 0.0122735 0.00152728 0.000683287 0.38628 0.0171602 0.0788848 1.07199e-07 1.0194e-06 0.0319191 4.45967e-05 0.0159382 0.000898265 0.14308 2.57771e-05 0.00390899 3.14762e-05 0.242204 
0.0446622 0.000189232 0.148799 1.33184e-08 0.0199374 3.97102e-09 0.0494044 0.220595 0.000495748 0.00427642 0.364644 0.0128106 0.0734364 2.27227e-08 6.22854e-08 1.55429e-05 1.58964e-07 0.00513258 0.000113347 2.67481e-07 2.27062e-05 1.77878e-06 0.000419524 0.0550432 
0.011498 0.000250099 0.00823143 0.000241619 0.00696297 0.000192942 0.000276343 0.0280193 0.000821533 0.00741639 0.403129 0.0197848 0.0573833 1.00836e-10 1.26418e-05 0.00954392 0.000172895 0.00345003 0.0271439 0.00271028 0.000156018 0.0151678 0.000304972 0.39713 
0.000248031 0.000526077 0.00420538 0.000229305 0.00483573 2.75869e-05 0.000287272 0.0162641 0.00040605 4.74641e-05 0.86932 0.0314044 0.0150916 1.02302e-12 1.74017e-06 0.0229397 5.62018e-05 0.000595034 0.000787421 0.0009887 6.90816e-06 0.00159575 0.000103669 0.0300324 
0.00165017 0.000219587 0.0124787 0.000536761 0.00728996 0.000491551 6.83041e-06 0.0171201 0.00287141 0.000372205 0.804097 0.0189336 0.0735854 1.22316e-07 0.0142391 0.000552861 9.97915e-06 0.014032 0.0126601 0.000232452 3.17285e-06 0.00340704 0.000412112 0.0147978 
0.045168 0.00558492 0.000529387 0.00174776 0.0588027 3.41018e-05 0.00158279 0.0370601 0.101142 0.0109452 0.508064 0.0340791 0.116899 8.33168e-06 7.26794e-05 0.000262676 8.18683e-07 0.0125481 0.00603674 0.00137347 0.000715466 0.018044 0.000148459 0.0391502 
0.00771405 9.15299e-05 0.054572 7.26755e-06 0.0154256 7.90601e-07 0.000305909 0.121969 0.000589318 1.21837e-09 0.580116 0.0311527 0.101647 1.86641e-05 1.00408e-06 0.00169746 1.68189e-05 0.0090098 0.0578187 0.000265642 1.67375e-05 0.016664 0.000209525 0.000690337 
0.0339206 0.00222672 0.0217413 6.20183e-05 0.0925256 5.17315e-05 0.00217204 0.0319552 0.0830328 0.000996627 0.510515 0.0578584 0.0998334 1.81721e-10 1.74656e-05 0.00279011 5.67787e-05 0.0246199 0.00545047 0.00110281 0.00279433 0.00931524 0.000236005 0.0167254 
0.00045109 0.00102192 0.00655242 0.000136378 0.000154627 1.2674e-05 0.000219308 0.062936 5.16278e-07 0.000640374 0.248154 0.189561 0.0922745 2.40023e-10 8.13411e-06 0.219363 0.000240327 0.000588523 0.000194446 7.0253e-06 4.30555e-08 0.175998 0.000566972 0.000917441 
1.1106e-06 1.10953e-06 0.12349 1.10966e-06 0.0345394 1.11044e-06 1.11002e-06 0.193359 1.10983e-06 1.11028e-06 0.302973 0.0114411 0.239129 1.10887e-06 1.1096e-06 1.11055e-06 0.000776961 1.11023e-06 1.10998e-06 0.00466204 1.10939e-06 1.11059e-06 1.11013e-06 0.0896124 
0.00468699 1.57946e-06 0.000815352 1.41616e-06 0.120001 7.06145e-05 0.000434762 0.366663 0.000631854 0.000378298 0.463384 0.0259752 0.000932682 2.41613e-06 1.48491e-06 2.75606e-07 3.93879e-05 0.0112094 0.000802772 1.30701e-06 0.00136843 0.00239644 0.000102109 9.91268e-05 
0.0035918 0.000362745 0.00339337 0.000980133 0.0150791 7.44904e-06 5.30627e-05 0.0196319 0.00068745 9.59e-05 0.861057 0.0156242 0.0279173 5.3896e-12 1.28564e-06 0.0114441 0.000285474 0.017182 2.44423e-05 0.000296615 6.98043e-07 0.00171784 0.000341245 0.0202253 
0.00777132 0.00013633 0.0175397 0.000173742 0.020048 3.71519e-06 0.00388637 0.102891 0.000431955 0.000867633 0.697037 0.0173712 0.0369512 2.13677e-11 4.30635e-07 0.00157836 0.000141887 0.000706864 0.00247634 2.48667e-05 1.45852e-08 0.0014731 1.42346e-06 0.0884872 
1.1106e-06 1.10953e-06 0.12349 1.10966e-06 0.0345394 1.11044e-06 1.11002e-06 0.193359 1.10983e-06 1.11028e-06 0.302973 0.0114411 0.239129 1.10887e-06 1.1096e-06 1.11055e-06 0.000776961 1.11023e-06 1.10998e-06 0.00466204 1.10939e-06 1.11059e-06 1.11013e-06 0.0896124 
0.00162982 1.32959e-05 0.00165139 8.17732e-05 0.0142139 1.29678e-05 0.0012377 0.0357408 6.97484e-08 6.49206e-05 0.850425 0.0078741 0.0234508 1.41307e-12 1.48424e-06 0.00552322 7.62761e-06 3.11445e-05 0.000164629 3.25202e-05 8.91165e-09 0.000954847 4.95523e-06 0.0568833 
0.0198586 4.92599e-08 0.0208778 5.66172e-12 0.014901 1.41817e-08 8.76395e-08 0.0676615 0.000242201 0.0011522 0.383252 0.0129148 0.309358 9.65951e-12 5.93658e-12 1.10185e-12 8.82877e-06 0.0148732 0.0350352 5.22535e-12 0.00193296 0.117195 2.04669e-08 0.000735726 
0.0145151 0.000176916 0.0116567 0.000132394 0.058042 0.0109922 0.0132227 0.0903595 9.32246e-05 0.000328252 0.555913 0.0213823 0.0948457 6.69679e-11 0.000687219 0.0355262 4.56296e-06 0.00123528 0.0226166 0.000553082 0.000959261 0.0235654 0.0108919 0.0323006 
0.00508288 0.000137847 0.00599649 0.000191026 0.0275116 4.70244e-05 0.00478561 0.06469 0.000401475 0.000354325 0.782161 0.0059823 0.0341283 1.15764e-11 3.33108e-06 0.00225727 1.05377e-05 0.000130298 0.000137439 4.00063e-05 4.29184e-05 0.0030912 6.18243e-06 0.0628106 
0.0263605 0.000434441 0.0177774 0.000470528 0.0153928 0.00449867 4.59679e-05 0.0523794 0.000683981 0.00403578 0.466015 0.0645769 0.125826 3.90821e-07 9.68515e-06 0.039164 0.000107175 0.00557369 0.0379456 0.000264738 0.00157949 0.0943487 0.000785409 0.0417234 
0.0351185 7.52689e-05 0.0152882 7.43444e-05 0.116364 4.40649e-05 0.00108234 0.171828 0.000455159 0.00271388 0.370629 0.0677925 0.0271955 0.000239801 9.2147e-09 1.60851e-05 0.000171089 0.00745869 0.000270651 4.26816e-07 0.000414892 0.00808991 0.00941941 0.165258 
0.00174442 0.000476387 0.0133018 1.68121e-05 0.015432 4.99612e-06 2.25393e-09 0.0192635 4.66023e-05 1.79312e-05 0.841345 0.0170975 0.0664337 5.4014e-12 4.08844e-07 0.00129002 6.43418e-05 0.000628993 0.000200971 0.000283635 9.98221e-06 0.00245654 2.12253e-06 0.0198828 
0.0215171 5.43601e-10 0.00398777 0.00613355 0.161846 5.90032e-06 0.245508 0.00660678 0.0385432 1.66262e-05 0.261684 0.000679433 0.214834 0.000729928 4.27476e-05 2.42101e-05 1.69913e-05 0.00161091 1.57187e-05 1.10521e-05 3.09762e-07 0.0157167 0.000566359 0.0199023 
0.049012 0.000939508 0.0250557 0.000487721 0.0502929 0.00527333 0.0413254 0.0978253 0.000621786 0.0193287 0.362336 0.0534058 0.204825 0.000511487 0.00044122 0.0265176 7.94134e-05 0.00428661 0.00435818 0.000681831 0.000496685 0.0302483 0.00278129 0.0188675 
0.0156171 0.00024983 0.0182043 2.60584e-05 0.00671524 0.000125743 0.00565564 0.0114195 0.00236005 0.01484 0.688707 0.0512397 0.0669616 1.32738e-07 0.00027173 0.0186214 4.85455e-05 0.0145864 0.000278836 0.000272994 2.22068e-05 0.0824684 0.000508 0.000800136 
0.0303789 1.08651e-05 0.0110639 0.0383524 0.0689696 1.48075e-05 0.00220702 0.0673602 0.000439458 0.00144221 0.621094 0.0207141 0.0454412 1.81363e-09 1.13114e-06 0.0490149 9.2437e-06 0.00272064 0.0262299 0.000681023 0.00191145 0.00503105 0.00326388 0.00364842 
0.0486037 0.0079399 0.00760553 0.000221478 0.0664754 0.00179624 0.000608224 0.0445915 0.00697863 0.000650894 0.566635 0.0625816 0.0290927 2.4693e-11 1.63273e-06 0.00243448 0.000124674 0.014408 0.00209126 0.0313877 9.31591e-05 0.00125869 0.000108253 0.104311 
0.010547 0.000236809 0.00407199 0.000592601 0.0104526 7.51228e-06 0.000989409 0.0403085 5.55345e-07 0.000310787 0.69323 0.0139258 0.167369 6.14346e-06 5.68614e-06 0.00269664 0.000174763 0.00117693 8.37218e-06 5.11898e-05 8.2832e-07 0.00234795 0.00378927 0.0477004 
0.070561 4.77882e-05 0.0519934 5.78515e-05 0.0282153 7.01082e-05 0.00269493 0.0517589 0.000210901 0.0293296 0.663151 0.00673725 0.0313261 0.000290934 4.90608e-07 0.00177744 1.75285e-05 0.0121912 0.000635254 0.000244597 0.000530631 0.00156262 0.00107926 0.0455159 
0.0262222 0.000634263 0.0127483 0.000312208 0.00963411 4.79568e-06 0.000925832 0.0680942 1.23563e-05 0.000688739 0.491464 0.00930045 0.272858 5.17457e-12 2.63777e-05 0.000162237 5.29163e-05 0.000525896 0.000705642 7.27291e-06 9.68169e-05 0.0322548 0.000384863 0.0728834 
0.0427731 0.00573578 0.0367625 0.0883847 0.101796 0.00619257 0.0130449 0.0694197 0.0120352 0.00282495 0.227656 0.0557456 0.166657 2.05598e-06 0.002693 0.00643207 0.00105846 0.0131871 0.00583771 0.00366456 0.00134527 0.0472272 0.00188238 0.087642 
0.0355494 0.00141605 0.0445528 0.00109877 0.0314029 2.21524e-05 0.00125227 0.138529 0.00019316 0.00465115 0.315133 0.0479497 0.18352 5.14303e-05 9.55178e-06 0.0160144 0.000114681 0.00203154 0.00209585 0.00105339 2.58261e-05 0.0176687 0.0011856 0.154479 
0.0359498 0.000476104 0.0105133 0.000187558 0.0585628 5.06299e-06 0.000843723 0.03197 0.0112654 0.000582765 0.568976 0.0170852 0.222517 5.91355e-09 0.000245353 0.000386556 0.000295265 0.0035682 0.0047471 0.00111836 0.00357528 0.0176607 0.000759228 0.00870847 
0.0160294 0.000356812 0.0318149 7.43773e-05 0.00751042 3.14356e-05 0.0568992 0.0177948 0.000644706 0.00220124 0.544114 0.0964924 0.0571068 6.13473e-10 7.43518e-05 0.0225154 0.000114065 0.0842184 0.00228394 0.000319218 5.22887e-05 0.0491481 0.00315511 0.0070486 
0.000686954 0.000136302 0.0107015 1.975e-06 0.00163074 1.1103e-06 3.81147e-06 0.0197727 1.66197e-08 7.5299e-06 0.848871 0.0146481 0.0914149 1.79215e-12 1.97762e-06 0.00544397 5.48488e-05 0.000375601 0.000128246 0.000205038 2.09165e-06 0.00097028 1.2625e-05 0.0049287 
0.0161749 0.000292103 0.00468337 0.000893723 0.0175533 1.33536e-05 4.7535e-05 0.0264319 0.00298841 0.00140047 0.800213 0.0178301 0.0543319 7.79227e-12 1.20736e-06 0.0144067 0.000201806 0.0183978 0.000269415 0.000207816 4.50796e-06 0.00726051 0.00220217 0.0141938 
0.000248031 0.000526077 0.00420538 0.000229305 0.00483573 2.75869e-05 0.000287272 0.0162641 0.00040605 4.74641e-05 0.86932 0.0314044 0.0150916 1.02302e-12 1.74017e-06 0.0229397 5.62018e-05 0.000595034 0.000787421 0.0009887 6.90816e-06 0.00159575 0.000103669 0.0300324 
0.000702252 0.000701572 0.000702199 0.000701656 0.000702222 0.000702149 0.000701884 0.000702258 0.000701762 0.000702051 0.983856 0.0007023 0.000702296 0.000701155 0.000701619 0.000702222 0.000700835 0.000702015 0.000701859 0.000701708 0.000701487 0.000702246 0.000701956 0.00070214 
0.0161749 0.000292103 0.00468337 0.000893723 0.0175533 1.33536e-05 4.7535e-05 0.0264319 0.00298841 0.00140047 0.800213 0.0178301 0.0543319 7.79227e-12 1.20736e-06 0.0144067 0.000201806 0.0183978 0.000269415 0.000207816 4.50796e-06 0.00726051 0.00220217 0.0141938 
0.0624702 1.19346e-05 0.128605 0.000469982 0.0181013 0.000190866 0.00207512 0.0585984 0.0790386 0.00343643 0.358749 0.00162287 0.177176 1.48184e-06 5.07659e-07 0.000187161 5.49775e-05 0.00316689 0.000309612 0.000424873 1.09407e-05 0.00156441 0.000328964 0.103404 
0.0161749 0.000292103 0.00468337 0.000893723 0.0175533 1.33536e-05 4.7535e-05 0.0264319 0.00298841 0.00140047 0.800213 0.0178301 0.0543319 7.79227e-12 1.20736e-06 0.0144067 0.000201806 0.0183978 0.000269415 0.000207816 4.50796e-06 0.00726051 0.00220217 0.0141938 
0.118167 0.000721932 0.0253654 0.00107346 0.03957 3.94264e-05 0.0250495 0.116079 0.00119702 0.00815123 0.33419 0.14532 0.122764 2.43355e-09 2.80023e-06 0.00179644 0.000775505 0.00221598 0.000245908 5.93595e-05 0.000424728 0.00490651 0.0078376 0.0440474 
0.0035918 0.000362745 0.00339337 0.000980133 0.0150791 7.44904e-06 5.30627e-05 0.0196319 0.00068745 9.59e-05 0.861057 0.0156242 0.0279173 5.3896e-12 1.28564e-06 0.0114441 0.000285474 0.017182 2.44423e-05 0.000296615 6.98043e-07 0.00171784 0.000341245 0.0202253 
0.0260007 6.01908e-05 0.00458206 4.38784e-06 0.14438 0.163908 0.00243022 0.0357165 0.00156727 4.33468e-07 0.374421 0.0318733 0.145769 5.12074e-11 5.75668e-05 0.0583195 4.24621e-06 0.00601198 0.000127671 0.000522193 1.06211e-08 0.000456687 0.000806227 0.0029797 
0.0345365 0.00158473 0.0259662 0.000307326 0.222194 0.00144425 0.00106833 0.00751908 0.00322254 0.000508248 0.347451 0.0295943 0.0574751 4.91531e-07 6.48216e-05 0.00549106 0.000359935 0.0139033 0.00253706 2.09639e-06 0.000948482 0.229125 0.000912337 0.0137841 
0.0161749 0.000292103 0.00468337 0.000893723 0.0175533 1.33536e-05 4.7535e-05 0.0264319 0.00298841 0.00140047 0.800213 0.0178301 0.0543319 7.79227e-12 1.20736e-06 0.0144067 0.000201806 0.0183978 0.000269415 0.000207816 4.50796e-06 0.00726051 0.00220217 0.0141938 
0.0429516 5.06948e-05 0.0101393 2.25029e-05 0.0178368 1.69876e-06 0.000615023 0.126478 0.00148442 0.00104613 0.542454 0.019209 0.168268 3.4205e-11 3.00825e-05 0.000883496 1.04894e-05 0.00342796 0.00306197 2.35505e-05 1.62782e-07 0.0601772 0.000770108 0.00105807 
0.0588553 0.000820804 0.0258804 0.000446546 0.141819 0.00179482 0.00765069 0.170652 0.0152824 0.0024808 0.330816 0.0274929 0.117813 2.14488e-10 1.65808e-06 0.023198 7.99688e-05 0.00722305 0.000286498 0.0116593 0.000233047 0.000827578 0.0025289 0.0521566 
0.0228962 0.000835175 0.0140199 0.000383995 0.222651 3.06474e-06 0.00697132 0.0337097 0.015222 0.00276158 0.302718 0.00612852 0.200435 1.07994e-05 9.70854e-06 0.113538 0.000108497 0.000606392 0.000658599 0.00122227 7.96731e-06 0.00365463 2.76711e-05 0.0514201 
0.0963343 0.000623049 0.0864324 0.000523465 0.0406379 0.00228954 0.0296366 0.0167325 0.00050905 0.00205747 0.297542 0.0123912 0.268508 6.47516e-08 0.00031365 0.00155446 0.000132142 0.00790936 0.00161131 0.00698993 3.08447e-05 0.100041 0.00405851 0.0231414 
0.01418 1.05497e-07 0.0192529 0.000407973 0.0267267 4.32127e-05 0.000433728 0.0483969 3.09594e-05 5.12988e-05 0.700989 0.000936576 0.0521827 8.85724e-12 4.85436e-08 9.51784e-06 1.21742e-05 0.000231421 6.02476e-05 1.80384e-05 3.62089e-05 0.000231285 3.57034e-05 0.135734 
0.00395285 4.44359e-10 0.00263686 3.95021e-08 0.00483312 8.52924e-07 3.15732e-06 0.0039928 0.000123695 0.000655624 0.913871 0.000116457 0.0152013 6.79744e-10 9.60982e-06 4.64539e-06 2.81925e-08 0.0023264 0.000177743 6.80305e-07 0.000710726 0.0347644 3.0215e-08 0.0166179 
0.00527067 0.000697224 0.000325031 2.43828e-05 0.0158567 3.65108e-05 0.013238 0.0092659 0.000485392 0.00310417 0.670876 0.1118 0.0528158 1.83108e-08 0.000746716 0.052131 0.000134623 0.000842879 0.000187564 0.000762799 6.08414e-05 0.0601222 0.000159012 0.00105616 
0.000346681 6.25356e-05 0.0351206 6.7049e-08 0.00742609 0.000174826 6.33726e-05 0.123808 9.54362e-08 8.58617e-05 0.583402 0.00419927 0.064981 8.88807e-12 5.46247e-12 0.00103215 1.35794e-08 0.00396104 0.0410182 0.000757899 1.16699e-05 0.00207148 0.0240863 0.10739 
0.11217 0.000332694 0.0330228 0.000457334 0.0996898 0.00227262 0.0987556 0.0361633 0.0168703 0.0015153 0.23485 0.149685 0.138306 0.000226237 0.00203729 0.017595 0.00019094 0.0028167 0.0112052 0.000152364 0.0081105 0.0257433 0.000649368 0.00718212 
0.00991329 0.000293762 0.00472764 8.90903e-06 0.000510414 2.236e-06 4.53487e-09 0.0406246 1.42899e-09 0.000136032 0.505153 0.00868629 0.397392 2.22646e-12 4.04122e-06 0.000184051 8.20613e-05 0.00181539 0.0024219 4.48269e-05 7.66927e-09 0.0242754 1.0104e-05 0.00371353 
0.0359929 0.0045968 0.0218651 0.20839 0.0203085 0.00587386 0.000277476 0.0511584 0.00194692 0.0017792 0.219457 0.0556515 0.0595392 9.83531e-08 1.64894e-05 0.0296889 0.000222203 0.0225447 0.00261858 0.000214841 0.000892566 0.124783 0.000703377 0.131479 
0.00194981 0.00141722 0.00435973 0.000264213 0.00252768 1.20756e-05 0.00112495 0.0560549 0.00015542 0.000220949 0.718879 0.0412319 0.107064 1.39637e-07 2.87499e-06 0.0150857 3.44011e-05 0.000712478 0.000402616 0.00142382 9.23225e-06 0.00697475 0.00023754 0.0398543 
0.0150778 6.25827e-05 0.012198 0.000151919 0.0428404 1.4155e-05 0.00114625 0.112305 0.00176303 0.00130769 0.38478 0.0848088 0.191811 0.00959457 1.44077e-06 0.00286351 1.45982e-05 0.00178953 0.00182358 0.00156741 3.0423e-05 0.0965219 0.0121667 0.0253592 
0.0545551 0.00165206 0.140516 5.66867e-05 0.0872127 3.94606e-05 0.00155805 0.10892 0.0338263 0.00415564 0.20933 0.111721 0.143287 7.81561e-11 1.01712e-07 0.00553561 0.000257049 0.00305511 0.0213099 0.000368353 0.0104669 0.0420861 0.000751644 0.0193382 
0.0528611 0.000441908 0.144909 0.00110747 0.0832987 5.37826e-05 0.0234889 0.149783 0.0141924 0.0105872 0.172412 0.0319459 0.170611 0.000146934 8.85636e-06 0.00594348 0.000103334 0.00319907 0.00367684 0.000351331 0.000430748 0.0156993 0.00116277 0.113585 
0.0492048 1.75561e-05 0.00260516 0.000756888 0.307002 9.1702e-06 0.00696007 0.0627545 0.000224887 0.00285278 0.483222 0.00828097 0.0072585 2.4837e-09 1.32139e-06 0.0157115 3.55957e-05 1.026e-05 6.65196e-05 2.4075e-05 6.1281e-05 0.00174814 0.000256711 0.0509348 
0.0035918 0.000362745 0.00339337 0.000980133 0.0150791 7.44904e-06 5.30627e-05 0.0196319 0.00068745 9.59e-05 0.861057 0.0156242 0.0279173 5.3896e-12 1.28564e-06 0.0114441 0.000285474 0.017182 2.44423e-05 0.000296615 6.98043e-07 0.00171784 0.000341245 0.0202253 
0.0540198 0.00428371 0.000503123 0.00279209 0.0583577 4.54716e-05 0.00176035 0.039157 0.171691 0.0225359 0.407312 0.0591824 0.102203 5.62195e-07 9.69146e-05 0.000906555 1.09439e-06 0.0147447 0.00804903 0.00132436 0.00066868 0.0333433 0.000281886 0.0167387 
0.0146171 0.000836744 0.00467101 0.000153851 0.0157838 2.04728e-05 0.00700721 0.0356509 0.000197375 0.00277983 0.612355 0.0492147 0.158943 1.19068e-08 0.000848298 0.0139694 0.000106629 0.00108034 0.00056138 0.000233995 0.000244227 0.0504478 0.000338862 0.0299385 
0.0228587 0.000353927 0.0141031 0.000762123 0.0296015 0.000177434 0.00135698 0.145725 0.00377909 0.00788979 0.333044 0.0407989 0.267862 2.70002e-08 0.00258338 0.00264665 0.000191058 0.00256993 0.00364795 5.61449e-05 0.000765978 0.0626614 0.00136383 0.0552009 
0.0035918 0.000362745 0.00339337 0.000980133 0.0150791 7.44904e-06 5.30627e-05 0.0196319 0.00068745 9.59e-05 0.861057 0.0156242 0.0279173 5.3896e-12 1.28564e-06 0.0114441 0.000285474 0.017182 2.44423e-05 0.000296615 6.98043e-07 0.00171784 0.000341245 0.0202253 
0.0156171 0.00024983 0.0182043 2.60584e-05 0.00671524 0.000125743 0.00565564 0.0114195 0.00236005 0.01484 0.688707 0.0512397 0.0669616 1.32738e-07 0.00027173 0.0186214 4.85455e-05 0.0145864 0.000278836 0.000272994 2.22068e-05 0.0824684 0.000508 0.000800136 
0.0523407 0.00125708 0.0425412 0.00285695 0.059526 0.0509082 0.0131884 0.182679 0.0260614 0.0053927 0.215707 0.0884928 0.0705802 8.89323e-06 2.65512e-05 0.00638725 0.000193741 0.0308627 0.0248836 0.00106154 0.000413799 0.0346028 0.00477452 0.0852529 
0.240474 8.3018e-05 0.0452143 0.000194321 0.023089 0.00194841 0.000257209 0.180498 5.94227e-06 0.0171648 0.38685 0.00181094 0.0452615 4.04481e-10 1.95551e-05 0.00101825 5.76763e-05 0.00784413 0.000203683 0.000519479 5.01932e-05 0.00110312 0.000178913 0.0461542 
0.00136477 0.000555509 0.00941845 0.00016755 0.0015996 7.14496e-06 3.67722e-05 0.0242733 0.00178795 1.82957e-07 0.450769 0.329894 0.0455822 5.93977e-10 0.000140851 0.00692311 0.000603256 0.000808645 0.0172004 0.00117279 1.11104e-07 0.0650364 0.0408755 0.0017822 
0.000248031 0.000526077 0.00420538 0.000229305 0.00483573 2.75869e-05 0.000287272 0.0162641 0.00040605 4.74641e-05 0.86932 0.0314044 0.0150916 1.02302e-12 1.74017e-06 0.0229397 5.62018e-05 0.000595034 0.000787421 0.0009887 6.90816e-06 0.00159575 0.000103669 0.0300324 
0.00112788 2.79584e-05 0.00210642 0.000216235 0.0033255 2.12869e-06 0.0016336 0.0333064 0.000185836 4.73543e-05 0.788275 0.00375277 0.087613 3.25911e-12 4.36588e-07 0.00322564 2.55712e-05 6.76963e-05 0.000113794 3.14295e-05 1.30156e-05 9.79083e-05 5.66961e-06 0.0747992 
0.00028896 4.02933e-08 0.0189965 1.08893e-07 0.00658956 0.00034963 0.000126725 0.0523811 1.69323e-10 6.1801e-08 0.712379 0.000483289 0.0179304 7.66805e-12 4.71266e-12 0.000355148 2.20463e-08 0.00245632 0.00174444 0.00015587 6.11323e-08 0.000792121 0.0481715 0.136799 
0.0836694 0.000854068 0.0263499 4.11081e-05 0.198965 0.0433413 0.00242484 0.0612776 0.00954783 0.000231333 0.292454 0.0492763 0.123506 4.40032e-05 0.000274629 0.000861175 0.00010744 0.0139786 0.0333633 6.23295e-05 0.000300092 0.035089 0.000909975 0.0230712 
0.0214906 0.000524029 0.00549923 4.93868e-05 0.127254 2.90833e-05 0.0407789 0.0130424 0.147694 0.0107188 0.476198 0.0482362 0.0422392 2.51368e-06 9.15947e-06 0.0257878 0.000353419 4.36377e-05 0.0046841 0.00168559 0.000480316 0.0065158 7.52497e-05 0.0266088 
0.00237234 3.72185e-06 0.000208054 6.71741e-05 0.000134034 6.67448e-07 0.000127461 0.268291 2.37069e-09 2.80584e-06 0.456826 0.0595057 0.182861 4.76321e-09 2.92739e-09 1.64343e-05 6.03152e-09 5.24937e-06 0.000352482 6.14238e-08 7.56665e-05 0.0258677 0.000591443 0.00269065 
0.154674 0.00504753 0.0562974 0.000101195 0.107483 1.59029e-05 0.00177002 0.0679099 2.33017e-05 0.103558 0.210843 0.0220704 0.081221 2.52798e-09 0.000197913 2.05292e-05 2.88581e-05 0.0737476 7.30615e-05 9.37177e-05 2.21704e-05 0.0527958 0.000250452 0.0617556 
0.0262222 0.000634263 0.0127483 0.000312208 0.00963411 4.79568e-06 0.000925832 0.0680942 1.23563e-05 0.000688739 0.491464 0.00930045 0.272858 5.17457e-12 2.63777e-05 0.000162237 5.29163e-05 0.000525896 0.000705642 7.27291e-06 9.68169e-05 0.0322548 0.000384863 0.0728834 
0.0359082 0.00319393 0.0121962 0.000132995 0.0870719 9.5456e-05 0.00652671 0.0660522 0.00213922 0.0026652 0.530946 0.0731004 0.0774819 1.29465e-11 0.00353976 0.0329273 9.81776e-05 0.00496412 0.00245913 0.0104304 0.0002487 0.0234895 0.000352822 0.0239794 
0.0288291 0.000526597 0.0212132 0.000833406 0.0695228 4.15079e-05 0.00087469 0.0954144 0.00196693 0.000851533 0.572796 0.0346186 0.102468 7.53332e-12 7.04489e-06 0.0200046 4.3583e-05 0.00371469 0.0190866 7.32811e-05 0.000789614 0.0181363 0.000550836 0.00763637 
0.0343507 0.00795541 0.0234341 0.0108611 0.0740785 0.000105177 0.00686333 0.248572 0.000205828 0.0238618 0.275455 0.0291686 0.0990632 0.000668341 0.000373171 0.00263849 3.22253e-05 0.010804 0.00242056 0.0189463 0.000130862 0.0995784 0.00887222 0.0215612 
0.0705179 0.0107587 0.0193861 0.00440666 0.0434994 0.00283389 1.12455e-05 0.0185755 0.00134356 0.000435682 0.365594 0.0670318 0.233206 6.95999e-12 6.5695e-06 0.0405579 0.000113082 0.0287955 9.49375e-05 0.030853 6.45267e-06 0.0321607 0.000115452 0.0296965 
0.0886138 0.00194039 0.0283802 0.000316605 0.00925116 3.33632e-05 0.0063723 0.0877558 0.00621739 0.0047711 0.36952 0.0383051 0.210199 7.25125e-07 5.27645e-05 0.00700711 1.27718e-05 0.0144148 0.00130395 0.00155099 1.83102e-05 0.0928589 0.015592 0.0155124 
0.0578226 0.000317187 0.00129809 0.00144207 0.0302732 3.76962e-05 0.172529 0.0281615 0.00763017 0.000469983 0.290027 0.153724 0.0917946 3.22333e-09 7.89655e-05 0.0039079 1.60587e-05 0.0133756 0.00301795 3.58086e-05 0.000368755 0.0818224 0.000193676 0.061656 
0.101042 0.000900964 0.0327539 0.00119256 0.0421395 0.000981781 0.000160497 0.0609803 0.00175607 0.00102562 0.379133 0.0338713 0.173748 5.25745e-11 1.61367e-06 0.00418585 0.00774894 0.0383352 0.00503184 0.00272441 0.000425029 0.0894513 0.00242877 0.0199808 
0.0332764 0.000296069 0.0526953 0.000648628 0.0443931 3.98891e-05 0.044245 0.0881658 0.0345219 0.00765528 0.413896 0.0588433 0.117852 6.97459e-06 4.36252e-05 0.002607 3.51516e-05 0.0137177 0.0127341 0.00797202 0.000346904 0.0211252 0.00373039 0.0411521 
0.0568096 0.000597129 0.160743 0.00105233 0.0505392 1.67789e-05 0.000439412 0.134916 0.000120978 0.006527 0.349307 0.0299665 0.0682314 2.46429e-06 1.27971e-05 0.00285737 0.000115515 0.009811 0.00543038 0.00108582 0.000151563 0.00463315 0.00473044 0.111903 
0.0383524 0.0020262 0.0299397 0.000187894 0.0465601 0.00230497 0.00187137 0.0335788 0.00540202 0.00850575 0.60142 0.0233406 0.068532 5.28068e-10 1.30722e-06 0.00731547 3.31022e-05 0.0256705 0.00163285 0.00768372 0.00015466 0.0304605 0.00648413 0.0585426 
0.00421979 0.00021968 0.00254156 0.000138257 0.00201531 4.43413e-05 0.000534359 0.00734489 0.000169414 0.00719343 0.695515 0.0160128 0.0120468 3.79353e-11 7.43617e-07 0.00955964 2.35766e-05 0.000311087 0.00129154 0.00140577 2.91501e-06 0.000665154 0.000108725 0.238635 
0.00200353 0.000260374 0.0042677 2.07474e-06 0.0465451 0.000128636 0.091942 0.0480684 0.00190571 2.04224e-06 0.599099 0.00619309 0.186862 1.37584e-10 9.14426e-06 0.000818677 3.74698e-05 3.67649e-05 0.00218085 4.65613e-07 4.59003e-06 0.000665822 0.000838025 0.00812796 
0.00573415 0.000189906 0.0025821 7.81908e-05 0.00263187 2.7883e-05 0.000205302 0.0139829 9.69208e-05 0.00478042 0.696773 0.00841147 0.00659024 5.43299e-09 2.97327e-06 0.00568779 4.30517e-05 0.000733901 0.00104015 0.00144906 1.34136e-06 0.000629365 0.000256063 0.248072 
0.00452781 0.00106943 0.00430831 0.000740143 0.00263034 3.44556e-05 0.00120589 0.106433 1.06965e-05 0.00181088 0.509974 0.0245122 0.196876 5.82493e-08 1.33753e-06 0.00120611 3.62361e-05 0.00104569 0.000338844 7.96602e-05 6.61859e-05 0.0178507 0.000296039 0.124946 
0.0161749 0.000292103 0.00468337 0.000893723 0.0175533 1.33536e-05 4.7535e-05 0.0264319 0.00298841 0.00140047 0.800213 0.0178301 0.0543319 7.79227e-12 1.20736e-06 0.0144067 0.000201806 0.0183978 0.000269415 0.000207816 4.50796e-06 0.00726051 0.00220217 0.0141938 
0.00443025 0.000428824 0.00558852 0.000482533 0.0202122 5.70909e-06 0.000124549 0.0205197 0.00513071 1.24532e-05 0.605403 0.018495 0.148644 9.9596e-13 1.18415e-05 0.00464441 6.0175e-05 0.00102315 0.000239732 0.000769737 1.38968e-06 0.00266405 4.27466e-05 0.161065 
0.0162066 0.000535055 0.00687308 0.000302274 0.00509015 2.94097e-05 0.00016744 0.0262916 0.000157622 0.000622837 0.72845 0.0243017 0.135565 4.57552e-09 1.71235e-05 0.00065567 2.2257e-05 0.000990396 0.00322449 0.000382483 4.76622e-05 0.0366665 0.000890877 0.0125097 
0.0485551 0.0202185 0.00658504 0.026139 0.0134278 0.000267255 0.000719991 0.0163737 0.000374592 0.00281189 0.321808 0.0765653 0.183929 3.34603e-10 0.0102667 0.0119148 0.000174319 0.0266172 0.00189553 0.0155982 0.0236839 0.174715 0.00113982 0.0162201 
0.00365876 0.00094035 0.00196425 0.000240747 0.0104752 8.14998e-06 1.94309e-05 0.0450594 2.92319e-05 0.000125067 0.734433 0.0340732 0.00499986 2.59273e-09 6.63095e-05 1.70938e-05 2.85753e-06 0.0318984 0.00382227 0.000284972 0.000890202 0.105388 0.0004506 0.0211518 
0.0211435 0.00054249 0.0457397 0.00253855 0.112473 0.000231705 0.00190016 0.0378854 0.0812346 0.00437452 0.209822 0.0147513 0.123534 3.91556e-05 3.07057e-05 0.00115671 0.000545868 0.0450452 0.00279572 0.000491953 0.00211359 0.195353 0.0035886 0.0926677 
0.0276408 0.00688732 0.0879331 0.000851318 0.00217337 2.19235e-05 0.000113807 0.135015 0.000394959 0.000310335 0.435981 0.0996244 0.0823136 9.2923e-09 5.7109e-09 0.0139573 9.12555e-05 0.0499211 0.00446706 0.000488827 3.41686e-06 0.0355865 0.00199069 0.0142324 
0.00115047 0.000547125 0.00795762 0.000310299 3.6908e-05 4.99427e-06 0.00117742 0.160514 7.01108e-07 0.0241077 0.331049 0.0482963 0.054506 1.56899e-09 7.02262e-06 0.00249188 4.21364e-05 0.00102818 0.325724 0.000940555 4.86508e-06 0.0354058 0.00112998 0.00356634 
0.0245791 0.000358793 0.0162301 0.000345166 0.0804888 2.98333e-05 0.000388695 0.0572488 0.111418 0.000836055 0.396912 0.0218045 0.19623 4.36599e-07 2.41411e-05 4.89061e-05 2.9531e-06 0.0020556 0.00470119 0.000113883 0.000959274 0.0441623 0.000481433 0.0405792 
0.0035918 0.000362745 0.00339337 0.000980133 0.0150791 7.44904e-06 5.30627e-05 0.0196319 0.00068745 9.59e-05 0.861057 0.0156242 0.0279173 5.3896e-12 1.28564e-06 0.0114441 0.000285474 0.017182 2.44423e-05 0.000296615 6.98043e-07 0.00171784 0.000341245 0.0202253 
0.0711956 0.00625059 0.0279836 0.000120793 0.0357563 0.0136464 0.0170857 0.0900726 0.00132448 0.00124197 0.277655 0.100034 0.0154108 7.09777e-11 3.7816e-05 0.016057 0.000430453 0.00121305 0.0164519 0.102035 3.92796e-06 0.010049 0.0239207 0.172022 
0.0119666 0.000969556 0.0106493 0.000619498 0.029857 0.00214881 0.00967087 0.138578 0.0015061 0.00784791 0.337173 0.0703679 0.275514 3.7329e-07 2.30813e-05 0.00603389 6.59382e-05 0.00179924 0.00482947 0.000303917 0.000206895 0.0427839 0.002436 0.0446476 
