0.00529737 0.000382209 0.0178309 1.83016e-08 0.011963 9.17785e-08 0.00506954 0.0171606 0.0014992 4.74133e-05 0.0073692 0.898402 0.0175742 3.12246e-08 1.91901e-08 4.05846e-05 0.00145205 0.00349995 0.00323787 1.68911e-08 1.11944e-05 0.00915487 1.05575e-07 7.86649e-06 
0.00193035 0.000335244 0.00790323 0.000588172 0.000156491 3.54314e-05 0.000527008 0.0231947 0.000278833 0.000424448 0.00122394 0.667451 0.0496638 3.29713e-10 1.93418e-05 0.000250203 2.69184e-06 0.00107121 9.29996e-05 0.00217689 3.03038e-06 0.00906617 0.00349423 0.230111 
0.0723289 0.00391528 0.00669712 0.000491067 0.00578056 7.83445e-05 0.00401075 0.101932 7.03893e-07 0.004058 0.0832349 0.257825 0.130109 4.57924e-11 0.000154811 0.0609713 0.0143774 0.0191468 0.00090611 0.0103039 3.16742e-05 0.211869 0.0101781 0.00159835 
0.0153807 0.0236123 0.0864703 0.000162605 0.155882 0.00147285 0.0358947 0.0256876 0.00662487 0.0262856 0.0644857 0.314139 0.112657 4.00478e-09 9.08623e-06 0.000208963 0.00135565 0.0498776 0.0127186 3.11721e-05 0.000153614 0.064972 0.0001499 0.00176868 
0.134786 0.000409115 0.0451652 0.000390953 0.209234 2.8048e-05 0.0100207 0.124568 0.00538405 0.0300148 0.0399654 0.240173 0.0822062 3.06304e-06 1.7137e-07 0.000260036 0.00102884 0.000402592 0.00351769 2.60125e-07 0.000305937 0.00678658 0.00211852 0.0632317 
0.010135 9.24325e-05 0.0363473 0.00156327 0.0326448 7.67856e-08 0.0042993 0.0964644 0.000367777 0.0061188 0.157966 0.463981 0.100339 9.99147e-10 6.1406e-10 1.02475e-05 1.26519e-09 0.000282462 0.0620832 4.25537e-06 9.41613e-07 0.0119598 0.00139716 0.0139421 
0.00150437 0.00151821 0.0253153 0.00199708 0.00787917 0.00011072 0.212012 0.0343571 0.000882622 0.00318261 0.034797 0.551059 0.00539893 1.57823e-06 5.95264e-07 0.00525841 0.000127067 0.00671881 0.0205859 0.0199037 0.00117743 0.0226017 0.0389961 0.00461437 
0.0388805 0.0374539 0.0106876 0.0174937 0.0015464 0.000660227 0.000368221 0.0146525 0.000697005 0.0016145 0.0153897 0.465704 0.058992 7.67541e-06 3.71662e-06 0.11103 0.00155288 0.0368828 0.0042681 0.00099267 0.000112569 0.171104 0.00827778 0.00162782 
0.0140879 0.000659217 0.00303109 0.000299743 0.00945968 1.56516e-06 0.00753171 0.00677032 0.00189337 0.000595646 0.0475292 0.700344 0.0249672 5.5655e-11 1.92314e-07 0.0449851 0.00100336 0.0014583 0.0469063 0.0236973 7.72814e-05 0.0221733 0.0394126 0.00311521 
0.0042134 0.00594377 0.0146027 1.10589e-06 0.0232872 1.97255e-05 3.11749e-05 0.00634165 0.0160093 8.60312e-05 0.0612709 0.607589 0.0642822 6.26546e-11 3.76933e-09 0.0154711 0.000153659 0.0823848 0.000323096 0.094474 5.49002e-05 0.000875253 0.000166445 0.002418 
0.0467985 0.000327756 0.0720574 0.000175973 0.0296008 6.03777e-07 0.00145448 0.203839 0.00172452 0.0296878 0.0576352 0.212556 0.132101 4.07638e-09 2.29563e-06 0.0182635 0.000244504 0.0107327 0.0373285 0.00704613 0.0146631 0.117262 0.00295452 0.00354353 
0.0094455 0.00258418 0.0106122 0.00557837 0.0136062 0.00020908 0.0171547 0.0841612 0.00092312 0.00435287 0.041002 0.412785 0.0633439 0.000783041 2.39777e-05 0.0201755 0.000140451 0.00740102 0.0215122 0.00366146 0.000791232 0.231105 0.0255578 0.0230893 
0.0109911 0.000509812 0.0288033 0.00367534 0.0148475 0.000106482 0.0132229 0.0239107 0.000518841 0.0168908 0.0170998 0.711439 0.0257247 1.20577e-05 0.000197756 0.0257588 0.000665064 0.00189642 0.00777394 0.0122157 0.000354869 0.0661091 0.0157237 0.00155268 
0.0129433 0.00155594 0.0180434 0.0009223 0.0467657 1.56557e-06 0.00282528 0.0244192 0.0236065 0.00513463 0.0683348 0.478451 0.0167554 3.26836e-07 2.30124e-05 0.0308737 0.000587408 0.00156937 0.192581 0.00933825 0.00212626 0.01373 0.0405416 0.00887021 
0.0680541 0.000306494 0.01094 6.5168e-05 0.150295 1.42213e-06 0.0110362 0.0599979 4.75406e-06 0.00123318 0.0211113 0.370342 0.09046 8.7758e-06 6.2707e-07 0.110133 0.000417358 0.00020591 0.00633966 5.87035e-07 2.29607e-06 0.0841453 0.0047917 0.010108 
0.0287083 0.0262214 0.0203884 0.0015968 0.00911209 0.00118576 0.00807231 0.0363315 0.00391747 0.00722209 0.0295298 0.585314 0.0476372 0.000562954 0.000603705 0.0554935 0.0154955 0.0120617 0.00660388 0.014997 0.000564829 0.0509701 0.0247048 0.0127049 
0.0097081 0.0070527 0.0280702 0.00147666 0.0119624 0.000115523 0.00306909 0.0208217 0.00937357 0.00239955 0.0323797 0.646293 0.0354137 8.42398e-05 8.40859e-05 0.0503685 0.00169044 0.00208456 0.0128193 0.0123853 0.000522248 0.0593933 0.0306059 0.0218258 
0.0202979 0.00495274 0.0149814 0.00302302 0.00471547 3.39075e-05 0.00625432 0.0577951 0.000542971 0.00776471 0.0349254 0.675702 0.0521802 9.4475e-05 3.81436e-05 0.0120101 0.0054551 0.00847402 0.00957779 0.00382534 6.41576e-05 0.0389697 0.034467 0.00385463 
0.00166451 5.14356e-05 0.00658076 2.48451e-05 0.0316715 4.9703e-05 0.0125451 0.0437024 0.00458912 0.00424637 0.162907 0.545208 0.0134365 1.1056e-10 3.91664e-07 0.0291029 0.00012131 0.00020458 0.0924617 2.65305e-07 9.24215e-06 0.00220727 0.000537082 0.0486772 
0.0168196 0.0085683 0.0169832 0.000491133 0.0330437 0.000293249 0.00537538 0.0263019 0.00288772 0.00269177 0.0439441 0.366497 0.0465195 0.00156302 8.66838e-06 0.35749 0.000335222 0.0168682 0.00746062 0.0114691 0.000501082 0.0127391 0.00239335 0.0187551 
0.021118 2.55987e-07 0.00889207 0.00058595 0.000115575 6.8434e-08 0.0468965 0.000221821 1.94897e-07 0.00950144 0.00945653 0.385848 0.0600417 3.91589e-07 1.88514e-05 4.46682e-08 0.312268 0.000479983 1.62529e-07 2.11831e-07 0.00456498 0.060524 0.0794653 7.15216e-08 
0.00508537 0.00081812 0.0112913 0.00166101 0.0117528 5.90398e-07 0.0240311 0.140417 0.00165887 0.0445016 0.177726 0.271422 0.119653 5.65985e-07 2.06089e-06 0.0128079 8.13354e-05 0.00257873 0.00242286 0.000629124 0.000106266 0.0350238 0.128053 0.00827548 
0.00771048 3.17007e-05 0.114161 0.000148332 0.0143904 1.16457e-05 0.0725225 0.0766218 0.0152678 0.00242917 0.0750393 0.465048 0.0248376 0.000177497 1.6794e-05 0.000372101 0.00187805 0.00157855 0.0218984 9.54971e-07 1.66516e-05 0.103767 0.000136516 0.00193696 
0.0243366 0.010505 0.00795609 0.000846101 0.0162574 0.0204986 0.0192103 0.011409 0.000350044 0.00639395 0.073199 0.588052 0.0130531 2.52605e-09 3.20725e-06 0.0542087 0.00171562 0.0107619 0.00103459 0.0856632 1.30681e-05 0.0153431 0.00491878 0.0342706 
0.0289176 5.90987e-05 0.00067221 4.28681e-08 0.00569669 7.54665e-08 0.000887858 0.0444431 1.16505e-06 0.00223328 0.005128 0.479251 0.0195073 2.54595e-07 1.84923e-10 0.0631548 3.13546e-05 0.1734 6.96266e-05 0.0277585 2.18278e-10 0.143401 7.52309e-07 0.00538603 
0.00558474 0.00117826 0.00428031 0.000217316 0.0288376 3.00987e-05 0.00230854 0.016288 0.00115554 0.000532056 0.0465313 0.530844 0.10158 0.00248309 1.23955e-05 0.160837 2.41212e-05 0.00161605 0.00824186 0.0050626 0.000764584 0.0803609 0.000670499 0.000558658 
0.00693974 0.00429147 0.0359229 0.000209045 0.0141282 2.45034e-06 0.00902227 0.0690939 0.00100899 0.0305927 0.0299852 0.647229 0.0296527 4.66312e-05 1.11331e-06 0.0449328 0.000567913 0.000527957 0.00271847 0.000570962 9.27694e-05 0.0465674 0.0236948 0.00220108 
0.0042134 0.00594377 0.0146027 1.10589e-06 0.0232872 1.97255e-05 3.11749e-05 0.00634165 0.0160093 8.60312e-05 0.0612709 0.607589 0.0642822 6.26546e-11 3.76933e-09 0.0154711 0.000153659 0.0823848 0.000323096 0.094474 5.49002e-05 0.000875253 0.000166445 0.002418 
0.00449113 0.000335444 0.0188476 9.63925e-05 0.00192714 4.77299e-06 9.59004e-05 0.00152687 7.41236e-06 0.00352831 0.00170368 0.787922 0.0132869 6.77776e-08 6.45585e-06 0.0769211 2.1578e-05 4.70329e-05 0.000993233 0.0223525 0.000508291 0.00502784 0.0601094 0.000238671 
0.00804429 0.00597912 0.00532475 0.00035568 0.0160836 7.16871e-06 0.0331203 0.0695432 0.00212455 0.00219632 0.0357967 0.629968 0.047024 1.12608e-07 3.40717e-06 0.0100874 5.18582e-05 0.00147796 0.0284977 0.00835249 2.62084e-05 0.027423 0.0513767 0.0171353 
0.0445937 0.0186794 0.00835669 0.00325357 0.0227357 0.000435277 0.00584108 0.234391 0.00365065 0.0106334 0.0454306 0.278533 0.157779 1.24472e-09 3.09846e-05 0.000217016 0.000548714 0.00912111 4.38116e-05 1.67404e-05 0.0032807 0.13782 0.00928233 0.00532608 
0.000926882 0.000589158 0.00139711 9.70636e-11 0.0460464 4.15469e-09 0.000563734 0.000923168 0.0787066 0.000105043 0.0499495 0.778492 0.0274052 1.65601e-10 1.01776e-10 0.0036686 0.00137302 0.000306529 0.00135674 8.95825e-11 0.00443193 0.00254847 0.000999718 0.000210023 
0.00963456 0.000716591 0.0090682 0.000317449 0.0142865 1.42434e-05 0.00770961 0.0664596 3.29067e-05 0.00147866 0.0176898 0.548103 0.0239461 0.00576607 4.05228e-08 0.178122 0.000266892 0.0140279 0.0011313 0.0530426 0.000158365 0.0350028 0.0121328 0.000891774 
0.0376388 0.0761576 0.00617191 2.13893e-06 0.00848725 3.20282e-06 0.000878341 0.0663769 0.00157955 0.00149315 0.0444896 0.479448 0.104281 8.6497e-07 6.54897e-05 0.134917 5.56968e-05 0.00345218 0.0186091 0.00221104 2.67277e-05 0.00947659 0.00124789 0.00293094 
0.0134439 0.0318765 0.0113932 0.00114341 0.0188324 6.78519e-05 0.0140805 0.068933 0.0100277 0.00329777 0.14312 0.385703 0.102738 2.40924e-05 3.58667e-05 0.044647 0.00161801 0.00691659 0.0175921 0.00251763 0.000478551 0.0795747 0.0120769 0.0298612 
0.0237619 6.26164e-05 0.00246374 0.000361524 1.30762e-05 6.67894e-05 0.00152702 0.0834283 1.00397e-05 0.0529519 0.0164771 0.360329 0.191576 1.51011e-07 0.000848389 4.40196e-05 1.43001e-05 0.126881 0.00106759 1.42555e-05 3.71081e-05 0.013269 0.123878 0.000917424 
0.00811288 0.00224094 0.0172454 0.0003098 0.00416628 5.43428e-08 0.142305 0.188826 1.91085e-06 0.0025868 0.0360999 0.408007 0.071277 1.03658e-05 3.40439e-08 0.00320019 4.33812e-06 1.27142e-05 0.00466677 0.00200463 2.54065e-06 0.0536996 0.0526305 0.00258879 
0.0294839 7.12725e-05 0.0301192 0.000490955 0.0218162 0.000299383 7.93355e-05 0.0510741 2.02468e-07 2.6698e-08 0.0415562 0.655731 0.0126269 3.76672e-11 0.0568707 0.0125388 1.52375e-08 0.00845658 0.0338538 0.0180545 0.000548158 0.0222363 0.000742711 0.00335025 
0.0514853 0.0342963 0.080198 0.00965058 0.0187351 0.000551296 0.00151008 0.231916 0.0018395 0.0548387 0.00479687 0.27958 0.0249716 5.95268e-09 4.32195e-08 0.13051 0.00312156 0.00205059 0.00447828 0.000648244 7.83747e-07 0.0475716 0.0147762 0.00247403 
0.016156 0.0154572 0.0614802 0.000781695 0.00413457 9.56151e-05 0.00466904 0.0221109 0.000273387 0.033775 0.0257818 0.561565 0.0477387 0.00013837 1.60284e-05 0.0535472 0.000932241 0.00544573 0.00619032 0.0065247 0.000189473 0.105544 0.025762 0.00169111 
0.00661985 0.140916 0.00370927 0.000112643 0.0110624 8.17755e-06 0.000171983 0.0355986 0.00186501 0.00203879 0.0275167 0.400016 0.0437847 8.18481e-12 5.93637e-06 0.273595 0.000709805 0.00773115 0.00156558 0.0311006 0.000191227 0.00288087 0.00256255 0.0062376 
0.011856 0.0172649 0.00666865 0.00174658 0.011826 2.34493e-05 0.00212431 0.0308477 0.000129851 0.0010606 0.0857909 0.447935 0.0569523 5.33706e-11 1.15272e-08 0.109116 7.38913e-05 0.00310343 0.0856909 0.0720852 3.63505e-06 0.014715 0.00753407 0.0334514 
0.00293949 0.000236199 0.0123343 0.00223782 0.0214813 2.82656e-05 0.0865262 0.144582 0.000933831 0.0023857 0.0548102 0.477555 0.00824702 9.10517e-09 3.02158e-06 0.0369564 7.93346e-05 0.000379851 0.120005 0.00119995 0.00114714 0.00356571 0.0204683 0.00189751 
0.0287923 0.000398024 0.0956426 4.38039e-05 0.00357553 0.000684401 0.00117822 0.033497 0.000545948 0.0010985 0.00985069 0.282644 0.0176092 2.68238e-10 0.0163285 0.0102298 9.04667e-05 0.16841 1.43966e-06 0.00191032 7.30762e-05 0.251255 0.0652628 0.0108784 
0.0905955 0.000535843 0.047832 2.6959e-05 0.0363701 0.0160928 0.00189218 0.0338123 8.61288e-05 0.0342476 0.0461331 0.293766 0.22433 6.38094e-09 4.73021e-06 0.0807713 0.000140091 0.00878065 0.0164676 0.0182765 0.00638334 0.0260768 0.00153186 0.015846 
0.0327086 0.00337041 0.0685843 0.00149372 0.17885 0.000355421 0.017704 0.049231 0.0641487 0.0153136 0.0612224 0.276904 0.0403073 0.00169875 0.000234232 0.0136441 0.00292492 0.00371003 0.0646757 0.000976617 0.00565087 0.0169883 0.00513988 0.0741634 
0.0446467 4.6695e-05 0.00221265 4.09646e-06 0.000620817 2.13114e-05 0.000184259 0.020882 5.89936e-05 0.0279838 0.028252 0.556826 0.191342 1.36557e-09 7.72254e-08 0.000372408 1.45303e-05 0.00486547 0.000558982 0.00172795 0.000303383 0.105964 0.0113183 0.0017939 
9.35598e-05 0.00804068 0.024299 0.00353095 0.047214 0.00211701 0.0355219 0.157092 0.0121809 0.0101472 0.0806706 0.239225 0.108325 1.55431e-07 1.55533e-07 0.00736323 1.5536e-07 0.00239673 0.0444046 1.55553e-07 1.55504e-07 1.55673e-07 0.0135536 0.203822 
0.00168799 0.460926 0.000318103 1.66033e-05 0.00181591 8.01987e-06 5.70968e-12 1.12152e-07 0.000215787 4.94431e-08 1.7984e-09 0.501067 0.00229163 1.44119e-11 9.93697e-09 1.64396e-12 1.82494e-11 0.000448436 5.98167e-12 0.0157961 2.40391e-05 0.0146416 0.000431348 0.000311453 
0.014662 0.00117263 0.0114925 0.00385938 0.000753259 1.98792e-06 0.000178389 0.0400557 5.44753e-09 0.00136058 0.0110134 0.722056 0.0176525 1.36194e-07 6.14771e-07 0.0980898 0.000593824 0.0119146 0.0150303 0.00132349 4.06747e-09 0.0434805 0.00499533 0.00031323 
0.00237736 6.42229e-06 1.28713e-10 5.59005e-10 1.0947e-10 1.66673e-10 4.16006e-07 7.99575e-11 1.12503e-05 7.82911e-07 1.09016e-06 0.85136 1.51478e-06 9.53724e-10 5.86143e-10 1.08791e-10 1.20767e-09 2.71857e-10 1.78169e-06 5.21082e-08 6.91867e-10 0.146237 2.34149e-06 5.22752e-07 
0.00521997 0.198226 0.00243489 3.4846e-05 0.00162154 9.77083e-06 0.000443753 0.00780527 4.58619e-05 0.00148143 0.0334782 0.442487 0.0408817 3.74833e-07 8.74679e-07 0.195425 3.0585e-05 0.0123346 0.000751196 0.00301778 0.00199554 0.0382608 0.0129442 0.00106891 
0.00768485 0.000591477 0.00239764 0.000669094 0.0133398 2.85312e-05 0.00441667 0.288034 0.00262156 0.000828985 0.0165545 0.465366 0.0341248 4.74437e-11 6.39514e-07 0.016644 0.000267139 0.000186036 0.000493944 0.113677 0.000307657 0.00205212 0.0027056 0.0270076 
0.000175774 0.00139213 0.000862823 2.45826e-08 0.000163405 3.29987e-05 2.23564e-08 0.00157429 1.3304e-07 2.05251e-05 0.000502989 0.50868 0.000451589 2.10715e-10 0.070688 0.373345 0.000735819 0.0255743 3.50125e-06 0.000564553 6.00721e-09 0.0149729 0.000207027 5.23846e-05 
0.0179403 0.0142494 0.0143567 0.00215196 0.0141458 0.000145435 0.00272259 0.0335223 0.000585474 0.00963708 0.0184365 0.539291 0.057782 0.000439566 0.000142793 0.117155 0.000305249 0.0133292 0.0139379 0.000985359 0.000769472 0.0382484 0.0789977 0.0107224 
0.0288436 0.0031292 0.0345434 7.63575e-05 0.0138926 7.32433e-06 0.00128985 0.0384455 0.00525979 0.0142876 0.0235751 0.635485 0.043412 0.000883394 9.58048e-08 0.0755147 0.00123886 0.000170861 0.0516367 0.00250308 4.55803e-07 0.00869124 0.0156038 0.00150904 
0.0160988 0.0286938 0.0173674 0.00304393 0.0146905 0.00054363 0.0148071 0.0399436 0.00495578 0.0107946 0.0507595 0.562478 0.0629998 0.000278003 0.000253469 0.0682676 0.000396013 0.0147882 0.00544222 0.0026928 0.000279513 0.0327829 0.0303102 0.017332 
0.0035729 5.18384e-05 0.00222888 9.25323e-05 0.000677911 9.1555e-06 0.00425325 0.00368937 7.89291e-06 0.000250038 0.00576391 0.966024 0.00716363 9.89868e-10 3.10983e-07 0.000124614 1.54507e-06 0.000234866 5.53607e-05 4.08168e-07 3.81112e-06 0.00364069 0.00120564 0.000947615 
0.00697053 0.00673757 0.010243 0.00620084 0.0106287 0.000121133 0.0109119 0.0197218 0.000139309 0.0114591 0.0484041 0.625774 0.0581102 1.07301e-07 2.31103e-06 0.0398585 0.000114114 0.0047829 0.0214819 0.0112553 0.000835192 0.0665604 0.0325689 0.00711794 
0.00012588 0.000424017 4.18921e-05 0.000237416 0.00612734 7.67485e-09 1.35932e-08 0.0108988 8.09815e-05 0.000401079 0.00116282 0.56931 1.24997e-07 5.31284e-11 3.26518e-11 0.267398 0.0176097 0.000247771 0.000121291 0.125722 3.85413e-11 3.01674e-05 6.02214e-05 2.30502e-07 
0.0190592 0.000708124 0.00396618 0.000208995 0.00711525 0.00896209 0.00166907 0.0171662 7.19154e-05 0.00542004 0.0200918 0.74693 0.0764407 1.56556e-06 0.000154861 0.0622389 6.93064e-05 0.000309033 0.00223878 0.00203516 0.000509342 0.0187318 0.00337206 0.00252919 
0.0200525 8.58894e-05 0.0427236 0.000233877 0.0104844 7.12098e-06 0.000860982 0.0938332 2.01996e-05 0.000225887 0.0754817 0.4352 0.0958126 9.56986e-10 3.74074e-05 0.00839204 5.81327e-07 0.000862971 0.00677673 7.43494e-07 1.82506e-05 0.129641 0.00158554 0.0776623 
0.0459824 0.102585 0.00186449 0.00116531 0.00275338 0.000203567 0.0219322 0.0587512 2.72018e-05 0.000824536 0.0477891 0.337417 0.193917 8.70384e-09 0.000105892 0.0923602 9.57586e-05 0.0476128 0.000392939 1.93857e-05 5.65843e-05 0.0215254 0.0162497 0.00636887 
0.00723147 0.00293678 0.00227762 0.00011266 0.0021021 1.22094e-05 0.481346 0.00625098 0.00117455 1.07762e-07 0.00172153 0.482821 0.00194528 1.02418e-08 8.46596e-11 0.00200566 8.33219e-06 1.6048e-06 0.000160604 1.92931e-08 2.95317e-09 0.00646003 0.000300786 0.00113043 
0.0206247 0.0144591 0.0062273 0.00130269 0.0109647 1.43254e-05 0.0055996 0.075978 0.00095039 0.00105274 0.222421 0.420319 0.0316454 1.771e-09 8.58994e-05 0.0874562 0.000140403 0.00458808 0.00433679 0.0592066 2.3606e-06 0.00334644 0.0166371 0.0126417 
0.00573082 0.0115832 0.00955235 0.00378097 0.00835118 0.000980991 0.0062377 0.013787 0.00173727 0.00247511 0.0398397 0.39756 0.0322117 0.0012611 6.82297e-05 0.148823 0.000622505 0.00854562 0.05314 0.0590457 0.00034929 0.0212535 0.166978 0.0060851 
0.00171473 0.00134521 0.0606384 0.0019244 0.00433399 0.00513096 0.028429 0.140377 0.000330089 0.00198713 0.1777 0.277974 0.0361622 0.000310267 1.61517e-05 0.000837885 2.04122e-06 0.000294913 0.061699 0.0019078 1.45282e-05 0.0245056 0.168432 0.00393232 
0.0104224 0.00652969 0.00278267 0.000665937 0.00623653 1.78383e-05 0.00292271 0.00396368 0.00290214 0.00480332 0.113182 0.501716 0.00752765 3.56179e-08 3.40626e-07 0.223533 0.00023693 0.00269875 0.000397345 0.0763162 7.82935e-05 0.0298209 0.00125533 0.00198963 
0.0240269 0.0298015 0.0617844 0.000115317 0.00151411 3.29869e-05 0.00328657 0.108303 0.000163198 0.00382683 0.0380928 0.48348 0.0400091 0.0140845 3.49123e-05 0.00920017 0.000313053 0.00518255 0.000761886 0.000742564 8.34579e-05 0.147979 0.0110604 0.016121 
0.0499427 0.00594091 0.0112406 0.00116861 0.020652 1.19893e-05 0.00245032 0.0266085 0.00202079 0.00681236 0.0319031 0.535856 0.0264293 2.10849e-07 3.98883e-06 0.112471 0.000439233 0.000153998 0.0770416 0.000480056 0.00485118 0.0570921 0.00378877 0.0226411 
0.0279495 0.013056 0.00835076 0.000350938 0.00124 8.24119e-05 0.00344544 0.0401844 0.000474201 0.00945589 0.00874378 0.519175 0.0252456 0.00556365 0.00033155 0.304069 0.000273393 0.00559943 0.0024835 0.00156546 6.39461e-05 0.00828031 0.0102519 0.00376341 
0.0272166 0.00168473 0.0144712 0.0113501 0.0110915 2.4843e-05 0.00369326 0.0452825 0.000566923 0.00239421 0.0324761 0.655896 0.117181 0.000116146 6.00082e-06 0.0107755 0.000113946 0.000997987 0.00324012 0.00159063 0.000119631 0.0484433 0.00269362 0.00857492 
0.00932834 0.000998521 0.0101035 0.000619973 0.015616 0.00218284 0.0236896 0.0676372 0.00228419 0.00364299 0.0907759 0.589706 0.097294 1.43545e-06 1.37414e-05 0.0332795 0.000118845 0.0012481 0.0033509 0.000293943 9.64994e-05 0.0195916 0.00197016 0.0261565 
0.00928068 0.0714072 0.0102457 0.00162015 0.0337369 0.000129869 0.00749876 0.0228966 0.00928082 0.0179244 0.0700508 0.269478 0.0453454 3.05202e-05 0.000143859 0.0673296 0.000242133 0.00306122 0.0125474 0.00877585 0.000297219 0.030698 0.264448 0.0435305 
0.0959138 0.000262551 0.00294608 0.000515567 0.0241179 1.05441e-05 0.00143147 0.0186053 0.132399 0.00265507 0.0177144 0.495215 0.0296656 1.46988e-07 4.13979e-07 0.0262622 0.000268538 0.00020017 0.0105269 4.51681e-07 0.00117472 0.13727 0.000858883 0.00198544 
0.0367135 0.0301517 0.0287523 0.0212695 0.125799 0.00287562 0.00945352 0.0460979 0.00326361 0.0096456 0.0145767 0.296514 0.136228 2.56933e-06 0.00367088 0.0205787 0.000502639 0.0740832 0.000362454 0.00255674 0.00343948 0.0938866 0.00593326 0.0336423 
0.00168799 0.460926 0.000318103 1.66033e-05 0.00181591 8.01987e-06 5.70968e-12 1.12152e-07 0.000215787 4.94431e-08 1.7984e-09 0.501067 0.00229163 1.44119e-11 9.93697e-09 1.64396e-12 1.82494e-11 0.000448436 5.98167e-12 0.0157961 2.40391e-05 0.0146416 0.000431348 0.000311453 
0.00330942 0.000223633 0.0469777 0.00096075 0.00104102 6.00871e-05 0.0246733 0.00519224 1.06267e-05 0.00111155 0.00106357 0.804853 0.000576082 3.53651e-05 4.57624e-05 8.90097e-05 0.000587167 0.025913 0.0173053 0.00152812 0.000292444 0.0192326 0.0343894 0.0105293 
0.016415 0.00114105 0.0092653 0.00410741 0.0101299 1.25462e-05 0.00348223 0.000800842 0.0658019 0.0162007 0.00507095 0.680213 0.0210071 2.829e-10 2.28603e-07 0.0219035 4.54903e-07 0.00259849 0.0011137 1.97323e-07 0.0566751 0.0814868 0.00225664 0.00031731 
0.0139966 0.00980332 0.0209081 0.000354214 0.0208936 8.258e-05 0.00342964 0.0326128 0.00434089 0.00771355 0.0434576 0.670191 0.0578088 7.10578e-06 0.000462749 0.0229514 2.19228e-05 0.0119875 0.00111778 0.00575537 0.000494165 0.0633832 0.00512879 0.0030971 
0.121314 0.0665061 0.0127018 0.00459676 0.0190522 0.00394316 0.0976141 2.18977e-06 0.013788 0.0172963 2.18975e-06 0.433166 0.0317557 2.18633e-06 2.18778e-06 0.0236505 2.18533e-06 2.18901e-06 0.0118202 2.18806e-06 2.18737e-06 0.140365 2.18883e-06 0.00241053 
0.0059872 0.0003912 0.0069337 0.00393686 0.00516992 8.3271e-05 0.00140321 0.0156562 0.00053922 0.00253155 0.0911466 0.329844 0.01403 1.11688e-09 1.73883e-06 0.0526311 0.000446825 0.0092465 0.161743 5.48635e-08 3.37489e-05 0.267137 0.001831 0.0292772 
0.0508262 0.00206967 0.0188729 0.00151318 0.00242682 0.000221443 0.000287516 0.0123161 0.00083988 0.00253201 0.0676811 0.3704 0.0688144 2.3788e-10 0.00630134 0.0185714 0.000229841 0.0311902 0.00959181 0.221841 0.000138707 0.0742843 0.0297828 0.00926744 
0.0392528 0.000125736 0.00693111 0.00016022 0.0160977 0.00127437 0.000920249 0.0147485 0.00173576 0.00185621 0.0111774 0.489945 0.047607 2.94702e-09 4.12675e-07 0.125998 7.59533e-05 0.00443353 0.00144223 0.00597861 0.000430218 0.152665 0.0700216 0.00712234 
0.0223535 0.000229405 0.0625741 0.0239328 0.00751816 6.57255e-05 0.0704848 0.149434 0.0132776 0.0608547 0.00379402 0.250996 0.0113143 9.68224e-09 2.18045e-06 0.0103523 8.15515e-05 0.026855 0.0331567 0.000122993 0.0021463 0.169967 0.0421817 0.0383055 
0.0035729 5.18384e-05 0.00222888 9.25323e-05 0.000677911 9.1555e-06 0.00425325 0.00368937 7.89291e-06 0.000250038 0.00576391 0.966024 0.00716363 9.89868e-10 3.10983e-07 0.000124614 1.54507e-06 0.000234866 5.53607e-05 4.08168e-07 3.81112e-06 0.00364069 0.00120564 0.000947615 
0.017018 0.00298036 0.037483 0.000299287 0.00593932 3.76665e-05 0.00569141 0.0206282 2.5081e-05 0.000398917 0.0172286 0.837417 0.0086084 2.05101e-05 1.53682e-06 0.000417466 1.426e-06 0.0121502 0.000357784 0.0021838 2.27164e-05 0.0244791 0.000515596 0.00609405 
0.0571132 4.98929e-06 0.0160783 0.000158179 0.0745904 3.24188e-05 0.00288628 0.0209277 0.000211822 0.00126893 0.00942343 0.538205 0.0524519 3.85969e-10 3.0818e-07 0.00107331 5.79277e-08 0.000161387 0.0026777 4.04511e-08 0.000953888 0.142692 0.0735432 0.00554556 
0.0184501 0.00526957 0.0226989 0.000244076 0.0196905 0.00149297 0.000183651 0.0178723 0.000695828 0.00963064 0.0324792 0.649729 0.0246927 8.68177e-08 7.55153e-06 0.0378595 0.00230823 0.0256561 0.00916903 0.0665203 2.32041e-05 0.0302177 0.00836171 0.0167471 
0.000587039 8.83396e-06 0.00183359 4.10249e-10 0.00137288 1.12955e-08 0.000501853 0.000320196 3.00259e-07 4.75738e-06 0.00103919 0.963256 3.23218e-06 2.6428e-06 4.30165e-10 0.0304639 1.12982e-07 0.00011062 4.56776e-07 5.48194e-05 1.51256e-07 3.44843e-05 0.00034886 5.55865e-05 
0.00365861 0.0172534 0.00127822 0.000106785 0.00624273 1.86959e-05 0.000275491 0.0975405 0.000465147 2.09108e-05 0.124733 0.4251 0.226273 1.6311e-11 8.33574e-07 0.0271941 1.2947e-06 0.00197697 0.0038478 2.88964e-06 0.00134476 0.0559335 0.00511987 0.00161063 
0.0281352 0.0017022 0.0301879 0.00321822 0.0458616 9.67158e-05 0.0040462 0.0171748 0.0138683 0.0142249 0.0435474 0.620408 0.0490796 0.000601155 0.000793085 0.0523994 4.63984e-05 0.00707829 0.00796819 0.00603853 0.0013648 0.0374936 0.00787694 0.00678878 
0.0116441 0.101379 0.00243117 0.0102469 0.0218917 0.000110932 0.000112583 0.0166633 0.000642493 0.00178921 0.0410245 0.466909 0.0611138 5.10466e-10 0.000894493 0.124227 0.00334772 0.0358854 0.0162836 0.0399327 2.09254e-05 0.0425343 0.000678789 0.000235867 
0.0488371 0.000976667 0.0150596 0.115912 0.0419863 0.000131275 0.000155316 0.0397505 0.000252273 0.00317426 0.195984 0.196267 0.12471 1.16459e-09 0.000238004 0.0656594 0.000404511 0.025201 0.0235867 0.0046631 0.00016387 0.0586631 0.00348026 0.034743 
0.0500178 0.00147012 0.066532 0.000310826 0.095454 0.00119179 0.0138846 0.0297425 0.135358 0.00371036 0.00996101 0.249993 0.0232009 6.14835e-07 1.18387e-05 0.0924266 0.00097264 0.0177498 0.00406159 0.000335536 0.0736089 0.108221 0.00305098 0.0187342 
0.000587039 8.83396e-06 0.00183359 4.10249e-10 0.00137288 1.12955e-08 0.000501853 0.000320196 3.00259e-07 4.75738e-06 0.00103919 0.963256 3.23218e-06 2.6428e-06 4.30165e-10 0.0304639 1.12982e-07 0.00011062 4.56776e-07 5.48194e-05 1.51256e-07 3.44843e-05 0.00034886 5.55865e-05 
0.042142 0.00101625 0.0705208 0.00500865 0.0388958 3.74205e-05 0.0234498 0.0634764 0.00192921 0.0074248 0.0424905 0.20006 0.17447 1.30441e-10 3.40793e-05 0.0734766 0.000107497 0.0249606 0.0441422 8.28808e-05 0.00107115 0.163049 0.0191409 0.00301324 
0.00386369 0.0120114 0.00355022 0.00468701 0.000635379 2.82573e-05 0.00261887 0.00563372 0.00173061 0.00102977 0.00395532 0.856718 0.0397044 2.8366e-08 1.36154e-07 0.0212973 0.00359699 0.00202353 0.00702875 0.00696644 5.23311e-06 0.0174171 0.00147948 0.00401814 
0.000100805 0.00387704 0.000127221 2.88244e-05 0.00741532 2.71609e-05 3.74698e-05 0.00147658 6.4921e-08 0.000484407 0.0236791 0.460151 0.0325632 4.85614e-08 1.22727e-09 0.454328 0.000177819 0.000165089 0.00439199 0.000766294 0.000796956 0.00584773 0.000653982 0.00290352 
0.0759043 0.0194979 0.00258672 0.00010877 0.00172719 2.44764e-05 4.12282e-08 0.088071 5.94606e-08 0.00524331 0.00289577 0.388282 0.235527 1.86672e-11 1.87462e-08 0.000390413 0.000109734 0.00799358 0.000381448 0.00201283 0.00018967 0.0620155 0.105338 0.00170015 
0.000400726 0.000458132 0.000161402 9.19328e-05 0.0218457 1.64911e-05 7.31844e-06 0.00214051 0.00471271 1.40964e-07 0.015983 0.878528 0.00445952 5.49675e-07 9.20668e-06 0.023592 1.17408e-05 9.86017e-05 0.00205915 0.00012798 8.35822e-06 0.00226078 0.04299 3.62497e-05 
0.00364384 0.00122324 0.0029507 0.000266865 0.00432131 2.11976e-05 0.00026848 0.0147092 0.000384103 0.000289252 0.0352909 0.484085 0.0156462 2.40538e-11 0.00077671 0.0307025 0.000185075 0.00667031 0.00393225 0.353266 1.45014e-05 0.00450377 0.0359184 0.000929757 
0.0138854 0.000191624 0.00646986 1.33615e-05 0.000297651 1.09085e-08 0.0198094 0.168033 8.00558e-05 0.00615591 0.0541462 0.378604 0.0344935 5.82462e-11 3.57971e-11 0.00168937 3.05428e-05 0.00244457 0.00254937 0.017416 4.28067e-09 0.0106853 0.281317 0.0016882 
0.00867057 5.30366e-05 0.00919149 2.67418e-05 0.0121767 1.54984e-06 0.0093485 0.0370798 6.46347e-06 0.0146544 0.00380012 0.791126 0.0102161 8.8309e-08 2.67677e-06 0.0195398 2.22688e-05 0.000581828 0.00112087 0.0175372 0.000420884 0.00353227 0.0589887 0.00190167 
0.000848042 0.000128003 0.0148096 0.000136334 0.00326104 1.90652e-05 0.00185914 0.0209918 0.000716124 0.000185752 0.0252826 0.678511 0.00823305 6.42042e-07 6.73253e-05 0.050886 0.00017113 0.00100305 0.0038408 0.103939 5.86855e-05 0.00958856 0.0616265 0.0138368 
0.0125343 0.011831 0.0163495 0.00178352 0.0138886 0.00155728 0.00684252 0.0416938 0.000874843 0.00810966 0.0388733 0.561569 0.0611625 0.000425886 5.67756e-05 0.110263 0.00186399 0.00745043 0.0065936 0.0064909 0.000403779 0.0315283 0.0524732 0.00537998 
0.00661985 0.140916 0.00370927 0.000112643 0.0110624 8.17755e-06 0.000171983 0.0355986 0.00186501 0.00203879 0.0275167 0.400016 0.0437847 8.18481e-12 5.93637e-06 0.273595 0.000709805 0.00773115 0.00156558 0.0311006 0.000191227 0.00288087 0.00256255 0.0062376 
0.0259403 0.0310321 0.0125143 0.00111375 0.00571567 0.000244403 0.00216825 0.0155851 0.000896957 0.00123984 0.0228715 0.411754 0.0370799 4.83015e-05 0.000236958 0.211841 0.000190092 0.0147814 0.0118556 0.0982843 0.00141405 0.0732693 0.00770533 0.0122174 
0.00168799 0.460926 0.000318103 1.66033e-05 0.00181591 8.01987e-06 5.70968e-12 1.12152e-07 0.000215787 4.94431e-08 1.7984e-09 0.501067 0.00229163 1.44119e-11 9.93697e-09 1.64396e-12 1.82494e-11 0.000448436 5.98167e-12 0.0157961 2.40391e-05 0.0146416 0.000431348 0.000311453 
0.0118365 0.000954111 0.00194943 0.000244769 0.000339695 0.000191171 0.000136791 0.0344248 4.09374e-05 0.00231414 0.042525 0.430335 0.138234 1.7538e-09 0.00154148 0.0264096 0.00141134 0.0153792 0.00321236 0.0622924 3.45464e-05 0.131093 0.09279 0.00230985 
0.00168799 0.460926 0.000318103 1.66033e-05 0.00181591 8.01987e-06 5.70968e-12 1.12152e-07 0.000215787 4.94431e-08 1.7984e-09 0.501067 0.00229163 1.44119e-11 9.93697e-09 1.64396e-12 1.82494e-11 0.000448436 5.98167e-12 0.0157961 2.40391e-05 0.0146416 0.000431348 0.000311453 
0.0555195 0.00189672 9.18334e-08 0.0055287 0.000506041 0.000288415 1.95302e-07 1.1049e-06 9.12241e-08 9.5897e-08 0.0584318 0.465752 0.0172871 1.05332e-11 9.40798e-06 1.9062e-06 0.00155763 0.00241445 5.68379e-08 0.00417924 0.000106653 0.386519 1.44163e-07 1.23512e-07 
0.0204959 0.0422882 0.00364546 0.000475613 0.00329517 2.31519e-05 0.000144657 0.0240632 9.03519e-05 0.000617652 0.0270881 0.519661 0.20415 5.60717e-11 1.71729e-05 0.0268584 0.000146094 0.0162549 0.000459412 0.00171673 0.00146095 0.0954548 0.00383003 0.00776355 
0.00290424 0.0342326 0.0100792 3.01379e-08 0.00410912 5.65659e-09 0.00145545 0.00503759 3.98187e-10 0.000990385 0.151785 0.345722 0.21665 8.71804e-11 2.65356e-05 0.0461875 1.25532e-06 0.00059583 7.09774e-07 0.000111318 5.26273e-05 0.155159 0.0243971 0.000502458 
0.000226637 0.0014895 0.0016599 6.48115e-06 0.00064654 1.42612e-07 0.00010885 0.00715977 5.3168e-12 4.32654e-05 0.035536 0.611386 0.015333 1.06826e-11 2.26095e-09 0.300659 0.000443305 0.000650851 2.48789e-05 0.00111805 5.16347e-09 0.00711982 0.0162791 0.000109001 
0.0166598 0.014031 0.0231424 9.16009e-07 0.0387157 6.4908e-11 0.000518528 0.0428049 0.00390131 0.00859548 0.0136901 0.500351 0.0609475 3.71412e-10 0.000136938 0.00467437 0.00110387 0.00100596 0.0182241 0.00544933 0.00321215 0.105849 0.1368 0.000185665 
0.00280899 0.0122958 0.00613972 0.0017865 0.0820786 1.77452e-08 0.00566507 0.0314129 8.3959e-05 0.000763105 0.0144327 0.436557 0.15915 4.24095e-10 5.51312e-06 0.18405 1.32849e-08 3.17306e-05 0.000212334 0.000565317 0.000187017 0.0555666 0.00473862 0.00146968 
0.0228126 0.00464405 0.0759318 0.0039869 0.0270289 2.73552e-05 0.00629712 0.0586625 0.00330335 0.0022616 0.0312231 0.50834 0.0321638 3.12085e-08 4.56064e-07 0.0918251 0.00172731 0.0222556 0.0276051 0.000770602 0.000420793 0.0573503 0.00357473 0.0177872 
0.0035729 5.18384e-05 0.00222888 9.25323e-05 0.000677911 9.1555e-06 0.00425325 0.00368937 7.89291e-06 0.000250038 0.00576391 0.966024 0.00716363 9.89868e-10 3.10983e-07 0.000124614 1.54507e-06 0.000234866 5.53607e-05 4.08168e-07 3.81112e-06 0.00364069 0.00120564 0.000947615 
0.00012588 0.000424017 4.18921e-05 0.000237416 0.00612734 7.67485e-09 1.35932e-08 0.0108988 8.09815e-05 0.000401079 0.00116282 0.56931 1.24997e-07 5.31284e-11 3.26518e-11 0.267398 0.0176097 0.000247771 0.000121291 0.125722 3.85413e-11 3.01674e-05 6.02214e-05 2.30502e-07 
0.0232583 0.0023193 0.00800666 0.000604326 0.0206363 0.000436628 0.00170642 0.0560852 0.000838719 0.00175734 0.0572612 0.435528 0.134904 2.13741e-07 1.78341e-05 0.031127 0.000305401 0.00156701 0.0297541 7.13818e-05 0.00073566 0.114395 0.00464246 0.074042 
0.0101225 0.00570858 0.066153 0.000180679 0.0303516 4.53178e-06 0.00455027 0.169856 0.00091269 0.0716106 0.039694 0.195397 0.195013 5.21127e-11 9.5639e-07 0.00472616 4.28556e-05 0.000219744 0.0339146 0.00712241 0.000827331 0.0845886 0.0448793 0.0341231 
0.0147455 0.106276 0.00139069 9.26565e-05 0.00457831 3.3027e-05 0.00156769 0.0438927 0.00016332 0.000634884 0.0428519 0.478139 0.15361 2.72864e-07 0.0016611 0.0162715 0.00130365 0.00148785 0.00261877 0.0439183 0.000360782 0.0675235 0.00949195 0.00738613 
0.00146255 2.37761e-05 0.000639769 8.40736e-05 0.000354529 2.1702e-09 0.000565645 0.000875142 1.9785e-12 4.28109e-05 0.00128592 0.986996 0.00521064 1.75611e-09 2.4431e-12 5.59749e-05 1.43645e-09 1.46248e-05 1.04124e-05 3.33485e-09 7.80514e-07 0.00101783 0.00119423 0.000165203 
0.0776725 0.00145725 0.0699851 0.00105345 0.0254538 1.07171e-05 0.031619 0.0640119 0.123654 0.0113969 0.0369007 0.292451 0.141691 5.88229e-05 1.87891e-05 0.00106253 0.00011441 0.0128259 0.0294367 0.00255276 6.17869e-05 0.0485586 0.0272381 0.000714692 
0.00930386 0.00727235 0.015225 0.0157181 0.00416766 6.7585e-06 0.0110241 0.0289272 1.35638e-05 0.00888228 0.0228294 0.502505 0.100175 0.00911889 1.29906e-06 0.000406564 0.000119541 0.115789 0.00420787 0.000296285 0.00017303 0.0307073 0.00572149 0.107409 
0.041552 0.00419628 0.0582622 0.0119633 0.0139088 0.000176573 0.00491635 0.0152591 0.0554863 0.0018378 0.013562 0.591657 0.0241994 4.76592e-06 3.74417e-06 0.00303624 8.4892e-05 0.0127522 0.000743282 4.86634e-05 0.00277991 0.0722307 0.00783478 0.063504 
0.00486164 0.0968534 0.00227493 0.000191101 0.000420486 2.22656e-05 0.0117108 0.0202276 0.000196799 0.000152185 0.0310262 0.491086 0.0909213 4.43801e-10 2.49476e-07 0.0945565 2.83859e-05 0.00100014 0.00010776 0.0531207 6.32203e-07 0.0929429 0.00602332 0.00227502 
0.0209126 0.00291446 0.0153601 0.00998044 0.0293281 9.22602e-05 0.00543423 0.180884 0.00245015 0.00208343 0.0273969 0.336627 0.0439651 7.50791e-07 7.26057e-06 0.104223 0.0330907 0.0167907 0.00498921 0.0156636 8.07564e-06 0.0143691 0.112521 0.0209082 
0.0198759 0.00996748 0.00982229 0.00143576 0.00418383 3.60952e-05 0.0261353 0.0522751 0.000986275 0.00361023 0.0217509 0.61691 0.0869464 3.37621e-06 1.71718e-06 0.0681968 0.00416126 0.00145677 0.00809725 0.0309763 5.41086e-05 0.0220712 0.00427077 0.00677489 
0.000465702 0.00724834 0.00305745 0.0173578 4.5995e-08 0.000197395 5.41284e-05 0.00866576 1.96683e-09 0.00377031 0.0664489 0.625424 0.048309 1.95359e-06 1.02258e-08 0.0273502 1.37959e-05 0.0267426 0.000274641 0.0113956 2.33583e-08 0.12884 0.0241828 0.000199601 
0.00172978 1.60251e-05 0.000593846 1.38275e-05 0.00287398 7.91855e-06 0.00383674 0.000692666 0.000349476 3.22156e-05 0.00203094 0.483553 0.00354525 2.53772e-11 0.000245105 0.00121223 4.41924e-05 0.000700946 0.0172771 0.468716 0.000635506 0.00417011 0.00736326 0.000359662 
1.04958e-08 7.53946e-08 1.55651e-08 6.75998e-08 0.000135041 2.01555e-08 4.56922e-08 9.66916e-09 5.7402e-08 2.95771e-08 1.02986e-08 0.726865 6.25166e-09 1.15333e-07 7.08815e-08 0.00119194 1.46043e-07 3.28753e-08 4.78688e-08 6.23896e-08 8.36666e-08 0.2507 3.87828e-08 0.021107 
0.0138026 6.60117e-06 0.000547749 0.000580524 0.0198379 0.00019452 0.00420745 0.0282693 0.00102839 0.000165012 0.204953 0.29753 0.193306 1.54036e-08 2.59633e-06 0.139347 7.14564e-06 0.00575816 0.00686598 0.000394624 0.000859332 0.0219999 0.023714 0.0366217 
0.000925844 0.000399897 0.00526111 3.61783e-06 0.0157747 3.86787e-09 0.00059415 0.00351616 0.027647 0.000428403 0.0266486 0.627523 0.0158997 2.57637e-10 1.5834e-10 0.00927286 0.000382553 0.000211241 0.00195563 3.95586e-08 0.00129746 0.00183303 0.25991 0.000515083 
0.00271138 0.000126621 0.00182515 0.000129771 0.000789843 1.23878e-05 0.00275525 0.005218 7.74919e-06 0.000193298 0.0144499 0.803787 0.0157265 1.80319e-08 1.66765e-05 0.00597988 5.63666e-06 0.000349269 6.01194e-05 0.13533 5.2594e-06 0.00415162 0.00502878 0.0013403 
0.0028412 0.22007 0.0018168 1.60943e-05 0.00015646 0.00026347 2.49698e-05 0.0208102 1.77811e-06 0.00158047 0.00295955 0.437554 0.0350633 3.63098e-11 0.0191802 0.186343 0.000424489 0.00524905 8.03121e-08 0.000215689 2.17939e-07 0.0626234 0.000803365 0.00200252 
0.0010783 0.000728427 0.0179581 6.8115e-05 0.0101682 2.21827e-05 9.10796e-06 0.00734484 2.6272e-05 0.00230897 0.034395 0.604052 0.0520775 1.69072e-09 5.31628e-07 0.241846 0.00493713 0.000543386 1.83739e-05 0.000634388 7.78092e-05 0.00449569 0.00373316 0.0134769 
0.000587039 8.83396e-06 0.00183359 4.10249e-10 0.00137288 1.12955e-08 0.000501853 0.000320196 3.00259e-07 4.75738e-06 0.00103919 0.963256 3.23218e-06 2.6428e-06 4.30165e-10 0.0304639 1.12982e-07 0.00011062 4.56776e-07 5.48194e-05 1.51256e-07 3.44843e-05 0.00034886 5.55865e-05 
0.00841365 0.00069071 0.0096973 0.000145974 0.00257687 8.45204e-06 0.152677 0.0283454 0.000362441 0.00057176 0.0508857 0.69541 0.0206317 6.93544e-09 1.00969e-06 0.00552152 4.67047e-05 0.00180003 0.00174616 0.00034168 8.51019e-06 0.00948663 0.0034379 0.00719321 
0.0186475 0.000607485 0.0877559 0.000555209 0.0269149 4.18645e-05 0.0164645 0.101765 0.00368146 0.0041486 0.107771 0.473074 0.0541424 7.45706e-06 3.72444e-05 0.00334246 0.00166564 0.000795929 0.00544453 0.0344711 0.000141849 0.0230085 0.000736404 0.0347794 
0.00702775 0.000508586 0.00864216 0.00162295 0.0142729 1.36692e-05 0.0132299 0.0399643 0.00227766 0.000342815 0.108304 0.616984 0.0295187 3.87931e-07 1.19149e-06 0.0150596 0.000195861 0.00181234 0.0353779 0.00522446 0.001097 0.0464554 0.0376385 0.014428 
2.9249e-06 1.12946e-06 8.74282e-06 9.20402e-10 0.00528176 2.74426e-10 0.0275525 0.0771302 7.81554e-10 0.0140415 0.0672769 0.689834 0.0425786 1.57031e-09 9.65084e-10 4.25082e-07 1.98844e-09 0.00129902 0.0216527 8.49463e-10 6.87493e-07 0.053334 4.40495e-06 6.69904e-07 
0.0170341 0.0150537 0.0355686 0.00403218 0.0134168 0.00917239 0.00688134 0.0238207 0.00311608 0.0128832 0.0150438 0.569623 0.0744547 0.00664893 8.17555e-05 0.0235933 0.0017611 0.0141647 0.00415264 0.000737547 0.000712583 0.114368 0.00862183 0.0250565 
0.0131827 0.0139398 0.000104135 0.000179029 0.00248553 4.4006e-13 1.92089e-05 0.0699889 3.73033e-08 0.000319966 0.05968 0.383698 0.321129 2.51808e-12 1.54757e-12 0.0656729 4.90499e-05 0.000943756 0.000126947 0.0289806 7.42322e-09 0.026755 0.0127449 4.59915e-13 
0.0026139 1.98576e-05 0.000263118 9.20745e-05 3.53114e-05 1.07226e-05 0.000604745 0.0393516 1.57198e-07 0.000244813 0.0255104 0.866703 0.0367787 3.90144e-10 0.0037572 0.000151005 0.000112102 5.5738e-05 3.24711e-06 0.00300961 4.61643e-07 0.0146237 0.00596917 8.91888e-05 
0.000587039 8.83396e-06 0.00183359 4.10249e-10 0.00137288 1.12955e-08 0.000501853 0.000320196 3.00259e-07 4.75738e-06 0.00103919 0.963256 3.23218e-06 2.6428e-06 4.30165e-10 0.0304639 1.12982e-07 0.00011062 4.56776e-07 5.48194e-05 1.51256e-07 3.44843e-05 0.00034886 5.55865e-05 
0.0081526 0.00299326 0.00491922 0.000518613 0.00603782 0.00489151 0.00641815 0.0206093 0.000648634 0.0105284 0.0176479 0.731191 0.01759 0.000863855 1.35067e-05 0.028421 0.000550027 0.00349689 0.0032275 0.0111418 0.000860316 0.0114836 0.10464 0.00315501 
8.54917e-07 0.0764783 0.000228491 3.95521e-07 2.99236e-07 2.16297e-07 3.02505e-08 3.47824e-07 2.63931e-07 1.07987e-11 0.00613468 0.836961 4.23307e-07 4.21084e-11 4.32323e-09 0.0370477 0.000333967 0.00136447 0.000195702 0.00531688 1.41215e-07 0.0134144 4.47063e-06 0.0225166 
0.0307872 0.00835314 0.0167994 0.00216931 0.0138931 0.00247316 0.00756099 0.0396423 0.00176433 0.00468492 0.0445585 0.548373 0.0805306 0.000254988 0.000392316 0.0427861 0.000658459 0.0123115 0.00894876 0.00296454 0.00102803 0.0891135 0.0184546 0.0214972 
0.0499427 0.00594091 0.0112406 0.00116861 0.020652 1.19893e-05 0.00245032 0.0266085 0.00202079 0.00681236 0.0319031 0.535856 0.0264293 2.10849e-07 3.98883e-06 0.112471 0.000439233 0.000153998 0.0770416 0.000480056 0.00485118 0.0570921 0.00378877 0.0226411 
3.44141e-05 1.10118e-07 0.0587734 0.000714691 0.0202382 1.47222e-05 0.0108747 0.0408848 0.00100944 0.00120886 0.050447 0.80622 4.65737e-06 4.55023e-10 5.77293e-07 0.00353674 1.45057e-07 0.00171746 0.000707675 1.90648e-05 1.85423e-07 0.00101688 0.000299655 0.00227639 
0.00576646 0.0159125 0.00221366 0.00189362 6.0664e-05 2.28603e-07 0.00188693 0.0186882 1.02846e-09 0.0346232 0.0934911 0.372983 0.177269 2.06639e-09 1.87805e-07 0.0602497 0.000119969 0.00144226 0.000602509 7.46727e-06 2.5504e-07 0.204786 0.00269995 0.0053022 
