0.0406961 1.19982e-05 0.0179299 0.000112439 0.00312002 2.57276e-08 4.04108e-05 0.334824 1.81709e-05 0.0246647 0.0116554 0.0137483 0.510445 8.18711e-11 1.80934e-08 0.000852964 1.1485e-06 0.000181907 0.00226988 0.0134462 1.34144e-05 0.019129 0.0068394 1.01332e-08 
0.128239 0.000570778 0.0148599 0.000146524 0.0815754 0.000873914 0.00446389 0.039312 0.0169399 0.00509229 0.0757621 0.0246339 0.300298 1.98767e-08 0.00272795 0.00114114 7.38989e-05 0.0108013 0.00604666 0.000803931 0.0012129 0.239941 0.00385455 0.0406292 
0.048322 0.00046707 0.0382427 0.000160074 0.0020223 3.10946e-05 1.38962e-07 0.00550445 4.89186e-06 0.00256754 0.0179997 0.0262355 0.733363 1.40915e-10 0.000158996 0.000761166 0.000129999 0.0347186 0.000434311 1.75971e-05 0.000345763 0.0376332 0.0464688 0.00441074 
0.142246 0.168864 0.0122074 4.26814e-05 0.00468228 6.32563e-06 7.63037e-05 0.0333266 0.000296656 0.00110822 0.00623757 0.00230451 0.534038 2.40769e-10 2.50085e-06 8.28573e-05 9.98167e-06 0.000722622 0.00155311 5.33099e-05 3.59689e-06 0.0295184 0.0621865 0.000430576 
0.0555257 0.0242623 0.0290048 0.000437624 0.00569722 7.31288e-05 0.00713879 0.0598889 6.43362e-05 0.013367 0.00797216 0.16038 0.220371 9.00903e-10 5.5368e-10 0.0336856 6.51816e-06 0.0265849 0.0119616 0.178133 2.39459e-05 0.149857 0.013495 0.00207009 
0.0942348 0.000220933 0.0960106 0.00030322 0.11058 5.12989e-06 0.00519857 0.228275 0.0215415 0.0619715 0.0336062 0.00544035 0.327229 2.56003e-05 1.06294e-05 0.000159942 1.26295e-06 0.0043221 0.000229515 2.42294e-06 0.000196457 0.00925856 0.000238854 0.000938705 
0.0333698 0.00516206 0.0228544 0.00330207 0.00566668 0.0260772 0.000497599 0.0801655 6.15567e-05 0.0021865 0.106919 0.0698559 0.337764 2.83209e-06 1.66377e-05 0.0314816 0.000227316 0.0547666 0.000891324 0.00176717 0.0014118 0.136277 0.00307139 0.076204 
0.0856189 0.00183812 0.0092741 0.000699382 0.00162265 0.000230016 0.000478199 0.0364389 0.000781712 0.0111671 0.0868162 0.237697 0.273845 1.26347e-06 7.00052e-05 0.0406154 0.000643769 0.00458969 0.00146795 0.0153793 7.76504e-11 0.17745 0.0014742 0.011802 
0.104582 0.00344019 0.0259274 0.00298186 0.0424037 0.000621278 0.00266315 0.0269826 0.0235548 0.00722939 0.0675042 0.0457869 0.535513 2.40809e-05 5.52934e-05 0.0244747 0.0017809 0.0158637 0.0125164 0.00219432 0.00155593 0.0346658 0.00133557 0.0163433 
0.043764 0.000403495 0.0712642 0.000265753 0.000496105 1.10682e-05 0.00993583 0.161357 9.25388e-08 0.00725967 0.112239 0.0280232 0.489475 2.53098e-06 8.2403e-07 0.026413 2.99871e-06 0.000102213 0.0191489 2.90765e-06 2.83999e-05 0.0171457 0.00816631 0.00449156 
0.0849013 0.000657129 0.0141701 0.000329158 0.0284681 4.98542e-05 0.00196748 0.10587 0.00165614 0.00563666 0.277358 0.0455303 0.317675 4.7929e-05 0.00348974 0.0267066 0.000133854 0.00495652 0.000974888 0.00435344 0.00059351 0.019348 0.00116306 0.0539635 
0.104177 0.0012454 0.0443917 0.00122955 0.0175826 0.0246939 0.00367135 0.054375 0.0157138 0.00239937 0.0678322 0.0188611 0.320749 2.54167e-07 2.74205e-05 0.00103766 0.000243861 0.178599 0.000284284 2.11974e-05 0.000214093 0.0321037 0.00350914 0.107037 
0.0793403 0.00124511 0.0202283 0.00137525 0.0323432 9.21843e-06 0.00205258 0.0209121 0.0538618 0.00238611 0.0251461 0.0230301 0.70113 2.63121e-05 1.81741e-07 0.0136881 0.000531264 0.0121182 0.000225103 0.000115653 0.00158092 0.00758894 0.000208852 0.000856588 
0.12906 0.00039644 0.026734 0.000114234 0.0044847 0.00489917 0.0069382 0.130011 4.40449e-05 0.00797313 0.0551352 0.147696 0.36063 9.76045e-08 5.87057e-05 0.00816573 3.66789e-05 0.00217522 0.028085 0.0169125 0.000152714 0.0516103 0.015505 0.00318187 
0.0498619 0.000307553 0.00601782 0.000910872 0.0015208 0.000133981 0.00599007 0.0431856 0.000919482 0.0413946 0.00392108 0.0297151 0.659978 0.000581435 8.19181e-05 0.000531302 0.000186944 0.0131346 0.00269906 7.36921e-05 0.000610608 0.085203 0.0139138 0.039127 
0.0392618 0.0029776 0.0173914 0.00147936 0.00357098 5.92678e-06 0.000272541 0.09212 7.05682e-06 0.0102272 0.0271353 0.100871 0.631391 1.38637e-09 4.50901e-07 0.0508708 4.41449e-05 0.00674433 0.000486151 0.000314812 3.14667e-05 0.00933742 0.00507642 0.000382417 
0.00784581 0.000368265 0.0107268 0.000688007 0.0054333 5.94048e-09 0.0102252 0.312916 0.000113553 0.00139865 0.150768 0.0547944 0.336384 1.60067e-08 2.67005e-07 0.00363404 0.00645739 0.00272182 0.025656 4.33805e-09 1.60023e-06 0.00187774 0.00431424 0.0636748 
0.306801 0.000417688 0.00915422 0.000315077 0.00511875 2.23381e-05 5.43098e-09 0.0136037 0.000219932 0.00226172 0.0327453 0.0141992 0.476311 1.15375e-07 7.6474e-06 0.0607292 4.72725e-05 0.0115398 0.0135354 1.14317e-05 0.000451318 0.0459248 0.00241218 0.00417164 
0.108548 0.00266647 0.080257 0.000608892 0.0420268 8.43115e-05 0.00403137 0.0460383 0.00865187 0.000622466 0.0957558 0.0638119 0.386834 4.43286e-07 0.000288712 0.0367029 0.000193802 0.00985076 0.00254179 0.00031753 0.000313626 0.0558658 0.000661739 0.0533251 
0.0386971 0.0008479 0.020875 0.00250892 0.0280556 0.000550247 0.00787662 0.188229 0.00199864 0.00540582 0.211029 0.0723542 0.23369 1.76786e-08 0.00188608 0.0224502 7.88001e-05 0.000940426 0.028056 0.00905555 0.00225343 0.0730086 0.00541252 0.0447401 
0.0334861 0.000314701 0.00993623 2.25701e-05 0.00437977 0.00121331 0.000160704 0.112744 1.18533e-07 0.000555071 0.147108 0.0435601 0.316536 8.11856e-11 1.65241e-06 0.105043 0.00357333 0.0232558 0.000590899 0.000101902 0.000343709 0.151414 0.000435068 0.0452237 
0.0541735 0.000964603 0.0701328 0.00225274 0.0429323 0.000131831 0.000943938 0.199736 0.00362656 0.00370116 0.17201 0.0228468 0.262383 1.73821e-10 9.07618e-08 0.000989324 6.41158e-05 0.00313432 0.00249986 0.0006667 0.000468681 0.138373 0.000484466 0.0174854 
0.0174906 0.00152305 0.011039 0.000539159 0.0125344 7.24811e-05 0.00199991 0.0906277 0.000167031 0.00671163 0.0791245 0.0320418 0.63447 0.000284763 0.000286841 0.0128646 0.000263142 0.00601641 0.00306801 0.00099315 0.000638709 0.0635353 0.00106668 0.0226417 
0.0278232 6.54192e-05 0.0029333 5.83282e-05 0.00298879 7.5256e-06 0.000889267 0.24887 0.000690835 0.00289053 0.0628188 0.0837477 0.366115 4.67836e-11 0.00112002 0.00566483 0.000377759 0.000618816 0.00117311 0.000381307 0.000287964 0.146816 0.0162821 0.0273793 
0.306801 0.000417688 0.00915422 0.000315077 0.00511875 2.23381e-05 5.43098e-09 0.0136037 0.000219932 0.00226172 0.0327453 0.0141992 0.476311 1.15375e-07 7.6474e-06 0.0607292 4.72725e-05 0.0115398 0.0135354 1.14317e-05 0.000451318 0.0459248 0.00241218 0.00417164 
0.0743338 0.000744663 0.0156664 0.000261004 0.0401596 0.000609393 0.000142786 0.00519071 0.0207987 0.0520334 0.0517954 0.00677587 0.365571 0.00166606 0.00015133 0.0046817 0.000563877 0.00302502 0.00443622 0.000113906 5.20242e-05 0.334752 0.000729695 0.0157462 
0.0729813 0.00629829 0.00862197 0.000228794 0.0291544 1.5168e-05 0.00407916 0.196949 3.84199e-05 0.00145248 0.131583 0.0547311 0.200621 8.84645e-11 1.08246e-06 0.0305179 3.3199e-07 0.00303159 0.0007382 0.0105852 0.000322186 0.181745 0.0482017 0.018102 
0.0541385 0.000622263 0.0489866 0.000213126 0.00269586 4.13886e-05 8.42006e-08 0.00733856 6.45534e-06 0.00342252 0.0239982 0.0305374 0.70578 3.08612e-11 0.00021124 0.000790513 0.000172799 0.0366364 0.000578676 2.33522e-05 0.000460552 0.0476746 0.0328604 0.00281018 
0.0854797 0.00461113 0.00412173 0.00192639 0.00214839 2.03443e-05 0.0192337 0.0448566 0.000100964 0.0223868 0.00913101 0.0676129 0.695342 0.00367024 5.73055e-05 0.000343935 1.6737e-05 0.000251515 0.000221348 1.06822e-06 0.000392967 0.0325561 0.00254506 0.00297252 
0.0158205 0.000181181 0.00174651 0.000712129 0.00797546 8.41726e-05 0.00140308 0.194616 0.000175236 0.000445421 0.177976 0.115089 0.346778 2.22367e-12 0.00847308 0.0606131 3.7037e-05 0.000382071 0.000457308 7.20175e-05 0.000107089 0.0501231 0.00175286 0.014979 
0.0192612 0.000887473 0.0314675 0.00166656 0.0249129 6.06765e-05 0.00163932 0.184543 0.00260647 0.00489422 0.247333 0.0399754 0.318497 1.60658e-06 0.00737312 0.0324268 9.79738e-05 0.00522407 0.000839123 0.0103663 0.000152118 0.0478323 0.00113498 0.0168072 
0.170904 0.00146933 0.00229226 0.000145852 0.159871 1.95732e-05 0.000689234 0.024362 0.00760471 0.00640764 0.0654386 0.0188055 0.523437 4.66553e-08 4.5805e-05 0.00204945 0.000107024 0.00126432 0.000104347 8.31613e-05 0.00137256 0.00615007 0.000262775 0.00711404 
0.0836177 0.00374953 0.0261581 0.00224771 0.0363736 0.00011442 0.00164132 0.0300239 0.123897 0.00116413 0.115815 0.0977036 0.310756 7.72492e-07 0.00954613 0.00933424 0.00141112 0.0120008 0.0111807 0.0289061 0.00224426 0.0514582 0.000175049 0.0404808 
0.0758559 0.00179294 0.0642469 0.000462341 0.0107087 9.05665e-06 0.000140413 0.0448665 3.6499e-05 0.00189125 0.0315906 0.0813362 0.324657 5.90171e-10 4.26328e-05 0.00682691 0.00130177 0.180807 0.0163121 0.0626658 0.000264821 0.0606974 0.0212631 0.0122235 
0.0763228 0.00134111 0.00455132 0.0155901 0.0150212 3.9885e-05 0.00990949 0.0268109 0.00178816 0.00547895 0.127433 0.0542486 0.272823 3.97604e-07 1.58764e-05 0.0119442 0.0005804 0.00718467 0.029331 9.55539e-06 0.0729102 0.210593 0.00180223 0.0542707 
0.100574 0.00010108 0.00118888 2.5621e-05 0.00153979 2.37032e-05 0.000312608 0.0699952 0.000639046 0.00117794 0.039587 0.0217041 0.746597 4.63182e-07 0.000367684 0.000518012 1.70478e-05 0.00055011 0.000994999 7.21303e-06 4.80218e-06 0.0087866 0.00102206 0.00426551 
0.0763394 0.00145796 0.0317 0.0026055 0.0213838 1.29308e-05 0.00251151 0.130254 0.000741093 0.121324 0.131835 0.0407762 0.304468 2.67074e-05 9.86792e-05 0.0430563 0.000135505 0.00224541 0.0117418 0.00112205 0.0183277 0.0325108 0.00347627 0.0218505 
0.0217474 0.000375745 0.0111889 0.000498581 0.0429107 1.86516e-07 0.00322898 0.237222 7.47447e-05 0.00854692 0.112402 0.0795371 0.351581 0.000726033 6.13796e-05 0.0205059 0.000520503 0.00532824 0.0100041 0.000855225 0.00157862 0.0761774 0.00425703 0.0106718 
0.147611 0.000197919 0.0307282 0.00106947 0.0228382 9.8147e-05 0.000452282 0.0467965 0.0315666 0.0367881 0.125937 0.0277862 0.34367 3.05211e-11 0.00196888 0.00570255 0.0316362 0.0105569 0.00329775 0.00226243 0.000187043 0.106796 0.00116783 0.020886 
0.089605 0.00216819 0.0332529 0.010838 0.0264183 0.00573156 0.0300826 0.146769 0.000685603 0.0432313 0.139729 0.0737828 0.226257 0.000142364 1.827e-05 0.0446746 0.000273382 0.0551411 0.0198583 0.0190093 0.00563016 0.0136012 0.00219131 0.0109082 
0.0396547 7.0283e-06 0.0956022 5.20942e-07 0.0094965 6.06793e-12 2.02949e-05 0.389109 0.00179547 0.014777 0.0126614 0.0221185 0.395334 3.47215e-11 1.14489e-06 0.000538804 2.14266e-05 0.0022353 0.00914983 0.000314705 5.26008e-05 0.00167188 0.000115401 0.00532205 
0.370853 7.7481e-05 0.0216636 0.000199468 0.00770801 1.23927e-06 0.0475545 0.057896 0.00111126 0.059156 0.0203944 0.00870257 0.395131 2.28055e-08 1.02876e-06 0.00460476 1.87878e-05 0.000735054 0.000587584 4.85117e-06 4.32478e-05 0.00298084 1.85908e-05 0.000556278 
0.0674366 0.000389076 0.0404059 0.00039895 0.030668 5.73502e-05 0.000555184 0.0358946 0.00512967 0.000510938 0.136415 0.162603 0.345206 9.37389e-07 6.55812e-05 0.00857683 0.000156561 0.00524062 0.000357307 0.0022162 0.00206216 0.110821 0.0319391 0.0128928 
0.0405948 0.00408415 0.185843 0.000270438 0.00920377 1.18042e-05 7.89305e-06 0.00572874 0.000745718 0.00206005 0.0274619 0.0410243 0.477934 6.81145e-09 0.000921602 0.000678518 3.51787e-05 0.00222205 0.0564026 1.76634e-05 4.20077e-06 0.142709 0.00136819 0.000669763 
0.328005 0.00199246 0.0353024 0.000677012 0.0268733 0.00747641 0.00250977 0.0335991 0.00275114 0.0353529 0.00651479 0.0276551 0.389123 2.39459e-07 9.3424e-05 0.00340234 0.034008 0.0155678 0.00228961 0.000115821 0.000830263 0.036582 0.000380833 0.00889812 
0.0804094 0.015687 0.129643 0.00209529 0.053354 0.000930906 0.00537891 0.163422 0.0458676 0.0155264 0.0647732 0.0585575 0.238742 0.000229769 0.00325688 0.0157957 0.000456013 0.0143342 0.00593714 0.00198801 0.00209518 0.0326893 0.00314689 0.0456829 
0.0972232 0.000722438 0.0216804 0.00037571 0.0274086 0.00598821 0.00185307 0.102982 0.0168798 0.00553215 0.0973157 0.0329004 0.520779 0.000150795 0.000558155 0.00191595 0.000155235 0.00430047 0.00812591 7.22539e-05 0.000505363 0.0283775 0.00221446 0.0219841 
0.0382249 0.0040063 0.00731271 0.00270581 0.0411675 0.000484972 0.00340168 0.0883084 0.000784821 0.0197248 0.060238 0.0445571 0.396248 2.34844e-05 2.04087e-05 0.0307211 0.000680144 0.00564104 0.000236809 0.0245054 0.00241385 0.0212775 0.000507853 0.206808 
0.0164748 0.000971512 0.00475498 0.000833418 0.00934034 3.65538e-05 0.00210373 0.20889 0.000149945 0.000528425 0.225938 0.0498232 0.416255 8.68286e-08 1.99677e-05 0.00416511 1.68058e-05 0.001395 0.00351563 2.02102e-05 0.000142167 0.0305039 0.00282461 0.0212967 
0.0107804 0.00038222 0.0833111 3.69338e-05 0.0681524 8.00269e-07 0.0853291 0.0266132 0.0159756 0.00598716 0.0523092 0.00465332 0.643788 1.17113e-07 1.3149e-07 0.000181814 1.01981e-06 1.83824e-05 0.000837555 0.000689431 2.63717e-05 0.000150428 5.05483e-05 0.000724315 
0.0570431 0.000577459 0.0212958 0.000263716 0.0416887 2.11512e-05 0.00260251 0.0127525 0.164924 0.00551655 0.0521786 0.0753774 0.425374 2.07543e-06 0.000877453 0.00499998 0.000323031 0.000992072 0.0126168 0.00278783 0.00389324 0.106853 0.00339344 0.00364559 
0.0128875 0.00017924 0.0604 0.00278333 0.0552239 3.12244e-06 0.000298458 0.0108359 0.0584325 0.00207202 0.300751 0.00817312 0.466887 9.651e-09 5.88118e-07 0.000223389 0.000791195 0.000272016 0.000235846 0.000935681 0.000574087 0.00194917 0.000128395 0.0159628 
0.154824 0.00668242 0.171088 0.00256979 0.0833925 0.00226344 0.00401105 0.0649929 0.000385871 0.0133559 0.0650118 0.0646335 0.183583 1.68978e-05 0.000224465 0.044717 0.000431839 0.0247283 0.000239038 0.00124235 0.000104446 0.0595805 0.00318648 0.0487345 
0.0114812 0.00236367 0.0928642 0.0211515 0.0589237 3.64902e-05 0.0812163 0.0983137 0.00333304 0.0620068 0.183317 0.0451499 0.195701 1.9116e-09 6.23422e-07 0.000515899 4.85307e-08 0.00681895 4.25782e-08 9.1415e-08 1.41237e-07 0.135911 0.000311156 0.000583189 
0.0229566 0.000918813 0.0928311 4.49729e-05 0.0145344 5.66789e-06 0.00762996 0.207904 0.000716789 0.00660687 0.0588452 0.0728824 0.446952 2.01034e-05 7.08687e-08 0.0149513 0.000256609 7.07392e-05 0.000194207 0.000757388 5.03857e-05 0.0160832 0.00303821 0.0317495 
0.0303089 0.00169001 0.0468042 0.0663401 0.0367249 0.000408244 0.0134971 0.134189 0.0156268 0.0109815 0.166382 0.0598629 0.243322 1.12931e-07 0.00243547 0.00887191 0.00149086 0.0236472 0.0196505 0.000171699 0.00358554 0.0997382 0.00197544 0.0122958 
0.0612427 0.0289134 0.028919 0.00188428 0.050412 0.0044141 0.00677629 0.0356795 0.0103124 0.0273593 0.125794 0.0971974 0.17042 0.0017367 0.0129651 0.0715393 0.00723663 0.0429652 0.00727965 0.00593019 0.00214092 0.120244 0.000965595 0.0776728 
0.109829 0.000411584 0.13032 0.00058367 0.0160334 0.000907769 0.00197125 0.0955529 0.00257699 0.01012 0.0458893 0.0290947 0.513773 8.50793e-06 0.00146771 0.00668639 2.91751e-05 0.00330219 0.00198818 0.000513673 0.000930442 0.0251075 0.000993309 0.00190876 
0.0982131 0.00527854 0.0487878 0.00231754 0.101173 0.00441379 0.00834956 0.166778 0.00390792 0.0568858 0.126612 0.055657 0.170381 0.000121676 0.000359997 0.0359078 0.000391973 0.0107089 0.0239235 0.00090752 0.00304442 0.053355 0.00203515 0.0204889 
0.155808 0.00217082 0.0372571 0.000889164 0.08733 0.000134765 0.0423588 0.0915719 0.00613802 0.020369 0.01722 0.0353267 0.244316 0.0035595 0.000293477 0.0103789 1.85286e-05 0.0211459 0.00503074 1.46529e-05 0.00820235 0.182787 0.00663986 0.0210387 
0.0722122 0.000334972 0.00253523 8.71698e-05 0.0020897 2.99071e-09 0.00100008 0.0361903 9.08761e-05 0.00223515 0.150714 0.0217383 0.656015 7.22217e-13 3.40964e-07 0.0440324 9.38603e-06 0.000508052 3.19835e-05 4.36608e-06 0.000117056 0.00661094 0.00108211 0.00236053 
0.0308738 0.00013065 0.0104471 0.0387284 0.0624004 0.000170946 0.00229534 0.149956 2.99282e-05 0.00395126 0.148766 0.0769543 0.430526 2.04177e-06 0.000284932 0.0178966 9.90116e-06 0.00122879 0.000227672 0.00012868 0.000155933 0.0151257 0.00403889 0.00567017 
0.037441 0.00197761 0.00697719 1.40173e-09 0.00673901 1.10247e-06 0.000145267 0.142248 1.66377e-06 0.00430258 0.00813251 0.0342616 0.741341 1.20461e-12 4.96262e-10 0.00601604 7.19429e-06 0.00019485 0.000388635 0.000900455 6.84069e-06 0.00465831 0.00404691 0.000212667 
0.0385808 0.0011184 0.00954415 0.000470622 0.00212433 4.12302e-05 4.79679e-05 0.0157453 2.16601e-05 0.00350622 0.151606 0.0369776 0.268599 8.36486e-09 0.000339745 0.0148479 0.00055662 0.0444918 0.224371 6.51528e-05 0.00041116 0.176692 0.00652648 0.00331463 
0.0467096 0.00107644 0.00875632 0.00149949 0.0179463 4.23102e-05 0.00119145 0.0988246 0.00607586 0.00142612 0.189123 0.0474052 0.467456 9.52447e-07 0.000524277 0.0174131 0.000911639 0.00777395 0.00436888 0.00194112 0.000179163 0.0396187 0.00231337 0.0374226 
0.10754 0.00156305 0.0446036 0.000705633 0.0613932 9.9525e-05 0.00147756 0.0273185 0.00559762 0.0123621 0.132598 0.0976709 0.374356 7.64747e-05 0.00119066 0.0102 0.000734216 0.0142275 0.0100523 0.000991754 0.00300939 0.0690479 0.00169372 0.0214901 
0.0275365 0.00494204 0.00756356 0.000195498 0.0229595 2.44947e-05 0.0119475 0.0939541 0.000595824 0.00366082 0.105071 0.116236 0.444282 0.0112093 1.54452e-05 0.0998477 0.000128373 0.0016422 0.00176646 0.00114421 0.00274325 0.0191105 0.00240936 0.0210136 
0.0652729 0.00223754 0.0327371 0.000388688 0.0221596 0.00462193 0.00171598 0.150047 0.0013199 0.0802172 0.0612264 0.0231932 0.514823 0.000567051 7.40675e-05 0.00770135 4.60338e-05 0.00410041 0.0019686 0.000327707 0.000748877 0.0126613 0.00266722 0.00917659 
0.0215472 0.000244247 0.00394208 0.000404854 0.00201703 9.51244e-08 0.000241808 0.0387057 0.000215871 0.000593844 0.115005 0.0549815 0.673266 4.09323e-11 4.25955e-05 0.00270675 3.2113e-05 0.00185956 0.000413466 0.0597428 2.96939e-11 0.00130975 0.00994005 0.0127869 
0.0317217 0.00176791 0.0408735 3.6967e-05 0.238103 0.0174845 0.00058704 0.0884475 2.32233e-05 0.00246024 0.081662 0.0536984 0.287404 1.87096e-05 8.91811e-05 0.0340819 1.55558e-05 0.00152924 0.00400779 0.00254995 0.001175 0.101589 0.00531481 0.00535816 
0.0710232 0.0028703 0.00737112 0.000342085 0.00610012 2.55148e-06 0.000337065 0.105143 8.78136e-05 0.00514042 0.0294417 0.178839 0.46152 0.00116508 4.5192e-06 0.0570408 4.17964e-05 0.0133021 0.00278317 2.80024e-05 0.00048995 0.0327936 0.00861934 0.0155135 
0.00671948 0.000882547 0.00168181 4.18744e-05 0.000721694 9.36431e-06 0.000604835 0.0249175 2.69159e-05 0.000572425 0.0206479 0.00737216 0.899905 0.00169275 3.42118e-05 0.028011 9.68822e-05 0.000364008 0.00152871 3.79642e-05 0.000212785 0.00256169 0.000591111 0.000765328 
0.197436 0.00184397 0.0513151 0.000591843 0.0411523 0.00255377 0.00545069 0.0740855 0.0337638 0.0429148 0.0533531 0.0384397 0.37495 0.000196306 0.00105992 0.0141096 0.000447498 0.00635661 0.00627381 0.000757129 0.00366619 0.0347199 0.00225047 0.0123121 
0.0586451 0.000926071 0.0225484 0.00297627 0.153042 0.0224465 0.00133118 0.0369589 0.00189029 0.0352601 0.0384532 0.025 0.519371 0.000585989 9.87693e-05 0.0079472 6.18168e-05 0.00319625 0.0259494 0.000122795 0.00403032 0.0235394 0.000774657 0.0148449 
0.0283275 6.11233e-07 0.0170631 5.74137e-10 0.0055203 1.71184e-10 8.65848e-05 0.146033 1.00191e-06 1.14065e-05 0.0336962 0.00374679 0.757727 9.7954e-10 6.83015e-06 8.1958e-07 1.24037e-09 0.000809499 4.67894e-07 2.46125e-07 0.00022095 0.00526232 2.68228e-07 0.00148412 
0.0113642 0.000295507 0.00324955 0.000371183 0.0100652 6.7307e-06 0.00358846 0.155115 0.00538793 0.000673172 0.136787 0.0169378 0.439735 3.89118e-12 7.5342e-06 0.000432179 8.32299e-05 2.34403e-05 0.000391965 1.66618e-05 4.10338e-06 0.00747188 0.00512506 0.202867 
0.0487768 0.000232154 0.0111619 0.000409603 0.0101107 0.000196297 0.00321356 0.010888 0.22665 0.00802592 0.00342378 0.0753478 0.37911 0.000435346 0.00010553 0.00469895 7.72587e-05 0.0310278 0.00163439 3.53289e-07 0.0457218 0.128914 0.00840253 0.00143584 
0.0422438 0.00027065 0.0829639 0.0109899 0.049577 7.98994e-05 0.000210151 0.0692966 0.00351976 0.00756793 0.134438 0.0292851 0.216 3.98689e-07 1.86756e-05 0.0409383 0.00108406 0.00625901 0.00700598 0.00169534 0.000358319 0.0953043 0.00111167 0.199781 
0.0865966 0.00293513 0.0114542 0.000389745 0.00847542 2.20082e-06 0.00284615 0.235034 0.00114921 0.00103256 0.10397 0.100664 0.312049 3.37738e-08 9.7517e-05 0.00125458 3.00213e-06 0.0358296 0.00128822 3.81847e-06 1.24815e-06 0.0850479 0.000902572 0.00897394 
0.00704364 0.000331149 0.00185009 2.61093e-05 0.00368435 2.98458e-05 0.195449 0.0719894 6.37735e-06 0.00429544 0.09338 0.124584 0.279179 1.05579e-07 8.39251e-05 3.90584e-05 0.000229995 0.000990422 0.00345131 7.56129e-06 0.000170978 0.197844 0.012393 0.00294222 
0.000849591 0.000208948 0.0136815 5.45545e-07 0.0195684 2.24419e-05 0.00266447 0.293164 2.77602e-05 0.0012244 0.25404 0.0173356 0.330861 3.61336e-09 1.78739e-07 0.00169215 2.53099e-07 0.0018807 7.59148e-05 7.07799e-06 0.00143362 0.0113547 4.02903e-05 0.0498666 
0.0345785 0.00755265 0.0478533 0.00406313 0.0346154 6.78673e-05 0.0120263 0.216121 0.000750036 0.125135 0.0729809 0.0586286 0.258368 0.000726606 7.91338e-05 0.045506 0.00253145 0.00133621 0.00257698 0.00107935 0.0065651 0.0408656 0.00171047 0.0242832 
0.0131928 5.68093e-05 0.036124 2.03804e-07 0.0051156 0.000353829 1.38633e-05 0.104287 0.00135647 0.310116 0.0970771 0.0156242 0.394599 5.41056e-06 4.18498e-09 0.0132075 0.000148692 1.75691e-06 0.000882076 1.53403e-05 0.00060628 0.00420811 0.000190319 0.0028174 
0.182376 6.8057e-05 0.0147291 0.000166353 0.0431194 0.0460542 9.75239e-08 0.0324943 1.70847e-05 0.0283675 0.0223368 0.0277999 0.501411 4.65949e-10 7.48455e-06 0.0495049 3.39612e-06 0.000224861 0.0015887 0.000133892 4.68466e-05 0.0192369 0.00436695 0.0259464 
0.328005 0.00199246 0.0353024 0.000677012 0.0268733 0.00747641 0.00250977 0.0335991 0.00275114 0.0353529 0.00651479 0.0276551 0.389123 2.39459e-07 9.3424e-05 0.00340234 0.034008 0.0155678 0.00228961 0.000115821 0.000830263 0.036582 0.000380833 0.00889812 
0.0438707 0.0117288 0.00172271 3.86874e-05 0.00113004 1.9202e-06 0.000232513 0.0445177 2.82166e-07 0.00498779 0.0401281 0.0871337 0.722655 0.00244032 1.06628e-06 0.0251676 3.14252e-05 0.000921964 0.000125614 0.000295885 0.00020935 0.00747825 0.00421071 0.000970234 
0.337141 0.000341683 0.0324371 0.000303653 0.00885042 0.00104185 0.00191176 0.0577433 0.000788164 0.0175561 0.0579167 0.022076 0.414776 4.68017e-05 5.05296e-06 0.0196076 2.41589e-05 0.00650445 0.00165006 0.00572557 0.000172138 0.0092878 0.00200207 0.00209062 
0.0422903 0.000698559 0.0698508 0.000710427 0.0910965 8.31133e-05 0.00277153 0.0704239 0.0117268 0.00593132 0.0575012 0.0390027 0.504844 6.4958e-09 0.000188714 0.00193575 2.32484e-05 0.00350703 0.00353924 0.00039926 0.000478748 0.0683053 0.0224704 0.00222079 
0.166182 0.000131617 0.0098208 0.000186332 0.0112005 1.04977e-05 0.00135347 0.108625 1.52142e-07 0.0115911 0.0396885 0.0451566 0.590136 1.06421e-09 2.68383e-06 0.000681242 5.87713e-06 0.00105628 0.000659482 0.000220677 0.000137015 0.00683275 0.00553331 0.000788029 
0.0102543 0.00124523 0.0116766 0.000174566 0.0522597 1.61927e-05 0.0192777 0.0491927 0.0739664 0.00426046 0.258788 0.0201253 0.267706 1.89258e-06 8.39774e-06 0.00251371 5.06357e-05 0.00153492 0.0250994 0.000827423 0.000143426 0.0140133 0.000980659 0.185883 
0.0248553 0.00483728 0.0100073 0.000655018 0.0138642 0.00380835 0.010316 0.163436 0.00112373 0.00787595 0.151358 0.0672463 0.467025 0.000222612 0.000118641 0.0108707 0.000347863 0.00376924 0.00252624 0.000351587 0.00296237 0.0215431 0.00149498 0.0293836 
0.048322 0.00046707 0.0382427 0.000160074 0.0020223 3.10946e-05 1.38962e-07 0.00550445 4.89186e-06 0.00256754 0.0179997 0.0262355 0.733363 1.40915e-10 0.000158996 0.000761166 0.000129999 0.0347186 0.000434311 1.75971e-05 0.000345763 0.0376332 0.0464688 0.00441074 
0.0891913 0.00282233 0.00529579 0.000102888 0.0512995 1.24191e-05 0.00074527 0.0512723 0.00145018 0.00115286 0.178057 0.0696141 0.419177 4.07406e-11 4.13576e-06 0.00013916 0.00688453 0.00141849 0.000187604 1.19282e-05 2.37668e-08 0.0451615 0.00121499 0.0747841 
0.101951 0.00169677 0.0599614 0.00038908 0.078763 0.00974023 0.008697 0.0987693 0.00120361 0.0107936 0.0576375 0.0503588 0.423779 0.00343703 7.78723e-05 0.00407708 0.0106603 0.00922702 0.00307635 0.00557071 0.002396 0.0421631 0.00147481 0.0140992 
0.143613 0.000404087 0.184643 0.0120631 0.00769755 0.000142517 0.00765325 0.0556545 0.0013882 0.0824523 0.00186581 0.0549953 0.190544 0.00243823 7.03484e-07 0.00105402 0.000380949 0.010635 0.0445555 0.000277797 0.000236535 0.189513 0.00349411 0.00429854 
0.0193305 0.00061229 0.00580278 1.78101e-05 0.000410126 4.46966e-06 6.80548e-13 0.0322756 8.54956e-13 0.00218998 0.202892 0.0448615 0.654159 1.71778e-12 5.1375e-09 0.000305584 0.000101442 0.00206418 0.000127722 0.000302878 6.83008e-09 0.0296114 0.00111806 0.00381231 
0.017118 0.000597194 0.00654641 3.50392e-05 0.000645427 7.7915e-06 9.40484e-13 0.0331561 1.45245e-09 0.000366282 0.276276 0.00766977 0.608706 2.37389e-12 4.0794e-09 0.000102312 0.000134408 0.0017016 0.00207932 6.61557e-05 7.79495e-09 0.0402677 0.00108287 0.00344083 
0.16187 0.021069 0.0108932 9.62594e-05 0.0031904 2.47952e-05 0.000256411 0.0394182 0.000524047 0.00510755 0.0139502 0.0182926 0.519687 0.00046694 5.05935e-06 0.0117593 3.69031e-05 0.0165349 0.00172746 1.0506e-05 0.000720381 0.168528 0.00406964 0.00176107 
0.0632467 8.22551e-05 0.00884565 0.000193882 0.130368 6.31852e-05 0.0273793 0.0635336 0.00250097 0.00411448 0.164897 0.0289872 0.34251 1.7979e-06 0.000980524 0.0120809 0.000165041 0.0045045 0.00146819 0.000970509 0.00385533 0.107444 0.0010846 0.0307217 
0.124681 0.00811612 0.02142 0.000412394 0.0115107 2.14921e-05 0.0357058 0.0357549 0.00174086 0.0121176 0.103355 0.019506 0.477998 1.56877e-07 0.00235046 0.000651631 0.000270737 0.000773665 0.0419431 3.62376e-05 0.00499993 0.0799487 0.00027194 0.0164144 
0.147086 0.000538523 0.10834 0.000347649 0.0167234 4.47283e-05 0.00291202 0.0947205 0.00506077 0.0321553 0.0682718 0.03871 0.359232 4.11109e-05 9.2896e-07 0.00459325 0.0161181 0.0168444 0.0415142 0.000793193 0.000199238 0.0259866 0.00648571 0.0132805 
0.092646 0.00078329 0.0227817 0.000551288 0.0584917 0.000261169 0.00224647 0.0414315 0.0451582 0.00240838 0.132559 0.0198857 0.325191 4.6456e-12 0.0589578 0.104562 0.000124765 0.00384087 0.00118572 0.00654186 0.000201373 0.0772321 0.000356424 0.00260191 
0.024499 0.00604018 0.00331198 0.000549807 0.00840535 0.000113641 0.00422602 0.0474657 0.00132294 0.00422277 0.105501 0.157995 0.454949 0.000886154 0.000220831 0.109036 4.19958e-05 0.00454534 3.88544e-05 5.99577e-05 7.06497e-05 0.0588014 0.000938458 0.00675742 
0.0684131 0.00288901 0.0014911 0.000554646 0.0362443 4.9698e-05 0.00541735 0.0515535 0.0416538 0.0118045 0.122352 0.0515862 0.544283 0.000216144 2.01542e-05 0.00122268 1.87166e-05 0.00121556 0.000180977 0.000210974 0.000169083 0.0477805 0.00219839 0.00847489 
0.0352896 0.0360377 0.0115871 0.00089936 0.00600838 1.77615e-05 0.00227146 0.0370964 3.70039e-05 0.0098937 0.0432976 0.122158 0.575595 3.50333e-05 5.13225e-07 0.0774396 6.87995e-05 0.00442921 0.000620681 0.00215937 0.000244936 0.0303112 0.00279215 0.00170918 
0.031626 0.00121979 0.0199913 0.000722643 0.0406557 0.000342782 0.010194 0.0644222 0.00515071 0.00491291 0.194731 0.0419628 0.274221 0.000423557 6.10242e-05 0.00262041 0.000445652 0.0011683 0.000943422 3.19563e-05 0.000322497 0.0336184 0.0317482 0.238463 
0.121711 0.000262099 0.0440805 0.00292083 0.00826214 1.09628e-05 0.0027228 0.300858 2.79899e-05 0.00811628 0.0940635 0.0522457 0.328279 1.26165e-11 0.000254996 0.000914932 6.92241e-05 0.00394723 0.00289541 7.74025e-05 1.32195e-05 0.0247375 0.000531037 0.00299799 
0.0882975 0.00274985 0.0523029 0.003609 0.0370013 0.000733492 0.00890563 0.158059 0.0111598 0.0278997 0.113629 0.0541763 0.343583 8.66407e-05 0.000337817 0.011668 0.000474212 0.0137438 0.0100993 0.00214447 0.00463499 0.0355043 0.0066419 0.0125575 
0.248911 2.47556e-05 0.0343792 0.000196727 0.0587509 0.0436902 0.00660229 0.121953 0.00520582 0.00700052 0.0315706 0.0274409 0.352035 4.93959e-08 9.52584e-05 0.000287147 0.000108528 0.00409252 0.000486818 7.00977e-05 0.000268919 0.0120647 7.39636e-05 0.044691 
0.107509 0.000421665 0.00717826 4.79607e-05 0.107448 2.36956e-05 0.00130655 0.00340823 0.0935542 0.000312579 0.118092 0.00259165 0.287678 1.30291e-07 0.00396388 7.10805e-06 2.51677e-05 0.00076996 0.000867543 0.000203589 3.90999e-06 0.261645 0.000105672 0.0028362 
0.0367762 0.000177624 0.0131726 0.000952461 0.00372793 1.11436e-08 0.00123352 0.23479 0.00679258 0.00253008 0.09632 0.0628877 0.475278 2.55286e-11 7.84015e-06 0.0457217 2.47922e-07 0.00090616 0.000336719 1.02136e-05 5.03566e-05 0.00896134 0.0045186 0.00484865 
0.0951614 0.00190806 0.0218945 0.000933478 0.0917284 0.000302134 0.00375875 0.048479 0.0103306 0.00655835 0.124647 0.035811 0.463077 0.000550586 0.000574912 0.0214032 0.000473007 0.00583399 0.00213515 0.000577693 0.00170068 0.0451353 0.00152945 0.0154963 
0.135589 0.000216449 0.0143662 0.000815692 0.0198526 9.86764e-05 7.54879e-05 0.00597789 0.0236414 0.00545593 0.0853831 0.0136683 0.509408 2.86895e-07 0.00109163 0.00133894 0.000172837 0.0037278 0.000614321 7.94537e-06 0.000241945 0.149086 0.00261892 0.0265509 
0.127221 0.000320128 0.0465466 0.00041998 0.106825 7.94183e-06 0.0345072 0.0702848 0.0303407 0.00514508 0.13617 0.0255566 0.36792 2.9929e-05 1.46476e-05 0.000692383 0.000819918 0.000554988 0.00300311 0.000256604 0.00272896 0.0132371 0.00035333 0.0270433 
0.161965 0.00164964 0.0684301 0.000679598 0.125114 0.00103738 0.00481676 0.11237 0.0038064 0.107891 0.0861495 0.0311519 0.191467 0.000124338 2.10577e-05 0.00614109 0.000270382 0.0218704 0.00858637 0.00231015 0.000797785 0.0494681 0.00284726 0.011034 
0.0398716 0.00935205 0.00547273 0.000103959 0.00286147 5.10789e-06 0.000168035 0.0251073 0.000122522 0.00644681 0.0473319 0.0156384 0.828149 9.58649e-08 1.71693e-06 0.00461255 6.0693e-05 0.000602239 0.000220742 0.000480088 3.49237e-05 0.00645827 0.00401947 0.00287884 
0.0971922 0.00680382 0.0392519 0.00158124 0.0357195 0.00461786 0.00167349 0.142993 0.00453461 0.00857881 0.0718783 0.0744139 0.226401 0.00422959 0.000117901 0.00385477 0.000163123 0.130531 0.0162775 0.00126683 0.000333623 0.101856 0.0127372 0.0129923 
0.0401358 0.00143216 0.00118427 0.000185214 0.105325 2.07548e-06 0.000246392 0.0221753 0.00117606 0.000795242 0.116337 0.121145 0.515208 2.04293e-08 7.16022e-06 0.021093 0.00045467 0.00143272 0.000319195 0.005258 0.00095078 0.038918 0.0010234 0.00519483 
0.0229815 2.53587e-05 0.0207735 0.00241822 0.0169195 8.24729e-05 0.0521971 0.170557 0.000516026 0.00655796 0.167459 0.112166 0.309858 2.95192e-10 0.00051536 0.000619928 5.65983e-05 0.00194967 0.0086439 0.00296758 1.04376e-06 0.0170034 0.0212915 0.0644394 
0.129344 0.00401406 0.0799631 0.000528866 0.0238574 2.76582e-05 0.0015047 0.0422792 0.00198914 0.00449324 0.0164903 0.0410685 0.547762 1.07979e-07 0.00040032 0.00149758 0.00100007 0.0043702 0.000473613 3.29197e-05 0.00107881 0.0824182 0.00488481 0.0105212 
0.00178705 0.000422339 0.00397625 0.000123005 0.0974556 1.23942e-06 0.000129179 0.0832965 2.15183e-08 0.00098833 0.200289 0.206605 0.249415 5.34756e-07 5.24101e-05 0.0210249 8.11241e-06 0.00137689 0.000401057 0.0617734 0.00937264 0.0600221 0.000852094 0.000626501 
0.160796 0.00108008 0.0245501 0.000861079 0.0240948 8.39905e-06 0.00374967 0.137539 0.00422228 0.173244 0.0553757 0.0390173 0.331293 2.42515e-05 1.45853e-05 0.00603037 2.0503e-05 0.00363769 0.00700244 0.000796609 0.000412706 0.0194224 0.00425047 0.00255668 
0.0292988 0.00348241 0.00752987 0.000706964 0.0131704 1.41558e-05 0.00305165 0.0741108 0.000295694 0.0124183 0.143456 0.101071 0.498457 1.26109e-08 1.13884e-05 0.0306113 0.000345694 0.00934159 0.0012597 2.44841e-06 0.000538205 0.0425178 0.0034446 0.0248648 
0.168488 0.0122735 0.0440885 0.000981487 0.0531046 0.00144875 0.00717024 0.221204 0.000681226 0.0151593 0.0566972 0.0304784 0.317606 4.71771e-05 0.000468836 0.0123211 0.0019661 0.00991243 0.0017648 0.000329974 0.000739146 0.021899 0.0016574 0.0195132 
0.0289351 4.91876e-05 0.108404 0.000699296 0.2578 8.31506e-07 0.000283235 0.0561811 0.000335763 0.0222261 0.015157 0.0147109 0.460131 1.15322e-06 2.71128e-06 0.0201308 1.16424e-05 0.000200423 0.00204978 0.000753421 0.00717711 0.0039603 0.000411932 0.000387288 
0.106507 0.00303183 0.0253965 0.0104701 0.017062 0.00193117 0.00943727 0.099188 0.00408926 0.00669372 0.0980035 0.0631507 0.415221 5.31126e-05 0.000213647 0.010178 0.000363076 0.0107082 0.00897432 0.00109704 0.00271261 0.0835239 0.00288431 0.0191097 
0.0538311 0.000911909 0.00254648 0.00085469 0.193251 2.22209e-05 0.00232654 0.0516469 0.0442027 0.000652811 0.115979 0.0137895 0.371232 6.03056e-10 0.00198549 0.000974268 2.89425e-05 0.00436438 0.000622819 1.26987e-06 0.00240312 0.110535 0.00284771 0.0249902 
0.174 0.00142957 0.0221209 0.000449106 0.0154781 0.00230128 0.000717083 0.070992 4.82705e-05 0.0160693 0.0796962 0.00674955 0.520161 8.48633e-11 4.86487e-06 0.00173658 6.98185e-05 0.0136454 0.00272641 0.0004341 8.92166e-05 0.041731 0.000155608 0.029195 
0.0151498 0.000157041 0.00472324 0.000590686 0.0344666 2.70255e-08 0.123504 0.100762 3.15491e-05 0.0010332 0.208389 0.0107307 0.47468 2.56987e-11 3.90567e-06 0.00360886 2.84099e-05 0.00701676 0.000257398 1.39018e-11 1.86012e-06 0.00943417 0.0019048 0.00352618 
0.0427496 0.000808533 0.0115528 0.000331037 0.0115885 1.94201e-05 0.00170754 0.130426 0.000287377 0.00617402 0.0578693 0.0243012 0.644879 0.000190921 0.00246381 0.0262543 5.74556e-05 0.00245545 0.002172 0.000768719 0.000808537 0.0239649 0.000505814 0.00766388 
0.12587 0.00252141 0.0572495 0.00192161 0.0498466 0.00530135 0.00659588 0.130455 0.00686012 0.0510946 0.0707767 0.0468296 0.342182 0.000523548 0.000134138 0.0143546 0.000422389 0.0114062 0.00740023 0.00184413 0.00112888 0.0374329 0.00405244 0.023796 
0.0997095 0.00295044 0.0209416 1.49143e-07 0.00825845 0.000277636 0.000863671 0.0685925 0.000221297 0.00274707 0.0577284 0.0694621 0.380461 1.34705e-07 3.60693e-06 0.000320371 4.99989e-05 0.0271703 0.0268224 5.94885e-05 0.00133422 0.220257 0.00446816 0.00730023 
0.0461769 4.25975e-05 0.00219444 0.000406887 0.216298 0.000115236 0.000773975 0.00919638 0.00497067 0.00152963 0.148503 0.000744163 0.342919 8.85954e-13 0.00432114 0.000969905 3.06235e-05 0.00116334 0.00726184 0.000159998 4.84667e-05 0.207373 0.000568073 0.00423264 
0.281531 0.0119115 0.0253065 0.000318904 0.00950233 0.000316142 0.00039114 0.0584987 0.00464724 0.0224403 0.0595971 0.0546549 0.409823 2.85711e-06 0.00054851 0.00193799 4.5245e-05 0.00609444 0.00413492 0.00161928 0.000293497 0.0272283 0.00171103 0.0174459 
0.0145614 1.48368e-05 0.0104999 0.00583629 0.0188541 4.39029e-05 0.000408011 0.162969 0.00044313 0.00260932 0.140629 0.017854 0.409161 5.51168e-11 0.000325594 0.00192509 0.000120614 0.000617766 0.0156885 0.0070779 0.000607013 0.157081 0.000158225 0.0325145 
0.120457 0.00140475 0.019922 0.00175357 0.0196792 0.0096689 0.0130692 0.108879 0.00213894 0.00799035 0.165662 0.0632057 0.217865 0.000423221 0.00732253 0.00989527 0.000137822 0.080069 0.0117985 0.00225482 0.000667931 0.123635 0.00211526 0.00998458 
0.150473 0.000676343 0.101043 0.0039178 0.039085 0.00336602 0.0033895 0.0590556 0.000879918 0.0720104 0.0560571 0.0502107 0.166131 0.000131979 1.51783e-05 0.012418 0.00810101 0.0687215 0.00456099 0.00020487 0.00744352 0.148084 0.00383612 0.0401873 
0.00443731 0.000185867 0.000371693 0.000102185 0.00524062 2.86291e-05 4.91273e-05 0.216434 1.63378e-06 0.000411707 0.0486301 0.121276 0.492379 1.43133e-09 4.13743e-09 0.012581 1.81246e-09 0.00151019 0.000709657 8.41405e-06 2.6285e-05 0.0142067 0.00324652 0.0781625 
0.0499419 0.0223486 0.0580635 0.00152912 0.0242929 0.000651681 0.000407404 0.115476 0.0128061 0.0888153 0.0175232 0.0942573 0.299441 3.19751e-06 1.70557e-05 0.00583738 0.000687672 0.10991 0.0122579 1.06592e-05 0.00214585 0.0671597 0.00124004 0.0151773 
0.0890186 0.000195717 0.0564122 0.000303234 0.00733611 1.5926e-05 0.000327244 0.124298 0.000195919 0.205581 0.0462307 0.0361119 0.404705 3.35617e-11 0.000349238 0.00671767 1.63218e-05 0.00158402 0.00062933 0.000957951 5.7428e-05 0.0144383 0.00276785 0.00175047 
0.105769 0.000291109 0.0411207 0.00135236 0.0120263 0.000152642 0.000434269 0.0778384 0.000724864 0.0230551 0.0452559 0.0565729 0.419637 2.84078e-10 2.09831e-06 0.00103393 4.16149e-06 0.0121327 0.00403206 0.000755383 0.0010216 0.183525 0.0106303 0.00263219 
0.0151498 0.000157041 0.00472324 0.000590686 0.0344666 2.70255e-08 0.123504 0.100762 3.15491e-05 0.0010332 0.208389 0.0107307 0.47468 2.56987e-11 3.90567e-06 0.00360886 2.84099e-05 0.00701676 0.000257398 1.39018e-11 1.86012e-06 0.00943417 0.0019048 0.00352618 
0.0310114 0.00727422 0.0125238 8.08818e-05 0.00389694 3.97534e-06 0.000130721 0.0426966 9.53227e-05 0.00501432 0.0834787 0.0130216 0.780033 2.95942e-07 1.33836e-06 0.00358762 6.57828e-05 0.000468445 0.000171716 0.000723581 2.71982e-05 0.00502317 0.00312638 0.0075426 
0.135769 0.00163904 0.0754312 0.000235365 0.0637771 0.00125569 0.00809773 0.0813804 0.000154214 0.0715183 0.0669191 0.0188521 0.18664 3.17634e-05 0.000175864 0.0236671 0.000712119 0.0232085 0.0118766 0.0285412 0.00023722 0.0834633 0.000599874 0.115818 
0.0692528 0.000690775 0.00732454 0.000439956 0.144558 0.00105504 0.00244411 0.111641 0.0123271 0.00153657 0.196992 0.0254313 0.234501 3.57478e-12 7.05938e-05 0.0139284 9.1606e-05 0.00424063 0.00165278 0.0081849 0.000963106 0.031737 0.000347367 0.13059 
0.0163177 0.000497859 0.0103588 0.00126582 0.0304835 7.8951e-05 0.00119861 0.0683127 0.00126031 0.00338217 0.230714 0.0525989 0.459147 4.1003e-12 0.0065119 0.0161514 2.66402e-05 0.000705793 0.0160614 0.0151452 0.000182317 0.0370205 0.00744393 0.0251352 
0.12073 1.06642e-06 0.0215619 1.06655e-06 0.0630848 1.0673e-06 1.06689e-06 0.016867 0.00906806 0.0137672 0.0233783 0.102697 0.31129 1.06578e-06 1.06649e-06 0.0117425 1.0653e-06 1.06709e-06 0.0126966 1.06662e-06 0.0100242 0.265154 0.0136587 0.0042702 
0.0166133 1.11005e-05 0.0908427 7.78395e-08 0.027627 2.99519e-09 0.00268159 0.0899394 0.00108968 0.00266157 0.175128 0.00549955 0.57652 3.53202e-12 5.0709e-06 0.000229012 1.51685e-08 0.000295494 0.00372927 4.90179e-07 8.22606e-08 0.00553993 2.01872e-07 0.00158603 
0.062298 0.00196731 0.0262224 0.000262561 0.075778 1.09257e-05 0.00259191 0.00963843 0.0455892 0.0012686 0.0452387 0.0606098 0.513573 1.0579e-11 0.00120502 0.00416829 0.00502113 0.00299286 0.00213276 0.000633493 0.00285946 0.109537 0.0001989 0.026202 
0.0445324 0.000128945 0.0655443 0.000216224 0.0261293 2.05207e-06 0.00167084 0.155159 0.0001084 0.00435259 0.170878 0.111569 0.325233 8.778e-12 1.2534e-06 0.000265838 1.24939e-05 0.0029411 0.0106465 2.37673e-06 0.000234787 0.0680923 0.0112551 0.0010233 
0.0301713 0.00303344 0.000835865 9.06893e-06 0.00519786 1.17528e-05 0.000181927 0.0175963 0.00425402 0.00019835 0.0641142 0.0258649 0.803597 2.18877e-07 3.83159e-05 0.0102318 1.53427e-05 0.00134408 0.00166014 2.22584e-06 0.000520142 0.0296978 0.000282846 0.00114084 
0.122163 0.0111183 0.00103015 0.000900365 0.082237 0.000280421 5.8063e-05 0.01458 0.000603369 0.00210595 0.0348329 0.0189396 0.349404 5.47894e-12 0.0103717 0.00675694 2.2059e-05 0.0356003 0.00107727 2.21386e-05 0.000140111 0.304645 0.000508829 0.0026024 
0.0714789 0.0035374 0.0638699 0.00181971 0.0814761 0.00663851 0.00948573 0.12542 0.00856792 0.0037131 0.150214 0.0539681 0.172754 0.000115855 0.0085085 0.0116991 0.00124447 0.0144968 0.00577954 0.0124444 0.00170658 0.0530476 0.00208304 0.135932 
0.0445324 0.000128945 0.0655443 0.000216224 0.0261293 2.05207e-06 0.00167084 0.155159 0.0001084 0.00435259 0.170878 0.111569 0.325233 8.778e-12 1.2534e-06 0.000265838 1.24939e-05 0.0029411 0.0106465 2.37673e-06 0.000234787 0.0680923 0.0112551 0.0010233 
