0.00459387 6.92025e-06 0.237024 1.31487e-05 0.00787421 9.23573e-07 0.000332225 0.00145866 0.0665698 0.00180921 0.000296332 0.00140721 1.20305e-06 0.677132 2.4989e-08 2.2658e-07 5.61932e-06 0.000317487 2.86885e-07 1.23388e-06 6.77741e-10 0.000815211 0.000222544 0.000117962 
0.0113171 3.62769e-05 0.0683862 1.26894e-07 0.174884 1.48496e-05 0.00347003 0.0314379 0.000160264 0.0241427 0.000868768 0.0510748 0.0100237 0.358293 2.06942e-06 0.00542897 2.74142e-07 6.17115e-08 0.241975 0.000651682 0.000252904 0.0167899 1.87078e-06 0.000788299 
0.00240791 2.41982e-05 0.182726 0.000266414 0.0265644 1.45791e-06 0.0202807 0.00446722 0.0149951 0.0174023 0.0017556 0.00311607 0.00619286 0.70166 4.34702e-06 3.9703e-06 2.92635e-05 0.000165951 0.00100643 8.84813e-06 0.00291907 0.0134542 0.000473651 7.39126e-05 
0.00459387 6.92025e-06 0.237024 1.31487e-05 0.00787421 9.23573e-07 0.000332225 0.00145866 0.0665698 0.00180921 0.000296332 0.00140721 1.20305e-06 0.677132 2.4989e-08 2.2658e-07 5.61932e-06 0.000317487 2.86885e-07 1.23388e-06 6.77741e-10 0.000815211 0.000222544 0.000117962 
0.0875302 1.46493e-05 0.000712856 8.06789e-06 0.0042861 4.75697e-07 0.0180418 0.0116613 0.200253 0.00524687 0.0294433 0.126277 0.0209087 0.29134 6.07362e-05 2.65259e-06 1.41115e-06 0.0384777 0.0481116 7.26852e-05 1.51772e-05 0.117523 7.03774e-06 4.12299e-06 
0.00510914 1.38554e-12 0.0022549 1.25472e-10 0.00960389 2.2595e-08 2.23368e-08 0.00110023 0.00033937 0.000119075 9.50105e-09 0.00203522 7.24959e-09 0.947528 0.010708 2.41769e-13 1.02014e-08 0.000823454 2.4438e-07 8.23659e-05 1.53756e-12 0.0202956 7.12721e-13 5.85709e-08 
0.0215548 0.00186481 0.0135706 6.41042e-05 0.0260173 1.5476e-05 0.000417398 0.0721208 0.000155428 0.0506296 0.00875134 0.0120188 0.178278 0.486067 5.01976e-05 1.81847e-05 7.11777e-05 0.000312043 0.000371284 1.95736e-07 0.000260205 0.113024 9.04168e-05 0.0142768 
0.0114548 4.09098e-05 0.137186 0.000141148 0.0116891 2.23491e-05 0.000400397 0.00362104 0.115361 0.00455427 0.000983566 0.00345479 0.000113006 0.707168 2.01934e-07 2.84959e-05 3.96767e-05 0.00108683 2.70449e-05 0.000116019 2.38357e-07 0.0019439 0.000114223 0.000452601 
0.0111256 5.93011e-08 0.00289283 0.000756553 0.0135057 4.05592e-07 0.0232252 0.0274344 0.0031497 0.000265746 0.00571894 0.0301183 0.00367426 0.824938 5.57514e-08 1.63942e-07 0.00153303 2.71313e-05 0.00231238 1.50586e-06 7.16525e-07 0.0486064 0.000700094 1.26436e-05 
1.38475e-05 1.38341e-05 1.38465e-05 1.38358e-05 1.38469e-05 1.38455e-05 1.38403e-05 1.38477e-05 1.38379e-05 1.38436e-05 1.38475e-05 1.38485e-05 1.38484e-05 0.965063 1.3835e-05 1.38469e-05 1.38196e-05 1.38429e-05 1.38398e-05 1.38368e-05 1.38324e-05 0.0346324 1.38417e-05 1.38453e-05 
0.0379553 0.000280571 0.0420153 2.02156e-05 0.113523 3.21465e-06 0.000300921 0.00484089 0.00734483 0.000708951 0.00012378 0.00983558 0.000500372 0.745962 1.04973e-05 0.000184824 0.00225119 0.0225793 0.00892798 1.28096e-05 7.96314e-05 0.0011999 4.93653e-05 0.00128913 
0.0385533 1.10042e-06 0.0183799 0.000436403 0.000843235 1.35278e-07 0.0566333 0.0321946 3.96486e-07 0.00305331 0.00946272 0.0358346 0.0218306 0.44602 4.61833e-11 7.7155e-08 9.5155e-11 1.12673e-06 0.0010048 2.12199e-06 5.45135e-11 0.328906 0.00684208 4.63917e-07 
0.0257846 5.66892e-05 0.0612583 6.37469e-06 0.00592407 3.35497e-06 0.161042 0.123935 0.000243667 0.00857944 0.039661 0.1319 0.074551 0.236446 2.14311e-05 0.0011953 3.93425e-07 0.000130071 2.39467e-06 0.0359305 1.2421e-07 0.0747705 0.0163355 0.00222159 
0.0390676 3.1927e-08 0.0381914 1.23551e-05 0.0558445 2.07156e-06 0.0730392 0.019694 0.0233419 0.00278925 0.00890688 0.139695 0.0122249 0.331829 2.26427e-05 0.000119633 0.0405964 0.00830518 0.173332 0.00026312 0.0011786 0.0230412 0.000105864 0.00839813 
0.0111256 5.93011e-08 0.00289283 0.000756553 0.0135057 4.05592e-07 0.0232252 0.0274344 0.0031497 0.000265746 0.00571894 0.0301183 0.00367426 0.824938 5.57514e-08 1.63942e-07 0.00153303 2.71313e-05 0.00231238 1.50586e-06 7.16525e-07 0.0486064 0.000700094 1.26436e-05 
0.0426914 7.80659e-08 0.00414055 0.00015635 0.000665754 2.08696e-08 4.73111e-08 0.000342908 1.88802e-05 0.000375994 1.06635e-08 6.00522e-05 0.0600984 0.741346 7.33929e-08 1.3622e-08 1.51217e-07 3.99963e-05 0.037673 0.000119287 0.000125556 0.0886438 0.0234236 7.77205e-05 
0.00605436 0.00279769 0.00551015 0.000123829 0.00493314 0.000410125 0.00371182 0.0585453 0.000219424 0.00319411 0.0807325 0.0519179 0.0850561 0.540458 7.72798e-05 0.00103567 1.29627e-05 0.00461638 0.00374697 0.00357336 7.73425e-05 0.0670288 0.0739485 0.0022184 
0.00459387 6.92025e-06 0.237024 1.31487e-05 0.00787421 9.23573e-07 0.000332225 0.00145866 0.0665698 0.00180921 0.000296332 0.00140721 1.20305e-06 0.677132 2.4989e-08 2.2658e-07 5.61932e-06 0.000317487 2.86885e-07 1.23388e-06 6.77741e-10 0.000815211 0.000222544 0.000117962 
1.38475e-05 1.38341e-05 1.38465e-05 1.38358e-05 1.38469e-05 1.38455e-05 1.38403e-05 1.38477e-05 1.38379e-05 1.38436e-05 1.38475e-05 1.38485e-05 1.38484e-05 0.965063 1.3835e-05 1.38469e-05 1.38196e-05 1.38429e-05 1.38398e-05 1.38368e-05 1.38324e-05 0.0346324 1.38417e-05 1.38453e-05 
0.00752577 0.000832103 0.0165476 0.00085531 0.010745 1.71017e-05 0.0221706 0.000545126 0.000153188 0.00372539 0.000452197 0.0338984 0.00156176 0.828441 6.01421e-05 0.000631389 2.51398e-06 0.000910605 0.000127746 1.07398e-06 0.00198362 0.0667396 8.49555e-05 0.00198783 
0.0238092 3.09292e-05 0.0854487 0.00055522 0.00244772 4.25713e-07 0.0224089 0.104552 0.00762506 0.092802 0.0238183 0.161517 0.1173 0.185463 1.77364e-05 0.000197583 6.36379e-05 0.0472174 0.000924517 6.44073e-06 4.72536e-07 0.105078 0.0100879 0.00862719 
0.00459387 6.92025e-06 0.237024 1.31487e-05 0.00787421 9.23573e-07 0.000332225 0.00145866 0.0665698 0.00180921 0.000296332 0.00140721 1.20305e-06 0.677132 2.4989e-08 2.2658e-07 5.61932e-06 0.000317487 2.86885e-07 1.23388e-06 6.77741e-10 0.000815211 0.000222544 0.000117962 
0.0708111 0.00019863 0.116253 2.06717e-07 0.0323924 1.4719e-05 0.00144013 0.172737 3.12326e-08 0.0144184 0.0495373 0.0684166 0.0222916 0.277062 1.31031e-11 0.000388897 0.000446053 0.0014367 0.00235708 1.12285e-07 0.000129082 0.144534 0.00786284 0.0172714 
9.44275e-08 8.84343e-12 0.00812387 5.23402e-08 1.26396e-07 2.43531e-08 0.108029 2.98736e-07 6.73299e-12 7.52865e-08 0.0142202 0.308898 0.00205653 0.488095 8.31408e-12 1.38897e-08 1.71301e-11 0.000994108 0.00223267 0.01211 1.97256e-09 0.0454361 0.0098032 8.35159e-08 
0.00503964 0.00014167 0.00738551 4.51834e-05 0.00504602 8.67661e-06 0.000826109 0.00298775 0.000214086 0.00136639 0.000961312 0.00384384 0.00316821 0.958672 0.000477782 0.000103577 7.07547e-05 0.00255295 0.00147258 9.88335e-06 0.000177436 0.00477896 0.00017861 0.000471208 
0.169295 0.000650281 0.00635525 0.000159356 0.00169115 1.93341e-05 0.000122249 0.0105312 0.000854692 0.0338706 0.00848702 0.0045839 0.0637757 0.461184 1.1532e-06 0.00278146 5.92328e-06 0.00942571 0.0152128 1.72266e-06 2.74881e-05 0.208264 0.00179073 0.000909528 
0.000392895 0.00632552 0.0283493 0.00665072 0.00608591 5.38903e-07 1.22168e-06 0.00508425 6.95616e-05 0.0589695 0.000168466 0.00347511 1.61964e-05 0.869017 1.89518e-06 3.51753e-07 0.000617499 2.32459e-05 2.24808e-05 1.66813e-06 2.23702e-06 0.0135712 0.000634899 0.000518534 
0.000131084 7.12218e-07 0.0308718 0.00170487 9.96715e-05 9.77119e-05 0.0252895 0.00509806 4.98781e-05 0.0354695 0.000267003 0.0282542 0.000457778 0.766644 6.69585e-07 0.00302287 0.00241461 0.00222332 0.00149546 5.89366e-07 0.000129065 0.0917359 0.00303759 0.00150416 
0.00274855 2.41583e-05 0.19161 0.000220528 0.023202 2.09981e-06 0.0166866 0.00402391 0.025986 0.0145179 0.00148191 0.00289039 0.00512255 0.696258 3.62412e-06 3.52503e-06 2.5123e-05 0.000218989 0.000826957 1.76808e-05 0.00242751 0.0111658 0.000426644 0.000109465 
0.0030599 0.00177568 0.00241794 0.00156314 0.00605974 8.91361e-06 0.00248683 0.00478859 0.00023429 0.017735 0.00215179 0.00723533 0.0294556 0.906092 2.90716e-06 0.0015272 6.27453e-05 0.00025111 0.000473024 1.18275e-05 0.000901559 0.00693954 0.000957852 0.00380708 
0.000144965 0.000162622 0.00090606 1.99301e-06 0.000368964 5.94234e-07 1.34712e-06 0.000358931 1.69235e-06 0.139083 3.03628e-07 0.000275082 1.84314e-07 0.858364 0.000205765 3.87868e-07 4.30569e-06 9.69245e-07 1.41129e-06 1.8394e-06 2.4667e-06 0.000111993 1.14341e-06 6.21045e-07 
0.00326298 2.21134e-07 0.0464273 0.00304638 0.00285278 0.000360077 0.00181112 0.0180287 6.16049e-11 0.00358341 0.00599936 0.0624491 0.00523697 0.637397 7.60714e-11 8.01262e-08 1.56736e-10 0.0174182 0.00175687 0.00211318 8.97926e-11 0.114672 0.0730073 0.000577373 
0.0165294 2.41349e-05 0.285479 4.52412e-05 0.0189479 2.87422e-06 0.000295412 0.00524828 0.166653 0.0065078 0.00106173 0.00506395 1.80784e-06 0.489027 5.56459e-10 3.12194e-07 1.96032e-05 0.00113636 4.30906e-07 1.85393e-06 6.56828e-10 0.00273338 0.000799461 0.000421043 
