0.0041765 5.06811e-05 0.00405557 0.000601957 0.0406756 0.0639582 0.003632 0.0163911 0.00272084 0.00105464 0.0329417 0.370841 0.00955514 1.36436e-11 3.28607e-05 0.431875 1.28549e-05 3.0573e-05 0.00402037 2.09331e-05 3.47951e-05 0.00127065 1.15946e-05 0.0120355 
0.00249373 0.00432507 0.00131243 0.00103691 0.000434308 7.71993e-06 5.08921e-05 0.00336717 6.25788e-06 0.000723642 0.0104424 0.100484 0.0639372 3.47997e-06 1.31879e-07 0.792912 0.00012633 0.0104839 3.32497e-06 0.000294522 2.95767e-05 0.00608084 0.00109048 0.000353856 
0.00186944 0.0614382 0.00109209 0.00273939 0.00100207 5.5492e-05 0.000162689 0.0040551 8.96634e-07 0.00251326 0.0093787 0.152519 0.0595041 3.31852e-05 4.56761e-07 0.669522 0.00105003 0.0276498 1.37026e-05 0.000277151 1.82304e-05 0.00450338 0.000433877 0.000167399 
0.000730391 8.04733e-06 0.000615279 3.85165e-06 0.000129677 6.40758e-13 0.000417306 0.00888116 0.000839735 0.000278986 0.000411299 0.041744 0.000434386 3.66651e-12 2.99629e-09 0.941802 4.6428e-12 3.03194e-05 0.00013509 2.34303e-07 5.96936e-09 0.00200569 0.00149236 3.98656e-05 
0.000319556 8.42369e-05 0.000676781 0.000410181 0.021686 5.14549e-05 0.00484209 0.00412138 0.00362726 0.000161165 0.0269946 0.253751 0.00073657 2.76649e-12 7.17853e-07 0.663071 1.70809e-05 5.38087e-05 0.004129 1.48984e-05 1.45604e-06 0.000444082 3.69328e-05 0.0147689 
0.0022454 0.0207107 0.00765246 0.0173693 0.000320051 4.17889e-05 0.0403825 0.00958874 3.26259e-05 0.0022072 0.162482 0.234799 0.0268417 1.62782e-11 6.40812e-06 0.431996 0.011725 0.0203889 0.000324761 0.00282188 1.25328e-06 0.00582284 7.61459e-05 0.00216277 
0.00517867 2.61363e-06 0.125346 4.08238e-05 0.198984 1.84355e-05 0.0283355 0.116756 0.0224766 8.96948e-06 0.0141716 0.17848 0.0170127 2.84487e-07 1.83136e-07 0.218842 1.39e-06 0.000208564 0.0354528 0.00154831 0.000149178 0.00238164 0.00159208 0.0330117 
0.0634122 0.00541176 0.0265565 0.00139665 0.0388554 0.00324056 0.00706953 0.0420954 0.0030042 0.0104223 0.025469 0.165912 0.0392108 1.46626e-07 1.7349e-05 0.325907 0.113762 0.0152961 0.00740498 0.0217004 0.000622568 0.0420826 0.0271923 0.0139582 
0.000730391 8.04733e-06 0.000615279 3.85165e-06 0.000129677 6.40758e-13 0.000417306 0.00888116 0.000839735 0.000278986 0.000411299 0.041744 0.000434386 3.66651e-12 2.99629e-09 0.941802 4.6428e-12 3.03194e-05 0.00013509 2.34303e-07 5.96936e-09 0.00200569 0.00149236 3.98656e-05 
0.000921474 0.00156875 5.16418e-05 1.93262e-05 0.000163662 1.27999e-08 8.26979e-09 0.0119157 2.35299e-08 0.000113253 0.00106621 0.0663144 0.00242701 2.57623e-12 8.55587e-09 0.907281 3.26221e-12 0.00101778 5.36292e-06 0.00468328 1.826e-09 0.00131202 0.000257499 0.000881083 
0.0611055 0.0144994 0.0339751 0.000594278 0.0383196 0.00345347 0.0048772 0.0274513 0.00348329 0.0139333 0.0675564 0.258934 0.0633859 2.11173e-05 2.60138e-05 0.35278 0.00130023 0.0147682 0.00410863 0.00418575 0.00139112 0.0161543 0.00414322 0.00955296 
0.0144444 0.000870477 0.0072342 0.0500954 0.00569521 4.10645e-05 2.53992e-05 0.00298181 0.0010532 0.00177538 0.00546112 0.116946 0.0238499 5.14314e-12 3.18646e-05 0.692326 0.000770485 0.00158574 0.00470436 0.000201087 0.000940923 0.0318546 0.0356577 0.00145425 
0.00249373 0.00432507 0.00131243 0.00103691 0.000434308 7.71993e-06 5.08921e-05 0.00336717 6.25788e-06 0.000723642 0.0104424 0.100484 0.0639372 3.47997e-06 1.31879e-07 0.792912 0.00012633 0.0104839 3.32497e-06 0.000294522 2.95767e-05 0.00608084 0.00109048 0.000353856 
0.00345863 0.0105663 0.00246217 0.00106667 0.0142279 4.13533e-05 0.0002573 0.0105928 0.000165408 0.00486964 0.0136409 0.162817 0.0565915 1.12604e-05 3.33161e-07 0.596266 0.00248852 0.00864538 0.00355437 0.0188375 0.000799219 0.00471567 0.0804508 0.00347293 
0.00523931 0.0415838 0.00407313 4.22873e-05 0.000138702 6.41241e-05 0.0118821 0.0156666 4.98772e-06 0.00388129 0.0870305 0.299352 0.0147888 3.71184e-10 5.2904e-06 0.409196 0.00069159 0.00592539 0.00182257 0.0284539 2.6927e-10 0.0670315 0.000150561 0.00297525 
0.0780667 0.00484377 0.00150373 0.00011325 0.00478254 5.6989e-05 8.96679e-05 0.029075 0.000400003 0.00197066 0.0408458 0.18583 0.0133222 2.96156e-11 5.60177e-09 0.594856 0.014903 0.0123954 1.72505e-05 0.00862298 6.3114e-06 0.00444847 8.71336e-05 0.00376354 
0.000422044 0.251201 0.000437409 9.61565e-06 0.00010379 1.64571e-05 0.000291387 0.00311632 8.93297e-06 3.662e-05 0.015572 0.33883 0.0216063 6.84098e-12 1.0117e-06 0.353319 3.16325e-06 0.00797395 1.77781e-07 0.00581577 2.15739e-07 0.000986156 0.000201459 4.72087e-05 
0.00368269 0.019056 0.00132704 0.000234194 0.0170445 1.60827e-05 0.00135546 0.00734019 0.000888382 0.00887387 0.033068 0.281862 0.0793111 9.299e-05 3.0714e-05 0.451962 6.19539e-05 0.00113021 8.61427e-05 0.0146392 0.00505255 0.0708597 0.00020705 0.00181857 
0.000649791 0.00106338 3.44282e-05 1.28846e-05 0.000109109 8.95663e-09 5.78317e-09 0.00794383 1.64649e-08 7.55028e-05 0.000710806 0.0467519 0.00163595 1.90145e-12 5.72187e-09 0.93532 2.40776e-12 0.000737861 3.5759e-06 0.00315677 1.28668e-09 0.00087468 0.000174802 0.000744746 
0.00191874 0.0153314 0.000855867 0.00103379 0.00704355 5.30545e-06 0.000426034 0.00552138 1.98532e-05 0.00113491 0.00369521 0.0666885 0.0353783 3.53525e-06 1.12226e-06 0.851817 0.000113222 0.00121016 0.000119715 0.00364894 0.000305929 0.00323491 0.000248368 0.000244113 
0.000921474 0.00156875 5.16418e-05 1.93262e-05 0.000163662 1.27999e-08 8.26979e-09 0.0119157 2.35299e-08 0.000113253 0.00106621 0.0663144 0.00242701 2.57623e-12 8.55587e-09 0.907281 3.26221e-12 0.00101778 5.36292e-06 0.00468328 1.826e-09 0.00131202 0.000257499 0.000881083 
0.00746838 0.000207412 0.0021487 0.000320527 0.0523258 6.64116e-07 0.000126637 0.204787 0.0190246 0.0290208 0.0454228 0.214775 0.00783245 4.03837e-07 2.12155e-07 0.229719 0.00271854 0.00168836 0.000960704 0.0217503 0.0812028 0.0689415 0.00381094 0.00574672 
0.0189099 8.11212e-05 0.00214411 4.25587e-05 0.0292977 3.3462e-07 0.000386072 0.00653902 1.2678e-08 0.000722102 0.00457915 0.00630851 0.00233893 9.45828e-10 1.22187e-06 0.924009 3.34483e-05 7.43786e-06 0.000122608 0.000276282 0.000187875 0.000431206 7.11663e-05 0.0035104 
0.0126341 0.00122355 0.00956361 0.00700573 0.00109459 5.31606e-05 0.000674207 0.0139025 7.18173e-05 0.00755225 0.0129698 0.18664 0.0663013 2.80364e-05 3.99943e-05 0.626559 0.000426097 0.00817879 0.00259721 0.000561215 0.00021806 0.032226 0.00843986 0.00103895 
0.0400395 0.00999283 0.0308124 0.00871756 0.00208327 0.000110981 0.00128668 0.030766 0.00477263 0.0419768 0.014781 0.21659 0.0203574 2.15088e-10 6.82551e-06 0.311909 0.00640032 0.128927 0.000693959 0.00110429 0.0422719 0.0662365 0.003571 0.0165928 
0.0033426 0.00216902 0.00272754 0.00326247 0.00222735 9.03506e-06 0.000430327 0.00787604 0.000229206 0.00186758 0.0179587 0.0658259 0.039003 5.48858e-07 7.65755e-07 0.837857 0.000166982 0.00404405 0.000138897 0.000422864 4.97528e-05 0.00531892 0.00110146 0.00397005 
0.0204984 0.000922219 0.0188377 0.0522701 0.00101828 8.53245e-06 2.63127e-05 0.0135047 5.24211e-06 0.072631 0.00334522 0.220106 0.0170921 0.0134713 2.00256e-05 0.48668 0.00463733 0.00150141 0.0291755 0.000404128 0.000102557 0.041976 0.00137393 0.000392044 
0.0233164 0.000660444 0.0113586 0.000585996 0.00946028 3.14008e-05 0.00098914 0.0182449 0.000177462 0.00162325 0.0385421 0.301369 0.0342876 3.09559e-09 1.64406e-05 0.308807 0.000365493 0.00814686 0.000990213 0.133699 0.000138598 0.00963443 0.0916582 0.00589754 
0.00249373 0.00432507 0.00131243 0.00103691 0.000434308 7.71993e-06 5.08921e-05 0.00336717 6.25788e-06 0.000723642 0.0104424 0.100484 0.0639372 3.47997e-06 1.31879e-07 0.792912 0.00012633 0.0104839 3.32497e-06 0.000294522 2.95767e-05 0.00608084 0.00109048 0.000353856 
0.00223032 0.0222411 0.00245361 0.00231571 0.00199193 0.000292674 0.000659567 0.00753712 3.59752e-05 0.0010842 0.0285912 0.266245 0.0756414 1.02084e-05 0.000317215 0.315393 0.000538564 0.0160222 7.52591e-05 0.241249 3.2994e-05 0.00912589 0.00462519 0.00129014 
0.0032567 0.00973616 0.0144364 0.000112286 0.00184929 0.00018816 0.000325326 0.00229491 1.65268e-07 0.000305203 0.00525949 0.299431 0.0430904 4.12682e-11 1.47216e-08 0.549671 9.26571e-05 0.0436981 1.71284e-11 0.00214947 4.46704e-05 0.0214458 0.000747069 0.00186597 
0.184437 8.41888e-05 0.0132451 1.99438e-05 0.00772168 1.97831e-05 0.000485382 0.028786 1.46305e-06 0.00188355 0.00117538 0.000959734 0.00882713 4.11314e-10 2.88849e-06 0.748106 0.000304059 0.000240952 0.00128829 0.000251558 0.000333854 0.000749353 3.46613e-05 0.00104153 
0.0069816 0.000627177 0.0045808 2.38654e-05 0.00117616 1.5157e-09 7.48649e-05 0.00580164 0.000252733 0.000551424 0.010314 0.27839 0.0440188 4.97556e-11 2.81076e-09 0.638063 4.43511e-05 0.00219485 0.000398738 0.00206686 8.36992e-06 0.0039015 0.000418926 0.000110303 
2.10795e-07 0.0064873 0.000169014 2.25901e-08 7.23424e-05 7.13117e-07 1.50755e-08 0.000236397 1.43315e-08 7.20122e-05 2.04214e-08 0.0295244 0.000247133 1.01149e-11 9.08333e-10 0.962074 1.27553e-07 6.51174e-05 0.000156961 2.75766e-06 4.54969e-05 0.000710288 7.72346e-05 5.86456e-05 
0.00197761 0.0073641 0.0121707 0.000180737 0.00431788 0.000103739 0.000301306 0.0213703 0.00126204 0.000415051 0.0083844 0.368208 0.00185828 4.35755e-11 4.03133e-09 0.435496 1.01933e-06 0.000852404 0.000209975 0.112965 0.000124624 0.00279849 0.00818533 0.0114533 
0.00113329 0.00379864 0.019988 0.000100847 0.00746647 1.07969e-06 0.000407128 0.0703877 0.00131827 0.0111541 0.00947068 0.355327 0.00163448 4.03364e-09 3.67135e-08 0.489946 3.7926e-06 2.51218e-05 0.00583647 0.00674387 0.000164531 0.00614353 0.00846851 0.00048058 
0.00226163 0.00153914 0.00209387 0.00428493 0.022827 1.74738e-05 0.031765 0.00821259 0.0679671 0.00031026 0.0712191 0.279323 0.023689 7.26142e-07 2.58282e-08 0.458477 7.03959e-05 0.00079009 0.000415874 0.00537684 7.73894e-05 0.0083728 0.0046418 0.00626701 
0.00954056 0.00157806 0.0116803 0.00033183 0.00955663 3.8545e-05 0.000926791 0.00661006 5.82234e-05 0.060009 0.000797757 0.065038 0.0232928 1.82878e-07 1.13701e-08 0.767426 0.000355268 0.00693158 0.0192981 0.000101065 0.00267262 0.0118105 0.000535734 0.00141009 
0.00361741 0.00336965 0.00334985 0.000112157 0.000681366 0.000188071 4.09288e-06 0.00273614 7.63167e-08 0.00030488 0.00525879 0.120461 0.0430881 8.30759e-12 6.79196e-09 0.760699 2.2643e-06 0.0449016 3.44807e-12 0.000282779 4.7516e-09 0.00852939 0.000304894 0.00210833 
0.0246407 0.0376211 0.00356063 0.00072992 0.0353249 2.93805e-05 0.00321534 0.0433113 5.48234e-05 0.0134976 0.0156957 0.244535 0.123433 2.31816e-05 0.000139192 0.393121 6.40361e-05 0.00159003 0.00799122 0.000108214 0.000606934 0.0465953 0.00263591 0.00147529 
0.00331885 0.00169359 0.00420136 1.29901e-05 0.001838 7.17449e-07 0.00351919 0.00707507 8.0222e-09 0.011514 0.00644572 0.0781046 0.00496211 1.21492e-11 5.8591e-06 0.856055 8.45474e-05 7.61115e-06 0.000256201 3.81572e-05 1.39057e-05 0.0177565 0.00170084 0.00139506 
0.00524127 0.209555 0.0150752 0.00535159 0.00190279 3.50562e-05 0.00456249 0.0269778 0.000242203 0.00676563 0.0262293 0.232525 0.100158 0.00130307 1.98166e-06 0.323342 0.000320988 0.00221549 0.00142182 0.00143591 7.98895e-05 0.0251177 0.00189788 0.0082414 
0.00758503 0.00781222 0.00365551 0.00150459 0.00845645 0.00022123 0.000756443 0.0101333 0.000244132 0.00585413 0.0122655 0.0869931 0.0356055 1.18556e-05 0.00538441 0.777902 0.00117906 0.00834176 0.00308046 0.00913931 0.000424635 0.00620949 0.00230843 0.00493175 
0.0254399 0.000486748 0.00628611 0.000233822 0.0129186 6.27379e-06 0.00107668 0.017908 0.000164477 0.000805516 0.0279197 0.101983 0.0379932 4.44924e-08 0.000152912 0.683628 3.45402e-05 0.0274399 0.0100835 0.00160595 0.000323451 0.0408645 0.000433813 0.00221095 
7.98711e-07 1.46346e-05 3.11162e-08 0.000120488 0.00405877 2.18751e-05 0.000749244 6.05755e-08 0.000729796 2.50172e-05 0.0079524 0.177875 5.60552e-06 2.66689e-12 1.00571e-07 0.807071 3.67582e-06 2.7464e-05 0.000255635 2.13843e-06 9.12424e-09 8.34387e-05 3.56527e-07 0.00100241 
3.18216e-05 9.11113e-09 4.24985e-05 1.62197e-06 0.00579512 6.92302e-09 1.38444e-07 0.00233834 1.20155e-07 1.4927e-08 0.0341846 0.00946028 2.3445e-08 5.39246e-12 1.43526e-09 0.946293 1.19888e-08 6.43164e-05 0.000453304 1.81629e-08 5.82405e-05 2.41301e-09 5.6174e-06 0.00127118 
0.0310839 0.00288646 0.00264807 7.00458e-05 0.00234565 1.43841e-09 0.00531294 0.0452261 0.000286614 0.00146891 0.0165257 0.139694 0.0131199 3.33912e-12 2.05217e-12 0.716027 0.000229476 0.0041798 0.000543291 0.000809979 0.000397387 0.0120309 0.00400844 0.00110484 
0.210009 4.14377e-05 0.0248987 4.39977e-05 0.00690525 2.74158e-05 0.000206276 0.0263448 4.81785e-05 0.00329792 0.00413248 0.00417022 0.0275486 3.4052e-10 2.09884e-06 0.68292 0.000355721 0.000393197 0.00245935 0.000291393 0.00204194 0.00177058 0.000119547 0.00197218 
0.000787492 0.00174933 0.000969969 1.43182e-05 0.0186395 1.80806e-06 0.000137104 0.00420859 0.000226799 4.76785e-05 0.198635 0.139245 0.0170136 1.7885e-12 7.2937e-08 0.582544 7.96895e-05 0.000301721 6.366e-05 0.0266742 3.71954e-06 0.000633583 0.000108993 0.00791375 
2.10795e-07 0.0064873 0.000169014 2.25901e-08 7.23424e-05 7.13117e-07 1.50755e-08 0.000236397 1.43315e-08 7.20122e-05 2.04214e-08 0.0295244 0.000247133 1.01149e-11 9.08333e-10 0.962074 1.27553e-07 6.51174e-05 0.000156961 2.75766e-06 4.54969e-05 0.000710288 7.72346e-05 5.86456e-05 
0.0168684 5.18423e-08 0.0540241 9.15607e-05 0.0145613 8.98853e-06 0.000627508 0.0283343 0.0179466 0.0017186 0.00195329 0.113528 0.00269167 5.57974e-10 1.02284e-06 0.714272 0.000376766 0.000877094 0.00604058 0.000578609 2.36409e-05 0.00294909 0.000180576 0.0223465 
0.00542347 0.00208825 0.000135813 9.75233e-05 0.00654341 1.24543e-05 0.000343672 0.00702775 7.44423e-05 9.80162e-05 0.0106482 0.0843491 0.00470208 6.47069e-07 2.57453e-06 0.823163 3.1446e-05 0.000487649 2.37905e-05 0.0454249 2.924e-05 0.000776739 0.000185837 0.00833027 
0.00361741 0.00336965 0.00334985 0.000112157 0.000681366 0.000188071 4.09288e-06 0.00273614 7.63167e-08 0.00030488 0.00525879 0.120461 0.0430881 8.30759e-12 6.79196e-09 0.760699 2.2643e-06 0.0449016 3.44807e-12 0.000282779 4.7516e-09 0.00852939 0.000304894 0.00210833 
0.0277547 0.000676445 0.00374273 0.0028044 0.0722327 2.21324e-05 0.000369474 0.0453788 0.0014798 0.000633681 0.00560986 0.231018 0.0153719 7.12623e-09 3.47551e-10 0.372724 0.187108 0.0030287 0.000804547 0.00446489 3.41704e-11 0.00350273 2.93021e-08 0.021273 
0.000921474 0.00156875 5.16418e-05 1.93262e-05 0.000163662 1.27999e-08 8.26979e-09 0.0119157 2.35299e-08 0.000113253 0.00106621 0.0663144 0.00242701 2.57623e-12 8.55587e-09 0.907281 3.26221e-12 0.00101778 5.36292e-06 0.00468328 1.826e-09 0.00131202 0.000257499 0.000881083 
0.0926572 1.85181e-05 0.0271134 5.10655e-05 0.0413196 1.97018e-05 0.000930539 0.0600212 0.00134584 0.000424622 0.00175358 0.037842 0.00227658 1.08715e-07 7.82598e-06 0.662177 5.23828e-05 0.01667 0.0354435 0.000826515 0.00288625 0.00449822 0.000582555 0.0110819 
0.00664854 0.00395887 0.00776821 0.000435837 0.0419619 7.27288e-09 0.000183127 0.0504737 1.14816e-08 0.0917078 0.00300853 0.255522 0.0749711 2.2927e-06 5.74661e-10 0.453597 1.2886e-06 0.000949432 9.95117e-06 8.08003e-06 0.00327765 0.00290445 0.00212164 0.000488584 
0.0036164 0.0212256 0.00310406 0.00318939 0.00114604 9.94442e-06 0.00021094 0.00774465 1.08626e-05 0.00274691 0.0110779 0.143115 0.10167 2.188e-05 2.77874e-06 0.675332 0.000254397 0.00967684 1.73213e-05 0.000185158 5.63075e-05 0.0139513 0.000804658 0.000829881 
0.000181909 0.000475999 0.00046883 0.000583002 0.000642597 5.12692e-07 0.00413455 0.0026939 1.2383e-05 0.000108488 0.0249009 0.0833381 0.00496341 1.35066e-10 2.45604e-08 0.870304 2.19783e-05 0.00110694 0.000981653 0.000279011 7.37562e-06 0.00186705 0.00276434 0.000163056 
0.0101333 0.143372 0.0276232 0.00121071 0.00309902 1.93507e-05 0.00177975 0.0171429 0.00334601 0.00436182 0.0594666 0.271852 0.0416727 3.28577e-07 6.1375e-06 0.281991 0.000391135 0.000154086 0.0599009 0.00281735 0.000230709 0.0504289 0.0183394 0.000660502 
0.00233679 0.0663757 0.00136511 0.00342423 0.00125259 6.93642e-05 0.000203358 0.00504338 1.12058e-06 0.00300893 0.0117234 0.154857 0.0741117 4.14796e-05 5.70776e-07 0.634214 0.00131252 0.0344691 6.10304e-06 0.000180257 2.10118e-05 0.00532259 0.000450864 0.000209247 
0.00122042 0.00582726 0.000647389 0.000456702 0.0150003 1.78651e-09 4.68656e-05 0.00944467 1.42579e-08 0.00119275 0.00503134 0.0650204 0.0825606 3.86238e-06 2.03495e-10 0.810169 5.23157e-06 0.00162711 7.77339e-08 1.41582e-05 0.000312625 0.00101558 0.000230843 0.0001726 
0.00496068 0.00693531 0.00424738 0.0011559 0.0138806 0.000230639 0.000967702 0.00949536 0.000507011 0.00302086 0.0407568 0.187203 0.057725 1.02086e-05 0.00120379 0.609475 0.000280659 0.00640598 0.00282382 0.00694502 0.000132455 0.020207 0.00225501 0.0191743 
0.000649791 0.00106338 3.44282e-05 1.28846e-05 0.000109109 8.95663e-09 5.78317e-09 0.00794383 1.64649e-08 7.55028e-05 0.000710806 0.0467519 0.00163595 1.90145e-12 5.72187e-09 0.93532 2.40776e-12 0.000737861 3.5759e-06 0.00315677 1.28668e-09 0.00087468 0.000174802 0.000744746 
1.79084e-07 0.161651 0.000612169 0.000163755 7.75573e-05 1.5408e-05 2.97013e-05 0.00742154 8.97101e-12 3.58297e-07 0.00649822 0.248323 0.207309 1.51331e-06 2.13833e-09 0.366656 3.72813e-08 0.000321369 7.48113e-12 7.29932e-05 3.49749e-08 2.59796e-08 0.000756573 8.98708e-05 
0.0229091 0.0374077 0.0125244 0.000741069 0.00734155 1.35188e-05 9.37197e-05 0.0216178 0.000970378 0.00153679 0.0362231 0.279171 0.0494503 2.91466e-10 8.74331e-05 0.326671 1.23571e-05 0.00599576 0.0312279 0.0729073 1.74228e-05 0.0919636 0.00107408 4.29343e-05 
0.0189099 8.11212e-05 0.00214411 4.25587e-05 0.0292977 3.3462e-07 0.000386072 0.00653902 1.2678e-08 0.000722102 0.00457915 0.00630851 0.00233893 9.45828e-10 1.22187e-06 0.924009 3.34483e-05 7.43786e-06 0.000122608 0.000276282 0.000187875 0.000431206 7.11663e-05 0.0035104 
0.0112076 0.000292806 0.0077456 0.000270582 0.0167721 1.12225e-05 0.0176472 0.00651729 0.0035098 0.000569547 0.072491 0.222135 0.038875 1.16387e-08 1.12023e-06 0.56359 7.48198e-05 0.00119474 0.00099547 0.000130023 0.00171493 0.0299605 0.00293154 0.00136277 
0.00024595 0.00258047 2.53493e-05 1.53501e-05 4.5219e-05 2.29662e-05 1.0592e-06 0.00275775 1.1049e-08 2.51724e-05 0.000287767 0.037053 0.000661662 2.49626e-12 2.04419e-09 0.947864 3.16095e-12 0.00629266 1.19643e-06 0.00126932 9.59982e-10 0.000307403 7.99118e-05 0.000463366 
0.0017301 0.0460202 0.0033449 7.31405e-05 0.00588765 4.0884e-06 0.000404219 0.00469953 0.000816309 0.00180943 0.0127954 0.337472 0.0192463 8.67578e-07 6.83577e-07 0.523112 9.51889e-05 0.00067631 0.0161216 0.000173556 0.000574154 0.0147115 0.00874541 0.00148546 
0.00138912 0.0581879 0.00201728 0.00140326 9.89428e-05 1.54188e-05 0.00115062 0.00794519 2.14059e-05 0.00227058 0.0039801 0.100336 0.0256283 8.23714e-12 1.32806e-06 0.782633 0.000127878 0.000524831 6.96037e-06 0.000179308 2.53604e-06 0.0115174 0.000153311 0.000409346 
0.0210025 0.0406383 0.0201019 0.00217942 0.00522118 0.000121314 0.0137228 0.0374228 0.000778333 0.0372507 0.0792289 0.0858654 0.0279448 8.89155e-05 0.000187805 0.556955 0.000202257 0.0138107 0.00675626 0.00137525 0.000252468 0.0397571 0.00108468 0.00805142 
0.016875 0.00513904 0.00371493 0.000104518 0.00175369 4.68246e-05 0.00164749 0.0206172 0.000225856 0.00112882 0.0134054 0.134284 0.0342455 5.28259e-12 2.40354e-09 0.723315 9.10586e-05 0.0225602 0.000148198 0.00133176 0.000119859 0.0151561 0.00201358 0.00207627 
2.03525e-06 0.000878884 6.74999e-09 1.84585e-08 1.124e-09 1.50298e-08 1.83586e-09 1.29993e-06 1.57692e-12 8.12528e-13 4.63148e-09 0.0184027 3.05666e-06 3.16836e-12 1.94722e-12 0.978018 4.01201e-12 0.0026505 1.31503e-12 3.33235e-05 2.29845e-12 8.15549e-10 1.10953e-06 8.818e-06 
0.0251129 0.00532993 0.00495943 4.73903e-05 0.0147177 2.20237e-05 0.00253268 0.0895634 0.000150019 0.0258554 0.0539544 0.182488 0.156072 8.88528e-09 2.08894e-06 0.217294 7.04813e-05 0.0172973 0.010418 0.0239353 2.91277e-07 0.114202 0.000268935 0.0557064 
0.0106129 0.00134359 0.0127324 0.00126988 0.00447717 9.73093e-05 0.00318216 0.107969 2.47091e-07 0.00243437 0.143731 0.087426 0.201406 1.86333e-12 3.51044e-06 0.356321 2.67938e-05 0.00258173 0.00172384 0.000448299 3.16443e-05 0.0132062 0.00101876 0.0479563 
0.0203571 6.0975e-05 0.0257982 4.15599e-06 0.00457711 1.05451e-07 0.000222915 0.0352219 2.02945e-06 0.00626417 0.00059443 0.00284389 0.0168487 8.05882e-13 3.03405e-07 0.885794 1.66285e-05 7.2192e-06 0.000894211 0.000155896 5.25695e-05 6.68823e-05 5.87389e-05 0.000157454 
0.00630353 0.0164623 0.00143002 0.000943676 0.00398963 3.62262e-05 5.78056e-05 0.00500069 0.00010952 0.000956513 0.0155252 0.0747631 0.0347321 3.3959e-06 0.00219876 0.805562 0.000864985 0.00885521 7.16424e-05 0.00140718 5.37798e-05 0.0200172 0.000255231 0.00040045 
0.000408479 0.000469128 0.000376578 0.00467294 0.00996834 1.8405e-06 0.0026632 0.00362378 0.00021964 8.40064e-05 0.016731 0.211145 0.00447268 4.16224e-10 1.41104e-06 0.72079 4.35562e-05 0.00712103 0.00214053 0.00766588 3.00236e-05 0.00198195 0.00422981 0.00115877 
0.177605 0.000852473 0.00727677 0.000227653 0.00443085 1.85218e-05 0.000872046 0.0301783 0.0283883 0.00716603 0.0209663 0.163273 0.0877776 5.64206e-08 0.000145345 0.315413 8.10265e-05 0.00252792 0.0175064 9.39416e-05 0.000102562 0.106725 0.0253251 0.00304655 
0.073095 0.00201351 0.0113919 0.00137979 0.00419014 2.25914e-05 0.00111258 0.0251817 0.000157516 0.00447714 0.0155223 0.0396608 0.0441647 2.97952e-10 1.86319e-06 0.759485 0.000707118 0.00259575 0.00104429 0.00123308 0.000897232 0.00689829 0.00073592 0.00403221 
0.00860062 0.0067381 0.0058541 0.000762946 0.00398168 0.000196405 0.000810692 0.0100728 0.000578356 0.0036225 0.0104094 0.136919 0.0233247 3.18268e-06 1.40973e-06 0.734916 0.00106822 0.00545857 0.00229157 0.0103287 0.000362983 0.00494296 0.0221814 0.00657294 
0.000649791 0.00106338 3.44282e-05 1.28846e-05 0.000109109 8.95663e-09 5.78317e-09 0.00794383 1.64649e-08 7.55028e-05 0.000710806 0.0467519 0.00163595 1.90145e-12 5.72187e-09 0.93532 2.40776e-12 0.000737861 3.5759e-06 0.00315677 1.28668e-09 0.00087468 0.000174802 0.000744746 
5.0364e-07 0.00636342 0.00486776 8.09263e-05 0.00551113 1.36381e-08 9.13244e-05 0.00919808 1.41658e-08 0.0014335 0.0033277 0.217076 0.0108746 5.49805e-11 3.37901e-11 0.734151 8.34327e-07 0.00017912 0.00340103 0.00139007 2.54295e-05 0.000672407 0.00013928 0.00121634 
0.0108673 0.0349714 0.00714972 0.0063249 0.00097752 1.32723e-05 0.000629993 0.0228231 7.80272e-09 0.0101393 0.0142122 0.203048 0.161473 4.39942e-05 3.73391e-07 0.511194 0.000300942 0.00219899 0.000543496 0.00262428 2.5902e-05 0.00874082 0.00108248 0.000614886 
0.000518612 0.00722263 0.000314797 0.000271828 0.00591553 6.28779e-06 2.35208e-05 0.00377165 6.08071e-09 0.000455436 0.00215104 0.0498107 0.0325769 1.47943e-06 2.10164e-10 0.889363 2.0057e-06 0.00682959 3.00763e-08 2.51699e-05 0.000119414 0.000410516 0.000114409 9.55789e-05 
0.000521267 0.00161182 6.45702e-05 0.00010144 0.00176006 8.77457e-06 3.82399e-05 0.00967575 0.000565533 2.50044e-05 0.0025241 0.219505 0.0033672 2.15861e-12 3.95644e-11 0.494094 3.66651e-06 0.000921215 0.000116763 0.249768 1.37398e-08 0.0010638 0.0113457 0.00291817 
0.188163 0.0231274 0.0277995 0.000891246 0.0126291 0.000162222 0.00176466 0.144874 0.000859108 0.0343003 0.00886776 0.132442 0.101244 1.51839e-06 1.57173e-05 0.255739 0.000435341 0.0309092 0.00352796 0.00399197 0.00090064 0.0188977 0.00561067 0.00284743 
0.00138912 0.0581879 0.00201728 0.00140326 9.89428e-05 1.54188e-05 0.00115062 0.00794519 2.14059e-05 0.00227058 0.0039801 0.100336 0.0256283 8.23714e-12 1.32806e-06 0.782633 0.000127878 0.000524831 6.96037e-06 0.000179308 2.53604e-06 0.0115174 0.000153311 0.000409346 
0.000649791 0.00106338 3.44282e-05 1.28846e-05 0.000109109 8.95663e-09 5.78317e-09 0.00794383 1.64649e-08 7.55028e-05 0.000710806 0.0467519 0.00163595 1.90145e-12 5.72187e-09 0.93532 2.40776e-12 0.000737861 3.5759e-06 0.00315677 1.28668e-09 0.00087468 0.000174802 0.000744746 
0.0162545 9.51274e-06 0.00230479 0.00619284 0.000146267 5.97162e-11 0.0013835 0.122781 0.0311056 0.154291 0.00190989 0.0816051 0.00424435 3.41704e-10 8.08956e-06 0.386335 4.32691e-10 0.000113384 1.28405e-06 0.000503319 2.47885e-10 0.188646 0.00216579 6.24105e-11 
7.85479e-05 4.13971e-05 0.0014925 1.50507e-08 0.0117578 1.23786e-06 0.00421611 0.00720377 0.000119146 0.00119217 0.0168714 0.192931 0.00160589 1.03422e-08 4.38715e-07 0.753834 2.69115e-06 1.05774e-05 0.00431422 9.33298e-05 1.10403e-05 0.000351644 0.000631339 0.0032392 
2.30248e-06 2.30025e-06 0.0354578 2.30053e-06 2.30238e-06 2.30214e-06 2.30128e-06 0.14506 0.0128873 0.00759831 0.0900296 0.170858 0.175923 2.29889e-06 2.30041e-06 0.298392 0.00919362 2.30171e-06 0.00368421 2.3007e-06 2.29997e-06 0.0508868 2.30151e-06 2.30211e-06 
0.0236991 0.0123481 0.0151396 0.00481648 0.0227374 6.63392e-05 0.00738111 0.0585124 0.000609816 0.0368109 0.0243203 0.26523 0.0335243 5.03923e-06 7.44859e-06 0.3276 0.000163605 0.00488854 0.033612 0.00123563 0.000222105 0.101383 0.00912564 0.0165614 
0.0189099 8.11212e-05 0.00214411 4.25587e-05 0.0292977 3.3462e-07 0.000386072 0.00653902 1.2678e-08 0.000722102 0.00457915 0.00630851 0.00233893 9.45828e-10 1.22187e-06 0.924009 3.34483e-05 7.43786e-06 0.000122608 0.000276282 0.000187875 0.000431206 7.11663e-05 0.0035104 
0.010233 6.6538e-05 0.00216575 7.99344e-05 0.00766142 2.85488e-05 0.000136574 0.00864669 0.000634316 0.000662859 0.129755 0.0385148 0.058543 3.8956e-12 8.10798e-05 0.711188 0.00068643 0.000554414 0.00299883 0.000385184 6.09712e-06 0.0131978 6.63434e-05 0.0137074 
0.000575235 0.00102863 0.000247075 0.00240622 0.00036741 3.97359e-06 2.67507e-05 0.00068035 0.000203011 0.000609526 4.75513e-05 0.0656958 0.00151624 2.88697e-08 9.38737e-09 0.913134 0.000205928 0.000464856 0.000110096 1.6384e-10 0.000748676 0.0110332 0.000664279 0.00023157 
0.00474176 0.000174691 0.0114503 7.62503e-05 0.0222152 0.0263263 0.00375824 0.0286697 0.00460204 0.000442718 0.0516022 0.259937 0.0517822 3.09307e-08 4.92628e-05 0.276103 1.3376e-05 0.0023135 0.0026582 0.0056675 0.00125646 0.00861942 0.228038 0.00950259 
4.22206e-05 1.20895e-05 0.0118316 0.000230856 0.00991403 1.78365e-05 0.00316247 0.00972387 0.00624733 0.00160586 0.105864 0.324368 0.00132459 8.17802e-09 7.2158e-07 0.495522 2.67856e-06 7.58347e-05 0.00242728 0.000197543 2.79955e-05 0.020151 9.05953e-05 0.0071594 
0.185625 0.000111132 0.0234792 8.4609e-05 0.021578 2.16237e-05 0.000238739 0.0753359 0.000388594 0.0210652 0.139224 0.0126425 0.0614511 6.59367e-09 1.50903e-06 0.414465 0.000404201 0.00276377 0.00421376 0.000290745 0.00112556 0.0143126 0.0183981 0.00277802 
0.0032567 0.00973616 0.0144364 0.000112286 0.00184929 0.00018816 0.000325326 0.00229491 1.65268e-07 0.000305203 0.00525949 0.299431 0.0430904 4.12682e-11 1.47216e-08 0.549671 9.26571e-05 0.0436981 1.71284e-11 0.00214947 4.46704e-05 0.0214458 0.000747069 0.00186597 
0.0131675 0.0101055 0.00310277 0.00168177 0.0136021 0.000400265 0.000448657 0.0127146 0.000186547 0.00183095 0.0119773 0.0868519 0.0380213 2.91733e-05 0.00203664 0.773062 0.00058401 0.00455916 0.000600927 0.00132268 0.000140652 0.019148 0.000475264 0.00395066 
2.10795e-07 0.0064873 0.000169014 2.25901e-08 7.23424e-05 7.13117e-07 1.50755e-08 0.000236397 1.43315e-08 7.20122e-05 2.04214e-08 0.0295244 0.000247133 1.01149e-11 9.08333e-10 0.962074 1.27553e-07 6.51174e-05 0.000156961 2.75766e-06 4.54969e-05 0.000710288 7.72346e-05 5.86456e-05 
2.10795e-07 0.0064873 0.000169014 2.25901e-08 7.23424e-05 7.13117e-07 1.50755e-08 0.000236397 1.43315e-08 7.20122e-05 2.04214e-08 0.0295244 0.000247133 1.01149e-11 9.08333e-10 0.962074 1.27553e-07 6.51174e-05 0.000156961 2.75766e-06 4.54969e-05 0.000710288 7.72346e-05 5.86456e-05 
0.00138912 0.0581879 0.00201728 0.00140326 9.89428e-05 1.54188e-05 0.00115062 0.00794519 2.14059e-05 0.00227058 0.0039801 0.100336 0.0256283 8.23714e-12 1.32806e-06 0.782633 0.000127878 0.000524831 6.96037e-06 0.000179308 2.53604e-06 0.0115174 0.000153311 0.000409346 
0.016072 0.00504848 0.00735999 0.00170656 0.00432399 1.6892e-05 0.00397499 0.0173683 0.000325856 0.0012452 0.0179734 0.165792 0.0305565 2.22236e-05 0.00248132 0.633811 0.00077621 0.0501513 0.000803768 0.00179589 0.000822264 0.0324727 0.00392206 0.00117715 
0.00186944 0.0614382 0.00109209 0.00273939 0.00100207 5.5492e-05 0.000162689 0.0040551 8.96634e-07 0.00251326 0.0093787 0.152519 0.0595041 3.31852e-05 4.56761e-07 0.669522 0.00105003 0.0276498 1.37026e-05 0.000277151 1.82304e-05 0.00450338 0.000433877 0.000167399 
0.0433063 0.00367668 0.00494197 0.00469881 0.00970328 3.75233e-05 0.0167932 0.0649 0.000352631 0.0601974 0.0552598 0.18507 0.0259231 2.01118e-08 0.00034065 0.463546 0.00016879 0.00504513 0.00886743 0.000833725 0.000218307 0.0414116 0.00227339 0.00243438 
0.0128134 0.0588893 0.0308933 0.000214012 0.0398236 1.40938e-05 0.00284656 0.0280958 0.000340972 0.00460601 0.0567285 0.103618 0.0291754 7.12343e-05 8.50865e-06 0.605116 0.000229506 0.000109111 0.00252964 0.0014315 0.00150929 0.0147198 0.00317538 0.00304038 
0.0189792 0.00543959 0.00610622 0.00253173 0.0143217 0.000535452 0.00170236 0.0143253 0.00117034 0.00386672 0.0234132 0.0910273 0.040779 6.09039e-05 0.00126835 0.726057 0.00185023 0.00409772 0.00256424 0.00382633 0.000537114 0.0150437 0.00295448 0.017542 
0.00882123 0.0155985 0.00133358 0.0780202 0.00287504 8.37588e-05 0.00405372 0.00934098 0.000241649 0.0176554 0.0412894 0.156135 0.0248883 1.54109e-06 1.44657e-05 0.37327 4.59894e-05 0.0179125 0.0242452 0.00722199 0.000623844 0.0271732 0.18114 0.0080141 
0.0278195 0.00825007 0.0238653 0.00291844 0.0109057 0.00574513 0.00579227 0.0410821 0.00530449 0.0068363 0.0299183 0.296293 0.0735405 2.40936e-05 0.000168023 0.398645 0.000401196 0.00246884 0.00452614 0.00215897 7.69307e-05 0.0420012 0.00309595 0.00816208 
0.00268759 0.00166002 0.00492636 0.00672227 0.00733012 1.55181e-05 0.000905237 0.00964523 0.000311586 0.00336959 0.0509493 0.0307453 0.0430962 2.91626e-12 1.75431e-06 0.815374 0.000191997 0.00158849 0.000270429 0.00052896 0.00010417 0.00399265 0.000146618 0.0154362 
2.03525e-06 0.000878884 6.74999e-09 1.84585e-08 1.124e-09 1.50298e-08 1.83586e-09 1.29993e-06 1.57692e-12 8.12528e-13 4.63148e-09 0.0184027 3.05666e-06 3.16836e-12 1.94722e-12 0.978018 4.01201e-12 0.0026505 1.31503e-12 3.33235e-05 2.29845e-12 8.15549e-10 1.10953e-06 8.818e-06 
0.0101646 0.00141395 0.00208944 1.56303e-07 2.73236e-07 1.77606e-08 0.00211725 0.0125161 0.0186114 6.28383e-07 5.66824e-12 0.0599853 1.43831e-07 6.34779e-11 5.30609e-07 0.482467 8.03804e-11 1.68279e-06 4.6109e-07 3.43386e-11 2.62946e-06 0.410628 8.55963e-09 1.15939e-11 
0.012449 0.00117641 0.00957664 5.72772e-05 0.0562857 0.00305261 0.0188018 0.0447899 0.000360413 0.00204039 0.26368 0.23828 0.0176919 5.1698e-06 2.68348e-06 0.283449 5.83024e-05 0.00154441 0.000474523 0.0319192 1.15042e-05 0.00146314 0.00179324 0.0110367 
0.00387766 0.0101456 0.00161349 0.0124911 0.00385994 3.80074e-05 0.00113561 0.00399766 2.57886e-05 0.000819277 0.0139504 0.0922726 0.0225714 4.10426e-06 8.12829e-07 0.81676 0.000415033 0.00901738 0.000238988 0.000386511 6.23112e-05 0.00337952 0.000945211 0.0019911 
0.0238143 0.00162074 0.00729103 0.000747865 0.0445483 4.05762e-05 0.00125695 0.0952754 0.00068522 0.00196704 0.108125 0.14481 0.0262284 4.46283e-07 2.91007e-06 0.478417 0.023626 0.00318728 0.00113089 0.00424816 7.11633e-06 0.0179421 0.000634179 0.0143931 
0.0345613 0.00856257 0.0126085 0.0026186 0.00891089 0.000153479 0.00215911 0.0258494 0.000703217 0.00621066 0.0188613 0.212436 0.0348358 3.03619e-06 0.00111481 0.546706 0.000505596 0.0237499 0.0019735 0.00264798 0.000710064 0.051239 0.000917817 0.00196194 
0.0127807 0.00228544 0.00845 0.000193952 0.0121841 4.41874e-05 0.00266177 0.0596413 0.00384123 0.00115983 0.0636209 0.240138 0.12214 1.75549e-07 1.3354e-05 0.361639 2.70046e-05 0.00816743 0.0208722 0.000511737 0.00132187 0.0682086 0.00323778 0.00685896 
0.20368 0.000131442 0.014803 0.0035081 0.00559098 3.86564e-05 0.00190331 0.099564 5.44735e-08 0.0276336 0.0462881 0.0507893 0.111653 7.92336e-08 4.94825e-06 0.285471 6.51156e-05 0.00849365 0.00263709 0.00119493 2.72996e-08 0.128199 0.00407908 0.00427123 
0.00590751 0.0608007 0.0049503 0.00884147 0.000817465 2.11942e-05 0.00174156 0.0113788 0.000130169 0.00295544 0.0118851 0.10809 0.070396 5.24611e-12 2.01195e-06 0.694241 0.000256983 0.00263396 4.64685e-05 0.000244299 2.71945e-05 0.0131312 0.000210219 0.00129106 
0.000815714 0.000788312 0.000222824 0.00029379 0.00109675 7.55436e-06 0.00178413 0.0010844 9.6869e-05 0.000120906 0.0104857 0.0839459 0.00392668 5.18003e-09 6.22804e-07 0.883534 1.85511e-05 0.000305959 0.00197286 0.00694424 2.5071e-05 0.00122699 0.000833975 0.000468362 
0.210009 4.14377e-05 0.0248987 4.39977e-05 0.00690525 2.74158e-05 0.000206276 0.0263448 4.81785e-05 0.00329792 0.00413248 0.00417022 0.0275486 3.4052e-10 2.09884e-06 0.68292 0.000355721 0.000393197 0.00245935 0.000291393 0.00204194 0.00177058 0.000119547 0.00197218 
0.00186944 0.0614382 0.00109209 0.00273939 0.00100207 5.5492e-05 0.000162689 0.0040551 8.96634e-07 0.00251326 0.0093787 0.152519 0.0595041 3.31852e-05 4.56761e-07 0.669522 0.00105003 0.0276498 1.37026e-05 0.000277151 1.82304e-05 0.00450338 0.000433877 0.000167399 
0.000569951 0.00129078 0.00069284 1.02288e-05 0.013314 1.29176e-06 9.79368e-05 0.00300614 0.000162005 3.40575e-05 0.141883 0.112595 0.0121526 1.62394e-12 5.22005e-08 0.688596 6.18681e-05 0.00021552 4.54739e-05 0.0190861 2.65761e-06 0.000452563 7.78548e-05 0.0056527 
0.00240283 0.00124364 0.00657319 1.04683e-05 0.00648412 1.27116e-06 0.00168039 0.0145673 5.49789e-05 0.00323694 0.00548502 0.0650412 0.00707957 3.26632e-09 4.36533e-07 0.879349 2.74107e-05 4.04294e-05 0.00416212 8.35302e-05 0.000152371 0.000526423 0.000297536 0.00150019 
0.000881413 0.00153245 0.000259426 1.9634e-05 0.00332372 1.42288e-05 7.14795e-05 0.00899175 0.000118774 8.55837e-05 0.0296417 0.0840641 0.00704077 2.01523e-12 5.21319e-08 0.837899 8.14032e-06 0.00167959 4.66058e-05 0.0133448 1.31172e-06 0.00117994 0.000199645 0.00959617 
0.00122042 0.00582726 0.000647389 0.000456702 0.0150003 1.78651e-09 4.68656e-05 0.00944467 1.42579e-08 0.00119275 0.00503134 0.0650204 0.0825606 3.86238e-06 2.03495e-10 0.810169 5.23157e-06 0.00162711 7.77339e-08 1.41582e-05 0.000312625 0.00101558 0.000230843 0.0001726 
0.00121054 0.00678584 0.000647429 0.000456818 0.0210629 4.62167e-09 4.68945e-05 0.00996808 1.65808e-08 0.00119282 0.00503146 0.175525 0.0873846 3.87819e-06 4.94239e-10 0.686589 2.1418e-06 0.00162723 7.86446e-08 1.3815e-05 0.000536193 0.00101562 0.000726763 0.00017262 
0.000879585 0.0135414 0.000775371 0.000173535 0.000439029 7.20867e-05 0.000764587 0.0040964 2.89961e-05 0.000463419 0.00704246 0.301868 0.0265481 1.64505e-06 5.66185e-07 0.627521 7.12117e-07 0.0136887 3.88813e-05 4.73663e-05 4.61054e-06 0.000687223 0.00100107 0.000315012 
0.0069816 0.000627177 0.0045808 2.38654e-05 0.00117616 1.5157e-09 7.48649e-05 0.00580164 0.000252733 0.000551424 0.010314 0.27839 0.0440188 4.97556e-11 2.81076e-09 0.638063 4.43511e-05 0.00219485 0.000398738 0.00206686 8.36992e-06 0.0039015 0.000418926 0.000110303 
0.000575235 0.00102863 0.000247075 0.00240622 0.00036741 3.97359e-06 2.67507e-05 0.00068035 0.000203011 0.000609526 4.75513e-05 0.0656958 0.00151624 2.88697e-08 9.38737e-09 0.913134 0.000205928 0.000464856 0.000110096 1.6384e-10 0.000748676 0.0110332 0.000664279 0.00023157 
0.0290843 0.000761959 0.00540558 0.00303003 0.0739651 3.67967e-05 0.000427942 0.0463293 0.0015415 0.000683225 0.00627751 0.22151 0.0151326 3.70843e-08 3.8518e-10 0.365594 0.192012 0.00413339 0.00143663 0.00441256 3.67194e-11 0.00437202 1.00227e-06 0.0238524 
0.00969825 0.0059357 0.00857479 0.00187252 0.0319739 0.000693022 0.00155523 0.0111752 0.000378137 0.0025957 0.0578836 0.0940445 0.0932572 1.82456e-11 1.43878e-06 0.577672 0.000304356 0.00355109 0.00870032 0.00532044 0.000198053 0.00982748 0.00072384 0.074063 
0.0174506 0.00493537 0.00441182 0.000957959 0.00960219 0.000139854 0.000353192 0.0109874 0.000331337 0.00228432 0.0210289 0.110563 0.0530714 5.43468e-05 0.000193531 0.735747 0.000226587 0.0045976 0.00255215 0.00327712 0.000292621 0.00923042 0.00234778 0.00536317 
0.000521267 0.00161182 6.45702e-05 0.00010144 0.00176006 8.77457e-06 3.82399e-05 0.00967575 0.000565533 2.50044e-05 0.0025241 0.219505 0.0033672 2.15861e-12 3.95644e-11 0.494094 3.66651e-06 0.000921215 0.000116763 0.249768 1.37398e-08 0.0010638 0.0113457 0.00291817 
6.00118e-08 0.00631848 9.27175e-08 0.000644438 1.07911e-07 7.05884e-09 0.000268704 8.75728e-07 2.48375e-07 1.2214e-05 2.60235e-11 0.146716 1.57973e-11 2.91433e-10 1.7911e-10 0.822335 3.69034e-10 8.30725e-11 1.8216e-07 8.98832e-05 1.03837e-06 0.0235859 5.93458e-07 2.60592e-05 
0.0780667 0.00484377 0.00150373 0.00011325 0.00478254 5.6989e-05 8.96679e-05 0.029075 0.000400003 0.00197066 0.0408458 0.18583 0.0133222 2.96156e-11 5.60177e-09 0.594856 0.014903 0.0123954 1.72505e-05 0.00862298 6.3114e-06 0.00444847 8.71336e-05 0.00376354 
0.00946367 0.00889391 0.00317685 0.000533533 0.0946215 0.00103051 0.000377217 0.0220325 0.000368707 0.000819731 0.0594978 0.0392463 0.0588402 1.04557e-06 3.76103e-07 0.653438 4.00823e-05 0.0087946 2.37592e-05 0.00100984 0.000403743 0.0014758 0.000269511 0.0356404 
0.00249373 0.00432507 0.00131243 0.00103691 0.000434308 7.71993e-06 5.08921e-05 0.00336717 6.25788e-06 0.000723642 0.0104424 0.100484 0.0639372 3.47997e-06 1.31879e-07 0.792912 0.00012633 0.0104839 3.32497e-06 0.000294522 2.95767e-05 0.00608084 0.00109048 0.000353856 
0.00122042 0.00582726 0.000647389 0.000456702 0.0150003 1.78651e-09 4.68656e-05 0.00944467 1.42579e-08 0.00119275 0.00503134 0.0650204 0.0825606 3.86238e-06 2.03495e-10 0.810169 5.23157e-06 0.00162711 7.77339e-08 1.41582e-05 0.000312625 0.00101558 0.000230843 0.0001726 
0.0220717 0.003752 0.0128307 0.00137874 0.0347242 4.65342e-05 0.000672952 0.0934982 0.00095571 0.00134406 0.0356735 0.309071 0.0194106 1.8879e-09 1.49678e-08 0.380065 0.0352295 0.00334208 0.0028404 0.00635215 1.27372e-08 0.0130566 0.00218059 0.021504 
0.000577197 0.220435 0.00113029 4.24847e-05 9.19253e-05 2.56304e-05 0.00013315 0.0128479 6.32324e-05 0.00431226 0.00554366 0.327137 0.00702002 1.38139e-10 1.24804e-07 0.366849 0.000105564 0.0368271 3.64988e-06 0.000581491 2.14857e-05 0.0153488 0.000710567 0.000192918 
0.00441077 0.00698417 0.00626987 0.00592459 0.0112775 1.5698e-05 0.00427368 0.0120503 0.000716761 0.00702297 0.0132633 0.140878 0.0233436 1.43957e-05 0.00014991 0.725268 0.000129881 0.00183108 0.00288167 0.000222649 0.000597016 0.0233423 0.00673137 0.00240037 
0.000730391 8.04733e-06 0.000615279 3.85165e-06 0.000129677 6.40758e-13 0.000417306 0.00888116 0.000839735 0.000278986 0.000411299 0.041744 0.000434386 3.66651e-12 2.99629e-09 0.941802 4.6428e-12 3.03194e-05 0.00013509 2.34303e-07 5.96936e-09 0.00200569 0.00149236 3.98656e-05 
0.00811497 0.00117717 0.00345051 0.0011273 0.000328748 2.84745e-05 7.20617e-05 0.00831219 3.08316e-12 0.0027313 0.00251642 0.0825323 0.0442285 6.1947e-12 0.000252792 0.772809 8.30608e-05 0.00231937 0.0077564 0.000237981 1.8022e-05 0.058813 0.00305388 3.68272e-05 
0.00138912 0.0581879 0.00201728 0.00140326 9.89428e-05 1.54188e-05 0.00115062 0.00794519 2.14059e-05 0.00227058 0.0039801 0.100336 0.0256283 8.23714e-12 1.32806e-06 0.782633 0.000127878 0.000524831 6.96037e-06 0.000179308 2.53604e-06 0.0115174 0.000153311 0.000409346 
4.22206e-05 1.20895e-05 0.0118316 0.000230856 0.00991403 1.78365e-05 0.00316247 0.00972387 0.00624733 0.00160586 0.105864 0.324368 0.00132459 8.17802e-09 7.2158e-07 0.495522 2.67856e-06 7.58347e-05 0.00242728 0.000197543 2.79955e-05 0.020151 9.05953e-05 0.0071594 
0.00291808 0.00452954 0.00365407 0.00596414 0.00197912 6.5367e-06 0.000256985 0.00707209 5.04543e-05 0.00361201 0.0189329 0.043935 0.0604439 4.89389e-12 1.38517e-06 0.834442 0.000161811 0.00217 0.000155273 0.000442528 7.65962e-05 0.00541204 0.000198451 0.0035854 
