0.0087376 0.000588137 0.0450422 0.00128659 0.0233711 0.000125269 0.000716093 0.027125 0.00282427 0.00261682 0.126604 0.0181368 0.107974 2.90756e-08 1.47017e-05 0.00298155 6.73996e-05 0.010948 0.485692 0.0067363 2.10925e-08 0.00295488 0.00112312 0.124333 
0.0207012 4.57391e-05 0.0679576 0.000873452 0.0746874 2.16456e-05 0.00712192 0.109382 0.00475201 0.0417305 0.0107041 0.0689882 0.0216132 3.03217e-09 3.60914e-06 0.00080339 0.00397608 0.000871982 0.535005 5.74891e-05 0.002538 0.00960838 0.000430849 0.018127 
0.00630465 0.00185333 0.00746454 0.00628091 0.000317064 1.51883e-06 0.00132709 0.00362557 6.11246e-06 0.000341087 0.135724 0.0600648 0.0466947 6.3981e-09 2.38458e-07 0.0144399 0.000169369 0.0012178 0.707238 7.00243e-06 9.1169e-06 0.00402058 0.000205334 0.002687 
0.00104954 0.000293426 0.00904302 0.017914 0.000122919 2.58934e-08 3.47632e-07 0.017808 1.04931e-09 9.05955e-07 0.292194 0.188558 0.0158971 2.10828e-09 1.29572e-09 0.00473756 1.44379e-05 0.00243568 0.372015 0.00274745 2.26833e-06 0.066373 0.00876854 2.48312e-05 
0.000124104 3.57705e-06 0.000327041 9.38495e-05 0.0298169 6.30509e-08 1.42935e-07 0.00744371 0.00251147 0.0188649 0.000669121 0.0112282 0.000145631 3.60786e-07 1.65857e-05 4.11546e-08 0.00254784 4.59113e-06 0.84116 2.14688e-06 0.00445216 0.0799894 0.000489266 0.000108786 
0.000410664 0.000147132 0.107249 3.18796e-06 0.0240133 1.05978e-05 0.0011509 0.0301616 0.00119753 0.0344429 0.000412465 0.0170952 0.00305438 6.27328e-05 1.2139e-06 0.000451537 0.000316934 0.000536287 0.766258 2.0899e-06 0.00307765 0.00385636 0.000247988 0.00584045 
0.241889 0.0949392 0.0104353 0.000497509 0.00572692 2.2388e-05 0.00139927 0.0185163 0.000486158 0.0255887 0.0408785 0.0261451 0.155869 2.10341e-07 1.3195e-05 0.00488313 9.63089e-05 0.00648553 0.251061 0.000101889 0.00151338 0.105316 0.000871248 0.00726493 
0.139577 0.00378107 0.0331431 0.000630052 0.155072 0.000531134 0.0380163 0.0476543 0.0422452 0.00398594 0.0316085 0.0417928 0.0206766 0.00132831 8.7393e-05 0.0020539 0.000418341 0.00387381 0.39062 0.000183884 0.0298565 0.00120369 0.000276016 0.0113831 
0.0012042 0.020974 0.0303449 3.55012e-07 0.0268349 2.77588e-05 8.97612e-06 0.00963986 0.00227315 0.00174186 0.0474789 0.110553 0.10904 1.12081e-09 6.88833e-10 0.0247711 0.000197978 0.0218149 0.572384 1.91288e-06 0.000258212 0.0146045 0.000341658 0.00550399 
0.0537941 0.000907654 0.0402316 0.000274465 0.0117942 0.000776547 0.00301734 0.0154879 0.0515012 0.000354976 0.018089 0.159043 0.0704209 8.64493e-11 5.39219e-07 0.00030713 1.38363e-05 0.0250912 0.311615 0.000733193 4.92024e-05 0.0793124 0.0278159 0.129368 
0.0243529 0.00132679 0.0340762 0.00160732 0.026993 0.000701458 0.0127508 0.189882 0.000474899 0.00968732 0.0530357 0.107141 0.0923473 4.19059e-05 4.29002e-05 0.00540548 0.000556354 0.00693575 0.332136 0.000308854 0.00282035 0.0587128 0.00912562 0.0295375 
0.0112542 0.00104863 0.00569002 0.00138302 0.000375805 1.94868e-06 0.000167267 0.00345535 4.32543e-10 0.000939497 0.047342 0.0482161 0.002761 8.69069e-10 5.34115e-10 0.000611572 0.000928296 0.00077845 0.801706 0.000104953 6.30455e-10 0.0707514 0.00192018 0.000564592 
0.000751346 8.58219e-05 0.000135043 0.0726589 0.00197656 0.0110366 0.0511944 0.000218912 7.66644e-05 1.83567e-05 0.0845892 0.0806123 0.00123194 4.33572e-11 1.08287e-05 0.00162314 2.52702e-05 8.39142e-05 0.646304 0.000248827 3.14529e-11 0.00367655 0.0371661 0.00627527 
4.41719e-11 1.91628e-07 9.4398e-08 2.84496e-10 0.00111047 0.00108835 1.92297e-10 0.000473649 8.10606e-05 0.000460314 0.000625903 4.56475e-07 0.000188032 4.8538e-10 8.78535e-08 2.39192e-06 6.14624e-10 0.00112788 0.987543 2.62568e-10 3.52113e-10 0.0067445 7.13399e-07 0.000552579 
0.00938368 0.00146733 0.156262 0.0455808 0.00569874 0.00017652 0.000660686 0.00550782 0.0010092 0.0821605 0.00854484 0.0207053 0.0173432 0.000279071 9.95936e-06 0.0141802 0.000205373 0.0012268 0.552464 2.27858e-05 0.00227531 0.0682509 0.00531091 0.00127402 
4.04244e-08 2.90381e-07 0.0205977 5.87368e-06 0.000188156 5.10472e-07 0.000754286 0.027891 2.21083e-07 0.00262807 1.99329e-06 0.000936892 1.42339e-05 2.42564e-06 9.49263e-07 5.06697e-08 5.6248e-07 0.000178014 0.927895 2.40292e-07 3.61629e-06 0.0116224 7.09518e-05 0.00720635 
0.00146127 0.00183379 0.0329055 1.03043e-10 0.00937205 2.56212e-09 4.76376e-07 0.0184574 0.000109643 0.0253572 0.000767425 0.104147 0.0155122 0.166111 8.99369e-08 3.04143e-06 3.47572e-07 0.0029433 0.294104 9.51011e-11 5.45433e-07 0.293732 0.0310178 0.00216345 
0.0992091 8.52862e-05 0.0137156 0.000362367 0.00395272 0.00140858 0.00933415 0.0200963 2.94972e-06 0.0623565 0.0071345 0.00385044 0.0266373 3.00397e-06 8.79971e-06 0.00922607 0.000253391 0.00577236 0.722251 0.000507276 0.00128263 0.0065744 0.000181331 0.00579368 
0.0421125 0.000157196 0.011226 0.0515955 0.0266322 0.000318747 0.0267638 0.0640564 0.0164684 0.285458 0.0214284 0.0392275 0.037024 8.93291e-07 4.03791e-06 0.000185015 4.02509e-05 0.00357891 0.291323 1.35891e-05 0.00103098 0.0439979 0.00178061 0.0355764 
3.47816e-05 0.000225614 0.138806 1.96574e-05 0.00254528 1.00418e-05 0.0208981 0.182893 2.60766e-07 0.0052574 4.67845e-08 0.219646 1.35282e-05 5.23934e-07 0.000648981 0.000202044 6.63443e-07 0.000419577 0.326583 0.00014668 3.80081e-07 0.010858 0.0730851 0.0177051 
0.0786265 0.000215384 0.0623221 0.011475 0.0623912 8.87997e-05 0.00588503 0.0820335 0.000310649 0.0487141 0.012604 0.0357383 0.137065 1.94517e-09 7.36436e-07 0.000106846 0.00179547 0.0237147 0.387186 0.000156692 0.0143141 0.0219165 0.0060588 0.00728124 
0.0638555 0.00036089 0.0636782 0.000267837 0.12846 0.000443313 0.0710607 0.0581358 0.0363655 0.00951849 0.011948 0.0493069 0.019432 0.00526534 0.00125809 0.00101287 0.000136159 0.014616 0.440131 0.000247181 0.0119605 0.0036056 0.00125943 0.0076751 
0.000751346 8.58219e-05 0.000135043 0.0726589 0.00197656 0.0110366 0.0511944 0.000218912 7.66644e-05 1.83567e-05 0.0845892 0.0806123 0.00123194 4.33572e-11 1.08287e-05 0.00162314 2.52702e-05 8.39142e-05 0.646304 0.000248827 3.14529e-11 0.00367655 0.0371661 0.00627527 
0.0511884 0.000569808 0.0122844 2.4896e-05 0.0351486 0.0108394 0.00296442 0.0189485 0.00181576 0.0246374 0.0115355 0.0401482 0.00184758 1.81448e-07 4.36308e-05 0.00859939 2.37357e-05 0.00991311 0.740184 3.5684e-05 9.50003e-05 0.00803312 0.000457374 0.0206622 
0.00541503 0.000173758 0.00230871 3.66782e-07 0.00140131 3.26976e-06 3.19933e-05 0.00716552 0.00066712 0.00048363 0.0359881 0.0730516 0.00422135 7.79445e-06 2.86853e-08 0.000283037 2.01697e-05 0.000133653 0.833503 0.000158149 3.37002e-11 0.0345296 6.72033e-07 0.000451613 
0.0835241 0.00357769 0.0299835 0.0014573 0.00470694 1.22271e-05 0.01854 0.0460128 7.19901e-05 0.0141898 0.0314669 0.0616362 0.140434 1.2979e-09 7.08095e-08 0.00126341 0.000580825 0.0026582 0.468229 0.000241358 0.000359115 0.0860651 0.000516216 0.00447407 
0.000886319 3.00838e-07 0.00309054 0.000289105 0.00407732 7.32868e-11 0.00118301 0.0190999 7.45505e-05 2.39556e-06 0.0292359 0.241678 0.00978138 4.19357e-10 3.8353e-09 0.000414234 5.31021e-10 0.000182678 0.674886 2.53652e-06 2.30569e-05 0.0107143 0.00430882 6.86814e-05 
0.102342 0.00049393 0.0121963 0.000445182 0.104073 0.00396209 0.000537864 0.0429505 2.46354e-05 0.000242085 0.1078 0.104342 0.0264395 3.06244e-07 6.79931e-05 0.000774669 0.000218416 0.0089608 0.25637 0.00119566 9.50443e-05 0.183009 0.00142557 0.0420338 
0.0189504 0.00148373 0.0156521 0.00062729 0.0255914 1.5635e-05 0.000284563 0.0303751 7.76159e-05 0.0120353 0.175004 0.0367316 0.0535931 7.33189e-07 0.0016523 0.00865846 0.000417432 0.000592475 0.494771 0.000914956 0.000239822 0.114671 0.00141984 0.00623945 
0.0495245 0.0024395 0.05398 0.0183611 0.0105546 9.263e-05 0.000880209 0.0867023 0.000948571 0.0188489 0.0599989 0.117554 0.0504999 7.731e-08 3.66175e-06 0.0142425 0.00038862 0.0397021 0.231566 0.000273257 0.000943528 0.209177 0.0301316 0.00318757 
0.0561483 5.92719e-05 0.00245153 0.00155411 0.0311481 0.000769847 6.00289e-05 0.0474292 0.0689843 0.00593305 0.0117697 0.0454408 0.0229281 2.01782e-07 0.144362 0.0153398 0.00490688 0.00177567 0.398441 0.000269658 0.00021416 0.11626 0.0232126 0.000542532 
0.00501342 3.46833e-05 0.00844608 0.00346174 0.00818058 0.000130653 0.000386982 0.0662188 0.00153211 0.00295253 0.028329 0.165986 0.0141248 0.000190228 6.04013e-08 0.00189834 0.000748071 0.00242186 0.601485 3.04027e-10 0.000322921 0.0524236 0.0221896 0.0135237 
0.0116458 9.37844e-05 0.0731647 6.71656e-07 0.0491428 5.35175e-05 2.77666e-12 0.127291 0.000528045 2.10832e-07 0.214643 0.0269713 0.0621572 7.00863e-12 4.30739e-12 9.08591e-05 2.48585e-08 0.000554807 0.399153 1.70649e-08 0.00049827 0.0340104 2.23919e-08 5.56851e-08 
1.4265e-07 0.00314261 0.00167426 0.000434024 0.000403369 3.86382e-09 3.83675e-08 0.00148282 6.32803e-09 1.36929e-07 0.0106755 0.0517989 0.00564934 2.14261e-11 1.31681e-11 0.0109206 0.000164814 0.000551078 0.890702 4.29991e-06 1.55433e-11 0.0195877 0.000325861 0.00248208 
0.00845359 7.38506e-07 0.0738955 0.00140485 0.0179864 3.28221e-07 0.00279966 0.188119 0.0270309 0.00368905 0.00474026 0.0942239 0.0215273 6.16139e-09 0.000456586 4.31019e-05 0.00532801 0.0053525 0.33212 0.000145754 0.00185501 0.208157 0.00188938 0.00078093 
0.0147915 0.00206683 0.0365216 0.00599618 0.0129946 0.00012912 0.0388293 0.103198 0.00360537 0.0626842 0.0171247 0.0827822 0.0580595 0.000157111 2.97342e-05 0.00508558 0.000260704 0.00958461 0.329564 7.7486e-05 0.00242537 0.197638 0.00652873 0.00986607 
0.00300666 3.4366e-07 0.00192594 0.000588872 0.000246238 1.65576e-06 5.84922e-07 0.00282705 1.43344e-10 0.000267444 0.011818 0.00369904 0.00460825 2.88008e-10 1.77005e-10 0.00163145 9.86274e-07 0.0249443 0.940238 7.52619e-06 2.08932e-10 0.00290182 0.000246226 0.00103927 
0.15926 0.000246833 0.0938333 0.000591302 0.0265315 0.0602181 0.00154194 0.126378 0.000305239 0.0200407 0.0165614 0.100035 0.121239 5.3427e-12 2.15143e-05 0.00106596 1.15287e-05 0.000134073 0.236349 0.000779315 0.00214082 0.0286858 0.000393632 0.00363529 
0.0452329 5.85894e-05 0.0179448 0.0036737 0.00116857 3.82078e-05 0.00136733 0.00985619 0.000116567 0.00482007 0.00711952 0.00470302 0.096817 0.000236725 0.000779595 0.00663708 7.75904e-05 0.00217967 0.741708 1.83683e-05 9.67959e-05 0.052463 0.000944378 0.00194205 
0.0208498 0.00333302 0.014641 0.00121251 0.0399643 0.0002089 0.00528452 0.0809868 0.00620606 0.00362461 0.110036 0.154894 0.079151 0.00117017 0.000349202 0.0483203 0.00073543 0.00559103 0.349275 0.0120062 0.00310777 0.0364554 0.00383234 0.0187638 
0.00144413 0.000909537 0.00123349 0.00148872 0.000165745 1.19787e-05 0.000178052 0.0013805 0.000163125 1.31718e-05 0.102462 0.035434 0.0040013 8.85769e-08 1.34436e-06 0.00978221 2.14482e-05 0.000122361 0.761556 2.63612e-05 3.33498e-06 0.0700701 0.00116502 0.00836627 
0.129477 0.0362237 0.0577778 0.0028216 0.0185793 0.00614822 9.69353e-05 0.0197983 0.000405148 0.00599764 0.0519823 0.0126883 0.0939252 2.57701e-11 8.07947e-05 0.00331769 0.000283089 0.0254415 0.268553 0.000981518 0.000526095 0.0550368 0.000452943 0.209404 
0.0228171 0.00834766 0.0508696 0.00442955 0.0486029 1.58629e-05 0.00422549 0.0999673 0.000459751 0.0193222 0.22684 0.0315045 0.0783991 7.16234e-07 2.42837e-07 0.00766613 0.000133528 0.0620175 0.258532 6.38793e-06 0.00310792 0.0429345 0.000486196 0.0293137 
3.66488e-05 1.49623e-05 0.0593722 0.000958242 0.0102335 3.11039e-05 0.000133768 0.00928331 0.000122969 0.0106095 0.00387216 0.00827299 0.0195453 0.000325241 2.43675e-06 6.08121e-05 1.46689e-05 0.00060563 0.788823 5.87956e-06 2.59054e-05 0.087232 0.000223309 0.000195005 
0.0537941 0.000907654 0.0402316 0.000274465 0.0117942 0.000776547 0.00301734 0.0154879 0.0515012 0.000354976 0.018089 0.159043 0.0704209 8.64493e-11 5.39219e-07 0.00030713 1.38363e-05 0.0250912 0.311615 0.000733193 4.92024e-05 0.0793124 0.0278159 0.129368 
0.228512 1.59476e-05 0.00934104 6.08954e-05 0.0344425 1.89052e-06 0.00653512 0.0374538 0.0280873 0.0752505 0.0017713 0.166092 0.0132443 1.00463e-06 6.08673e-06 9.38665e-06 7.17603e-05 0.00108654 0.284068 3.31514e-06 3.95288e-05 0.0974206 0.0164304 5.60152e-05 
7.74015e-05 7.73266e-05 7.73956e-05 7.73358e-05 0.0387764 7.73901e-05 0.154799 7.74022e-05 7.73475e-05 7.73793e-05 7.74015e-05 7.74068e-05 7.74064e-05 7.72806e-05 7.73317e-05 7.73982e-05 7.72453e-05 7.73754e-05 0.448755 7.73415e-05 7.73171e-05 0.356122 7.73689e-05 7.73891e-05 
0.0537941 0.000907654 0.0402316 0.000274465 0.0117942 0.000776547 0.00301734 0.0154879 0.0515012 0.000354976 0.018089 0.159043 0.0704209 8.64493e-11 5.39219e-07 0.00030713 1.38363e-05 0.0250912 0.311615 0.000733193 4.92024e-05 0.0793124 0.0278159 0.129368 
0.110695 0.000564641 0.238438 0.000921722 0.0283414 9.29501e-08 1.64372e-07 0.139582 5.39952e-07 0.121761 0.0430457 0.00925212 0.0329279 1.43008e-10 6.62374e-09 4.07832e-05 1.34844e-07 3.3804e-07 0.246938 6.27138e-07 0.000683307 0.026805 6.50898e-07 7.39092e-07 
0.182229 0.000285342 0.00327908 0.000156694 0.00504805 2.39473e-05 0.000557801 0.0573019 2.15085e-05 0.00784267 0.00983927 0.074361 0.186557 0.00059199 0.000885275 6.17595e-05 9.46112e-05 0.000367896 0.264617 5.42987e-05 9.66854e-06 0.200697 0.0047598 0.000357763 
0.0288974 0.000265072 0.0659467 0.00670248 0.00663561 1.57281e-06 0.0012365 0.0170396 3.06795e-05 0.00546743 0.018912 0.0689718 0.0493299 0.000378389 1.15721e-06 0.00103713 0.000832422 0.189193 0.463841 0.000294849 0.000116911 0.0635126 0.0103481 0.00100859 
0.0992091 8.52862e-05 0.0137156 0.000362367 0.00395272 0.00140858 0.00933415 0.0200963 2.94972e-06 0.0623565 0.0071345 0.00385044 0.0266373 3.00397e-06 8.79971e-06 0.00922607 0.000253391 0.00577236 0.722251 0.000507276 0.00128263 0.0065744 0.000181331 0.00579368 
0.0537941 0.000907654 0.0402316 0.000274465 0.0117942 0.000776547 0.00301734 0.0154879 0.0515012 0.000354976 0.018089 0.159043 0.0704209 8.64493e-11 5.39219e-07 0.00030713 1.38363e-05 0.0250912 0.311615 0.000733193 4.92024e-05 0.0793124 0.0278159 0.129368 
0.00374768 0.00445511 0.00189426 0.000613378 0.000124763 9.39525e-07 5.52017e-05 0.00228679 7.23954e-08 0.000311724 0.018641 0.0376481 0.00335072 2.68635e-10 2.07568e-08 0.000202738 0.000306242 0.00083517 0.874691 3.2567e-05 1.94878e-10 0.0402623 0.0104397 0.000100563 
0.000501798 3.48317e-08 0.00738124 8.98788e-05 0.000155492 3.4127e-06 0.00518425 0.00938374 4.11255e-07 0.00435116 0.001769 0.0040288 0.00193734 0.00231489 6.56693e-07 6.00183e-06 2.64989e-06 0.00194842 0.95194 0.000115268 1.47916e-05 0.00875942 8.20519e-05 2.92975e-05 
0.0256608 3.39672e-08 0.113439 6.02512e-05 0.00553638 1.01414e-08 0.0036344 0.0995988 4.63438e-06 0.0072952 0.142921 0.00750424 0.204572 2.93861e-06 7.77919e-06 0.00245996 0.000331117 0.00337251 0.335911 3.96105e-08 9.47141e-05 0.0461903 0.00100978 0.000393336 
0.00300666 3.4366e-07 0.00192594 0.000588872 0.000246238 1.65576e-06 5.84922e-07 0.00282705 1.43344e-10 0.000267444 0.011818 0.00369904 0.00460825 2.88008e-10 1.77005e-10 0.00163145 9.86274e-07 0.0249443 0.940238 7.52619e-06 2.08932e-10 0.00290182 0.000246226 0.00103927 
4.41719e-11 1.91628e-07 9.4398e-08 2.84496e-10 0.00111047 0.00108835 1.92297e-10 0.000473649 8.10606e-05 0.000460314 0.000625903 4.56475e-07 0.000188032 4.8538e-10 8.78535e-08 2.39192e-06 6.14624e-10 0.00112788 0.987543 2.62568e-10 3.52113e-10 0.0067445 7.13399e-07 0.000552579 
0.0065704 0.000401858 0.0053915 0.000212173 0.000448878 7.46981e-06 2.09382e-05 0.00759393 7.89063e-06 0.000840962 0.00696839 0.209209 0.0168839 1.01166e-09 7.87933e-05 0.044029 0.000125966 0.000800275 0.643685 0.000402532 2.90791e-06 0.0515602 0.00300797 0.00174985 
0.00834183 0.000126101 0.0707732 0.00487709 0.00606799 0.000106319 3.15615e-05 0.0761818 1.39611e-06 0.00200551 0.114356 0.000751218 0.208184 1.91602e-09 1.17755e-09 1.81385e-05 4.74197e-05 0.00119589 0.467327 6.02291e-05 1.41905e-05 0.0237818 0.000200459 0.0155497 
0.0648262 0.0295801 0.0866217 0.00127819 0.173771 8.2213e-06 0.0724175 0.0607077 0.00012053 0.00449145 0.040206 0.0907481 0.00860585 0.0143809 1.44716e-05 0.0014403 5.29294e-07 0.0123635 0.238573 0.000116163 0.0879302 0.00618689 0.000109251 0.00550172 
0.00567698 1.93725e-07 0.00280956 6.35248e-06 0.0359433 5.0842e-07 0.000377213 0.00503692 0.0295857 0.00287293 3.44611e-05 0.0256879 1.3315e-05 9.27045e-07 2.60251e-05 0.000104856 2.98109e-05 1.86384e-05 0.798553 0.000993046 7.32382e-05 0.0910961 9.96518e-08 0.00105895 
0.0186924 0.000136471 0.0155078 0.00155245 0.0422994 2.76204e-06 0.00155333 0.309703 0.0591209 2.77371e-05 0.0216729 0.0199807 0.0601363 0.00180862 1.25332e-06 5.90799e-05 6.51074e-05 0.000503912 0.424926 3.83962e-05 0.000849396 0.0205226 0.000224618 0.000614602 
0.218099 5.56722e-12 0.0132396 5.84071e-08 0.0219792 9.07122e-06 0.00116114 0.0306584 0.00765962 0.0359401 0.015493 0.0169699 0.0689858 5.96992e-09 2.87921e-08 0.00911618 0.00208706 8.27823e-08 0.546024 0.00061614 5.62264e-08 0.00896529 2.83543e-08 0.00299689 
0.110765 0.0416542 0.00726308 0.000541803 0.0153332 0.000196439 0.00144876 0.0134319 0.00402593 0.0113233 0.0495171 0.0258191 0.0750599 1.16549e-05 6.58195e-05 0.00671272 0.000163026 0.00324215 0.519718 0.00112286 0.000395335 0.0849924 0.00341818 0.0237784 
0.0207012 4.57391e-05 0.0679576 0.000873452 0.0746874 2.16456e-05 0.00712192 0.109382 0.00475201 0.0417305 0.0107041 0.0689882 0.0216132 3.03217e-09 3.60914e-06 0.00080339 0.00397608 0.000871982 0.535005 5.74891e-05 0.002538 0.00960838 0.000430849 0.018127 
0.206666 0.000393112 0.0419649 0.00233746 0.19214 0.000130485 0.0106498 0.067808 0.0534689 0.0020798 0.0662762 0.0314195 0.0189257 0.00028353 0.000111203 0.00800633 0.000400497 0.00197141 0.22244 0.000200007 0.02979 0.00268294 0.000378653 0.0394758 
0.120963 0.000174456 0.0917189 0.00165369 0.0433292 9.82177e-05 0.0048934 0.0912922 0.000266453 0.0195438 0.0546103 0.0339114 0.0132549 1.06061e-05 0.00202289 0.00572159 0.00108948 0.0145555 0.413763 0.000772477 0.000200563 0.0785806 0.00613061 0.0014424 
0.0138598 0.000162935 0.00625937 1.86622e-05 0.00814882 7.0681e-06 0.00101679 0.0983174 0.00339048 0.000997258 0.0390841 0.0652964 0.0170254 1.01747e-05 3.11964e-06 0.00185888 2.92812e-05 8.66023e-05 0.713336 9.31227e-05 0.00031913 0.0200237 0.000784903 0.00987009 
0.0256608 3.39672e-08 0.113439 6.02512e-05 0.00553638 1.01414e-08 0.0036344 0.0995988 4.63438e-06 0.0072952 0.142921 0.00750424 0.204572 2.93861e-06 7.77919e-06 0.00245996 0.000331117 0.00337251 0.335911 3.96105e-08 9.47141e-05 0.0461903 0.00100978 0.000393336 
0.0128245 0.00259173 0.0875027 0.0001699 0.185407 1.11101e-05 0.00238824 0.0600999 0.0470062 0.00116935 0.0234495 0.139978 0.0118874 4.10999e-08 1.11463e-05 0.0163274 4.58168e-05 0.0101696 0.356216 0.0015196 0.0208438 0.0188053 0.000196023 0.00137885 
0.0138948 1.49668e-05 0.0011101 0.000985697 0.00999093 0.000601241 8.06078e-10 0.0482559 6.25362e-06 3.70057e-07 0.162329 0.0142515 0.138665 2.03464e-09 1.37236e-08 0.0181981 2.57641e-09 0.113277 0.263008 1.49323e-05 1.476e-09 0.013355 1.14723e-06 0.20204 
0.0661502 0.000244501 0.0193087 0.000629679 0.0816825 2.27291e-05 0.0500018 0.0218022 0.0473664 0.00515845 0.0183392 0.0374455 0.00539109 8.15884e-08 6.65279e-05 0.00116226 7.75389e-05 0.00279663 0.622541 8.94993e-05 0.0125728 0.000971397 0.000188048 0.00599165 
0.00424559 0.000182663 0.0686084 0.000495812 0.011569 1.68219e-06 9.49964e-05 0.13999 0.000122173 0.000962892 0.0393692 0.167043 0.00601502 5.37339e-09 3.3024e-09 5.55335e-07 0.00014556 0.00224055 0.547701 2.57639e-06 1.08941e-05 0.0103904 3.37904e-06 0.000803919 
0.267962 1.90033e-07 0.036687 0.00020372 0.0203556 4.54763e-07 7.99676e-05 0.00417175 0.000900303 0.111246 0.0154707 0.0323878 1.44966e-05 9.375e-06 2.46306e-07 2.82254e-06 1.25085e-06 4.13555e-05 0.449783 0.000580812 1.33911e-05 0.0574497 9.77525e-08 0.00263854 
0.00300666 3.4366e-07 0.00192594 0.000588872 0.000246238 1.65576e-06 5.84922e-07 0.00282705 1.43344e-10 0.000267444 0.011818 0.00369904 0.00460825 2.88008e-10 1.77005e-10 0.00163145 9.86274e-07 0.0249443 0.940238 7.52619e-06 2.08932e-10 0.00290182 0.000246226 0.00103927 
0.0645171 0.000402459 0.0684892 0.00518156 0.0611573 0.000305391 0.00185509 0.043202 0.0145179 0.0450254 0.0757473 0.0269099 0.0198739 5.4205e-08 0.0611428 0.00282229 0.00417428 0.000203403 0.29479 2.48677e-05 0.0277109 0.163543 0.000117153 0.018287 
0.00518845 0.00120742 0.010803 0.00647708 0.000642179 1.52715e-06 0.0020643 0.0135269 0.00448167 0.347189 4.4846e-06 0.0772427 0.0102656 1.89801e-08 6.02805e-07 0.00244709 1.14304e-06 1.00837e-05 0.501626 2.64425e-05 0.000603862 0.0120489 0.00406364 7.80285e-05 
0.00321653 4.57925e-08 0.0435333 0.000234499 0.00242566 9.32973e-08 0.0312248 0.00734505 2.63963e-05 0.00619518 0.00525686 0.0118131 0.000348833 0.000198334 2.28174e-06 0.000206376 8.87021e-08 0.000603888 0.865651 2.83747e-05 0.000165239 0.011658 0.00949074 0.000375083 
4.41719e-11 1.91628e-07 9.4398e-08 2.84496e-10 0.00111047 0.00108835 1.92297e-10 0.000473649 8.10606e-05 0.000460314 0.000625903 4.56475e-07 0.000188032 4.8538e-10 8.78535e-08 2.39192e-06 6.14624e-10 0.00112788 0.987543 2.62568e-10 3.52113e-10 0.0067445 7.13399e-07 0.000552579 
0.0778697 0.000407057 0.0143731 0.000713241 0.0261521 5.32908e-05 0.00142896 0.0697673 0.00507659 0.00179625 0.115709 0.0240892 0.213236 0.000298787 2.25643e-05 0.0139407 0.000229395 0.0023312 0.401372 8.10018e-05 0.000217903 0.0115091 0.00197686 0.0173482 
0.000751346 8.58219e-05 0.000135043 0.0726589 0.00197656 0.0110366 0.0511944 0.000218912 7.66644e-05 1.83567e-05 0.0845892 0.0806123 0.00123194 4.33572e-11 1.08287e-05 0.00162314 2.52702e-05 8.39142e-05 0.646304 0.000248827 3.14529e-11 0.00367655 0.0371661 0.00627527 
0.0624066 0.00034378 0.0251996 0.0385425 0.0338044 4.25225e-05 0.00233945 0.0249642 0.0223503 0.0514812 0.0161879 0.128942 0.13364 7.64645e-07 0.000224569 0.00310842 0.000250923 0.0015692 0.300857 0.00279519 0.000281344 0.128372 0.00489356 0.017402 
0.00611061 4.58193e-05 0.0107001 0.000322612 0.015376 5.24102e-07 0.153508 0.154882 0.00616868 0.00370346 0.0566444 0.171019 0.0220603 6.06258e-06 4.91736e-08 0.00814173 0.000917707 0.00431269 0.358992 6.35231e-05 0.00294758 0.0143463 0.00874709 0.000984428 
0.136502 0.000350814 0.0180758 0.00140844 0.132316 0.000102834 0.0256654 0.0461251 0.0709697 0.00307454 0.0352899 0.034936 0.00989192 2.24524e-06 7.86508e-05 0.000829685 0.000197659 0.0014 0.428341 0.000168005 0.0250634 0.0013233 0.000298578 0.027589 
0.0144202 0.000117212 0.0687633 0.00295224 0.00663895 2.41863e-06 0.00192647 0.0159401 4.78441e-05 0.00421049 0.0534644 0.19123 0.0209181 1.0255e-08 2.00916e-08 0.0121751 0.000389707 0.000887324 0.531882 0.000137399 3.84616e-06 0.0518546 0.0209629 0.00107483 
0.000297119 0.000520098 0.00309532 2.45306e-07 9.61247e-05 0.000497428 1.65808e-07 0.000291261 2.08301e-07 0.000676284 0.000478393 0.000340603 0.000245032 4.18519e-07 2.57215e-07 4.77402e-08 5.2996e-07 1.19298e-07 0.986008 0.00172087 0.000759328 0.000300001 0.0008727 0.00379917 
4.41719e-11 1.91628e-07 9.4398e-08 2.84496e-10 0.00111047 0.00108835 1.92297e-10 0.000473649 8.10606e-05 0.000460314 0.000625903 4.56475e-07 0.000188032 4.8538e-10 8.78535e-08 2.39192e-06 6.14624e-10 0.00112788 0.987543 2.62568e-10 3.52113e-10 0.0067445 7.13399e-07 0.000552579 
5.03669e-07 8.90761e-05 9.25286e-07 6.99151e-07 7.87691e-07 5.63693e-08 9.9695e-08 0.00223125 3.27379e-07 5.06615e-05 0.00887426 0.00595909 0.000264962 5.56775e-08 4.10196e-09 5.15003e-08 8.19188e-08 4.82748e-05 0.973414 3.80235e-07 5.96423e-07 0.00807188 0.000564302 0.000427222 
2.53153e-06 0.0238397 3.21331e-06 4.61194e-07 0.0160224 4.24857e-07 0.0171183 0.0284144 4.31786e-07 0.0197907 0.00587263 0.227258 0.0946309 3.36246e-11 2.06651e-11 0.00152528 0.000382187 0.0933739 0.346072 4.7658e-07 5.34221e-07 0.115973 3.12083e-07 0.00971772 
0.00115251 6.62628e-05 0.00063016 4.05278e-05 0.000406922 6.14107e-07 0.000112962 0.0113665 0.0167159 0.000289419 0.0219341 0.00435969 0.00329222 3.514e-06 6.08299e-05 3.19801e-05 4.52476e-05 0.000583333 0.866297 0.00012003 2.54919e-06 0.0609525 3.41179e-05 0.0115015 
0.00111618 0.00089322 0.0165704 0.00185261 0.0126876 3.53278e-05 0.000170216 0.00877254 0.000161306 0.00107201 0.163748 0.0603711 0.0170255 6.24132e-09 6.27427e-07 0.00975139 0.00358286 0.000136888 0.646334 1.91877e-05 1.25786e-05 0.0457096 0.00168475 0.00829186 
4.41719e-11 1.91628e-07 9.4398e-08 2.84496e-10 0.00111047 0.00108835 1.92297e-10 0.000473649 8.10606e-05 0.000460314 0.000625903 4.56475e-07 0.000188032 4.8538e-10 8.78535e-08 2.39192e-06 6.14624e-10 0.00112788 0.987543 2.62568e-10 3.52113e-10 0.0067445 7.13399e-07 0.000552579 
0.0314803 0.000699863 0.00945521 0.00221203 0.00488195 7.48168e-06 0.00575889 0.0247025 0.0576941 0.000323046 0.0994113 0.0163385 0.0419183 1.54737e-09 3.91132e-05 0.00530393 8.69273e-05 0.0929902 0.483587 2.83703e-05 3.27988e-07 0.115583 0.000357477 0.00714049 
0.000610585 0.0559461 0.0444027 0.000597508 0.0154302 1.47124e-05 0.00494738 0.0372075 0.00646606 0.00769653 0.0378536 0.0139716 0.0237725 0.000705641 1.51614e-06 0.000576535 2.89008e-05 0.000768883 0.621219 0.000346959 1.21039e-05 0.126824 0.000111014 0.000489226 
0.00338946 0.00644484 0.0168683 0.000489449 0.016124 0.0105081 0.000136137 0.0506526 0.000293205 0.000247993 0.0429701 0.062803 0.0117351 2.16525e-06 4.44363e-05 0.000519127 0.000440384 0.0246712 0.619634 0.00548695 0.000137476 0.0342463 0.0287896 0.0633663 
0.032817 0.00192447 0.0716016 0.00594442 0.113615 0.0294105 0.0466319 0.0544125 0.0139669 0.00343434 0.117787 0.0385384 0.0773069 9.29722e-09 0.00925166 0.0161824 3.69974e-05 0.00974765 0.230092 0.000241145 0.00903959 0.078584 0.00112314 0.0383108 
0.212491 0.000985169 0.0831758 9.48463e-05 0.00772705 0.000112579 0.000441216 0.015484 0.000842573 0.0012242 0.0362863 0.0153256 0.0463511 1.62485e-05 0.00198634 0.000227388 0.00992164 0.10992 0.370311 0.000487049 5.66497e-05 0.080026 0.00106818 0.00543822 
0.0128629 0.00216564 0.020357 0.00776943 0.0144635 3.40022e-05 0.00122195 0.0535489 0.00133288 0.00254844 0.0104714 0.308173 0.0128463 0.000200058 0.000107348 0.0299334 0.000994696 0.00794791 0.442456 3.68771e-06 0.000534579 0.063512 0.00219768 0.00431716 
4.41719e-11 1.91628e-07 9.4398e-08 2.84496e-10 0.00111047 0.00108835 1.92297e-10 0.000473649 8.10606e-05 0.000460314 0.000625903 4.56475e-07 0.000188032 4.8538e-10 8.78535e-08 2.39192e-06 6.14624e-10 0.00112788 0.987543 2.62568e-10 3.52113e-10 0.0067445 7.13399e-07 0.000552579 
0.0128248 0.0238217 0.00805882 0.00138796 0.023676 2.76237e-05 0.00243572 0.0396046 0.00050924 0.00112083 0.155662 0.141582 0.116995 3.49029e-09 0.00132278 0.0287826 2.46889e-05 0.0075883 0.312914 0.000196141 0.000104201 0.0789441 0.0348508 0.00756533 
0.078946 0.0014717 0.022237 1.53739e-07 0.00324059 4.5408e-06 1.68362e-10 0.0479004 2.1151e-10 0.209672 0.0115857 0.0191817 0.0142415 2.03833e-07 2.05113e-06 0.00023827 2.31608e-05 0.000887959 0.478854 1.99133e-08 0.000336887 0.108183 0.000854384 0.00213855 
0.00172806 0.00636322 0.0304553 0.00125927 0.00158184 4.10873e-06 0.00115353 0.0108242 0.000103207 0.005076 0.0117473 0.0848607 0.0156485 2.6256e-08 2.49291e-07 0.0156086 0.000138726 0.00177363 0.757852 2.7127e-06 0.000972918 0.0453566 0.00694769 0.000541281 
0.128681 0.000206237 0.011184 0.000230997 0.00516539 4.44788e-05 0.00249141 0.0242415 0.0915671 0.00375918 0.0169797 0.0201278 0.208461 8.87882e-05 6.14797e-05 0.00563965 0.000190375 0.0101448 0.345417 5.51595e-05 0.00297082 0.0686612 0.0456829 0.0079482 
0.0163223 1.34271e-05 0.0883769 0.00344145 0.0234579 2.50128e-05 0.0153276 0.0293318 6.86406e-05 0.0457472 0.0074038 0.0913632 0.00628862 3.48007e-06 2.52872e-07 0.0162331 3.43559e-05 0.00169392 0.393457 5.81912e-07 0.184207 0.0645902 0.0126055 7.18559e-06 
1.47356e-07 0.000437407 0.000475545 0.000416626 1.17721e-08 3.99049e-09 3.30234e-08 8.65052e-05 8.70376e-12 1.41446e-07 0.0113572 0.003065 0.000442712 1.74877e-11 6.34203e-10 1.94185e-07 1.94764e-05 0.000248958 0.980715 9.37298e-09 1.26862e-11 0.00269805 6.50903e-08 3.67316e-05 
0.0149167 0.00224193 0.0207337 0.00235563 0.0432748 0.000147079 0.00284238 0.0521073 0.010238 0.0042646 0.203607 0.0868615 0.0903597 3.92611e-06 0.00151761 0.0234269 0.000975826 0.00306185 0.349794 0.00114567 0.00105081 0.060652 0.00787038 0.0165504 
0.0146286 0.000963553 0.00853391 0.00792764 0.00484263 1.94557e-05 0.00418914 0.015558 0.000618286 0.00268931 0.0903354 0.200181 0.0183736 3.04749e-10 4.72687e-06 0.0275842 0.00224869 0.00290896 0.450638 0.000508449 0.000237104 0.121328 0.0143418 0.0113399 
0.0190191 7.00535e-05 0.22423 4.49061e-05 0.00736427 1.90882e-06 0.00257599 0.0919541 3.38847e-06 0.0970372 0.0670359 0.00682042 0.0228456 0.00660171 7.57515e-07 0.000756813 1.39736e-05 0.0493501 0.293595 1.15728e-07 0.00231053 0.0978995 0.00919952 0.00126926 
0.0252349 0.0638956 0.00771489 0.000506788 0.132356 9.0271e-06 0.0018518 0.19108 0.00327279 0.011167 0.0283161 0.0905661 0.0926371 7.28038e-05 4.06091e-06 0.000123385 3.61519e-05 0.00014829 0.322784 7.48655e-05 6.8547e-05 0.0185497 0.00370002 0.00583046 
0.00301136 9.58265e-05 0.0581671 0.00226879 0.0286141 0.000212862 0.00273404 0.0336684 0.00576598 0.000368158 0.0920278 0.250114 0.00831127 8.30274e-09 0.00146149 0.000780364 0.00294099 0.000456523 0.488175 7.55194e-07 0.000890619 0.017746 0.000229057 0.00196032 
0.0281055 0.000994424 0.0333844 0.000638957 0.0192286 6.90311e-07 0.00287477 0.158923 0.000318751 0.00188239 0.104478 0.106871 0.0483121 2.21912e-09 4.80571e-07 0.00677707 0.000486512 0.0576959 0.296999 0.0676891 4.29724e-05 0.0224434 0.00525028 0.0366036 
0.0217587 0.00316156 0.0270246 0.0101181 0.256887 0.00110809 0.00940739 0.051116 0.0104321 0.00265714 0.0451552 0.0544821 0.117799 5.55812e-06 4.96899e-06 0.0347065 0.00403653 0.000625537 0.276976 0.0013875 0.000869881 0.0379025 0.00635208 0.0260253 
0.0310091 0.00358364 0.0314907 0.0147793 0.0119011 0.000256317 0.00413499 0.0381071 0.0153815 0.00401375 0.0616867 0.100743 0.0998752 2.9491e-07 4.40242e-06 0.00471834 0.000614427 0.0361218 0.288703 0.00035359 0.000229262 0.0987616 0.0270822 0.126449 
0.0270073 6.62733e-08 1.16233e-06 6.70379e-06 0.000790077 1.1813e-08 1.02959e-11 0.00716219 2.18606e-07 0.00665815 2.3206e-12 0.0609515 1.6603e-06 2.59881e-11 1.59719e-11 0.0369955 2.96502e-08 7.40787e-12 0.813727 0.000512659 5.88227e-07 0.0149092 0.031276 1.37699e-08 
0.0100282 7.29683e-07 0.00785835 5.02731e-06 0.102478 1.36436e-07 0.00290008 0.0609773 0.0408425 0.000218202 0.0580809 0.264738 8.0182e-06 1.17345e-09 1.75539e-07 0.069515 8.22721e-07 0.000832698 0.324119 1.11424e-07 0.0187145 0.0323493 0.000875634 0.00545758 
0.0738531 0.000888095 0.00118772 0.000176605 0.0304986 1.59665e-05 0.00139416 0.013836 0.00106703 0.00119211 0.0408175 0.0835594 0.00863498 2.32899e-07 1.43136e-07 0.0354423 0.000109261 0.0022088 0.554612 7.27231e-05 0.00348618 0.136653 0.00939581 0.000898519 
0.0339593 1.1209e-05 0.3104 0.000119106 0.0148357 0.000129476 0.00138157 0.0929096 0.0140787 0.00929879 0.000122976 0.0110474 0.00183722 0.000119663 9.16472e-05 0.00361911 1.31558e-07 0.120105 0.315018 5.62018e-08 0.014724 0.0500197 0.0058978 0.000274417 
0.010636 0.000451902 0.0289367 0.0528931 0.00320544 3.43653e-05 2.61423e-05 0.0156319 0.000566834 0.00197014 0.0122819 0.205475 0.0166081 2.8669e-05 1.97577e-07 0.000753171 0.0004295 0.000492891 0.524162 0.000201562 0.00020987 0.0864733 0.0375539 0.000978315 
0.0258318 0.000505917 0.0102945 0.0111952 0.00551322 2.29954e-05 0.000668394 0.00561528 0.000548488 0.0131553 0.00351286 0.00454847 0.00933918 2.35121e-07 5.16771e-07 0.00060326 0.000241048 0.00449927 0.892251 0.000233747 6.17936e-06 0.00838481 0.00273185 0.000296327 
0.0385317 0.00757363 0.0417274 0.000622207 0.0358049 0.000317525 0.00919322 0.0975699 0.00571863 0.00733756 0.160128 0.0860987 0.141853 0.000655501 0.000113849 0.0227164 0.000473546 0.0129332 0.205751 0.00232818 0.000519438 0.0691668 0.00457074 0.0482958 
0.0320885 0.000610697 0.0149417 0.00719805 0.00702493 1.44594e-05 0.000597978 0.00655064 0.000209329 0.0476341 0.00510603 0.0076609 0.01999 2.08464e-07 1.14809e-07 0.000848252 0.000241606 0.0075541 0.821727 0.000190995 4.78354e-06 0.0174187 0.00213979 0.000247699 
0.00553995 8.74749e-05 0.0172457 0.003822 0.0134161 1.0316e-05 0.00529342 0.00913618 0.00906448 0.000461209 0.0570551 0.0749219 0.0275252 9.95301e-06 4.93337e-06 0.000247106 6.29645e-06 0.00155014 0.696406 0.00604749 0.000625486 0.0661924 0.00413712 0.00119417 
0.00231077 1.16939e-05 0.00138513 0.000260847 7.29325e-08 9.21544e-06 6.43395e-07 0.000707213 2.18314e-08 8.74236e-07 0.00120155 0.0673919 0.000836304 1.95076e-09 1.01297e-05 1.19977e-06 1.5103e-06 0.000817807 0.892257 5.19842e-06 1.41516e-09 0.0316586 0.000924581 0.000208009 
3.68593e-06 8.54036e-07 0.0145133 0.000229879 1.55942e-06 2.28983e-05 1.96815e-05 0.0136891 2.27871e-10 0.00201712 0.00601257 0.0263732 0.054439 7.04188e-07 2.81381e-10 1.24285e-05 2.98587e-06 0.0079128 0.539757 2.4767e-10 0.000349595 0.33453 0.000111156 8.42681e-07 
0.00189203 5.18707e-05 0.0180067 4.63056e-06 0.00391496 4.4238e-08 0.000601471 0.029261 0.00736001 0.0362335 0.000799905 0.134821 0.0110854 2.22129e-05 7.68327e-09 0.125334 0.000557818 0.00754217 0.496221 0.00698897 0.000929971 0.0853186 0.0330147 3.84819e-05 
0.00514494 0.000458904 0.0550454 0.000700593 0.0144442 7.58966e-05 0.00448156 0.0426856 0.0024043 0.0104327 0.0917579 0.157339 0.018052 5.28004e-08 1.51098e-07 0.0147184 0.000197401 0.00220886 0.487336 5.6515e-05 0.00167515 0.0614731 0.0148971 0.0144137 
0.00113147 0.000103996 0.000782523 0.0448555 0.00743652 0.006031 0.03396 0.0129749 0.00064891 0.000434465 0.322429 0.0759088 0.00628305 1.54385e-08 5.97944e-06 0.0118581 2.47165e-05 0.000353035 0.377164 0.000155187 4.55674e-07 0.0057326 0.0657305 0.0259953 
0.0814179 3.94435e-06 0.00788819 0.000112831 0.05291 1.47759e-05 0.026066 0.26643 4.54752e-06 0.0186314 0.0811291 0.0752842 0.0261281 2.42248e-09 3.90715e-06 2.17764e-05 5.69432e-07 6.75293e-05 0.350294 8.54513e-07 1.75736e-09 0.000592281 3.41768e-06 0.0129946 
0.00868125 0.0104515 0.00551002 0.0360224 0.00530549 0.00783387 0.030979 0.00720816 0.00663051 0.000151349 0.159611 0.273613 0.0229771 2.15857e-10 1.25247e-05 0.00872022 4.16892e-05 0.00303692 0.339795 0.000631618 4.18301e-05 0.0100844 0.038198 0.0244635 
0.00474375 0.000549287 0.00903758 0.000468373 0.00324267 0.000108858 0.00420118 0.000113363 7.88583e-07 0.000638172 0.0367323 0.0894326 0.0162412 1.83434e-09 6.23618e-07 0.00818178 0.000163536 0.00052867 0.688194 2.38802e-07 0.00632644 0.118411 0.0126573 2.62304e-05 
0.0449218 0.00220448 0.0629109 0.0011695 0.047871 0.00536367 0.00552297 0.120854 0.00782844 0.00494951 0.0944451 0.108674 0.132079 0.00136607 0.00144051 0.0326327 0.000742549 0.00861864 0.22086 0.0028417 0.00230036 0.0625171 0.00693821 0.0209473 
0.0537941 0.000907654 0.0402316 0.000274465 0.0117942 0.000776547 0.00301734 0.0154879 0.0515012 0.000354976 0.018089 0.159043 0.0704209 8.64493e-11 5.39219e-07 0.00030713 1.38363e-05 0.0250912 0.311615 0.000733193 4.92024e-05 0.0793124 0.0278159 0.129368 
0.00588502 0.00186714 0.250535 0.00207352 0.010552 0.0015756 0.00360294 0.0176992 0.00150703 0.00356249 0.0758108 0.114828 0.0286687 1.04695e-07 2.15052e-08 0.0210809 0.000116641 0.0125128 0.336917 0.00266112 3.51226e-05 0.0730249 0.000669002 0.0348155 
0.00336017 0.000402309 0.0204486 0.00804306 0.00339398 1.24534e-06 0.00835054 0.00913564 0.00445393 0.0201537 0.0102632 0.0472324 0.0212784 6.11746e-08 4.33221e-07 0.00127559 2.64638e-06 6.08696e-07 0.713635 0.000176938 0.000608575 0.11606 0.000300194 0.0114226 
0.0270073 6.62733e-08 1.16233e-06 6.70379e-06 0.000790077 1.1813e-08 1.02959e-11 0.00716219 2.18606e-07 0.00665815 2.3206e-12 0.0609515 1.6603e-06 2.59881e-11 1.59719e-11 0.0369955 2.96502e-08 7.40787e-12 0.813727 0.000512659 5.88227e-07 0.0149092 0.031276 1.37699e-08 
0.216259 0.028959 0.0292824 0.000305219 0.0975505 5.69304e-05 0.00457299 0.0285194 0.0110035 0.0254219 0.00831139 0.0387595 0.0731163 0.00444848 2.41686e-06 9.71043e-05 0.0308209 0.00181833 0.259864 5.56746e-05 0.00380386 0.108146 0.000698031 0.0281271 
0.118641 0.00128483 0.0320333 2.5939e-05 0.0443208 6.42094e-05 6.08408e-05 0.0881887 0.000722413 0.00134915 0.000269913 0.00554024 0.00682968 2.34006e-06 8.19486e-05 0.0484841 0.000399343 0.00141685 0.637704 0.000214317 0.00702777 0.00380293 0.000214681 0.00131998 
4.41719e-11 1.91628e-07 9.4398e-08 2.84496e-10 0.00111047 0.00108835 1.92297e-10 0.000473649 8.10606e-05 0.000460314 0.000625903 4.56475e-07 0.000188032 4.8538e-10 8.78535e-08 2.39192e-06 6.14624e-10 0.00112788 0.987543 2.62568e-10 3.52113e-10 0.0067445 7.13399e-07 0.000552579 
0.0175476 0.0029808 0.0240884 0.000675423 0.00892805 0.000179401 0.00238965 0.0108552 0.0149454 0.000763151 0.0238582 0.0921142 0.0468664 2.09834e-08 3.73017e-07 0.0103989 0.000127097 0.0449187 0.607062 0.000227099 0.00011368 0.0386377 0.016533 0.03579 
4.41719e-11 1.91628e-07 9.4398e-08 2.84496e-10 0.00111047 0.00108835 1.92297e-10 0.000473649 8.10606e-05 0.000460314 0.000625903 4.56475e-07 0.000188032 4.8538e-10 8.78535e-08 2.39192e-06 6.14624e-10 0.00112788 0.987543 2.62568e-10 3.52113e-10 0.0067445 7.13399e-07 0.000552579 
0.0012042 0.020974 0.0303449 3.55012e-07 0.0268349 2.77588e-05 8.97612e-06 0.00963986 0.00227315 0.00174186 0.0474789 0.110553 0.10904 1.12081e-09 6.88833e-10 0.0247711 0.000197978 0.0218149 0.572384 1.91288e-06 0.000258212 0.0146045 0.000341658 0.00550399 
0.0139485 0.00272843 0.0230375 0.00197396 0.0382851 3.76188e-05 0.0119642 0.0324711 0.00295627 0.0468652 0.00564124 0.0330978 0.0466482 6.81242e-05 8.30285e-06 0.00369417 0.000102925 0.000261549 0.677294 0.000100484 0.00490246 0.047611 0.00285227 0.00344924 
0.0101359 0.0275163 0.00752008 0.00538635 0.00735089 9.06527e-05 0.00120698 0.0325351 0.000291811 0.00240663 0.109253 0.212075 0.0454883 5.13255e-09 0.000509381 0.0389114 0.000272485 0.00342514 0.397162 0.000145542 7.2191e-05 0.0724501 0.0216282 0.00416616 
1.05862e-05 5.70573e-07 0.00550542 0.00292992 0.000459626 7.15083e-07 9.32627e-05 0.0368551 4.34408e-07 0.00123779 0.0116048 0.00274785 0.0306111 0.00143513 4.44888e-06 0.000493037 3.6082e-05 0.00209981 0.85836 4.72154e-07 4.91433e-06 0.00272125 0.000348658 0.0424391 
0.00258381 0.0035618 0.00639052 9.15356e-05 0.00150734 5.88873e-06 4.86207e-07 0.0391842 2.15835e-05 1.72928e-06 0.144389 0.145955 0.026495 1.49346e-09 2.62869e-07 0.000161573 0.000143342 0.000276235 0.60229 0.00194123 1.08536e-06 0.0229834 0.00033704 0.00167775 
1.47356e-07 0.000437407 0.000475545 0.000416626 1.17721e-08 3.99049e-09 3.30234e-08 8.65052e-05 8.70376e-12 1.41446e-07 0.0113572 0.003065 0.000442712 1.74877e-11 6.34203e-10 1.94185e-07 1.94764e-05 0.000248958 0.980715 9.37298e-09 1.26862e-11 0.00269805 6.50903e-08 3.67316e-05 
2.39578e-05 0.00960183 0.00203369 0.00109039 0.00353322 2.20585e-08 0.00141281 0.00703411 0.000466399 1.18771e-08 0.064232 0.139388 0.00457675 3.05814e-10 5.48258e-08 2.18831e-05 2.43741e-06 0.00189171 0.657021 1.79044e-05 7.02369e-07 0.105164 0.00195665 0.000530488 
0.104234 0.00412258 0.0393447 0.000284473 0.150354 0.000563687 0.0462585 0.0462874 0.0425408 0.00475967 0.02401 0.0518933 0.0227975 0.00215255 5.0223e-05 0.00244776 0.000416959 0.00719025 0.415803 0.000210444 0.0271466 0.00108324 0.00028188 0.00576609 
0.0029719 0.00024006 0.0284429 0.000875472 0.0179092 2.50467e-08 0.00272206 0.0960992 3.35013e-07 0.00247192 0.0574888 0.0305887 0.0296846 1.44529e-08 1.93337e-09 0.00031853 4.80551e-08 0.00115465 0.726327 7.26649e-11 5.67243e-07 0.00209675 4.51702e-11 0.000607262 
0.0328732 0.00133458 0.0102024 0.000354702 0.00141519 9.03276e-07 0.000359903 0.0268171 8.96239e-06 0.00219882 0.0964185 0.13266 0.0449174 2.77337e-06 3.95468e-07 0.0096835 0.000167213 0.00876635 0.621446 0.000650993 2.58907e-06 0.00607961 0.00188781 0.00175061 
4.41719e-11 1.91628e-07 9.4398e-08 2.84496e-10 0.00111047 0.00108835 1.92297e-10 0.000473649 8.10606e-05 0.000460314 0.000625903 4.56475e-07 0.000188032 4.8538e-10 8.78535e-08 2.39192e-06 6.14624e-10 0.00112788 0.987543 2.62568e-10 3.52113e-10 0.0067445 7.13399e-07 0.000552579 
