0.0179545 0.000964634 0.249405 0.00110261 0.0277192 0.000876791 0.00483991 0.14008 0.0126323 0.0184413 0.142788 0.0489757 0.0763309 0.00407331 3.41858e-06 0.00315259 0.00028009 0.0223666 0.142909 0.000355105 0.0012657 0.063394 0.000737901 0.0193508 
0.0355306 0.00026919 0.410312 0.000335059 0.0894346 0.00112474 0.0038796 0.0594231 0.0240594 0.0079136 0.0549801 0.0526084 0.0675828 4.05292e-09 0.00097649 0.0261745 0.000190345 0.00279246 0.00474038 0.0546936 0.000563332 0.0039406 0.00148205 0.0969933 
0.139425 0.00106475 0.488295 0.00029391 0.0907677 0.0284462 0.000618999 0.0685592 0.00551532 0.00669077 0.0159745 0.00375138 0.00281935 5.91446e-05 0.0500285 0.00481976 0.000323912 0.0363031 3.29899e-05 0.00046355 3.37325e-05 0.0114871 0.000208117 0.0440184 
0.0301282 6.51533e-05 0.550869 0.00013571 0.164939 3.78973e-05 0.00377412 0.04826 0.00193982 0.0660605 0.00249159 0.0495991 0.01342 0.00576058 3.33328e-07 6.06739e-05 0.0469489 0.0105897 0.000330918 1.30372e-05 0.000924202 0.00182363 0.00159489 0.000233565 
0.165837 0.000756971 0.359382 1.74814e-05 0.133604 0.0131125 0.00200087 0.115125 0.000897401 0.0508624 0.00607968 0.0737233 0.0165002 6.60972e-06 5.15571e-05 0.00700607 5.83645e-06 0.0329103 0.000241667 0.000266635 1.58598e-06 0.017807 0.00330099 0.000503446 
0.117438 0.00498842 0.377445 0.00099746 0.0258455 0.00664093 0.0207146 0.0523328 0.00130834 0.0271607 0.026942 0.0636337 0.123567 0.000959382 1.5558e-05 0.015795 0.000997974 0.0687681 0.00297736 0.000299913 0.00194706 0.0424133 0.000331049 0.0164815 
0.032875 0.00117132 0.689193 0.000148414 0.0312768 0.00220741 0.00540668 0.0601375 0.00133175 0.0132873 0.0332138 0.0410038 0.0295154 0.00419659 1.92923e-06 0.0126828 0.000267357 0.00494236 0.0108745 0.000516275 0.000383922 0.00798176 0.00243916 0.0149452 
0.117115 5.62204e-09 0.456663 5.28386e-07 0.0379556 1.50906e-05 0.00168809 0.137425 0.00150103 0.00728775 0.0106495 0.0356817 0.0311738 8.60015e-09 2.16503e-07 0.00041306 9.36013e-06 0.000284472 0.0579419 0.000122341 0.0128862 0.0848012 0.00613684 0.000248177 
0.10342 0.00480244 0.252866 0.00468469 0.0707157 0.000488598 0.0032866 0.0668143 0.00235552 0.0640935 0.027824 0.0380163 0.249309 0.0135399 5.14757e-05 0.00704547 0.000384128 0.0115317 0.0118606 0.00496327 0.00424372 0.0442285 0.00506192 0.00841223 
0.0662666 2.06466e-06 0.309761 0.000192386 0.0595693 0.000288908 0.000163976 0.0161354 0.0307604 0.00425701 0.14886 0.284295 0.0415045 3.15836e-06 5.20818e-05 6.58255e-05 0.000501429 0.00114205 0.00710355 1.70853e-06 0.0021946 0.00584687 0.00148143 0.0195503 
0.117979 0.00899451 0.351504 0.00194461 0.0649593 0.000988716 0.00800399 0.0438735 0.00997217 0.00587149 0.0545439 0.0970012 0.0322135 0.000481025 1.64586e-05 0.000282898 0.000280152 0.00950186 0.00584077 0.000779511 0.00367781 0.0138385 0.00452139 0.162929 
0.130493 0.00225235 0.299408 9.89006e-06 0.0342234 3.72724e-05 2.09363e-06 0.0165514 0.000137754 0.00331528 0.0487576 0.0506156 0.250651 2.21887e-07 2.38916e-07 0.00033586 0.00176859 0.0435162 2.83922e-05 1.07442e-05 0.000504399 0.030884 0.000103745 0.0863929 
0.291191 9.77698e-07 0.420978 0.00796656 0.0125108 2.12182e-07 0.0176763 0.0786386 0.000298842 0.0564829 0.0046571 0.040931 0.0399455 8.61159e-05 6.36672e-06 0.000923856 4.69526e-07 0.00165613 0.0123521 1.51423e-05 5.70039e-05 0.000555426 0.00386966 0.0092003 
0.0297603 0.00578771 0.153899 0.000918478 0.112173 0.00180839 0.0111473 0.06708 0.147572 0.0388221 0.0979136 0.0589921 0.112744 0.000312266 0.000102861 0.0110414 0.000169542 0.0179066 0.0212114 0.00419048 0.00875875 0.0721574 0.00737118 0.0181597 
0.02211 0.00117523 0.286311 0.000124258 0.0185581 5.14161e-05 0.0280606 0.154041 6.42529e-05 0.0122942 0.139134 0.12523 0.145199 1.55316e-05 4.77397e-06 0.00703744 3.38922e-05 0.00265508 0.002576 0.000513765 3.25661e-05 0.0198384 0.00904826 0.0258916 
0.0754338 0.00761635 0.201355 0.0109098 0.0538564 0.000184884 0.00139461 0.0318037 0.000793265 0.00846937 0.179728 0.0593999 0.134404 0.000111995 3.22338e-06 0.0262402 0.000485182 0.0766253 0.0165427 5.82129e-05 0.000651325 0.0458804 0.00482819 0.0632236 
0.158289 2.69265e-11 0.374266 3.68895e-05 0.0283739 5.69145e-06 0.00125523 0.276031 5.8194e-05 0.0360131 0.0661279 0.000534402 0.0487365 9.83965e-08 6.52481e-06 6.13538e-06 2.619e-05 0.00546833 0.000351556 6.10993e-05 0.000524671 0.00231676 2.94802e-07 0.00151106 
0.0489184 5.50832e-05 0.296378 0.000593977 0.0052108 0.00430099 0.00975732 0.0617743 6.75656e-06 0.0128435 0.0578322 0.219885 0.0531353 5.87975e-09 5.77744e-06 0.00150083 0.000188824 0.00106044 0.00322798 0.000844509 0.000296198 0.110022 0.105905 0.00625602 
0.035305 1.57576e-08 0.62396 7.45725e-07 0.00137062 4.67951e-05 0.0248681 0.0277557 4.94972e-05 0.100758 0.000921409 0.0266802 0.0110067 2.41047e-08 0.0597746 0.000685207 0.00342545 0.000212109 0.000358795 0.00011826 0.00165839 0.0770416 0.000260345 0.00374178 
0.0843982 0.00183719 0.657886 0.00166107 0.00342088 8.65465e-05 0.00323663 0.0020781 0.00205133 0.0175963 0.0160833 0.018218 0.0932392 0.000304282 1.67122e-07 0.00103688 3.44334e-07 0.000820396 0.00197875 5.20807e-05 0.00689227 0.0838152 0.00283082 0.000475778 
0.000505565 3.87624e-05 0.834596 0.00135043 0.0124427 0.000160016 0.0996565 0.00952323 0.00446256 0.00145939 0.000413918 0.0266663 0.000469772 6.75064e-11 2.37074e-08 2.11832e-08 6.55961e-08 0.00101653 0.00289547 6.78744e-05 3.61888e-05 0.00376474 2.57705e-07 0.000473931 
0.0483016 0.00163977 0.244145 0.000613241 0.0114794 0.00397983 0.00220856 0.0362327 0.000872433 0.0119808 0.202108 0.0328016 0.143434 0.000493033 1.0711e-05 0.000624483 1.54527e-05 0.00628143 0.000587317 0.00340196 0.000188065 0.0439858 0.0120645 0.19255 
0.00105064 7.08892e-05 0.412692 0.00142693 0.00204332 0.406259 0.00381587 0.00526354 0.000418365 0.000253267 0.0217566 0.0753821 9.77508e-05 6.86214e-08 1.80962e-05 7.79849e-05 2.12684e-11 0.0362282 0.00119216 0.000462121 1.08702e-06 0.00273311 0.000640142 0.0281168 
0.0601561 0.00091694 0.496493 0.000254993 0.0111364 0.00236777 0.0132188 0.100505 0.000322958 0.0237594 0.0965982 0.0255125 0.0837064 2.78749e-06 6.10866e-06 0.00424002 1.72419e-05 0.0226387 0.000810515 0.000251388 0.000284901 0.005687 0.00499678 0.0461156 
0.0241959 0.00042643 0.671728 0.00119746 0.0159668 1.18198e-05 0.00619911 0.0546987 8.7731e-08 0.0185276 0.0147268 0.0938349 0.0157628 3.3511e-10 8.97028e-07 0.00445154 1.94136e-05 0.00185577 0.000667454 4.48138e-05 0.000253062 0.0327522 0.0129125 0.0297655 
0.00391608 3.61391e-06 0.706924 5.86064e-05 0.0145645 4.90106e-09 0.00239384 0.0193438 2.46516e-05 0.0103014 2.50423e-09 0.0021617 2.45148e-06 0.230295 1.72357e-08 3.19901e-09 0.000289791 0.00067222 0.00291067 1.51708e-08 1.50437e-06 0.00611134 2.15609e-05 4.15452e-06 
0.0353606 0.000409038 0.297011 0.000116403 0.0534705 3.55446e-08 1.38864e-07 0.0340249 0.00134423 9.17092e-05 0.126754 0.0570982 0.159456 2.06314e-11 1.12582e-06 0.000200089 0.000136891 0.00776881 3.88532e-07 2.40929e-05 9.93127e-06 1.99097e-05 0.00124483 0.225457 
0.0271442 0.00690802 0.275386 5.71886e-06 0.0131393 5.96178e-08 0.00140259 0.100549 2.77223e-11 0.0539853 0.00249852 0.195149 0.0310698 5.56998e-11 4.875e-08 2.38897e-06 1.47221e-06 0.00313014 0.0371941 5.59034e-08 0.000398225 0.247956 0.00324474 0.000835658 
0.0361366 0.00278229 0.289807 5.70182e-07 0.00596531 0.0100918 0.0759917 0.0764444 0.00389105 0.0729592 0.0616412 0.143425 0.114387 4.09671e-09 2.25223e-05 0.000579698 0.00863203 0.000231179 0.0151193 0.000607944 8.54615e-06 0.0775052 0.00135148 0.00241824 
8.22157e-05 1.52881e-06 0.986055 8.09207e-05 0.00147537 5.57469e-06 5.5159e-05 0.00205719 7.81337e-05 0.000583017 3.44985e-07 0.000434719 0.00098529 1.82036e-10 1.11876e-10 3.43173e-09 1.552e-06 8.08635e-05 0.00743929 1.59227e-08 1.81267e-05 0.000452527 2.08277e-08 0.000113053 
0.155077 0.00012182 0.241154 0.00213354 0.00247151 1.02384e-06 0.00511575 0.171391 4.64966e-06 0.0159776 0.0227439 0.0674871 0.134365 4.64357e-10 2.85386e-10 0.000206445 9.54523e-05 0.00578121 0.0124588 0.00144387 1.15064e-05 0.0964199 0.0631391 0.00240008 
0.0136816 0.00412307 0.320525 0.00119094 0.0457305 4.85092e-07 0.00380384 0.133381 2.99258e-05 0.0612584 0.114809 0.0124573 0.00767739 4.53666e-06 8.14928e-07 0.00104193 3.5041e-05 0.00126485 0.000170109 0.00489488 7.64944e-07 0.268628 0.00128206 0.00400795 
0.0233749 0.00082644 0.307098 0.000585075 0.041087 0.000126429 0.00806923 0.17635 0.00317503 0.0101486 0.173717 0.035422 0.0817994 0.000593405 2.45372e-05 0.000948729 0.000543823 0.00435449 0.00973335 0.000280398 0.000558094 0.0166801 0.00844766 0.0960564 
0.0610593 0.020322 0.288384 0.0065495 0.0430933 0.000212633 0.00110224 0.208153 0.000749084 0.0340122 0.066039 0.0795171 0.0653527 9.92552e-05 9.35553e-06 0.0150163 3.01658e-05 0.0145764 0.0122234 0.000569642 0.00277328 0.039823 0.00674532 0.0335878 
0.00861902 0.000323519 0.320357 0.00413627 0.0882131 0.0711237 0.00879802 0.0640899 0.00103429 0.0269068 0.118674 0.0755759 0.0643668 6.52975e-05 0.000139581 0.0042231 0.00534931 0.0626321 0.0185915 0.000475242 0.000830918 0.0327258 0.00137635 0.0213726 
0.0375352 0.000228293 0.227664 2.51015e-05 0.215004 0.000228995 0.0473238 0.0493778 0.000862448 0.0073868 0.121217 0.0584533 0.088272 0.000655217 0.0134094 0.00449531 1.95398e-05 0.0126405 0.00567655 0.000147912 0.000260483 0.0247797 0.0531073 0.0312296 
0.0215866 0.000354055 0.37931 5.54395e-06 0.203575 2.72378e-06 0.0539783 0.0772415 4.76953e-07 0.00124419 0.129368 0.00660703 0.0885306 0.00127711 1.11961e-07 0.0171999 3.15484e-05 0.000435573 0.00379379 1.30154e-07 2.55457e-07 0.00691698 0.000747188 0.00779298 
0.0113845 0.000347261 0.315797 0.00362924 0.00132755 0.000144964 0.0980579 0.0308247 0.0020308 0.0895125 0.0443313 0.0666745 0.0211148 2.42941e-08 4.2466e-06 0.00207165 8.13062e-06 0.00530407 0.0160341 4.30481e-05 0.000761229 0.0715173 0.218413 0.000666701 
0.0532676 1.17209e-05 0.727944 0.000243251 0.103488 0.00437293 0.00713223 0.0421812 0.00537392 0.00393606 0.0217047 0.00270522 0.00537205 0.00904684 1.34226e-05 2.81635e-06 5.60168e-06 0.00330737 0.000626749 1.32927e-05 0.00212535 0.0054325 8.50784e-05 0.0016088 
0.0288193 9.32709e-05 0.509376 0.000459323 0.0160326 9.27673e-06 0.0384362 0.0949268 0.000529617 0.120309 0.011544 0.0517587 0.027386 0.0165721 3.37824e-06 0.019904 6.33328e-05 0.000101314 0.00495089 2.4996e-05 0.000969451 0.0287268 0.0221156 0.00688881 
0.00249738 0.000124846 0.469236 0.000177131 0.209106 2.13794e-06 0.0212389 0.190217 0.000644945 0.0169744 0.000846626 0.00361248 0.00879508 0.000143804 0.000116983 8.83306e-06 0.000253523 0.054994 0.0110633 1.63468e-07 4.39016e-05 0.00878351 0.000629643 0.000489945 
0.0261783 2.55964e-05 0.306327 0.000131204 0.0362546 2.29254e-05 0.0628598 0.182112 0.00517698 0.00144422 0.0567542 0.200663 0.031027 2.60781e-08 0.0312815 0.000851253 6.13851e-06 0.00739189 0.025078 0.0093843 2.42528e-05 0.0144737 0.00205951 0.000472349 
0.142033 0.00117801 0.179334 0.00145417 0.0995706 0.0019404 0.00812267 0.112448 0.00734206 0.0643208 0.0456113 0.0428486 0.157167 0.000296119 0.000131753 0.0128353 0.000500326 0.0131777 0.00911163 0.000819803 0.00359679 0.0765826 0.00253698 0.0170399 
0.0611201 0.00233293 0.295487 0.00181611 0.0258609 0.00028636 0.00167582 0.288074 0.00108042 0.0392165 0.0194048 0.0596626 0.138062 1.1254e-05 9.15536e-05 0.0064283 0.000160517 0.0151842 0.0056505 0.000184753 0.000518444 0.0252387 0.00340257 0.00904927 
0.164557 4.41634e-05 0.481992 0.000200759 0.0315793 4.23594e-10 0.0270184 0.120709 5.8057e-05 0.0060121 0.079398 0.00384105 0.0245623 2.42386e-09 1.48967e-09 0.000334377 3.28515e-05 0.00905445 0.00772385 0.00187223 1.75836e-09 0.0365018 1.22173e-06 0.00450677 
0.16835 0.00868584 0.394543 0.000124323 0.0672118 0.00163748 0.000172435 0.0227365 8.87146e-05 0.00553137 0.0266546 0.0441734 0.0626127 2.52495e-09 1.71937e-06 0.000927505 0.000323136 0.0923482 0.000184361 0.000763211 0.00057424 0.0561222 0.007712 0.0385214 
0.0368601 0.000112185 0.762864 0.000820996 0.040955 0.00172234 0.000249402 0.0598678 0.000234043 0.00956375 0.0243562 0.03804 0.00508905 1.13324e-07 3.14762e-06 0.000149748 2.2428e-05 0.00284665 0.00272175 5.17659e-05 8.13377e-06 0.00480645 1.91853e-05 0.00863578 
0.0170476 1.9013e-05 0.457786 0.00522048 0.000117687 6.60681e-09 0.00753465 0.0142438 9.7511e-05 0.30279 3.37579e-09 0.00167372 2.04924e-09 0.000480046 2.32344e-08 4.31239e-09 8.14086e-05 0.0288987 2.26395e-05 2.40723e-06 2.82808e-06 0.163955 1.00096e-05 1.61744e-05 
0.004197 2.16883e-06 0.654749 7.23199e-06 0.00952661 1.6279e-07 0.00928766 0.0960832 0.000217391 0.117549 0.0146411 0.0157401 0.00600298 5.15458e-09 4.73593e-07 0.000408069 5.48579e-05 0.0187884 0.00316766 0.00526989 3.15365e-05 0.00609273 0.0373445 0.000837586 
0.0137009 4.75254e-08 0.783927 2.57345e-06 0.0230573 2.92381e-05 0.00258892 0.0516597 0.0271611 0.00291306 0.0222886 0.0136596 0.0549759 4.78105e-11 6.19396e-07 0.000149908 2.73019e-05 0.000168504 0.000980976 1.82476e-05 0.000342675 0.000753181 0.000522022 0.00107264 
0.0122168 0.000180088 0.620085 0.00158717 0.0252664 0.0221174 0.000353887 0.120615 0.00378187 0.0631177 0.00411254 0.0516258 0.0225734 2.13949e-07 8.54891e-05 0.0152739 0.000504937 0.000270051 0.00166574 4.67623e-05 3.58205e-05 0.0335557 0.000362833 0.000565554 
0.0569823 0.000380624 0.607399 4.79006e-05 0.04014 0.0963174 0.00296816 0.0500068 0.000115791 0.0650262 0.00191354 0.0428303 0.00377751 4.43894e-05 5.7342e-05 0.000338558 3.03319e-06 0.00848555 0.00256041 0.00337551 0.00124696 0.00158105 0.00481178 0.0095898 
0.0418296 0.00478262 0.190728 0.000159264 0.0508712 0.00151306 0.019533 0.088285 0.0195119 0.0199778 0.114241 0.118874 0.0852581 0.00446895 0.0281185 0.00224142 0.000809344 0.0228836 0.0125883 0.000870962 0.000402445 0.0984546 0.00103687 0.0725604 
0.176132 6.30515e-05 0.189206 0.000729085 0.0309958 0.00218373 0.0241233 0.0767817 0.000371312 0.188631 0.0450482 0.0234884 0.0340627 7.92688e-09 3.08107e-06 0.00139798 0.000180898 0.0412631 0.00616305 0.000570015 0.0157896 0.12987 0.00380223 0.00914347 
0.0778121 0.11509 0.37535 0.000122266 0.0119977 0.00360584 3.41308e-05 0.0210092 0.00142398 0.0180764 0.00160724 0.0149083 0.0215167 5.17482e-07 5.708e-06 0.0199361 5.72733e-05 0.199541 0.000717372 0.00168445 0.00116036 0.0208115 4.89843e-05 0.0934827 
0.0649525 0.000400245 0.238605 0.000276981 0.047733 8.62716e-05 0.000671001 0.0589714 0.0106951 0.0710413 0.0992406 0.0738592 0.166174 2.43693e-06 0.000540836 0.00807766 0.00100338 0.00603599 0.00174835 0.0103136 0.00315048 0.125906 0.00132215 0.00919249 
0.0080881 3.07752e-06 0.952627 3.04962e-05 0.0129368 9.4686e-06 0.00404388 0.00352366 0.000991457 0.00415222 0.000472076 0.00291806 0.000738668 7.78658e-08 6.81689e-06 6.28618e-06 5.92123e-08 0.00125615 2.48066e-05 8.84158e-08 0.000246279 0.00792384 1.57084e-07 4.85712e-07 
0.150231 0.000224621 0.432048 0.00149655 0.0363713 0.00464404 0.00442615 0.0275308 0.00261216 0.00788605 0.042952 0.0454595 0.0681015 3.60581e-10 2.63915e-06 0.00134108 2.49559e-05 0.00246958 0.005339 2.09053e-05 0.000749847 0.120794 0.00038483 0.0448893 
0.0274579 0.00322123 0.299868 0.000455728 0.0157497 7.31504e-06 0.00610563 0.138683 0.00177773 0.153635 0.0165721 0.125101 0.0629012 2.64844e-09 1.41139e-08 0.0105816 5.78684e-05 0.00140849 0.0318708 6.64276e-05 0.004708 0.0851624 0.0140771 0.000530556 
0.0421744 0.000260922 0.267454 0.000207946 0.109106 0.00014293 0.00107243 0.0743875 0.00231642 0.0108459 0.161661 0.0211269 0.263485 3.35002e-07 1.4259e-05 0.0250142 5.02934e-05 0.00159742 0.00174186 0.000524659 0.00223435 0.00629996 0.00640286 0.00187807 
0.0319777 0.0041117 0.241483 9.07695e-05 0.0856278 0.00590147 0.0551266 0.0206951 0.0547709 0.000285099 0.120101 0.0348965 0.140108 5.39847e-10 1.52424e-05 0.00795223 0.000193839 0.0362261 0.00156046 0.0011864 0.000173228 0.0231031 0.000411479 0.134003 
0.158289 2.69265e-11 0.374266 3.68895e-05 0.0283739 5.69145e-06 0.00125523 0.276031 5.8194e-05 0.0360131 0.0661279 0.000534402 0.0487365 9.83965e-08 6.52481e-06 6.13538e-06 2.619e-05 0.00546833 0.000351556 6.10993e-05 0.000524671 0.00231676 2.94802e-07 0.00151106 
0.06732 0.00101246 0.305381 0.0141936 0.00189683 0.127915 0.00559506 0.0625209 0.000630444 0.0153626 0.0602553 0.0459473 0.090748 0.0269622 4.88357e-05 0.000212837 4.03082e-06 0.0433761 0.0144117 0.00280762 6.81154e-06 0.0279786 0.0528431 0.0325698 
0.0836332 0.000687513 0.730185 0.000673161 0.0312786 0.0477509 0.0040261 0.0165733 0.000876441 0.00293777 0.0181413 0.00303222 0.036174 9.44014e-06 1.34365e-06 0.000440143 5.15969e-05 0.0107736 0.0011208 0.000587853 5.27486e-05 0.00323247 0.000126874 0.00763398 
0.117166 7.59397e-06 0.755976 0.000131077 0.0592874 1.56536e-05 0.000186006 0.00260873 0.000617706 0.000497115 0.0101627 0.000259834 1.40782e-06 1.6966e-10 6.43196e-08 7.73006e-07 6.52179e-07 0.0332274 3.00786e-07 0.00313676 2.02584e-07 0.00135261 1.1286e-07 0.0153644 
0.0169268 0.000166533 0.433169 0.000497133 0.0198768 3.79922e-05 0.000147914 0.0284639 0.00028896 0.00356177 0.116999 0.041382 0.315132 1.3315e-11 1.50218e-06 0.00390163 8.94822e-06 0.000129834 0.00350974 0.000561149 0.000791105 0.0081985 0.00118415 0.00506302 
0.0348704 0.000123381 0.589353 0.000102111 0.0283569 1.22464e-05 0.0187904 0.155037 0.000198002 0.013296 0.00791653 0.0135579 0.0656677 1.52067e-05 2.62622e-06 5.08914e-05 0.000299867 0.000203768 0.0560523 8.88808e-05 0.000126089 0.00392487 0.00128099 0.0106727 
0.00656941 0.000409146 0.424049 0.00401958 0.0154512 1.82281e-05 0.0058281 0.00913506 5.17346e-07 0.0512187 0.0624207 0.0604876 0.0734076 2.69464e-06 8.18734e-07 2.97209e-07 0.000283913 0.0189384 0.0389523 1.06028e-06 4.25787e-06 0.212272 0.00775555 0.00877406 
0.00582002 1.08027e-06 0.712988 1.56818e-06 0.0217396 4.32886e-06 0.12076 0.0326021 0.0428771 0.000708827 0.0111842 0.0131095 0.0119574 4.64046e-06 9.42846e-07 2.06015e-05 1.93052e-08 3.2099e-06 0.00948445 6.58936e-07 1.1988e-06 0.00956431 0.0071442 2.2092e-05 
0.0236329 0.0030655 0.470993 0.00153119 0.0226875 1.89227e-05 0.0386198 0.258426 7.03496e-05 0.0163238 0.0270279 0.0388602 0.0147787 7.17771e-09 2.14276e-08 0.000246651 1.61094e-05 0.00677902 4.58795e-05 4.05786e-07 2.57848e-05 0.00406768 0.0452499 0.0275329 
0.0629289 0.00351971 0.332291 0.00139744 0.0626658 0.00670694 0.016969 0.117927 0.00244539 0.0243713 0.0560145 0.0812085 0.0915149 0.00267836 0.000377677 0.0123573 0.000749349 0.0276812 0.0191569 0.00189128 0.00320558 0.0428993 0.00719049 0.0218521 
0.108829 0.00171321 0.212352 0.00021242 0.0735341 2.05573e-05 0.0280172 0.11025 0.00345368 0.0173782 0.120816 0.0713704 0.0850519 0.000373497 1.48181e-05 0.00584487 0.000841526 0.000444137 0.0200889 0.000567651 0.000470664 0.121622 0.00357066 0.0131621 
0.00105064 7.08892e-05 0.412692 0.00142693 0.00204332 0.406259 0.00381587 0.00526354 0.000418365 0.000253267 0.0217566 0.0753821 9.77508e-05 6.86214e-08 1.80962e-05 7.79849e-05 2.12684e-11 0.0362282 0.00119216 0.000462121 1.08702e-06 0.00273311 0.000640142 0.0281168 
0.0453388 0.00536707 0.476303 0.0159582 0.0220939 0.000612468 0.00331005 0.0174574 0.000616551 0.011947 0.0440351 0.0429082 0.237255 1.73926e-06 8.66331e-06 0.0193135 6.00569e-05 0.0163951 0.000411278 0.00439515 1.10387e-05 0.0216004 0.00212508 0.0124746 
0.100562 0.00179592 0.264507 0.00297142 0.00885446 4.05612e-05 0.00417463 0.136069 0.00294268 0.0781562 9.74274e-05 0.0826755 0.00667369 3.74203e-08 9.01231e-06 0.000519948 1.2474e-05 0.0590369 0.0204884 4.93399e-05 6.48385e-05 0.205402 0.0248687 2.80357e-05 
0.0233005 0.000199174 0.883009 0.000296072 0.00428322 0.00821456 0.00306321 0.00519214 0.00138295 0.00309202 0.0046577 0.0101494 0.00474033 0.000459208 3.80545e-05 4.19586e-05 7.51615e-05 0.00238982 0.000741176 4.28971e-05 0.000362969 0.0410547 0.000606369 0.00260764 
0.0189063 0.000403774 0.257184 0.000128499 0.0157445 1.51339e-06 5.23172e-07 0.0748409 0.0015768 0.00915507 0.152729 0.049909 0.0680632 2.10007e-10 0.159259 2.39554e-11 2.65927e-10 0.00633042 0.00519015 1.13604e-10 9.21492e-08 0.171772 0.00753884 0.00126748 
0.0261893 0.0267502 0.314616 0.000119796 0.0835595 0.00542444 0.00536076 0.0534367 0.0156944 0.00539575 0.0382324 0.212533 0.00656696 0.000146871 0.000622663 0.00536083 0.000301781 0.0720071 0.000315686 0.000849055 0.000215748 0.0598014 0.000154896 0.0663449 
0.0468235 0.00489984 0.379218 0.000167002 0.0527032 0.00156439 0.0195601 0.0665319 0.00227261 0.0220862 0.118486 0.0658354 0.093825 0.0419424 2.44304e-05 0.00264778 0.000259218 0.0111504 0.0042309 0.0155167 0.000144994 0.0301163 0.000171534 0.0198223 
0.00272903 5.2357e-07 0.437962 5.94599e-07 0.0111423 1.03522e-09 0.0966163 0.116467 0.00110551 0.00383686 0.00547428 0.0520857 9.61017e-08 5.92367e-09 2.35107e-06 0.00107982 7.50098e-09 0.00272524 0.196793 0.00260729 4.29725e-09 0.0693717 1.30432e-07 1.08193e-09 
0.0237557 3.03092e-06 0.739612 9.84091e-06 0.102624 2.31157e-05 0.00970461 0.0174827 0.00226035 0.00748288 0.0164684 0.0340885 0.000751463 0.00134806 2.16743e-05 0.000237439 3.23407e-06 0.000672121 0.000400546 0.00520324 0.00383174 0.00273047 3.38905e-06 0.031281 
0.167573 3.25222e-07 0.454584 3.68111e-06 0.0237732 0.00926326 7.65312e-06 0.038893 4.15749e-07 0.196445 0.00152247 0.0442375 0.0514566 3.36728e-09 1.07032e-05 0.00448096 0.00105966 0.000140013 0.00288156 9.48294e-07 0.00184927 0.00132485 0.000247981 0.00024501 
0.0176214 7.48071e-07 0.826887 0.000222025 0.00805742 0.0121225 0.00472667 0.0627307 0.000808674 0.0445068 7.22557e-05 3.2382e-05 0.00137116 1.16414e-06 2.51863e-06 3.52532e-07 1.76482e-06 0.00125949 5.70378e-05 2.72803e-06 7.20281e-06 0.0192604 0.000208673 3.85785e-05 
0.0422979 0.0032723 0.418606 0.0278436 0.0754003 0.000121039 0.00201162 0.181158 0.00107088 0.0274018 0.028226 0.100819 0.0293612 0.00686892 2.10038e-05 0.00556526 0.00195348 0.0148608 0.00323235 0.0001772 0.000200193 0.0111072 0.000276203 0.0181481 
0.156118 0.0184786 0.321803 0.000113616 0.014267 8.29151e-06 0.137827 0.244697 0.000738551 0.0283079 0.00720431 0.0092581 0.0402556 0.000172425 3.85353e-07 0.000649859 0.00110749 0.000673908 0.0037721 5.3921e-05 0.000935664 0.00630092 3.9813e-06 0.00725249 
0.113034 0.00759534 0.538654 0.000134348 0.0418979 0.00151335 0.0147267 0.0591834 0.00375992 0.011356 0.0306081 0.0258373 0.0447549 0.0128523 3.94649e-05 0.0029329 0.000123185 0.0170195 0.0240859 0.000357942 0.00458795 0.0202821 0.00751886 0.0171444 
0.011034 3.19164e-05 0.816158 1.19548e-05 0.000277272 5.64348e-07 3.54314e-05 0.0830263 0.000332899 0.0689929 0.000105845 2.6997e-05 0.0142383 5.23305e-05 1.98466e-06 1.15071e-05 4.08914e-06 0.000133411 0.00440072 1.01348e-05 4.09085e-05 6.12846e-05 4.64608e-05 0.000964551 
0.190915 0.00489481 0.205127 0.000126274 0.0156069 0.117932 0.000780463 0.0279017 3.4975e-05 0.0381126 0.0111584 0.0693438 0.0164368 3.0988e-10 8.23911e-06 0.000267845 1.51341e-05 0.13259 0.000152096 0.00271597 0.000365697 0.0488602 0.000396147 0.116258 
0.0291194 9.42718e-05 0.523598 0.00250563 0.0916652 1.20686e-06 0.00151692 0.0420337 0.000125224 0.0540745 0.00432713 0.00719397 0.142819 0.0131007 3.69121e-06 0.0282449 5.48978e-05 0.000753025 0.00147215 0.000103807 0.0186082 0.0252156 0.000644126 0.0127248 
0.146261 2.76563e-05 0.416003 0.00242987 0.100935 1.39674e-05 0.00366084 0.0706306 0.00381996 0.0611804 0.00375824 0.0340906 0.1126 2.42411e-10 2.70397e-08 0.0012581 0.000648518 0.00160377 0.0152623 4.66802e-08 0.00152756 0.0172944 0.00383945 0.00315485 
0.00744024 0.163224 0.498412 4.9059e-05 0.0241613 2.59094e-10 0.0130781 0.00747976 0.00222205 0.00970494 0.0815293 0.121347 0.0242773 1.48257e-09 9.11165e-10 1.74136e-07 4.21477e-05 0.00747247 0.00272974 3.71274e-07 4.44884e-07 0.0161689 0.00267491 0.0179863 
0.000776684 0.00014046 0.906818 0.00245816 0.0235367 0.00401165 0.00100756 0.0107859 0.0037482 0.0050607 0.0154526 0.0102266 5.59338e-05 2.87273e-07 1.76553e-07 7.77373e-05 1.28759e-05 0.00130211 0.00777777 5.81948e-05 9.77908e-06 0.00207096 1.13937e-06 0.00460968 
0.0275478 0.00133564 0.495878 0.00011196 0.0879419 0.000124979 8.32839e-05 0.0332954 0.00016637 0.0240017 0.0123429 0.00653246 0.218514 3.20704e-06 0.000308348 0.000102614 0.000790346 0.0403845 0.000186395 9.58086e-06 0.000285711 0.000186945 9.3905e-07 0.0498647 
0.0322697 0.00342149 0.372354 0.000523874 0.0528181 0.0016303 0.0100754 0.21532 0.00112083 0.0352525 0.034576 0.0505741 0.129067 1.10628e-05 0.000354589 0.0134203 0.000160119 0.00258454 0.00402018 0.000212741 0.00185376 0.0271494 0.00710162 0.00412924 
0.053461 0.00215328 0.234373 0.001327 0.0142992 0.000137677 0.00211133 0.0447086 0.0020492 0.0188689 0.0684773 0.0973047 0.215043 0.000684104 0.00107948 0.00603117 0.0132981 0.00591814 0.0137984 0.00033701 0.000522614 0.140427 0.0162386 0.0473519 
0.130836 0.000432185 0.193412 0.00153389 0.00103008 4.34298e-07 0.00396882 0.13621 1.01149e-05 0.0484908 0.024861 0.0727707 0.0865244 1.24737e-06 1.44055e-07 0.0644104 0.000868522 0.00508215 0.0169308 0.00775591 1.90775e-05 0.12037 0.0823584 0.00212208 
0.0193988 5.53462e-09 0.325446 3.23362e-05 0.0709154 2.49304e-05 0.303328 0.00757315 0.168869 0.000964793 0.00232464 0.0304026 0.0265299 5.86147e-07 0.000428709 0.000147323 0.00231368 0.000526439 0.00158422 0.000127522 0.000216597 0.0385504 2.24559e-06 0.000292651 
0.0842955 0.000281767 0.770023 0.000600525 0.00882493 2.79475e-05 0.00603618 0.0240272 0.00102906 0.042447 0.0103787 0.0124055 0.0199544 1.63161e-08 1.10513e-07 0.000474337 7.15438e-05 0.00329174 0.0055155 0.000736478 5.43208e-05 0.0071342 0.00018642 0.00220376 
0.00762556 0.000143151 0.331636 0.00382353 0.0443488 0.189511 0.00568383 0.0352647 0.00185512 0.00158093 0.0536214 0.0810951 0.0115057 0.000110427 0.00146609 0.00239781 0.000135153 0.103514 0.00161265 0.0013373 2.64706e-05 0.0155063 0.00409985 0.102099 
0.00188628 1.01133e-09 0.343047 5.06279e-05 0.031273 5.56092e-07 1.33968e-05 0.0780058 6.96477e-06 0.000976531 0.00164351 0.204718 0.000755126 5.8967e-06 9.50791e-10 2.29562e-07 1.29619e-05 6.75002e-05 0.0112058 0.326146 6.41444e-06 0.000107546 1.17876e-05 5.96381e-05 
0.00277616 0.000266423 0.486445 0.000146642 0.00556329 1.79599e-05 0.000242107 0.129919 1.41832e-05 0.0598849 0.00142703 0.0177135 0.202595 6.42718e-07 1.55533e-06 0.0141969 4.33182e-05 2.07384e-05 0.0217488 8.88001e-07 1.17593e-05 0.051733 0.00519367 3.79314e-05 
0.137246 2.8493e-06 0.722231 2.31044e-07 1.72108e-06 2.13183e-07 1.91153e-10 0.0125223 5.05988e-07 0.00129826 0.00322415 2.42371e-11 0.0658135 4.82494e-10 9.7082e-08 2.94486e-05 8.8702e-07 0.000903331 1.27483e-06 7.26225e-05 3.50019e-10 6.60199e-07 1.62248e-10 0.0566507 
0.0191884 0.00258689 0.518899 0.000232627 0.0390683 1.00299e-08 0.0331287 0.148163 0.000538159 0.0126324 0.140244 0.0329673 0.00995309 1.56571e-06 2.55273e-05 0.00102192 1.47763e-05 0.00872882 0.0144033 0.000346162 0.000519197 0.00449176 0.00354305 0.00930219 
0.0689993 0.00147449 0.250973 0.00383426 0.101888 7.83391e-05 0.0094112 0.0770855 0.0100499 0.0137646 0.124417 0.0379 0.212589 0.000567984 1.81122e-05 0.0207763 0.00021882 0.00482036 0.0056504 0.000342032 0.00228419 0.0179519 0.00280622 0.0320987 
0.0350717 0.00661322 0.673169 0.108647 1.18848e-06 1.26334e-07 0.00334084 0.0177162 0.00110466 0.00568729 0.015364 0.00757498 8.69549e-07 1.51152e-09 9.28953e-10 1.72417e-10 1.91399e-09 0.00132643 0.0067959 8.17661e-10 1.09651e-09 1.50481e-06 0.0602814 0.0573039 
0.00101954 0.0117809 0.733494 3.67844e-05 0.0149245 6.0244e-09 0.00549978 0.0548554 6.61114e-05 0.00403481 0.0385696 0.0418934 0.0235405 4.78821e-09 2.94276e-09 0.000864889 0.00428886 4.63169e-07 0.0380987 6.16278e-05 9.14217e-05 0.0106479 0.00888573 0.00734501 
0.0517813 0.00028579 0.678645 0.0152006 0.0132641 5.41669e-05 0.000702581 0.0360464 2.43052e-05 0.0562058 0.0356781 0.0166706 0.0418899 1.66998e-07 6.48117e-07 0.0176569 2.73383e-07 8.96154e-05 0.0096756 3.82038e-06 1.6504e-05 0.0222866 0.0032973 0.000523476 
0.159842 0.00707859 0.304875 0.00345334 0.020536 0.0137933 0.00299191 0.0391309 0.00175889 0.0621928 0.025981 0.0423552 0.0706558 0.000846281 0.001964 0.0114107 0.00167333 0.116614 0.00563626 0.00511937 0.00116801 0.0729392 0.00673715 0.0212474 
0.00105064 7.08892e-05 0.412692 0.00142693 0.00204332 0.406259 0.00381587 0.00526354 0.000418365 0.000253267 0.0217566 0.0753821 9.77508e-05 6.86214e-08 1.80962e-05 7.79849e-05 2.12684e-11 0.0362282 0.00119216 0.000462121 1.08702e-06 0.00273311 0.000640142 0.0281168 
0.0389485 1.15878e-05 0.506596 0.000188488 0.0158812 0.000178282 0.00153875 0.132288 0.00225643 0.0160672 0.00391249 0.187536 0.0147333 0.00185332 2.14083e-05 0.00331455 3.60984e-05 0.00345208 0.00272642 0.0306486 0.000250921 0.0292325 0.0062501 0.00207796 
0.00629458 0.000227027 0.572399 0.0185813 0.0147692 0.00157109 0.000142268 0.043851 4.07228e-05 0.00790795 0.0447691 0.0278803 0.0734606 2.86543e-08 1.89551e-08 0.00595363 3.17325e-05 0.0278524 0.065235 0.0012472 4.80159e-05 0.081936 0.0024811 0.0033205 
0.0657952 0.00110271 0.323807 0.00539278 0.125245 0.00150383 0.00758329 0.0845365 0.00248407 0.0281069 0.0317913 0.03397 0.137027 0.00095577 9.21096e-05 0.0078688 0.000616608 0.0561893 0.00482888 0.00131498 0.00174368 0.033039 0.0141133 0.0308921 
0.243771 6.7197e-08 0.499213 0.000281483 0.00440792 0.00444612 0.000936053 0.0425395 2.0763e-06 0.101126 0.00350995 0.00415468 0.0441703 6.45134e-07 2.81929e-06 0.00109791 0.000252035 0.0329016 0.0012769 6.72439e-05 0.00580284 0.00816682 0.000378789 0.00149403 
0.0591877 4.68072e-06 0.742891 1.29557e-05 0.0200334 0.0355581 0.0324077 0.010482 6.60417e-05 0.00039723 0.0835052 5.18627e-06 0.000586154 2.32974e-05 1.04234e-05 3.12231e-05 7.00611e-07 0.00235893 0.000315609 0.000123172 2.57287e-06 0.00129814 2.0564e-07 0.0106989 
0.0121793 0.00104695 0.557907 0.005767 0.0162358 0.000522427 0.00524158 0.0223684 0.01677 0.0104615 0.141464 0.0310683 0.0450254 0.00176397 0.00104603 0.00511591 0.000374932 0.0211672 0.0447039 0.000449372 0.000146887 0.0425115 0.00136634 0.015297 
0.118571 4.15806e-05 0.428782 6.86188e-05 0.0170447 0.00197195 0.000510057 0.134587 3.02724e-06 0.000588458 0.00860316 0.0156328 0.0253249 3.00911e-07 6.41982e-05 2.92295e-05 0.000123014 0.000374439 0.000246583 0.000650806 0.000524966 0.238878 0.000684841 0.00669438 
0.0575439 0.000939597 0.29898 0.000319981 0.0130349 6.25572e-05 0.00152086 0.123398 0.0100943 0.00127767 0.18899 0.0794459 0.0556844 0.000159353 1.71519e-06 0.000546317 0.000246082 0.0332229 0.00182806 0.00025327 0.00197358 0.0926083 0.00134416 0.0365245 
0.0833401 0.00392139 0.210446 0.00224189 0.187585 0.00165796 0.0241862 0.0634753 0.00701743 0.0048514 0.0826861 0.0446287 0.0916603 3.98442e-10 1.41776e-05 0.00535686 9.5554e-05 0.0152382 0.024196 0.000993973 0.00204369 0.0306574 0.00159144 0.112115 
0.0604384 6.33769e-05 0.294007 0.00470538 0.0140993 0.00388836 0.00130163 0.109143 0.000755197 0.0320656 0.0372895 0.0485354 0.0275016 1.19676e-06 1.72651e-05 0.00375015 0.000355154 0.0511453 0.00834266 8.9251e-05 0.000170484 0.0515337 0.172001 0.0788002 
0.0148159 8.29625e-10 0.815108 1.25583e-07 0.0276202 3.44394e-05 0.00722066 0.040352 5.17207e-05 0.0243888 0.00256525 0.0624342 7.13218e-07 1.26909e-09 3.01365e-07 4.27969e-08 0.000115685 0.00186045 5.68248e-05 0.00137155 7.87209e-07 0.000329444 1.36233e-07 0.00167251 
0.0943789 1.61816e-07 0.223259 0.000265501 0.0290166 8.48562e-11 0.00675152 0.222284 9.8687e-05 0.00984547 0.0220434 0.187858 8.52132e-06 4.85559e-10 2.98417e-10 1.19501e-08 6.1485e-10 0.000143022 3.72351e-06 2.62665e-10 3.52243e-10 5.50724e-07 0.202427 0.00161531 
0.12928 2.44499e-05 0.275557 4.44873e-05 0.0248613 0.0475903 0.00698319 0.125165 0.00018151 0.173209 0.0102168 0.0058507 0.0034495 0.000117759 6.16886e-07 2.23108e-05 4.74149e-05 0.186123 0.000404177 3.52236e-05 0.000818618 0.00733313 0.00241915 0.000266008 
0.085624 7.84997e-05 0.430465 0.000524721 0.0662712 5.61028e-05 0.00722248 0.146969 0.000582828 0.0515256 0.044453 0.0384014 0.0227795 7.02752e-07 1.90823e-05 0.00499153 2.52254e-05 0.0139041 0.0109931 0.000556796 0.000856612 0.038478 0.00137083 0.033851 
0.013702 0.0116582 0.600812 0.00254581 0.0171925 7.42224e-06 0.00691148 0.0990843 2.84111e-06 0.0914977 0.00012041 0.0301456 0.00174694 2.85297e-05 2.56148e-07 0.0121733 2.65424e-05 0.000108718 0.00474224 1.62404e-05 0.0202186 0.0869571 0.00017829 0.000123215 
0.0885853 0.0122536 0.343299 7.07248e-05 0.0481482 0.00378138 0.00130991 0.166607 0.00663238 0.0125985 0.032935 0.0230576 0.0563294 3.0606e-05 8.82791e-06 0.0117521 0.00191003 0.0687175 0.00244123 3.51234e-05 0.00160501 0.0698842 0.00216198 0.0458455 
0.0268677 1.89392e-09 0.755391 0.0525327 0.000708584 5.06307e-10 0.0407725 6.11841e-08 1.09899e-06 0.00214237 0.00768267 0.0200027 1.97479e-07 7.27148e-06 4.98146e-08 3.26408e-07 0.00367216 8.88088e-05 0.019948 8.0156e-07 1.23997e-06 0.0663435 0.00295416 0.000881675 
0.0375352 0.000228293 0.227664 2.51015e-05 0.215004 0.000228995 0.0473238 0.0493778 0.000862448 0.0073868 0.121217 0.0584533 0.088272 0.000655217 0.0134094 0.00449531 1.95398e-05 0.0126405 0.00567655 0.000147912 0.000260483 0.0247797 0.0531073 0.0312296 
0.155204 0.000432425 0.354053 0.00180793 0.00379307 2.35867e-05 0.000385444 0.0830278 0.000149312 0.091658 0.00783113 0.0161924 0.0424203 0.0517236 3.19709e-06 0.0122323 0.000829605 0.000701945 0.001284 2.01291e-07 0.00491863 0.166217 0.0032306 0.00188038 
0.0278594 0.000980812 0.258382 0.157201 0.0389172 0.000381327 0.00361774 0.0503425 0.00174931 0.0149986 0.022483 0.0341542 0.113299 2.30726e-07 0.00199158 0.029745 0.000788394 0.0386968 0.00439392 0.000193976 0.00129277 0.152938 0.000524674 0.045068 
0.00839503 0.000468372 0.188048 6.45773e-05 0.0216993 1.51772e-05 0.130023 0.0242717 0.0843209 0.00499411 0.011804 0.148844 0.0197249 3.54392e-05 5.06381e-06 1.45064e-05 1.50369e-05 0.0611212 0.0868468 0.00109683 0.000130107 0.173704 0.0328477 0.0015095 
0.0597892 3.66206e-05 0.635525 0.00197238 0.00610078 1.02263e-05 1.58384e-05 0.0743433 0.000296552 0.0456427 0.00728227 0.0552705 0.0185369 2.44338e-05 9.10108e-07 0.0115161 0.000285037 0.00186914 0.0218241 0.0161018 0.00205848 0.0386736 0.00218856 0.000635547 
0.0254387 5.06489e-07 0.702953 4.54125e-07 0.108433 6.41063e-05 6.45572e-05 0.000250934 0.000309489 0.0153976 0.0186117 4.33809e-06 0.00428845 0.00132872 0.0194608 7.15769e-05 0.00174061 0.070651 0.00153552 9.91179e-06 1.42368e-05 0.029019 2.60537e-07 0.000351427 
0.0564581 0.00522636 0.216217 0.00583811 0.0421028 0.00102066 0.0123874 0.102245 0.00206324 0.0605271 0.0468974 0.142803 0.0445855 7.35996e-08 1.03985e-08 9.30001e-05 0.000762704 0.0191131 0.124518 2.16042e-05 0.0207891 0.0843234 0.00303682 0.00897031 
0.0424251 0.00123505 0.607587 9.79111e-05 0.101666 0.0261238 0.000783585 0.05483 0.00136724 0.0225162 0.00443169 0.0177738 0.00772747 1.91145e-08 2.08601e-06 0.00299417 0.00017748 0.0199 0.00528736 0.000399707 0.000246356 0.00331419 0.000626419 0.0784878 
0.0819417 0.00348776 0.324639 0.00775977 0.00403642 0.00680539 0.000283716 0.0193453 0.000693749 0.05438 0.00424517 0.0421925 0.0578184 0.00409879 1.71783e-06 0.00404527 0.000223779 0.0201637 0.0551954 0.00251181 1.21785e-05 0.285293 0.00689494 0.01393 
0.106064 0.000467677 0.502067 0.000795154 0.0378773 0.0134369 0.00453924 0.108147 0.000170226 0.0418503 0.038921 0.00972123 0.0271639 5.61827e-09 8.48515e-07 0.00454976 0.000127343 0.0232209 0.00577287 0.00979818 0.000488992 0.00953642 0.00137062 0.0539132 
0.0274579 0.00322123 0.299868 0.000455728 0.0157497 7.31504e-06 0.00610563 0.138683 0.00177773 0.153635 0.0165721 0.125101 0.0629012 2.64844e-09 1.41139e-08 0.0105816 5.78684e-05 0.00140849 0.0318708 6.64276e-05 0.004708 0.0851624 0.0140771 0.000530556 
0.0210855 0.0212174 0.651099 0.00225911 0.01264 3.77098e-05 0.00236101 0.0225339 0.000739721 0.0300754 0.00693558 0.0333645 0.0108533 0.00263539 3.23414e-07 0.00119639 0.000625658 0.0434002 0.00388778 0.000158418 0.00220237 0.124901 0.00532835 0.000461684 
0.137392 0.0112271 0.163901 0.00121476 0.075742 5.97586e-05 0.0699483 0.15028 0.0113786 0.00161622 0.00942835 0.142575 0.0998449 7.63694e-05 5.45531e-07 0.0350321 0.000277303 0.0665179 0.000418829 0.00168616 6.0737e-06 0.0173202 0.000250962 0.00380602 
0.0173325 3.96236e-05 0.572471 0.000471801 0.0813144 0.000413092 0.00334094 0.187131 0.00307609 0.00400912 0.0261407 0.017504 0.0304419 7.60597e-09 1.03824e-06 1.84449e-05 0.00174718 0.00103632 0.00643428 0.000475553 0.000237444 0.00246583 3.46583e-05 0.0438625 
0.0341282 3.98238e-05 0.300247 3.52692e-05 0.279793 0.001914 0.0257927 0.022406 0.0324841 0.00290197 0.00989028 0.0300763 0.0124778 2.06139e-05 1.93267e-05 0.0106882 3.26623e-05 0.00129514 0.00351836 7.22203e-05 0.208687 0.00547838 0.000371455 0.0176306 
0.0301929 0.000134345 0.674406 1.62353e-06 0.00501435 0.00151037 0.00429299 0.0723842 0.000947582 0.112495 0.00225536 0.00605339 0.0499515 0.00867166 1.51861e-06 1.42683e-06 1.83918e-06 0.00843631 0.000502817 1.4378e-05 1.4586e-05 0.0216556 0.000760126 0.000300227 
0.086191 0.000198738 0.508288 0.000470328 0.0513686 9.72422e-08 0.041341 0.0800594 0.00039123 0.0146617 0.0547231 0.0641978 0.00925201 1.74261e-07 6.07924e-08 0.00112871 0.000248051 0.00592839 0.0272918 0.00865731 4.16105e-07 0.0307168 0.00690954 0.00797571 
0.00865995 0.00018113 0.802939 0.00444104 0.0316169 0.00715828 0.00465183 0.0349941 0.00164332 0.0121409 3.46904e-05 0.0124506 0.000276488 0.000695189 0.00482762 0.014945 6.58013e-05 0.00784114 0.00904605 1.01538e-05 0.0135036 0.0230201 0.000400764 0.00445659 
0.0137009 4.75254e-08 0.783927 2.57345e-06 0.0230573 2.92381e-05 0.00258892 0.0516597 0.0271611 0.00291306 0.0222886 0.0136596 0.0549759 4.78105e-11 6.19396e-07 0.000149908 2.73019e-05 0.000168504 0.000980976 1.82476e-05 0.000342675 0.000753181 0.000522022 0.00107264 
0.0392757 0.0117926 0.228015 0.000430784 0.107594 2.11435e-07 0.0383825 0.176513 0.0046882 0.00362431 0.0465807 0.0813622 0.168012 4.04846e-09 3.05654e-07 1.34496e-05 1.15162e-05 0.0166367 0.000315227 6.99604e-08 0.000164688 0.0285141 0.0318314 0.0162412 
0.00971403 4.24984e-11 0.85823 1.68899e-05 0.0143789 3.0974e-06 0.0049847 0.0530006 0.000596501 0.027576 0.00710608 0.00350355 0.013412 3.52011e-08 2.26169e-06 0.00082554 5.40742e-05 0.000487772 0.000642579 1.53775e-05 7.18087e-07 0.00321093 0.00135198 0.000886657 
0.000107378 2.98964e-06 0.875989 0.00162813 0.0232847 7.9923e-07 0.00088027 0.090317 2.27617e-06 0.000103204 1.71355e-05 0.00212844 0.00313904 4.5733e-06 2.81068e-06 0.00127505 2.39839e-05 0.000120899 0.000211202 9.42433e-05 7.30683e-05 0.000486976 1.53786e-06 0.000105113 
0.0267331 0.000105149 0.511396 0.000826632 0.11681 6.30821e-06 0.00449602 0.071321 0.0103768 0.00283293 0.0245447 0.0251009 0.0605647 0.000639848 0.000152924 0.0115116 0.00185144 0.00193145 0.0462553 0.00016582 0.00462189 0.0694328 0.00327178 0.0050518 
0.0387549 0.000121024 0.731334 2.1213e-05 0.0294067 2.13095e-05 0.00203554 0.0422776 0.000689865 0.0133676 0.0287603 0.0498305 0.0272691 2.71854e-10 1.04088e-05 0.00838808 8.68161e-05 0.00204303 0.00427561 9.19344e-07 0.000464281 0.00533282 0.0109128 0.00459614 
0.00261862 0.00345248 0.450637 0.00031971 0.0257087 4.44747e-05 0.0385749 0.171208 0.00201556 0.000167134 0.0372399 0.20479 0.00294846 3.04282e-09 5.06512e-05 2.0031e-07 5.59841e-07 0.0048016 0.000481461 1.78367e-06 0.000832706 0.0135505 0.0340906 0.00646531 
0.0512112 0.0105215 0.252107 0.0368959 0.029352 0.000180879 0.00659715 0.0120916 0.00136502 0.237517 0.0106786 0.11495 0.038645 5.52648e-07 9.01842e-07 0.0114688 0.00240179 0.0459887 0.0544126 1.91326e-05 0.000775712 0.0780997 0.00340867 0.00131004 
0.000995069 2.69123e-08 0.763821 0.000220014 0.0150285 5.12728e-07 0.0230399 0.00156762 1.46293e-05 6.64107e-05 0.0149267 0.0253339 0.001646 2.34018e-07 2.19001e-06 5.72328e-05 1.88363e-06 0.00010003 0.00632015 4.2995e-06 5.03373e-07 0.133236 0.00760226 0.00601474 
0.0384163 1.31614e-06 0.319881 0.00641371 0.0027293 4.64652e-05 0.0556841 0.0758948 0.0735835 0.0179114 0.0714448 0.034891 0.0468762 1.84388e-09 1.13322e-09 3.03324e-06 0.000477336 0.0112404 0.00142671 1.72216e-05 0.00416883 0.225046 9.30724e-06 0.0138366 
