0.00702095 2.88802e-05 0.0385958 0.00022452 0.172354 2.99086e-06 0.122989 0.0722825 0.0537764 0.0517537 0.198826 0.0175114 0.0236283 3.41016e-06 6.62358e-08 0.0010488 7.27939e-06 0.000401803 0.0008584 8.25132e-07 0.214048 0.00316341 3.20709e-05 0.0214419 
0.0319483 0.000176831 0.00438284 0.00103365 0.0341498 0.000178827 0.0207738 0.00670153 0.0590064 0.00283306 0.0051743 0.0350246 0.0168999 3.18892e-05 0.000470149 0.0056158 0.000208507 0.00154638 0.00898493 2.62645e-05 0.602511 0.159793 0.00145402 0.00107425 
1.89093e-08 0.00013274 6.95569e-05 1.21788e-07 0.0182683 3.63123e-08 8.23193e-08 0.0399845 1.03416e-07 5.32863e-08 0.000340217 0.158186 0.00657452 2.07784e-07 1.27701e-07 2.37017e-08 2.63111e-07 5.92283e-08 0.000205994 1.12402e-07 0.736282 0.0396811 0.000190088 8.36789e-05 
0.0243685 1.24674e-06 0.052737 2.46693e-07 0.212601 2.0241e-05 9.57501e-05 0.00476296 5.74125e-05 0.0020075 0.0102058 0.0188586 0.0400715 2.53428e-08 0.000250791 5.07734e-07 4.49266e-05 0.00190437 0.0022642 2.14656e-09 0.548452 0.0728241 2.14817e-05 0.00844962 
0.205505 6.6499e-05 0.00447312 2.91307e-05 0.21944 1.77864e-05 0.000687281 0.00313281 0.00628196 0.00745195 0.0101894 0.0165437 0.0818405 6.65659e-05 0.000174994 0.00126208 0.000146682 0.001689 0.00458966 6.83566e-06 0.348175 0.0765527 0.000109582 0.0115685 
0.0667744 6.42165e-05 0.00465182 0.00130117 0.00231906 9.0019e-08 4.39588e-06 0.00280276 0.00187619 8.2492e-05 0.00207552 0.00510625 0.0150826 3.15347e-10 1.67599e-07 0.00657135 6.67164e-05 0.227181 0.00268824 1.34639e-05 0.450598 0.210615 8.8109e-06 0.000115965 
0.0202242 0.000333152 0.0194229 0.000442778 0.0248283 2.46623e-06 0.00367693 0.00881827 0.00186043 0.00907689 0.0215667 0.00392919 0.019597 0.000172431 0.000207141 0.000174272 2.95236e-05 0.0130549 0.000295787 3.50553e-05 0.822896 0.0252282 0.000541077 0.0035859 
0.000117855 0.00166536 0.00019579 4.67497e-07 0.0191156 6.4326e-05 0.0556225 0.0486762 0.00320908 2.04545e-07 0.111626 0.0803154 4.32343e-08 7.97601e-07 4.90193e-07 0.000280928 1.00998e-06 0.000171039 0.0327149 0.000689269 0.645459 7.52179e-08 5.17666e-06 6.85736e-05 
0.0393176 0.000262694 0.111476 0.000713334 0.180695 0.00188007 0.00241328 0.033588 0.0224966 0.00833239 0.0479712 0.0325583 0.136553 0.000126391 9.22446e-05 0.0114899 0.00043652 0.00663591 0.0142833 0.000368512 0.283784 0.0548344 0.00198732 0.00770323 
0.0667744 6.42165e-05 0.00465182 0.00130117 0.00231906 9.0019e-08 4.39588e-06 0.00280276 0.00187619 8.2492e-05 0.00207552 0.00510625 0.0150826 3.15347e-10 1.67599e-07 0.00657135 6.67164e-05 0.227181 0.00268824 1.34639e-05 0.450598 0.210615 8.8109e-06 0.000115965 
0.00284231 0.00128936 0.00155755 0.00011792 0.00131948 0.000230754 0.000450238 0.00185434 0.00180454 0.00166729 0.00228747 0.0133081 0.00749716 1.81481e-05 0.00680327 0.00181835 0.000583022 0.0018792 0.000880867 0.000223092 0.933872 0.013415 0.000515263 0.00376578 
0.0667744 6.42165e-05 0.00465182 0.00130117 0.00231906 9.0019e-08 4.39588e-06 0.00280276 0.00187619 8.2492e-05 0.00207552 0.00510625 0.0150826 3.15347e-10 1.67599e-07 0.00657135 6.67164e-05 0.227181 0.00268824 1.34639e-05 0.450598 0.210615 8.8109e-06 0.000115965 
0.0691122 0.0148638 0.0863823 0.00336464 0.285091 5.31974e-06 0.0057983 0.0138868 0.0241554 0.00299694 0.0257213 0.0250057 0.0178086 0.00131788 2.1953e-05 0.00234155 0.0005328 0.00229801 0.00969471 9.90279e-06 0.386041 0.0133973 0.00247028 0.00768306 
2.75032e-06 6.4838e-07 0.00275592 2.1766e-08 0.206719 2.33056e-10 0.000166252 0.00854718 0.0751461 1.52344e-07 0.00865513 1.21879e-06 2.26545e-06 1.33358e-09 0.000104721 3.06441e-07 2.97866e-06 2.82724e-07 2.33019e-06 1.59961e-07 0.693799 7.30133e-05 4.48441e-10 0.00402051 
0.0111775 0.00207497 0.0154147 0.000383459 0.157551 0.00695606 0.0111306 0.0266073 0.004739 0.280695 0.00713604 0.00861869 0.0180856 0.00105541 4.57585e-06 0.00110414 7.04299e-05 0.00660415 0.00255549 3.54211e-05 0.431253 0.00429963 0.00020035 0.00224727 
0.0667744 6.42165e-05 0.00465182 0.00130117 0.00231906 9.0019e-08 4.39588e-06 0.00280276 0.00187619 8.2492e-05 0.00207552 0.00510625 0.0150826 3.15347e-10 1.67599e-07 0.00657135 6.67164e-05 0.227181 0.00268824 1.34639e-05 0.450598 0.210615 8.8109e-06 0.000115965 
0.106323 0.000244467 0.0122028 0.00140121 0.104332 0.140622 0.100565 0.0374109 4.61714e-05 0.0592395 0.00589187 0.102027 0.00178246 4.52863e-07 0.00442016 1.84966e-05 5.22737e-05 0.00137046 0.0278478 0.000239047 0.276204 0.0169346 0.000641914 0.000182177 
0.0667744 6.42165e-05 0.00465182 0.00130117 0.00231906 9.0019e-08 4.39588e-06 0.00280276 0.00187619 8.2492e-05 0.00207552 0.00510625 0.0150826 3.15347e-10 1.67599e-07 0.00657135 6.67164e-05 0.227181 0.00268824 1.34639e-05 0.450598 0.210615 8.8109e-06 0.000115965 
7.6205e-07 2.06224e-07 2.08669e-07 1.63627e-05 0.319418 1.08079e-11 1.22019e-06 5.42857e-07 0.00109373 0.00386849 0.00275039 6.3378e-08 1.6393e-07 6.1844e-11 1.63474e-07 9.88337e-09 7.83114e-11 1.76285e-11 1.61736e-07 3.34548e-11 0.616417 0.0564322 1.04002e-07 3.04989e-07 
0.0165283 0.106539 0.0186928 0.000928299 0.0928913 1.41627e-05 5.09333e-05 0.0347817 0.0344769 0.0019838 0.033375 0.0208178 0.0869916 4.67269e-07 4.22237e-09 0.0168744 7.53679e-05 0.00317967 2.84284e-06 0.000141408 0.502248 0.0257635 0.000278738 0.00336412 
0.0679409 0.00203879 0.0392538 0.00217579 0.110276 0.000681645 0.00282862 0.0384161 0.0155759 0.0233777 0.020574 0.0255013 0.0592222 0.0010075 0.000146963 0.00784338 0.000554848 0.00928054 0.00490776 0.000932425 0.518361 0.0365254 0.00142623 0.0111512 
0.0358883 0.000967874 0.00818278 2.14282e-05 0.134024 4.73304e-05 0.000246184 0.00725682 0.0732219 0.000318317 0.0143717 0.0150454 0.0159401 4.1432e-06 4.4113e-05 0.000372561 1.05063e-05 0.00374343 0.000602472 2.0473e-05 0.663316 0.0248034 0.000250427 0.00130007 
0.111043 0.00069238 0.0418062 0.000207877 0.19328 0.00319218 0.00570225 0.08807 0.00154336 0.0439569 0.00776771 0.0190564 0.0435991 0.000935826 4.9256e-06 0.00115127 0.000173104 0.00316483 0.0103065 0.000171748 0.403063 0.0174336 0.000672891 0.00300568 
0.0667744 6.42165e-05 0.00465182 0.00130117 0.00231906 9.0019e-08 4.39588e-06 0.00280276 0.00187619 8.2492e-05 0.00207552 0.00510625 0.0150826 3.15347e-10 1.67599e-07 0.00657135 6.67164e-05 0.227181 0.00268824 1.34639e-05 0.450598 0.210615 8.8109e-06 0.000115965 
0.047494 0.00012361 0.0318482 0.030906 0.0621742 1.75353e-05 3.71399e-06 0.00100066 0.00282287 0.00225519 0.0109827 0.0247225 0.0195756 3.07508e-08 1.93184e-06 0.00556675 8.95846e-05 0.00124831 0.0189866 8.61096e-06 0.590916 0.144026 0.0024283 0.00280133 
0.0284723 2.83317e-05 0.0320638 0.000348759 0.0768894 0.000316067 9.4739e-06 0.0468137 0.0352241 0.0113015 0.0222701 0.0115346 0.0301696 4.28156e-09 1.64772e-05 0.00448792 6.62319e-06 0.000354594 0.00269392 9.81354e-06 0.670861 0.018723 0.000444153 0.0069612 
0.00373988 0.00361345 0.0608585 0.0207349 0.109046 1.73608e-05 0.0111242 0.210866 0.00560341 0.00405512 0.0564245 0.0375018 0.0216508 0.000100099 2.38e-06 0.00723821 7.61565e-05 0.000125615 0.00168915 0.000304592 0.423282 0.0067028 0.00376755 0.0114753 
0.0410602 0.00829213 0.0114579 0.000434459 0.182038 2.41041e-05 0.0014715 0.0185834 0.00845312 0.00167296 0.0157913 0.0262471 0.0467701 0.000198986 0.000126188 0.000372967 0.000803433 0.00532967 0.00412422 7.73653e-05 0.563457 0.0584101 0.000917543 0.00388686 
0.0166315 0.000371296 0.00981527 3.79706e-06 0.152924 0.00120579 9.9954e-05 0.00211707 6.99157e-05 0.000544944 0.00232761 0.00012085 0.00645622 4.77671e-07 1.86371e-06 4.88575e-05 6.1823e-06 0.000967477 0.00159549 0.00520224 0.79565 6.8387e-05 5.89655e-07 0.00377031 
0.0128984 2.30185e-06 0.122751 1.39488e-06 0.00932403 6.42077e-06 0.000987632 0.108727 0.0731856 0.021111 0.0748083 0.0275297 0.0319236 1.7563e-07 0.000742703 3.39755e-05 0.00061834 0.000288011 0.0105476 9.91573e-07 0.254134 0.20899 7.10055e-05 0.0413169 
0.230078 1.39563e-07 0.0593634 0.00195583 0.0695254 5.28527e-05 0.00707328 0.151701 3.24614e-05 0.131334 0.00596171 0.000507922 0.00884203 1.3644e-09 8.3854e-10 0.000147364 0.000107607 1.78864e-07 0.00416527 1.16869e-07 0.325874 0.00182867 0.000994004 0.000454003 
0.058799 0.000136657 0.014831 0.00099334 0.173225 0.000266448 0.0034281 0.0485205 0.00483927 0.0111692 0.0123735 0.011838 0.0693321 0.000182353 2.33321e-05 0.0120717 0.000304878 0.00228025 0.0039609 0.000151644 0.552416 0.0134846 0.000679837 0.00469252 
0.0667744 6.42165e-05 0.00465182 0.00130117 0.00231906 9.0019e-08 4.39588e-06 0.00280276 0.00187619 8.2492e-05 0.00207552 0.00510625 0.0150826 3.15347e-10 1.67599e-07 0.00657135 6.67164e-05 0.227181 0.00268824 1.34639e-05 0.450598 0.210615 8.8109e-06 0.000115965 
0.00373988 0.00361345 0.0608585 0.0207349 0.109046 1.73608e-05 0.0111242 0.210866 0.00560341 0.00405512 0.0564245 0.0375018 0.0216508 0.000100099 2.38e-06 0.00723821 7.61565e-05 0.000125615 0.00168915 0.000304592 0.423282 0.0067028 0.00376755 0.0114753 
0.0228285 0.00718708 0.0117777 0.00235711 0.0502749 1.39407e-05 0.00532578 0.0208103 0.0215781 0.0152491 0.0217826 0.0225131 0.0513729 0.000801762 0.000744004 0.00363791 0.00301139 0.00277211 0.00533345 0.00147383 0.681529 0.0350768 0.000718821 0.0118302 
0.172052 0.000544101 0.145642 0.00203973 0.00842294 0.00015511 0.000294337 0.00676861 0.0187464 0.00149145 0.0588541 0.0840232 0.00308095 1.38945e-06 0.00479932 0.000423466 0.000393279 0.190746 6.62147e-05 0.000686128 0.216403 0.0818717 1.2793e-06 0.00249322 
0.0157447 0.000241971 0.0367137 0.000127648 0.296673 0.00135037 0.000211413 0.0322263 0.000256639 0.0159859 0.0039815 0.00235483 0.103562 2.01131e-07 7.29722e-07 0.00369705 3.12448e-05 0.00115374 0.000277144 0.000429963 0.444758 0.00122501 3.56866e-05 0.0389615 
0.0399534 2.58427e-07 0.0486583 0.000339281 0.0583463 5.91463e-05 1.20326e-05 0.0189968 0.158289 0.00154372 0.0213659 0.0869701 0.0941899 3.9532e-07 1.7156e-06 7.01862e-05 1.49512e-06 0.000762531 0.00253048 2.1385e-07 0.295304 0.166332 0.00623139 4.12103e-05 
0.0107127 7.17404e-05 0.00345937 8.3844e-05 0.0644506 2.3928e-05 6.87594e-05 0.00335484 0.00454585 0.00271099 0.00104218 0.0177574 0.0113187 3.95674e-09 5.31822e-06 0.0156533 6.98648e-06 0.000308037 0.00104685 0.000944169 0.775735 0.0720654 0.0138298 0.000804631 
0.135587 2.41201e-05 0.00060383 1.99318e-05 0.0848792 8.70109e-05 0.000433337 0.00223245 0.0327651 4.04773e-06 0.00831303 0.0270322 0.0935027 1.81557e-05 0.0020693 4.25351e-05 6.49942e-05 0.00661276 4.35383e-05 0.000342088 0.430483 0.174779 6.44535e-06 5.37646e-05 
0.0729922 0.000217509 0.0122085 0.000326014 0.0373892 0.00252889 0.00253622 0.0169381 0.00827827 0.0583511 0.00761179 0.00336955 0.00406883 8.64112e-07 5.85852e-05 0.000139302 2.79718e-05 0.06392 0.0016898 0.00160627 0.6861 0.0054563 0.000386732 0.0137983 
0.000114204 1.37873e-08 2.84639e-09 1.23619e-08 0.000141379 0.000187244 8.3557e-09 1.76819e-09 0.00108121 5.40874e-09 0.000107538 3.00896e-05 0.000100035 2.10908e-08 0.0300227 6.73867e-06 7.48057e-05 6.01188e-09 8.75374e-09 1.14091e-08 0.966596 0.00132744 7.09219e-09 0.00021033 
0.0525109 0.00138422 0.0534886 0.000364446 0.193514 2.42349e-05 0.00440905 0.0312623 0.0745106 0.0129013 0.0222939 0.0332901 0.124271 0.000159497 5.99662e-06 0.0113326 0.000571798 0.00207498 0.0606657 0.00016062 0.300201 0.00607181 0.00761087 0.0069205 
0.00373988 0.00361345 0.0608585 0.0207349 0.109046 1.73608e-05 0.0111242 0.210866 0.00560341 0.00405512 0.0564245 0.0375018 0.0216508 0.000100099 2.38e-06 0.00723821 7.61565e-05 0.000125615 0.00168915 0.000304592 0.423282 0.0067028 0.00376755 0.0114753 
0.0751837 0.00190252 0.0386412 0.0112032 0.0202858 6.36243e-05 0.0180428 0.0303291 0.00375427 0.0179319 0.00476593 0.0223931 0.0401306 0.00020836 1.89307e-05 0.000699703 0.000122467 0.0048531 0.00594287 7.67245e-05 0.39924 0.0150033 0.00243192 0.286775 
0.00130745 6.40855e-06 0.256586 4.66243e-05 0.123701 1.86987e-07 0.11796 0.00423711 0.0704698 0.000407683 0.000453856 0.00180333 0.00285395 0.00626148 7.00956e-07 2.56449e-05 0.000209256 0.000156536 0.000934887 0.000175632 0.399412 0.00115616 3.50018e-05 0.0117993 
0.0830916 0.00235312 0.035773 0.00652157 0.238425 0.000411591 0.13629 0.0596085 0.0326652 0.0333028 0.00978157 0.0298353 0.0285397 0.000179226 0.00015036 0.00670161 0.00499381 0.00195019 0.00978918 0.00037196 0.239207 0.0234461 0.00184367 0.014768 
0.0329552 0.00105937 0.0187202 2.72453e-05 0.0587144 1.27638e-05 0.0041963 0.00605488 0.00609703 0.000841874 0.0206789 0.00690828 0.0105717 3.02923e-07 1.57235e-05 1.39686e-05 4.21243e-06 0.00421151 0.00118694 6.3869e-06 0.80343 0.0230481 9.94387e-07 0.00124385 
0.0298944 0.000438942 0.000616736 7.67651e-05 0.210476 0.0035962 0.000998851 0.00158965 0.0798116 0.00880288 0.0275368 0.0148105 0.0572799 2.31345e-07 0.117849 0.000426848 4.39545e-05 0.0111087 0.026717 4.94753e-06 0.292972 0.0392843 0.000148887 0.0755144 
0.0159993 0.00599933 0.0158795 0.00194846 0.0889965 0.000570022 0.00444162 0.0365347 0.009911 0.00851591 0.035944 0.0304849 0.031331 0.000519324 4.33118e-05 0.00536362 0.00024654 0.00144049 0.00615986 0.000110474 0.653441 0.0336695 0.0012117 0.0112377 
0.0628483 0.00620654 0.053437 0.00380305 0.0417731 0.00457068 0.0059109 0.0394893 0.0025018 0.166948 0.0130638 0.0144849 0.0235292 0.00190071 1.21354e-05 0.00589103 5.66635e-05 0.0413339 0.00415091 5.25104e-05 0.471903 0.0328795 0.000356358 0.00289601 
0.0667805 0.00293447 0.0457154 0.00146354 0.0991531 0.000882605 0.00491443 0.0324733 0.0156612 0.00736578 0.0247079 0.0257074 0.0908381 0.00215985 0.000164039 0.00814755 0.000250787 0.005285 0.00573777 0.000551598 0.489278 0.0519767 0.00192354 0.0159273 
0.0208872 0.000248589 0.0128787 5.38376e-06 0.12858 1.77174e-05 0.000887263 0.0144906 0.0212564 0.000720606 0.0122668 0.0209097 0.0287378 2.04951e-06 4.95507e-07 0.0169815 0.000356729 0.00278994 0.0102157 9.69495e-05 0.668514 0.030631 0.00526695 0.00325774 
0.0230215 0.000306852 0.0454771 0.00118335 0.00919781 7.06558e-05 0.005758 0.0175494 0.00286236 0.00952907 0.00314663 0.0247045 0.0275046 9.75006e-05 0.000229691 0.0025676 0.000384233 0.00484893 0.0029953 2.21169e-05 0.784159 0.0328009 0.000665899 0.000917168 
0.0667744 6.42165e-05 0.00465182 0.00130117 0.00231906 9.0019e-08 4.39588e-06 0.00280276 0.00187619 8.2492e-05 0.00207552 0.00510625 0.0150826 3.15347e-10 1.67599e-07 0.00657135 6.67164e-05 0.227181 0.00268824 1.34639e-05 0.450598 0.210615 8.8109e-06 0.000115965 
0.00493629 0.00019331 0.0032684 4.73732e-05 0.252692 0.000110645 0.00021559 0.0031643 0.00213362 0.00051041 0.011029 0.0110972 0.00236226 5.98298e-06 6.9004e-05 0.00210501 1.75193e-06 4.25713e-05 3.08514e-05 1.50122e-05 0.663558 0.0376691 1.18257e-05 0.00473109 
0.0314055 0.00439733 0.0034775 0.126619 0.0117233 0.000664329 0.000672749 0.0188902 0.000389535 0.000225558 0.10612 0.0441953 0.0478682 2.45294e-08 0.000164105 0.000746437 0.000395764 0.0387835 0.00214171 0.000401836 0.342809 0.104998 0.00398797 0.108923 
0.150489 0.0032602 0.0620265 0.000556818 0.0533889 0.0146271 0.00440255 0.050754 0.0409815 0.0849087 0.0173079 0.030842 0.059638 1.13973e-05 4.28999e-05 0.0124766 0.0019604 0.0466655 0.00529049 0.00416276 0.289474 0.0533171 0.00790997 0.00550568 
0.0667744 6.42165e-05 0.00465182 0.00130117 0.00231906 9.0019e-08 4.39588e-06 0.00280276 0.00187619 8.2492e-05 0.00207552 0.00510625 0.0150826 3.15347e-10 1.67599e-07 0.00657135 6.67164e-05 0.227181 0.00268824 1.34639e-05 0.450598 0.210615 8.8109e-06 0.000115965 
0.0429174 2.46948e-05 0.0588681 0.00071328 0.0360611 1.70713e-05 0.0376156 0.099904 0.00396235 0.227063 0.0110075 0.0130489 0.03261 2.81261e-07 4.07697e-05 0.00052787 9.73702e-05 0.000869089 0.00462991 0.000777149 0.286215 0.125227 0.0163809 0.00142149 
0.00537695 0.000246626 0.00677909 0.000663016 0.00364819 0.0006203 1.24163e-07 0.00219643 0.000910609 0.000276742 0.0685554 0.00373999 0.211319 3.13403e-07 0.000173154 2.50043e-05 0.000336964 0.0164235 0.000723737 1.69536e-07 0.604721 0.0545445 0.00101946 0.0176993 
0.0227275 0.00229765 0.0113876 0.0019535 0.0801722 2.27362e-05 0.00301401 0.0375446 0.0315579 0.00483427 0.0279284 0.0226131 0.102019 0.000366797 3.32986e-05 0.00453286 0.000400207 0.00121768 0.00292846 3.67619e-05 0.598343 0.0376614 0.00136317 0.00504416 
0.0142575 0.000633192 0.0207051 4.79892e-06 0.250085 6.84509e-06 0.0016934 0.00268083 0.180259 0.000505414 0.00637748 0.00208649 0.0138544 8.56809e-07 0.000125408 0.00014867 4.20727e-05 3.90971e-05 0.00657887 2.99729e-05 0.496185 0.00297472 7.7373e-05 0.000647976 
0.0379092 0.00236121 0.0209946 0.000669265 0.190083 0.000467703 0.00266989 0.0304621 0.012905 0.0119407 0.0396511 0.040874 0.101946 0.000162284 7.60365e-05 0.00130466 2.30861e-05 0.00320009 0.000779944 0.000599878 0.409896 0.083639 0.00340003 0.00398555 
0.0667744 6.42165e-05 0.00465182 0.00130117 0.00231906 9.0019e-08 4.39588e-06 0.00280276 0.00187619 8.2492e-05 0.00207552 0.00510625 0.0150826 3.15347e-10 1.67599e-07 0.00657135 6.67164e-05 0.227181 0.00268824 1.34639e-05 0.450598 0.210615 8.8109e-06 0.000115965 
0.0667744 6.42165e-05 0.00465182 0.00130117 0.00231906 9.0019e-08 4.39588e-06 0.00280276 0.00187619 8.2492e-05 0.00207552 0.00510625 0.0150826 3.15347e-10 1.67599e-07 0.00657135 6.67164e-05 0.227181 0.00268824 1.34639e-05 0.450598 0.210615 8.8109e-06 0.000115965 
0.119223 1.27578e-10 0.0164215 1.14388e-10 0.238338 0.0493589 7.73172e-11 0.00391763 0.0199116 0.0443263 0.0052484 0.00520152 0.133681 1.95158e-10 1.21983e-06 0.000761582 9.8715e-08 0.00207822 0.000571055 1.41367e-07 0.243063 0.117764 3.6615e-07 0.000131276 
0.0498114 0.00257125 0.0335504 0.00118795 0.136232 2.31564e-05 0.0146234 0.033492 0.0170341 0.0257952 0.0675306 0.0351231 0.17653 0.000262961 9.7772e-05 0.0095796 0.00840838 0.00797819 0.0038982 0.000723483 0.309618 0.0417031 0.000324339 0.0239004 
0.0146359 2.4919e-06 0.00178001 1.20881e-05 0.28971 3.13561e-06 0.000700791 0.00307808 0.0440622 0.000124536 4.17147e-05 0.00105927 0.00588558 1.40533e-06 7.34576e-07 7.99089e-05 2.57716e-05 0.000829641 0.000609728 1.26753e-05 0.629178 0.00489088 7.04549e-05 0.0032048 
0.00104759 0.00261843 0.00222703 1.23089e-06 0.000161979 3.67003e-07 8.31989e-07 0.000349531 1.04521e-06 0.00469978 4.49381e-06 0.0158521 1.13834e-07 2.10004e-06 1.29065e-06 9.00048e-06 0.0158101 5.98612e-07 5.57304e-05 1.13603e-06 0.942392 0.0137742 0.000839031 0.000149962 
0.0229586 0.0184908 0.0176566 0.00058826 0.0373425 2.51466e-05 0.0056243 0.00470018 0.0589164 0.000121643 0.0451704 0.254219 0.0649071 1.00795e-07 3.13816e-05 0.00852726 0.00359394 0.00851941 0.00365187 0.00103055 0.366574 0.0708699 0.00125263 0.00522896 
0.00113183 4.62987e-07 0.152984 2.77864e-10 0.128009 0.000601238 1.33563e-05 1.68132e-06 0.0978424 1.03717e-06 0.20607 0.0217153 0.0484736 4.74067e-10 0.000202553 4.55014e-08 0.000546236 1.48217e-06 7.827e-06 2.56448e-10 0.270451 0.047179 4.99686e-07 0.024767 
0.126347 0.000591419 0.0596829 0.00831754 0.093462 0.000133187 0.00255299 0.0485541 0.0613934 0.0101299 0.0329761 0.00924514 0.0741169 3.91102e-08 0.000168914 0.00403239 0.000399105 0.00827218 0.00211479 6.51833e-05 0.255782 0.192337 0.000501456 0.00882433 
0.00373988 0.00361345 0.0608585 0.0207349 0.109046 1.73608e-05 0.0111242 0.210866 0.00560341 0.00405512 0.0564245 0.0375018 0.0216508 0.000100099 2.38e-06 0.00723821 7.61565e-05 0.000125615 0.00168915 0.000304592 0.423282 0.0067028 0.00376755 0.0114753 
0.0667744 6.42165e-05 0.00465182 0.00130117 0.00231906 9.0019e-08 4.39588e-06 0.00280276 0.00187619 8.2492e-05 0.00207552 0.00510625 0.0150826 3.15347e-10 1.67599e-07 0.00657135 6.67164e-05 0.227181 0.00268824 1.34639e-05 0.450598 0.210615 8.8109e-06 0.000115965 
0.00195735 0.000147364 0.0015253 7.48565e-07 0.066488 5.55877e-07 0.00104028 0.0032322 0.0399689 0.00063885 0.00607926 0.00856696 0.00317874 6.72494e-05 3.561e-06 0.00097703 3.82045e-07 9.80188e-05 0.00148506 3.0098e-06 0.857395 0.0055116 1.85245e-05 0.00161654 
0.0104799 2.68897e-05 0.0394763 0.000817127 0.001239 1.01772e-06 7.98237e-05 0.0452925 3.84271e-09 0.0050154 0.000296461 0.00642567 6.70515e-05 7.72081e-09 5.08757e-06 0.000160429 0.000295505 0.0983885 2.01761e-05 4.1766e-09 0.486649 0.304184 0.0010487 3.10337e-05 
0.00900061 0.00472302 0.0372179 0.000277827 0.145738 4.63147e-06 0.00154642 0.0145906 0.0034464 0.0133528 0.00536852 0.0137982 0.0241468 3.08438e-05 1.92673e-07 0.00988949 1.08295e-05 0.000199203 0.00124098 7.17855e-05 0.705292 0.00651679 0.000456216 0.00308017 
0.0839384 0.00208735 0.227551 0.00123 0.131033 0.00999122 0.0560601 0.0960423 0.0358414 0.00549518 0.00855121 0.0176597 0.0207235 0.00206528 3.65841e-06 0.000384712 0.00195054 0.0164267 0.00782065 0.00172708 0.235662 0.00697303 0.00183434 0.0289481 
1.57234e-05 1.57082e-05 0.281443 1.57101e-05 1.57227e-05 1.57211e-05 1.57152e-05 1.57235e-05 0.00630069 0.0566037 0.11008 1.57245e-05 0.133673 1.56988e-05 1.57092e-05 1.57227e-05 1.56917e-05 1.57181e-05 1.57146e-05 1.57112e-05 0.317283 0.0597641 1.57168e-05 0.0346016 
0.00264316 3.50059e-06 0.120572 1.18551e-06 0.0740483 6.58676e-07 0.00647343 0.044638 0.150884 0.0193659 1.23747e-05 0.00912888 0.00984132 5.76607e-06 6.29208e-09 1.30689e-06 1.2964e-08 0.00151802 4.24926e-09 9.88798e-07 0.548509 0.0111602 4.41902e-05 0.00114866 
0.0667744 6.42165e-05 0.00465182 0.00130117 0.00231906 9.0019e-08 4.39588e-06 0.00280276 0.00187619 8.2492e-05 0.00207552 0.00510625 0.0150826 3.15347e-10 1.67599e-07 0.00657135 6.67164e-05 0.227181 0.00268824 1.34639e-05 0.450598 0.210615 8.8109e-06 0.000115965 
0.0050754 0.000384798 0.0140725 0.000123384 0.00832492 5.49373e-05 0.00056974 0.0596815 0.00216917 0.0600637 0.00214289 0.000681669 0.00575421 0.000388551 0.00029794 0.000108151 0.000976755 0.000756815 0.000354835 2.46873e-05 0.675607 0.146642 0.000538209 0.0152059 
0.0519913 0.00135816 0.0394564 0.000587968 0.0785589 0.00118108 0.0077433 0.0719975 0.0230021 0.0463117 0.0456097 0.0272485 0.0748272 0.000162705 0.000486885 0.0093402 0.00013239 0.00506892 0.00402165 0.000157163 0.460545 0.0364235 0.00288406 0.0109043 
0.192436 6.43782e-05 0.0121854 2.31778e-05 0.0161838 5.46753e-06 0.000935649 0.0136259 0.0672615 0.00254488 0.00716904 0.00935297 0.0337564 3.48553e-10 4.98662e-06 0.0782699 1.40229e-05 0.00309985 0.00122863 5.78604e-06 0.54109 0.0193525 0.000511361 0.000877773 
0.0249976 0.00439461 0.0187508 0.000892026 0.0666962 2.6925e-06 0.0158457 0.0251054 0.0256293 0.0502974 0.0268752 0.0511906 0.17919 0.000918959 1.15163e-05 0.0009257 0.0277868 0.00791133 0.00319862 0.000336293 0.40531 0.036806 0.000785021 0.0261425 
0.0448365 0.000426309 0.0156865 0.000322576 0.0731725 6.35625e-05 0.00193062 0.0399366 0.0129913 0.00660011 0.024146 0.0251529 0.0590053 3.14938e-06 0.000119435 0.00193283 4.16624e-05 0.00205029 0.00862235 0.000104102 0.612627 0.063954 0.00269859 0.00357554 
0.283401 0.00455589 0.0188233 0.00272304 0.0454776 1.86919e-07 8.15564e-06 0.036369 0.00320587 0.00618527 0.0102502 0.028897 0.0333485 4.70531e-10 1.62244e-08 0.000331294 5.25171e-05 0.00289814 0.00269493 5.29418e-06 0.510354 0.00764609 8.52728e-06 0.00276475 
0.0264441 0.000170581 0.007512 0.000109808 0.057101 1.63611e-05 0.00176091 0.0183619 0.00323211 0.00162142 0.0203628 0.0144687 0.00657362 4.51399e-06 4.48986e-06 0.000542028 6.93414e-06 0.00350999 0.00445161 0.000113757 0.799304 0.0333257 0.000192214 0.000809686 
0.00031096 2.2232e-08 0.0685566 0.0003257 0.0425774 1.6777e-05 1.34735e-08 0.0146138 0.0970655 0.014244 1.5893e-05 0.000471924 2.80105e-05 3.40087e-08 2.09012e-08 7.12203e-06 4.30643e-08 2.13013e-06 1.20334e-05 1.83972e-08 0.760989 5.34885e-07 2.96857e-06 0.000759818 
0.245438 0.000113245 0.0556388 0.000178213 0.111684 0.00142981 0.0151715 0.017631 0.000633519 0.0224621 0.020515 0.0168498 0.0830256 4.0499e-09 1.88921e-05 0.000957305 0.000158658 0.00625517 0.001176 5.96641e-05 0.326913 0.0663423 0.000348267 0.0069997 
0.00367591 1.16604e-06 0.0776478 0.000152702 0.127609 4.69718e-06 0.002956 0.017172 0.0667132 0.000627273 0.00296386 0.0400541 0.000266498 1.67459e-07 2.29745e-05 3.43949e-05 1.1241e-05 0.0038959 0.0287463 0.000116167 0.585262 0.0338777 0.00717856 0.00101085 
0.0551592 0.000589466 0.0275937 0.00147253 0.0500989 0.000536719 0.00441577 0.0210041 0.017722 0.00723665 0.00636608 0.0265508 0.0307777 0.0002393 4.25951e-05 0.00535325 0.000189866 0.00489296 0.00386284 0.000181721 0.667644 0.0551964 0.00108996 0.0117837 
0.00485948 0.0149144 0.00323991 0.00411423 0.00814839 3.70998e-06 0.000693942 0.00752083 0.00281419 0.0144242 0.0030829 0.017096 0.0401753 4.45013e-06 2.59201e-06 0.000943637 4.33299e-05 0.000728047 0.00176029 8.07509e-08 0.830298 0.044011 0.000155629 0.0009657 
0.00556425 0.000560929 0.00254407 6.3578e-05 0.00686868 7.54112e-05 0.000149061 0.00257704 0.117384 0.000167388 0.00282026 0.00124192 0.00558382 5.06335e-08 0.000134171 8.13709e-05 0.00057187 0.00061552 0.00130199 4.30879e-06 0.73031 0.11965 0.000153089 0.00157748 
0.0667744 6.42165e-05 0.00465182 0.00130117 0.00231906 9.0019e-08 4.39588e-06 0.00280276 0.00187619 8.2492e-05 0.00207552 0.00510625 0.0150826 3.15347e-10 1.67599e-07 0.00657135 6.67164e-05 0.227181 0.00268824 1.34639e-05 0.450598 0.210615 8.8109e-06 0.000115965 
7.89856e-05 5.92195e-05 0.0112974 7.39256e-08 0.000333974 2.20416e-08 3.48962e-05 0.00179477 0.00232134 0.00387049 0.00142482 0.0243277 0.00209705 1.62145e-05 1.23167e-05 1.61012e-06 5.24621e-05 0.0129508 0.00892926 0.0149309 0.773675 0.141481 0.000196835 0.000112787 
2.23256e-08 1.60372e-07 0.000592677 1.43791e-07 2.81587e-08 4.28728e-08 9.71918e-08 2.05673e-08 4.8962e-05 0.000226551 0.276211 1.23234e-08 0.000113045 2.45324e-07 1.50772e-07 2.79839e-08 3.10647e-07 6.9929e-08 1.01822e-07 1.32709e-07 0.72262 8.79372e-05 8.24949e-08 9.86203e-05 
0.0667744 6.42165e-05 0.00465182 0.00130117 0.00231906 9.0019e-08 4.39588e-06 0.00280276 0.00187619 8.2492e-05 0.00207552 0.00510625 0.0150826 3.15347e-10 1.67599e-07 0.00657135 6.67164e-05 0.227181 0.00268824 1.34639e-05 0.450598 0.210615 8.8109e-06 0.000115965 
0.000676273 0.000495001 0.00192249 0.0656855 8.41391e-05 6.55434e-05 4.62102e-05 0.000454603 0.000338691 0.000419506 0.000316587 0.0293391 0.000935918 5.54466e-07 1.3249e-05 0.00203708 0.00173935 0.00240167 0.00027699 2.9994e-07 0.779918 0.112371 0.000288405 0.000174216 
1.57234e-05 1.57082e-05 0.281443 1.57101e-05 1.57227e-05 1.57211e-05 1.57152e-05 1.57235e-05 0.00630069 0.0566037 0.11008 1.57245e-05 0.133673 1.56988e-05 1.57092e-05 1.57227e-05 1.56917e-05 1.57181e-05 1.57146e-05 1.57112e-05 0.317283 0.0597641 1.57168e-05 0.0346016 
0.0106261 0.000445951 0.00633281 0.000424999 0.18432 2.25607e-05 0.00716762 0.0166928 0.0206812 0.00660162 0.0057021 0.00597267 0.0236851 1.5302e-05 4.3004e-06 0.0014249 0.000104619 0.0146391 0.00195759 3.89175e-06 0.633856 0.0537458 0.000559602 0.005014 
0.0667744 6.42165e-05 0.00465182 0.00130117 0.00231906 9.0019e-08 4.39588e-06 0.00280276 0.00187619 8.2492e-05 0.00207552 0.00510625 0.0150826 3.15347e-10 1.67599e-07 0.00657135 6.67164e-05 0.227181 0.00268824 1.34639e-05 0.450598 0.210615 8.8109e-06 0.000115965 
0.0667744 6.42165e-05 0.00465182 0.00130117 0.00231906 9.0019e-08 4.39588e-06 0.00280276 0.00187619 8.2492e-05 0.00207552 0.00510625 0.0150826 3.15347e-10 1.67599e-07 0.00657135 6.67164e-05 0.227181 0.00268824 1.34639e-05 0.450598 0.210615 8.8109e-06 0.000115965 
0.0499589 0.000457946 0.0112135 0.000231028 0.0813593 5.30527e-05 0.00193677 0.0121988 0.0049034 0.0035741 0.101481 0.103615 0.0383746 0.0726308 0.00703003 0.0407485 0.000236878 0.0941842 0.024685 1.80226e-05 0.303361 0.043598 0.000314674 0.00383565 
0.0331334 5.49495e-05 0.0106512 6.13134e-05 0.210328 3.7426e-05 0.13039 0.0623977 0.0155222 0.00480143 0.0271304 0.0427233 0.00632712 2.95017e-05 3.59713e-05 0.0183784 3.2735e-05 6.50997e-05 0.00239983 5.24014e-05 0.428646 0.0028136 7.83918e-05 0.00390937 
0.0357452 0.000419072 0.0252707 0.00876371 0.0414602 0.00039631 0.00705331 0.0833969 0.0101325 0.00609918 0.0145169 0.0997834 0.105003 0.000509229 3.64803e-05 0.0902275 0.000373874 0.0250993 0.00154708 0.000324322 0.195858 0.12224 0.0835038 0.04224 
0.092081 0.00254815 0.0607133 0.000220498 0.0993148 0.0108998 0.0169817 0.0397757 0.000452544 0.126376 0.00716914 0.0132786 0.0239957 7.91239e-05 3.69988e-06 0.00427254 4.47325e-06 0.00502506 0.00265276 0.00205945 0.466385 0.0105119 4.35382e-05 0.015156 
0.00146987 2.64542e-07 0.00110881 3.69179e-05 0.00926999 1.27806e-06 0.000279767 0.00230156 0.103018 7.89397e-05 0.00429325 0.00208478 0.00255726 1.93085e-05 6.21472e-08 8.15948e-09 2.10034e-10 5.80589e-05 0.000388599 2.82772e-05 0.863458 0.00684697 0.00260997 9.05869e-05 
0.00980306 8.01776e-05 0.0774695 0.000432551 0.0957248 1.9841e-05 0.00319216 0.0274509 0.136728 0.0116408 0.00784545 0.0170778 0.0091054 1.06277e-06 9.11908e-06 0.0025411 8.56e-05 0.00287362 0.0314163 9.54211e-05 0.531094 0.0336753 0.00018779 0.00145037 
0.00453316 0.000403773 0.000641646 0.000495782 0.00405428 4.39898e-07 2.86681e-06 0.00866935 0.00096232 0.00106728 0.00222825 0.0138421 0.0130044 9.52221e-09 1.09397e-06 3.41023e-05 1.31186e-06 0.00292209 9.88291e-06 4.1315e-05 0.921655 0.00684639 0.00921273 0.00937008 
0.0802854 0.00508588 4.3531e-05 0.000869935 0.0135436 0.000273121 4.11349e-05 0.0427494 0.0478426 0.0127563 0.00601007 0.00244874 0.0368615 1.83702e-08 0.0165559 2.9851e-05 0.00193974 0.000230118 0.0026351 5.93033e-07 0.393623 0.326554 0.00430643 0.00531357 
0.00457456 0.00652803 0.00853549 5.709e-05 0.189095 1.61889e-06 0.00032861 0.00150847 0.000183025 0.00027074 0.0011415 0.00737302 0.0133139 2.4087e-10 1.36459e-07 0.00125903 4.55265e-05 0.00122089 0.000333979 2.76098e-06 0.75047 0.01334 8.12363e-07 0.000415967 
0.0122422 0.00125794 0.00972701 0.000705733 0.117504 1.20499e-05 0.000451132 0.0101769 0.00946238 0.00129683 0.00693639 0.0162543 0.0200012 2.92431e-10 5.99597e-07 0.00121135 2.50625e-05 0.000968253 0.000663 4.646e-06 0.767888 0.0220589 9.04117e-05 0.00106181 
0.129515 0.000234818 0.0160111 0.000185129 0.0851757 3.508e-05 0.00324503 0.0496461 0.00246037 0.00773709 0.0126826 0.00529771 0.00892699 2.82175e-06 8.7167e-08 0.000933423 6.59026e-07 0.00110265 0.0178438 1.67317e-07 0.621329 0.0373957 4.89934e-10 0.000238511 
0.0155748 0.0206274 0.00558718 0.00940515 0.0824271 2.225e-10 0.00437092 0.0371416 0.000123078 0.00497447 0.0112441 0.00541455 0.0215302 6.43462e-06 1.75767e-07 5.96567e-05 1.61219e-09 1.03565e-06 0.00130963 5.96651e-06 0.744486 0.0171966 6.53835e-06 0.0185075 
0.0158544 0.00134935 0.0281831 0.00121678 0.139845 9.49775e-06 0.00765359 0.0462948 0.00361078 0.0175154 0.0322966 0.0265483 0.0365223 0.000273763 9.44424e-07 0.000246675 0.00260576 0.00266311 0.00435953 6.54752e-07 0.522616 0.091102 0.000584566 0.0186472 
0.0167969 0.00149895 0.0104575 0.00195586 0.195561 2.48248e-05 0.00407769 0.0248338 0.139489 0.00641636 0.024485 0.0278612 0.0869549 0.000195869 3.62535e-05 0.00355025 0.000211861 0.00102093 0.0152628 4.09533e-05 0.30562 0.132716 0.000339661 0.000591859 
0.0175662 0.00180325 0.0492347 0.00473492 0.0758485 0.00045633 0.00169282 0.00228998 0.0188908 0.00587049 0.00937803 0.00765529 0.0457643 0.000167911 4.31918e-05 0.00962145 0.000169963 0.00261945 0.000191889 1.9127e-05 0.693374 0.0272971 0.000874469 0.0244359 
0.000889405 0.00805841 0.00941445 8.86818e-07 0.0412698 0.000128342 0.0039995 0.00290281 0.00113924 0.000891711 0.00359648 0.00406306 0.00115334 0.00226677 0.000151068 0.000406766 0.000719022 0.000424572 0.14619 0.00334427 0.633556 0.132116 0.00211022 0.00120701 
0.0667744 6.42165e-05 0.00465182 0.00130117 0.00231906 9.0019e-08 4.39588e-06 0.00280276 0.00187619 8.2492e-05 0.00207552 0.00510625 0.0150826 3.15347e-10 1.67599e-07 0.00657135 6.67164e-05 0.227181 0.00268824 1.34639e-05 0.450598 0.210615 8.8109e-06 0.000115965 
0.0162822 0.00103281 0.000824519 0.00074137 0.00406485 3.5736e-05 0.00017507 0.00109001 0.0511326 8.97093e-05 0.00256469 0.00837635 0.00890465 2.9933e-09 1.80493e-06 0.00141377 3.3106e-07 4.95921e-05 0.0262192 0.00010024 0.820411 0.0564181 7.16453e-05 1.64452e-07 
0.0304999 0.000496845 0.0211893 0.00418302 0.168377 3.37325e-05 0.0032543 0.0470944 0.00320951 0.0172013 0.0227941 0.0157984 0.0968533 1.15533e-07 0.00105293 0.0393955 0.000188115 0.00446902 0.00212182 6.89063e-05 0.357525 0.153354 0.00203846 0.00880103 
0.0211534 5.24022e-07 0.0219892 2.24243e-05 0.0150778 6.88197e-06 0.034473 0.00437174 0.0981642 1.50931e-05 3.12145e-05 0.0199365 2.97547e-05 0.000198678 7.6836e-06 0.000174996 1.01505e-06 1.56218e-05 3.32707e-07 4.33632e-07 0.704853 0.0791439 0.000332754 1.46409e-07 
0.0667744 6.42165e-05 0.00465182 0.00130117 0.00231906 9.0019e-08 4.39588e-06 0.00280276 0.00187619 8.2492e-05 0.00207552 0.00510625 0.0150826 3.15347e-10 1.67599e-07 0.00657135 6.67164e-05 0.227181 0.00268824 1.34639e-05 0.450598 0.210615 8.8109e-06 0.000115965 
5.25332e-07 0.00691875 0.000169989 5.40654e-05 6.62586e-07 1.00882e-06 2.28697e-06 0.00058647 2.87306e-06 1.48038e-06 0.116555 0.000284071 0.000115146 5.77258e-06 3.54773e-06 0.000114088 7.30966e-06 0.227513 2.39591e-06 3.1227e-06 0.443956 0.202057 0.00164478 1.05433e-06 
0.0155253 0.000475544 0.00212999 6.83107e-05 0.281189 7.31961e-06 0.00071544 0.00265208 0.00395347 0.000762608 0.0266717 0.00994556 0.0281777 2.08865e-08 0.000849071 0.00161917 1.76982e-05 0.0134432 0.00150609 7.65573e-06 0.46727 0.141933 0.000106175 0.000974577 
0.00373988 0.00361345 0.0608585 0.0207349 0.109046 1.73608e-05 0.0111242 0.210866 0.00560341 0.00405512 0.0564245 0.0375018 0.0216508 0.000100099 2.38e-06 0.00723821 7.61565e-05 0.000125615 0.00168915 0.000304592 0.423282 0.0067028 0.00376755 0.0114753 
0.0667744 6.42165e-05 0.00465182 0.00130117 0.00231906 9.0019e-08 4.39588e-06 0.00280276 0.00187619 8.2492e-05 0.00207552 0.00510625 0.0150826 3.15347e-10 1.67599e-07 0.00657135 6.67164e-05 0.227181 0.00268824 1.34639e-05 0.450598 0.210615 8.8109e-06 0.000115965 
0.00146987 2.64542e-07 0.00110881 3.69179e-05 0.00926999 1.27806e-06 0.000279767 0.00230156 0.103018 7.89397e-05 0.00429325 0.00208478 0.00255726 1.93085e-05 6.21472e-08 8.15948e-09 2.10034e-10 5.80589e-05 0.000388599 2.82772e-05 0.863458 0.00684697 0.00260997 9.05869e-05 
0.0282989 0.00332997 0.0241295 0.000862907 0.0466587 0.000192636 0.00710047 0.0615094 0.02523 0.0163156 0.0116309 0.0265105 0.00637315 1.02592e-05 4.24642e-05 0.000122443 0.00990551 0.0114112 0.00354005 8.88706e-05 0.439273 0.264255 0.00220339 0.0110053 
0.0750826 0.000228012 0.0280565 0.010925 0.262763 0.00320523 0.00105895 0.0255893 0.0267402 0.0281454 0.0240465 0.0101623 0.0624263 0.00122618 0.000287656 0.000103327 0.000873663 0.00285783 0.00245312 9.98388e-05 0.2846 0.133619 0.000153077 0.0152974 
0.0667744 6.42165e-05 0.00465182 0.00130117 0.00231906 9.0019e-08 4.39588e-06 0.00280276 0.00187619 8.2492e-05 0.00207552 0.00510625 0.0150826 3.15347e-10 1.67599e-07 0.00657135 6.67164e-05 0.227181 0.00268824 1.34639e-05 0.450598 0.210615 8.8109e-06 0.000115965 
3.61591e-06 0.00132033 0.0235776 2.86762e-07 0.0529119 8.55009e-08 0.0194651 0.00241356 0.0624928 0.00329407 3.59818e-06 0.00134582 1.85134e-05 1.24087e-05 3.00684e-07 3.50954e-05 6.32326e-06 2.41522e-06 0.000312326 2.64661e-07 0.831504 0.00108567 1.64519e-07 0.000194149 
0.0667744 6.42165e-05 0.00465182 0.00130117 0.00231906 9.0019e-08 4.39588e-06 0.00280276 0.00187619 8.2492e-05 0.00207552 0.00510625 0.0150826 3.15347e-10 1.67599e-07 0.00657135 6.67164e-05 0.227181 0.00268824 1.34639e-05 0.450598 0.210615 8.8109e-06 0.000115965 
0.0181147 0.00250707 0.0120237 0.0012909 0.0755328 0.000551002 0.00312962 0.0263576 0.0188269 0.0106611 0.0444367 0.0201422 0.0512429 0.000135858 0.000175726 0.00500735 0.00137442 0.00389533 0.00499093 0.000936837 0.648042 0.0410627 0.000437019 0.00912483 
0.00548361 0.00427196 0.0190535 2.69351e-05 0.0655562 6.61696e-06 0.00196154 0.0127768 0.00147845 0.00079364 0.00937449 0.0200964 0.0143025 3.05197e-06 1.95638e-06 0.000574278 2.39553e-06 0.000759071 0.0126306 5.52159e-06 0.80714 0.0209116 0.000213334 0.00257581 
0.0627995 0.000688727 0.00983423 0.00385149 0.101628 4.39452e-07 0.00257815 0.00233902 0.0233605 0.0298396 0.00424589 0.00740154 0.110962 2.00308e-05 8.40057e-05 0.0106613 0.00650533 0.0037071 3.81629e-05 0.000452142 0.545135 0.0708712 2.91561e-05 0.00296699 
0.0176982 0.000270363 0.00571931 8.92396e-05 0.321402 2.09189e-07 0.00964373 0.0485646 5.45861e-05 0.0086567 0.00201089 0.00918886 0.0071485 1.8769e-08 5.28954e-08 0.000945611 6.38741e-05 0.00222729 0.0545449 6.10173e-06 0.468732 0.0365739 0.000224942 0.00623418 
1.27768e-07 0.000459816 1.89478e-07 8.2291e-07 1.6115e-07 2.45358e-07 5.56223e-07 1.17705e-07 6.98769e-07 3.6005e-07 1.25367e-07 0.000395014 7.6103e-08 1.40397e-06 8.62859e-07 1.6015e-07 1.77781e-06 4.002e-07 5.8272e-07 7.67083e-05 0.997926 1.32402e-07 0.00113355 2.56428e-07 
0.0667744 6.42165e-05 0.00465182 0.00130117 0.00231906 9.0019e-08 4.39588e-06 0.00280276 0.00187619 8.2492e-05 0.00207552 0.00510625 0.0150826 3.15347e-10 1.67599e-07 0.00657135 6.67164e-05 0.227181 0.00268824 1.34639e-05 0.450598 0.210615 8.8109e-06 0.000115965 
0.0163196 0.00362885 0.0718734 0.0263495 0.079655 4.23524e-05 0.00766738 0.208263 0.00359489 0.00717159 0.0481588 0.108209 0.0298644 5.0338e-05 3.56449e-06 0.0891499 0.027619 0.00129679 0.00493416 0.00169584 0.216068 0.0078735 0.0221841 0.0183276 
0.00113141 0.000675036 0.221911 8.94058e-07 0.00370153 0.000600631 6.2581e-11 9.32324e-07 4.07294e-06 2.36173e-06 0.156845 0.009126 0.0328623 1.57962e-10 0.159142 2.53934e-08 2.81891e-07 1.0525e-05 7.0522e-07 8.54501e-11 0.295734 0.114763 8.53773e-07 0.00348686 
0.0616034 0.00163783 0.0467668 0.00170507 0.10789 0.00391993 0.0250242 0.0387961 0.006 0.00838319 0.0186363 0.0739714 0.0673474 2.21031e-06 1.09599e-05 0.00254174 2.53046e-05 0.0118793 0.00128751 2.64071e-05 0.384281 0.083949 0.00627083 0.0480445 
0.0104799 2.68897e-05 0.0394763 0.000817127 0.001239 1.01772e-06 7.98237e-05 0.0452925 3.84271e-09 0.0050154 0.000296461 0.00642567 6.70515e-05 7.72081e-09 5.08757e-06 0.000160429 0.000295505 0.0983885 2.01761e-05 4.1766e-09 0.486649 0.304184 0.0010487 3.10337e-05 
0.016576 0.00420337 0.00786765 3.25384e-05 0.153444 2.43914e-05 0.000705844 0.00731619 0.000526816 0.00121803 0.00448852 0.0158802 0.0160758 4.47409e-09 0.000125714 0.00103715 1.18674e-05 0.00186971 0.00341352 8.10525e-07 0.728038 0.03386 0.0028294 0.000453964 
0.0924442 0.00139236 0.0402138 0.00301875 0.107485 8.64179e-05 0.0145957 0.027295 0.0150976 0.0135106 0.0198785 0.0239966 0.0943229 0.000126613 7.2495e-05 0.00907703 0.000104503 0.00256402 0.0083363 5.5656e-05 0.435967 0.0471605 0.0029244 0.0402735 
0.0104799 2.68897e-05 0.0394763 0.000817127 0.001239 1.01772e-06 7.98237e-05 0.0452925 3.84271e-09 0.0050154 0.000296461 0.00642567 6.70515e-05 7.72081e-09 5.08757e-06 0.000160429 0.000295505 0.0983885 2.01761e-05 4.1766e-09 0.486649 0.304184 0.0010487 3.10337e-05 
0.129515 0.000234818 0.0160111 0.000185129 0.0851757 3.508e-05 0.00324503 0.0496461 0.00246037 0.00773709 0.0126826 0.00529771 0.00892699 2.82175e-06 8.7167e-08 0.000933423 6.59026e-07 0.00110265 0.0178438 1.67317e-07 0.621329 0.0373957 4.89934e-10 0.000238511 
0.00447501 6.73605e-05 0.00766206 2.20568e-05 0.0814992 1.07148e-05 0.000453322 0.0166922 0.0015964 0.00931227 0.0041458 0.0248354 0.0333015 9.94296e-07 9.74669e-07 0.000823283 2.27468e-05 0.000515816 0.000876077 0.000377105 0.790658 0.00970715 0.0100308 0.0029142 
0.260665 3.8487e-07 0.00865038 6.99294e-06 0.0784776 4.59955e-05 1.03377e-06 0.00568927 0.0129951 0.00459966 0.000692215 0.00671964 0.00762552 3.7415e-09 0.000359515 5.58945e-06 1.95905e-07 0.000687273 5.48962e-07 4.8569e-06 0.61227 0.000271127 1.25815e-09 0.000231787 
0.060638 0.00242049 0.0461399 0.00112828 0.175946 0.00106598 0.00376799 0.056996 0.00950966 0.0485773 0.0288709 0.0289797 0.0871317 0.000310764 0.000157266 0.0105292 0.000968272 0.00582129 0.00964252 0.000379969 0.375252 0.033059 0.00275227 0.00995539 
0.0667744 6.42165e-05 0.00465182 0.00130117 0.00231906 9.0019e-08 4.39588e-06 0.00280276 0.00187619 8.2492e-05 0.00207552 0.00510625 0.0150826 3.15347e-10 1.67599e-07 0.00657135 6.67164e-05 0.227181 0.00268824 1.34639e-05 0.450598 0.210615 8.8109e-06 0.000115965 
