0.0309527 0.000782558 0.00109993 0.00270918 0.00166163 0.0104015 2.21761e-06 0.000370177 7.90539e-05 0.000329091 0.00186897 0.00476779 0.0128267 2.92056e-11 0.00698279 0.000645984 0.00552597 0.00100196 3.68479e-05 1.98334e-05 1.67513e-05 0.913684 9.13256e-05 0.00414317 
0.253305 0.0256302 0.0151936 0.00796823 0.00806446 0.000150625 0.00468745 0.0320097 0.00365763 0.00186165 0.0129944 0.107089 0.0469071 5.39789e-06 8.08135e-07 2.96356e-05 2.7675e-05 0.00732913 0.0266224 0.00291418 0.000698931 0.422355 0.0187919 0.00170571 
0.0231768 0.00272772 0.0174388 0.00181101 0.0194345 0.00020372 0.00746526 0.0297476 0.00440558 0.0886549 0.0504376 0.125147 0.10017 2.34575e-09 0.000817182 0.000298011 4.16005e-05 0.00186561 0.10627 2.26291e-05 5.62967e-06 0.417515 0.000600801 0.00174347 
0.0139197 0.0033779 0.00194543 0.00518305 9.8961e-05 0.000162665 0.000514014 0.0156594 5.02426e-06 0.000906103 0.00444997 0.0778487 0.0603357 2.93146e-06 0.000193127 0.00436818 3.47954e-05 0.000223861 0.00623415 0.00320541 1.72855e-07 0.796063 0.00523753 2.99864e-05 
0.0471044 0.00161145 0.00130846 1.03912e-05 0.00506645 0.00520126 9.65084e-07 0.00362646 0.00170364 0.000375881 0.0114296 0.00641883 0.0182918 1.80698e-08 0.00665736 1.43468e-05 1.96349e-05 0.000496784 0.00151143 2.49867e-06 4.76403e-06 0.888157 0.000296246 0.000690439 
0.0210491 5.6794e-07 0.00605659 0.00717406 0.000241868 0.000388883 6.25404e-08 2.07804e-06 1.57362e-08 2.77101e-06 0.0156098 0.0156201 0.0361217 5.67492e-11 0.000713093 0.000420937 0.000177833 0.0127174 0.00291162 7.31201e-05 3.47632e-07 0.880477 8.33406e-05 0.00015779 
0.0406797 0.00147753 0.00412122 6.07702e-05 0.0345375 7.36472e-05 0.00208619 0.0609141 0.00174134 0.00190958 0.106734 0.156746 0.221317 1.03853e-05 7.57853e-05 0.00377583 0.000114159 0.0133606 0.0173047 0.000171641 0.000887689 0.324497 0.00177596 0.0056271 
0.135957 0.000896547 0.00390106 4.43308e-05 0.0202072 5.47589e-05 0.00039149 0.02182 0.00500847 9.42499e-06 0.0862361 0.0442845 0.139369 4.6942e-10 2.60097e-07 0.0240369 1.36524e-05 0.00285037 0.000579327 4.13901e-06 0.00693477 0.501973 0.000277978 0.00514998 
0.0832265 0.00136973 0.0413274 0.0291994 0.00600257 0.000162755 0.00178725 0.0419373 0.020824 0.036653 0.0145551 0.0661992 0.0770573 1.95986e-09 4.35456e-05 0.0153969 0.000126774 0.208465 0.00177025 4.05243e-05 0.000759503 0.265154 0.0010864 0.0868549 
0.0300473 0.00519599 0.00513063 0.000443031 0.00331436 0.000127592 0.000623055 0.00312589 0.000629502 7.67299e-07 0.0093329 0.0251211 0.011219 5.8217e-09 1.74653e-06 0.000244094 0.00017825 0.021085 0.000541929 2.57424e-07 0.000383731 0.865782 4.49045e-07 0.0174713 
0.0374301 5.61333e-06 0.000754012 2.51793e-06 0.00344227 0.00793521 1.9336e-09 0.00875512 8.61872e-06 0.0155242 0.0026717 0.00245067 0.176563 1.02145e-05 5.4205e-05 8.88445e-06 6.18022e-09 0.00143936 1.00252e-05 3.73513e-06 0.000924187 0.741503 1.64121e-09 0.000503097 
0.0377049 0.26975 0.0191055 0.00439385 1.69066e-06 0.0158922 1.68984e-06 0.0456519 1.68955e-06 1.69025e-06 0.0546125 0.197324 1.69084e-06 1.68809e-06 0.00270442 1.69066e-06 1.68732e-06 0.00693138 0.0190963 1.68942e-06 0.0028728 0.31718 1.69002e-06 0.00676354 
0.0145463 3.99048e-07 0.00808182 0.000346459 0.00072625 0.00154405 3.25884e-07 0.00557077 0.000162864 2.01984e-06 4.32244e-06 0.00316824 0.0177937 2.58034e-09 2.03628e-05 0.000855756 6.64492e-07 1.62876e-06 0.00359996 6.65661e-07 6.20665e-05 0.94272 1.56681e-06 0.000789526 
0.0130582 0.000486695 0.00771645 0.000653464 0.0224929 0.000555463 0.0189115 0.0200714 0.00162113 0.0306882 0.0166249 0.0391527 0.0839312 3.07906e-05 0.0143383 0.00958244 3.85768e-05 0.0229914 0.00122421 0.000193185 0.01172 0.674411 0.00871324 0.000792623 
0.0553968 0.00483383 0.0102508 0.00062737 0.0133584 0.0150698 0.00016307 0.0147045 0.000378177 0.00170684 0.119301 0.120714 0.223917 5.98052e-10 0.000187723 0.0397982 0.0002678 0.0394834 0.000455492 0.00966657 0.00516854 0.28249 0.0144766 0.0275844 
0.111366 7.16555e-06 0.0712403 0.000445772 0.00938296 3.22261e-05 0.00106186 0.0173255 0.063709 0.0280998 0.00749118 0.0179467 0.0607739 2.53975e-09 0.000160592 0.00801191 0.00102143 0.00123686 0.00155576 7.58867e-05 0.000606339 0.597165 5.33398e-06 0.00127865 
0.0385055 0.0013762 0.00813809 0.000219796 0.0390528 0.00176451 0.0100833 0.0136297 0.000605969 0.034232 0.0310635 0.165157 0.05286 3.54027e-06 2.72376e-05 0.0122726 0.00392745 0.0283103 0.0192233 0.00168111 0.000886906 0.503753 0.0217972 0.0114295 
0.0610008 0.0106665 0.00928174 0.120502 0.00766253 0.000299572 0.000319403 0.0192716 0.00144616 0.0246477 0.0153678 0.0216372 0.124619 0.000108038 0.000174002 0.0235472 0.00285493 0.0280603 0.000591256 3.50392e-05 0.000199275 0.481821 0.000338898 0.0455489 
0.00361054 9.75353e-07 8.49427e-11 3.68908e-10 0.00119526 0.000243889 4.59137e-06 6.74034e-07 0.00237787 1.61409e-10 0.00205373 0.136956 0.00120212 6.29397e-10 0.000173996 0.00167403 7.96989e-10 0.0539944 0.000303021 3.96393e-07 1.38155e-07 0.796025 0.000181625 2.12224e-06 
0.122327 0.00231127 0.002012 0.00138439 0.0176611 0.000119656 4.71976e-06 0.0219476 0.000635906 0.00393549 0.09734 0.00843027 0.138734 7.06968e-10 0.00466363 0.0119471 4.5997e-05 0.00454581 0.000752537 0.00059454 0.00035472 0.558683 0.000527736 0.00104144 
2.46034e-05 0.00017065 6.9144e-06 2.35386e-07 7.10519e-06 7.01826e-08 1.59103e-07 0.000883195 1.99877e-07 1.75977e-05 3.36022e-05 0.0136628 0.00128106 4.01594e-07 2.46813e-07 4.58095e-08 5.08528e-07 8.11301e-05 2.0483e-05 2.17244e-07 8.26918e-05 0.983627 9.09121e-05 8.32595e-06 
0.0348114 0.083679 0.00760001 0.000253922 0.0759078 0.00420563 0.00130756 0.158976 0.00129956 0.00369653 0.0152251 0.00395097 0.0943012 3.38195e-05 2.07533e-05 0.00416785 0.0292585 0.00190128 0.0108477 0.00665825 1.0483e-05 0.400049 0.00588336 0.0559544 
0.0758593 0.00276386 0.0291503 0.00570503 0.0139279 0.00572817 0.000567559 0.0257457 0.000248249 0.00258719 0.0463622 0.0608888 0.139319 1.05955e-08 0.0026482 0.0188759 0.00216835 0.0107276 0.0112102 0.000500661 0.000720376 0.422372 0.00170984 0.120214 
0.0421393 0.00107077 0.0027847 0.0141807 0.00196181 0.000140363 0.00219647 0.0488516 0.0264154 0.00277547 0.0111625 0.14741 0.0600843 6.81808e-11 3.7583e-05 0.0120856 1.50277e-05 0.0027783 0.000280015 3.23399e-06 1.06308e-05 0.597835 0.00482838 0.0209531 
0.0958475 0.00107404 0.00915953 0.00118646 0.0206003 0.000303082 0.0152967 0.00880577 4.42729e-05 0.0585485 0.0155387 0.060575 0.0393305 7.6095e-08 0.000579548 1.87937e-05 0.000536838 0.0078288 0.00126134 1.18172e-05 0.00398365 0.658538 0.000896154 3.50033e-05 
0.0175376 9.6525e-05 0.00669338 0.000698643 0.00159261 0.000193763 9.51764e-08 0.00559631 2.10025e-05 0.00294817 0.00554683 0.011495 0.0610376 1.74353e-10 1.12185e-05 0.00663519 1.89698e-05 0.00520744 0.000764428 2.2179e-05 0.000222949 0.870972 0.000491422 0.00219693 
0.229165 8.51928e-05 0.0264226 0.0452909 0.0207371 0.00458775 0.00505304 0.0796133 0.0201155 0.00448518 0.0213988 0.0303114 0.157054 0.00115693 0.00128893 0.00568572 0.00190918 0.0108635 0.0207716 1.91292e-05 0.00861331 0.295749 0.00351535 0.00610675 
0.030321 0.00085769 0.0128081 0.0629824 0.00057804 5.30665e-05 2.31027e-05 0.00928081 0.00172418 0.0118738 0.0077808 0.0336318 0.0244533 7.09493e-07 0.00111511 0.00291219 0.00074422 0.013742 0.0102208 0.000152548 3.00697e-05 0.771377 0.00208096 0.00125647 
1.30795e-10 0.0121329 1.93968e-10 8.42406e-10 4.56413e-05 6.26347e-07 2.07767e-06 2.05866e-06 7.15324e-10 5.94776e-06 0.000103623 0.0103968 0.000118216 1.43724e-09 0.00192067 1.06867e-07 1.81993e-09 3.17048e-07 5.96525e-10 7.77479e-10 1.04262e-09 0.974701 0.000568744 1.67674e-06 
0.0229077 0.000211139 0.0736258 0.000405322 0.0365638 5.9679e-05 0.000327171 0.0440311 0.0177321 0.000666469 0.0358866 0.0843781 0.0765355 0.000545102 0.0157079 0.00324687 0.000145615 0.0304114 5.57975e-05 0.000180041 0.000170218 0.544862 0.00880478 0.00253939 
0.0164417 0.000774461 0.032991 0.000387538 0.00374609 0.000288307 0.000964973 0.0179798 0.000438804 0.00213582 0.0439853 0.0985991 0.0173399 1.683e-07 0.000316823 0.00474944 1.61479e-05 0.0662658 0.00307466 0.000650573 0.00234178 0.544774 0.129894 0.0118443 
0.0266948 2.16803e-06 0.0223528 2.16829e-06 0.0321188 2.16982e-06 2.169e-06 2.17015e-06 0.000869617 0.0401382 0.0156271 0.0227902 0.106346 2.16675e-06 2.16818e-06 0.00521027 0.00563314 0.0600948 0.0125819 2.16845e-06 2.16777e-06 0.649519 2.16922e-06 2.16979e-06 
0.00483176 0.000176645 0.000361486 0.000217442 0.00466149 0.00108912 0.000182802 0.00322195 0.000446065 8.8395e-05 0.000936049 0.0349469 0.0332594 3.94051e-10 0.0776479 0.0141114 0.000183547 0.00163784 0.00287492 1.6013e-05 2.85859e-10 0.815852 0.00277879 0.000478377 
0.0690428 0.00152205 0.0177974 0.00315396 0.0326159 0.000316733 0.00339492 0.00154615 0.00704008 0.0203099 0.00555978 0.0303269 0.139298 2.00214e-07 4.62207e-05 7.45041e-05 0.0125772 0.00230175 0.000968532 0.00022238 8.76813e-05 0.635296 2.7475e-05 0.0164734 
0.00930214 0.0106129 0.0603253 0.00083923 0.013347 3.05171e-05 0.00499906 0.0173757 0.0205252 0.0274133 0.0366308 0.00790781 0.14557 9.59755e-05 1.81616e-05 0.00278466 3.85614e-05 0.000848914 0.0401791 2.87147e-05 0.0278762 0.559849 0.0024104 0.0109911 
0.0241752 0.00137531 0.0776356 0.00856576 0.00547739 9.69314e-06 0.000923231 0.0204074 0.000723053 0.0249179 0.0531474 0.16613 0.0791815 0.000169975 1.76484e-06 0.0143684 0.0205179 0.063531 0.141424 0.000149052 0.00328234 0.249966 0.00103543 0.0428849 
6.1508e-06 9.33582e-08 0.0414121 2.27589e-06 0.00755536 1.36806e-10 0.00170144 0.238532 3.89619e-10 4.95064e-05 0.186465 0.00422988 0.021643 7.82825e-10 4.81112e-10 3.21952e-07 4.02959e-06 0.00650747 0.091611 4.89203e-06 5.67891e-10 0.394829 0.00544657 7.14381e-07 
0.0838874 0.0312215 0.0383416 0.000251308 0.0516349 0.00556708 0.00262695 0.0389019 0.00571475 0.00192666 0.0902905 0.0798506 0.115532 2.81005e-09 7.34131e-05 0.0125492 0.00038017 0.0118654 0.0327583 0.00350024 0.00174567 0.360413 0.0126797 0.0182879 
0.0730619 0.000643376 0.0582947 0.0098068 0.0447628 0.0292658 0.00205285 0.057287 0.00399981 0.0331414 0.107697 0.0262774 0.0605171 2.97918e-09 0.000166109 0.00161764 0.000927803 0.140235 0.0197776 0.0585165 0.00026211 0.206012 0.0291817 0.036495 
0.0604829 0.0213489 0.0498017 0.0260874 0.107933 0.000100469 0.00267959 0.0287182 0.0106132 0.00911851 0.0352525 0.0897063 0.132183 2.70992e-06 0.0104289 0.00564092 0.000165373 0.0104491 0.00914874 0.000127399 0.000410797 0.375693 0.00655439 0.00735368 
0.0197637 0.0107111 0.126966 0.000567944 0.113927 4.27306e-07 0.00615787 0.150192 0.0111751 0.0441132 0.0252993 0.117526 0.0317851 6.68279e-08 2.54337e-07 0.00548807 3.53736e-06 0.000155566 0.00465094 0.00574575 0.0114909 0.250234 0.0615695 0.00247598 
0.00365322 0.000711791 0.00785776 0.000261663 0.00245216 2.45242e-07 8.74025e-11 7.51104e-08 1.09802e-10 3.63673e-06 0.21354 0.0204892 6.65758e-09 0.000131852 8.80418e-08 0.000256596 1.33609e-06 0.105143 1.98179e-06 1.19342e-10 2.47212e-07 0.645493 2.02019e-06 2.38892e-07 
1.25304e-06 0.012944 1.83882e-10 7.98604e-10 0.000248185 6.26753e-07 2.07903e-06 0.00451438 6.7813e-10 6.76209e-08 0.000912062 0.0791493 0.00550675 1.36251e-09 2.41907e-06 1.5542e-10 1.7253e-09 3.88379e-10 4.87334e-07 2.86947e-06 9.88412e-10 0.895572 0.0011428 5.68358e-07 
0.031773 0.00559908 0.0169819 0.00250515 0.0051762 0.000104244 0.00991181 0.0216806 0.00246966 0.0422374 0.0362998 0.119271 0.104407 3.17623e-05 6.45775e-05 0.0254634 0.00107484 0.0219512 0.025162 0.0019441 0.00443911 0.502766 0.00145228 0.0172341 
0.0259904 0.000457586 0.0212016 0.00147701 0.0209903 0.000158075 0.00130684 0.0303477 0.00144949 0.0184168 0.051725 0.155078 0.039912 8.94324e-11 0.000546897 0.00208245 0.0315399 0.00370305 0.00249953 0.000264547 0.00133564 0.570991 0.00469108 0.013835 
0.107204 0.0208123 0.0132328 0.0335883 0.0364357 0.000305065 0.00616687 0.0260756 0.00205473 0.00413537 0.0393534 0.0975855 0.0827874 7.13989e-06 0.00203669 0.0303979 0.00163816 0.0354986 0.0192455 4.19606e-05 0.000444701 0.393551 0.00605263 0.0413488 
0.0150146 2.12534e-05 0.0156655 0.000112777 0.0151466 0.000107742 0.000310076 0.0384097 0.00276514 9.81476e-05 0.165387 0.0813862 0.218887 4.30139e-11 0.00191364 0.0294857 0.000788101 0.0762141 0.0016676 0.000244406 0.000595742 0.32912 0.000175248 0.00648328 
0.0348564 0.060796 0.022911 0.00380426 2.68715e-07 6.37941e-08 6.70379e-08 2.08958e-07 1.09874e-06 0.00606641 1.51097e-08 0.151552 0.0162501 8.9012e-11 5.47053e-11 1.01535e-11 1.12713e-10 0.00521341 9.2398e-08 2.33058e-06 0.000778101 0.697768 2.57446e-07 2.34125e-07 
0.0239668 5.57826e-05 0.0163765 0.012291 0.00792863 5.10002e-05 0.000629343 0.0216092 0.0254918 0.0861426 0.00221938 0.0288008 0.0621052 2.86871e-10 2.81867e-06 0.0251903 9.51853e-06 0.000999837 0.00546065 0.000188016 0.00185776 0.676125 0.00238746 0.00011097 
0.00931249 0.0409976 0.0212376 6.87941e-05 0.0137424 0.000276814 0.066898 0.0103551 0.00300543 0.000182985 0.0066501 0.0477562 0.0135556 1.53842e-06 9.6765e-06 3.91762e-05 1.0704e-05 0.0124404 0.00119296 0.00131312 0.000140466 0.625981 0.00150408 0.123328 
7.54601e-07 5.31831e-06 7.34281e-10 3.189e-09 6.24501e-10 9.5083e-10 2.15551e-09 1.79623e-06 2.70792e-09 9.83738e-07 4.85833e-10 0.0229937 0.000543458 5.44078e-09 3.34381e-09 6.20625e-10 6.88951e-09 2.43045e-06 2.2582e-09 2.94321e-09 3.94694e-09 0.976449 2.78832e-06 9.9373e-10 
0.0399922 0.00262388 0.00412176 0.0173297 0.00278358 0.000340198 1.89362e-05 0.0090169 8.85168e-06 0.00844606 0.016771 0.0382973 0.234595 1.1108e-06 0.000148042 0.0269581 0.000129576 0.0236186 0.000152765 0.000123151 0.000465921 0.511611 0.00238329 0.0600627 
0.0309527 0.000782558 0.00109993 0.00270918 0.00166163 0.0104015 2.21761e-06 0.000370177 7.90539e-05 0.000329091 0.00186897 0.00476779 0.0128267 2.92056e-11 0.00698279 0.000645984 0.00552597 0.00100196 3.68479e-05 1.98334e-05 1.67513e-05 0.913684 9.13256e-05 0.00414317 
0.0462188 0.0597626 0.0268137 0.00409373 0.00870283 2.11889e-06 0.00110737 0.0168103 9.48107e-05 0.0109591 0.084022 0.104378 0.0549441 0.012019 0.000163443 0.00672156 0.000158204 0.0274691 0.0315481 0.00161485 0.00236025 0.486744 0.0114601 0.00183161 
0.0432814 0.000202818 0.012746 0.000388434 0.0150972 0.000177489 0.00332826 0.00107068 0.138564 0.0121441 0.0888646 0.0596306 0.0830986 6.47033e-07 0.000166049 0.000108519 5.23832e-06 0.00698246 0.0937354 2.44941e-05 0.000399651 0.408157 0.00140262 0.0304234 
5.9434e-05 5.47279e-08 1.12985e-08 4.90697e-08 8.65798e-06 8.793e-06 3.31673e-08 4.21826e-06 4.16673e-08 0.000365004 8.29867e-05 1.00972e-05 4.53799e-09 8.37183e-08 5.14519e-08 9.54968e-09 1.0601e-07 7.87744e-05 0.00018767 4.52878e-08 6.07324e-08 0.999171 2.25497e-05 1.52907e-08 
0.0179249 0.000204921 0.0120764 0.000622335 0.00663242 9.45187e-05 0.00161496 0.0107859 0.000174363 0.0239834 0.0062947 0.268728 0.0132263 0.00182039 0.000774694 0.0200551 0.00125453 0.00661798 0.00988302 0.000465994 0.000846203 0.576692 0.0136269 0.0056 
0.00490272 0.00110751 0.0422933 2.95246e-10 0.00407669 8.34545e-08 1.16106e-06 0.0130622 0.000621295 6.5615e-07 0.206512 0.0737659 0.270263 5.03722e-10 1.0599e-07 0.000118072 7.49312e-06 4.31168e-05 0.0481094 6.32857e-08 3.88879e-07 0.33451 0.000604998 9.20022e-11 
0.0457061 0.0167511 0.0120627 0.00277986 0.016269 0.0086971 0.00129796 0.015399 0.00108608 0.00357065 0.0358575 0.125845 0.0599524 9.01997e-05 0.000450869 0.0449505 0.00178738 0.0229257 0.00125556 0.00851895 0.000903528 0.531665 0.000609487 0.0415683 
0.0712209 0.000900571 0.0534884 0.00573892 0.0169414 0.000397788 0.00085497 0.00952439 0.00057826 0.00698371 0.0361718 0.0959333 0.0580057 5.0492e-08 0.000598029 0.00274159 0.00936272 0.0731397 0.0651218 1.72044e-05 0.000891504 0.46308 0.00423115 0.0240759 
0.129093 0.000732026 0.0106258 0.000785112 0.00279386 0.000290855 8.19647e-10 0.00396093 0.00140016 0.0997245 0.00446511 0.0135148 0.156219 4.27488e-11 4.88003e-06 0.00459772 6.80317e-05 0.00201813 0.00736333 0.000274664 1.33438e-05 0.560807 0.00016673 0.00108122 
0.0530702 0.00508417 0.0299861 0.00936971 0.0176895 2.22413e-05 0.00161665 0.0754984 0.0148638 0.00286338 0.0491953 0.176938 0.0762509 2.48203e-06 3.46396e-05 0.0616825 0.000152948 0.0391123 0.00713009 0.00234304 0.000910692 0.345276 0.00843434 0.0224731 
0.11892 0.0031447 0.0268271 0.00257629 0.0231376 0.00105865 0.0003498 0.0260779 0.0016018 0.00114964 0.114964 0.0551595 0.141203 5.24634e-09 2.0049e-05 0.0220027 0.000388355 0.0541836 0.0142058 0.000519927 0.000354239 0.350906 0.00249146 0.0387573 
0.16722 2.39402e-06 2.5194e-06 0.00735227 0.000980705 0.000213019 0.00448793 0.0101465 0.000147363 0.163592 0.00381154 0.00291737 0.00981741 2.77739e-09 3.74953e-07 0.000428003 3.51693e-09 0.00665418 0.00770332 0.000104396 3.86e-05 0.610114 0.00413397 0.000132716 
0.00392835 9.74742e-05 0.00955335 0.000636552 0.00149705 0.000145052 0.0030307 0.0273572 5.98055e-05 0.00219745 0.0127839 0.025087 0.0608838 8.20585e-08 0.0165672 0.00236305 1.03674e-05 0.00230013 5.5647e-05 9.58227e-05 0.0017938 0.825872 0.00261274 0.00107192 
0.00508961 1.90707e-05 0.299503 0.0486891 0.0443007 0.000180231 0.0115473 0.0653129 0.0353874 0.00224976 0.0352077 0.0197706 0.00983727 3.39094e-07 1.32816e-05 0.0084592 0.000213413 0.0360421 0.0091653 0.000176439 0.000100712 0.355536 0.000271929 0.0129261 
0.0411563 0.000513806 0.00655532 0.00133157 0.00126475 0.000613495 8.06165e-05 0.0247727 0.000254928 0.00538463 0.00522053 0.0958349 0.0907348 8.93909e-07 0.00274868 0.00312548 0.000220931 0.0541839 0.0246681 0.000211082 3.88254e-05 0.633913 0.00685232 0.000318523 
0.00987538 0.000909149 0.0166596 0.000116838 0.00107852 0.000281707 0.000108106 0.00589914 0.000271982 0.0563863 0.00424521 0.090909 0.0403701 4.47012e-08 0.00039615 0.000115504 1.57674e-05 0.224901 0.000232164 0.00308782 2.62385e-05 0.476684 0.065962 0.00146816 
0.00404302 6.69093e-08 0.00170244 7.52036e-05 0.000202694 8.41995e-05 8.34528e-05 0.00359367 2.08942e-05 0.227314 0.00388026 0.00407773 0.0295907 1.70068e-10 0.000943264 0.000410932 0.000277918 0.000361427 0.00277436 0.000133312 3.79161e-05 0.71914 0.000638616 0.000613721 
0.142774 5.76199e-05 0.0198816 0.000570913 0.110229 0.000171992 0.0189704 0.208274 0.00265323 0.000621937 0.0516928 0.0271433 0.155737 3.44204e-07 0.00214223 0.00196218 0.000520199 0.0104158 0.00178763 1.96288e-05 0.00266896 0.228059 0.000805764 0.0128408 
0.0665042 0.00401085 0.0696278 0.00640687 0.0267752 9.18512e-05 0.00115826 0.016129 0.000562428 0.19788 0.0134191 0.0722402 0.0617957 9.59323e-05 0.000184807 0.00464887 0.000371946 0.0640943 0.00299468 0.00199574 0.00340725 0.355741 0.0171316 0.0127327 
0.0316847 0.000351393 0.0254699 0.000147136 0.0129662 0.00012596 0.00118848 0.00448495 0.0112118 0.0596387 0.0256564 0.0100948 0.101923 8.55497e-09 0.00367586 0.000953584 0.00145427 0.00189533 0.00336072 0.000687902 0.000213115 0.697115 0.000456645 0.00524399 
0.00125689 0.00874067 0.00174983 1.41973e-07 0.0151559 0.00273955 0.0017234 0.000158228 0.0179653 1.31462e-05 0.000550079 0.0331009 0.00123306 2.42221e-07 0.0353805 7.84059e-05 7.503e-05 0.000198852 0.00283526 3.32504e-05 0.000179561 0.873953 7.53537e-05 0.00280316 
0.00488521 0.000540807 0.001447 1.67855e-05 0.00014486 9.22079e-05 6.20844e-07 0.0387344 1.07839e-07 0.000543984 0.0310256 0.152078 0.205366 2.73371e-10 1.2118e-07 0.00392501 1.10523e-06 0.00188031 0.0010436 0.0160341 1.98313e-10 0.493915 0.0482107 0.00011535 
3.7191e-09 4.54429e-05 5.51538e-09 2.39534e-08 5.16456e-06 7.14194e-09 1.61906e-08 3.42619e-09 2.03399e-08 3.45958e-05 2.29937e-05 2.07341e-07 5.76181e-06 4.08671e-08 0.000816305 7.46336e-06 5.17489e-08 0.00223665 1.69619e-08 2.21072e-08 2.96465e-08 0.996708 1.37424e-08 0.000117195 
0.0073581 7.49799e-07 1.04137e-06 0.000219762 0.000495133 0.0003309 0.00104777 1.2486e-05 6.92597e-07 0.00018507 0.0383638 0.210765 2.21939e-05 2.83056e-08 0.000106312 0.00301504 0.000438352 1.8026e-06 6.53875e-07 2.46168e-06 0.000970619 0.736339 0.000321708 1.40063e-06 
0.00302316 0.0422899 0.022656 0.290401 0.0050358 0.000280761 0.000225754 0.00632241 0.000255604 0.00587236 0.000660937 0.119163 0.0111152 6.1597e-08 1.41026e-07 0.000908748 0.00157158 0.0713102 0.0781379 6.16123e-07 4.71464e-05 0.338431 0.000650052 0.00164098 
0.0109102 0.00287931 0.00927493 0.000131352 0.000870059 0.000851892 1.16916e-05 0.00428372 0.000430512 2.04342e-06 0.114491 0.0746299 0.00463505 1.06077e-08 0.000203507 0.000336648 0.000194377 0.175832 0.00597625 1.58194e-08 0.000218913 0.510881 0.0805248 0.00242987 
0.0213593 0.000794799 0.0237907 0.00258677 0.00297924 4.56288e-05 0.0139875 0.00815487 0.000516766 0.0700417 0.0459218 0.0143228 0.104478 1.65111e-06 1.56323e-05 0.0109343 0.00129715 0.00423832 0.000483575 0.000260282 0.00115437 0.60771 0.00281145 0.0621136 
0.0380979 0.000523055 0.0185177 0.00296145 0.00693789 7.67798e-05 0.00845874 0.0215731 0.0147772 0.0656188 0.0195342 0.084634 0.0422675 1.61725e-06 0.000162967 0.00150904 0.000574844 0.00792199 0.00815437 0.000176632 0.000503655 0.648333 0.00228428 0.00639913 
0.00512514 9.07859e-11 3.80495e-07 8.13999e-11 1.16382e-07 9.61124e-07 5.502e-11 1.97944e-07 2.14342e-07 1.85234e-07 1.2401e-11 6.50889e-07 2.59864e-06 1.38877e-10 0.000601695 1.58416e-11 1.75856e-10 3.95866e-11 4.66948e-07 7.51261e-11 5.64284e-07 0.994236 1.40567e-08 3.0494e-05 
0.0375065 3.4282e-06 0.00165356 5.66626e-07 0.00146401 0.000159771 1.70238e-09 6.42399e-06 1.18794e-07 0.00159719 0.0063031 0.011931 0.0487136 4.29701e-09 7.17365e-07 7.05563e-05 0.000129758 0.00230713 0.00160457 1.41237e-06 3.11721e-09 0.885858 1.36342e-06 0.000686682 
0.00126476 1.77049e-05 0.00166315 2.21199e-05 0.000545859 1.9372e-05 1.36052e-06 0.00154407 0.000187439 3.99341e-05 0.00202801 0.443689 0.0403758 1.98555e-08 0.00842725 0.0109692 1.48074e-05 6.03441e-05 0.000213482 1.59965e-05 9.86378e-06 0.485811 0.00275362 0.000325339 
0.0842734 0.000102334 0.00192228 7.26227e-05 0.00733215 0.000489794 0.000993686 0.0409049 0.0465147 0.0562548 0.0175742 0.0193062 0.0995314 9.16389e-06 0.00199517 0.000341198 0.000240366 0.000472819 0.000284276 2.01878e-05 0.0076372 0.611132 0.000837258 0.00175825 
0.00418216 0.00113877 0.0102715 1.65747e-05 0.0078085 4.72844e-05 0.000313566 0.0481376 0.00162775 0.00173935 0.0334678 0.078836 0.0371067 0.000467565 0.000422786 2.0218e-08 2.42086e-05 0.023895 0.00470583 2.6606e-05 1.28579e-07 0.73251 0.0019288 0.0113258 
0.0374695 0.00242956 0.0107441 0.000696085 0.00460987 9.14917e-05 0.000524996 0.0191458 0.0125379 0.00131371 0.0102163 0.0421618 0.0776934 9.69573e-05 0.00265343 0.000315774 0.00155807 0.00250762 0.00665296 9.93161e-06 0.000494234 0.756463 0.000153505 0.00945958 
0.0310036 0.000163786 3.86401e-05 4.30084e-05 0.00230509 9.17557e-05 3.39183e-05 7.58751e-06 0.00783101 0.000202455 0.00890592 0.00105096 0.188126 2.25428e-05 0.00313588 0.000339131 0.000109283 0.00265955 0.000171365 2.48496e-07 7.95646e-05 0.750448 2.10046e-06 0.00322852 
0.121717 0.0488225 0.007084 0.00408169 0.0655589 2.39131e-05 5.83322e-05 0.0235485 0.00313242 0.00252671 0.0873682 0.157637 0.0706217 9.47107e-11 5.01459e-05 0.0164631 2.89375e-05 0.00603487 0.0143314 8.7128e-05 0.00773334 0.345484 0.0108583 0.00674777 
0.0207748 0.0077115 0.0039245 0.00155215 0.0165335 8.29384e-05 3.86891e-05 0.0380287 0.000178528 7.73257e-05 0.08714 0.188327 0.0839054 4.07001e-10 1.30377e-05 0.00429351 4.64544e-05 0.00678554 0.00471286 0.000736803 0.00130575 0.507788 0.00121664 0.0248259 
0.0109102 0.00287931 0.00927493 0.000131352 0.000870059 0.000851892 1.16916e-05 0.00428372 0.000430512 2.04342e-06 0.114491 0.0746299 0.00463505 1.06077e-08 0.000203507 0.000336648 0.000194377 0.175832 0.00597625 1.58194e-08 0.000218913 0.510881 0.0805248 0.00242987 
0.100852 0.000456094 0.00558689 0.00429382 0.0297755 7.37107e-05 0.0049518 0.0513443 0.0603969 0.0232471 0.145374 0.117052 0.105414 3.49563e-09 0.00122568 0.00571049 3.56239e-05 0.0120997 0.00310309 0.0414321 0.000770982 0.251241 0.00622407 0.0293391 
0.0108993 0.00073336 0.0448494 0.000872887 0.0751383 1.94373e-05 0.00419241 0.193128 3.44694e-05 0.169907 0.0142957 0.129377 0.0570436 0.00127432 1.64126e-06 0.00147476 4.58785e-06 0.00371357 0.0558342 2.35457e-05 9.75879e-05 0.222559 0.0144285 9.70013e-05 
0.0184746 3.23433e-05 0.00482876 4.05021e-05 0.0111245 0.000140925 8.03583e-05 0.00763033 0.000425851 0.00128661 0.0731256 0.0236509 0.0335395 5.68457e-08 4.25914e-05 0.000377187 0.000689846 0.00573543 0.0049009 7.14433e-06 0.000447018 0.805777 0.00119684 0.0064455 
0.0291816 0.00446675 0.0170977 0.00193026 0.00662725 3.57258e-05 2.36817e-05 0.0424676 0.00611071 0.00296634 0.0381426 0.105657 0.263078 3.39033e-07 2.60914e-05 0.0140436 0.000140972 0.00597719 0.00119018 7.94583e-05 0.000336717 0.36926 0.0810442 0.0101161 
0.0104628 4.91967e-05 0.000229912 0.017059 6.50639e-05 0.000400753 1.16814e-07 0.0116056 8.69097e-07 7.25483e-07 0.00388321 0.0313786 0.0355786 2.57892e-10 7.31521e-06 0.00243581 2.37881e-07 0.00565812 0.000728144 0.00045797 0.00404221 0.867924 0.00322795 0.00480334 
0.130473 0.000925701 0.00658264 0.000835235 0.00208428 0.000248288 0.000261528 0.00376212 0.00543743 0.00303937 0.0444015 0.0420209 0.067803 9.17174e-05 1.78947e-05 0.00454417 0.000433867 0.0251222 0.00190025 0.00243972 0.00135034 0.646996 2.07871e-05 0.0092082 
0.211943 0.000134669 0.0276244 0.00051078 0.0888339 0.000183479 0.000301489 0.0232098 0.00787847 0.00156557 0.00456153 0.0401058 0.0738167 3.17442e-05 0.0782295 0.0132468 0.000348764 0.00634808 0.00440551 0.00107754 1.29135e-05 0.40919 0.000997319 0.0054431 
0.0513054 0.0050009 0.118168 0.0488394 0.0123913 0.000135079 0.0142286 0.0549977 0.000600147 0.0425059 0.0437525 0.0436627 0.121626 3.8611e-05 4.02734e-06 0.0137019 3.73429e-05 0.0157016 0.0119842 0.0141571 0.00244863 0.33747 0.0236791 0.0235642 
0.0845873 0.00311751 0.00162693 0.000169104 0.0618952 0.000921542 0.000573507 0.00204489 0.0199948 0.000336392 0.0127791 0.0268753 0.235118 2.96098e-10 0.0523277 0.0353131 0.000395784 0.0062634 0.000263108 0.000453788 0.0079511 0.436971 0.000109379 0.0099119 
0.00343634 0.00373934 0.00315404 0.000187538 0.000210488 1.71321e-05 6.2383e-08 0.016218 0.000210789 0.000994441 0.00419653 0.158857 0.0340128 1.104e-05 0.000613651 0.000234901 1.9939e-07 0.0144322 0.119375 5.68515e-05 0.0352057 0.592402 0.00449865 0.00793622 
0.0511935 0.00204478 0.00764226 0.00744683 0.00402527 0.00062626 5.12023e-05 0.0149649 2.87667e-05 0.00293674 0.0189275 0.0666266 0.0922375 2.71475e-11 0.0172736 0.0446978 0.000838272 0.00520685 0.00508646 0.000260693 4.93896e-06 0.636854 0.000589889 0.0204354 
0.0891671 0.0142039 0.0140419 0.151525 0.0366572 0.000283408 0.00406022 0.0395854 0.000400793 0.00724542 0.0143005 0.130149 0.169724 4.01639e-05 2.54404e-06 0.0114145 0.00303601 0.0649759 0.000968019 2.46175e-06 4.50455e-05 0.225344 0.00121102 0.0216166 
0.0561626 1.92911e-11 0.00831543 4.75934e-05 0.0603203 0.140181 0.00100743 0.0248066 0.0831232 0.000880652 0.100248 0.0120243 0.192136 2.951e-11 0.00495489 0.000499678 0.000250037 0.0043614 0.0032714 6.222e-05 0.000164986 0.306468 1.99357e-05 0.00069443 
0.0250953 2.49805e-06 0.00268719 7.8361e-09 7.36126e-07 2.33641e-09 5.29659e-09 8.71606e-06 6.65398e-09 0.0017454 0.00783724 0.285158 0.25559 1.33692e-08 8.21651e-09 1.83574e-06 2.094e-07 0.00299171 0.00015172 9.02604e-05 5.84239e-07 0.393446 0.0222844 0.00290795 
0.076139 0.00181215 0.121963 0.00108968 0.17153 0.0137087 0.000411877 0.0344761 0.00100389 0.00462244 0.0169583 0.0648187 0.0401149 4.81372e-07 3.93015e-05 0.0108399 0.0547619 0.0287629 8.17623e-05 0.00124086 0.000575892 0.333451 0.000786211 0.020811 
0.0470018 0.000286392 0.00191368 0.108671 0.00272704 0.000126355 0.000329296 0.00689673 0.00102283 0.00641766 0.0033468 0.0820304 0.0621169 1.54227e-09 0.000817104 0.0307559 7.21843e-05 0.0207989 0.00104134 0.0264141 0.000643134 0.595398 0.000307445 0.000865803 
2.71539e-06 0.0869264 0.00131453 0.00234834 0.00878565 1.21651e-05 0.00138046 0.0122517 0.000934992 0.00208346 0.010849 0.0876158 0.00575 1.21886e-08 1.54895e-07 0.00162192 2.23119e-05 0.00210462 0.00858671 6.59346e-09 2.54021e-06 0.536862 0.00158174 0.228962 
0.0374682 0.000293425 0.0601846 0.00167708 0.00595191 0.00037878 0.00563365 0.0499401 0.0066297 0.0766015 0.0446618 0.0729828 0.0634944 1.04456e-05 7.82056e-05 0.0266386 0.000158838 0.0081865 0.0116483 0.000331173 0.00110367 0.522479 0.00251147 0.000955199 
0.136285 0.000389893 0.0009595 1.33626e-06 0.0237147 3.3057e-05 0.000782857 0.0164747 0.0100165 1.10714e-07 0.00771322 0.0556954 0.0724007 4.94003e-10 5.12414e-07 0.0343342 6.1236e-07 0.00120126 0.00115854 3.03696e-07 0.010317 0.62779 0.000555886 0.000174589 
0.0461014 0.00648724 0.0612533 0.185538 0.0135617 3.90713e-05 0.000719555 0.0497956 7.05459e-05 0.00908673 0.0164983 0.12619 0.0557157 9.67003e-09 3.98901e-08 0.0214966 0.000977443 0.0621044 0.0707223 5.00058e-06 0.00603922 0.259758 0.00649426 0.00134471 
0.0270253 0.000345547 0.00563552 0.00296299 0.034862 0.00100472 0.00153935 0.0152237 0.00326482 0.00525429 0.0708994 0.209002 0.110023 6.24215e-06 5.96607e-07 0.00870142 5.01272e-05 0.019987 0.0130803 0.00365636 0.00238448 0.344916 0.00980776 0.110366 
0.00404302 6.69093e-08 0.00170244 7.52036e-05 0.000202694 8.41995e-05 8.34528e-05 0.00359367 2.08942e-05 0.227314 0.00388026 0.00407773 0.0295907 1.70068e-10 0.000943264 0.000410932 0.000277918 0.000361427 0.00277436 0.000133312 3.79161e-05 0.71914 0.000638616 0.000613721 
0.0355596 5.09614e-08 0.0229727 0.000404065 0.00303757 0.000392216 0.00035001 0.0123242 0.000311497 0.13657 0.0163525 0.0219973 1.68591e-06 2.61591e-12 0.0078363 0.00193088 0.00161132 0.00415506 0.0156647 0.000443074 0.00016005 0.713668 0.00150639 0.00275037 
0.00836117 0.0364586 0.00128497 0.0099489 0.00817412 0.000271622 0.00032018 0.00829051 0.00075082 0.0091389 0.00968885 0.223791 0.0293821 7.73457e-08 0.000108379 0.00123505 3.50538e-05 0.00811425 0.000192598 0.000895355 8.34051e-05 0.594506 0.00288674 0.0460817 
0.00396845 0.0025323 0.00319579 0.000476029 1.85758e-07 0.000437181 7.3929e-11 1.62994e-07 9.28752e-11 0.00031367 0.00196357 0.0268065 0.0353493 1.86606e-10 1.14685e-10 0.00037733 0.000425972 0.00638908 0.00214275 0.000549352 3.67547e-07 0.890301 0.0241483 0.000622575 
0.101744 0.0321744 0.0247152 0.000662746 0.013569 1.47915e-07 1.91715e-06 0.0425088 0.00031768 0.00411458 0.00633439 0.0147756 0.0136389 6.03101e-07 0.0501374 0.000159924 0.00242438 0.00550699 0.0322869 0.00113463 0.000123375 0.62329 0.0132582 0.0171206 
0.0364103 0.000141499 0.00426444 4.58874e-05 0.0168581 2.77179e-05 0.00164863 0.0212101 8.22065e-05 0.0170181 0.000899409 0.11343 0.0379811 7.39051e-08 5.75547e-06 0.000217855 1.9606e-05 0.0149108 0.000540022 2.85942e-06 0.000400119 0.707557 0.00595069 0.0203777 
0.0266953 0.00194613 0.0786914 0.00127353 0.000703224 1.62645e-06 0.0210869 0.0367227 0.000378736 0.00959812 0.00329902 0.0248811 0.0083991 2.28018e-06 1.31699e-05 0.0154305 1.67313e-05 0.000734576 0.168304 0.000244768 0.000116391 0.600007 0.00145192 1.77054e-06 
0.0298711 0.00340339 0.254577 1.59682e-06 0.000227592 0.000695562 1.51885e-09 0.104416 0.00104842 0.0283718 0.0359182 0.0667469 0.182988 1.61281e-06 8.42707e-05 0.0069429 0.000425511 0.000375968 1.12846e-07 5.95951e-05 1.67132e-05 0.271685 0.0101156 0.0020278 
0.025851 0.000501051 0.0190542 0.00303238 0.00611824 9.38843e-05 2.63232e-05 0.0321586 0.0142335 0.0137693 0.0632794 0.0536272 0.0978901 1.60526e-05 0.00169266 0.0449114 0.00361798 0.0164267 0.00741977 0.028118 0.000201025 0.561973 0.0021524 0.00383621 
0.00635541 0.00391743 0.00424232 0.000129942 0.00543868 0.00026672 0.00427329 0.00815832 0.149448 0.135724 0.00184224 0.0655146 0.0266892 5.92007e-06 3.18916e-07 0.000126941 0.214422 0.109034 0.000156375 0.00105341 0.0219429 0.239887 0.000492732 0.000879234 
0.0276671 0.00229094 0.00839092 0.00027486 0.00398702 2.04136e-05 0.000867359 0.13154 0.0324551 0.019716 0.0241273 0.143745 0.233376 4.95578e-10 3.46255e-05 0.0461723 0.00212293 0.00873136 0.00270611 0.0279157 8.95197e-05 0.255663 0.0281061 2.05942e-07 
0.0161535 6.31138e-05 0.00344914 0.000508849 0.00155242 0.204986 0.000559268 0.00944093 0.000392766 0.00759886 0.00598419 0.0553985 0.0323074 2.73723e-10 0.000573345 0.0415311 1.15431e-06 0.16716 0.00118117 7.97299e-05 1.19284e-05 0.448715 0.00127423 0.00107674 
4.41134e-08 3.1688e-07 6.54195e-08 2.84119e-07 5.5639e-08 8.47127e-08 1.92042e-07 4.0639e-08 2.41258e-07 0.000335765 4.32845e-08 4.87241e-05 1.84191e-05 4.84737e-07 2.97912e-07 5.52936e-08 6.1381e-07 1.38173e-07 2.0119e-07 2.62221e-07 3.51647e-07 0.999265 1.63002e-07 0.000327668 
0.000857194 1.60176e-06 0.000176287 0.0692833 0.00062285 0.00122341 0.0688124 0.00324838 3.52851e-05 0.00189768 0.000858572 0.000911971 0.00273085 2.45024e-06 0.390894 5.27496e-06 3.10267e-06 0.0017858 0.000690834 0.000385298 0.000653049 0.454041 0.000592519 0.000287024 
0.0228484 0.000215249 0.0017839 6.44262e-05 0.00226524 8.21198e-05 5.42405e-05 0.0113184 1.9169e-05 0.004209 0.00436853 0.0346539 0.101085 0.00420501 0.000238878 0.00104137 0.000740323 0.00951315 0.00140027 1.06252e-05 7.90735e-05 0.798045 0.000398532 0.00136035 
0.0938277 0.00136635 0.0110799 2.68506e-05 0.00512521 1.02364e-05 0.000295134 0.0182029 0.0271524 0.0147063 0.0319197 0.0669655 0.137558 0.0359725 5.09902e-05 0.00185891 0.000531657 0.00187851 0.0818736 5.76945e-05 2.46211e-05 0.462976 0.00396514 0.00257359 
0.296496 0.00243232 0.0379486 0.00895521 0.00749408 7.86029e-05 0.00233277 0.054956 0.00138715 0.0777655 0.0320787 0.0367582 0.0638224 7.94414e-05 4.46475e-05 0.00132412 8.69565e-05 0.00363447 0.0235276 0.000302375 0.00229878 0.337796 0.00101216 0.00738808 
0.0580958 5.26671e-07 0.0370058 0.0008433 0.0497116 0.00231979 0.00432114 0.077128 0.00795543 0.0126493 0.0813447 0.102597 0.231396 5.26359e-07 5.26706e-07 0.00258361 0.00147366 0.0101718 0.0112759 5.26773e-07 0.0128498 0.296275 5.2696e-07 5.27097e-07 
0.027737 0.000383041 0.0089434 0.00438281 7.02862e-05 0.000584079 3.05754e-07 0.00953525 0.000161218 0.0217651 0.00674937 0.0622218 0.0234355 5.07627e-10 0.00033392 0.0150627 0.00152755 0.00434282 0.00104096 5.09397e-05 0.000328541 0.806215 0.00211399 0.00301469 
0.0229904 0.000739925 0.0480985 0.00124093 0.0146694 0.000103241 0.00222645 0.107153 8.73543e-05 0.0446895 0.0168341 0.155289 0.0508291 0.00532983 0.011604 0.00844894 6.80641e-05 0.00633455 0.014503 0.00014072 0.00126673 0.468239 0.0173541 0.00175954 
0.0372768 0.000125455 0.020016 0.00840703 0.0617025 0.0273458 0.0120949 0.0415231 0.00393972 0.0131641 0.0591684 0.197828 0.0428793 0.000335764 0.00200042 0.00025459 0.000538853 0.117377 0.000551202 8.14028e-05 3.25197e-05 0.331687 0.00124206 0.0204281 
0.132219 0.0327633 0.0070555 0.00350412 0.00173797 6.23819e-05 0.000438944 0.00699058 0.00141085 0.00202837 0.0426738 0.139857 0.170378 4.19885e-11 0.000112322 0.0126436 0.000317211 0.0142155 0.0012983 0.000428515 0.0033817 0.42293 0.0031935 0.000359396 
0.159397 0.00101785 0.0190165 0.00560882 0.0149322 0.00689869 0.00215711 0.0298633 0.00767798 0.00481463 0.100693 0.10775 0.143949 6.92601e-06 0.00169321 0.0175371 5.25573e-05 0.0164292 0.0131808 0.00505612 0.00354342 0.314395 0.00724244 0.0170871 
0.0248485 0.00490859 0.0126359 0.0136904 0.00549478 0.000131301 0.000273461 0.0188699 0.000751323 0.0060477 0.0314291 0.106815 0.08298 8.35875e-05 8.71396e-07 0.0143465 0.000277286 0.0831827 0.017413 6.12638e-06 0.00981927 0.444067 0.117995 0.00393267 
0.0157766 0.00118453 0.0333526 0.00141717 0.00732386 1.48592e-05 0.00146787 0.00531319 0.000235322 0.0012131 0.0171717 0.102731 0.00854213 8.33088e-08 1.70476e-06 0.000492438 0.000217969 0.0462687 0.00344802 0.000211891 0.000344834 0.747706 0.00495935 0.000605068 
0.00543627 6.89446e-05 0.00640983 0.00093663 0.000375723 2.55121e-05 0.000156182 6.99731e-06 2.95788e-06 0.0175627 0.00541746 0.0505843 0.00185082 4.27236e-05 1.84744e-05 0.000410941 5.59916e-08 0.000866358 0.000103825 1.51093e-06 1.37667e-05 0.909397 0.000308038 3.11535e-06 
0.0055681 3.09275e-07 0.00984789 0.0753254 0.00423087 0.0274187 1.08161e-05 0.0101175 7.32954e-06 0.00436338 0.0322354 0.0570256 0.0783956 4.02946e-06 8.94619e-05 3.81927e-06 3.64749e-07 0.0622324 0.145321 2.00606e-07 8.46112e-05 0.487119 2.09142e-05 0.000577149 
0.00416945 4.2644e-08 0.00202229 0.000327356 2.31855e-05 3.49993e-05 0.00469671 0.00592488 0.00013046 0.000972587 0.00289387 0.0132526 0.000184281 7.73379e-10 2.17759e-08 1.24834e-05 5.22248e-08 0.00103688 5.44541e-07 3.63215e-08 2.05217e-05 0.962221 0.00204164 3.40634e-05 
0.0129073 0.143235 0.0125894 0.00021389 0.00284749 2.99762e-05 0.000172331 0.00355186 0.0112633 6.90774e-05 9.62692e-05 0.0085017 1.91842e-05 0.000726253 7.40171e-05 4.03185e-05 0.000298036 0.00206527 0.00371979 4.89027e-06 3.18696e-06 0.797129 0.00025602 0.00018601 
0.0461014 0.00648724 0.0612533 0.185538 0.0135617 3.90713e-05 0.000719555 0.0497956 7.05459e-05 0.00908673 0.0164983 0.12619 0.0557157 9.67003e-09 3.98901e-08 0.0214966 0.000977443 0.0621044 0.0707223 5.00058e-06 0.00603922 0.259758 0.00649426 0.00134471 
0.0510416 0.00162051 0.0434811 0.000126065 0.0214127 1.48169e-05 0.0231566 0.0493135 0.0242792 0.0488921 0.085546 0.0568504 0.0475036 7.5093e-05 1.27138e-05 0.0132312 0.000135943 0.0366113 0.00788796 0.00515658 0.00123014 0.449916 0.0181516 0.0143532 
7.97907e-06 5.7316e-05 1.18328e-05 5.13903e-05 1.00638e-05 1.53225e-05 3.47358e-05 7.35063e-06 4.36378e-05 2.24849e-05 7.82913e-06 9.98258e-05 6.35912e-05 8.76774e-05 5.38851e-05 1.00013e-05 0.000111024 2.49923e-05 3.63906e-05 4.74295e-05 6.36045e-05 0.999086 2.94833e-05 1.60138e-05 
0.0218416 0.000208695 0.000803789 0.000506472 0.0118278 0.000312567 0.00283506 0.00663443 0.00535839 0.000255256 0.047151 0.031985 0.176191 3.90022e-05 8.75682e-05 0.000175172 0.00516412 0.00171511 0.000108236 2.08173e-06 0.000558359 0.627928 7.10668e-05 0.0582403 
0.110347 0.00460956 0.00805051 0.0566495 0.00220032 0.000293043 7.33347e-05 0.00863464 1.53932e-05 0.00753422 0.0615787 0.0400039 0.233787 4.06882e-11 0.0032002 0.00730099 0.000340525 0.0509941 0.000600987 0.00095494 0.0448584 0.3433 0.00169556 0.0129766 
0.0547016 0.000561497 0.0242948 0.0733197 0.0186562 0.000500883 6.97875e-05 0.0488333 0.00770929 0.0471377 0.0631544 0.0888782 0.23114 0.00034428 0.0100885 0.00390665 0.000694054 0.00375007 0.00522035 2.88666e-06 0.0447013 0.260389 0.00259685 0.00934798 
0.0486029 0.00326191 0.154444 0.00377922 0.0567084 0.000107618 0.0199188 0.0652437 0.000115887 0.00373498 0.0719843 0.152764 0.141927 5.72912e-10 0.0051414 0.0272997 0.000165444 0.00491995 0.0206657 0.00987872 1.37163e-05 0.199377 0.00312584 0.00681878 
1.34789e-05 0.00463334 1.1503e-05 1.75856e-06 0.00119225 8.87237e-07 2.76823e-06 0.000893191 0.000913554 0.0069294 2.34909e-05 0.150427 0.0812816 1.00146e-08 6.15478e-09 0.000297852 5.90283e-06 1.14626e-05 0.0772343 5.26266e-06 1.80503e-05 0.643196 0.0329018 4.81106e-06 
0.162467 0.00193812 0.0156017 0.00909327 0.102098 0.000221908 0.00401402 0.020928 0.0369227 0.00305789 0.0515475 0.0352567 0.0329077 2.53085e-06 8.01109e-05 0.00395933 0.000252106 0.0151226 0.0229539 0.000138061 0.0047074 0.419869 0.0402391 0.0166221 
0.0541306 0.0254151 0.00777448 0.000186219 0.000395494 0.00118076 6.63907e-08 0.0114571 2.72771e-06 0.00173477 6.11436e-07 0.0967117 0.327403 2.38135e-11 2.16395e-07 0.000930359 0.00124015 0.0219839 5.1433e-08 5.94534e-08 9.07572e-09 0.427428 0.0136036 0.00842128 
1.21067e-05 1.7059e-05 1.1266e-05 4.59397e-06 8.5338e-06 2.30188e-07 4.08218e-05 9.40386e-06 3.96003e-05 4.31465e-05 1.16452e-09 0.447106 7.06908e-10 1.30413e-08 8.01495e-09 1.48761e-09 1.65138e-08 3.71739e-09 5.41278e-09 9.17822e-06 9.46062e-09 0.552698 4.42924e-07 2.38192e-09 
0.0629223 0.000917123 0.0573374 5.31025e-06 0.0835279 3.1704e-05 0.000632953 0.0242423 0.00391116 0.000400883 0.0334096 0.118644 0.0488946 0.000740279 0.0690105 0.005111 0.000611472 0.0129696 0.00488132 0.000200104 0.00231164 0.456591 0.000957399 0.0117382 
