0.000241069 1.3272e-05 0.00165562 3.92801e-08 3.99772e-06 6.84326e-10 0.00156166 0.0757166 4.53606e-11 0.000167967 0.146994 0.272563 0.0851367 9.11388e-11 8.08783e-08 0.00264141 2.84338e-05 9.63827e-06 0.000295165 0.000477866 6.61155e-11 0.0111503 0.401343 5.81815e-07 
0.00394892 0.000113097 0.00611378 8.83968e-05 3.56982e-05 0.000255291 0.000127811 0.00204668 0.000102316 8.17246e-06 0.0094913 0.0155197 0.00167755 6.72847e-11 1.50277e-06 9.53882e-05 0.000347287 0.388018 0.000119065 0.000120932 4.01947e-05 0.00271595 0.511099 0.0579141 
9.24862e-05 5.35557e-05 0.00296418 0.000186769 0.0019426 1.27139e-08 0.00242521 0.0297388 1.32676e-07 0.00152745 0.0157378 0.113511 0.00171124 6.71867e-11 8.76745e-09 4.7404e-05 8.50767e-11 0.000441871 0.00077227 8.9666e-06 0.000119304 0.0249515 0.803761 6.41291e-06 
0.000137511 0.000157415 0.000243609 2.74969e-06 0.000662914 1.24626e-08 2.54291e-09 0.000189808 6.88032e-06 5.15602e-09 5.79602e-05 0.00823148 0.000236185 6.11638e-12 3.62094e-06 0.000217976 9.28527e-07 0.000471683 1.97392e-05 5.15224e-06 8.13881e-09 8.96264e-05 0.986737 0.00252761 
0.0159828 0.00330605 0.0801439 0.0154593 0.024653 0.00128885 0.0134375 0.0490262 0.00087253 0.0156554 0.05264 0.172722 0.0766571 0.00053104 1.63796e-05 0.0116305 0.00231829 0.0168101 0.00764653 0.000928159 0.00410427 0.151945 0.241844 0.0403814 
0.0581155 0.000702696 0.0808441 0.00282029 0.0255599 0.00938995 0.0746683 0.105968 0.00306514 0.0128191 0.108988 0.041474 0.0642804 2.07307e-05 6.03451e-05 0.00523339 0.00557741 0.179632 0.00103744 0.00154089 4.37205e-05 0.0273283 0.183111 0.00771892 
0.00414455 0.027595 0.0150421 0.000375059 0.00801317 4.09988e-05 0.0234646 0.0162112 1.56093e-06 0.00151585 0.00415372 0.348239 0.0297627 6.89956e-07 0.000270213 0.00774428 5.50019e-05 0.00150992 0.000206775 0.000878965 0.000335522 0.0287349 0.48105 0.000653511 
0.00293388 4.87867e-05 0.00146921 7.734e-05 0.00262994 1.00702e-05 0.0013849 0.0396817 0.000314142 0.00213837 0.00677797 0.0789895 0.0149111 4.41409e-06 4.46708e-10 0.000779476 0.0019442 0.00326651 0.0445892 3.93191e-10 0.000310619 0.334684 0.462635 0.000419089 
0.00459505 0.000509974 0.0312106 0.000171688 0.0085017 2.32047e-05 0.00268409 0.00903693 0.000122509 0.000840541 0.0524155 0.0304917 0.0103085 3.56318e-08 6.11715e-07 0.000403777 0.00953569 0.0288062 0.000582446 0.0031389 0.000769243 0.401503 0.403413 0.000934956 
0.00293388 4.87867e-05 0.00146921 7.734e-05 0.00262994 1.00702e-05 0.0013849 0.0396817 0.000314142 0.00213837 0.00677797 0.0789895 0.0149111 4.41409e-06 4.46708e-10 0.000779476 0.0019442 0.00326651 0.0445892 3.93191e-10 0.000310619 0.334684 0.462635 0.000419089 
0.000635702 0.000175208 0.000562174 5.87013e-05 0.00127387 8.27276e-06 1.87802e-05 0.00204922 0.000286774 2.88314e-05 0.0128522 0.0654815 0.0246152 4.41395e-12 1.02897e-07 0.00780446 1.31852e-05 0.000299911 0.00169369 0.0178703 1.98488e-05 0.00288619 0.8593 0.00206565 
0.00478056 0.000120694 0.0185927 9.17565e-06 0.00371239 8.57154e-08 0.00926769 0.0712814 0.000446127 0.0123659 0.00866907 0.335964 0.0803459 1.96836e-07 4.84335e-05 0.00229994 3.85945e-05 0.000304173 0.00212808 0.000667989 0.000623128 0.0260445 0.416264 0.00602458 
0.00679058 0.000428603 0.00926607 0.000254458 0.00281637 4.40875e-08 0.0028868 0.0224684 0.00127746 0.00225397 0.00286174 0.1156 0.00576129 2.52274e-07 1.55044e-07 0.00119125 4.7141e-05 6.73937e-05 0.029843 0.000157615 0.000550548 0.0066391 0.787838 0.000999712 
0.0104349 1.22816e-06 0.000139046 0.00606729 4.01205e-05 1.9969e-05 2.54348e-05 0.061009 0.129523 0.0149496 0.0166271 0.02229 0.0516761 3.22354e-08 7.57297e-06 0.000624635 5.82758e-07 1.40021e-05 0.00254726 0.00133343 2.42674e-05 0.104461 0.577211 0.000973139 
0.00723079 0.00125494 0.0113562 0.000449007 0.00368412 3.81178e-09 0.0129936 0.0249145 0.000454736 0.175799 0.00879989 0.0618008 0.0126441 0.000683218 1.49591e-06 0.000286653 1.46397e-05 0.00177677 0.00202847 1.38754e-05 0.00100001 0.0329312 0.635865 0.00401786 
0.000584094 0.000181819 0.00048459 6.84671e-05 0.00099019 9.57209e-06 7.90522e-06 0.00169188 0.000205375 6.40538e-06 0.0125045 0.0764087 0.0245739 2.56205e-12 2.83499e-09 0.00843453 1.57578e-05 0.000351522 0.000587272 0.0147307 2.04526e-05 0.00300737 0.85308 0.00205534 
0.000573437 0.00119159 0.000887199 1.35783e-05 0.00322767 1.19117e-05 1.70308e-05 0.00379842 3.06612e-05 0.000590272 0.00761394 0.0575 0.00643664 2.01254e-10 0.000819226 0.0167038 1.4188e-05 0.00199203 4.93619e-05 0.00143972 7.25213e-07 0.00982132 0.879832 0.00743546 
0.113464 0.000268144 0.0269894 0.000606241 0.0347169 0.000461925 0.0754478 0.0586543 0.000139571 0.00472092 0.234938 0.0623858 0.0615257 3.79886e-09 5.43029e-05 0.00267365 0.00074524 0.00212626 0.0244387 0.00640137 0.000450591 0.025161 0.258903 0.00472652 
0.0426232 0.00392346 0.0268787 0.00500001 0.0138087 0.000272583 0.00992836 0.0722148 0.00189487 0.0125941 0.0299034 0.205448 0.0433425 1.65415e-06 0.000195012 0.000395165 0.00012051 0.0137099 0.00495325 0.00264125 0.000753184 0.0796096 0.427674 0.0021142 
0.002075 6.91926e-06 5.63707e-05 2.39584e-05 0.000828482 2.75875e-05 1.30854e-05 0.000101657 0.000127231 5.79806e-05 5.58562e-05 0.138934 0.0124135 2.73809e-06 1.68279e-06 0.000104582 2.84222e-05 5.89328e-05 2.75685e-05 0.00431742 0.000322032 0.0162773 0.823214 0.000923094 
0.0216954 4.35077e-05 0.000743176 0.000292791 0.000259724 1.20632e-05 0.000254576 0.0090592 6.78121e-08 0.000298223 0.0050238 0.036894 0.0266289 1.36546e-08 1.7873e-11 1.14695e-05 4.11731e-06 0.00166312 0.000264761 6.00288e-05 1.06272e-05 0.0345833 0.855491 0.00670626 
0.0172268 0.00391584 0.0118848 0.00329723 0.00511869 0.000372064 0.11315 0.116062 0.000184871 0.019809 0.0601472 0.128534 0.118503 8.20629e-05 8.01524e-05 0.00841256 2.0291e-05 0.00571939 0.00233347 0.0030143 0.00110511 0.0332252 0.301082 0.0467206 
0.0148734 0.00112555 0.0225383 0.00143671 0.00848336 3.49224e-05 0.00509994 0.0415146 0.00121942 0.00678464 0.0620219 0.274705 0.0541215 5.33183e-07 1.04193e-05 0.0173876 4.06484e-05 0.00435754 0.00179701 0.000292332 1.10599e-05 0.128521 0.31714 0.036482 
0.0367782 4.96864e-05 0.00589196 4.18535e-08 0.00560127 7.0314e-06 0.00458266 0.127789 0.00152022 0.000815431 0.0147336 0.183268 0.22703 9.18298e-11 1.21311e-07 0.0411998 1.63045e-05 0.00126704 0.0027532 3.16183e-08 2.85017e-06 0.0907891 0.255905 7.95667e-08 
0.0104489 0.000160297 0.0177226 0.00574151 0.0037149 1.24399e-05 0.00172281 0.0334904 0.000462025 0.0230219 0.0105793 0.300001 0.0428572 6.49626e-06 1.85316e-06 0.0489967 4.88191e-05 0.00242446 0.0200355 0.00150922 0.000884855 0.0818979 0.392144 0.002115 
0.0110599 0.00581491 0.0184633 0.00175756 0.00594384 0.00114888 0.00718472 0.0444218 0.00368974 0.0239322 0.031378 0.251425 0.0485994 0.000777239 0.00131388 0.00992452 1.4827e-05 0.00343935 0.0246717 0.00554539 0.000340568 0.0658006 0.430064 0.00328857 
0.000635702 0.000175208 0.000562174 5.87013e-05 0.00127387 8.27276e-06 1.87802e-05 0.00204922 0.000286774 2.88314e-05 0.0128522 0.0654815 0.0246152 4.41395e-12 1.02897e-07 0.00780446 1.31852e-05 0.000299911 0.00169369 0.0178703 1.98488e-05 0.00288619 0.8593 0.00206565 
0.000137511 0.000157415 0.000243609 2.74969e-06 0.000662914 1.24626e-08 2.54291e-09 0.000189808 6.88032e-06 5.15602e-09 5.79602e-05 0.00823148 0.000236185 6.11638e-12 3.62094e-06 0.000217976 9.28527e-07 0.000471683 1.97392e-05 5.15224e-06 8.13881e-09 8.96264e-05 0.986737 0.00252761 
0.000646877 0.000134797 0.000653294 4.48349e-05 0.00133812 6.2689e-06 2.92069e-05 0.00256992 0.000217841 6.19966e-05 0.0112217 0.0527309 0.0184532 6.97981e-12 4.41419e-09 0.00643657 1.03292e-05 0.000230115 0.00122438 0.011174 1.34007e-05 0.00273349 0.888198 0.00187121 
0.0100401 8.39367e-05 0.0112689 0.000122317 0.0158472 0.00010548 0.00128385 0.0377583 0.000582315 0.00743699 0.00580694 0.0985875 0.0073693 6.5714e-07 1.27214e-05 0.000638272 8.32119e-07 0.000440472 0.00332984 6.56867e-05 0.00242159 0.123136 0.673221 0.000439779 
0.000137511 0.000157415 0.000243609 2.74969e-06 0.000662914 1.24626e-08 2.54291e-09 0.000189808 6.88032e-06 5.15602e-09 5.79602e-05 0.00823148 0.000236185 6.11638e-12 3.62094e-06 0.000217976 9.28527e-07 0.000471683 1.97392e-05 5.15224e-06 8.13881e-09 8.96264e-05 0.986737 0.00252761 
0.000137511 0.000157415 0.000243609 2.74969e-06 0.000662914 1.24626e-08 2.54291e-09 0.000189808 6.88032e-06 5.15602e-09 5.79602e-05 0.00823148 0.000236185 6.11638e-12 3.62094e-06 0.000217976 9.28527e-07 0.000471683 1.97392e-05 5.15224e-06 8.13881e-09 8.96264e-05 0.986737 0.00252761 
4.22942e-09 6.06078e-07 6.27217e-09 3.71359e-07 3.03771e-07 8.12192e-09 1.84122e-08 3.89631e-09 2.31309e-08 1.19185e-08 2.88745e-07 0.0477605 1.12591e-07 4.64747e-08 2.85626e-08 0.0102947 5.88496e-08 1.32475e-08 3.83965e-06 2.51407e-08 3.37145e-08 5.24127e-05 0.941886 2.24837e-07 
0.0067823 0.000587373 0.000842866 0.0816284 0.0430645 1.41589e-08 0.000662351 0.119627 0.00971532 0.00196018 0.0383016 0.308093 0.00220706 9.81143e-10 0.000202731 0.0370992 1.62666e-05 0.000706709 0.00830552 0.000300102 0.00545915 0.0127082 0.319625 0.00210509 
0.0029251 6.37192e-07 0.000908008 0.000203705 0.00118446 0.000234088 0.0793741 0.0164384 0.000320016 0.00456668 0.00847436 0.260094 0.0179246 0.000635038 0.00164138 0.00186622 0.000426784 0.00216794 0.00138709 0.000250368 0.000460491 0.173991 0.424358 0.000167437 
0.000556751 0.0010312 0.0162527 0.0445186 0.000970509 5.50316e-05 0.00776713 0.0124597 1.01513e-07 5.05551e-05 0.000188646 0.128662 0.00857673 3.48601e-08 8.28478e-09 2.30945e-08 8.85905e-05 0.0329651 0.00421722 3.46382e-06 3.96128e-05 0.00751365 0.733383 0.000699784 
0.00199187 0.000743077 0.00312171 0.000234749 0.000758432 7.34883e-06 0.00047292 0.0269668 2.83163e-05 0.00172827 0.00639412 0.352394 0.0368495 2.22779e-09 6.29785e-07 0.000623777 9.44827e-07 0.000588241 0.000271007 0.00547164 0.00081645 0.00804551 0.552257 0.000233534 
0.0216954 4.35077e-05 0.000743176 0.000292791 0.000259724 1.20632e-05 0.000254576 0.0090592 6.78121e-08 0.000298223 0.0050238 0.036894 0.0266289 1.36546e-08 1.7873e-11 1.14695e-05 4.11731e-06 0.00166312 0.000264761 6.00288e-05 1.06272e-05 0.0345833 0.855491 0.00670626 
0.000635702 0.000175208 0.000562174 5.87013e-05 0.00127387 8.27276e-06 1.87802e-05 0.00204922 0.000286774 2.88314e-05 0.0128522 0.0654815 0.0246152 4.41395e-12 1.02897e-07 0.00780446 1.31852e-05 0.000299911 0.00169369 0.0178703 1.98488e-05 0.00288619 0.8593 0.00206565 
0.000584094 0.000181819 0.00048459 6.84671e-05 0.00099019 9.57209e-06 7.90522e-06 0.00169188 0.000205375 6.40538e-06 0.0125045 0.0764087 0.0245739 2.56205e-12 2.83499e-09 0.00843453 1.57578e-05 0.000351522 0.000587272 0.0147307 2.04526e-05 0.00300737 0.85308 0.00205534 
0.0151456 0.00378159 0.0176145 0.000577004 0.0108749 0.00122077 0.0194628 0.0627072 0.00208806 0.0559258 0.0254083 0.152663 0.0291432 0.00190042 7.90805e-05 0.00444628 0.000281972 0.00675441 0.00455424 0.0022613 0.00102598 0.0389342 0.538035 0.00511376 
0.0114506 0.0140373 0.0434709 0.00100501 0.0235559 2.78303e-05 0.00125919 0.130788 0.000410805 0.0067205 0.0226407 0.106258 0.173428 5.85854e-06 0.000112467 0.0668085 2.8211e-05 0.00696666 0.00169312 0.00017155 0.000186428 0.164952 0.219321 0.00470262 
0.00426056 3.74585e-05 0.0128352 0.0282052 0.00499057 4.99504e-05 0.0134717 0.0717375 6.44636e-08 0.0168778 0.100049 0.0298563 0.0494414 2.67401e-08 6.24536e-06 0.00678218 1.01339e-05 0.00944271 0.00242594 3.58707e-05 0.000276524 0.0146313 0.631448 0.00312795 
0.000584094 0.000181819 0.00048459 6.84671e-05 0.00099019 9.57209e-06 7.90522e-06 0.00169188 0.000205375 6.40538e-06 0.0125045 0.0764087 0.0245739 2.56205e-12 2.83499e-09 0.00843453 1.57578e-05 0.000351522 0.000587272 0.0147307 2.04526e-05 0.00300737 0.85308 0.00205534 
0.000584094 0.000181819 0.00048459 6.84671e-05 0.00099019 9.57209e-06 7.90522e-06 0.00169188 0.000205375 6.40538e-06 0.0125045 0.0764087 0.0245739 2.56205e-12 2.83499e-09 0.00843453 1.57578e-05 0.000351522 0.000587272 0.0147307 2.04526e-05 0.00300737 0.85308 0.00205534 
0.000584094 0.000181819 0.00048459 6.84671e-05 0.00099019 9.57209e-06 7.90522e-06 0.00169188 0.000205375 6.40538e-06 0.0125045 0.0764087 0.0245739 2.56205e-12 2.83499e-09 0.00843453 1.57578e-05 0.000351522 0.000587272 0.0147307 2.04526e-05 0.00300737 0.85308 0.00205534 
0.063157 0.0075909 0.0145059 0.000568533 0.0726292 9.39919e-05 0.0014768 0.0179188 0.0634914 0.000675522 0.0637181 0.101774 0.0764119 1.04808e-05 3.0047e-05 0.00409959 0.000468339 0.00647894 0.00420634 0.0264999 0.00152915 0.0222172 0.41269 0.0377586 
1.17945e-06 1.63544e-05 0.00586355 0.00238855 0.0414539 6.62998e-06 0.000850396 0.0388944 7.13454e-07 0.00334109 2.11919e-06 0.0734406 0.00130383 2.02997e-07 2.45647e-06 0.000779475 2.5705e-07 0.11502 0.00036808 4.91263e-06 0.0265519 0.1112 0.560656 0.0178541 
0.0049742 3.47701e-05 0.0347085 0.000106463 0.00898846 2.8205e-05 0.0183322 0.103404 0.000390413 0.011487 0.183535 0.137305 0.0303503 3.42197e-07 0.000107039 3.24736e-05 0.00025478 0.00185826 0.00292975 0.00214733 9.74334e-06 0.00798163 0.442589 0.00844554 
8.40407e-08 4.8457e-07 0.0031868 7.5422e-07 3.66214e-11 9.11232e-08 4.93668e-07 0.0389529 1.58795e-10 0.0010529 0.0379299 0.189598 3.60199e-05 3.19053e-10 8.02611e-08 3.63941e-11 4.04008e-10 0.00171498 0.065638 6.58816e-08 5.43644e-07 0.044428 0.610488 0.00697131 
9.95978e-10 5.28394e-06 4.86201e-09 1.91778e-08 1.27275e-07 5.48489e-10 1.50152e-08 8.11679e-08 8.08888e-12 2.82643e-06 0.000807173 0.0428954 0.000294013 1.62522e-11 9.98837e-12 3.58011e-10 2.05798e-11 4.63267e-12 6.7455e-12 6.46053e-05 1.179e-11 2.72392e-08 0.95593 2.96839e-12 
0.00199187 0.000743077 0.00312171 0.000234749 0.000758432 7.34883e-06 0.00047292 0.0269668 2.83163e-05 0.00172827 0.00639412 0.352394 0.0368495 2.22779e-09 6.29785e-07 0.000623777 9.44827e-07 0.000588241 0.000271007 0.00547164 0.00081645 0.00804551 0.552257 0.000233534 
0.056562 0.0132169 0.0906357 0.00559319 0.00743894 0.00289877 0.000950174 0.0599399 0.000906617 0.0155627 0.00989827 0.1724 0.0281336 3.58986e-10 1.22738e-06 0.00225109 4.46547e-07 0.0845144 0.00228 0.000257291 0.000564583 0.147881 0.283481 0.0146323 
0.00390081 7.29743e-08 0.00814357 4.00308e-05 0.00140653 2.01936e-09 0.000733979 0.182213 2.43672e-08 0.00130759 0.259783 0.0446714 0.0617529 1.1995e-10 5.85771e-08 1.95777e-07 1.51889e-10 1.98147e-07 0.00360523 1.40641e-05 5.45941e-08 0.00226319 0.430004 0.000160721 
0.00149429 0.000556403 0.00251381 0.000114517 0.00139443 9.23823e-06 1.53256e-05 0.00220292 0.000134454 0.000376418 0.0101638 0.116599 0.0278303 6.28358e-12 1.70745e-06 0.0447549 2.90464e-05 0.000230112 0.000575975 0.0103896 1.33988e-05 0.0044037 0.774851 0.00134537 
0.0090433 0.0276691 0.00757846 0.000208829 0.00566394 0.0120988 0.00163798 0.0240677 0.000791708 0.00457225 0.110716 0.297759 0.0348562 8.82342e-06 0.000345738 0.0499949 0.000472149 0.00499122 0.00374546 0.0163044 0.00015185 0.0620533 0.323508 0.00176116 
9.51854e-05 0.00058837 2.43788e-07 4.2241e-07 3.13944e-05 5.59883e-06 0.000281765 0.00295219 3.58687e-07 7.55377e-07 0.00498626 0.0353294 0.00446953 7.20676e-07 1.47063e-05 3.22325e-05 9.12573e-07 2.05427e-07 0.000305748 0.010414 5.22806e-07 0.0484206 0.892026 4.32618e-05 
0.0158375 0.000179872 0.00477656 0.106456 0.00559969 2.25159e-05 0.0453745 0.0611406 0.000133062 0.00796351 0.069191 0.224181 0.0652405 0.0016126 7.54828e-07 0.00219836 0.00124385 0.00250779 0.000357981 2.1345e-06 5.02554e-06 0.0138336 0.235338 0.136803 
0.00390081 7.29743e-08 0.00814357 4.00308e-05 0.00140653 2.01936e-09 0.000733979 0.182213 2.43672e-08 0.00130759 0.259783 0.0446714 0.0617529 1.1995e-10 5.85771e-08 1.95777e-07 1.51889e-10 1.98147e-07 0.00360523 1.40641e-05 5.45941e-08 0.00226319 0.430004 0.000160721 
0.000646877 0.000134797 0.000653294 4.48349e-05 0.00133812 6.2689e-06 2.92069e-05 0.00256992 0.000217841 6.19966e-05 0.0112217 0.0527309 0.0184532 6.97981e-12 4.41419e-09 0.00643657 1.03292e-05 0.000230115 0.00122438 0.011174 1.34007e-05 0.00273349 0.888198 0.00187121 
0.0067823 0.000587373 0.000842866 0.0816284 0.0430645 1.41589e-08 0.000662351 0.119627 0.00971532 0.00196018 0.0383016 0.308093 0.00220706 9.81143e-10 0.000202731 0.0370992 1.62666e-05 0.000706709 0.00830552 0.000300102 0.00545915 0.0127082 0.319625 0.00210509 
0.00394892 0.000113097 0.00611378 8.83968e-05 3.56982e-05 0.000255291 0.000127811 0.00204668 0.000102316 8.17246e-06 0.0094913 0.0155197 0.00167755 6.72847e-11 1.50277e-06 9.53882e-05 0.000347287 0.388018 0.000119065 0.000120932 4.01947e-05 0.00271595 0.511099 0.0579141 
0.0157857 0.000106254 0.0108796 0.000173552 0.000249326 5.904e-05 4.86746e-06 0.0261225 0.000455848 0.0145555 0.00632739 0.0565106 0.147492 1.22861e-05 4.60272e-05 0.156135 0.000245457 0.0016835 0.00126102 0.000361401 8.91276e-06 0.0165863 0.541857 0.00308107 
0.000558386 0.0026716 0.0159364 0.0453965 0.00107456 0.000113169 0.00978225 0.0121407 3.46675e-05 5.55233e-05 0.00025301 0.12285 0.00840737 3.23467e-07 1.3318e-07 1.14678e-06 0.000115838 0.0389563 0.00431452 0.0112527 4.46897e-05 0.00804358 0.717252 0.000743798 
0.00407618 1.63948e-05 0.000623157 0.000649825 0.000609994 2.4064e-05 0.000232014 0.000653881 2.89329e-05 0.00302066 0.00774108 0.259505 0.0227115 5.81955e-08 0.000232697 0.0140041 0.000223284 0.00129101 0.00093806 0.00395141 0.000106941 0.152298 0.526915 0.00014671 
0.0210528 0.000255194 0.0312121 0.000632743 0.00962896 4.15652e-05 0.000149791 0.0533562 0.00209886 0.000334988 0.0523948 0.231908 0.0268906 5.04712e-08 0.0020955 0.0193212 1.944e-07 0.0534413 0.00337953 0.00305936 8.47762e-06 0.0853713 0.395525 0.00784198 
0.0124641 0.000288626 0.00851809 0.000534214 0.00414808 0.00470413 0.222593 0.0894306 0.000241462 0.00818775 0.0864568 0.10907 0.0156118 3.01808e-06 7.53655e-05 0.000466831 0.000176638 0.0021215 0.00654423 0.0016218 0.000777126 0.0235409 0.396127 0.00629693 
0.00213335 0.000296392 0.219775 5.67864e-07 0.000468154 1.69314e-07 0.0130584 0.132556 4.82199e-07 0.00515156 0.0111832 0.0537726 0.000382249 9.68838e-07 3.17432e-06 4.63015e-05 1.35498e-05 0.00797082 0.0117403 1.04598e-06 0.000508259 0.0761681 0.464764 5.21641e-06 
0.00818273 0.000866179 0.00506723 0.000250882 0.00118366 5.87932e-06 0.00268584 0.041221 7.95773e-05 0.00307234 0.016703 0.356035 0.0372785 1.82246e-09 5.03942e-07 0.00157527 5.18922e-06 0.00334482 0.00040244 0.0130249 0.000674731 0.00688377 0.500769 0.000688105 
0.0535438 4.51555e-05 0.0134584 9.52651e-05 0.00244689 1.28064e-05 6.24008e-05 0.152363 6.2496e-06 0.0715453 0.0116191 0.16193 0.16132 0.00207921 2.35091e-07 0.00227896 2.54841e-05 0.00792435 0.00165121 0.00122261 6.72487e-05 0.0114041 0.344391 0.000507047 
0.00394892 0.000113097 0.00611378 8.83968e-05 3.56982e-05 0.000255291 0.000127811 0.00204668 0.000102316 8.17246e-06 0.0094913 0.0155197 0.00167755 6.72847e-11 1.50277e-06 9.53882e-05 0.000347287 0.388018 0.000119065 0.000120932 4.01947e-05 0.00271595 0.511099 0.0579141 
0.0284193 0.00080906 0.0156824 0.000180121 0.00183313 2.04351e-05 0.00137685 0.0528823 1.7536e-05 0.00553085 0.0143488 0.110291 0.0321817 5.94837e-08 2.64345e-07 0.000259765 2.0569e-05 0.0124783 0.009228 0.00055981 0.000172631 0.0645022 0.648941 0.000264632 
0.000646877 0.000134797 0.000653294 4.48349e-05 0.00133812 6.2689e-06 2.92069e-05 0.00256992 0.000217841 6.19966e-05 0.0112217 0.0527309 0.0184532 6.97981e-12 4.41419e-09 0.00643657 1.03292e-05 0.000230115 0.00122438 0.011174 1.34007e-05 0.00273349 0.888198 0.00187121 
0.0271509 0.00761863 0.0307283 0.00264444 0.00997133 4.47993e-05 0.00437979 0.0421238 0.00462092 0.022466 0.0357053 0.14498 0.0637729 0.000842545 1.63928e-05 0.0129143 0.0010184 0.0195435 0.0230417 0.00185835 0.00182791 0.0638647 0.474414 0.0044511 
0.0970389 0.00489826 0.0506679 0.000384748 0.043758 0.00709305 0.0938253 0.114481 0.00398222 0.00736095 0.0430974 0.126018 0.0589489 0.00236715 4.72049e-06 0.00521996 9.19753e-05 0.0132078 0.00155962 0.0107386 0.000807321 0.0541931 0.149821 0.110435 
0.0330074 1.01386e-06 0.0257833 0.000105885 0.0175643 5.02255e-05 0.000756798 0.0751928 0.00180665 0.00605775 0.04815 0.0574757 0.0655126 2.77591e-08 4.20034e-06 1.05294e-07 1.37071e-05 0.0258841 0.000629926 1.50164e-08 0.000221978 0.0167316 0.334663 0.290387 
0.00701345 4.7469e-05 0.0149835 3.00435e-05 0.0012643 5.72907e-06 0.00373612 0.0568828 5.71935e-05 0.00245907 0.0179701 0.063047 0.00730505 1.17394e-07 2.8808e-10 0.000433519 2.97548e-05 0.00473938 0.00447529 0.000279319 1.33223e-05 0.0160494 0.799029 0.000148865 
1.27874e-07 1.4679e-08 4.34668e-07 2.08702e-05 9.34223e-06 5.10722e-12 1.83236e-07 6.10352e-07 1.28583e-05 2.7506e-07 0.000133547 0.0518793 5.71204e-05 2.92242e-11 1.79607e-11 1.31098e-05 3.70058e-11 5.48137e-08 5.78026e-07 4.94897e-08 1.50999e-08 5.34773e-05 0.947803 1.46762e-05 
9.95978e-10 5.28394e-06 4.86201e-09 1.91778e-08 1.27275e-07 5.48489e-10 1.50152e-08 8.11679e-08 8.08888e-12 2.82643e-06 0.000807173 0.0428954 0.000294013 1.62522e-11 9.98837e-12 3.58011e-10 2.05798e-11 4.63267e-12 6.7455e-12 6.46053e-05 1.179e-11 2.72392e-08 0.95593 2.96839e-12 
0.000137511 0.000157415 0.000243609 2.74969e-06 0.000662914 1.24626e-08 2.54291e-09 0.000189808 6.88032e-06 5.15602e-09 5.79602e-05 0.00823148 0.000236185 6.11638e-12 3.62094e-06 0.000217976 9.28527e-07 0.000471683 1.97392e-05 5.15224e-06 8.13881e-09 8.96264e-05 0.986737 0.00252761 
9.95978e-10 5.28394e-06 4.86201e-09 1.91778e-08 1.27275e-07 5.48489e-10 1.50152e-08 8.11679e-08 8.08888e-12 2.82643e-06 0.000807173 0.0428954 0.000294013 1.62522e-11 9.98837e-12 3.58011e-10 2.05798e-11 4.63267e-12 6.7455e-12 6.46053e-05 1.179e-11 2.72392e-08 0.95593 2.96839e-12 
0.00632789 0.000198875 0.00241611 0.00123567 2.0921e-05 3.8194e-09 0.00707041 0.0302879 7.38503e-05 0.00117185 0.00278187 0.0830381 0.0198466 2.18551e-08 1.27224e-06 0.00258597 3.6129e-06 0.00234973 0.000334178 5.75593e-06 6.57245e-07 0.0162176 0.824006 2.48553e-05 
0.0107426 0.00515481 0.0131745 0.000138661 0.0086392 0.00205158 0.0011282 0.0117807 0.000635518 0.000508443 0.0425831 0.207965 0.0337759 1.39784e-07 1.95061e-06 0.0241323 0.000343587 0.00929568 0.00268842 0.0866887 0.000125599 0.0115788 0.513103 0.0137635 
0.0018467 0.000162015 0.00235001 4.54696e-05 0.00209656 6.28427e-05 2.35726e-05 0.00788827 0.00013585 0.000102908 0.0149439 0.102008 0.0467713 3.21037e-10 9.01754e-08 0.0110525 1.07884e-05 0.000231006 0.00357484 0.0179031 3.25277e-05 0.0121656 0.774581 0.00201068 
0.000649484 0.000134529 0.000677709 4.71221e-05 0.00145109 6.72903e-06 3.83587e-05 0.00265096 0.000294702 7.15811e-05 0.01212 0.0556339 0.0210929 7.175e-12 8.95647e-08 0.00687385 9.89014e-06 0.000240805 0.0019023 0.0156341 1.70983e-05 0.00271036 0.875779 0.00196363 
0.000137511 0.000157415 0.000243609 2.74969e-06 0.000662914 1.24626e-08 2.54291e-09 0.000189808 6.88032e-06 5.15602e-09 5.79602e-05 0.00823148 0.000236185 6.11638e-12 3.62094e-06 0.000217976 9.28527e-07 0.000471683 1.97392e-05 5.15224e-06 8.13881e-09 8.96264e-05 0.986737 0.00252761 
0.00160419 0.000612494 0.00348447 5.11989e-06 6.5437e-05 9.08464e-08 2.03567e-07 0.0136841 1.25108e-06 0.0332373 0.00215265 0.0650602 0.0136669 1.51719e-09 9.32439e-10 0.000729384 2.90161e-05 0.00638976 1.69694e-05 3.85672e-06 1.95055e-06 0.207079 0.642103 0.0100726 
0.00293388 4.87867e-05 0.00146921 7.734e-05 0.00262994 1.00702e-05 0.0013849 0.0396817 0.000314142 0.00213837 0.00677797 0.0789895 0.0149111 4.41409e-06 4.46708e-10 0.000779476 0.0019442 0.00326651 0.0445892 3.93191e-10 0.000310619 0.334684 0.462635 0.000419089 
0.00465314 0.000505027 0.00635319 0.000278846 0.00386793 1.18183e-05 2.59577e-05 0.112643 0.000450058 0.00359083 0.0167364 0.200922 0.0736514 5.65387e-08 2.54376e-05 0.0641001 0.01452 0.0190435 0.00284137 0.0215279 0.000131525 0.0721278 0.381989 3.49995e-06 
0.0142091 0.000248164 0.0669821 0.000734744 0.0175732 1.36486e-07 0.103875 0.204462 2.26611e-06 0.0389315 0.0175269 0.166292 0.0162715 3.42342e-06 7.52118e-10 0.000234452 8.34012e-08 0.00495366 0.0369744 0.0353937 9.44579e-05 0.0284323 0.24662 0.000185212 
0.000222297 4.75749e-05 0.000323326 0.000370546 0.000458959 2.77306e-06 0.00013128 0.00319541 0.000130246 2.18855e-05 0.00394963 0.0408214 0.00639735 9.64476e-09 1.18826e-07 0.0024273 5.11184e-06 0.000101737 0.000422811 0.00476702 0.00015013 0.00157607 0.933637 0.000840088 
0.00747776 0.00322642 0.0240541 0.015663 0.0289004 0.00028457 0.00270344 0.0431856 0.00406952 0.00131426 0.0498808 0.186605 0.0793108 4.67044e-09 2.04454e-06 0.0256549 9.10564e-05 0.000503992 0.0144818 0.00608512 0.000298901 0.0487547 0.401596 0.055856 
1.7811e-09 2.7514e-09 1.09755e-09 4.52761e-09 7.47713e-08 2.16319e-09 3.54479e-09 0.000149663 2.61942e-12 1.40195e-05 0.00106513 0.0495953 0.000711234 5.26295e-12 3.23452e-12 6.00341e-13 6.92945e-09 6.76679e-08 2.18439e-12 0.000242345 3.81794e-12 6.42974e-09 0.948222 9.61251e-13 
0.0773263 0.000140694 0.0709731 2.98731e-05 0.0106668 1.36494e-08 0.00414123 0.0817431 0.00354573 0.181913 0.0616279 0.0258078 0.00524213 7.81036e-08 1.75643e-05 0.000956581 0.000203437 0.0101661 0.0187851 2.91547e-05 0.000708529 0.209833 0.232912 0.00323036 
0.0322927 0.00265045 0.0354452 0.00302054 0.00712974 2.92441e-05 0.00786321 0.102072 0.000888021 0.0351819 0.0498231 0.153479 0.0872651 4.30107e-05 0.000167602 0.00402341 0.000336279 0.0106254 0.00616706 0.00943056 0.00254875 0.0492173 0.393392 0.0069088 
1.27874e-07 1.4679e-08 4.34668e-07 2.08702e-05 9.34223e-06 5.10722e-12 1.83236e-07 6.10352e-07 1.28583e-05 2.7506e-07 0.000133547 0.0518793 5.71204e-05 2.92242e-11 1.79607e-11 1.31098e-05 3.70058e-11 5.48137e-08 5.78026e-07 4.94897e-08 1.50999e-08 5.34773e-05 0.947803 1.46762e-05 
0.000584094 0.000181819 0.00048459 6.84671e-05 0.00099019 9.57209e-06 7.90522e-06 0.00169188 0.000205375 6.40538e-06 0.0125045 0.0764087 0.0245739 2.56205e-12 2.83499e-09 0.00843453 1.57578e-05 0.000351522 0.000587272 0.0147307 2.04526e-05 0.00300737 0.85308 0.00205534 
0.000646877 0.000134797 0.000653294 4.48349e-05 0.00133812 6.2689e-06 2.92069e-05 0.00256992 0.000217841 6.19966e-05 0.0112217 0.0527309 0.0184532 6.97981e-12 4.41419e-09 0.00643657 1.03292e-05 0.000230115 0.00122438 0.011174 1.34007e-05 0.00273349 0.888198 0.00187121 
3.88204e-06 7.76162e-07 2.44621e-05 6.95918e-07 0.00192258 2.07494e-07 3.28972e-05 9.41833e-06 5.90935e-07 0.000328117 1.06021e-07 0.0193073 0.0013252 1.18731e-06 7.29702e-07 1.35436e-07 1.50346e-06 3.38441e-07 4.92794e-07 6.42281e-07 8.6132e-07 0.128467 0.848444 0.000127102 
0.115375 0.000109426 0.118568 0.00763787 0.129859 3.56734e-05 0.00531396 0.0554246 0.00937218 0.0224716 0.0358438 0.0531892 0.113644 2.46846e-08 1.07332e-05 0.000515886 0.000302226 0.0104863 0.00165935 0.000450304 0.000203782 0.101233 0.153608 0.0646849 
0.00149429 0.000556403 0.00251381 0.000114517 0.00139443 9.23823e-06 1.53256e-05 0.00220292 0.000134454 0.000376418 0.0101638 0.116599 0.0278303 6.28358e-12 1.70745e-06 0.0447549 2.90464e-05 0.000230112 0.000575975 0.0103896 1.33988e-05 0.0044037 0.774851 0.00134537 
0.00394892 0.000113097 0.00611378 8.83968e-05 3.56982e-05 0.000255291 0.000127811 0.00204668 0.000102316 8.17246e-06 0.0094913 0.0155197 0.00167755 6.72847e-11 1.50277e-06 9.53882e-05 0.000347287 0.388018 0.000119065 0.000120932 4.01947e-05 0.00271595 0.511099 0.0579141 
0.00548533 5.89806e-06 0.00320747 0.000527785 0.00454356 0.000171842 0.0525685 0.0373633 0.000742324 0.0154011 0.0102231 0.2992 0.0238812 0.000301287 0.000307401 0.000987563 0.00017351 0.00471899 0.00632038 0.000606738 0.00184263 0.135549 0.395532 0.000339179 
0.000646877 0.000134797 0.000653294 4.48349e-05 0.00133812 6.2689e-06 2.92069e-05 0.00256992 0.000217841 6.19966e-05 0.0112217 0.0527309 0.0184532 6.97981e-12 4.41419e-09 0.00643657 1.03292e-05 0.000230115 0.00122438 0.011174 1.34007e-05 0.00273349 0.888198 0.00187121 
0.0067536 0.000178799 0.00907583 5.28103e-05 0.00122112 0.000121879 4.75851e-05 0.0222941 3.70126e-08 0.000781515 0.0244475 0.225339 0.127079 3.44021e-10 3.4293e-06 0.0250444 3.05985e-06 0.000586616 0.000364035 0.0303796 1.85204e-05 0.0376961 0.484256 0.00425574 
0.00959946 0.000313256 0.0104243 0.000905174 0.00487846 0.000143525 0.0146286 0.0868423 0.000556557 0.00155912 0.0971338 0.167146 0.0967342 1.85826e-10 0.000208448 0.0376043 5.67325e-05 0.019597 0.14014 0.000126764 0.000119641 0.0498422 0.215668 0.0457721 
0.000584094 0.000181819 0.00048459 6.84671e-05 0.00099019 9.57209e-06 7.90522e-06 0.00169188 0.000205375 6.40538e-06 0.0125045 0.0764087 0.0245739 2.56205e-12 2.83499e-09 0.00843453 1.57578e-05 0.000351522 0.000587272 0.0147307 2.04526e-05 0.00300737 0.85308 0.00205534 
0.00485717 0.000167451 0.0078985 5.02295e-05 0.00235949 1.27304e-05 0.0500149 0.0871348 5.7909e-05 0.00178806 0.0327551 0.33174 0.0323292 5.40119e-08 0.000108849 0.00301053 3.66803e-05 0.00196753 6.19883e-05 0.00147256 5.68664e-05 0.0176746 0.42363 0.000814815 
0.000584094 0.000181819 0.00048459 6.84671e-05 0.00099019 9.57209e-06 7.90522e-06 0.00169188 0.000205375 6.40538e-06 0.0125045 0.0764087 0.0245739 2.56205e-12 2.83499e-09 0.00843453 1.57578e-05 0.000351522 0.000587272 0.0147307 2.04526e-05 0.00300737 0.85308 0.00205534 
0.0067823 0.000587373 0.000842866 0.0816284 0.0430645 1.41589e-08 0.000662351 0.119627 0.00971532 0.00196018 0.0383016 0.308093 0.00220706 9.81143e-10 0.000202731 0.0370992 1.62666e-05 0.000706709 0.00830552 0.000300102 0.00545915 0.0127082 0.319625 0.00210509 
0.0237056 0.000244468 0.0254289 0.000816354 0.00152797 1.37319e-08 0.0146669 0.088257 0.00112916 0.00410266 0.129091 0.187965 0.0151145 4.3612e-08 1.57308e-06 0.000357931 0.000234828 0.00527956 0.000607995 0.000697814 0.00012303 0.0319973 0.444645 0.024005 
0.0216954 4.35077e-05 0.000743176 0.000292791 0.000259724 1.20632e-05 0.000254576 0.0090592 6.78121e-08 0.000298223 0.0050238 0.036894 0.0266289 1.36546e-08 1.7873e-11 1.14695e-05 4.11731e-06 0.00166312 0.000264761 6.00288e-05 1.06272e-05 0.0345833 0.855491 0.00670626 
0.0330074 1.01386e-06 0.0257833 0.000105885 0.0175643 5.02255e-05 0.000756798 0.0751928 0.00180665 0.00605775 0.04815 0.0574757 0.0655126 2.77591e-08 4.20034e-06 1.05294e-07 1.37071e-05 0.0258841 0.000629926 1.50164e-08 0.000221978 0.0167316 0.334663 0.290387 
0.0067823 0.000587373 0.000842866 0.0816284 0.0430645 1.41589e-08 0.000662351 0.119627 0.00971532 0.00196018 0.0383016 0.308093 0.00220706 9.81143e-10 0.000202731 0.0370992 1.62666e-05 0.000706709 0.00830552 0.000300102 0.00545915 0.0127082 0.319625 0.00210509 
0.000137511 0.000157415 0.000243609 2.74969e-06 0.000662914 1.24626e-08 2.54291e-09 0.000189808 6.88032e-06 5.15602e-09 5.79602e-05 0.00823148 0.000236185 6.11638e-12 3.62094e-06 0.000217976 9.28527e-07 0.000471683 1.97392e-05 5.15224e-06 8.13881e-09 8.96264e-05 0.986737 0.00252761 
0.0130346 1.94186e-05 0.186525 4.00819e-05 0.00322509 1.36998e-06 0.00279542 0.120019 0.00223975 0.0103413 0.0621185 0.12006 0.00988322 1.43399e-09 0.00997479 0.00156965 0.00116613 0.060761 0.000554271 0.0017461 5.17533e-06 0.0102109 0.383707 1.29458e-06 
0.0371076 0.00592023 0.0125618 0.000395153 0.00910281 0.000299576 0.0445196 0.14812 0.00237664 0.00546884 0.19644 0.0963963 0.0439874 2.94056e-08 1.8171e-06 0.0107192 0.000229117 0.023314 6.0348e-05 2.60375e-06 0.000135509 0.042378 0.210565 0.109899 
0.0137877 4.93865e-05 0.00361711 3.17259e-05 0.000162573 3.71507e-10 0.234712 0.0446394 0.000264789 0.00855397 0.00876121 0.058111 0.0115842 2.12581e-09 9.9806e-09 0.000108557 3.3952e-07 0.00718701 5.40886e-07 7.93025e-06 0.000224325 0.000358148 0.607561 0.000277226 
0.00149429 0.000556403 0.00251381 0.000114517 0.00139443 9.23823e-06 1.53256e-05 0.00220292 0.000134454 0.000376418 0.0101638 0.116599 0.0278303 6.28358e-12 1.70745e-06 0.0447549 2.90464e-05 0.000230112 0.000575975 0.0103896 1.33988e-05 0.0044037 0.774851 0.00134537 
0.000644127 0.00117827 0.00290221 0.087282 6.83672e-12 0.00167917 0.000272948 0.00668955 2.96449e-11 0.0255533 0.00611255 0.0701327 0.0122119 0.140692 3.66063e-11 6.79428e-12 7.54228e-11 0.0924743 0.00911429 3.22207e-11 4.32091e-11 0.191417 0.351644 1.08788e-11 
0.00199187 0.000743077 0.00312171 0.000234749 0.000758432 7.34883e-06 0.00047292 0.0269668 2.83163e-05 0.00172827 0.00639412 0.352394 0.0368495 2.22779e-09 6.29785e-07 0.000623777 9.44827e-07 0.000588241 0.000271007 0.00547164 0.00081645 0.00804551 0.552257 0.000233534 
0.0211164 0.000239792 0.00467256 0.141935 0.00667384 3.0014e-05 0.0194403 0.0656322 0.000177383 0.0106179 0.0623558 0.130827 0.069972 0.00214968 1.00337e-06 0.00104187 0.00165823 0.00266046 0.000477266 2.83585e-06 6.6937e-06 0.0130286 0.275924 0.169358 
0.0484667 0.0178501 0.0400186 0.0152373 0.0088066 5.42998e-05 0.0152146 0.0741096 2.60412e-05 0.06418 0.0264811 0.121828 0.00474569 7.40936e-05 5.8515e-06 0.00013961 4.13371e-05 0.00354826 0.0333678 0.00034883 0.00131403 0.131983 0.385524 0.00663473 
0.0302763 0.000846736 0.0268553 0.0604662 0.00895366 0.00143603 0.0244307 0.189583 0.00113446 0.03667 0.0320207 0.102413 0.0414648 0.00153716 0.000112718 0.0041179 0.000220351 0.0104104 0.0182991 0.000839489 0.000854662 0.0553791 0.325786 0.0258928 
0.0363647 1.56427e-05 0.00212766 0.000234088 0.000511352 1.67932e-05 0.00027384 0.0124453 1.94261e-07 0.00198469 0.00708784 0.24891 0.113905 5.87791e-11 3.61247e-11 0.000167227 1.58443e-05 0.0048692 0.000475249 0.00189473 4.12483e-05 0.152266 0.400307 0.0160861 
0.024327 0.00394811 0.00339915 0.000368261 0.00436711 0.000102743 0.0018098 0.00837271 0.000391545 0.015283 0.0279862 0.0977449 0.0710127 2.4887e-10 5.71268e-07 0.0365535 0.000145558 0.00350833 0.0098226 0.013038 0.000153711 0.0726839 0.599316 0.00566417 
0.131128 0.00101394 0.0135076 0.000387191 0.00433297 7.58885e-06 0.00292079 0.0832933 7.65697e-05 0.0122075 0.0503324 0.248215 0.075193 8.18086e-05 3.08628e-06 0.003462 2.65141e-05 0.0141575 0.00412625 0.00024846 7.47891e-05 0.03797 0.312494 0.00473936 
2.82828e-12 1.11761e-07 2.52078e-09 1.85839e-05 3.56723e-12 5.43126e-12 1.44069e-07 7.79056e-07 1.5468e-11 9.14708e-05 7.36247e-07 0.181161 0.000615154 3.10784e-11 1.91003e-11 3.54509e-12 3.93538e-11 8.85884e-12 1.28991e-11 1.6812e-11 2.25455e-11 2.61435e-07 0.818112 5.67631e-12 
0.00062742 0.000199911 0.000518594 6.98693e-05 0.00105966 9.84684e-06 8.34374e-06 0.00183654 0.000279812 1.07489e-05 0.013945 0.0761016 0.0282647 2.54943e-12 1.20583e-07 0.00867773 1.56881e-05 0.000357023 0.00140616 0.0201449 2.36222e-05 0.00306277 0.841201 0.00217919 
0.00200845 0.00620207 0.00515716 0.000142961 0.00396623 1.75847e-06 0.000793479 0.00515848 0.00101257 0.00100827 0.00439896 0.108175 0.00790873 1.61675e-10 3.72617e-07 0.00149933 3.29853e-06 0.000124736 0.0172477 0.000477599 2.74415e-05 0.0643751 0.769433 0.000876779 
0.00224256 0.000312635 0.0717773 0.000495796 0.0113935 0.000104245 0.010243 0.124486 0.0010655 0.0110335 0.193612 0.109118 0.033816 6.7367e-05 1.0659e-07 0.00466783 3.46156e-06 0.000785907 0.00250655 0.000326111 6.27971e-05 0.019149 0.393137 0.00959372 
0.000584094 0.000181819 0.00048459 6.84671e-05 0.00099019 9.57209e-06 7.90522e-06 0.00169188 0.000205375 6.40538e-06 0.0125045 0.0764087 0.0245739 2.56205e-12 2.83499e-09 0.00843453 1.57578e-05 0.000351522 0.000587272 0.0147307 2.04526e-05 0.00300737 0.85308 0.00205534 
0.00408787 0.0213019 0.00673086 6.18569e-06 0.00142118 3.33224e-06 4.03772e-07 0.0856993 6.26648e-05 0.00278976 0.037573 0.0337376 0.220815 2.64638e-06 5.14743e-05 0.000237043 3.70871e-05 0.00937546 0.000461735 1.34217e-07 0.00100326 0.0950724 0.478492 0.00103733 
0.0237801 0.000481268 0.00523848 0.000318488 0.016161 2.35187e-05 0.00096795 0.0550709 0.012477 0.00142589 0.103962 0.0686757 0.0733181 8.30125e-06 1.86954e-05 0.0116508 6.07614e-05 0.00266786 0.00231395 0.0130827 9.25441e-05 0.0164079 0.57023 0.0215665 
0.0329863 0.000145081 0.145615 0.000187949 0.00437241 6.35118e-06 0.103002 0.166687 0.000854554 0.0379072 0.0695635 0.125786 0.0324967 2.93818e-07 7.07497e-08 0.000649462 5.37719e-05 0.0264785 0.000437051 0.00748807 2.66413e-06 0.00257125 0.236787 0.00592219 
0.000584094 0.000181819 0.00048459 6.84671e-05 0.00099019 9.57209e-06 7.90522e-06 0.00169188 0.000205375 6.40538e-06 0.0125045 0.0764087 0.0245739 2.56205e-12 2.83499e-09 0.00843453 1.57578e-05 0.000351522 0.000587272 0.0147307 2.04526e-05 0.00300737 0.85308 0.00205534 
1.27874e-07 1.4679e-08 4.34668e-07 2.08702e-05 9.34223e-06 5.10722e-12 1.83236e-07 6.10352e-07 1.28583e-05 2.7506e-07 0.000133547 0.0518793 5.71204e-05 2.92242e-11 1.79607e-11 1.31098e-05 3.70058e-11 5.48137e-08 5.78026e-07 4.94897e-08 1.50999e-08 5.34773e-05 0.947803 1.46762e-05 
0.0616266 0.00115981 0.0334485 0.000309308 0.0624167 7.97366e-05 0.00524874 0.0879025 0.00249412 0.0178163 0.0560236 0.15147 0.0924713 2.62747e-05 0.000120447 0.0260209 0.000359714 0.00817945 0.00494369 0.00136615 0.00069696 0.0646617 0.314946 0.00621183 
0.0477472 0.0530922 0.015125 0.00108614 0.0140294 2.44995e-05 0.00565521 0.132911 0.00606843 0.00994617 0.0863904 0.105663 0.115295 3.2951e-07 7.16201e-05 0.000172754 0.00166591 0.00117806 0.00299484 0.000246991 0.00762206 0.11795 0.259274 0.0157886 
0.000584094 0.000181819 0.00048459 6.84671e-05 0.00099019 9.57209e-06 7.90522e-06 0.00169188 0.000205375 6.40538e-06 0.0125045 0.0764087 0.0245739 2.56205e-12 2.83499e-09 0.00843453 1.57578e-05 0.000351522 0.000587272 0.0147307 2.04526e-05 0.00300737 0.85308 0.00205534 
0.000584094 0.000181819 0.00048459 6.84671e-05 0.00099019 9.57209e-06 7.90522e-06 0.00169188 0.000205375 6.40538e-06 0.0125045 0.0764087 0.0245739 2.56205e-12 2.83499e-09 0.00843453 1.57578e-05 0.000351522 0.000587272 0.0147307 2.04526e-05 0.00300737 0.85308 0.00205534 
0.00149429 0.000556403 0.00251381 0.000114517 0.00139443 9.23823e-06 1.53256e-05 0.00220292 0.000134454 0.000376418 0.0101638 0.116599 0.0278303 6.28358e-12 1.70745e-06 0.0447549 2.90464e-05 0.000230112 0.000575975 0.0103896 1.33988e-05 0.0044037 0.774851 0.00134537 
0.000405739 0.00194727 0.0115617 0.0436841 0.000780631 8.30375e-05 0.00709997 0.0162613 2.55911e-05 4.06969e-05 0.000183845 0.0891062 0.00609938 3.8751e-07 1.23289e-07 9.32556e-07 0.00310039 0.0282695 0.00313341 0.0081772 3.30546e-05 0.00583726 0.773628 0.000540412 
0.00818273 0.000866179 0.00506723 0.000250882 0.00118366 5.87932e-06 0.00268584 0.041221 7.95773e-05 0.00307234 0.016703 0.356035 0.0372785 1.82246e-09 5.03942e-07 0.00157527 5.18922e-06 0.00334482 0.00040244 0.0130249 0.000674731 0.00688377 0.500769 0.000688105 
0.00210659 5.24803e-05 0.00738978 0.00164708 0.0129916 9.5147e-06 0.00136725 0.0158274 0.000461002 0.0111667 0.177597 0.0381335 0.0362486 0.000293024 0.000505127 0.00168502 3.72887e-05 0.000360981 0.172619 0.000298989 0.000170623 0.0386121 0.419045 0.0613742 
2.75087e-07 5.95196e-05 0.0001135 4.77546e-05 6.05602e-05 1.28947e-08 0.000117563 0.00167694 0.000115625 0.00241032 0.0163715 0.343175 0.00964776 9.20507e-11 1.00926e-08 2.60404e-05 6.53318e-08 1.25705e-07 2.9565e-07 0.0010171 6.6777e-11 0.00016021 0.625 1.38438e-07 
0.00745604 9.22637e-05 0.2837 0.000160301 0.0357167 2.76332e-05 1.27572e-07 0.0824073 5.34052e-05 0.0041795 0.0110785 0.0644318 0.0238345 7.9383e-10 2.08845e-06 0.000146012 2.36921e-07 0.0117378 0.00040698 7.15969e-08 0.000250472 0.00367542 0.445827 0.0248158 
0.00569995 0.0101832 0.00920912 0.000425501 0.0032178 3.54756e-06 0.00384585 0.010955 0.00146118 0.00206463 0.0162717 0.411171 0.0257649 2.67308e-06 4.18162e-05 0.0129604 2.0999e-05 0.000317926 0.0120308 0.00325432 0.000324911 0.0531114 0.415901 0.00176044 
0.0108939 1.60064e-05 0.0161477 0.000966178 0.00164659 8.14495e-06 0.00022366 0.0441744 1.90807e-06 0.0216669 0.0104237 0.132911 0.0685481 1.63976e-08 2.73276e-06 0.00782258 1.2302e-05 0.00142933 0.00343913 0.00877905 0.000871918 0.215365 0.454043 0.000606889 
0.0437743 0.000138213 0.0446461 0.00230884 0.0472073 6.31175e-06 0.0287224 0.199816 0.0011476 0.0365655 0.0177031 0.180267 0.117259 1.09174e-08 1.57359e-06 0.000705825 1.42199e-05 0.00171837 0.000648837 2.05112e-05 1.68138e-05 0.047405 0.222789 0.00711815 
