0.0614369 0.00185304 0.12348 0.0027707 0.114576 0.00192662 0.00903973 0.157195 0.0188463 0.0237805 0.0890967 0.0403665 0.129234 0.00128923 0.000292778 0.00281942 0.000199864 0.0123587 0.00741607 0.0020598 0.001689 0.0180968 0.0065737 0.173602 
0.0296174 0.00225335 0.0188538 0.0515512 0.0146841 0.00453287 0.012879 0.0477732 0.000915178 0.00513542 0.0997058 0.0399848 0.115845 1.53449e-05 0.000260427 0.00532903 0.00215276 0.0065468 0.00543316 0.00124512 0.000476173 0.0955797 0.00446434 0.434766 
0.310144 0.0128992 0.0264427 0.00186696 0.0297703 0.0355881 0.000133821 0.034074 5.93013e-05 0.0093518 0.0582554 0.0402743 0.0327714 1.54548e-10 5.7752e-06 0.00112569 4.07038e-05 0.0182531 0.00135682 0.000538079 0.000217337 0.0489786 0.00584737 0.332005 
0.00326029 0.000295246 0.0300437 0.000785743 0.00632049 0.00058391 5.83165e-06 0.0231164 6.52954e-05 0.0414835 0.0449693 0.082534 0.0321267 0.0116755 2.2377e-07 0.00130201 0.000289904 0.00143989 0.000382649 2.90015e-05 9.37176e-06 0.00376503 0.00713238 0.708384 
0.00664684 0.0002925 0.00475259 0.000828054 0.00194442 0.000374805 1.40372e-05 0.0127344 1.90076e-05 0.00012949 0.0158099 0.00328079 0.00539057 4.37445e-12 1.29894e-08 4.16418e-05 7.0574e-05 0.00148271 1.58603e-05 2.56106e-05 2.56651e-07 1.39663e-05 0.000995924 0.945136 
0.0249941 0.00704742 0.00876909 3.07246e-07 0.000878591 4.99987e-05 7.70013e-05 0.0563508 0.000892762 0.00022926 0.0583487 0.150499 0.0900927 3.78931e-09 2.34908e-05 0.000101712 6.25295e-05 0.00319921 0.0145319 1.49908e-05 2.84108e-05 0.0185161 0.00165113 0.563641 
0.0939694 0.00498971 0.00838131 0.0113065 0.00248801 0.0054565 4.21966e-08 0.000912736 0.000123063 0.00164582 0.00581154 0.0518689 0.00654109 4.64165e-10 7.02206e-07 0.00145204 0.000522442 0.338544 0.000133276 0.000104422 7.46178e-06 0.0839708 0.0201495 0.361621 
0.0821199 0.000895864 0.0584754 0.00117957 0.0210424 0.00518603 0.000330352 0.0181118 0.148685 0.000776037 0.00715134 0.00853239 0.0518648 1.69634e-07 8.82402e-06 0.00217626 0.000261822 0.042103 0.00076715 0.00327954 0.00061736 0.00816777 0.000976183 0.537291 
0.137831 0.0359352 0.0310946 0.00140303 0.0369253 0.0133888 0.00289025 0.0745595 0.000372486 0.00147953 0.13535 0.044558 0.052187 3.0189e-11 3.7817e-06 0.00767971 0.00147128 0.0254933 0.0344816 0.0182329 3.32544e-05 0.0414455 0.000594831 0.30259 
0.0285313 9.62108e-05 0.0175945 0.000840636 0.104338 5.65389e-05 0.00415164 0.119225 0.00281547 0.00103308 0.0530573 0.0743471 0.0118866 5.76731e-08 3.80145e-05 0.000690704 0.00177447 0.00482727 0.000504159 0.00155446 5.24454e-05 0.0033384 0.0162632 0.552983 
0.00544747 0.000721138 0.00957981 0.00197306 0.00972669 0.000625098 0.000313607 0.0238992 0.000271408 0.000145954 0.104877 0.0143101 0.00754506 4.57787e-13 6.05774e-07 0.00240857 5.57216e-05 0.00221602 0.000296616 0.000217532 3.47147e-05 0.0016571 0.00275585 0.810922 
0.00544747 0.000721138 0.00957981 0.00197306 0.00972669 0.000625098 0.000313607 0.0238992 0.000271408 0.000145954 0.104877 0.0143101 0.00754506 4.57787e-13 6.05774e-07 0.00240857 5.57216e-05 0.00221602 0.000296616 0.000217532 3.47147e-05 0.0016571 0.00275585 0.810922 
0.00544747 0.000721138 0.00957981 0.00197306 0.00972669 0.000625098 0.000313607 0.0238992 0.000271408 0.000145954 0.104877 0.0143101 0.00754506 4.57787e-13 6.05774e-07 0.00240857 5.57216e-05 0.00221602 0.000296616 0.000217532 3.47147e-05 0.0016571 0.00275585 0.810922 
0.162959 0.000443207 0.0255917 0.000550476 0.0500345 0.000105236 0.000484321 0.0331105 0.0050904 0.00805546 0.0213994 0.01067 0.00883914 5.16992e-08 9.02438e-07 0.0038394 0.000151752 0.0817373 0.000324103 9.31486e-05 0.000140564 0.0072263 0.000485346 0.578668 
0.0691399 0.00083103 0.0245104 0.00419152 0.0173682 0.0205323 0.00523085 0.0630393 0.00395544 0.00393015 0.133873 0.0640967 0.114547 0.000504911 0.000153752 0.00826919 0.00114953 0.00813677 0.0066802 0.0125125 0.00138239 0.0315014 0.00700621 0.397457 
0.00307021 2.81883e-06 0.000264662 1.08684e-09 0.000974924 2.80846e-06 3.48743e-05 0.00563552 0.00310605 1.52683e-05 0.00172724 0.00173614 0.0162411 2.93251e-11 0.000269744 5.95785e-05 1.36615e-05 7.49428e-06 0.000434674 8.13295e-09 5.26706e-05 0.0033916 1.6507e-08 0.962959 
2.76666e-06 5.5127e-06 5.55201e-06 1.27992e-06 9.68374e-07 0.00378049 1.49415e-11 1.12562e-06 8.54082e-07 9.67179e-12 0.00315825 4.31926e-06 1.3699e-06 3.77141e-11 1.39302e-08 6.43156e-07 1.08889e-06 0.10335 4.66482e-07 3.28486e-07 4.56927e-07 0.00291171 1.44678e-05 0.886758 
0.00560481 0.000413506 0.00465109 0.000799792 0.104513 0.000394298 7.69975e-06 0.00888356 6.72287e-06 7.7481e-05 0.306933 0.00253051 0.00194774 1.1018e-09 9.26189e-07 4.45732e-05 4.71218e-05 0.00232943 3.80564e-05 5.62899e-05 2.17268e-05 0.00030406 0.00186141 0.558533 
0.0251813 0.000590464 0.00961949 0.000720868 0.0917095 4.08474e-05 0.0162845 0.0359897 0.0339656 0.00637136 0.186923 0.0319272 0.125583 1.889e-07 2.44258e-05 0.0161643 0.00143657 0.00292065 0.00200373 0.000285678 0.000345633 0.0105191 0.00182285 0.39957 
0.0445934 0.000381275 0.0549934 0.000886451 0.0108407 0.000142515 0.00405842 0.0466079 0.00633901 0.00258187 0.0143417 0.039141 0.0158063 1.02313e-06 8.66058e-05 0.000886576 0.000957096 0.00723345 0.00130037 9.31503e-05 0.000103411 0.0146742 0.00698881 0.726961 
0.00312755 5.50417e-05 0.00101222 0.000484831 0.0547644 2.14464e-05 0.00081038 0.012027 0.021592 1.76543e-05 0.123326 0.00296791 0.0432823 2.58958e-10 4.07614e-05 0.0177072 3.46011e-05 0.000206015 8.95221e-05 3.72146e-05 1.19677e-06 0.00119597 1.15823e-05 0.717187 
0.0114151 0.00774707 0.0113315 0.0127979 0.00498629 0.000141819 0.000272435 0.0223793 0.00033868 0.00571158 0.0155997 0.0199875 0.0526734 1.96316e-09 2.57164e-05 0.0733079 0.00102141 0.0114075 0.00168201 0.000137733 3.95982e-05 0.1329 0.00330514 0.610791 
0.0138142 0.00260666 0.0036458 0.000125552 0.0674354 4.78458e-05 0.00100919 0.0086832 0.0289043 0.000497253 0.13725 0.0261653 0.134097 9.61937e-12 3.26731e-05 0.066903 0.000320335 0.0034222 0.00025868 0.000674023 3.75473e-06 0.0111127 2.71237e-05 0.492963 
0.027749 0.026865 0.00973881 0.00138299 0.0393022 0.0173482 0.00396257 0.024509 0.00130156 0.000963675 0.0732662 0.0220006 0.0178975 3.68881e-12 4.81197e-06 0.00518639 9.46622e-05 0.0130375 0.000629751 0.00273202 6.50023e-06 0.00225066 0.00347914 0.706291 
0.129131 0.00159993 0.0116247 0.000991668 0.0487223 0.0205996 0.00148826 0.0261119 0.00225253 0.0035928 0.0929839 0.00927598 0.0259907 8.26448e-10 0.000102755 0.00216353 0.00256484 0.0618219 0.000386121 0.0025838 5.28524e-05 0.00582539 0.00154549 0.548588 
0.0651358 0.00255467 0.0092482 0.00638512 0.0558811 0.0910902 0.0275825 0.0311615 0.00344253 0.0269059 0.0374783 0.0128835 0.0509811 0.00941813 0.0963096 0.00063424 0.000111431 0.0283488 6.6403e-06 0.00483397 4.14013e-08 0.143923 0.0131185 0.282565 
0.0592355 0.000339304 0.0446642 0.00115205 0.00780379 0.0921756 0.00111498 0.0477145 0.000265366 0.00193678 0.0378307 0.0137527 0.0207989 8.18611e-08 0.000819881 0.00306924 0.000504608 0.238629 0.000189136 0.000346957 0.000113356 0.0273682 0.00407401 0.396101 
0.0244007 0.00193757 0.0505697 0.000251803 0.0410962 0.000417128 0.00102655 0.0756541 0.000114574 0.000154577 0.130263 0.0185231 0.0071435 7.959e-12 6.75891e-08 0.00772646 6.69129e-05 0.000716463 0.000225433 9.92425e-05 1.95027e-07 0.000297533 0.00163195 0.637683 
0.0157716 0.0253601 0.00477481 0.00608033 0.0225614 4.63966e-07 0.0112986 0.0071655 0.000499251 0.000676885 0.00205748 0.0225061 0.00470157 0.000160826 1.97096e-06 0.00677248 0.00348495 0.00467185 0.000486301 0.000771383 0.00246923 0.0499553 0.00473633 0.803035 
0.0348133 0.000321651 0.00540135 0.00183789 0.0476988 1.99063e-06 0.00130867 0.0152618 0.0224683 0.00508313 0.223331 0.00408307 0.152045 7.80647e-05 0.000286506 0.00395313 0.00105947 0.00344321 0.000609363 4.89051e-05 0.00439905 0.0154803 0.000109519 0.456877 
0.0240377 0.000491696 0.0161998 0.000118623 0.0643864 0.0421229 0.00355366 0.0461972 0.00990768 0.000380374 0.234211 0.0215953 0.0264832 4.06019e-07 9.55325e-05 0.00502588 0.00116057 0.0269626 0.000660523 0.00132878 8.01831e-05 0.0104066 0.000163132 0.46443 
0.0428112 0.0308757 0.126951 0.000629643 0.011758 0.0093483 0.0125356 0.0505549 0.000125243 0.0397847 0.0347598 0.0253776 0.0262348 0.00155514 2.03162e-06 0.00726319 0.00032763 0.00947162 0.00314472 0.00381423 0.000824691 0.0170878 0.000663354 0.544099 
0.165751 0.000459571 0.00864499 0.000887984 0.0164173 8.65668e-05 0.00293562 0.0578727 0.00877202 0.00206222 0.124017 0.0454252 0.207888 1.51501e-06 5.40196e-05 0.0273234 0.00231515 0.00661098 0.0040629 0.00221035 0.000920808 0.0170852 0.000593418 0.297602 
0.185082 0.00314074 0.0302796 0.00130158 0.0313728 0.0252319 0.000939054 0.0563583 0.00026357 0.0106996 0.0397506 0.0147724 0.0449687 1.52921e-06 0.000174217 0.00529696 0.000115899 0.0451703 0.00199289 0.000981769 0.000366644 0.00823259 0.00111565 0.49239 
0.0799466 0.00545575 0.0228071 0.000807672 0.0244502 0.00815477 0.000293615 0.0100133 0.00387333 0.000358471 0.109398 0.0280863 0.0206184 5.31666e-07 1.07956e-06 0.00646127 3.81847e-05 0.146711 0.00234308 0.00468296 0.00027093 0.0732607 0.000351811 0.451615 
0.105123 0.00298803 0.0155337 0.000944433 0.0360789 0.00442751 0.00126996 0.0281496 0.000458123 0.00243264 0.0821323 0.0365544 0.165092 5.28144e-11 0.00019867 0.00716968 0.000117336 0.0215041 0.000968106 0.00321058 0.000287574 0.173753 0.0215135 0.290092 
0.0651358 0.00255467 0.0092482 0.00638512 0.0558811 0.0910902 0.0275825 0.0311615 0.00344253 0.0269059 0.0374783 0.0128835 0.0509811 0.00941813 0.0963096 0.00063424 0.000111431 0.0283488 6.6403e-06 0.00483397 4.14013e-08 0.143923 0.0131185 0.282565 
0.00664684 0.0002925 0.00475259 0.000828054 0.00194442 0.000374805 1.40372e-05 0.0127344 1.90076e-05 0.00012949 0.0158099 0.00328079 0.00539057 4.37445e-12 1.29894e-08 4.16418e-05 7.0574e-05 0.00148271 1.58603e-05 2.56106e-05 2.56651e-07 1.39663e-05 0.000995924 0.945136 
0.0481704 0.0021216 0.0462853 0.0016967 0.0270054 0.000197246 0.00117976 0.157427 0.00181428 0.00454322 0.0703596 0.11213 0.0167712 1.73529e-09 4.25379e-06 0.00159978 0.000576547 0.0425553 0.00336417 0.000105987 0.00116698 0.0526606 0.00972448 0.39854 
0.0539277 0.0034911 0.0384706 0.0110119 0.0173865 0.00934301 0.00134813 0.0292423 0.00208229 0.00393871 0.0373321 0.0845948 0.0210338 2.17568e-07 0.000390453 0.00459292 0.00254888 0.0422248 0.00343006 0.00117715 0.000498535 0.0521112 0.00280307 0.57702 
0.0161615 0.000433164 0.00540263 0.230125 0.0290832 0.000393821 0.00355476 0.00437003 0.0158098 0.00337795 0.0276098 0.00623769 0.0520258 1.22972e-07 3.49991e-05 0.00422829 0.000289244 0.00325254 0.000401133 3.26548e-05 0.000549666 0.0317801 0.000122336 0.564724 
0.0651358 0.00255467 0.0092482 0.00638512 0.0558811 0.0910902 0.0275825 0.0311615 0.00344253 0.0269059 0.0374783 0.0128835 0.0509811 0.00941813 0.0963096 0.00063424 0.000111431 0.0283488 6.6403e-06 0.00483397 4.14013e-08 0.143923 0.0131185 0.282565 
0.00664684 0.0002925 0.00475259 0.000828054 0.00194442 0.000374805 1.40372e-05 0.0127344 1.90076e-05 0.00012949 0.0158099 0.00328079 0.00539057 4.37445e-12 1.29894e-08 4.16418e-05 7.0574e-05 0.00148271 1.58603e-05 2.56106e-05 2.56651e-07 1.39663e-05 0.000995924 0.945136 
0.0280658 0.0138833 0.00821409 0.00252758 0.0829219 0.00024641 0.0043154 0.0405471 0.000967044 0.00159133 0.111962 0.0600521 0.0119142 8.36821e-10 1.2648e-05 0.0589104 0.000253895 0.00163779 0.00487819 0.000279293 0.000166108 0.00323907 0.000878671 0.562536 
0.0240202 0.000865601 0.00617603 0.0591559 0.171233 0.000103252 0.00869449 0.0414796 0.0092134 0.00554274 0.230334 0.0222724 0.142562 5.11263e-05 1.88651e-05 0.0139984 0.000118006 0.00117615 0.00471572 0.000128619 0.000295272 0.0125738 0.00488229 0.240389 
0.0252143 0.00299311 0.0190543 0.00162299 0.0201168 0.00603511 0.00265876 0.0478894 0.000283289 0.00311474 0.11573 0.037986 0.0885883 9.76388e-07 0.000189843 0.0149264 0.000129644 0.0098117 0.00202182 0.00113084 0.000175784 0.281606 0.00362415 0.315095 
0.019623 0.00322462 0.0113254 0.000649509 0.0192361 0.0259746 0.000363966 0.0169854 0.000283857 0.000852342 0.0290392 0.00533739 0.00685923 2.83815e-12 3.64684e-06 0.000906455 0.000118758 0.0108347 0.000392331 0.0016542 1.19674e-05 0.00160592 0.00105363 0.843664 
0.0182763 0.00124241 0.0193188 0.0704162 0.0252488 0.000526074 0.0637719 0.062645 0.0114546 0.0102464 0.137037 0.015635 0.21645 0.000190717 0.00224044 0.011632 0.000213174 0.00538943 0.00964374 0.000176955 0.00254939 0.0393905 0.000454343 0.275851 
0.0089452 0.000374063 0.00496954 0.024544 0.0328871 2.66158e-08 2.90311e-07 0.00886518 0.00189455 0.00533315 0.0122724 0.0210212 0.109098 5.25936e-08 0.000199851 0.00105024 0.00107644 0.00875906 0.000186736 1.04113e-07 8.2912e-08 0.32886 8.74828e-08 0.429662 
0.00815098 0.000731324 0.00537144 0.0019204 0.00939176 0.000177783 0.000453732 0.0208179 0.00164493 0.0002937 0.255149 0.0249095 0.0520917 8.03765e-12 7.19821e-06 0.0171103 0.000262671 0.00537902 0.000802518 0.00108092 4.30006e-05 0.0138853 0.000208383 0.580116 
0.0627904 0.0017304 0.00380654 0.000304326 0.172224 0.0028642 0.00100431 0.00742329 0.00119274 0.00473021 0.0598319 0.0278301 0.0652031 3.96921e-09 8.69577e-06 0.0905048 0.000117277 0.011031 0.00379242 0.0019681 3.97439e-05 0.0539928 0.00372384 0.423886 
0.00307021 2.81883e-06 0.000264662 1.08684e-09 0.000974924 2.80846e-06 3.48743e-05 0.00563552 0.00310605 1.52683e-05 0.00172724 0.00173614 0.0162411 2.93251e-11 0.000269744 5.95785e-05 1.36615e-05 7.49428e-06 0.000434674 8.13295e-09 5.26706e-05 0.0033916 1.6507e-08 0.962959 
2.76666e-06 5.5127e-06 5.55201e-06 1.27992e-06 9.68374e-07 0.00378049 1.49415e-11 1.12562e-06 8.54082e-07 9.67179e-12 0.00315825 4.31926e-06 1.3699e-06 3.77141e-11 1.39302e-08 6.43156e-07 1.08889e-06 0.10335 4.66482e-07 3.28486e-07 4.56927e-07 0.00291171 1.44678e-05 0.886758 
0.0337258 0.219281 0.0438333 0.00149499 0.0216665 0.00191648 0.00906988 0.0776999 0.000490643 0.00180851 0.169069 0.044469 0.0575163 5.16215e-09 3.41913e-05 0.00558177 6.8136e-05 0.0207453 0.000700189 0.00116186 0.000442313 0.0245815 0.00149921 0.263144 
0.0352638 0.0128665 0.017807 0.000185378 0.0166791 0.000561461 0.000500286 0.0853891 0.0102699 0.00114068 0.28779 0.0292728 0.0531368 5.67986e-08 5.68186e-06 8.53454e-05 0.000264297 0.0123849 0.000251676 9.76249e-06 1.15143e-05 0.0212034 0.0120032 0.402917 
0.138639 0.000464249 0.053032 0.00110946 0.0274389 0.00465838 0.00343211 0.0523809 0.0124918 0.0110831 0.0656849 0.0191375 0.00761876 4.63466e-07 3.17668e-06 0.00130189 9.00168e-05 0.00660155 0.00220578 0.012589 0.0012187 0.00453755 0.00450579 0.569775 
0.112359 4.79066e-05 0.00798781 0.000190337 0.0306841 0.0468932 0.00243701 0.224477 0.00016606 0.000297727 0.0490911 0.00684284 0.131335 5.73826e-10 1.8376e-05 0.000291706 1.384e-05 0.00870702 0.000340526 9.41951e-05 0.00054459 0.000793642 1.03675e-05 0.376376 
0.031028 0.000277249 0.0176309 0.000332114 0.259354 0.000102904 0.00443021 0.0373238 0.00325196 0.00340884 0.130111 0.0209829 0.105387 1.83147e-05 1.55195e-05 0.0122303 0.000152459 0.00344544 0.000681853 6.12841e-05 0.000501354 0.0203776 0.000901569 0.347994 
0.0280658 0.0138833 0.00821409 0.00252758 0.0829219 0.00024641 0.0043154 0.0405471 0.000967044 0.00159133 0.111962 0.0600521 0.0119142 8.36821e-10 1.2648e-05 0.0589104 0.000253895 0.00163779 0.00487819 0.000279293 0.000166108 0.00323907 0.000878671 0.562536 
0.0223865 0.00292283 0.00627061 0.00133228 0.00667817 0.0144058 1.60718e-05 0.0101457 1.15318e-07 0.000220648 0.0204658 0.00977637 0.00414279 1.27658e-12 1.32586e-06 0.000105946 3.94631e-05 0.0116376 3.63515e-05 0.00473216 1.56012e-05 0.00237217 0.000184354 0.882111 
0.01914 0.00301405 0.00887153 0.00100949 0.00677549 0.013792 1.14769e-05 0.00876455 1.87938e-05 0.000154566 0.016863 0.00406316 0.00489219 4.37852e-13 1.44262e-06 0.000714273 7.42509e-05 0.0109946 6.1608e-05 0.00127096 1.38865e-05 0.00104291 0.00129464 0.897161 
0.014708 0.000754351 0.00877018 0.00107615 0.0652641 1.22424e-05 0.0138606 0.0587044 0.0270729 0.00483068 0.0486427 0.0214397 0.180352 2.92663e-08 1.8756e-05 0.00595315 0.000229542 0.000935212 0.00168434 1.49121e-05 0.000472055 0.00324588 0.000809963 0.541148 
0.0186737 0.000336651 0.00729834 0.00183423 0.0639914 6.80804e-05 0.0150953 0.0175693 0.023548 0.00662839 0.119879 0.013533 0.165384 3.42193e-08 1.27852e-05 0.00388244 0.00029959 0.00104806 0.00163223 8.5553e-06 0.000411343 0.0147546 0.000340769 0.52377 
1.78212e-05 1.25644e-08 2.85374e-06 8.70883e-06 0.052176 1.36473e-06 3.6128e-05 9.47498e-06 1.61503e-05 6.61796e-07 2.00646e-05 0.000745789 5.35041e-05 1.922e-08 1.71609e-06 2.65391e-07 5.57297e-06 0.00257057 3.12699e-06 1.21277e-06 1.87206e-06 0.394485 1.41589e-06 0.549841 
0.171112 0.000435099 0.0158589 0.00116609 0.034242 0.00686347 0.00723792 0.0535427 0.0065601 0.00771796 0.0837435 0.0450581 0.129371 3.30635e-06 2.30494e-05 0.0141502 0.00125093 0.00717316 0.00281928 0.000402047 0.000177578 0.0154699 0.00230074 0.393321 
0.00544747 0.000721138 0.00957981 0.00197306 0.00972669 0.000625098 0.000313607 0.0238992 0.000271408 0.000145954 0.104877 0.0143101 0.00754506 4.57787e-13 6.05774e-07 0.00240857 5.57216e-05 0.00221602 0.000296616 0.000217532 3.47147e-05 0.0016571 0.00275585 0.810922 
0.0707312 0.000253497 0.017525 0.00238922 0.0730175 9.52243e-05 0.0054454 0.0670223 0.00378177 0.0529143 0.142609 0.0282518 0.211662 1.01198e-08 0.000191416 0.0103747 3.14945e-05 0.000816396 0.00433796 9.17868e-05 0.00044463 0.0200519 0.000745217 0.287217 
0.150074 0.00329873 0.217491 0.00157982 0.0394699 0.0266965 0.00327042 0.0268113 0.00409717 0.00516431 0.0214559 0.0391576 0.043691 8.60452e-07 8.07251e-05 0.020722 0.000260222 0.011767 0.00884927 0.00184002 0.00017804 0.0392882 0.0113313 0.323425 
0.0207314 8.11102e-05 0.00939119 0.000998414 0.00396651 0.000181387 2.82876e-05 0.011247 0.000387146 1.92111e-08 0.00132592 0.0121181 0.00244507 7.19836e-12 5.54651e-06 0.000727329 0.000198766 0.00226205 7.85473e-05 6.92458e-05 2.09229e-05 0.000989532 0.000136084 0.93261 
0.094454 0.00949667 0.0424442 0.000872712 0.192229 0.0107047 0.0183899 0.0140731 0.0206824 0.00581534 0.0369792 0.0313432 0.087663 0.000102601 0.0131531 0.00602927 0.000166229 0.0040995 0.00152568 0.000999905 0.0748787 0.0421011 0.00023037 0.291566 
0.0174969 0.00417682 0.0139409 0.00755357 0.0396374 0.000152055 0.00686717 0.0920654 0.00123967 0.0203799 0.0457306 0.0428836 0.199907 0.000807056 1.04024e-05 0.0280987 0.000172176 0.0475659 0.00242958 4.07441e-05 0.00225044 0.064628 0.00319949 0.358766 
0.0668255 0.035359 0.00409185 0.000336447 0.00775908 0.00325827 0.000871152 0.00968862 2.2347e-05 0.000513758 0.0183106 0.0117507 0.00546832 1.9281e-09 3.01191e-06 0.00263245 8.33029e-05 0.0733051 0.000232161 0.00572047 6.71457e-07 0.000590614 0.000550582 0.752626 
2.76666e-06 5.5127e-06 5.55201e-06 1.27992e-06 9.68374e-07 0.00378049 1.49415e-11 1.12562e-06 8.54082e-07 9.67179e-12 0.00315825 4.31926e-06 1.3699e-06 3.77141e-11 1.39302e-08 6.43156e-07 1.08889e-06 0.10335 4.66482e-07 3.28486e-07 4.56927e-07 0.00291171 1.44678e-05 0.886758 
0.0186762 0.00173179 0.0638574 0.0032657 0.0147767 0.00669853 1.84075e-05 0.0333765 0.00016572 0.0222797 0.0115116 0.0315844 0.00595941 2.50893e-08 1.49533e-06 0.000379624 0.000469016 0.01213 3.99626e-05 0.000448533 3.70053e-06 0.00166447 0.0386585 0.732303 
0.00926849 0.000115596 0.0017244 0.000183192 0.017551 0.000129313 0.00020901 0.0264988 0.0029501 3.15263e-05 0.0728942 0.0057006 0.0800149 3.75835e-12 8.89277e-06 0.0108406 0.000298532 0.00281889 0.000324212 0.000132644 1.62705e-08 0.0027598 5.05981e-05 0.765495 
0.00304699 1.19008e-07 0.025804 9.97622e-08 1.47618e-07 0.00207141 0.000604889 0.0187081 0.000672276 5.5582e-05 0.0806959 0.00861579 0.00990096 8.9957e-11 5.70666e-09 7.75524e-05 7.63816e-08 0.000467323 0.00165033 0.0359532 6.52581e-11 0.00560363 6.43469e-08 0.806072 
0.00307021 2.81883e-06 0.000264662 1.08684e-09 0.000974924 2.80846e-06 3.48743e-05 0.00563552 0.00310605 1.52683e-05 0.00172724 0.00173614 0.0162411 2.93251e-11 0.000269744 5.95785e-05 1.36615e-05 7.49428e-06 0.000434674 8.13295e-09 5.26706e-05 0.0033916 1.6507e-08 0.962959 
0.0216582 0.000563877 0.0217634 0.000446574 0.0125574 0.00725918 0.002039 0.0632217 0.00612249 0.00270397 0.109224 0.22743 0.109725 5.44066e-06 0.00043327 0.00372996 0.000141658 0.00560864 0.0927487 0.000515416 0.000482459 0.0462166 0.00788653 0.257517 
0.00544747 0.000721138 0.00957981 0.00197306 0.00972669 0.000625098 0.000313607 0.0238992 0.000271408 0.000145954 0.104877 0.0143101 0.00754506 4.57787e-13 6.05774e-07 0.00240857 5.57216e-05 0.00221602 0.000296616 0.000217532 3.47147e-05 0.0016571 0.00275585 0.810922 
0.0182291 0.0627076 0.00461634 0.00125524 0.00614414 0.0263811 2.21435e-05 0.00417622 2.67585e-06 0.000475864 0.010046 0.0017694 0.00296922 2.65445e-09 7.92702e-06 0.000390283 8.1828e-05 0.0130157 9.88516e-05 0.00184995 5.08766e-06 0.00195409 4.64009e-05 0.843755 
0.176874 0.0026301 0.0550894 0.00144266 0.128713 0.0437529 0.00420469 0.10438 0.000992113 0.00655855 0.030216 0.064063 0.0661904 1.36366e-07 1.99285e-05 0.0408772 0.000683008 0.0280678 0.00252817 0.00346864 0.00254148 0.0254106 0.000832695 0.210463 
0.0443558 0.0029153 0.0205257 0.00122414 0.0285346 0.00533822 0.00131459 0.0566449 0.000702917 0.00120139 0.206009 0.0374932 0.0703478 1.03934e-08 1.61598e-05 0.0142801 0.000455267 0.0222557 0.0287978 0.022456 3.28255e-05 0.0509419 0.00129306 0.382863 
0.00731576 0.000240413 0.00192023 0.0706232 0.0433378 9.38698e-07 0.0114269 0.0416928 0.00311229 0.000987684 0.0281707 0.0135267 0.119327 6.17128e-08 4.5204e-05 0.00271009 0.000197003 0.000525306 0.000444762 5.82293e-05 0.00024523 0.00104484 0.000650397 0.652397 
0.222661 0.00038729 0.0489064 0.000835056 0.00630764 0.029401 0.00121413 0.034389 0.0006019 0.0315973 0.026084 0.024431 0.0232836 3.58526e-08 4.06377e-06 9.95641e-05 0.0108567 0.0164851 0.00423217 0.000162895 0.00179977 0.0364723 0.00641733 0.47337 
0.00948058 0.00313162 0.00815285 0.00123263 0.0352117 2.03314e-06 0.0632309 0.0416965 0.00325457 0.0154143 0.0247425 0.0379703 0.121426 7.43181e-05 1.45245e-05 0.0094059 0.000631429 0.0014148 0.000109429 1.89897e-05 0.000462895 0.00310907 0.00027955 0.619532 
0.0231185 0.00146389 0.0114823 0.000187675 0.00422353 0.00017846 0.000332971 0.0158004 2.19717e-08 0.0047986 0.285615 0.0387908 0.202701 1.00289e-07 1.59233e-06 0.000891276 2.13233e-05 0.00546093 0.000211382 0.00156688 0.000101893 0.0424625 0.01665 0.343939 
0.0207314 8.11102e-05 0.00939119 0.000998414 0.00396651 0.000181387 2.82876e-05 0.011247 0.000387146 1.92111e-08 0.00132592 0.0121181 0.00244507 7.19836e-12 5.54651e-06 0.000727329 0.000198766 0.00226205 7.85473e-05 6.92458e-05 2.09229e-05 0.000989532 0.000136084 0.93261 
0.0105199 0.000153132 0.00354094 0.000391067 0.0097735 2.02634e-05 0.000119648 0.0213558 1.66601e-08 4.8603e-05 0.1267 0.00366624 0.0880099 2.62757e-12 4.01703e-06 4.75318e-05 7.28664e-05 0.000794974 1.56941e-08 2.88658e-07 1.01392e-08 0.0046039 7.97653e-06 0.73017 
0.00307021 2.81883e-06 0.000264662 1.08684e-09 0.000974924 2.80846e-06 3.48743e-05 0.00563552 0.00310605 1.52683e-05 0.00172724 0.00173614 0.0162411 2.93251e-11 0.000269744 5.95785e-05 1.36615e-05 7.49428e-06 0.000434674 8.13295e-09 5.26706e-05 0.0033916 1.6507e-08 0.962959 
0.00765518 8.92369e-08 0.00949665 0.000564775 0.0254527 0.000180729 0.000950878 0.0192892 1.1759e-06 3.072e-05 0.0361854 5.21105e-05 0.000518447 1.67692e-10 1.41161e-08 0.00151277 0.000116935 4.57616e-05 2.83009e-07 2.32429e-05 1.50338e-07 1.50519e-05 1.70656e-06 0.897906 
0.0290896 0.00035765 0.0397795 0.000202089 0.0306897 7.88214e-05 0.000360653 0.126077 5.27113e-07 0.00986885 0.350432 0.00511092 0.00260041 5.70914e-11 5.50388e-06 0.000343699 7.11121e-06 0.00362835 0.000857915 2.84386e-05 0.000136977 0.00226014 0.000458231 0.397626 
0.00755397 0.000347429 0.00494595 0.00102177 0.00270446 0.000572719 3.18349e-05 0.0162443 8.49611e-08 6.4254e-05 0.0223677 0.00505354 0.00481877 4.3646e-13 1.23946e-07 4.0479e-05 4.68296e-05 0.00219254 2.23034e-05 6.26065e-05 6.66272e-06 0.00018697 0.00192626 0.929788 
0.00668282 0.000120118 0.0157334 0.000432355 0.0162071 9.69449e-05 0.000161332 0.0244847 0.00469446 2.38235e-05 0.0822923 0.101133 0.0697547 1.61039e-08 6.98914e-06 0.0199018 0.000772031 0.00245666 0.000632086 0.000139444 8.83967e-06 0.00193288 0.00015072 0.652182 
0.0280658 0.0138833 0.00821409 0.00252758 0.0829219 0.00024641 0.0043154 0.0405471 0.000967044 0.00159133 0.111962 0.0600521 0.0119142 8.36821e-10 1.2648e-05 0.0589104 0.000253895 0.00163779 0.00487819 0.000279293 0.000166108 0.00323907 0.000878671 0.562536 
0.0270407 0.00253775 0.011107 0.000787038 0.0727495 0.00363806 0.00852495 0.0977003 0.00230779 0.000468823 0.0773957 0.0289776 0.102075 5.97322e-12 3.73303e-06 0.000324149 5.36748e-05 0.00239311 0.00503964 0.000385506 3.46263e-05 0.00209761 0.000485502 0.553872 
0.0114792 1.68094e-09 0.020787 0.000180519 0.0562825 6.33466e-07 0.00588214 0.000112945 0.00098388 7.83504e-06 0.0324001 0.131202 0.00558686 2.69332e-06 1.58032e-09 0.00135622 2.69374e-07 0.00170544 0.0608594 0.000426802 1.55062e-05 0.0530841 5.90324e-07 0.617643 
0.012273 0.00268464 0.0124739 0.000741853 0.0415306 4.04974e-06 0.047082 0.0447812 0.0123654 0.0110678 0.0685153 0.0741083 0.118908 1.25659e-07 7.71189e-06 0.00740883 0.000506844 0.000987159 0.00379708 6.35293e-05 0.000230576 0.00641532 0.000168043 0.533879 
0.00926849 0.000115596 0.0017244 0.000183192 0.017551 0.000129313 0.00020901 0.0264988 0.0029501 3.15263e-05 0.0728942 0.0057006 0.0800149 3.75835e-12 8.89277e-06 0.0108406 0.000298532 0.00281889 0.000324212 0.000132644 1.62705e-08 0.0027598 5.05981e-05 0.765495 
0.079608 0.00312089 0.0113027 0.00780255 0.0682967 0.0853904 0.033709 0.0289728 0.00420631 0.0153678 0.0458047 0.0136209 0.0623079 0.0115088 0.0847897 0.000774868 0.000135827 0.0346463 7.96296e-06 0.00373515 3.28531e-08 0.131109 0.00459738 0.269184 
0.00170512 0.000222593 0.000321409 4.87977e-05 0.00262681 0.000619173 0.00021073 0.00359868 0.00628778 0.000224249 0.0164572 0.233079 0.0335077 7.83449e-08 1.77917e-05 2.14929e-05 5.65759e-05 6.97163e-05 0.0080798 0.000251189 1.68785e-05 0.334101 0.000365687 0.358111 
0.0375465 0.000656687 0.0715131 0.00164909 0.0282451 0.000658606 0.00563364 0.170302 0.000187682 0.00414982 0.154373 0.117115 0.0338169 1.24516e-11 5.98793e-07 0.00187082 0.00854304 0.00297012 0.044343 3.29635e-05 5.71031e-05 0.00708943 0.00087827 0.308368 
0.14731 0.00047234 0.0483667 0.00390195 0.0417946 0.0158954 0.00179203 0.103304 0.000201263 0.0141858 0.0963854 0.0109766 0.0647877 1.91721e-07 1.60103e-05 0.00891978 0.000272908 0.0987868 0.0059944 0.000162837 0.000256865 0.0103609 0.00257012 0.323285 
0.0195121 0.0327803 0.00925838 0.000600139 0.0349884 0.0159208 0.00109705 0.0368824 0.000864907 0.00460824 0.0760544 0.0966273 0.0475971 2.99049e-12 4.00812e-06 0.0820216 5.44715e-05 0.0149682 0.00109847 0.00329638 1.31744e-05 0.013965 0.000607045 0.50718 
0.160321 0.00668 0.0560973 0.00248201 0.138051 0.0448026 0.00403916 0.0675977 0.00207007 0.0159716 0.0594021 0.024833 0.0779433 0.00885859 5.30721e-06 0.0179639 0.000402514 0.0354377 0.00900148 0.00198521 0.00115778 0.0196496 0.000955511 0.244291 
0.00544747 0.000721138 0.00957981 0.00197306 0.00972669 0.000625098 0.000313607 0.0238992 0.000271408 0.000145954 0.104877 0.0143101 0.00754506 4.57787e-13 6.05774e-07 0.00240857 5.57216e-05 0.00221602 0.000296616 0.000217532 3.47147e-05 0.0016571 0.00275585 0.810922 
0.0483288 0.000633882 0.102129 0.000578189 0.104632 6.67319e-05 0.026745 0.0321698 0.171553 0.00636344 0.0815273 0.0058824 0.195985 0.00102569 0.000124015 0.0038332 0.000620517 0.000835861 0.000512913 2.01224e-05 0.00247007 0.0175042 3.27846e-05 0.196426 
0.0236082 0.00193066 0.00600674 0.0129401 0.0112022 0.0028765 0.00056074 0.0163398 9.91978e-05 0.00111605 0.0688304 0.0107749 0.0196264 6.5489e-11 0.000306288 0.000404236 9.16507e-05 0.15589 0.000726065 0.000420951 0.000281166 0.0444566 7.27181e-05 0.621438 
0.0272958 0.000921821 0.0740537 0.000329726 0.0310309 0.000700909 0.0002519 0.06321 0.000213785 0.000153707 0.103209 0.0138238 0.00663337 3.85776e-12 2.64929e-08 0.000161852 2.76754e-05 0.00102202 0.000420745 0.000185204 3.57245e-07 0.000555362 0.000937442 0.674861 
0.0677077 0.0062608 0.0152389 0.00226638 0.00475478 0.00445123 9.66272e-06 0.0202028 2.80509e-05 0.00222515 0.0807679 0.00322007 0.00337808 3.46012e-09 2.29912e-07 0.000201192 0.000167554 0.0224887 7.24543e-05 0.000984481 6.09474e-06 0.00306182 0.00754156 0.754964 
0.00246852 1.99152e-05 0.00207835 0.000681033 0.0140504 1.35776e-05 2.09081e-05 0.0143754 8.09964e-05 5.44659e-06 0.446897 0.000229429 0.0061303 1.92655e-09 6.98954e-07 6.09731e-06 3.96771e-05 0.00533714 0.000124352 2.0619e-06 1.7147e-07 0.000542612 1.7844e-05 0.506878 
0.00968405 0.0016613 0.00637955 0.000640121 0.0150089 0.01017 0.000156797 0.0107455 0.000227565 0.000226777 0.043256 0.00788217 0.00423295 3.53943e-06 3.35902e-06 0.0031769 4.70225e-05 0.0038413 0.000299825 0.000678485 1.2634e-05 0.00137698 0.000769096 0.879519 
0.0514801 0.0295244 0.0750083 0.0132641 0.0182441 0.000360314 0.0100873 0.152066 0.00150041 0.00906116 0.160006 0.148905 0.0253556 1.50207e-09 7.12445e-08 0.0377768 0.000127861 0.0148804 0.00293802 0.00255818 0.000718793 0.0558157 0.0100868 0.180235 
0.00250925 6.71028e-05 0.000905015 0.00050317 0.0636931 1.81978e-05 0.000563039 0.00993804 0.0191037 1.22667e-05 0.12675 0.0020275 0.0443512 5.44776e-11 4.28337e-05 0.0177918 3.06515e-05 0.000153192 9.98009e-05 4.41373e-05 5.04981e-09 0.00145721 4.64146e-06 0.709934 
0.00544747 0.000721138 0.00957981 0.00197306 0.00972669 0.000625098 0.000313607 0.0238992 0.000271408 0.000145954 0.104877 0.0143101 0.00754506 4.57787e-13 6.05774e-07 0.00240857 5.57216e-05 0.00221602 0.000296616 0.000217532 3.47147e-05 0.0016571 0.00275585 0.810922 
0.00307021 2.81883e-06 0.000264662 1.08684e-09 0.000974924 2.80846e-06 3.48743e-05 0.00563552 0.00310605 1.52683e-05 0.00172724 0.00173614 0.0162411 2.93251e-11 0.000269744 5.95785e-05 1.36615e-05 7.49428e-06 0.000434674 8.13295e-09 5.26706e-05 0.0033916 1.6507e-08 0.962959 
0.0207314 8.11102e-05 0.00939119 0.000998414 0.00396651 0.000181387 2.82876e-05 0.011247 0.000387146 1.92111e-08 0.00132592 0.0121181 0.00244507 7.19836e-12 5.54651e-06 0.000727329 0.000198766 0.00226205 7.85473e-05 6.92458e-05 2.09229e-05 0.000989532 0.000136084 0.93261 
0.00664684 0.0002925 0.00475259 0.000828054 0.00194442 0.000374805 1.40372e-05 0.0127344 1.90076e-05 0.00012949 0.0158099 0.00328079 0.00539057 4.37445e-12 1.29894e-08 4.16418e-05 7.0574e-05 0.00148271 1.58603e-05 2.56106e-05 2.56651e-07 1.39663e-05 0.000995924 0.945136 
0.0684159 0.00321059 0.0213145 0.00468602 0.0325778 0.0358062 0.00548622 0.0468244 0.0999878 0.000900857 0.119252 0.0784267 0.08183 6.19377e-11 3.82888e-05 0.0289268 0.000648731 0.0525307 0.00270725 0.00690602 0.00512969 0.0413313 0.00148309 0.26158 
0.00137454 2.32393e-05 0.0773841 1.06368e-06 0.16405 3.8852e-05 1.4261e-05 0.012938 0.0482141 0.0396209 0.266709 0.00650012 0.0411192 2.74814e-08 6.74481e-06 2.83698e-06 7.10726e-06 0.00096309 8.93676e-05 0.0136633 2.90479e-06 0.00177546 1.66202e-06 0.3255 
0.0278347 0.0109358 0.00837946 0.000564676 0.0277651 0.00987218 0.00111086 0.00452236 0.0708222 3.45258e-05 0.0127975 0.0140602 0.0949029 4.18895e-10 0.000151087 0.000309157 0.000516072 0.0258043 7.57067e-05 0.000519632 2.03328e-05 0.0272092 0.000283008 0.661509 
0.00557752 0.000163697 0.00424808 0.00108948 0.0510492 4.48252e-05 0.00266987 0.0318636 0.0157508 0.000126529 0.171523 0.0109188 0.0532145 2.99155e-11 2.72477e-05 0.00925686 6.24487e-05 0.000317785 0.00131812 7.91729e-05 4.10884e-06 0.00258441 0.000284776 0.637825 
0.0136569 0.000129847 0.00298223 0.00574017 0.000864116 0.000178456 0.000289027 0.0039577 0.000242871 0.000837979 0.00837602 0.0064434 0.0129009 6.80595e-12 1.76923e-06 0.000188096 5.83964e-05 0.00473098 0.00017909 5.30445e-05 8.08442e-05 0.0281681 0.000117455 0.909823 
0.00664684 0.0002925 0.00475259 0.000828054 0.00194442 0.000374805 1.40372e-05 0.0127344 1.90076e-05 0.00012949 0.0158099 0.00328079 0.00539057 4.37445e-12 1.29894e-08 4.16418e-05 7.0574e-05 0.00148271 1.58603e-05 2.56106e-05 2.56651e-07 1.39663e-05 0.000995924 0.945136 
0.00925656 0.000602199 0.00765879 0.00125017 0.00283774 0.000623574 8.59987e-06 0.0147552 2.08642e-07 0.00011816 0.0185611 0.004148 0.00321451 2.81026e-13 4.99097e-08 6.37568e-05 5.13965e-05 0.00374488 5.575e-05 7.39274e-05 1.66515e-05 0.000467416 0.00289876 0.929593 
0.0150676 0.00126079 0.0137232 0.00191896 0.0170063 2.69111e-05 0.00301367 0.0394855 0.00123078 0.00537891 0.12251 0.0237714 0.243765 0.000194796 3.42478e-06 0.000643772 9.51435e-05 0.0011805 0.00141726 5.23434e-05 0.000233311 0.0334833 0.00019112 0.474346 
0.0282807 0.000198526 0.00101916 0.00101332 0.0489618 8.45757e-05 0.000712273 0.0114366 0.00644089 8.62228e-05 0.0562815 0.0139693 0.200144 9.69493e-10 0.000982985 0.000972228 0.000117436 0.000942228 0.00039135 2.24399e-05 3.3727e-05 0.0975684 0.000338042 0.530002 
0.118615 0.00205006 0.0220232 0.00803355 0.0346496 0.00106561 0.00261237 0.0252233 0.0130267 0.0115097 0.0512503 0.0341962 0.120305 1.36689e-05 0.000308295 0.0256417 0.00275796 0.0510995 0.00799112 0.0274093 0.00292864 0.172577 0.00687157 0.257841 
0.0613056 0.000106484 0.0153124 0.00108538 0.0263745 1.15279e-05 0.00653343 0.0152289 0.00819123 0.000230092 0.134781 0.00234476 0.280009 3.03399e-11 1.57684e-05 2.06524e-05 0.000658541 0.00403974 0.000123074 8.89333e-05 4.51771e-06 0.00859427 3.30939e-05 0.434907 
0.0677077 0.0062608 0.0152389 0.00226638 0.00475478 0.00445123 9.66272e-06 0.0202028 2.80509e-05 0.00222515 0.0807679 0.00322007 0.00337808 3.46012e-09 2.29912e-07 0.000201192 0.000167554 0.0224887 7.24543e-05 0.000984481 6.09474e-06 0.00306182 0.00754156 0.754964 
0.0476989 0.000360299 0.00255386 0.000700593 0.0483318 5.64939e-05 0.000385609 0.00655614 0.0281078 0.000112534 0.161266 0.0148743 0.165545 3.01196e-10 2.50393e-05 2.06027e-05 3.68749e-05 0.00370723 0.000579756 0.000211254 0.000230771 0.0712313 8.0828e-06 0.4474 
0.00822794 0.000107051 0.018018 0.0626034 0.0176672 0.000402719 0.00844775 0.0231003 0.00215007 0.000733439 0.0291428 0.242357 0.016132 1.09413e-11 7.38472e-05 0.00279625 0.00282909 0.00293479 0.0138892 0.0144222 1.93228e-05 0.00119177 0.0181461 0.514608 
0.00307021 2.81883e-06 0.000264662 1.08684e-09 0.000974924 2.80846e-06 3.48743e-05 0.00563552 0.00310605 1.52683e-05 0.00172724 0.00173614 0.0162411 2.93251e-11 0.000269744 5.95785e-05 1.36615e-05 7.49428e-06 0.000434674 8.13295e-09 5.26706e-05 0.0033916 1.6507e-08 0.962959 
0.10143 3.36432e-06 0.0178655 7.03928e-06 0.233788 0.000106745 0.000130395 0.0141302 0.0618476 0.000307803 0.0193913 0.013615 0.107852 1.06218e-05 0.0802162 0.00359652 0.00365629 0.00350752 5.53929e-08 0.000192111 0.00141916 0.089988 4.2199e-08 0.246938 
0.00304699 1.19008e-07 0.025804 9.97622e-08 1.47618e-07 0.00207141 0.000604889 0.0187081 0.000672276 5.5582e-05 0.0806959 0.00861579 0.00990096 8.9957e-11 5.70666e-09 7.75524e-05 7.63816e-08 0.000467323 0.00165033 0.0359532 6.52581e-11 0.00560363 6.43469e-08 0.806072 
0.0426617 0.000515803 0.00795095 0.000888824 0.00452033 0.000496572 0.000137049 0.085786 2.69435e-05 0.00368687 0.227992 0.0154242 0.229767 2.3841e-09 2.75296e-07 0.000577488 8.67289e-05 0.00305772 0.00212467 0.00012609 4.51676e-07 0.0119666 0.0355706 0.326636 
0.017232 0.00107662 0.014791 0.00167338 0.00562722 0.000172109 0.000431796 0.0361198 0.00350899 0.00210655 0.268893 0.0571457 0.107605 4.79631e-07 3.82798e-06 0.00600372 0.000420267 0.0041261 0.00940814 0.00136987 5.47416e-05 0.0308238 0.000663164 0.430743 
0.00684601 0.000888835 0.0047251 0.00117432 0.0109052 5.03396e-05 0.00189712 0.0692845 0.00105798 0.0028504 0.21299 0.0211992 0.146308 2.49915e-05 1.11932e-05 0.00847988 0.000319337 0.00211261 0.00102796 0.000144776 0.000111594 0.00921621 0.00040122 0.497973 
0.00968405 0.0016613 0.00637955 0.000640121 0.0150089 0.01017 0.000156797 0.0107455 0.000227565 0.000226777 0.043256 0.00788217 0.00423295 3.53943e-06 3.35902e-06 0.0031769 4.70225e-05 0.0038413 0.000299825 0.000678485 1.2634e-05 0.00137698 0.000769096 0.879519 
0.00250925 6.71028e-05 0.000905015 0.00050317 0.0636931 1.81978e-05 0.000563039 0.00993804 0.0191037 1.22667e-05 0.12675 0.0020275 0.0443512 5.44776e-11 4.28337e-05 0.0177918 3.06515e-05 0.000153192 9.98009e-05 4.41373e-05 5.04981e-09 0.00145721 4.64146e-06 0.709934 
0.00307021 2.81883e-06 0.000264662 1.08684e-09 0.000974924 2.80846e-06 3.48743e-05 0.00563552 0.00310605 1.52683e-05 0.00172724 0.00173614 0.0162411 2.93251e-11 0.000269744 5.95785e-05 1.36615e-05 7.49428e-06 0.000434674 8.13295e-09 5.26706e-05 0.0033916 1.6507e-08 0.962959 
0.117024 0.000752885 0.0213964 0.000122836 0.041336 0.00439153 0.00098885 0.0102103 0.0374794 0.00181631 0.0221413 0.0475942 0.00546637 6.19121e-09 8.64933e-06 0.00492513 0.000612706 0.272561 0.00728736 0.00498961 1.03414e-05 0.0380554 0.000548558 0.360281 
0.0136569 0.000129847 0.00298223 0.00574017 0.000864116 0.000178456 0.000289027 0.0039577 0.000242871 0.000837979 0.00837602 0.0064434 0.0129009 6.80595e-12 1.76923e-06 0.000188096 5.83964e-05 0.00473098 0.00017909 5.30445e-05 8.08442e-05 0.0281681 0.000117455 0.909823 
0.0136569 0.000129847 0.00298223 0.00574017 0.000864116 0.000178456 0.000289027 0.0039577 0.000242871 0.000837979 0.00837602 0.0064434 0.0129009 6.80595e-12 1.76923e-06 0.000188096 5.83964e-05 0.00473098 0.00017909 5.30445e-05 8.08442e-05 0.0281681 0.000117455 0.909823 
0.00544747 0.000721138 0.00957981 0.00197306 0.00972669 0.000625098 0.000313607 0.0238992 0.000271408 0.000145954 0.104877 0.0143101 0.00754506 4.57787e-13 6.05774e-07 0.00240857 5.57216e-05 0.00221602 0.000296616 0.000217532 3.47147e-05 0.0016571 0.00275585 0.810922 
0.0428977 0.00174981 0.0364518 0.00238257 0.0446422 0.00772552 0.00114429 0.0226157 0.000159095 0.000810555 0.036193 0.0523794 0.0259576 1.27185e-09 4.76741e-05 0.00356472 0.000235645 0.0137297 6.15816e-05 0.0540515 0.000399384 0.0184449 0.000463819 0.633892 
0.0391694 0.0115779 0.0281957 0.00251586 0.030264 0.00529871 0.0391701 0.0427315 0.00159587 0.00377452 0.0888216 0.189778 0.0622645 4.39066e-05 1.06556e-05 0.0192226 0.000326248 0.00833834 0.0162326 0.0032055 3.77937e-05 0.0266392 0.0108186 0.369967 
0.0231185 0.00146389 0.0114823 0.000187675 0.00422353 0.00017846 0.000332971 0.0158004 2.19717e-08 0.0047986 0.285615 0.0387908 0.202701 1.00289e-07 1.59233e-06 0.000891276 2.13233e-05 0.00546093 0.000211382 0.00156688 0.000101893 0.0424625 0.01665 0.343939 
0.0223865 0.00292283 0.00627061 0.00133228 0.00667817 0.0144058 1.60718e-05 0.0101457 1.15318e-07 0.000220648 0.0204658 0.00977637 0.00414279 1.27658e-12 1.32586e-06 0.000105946 3.94631e-05 0.0116376 3.63515e-05 0.00473216 1.56012e-05 0.00237217 0.000184354 0.882111 
0.0151697 0.00178298 0.0069802 0.0014757 0.0191677 0.0929942 0.00675923 0.0259441 9.90453e-05 0.000340815 0.0982317 0.0360604 0.00483036 1.35852e-12 2.12951e-05 0.00285535 3.32656e-05 0.00655043 0.000286575 0.00433459 2.37306e-05 0.00306964 0.00076932 0.67222 
0.0420391 0.000557905 0.00690644 0.000774398 0.114005 0.00233556 0.0275934 0.0124775 0.0191935 0.013909 0.217457 0.00926587 0.163023 1.90254e-05 4.14742e-05 0.00458068 7.33641e-05 0.00182212 0.000341661 0.000368047 0.000248194 0.0120699 7.48212e-05 0.350823 
0.00544747 0.000721138 0.00957981 0.00197306 0.00972669 0.000625098 0.000313607 0.0238992 0.000271408 0.000145954 0.104877 0.0143101 0.00754506 4.57787e-13 6.05774e-07 0.00240857 5.57216e-05 0.00221602 0.000296616 0.000217532 3.47147e-05 0.0016571 0.00275585 0.810922 
0.0442464 0.00697577 0.0392742 0.0018744 0.0865192 0.000267607 0.000946197 0.129652 0.000675261 0.0374665 0.1255 0.0573092 0.0451897 1.26123e-09 1.60318e-07 0.000769569 0.000253205 0.034543 0.00102282 0.00010157 0.00160614 0.00873432 0.00150631 0.375567 
