0.00655509 0.000314876 0.230871 0.00190205 0.0680036 0.00389256 0.38873 0.0352899 0.00124916 0.00240636 0.030816 0.119419 0.00813443 0.00378968 0.000165809 0.00176464 0.00103549 0.00224476 0.00951676 0.0010041 5.79482e-05 0.0282239 0.00407268 0.05054 
0.018169 6.12395e-07 0.0225079 3.92869e-05 0.00130527 6.31353e-07 0.417931 0.0467419 6.36591e-09 0.0747878 0.00703116 0.123857 0.00662506 0.000743029 2.46068e-05 1.6236e-06 1.61962e-08 0.191998 0.000722864 7.87163e-07 9.27866e-09 0.0321877 0.0474169 0.00790745 
0.000633201 0.000791237 4.10774e-07 1.43241e-09 0.000603222 6.39806e-06 0.870284 0.00115857 0.00030442 0.000291551 0.00010812 0.112868 0.00198946 9.67106e-05 1.50195e-09 0.000162894 0.00188432 6.96613e-10 0.00666613 0.000195194 1.77286e-09 0.00167316 0.000213778 6.93814e-05 
0.00700103 0.0271895 0.0310206 9.25463e-05 0.0319158 5.12775e-06 0.536179 0.0830168 0.00426518 0.0905505 0.00552533 0.038485 0.0193042 0.0134051 9.98218e-07 0.00539467 0.00357606 0.00429929 0.0073519 6.00622e-06 0.00164492 0.0774446 0.00589763 0.00642819 
0.0263758 0.000424465 0.107668 0.000770104 0.00131364 1.16056e-06 0.471976 0.00346232 0.000906787 0.00307444 0.0132999 0.319217 0.00881052 3.70419e-05 2.52323e-09 0.00108048 0.0013179 0.000164742 0.00106204 9.32494e-07 6.58553e-08 0.033239 0.00542097 0.000376102 
0.00571376 0.000949872 0.0373534 0.0453425 0.121288 0.0013203 0.507612 0.0250107 0.0515587 0.00343338 0.0115152 0.0172569 0.00526982 1.65812e-06 0.000106382 0.000105467 6.58535e-05 0.0498851 0.000391247 8.05393e-08 0.000578593 0.108623 4.54651e-05 0.00657287 
0.0016312 0.000190733 0.0150829 0.00378258 0.191354 2.06986e-06 0.665861 0.0420487 0.00234531 0.000817596 0.012537 0.0270735 0.0130371 1.80166e-05 0.000169516 0.00152939 1.77983e-05 0.000121269 0.00762151 0.00418373 0.00120128 0.00418257 0.00163337 0.00355751 
0.0532696 0.000485403 0.0860406 0.000307525 0.0152158 0.00145355 0.58144 0.0515336 0.0204528 0.00810011 0.0344757 0.0320534 0.0991818 0.000137346 5.09643e-06 0.00220434 0.00188543 0.00468834 0.00052383 0.000945066 7.89709e-05 0.00188106 0.000313456 0.00332747 
0.00861991 2.46389e-05 0.252303 0.000261418 0.0630684 6.14262e-06 0.371786 0.0752532 0.0188621 0.00400853 0.0284291 0.0498624 0.100227 1.50696e-06 1.31927e-06 0.000359783 0.000107531 3.23923e-05 0.016679 0.000307533 5.47823e-05 0.000857426 0.00069817 0.00818875 
0.0115321 8.16317e-05 0.0148037 0.000310595 0.00769683 0.0270356 0.464807 0.0900308 7.07875e-13 0.00200467 0.213554 0.0595803 0.027925 1.42227e-12 6.06637e-08 0.00279324 2.50354e-08 9.36552e-09 0.0269293 1.25949e-07 1.79538e-08 0.0437118 0.00473216 0.00247098 
0.0278803 0.00127267 0.05047 2.87409e-05 0.119771 4.49762e-05 0.467585 0.0826801 0.0235946 0.00176452 0.092625 0.0303944 0.0584025 3.598e-06 3.19568e-06 0.00842796 0.000232692 0.00067333 0.00402324 0.00184384 0.00077637 0.0015197 0.0023046 0.0236775 
0.00986573 0.000317835 0.0241936 0.01896 0.353951 2.55596e-05 0.395218 0.017792 0.00838229 0.00812994 0.0164236 0.0292963 0.0280783 1.11585e-05 1.99911e-07 0.0139856 0.000464064 0.000774648 0.0070111 3.41948e-05 0.014217 0.0230012 0.000374677 0.0294919 
0.0299098 5.06602e-05 0.142371 0.00335912 0.138273 2.75581e-05 0.402925 0.0720218 0.00338718 0.0168482 0.0292355 0.0730895 0.0141176 0.0138605 0.00082516 0.00039014 0.00173155 0.00468093 0.0192413 0.00207909 0.000330449 0.0268127 0.0012303 0.00320127 
0.0103014 1.584e-06 0.0240203 0.000211145 0.02435 0.000378616 0.656913 0.0193651 0.00248744 0.000984568 0.0688127 0.0655787 0.000348656 4.70514e-07 0.000133998 0.000103572 5.95799e-07 0.000401654 0.000369827 0.000360455 0.00113538 0.0970241 0.0256908 0.00102606 
0.047754 0.000580826 0.019072 0.000274676 0.0124154 9.29857e-07 0.421288 0.0485319 0.0764264 0.00484043 0.0287006 0.0364386 0.295772 5.12286e-08 4.04649e-07 0.00405666 0.000392167 0.000670357 0.00103682 4.39233e-06 5.15189e-05 0.000155893 2.96239e-05 0.00150572 
0.00323228 6.18776e-06 0.0874025 0.00020693 0.144297 2.44281e-05 0.633059 0.0327041 0.000475673 0.0101689 0.00479874 0.00737997 0.0302192 3.77861e-09 9.71499e-07 4.60956e-05 0.000732534 0.000776038 0.0252922 2.04405e-09 0.00817839 0.0109949 1.27063e-09 3.19297e-06 
0.0371408 0.00170585 0.107178 0.000175614 0.007865 0.00275254 0.264455 0.10121 0.00592646 0.0168695 0.15968 0.0852807 0.0171171 3.53392e-08 2.86656e-06 0.00253207 9.02238e-05 0.0156458 0.0550839 0.00187602 1.78828e-07 0.0993055 0.00468654 0.0134214 
0.00517539 0.00124948 0.0077232 0.00164307 0.0790107 0.00141222 0.609937 0.0159472 0.00180565 0.000160191 0.0645049 0.0301091 0.0908312 3.41458e-06 0.000149624 2.48349e-05 2.63204e-05 0.000262642 0.0256963 0.000111632 2.04939e-06 0.0309573 0.00251636 0.0307403 
0.0266717 0.0126516 0.177852 5.68569e-05 0.0112919 5.87841e-06 0.276129 0.0061242 0.00136203 0.00625917 0.120733 0.0635226 0.0314848 4.27078e-05 5.14724e-06 0.006052 0.000600671 1.68565e-05 0.00292002 0.00479394 0.00150782 0.210339 0.0388198 0.000757558 
0.0111305 0.00123763 0.027389 0.00250159 0.0169838 0.0119281 0.562716 0.059172 0.000619665 0.00398159 0.109908 0.0517753 0.0433422 1.4601e-05 0.0002651 0.0106839 4.24585e-06 0.00134154 0.0132764 0.00103056 0.00286533 0.0173996 0.0447669 0.00566578 
0.0725383 0.000338248 0.108882 0.000145576 0.0976418 2.97052e-06 0.507687 0.0349319 0.0554154 0.00955664 0.0275911 0.018808 0.0380471 8.95418e-06 5.90508e-06 0.000544017 2.93131e-05 0.00158539 0.00164411 0.000919658 0.00543478 0.00775236 0.00185643 0.00863246 
0.0320525 2.68611e-05 0.146548 2.04637e-05 0.0148208 1.239e-09 0.580542 0.147772 0.000271418 0.0186594 0.0251453 0.022434 0.00709993 7.08974e-09 1.11709e-07 0.000128714 3.30224e-05 0.000632972 0.000147844 0.000379894 2.31766e-06 0.00154426 0.000285662 0.00145322 
0.0219555 0.00208523 0.0141899 6.64545e-05 0.00683533 8.74713e-06 0.549739 0.0783162 0.00044871 0.00137594 0.105809 0.0516567 0.1167 1.6075e-10 2.21355e-06 0.011645 0.000110582 0.00258853 0.00227732 0.00185483 2.32204e-05 0.0263534 0.00460426 0.00135372 
0.007686 3.51951e-05 0.0278935 0.00017232 0.0316373 1.56772e-05 0.867651 0.00487315 0.00103231 0.0142578 0.00543285 0.00600846 0.00459103 6.12301e-09 3.22893e-05 0.000498686 8.79492e-06 0.000194646 0.000372221 2.24021e-05 0.000867031 0.0234046 0.00119264 0.00212047 
0.0233098 0.000265948 0.0779018 6.42953e-07 0.0385712 8.9354e-08 0.34263 0.326221 0.00630882 0.000768321 0.0463687 0.0576053 0.0501094 3.06092e-09 5.72986e-08 0.00194033 6.0884e-05 1.23905e-05 3.21684e-06 7.87043e-05 4.0259e-05 0.00384122 0.00308576 0.0208762 
0.00661921 0.00132797 0.0109783 0.0103216 0.225346 6.12802e-05 0.459205 0.0262636 0.000449368 0.0102039 0.00590355 0.00473715 0.0725448 0.128344 3.49318e-06 0.00415199 9.85451e-05 0.00595568 0.000327681 0.000440871 0.00683953 0.0137957 4.12219e-05 0.00603988 
1.27676e-09 9.17137e-09 0.00343428 8.22318e-09 8.12313e-06 2.45182e-09 0.990493 6.25018e-06 6.98267e-09 9.28414e-06 3.45962e-06 1.83344e-05 0.000352816 0.000485235 8.62238e-09 1.60035e-09 1.77653e-08 5.82561e-07 4.88844e-06 7.1108e-06 1.04359e-05 0.00385703 0.00130928 2.56244e-09 
0.00781823 2.60391e-06 0.165846 0.000398971 0.00749729 6.18791e-07 0.485877 0.0161586 0.00389743 0.00435181 0.0270244 0.105002 8.2469e-06 1.3842e-08 3.93084e-07 0.000282413 0.000782707 5.78694e-07 0.0333608 0.000401884 4.13548e-07 0.132419 0.00334517 0.00552296 
0.0395476 0.000466818 0.0275552 5.73788e-05 0.0218179 0.00712317 0.500014 0.0313363 0.000927668 0.0689388 0.0981669 0.0719291 0.0265403 3.45292e-09 0.00330028 0.000202788 7.52909e-05 0.00835483 0.0216872 0.0145832 0.00124697 0.0224781 0.00349247 0.0301573 
0.0419811 0.000110704 0.0438915 2.38078e-05 0.0862188 3.29824e-06 0.449343 0.0479476 0.0311254 0.00265841 0.0312747 0.054206 0.19323 4.274e-05 9.75293e-06 0.00168019 4.40997e-05 0.000127757 0.00472842 5.17613e-05 5.57972e-07 0.0107296 0.000327601 0.000243351 
0.0981833 7.95774e-07 0.0080367 6.00067e-05 0.0803398 1.38729e-07 0.358619 0.148816 0.000158937 0.000699264 0.0351841 0.0281631 0.127328 2.8688e-07 1.26995e-05 3.02086e-05 2.33859e-05 0.00183576 0.00166098 0.00164588 8.0877e-06 0.0507319 0.0116827 0.0467781 
0.0213163 0.0458771 0.0542367 0.0056558 0.130404 0.000147266 0.241043 0.0251758 0.0159345 0.121614 0.00447603 0.0472592 0.0360977 0.000314311 3.38696e-06 0.00269149 7.08607e-05 0.00392139 0.0492495 1.06476e-05 0.0832728 0.108717 0.000874105 0.00163685 
0.0573003 0.00263103 0.201804 6.01993e-05 0.110125 7.91269e-06 0.288956 0.0389626 0.0241725 0.0152697 0.00506557 0.0362693 0.0370919 1.04863e-09 0.000126604 0.00113514 0.000608693 0.00816334 0.00702175 3.70528e-05 0.000609486 0.163995 2.17791e-05 0.000565329 
0.0228434 0.000214365 0.0554175 0.0001728 0.0836819 2.37271e-06 0.554238 0.039239 0.146068 0.0211429 0.0213131 0.0148494 0.0200526 2.80488e-05 2.40145e-06 3.20196e-05 9.87242e-06 0.000545578 0.00371006 0.000254205 0.00949482 0.00136628 0.000540085 0.00478194 
0.0423902 0.000272894 0.105315 0.000473232 0.0731161 0.00295525 0.294553 0.0197426 0.150237 0.0194452 0.0327622 0.0836437 0.0342238 0.00773227 6.95137e-05 0.00373735 0.000208847 0.00774707 0.0198977 0.0150627 0.0142002 0.0541778 0.00158565 0.0164508 
0.0671091 0.00102846 0.0326518 0.000825441 0.0562618 0.000614728 0.322921 0.10993 0.00402182 0.00442734 0.0428185 0.0428058 0.0668785 0.000555895 2.85681e-05 0.00356466 0.000503783 0.00261461 0.194254 0.000363856 0.00309563 0.0137644 0.00261999 0.0263404 
2.84942e-05 8.6666e-05 0.000292258 0.00011586 5.3033e-05 4.16984e-07 0.837649 0.083559 1.90316e-05 0.0328706 0.0046535 0.0126039 1.29336e-07 2.38604e-06 1.46642e-06 2.72173e-07 0.00539036 0.00335538 1.09107e-05 1.29074e-06 5.75321e-05 0.0186367 0.000610862 4.35797e-07 
0.00864301 0.00106279 0.00359045 0.00190132 0.00439735 0.000950917 0.20271 0.154275 1.51377e-05 0.00307871 0.146492 0.109263 0.162963 2.02906e-10 9.71075e-05 0.000461238 5.1337e-05 0.000927052 0.011038 0.0143147 6.63906e-05 0.0271041 0.142324 0.00427298 
0.0631605 4.13743e-06 0.0497778 5.92801e-05 0.00920622 1.9054e-06 0.50049 0.119708 0.00440054 0.0160522 0.0234384 0.0108167 0.159262 3.22287e-08 1.98072e-08 0.000167915 1.49221e-05 0.00196027 0.00991847 0.0124756 6.06236e-05 0.0115155 0.00646097 0.00104765 
0.0241099 7.77352e-06 0.109832 3.21284e-05 0.256638 1.6103e-05 0.421705 0.0645122 0.000933113 0.0119256 0.0123773 0.0117093 0.0156096 3.50367e-08 2.1533e-08 0.00238167 1.79401e-05 7.21316e-06 0.00323544 0.000134198 0.0526315 0.0116306 0.000345535 0.00020731 
0.00693665 0.00132189 0.0177427 0.00121711 0.000471633 2.04296e-05 0.251554 0.0135425 0.00154945 0.000177545 0.0453573 0.235343 0.0509266 4.29272e-08 3.28266e-06 0.0266823 0.00199571 0.0236258 0.015678 5.59266e-05 0.000778389 0.0744166 0.230135 0.000468736 
0.00660351 5.27938e-05 0.00158168 1.93065e-05 2.06146e-07 3.86734e-11 0.389523 0.0237833 1.64898e-07 0.00427986 0.015307 0.187529 0.00209982 2.21295e-10 2.12005e-09 0.000150407 1.01425e-07 0.00481053 0.000998965 2.38112e-06 2.44155e-06 0.00172124 0.360938 0.000596251 
0.0151931 1.50865e-09 0.00656681 0.316398 0.010748 1.96644e-06 0.382453 0.0768519 1.14862e-09 2.84072e-05 0.00989012 0.0029028 0.145662 2.30781e-09 3.23477e-05 0.0043439 4.77748e-06 0.000402337 1.43166e-05 1.53939e-06 8.96991e-06 0.0270376 0.000929009 0.000529476 
0.00504366 6.35298e-10 0.0612723 0.000528111 0.0764212 1.33872e-05 0.751963 0.0819471 0.000295745 0.000892187 3.59172e-07 0.00639352 0.00292865 1.66968e-07 5.74878e-07 4.3391e-08 2.56241e-05 0.00790738 0.00220232 0.000225168 0.000131608 0.000433101 0.00134338 3.11673e-05 
0.0164361 0.000443006 0.00846178 0.0158605 0.0174063 1.16205e-05 0.211699 0.0561092 6.58764e-05 0.00439413 0.103087 0.198158 0.0802125 1.48292e-05 3.57527e-05 0.00765375 0.00188769 0.0177972 0.00171869 1.38687e-05 0.000161828 0.209675 0.000546222 0.0481505 
0.0195294 4.3371e-05 0.0537531 0.000152456 0.00579773 1.43074e-05 0.376939 0.119403 9.12108e-08 0.175744 1.63643e-08 0.00643166 3.02833e-05 1.83261e-07 1.1263e-07 2.09045e-08 2.32059e-07 0.0658098 0.000242276 9.9136e-08 0.000453027 0.175512 7.95479e-06 0.000135432 
0.061836 0.0330576 0.0864366 0.00121182 0.0196673 3.2245e-05 0.230997 0.0599047 0.0013984 0.088833 0.0627734 0.109853 0.166809 1.1669e-05 2.05009e-11 0.0143698 0.00284213 0.0112669 0.00190448 2.88361e-05 0.0012076 0.0412189 0.00102553 0.00331439 
0.00652222 0.000654629 0.00448362 1.73008e-05 0.0200192 6.96627e-07 0.657034 0.058452 0.000832524 0.000718059 0.0355638 0.0116616 0.201383 0.000106121 3.81855e-08 0.000568248 0.000131819 0.000102377 7.22889e-05 9.09644e-05 2.80419e-05 0.00081709 1.34352e-05 0.000727048 
0.018169 6.12395e-07 0.0225079 3.92869e-05 0.00130527 6.31353e-07 0.417931 0.0467419 6.36591e-09 0.0747878 0.00703116 0.123857 0.00662506 0.000743029 2.46068e-05 1.6236e-06 1.61962e-08 0.191998 0.000722864 7.87163e-07 9.27866e-09 0.0321877 0.0474169 0.00790745 
0.124354 1.9428e-05 0.0631755 0.016314 1.39859e-05 1.15415e-10 0.49307 4.01471e-05 0.0271467 9.14586e-06 5.24267e-06 0.0121843 0.170836 6.60418e-10 4.05882e-10 3.18668e-06 3.26228e-06 3.40754e-06 0.000236005 9.36048e-06 0.00630606 0.0862533 6.1296e-06 1.0844e-05 
0.000294992 3.86404e-07 0.0980919 0.000567655 0.00905278 1.466e-06 0.52994 0.0881515 6.64547e-05 4.74775e-05 0.0206139 0.0529018 0.19539 5.9109e-07 1.27609e-06 0.00162659 1.37961e-05 0.00027163 7.7969e-06 1.05638e-05 4.28798e-07 0.00178772 0.000311848 0.000847556 
0.0393019 0.0109095 0.0792514 0.0243609 0.0355922 0.00204288 0.161733 0.140897 0.00224032 0.0342741 0.0294189 0.118842 0.0970136 4.6793e-07 6.34522e-05 0.073806 0.000222964 0.0583383 0.000767749 0.0049442 0.000116489 0.0283596 0.00186151 0.0556421 
0.00931351 2.05266e-05 0.280878 0.00629369 0.118764 6.72734e-06 0.292712 0.0110703 0.0658038 0.00424725 0.0422549 0.0332325 0.018603 1.22841e-08 6.71891e-06 0.000197206 0.00176442 0.0376564 0.0482418 0.0155444 0.000214303 0.0114598 0.000604211 0.00111084 
0.0257983 0.0648758 0.191617 0.000383776 0.0344835 0.000430142 0.268687 0.0434677 0.00232842 0.00035501 0.0607952 0.0476018 0.00910792 0.0471757 6.61383e-05 1.09959e-05 2.73126e-06 0.000183264 0.00659657 0.0740685 0.00026308 0.0924095 0.00262743 0.0266647 
3.50161e-07 9.76129e-05 0.0110589 0.00206795 0.0273167 8.74133e-06 0.281474 0.101316 0.00519078 0.000484605 0.268904 0.197946 0.0140087 3.79104e-08 3.46898e-07 0.0309098 8.23275e-05 0.000107289 0.0170233 7.97559e-05 3.13813e-06 0.00803411 0.0023507 0.0315355 
0.0265489 0.000121446 0.00388741 6.8893e-06 0.0536309 4.40024e-06 0.587062 0.0465635 5.5467e-06 0.0213949 0.0197368 0.0364191 0.0141498 3.48377e-05 1.82318e-05 0.0123832 2.9121e-05 0.000410643 0.00724621 3.41112e-06 0.0844922 0.0788593 0.00601305 0.000978698 
0.0140869 0.000146578 0.0530349 0.000142118 0.0164192 0.0682347 0.383051 0.0481192 0.00172669 0.0255776 0.0774212 0.0748072 0.0109278 7.28022e-08 0.000803414 0.000529379 0.000205656 0.0232419 0.0206138 0.0209668 0.000263687 0.0228862 0.00271604 0.134078 
0.00592862 0.000363298 0.0411441 0.0001232 0.00474429 3.1487e-07 0.592571 0.0341625 0.0303423 0.000394786 0.0415192 0.0210568 0.225309 1.20407e-06 3.04106e-08 0.00014589 2.42553e-07 4.37024e-08 6.09614e-05 8.69125e-11 5.66727e-05 0.00010413 1.24561e-05 0.00195948 
0.0281853 1.28705e-05 0.0156882 0.000103642 0.0310675 6.19579e-05 0.345936 0.0738095 0.0380621 0.000235483 0.0541335 0.253182 0.0318129 6.3014e-09 2.36137e-05 3.62718e-05 0.0104176 1.18563e-05 0.0129767 0.000579358 0.0666802 0.0120203 0.00230462 0.0226584 
0.0396811 0.0053037 0.0102832 0.00116393 0.0568542 6.45612e-05 0.152406 0.0966704 0.00937292 0.0263916 0.111042 0.141915 0.122864 1.96745e-05 1.14822e-05 0.05337 0.000317567 0.0641014 0.00193851 0.00016303 0.0210033 0.0609004 0.00249336 0.0216685 
0.00286521 3.60712e-06 0.0159484 0.00283173 0.00292356 0.00128737 0.676071 0.00652184 0.0223212 0.0087347 0.0101011 0.053077 3.53266e-05 0.00329882 3.52899e-06 0.000977871 0.00044414 0.00426854 0.0112119 0.00112379 0.0029864 0.0739193 0.00531856 0.0937246 
0.164911 0.00024583 0.147488 0.000344369 0.0447657 1.00741e-06 0.450492 0.025902 0.00017228 0.000326243 0.0454288 0.0260834 0.0509254 3.01605e-09 2.87099e-06 0.00108005 1.28906e-05 0.00273653 3.84882e-05 0.00307663 0.000717876 0.0241489 0.0038147 0.0072842 
0.00251021 0.000142782 0.0623424 2.22708e-06 0.0183255 2.76018e-10 0.350446 0.247846 0.0200101 0.00230658 0.0773575 0.126156 0.0488782 0.00742332 9.7068e-10 0.00385654 6.51028e-05 0.00334315 0.00290536 0.000826398 6.72287e-05 0.0233285 0.000721662 0.00113947 
0.0151931 1.50865e-09 0.00656681 0.316398 0.010748 1.96644e-06 0.382453 0.0768519 1.14862e-09 2.84072e-05 0.00989012 0.0029028 0.145662 2.30781e-09 3.23477e-05 0.0043439 4.77748e-06 0.000402337 1.43166e-05 1.53939e-06 8.96991e-06 0.0270376 0.000929009 0.000529476 
0.0565457 5.90526e-05 0.0946832 2.71886e-05 0.031807 1.92234e-07 0.515267 0.156275 5.25234e-06 0.107819 0.00560589 0.00386272 0.00238133 1.09999e-06 1.5278e-05 1.25475e-07 5.30439e-06 0.000162662 0.00505104 5.95044e-07 7.97974e-07 0.00991885 0.00311423 0.00739169 
0.0143152 2.74333e-10 4.06557e-05 8.76155e-05 0.156968 2.58909e-05 0.344493 0.00771787 0.00154324 0.000287664 0.111181 0.00024656 0.17662 4.19652e-10 3.90067e-05 1.75968e-05 2.8744e-05 0.00196997 0.000572753 0.00344309 1.56337e-05 0.0411983 9.71589e-05 0.139092 
0.0160431 0.00230645 0.0258212 0.000157089 0.0995903 5.1195e-05 0.364338 0.0365787 0.0126851 0.0140656 0.0529154 0.180186 0.0697786 0.000382228 7.24314e-05 0.000480808 0.000321812 0.00387671 0.00501753 0.000187888 0.000154785 0.0689577 0.0180551 0.0279754 
0.0151931 1.50865e-09 0.00656681 0.316398 0.010748 1.96644e-06 0.382453 0.0768519 1.14862e-09 2.84072e-05 0.00989012 0.0029028 0.145662 2.30781e-09 3.23477e-05 0.0043439 4.77748e-06 0.000402337 1.43166e-05 1.53939e-06 8.96991e-06 0.0270376 0.000929009 0.000529476 
0.000260627 1.67758e-05 0.117241 1.2324e-05 0.000746288 7.65823e-06 0.752021 0.00101787 0.00394263 0.000154215 0.0181251 0.0142327 0.0201946 9.35087e-07 1.03102e-05 1.06665e-07 0.00137211 0.000156324 3.7752e-05 5.31296e-06 3.76757e-05 0.0522677 5.96889e-05 0.0180797 
0.0186427 0.00088788 0.206385 0.000537037 0.109717 6.18734e-05 0.313253 0.0770048 0.0128548 0.00432738 0.0285712 0.0370392 0.0994791 1.23374e-08 1.26997e-06 0.017981 0.00350058 0.000346928 0.00123656 0.000451183 3.65467e-06 0.00738042 0.000274172 0.0600638 
0.0151931 1.50865e-09 0.00656681 0.316398 0.010748 1.96644e-06 0.382453 0.0768519 1.14862e-09 2.84072e-05 0.00989012 0.0029028 0.145662 2.30781e-09 3.23477e-05 0.0043439 4.77748e-06 0.000402337 1.43166e-05 1.53939e-06 8.96991e-06 0.0270376 0.000929009 0.000529476 
0.00637336 0.000320468 0.0110763 0.000561448 0.0291242 2.51105e-10 0.438599 0.0498374 0.000257632 1.60269e-06 0.327158 0.0433548 0.000343658 2.99168e-05 8.83068e-10 0.0165707 1.47392e-05 0.0181019 0.0446814 1.99916e-07 3.23351e-07 0.0112187 0.000107964 0.00226572 
8.94944e-07 1.89707e-05 4.67324e-05 0.0098525 5.45449e-06 1.35935e-06 0.977214 1.06477e-05 0.00139908 1.8337e-05 1.19527e-05 0.00011143 0.00816385 7.77841e-06 8.99167e-06 8.87277e-07 9.84959e-06 2.21722e-06 3.22843e-06 6.94454e-05 5.64275e-06 0.00298706 4.84684e-05 1.42069e-06 
0.00587567 0.00046717 0.0263465 0.00120483 0.0737105 7.31479e-06 0.783336 0.0258191 0.0042775 0.00249598 0.00231287 0.0194477 0.0157653 0.000293949 2.90804e-05 0.00530006 5.66224e-05 0.00289079 0.00121971 0.000151211 0.00113536 0.0213598 0.00204797 0.00444896 
0.018386 0.000515469 0.0372381 0.000826454 0.00271708 2.20115e-05 0.274847 0.0312216 0.00185299 0.00381724 0.135793 0.0600434 0.157089 6.82075e-06 1.27748e-05 0.00377761 9.75179e-06 0.00529441 0.000725456 0.000222353 0.00276982 0.0565031 0.200017 0.00629112 
0.00818551 0.000250921 0.080597 0.000325416 0.00349034 4.37819e-05 0.397051 0.261794 0.000138949 0.0115464 0.000623027 0.0737886 0.00190447 3.86769e-08 1.84297e-07 0.00351527 3.80749e-06 0.00918546 0.00209998 0.0796006 2.39612e-06 0.00455262 1.47688e-05 0.0612861 
0.000874413 0.000162034 0.0108812 0.000743397 0.0704122 5.82677e-06 0.533436 0.045052 0.00211117 0.00214747 0.0632062 0.168948 0.0135763 0.0309589 2.98657e-05 0.00312152 0.000605403 0.000505182 0.0106848 0.00135662 4.63356e-05 0.0305612 0.00273815 0.00783564 
0.00528283 0.00241947 0.0241759 6.12093e-05 0.0278058 3.14815e-05 0.391788 0.164446 0.00125445 0.0239776 0.219258 0.0182596 0.076693 3.27316e-05 3.31104e-06 0.00259218 0.00426581 0.000146219 0.00278249 4.68716e-06 2.72075e-05 0.0123548 0.000873317 0.0214651 
0.0059303 0.136051 0.0249973 0.000747759 0.00229382 0.00844423 0.767264 0.000812224 0.000520951 0.000615568 0.0138534 0.0145657 3.0172e-05 0.00860198 5.88511e-06 6.13652e-08 1.07915e-06 2.37363e-09 0.00205948 7.7075e-05 6.04081e-09 0.00120861 0.0113644 0.00055466 
0.000143744 0.00110889 0.00177057 0.000333978 0.00569958 1.00679e-05 0.363019 0.0396558 0.00115194 0.000164755 0.203583 0.116373 0.0338453 4.34984e-05 1.28778e-06 0.00130148 8.07221e-06 0.000926284 0.0135569 4.82224e-06 8.03398e-07 0.000862916 0.194256 0.0221767 
0.0136394 0.00121884 0.17399 0.00263003 0.0611217 0.00222335 0.285815 0.0544789 0.0064294 0.0321513 0.0627835 0.0435508 0.121454 0.0037146 1.30355e-05 0.0122376 7.55805e-05 0.00200381 0.0186664 0.00139456 0.000436001 0.0661585 0.00511022 0.0287034 
0.021977 0.000845973 0.0324329 0.00369086 0.0708926 0.00392484 0.295986 0.0627855 1.80865e-07 0.003916 0.0839155 0.0697292 0.191106 1.99221e-06 9.65256e-05 0.018802 0.00927602 0.00062531 0.0578421 9.86092e-05 2.34652e-05 0.0543345 0.00680184 0.0108953 
0.0432666 0.0171921 0.0164164 9.79574e-06 0.00938318 9.62673e-07 0.873179 0.00572702 0.00133676 0.00034391 0.00245851 0.0113228 0.00352339 1.3559e-09 3.18065e-06 0.00011125 1.04852e-05 0.000228826 0.00310066 1.71261e-05 0.000308854 0.00258602 0.00902549 0.000447829 
0.00349153 0.000323477 0.000714402 0.000443808 0.00195833 1.71147e-05 0.935681 0.000543051 0.000327753 0.0109977 0.000425225 0.00196766 0.00556364 0.000378228 9.28925e-07 5.54218e-05 5.30238e-05 4.30842e-07 0.000581166 8.17636e-07 0.002433 0.0317011 0.00194174 0.000399704 
0.0320525 2.68611e-05 0.146548 2.04637e-05 0.0148208 1.239e-09 0.580542 0.147772 0.000271418 0.0186594 0.0251453 0.022434 0.00709993 7.08974e-09 1.11709e-07 0.000128714 3.30224e-05 0.000632972 0.000147844 0.000379894 2.31766e-06 0.00154426 0.000285662 0.00145322 
0.0227394 1.93654e-05 0.17853 1.47915e-05 0.0537168 7.26715e-05 0.40141 0.0837746 0.00125531 0.0745655 0.0463536 0.0316362 0.0124641 0.000144553 3.73289e-07 0.00453589 1.25034e-06 0.004843 0.00785948 0.0059749 0.000216204 0.0186596 0.0133007 0.0379113 
0.0575023 0.00320639 0.0259767 0.00249179 0.0807003 0.000303511 0.185478 0.0619745 0.0288828 0.0119399 0.0942302 0.0972719 0.0963521 7.44158e-06 6.92148e-06 0.00145655 0.0010679 0.0145122 0.00142743 0.00550015 0.00494235 0.0522773 0.13673 0.0357605 
0.0785407 0.0294768 0.0160713 0.00561832 0.130826 4.03687e-05 0.499325 0.0235657 0.00614491 0.00475292 0.0217406 0.0546315 0.0637522 0.000339252 4.0575e-06 0.00329443 0.0037916 0.00167905 0.00356749 4.01558e-05 0.00590658 0.0329161 0.00155602 0.0124192 
0.0187917 0.000258597 0.0899469 2.27809e-06 0.0422405 4.21203e-07 0.273248 0.185124 0.0117536 0.00825316 0.0535773 0.0927498 0.108531 2.35869e-06 1.2415e-06 0.0573917 0.00162395 0.000296004 0.00221749 0.00244606 0.000714607 0.0312391 0.010907 0.00868265 
0.0264326 0.000502304 0.065874 0.0293129 0.0929315 0.00015209 0.275932 0.0856237 0.00515274 0.0195193 0.0474043 0.0776053 0.0355227 0.000391374 0.00104354 0.00243354 0.00257951 0.00194734 0.192128 0.00420247 0.000393497 0.0210295 0.00390781 0.00797793 
0.00287113 0.0013247 0.0137124 7.55889e-07 0.0744026 2.56156e-05 0.77279 0.0402845 0.000583189 0.00115618 0.0280335 0.0323431 0.0173188 0.000298581 6.60923e-10 8.18635e-05 2.12873e-07 7.49652e-07 0.00188219 0.000136169 4.10461e-07 0.0053302 0.00214414 0.00527909 
0.00223685 2.98293e-07 0.00638633 5.1143e-07 0.0030853 1.86055e-05 0.616936 0.0442986 0.00372759 0.00108407 0.244499 0.0238583 0.026485 1.00336e-10 7.28342e-07 0.00424173 1.93071e-06 6.60845e-08 0.0227518 1.8828e-06 4.64479e-08 0.000381017 6.28325e-07 3.95855e-06 
0.0151931 1.50865e-09 0.00656681 0.316398 0.010748 1.96644e-06 0.382453 0.0768519 1.14862e-09 2.84072e-05 0.00989012 0.0029028 0.145662 2.30781e-09 3.23477e-05 0.0043439 4.77748e-06 0.000402337 1.43166e-05 1.53939e-06 8.96991e-06 0.0270376 0.000929009 0.000529476 
0.018169 6.12395e-07 0.0225079 3.92869e-05 0.00130527 6.31353e-07 0.417931 0.0467419 6.36591e-09 0.0747878 0.00703116 0.123857 0.00662506 0.000743029 2.46068e-05 1.6236e-06 1.61962e-08 0.191998 0.000722864 7.87163e-07 9.27866e-09 0.0321877 0.0474169 0.00790745 
0.0145009 0.0032479 0.000150985 5.29868e-07 0.000837769 1.53909e-05 0.843271 0.00895808 4.49935e-07 0.0180126 0.00355017 0.0036891 0.00760725 9.04012e-07 0.000581578 0.000426074 1.14473e-06 0.00124416 3.94547e-05 4.89029e-07 0.000183733 0.0935978 8.09576e-05 1.56157e-06 
0.0166437 0.00163115 0.0133168 0.000193464 0.071248 0.00265043 0.247704 0.110182 0.0331132 0.00593907 0.229925 0.102605 0.0734482 1.20629e-05 0.000363197 0.00523416 8.40956e-05 0.00651057 0.011602 0.00303442 0.0100603 0.0147433 0.0257405 0.0140154 
0.00188081 0.000529709 0.0294912 0.000179484 0.017657 0.00188897 0.471245 0.0708376 1.66982e-08 0.000397976 0.256661 0.0437624 0.0781192 8.00071e-10 7.78152e-06 0.00126207 4.541e-05 0.000116901 0.00398268 0.00025757 2.61543e-06 0.0111613 0.00131438 0.00919876 
0.109348 0.000160572 0.186702 0.000275165 0.0594763 0.00348851 0.497855 0.0564789 0.000379136 0.00620177 0.0193995 0.0150896 0.00137717 1.98645e-07 1.32768e-05 6.99039e-05 0.00085868 0.00458966 0.000185829 0.000828534 0.000660002 0.0224151 0.0111719 0.00297417 
0.00598408 1.98791e-11 0.000937169 0.000462743 0.216526 6.91124e-06 0.457921 0.0284377 8.75585e-05 0.00154202 0.0760285 0.0155056 0.132262 3.70002e-08 4.16927e-05 0.00899711 5.03219e-05 0.00072957 0.00139101 1.06197e-05 1.00905e-05 0.0150129 0.0132911 0.0247642 
0.0144441 0.00127082 0.0456244 0.00610671 0.0649545 1.57986e-05 0.23343 0.0354633 0.00510995 0.000416736 0.0886567 0.216262 0.0765195 0.00110762 4.43418e-06 0.0616981 0.00292025 0.00148695 0.0175812 0.00196876 0.00432415 0.0482869 0.0660314 0.00631577 
0.00500965 2.65867e-05 0.0204076 0.000192102 0.00610044 0.00149678 0.407759 0.273698 1.31496e-05 0.00703237 0.0206313 0.08003 0.0918688 1.99219e-08 5.871e-06 0.000214033 0.0101073 0.00304224 0.00055273 1.33311e-06 3.52402e-06 0.0631911 0.000370183 0.00824653 
8.49335e-07 3.47478e-08 2.62117e-06 3.11554e-08 0.00385563 3.5547e-06 0.995997 4.35223e-07 1.61974e-06 4.06865e-07 1.39318e-06 6.17284e-06 9.46546e-05 5.31544e-08 9.88745e-06 1.6733e-05 6.7308e-08 1.51516e-08 1.21676e-06 2.87541e-08 3.85602e-08 2.97575e-06 3.7358e-06 1.32649e-06 
0.00129089 0.0013477 0.00873099 0.00115187 0.00729339 1.49334e-06 0.315638 0.083438 0.00331963 0.00123632 0.246712 0.199818 0.0428959 3.24975e-05 2.34524e-07 0.00180734 1.66824e-05 0.00150563 0.0231755 0.000391798 2.05779e-08 0.0019162 0.0314426 0.0268377 
0.0559288 0.00168057 0.022163 0.00401359 0.0357322 2.86818e-05 0.3328 0.0642277 0.000148683 0.256954 0.0277857 0.023544 0.0618591 0.00693959 1.75308e-06 3.11491e-05 0.0029608 0.00151685 0.0125896 0.0137745 0.0134477 0.0407714 0.0152717 0.00582896 
0.00634152 2.54355e-05 0.0290148 1.96794e-08 0.069517 5.86761e-09 0.52052 0.224268 2.98203e-07 0.0100091 0.0122304 0.0310216 0.0495966 3.13941e-06 3.07073e-06 0.000123675 4.25154e-08 0.0109126 7.76848e-07 0.000921946 9.1243e-05 0.033278 0.000999398 0.001121 
0.00194102 0.00010605 0.0200285 0.00096455 0.000948655 5.38798e-06 0.667065 0.0159268 0.00371366 0.0055126 0.126552 0.078637 0.0708081 1.60886e-07 9.8878e-08 1.83522e-08 4.68129e-05 3.74731e-05 6.67759e-08 1.07858e-05 3.16013e-05 0.00748269 7.7067e-05 0.00010328 
0.000244454 0.00136305 0.0335858 0.00477042 0.0931652 3.9433e-05 0.439902 0.0222865 0.0992404 0.000238231 0.0412183 0.183746 0.0263417 1.50978e-08 1.46401e-06 0.014642 0.0236838 0.00268006 0.00193807 0.00370628 0.00204535 0.00178565 5.70354e-05 0.00331875 
0.0241995 0.0041845 0.00469554 0.0435595 0.00205189 0.00673503 0.300759 0.119447 1.8192e-05 0.0148006 0.242586 0.0777475 0.0840755 0.000118017 1.82706e-05 0.003325 7.51652e-06 5.43735e-05 8.89329e-05 0.00205301 0.000221086 0.0338866 0.00356775 0.0317989 
0.00374329 4.37495e-05 0.0488881 0.000542409 0.0662876 0.0922765 0.684228 0.0310928 0.0029142 0.00370444 0.00538692 0.00894514 0.00880222 8.25077e-06 0.000110189 0.00364125 3.24921e-05 0.000779765 0.0205128 8.65272e-06 0.00166364 0.00387235 1.93069e-05 0.0124955 
0.00114809 0.000541498 0.218436 0.00814814 0.071126 8.06652e-07 0.272923 0.0249012 0.149343 1.87449e-06 0.0177675 0.0771692 0.0531983 8.47515e-09 5.20869e-09 0.000456539 0.00195869 0.00397437 0.00851938 0.000304755 0.000166317 0.0878983 0.000976356 0.00104062 
0.00305503 0.000541755 0.00614857 0.000700894 0.198063 4.57385e-05 0.338802 0.0873942 0.00444588 0.00111938 0.00452593 0.0189504 0.0477135 2.04338e-07 1.16483e-06 0.00188752 3.51828e-05 9.59647e-05 0.274245 2.80857e-06 0.00092094 0.010015 0.000438623 0.000851063 
0.057238 0.000316045 0.0084831 0.000154653 0.0643247 1.8849e-05 0.47371 0.137799 0.00525819 0.00738426 0.0791444 0.0845325 0.0233961 3.7325e-10 5.67397e-06 0.00568562 0.000251603 0.015017 0.000280968 0.000198673 0.000483403 0.0100026 0.00218862 0.0241261 
0.138667 0.000775643 0.147256 0.000568115 0.0630354 0.00144362 0.414266 0.0383381 0.0437371 0.00987393 0.0276424 0.0248607 0.0367378 2.37708e-05 1.89369e-05 0.00102948 0.000120676 0.00742108 0.00167921 0.00198373 0.00426591 0.0241353 0.00445761 0.00766182 
0.00169102 4.989e-08 0.132652 5.54502e-06 0.0826902 2.70548e-06 0.595873 0.00694821 0.00153263 0.000111877 0.146541 0.00118084 0.00806047 2.69247e-05 1.66991e-06 9.46637e-06 9.6639e-08 9.93315e-06 3.92655e-06 0.000127817 4.50669e-06 0.0206157 0.00190454 6.11187e-06 
0.00972422 0.00068665 0.129822 0.000161391 0.00452396 9.08797e-09 0.227417 0.107381 0.000810067 0.00684274 0.149467 0.152572 0.00959572 2.89374e-08 6.50742e-11 3.91084e-05 2.90343e-05 0.003341 0.000677263 0.000943126 0.000170344 0.00413671 0.182165 0.00949374 
0.112313 1.88847e-05 0.0269319 0.000422561 0.221809 4.82247e-06 0.355114 0.135896 0.000111309 0.00405867 0.0156804 0.0656128 0.00963245 3.23939e-05 6.43516e-06 7.95356e-06 8.61664e-05 0.000171515 0.00470166 7.13463e-06 0.0053385 0.002952 0.0390249 6.66337e-05 
0.055902 4.0534e-05 0.186087 0.000752045 0.0474864 2.65401e-05 0.208556 0.0673967 0.00178868 0.0104504 0.094172 0.0719502 0.138935 2.5527e-10 0.000185266 0.00233084 4.17786e-05 0.00442556 0.0289439 0.000722268 0.00165977 0.0369378 0.00445464 0.0367545 
0.00769205 3.06853e-05 0.0307187 0.0010933 0.0088564 2.48164e-05 0.6787 0.0687975 0.000642359 0.00466136 0.0239968 0.132143 0.00646208 0.00118819 4.62949e-06 0.000639001 0.000505161 0.00371675 0.00260156 3.76122e-05 0.000256829 0.0218746 0.00283077 0.00252574 
0.0268031 0.000747764 0.224651 8.01507e-05 0.0351399 1.07201e-05 0.314395 0.0819724 0.000889487 0.0150366 0.0379184 0.0957515 0.0098993 3.29539e-06 7.28741e-06 0.000110606 0.000148134 0.0195347 0.0526036 0.000323476 0.000102257 0.019146 0.0313702 0.0333545 
0.0151931 1.50865e-09 0.00656681 0.316398 0.010748 1.96644e-06 0.382453 0.0768519 1.14862e-09 2.84072e-05 0.00989012 0.0029028 0.145662 2.30781e-09 3.23477e-05 0.0043439 4.77748e-06 0.000402337 1.43166e-05 1.53939e-06 8.96991e-06 0.0270376 0.000929009 0.000529476 
0.000342784 5.50139e-10 0.00790035 5.1442e-06 0.00034876 1.17934e-06 0.975889 0.00313908 7.26901e-06 0.00598415 4.12917e-05 0.000330463 0.000734301 8.41559e-10 9.86103e-07 9.59959e-11 4.1116e-05 7.10548e-06 4.233e-05 4.55245e-10 2.16167e-05 0.00479662 0.000363318 2.79225e-06 
0.018169 6.12395e-07 0.0225079 3.92869e-05 0.00130527 6.31353e-07 0.417931 0.0467419 6.36591e-09 0.0747878 0.00703116 0.123857 0.00662506 0.000743029 2.46068e-05 1.6236e-06 1.61962e-08 0.191998 0.000722864 7.87163e-07 9.27866e-09 0.0321877 0.0474169 0.00790745 
0.00559283 0.000940575 0.00784524 5.76437e-07 0.323303 0.000246775 0.394259 0.000170454 0.150574 0.00330908 0.0153353 0.0341529 0.0109415 1.65595e-06 2.7903e-09 0.000373192 0.00139424 0.000168911 0.00172113 0.000183907 0.030485 0.0189614 2.65326e-06 3.73968e-05 
0.158322 0.000653129 0.0918255 0.000265392 0.0628132 0.00270269 0.226449 0.0714491 0.0710283 0.00856868 0.028503 0.147058 0.105055 2.50132e-10 0.000340435 5.3479e-05 8.25165e-05 9.41019e-05 0.00177654 0.000398186 1.60292e-05 0.0054071 0.00136956 0.0157688 
0.0472419 0.0025397 0.0590148 0.00274068 0.0497263 0.00058961 0.314504 0.0999063 0.0302631 0.021819 0.0198731 0.0757331 0.0670024 0.00744352 0.0131489 0.00476222 0.000209374 0.030081 0.0183909 0.00614156 0.00789924 0.111251 0.0012375 0.00848024 
0.000123556 2.50692e-06 0.0311057 0.000122361 0.00554371 4.3695e-06 0.433196 0.00584489 0.000114661 8.37552e-06 0.0571039 0.00026431 2.2546e-05 0.407729 2.32843e-05 0.000100227 1.43418e-06 5.61686e-05 5.14337e-06 8.56321e-07 0.000453663 0.0358757 0.0221687 0.00012845 
0.000151302 8.81388e-06 1.81962e-06 7.90264e-06 0.00138883 2.35625e-06 0.350093 0.00518012 0.00200506 3.45766e-06 0.000140279 0.222896 0.000124884 1.34828e-05 8.28629e-06 4.85656e-05 1.70729e-05 0.00020406 5.59603e-06 0.000122934 9.7809e-06 0.327183 0.0901689 0.000214417 
0.00447657 1.61086e-05 0.0476732 0.000372659 0.0108249 0.00695625 0.659066 0.00939098 0.00531798 0.0134828 0.0246401 0.0827603 0.00525658 0.00959577 0.000139713 0.00521772 9.15489e-05 0.000118145 0.0152023 0.0421909 1.58399e-06 0.0507705 0.000883932 0.00555348 
0.000684468 0.000167731 0.0898313 0.00210824 0.0489637 0.000443279 0.303604 0.196132 0.000132045 0.000397972 0.169197 0.000109559 0.00449939 5.31734e-07 3.26795e-07 0.00193699 5.19437e-06 0.000162708 0.00074275 0.00264639 4.22543e-06 0.0373288 0.00660881 0.134293 
0.0181447 0.000460584 0.0173098 0.0024224 0.0727143 0.00429864 0.454956 0.0548973 0.00519846 0.0206867 0.0676213 0.0434325 0.093581 8.01342e-05 0.00464108 0.0133941 0.000245488 0.00104232 0.0155443 0.00230075 0.000221716 0.0824275 0.00235643 0.0220228 
0.0255377 0.000823605 0.315152 9.05862e-05 0.0054164 0.000795743 0.389546 0.0965646 0.000272185 0.0104454 0.0582072 0.0412943 0.01418 8.06938e-07 1.43563e-05 0.00421518 0.000161726 0.00388036 0.00191824 0.000256788 0.00135685 0.0111098 0.0157472 0.00301235 
0.0166358 0.00314387 0.0246944 0.00177161 0.0789104 2.1005e-05 0.578187 0.0276383 0.00780778 0.00501151 0.0464371 0.0921788 0.0717007 0.011566 1.58651e-05 0.00574716 0.00047916 0.00192089 0.00459976 0.000275214 0.0031375 0.0113585 0.000781021 0.00598109 
0.0744647 0.00763949 0.0648822 0.00113489 0.120306 0.000188809 0.225979 0.20039 0.00765738 0.0208878 0.025962 0.0611514 0.0706262 0.00174802 4.3307e-06 0.01747 8.38657e-05 0.010152 0.00360567 1.74351e-05 0.0245726 0.0456064 0.00999764 0.00547168 
0.00241091 3.5481e-05 0.00209382 4.13124e-11 0.0133153 1.45649e-08 0.696981 0.0782801 0.00204317 1.28148e-07 0.104007 0.0816814 0.0154437 7.04834e-11 2.6795e-08 7.86422e-05 2.53775e-05 9.94625e-06 0.000440334 0.000590156 5.75395e-06 0.000122835 0.00243479 4.75414e-08 
0.00990999 0.000241348 0.00688959 0.00115652 0.052672 0.00168764 0.75241 0.00827157 0.00294986 0.00208725 0.000898439 0.0410007 0.0620046 0.000565332 3.74097e-08 0.000962315 9.29143e-06 0.0116023 0.0045074 3.90358e-08 0.00289142 0.0349619 0.000368819 0.00195167 
0.0282809 9.60079e-05 0.155752 0.000218889 0.189125 0.000571366 0.381713 0.0799997 0.00627133 0.00860043 0.0368571 0.0255518 0.00926035 6.84943e-07 8.18566e-05 0.00956818 9.96558e-05 0.0100897 0.0151294 0.000535187 0.000790568 0.00438393 0.00213045 0.0348931 
0.0302465 6.76045e-08 0.0112762 9.81014e-06 0.00951721 8.80573e-06 0.363074 0.138739 0.00356293 0.00707157 0.150606 0.0423195 0.204996 1.11136e-10 2.84751e-07 0.00206194 6.51303e-08 1.49896e-08 0.00910068 0.000288225 1.0582e-08 0.000199568 0.000909856 0.0260111 
0.047754 0.000580826 0.019072 0.000274676 0.0124154 9.29857e-07 0.421288 0.0485319 0.0764264 0.00484043 0.0287006 0.0364386 0.295772 5.12286e-08 4.04649e-07 0.00405666 0.000392167 0.000670357 0.00103682 4.39233e-06 5.15189e-05 0.000155893 2.96239e-05 0.00150572 
0.00175868 0.00601907 0.0309073 7.84391e-06 0.0198458 3.34868e-06 0.756268 0.025671 0.000127226 0.044388 0.000814028 0.0698924 0.00383211 1.46297e-07 5.72374e-07 0.00499445 3.31803e-06 9.97716e-06 0.00135769 0.00047732 0.000306888 0.0255368 0.00730065 0.000477617 
0.00826444 3.30609e-05 0.0925396 0.000349019 0.0550132 1.48158e-05 0.726067 0.0215234 0.0052337 0.0107174 0.0129246 0.0187748 0.0245537 7.47961e-07 1.83023e-05 0.000829704 4.27652e-05 0.000149035 0.0042128 9.60597e-05 0.000838423 0.011886 0.000932714 0.00498515 
0.015134 6.76168e-05 0.0307708 0.000125855 0.00290315 0.000881886 0.335298 0.202576 2.09452e-06 0.00715417 0.113523 0.171244 0.0450173 3.37041e-11 3.10881e-05 0.0360204 6.8227e-09 0.00682884 4.62002e-05 5.33057e-05 2.0588e-08 0.0202551 0.0114015 0.000666197 
0.0266584 0.0016447 0.00771852 0.00340436 0.0203826 4.57437e-05 0.17387 0.0445451 0.00299124 0.00692158 0.130857 0.114791 0.121846 0.000161023 3.18093e-05 0.0891804 5.26328e-05 0.0268173 0.00687176 0.000150912 0.000660996 0.16535 0.00284265 0.0522039 
0.027464 0.0011846 0.117944 3.2478e-08 0.0308064 1.31009e-07 0.415425 0.144144 0.000991186 0.0275816 0.122683 0.0653986 0.0209172 2.56728e-06 2.84426e-08 6.8071e-08 2.92995e-05 0.00794921 0.000486527 1.05878e-05 2.68192e-05 0.0133974 0.00149313 0.00206323 
0.0115321 8.16317e-05 0.0148037 0.000310595 0.00769683 0.0270356 0.464807 0.0900308 7.07875e-13 0.00200467 0.213554 0.0595803 0.027925 1.42227e-12 6.06637e-08 0.00279324 2.50354e-08 9.36552e-09 0.0269293 1.25949e-07 1.79538e-08 0.0437118 0.00473216 0.00247098 
0.0231285 0.00541973 0.103127 0.000339406 0.059881 0.00448703 0.213608 0.143625 0.00133901 0.0249971 0.120741 0.131565 0.0461147 0.00159049 1.96658e-05 0.00162692 0.000178086 0.000589263 0.0144432 8.37943e-05 0.000481196 0.0675835 0.00243341 0.032598 
0.0668908 9.73114e-05 0.126805 4.76656e-05 0.127479 3.71852e-07 0.354995 0.00436655 0.116723 0.0152359 0.0676516 0.0117819 0.0728499 1.00668e-06 3.50011e-10 2.28303e-07 0.00108638 0.0116246 7.55392e-07 4.91148e-05 0.00143564 0.0192419 0.00163246 4.82221e-06 
0.0318442 0.0107802 0.0358415 0.0159079 0.0502674 6.80768e-05 0.70907 0.0306727 0.00113634 0.00326262 0.0106781 0.020472 0.00803851 0.000140246 4.65661e-06 0.00254357 0.00021462 0.00027195 0.0264377 0.000477291 0.00292233 0.00814727 0.00245961 0.0283417 
0.0196824 3.86161e-11 0.0102077 3.46237e-11 0.00458659 1.38091e-08 0.377352 0.208064 0.00355939 0.00317994 0.04007 0.0110702 0.175538 5.90718e-11 2.89079e-09 0.00237254 7.4801e-11 1.68383e-11 0.144219 2.54447e-09 4.28529e-11 9.69509e-05 8.71668e-09 1.0432e-06 
0.0729314 0.000630456 0.067185 0.000197156 0.0207331 0.000961764 0.195563 0.118926 0.020746 0.00174062 0.110974 0.134164 0.116884 5.67367e-05 0.0157399 0.0252743 0.00110501 0.0119416 0.00251451 0.0120861 5.72022e-05 0.0460995 0.00889774 0.0145905 
0.000785973 0.000251872 0.00159511 9.31736e-05 0.0197421 0.000118016 0.74609 0.0152019 0.0010988 9.11971e-05 0.172044 0.00973545 0.0209703 1.6196e-06 3.73371e-05 0.000365249 9.82134e-05 5.62776e-05 0.00118833 2.15706e-05 2.50052e-05 0.000215099 0.000676182 0.00949772 
0.00794602 0.000192308 0.133006 0.000171084 0.0336924 0.000129035 0.217927 0.0737725 0.0149508 0.0357705 0.0837463 0.0562371 0.0472053 0.000107783 0.0110021 4.86419e-05 0.000126449 0.00294662 0.00408419 5.59483e-05 0.0997219 0.165455 0.00886205 0.00284362 
0.00118331 0.00151984 0.0610756 1.60958e-05 0.0518633 0.000201497 0.366741 0.140162 0.00198312 0.00671995 0.0256507 0.0877686 0.00310555 0.00063684 4.18745e-06 3.34355e-07 0.000290931 0.12611 0.00938438 0.000356574 0.00806336 0.0742376 0.0321148 0.000810874 
0.00443409 2.65928e-07 0.0113091 0.000316605 0.00125314 7.48939e-06 0.693979 0.0200539 0.0014924 0.0059646 0.173333 0.0222166 0.0105948 2.85104e-10 3.15752e-07 0.00196878 9.14915e-07 1.2705e-05 0.0469624 8.11856e-07 4.15302e-08 0.00125859 0.000442397 0.00439777 
