0.102276 5.32096e-05 0.00894774 0.000512337 0.00403458 7.98213e-07 0.00103921 0.355943 4.39814e-08 0.00775795 0.0357756 0.0606794 0.28381 2.47616e-11 1.68785e-08 0.015991 0.000927516 0.0031427 0.000965737 0.0157979 3.78164e-05 0.069373 0.0292961 0.00363825 
0.0549264 0.000384804 0.07533 0.05396 0.0778956 5.84261e-05 0.00684219 0.26 0.000409498 0.0245441 0.0992013 0.0682457 0.0236704 3.42101e-06 2.44429e-06 0.00472016 3.63147e-05 0.0476804 0.00436383 0.000160646 0.00111889 0.0464557 0.0114776 0.138513 
0.00726572 0.000511564 0.00554781 0.00377772 0.0425901 0.00990229 0.00502546 0.618505 6.98007e-05 0.00160346 0.129372 0.113053 0.0128301 1.11373e-10 2.34206e-07 0.00509688 0.00886078 0.00152883 0.00289039 0.00314661 2.58354e-06 0.000653751 0.000367106 0.027399 
0.00861145 0.00061329 0.0238617 0.00125278 0.036314 7.9805e-05 0.00290665 0.321271 8.08062e-06 0.054384 0.0161244 0.108787 0.0435632 1.31301e-08 7.99122e-06 7.78461e-05 0.000186142 0.00390202 0.00013385 2.89905e-05 0.000734881 0.11916 0.0141128 0.243879 
9.87246e-06 1.41991e-06 1.12558e-05 4.26208e-07 0.345894 3.29567e-07 0.000816508 0.653182 3.74736e-06 1.20472e-09 3.03247e-06 2.12112e-06 3.34636e-05 4.69765e-09 2.8871e-09 5.35858e-10 1.08574e-05 1.33906e-09 1.7092e-05 2.54122e-09 3.33921e-06 2.54318e-06 5.41355e-06 2.86401e-06 
0.0161574 0.00037708 0.00253595 9.19116e-05 0.00153258 3.46807e-06 8.09735e-05 0.400385 5.61492e-08 8.0126e-05 0.239064 0.124141 0.172185 1.51204e-11 2.04646e-08 0.000595197 7.67704e-07 0.000597224 0.000784617 0.000418953 0.000749566 0.0313518 0.00856822 0.000298585 
0.08624 0.000185788 0.0393178 3.79922e-05 0.0259259 0.000196697 0.00544934 0.406123 0.00918789 0.00619574 0.185084 0.0336593 0.0756366 9.98364e-08 0.0214198 0.00108729 9.87084e-05 0.0037013 0.00225418 0.000162831 0.00131275 0.00107296 8.94795e-05 0.0955609 
0.009566 0.000122958 0.0509332 0.00130288 0.0314745 6.84195e-06 0.002664 0.410418 6.01125e-05 0.000863228 0.294581 0.0226848 0.00697391 1.86654e-08 2.50226e-11 3.23707e-06 3.19713e-06 0.00318016 0.000115591 0.000774655 0.000294154 0.000233957 0.0465589 0.117185 
0.0232501 0.00322416 0.135773 0.0022591 0.0718668 0.00143876 0.00362445 0.350728 0.00287368 0.0416166 0.0727888 0.0496766 0.110275 0.000549974 3.67446e-05 0.0083418 0.000341173 0.00785051 0.0211648 0.000861213 0.00273525 0.0396159 0.00711924 0.0419889 
0.0198666 5.05617e-05 0.0885183 0.000804593 0.0540467 0.000105761 0.0165237 0.577165 0.00136852 0.0437089 0.0684418 0.0194125 0.0497982 2.17974e-07 6.39875e-07 0.00355334 5.60076e-06 0.00229984 0.009761 0.000195232 0.000288256 0.0148149 0.00301498 0.0262551 
0.0367248 0.00155372 0.159922 0.000692923 0.0809129 1.91387e-05 0.00770527 0.293717 0.00124604 0.0332932 0.0914988 0.0376116 0.181542 0.000210378 6.78193e-06 0.0180234 5.76123e-05 0.00099679 0.0217108 0.0061914 0.00119958 0.013556 0.00544027 0.00616765 
0.0196431 0.00107136 0.0185129 0.00018831 0.0229998 1.43298e-05 0.000456089 0.382732 0.00701079 0.0967625 0.0328411 0.0890762 0.203159 0.0129955 5.37321e-05 0.000905937 0.00574254 0.00264458 0.0147143 0.00288467 0.000389827 0.0280105 0.009325 0.0478658 
0.0138749 0.00590567 0.0778539 0.00447954 0.0697891 1.66858e-05 0.00115832 0.208754 0.0030806 0.0216411 0.11325 0.0691895 0.104248 1.93139e-06 1.93727e-06 0.00679118 0.000630106 0.00132764 0.0869169 0.00226072 0.000344504 0.196299 0.0073376 0.00484743 
0.025356 0.00141837 0.0565041 0.000103005 0.0466782 8.57733e-05 0.00398763 0.298936 0.000142347 0.0474689 0.0986827 0.0708798 0.188852 0.000186927 5.42949e-07 0.00312579 0.000689233 0.0588468 0.00183758 1.86155e-06 0.00158976 0.0216879 0.0440391 0.0288987 
0.0438758 0.000703407 0.00383455 2.73894e-05 0.0430334 1.11406e-05 0.00306695 0.324281 7.31694e-08 0.000294178 0.173292 0.030336 0.196214 1.11426e-10 6.50087e-08 0.0233559 6.63395e-09 0.000143453 4.06337e-08 0.0187356 0.000373419 0.0918308 0.0174909 0.0291001 
0.0236114 2.37065e-05 0.081322 5.11006e-05 0.0197658 2.59595e-05 0.090936 0.436184 0.000283872 0.00422398 0.138183 0.087912 0.0719417 2.13951e-07 8.01835e-09 4.17655e-05 1.74229e-11 0.000700209 5.20004e-05 0.000607877 7.48615e-05 0.0280629 0.0144781 0.00151758 
0.0260172 0.000206226 0.0623429 0.0628131 0.0650314 1.91423e-05 0.0941175 0.201615 1.85553e-06 0.038527 0.0272417 0.159854 0.0233626 1.38866e-09 1.19999e-06 0.00560228 4.63079e-05 0.000553121 0.0138051 0.00216027 0.000133901 0.133884 0.00310666 0.0795575 
0.190177 0.000160324 0.0224569 0.000178587 0.0178964 0.00602353 0.00395231 0.410847 8.15385e-05 0.155166 0.019115 0.0176907 0.135351 6.71818e-06 3.71557e-06 0.0023867 8.41332e-06 0.00278174 0.000759875 6.38133e-05 0.000646696 0.00503761 0.00223265 0.00697543 
0.00832015 4.35943e-06 0.047738 2.50038e-05 0.00517034 3.05279e-10 0.00134634 0.680815 0.00322343 0.00322141 0.000844012 0.129406 0.113462 2.17465e-07 8.24244e-08 0.00390764 1.00217e-05 8.74068e-06 0.000181893 3.19092e-08 6.13415e-05 0.00184955 0.000108537 0.000295626 
0.044128 0.00196604 0.160281 0.000977874 0.038697 2.17207e-05 0.110266 0.179411 8.45937e-05 0.0232283 0.104581 0.0847872 0.0967233 1.77971e-07 1.81565e-05 0.0600602 0.000110147 0.0243376 0.0100639 0.011553 9.03801e-06 0.0406056 0.00515299 0.00293625 
0.000966388 4.51562e-08 0.004568 1.78555e-07 0.00293873 1.5463e-11 0.000806288 0.912436 4.40379e-11 0.00152547 4.25477e-05 0.0110673 0.0620759 2.64072e-08 1.25295e-07 1.16044e-05 0.000334393 1.86049e-05 0.00048989 6.00162e-05 0.000406902 0.000331135 0.000321012 0.00159939 
0.0325266 0.000890217 0.169531 0.00117876 0.0333619 0.000883095 0.0705732 0.225033 0.00248029 0.024145 0.127193 0.0893758 0.0971323 4.57564e-06 0.000185765 0.0172843 0.000103607 0.00460439 0.0127155 0.00172857 0.000926785 0.0294173 0.00676019 0.0519643 
0.00315027 0.130454 0.0150863 0.0248451 0.00497904 7.4653e-05 0.0274389 0.291313 0.00259444 0.00309171 0.0201518 0.171037 0.0450227 7.44466e-07 7.59567e-06 0.131858 2.31867e-05 0.00257128 0.00174813 0.0127867 0.000130378 0.0416983 0.00016432 0.0697728 
0.0648817 1.28882e-06 0.0901614 0.000537076 0.000362822 8.98994e-06 0.00665365 0.661919 8.78258e-07 0.10549 0.010779 0.0037049 0.0490543 5.67595e-09 3.9518e-08 9.20401e-08 1.2714e-05 2.73684e-05 0.000829842 7.11333e-07 7.10084e-07 0.005464 4.53219e-06 0.000104239 
0.0268605 0.000510557 0.0298322 0.000866808 0.0380927 0.000545571 0.00738452 0.290371 0.00251453 0.0111016 0.174318 0.0453125 0.281873 0.000537845 8.20853e-05 0.0107331 0.000888742 0.00396707 0.0147357 0.000487399 0.00141932 0.027162 0.0124059 0.0179979 
0.0214233 1.92623e-07 0.18076 3.30251e-07 0.135728 4.57563e-08 0.0430703 0.405051 0.00462805 0.00658797 0.0332352 0.0398621 0.0436695 1.44927e-08 2.85869e-08 0.00125087 1.8542e-07 4.26755e-08 0.0140568 4.58179e-05 3.00001e-08 0.0147621 0.00122674 0.0546411 
0.0105035 9.96391e-05 0.0192172 0.00066552 0.0448414 5.12527e-08 0.000580408 0.529827 0.00511874 0.00617073 0.167809 0.0281769 0.135485 0.0001633 3.32042e-06 0.000646601 3.67616e-05 0.000245066 0.00912332 1.15227e-06 7.92968e-05 0.0367546 0.00394133 0.000509506 
0.114352 1.22848e-06 0.136924 0.00028935 0.0146019 2.37722e-06 0.000188478 0.48845 0.000119513 0.06983 0.000656167 0.00282499 0.0942139 5.73835e-09 4.47778e-06 0.0196826 1.64816e-05 0.000141611 0.0545191 0.000198328 4.5569e-05 0.00235405 0.000328135 0.000256094 
0.0473954 0.0001107 0.0822065 0.00159824 0.0306577 7.63228e-06 0.0578015 0.327906 1.83929e-08 0.0202848 0.208555 0.05292 0.0568203 1.5299e-07 1.47298e-07 0.000250228 4.37297e-12 4.96144e-08 0.0549935 3.05817e-07 1.12488e-07 0.0577635 2.83701e-07 0.000728112 
0.0919101 0.0019054 0.0573172 0.000333539 0.106407 0.00133009 0.0140157 0.479239 0.00100607 0.0117298 0.0515087 0.0245342 0.0993354 8.12227e-05 0.000134316 0.0119747 9.31665e-05 0.00292689 0.00328785 0.00562026 0.00293291 0.0242919 0.000752243 0.007333 
0.0318345 0.000381546 0.0818492 0.000176509 0.025554 4.02333e-05 0.0154638 0.557052 0.000426414 0.00324133 0.0254864 0.0459522 0.0210874 1.37932e-07 9.57042e-07 0.000918874 4.7194e-06 0.00146689 0.00252044 0.000210998 0.00333509 0.00162686 0.107523 0.0738465 
0.132469 0.000243597 0.0517165 5.32677e-05 0.0579288 0.0127092 0.000289854 0.345856 0.000747961 0.00303891 0.17937 0.021747 0.151235 4.50903e-06 0.000105915 0.000683752 3.58778e-07 0.0305615 0.00101964 3.33825e-06 0.0047436 0.00327702 4.99419e-07 0.0021945 
0.048126 0.0143779 0.0387778 0.00364522 0.0657705 0.00317639 0.00626082 0.270979 0.00489991 0.00529003 0.152385 0.0441499 0.194532 1.19982e-05 2.60972e-05 0.00848324 0.000712508 0.0107352 0.00432583 0.00325388 0.00131251 0.0148325 0.00454546 0.0993895 
0.0541268 0.0176891 0.0141895 0.00127789 0.0512333 6.42364e-05 0.000889873 0.221088 0.00290339 0.00585132 0.195966 0.0971676 0.125235 7.03593e-06 0.00304745 0.0569551 0.000101337 0.0083083 0.00767391 0.000187915 0.00399641 0.122474 0.0046917 0.00487478 
0.0261877 0.00919098 0.0488345 0.00170499 0.0329619 6.23901e-05 0.0043019 0.237212 0.00157766 0.0140706 0.10699 0.110232 0.198854 0.00036881 5.36756e-06 0.0140559 8.86453e-05 0.0187831 0.00590148 0.000450584 0.00146227 0.0666478 0.0733712 0.0266849 
0.0739988 0.0060345 0.0282012 0.000730278 0.0716897 0.000163419 0.000574866 0.236173 0.00170917 0.00985352 0.066342 0.0521573 0.177946 0.000846154 0.000309579 0.00836504 0.00286199 0.0274416 0.00159903 0.0001177 0.000218022 0.123159 0.00475894 0.104749 
0.0339744 0.00346905 0.080707 0.00136954 0.0983961 1.54915e-05 0.0341696 0.212616 0.00369729 0.0339243 0.139009 0.134243 0.151492 0.000201101 2.75612e-07 0.0132619 5.54702e-06 0.000493104 0.0244384 0.000811665 0.00125654 0.0195847 0.00108054 0.0117833 
0.0510582 0.00113208 0.0627317 0.000157083 0.102593 7.47033e-05 0.035606 0.345729 0.00369888 0.0332335 0.0223846 0.10646 0.0435822 0.00170616 5.10389e-06 0.00708497 0.0141734 0.01923 0.0188336 0.0273849 0.000759804 0.0606204 0.0069092 0.0348514 
0.00630094 5.21565e-05 0.00957777 0.000921798 0.00572539 1.67338e-05 9.67969e-06 0.357419 6.66298e-06 0.00104092 0.0323726 0.174127 0.0667557 5.41302e-08 0.011363 0.00530215 6.98237e-06 0.310622 1.49902e-06 0.00164599 0.000338424 0.0139799 0.000701444 0.00171173 
0.031138 3.25346e-05 0.0615094 1.34247e-05 0.0125179 3.14432e-10 0.00215485 0.760583 0.000609931 0.00766628 0.0380821 0.00275025 0.0283642 4.30574e-06 1.72991e-07 5.77297e-05 5.85008e-06 0.0197161 0.00938872 0.00655022 0.000127508 0.00679676 0.0048474 0.00708304 
0.0213745 0.000192311 0.0850108 0.00235514 0.00545422 0.0381973 0.000406502 0.635447 6.19381e-07 0.0135848 0.0384846 0.0238313 0.0909687 3.17421e-08 6.66155e-05 0.000340621 3.40805e-07 6.87713e-07 0.000653077 0.00242587 0.000533957 0.0259327 0.00107998 0.0136583 
0.0247383 3.55437e-05 0.0663574 4.66982e-08 0.0167557 5.24247e-06 0.0783409 0.492293 0.000425737 0.0039594 0.160615 0.0518979 0.0883776 1.02197e-11 8.21069e-09 1.79393e-05 1.2941e-11 0.000114867 5.74615e-06 3.22088e-05 0.000112247 0.00798941 0.0069303 0.000996045 
0.0347313 0.00282657 0.0247946 0.00112442 0.0290561 0.00139101 0.00420236 0.436783 0.00376929 0.0343748 0.0979726 0.0301582 0.202297 1.14921e-05 1.20794e-05 0.00228657 7.62446e-05 0.00700343 0.00268043 0.0018449 0.00103035 0.0651327 0.0075243 0.00891622 
0.0687982 0.00304813 0.0396058 0.00507835 0.105779 0.00408615 0.0124469 0.233314 0.00876804 0.0191492 0.101296 0.0433264 0.179228 7.1128e-05 8.2915e-05 0.0186857 0.0030359 0.011367 0.0277979 0.00152912 0.00781083 0.0441574 0.00225437 0.0592838 
0.0368899 0.000306901 0.00649012 2.69148e-05 0.0263822 2.17347e-07 0.00108646 0.686757 0.000283687 8.66301e-05 0.00224618 0.0231504 0.0276786 8.03203e-11 1.05514e-05 0.0142198 6.89574e-08 0.00492731 0.0169756 9.54081e-07 2.28372e-07 0.00124747 6.58184e-05 0.151167 
0.0246019 0.00264793 0.0305739 0.00154636 0.0395735 2.79036e-05 0.00496889 0.333263 0.00446483 0.0188658 0.196943 0.0514389 0.0750954 1.49283e-07 1.48837e-06 0.00336781 2.77327e-05 0.000492597 0.00480784 0.112617 3.59691e-05 0.0507511 0.00608422 0.0378027 
0.048697 0.00044327 0.110207 0.000967768 0.0928963 0.00274142 0.00126736 0.293455 0.000925009 0.0138941 0.0685518 0.0414242 0.196576 3.65333e-06 1.73851e-05 0.00963327 5.14763e-05 0.00179334 0.00557399 0.00248603 0.00036652 0.0780439 0.0209621 0.00902186 
0.0340285 0.00819012 0.219221 0.000413177 0.0492652 8.33104e-10 0.0137703 0.284742 5.83298e-06 0.192994 0.0171772 0.0941259 0.0278034 0.00449835 1.13379e-05 0.00874001 6.81511e-06 0.00278603 0.00305197 4.41349e-05 0.000948464 0.00127946 0.0316686 0.00522745 
0.0337304 0.00520594 0.0316195 0.00146008 0.0166144 7.59398e-05 0.0114509 0.388181 0.000473736 0.0343636 0.0510528 0.0724909 0.21731 0.00666842 8.58452e-05 0.0115318 0.00155055 0.0212203 0.00713912 5.64349e-05 0.000946418 0.0561483 0.00922621 0.0213975 
0.036029 0.00289919 0.154471 0.00022416 0.0379403 0.000227691 0.00350151 0.363328 0.00416899 0.0361435 0.0822709 0.051062 0.141928 2.00716e-06 0.000408281 0.0194399 0.000252908 0.00631799 0.00369292 0.00855578 0.00068452 0.0201287 0.00494195 0.021381 
0.0505895 0.00207723 0.0300088 0.000393384 0.0055166 4.88116e-06 0.0462532 0.432906 0.000553938 0.0113677 0.0352994 0.0818694 0.241573 8.62483e-08 1.43938e-06 0.00559035 7.32295e-05 0.00031317 0.00119854 0.00294727 6.95576e-05 0.0136641 0.0330364 0.00469266 
0.108586 2.40464e-05 0.187147 0.000451319 0.0555332 3.64592e-06 0.000974844 0.212439 0.00291651 0.00084505 0.140146 0.0683422 0.120865 1.4836e-09 1.95454e-06 0.000449756 1.03916e-07 0.0111105 0.0112537 4.47618e-05 6.33738e-07 0.0719773 0.0026277 0.00426045 
0.245725 4.47086e-08 0.0217198 1.32357e-07 0.00407737 2.77893e-12 9.4503e-08 0.383095 8.46907e-08 0.069585 2.90515e-07 0.00688812 0.25283 0.0121877 9.77274e-12 4.29903e-08 6.0608e-09 2.28452e-07 1.12792e-06 8.60192e-12 0.00196874 0.00192092 5.05847e-07 9.58711e-09 
0.0737438 0.000271143 0.0675847 0.000333051 0.0998442 0.00886028 0.00514979 0.214646 0.0137724 0.00994651 0.0294741 0.109183 0.133481 2.12269e-06 4.12124e-08 0.000191602 5.46098e-05 0.0885978 0.00921613 0.0426904 0.000271469 0.0206098 0.059769 0.0123072 
0.0514784 0.000141995 0.0955804 0.00463291 0.0219877 4.4827e-06 0.00375123 0.452372 0.00296039 0.0139625 0.0840133 0.0573367 0.14293 2.50798e-06 6.83002e-07 0.00505472 4.04484e-05 0.0039391 0.00197662 0.0212882 0.00163259 0.0076234 0.0172872 0.0100024 
0.00755863 2.99974e-05 0.0339206 0.00801633 0.00597243 5.87899e-06 0.0812477 0.430642 0.000398032 0.0102025 0.181151 0.0506434 0.0175507 8.2151e-09 5.5665e-11 0.00385758 7.78778e-06 0.00368496 0.000304908 0.000481817 1.41203e-05 0.000113965 0.0522529 0.111943 
0.0401275 9.20924e-05 0.0299619 0.000538845 0.183111 8.84844e-06 0.00139551 0.389671 0.000118272 0.029181 0.0668096 0.0353633 0.107525 6.92052e-06 1.87408e-06 0.00306151 0.00017764 0.00923888 0.00157642 5.56488e-05 3.00778e-05 0.00344866 0.00268528 0.095814 
0.0451434 0.000786213 0.0236343 0.0075168 0.0451216 5.08059e-05 0.0134266 0.382923 0.000579489 0.0077766 0.0542484 0.0736157 0.0422921 9.94863e-10 8.90638e-06 0.00867222 0.000956895 0.0148501 0.0675267 0.000157461 0.000216782 0.155236 0.00827828 0.0469811 
2.0279e-07 1.32788e-06 0.0501869 8.88442e-11 0.0152512 2.64897e-11 1.50189e-07 0.641481 3.32019e-07 0.00209975 0.125631 0.0199586 0.116909 1.51578e-10 6.53033e-08 1.03744e-06 1.91939e-10 3.03318e-06 0.00596526 2.43539e-06 0.0135116 0.00899205 5.0971e-11 4.5431e-06 
0.14495 0.000111012 0.0668091 0.00174741 0.112509 0.00231535 0.0103323 0.23889 0.0007129 0.00524325 0.109191 0.120199 0.0357806 3.14208e-05 2.36291e-05 0.0284558 5.45248e-05 0.00738804 0.0691342 0.000251992 0.0171641 0.011705 0.00421058 0.0127902 
0.00707585 0.00229113 0.0242825 0.00147688 0.0190222 0.000135074 0.0553416 0.366924 0.000358061 0.0104493 0.156061 0.192959 0.0968774 0.00183018 1.0309e-06 0.0105831 7.25353e-05 0.00227725 0.0112074 1.86609e-05 0.00456875 0.0120087 0.000710656 0.0234681 
0.0458815 0.00117071 0.14337 0.000471086 0.0584319 1.53276e-05 0.000494143 0.194618 0.0100219 0.00399768 0.194188 0.10733 0.0542543 1.39291e-05 2.35368e-06 0.0118693 0.000495818 0.0106232 0.0460669 0.00444659 0.00147459 0.0970312 0.00285754 0.0108735 
0.0302873 0.00061332 0.0302966 0.00481374 0.0339615 1.13668e-05 0.00280442 0.331346 5.31789e-05 0.00956265 0.0450774 0.11358 0.169072 6.74513e-10 4.14545e-10 0.00621139 0.000147565 0.0104563 0.00219962 0.0116338 0.000440775 0.182288 0.00952679 0.00561693 
0.0288639 0.00211424 0.0734686 0.000786328 0.028626 0.00542015 0.00280638 0.505654 5.49667e-06 0.0585651 0.038159 0.056858 0.0918294 0.000572715 0.0156536 0.00396499 0.00010339 0.00191475 0.01346 0.00357938 0.000478607 0.0521888 0.000970357 0.0139568 
0.0813482 0.00101935 0.055239 0.00220492 0.0232122 0.000269369 0.0130361 0.337042 0.00142938 0.043707 0.0157933 0.0227604 0.0451923 2.65726e-06 8.53616e-07 0.000290236 0.00463486 0.00110378 0.00128599 1.19054e-05 0.000626164 0.024266 0.0056595 0.319864 
0.0496431 6.19094e-05 0.0225781 0.000769829 0.0772078 0.0010903 0.00916845 0.366055 0.00227699 0.0039808 0.0751879 0.0546213 0.114627 1.23959e-09 5.03826e-08 0.000835983 1.49576e-05 0.00608949 0.00487985 6.71353e-08 0.000564074 0.0436793 0.00249775 0.16417 
0.0495595 0.00106823 0.0636125 0.00153593 0.0341693 0.0017759 0.00858825 0.23426 0.00454361 0.0599147 0.118599 0.0551716 0.199435 0.000339622 0.00233456 0.0105711 0.000482518 0.0153768 0.0585327 0.000350779 0.00172883 0.0671215 0.00396103 0.00696678 
0.0705001 0.000552548 0.0236709 0.000123233 0.0507714 0.000950021 0.00335237 0.272727 0.00430751 0.0044547 0.148666 0.0940656 0.1847 4.29939e-05 0.0186763 0.00928151 9.76819e-05 0.0169786 0.00457467 0.00713702 0.00230952 0.0225887 0.00038047 0.0590914 
0.23526 6.10867e-05 0.0372272 0.000707797 0.020678 3.402e-06 0.00392802 0.311141 0.00127913 0.0501278 0.00998071 0.066434 0.207173 1.47714e-07 4.37145e-06 0.00148815 0.000188246 0.00241823 0.00244307 0.000805084 0.000674881 0.0400609 0.00520317 0.00271219 
0.0581182 0.0023162 0.0554226 0.000119186 0.00440606 3.34105e-05 3.18197e-05 0.29519 0.0009963 0.0209289 0.136295 0.0744612 0.176255 1.13818e-07 2.01025e-07 0.00410662 2.27263e-07 8.68182e-05 0.0400445 7.16315e-06 0.00124464 0.125603 0.00168368 0.00264942 
0.0124596 2.00771e-05 0.0362236 5.72687e-05 0.202612 1.69022e-05 0.010064 0.402031 0.0341469 0.00777917 0.118262 0.0498743 0.0558887 3.82029e-08 4.83231e-06 0.000280088 0.00010809 0.00103834 0.0127318 1.16271e-05 0.00476811 0.00169583 0.00573768 0.0441887 
0.327941 0.001107 0.0608508 5.61379e-05 0.0157619 7.64068e-08 0.000231823 0.330093 1.07456e-06 0.0206612 0.00146208 0.0106327 0.213216 2.57055e-10 1.42733e-08 0.000244831 5.63897e-05 0.00111779 0.00182675 1.71189e-08 1.67812e-06 0.010464 0.00412134 0.000153059 
0.0475523 0.000673602 0.0588552 7.19525e-05 0.0422396 4.22243e-06 0.00161064 0.331511 0.00206255 0.0808088 0.0448444 0.140229 0.162059 1.59461e-09 1.53242e-07 0.00189818 4.14243e-05 0.0019374 0.0132631 0.00021885 0.0211247 0.0436744 0.0048663 0.00045309 
0.111497 4.55525e-05 0.147927 4.28998e-05 0.231841 0.00869281 0.00411477 0.26221 0.000144082 0.0632593 0.033822 0.0186285 0.0273191 1.30777e-06 2.26824e-05 0.000292202 0.000305988 0.0149294 0.00159188 2.22706e-05 0.0107995 0.0405875 0.011224 0.0106781 
0.00438169 0.024317 0.030142 5.03734e-05 0.05819 3.28681e-05 0.00625128 0.279255 1.5193e-05 0.00262998 0.183208 0.103232 0.171164 3.28574e-07 2.3219e-05 0.00812038 2.91686e-06 0.00706842 0.00162676 0.00174073 0.00022912 0.0563019 0.0586909 0.00332511 
0.0450211 0.000101801 0.0164816 0.000251832 0.0525831 4.24472e-05 0.00223729 0.255041 0.000229434 0.00245435 0.175186 0.0675062 0.249608 1.87033e-07 0.000352371 0.0115772 0.000118043 0.0287206 0.00814828 0.0253219 0.000898723 0.0177439 0.00337828 0.0369959 
0.000756676 6.33194e-08 0.000826872 0.00133745 0.00112316 1.82916e-06 1.34827e-07 0.489638 0.000324959 0.297121 0.0180047 0.066598 0.0525373 9.68609e-08 0.00314708 0.00038271 4.25665e-06 2.54235e-05 0.0184528 4.39079e-06 0.000106672 0.0484486 4.74687e-06 0.00115291 
3.212e-06 0.00180511 0.0215127 2.20929e-06 1.12516e-05 3.06053e-07 0.0633072 0.30356 0.0344754 0.00500404 0.119245 0.199101 0.0986811 3.13844e-11 1.90974e-07 1.6128e-06 0.00384513 2.85389e-07 1.10801e-05 4.95762e-07 0.00124253 0.14817 2.71441e-06 1.7102e-05 
0.0554771 0.00156708 0.0837903 0.00227646 0.206674 0.00356724 0.0216861 0.225117 0.0140914 0.00536236 0.124072 0.0495074 0.102593 4.79348e-05 2.88695e-05 0.00642847 0.00122474 0.0159874 0.0034946 0.000383322 0.00126782 0.0197201 0.00475696 0.050879 
0.0633389 0.00231066 0.025139 0.000495747 0.0257912 0.00401377 0.0129422 0.484606 5.74197e-05 0.0107003 0.0293636 0.0424627 0.175483 5.15534e-08 0.00011376 0.000124829 4.47594e-05 0.0776225 0.00793438 0.000517216 4.5144e-05 0.00767012 0.000396764 0.0288265 
0.133653 0.000347475 0.0183178 0.000953384 0.0472942 0.000508518 0.00165651 0.514689 1.70505e-05 0.000393892 0.0104146 0.00228764 0.121084 6.96367e-06 3.1748e-06 0.0013361 0.00815412 1.02235e-05 0.0121802 7.74997e-08 0.000585853 0.00199948 0.00134287 0.122764 
0.0473143 0.00172293 0.105779 0.00126585 0.0879115 0.020237 0.0145708 0.245915 0.00120286 0.00954559 0.146063 0.0632447 0.0855691 9.27385e-05 6.81539e-05 0.0178969 0.00412077 0.0116721 0.0529693 0.000690877 0.000351764 0.0298796 0.0200183 0.0318974 
0.0181719 8.79241e-05 0.048336 0.00245347 0.187919 1.02001e-05 0.00168613 0.223316 0.0208094 0.00381212 0.194497 0.0136869 0.219011 3.21047e-10 1.01452e-05 0.00662634 2.83263e-05 0.000928264 0.00215769 0.000632179 0.000241472 0.00495463 0.000457828 0.0501659 
0.0582425 9.7273e-08 0.0162686 0.000311421 0.0236498 2.26474e-09 0.00133038 0.732517 9.85816e-09 0.00432837 0.0391172 0.00736672 0.0325766 1.43727e-11 1.44122e-05 0.00379989 4.2132e-05 6.16477e-09 0.000162638 1.24817e-07 2.21622e-05 0.000125488 0.000126465 0.0799982 
0.0258506 0.00109968 0.0504302 0.00242655 0.014821 1.31579e-05 0.0992364 0.345267 0.00011616 0.00972498 0.107799 0.0532103 0.208912 1.12555e-06 7.73518e-05 0.0138114 0.000513941 0.0188132 0.00506081 0.00133679 0.000194078 0.0244056 0.00702929 0.00984896 
0.0142659 0.000428153 0.125426 0.00508818 0.0724052 1.9598e-05 0.00384719 0.276595 0.000187711 0.170813 0.0270215 0.0740293 0.105754 1.87328e-06 3.43108e-06 0.0124193 0.000136551 0.00622898 0.0104863 4.28642e-05 0.00106162 0.0603452 0.0163036 0.0170896 
0.030358 0.00763417 0.0510923 9.54112e-06 0.156798 3.54547e-05 0.0013053 0.423235 0.0425511 0.00682043 0.129025 0.118872 0.00924799 2.82941e-06 9.93967e-05 0.000577775 1.27462e-07 0.000130571 0.00474336 4.95738e-05 3.64081e-06 0.0165451 0.000365988 0.000496727 
0.0887531 0.00550721 0.0493578 0.000394805 0.0673078 0.0816588 0.00967272 0.188336 0.000152582 0.0313619 0.129707 0.0815135 0.0633486 4.33823e-11 0.000137776 0.000649919 3.96488e-05 0.0102263 0.00368383 0.00489467 0.000198729 0.0254482 0.00682116 0.150827 
0.0473954 0.0001107 0.0822065 0.00159824 0.0306577 7.63228e-06 0.0578015 0.327906 1.83929e-08 0.0202848 0.208555 0.05292 0.0568203 1.5299e-07 1.47298e-07 0.000250228 4.37297e-12 4.96144e-08 0.0549935 3.05817e-07 1.12488e-07 0.0577635 2.83701e-07 0.000728112 
0.13121 4.48403e-05 0.157191 0.000247941 0.0513741 2.96283e-07 0.00228813 0.372662 0.000909887 0.00486786 0.036318 0.0381263 0.0804015 6.09011e-06 1.85587e-07 0.000300025 1.20116e-06 0.00139653 0.0713769 0.000125828 0.000274352 0.0504173 2.62605e-06 0.000456759 
0.0585583 0.000570888 0.0235494 1.30348e-05 0.013126 1.89078e-05 2.66515e-05 0.206788 0.000538611 0.0772313 0.0190367 0.187232 0.0997257 0.00296625 8.44823e-10 0.00187321 1.08934e-05 0.0238198 0.04677 0.021996 0.00226697 0.192453 0.00729995 0.0141279 
0.171565 1.14891e-07 0.0527975 5.00598e-07 0.0170037 2.85719e-08 2.68753e-07 0.302998 1.01709e-07 0.0152651 0.0151945 0.000716702 0.0993315 4.08629e-11 4.0207e-08 1.06746e-07 5.58882e-07 1.30225e-06 0.00372972 2.71913e-07 3.02393e-07 0.274478 0.0366513 0.010266 
0.00023826 0.000234752 0.0018065 3.58696e-05 0.00565579 9.47945e-09 0.000420417 0.814279 2.6997e-08 0.00349965 0.0123722 0.113247 0.00995564 5.42427e-08 3.33367e-08 0.00590556 5.4634e-05 1.25492e-05 0.0246141 2.93428e-08 0.000160209 0.00174864 0.00575757 1.14738e-06 
0.0301662 2.14517e-05 0.087904 0.00141262 0.00749508 2.05279e-05 0.0414606 0.470587 8.66699e-05 0.0275456 0.180864 0.0645629 0.00929175 2.65665e-10 1.63273e-10 9.2675e-06 5.17916e-06 0.00233014 0.00553719 3.92174e-05 2.85577e-05 0.0116737 0.0359468 0.0230115 
0.0379416 0.000479385 0.00680553 0.00226244 0.0121376 1.37684e-08 0.0429402 0.513889 0.00175721 0.270072 0.00697582 0.014354 0.0599425 8.38885e-05 1.13017e-05 7.96436e-05 1.78116e-05 0.00120806 0.000311761 1.81291e-05 0.0137768 0.00300453 0.00286617 0.00906467 
0.0631326 1.18842e-07 0.00976172 0.000187008 0.0185956 3.4549e-09 0.00517769 0.598602 1.20613e-08 0.00259744 0.212895 0.00442023 0.0195464 5.75009e-11 2.77574e-05 0.00228251 2.5363e-05 7.54147e-09 0.00361967 1.90087e-07 1.34328e-05 7.53288e-05 7.59465e-05 0.058964 
0.0361875 0.00282069 0.0316827 4.94729e-05 0.0147195 3.62934e-05 0.00069264 0.410792 0.000852626 0.36005 0.0248599 0.00599074 0.0637864 5.93845e-09 1.73534e-05 8.31679e-05 0.00120337 0.0261055 0.011136 0.000365165 0.00014286 0.00795732 0.000301774 0.000166781 
0.13215 0.00108454 0.073929 0.000981808 0.0258269 1.48493e-05 0.0066794 0.306756 0.000106209 0.0364565 0.0646961 0.037978 0.119413 8.59963e-08 6.72486e-07 0.13423 0.000680388 0.00709201 0.0204687 0.000784319 0.000142725 0.0144981 0.00181529 0.0142159 
0.0348453 0.00253937 0.0299771 4.15089e-07 0.0628383 9.37286e-07 0.0137229 0.374992 0.000177638 0.00612565 0.00613877 0.171228 0.135619 7.93539e-11 1.3252e-06 0.00414606 1.53586e-05 0.00112393 0.00138874 4.6034e-06 0.00296776 0.149106 0.00247229 0.000568331 
0.0229391 0.0027963 0.0239859 0.000840321 0.0756354 8.95887e-06 0.00551545 0.384104 0.00180063 0.0773668 0.000938626 0.0149504 0.0738639 0.000124842 3.07046e-06 0.000880405 0.0021434 0.00199782 0.000169006 9.06437e-05 0.0944699 0.208927 0.00371875 0.00273015 
0.0501229 7.45181e-05 0.124375 0.000816261 0.00649806 1.35368e-07 0.02273 0.237951 0.000473715 0.0727514 0.00217185 0.0130015 0.154758 0.000136715 5.51143e-06 0.00033517 0.000550148 0.204978 0.000361404 0.00413125 0.00148479 0.00729654 0.00319778 0.0917985 
0.0201517 0.00064552 0.00566462 0.00264135 0.174569 8.4196e-06 0.00432826 0.41874 0.00244333 0.00937395 0.154593 0.0379868 0.0860175 2.99583e-05 2.19711e-05 0.0193703 0.00778238 0.000205691 0.000464391 0.00186462 0.000409855 0.00598814 0.00337591 0.0433241 
0.0667938 1.0293e-05 0.0132958 0.000299747 0.00718492 6.03147e-07 0.000341354 0.489202 1.67637e-07 0.00808019 0.0173599 0.0275395 0.23035 5.47589e-11 5.24392e-06 0.00465815 0.0013445 0.00647177 0.00256031 0.0485535 2.5471e-05 0.0599335 0.0122946 0.00369502 
0.00787057 4.63281e-05 0.0527748 0.000359489 0.00707861 3.41935e-08 0.0377647 0.721002 0.000324182 0.042014 1.01907e-07 0.0407485 0.0715899 2.63323e-08 8.73035e-08 0.000403961 0.000456864 0.000702202 0.00397834 0.000325401 9.76121e-05 0.00176499 2.76545e-05 0.0106692 
0.0369663 0.0189832 0.0269784 0.000461052 0.0405296 0.000150681 0.00149017 0.426864 0.00825482 0.000968318 0.0976725 0.0402366 0.132895 4.80605e-08 0.0071375 0.0087527 0.000128906 0.0108072 0.00526636 0.00100511 0.0018799 0.0310667 0.00056658 0.100939 
0.087687 0.00529674 0.0815149 0.000205863 0.2469 0.00462021 0.0131257 0.393469 0.0133015 0.00379426 0.0132506 0.0351001 0.0264075 5.71536e-08 1.61435e-05 0.017675 1.64202e-05 0.0322521 0.00116479 0.00107514 0.000638782 0.0047917 0.00235759 0.0153392 
0.0521575 0.00143843 0.0236452 0.00195898 0.0258594 5.53607e-08 0.00812878 0.493589 0.00100085 0.0211772 0.0460287 0.149065 0.035625 3.16781e-07 1.00583e-05 0.00615208 0.00220444 0.0201071 0.0154624 0.000504815 0.000831127 0.0928252 0.00167997 0.00054766 
0.051899 0.000933533 0.0872728 0.00267378 0.0217024 0.00225241 0.00081842 0.379844 0.00174656 0.0280969 0.102053 0.0556324 0.139244 0.000180573 5.8565e-05 0.0311488 0.000111187 0.0020453 0.0276166 3.5094e-05 0.00206554 0.0409966 0.00235501 0.0192172 
0.0475524 0.000298787 0.0136731 0.000951326 0.0298593 3.14757e-06 0.00115058 0.346806 0.0104751 0.00351843 0.0414858 0.0383457 0.0504773 1.61483e-05 2.15703e-05 0.000323188 0.0259819 0.229192 0.00804487 0.0102803 1.9936e-05 0.127203 0.00827313 0.00604713 
0.133747 0.00301711 0.0531129 0.00150537 0.0254503 0.0175696 0.0109152 0.343707 0.00104064 0.0400038 0.0349423 0.0486027 0.132243 3.34857e-05 0.00136791 0.00568699 7.26928e-05 0.0406571 0.00682434 0.00246135 0.00135476 0.0638369 0.0199994 0.0118478 
0.0556371 0.00157019 0.0882593 0.000464222 0.00519456 8.00224e-05 0.00859831 0.320394 0.0037722 0.0450556 0.034215 0.0529247 0.124097 4.74573e-07 8.52746e-07 0.000233422 2.0668e-05 0.00242002 0.0109482 9.69395e-05 1.01869e-05 0.167376 0.0737287 0.00490277 
0.0487138 0.00145663 0.0484198 0.00147399 0.0298914 4.93309e-05 0.0129583 0.353845 0.00385291 0.0366203 0.104697 0.0577179 0.193566 0.0032957 4.71181e-05 0.0155029 0.000181738 0.00789922 0.00379321 0.000405911 0.00038714 0.0350234 0.00594449 0.0342567 
0.0432513 0.00498426 0.0417983 0.00181751 0.0505975 4.58535e-05 0.00420086 0.352741 0.00462524 0.0105057 0.125335 0.113257 0.103303 7.30045e-05 3.14105e-07 0.00383438 0.000246236 0.0136655 0.00796816 0.000247235 0.0266505 0.0795964 0.00378278 0.00747288 
0.0969272 0.000133251 0.0124363 7.37506e-08 0.00437168 4.05e-08 0.0135954 0.279251 6.48721e-06 0.0280107 0.144179 0.0314038 0.232831 7.93699e-07 1.27773e-06 0.144418 6.80129e-06 0.00194965 1.42406e-06 2.89609e-06 1.8442e-05 0.00785226 0.00243663 0.000166405 
0.0651229 0.00318872 0.0718467 0.000462282 0.0274953 0.00301068 0.0169693 0.316713 0.00143631 0.0164311 0.0363974 0.0790533 0.225608 0.00297407 0.000339294 0.0163172 0.000481256 0.0312225 0.0287882 0.0026193 0.000710784 0.0406503 0.00306786 0.00909467 
0.0898945 0.000431679 0.0858913 0.000288177 0.0136251 5.27542e-05 0.0226085 0.353642 0.00390547 0.0682251 0.0736246 0.103875 0.0849201 1.51035e-06 1.51701e-05 0.0046633 0.000166299 0.0149709 0.00426321 0.00348437 0.000112379 0.0334701 0.0310655 0.00680332 
0.108351 0.00425466 0.0133595 0.00935389 0.0906893 0.000185037 0.000865876 0.228691 0.00114907 0.00143048 0.115196 0.0868211 0.114411 9.62561e-08 1.76057e-05 0.0053614 0.000122055 0.0334923 0.00140949 0.00195037 0.00097863 0.0720476 0.00433575 0.105527 
0.0642144 0.000358738 0.0446613 0.000959827 0.0475285 0.000348374 0.00113123 0.246614 0.00104589 0.00213463 0.240647 0.0109263 0.0582525 8.06319e-10 0.0030011 0.000589454 0.00013483 0.148185 2.05423e-05 5.9915e-05 0.00196445 0.0905928 2.53641e-05 0.0366043 
0.0854264 1.22473e-06 0.00809267 0.00160398 0.0211069 1.0498e-06 0.13043 0.444469 0.0099267 0.0040515 0.0412749 0.0116894 0.0607001 5.92253e-10 9.02991e-05 0.000102254 0.000288125 0.101932 0.000128458 0.00348088 4.3449e-06 0.0145031 0.0354591 0.0252372 
0.0276963 0.000170045 0.0437164 9.45674e-05 0.0656953 9.29438e-09 3.55917e-07 0.643816 0.000691291 0.0395408 0.099099 0.0159931 0.0274233 7.80444e-12 5.80304e-09 4.89726e-08 5.46714e-06 3.75756e-06 0.00317873 2.99252e-05 0.000287728 0.000557299 0.000834879 0.0311656 
0.00372798 2.62738e-05 0.0108319 3.30689e-07 0.0406296 2.02317e-05 0.016862 0.708709 6.78827e-05 0.0246771 0.154622 0.00614367 0.00696374 5.13832e-07 9.81188e-07 0.000342159 6.16158e-05 0.008984 6.59492e-06 6.43342e-07 4.51367e-05 0.0163757 0.000431429 0.000469304 
0.0840016 0.000107216 0.118556 0.00101707 0.126646 0.000275017 0.0045436 0.290985 0.000846544 0.000481866 0.150058 0.0479732 0.0521283 2.23786e-07 6.8816e-05 0.0387933 1.80072e-05 0.00340301 0.0630431 0.000221481 0.00372818 0.00441266 0.00401846 0.00467333 
3.68972e-05 2.86796e-05 0.0117349 8.45718e-08 0.0105069 4.62437e-11 1.08316e-06 0.735034 0.000715039 0.00928396 0.128173 0.0441291 0.0312426 2.64613e-10 5.32375e-08 0.000175817 5.8721e-05 7.54273e-11 0.000189158 1.43143e-10 1.9196e-10 0.0279699 0.000720489 4.83301e-11 
0.026976 3.41845e-06 0.0223416 0.000110472 0.0226662 5.87029e-07 0.00160469 0.76866 0.000186957 0.00880276 0.0657482 0.00228776 0.0259609 1.18699e-09 7.29503e-10 2.54997e-05 4.59679e-07 1.37531e-06 0.000506028 2.07507e-05 1.46866e-06 0.00110073 0.00044189 0.0525522 
0.0521303 0.002158 0.0285427 2.5236e-08 0.0338077 0.000112197 0.0098134 0.250693 0.00159561 0.00747999 0.21515 0.125557 0.107798 1.19565e-11 3.38093e-08 0.00170283 8.48003e-08 0.00105591 0.0069714 0.000257392 3.31344e-07 0.149756 0.00351558 0.00190385 
0.0287646 0.00312106 0.0172648 0.00382038 0.0103727 4.18168e-05 0.0154986 0.232963 0.000314718 0.00446166 0.148167 0.108327 0.196192 7.60094e-07 5.59775e-05 0.0205945 0.000108047 0.0244518 0.0184191 0.000464089 0.00109039 0.14976 0.0106354 0.0051096 
0.0121628 3.20515e-05 0.0112265 5.76851e-05 0.00526601 1.70137e-09 0.000748891 0.463374 0.000777261 0.000332344 0.222858 0.00976734 0.257162 4.07631e-12 5.78518e-07 0.000430655 2.64082e-05 2.05007e-05 0.000842146 7.61082e-06 4.20632e-06 0.000520553 9.12886e-05 0.0142911 
0.0180486 0.000119526 0.0177318 4.63649e-05 0.0347285 0.000428657 0.0051444 0.376294 0.0231963 0.00434187 0.0384822 0.151716 0.156614 1.22097e-07 0.0423373 0.00959923 0.000201469 0.00165159 0.00465287 0.000269756 0.00528889 0.0327773 0.00800619 0.0683237 
0.155706 0.000211061 0.0378682 0.00391075 0.0115267 2.44444e-05 0.00429954 0.549289 1.67066e-05 0.0351042 0.0362575 0.00593408 0.133662 0.000342667 7.64242e-07 1.55724e-05 1.05483e-05 0.000631548 0.00159893 1.59053e-05 0.000366141 0.0164811 0.00190155 0.0048245 
0.0327098 6.27279e-06 0.0304507 6.62089e-06 0.116584 4.72392e-06 0.00430841 0.267857 0.169277 0.0081059 0.0419109 0.0597523 0.100265 4.69632e-05 0.000195209 6.3073e-05 1.28296e-05 0.00152487 0.0843474 6.30074e-06 0.0445409 0.0350958 0.0028511 7.74492e-05 
0.0245854 0.000259546 0.0350368 0.00833054 0.243544 1.84676e-05 0.0135924 0.245789 0.0106362 0.00218229 0.133778 0.0627488 0.138011 2.09965e-08 7.57592e-05 0.0153207 0.000455383 0.00216398 0.00265711 0.0159377 0.00285938 0.0128069 0.00136972 0.0278414 
0.0139953 1.97045e-10 0.097773 5.22022e-05 0.0715371 3.18764e-06 0.00297443 0.49799 8.14305e-07 0.00237616 0.0402231 0.00113653 0.14009 3.01424e-10 6.84347e-05 3.10445e-06 3.90919e-07 0.00169378 0.00743935 0.115374 3.61326e-05 2.33654e-06 1.8053e-05 0.00721184 
0.0276842 0.00226125 0.0106202 0.00047538 0.0344563 8.22103e-07 0.00592034 0.459381 0.000218249 0.0170947 0.0829369 0.0396592 0.108719 1.57434e-06 2.70032e-06 2.16792e-05 2.43238e-05 0.180431 0.00186951 0.000724639 1.07353e-06 0.00578253 0.00455749 0.0171557 
0.0132247 5.99879e-05 0.0617365 0.0039452 0.025499 0.010433 0.0219214 0.426343 0.0113333 0.235564 0.0465165 0.0337915 0.0454148 3.85101e-06 9.2891e-05 3.02974e-05 2.52854e-05 0.00145576 0.000864581 9.82028e-06 0.000320965 0.0270477 0.00854891 0.0258172 
0.08204 0.000723327 0.070084 0.000264732 0.0354219 0.0163461 0.0403348 0.164938 0.00017205 0.00742168 0.143654 0.0854616 0.043123 7.68231e-11 2.7697e-05 0.0017115 0.00018368 0.0939971 0.00167816 0.0378737 1.24639e-06 0.00136429 0.0300542 0.143124 
0.0182524 2.47752e-07 0.307355 0.00604845 0.00218396 5.2142e-10 0.00446994 0.310213 0.0127409 0.0357166 0.00718605 0.215562 0.0224298 2.98364e-09 5.4341e-05 0.00295577 9.00217e-08 0.0224549 0.00198024 0.000233804 2.16444e-09 0.027595 0.000468629 0.00209845 
0.0228353 0.00110143 0.00123896 0.00212873 0.000758261 1.24742e-05 0.0001292 0.427914 1.37692e-11 0.00220923 0.107628 0.100237 0.278971 2.76651e-11 1.70025e-11 0.00116005 6.49623e-07 0.000345979 0.00053412 1.49655e-11 6.11843e-09 0.0436056 0.00669188 0.00249783 
0.0280147 0.000174844 0.0380467 0.00026894 0.0750535 0.000121789 0.00113969 0.214755 0.000372172 0.00296724 0.116946 0.0995705 0.167273 2.44239e-08 8.96616e-05 0.0085343 0.000178189 0.000969458 0.010311 0.00156438 0.000317389 0.0284471 0.0138953 0.190989 
0.0321253 0.000754613 0.0526274 0.000715381 0.138575 0.000530585 0.00486388 0.295429 0.00229222 0.0122666 0.0784213 0.0358788 0.0961122 4.19863e-05 2.62234e-06 0.0127152 9.23834e-05 0.00381219 0.0162668 0.00262453 0.00100041 0.0179339 0.00175451 0.193163 
0.0337276 0.00207628 0.00808282 0.000832729 0.00950849 4.58996e-06 0.0035957 0.712335 0.0033184 0.010564 0.0038516 0.0170491 0.0118103 4.4214e-07 3.08736e-06 0.000189099 0.000108422 0.000118384 0.0389 7.54896e-06 5.3228e-05 0.136224 0.00190071 0.00573812 
0.0271913 8.98982e-05 0.0131585 0.000209666 0.0228111 3.24746e-07 0.00265594 0.529658 0.000221865 0.30338 0.00854807 0.00905971 0.0619419 1.08509e-05 5.63033e-05 7.16099e-05 8.49596e-06 0.00122274 0.00650878 5.56718e-06 7.67388e-05 0.00862533 0.00152601 0.00296117 
0.0426511 0.00111543 0.0121017 0.000271731 0.156059 0.000345322 0.00627154 0.21717 0.0332342 0.00430457 0.173054 0.0900876 0.135142 7.42224e-06 3.82492e-05 0.019429 0.000699956 0.0676538 0.00721226 0.0044053 0.00026647 0.0181202 0.00432242 0.00603513 
0.0880067 0.0166537 0.028712 2.54978e-05 0.0274712 0.00321104 0.000345174 0.334354 0.010148 0.0150933 0.0176143 0.164235 0.0203899 2.50171e-08 5.88022e-07 0.00217915 0.0018313 0.13791 0.0106066 0.00630152 0.00317354 0.0949534 0.00377612 0.013009 
0.0631386 0.000182795 0.122103 3.193e-05 0.0172531 0.000212441 0.0173458 0.258804 0.00105415 0.0734759 0.080201 0.0424672 0.13117 1.07464e-07 0.00719484 0.000435536 0.000615398 0.071745 0.000251458 0.000674033 0.00253585 0.0419693 0.00097837 0.0661608 
0.00467713 0.000358882 0.109917 9.41594e-13 0.0118448 3.65249e-10 1.03996e-07 0.403021 2.60428e-05 0.00175963 0.0269314 0.00135491 0.389556 1.60646e-12 2.96291e-09 0.0128246 1.11902e-08 0.00110587 0.0355549 0.000105851 0.00023993 1.61498e-08 2.10734e-09 0.000722283 
5.4806e-08 3.93688e-07 0.0405682 3.52986e-07 2.35723e-07 1.05246e-07 0.0284739 0.859839 0.00183317 0.0247562 4.8008e-05 0.000104146 2.60744e-05 6.02232e-07 3.70122e-07 6.86962e-08 2.83313e-05 1.71665e-07 8.52375e-07 1.28884e-05 0.0166114 0.00191405 0.0256425 0.000138704 
0.0378201 0.000428669 0.0637755 9.59299e-06 0.0224268 2.45355e-06 0.0141719 0.413949 0.00115237 0.0408902 0.0312437 0.0444543 0.176896 4.41643e-08 0.000209329 0.0575821 0.000434327 0.000581308 0.000999904 0.0067978 0.000395099 0.0612925 0.00439427 0.0200928 
0.0251973 0.00404479 0.0375143 5.13194e-05 0.0101092 0.000289917 0.00524135 0.449784 6.5977e-05 0.000391197 0.0795844 0.152123 0.100092 1.48561e-10 2.14596e-06 0.0388865 8.30809e-06 6.32022e-05 0.000744824 0.00720049 8.82854e-05 0.000801394 0.00106024 0.0866568 
0.0186963 5.86757e-05 0.190546 0.000620811 0.0800889 2.52158e-05 0.0420127 0.289249 0.00559068 0.0029771 0.219084 0.054203 0.00332119 2.71447e-08 4.95714e-11 0.00031061 1.56555e-06 0.00151473 0.00815576 0.00132137 0.00153179 0.000111451 0.0222825 0.0582961 
0.0686124 0.000353153 0.0684107 0.0270945 0.0443655 4.71717e-06 9.28367e-05 0.464239 0.00443967 0.0466964 0.006686 0.0787982 0.0860751 1.24122e-08 5.5281e-06 0.00259367 4.3036e-05 0.000949887 0.020714 7.22683e-07 0.0120644 0.0641833 0.00188824 0.00168932 
0.0606925 9.43948e-06 0.0752209 6.80792e-07 0.0597601 2.0294e-06 0.000122079 0.649738 3.01416e-07 0.083014 0.00625951 0.0041411 0.0557921 2.47513e-08 1.00198e-08 0.00131902 1.70264e-06 0.000960111 0.000170114 1.19889e-08 8.61448e-05 9.54466e-05 0.0010655 0.00154868 
0.00634869 0.000130312 0.0792649 4.16857e-10 0.0770114 3.75946e-08 0.0262604 0.569897 0.000425448 0.00245316 0.20235 0.00178621 0.0198958 5.15915e-07 1.08218e-07 1.89646e-07 8.80697e-08 0.00211553 0.00137285 7.22389e-05 1.37422e-06 0.00134475 0.000492126 0.00877658 
0.0204563 0.00983232 0.166523 0.000160755 0.0292452 3.66317e-05 0.0140855 0.245669 1.86412e-05 0.00678854 0.206382 0.108197 0.0500201 2.06422e-07 2.30593e-05 0.0107785 2.83536e-05 0.00271374 0.00891836 0.000152541 0.000580997 0.0210321 0.070172 0.0281856 
0.224571 4.87298e-11 0.038145 2.63384e-08 0.0883658 0.0200229 0.00833527 0.539328 1.10304e-05 0.0125316 0.00455864 0.000162788 0.0438666 3.37547e-06 6.33577e-08 7.05921e-06 8.25713e-06 0.00406437 0.00158948 3.83578e-05 0.000414341 2.73359e-05 5.91711e-08 0.0139487 
