0.000739558 6.95346e-05 0.000642123 0.000646085 0.00497569 9.37472e-06 0.000139518 0.00187857 0.00316712 0.82697 0.0480055 0.0536701 0.027607 0.00131061 1.04157e-08 0.00117086 0.000141245 0.000436231 0.000335774 0.00256246 3.50804e-08 0.0132523 0.0118645 0.000406018 
0.107187 0.00226039 0.087881 0.00582511 0.0114799 3.45095e-05 0.00285101 0.0748341 0.00105862 0.35903 0.0282841 0.0361746 0.0736401 6.52095e-07 1.60708e-05 0.0037908 0.000298339 0.00255289 0.0131714 0.00141978 0.000268036 0.124046 0.0594433 0.00445239 
0.0188303 0.000118762 0.0069011 8.0239e-05 0.00145425 8.75364e-06 0.000620389 0.0201377 0.000372239 0.845894 0.0102956 0.0254223 0.0111329 7.84214e-05 1.75367e-06 6.34295e-05 0.00125819 0.000263855 0.00097894 4.07192e-05 1.56323e-06 0.0413382 0.000671221 0.0140347 
0.0898268 0.00217811 0.0240273 0.000269288 0.0261103 5.40191e-06 0.00477273 0.0152048 0.000201143 0.761975 0.0020401 0.00959839 0.0460702 0.000287116 1.20476e-07 0.00014196 0.000601267 0.00287025 0.00240091 2.19832e-11 0.00616861 0.0036931 0.000422947 0.00113428 
0.266223 9.94729e-07 0.000717969 0.000156731 0.0285897 0.00036062 6.24483e-05 0.0207339 7.57342e-07 0.671353 0.000227997 1.61809e-05 0.00173352 1.52166e-06 2.09707e-06 4.36767e-07 3.28078e-06 1.6616e-05 0.000371709 1.07979e-05 1.10387e-06 0.00903479 5.11687e-07 0.000380955 
0.100357 0.000739144 0.0234031 0.00184071 0.00938177 8.7303e-06 0.000208499 0.0246328 0.00117429 0.760084 0.0130029 0.00412136 0.0186276 8.4346e-09 6.64767e-06 1.68978e-05 0.000379376 0.000149152 0.00219468 2.97918e-05 0.00113829 0.0263634 0.000289733 0.0118498 
0.0418462 0.0170707 0.0447905 0.0200918 0.0267599 1.24435e-05 1.29636e-05 0.0022557 3.39307e-05 0.377182 0.102854 0.126464 0.00568457 6.24306e-09 4.22703e-07 0.0251916 0.00366634 0.0364804 5.56418e-07 0.0119856 6.11421e-10 0.140379 0.00333898 0.0138988 
0.0198022 0.00687053 0.0136388 0.0048409 0.00117746 2.39204e-05 4.86723e-06 0.000226744 2.61762e-06 0.77056 0.000120752 0.00812744 0.00477763 4.1939e-08 5.28557e-09 1.0292e-05 3.93697e-06 6.8668e-07 8.48573e-05 3.71904e-06 0.000576172 0.16887 0.000277202 1.57079e-09 
0.264581 1.13112e-05 0.0331624 0.00012671 0.0272501 1.65992e-05 0.000430784 0.0321114 0.0114739 0.277332 0.0464796 0.00299751 0.0403532 1.55876e-09 7.25592e-05 0.00219252 4.69618e-06 0.000830132 0.245073 4.99709e-06 6.93916e-06 0.0149821 0.000253165 0.000253355 
0.0104041 0.00315817 0.015001 0.0177355 0.0219867 0.000531561 0.0275511 0.0219033 0.00183167 0.540828 0.00864767 0.0146638 0.0344237 0.0564618 0.034793 0.000343569 0.000117161 0.00258055 0.00168714 7.7512e-06 0.00151811 0.170677 0.00208865 0.0110586 
0.0028307 4.09752e-05 0.314063 0.000157947 0.0155935 3.7136e-07 0.00406345 0.00912316 0.0130832 0.598543 0.00303512 0.0126326 0.0197881 3.99059e-08 3.08483e-07 3.4668e-06 3.12592e-05 0.001151 0.00209266 6.652e-05 3.53878e-05 0.00012011 0.00329969 0.00024472 
0.0330742 0.00052746 0.0187648 0.000797508 0.00402728 4.62463e-05 1.64882e-05 0.0922904 6.84189e-05 0.607156 0.00955259 0.0384895 0.0737033 0.000102666 1.74123e-07 0.000446223 0.000155054 0.000799529 0.000826153 8.38739e-05 0.000213875 0.10274 0.00084818 0.0152696 
0.0329657 0.00123522 0.0173497 0.00441138 0.11746 1.71524e-05 0.008646 0.0162 0.00176708 0.227795 0.083352 0.0619236 0.0328938 1.42814e-10 3.48925e-07 0.00703484 0.00076921 0.00131528 0.0911047 0.22303 3.8043e-07 0.0533475 0.00459134 0.0127895 
0.0895442 3.7188e-05 0.0246887 0.000520903 0.00739478 6.13898e-05 0.0835485 0.0837333 7.57265e-06 0.293794 0.0333834 0.119611 0.0232622 1.33171e-07 3.88641e-05 0.00103278 0.000181589 0.000718027 0.00461945 0.0411823 0.00619299 0.179184 0.00483526 0.00242683 
0.0603383 0.000584162 0.0860353 0.000366878 0.0425151 0.000396848 0.00947355 0.023363 0.0293006 0.215987 0.0232356 0.112052 0.157719 0.00051322 1.44925e-05 0.0104536 0.000509199 0.128657 0.00247674 3.97784e-06 0.00481168 0.0290307 0.0120644 0.0500986 
0.285571 0.00123948 0.0312416 0.00212222 0.0651885 3.5341e-05 0.00215129 0.0766383 0.00888628 0.296746 0.0188968 0.0361796 0.0787495 2.91077e-05 0.000195547 0.00890971 3.00095e-05 0.00159167 0.0028836 0.0125471 0.000140884 0.0165142 0.00376941 0.049743 
0.0359802 0.000224927 0.0679558 0.00113703 0.0105957 8.97542e-06 0.00381287 0.068832 0.00188561 0.451903 0.0160782 0.122353 0.0326681 1.27421e-05 0.00111578 0.0160945 0.000111212 0.0274177 0.017783 4.5481e-05 0.0005621 0.109113 0.0126883 0.00162055 
0.10044 0.0023838 0.0610591 0.00586981 0.0317857 0.00140365 0.00686245 0.192315 0.00207331 0.271809 0.0250801 0.0357177 0.163854 0.000801699 0.000264127 0.00832676 0.000524405 0.00771856 0.0116687 0.00101602 0.00357556 0.050647 0.00309481 0.0117089 
0.230215 1.45952e-05 0.199334 4.18816e-06 0.034223 2.47079e-10 5.60123e-10 2.07049e-06 2.01786e-06 0.514251 2.55114e-05 0.00422461 7.66367e-11 1.41382e-09 8.68909e-10 1.19903e-06 1.79028e-09 7.15103e-07 3.03701e-06 7.64811e-10 3.24937e-07 0.0130909 0.00460664 1.44937e-06 
0.162887 0.00168703 0.00677695 1.05092e-05 0.00223728 6.07406e-05 0.000177133 0.0464175 0.0019856 0.399369 0.0181321 0.000362016 0.305982 1.08173e-07 0.000305694 1.20022e-05 5.75965e-05 0.00112904 2.55293e-05 3.85333e-05 5.66202e-05 0.0519037 3.96672e-06 0.000382866 
0.0195106 3.89541e-05 0.0797278 0.000534493 0.0239002 6.35985e-06 0.00363888 0.238868 3.65517e-05 0.503267 0.0117636 0.0296988 0.0667325 5.98631e-08 3.67909e-08 0.00379975 1.72621e-05 0.00114649 0.000113826 0.00441112 0.00206241 0.001537 0.00700634 0.00218225 
0.0236328 0.00012887 0.0745479 0.000442897 0.0243551 4.76201e-05 0.0330149 0.150075 0.000985926 0.442319 0.0799275 0.00784482 0.0132169 1.6436e-05 5.17793e-06 0.00534101 0.000348189 0.00237609 0.0141217 4.45214e-05 0.00154183 0.120692 0.00176618 0.00320708 
0.00598803 0.0101884 0.0621339 0.000696299 0.00514611 0.0977873 0.022161 0.225042 0.00020058 0.386599 0.071823 0.0646442 0.00379438 2.05959e-06 0.000339738 0.000243263 1.06239e-05 0.000359312 2.58454e-05 7.60641e-05 1.23686e-05 0.0241556 0.0116396 0.00693194 
0.0861619 0.00053861 0.0624242 8.31858e-05 0.0037924 2.44954e-05 0.00125747 0.0392566 2.61377e-05 0.464067 0.00396204 0.0332647 0.0482019 4.32819e-07 8.96785e-05 0.00908907 0.00117125 0.00080571 0.19587 0.000544033 0.00160659 0.0461387 0.000891236 0.000732449 
0.0293105 0.0252164 0.0144705 0.000139373 0.0225782 3.34922e-05 0.0194881 0.0358101 0.0110218 0.562838 0.0133811 0.0285488 0.00585641 0.00409752 7.95161e-07 0.00100237 3.17326e-05 0.000751339 0.00063836 0.00031127 0.0276463 0.181215 0.00379759 0.0118145 
0.0758372 0.0152708 0.0319839 0.000505471 0.042668 3.96844e-05 0.0102621 0.175775 0.00313247 0.191724 0.138927 0.0923471 0.0864604 0.000179756 9.94383e-05 0.0302107 0.000321332 0.00383053 0.00787127 0.000111586 0.00114188 0.0376774 0.00682658 0.0467957 
0.0187629 0.00010598 0.00685718 5.76979e-05 0.00144269 6.67005e-06 0.000594305 0.020071 0.000341312 0.846838 0.0102452 0.0253481 0.0110577 5.63482e-05 1.20094e-06 5.41533e-05 0.00118064 0.000232429 0.000927159 2.92558e-05 1.05569e-06 0.0411661 0.000636021 0.0139873 
0.000739558 6.95346e-05 0.000642123 0.000646085 0.00497569 9.37472e-06 0.000139518 0.00187857 0.00316712 0.82697 0.0480055 0.0536701 0.027607 0.00131061 1.04157e-08 0.00117086 0.000141245 0.000436231 0.000335774 0.00256246 3.50804e-08 0.0132523 0.0118645 0.000406018 
0.0799141 0.00356748 0.0607944 0.00124589 0.0361545 0.0237445 0.00114889 0.034151 5.15762e-05 0.571893 0.0373309 0.0363102 0.059975 0.000130722 2.98977e-05 0.0126553 9.89032e-05 0.00217717 0.00289471 0.000627421 0.00280334 0.0267305 0.00119372 0.00437716 
0.0347978 0.0135568 0.131339 0.00059504 0.0579184 0.00108094 0.0155591 0.108558 0.00250424 0.214813 0.0909796 0.0118071 0.0527774 0.0220709 0.000121172 5.64595e-05 8.06971e-05 0.0374981 0.0144408 1.48936e-06 0.0113667 0.0917522 0.00135079 0.0849738 
0.06121 0.000133283 0.027004 0.133012 0.0046358 0.000832709 0.00151635 0.0223492 4.94951e-05 0.55992 0.0232204 0.0122189 0.0388985 0.00291474 7.94302e-06 0.00179494 0.000135871 0.0402916 0.00258361 1.48456e-05 0.00238329 0.0422956 0.00370284 0.0188739 
0.27279 0.000708999 0.0699549 2.74645e-06 0.00616269 0.0238301 0.000754064 0.059795 1.23829e-05 0.353074 0.00475454 0.00435843 0.0439414 2.8021e-06 8.62139e-07 0.00305041 0.00141595 0.0388582 7.74813e-05 0.000321876 5.89651e-05 0.0970685 0.00163174 0.017374 
0.160287 6.52208e-05 0.115544 0.000164803 0.000667901 2.81556e-07 0.0267565 0.0518217 0.00273365 0.377374 0.0132179 0.0423476 0.119403 6.46957e-07 3.59784e-07 2.88997e-05 1.36651e-05 0.000635575 0.0424089 1.60051e-06 5.06723e-05 0.0380191 0.00782737 0.000630487 
0.072764 0.00219207 0.0309624 0.000472509 0.0098428 7.7483e-05 0.0110034 0.164161 0.000401884 0.311405 0.0342589 0.0669032 0.191401 0.000194692 3.63053e-05 0.0202236 0.00523806 0.00607018 0.0149606 0.00204528 0.000401095 0.0477036 0.00367298 0.00360756 
0.000739558 6.95346e-05 0.000642123 0.000646085 0.00497569 9.37472e-06 0.000139518 0.00187857 0.00316712 0.82697 0.0480055 0.0536701 0.027607 0.00131061 1.04157e-08 0.00117086 0.000141245 0.000436231 0.000335774 0.00256246 3.50804e-08 0.0132523 0.0118645 0.000406018 
0.155389 0.000518722 0.0211011 0.00634095 0.0174156 6.9398e-06 0.00242623 0.0438004 0.000313239 0.567264 0.00595743 0.0206741 0.0316381 5.19226e-06 8.55574e-06 0.00151751 0.00146571 0.00400368 0.0336553 0.000660275 0.000662653 0.0721145 0.000606541 0.0124543 
0.000739558 6.95346e-05 0.000642123 0.000646085 0.00497569 9.37472e-06 0.000139518 0.00187857 0.00316712 0.82697 0.0480055 0.0536701 0.027607 0.00131061 1.04157e-08 0.00117086 0.000141245 0.000436231 0.000335774 0.00256246 3.50804e-08 0.0132523 0.0118645 0.000406018 
0.0598404 0.000259832 0.0345309 1.38828e-05 0.00224508 4.50472e-06 1.35292e-05 0.0404009 7.40663e-05 0.672055 0.00168904 0.0576816 0.0719423 9.07012e-09 9.21379e-07 0.00220769 1.75082e-05 0.000657848 0.00501327 5.68634e-06 0.016912 0.0179836 0.00780068 0.00864939 
0.000739558 6.95346e-05 0.000642123 0.000646085 0.00497569 9.37472e-06 0.000139518 0.00187857 0.00316712 0.82697 0.0480055 0.0536701 0.027607 0.00131061 1.04157e-08 0.00117086 0.000141245 0.000436231 0.000335774 0.00256246 3.50804e-08 0.0132523 0.0118645 0.000406018 
0.023986 0.000278616 0.0497431 0.00156394 0.000709006 4.06247e-05 0.00335357 0.0487647 1.024e-05 0.613731 0.00544878 0.103118 0.00824794 6.9439e-08 4.26761e-08 0.000187566 6.17316e-05 0.00161311 0.1062 2.40229e-06 1.76011e-05 0.0264765 0.00565388 0.000792513 
0.000739558 6.95346e-05 0.000642123 0.000646085 0.00497569 9.37472e-06 0.000139518 0.00187857 0.00316712 0.82697 0.0480055 0.0536701 0.027607 0.00131061 1.04157e-08 0.00117086 0.000141245 0.000436231 0.000335774 0.00256246 3.50804e-08 0.0132523 0.0118645 0.000406018 
0.0322571 4.59137e-05 0.165998 0.000555308 0.0207134 2.87182e-07 0.000230334 0.198146 0.00376383 0.200195 0.0263402 0.0692501 0.0975111 4.95074e-05 2.09697e-06 0.000124729 3.13618e-05 0.000196379 0.0801699 0.000627804 0.000832489 0.0926963 0.00742098 0.00284164 
0.000767268 1.56947e-09 4.44787e-06 1.4072e-09 0.0285913 4.19571e-10 9.51161e-10 0.203426 1.19492e-09 0.661164 0.0888851 3.39769e-05 0.00307867 7.37383e-06 1.47552e-09 3.04338e-06 3.04012e-09 6.84355e-10 0.000238978 1.29875e-09 0.0122439 0.00155283 8.07331e-10 2.73463e-06 
0.223468 0.00102212 0.104581 0.0142022 0.0301175 5.62526e-05 0.0198598 0.116944 0.000613951 0.303226 0.0109194 0.0203256 0.048324 0.000716033 1.70441e-05 0.0144686 0.000125795 0.0238851 0.00742377 0.0163956 0.00325554 0.031556 0.00417354 0.00432309 
0.126245 0.00193821 0.0215747 0.000817743 0.0771047 9.29363e-06 0.00840092 0.0248505 0.000949596 0.636335 0.00661012 0.00577581 0.0243048 4.28655e-05 3.08362e-06 0.0002452 2.963e-05 0.00298614 0.000529029 6.05568e-05 0.00273302 0.047464 0.000268348 0.0107225 
0.0198022 0.00687053 0.0136388 0.0048409 0.00117746 2.39204e-05 4.86723e-06 0.000226744 2.61762e-06 0.77056 0.000120752 0.00812744 0.00477763 4.1939e-08 5.28557e-09 1.0292e-05 3.93697e-06 6.8668e-07 8.48573e-05 3.71904e-06 0.000576172 0.16887 0.000277202 1.57079e-09 
0.0280021 0.000376963 0.112303 0.00172563 0.0177271 1.10231e-05 0.0100889 0.175914 0.000648453 0.342563 0.0178088 0.0310552 0.224614 1.08664e-06 5.84124e-06 0.00978917 1.83708e-05 0.000491781 0.00358975 0.000110303 0.00224452 0.0152489 0.00224982 0.00341196 
0.0916846 2.80457e-05 0.00469882 3.74219e-05 0.000455845 1.67417e-06 0.000114319 0.0026603 3.54188e-06 0.857954 0.000660708 0.00315681 0.00240751 1.87554e-07 6.17635e-10 1.86575e-07 0.000111603 0.000805875 0.000348052 1.90562e-06 6.66591e-05 0.0259002 0.00880741 9.41918e-05 
0.000739558 6.95346e-05 0.000642123 0.000646085 0.00497569 9.37472e-06 0.000139518 0.00187857 0.00316712 0.82697 0.0480055 0.0536701 0.027607 0.00131061 1.04157e-08 0.00117086 0.000141245 0.000436231 0.000335774 0.00256246 3.50804e-08 0.0132523 0.0118645 0.000406018 
0.0289472 0.000133157 0.0547385 0.000850149 0.0629793 1.50144e-05 0.0242462 0.060207 0.00218176 0.233506 0.204401 0.0198089 0.0459279 7.9801e-08 1.07747e-06 8.11045e-05 0.00722994 0.0115898 0.0133669 1.22932e-05 7.21796e-06 0.218176 0.00575192 0.00584186 
0.0385257 0.000130996 0.0211056 0.00529178 0.00269194 6.01944e-05 4.02143e-05 0.00532408 0.000290871 0.386079 0.00232234 0.0401899 0.0414032 1.46723e-08 1.74387e-05 0.0482039 0.000405294 0.00057419 0.160017 0.000218914 0.000889922 0.217179 0.0288533 0.000185827 
0.0281732 0.0020053 0.0331094 0.000854965 0.00597241 0.000722142 0.0657897 0.117745 0.000243795 0.532509 0.0304237 0.0368121 0.0830565 0.000165814 1.56827e-05 0.0154898 6.73478e-05 0.00208674 0.00136402 0.00133536 0.000194038 0.0109462 0.00437281 0.0265445 
0.00313871 5.60475e-05 0.000994109 0.000613657 0.00578351 2.01255e-05 0.000425967 0.00668336 0.00147297 0.553348 0.0374668 0.117177 0.03413 0.00242558 6.47406e-05 0.00457901 8.56349e-05 0.000983449 0.000878359 0.00142985 2.04157e-07 0.0685739 0.146079 0.0135902 
0.0325468 1.13875e-06 0.107444 0.00227406 0.00477782 8.50512e-06 7.65e-08 0.00625991 0.00015652 0.684228 0.0238148 0.0510684 0.0033857 2.39324e-09 4.79093e-06 1.14517e-06 1.16463e-06 1.21858e-05 1.09563e-06 2.1265e-06 0.000152537 0.0689141 2.40877e-05 0.0149207 
0.0348058 1.93482e-05 0.0684577 0.000641855 0.0177588 0.00401145 0.00859361 0.0308115 0.00402693 0.405435 0.0127449 0.0431604 0.0532689 1.67233e-06 1.73187e-07 1.97022e-06 5.74747e-05 0.00721708 0.0156704 0.00177721 0.0312745 0.210516 0.00301463 0.0467332 
0.128124 0.00102563 0.033416 0.0218536 0.00135314 0.000444508 0.00088004 0.0258793 1.49068e-10 0.47639 4.64953e-07 0.0540045 5.12026e-07 0.00187194 1.84073e-10 3.41647e-11 2.52349e-07 0.0190419 0.0145173 1.62021e-10 3.1573e-07 0.123947 0.0972499 5.47037e-11 
0.0779083 5.11331e-06 0.0703534 0.000212098 0.0306733 4.67787e-05 0.00176945 0.0865853 1.68928e-05 0.689753 0.0046133 0.00479242 0.0188101 6.92678e-10 0.000100173 0.000431292 8.07376e-06 0.00130634 0.00162911 4.36255e-07 0.000914955 0.00545799 0.000801068 0.00381139 
0.0121214 1.98962e-05 0.0668606 0.00318796 1.78999e-05 2.34247e-05 0.0459119 0.00589556 0.00923837 0.43946 0.000346698 0.127431 0.0401492 7.60811e-05 1.6938e-07 3.14376e-08 3.48987e-07 1.80097e-05 5.50847e-05 1.49088e-07 0.0179654 0.229334 0.00188712 5.03372e-08 
0.0686404 4.5149e-10 0.0407192 5.21473e-07 0.048711 1.20698e-10 5.39975e-07 0.0140134 0.000631278 0.453574 1.444e-05 0.0587903 0.00940124 2.73766e-06 4.24464e-10 4.23319e-08 0.00270463 0.00392144 8.62276e-06 0.000207442 0.000298509 0.271599 0.00113009 0.0256319 
0.0916846 2.80457e-05 0.00469882 3.74219e-05 0.000455845 1.67417e-06 0.000114319 0.0026603 3.54188e-06 0.857954 0.000660708 0.00315681 0.00240751 1.87554e-07 6.17635e-10 1.86575e-07 0.000111603 0.000805875 0.000348052 1.90562e-06 6.66591e-05 0.0259002 0.00880741 9.41918e-05 
0.0589849 0.000628567 0.0288184 9.04893e-05 0.144326 6.41466e-05 0.0103321 0.0492773 0.000770173 0.33231 0.0459881 0.0123168 0.257692 4.85117e-05 6.18526e-05 0.000366245 0.00038433 0.00718691 0.000173319 2.2033e-06 0.000100121 0.0251455 0.000133047 0.0247989 
0.0916846 2.80457e-05 0.00469882 3.74219e-05 0.000455845 1.67417e-06 0.000114319 0.0026603 3.54188e-06 0.857954 0.000660708 0.00315681 0.00240751 1.87554e-07 6.17635e-10 1.86575e-07 0.000111603 0.000805875 0.000348052 1.90562e-06 6.66591e-05 0.0259002 0.00880741 9.41918e-05 
0.14979 9.33275e-07 0.164553 0.00219471 0.106502 0.000292461 0.0326351 0.127814 0.00286134 0.351237 0.00212267 0.00774895 0.00798218 1.28689e-09 2.52432e-07 1.38952e-05 0.000101227 2.86255e-05 0.0151165 6.81258e-06 6.76436e-05 0.021953 2.5696e-05 0.00695186 
0.000739558 6.95346e-05 0.000642123 0.000646085 0.00497569 9.37472e-06 0.000139518 0.00187857 0.00316712 0.82697 0.0480055 0.0536701 0.027607 0.00131061 1.04157e-08 0.00117086 0.000141245 0.000436231 0.000335774 0.00256246 3.50804e-08 0.0132523 0.0118645 0.000406018 
0.028327 0.000983095 0.0473265 0.000508024 0.0243895 1.05057e-06 0.00535511 0.0425325 1.67509e-05 0.547421 0.00501473 0.0254386 0.135212 0.000463267 1.84727e-06 0.0584849 6.19664e-05 0.00303286 0.00295202 4.29193e-05 0.0192818 0.0395953 0.000911174 0.0126462 
0.0126132 9.97046e-05 0.0155437 0.00519462 0.000255115 1.15952e-08 0.0222099 0.27551 0.000233266 0.452588 0.00022282 0.00393537 0.206548 1.77833e-10 3.91505e-08 6.7488e-05 3.27164e-07 4.47629e-07 0.00143537 6.962e-08 1.26933e-06 0.00114415 2.38373e-05 0.00237326 
3.50413e-05 6.67536e-05 2.08466e-08 9.05374e-08 0.332546 2.69946e-08 0.149457 1.295e-08 7.68793e-08 0.458951 0.000162951 0.00489023 0.0374181 1.54467e-07 9.68485e-06 1.76199e-08 1.95597e-07 0.000101533 0.000660431 0.00022278 3.88528e-06 0.0149481 0.000192509 0.000333303 
0.000739558 6.95346e-05 0.000642123 0.000646085 0.00497569 9.37472e-06 0.000139518 0.00187857 0.00316712 0.82697 0.0480055 0.0536701 0.027607 0.00131061 1.04157e-08 0.00117086 0.000141245 0.000436231 0.000335774 0.00256246 3.50804e-08 0.0132523 0.0118645 0.000406018 
0.0394471 0.000818952 0.0117344 0.0101018 0.0059628 1.0123e-05 0.0031679 0.0111013 0.0176527 0.641923 0.0047057 0.0520564 0.048319 1.61698e-06 1.20471e-05 8.53514e-06 6.50145e-06 0.00896539 0.00391825 2.01027e-05 0.000228498 0.121125 0.0180078 0.000704189 
0.0233726 0.000221684 0.0151302 0.000130419 0.0287484 0.211519 0.00323099 0.0284327 0.000193824 0.388972 0.0120204 0.0107107 0.232232 0.0022147 0.000130334 0.00236242 7.85232e-05 0.0223292 0.000730868 3.31028e-06 0.00310142 0.0135908 0.000104629 0.000439264 
0.00644563 0.000623189 0.0382831 0.00323976 0.00134156 7.49482e-07 0.00172693 0.126325 0.00453201 0.396554 0.0315087 0.217888 0.030646 2.16869e-07 8.17407e-08 1.16054e-05 2.17164e-05 0.0106361 0.000239486 0.000546736 4.68006e-05 0.0127693 0.115288 0.00132476 
0.0436097 0.000454879 0.02784 0.00150988 0.0653114 3.93536e-05 0.00869948 0.166646 0.0123894 0.390381 0.0783234 0.0610595 0.0252745 0.00598734 3.84953e-07 0.0066444 0.000461249 0.00124488 0.00828679 0.000271879 0.000282453 0.0461748 0.00532239 0.0437849 
0.258141 2.28518e-05 0.0210775 0.00494003 0.00315028 0.0123977 0.00296706 0.0418115 0.000149408 0.409296 0.00189543 0.0332411 0.0413072 1.3068e-10 3.22511e-05 0.00409739 0.000313414 0.0761928 0.0564824 3.46214e-05 0.000403461 0.0164099 0.0137368 0.00190057 
0.172966 0.00265149 0.0792624 0.00066274 0.0362526 0.00754121 0.00472239 0.0614697 0.00191242 0.223867 0.0326923 0.0439929 0.0861935 0.00173704 0.000322399 0.0129307 0.000634921 0.0587418 0.0161527 0.00100265 0.0458071 0.0556859 0.00630099 0.0464973 
0.0310023 0.000897533 0.0241347 0.0671238 0.0086339 6.91036e-05 0.0179255 0.135755 0.00024729 0.452581 0.0145951 0.0458913 0.041538 3.32735e-05 0.0327947 0.0020473 0.000116441 0.00350534 0.000217485 0.00983888 0.0103635 0.0391212 0.00227284 0.059295 
0.0848656 0.00124562 0.0778517 0.00021675 0.00273606 5.33281e-07 0.0544866 0.123667 0.00239064 0.58808 0.0144142 0.021849 0.012933 2.93918e-07 9.92497e-07 0.00175758 1.521e-05 0.00336731 0.000188424 0.000136305 8.66509e-07 0.00348872 0.00564906 0.000658327 
0.108645 1.44916e-05 0.0131102 8.08278e-05 0.0172534 0.0018072 0.00396533 0.100541 2.97158e-05 0.686856 0.000552639 0.00390416 0.00917437 0.000116056 0.000225282 0.000574024 6.6964e-07 0.0278842 0.00210442 2.27095e-06 0.0195574 0.000843012 4.41508e-06 0.0027539 
0.203942 0.00154128 0.0116009 0.00978975 0.000857801 1.94921e-05 0.00027365 0.0164406 2.04561e-06 0.555968 0.00376602 0.00609836 0.0448728 2.99559e-09 6.88714e-05 0.00609617 0.00270675 0.00181341 0.00097047 8.64556e-05 0.000411578 0.127442 0.00065437 0.00457714 
0.129724 0.00222365 0.0865509 0.0147106 0.0200317 0.00737947 0.00465702 0.124558 0.00200864 0.222138 0.0222691 0.0634151 0.0795976 0.000203762 0.000613827 0.00897787 0.000122891 0.0294077 0.00288222 0.000414282 0.00268654 0.12649 0.00596078 0.0429767 
0.0728796 0.00248709 0.0371493 0.00171183 0.0323429 0.000949643 0.00569883 0.22914 0.00307531 0.358065 0.0190375 0.0335165 0.100254 0.00535633 0.000133203 0.00963649 0.000487123 0.0261579 0.0179997 0.000637137 0.00334168 0.0292935 0.00198329 0.00866636 
0.169893 0.00130112 0.0468048 0.00288593 0.0431339 0.000116538 0.000785286 0.0234388 9.96058e-05 0.180611 0.085345 0.0906273 0.0600944 0.0273132 1.31126e-05 0.00433086 0.000390488 0.0446621 0.00720503 0.000330556 0.00154815 0.145621 0.00588187 0.057567 
0.154502 0.00305642 0.0800709 0.00579933 0.0318245 0.000772175 0.000892151 0.207791 1.6207e-07 0.217196 0.00731285 0.0336324 0.0736674 6.27076e-08 1.30776e-05 0.000229449 0.000380723 0.012554 0.0161919 5.91217e-05 8.53e-06 0.129259 0.0243631 0.000423118 
0.152972 0.0254289 0.0208608 0.00231726 0.0220592 0.000788195 0.0137859 0.0877214 0.000289071 0.231108 0.0365816 0.0677182 0.211415 6.43402e-05 2.86987e-06 0.00767152 0.00590919 0.0807693 0.004246 0.000950671 0.000957398 0.0158163 0.00332332 0.00724395 
0.163581 4.75214e-05 0.0377546 0.000143098 0.0375721 0.000176005 0.026224 0.0792058 0.00301532 0.215838 0.0363558 0.0115158 0.1776 2.55285e-06 6.87584e-05 0.0121732 0.000272487 0.00269752 0.134933 3.31619e-05 0.000311629 0.0535396 0.00176932 0.00517022 
0.0368827 0.00145009 0.0377778 0.00400493 0.0453155 4.89692e-05 0.0306886 0.152299 0.0303013 0.374003 0.0410319 0.0324956 0.121767 9.71417e-07 0.00147668 0.00151434 0.00100437 0.00129144 0.0113183 0.000237787 0.00099305 0.0444801 0.0101826 0.0194338 
0.0690862 0.00412195 0.0399887 0.0142166 0.00311044 0.000125089 0.000223993 0.0469223 9.92309e-06 0.493404 0.0248321 0.031285 0.0338782 1.79731e-07 2.88951e-06 7.81371e-05 4.00047e-05 0.00171506 0.00372297 0.000208881 1.80467e-05 0.12403 0.0622292 0.0467502 
0.0444489 9.43009e-06 0.0112459 1.50368e-05 0.000714797 2.94801e-08 0.0296242 0.0219522 4.33973e-05 0.815426 0.00307062 0.0385501 0.00130637 4.69167e-09 2.88342e-09 0.000208934 2.61668e-06 0.00276571 3.1084e-05 0.00141304 0.00021718 0.0114689 0.0161457 0.00133945 
2.40073e-06 4.44919e-11 0.258558 0.00120715 1.56632e-06 1.18942e-11 6.3368e-07 4.7451e-06 3.38741e-11 0.700054 1.49383e-06 1.82978e-06 6.51523e-07 6.80601e-11 4.18287e-11 7.76357e-12 2.15543e-07 0.0366724 1.7599e-06 1.84456e-08 1.13608e-07 0.00339504 3.77173e-06 9.44496e-05 
0.0935656 0.000192748 0.0450608 0.000973437 0.00774808 4.03721e-06 0.00470952 0.055174 1.72186e-06 0.352752 0.0102545 0.00454166 0.238213 0.00108652 3.46445e-05 0.00637827 0.000911737 0.0113298 0.000501038 2.85223e-06 1.28472e-06 0.161694 0.000319223 0.00455027 
0.025616 0.000223847 0.00699045 0.000191296 0.011724 0.0102106 0.0014642 0.0061696 0.00108603 0.874573 0.00180336 0.00712468 0.0141672 0.000310599 1.97298e-05 0.000836585 3.06099e-05 0.00207401 0.000988021 3.75372e-05 0.00115746 0.0274312 0.000558325 0.00521115 
0.27279 0.000708999 0.0699549 2.74645e-06 0.00616269 0.0238301 0.000754064 0.059795 1.23829e-05 0.353074 0.00475454 0.00435843 0.0439414 2.8021e-06 8.62139e-07 0.00305041 0.00141595 0.0388582 7.74813e-05 0.000321876 5.89651e-05 0.0970685 0.00163174 0.017374 
0.000739558 6.95346e-05 0.000642123 0.000646085 0.00497569 9.37472e-06 0.000139518 0.00187857 0.00316712 0.82697 0.0480055 0.0536701 0.027607 0.00131061 1.04157e-08 0.00117086 0.000141245 0.000436231 0.000335774 0.00256246 3.50804e-08 0.0132523 0.0118645 0.000406018 
0.000739558 6.95346e-05 0.000642123 0.000646085 0.00497569 9.37472e-06 0.000139518 0.00187857 0.00316712 0.82697 0.0480055 0.0536701 0.027607 0.00131061 1.04157e-08 0.00117086 0.000141245 0.000436231 0.000335774 0.00256246 3.50804e-08 0.0132523 0.0118645 0.000406018 
0.0717232 1.12485e-06 0.00427937 1.12498e-06 0.0389569 1.12577e-06 1.12535e-06 0.0535963 1.12515e-06 0.62438 0.0556226 0.0201568 1.12601e-06 0.00191223 1.12492e-06 0.00382916 1.12367e-06 1.12556e-06 0.0185687 1.12507e-06 0.00382515 0.100321 1.12546e-06 0.00281551 
6.92452e-05 6.88488e-09 3.84772e-05 8.25174e-07 2.05042e-05 0.000227623 8.73343e-06 0.359217 3.32208e-07 0.421138 3.47593e-06 5.23813e-12 0.0136739 1.04277e-10 1.98675e-06 0.176848 1.41299e-06 4.32128e-05 2.97338e-06 2.12104e-06 5.19698e-06 0.0286853 3.50651e-11 1.1675e-05 
0.000778477 2.14996e-06 4.43857e-07 1.92768e-06 3.77498e-07 5.74757e-07 1.30296e-06 0.00454977 1.63688e-06 0.988242 2.93676e-07 0.00249481 1.78273e-07 3.28883e-06 2.02126e-06 3.75155e-07 4.16456e-06 9.37476e-07 1.36503e-06 1.77911e-06 2.38584e-06 0.00390825 1.10594e-06 6.00689e-07 
0.00795231 0.0383651 0.0198809 2.28153e-05 0.058677 0.00318831 0.00297559 0.292929 7.28208e-07 0.340526 0.00181576 0.048744 0.0442292 6.76039e-07 0.000507082 0.0024953 0.0010506 7.1081e-06 0.00644255 3.78479e-07 0.00677786 0.0968719 0.00337378 0.0231659 
0.0250904 0.000512361 0.0311188 0.00134295 0.0165167 2.87476e-05 0.00561322 0.0931335 0.00216315 0.44863 0.0324635 0.0396633 0.242381 0.000280871 0.00022519 0.0201816 2.64813e-05 0.00111135 0.00244349 7.32728e-05 0.00157126 0.0119187 0.00070391 0.0228058 
0.0407617 0.000104265 0.0425218 0.000371146 0.00442463 0.000174991 0.0507381 0.00883674 0.00102086 0.657897 0.00793585 0.00551538 0.02058 7.62405e-05 9.45343e-07 0.000149718 0.000391785 0.00168587 0.00175001 0.000175794 4.60479e-05 0.0417334 0.000153006 0.112955 
0.00953839 0.00204445 0.204628 0.000255764 0.00450577 0.000100278 0.00809779 0.0802752 5.39303e-06 0.314373 0.16343 0.0454375 0.0315777 2.47142e-07 3.36836e-06 0.0203933 3.12949e-07 0.00620583 0.00099507 0.00296148 0.0104676 0.0453283 0.00157671 0.0477983 
0.0317804 0.000488497 0.0190212 0.00285269 0.00599919 9.33693e-05 0.000799972 0.0227378 1.48287e-06 0.599468 0.0104364 0.00188963 0.0830843 6.36538e-10 1.42565e-06 7.10132e-07 3.36868e-05 0.00140509 1.7156e-06 0.00462448 4.61769e-10 0.0417408 0.00658975 0.16695 
0.373172 2.04724e-05 0.0277321 0.00054815 0.0137267 0.00895688 0.000667685 0.0331918 8.59378e-06 0.46138 0.0014127 0.00952857 0.00471793 5.11794e-08 1.8387e-06 2.47802e-06 1.6836e-05 0.012257 0.0192038 4.19915e-06 3.67172e-05 0.0316864 0.00140037 0.000326857 
0.0372655 0.0651285 0.0608265 0.00028982 0.0577744 0.0220757 0.0198183 0.0307717 5.38888e-06 0.631515 0.00315316 0.005626 0.0336314 5.06575e-05 2.84133e-05 0.000559643 8.54122e-05 0.00045071 0.00052836 0.00178123 0.000177446 0.0247809 0.00238286 0.00129276 
0.203017 0.000132212 0.0295442 0.000483414 0.126424 9.55307e-06 0.00361016 0.0878156 0.000126929 0.320873 0.094162 0.0262743 0.0731751 9.25873e-09 6.7508e-08 0.0010753 0.000508767 1.77651e-05 0.00703225 6.22476e-06 0.00456498 0.0114533 0.00219473 0.00749812 
0.344442 0.00814205 0.0436854 0.000641513 0.0165774 4.59983e-05 6.66399e-05 0.0228689 3.76178e-05 0.355111 0.00711954 0.0345384 0.0708361 0.00475119 0.000149843 0.00237311 0.000423427 0.0209734 0.0168028 0.00142879 0.000130882 0.033783 0.00118451 0.0138864 
0.0884992 0.0245114 0.0334229 0.000391028 0.0084235 0.000111384 0.00648811 0.125982 0.000204352 0.358168 0.0887234 0.0379558 0.0996125 0.000151479 0.000383273 0.0485625 1.78179e-05 0.0257023 0.00117581 0.00092901 0.00128672 0.0283918 0.0160182 0.0048877 
0.066103 0.00340693 0.0200313 0.00556693 0.0190273 9.85474e-06 0.0316599 0.102731 0.000214797 0.44225 0.052397 0.0500093 0.0748787 0.000357727 0.000124122 0.0347632 0.000577101 0.00278286 0.000439275 0.00107456 0.00486869 0.0664011 0.00282995 0.0174952 
0.0482447 0.00504409 0.0437435 0.00376219 0.0462506 0.00411373 0.024283 0.108881 0.00642015 0.294391 0.0685251 0.0794414 0.13106 0.00046794 0.000237403 0.0146069 0.000671145 0.00810836 0.0160084 0.00130538 0.00298067 0.0640039 0.00830543 0.0191445 
0.0745845 0.000647447 0.0145285 4.01858e-05 0.00597834 8.72923e-07 0.000836337 0.0417732 0.0188979 0.568435 0.0276282 0.0143118 0.203376 9.12999e-08 3.51915e-05 0.00162591 5.03748e-05 0.000428791 0.000586531 0.00171429 9.17997e-05 0.0211486 0.000391982 0.00288856 
0.0155702 3.48789e-05 0.00313945 0.000634138 0.00937949 0.000170492 0.256197 0.0649211 4.369e-05 0.495146 0.00114915 0.0224976 0.0175543 6.90401e-05 0.0736724 0.00191766 0.000126492 0.00491617 0.000140604 2.15207e-05 0.000148639 0.0238684 0.00755913 0.00112255 
0.135118 1.03838e-06 0.000234185 0.00137176 1.01907e-05 2.77594e-07 0.000116456 0.0297264 7.90575e-07 0.670726 0.000146245 0.010241 0.0433831 1.58843e-06 9.76224e-07 8.21606e-06 2.01139e-06 8.96382e-05 0.000420043 8.59268e-07 0.00204881 0.106271 8.15986e-05 2.90119e-07 
0.0717232 1.12485e-06 0.00427937 1.12498e-06 0.0389569 1.12577e-06 1.12535e-06 0.0535963 1.12515e-06 0.62438 0.0556226 0.0201568 1.12601e-06 0.00191223 1.12492e-06 0.00382916 1.12367e-06 1.12556e-06 0.0185687 1.12507e-06 0.00382515 0.100321 1.12546e-06 0.00281551 
0.067825 0.000123762 0.00140957 0.000299415 0.000246787 2.37622e-05 0.0410412 0.217047 0.00448052 0.279259 0.0383754 0.0322082 0.177412 1.64835e-08 0.000241081 0.00093381 4.61565e-06 0.0140148 0.00125874 0.000306034 4.6821e-05 0.028239 0.0916292 0.00357466 
0.0645267 5.21308e-05 0.0361381 0.000431179 0.000183269 7.24463e-05 0.0203642 0.0416214 3.54545e-06 0.652379 0.00230821 0.00627593 0.0292758 4.78261e-06 0.000155023 4.01174e-05 0.000108187 0.00459343 0.0389412 3.69705e-05 0.000321506 0.10066 0.00143397 7.30436e-05 
0.0138939 6.52695e-06 0.0441805 0.000146945 0.0102943 5.65215e-06 0.010793 0.00114956 1.92189e-07 0.819785 0.00499397 0.0316372 0.00367282 1.00395e-07 6.1701e-08 0.0082296 1.74467e-06 0.00135939 3.59811e-05 0.000327121 7.31099e-05 0.00929151 0.0379399 0.00218167 
0.169314 0.00825121 0.0439913 0.0725627 0.0380206 0.00624136 0.0091103 0.224463 6.31276e-05 0.26677 0.035445 0.0676757 0.0332689 1.92918e-06 2.85603e-06 0.000919406 2.51901e-05 0.00254775 0.00371009 0.0101163 0.000502393 0.00102446 0.00095425 0.0050173 
0.27279 0.000708999 0.0699549 2.74645e-06 0.00616269 0.0238301 0.000754064 0.059795 1.23829e-05 0.353074 0.00475454 0.00435843 0.0439414 2.8021e-06 8.62139e-07 0.00305041 0.00141595 0.0388582 7.74813e-05 0.000321876 5.89651e-05 0.0970685 0.00163174 0.017374 
0.129815 0.000618694 0.0247998 0.000585717 0.0337562 4.7632e-06 0.0132299 0.146253 0.00421597 0.357695 0.0640767 0.0359429 0.120343 5.40385e-05 1.71542e-07 0.0189465 0.00236765 0.00907827 0.000560065 0.000151353 0.00186697 0.0125877 0.00489176 0.018158 
0.27279 0.000708999 0.0699549 2.74645e-06 0.00616269 0.0238301 0.000754064 0.059795 1.23829e-05 0.353074 0.00475454 0.00435843 0.0439414 2.8021e-06 8.62139e-07 0.00305041 0.00141595 0.0388582 7.74813e-05 0.000321876 5.89651e-05 0.0970685 0.00163174 0.017374 
0.042337 0.000895901 0.0165902 0.00128993 0.0221012 4.83885e-06 0.00322391 0.170315 0.000671436 0.40392 0.0853663 0.0660875 0.135156 0.000134194 0.00522242 0.00134849 9.92464e-05 0.00172161 0.00128982 0.00415722 0.0015163 0.0255159 0.0029218 0.00811322 
0.00728725 0.00131636 0.061027 0.000241419 0.00348501 1.13862e-05 0.00133089 0.101887 8.27523e-05 0.303727 0.222187 0.0924183 0.088453 3.96798e-08 5.27146e-06 0.00518666 1.29048e-05 0.000411083 0.0251905 1.73749e-05 0.000580736 0.068032 0.00712824 0.00998021 
0.0646458 0.008277 0.0360191 0.00281626 0.00184216 4.85847e-06 0.000631979 0.095274 0.000241873 0.675173 0.00197454 0.00431889 0.00192223 1.82269e-05 2.14405e-06 1.76358e-05 0.000213949 0.00416246 0.000551973 1.12466e-05 1.11987e-05 0.0963103 0.0052117 0.000347061 
0.000739558 6.95346e-05 0.000642123 0.000646085 0.00497569 9.37472e-06 0.000139518 0.00187857 0.00316712 0.82697 0.0480055 0.0536701 0.027607 0.00131061 1.04157e-08 0.00117086 0.000141245 0.000436231 0.000335774 0.00256246 3.50804e-08 0.0132523 0.0118645 0.000406018 
0.0519427 9.04074e-06 0.0115985 0.0018843 0.00584888 3.19418e-05 0.000558222 0.00268261 6.51114e-06 0.815906 0.00046593 0.022844 0.00194273 9.74794e-06 1.59446e-05 0.000101828 8.10701e-05 2.08892e-05 0.00220747 4.33442e-05 0.000184282 0.0669009 0.00188343 0.0128295 
0.0277069 0.000369357 0.0415405 0.00121984 0.0347999 2.69869e-05 0.026349 0.0541741 0.000273797 0.373744 0.0371781 0.104456 0.160985 0.00226851 5.05457e-07 0.0253352 5.02565e-05 0.0438872 0.00193707 0.00278299 0.00277889 0.0347941 0.0195157 0.00382469 
0.153551 0.000458689 0.0270307 0.0117591 0.0123267 7.17648e-07 0.00298685 0.0387617 0.000987513 0.616293 0.0147371 0.0301664 0.0465357 8.0946e-08 8.21222e-07 0.00135649 0.00395335 0.00483263 0.000524296 0.000967256 0.000883925 0.0157773 0.0149889 0.00112002 
0.0916846 2.80457e-05 0.00469882 3.74219e-05 0.000455845 1.67417e-06 0.000114319 0.0026603 3.54188e-06 0.857954 0.000660708 0.00315681 0.00240751 1.87554e-07 6.17635e-10 1.86575e-07 0.000111603 0.000805875 0.000348052 1.90562e-06 6.66591e-05 0.0259002 0.00880741 9.41918e-05 
0.0124045 4.55527e-07 0.255571 1.98164e-08 0.0043338 5.85255e-07 0.0175594 0.153503 8.95032e-07 0.382048 0.000446682 0.0153776 0.0245233 4.59794e-05 7.21707e-07 3.85656e-09 1.52424e-06 0.019241 0.0231997 0.071264 0.0035321 0.0157796 1.00192e-05 0.00115593 
0.0916846 2.80457e-05 0.00469882 3.74219e-05 0.000455845 1.67417e-06 0.000114319 0.0026603 3.54188e-06 0.857954 0.000660708 0.00315681 0.00240751 1.87554e-07 6.17635e-10 1.86575e-07 0.000111603 0.000805875 0.000348052 1.90562e-06 6.66591e-05 0.0259002 0.00880741 9.41918e-05 
0.010996 0.0086298 0.000218311 7.53858e-05 0.000302116 0.000279933 0.00318499 0.00100455 4.50405e-07 0.219576 0.000417787 0.033302 0.0448794 0.0628514 5.56172e-07 0.000777352 0.000189208 0.00273972 0.198499 6.63225e-05 0.177849 0.161586 0.0706898 0.0018845 
0.0722292 2.10505e-05 0.0216892 0.000454874 0.0196707 0.000175075 0.00741529 0.0316392 0.000347342 0.395409 0.0460064 0.0415164 0.0722838 6.58601e-07 0.0210249 0.00693213 4.2953e-05 0.0133275 0.0063732 0.00197405 0.0024781 0.206122 0.0287701 0.00409641 
0.000739558 6.95346e-05 0.000642123 0.000646085 0.00497569 9.37472e-06 0.000139518 0.00187857 0.00316712 0.82697 0.0480055 0.0536701 0.027607 0.00131061 1.04157e-08 0.00117086 0.000141245 0.000436231 0.000335774 0.00256246 3.50804e-08 0.0132523 0.0118645 0.000406018 
2.43277e-06 2.43042e-06 2.43259e-06 2.43071e-06 2.43267e-06 0.00535375 2.4315e-06 2.43279e-06 2.43107e-06 0.539194 2.43277e-06 0.0291978 0.0498775 2.42897e-06 2.43058e-06 0.0109495 0.00291586 2.43195e-06 2.43141e-06 0.00462113 2.43012e-06 0.336695 0.0211587 2.43238e-06 
0.010656 0.00139877 0.170305 0.0002261 0.0921081 1.78536e-06 0.0756674 0.134682 0.0169518 0.350433 0.040056 0.0205844 0.0188094 5.1593e-08 0.00209097 8.06411e-06 8.50769e-05 0.00106829 0.00341958 0.000110169 0.000589075 0.0494603 4.3079e-05 0.0112451 
0.0735198 1.6366e-05 0.171776 0.000386876 0.0194099 2.24166e-05 0.00245019 0.0324909 0.0310228 0.525954 0.0105892 0.0297009 0.0298721 3.01512e-06 4.85837e-07 0.000173872 0.00016825 0.0223193 0.00912439 1.3705e-05 0.000432383 0.0314128 0.00651572 0.00262466 
0.0135058 0.00821607 0.0183344 0.00124157 0.0200712 6.99416e-05 0.00379853 0.0450035 0.000633955 0.524693 0.034189 0.0633383 0.0576711 0.00537781 3.54589e-05 0.0413199 0.000713184 0.00105663 0.00275636 0.000285045 0.000100912 0.120547 0.0104331 0.026608 
0.118961 0.00390026 0.114671 0.00483175 0.00670484 6.19754e-05 0.00353182 0.0523614 0.00269178 0.166594 0.0177635 0.155234 0.070603 1.64933e-05 2.55393e-05 0.0193453 0.00647789 0.142763 0.00547294 0.00914212 0.000148917 0.0648748 0.00996756 0.0238549 
0.0303473 0.0038015 0.0700827 1.91456e-05 0.00441455 1.57965e-06 0.000151404 0.0211344 0.0013144 0.390214 0.00172546 0.368464 0.0392869 6.92365e-06 8.16478e-05 0.0220387 0.000307851 0.00117048 0.00246575 0.00018729 4.57893e-10 0.0250508 0.0153362 0.00239622 
0.0121901 0.00230508 0.0774468 8.77457e-05 0.226657 5.14067e-08 0.018725 0.122677 0.0043952 0.276669 0.0546918 0.124018 0.00877681 3.65614e-07 6.97537e-06 0.00774539 6.51176e-06 0.000216995 0.0141227 8.18903e-05 0.00984809 0.0183495 0.0151628 0.00581901 
0.000176157 0.000253184 0.000705503 5.47885e-06 0.000143814 1.63357e-06 0.000336988 7.83669e-07 4.65234e-06 0.994812 8.5752e-05 0.00193466 5.06686e-07 9.34751e-06 5.74483e-06 4.13977e-05 1.18365e-05 2.66449e-06 0.000155689 5.05657e-06 6.78103e-06 0.000528627 0.000769809 1.70727e-06 
0.116349 8.01056e-06 0.195935 0.000216406 0.00921444 0.0422319 0.00903228 0.137203 0.000256499 0.297911 0.0102528 0.0409393 0.0167882 0.000147694 1.91288e-05 0.000105287 0.000610908 0.0722192 0.00834169 5.64582e-05 0.000534787 0.0122749 0.0272582 0.0020933 
0.000739558 6.95346e-05 0.000642123 0.000646085 0.00497569 9.37472e-06 0.000139518 0.00187857 0.00316712 0.82697 0.0480055 0.0536701 0.027607 0.00131061 1.04157e-08 0.00117086 0.000141245 0.000436231 0.000335774 0.00256246 3.50804e-08 0.0132523 0.0118645 0.000406018 
0.000739558 6.95346e-05 0.000642123 0.000646085 0.00497569 9.37472e-06 0.000139518 0.00187857 0.00316712 0.82697 0.0480055 0.0536701 0.027607 0.00131061 1.04157e-08 0.00117086 0.000141245 0.000436231 0.000335774 0.00256246 3.50804e-08 0.0132523 0.0118645 0.000406018 
0.0128535 0.00129977 0.158768 0.000237582 0.0421859 0.000248687 0.0176364 0.213437 0.000129408 0.27987 0.0335009 0.098839 0.0592732 9.44414e-05 3.13838e-06 0.0138573 4.59873e-06 0.000544494 0.00101312 3.23601e-06 0.00339804 0.0117456 0.0504084 0.000648645 
0.000739558 6.95346e-05 0.000642123 0.000646085 0.00497569 9.37472e-06 0.000139518 0.00187857 0.00316712 0.82697 0.0480055 0.0536701 0.027607 0.00131061 1.04157e-08 0.00117086 0.000141245 0.000436231 0.000335774 0.00256246 3.50804e-08 0.0132523 0.0118645 0.000406018 
0.0813631 0.00253842 0.0597644 0.0020156 0.0494724 0.0181328 0.0341634 0.0339226 8.14779e-05 0.407819 0.0168801 0.00881137 0.0461589 1.40193e-06 5.09914e-06 0.00251768 1.24836e-05 0.198967 0.000234374 0.000497941 0.000939568 0.0154221 0.00274164 0.0175362 
0.000739558 6.95346e-05 0.000642123 0.000646085 0.00497569 9.37472e-06 0.000139518 0.00187857 0.00316712 0.82697 0.0480055 0.0536701 0.027607 0.00131061 1.04157e-08 0.00117086 0.000141245 0.000436231 0.000335774 0.00256246 3.50804e-08 0.0132523 0.0118645 0.000406018 
0.0394471 0.000818952 0.0117344 0.0101018 0.0059628 1.0123e-05 0.0031679 0.0111013 0.0176527 0.641923 0.0047057 0.0520564 0.048319 1.61698e-06 1.20471e-05 8.53514e-06 6.50145e-06 0.00896539 0.00391825 2.01027e-05 0.000228498 0.121125 0.0180078 0.000704189 
0.176114 0.00530134 0.00919416 0.00182905 6.9429e-05 0.000376967 0.00232346 0.00277761 1.73617e-05 0.468007 0.000428798 0.0292968 0.0150902 8.63057e-08 1.26096e-06 5.0339e-07 9.56656e-06 0.00954066 0.0898803 2.87396e-05 6.26094e-08 0.163215 2.9022e-08 0.0264979 
0.27279 0.000708999 0.0699549 2.74645e-06 0.00616269 0.0238301 0.000754064 0.059795 1.23829e-05 0.353074 0.00475454 0.00435843 0.0439414 2.8021e-06 8.62139e-07 0.00305041 0.00141595 0.0388582 7.74813e-05 0.000321876 5.89651e-05 0.0970685 0.00163174 0.017374 
0.113975 0.0373248 0.0141674 0.0114407 0.00275736 4.42228e-07 0.0434612 0.209763 0.000468987 0.362228 0.0173998 0.0257945 0.064378 0.000613257 0.000173528 0.00258861 0.0224805 0.0174469 0.00181363 0.00278963 0.00680581 0.00560407 0.00216471 0.03436 
0.0195178 0.0387797 2.0138e-05 5.64881e-06 0.10404 0.122977 0.000338668 0.0226227 3.38141e-06 0.497224 1.37316e-05 0.0383452 0.0410685 7.80517e-06 0.000639689 0.00149195 5.06983e-06 0.0126161 2.33711e-06 6.34296e-05 0.000113173 0.0290048 0.000631579 0.0704681 
0.026493 3.85479e-05 0.0192708 0.0085826 0.0355 0.00651049 0.00386583 0.0260697 0.0143445 0.381279 0.0368216 0.0375247 0.129118 2.33869e-05 1.91878e-05 9.87126e-06 4.77265e-06 0.00672232 0.000319163 0.000227715 0.000276256 0.255917 0.000305165 0.0107552 
