0.904 0.0378012 0.00791594 0.00188079 0.0484022 
0.510568 0.0873595 0.10476 0.00847353 0.288839 
0.618718 0.100146 0.0812377 0.000640536 0.199258 
0.850217 0.115528 0.0193508 0.000112171 0.014792 
0.64731 0.189846 0.0900102 0.00141229 0.0714216 
0.541543 0.0761584 0.312677 0.0059422 0.0636788 
0.801501 0.0974496 0.0926372 9.58892e-05 0.00831651 
0.609359 0.144189 0.0200478 0.00362379 0.22278 
0.863822 0.112916 0.00827649 7.99495e-05 0.0149053 
0.74467 0.0761372 0.0553199 0.0106275 0.113245 
0.918065 0.0299374 0.00424274 0.00214493 0.0456095 
0.451934 0.0458725 0.355897 0.0112045 0.135092 
0.740833 0.160986 0.0212759 0.00598551 0.0709196 
0.711404 0.159462 0.0322004 0.00343588 0.093498 
0.799089 0.186331 0.0101151 0.000122392 0.00434227 
0.629253 0.298042 0.0554264 4.95855e-05 0.0172291 
0.498858 0.0300151 0.0389919 0.000710897 0.431424 
0.663675 0.137257 0.142673 4.55057e-05 0.0563494 
0.82978 0.106491 0.0223405 0.000147517 0.0412415 
0.865758 0.102434 0.0302693 6.31544e-05 0.00147605 
0.730067 0.112074 0.128509 0.000606627 0.028743 
0.694759 0.128052 0.040791 0.0557408 0.0806576 
0.785987 0.0410914 0.0245492 0.0147813 0.133592 
0.700207 0.0717522 0.065068 0.00370309 0.159269 
0.677794 0.126609 0.126429 0.000156229 0.0690119 
0.667953 0.0295545 0.259528 0.000566034 0.0423979 
0.473108 0.101985 0.341057 0.010174 0.0736758 
0.625535 0.0624656 0.137911 0.0323025 0.141786 
0.851743 0.102575 0.0284586 0.00265052 0.0145732 
0.859906 0.069865 0.00321891 0.00100099 0.0660087 
0.487396 0.0183412 0.285485 0.00115411 0.207624 
0.778162 0.0131167 0.173173 0.00194636 0.0336025 
0.883845 0.0252117 0.062673 0.000264628 0.0280055 
0.683505 0.124422 0.0842102 0.00421441 0.103648 
0.755001 0.0723402 0.0714185 0.00377191 0.0974683 
0.647206 0.160344 0.102814 0.000416217 0.0892194 
0.699035 0.0522553 0.14686 0.0019749 0.0998743 
0.921821 0.025538 0.00213984 2.75248e-06 0.0504982 
0.687695 0.0560975 0.0902236 0.00210969 0.163874 
0.45737 0.115949 0.397096 0.0101291 0.0194559 
0.775054 0.0691487 0.0963431 0.00109043 0.0583636 
0.766 0.0343754 0.15156 0.000208919 0.0478549 
0.737915 0.10768 0.0857269 0.00172254 0.0669561 
0.56938 0.18848 0.133693 0.0123002 0.0961466 
0.608159 0.050019 0.119481 0.00711159 0.215229 
0.756622 0.162797 0.0538581 0.000333676 0.0263893 
0.726181 0.0619886 0.034664 0.0158611 0.161306 
0.585059 0.0114754 0.0873972 0.0418591 0.274209 
0.638508 0.0414333 0.18335 0.000901801 0.135807 
0.766072 0.151697 0.0436356 0.000649416 0.0379461 
0.669339 0.151887 0.115871 0.0182357 0.0446665 
0.663534 0.268347 0.0617729 0.00029834 0.00604732 
0.857658 0.066164 0.0592131 0.00185338 0.0151116 
0.694648 0.0166574 0.119367 9.45943e-05 0.169234 
0.720247 0.11762 0.100127 0.00260294 0.0594025 
0.470283 0.14403 0.0372294 0.0119902 0.336468 
0.88059 0.0642781 0.00728384 0.00658806 0.0412601 
0.707831 0.0858361 0.0913894 0.0306022 0.0843418 
0.518736 0.0670856 0.069902 0.0406151 0.303662 
0.694151 0.081482 0.171415 0.00112066 0.0518315 
0.7613 0.0256325 0.0381188 0.020265 0.154684 
0.537321 0.223307 0.181547 2.61594e-05 0.0577991 
0.859906 0.069865 0.00321891 0.00100099 0.0660087 
0.73464 0.120002 0.0558443 0.010008 0.0795058 
0.28241 0.268753 0.250715 0.00247338 0.195648 
0.831849 0.0378107 0.107798 0.000276546 0.0222655 
0.46833 0.0360387 0.0371815 0.00295214 0.455498 
0.950688 0.0327658 0.00264524 0.000823661 0.0130771 
0.863822 0.112916 0.00827649 7.99495e-05 0.0149053 
0.680203 0.201485 0.0481831 0.0187545 0.0513745 
0.528593 0.0462574 0.374149 0.000394992 0.0506059 
0.760795 0.0823316 0.0160449 0.00714313 0.133685 
0.666574 0.0911443 0.0381313 0.00675053 0.1974 
0.787541 0.0728765 0.0182745 1.5326e-06 0.121307 
0.756982 0.0935511 0.102352 0.000923265 0.0461916 
0.480126 0.0657435 0.0854075 0.0413259 0.327397 
0.56453 0.0235459 0.0495834 0.0314724 0.330868 
0.347091 0.28756 0.336464 0.00350061 0.0253843 
0.861954 0.0808122 0.04737 0.000104638 0.00975903 
0.703608 0.0103187 0.0341211 8.09692e-06 0.251945 
0.411999 0.0411017 0.222706 0.0356841 0.288509 
0.495478 0.0300301 0.208154 0.029254 0.237084 
0.647833 0.106058 0.0668248 0.0018075 0.177477 
0.837985 0.152784 0.00694848 0.000156183 0.00212637 
0.898312 0.079699 0.0116498 8.74536e-05 0.0102518 
0.474943 0.203195 0.236249 0.00505218 0.080561 
0.909075 0.0759333 0.00976606 9.15722e-05 0.00513428 
0.454435 0.101228 0.37599 0.000189639 0.0681575 
0.822229 0.0888179 0.0345181 0.00125555 0.0531792 
0.389283 0.0187045 0.358033 8.74855e-05 0.233892 
0.893611 0.0523517 0.0223186 0.00182413 0.0298942 
0.517839 0.184973 0.284165 0.002334 0.0106892 
0.761712 0.0981413 0.0454873 7.45696e-05 0.0945847 
0.901774 0.0798309 0.0144412 4.77457e-05 0.00390634 
0.414297 0.0589156 0.275698 0.0348289 0.216261 
0.61382 0.052268 0.273592 0.00200513 0.0583141 
0.544438 0.115583 0.25145 0.000651443 0.0878783 
0.759215 0.217316 0.0232857 2.15633e-05 0.000162289 
0.745486 0.0415049 0.0990312 0.00530766 0.10867 
0.673364 0.137923 0.101937 0.011649 0.0751272 
0.744107 0.0598439 0.117452 0.00140694 0.07719 
0.732973 0.107339 0.0866473 0.00668717 0.0663541 
0.719427 0.110801 0.0710122 0.00203775 0.0967228 
0.788215 0.104538 0.0182977 4.49187e-05 0.0889045 
0.896522 0.0222458 0.0105178 0.00241768 0.0682967 
0.463386 0.0513315 0.221002 0.00379862 0.260482 
0.823274 0.116493 0.0486923 0.000210289 0.0113305 
0.615322 0.00106444 0.0218679 0.00064428 0.361102 
0.525296 0.0606812 0.335439 4.39207e-05 0.0785395 
0.641461 0.172632 0.144215 0.00267515 0.0390167 
0.917492 0.0309357 0.01265 0.00251243 0.0364103 
0.510068 0.0817077 0.0929194 0.00966411 0.305641 
0.745933 0.0238627 0.154585 0.000178124 0.0754418 
0.759885 0.172758 0.0606957 0.000114138 0.00654702 
0.813289 0.0816098 0.0809632 0.00264431 0.0214934 
0.654441 0.0529102 0.027944 0.00213062 0.262575 
0.867504 0.0805623 0.0216364 0.00113884 0.0291587 
0.534903 0.322362 0.138492 3.15724e-05 0.00421174 
0.94767 0.0417645 0.00478625 7.95854e-05 0.00569953 
0.859906 0.069865 0.00321891 0.00100099 0.0660087 
0.339087 0.0930156 0.224392 0.00927962 0.334226 
0.412193 0.00587063 0.27823 0.00755174 0.296155 
0.479763 0.202014 0.038773 0.26557 0.0138801 
0.387086 0.0831068 0.309753 0.0433847 0.176669 
0.786789 0.0683595 0.0656196 0.000174807 0.0790574 
0.452909 0.0958285 0.341596 3.65902e-05 0.109629 
0.680941 0.00780846 0.0520435 0.00913893 0.250068 
0.771212 0.106348 0.0973011 0.000212451 0.0249264 
0.707023 0.0967277 0.113542 0.000714199 0.0819937 
0.771318 0.0554172 0.123357 0.00125424 0.0486539 
0.85443 0.0450728 0.00900396 0.000158619 0.0913344 
0.630219 0.22532 0.129433 0.000346723 0.0146805 
0.590448 0.0547764 0.220577 0.00633289 0.127866 
0.725115 0.101363 0.127271 2.32523e-05 0.0462281 
0.706731 0.0225811 0.0357691 0.0153192 0.2196 
0.632904 0.162314 0.201162 0.000113395 0.00350656 
0.653621 0.164628 0.129243 0.000637993 0.0518698 
0.82446 0.0713823 0.0396667 0.00372581 0.0607655 
0.618878 0.0457713 0.0259511 0.00319238 0.306207 
0.691568 0.240776 0.0556742 0.000202019 0.0117791 
0.298115 0.0177396 0.267616 0.127906 0.288623 
0.76017 0.161356 0.0222908 3.15287e-05 0.0561514 
0.57077 0.0532103 0.015445 0.116573 0.244001 
0.770981 0.0907839 0.086095 0.0024791 0.0496608 
0.452136 0.143188 0.299849 0.00349028 0.101336 
0.479058 0.0363706 0.005333 0.0054069 0.473831 
0.635227 0.230935 0.0488314 0.0151267 0.0698804 
0.739821 0.144165 0.0602001 0.00420718 0.0516067 
0.68734 0.077213 0.0475465 0.0105274 0.177373 
0.82724 0.0535973 0.0355697 0.00262545 0.0809676 
0.4444 0.143588 0.357725 0.000667313 0.0536193 
0.857658 0.066164 0.0592131 0.00185338 0.0151116 
0.809184 0.0518319 0.0251254 0.000685855 0.113172 
0.802741 0.0355505 0.0754961 0.000268665 0.0859434 
0.645932 0.0535021 0.0323912 0.0257204 0.242454 
0.859906 0.069865 0.00321891 0.00100099 0.0660087 
0.914815 0.0537435 0.0115473 0.00142501 0.0184692 
0.433979 0.159766 0.138906 0.00510957 0.26224 
0.964897 0.0111804 0.00939528 6.8518e-05 0.0144586 
0.847934 0.0937931 0.0164775 0.00181172 0.0399836 
0.832941 0.116971 0.0397136 0.00544347 0.00493042 
0.840285 0.0572689 0.0883824 0.00120499 0.0128586 
0.796867 0.0686617 0.0615522 0.0203258 0.0525935 
0.821718 0.0409778 0.0964454 0.00870898 0.0321499 
0.808131 0.104377 0.0693245 0.000604254 0.0175635 
0.62802 0.203725 0.159042 0.00021183 0.00900136 
0.735577 0.166195 0.090936 0.000154161 0.00713861 
0.334539 0.293492 0.30535 0.000121827 0.0664978 
0.614274 0.0855435 0.117584 0.0100207 0.172578 
0.481768 0.149255 0.346667 0.000692703 0.0216183 
0.59853 0.266503 0.0171059 0.0117369 0.106124 
0.825721 0.0594087 0.0862637 8.24248e-05 0.0285246 
0.758543 0.166423 0.0338359 0.0031512 0.0380466 
0.484067 0.195469 0.263964 0.000142073 0.0563584 
0.928226 0.0573136 0.00813317 8.08757e-05 0.00624633 
0.760251 0.161771 0.0653502 0.000262445 0.0123655 
0.47194 0.281909 0.243404 0.000135222 0.0026108 
0.645043 0.0791915 0.228754 0.000384382 0.0466265 
0.428434 0.143387 0.305792 0.0123228 0.110064 
0.646711 0.121855 0.0549026 0.000829504 0.175702 
0.452202 0.077676 0.0667156 0.0246053 0.378802 
0.531016 0.0383067 0.181917 0.0252859 0.223474 
0.551592 0.0991351 0.328137 0.00142432 0.0197122 
0.859906 0.069865 0.00321891 0.00100099 0.0660087 
0.80118 0.0554148 0.0299828 0.0127737 0.100648 
0.638933 0.0882535 0.240594 0.00466435 0.0275553 
0.587222 0.0268264 0.0625905 0.0498848 0.273476 
0.445158 0.0537412 0.0807924 0.00980202 0.410507 
0.670009 0.0765463 0.179222 0.000895423 0.0733276 
0.697119 0.11657 0.0406147 0.00291608 0.142781 
0.836339 0.0835478 0.0340817 0.00308193 0.0429492 
0.794682 0.0714884 0.0790086 0.00105669 0.0537639 
0.814446 0.0542785 0.059332 0.0105593 0.0613841 
0.553588 0.0955022 0.1592 0.00869791 0.183011 
0.661025 0.259051 0.0427474 3.61279e-06 0.0371728 
0.862609 0.0762418 0.0336399 0.00331781 0.0241911 
0.536219 0.0630987 0.0629991 0.000954624 0.336729 
0.568009 0.093735 0.266914 0.00527809 0.0660646 
0.785825 0.129712 0.0322321 0.00109831 0.0511334 
0.570872 0.312261 0.0750832 8.57379e-05 0.041698 
0.698392 0.147707 0.1118 6.35554e-05 0.0420375 
0.839565 0.0279563 0.0977952 0.000745404 0.0339381 
0.543884 0.152391 0.0551059 0.0112896 0.237329 
0.633655 0.0412183 0.31672 0.00032429 0.00808201 
0.859906 0.069865 0.00321891 0.00100099 0.0660087 
0.54139 0.0271157 0.0745407 0.255995 0.100959 
0.513876 0.00619537 0.431639 0.000105943 0.0481843 
0.603102 0.185624 0.0767724 0.00973623 0.124766 
0.698489 0.0164996 0.0996171 1.30858e-05 0.185382 
0.782801 0.121995 0.067804 0.000406742 0.0269933 
0.816392 0.0950745 0.0286377 0.0327425 0.0271532 
0.729361 0.0666728 0.118531 0.00315377 0.0822813 
0.663675 0.137257 0.142673 4.55057e-05 0.0563494 
0.810555 0.111686 0.0226817 0.00323874 0.0518385 
0.919245 0.0300642 0.0211235 2.41021e-05 0.0295431 
0.697879 0.117229 0.150713 0.000878729 0.0333002 
0.751837 0.050867 0.162395 5.10921e-05 0.0348506 
0.566963 0.171362 0.201169 0.000372741 0.0601333 
0.757074 0.0909664 0.0909125 0.000224698 0.0608224 
0.738144 0.0971144 0.161427 2.7495e-05 0.00328704 
0.73994 0.044241 0.136724 0.000145515 0.0789503 
0.517556 0.104234 0.150995 0.000263045 0.226951 
0.483909 0.0520608 0.0725304 0.018913 0.372587 
0.629233 0.132822 0.119535 0.00299387 0.115416 
0.402827 0.0397807 0.215224 1.09403e-06 0.342167 
0.772068 0.0479328 0.0459658 0.0119748 0.122059 
0.510918 0.104991 0.318796 0.00552761 0.0597673 
0.779643 0.0818204 0.12403 0.00139461 0.0131115 
0.824046 0.0691949 0.0829411 9.21583e-05 0.023726 
0.496238 0.460784 0.0275176 0.000249286 0.0152113 
0.68763 0.0781619 0.126807 0.000157079 0.107244 
0.526508 0.0107509 0.0148478 0.0672541 0.380639 
0.697293 0.161099 0.0891328 0.00093891 0.0515362 
0.76953 0.0460004 0.180049 0.000251724 0.00416917 
0.594219 0.233028 0.124955 0.0415322 0.0062667 
0.408412 0.240695 0.324097 0.00638269 0.0204129 
0.791828 0.039933 0.0531392 0.0231797 0.0919202 
0.860435 0.0788618 0.0447056 0.0019861 0.0140112 
0.899139 0.0809708 0.0104533 0.00163482 0.00780186 
0.849364 0.108567 0.0389176 1.81001e-05 0.00313353 
0.659357 0.139669 0.0528835 0.00129554 0.146795 
0.487631 0.113273 0.0577554 0.0127877 0.328554 
0.761811 0.0613279 0.0493027 5.63552e-05 0.127502 
0.566734 0.120719 0.155808 0.122745 0.0339931 
0.839967 0.063674 0.056572 0.000301167 0.0394856 
0.712124 0.175801 0.0270453 0.00500344 0.0800256 
0.579826 0.0212047 0.0493617 3.81236e-08 0.349607 
0.440265 0.170338 0.372926 0.00188519 0.0145853 
0.933719 0.0162001 0.0178052 0.000294605 0.0319812 
0.548229 0.0676381 0.0929646 0.0115365 0.279632 
0.773397 0.169125 0.0440891 8.6941e-05 0.0133025 
0.407996 0.0192626 0.15294 0.207954 0.211848 
0.758804 0.089894 0.0315693 0.0062404 0.113492 
0.909428 0.0302693 0.00843103 0.00120591 0.0506657 
0.625672 0.11044 0.17738 0.000277371 0.0862318 
0.753158 0.0870495 0.034762 0.0195421 0.105488 
0.847895 0.0466687 0.0415063 0.00256091 0.0613687 
0.548547 0.0161894 0.0452385 0.0161548 0.37387 
0.702779 0.255692 0.0364383 6.34774e-05 0.0050277 
0.781011 0.0882973 0.099401 0.000165717 0.0311246 
0.513876 0.00619537 0.431639 0.000105943 0.0481843 
0.816863 0.0441808 0.0674129 0.00483776 0.0667053 
0.826555 0.103104 0.0456499 0.00379902 0.0208918 
0.859906 0.069865 0.00321891 0.00100099 0.0660087 
0.806301 0.0442061 0.0244404 0.00622853 0.118824 
0.82001 0.0314757 0.0149983 1.03565e-05 0.133506 
0.606412 0.172462 0.0413306 0.000445951 0.17935 
0.571998 0.0538267 0.0841838 0.000694605 0.289297 
0.835409 0.111374 0.0499799 4.25433e-05 0.00319473 
0.734447 0.0436137 0.0738144 0.00503829 0.143087 
0.667566 0.0437963 0.018983 0.00944668 0.260208 
0.468884 0.0524551 0.0603223 0.0040108 0.414328 
0.800533 0.124607 0.0130686 0.00460222 0.0571895 
0.909075 0.0759333 0.00976606 9.15722e-05 0.00513428 
0.885578 0.00202483 0.0928381 0.000338527 0.0192205 
0.49842 0.259857 0.230153 8.36733e-05 0.0114862 
0.804042 0.0299088 0.114717 0.00192533 0.0494068 
0.829464 0.0843788 0.0681367 0.00108529 0.0169357 
0.639327 0.130485 0.18107 0.00112191 0.0479957 
0.548715 0.126323 0.0712985 0.00544864 0.248214 
0.523277 0.214541 0.224788 0.000196168 0.0371971 
0.754549 0.0917264 0.144048 0.000111704 0.00956476 
0.884476 0.0250733 0.014549 0.00370919 0.0721929 
0.702581 0.136454 0.0261784 0.0081013 0.126685 
0.791712 0.122924 0.068029 0.000295199 0.0170405 
0.493332 0.182436 0.279099 0.0013287 0.0438039 
0.940585 0.0326432 0.0238401 1.35466e-05 0.00291856 
0.7426 0.00449406 0.00882533 0.0127628 0.231318 
0.826813 0.0834371 0.038155 0.00184028 0.0497548 
0.851754 0.048082 0.0210402 0.00258767 0.0765362 
0.642002 0.170469 0.0472765 4.37557e-05 0.140209 
0.823804 0.0715216 0.0420052 0.0137669 0.0489026 
0.433194 0.135006 0.427888 9.09658e-05 0.00382045 
0.856658 0.0546053 0.047179 0.00135184 0.0402055 
0.75715 0.0664488 0.0410629 0.00460521 0.130733 
0.832381 0.0352295 0.0737761 0.0179999 0.0406135 
0.432308 0.0245712 0.308775 0.0270226 0.207323 
0.442678 0.111542 0.314785 0.000707042 0.130287 
0.790512 0.0951587 0.0713407 0.000139609 0.0428486 
0.925326 0.0381975 0.00643092 0.00027334 0.0297718 
0.668978 0.0880124 0.211162 0.000704991 0.031143 
0.955718 0.00388912 0.0101187 0.00514399 0.0251299 
0.763542 0.0848815 0.0283872 0.00603408 0.117155 
0.347232 0.227803 0.107431 0.19902 0.118513 
0.791608 0.0200735 0.0886102 0.000184413 0.0995241 
0.746279 0.0392164 0.124964 0.0306264 0.058914 
0.510671 0.037979 0.107705 0.00339742 0.340247 
0.651203 0.126998 0.0864388 6.92272e-05 0.135291 
0.822063 0.0352081 0.0346042 0.000460949 0.107664 
0.799286 0.0883677 0.0440287 0.0415716 0.026746 
0.56469 0.194986 0.102925 0.00478536 0.132613 
0.732944 0.0463304 0.0248142 0.0266821 0.169229 
0.729032 0.073306 0.0919383 0.00944465 0.0962793 
0.756809 0.196252 0.020356 0.000636567 0.025946 
0.810284 0.0621654 0.101674 0.00219114 0.0236855 
0.774718 0.186097 0.0372976 0.000287008 0.00160087 
0.707315 0.171078 0.0803925 0.00224522 0.0389687 
0.87002 0.0673459 0.0187882 0.000236257 0.0436094 
0.887937 0.0704404 0.0273503 2.77823e-05 0.0142445 
0.960741 0.0104339 0.00601895 0.000528692 0.0222773 
0.759439 0.00684787 0.1544 0.00145469 0.0778594 
0.579285 0.0168366 0.0176575 0.0330067 0.353214 
0.779643 0.0818204 0.12403 0.00139461 0.0131115 
0.3121 0.227417 0.272659 0.0125007 0.175323 
0.7595 0.0813199 0.0240203 0.0032538 0.131906 
0.730405 0.128109 0.11019 7.95758e-05 0.0312162 
0.367827 0.0907252 0.132427 0.259374 0.149647 
0.643902 0.155607 0.114258 0.00258528 0.0836472 
0.957696 0.0137731 0.00518146 0.000103893 0.0232454 
0.459324 0.175567 0.342736 0.000202248 0.0221707 
0.517389 0.254169 0.119393 0.00511336 0.103935 
0.683776 0.0406738 0.0729088 0.02045 0.182191 
0.577352 0.0833669 0.283129 0.00044729 0.0557049 
0.809472 0.135846 0.0512523 0.000119499 0.00331046 
0.859906 0.069865 0.00321891 0.00100099 0.0660087 
0.741718 0.0110747 0.164328 0.00657711 0.0763025 
0.338983 0.0738961 0.271311 0.107716 0.208094 
0.538894 0.188301 0.232717 0.00543565 0.0346527 
0.779643 0.0818204 0.12403 0.00139461 0.0131115 
0.667244 0.104654 0.0278114 0.0101195 0.190172 
0.850217 0.115528 0.0193508 0.000112171 0.014792 
0.804766 0.0631589 0.128312 3.1747e-05 0.00373178 
0.481992 0.0894634 0.0125162 0.0689974 0.347031 
0.459288 0.177315 0.360097 0.00105488 0.00224515 
0.809184 0.0518319 0.0251254 0.000685855 0.113172 
0.578687 0.00099446 0.0907643 1.75613e-07 0.329554 
0.84519 0.0777931 0.0339996 0.000116269 0.0429015 
0.697365 0.103835 0.127494 0.00303426 0.0682707 
0.740537 0.061132 0.0718573 0.0962495 0.0302244 
0.571847 0.0614209 0.0767509 0.0288258 0.261155 
0.7882 0.0606667 0.0799772 0.00065259 0.0705036 
0.740824 0.18916 0.0498162 0.000155036 0.020045 
0.83062 0.0446852 0.0336652 0.0289467 0.0620833 
0.45477 0.00583296 0.135851 0.00770533 0.395842 
0.827443 0.0466791 0.0867726 0.000455583 0.0386497 
0.802563 0.0557081 0.019903 0.00787042 0.113955 
0.815413 0.0176215 0.115673 0.000173755 0.0511194 
0.637131 0.118825 0.191728 0.00868146 0.0436343 
0.828602 0.102138 0.0558041 0.000155238 0.0133004 
0.542674 0.191199 0.232984 0.000741529 0.0324014 
0.782947 0.0263863 0.149435 0.000109234 0.0411229 
0.849757 0.0853902 0.0335625 0.00134275 0.0299472 
0.878535 0.0540626 0.0662284 5.14054e-05 0.00112292 
0.807187 0.093966 0.051133 0.00546136 0.042253 
0.694937 0.200852 0.0475792 0.00218101 0.0544509 
0.34522 0.306542 0.0306611 0.162557 0.15502 
0.770622 0.0693744 0.06555 0.00994052 0.0845132 
0.519052 0.0139265 0.0047782 0.0488548 0.413388 
0.496238 0.460784 0.0275176 0.000249286 0.0152113 
0.547372 0.109716 0.197596 0.0103702 0.134946 
0.758184 0.129525 0.0544941 0.00243552 0.0553622 
0.564526 0.179006 0.14013 0.00275904 0.113579 
0.453303 0.0909994 0.212462 0.00648285 0.236752 
0.854524 0.098085 0.0260559 0.000168882 0.0211657 
0.488477 0.0718616 0.290864 0.0361618 0.112635 
0.885727 0.0395674 0.0105747 0.00160787 0.062523 
0.713617 0.0436634 0.142258 0.010581 0.0898801 
0.870526 0.0806097 0.0161601 0.0004745 0.0322296 
0.859906 0.069865 0.00321891 0.00100099 0.0660087 
0.786713 0.189865 0.0219115 6.78386e-05 0.00144258 
0.886267 0.0486781 0.0251173 0.00276751 0.0371697 
0.541367 0.114016 0.214847 0.0101395 0.119631 
0.672791 0.145266 0.166717 0.000133788 0.015091 
0.660562 0.0914387 0.0561008 0.0325601 0.159338 
0.724213 0.108543 0.0918965 0.000975038 0.074373 
0.346602 0.0835434 0.313158 0.00581687 0.25088 
0.602031 0.0630786 0.082258 0.0319154 0.220717 
0.834564 0.0694869 0.00951605 0.0019132 0.0845203 
0.699582 0.0767684 0.19112 0.00104324 0.0314865 
0.453499 0.0758038 0.122669 0.013579 0.33445 
0.723336 0.139122 0.12287 8.71499e-05 0.0145849 
0.528593 0.0462574 0.374149 0.000394992 0.0506059 
0.605331 0.00945132 0.0231592 0.0333442 0.328714 
0.897098 0.00301872 0.0305692 0.00189134 0.0674228 
0.659947 0.0382239 0.0635644 0.00201868 0.236246 
0.737607 0.228405 0.0337715 1.27879e-05 0.000203456 
0.889832 0.0509061 0.0194579 0.000117287 0.0396868 
0.37648 0.289509 0.296553 0.000141879 0.0373159 
0.860691 0.0808425 0.0343186 0.00116434 0.0229835 
0.423361 0.172209 0.278784 0.0138254 0.11182 
0.68574 0.0927985 0.0525813 0.0346875 0.134193 
0.803399 0.0367569 0.0209919 5.64784e-05 0.138796 
0.477636 0.240119 0.0929939 0.0183664 0.170884 
0.660397 0.0869514 0.106058 0.00477122 0.141823 
0.631482 0.102955 0.194445 0.00054324 0.0705749 
0.664517 0.238345 0.0893863 0.000392415 0.00735964 
0.828277 0.141404 0.0251641 1.67972e-05 0.00513886 
0.462574 0.142865 0.265954 0.0279106 0.100696 
0.58241 0.0784231 0.157772 0.0063053 0.175089 
0.835306 0.0558708 0.0116313 0.0273378 0.0698536 
0.477696 0.385072 0.105423 0.000483527 0.0313246 
0.701515 0.201461 0.0428489 0.0171346 0.0370403 
0.893832 0.0481537 0.0169843 0.00136636 0.0396638 
0.522417 0.0582399 0.0744007 0.0162498 0.328692 
0.422401 0.269756 0.25411 0.00138678 0.0523453 
0.713924 0.0283645 0.0111725 0.0605533 0.185986 
0.799089 0.186331 0.0101151 0.000122392 0.00434227 
0.704377 0.0807392 0.0185239 0.00625268 0.190107 
0.70859 0.118058 0.16212 0.00015344 0.0110794 
0.727266 0.186522 0.0797649 0.000132004 0.00631429 
0.909428 0.0302693 0.00843103 0.00120591 0.0506657 
0.642177 0.197195 0.11688 0.000930563 0.0428179 
0.641762 0.0833519 0.0856572 0.0156199 0.173609 
0.759952 0.125911 0.0829991 0.0159185 0.0152195 
0.761601 0.0228827 0.0757246 0.00562227 0.13417 
0.797098 0.112705 0.0459968 0.00161085 0.0425892 
0.375486 0.101344 0.268832 0.00977637 0.244561 
0.835697 0.0142704 0.0441208 0.00349376 0.102418 
0.863822 0.112916 0.00827649 7.99495e-05 0.0149053 
0.914947 0.0292938 0.0208101 0.00179864 0.0331509 
0.683146 0.117457 0.176723 0.000272462 0.0224014 
0.547972 0.224622 0.16513 0.0126835 0.0495921 
0.492066 0.12587 0.136032 0.0188108 0.227222 
0.498672 0.0683525 0.133811 0.00834924 0.290815 
0.762481 0.126762 0.106122 7.214e-05 0.00456269 
0.857658 0.066164 0.0592131 0.00185338 0.0151116 
0.819101 0.0106353 0.0984478 0.00201577 0.0698005 
0.592083 0.19516 0.20517 0.000197694 0.00738878 
0.778162 0.0131167 0.173173 0.00194636 0.0336025 
0.759704 0.0763262 0.103951 0.00151088 0.0585079 
0.596573 0.0624695 0.143061 0.0230493 0.174848 
0.853961 0.0682344 0.0259213 0.00113046 0.0507529 
0.830434 0.0566422 0.0466554 0.00659052 0.0596777 
0.568702 0.0145998 0.387485 0.00306531 0.0261473 
0.850217 0.115528 0.0193508 0.000112171 0.014792 
0.823847 0.035217 0.0193542 0.0987291 0.0228525 
0.72925 0.0813024 0.128301 0.00180243 0.0593442 
0.746501 0.108009 0.07059 0.0109765 0.063924 
0.787908 0.0687479 0.0737725 0.00760581 0.0619654 
0.852256 0.0424589 0.0215074 0.00900358 0.074774 
0.50419 0.026522 0.0665885 0.0182987 0.384401 
0.41172 0.34973 0.153002 1.59375e-05 0.085532 
0.764632 0.170801 0.0409531 0.000114168 0.0234995 
0.817816 0.127517 0.0278017 0.00127151 0.0255944 
0.643454 0.037319 0.0185002 0.000953132 0.299774 
0.599949 0.0772806 0.0301509 0.00658882 0.286031 
0.772855 0.0675016 0.0544524 0.02176 0.083431 
0.86827 0.0208812 0.0431228 0.00289451 0.0648317 
0.692987 0.075848 0.0663988 0.005239 0.159528 
0.436858 0.0506031 0.180006 0.0147609 0.317773 
0.823335 0.110605 0.0150364 0.00505146 0.0459726 
0.692039 0.13687 0.0483901 0.00292058 0.11978 
0.759794 0.116079 0.122477 0.000177795 0.00147147 
0.877119 0.0846559 0.0208228 0.000199656 0.0172025 
0.880249 0.0403652 0.0396282 0.000133256 0.0396241 
0.787172 0.0871368 0.0642077 0.0099411 0.0515425 
0.747364 0.140229 0.055672 0.00046548 0.0562699 
0.788367 0.0723276 0.0693771 0.000598431 0.0693295 
0.616378 0.144008 0.182034 0.00470057 0.0528789 
0.944275 0.0354631 0.0165701 4.05363e-05 0.00365142 
0.863822 0.112916 0.00827649 7.99495e-05 0.0149053 
0.701151 0.152912 0.0954741 0.00493878 0.0455249 
0.884298 0.0499958 0.0229527 0.000731139 0.0420226 
0.560599 0.217484 0.15009 0.00071007 0.071117 
0.928189 0.0360387 0.0183712 0.00012918 0.0172723 
0.716373 0.00343196 0.00757324 0.00998646 0.262636 
0.771684 0.122183 0.0353002 0.00206662 0.0687658 
0.710114 0.0622655 0.184465 0.000100064 0.0430556 
0.859906 0.069865 0.00321891 0.00100099 0.0660087 
0.868751 0.0739153 0.0212108 0.000738661 0.0353837 
0.566959 0.0056852 0.410742 1.191e-05 0.0166023 
0.865637 0.0708128 0.0226233 0.000582822 0.0403443 
0.87185 0.0719003 0.0537357 6.93967e-05 0.00244449 
0.859906 0.069865 0.00321891 0.00100099 0.0660087 
0.724002 0.0888651 0.0205292 0.0066396 0.159964 
0.820339 0.096981 0.0344064 9.83439e-05 0.0481755 
0.918848 0.0307493 0.0179103 0.00181368 0.0306783 
0.367407 0.0673405 0.186308 0.0120664 0.366878 
0.365777 0.0891353 0.206513 0.0413734 0.297201 
0.330007 0.235814 0.306841 0.0336707 0.0936668 
0.519052 0.0139265 0.0047782 0.0488548 0.413388 
0.812525 0.0911626 0.0318006 0.00153334 0.0629783 
0.46229 0.0935852 0.370079 0.000565887 0.0734796 
0.664052 0.227239 0.0595338 0.000240117 0.0489351 
0.785562 0.0404988 0.0114875 0.00596651 0.156485 
0.437787 0.0304957 0.19736 0.0190635 0.315293 
0.922658 0.0129613 0.0580454 0.000451948 0.00588318 
0.612747 0.295777 0.0860281 0.000252367 0.00519575 
0.666843 0.296582 0.0222272 6.06009e-05 0.0142875 
0.462141 0.346014 0.083263 0.000269017 0.108312 
0.830365 0.0618554 0.0623264 0.000217924 0.0452351 
0.467459 0.0907454 0.199437 0.00674286 0.235616 
0.650046 0.0724143 0.247596 0.00109789 0.0288453 
0.859906 0.069865 0.00321891 0.00100099 0.0660087 
0.588378 0.0397357 0.140523 0.00910652 0.222257 
0.52081 0.339788 0.0893544 0.0358034 0.0142443 
0.727848 0.127139 0.08036 0.00820791 0.0564443 
0.701127 0.0460443 0.0115367 0.0226776 0.218614 
0.392466 0.248046 0.0133318 0.00459276 0.341563 
0.482087 0.0518592 0.0493414 0.00910689 0.407605 
0.808513 0.154702 0.0342921 8.24437e-05 0.00241098 
0.678873 0.171216 0.100253 0.000323441 0.0493348 
0.691711 0.0512866 0.223181 1.80783e-05 0.033804 
0.859906 0.069865 0.00321891 0.00100099 0.0660087 
0.838337 0.0885754 0.0448682 0.0256211 0.00259822 
0.452344 0.0713186 0.0925607 0.0236355 0.360141 
0.795802 0.078457 0.121268 0.000149871 0.00432267 
0.484309 0.211938 0.151869 0.000873446 0.151011 
0.799089 0.186331 0.0101151 0.000122392 0.00434227 
0.740045 0.115993 0.0778926 0.00547272 0.0605967 
0.518792 0.0266248 0.27344 1.00035e-06 0.181142 
0.786189 0.0366733 0.00736019 0.0224539 0.147324 
0.436981 0.0919676 0.410511 0.0208871 0.0396536 
0.528593 0.0462574 0.374149 0.000394992 0.0506059 
0.759 0.0660154 0.117873 0.00728916 0.0498231 
0.720462 0.117706 0.0667836 7.22013e-05 0.0949764 
0.813627 0.109272 0.0248875 0.00214317 0.0500696 
0.742109 0.185315 0.0539166 0.00714909 0.0115104 
0.597878 0.0458057 0.0771137 0.0264715 0.252731 
0.771375 0.0187477 0.0573912 0.00375074 0.148735 
0.749214 0.207001 0.032266 6.30166e-05 0.0114557 
0.694662 0.0195973 0.150355 0.0027594 0.132626 
0.383253 0.1044 0.176496 0.0231518 0.312698 
0.734575 0.0836199 0.0295813 0.000810227 0.151414 
0.784649 0.0959506 0.0724497 0.0017288 0.0452218 
0.657805 0.0527651 0.143629 2.64195e-05 0.145774 
0.780408 0.0518117 0.0596424 0.00271834 0.10542 
0.717202 0.00210446 0.0259483 0.000164546 0.25458 
0.460662 0.178484 0.282913 0.000659203 0.0772822 
0.596183 0.0749865 0.142506 0.0268993 0.159425 
0.947511 0.0081447 0.02537 0.000429329 0.0185445 
0.596546 0.206718 0.162942 0.0125285 0.0212658 
0.864035 0.0820272 0.0375957 8.77575e-06 0.0163329 
0.829171 0.107048 0.0567132 9.47665e-05 0.00697205 
0.662418 0.0264606 0.00759294 0.0498455 0.253683 
0.719506 0.0911686 0.0462267 0.016574 0.126524 
0.636374 0.197044 0.124638 0.0112202 0.0307233 
0.772754 0.100403 0.0369778 0.0277727 0.0620928 
0.941844 0.000207533 0.0574485 1.39028e-05 0.000486072 
0.857658 0.066164 0.0592131 0.00185338 0.0151116 
0.679508 0.148221 0.0255848 0.0791422 0.0675437 
0.865158 0.101043 0.0170136 0.00173654 0.0150496 
0.857658 0.066164 0.0592131 0.00185338 0.0151116 
0.69136 0.0707734 0.05948 0.0037276 0.174659 
0.713042 0.0454207 0.141389 0.000322747 0.0998254 
0.835181 0.0453308 0.0344145 0.00246285 0.0826113 
0.346602 0.0835434 0.313158 0.00581687 0.25088 
0.481621 0.127955 0.300666 0.0035159 0.0862417 
0.793652 0.0822332 0.0540376 0.00133583 0.0687414 
0.635029 0.0162216 0.0733752 0.0168764 0.258498 
0.428552 0.0582432 0.375181 0.0386074 0.099416 
0.735638 0.161448 0.0762223 0.00033935 0.026352 
0.839677 0.0552118 0.0369813 0.00584222 0.0622871 
0.900353 0.0339506 0.0190117 0.000128638 0.046556 
0.623021 0.258426 0.00877771 0.0180459 0.0917298 
0.672528 0.131675 0.123871 0.00383907 0.0680867 
0.598858 0.0416996 0.0184516 0.00403979 0.336951 
0.651085 0.158568 0.0471834 0.0801935 0.06297 
0.748833 0.0460297 0.0668849 0.00952587 0.128726 
0.813559 0.135924 0.0424835 5.58413e-05 0.00797749 
0.679961 0.0943994 0.121786 0.016856 0.086998 
0.318241 0.0539151 0.233736 0.269089 0.125019 
0.759539 0.189321 0.038688 6.95734e-05 0.0123826 
0.503941 0.0690554 0.402764 0.00045036 0.0237896 
0.390739 0.373491 0.1247 0.00945583 0.101615 
0.907893 0.0808595 0.010007 7.7029e-05 0.00116355 
0.625547 0.213618 0.139348 3.6207e-05 0.0214514 
0.40962 0.135967 0.409319 0.000108328 0.0449857 
0.630118 0.169837 0.174198 0.000139586 0.0257076 
0.782801 0.121995 0.067804 0.000406742 0.0269933 
0.814871 0.0803112 0.104392 6.1668e-05 0.00036351 
0.914815 0.0537435 0.0115473 0.00142501 0.0184692 
0.771522 0.11107 0.0931782 7.60825e-05 0.0241546 
0.887357 0.0741996 0.033702 7.36084e-05 0.00466825 
0.896782 0.00368766 0.0206199 0.000204204 0.078706 
0.859906 0.069865 0.00321891 0.00100099 0.0660087 
0.500808 0.0114097 0.0835857 0.000168789 0.404028 
0.497043 0.0254323 0.112563 0.153117 0.211845 
0.466742 0.00925912 0.358676 0.148947 0.0163768 
0.544773 0.0127833 0.0348999 0.00452521 0.403019 
0.432781 0.0399887 0.0702532 0.0354533 0.421524 
0.619671 0.22675 0.147865 1.44376e-05 0.00569905 
0.566892 0.207766 0.143576 0.00315867 0.0786075 
0.902291 0.00776193 0.0054177 0.000208389 0.0843212 
0.571549 0.0970945 0.0856391 0.0076425 0.238075 
0.554108 0.139815 0.259907 0.000250215 0.0459199 
0.647866 0.032589 0.230802 9.0712e-05 0.0886517 
0.640156 0.0560742 0.0504307 0.000236004 0.253104 
0.725534 0.0480596 0.14469 0.000173562 0.0815434 
0.933719 0.0162001 0.0178052 0.000294605 0.0319812 
0.775667 0.0626602 0.15526 0.000289681 0.00612277 
0.728839 0.0856007 0.00497209 0.0221928 0.158395 
0.579915 0.143974 0.221338 0.00299751 0.0517744 
0.65398 0.0700695 0.211041 0.00202128 0.0628883 
0.747753 0.0168603 0.0259101 0.026325 0.183152 
0.604524 0.149272 0.0426927 0.0285209 0.174991 
0.859906 0.069865 0.00321891 0.00100099 0.0660087 
0.696786 0.0798633 0.032147 0.011177 0.180027 
0.925326 0.0381975 0.00643092 0.00027334 0.0297718 
0.674675 0.0462021 0.118478 0.00290698 0.157737 
0.684968 0.0852558 0.0608871 0.00901896 0.15987 
0.698063 0.142308 0.133279 0.000586689 0.0257635 
0.667405 0.169756 0.146409 0.000790242 0.0156395 
0.795068 0.126666 0.0517837 5.10381e-05 0.0264311 
0.882516 0.0667195 0.0263815 0.00089279 0.0234908 
0.76611 0.0422659 0.0122695 0.00475221 0.174602 
0.436042 0.366524 0.141071 0.0048859 0.0514778 
0.378189 0.022543 0.332357 0.18555 0.0813616 
0.489761 0.246355 0.254079 2.38956e-05 0.00978096 
0.676496 0.0493833 0.242714 0.00017449 0.0312328 
0.870199 0.050345 0.0463398 3.55146e-05 0.0330804 
0.76185 0.018229 0.214127 3.35993e-05 0.00576093 
0.780852 0.0241721 0.00926042 0.101627 0.0840885 
0.674675 0.0462021 0.118478 0.00290698 0.157737 
0.779729 0.0256574 0.0840828 0.000117472 0.110414 
0.582564 0.0727578 0.300589 0.00685851 0.0372315 
0.52416 0.0297734 0.100752 0.0119202 0.333394 
0.608705 0.00648327 0.027753 1.35565e-05 0.357045 
0.476553 0.107538 0.410997 0.00015816 0.00475476 
0.96212 0.011137 0.00382072 7.8968e-05 0.0228435 
0.790169 0.147713 0.0525846 0.00019958 0.00933298 
0.773428 0.161678 0.0128444 0.00484938 0.0472005 
0.708687 0.025002 0.0475502 0.00401379 0.214747 
0.646325 0.038172 0.011473 0.0552406 0.24879 
0.380969 0.293135 0.248898 0.000185781 0.0768124 
0.772095 0.0749696 0.0207934 0.0468517 0.0852906 
0.484187 0.406899 0.0288707 7.93008e-05 0.0799638 
0.786329 0.113043 0.0565545 0.00131631 0.0427577 
0.772012 0.0609444 0.0925342 0.00888447 0.0656247 
0.734553 0.127585 0.0809142 0.00283367 0.0541144 
0.626768 0.227272 0.121013 0.000230831 0.024717 
0.414137 0.0237473 0.286919 0.177565 0.0976321 
0.868009 0.0681156 0.0593013 0.000464719 0.00410918 
0.793621 0.0506194 0.109544 0.0137526 0.0324629 
0.606833 0.157838 0.079452 0.00123902 0.154638 
0.710433 0.0549297 0.199557 7.47126e-05 0.0350052 
0.687329 0.173396 0.0528188 0.00400662 0.0824492 
0.519052 0.0139265 0.0047782 0.0488548 0.413388 
0.549842 0.127853 0.146598 0.020925 0.154783 
0.501122 0.0741007 0.0388857 0.315389 0.0705025 
0.824605 0.0815908 0.0428848 0.00128247 0.0496371 
0.804593 0.0325386 0.128879 0.000620667 0.0333683 
0.369244 0.135289 0.323794 0.00754976 0.164124 
0.874594 0.0376039 0.0189319 0.0033367 0.0655339 
0.66016 0.0822771 0.0816497 0.0181271 0.157786 
0.301709 0.294344 0.200831 0.00237978 0.200737 
0.639982 0.0206303 0.285735 0.00059796 0.0530544 
0.717589 0.0682557 0.150209 0.00068883 0.0632567 
0.614515 0.247267 0.112681 0.00069468 0.0248422 
0.759931 0.14424 0.0773341 0.0131683 0.00532614 
0.791712 0.122924 0.068029 0.000295199 0.0170405 
0.784054 0.0707137 0.0913546 0.00222493 0.051653 
0.846208 0.0654627 0.0511612 0.00608083 0.0310869 
0.729339 0.119356 0.0682183 0.0130132 0.0700743 
0.817593 0.0676167 0.0915445 5.53253e-05 0.0231907 
0.820571 0.141462 0.028781 6.55502e-05 0.00912068 
0.604272 0.320571 0.0550063 7.10003e-05 0.0200804 
0.801183 0.168482 0.0127285 0.00322893 0.014377 
0.820573 0.0969905 0.057021 0.000979678 0.0244363 
0.457322 0.00933724 0.229086 0.00510021 0.299155 
0.699902 0.239514 0.0490825 0.00260691 0.00889452 
0.802563 0.0557081 0.019903 0.00787042 0.113955 
0.776824 0.057789 0.0129511 0.046652 0.105784 
0.733572 0.124194 0.026302 0.00479956 0.111133 
0.348207 0.0322532 0.312107 0.0298107 0.277622 
0.513876 0.00619537 0.431639 0.000105943 0.0481843 
0.857658 0.066164 0.0592131 0.00185338 0.0151116 
0.707084 0.177064 0.0194559 0.00616705 0.0902289 
0.795269 0.0643133 0.050944 0.00460135 0.0848719 
0.909428 0.0302693 0.00843103 0.00120591 0.0506657 
0.752508 0.0680434 0.00870613 0.00888646 0.161856 
0.54234 0.0897722 0.0555803 0.00319175 0.309116 
0.770897 0.0709759 0.0626075 0.00250073 0.0930189 
0.439838 0.195611 0.34828 0.000217286 0.0160533 
0.825782 0.0165641 0.119331 0.00354629 0.0347762 
0.9191 0.0130875 0.0335485 0.000596959 0.0336668 
0.562382 0.0836169 0.159484 0.00921948 0.185297 
0.812255 0.0800142 0.0820299 0.000883851 0.0248171 
0.699972 0.139625 0.115919 0.00662997 0.0378546 
0.765625 0.167818 0.0540004 0.000133496 0.0124227 
0.377323 0.300995 0.261301 0.00224771 0.0581335 
0.536466 0.239741 0.188278 0.000678236 0.034838 
0.515372 0.140269 0.171589 0.137309 0.0354611 
0.873995 0.0517501 0.0313202 0.00079787 0.0421373 
0.503308 0.0503095 0.289668 0.0420724 0.114642 
0.607212 0.0458035 0.0491402 0.0196291 0.278216 
0.688894 0.0516763 0.0497699 0.00373254 0.205927 
0.902824 0.00852737 0.0396203 0.000990954 0.0480372 
0.854895 0.0564928 0.0284539 0.000334229 0.0598242 
0.849288 0.0884545 0.0587536 8.61955e-05 0.00341774 
0.876408 0.0454441 0.0200653 0.00334677 0.0547357 
0.553588 0.0955022 0.1592 0.00869791 0.183011 
0.672868 0.27108 0.0308787 0.0228572 0.00231615 
0.677509 0.189366 0.11552 0.000869218 0.0167368 
0.354462 0.296188 0.303387 0.00100381 0.0449588 
0.327596 0.285123 0.288796 0.000399327 0.0980866 
0.483148 0.185917 0.301944 0.000197803 0.0287929 
0.732911 0.149269 0.0395427 0.00319393 0.0750835 
0.820146 0.119767 0.00707244 0.00335854 0.0496563 
0.756246 0.103393 0.116912 0.000660964 0.0227875 
0.594449 0.0725668 0.250137 0.00213657 0.0807105 
0.738271 0.0927639 0.13682 0.0133287 0.0188168 
0.870808 0.030596 0.0739415 0.00466824 0.0199867 
0.693775 0.0806665 0.0594952 1.57462e-05 0.166048 
0.772068 0.0479328 0.0459658 0.0119748 0.122059 
0.799089 0.186331 0.0101151 0.000122392 0.00434227 
0.794411 0.109716 0.0535499 0.00214141 0.0401816 
0.58221 0.165368 0.188349 0.000146342 0.0639259 
0.804104 0.0858983 0.106774 0.000296094 0.00292734 
0.787352 0.0487359 0.0854153 0.000898665 0.077598 
0.700103 0.0386048 0.0227556 0.0199999 0.218536 
0.859906 0.069865 0.00321891 0.00100099 0.0660087 
0.619671 0.22675 0.147865 1.44376e-05 0.00569905 
0.634456 0.164745 0.17267 0.000565568 0.027563 
0.513787 0.0929583 0.367906 0.00127978 0.0240687 
0.474025 0.0286932 0.463237 0.000400369 0.0336444 
0.794835 0.0987984 0.0859166 0.00282144 0.0176287 
0.850217 0.115528 0.0193508 0.000112171 0.014792 
0.880114 0.0160406 0.0562287 0.00042914 0.0471871 
0.730772 0.110948 0.0762446 0.00628607 0.0757489 
0.734083 0.103937 0.084212 0.00315721 0.0746105 
0.421337 0.0719486 0.121676 0.000317976 0.38472 
0.461735 0.0426312 0.449089 0.0119161 0.0346292 
0.767821 0.0859805 0.0104382 0.043682 0.0920779 
0.870199 0.050345 0.0463398 3.55146e-05 0.0330804 
0.601116 0.129139 0.045976 0.023815 0.199954 
0.663513 0.052786 0.180522 0.0132926 0.0898867 
0.872202 0.0599337 0.0232398 0.000161127 0.0444631 
0.778512 0.0791578 0.0623515 0.003284 0.0766949 
0.512685 0.189045 0.286103 0.000301167 0.011866 
0.72512 0.0571695 0.0131658 0.0332434 0.171302 
0.5803 0.106358 0.0647314 0.0179361 0.230674 
0.528254 0.0464433 0.0152555 0.00492881 0.405118 
0.849719 0.0601635 0.0473585 0.000979865 0.041779 
0.581426 0.0840244 0.211721 0.0556215 0.0672071 
0.798795 0.0807257 0.072086 0.0010897 0.0473039 
0.767263 0.116383 0.0627239 0.00338653 0.0502433 
0.790385 0.0746647 0.0972649 0.00433495 0.0333509 
0.407996 0.0192626 0.15294 0.207954 0.211848 
0.546831 0.0571007 0.0253527 0.0340641 0.336651 
0.444549 0.238857 0.272745 0.000676087 0.0431732 
0.823283 0.0905541 0.0505771 0.0114271 0.0241592 
0.466482 0.162305 0.335249 0.00626206 0.0297026 
0.660973 0.158424 0.0915652 0.000889967 0.0881477 
0.724551 0.0702302 0.0781448 0.0174769 0.109597 
0.75497 0.203459 0.0228624 0.000130838 0.0185771 
0.955718 0.00388912 0.0101187 0.00514399 0.0251299 
0.476854 0.0632414 0.368916 0.000789832 0.090198 
0.859693 0.0693938 0.0529263 1.93704e-05 0.0179675 
0.778395 0.113661 0.0558489 4.37691e-05 0.0520509 
0.882054 0.0527524 0.0250558 3.33056e-05 0.0401047 
0.613675 0.152752 0.196372 0.00578355 0.0314172 
0.570272 0.152022 0.22929 0.000211698 0.0482036 
0.765778 0.140348 0.0467174 0.00140298 0.0457529 
0.887264 0.0295096 0.0563615 3.79328e-05 0.0268274 
0.791828 0.039933 0.0531392 0.0231797 0.0919202 
0.945625 0.00449098 0.0172738 0.000139737 0.0324706 
0.739416 0.0859265 0.112839 0.0038068 0.0580126 
0.709243 0.0186032 0.0694916 0.00820184 0.19446 
0.496882 0.0886719 0.230952 0.0183242 0.16517 
0.838925 0.0621837 0.05463 0.000717248 0.0435438 
0.652678 0.0605823 0.157738 0.00232205 0.126679 
0.663675 0.137257 0.142673 4.55057e-05 0.0563494 
0.618296 0.180078 0.0716225 0.00877004 0.121234 
0.592144 0.172067 0.180392 0.00648562 0.0489113 
0.50603 0.0618789 0.372875 0.0122438 0.0469728 
0.850217 0.115528 0.0193508 0.000112171 0.014792 
0.667741 0.161386 0.157288 2.93306e-05 0.0135567 
0.658801 0.102626 0.197453 0.000970562 0.0401495 
0.702167 0.157736 0.105805 3.1643e-06 0.0342891 
0.742842 0.141116 0.0788428 0.00234621 0.0348536 
0.528518 0.238442 0.186254 0.0165076 0.0302783 
0.435208 0.184613 0.305327 0.000307902 0.0745438 
0.517726 0.197022 0.249146 0.00465618 0.0314505 
0.619348 0.0263254 0.0155161 0.0290962 0.309714 
0.634154 0.0904617 0.0168343 0.0926128 0.165937 
0.687793 0.0712693 0.178271 0.000946253 0.0617203 
0.859906 0.069865 0.00321891 0.00100099 0.0660087 
0.604272 0.320571 0.0550063 7.10003e-05 0.0200804 
0.534128 0.0146002 0.00589646 0.00723071 0.438144 
0.764922 0.146685 0.0562259 1.54121e-05 0.0321512 
0.719631 0.103 0.165109 0.00111739 0.0111425 
0.890187 0.0477136 0.019065 0.00142886 0.0416055 
0.646631 0.0705243 0.23175 0.0277476 0.0233475 
0.8831 0.00967251 0.083784 2.79656e-05 0.0234152 
0.699164 0.0675233 0.0566691 0.0109251 0.165719 
0.855021 0.0726815 0.043928 3.85203e-05 0.0283308 
0.699392 0.209867 0.0577401 0.000233321 0.0327679 
0.686288 0.0446008 0.0581103 0.00853599 0.202465 
0.714024 0.139015 0.0498102 0.000261729 0.0968885 
