0.352785 0.0908573 0.513198 0.000259942 0.0428994 
0.238805 0.0604545 0.672396 0.000275413 0.0280697 
0.281405 0.0243633 0.560493 0.000332219 0.133407 
0.325818 0.0291167 0.555426 3.48662e-05 0.0896053 
0.215687 0.113201 0.654862 7.80301e-05 0.0161729 
0.0735331 0.000190214 0.894432 0.000114004 0.0317309 
0.199888 0.211108 0.568574 0.00740844 0.0130215 
0.3367 0.30011 0.352087 0.000180186 0.010922 
0.291754 0.0909256 0.450649 0.0286932 0.137978 
0.19188 0.0244954 0.759516 0.00927302 0.0148354 
0.294932 0.0918102 0.492382 0.017696 0.10318 
0.19661 0.257275 0.453132 0.000241673 0.092742 
0.287402 0.00424752 0.560072 0.0102633 0.138015 
0.371993 0.0905642 0.446403 0.0021171 0.0889229 
0.183449 0.0558808 0.703665 0.030423 0.0265822 
0.297576 0.150356 0.552052 7.82967e-06 7.83042e-06 
0.033519 0.142529 0.799483 9.82005e-07 0.0244676 
0.122219 0.0583205 0.793311 0.0105554 0.0155948 
0.250066 0.0805577 0.345204 0.0421536 0.282019 
0.207199 0.0148552 0.773354 0.000232744 0.00435919 
0.347714 0.0437224 0.59697 6.9157e-06 0.0115867 
0.180771 0.0605574 0.663497 4.03085e-05 0.0951349 
0.40687 0.0809615 0.510628 0.000110335 0.00143086 
0.313492 0.0699082 0.59998 0.000648777 0.0159712 
0.353876 0.115514 0.419426 0.0898542 0.0213308 
0.0833865 0.0290308 0.883036 7.10368e-05 0.00447573 
0.150713 0.042361 0.786081 0.000188274 0.0206563 
0.118592 0.00914406 0.837436 0.000633302 0.0341948 
0.181401 0.0832489 0.402738 0.000801496 0.331811 
0.3319 0.0314802 0.365174 0.00474729 0.266699 
0.198865 0.138962 0.654685 0.00262082 0.00486785 
0.217 0.0224101 0.748389 0.00133593 0.0108652 
0.260177 0.110815 0.61108 0.000176084 0.0177515 
0.388778 0.0850955 0.486895 0.000212012 0.0390193 
0.157791 0.0278645 0.789238 0.000362919 0.0247443 
0.106685 0.0957643 0.70093 5.32084e-05 0.0965676 
0.167012 0.0226173 0.771759 0.00102382 0.0375883 
0.22051 0.107465 0.567463 0.000600435 0.103961 
0.33919 0.0801279 0.346668 0.0064506 0.227563 
0.181022 0.199297 0.514977 0.0058754 0.0988291 
0.298792 0.0680839 0.323892 0.00957724 0.299655 
0.13385 0.247034 0.522339 0.0002716 0.0965056 
0.0267083 0.0397021 0.923072 8.7115e-06 0.0105091 
0.111917 0.0413034 0.70473 0.0524465 0.0896023 
0.0748095 0.0936841 0.780579 5.82983e-05 0.0508696 
0.0735952 0.0275634 0.892725 1.03739e-05 0.00610634 
0.23768 0.128939 0.492379 0.00559086 0.135412 
0.283765 0.146228 0.527226 0.000624951 0.0421563 
0.276175 0.0276524 0.481033 0.1821 0.0330399 
0.240741 0.143829 0.417542 0.0238294 0.174059 
0.128358 0.0925381 0.767058 0.000179399 0.0118659 
0.14113 0.219636 0.604832 0.000225853 0.0341756 
0.0443544 0.0119422 0.888878 0.0126821 0.0421434 
0.0547201 0.00717757 0.9322 0.00504838 0.000854241 
0.161418 0.27777 0.341139 2.16568e-05 0.219651 
0.0636056 0.150298 0.727047 3.98628e-05 0.0590089 
0.158541 0.0118116 0.81528 0.000832665 0.013534 
0.0841601 0.0689039 0.608978 0.0722265 0.165731 
0.0692154 0.0111044 0.887583 0.000155344 0.0319415 
0.180881 0.0396773 0.63041 8.97998e-07 0.149031 
0.370407 0.0769287 0.503536 0.00239736 0.0467308 
0.344802 0.00705191 0.640216 0.000220085 0.00770955 
0.310036 0.25674 0.383089 0.000677132 0.0494581 
0.295714 0.0789038 0.523105 0.00678254 0.0954951 
0.220415 0.0941663 0.664918 9.53107e-05 0.0204059 
0.125226 0.0194006 0.602385 0.00510019 0.247887 
0.296692 0.176675 0.497491 0.000182776 0.0289594 
0.140878 0.182352 0.673321 2.11561e-05 0.00342768 
0.106404 0.0522887 0.839901 7.16604e-05 0.00133428 
0.103293 0.0255867 0.482913 0.0201353 0.368073 
0.14824 0.0684104 0.750739 0.000837259 0.0317732 
0.240601 0.329155 0.399991 2.29034e-07 0.0302532 
0.44687 0.0365427 0.468908 0.000355295 0.0473236 
0.147185 0.110757 0.675351 0.00102894 0.0656777 
0.0964992 0.0561412 0.81015 0.00132817 0.0358818 
0.303252 0.151959 0.468729 0.0164072 0.0596524 
0.185186 0.0295792 0.553578 0.00961513 0.222042 
0.120527 0.0535033 0.561404 0.0198056 0.24476 
0.208745 0.0398834 0.724826 0.000176048 0.0263697 
0.386803 0.0672809 0.531965 9.63288e-05 0.0138546 
0.244367 0.0019147 0.75127 0.000288125 0.0021605 
0.20183 0.261416 0.508827 0.0011906 0.0267367 
0.264779 0.0860418 0.601686 0.000753448 0.0467393 
0.351291 0.214111 0.390404 0.000304999 0.0438893 
0.127593 0.282828 0.566554 1.80384e-07 0.0230248 
0.282176 0.0443535 0.413105 0.0512107 0.209155 
0.104086 0.355621 0.509799 0.00116003 0.0293343 
0.315077 0.0410983 0.610075 0.000948665 0.0328008 
0.111144 0.0640947 0.803282 0.000892843 0.0205862 
0.37986 0.0338027 0.546828 0.00503178 0.0344773 
0.131821 0.0229706 0.818994 0.000689554 0.0255246 
1.10871e-05 7.42966e-06 0.986283 0.00492028 0.00877826 
0.247648 0.169526 0.565119 0.000438864 0.0172676 
0.103124 0.00325975 0.539793 0.0118417 0.341982 
0.213053 0.106161 0.514031 0.000491735 0.166263 
0.0413562 0.086097 0.838766 0.000829217 0.0329519 
0.0443544 0.0119422 0.888878 0.0126821 0.0421434 
0.152281 0.0368359 0.803685 0.00159456 0.00560336 
0.16926 0.0609266 0.710753 0.00446925 0.0545914 
0.154219 0.0464667 0.775579 0.0141634 0.00957221 
0.2859 0.121342 0.470092 0.00539882 0.117267 
0.228806 0.0158184 0.734759 0.000165167 0.0204512 
0.256083 0.16979 0.498516 0.00845954 0.0671512 
0.068938 0.0141631 0.908465 0.000145338 0.00828824 
6.63997e-11 0.0307329 0.932083 5.75665e-10 0.0371844 
0.14535 0.075136 0.76024 1.88871e-06 0.0192719 
0.443369 0.0803858 0.451025 0.00666123 0.0185585 
0.156575 0.0867526 0.738038 0.00013887 0.0184961 
0.444676 0.0900611 0.44982 4.38848e-05 0.0153997 
0.28228 0.292066 0.341988 0.0104796 0.0731871 
0.265134 0.222139 0.368067 0.00702056 0.13764 
0.293413 0.216878 0.474034 0.000618207 0.015057 
0.30813 0.0623697 0.561851 0.00577956 0.0618703 
0.384529 0.20964 0.392735 1.98596e-05 0.0130764 
0.215083 0.18542 0.581005 0.000348423 0.0181429 
0.2024 0.109944 0.678859 0.00137733 0.00742022 
0.139131 0.0358157 0.633131 0.0192182 0.172704 
0.326269 0.129787 0.47576 0.00268856 0.0654949 
0.0752069 0.0576264 0.826462 0.000302095 0.0404021 
0.151902 0.0139719 0.759917 3.06498e-05 0.0741785 
0.208068 0.0802634 0.596158 0.000196695 0.115313 
0.106001 0.180153 0.521663 0.000241792 0.191942 
0.247759 0.139377 0.579466 0.000828668 0.0325697 
0.319518 0.160391 0.461713 0.000458533 0.0579197 
0.115694 0.0804242 0.769393 0.000185885 0.0343027 
0.140878 0.182352 0.673321 2.11561e-05 0.00342768 
0.377623 0.122392 0.43478 3.73691e-05 0.0651673 
0.320942 0.17191 0.503294 0.000310565 0.00354347 
0.146645 0.346191 0.478286 0.0030461 0.0258314 
0.25948 0.103829 0.548152 0.000384436 0.0881547 
0.139131 0.0358157 0.633131 0.0192182 0.172704 
0.182892 0.0312098 0.388251 0.0186452 0.379002 
0.188423 0.0645583 0.742674 0.000160831 0.00418397 
0.328161 0.280269 0.35275 0.00576799 0.0330518 
0.297183 0.0819802 0.392159 0.000340372 0.228337 
0.246261 0.111279 0.570932 0.00221177 0.0693161 
0.138387 0.0602675 0.731476 2.16654e-05 0.0698482 
0.0636853 0.0375024 0.592867 0.0143111 0.291634 
0.212078 0.0146494 0.716273 0.00455725 0.0524418 
0.0781593 0.320839 0.590335 0.00141396 0.00925223 
0.195538 0.117872 0.350143 0.00152136 0.334925 
0.151213 0.0842297 0.759528 0.000172531 0.00485663 
0.188821 0.105419 0.63425 0.000281731 0.0712278 
0.0666742 0.0499216 0.86482 0.00101941 0.0175649 
0.44951 0.000645598 0.547583 0.000173464 0.00208771 
0.260254 0.0738858 0.62915 0.00152731 0.0351827 
0.105019 0.225833 0.416439 0.0190859 0.233624 
0.100557 0.166139 0.489298 0.000463203 0.243543 
0.0556937 0.0383065 0.882044 0.0146451 0.00931064 
0.0585306 0.0816815 0.848719 0.000393517 0.0106757 
0.321986 0.104779 0.528227 0.00216531 0.0428429 
0.139131 0.0358157 0.633131 0.0192182 0.172704 
0.25212 0.000446151 0.63224 0.000236797 0.114957 
0.0873349 0.0217064 0.652921 0.0309972 0.207041 
0.234044 0.0179934 0.414018 0.238882 0.0950629 
0.275166 0.178104 0.409899 3.03498e-05 0.136799 
0.213745 0.297865 0.399338 0.0119536 0.0770982 
0.139131 0.0358157 0.633131 0.0192182 0.172704 
0.24769 0.0242696 0.564214 0.00142448 0.162403 
0.267319 0.145347 0.550391 0.000396673 0.0365457 
0.374173 0.107553 0.445566 0.000282077 0.0724263 
0.103124 0.00325975 0.539793 0.0118417 0.341982 
0.369004 0.204711 0.384212 0.00016883 0.0419043 
0.274116 0.0550578 0.635432 0.000262271 0.0351314 
0.118765 0.0265941 0.852675 1.5956e-05 0.00195039 
0.175872 0.02375 0.770469 0.00101421 0.0288948 
0.163847 0.0162113 0.77107 0.000315932 0.0485558 
0.155545 0.0386261 0.765265 0.0035487 0.0370159 
0.205793 0.208464 0.574031 0.000205492 0.0115072 
0.133426 0.239246 0.454685 0.00488336 0.16776 
0.078622 0.140051 0.773482 1.39695e-05 0.00783089 
0.168069 0.122662 0.694941 0.00021204 0.0141168 
0.254612 0.0714567 0.649989 0.00293743 0.0210049 
0.361308 0.142981 0.475771 0.0030729 0.0168675 
0.238672 0.011312 0.618409 0.000133204 0.131474 
0.0907213 0.0896542 0.81116 2.42187e-05 0.00844057 
0.0129977 0.0635004 0.661838 0.0383401 0.223324 
0.0936635 0.090023 0.775325 0.00918442 0.0318039 
0.178048 0.0849231 0.523112 0.000896773 0.21302 
0.244367 0.0019147 0.75127 0.000288125 0.0021605 
0.0599792 0.0667177 0.864498 0.00103934 0.00776581 
0.182426 0.133842 0.64381 0.000137193 0.0397845 
0.00569202 1.54389e-05 0.99417 6.09789e-08 0.000122644 
0.462682 0.0408775 0.47386 0.0132358 0.00934423 
0.239069 0.0607058 0.699518 5.11857e-05 0.000656262 
0.308506 0.114237 0.517139 0.000600244 0.0595181 
0.0825031 0.199671 0.64664 0.000322896 0.0708623 
0.316875 0.271971 0.324101 0.000827617 0.0862258 
0.178952 0.136863 0.660732 0.000102898 0.0233505 
0.105956 0.302345 0.543275 0.000168785 0.0482558 
0.352753 0.141437 0.46169 6.09715e-05 0.044059 
0.0218505 0.0206309 0.540991 0.0798257 0.336702 
0.263478 0.130119 0.557063 3.13448e-05 0.0493081 
0.0842655 0.195897 0.68062 0.000621369 0.0385959 
0.21528 0.200761 0.294951 0.000160506 0.288848 
0.380145 0.0326911 0.572251 6.9776e-05 0.0148435 
0.0197553 0.00481739 0.972295 0.00199503 0.00113755 
0.278625 0.146137 0.432842 0.000180612 0.142215 
0.243969 0.0489344 0.557518 0.0350875 0.114491 
0.374325 0.0638347 0.474648 0.00226182 0.0849313 
0.093758 0.000622059 0.905319 0.000141919 0.000159348 
0.321781 0.043161 0.51521 0.000625285 0.119222 
0.258295 0.181046 0.508967 1.28688e-05 0.0516796 
0.244612 0.155135 0.565147 0.000310329 0.0347963 
0.361583 0.0903836 0.532397 0.00132961 0.0143068 
0.125502 0.222787 0.611953 0.0154967 0.0242621 
0.207182 0.1755 0.547731 2.7446e-08 0.0695865 
0.0267083 0.0397021 0.923072 8.7115e-06 0.0105091 
0.0958019 0.00899209 0.881195 0.00115866 0.0128522 
0.190852 0.0747745 0.673141 0.0104095 0.0508234 
0.42866 0.0989295 0.45365 0.000110617 0.0186493 
0.215633 0.0425273 0.703713 0.000696657 0.0374299 
0.2032 0.131312 0.661197 0.000722527 0.00356921 
0.264779 0.0860418 0.601686 0.000753448 0.0467393 
0.0439039 0.242644 0.700106 1.96625e-06 0.0133443 
0.130582 0.155598 0.70653 1.26265e-05 0.00727743 
0.278507 0.0478196 0.350586 0.00654984 0.316537 
0.150454 0.0685983 0.725072 0.000328539 0.055547 
0.155151 0.0293474 0.745312 0.00601203 0.0641773 
0.338011 0.166782 0.375256 0.0234618 0.0964898 
0.185025 0.141728 0.66902 3.84902e-05 0.00418792 
0.349103 0.100581 0.526824 0.000188021 0.0233049 
0.0547201 0.00717757 0.9322 0.00504838 0.000854241 
0.359078 0.110116 0.524435 3.37182e-06 0.00636795 
0.290012 0.143038 0.566943 3.54669e-06 3.98226e-06 
0.301444 0.0252545 0.549216 0.00248172 0.121604 
0.323462 0.218129 0.330406 0.0164197 0.111583 
0.352142 0.0964257 0.48308 0.00747767 0.0608743 
0.0612243 0.168148 0.754837 0.000456247 0.0153348 
0.259203 0.0506787 0.663718 0.000156467 0.026244 
0.31727 0.104836 0.526464 0.00270693 0.048723 
0.23053 0.139192 0.356508 0.00656177 0.267208 
0.260587 0.038092 0.271118 0.182125 0.248079 
0.179329 0.078638 0.704927 0.00095007 0.0361554 
0.206372 0.0457187 0.494301 0.120694 0.132913 
0.14087 0.248168 0.521092 0.00283604 0.0870336 
0.0898355 0.0139321 0.535816 0.0761994 0.284217 
0.0470537 0.069016 0.864059 7.33779e-05 0.0197982 
0.111917 0.0413034 0.70473 0.0524465 0.0896023 
0.150317 0.012151 0.796511 2.61898e-05 0.0409954 
0.148756 0.179076 0.487299 0.000242412 0.184627 
0.252869 0.236101 0.495679 0.00673597 0.00861491 
0.0236724 0.0780664 0.872824 0.000117825 0.0253196 
0.222838 0.205451 0.343663 0.139152 0.0888963 
0.220311 0.0724405 0.645308 6.7576e-06 0.0619339 
0.223151 0.0330286 0.736201 0.000649917 0.00696932 
0.221413 0.0411877 0.664979 0.000159961 0.0722609 
0.0848637 0.015804 0.897561 0.000358666 0.00141259 
0.19808 0.0785036 0.41272 0.0316932 0.279004 
0.150039 0.0781845 0.453907 0.00308122 0.314788 
0.173473 0.136769 0.68382 1.60534e-05 0.00592196 
0.170168 0.0668105 0.434587 0.0117981 0.316637 
0.0275737 0.0268268 0.944771 8.62597e-05 0.000741797 
0.160232 0.0570258 0.653407 0.000400896 0.128934 
0.133913 0.0833889 0.667606 0.0127864 0.102305 
0.236769 0.0748881 0.628665 0.000156741 0.0595215 
0.333707 0.144661 0.409128 0.00516627 0.107337 
0.369004 0.204711 0.384212 0.00016883 0.0419043 
0.194578 0.334998 0.469554 0.000123923 0.000746906 
0.102571 0.0112247 0.761275 0.107205 0.017724 
0.196694 0.0789501 0.713406 0.000509748 0.0104405 
0.216818 0.0788259 0.357598 0.00708311 0.339675 
0.350756 0.0897034 0.390027 0.00367648 0.165837 
0.284137 0.0711327 0.586929 0.00165939 0.056142 
0.187346 0.0403988 0.761812 0.00277003 0.00767372 
0.119154 0.10221 0.772549 0.00129304 0.00479412 
0.114371 0.0147019 0.444716 0.00617035 0.420041 
0.0731055 0.451568 0.46845 1.44327e-05 0.00686276 
0.311658 0.0637871 0.533918 0.000115659 0.0905209 
0.214606 0.0461535 0.687957 0.0161157 0.035168 
0.120602 0.24342 0.561026 0.00049983 0.074452 
0.257865 0.23035 0.452939 0.000480994 0.0583652 
0.213228 0.344015 0.416177 0.000504475 0.0260752 
0.316078 0.152528 0.322469 0.00236005 0.206564 
0.437332 0.0231215 0.486212 0.0357941 0.0175404 
0.145726 0.22598 0.529043 0.000692541 0.098558 
0.320271 0.206353 0.362177 0.00470929 0.106489 
0.195538 0.117872 0.350143 0.00152136 0.334925 
0.0547201 0.00717757 0.9322 0.00504838 0.000854241 
0.232088 0.0345854 0.698954 0.00623265 0.0281408 
0.296637 0.0472347 0.619632 0.000322484 0.0361744 
0.182485 0.0110926 0.705825 3.0064e-05 0.100567 
0.149096 0.0393255 0.784699 0.000133338 0.0267468 
0.323878 0.284434 0.380011 0.000104679 0.0115726 
0.158614 0.0417665 0.42356 0.0331351 0.342925 
0.21556 0.131891 0.6373 0.000336782 0.0149119 
0.0520289 0.0971698 0.788024 0.000304332 0.0624728 
0.336912 0.0952283 0.514166 6.39477e-05 0.05363 
0.20446 0.102925 0.554952 0.000117185 0.137547 
0.345877 0.0937789 0.396539 0.081831 0.0819735 
0.0351778 0.000100695 0.944229 1.97849e-09 0.0204929 
0.134655 0.165079 0.641599 0.000352962 0.0583137 
0.275952 0.0645811 0.588045 0.000111314 0.0713101 
0.292085 0.046144 0.626036 0.00765955 0.0280753 
0.399572 0.042104 0.542284 0.000188119 0.0158519 
0.205899 0.0221896 0.544601 0.00653254 0.220778 
0.146875 0.0784408 0.646692 0.00668296 0.121309 
0.261902 0.250472 0.472726 0.000359387 0.01454 
0.0965869 0.0784665 0.633429 0.00171596 0.189802 
0.31197 0.172946 0.471634 0.00146033 0.0419903 
0.21509 0.0143737 0.722614 2.70218e-05 0.047896 
0.0443544 0.0119422 0.888878 0.0126821 0.0421434 
0.304334 0.0543725 0.613167 0.00189489 0.026231 
0.218594 0.0377333 0.587755 0.055635 0.100283 
0.0278715 0.000383901 0.951035 0.0196789 0.00103019 
0.0363504 0.065565 0.853216 5.7377e-06 0.0448633 
0.0975705 0.102189 0.771395 0.000814403 0.0280309 
0.274116 0.0550578 0.635432 0.000262271 0.0351314 
0.17271 0.0939157 0.493118 0.00448663 0.23577 
0.252038 0.0501767 0.533492 0.000171943 0.164121 
0.260623 0.315793 0.369552 0.00119704 0.0528353 
1.55058e-06 0.131246 0.809993 4.46023e-07 0.0587595 
0.0457932 0.033169 0.663371 0.00466987 0.252997 
0.0561659 0.0484481 0.711842 0.000440511 0.183104 
0.187358 0.0344673 0.7015 0.00107726 0.075598 
0.32412 0.0409048 0.408543 0.0088271 0.217605 
0.0598494 0.0403289 0.61725 0.0330189 0.249553 
0.0547201 0.00717757 0.9322 0.00504838 0.000854241 
0.235296 0.10823 0.638086 0.000225933 0.0181627 
0.264779 0.0860418 0.601686 0.000753448 0.0467393 
0.0908077 0.0712774 0.83162 1.01503e-05 0.00628469 
0.277147 0.0403035 0.595778 8.14347e-05 0.0866897 
0.291537 0.201824 0.425168 0.000142975 0.0813272 
0.157644 0.0536647 0.771241 0.00053432 0.0169156 
0.0926584 0.0448 0.861053 4.14666e-07 0.00148803 
0.0789135 0.42557 0.487524 0.00119245 0.00680085 
0.172497 0.155408 0.57182 0.00118771 0.0990865 
0.247637 0.136916 0.610013 0.000280222 0.00515438 
0.151213 0.0842297 0.759528 0.000172531 0.00485663 
0.420187 0.0788658 0.495709 0.000104231 0.0051338 
0.0984666 0.0581903 0.79977 0.0362318 0.00734181 
0.36052 0.0380314 0.405006 0.00493563 0.191506 
0.3587 0.0478391 0.479237 0.0103789 0.103845 
0.305905 0.236262 0.441061 6.43129e-05 0.0167077 
0.3134 0.0481557 0.525897 0.0137598 0.0987878 
0.224258 0.033769 0.67147 0.0273265 0.0431766 
0.134791 0.0304898 0.786996 0.000748161 0.0469755 
0.0842276 0.00622888 0.880329 0.00116514 0.0280496 
0.115544 0.377164 0.465926 9.06776e-05 0.0412758 
0.334646 0.150831 0.441885 0.000438975 0.0721978 
0.025477 0.106421 0.589011 0.026131 0.25296 
0.078622 0.140051 0.773482 1.39695e-05 0.00783089 
0.260436 0.280653 0.398216 5.93831e-05 0.0606346 
0.055595 0.0224885 0.893976 0.000344572 0.0275956 
0.173476 0.309244 0.481579 2.88682e-05 0.0356723 
0.183949 0.0119943 0.7731 0.000261513 0.0306955 
0.236978 0.227479 0.514502 1.92687e-05 0.0210226 
0.126421 0.0212772 0.845783 0.00104773 0.00547095 
0.170313 0.174568 0.576052 0.000794338 0.078272 
0.14824 0.0684104 0.750739 0.000837259 0.0317732 
0.236808 0.302486 0.438354 0.00877564 0.013577 
0.105774 0.0264006 0.861599 5.17189e-05 0.0061745 
0.104991 0.00163573 0.799668 0.000186899 0.0935189 
0.285971 0.0627705 0.581153 0.000276578 0.0698291 
0.0457932 0.033169 0.663371 0.00466987 0.252997 
0.124027 0.0312913 0.775115 0.000683458 0.0688837 
0.291934 0.0508554 0.635974 0.00011918 0.0211177 
0.153115 0.0422661 0.758001 0.00740363 0.0392136 
4.05573e-05 2.71778e-05 0.954667 6.20045e-06 0.0452593 
0.293397 0.124562 0.51723 0.000142572 0.0646689 
0.14508 0.207415 0.607652 0.00230941 0.0375437 
0.291709 0.0435554 0.553145 0.000586431 0.111003 
0.106155 0.00319313 0.533505 0.0099451 0.347202 
0.0735125 0.123154 0.743394 0.000204346 0.0597355 
0.321223 0.0698128 0.606298 6.90388e-05 0.00259751 
0.170232 0.0290071 0.526402 0.0785595 0.195799 
0.107908 0.207003 0.608909 3.97105e-05 0.076141 
0.0457932 0.033169 0.663371 0.00466987 0.252997 
0.386803 0.0791748 0.502257 0.000265639 0.0314994 
0.106155 0.00319313 0.533505 0.0099451 0.347202 
0.0228984 0.00378931 0.964755 0.000426886 0.00813074 
0.148411 0.105898 0.590068 0.00427956 0.151343 
0.154171 0.0494846 0.687411 3.50753e-05 0.108898 
0.379103 0.217863 0.384456 0.000298073 0.0182805 
0.384166 0.112613 0.414012 0.00203318 0.087175 
0.183196 0.307919 0.489201 0.000151291 0.0195326 
0.183465 0.101444 0.664059 0.00107142 0.0499607 
0.332308 0.175836 0.45843 0.000155372 0.0332708 
0.13883 0.0331451 0.810688 7.59661e-05 0.0172613 
0.0663829 4.6166e-06 0.719786 3.37715e-06 0.213823 
0.34536 0.0822089 0.415121 0.000883296 0.156427 
0.106155 0.00319313 0.533505 0.0099451 0.347202 
0.119412 0.0593132 0.814479 0.000773368 0.00602298 
0.0547201 0.00717757 0.9322 0.00504838 0.000854241 
0.0457932 0.033169 0.663371 0.00466987 0.252997 
0.298801 0.0531063 0.577441 0.00220581 0.0684454 
0.291708 0.195998 0.446203 0.000195693 0.0658945 
0.0105807 0.283602 0.695208 0.000384944 0.0102242 
0.268368 0.0616276 0.444119 0.00489822 0.220987 
0.122626 0.0353938 0.793382 7.00042e-05 0.048529 
0.160789 0.0795636 0.756818 0.000301492 0.00252745 
0.0967843 0.0980314 0.800614 9.96985e-06 0.00456037 
0.158725 0.0128097 0.795943 0.00592347 0.0265985 
0.131306 0.306117 0.483154 2.92776e-07 0.0794225 
0.254128 0.334414 0.408481 0.000572116 0.00240509 
0.305732 0.185098 0.459373 0.0126809 0.0371163 
0.211425 0.151941 0.610581 0.000117217 0.0259357 
0.145719 0.118492 0.67945 6.23189e-05 0.0562768 
0.0443544 0.0119422 0.888878 0.0126821 0.0421434 
0.419505 0.0445432 0.516936 0.00122834 0.0177874 
0.256498 0.0209435 0.614762 0.000769854 0.107027 
0.203414 0.0656027 0.609754 0.00339392 0.117835 
0.14824 0.0684104 0.750739 0.000837259 0.0317732 
0.405402 0.013575 0.414984 0.0248316 0.141208 
0.299723 0.155201 0.456084 0.00046781 0.0885232 
0.265572 0.0915906 0.57442 0.000394589 0.068023 
0.0129977 0.0635004 0.661838 0.0383401 0.223324 
0.0157849 0.0166716 0.955691 0.000141828 0.0117104 
4.56297e-05 3.05769e-05 0.98171 0.00489011 0.0133233 
0.233052 0.138259 0.486945 0.0024222 0.139322 
0.0699727 0.0111067 0.871981 1.20447e-05 0.0469279 
0.0502693 0.0247754 0.920616 0.000109006 0.00423006 
0.171511 0.0905743 0.486725 0.00475159 0.246437 
0.037754 0.026548 0.934397 0.00128959 1.09439e-05 
0.406982 0.0806993 0.434104 0.000229657 0.0779851 
0.144286 0.0311899 0.813133 0.0022555 0.00913599 
0.345282 0.190297 0.420764 0.00327008 0.040387 
0.144842 0.0490035 0.756733 0.0426497 0.00677231 
0.154588 0.0831306 0.693424 0.000151182 0.0687058 
0.334093 0.0569872 0.473024 0.0315511 0.104344 
0.307751 0.0640814 0.608178 0.00814936 0.0118402 
0.242561 0.161705 0.583056 0.000458105 0.0122197 
0.107686 0.0127355 0.791771 0.00632936 0.0814772 
0.396909 0.102487 0.447319 0.000106098 0.0531788 
0.0305268 0.26612 0.666804 0.000404972 0.0361445 
0.44951 0.000645598 0.547583 0.000173464 0.00208771 
0.0276349 0.0101084 0.769292 0.00203746 0.190927 
0.181414 0.0695435 0.711839 0.000168973 0.0370346 
0.206568 0.0164949 0.760303 0.00012554 0.0165086 
0.0984554 0.113244 0.779328 0.000679932 0.00829242 
0.0547201 0.00717757 0.9322 0.00504838 0.000854241 
0.114609 0.0406201 0.830516 3.93083e-05 0.0142163 
0.17328 0.135581 0.682787 0.000434246 0.00791743 
0.356458 0.198076 0.385668 0.00057791 0.0592207 
0.053728 0.0167411 0.526494 0.0334552 0.369582 
0.0643258 0.403857 0.47648 0.00118959 0.0541479 
0.124885 0.0548748 0.764132 0.0252979 0.0308097 
0.283919 0.062938 0.617321 0.00155073 0.0342717 
0.111917 0.0413034 0.70473 0.0524465 0.0896023 
0.151213 0.0842297 0.759528 0.000172531 0.00485663 
0.301014 0.158282 0.509391 0.000193536 0.0311203 
0.0911117 0.304879 0.597891 1.11944e-05 0.00610652 
0.0991627 0.0261193 0.850715 0.00229112 0.0217116 
0.377626 0.0284979 0.541239 0.00178284 0.0508548 
0.266247 0.071432 0.522812 0.00151629 0.137993 
0.388757 0.0338194 0.526984 8.47954e-05 0.0503542 
0.0129977 0.0635004 0.661838 0.0383401 0.223324 
0.0422684 0.0457161 0.911503 0.000129045 0.000383754 
0.0502693 0.0247754 0.920616 0.000109006 0.00423006 
0.197787 0.107056 0.639258 0.000188915 0.0557099 
0.112312 0.0397968 0.799186 0.000546192 0.0481588 
0.0547201 0.00717757 0.9322 0.00504838 0.000854241 
0.0350993 0.0952415 0.848784 5.71074e-06 0.0208693 
0.110443 0.0472404 0.645827 0.013625 0.182865 
0.442221 0.0106726 0.507831 0.00146966 0.0378052 
0.0210805 0.0171255 0.921206 0.000380707 0.0402076 
0.190188 0.0534096 0.73992 0.000158706 0.0163235 
0.201633 0.0382108 0.580667 0.00510095 0.174389 
0.128063 0.304701 0.49133 0.00054826 0.0753581 
0.390015 0.0405864 0.508547 0.00183675 0.0590151 
0.0457895 0.0696162 0.87417 0.000623838 0.00980026 
0.14824 0.0684104 0.750739 0.000837259 0.0317732 
0.0892655 0.0200435 0.527773 0.00405216 0.358866 
0.202351 0.0159054 0.392847 0.338607 0.0502888 
0.127385 0.0724285 0.480474 0.0326024 0.28711 
0.242778 0.056328 0.415494 0.0408255 0.244575 
0.216121 0.241771 0.529811 0.000174257 0.0121223 
0.0111305 0.111286 0.799895 0.00125814 0.0764298 
0.3807 0.108958 0.471492 0.000681899 0.0381678 
0.195538 0.117872 0.350143 0.00152136 0.334925 
0.311536 0.0752314 0.606502 0.000387775 0.00634284 
0.128299 0.070217 0.703722 0.000386895 0.0973752 
0.0599888 0.0539977 0.878892 0.0027933 0.00432836 
0.128466 0.0115572 0.856522 9.26396e-05 0.00336223 
0.311172 0.0672167 0.617289 0.000342055 0.00397954 
0.223589 0.0757812 0.605635 9.35476e-05 0.0949016 
0.236568 0.169003 0.365086 0.00253 0.226813 
0.0413562 0.086097 0.838766 0.000829217 0.0329519 
0.179568 0.112084 0.602888 0.00836287 0.0970967 
0.31625 0.123639 0.430383 0.000366222 0.129362 
0.0794244 0.334275 0.57894 4.93794e-06 0.00735613 
0.194257 0.15365 0.489412 0.0100608 0.152619 
0.139131 0.0358157 0.633131 0.0192182 0.172704 
0.0988622 0.0943042 0.628943 0.000694823 0.177196 
0.0443544 0.0119422 0.888878 0.0126821 0.0421434 
0.220749 0.00935677 0.439852 0.313596 0.0164467 
0.315057 0.0625115 0.583258 0.000299964 0.0388737 
0.259945 0.210755 0.503707 0.0118717 0.0137218 
0.131821 0.0229706 0.818994 0.000689554 0.0255246 
0.313472 0.0679127 0.36167 0.0998684 0.157077 
0.112097 0.0267585 0.5075 0.000242408 0.353402 
0.230065 0.23661 0.51396 0.000385676 0.0189788 
0.0502693 0.0247754 0.920616 0.000109006 0.00423006 
0.404483 0.0803304 0.434509 0.00117579 0.0795028 
0.140557 0.151791 0.692613 0.000687778 0.0143519 
0.230989 0.0787025 0.40315 0.00018742 0.286972 
0.173519 0.177983 0.326511 0.0142149 0.307772 
0.139555 0.0373751 0.816798 0.000212809 0.00605893 
0.264779 0.0860418 0.601686 0.000753448 0.0467393 
0.315594 0.124544 0.445949 0.0169023 0.0970108 
0.239692 0.150682 0.326847 0.000417131 0.282363 
0.44951 0.000645598 0.547583 0.000173464 0.00208771 
0.217768 0.0423172 0.691105 0.0117605 0.0370499 
0.201004 0.0806182 0.560641 0.00493605 0.152801 
0.182174 0.0454214 0.729405 0.00276877 0.0402315 
0.275957 0.172258 0.54593 0.00024426 0.00561176 
0.106155 0.00319313 0.533505 0.0099451 0.347202 
0.187999 0.145936 0.638659 0.000321928 0.0270833 
0.310324 0.105793 0.567452 0.000246558 0.0161843 
0.150873 0.0314842 0.66745 0.00179107 0.148402 
0.0690219 0.0980345 0.820854 0.000118563 0.0119713 
0.241486 0.0260748 0.563387 0.00933596 0.159716 
0.364598 0.0592686 0.403732 0.0037906 0.16861 
0.156048 0.119657 0.686758 0.000431189 0.0371065 
0.353953 0.0464139 0.565205 0.000566002 0.0338624 
0.150057 0.119863 0.726367 0.0017561 0.00195649 
0.25605 0.0142605 0.710201 9.50587e-05 0.0193937 
0.44951 0.000645598 0.547583 0.000173464 0.00208771 
0.2274 0.342519 0.423333 3.03087e-05 0.00671824 
0.39943 0.0582155 0.477748 0.00116902 0.0634383 
0.097834 0.0889483 0.80463 0.000206899 0.00838049 
0.426416 0.0397663 0.455775 0.000207238 0.0778351 
0.361953 0.0177064 0.470706 0.0468048 0.10283 
0.129871 0.165676 0.672535 0.000849411 0.031068 
0.0318875 0.039308 0.898372 0.00044908 0.029983 
0.342186 0.173108 0.459117 0.00417757 0.0214114 
0.0561659 0.0484481 0.711842 0.000440511 0.183104 
0.103486 0.215699 0.642999 0.0116169 0.0261984 
0.0443544 0.0119422 0.888878 0.0126821 0.0421434 
0.33171 0.0408044 0.490509 0.000238423 0.136738 
0.000108707 7.28659e-05 0.998555 1.67375e-05 0.00124658 
0.0502693 0.0247754 0.920616 0.000109006 0.00423006 
0.0731055 0.451568 0.46845 1.44327e-05 0.00686276 
0.133426 0.239246 0.454685 0.00488336 0.16776 
0.227076 0.0334789 0.704762 0.000806274 0.0338768 
0.380987 0.0712141 0.448633 0.00114599 0.0980194 
0.314402 0.0583813 0.519657 0.00337414 0.104186 
0.36022 0.103027 0.488386 0.0142232 0.0341441 
0.221413 0.0411877 0.664979 0.000159961 0.0722609 
0.356257 0.122776 0.404019 0.00890497 0.108043 
0.221413 0.0411877 0.664979 0.000159961 0.0722609 
0.200271 0.150801 0.623017 0.00232702 0.0235841 
0.138007 0.0385378 0.729867 0.0164711 0.0771173 
0.344583 0.101204 0.455669 0.00835954 0.0901845 
0.251262 0.0366064 0.675834 0.00614915 0.0301489 
0.135193 0.109317 0.73525 4.15883e-05 0.0201984 
0.0543761 0.0797073 0.805674 0.0318191 0.0284239 
0.254652 0.0143023 0.647927 0.0614449 0.0216738 
0.209187 0.020676 0.766161 0.00159876 0.00237698 
0.222669 0.0920031 0.60568 0.000579621 0.0790686 
0.117888 0.00986622 0.666514 0.00130413 0.204428 
0.39071 0.122085 0.410075 0.000350808 0.0767789 
0.139131 0.0358157 0.633131 0.0192182 0.172704 
0.0783489 0.390825 0.524104 9.4496e-05 0.00662729 
0.258994 0.0943071 0.572899 0.000876489 0.0729237 
0.328079 0.109728 0.387182 0.0355141 0.139497 
0.140179 0.0532803 0.738449 3.55449e-07 0.068092 
0.106155 0.00319313 0.533505 0.0099451 0.347202 
0.167698 0.301964 0.480319 0.000409766 0.0496092 
0.136856 0.0221117 0.837764 6.44647e-05 0.00320438 
0.290896 0.061416 0.378366 0.23915 0.0301718 
0.0547201 0.00717757 0.9322 0.00504838 0.000854241 
0.0502693 0.0247754 0.920616 0.000109006 0.00423006 
0.142339 0.137288 0.674724 0.00117065 0.0444778 
0.310846 0.015178 0.640392 0.0167812 0.0168027 
0.30769 0.0854369 0.527424 0.000373363 0.0790757 
0.0793009 0.147212 0.462726 0.00326507 0.307497 
0.122125 0.0528827 0.808103 0.00102388 0.0158659 
0.120106 0.137754 0.738346 1.3455e-06 0.00379192 
0.365855 0.0613432 0.558124 7.68302e-05 0.0146015 
0.260583 0.247866 0.432804 7.50856e-05 0.0586714 
0.14145 0.151875 0.634996 0.000326022 0.0713531 
0.206357 0.123071 0.628609 3.57045e-05 0.0419272 
0.221412 0.0911466 0.610732 0.000229216 0.0764808 
0.332731 0.0637776 0.547802 0.000267046 0.0554233 
0.0899297 0.316468 0.541663 3.46963e-05 0.0519045 
0.0961177 0.00565945 0.879018 5.45326e-05 0.0191504 
0.254652 0.0143023 0.647927 0.0614449 0.0216738 
0.151925 0.0890341 0.552936 0.00826811 0.197837 
0.103255 0.0284807 0.819728 0.00628732 0.0422493 
0.308919 0.125085 0.541402 0.000434974 0.0241586 
0.18395 0.153909 0.473278 0.000595973 0.188266 
0.258817 0.129326 0.542967 0.000660623 0.0682296 
0.392615 0.0998406 0.438315 0.00749516 0.0617337 
0.131821 0.0229706 0.818994 0.000689554 0.0255246 
0.130677 0.215502 0.635296 0.000334612 0.0181907 
0.0642909 0.117833 0.807084 0.000120135 0.010672 
0.256394 0.0227219 0.665123 0.0033653 0.0523964 
0.0129977 0.0635004 0.661838 0.0383401 0.223324 
0.139131 0.0358157 0.633131 0.0192182 0.172704 
0.365938 0.0274447 0.590042 0.00224407 0.0143311 
0.300513 0.129932 0.551977 0.000411273 0.0171675 
0.229664 0.326788 0.435836 0.000104894 0.00760784 
0.195538 0.117872 0.350143 0.00152136 0.334925 
0.0196586 0.00147662 0.966687 0.00024338 0.0119341 
0.130556 0.286893 0.523067 5.88245e-05 0.0594245 
0.181167 0.116463 0.348064 0.0357608 0.318545 
0.230277 0.0529046 0.703989 0.000117075 0.012713 
0.367406 0.0431309 0.492948 0.032716 0.0637993 
0.194017 0.0535848 0.694264 0.000491846 0.0576424 
0.21119 0.11358 0.646032 1.74742e-06 0.0291963 
0.37447 0.0807008 0.477251 0.00468254 0.0628957 
0.311872 0.155533 0.529603 7.51789e-05 0.00291683 
0.140525 0.387626 0.469531 3.03789e-05 0.00228787 
0.21965 0.0300867 0.628674 0.118735 0.00285417 
0.251407 0.0467149 0.618664 0.000384613 0.0828295 
0.0919306 0.118002 0.653816 0.0011912 0.135061 
0.012869 0.00862365 0.974331 0.00196743 0.00220905 
0.167934 0.0157663 0.776025 0.000138256 0.040137 
0.0129977 0.0635004 0.661838 0.0383401 0.223324 
0.36997 0.0929973 0.488633 0.000194402 0.0482054 
0.222387 0.0573205 0.626682 0.000709215 0.0929017 
0.275205 0.0738328 0.44621 0.00851152 0.196241 
0.0425185 0.0273285 0.920307 0.00102211 0.00882413 
0.0882955 0.381348 0.530161 1.36435e-10 0.00019539 
0.000361616 0.00859037 0.990723 0.000143292 0.00018146 
0.45832 0.042325 0.478434 0.000206874 0.0207135 
0.139131 0.0358157 0.633131 0.0192182 0.172704 
0.270935 0.0613509 0.624289 0.00197693 0.0414474 
0.125605 0.0241541 0.841326 4.95987e-05 0.00886588 
0.13188 0.181297 0.680833 0.00373015 0.00225886 
0.208589 0.0248318 0.760399 0.000290843 0.00588927 
0.0597123 0.0216969 0.544217 0.0488929 0.325481 
0.196241 0.0821127 0.685596 0.000642691 0.0354085 
0.0712249 0.231286 0.680258 0.000884354 0.0163471 
0.329596 0.0617704 0.518687 0.000286955 0.0896595 
0.0903127 0.0193531 0.425131 0.267121 0.198082 
1.5276e-05 2.81424e-05 0.999923 1.92618e-06 3.12108e-05 
0.286834 0.262731 0.439206 7.35115e-05 0.0111551 
0.266927 0.0408283 0.674161 0.000279475 0.017805 
0.0482208 0.0593547 0.836104 0.0270815 0.0292387 
0.103221 0.0281742 0.858671 0.00399348 0.00593958 
0.340586 0.117548 0.431964 0.00107 0.108833 
0.0339746 0.0207309 0.936725 0.000446701 0.00812295 
0.359774 0.0504952 0.48973 0.00112166 0.0988793 
0.274116 0.0550578 0.635432 0.000262271 0.0351314 
0.333269 0.289521 0.354864 0.000899044 0.0214477 
0.0681518 0.347451 0.565374 0.000231223 0.0187923 
0.232249 0.197669 0.532317 0.000304544 0.03746 
0.19251 0.023112 0.408616 0.00975416 0.366007 
0.0927417 0.171959 0.721201 0.000246293 0.0138515 
0.161477 0.0834713 0.743221 0.000242888 0.0115883 
0.218396 0.0255789 0.704352 5.73859e-06 0.0516679 
0.105537 0.0409615 0.626463 0.0734795 0.153559 
0.0022125 0.109035 0.873373 3.86575e-05 0.0153411 
0.0581616 0.0232378 0.90181 4.57103e-05 0.0167453 
0.275202 0.129929 0.549478 0.000167566 0.0452226 
0.254097 0.0359862 0.517641 0.10721 0.0850661 
0.233228 0.296734 0.449375 8.72442e-05 0.0205762 
0.0982123 0.00896079 0.807438 0.00112428 0.0842648 
0.291522 0.0951789 0.592935 0.000987379 0.0193761 
0.118635 0.0945337 0.512791 1.46623e-06 0.274039 
0.153599 0.00992759 0.772485 0.000389355 0.0635995 
0.383846 0.0831419 0.419532 0.0689916 0.0444891 
0.019289 0.231683 0.747536 2.34953e-07 0.00149177 
0.280313 0.0281713 0.654509 0.0168541 0.0201523 
0.109113 0.0281496 0.836815 0.00379953 0.0221232 
0.132184 0.0577687 0.807324 0.00106061 0.00166282 
0.318247 0.244852 0.391729 0.00578234 0.0393884 
0.11954 0.274155 0.597198 0.000839034 0.00826739 
0.173455 0.0559666 0.645412 0.000113352 0.125053 
0.289745 0.179105 0.506198 0.000162962 0.024789 
0.33403 0.0577542 0.537809 5.95205e-05 0.0703477 
0.254822 0.163566 0.53802 0.00124053 0.0423519 
0.234932 0.0260481 0.448742 0.00914757 0.281131 
0.355926 0.0868411 0.404407 5.64978e-05 0.15277 
0.0825591 0.0616948 0.781107 0.000628012 0.0740112 
0.292242 0.00982657 0.687136 0.000907743 0.00988833 
0.0655657 0.250712 0.647859 0.000113561 0.0357489 
0.146762 0.262421 0.583148 0.0040466 0.00362221 
0.102746 0.407916 0.454443 3.92317e-07 0.0348938 
0.258685 0.134682 0.596682 0.000101563 0.00984964 
0.187881 0.147846 0.625189 0.000165457 0.0389187 
0.0386016 0.321347 0.50913 0.000395416 0.130526 
0.175469 0.0635297 0.724531 0.000523278 0.0359472 
0.280576 0.132566 0.541133 0.000402536 0.0453223 
0.22601 0.0626095 0.350742 0.0373419 0.323298 
0.364058 0.118498 0.440984 0.00172977 0.0747299 
0.338971 0.0582052 0.487649 0.00106207 0.114112 
0.0129977 0.0635004 0.661838 0.0383401 0.223324 
0.293413 0.216878 0.474034 0.000618207 0.015057 
0.136223 0.147868 0.697865 0.000487858 0.0175569 
0.131109 0.294207 0.495813 0.000131741 0.0787394 
0.224212 0.167837 0.467679 0.00433232 0.135939 
0.185675 0.211925 0.52134 0.000784623 0.0802748 
0.237334 0.0901034 0.664789 8.22646e-05 0.00769136 
0.143786 0.0390101 0.678441 0.000298125 0.138464 
0.232489 0.257733 0.389273 0.0091424 0.111363 
0.106155 0.00319313 0.533505 0.0099451 0.347202 
0.106155 0.00319313 0.533505 0.0099451 0.347202 
0.395383 0.177802 0.402532 0.000220297 0.0240626 
0.152937 0.0552922 0.597734 0.0135841 0.180453 
1.10871e-05 7.42966e-06 0.986283 0.00492028 0.00877826 
0.433795 0.0503411 0.510355 8.25469e-05 0.0054259 
0.159379 0.0366771 0.779445 0.000178911 0.0243199 
0.285799 0.0664947 0.3247 0.00603133 0.316975 
0.224226 0.116107 0.620584 0.00024753 0.0388356 
0.16792 0.107821 0.446991 0.0259132 0.251354 
0.091455 0.0546094 0.824126 0.000472254 0.029337 
0.389112 0.0266509 0.533232 0.00141917 0.0495865 
0.224782 0.265544 0.483627 0.00205097 0.0239963 
0.127087 0.167236 0.704184 0.000287759 0.00120476 
0.0731055 0.451568 0.46845 1.44327e-05 0.00686276 
0.0547201 0.00717757 0.9322 0.00504838 0.000854241 
0.173078 0.146672 0.62694 0.000106892 0.053203 
0.133486 0.215116 0.640204 0.00076395 0.0104296 
0.307459 0.0451691 0.640772 0.000170907 0.00642901 
0.133832 0.0283556 0.790058 0.000912687 0.0468414 
0.136955 0.287557 0.459238 0.0295917 0.0866584 
0.104254 0.0353437 0.788818 0.0196884 0.0518958 
0.260158 0.169504 0.487723 0.00153808 0.0810769 
0.218149 0.0823979 0.641696 0.000123133 0.0576339 
0.283036 0.00635235 0.591123 0.000472427 0.119015 
0.162258 0.035955 0.787865 0.000668955 0.013254 
0.19424 0.176555 0.542736 0.00107789 0.0853904 
0.075793 0.0433144 0.873108 0.000201002 0.00758326 
0.129776 0.0466689 0.551882 0.00589207 0.265782 
0.119977 0.387241 0.488554 2.73581e-05 0.00420044 
0.264189 0.109111 0.508291 0.00363325 0.114776 
0.317057 0.0806209 0.50042 0.0263652 0.0755368 
0.26033 0.0208083 0.402284 0.0106797 0.305898 
0.181347 0.0215704 0.541558 0.0220908 0.233434 
0.206972 0.100673 0.349829 0.0364097 0.306115 
0.133511 0.209772 0.515902 0.000490972 0.140324 
0.271852 0.292052 0.406701 9.7728e-05 0.0292982 
0.26349 0.05263 0.670776 4.98586e-05 0.0130544 
0.149155 0.213349 0.489303 0.000140449 0.148052 
0.168771 0.0367088 0.66153 0.0449356 0.0880547 
0.298614 0.181028 0.370135 0.000343466 0.14988 
0.260274 0.041555 0.559478 0.0164025 0.12229 
0.169589 0.0490601 0.728487 1.64561e-06 0.0528622 
0.347666 0.0420251 0.53465 0.0256048 0.0500544 
0.137293 0.020227 0.789865 0.000141275 0.0524741 
0.22978 0.113152 0.635626 0.000102803 0.0213392 
0.339333 0.17907 0.456707 2.19038e-06 0.0248882 
0.0374717 0.198401 0.751866 0.00075185 0.0115092 
0.265851 0.0347481 0.655139 0.000133429 0.0441283 
0.129286 0.160333 0.639793 0.00018175 0.0704066 
1.10871e-05 7.42966e-06 0.986283 0.00492028 0.00877826 
0.147748 0.0687153 0.778661 0.00195805 0.00291815 
0.178446 0.161919 0.589601 0.000289108 0.0697448 
0.225923 0.195327 0.541815 0.00290224 0.0340322 
0.106155 0.00319313 0.533505 0.0099451 0.347202 
0.0443544 0.0119422 0.888878 0.0126821 0.0421434 
0.101474 0.0333072 0.738534 0.000695476 0.12599 
0.199764 0.0448828 0.626999 0.0357922 0.0925627 
0.313281 0.25093 0.419169 0.000256995 0.0163631 
0.116901 0.0794748 0.791182 0.00015626 0.0122856 
0.13493 0.22124 0.619389 0.000359238 0.0240816 
0.142452 0.175318 0.457177 7.83593e-06 0.225045 
0.245865 0.1553 0.539859 0.0373079 0.0216686 
0.144692 0.222068 0.631896 0.000211862 0.00113167 
0.276249 0.118111 0.539263 0.000252479 0.0661245 
0.198596 0.0410067 0.480006 0.0008686 0.279522 
0.0331695 0.00481373 0.947267 0.0073234 0.00742632 
0.093618 0.312415 0.534497 0.000704044 0.0587657 
0.0920226 0.223084 0.660295 0.000403298 0.0241952 
0.183155 0.0489343 0.745945 0.000892843 0.0210723 
0.326939 0.0682618 0.566895 0.000136547 0.0377679 
0.119934 0.269816 0.580971 0.00101413 0.0282652 
0.327829 0.117062 0.513735 0.00255321 0.0388215 
0.154809 0.0367164 0.496894 0.00836958 0.303211 
0.24323 0.122615 0.477196 2.31966e-05 0.156936 
0.363481 0.0425521 0.58517 0.000109161 0.00868812 
0.172465 0.0643567 0.630857 0.0108681 0.121453 
0.0925489 0.0409228 0.579024 0.0346366 0.252868 
0.0882821 0.35029 0.466787 0.000666 0.0939753 
0.282863 0.116813 0.36842 0.000713909 0.23119 
0.185366 0.156307 0.60484 0.000831328 0.0526554 
0.259355 0.192726 0.531334 0.000125959 0.0164583 
0.137236 0.142056 0.685045 0.000930537 0.0347336 
0.197807 0.087233 0.691161 0.00013719 0.0236612 
0.190176 0.11655 0.35506 0.013947 0.324267 
0.265161 0.138732 0.567091 0.000586267 0.0284296 
0.301598 0.202961 0.450253 0.000377328 0.0448113 
0.187614 0.185199 0.375927 0.000267976 0.250992 
0.295353 0.219872 0.469983 0.000162276 0.0146299 
0.28321 0.0645499 0.553604 0.026856 0.0717804 
0.0508872 0.231628 0.709874 1.94874e-05 0.00759148 
0.206372 0.0457187 0.494301 0.120694 0.132913 
0.0600678 0.0605851 0.749042 0.00149051 0.128814 
0.117321 0.227622 0.631889 0.00842864 0.0147399 
0.012869 0.00862365 0.974331 0.00196743 0.00220905 
0.21861 0.0931036 0.585705 0.00407116 0.0985105 
0.136632 0.134435 0.605589 0.00304419 0.120301 
0.035883 0.00841235 0.93822 0.00129836 0.0161858 
0.0925795 0.101313 0.76828 5.49009e-05 0.0377729 
0.236581 0.0594636 0.646479 0.000949032 0.0565274 
0.192031 0.0283543 0.432784 0.0607041 0.286127 
0.106698 0.0373758 0.810583 0.000698749 0.0446444 
0.222147 0.139619 0.589361 0.000205048 0.0486683 
0.289469 0.103731 0.546885 0.004576 0.0553387 
0.149391 0.163666 0.663544 6.31674e-05 0.0233357 
0.315841 0.0228239 0.615907 5.45382e-05 0.0453738 
0.369044 0.0258594 0.511504 0.0437519 0.0498406 
0.454238 0.044639 0.467739 0.000433528 0.0329508 
0.0626156 0.0919783 0.574776 0.00251678 0.268113 
0.311598 0.104099 0.563759 0.000292069 0.020252 
0.140878 0.182352 0.673321 2.11561e-05 0.00342768 
0.451023 0.0482968 0.471714 0.000119966 0.0288462 
