8.04321e-05 0.609275 0.235873 0.00171141 0.00358928 0.0635505 0.0110639 0.0748563 
0.00621978 0.60819 0.133801 0.000552336 0.0263417 0.126882 0.00394299 0.0940695 
0.000233556 0.385872 0.246528 0.000115834 0.000157325 0.26417 0.00184412 0.101079 
1.24634e-05 0.899192 0.0458605 2.74312e-07 1.43179e-07 0.0431444 0.00967856 0.00211161 
0.00116623 0.658797 0.0916503 0.00360258 0.000552579 0.145017 0.0288456 0.0703692 
0.0111575 0.541874 0.233915 0.0793048 0.00615819 0.00355009 0.0602549 0.0637857 
0.00419186 0.587314 0.162241 0.00028257 0.00266468 0.111639 0.000941548 0.130726 
0.0319641 0.488163 0.30579 0.00231041 0.0210373 0.066793 0.00017702 0.0837656 
3.14072e-05 0.563929 0.170055 2.39066e-05 0.00189833 0.0793159 0.00157843 0.183168 
1.89033e-06 0.766491 0.123317 0.0375281 8.44958e-05 0.00541956 9.91945e-05 0.067059 
0.00221751 0.567695 0.0415447 0.0310647 0.00592248 0.0377928 0.00893016 0.304832 
0.00010852 0.739453 0.0442469 4.64261e-05 0.00665708 0.17561 7.50546e-05 0.0338028 
3.00564e-05 0.868456 0.0180688 1.2769e-05 0.000300238 0.049786 0.000228193 0.0631176 
0.0427384 0.513103 0.257154 0.0476923 0.000906618 0.0261883 0.00017556 0.112042 
6.09002e-05 0.962413 0.00473069 1.19501e-07 0.00946075 0.00369767 8.22956e-05 0.0195543 
0.000545231 0.516249 0.00740377 0.000315958 0.0153925 0.126679 0.0218892 0.311526 
0.00355445 0.509034 0.10076 0.00670503 0.00332335 0.0340606 0.0382423 0.30432 
0.0131607 0.511604 0.0184651 0.000236906 0.0261907 0.126059 0.000546042 0.303737 
0.00208518 0.451363 0.0653687 0.0529875 0.0273473 0.294432 0.00312881 0.103288 
0.000262819 0.552616 0.025511 0.0017534 0.0331382 0.124732 0.0136634 0.248323 
0.00417591 0.473464 0.019346 0.000282185 0.000870881 0.253432 0.0329461 0.215483 
0.00995758 0.567216 0.0155094 0.000157567 3.10172e-05 0.0904682 0.208682 0.107979 
0.00218776 0.356731 0.0272209 0.124499 0.151673 0.226654 0.00232456 0.108709 
3.7767e-05 0.851495 0.00966081 1.79833e-06 0.00316148 0.0796929 0.000115877 0.0558343 
1.81106e-08 0.725969 0.00249958 8.77722e-05 0.000164183 0.0813179 0.011926 0.178035 
0.00146542 0.439426 0.158217 0.00324418 0.0188713 0.134845 0.00196791 0.241963 
0.0562092 0.439961 0.0356438 0.000370878 0.0667282 0.131271 0.0451337 0.224682 
0.00757729 0.541707 0.0555266 0.152464 0.00219554 0.123289 0.0080996 0.109141 
0.000439673 0.439615 0.204182 0.00201092 2.79879e-06 0.00317581 1.05633e-11 0.350573 
0.00905724 0.497702 0.0530745 0.000678416 4.43092e-05 0.0104747 0.000369012 0.4286 
1.28886e-05 0.856629 0.00100005 7.1976e-05 0.000120009 0.132352 0.00912839 0.000685739 
0.00118803 0.732605 0.0353153 0.0895203 0.00475044 0.0689429 0.0009193 0.0667585 
0.00508203 0.48401 0.330406 0.000252328 0.000726862 0.0861017 0.00361588 0.0898057 
0.00183032 0.597167 0.336031 0.00136683 0.00102955 0.00578303 2.97185e-05 0.0567627 
0.00542076 0.375075 0.341889 1.477e-06 3.33485e-06 0.0172054 3.37081e-06 0.260402 
0.000864174 0.569163 0.228545 3.02321e-06 0.000910474 0.0916633 0.0427288 0.0661227 
4.07131e-09 0.596691 0.0286761 1.53609e-06 0.000322587 0.0904542 4.27469e-05 0.283812 
4.2437e-07 0.687521 5.48553e-10 1.36472e-05 1.09571e-09 0.306418 0.000683211 0.00536339 
8.04321e-05 0.609275 0.235873 0.00171141 0.00358928 0.0635505 0.0110639 0.0748563 
0.00110127 0.733325 0.0576309 0.000291402 0.0606304 0.0725969 0.00125625 0.0731678 
2.11037e-10 0.898522 0.0972228 4.50872e-05 1.1659e-06 0.00266828 8.28504e-09 0.00154086 
0.00219001 0.40515 0.164059 0.0142786 0.0204911 0.0950392 0.00293774 0.295854 
0.000781239 0.707562 0.101528 0.000336004 0.0220095 0.0727906 0.000656356 0.0943357 
0.000595955 0.416504 0.00904998 0.180493 0.0435881 0.048289 0.195441 0.106039 
8.81264e-06 0.665011 0.0435382 5.45331e-05 0.000855406 0.0384451 0.00132377 0.250763 
0.0214064 0.833114 0.0762308 0.00764352 0.0015269 0.00690223 0.00364032 0.0495358 
0.0758392 0.466341 0.0387023 0.128409 0.00941819 0.0934011 0.00283752 0.185052 
0.00152788 0.348979 0.234613 3.16176e-06 0.0479383 0.25065 0.000414642 0.115875 
0.000826562 0.461028 0.283652 0.00367293 0.00819747 0.108933 0.0547582 0.0789313 
0.000183737 0.669071 0.169256 5.56576e-07 0.0136403 0.1317 0.00165434 0.0144936 
0.00780383 0.583148 0.0940418 0.00163294 0.0101197 0.0522234 0.00931928 0.241711 
0.000994485 0.30913 0.0583114 0.00165617 0.105718 0.287549 0.0252088 0.211432 
0.00634412 0.667296 0.00237325 0.000288963 0.0369621 0.0450502 0.0934796 0.148206 
0.00205526 0.458294 0.325942 0.000984084 0.0126534 0.0452657 6.42362e-05 0.154741 
0.00246185 0.380258 0.360292 0.000335854 0.00294806 0.0489695 0.0011025 0.203633 
0.000278886 0.716384 0.00479941 0.000173808 0.0136166 0.0646088 0.00491794 0.195221 
0.000718873 0.339024 0.165167 0.00109205 0.108846 0.0798944 0.00901326 0.296245 
0.00101571 0.496166 0.0105333 0.000117826 0.0101874 0.214635 0.131709 0.135636 
0.00454277 0.561628 0.0716915 0.0686821 0.0189762 0.177613 0.00141124 0.0954554 
0.000171784 0.886917 0.103868 4.02743e-05 7.89862e-05 0.00476688 1.86401e-06 0.00415474 
7.71945e-05 0.725341 0.00862848 6.69068e-05 0.027172 0.113638 0.019054 0.106023 
5.27179e-05 0.845867 0.00416149 0.000386934 0.000764589 0.0303643 0.0212901 0.0971129 
0.0117647 0.731034 0.069135 0.00368835 1.31964e-06 0.104644 0.0122438 0.0674889 
1.78983e-05 0.412599 0.228312 1.9717e-05 0.0241974 0.0281774 0.287896 0.0187801 
0.0671758 0.633207 0.0267727 0.0231638 0.00451259 0.0573228 0.0636149 0.124231 
0.061421 0.530633 0.0913512 0.0189489 0.00472116 0.0311955 0.00516709 0.256562 
3.16844e-06 0.575165 0.0895936 0.0108 0.0128178 0.116508 0.00441465 0.190697 
0.00613317 0.343024 0.169807 0.0213681 0.043884 0.10323 0.000920868 0.311633 
0.000148447 0.603909 0.028991 3.34162e-05 0.000505803 0.0457123 0.041464 0.279236 
0.0036271 0.636231 0.0511378 0.00540788 0.00117702 0.197696 0.00506841 0.0996549 
1.85169e-05 0.969073 0.00498117 2.46463e-06 0.000287299 0.0252794 0.00033706 2.1499e-05 
2.79503e-05 0.951316 0.00122954 4.24e-06 1.29947e-05 0.0285951 0.000245117 0.0185692 
0.0674547 0.393067 0.0720786 0.00439158 0.0555585 0.102642 0.0672542 0.237553 
0.000146312 0.79113 0.00314929 0.000317466 0.000389088 0.199196 0.00108364 0.00458755 
0.208482 0.280218 0.0259128 0.0156839 0.0210883 0.207604 0.011051 0.22996 
0.00464178 0.397111 0.274334 0.00571447 0.0130069 0.0949253 0.00474944 0.205518 
0.00882674 0.416541 0.187674 0.00649207 0.00228632 0.133906 0.00669728 0.237577 
0.00901283 0.547386 0.122924 0.00520469 0.0399216 0.0453927 0.0162273 0.213931 
0.000507097 0.597095 0.00997459 0.00018406 0.000514976 0.0502603 0.0823148 0.259149 
0.000325728 0.418165 0.0986802 0.00140696 0.0172556 0.193907 0.0705078 0.199751 
0.00250851 0.716349 0.0295328 0.0378462 0.0144081 0.123908 6.43744e-05 0.0753828 
0.00696172 0.352136 0.088683 0.0168291 0.0400967 0.323434 0.00859172 0.163268 
8.03195e-05 0.574269 0.26017 2.47579e-05 0.020694 0.0629142 6.46203e-07 0.0818471 
3.23158e-05 0.703727 0.0092983 1.15964e-05 3.26014e-06 0.13676 0.0641803 0.0859866 
1.61002e-05 0.801233 0.00830036 0.0124446 0.00598604 0.0639174 0.000107607 0.107994 
0.000228115 0.250259 0.136519 0.125942 0.0105741 0.223014 0.00666728 0.246796 
3.86287e-06 0.738482 0.0336789 0.0122609 0.0130022 0.0769139 8.75177e-07 0.125657 
1.1404e-05 0.832517 0.000862174 0.0184141 0.00452497 0.0678558 0.0123645 0.0634501 
0.000960562 0.672518 0.0421274 0.00044955 0.00102086 0.158063 0.0166842 0.108177 
0.00117943 0.68722 0.0317584 0.00180804 0.000857718 0.0578209 0.035815 0.183541 
4.13053e-05 0.856117 0.0910378 4.06204e-06 1.20515e-05 3.27031e-05 1.39185e-05 0.0527409 
0.000227104 0.291343 0.248967 0.26577 0.0310865 0.0763528 0.00098075 0.0852723 
1.19542e-08 0.427415 0.0754652 0.417761 0.0382499 0.0411026 8.53713e-07 6.04592e-06 
0.0106671 0.609276 0.0998194 0.135304 0.00543769 0.0263549 0.000634854 0.112506 
0.0147115 0.807935 0.0249208 0.0608778 0.000543702 0.0614073 0.0198661 0.00973809 
0.0034211 0.761743 0.00167371 0.18429 0.00745772 0.0225288 0.00145434 0.0174312 
0.000207586 0.465211 0.190499 7.74769e-05 0.00303639 0.0865275 0.0162397 0.238201 
3.72166e-05 0.534774 0.0544775 0.000923552 0.000568447 0.187785 0.0223147 0.19912 
0.00184208 0.589926 0.00706235 0.000889245 0.00955639 0.0823268 0.203692 0.104705 
0.000349575 0.498442 0.162681 0.000333833 0.0137492 0.0509249 0.00818452 0.265335 
0.000267675 0.446894 0.0194711 0.000346199 0.00512121 0.268375 0.0823199 0.177205 
0.000707688 0.901919 0.0143134 0.00658317 0.00481473 0.028742 0.00146692 0.0414527 
0.0116306 0.408203 0.215115 0.00882758 0.0302124 0.0856721 0.00166738 0.238672 
0.000281133 0.426328 0.00115695 0.00212966 0.098128 0.115791 0.18035 0.175834 
6.10636e-08 0.367623 0.345735 0.000544639 0.00623351 0.134867 0.0196975 0.125299 
7.12808e-05 0.771217 0.0562746 0.000598791 0.000371774 0.00106627 8.21549e-08 0.1704 
2.19361e-09 0.540415 0.0469053 0.000983908 1.88179e-06 0.0317045 0.00510835 0.374881 
0.134668 0.457417 0.0859088 0.0312977 0.000982823 0.0710048 0.00935354 0.209367 
0.00110544 0.534099 0.0931885 1.16154e-05 0.00172056 0.0336032 0.00149094 0.334781 
5.03718e-10 0.414082 0.00672026 0.000686239 0.000270556 0.130678 0.297745 0.149817 
0.00139397 0.525086 0.101157 0.000851478 0.00158645 0.240289 0.00420178 0.125435 
0.000431156 0.372315 0.204647 0.00831472 0.0556871 0.173225 0.000930745 0.18445 
1.12918e-05 0.676635 0.0895332 0.00125316 0.000236387 0.176846 0.00116516 0.0543196 
0.00204357 0.485004 0.0958272 0.000573412 0.00296189 0.0715373 0.0023787 0.339674 
0.000670367 0.364099 0.283325 0.000231854 0.0175469 0.0897601 0.000843938 0.243523 
0.00052146 0.669545 0.04374 0.00300928 0.040499 0.103789 0.00146288 0.137433 
1.99414e-06 0.676212 0.0833529 4.02375e-07 0.00246706 0.115681 0.00189063 0.120394 
0.0357255 0.455517 0.0385049 0.000117928 0.0895509 0.0654467 0.000375697 0.314761 
0.000397479 0.368717 0.270833 4.11129e-06 0.00155779 0.338731 5.55506e-05 0.0197046 
0.000386567 0.720163 0.108174 0.00987338 0.0228368 0.0733552 0.00117256 0.0640386 
0.000699338 0.287584 0.137453 0.250759 0.0700172 0.0562715 0.000151941 0.197064 
0.000697587 0.59965 0.00796149 0.0230986 0.00146443 0.12319 0.0118111 0.232126 
0.00282098 0.530003 0.136329 0.0288647 0.00440139 0.0442715 0.000311376 0.252998 
0.0256295 0.389609 0.0555101 0.00583935 0.0545549 0.190122 0.0395535 0.239182 
0.0385531 0.440122 0.0497677 0.0557563 0.00972741 0.150209 0.00600134 0.249863 
0.000537498 0.512811 0.142823 2.06002e-05 0.000409245 0.0218901 0.000116192 0.321392 
0.00395164 0.59521 0.0299515 0.000949457 0.00112014 0.169185 0.00524829 0.194384 
4.35573e-05 0.845663 0.0543819 4.47583e-05 0.000850975 0.00313453 0.00361074 0.0922708 
9.03892e-06 0.412932 0.0116491 0.00113398 0.0377727 0.111782 0.0922337 0.332487 
3.01396e-09 0.585949 0.0120016 0.000268113 0.000311954 0.0417228 0.103786 0.25596 
0.17641 0.288423 0.0473549 0.000973711 0.0169804 0.251502 0.00263708 0.215718 
0.00562382 0.797049 0.0732921 5.08076e-06 0.0112156 0.0826362 0.000822714 0.0293554 
5.97678e-06 0.58461 0.000445108 9.29912e-05 1.92487e-06 0.337075 0.0209578 0.0568114 
0.0235055 0.268206 0.218831 0.0328135 0.00437975 0.00514342 0.23235 0.214771 
0.000397479 0.368717 0.270833 4.11129e-06 0.00155779 0.338731 5.55506e-05 0.0197046 
0.000660208 0.649848 0.019212 0.0116628 0.00808025 0.082256 0.0572451 0.171036 
0.0034211 0.761743 0.00167371 0.18429 0.00745772 0.0225288 0.00145434 0.0174312 
0.00369916 0.429167 0.0938971 0.0079683 0.0179798 0.0977145 0.00795144 0.341623 
0.0773669 0.722947 0.0438176 4.72914e-05 6.32673e-07 0.0417546 1.52498e-06 0.114064 
2.79503e-05 0.951316 0.00122954 4.24e-06 1.29947e-05 0.0285951 0.000245117 0.0185692 
0.0213604 0.414103 0.171091 0.000147325 0.00393476 0.0644686 0.0147753 0.310119 
0.000726785 0.270679 0.243213 0.0273187 0.00343343 0.120059 0.0901923 0.244377 
3.023e-07 0.367039 0.245997 8.58058e-05 0.014213 0.17958 0.000625558 0.192459 
0.00616042 0.483732 0.0797176 0.0425252 0.00839085 0.136009 0.029097 0.214368 
0.00121631 0.859883 0.0327022 6.105e-05 0.000869185 0.030918 0.000149688 0.074201 
0.00333435 0.366427 0.0290839 0.0012374 0.0559831 0.182857 0.0588256 0.302251 
0.00459086 0.420174 0.132341 3.76326e-07 0.0126588 0.154564 0.00604454 0.269627 
0.00144051 0.366913 0.051166 1.26267e-05 0.0627505 0.273953 0.00469101 0.239074 
0.230838 0.343629 0.289095 0.000439872 0.00210982 0.039532 0.0131593 0.0811968 
0.00496251 0.317211 0.212258 0.00182238 0.00700303 0.0804765 0.2663 0.109966 
0.00306542 0.267756 0.047629 0.212476 0.0762033 0.166291 0.00199084 0.224589 
4.37475e-07 0.580563 2.29235e-06 2.15769e-07 6.43486e-07 0.115586 0.259751 0.0440969 
0.00206904 0.439009 0.0989417 0.0202839 0.0251109 0.162918 0.000677033 0.25099 
0.0235055 0.268206 0.218831 0.0328135 0.00437975 0.00514342 0.23235 0.214771 
1.30678e-06 0.965146 0.00566859 3.94164e-06 0.00029286 0.0157276 0.00021244 0.0129474 
1.23499e-06 0.309012 9.37814e-06 0.132773 0.0228107 0.289607 0.163534 0.0822535 
0.000187797 0.409096 0.278842 5.15508e-05 0.00478728 0.10184 0.00149506 0.2037 
0.000282593 0.827457 0.0513685 7.5172e-05 0.0364085 0.0132142 0.0043689 0.066825 
0.00117904 0.368751 0.00771244 0.000798681 0.00172061 0.167885 0.137647 0.314306 
5.2429e-05 0.621929 0.00734844 2.26923e-05 0.000107073 0.306798 0.0398736 0.0238692 
0.300535 0.515396 0.0765025 0.00671121 0.00754061 0.0252765 0.000334761 0.0677036 
0.00337797 0.443295 0.0551968 0.000164966 0.000874789 0.200641 0.0509421 0.245507 
4.19661e-05 0.768019 0.13069 0.0121313 0.00672006 0.0176115 0.000197935 0.0645881 
0.00218776 0.356731 0.0272209 0.124499 0.151673 0.226654 0.00232456 0.108709 
8.03195e-05 0.574269 0.26017 2.47579e-05 0.020694 0.0629142 6.46203e-07 0.0818471 
0.102999 0.515088 0.0968897 0.151074 0.000124446 0.0135012 0.000421626 0.119902 
8.00059e-10 0.535005 0.00917588 0.000919734 0.000237602 0.0471019 0.00840939 0.39915 
0.00622098 0.835073 0.0367058 5.31503e-05 0.00474934 0.0699264 0.00154246 0.0457285 
0.0121597 0.476026 0.0484823 0.00396243 0.0385629 0.120024 0.00645439 0.294328 
8.04321e-05 0.609275 0.235873 0.00171141 0.00358928 0.0635505 0.0110639 0.0748563 
0.00111359 0.352622 0.16161 0.000138492 0.031258 0.228099 0.00305597 0.222103 
0.00049132 0.452495 0.287081 0.00302759 0.00586156 0.0885394 0.000227792 0.162276 
0.0301876 0.329237 0.174188 7.22564e-05 0.000760313 0.134867 0.235398 0.0952886 
0.00015296 0.860405 0.041437 6.55889e-06 0.0257011 0.0656978 3.36352e-05 0.00656623 
3.95574e-08 0.606366 0.0460179 1.67623e-05 0.01998 0.0839253 3.148e-05 0.243663 
0.000285149 0.667025 0.137233 0.052742 0.00264994 0.0484153 0.0179257 0.0737233 
0.159423 0.599306 0.124668 0.01418 0.000360017 0.0129991 0.00657488 0.0824888 
0.00226842 0.575093 0.118824 0.00219209 0.00985438 0.117709 0.166802 0.00725686 
5.25257e-05 0.541284 0.00480847 0.348102 0.00995308 0.0403105 0.000382387 0.055107 
0.0048748 0.313184 0.161103 2.43679e-06 2.43708e-06 0.228859 0.0518986 0.240076 
0.00141003 0.70136 0.0082301 0.00837682 0.0490201 0.0627977 0.00335248 0.165453 
0.0716751 0.436356 0.0614772 0.0136947 0.0349098 0.095605 0.0135551 0.272727 
2.57918e-08 0.809284 0.0307973 5.50763e-07 2.82991e-06 0.10611 5.33578e-05 0.0537516 
0.00227918 0.357048 0.186531 0.109502 0.0907181 0.141435 0.00130728 0.111179 
0.00493935 0.395723 0.259038 7.32104e-05 0.0164645 0.0743544 0.000106057 0.249301 
0.00993301 0.379838 0.180537 0.0157778 0.0328078 0.249908 0.011737 0.119461 
0.0141354 0.387531 0.100619 0.00822795 0.0189845 0.209054 0.00491133 0.256537 
4.73427e-06 0.492906 0.349595 7.77696e-05 0.00118454 0.015291 8.6113e-05 0.140855 
0.0159074 0.568573 0.131078 0.0572755 0.000361877 0.0094928 0.152618 0.0646935 
0.00391954 0.301943 0.288124 0.010847 0.0444601 0.249607 0.00115884 0.0999404 
7.15292e-05 0.818829 0.130354 0.000134373 0.00356721 0.00556088 2.26637e-05 0.0414607 
0.000578038 0.426182 0.00916742 0.359641 0.000378247 0.0104321 0.00294595 0.190675 
2.3544e-05 0.70183 0.0252252 0.000904902 0.0201446 0.187055 0.00492749 0.0598896 
0.000285149 0.667025 0.137233 0.052742 0.00264994 0.0484153 0.0179257 0.0737233 
0.00163641 0.341512 0.0969163 0.00299535 0.061157 0.302082 0.00926352 0.184437 
0.000102034 0.710569 0.0621224 0.000546975 0.00729183 0.0508227 0.00376801 0.164777 
5.88603e-05 0.372313 0.0101674 7.99334e-05 0.00174451 0.1673 0.170271 0.278066 
7.87496e-05 0.865838 0.0231601 4.91562e-05 0.0286722 0.0352776 0.0434041 0.00351955 
0.0023252 0.680878 0.141491 6.49353e-05 0.0227081 0.0917894 0.0008082 0.059935 
0.00590037 0.317383 0.108129 0.00068497 0.0102847 0.286489 0.00594599 0.265183 
0.00320441 0.370346 0.031623 0.0612211 0.0902474 0.284505 0.0233138 0.135539 
5.51223e-08 0.296361 0.263409 0.000183836 0.0230634 0.193264 0.00276231 0.220956 
0.0208192 0.393752 0.149379 0.000809302 0.0259892 0.0836932 0.000842049 0.324717 
0.000180484 0.50431 0.218074 0.107304 0.0111638 0.0726087 0.0139256 0.0724332 
0.0048033 0.397454 0.177973 0.0256485 0.00838478 0.109344 0.00355587 0.272837 
0.00308947 0.968436 0.00227879 5.49427e-07 2.86777e-07 0.000756548 0.00038124 0.0250568 
3.89252e-05 0.616229 0.155169 3.45894e-05 0.0272859 0.0623966 0.000211758 0.138634 
6.09311e-05 0.56147 0.0645362 0.00218885 0.00196544 0.258743 0.000234966 0.110801 
1.05937e-07 0.39255 0.229377 0.0011427 0.00209203 0.110601 0.000785139 0.263452 
0.00498478 0.310115 0.220365 0.005464 0.0568379 0.196307 0.050474 0.155451 
0.00634423 0.700537 0.0749436 0.000159334 0.0367046 0.0459234 0.00136485 0.134023 
1.89033e-06 0.766491 0.123317 0.0375281 8.44958e-05 0.00541956 9.91945e-05 0.067059 
0.0222774 0.692916 0.026948 0.00966451 0.0110037 0.0908558 0.00508914 0.141246 
0.000368219 0.860126 0.0199969 0.000367455 0.0126047 0.0644267 0.00333025 0.0387801 
1.47094e-05 0.729765 0.00848511 1.97812e-05 9.0204e-06 0.00923134 0.0110778 0.241397 
0.0012871 0.474109 0.10391 0.0222442 0.00312207 0.0660049 0.027777 0.301546 
0.0207213 0.458564 0.106555 0.00423263 0.0228975 0.072244 0.00356464 0.311221 
0.000345983 0.766048 0.0519669 0.00364458 0.00415558 0.0487588 0.00336983 0.12171 
0.000216252 0.384995 0.0270342 0.0240162 0.00300234 0.0679359 0.137659 0.355141 
0.00248707 0.480167 0.0470383 0.117412 0.235515 0.0568359 6.76324e-05 0.0604775 
0.0617711 0.407464 0.118848 7.31759e-05 0.00215302 0.181686 0.0126876 0.215316 
0.132503 0.669652 0.01182 0.0482853 0.0109549 0.00830027 0.0156541 0.10283 
6.76333e-05 0.372297 0.0222254 0.0661643 0.0184916 0.11888 0.163524 0.23835 
0.00312051 0.397466 0.200644 0.00177361 0.0108582 0.0577286 0.000999529 0.327409 
0.0568191 0.616931 0.0558985 0.0303419 0.0196015 0.0533408 0.00102735 0.16604 
0.00440602 0.321749 0.0198396 4.19843e-05 0.000586776 0.263748 0.125415 0.264214 
0.00248707 0.480167 0.0470383 0.117412 0.235515 0.0568359 6.76324e-05 0.0604775 
0.0443809 0.332603 0.0162938 0.000909975 0.0164091 0.320798 0.0289913 0.239614 
0.00127699 0.742163 0.0846905 0.00035354 0.00452375 0.0291085 0.00300104 0.134883 
0.00228858 0.386394 0.12858 0.00272246 0.016818 0.0899166 0.00264015 0.37064 
7.97619e-07 0.323543 0.114877 0.00060024 0.0311438 0.285687 0.0536216 0.190526 
0.00538215 0.612546 0.0623647 1.37469e-07 0.0337688 0.200678 2.00561e-10 0.0852597 
0.000119019 0.680372 0.00226687 2.56026e-06 4.27609e-05 0.171965 0.0946349 0.0505966 
0.0100946 0.764351 0.0425423 0.000171514 0.0175414 0.084189 2.61024e-05 0.0810841 
7.65561e-07 0.504761 0.213699 5.39212e-06 0.000464757 0.0173536 2.7426e-06 0.263712 
0.00908668 0.9407 0.0366027 1.95013e-07 4.88164e-06 0.00480208 0.000113087 0.00869005 
0.0478463 0.439941 0.031567 0.00165277 0.0011311 0.197657 0.0266988 0.253506 
0.00305048 0.424595 0.131816 0.000966068 0.0174037 0.0493418 0.126831 0.245996 
0.202524 0.436992 0.0746803 7.01321e-06 0.00334733 0.12878 0.000415954 0.153253 
0.0101852 0.532328 0.0941717 0.144399 0.0133759 0.0490799 0.000788371 0.155672 
8.9691e-10 0.726841 0.00223412 3.81868e-05 1.59774e-05 0.000268697 8.69279e-07 0.270602 
0.00155242 0.741676 0.0306573 0.000243945 0.0285237 0.0218612 0.00270207 0.172784 
0.00256556 0.734714 0.093762 1.58654e-05 2.26658e-05 0.104514 6.78972e-05 0.0643377 
1.03001e-08 0.770956 0.0624176 5.14613e-09 0.0125387 0.140053 0.000338438 0.013696 
0.103449 0.46505 0.0775267 0.0663623 0.00724296 0.0610466 0.0147587 0.204564 
0.0758392 0.466341 0.0387023 0.128409 0.00941819 0.0934011 0.00283752 0.185052 
7.71945e-05 0.725341 0.00862848 6.69068e-05 0.027172 0.113638 0.019054 0.106023 
7.91638e-05 0.550242 0.127517 0.0316183 0.00670643 0.0135248 7.4478e-05 0.270238 
0.0017969 0.705835 0.00280716 0.0997497 0.014564 0.0182858 0.0012252 0.155737 
0.0161262 0.354052 0.069334 0.00278256 0.0768496 0.223673 0.00915477 0.248028 
0.0235055 0.268206 0.218831 0.0328135 0.00437975 0.00514342 0.23235 0.214771 
0.000239171 0.548899 0.00466269 0.000790348 0.00133372 0.0715643 0.0359872 0.336523 
0.00645641 0.542135 0.103775 0.00884553 0.0286174 0.158662 0.0187128 0.132796 
7.47184e-05 0.426323 0.104046 6.33036e-06 0.00850086 0.324256 0.000100876 0.136692 
0.00964455 0.466919 1.0267e-07 0.00109892 0.00880203 0.094322 0.163149 0.256064 
0.213235 0.500364 0.0580063 0.0758758 0.00118824 0.0379701 0.00148879 0.111872 
0.00894369 0.459789 0.114532 0.000722818 0.00493913 0.382909 0.00115601 0.0270077 
0.0243177 0.700423 0.0582038 0.0025685 0.00799839 0.0715501 0.00396464 0.130974 
0.000136863 0.404293 0.288374 0.000166666 5.67446e-05 0.135846 0.159947 0.0111793 
0.0010876 0.775354 0.0415744 2.50204e-06 0.0121197 0.160317 0.00279582 0.00674917 
0.00990749 0.465334 0.102082 0.000667761 0.0761498 0.125105 0.0630251 0.157729 
0.000545231 0.516249 0.00740377 0.000315958 0.0153925 0.126679 0.0218892 0.311526 
0.0247285 0.307545 0.0220685 0.0166513 0.0175708 0.2277 0.143436 0.240301 
0.000117879 0.948094 0.00941193 8.68279e-05 0.000904151 0.0142334 0.00231185 0.0248399 
0.00112637 0.357682 0.0797426 0.0364218 0.0969975 0.117305 0.000761247 0.309963 
0.000921763 0.335411 0.152958 0.00117919 0.000392955 0.320788 0.00745471 0.180894 
0.213235 0.500364 0.0580063 0.0758758 0.00118824 0.0379701 0.00148879 0.111872 
0.00496251 0.317211 0.212258 0.00182238 0.00700303 0.0804765 0.2663 0.109966 
0.00502543 0.612169 0.0102291 0.000728297 0.000704188 0.00168707 0.000149203 0.369308 
0.0235055 0.268206 0.218831 0.0328135 0.00437975 0.00514342 0.23235 0.214771 
0.00418888 0.525626 0.00675353 0.000337933 0.0132996 0.0716086 0.0417824 0.336404 
0.00102127 0.339123 0.0531233 0.000544586 0.0365395 0.324182 0.0146269 0.230839 
0.0250559 0.711399 0.0384169 0.014109 0.00480966 0.0583146 0.00946647 0.138428 
2.10249e-05 0.791532 0.00672633 0.00112217 6.172e-07 0.17127 5.28741e-10 0.0293279 
1.30708e-08 0.591 0.154986 0.00667234 0.0154675 0.0677531 3.08551e-07 0.164122 
0.00648737 0.799775 0.046465 0.00196532 0.00536249 0.042836 0.00095929 0.0961494 
0.00710022 0.343662 0.233807 0.102504 0.012219 0.196394 0.0171029 0.0872113 
0.00302173 0.61648 0.00660003 0.234138 0.0290829 0.0761552 0.00696995 0.027552 
0.02261 0.462297 0.296326 0.0171429 0.0178431 0.0374331 0.0883657 0.0579823 
0.00264452 0.331672 0.216259 0.0139725 0.0232399 0.194067 0.00640442 0.211741 
0.00139952 0.323124 0.118751 0.141376 0.0419242 0.0633121 0.00115299 0.30896 
0.00059307 0.458657 0.00943592 2.27871e-05 0.0051136 0.201449 0.0269148 0.297814 
0.00668051 0.64041 0.0244157 0.00351993 0.0987377 0.0705938 0.00222764 0.153415 
0.00883908 0.437074 0.0357875 0.00785764 0.0446314 0.0954504 0.00597557 0.364384 
3.2599e-07 0.425898 0.0612552 1.04937e-10 0.0973693 0.36461 0.0472512 0.00361649 
0.0691386 0.409261 0.174182 0.0452467 0.034313 0.0368522 0.0146499 0.216356 
0.00030934 0.496116 0.0072694 0.000349058 0.00865493 0.380259 0.0218159 0.0852263 
0.0034211 0.761743 0.00167371 0.18429 0.00745772 0.0225288 0.00145434 0.0174312 
0.00195925 0.495245 0.0859499 0.000196772 0.00667683 0.0835627 0.0260075 0.300402 
0.000125446 0.948092 0.00853706 6.97211e-08 2.5539e-08 0.0120648 0.000108582 0.0310725 
0.00248707 0.480167 0.0470383 0.117412 0.235515 0.0568359 6.76324e-05 0.0604775 
1.89033e-06 0.766491 0.123317 0.0375281 8.44958e-05 0.00541956 9.91945e-05 0.067059 
9.1253e-06 0.373499 0.0178458 0.34112 0.00408964 0.106745 0.000132022 0.15656 
0.0129411 0.562741 0.208871 3.09495e-05 0.00157255 0.0782366 5.17604e-05 0.135555 
1.89033e-06 0.766491 0.123317 0.0375281 8.44958e-05 0.00541956 9.91945e-05 0.067059 
0.00263548 0.496912 0.0546783 0.00928457 0.0406688 0.087747 0.0068635 0.301211 
1.11465e-09 0.529149 0.282474 3.47256e-06 0.012836 0.0250532 1.93654e-06 0.150482 
0.00111265 0.519073 0.0303036 0.000769615 0.0360569 0.173991 0.00268379 0.23601 
0.03605 0.506956 0.0383863 0.00274062 0.0137329 0.0966644 0.040898 0.264572 
0.0162814 0.670688 0.0685211 0.00025958 0.00205651 0.195988 0.00035999 0.0458452 
0.0011068 0.701497 0.175439 1.06577e-06 1.07039e-05 0.0321475 1.07238e-05 0.0897877 
0.00831018 0.432551 0.0801352 0.00253346 0.028324 0.153674 0.000275584 0.294197 
0.0999987 0.424494 0.0899352 9.35668e-07 9.35779e-07 0.244349 0.0081401 0.133081 
0.000452676 0.733493 0.0453491 2.44755e-05 0.00261855 0.0389201 0.00159658 0.177546 
0.00539364 0.486531 0.0377797 0.0381885 0.0115202 0.0413559 0.00211173 0.37712 
0.00664118 0.825468 0.111996 0.0100166 0.000121735 0.0150688 1.21884e-05 0.0306755 
0.00831207 0.522209 0.080733 0.00236592 0.00419032 0.0449737 0.0670426 0.270173 
0.00150872 0.463752 0.116739 2.79835e-05 0.0655794 0.173766 0.0416918 0.136935 
1.80566e-05 0.729755 0.175746 0.013615 0.00196799 0.0357219 0.000504976 0.0426705 
0.000110902 0.352475 0.0273661 0.00149412 0.00747075 0.173902 0.240021 0.197161 
0.0016449 0.644057 0.174468 0.0142587 0.00559969 0.0127523 0.075207 0.0720124 
6.95491e-06 0.692604 0.218539 0.000412962 5.5866e-05 0.0163779 1.05862e-06 0.072002 
0.000854978 0.357964 0.262865 0.101337 0.171414 0.0930201 5.66428e-05 0.0124881 
0.00372339 0.307441 0.195086 3.24305e-05 0.00116861 0.279035 0.000133469 0.21338 
0.00116623 0.658797 0.0916503 0.00360258 0.000552579 0.145017 0.0288456 0.0703692 
0.0034211 0.761743 0.00167371 0.18429 0.00745772 0.0225288 0.00145434 0.0174312 
0.0223537 0.483713 0.0248884 0.0124164 0.0116346 0.267541 0.1145 0.0629526 
0.000217571 0.925553 0.0716224 2.17362e-08 1.13453e-08 0.000500286 0.00097106 0.00113577 
0.000782765 0.5917 0.0815752 2.32875e-05 0.0190078 0.0502414 0.000560192 0.25611 
0.00056458 0.361805 0.0870954 0.000113915 0.165626 0.122345 0.0113903 0.251059 
0.000287963 0.653302 0.101758 0.0186452 0.00418734 0.00210881 7.97367e-05 0.219632 
0.000285292 0.405995 0.0946211 0.00117398 0.0126492 0.37872 0.0248099 0.0817457 
0.0118001 0.617875 0.227959 0.000154706 0.012216 0.0558233 0.0187774 0.0553946 
0.000428379 0.470608 0.0270211 5.26323e-05 0.000398807 0.13273 0.00396103 0.3648 
0.000930971 0.433522 0.269751 0.0114611 0.0199441 0.0382056 8.00167e-05 0.226105 
0.0165478 0.444735 0.0694323 0.000134997 0.00277697 0.150869 0.0178906 0.297613 
0.00212787 0.475902 0.276055 0.00385255 0.0107458 0.0805647 0.00545032 0.145301 
0.0079353 0.351525 0.0384623 0.00465903 0.0260252 0.152001 0.119497 0.299895 
0.000484979 0.477301 0.277987 0.00158631 0.0024673 0.0233601 0.000851768 0.215961 
0.000511947 0.765656 0.00704007 0.000253492 0.00169539 0.0946309 0.0986159 0.0315962 
0.00371918 0.452062 0.00556687 0.000869709 0.00824107 0.124994 0.104739 0.299808 
0.00675658 0.440351 0.199765 0.0139684 0.00410311 0.00267442 0.00258296 0.329798 
0.00496251 0.317211 0.212258 0.00182238 0.00700303 0.0804765 0.2663 0.109966 
3.75902e-06 0.365754 0.182114 3.28238e-06 5.45383e-06 0.296292 0.12745 0.0283786 
0.025563 0.421999 0.0680878 0.266539 0.00840031 0.022165 0.0471673 0.140079 
8.24488e-07 0.559387 0.0964137 1.78027e-06 4.97246e-07 0.167948 0.0960431 0.0802052 
0.000232172 0.654818 0.0963725 0.0125238 0.000977602 0.00015699 0.000269622 0.234649 
0.213235 0.500364 0.0580063 0.0758758 0.00118824 0.0379701 0.00148879 0.111872 
5.81784e-09 0.509174 0.0131745 4.25792e-07 0.000196246 0.137222 0.217069 0.123164 
0.00218776 0.356731 0.0272209 0.124499 0.151673 0.226654 0.00232456 0.108709 
0.0120941 0.404881 0.282704 0.00981276 0.000282948 0.0135445 0.00962554 0.267055 
0.00496251 0.317211 0.212258 0.00182238 0.00700303 0.0804765 0.2663 0.109966 
4.42997e-07 0.703513 0.00434369 0.00177288 0.00270371 0.113058 0.0377479 0.13686 
0.0112115 0.404928 0.073393 0.0198973 0.0261288 0.0607087 0.108067 0.295666 
0.0319641 0.488163 0.30579 0.00231041 0.0210373 0.066793 0.00017702 0.0837656 
2.73998e-05 0.534519 0.0672095 0.000104611 0.0090683 0.0457421 0.0040251 0.339304 
0.0034211 0.761743 0.00167371 0.18429 0.00745772 0.0225288 0.00145434 0.0174312 
0.000100693 0.831398 0.0933611 0.00184188 0.000263837 0.0055496 0.00265746 0.0648269 
0.00101813 0.44071 0.352193 3.07024e-05 0.00289761 0.0239901 1.73764e-05 0.179143 
0.0194059 0.443613 0.0207996 0.0584358 0.0387697 0.21516 0.00303335 0.200783 
0.00226863 0.488301 0.091112 0.00541871 0.0392143 0.0823679 0.258249 0.0330681 
4.79771e-05 0.634295 0.0661839 0.107769 0.000612816 0.00816223 7.6459e-05 0.182853 
0.0228428 0.463708 0.064661 0.00091833 0.0623792 0.232497 0.0357494 0.117243 
7.54106e-07 0.647772 0.242835 1.48453e-06 4.43938e-08 0.00115545 0.000941901 0.107294 
0.00355896 0.380223 0.0157223 0.113819 0.022546 0.314137 0.00672765 0.143266 
0.000137924 0.422589 0.00311116 0.000175519 0.00155674 0.073446 0.354288 0.144695 
0.000590135 0.723201 0.047967 0.00016198 0.00477787 0.075281 0.00348404 0.144537 
0.0227266 0.637695 0.247533 0.00232321 0.00105949 0.0279864 0.000365486 0.060311 
0.00908668 0.9407 0.0366027 1.95013e-07 4.88164e-06 0.00480208 0.000113087 0.00869005 
0.00108462 0.605509 0.0951781 0.00940044 0.0161648 0.0745327 0.000294007 0.197836 
0.00850476 0.517932 0.153523 0.108584 0.00108227 0.0406579 0.00334865 0.166367 
0.0201932 0.65118 0.0523127 0.000155536 0.000740285 0.00259215 0.00397396 0.268853 
0.000738035 0.432667 0.027484 0.312833 0.0348511 0.0107925 0.00411056 0.176524 
0.00529735 0.313548 0.176705 0.0603511 0.0148031 0.0647996 0.228983 0.135513 
0.0023232 0.596877 0.0372791 0.0709162 0.0227234 0.0894827 0.0507148 0.129683 
0.0481092 0.741171 0.0629729 3.36357e-05 0.0131761 0.0843616 0.00181338 0.0483621 
0.00259966 0.837361 0.0397755 9.8553e-06 0.00523109 0.015081 3.80235e-05 0.0999035 
0.000244429 0.807643 0.0100147 0.0144169 0.00127312 0.0333689 0.000286295 0.132753 
0.017717 0.489451 0.363553 3.81414e-05 0.000829272 0.057171 5.07726e-05 0.0711899 
0.00390382 0.402298 0.0847326 0.0581555 0.0238887 0.058552 0.0740361 0.294433 
1.32999e-05 0.570796 0.00534614 9.81932e-06 0.000329028 0.000298944 2.95915e-05 0.423177 
0.000105092 0.547162 0.157147 0.000220899 0.000268405 0.0534902 0.0107726 0.230834 
8.33599e-06 0.951022 0.0356418 1.04494e-05 7.27843e-07 0.00261669 1.32878e-05 0.0106869 
0.00226842 0.575093 0.118824 0.00219209 0.00985438 0.117709 0.166802 0.00725686 
0.0017786 0.434604 0.0384012 0.00227023 0.0225454 0.234241 0.0145187 0.251641 
2.72267e-07 0.479483 0.314247 2.17051e-05 0.00304582 0.00959715 0.0046891 0.188916 
0.00190672 0.558786 0.148996 0.00116354 0.0265968 0.114155 0.0016967 0.146698 
0.00676056 0.680592 0.0435979 1.47702e-05 0.00754849 0.0256377 0.0003426 0.235506 
0.000542389 0.437615 0.258336 0.0009546 0.0189325 0.071338 0.00588516 0.206396 
0.00483358 0.319623 0.116349 0.0392617 0.0952027 0.259662 0.00145736 0.163611 
5.25257e-05 0.541284 0.00480847 0.348102 0.00995308 0.0403105 0.000382387 0.055107 
9.39699e-07 0.511005 0.00083964 1.07699e-05 0.0302927 0.45346 1.35948e-09 0.00439083 
0.108135 0.500893 0.0358873 0.0669478 0.0054235 0.015173 0.0187419 0.248798 
4.4518e-06 0.346803 0.000641914 0.000556598 0.00326744 0.283962 0.122636 0.242128 
0.0101852 0.532328 0.0941717 0.144399 0.0133759 0.0490799 0.000788371 0.155672 
0.00112183 0.292959 0.0516006 0.182347 0.0122685 0.107934 0.25174 0.10003 
0.00353846 0.455256 0.153398 0.00725911 0.000516211 0.0236689 0.0262283 0.330135 
0.00248707 0.480167 0.0470383 0.117412 0.235515 0.0568359 6.76324e-05 0.0604775 
1.25808e-06 0.725518 0.127078 0.00132769 0.000805018 0.0488931 0.000690286 0.095687 
0.0531054 0.458327 0.0771397 0.0415568 0.0140358 0.0831548 0.00436193 0.268319 
1.89033e-06 0.766491 0.123317 0.0375281 8.44958e-05 0.00541956 9.91945e-05 0.067059 
0.0850391 0.308687 0.294462 2.0515e-05 0.000430384 0.0529885 0.000341684 0.25803 
0.00985537 0.467786 0.0444709 0.11647 0.0450188 0.125419 0.0107564 0.180224 
0.000367277 0.36147 0.189593 2.05418e-08 6.29939e-06 0.148933 0.270041 0.0295895 
0.0762647 0.412647 0.145932 5.64197e-05 0.000257511 0.00597846 0.000365206 0.358499 
5.39167e-05 0.70119 0.209349 0.0599843 3.93484e-06 0.00521152 6.55456e-09 0.0242076 
0.00648737 0.799775 0.046465 0.00196532 0.00536249 0.042836 0.00095929 0.0961494 
6.63311e-05 0.54121 0.168884 0.000165359 0.00672195 0.190344 0.00359249 0.089016 
0.00245514 0.34156 0.219889 0.0278134 0.0137914 0.171795 0.000472211 0.222223 
0.000241355 0.561706 0.0528567 0.00010647 0.00149411 0.246152 0.0031607 0.134283 
0.000260561 0.421108 0.133773 0.00269552 0.00184276 0.0627565 0.0168405 0.360724 
6.27131e-05 0.670635 0.00158223 2.5638e-07 0.00769007 0.228971 0.000340086 0.0907191 
2.03553e-05 0.874295 0.0889463 2.903e-10 3.58214e-05 0.0128094 3.55414e-05 0.0238575 
0.00867702 0.393148 0.325871 0.050488 0.00510097 0.0124672 0.0832531 0.120995 
1.09113e-05 0.817375 0.0364651 4.24267e-07 1.3259e-05 7.57588e-05 0.000880237 0.14518 
1.15535e-06 0.387797 0.111514 0.093462 0.0966453 0.143383 8.69314e-05 0.167111 
0.0127964 0.472073 0.0737915 0.00206281 0.0210245 0.0277746 2.11782e-05 0.390456 
0.000492285 0.365263 0.250451 0.0121221 0.00100044 0.227969 0.00320402 0.139498 
0.0101852 0.532328 0.0941717 0.144399 0.0133759 0.0490799 0.000788371 0.155672 
2.97142e-05 0.397507 0.041189 2.0879e-05 0.00986241 0.145361 0.0126924 0.393337 
0.001712 0.730444 0.0562997 0.0884137 0.0444284 0.0160537 0.000538946 0.0621094 
0.000159876 0.508251 0.00633215 0.000263543 0.0255769 0.428083 0.000126603 0.0312066 
0.00230136 0.390102 0.168342 0.236316 0.000800507 0.0570878 0.003111 0.141939 
0.000829786 0.342559 0.1129 0.162953 0.0193874 0.152361 0.0100756 0.198935 
0.000412629 0.341696 6.46846e-05 1.60099e-06 9.09764e-06 0.279019 0.290319 0.0884778 
1.45387e-08 0.398342 0.0105091 0.000108141 0.00716595 0.200884 0.269479 0.113512 
0.0198284 0.489131 0.0272473 0.00896925 0.0193455 0.168178 0.0444707 0.222829 
0.00239788 0.398465 0.0295245 6.94329e-05 0.000327067 0.0812579 0.251456 0.236502 
4.53224e-05 0.575001 0.175038 0.0154708 0.00576678 0.0578564 0.000245312 0.170576 
1.89033e-06 0.766491 0.123317 0.0375281 8.44958e-05 0.00541956 9.91945e-05 0.067059 
0.00137858 0.365114 0.139025 1.25273e-05 0.0316328 0.229012 0.000312568 0.233512 
0.00666433 0.401549 0.165835 0.0163456 0.0223369 0.0691669 0.00598988 0.312112 
0.00352077 0.400725 0.374292 0.000316288 0.0203642 0.0673317 0.00104945 0.132401 
0.00159406 0.480935 0.206974 0.0425596 0.00030755 0.00148723 0.00286344 0.263279 
3.50684e-06 0.662834 0.00217587 1.37468e-05 5.41944e-05 0.000972831 0.000304795 0.333641 
0.00248707 0.480167 0.0470383 0.117412 0.235515 0.0568359 6.76324e-05 0.0604775 
0.00248707 0.480167 0.0470383 0.117412 0.235515 0.0568359 6.76324e-05 0.0604775 
0.0016721 0.396254 0.038711 0.197617 0.00190202 0.114246 0.0374998 0.212097 
0.0076041 0.596497 0.0065788 0.00574193 0.0117056 0.125706 0.103322 0.142844 
0.0512787 0.49175 0.0290689 6.63423e-05 0.00195591 0.0555572 0.00372673 0.366597 
5.38856e-08 0.419501 0.00794144 0.000126375 0.198277 0.126692 0.00367506 0.243787 
0.000143285 0.663302 0.0193839 1.06191e-06 0.0115685 0.15825 0.00860612 0.138746 
8.9487e-05 0.692914 0.112469 0.0675872 0.000160883 0.00982443 0.0260764 0.090878 
0.00361814 0.483004 0.216592 0.0152237 0.0320278 0.031763 0.00204298 0.215728 
0.0193931 0.350855 1.15069e-06 0.000172615 0.022176 0.254345 0.0579798 0.295077 
0.0074156 0.608472 0.0655883 0.118969 0.00164196 0.0107985 0.000218745 0.186897 
2.7067e-09 0.377873 0.19231 1.35231e-09 0.0909798 0.333924 1.77593e-06 0.00491169 
0.420982 0.442791 0.0134085 0.000293994 0.0114072 0.065388 0.00555813 0.0401711 
0.00336157 0.877376 0.0188939 2.67241e-06 9.9927e-06 0.0527579 0.0109491 0.0366484 
0.000193691 0.443994 0.026649 0.00440205 0.0116157 0.183921 0.0335941 0.295631 
0.000274353 0.37362 0.00852663 0.00274974 0.0425477 0.282055 0.101939 0.188288 
0.00248707 0.480167 0.0470383 0.117412 0.235515 0.0568359 6.76324e-05 0.0604775 
7.81379e-05 0.729518 0.00761579 0.000147862 2.42765e-07 0.0680014 7.04717e-07 0.194638 
1.89033e-06 0.766491 0.123317 0.0375281 8.44958e-05 0.00541956 9.91945e-05 0.067059 
3.21183e-06 0.807452 0.0304447 0.0861286 0.000340567 0.0260638 0.0020805 0.0474871 
0.000650997 0.648843 0.0123234 0.00226036 0.0920269 0.0162856 0.00233079 0.225278 
0.0034211 0.761743 0.00167371 0.18429 0.00745772 0.0225288 0.00145434 0.0174312 
0.00238901 0.629576 0.0278523 0.0171327 0.00444764 0.0297172 0.00205514 0.28683 
0.0103755 0.514195 0.0283973 0.000152969 0.00402518 0.193015 0.00388402 0.245955 
0.00046249 0.511278 0.0165982 0.00152321 0.0558719 0.248383 0.0440834 0.1218 
0.0127723 0.706256 0.0114544 0.000607584 0.00315751 0.104818 0.00208425 0.15885 
7.82209e-05 0.355356 0.115002 0.00178131 0.0639465 0.17495 0.00112699 0.287759 
7.26304e-05 0.899898 0.0205712 0.00104111 0.00943086 0.0104197 6.9743e-05 0.0584968 
0.00118803 0.732605 0.0353153 0.0895203 0.00475044 0.0689429 0.0009193 0.0667585 
0.000282769 0.696511 0.0775676 3.7402e-05 0.00279078 0.0739653 0.000435334 0.14841 
0.000415939 0.78918 0.0142809 9.03553e-05 0.0131175 0.0664069 0.0141222 0.102386 
0.00284946 0.373817 0.176257 0.000827592 0.00105399 0.198927 0.0331473 0.213121 
0.0133423 0.624812 0.0793493 4.5104e-06 0.000449448 0.00859826 0.00229799 0.271146 
0.000784258 0.387961 0.0447615 0.00240671 0.000444445 0.171716 0.218155 0.173771 
1.11717e-05 0.556464 0.174233 0.0396084 0.000446803 0.162885 0.00192227 0.0644296 
0.00127633 0.68468 0.212313 0.00341519 0.00355351 0.0424671 0.000422782 0.051872 
0.00255193 0.671714 0.0121483 0.00441341 0.00148865 0.27145 0.00394347 0.0322904 
0.0018988 0.512939 0.215179 0.00698925 0.0016182 0.0326328 0.00845314 0.220289 
0.00572698 0.774827 0.0735392 0.00495687 0.00328895 0.0316478 0.00403125 0.101982 
1.1404e-05 0.832517 0.000862174 0.0184141 0.00452497 0.0678558 0.0123645 0.0634501 
2.79503e-05 0.951316 0.00122954 4.24e-06 1.29947e-05 0.0285951 0.000245117 0.0185692 
0.00147383 0.462244 0.125251 0.189322 0.00405062 0.110447 0.000102028 0.107109 
0.0136511 0.886557 0.0631809 0.025279 3.25894e-05 0.00292395 0.000337143 0.00803857 
0.108135 0.500893 0.0358873 0.0669478 0.0054235 0.015173 0.0187419 0.248798 
0.00193767 0.599761 0.209392 0.000798792 0.00117965 0.0790548 0.00268124 0.105195 
0.00590179 0.462249 0.0334209 0.255571 0.00350316 0.0418182 0.00224651 0.195289 
0.000122002 0.362054 0.337427 0.000225184 0.00150832 0.0862696 0.00018375 0.212211 
0.000905137 0.633411 0.355376 3.06323e-05 3.4875e-05 0.00870642 5.30581e-09 0.00153621 
0.00218776 0.356731 0.0272209 0.124499 0.151673 0.226654 0.00232456 0.108709 
0.000285149 0.667025 0.137233 0.052742 0.00264994 0.0484153 0.0179257 0.0737233 
0.000653176 0.739549 0.0286321 0.00043645 0.000757015 0.12107 0.00359423 0.105308 
0.0034211 0.761743 0.00167371 0.18429 0.00745772 0.0225288 0.00145434 0.0174312 
0.00322612 0.366665 0.173423 0.251532 0.00370618 0.118441 1.20373e-05 0.0829957 
0.0102493 0.359741 0.119453 0.167546 0.000619506 0.0629464 0.0216089 0.257836 
0.00088804 0.426583 0.0402071 0.0608964 0.0446537 0.141734 0.0101806 0.274857 
1.63892e-07 0.686104 0.0491301 2.21312e-09 0.00262936 0.0492918 0.000136479 0.212708 
0.000446835 0.830483 0.0184423 5.91008e-05 1.5942e-05 0.141576 2.69637e-06 0.00897375 
5.7564e-05 0.899515 0.017533 0.00681622 6.12718e-05 0.0169363 2.4049e-05 0.0590564 
0.0034211 0.761743 0.00167371 0.18429 0.00745772 0.0225288 0.00145434 0.0174312 
0.0136543 0.69542 0.0395943 0.00427694 0.0335116 0.121845 0.0125054 0.0791929 
0.000339648 0.656966 0.167244 0.00015375 0.00123846 0.0741113 0.000322429 0.0996247 
0.000109272 0.633204 0.0551875 0.000677971 0.00452863 0.277747 3.47652e-05 0.0285105 
