0.000331154 0.0153636 0.593093 5.84789e-09 0.00970625 0.024711 2.50265e-08 0.356795 
2.24521e-08 0.012339 0.620979 0.000136408 0.0361146 0.0363011 0.000291591 0.293838 
1.02009e-08 0.00173711 0.726992 0.000136332 0.000203515 0.0190743 3.2409e-07 0.251856 
0.000140894 0.0196268 0.756178 6.10105e-05 0.0335668 0.0306038 0.00260903 0.157214 
0.0193345 0.095892 0.397798 0.0512365 0.00235277 0.0405882 0.00326126 0.389537 
3.56905e-05 0.101992 0.769036 0.000393993 0.00189673 0.0424794 6.86995e-05 0.0840973 
0.00279217 0.0154333 0.615898 0.00788656 0.0494353 0.0510396 0.000585094 0.25693 
0.000320568 0.0308187 0.678346 0.000136011 0.01387 0.0547531 0.000110395 0.221645 
4.71378e-12 0.00254751 0.706134 0.00117191 0.0145488 0.0081626 3.70456e-12 0.267435 
1.69324e-06 0.0198496 0.676085 6.99824e-05 0.0170586 0.208328 8.38841e-05 0.078523 
5.47856e-09 0.0530479 0.899713 0.00199069 0.00530539 0.0231553 0.00269124 0.0140963 
0.000455468 0.0542484 0.751841 4.22277e-05 0.00162232 0.0579616 8.60545e-06 0.133821 
0.024196 0.0456857 0.40788 0.0272024 0.0185023 0.0575845 0.155747 0.263202 
0.000555333 0.00597609 0.863128 3.06696e-05 0.0428146 0.0209366 1.19027e-05 0.0665472 
0.00744734 0.0965694 0.43409 0.000113864 0.017047 0.035022 0.295633 0.114077 
0.000555333 0.00597609 0.863128 3.06696e-05 0.0428146 0.0209366 1.19027e-05 0.0665472 
0.00663957 0.166715 0.313317 0.000688561 0.0478425 0.169623 0.000497865 0.294677 
0.000349524 0.114495 0.516015 0.000105308 0.00508257 0.0242948 0.00192765 0.33773 
2.98823e-07 0.0171023 0.884951 0.00100925 0.00466952 0.0122766 0.000244815 0.0797462 
6.83342e-05 0.0175258 0.55981 0.000345368 0.00818164 0.0251831 0.00729167 0.381594 
0.00011037 0.119023 0.407895 0.000167207 0.0536209 0.171483 0.00445189 0.243249 
0.0120551 0.209776 0.349698 0.0221909 0.0199672 0.0454407 0.0180561 0.322815 
0.000126176 0.00617703 0.573944 1.25071e-06 0.0212666 0.24685 0.0192472 0.132388 
1.12688e-07 0.0120124 0.725736 0.000234874 0.0169044 0.0184386 0.00188619 0.224787 
1.75387e-05 0.0118871 0.897673 0.00408376 0.00683703 0.030065 0.00135842 0.0480782 
3.08299e-10 0.0016681 0.705621 0.000298578 0.0160715 0.00697133 0.000282031 0.269087 
2.03125e-05 0.0471472 0.508446 0.00038421 0.0141486 0.092248 0.000879145 0.336726 
8.38643e-05 0.0337967 0.720396 0.000929374 0.0167323 0.0183579 0.00185176 0.207853 
1.15125e-06 0.00161399 0.680385 0.000122178 0.00610396 0.0103388 1.4959e-05 0.30142 
0.00326547 0.186649 0.621176 0.0491941 0.00609686 0.0154675 0.00261672 0.115535 
2.18037e-12 0.00263141 0.584179 0.00188416 0.026829 0.00814074 0.000822172 0.375514 
0.000215933 0.0113513 0.730182 0.00812488 0.0321884 0.0196495 9.52818e-08 0.198288 
0.00141648 0.293728 0.390132 0.0171802 0.00681242 0.194024 0.00212549 0.0945813 
0.000112427 0.21227 0.390963 0.265749 0.00784812 0.0243974 0.00787665 0.0907839 
4.71378e-12 0.00254751 0.706134 0.00117191 0.0145488 0.0081626 3.70456e-12 0.267435 
0.00377309 0.0412058 0.342497 0.000112183 0.0215651 0.311408 0.000551265 0.278888 
0.000247784 0.0429514 0.519062 0.00251848 0.133115 0.136109 0.00462323 0.161373 
2.41527e-05 0.00455498 0.381992 4.88445e-05 0.00253419 0.313951 5.5316e-05 0.296839 
5.91806e-05 0.0362928 0.751857 1.13143e-05 0.00512559 0.0375099 0.054626 0.114518 
0.00125146 0.26144 0.435514 0.00038781 0.00420732 0.0892526 0.00305573 0.204891 
0.00139378 0.12293 0.518631 6.17686e-05 0.0257437 0.122639 0.00551826 0.203083 
0.000102209 0.00561337 0.508624 1.9619e-05 0.0502132 0.131921 0.000379725 0.303127 
0.000985262 0.084571 0.679757 0.000382324 0.000372607 0.00594567 1.37869e-08 0.227986 
3.82378e-12 0.0057894 0.73577 0.000123512 0.0425581 0.031117 0.000190567 0.184452 
0.000162041 0.0158422 0.750563 0.00405568 0.00518646 0.0255449 1.63855e-05 0.198629 
3.82378e-12 0.0057894 0.73577 0.000123512 0.0425581 0.031117 0.000190567 0.184452 
0.0071624 0.0296288 0.544526 0.000151153 0.0401764 0.276833 0.00144036 0.100082 
2.01082e-12 0.00345038 0.558091 0.00315336 0.0669393 0.0114622 0.000659263 0.356245 
0.000461091 0.0600539 0.829571 3.83468e-07 0.000584177 0.0495205 1.38574e-08 0.0598086 
0.0347212 0.00991152 0.362181 3.40092e-05 0.0157142 0.305524 3.70115e-05 0.271876 
0.00303467 0.129795 0.603606 0.0613145 0.00484964 0.0608853 0.00020403 0.136311 
0.000450933 0.334604 0.491576 6.27309e-05 0.00291452 0.0646273 9.80854e-06 0.105754 
1.39664e-05 0.14303 0.401661 0.00148185 0.0189193 0.108959 0.0644871 0.261448 
3.35077e-07 0.000207467 0.63385 0.000132082 0.0751614 0.0529247 9.21114e-06 0.237715 
0.00121507 0.0479454 0.469303 0.0048967 0.00135522 0.0117008 3.99458e-06 0.46358 
6.90785e-05 0.107 0.484311 0.00361802 0.0130808 0.0773735 0.000765294 0.313782 
0.00676994 0.00296681 0.952306 3.96613e-10 0.00986899 0.00296737 6.23873e-10 0.0251208 
0.000770988 0.0244518 0.843058 0.000122789 0.000130291 0.0317184 0.000858743 0.0988892 
0.00123492 0.00460415 0.61283 0.000219755 0.0319276 0.0386903 0.000367669 0.310125 
0.0244155 0.273404 0.380633 1.12908e-06 0.00054734 0.00115166 0.00116032 0.318687 
0.000649095 0.0422918 0.513465 3.51206e-05 0.00119882 0.0618042 0.000329303 0.380227 
4.51474e-09 0.354683 0.506578 1.94363e-07 0.000388208 0.0249323 3.6772e-07 0.113418 
0.000430795 0.0251272 0.669313 0.00185072 0.000662694 0.0737687 5.29042e-06 0.228841 
0.000417398 0.0967303 0.540262 0.000254352 0.0256767 0.0692249 7.95208e-05 0.267355 
0.000555333 0.00597609 0.863128 3.06696e-05 0.0428146 0.0209366 1.19027e-05 0.0665472 
0.00078382 0.0817553 0.37995 0.0137078 0.0176803 0.219505 0.00674105 0.279876 
0.000235258 0.00083749 0.68698 4.13613e-06 2.15888e-06 0.00589759 0.000113536 0.30593 
5.027e-11 0.00877582 0.520519 0.00141415 0.0307831 0.0170478 0.00681608 0.414644 
0.00216764 0.0609773 0.539081 0.00459213 0.0436905 0.0707842 0.038212 0.240495 
5.96687e-06 0.000493884 0.511033 1.11558e-05 0.00643726 0.00947278 9.78127e-06 0.472537 
0.000199935 0.0997189 0.416598 0.0120898 0.0210184 0.0655722 0.00190079 0.382902 
5.76888e-05 0.318205 0.545736 2.14098e-05 0.00097826 0.0556566 0.000921808 0.078423 
2.24521e-08 0.012339 0.620979 0.000136408 0.0361146 0.0363011 0.000291591 0.293838 
4.40093e-05 0.0842848 0.64772 5.33931e-05 0.0232137 0.0160015 0.0104725 0.21821 
0.000106503 0.049097 0.497854 3.54788e-05 0.00531091 0.144845 2.53252e-06 0.302748 
0.000403385 0.114646 0.59047 3.3726e-05 0.0290015 0.0674363 0.000629334 0.197379 
1.49147e-06 0.0238832 0.853847 0.000669738 0.00142372 0.0262888 2.63093e-06 0.0938837 
0.00120789 0.169083 0.38122 0.244267 0.043527 0.0661471 0.000946768 0.0936005 
2.94789e-05 0.0108107 0.609968 0.00137196 0.00135822 0.0695301 0.000425623 0.306506 
0.195631 0.0380149 0.444775 0.00110529 0.000400632 0.156277 0.000659404 0.163137 
0.000975397 0.0405419 0.742671 0.000230239 0.00617413 0.016565 0.00108298 0.191759 
0.000131342 0.192388 0.409299 0.074908 0.00324174 0.0164276 0.00152199 0.302082 
0.00160378 0.159436 0.554774 0.0173881 0.00323001 0.120839 0.0302255 0.112503 
0.000555333 0.00597609 0.863128 3.06696e-05 0.0428146 0.0209366 1.19027e-05 0.0665472 
6.24996e-05 0.0172525 0.888487 0.0495221 0.0108921 0.0162012 0.000430594 0.0171524 
0.000555333 0.00597609 0.863128 3.06696e-05 0.0428146 0.0209366 1.19027e-05 0.0665472 
3.35077e-07 0.000207467 0.63385 0.000132082 0.0751614 0.0529247 9.21114e-06 0.237715 
2.11834e-05 0.025736 0.69034 0.000140094 0.00235035 0.0472165 9.64948e-06 0.234186 
0.000350685 0.00761872 0.407554 8.51947e-05 0.0117498 0.184325 7.26303e-05 0.388244 
3.35077e-07 0.000207467 0.63385 0.000132082 0.0751614 0.0529247 9.21114e-06 0.237715 
0.000107208 0.0202773 0.545235 0.00513256 0.0249245 0.0439427 0.00219497 0.358186 
1.09522e-07 0.287834 0.370424 0.152486 0.00573913 0.0391834 0.0275931 0.11674 
0.00102851 0.189357 0.591958 4.18636e-05 0.0162784 0.0333715 0.000192576 0.167771 
0.00554172 0.0812626 0.689262 0.00013152 0.0118681 0.0234957 0.000954091 0.187484 
0.170035 0.156727 0.354332 0.0158262 0.0289629 0.097171 0.00411023 0.172835 
0.00068075 0.120274 0.441257 0.0601095 0.0206336 0.0527365 0.000177048 0.304132 
0.0120735 0.0525771 0.497181 0.00610716 0.051378 0.0699519 0.000287181 0.310444 
4.14761e-05 0.0169078 0.770821 6.99498e-06 0.00575863 0.117358 0.00286501 0.0862411 
0.000438579 0.0188362 0.512316 0.014452 0.0885203 0.205196 0.000658886 0.159582 
5.47856e-09 0.0530479 0.899713 0.00199069 0.00530539 0.0231553 0.00269124 0.0140963 
0.00685498 0.122575 0.530667 0.000392587 0.00466083 0.199403 0.00259692 0.132851 
3.92745e-08 0.00347151 0.904843 0.00063767 0.00250721 0.00833623 3.05325e-05 0.0801735 
2.72114e-06 0.0112791 0.833204 2.04376e-05 0.01932 0.00873299 2.25049e-05 0.127419 
0.019931 0.131858 0.658773 7.81176e-05 0.00987438 0.0540273 0.00982953 0.115629 
0.000315806 0.0198807 0.662927 0.0237279 0.0616697 0.0545603 0.000366111 0.176553 
9.84231e-06 0.168391 0.67089 1.76222e-05 0.000820916 0.0309766 2.00875e-06 0.128892 
0.000568407 0.181376 0.487686 5.80683e-05 0.000390039 0.0134103 1.16834e-05 0.3165 
4.93227e-07 0.0980064 0.659422 9.89298e-07 6.04205e-05 0.00662417 1.27379e-05 0.235872 
0.0596475 0.343246 0.404425 1.30278e-05 0.00118579 0.0408464 0.0474297 0.103206 
0.000182068 0.00240717 0.677791 0.0780488 0.010682 0.0214765 4.00605e-08 0.209413 
3.82378e-12 0.0057894 0.73577 0.000123512 0.0425581 0.031117 0.000190567 0.184452 
0.000107208 0.0202773 0.545235 0.00513256 0.0249245 0.0439427 0.00219497 0.358186 
0.00294863 0.0231961 0.849274 0.000263935 0.000459058 0.0944171 1.23603e-05 0.0294285 
0.00104969 0.351309 0.367553 0.000477763 0.00940129 0.0412687 0.00268801 0.226253 
0.00126633 0.0699883 0.510664 0.0716233 0.0178803 0.30881 0.00161865 0.0181485 
3.48768e-07 0.0562618 0.43187 3.94771e-06 0.000413815 0.0913896 7.37292e-06 0.420053 
1.15125e-06 0.00161399 0.680385 0.000122178 0.00610396 0.0103388 1.4959e-05 0.30142 
2.18037e-12 0.00263141 0.584179 0.00188416 0.026829 0.00814074 0.000822172 0.375514 
4.51474e-09 0.354683 0.506578 1.94363e-07 0.000388208 0.0249323 3.6772e-07 0.113418 
0.00694044 0.0476375 0.512605 0.000102054 0.026846 0.0851698 0.000836426 0.319863 
1.18408e-09 0.0492956 0.437621 2.8e-06 0.00956378 0.164897 1.51951e-05 0.338605 
0.000258659 0.0103091 0.891425 1.17994e-05 0.0125196 0.00463185 1.50753e-05 0.0808294 
0.000698173 0.117311 0.490086 3.34569e-05 0.00207771 0.123092 6.42648e-06 0.266695 
4.71378e-12 0.00254751 0.706134 0.00117191 0.0145488 0.0081626 3.70456e-12 0.267435 
0.000810472 0.0594067 0.429787 0.000347134 0.0214066 0.133436 0.00124805 0.353558 
0.000484677 0.273223 0.354328 0.158655 0.00481511 0.0934121 0.000151115 0.114932 
0.000380166 0.00670246 0.654037 3.33275e-05 0.0180255 0.0404859 0.000685898 0.279649 
5.56317e-06 0.0125678 0.943669 0.004146 0.000631271 0.0106773 3.09952e-05 0.0282725 
7.03852e-05 0.0438316 0.654826 0.00014237 0.000846352 0.101915 0.000202146 0.198166 
8.52587e-05 0.336173 0.539321 1.1109e-05 0.000676484 0.0752177 3.3858e-05 0.0484813 
0.000413979 0.0988954 0.636684 1.95136e-05 0.0506472 0.0846193 3.06248e-05 0.12869 
0.0721958 0.00368649 0.62557 4.5507e-05 0.0648033 0.169401 6.58424e-05 0.0642324 
0.00155577 0.097825 0.374451 0.00221112 0.0381089 0.0563116 0.0621144 0.367422 
3.88692e-06 0.00953174 0.897887 0.000264567 0.000163988 0.0151667 0.000124867 0.0768568 
0.0016349 0.0531739 0.397844 8.6163e-05 0.0424977 0.153817 0.00358756 0.347359 
5.00799e-05 0.119728 0.545814 0.000228375 0.0050201 0.12249 0.0887594 0.11791 
2.58194e-09 0.0439545 0.607632 1.28998e-09 6.73314e-10 0.182511 1.51628e-05 0.165887 
0.000349524 0.114495 0.516015 0.000105308 0.00508257 0.0242948 0.00192765 0.33773 
5.47856e-09 0.0530479 0.899713 0.00199069 0.00530539 0.0231553 0.00269124 0.0140963 
0.000733237 0.0109613 0.547076 0.00922956 0.208514 0.0181378 2.15359e-05 0.205326 
7.84655e-06 0.0363375 0.501124 0.00285898 0.163451 0.0730867 0.00393535 0.219198 
0.0033192 0.180014 0.661934 0.000108142 0.0155127 0.0804867 0.000280014 0.0583451 
0.0261019 0.025032 0.410261 0.00885431 0.0985075 0.0327003 4.86229e-05 0.398494 
0.000239778 0.00754261 0.440379 0.000215833 0.083175 0.045847 4.0324e-05 0.42256 
4.95153e-05 0.0738674 0.671427 4.47736e-06 3.33088e-05 0.00836038 1.21484e-05 0.246246 
4.71378e-12 0.00254751 0.706134 0.00117191 0.0145488 0.0081626 3.70456e-12 0.267435 
2.48892e-12 0.000660148 0.535478 4.85649e-05 0.0224321 0.0311578 8.68116e-07 0.410223 
0.000428097 0.0193547 0.572444 0.00106558 0.00961517 0.0967332 0.000269069 0.300091 
0.00430174 0.114335 0.631073 0.000233624 0.00682072 0.0857639 0.002685 0.154788 
4.12761e-05 0.0150637 0.478506 0.000373694 0.0477277 0.0237657 0.000172126 0.43435 
3.35077e-07 0.000207467 0.63385 0.000132082 0.0751614 0.0529247 9.21114e-06 0.237715 
5.56317e-06 0.0125678 0.943669 0.004146 0.000631271 0.0106773 3.09952e-05 0.0282725 
7.68611e-08 0.000620332 0.587066 9.04982e-05 0.0531341 0.0429503 4.73928e-06 0.316134 
1.14116e-07 0.00893476 0.926699 0.000521276 0.000389467 0.00640839 6.88931e-06 0.0570397 
2.33576e-09 0.0359834 0.88454 0.00188331 0.00104948 0.018289 0.0002676 0.0579874 
0.0195529 0.235343 0.385403 0.00547497 0.0192507 0.0607772 0.000693681 0.273504 
0.000555333 0.00597609 0.863128 3.06696e-05 0.0428146 0.0209366 1.19027e-05 0.0665472 
2.2177e-11 0.322104 0.510772 0.000271298 5.30289e-05 0.0212006 3.8208e-08 0.145598 
5.17608e-12 0.00114694 0.76959 0.000176461 0.000202616 0.00379898 2.12657e-05 0.225064 
6.83342e-05 0.0175258 0.55981 0.000345368 0.00818164 0.0251831 0.00729167 0.381594 
0.000275075 0.0666009 0.779018 0.0651726 0.0128167 0.035396 0.000357236 0.0403634 
0.00177461 0.0274224 0.510735 0.000252868 0.0123199 0.0929183 0.00188796 0.352689 
0.000555333 0.00597609 0.863128 3.06696e-05 0.0428146 0.0209366 1.19027e-05 0.0665472 
3.41022e-07 0.186075 0.658012 0.0463305 0.00523361 0.00119036 0.103155 2.95063e-06 
2.24145e-05 0.0158718 0.664708 0.000149387 0.00258088 0.00229843 0.000364023 0.314005 
2.25479e-05 0.0179495 0.937904 0.00675746 0.000694219 0.0167007 0.00234097 0.0176305 
0.00126633 0.0699883 0.510664 0.0716233 0.0178803 0.30881 0.00161865 0.0181485 
0.0020435 0.160559 0.522853 0.000753325 0.00667122 0.0313078 3.21172e-05 0.27578 
3.87747e-12 0.000877909 0.582087 4.47151e-05 0.0361254 0.0389618 1.30477e-06 0.341902 
0.00316348 0.0892137 0.367037 0.00688659 0.0391925 0.339185 0.00146684 0.153855 
3.41022e-07 0.186075 0.658012 0.0463305 0.00523361 0.00119036 0.103155 2.95063e-06 
0.000575038 0.044706 0.806931 0.0548201 0.00911083 0.0287648 0.000927939 0.0541648 
0.000181349 0.0118428 0.859066 1.36259e-05 0.0133637 0.00624106 1.50045e-05 0.109276 
3.82378e-12 0.0057894 0.73577 0.000123512 0.0425581 0.031117 0.000190567 0.184452 
1.60286e-05 0.0127329 0.476895 5.94517e-05 0.029154 0.0592978 0.000400124 0.421445 
0.000703285 0.136243 0.352676 0.00104475 0.00994697 0.201017 0.0014258 0.296944 
6.63753e-06 0.0100334 0.571334 0.00074109 0.0476641 0.00444841 0.000417678 0.365355 
7.59568e-06 0.0103364 0.54102 0.000173486 0.000957 0.0474787 1.85469e-06 0.400025 
0.00411748 0.107204 0.720188 0.0262924 0.013198 0.0364788 0.00031222 0.0922092 
2.11834e-05 0.025736 0.69034 0.000140094 0.00235035 0.0472165 9.64948e-06 0.234186 
0.000555333 0.00597609 0.863128 3.06696e-05 0.0428146 0.0209366 1.19027e-05 0.0665472 
0.000161313 0.269209 0.308767 0.00048529 0.0197411 0.0961953 0.0218224 0.283619 
0.000643401 0.0714809 0.450405 0.000632067 0.0135034 0.0673811 0.00434362 0.39161 
0.000433354 0.19756 0.31009 0.0494799 0.0130805 0.276078 0.000803977 0.152475 
5.26074e-05 0.00946371 0.583241 2.76266e-05 0.0128483 0.0172358 0.00040419 0.376727 
0.00133486 0.0367926 0.837349 0.0551634 0.00435733 0.0325201 0.000739617 0.0317431 
0.00165801 0.149936 0.543926 5.74395e-05 0.00563938 0.0590869 0.0148321 0.224863 
0.00732131 0.0340186 0.889072 8.88441e-06 0.00036091 0.00200047 0.00208124 0.0651366 
8.62441e-06 0.00861369 0.868375 0.00326419 0.000387821 0.0263294 0.00087229 0.0921487 
6.6878e-07 0.0382549 0.462014 0.000285749 0.0174977 0.0404935 0.00283148 0.438622 
0.237619 0.00669116 0.70562 1.42564e-05 0.000726628 0.013349 2.10086e-05 0.0359585 
0.000427673 0.0486973 0.410706 0.000334096 0.130825 0.0621075 0.0328151 0.314087 
0.000220707 0.0401809 0.470797 0.0343077 0.0386233 0.136943 0.000993744 0.277933 
0.00688816 0.0392957 0.560164 0.00757211 0.0340224 0.0265257 0.00177159 0.32376 
0.0974894 0.103833 0.664058 0.000144352 0.00255271 0.0922462 0.00248137 0.037195 
4.50343e-10 7.64491e-06 0.39909 5.62722e-07 5.28596e-07 0.215368 3.53925e-10 0.385533 
2.84856e-05 0.0197241 0.502053 0.000160744 0.024523 0.0316832 0.000230498 0.421597 
0.00247658 0.00456367 0.887108 6.62274e-05 0.0214676 0.0165317 1.41169e-05 0.0677724 
1.08583e-09 0.00116907 0.757917 0.000146262 0.00754994 0.0406247 5.10771e-05 0.192542 
0.00223825 0.102157 0.647275 0.0766511 0.0135445 0.0471415 0.001058 0.109935 
0.00246 0.27125 0.444323 0.0524647 0.00592526 0.0182296 0.00195878 0.203389 
0.00108092 0.0547929 0.726811 3.93376e-05 0.000312023 0.0336166 0.00153296 0.181815 
0.000167324 0.290497 0.428803 0.011263 0.00189171 0.044963 0.000447074 0.221968 
2.24521e-08 0.012339 0.620979 0.000136408 0.0361146 0.0363011 0.000291591 0.293838 
0.01415 0.21433 0.560275 8.98347e-06 0.0986249 0.0643026 0.00677732 0.0415319 
0.00462028 0.2618 0.379199 0.00188709 0.0115297 0.0440804 0.000731838 0.296151 
5.47856e-09 0.0530479 0.899713 0.00199069 0.00530539 0.0231553 0.00269124 0.0140963 
2.4272e-05 0.0176579 0.770628 0.01494 0.0773641 0.0571025 0.00050574 0.0617775 
6.47574e-06 0.0480938 0.675071 3.25447e-05 0.0288118 0.0148632 6.05302e-06 0.233115 
0.0010876 0.149713 0.30503 0.0130062 0.0597959 0.186907 0.0202245 0.264236 
3.38292e-05 0.0813857 0.572839 4.04306e-05 0.00231046 0.014026 0.00012191 0.329243 
0.00225852 0.127416 0.384934 0.00319853 0.0205078 0.0779621 0.00528232 0.378441 
0.000632011 0.081658 0.475056 0.0021995 0.172533 0.0511645 0.000115872 0.216641 
3.41022e-07 0.186075 0.658012 0.0463305 0.00523361 0.00119036 0.103155 2.95063e-06 
0.00388452 0.12487 0.395911 8.42872e-05 0.0102781 0.103042 0.00119983 0.36073 
0.00228956 0.0869173 0.506933 0.0108776 0.0296284 0.12166 0.000485801 0.241208 
0.000555333 0.00597609 0.863128 3.06696e-05 0.0428146 0.0209366 1.19027e-05 0.0665472 
4.35665e-06 0.0073183 0.617647 0.0108461 0.0276233 0.133969 0.000549188 0.202043 
0.00209321 0.0708508 0.524166 0.00218952 0.0238609 0.0711873 0.00184869 0.303804 
0.00263471 0.210409 0.505217 0.000991167 0.0675764 0.036707 0.000549166 0.175915 
0.00263882 0.0464761 0.676106 0.000100798 0.00392912 0.031345 0.000470609 0.238934 
1.25423e-05 0.0293776 0.576332 0.000149198 0.00226363 0.0160373 2.62298e-05 0.375801 
0.00116017 0.271071 0.512191 0.000107148 0.00012584 0.000433375 0.000240746 0.214671 
0.000555333 0.00597609 0.863128 3.06696e-05 0.0428146 0.0209366 1.19027e-05 0.0665472 
1.75387e-05 0.0118871 0.897673 0.00408376 0.00683703 0.030065 0.00135842 0.0480782 
4.87392e-11 0.0024458 0.554746 1.32324e-05 0.0313983 0.0592132 0.000138531 0.352045 
1.75387e-05 0.0118871 0.897673 0.00408376 0.00683703 0.030065 0.00135842 0.0480782 
0.00157694 0.0440168 0.741296 0.118607 0.0177317 0.0325239 0.00054057 0.0437072 
5.56692e-05 0.0684761 0.733321 0.000271167 0.00320436 0.0853545 0.0194781 0.0898386 
3.30901e-05 0.0564375 0.390477 0.014056 0.0107577 0.0383571 0.230074 0.259807 
3.41022e-07 0.186075 0.658012 0.0463305 0.00523361 0.00119036 0.103155 2.95063e-06 
0.000555333 0.00597609 0.863128 3.06696e-05 0.0428146 0.0209366 1.19027e-05 0.0665472 
0.0120735 0.0525771 0.497181 0.00610716 0.051378 0.0699519 0.000287181 0.310444 
0.000263771 0.0261534 0.837263 6.75171e-05 0.00466399 0.0240694 9.61154e-05 0.107423 
0.000660967 0.307566 0.336868 0.00503114 0.00113659 0.156425 3.19625e-06 0.192309 
0.000203688 0.0160421 0.566333 0.000183667 0.0133729 0.036603 0.000358892 0.366903 
0.00616362 0.118083 0.503673 0.105153 0.030861 0.0653076 0.00166542 0.169094 
3.35077e-07 0.000207467 0.63385 0.000132082 0.0751614 0.0529247 9.21114e-06 0.237715 
0.000555333 0.00597609 0.863128 3.06696e-05 0.0428146 0.0209366 1.19027e-05 0.0665472 
9.24034e-06 0.0680379 0.567796 0.00118986 0.00289402 0.09628 0.0025702 0.261223 
0.00195346 0.0470896 0.718076 0.000761672 0.0133231 0.0606413 0.000909529 0.157245 
7.68281e-05 0.0406167 0.423771 0.00132118 0.0103143 0.350961 0.0110305 0.161908 
0.000349524 0.114495 0.516015 0.000105308 0.00508257 0.0242948 0.00192765 0.33773 
0.000555333 0.00597609 0.863128 3.06696e-05 0.0428146 0.0209366 1.19027e-05 0.0665472 
2.24521e-08 0.012339 0.620979 0.000136408 0.0361146 0.0363011 0.000291591 0.293838 
0.000116008 0.052044 0.521307 0.0166525 0.0219958 0.213524 0.0032795 0.171081 
0.000140894 0.0196268 0.756178 6.10105e-05 0.0335668 0.0306038 0.00260903 0.157214 
0.00012233 0.0410164 0.440672 0.0297559 0.00201059 0.271586 3.63177e-05 0.2148 
0.000570937 0.17686 0.323825 0.00196339 0.015135 0.215715 0.00135585 0.264575 
0.000555333 0.00597609 0.863128 3.06696e-05 0.0428146 0.0209366 1.19027e-05 0.0665472 
0.00205149 0.0645672 0.537791 0.000516449 0.0119441 0.0482003 0.00205809 0.332871 
0.00089912 0.0444144 0.826742 0.0795898 0.00327848 0.0108185 0.00178179 0.0324755 
0.00275138 0.10755 0.345667 0.00395325 0.101495 0.107094 5.68771e-05 0.331432 
4.29352e-05 0.0262998 0.569556 8.55456e-05 0.000507986 0.245252 0.000121441 0.158135 
2.24521e-08 0.012339 0.620979 0.000136408 0.0361146 0.0363011 0.000291591 0.293838 
0.00125273 0.0380952 0.674815 1.76114e-05 8.12855e-06 0.00625546 0.0014209 0.278135 
1.02389e-06 0.00398336 0.819842 0.000126699 0.0152532 0.00193193 0.00062446 0.158238 
0.000266054 0.0784433 0.657477 0.000529707 0.0216952 0.0146801 0.0016022 0.225307 
0.000709919 0.00071022 0.781956 0.000710096 0.00071018 0.000710229 0.000709996 0.213783 
0.00121986 0.0149332 0.440965 0.00070778 0.0215052 0.081117 0.00021601 0.439336 
7.5446e-05 0.0189989 0.706567 0.00243853 0.0129162 0.0449242 8.39404e-05 0.213996 
0.0184058 0.171452 0.375408 0.000390259 0.00993723 0.0728557 0.000784701 0.350767 
0.00102186 0.116383 0.360678 0.360443 0.00889428 0.0797448 0.00256119 0.0702742 
0.000311929 0.0123455 0.534804 0.000225073 0.0224006 0.0256505 0.000431982 0.403831 
0.000202771 0.0209859 0.547727 0.000224063 0.0125073 0.0803532 0.0011568 0.336843 
0.000961823 0.0324933 0.498327 0.000109884 0.0139067 0.0679974 0.00147196 0.384732 
0.00149603 0.0811861 0.415481 0.00703659 0.0408622 0.101658 0.00396831 0.348312 
0.000555333 0.00597609 0.863128 3.06696e-05 0.0428146 0.0209366 1.19027e-05 0.0665472 
8.19067e-06 0.00886039 0.849034 0.00321416 0.0190038 0.0234916 0.000634 0.0957544 
0.00258389 0.183226 0.612474 0.0358785 0.00404707 0.0485414 0.0137729 0.0994758 
4.76801e-09 0.10124 0.65982 0.00261068 0.00145348 0.106281 0.0185686 0.110026 
3.82378e-12 0.0057894 0.73577 0.000123512 0.0425581 0.031117 0.000190567 0.184452 
3.35077e-07 0.000207467 0.63385 0.000132082 0.0751614 0.0529247 9.21114e-06 0.237715 
3.82378e-12 0.0057894 0.73577 0.000123512 0.0425581 0.031117 0.000190567 0.184452 
5.17608e-12 0.00114694 0.76959 0.000176461 0.000202616 0.00379898 2.12657e-05 0.225064 
0.000174543 0.0272172 0.532098 0.000398741 0.00343926 0.00823194 0.0153156 0.413124 
0.000709919 0.00071022 0.781956 0.000710096 0.00071018 0.000710229 0.000709996 0.213783 
0.00199498 0.014806 0.63247 0.00563476 0.035312 0.0603704 0.000418089 0.248993 
0.00775554 0.152726 0.518167 0.00755638 0.0252516 0.087207 0.0371127 0.164223 
0.0014112 0.175442 0.542372 0.11137 0.0127606 0.100951 0.00137607 0.0543165 
0.0207118 0.0251378 0.592363 4.54915e-05 0.0274836 0.0402201 0.0129472 0.281091 
0.00167891 0.175277 0.692952 0.00492971 0.00167524 0.0371445 0.00296808 0.0833745 
4.61769e-08 0.00350988 0.93561 0.000143445 0.00457947 0.0472598 1.80368e-05 0.00887911 
0.000270128 0.0250381 0.616118 0.0732879 0.174566 0.0546681 0.000191703 0.05586 
5.84545e-06 0.0188147 0.702482 0.000788307 0.00453168 0.0298844 1.10106e-05 0.243482 
3.38983e-05 0.193689 0.6317 0.0434286 0.0135304 0.111584 0.000312509 0.00572214 
0.0232729 0.0985036 0.548145 0.00076019 0.00938884 0.108388 0.017626 0.193915 
6.39435e-05 0.169572 0.551696 0.00241849 0.00509265 0.14423 0.00256133 0.124364 
1.75387e-05 0.0118871 0.897673 0.00408376 0.00683703 0.030065 0.00135842 0.0480782 
0.0103424 0.0503348 0.544501 1.77226e-05 0.0483663 0.215689 0.0504002 0.0803487 
1.71979e-05 0.0135318 0.866603 1.16406e-05 0.0721884 0.00681432 0.000814846 0.0400192 
0.0010895 0.0264118 0.882769 0.0398596 0.00317934 0.0233555 0.000572704 0.0227628 
3.82378e-12 0.0057894 0.73577 0.000123512 0.0425581 0.031117 0.000190567 0.184452 
2.16524e-05 0.0553453 0.51123 0.00209833 0.00728889 0.0439972 0.0117093 0.368309 
0.000704715 0.01864 0.893592 0.0394081 0.00705553 0.0143676 0.000965088 0.0252674 
0.00443262 0.0366732 0.524904 0.014559 0.11604 0.11045 0.000938131 0.192003 
0.000387648 0.0171213 0.899784 0.0250979 0.00685969 0.0186109 0.00164282 0.0304958 
0.000555333 0.00597609 0.863128 3.06696e-05 0.0428146 0.0209366 1.19027e-05 0.0665472 
0.000555333 0.00597609 0.863128 3.06696e-05 0.0428146 0.0209366 1.19027e-05 0.0665472 
0.00224195 0.0760501 0.446374 0.00232265 0.0163662 0.0409116 0.0052619 0.410472 
8.57153e-05 0.330251 0.440811 0.0165197 0.0054218 0.162626 7.62418e-12 0.0442855 
0.00770804 0.0764886 0.455596 0.000130426 0.0163868 0.134138 0.0145246 0.295028 
9.3409e-06 0.114032 0.755967 0.0280038 0.00505453 0.0134417 2.36656e-05 0.0834679 
1.18408e-09 0.0492956 0.437621 2.8e-06 0.00956378 0.164897 1.51951e-05 0.338605 
0.000172964 0.0740527 0.467083 5.93278e-05 0.0180092 0.0439484 0.00107562 0.395599 
7.66053e-06 0.12693 0.737546 6.05388e-06 0.0271172 0.00503571 1.24182e-06 0.103355 
0.00718508 0.061477 0.467508 0.049861 0.0251932 0.0788099 0.00335099 0.306615 
0.000144515 0.0500295 0.44362 0.000601919 0.0372328 0.0337833 0.00730453 0.427283 
9.13357e-06 0.168683 0.604221 1.68216e-05 0.000372276 0.11281 0.0128903 0.100997 
7.34191e-06 0.00657935 0.5998 0.00423772 0.000233924 0.00892055 0.0578624 0.322358 
0.00359393 0.273542 0.476532 0.000104363 0.00897468 0.137616 0.00569286 0.0939453 
0.00148302 0.0157186 0.440005 0.000302781 0.373426 0.152191 0.00374848 0.0131254 
0.000203688 0.0160421 0.566333 0.000183667 0.0133729 0.036603 0.000358892 0.366903 
6.63753e-06 0.0100334 0.571334 0.00074109 0.0476641 0.00444841 0.000417678 0.365355 
0.00948964 0.00750512 0.618778 6.81553e-05 0.0657213 0.0348552 0.00200226 0.26158 
0.0455778 0.0706363 0.486904 6.01905e-05 0.0100805 0.123691 0.000392202 0.262658 
0.000132313 0.0410222 0.679669 3.66668e-05 0.0201244 0.0148793 0.0002602 0.243876 
0.0511873 0.270526 0.372508 0.000228473 0.00499592 0.0612644 0.000314892 0.238975 
1.38816e-05 0.275971 0.311425 0.0124239 0.00333108 0.163297 0.0160618 0.217476 
3.49627e-05 0.012139 0.651782 0.0010119 0.0192856 0.0210379 0.000301503 0.294407 
0.00120985 0.0408966 0.347446 0.000142063 0.0923039 0.196145 0.000534558 0.321322 
0.000598994 0.0404346 0.520888 0.000778464 0.0750805 0.0489425 2.60913e-05 0.313251 
0.0010963 0.110379 0.417177 0.00134183 0.0134746 0.205511 0.011927 0.239093 
0.000746316 0.0667179 0.581764 3.97482e-05 0.190465 0.126437 0.0107361 0.0230941 
0.00234018 0.100604 0.470927 0.000114595 0.0573487 0.0880206 0.00224613 0.278399 
1.30386e-06 0.0111576 0.67821 0.000347903 0.00991053 0.0436559 7.14032e-05 0.256645 
0.000976303 0.0483912 0.8061 0.00193806 0.00300551 0.0251288 0.00107623 0.113384 
1.60445e-12 0.000100792 0.537872 3.76777e-05 0.0490189 0.0414193 2.16347e-06 0.371549 
6.07944e-09 0.0818751 0.76441 0.00292993 0.00130188 0.0492299 0.0150201 0.0852328 
0.000383904 0.0634676 0.754398 0.0390471 0.056448 0.0211925 0.00234165 0.0627214 
1.15125e-06 0.00161399 0.680385 0.000122178 0.00610396 0.0103388 1.4959e-05 0.30142 
3.82378e-12 0.0057894 0.73577 0.000123512 0.0425581 0.031117 0.000190567 0.184452 
0.000116232 0.0001552 0.441577 2.73528e-06 0.053518 0.0639751 7.76386e-06 0.440648 
0.00137996 0.0284338 0.630934 1.29107e-05 0.000860795 0.0357039 0.00229035 0.300385 
0.00132248 0.0846647 0.624334 0.0411209 0.0162947 0.0654729 6.41684e-06 0.166784 
4.71378e-12 0.00254751 0.706134 0.00117191 0.0145488 0.0081626 3.70456e-12 0.267435 
1.47875e-05 0.0101959 0.499414 3.7918e-05 0.0134751 0.175536 0.000542101 0.300784 
0.000203533 0.0264291 0.690811 1.47838e-07 0.00114144 0.149049 0.0112389 0.121127 
0.000446745 0.021938 0.615239 4.17506e-05 0.000875754 0.095844 0.00192811 0.263686 
0.000177029 0.00072734 0.996428 2.93844e-07 1.53374e-07 7.31153e-08 0.00249644 0.000170486 
0.000683546 0.0391182 0.4553 5.81988e-05 0.0192093 0.0773963 0.00014557 0.408089 
0.016638 0.116686 0.586649 0.000223957 0.0254776 0.0396274 0.0746785 0.14002 
0.000193952 0.0140665 0.656168 6.2151e-05 0.0216231 0.0274066 3.993e-05 0.28044 
0.00460229 0.133679 0.63815 0.00914721 0.0471363 0.0740801 0.00120054 0.0920049 
9.75961e-10 0.000262832 0.666701 7.07209e-05 0.0105922 0.00782798 3.27831e-06 0.314542 
2.06787e-05 0.0190327 0.740045 0.0116896 0.0985639 0.0675111 0.000205039 0.0629316 
2.06787e-05 0.0190327 0.740045 0.0116896 0.0985639 0.0675111 0.000205039 0.0629316 
0.00163158 0.0108394 0.501173 2.34582e-05 0.0613059 0.048251 6.17198e-05 0.376714 
0.00286004 0.227634 0.385375 0.0416524 0.0109995 0.0926414 0.000483942 0.238354 
0.00354973 0.142459 0.534042 0.0337927 0.00825748 0.126118 0.0127307 0.13905 
8.40451e-07 0.106068 0.295065 2.60467e-05 0.012298 0.255649 0.192865 0.138027 
1.54457e-09 0.0464544 0.522304 1.32519e-07 0.00128041 0.0732074 0.000342086 0.356411 
0.000506065 0.0313631 0.85812 0.044406 0.00568298 0.0172415 0.00224246 0.0404382 
0.000182068 0.00240717 0.677791 0.0780488 0.010682 0.0214765 4.00605e-08 0.209413 
1.27374e-12 0.00287601 0.608427 0.000406594 0.000544981 0.0104706 8.87793e-05 0.377186 
2.24521e-08 0.012339 0.620979 0.000136408 0.0361146 0.0363011 0.000291591 0.293838 
3.82378e-12 0.0057894 0.73577 0.000123512 0.0425581 0.031117 0.000190567 0.184452 
0.000555333 0.00597609 0.863128 3.06696e-05 0.0428146 0.0209366 1.19027e-05 0.0665472 
0.000424601 0.0358441 0.415025 3.99312e-05 0.0550372 0.247886 3.9462e-05 0.245704 
0.000555333 0.00597609 0.863128 3.06696e-05 0.0428146 0.0209366 1.19027e-05 0.0665472 
7.69821e-10 0.00351241 0.922965 0.000268599 7.60059e-05 0.000969103 3.38352e-06 0.0722057 
0.000275976 0.198729 0.718338 0.00477459 0.000146527 0.0392287 0.00247844 0.036028 
3.35077e-07 0.000207467 0.63385 0.000132082 0.0751614 0.0529247 9.21114e-06 0.237715 
0.013984 0.018826 0.580839 0.000127458 0.000799067 0.235809 0.000109942 0.149506 
0.0127284 0.211965 0.481755 8.31842e-05 0.00182083 0.0718928 0.000428594 0.219326 
3.35077e-07 0.000207467 0.63385 0.000132082 0.0751614 0.0529247 9.21114e-06 0.237715 
0.000998053 0.00549284 0.764998 0.00223553 0.00930157 0.0444067 0.00049565 0.172071 
0.000555333 0.00597609 0.863128 3.06696e-05 0.0428146 0.0209366 1.19027e-05 0.0665472 
0.000243188 0.0678741 0.652318 0.000430187 0.0270864 0.0122509 0.000924894 0.238872 
0.00772778 0.0158656 0.896552 3.56152e-05 0.0113521 0.0107369 6.77917e-05 0.0576623 
4.25355e-05 0.0202149 0.806892 9.18395e-07 0.000311034 0.00135529 0.00266991 0.168514 
0.00683484 0.202918 0.366533 0.00338236 0.0318556 0.226294 0.0206452 0.141538 
2.62995e-05 0.265764 0.355222 2.63061e-05 2.63092e-05 2.6311e-05 0.0841938 0.294715 
0.00138352 0.0315235 0.364263 0.000202947 0.00438247 0.255023 0.0115995 0.331622 
0.00286025 0.0312527 0.333643 0.000931165 0.00172056 0.0729246 0.330736 0.225932 
4.81222e-05 0.0158566 0.772024 0.00046377 0.0369271 0.0412161 0.00644756 0.127017 
0.000374803 0.103218 0.660128 8.41127e-05 0.0221425 0.0994675 0.000119481 0.114466 
2.18037e-12 0.00263141 0.584179 0.00188416 0.026829 0.00814074 0.000822172 0.375514 
1.15125e-06 0.00161399 0.680385 0.000122178 0.00610396 0.0103388 1.4959e-05 0.30142 
8.26674e-09 0.168815 0.57806 4.24198e-06 0.00196281 0.0571859 0.000135028 0.193837 
0.00199572 0.0785633 0.543312 0.00563635 0.0353146 0.096825 0.000418718 0.237934 
0.288401 0.0252148 0.551278 0.0127402 0.00143845 0.0222663 0.0200186 0.0786421 
0.000182193 0.116671 0.422706 0.00116968 0.0342137 0.0540692 0.000233197 0.370755 
0.000555333 0.00597609 0.863128 3.06696e-05 0.0428146 0.0209366 1.19027e-05 0.0665472 
0.00261958 0.230161 0.379536 0.025359 0.00766283 0.00891826 0.000257349 0.345486 
1.0349e-05 0.0137141 0.874982 0.0030784 0.00870604 0.0357184 0.00190176 0.0618894 
0.000203688 0.0160421 0.566333 0.000183667 0.0133729 0.036603 0.000358892 0.366903 
3.82378e-12 0.0057894 0.73577 0.000123512 0.0425581 0.031117 0.000190567 0.184452 
0.00140492 0.125396 0.537486 0.00807117 0.00629992 0.141072 0.00109717 0.179173 
0.0558933 0.105468 0.751307 3.41948e-05 0.000681629 0.0200914 0.00210926 0.0644148 
2.87438e-09 0.0689132 0.399456 0.350703 0.0408729 0.100098 0.0181772 0.0217796 
0.00242205 0.340968 0.376493 0.000444356 0.00246937 0.0452904 0.0105063 0.221406 
0.00584037 0.0222912 0.844625 4.64692e-05 0.000659885 0.00663471 6.81358e-05 0.119834 
4.05531e-09 0.10509 0.683693 3.05159e-05 0.000404854 0.0389561 6.38802e-06 0.171819 
0.00222221 0.0886948 0.469002 2.69559e-05 0.0150317 0.0642301 0.00128434 0.359508 
3.97749e-05 0.000588037 0.582531 3.85461e-05 0.00368023 0.0143316 1.20494e-06 0.398789 
0.000117873 0.0649352 0.778018 0.000235858 0.00739142 0.0583815 0.000203804 0.0907161 
0.003317 0.0165047 0.912303 3.35934e-05 7.12096e-05 0.0182979 0.0493503 0.00012224 
9.25363e-07 0.000149054 0.800319 0.000125907 0.0152442 0.0253121 0.000622135 0.158226 
0.00019532 0.0049599 0.843043 2.37156e-10 0.000569219 0.123256 1.01754e-05 0.0279657 
0.000111139 0.0549794 0.827574 1.68994e-06 0.000574172 0.0950963 0.00895459 0.0127086 
0.00124864 0.0244615 0.514333 0.00127464 0.0365898 0.0294999 0.00106242 0.39153 
1.30386e-06 0.0111576 0.67821 0.000347903 0.00991053 0.0436559 7.14032e-05 0.256645 
0.000324909 0.162345 0.421309 0.00055994 0.00108797 0.171434 0.00281168 0.240127 
9.24074e-06 0.0138437 0.929321 2.36583e-05 0.0174627 0.0283553 5.56933e-07 0.0109836 
0.0593398 0.323241 0.475753 0.000303384 3.64255e-05 0.0587432 1.4661e-09 0.0825835 
0.00141899 0.0386427 0.742433 0.1861 0.00455652 0.00805127 0.00067491 0.0181226 
0.000202771 0.0209859 0.547727 0.000224063 0.0125073 0.0803532 0.0011568 0.336843 
0.00039796 0.124475 0.66728 0.0513649 0.00595977 0.0374795 0.000865374 0.112177 
0.000349524 0.114495 0.516015 0.000105308 0.00508257 0.0242948 0.00192765 0.33773 
3.13316e-07 0.00169029 0.601998 0.00200484 0.0634557 0.00591091 0.000696784 0.324243 
0.000428257 0.0788644 0.775364 0.0721951 0.00791764 0.0146055 0.00109805 0.049527 
0.00335356 0.00349311 0.488689 0.000124123 0.0377275 0.0327735 0.00197959 0.43186 
3.66692e-08 1.14511e-07 0.497155 0.000160949 7.73779e-06 0.0699121 0.000393398 0.432371 
0.00847456 0.0982094 0.468773 0.000111383 0.214885 0.0833456 0.0104506 0.115751 
0.00742322 0.0261264 0.414298 0.000121945 0.0422543 0.177062 0.00187035 0.330844 
9.00486e-06 0.0842791 0.377852 0.000155411 0.0304638 0.111051 0.0200217 0.376168 
0.000632011 0.081658 0.475056 0.0021995 0.172533 0.0511645 0.000115872 0.216641 
3.82378e-12 0.0057894 0.73577 0.000123512 0.0425581 0.031117 0.000190567 0.184452 
0.00163556 0.151848 0.343504 0.151621 0.0227067 0.106655 0.000775387 0.221255 
1.13785e-06 0.232824 0.361177 0.00411622 0.00589089 0.145605 0.00237793 0.248008 
0.000349524 0.114495 0.516015 0.000105308 0.00508257 0.0242948 0.00192765 0.33773 
1.73758e-08 0.0425196 0.891077 0.00224088 0.000470011 0.0357733 2.08557e-07 0.0279188 
0.0277136 0.0739729 0.414448 0.00319037 0.0339345 0.0988521 0.000530831 0.347358 
0.000555333 0.00597609 0.863128 3.06696e-05 0.0428146 0.0209366 1.19027e-05 0.0665472 
0.000428257 0.0788644 0.775364 0.0721951 0.00791764 0.0146055 0.00109805 0.049527 
0.00356469 0.292157 0.324681 0.125277 0.0324291 0.0740856 0.000294213 0.147512 
1.48568e-10 0.0354808 0.482177 0.00381196 0.000434648 0.0341741 0.287067 0.156855 
5.0168e-06 0.0839691 0.580956 1.07989e-06 0.0537671 0.0389998 4.87376e-05 0.242253 
0.0328383 0.280897 0.357142 0.000340703 0.0166632 0.089484 0.000910407 0.221725 
1.15125e-06 0.00161399 0.680385 0.000122178 0.00610396 0.0103388 1.4959e-05 0.30142 
3.82378e-12 0.0057894 0.73577 0.000123512 0.0425581 0.031117 0.000190567 0.184452 
2.89126e-05 0.0331178 0.494576 0.000854091 0.00451373 0.0582996 0.00240573 0.406204 
0.000568556 0.0498701 0.710359 8.7547e-06 0.0175939 0.0296035 1.82328e-07 0.191996 
0.000555333 0.00597609 0.863128 3.06696e-05 0.0428146 0.0209366 1.19027e-05 0.0665472 
2.18037e-12 0.00263141 0.584179 0.00188416 0.026829 0.00814074 0.000822172 0.375514 
0.000555333 0.00597609 0.863128 3.06696e-05 0.0428146 0.0209366 1.19027e-05 0.0665472 
0.000844241 0.131884 0.639596 4.40124e-05 0.0173371 0.0851942 8.26943e-05 0.125018 
5.80662e-05 0.0314036 0.722903 0.000104265 0.00449088 0.00787817 7.22628e-06 0.233154 
0.000555333 0.00597609 0.863128 3.06696e-05 0.0428146 0.0209366 1.19027e-05 0.0665472 
0.000173789 0.0352678 0.433058 0.00535885 0.0289178 0.0695946 0.000257241 0.427372 
0.00605811 0.0846729 0.549804 0.00184092 0.0435419 0.108102 0.000228452 0.205751 
0.0771413 0.0244245 0.512047 0.0194431 0.000109225 0.0547483 0.000754496 0.311332 
1.65018e-05 0.00265308 0.897898 2.36935e-05 0.000492722 0.00134883 0.000183476 0.0973838 
0.00120004 0.341001 0.45952 0.00530585 0.0198271 0.0338261 0.0169499 0.122369 
3.82378e-12 0.0057894 0.73577 0.000123512 0.0425581 0.031117 0.000190567 0.184452 
1.49147e-06 0.0238832 0.853847 0.000669738 0.00142372 0.0262888 2.63093e-06 0.0938837 
4.13594e-06 0.0134492 0.502093 7.78202e-06 0.000433394 0.418456 5.12361e-06 0.0655515 
0.000315806 0.0198807 0.662927 0.0237279 0.0616697 0.0545603 0.000366111 0.176553 
0.000562649 0.153001 0.709243 0.0556842 0.00366662 0.0307665 0.00476093 0.0423147 
8.57075e-06 0.0237064 0.796744 0.00230252 0.00592304 0.0443288 0.00158091 0.125406 
0.023652 0.16982 0.493412 4.17387e-05 0.00874369 0.0249413 0.000607002 0.278782 
0.0506015 0.108342 0.610356 0.0016368 0.013288 0.0188477 0.0130365 0.183892 
4.47253e-06 0.07429 0.631879 7.37676e-05 0.000101107 0.283899 4.05954e-05 0.00971209 
3.21032e-05 0.0955495 0.518334 0.00131879 0.00786141 0.0527722 0.084691 0.239441 
0.000325825 0.0309373 0.797004 0.0352596 0.0277583 0.0664187 0.00184128 0.0404546 
0.000741092 0.100632 0.793249 1.18625e-05 0.000357412 0.00760597 0.000116736 0.0972861 
0.126463 0.0175192 0.797642 9.50833e-06 1.21382e-05 0.0374012 1.30723e-08 0.0209522 
0.000704715 0.01864 0.893592 0.0394081 0.00705553 0.0143676 0.000965088 0.0252674 
0.00664522 0.0143235 0.902357 3.50712e-05 0.0141349 0.0115411 6.01771e-05 0.0509032 
0.000555333 0.00597609 0.863128 3.06696e-05 0.0428146 0.0209366 1.19027e-05 0.0665472 
1.75387e-05 0.0118871 0.897673 0.00408376 0.00683703 0.030065 0.00135842 0.0480782 
0.000253435 0.2703 0.505374 0.00116345 0.0240215 0.0656505 0.000288248 0.132949 
1.65018e-05 0.00265308 0.897898 2.36935e-05 0.000492722 0.00134883 0.000183476 0.0973838 
0.000755544 0.0226939 0.488262 0.000172015 0.00939885 0.045064 0.00140844 0.432245 
0.00281764 0.123263 0.44307 0.000594687 0.0213478 0.121041 0.00120376 0.286662 
0.0015614 0.0401715 0.533186 7.72423e-05 0.00460169 0.147602 0.00558679 0.267213 
0.00059007 0.192737 0.414991 0.00014447 0.023364 0.103581 0.00595071 0.258642 
0.00156345 0.272277 0.309793 0.000463954 0.000718013 0.150284 0.0940179 0.170883 
0.00481001 0.0460517 0.537952 0.00417819 0.032362 0.139935 8.50563e-05 0.234626 
6.52295e-07 0.174963 0.452672 6.85114e-05 0.0216096 0.0305878 0.00200505 0.318094 
0.000699678 0.0530666 0.790145 0.031553 0.00410495 0.00983719 0.00113423 0.109459 
0.00329302 0.224297 0.393076 0.0240599 0.00772821 0.0436264 0.000552101 0.303367 
0.000264179 0.147984 0.442489 0.000197583 0.0576792 0.0782257 0.000907569 0.272252 
5.56317e-06 0.0125678 0.943669 0.004146 0.000631271 0.0106773 3.09952e-05 0.0282725 
0.00585286 0.16131 0.783535 0.000271295 0.00207249 0.0155892 0.00223164 0.0291371 
0.000196916 0.00632883 0.820213 0.00011836 0.000135994 0.00157549 0.000182718 0.171249 
0.000555333 0.00597609 0.863128 3.06696e-05 0.0428146 0.0209366 1.19027e-05 0.0665472 
0.00100011 0.0822867 0.461769 4.59908e-05 0.014494 0.0829722 0.0182842 0.339148 
