0.000121183 0.118992 0.250279 0.015121 0.00374978 0.351019 0.00054479 0.260173 
0.025751 0.269756 0.134201 0.00134489 0.0738525 0.392179 0.0221183 0.0807978 
0.000160874 0.00795693 0.0555051 1.07307e-05 0.00172243 0.933701 7.3875e-05 0.000869248 
0.000249632 0.0675584 0.240957 0.0021366 0.00120097 0.393251 0.0464704 0.248176 
0.00294765 0.00810385 0.217075 0.00257003 0.169799 0.426504 0.0005331 0.172468 
0.000494257 0.044038 0.00117628 5.16535e-05 0.000143972 0.946956 0.00375695 0.0033827 
0.00394358 0.138187 0.0239948 0.000980184 0.00135646 0.747361 0.0140101 0.0701672 
0.00135444 0.269929 0.0460609 0.000219644 0.176524 0.424873 0.00566183 0.0753774 
0.000883619 0.0536961 0.217434 0.00934807 0.0211337 0.550705 0.000528396 0.146271 
2.23368e-05 0.0202207 0.0550758 1.7838e-05 0.171746 0.673981 0.000525868 0.078411 
0.0270079 0.148709 0.109519 0.0002134 0.0643183 0.475356 0.0237778 0.151098 
1.67936e-05 0.135593 0.170144 4.5218e-05 0.0551824 0.500351 0.00116211 0.137505 
0.173107 0.219299 0.0717501 0.000447442 0.01958 0.279411 0.0961148 0.140291 
6.64532e-12 0.000968988 0.0283874 0.000184506 0.000598862 0.96986 2.03832e-07 1.55365e-09 
3.68572e-08 0.0108191 0.00224106 0.00235614 0.055734 0.918231 0.000298456 0.0103207 
0.00161389 0.0844244 0.0724116 0.00164359 0.137421 0.478156 0.0074909 0.216839 
2.85018e-06 0.000287991 0.020533 2.85089e-06 0.193886 0.772736 0.00256829 0.00998302 
0.00698303 0.120922 0.0649879 0.000407654 0.00106411 0.360026 0.17662 0.268989 
8.88848e-05 0.0108592 0.0274204 0.000102272 0.000285871 0.957508 0.00026964 0.0034654 
5.19416e-05 0.0621602 0.0380961 1.35164e-05 0.0308366 0.578446 1.54117e-05 0.29038 
0.00350641 0.177994 0.0917162 0.000188227 0.0133664 0.475236 0.0519442 0.186048 
3.32815e-06 0.167934 0.0137503 0.00128492 0.0292478 0.345345 0.130288 0.312147 
0.000440625 0.0421724 0.313522 0.0193511 0.00984916 0.572127 0.00130379 0.0412339 
0.00341052 0.00392702 0.0344634 0.000114985 0.0194872 0.781711 0.0562981 0.100588 
0.0153874 0.0481194 0.124172 0.0009367 0.111836 0.513754 0.0331975 0.152597 
3.29732e-08 0.118037 0.0919113 0.000508606 0.00416593 0.731356 5.54714e-06 0.0540156 
3.21252e-06 0.0806686 0.0122188 0.0029638 0.0160468 0.883385 0.000377403 0.0043359 
0.00238899 0.0111093 0.0653348 0.0137601 0.0980662 0.524225 0.228479 0.0566366 
0.0044166 0.214072 0.053795 0.0521309 0.0163558 0.25186 0.188276 0.219094 
0.000270123 0.088392 0.0307237 0.00673195 0.00460178 0.625816 0.0119831 0.231481 
0.0061518 0.103193 0.00352377 0.00120182 0.112764 0.350226 0.158573 0.264366 
2.74758e-05 0.01304 0.143061 1.43382e-07 0.00585745 0.608752 0.000239734 0.229022 
0.000105257 0.278889 0.0566338 0.00144753 0.00419515 0.491814 0.0206284 0.146286 
0.000262822 0.107216 0.0909213 4.33268e-05 0.00124731 0.772357 0.000776823 0.0271753 
1.54563e-05 0.0262939 0.0178183 0.000730677 0.000866076 0.944665 0.000861831 0.00874858 
3.35534e-05 0.192454 0.0161356 0.00308191 0.0257781 0.735593 0.000451609 0.0264718 
0.0115046 0.0499837 0.0135559 0.000696848 0.00597347 0.883899 0.00230471 0.0320814 
5.51406e-07 0.0156413 0.029645 3.91709e-05 0.220859 0.687786 0.00031448 0.0457145 
5.08025e-07 0.0340982 0.00600699 3.09153e-05 0.0725229 0.83538 0.00271043 0.0492497 
0.00172568 0.0510217 0.0730217 0.0009491 0.377166 0.378723 0.00263819 0.114755 
8.88848e-05 0.0108592 0.0274204 0.000102272 0.000285871 0.957508 0.00026964 0.0034654 
9.58662e-05 0.0130317 0.0986247 0.00124923 0.313233 0.461122 0.0138823 0.0987609 
0.0014449 0.028992 0.0992331 0.0256406 0.336575 0.345516 0.00305632 0.159541 
0.00236556 0.0635502 0.0755378 0.000864267 0.133314 0.516033 0.00278638 0.205549 
1.18551e-05 0.247306 0.138674 0.0364211 0.0105353 0.551324 0.00195326 0.0137741 
8.91267e-12 0.0848817 0.0480453 0.00128353 0.0011621 0.860485 5.6547e-05 0.00408629 
0.000409952 0.0124872 0.0530846 0.000599174 0.0111525 0.785345 0.0391022 0.0978197 
1.05734e-08 0.00471265 0.301118 7.6626e-05 0.0564206 0.558758 9.60208e-05 0.0788176 
0.00173201 0.0831331 0.0907639 0.00243168 0.0155694 0.688128 0.0209619 0.0972801 
2.94131e-07 0.00317417 0.0091244 2.45391e-05 0.00593757 0.963527 6.44623e-05 0.0181474 
0.00112211 0.119388 0.000670723 2.24697e-05 7.69031e-05 0.448387 0.25072 0.179613 
0.0235581 0.10857 0.086832 0.000183569 0.0674955 0.507671 0.0134766 0.192214 
4.26609e-06 0.0973077 0.292442 0.000313648 0.0146577 0.464236 0.00102863 0.13001 
7.61522e-07 0.00224421 9.94207e-08 0.000159824 0.123689 0.872717 0.000117353 0.00107091 
0.0218902 0.0550488 0.0788241 0.00289712 0.0379124 0.332047 0.21033 0.26105 
8.46566e-05 0.0369568 0.155502 8.46689e-05 0.22454 0.35004 3.04314e-06 0.232788 
1.02865e-05 0.0141333 0.0466204 0.000115234 0.145044 0.63339 0.000157008 0.16053 
0.000787841 0.189952 0.0328524 0.00403761 0.0265129 0.552973 0.0868211 0.106063 
0.0406614 0.0861397 0.00454819 0.00200176 0.0372268 0.361512 0.208119 0.259791 
3.08184e-05 0.0225452 0.272955 0.00058772 0.00640212 0.377845 0.00755179 0.312083 
0.0258205 0.101916 2.87798e-06 0.0304817 0.032726 0.498651 0.130185 0.180216 
0.000658971 0.243354 0.0369625 0.00100971 0.0145036 0.665229 0.00160369 0.0366782 
0.00123861 0.252069 0.0818241 0.0263625 0.0680548 0.298495 2.84307e-05 0.271927 
0.219798 0.211801 0.0524653 0.00656897 0.0527585 0.250867 0.000487125 0.205254 
1.53533e-07 0.0487485 0.0507085 9.04798e-06 0.034924 0.610644 4.43264e-05 0.254922 
0.000186817 0.00124349 0.137662 3.13591e-08 0.286378 0.531525 0.000270805 0.0427348 
4.01803e-05 0.361466 0.0183466 0.00216794 0.0334594 0.518069 0.00015923 0.0662917 
3.21252e-06 0.0806686 0.0122188 0.0029638 0.0160468 0.883385 0.000377403 0.0043359 
0.00329782 0.132091 0.0107004 3.06756e-05 0.00234999 0.772676 0.0168492 0.0620051 
0.00113469 0.305419 0.00446517 6.30847e-05 0.0148373 0.435314 0.124978 0.11379 
3.5133e-06 0.195041 0.0179524 0.00340687 0.0375983 0.712944 0.00101172 0.032042 
2.27398e-05 0.0444982 0.0219439 1.01425e-05 0.139996 0.756087 0.00319756 0.034244 
6.18669e-05 0.147362 0.0816404 0.000343613 0.0719406 0.663157 0.000159415 0.0353351 
9.0397e-06 0.0056442 0.0458913 3.14791e-05 0.00894506 0.893047 0.000687771 0.0457437 
2.66441e-05 0.133 0.185147 5.61988e-05 0.173481 0.346693 0.000360105 0.161236 
1.87034e-12 0.002661 0.0123071 0.000523427 9.40298e-08 0.984508 2.62887e-09 1.5486e-13 
1.37016e-08 0.0108921 0.0355289 0.000142985 0.00411663 0.944319 6.72352e-12 0.00500085 
0.0633807 0.039552 0.0165325 0.0109818 0.00451915 0.406723 0.157934 0.300377 
3.30924e-05 0.209021 0.0098662 0.000210059 0.00763413 0.333246 0.197543 0.242447 
0.000555277 0.188709 0.00682172 8.78708e-05 0.000165254 0.683169 0.0119625 0.108529 
0.000293418 0.0418911 0.0964488 0.0122756 0.0113385 0.360802 0.174244 0.302707 
0.000169787 0.334976 0.000359296 0.00233 0.0182308 0.414634 0.0755843 0.153716 
0.00886545 0.185419 0.182792 0.0063208 0.0429813 0.3046 0.00366404 0.265357 
0.0108732 0.0393475 0.0989166 0.00377983 0.218192 0.5577 0.00124552 0.0699459 
0.000212607 0.171351 0.0205001 0.000121983 0.130257 0.441603 0.00121849 0.234737 
0.000112163 0.202293 0.243941 0.000209762 0.00204117 0.325818 0.0496839 0.175901 
0.00814172 0.0586641 0.0971647 0.000157161 0.000780888 0.380883 0.283827 0.170381 
5.19416e-05 0.0621602 0.0380961 1.35164e-05 0.0308366 0.578446 1.54117e-05 0.29038 
7.34974e-09 0.0776344 0.00525052 0.00162936 0.000246546 0.709661 0.0290465 0.176531 
0.00264281 0.131368 0.0446179 0.000326813 0.0432796 0.579597 0.068309 0.129859 
0.00918164 0.126539 0.131079 0.000188796 0.0182721 0.415136 0.0190925 0.280511 
9.40273e-06 0.143451 0.0661026 0.00185947 0.185918 0.517763 0.0281441 0.0567519 
4.01803e-05 0.361466 0.0183466 0.00216794 0.0334594 0.518069 0.00015923 0.0662917 
0.000453561 0.0336547 0.0357553 0.00800233 0.267392 0.575753 0.00097491 0.0780148 
0.00342326 0.0417964 0.0502562 0.000164665 0.135046 0.591079 0.0218333 0.156402 
9.13217e-05 0.0492199 0.125755 2.01997e-05 0.000281012 0.689615 0.000151451 0.134865 
3.84482e-08 0.208777 0.113322 0.000947163 0.00258161 0.466809 0.111126 0.096438 
0.00195715 0.24115 0.0641902 0.00152295 0.0231233 0.406793 0.00213912 0.259125 
6.39651e-08 0.109579 0.274632 0.000332651 0.00324176 0.382693 0.0196527 0.209869 
2.12237e-10 0.0167165 0.234726 0.000733236 0.00176595 0.742153 0.000252821 0.00365177 
0.00657903 0.168527 0.131225 0.000757253 0.0502073 0.420968 0.00221063 0.219526 
0.00268001 0.0983054 0.0815768 0.018092 0.0313231 0.656757 0.000338895 0.110927 
1.33198e-07 0.31005 0.0405902 0.000438418 0.00510573 0.50581 0.00127324 0.136733 
1.54563e-05 0.0262939 0.0178183 0.000730677 0.000866076 0.944665 0.000861831 0.00874858 
0.175566 0.0337663 0.0814477 0.000288786 0.00252459 0.401096 0.00172804 0.303583 
0.000456323 0.0497255 0.256035 0.0158352 0.00616154 0.340742 0.00559968 0.325444 
0.0234673 0.0669935 0.0744139 0.000868793 0.068116 0.665151 0.00292646 0.0980628 
0.0252176 0.0148695 0.109687 0.000448542 0.0486769 0.785613 9.6104e-05 0.0153909 
0.00228409 0.0200511 0.0473814 0.000600034 0.269892 0.571651 0.00173813 0.086403 
0.000169787 0.334976 0.000359296 0.00233 0.0182308 0.414634 0.0755843 0.153716 
0.214519 0.0446214 0.0587881 0.0110909 0.0436468 0.368963 0.0138038 0.244567 
4.01803e-05 0.361466 0.0183466 0.00216794 0.0334594 0.518069 0.00015923 0.0662917 
0.00452966 0.0453901 0.0227561 0.000119225 0.132302 0.541802 0.000221222 0.252879 
0.000375142 0.0405631 0.070418 3.55292e-05 0.0490298 0.751829 0.00600388 0.081746 
7.66852e-05 0.0461142 0.0463708 0.00020953 0.301875 0.555669 0.00367518 0.0460099 
3.37689e-06 0.21554 3.37835e-06 0.00506998 0.0516888 0.337164 0.0641713 0.32636 
0.00153253 0.0181966 0.159442 0.000491498 0.229042 0.30409 0.0115404 0.275665 
0.00192997 0.039276 0.00504649 0.000882894 0.238404 0.510209 0.0244409 0.179811 
4.34634e-08 0.0389797 0.0136045 2.55243e-08 0.354426 0.590305 2.73869e-05 0.00265822 
0.000219165 0.0307742 0.00180727 0.00419507 0.0671764 0.772095 0.0186848 0.105048 
0.0141154 0.202373 0.0515706 0.000182151 0.069583 0.387706 0.0477205 0.226749 
0.00567843 0.0600933 0.0890556 0.00194706 0.0806295 0.58595 0.00671928 0.169927 
4.022e-05 0.00396669 0.162828 3.93566e-06 0.0240416 0.755317 0.000179721 0.053623 
0.000852581 0.0657819 0.0715797 6.80258e-05 0.0583906 0.595964 0.00137702 0.205986 
0.0008637 0.356729 0.0147627 6.99029e-05 0.00674597 0.538348 0.00868035 0.0737995 
0.000125945 0.1301 0.02322 0.000358187 0.0238965 0.422296 0.134074 0.265929 
1.76813e-10 0.117629 0.0603583 0.0146685 0.0139693 0.462205 0.00100698 0.330163 
0.000241035 0.171393 0.0279695 9.75495e-05 0.0384814 0.4168 0.0184875 0.32653 
1.57517e-12 0.0520905 0.0490743 0.00218663 0.00142266 0.893853 0.00137274 1.13948e-07 
3.66349e-05 0.0872371 0.075813 0.00136014 0.0897701 0.633146 0.0154107 0.0972265 
7.29909e-05 0.116945 0.042311 0.000447713 0.0127853 0.730961 2.54689e-10 0.0964769 
0.0215142 0.0131329 0.0304331 0.000110977 0.182406 0.484297 0.0042784 0.263827 
8.6045e-06 0.00145442 0.00342755 3.0453e-05 0.0358399 0.950772 2.50555e-05 0.00844217 
3.5133e-06 0.195041 0.0179524 0.00340687 0.0375983 0.712944 0.00101172 0.032042 
4.42007e-05 0.070591 0.00869004 0.00118688 0.00183571 0.910471 0.00109494 0.00608607 
1.88029e-06 0.193549 0.0170542 4.91574e-07 0.00309135 0.785029 4.1119e-07 0.00127446 
1.30122e-06 0.0103514 0.0347458 1.79174e-05 0.00616419 0.814214 1.93698e-07 0.134506 
8.88848e-05 0.0108592 0.0274204 0.000102272 0.000285871 0.957508 0.00026964 0.0034654 
0.00221965 0.00706722 0.317668 1.17749e-05 0.172518 0.445457 0.000837444 0.0542205 
3.21252e-06 0.0806686 0.0122188 0.0029638 0.0160468 0.883385 0.000377403 0.0043359 
0.000280218 0.0566373 0.0856604 1.13171e-05 0.11657 0.621037 0.000179049 0.119625 
3.5962e-05 0.0312751 0.0469414 9.38304e-05 0.0120518 0.807883 0.00426465 0.0974538 
8.88848e-05 0.0108592 0.0274204 0.000102272 0.000285871 0.957508 0.00026964 0.0034654 
0.00070828 0.28208 0.0407718 0.00113524 0.00129678 0.515968 0.0204448 0.137594 
0.00036817 0.0348039 0.0598299 0.00021113 0.162984 0.649614 0.0391792 0.0530104 
0.125454 0.0210631 0.262764 0.0441407 0.00230094 0.461007 0.000324139 0.0829461 
0.00650168 0.107845 0.123935 0.0115393 0.103598 0.434348 0.00228727 0.209945 
0.0152414 0.113461 0.00996054 0.000361361 0.15675 0.42527 0.0796593 0.199297 
0.000798529 0.0481852 0.120915 0.000199583 0.0747002 0.378393 0.000432406 0.376376 
5.86488e-07 0.0348588 0.339793 0.000151657 0.0427671 0.470386 1.91761e-07 0.112043 
0.0116476 0.0543053 0.062204 0.000884454 0.0590192 0.734511 0.00299025 0.0744382 
0.101094 0.252706 0.00392743 0.0165985 0.0562174 0.328963 0.172945 0.0675486 
0.0119043 0.0494872 0.413999 0.000323993 0.000993653 0.490683 0.000230142 0.0323791 
0.0467501 0.0640487 0.0193556 0.000161915 0.116473 0.452634 0.0942241 0.206353 
1.16202e-09 0.00922544 0.0102892 0.014263 3.84218e-07 0.958573 0.00672419 0.000924943 
5.96487e-10 0.354586 0.0621568 2.49715e-07 0.00281954 0.368798 0.0393289 0.17231 
4.28296e-09 0.00163916 0.0438337 1.63868e-05 0.0230997 0.465633 0.00529012 0.460488 
5.19416e-05 0.0621602 0.0380961 1.35164e-05 0.0308366 0.578446 1.54117e-05 0.29038 
0.0153913 0.00447185 0.0945734 5.05165e-06 0.00551517 0.839442 3.93779e-05 0.0405621 
1.04983e-05 0.0983367 0.0030872 0.000325504 0.0211756 0.860525 0.00656764 0.00997146 
0.0411154 0.129795 0.0378426 9.88885e-05 0.0982004 0.570537 0.00416098 0.118249 
0.00156946 0.097186 0.0676647 0.000105964 0.00135585 0.445007 0.0191817 0.367929 
2.08523e-07 0.111485 0.00775064 0.000873415 0.000386821 0.648144 0.0642188 0.167141 
0.000646517 0.0510664 0.0871749 0.000137279 0.0897506 0.473826 0.0229981 0.274401 
2.20959e-08 0.0955732 0.00850996 0.000146628 0.00402391 0.891746 3.22557e-07 1.42477e-07 
2.25625e-05 0.0821509 0.0163324 0.000207917 0.0271543 0.502356 0.0356577 0.336118 
0.0442127 0.085282 0.0238548 9.66827e-05 0.0670079 0.686748 0.00112511 0.0916723 
1.18551e-05 0.247306 0.138674 0.0364211 0.0105353 0.551324 0.00195326 0.0137741 
0.00607472 0.0209201 0.0102941 0.000296628 0.01021 0.910962 0.0016464 0.0395961 
0.00792022 0.0846586 0.17626 0.000372055 0.0931266 0.447178 0.0062128 0.184271 
4.01803e-05 0.361466 0.0183466 0.00216794 0.0334594 0.518069 0.00015923 0.0662917 
0.000147683 0.111259 0.0574387 5.55822e-05 0.00863086 0.611372 0.00304069 0.208055 
0.0001847 0.021765 0.0667976 0.000177945 0.0557719 0.480296 0.000322856 0.374684 
0.0189877 0.0299543 0.347895 5.0419e-05 0.00269255 0.47099 0.0011886 0.128241 
3.21252e-06 0.0806686 0.0122188 0.0029638 0.0160468 0.883385 0.000377403 0.0043359 
4.94778e-06 7.16271e-05 0.000307147 7.41211e-05 0.00681942 0.839291 5.94108e-05 0.153373 
0.000402889 0.0355451 0.0368663 6.661e-05 0.0266476 0.760092 2.00353e-05 0.14036 
2.96708e-08 0.184355 3.87368e-09 4.29721e-06 6.77906e-07 0.67061 0.100423 0.0446073 
3.5133e-06 0.195041 0.0179524 0.00340687 0.0375983 0.712944 0.00101172 0.032042 
0.0136293 0.0296357 0.00132394 0.000332156 0.0380499 0.645047 0.116924 0.155058 
2.20839e-06 0.0106849 0.0136674 4.8303e-05 0.00430207 0.890957 0.0794298 0.000908597 
0.000106061 0.302852 0.107179 0.00032069 0.0878604 0.453459 0.000668581 0.0475552 
0.0235115 0.0370855 0.0866926 0.000216721 0.0920434 0.727231 0.000198072 0.0330214 
0.0107648 0.0785007 0.185204 0.00076885 0.129269 0.355853 0.111589 0.12805 
1.80302e-07 0.268266 0.00881269 0.0171871 0.00259764 0.383787 0.29079 0.0285594 
0.00123238 0.131582 0.133563 5.55583e-07 0.128562 0.467254 0.00284908 0.134956 
0.00702654 0.0700324 0.076053 0.00283958 0.138666 0.563335 0.00525911 0.136788 
6.18669e-05 0.147362 0.0816404 0.000343613 0.0719406 0.663157 0.000159415 0.0353351 
0.000331195 0.237621 0.0925573 9.54653e-05 0.0419366 0.43997 0.0526096 0.134879 
5.61518e-10 4.37182e-06 1.47358e-06 2.80544e-10 1.5084e-06 0.961424 2.1628e-06 0.038566 
1.6722e-05 0.00962278 0.199133 4.06437e-05 0.00422424 0.439882 0.000126205 0.346955 
1.28392e-05 0.0920765 0.0030239 0.000766772 0.0422012 0.728628 0.00848976 0.124801 
8.88848e-05 0.0108592 0.0274204 0.000102272 0.000285871 0.957508 0.00026964 0.0034654 
1.37016e-08 0.0108921 0.0355289 0.000142985 0.00411663 0.944319 6.72352e-12 0.00500085 
4.90437e-07 0.0313541 0.00846496 6.06384e-05 0.00743519 0.807405 7.51294e-05 0.145204 
1.43447e-06 0.00313428 0.0403613 3.54744e-05 0.107796 0.780195 9.46376e-05 0.0683821 
1.08342e-05 0.15051 0.0727919 0.00421298 0.00750877 0.590631 0.00273311 0.171601 
0.07741 0.0532498 0.0944635 2.78872e-05 0.00877234 0.625223 0.000264557 0.140589 
0.000658971 0.243354 0.0369625 0.00100971 0.0145036 0.665229 0.00160369 0.0366782 
0.000109621 0.0307939 0.103118 0.00850953 0.318992 0.41519 0.0106676 0.11262 
7.30328e-06 0.0280345 0.00678954 0.000752235 0.000581034 0.96338 0.000124411 0.000330971 
3.93796e-10 0.00578975 0.0207842 1.16044e-07 0.000254986 0.945149 1.16257e-06 0.0280209 
7.134e-10 0.0381251 0.00123127 6.81437e-07 0.00156062 0.95207 0.00102446 0.00598792 
0.00268934 0.0785417 0.107743 0.000165177 0.0937824 0.57443 0.0119354 0.130712 
0.000172513 0.0501467 0.113614 3.45969e-05 0.0248813 0.517976 0.0103966 0.282778 
5.51408e-08 0.0309323 0.00622336 0.00016941 0.0109404 0.750071 0.00179366 0.199869 
0.00063511 0.0224338 0.104738 0.00128856 0.277439 0.462779 0.00502308 0.125663 
0.00207798 0.147538 0.00902643 2.21541e-05 0.00055384 0.792614 6.73635e-05 0.0481006 
1.16202e-09 0.00922544 0.0102892 0.014263 3.84218e-07 0.958573 0.00672419 0.000924943 
4.52324e-05 0.215611 0.0383238 0.000391473 0.0165559 0.479221 0.0390465 0.210805 
0.000202008 0.0630013 0.277099 0.0488579 0.00650711 0.384793 0.00296505 0.216575 
0.000386283 0.0495458 0.0241732 0.000486325 0.047029 0.698509 0.00189048 0.17798 
5.24053e-06 1.73694e-05 0.0568855 1.0403e-06 0.22741 0.715068 5.45363e-05 0.000557576 
8.76719e-06 0.0494495 0.00604544 2.47046e-05 0.00154131 0.893248 0.00989324 0.0397894 
0.00021155 0.0856365 0.0347149 0.000142875 0.00105515 0.748249 0.0367563 0.0932342 
1.1951e-10 0.00942872 8.73048e-05 7.31442e-08 0.0358457 0.949344 5.31109e-07 0.00529386 
3.68572e-08 0.0108191 0.00224106 0.00235614 0.055734 0.918231 0.000298456 0.0103207 
4.92482e-12 0.00184473 0.0107505 0.000543912 9.30053e-08 0.986858 2.89541e-06 1.51572e-09 
0.000180186 0.132516 0.0879445 5.42445e-05 0.01184 0.573479 0.0389958 0.15499 
0.000186817 0.00124349 0.137662 3.13591e-08 0.286378 0.531525 0.000270805 0.0427348 
8.88848e-05 0.0108592 0.0274204 0.000102272 0.000285871 0.957508 0.00026964 0.0034654 
3.5133e-06 0.195041 0.0179524 0.00340687 0.0375983 0.712944 0.00101172 0.032042 
2.53803e-05 0.308235 0.0516849 0.000420552 0.000965673 0.525269 0.0247221 0.0886781 
0.000363007 0.0500171 0.0415719 0.00238197 0.192243 0.529375 0.0311066 0.152942 
0.000107359 0.259601 0.102476 8.4201e-06 0.00153693 0.578837 0.00267025 0.0547631 
3.68572e-08 0.0108191 0.00224106 0.00235614 0.055734 0.918231 0.000298456 0.0103207 
0.00210916 0.135537 0.000812801 6.05633e-05 0.00182153 0.597249 0.0481882 0.214222 
0.00136746 0.0784894 0.0666071 0.000822743 0.301337 0.427693 0.00283203 0.120851 
0.0211824 0.136314 0.191737 0.0202134 0.120982 0.435203 0.00763906 0.0667289 
0.000727097 0.209603 0.137935 0.00334194 0.0440925 0.46315 0.00791521 0.133235 
3.68572e-08 0.0108191 0.00224106 0.00235614 0.055734 0.918231 0.000298456 0.0103207 
2.92434e-06 0.113784 0.0203994 0.00128786 0.00340113 0.442834 0.289637 0.128653 
1.37016e-08 0.0108921 0.0355289 0.000142985 0.00411663 0.944319 6.72352e-12 0.00500085 
3.5133e-06 0.195041 0.0179524 0.00340687 0.0375983 0.712944 0.00101172 0.032042 
3.95412e-10 0.333842 0.115618 0.00019072 0.0487538 0.493717 4.21188e-07 0.00787802 
2.31819e-05 0.0529396 0.301841 3.64316e-05 0.017038 0.514469 0.0125421 0.101111 
2.94131e-07 0.00317417 0.0091244 2.45391e-05 0.00593757 0.963527 6.44623e-05 0.0181474 
0.0141365 0.0840092 0.0661647 0.00408969 0.199016 0.483735 0.00122482 0.147623 
2.53183e-07 0.0338195 0.051901 2.56063e-05 0.00537682 0.472618 0.000672205 0.435586 
1.57517e-12 0.0520905 0.0490743 0.00218663 0.00142266 0.893853 0.00137274 1.13948e-07 
2.10316e-11 0.110733 0.199626 8.25923e-07 0.0112978 0.672142 1.65288e-11 0.00620036 
5.19416e-05 0.0621602 0.0380961 1.35164e-05 0.0308366 0.578446 1.54117e-05 0.29038 
0.000160447 0.0955761 0.0755092 0.000313511 0.00724739 0.471796 0.0372799 0.312117 
0.00117632 0.113811 0.0941578 0.000728363 0.0213537 0.458855 7.3335e-05 0.309845 
0.0542931 0.135787 0.0357913 0.00297843 0.0389306 0.680504 0.0297056 0.0220103 
3.5133e-06 0.195041 0.0179524 0.00340687 0.0375983 0.712944 0.00101172 0.032042 
4.13807e-07 0.341646 0.0143636 1.96084e-06 0.0138555 0.486445 0.00418705 0.139501 
0.0238663 0.0468629 0.13811 0.00540243 0.0899121 0.517296 0.00362699 0.174923 
0.000268975 0.0192867 0.0465005 4.20271e-08 0.0108908 0.640451 0.0335462 0.249055 
6.42317e-06 0.218711 0.0478167 0.00367814 0.0602287 0.616116 0.0029966 0.0504461 
0.0027253 0.166377 0.00855229 0.000215093 0.00591418 0.275305 0.273104 0.267806 
0.0175617 0.0796882 0.0985229 0.00135132 0.31996 0.417515 0.000698357 0.0647032 
2.25976e-09 0.194081 1.96783e-05 4.17848e-06 6.01144e-06 0.509198 0.296621 7.0669e-05 
5.78758e-09 0.0619897 0.258774 0.00321988 0.0934319 0.428597 0.000577828 0.153411 
0.000677284 0.0339337 0.0878787 0.00597662 0.184263 0.591842 7.19187e-05 0.095357 
4.4969e-12 0.0362071 0.0284359 0.00159418 0.000948504 0.930986 0.00138628 0.000441577 
2.21832e-05 0.00330188 0.0668548 1.09526e-06 0.0293128 0.877648 0.000914278 0.0219449 
2.30378e-07 0.0348905 0.167358 0.00113843 0.0095387 0.49205 0.00163847 0.293386 
0.00199954 0.0246653 0.0562018 0.00537177 0.0270497 0.822728 0.00200417 0.05998 
0.000158168 0.147735 0.0401933 0.0879827 0.0211311 0.605914 0.00117567 0.0957109 
1.60188e-06 0.00667824 0.0595221 1.7732e-05 0.0347074 0.851676 1.6627e-06 0.0473949 
2.00088e-05 0.11244 0.0564732 0.000105312 0.000893486 0.462484 0.164341 0.203243 
0.00231483 0.047329 0.165193 0.00600832 0.0282466 0.389878 0.0137948 0.347235 
0.00141773 0.033353 0.354687 0.00478175 0.00309297 0.442131 0.000209453 0.160326 
6.77267e-06 0.0193135 0.199496 0.000125936 0.202532 0.459 0.00210234 0.117424 
0.00109804 0.245893 0.0188089 0.000366135 0.0166967 0.457142 0.0553349 0.20466 
0.00228396 0.0768646 0.00414179 0.00183206 0.065905 0.527692 0.19503 0.126251 
8.78589e-06 0.133689 0.00104042 8.03467e-05 0.0112331 0.391327 0.330035 0.132586 
2.2759e-05 0.0207422 0.01888 7.48153e-05 0.232554 0.376882 0.00527529 0.345568 
0.0376369 0.233264 0.0678419 4.38488e-05 0.151064 0.395515 0.00178033 0.112854 
0.00713809 0.191332 0.203572 0.000102775 0.039638 0.277676 0.0274063 0.253135 
0.00344411 0.2356 0.0767166 0.016035 0.00892489 0.594869 0.000621918 0.0637882 
0.00132189 0.0373421 0.0565375 0.000230489 0.0455168 0.618157 0.024888 0.216006 
0.000168554 0.0353867 0.108847 0.000156151 0.0031098 0.65568 0.00459216 0.19206 
2.51662e-05 0.232123 0.0234658 0.000943103 0.0114426 0.488026 0.179694 0.0642798 
1.2782e-05 0.0141405 0.236594 8.73217e-05 0.00038052 0.501065 0.00031191 0.247408 
8.84346e-06 0.0589314 0.0306246 0.000875446 0.0139955 0.890702 0.000129896 0.00473242 
0.0894513 0.153427 0.0366927 0.00149276 0.0283149 0.283146 0.270981 0.136494 
1.98086e-06 0.00745319 0.18917 9.01502e-06 0.00903916 0.78346 4.39203e-06 0.0108623 
0.00252914 0.156991 0.216723 0.000924609 0.00716741 0.434195 0.0182922 0.163178 
0.0204288 0.139141 0.254438 0.000129787 5.3409e-06 0.514455 0.000409472 0.0709925 
0.000479852 0.0236861 0.113893 9.09407e-05 0.155036 0.580925 0.000681608 0.125208 
5.82517e-05 0.129476 0.0147215 0.00115543 0.0333508 0.477602 0.191339 0.152297 
0.00647452 0.247864 0.0498191 0.000314722 0.0459547 0.332273 0.146153 0.171147 
0.000106061 0.302852 0.107179 0.00032069 0.0878604 0.453459 0.000668581 0.0475552 
4.07454e-08 0.0810387 0.0704272 0.00048594 0.000170757 0.596446 0.0215516 0.22988 
0.000951752 0.0972774 0.0168613 6.60043e-07 0.302787 0.521974 0.00891631 0.0512318 
0.0944382 0.160603 0.0734569 0.000447858 0.0320846 0.40466 0.0325673 0.201742 
0.000322418 0.138695 0.138757 4.90176e-06 0.00466777 0.399702 0.131538 0.186313 
0.00103532 0.347402 0.0152713 0.000346941 0.0129565 0.445721 0.0376433 0.139624 
3.68572e-08 0.0108191 0.00224106 0.00235614 0.055734 0.918231 0.000298456 0.0103207 
0.00324093 0.0458038 0.019712 0.00356048 0.345046 0.505678 0.00874631 0.0682117 
0.00123387 0.080417 0.0265274 0.00014987 0.0234338 0.5455 0.0260009 0.296737 
0.00257195 0.207532 0.0827758 0.000121389 0.0167423 0.432506 0.127417 0.130334 
9.94646e-06 0.192789 0.00227657 0.00891492 0.00659412 0.780985 0.00187177 0.00655819 
0.000540353 0.00717299 0.0458112 9.12478e-06 0.0767101 0.861743 0.000101776 0.00791117 
0.0111325 0.034068 0.0246055 0.00112916 0.0473274 0.73039 0.0918303 0.0595174 
1.16202e-09 0.00922544 0.0102892 0.014263 3.84218e-07 0.958573 0.00672419 0.000924943 
4.01803e-05 0.361466 0.0183466 0.00216794 0.0334594 0.518069 0.00015923 0.0662917 
4.38766e-08 0.000226189 0.000390806 2.17225e-08 0.156536 0.838652 9.31418e-06 0.0041862 
0.000387203 0.0861418 0.0425311 0.00143167 0.208045 0.368182 0.0116049 0.281676 
0.0165227 0.0598586 0.108967 0.0181926 0.250295 0.435332 0.000333362 0.1105 
0.000231209 0.116262 0.116016 0.0642326 0.0058871 0.547134 0.00871677 0.14152 
2.82398e-05 0.0882433 0.0487671 0.000168641 0.0431498 0.793379 0.00569449 0.0205696 
7.82096e-09 0.00712245 0.00513855 1.79348e-05 0.00769014 0.935024 0.00591255 0.039094 
1.53083e-05 0.0415088 0.167783 0.000252076 0.0127029 0.641168 0.00243989 0.13413 
0.0388293 0.303206 0.0725492 0.00147395 0.0370225 0.328503 0.0257927 0.192624 
7.21298e-13 0.00105151 0.00589102 1.60118e-05 0.367502 0.605538 0.000165567 0.019836 
0.00126722 0.059972 0.0145152 4.36994e-05 0.0432794 0.735138 3.39008e-05 0.145751 
0.00154917 0.285668 0.0726044 0.0044473 0.0436942 0.31957 0.024318 0.248149 
0.00503625 0.0441597 0.0747656 0.000930359 0.188536 0.569027 0.00590972 0.111636 
1.19438e-10 0.0194086 0.0153926 0.000252384 0.047718 0.500936 0.230071 0.186222 
0.000658971 0.243354 0.0369625 0.00100971 0.0145036 0.665229 0.00160369 0.0366782 
0.000658971 0.243354 0.0369625 0.00100971 0.0145036 0.665229 0.00160369 0.0366782 
3.21252e-06 0.0806686 0.0122188 0.0029638 0.0160468 0.883385 0.000377403 0.0043359 
0.0109803 0.129931 0.0723623 8.50521e-05 0.00297415 0.447823 0.141284 0.19456 
6.02854e-07 0.0117199 0.00822748 0.000296677 0.000541864 0.951519 0.000554685 0.0271397 
0.00241785 0.199335 0.0316376 0.000458658 0.0308605 0.478696 0.0480487 0.208546 
0.000106061 0.302852 0.107179 0.00032069 0.0878604 0.453459 0.000668581 0.0475552 
0.00721791 0.0678866 0.0368805 0.000254105 0.072123 0.41469 0.0753075 0.32564 
0.000199445 0.00157893 0.295481 3.65472e-08 0.209536 0.346126 3.62275e-05 0.147043 
3.21252e-06 0.0806686 0.0122188 0.0029638 0.0160468 0.883385 0.000377403 0.0043359 
0.00038981 0.0497806 0.0215235 4.08114e-05 0.000796165 0.904487 0.00642504 0.0165567 
2.87907e-05 0.240407 0.0537334 0.000190116 0.00326501 0.56764 0.0348987 0.0998367 
3.21252e-06 0.0806686 0.0122188 0.0029638 0.0160468 0.883385 0.000377403 0.0043359 
5.87364e-06 0.0723889 0.00565237 0.000125233 0.024277 0.874001 0.00131333 0.022236 
6.42317e-06 0.218711 0.0478167 0.00367814 0.0602287 0.616116 0.0029966 0.0504461 
0.000273196 0.0395432 0.0732267 0.000700928 0.00501326 0.774736 0.00942797 0.0970784 
6.14566e-12 0.0164307 0.0151951 0.000385421 1.50032e-07 0.967928 4.57473e-09 6.01768e-05 
6.18669e-05 0.147362 0.0816404 0.000343613 0.0719406 0.663157 0.000159415 0.0353351 
6.20027e-05 0.0569916 0.210079 4.01255e-05 0.121108 0.332683 0.0338375 0.245199 
0.00738477 0.0999198 0.00683957 0.000857234 0.0544826 0.729053 0.00127053 0.100192 
1.30106e-05 0.199254 0.038408 0.00188642 0.0773663 0.38493 0.0452936 0.252849 
0.113166 0.301724 0.00273009 0.0243145 0.00614028 0.469655 0.0059751 0.0762954 
7.75922e-09 0.392286 6.51079e-05 3.87664e-09 4.47269e-05 0.486456 0.000197837 0.12095 
5.25905e-05 0.106138 0.0702311 3.80342e-05 0.0135006 0.499357 0.00361814 0.307064 
0.0146578 0.0197401 0.0603586 0.0002307 0.217265 0.600257 0.00148439 0.0860064 
4.78702e-09 0.0288458 0.0935762 4.5126e-05 0.000576771 0.720449 1.68182e-07 0.156507 
8.88848e-05 0.0108592 0.0274204 0.000102272 0.000285871 0.957508 0.00026964 0.0034654 
5.19416e-05 0.0621602 0.0380961 1.35164e-05 0.0308366 0.578446 1.54117e-05 0.29038 
2.55946e-05 0.0250428 0.0185725 3.72e-06 0.368442 0.411533 9.25752e-05 0.176288 
6.42317e-06 0.218711 0.0478167 0.00367814 0.0602287 0.616116 0.0029966 0.0504461 
0.00052995 0.00605571 0.018381 3.90221e-07 0.00292199 0.699238 4.61359e-10 0.272873 
1.64929e-05 0.014148 0.0179522 0.415949 9.16752e-06 0.481145 0.00048652 0.0702939 
2.26674e-07 0.104492 0.014933 0.0110151 0.0655162 0.454205 0.103622 0.246216 
0.000489029 0.0133399 0.0331111 0.00166642 0.373827 0.508046 0.000198642 0.0693222 
0.00291362 0.137593 0.0592274 0.000667512 0.0244024 0.517925 0.0101808 0.247091 
0.00012868 0.0451076 0.0505445 0.000811395 0.109808 0.381473 0.130657 0.28147 
1.00976e-10 0.00634886 0.163877 9.36648e-06 0.0115485 0.811168 0.00148782 0.00555997 
0.00642683 0.0508217 0.0737551 0.00055311 0.11459 0.577793 0.00872722 0.167333 
2.77105e-08 0.00190678 0.0192355 0.000439786 1.32499e-07 0.978359 2.25202e-06 5.68583e-05 
0.00337408 0.0398327 0.000382781 6.37773e-06 7.04527e-05 0.475919 0.442252 0.0381625 
0.00236331 0.035158 0.00633079 9.29849e-05 0.178933 0.740777 0.000275369 0.0360688 
0.00111744 0.0456302 0.144631 0.0025515 0.104072 0.551674 0.00113054 0.149193 
0.00045976 0.0865965 0.0214059 4.77773e-05 0.0537027 0.574729 0.169951 0.0931078 
0.000106061 0.302852 0.107179 0.00032069 0.0878604 0.453459 0.000668581 0.0475552 
7.41772e-10 0.0774394 0.0497095 7.78122e-09 0.0318132 0.749371 0.000475931 0.0911907 
9.75299e-05 0.206563 0.0272387 0.000758599 0.0387029 0.563688 0.000160696 0.16279 
0.000179694 0.228519 0.0426065 4.61825e-05 0.00196864 0.622655 0.00572786 0.0982969 
0.00463641 0.104374 0.335081 0.000184162 0.0157169 0.373932 0.0352744 0.130801 
3.21252e-06 0.0806686 0.0122188 0.0029638 0.0160468 0.883385 0.000377403 0.0043359 
0.00469397 0.124411 0.0400832 0.000342887 0.0643161 0.621374 0.0411953 0.103583 
0.000848479 0.148616 0.0518457 8.27161e-05 0.0166989 0.613055 0.00633575 0.162518 
0.00167442 0.0293778 0.0296909 1.7626e-05 0.162309 0.550439 0.00137305 0.225119 
5.18335e-05 0.0806975 0.0596149 1.18132e-05 0.000410472 0.768029 0.0010145 0.0901699 
1.34481e-06 0.0566382 0.00250476 5.79053e-05 6.14976e-08 0.465421 0.362421 0.112956 
0.00195089 0.212594 0.0175357 9.90688e-05 0.117665 0.312915 0.115082 0.222159 
0.000540353 0.00717299 0.0458112 9.12478e-06 0.0767101 0.861743 0.000101776 0.00791117 
6.5443e-05 0.235834 0.045083 0.000686085 0.00183834 0.620236 0.00239242 0.0938645 
2.49685e-06 0.157028 0.00874099 0.000426359 0.0563505 0.645753 0.000466862 0.131231 
5.19416e-05 0.0621602 0.0380961 1.35164e-05 0.0308366 0.578446 1.54117e-05 0.29038 
1.55334e-05 0.374603 0.0197986 0.102998 0.0279933 0.473976 0.000615313 4.14748e-10 
0.000453209 0.0471732 0.000910573 0.000193599 0.00191735 0.886379 0.0102319 0.0527409 
0.0112549 0.0342118 0.0731941 7.93777e-05 0.200927 0.638337 0.00591982 0.0360759 
0.000177668 0.0173032 0.0157939 1.47763e-05 0.0244028 0.90119 0.000201246 0.0409167 
8.88848e-05 0.0108592 0.0274204 0.000102272 0.000285871 0.957508 0.00026964 0.0034654 
9.84721e-06 0.187096 0.0434188 0.00122078 0.018091 0.737512 0.0017907 0.0108613 
1.57517e-12 0.0520905 0.0490743 0.00218663 0.00142266 0.893853 0.00137274 1.13948e-07 
0.00701355 0.0265012 0.0545922 3.93097e-05 0.0125279 0.45736 0.0153189 0.426646 
8.77772e-06 0.00784809 0.00470461 1.49789e-08 0.150805 0.836401 2.45044e-10 0.000232011 
9.95555e-05 0.0190155 0.250547 0.00283284 0.0149711 0.45785 0.00125763 0.253426 
0.00539473 0.140372 0.00268627 4.63583e-05 0.00183203 0.676008 0.0371012 0.13656 
8.88848e-05 0.0108592 0.0274204 0.000102272 0.000285871 0.957508 0.00026964 0.0034654 
5.19416e-05 0.0621602 0.0380961 1.35164e-05 0.0308366 0.578446 1.54117e-05 0.29038 
0.000124246 0.0194727 0.0251975 0.000252369 0.306097 0.599016 0.000816933 0.0490235 
2.94131e-07 0.00317417 0.0091244 2.45391e-05 0.00593757 0.963527 6.44623e-05 0.0181474 
8.88848e-05 0.0108592 0.0274204 0.000102272 0.000285871 0.957508 0.00026964 0.0034654 
0.00408702 0.244981 0.0360392 0.0068266 0.0702501 0.527543 0.00253711 0.107736 
1.57517e-12 0.0520905 0.0490743 0.00218663 0.00142266 0.893853 0.00137274 1.13948e-07 
0.0420768 0.0960038 0.0927587 0.00040673 0.165714 0.416235 0.00207479 0.184731 
9.98305e-06 0.06921 0.0964139 3.34059e-05 0.203281 0.537162 0.00656076 0.0873285 
0.000335436 0.00679046 0.0120459 5.22862e-05 0.0126333 0.909416 9.76385e-05 0.0586294 
4.92482e-12 0.00184473 0.0107505 0.000543912 9.30053e-08 0.986858 2.89541e-06 1.51572e-09 
0.000106061 0.302852 0.107179 0.00032069 0.0878604 0.453459 0.000668581 0.0475552 
2.43901e-06 0.0637986 0.00702064 1.64226e-06 0.000436252 0.897711 0.0118688 0.0191604 
0.00265943 0.199578 0.0704294 0.000190106 0.0187002 0.643352 0.000500869 0.0645896 
0.000623391 0.0393069 0.0705586 0.000573104 0.0444676 0.742012 0.0425504 0.0599081 
3.21611e-06 0.00956242 0.0671291 0.000185429 0.217041 0.365989 0.000845956 0.339243 
5.19416e-05 0.0621602 0.0380961 1.35164e-05 0.0308366 0.578446 1.54117e-05 0.29038 
0.00339207 0.0374962 0.0555129 0.000359759 0.267555 0.360272 0.0140501 0.261361 
4.46456e-05 0.071778 0.00825401 1.06185e-07 0.0506942 0.839219 0.00879101 0.0212186 
1.8773e-07 0.190822 0.0534359 0.000217624 0.0911136 0.544275 0.004144 0.115992 
9.57897e-07 0.0400842 0.0133274 7.7613e-05 0.0586434 0.760197 1.4194e-08 0.127669 
0.0109323 0.201442 0.0427911 0.000192238 0.012481 0.522863 0.0555086 0.153789 
1.08124e-10 0.173882 0.10334 0.000688084 0.000623045 0.705558 3.04211e-05 0.0158774 
0.00791189 0.0610407 0.0715697 0.00339914 0.198226 0.541804 0.00844792 0.107601 
0.00154587 0.0783456 0.0632931 0.00025337 0.0723136 0.640507 0.00378393 0.139958 
0.00170076 0.219653 0.00325788 0.00334104 0.0269321 0.703125 0.000196112 0.0417942 
0.00177854 0.0270164 0.0250886 8.28253e-05 0.0640589 0.732018 0.0283197 0.121637 
1.04457e-05 0.0285811 0.183266 9.29161e-05 0.0255054 0.750377 1.17833e-05 0.0121553 
9.15631e-10 0.000824111 0.0198336 6.64238e-07 0.00537244 0.716093 7.14332e-07 0.257875 
0.0132153 0.0519706 0.0978187 0.000465625 0.346053 0.386173 0.00372819 0.100575 
0.0247029 0.0682904 0.000541123 0.000195217 0.0507599 0.658654 0.0869396 0.109917 
0.000929225 0.0293707 0.0179005 7.14862e-05 0.129679 0.762595 4.32395e-06 0.0594498 
2.94131e-07 0.00317417 0.0091244 2.45391e-05 0.00593757 0.963527 6.44623e-05 0.0181474 
0.0107124 0.0232554 0.0552831 0.0022874 0.0916871 0.787896 0.000142376 0.028736 
3.97051e-06 0.201169 9.73775e-06 1.83662e-10 3.38408e-06 0.494994 0.0191964 0.284624 
8.88848e-05 0.0108592 0.0274204 0.000102272 0.000285871 0.957508 0.00026964 0.0034654 
2.38912e-05 0.00304963 0.326755 5.14713e-06 0.100283 0.543941 5.1544e-07 0.0259418 
0.010033 0.171754 0.254083 0.00399015 0.0672554 0.400023 0.00310411 0.089757 
0.000442038 0.28247 0.0351618 0.00073186 0.10715 0.332864 0.0663475 0.174833 
0.000409952 0.0124872 0.0530846 0.000599174 0.0111525 0.785345 0.0391022 0.0978197 
0.0115215 0.0690613 0.0366885 0.000452052 0.00702107 0.612584 0.069133 0.193538 
1.87034e-12 0.002661 0.0123071 0.000523427 9.40298e-08 0.984508 2.62887e-09 1.5486e-13 
3.56484e-06 0.0227973 0.00209287 5.96832e-05 0.00326418 0.525641 0.0180931 0.428048 
0.175566 0.0337663 0.0814477 0.000288786 0.00252459 0.401096 0.00172804 0.303583 
0.000247994 0.0659576 0.00901516 0.000196291 0.0017762 0.839864 0.0243728 0.0585703 
0.000231209 0.116262 0.116016 0.0642326 0.0058871 0.547134 0.00871677 0.14152 
0.00513054 0.0200254 0.0834659 0.00100691 0.277583 0.519595 0.0217685 0.0714242 
3.65533e-05 0.180496 0.0698012 0.00171937 0.0602013 0.645141 0.00130545 0.0412987 
0.014778 0.0870173 0.0369347 0.00281694 0.0758336 0.385125 0.335488 0.062006 
2.80306e-09 0.00785067 0.0154305 1.42346e-05 0.213129 0.710964 1.98187e-07 0.0526115 
0.000908115 0.0786946 0.0134212 0.000126263 0.00295318 0.879907 5.99674e-06 0.0239838 
0.00366408 0.0255435 0.0595394 0.000107943 0.347431 0.373249 0.000537568 0.189927 
0.0316479 0.0793609 0.0561373 0.00130303 0.0619078 0.61065 0.0731917 0.0858013 
1.87034e-12 0.002661 0.0123071 0.000523427 9.40298e-08 0.984508 2.62887e-09 1.5486e-13 
5.77514e-05 0.0361065 0.049192 0.000104636 0.0464636 0.811729 0.0196914 0.0366549 
0.00282584 0.082528 0.0410827 2.03889e-05 0.0161508 0.796001 0.0152468 0.046144 
0.00161936 0.0866315 0.00901703 0.00880635 0.0979299 0.465786 0.0099655 0.320244 
0.00185411 0.0686646 0.0435179 0.00028571 0.179635 0.467386 0.00058905 0.238068 
0.00304503 0.0232618 0.0819583 0.00117371 0.11807 0.632006 0.0442636 0.0962219 
4.97628e-05 0.0352414 0.00777736 2.75274e-05 0.0335421 0.627812 0.0184525 0.277098 
5.19416e-05 0.0621602 0.0380961 1.35164e-05 0.0308366 0.578446 1.54117e-05 0.29038 
4.01803e-05 0.361466 0.0183466 0.00216794 0.0334594 0.518069 0.00015923 0.0662917 
0.00315323 0.0169967 0.0631225 0.00389203 0.36125 0.469905 0.00135618 0.0803244 
3.07385e-08 0.075271 0.146124 0.0023229 0.000948768 0.759277 0.000915859 0.0151409 
4.04604e-07 0.0056323 0.0165122 3.34849e-05 0.239907 0.719625 0.00120977 0.0170802 
1.2076e-06 0.186879 0.00371423 0.000855411 0.0238506 0.574853 0.0759738 0.133873 
0.000169046 0.111245 0.288237 2.58844e-05 0.000628931 0.515041 4.30911e-05 0.0846096 
1.16202e-09 0.00922544 0.0102892 0.014263 3.84218e-07 0.958573 0.00672419 0.000924943 
8.77772e-06 0.00784809 0.00470461 1.49789e-08 0.150805 0.836401 2.45044e-10 0.000232011 
7.31038e-05 0.125641 0.0465879 0.00042935 0.0213065 0.706716 0.00418291 0.095063 
4.42007e-05 0.070591 0.00869004 0.00118688 0.00183571 0.910471 0.00109494 0.00608607 
2.84181e-06 4.71374e-05 0.0316863 2.53344e-05 0.0119679 0.933161 0.000775689 0.0223336 
0.000779595 0.000579256 0.039559 0.0019608 0.459976 0.492029 0.000258524 0.00485807 
0.000516063 0.0766249 0.00445653 0.000609213 0.00395155 0.655564 0.0095822 0.248696 
0.00090511 0.0846743 0.259455 0.000811661 0.0050266 0.309829 0.0340102 0.305288 
0.0137727 0.0923688 0.0495275 0.0119611 0.0872405 0.678251 0.00133402 0.0655444 
9.77217e-08 0.0316468 0.00114638 0.000913016 1.94835e-05 0.495155 0.470051 0.00106787 
0.000169787 0.334976 0.000359296 0.00233 0.0182308 0.414634 0.0755843 0.153716 
2.02917e-05 0.0131697 0.00560856 0.000288358 8.50572e-05 0.979619 0.000287254 0.00092192 
0.000307543 0.126332 0.0117695 0.00230378 0.000638352 0.562973 0.0140795 0.281596 
0.0742122 0.0723472 0.0771621 0.00101449 0.0945398 0.573014 0.00333094 0.104379 
6.73965e-06 0.0411389 0.0102983 0.000316721 0.00252047 0.943638 3.6852e-05 0.00204392 
0.00250917 0.238815 0.181808 0.00049923 0.00180204 0.298136 0.0083924 0.268038 
1.53497e-05 2.34325e-06 2.00399e-06 7.66899e-06 0.0370725 0.962887 1.20633e-05 1.27092e-06 
0.435885 0.0234574 0.0107844 3.16364e-05 0.0511411 0.474752 4.32972e-05 0.0039055 
0.00304348 0.097451 0.212486 0.000101792 0.0116616 0.357263 0.090861 0.227133 
0.00056517 0.0101583 0.0254379 3.6925e-07 0.0844449 0.821001 0.0287982 0.0295944 
0.000271946 0.11862 0.156623 0.00551648 0.00573566 0.436337 0.0341172 0.242779 
1.18551e-05 0.247306 0.138674 0.0364211 0.0105353 0.551324 0.00195326 0.0137741 
2.02917e-05 0.0131697 0.00560856 0.000288358 8.50572e-05 0.979619 0.000287254 0.00092192 
0.00345654 0.0922584 0.0519827 0.000924098 0.0755799 0.660318 0.00984477 0.105635 
5.35116e-06 0.0428449 0.25172 4.48961e-05 0.026697 0.544865 0.000305195 0.133517 
2.2614e-05 0.0328256 0.0925929 0.000769881 0.307921 0.46375 0.000367468 0.101751 
4.46739e-05 0.00924314 0.0588293 0.000148318 0.320033 0.573807 0.00109512 0.0368002 
6.42317e-06 0.218711 0.0478167 0.00367814 0.0602287 0.616116 0.0029966 0.0504461 
7.17504e-06 0.138327 0.0254071 0.00380437 0.0373292 0.772914 0.00153475 0.0206763 
3.47115e-06 0.00621373 0.0022175 2.20655e-06 0.00113834 0.935355 0.0121037 0.0429664 
0.0203312 0.111895 0.00609178 0.00157089 0.182727 0.532368 0.0298947 0.115122 
0.00446525 0.135074 0.0898729 0.00195637 0.0123471 0.501737 0.00362155 0.250926 
