0.0105038 0.0959695 0.0257993 0.000230399 0.00603192 0.163836 0.0478786 0.64975 
1.00147e-05 0.03196 0.00831117 4.24631e-06 0.00197615 0.0549021 3.22099e-05 0.902804 
5.43174e-06 0.0836449 0.216564 0.000483163 0.00198529 0.0357729 0.0215664 0.639978 
1.94942e-08 0.0169984 0.0660949 0.000419619 0.00116116 0.0363863 0.000814331 0.878125 
3.37171e-07 0.106544 0.00778247 0.000173444 0.000642039 0.0295758 0.110959 0.744323 
1.77598e-08 0.124194 0.142014 0.000442227 0.00304443 0.0305907 0.0296413 0.670074 
0.000494428 0.128154 0.145668 0.0915837 0.0453099 0.106157 0.000196379 0.482436 
0.0015828 0.0643695 0.183862 0.0540833 0.0271889 0.0772816 0.00099157 0.590641 
0.00159477 0.0816252 0.176724 0.000166989 0.00327099 0.0508218 0.0275058 0.658291 
0.00327382 0.246563 0.175012 0.00160604 0.017093 0.0366334 0.000403588 0.519416 
0.00746928 0.0367807 0.237443 2.52889e-05 0.0310481 0.250874 5.51172e-09 0.43636 
0.0259768 0.0876837 0.237879 0.000336406 0.00267434 0.0527094 0.139581 0.453159 
0.000586933 0.153954 0.0689824 0.000627292 0.000516622 0.0349366 0.058672 0.681724 
0.00589217 0.184226 0.276587 4.9732e-05 0.0292331 0.0649133 0.000162937 0.438936 
8.55963e-08 0.261337 0.0381851 6.40182e-06 0.000260034 0.0156648 0.0270816 0.657465 
0.00057657 0.188587 0.23755 0.000238729 0.0202663 0.112817 0.00900532 0.43096 
6.09242e-08 0.367745 0.137295 3.94989e-06 4.23567e-06 0.00814656 1.1335e-07 0.486805 
2.70895e-05 0.25053 0.14904 4.65716e-05 0.000683814 0.00363919 0.0173367 0.578697 
0.00182566 0.078281 0.0904581 0.0019683 0.037059 0.0619015 0.00600764 0.722499 
0.0472981 0.0029648 0.31245 0.00011287 0.175472 0.121435 0.00182671 0.338441 
0.000742858 0.0364934 0.144187 0.0238564 0.0300022 0.101883 0.000346159 0.66249 
0.00113711 0.201105 0.153531 0.00125201 0.0447526 0.277352 0.0122383 0.308632 
0.000624051 0.102705 0.0058063 0.000379029 0.00685326 0.163896 0.321896 0.397841 
0.00300126 0.194198 0.0571596 0.00106781 0.0436449 0.274107 0.0935591 0.333262 
0.00991585 0.0648077 0.149375 0.000159112 0.0121263 0.125321 0.000185064 0.63811 
0.00014837 0.0843871 0.310264 0.000203735 0.0368606 0.10827 0.00230327 0.457563 
7.36915e-13 0.0703894 0.363667 0.000218491 0.00122911 0.00151741 4.1704e-09 0.562978 
5.67454e-05 0.0105891 0.278431 0.000149083 0.00460107 0.0525341 2.37829e-05 0.653615 
0.000206926 0.0290643 0.0323718 1.7311e-06 0.00115909 0.0529672 0.00944717 0.874782 
0.00328237 0.171471 0.248268 7.37729e-06 0.00139215 0.0256425 5.2431e-05 0.549884 
2.78436e-06 0.00566284 0.0484626 8.34487e-06 0.00653817 0.159508 1.77267e-05 0.779799 
0.00220209 0.0483686 0.392147 0.00301975 0.0327168 0.107682 0.00190969 0.411953 
0.0112954 0.227633 0.0174122 0.0112005 0.0853379 0.186108 0.0635237 0.39749 
0.0114926 0.178057 0.1958 0.00218982 0.0161809 0.124159 0.0555645 0.416556 
0.00123462 0.0293324 0.0237615 0.000105385 0.00310863 0.0386296 0.00315584 0.900672 
0.000819222 0.0740524 0.310311 0.000227463 0.0550468 0.0733916 0.00414286 0.482009 
0.00102402 0.0183982 0.405824 9.19391e-05 0.0127999 0.0406352 1.1203e-06 0.521226 
0.00206407 0.14653 0.224312 0.00253627 0.0218391 0.181187 0.0149177 0.406614 
0.00473905 0.0509375 0.20699 5.5982e-05 0.000110643 0.0106459 0.0210341 0.705487 
2.57548e-06 0.0724241 0.00303078 8.72785e-05 0.00464303 0.0769352 0.000870123 0.842007 
2.6307e-05 0.269613 0.142546 0.000617937 0.00292598 0.22416 0.0555335 0.304578 
0.00520707 0.344039 0.120018 0.0036692 0.020627 0.0626087 0.000243564 0.443587 
0.0329163 0.127917 0.124765 0.00730867 0.00215457 0.0681058 0.00355302 0.633279 
0.0109034 0.203338 0.203125 0.000445128 0.0256093 0.0239701 0.00399054 0.528618 
0.0111909 0.265019 0.0332168 0.000212392 0.0152525 0.0378684 0.00569895 0.631541 
9.88377e-05 0.183518 0.0127278 0.0049436 0.00702549 0.275338 0.0122064 0.504142 
0.00605162 0.253892 0.211612 7.07142e-05 0.00694465 0.0462154 0.000117141 0.475096 
7.54126e-08 0.226712 0.0495877 0.0104005 0.000220396 0.0157312 3.42086e-05 0.697314 
0.000211091 0.150665 0.331017 0.00355345 0.0310843 0.0984963 0.0185557 0.366417 
0.000345165 0.226926 0.0503791 0.000145648 0.00954965 0.120056 0.00372638 0.588872 
0.0109543 0.129446 0.0501481 2.48565e-05 0.108215 0.224163 0.00511245 0.471936 
0.00896425 0.0446717 0.0172699 0.000516512 0.0370127 0.0334189 0.00121564 0.85693 
0.00111627 0.0967956 0.330297 0.0007529 0.00720285 0.221391 0.000175093 0.342269 
0.00381969 0.181988 0.202352 0.0371412 0.0133281 0.0242123 0.00884383 0.528315 
0.011652 0.144032 0.0186237 0.000779899 0.100009 0.207013 0.137215 0.380676 
9.02809e-05 0.0814036 0.0210938 9.56843e-05 0.00747824 0.101616 0.000376863 0.787846 
0.00144438 0.0874142 0.227885 0.0173834 0.0125109 0.109305 0.0821757 0.461881 
0.00326174 0.23525 0.00958101 0.000424388 0.00064511 0.0968936 0.0130623 0.640882 
5.37441e-05 0.0945622 0.0266438 0.000177761 0.00658199 0.188835 0.0765443 0.606601 
4.23069e-12 0.0274315 0.35996 0.00458509 0.0138221 0.0098713 0.00349232 0.580838 
1.74172e-09 0.0434019 0.0221273 0.0001704 0.0212077 0.0757838 0.00235189 0.834957 
0.000736463 0.174934 0.117728 0.0256206 0.000694466 0.152261 0.0519603 0.476066 
0.000122251 0.223155 0.129192 4.71943e-05 0.0132971 0.0306438 0.00467415 0.598869 
0.00649716 0.163474 0.231454 0.00628257 0.0477845 0.0998334 0.0172366 0.427438 
0.00144931 0.0281064 0.375795 0.000160283 0.00958548 0.0387344 0.00228405 0.543885 
0.000702785 0.0133035 0.0512466 1.59296e-05 0.105541 0.305337 0.0141673 0.509686 
0.00508354 0.069082 0.129359 0.00610361 0.0190473 0.0359886 0.00244217 0.732894 
0.0446649 0.101221 0.24504 0.00982207 0.0227605 0.0537512 0.00235132 0.520389 
1.36689e-06 0.039082 0.224208 7.2435e-05 0.0105924 0.0295388 3.75824e-07 0.696505 
0.000980904 0.0731598 0.0371369 3.0184e-05 0.0309561 0.272847 0.0640041 0.520885 
0.000631249 0.133579 0.152603 0.000108631 0.00574783 0.0128268 0.000151507 0.694351 
6.84033e-11 0.00401789 0.159029 3.41755e-11 0.000234923 0.341388 8.4055e-06 0.495322 
0.00563377 0.129972 0.0668181 0.000135584 0.0269018 0.0579335 0.000294103 0.712311 
0.00521539 0.102474 0.0997905 0.00015865 0.0194823 0.0595131 0.000866344 0.7125 
0.000980651 0.0400856 0.302988 7.49356e-05 0.000562593 0.062026 0.00162351 0.591658 
0.0315327 0.00910211 0.369207 7.52652e-05 0.116982 0.100624 0.0012179 0.37126 
5.80187e-08 0.013193 0.0770009 3.96605e-05 0.0500453 0.0998319 1.24827e-05 0.759877 
4.31196e-05 0.000646669 0.000126952 7.24738e-05 0.000587176 0.000327784 0.000180893 0.998015 
0.000418279 0.118907 0.147022 0.00201781 0.0326754 0.123986 0.00364146 0.571333 
0.0072572 0.216547 0.1303 0.000392178 0.0158949 0.0752345 0.0270207 0.527354 
1.65646e-05 0.162518 0.0901644 0.00867156 0.0326149 0.163486 0.0436456 0.498883 
2.91218e-08 0.00956655 0.38193 0.00336886 0.0313285 0.0536697 0.000839949 0.519296 
0.00883717 0.286485 0.0457993 0.00706095 0.0137232 0.0737985 0.143051 0.421245 
1.36602e-07 0.220597 0.128256 0.0140327 0.0127498 0.235276 0.10469 0.284399 
2.77587e-06 0.0329812 0.0790486 7.35819e-05 0.000375415 0.0244067 0.0114483 0.851664 
0.00228082 0.115894 0.174137 0.00390278 0.0181204 0.0549396 0.00645332 0.624273 
7.81658e-06 0.0149357 0.222607 5.7207e-05 0.000699001 0.0284627 0.000675891 0.732555 
0.000179966 0.0381195 0.166219 0.000177724 0.00719879 0.0331545 0.000664343 0.754287 
0.00188731 0.0299236 0.14401 3.90399e-05 0.00229606 0.0342257 0.00131026 0.786308 
3.11685e-06 0.0235665 0.122184 3.29898e-05 0.00789732 0.00212148 0.000705903 0.843488 
0.00202094 0.081612 0.0265399 6.81306e-05 0.0139205 0.0764773 0.00193839 0.797423 
0.293788 0.0688425 0.0173466 0.000304732 0.209909 0.0905231 0.00179895 0.317488 
0.00168128 0.243678 0.0580924 0.0160697 0.0107306 0.0295689 0.00644501 0.633734 
1.082e-05 0.00835631 0.0831192 0.000504824 0.039638 0.0336919 9.79866e-05 0.834581 
0.00124412 0.0964565 0.0338682 0.000208435 0.108567 0.352145 0.0427708 0.36474 
9.85728e-05 0.172184 0.112268 0.00416648 0.00842088 0.0400589 0.00153877 0.661265 
0.00501818 0.122 0.174007 0.000131774 0.0183578 0.215579 0.00620603 0.458701 
0.00132454 0.0278829 0.0450185 0.0192922 0.00409493 0.0464553 0.387161 0.468771 
0.00189727 0.0645375 0.222786 0.0017452 0.0175898 0.103004 0.00346255 0.584978 
0.00124379 0.028534 0.253634 0.000991853 0.0234751 0.0782347 0.000724501 0.613162 
0.0133015 0.243895 0.129811 0.018258 0.0296023 0.129487 0.00192303 0.433723 
0.00161852 0.156777 0.108715 0.000297833 0.000596715 0.22866 0.00601536 0.497319 
0.00173778 0.0490481 0.0567488 0.000172951 0.031991 0.0791178 0.00358381 0.7776 
0.000152041 0.214463 0.0249649 0.000883584 0.0382801 0.26111 0.0450794 0.415067 
1.73075e-05 0.202238 0.308147 6.38324e-05 0.00392679 0.144539 0.000429391 0.340638 
0.0472981 0.0029648 0.31245 0.00011287 0.175472 0.121435 0.00182671 0.338441 
0.0095263 0.148678 0.169876 0.00513476 0.00772275 0.128094 0.0225815 0.508386 
0.00952628 0.0572409 0.420689 0.000694472 0.031517 0.0243633 0.0046632 0.451305 
9.169e-05 0.23272 0.0546671 0.000314602 0.00384111 0.043035 0.00751804 0.657812 
4.60572e-09 0.330221 0.0134291 3.72339e-05 0.000649127 0.00608437 0.0143274 0.635252 
0.000196693 0.0386518 0.132956 0.000252584 0.0165372 0.0419691 0.0050044 0.764432 
0.0239393 0.184325 0.0287861 0.0103872 0.0199599 0.19245 0.0259067 0.514246 
4.65026e-05 0.000813362 0.420712 4.96763e-05 0.00507766 0.0152549 7.05698e-07 0.558045 
1.52271e-06 0.0184991 0.0750105 0.000102574 0.0178669 0.12581 0.0061867 0.756522 
0.000912877 0.00529421 0.0626212 1.56258e-05 0.00799129 0.042694 6.72019e-06 0.880464 
8.34984e-08 0.00241358 0.256677 5.04548e-05 0.0193175 0.0671238 0.00322859 0.651189 
0.00345374 0.158677 0.0628569 8.89945e-05 0.00163018 0.102221 0.154687 0.516386 
0.00225565 0.0683825 0.137867 0.00056533 0.0312402 0.0459368 0.0045668 0.709186 
0.00263601 0.0173424 0.081035 0.000287111 0.0069434 0.0350886 0.0020841 0.854583 
3.43269e-06 0.121186 0.0194272 5.78897e-05 0.0209278 0.0992748 6.023e-05 0.739062 
0.000598712 0.00646404 0.0115009 4.7763e-05 0.0189691 0.026736 0.000959448 0.934724 
0.00153978 0.0825872 0.114555 0.00131823 0.0120872 0.0266156 0.00461452 0.756682 
0.00597479 0.137857 0.250648 0.0362136 0.0155758 0.0184763 0.00628837 0.528966 
4.53919e-08 0.300024 0.0354151 0.000124963 0.00789733 0.276713 0.00143315 0.378392 
0.000704496 0.0381867 0.000442289 0.000244043 0.0140925 0.0770171 0.0297594 0.839553 
0.00244189 0.19107 0.1279 4.68835e-05 0.0109033 0.0733201 0.0130435 0.581274 
1.39081e-06 0.196655 0.0325362 0.000354666 0.0247669 0.25594 0.0177999 0.471945 
4.57098e-06 0.0404573 0.323159 0.000338571 0.00961584 0.201571 0.00860528 0.416248 
5.15709e-07 0.0200313 0.0435206 3.18059e-05 0.00524488 0.0364825 1.53549e-05 0.894673 
1.93626e-05 0.0545642 0.00787907 1.48246e-05 0.0026921 0.068298 9.92931e-05 0.866433 
0.00562397 0.0274016 0.141715 0.000160523 0.0668835 0.0716267 0.00641192 0.680177 
1.23899e-12 0.00196798 0.279077 0.000139673 5.51273e-05 0.00168713 0.00531813 0.711755 
0.00146345 0.133469 0.0891653 0.000197942 0.0382611 0.295894 0.0263244 0.415225 
0.0152857 0.00498752 0.272889 0.000123721 0.0607679 0.0811075 0.00177666 0.563062 
0.00329826 0.0960081 0.336792 6.78777e-05 0.000795872 0.199432 0.00292845 0.360678 
5.43174e-06 0.0836449 0.216564 0.000483163 0.00198529 0.0357729 0.0215664 0.639978 
0.00153833 0.249261 0.218253 0.00122289 0.018092 0.116173 0.00250731 0.392952 
0.00123593 0.319465 0.0834125 0.00445338 0.0108986 0.0960386 0.0212449 0.463251 
0.000187751 0.19657 0.259924 9.75926e-05 0.0122288 0.12982 0.000357536 0.400814 
4.38863e-05 0.00305494 0.434063 6.15464e-05 0.0945538 0.0197818 3.74855e-06 0.448438 
0.000117343 0.0160395 0.322694 0.000259508 0.00216963 0.212495 0.0118337 0.434391 
0.0152857 0.00498752 0.272889 0.000123721 0.0607679 0.0811075 0.00177666 0.563062 
4.12416e-07 0.00828462 0.0900452 8.24263e-05 0.0215774 0.120359 1.27488e-06 0.759649 
0.00268379 0.304491 0.126264 0.0357891 0.00348826 0.12914 0.00422027 0.393924 
0.00307395 0.0810018 0.254481 2.57297e-05 0.0185066 0.100084 0.0122765 0.53055 
0.00162132 0.0449502 0.0667513 0.000318101 0.0258923 0.0465464 0.00294362 0.810977 
0.000868422 0.0137604 0.339407 0.000113218 0.00039415 0.0405379 0.00305231 0.601867 
0.00281642 0.0869941 0.237193 0.00319514 0.0103884 0.191443 0.011909 0.456061 
2.88716e-05 0.213617 0.047501 0.000109276 0.0431664 0.052509 0.00367256 0.639396 
0.000723884 0.35008 0.118079 0.0198643 0.0447025 0.0818234 0.000225711 0.384501 
0.00417762 0.11432 0.0601021 0.00318482 0.0135985 0.0818937 0.206846 0.515877 
2.68336e-05 0.396504 0.0429789 0.000102743 0.0425313 0.0273643 0.00014275 0.49035 
0.000556653 0.128871 0.0509939 0.0383745 0.00595456 0.366773 0.0132295 0.395247 
0.000313246 0.0762203 0.0811653 0.0123716 0.0366562 0.106814 0.017042 0.669418 
3.26927e-05 0.00696349 0.018999 8.86148e-05 4.36133e-07 0.00120469 0.216644 0.756067 
3.27678e-06 0.0120127 0.0265162 7.00262e-07 0.376291 0.175932 4.06941e-06 0.40924 
0.00349192 0.0672069 0.0802383 0.00494198 0.058645 0.0695752 0.00367223 0.712228 
0.000577704 0.153844 0.108138 0.000223639 0.0170491 0.00355445 0.00114087 0.715472 
7.10926e-05 0.0558532 0.0407001 0.0444638 0.0639397 0.0288439 6.60698e-05 0.766062 
0.00210096 0.240201 0.0835338 0.00532894 0.00615521 0.0109106 0.00322884 0.64854 
0.00126561 0.0742847 0.145051 0.000104648 0.0331908 0.0680763 0.000555176 0.677472 
0.000306892 0.0274041 0.11107 0.000180988 0.176201 0.064845 0.000687573 0.619305 
0.0139775 0.0471254 0.156963 0.0137026 0.0452975 0.0665143 0.00366327 0.652757 
0.00394009 0.336817 0.0314528 0.0122857 0.00564689 0.0616095 0.0163213 0.531926 
0.00123619 0.111119 0.205509 0.000731037 0.0324959 0.127244 0.0104833 0.511181 
0.000213466 0.0349712 0.333161 3.60785e-05 0.0998372 0.0168553 0.000510911 0.514415 
0.00359528 0.133363 0.052655 0.000133941 0.059301 0.0884403 5.11212e-05 0.66246 
0.00253781 0.0244425 0.0274505 8.79486e-05 0.0894 0.377465 0.00762524 0.470991 
0.00135042 0.0499423 0.0469196 0.00334817 0.00866498 0.154791 0.00226325 0.73272 
4.52431e-05 0.0283127 0.200437 0.000137942 0.00181118 0.0109646 0.00910131 0.749191 
0.00359743 0.0635577 0.160499 0.0282107 0.0292996 0.0306345 0.00183854 0.682363 
5.39704e-08 0.107162 0.0530638 5.28485e-05 0.0166582 0.18452 0.00132346 0.637219 
0.019931 0.460013 0.0237947 6.9557e-05 0.00751856 0.0260378 0.000365656 0.46227 
0.00555863 0.245244 0.0993556 0.00101317 0.0272784 0.0563902 0.00597093 0.559189 
0.0064017 0.0702488 0.0854923 0.0133751 0.00639684 0.0154489 0.00130776 0.801329 
0.000486708 0.0341262 0.38047 0.00172493 0.00356276 0.050604 0.000106728 0.528918 
0.000775026 0.0193994 0.290069 1.98137e-05 0.0131017 0.0318631 0.0012343 0.643538 
0.00157643 0.136156 0.177241 0.00658939 0.0160949 0.154851 0.0585669 0.448925 
0.0055808 0.0846044 0.047858 0.00113629 0.0825818 0.15906 0.199215 0.419964 
0.00512527 0.0300683 0.0505175 1.61012e-05 0.0495484 0.125669 4.82777e-06 0.739051 
0.00364198 0.140032 0.00955962 0.000457412 0.0208772 0.226224 0.00872723 0.59048 
9.73986e-07 0.00854519 0.0181862 4.66499e-05 0.00178747 0.0216887 4.13069e-05 0.949703 
0.000118065 0.00741969 0.36996 6.79599e-06 0.000882566 0.0266499 8.86273e-06 0.594955 
0.000321329 0.0405512 0.414091 0.000419855 0.0178696 0.0574682 0.00033305 0.468946 
0.0863166 0.00860992 0.00646998 0.000406346 0.0591333 0.118146 0.000127679 0.72079 
0.00575612 0.137373 0.0169652 0.00055253 0.0686116 0.101714 0.144817 0.524211 
0.000112655 0.310827 0.1452 0.0011558 0.0136683 0.178935 0.0236309 0.32647 
0.0041802 0.187596 0.200795 0.0067992 0.0188774 0.135862 0.0318427 0.414047 
0.00603022 0.0665334 0.00587945 0.00031381 0.0122573 0.123337 0.00641001 0.779238 
0.00250691 0.20813 0.013725 0.00147574 0.0129704 0.115581 0.142723 0.502887 
0.000408977 0.0743936 0.0843387 0.0858202 0.0617179 0.241799 0.00169822 0.449824 
0.000557138 0.0630745 0.0453357 8.34488e-06 0.00452074 0.273302 0.23913 0.374071 
0.000753308 0.0277028 0.248458 0.00791313 0.0478224 0.0305867 0.000283224 0.636481 
0.000264188 0.0781473 0.14464 0.000180856 0.00275851 0.155551 0.289126 0.329333 
0.00957505 0.143241 0.020765 0.000282265 0.0248316 0.0764809 0.109056 0.615769 
0.00658877 0.101519 0.0564218 0.00026576 0.00927404 0.167094 0.053158 0.605679 
0.0083858 0.0493942 0.221134 0.000190316 0.0243342 0.0267987 5.05715e-05 0.669712 
2.78436e-06 0.00566284 0.0484626 8.34487e-06 0.00653817 0.159508 1.77267e-05 0.779799 
8.42688e-08 0.000509513 0.400141 2.48761e-06 9.99913e-08 0.00691638 6.02181e-06 0.592424 
0.00022126 0.000919612 0.000269335 7.46702e-05 7.94625e-05 0.00089943 0.000614675 0.996922 
0.000960655 0.2502 0.106393 0.0171394 0.0212779 0.0322388 0.000676334 0.571113 
0.000239622 0.0348111 0.114984 2.58361e-05 0.00986028 0.0159863 0.00031474 0.823778 
0.00446556 0.021569 0.176402 0.000259889 0.0626411 0.118434 0.0207521 0.595477 
1.39668e-05 0.0924446 0.00521099 8.89273e-06 0.00211139 0.0926074 6.67145e-05 0.807536 
0.0162147 0.348907 0.0223739 8.12666e-08 0.00545878 0.0705183 0.0014845 0.535042 
0.0506071 0.132111 0.0302256 0.013543 0.00624898 0.140032 0.119245 0.507986 
0.00885526 0.178374 0.105239 0.0128645 0.0393379 0.0835669 0.00935329 0.562409 
0.000226718 0.362257 0.0622831 0.0240779 0.0107419 0.0160747 0.000238268 0.5241 
3.59194e-08 0.0462149 0.15235 0.000104227 0.000163294 0.00493204 0.00376604 0.792469 
0.00216354 0.277763 0.0303775 0.00693259 0.039767 0.029754 0.000758702 0.612483 
0.00148987 0.10925 0.0380256 0.000139809 0.0190825 0.076065 0.0130942 0.742853 
0.00353762 0.119945 0.0247807 0.000563293 0.0127658 0.111644 0.0326609 0.694103 
0.000158139 0.167449 0.196588 0.000652007 0.00107778 0.082978 0.0790042 0.472093 
0.00292857 0.0516517 0.244304 0.00733513 0.0131089 0.0459137 0.00598594 0.628772 
0.00055929 0.229717 0.213985 3.90166e-08 0.144913 0.0900955 9.26717e-08 0.320731 
3.20894e-09 0.000686609 0.0818712 2.51137e-06 0.00411164 0.0421199 2.85752e-07 0.871208 
0.0011775 0.0833487 0.132412 0.0113937 0.0448756 0.109527 0.0051902 0.612075 
0.00191799 0.256028 0.0846721 0.0123487 0.0354618 0.079948 0.0590643 0.470559 
5.48041e-05 0.148358 0.199119 0.00203022 0.00385148 0.0619955 0.00397197 0.580619 
0.000641193 0.142355 0.123261 0.00128481 0.0178055 0.0795259 0.0168154 0.618311 
0.00084746 0.0768044 0.196983 7.73869e-05 0.01278 0.0559084 2.42203e-05 0.656575 
6.84033e-11 0.00401789 0.159029 3.41755e-11 0.000234923 0.341388 8.4055e-06 0.495322 
6.3446e-08 0.113938 0.140392 0.000185758 0.000695401 0.0607725 0.0173857 0.666631 
0.000480074 0.205902 0.144958 5.97229e-05 0.0282491 0.174939 0.00308918 0.442324 
0.00920799 0.0787304 0.0899325 0.0313166 0.0134752 0.00940228 0.00144132 0.766494 
5.28627e-11 0.121097 0.0651166 3.02915e-08 0.00216427 0.292598 0.00321082 0.515813 
0.0108157 0.152264 0.167841 0.000108685 0.022982 0.196104 0.0225219 0.427362 
0.00135 0.17111 0.224481 0.00182632 0.0269225 0.0964968 0.00578818 0.472025 
0.062967 0.242955 0.131148 0.000152039 0.00492978 0.212491 0.000136744 0.34522 
0.000110032 0.368476 0.0111517 0.000654719 0.0061593 0.00672732 4.95455e-05 0.606671 
7.67353e-06 0.121295 0.0395522 3.85573e-06 8.69995e-07 0.372439 0.00808171 0.45862 
0.00270961 0.315743 0.13971 0.000384482 0.00855239 0.0885372 0.0111946 0.433169 
8.94181e-07 0.330073 0.00153546 0.00102154 0.00755907 0.148943 0.062027 0.448841 
0.00289275 0.158943 0.137698 0.000281686 0.0404165 0.0840736 0.0049142 0.570781 
3.69596e-08 0.0586153 0.00418451 1.22654e-09 0.00250934 0.0794578 1.85126e-05 0.855215 
0.000277841 0.113925 0.161942 7.02722e-05 0.0199717 0.264576 0.000512552 0.438724 
0.00112572 0.0419974 0.0323121 0.00089119 0.146301 0.0731064 0.00164629 0.70262 
0.00158925 0.0788876 0.149728 0.00402818 0.0222186 0.069216 0.000306465 0.674026 
0.000154087 0.0413109 0.0901815 1.04249e-05 0.0202658 0.123573 0.000552981 0.723951 
0.00191233 0.1018 0.043947 0.020148 0.0208369 0.0432126 0.0105852 0.757558 
0.000197056 0.200266 0.0485779 0.000415053 0.00089516 0.0188912 0.0163968 0.714361 
0.0141368 0.0679642 0.0631691 0.0292703 0.0754955 0.143608 0.000986264 0.60537 
0.000604682 0.0715528 0.0328216 0.0074675 0.0300197 0.0347247 0.0065389 0.81627 
0.000329721 0.0204141 0.19392 0.000172036 0.00942229 0.0454141 0.000739367 0.729589 
9.73986e-07 0.00854519 0.0181862 4.66499e-05 0.00178747 0.0216887 4.13069e-05 0.949703 
0.000217771 0.0170621 0.0158734 0.000250149 0.24961 0.121333 0.000815843 0.594838 
0.00487571 0.142456 0.262885 3.13717e-05 0.0127257 0.0525451 0.000509942 0.523971 
1.51046e-12 0.00252551 0.221335 4.13107e-06 0.00160738 0.0134252 3.87338e-07 0.761103 
0.0251823 0.180431 0.08557 0.00593207 0.133627 0.0495663 0.000626214 0.519066 
0.000103678 0.0193388 0.0911899 0.000122009 0.00337946 0.0361043 0.00183064 0.847931 
0.000529092 0.0240187 0.01301 5.20566e-05 0.00247987 0.0236359 0.000579929 0.935694 
2.07522e-11 0.0400172 0.172071 0.0122959 0.0921464 0.0925174 0.000718148 0.590234 
0.000406084 0.0724312 0.057409 0.000538558 0.000344212 0.110518 0.000827428 0.757526 
0.0180494 0.157859 0.0762834 0.00489754 0.0186186 0.129861 0.0299628 0.564468 
8.45934e-05 0.0415417 0.228301 3.74031e-05 0.0349872 0.0174617 0.000639741 0.676946 
0.000155768 0.0435919 0.325967 0.00189802 0.0215967 0.0920619 0.00217405 0.512554 
0.0408709 0.059883 0.345789 0.0847222 0.0041197 0.0308926 0.0561207 0.377602 
4.62696e-05 0.0816745 0.331821 0.0534629 0.0615809 0.0239154 0.00202671 0.445472 
0.00380782 0.0142835 0.101647 7.76974e-05 0.0223842 0.0581211 0.000360335 0.799319 
0.0940636 0.0994248 0.34415 3.3076e-05 0.043523 0.0477223 0.00170439 0.369379 
0.0101865 0.070763 0.0279072 0.000350951 0.0252208 0.0188621 0.010869 0.83584 
6.11961e-05 0.0500032 0.0831613 1.94265e-05 0.000879711 0.230189 0.00172648 0.63396 
0.0595635 0.00745748 0.267908 4.70068e-05 0.000406793 0.011293 0.0863157 0.567009 
4.81673e-07 0.071192 0.118551 1.28394e-05 0.00528369 0.0696464 0.0220335 0.71328 
0.0195672 0.0515193 0.06601 5.58788e-05 0.0155625 0.0349751 0.00214704 0.810163 
0.00562254 0.12046 0.0202424 3.71641e-08 0.00123974 0.0133702 0.0179862 0.821079 
0.000347137 0.0151432 0.190354 0.00206123 0.187617 0.191407 0.00854164 0.404529 
0.000194905 0.158849 0.076432 0.0271448 0.0117652 0.222358 0.00368121 0.499575 
0.00124306 0.185735 0.0679568 0.0235125 0.0476921 0.0531013 5.46614e-05 0.620704 
0.00220954 0.0158945 0.298159 0.0107497 0.0417685 0.027727 5.21435e-05 0.60344 
0.00525949 0.118725 0.17031 0.000501175 0.0132341 0.1029 0.000101296 0.58897 
0.000847452 0.253306 0.0421201 0.00972914 0.0480313 0.131393 0.00459181 0.509981 
0.00519229 0.159755 0.0435509 0.00511212 0.00129596 0.0980236 0.00108229 0.685988 
0.0018861 0.0241539 0.0254593 6.39198e-05 0.095743 0.0636133 0.00015539 0.788925 
3.01825e-06 0.126141 0.338466 1.9026e-05 0.00254943 0.0705774 0.0156097 0.446634 
0.000469085 0.0163401 0.0588871 0.00122965 0.0183133 0.0376736 0.00166195 0.865425 
2.32771e-06 0.0331529 0.199187 6.02303e-05 0.0265463 0.0460159 0.000187101 0.694848 
0.00047647 0.243029 0.0363702 0.000183963 0.0350705 0.0262451 0.000663495 0.657962 
0.0351899 0.149768 0.097796 0.000517167 0.0262349 0.0724706 0.0239783 0.594046 
3.30197e-09 0.0968228 0.111124 1.64973e-09 8.61869e-07 0.334814 0.0926462 0.364593 
4.28969e-05 0.160566 0.0384617 0.0615866 0.0200494 0.0239848 0.000415889 0.694892 
0.00153945 0.148087 0.342927 0.00286321 0.00516412 0.0825602 0.00400881 0.412851 
0.000149414 0.0401134 0.288597 0.000399796 0.00256255 0.11222 0.0035468 0.552411 
0.0470541 0.125019 0.00184393 0.000178482 0.0483043 0.0927682 0.0128054 0.672026 
0.000278057 0.131379 0.018787 0.000699151 2.68899e-05 0.0174557 0.405623 0.425752 
0.000399386 0.0223974 0.00251718 4.65233e-05 0.00582087 0.0718451 0.0477198 0.849254 
0.000239622 0.0348111 0.114984 2.58361e-05 0.00986028 0.0159863 0.00031474 0.823778 
7.77446e-08 0.0569565 0.0489757 7.14201e-05 0.00495704 0.200876 0.000830554 0.687333 
0.000204748 0.0332891 0.315875 0.000131588 0.0318207 0.146535 0.00528968 0.466855 
0.00170885 0.242813 0.0348156 0.0151244 0.00640474 0.0592772 0.0241433 0.615712 
0.0150315 0.059583 0.335495 4.15985e-05 0.00408478 0.0378281 0.00509303 0.542843 
1.72742e-06 0.20948 0.144552 0.109427 0.00118844 0.0612798 0.0966527 0.377419 
4.011e-07 0.079603 0.00155962 0.00024326 0.000950665 0.028825 2.47921e-07 0.888818 
0.00404148 0.262274 0.0595566 0.00981401 0.0662285 0.0740559 0.00418595 0.519844 
0.000188857 0.103792 0.211413 0.00182266 0.0369117 0.287068 0.00811532 0.350688 
2.49381e-06 0.174395 0.267125 0.00594369 0.0209847 0.0378674 0.0435233 0.450159 
1.49489e-05 0.192901 0.0358383 0.000213869 0.0129814 0.0287235 0.0107547 0.718573 
0.00450487 0.207356 0.0255889 0.000125161 0.0322386 0.101843 0.0432453 0.585098 
0.00212193 0.127824 0.213319 0.0137548 0.023121 0.0666977 0.0031335 0.550028 
0.00125384 0.0296469 0.195567 0.000176329 0.0465211 0.0551033 0.000195361 0.671536 
4.91549e-05 0.333324 0.0973047 4.08591e-05 0.00773413 0.0893264 0.00249035 0.46973 
3.98037e-06 0.0819466 0.0754462 7.1781e-05 0.0131147 0.305841 0.00529845 0.518278 
0.0010875 0.14715 0.196287 0.0329801 0.0180189 0.20509 0.00274395 0.396643 
0.00204647 0.111528 0.0578793 0.000172698 0.00809147 0.26095 0.15856 0.400772 
0.000766235 0.0632927 0.212235 0.00010377 0.00343386 0.0519906 0.00103397 0.667144 
0.00456022 0.0747741 0.0847366 0.000147461 0.00246235 0.0034836 0.00286245 0.826973 
0.00276301 0.123899 0.248424 0.00964771 0.0307822 0.0598746 0.00172181 0.522888 
6.66713e-07 0.0101012 0.240124 1.17149e-05 0.180104 0.251872 4.28174e-05 0.317743 
7.39461e-05 0.177591 0.0116778 0.000549188 0.0134175 0.12474 0.303893 0.368058 
0.00348423 0.20956 0.0370005 0.0520978 0.000819974 0.0751028 0.00312181 0.618813 
0.00506218 0.227411 0.0332501 9.07187e-05 0.0276133 0.208969 0.00267338 0.49493 
0.000251206 0.0828995 0.115599 4.62922e-05 0.0143816 0.174792 4.30225e-06 0.612026 
0.0013719 0.0991297 0.131495 0.000551165 0.00717009 0.107958 0.0167171 0.635608 
3.83296e-06 0.0153608 0.0783221 1.29104e-07 8.79563e-05 0.0716837 0.0086016 0.82594 
0.00389787 0.142105 0.0344029 0.000535333 0.0549047 0.0936897 0.20951 0.460955 
0.00896501 0.213086 0.191895 0.00192084 0.0441556 0.0771949 0.0828098 0.379973 
0.00509017 0.0432869 0.0523831 0.000188577 0.119115 0.069981 0.000189473 0.709766 
0.00146609 0.119714 0.155143 0.0075751 0.0221675 0.0889422 0.0102723 0.59472 
0.00134091 0.0929892 0.0722713 0.0202765 0.00528757 0.134569 0.00688641 0.666379 
0.000904703 0.055031 0.0558304 0.0017763 0.015368 0.0666341 0.000202897 0.804253 
1.93991e-11 0.0265458 0.293833 3.1146e-05 0.00512609 0.076214 9.98198e-07 0.598249 
0.000839884 0.256535 0.236127 0.000762712 0.0260753 0.111303 0.00693409 0.361423 
1.41459e-06 0.149782 0.269562 4.00359e-06 1.51234e-10 0.0696359 3.85579e-05 0.510976 
0.00126274 0.0613243 0.223392 0.000289005 0.0195039 0.04467 0.00691126 0.642646 
0.0159732 0.114596 0.101415 0.0153356 0.0522462 0.0398693 0.00102859 0.659536 
0.000492027 0.0247176 0.166558 3.94093e-05 0.000874989 0.00194299 0.00404282 0.801332 
0.00019409 0.0737547 0.0641888 0.000402497 0.00010048 0.0181881 0.000873182 0.842298 
0.00264756 0.0629588 0.240035 0.000178543 0.00436212 0.035031 0.0130327 0.641754 
0.016905 0.292035 0.265238 0.00123443 0.0138607 0.0748833 0.000340796 0.335503 
0.00390827 0.0488357 0.228995 0.000354664 0.0175295 0.159291 0.00255976 0.538526 
2.57548e-06 0.0724241 0.00303078 8.72785e-05 0.00464303 0.0769352 0.000870123 0.842007 
0.00028543 0.0487849 0.22043 0.000103512 0.0419155 0.0864274 0.000125774 0.601928 
0.00410966 0.0366813 0.169209 0.000137892 0.016425 0.05728 0.00192549 0.714232 
0.00137999 0.326588 0.167702 3.99717e-05 0.0236549 0.0298043 0.000724187 0.450107 
0.00122549 0.0679992 0.135917 4.95069e-05 0.0319531 0.0434137 0.00254485 0.716897 
0.000323279 0.102949 0.0192431 6.62992e-05 0.0021299 0.154178 0.0117813 0.709329 
0.00469173 0.253288 0.0862738 0.0001951 0.00866961 0.0475502 0.00904244 0.590289 
0.00629383 0.269438 0.318342 0.0543496 0.00601581 0.0170799 1.87569e-05 0.328462 
0.00231736 0.18952 0.0607155 0.00697972 0.0158954 0.00128015 9.94291e-05 0.723193 
0.00188871 0.0885832 0.0731466 4.88018e-05 0.0168957 0.0736305 0.00289087 0.742916 
0.00198625 0.192139 0.016809 0.000761159 0.000324626 0.00247634 0.00197212 0.783531 
0.000646661 0.0454002 0.33347 0.0016844 0.0166833 0.125554 0.000393936 0.476167 
0.00320672 0.05549 0.0729843 0.000835481 0.0584489 0.105467 0.0503895 0.653178 
0.00621915 0.0470527 0.329095 9.9761e-05 0.0247927 0.106635 0.045125 0.440982 
0.000880821 0.0271161 0.0700154 0.000108967 0.0580335 0.0373658 0.00326476 0.803215 
0.000586942 0.0618393 0.174734 0.000106784 0.00443856 0.0922961 0.0210562 0.644942 
1.96914e-07 0.374904 0.0732188 0.000233862 0.0157578 0.05652 0.000304191 0.479061 
8.19621e-05 0.0215231 0.0342097 0.00179036 0.00629022 0.0354156 0.347862 0.552827 
0.00239218 0.308406 0.126804 0.000950537 0.0180918 0.105561 0.0242718 0.413522 
0.00226608 0.019777 0.263452 0.000267072 0.0186905 0.0225321 0.302436 0.370579 
4.81674e-08 0.182421 0.318985 0.000289068 0.00599764 0.0313755 0.00278658 0.458145 
1.40714e-08 0.00880243 0.191281 1.93358e-05 0.00168046 0.00508135 4.18609e-06 0.793131 
0.00143157 0.056687 0.374741 0.00047941 0.032642 0.0737081 0.0352726 0.425039 
4.91549e-05 0.333324 0.0973047 4.08591e-05 0.00773413 0.0893264 0.00249035 0.46973 
0.0213831 0.0714247 0.153811 7.44753e-05 0.0238226 0.046732 0.00266858 0.680083 
2.10901e-05 0.0204078 0.100368 1.08615e-05 0.00150359 0.0526261 0.000909968 0.824153 
0.00194509 0.317759 0.115615 0.0519455 0.00869397 0.113817 1.72459e-06 0.390222 
0.00123664 0.226966 0.144885 0.00106727 0.00909803 0.0652405 0.0123494 0.539157 
0.00238197 0.135759 0.0188827 0.00172306 0.00445057 0.0565235 0.343221 0.437059 
0.00198406 0.133722 0.330977 0.00701154 0.00100773 0.00912687 0.0033282 0.512842 
0.000142476 0.324685 0.0161563 0.0142382 0.00144557 0.000254663 1.69261e-08 0.643078 
0.00171957 0.0409156 0.141603 0.335953 0.0126004 0.0338807 0.00298683 0.430341 
0.0847209 0.0687125 0.0692484 4.8329e-05 0.00368837 0.37265 0.00173678 0.399195 
0.0512157 0.304421 0.189438 0.000326301 0.00301441 0.0267003 0.00125986 0.423625 
0.000242443 0.0816883 0.227613 0.000155577 0.00258216 0.107681 0.00193863 0.578099 
0.0188303 0.0966517 0.184682 0.000103387 0.0395257 0.108973 0.00370794 0.547526 
0.000107469 0.218283 0.147847 0.000570707 0.0489377 0.0275203 0.0214743 0.535259 
0.000451592 0.0614602 0.332947 8.98362e-05 0.00532136 0.119886 0.0018366 0.478007 
0.0001322 0.174219 0.26953 0.00897768 0.0541024 0.0502527 0.000220413 0.442566 
0.00124379 0.028534 0.253634 0.000991853 0.0234751 0.0782347 0.000724501 0.613162 
0.00188556 0.0129745 0.293588 6.02377e-05 0.0087697 0.0582239 0.00112711 0.623371 
4.34798e-06 0.109185 4.34986e-06 0.0117468 4.34957e-06 0.146595 0.228298 0.504163 
3.3287e-08 0.0125709 0.289759 0.0010867 0.000186319 0.00382114 0.00988032 0.682695 
0.00166546 0.0518052 0.201205 0.000491488 0.107481 0.135802 0.00217195 0.499378 
0.000143252 0.0102096 0.369541 4.17818e-05 0.00548741 0.077916 6.47773e-06 0.536655 
0.00616154 0.0868602 0.00648124 0.000177027 0.0100264 0.361618 0.142784 0.385892 
0.000694365 0.274605 0.00586071 0.00115403 0.103671 0.225747 0.0373141 0.350953 
0.000200999 0.231246 0.0259802 8.04953e-05 0.0530367 0.0915743 0.00127104 0.59661 
0.00355892 0.237852 0.225209 1.59625e-07 0.0176888 0.215326 0.00193135 0.298434 
4.46787e-05 0.129867 0.00290507 0.000189955 0.0524488 0.0480126 0.00956765 0.756964 
1.24183e-05 0.122144 0.0917331 0.000224814 0.0269715 0.332449 0.0189331 0.407532 
0.00026716 0.109208 0.0113258 0.00184806 0.0590878 0.19774 0.0863166 0.534207 
0.00179463 0.0657478 0.212567 7.16372e-05 0.0152235 0.339593 6.58555e-06 0.364995 
0.000727062 0.180635 0.0291085 0.000300726 0.000545231 0.0641191 0.358936 0.365628 
0.00771738 0.400107 0.0497213 0.000366015 0.00655412 0.119284 0.003315 0.412935 
0.00268737 0.182475 0.101278 0.00183681 0.0194029 0.0956822 0.00540614 0.591232 
0.000174055 0.0301288 0.095691 5.29308e-05 0.00324439 0.109083 0.000351606 0.761275 
0.000890977 0.0724109 0.104264 0.00015278 0.0166643 0.160748 0.00659455 0.638275 
4.33484e-05 0.0371768 0.144634 0.000316453 0.00600882 0.302813 0.00458255 0.504425 
0.00760484 0.0098088 0.152438 1.88127e-05 0.000515305 0.0121377 0.00891088 0.808566 
0.00303399 0.0341642 0.0232335 0.000458064 0.0119836 0.0832121 0.278701 0.565214 
0.0247293 0.0837155 0.00364541 0.000411172 0.0942396 0.199409 0.279347 0.314502 
5.60528e-06 0.00961881 0.39658 5.11649e-05 0.00440527 0.021414 6.48546e-05 0.567861 
0.000931148 0.162512 0.00482887 0.000162377 0.0120123 0.271767 0.23422 0.313567 
1.38243e-05 0.00904307 0.0699844 2.92351e-05 0.000554313 0.0338152 0.00025432 0.886306 
0.000919096 0.304586 0.137866 0.0412039 0.00743158 0.0334204 0.000272453 0.4743 
0.0557239 0.171318 0.0815138 0.00809046 0.026337 0.0426283 0.000501636 0.613887 
0.0133021 0.134173 0.0981635 0.00083295 0.00329964 0.0370735 0.0271816 0.685974 
0.0506071 0.132111 0.0302256 0.013543 0.00624898 0.140032 0.119245 0.507986 
0.00304074 0.185642 0.0325686 0.0156565 0.0290312 0.226725 0.22865 0.278685 
0.000344699 0.360047 0.0721561 3.45971e-05 0.0100892 0.00991242 0.15273 0.394686 
9.08175e-06 0.171178 0.132764 3.27135e-05 0.00154861 0.0248832 9.78846e-05 0.669487 
0.00123059 0.0422173 0.0751365 4.12831e-05 0.0185345 0.0579319 0.00227525 0.802633 
3.50465e-05 0.104217 0.0380001 2.03827e-07 0.00288145 0.0369602 0.00226326 0.815643 
0.000664004 0.0731107 0.35332 0.000393568 0.0174519 0.0375419 0.00160068 0.515917 
1.34753e-05 0.170771 0.00561641 0.000979544 0.226998 0.247029 0.0558334 0.292759 
0.00011537 0.107119 0.0164589 0.000468961 0.00113299 0.158297 0.147188 0.56922 
5.45771e-05 0.0170154 0.100546 9.22828e-05 0.00375983 0.0187658 0.000574499 0.859192 
0.00191028 0.285692 0.0903724 3.07488e-05 0.0118637 0.284893 0.0073984 0.31784 
0.00268597 0.136619 0.222752 0.00441705 0.010337 0.0748777 0.00194025 0.546371 
0.000137436 0.171888 0.249553 0.000558685 0.044824 0.0814623 0.0010899 0.450487 
0.00438901 0.0389581 0.0238984 7.73352e-05 0.0826968 0.0801065 0.00124123 0.768633 
0.00991662 0.170962 0.066782 0.00170143 0.00790431 0.229748 0.0345634 0.478422 
0.0102687 0.285708 0.0190229 0.000163356 0.0984957 0.174498 0.036129 0.375714 
0.00739145 0.170558 0.0888776 0.00722495 0.0263646 0.293676 0.00637985 0.399528 
1.06386e-07 0.293252 0.0174511 0.0622908 3.32989e-05 1.46272e-05 6.88062e-12 0.626958 
0.00297147 0.123685 0.209757 0.000146109 0.0161193 0.0125559 0.00441766 0.630348 
1.14977e-05 0.30867 0.0666639 0.000272866 0.0271229 0.249214 0.020805 0.32724 
0.00649665 0.167272 0.147858 0.01937 0.0568906 0.171292 0.000443584 0.430378 
3.26927e-05 0.00696349 0.018999 8.86148e-05 4.36133e-07 0.00120469 0.216644 0.756067 
0.0388897 0.206183 0.113284 0.019966 0.00790851 0.104224 0.00246866 0.507077 
1.4252e-05 0.0566131 0.403914 2.05598e-06 0.0209741 0.0595095 3.78788e-07 0.458973 
0.000997178 0.282029 0.0704261 0.00452089 0.0246592 0.281989 0.0156089 0.31977 
7.81658e-06 0.0149357 0.222607 5.7207e-05 0.000699001 0.0284627 0.000675891 0.732555 
4.7478e-06 0.1253 0.180048 0.314008 0.00227 0.0206688 0.00267582 0.355024 
0.000191056 0.0866386 0.0577946 0.000130581 0.0242773 0.276658 0.0011912 0.553118 
0.012141 0.165272 0.134926 0.0072425 0.0203818 0.0850907 0.000667234 0.574278 
7.77446e-08 0.0569565 0.0489757 7.14201e-05 0.00495704 0.200876 0.000830554 0.687333 
0.00715028 0.0964963 0.1153 0.00387926 0.0014545 0.1364 0.018944 0.620376 
0.000549439 0.10998 0.0105413 0.000519701 0.0607021 0.0589786 0.0159995 0.74273 
0.028468 0.266506 0.284308 0.00591829 0.0238601 0.0873064 0.00494686 0.298686 
0.00117706 0.0394208 0.076903 0.000640005 0.00914209 0.122985 0.000118403 0.749614 
0.00340873 0.175324 0.0968581 9.23518e-06 0.00367989 0.0400379 0.000274506 0.680408 
0.00049268 0.0521471 0.197457 0.000102783 0.00762306 0.0310858 0.00199341 0.709098 
0.0720046 0.277932 0.0103458 0.0014114 0.0695096 0.166071 0.0229998 0.379726 
0.00186774 0.160401 0.0746555 0.00162414 0.0313992 0.0927767 0.000612283 0.636664 
0.0150208 0.172856 0.166369 0.000607865 0.0045917 0.292746 0.00219713 0.345612 
3.09701e-06 0.170441 0.122784 3.83138e-06 0.0136911 0.00512509 2.58041e-05 0.687925 
6.49184e-08 0.0125353 0.268819 1.09109e-07 0.00473148 0.0424812 2.72333e-07 0.671433 
1.36811e-05 0.160089 0.0441447 5.53961e-05 0.00740975 0.051593 3.72307e-05 0.736657 
9.04423e-06 0.0261182 0.288338 7.43854e-05 0.0432536 0.159936 0.000720497 0.481551 
0.00181451 0.434501 0.0443693 0.00426454 0.0176786 0.0587296 0.0010735 0.437569 
4.88375e-06 0.112043 0.0408647 0.000647277 0.00206622 0.154349 0.0235309 0.666495 
0.00396382 0.0517937 0.00351889 0.000250203 0.0681473 0.0755499 0.0244071 0.772369 
7.91491e-05 0.287217 0.00466685 0.000267393 0.0265926 0.207534 0.0864119 0.387231 
0.000699726 0.163393 0.083202 0.00413652 0.00136507 0.046317 0.00320367 0.697683 
0.00951746 0.19486 0.0378199 0.000117803 0.00758668 0.128503 0.0449106 0.576684 
0.00367939 0.328951 0.0082763 0.257711 0.00794625 0.0524951 0.00968751 0.331253 
0.000482457 0.0162923 0.199858 0.0133895 0.00473016 0.296636 0.00358104 0.465031 
0.00790456 0.0492233 0.300324 0.00720222 0.0227831 0.0103034 0.0313357 0.570924 
0.0115149 0.196908 0.0515074 0.000869257 0.0170937 0.0662438 0.0233572 0.632506 
0.00118386 0.400521 0.0549753 0.000354252 0.0145402 0.11501 0.00461325 0.408803 
0.0028744 0.155716 0.187768 0.00298619 0.0251905 0.0584807 0.00114795 0.565836 
7.81658e-06 0.0149357 0.222607 5.7207e-05 0.000699001 0.0284627 0.000675891 0.732555 
4.011e-07 0.079603 0.00155962 0.00024326 0.000950665 0.028825 2.47921e-07 0.888818 
1.04835e-08 0.0379424 0.0609334 1.44034e-05 0.0100874 0.0693046 0.000844042 0.820874 
0.0358168 0.177877 0.0549042 0.183202 0.0954201 0.0461474 0.00165599 0.404976 
4.90897e-05 0.0265616 0.0454413 0.000520962 0.00759328 0.167556 0.000463463 0.751814 
0.00302388 0.138908 0.199442 0.00259559 0.0248932 0.0737716 0.00300323 0.554363 
9.11359e-09 8.42074e-06 0.0547368 4.68971e-06 0.000140791 0.00556489 0.315818 0.623726 
0.000123991 0.0449596 0.0764562 0.000548206 0.00274867 0.0967356 0.000717113 0.777711 
3.46174e-06 0.189356 0.0573789 0.000474143 0.0512723 0.206011 0.0490266 0.446477 
0.0978524 0.147254 0.131425 7.77977e-06 0.000339574 0.0175408 0.000221539 0.605359 
0.00793391 0.00673984 0.32712 0.00881626 0.0066561 0.055939 0.000583921 0.586211 
0.0060556 0.241218 0.239427 0.118505 0.00184807 0.04352 0.000218049 0.349209 
1.50121e-13 0.000333072 0.0503582 1.65818e-06 0.118068 0.0423985 4.65961e-06 0.788836 
0.0109251 0.124828 0.0152575 0.000270141 0.120203 0.168629 0.0152611 0.544626 
0.00716985 0.206694 0.143871 0.00870014 0.0215258 0.0391259 0.00275468 0.570159 
0.00874221 0.29892 0.000487571 0.00412218 0.0112247 0.20345 0.0243298 0.448723 
0.0359753 0.227653 2.72637e-06 0.0139047 0.0065456 0.229837 0.137367 0.348714 
0.000610732 0.0423137 0.106833 0.00148783 0.0967207 0.302223 0.00759897 0.442212 
2.49966e-06 0.0938813 0.00671257 0.000820103 0.0492929 0.111118 0.0156543 0.722518 
0.000162726 0.0685751 0.230852 0.00205598 0.00871768 0.0270085 0.000125799 0.662502 
4.84127e-05 0.0655405 0.0537202 0.000100893 0.0415373 0.0268794 4.80617e-05 0.812125 
0.0777194 0.0646185 0.0610415 0.0117064 0.0487259 0.0590234 0.000673529 0.676491 
0.00721222 0.219782 0.151712 0.00563533 0.0177874 0.0621159 0.00597336 0.529783 
0.000434911 0.0925179 0.0722909 7.23264e-05 0.0203196 0.0499562 0.00158858 0.76282 
0.0104316 0.021174 0.0614857 0.000111583 0.0303306 0.0592891 0.000761083 0.816416 
0.00455645 0.0584402 0.0884595 0.00424879 0.0605061 0.0337297 0.00326035 0.746799 
3.11685e-06 0.0235665 0.122184 3.29898e-05 0.00789732 0.00212148 0.000705903 0.843488 
0.000268458 0.0609531 0.315205 0.000151033 0.00462281 0.0219397 0.00022707 0.596633 
0.000933397 0.188141 0.11797 0.00388182 0.0169483 0.0608401 0.00303919 0.608247 
2.78436e-06 0.00566284 0.0484626 8.34487e-06 0.00653817 0.159508 1.77267e-05 0.779799 
0.000949872 0.0355417 0.187741 5.06059e-05 0.123183 0.045394 0.000104622 0.607035 
0.00298343 0.116659 0.0568507 0.000383291 0.0119869 0.327416 0.000968107 0.482752 
