0.0113071 7.19914e-05 0.000421668 0.0772714 0.0380638 0.000138142 0.0503875 0.00013275 0.00578481 0.0112029 0.122464 0.532314 0.144449 0.00516718 0.000822777 
0.0665325 0.041132 0.000209534 0.0903354 0.0897663 0.000272229 0.00643007 0.00131006 0.00162392 0.0502397 0.0847386 0.36487 0.173583 0.0156378 0.0133197 
0.021237 0.00947922 2.32331e-06 0.0520598 0.154271 0.000144376 0.0123349 0.00635274 0.0219871 0.00430149 0.147807 0.279355 0.099211 0.15038 0.0410762 
0.0171055 0.0548412 1.55435e-05 0.0794692 0.0698855 0.00156696 0.0099489 0.00240042 0.00702842 0.0154634 0.282256 0.31541 0.0157535 0.0551969 0.0736586 
0.0122677 0.000265364 9.67347e-05 0.134521 0.0417206 0.000145496 0.0438524 0.000560592 0.141817 0.00662191 0.14357 0.425227 0.0157382 0.0304693 0.00312736 
0.0222187 0.0104464 7.06902e-05 0.12661 0.0218893 0.00131255 0.00208556 0.00881543 0.0089223 0.00721788 0.169951 0.569164 0.0247919 0.00923868 0.0172653 
0.0598036 0.00429154 0.000177234 0.210604 0.053429 6.62744e-05 0.0375229 0.00620354 0.0102598 0.00534385 0.0359473 0.492038 0.0210764 0.0376606 0.0255758 
0.0677696 0.00459398 0.000413602 0.164674 0.102395 0.000162727 0.0335374 0.00163983 0.031215 0.00919704 0.128323 0.346766 0.033025 0.0610624 0.0152254 
0.0178022 0.107761 0.000798211 0.0838704 0.0112255 1.07218e-05 0.00112324 0.00107747 0.0126317 0.0936226 0.0335679 0.621125 0.0084983 0.00177608 0.00510956 
0.049614 0.00414233 0.000153688 0.0106789 0.0017596 2.36196e-06 0.00416439 0.00304637 0.00649314 0.000351803 0.0086482 0.831976 0.0430594 0.000594163 0.0353159 
0.0943163 0.00951307 2.42514e-07 0.0696118 0.0205865 0.000887967 0.0318752 0.00417056 0.0278245 0.00705582 0.320225 0.363888 0.0234261 0.00691544 0.0197037 
0.00414994 0.00360399 0.00017812 0.195727 0.0179318 0.000844166 0.00951814 0.00760408 0.00555083 0.0143965 0.287537 0.397317 0.0327954 0.0123279 0.0105181 
0.0375161 0.00850425 0.000184016 0.206583 0.0388564 0.00105543 0.0519663 0.0113514 0.00856125 0.00461635 0.169393 0.251902 0.115782 0.035147 0.0585815 
0.00103087 4.37513e-05 0.000821026 0.0763563 0.00688503 0.00103031 0.0256381 0.000183413 1.50764e-07 0.000870219 0.0964542 0.490185 0.299813 0.000587095 0.000101342 
0.0352676 0.0212979 0.000251548 0.0541427 0.064147 0.0029593 0.0189917 0.0265072 0.0606171 0.00326425 0.20288 0.281351 0.0972656 0.00322778 0.127829 
0.229935 0.0244759 1.50076e-06 0.0799066 0.0271834 1.62338e-05 0.0960522 0.00636015 0.0865088 0.000414981 0.0276709 0.306376 0.0305265 0.0197833 0.0647881 
0.00857888 0.000297146 4.06407e-05 0.358686 0.0197482 0.000163541 0.00191081 0.00371225 0.0662527 0.00646068 0.109271 0.359219 0.0239363 0.0365529 0.00517025 
0.0119244 0.0107453 1.88539e-06 0.0254426 0.00187725 4.34436e-05 0.0237245 0.0212704 0.0461765 0.00550425 0.0516711 0.481182 0.00674757 0.0010492 0.31264 
0.179843 0.0178629 3.02739e-06 0.0449447 0.017434 0.000665469 0.0296447 0.0142449 0.000683283 0.00328406 0.0280619 0.349132 0.247113 0.0181999 0.0488831 
0.318427 0.0456536 5.93215e-07 0.0130405 0.0123686 0.00227558 0.0182562 0.00984449 0.006435 0.0014079 0.0402063 0.416854 0.0503441 0.00635274 0.0585335 
0.00926496 0.000543901 0.00266 0.248478 0.039417 7.32389e-05 0.056271 0.00424748 0.0015592 0.00663376 0.195054 0.315403 0.106614 0.00947215 0.00430867 
0.0273342 0.00351056 3.57679e-06 0.0382168 0.00474845 1.91767e-05 0.00483192 0.002915 0.0597113 0.00108166 0.0746416 0.618419 0.0637802 0.0414538 0.0593328 
0.0584705 0.00189865 0.000320213 0.0686546 0.0594944 0.000120042 0.032342 0.00154363 0.0341377 0.0384405 0.0972782 0.485682 0.040218 0.0158067 0.0655932 
0.0315621 0.123667 1.79756e-06 0.00735823 0.0209484 0.000190049 0.00251668 0.00380387 0.0238957 0.000375987 0.176853 0.343631 0.0779099 0.0427174 0.144569 
0.0705529 0.0345506 0.00535709 0.0971556 0.0175107 0.000283138 0.0228449 0.0027224 0.0680453 0.00589332 0.140977 0.443617 0.051624 0.0304672 0.00839936 
0.00237016 0.000783891 4.32561e-05 0.255926 0.0992124 0.000791005 0.0083028 0.00206084 0.00858853 0.0180322 0.152095 0.306132 0.0144355 0.0923585 0.0388686 
0.00404605 0.000550782 0.000160222 0.0253354 0.00216389 1.44089e-06 0.0154393 0.00315584 0.00456074 0.000339081 0.0530194 0.721539 0.158074 0.000503075 0.011112 
0.0157723 0.00646681 9.17121e-06 0.0140606 0.00413963 5.31231e-05 0.0012327 0.00334116 0.00367622 0.000578869 0.0613965 0.831058 0.0242615 0.0110916 0.0228616 
0.0117836 0.000382911 0.190289 0.125951 0.0251139 8.45571e-05 0.167824 0.000634443 0.00154825 0.00118067 0.0993372 0.290568 0.0735324 0.011043 0.000727282 
0.0918343 0.00982885 0.000348529 0.137165 0.0076805 8.21923e-05 0.0543497 0.00425471 0.0229863 0.000644324 0.040821 0.411388 0.151424 0.0300397 0.0371526 
0.0807218 0.0215026 2.96019e-06 0.0339297 0.0588484 8.06346e-05 0.00860427 0.00844775 0.00728231 0.00179128 0.0449256 0.620413 0.0425539 0.0462591 0.0246368 
0.0241756 0.0110553 4.59104e-07 0.00448004 0.0378202 7.6827e-05 0.00401766 0.00888814 0.11709 8.88631e-05 0.0788331 0.635181 0.0394927 0.00325449 0.0355458 
0.0216244 0.00540119 0.000381136 0.102401 0.0260829 6.29961e-05 0.0131678 0.00235924 0.0323252 0.0107349 0.133102 0.596215 0.0337459 0.0139635 0.00843319 
0.0247971 0.0183231 0.00030674 0.0320122 0.0329267 0.00183206 0.0511136 0.00171652 0.0094055 0.000764423 0.295901 0.396549 0.0807951 0.00989589 0.0436616 
0.0249105 0.00938572 1.12807e-07 0.010504 0.00377295 4.02079e-06 0.00135782 0.0039907 0.0200686 0.000889845 0.0190245 0.802104 0.00800839 0.000523315 0.0954558 
0.218507 0.0149491 0.00263965 0.210858 0.0417997 0.000202793 0.0552313 0.000164437 0.0272233 0.00201549 0.044158 0.302999 0.0226339 0.0558119 0.000806089 
0.000575584 6.73267e-06 6.37658e-07 0.000170361 7.24102e-05 8.81025e-10 7.16043e-05 0.000159514 0.0220377 1.36984e-05 1.11442e-05 0.967608 0.00639683 1.20282e-06 0.00287487 
0.00739637 0.00414168 0.000768306 0.0377089 0.039848 0.00162018 0.00193939 0.00294768 0.0199498 0.00273701 0.255099 0.356954 0.256324 0.00433658 0.00822921 
0.0576295 0.0105036 6.04322e-07 0.172735 0.032453 2.95642e-05 0.0434714 0.00949548 0.00886743 0.00664524 0.163101 0.41734 0.0520702 0.00271743 0.0229407 
0.0297118 4.77238e-05 0.000418591 0.220401 0.0755026 4.4066e-05 0.04895 0.000843033 0.0120649 0.00363036 0.19542 0.348736 0.0460488 0.00849469 0.00968576 
0.000168434 8.20164e-07 2.24402e-05 0.231322 0.0131753 8.84086e-05 0.0266457 1.43987e-05 0.0330712 0.0147233 0.0794418 0.558978 0.0119188 0.0302718 0.000158159 
0.0311875 0.00377369 0.0265911 0.0670617 0.0302614 0.00643504 0.0531164 0.00361098 0.00895557 0.00769642 0.249874 0.304612 0.177937 0.0216972 0.00718966 
0.00332093 7.85675e-05 0.000117672 0.0731279 0.048346 0.00246633 0.00266073 0.000280979 0.0332809 0.00800176 0.183596 0.410254 0.177525 0.0165498 0.0403932 
0.047542 0.123319 0.000157063 0.15834 0.061534 3.6721e-05 0.0244827 0.00549485 0.0129019 0.0049464 0.0672989 0.414525 0.0304447 0.00885175 0.0401257 
0.0270333 0.00917117 0.000167013 0.069753 0.0339122 0.000937783 0.015926 0.00274566 0.0293721 0.00586749 0.169688 0.475828 0.107908 0.0229734 0.028716 
0.0209565 0.00694863 0.000271446 0.0432242 0.0153747 0.00398362 0.0500301 0.00288896 0.0221586 0.00244251 0.277735 0.385174 0.076668 0.0323097 0.0598335 
0.0219925 0.00626837 0.000189689 0.132016 0.0360963 0.00128964 0.0287893 0.00276962 0.0854532 0.00574019 0.17544 0.354074 0.115804 0.0174357 0.016641 
0.239312 0.0100226 1.55751e-05 0.12284 0.0853997 1.85431e-05 0.0340349 0.00483717 0.0346914 0.00156284 0.0732979 0.278377 0.0287315 0.0298821 0.0569764 
0.014113 0.00150399 8.86347e-05 0.224775 0.0851081 7.09929e-05 0.0439008 0.00314865 0.00587472 0.0128979 0.254475 0.255717 0.0274162 0.0133919 0.0575183 
0.00120991 2.74895e-05 0.000353269 0.0551226 0.0159473 0.000301422 0.0143151 0.000135992 0.00826731 0.00403829 0.0720928 0.584522 0.22668 0.0159706 0.00101592 
0.00712017 0.00122985 8.80298e-07 0.0540065 0.0365894 0.000967309 0.018981 0.000613142 0.122831 0.0111486 0.0753923 0.609165 0.016164 0.0346583 0.0111324 
0.26544 0.0133835 8.48833e-05 0.00769078 0.00641714 5.2012e-05 0.0888613 0.00287529 0.00766431 0.00452647 0.0475831 0.429374 0.102449 0.0116006 0.0119983 
0.00123587 6.80655e-06 6.47921e-07 0.0292214 0.00218727 1.13751e-05 0.000173929 0.00115202 0.0288505 2.28201e-05 0.0868001 0.581464 0.261765 0.00347941 0.00362815 
0.00700883 0.00341058 3.15436e-05 0.0800773 0.00472289 6.47398e-05 0.00195945 0.0058973 0.0126756 0.0011456 0.1493 0.687469 0.0390119 0.00148548 0.0057398 
0.0481458 0.00482491 0.000144806 0.0827024 0.0281037 0.00185834 0.0125035 0.00589346 0.14297 0.00314173 0.135013 0.451465 0.0487304 0.0119907 0.0225127 
0.0857392 0.00669593 2.99466e-05 0.0288093 0.0266331 0.00170033 0.0460266 0.0113011 0.00963274 0.00820632 0.115319 0.438736 0.156684 0.0397286 0.0247584 
0.0429437 0.00098261 2.16002e-06 0.0452295 0.0157242 0.000442426 0.00807885 0.000873127 0.186234 0.00092134 0.244027 0.305235 0.141449 0.004464 0.00339306 
0.0703996 0.000137219 0.00219974 0.322571 0.00892817 9.66226e-05 0.0916715 2.25485e-05 6.84906e-07 0.00529309 0.116725 0.35533 0.0202856 0.00618425 0.000155726 
4.16175e-05 5.78308e-06 0.00534243 0.147061 0.0612182 4.59885e-06 0.0989437 0.00123519 0.244066 0.000224883 0.00597355 0.258246 0.176707 0.000267104 0.00066302 
0.168689 0.00403961 1.7e-06 0.0226523 0.0342507 8.6414e-06 0.00217588 0.00265034 0.00723126 0.00126801 0.149275 0.438437 0.0113409 0.00349788 0.154482 
0.0893601 0.132525 1.35534e-06 0.0141131 0.0309459 7.68108e-06 0.000952456 0.00873727 0.00749018 4.23633e-05 0.0651895 0.572645 0.0299037 0.00582935 0.0422572 
0.0329146 0.00257082 3.33058e-05 0.147099 0.0270019 1.71071e-05 0.0149327 0.0013501 0.00259919 0.00190682 0.218039 0.379282 0.107637 0.00536802 0.0592486 
0.0192038 0.00944774 2.52569e-05 0.0815509 0.0167439 0.000134194 0.00525908 0.00387569 0.00695132 0.00269141 0.16439 0.634205 0.0212494 0.00889278 0.0253796 
0.00881585 4.57932e-06 4.48937e-06 0.0699911 0.0613654 8.63868e-05 0.0314407 4.72051e-05 0.127947 0.00891921 0.29418 0.341877 0.0172297 0.0348779 0.00321302 
0.172426 0.169059 3.49751e-11 0.00967948 0.000883519 1.64605e-05 0.000449038 0.0575559 0.00897684 0.00015036 0.0505538 0.27074 0.054918 0.00676063 0.19783 
0.0191028 0.00928019 0.00144207 0.197141 0.0456306 0.00184113 0.0109857 0.00163775 0.0890613 0.0175979 0.180424 0.312504 0.0822239 0.0111756 0.0199528 
0.081973 0.0207151 7.53222e-06 0.0876426 0.0426637 0.000299641 0.0508289 0.00562819 0.141776 0.00178447 0.0940008 0.36316 0.0843807 0.0035081 0.021631 
0.0290554 0.0232293 6.54859e-05 0.0554742 0.0121735 0.00016538 0.00188599 0.00770135 0.00243458 0.00275633 0.164474 0.613575 0.0412395 0.0318666 0.013903 
0.225987 0.00203029 3.28885e-06 0.0189276 0.15642 0.000577026 0.0292923 0.000447681 0.0132293 0.00262443 0.186562 0.261842 0.0637349 0.028523 0.00979924 
0.0617229 3.45915e-05 0.00102884 0.162481 0.232481 0.000214006 0.0813782 0.000244921 0.0264935 0.0260261 0.0421489 0.259745 0.0699126 0.030829 0.00525943 
0.0139368 2.2807e-05 3.24304e-10 0.0383332 0.035977 2.80185e-07 0.0335414 9.181e-06 0.00144501 0.00404122 0.0271147 0.478757 0.00188524 0.00703303 0.357903 
0.000104649 2.63997e-06 0.000236205 0.326182 0.0565447 2.62728e-05 0.0183604 3.22602e-06 3.51806e-06 0.0145322 0.201402 0.379886 0.001869 0.00079284 5.46941e-05 
0.020632 0.0022314 0.000287606 0.132344 0.0274468 0.000140996 0.0266914 0.000283729 0.0141947 0.00707316 0.0988625 0.612387 0.033072 0.0233872 0.000966121 
0.330707 0.0363087 3.00781e-06 0.015616 0.00345227 0.000922666 0.00210543 0.00177665 0.00582601 0.000105561 0.0250607 0.562398 0.00626241 0.000249914 0.00920536 
0.00535058 0.00208417 0.00206608 0.0789109 0.0164699 0.000187633 0.00198813 0.00222645 0.0100148 0.00301408 0.367148 0.443763 0.047891 0.0135843 0.00530181 
0.058117 0.00435743 2.78193e-06 0.0474513 0.0489806 8.00513e-05 0.00485053 0.00209359 0.0414477 0.00922552 0.224319 0.423672 0.107164 0.00342588 0.0248128 
0.00284522 6.03077e-05 0.000399618 0.279487 0.0355287 0.000124519 0.00875942 3.89701e-05 0.00335642 0.00817718 0.236224 0.38009 0.0345092 0.0103111 8.83132e-05 
0.0041073 0.00218235 0.000560898 0.106472 0.0415312 0.0020067 0.00977357 0.000470359 0.221151 0.00379835 0.142926 0.383167 0.0482164 0.0225762 0.0110613 
0.115646 0.0051495 0.000371932 0.151694 0.0373655 0.000122162 0.195082 0.00276762 0.00301232 0.0122438 0.123981 0.250877 0.00936555 0.0254559 0.0668642 
0.0901365 0.00462972 1.26349e-06 0.113575 0.0166144 0.000189401 0.0013142 0.00622313 0.208945 0.00317244 0.182737 0.274845 0.0506494 0.00391396 0.0430543 
0.0292928 0.00856996 0.00102317 0.197236 0.0281328 0.00076965 0.0441541 0.000787858 0.00662167 0.0022724 0.273517 0.311535 0.0709557 0.0107283 0.0144034 
0.0160593 0.00195876 0.000286189 0.0891777 0.035896 0.000544011 0.00975381 0.00351561 0.0122753 0.0327665 0.196012 0.514844 0.0256973 0.0544091 0.00680508 
0.0497932 0.00955553 2.1151e-05 0.0296382 0.0224373 2.19422e-05 0.00873153 0.00677993 0.00903614 0.00364426 0.0524575 0.754873 0.0254568 0.00256536 0.0249883 
0.0539563 0.0148394 0.0010026 0.222082 0.019139 4.00228e-05 0.210425 0.00948441 0.00565297 0.00306471 0.0788323 0.308216 0.0357122 0.0132272 0.0243265 
0.0649747 0.0203632 0.00171702 0.200893 0.0445341 0.000279065 0.0863837 0.00412354 0.00997309 0.00776811 0.165515 0.206949 0.13069 0.0251211 0.0307161 
0.0300504 0.0416024 2.80567e-06 0.0881607 0.00545777 0.000491488 0.0149421 0.00883941 0.0224282 0.0012189 0.153464 0.569612 0.0384242 0.0015199 0.0237863 
0.16687 0.168463 6.72807e-07 0.056329 0.0568242 4.73476e-05 0.00524977 0.00744055 0.0559442 0.00158311 0.0415606 0.279667 0.0404119 0.00193805 0.117671 
0.0174359 0.0163892 0.000127358 0.0593714 0.0253751 0.00196793 0.0127788 0.00480641 0.0308907 0.00505949 0.3143 0.327425 0.074036 0.0174286 0.0926079 
0.00717925 0.00276256 0.000530522 0.110619 0.0521759 0.00144864 0.00772685 0.00179845 0.147812 0.0153413 0.263355 0.30009 0.0534314 0.0294124 0.00631779 
0.110876 0.0268689 0.0027517 0.10663 0.0572386 0.001544 0.0891006 0.00505566 0.0105684 0.00824014 0.13345 0.268497 0.0810291 0.0281312 0.07002 
0.0344507 0.0510471 1.16687e-05 0.0259921 0.00683409 3.81062e-05 0.00084313 0.00520129 0.0131859 0.00135221 0.24092 0.546318 0.0369965 0.0150415 0.0217673 
0.0825417 0.0965115 1.00684e-06 0.0724164 0.00233769 0.000151592 0.0267498 0.188728 0.097615 0.000704049 0.0290997 0.340132 0.0223322 0.00443349 0.0362457 
0.019764 0.00265742 0.0022816 0.175694 0.0473174 0.000207277 0.102103 0.00166486 0.00654862 0.0174294 0.156104 0.391516 0.0604474 0.010579 0.00568606 
0.0523985 0.00281492 2.40734e-05 0.123831 0.201171 0.000301516 0.00476618 0.00104879 0.0184568 0.00363225 0.0755972 0.391925 0.0910672 0.0213024 0.0116628 
0.0237335 0.000169034 5.93394e-05 0.096495 0.0303903 0.000116102 0.000874879 0.000949143 0.00900041 0.0230749 0.359653 0.425927 0.0157139 0.00834919 0.00549401 
0.155657 0.0187911 0.00038933 0.140348 0.0187146 5.12704e-06 0.0649467 0.0136085 0.00810624 0.0010557 0.0563573 0.405448 0.060272 0.0123378 0.043963 
0.0695613 0.00780658 0.000146671 0.0925988 0.038939 0.00133794 0.0146362 0.00243414 0.0358618 0.0129612 0.28896 0.340751 0.0336713 0.0214493 0.0388847 
0.0789741 0.0338351 0.000543705 0.0720582 0.165276 0.00415695 0.0214812 0.00173589 0.0377631 0.0440047 0.133391 0.250064 0.114004 0.0259196 0.0167934 
0.0407183 2.90065e-08 9.01944e-06 3.55628e-05 0.000182362 4.62209e-06 0.000235123 8.82856e-05 0.00946179 0.00214551 0.000168278 0.869413 0.0752664 1.55061e-06 0.00227066 
0.0127352 0.00374745 0.000350711 0.0412363 0.0448833 0.0034355 0.0017192 0.00763576 0.0148339 0.00566941 0.323715 0.425045 0.0301685 0.0367608 0.0480647 
0.125816 0.112443 0.00139553 0.13897 0.0911805 0.00513958 0.0907787 0.00281104 0.00682771 0.00920468 0.111011 0.15206 0.0478923 0.0180054 0.0864643 
0.0553553 0.0223159 4.88667e-05 0.048216 0.00986591 0.000159094 0.00200403 0.018247 0.139769 0.00306597 0.236921 0.380805 0.0453419 0.00398223 0.0339024 
0.00691987 7.72918e-05 4.76845e-05 0.0848699 0.0238394 0.000192749 0.0633442 0.000130323 0.0122034 0.00470694 0.0996317 0.536088 0.161434 0.00572894 0.000786071 
0.0772961 0.0201091 0.00499366 0.141203 0.0276239 0.000765405 0.0380095 0.0051821 0.0091039 0.00468721 0.22825 0.271113 0.0731132 0.0062368 0.0923123 
0.0271785 0.00515813 3.0527e-07 0.0670153 0.0171372 0.000218978 0.0813612 0.00384766 0.0646316 0.0017695 0.0261279 0.548826 0.026738 0.051147 0.0788425 
0.0722283 0.0338859 0.000302859 0.106906 0.0275822 0.000210137 0.0412018 0.0137021 0.008698 0.00592868 0.241547 0.357989 0.034465 0.0169539 0.0383991 
0.0159909 1.2992e-05 0.0002607 0.167664 0.0450905 0.00195825 0.045759 0.000252548 0.000446192 0.00648876 0.138174 0.538674 0.00575482 0.032878 0.000595328 
0.0019186 6.3142e-06 0.000207909 0.162459 0.022259 0.000473417 0.00381188 0.000542487 2.40984e-05 0.0108902 0.327723 0.422146 0.00405228 0.0432615 0.000224945 
0.0152108 0.0152589 0.000947504 0.108626 0.00296219 0.000194932 0.0160274 0.00658294 0.0317418 0.00042428 0.2438 0.337621 0.205463 0.00249963 0.0126391 
0.00282703 5.13486e-05 4.64896e-05 0.248284 0.0262892 0.00013217 0.0418208 0.000585546 0.0113176 0.00376035 0.252243 0.385281 0.0107951 0.00834353 0.00822171 
0.0667164 5.29416e-05 0.0002673 0.0664598 0.0801277 0.00139494 0.020152 0.000139923 0.170337 0.00813867 0.174367 0.30482 0.00929866 0.0959404 0.00178698 
0.053949 0.00948951 4.73624e-06 0.100616 0.0468148 0.00116812 0.0100809 0.00404473 0.0398406 0.00371325 0.276928 0.291366 0.142015 0.00831682 0.0116526 
0.0231669 0.00407533 0.00036323 0.157537 0.0446014 0.0015947 0.0144974 0.00797 0.00558382 0.0128698 0.297909 0.338188 0.0515787 0.0299466 0.0101185 
0.0541256 0.0107971 0.00135603 0.0554394 0.0174594 1.7944e-05 0.023879 0.0561448 0.0100287 0.000306402 0.295117 0.324038 0.133246 0.00907886 0.00896652 
0.246786 0.0615768 2.85999e-05 0.0585282 0.00190857 8.9518e-06 0.00690587 0.0195506 0.00299229 0.000973799 0.0817202 0.41099 0.0213863 0.00908879 0.0775548 
0.0382852 0.00195108 3.86221e-05 0.196084 0.046975 0.00700272 0.0599232 0.00181766 0.00618677 0.00288554 0.183828 0.336266 0.0862457 0.0192477 0.0132636 
0.0064109 0.000216074 4.22614e-05 0.139845 0.0171009 0.00276696 0.00784818 0.00382858 0.000743737 0.0106477 0.283235 0.50179 0.00689398 0.0164058 0.00222447 
0.0773758 0.0467405 1.50446e-07 0.0260465 0.00194116 4.55109e-06 0.00387218 0.0031025 0.284766 0.00169402 0.0422486 0.448599 0.0387954 0.00781296 0.0170003 
0.027477 3.19953e-06 7.03211e-07 0.21153 0.0142376 0.000139427 0.00115497 0.000522968 0.112155 0.00341985 0.154293 0.429119 0.0166881 0.0225364 0.00672373 
0.0487842 0.0222481 1.70187e-05 0.216783 0.0135163 9.4525e-05 0.112675 0.0216038 0.0204363 0.00121016 0.107891 0.270978 0.0602813 0.00199204 0.101488 
0.000488924 7.29618e-06 8.44172e-08 0.287752 0.0738767 1.72328e-07 0.000243692 5.56134e-05 0.0186464 0.000594564 0.0481064 0.537639 0.0310178 0.00157133 9.05755e-08 
0.0417706 0.0422717 0.000191296 0.0104318 0.00274743 0.000132423 0.00398651 0.00425571 0.00722026 0.000530779 0.0324774 0.69864 0.134976 0.00791945 0.0124487 
0.00726405 0.00481529 3.10149e-05 0.122229 0.0256926 0.000129553 0.00227504 0.00119022 0.0112513 0.00695013 0.344665 0.415992 0.0328532 0.0183775 0.00628352 
0.0050388 0.00260267 3.5005e-05 0.0752013 0.0129094 0.000131881 0.00373307 0.00552654 0.0157074 0.00328907 0.233825 0.409174 0.196771 0.0264086 0.009646 
0.0043203 0.00113719 7.25906e-06 0.0803692 0.088901 1.59732e-05 0.00514124 0.000905486 0.017285 0.0016486 0.314418 0.456889 0.0156844 0.0102572 0.00302011 
0.0185802 0.00339132 0.000121084 0.14508 0.0312739 0.000554419 0.00567658 0.00427791 0.00916347 0.00348587 0.251057 0.456167 0.0235388 0.0378153 0.00981836 
0.256762 0.0528323 0.000410328 0.131862 0.0173249 7.30951e-06 0.061994 0.0048968 0.00601449 0.00126001 0.0407245 0.305209 0.0303033 0.0268627 0.0635356 
0.218507 0.0149491 0.00263965 0.210858 0.0417997 0.000202793 0.0552313 0.000164437 0.0272233 0.00201549 0.044158 0.302999 0.0226339 0.0558119 0.000806089 
0.0620653 0.0162612 0.000159667 0.0647285 0.0287812 0.000480657 0.0189351 0.00228275 0.038522 0.00465858 0.258971 0.431887 0.0453027 0.0157493 0.0112152 
0.018278 0.0321463 2.54248e-07 0.108479 0.136532 0.000751635 0.00334604 0.010287 0.0196426 0.00190754 0.18485 0.204759 0.167464 0.0226388 0.0889174 
0.0146048 0.0065316 0.00014078 0.123492 0.047511 0.00059143 0.00828045 0.00142095 0.0192319 0.0201283 0.282008 0.309577 0.0901222 0.0357949 0.0405639 
0.147643 0.0249404 0.000216442 0.0841424 0.0479069 0.000112613 0.0567884 0.00927647 0.0159232 0.00605038 0.0710784 0.413854 0.0283045 0.0044992 0.0892631 
0.025776 0.000138484 0.000698675 0.219402 0.0268716 4.8332e-05 0.117141 0.000163605 1.98334e-08 0.00661017 0.0621457 0.459589 0.0127239 0.0677712 0.000920103 
0.00535633 2.58502e-05 0.000535816 0.17856 0.0349479 0.000206911 0.0220618 0.000278944 0.000594785 0.0255435 0.0827682 0.625621 0.00874465 0.014555 0.000199967 
0.00877834 0.00960517 0.000213047 0.152358 0.0375903 0.000854175 0.00569185 0.00372557 0.00403188 0.0130875 0.301411 0.418864 0.01929 0.0211144 0.00338452 
0.0374823 0.0659723 6.92487e-06 0.0246882 0.00469051 5.08051e-05 0.00100701 0.00633975 0.0175811 0.00153623 0.231189 0.551691 0.0367901 0.00515126 0.0158243 
0.00856554 0.000927718 0.000226347 0.103895 0.062287 0.000489715 0.0413092 0.000843653 0.0847025 0.00333345 0.0584953 0.313943 0.281214 0.0333519 0.00641577 
0.0165397 1.15457e-05 1.38775e-07 0.0430842 0.00551366 6.4991e-05 0.232785 0.00673686 0.0178774 0.00106016 0.204497 0.465392 0.000347877 0.00034213 0.00574718 
0.0487549 0.0708776 4.96752e-08 0.0315404 0.0144069 2.21322e-05 0.00159229 0.0143727 0.0349565 0.00044402 0.189782 0.459443 0.0871698 0.00362388 0.043014 
0.0117252 0.000829855 9.99489e-05 0.12373 0.0202539 0.00021891 0.0330855 0.00119758 0.129288 0.0139112 0.185441 0.441199 0.0214626 0.0123961 0.00516173 
0.00944525 7.16024e-05 0.00146 0.11655 0.020713 0.000139416 0.0142362 0.000124985 0.0102423 0.0044108 0.269312 0.478226 0.059725 0.0108245 0.00451999 
0.0807218 0.0215026 2.96019e-06 0.0339297 0.0588484 8.06346e-05 0.00860427 0.00844775 0.00728231 0.00179128 0.0449256 0.620413 0.0425539 0.0462591 0.0246368 
0.00802245 0.00260739 2.64655e-06 0.120791 0.0174256 0.000319725 0.0685146 0.0045077 0.100139 0.00393115 0.0572385 0.499985 0.0206884 0.000234694 0.0955928 
0.0374018 0.00277344 0.000390365 0.239566 0.028459 0.000124751 0.0194113 0.00178554 0.00625222 0.0130878 0.265765 0.309225 0.0442447 0.022385 0.00912863 
0.0652248 0.228418 2.40621e-05 0.0311853 0.00485976 0.00011627 0.00278063 0.0194993 0.0253807 0.0016372 0.12421 0.352336 0.0862342 0.0148255 0.0432683 
0.0101792 6.32478e-05 0.00298281 0.242107 0.0301052 2.0921e-05 0.271059 7.10777e-05 0.00881884 0.00100478 0.085625 0.275821 0.0306999 0.0412147 0.0002278 
0.0893601 0.132525 1.35534e-06 0.0141131 0.0309459 7.68108e-06 0.000952456 0.00873727 0.00749018 4.23633e-05 0.0651895 0.572645 0.0299037 0.00582935 0.0422572 
0.0291822 0.000338361 2.68344e-07 0.2068 0.0378918 6.95556e-05 0.00573516 0.000507487 0.00560563 0.0107357 0.147653 0.513763 0.0255583 0.0086909 0.00746789 
0.0112783 0.000692008 0.00114201 0.0590505 0.095891 0.00534344 0.0107137 0.00181115 0.0768924 0.0036669 0.166919 0.289555 0.265129 0.00399264 0.00792315 
0.172426 0.169059 3.49751e-11 0.00967948 0.000883519 1.64605e-05 0.000449038 0.0575559 0.00897684 0.00015036 0.0505538 0.27074 0.054918 0.00676063 0.19783 
0.0168058 0.000245217 6.73431e-05 0.223641 0.0225457 0.000233737 0.0161998 3.34855e-05 0.0215748 0.00571873 0.243857 0.376656 0.032553 0.0322775 0.00759061 
0.0392435 0.00482479 0.00053162 0.211514 0.0552134 0.000495752 0.0375915 0.009759 0.00878677 0.0205357 0.182665 0.312184 0.0300427 0.0718251 0.0147866 
0.00675729 3.09136e-05 0.00105347 0.00911541 9.8864e-05 2.34383e-05 4.05296e-05 5.42448e-06 1.45293e-05 0.00153065 0.000106136 0.980024 0.000120218 0.000951749 0.00012764 
0.00289487 3.74567e-05 0.000141877 0.0848561 0.0424333 0.0002721 0.00350854 0.000148869 0.207832 0.02031 0.182374 0.420628 0.0163463 0.0181405 7.57745e-05 
0.00193195 1.96384e-05 7.38366e-05 0.0369822 0.00398479 2.43959e-06 0.0218236 0.00154391 0.0257528 0.000967371 0.00748393 0.776601 0.114711 0.000283223 0.00783814 
0.117363 0.00869612 4.81933e-06 0.174725 0.0574173 1.35664e-05 0.153409 0.00744221 0.0172685 0.00186398 0.0258377 0.258921 0.0140037 0.00292916 0.160104 
0.0415794 0.0360284 0.00034242 0.0474322 0.0223598 0.00142428 0.0211293 0.0079398 0.0271885 0.00325656 0.159056 0.422245 0.158372 0.0123137 0.0393331 
0.000457105 2.99946e-05 7.84223e-08 0.0250809 0.0022931 0.00010666 0.000685684 7.55263e-05 0.00407546 0.000602176 0.0736799 0.880224 0.00875025 0.0034748 0.000463907 
0.0199413 0.00566736 7.01544e-05 0.0681797 0.026297 0.000148779 0.00482836 0.0018907 0.024949 0.00516211 0.196564 0.572182 0.0544126 0.00939136 0.0103151 
0.00691987 7.72918e-05 4.76845e-05 0.0848699 0.0238394 0.000192749 0.0633442 0.000130323 0.0122034 0.00470694 0.0996317 0.536088 0.161434 0.00572894 0.000786071 
0.00146417 1.43044e-06 3.83732e-05 0.0509481 0.0203164 1.70577e-05 0.0241228 1.97279e-05 0.0186515 0.0203961 0.233426 0.496205 0.0740174 0.00249796 0.0578777 
0.141792 0.00748886 0.00022268 0.106527 0.0645927 3.76708e-05 0.0137468 0.00141887 0.0751759 0.00255816 0.203156 0.263601 0.0995494 0.00574579 0.0143876 
0.000867657 5.84237e-06 0.000252241 0.177025 0.103445 0.0101544 0.106851 3.3229e-05 0.000547004 0.00363728 0.0139621 0.440399 0.124471 0.00696851 0.0113812 
0.0150356 0.0197235 0.000465429 0.104714 0.0511311 0.00106943 0.0212729 0.00164177 0.0135645 0.00563348 0.230136 0.467089 0.0236221 0.0310081 0.0138924 
0.00647232 0.0049567 0.000115211 0.188936 0.0420822 0.00179565 0.00178734 0.0017356 0.0640587 0.0140834 0.251202 0.277911 0.054771 0.0207142 0.0693784 
0.0142496 0.00375161 2.31032e-05 0.0337154 0.00232319 4.40288e-05 0.00288007 0.00206432 0.0863111 0.000655951 0.342438 0.366234 0.0644775 0.000921996 0.07991 
0.0250859 8.8085e-08 0.00101204 0.0958135 0.0279355 8.79977e-08 0.0104291 0.0020776 0.0328115 0.00739876 0.161627 0.550591 0.0554632 0.00510944 0.024645 
0.115165 0.00169815 0.000198938 0.0334916 0.0650701 0.000245138 0.0478109 0.00287014 0.0255557 0.00523716 0.148599 0.501945 0.0138936 0.0224277 0.0157914 
0.0591738 3.43273e-05 2.21662e-05 0.278243 0.0451268 0.000168391 0.0374766 0.000174007 0.00279612 0.00519905 0.20438 0.308236 0.0562909 0.0009365 0.00174218 
0.0161835 5.55301e-05 0.00103315 0.304756 0.0671871 0.000292931 0.0785861 7.73135e-05 0.00742582 0.00936836 0.159928 0.333281 0.00309472 0.0182415 0.00048802 
0.0559033 0.0500557 1.56046e-07 0.0217099 0.0123476 1.45102e-05 8.92021e-05 0.00492665 0.011632 0.00111898 0.166696 0.614916 0.037205 0.00701096 0.0163739 
0.0138543 0.000563079 8.99747e-05 0.130271 0.0555254 0.000307975 0.00376609 0.00831624 0.0849279 0.00531345 0.208388 0.396696 0.071534 0.00508535 0.015362 
0.0373799 0.00443089 0.000184045 0.247876 0.0788854 0.000587549 0.0160217 0.00205102 0.00615547 0.0315895 0.205503 0.268312 0.0203752 0.066374 0.0142747 
0.0300731 0.00493934 0.000202634 0.0823839 0.0278439 0.000373089 0.015338 0.00213582 0.0216639 0.00572915 0.209099 0.454216 0.0247466 0.012388 0.108867 
0.0981006 0.08801 1.04818e-08 0.0571455 0.0482692 1.20486e-06 0.000809132 0.0180043 0.05712 0.0164139 0.127396 0.256138 0.181726 0.000830866 0.0500351 
0.00154115 1.14815e-06 0.00202564 0.316533 0.0210808 7.66707e-05 0.0666073 0.000251836 0.0138165 0.00294829 0.119274 0.415443 0.0385766 0.00171911 0.000104569 
0.038035 0.000789544 5.07367e-05 0.161661 0.151419 2.18546e-05 0.00224979 0.00141494 0.0156458 0.0535838 0.22141 0.317751 0.0285165 0.00387758 0.00357331 
0.0309039 0.0164094 3.95952e-05 0.0511125 0.0149796 0.000101941 0.00357178 0.00719871 0.0156894 0.0139743 0.252466 0.392046 0.0834526 0.0166416 0.101412 
0.043885 0.0104678 2.00463e-05 0.0795765 0.0562951 0.0150344 0.0438221 0.003391 0.0252923 0.00221723 0.139481 0.357998 0.0398017 0.0438678 0.13885 
0.0177025 0.0017582 0.00121525 0.196681 0.0147332 0.00035909 0.0227882 0.00205577 0.00567728 0.00508689 0.299017 0.392483 0.0203496 0.0170977 0.00299548 
0.00917412 0.000935247 1.532e-05 0.0761593 0.227376 0.000342332 0.0113196 0.000772165 0.0361038 0.0505106 0.0710313 0.41949 0.0727696 0.018761 0.00523987 
0.0139368 2.2807e-05 3.24304e-10 0.0383332 0.035977 2.80185e-07 0.0335414 9.181e-06 0.00144501 0.00404122 0.0271147 0.478757 0.00188524 0.00703303 0.357903 
0.0190594 0.0238398 2.66296e-06 0.076841 0.0250976 0.000190393 0.00781543 0.00124603 0.192778 0.00305604 0.253933 0.263103 0.0777313 0.00241532 0.0528907 
0.0550007 0.0140077 1.06446e-05 0.0211899 0.0399583 0.00106076 0.00432873 0.00337654 0.0900636 0.0124019 0.0867321 0.388595 0.0295649 0.0106851 0.243024 
0.176842 0.00231939 0.000143481 0.175118 0.0230946 0.000397171 0.0558288 0.00138385 0.00389583 0.0258604 0.0860957 0.394146 0.0371758 0.0115786 0.00612028 
0.000587475 2.11283e-05 0.000503477 0.0563961 0.0218778 0.000836492 0.00548309 0.000384297 0.00176746 0.00251115 0.299417 0.480455 0.118414 0.0102844 0.00106132 
0.0341299 0.00387528 0.000267734 0.186357 0.0839408 0.000546497 0.0347834 0.00238092 0.0357844 0.0373323 0.254571 0.255036 0.0276417 0.0318713 0.0114825 
0.00118506 3.05606e-05 0.000184782 0.160167 0.0196726 0.00015946 0.187645 4.32198e-05 0.0686528 0.0057937 0.190521 0.282048 0.0762173 0.00729217 0.000387313 
0.00347328 0.00276906 0.00084509 0.0149703 0.00221698 8.77548e-07 0.00139034 0.00143656 0.000114997 0.00126815 0.00540426 0.95371 0.00711735 0.000468441 0.0048144 
0.0352108 0.00311194 5.0807e-05 0.0318929 0.0158885 4.6897e-05 0.00220393 0.00217028 0.0030756 0.00684215 0.1228 0.634173 0.0555553 0.0782084 0.00876927 
0.00986543 0.0007986 3.63794e-05 0.162086 0.0575232 0.000292875 0.00478583 0.00170025 0.0295211 0.017691 0.287817 0.322828 0.0680638 0.0162429 0.0207475 
0.00281952 3.77717e-06 0.000987697 0.0113218 0.250796 0.00016418 0.0124517 0.000226568 0.326607 0.0144162 0.0077166 0.341526 0.00776631 0.0217686 0.00142817 
0.0428013 0.00336236 5.25277e-06 0.105066 0.0438393 0.000374441 0.0239103 0.00404157 0.0746349 0.00534676 0.0697048 0.4912 0.0352953 0.0557636 0.0446534 
0.0441458 0.0166023 0.000289455 0.0826386 0.0272839 0.000355229 0.305429 0.000161532 0.00487845 0.0114409 0.0180854 0.415124 0.0158139 0.00247963 0.0552719 
0.00143776 3.55147e-05 0.000755002 0.0761057 0.0014092 0.000142997 0.00699566 8.10456e-05 0.00135905 0.000319595 0.292478 0.557725 0.0571717 0.00172845 0.00225503 
0.0139368 2.2807e-05 3.24304e-10 0.0383332 0.035977 2.80185e-07 0.0335414 9.181e-06 0.00144501 0.00404122 0.0271147 0.478757 0.00188524 0.00703303 0.357903 
0.014269 3.00746e-05 0.000104289 0.167041 0.0223449 0.000238129 0.0186738 8.95614e-06 0.00569427 0.00201246 0.242107 0.485589 0.024098 0.017688 0.000102025 
0.00496329 0.00544504 4.17806e-06 0.00453299 0.00114457 1.14751e-05 0.00158267 3.64246e-05 0.0010394 0.000122904 0.112512 0.837896 0.0264953 3.31205e-06 0.00420979 
0.0139368 2.2807e-05 3.24304e-10 0.0383332 0.035977 2.80185e-07 0.0335414 9.181e-06 0.00144501 0.00404122 0.0271147 0.478757 0.00188524 0.00703303 0.357903 
0.0132682 0.0065222 0.000178797 0.090321 0.0197761 0.00017437 0.00192603 0.00834763 0.00164056 0.0060401 0.247824 0.54412 0.0230622 0.0242024 0.0125961 
0.0790154 0.00961616 8.33065e-06 0.0912093 0.0755987 1.10003e-05 0.0213483 0.00258773 0.0559149 0.000998479 0.0359442 0.567999 0.0194443 0.0282097 0.0120947 
0.0146216 2.02477e-05 0.000213591 0.053229 0.00683857 4.72499e-05 0.00706513 0.000206397 0.007592 0.00259639 0.0542637 0.816107 0.0196377 0.0156334 0.00192803 
0.0130415 0.00325877 0.000282487 0.199178 0.0434272 0.000291475 0.0214788 0.00445047 0.01856 0.0242943 0.205704 0.407369 0.023932 0.0303189 0.00441331 
0.0397056 0.0167108 0.000779746 0.0877777 0.0246264 3.23036e-05 0.0048286 0.0153463 0.0041563 0.00236225 0.0908167 0.368152 0.177473 0.0825263 0.0847053 
0.120173 0.0460568 0.000619609 0.0159487 0.00597516 0.00182243 0.00703443 0.00635762 0.0284911 0.000418549 0.123127 0.439271 0.1697 0.00436603 0.030638 
0.024809 0.0135906 2.84184e-05 0.0753785 0.0142471 7.33517e-05 0.00212965 0.00675439 0.00374747 0.00325274 0.270029 0.37088 0.153797 0.0302923 0.0309909 
0.0701209 0.00465704 0.00209285 0.12735 0.0263172 5.21679e-05 0.0138801 0.00279568 0.0491963 0.00381016 0.0618054 0.467888 0.0316059 0.00568957 0.132739 
0.0144314 0.000122096 0.000127756 0.299813 0.0395478 7.23523e-05 0.0660818 0.000874249 0.0285835 0.0037819 0.0641549 0.453038 0.0129042 0.0143274 0.0021399 
0.00347328 0.00276906 0.00084509 0.0149703 0.00221698 8.77548e-07 0.00139034 0.00143656 0.000114997 0.00126815 0.00540426 0.95371 0.00711735 0.000468441 0.0048144 
0.00235977 0.000352565 5.16856e-05 0.18348 0.0102697 0.000532471 0.00459005 0.00472416 0.000671203 0.0102046 0.281712 0.477424 0.0128185 0.00674627 0.00406333 
0.0499695 0.0060474 1.9445e-05 0.0186657 0.00197595 6.50546e-07 0.0171423 0.00288532 0.00536883 0.00025347 0.0204864 0.535763 0.292019 0.00315503 0.0462484 
0.0523615 0.0130361 0.000318872 0.0689353 0.0426457 0.000221995 0.044329 0.0219941 0.0674965 0.0115525 0.120375 0.373801 0.151484 0.0127902 0.0186583 
0.171791 0.0573044 0.00163715 0.177546 0.0241048 4.10272e-07 0.140058 0.000870145 0.00527731 0.0116442 0.00873859 0.345666 0.0207253 0.011977 0.0226589 
0.0296603 0.000409626 0.000295704 0.212242 0.054309 0.000207899 0.025759 0.000920501 0.00993856 0.0213353 0.152573 0.319055 0.0797527 0.0743313 0.0192102 
0.0139368 2.2807e-05 3.24304e-10 0.0383332 0.035977 2.80185e-07 0.0335414 9.181e-06 0.00144501 0.00404122 0.0271147 0.478757 0.00188524 0.00703303 0.357903 
0.0106873 0.0027645 0.000136501 0.113898 0.0524767 0.00224672 0.0261723 0.00116878 0.164532 0.0144835 0.211703 0.323252 0.0458567 0.0180087 0.0126127 
0.027075 0.00967661 0.00176447 0.0800306 0.0363906 0.0017616 0.0154747 0.00334332 0.102756 0.00641859 0.129754 0.489463 0.0462967 0.0174911 0.0323036 
0.0121098 0.000194421 0.000769312 0.329016 0.0295915 0.000200019 0.00683983 7.79766e-05 0.00088037 0.0629737 0.0946999 0.44395 0.00518736 0.0126506 0.000859039 
0.0181675 0.000918916 0.00142968 0.155906 0.0124584 1.91204e-05 0.198939 0.000783312 0.00123931 0.00243474 0.154492 0.232782 0.0221129 0.0133248 0.184992 
0.08856 3.62518e-05 2.07958e-08 0.101095 0.0083612 2.74628e-09 0.00389675 3.84256e-08 0.0176659 0.00826809 0.127444 0.574763 0.0669937 0.00194658 0.000969974 
0.0825417 0.0965115 1.00684e-06 0.0724164 0.00233769 0.000151592 0.0267498 0.188728 0.097615 0.000704049 0.0290997 0.340132 0.0223322 0.00443349 0.0362457 
0.0465301 9.34904e-05 3.7991e-05 0.0711318 0.00543218 4.85393e-05 0.0907385 0.000261708 0.0388536 0.000478823 0.0554513 0.653722 0.0306984 0.00109572 0.00542599 
0.0155354 0.000326574 7.47944e-08 0.13991 0.0382045 6.97617e-05 0.00390134 0.00308688 0.03509 0.0246431 0.192763 0.366327 0.0326113 0.141535 0.00599532 
0.0987779 0.0345504 4.6529e-06 0.0358541 0.032016 4.017e-05 0.00467846 0.0133134 0.117274 0.00188314 0.0391717 0.541426 0.0461367 0.00195323 0.03292 
0.00345811 1.18754e-05 0.000212224 0.158674 0.029708 0.000382533 0.0104864 7.65026e-05 0.00863308 0.00967065 0.350323 0.37565 0.00726144 0.0450506 0.000401007 
0.0209202 0.00378563 0.000929926 0.115524 0.0553236 0.00347631 0.00899478 0.00116802 0.0395815 0.00888377 0.240641 0.32858 0.1242 0.0260194 0.0219712 
0.0053607 0.000345099 0.000135638 0.230879 0.0417932 0.00256544 0.0135273 0.00041545 0.0949269 0.0148151 0.232776 0.283427 0.0230293 0.0520849 0.00391847 
0.0380164 0.000246859 7.48094e-06 0.176294 0.00570542 0.000101301 0.00722551 0.00145233 0.0010385 0.00827828 0.092012 0.628103 0.0242904 0.00207127 0.0151568 
0.0995044 0.00457291 7.14979e-06 0.248265 0.021186 8.43008e-05 0.0470697 0.00191111 0.0445973 0.00514745 0.0777037 0.366897 0.0526174 0.000671885 0.0297643 
0.00107318 0.000559743 1.81523e-05 0.0352498 0.0146785 0.000234601 0.0226916 4.72092e-05 0.307011 0.00172953 0.15805 0.337549 0.104038 0.00107156 0.0159984 
0.0599674 0.0207344 0.00458864 0.0661094 0.0419518 0.020251 0.0138614 0.00333315 0.0316282 0.0086815 0.219166 0.422626 0.0486184 0.0268239 0.0116585 
0.00165514 3.78752e-06 6.72082e-07 0.149874 0.0386718 0.000173969 0.0258726 6.67361e-05 0.0877857 0.015927 0.149521 0.446659 0.0656279 0.0181374 2.27733e-05 
0.00637285 1.34289e-05 5.67063e-05 0.165641 0.0963675 0.00233351 0.0261193 0.00124832 0.0523663 0.0132012 0.148307 0.392473 0.0401757 0.0469843 0.00834008 
0.0262232 7.381e-05 0.00240346 0.0937857 0.019256 0.00017443 0.0168469 0.000951641 0.0156539 0.000896203 0.11736 0.363529 0.311607 0.0277467 0.00349251 
0.000758495 4.41254e-07 4.68167e-06 0.0345563 0.0115431 1.53101e-08 0.000175014 0.000375083 0.218687 0.00275862 0.0734914 0.388716 0.228273 3.24442e-05 0.0406288 
0.0276948 0.00962559 1.86088e-05 0.0319305 0.0194389 4.44112e-05 0.00312249 0.00475284 0.0611797 0.0040708 0.131742 0.615887 0.0370205 0.00612646 0.0473463 
0.00120575 0.000646401 4.42195e-05 0.0931856 0.0140276 0.000481382 0.00110977 0.00230042 0.00563369 0.00449332 0.341952 0.419532 0.0322096 0.075547 0.00763065 
0.0441458 0.0166023 0.000289455 0.0826386 0.0272839 0.000355229 0.305429 0.000161532 0.00487845 0.0114409 0.0180854 0.415124 0.0158139 0.00247963 0.0552719 
0.00974692 0.000751515 0.000159719 0.21924 0.039267 0.00163054 0.00800717 0.00104077 0.0649056 0.00878848 0.247099 0.323842 0.0435253 0.0214468 0.0105487 
0.228185 0.021338 2.05925e-07 0.126822 0.00927584 3.57327e-06 0.0418495 0.00463761 0.0248879 0.000568849 0.0906716 0.277619 0.0924284 0.00101303 0.0806987 
0.000166897 4.56638e-05 8.31879e-06 0.241041 0.036952 0.000823376 0.00438737 3.06076e-05 0.00233717 0.00268576 0.313915 0.372695 0.0238292 0.000953331 0.000129753 
0.0234858 1.43202e-05 0.000399709 0.211484 0.108658 0.000144378 0.0434421 0.000466719 0.017294 0.0271915 0.105022 0.404358 0.00224938 0.0551713 0.000619152 
0.032692 0.00640261 8.21509e-06 0.0173409 0.00359345 0.000114663 0.0184607 0.0042477 0.0132776 0.000351399 0.0328419 0.793554 0.0242659 0.00446009 0.0483888 
0.022169 0.000490869 0.00018945 0.199485 0.0765854 0.000324457 0.0773447 0.000827966 0.032949 0.0144547 0.224512 0.25881 0.0434289 0.0454485 0.0029794 
0.00379894 0.00255165 5.51421e-06 0.0504303 0.00436398 0.000116535 0.000397777 0.00129083 0.146317 0.00318581 0.250051 0.486634 0.0492997 0.000503956 0.00105196 
0.0795242 0.000537062 6.81229e-06 0.0552012 0.0221043 1.98028e-06 0.0303865 0.00183824 0.00242903 0.00106466 0.0629385 0.598502 0.0273003 0.104545 0.0136196 
0.0139368 2.2807e-05 3.24304e-10 0.0383332 0.035977 2.80185e-07 0.0335414 9.181e-06 0.00144501 0.00404122 0.0271147 0.478757 0.00188524 0.00703303 0.357903 
0.0178398 0.390623 0.000422831 0.0165883 0.00252605 3.69724e-06 0.000945222 0.00302792 0.000705068 0.000868411 0.0170732 0.52965 0.0105143 0.000536354 0.00867548 
0.0905143 0.0676845 8.03409e-07 0.0488048 0.017864 0.000985866 0.0461197 0.0143966 0.00982718 0.000664969 0.061113 0.523103 0.0455165 0.0098955 0.0635089 
0.0677214 0.00316828 0.00121593 0.02678 0.0170858 0.000321373 0.023638 0.00134558 0.00218589 0.00459999 0.130571 0.378615 0.27429 0.00603153 0.0624298 
0.0256524 0.00963441 0.000194817 0.126592 0.0153256 0.00299283 0.0179667 0.0065948 0.0164084 0.0050416 0.153672 0.549231 0.0354262 0.014925 0.0203424 
0.0516213 0.004728 0.000560054 0.133128 0.0348033 4.46804e-05 0.10022 0.00298402 0.00139679 0.00346289 0.0228749 0.592135 0.0315594 0.00390993 0.0165711 
0.020646 0.0030561 0.000145924 0.185429 0.0622047 0.000370511 0.0256584 0.011716 0.0141549 0.0151883 0.279252 0.280413 0.0642616 0.0203393 0.0171649 
0.271537 0.0194034 0.00150337 0.122049 0.00702863 5.23343e-05 0.0214199 0.000821476 0.0109075 0.00066043 0.127429 0.315994 0.0869915 0.0127301 0.0014724 
0.0326476 0.0161735 1.98251e-06 0.0234783 0.0149214 0.00015958 0.00204054 0.0111534 0.0056883 0.00240133 0.0793521 0.630846 0.117285 0.0495868 0.0142646 
0.0143585 0.0138092 0.000323951 0.0955168 0.0513902 0.00431962 0.0170422 0.00735081 0.00674552 0.00970161 0.168773 0.522133 0.0182802 0.0446631 0.0255921 
