0.162946 7.59253e-05 0.000304425 0.152656 0.180597 0.000919997 0.04471 2.02244e-05 0.00114449 0.00935228 0.127176 0.116545 0.000424499 0.198046 0.00508224 
6.66332e-06 1.31496e-06 3.95511e-07 0.0520616 0.294081 0.000234121 0.00315542 1.51124e-05 0.0124627 0.0564945 0.0169296 0.00957042 0.0191465 0.535238 0.000602961 
0.00697434 4.84921e-05 8.81494e-09 0.095845 0.289594 0.00278319 0.00298733 0.00029852 0.0041333 0.00482679 0.103412 0.068892 0.00488352 0.415142 0.000178909 
0.00014394 5.54011e-05 1.65077e-05 0.0269414 0.259066 0.00363973 0.000660096 7.34144e-05 0.000638347 0.00679253 0.0852823 0.00701844 0.0159465 0.586977 0.00674871 
0.0333952 0.0067713 0.000126404 0.0829831 0.18758 3.3895e-05 0.113599 0.00777598 0.00406734 0.0338667 0.12814 0.042867 0.00674835 0.275599 0.0764467 
2.49127e-05 1.20567e-05 1.42318e-05 0.049345 0.0322638 0.000162849 0.00237012 0.00294157 0.0254671 0.00571629 0.0261888 0.0726331 0.0214586 0.758002 0.00339947 
0.000476499 3.76123e-05 3.46875e-05 0.051644 0.107259 0.00123886 0.00229116 0.000236534 0.000487424 0.0382485 0.093022 0.0162244 0.00147542 0.687065 0.00025888 
0.00524635 1.23621e-05 8.79518e-08 0.0259022 0.119814 0.00158349 0.00207791 6.48851e-06 0.000188133 0.00725704 0.0419833 0.0195219 0.000275163 0.775322 0.0008097 
0.000218452 2.08965e-05 4.0193e-05 0.0710713 0.357062 0.00781344 0.00269653 3.5908e-05 0.000206161 0.021596 0.0892907 0.0105543 0.0190107 0.420229 0.000155049 
1.27713e-05 1.09114e-06 5.89967e-07 0.0242542 0.215634 0.000450635 0.000239862 7.93096e-06 0.000263412 0.0176023 0.013719 0.00265885 0.00131176 0.723698 0.000146154 
0.0108271 0.000795526 2.92576e-05 0.0515887 0.0406392 0.000784283 0.00113897 0.00309006 0.00554406 0.00395693 0.0636895 0.258087 0.0255818 0.528664 0.00558392 
0.00383053 4.419e-05 4.84896e-05 0.0464341 0.108742 0.000827569 0.00307544 0.00118471 0.00343194 0.170291 0.0735745 0.0321573 0.011561 0.543284 0.00151422 
0.00950036 0.000143302 1.12715e-05 0.112116 0.233353 0.000460607 0.0368831 0.00014012 0.00544158 0.0992444 0.125167 0.0195076 0.0020554 0.354795 0.00118061 
0.0106996 0.000201244 0.000694284 0.105654 0.29001 0.00212114 0.0161911 0.00131656 0.0101419 0.0494929 0.0998344 0.0606777 0.0110147 0.336493 0.00545832 
0.00226886 1.91996e-05 0.000120011 0.0466722 0.0701286 0.000444398 0.0029943 9.94527e-05 0.000413113 0.0264079 0.217466 0.0250295 0.00874911 0.597821 0.00136627 
0.0113804 0.000749193 0.000922838 0.0994894 0.0436111 0.00230797 0.00795923 0.00114131 0.0420308 0.00397603 0.208663 0.212652 0.0552347 0.2981 0.0117819 
0.00197936 6.35886e-05 6.59957e-05 0.0567288 0.160404 0.00405432 0.0716902 0.000215225 0.00358498 0.0544709 0.128421 0.0388477 0.0247341 0.454268 0.000472718 
0.018349 1.49464e-06 0.000194918 0.0532187 0.327012 0.00012045 0.000244577 0.00726357 0.000256418 0.132503 0.0456493 0.0127333 0.0269574 0.375392 0.000103419 
0.0227516 0.000158178 2.54927e-05 0.0762268 0.339146 0.00229015 0.010114 0.00413793 0.00175079 0.065639 0.0869002 0.0349523 0.00602398 0.341219 0.0086642 
3.09415e-05 9.72466e-06 0.000236222 0.036253 0.0962472 0.00478947 0.00240368 0.0323794 0.000883207 0.0151558 0.0421569 0.0338055 0.00359773 0.73197 8.06962e-05 
0.000441375 3.07608e-05 3.46906e-05 0.0317682 0.0753933 0.000964532 0.00224285 0.000216846 0.000295876 0.0255448 0.0554784 0.010057 0.00119892 0.796102 0.000230308 
0.000163737 2.37761e-05 5.25847e-05 0.0308593 0.162904 0.00261622 0.00515061 6.17227e-05 0.000901059 0.00703285 0.0314151 0.00740002 0.00512304 0.74166 0.00463655 
0.0109307 4.23731e-05 9.82009e-07 0.0307021 0.330825 0.000381288 0.00185649 0.000701923 0.00114509 0.025866 0.134119 0.0365759 0.00110475 0.42562 0.000128646 
0.000173264 8.16094e-07 2.8518e-07 0.0249743 0.154035 7.31732e-05 0.000236826 0.00746655 0.000596031 0.334713 0.0532666 0.00799363 0.0160268 0.400195 0.000249014 
0.00063128 1.23041e-05 7.98898e-05 0.036716 0.102166 0.00164361 0.00549241 0.00347003 0.00120203 0.00790915 0.0567909 0.0269542 0.00872334 0.74722 0.000989403 
0.0102277 0.000547608 1.32842e-05 0.0919639 0.17671 0.00133558 0.00586855 0.000341636 0.00540623 0.0142383 0.0376491 0.0481102 0.00232988 0.594509 0.0107487 
0.00493321 0.00345582 1.01078e-05 0.0382416 0.180477 0.00213623 0.00054724 0.0017962 0.00247572 0.00782857 0.118303 0.032611 0.06278 0.374114 0.17029 
0.0101878 0.00341295 1.65008e-05 0.262103 0.143123 0.0124284 0.0145426 0.0013626 0.0159874 0.0115817 0.111367 0.122172 0.012566 0.262992 0.0161574 
0.0467191 1.90699e-05 2.35885e-05 0.0358081 0.191243 0.000167683 0.00117328 0.00717206 0.000852834 0.0677765 0.084719 0.0170843 0.00638105 0.540538 0.000321939 
0.00198477 1.37969e-05 1.48223e-05 0.0292387 0.0933037 0.00104247 0.00429461 3.1557e-05 0.00141343 0.00938299 0.0760533 0.0247538 0.00259406 0.75199 0.00388773 
0.043578 0.000324875 2.57731e-05 0.150802 0.198833 0.00092264 0.0874378 0.00153846 0.0175562 0.00294387 0.026686 0.0364136 0.0101053 0.412606 0.0102263 
0.208199 0.0343549 1.33115e-08 0.0595623 0.0798912 0.000308162 0.00218992 0.0111092 0.00714594 0.0131029 0.0773375 0.157511 0.0218094 0.270723 0.0567556 
0.0263016 0.00223891 0.000158341 0.143024 0.0725461 0.00169491 0.106342 0.00108346 0.00456496 0.00181114 0.161075 0.154942 0.0239646 0.278726 0.0215279 
0.0149976 0.000470647 0.000149096 0.0814678 0.265184 0.00321169 0.00933732 0.00918694 0.00397976 0.0540103 0.155553 0.0426772 0.0245045 0.325983 0.00928673 
0.0213702 0.00751091 1.05317e-06 0.0758741 0.138102 0.00137319 0.137497 0.00793965 0.00780588 0.0254801 0.0944909 0.0862893 0.0679239 0.236701 0.0916409 
0.000573364 8.01876e-06 5.45025e-08 0.0333071 0.157155 0.000728766 0.00237446 4.02668e-05 0.000493097 0.0138989 0.0794446 0.0375541 0.0185454 0.655364 0.000513162 
7.27536e-05 8.42858e-06 5.00011e-06 0.0286853 0.0601341 0.00031119 0.00120286 0.00307864 0.00124637 0.00601886 0.0222681 0.00440061 0.00306987 0.869403 9.48724e-05 
0.00602187 5.15826e-05 3.03728e-05 0.0577853 0.319594 0.000825563 0.00872438 0.0150782 0.015899 0.0540803 0.0930006 0.0355741 0.00856488 0.383441 0.00132894 
0.00047805 0.000182718 3.30431e-07 0.0251913 0.288825 0.00269647 0.000198799 0.00483829 0.00290556 0.117463 0.0316816 0.00493439 0.00715669 0.510339 0.00310833 
6.66332e-06 1.31496e-06 3.95511e-07 0.0520616 0.294081 0.000234121 0.00315542 1.51124e-05 0.0124627 0.0564945 0.0169296 0.00957042 0.0191465 0.535238 0.000602961 
0.0064643 0.00141625 0.000241734 0.12659 0.149688 0.00550918 0.0190303 0.00127409 0.00491406 0.0139576 0.105801 0.0796253 0.0316889 0.441165 0.0126337 
0.0350073 2.07705e-05 2.27555e-05 0.0569334 0.213271 0.000493663 0.00102763 0.00202637 0.000826523 0.0737605 0.136352 0.0437028 0.0106976 0.425203 0.00065513 
0.141963 0.0956204 1.74622e-07 0.0636391 0.128513 0.000307967 0.00476889 0.0124031 0.00770813 0.0466861 0.0966582 0.122051 0.016219 0.214196 0.0492645 
0.000573364 8.01876e-06 5.45025e-08 0.0333071 0.157155 0.000728766 0.00237446 4.02668e-05 0.000493097 0.0138989 0.0794446 0.0375541 0.0185454 0.655364 0.000513162 
0.0104455 0.000274537 6.74166e-05 0.114081 0.245788 0.00124196 0.0130243 0.000263467 0.00245292 0.0340158 0.117454 0.0668377 0.0248993 0.368884 0.000269712 
0.000881315 2.11446e-05 1.05682e-05 0.0371794 0.122888 0.00145346 0.00149217 5.90361e-05 0.00169778 0.00298402 0.0282028 0.0392969 0.00580017 0.757344 0.000689574 
0.00393872 5.00995e-05 1.43969e-06 0.0208052 0.26644 0.000158198 0.00189527 0.000136097 0.000446236 0.0218748 0.0806934 0.0208049 0.00103242 0.581659 6.40472e-05 
0.000303866 6.85437e-05 2.5778e-05 4.00765e-05 0.000109131 3.99306e-05 2.91085e-05 7.38389e-05 9.78766e-06 0.000166289 0.000231841 4.99411e-05 3.1518e-05 0.998707 0.000113178 
0.00117585 1.55709e-07 6.29152e-05 0.00393316 0.000559096 8.88013e-07 0.313258 0.00584538 0.000135258 0.000816583 0.059684 0.0817868 0.00173459 0.530902 0.000105254 
4.21201e-05 3.30863e-05 7.64052e-06 0.0233639 0.231058 0.00205608 0.000602019 6.73695e-05 0.000211666 0.00633667 0.0522776 0.00362876 0.00689502 0.671851 0.00156869 
0.00632134 0.000348041 0.00965048 0.0410332 0.143594 0.0574774 0.00887578 0.00372887 0.00602149 0.00994137 0.0677213 0.037218 0.0166566 0.588973 0.0024389 
0.000618105 2.87277e-05 8.71162e-05 0.0389963 0.0771038 0.00134473 0.00158678 0.00146035 0.00113757 0.0412142 0.0714008 0.0234855 0.00864663 0.7323 0.000589121 
0.0889298 0.00233187 2.76376e-05 0.0524708 0.162306 0.00137681 0.0179013 0.00134019 0.0119164 0.0129646 0.135047 0.089649 0.0164754 0.394167 0.0130958 
7.27536e-05 8.42858e-06 5.00011e-06 0.0286853 0.0601341 0.00031119 0.00120286 0.00307864 0.00124637 0.00601886 0.0222681 0.00440061 0.00306987 0.869403 9.48724e-05 
0.0809054 0.0102617 3.26486e-06 0.0826805 0.106052 0.00287415 0.00223351 0.00572764 0.00312932 0.00933162 0.0779026 0.100237 0.0100021 0.484934 0.0237251 
0.007352 2.17263e-05 4.44034e-05 0.0340556 0.136776 0.00011007 0.00117989 0.00684841 0.000881914 0.0499595 0.0848009 0.0157957 0.00601457 0.655851 0.000307524 
0.00189316 3.36818e-05 1.88848e-05 0.0539239 0.108328 5.59986e-05 0.00344485 0.0101292 0.0016967 0.0661484 0.164155 0.051845 0.0317053 0.504636 0.00198585 
0.0254169 3.21712e-06 1.53936e-06 0.0836846 0.327831 0.00233746 0.0111941 0.000791268 0.000345895 0.0278585 0.0811657 0.0276299 0.0214787 0.389994 0.000267783 
0.000592556 8.016e-06 2.65239e-08 0.033307 0.0998342 0.000728718 0.00237442 4.02499e-05 0.000493074 0.00691914 0.0794445 0.035447 0.0159698 0.724328 0.000513135 
0.0149886 5.10632e-05 5.10593e-05 0.0913739 0.098797 0.00205004 0.000670494 0.000593178 0.00599129 0.00461582 0.0417888 0.0951477 0.0593646 0.569494 0.0150224 
0.0121077 0.000136691 4.59145e-05 0.0495415 0.237338 0.000397951 0.0301879 7.8085e-05 0.00426307 0.0104273 0.0423685 0.0333536 0.00234617 0.552011 0.0253961 
0.00048413 6.56109e-06 4.82475e-08 0.0282377 0.155507 0.000596269 0.00198081 5.12493e-05 0.000403446 0.0119638 0.0650001 0.0307786 0.0151735 0.689397 0.000419862 
0.00504227 1.67648e-05 1.15758e-05 0.0383967 0.157996 0.00271592 0.012337 3.53755e-05 0.00154472 0.00712977 0.0675987 0.0303568 0.00120071 0.673188 0.00242981 
0.00481061 8.92863e-05 7.66122e-12 0.147254 0.262837 0.00321648 0.0113063 8.75249e-05 0.00687759 0.00711547 0.086149 0.0926369 0.00144589 0.375556 0.00061883 
0.00207138 2.90913e-05 7.78449e-05 0.13084 0.280449 0.00221854 0.0269335 0.000119331 0.0114473 0.0403965 0.117777 0.0371135 0.0172838 0.33013 0.00311399 
0.0183919 0.000132787 8.72875e-09 0.0180445 0.17992 0.000615377 0.00398208 0.00065224 0.00099924 0.00610462 0.0524559 0.022312 0.00051341 0.693608 0.00226836 
0.000133915 1.52824e-06 2.72813e-06 0.0651381 0.279575 5.67128e-05 0.0128738 0.0718534 0.00129588 0.033055 0.0981199 0.0136095 0.00602002 0.41726 0.00100387 
0.0124771 0.000398625 3.9966e-05 0.0603715 0.179925 0.00676658 0.00656477 0.000555704 0.00256388 0.0162769 0.0894922 0.0282842 0.00969523 0.579452 0.00713623 
0.0157914 0.00192412 5.76661e-05 0.0365189 0.0864816 0.00171584 0.00863118 0.00285157 0.00625791 0.00329002 0.0784858 0.154902 0.0186189 0.564771 0.0197026 
0.00105019 2.53266e-05 0.00237895 0.212857 0.236482 0.000892671 0.0181448 0.0526171 0.00215749 0.0102476 0.0781104 0.0396625 0.00622637 0.338668 0.000480376 
0.205867 0.00491553 3.39094e-06 0.125969 0.101015 0.000361321 0.0841644 0.00128866 0.00144393 0.000130606 0.0071342 0.0390725 0.0422808 0.314844 0.0715087 
0.0246255 0.0032363 6.86244e-05 0.037788 0.0800209 0.00139404 0.00203645 0.0031226 0.00142644 0.0164609 0.0657044 0.0388006 0.00623084 0.709533 0.00955103 
0.000427368 9.30603e-06 3.16029e-05 0.0633208 0.323404 0.0145791 0.00299399 0.00100583 0.00104706 0.00545928 0.0324907 0.0112898 0.00543852 0.5381 0.000402848 
0.0400291 0.00336524 1.00936e-06 0.0707166 0.137289 0.00199248 0.00222736 0.00387696 0.00445234 0.00892148 0.0902506 0.087069 0.00987826 0.530079 0.00985143 
0.00189316 3.36818e-05 1.88848e-05 0.0539239 0.108328 5.59986e-05 0.00344485 0.0101292 0.0016967 0.0661484 0.164155 0.051845 0.0317053 0.504636 0.00198585 
4.31723e-06 1.31782e-06 5.65647e-12 0.0420832 0.310373 0.000691055 3.89679e-05 0.04241 4.19884e-06 0.210308 0.0156748 0.00233622 0.00103194 0.374986 5.57246e-05 
0.0310595 3.31093e-05 3.06112e-05 0.0817085 0.210703 0.00075595 0.00127811 0.0025563 0.00122112 0.0830611 0.170825 0.0581039 0.0116896 0.346457 0.00051744 
0.000107907 2.19163e-05 3.57376e-09 0.00176641 0.00818911 0.00931041 0.000425631 0.000343735 2.28611e-05 0.00114745 0.000264812 0.000147376 2.32425e-05 0.978154 7.48813e-05 
0.000274396 1.59716e-05 8.56605e-05 0.0344391 0.089651 0.00111826 0.00250261 0.000146913 0.00126742 0.019497 0.0516374 0.0135137 0.00294583 0.782743 0.000161335 
0.00245983 2.46324e-05 2.77995e-05 0.0409174 0.139702 0.000860648 0.0176443 0.000237312 0.00341231 0.0415671 0.0567997 0.0286453 0.00405848 0.663254 0.000389053 
0.00635148 1.51091e-05 1.07461e-07 0.0314525 0.144459 0.00193538 0.00253724 7.05031e-06 0.000229939 0.00885195 0.0513129 0.0238601 0.000329033 0.727708 0.000950399 
0.000113517 4.5985e-06 2.42355e-11 0.0724269 0.333363 0.00148004 0.000548639 1.24513e-05 3.80886e-05 0.0133448 0.0574176 0.0330881 0.0443688 0.4437 9.2672e-05 
0.0405928 2.70921e-05 2.50536e-05 0.0739794 0.22984 0.000700061 0.0013032 0.00209155 0.00117214 0.0754877 0.185214 0.0561974 0.0136672 0.319093 0.000609764 
0.0226033 0.00289082 6.26904e-05 0.0683628 0.0862534 0.00302164 0.00150308 0.00347971 0.00286788 0.0096259 0.0855322 0.0853042 0.0189311 0.598214 0.0113474 
0.104823 0.0109087 5.90047e-05 0.102003 0.0844749 0.00196093 0.1084 0.00516293 0.00626539 0.00686541 0.135185 0.104896 0.0273849 0.2521 0.0495095 
0.00139861 1.4827e-05 5.84425e-06 0.0477302 0.198625 0.000979106 0.0171123 0.000194398 0.00312364 0.0136471 0.0928915 0.0905804 0.00158507 0.529339 0.00277343 
0.0226853 0.00234729 4.70031e-05 0.0372906 0.091678 0.00124327 0.00207493 0.00217579 0.00159508 0.00739046 0.0775612 0.0589182 0.0209566 0.664218 0.00981843 
0.0226041 0.00112052 6.20202e-05 0.0764449 0.206986 0.00219157 0.00646186 0.00060985 0.0023496 0.100255 0.0561186 0.0328819 0.00531852 0.48393 0.00266563 
0.000872542 1.66957e-05 7.53858e-06 0.0400426 0.158413 0.00158182 0.0174711 0.00010788 0.00231865 0.00589986 0.0466211 0.0254201 0.00124198 0.69739 0.00259454 
0.00768355 0.00174904 7.085e-05 0.043187 0.0633569 0.00143089 0.00114074 0.00763513 0.00426536 0.00657532 0.0607836 0.0647732 0.016511 0.699971 0.0208662 
0.000441375 3.07608e-05 3.46906e-05 0.0317682 0.0753933 0.000964532 0.00224285 0.000216846 0.000295876 0.0255448 0.0554784 0.010057 0.00119892 0.796102 0.000230308 
0.000441375 3.07608e-05 3.46906e-05 0.0317682 0.0753933 0.000964532 0.00224285 0.000216846 0.000295876 0.0255448 0.0554784 0.010057 0.00119892 0.796102 0.000230308 
0.0940586 0.220008 5.14347e-09 0.00184164 0.000164727 2.80828e-06 0.00359833 0.0107245 0.0653478 2.51604e-05 0.0124464 0.255174 0.0226658 0.275079 0.0388632 
0.00495363 0.000115894 0.000117519 0.0912837 0.27437 0.0018329 0.0445176 0.000182083 0.0255974 0.0193011 0.077613 0.0477001 0.0222746 0.378263 0.0118768 
0.00727491 4.30139e-05 0.000329769 0.0518866 0.0630174 0.00314732 0.0184247 2.50347e-05 0.0201167 0.0112869 0.0675902 0.0254123 0.00610396 0.719098 0.00624326 
5.72215e-05 4.22696e-05 2.55635e-05 0.0858543 0.254979 0.00014579 0.00615398 2.49224e-05 0.00566826 0.0174866 0.131977 0.0112766 0.0253659 0.456109 0.00483362 
0.012528 0.00579557 1.77726e-05 0.0453735 0.125605 0.00145754 0.00107081 0.00492673 0.00210559 0.00588789 0.0548922 0.0598719 0.00958449 0.554115 0.116768 
0.0350073 2.07705e-05 2.27555e-05 0.0569334 0.213271 0.000493663 0.00102763 0.00202637 0.000826523 0.0737605 0.136352 0.0437028 0.0106976 0.425203 0.00065513 
0.00808375 0.00048416 9.53847e-05 0.102265 0.0456026 0.00065258 0.00262277 0.00191561 0.00400993 0.0131181 0.184134 0.247062 0.0293568 0.357078 0.00352023 
0.000573364 8.01876e-06 5.45025e-08 0.0333071 0.157155 0.000728766 0.00237446 4.02668e-05 0.000493097 0.0138989 0.0794446 0.0375541 0.0185454 0.655364 0.000513162 
0.000352432 2.84445e-05 2.34986e-06 0.0688594 0.299781 0.0127523 0.00449422 2.43553e-05 0.000306773 0.036779 0.123588 0.0179811 0.0161487 0.418754 0.000147674 
0.0809054 0.0102617 3.26486e-06 0.0826805 0.106052 0.00287415 0.00223351 0.00572764 0.00312932 0.00933162 0.0779026 0.100237 0.0100021 0.484934 0.0237251 
0.0316351 0.000401929 0.000211245 0.153764 0.152285 0.00132428 0.0509312 0.000867276 0.0115011 0.0392665 0.136782 0.0522838 0.0457532 0.311562 0.0114316 
0.00585195 9.34886e-05 1.28091e-05 0.0270833 0.323624 0.000217794 0.00296758 0.00031167 0.0031558 0.0216146 0.100511 0.0273106 0.0029615 0.484113 0.000171127 
0.00233637 4.83317e-05 0.000117685 0.0471597 0.287683 0.00020825 0.00365267 0.000182659 0.000722349 0.0227124 0.0904548 0.0235423 0.00201821 0.519097 6.38888e-05 
0.00245983 2.46324e-05 2.77995e-05 0.0409174 0.139702 0.000860648 0.0176443 0.000237312 0.00341231 0.0415671 0.0567997 0.0286453 0.00405848 0.663254 0.000389053 
0.0350073 2.07705e-05 2.27555e-05 0.0569334 0.213271 0.000493663 0.00102763 0.00202637 0.000826523 0.0737605 0.136352 0.0437028 0.0106976 0.425203 0.00065513 
0.0260605 5.4173e-05 0.00400821 0.0551556 0.192098 0.00098235 0.00698119 0.000334752 0.00215964 0.0127681 0.05079 0.034432 0.00537505 0.606831 0.00196943 
0.0153765 0.000110656 7.2891e-09 0.0155246 0.174792 0.000512818 0.00335206 0.000597379 0.000832702 0.00544058 0.0437133 0.0186251 0.000427843 0.718804 0.00189031 
0.00700549 7.55819e-05 0.000302256 0.0803612 0.145072 0.00458432 0.0236622 0.000387696 0.029709 0.0106323 0.136283 0.0732383 0.0106571 0.470516 0.00751303 
0.0350073 2.07705e-05 2.27555e-05 0.0569334 0.213271 0.000493663 0.00102763 0.00202637 0.000826523 0.0737605 0.136352 0.0437028 0.0106976 0.425203 0.00065513 
0.0102359 0.00101859 0.00756782 0.0637768 0.131414 0.0078494 0.00832182 0.00995073 0.00239624 0.0158042 0.0686214 0.0572834 0.0110402 0.597449 0.00727098 
0.00585195 9.34886e-05 1.28091e-05 0.0270833 0.323624 0.000217794 0.00296758 0.00031167 0.0031558 0.0216146 0.100511 0.0273106 0.0029615 0.484113 0.000171127 
0.00086536 2.20058e-05 7.14096e-05 0.0365286 0.078485 0.000368386 0.000953656 0.00386014 0.000361335 0.0963688 0.136303 0.015854 0.0109889 0.618007 0.000962345 
0.00868848 0.00131863 0.000941726 0.0516564 0.106724 0.0111371 0.00696588 0.00228243 0.00371884 0.0141412 0.0821201 0.0549248 0.0151498 0.631236 0.00899491 
0.0278861 0.0012979 3.77851e-05 0.0621682 0.0778085 0.000221491 0.0105431 0.000623977 0.0103585 0.249412 0.0606994 0.0317859 0.00699958 0.344016 0.116141 
0.0228929 0.000273721 0.000549308 0.0911221 0.248683 0.0031168 0.0243263 0.000254358 0.00388105 0.182374 0.0692657 0.0549798 0.0265278 0.264025 0.00772833 
0.000312884 8.48783e-06 2.01583e-05 0.0299504 0.0865637 0.000720378 0.000498274 0.000112071 0.000193568 0.0368716 0.199179 0.0120754 0.0100272 0.62274 0.000726674 
0.00366079 8.60322e-05 3.64146e-05 0.0470993 0.232861 0.00044061 0.00656985 0.0102042 0.00189831 0.0680698 0.0694585 0.0236302 0.00354676 0.528831 0.00360675 
0.00339895 8.39551e-06 0.000150397 0.0687687 0.145079 0.000739356 0.00548254 5.75757e-05 0.00221522 0.0261125 0.171894 0.0332321 0.0128707 0.523774 0.00621651 
0.00410951 5.23232e-05 0.00113432 0.117945 0.0575258 2.41251e-07 0.277603 2.79355e-07 0.00774275 0.00295002 0.0356322 0.0271683 0.0181788 0.44965 0.000307328 
0.0153765 0.000110656 7.2891e-09 0.0155246 0.174792 0.000512818 0.00335206 0.000597379 0.000832702 0.00544058 0.0437133 0.0186251 0.000427843 0.718804 0.00189031 
0.0342297 2.46625e-05 2.08782e-05 0.0723573 0.264975 0.00203102 0.00129554 0.00192572 0.000987934 0.0659105 0.157758 0.0478945 0.0114351 0.33862 0.000533695 
0.0134936 8.46297e-06 0.000126887 0.0880111 0.295566 0.00108338 0.00782703 0.0332488 0.00296186 0.10091 0.0903836 0.0334901 0.00259575 0.321454 0.00883985 
0.0183271 0.00293087 4.59148e-05 0.0451576 0.107731 0.00149654 0.00233727 0.00259759 0.00215671 0.0115758 0.0725185 0.0503726 0.00986353 0.647041 0.0258476 
0.0342297 2.46625e-05 2.08782e-05 0.0723573 0.264975 0.00203102 0.00129554 0.00192572 0.000987934 0.0659105 0.157758 0.0478945 0.0114351 0.33862 0.000533695 
0.0211315 0.000228626 3.01489e-05 0.0630741 0.227631 0.00071475 0.0171488 0.000482959 0.00749593 0.0114591 0.0566571 0.0660837 0.0104763 0.514845 0.00254155 
0.00102025 3.12009e-05 0.000393045 0.13346 0.0887392 0.00131192 0.00430643 0.000146568 0.00211494 0.0394865 0.14362 0.0718164 0.00811474 0.504321 0.00111709 
0.00985658 0.00131527 0.032856 0.0633037 0.118733 0.01694 0.00855918 0.00917896 0.00272496 0.018088 0.0889562 0.0476127 0.0115781 0.566446 0.00385229 
0.0108271 0.000795526 2.92576e-05 0.0515887 0.0406392 0.000784283 0.00113897 0.00309006 0.00554406 0.00395693 0.0636895 0.258087 0.0255818 0.528664 0.00558392 
0.00393872 5.00995e-05 1.43969e-06 0.0208052 0.26644 0.000158198 0.00189527 0.000136097 0.000446236 0.0218748 0.0806934 0.0208049 0.00103242 0.581659 6.40472e-05 
0.00566345 3.77768e-06 3.26188e-07 0.0141154 0.331076 0.000112238 0.0141101 0.0550369 0.00644632 0.0164792 0.158662 0.0103885 0.005024 0.382386 0.000494951 
0.00863716 0.00142175 0.00040028 0.071893 0.297962 0.00301144 0.0118221 0.00409698 0.00492085 0.0379111 0.102841 0.0506335 0.0184408 0.375836 0.0101724 
0.00609889 5.37131e-05 0.000157072 0.0746553 0.0617388 0.000728188 0.00319251 0.00166536 0.00513247 0.0198628 0.100109 0.245229 0.0125259 0.463026 0.00582462 
0.000718274 2.17559e-05 4.20162e-05 0.0248576 0.0374557 0.000191075 0.00651667 5.81244e-05 0.002911 0.00657515 0.160676 0.0335148 0.00710999 0.704715 0.0146366 
0.0723732 0.00889799 4.0741e-06 0.0341242 0.0759201 0.00127755 0.000973204 0.00670832 0.00230692 0.00670607 0.0542161 0.0572401 0.00969473 0.644423 0.0251342 
0.000592556 8.016e-06 2.65239e-08 0.033307 0.0998342 0.000728718 0.00237442 4.02499e-05 0.000493074 0.00691914 0.0794445 0.035447 0.0159698 0.724328 0.000513135 
0.0814762 5.95143e-05 5.61864e-05 0.158518 0.0986658 0.0010721 0.0599197 8.10195e-05 0.000156975 0.00215264 0.0990656 0.133205 0.0207117 0.344601 0.000258883 
0.00299854 5.00168e-05 0.000142003 0.0269216 0.153662 0.00193444 0.00938239 0.000522994 0.00333511 0.00960237 0.138824 0.0272693 0.0232766 0.591766 0.0103125 
0.0178148 0.000383967 3.43289e-05 0.0631842 0.307885 0.00335707 0.00177553 0.0122287 0.0105922 0.0210719 0.13653 0.0338029 0.0127012 0.378288 0.000349685 
0.00631815 2.12472e-05 9.03777e-06 0.0199923 0.0589103 6.52819e-05 0.00671073 0.0225752 0.000785241 0.214651 0.080225 0.0570761 0.00825529 0.523643 0.000761239 
0.00431358 0.0001541 8.07004e-05 0.0559301 0.151729 0.00198883 0.00862033 0.000311735 0.00160342 0.0231376 0.0748689 0.0258705 0.0114636 0.546109 0.0938187 
0.000573364 8.01876e-06 5.45025e-08 0.0333071 0.157155 0.000728766 0.00237446 4.02668e-05 0.000493097 0.0138989 0.0794446 0.0375541 0.0185454 0.655364 0.000513162 
0.000229595 1.1544e-05 1.00267e-05 0.0349918 0.116597 0.00286623 0.00966413 4.26236e-05 0.00142159 0.00674874 0.0191803 0.0087076 0.00352033 0.793924 0.00208529 
2.81992e-05 7.97959e-06 5.93361e-06 0.0515244 0.0772378 0.000997568 0.00138149 0.0014365 0.0120092 0.00822386 0.0329269 0.0438388 0.00992986 0.758808 0.00164367 
0.00156983 0.000978042 9.14151e-05 0.079977 0.119509 0.019312 0.00375098 0.00144485 0.00189879 0.00884507 0.146083 0.0515651 0.0199939 0.526359 0.0186219 
0.000533267 3.9549e-05 4.45981e-05 0.0404364 0.0946052 0.00124011 0.00287788 0.000269589 0.00038041 0.0328021 0.0713293 0.0129305 0.00149173 0.740749 0.000270213 
5.90252e-06 2.4604e-06 1.07974e-06 0.0197049 0.114143 7.00244e-05 0.0280527 0.000711411 0.00119866 0.0250783 0.0395243 0.00630186 0.00444854 0.752355 0.00840109 
0.00846236 0.00427681 6.02075e-05 0.0283138 0.0738078 0.00140109 0.0034266 0.00252708 0.00141963 0.00432361 0.177763 0.0581694 0.0584958 0.563391 0.0141617 
0.00524635 1.23621e-05 8.79518e-08 0.0259022 0.119814 0.00158349 0.00207791 6.48851e-06 0.000188133 0.00725704 0.0419833 0.0195219 0.000275163 0.775322 0.0008097 
0.135247 0.0150587 9.12839e-05 0.0656749 0.193859 0.0115673 0.0138454 0.00332531 0.0150655 0.0249328 0.13442 0.0907052 0.0184849 0.246769 0.0309534 
0.0323943 2.87136e-05 4.40637e-05 0.0581543 0.21641 0.000649983 0.00097354 0.0151716 0.000924305 0.0695849 0.121806 0.0433305 0.0119014 0.428052 0.000574498 
0.00603154 0.000385397 3.21875e-05 0.0365566 0.0416585 0.000607678 0.00344759 0.00108818 0.00356079 0.00540006 0.120673 0.131194 0.0175126 0.619385 0.0124656 
0.00332423 0.000180474 9.54799e-05 0.0588416 0.155017 0.00533484 0.010171 0.000236065 0.00550197 0.0173828 0.060899 0.0282248 0.013715 0.633434 0.0076419 
0.0394992 0.00491978 1.22003e-05 0.186184 0.200853 0.000630252 0.0409129 0.00234178 0.00752376 0.0541865 0.13665 0.0797191 0.0121802 0.221384 0.0130038 
4.99033e-05 1.30769e-06 3.88682e-05 0.0335684 0.107302 0.000729 0.00217728 5.073e-05 0.00227614 0.0124767 0.0375939 0.0141442 0.00390625 0.785611 7.45633e-05 
0.0244003 0.00489188 3.20936e-05 0.0301021 0.0213659 0.000734774 0.00134494 0.00671692 0.00628504 0.00144987 0.0397598 0.263436 0.0324825 0.551924 0.0150737 
7.08177e-05 5.18936e-06 3.79294e-05 0.0427489 0.0594728 0.00235018 0.000387262 0.000502274 0.00155434 0.00815747 0.0770038 0.0478037 0.0192777 0.739319 0.00130905 
0.010737 0.00086236 5.01312e-05 0.0341718 0.025123 0.00063863 0.00113502 0.00316002 0.00488483 0.00162484 0.03586 0.22311 0.0243112 0.628822 0.00551008 
0.0231617 4.79522e-05 7.17871e-06 0.0810859 0.0899623 0.00160413 0.013089 1.32701e-05 0.00166826 0.00378684 0.0034094 0.0190522 0.000299624 0.762099 0.000712855 
0.00599267 0.000475765 4.53877e-05 0.0631929 0.333776 0.00353099 0.0171327 0.00193955 0.0070752 0.0601696 0.0879831 0.0529125 0.0180179 0.34304 0.00471534 
6.71044e-11 3.14903e-07 7.65004e-05 0.212877 0.256485 5.38951e-05 6.55139e-11 0.0553888 5.25607e-05 0.000314494 0.0168812 0.00118159 0.0120673 0.444621 6.68789e-09 
4.99033e-05 1.30769e-06 3.88682e-05 0.0335684 0.107302 0.000729 0.00217728 5.073e-05 0.00227614 0.0124767 0.0375939 0.0141442 0.00390625 0.785611 7.45633e-05 
0.00810988 0.000485748 2.21425e-05 0.0428167 0.0960312 0.000927809 0.0055546 0.00129603 0.00378989 0.00504539 0.062679 0.0824449 0.00789351 0.677503 0.00539964 
3.45436e-05 2.77564e-06 1.42164e-06 0.0181396 0.0588887 0.000772262 0.00205742 0.000154501 0.00296772 0.00106215 0.0423302 0.0559878 0.000505641 0.817084 1.12835e-05 
0.00393872 5.00995e-05 1.43969e-06 0.0208052 0.26644 0.000158198 0.00189527 0.000136097 0.000446236 0.0218748 0.0806934 0.0208049 0.00103242 0.581659 6.40472e-05 
0.0809054 0.0102617 3.26486e-06 0.0826805 0.106052 0.00287415 0.00223351 0.00572764 0.00312932 0.00933162 0.0779026 0.100237 0.0100021 0.484934 0.0237251 
0.000415104 1.87483e-05 5.26471e-10 0.0198625 0.16213 0.00049 0.000180596 0.011796 2.33464e-05 0.210609 0.0324267 0.00320549 0.00100197 0.557403 0.000436887 
0.0136037 2.70714e-05 0.000220227 0.0764234 0.285464 0.000160159 0.00378466 8.80934e-05 0.00197061 0.0795221 0.178425 0.0420592 0.00829371 0.308818 0.00114024 
0.00197936 6.35886e-05 6.59957e-05 0.0567288 0.160404 0.00405432 0.0716902 0.000215225 0.00358498 0.0544709 0.128421 0.0388477 0.0247341 0.454268 0.000472718 
0.000639048 2.31036e-05 0.000420429 0.108135 0.104294 0.00335767 0.00740615 0.00624937 0.00256018 0.0216851 0.0499941 0.0627987 0.00406856 0.627565 0.000803844 
0.0194173 0.00205793 6.15677e-05 0.0430031 0.1252 0.00219956 0.00985049 0.0032896 0.00200626 0.0787471 0.0705062 0.0379301 0.00507696 0.585458 0.015196 
0.000261887 1.68065e-06 0.000133245 0.0177522 0.412429 0.00183668 0.00104014 0.000300518 0.00712037 0.0273329 0.0351846 0.0127062 0.00107151 0.48058 0.00224885 
0.00539257 2.88421e-05 1.93073e-05 0.0424312 0.165622 0.00162008 0.0083698 0.000223097 0.00241015 0.011501 0.0620447 0.0305199 0.00558817 0.661956 0.00227334 
0.000656211 1.98001e-05 1.11903e-05 0.0468381 0.265225 0.00879395 0.000893377 0.000148303 0.00401648 0.0206298 0.126459 0.0745856 0.00551763 0.436794 0.00941131 
0.0110901 0.00119711 6.59108e-05 0.046618 0.0908746 0.00128358 0.00351006 0.00222066 0.00170438 0.0365029 0.0874859 0.0405447 0.00836074 0.662044 0.00649696 
0.00161117 1.09965e-05 0.000120431 0.111607 0.122658 0.000294507 0.00290525 0.000189212 0.00431058 0.0316246 0.0895475 0.0333191 0.0963791 0.488626 0.0167963 
0.000685558 1.75058e-05 7.45065e-05 0.0282957 0.0772551 0.000508055 0.00248388 0.000872664 0.00116455 0.0184722 0.104373 0.0145293 0.00601387 0.742145 0.00311007 
0.0051878 3.30068e-05 0.000184098 0.074569 0.0537818 0.00013505 0.00983668 6.66787e-05 0.000361622 0.0131055 0.1951 0.0677054 0.00632571 0.572 0.00160797 
4.99033e-05 1.30769e-06 3.88682e-05 0.0335684 0.107302 0.000729 0.00217728 5.073e-05 0.00227614 0.0124767 0.0375939 0.0141442 0.00390625 0.785611 7.45633e-05 
0.00758446 3.54566e-05 0.000640389 0.0917391 0.189591 0.00343402 0.0440634 0.00546413 0.00176099 0.0335632 0.0368979 0.0126588 0.00438378 0.561667 0.00651592 
0.00846759 0.00195571 6.01075e-05 0.0541186 0.208014 0.00719581 0.00803768 0.0104629 0.00156754 0.0134998 0.114727 0.0416391 0.0135548 0.507091 0.00960844 
1.46732e-05 3.8299e-06 1.65094e-06 0.189634 0.102288 0.000174537 0.00109322 0.162976 0.000753335 0.0497238 0.219098 0.036766 0.00467388 0.232777 2.28679e-05 
0.000265303 8.49277e-07 5.79242e-09 0.0540144 0.173231 0.00279112 0.00488089 6.1697e-06 0.00273031 0.0346799 0.0101332 0.00971947 0.00295674 0.701371 0.00321946 
0.0821341 0.000715986 0.000872032 0.205008 0.0756478 0.00120297 0.00685732 0.00122056 0.00681004 0.0103 0.218144 0.067914 0.0244022 0.288042 0.0107292 
0.0350073 2.07705e-05 2.27555e-05 0.0569334 0.213271 0.000493663 0.00102763 0.00202637 0.000826523 0.0737605 0.136352 0.0437028 0.0106976 0.425203 0.00065513 
0.000366271 0.000125818 0.000221418 0.0562648 0.255406 0.00208338 0.013822 0.00342043 0.00185789 0.0159737 0.0862558 0.0238037 0.0034332 0.535117 0.00184773 
0.00380937 5.07848e-05 7.32447e-06 0.0259812 0.171589 0.00156686 0.00509773 0.000520843 0.00191859 0.00833842 0.0464322 0.0118577 0.00392197 0.715441 0.00346691 
0.000875104 6.85633e-06 7.22042e-05 0.111481 0.278544 0.121161 0.0163269 7.76926e-05 0.00418501 0.0224926 0.0609546 0.0271974 0.00482148 0.35071 0.00109402 
0.0244003 0.00489188 3.20936e-05 0.0301021 0.0213659 0.000734774 0.00134494 0.00671692 0.00628504 0.00144987 0.0397598 0.263436 0.0324825 0.551924 0.0150737 
0.00727533 0.000756063 6.26054e-05 0.0513419 0.211813 0.00101094 0.00714444 0.00212862 0.00204554 0.0569957 0.0746231 0.0242061 0.0106362 0.547215 0.00274532 
0.000469375 6.58117e-06 2.24541e-07 0.0316461 0.254147 0.000596556 0.00194307 3.30543e-05 0.0004036 0.0153222 0.0650011 0.0307268 0.0151756 0.584109 0.000420096 
0.00936847 7.9235e-05 6.09037e-06 0.0432744 0.113517 0.000523649 0.00140632 0.0108917 0.00038412 0.0400001 0.0816558 0.0754707 0.00835217 0.614435 0.000634846 
0.0225336 0.000112889 1.1188e-07 0.1036 0.253682 0.00113447 0.0931588 0.00539002 0.00386348 0.0637303 0.0601259 0.0577528 0.00040871 0.331216 0.00329028 
4.31723e-06 1.31782e-06 5.65647e-12 0.0420832 0.310373 0.000691055 3.89679e-05 0.04241 4.19884e-06 0.210308 0.0156748 0.00233622 0.00103194 0.374986 5.57246e-05 
0.000378967 1.09122e-05 2.59087e-05 0.0385077 0.10019 0.000926186 0.000640628 0.000144085 0.000248867 0.0473148 0.256087 0.0155256 0.012892 0.526173 0.000934285 
5.72215e-05 4.22696e-05 2.55635e-05 0.0858543 0.254979 0.00014579 0.00615398 2.49224e-05 0.00566826 0.0174866 0.131977 0.0112766 0.0253659 0.456109 0.00483362 
0.0153765 0.000110656 7.2891e-09 0.0155246 0.174792 0.000512818 0.00335206 0.000597379 0.000832702 0.00544058 0.0437133 0.0186251 0.000427843 0.718804 0.00189031 
0.000541576 3.74833e-06 3.13503e-08 0.0767768 0.164695 0.000350985 0.00931331 6.63288e-05 0.000752132 0.0201695 0.169125 0.0570074 0.0019385 0.499237 2.2668e-05 
0.00131483 5.17963e-05 1.17158e-06 0.0400911 0.238053 0.000365474 0.216015 1.97648e-05 0.00202294 0.00369714 0.0284889 0.133446 0.0594752 0.276555 0.000401164 
0.183599 0.0210261 2.56459e-06 0.0506242 0.107813 0.00036328 0.0116247 0.00752174 0.00544709 0.0166526 0.126368 0.134775 0.0193946 0.267099 0.0476891 
7.08177e-05 5.18936e-06 3.79294e-05 0.0427489 0.0594728 0.00235018 0.000387262 0.000502274 0.00155434 0.00815747 0.0770038 0.0478037 0.0192777 0.739319 0.00130905 
0.0252945 1.78326e-05 2.51457e-05 0.0470822 0.138103 0.000330238 0.000841804 0.00590206 0.000838759 0.0460135 0.121024 0.0136127 0.00332661 0.597438 0.0001498 
0.000683772 2.72049e-06 1.1211e-05 0.056401 0.150812 0.000162919 0.0100485 0.000379651 0.00153065 0.0743854 0.318115 0.03384 0.00204471 0.351093 0.000489842 
0.00412205 7.68134e-05 0.000279053 0.187464 0.179695 0.00891221 0.0273497 0.000265072 0.00292478 0.0201309 0.00842367 0.0312951 0.00431242 0.52134 0.00340919 
0.000441375 3.07608e-05 3.46906e-05 0.0317682 0.0753933 0.000964532 0.00224285 0.000216846 0.000295876 0.0255448 0.0554784 0.010057 0.00119892 0.796102 0.000230308 
0.0350073 2.07705e-05 2.27555e-05 0.0569334 0.213271 0.000493663 0.00102763 0.00202637 0.000826523 0.0737605 0.136352 0.0437028 0.0106976 0.425203 0.00065513 
0.000178716 3.59285e-06 0.000115823 0.0539697 0.244215 0.000568068 0.0045781 0.00114963 0.00404673 0.0127873 0.0285551 0.0493164 0.0102535 0.589345 0.000918216 
0.0031718 3.81401e-05 1.78229e-10 0.0681247 0.323571 0.00489406 0.0068179 3.88601e-05 0.000952271 0.0227141 0.20032 0.0229166 0.00158792 0.342742 0.00211142 
0.0244003 0.00489188 3.20936e-05 0.0301021 0.0213659 0.000734774 0.00134494 0.00671692 0.00628504 0.00144987 0.0397598 0.263436 0.0324825 0.551924 0.0150737 
0.0300064 1.78041e-05 1.95088e-05 0.0515694 0.208997 0.000423148 0.000880827 0.0132922 0.000708454 0.0748981 0.119927 0.0375825 0.00990967 0.451207 0.000561543 
0.0104541 0.00139738 0.000198381 0.113068 0.115807 0.00256247 0.00752538 0.0011444 0.0087441 0.0182195 0.0677816 0.0510208 0.00802368 0.588468 0.00558416 
4.99033e-05 1.30769e-06 3.88682e-05 0.0335684 0.107302 0.000729 0.00217728 5.073e-05 0.00227614 0.0124767 0.0375939 0.0141442 0.00390625 0.785611 7.45633e-05 
0.00887432 1.75304e-05 3.56833e-09 0.158158 0.298853 0.00511685 0.0117441 9.35158e-09 6.21953e-10 0.00371176 0.0223027 0.00446614 3.28874e-06 0.486751 8.16917e-07 
0.00161757 2.79078e-05 4.02245e-05 0.0305846 0.122293 0.000102281 0.017934 4.33998e-05 0.00340171 0.0134677 0.128982 0.0526898 0.00385067 0.616033 0.00893146 
0.0174497 0.000303591 2.37446e-05 0.108265 0.258125 0.000554459 0.00960864 0.000925181 0.0195057 0.0259747 0.176638 0.0772917 0.0271974 0.272007 0.00613026 
4.86494e-05 7.84942e-06 3.91686e-05 0.0241702 0.104428 0.00201638 0.0049631 1.54023e-05 0.00476653 0.00112622 0.0086885 0.00922998 0.00150112 0.838492 0.000507136 
0.00175414 2.61608e-05 2.43601e-05 0.0375236 0.0670109 8.0331e-05 0.00096799 0.00866968 0.000343856 0.158498 0.0779104 0.017041 0.00850643 0.621233 0.00041065 
0.00230577 0.000148816 7.92097e-05 0.0694324 0.0120094 4.91885e-07 0.0175774 0.000141277 3.47943e-06 1.12304e-07 0.00024876 0.00379927 0.00163173 0.892338 0.000283756 
0.00369113 3.776e-05 1.74962e-05 0.0423283 0.148559 0.000937277 0.00519121 0.00101773 0.0021105 0.0109588 0.0606888 0.0294924 0.00948523 0.684328 0.00115653 
0.022506 0.00634845 0.000260317 0.0807121 0.286853 0.00362675 0.0111142 0.00237808 0.00308325 0.0135156 0.0943443 0.0641644 0.0231101 0.374373 0.0136105 
0.00519399 0.00102292 7.87168e-05 0.0482778 0.109817 0.00114873 0.00449119 0.000902715 0.00319301 0.0112159 0.0792804 0.0451923 0.0119247 0.65937 0.0188899 
4.99033e-05 1.30769e-06 3.88682e-05 0.0335684 0.107302 0.000729 0.00217728 5.073e-05 0.00227614 0.0124767 0.0375939 0.0141442 0.00390625 0.785611 7.45633e-05 
0.0109405 0.00175855 5.70898e-05 0.0360812 0.0746315 0.000445944 0.00251962 0.0120736 0.00243856 0.0656987 0.0694331 0.173396 0.0138006 0.524342 0.0123828 
0.00585548 0.000318262 2.33395e-05 0.0276277 0.104718 0.00089622 0.00285593 0.000508341 0.0013534 0.0124489 0.0647611 0.0390207 0.00885442 0.727591 0.0031672 
0.000311291 0.000141811 0.211725 0.0667831 0.159465 0.010225 0.00945459 0.0484894 0.000326561 0.0441377 0.0330377 0.0420063 0.00214241 0.371655 9.98135e-05 
0.00601865 4.35902e-05 4.05671e-06 0.0682216 0.075343 0.00154913 0.0125257 0.000305426 0.0398494 0.00611573 0.0455243 0.0597988 0.0135923 0.670089 0.00101961 
0.000522123 0.0133065 0.00057822 0.183583 0.254187 0.0103252 0.00997864 4.23369e-05 0.00113283 0.0543799 0.0881898 0.100993 0.0135644 0.269038 0.000179206 
0.00175414 2.61608e-05 2.43601e-05 0.0375236 0.0670109 8.0331e-05 0.00096799 0.00866968 0.000343856 0.158498 0.0779104 0.017041 0.00850643 0.621233 0.00041065 
0.0323662 0.000150196 4.83422e-06 0.0421873 0.181053 0.0063411 0.028481 0.000590217 0.00738595 0.010713 0.147899 0.238918 0.00195178 0.297146 0.00481259 
0.00504885 0.00866249 7.55311e-05 0.0530476 0.305801 0.00181179 0.0146733 0.000411451 0.00894955 0.0509174 0.0663529 0.0606403 0.0183853 0.403891 0.00133161 
0.0152595 0.00103139 2.35617e-05 0.0352337 0.107973 0.0010892 0.00503677 0.000723425 0.00178491 0.00795391 0.080855 0.0428159 0.00282621 0.689416 0.00797696 
0.0521805 0.015447 4.09503e-05 0.108713 0.184907 0.0036622 0.0491211 0.000268979 0.0062467 0.0411805 0.19439 0.0417545 0.00452846 0.284493 0.0130663 
7.08177e-05 5.18936e-06 3.79294e-05 0.0427489 0.0594728 0.00235018 0.000387262 0.000502274 0.00155434 0.00815747 0.0770038 0.0478037 0.0192777 0.739319 0.00130905 
0.0405928 2.70921e-05 2.50536e-05 0.0739794 0.22984 0.000700061 0.0013032 0.00209155 0.00117214 0.0754877 0.185214 0.0561974 0.0136672 0.319093 0.000609764 
0.0275181 3.61959e-06 3.95832e-05 0.0499927 0.227928 0.00053735 0.000648088 0.016798 0.00089589 0.0655873 0.101335 0.0417273 0.0120597 0.454524 0.000405029 
0.0809054 0.0102617 3.26486e-06 0.0826805 0.106052 0.00287415 0.00223351 0.00572764 0.00312932 0.00933162 0.0779026 0.100237 0.0100021 0.484934 0.0237251 
0.00258163 2.42401e-05 3.39873e-06 0.0372224 0.389651 0.00101937 0.00463804 4.1995e-05 0.000870919 0.0132223 0.0550013 0.0276377 0.00447901 0.461237 0.0023695 
0.000871179 2.82616e-06 0.000185673 0.095523 0.232257 0.00116364 0.00115923 0.00654419 0.000464563 0.0854247 0.228052 0.0255288 0.0221715 0.300318 0.000334348 
8.77662e-06 5.28438e-06 3.4752e-05 0.0304524 0.187085 0.00155724 0.00114583 3.10448e-05 0.00517504 0.0121413 0.0671301 0.00808702 0.0140509 0.672466 0.000628756 
0.0108271 0.000795526 2.92576e-05 0.0515887 0.0406392 0.000784283 0.00113897 0.00309006 0.00554406 0.00395693 0.0636895 0.258087 0.0255818 0.528664 0.00558392 
0.00105873 9.7435e-07 8.38805e-10 0.038678 0.262926 0.000773736 0.000812011 6.95246e-05 0.000542622 0.0105813 0.0375223 0.0270964 0.000319202 0.619192 0.000426671 
0.069153 0.154636 4.19435e-05 0.0944943 0.141234 0.00160617 0.0147384 0.00526998 0.00112114 0.0264289 0.0599409 0.0341639 0.00494955 0.204603 0.18762 
0.0149886 5.10632e-05 5.10593e-05 0.0913739 0.098797 0.00205004 0.000670494 0.000593178 0.00599129 0.00461582 0.0417888 0.0951477 0.0593646 0.569494 0.0150224 
0.0350073 2.07705e-05 2.27555e-05 0.0569334 0.213271 0.000493663 0.00102763 0.00202637 0.000826523 0.0737605 0.136352 0.0437028 0.0106976 0.425203 0.00065513 
0.0350073 2.07705e-05 2.27555e-05 0.0569334 0.213271 0.000493663 0.00102763 0.00202637 0.000826523 0.0737605 0.136352 0.0437028 0.0106976 0.425203 0.00065513 
0.0153765 0.000110656 7.2891e-09 0.0155246 0.174792 0.000512818 0.00335206 0.000597379 0.000832702 0.00544058 0.0437133 0.0186251 0.000427843 0.718804 0.00189031 
0.0117196 9.41138e-05 1.3704e-05 0.0345636 0.226128 0.00442379 0.00593543 0.000138405 0.00486386 0.0367814 0.193442 0.0354821 0.00333378 0.431105 0.0119753 
0.000799615 5.47149e-05 0.000166594 0.0868385 0.333363 0.000896621 0.0194232 0.000209837 0.00662054 0.0200144 0.159295 0.0222719 0.0132579 0.336472 0.000315781 
7.2788e-05 5.62463e-05 5.21376e-06 0.0242075 0.0773735 0.000183631 0.00161717 0.00627213 0.000633042 0.00601936 0.0160523 0.00262567 0.00239283 0.86166 0.000828542 
0.0174645 0.00146373 4.75467e-05 0.0442696 0.288732 0.00464347 0.00378451 0.00159704 0.0108686 0.00830231 0.127098 0.0501515 0.0249891 0.404191 0.0123973 
