0.0135316 0.0124643 0.000732749 0.375272 0.228903 0.00859718 0.102302 0.000256254 0.00257721 0.0122463 0.0607891 0.128463 0.00598083 0.042657 0.00522804 
0.0141969 0.00106173 0.00366053 0.466702 0.0170442 0.00151845 0.0641518 7.28938e-05 0.066368 0.00132263 0.221243 0.121509 0.0174568 0.00199332 0.00169844 
0.000898336 3.74644e-05 9.27208e-05 0.690867 0.0346257 0.00199339 0.00327072 0.000531625 0.112408 0.00945311 0.0756189 0.020356 0.0386254 0.00965175 0.00156945 
0.000746082 1.10466e-05 0.000267421 0.345808 0.170421 0.0272706 0.0148417 0.000138829 0.00261579 0.0313543 0.266411 0.102726 0.00819066 0.0287498 0.000447811 
0.0547488 8.17201e-06 8.12557e-05 0.593321 0.00351217 3.56455e-05 0.0151415 9.90832e-05 0.00249665 0.012266 0.0849042 0.224859 0.00722142 0.00107883 0.000226599 
0.0366177 0.000112268 0.0192274 0.27923 0.0680999 0.00142501 0.0912791 0.00060006 0.00442374 0.00114026 0.133456 0.108583 0.236124 0.0190682 0.00061321 
0.0208625 9.84573e-06 0.000403633 0.432489 0.0372193 0.000165209 0.0612093 0.000102227 0.000927774 0.0441623 0.304412 0.0505451 0.0123476 0.0306316 0.00451284 
0.154188 0.00271613 5.27068e-06 0.348283 0.0958989 0.000153038 0.130566 0.000258137 0.000170087 0.00296543 0.0844875 0.0981718 0.030242 0.00727456 0.0446197 
0.0159478 0.001801 0.00165775 0.261023 0.143228 0.000831972 0.0360805 0.0461251 0.0198468 0.00708781 0.143544 0.211606 0.0754479 0.00439213 0.0313791 
0.0104432 0.00181777 0.000323326 0.333938 0.110676 0.000932194 0.0239001 0.00692057 0.0340753 0.00582615 0.209859 0.159895 0.0401608 0.0413246 0.0199077 
0.124369 2.10293e-05 0.00100878 0.256139 0.115949 0.000276541 0.238599 4.35846e-05 0.0673142 0.00645972 0.0470567 0.130206 0.00532346 0.00712359 0.000109258 
0.0256081 3.21358e-05 5.99381e-05 0.424135 0.113371 0.000921589 0.21306 7.30101e-05 0.00307174 0.035434 0.0514307 0.0888349 0.0203109 0.0199947 0.00366155 
0.0021267 5.17105e-05 1.68298e-07 0.561254 0.0874919 0.00817736 0.0525089 1.42844e-07 0.260119 0.00787741 0.00251899 0.0132875 0.00204435 2.01882e-06 0.0025405 
0.000272059 0.0127194 0.00867024 0.287165 0.0230185 0.000155707 0.277095 0.000865626 0.0039353 0.00474557 0.11337 0.247775 0.004377 0.0157808 5.48927e-05 
0.00342403 0.00570582 0.000149568 0.30871 0.107083 0.000494883 0.00775086 0.00221893 0.0114529 0.0526283 0.181139 0.289774 0.00658619 0.0223745 0.000508416 
0.0058332 0.000238487 0.000892973 0.305007 0.0308361 0.00029586 0.141886 0.00203412 0.00473664 0.01834 0.293665 0.170752 0.0109687 0.0126474 0.00186647 
0.0111521 0.00258391 0.00106842 0.251437 0.0790728 0.0103864 0.0325638 0.00309349 0.0679908 0.0202616 0.250629 0.197182 0.0345912 0.0312663 0.00672098 
0.00409633 0.000238702 0.000191831 0.507772 0.0234801 0.000132441 0.0227923 0.000398388 0.00597094 0.00453048 0.212623 0.179841 0.0137201 0.0218918 0.00232004 
0.0462772 0.00151894 1.5185e-05 0.359042 0.0743253 0.000151729 0.105601 0.00204136 0.0131331 0.00610671 0.162267 0.133056 0.029894 0.0528962 0.0136747 
0.00519506 1.64595e-05 0.000390462 0.302292 0.103029 5.4127e-05 0.00770146 0.000268365 0.0626316 0.0440821 0.210431 0.211588 0.0401762 0.00638293 0.00576063 
0.0303585 4.95392e-05 0.000127642 0.321966 0.0668777 0.000351568 0.190375 5.66976e-05 0.0156857 0.00237369 0.107358 0.162843 0.0245668 0.0494886 0.0275219 
0.0601191 0.00461957 1.87243e-05 0.248677 0.152697 0.000428818 0.217174 0.00224581 0.010013 0.00464006 0.0436217 0.14041 0.0291384 0.0641055 0.0220915 
0.011508 0.00338515 0.000111617 0.637806 0.0691871 4.94006e-05 0.00771067 0.00084828 0.0006138 0.00543547 0.147365 0.0591788 0.0484957 0.00655959 0.00174541 
2.10012e-05 3.20625e-06 1.3901e-05 0.410296 0.156445 0.00819988 0.00294986 7.03523e-05 0.0309042 0.0165465 0.0707498 0.188076 0.0792346 0.0363018 0.000188424 
0.0536617 0.0050925 4.57095e-06 0.228135 0.0812769 4.41891e-05 0.198174 0.0635851 0.0186307 0.0308147 0.0490375 0.156517 0.0690423 0.00614948 0.0398344 
0.00622882 6.63831e-05 0.000328482 0.340976 0.129412 0.000522754 0.165099 6.22299e-05 0.00235396 0.0741468 0.0699002 0.166843 0.0159372 0.0271711 0.000951508 
0.00130355 3.31045e-05 0.000428427 0.337085 0.169399 0.00214642 0.0792392 0.000178372 0.0104141 0.00635246 0.0833475 0.146857 0.075027 0.0542308 0.0339589 
0.0409005 4.79581e-06 3.8906e-07 0.288179 0.0688834 0.0024594 0.153948 3.72111e-05 0.0923091 0.00582021 0.103348 0.0720872 0.0151216 0.0140849 0.142817 
0.00706979 1.86683e-05 0.000253743 0.683524 0.083126 0.000173373 0.0760022 0.00259818 0.0179952 0.0320752 0.029772 0.0241203 0.00126224 0.0405856 0.00142302 
0.0134669 1.44502e-05 9.20444e-05 0.280066 0.048861 0.000325005 0.00731512 0.000838147 0.000979277 0.00762758 0.278328 0.278182 0.0428813 0.0404534 0.000569883 
0.00933856 0.000299779 6.96894e-06 0.360141 0.219249 0.00296802 0.0249751 5.84022e-05 0.00239377 0.0117099 0.0972741 0.0826507 0.0491728 0.117136 0.0226258 
0.0307205 0.00643354 0.00104261 0.342212 0.069733 0.00158756 0.152783 0.00170349 0.00617819 0.00773651 0.113245 0.140053 0.017708 0.031981 0.0768825 
0.0111069 0.000250543 0.00196826 0.351116 0.136861 0.00438837 0.0454987 0.0103868 0.00934734 0.0179713 0.109208 0.204533 0.0565312 0.0245345 0.0162986 
0.00262264 0.00138114 8.71801e-05 0.572706 0.0206156 9.19488e-05 0.00483491 0.000702659 0.00149018 0.0303981 0.190313 0.131432 0.0172458 0.00844648 0.0176323 
0.0255948 0.00478175 0.000415777 0.413311 0.0330882 8.45824e-05 0.0555324 0.000215956 0.014024 0.0245603 0.11705 0.172212 0.0928136 0.0136312 0.0326846 
0.0115424 8.84445e-06 1.35566e-05 0.332762 0.128207 1.28852e-06 0.137845 4.41195e-06 0.0523094 0.198094 0.00090517 0.080993 0.0122443 0.0186698 0.0264006 
0.00798805 0.000934497 0.000786333 0.356198 0.010471 0.000529778 0.3374 0.000203819 0.00046119 0.00264721 0.166208 0.0974861 0.00926756 0.0090075 0.00041147 
0.0824655 7.86298e-06 2.46695e-05 0.604814 0.0962269 0.000559265 0.00247255 0.0203987 0.0318412 0.0191326 0.0703852 0.0229619 0.014879 0.0297542 0.0040762 
0.0745156 0.000120933 7.12677e-06 0.488043 0.0750995 3.81013e-05 0.0621183 8.41383e-06 0.00827751 0.00644001 0.157984 0.0828063 0.00217317 0.0282927 0.0140759 
0.00275461 0.00131232 0.000259277 0.488238 0.0252411 0.000101417 0.00957541 0.00119997 0.118064 0.0200607 0.116485 0.126512 0.0751905 0.00776889 0.00723745 
0.008609 0.000141606 0.000133475 0.562162 0.154026 0.000163494 0.0637995 0.0192453 0.00208407 0.0203303 0.0817553 0.0662495 0.0101695 0.00764841 0.00348223 
0.0264618 0.000420818 4.02126e-06 0.684849 0.0394492 0.00074215 0.0208307 0.00737742 0.000245873 0.00345431 0.168402 0.022222 0.000687875 0.0242988 0.000554325 
0.0449734 2.6939e-05 5.7635e-05 0.275543 0.0815691 0.000116822 0.06398 0.00386158 0.00723673 0.00330854 0.195767 0.219781 0.0064613 0.0885817 0.00873474 
0.0467725 0.152987 2.79428e-07 0.313912 0.0242703 3.92282e-05 0.00149426 0.016505 0.0531546 0.0966087 0.219275 0.05606 0.0133295 0.00363821 0.00195342 
0.0133112 0.00103396 0.00855999 0.541219 0.0207029 0.000239378 0.121452 0.000818875 0.00354311 0.00340384 0.100487 0.145596 0.028257 0.00263226 0.00874324 
0.00916577 7.18718e-05 0.000162324 0.502238 0.212581 0.00140537 0.098503 3.62992e-05 0.00822375 0.00919401 0.0841091 0.0415633 0.00790792 0.0245054 0.000333415 
0.0257554 0.00028566 2.50851e-05 0.560974 0.0818993 0.000464072 0.104847 0.00612897 0.0030895 0.00533355 0.0625989 0.123169 0.0114642 0.0104244 0.00354035 
0.000552313 3.55284e-06 1.02871e-07 0.692347 0.113593 0.00599466 0.0187402 2.98544e-06 0.000589827 0.00414793 0.0568117 0.0472019 0.0109129 0.0142551 0.0348473 
0.0220699 0.0865092 2.5961e-07 0.314805 0.10551 0.000214429 0.28233 5.65311e-05 0.0439064 0.0211178 0.0659546 0.0268963 0.0129012 0.0116771 0.00605147 
0.193569 7.14368e-08 1.31649e-11 0.268947 0.0747543 6.33853e-08 0.184108 1.06128e-07 0.0137991 0.0157552 2.75041e-08 0.228627 0.0183006 0.00214009 1.6848e-07 
0.0666832 0.000137935 7.12661e-05 0.212487 0.188733 0.00214179 0.188098 6.27105e-05 0.00776962 0.00829566 0.106819 0.07159 0.00460923 0.140598 0.00190499 
0.0445181 8.98525e-05 2.21302e-05 0.334896 0.0816948 5.20039e-05 0.0206523 0.000282489 0.258522 0.019386 0.0783246 0.0723676 0.0561131 0.0212941 0.0117844 
0.0919084 0.000199731 0.000343904 0.347592 0.0653716 0.000277869 0.205292 0.00734213 0.0231355 0.0028001 0.141624 0.0740181 0.0155543 0.0241155 0.000424943 
0.0269589 0.000108613 0.000603981 0.377932 0.0634306 0.000272785 0.07067 4.94534e-05 0.0100046 0.06276 0.191601 0.141513 0.0184119 0.0333216 0.00236132 
0.00294027 0.000125247 0.000532153 0.338467 0.0302737 0.00114402 0.0430336 0.000167405 0.00235467 0.00668406 0.242875 0.247244 0.0288582 0.0283865 0.0269148 
0.016206 0.0135026 0.0767853 0.322737 0.0416108 0.000343327 0.133904 0.000925235 0.0138294 0.00556288 0.0493483 0.117956 0.180737 0.0155326 0.0110201 
0.0163253 9.48096e-05 0.00035583 0.277128 0.190125 0.00264986 0.158407 1.08947e-05 0.0212297 0.222046 0.0733069 0.029645 0.00547393 0.00274699 0.000454799 
0.0599022 0.00771146 0.0013802 0.389618 0.0358311 0.000224962 0.0762398 0.00254803 0.0323874 0.00475075 0.151125 0.174878 0.0324628 0.0152855 0.0156541 
0.0193485 0.00163578 5.70963e-05 0.295519 0.0601543 0.000893733 0.052007 0.00116952 0.0144333 0.006202 0.192219 0.251421 0.0537572 0.0188252 0.0323569 
0.000523963 0.000272648 4.1984e-07 0.327567 0.0203795 3.20769e-05 0.000409845 0.00137968 0.00145325 0.0186 0.305358 0.297396 0.0202354 0.005846 0.000546479 
0.0312147 0.0002283 0.000377647 0.401184 0.0168364 0.00014958 0.0350761 0.00082242 0.0201976 0.00526756 0.30583 0.136809 0.0311359 0.00900274 0.00586917 
8.67386e-05 8.38409e-05 1.43831e-06 0.272455 0.208776 0.000174396 0.0069214 6.71498e-05 0.0456551 0.0208093 0.130751 0.202543 0.0310591 0.0805211 9.52131e-05 
0.0318334 0.000452575 0.00800247 0.28539 0.194991 0.000397796 0.122728 7.37007e-05 0.0153855 0.0111 0.0359021 0.136615 0.0172467 0.0107541 0.129128 
0.000382114 4.89682e-05 0.00132032 0.752739 0.037139 0.00295446 0.00409347 0.00127253 0.0214343 0.00558128 0.0554956 0.0897426 0.0236874 0.00294705 0.00116162 
0.0499827 6.56836e-05 2.0697e-05 0.304757 0.21641 0.000238698 0.0106118 0.00075596 0.021641 0.0371155 0.14 0.09529 0.002414 0.119487 0.00120881 
7.08962e-05 4.05357e-05 0.000642319 0.429396 0.0232018 0.000300953 0.0354228 4.08157e-05 0.248071 0.0118072 0.155267 0.080184 0.0134958 0.00157805 0.000480207 
0.0109194 0.00012196 0.000146012 0.445418 0.0780269 0.000139813 0.0326307 0.000403234 0.000947706 0.015811 0.255428 0.110929 0.00911961 0.0380556 0.00190292 
0.0163041 4.34475e-05 0.00124839 0.567772 0.0601461 0.000245771 0.145593 2.12624e-05 0.00088319 0.0341005 0.0634102 0.0864019 0.0112472 0.0104049 0.00217833 
2.90271e-07 0.000609879 2.89986e-07 0.411962 0.218378 2.89993e-07 0.0023515 0.00188594 0.0142239 0.00757614 0.194666 0.0311232 0.066161 0.0242988 0.0267628 
0.0196156 1.2084e-05 0.0028862 0.4912 0.0537382 0.00138836 0.0240279 0.000122018 0.00704399 0.0100461 0.173875 0.186962 0.00396905 0.0240537 0.0010607 
0.0190867 0.000349968 0.00189216 0.558663 0.0733 0.000106066 0.0871882 1.2647e-05 0.0155158 0.0166508 0.129298 0.0541364 0.0128832 0.0304451 0.000472726 
0.00546084 6.68624e-05 0.0008038 0.471646 0.0450329 0.00152945 0.184251 0.000713682 0.00765788 0.00376284 0.121764 0.0500418 0.0422166 0.0282831 0.036769 
2.02662e-08 1.7551e-08 1.02907e-05 0.998302 0.000693407 1.00094e-07 1.97859e-08 6.96009e-08 1.81042e-08 0.000162277 4.08962e-05 1.72327e-05 0.000200716 0.000573159 2.16955e-08 
0.0286419 0.000916593 0.000181842 0.484113 0.0899868 9.22903e-05 0.114038 0.00782706 0.0374044 0.00813428 0.0690341 0.130861 0.0221004 0.00403835 0.00262967 
0.0021418 2.58321e-06 1.25846e-06 0.293651 0.067247 0.000914013 0.27448 0.000225612 0.0712077 0.0447798 0.0388821 0.197185 0.00752622 0.00164469 0.000111326 
0.00774926 0.203503 1.09197e-05 0.348768 0.0326606 0.000535574 0.0273099 3.92922e-05 0.018384 0.00177289 0.187772 0.138853 0.0141863 0.0183306 0.000124458 
0.00300235 3.70286e-05 0.000893145 0.506124 0.0127735 7.43175e-05 0.0698028 0.00158614 0.00030099 0.009977 0.303886 0.0739207 0.00407883 0.0126476 0.000895649 
0.00217693 5.99549e-05 5.91941e-05 0.373905 0.192823 0.000426488 0.0295994 6.41642e-05 0.00197622 0.0266999 0.161386 0.0537732 0.0122983 0.139309 0.00544322 
0.00848973 0.000385293 7.20494e-07 0.236649 0.167933 0.00141398 0.099537 4.13801e-05 0.0973555 0.0278811 0.0780031 0.119498 0.0837739 0.0758054 0.00323245 
0.00862485 7.83704e-05 0.000395342 0.251115 0.217649 0.000840654 0.0306702 0.00129185 0.00222641 0.0408857 0.246621 0.117386 0.0288926 0.0371065 0.016217 
0.0295371 0.00414858 0.000315226 0.541898 0.0755099 0.000586226 0.00447614 0.00311421 0.00583466 0.00642107 0.0702915 0.226914 0.00890721 0.00640036 0.015645 
0.0317751 0.000171645 0.00155156 0.33474 0.0384706 0.000114393 0.147012 0.000164032 0.00229393 0.00965477 0.159533 0.219304 0.0244355 0.0287778 0.0020013 
0.0924684 0.000181767 5.29191e-06 0.360233 0.0453082 0.00110507 0.0132426 0.00384186 0.0131426 0.00957829 0.0784866 0.339893 0.0206641 0.0126567 0.00919284 
0.0350442 0.000651549 8.55331e-05 0.268762 0.136539 0.00640944 0.129907 8.57138e-05 0.075395 0.0287584 0.0787475 0.213718 0.0180575 0.00648367 0.00135577 
0.0779807 3.03544e-05 0.00058088 0.333814 0.107959 0.00013603 0.181406 0.000706813 0.00986052 0.0296726 0.150173 0.0733157 0.00982022 0.0141597 0.010385 
0.000458918 6.53596e-06 0.000117804 0.429618 0.0278134 8.18615e-05 0.290145 3.02184e-05 0.00066925 0.0115537 0.120925 0.0216268 0.0655884 0.0259276 0.00543734 
4.20808e-05 1.32634e-05 0.000143377 0.376281 0.122448 0.0616413 0.0153845 2.52048e-05 0.0155214 0.0350969 0.301225 0.0408886 0.0194868 0.0115709 0.000231547 
9.68264e-05 4.98011e-06 3.87819e-07 0.887585 0.0429497 0.000377944 0.00151333 5.09859e-05 0.00312325 0.00387913 0.0226874 0.0164965 0.000887855 0.0184144 0.00193248 
0.0820635 0.00854692 0.000323563 0.308073 0.0724857 0.000975381 0.00616135 0.00464984 0.00577502 0.00261862 0.146937 0.129809 0.15148 0.0355734 0.0445277 
0.00470648 0.00015106 0.00190934 0.438999 0.0904121 0.000519476 0.390419 0.00014864 6.64771e-07 0.0157032 0.0177843 0.0299785 0.0040081 0.00422301 0.00103708 
0.0143662 2.98829e-05 0.000637331 0.261727 0.173087 0.00272837 0.0306485 0.000780449 0.03782 0.0623217 0.172799 0.115352 0.0970851 0.0187217 0.0118947 
0.0299813 0.00170894 0.000267591 0.557634 0.0473593 0.000189962 0.11679 0.00134598 0.01553 0.00244954 0.0474405 0.114912 0.048616 0.00234383 0.01343 
1.21683e-06 1.21688e-06 1.21564e-06 0.324341 0.0776481 1.21567e-06 0.221953 0.00219023 0.115969 0.0102223 0.041747 0.16394 0.00998049 1.21698e-06 0.0320034 
0.00398613 2.88094e-05 5.44207e-05 0.441864 0.211408 0.000483743 0.0319794 0.00204096 0.174474 0.00398534 0.0288227 0.0615917 0.0276248 0.0113857 0.000270128 
0.0443724 0.000373016 0.000651561 0.334521 0.126191 5.4843e-05 0.284177 0.000454453 0.00534121 0.00266956 0.0933788 0.0860462 0.0118426 0.00804989 0.00187675 
0.0135709 0.0053862 0.10745 0.356164 0.111087 0.00805007 0.0927818 0.00143968 0.00759583 0.0112893 0.111104 0.0961356 0.0655356 0.0112008 0.00120883 
0.0151932 0.000217311 2.98339e-05 0.431467 0.149888 0.000334655 0.0304638 0.000178512 0.0780025 0.0159278 0.127252 0.02824 0.115124 0.0053282 0.00235364 
0.0498477 0.0225056 2.15423e-05 0.177321 0.145873 0.000277597 0.119256 0.00213985 0.00649082 0.0984599 0.0812806 0.129056 0.0399184 0.0347566 0.0927962 
0.0023704 0.000105819 0.00160524 0.38281 0.022306 0.00571284 0.1298 0.000606543 0.000857678 0.0143611 0.164453 0.0952441 0.157657 0.020943 0.00116778 
0.0195951 7.4585e-05 0.000534024 0.419504 0.123584 0.00145797 0.0559167 0.000564723 0.018559 0.0110673 0.224693 0.0545198 0.0424461 0.021217 0.00626624 
0.00174602 4.44874e-08 1.19949e-06 0.250723 0.12208 0.00804443 0.0698718 6.16381e-07 0.0260945 0.091195 0.0158029 0.0920292 0.0583033 0.245697 0.0184107 
0.0832933 7.44563e-06 3.02939e-05 0.701841 0.0187919 0.000113632 0.0021487 2.36883e-05 5.75252e-07 0.0522542 0.0463735 0.0842916 0.00423585 0.00639789 0.000196225 
0.011953 2.87189e-05 5.58451e-05 0.445985 0.110525 9.08442e-05 0.00157316 0.00349076 0.0136898 0.00558802 0.190462 0.114867 0.0876912 0.0124766 0.00152227 
0.00256662 1.19633e-05 9.04693e-07 0.727967 0.0416285 1.82843e-05 0.0157076 3.3057e-05 0.000606837 0.00970628 0.0094915 0.064257 0.0388019 0.0855045 0.00369824 
0.0391123 0.0011464 0.000206848 0.271 0.03705 0.000522343 0.129249 0.00142697 0.0083645 0.00521318 0.188131 0.166026 0.0675419 0.00804403 0.0769655 
0.046501 0.000270008 2.88261e-06 0.418855 0.166814 0.000440016 0.261717 8.77002e-05 0.000348849 0.00377298 0.0203363 0.0146467 0.00412048 0.0620432 4.38559e-05 
0.00319214 0.0130454 0.000424184 0.387026 0.130664 0.000274278 0.0152733 0.000756451 0.0218524 0.0194472 0.246005 0.10858 0.0223418 0.0192818 0.0118351 
0.00871822 0.000207888 0.0947762 0.333442 0.0148514 9.66739e-05 0.159622 0.000248656 0.0264768 0.0046977 0.0365625 0.195565 0.0955864 0.0270839 0.00206551 
0.0252572 4.1685e-05 9.39517e-05 0.328107 0.186231 0.0107545 0.0408751 9.43928e-05 0.00626049 0.0171664 0.209735 0.100687 0.019063 0.052967 0.00266584 
0.025534 6.53948e-05 0.00213909 0.292984 0.129309 3.20034e-05 0.212315 0.000122197 0.000646545 0.00140723 0.194792 0.0713266 0.0598349 0.00730794 0.00218477 
0.00921817 0.000718995 8.58352e-05 0.336481 0.0906137 0.000271927 0.0596358 0.000974851 0.00919186 0.0064509 0.152117 0.233977 0.0638613 0.0067042 0.0296981 
0.0013537 3.40988e-05 0.00132067 0.464308 0.0680328 0.000429685 0.00976077 0.000299333 0.00162796 0.0231219 0.273796 0.108777 0.00587402 0.0410753 0.000188332 
0.0103662 0.00157643 1.30314e-05 0.543523 0.0437727 0.000169505 0.0712066 0.00203072 0.0069684 0.0115294 0.0988303 0.153946 0.0187748 0.00885059 0.028442 
0.173578 1.38988e-05 2.53665e-05 0.401121 0.0996639 0.000123064 0.0459056 0.0039679 0.0120299 0.0164098 0.0699999 0.110561 0.0189201 0.0458397 0.00184147 
0.0302122 0.000149843 0.000560337 0.320332 0.0513415 0.000679029 0.225129 0.000127039 0.0329568 0.0352527 0.0450644 0.211104 0.0246583 0.0195218 0.00291127 
0.00397186 8.26351e-05 0.000136798 0.545965 0.0602632 9.2628e-05 0.0026785 0.000183356 0.0374363 0.00310813 0.16504 0.0914205 0.0589139 0.0244626 0.00624447 
0.00529946 1.55287e-05 0.000559929 0.522223 0.0493767 0.00017911 0.0102949 0.0005113 0.00231001 0.0684754 0.15571 0.165321 0.00121103 0.018424 8.8657e-05 
0.0038485 0.000638099 2.80372e-05 0.387376 0.0154482 8.07069e-05 0.00268419 0.00242119 0.0017096 0.0204526 0.326768 0.21556 0.00841458 0.0122732 0.00229689 
0.00176367 6.74767e-05 0.000148383 0.306651 0.121175 0.00034121 0.00864651 0.0088542 0.0144536 0.0317886 0.263233 0.182497 0.0533689 0.00235874 0.00465213 
0.0256081 3.21358e-05 5.99381e-05 0.424135 0.113371 0.000921589 0.21306 7.30101e-05 0.00307174 0.035434 0.0514307 0.0888349 0.0203109 0.0199947 0.00366155 
0.00933077 9.67001e-05 0.00152621 0.275491 0.165776 0.00283579 0.101323 0.000656753 0.0102498 0.0236003 0.112051 0.194161 0.0557183 0.0334056 0.0137765 
0.0252004 0.0593559 0.000297671 0.246708 0.113781 0.000766774 0.00399844 0.00988148 0.0173743 0.00844664 0.224481 0.189578 0.0724042 0.0154912 0.0122359 
0.0298847 0.000113018 0.000104604 0.539534 0.0367346 0.000791622 0.198649 0.000765056 0.0147722 0.0112104 0.0826765 0.064124 0.00319304 0.0122978 0.0051502 
0.0158839 7.81739e-05 0.00058585 0.25088 0.0510801 0.000928621 0.0540941 0.00084122 0.0189281 0.00285599 0.228833 0.170959 0.190353 0.000840346 0.0128589 
0.00381496 2.53701e-09 6.87901e-06 0.422464 0.188215 0.00740654 0.00079303 0.000177319 0.0285914 0.0030363 0.0874934 0.082682 0.0506872 0.123552 0.00107975 
0.00221715 1.63875e-05 5.57274e-05 0.420174 0.217867 0.000894403 0.0658885 9.47796e-05 0.0177301 0.0223717 0.0380953 0.0298054 0.0645702 0.0218715 0.0983483 
0.00686389 1.19175e-05 7.79389e-05 0.715393 0.0684005 0.000966744 0.0106233 0.000203584 0.0193748 0.00300684 0.111614 0.029675 0.0254593 0.00779115 0.000538111 
0.00295371 2.23883e-05 1.3622e-06 0.34634 0.142718 0.000373443 0.0119407 4.84672e-05 0.052344 0.0841142 0.190318 0.120592 0.0235387 0.0168199 0.00787489 
0.0413878 0.000102579 0.00157998 0.409181 0.21309 0.000687051 0.0338569 0.000168844 0.0217391 0.00349631 0.055987 0.139127 0.0197584 0.0587798 0.00105813 
0.0274303 0.00146247 0.0170312 0.355899 0.0594766 0.000162414 0.118582 0.00250644 0.0069552 0.0329303 0.127479 0.131695 0.0135497 0.10259 0.00225046 
0.0223518 0.00622317 6.85093e-06 0.571884 0.0166918 7.99722e-05 0.0106163 0.0052799 0.00051173 0.00105107 0.122984 0.148924 0.0708134 0.00192278 0.0206601 
0.0128896 0.000124634 0.000141761 0.397546 0.136853 0.00116226 0.015613 0.00111162 0.00418669 0.0114824 0.0904051 0.213898 0.0102966 0.103945 0.000345366 
0.0342291 0.00129561 0.00996709 0.392666 0.0574196 0.00101222 0.0873116 0.000978768 0.0121385 0.00863983 0.16947 0.126027 0.0840078 0.00874233 0.00609444 
0.000433489 1.05808e-05 8.034e-06 0.398591 0.119869 0.000211655 0.0170436 0.000209337 0.172576 0.0112527 0.0886121 0.115715 0.0426829 0.0325143 0.000270819 
0.0104624 0.00988042 2.33947e-05 0.309722 0.261102 0.0358279 0.0704118 0.000116788 0.0146073 0.0448094 0.140711 0.048254 0.00414031 0.0371749 0.0127566 
0.00239979 7.84077e-05 0.00262345 0.37273 0.0309816 3.89794e-06 0.286369 5.60248e-05 0.00036054 0.00379171 0.0965313 0.157814 0.0347686 0.0112932 0.000197665 
0.00481114 9.3761e-05 0.0203891 0.417585 0.0497327 0.000136581 0.274012 0.00035149 0.0192318 0.00799043 0.0699015 0.0559539 0.0663061 0.0132904 0.000214684 
0.00300235 3.70286e-05 0.000893145 0.506124 0.0127735 7.43175e-05 0.0698028 0.00158614 0.00030099 0.009977 0.303886 0.0739207 0.00407883 0.0126476 0.000895649 
0.217013 0.000774118 1.10149e-06 0.288145 0.109427 0.000251026 0.132064 0.00288622 0.0983982 0.0193356 0.0578919 0.036731 0.0225752 0.00418268 0.0103235 
0.00718028 7.54087e-05 0.000917701 0.346499 0.0395618 0.00173709 0.0767472 0.0021875 0.000103043 0.00948767 0.180262 0.295588 0.0033025 0.0356583 0.000691824 
0.0347701 0.027252 8.55711e-05 0.20625 0.166357 0.000784182 0.0272838 0.000204606 0.0141363 0.0781378 0.115675 0.161375 0.0859143 0.0213119 0.0604621 
0.0480922 0.00433785 0.000158166 0.319264 0.228708 2.65487e-08 0.0432596 0.000127919 0.0030828 0.0474996 0.112024 0.168977 0.0139359 0.00173848 0.00879556 
0.0116751 0.000156003 0.000687013 0.571359 0.211453 0.000827316 0.0414957 0.000375203 0.0143319 0.0176435 0.0242968 0.0445674 0.0145408 0.0425168 0.00407507 
0.0380889 0.00684688 0.000239149 0.324827 0.0431639 4.78126e-05 0.287977 0.000692795 0.00137697 0.00684486 0.101961 0.129032 0.0410495 0.00959428 0.00825786 
0.014426 7.52063e-05 0.00144512 0.471257 0.11955 0.000359554 0.110812 0.000425434 0.00106333 0.0352408 0.0692585 0.146744 0.0176669 0.0105223 0.00115386 
0.0283441 0.00010064 0.000203184 0.610496 0.0918149 0.00255767 0.100645 0.000654204 0.0112692 0.00955001 0.0590383 0.0603781 0.00435528 0.0122517 0.00834169 
0.0189915 3.84111e-06 7.8408e-08 0.327358 0.0330062 2.16225e-06 0.100943 0.000665771 0.0927606 0.0753568 0.0700306 0.241163 0.0382199 0.000128524 0.00137017 
0.00509154 3.92554e-06 1.32609e-05 0.445944 0.0645496 8.71145e-05 0.042986 8.9215e-05 0.00241978 0.0329205 0.238764 0.154275 0.00429687 0.00792784 0.000631428 
0.000523963 0.000272648 4.1984e-07 0.327567 0.0203795 3.20769e-05 0.000409845 0.00137968 0.00145325 0.0186 0.305358 0.297396 0.0202354 0.005846 0.000546479 
0.0403637 0.000446532 3.50068e-05 0.43981 0.1003 6.67314e-05 0.00792769 6.6189e-05 0.00973912 0.0377825 0.0366276 0.0758002 0.00714421 0.0339764 0.209914 
0.00875701 0.000170853 0.000135485 0.331041 0.297373 0.000144996 0.0510048 9.62343e-06 0.00327726 0.0103637 0.0998354 0.175506 0.00490198 0.0166762 0.000803824 
0.0145675 0.000427248 0.00132963 0.286546 0.0834643 0.000280334 0.111268 0.000136174 0.00880902 0.0142927 0.245095 0.119371 0.0891176 0.0142747 0.0110216 
0.0236771 0.00120701 2.52257e-05 0.378732 0.0405913 0.000335069 0.0428535 0.00160843 0.00852144 0.00360958 0.194414 0.186739 0.0629979 0.0485325 0.00615612 
0.034238 6.79821e-05 0.000557649 0.517518 0.0245848 6.30278e-05 0.0568448 4.20173e-05 0.00239317 0.0353372 0.148129 0.156753 0.0104657 0.0112544 0.00175095 
0.0027019 3.53837e-06 2.45475e-11 0.44846 0.40716 0.00328247 0.0116127 3.85661e-05 0.00016566 0.0072807 0.000340117 0.00700742 0.00203262 0.104515 0.00539929 
0.00101181 3.42776e-05 6.59146e-05 0.544557 0.204314 7.31633e-06 0.0502355 3.00717e-05 0.00355 0.010472 0.0558507 0.058086 0.0476974 0.0206229 0.00346451 
0.053171 0.000110904 1.47518e-06 0.405435 0.260343 0.000862925 0.105581 0.00350771 0.00588152 0.0026144 0.0388763 0.0179202 0.0424316 0.0498731 0.0133897 
0.106484 0.0106269 0.0272405 0.285124 0.0420395 0.000329456 0.164686 0.00329851 0.0619739 0.00240651 0.0441912 0.173734 0.0526915 0.00919095 0.0159845 
0.032413 5.58584e-05 0.00176947 0.363014 0.064442 2.78818e-05 0.106066 0.000170757 0.00640322 0.00941041 0.0784209 0.280208 0.0244548 0.0239759 0.00916758 
0.0540665 0.0095728 0.000330673 0.292361 0.066231 0.00039174 0.112485 0.00282966 0.00249134 0.00545992 0.176174 0.220523 0.0239664 0.0164633 0.0166532 
0.00309909 0.013334 5.62098e-05 0.272234 0.0820732 0.00431168 0.00949475 0.000872058 0.0521061 0.0113313 0.221436 0.0767168 0.208217 0.0173165 0.0274009 
0.0144242 0.000261557 0.00673948 0.264813 0.0925717 0.00106354 0.13237 0.000105386 0.00339565 0.0493866 0.11355 0.216788 0.059673 0.0405799 0.00427851 
0.0130089 4.5817e-05 0.000708827 0.342079 0.0256442 7.51934e-05 0.108239 0.00159408 0.0571943 0.0173571 0.0781293 0.0978398 0.20709 0.003757 0.0472384 
0.0017798 2.37302e-05 7.50005e-05 0.4202 0.103454 7.9444e-05 0.0728408 0.000123825 0.00359034 0.0132201 0.267902 0.0690826 0.0363226 0.00933709 0.00196878 
0.00170596 3.13457e-05 0.00156291 0.378369 0.082014 0.000596662 0.026172 0.000591077 0.00658012 0.0162016 0.280056 0.147824 0.0415659 0.0165324 0.000197427 
1.51776e-05 4.07543e-06 6.40926e-06 0.513049 0.148744 0.000178156 0.0335468 7.00616e-05 0.000756933 0.0117454 0.223856 0.0163628 0.0115181 0.0401239 2.34754e-05 
0.00684906 0.00115322 0.000563571 0.447646 0.0223492 0.000149603 0.008309 0.00169562 0.00150593 0.0254193 0.303308 0.142582 0.0161881 0.015107 0.00717434 
0.00898422 0.00738231 0.000119931 0.498087 0.0985523 0.00117522 0.0203753 0.00167635 0.0133653 0.0915462 0.108862 0.114855 0.010271 0.0141828 0.0105652 
0.0401029 0.00274501 0.000193004 0.356048 0.0293697 0.000417051 0.0104508 0.00297393 0.0083089 0.0170835 0.275023 0.200671 0.0168321 0.025199 0.0145811 
0.00103636 0.00046985 7.25489e-05 0.397262 0.0739895 0.000403056 0.070562 2.53497e-05 0.00261383 0.0153836 0.238967 0.179158 0.0174077 0.00252962 0.000119255 
0.000866109 2.7837e-06 4.05409e-09 0.770825 0.196969 0.000793892 0.0128537 1.25281e-05 0.00103773 0.00348944 0.00100467 0.00425528 0.000856855 0.00622199 0.000811405 
0.0417269 0.000301051 0.00182552 0.409424 0.0650866 0.000324727 0.122802 0.000292703 0.0112297 0.0227327 0.129228 0.144616 0.00780512 0.0268369 0.0157677 
0.0319538 9.37645e-05 2.89996e-05 0.279246 0.0836228 9.93737e-05 0.00702415 6.40079e-05 0.00514574 0.0160455 0.277807 0.254402 0.00852148 0.0273641 0.00858123 
0.000144404 0.0184934 6.04672e-05 0.554691 0.0898108 0.00743745 0.000975674 9.72451e-05 0.00176993 0.160241 0.0465891 0.00290593 0.00533524 0.0109282 0.100519 
0.00116189 9.90635e-06 0.00121003 0.455552 0.0617806 9.95072e-05 0.0120369 0.000389133 0.00310906 0.0161432 0.140386 0.285348 0.0146404 0.00796038 0.000172928 
0.00454475 0.000143475 0.000302413 0.41285 0.0869019 4.367e-05 0.210336 0.000131512 0.0067987 0.0106772 0.0760585 0.147852 0.0154912 0.00567273 0.0221959 
0.0255297 0.000572877 5.79527e-05 0.409072 0.0472255 7.91629e-05 0.0459875 0.00156479 0.00333175 0.0304627 0.0952328 0.301096 0.0123754 0.0176517 0.00976023 
0.0282677 7.19935e-06 0.00031499 0.321772 0.0425474 0.0107612 0.0178826 0.000177022 0.0211751 0.032608 0.139894 0.300864 0.0582799 0.0239859 0.00146268 
0.00608325 4.20943e-06 0.00020561 0.63844 0.0447792 0.00238709 0.048202 0.000104175 0.00478707 0.0165588 0.196664 0.0194071 0.00533414 0.0167572 0.000286261 
9.35838e-05 8.96439e-06 0.000485925 0.297613 0.0496852 0.000324213 0.00931685 0.000750122 0.0250481 0.0177384 0.226919 0.270216 0.0506412 0.0511286 3.03976e-05 
0.00663289 4.72359e-05 0.000161452 0.259584 0.219607 0.00260927 0.00563525 0.000664091 0.00171909 0.0561577 0.162013 0.145493 0.0137941 0.10986 0.0160218 
0.0199298 5.81833e-06 0.000238019 0.675129 0.0184829 7.98086e-06 0.0305795 2.70862e-05 0.00295545 0.00435582 0.0929459 0.141242 0.0123088 0.000571054 0.0012206 
0.00405136 2.82107e-06 0.000112886 0.653439 0.0585489 3.01786e-05 0.146805 0.000922158 0.0475768 0.00782641 0.0186416 0.0273235 0.0321031 1.00191e-05 0.00260643 
0.000326819 1.87317e-08 0.0036371 0.304761 0.208988 2.24136e-07 0.0400245 0.000441486 0.000651299 5.67992e-07 0.285854 0.151871 4.7514e-07 0.00339175 5.17064e-05 
0.0408167 0.000225192 0.000238986 0.324673 0.0295986 0.000872839 0.161722 0.000439528 2.27997e-07 0.00966314 0.0492448 0.235377 0.0165141 0.129882 0.000732413 
0.0148608 0.000149685 2.80504e-05 0.3786 0.0373291 7.50205e-05 0.0582283 0.000439205 0.0185905 0.0226886 0.334641 0.0783042 0.00356842 0.0401121 0.012385 
0.00641716 9.98615e-05 0.000281848 0.470046 0.0854727 0.00151581 0.273429 0.000246498 0.0015418 0.00640614 0.0586903 0.0640969 0.00645481 0.0198569 0.0054443 
0.117169 0.00429243 1.13809e-06 0.318578 0.110585 7.71857e-05 0.0433555 0.00694766 0.0158437 0.0220699 0.181439 0.120428 0.0207145 0.00263145 0.0358673 
7.09133e-05 0.148057 1.37105e-08 0.522323 0.0620864 1.31981e-06 0.00929592 8.89669e-05 2.30911e-05 0.0111442 2.6394e-05 0.246753 3.98076e-05 1.03672e-05 7.96524e-05 
0.00519506 1.64595e-05 0.000390462 0.302292 0.103029 5.4127e-05 0.00770146 0.000268365 0.0626316 0.0440821 0.210431 0.211588 0.0401762 0.00638293 0.00576063 
0.000842035 3.35978e-05 0.000150611 0.375272 0.159011 2.88812e-05 0.0162975 0.000281553 0.023268 0.0823525 0.222938 0.099613 0.0120836 0.00538848 0.00243847 
0.220766 0.000175824 0.0592425 0.344437 0.101505 0.000828672 0.124421 9.18074e-05 0.0213579 0.00312632 0.0249217 0.0445399 0.00837788 0.0458377 0.000370617 
0.0169673 3.5353e-05 0.000172982 0.570702 0.150621 0.0034774 0.12204 2.90079e-05 0.000863069 0.0313185 0.0295701 0.0432491 0.00298117 0.0270719 0.000900313 
0.0104639 2.0244e-05 0.000140098 0.469397 0.109715 0.00952007 0.110857 1.52646e-06 0.106875 0.0126237 0.0670796 0.0488155 0.0251886 0.0285198 0.000783747 
0.000551756 1.59947e-08 4.31281e-07 0.363406 0.143099 1.91386e-07 0.12217 2.21621e-07 0.0207374 0.0118829 0.114176 0.080085 0.138592 3.9668e-07 0.00529755 
0.0969247 0.00641866 3.96016e-06 0.355694 0.0353058 2.99921e-05 0.179031 0.00521604 0.0201309 0.00142712 0.0302682 0.183469 0.0341551 0.00164749 0.0502773 
0.0476176 4.80152e-05 3.86526e-05 0.478947 0.146184 7.84764e-05 0.185021 0.00021537 0.000961924 0.0172398 0.0551307 0.0410283 0.0212947 0.0061224 7.19444e-05 
0.0522524 0.014328 1.26268e-05 0.299579 0.0783777 0.00887231 0.10871 0.0550057 0.00864146 0.000824529 0.0879962 0.0998008 0.0359428 0.0019102 0.147746 
0.101758 0.00724967 0.000280712 0.428884 0.0406176 8.01629e-05 0.0601213 0.00250546 0.0134719 0.00128665 0.119395 0.148199 0.0422341 0.00222104 0.0316952 
0.00980602 0.000425307 1.02405e-07 0.416442 0.124007 0.000157886 0.0286396 0.00205479 0.00331831 0.0121406 0.155547 0.214924 0.024412 0.00719992 0.000924962 
0.0211969 8.67907e-05 6.71377e-05 0.482051 0.0729588 2.54804e-05 0.062149 0.000583529 0.0132824 0.0997286 0.171839 0.047354 0.00520761 0.01753 0.00593957 
0.0309301 2.01732e-05 7.12979e-05 0.423474 0.140782 0.000168185 0.14567 2.19626e-05 0.0272719 0.0151672 0.0840631 0.0741512 0.00642691 0.0318885 0.0198935 
0.0279819 0.00105685 4.10213e-05 0.392075 0.0457843 0.00020472 0.0471339 0.00164519 0.0135963 0.00804602 0.205711 0.21024 0.0148855 0.0134187 0.0181795 
0.0238381 0.0310819 0.000271285 0.336422 0.0575224 0.000102089 0.0140547 0.00145499 0.00720182 0.0130728 0.133825 0.306244 0.0175215 0.0289141 0.0284737 
0.0107067 2.57974e-05 0.000113848 0.296678 0.082094 0.00030138 0.0263666 5.95133e-05 2.04337e-05 0.067488 0.131037 0.198386 0.172252 0.00738113 0.00708953 
0.00057839 1.46686e-05 0.000429832 0.357818 0.0587075 0.000202485 0.0155665 0.00578238 0.0245286 0.00562445 0.155673 0.181749 0.17222 0.0152931 0.0058106 
0.00215959 6.07315e-05 0.000559856 0.33927 0.0555417 0.000199436 0.0212358 3.95811e-05 0.000301058 0.0162007 0.283657 0.226883 0.0112907 0.0389024 0.00369901 
0.0521391 3.04121e-05 0.00843902 0.571787 0.0963034 0.000334231 0.00962699 0.000747739 0.0301734 0.0635132 0.0528093 0.0615557 0.038613 0.0116438 0.00228351 
0.0832933 7.44563e-06 3.02939e-05 0.701841 0.0187919 0.000113632 0.0021487 2.36883e-05 5.75252e-07 0.0522542 0.0463735 0.0842916 0.00423585 0.00639789 0.000196225 
0.00767562 0.00138801 0.000448751 0.317398 0.0308556 0.000157538 0.0192468 0.00125082 0.00649862 0.0194784 0.245575 0.260447 0.0640156 0.0159207 0.00964405 
0.00239048 0.00388632 0.000197408 0.432253 0.0663121 0.00187029 0.0212098 0.000346942 0.00452726 0.0456151 0.308214 0.0393659 0.0204014 0.027827 0.0255833 
0.0832933 7.44563e-06 3.02939e-05 0.701841 0.0187919 0.000113632 0.0021487 2.36883e-05 5.75252e-07 0.0522542 0.0463735 0.0842916 0.00423585 0.00639789 0.000196225 
0.109939 0.0040596 9.95459e-05 0.313667 0.0624729 3.98083e-07 0.0553283 0.140203 0.0160859 0.00104733 0.0599102 0.0916649 0.126547 0.000203352 0.0187717 
0.0128009 8.33695e-05 0.000166914 0.456412 0.0199734 3.14027e-05 0.013515 0.000123276 0.068047 0.00477688 0.219304 0.103348 0.0920465 0.00553423 0.00383617 
0.10916 5.86674e-05 0.00664896 0.303996 0.172315 0.000558556 0.116733 0.000253822 0.0705769 0.00488409 0.0204498 0.152316 0.00559764 0.030682 0.00576959 
0.00573071 0.000207969 0.000433937 0.406483 0.114196 2.25664e-05 0.0312984 0.0035086 0.0960334 0.068519 0.106171 0.12184 0.0417075 0.00346519 0.000382657 
0.00148141 7.85603e-06 6.28007e-05 0.384422 0.0215541 6.64445e-05 0.0184008 0.000814638 0.0833169 0.00491503 0.249965 0.194201 0.0183548 0.0222609 0.000177028 
9.56699e-06 9.56732e-06 9.55763e-06 0.448775 0.173201 9.55784e-06 0.17413 9.56137e-06 9.56726e-06 9.56671e-06 9.5689e-06 0.0239316 0.00479364 9.56812e-06 0.175083 
0.00347966 6.99676e-05 1.1451e-05 0.388961 0.141691 0.000190304 0.0946004 4.61437e-05 0.00877667 0.0435978 0.0860929 0.16628 0.0256467 0.00892214 0.031634 
0.17661 0.00992862 0.0014738 0.305007 0.140706 0.00130796 0.101437 6.17595e-05 0.00414204 0.00189096 0.0425564 0.107507 0.00611274 0.0910719 0.0101862 
0.095405 0.0197695 0.000358362 0.294609 0.0844838 0.000303757 0.09998 0.0103429 0.0225017 0.0140518 0.0740546 0.188415 0.0398704 0.0172928 0.0385617 
0.0322929 2.58566e-05 0.000459627 0.304725 0.206543 0.000658954 0.10316 5.88988e-05 0.00253499 0.139839 0.0633835 0.0155865 0.00337103 0.127085 0.000275138 
0.0188161 8.89743e-05 0.00196889 0.381039 0.021942 0.000141731 0.345454 0.00013999 0.00635722 0.00421645 0.0675365 0.140345 0.00671985 0.00428231 0.000952237 
0.217013 0.000774118 1.10149e-06 0.288145 0.109427 0.000251026 0.132064 0.00288622 0.0983982 0.0193356 0.0578919 0.036731 0.0225752 0.00418268 0.0103235 
0.00199327 7.51898e-05 9.64463e-05 0.396801 0.0407187 0.00111093 0.193441 0.00018912 0.00877619 0.00606107 0.189341 0.124065 0.0159248 0.0202924 0.00111504 
0.00344973 0.000486331 0.00242664 0.393084 0.0400465 0.000486932 0.0763117 0.000938286 0.0157366 0.104419 0.200495 0.115232 0.0267254 0.0201006 6.0947e-05 
0.0242564 0.00410547 0.000622425 0.408039 0.158252 0.000186832 0.0835154 0.000784312 0.0117355 0.0216222 0.090382 0.111325 0.0170226 0.0254708 0.0426792 
0.0486071 0.000532944 0.00128223 0.271217 0.0500106 0.000743704 0.0135855 0.000858025 0.0295624 0.0370111 0.181564 0.265551 0.0735774 0.021155 0.00474241 
0.0958574 0.000566603 0.000218876 0.270495 0.125604 0.000659117 0.179298 0.000163549 0.0083769 0.0256648 0.0825716 0.0975727 0.0294955 0.0475859 0.0358706 
0.00377339 0.00126623 0.000688659 0.589818 0.0219631 7.7608e-05 0.0104274 0.000642664 0.00119215 0.0274038 0.162553 0.134107 0.0161176 0.0138423 0.0161272 
0.00252446 0.000139482 2.41665e-06 0.686691 0.00432662 0.000101125 0.00290183 2.25729e-05 0.101266 0.00469236 0.0711852 0.0711705 0.000888507 0.0473599 0.00672887 
0.00523092 7.83678e-06 1.21557e-07 0.481259 0.0119045 2.19821e-05 0.069534 2.84517e-06 0.107548 0.0197827 0.117587 0.162854 0.00677636 0.000447847 0.0170432 
0.0723759 0.000229844 2.86669e-05 0.287571 0.027576 6.41069e-05 0.186364 0.0182936 0.0123234 0.00515892 0.0722923 0.279767 0.00420699 0.00250281 0.0312443 
0.0170355 0.00023856 6.24478e-05 0.444443 0.0885677 0.000381045 0.0639026 0.000433142 0.0155835 0.061957 0.139761 0.134915 0.0174709 0.0045089 0.0107391 
0.00346522 3.87331e-05 0.00139834 0.330151 0.0346842 0.000226818 0.01878 0.000149681 0.000752123 0.0717413 0.270208 0.228879 0.00235496 0.0369486 0.000221422 
0.0823373 0.000128465 3.53673e-07 0.275753 0.127689 0.000108636 0.00699623 1.90046e-05 0.000778068 0.0165223 0.130309 0.123362 0.00204098 0.233173 0.000783066 
0.0107274 0.000134728 0.0860458 0.627417 0.129949 0.000357692 0.0233394 0.000279552 0.00292865 0.00563309 0.0208927 0.0327466 0.0128174 0.0463352 0.000395618 
0.00639421 2.8983e-05 0.000137447 0.408445 0.161446 0.0273194 0.0582783 0.00021245 0.135112 0.0127254 0.0493411 0.0684382 0.00438478 0.0428146 0.0249215 
0.0423218 4.25606e-05 2.32132e-05 0.504813 0.216795 0.00129186 0.0428373 8.00012e-06 3.93032e-08 0.00276542 0.0517417 0.0719024 0.0323642 0.0325003 0.000592765 
0.00852737 0.0145134 6.52866e-07 0.323273 0.0750165 8.32045e-05 0.140067 0.00740385 0.0666204 0.00205101 0.141048 0.112404 0.0950487 0.00659934 0.00734436 
0.0145435 0.000128455 0.0104453 0.227419 0.144782 2.71326e-05 0.175655 0.00106883 0.0316451 0.0240381 0.192874 0.150549 0.0141733 0.0112429 0.00140871 
0.107856 0.00431823 0.000524586 0.34521 0.0655747 0.00184433 0.0721394 0.00269428 0.00763745 0.0209668 0.172196 0.131622 0.0311249 0.0217411 0.0145502 
0.00951468 3.48705e-05 0.00148296 0.406168 0.0724685 0.00194585 0.257833 0.00153123 0.00150969 0.0150843 0.0753298 0.108101 0.0155171 0.0304647 0.00301441 
0.0232097 0.000496845 0.00193935 0.290777 0.231433 0.0111849 0.0349212 0.00603191 0.00641856 0.0358966 0.0967716 0.101156 0.0197622 0.129796 0.0102046 
0.00177613 1.25809e-05 2.04518e-05 0.581916 0.105742 6.09814e-05 0.0114295 0.000164795 0.133295 0.0171242 0.0818633 0.0332002 0.0301661 0.00189916 0.00132962 
0.0271113 0.000303345 0.000371775 0.40825 0.120232 0.0144695 0.102169 0.000405771 0.00528436 0.0059323 0.0760447 0.115667 0.0348611 0.0254603 0.0634377 
0.0735613 0.000157121 0.000696781 0.316275 0.0879562 3.45639e-05 0.14543 1.95293e-05 0.00555708 0.115842 0.127257 0.104646 0.0100489 0.0112522 0.00126539 
0.000288759 8.14633e-05 3.03494e-05 0.402002 0.161445 0.000199752 0.00423473 6.74988e-05 0.0302635 0.0135623 0.183213 0.0692591 0.078443 0.0526661 0.00424234 
0.0253918 0.000183536 7.12912e-05 0.288314 0.062208 0.00079915 0.177802 0.000135266 0.00847145 0.0124939 0.186472 0.103433 0.0724388 0.0325341 0.0292527 
0.12036 0.00010863 3.85574e-05 0.2588 0.236032 0.00270597 0.212995 1.21756e-05 0.000563643 0.00570278 0.0196529 0.0122878 0.00507319 0.125653 1.454e-05 
0.0290689 0.000116788 0.00100813 0.545803 0.0406941 2.79431e-07 0.197452 0.00200649 0.0130922 0.0156501 0.0871503 0.0418124 0.0127955 0.0104835 0.00286658 
0.0315644 0.000123015 9.94348e-05 0.397789 0.139137 0.00130171 0.163923 2.58129e-05 0.00964273 0.100687 0.067702 0.0466833 0.00742927 0.0192787 0.0146134 
0.013003 0.00122192 0.000423536 0.372102 0.141558 0.00657669 0.0543537 0.000966779 0.00229616 0.0275803 0.141156 0.173205 0.0311363 0.0245912 0.00982933 
0.0119887 2.21894e-05 0.000181301 0.521256 0.153044 0.00101824 0.00577611 0.000183889 0.0367259 0.00469 0.092565 0.0442282 0.107524 0.0196118 0.00118434 
0.0199378 7.35238e-05 7.02226e-06 0.306377 0.279737 0.000528369 0.241945 4.08218e-06 0.00203529 0.00262333 0.0213795 0.0586563 0.0143347 0.0434187 0.00894307 
