9.34636e-05 5.05501e-09 3.3995e-10 0.156132 0.558187 8.92717e-05 0.000103667 2.56046e-08 6.92668e-08 0.177816 0.0476128 0.00672631 0.00105577 0.0521593 2.49584e-05 
0.000563528 0.000106314 0.00172705 0.0819905 0.56898 0.000470028 0.0045994 0.00744273 0.00206945 0.0349899 0.12631 0.139337 0.00192861 0.00977372 0.0197119 
0.0105676 0.0173428 0.000468157 0.0501315 0.281593 0.0325635 0.0071575 0.00174215 0.192927 0.00535081 0.123708 0.04419 0.114318 0.0131243 0.104816 
0.0308577 5.19654e-05 2.16261e-06 0.196752 0.284571 9.98517e-05 0.0354073 0.00039293 0.00490431 0.0387933 0.202517 0.0927574 0.00231017 0.108074 0.00250788 
3.86947e-05 3.69199e-07 1.81655e-06 0.0137496 0.846345 0.00185843 0.000251246 0.000291405 0.0176748 0.0074389 0.0336306 0.0632394 0.00397857 0.0111345 0.000366585 
0.0303899 0.00074098 1.8749e-05 0.108519 0.480896 0.00377954 0.0816596 6.95225e-05 0.000949807 0.0257557 0.0165758 0.0540526 0.00233586 0.176422 0.0178354 
0.060989 0.000117708 0.000205433 0.108815 0.299637 0.000406148 0.281526 9.84038e-05 0.000117144 0.00541937 0.0722131 0.0424158 0.00917533 0.0898679 0.0289973 
0.00165185 2.09473e-07 7.58977e-06 0.229698 0.481906 0.0195828 0.00677137 8.23759e-05 0.0192243 0.110104 0.0306845 0.0401719 0.0204092 0.0365973 0.00310872 
0.0038812 0.000175902 4.56013e-05 0.0655915 0.605643 0.00303137 0.00742191 0.000447731 0.0123209 0.0517754 0.127534 0.0402821 0.00752758 0.0679303 0.00639222 
0.00486082 2.60784e-05 4.57284e-06 0.159618 0.1711 0.00295006 0.00217814 0.00132221 0.137135 0.0587333 0.154992 0.147968 0.0643563 0.0763609 0.0183946 
0.00982636 5.88382e-05 0.000899086 0.128899 0.404703 0.00476476 0.00427261 6.83783e-05 0.003513 0.228344 0.0903705 0.0339083 0.0328043 0.0556505 0.00191681 
0.000166484 0.000104666 1.92316e-11 0.0532124 0.761136 0.0258615 6.7881e-08 3.63771e-05 0.0554811 0.0205429 0.0135039 0.00902706 0.0208532 0.0385776 0.00149635 
9.61403e-05 1.45073e-06 5.50938e-05 0.229211 0.395545 0.000355988 0.0155071 1.45868e-05 0.00113314 0.0126707 0.0688329 0.0330861 0.00195714 0.241344 0.000189692 
0.0222893 0.000340277 6.01655e-05 0.10438 0.524046 0.0116463 0.0160707 0.000490472 0.0175961 0.0311126 0.075437 0.065307 0.0212866 0.102872 0.00706451 
0.00294772 9.55128e-05 0.000268763 0.180846 0.499334 4.5821e-05 0.00883934 0.000184506 0.0024969 0.0967623 0.0645996 0.0316893 0.00772433 0.103143 0.00102246 
0.0428104 0.000155274 6.40725e-07 0.19378 0.273029 0.0186575 0.125993 0.000610768 0.0532744 0.0202186 0.119201 0.0680725 0.0664834 0.00553571 0.0121768 
0.00308232 5.50576e-06 0.000200051 0.127868 0.364066 0.00931155 0.0299036 0.0014683 0.0573295 0.0543003 0.111265 0.103672 0.0774299 0.0503999 0.00969834 
0.00207738 1.37078e-05 7.48891e-05 0.119719 0.480213 0.00451111 0.0445232 0.000314527 0.00456317 0.0111647 0.0724135 0.0767627 0.0234206 0.156623 0.00360591 
0.000262297 3.59929e-06 5.71742e-07 0.0219167 0.615785 0.0025489 0.00189459 4.55063e-05 0.124426 0.0864121 0.00630758 0.0333459 0.00066045 0.106338 5.30028e-05 
0.0359741 4.67237e-06 0.000382611 0.190663 0.497083 0.000135072 0.0100861 0.000331267 0.000215825 0.0245697 0.108362 0.0862329 0.0367855 0.00776093 0.00141319 
0.000514068 1.41429e-05 0.000144668 0.191506 0.382449 0.0109507 0.00852972 0.000132979 0.00962467 0.167062 0.0855936 0.0328083 0.0133176 0.0942044 0.00314889 
0.000682344 2.31034e-05 8.91329e-09 0.0216547 0.897835 0.00297802 0.00392482 0.0195601 1.03664e-05 0.0297198 0.000570242 0.00289216 0.00129622 0.0185245 0.000329093 
0.00221839 0.000125703 0.000406487 0.10803 0.460485 0.0315502 0.013691 0.000133136 0.00271231 0.0193821 0.0939797 0.0518785 0.0118199 0.182953 0.020634 
0.00266807 1.69056e-06 3.01927e-07 0.0354308 0.764828 0.000491275 0.00132239 1.37034e-05 0.00110669 0.108955 0.0191714 0.00398953 0.0309565 0.0310621 2.8994e-06 
0.00702964 3.12458e-05 0.000134928 0.232104 0.471926 0.000652006 0.00730134 9.65083e-05 0.000600687 0.0759673 0.116147 0.0622397 0.0131936 0.0123522 0.000223902 
0.000933643 3.05937e-05 4.19489e-05 0.172878 0.433137 0.00103147 0.00774427 5.65726e-05 0.00164742 0.161265 0.108583 0.0595105 0.00596588 0.0467622 0.000411678 
0.000312891 1.48446e-05 0.000270243 0.0425077 0.35675 0.00275154 0.0175256 0.033071 0.0121788 0.00561309 0.280851 0.0271092 0.109339 0.103916 0.00779024 
0.0339136 0.000240291 0.000290059 0.165465 0.3554 0.0269482 0.0481623 0.000125182 0.0164802 0.0151421 0.156524 0.0561831 0.00985296 0.102045 0.0132286 
0.000531246 5.20017e-07 1.59457e-06 0.157992 0.334337 0.176922 0.00391111 0.000208224 0.0005497 0.0902348 0.159293 0.0283444 0.0200074 0.0275832 8.37549e-05 
0.00244763 5.78295e-05 8.75926e-05 0.0725744 0.630902 0.000841512 0.0166685 4.60788e-05 0.000358223 0.0651178 0.0569592 0.069789 0.00357587 0.0804506 0.000123657 
0.00051738 1.43372e-05 1.22648e-07 0.253152 0.407494 0.00231203 0.0038029 6.75295e-05 0.00479396 0.0453494 0.148059 0.055469 0.011435 0.0668863 0.000647054 
0.00100779 2.91359e-05 0.00027415 0.0538174 0.410677 0.00118209 0.00217701 0.000226513 0.000781698 0.0312145 0.378417 0.0289339 0.0106793 0.080444 0.000138167 
0.00853982 0.000179521 1.34921e-06 0.056997 0.801943 0.00198625 0.0100408 2.48492e-05 0.00340516 0.00543843 0.0621324 0.0178988 0.00330564 0.0254457 0.00266162 
0.00139689 1.51773e-05 5.04174e-05 0.0706707 0.452613 0.000137817 0.00936755 0.00414198 0.0166718 0.134515 0.0394633 0.0321579 0.00888329 0.227508 0.0024071 
0.0126733 0.0749207 9.54597e-06 0.0334457 0.377797 0.000193721 0.00962727 0.000480949 0.0249958 0.110166 0.0573348 0.247056 0.031278 0.0102266 0.00979479 
0.00859653 0.00305979 6.95389e-05 0.0421452 0.642812 0.00219931 0.00334942 0.00116752 0.00344889 0.0309727 0.101535 0.0408995 0.0122774 0.0937764 0.0136905 
0.00594682 0.000676077 0.000127512 0.0473112 0.418693 0.000450063 0.00395173 0.000673088 0.00116634 0.227 0.141671 0.0398306 0.0144867 0.0879676 0.0100484 
0.0012304 1.67159e-06 7.90563e-10 0.0611494 0.535345 0.0019898 0.00279171 2.01219e-05 1.04452e-05 0.0540673 0.0693714 0.00597949 2.90015e-05 0.267514 0.000500727 
0.000119022 6.17765e-06 0.000171712 0.255189 0.392201 0.00465207 0.0111563 4.398e-05 0.00398662 0.00745902 0.199701 0.0917922 0.00340623 0.0291574 0.000958041 
0.0476553 0.000661082 0.000432987 0.110501 0.378019 0.248237 0.00764712 0.00283598 0.00356894 0.0164531 0.0659685 0.029915 0.00635138 0.0723881 0.00936477 
0.0102306 4.12356e-06 1.74976e-05 0.0475852 0.773627 0.00182597 0.00700491 6.16892e-05 0.0248974 0.00915413 0.0332293 0.057691 0.00502043 0.0294526 0.00019826 
0.00369413 0.0227521 0.000206753 0.0858251 0.358925 0.00443275 0.00640788 0.000221994 0.00551181 0.316588 0.120196 0.0128604 0.0386524 0.0235062 0.000219951 
0.000419826 2.09677e-06 5.65372e-05 0.286969 0.508828 2.50891e-05 5.49038e-05 2.90526e-05 3.16837e-05 6.35791e-05 8.02545e-05 5.05946e-05 0.0213274 0.182057 4.13123e-06 
0.00324472 1.57609e-05 1.97632e-06 0.201993 0.309947 0.00102647 0.00325425 0.00013384 0.000575174 0.0142812 0.259996 0.0764208 0.00190595 0.118738 0.0084656 
0.00300919 0.00015517 0.00299415 0.207123 0.429147 0.00196775 0.0405132 8.62863e-05 0.0421256 0.00887193 0.0361589 0.0152659 0.200293 0.0108415 0.00144734 
0.000682344 2.31034e-05 8.91329e-09 0.0216547 0.897835 0.00297802 0.00392482 0.0195601 1.03664e-05 0.0297198 0.000570242 0.00289216 0.00129622 0.0185245 0.000329093 
0.00209234 0.012353 0.000282442 0.212968 0.272395 0.0600104 0.0130798 0.000511518 0.00109119 0.00626206 0.0937515 0.103685 0.0680632 0.153311 0.000143864 
0.00881877 0.0025163 0.00180191 0.107815 0.48582 0.00789251 0.0178967 0.00379469 0.00909679 0.0409984 0.103753 0.062329 0.0219832 0.119392 0.00609178 
0.000530445 0.00012839 0.0146325 0.0526176 0.814207 0.000173041 0.108633 0.000109691 0.00030664 0.000360724 0.00288896 0.00243736 0.00267683 3.94339e-05 0.000258385 
0.0029305 0.00115171 3.44703e-05 0.0916557 0.522291 0.00186861 0.00710737 0.00387782 0.0127968 0.0844702 0.127991 0.0684133 0.0124556 0.0565236 0.00643252 
0.0174546 4.64631e-05 6.56013e-05 0.20993 0.229953 0.000314414 0.0554372 4.7241e-05 0.0751399 0.0269959 0.0383992 0.155432 0.0735552 0.113015 0.0042135 
0.0404864 3.84492e-05 0.000102407 0.161791 0.267886 0.0131312 0.0385649 2.17736e-05 0.00102767 0.10949 0.136473 0.142191 0.0333827 0.0545969 0.000816508 
0.0284856 0.00147417 4.87381e-05 0.0708198 0.383948 0.00143209 0.00710455 0.000871606 0.00546432 0.0135495 0.146467 0.0748922 0.0181861 0.23928 0.00797619 
0.000682344 2.31034e-05 8.91329e-09 0.0216547 0.897835 0.00297802 0.00392482 0.0195601 1.03664e-05 0.0297198 0.000570242 0.00289216 0.00129622 0.0185245 0.000329093 
0.0333004 0.000323509 0.000107671 0.233383 0.299746 0.00695053 0.0264312 0.000265725 0.00751262 0.0418411 0.13986 0.102512 0.0597914 0.0353599 0.0126147 
0.000798937 2.32219e-06 8.61728e-06 0.0452246 0.623586 0.00348787 0.00277468 0.00342196 0.00585746 0.0221461 0.102155 0.0383648 0.00727521 0.136069 0.00882646 
0.00121915 5.69431e-06 1.72225e-05 0.0685759 0.599188 0.00533342 0.00496004 0.000751395 0.0340806 0.00723132 0.203774 0.0220166 0.0316262 0.0176724 0.0035473 
0.000689867 2.46146e-06 1.19887e-10 0.106644 0.646481 0.00487279 0.00233186 0.00047249 0.00798732 0.0125257 0.100307 0.0903166 0.0121672 0.0151986 3.5314e-06 
0.0165603 3.53694e-05 7.93502e-05 0.0806216 0.425655 0.000922677 0.0056722 0.00104562 0.00528009 0.0567466 0.208288 0.0359584 0.0235516 0.138967 0.000615271 
0.0241992 0.00863201 0.000704454 0.0433789 0.446537 0.000871908 0.0111899 0.00229481 0.0020712 0.19997 0.16396 0.0226533 0.00767251 0.0639927 0.0018726 
0.0126859 0.000903097 0.000103856 0.0988323 0.463832 0.0042753 0.0158437 0.000743646 0.01433 0.0541899 0.13426 0.057403 0.0197845 0.107683 0.0151291 
3.22503e-05 3.08257e-07 1.51576e-06 0.0114581 0.865642 0.00163596 0.000209381 0.000242935 0.0147292 0.00831546 0.0300197 0.0526996 0.00338491 0.0112919 0.000337087 
0.0143119 4.93743e-05 1.80481e-07 0.179846 0.484893 0.00687985 0.0386929 0.00503025 0.00479303 0.00746962 0.053653 0.0568124 0.00700324 0.137022 0.00354202 
0.00163904 2.41703e-06 5.50336e-09 0.0182093 0.668515 0.00201782 0.000184027 8.99139e-06 4.44172e-07 0.0142413 0.234233 0.0466844 0.00276906 0.0111828 0.000312328 
0.018223 2.59302e-05 4.02404e-05 0.123766 0.441148 0.000987912 0.0480693 0.00040706 0.00241013 0.00234596 0.201522 0.0402429 0.016767 0.0451897 0.0588541 
0.00458386 1.70713e-05 2.75569e-08 0.32447 0.383917 0.00465636 0.0258665 5.04987e-05 0.0153454 0.0499278 0.0477714 0.0252327 0.00113716 0.114038 0.00298534 
0.00109145 9.50729e-06 0.000748741 0.191796 0.321885 0.00703274 0.00988105 0.0122096 0.0492266 0.049776 0.172321 0.108184 0.0582867 0.016682 0.000869705 
0.00674209 7.01805e-05 5.66362e-09 0.0765437 0.438646 0.0126557 0.0492878 0.000124407 0.0241053 0.0232001 0.181357 0.128335 0.00263313 0.0375353 0.0187637 
0.0153541 0.00227739 0.000272317 0.142008 0.317522 0.000529983 0.00733682 0.00869702 0.0218801 0.0614101 0.0547816 0.046516 0.084391 0.0235213 0.213502 
0.0174236 0.000187085 2.8313e-05 0.144657 0.400338 0.00508162 0.259972 0.0191594 0.00974419 0.0426088 0.00975097 0.018773 0.0034183 0.063607 0.00525008 
0.00911442 0.017961 4.08077e-05 0.0634859 0.525293 0.0115927 0.0377401 0.000281476 0.0210048 0.0264731 0.109437 0.0732362 0.013837 0.0730777 0.0174247 
0.00443374 0.00111609 2.20161e-06 0.0176499 0.705485 0.000925199 0.00078262 0.00140765 0.00112035 0.0909722 0.0777735 0.0213423 0.0147134 0.0560342 0.00624223 
0.014415 7.58418e-05 9.06843e-06 0.0869027 0.457789 0.000249339 0.0917158 0.000758186 0.120932 0.0221134 0.107943 0.0734047 0.00227051 0.0166551 0.00476577 
0.0114108 4.3697e-06 3.43218e-05 0.361989 0.403972 3.06336e-07 0.0310359 0.0375843 0.00322775 0.032644 0.0248129 0.078467 0.0112925 0.0016986 0.00182629 
0.00927196 0.0020517 7.92008e-05 0.0956467 0.52674 0.00102205 0.00971811 0.000347149 0.00219253 0.0194348 0.191078 0.0413853 0.00489638 0.0876677 0.00846882 
0.00207738 1.37078e-05 7.48891e-05 0.119719 0.480213 0.00451111 0.0445232 0.000314527 0.00456317 0.0111647 0.0724135 0.0767627 0.0234206 0.156623 0.00360591 
0.00735908 0.00061007 0.000148721 0.139231 0.284977 3.28269e-05 0.11818 2.30085e-05 0.004089 0.017967 0.22638 0.048474 0.0265244 0.0475014 0.0785018 
5.11187e-05 8.69897e-06 4.90383e-07 0.104371 0.55291 0.00118361 0.00207033 4.07389e-05 7.51781e-05 0.00427079 0.0774991 0.00233519 0.0110676 0.237381 0.00673455 
0.00312473 2.65301e-05 0.000659694 0.150561 0.425699 6.63809e-05 0.0286063 5.57688e-05 0.000218872 0.172947 0.0729352 0.0803907 0.00317733 0.0233394 0.0381928 
0.000682344 2.31034e-05 8.91329e-09 0.0216547 0.897835 0.00297802 0.00392482 0.0195601 1.03664e-05 0.0297198 0.000570242 0.00289216 0.00129622 0.0185245 0.000329093 
2.90239e-05 7.50282e-06 0.00164277 0.191031 0.33346 0.0972649 0.0056594 0.000348637 0.00158449 0.0402839 0.138155 0.0700337 0.0026675 0.117563 0.000269035 
0.0027517 9.15855e-06 7.3212e-05 0.193261 0.534596 0.00311635 0.139388 0.000589999 0.0180625 0.0115339 0.0217049 0.0201765 0.00698491 0.0446312 0.00312084 
0.011665 0.000141057 3.15059e-05 0.220505 0.344396 0.00814609 0.108503 6.82327e-05 3.07816e-05 0.00212559 0.0657577 0.126132 0.00759046 0.101445 0.00346226 
0.0185024 0.000270283 0.00013501 0.116811 0.347052 0.00312496 0.017972 0.00414134 0.00694021 0.144561 0.108916 0.0565421 0.022469 0.14593 0.00663318 
0.00967405 5.8228e-05 9.85108e-05 0.12286 0.407399 0.00104419 0.0124632 0.00147361 0.00590925 0.0352208 0.217566 0.0618881 0.0126485 0.109897 0.00180016 
0.0115278 2.6691e-05 0.000167806 0.0714448 0.484594 0.00181422 0.0150533 0.000672293 0.0375268 0.163371 0.122467 0.0395426 0.0066368 0.0422013 0.00295322 
0.000827553 4.77327e-05 0.000175921 0.171159 0.433243 0.00598004 0.0956633 0.000197387 0.00608161 0.00387822 0.0728716 0.0225279 0.0453628 0.130658 0.0113256 
0.00172085 4.61733e-05 0.00446731 0.107619 0.344832 0.00133292 0.00584191 9.05631e-05 0.0235655 0.0794741 0.173179 0.057403 0.0351639 0.164024 0.00124136 
0.000682344 2.31034e-05 8.91329e-09 0.0216547 0.897835 0.00297802 0.00392482 0.0195601 1.03664e-05 0.0297198 0.000570242 0.00289216 0.00129622 0.0185245 0.000329093 
0.00299622 2.60061e-07 6.27316e-08 0.235376 0.46763 0.000535297 0.0126775 2.54829e-05 0.00145275 0.00623853 0.0672624 0.188031 0.00136542 0.0163517 5.69179e-05 
0.00938941 3.55183e-05 9.8559e-09 0.0216781 0.795714 0.000270869 0.00113858 0.00752471 0.0117373 0.0327661 0.0359243 0.0052392 0.0106075 0.0678621 0.000112768 
0.0468585 7.79165e-05 7.57199e-08 0.300989 0.329067 0.000854073 0.206267 0.000167276 3.11265e-09 0.00354408 0.0123581 0.00177095 0.000145385 0.097901 1.4618e-07 
0.00130774 2.03273e-05 1.13507e-06 0.257348 0.338782 0.00583386 0.0949631 0.00402251 0.0942501 0.0352013 0.0761562 0.076185 0.0123855 0.00191351 0.0016302 
0.00315936 0.000296069 2.95987e-05 0.061398 0.501488 1.29771e-06 0.0876309 0.00545882 0.0411358 0.00112142 0.0929037 0.0901161 0.0275661 0.0591973 0.0284976 
0.000682344 2.31034e-05 8.91329e-09 0.0216547 0.897835 0.00297802 0.00392482 0.0195601 1.03664e-05 0.0297198 0.000570242 0.00289216 0.00129622 0.0185245 0.000329093 
0.00361728 8.0434e-06 5.81919e-08 0.0306496 0.717848 0.000497256 0.00311267 0.00166849 0.0029436 0.0834214 0.0576854 0.0162354 0.00984578 0.0546301 0.0178366 
4.89223e-05 3.28127e-06 9.5125e-07 0.0192899 0.734136 0.00178079 0.00133413 4.43099e-05 0.0289058 0.0131761 0.0875956 0.0201533 0.00401523 0.0894683 4.68803e-05 
0.00203191 4.22229e-05 6.20953e-09 0.0660433 0.757807 0.00293721 0.00583548 0.000492764 0.000279999 0.0273445 0.0348318 0.0195503 0.00165345 0.0781394 0.00301076 
0.0228941 0.00080452 2.25028e-07 0.0431792 0.379867 0.000116396 0.000167334 0.00838057 0.0288611 0.279012 0.0933062 0.0419385 0.0357267 0.0594804 0.0062658 
4.89223e-05 3.28127e-06 9.5125e-07 0.0192899 0.734136 0.00178079 0.00133413 4.43099e-05 0.0289058 0.0131761 0.0875956 0.0201533 0.00401523 0.0894683 4.68803e-05 
0.00581047 1.54283e-05 7.73693e-10 0.0624537 0.752283 0.000769161 0.0887245 4.6754e-06 0.00489886 0.0625815 0.0149012 8.42293e-05 0.000379283 0.00697952 0.000114222 
0.0204718 0.0029147 0.000115239 0.126037 0.25588 0.0305668 0.0155884 0.00237549 0.00507078 0.0133533 0.232231 0.103468 0.112711 0.0648114 0.0144053 
9.47707e-05 6.31287e-05 3.86335e-05 0.134478 0.453127 0.00034086 0.00191369 4.47525e-05 0.0051301 0.00618581 0.28375 0.0225616 0.0282771 0.0539455 0.0100492 
0.00321559 4.33115e-05 1.78945e-08 0.219344 0.369348 2.00494e-05 0.0152613 0.0408527 0.00098297 0.0845429 0.0271868 0.234486 0.0024738 0.00123457 0.00100932 
0.0184837 9.52125e-05 1.84744e-07 0.242844 0.273571 6.07691e-05 0.188059 0.000653992 0.148792 0.0247631 0.0247116 0.0488584 0.00341895 0.000655476 0.0250324 
0.203334 0.00050708 0.0710463 0.118979 0.361872 0.000656973 0.043442 0.000272362 0.00695963 0.00832197 0.00880134 0.0666643 0.00276732 0.0950256 0.0113495 
0.0108079 0.0309269 7.61332e-05 0.0487545 0.515692 0.000413426 0.00650795 0.00319794 0.00586271 0.0713347 0.14072 0.0458624 0.0120782 0.092717 0.015049 
9.33733e-05 1.91549e-05 3.12964e-07 0.00963382 0.963553 0.000540279 0.00234487 1.8059e-06 0.000587316 0.00331177 0.0092278 0.00657929 0.000508188 0.00338857 0.000210325 
0.0930489 0.000287848 0.000525927 0.155288 0.396083 0.00438778 0.010817 8.1083e-05 0.00548284 0.097311 0.0957599 0.0580465 0.0316982 0.0433235 0.00785815 
0.00221156 1.50246e-05 0.000150638 0.227506 0.507016 0.00114575 0.0092895 0.000109358 0.000113906 0.025575 0.0822025 0.0310457 0.0296515 0.0830758 0.000891798 
0.0400614 0.00528968 0.000380303 0.18286 0.232706 0.0529236 0.0206994 0.00625071 0.01581 0.0364913 0.0737485 0.163887 0.0634722 0.0936934 0.0117274 
1.9265e-05 1.02509e-07 1.91602e-07 0.00604881 0.900817 0.000908278 0.000296084 4.33378e-06 0.0209494 0.00442842 0.0156765 0.0373989 0.00297577 0.0103659 0.000111301 
0.0163512 0.0817623 6.74e-06 0.0716943 0.335316 0.000691572 0.00776421 0.00128905 0.00573121 0.164184 0.0457624 0.203201 0.022825 0.0172721 0.026149 
0.0679136 0.00774023 4.08695e-05 0.202509 0.251485 0.000109498 0.0288386 0.0218171 0.00846632 0.036324 0.114145 0.0741727 0.0198005 0.157056 0.00958053 
0.00726434 0.000607792 0.000134438 0.1301 0.429391 0.00262181 0.0141497 0.00033689 0.0018947 0.0242028 0.096227 0.069918 0.0176063 0.192539 0.0130055 
0.00207738 1.37078e-05 7.48891e-05 0.119719 0.480213 0.00451111 0.0445232 0.000314527 0.00456317 0.0111647 0.0724135 0.0767627 0.0234206 0.156623 0.00360591 
0.0213202 0.000603322 0.000154901 0.165704 0.409178 0.00495353 0.0611764 0.000297715 0.0241073 0.0304221 0.118406 0.0680996 0.0255226 0.0574076 0.0126473 
0.020496 0.00895698 2.33078e-05 0.102614 0.487646 0.00161136 0.019495 0.00842719 0.0260154 0.0773034 0.106856 0.0423725 0.0250448 0.0674939 0.00564461 
0.0203944 9.6199e-07 9.61015e-07 0.071967 0.670594 0.00163472 0.0509849 9.61391e-07 9.61984e-07 0.0585824 9.62148e-07 9.62138e-07 9.62073e-07 0.0899546 0.0358813 
0.0233483 1.88661e-05 0.000169992 0.0586894 0.49964 0.00337834 0.00380249 0.0134642 0.00166966 0.0542039 0.122517 0.0582366 0.039945 0.11983 0.00108666 
0.0124781 0.000158275 0.000248194 0.2134 0.306217 0.000547538 0.0196624 0.000789474 0.000380517 0.230663 0.0795086 0.0690372 0.000237521 0.0655884 0.00108382 
0.0199556 2.94516e-06 8.71786e-05 0.162103 0.324198 0.000685591 0.047557 0.000205098 0.000877332 0.156087 0.10947 0.0880168 0.0156658 0.07413 0.000959089 
0.0100522 0.000957654 0.00408932 0.135509 0.27696 0.00194196 0.0071305 0.000618029 0.00151998 0.117561 0.180694 0.0793527 0.0433164 0.122349 0.0179495 
0.0104128 0.000118759 5.65693e-07 0.12415 0.424422 0.00390887 0.00132915 0.00509164 0.00745593 0.0566919 0.102578 0.123323 0.00464459 0.133862 0.00200994 
0.0015862 1.62069e-05 1.63453e-05 0.0498697 0.710594 0.0158304 0.00763059 0.000230486 0.0123936 0.0537449 0.0679443 0.0115004 0.00894748 0.0594663 0.000229464 
0.00173124 0.00301822 9.44806e-05 0.109497 0.292602 0.00830757 0.0107319 0.00339195 0.0504807 0.0230081 0.0657345 0.234799 0.187299 0.00218211 0.00712227 
0.00923024 0.00074479 6.44546e-05 0.0347266 0.253187 6.29661e-05 0.0105609 0.0139563 0.0254411 0.0535944 0.0215406 0.232962 0.200122 0.137806 0.00599973 
0.0120601 0.000973633 0.000514614 0.15758 0.413685 0.0104873 0.0269668 0.00169912 0.01409 0.0715841 0.122753 0.0628628 0.0330163 0.0623295 0.0093976 
0.00271535 0.000114215 0.000138625 0.0449223 0.683012 0.0136908 0.00295156 0.000329328 0.00236389 0.0542073 0.11261 0.0337496 0.018529 0.0295373 0.00112897 
0.125332 0.0133483 0.0154144 0.166046 0.188854 0.00354388 0.0434558 0.00954828 0.0117233 0.00517381 0.146264 0.180347 0.0421114 0.00220402 0.0466332 
0.000499628 1.80616e-05 7.26322e-05 0.0798653 0.323479 0.0185661 0.00263759 7.93179e-05 0.00238889 0.2026 0.147422 0.0310887 0.0125804 0.175451 0.00325048 
0.000582031 1.41558e-05 4.77216e-06 0.0122442 0.809063 0.000311819 0.000221002 3.3709e-05 0.000899834 0.124509 0.00211648 0.00823354 0.00216087 0.0392628 0.000342053 
0.00296064 5.86862e-06 1.54491e-07 0.191378 0.32618 0.0017074 0.160697 6.59956e-08 5.18668e-05 0.00339019 0.00743475 0.00733219 1.10265e-06 0.298792 6.91501e-05 
0.000682344 2.31034e-05 8.91329e-09 0.0216547 0.897835 0.00297802 0.00392482 0.0195601 1.03664e-05 0.0297198 0.000570242 0.00289216 0.00129622 0.0185245 0.000329093 
0.00668615 3.56028e-05 5.06798e-05 0.0619801 0.422387 0.00217663 0.0146638 0.000214057 0.0243289 0.331732 0.0771779 0.0183466 0.0047029 0.0338016 0.00171637 
0.0126543 7.08712e-05 0.00144705 0.104873 0.426224 0.00115538 0.0147874 0.000123281 0.00719129 0.113757 0.168237 0.0318313 0.0166499 0.099418 0.00158115 
0.121911 0.0544021 0.000853856 0.150258 0.231934 0.000198293 0.0910942 0.00256693 0.0834408 0.000596862 0.112349 0.0699313 0.0242284 0.00125498 0.05498 
0.0298392 6.83136e-05 0.000571034 0.10262 0.528873 0.000618097 0.00531764 0.000114438 0.0028708 0.0987164 0.100484 0.027047 0.0448131 0.0578773 0.000170089 
0.00768373 6.41417e-05 4.41189e-05 0.0735397 0.536471 0.0228753 0.0248704 0.00101316 0.0291471 0.0361539 0.0621887 0.0701117 0.00517141 0.11116 0.0195056 
1.16729e-05 5.86348e-06 1.33481e-09 0.0071828 0.977797 0.000675336 0.000445084 9.43887e-07 0.000289687 0.0012323 0.00549351 0.00231011 0.000251304 0.0042357 6.85141e-05 
0.0162845 0.00174667 1.44918e-05 0.0672781 0.49482 0.00131013 0.0196998 0.00779438 0.0265889 0.00655555 0.0677316 0.069207 0.0257099 0.186364 0.0088949 
0.00899204 0.00187818 0.000233318 0.194797 0.307788 0.00480797 0.0644284 0.00426769 0.00703732 0.011274 0.216473 0.102813 0.0458783 0.0110399 0.0182909 
0.00494978 3.0179e-05 0.000117855 0.0932263 0.271151 0.0257652 0.0081465 0.000165157 0.0108756 0.25878 0.251809 0.0466392 0.00353545 0.0126207 0.0121883 
0.00014464 2.64552e-05 1.33654e-07 0.0460513 0.690389 8.06989e-05 0.00248866 0.000112097 0.00456796 0.0432745 0.134656 0.0109828 0.0131253 0.0527109 0.0013889 
0.0339 0.00322865 6.30881e-06 0.0689942 0.428429 0.0031291 0.00618523 0.000989159 0.0294891 0.0287645 0.229392 0.0566341 0.029966 0.0595161 0.021376 
0.00100837 0.00944049 0.000506057 0.10767 0.52519 0.000909468 0.00881835 0.000214126 0.00686227 0.0215238 0.0986393 0.0669296 0.0103849 0.130892 0.0110116 
0.00608269 0.000893285 0.000301101 0.098128 0.353354 0.00603104 0.0130326 0.00304006 0.0226838 0.0341064 0.161146 0.0694351 0.127854 0.0904561 0.0134554 
0.00175097 1.57718e-05 2.94752e-05 0.0287852 0.660475 0.00438098 0.00208222 3.83804e-05 0.00310457 0.0231749 0.100808 0.0228491 0.00616265 0.144584 0.00175822 
0.0111116 4.58521e-05 0.00032366 0.14567 0.359426 0.0107882 0.0200571 0.00301026 0.00560888 0.159175 0.101525 0.0680789 0.0200916 0.091173 0.00391387 
0.000792736 6.33148e-10 2.71168e-12 0.216459 0.313902 0.00012334 0.00160355 0.000123333 4.81834e-13 0.0757743 0.168341 0.108389 0.000581997 0.11391 1.23575e-08 
0.000127172 3.06825e-05 2.08545e-05 0.0216482 0.910635 0.00114954 0.00424968 4.26797e-05 0.00188412 0.010313 0.0248672 0.0108571 0.00223194 0.0116934 0.000249842 
0.000806193 0.000147965 1.17272e-05 0.0529812 0.336443 0.309556 0.00352724 0.000247814 0.0134697 0.0114155 0.0612668 0.0295669 0.0274998 0.152427 0.000633091 
0.00107836 1.89901e-05 6.08403e-06 0.0452063 0.820967 0.000842974 0.00781198 0.000245839 0.0012589 0.0145901 0.058411 0.014514 0.00458901 0.0293897 0.00106969 
0.0020206 0.00440919 5.55352e-05 0.0394838 0.656882 0.00173451 0.00866129 0.00334513 0.0119056 0.104214 0.0739727 0.027239 0.00421345 0.0604402 0.00142294 
0.0204734 0.000682002 4.18033e-05 0.125921 0.353378 0.000958843 0.0249194 8.1305e-05 0.00146157 0.263694 0.0671347 0.0281837 0.0122078 0.0754903 0.0253724 
9.33733e-05 1.91549e-05 3.12964e-07 0.00963382 0.963553 0.000540279 0.00234487 1.8059e-06 0.000587316 0.00331177 0.0092278 0.00657929 0.000508188 0.00338857 0.000210325 
0.0100795 0.00147827 0.000520162 0.13025 0.385428 0.00398156 0.0180292 0.00220332 0.0165197 0.0356882 0.139861 0.0917537 0.041287 0.11346 0.00946144 
9.33733e-05 1.91549e-05 3.12964e-07 0.00963382 0.963553 0.000540279 0.00234487 1.8059e-06 0.000587316 0.00331177 0.0092278 0.00657929 0.000508188 0.00338857 0.000210325 
0.00765674 7.92794e-05 0.000405265 0.0687706 0.590242 0.00573245 0.0102865 0.00699496 0.0163786 0.048319 0.118631 0.0582403 0.00780948 0.0477797 0.0126743 
0.00386879 2.75483e-05 1.83924e-05 0.183896 0.461458 0.0020293 0.0190122 0.000117374 0.000849976 0.0705645 0.0535454 0.0402333 0.0058808 0.149099 0.00939909 
0.0501292 0.00468663 7.66356e-05 0.182832 0.3651 0.0013 0.0362779 0.00340852 0.0281388 0.0589254 0.102386 0.0929712 0.0109336 0.0382294 0.0246047 
0.00950408 0.00101618 8.93875e-05 0.0720166 0.573734 0.00305449 0.0229296 0.00221664 0.0147333 0.0255452 0.0900237 0.0962576 0.0290447 0.0503422 0.00949195 
0.0414177 0.0141429 2.22853e-06 0.0536696 0.486768 7.60199e-05 0.0314912 0.0254144 0.00159447 0.0174757 0.0826256 0.122142 0.0673264 0.0385437 0.0173095 
0.0133281 4.17923e-05 2.23361e-10 0.0918548 0.583395 0.000823334 0.0391329 0.00200626 0.00607653 0.00920503 0.0741086 0.0783076 0.0407617 0.0212642 0.0396946 
0.0120478 1.84343e-05 2.02908e-06 0.131309 0.442515 0.00084434 0.00577895 0.000602239 0.0791672 0.138448 0.103928 0.0456395 0.0257664 0.013684 0.000248176 
0.116831 0.000794497 1.2896e-05 0.263766 0.272803 9.67759e-05 0.0576525 5.95827e-05 0.0423082 0.00420408 0.0452073 0.101194 0.0774414 0.0108909 0.00673846 
0.00640584 0.000390432 4.04117e-05 0.129201 0.467226 0.0145549 0.0208431 0.000184079 0.00863282 0.0324182 0.107664 0.0502735 0.0366731 0.1247 0.000792968 
0.00144423 5.48206e-06 2.83384e-08 0.0337826 0.618711 0.08021 0.00336176 0.000110481 0.00452774 0.0132392 0.186341 0.0289087 0.00267063 0.0238449 0.00284215 
0.00965755 2.33716e-06 2.59959e-07 0.0473758 0.502843 0.0226109 0.000520668 0.00014925 0.000700712 0.217382 0.0629614 0.0148584 0.00426432 0.116615 5.79666e-05 
0.0372591 0.00033277 0.000121413 0.136054 0.354396 0.00930224 0.00508687 0.00240431 0.00406668 0.0499948 0.174938 0.12223 0.0356616 0.0663689 0.00178375 
0.00250916 0.000272278 0.00062739 0.0968808 0.47117 0.000471811 0.00410051 0.00596658 0.00187733 0.143292 0.0951752 0.144507 0.0018597 0.00781797 0.0234727 
0.000609773 4.32453e-05 5.07083e-07 0.0568025 0.387991 0.0960584 0.000469138 4.55805e-05 0.00541251 0.00758369 0.349365 0.022061 0.0239053 0.0319282 0.0177248 
0.00177131 3.7739e-08 4.08043e-11 0.0864472 0.724167 0.00013263 0.00466011 1.19241e-05 7.25044e-12 0.021866 0.00568702 0.00635159 0.000106946 0.148798 2.70042e-07 
0.00935329 2.5371e-05 2.05488e-05 0.170478 0.381265 0.0020455 0.0285747 0.000383482 0.000215141 0.162929 0.119457 0.0803523 0.0031657 0.0233134 0.0184204 
0.0174277 7.62431e-05 0.00019398 0.0484632 0.592797 0.00148908 0.00802745 0.0128705 0.00416221 0.03316 0.119205 0.0277955 0.0236618 0.109616 0.0010543 
0.00830529 0.00104809 0.00475693 0.0702646 0.439613 0.00190792 0.00624579 0.00549264 0.00441611 0.147893 0.113429 0.0401953 0.0164067 0.132766 0.00725981 
0.0151872 0.000221656 0.000147181 0.112234 0.322182 0.00271776 0.0296034 0.000128483 0.0108274 0.306528 0.0858786 0.0397073 0.0166071 0.0544896 0.00353996 
0.000399196 1.00913e-05 0.000129035 0.223799 0.56942 0.000918494 0.0125449 8.53763e-05 0.000570687 0.07355 0.0823673 0.0138689 0.00968983 0.0126096 3.7242e-05 
0.000714866 4.84972e-06 9.76642e-05 0.262908 0.595767 0.000435968 0.038436 8.57753e-05 0.000250289 0.0252435 0.0353815 0.0243895 0.00293483 0.0132364 0.000113758 
0.0532232 2.57771e-05 1.95488e-08 0.294969 0.390182 0.0012569 0.0268634 0.00147006 0.103084 0.0519526 0.0364418 0.0251178 0.000562217 0.0146233 0.000228426 
0.00143705 4.59622e-05 1.32626e-05 0.191653 0.329175 0.000789363 0.0108878 0.000149036 0.00378603 0.166384 0.153247 0.0297984 0.0304483 0.0689949 0.0131903 
0.00824111 0.00112484 0.000154709 0.109276 0.482936 0.00756517 0.0200267 0.000668185 0.00897841 0.0378098 0.107503 0.0495766 0.0170276 0.142629 0.00648242 
0.00941128 0.0108663 2.78749e-06 0.0593629 0.414298 0.0185045 0.0122636 0.000999682 0.00191455 0.0102217 0.180284 0.120895 0.0329373 0.0579357 0.0701027 
0.00417232 3.17673e-05 0.000453179 0.241933 0.415871 0.00224464 0.0492033 0.000565787 0.011901 0.00987043 0.103412 0.0788305 0.0157464 0.0613863 0.00437827 
0.0394751 8.0738e-05 0.000400369 0.260726 0.303318 0.0064945 0.0612714 0.000256081 0.0115482 0.0285798 0.0381053 0.0580224 0.0163857 0.169205 0.00613033 
0.0032825 5.14909e-05 0.000186401 0.323656 0.344266 0.0480376 0.0246858 5.7257e-05 0.00271932 0.0669067 0.107931 0.0400315 0.0157592 0.0159863 0.00644378 
0.0354307 0.0172055 2.08706e-05 0.0475528 0.36651 0.00141988 0.0442458 2.68972e-06 0.00885483 0.275647 0.0639466 0.0807669 0.00737631 0.043036 0.0079848 
0.0139263 0.00046897 8.04962e-05 0.102733 0.499223 0.00496295 0.0148303 0.00252774 0.0157007 0.0911245 0.0705067 0.0591163 0.0222978 0.0983581 0.00414263 
4.89223e-05 3.28127e-06 9.5125e-07 0.0192899 0.734136 0.00178079 0.00133413 4.43099e-05 0.0289058 0.0131761 0.0875956 0.0201533 0.00401523 0.0894683 4.68803e-05 
0.0643283 0.00453182 0.000188835 0.20899 0.288919 0.00191907 0.0390595 0.0090175 0.0175547 0.0111311 0.127881 0.0913603 0.0454267 0.0500978 0.0395948 
0.0127043 0.00048919 6.1818e-05 0.108735 0.484883 0.00653329 0.0268855 0.0157684 0.00495692 0.0217509 0.134588 0.063091 0.00702273 0.0976091 0.0149208 
9.33733e-05 1.91549e-05 3.12964e-07 0.00963382 0.963553 0.000540279 0.00234487 1.8059e-06 0.000587316 0.00331177 0.0092278 0.00657929 0.000508188 0.00338857 0.000210325 
6.36919e-06 5.54434e-06 4.98826e-08 0.239989 0.677846 0.0060409 0.0477461 1.48523e-05 0.000110363 0.0138361 0.00312406 0.000600557 9.15456e-05 0.00784233 0.00274539 
0.0112595 9.66989e-05 0.000176152 0.065793 0.425325 0.00517185 0.00561209 0.00146721 0.000963483 0.19105 0.154533 0.0196669 0.00589024 0.107503 0.00549182 
4.89223e-05 3.28127e-06 9.5125e-07 0.0192899 0.734136 0.00178079 0.00133413 4.43099e-05 0.0289058 0.0131761 0.0875956 0.0201533 0.00401523 0.0894683 4.68803e-05 
0.00775685 1.33229e-07 0.000225404 0.159765 0.53811 0.00680709 0.0497466 3.44635e-06 0.0269915 0.153211 0.000502538 0.00541429 0.00331101 0.0473278 0.000826342 
4.89223e-05 3.28127e-06 9.5125e-07 0.0192899 0.734136 0.00178079 0.00133413 4.43099e-05 0.0289058 0.0131761 0.0875956 0.0201533 0.00401523 0.0894683 4.68803e-05 
0.00158254 2.47312e-05 4.20041e-11 0.141244 0.464969 0.00241312 0.24755 0.000914606 1.7143e-05 0.0339957 0.0236483 0.0686008 0.000269764 0.00897451 0.00579535 
0.00109627 2.50431e-05 4.99427e-05 0.0589004 0.67682 0.00796427 0.00323506 6.60159e-05 0.00244817 0.0166424 0.143546 0.021291 0.00420956 0.0635466 0.000159458 
0.0490796 0.000152337 0.00176344 0.168068 0.323812 0.000378406 0.00745094 0.000227804 0.00408972 0.0848549 0.191503 0.054735 0.0343858 0.0790245 0.000475218 
0.00565606 0.000107127 8.30807e-10 0.0816892 0.747391 0.00147069 0.00928513 1.51468e-05 0.00621939 0.00476736 0.00800635 0.0280064 0.000575811 0.101008 0.00580207 
0.00654572 0.000596348 3.82442e-05 0.0829715 0.596285 0.00752247 0.0208531 0.000695033 0.00778874 0.0262662 0.099762 0.0427867 0.00374533 0.100606 0.00353771 
0.00133683 1.13496e-05 8.89724e-05 0.147457 0.379199 0.00116311 0.0625623 5.94993e-05 0.000646088 0.0145155 0.0752636 0.0311962 0.00320938 0.28318 0.000111027 
0.0599449 0.000450347 0.00531572 0.188793 0.415949 0.00492602 0.0364952 0.00113599 0.00386655 0.0191109 0.0664905 0.0825242 0.0219909 0.0909409 0.00206511 
0.0128584 5.407e-05 0.00088564 0.0468893 0.564827 0.00390873 0.00889791 0.00629319 0.0185367 0.0358453 0.104468 0.0861216 0.00956642 0.0879206 0.0129272 
0.0187185 0.0104034 1.53981e-07 0.185574 0.190454 0.00123301 0.0102073 0.00377898 0.00052195 0.0788256 0.137788 0.139257 0.0219934 0.153769 0.0474748 
0.00154911 3.55581e-07 1.94556e-10 0.177332 0.379139 0.31809 0.0542814 1.17644e-07 8.28717e-06 0.00108097 0.0270149 0.0193589 0.00158615 0.0110693 0.00948932 
0.00216969 9.11595e-06 1.17268e-07 0.0316718 0.573423 0.0022307 0.00422673 0.00315868 0.00021677 0.0242972 0.0146763 0.011763 0.000674129 0.330523 0.000959503 
0.00318584 4.98836e-05 2.09863e-05 0.113787 0.388573 0.000576374 0.0233454 0.000424685 0.0443382 0.0118258 0.268449 0.0698465 0.0408487 0.00846225 0.0262666 
0.0034827 5.40886e-05 0.000379204 0.211912 0.244652 0.000733761 0.0680418 0.000355535 0.000490014 0.0485976 0.169411 0.109059 0.0194978 0.119104 0.00422964 
0.0990743 1.47218e-05 1.40986e-08 0.0985198 0.550964 0.000421538 0.0237149 0.000602856 0.000215747 0.0171341 0.032472 0.0295874 0.00329405 0.143854 0.0001306 
0.00461752 7.17565e-05 1.48857e-05 0.0275936 0.50904 0.000920712 0.0045606 0.00490337 0.000403929 0.0318156 0.0434911 0.0181121 0.0019442 0.352321 0.000188785 
0.00677066 3.94253e-05 4.57463e-05 0.0313457 0.567461 0.0019476 0.00161915 3.46613e-05 0.0017705 0.21548 0.0332611 0.01954 0.0210913 0.0994223 0.00017095 
0.000682344 2.31034e-05 8.91329e-09 0.0216547 0.897835 0.00297802 0.00392482 0.0195601 1.03664e-05 0.0297198 0.000570242 0.00289216 0.00129622 0.0185245 0.000329093 
0.0139062 2.07277e-05 0.00010463 0.102117 0.428794 0.000857334 0.00112771 0.00128586 0.010119 0.0405774 0.233279 0.0408002 0.0132051 0.113647 0.000159005 
0.010717 0.000518668 0.000382351 0.0897042 0.516698 0.00273736 0.0243029 0.00192341 0.0194344 0.0294262 0.0997812 0.0609679 0.0165463 0.120299 0.00656104 
0.00812119 1.59516e-05 4.28145e-09 0.112299 0.581209 0.00150919 0.00653774 0.027008 0.00234389 0.0943696 0.0318712 0.0694378 0.00153555 0.0628056 0.00093611 
0.000682344 2.31034e-05 8.91329e-09 0.0216547 0.897835 0.00297802 0.00392482 0.0195601 1.03664e-05 0.0297198 0.000570242 0.00289216 0.00129622 0.0185245 0.000329093 
0.00432878 8.62565e-06 2.39641e-05 0.170473 0.369876 0.000163133 0.029943 0.000192299 0.00242539 0.0489704 0.0581023 0.22818 0.00343039 0.0833964 0.000486668 
9.61403e-05 1.45073e-06 5.50938e-05 0.229211 0.395545 0.000355988 0.0155071 1.45868e-05 0.00113314 0.0126707 0.0688329 0.0330861 0.00195714 0.241344 0.000189692 
0.0150152 0.00103961 7.53081e-05 0.0966331 0.274009 0.000965371 0.0151158 0.0136173 0.00847874 0.22955 0.0943019 0.0696271 0.0109375 0.165768 0.00486566 
0.000103656 1.90435e-06 4.24679e-05 0.161295 0.274547 0.000206464 0.0048752 0.0010858 0.00149891 0.221132 0.222152 0.0600446 0.018862 0.0324305 0.00172316 
0.00632842 5.828e-05 8.62816e-05 0.0706044 0.626704 0.00265884 0.0107623 0.000316303 0.0154967 0.0537437 0.0587214 0.033812 0.00501839 0.113184 0.00250492 
0.0105092 0.000166754 1.92516e-06 0.112845 0.538275 0.0147467 0.0578471 3.07333e-05 0.00371866 0.0933751 0.0540062 0.0205825 0.000939546 0.0925187 0.000436834 
0.000183906 4.08885e-05 9.3568e-07 0.00717158 0.970741 0.000308324 0.0021645 3.8334e-06 0.000673033 0.00420241 0.00646168 0.00509141 0.000945444 0.00175314 0.000257594 
0.00141698 2.34564e-05 3.90733e-06 0.14629 0.285828 0.00308806 0.0299322 6.05723e-05 0.00589803 0.0255591 0.195617 0.134388 0.137689 0.0333554 0.000849255 
0.00180284 7.88832e-05 5.80822e-06 0.125706 0.588466 0.001857 0.0215938 0.000143906 0.00984166 0.0518655 0.080318 0.0296536 0.00267636 0.0838404 0.00215007 
0.000543495 2.64986e-05 1.03298e-05 0.182703 0.45873 0.0028064 0.0117733 0.00023471 0.00236953 0.0219669 0.152014 0.104781 0.0133675 0.0463193 0.00235526 
1.09624e-08 2.23827e-09 8.96654e-11 0.0956097 0.767329 0.000221887 0.0101238 1.82515e-06 0.00226121 0.064197 0.0120207 0.00553583 6.36815e-05 0.041833 0.000802193 
0.0342979 0.000128244 0.000397445 0.139713 0.337816 0.000228293 0.298095 3.94143e-07 0.0208829 0.060756 0.0163432 0.0507824 0.00591839 0.00486883 0.0297717 
0.000345656 9.60808e-06 0.000306493 0.0597905 0.628416 1.06983e-05 0.0282014 0.000697987 0.00091113 0.00694548 0.119671 0.133773 0.00684016 0.000936147 0.0131442 
0.028136 0.000160035 0.000164244 0.0575283 0.294725 0.000202336 0.00343469 0.00311781 0.00123753 0.230591 0.0679293 0.0260558 0.002625 0.283947 0.000146222 
0.000391125 2.87022e-06 9.47827e-07 0.104805 0.536175 0.00291216 0.0160558 0.000168557 0.0027603 0.0526101 0.0938029 0.0403847 0.00799853 0.141528 0.000402977 
0.0317722 0.00206069 1.01339e-05 0.160209 0.38359 0.0915951 0.0313805 0.00672573 0.0121537 0.0241371 0.0860985 0.0287684 0.0255186 0.101634 0.0143451 
3.48523e-05 1.53958e-06 7.25148e-05 0.0834207 0.774414 0.00288472 0.00787531 2.70217e-05 0.000408265 0.0609923 0.0420509 0.00782584 0.00181919 0.0181588 1.44061e-05 
0.00475295 7.38574e-05 0.000210954 0.108685 0.452678 0.000826032 0.0122858 0.000205538 0.0273541 0.0240575 0.166357 0.0477909 0.102201 0.0509727 0.00154871 
0.000682344 2.31034e-05 8.91329e-09 0.0216547 0.897835 0.00297802 0.00392482 0.0195601 1.03664e-05 0.0297198 0.000570242 0.00289216 0.00129622 0.0185245 0.000329093 
0.116537 0.000172252 0.00128839 0.160811 0.256042 0.000582952 0.0113786 0.000157045 0.00873759 0.0336779 0.190715 0.115902 0.0568097 0.0442152 0.00297173 
0.000458218 1.50081e-08 4.16285e-09 0.310512 0.522099 6.37572e-06 0.0236385 0.000635784 0.000500981 0.010923 0.0114247 0.089609 0.000342217 0.0298507 5.12783e-08 
0.000696427 4.19526e-06 9.96308e-06 0.0541397 0.509139 0.00361352 0.00325007 0.000248593 0.0240175 0.270229 0.0591553 0.0551671 0.00735099 0.0126042 0.000374155 
0.0105701 2.79955e-05 0.000402709 0.0982757 0.389048 0.00252883 0.0492569 0.00440274 0.00127104 0.250019 0.0394333 0.0389998 0.0271979 0.080543 0.00802318 
0.000917249 0.000144944 5.3732e-05 0.0410932 0.480847 0.0476884 0.00400003 0.000159196 0.00177261 0.0191508 0.117975 0.0470641 0.00870178 0.210404 0.0200276 
0.00605948 1.13669e-05 0.000110225 0.128648 0.623711 0.00247358 0.00426061 8.92927e-06 0.00178495 0.0276131 0.0731781 0.0254768 0.00376325 0.100651 0.00224967 
0.203152 0.00636246 4.71536e-05 0.119263 0.323814 0.000512445 0.0139803 0.0020145 0.0248109 0.0122517 0.148731 0.0891903 0.0197218 0.0145702 0.0215778 
0.00343678 1.28245e-05 4.82829e-05 0.196663 0.352924 0.00199976 0.0515649 0.00146462 0.072948 0.00218621 0.0194636 0.237508 0.0355112 0.0242611 8.51845e-06 
0.0271082 0.000120472 4.69065e-07 0.253855 0.367748 0.00255367 0.0334526 2.14147e-05 0.00455134 0.0167903 0.113294 0.0414816 0.000583777 0.130323 0.00811607 
0.00628098 5.98218e-05 4.4267e-05 0.0827608 0.471369 0.0071081 0.00936534 0.00337735 0.00911898 0.112085 0.155258 0.0450259 0.00885023 0.0755558 0.0137408 
3.72566e-05 1.61769e-05 1.46083e-06 0.0299122 0.699734 0.00763068 0.000634332 0.000237227 0.00246888 0.0344856 0.071364 0.0310532 0.00701604 0.114696 0.000713425 
0.00143705 4.59622e-05 1.32626e-05 0.191653 0.329175 0.000789363 0.0108878 0.000149036 0.00378603 0.166384 0.153247 0.0297984 0.0304483 0.0689949 0.0131903 
0.0163512 0.0817623 6.74e-06 0.0716943 0.335316 0.000691572 0.00776421 0.00128905 0.00573121 0.164184 0.0457624 0.203201 0.022825 0.0172721 0.026149 
0.00517099 0.000303848 0.000102027 0.0648451 0.298607 0.158643 0.00186318 0.00167343 0.00993127 0.107602 0.173527 0.0473647 0.0308942 0.0729979 0.0264741 
0.00758265 1.19286e-05 0.000131963 0.0543008 0.344671 0.000328277 0.0012961 7.73767e-05 0.00732671 0.0870475 0.11513 0.0185251 0.293546 0.0620903 0.00793542 
0.0225998 0.00268928 4.54236e-05 0.255423 0.266224 0.00893594 0.124198 0.00136588 0.00521239 0.016108 0.0601695 0.0424881 0.0638716 0.123513 0.00715735 
