0.264485 0.000219259 0.000762721 0.0688136 0.00693139 0.0589559 0.0113266 0.00529492 0.0265855 0.000378581 0.024122 2.06932e-06 0.115252 0.147041 0.00888093 0.0237468 0.0215924 0.00159222 0.084737 0.000534224 0.00440242 0.0365696 0.0524873 0.00123973 0.0289064 0.00171211 0.000973488 0.00175256 0.000701075 
0.312869 5.21922e-07 0.00573802 0.0291224 0.0415741 0.0740282 1.59143e-07 0.0304716 0.0589139 0.000765667 0.104639 0.000692241 0.00851801 0.027306 0.0227874 0.00309501 0.0282071 0.00474704 0.0146901 0.00760651 0.00381995 0.0760656 0.0319923 0.0499697 0.000141879 0.000952253 5.5597e-05 0.00126828 0.0599617 
0.486394 1.24864e-05 0.0118438 0.0646932 0.0131031 0.0182833 1.56583e-06 0.0170217 0.0815602 2.61325e-05 0.0453995 0.000122945 0.00869767 0.028918 0.000680857 0.00101339 0.0330423 0.00475261 0.00606854 0.0153302 0.059117 0.0265717 0.0561992 0.00320438 1.29974e-06 1.32817e-06 4.71702e-06 0.00559961 0.0123353 
0.750065 0.00052208 0.00474375 0.0245148 0.00217278 0.00966729 0.0201009 0.00492363 0.00301193 0.00136155 0.0314174 0.000230072 0.000399176 0.00327671 0.000130661 0.00456656 0.00236967 0.000308974 0.00443822 0.00483583 0.0358966 0.00643579 0.0470198 0.00613572 0.000193427 5.47717e-07 0.0271794 9.19716e-05 0.00398989 
0.297017 8.04061e-06 8.50187e-05 0.10094 0.0414987 0.0341615 2.79721e-06 0.00146109 0.00445062 0.000519802 0.0202985 0.0315021 2.99608e-07 0.00909607 1.41761e-05 0.0075258 0.152748 1.08688e-10 0.00153677 0.00444475 0.000992085 0.00158683 0.174397 0.115165 4.90695e-05 3.34178e-10 5.3619e-05 0.00040137 4.46435e-05 
0.506936 0.000498513 0.0165685 0.0236722 0.027533 0.0602938 2.38059e-05 0.00615207 0.0465771 0.000256874 0.0127876 9.62719e-05 0.00157879 0.0197976 0.00291338 0.017681 0.0241368 0.0101231 0.00962067 0.098991 0.0044486 0.0233412 0.0667079 0.00043187 9.2295e-05 0.00958221 0.00500791 0.00276579 0.00138444 
0.179562 2.01423e-09 0.0713913 0.0358296 0.103554 0.010753 1.10152e-06 0.0137838 0.0190634 0.000361113 0.0923428 0.000265308 0.00105053 0.0519042 0.0164587 0.0227058 0.0412237 0.000544654 0.0157934 0.0565688 0.0367064 0.00754568 0.0854693 0.10999 1.09849e-05 0.00666291 0.000639631 0.0192168 0.00060165 
0.565123 1.60642e-06 0.000535666 0.0109229 0.025736 0.00307333 5.46584e-06 0.027375 0.00440224 4.15418e-07 0.071277 0.00486506 0.00483894 0.000285723 4.08676e-06 0.00589495 0.0378138 0.00191461 0.00019417 0.0284689 0.0120107 0.0261558 0.0194036 0.0271367 4.41819e-06 3.65956e-06 0.00063809 0.000581404 0.121332 
0.577179 0.000472534 0.00558933 0.0328635 0.00899298 0.0720154 0.0028203 0.00871121 0.033396 0.00184172 0.0212423 0.000485445 0.00928563 0.0422413 0.00362014 0.0135711 0.0151743 0.00225312 0.0119018 0.0199099 0.00650456 0.0135385 0.0774921 0.00186518 0.00126156 0.00396851 0.00204208 0.00572402 0.00403585 
0.234221 9.28386e-05 0.00442924 0.0228163 0.0288495 0.22817 0.000301289 1.74464e-06 0.00828705 0.000181524 0.0114631 1.48601e-05 0.00136878 0.0836725 3.23503e-06 0.142798 0.0567619 0.00392712 1.34986e-05 0.0384984 0.0147225 0.0015957 0.111312 0.00372439 1.61683e-06 1.12539e-07 0.000423452 0.000218897 0.00213012 
0.492554 0.0795433 0.0003665 0.00627496 0.0105281 0.0134689 1.80469e-06 0.0413952 0.0106942 0.00110468 0.0381062 0.0051388 0.00128251 0.00589548 1.8697e-05 0.0840281 0.0660001 0.00199289 0.0074403 0.0315919 0.000391562 0.022428 0.0533412 0.000620297 2.88789e-07 3.23536e-07 0.0236433 0.000211871 0.00193614 
0.289943 0.000358314 0.0173315 0.0975866 0.0366269 0.0840611 8.66207e-06 0.169344 0.0139658 2.20515e-05 0.0880241 3.13518e-05 0.00170619 0.0178766 1.78845e-05 0.00306142 0.0235158 0.032154 0.000910718 0.0175119 0.00965026 0.00632234 0.0625168 0.0252367 2.63476e-05 2.64965e-05 5.04963e-05 0.0017196 0.00039342 
0.213299 5.72669e-09 0.00514368 0.0386288 0.000600124 0.130235 7.41174e-07 1.89893e-06 0.0975824 0.114678 0.0125495 4.94412e-06 0.000505458 0.0222275 4.5719e-05 0.0111674 0.000869996 0.00674243 0.00167404 0.00852998 0.130345 0.00315439 0.187452 0.00802579 6.12268e-09 7.27869e-09 0.00438139 0.000299842 0.0018544 
0.197193 6.71069e-08 0.00385 0.0998157 0.0204015 0.163447 3.2125e-05 0.0130809 0.0771333 0.000128453 0.0112512 6.04195e-05 0.0129429 0.0200707 0.000139923 0.00143728 0.106434 0.00370681 0.00729416 0.105077 0.00283973 0.010973 0.0138921 0.00030008 5.31627e-07 2.58898e-05 1.80185e-06 0.0652287 0.0632414 
0.750065 0.00052208 0.00474375 0.0245148 0.00217278 0.00966729 0.0201009 0.00492363 0.00301193 0.00136155 0.0314174 0.000230072 0.000399176 0.00327671 0.000130661 0.00456656 0.00236967 0.000308974 0.00443822 0.00483583 0.0358966 0.00643579 0.0470198 0.00613572 0.000193427 5.47717e-07 0.0271794 9.19716e-05 0.00398989 
0.236038 2.76187e-07 0.00173363 0.114757 0.0851327 0.0265284 4.77254e-08 0.0414187 0.0206632 2.63835e-07 0.216501 1.5033e-05 0.00819301 0.00150381 3.01203e-07 1.13152e-07 0.059102 0.00174973 0.0147282 0.0486565 0.0030058 0.107882 0.00547218 0.00566977 7.77703e-11 9.90979e-05 4.71067e-08 0.00114298 5.8672e-06 
0.250494 0.000328239 0.00520501 0.0271055 0.0226176 0.0285877 0.0914733 0.0488858 0.0159863 0.000357923 0.149365 0.000506549 0.00170906 0.0182067 0.000921966 0.00482677 0.0152589 0.00515809 0.00499383 0.0157438 0.150417 0.0212512 0.0398724 0.0421072 0.00162602 8.32918e-05 0.00478487 0.00174465 0.0303817 
0.204347 2.45573e-05 0.00142856 0.081304 0.00468023 0.09041 3.7093e-05 0.00932953 0.00873374 0.00321028 0.019158 1.36737e-05 0.010942 0.0637275 0.0114971 0.0365233 0.0262922 0.00425552 0.17232 0.0208366 0.00830904 0.0411323 0.171237 1.52907e-07 3.11537e-06 2.71996e-05 0.00936474 0.000644494 0.000211041 
0.305629 0.00399258 0.0109036 0.0171613 0.0468012 0.0933401 0.00701744 0.0127698 0.0279036 0.000104796 0.145039 0.000207503 0.0020671 0.0178843 0.000869551 0.0163003 0.0269783 0.0100681 0.000646068 0.0171091 0.0342232 0.0515765 0.113209 0.00278406 0.000371948 2.09276e-05 0.0135594 0.00364475 0.0178178 
0.483338 3.41884e-05 0.000207769 0.000123969 1.26798e-08 0.0219914 0.000642782 0.182601 0.00017278 3.23379e-06 0.028066 3.91844e-07 2.05526e-08 0.0210872 1.2168e-05 0.000537005 0.00369422 0.115863 2.69362e-08 0.00693066 0.0615345 1.93762e-08 0.0471687 1.36755e-05 0.0255122 1.10748e-07 4.21619e-06 0.000439233 2.16996e-05 
0.486146 0.000500769 0.000366568 0.0260915 0.0217677 0.0184481 5.42264e-06 0.00421918 0.0540252 2.3653e-05 0.0167095 0.00221335 0.00396892 0.0272713 7.86985e-05 0.0537434 0.0179601 0.00296584 0.0218384 0.00409729 0.00110732 0.00405934 0.12194 0.0216545 2.47347e-10 3.41895e-08 0.0841442 0.00328005 0.00137278 
0.323015 0.00130408 0.000168287 0.0042438 0.00218419 0.0089818 1.58474e-08 0.00373931 0.105939 0.00250997 0.0560877 1.06483e-05 0.0393297 0.0927235 0.00661005 0.156482 0.0716658 2.03957e-06 0.00542718 0.052763 1.13213e-07 0.00623935 0.0458733 0.00128206 0.00126048 2.85024e-06 5.18671e-05 0.0115803 0.000521982 
0.458201 3.82625e-05 0.00387888 0.103582 0.0241286 0.111284 4.48644e-07 0.0111719 0.0217822 7.98535e-05 0.014387 0.000279472 0.00337749 0.00219953 0.000286183 0.00121012 0.0097504 0.00164957 0.0187742 0.0438813 0.00287041 0.0400181 0.0336249 0.00203036 3.44842e-08 4.89883e-05 0.00285498 0.000570829 0.0880401 
0.628515 1.56053e-07 0.00543646 0.0936185 0.0206101 0.0205474 1.0364e-06 0.00910975 0.0821016 0.000714695 0.0228178 4.27359e-08 0.00770671 0.0240847 0.00149343 0.000662138 0.00750275 0.000256131 0.0105645 0.00369474 0.000489348 0.00925165 0.0207663 0.00340019 3.6026e-10 0.000271618 1.64848e-05 0.0263662 6.60704e-07 
0.274541 0.001235 0.000539031 0.0141622 0.0181199 0.0705964 0.000518413 0.040112 0.0353437 4.91945e-05 0.112293 8.13397e-05 0.00668997 0.0510176 0.000494718 0.0228966 0.158747 0.0381513 0.0014666 0.0250929 0.0295829 0.0333274 0.0505553 0.00259939 0.000266444 1.16616e-06 0.00859934 0.00268584 0.00023441 
0.510095 8.12672e-08 0.000543498 0.0936839 0.0220528 0.238206 6.3333e-08 1.53714e-05 0.0122635 1.01864e-07 0.0151928 1.97023e-05 0.0314365 0.0042792 4.37587e-08 0.000420676 0.00726685 0.00501816 0.000780188 0.0202517 0.001477 0.0208638 0.00876999 4.26343e-08 8.68866e-08 0.000112068 1.42462e-08 0.00725072 3.92211e-08 
0.363834 5.37975e-05 0.00505863 0.00642376 0.0360864 0.168449 1.70077e-06 1.03782e-06 0.0308855 3.07694e-05 0.0214837 5.05465e-06 0.000357459 0.00774219 1.76952e-06 0.000172675 0.0106896 2.71962e-07 2.46959e-05 0.00630894 1.06641e-06 0.0776427 0.001994 4.90818e-07 2.39339e-10 2.84528e-10 8.67713e-06 0.00594433 0.256798 
0.223625 0.00033749 0.00639106 0.0785708 0.0324288 0.0636837 3.39841e-05 0.00751117 0.0152748 7.11541e-05 0.061894 5.92795e-06 0.00359568 0.109834 0.000263859 0.00105784 0.0713274 0.0441133 0.00293597 0.102849 0.02429 0.0100512 0.0757939 0.0266617 3.2055e-08 0.000131773 0.000238724 0.00418509 0.032842 
0.145923 1.90164e-05 0.0148239 0.028678 0.0325002 0.113205 3.85049e-05 0.0335617 0.143187 1.95084e-05 0.0770843 2.33409e-06 0.0576543 0.0514142 0.000736852 0.000253299 0.0300083 0.0104908 0.075919 0.045885 0.0033368 0.0246808 0.0665649 0.00347155 0.000418796 4.53772e-05 5.43627e-06 0.023195 0.0168785 
0.517552 0.000484134 0.00261672 2.33287e-06 0.00500654 0.0619379 5.66279e-06 0.00344205 0.133646 9.44501e-05 0.018551 6.07223e-05 0.000776504 0.00917282 1.59497e-06 0.005953 3.05948e-06 2.80892e-06 0.133003 0.0241342 0.0100264 2.60634e-06 0.0321655 0.0382774 1.50466e-08 0.000991376 0.00207445 3.8658e-06 1.17141e-05 
0.359518 2.48377e-07 0.000229935 0.0361965 0.00589872 0.070069 0.00280827 0.00869367 0.0289615 2.65166e-05 0.00634412 1.30565e-06 0.000437376 0.0117586 0.000430416 0.00211019 0.00610636 0.00298466 0.00202026 0.0290267 0.00644206 0.129599 0.0567675 0.000774883 0.00373256 0.210823 1.77637e-05 0.0156246 0.00259682 
0.550599 0.0112696 0.00177864 0.0184772 0.00977502 0.00997116 1.78345e-05 0.00802419 0.0285096 0.000536861 0.0189751 0.00128916 0.0215481 0.0177898 0.000150391 0.0402649 0.0108683 0.00657059 0.0049049 0.0131881 0.00145506 0.00663819 0.160559 0.0002721 1.84555e-08 0.00172208 0.0543132 0.000531782 2.30915e-07 
0.566215 0.000787294 0.000636127 0.0299944 0.0216435 0.0193842 8.15058e-05 0.000664013 0.0464812 0.000111173 0.0192234 0.0016371 0.00384659 0.0629836 0.0117683 0.01959 0.0167541 0.0736947 0.026619 0.0225661 0.00130594 0.00151988 0.0442255 0.00160691 5.34053e-07 0.00140618 0.00393753 0.000575106 0.000740873 
0.197513 0.00093101 0.00392143 0.0350973 0.0225875 0.0425856 3.97067e-06 0.00228958 0.107606 0.000738284 0.164759 6.16454e-06 0.00747671 0.0294457 0.000214688 0.120252 0.073851 0.00435917 0.00481417 0.0204971 0.00793767 0.00577652 0.0581194 0.0182731 1.85372e-11 1.57438e-06 0.000495627 0.0646232 0.00582412 
0.254765 4.12356e-05 0.000681377 0.155571 0.0178448 0.0110055 4.72592e-07 0.0026771 0.00865843 2.14743e-06 0.141229 0.000122829 0.00689873 0.21482 1.85083e-06 0.000589229 0.00186197 1.35056e-05 0.0539014 0.0498041 0.00108548 0.063123 0.00838734 4.11885e-05 1.18405e-05 0.000106161 1.38932e-06 0.00651252 0.000241697 
0.322654 0.0172845 0.00435656 0.0248 0.0159841 0.0572456 0.000394154 0.00550261 0.0833053 0.000748829 0.0312922 0.000184845 0.0220722 0.0727411 0.000225874 0.122867 0.063726 0.0115886 0.00547533 0.0127498 0.0148594 0.0174415 0.0625716 0.00557326 2.56085e-06 6.18597e-05 0.000366187 0.0180488 0.00587679 
0.185257 2.28517e-05 0.000754234 0.0891993 0.0160032 0.0655609 6.71144e-07 0.00129531 0.0627385 3.1253e-05 0.0599958 0.0478432 0.0870129 0.0065332 0.000169287 0.0431828 0.0802564 0.00446152 0.0149578 0.0447927 0.051157 0.0662881 0.0499 0.00161653 6.38e-07 4.75749e-05 0.00665479 0.010107 0.00415953 
0.431594 6.2127e-05 0.00309151 0.0982824 0.00304927 0.115834 8.0204e-08 0.0179918 0.00152845 0.00939175 0.0139003 2.69721e-06 0.0422199 0.0570604 0.00064404 0.00222753 0.0512553 0.00288769 0.0384651 0.00162757 0.000272396 0.0213216 0.0864508 5.29863e-05 0.000705443 9.3771e-06 3.70475e-08 6.52242e-06 6.55326e-05 
0.213297 0.000523017 0.000592348 0.0461469 0.0133252 0.00303918 1.65572e-05 0.0077755 0.0655825 2.38623e-07 0.00607557 0.000586731 0.0967012 0.105638 0.0678651 0.00521802 0.00168661 0.0150589 0.0029899 0.000436664 0.0621342 0.0282022 0.0184328 2.22095e-05 0.0259977 7.67122e-07 1.25013e-05 0.0127171 0.199925 
0.236992 4.83105e-06 0.0205577 0.0287469 0.0394471 0.180693 2.7028e-07 0.010039 0.0714908 0.000661399 0.0514522 0.000466568 0.00855444 0.0252039 0.0183851 0.00284351 0.0267754 0.00232382 0.00875416 0.0132092 0.00217442 0.0800671 0.0149637 0.0232983 0.00010548 0.000707207 3.2048e-05 0.003778 0.128273 
0.284687 0.00426847 0.000154378 0.0484621 0.011421 0.0611467 0.000707554 0.0187126 0.00483098 0.00020361 0.149658 1.07172e-05 0.00751486 0.121117 0.000300965 0.0306396 0.0208893 0.015458 0.00844598 0.00103047 0.0425586 0.0140915 0.141078 0.000804908 0.000907047 2.73689e-06 0.0106746 0.000215041 8.05958e-06 
0.293997 1.88425e-08 0.0578053 0.052672 0.000859061 0.00420376 1.16309e-05 0.00357639 0.059316 0.0695164 0.0384817 0.00655895 1.0239e-05 0.259149 5.03047e-06 0.00063985 0.118916 1.67212e-06 0.0104238 7.8186e-06 0.0150604 0.000383189 0.00745373 9.88513e-09 2.01454e-08 0.000881032 3.30311e-09 6.27091e-05 6.98942e-06 
0.346619 1.98563e-05 7.0707e-09 0.108784 9.49393e-06 0.000677821 1.30631e-06 0.000174869 0.00094678 7.64239e-08 0.00255835 4.39157e-06 2.2673e-05 0.302823 0.0892178 0.00200401 0.00029208 8.78896e-05 0.127965 5.01692e-06 5.95374e-05 0.00839283 0.0026455 5.11633e-06 0.00668073 1.9826e-07 1.06883e-08 2.11797e-06 2.94259e-08 
0.278005 1.75088e-05 0.00150796 0.0277555 0.0472032 0.0364192 1.91734e-06 0.00161922 0.0339744 0.000172641 0.0544167 0.000721553 0.000459491 0.0830941 0.000178025 0.0624584 0.028741 0.0241873 0.00127866 0.0175869 0.0227785 0.00761655 0.0960226 0.140782 1.12534e-10 2.15299e-05 0.0053062 0.0170052 0.0106683 
0.553141 2.1418e-06 0.000253787 0.0941173 0.000571422 0.0037519 4.58494e-05 0.0302566 0.0293798 4.63275e-07 0.00549127 0.00371888 0.0118915 0.00046593 1.17476e-05 0.00179963 0.0134611 0.00228424 0.0420154 0.0282051 0.00134651 0.00424901 0.0402333 0.00180158 9.87351e-05 8.53632e-05 0.129509 0.00123094 0.000581012 
0.38706 0.00013664 0.00269629 0.15386 0.0220139 0.0415797 9.08946e-06 0.0392953 0.0112541 3.11432e-05 0.0959309 5.57507e-06 0.0521955 0.000134894 1.94987e-07 0.00276987 0.00173191 0.00107975 0.00507816 0.00537764 0.000160542 0.140936 0.0348831 0.00105021 5.14207e-06 2.01462e-07 2.86571e-06 0.000301107 0.000419436 
0.50163 0.000134435 0.00365724 0.0358493 0.023292 0.173325 7.71852e-05 0.0023276 0.00300538 0.000247638 0.026601 0.00141356 0.000396589 0.00348864 3.38901e-05 0.0108687 0.0110441 0.000890928 0.00115749 0.00812292 0.00483659 0.00797184 0.161313 0.0108737 4.69949e-05 1.6466e-05 0.00358941 0.000326127 0.00346192 
0.38549 0.244406 0.000106451 0.030907 0.00617281 5.4041e-07 0.000135225 0.00674921 0.179631 9.60865e-07 0.0046001 3.05161e-10 0.00824579 0.00768469 1.48039e-10 0.000183911 0.0347816 0.00035443 1.29057e-06 0.04292 0.00314862 0.00735698 0.00179825 1.49968e-07 2.93945e-10 3.49444e-10 1.50775e-06 0.0353231 1.32688e-10 
0.293176 3.54933e-05 0.0126581 0.00592736 0.00476862 0.0259323 5.17118e-11 0.000406094 0.0329941 8.1016e-05 0.0263768 0.00103969 0.0028798 0.0200337 0.00528401 0.0905207 0.150309 0.000227082 0.000753654 0.015328 0.000511539 0.0110568 0.0302879 9.13713e-05 1.76803e-09 0.000107853 3.36157e-06 0.266354 0.00285556 
0.324192 8.5157e-10 5.53034e-06 0.0529823 0.0725044 2.06055e-05 6.63643e-10 0.0678447 0.127204 1.06739e-09 4.90883e-06 9.45193e-10 2.28985e-05 6.60426e-05 1.99007e-05 1.68773e-06 0.175829 3.62623e-06 7.34492e-06 4.08085e-07 2.96614e-06 0.179258 1.4511e-05 6.25495e-06 9.10454e-10 1.08235e-09 1.20932e-06 7.40329e-06 4.10983e-10 
0.664135 8.52772e-06 2.6484e-09 0.0229435 3.32331e-09 0.00223621 1.77976e-08 0.00252639 0.0012219 0.00492345 0.00158046 3.01153e-07 0.00275813 0.00210981 0.000165342 1.88028e-05 0.00153173 0.000371935 0.00489719 7.02834e-06 5.23293e-09 0.00423733 1.68502e-05 1.19809e-08 0.281861 0.0024466 4.00341e-09 2.01208e-06 7.80133e-08 
0.227422 2.01537e-06 0.0164236 0.0249376 0.00314055 0.0377247 3.46002e-06 0.0349195 0.0526167 0.000389798 0.103739 8.67334e-06 0.0209948 0.012145 0.011453 0.0341537 0.0664731 0.00232386 0.106212 0.150341 0.00610358 0.0296688 0.0471854 0.00282494 1.15838e-08 0.00013461 0.000100283 0.00247456 0.00608429 
0.533446 1.13308e-05 0.0002251 0.0742883 0.00127087 0.0115715 2.24435e-09 0.00590961 0.0842582 9.66926e-08 0.00664879 0.00126123 0.0440278 0.00712061 3.42277e-05 0.00111962 0.0173734 0.00539958 0.0417308 0.00508138 0.000125525 0.126926 0.00986379 0.000327323 0.0153244 4.18612e-06 1.08737e-05 0.00653498 0.00010445 
0.42654 4.12726e-07 0.00179955 0.065211 0.0848523 0.0650856 1.33432e-07 0.0493758 0.0401608 8.74559e-05 0.0215506 1.12634e-05 0.00741817 0.0925084 0.000659786 0.000721239 0.0305841 0.00314386 0.00468628 0.00655984 0.0103343 0.0116894 0.0681677 0.000213284 3.58261e-10 4.14178e-07 0.00508313 0.00137319 0.00218183 
0.391599 6.33164e-08 0.000541598 0.193751 0.0204054 0.0367301 4.46709e-07 0.073671 0.0109456 1.28597e-05 0.0347678 5.01163e-06 0.00845904 0.0181093 0.000366915 0.00110948 0.0309921 0.00628344 0.00573269 0.0237277 0.0177298 0.0195256 0.0444887 0.0574907 7.17175e-05 0.000109879 3.92199e-05 0.000132066 0.00320211 
0.607875 0.00344683 9.78221e-05 0.0120645 0.00187226 0.0159788 0.122813 0.00918148 0.000618263 0.0118337 0.0262127 0.00755677 0.000458729 0.00390543 0.000985513 0.0381592 0.00301539 0.000486959 0.00718356 0.0104365 0.017499 0.0193051 0.0613407 0.000217844 0.00424442 1.4225e-05 0.0124995 0.000597274 9.94967e-05 
0.355213 0.000128396 0.00250586 0.0146083 0.0176609 0.0458855 8.29216e-11 0.000232453 0.301529 3.91176e-08 0.0399878 0.0140899 0.0145819 0.0110305 0.00497087 0.000693611 0.0881209 0.00118232 0.00339478 0.0403314 0.0104893 0.00778722 0.0236187 0.000122238 2.09899e-09 0.000364393 1.34516e-05 0.000337854 0.00111922 
0.303688 2.7487e-06 0.001412 0.142827 0.0430746 0.0122001 1.74921e-05 0.0165215 0.049076 0.0329243 0.0270469 1.401e-05 0.0392348 0.0724257 0.00454732 0.0576321 0.0717844 0.00290261 0.00344828 0.0416706 0.00313649 0.0112414 0.0137481 0.0128825 0.00278748 0.000178124 6.69674e-05 0.00131529 0.0321924 
0.346487 0.0010243 0.00134719 0.0395776 0.00333369 0.14673 0.000179408 0.00983307 0.0193677 3.2658e-05 0.0319892 0.000217922 0.00789403 0.0640354 0.000232233 0.0585715 0.0365838 0.00101969 0.0109315 0.00577918 0.0102327 0.00362573 0.150304 0.000224916 1.94329e-07 4.40636e-05 0.0010755 0.0489149 0.000411032 
0.407054 3.36476e-05 0.0506695 0.039805 0.00777594 0.119102 3.7144e-05 0.0217736 0.0191299 0.00055208 0.00982331 0.000751072 0.0474699 0.0129175 0.000196951 0.00522914 0.0063306 0.00179487 0.0120547 0.00873023 0.0313647 0.0204608 0.168763 0.00234886 1.74128e-06 2.97982e-06 0.00250928 0.00241853 0.000899627 
0.482414 2.08231e-07 0.000432705 0.0488161 0.00112178 0.0226415 1.62279e-07 0.000176391 0.109524 0.000174137 0.00697467 6.49007e-06 0.117215 0.0594298 0.0507057 0.00290498 0.0154572 6.53563e-05 0.00339736 0.00551336 0.000227718 4.54396e-05 0.00153954 3.32424e-05 5.95094e-05 2.64665e-07 1.11079e-05 0.066048 0.00506359 
0.277965 0.0065769 0.0120611 0.0167039 0.0125396 0.104209 5.33606e-05 0.00111762 0.0842906 0.00528513 0.0188856 0.000760979 0.00394639 0.0649838 0.012558 0.0695509 0.0903607 0.00107776 0.0191355 0.0111505 0.011808 0.0294874 0.121261 0.00810267 0.000197032 0.00145718 0.00204657 0.0110216 0.0014069 
0.408385 0.00114966 0.00839876 0.0652799 0.0211473 0.0860084 0.00191973 0.0231173 0.0363553 0.00113344 0.0374747 0.001795 0.0109995 0.0234304 0.00271117 0.012384 0.0289737 0.00679535 0.0385767 0.030314 0.0157244 0.0193522 0.0895686 0.00661872 0.00193432 0.00231502 0.00572777 0.00446936 0.00794026 
0.490387 0.0229715 0.0149552 0.0116708 0.00526103 0.045987 0.000227581 0.00288573 0.0307943 9.67655e-05 0.0160925 0.00907008 0.00680449 0.0322757 0.00099989 0.0471562 0.0108163 0.00197842 0.00237839 0.00994842 0.00551284 0.00914328 0.162368 0.00372524 8.27766e-06 0.00327051 0.0502404 0.00260954 0.0003648 
0.176221 0.000330096 0.00016377 0.122918 0.00314946 0.0204428 1.35975e-06 0.0106069 0.0346993 7.25505e-05 0.0204433 0.000143141 0.0276276 0.0589836 0.0828568 0.0208759 0.0667018 0.000775623 0.0611334 0.129621 0.000342838 0.0344425 0.0763666 0.0361596 2.13494e-07 2.30712e-05 0.0145241 0.000334493 3.86466e-05 
0.426142 3.05201e-05 0.00711026 0.0342532 0.0836701 0.0514614 8.76485e-05 0.00166478 0.0252152 0.000229155 0.0686831 0.00265304 0.000426775 0.00533437 0.00014027 0.0141875 0.00158584 0.000861119 0.00181379 0.0179793 0.0290962 0.00378347 0.103225 0.0952299 4.59149e-08 0.000479103 0.0166828 0.000781037 0.00719245 
0.312021 8.47848e-07 0.00329468 0.0229255 0.116576 0.0153517 9.72625e-08 0.00197397 0.00598312 0.000371502 0.0069825 0.000625183 0.000962219 0.00525189 0.000235989 0.204754 0.0208341 0.00301649 0.00395217 0.0198054 0.00258348 0.00388042 0.102938 0.0633217 8.03168e-11 1.69592e-08 0.0682867 0.0133323 0.000738905 
0.222548 4.19317e-05 0.0275461 0.0498892 0.00841446 0.0912615 3.74216e-09 0.026348 0.0720688 0.0215001 0.0121264 7.7251e-06 0.00754635 0.0791536 0.000596349 0.000278796 0.0662286 0.00141413 0.119738 0.00367971 0.0034502 0.171907 0.0121844 0.000135595 1.00233e-05 0.00174523 1.86387e-05 0.000118673 4.17444e-05 
0.257919 0.00240088 0.0120429 0.021903 0.0215736 0.192272 9.79495e-07 0.0139003 0.0366708 0.000406442 0.102794 1.0502e-05 0.000156095 0.0176934 1.86925e-05 0.0725362 0.0640557 0.0357903 0.00642057 0.0393821 0.00379672 0.00694955 0.0677121 0.000198163 2.95809e-11 2.74488e-07 0.000156309 0.0110016 0.0122388 
0.293176 3.54933e-05 0.0126581 0.00592736 0.00476862 0.0259323 5.17118e-11 0.000406094 0.0329941 8.1016e-05 0.0263768 0.00103969 0.0028798 0.0200337 0.00528401 0.0905207 0.150309 0.000227082 0.000753654 0.015328 0.000511539 0.0110568 0.0302879 9.13713e-05 1.76803e-09 0.000107853 3.36157e-06 0.266354 0.00285556 
0.448921 0.000459813 0.000141214 0.000488541 0.00580907 0.0109929 3.39364e-08 0.000274268 0.0226896 0.182342 0.00518759 3.46763e-05 0.000635962 0.0591081 4.42352e-05 0.0219294 0.0133927 0.00604678 0.00099985 0.0132787 0.00743286 0.00248558 0.0238176 0.00253325 6.08007e-10 7.22804e-10 8.64249e-05 0.00645753 0.16441 
0.312021 8.47848e-07 0.00329468 0.0229255 0.116576 0.0153517 9.72625e-08 0.00197397 0.00598312 0.000371502 0.0069825 0.000625183 0.000962219 0.00525189 0.000235989 0.204754 0.0208341 0.00301649 0.00395217 0.0198054 0.00258348 0.00388042 0.102938 0.0633217 8.03168e-11 1.69592e-08 0.0682867 0.0133323 0.000738905 
0.669439 0.0014969 3.20525e-05 0.00207707 0.00353959 0.00490036 0.00141206 0.0260895 0.00238815 3.16145e-05 0.0232754 3.53461e-05 0.000860196 0.0101694 8.4982e-07 0.168686 0.00235891 0.00235964 0.000351047 0.00522193 0.012241 0.00462921 0.0505195 0.00197079 0.0037653 1.65567e-06 5.85749e-05 4.67346e-05 0.00204208 
0.309935 9.40132e-07 0.000619277 0.0097932 0.0176214 0.0757878 2.96051e-08 0.00842651 0.0254623 3.34835e-05 0.137051 8.99031e-06 0.00136069 0.0323492 0.00156782 9.92118e-05 0.115824 0.00991511 0.0467361 0.0637295 0.00902213 0.0730395 0.0122858 0.00135199 5.48239e-11 6.51751e-11 3.99355e-05 0.000865192 0.0470739 
0.20152 6.5161e-06 0.00647019 0.00436809 0.0202106 0.0150319 1.95009e-07 0.00903548 0.184204 4.52258e-07 0.0955117 0.00293647 0.00212607 0.0133105 0.0050856 0.11649 0.0259694 0.0043807 0.002263 0.0120044 0.00676122 0.0100951 0.145807 0.0274867 0.000442684 3.30362e-05 0.00249564 0.00481842 0.0811361 
0.389436 4.78538e-05 0.0119821 0.0338243 0.00764256 0.0538025 2.12099e-05 0.00190762 0.0281153 0.00264799 0.0176476 0.000519498 0.0176389 0.0964132 0.00150015 0.0156836 0.0173504 0.00196686 0.0732242 0.0105181 0.0100198 0.0355573 0.101997 0.0611897 4.41763e-07 0.00113088 0.0059391 0.0014939 0.000782827 
0.373793 8.42173e-07 0.00332047 0.0184469 0.00479538 0.124964 4.34856e-09 0.00126114 0.00200936 0.00333945 0.00501644 2.99183e-05 0.000983573 0.0538421 9.20511e-05 0.00166699 0.0130232 0.000461632 0.00095124 0.0232981 1.29924e-06 0.0464071 0.18478 0.00366582 0.0730811 1.07072e-10 0.0591691 0.00118642 0.000413944 
0.50267 2.21813e-05 0.00453277 0.0297702 0.0479074 0.0439787 8.01214e-05 0.0242127 0.0223294 0.00144735 0.0604954 0.00414145 0.0145145 0.00441705 0.0104129 0.0253168 0.0221199 0.000772799 0.0223641 0.0448394 0.00497605 0.0216118 0.0570302 0.00472177 0.000582075 0.00109445 0.000845556 0.00210704 0.0206855 
0.23875 0.00326838 0.0137009 0.073991 0.0478492 0.128484 4.90404e-05 0.0111916 0.0599292 0.000288973 0.0605936 0.000579826 0.0147413 0.011264 0.000562985 0.0130243 0.0246866 0.0107029 0.0185068 0.0952011 0.0312449 0.0350023 0.0848368 0.0012502 0.000545188 0.00071756 0.00506857 0.0040303 0.0099383 
0.250558 0.000227441 0.00910242 0.147493 0.0240028 0.0963583 6.03886e-05 0.0354818 0.0644851 0.000119031 0.124767 0.000751026 0.00664183 0.000846761 9.44389e-05 0.0102311 0.0198037 0.00872336 0.00684033 0.0495949 0.00128492 0.0525578 0.0753194 0.00219285 9.193e-06 9.52023e-06 5.82397e-06 0.0121409 0.000297943 
0.414616 0.000102535 0.00431822 0.0606848 0.027241 0.142968 4.82929e-06 0.00431517 0.0115273 0.000242143 0.136816 0.0109181 0.00299781 0.00803626 0.00187535 0.00268419 0.0503805 0.00177969 0.005193 0.0152632 0.00251844 0.0318729 0.0569592 0.00172387 1.41316e-06 0.000111488 8.71765e-05 0.000910393 0.00385147 
0.248088 2.47592e-08 2.79845e-05 0.210526 0.0078649 0.0851815 5.74613e-06 0.068281 0.0325615 1.87051e-06 0.0406489 8.74732e-06 0.013065 0.00413961 2.28984e-07 0.00639004 0.026769 0.0120016 0.0530532 0.00784644 0.00532498 0.123394 0.0474114 0.000933504 5.99069e-07 0.000151461 0.00372951 0.000618576 0.00197481 
0.486146 0.000500769 0.000366568 0.0260915 0.0217677 0.0184481 5.42264e-06 0.00421918 0.0540252 2.3653e-05 0.0167095 0.00221335 0.00396892 0.0272713 7.86985e-05 0.0537434 0.0179601 0.00296584 0.0218384 0.00409729 0.00110732 0.00405934 0.12194 0.0216545 2.47347e-10 3.41895e-08 0.0841442 0.00328005 0.00137278 
0.373793 8.42173e-07 0.00332047 0.0184469 0.00479538 0.124964 4.34856e-09 0.00126114 0.00200936 0.00333945 0.00501644 2.99183e-05 0.000983573 0.0538421 9.20511e-05 0.00166699 0.0130232 0.000461632 0.00095124 0.0232981 1.29924e-06 0.0464071 0.18478 0.00366582 0.0730811 1.07072e-10 0.0591691 0.00118642 0.000413944 
0.228036 1.31149e-06 0.0264541 0.0112909 0.0645645 0.133126 8.03661e-08 0.00360258 0.110119 0.016934 0.0135128 0.000242167 0.00350136 0.00123267 0.000626164 0.0048395 0.00777857 0.0017265 0.00960206 0.146089 0.0177149 0.0675293 0.0983245 0.0118549 1.61622e-08 0.0101849 5.43923e-05 0.0106729 0.000384751 
0.554192 2.74913e-06 9.50864e-08 0.0156189 3.93567e-10 1.55399e-05 1.07228e-06 0.0257091 4.59066e-06 3.38999e-09 0.0479166 3.00189e-09 0.00889777 0.135313 1.45627e-09 1.05081e-09 0.0623276 0.0182119 0.104796 0.00690539 6.19716e-10 0.00852397 2.55647e-05 1.41886e-09 2.89156e-09 0.00814122 4.74109e-10 0.00339718 1.30526e-09 
0.236872 4.42629e-05 0.00732055 0.0341124 0.0720026 0.230338 2.09627e-06 0.0065541 0.0754822 5.24883e-05 0.0170319 3.8385e-05 0.0139539 0.0601051 7.03618e-05 0.00140365 0.0754679 0.0041417 0.000459222 0.0455234 0.0406204 0.00980988 0.0530142 0.006047 0.000453992 2.06331e-05 2.56277e-05 0.00737434 0.00165802 
0.437814 0.00151498 0.0591532 0.00955681 0.00297955 0.0296758 4.62855e-05 0.00316109 0.247626 0.000237244 0.00357968 5.274e-06 0.000644181 0.0698115 0.000379285 0.00175376 0.0251495 0.000993709 0.0153562 0.0208215 0.00166681 0.0281858 0.0382783 4.21061e-05 3.33432e-06 0.00020779 2.14751e-05 0.00132667 8.10174e-06 
0.256677 0.00138143 0.00578758 0.0495562 0.0163362 0.12733 6.19752e-05 0.00388744 0.0519805 0.000621095 0.0388441 0.00514952 0.0142771 0.125647 0.00789228 0.00523883 0.0588078 0.0152804 0.00590314 0.0299403 0.0765177 0.0173824 0.0647233 0.00385224 0.00189962 0.000215118 0.00189701 0.0093975 0.00351371 
0.26685 0.000861578 0.0158935 0.10516 0.0226094 0.11945 1.98105e-05 0.00700742 0.0724631 0.000174692 0.0832024 0.00135631 0.0132 0.00803736 0.000210857 0.0110749 0.020607 0.00379969 0.00562189 0.142726 0.00628112 0.0395076 0.0269096 0.00226481 0.000172508 7.94285e-05 0.000317218 0.00348429 0.0206567 
0.231539 6.37712e-05 0.0234874 0.0345247 0.027475 0.167118 1.83328e-05 0.00938545 0.0267789 0.000315168 0.0233624 0.000156386 0.0174806 0.0733278 0.0128059 0.0145455 0.0823003 0.00832027 0.0859275 0.0497437 0.000158207 0.0150993 0.0886204 3.05551e-05 0.000391539 8.82777e-05 0.00567605 0.00092938 0.00033049 
0.197299 0.000113692 0.0066386 0.0995151 0.0274118 0.119297 1.86841e-05 0.00406201 0.0401298 9.85806e-05 0.0665087 0.000478917 0.0489133 0.0526383 0.000610792 0.0111514 0.0624029 0.00819289 0.0264548 0.0211726 0.107328 0.0274678 0.0328881 0.0053846 4.68193e-08 0.000349716 0.00144257 0.0312301 0.000800479 
0.40157 0.0017245 0.0116791 0.0401008 0.0159546 0.0931997 0.00109489 0.00698409 0.036244 0.00358224 0.01519 0.00505456 0.0119432 0.0419097 0.00409177 0.0921208 0.0286233 0.00395489 0.0284712 0.0154125 0.00533884 0.0105304 0.0920863 0.00506425 0.0010496 0.00654936 0.0124276 0.00402668 0.0040209 
0.485621 0.00356211 6.26102e-06 0.0579046 6.46536e-05 0.000396232 1.35535e-07 0.378096 0.00203015 0.000308973 0.00293843 2.17789e-06 0.000315779 0.00917327 0.00667277 0.0134116 0.0155766 8.2119e-05 0.00945876 0.00599366 0.0010236 0.00155546 0.00513454 2.5592e-05 1.85941e-07 2.21048e-07 0.000643568 4.52671e-08 1.00224e-06 
0.521853 0.040009 0.000226713 0.0228273 0.0098608 0.0393049 0.00953242 0.00580748 0.00124382 0.00360844 0.0282966 1.35064e-05 1.75707e-05 0.0173718 7.25471e-05 0.0538356 0.00365086 0.00159462 0.00730573 0.0349884 0.0336484 0.0138346 0.138845 0.000131169 0.000282748 0.000715937 0.0106716 6.41776e-05 0.000385881 
0.555785 9.18804e-06 7.01088e-11 0.0242527 1.51928e-06 0.00820719 4.7114e-10 1.84986e-06 3.94866e-11 1.7129e-06 0.0541178 6.71021e-10 2.47812e-07 0.00730813 6.1867e-07 0.198779 0.0213181 7.55487e-07 1.86889e-10 0.100323 1.38527e-10 1.34437e-10 0.0241692 0.00572083 6.46358e-10 2.25651e-06 5.91492e-08 1.57355e-10 4.60853e-07 
0.294671 1.91167e-05 1.93749e-05 0.0944124 0.0385707 0.130413 4.0857e-06 0.0738528 0.0557834 0.000481603 0.0699603 6.21118e-05 0.00498849 0.0765558 0.000246517 0.00268035 0.0117449 0.00701567 0.00100318 0.0227252 0.0170633 0.0667116 0.0253943 1.11877e-05 0.00191584 7.87601e-05 1.61101e-06 6.15616e-05 0.00355195 
0.28032 0.000113615 0.0187431 0.0838689 0.014835 0.0628532 1.57567e-06 0.0074715 0.033465 0.000120535 0.0247921 0.000672397 0.00846105 0.0199013 0.0018946 0.0107537 0.03115 0.00171209 0.147021 0.00376646 0.00631872 0.00710979 0.212565 0.00109128 0.00292304 0.0066875 0.00823117 0.00200562 0.00115069 
0.386443 0.000250503 0.00108724 0.0122226 0.0145359 0.0281821 5.56113e-05 0.00146254 0.0973398 0.00143072 0.0132932 0.00405906 0.0115454 0.0380512 9.72654e-06 0.0772753 0.151954 0.0151295 0.0134703 0.019508 0.0189951 0.0121349 0.0517571 0.00340725 1.51872e-08 5.72679e-05 0.00293465 0.0231314 0.000276354 
0.231498 0.000448241 0.0173994 0.0397533 0.0365455 0.104933 3.26729e-05 0.0215274 0.0995359 0.000504275 0.109573 0.00142376 0.0171119 0.0134261 0.00251076 0.0144971 0.0538478 0.00176422 0.00542 0.124851 0.00852652 0.0362702 0.0343249 0.00146787 2.61414e-05 0.00134825 6.68133e-05 0.00589044 0.0154762 
0.542502 0.000143179 1.78237e-05 0.12339 0.00103033 0.0137014 3.18897e-07 0.00607317 0.00378431 0.000259725 0.0155509 4.78831e-05 0.00854185 0.0043184 3.37336e-05 0.0117268 0.00624118 0.00565181 0.0841612 0.00594113 8.03066e-05 0.0181843 0.0916389 1.57449e-07 9.78296e-05 3.58045e-06 0.0566807 0.000110678 8.58822e-05 
0.451513 0.0183975 0.00834322 0.00884034 0.00109022 0.0508579 0.0167884 0.0494097 0.0352939 1.11622e-05 0.0970152 1.78475e-05 0.00386677 0.0290783 7.86805e-05 0.0155161 0.0248201 0.00410994 0.0103852 0.0136783 0.0254198 0.0082298 0.118443 3.75269e-10 0.00194563 0.000204203 0.00631335 0.000332109 4.90391e-08 
0.222548 4.19317e-05 0.0275461 0.0498892 0.00841446 0.0912615 3.74216e-09 0.026348 0.0720688 0.0215001 0.0121264 7.7251e-06 0.00754635 0.0791536 0.000596349 0.000278796 0.0662286 0.00141413 0.119738 0.00367971 0.0034502 0.171907 0.0121844 0.000135595 1.00233e-05 0.00174523 1.86387e-05 0.000118673 4.17444e-05 
0.280594 1.47514e-09 0.0124392 0.0508953 0.0535811 0.0083453 1.15103e-06 0.00126574 0.0285302 1.19199e-07 0.0512834 1.53368e-05 0.0076471 0.0151793 0.000834951 0.0759497 0.0111919 0.00135291 0.0489022 0.00815984 0.00505717 0.0148761 0.163917 0.124761 1.57714e-09 0.000171157 0.00038879 0.018235 0.0164245 
0.365892 1.87605e-08 0.000126194 0.223617 0.00306479 0.0484894 9.39118e-06 0.000327852 0.0137116 1.08696e-05 0.0102516 4.19198e-05 0.0256171 0.0112235 5.25727e-05 7.34253e-05 0.0192144 0.000405843 0.0424629 0.0016728 0.0761887 0.0244194 0.127564 2.49564e-05 0.000110915 0.00349331 2.71499e-06 0.000324034 0.00160772 
0.483552 9.89355e-07 1.76231e-05 0.0649041 0.00491985 0.0486741 2.60882e-05 0.000931688 0.0689627 3.58052e-06 0.0146017 0.00340388 0.0282276 0.00990167 0.000190298 0.00415849 0.0873431 0.000373628 0.0214033 0.00151398 0.000840609 0.0414241 0.103066 0.00756949 1.28216e-06 6.97233e-05 0.00187279 0.00199158 5.3794e-05 
0.252677 1.48253e-05 0.00322601 0.0260954 0.0736812 0.119195 0.000192114 0.00347662 0.06219 0.0016821 0.0129658 0.00067119 0.00438479 0.0231638 0.0015211 0.0253271 0.0240395 0.00271581 0.0172384 0.204028 0.0293583 0.0120723 0.0381429 0.0116207 0.0426514 0.00325908 6.21745e-05 0.00236498 0.00198225 
0.19756 1.95241e-05 0.0422596 0.0106358 0.00410258 0.153585 0.00196337 0.00289424 0.0693508 0.000126493 0.0226447 0.000143429 0.0888881 0.027869 0.00059116 0.013191 0.0953756 0.0116955 0.0161567 0.112083 0.0103346 0.0508846 0.0558547 0.00103414 0.00237979 0.000140363 3.19186e-05 0.00510841 0.00309558 
0.384452 0.00024219 0.0072535 0.0244063 0.00756002 0.0258844 2.16256e-06 0.00445796 0.0139065 0.00470997 0.0029656 3.03367e-05 0.0130635 0.322593 0.000353134 0.0585109 0.0197709 0.00108543 0.0822062 0.000474055 4.47889e-06 0.00705364 0.00832393 0.000118273 0.00610184 8.02202e-05 0.00113688 0.00212741 0.00112559 
0.268346 1.35375e-06 0.0174091 0.0419308 0.0147192 0.263233 7.25479e-05 0.00213695 0.0121603 9.01486e-06 0.0714763 2.83629e-07 0.00489858 0.00505085 0.00154214 0.00187455 0.0247257 0.00616384 0.0406361 0.0169432 0.027184 0.00333458 0.164348 0.0104546 1.89698e-10 3.58792e-07 1.17064e-06 0.000588664 0.000759278 
0.555785 9.18804e-06 7.01088e-11 0.0242527 1.51928e-06 0.00820719 4.7114e-10 1.84986e-06 3.94866e-11 1.7129e-06 0.0541178 6.71021e-10 2.47812e-07 0.00730813 6.1867e-07 0.198779 0.0213181 7.55487e-07 1.86889e-10 0.100323 1.38527e-10 1.34437e-10 0.0241692 0.00572083 6.46358e-10 2.25651e-06 5.91492e-08 1.57355e-10 4.60853e-07 
0.362669 9.23291e-07 0.0131242 0.0883019 0.0149605 0.0152265 2.18932e-08 0.0103391 0.0373653 0.00101843 0.00215405 0.00143715 0.0526866 0.0122605 0.00374205 0.0491895 0.112754 0.00180529 0.0287545 0.0141986 0.00290549 0.0150176 0.146919 0.00230475 2.19012e-05 0.00436045 1.8001e-05 0.00131802 0.00514611 
0.165785 5.36611e-05 0.0284041 0.0646154 0.148677 0.0891243 0.00258191 0.0122535 0.0471969 0.00251506 0.0867762 0.00210004 0.0116484 0.0167302 0.000541237 0.00598178 0.015386 0.00128124 0.0572952 0.0314408 0.00469418 0.0130014 0.104203 0.0269935 1.05312e-05 0.00292691 0.0220523 0.0118834 0.0238468 
0.283758 1.99742e-06 0.0123807 0.0259531 0.0518251 0.0793547 7.40077e-09 0.000725371 0.135919 3.95688e-07 0.0098644 0.000250059 0.00619776 0.00874115 0.000441216 0.0039269 0.0786558 0.000142312 0.000236737 0.0228433 0.00399848 0.0269263 0.00966974 0.00390464 2.96969e-08 1.10986e-06 7.40277e-05 0.00146576 0.232743 
0.652186 2.84355e-06 0.0067969 0.0132573 0.0113334 0.223608 1.88774e-07 0.000325929 0.009872 1.99037e-05 0.0178684 5.90679e-05 0.000667728 0.00135538 1.50707e-05 0.000796124 0.00155274 0.000940411 0.000682191 0.0306094 0.00788518 0.00108583 0.00751589 0.000412755 5.1676e-05 1.18976e-05 0.00503483 0.00280667 0.00324691 
0.510181 0.00469357 0.000164596 0.0138342 0.00629881 0.0328067 0.000210103 0.00312003 0.0130776 0.000382496 0.00772272 0.000285839 0.00601664 0.0399813 0.000266393 0.0625187 0.0322993 0.00967339 0.00345177 0.00782263 0.000159147 0.00122929 0.142621 0.0864477 1.44085e-09 2.19209e-06 0.0130943 0.000449056 0.00118945 
0.242627 1.73431e-05 0.00347479 0.0234924 0.032925 0.0423286 1.93665e-07 0.0149429 0.0101533 3.94853e-06 0.0759292 0.00825049 0.00326548 0.000727322 2.75009e-05 0.00599707 0.00863658 0.00521357 0.00485194 0.135282 0.00370065 0.103437 0.229501 0.00649926 1.49839e-10 0.000184434 0.0373555 0.00066735 0.000508451 
0.405807 5.20382e-05 0.00749574 0.102033 0.025231 0.100858 3.41108e-06 0.0126384 0.0508306 0.000231066 0.0784694 0.00316094 0.0259651 0.00967286 0.00475028 0.0123545 0.0301425 0.00983668 0.0160282 0.0179452 0.00642715 0.0225426 0.0261155 0.00160235 0.000655612 0.0041466 3.4145e-06 0.0121899 0.0128111 
0.329708 7.00975e-05 0.030583 0.12338 0.0112904 0.0298419 2.34446e-06 0.0348923 0.0447323 9.08094e-05 0.0329963 0.00016565 0.000633282 0.0076766 2.43023e-05 0.0233791 0.0286284 0.000253367 3.7414e-05 0.027656 0.0123816 0.0937805 0.0814074 0.000840386 4.05473e-05 1.94826e-05 0.000316149 0.00777666 0.0773962 
0.181509 0.00569527 0.000507799 0.0146561 0.0543473 0.0405405 4.52146e-05 0.00846643 0.0409699 0.00173971 0.0177964 0.0202005 0.000455606 0.146965 0.00117163 0.171252 0.0416761 0.00244802 0.000920147 0.0752072 0.00274455 0.00662601 0.147388 0.0105998 4.37915e-07 0.000460403 0.00376403 0.000246209 0.00160057 
0.356349 0.000108357 0.000105372 0.0421563 0.227173 0.0225387 3.91611e-06 0.024124 0.0182254 0.000142244 0.117531 2.21626e-06 0.00066644 0.00490396 0.000780051 0.0164143 0.00716817 0.00523588 0.0129742 0.0123516 0.0196825 0.0457708 0.0434101 0.00145874 0.000351429 5.40657e-05 1.32761e-05 0.000636879 0.0196681 
0.163817 0.000915621 0.0299512 0.0317341 0.039043 0.158179 0.000213911 0.0147344 0.0236122 9.63862e-05 0.0603044 5.43624e-05 0.155805 0.0261348 0.000341778 0.0603777 0.0317442 0.00449448 0.00495568 0.047927 0.00745143 0.0195263 0.0601204 0.00549122 6.26035e-10 0.00449186 0.00267874 0.00656096 0.0392429 
0.336917 6.00542e-06 0.0177437 0.0375023 0.0564254 0.0512408 7.29403e-06 0.00164251 0.0768526 0.00206007 0.00677402 0.000606584 0.00792093 0.0329174 0.00418146 0.0753265 0.114074 0.000911195 0.00065994 0.027871 0.00109013 0.00544175 0.106652 0.0167874 2.88484e-06 1.35521e-06 0.00389043 0.00365483 0.0108398 
0.468731 0.000846309 0.0203232 0.0120566 0.0139475 0.106516 6.47619e-06 0.00700229 0.0165854 0.00038052 0.0225871 0.000206938 0.00230374 0.00910894 0.00296853 0.11618 0.0108312 0.0122105 0.00277766 0.0485631 0.0213629 0.00733047 0.0793693 0.00345667 2.40707e-05 0.00436799 0.00343002 0.000185503 0.0063397 
0.322592 0.00357758 0.0131718 0.0398482 0.0340942 0.117912 0.000200044 0.0157644 0.0339659 0.000281758 0.0626425 0.000424407 0.00385312 0.0534653 0.00165724 0.00936911 0.00747891 0.00388257 0.0181362 0.0158292 0.017786 0.00870359 0.198557 0.00167735 8.74366e-06 0.00288543 0.00459463 0.000522119 0.00711959 
0.44671 0.00128379 0.00180254 0.0176228 0.0105254 0.0321133 1.22062e-05 0.00561253 0.00613083 0.000338252 0.0471869 0.000538126 0.0163122 0.00958276 0.00147962 0.0247806 0.00079577 0.00214759 0.23171 0.0166183 0.00483683 0.0118972 0.0670694 0.00222427 9.52279e-10 0.0181284 0.0213193 0.00013118 0.00109036 
0.32732 0.00276787 0.00208945 0.00658612 0.0214142 0.0476371 7.28836e-05 0.0150151 0.0429144 0.00204702 0.0372409 0.000102906 0.00563943 0.109402 0.00156706 0.0721381 0.0423458 0.0111674 0.0571184 0.0101298 0.00474109 0.109865 0.0689762 0.000174124 1.77656e-07 0.000109229 1.78191e-05 0.000345137 0.0010553 
0.177863 0.000215835 0.00104469 0.156948 0.023683 0.0501143 0.000403728 0.112139 0.0753209 0.0052035 0.0618459 0.000213032 0.00929977 0.0133141 5.25883e-05 0.00268545 0.0455747 0.0149003 0.0187369 0.027034 0.00830053 0.0422276 0.146224 0.000864357 4.60333e-05 0.000147146 0.000687774 0.00475939 0.000151591 
