0.0374224 8.11234e-06 0.0153498 0.0335738 0.0303931 0.0743036 4.88375e-11 0.000410269 0.0513269 0.000681295 0.352091 0.00380516 0.00480584 0.0117172 0.000459615 0.00247212 0.0295607 0.0322581 0.002005 0.00143486 0.0844134 0.0938215 0.0602583 0.000874399 0.0607646 7.0155e-07 7.69177e-06 0.0153612 0.000419721 
0.00766734 5.10553e-12 0.00288076 0.0250063 0.120261 0.0783396 1.02086e-08 0.0853944 0.109059 5.36003e-05 0.288986 1.32606e-08 0.0535596 0.00137601 0.000297748 0.000783316 0.0531727 0.0102806 0.000789605 0.0346311 0.039892 0.0430592 0.0235203 0.00245128 4.21505e-09 6.65787e-08 1.75362e-05 0.0182303 0.0002911 
0.0142854 0.000576066 0.00773109 0.0867128 0.0266232 0.0791998 1.49041e-05 0.0156689 0.090603 0.000142106 0.271232 8.71809e-05 0.00705102 0.0129641 0.00164603 0.00474109 0.0720969 0.00360564 0.00325151 0.0642392 0.0895046 0.0940042 0.0433097 0.00283208 0.000533617 0.00112528 2.19582e-05 0.00513931 0.00105677 
0.0794647 0.0134119 0.012556 0.00990826 0.148074 0.0977832 0.000583689 0.00415112 0.0139452 2.84189e-05 0.260214 0.000435412 0.00154795 0.0289945 0.000237037 0.026711 0.0223413 0.00481813 0.00110536 0.0270414 0.00459203 0.0132032 0.201362 0.0161312 2.01233e-08 8.50922e-05 0.00547991 0.00167867 0.00411548 
0.00533289 0.0239586 0.0144074 0.00298799 0.268228 0.141867 3.49466e-05 0.000435182 0.0395795 0.000111128 0.364092 6.37615e-06 0.00136637 0.0295295 8.52943e-05 0.000963939 0.0320403 0.000716607 8.77102e-05 0.028559 0.005125 0.0147932 0.0146134 1.31846e-05 3.67536e-07 6.02745e-07 2.33642e-05 0.00913837 0.00190319 
0.0014547 6.26166e-10 0.0321545 0.0266818 0.0135449 0.0108221 6.74378e-07 0.00317126 0.00577341 5.45285e-06 0.807981 4.01645e-06 0.00175115 0.000158807 0.00442849 0.00013957 0.00208769 0.0627868 0.000208476 0.00158044 0.00600003 0.00371593 0.00960415 0.00329595 5.55437e-10 0.000725898 1.45427e-05 0.00175151 0.000156332 
0.0526196 0.00057753 0.0142795 0.0386233 0.0704385 0.0701774 1.68154e-05 0.0358459 0.0815848 0.00102872 0.193602 0.000481292 0.016416 0.0570795 0.00081217 0.00780957 0.0410907 0.00809198 0.010707 0.0393478 0.0989855 0.0516752 0.0487928 0.0161893 4.56744e-06 0.00142648 0.000490617 0.00949827 0.032307 
0.0679879 1.34013e-05 0.00764158 0.0391277 0.124581 0.0290864 0.000164476 0.0151704 0.00787867 0.000125842 0.181167 0.00112953 0.0523198 0.0038917 0.000377771 0.025948 0.00890564 0.146714 0.00149881 0.0182398 0.130347 0.00988159 0.0603599 0.0514876 2.92142e-09 0.00101863 0.00602995 0.000711902 0.00819359 
0.0014547 6.26166e-10 0.0321545 0.0266818 0.0135449 0.0108221 6.74378e-07 0.00317126 0.00577341 5.45285e-06 0.807981 4.01645e-06 0.00175115 0.000158807 0.00442849 0.00013957 0.00208769 0.0627868 0.000208476 0.00158044 0.00600003 0.00371593 0.00960415 0.00329595 5.55437e-10 0.000725898 1.45427e-05 0.00175151 0.000156332 
0.0343868 1.85877e-07 0.0521925 0.0606379 0.0119141 0.0623431 1.70117e-06 0.00988619 0.00514631 4.46299e-06 0.606748 0.00060882 0.0206295 0.00434634 0.000162113 0.000195521 0.0148703 0.00178201 6.70201e-07 0.0164619 0.00431224 0.0829476 0.00776501 0.000205331 3.21742e-05 0.00013557 4.55148e-06 0.00121519 0.00106435 
0.047842 5.92004e-06 0.00531569 0.0491436 0.103127 0.0372783 2.58475e-06 0.00197529 0.015898 3.01458e-05 0.406647 4.49774e-05 0.00580161 0.00810753 0.00126409 0.00382064 0.0087574 0.0240191 0.006523 0.00321704 0.0773941 0.00734226 0.0474485 0.125247 3.93249e-05 0.00211082 0.000384788 0.000823336 0.0103895 
7.39186e-07 1.67241e-09 1.60103e-07 2.48267e-06 0.181039 0.221197 1.30334e-09 5.24301e-10 0.0888947 2.09627e-09 0.321525 1.85628e-09 0.0271891 2.26739e-06 1.09537e-06 1.03842e-06 0.022028 3.76483e-07 0.00014306 6.69278e-07 1.03363e-07 0.0863644 0.00361549 1.42737e-08 1.78806e-09 2.12566e-09 2.35702e-08 0.012826 0.03517 
0.00137696 9.96388e-09 0.00112356 0.0024894 0.256829 0.00563695 3.10383e-05 0.00754307 0.00084207 6.28371e-06 0.483157 0.000419042 0.000699916 0.0002395 2.82442e-05 0.000194027 0.00422079 0.000121384 1.6462e-08 0.0129471 0.00394412 0.0772542 0.00838472 3.54912e-05 3.61319e-11 2.55679e-05 1.30986e-08 0.000160204 0.132291 
0.0299988 0.000213798 0.0291765 0.0436072 0.0777968 0.121987 2.06197e-05 0.0102558 0.0498091 0.000255857 0.141169 0.00402762 0.0134341 0.0197154 0.00175818 0.0114943 0.0467571 0.00799661 0.00830326 0.089992 0.0916255 0.0866118 0.0478899 0.0103019 1.37242e-05 0.000284198 0.000439464 0.00630563 0.0487586 
0.0603093 4.14591e-06 0.134934 0.034686 0.0293669 0.0866146 1.89836e-05 0.00509219 0.017312 4.72394e-06 0.407744 0.000287354 0.018111 0.00893654 0.000654982 0.00618608 0.0138149 0.00207448 0.010395 0.0211704 0.00580619 0.0279333 0.0337624 0.0214274 3.27197e-05 0.00513227 0.000995534 0.0117953 0.0353975 
0.0182907 2.13147e-05 0.0183743 0.0476688 0.0501489 0.135732 3.45055e-06 0.0151299 0.0709656 0.000326801 0.273401 0.000178273 0.00315565 0.0130877 0.00184018 0.00390626 0.107351 0.00238021 0.0124939 0.096848 0.00981712 0.0671581 0.0234655 0.00388094 0.000689337 0.00058468 0.000347433 0.00419719 0.0185564 
0.168711 0.012245 0.00257037 0.0928026 0.00790877 0.0656798 2.20144e-05 0.124447 0.0152469 6.94383e-06 0.199951 8.6117e-06 0.00257337 0.00592666 2.37082e-05 0.00491626 0.0559932 0.0525372 0.00677526 0.0270056 0.0363611 0.0467189 0.0709345 0.00031584 2.90148e-07 8.72739e-07 0.000120064 0.00015361 4.38259e-05 
0.0728812 2.51998e-07 0.000178382 0.0498968 0.0122542 0.0658174 1.11331e-08 0.0102274 0.00263505 0.000973216 0.299464 1.44709e-08 0.00269824 9.27758e-05 5.66629e-05 0.000534626 0.0442196 0.00390026 0.000489894 0.139078 0.00553913 0.00967803 0.0617351 0.161503 1.09365e-10 0.000435594 4.95728e-05 6.71454e-05 0.0555947 
0.0481497 6.10223e-05 0.0190077 0.0204347 0.152428 0.146621 0.000518896 0.00792421 0.0394631 1.31622e-05 0.17783 0.00114778 0.00700597 0.0436185 0.00510151 0.0354239 0.0462865 0.00275451 0.0006622 0.024761 0.00534703 0.00923971 0.095294 0.0660955 3.92509e-12 0.0046281 0.0130723 0.00496641 0.0221442 
0.040849 7.70009e-05 4.51397e-05 0.0397363 0.130109 0.0210021 3.76864e-06 0.0176289 0.0712816 1.02638e-06 0.443144 8.86393e-05 0.0136787 0.00301651 0.00568869 0.00318284 0.00693005 0.00571739 0.000180178 0.0100412 0.137328 0.00206047 0.0295695 0.00630327 3.06949e-11 8.19021e-08 1.35323e-05 0.00489256 0.00743124 
0.0359241 4.15085e-05 0.0116369 0.128335 0.102809 0.102137 5.98179e-05 0.0325142 0.110145 8.55889e-05 0.171156 0.00725459 0.00921432 0.00888643 0.0012601 0.0328829 0.0311043 0.0016773 0.00903869 0.0271973 0.00550718 0.0265688 0.0373956 0.00712132 5.19977e-06 0.000684698 0.0571332 0.0191558 0.0230685 
0.00134542 0.000613888 0.0107366 0.00458438 0.0970163 0.00776992 5.76316e-07 0.00171399 0.00749031 3.33417e-05 0.795565 1.8806e-05 0.000852636 0.002295 0.000124876 1.8404e-05 0.00228132 0.000575389 0.000628182 0.000224174 0.00195657 0.0100487 0.0359028 0.00218798 6.99189e-05 0.00490233 7.91983e-06 0.0106779 0.00035762 
0.0412027 0.000271175 0.00177034 0.0450504 0.0572196 0.181052 2.40183e-05 0.045409 0.0518282 3.35332e-05 0.248029 0.000107725 0.00341141 0.0209954 0.00167149 0.00486376 0.0822903 0.0138245 0.00446428 0.0754745 0.0257834 0.0641918 0.0186036 0.00341706 3.76416e-07 0.00124596 0.000171282 0.0013136 0.00627964 
0.0293912 7.77902e-05 0.0310458 0.0286826 0.0408046 0.128641 1.1315e-05 0.00320358 0.0783164 7.03918e-05 0.250955 0.0014796 0.0032843 0.0333007 0.000541307 0.0104874 0.031691 0.0025954 0.00411357 0.0334645 0.104085 0.0959199 0.0548627 0.00880256 1.29762e-06 6.75564e-05 0.000445332 0.00566322 0.0179939 
0.201015 0.0010509 0.001199 0.0141683 0.0121777 0.175196 1.708e-05 0.00145934 0.015395 6.5678e-06 0.213651 4.69551e-06 0.00103576 0.00119328 7.0426e-06 0.00646442 0.0205982 0.0101102 0.00140637 0.204392 0.00419069 0.00547458 0.0823672 9.24697e-07 3.70098e-06 3.20762e-07 0.0177167 0.000349946 0.00934874 
0.0014547 6.26166e-10 0.0321545 0.0266818 0.0135449 0.0108221 6.74378e-07 0.00317126 0.00577341 5.45285e-06 0.807981 4.01645e-06 0.00175115 0.000158807 0.00442849 0.00013957 0.00208769 0.0627868 0.000208476 0.00158044 0.00600003 0.00371593 0.00960415 0.00329595 5.55437e-10 0.000725898 1.45427e-05 0.00175151 0.000156332 
0.0014547 6.26166e-10 0.0321545 0.0266818 0.0135449 0.0108221 6.74378e-07 0.00317126 0.00577341 5.45285e-06 0.807981 4.01645e-06 0.00175115 0.000158807 0.00442849 0.00013957 0.00208769 0.0627868 0.000208476 0.00158044 0.00600003 0.00371593 0.00960415 0.00329595 5.55437e-10 0.000725898 1.45427e-05 0.00175151 0.000156332 
0.0621713 3.11047e-05 0.00302557 0.0164034 0.0369091 0.0533996 1.42014e-05 4.95427e-05 0.0979542 0.000287532 0.217313 4.89398e-08 0.172183 0.0449223 0.000101278 0.000151415 0.1005 0.00174943 0.0067267 0.00281608 0.0694264 0.0887232 0.0105638 2.72055e-06 8.19814e-06 0.00439597 0.000557014 0.007316 0.00229702 
0.0722643 6.8331e-05 0.0149807 0.0347188 0.0554344 0.0252104 1.808e-05 0.00919234 0.00989264 3.47724e-06 0.392253 8.78545e-07 0.00510014 0.0123935 0.157315 0.0031069 0.00286729 0.0235788 0.00465056 0.00111613 0.121571 0.00547009 0.0341145 0.0103958 9.36579e-05 0.00144174 0.00050321 0.000376593 0.00186766 
0.102769 2.32605e-09 0.0029665 0.0716446 0.137073 0.096095 7.77495e-08 0.00306987 0.00911693 2.12441e-05 0.156817 8.3504e-07 0.00133972 0.00806836 0.0468413 0.0204378 0.00131761 0.0315104 0.002379 0.0206618 0.114384 0.010416 0.137392 0.00624977 1.07568e-11 1.35e-08 0.0148517 0.000594491 0.00398168 
0.0176448 1.54979e-10 0.0209659 0.0341632 0.0395323 0.0509093 1.95819e-07 0.0170387 0.00796759 3.0141e-06 0.440901 2.21998e-05 0.000920085 0.000527595 0.00099992 0.00114216 0.013254 0.0281524 0.00147694 0.0112635 0.167453 0.0922726 0.00502251 0.0309973 8.97135e-06 9.61423e-08 0.000116305 0.000102546 0.0171416 
0.150809 0.0014428 9.02551e-07 0.0917877 0.145304 0.127543 9.01529e-07 9.02249e-07 9.02627e-07 0.00189257 0.246577 9.01019e-07 0.0117317 0.00595753 9.01901e-07 9.02131e-07 0.117869 9.02089e-07 0.00866252 9.02473e-07 9.02376e-07 0.0617242 9.02572e-07 9.01921e-07 9.01082e-07 9.00768e-07 9.02459e-07 9.02329e-07 0.0286841 
0.005076 0.0624813 0.0357042 0.0025858 0.108057 0.0726518 2.61128e-05 0.000202661 0.055822 0.000120132 0.540688 4.32834e-06 0.00130509 0.0313508 2.80623e-05 0.000297951 0.0298016 0.000295113 4.29677e-05 0.00850352 0.00203041 0.0223743 0.00370892 1.74712e-05 7.47917e-07 1.16563e-06 2.2789e-05 0.0167879 1.20459e-05 
0.00439497 5.13951e-07 0.00279198 0.0544388 0.144539 0.0347872 1.15081e-06 0.0235864 0.00745348 5.95794e-06 0.448728 1.14928e-05 0.00218301 0.000343099 0.000451207 2.4408e-05 0.00724355 0.00128748 0.00469354 0.0839361 0.0355151 0.117414 0.023385 0.000830597 5.43296e-09 0.000391776 1.76346e-06 0.000864986 0.000694971 
0.0134868 1.55417e-05 0.0183492 0.0429361 0.038213 0.091581 4.22825e-05 0.0401567 0.0834885 1.92281e-05 0.213854 0.000696461 0.0195922 0.0398283 0.000563472 0.00317757 0.0351163 0.0124185 0.00190613 0.0135893 0.139422 0.0401601 0.136709 0.0015774 1.79508e-05 1.94023e-05 3.63771e-05 0.0106531 0.00237282 
0.00807173 5.74979e-07 0.0146699 0.0365904 0.0360564 0.134686 9.15899e-07 0.144586 0.0185981 6.61058e-05 0.518463 8.75361e-05 0.00319192 0.00121654 0.00269345 0.000281434 0.00888679 0.00219155 0.00346608 0.028582 0.00889281 0.0115048 0.00469621 0.000468973 3.94168e-09 1.65843e-05 1.43884e-05 0.0056797 0.00634046 
0.0268111 4.8105e-06 0.0110273 0.0837773 0.102117 0.156477 4.15962e-06 0.0143825 0.0409581 4.15225e-05 0.198436 0.0157934 0.00848326 0.00288741 0.000656234 0.000402634 0.0190156 0.00715615 0.020023 0.0659382 0.0351261 0.138283 0.0431314 0.00251498 0.000654172 0.00165527 0.00142537 0.00230402 0.000513471 
0.0216937 0.0180818 0.028322 0.0234131 0.0735563 0.147957 3.97628e-05 0.00668263 0.0422467 6.14225e-05 0.17472 0.00102065 0.00478053 0.0110707 0.000249732 0.00234007 0.155883 0.00384195 0.00100941 0.0611041 0.0397012 0.0404078 0.0453205 0.00249607 4.21101e-05 1.96552e-05 0.00312709 0.00770551 0.083106 
0.0175793 0.000669197 0.00954008 0.0439886 0.0601967 0.0999628 2.81065e-05 0.0434933 0.0589586 0.000402284 0.255025 0.000599605 0.0235402 0.0077305 0.00139208 0.00159908 0.0370845 0.0034207 0.000912526 0.189458 0.0379531 0.0475125 0.0439995 0.00338034 0.00136071 3.4016e-05 5.74892e-05 0.00602292 0.00409814 
0.00504222 0.000334328 0.0100394 0.0102197 0.146077 0.0279084 4.21751e-06 0.0109315 0.0312011 1.4341e-06 0.521198 0.000289565 0.00392258 0.00419249 0.000747848 0.00100814 0.0250718 0.000355771 0.00997295 0.00770688 0.00833062 0.0745524 0.0149528 0.00416053 1.18715e-08 2.49263e-08 0.00499616 0.00164418 0.0751375 
0.0014547 6.26166e-10 0.0321545 0.0266818 0.0135449 0.0108221 6.74378e-07 0.00317126 0.00577341 5.45285e-06 0.807981 4.01645e-06 0.00175115 0.000158807 0.00442849 0.00013957 0.00208769 0.0627868 0.000208476 0.00158044 0.00600003 0.00371593 0.00960415 0.00329595 5.55437e-10 0.000725898 1.45427e-05 0.00175151 0.000156332 
0.0177509 0.000375707 0.00207748 0.0380682 0.0378584 0.0604043 1.42442e-06 0.0394411 0.044298 0.00124103 0.240288 0.000259198 0.00590402 0.117981 0.000398461 0.00142355 0.048475 0.0162058 0.0155999 0.0458245 0.0255531 0.0219104 0.00427965 3.53503e-05 2.7192e-05 0.167992 8.38538e-06 0.00132343 0.0449947 
0.0287856 0.00111638 0.0119651 0.0300808 0.0500855 0.148742 0.000122251 0.0137716 0.0249049 9.40403e-06 0.332087 0.000229115 0.00537011 0.0194857 5.42817e-05 0.00312361 0.116412 0.00511427 0.0328712 0.0108754 0.0179972 0.012482 0.0808667 0.0189948 5.68531e-06 2.36904e-05 0.00090537 0.00998951 0.0235288 
0.0215748 8.72828e-05 0.00517484 0.0131059 0.0153058 0.0230124 5.7621e-05 0.011894 0.0132951 6.56622e-06 0.68716 0.00157381 0.00133179 0.00208888 0.000751104 0.0283654 0.0409743 0.00391504 0.000199887 0.00431256 0.00485854 0.00717314 0.0213958 0.0621093 7.78148e-08 6.16003e-06 0.0273144 0.00240781 0.000547148 
0.00209933 4.46859e-07 0.000272389 0.01854 0.00208917 0.0230643 5.19421e-05 0.0229093 0.015551 0.000121042 0.47556 4.04154e-06 0.00862801 0.173063 0.000873109 0.000124848 0.0112397 0.00110347 0.00717411 5.12352e-05 0.000629616 0.00560534 0.227045 0.00338861 4.77759e-07 1.83753e-05 2.77506e-06 0.000786228 2.97443e-06 
0.0239934 0.0022852 0.00480412 0.0466307 0.0932882 0.112661 0.000167758 0.019045 0.0271816 2.96963e-05 0.427246 0.0152651 0.00931329 0.00696606 0.00041715 0.00416928 0.0323402 0.00358171 0.00796697 0.0446181 0.0139603 0.0188019 0.0669577 0.00521816 8.76083e-05 0.00104733 0.00162925 0.00707895 0.00324869 
0.0711867 3.54032e-10 0.000280423 0.0398993 0.0143454 0.0927019 2.75903e-10 0.00514278 0.00705146 4.43758e-10 0.594069 6.50756e-06 0.0167148 0.000438985 1.61902e-07 0.000315467 0.0443767 0.0023579 0.0225293 0.0128018 0.000321112 0.0417732 0.00742373 0.00488575 3.78512e-10 4.49978e-10 3.94989e-05 0.000227859 0.0211099 
0.073748 6.05295e-09 0.00666102 0.129229 0.092965 0.0218763 2.33082e-06 0.0833189 0.0206157 1.25539e-05 0.304469 0.000315876 0.014288 0.000887409 0.000907548 0.0005338 0.00682333 0.0209176 0.0119694 0.00375316 0.0458946 0.0750937 0.0214755 0.052539 0.000194007 2.80586e-05 0.000118934 0.00100636 0.0103567 
0.0126127 0.000761835 0.0154386 0.029055 0.215049 0.108202 4.07454e-05 0.00666466 0.073724 5.81112e-05 0.301974 0.000792317 0.0152588 0.00555415 0.000371581 0.00107936 0.0110349 0.008777 0.00727105 0.031351 0.00618171 0.077796 0.0496521 0.00317839 9.72497e-06 0.00033541 1.60809e-05 0.0159654 0.00179341 
0.0104802 1.17995e-05 0.00554531 0.0215374 0.18389 0.100378 1.30577e-05 0.00531686 0.011185 0.000113276 0.237373 0.00622525 0.00210037 0.00717177 0.000301865 0.000938261 0.0535993 0.0037858 0.0021219 0.0592323 0.191481 0.0277281 0.023187 0.00451912 4.83007e-08 0.000187597 2.8715e-05 0.00203974 0.0395081 
0.0225598 9.40117e-05 0.0101908 0.0244289 0.0369682 0.105366 1.11924e-06 0.00868386 0.0371038 3.51788e-05 0.476129 2.57225e-05 0.0157953 0.0259835 3.79963e-05 0.000714022 0.0340082 0.0192006 0.00356457 0.0327903 0.0262069 0.0483897 0.0237867 0.0094837 6.04876e-07 0.000323516 7.39334e-05 0.00647882 0.0315757 
0.0014547 6.26166e-10 0.0321545 0.0266818 0.0135449 0.0108221 6.74378e-07 0.00317126 0.00577341 5.45285e-06 0.807981 4.01645e-06 0.00175115 0.000158807 0.00442849 0.00013957 0.00208769 0.0627868 0.000208476 0.00158044 0.00600003 0.00371593 0.00960415 0.00329595 5.55437e-10 0.000725898 1.45427e-05 0.00175151 0.000156332 
0.0903748 3.55289e-05 0.00209035 0.0388069 0.0289869 0.139704 2.58856e-08 0.0137218 0.0259993 7.36769e-05 0.183046 1.73832e-05 0.00231833 0.0620577 6.68306e-05 0.00118721 0.00953398 0.0954426 0.0171238 0.0324703 0.155486 0.00854342 0.0871312 0.000345774 4.02271e-11 0.00401588 5.96519e-05 0.001209 0.000152061 
0.0101672 3.19444e-05 0.162454 0.0274251 0.0455835 0.0578781 5.61559e-05 0.00443304 0.0726523 0.000376678 0.395487 8.42275e-05 0.0108805 0.00981541 0.00219682 0.000727321 0.0177329 0.00265136 0.0502173 0.0584306 0.00185127 0.0167523 0.0176953 0.0216004 7.26554e-10 9.54442e-06 2.62512e-05 0.00942735 0.00335601 
0.00106372 1.13104e-07 0.00582628 0.0104442 0.0750349 0.00589949 4.21734e-07 0.00143575 0.00142449 6.53354e-06 0.843776 2.29516e-06 0.00073364 0.000516185 0.000592735 2.57055e-05 0.00198793 0.0110035 0.00178506 0.000118899 0.00373552 0.00485981 0.0264251 0.0015634 4.56604e-09 0.000543423 3.75209e-06 0.000935834 0.000255739 
0.0014547 6.26166e-10 0.0321545 0.0266818 0.0135449 0.0108221 6.74378e-07 0.00317126 0.00577341 5.45285e-06 0.807981 4.01645e-06 0.00175115 0.000158807 0.00442849 0.00013957 0.00208769 0.0627868 0.000208476 0.00158044 0.00600003 0.00371593 0.00960415 0.00329595 5.55437e-10 0.000725898 1.45427e-05 0.00175151 0.000156332 
0.0851707 2.02167e-05 0.00277606 0.0507865 0.0204034 0.0526376 1.98565e-06 0.00168084 0.0115864 7.23394e-06 0.400586 1.85104e-06 0.00853995 0.0133232 0.000121155 0.00143253 0.00382361 0.0349825 0.00973061 0.00173646 0.26167 0.0051297 0.0283688 0.00120948 0.000164448 0.0021489 3.6279e-05 9.80472e-05 0.00182581 
0.165314 0.00130865 0.00231038 0.038881 0.0615189 0.0421712 1.26812e-05 0.0407935 0.0164094 0.000374422 0.389889 0.000216409 0.00387223 0.00567784 0.00022685 0.00768046 0.0138292 0.00691811 0.0205458 0.0526663 0.0237485 0.0261037 0.0552879 0.00559261 6.28921e-10 2.02915e-05 0.0157284 0.00192463 0.000978571 
0.0210201 5.62281e-06 0.00858605 0.0427988 0.0877754 0.122836 0.000526032 0.00350808 0.0855405 2.00195e-05 0.359785 0.000130151 0.0276164 0.00965043 8.16436e-05 0.000950404 0.0649855 0.00304005 0.000564838 0.00566504 0.0170013 0.0091403 0.0948078 0.0144615 4.14012e-11 2.29935e-06 7.19451e-05 0.0115152 0.00791296 
0.0014547 6.26166e-10 0.0321545 0.0266818 0.0135449 0.0108221 6.74378e-07 0.00317126 0.00577341 5.45285e-06 0.807981 4.01645e-06 0.00175115 0.000158807 0.00442849 0.00013957 0.00208769 0.0627868 0.000208476 0.00158044 0.00600003 0.00371593 0.00960415 0.00329595 5.55437e-10 0.000725898 1.45427e-05 0.00175151 0.000156332 
0.0535724 0.000341697 0.0205979 0.0397483 0.108455 0.0779644 0.000193979 0.0134649 0.0568423 0.000165456 0.229467 0.000451657 0.0100386 0.0132411 0.00764107 0.00848518 0.0737952 0.0156137 0.0110764 0.0425712 0.0872673 0.0409604 0.036734 0.0107905 0.000577859 0.000568942 0.00478963 0.00779226 0.0267916 
0.0582096 5.36375e-07 3.42934e-05 0.0310482 0.0147127 0.0656702 3.7814e-06 0.0030456 0.0238852 0.000651662 0.266173 0.000152085 8.8351e-05 0.206381 0.00115469 0.000336756 0.0137435 0.00120742 0.0106657 0.0127838 0.0902806 0.0166811 0.0877531 6.86273e-08 2.6757e-07 0.0948758 6.74575e-05 0.000392897 1.08448e-06 
0.0678593 1.28112e-05 0.00805865 0.144259 0.0340655 0.0627605 3.3329e-05 0.0200918 0.0411097 0.000193892 0.297899 0.000143799 0.00854848 0.0149442 0.000305356 0.0251173 0.105026 0.00187661 0.000437699 0.0800151 0.0301912 0.0121009 0.0149605 0.01205 1.25405e-07 4.38571e-05 0.00169633 0.00154667 0.014653 
0.0112755 1.90683e-05 0.00320348 0.0152596 0.164658 0.193168 5.82434e-08 0.000213379 0.0470602 2.95255e-06 0.231564 2.29373e-05 0.0098418 0.000860536 0.000112167 0.000149691 0.0228944 0.000899535 0.000174489 0.0176467 0.0259629 0.0319218 0.0146281 0.000624799 2.40659e-10 2.86097e-10 4.37256e-06 0.00289502 0.204937 
0.0014547 6.26166e-10 0.0321545 0.0266818 0.0135449 0.0108221 6.74378e-07 0.00317126 0.00577341 5.45285e-06 0.807981 4.01645e-06 0.00175115 0.000158807 0.00442849 0.00013957 0.00208769 0.0627868 0.000208476 0.00158044 0.00600003 0.00371593 0.00960415 0.00329595 5.55437e-10 0.000725898 1.45427e-05 0.00175151 0.000156332 
0.0109757 4.5102e-08 0.0069818 0.266862 0.038369 0.117099 5.95563e-06 0.0064951 0.007809 1.38492e-05 0.31164 0.00121558 0.00205528 0.00213613 0.00271095 0.000381127 0.0209346 0.0069246 0.00199114 0.031907 0.107804 0.00951885 0.017269 0.0184395 6.35519e-07 5.11097e-05 1.74619e-05 0.000869588 0.00952196 
0.00160282 0.000242375 0.0123663 0.00666114 0.00764455 0.00243216 0.26981 0.00319325 0.00403722 0.000157816 0.44761 5.1214e-06 0.00392329 0.0203001 0.000528731 0.000876404 0.0111523 0.00421342 2.25863e-08 0.0126863 0.0483705 0.00126907 0.0153559 0.00447255 8.46044e-09 0.118958 0.00102828 0.000928276 0.000173797 
0.0131347 0.000501443 0.0121735 0.0386486 0.0527381 0.0384682 4.76239e-05 0.00200445 0.0206362 2.6055e-05 0.505054 2.11815e-05 0.00111397 0.00783024 0.000134074 0.00134314 0.113765 0.034913 0.00113068 0.0395493 0.0167335 0.0263842 0.048774 0.0043068 5.13637e-09 1.85332e-05 0.000152822 0.00543892 0.0149579 
0.0245853 3.13386e-05 0.0280552 0.033531 0.0398744 0.193979 0.0220529 0.0352475 0.0173394 0.000123959 0.267554 0.00266692 0.0083437 0.027118 0.00299084 0.00451855 0.0092595 0.011169 0.00341046 0.100978 0.0955318 0.0171738 0.0285725 0.00266261 0.00201531 0.00792534 0.00029066 0.00171266 0.0112863 
0.000453625 0.0886215 0.0535559 0.000272443 0.0809467 0.0599129 3.91305e-05 0.000303942 0.0837326 7.85092e-05 0.512332 6.47389e-06 0.000790583 0.0440775 4.2062e-05 0.000446829 0.0125459 0.000442581 9.62573e-09 0.012755 0.00304547 0.014792 0.00556327 2.61876e-05 4.96859e-07 8.51949e-07 3.41633e-05 0.0251814 1.02474e-09 
0.0141334 3.39248e-12 0.00226687 0.0848701 0.053563 0.0492425 2.64382e-12 0.0012642 0.000488066 4.25227e-12 0.521851 1.44905e-08 0.000267511 0.00178895 0.000157582 0.00163951 0.00186996 0.0210112 0.00215458 0.00127216 0.196978 0.0426256 0.00217824 9.07319e-06 3.62706e-12 4.31188e-12 0.000143848 0.000224294 3.11849e-08 
0.0248241 0.000257928 0.00396068 0.00412739 0.0200715 0.0805751 0.00113512 0.000344956 0.0751783 0.00011488 0.540379 2.60337e-07 0.00241328 0.05253 3.26213e-05 0.012402 0.131325 0.00146213 0.00375056 0.00498191 0.00387997 0.001699 0.0187512 3.93718e-05 3.22645e-08 3.76479e-05 0.00013526 0.0152168 0.000374487 
0.0982635 0.00176227 0.0148232 0.0348412 0.00781115 0.178748 6.56843e-05 0.0505195 0.00742246 1.9243e-05 0.202284 6.28726e-06 0.00282047 0.00466087 0.000492705 0.00039952 0.0122307 0.119696 0.00437343 0.140124 0.0432933 0.0190941 0.0449345 0.00108563 1.23215e-07 0.000324469 2.93462e-05 0.000482321 0.00939173 
0.0276511 0.00918802 0.0412247 0.0297033 0.101605 0.158006 0.000234184 0.00998441 0.0544213 4.03703e-05 0.283402 6.61488e-05 0.00825175 0.0446921 0.000609329 0.000529544 0.0689307 0.0179227 0.000530079 0.0327827 0.00595337 0.0227926 0.0317915 0.00660119 0.00157487 1.6689e-05 5.75293e-05 0.0359747 0.00546245 
0.0445112 0.00360039 0.018326 0.00537929 0.0178339 0.0176047 0.000114915 0.0287305 0.0677919 4.72218e-05 0.189728 1.46078e-05 0.0371066 0.131287 0.000826869 0.00269976 0.0827724 0.00270892 0.0231966 0.117524 0.0257092 0.088997 0.0693754 0.00038149 1.64019e-05 0.0221831 5.60153e-05 0.000942926 0.000534455 
0.0851707 2.02167e-05 0.00277606 0.0507865 0.0204034 0.0526376 1.98565e-06 0.00168084 0.0115864 7.23394e-06 0.400586 1.85104e-06 0.00853995 0.0133232 0.000121155 0.00143253 0.00382361 0.0349825 0.00973061 0.00173646 0.26167 0.0051297 0.0283688 0.00120948 0.000164448 0.0021489 3.6279e-05 9.80472e-05 0.00182581 
0.0524647 4.10005e-10 0.000626373 0.0708766 0.00848262 0.0312914 2.05074e-05 0.0371613 0.0884418 6.6287e-07 0.576686 4.42915e-08 0.0045956 0.0132691 1.99219e-07 0.000340406 0.00976008 0.000241969 0.0126316 0.0081596 0.0481644 0.0150427 0.0143218 6.94168e-06 0.0039792 5.21121e-10 1.52499e-05 0.00298612 0.000433523 
0.0373541 0.00103892 0.0537361 0.0581244 0.0173177 0.061422 3.26248e-05 0.0141462 0.020779 0.00016083 0.257387 9.02387e-05 0.00299417 0.0294131 0.000484168 0.00211569 0.0176314 0.177442 0.0322168 0.0371555 0.105549 0.0128301 0.0490477 0.00152034 1.22659e-06 0.00311192 0.00260549 0.00297518 0.00131727 
0.0336839 0.0052521 0.0309216 0.0183535 0.119523 0.134219 1.04911e-05 0.00687009 0.0391426 0.000327198 0.238633 9.15477e-05 0.00906144 0.0199715 0.000491411 0.000880354 0.0241535 0.00114568 0.00805719 0.139463 0.00411205 0.0693614 0.052944 0.00114929 0.00471555 0.00656776 0.00535795 0.0109406 0.0145997 
0.0596003 3.812e-07 0.034823 0.0722291 0.0318504 0.0548562 9.50104e-07 0.0106754 0.0316465 0.00475817 0.154799 4.67904e-05 0.00590087 0.0861637 0.00630506 0.00281707 0.0415392 0.0130125 0.124693 0.144909 0.000764165 0.0468163 0.0217787 0.01729 0.000146865 0.00129374 0.000277651 0.000869148 0.0301372 
0.000506169 3.53582e-06 0.0001277 0.00045239 0.01253 0.0235358 7.63547e-06 9.3838e-05 0.000484987 2.52685e-05 0.706906 4.78543e-06 7.22484e-05 0.00115198 5.33179e-05 0.000130967 0.0640121 0.00010742 2.4899e-06 0.000318376 0.00284135 0.000488413 0.00758112 0.178123 4.44306e-08 1.91572e-06 2.13801e-05 3.6619e-05 0.000379379 
0.00730327 3.20789e-08 0.00336677 0.0212651 0.00263974 0.00714059 3.92263e-08 0.00192161 0.000257941 1.0218e-07 0.661585 3.67448e-06 0.000326269 0.000340851 6.48883e-05 0.000102781 0.000714276 0.169525 0.000356417 0.000355127 0.115964 0.00311622 0.00294678 4.18249e-05 2.86046e-08 0.000589603 7.52027e-06 6.36923e-05 2.42886e-07 
0.0014547 6.26166e-10 0.0321545 0.0266818 0.0135449 0.0108221 6.74378e-07 0.00317126 0.00577341 5.45285e-06 0.807981 4.01645e-06 0.00175115 0.000158807 0.00442849 0.00013957 0.00208769 0.0627868 0.000208476 0.00158044 0.00600003 0.00371593 0.00960415 0.00329595 5.55437e-10 0.000725898 1.45427e-05 0.00175151 0.000156332 
0.0147785 4.79266e-09 0.00180938 0.0164353 0.00509965 0.0286165 5.91817e-09 0.00424517 0.0175337 1.55172e-08 0.653221 1.59432e-08 4.11066e-08 2.21374e-08 3.06118e-08 0.000150777 0.0774103 0.0149389 9.12795e-09 0.0143555 0.0625445 0.010079 0.0769222 0.00118287 4.25052e-09 2.20615e-07 4.75708e-06 0.00018958 0.000482 
0.0014547 6.26166e-10 0.0321545 0.0266818 0.0135449 0.0108221 6.74378e-07 0.00317126 0.00577341 5.45285e-06 0.807981 4.01645e-06 0.00175115 0.000158807 0.00442849 0.00013957 0.00208769 0.0627868 0.000208476 0.00158044 0.00600003 0.00371593 0.00960415 0.00329595 5.55437e-10 0.000725898 1.45427e-05 0.00175151 0.000156332 
0.040849 7.70009e-05 4.51397e-05 0.0397363 0.130109 0.0210021 3.76864e-06 0.0176289 0.0712816 1.02638e-06 0.443144 8.86393e-05 0.0136787 0.00301651 0.00568869 0.00318284 0.00693005 0.00571739 0.000180178 0.0100412 0.137328 0.00206047 0.0295695 0.00630327 3.06949e-11 8.19021e-08 1.35323e-05 0.00489256 0.00743124 
0.147741 3.03228e-10 9.76448e-06 0.148844 0.0150071 0.0979032 1.08761e-06 0.00967429 0.07197 1.07581e-05 0.166162 3.36566e-10 5.43173e-07 0.0163417 5.06692e-05 0.00222108 0.0492509 2.40795e-07 1.28576e-07 0.107188 0.05919 0.0964006 0.00449088 1.59079e-10 3.24196e-10 2.86847e-08 3.11002e-07 0.00160052 0.00594003 
0.0075702 0.000153235 2.67963e-05 0.000860059 0.0479809 0.0319683 1.46776e-06 0.000110222 0.0242141 2.52112e-07 0.715763 0.00271924 0.012974 0.0266465 2.12689e-05 3.77662e-05 0.0374475 0.00283531 0.0010361 0.00261818 0.000443361 0.0746579 0.000493728 0.00177888 1.9013e-07 2.21073e-09 0.000538541 0.000245647 0.00685705 
0.0014547 6.26166e-10 0.0321545 0.0266818 0.0135449 0.0108221 6.74378e-07 0.00317126 0.00577341 5.45285e-06 0.807981 4.01645e-06 0.00175115 0.000158807 0.00442849 0.00013957 0.00208769 0.0627868 0.000208476 0.00158044 0.00600003 0.00371593 0.00960415 0.00329595 5.55437e-10 0.000725898 1.45427e-05 0.00175151 0.000156332 
0.0014547 6.26166e-10 0.0321545 0.0266818 0.0135449 0.0108221 6.74378e-07 0.00317126 0.00577341 5.45285e-06 0.807981 4.01645e-06 0.00175115 0.000158807 0.00442849 0.00013957 0.00208769 0.0627868 0.000208476 0.00158044 0.00600003 0.00371593 0.00960415 0.00329595 5.55437e-10 0.000725898 1.45427e-05 0.00175151 0.000156332 
0.00831259 1.32519e-11 0.00289859 0.025451 0.00271834 0.0587013 0.00116099 0.00253519 0.0115825 1.66105e-11 0.634516 1.22876e-07 0.00248043 0.002176 1.73894e-05 0.000701208 0.00781773 0.00283639 0.000713691 0.140403 0.0642387 0.00679808 0.0180748 5.47794e-09 1.41683e-11 3.25245e-05 4.61266e-07 0.0032787 0.00255475 
0.201386 1.64489e-05 0.00486027 0.0217128 0.00443487 0.0337458 7.63115e-05 0.0076879 0.0224129 0.000103756 0.240262 4.38172e-06 0.000776441 0.125128 0.00227807 0.000449434 0.107438 0.00436293 9.13542e-06 0.0120578 0.106317 0.00310244 0.0317447 0.00891493 1.17932e-06 6.04296e-05 0.00713444 0.0477201 0.00580136 
0.035381 0.000830286 0.0167165 0.0361656 0.0791252 0.127488 8.10202e-05 0.0238703 0.0427784 0.00021831 0.268558 0.00105373 0.00979692 0.0116801 0.000718014 0.00455973 0.0395391 0.00614799 0.00525554 0.0741343 0.0360375 0.0704382 0.0484164 0.00873258 0.000213364 0.000883549 0.00161514 0.00763155 0.0419329 
0.0014547 6.26166e-10 0.0321545 0.0266818 0.0135449 0.0108221 6.74378e-07 0.00317126 0.00577341 5.45285e-06 0.807981 4.01645e-06 0.00175115 0.000158807 0.00442849 0.00013957 0.00208769 0.0627868 0.000208476 0.00158044 0.00600003 0.00371593 0.00960415 0.00329595 5.55437e-10 0.000725898 1.45427e-05 0.00175151 0.000156332 
0.0123774 1.5158e-10 0.0460245 0.137092 0.0074623 0.0327574 6.74608e-08 0.00665712 0.0248516 0.000328242 0.361314 3.41447e-05 0.00285626 0.000638788 0.000195342 2.3161e-05 0.00355793 0.166764 0.00455079 0.00028983 0.110703 0.0118422 0.0584596 0.000939377 1.78209e-06 0.000115318 6.29594e-06 0.00998057 0.000176454 
0.0233639 8.88541e-11 4.12448e-05 0.120597 0.139375 0.240008 2.00766e-05 0.00593103 0.00588868 1.21309e-05 0.324784 0.000102934 0.0154679 0.00155499 0.000475483 0.000318262 0.0381918 0.00548844 0.0241981 0.00746931 1.50441e-07 0.0218836 0.00662634 0.00702859 9.49982e-11 1.97491e-07 1.53855e-05 0.000612369 0.0105454 
0.057231 3.70741e-09 0.00201059 0.0341774 0.0160241 0.0846241 1.43137e-06 0.0303287 0.00805835 7.01998e-06 0.520518 1.8364e-07 0.00630721 0.00479754 0.000554119 2.71216e-05 0.00601263 0.00395547 0.0051791 0.00250726 0.0818611 0.12483 0.00656202 0.000331664 3.96377e-09 2.75417e-07 2.34993e-05 0.00375695 0.000313232 
0.00391023 0.000140242 0.0190968 0.0070595 0.105173 0.0495793 2.37238e-05 0.000501537 0.0383191 4.14669e-05 0.544516 6.50929e-05 0.00906883 0.0162241 0.000423748 0.00088416 0.089185 0.000632889 0.00156291 0.00600844 0.0045666 0.0577061 0.00493085 0.0032158 1.01338e-08 2.05584e-08 0.00968211 0.00882109 0.0186615 
0.0112264 1.65821e-06 7.96697e-06 0.0245031 0.102561 0.0825467 1.60561e-06 0.0150078 0.0352025 1.11065e-07 0.205133 1.24896e-07 0.128659 0.000278703 1.50277e-05 0.00342953 0.0990301 0.000519238 0.00159273 0.0313932 0.00242911 0.122353 0.000930766 0.00288891 4.98717e-10 5.47093e-05 4.55255e-05 0.00035838 0.12983 
0.0175882 4.12546e-05 0.00249512 0.0566368 0.0505505 0.0511134 6.30015e-06 0.00663383 0.0163647 1.62302e-05 0.274317 3.19416e-06 0.00429017 0.00387537 7.53908e-05 0.000159516 0.00356057 0.000928172 0.23044 0.158047 0.000164556 0.0626457 0.00431948 0.00775728 1.65919e-05 0.0243092 2.7559e-05 0.00120549 0.0224122 
0.0014547 6.26166e-10 0.0321545 0.0266818 0.0135449 0.0108221 6.74378e-07 0.00317126 0.00577341 5.45285e-06 0.807981 4.01645e-06 0.00175115 0.000158807 0.00442849 0.00013957 0.00208769 0.0627868 0.000208476 0.00158044 0.00600003 0.00371593 0.00960415 0.00329595 5.55437e-10 0.000725898 1.45427e-05 0.00175151 0.000156332 
0.00533289 0.0239586 0.0144074 0.00298799 0.268228 0.141867 3.49466e-05 0.000435182 0.0395795 0.000111128 0.364092 6.37615e-06 0.00136637 0.0295295 8.52943e-05 0.000963939 0.0320403 0.000716607 8.77102e-05 0.028559 0.005125 0.0147932 0.0146134 1.31846e-05 3.67536e-07 6.02745e-07 2.33642e-05 0.00913837 0.00190319 
0.0171271 0.0390177 0.0167454 0.0262576 0.0189096 0.0997132 4.60305e-05 0.0340892 0.114634 0.000107603 0.258022 1.09322e-05 0.00241858 0.0129038 0.000618939 0.000741139 0.0385724 0.0153908 0.000810519 0.0353114 0.0278651 0.167316 0.0623178 0.000341719 0.000199655 5.86089e-06 0.00263668 0.00715781 0.000711544 
0.0128832 1.61385e-05 0.0355256 0.0416751 0.112936 0.0547535 1.9907e-05 0.00647969 0.0750246 3.06745e-05 0.278012 0.0234816 0.00729005 0.015543 0.00181855 0.00213532 0.0984027 0.00255999 0.00634173 0.0177799 0.00290182 0.0755502 0.0167313 0.00404151 0.00261174 2.17048e-05 0.00227902 0.0992779 0.00387612 
0.153524 0.00134893 0.00671076 0.129276 0.0431204 0.0599503 2.32254e-06 0.0459961 0.019865 0.000538161 0.155044 8.97886e-05 0.0131021 0.0131298 0.00164763 0.00305759 0.0270275 0.100394 0.0647145 0.0269742 0.0101598 0.00829996 0.0747472 0.0308898 9.41405e-06 0.000443021 0.000672308 0.00326495 0.00600075 
0.0172404 0.00162415 0.0113515 0.0148101 0.115703 0.0812782 4.18204e-05 0.0109642 0.0674924 8.53734e-05 0.178434 0.000131727 0.0827519 0.0119297 0.000712106 0.00290229 0.0594032 0.00269969 0.00123825 0.0530325 0.015557 0.155226 0.0792103 0.00207766 8.78277e-07 2.71355e-06 0.00177465 0.0109705 0.0213544 
0.005076 0.0624813 0.0357042 0.0025858 0.108057 0.0726518 2.61128e-05 0.000202661 0.055822 0.000120132 0.540688 4.32834e-06 0.00130509 0.0313508 2.80623e-05 0.000297951 0.0298016 0.000295113 4.29677e-05 0.00850352 0.00203041 0.0223743 0.00370892 1.74712e-05 7.47917e-07 1.16563e-06 2.2789e-05 0.0167879 1.20459e-05 
0.0014547 6.26166e-10 0.0321545 0.0266818 0.0135449 0.0108221 6.74378e-07 0.00317126 0.00577341 5.45285e-06 0.807981 4.01645e-06 0.00175115 0.000158807 0.00442849 0.00013957 0.00208769 0.0627868 0.000208476 0.00158044 0.00600003 0.00371593 0.00960415 0.00329595 5.55437e-10 0.000725898 1.45427e-05 0.00175151 0.000156332 
0.133408 2.65821e-07 0.000169118 0.0546143 0.0374801 0.12493 4.34968e-08 0.0040207 0.0494551 2.93458e-07 0.150678 6.86094e-06 0.0624589 0.00147341 0.000191987 0.014055 0.150104 0.00124034 0.0170231 0.0169277 0.00791084 0.0452691 0.00790346 0.0116345 2.79213e-08 0.000115203 8.87873e-08 0.0136789 0.0952515 
0.0014547 6.26166e-10 0.0321545 0.0266818 0.0135449 0.0108221 6.74378e-07 0.00317126 0.00577341 5.45285e-06 0.807981 4.01645e-06 0.00175115 0.000158807 0.00442849 0.00013957 0.00208769 0.0627868 0.000208476 0.00158044 0.00600003 0.00371593 0.00960415 0.00329595 5.55437e-10 0.000725898 1.45427e-05 0.00175151 0.000156332 
0.0537494 0.000337755 0.00844132 0.0447154 0.0864653 0.195379 6.89143e-06 0.0118791 0.0399603 2.74425e-05 0.199233 0.000237089 0.0357914 0.0156958 0.000354297 0.000794487 0.0632789 0.000848401 0.00400179 0.0339885 0.00418785 0.0247864 0.0232632 0.086988 1.51574e-09 7.5896e-06 0.000150156 0.0276127 0.0378184 
0.00191565 0.000383223 0.02069 0.0124082 0.0913222 0.0345394 1.66298e-05 0.0273642 0.0254608 0.000426429 0.474763 0.000346424 0.000786934 0.00490362 6.45939e-05 5.27024e-05 0.0218351 0.00938007 0.000816911 0.00610892 0.168429 0.0234158 0.0246758 0.00454501 0.000483555 0.000578271 3.84337e-05 0.0398153 0.00443418 
0.0501826 1.50511e-05 0.0126752 0.123033 0.169583 0.0617083 1.12765e-05 0.00706507 0.0243502 0.000114815 0.299348 0.000423856 0.00180362 0.00972161 0.000627241 0.00220383 0.0500373 0.00633735 0.00936034 0.0458465 0.0180528 0.0150779 0.0295665 0.0539636 3.7574e-05 2.50577e-06 0.000510098 0.00536792 0.00297261 
0.00207803 2.43373e-06 0.00845959 0.0390839 0.0372505 0.0233801 0.000138415 0.00435281 0.0200929 1.80533e-06 0.735794 3.76608e-06 0.00136108 0.00189215 0.00027468 0.000430109 0.0385198 0.0100057 4.41606e-06 0.0198218 0.0193308 0.00904409 0.0250903 0.00160764 1.26524e-09 0.000109781 9.06611e-06 0.00131435 0.000546097 
0.0607666 0.00714658 0.0211219 0.00672362 0.0250543 0.110827 7.78811e-06 0.0383738 0.0641966 8.48181e-05 0.317491 0.000899767 0.00730331 0.00962536 0.000710005 0.0121425 0.0665961 0.00270484 0.00533921 0.077243 0.0490878 0.0605363 0.0317574 0.000615633 5.64268e-05 3.07592e-07 0.000129408 0.0122323 0.0112263 
0.00389651 0.00059071 0.00017153 0.00508967 0.0186883 0.233307 9.55016e-06 0.000664571 0.0276521 7.1941e-05 0.276084 5.90467e-05 0.00359636 0.0905422 5.3763e-07 0.004198 0.0758052 0.000476701 0.000131317 0.0232943 0.131216 0.0386829 0.038729 1.43242e-05 7.26439e-09 1.17904e-05 1.60218e-07 0.0251384 0.00187806 
0.00107492 0.000402727 0.00254286 0.00318394 0.124702 0.091752 2.47431e-06 0.000279679 0.00373741 3.49967e-06 0.702263 1.89629e-06 0.000251693 0.00477149 6.34782e-06 9.73594e-05 0.0333821 0.000192513 0.000411301 0.000600405 0.00203272 0.0174506 0.00278779 0.0010573 3.4049e-12 1.10724e-08 2.57912e-05 0.000273685 0.00671328 
0.0010674 2.27159e-07 0.00583561 0.0104561 0.160322 0.00643619 5.92313e-07 0.00144197 0.00142741 7.74476e-06 0.758388 2.87193e-06 0.000737989 0.000518464 0.000322731 2.66829e-05 0.00199237 0.0110476 0.00179388 0.000120346 0.00374737 0.00486839 0.0264397 0.00157173 8.53155e-08 0.000556237 3.96179e-06 0.000606384 0.000259726 
0.0014547 6.26166e-10 0.0321545 0.0266818 0.0135449 0.0108221 6.74378e-07 0.00317126 0.00577341 5.45285e-06 0.807981 4.01645e-06 0.00175115 0.000158807 0.00442849 0.00013957 0.00208769 0.0627868 0.000208476 0.00158044 0.00600003 0.00371593 0.00960415 0.00329595 5.55437e-10 0.000725898 1.45427e-05 0.00175151 0.000156332 
0.00908152 0.0117335 0.0310458 0.0235384 0.0860614 0.0888525 0.000103057 0.00369114 0.0493729 1.72078e-05 0.504116 0.00039772 0.00171394 0.0113731 0.000131803 0.00181348 0.0579325 0.00143684 0.00438235 0.00890985 0.00728737 0.0184175 0.0345846 0.00209327 1.24683e-11 3.0901e-05 0.000116779 0.0331968 0.00856781 
0.0137509 8.65486e-05 0.0199597 0.0342648 0.0501642 0.111315 5.55989e-06 0.00184315 0.020538 7.43334e-06 0.482578 6.01271e-05 0.0028865 0.00509919 0.000896154 0.00277093 0.172569 0.00391844 0.000548869 0.0161161 0.00694577 0.0221668 0.0247578 0.00068847 3.86242e-09 8.46776e-12 2.7341e-05 0.00157538 0.00445899 
0.0014547 6.26166e-10 0.0321545 0.0266818 0.0135449 0.0108221 6.74378e-07 0.00317126 0.00577341 5.45285e-06 0.807981 4.01645e-06 0.00175115 0.000158807 0.00442849 0.00013957 0.00208769 0.0627868 0.000208476 0.00158044 0.00600003 0.00371593 0.00960415 0.00329595 5.55437e-10 0.000725898 1.45427e-05 0.00175151 0.000156332 
0.0651342 0.00115511 0.00890498 0.0509149 0.0816547 0.155129 1.38983e-05 0.0371159 0.036765 0.000152478 0.25844 8.72004e-05 0.00822996 0.0132631 0.00544942 0.00216066 0.060923 0.00737592 0.00801316 0.0976491 0.0145628 0.0169945 0.0329203 0.00689388 4.17649e-07 0.00127233 0.000489625 0.00361151 0.0247237 
0.0545212 5.34437e-05 0.000166777 0.0111426 0.0593095 0.0636339 0.000475066 0.0401143 0.123884 8.38213e-06 0.24378 6.32829e-05 0.00262273 0.0208303 0.000144286 0.00803773 0.0862104 0.0309147 0.000403994 0.0221681 0.0858657 0.0775698 0.0105824 0.0426732 1.20855e-08 1.23584e-05 6.14436e-06 0.0027548 0.0120504 
0.0014547 6.26166e-10 0.0321545 0.0266818 0.0135449 0.0108221 6.74378e-07 0.00317126 0.00577341 5.45285e-06 0.807981 4.01645e-06 0.00175115 0.000158807 0.00442849 0.00013957 0.00208769 0.0627868 0.000208476 0.00158044 0.00600003 0.00371593 0.00960415 0.00329595 5.55437e-10 0.000725898 1.45427e-05 0.00175151 0.000156332 
0.0435517 0.000385409 0.0779434 0.0120693 0.0200611 0.0205717 0.000308739 0.0146495 0.0252515 1.20084e-06 0.342919 0.00264929 0.00147353 0.0150391 7.76181e-06 0.00524711 0.107761 0.0348751 3.74886e-06 0.0959843 0.0665108 0.0145986 0.0679016 0.00278349 2.65401e-10 9.28435e-06 0.000715256 0.00972248 0.0170053 
0.00380835 2.36575e-10 0.0155823 0.00633083 0.0449671 0.0062534 0.000182878 0.00840423 0.222298 1.89729e-08 0.324394 0.0021 0.0395048 0.0137949 0.000177919 5.59175e-05 0.0426646 0.0038765 0.00032464 0.0149369 0.00355773 0.0366578 0.187747 0.000476333 2.52933e-10 9.30896e-05 1.00312e-05 0.0198297 0.00197098 
