0.00965512 8.20166e-07 0.000168741 0.0010205 0.00521769 0.000662367 6.96059e-09 1.29284e-07 0.0382384 3.35679e-07 0.00176727 6.32077e-11 0.889128 0.0117651 0.000133786 8.26887e-06 0.00967177 3.75591e-07 0.00191497 0.0045479 2.62938e-05 0.0228236 5.80372e-12 0.000144149 6.08846e-11 7.23801e-11 1.37504e-08 0.00301502 8.92058e-05 
0.0993215 2.97005e-06 6.17586e-05 0.0195225 0.0134011 0.143594 7.64498e-07 0.00144414 0.0176845 5.10762e-06 0.0608969 3.34361e-06 0.262251 0.000826549 0.000870737 0.00504399 0.104245 0.00044771 0.0331325 0.00605627 0.00286329 0.0161849 0.00282876 0.0340004 2.51849e-07 4.50899e-05 4.636e-05 0.00490381 0.170314 
0.0301682 0.00897868 0.00401067 0.00654934 0.0085546 0.0521292 3.47239e-05 0.000180703 0.0304996 3.91323e-05 0.00576084 4.12061e-07 0.62079 0.105554 0.000206309 0.000243671 0.0405202 0.00569857 0.00881372 0.0288156 0.00275332 0.0195863 0.0161313 0.000826085 2.77404e-07 0.00078258 4.25946e-05 0.00197236 0.000357671 
0.0283327 7.75061e-06 0.00166071 0.198646 0.00353396 0.0409619 6.99611e-05 0.000120402 0.169117 0.00236828 0.0255579 3.62866e-05 0.277762 0.100819 7.2235e-05 0.00172842 0.0522156 0.00714918 0.0394265 0.00536778 0.000380479 0.0250454 0.016978 0.000246224 3.8336e-06 2.12331e-05 0.000100861 0.00219231 7.82627e-05 
0.0148984 0.00253303 0.000903185 0.00622217 0.00654364 0.020293 5.02504e-06 6.71654e-05 0.25561 4.6348e-05 0.000943571 2.58987e-05 0.583839 0.015898 0.000168706 0.0105554 0.00280147 0.00818502 0.000409099 0.00262012 5.47784e-05 0.0260246 0.000690343 0.000316825 7.08632e-07 4.13563e-08 4.91048e-06 0.0401751 0.000164127 
0.0277247 0.000158147 0.00221988 0.00601796 0.258005 0.0509653 3.96441e-05 0.00150023 0.0275653 0.0010395 0.0256704 2.53196e-06 0.434927 0.0187987 8.92289e-05 0.00158245 0.0284069 0.00829209 0.00092837 0.0378259 0.000478465 0.0420164 0.0128124 9.31544e-05 2.36359e-08 0.000113954 2.23986e-06 0.00960438 0.00312057 
0.0763804 2.37785e-05 0.0404464 0.0222601 0.0397479 0.0281494 0.0116286 0.000980633 0.193628 0.000512155 0.028364 3.24764e-05 0.338774 0.0286759 0.000430141 0.0200839 0.0620036 0.00350162 0.00399799 0.00936192 0.00189786 0.0255371 0.0202979 0.0019781 0.000250972 1.0711e-05 4.92539e-05 0.0402247 0.000770752 
0.00184205 1.17641e-06 0.000728556 0.00442117 0.00274448 0.0414786 3.08775e-09 2.29015e-05 0.140358 5.59781e-09 0.00227348 5.22355e-09 0.72427 0.00616824 0.0001206 0.00044851 0.0020273 0.00115267 0.000431554 0.00453804 1.08949e-05 0.00808727 0.000976266 0.000164021 8.34753e-05 8.57498e-08 2.9514e-06 0.055449 0.00219935 
0.00249877 6.95498e-07 0.0156565 0.00354062 0.00465368 0.0713485 1.79591e-07 1.83389e-05 0.171827 1.05417e-07 0.007913 4.86609e-08 0.546542 0.00760927 0.000108635 1.57403e-05 0.00565791 0.00123069 0.000327886 0.0164345 2.38223e-05 0.027214 0.000546194 0.000149546 3.45128e-06 7.10293e-08 9.27564e-06 0.0914939 0.0251757 
0.00294176 0.000154221 0.00121741 0.00277208 0.00273375 0.0412375 5.39764e-10 0.000941937 0.0432748 0.00112836 0.00505558 1.02125e-06 0.585709 0.231471 0.000209127 0.00270884 0.0629355 0.000360629 0.00180795 0.00174201 0.0029842 0.00544093 0.00159189 0.000147788 7.40503e-10 0.000235207 7.42055e-06 0.00102777 0.00016192 
0.0299401 5.75369e-06 0.000305682 0.0209334 0.00681012 0.0994302 0.000211183 0.0106518 0.0505989 3.99526e-05 0.0715174 1.07069e-05 0.372338 0.0155951 0.000433243 0.0299154 0.16525 0.00419118 0.000360942 0.00256683 9.44349e-05 0.0137267 0.0381741 0.0134778 1.15411e-08 1.37201e-08 0.000122836 0.00584457 0.0474532 
0.0458547 5.2159e-08 3.35565e-05 0.00313052 0.0268089 4.11519e-07 1.24558e-07 5.36359e-07 0.014188 0.00150904 7.9301e-07 1.26768e-07 0.755501 0.00517919 1.65894e-07 0.00199745 0.097165 5.01166e-06 0.000549005 0.00900839 4.79574e-07 0.0371276 1.90041e-06 0.000209092 1.7474e-10 6.16271e-07 2.86509e-11 0.00172859 1.94111e-07 
0.0184153 2.4673e-09 0.0483663 0.0701195 1.09248e-06 0.00409629 1.07383e-06 3.84565e-06 0.185409 0.000144909 2.20045e-06 1.08413e-06 0.588154 1.25841e-05 8.03662e-07 4.49889e-06 0.0120159 1.01995e-09 0.0393159 0.00399395 5.65354e-10 0.0059167 0.012962 1.29439e-09 4.31391e-05 6.99599e-06 4.72621e-07 0.0110061 5.78194e-06 
0.0677067 7.03122e-07 0.00349052 0.0213536 0.0118747 0.0271376 7.7336e-05 0.00134516 0.0241621 0.000397899 0.0234182 6.79992e-06 0.559343 0.0214338 0.00124197 0.0803494 0.0241435 0.0018671 0.0114916 0.0141453 0.000574097 0.00698035 0.00811422 0.0171928 1.67628e-05 0.000707137 8.88159e-05 0.00286818 0.0684712 
0.0092216 4.95748e-05 0.00234192 0.01609 0.0056655 0.0580787 1.76695e-05 0.000148557 0.151584 1.65619e-05 0.00421613 0.000100476 0.581218 0.00576415 3.93517e-06 0.000410315 0.0256875 0.000282947 0.0265907 0.0782804 0.00571337 0.0107653 0.00373889 0.00277422 3.17696e-05 1.25114e-09 6.79281e-06 0.0107406 0.000460229 
0.00879534 1.04424e-07 0.0113285 0.0792503 0.0416274 0.0518973 1.24801e-06 0.00413889 0.202158 4.43818e-05 0.0810501 1.87868e-05 0.321406 0.00747909 4.76981e-05 0.000192437 0.0693428 0.000951637 0.019533 0.00578514 0.00117978 0.063744 0.00469644 0.00522072 1.23702e-05 3.70493e-05 4.59487e-05 0.00855126 0.0114642 
4.76271e-05 5.29958e-08 0.000379869 0.000189828 0.0171901 0.0433799 1.08002e-05 3.39101e-05 0.00497953 6.64271e-08 0.00415296 4.1681e-07 0.366794 0.0531716 0.000292588 9.45691e-07 0.359035 2.19077e-08 0.0157075 3.96765e-05 0.0440874 0.0135208 0.00819077 0.000280732 1.23568e-05 0.000454951 2.4356e-05 0.0680107 1.11971e-05 
0.00128587 7.68875e-06 3.817e-05 6.59614e-05 3.77627e-08 0.258471 2.02233e-07 6.06371e-05 0.0182149 0.0330373 0.00803178 2.8803e-07 0.612526 0.0167217 0.00192616 0.00115927 0.000814157 0.00269876 0.00553748 0.00117586 5.94616e-08 0.0123043 0.0258642 4.3009e-05 2.77444e-07 3.29828e-07 4.54906e-08 1.42481e-05 1.2524e-07 
0.0128707 2.02208e-05 0.0147497 0.0062539 0.0989396 0.155609 4.12808e-06 0.000148945 0.146708 0.000524364 0.0765906 1.95518e-06 0.246054 0.0170028 0.00111682 0.000175126 0.023537 0.00190211 0.0364436 0.0175472 0.00019236 0.100312 0.00738012 0.000239591 6.96692e-07 5.70192e-10 3.58049e-06 0.0126524 0.0230191 
0.00255315 2.70158e-06 0.00463522 0.125863 0.00449022 0.0275935 1.65567e-07 9.50652e-05 0.123579 4.57315e-07 0.00167731 8.76314e-10 0.483958 0.00586342 0.00831825 4.91549e-05 0.031334 0.000158163 0.00524715 0.118523 0.00398708 0.0023556 0.0111598 0.00532102 8.44106e-10 4.65008e-05 2.39838e-07 0.0330012 0.000187614 
0.0153431 0.000990375 0.0028988 0.0333657 0.0694262 0.0607997 0.000133075 0.00264171 0.0252154 0.000826589 0.0626182 0.000621323 0.27999 0.00834404 0.00102192 0.0018543 0.0450987 0.0122548 0.0020291 0.0227929 0.00274889 0.210223 0.0923697 0.00043091 3.39559e-09 0.0344872 0.000380349 0.00661221 0.00448157 
0.0307076 9.07163e-05 0.00745058 0.0429782 0.0598027 0.0225971 0.0002088 0.00117414 0.0893335 0.00205854 0.0243825 0.0016923 0.329423 0.0240996 0.0523339 0.0110098 0.0635933 0.00640779 0.0613378 0.0258416 0.00138053 0.0948879 0.0245773 0.0102492 2.56633e-07 0.00262212 0.00165748 0.00489642 0.003205 
0.00307606 2.39692e-06 0.000146065 0.00272161 0.00688532 0.0292299 3.62954e-09 6.15032e-06 0.0814713 1.2932e-05 0.00225483 5.51358e-09 0.819225 0.00437423 0.000184868 0.00871595 0.0034703 7.18164e-08 0.00169559 0.0003646 5.06078e-08 0.0129387 0.000168502 5.09231e-06 4.66261e-11 0.000218407 7.10513e-06 0.0222918 0.000533504 
0.00305566 3.75681e-06 0.000514187 0.0108748 0.0179125 0.0643527 3.17769e-06 0.000155444 0.123495 7.2247e-06 0.0244415 0.00146155 0.352442 0.00841521 0.000128125 5.04298e-05 0.0168762 5.9045e-06 0.000198378 0.0191844 0.010972 0.0452748 0.0036025 0.00172111 6.76146e-06 3.6214e-07 3.11826e-07 0.293152 0.00169284 
0.00678057 2.35375e-05 0.0163017 0.0195314 0.00836167 0.0139583 4.26599e-06 0.000433504 0.196162 0.000774146 0.00971946 9.56908e-06 0.292725 0.137846 0.0146291 0.00209269 0.211185 0.00145667 0.000374025 0.0327074 0.00140346 0.00132995 0.0038442 0.00619087 0.00030275 8.15844e-06 2.12339e-05 0.0207406 0.00108236 
0.184856 1.89007e-08 0.00264994 0.00837302 0.00837067 0.0382429 5.8913e-05 0.00351357 0.119587 0.0476773 0.00622601 0.00324765 0.353994 0.0538474 0.000295573 0.0586446 0.0328122 0.00177495 0.0076304 0.00430615 0.00452082 0.00428129 0.0399101 0.00659874 2.79047e-10 3.00426e-05 0.00298948 0.00254069 0.00302043 
0.198034 0.000250105 0.00169551 0.0237232 0.0752286 0.0753025 5.56178e-08 0.012676 0.118018 2.88575e-06 0.0114582 3.67379e-06 0.277031 0.05679 0.000171131 0.00250131 0.0669079 0.000522689 0.0024914 0.00829571 0.000373948 0.0385365 0.0112865 1.15977e-09 2.36355e-09 1.02323e-06 0.00167224 0.0132119 0.00381308 
0.211636 1.70987e-06 1.9829e-07 0.000488219 0.00220446 0.00105886 0.0001343 8.20858e-05 0.000181156 2.14323e-06 0.000331577 5.39633e-05 0.385271 2.33628e-07 9.20689e-07 6.64343e-07 0.000224051 0.063607 5.28583e-07 0.332555 3.91799e-07 0.00155651 0.000601232 8.97032e-07 1.82811e-06 2.17327e-06 2.99742e-07 4.4505e-07 8.25217e-07 
0.0169262 3.12897e-05 0.00794652 0.0287845 0.0356293 0.14059 0.00147551 0.00199434 0.0562855 4.08729e-05 0.0284707 0.00280362 0.42234 0.0193646 0.00249563 0.00371202 0.0194678 0.00252465 0.0140242 0.0193077 0.000244513 0.116302 0.0140041 0.0350558 9.46728e-05 0.000389966 0.00035497 0.00567454 0.00366529 
0.0142239 6.10218e-11 3.08179e-06 0.0039012 0.00143541 0.00520346 4.11851e-07 0.000537446 0.0320414 1.81261e-05 9.01404e-05 6.77307e-11 0.80066 0.00531561 0.0326123 0.0370424 0.0055545 0.000112374 6.96537e-06 0.000420066 0.000295953 0.0174874 0.000109457 1.39658e-05 6.52413e-11 7.55267e-05 5.13384e-05 0.0423731 0.000414387 
0.000267341 3.02418e-05 0.000464806 0.0184141 0.0572604 0.0161306 0.000103894 2.19563e-06 0.0228747 1.39594e-05 0.0957837 3.18992e-08 0.640192 0.0185836 0.0206742 0.00570354 0.000949445 3.01059e-05 0.0161601 0.0086877 8.20005e-08 0.0712532 2.92898e-09 0.0012611 3.07268e-08 2.85253e-05 2.57177e-05 0.00023883 0.00486543 
0.039781 2.34608e-05 0.0181131 0.0170667 0.0367884 0.0227963 2.54725e-05 0.00181513 0.120872 0.000867965 0.0206877 8.69629e-08 0.432743 0.074561 0.000765725 0.00571026 0.0708596 8.81989e-05 0.00284629 0.0558983 0.00361955 0.0233571 0.0146561 0.000393131 4.19318e-08 7.26155e-05 8.41105e-05 0.030267 0.00524037 
0.0202453 0.00416105 0.00118234 0.0349698 0.00464491 0.0333578 0.000247896 0.00832626 0.159063 0.000411959 0.00239428 3.53528e-10 0.240623 0.0364922 1.82868e-05 0.000422892 0.232068 0.00166426 0.000508949 0.0162951 0.0330349 0.010872 0.0234985 4.95265e-07 3.40535e-10 0.00575511 5.58351e-11 0.129741 1.53719e-10 
0.00685588 0.00181218 0.0428363 0.0307553 0.00288105 0.13291 7.16033e-11 0.000970509 0.175164 0.000435492 0.0132852 1.01981e-10 0.229147 0.0355057 1.37324e-08 0.000413188 0.094694 5.2399e-06 2.03375e-06 0.163086 0.00906703 0.00142994 0.0560878 7.66261e-08 2.39723e-07 3.18497e-07 3.28186e-08 0.00265569 1.18226e-07 
0.0685805 2.02512e-07 0.00294203 0.0286396 0.0129433 0.0536242 3.67917e-10 1.48003e-10 0.021361 0.025969 2.34981e-05 5.24005e-10 0.4214 0.0967446 0.000389116 0.0134495 0.0708469 0.0151953 0.14897 3.83164e-06 0.000836986 0.00388949 6.22666e-05 2.72805e-07 5.04746e-10 0.000568772 4.89912e-06 0.00554946 0.00800499 
0.00385545 0.0231602 9.04858e-08 0.00589548 0.0140156 0.0139298 2.37346e-06 0.000569294 0.0248129 2.00708e-07 0.0717071 4.85271e-10 0.61013 9.18135e-07 1.22233e-05 9.64933e-05 0.0825877 0.00167992 0.00314488 0.00834983 0.00980289 0.00210694 0.00695388 1.37109e-05 2.76263e-07 1.95009e-05 1.1017e-06 0.117145 5.8676e-06 
0.0640767 0.00139448 0.00599256 0.0145268 0.0159029 0.0157008 8.02745e-05 0.000233208 0.0534734 0.000702107 0.0124144 1.06652e-05 0.457431 0.193645 0.000366399 0.0536844 0.038803 0.00573473 0.000320864 0.0103751 0.000146713 0.0112322 0.00666137 0.00862094 1.19205e-07 0.00012253 8.80898e-05 0.0112857 0.0169736 
0.165537 0.00111025 0.000113791 2.74046e-05 0.00416534 0.168683 0.000178476 3.58372e-06 0.282108 1.23585e-05 0.00517261 2.02156e-06 0.301663 0.0190442 0.000345164 0.00416346 0.00260103 6.46116e-05 0.0148524 0.00845845 8.35286e-05 0.00869056 0.0110042 0.000187071 1.22816e-07 5.93348e-05 8.4232e-05 0.000892171 0.000693297 
0.01056 0.00414657 0.0406144 0.0255068 0.0221235 0.0373705 2.18568e-05 0.00510787 0.134532 0.00116967 0.0533653 0.000139138 0.228738 0.0542661 0.00108744 0.0153988 0.137639 0.000998515 0.00171189 0.00518027 0.0128985 0.0186633 0.0155711 0.00196973 8.97429e-05 7.15278e-06 0.000612936 0.16389 0.00661869 
0.00372654 0.0636357 3.90302e-08 0.0389176 0.0140601 0.0487915 0.000617202 0.00368854 0.11205 2.87262e-07 0.0666008 0.00104328 0.242813 0.0191489 0.000553507 0.000264058 0.0222052 0.000135196 0.153689 0.00106636 0.00255121 0.0848766 0.00849005 0.000171114 6.80574e-08 7.7291e-06 0.021697 0.0846456 0.00455308 
0.033123 1.74073e-05 0.000841299 0.104242 0.0402919 0.0820882 0.000963381 0.00144024 0.0603115 0.0010618 0.0758921 9.68646e-05 0.226904 0.0156136 0.0024423 0.000769489 0.0398787 0.00188065 0.114494 0.00592904 0.00181253 0.0622682 0.0133957 0.00686402 1.1567e-05 0.00268483 0.00561925 0.006741 0.0923213 
0.0109343 0.0104752 0.000269606 0.000133613 0.000716196 0.0942871 5.24204e-06 1.64813e-10 0.014192 0.000636153 0.000108738 6.98333e-07 0.782072 0.016331 1.3086e-06 0.0390011 0.0178057 1.12926e-06 0.00017475 0.00109298 9.07567e-07 0.00386489 0.00644141 0.000312442 9.78971e-08 4.94097e-08 2.93961e-07 4.50658e-07 0.00114079 
0.000210054 0.000249258 0.000285101 0.00293547 0.00343016 0.0998131 0.000835547 1.45104e-07 0.112582 6.65164e-08 0.0343438 3.62317e-08 0.494784 0.0284497 1.76454e-07 0.00182659 0.165394 0.0180158 1.20652e-07 0.0105233 0.00360175 0.014176 0.00797457 0.000548754 2.16588e-07 6.50536e-11 1.96931e-05 3.39335e-07 7.15535e-09 
0.0965076 0.00173395 0.00160692 0.00191054 0.00359297 0.0174348 3.15353e-08 0.0101232 0.18656 0.000352856 0.0378191 5.89311e-06 0.271966 0.161416 0.000708426 0.049855 0.0572353 0.000861191 0.0379802 0.00839146 0.00482825 0.0137105 0.00458972 0.00111197 0.000162848 0.0222142 0.000119963 0.00411149 0.00308989 
0.00202181 4.56627e-08 0.0407432 0.00434264 0.0079073 0.00512513 2.32328e-06 0.00142371 0.183885 0.000159737 0.162045 8.44597e-07 0.254797 0.00269518 0.0526425 0.00105765 0.0434116 0.00036222 0.00285867 0.0177014 0.00780706 0.00868043 0.00958562 5.70998e-05 4.58254e-08 0.00132374 4.70538e-07 0.173141 0.0162222 
0.000588334 0.00601306 0.00239587 0.000284958 0.00449402 0.0150946 2.60631e-06 0.00949741 0.122177 0.00016033 0.00259163 7.3529e-09 0.647109 0.0902458 9.71418e-05 0.00189095 0.0048384 0.00111387 0.00041867 0.00731873 0.000198266 0.0628761 0.00247721 3.35849e-05 0.000932984 0.00740439 0.000238176 0.00909221 0.000414274 
0.0143421 5.94641e-11 2.61742e-06 0.00382479 0.00140612 0.00495863 1.45289e-08 0.000359613 0.0330613 1.46866e-05 8.53447e-05 6.60017e-11 0.818649 0.00383354 0.0316828 0.0292174 0.00536573 9.65439e-05 8.19682e-08 0.000405643 0.000260472 0.0159658 6.51606e-05 7.02265e-08 6.35759e-11 5.48392e-07 3.54799e-05 0.0360267 0.000339555 
0.0371137 4.12484e-05 0.00122358 0.0170603 0.0271199 0.0240299 4.20319e-07 0.00358078 0.194043 0.000118957 0.0587081 1.72207e-06 0.278495 0.0127873 0.00125104 0.000312679 0.200422 4.12676e-05 0.00671559 0.00836157 0.0131481 0.0506556 0.00223889 0.000443215 3.60503e-09 0.00616141 5.59729e-06 0.038248 0.0176719 
0.0181699 0.00555719 0.0537579 0.0200147 0.00411526 0.0434271 3.69159e-05 0.00336523 0.234194 7.93799e-05 0.0159114 4.48207e-05 0.335735 0.0206483 0.000226781 0.000664249 0.11576 0.00287274 0.0156085 0.000722568 0.000625733 0.0126719 0.0132559 0.000619746 3.45069e-06 3.52919e-05 3.00059e-05 0.0817375 0.000108281 
0.00836298 0.00554578 0.0294047 0.00140919 0.00184862 0.0403765 5.27865e-10 0.000129346 0.0365737 9.35892e-05 0.00284211 1.59223e-07 0.846769 0.00314906 1.33947e-05 0.000882892 0.00366966 0.00025124 0.000144771 0.0052352 1.5624e-08 0.00692766 5.29305e-05 1.06059e-07 1.1933e-06 8.6091e-10 1.18739e-10 0.00620345 0.000112538 
0.000922727 7.71175e-08 0.00789919 0.00237007 0.0153592 0.105043 2.07249e-08 4.90668e-12 0.248244 5.70488e-08 0.00229888 6.35176e-08 0.358204 0.0860301 0.0331711 0.00166609 0.0156208 0.000278404 0.000155161 0.00130619 0.00231169 0.00532506 0.107326 0.000461211 1.67336e-11 1.26162e-08 6.82033e-05 0.00542122 0.000517149 
0.00276511 5.99013e-07 0.00401467 0.058295 0.0194574 0.17737 8.59515e-10 0.00357776 0.0821334 0.00357394 0.147696 4.03983e-05 0.21125 0.00274734 4.51422e-05 0.00015482 0.157531 0.000414901 0.00651706 0.0675819 2.1669e-05 0.0422658 0.0104615 0.000254784 1.17917e-09 0.000230038 1.9334e-10 0.00123938 0.000360814 
0.0510207 0.000655378 0.00407588 0.0808499 0.0385046 0.114545 0.000377667 0.0106853 0.193174 0.000540616 0.0351005 0.000406546 0.239962 0.0662855 0.00200063 0.00171538 0.0540669 0.00223835 0.00317431 0.0113365 0.00706583 0.018192 0.0390737 0.0052457 0.00127886 8.16081e-05 5.43059e-05 0.0170746 0.00121785 
0.00226411 1.36655e-06 0.000159157 0.0638005 0.0341915 0.00308504 4.93396e-07 0.000430405 0.0144375 0.0175535 0.00684403 1.5168e-06 0.746761 0.00900935 2.34843e-06 5.9794e-10 0.0187369 0.000843048 0.0772282 0.00423985 5.46231e-06 5.04278e-06 5.71424e-06 6.63854e-05 1.64538e-09 1.11543e-06 5.52666e-05 0.000264205 7.14904e-06 
0.0301386 0.00133059 0.0559664 0.0817158 0.0129152 0.146314 0.000129608 0.00156371 0.0983822 1.01472e-05 0.00932638 9.22415e-09 0.264515 0.0833639 0.00116671 0.00405979 0.0659169 0.00172978 0.00597446 0.0786564 0.00121303 0.00765868 0.00903517 0.0020242 6.99439e-09 4.25713e-05 3.94882e-05 0.0351589 0.00165165 
0.00752014 1.72639e-06 0.0411117 0.0104897 0.00550547 0.0701164 6.35241e-08 0.0040456 0.244953 0.000671258 0.0111396 0.000234869 0.376502 0.00613757 0.000183932 0.00216802 0.0148984 0.00156347 0.00183648 0.00808771 0.000196935 0.0581811 0.00642013 0.000698511 1.08808e-07 1.14103e-05 2.49868e-06 0.122313 0.00500894 
0.0263423 9.52717e-09 0.00503514 0.00747966 0.0155685 0.0488503 8.76447e-06 0.000522107 0.00685747 4.20438e-07 0.0291386 7.28946e-05 0.675753 0.0087267 0.0229765 0.00274492 0.0140747 0.000746179 0.0104161 0.0250674 5.41268e-06 0.0648051 0.0013362 0.00190993 4.43082e-10 3.79676e-08 5.00492e-05 0.00104531 0.0304658 
0.00255315 2.70158e-06 0.00463522 0.125863 0.00449022 0.0275935 1.65567e-07 9.50652e-05 0.123579 4.57315e-07 0.00167731 8.76314e-10 0.483958 0.00586342 0.00831825 4.91549e-05 0.031334 0.000158163 0.00524715 0.118523 0.00398708 0.0023556 0.0111598 0.00532102 8.44106e-10 4.65008e-05 2.39838e-07 0.0330012 0.000187614 
0.0437844 2.84289e-09 0.000441081 0.00799567 0.0831286 0.0813805 2.90355e-08 0.0277026 0.127695 0.000140375 0.0318249 4.13539e-08 0.196095 0.0125421 0.000694978 0.000147252 0.0130294 0.0138332 0.0444144 0.0178203 0.0930672 0.184289 0.00738462 0.00107744 3.03947e-09 0.000100411 1.97083e-06 0.0113328 7.71192e-05 
0.0278225 7.97265e-05 0.00860284 0.0263157 0.0253568 0.0237367 1.02985e-05 0.00550353 0.200918 0.00404299 0.0226988 0.000863178 0.307571 0.0435148 0.00691465 0.00414784 0.102684 0.00474098 0.0169755 0.00961 0.0085803 0.0949831 0.0186078 0.0198952 9.8667e-05 0.000657358 0.00163882 0.00977781 0.00365114 
0.068038 0.0155036 0.0233636 0.0393572 0.0398049 0.089989 9.30614e-05 0.00474759 0.112251 0.000457075 0.0414731 0.000325328 0.209742 0.115197 0.000313819 0.00465181 0.00659152 0.0118632 0.0693947 0.0275123 0.00249823 0.0235441 0.070809 0.000564654 4.06466e-06 2.49462e-08 0.000203851 0.015364 0.00634258 
0.207686 7.14896e-10 3.39992e-07 0.164002 0.0111461 3.27179e-07 5.57131e-10 0.0444201 0.0493012 8.9608e-10 0.096146 7.93493e-10 0.373962 0.00621789 7.50668e-06 3.61367e-07 3.09956e-06 1.00509e-06 0.0381042 1.18093e-10 1.6381e-10 7.12218e-06 9.25375e-07 3.75048e-10 1.19243e-05 2.45423e-06 1.25322e-10 0.00897884 3.45022e-10 
0.009171 1.45154e-05 0.0062136 0.00718797 0.00825188 0.0499239 0.000565355 0.00107674 0.183067 1.77858e-05 0.170295 0.00942382 0.259051 0.0255716 0.000503797 0.00456297 0.0501286 0.00309654 0.000132517 0.00549915 0.0181178 0.0240281 0.077915 0.0177451 2.64613e-06 5.93682e-05 0.00430562 0.0613553 0.00271591 
0.140358 5.90957e-07 3.44851e-08 0.0304144 4.88359e-11 0.0181083 2.61534e-10 0.000309034 0.0163838 0.00130795 3.8923e-11 3.7249e-10 0.296463 0.102714 0.024549 0.00322958 0.00672657 2.74706e-07 0.143327 7.33476e-07 2.75906e-07 0.0652836 0.145542 1.76059e-10 0.00273969 0.00217276 0.000369769 4.1813e-07 1.61964e-10 
0.0271609 2.98067e-05 0.00064759 0.00511044 0.00636168 0.0254149 8.36283e-06 0.0261287 0.041491 0.0693492 0.00398883 4.25714e-06 0.608717 0.110196 0.00186881 0.0409147 0.00392634 0.00467139 0.00578246 0.00866311 4.81509e-08 0.00489424 2.14162e-08 0.000497572 0.000178811 2.67089e-07 9.85335e-06 0.00398345 1.01417e-07 
2.29403e-12 1.56328e-11 3.3701e-09 2.07053e-12 0.000101912 0.000116508 1.2183e-11 4.90089e-12 0.00959517 1.95949e-11 4.53296e-05 1.73516e-11 0.986327 4.76441e-09 1.252e-08 1.01031e-08 4.17741e-08 6.46239e-12 4.83267e-12 0.000100546 7.82101e-08 0.000166389 1.59322e-12 8.20128e-12 1.67138e-11 1.98695e-11 2.74045e-12 0.00349173 5.57082e-05 
0.00184205 1.17641e-06 0.000728556 0.00442117 0.00274448 0.0414786 3.08775e-09 2.29015e-05 0.140358 5.59781e-09 0.00227348 5.22355e-09 0.72427 0.00616824 0.0001206 0.00044851 0.0020273 0.00115267 0.000431554 0.00453804 1.08949e-05 0.00808727 0.000976266 0.000164021 8.34753e-05 8.57498e-08 2.9514e-06 0.055449 0.00219935 
0.184856 1.89007e-08 0.00264994 0.00837302 0.00837067 0.0382429 5.8913e-05 0.00351357 0.119587 0.0476773 0.00622601 0.00324765 0.353994 0.0538474 0.000295573 0.0586446 0.0328122 0.00177495 0.0076304 0.00430615 0.00452082 0.00428129 0.0399101 0.00659874 2.79047e-10 3.00426e-05 0.00298948 0.00254069 0.00302043 
0.121845 0.00442639 0.0167446 0.0263483 0.0530522 0.0960634 0.0124409 0.00274513 0.0840325 7.14431e-05 0.0906103 0.000105009 0.158234 0.0849115 1.0297e-05 0.0208727 0.0290156 0.000255692 0.00712442 0.0265657 0.00282113 0.0353585 0.0609251 1.97797e-05 0.0161029 1.52989e-05 0.000544864 0.0115692 0.0371674 
0.00112063 2.69242e-08 2.81391e-05 0.0162421 0.044622 0.0859262 7.63769e-07 4.52915e-08 0.0112776 1.44798e-10 0.0665653 1.28221e-10 0.629477 0.000274301 2.75508e-05 1.33251e-07 0.021189 1.85947e-07 0.00119977 0.00352789 2.64703e-11 0.0963165 0.00120985 0.000560832 1.23509e-10 4.27398e-08 2.02509e-11 0.00132999 0.0191039 
0.00224506 4.62202e-05 0.000586133 0.000824658 6.61919e-06 8.62375e-07 2.04725e-07 0.00279033 0.0170497 9.26547e-08 2.48384e-06 4.17347e-06 0.857545 0.0726821 1.99893e-05 0.00801241 0.00392966 0.000362246 0.0146359 0.000168181 0.00265799 4.60936e-05 0.00246505 1.58959e-05 2.76364e-05 0.000338349 1.40057e-06 0.0135247 1.1152e-05 
0.00245785 2.07073e-06 0.0857379 0.0101733 0.00285762 0.0390544 9.36732e-10 4.84139e-05 0.177874 5.632e-08 0.00215955 8.24333e-07 0.506884 0.0106702 0.000124715 0.00956649 0.0087551 0.00149626 9.78877e-05 0.0190963 0.000244048 0.00217751 0.00185325 0.000132222 8.27983e-05 1.57828e-08 3.38429e-05 0.115833 0.00258659 
0.00552202 3.67432e-05 0.000927983 0.0779538 0.103169 0.0364093 2.22003e-06 0.00229993 0.140112 3.33113e-08 0.0498777 6.01949e-05 0.299293 0.00691185 0.00212897 0.000318624 0.161003 6.19155e-05 0.00241479 0.00586683 0.000142675 0.0859593 0.000921717 0.00119517 0.000358721 0.000113439 0.00470276 0.00840931 0.00382657 
0.111165 2.27499e-06 5.61544e-09 0.08731 0.0106708 0.019386 2.54839e-05 0.00273611 0.0931375 6.06947e-08 0.0234244 5.37461e-08 0.345354 0.00428094 2.60733e-08 1.89873e-06 0.0281558 4.60449e-06 0.245103 0.0063724 1.58567e-05 0.0197674 0.00213361 2.85581e-06 5.17708e-08 4.46982e-06 0.000900581 5.25271e-07 4.50193e-05 
0.0202453 0.00416105 0.00118234 0.0349698 0.00464491 0.0333578 0.000247896 0.00832626 0.159063 0.000411959 0.00239428 3.53528e-10 0.240623 0.0364922 1.82868e-05 0.000422892 0.232068 0.00166426 0.000508949 0.0162951 0.0330349 0.010872 0.0234985 4.95265e-07 3.40535e-10 0.00575511 5.58351e-11 0.129741 1.53719e-10 
0.0236573 2.78164e-05 0.00274506 0.00562619 0.190508 0.0259376 4.54259e-07 0.000180172 0.143312 0.000107097 0.021022 8.79424e-07 0.296532 0.00328019 0.0818634 0.00118436 0.0122069 0.00057339 0.00559365 0.0223046 0.00102332 0.10574 0.027588 0.00372294 4.66371e-07 0.00615275 1.60156e-05 0.00299828 0.0160946 
0.0547398 0.00219582 0.00168966 0.00329478 0.0729416 0.0677175 3.15162e-05 9.24225e-05 0.0701505 0.000345511 0.0327993 0.00493455 0.248633 0.0142145 0.000689582 0.0741911 0.0272901 0.000289474 0.000767556 0.0138128 0.000571159 0.0177595 0.0548562 0.21258 5.76227e-09 2.71593e-06 0.00327746 0.00581897 0.0143126 
0.0204394 0.00274644 0.0184314 0.0162522 0.00144146 0.0263021 3.78973e-08 0.00403592 0.067013 0.000123174 0.00619773 1.82254e-05 0.389308 0.0636793 7.60125e-05 0.00783426 0.289443 0.00173053 0.00364486 0.00610757 0.033371 0.00644852 0.00467366 6.34559e-06 4.56072e-06 0.000635896 2.54893e-05 0.00771949 0.0222904 
0.00112063 2.69242e-08 2.81391e-05 0.0162421 0.044622 0.0859262 7.63769e-07 4.52915e-08 0.0112776 1.44798e-10 0.0665653 1.28221e-10 0.629477 0.000274301 2.75508e-05 1.33251e-07 0.021189 1.85947e-07 0.00119977 0.00352789 2.64703e-11 0.0963165 0.00120985 0.000560832 1.23509e-10 4.27398e-08 2.02509e-11 0.00132999 0.0191039 
0.00294176 0.000154221 0.00121741 0.00277208 0.00273375 0.0412375 5.39764e-10 0.000941937 0.0432748 0.00112836 0.00505558 1.02125e-06 0.585709 0.231471 0.000209127 0.00270884 0.0629355 0.000360629 0.00180795 0.00174201 0.0029842 0.00544093 0.00159189 0.000147788 7.40503e-10 0.000235207 7.42055e-06 0.00102777 0.00016192 
0.00765169 0.000174012 0.00927543 0.0147363 0.00394024 0.00572054 3.65041e-05 5.48441e-06 0.0199121 0.00506813 0.000126832 0.000833751 0.626197 0.0660211 0.000625696 0.000586411 0.0590361 0.000134614 0.00283812 0.000557156 0.00439736 0.0117652 0.156177 0.000242684 1.87038e-05 2.22353e-05 0.000198559 0.00360694 9.34707e-05 
0.00627751 0.000136708 0.000163902 0.0648863 0.00127762 0.0353501 1.86375e-08 0.00144877 0.135502 0.0302894 0.0081362 4.26996e-06 0.320503 0.241156 0.00443424 0.013276 0.0772434 0.0235557 0.00180478 0.0114288 0.00450239 0.00206858 0.0127505 1.59174e-05 0.00283909 7.76446e-05 1.21675e-05 0.000859434 1.15419e-08 
0.000560532 1.69172e-06 0.0047602 0.00143514 0.00924222 0.0630739 5.09579e-07 1.86652e-10 0.205867 1.40251e-06 0.00138824 1.56149e-06 0.543768 0.0516588 0.0199731 0.00101065 0.00938887 0.000174433 9.95867e-05 0.000789099 0.00140998 0.00321391 0.0644591 0.00329583 6.36551e-10 3.10372e-07 4.25357e-05 0.00326677 0.011116 
0.0286623 1.52516e-07 6.40937e-05 0.100707 0.0249571 0.0461064 2.86058e-07 0.000773267 0.124858 8.2388e-05 0.0033765 3.09549e-05 0.322472 0.00572493 0.00263535 0.000240639 0.00160061 0.000211004 0.23836 0.00224822 0.00696373 0.00824268 0.00483958 0.000461055 5.59336e-05 0.000515964 2.69973e-06 0.000559734 0.0752472 
0.010208 7.89411e-06 0.000435897 0.01495 0.0287546 0.0154765 4.08031e-05 0.00105791 0.0308137 0.000141668 0.0283637 0.0012216 0.611636 0.0140503 0.000332678 0.000712588 0.0203121 0.00178948 0.0114062 0.00373838 0.000433524 0.179968 0.00848738 0.00151232 2.36434e-07 6.85401e-06 0.00444419 0.00236322 0.00733459 
0.0401363 0.00110398 0.000354338 0.0440064 0.0121311 0.0344199 1.90902e-06 0.00351711 0.158799 0.00300404 0.0217731 4.08187e-05 0.212559 0.196723 0.00237369 0.00220223 0.156119 0.00912548 0.010312 0.0244961 0.00568585 0.0148724 0.0219825 0.00887865 0.00101912 4.43674e-05 4.91168e-05 0.00623204 0.00803739 
0.00500355 4.59451e-06 0.00178524 0.00531556 0.00549291 0.0463239 2.50539e-09 3.11969e-05 0.144139 1.41533e-07 0.0057557 3.20229e-05 0.677855 0.00526143 0.000123462 0.00298758 0.00260486 0.000922141 0.000896536 0.00411015 6.66431e-05 0.0292591 0.00430714 0.000301983 6.67816e-05 6.86554e-08 2.36134e-06 0.0540555 0.00329639 
0.00674586 6.61031e-06 0.0033389 0.0359722 0.0063458 0.231353 7.52184e-07 3.79723e-05 0.0576892 2.07296e-06 0.00445997 4.38539e-07 0.531508 0.00307007 7.20683e-05 0.00375377 0.00913981 0.000266386 0.0419802 0.00583572 0.000291224 0.00398644 0.0405704 0.000294128 8.98142e-07 0.000369878 1.72991e-05 0.00642139 0.00647019 
0.0257364 2.49176e-05 0.0110309 0.0196401 0.0145948 0.0642008 0.000269224 0.00343538 0.0654342 0.000529547 0.00987108 0.000388493 0.580236 0.036956 0.00251491 0.0108947 0.04995 0.00363688 0.012256 0.0207829 0.00818997 0.0120239 0.0189656 0.000236961 0.000745702 0.00274905 4.61774e-05 0.0142896 0.0103694 
0.030761 0.000208025 0.0022533 0.0378212 0.0247316 0.0971122 1.68602e-05 0.00260698 0.0456401 1.11167e-05 0.0394863 5.10692e-06 0.313787 0.0746253 0.00302865 0.00947664 0.0323759 0.00596913 0.0023965 0.00873123 0.0942748 0.0751544 0.0315329 0.00195238 3.77792e-06 0.000129971 4.85071e-05 0.00968108 0.0561785 
0.0657418 3.80123e-05 0.00212989 0.0579945 0.0346482 0.0341155 1.62585e-05 0.00893767 0.0735134 0.000283242 0.0471949 0.00737698 0.236048 0.0362141 0.00046979 0.0137178 0.0214403 0.00184277 0.00245282 0.0641512 0.0178804 0.0859875 0.112 0.0545424 2.4595e-05 0.000151808 0.00879435 0.0112494 0.00104312 
0.085008 2.58966e-08 1.51321e-07 0.0134643 0.115612 0.100638 8.30204e-06 0.00156351 0.0124246 6.38636e-05 0.00711914 1.14781e-05 0.352078 0.00564584 9.81058e-05 0.0125787 0.0258472 0.00507194 0.00231532 0.0569249 0.0110328 0.00891067 0.0305374 0.000539449 2.76872e-08 3.10833e-06 0.000252265 0.00765043 0.144601 
0.0152401 4.40805e-05 0.00248864 0.021085 0.0388567 0.0805358 9.51646e-06 0.00115337 0.0694992 0.000152409 0.133872 0.00162887 0.300916 0.018606 0.000284453 0.00637227 0.102191 0.000464853 0.0049387 0.0478183 0.00253829 0.123062 0.0203271 0.000831554 3.77484e-07 1.16525e-07 9.68855e-07 0.0037079 0.00337391 
0.0268171 8.53153e-08 0.000377786 0.002604 0.00401062 0.0116923 3.40479e-10 8.89089e-06 0.0128558 2.23432e-05 0.00558478 0.000205211 0.881477 0.00353743 6.39846e-06 0.00161658 0.0211685 0.000115805 0.00107499 0.00120808 0.000362507 0.0205668 0.00265658 0.000103035 4.67104e-10 5.6612e-06 4.70034e-06 0.00182313 9.38323e-05 
6.94263e-05 0.0053575 0.0188389 0.00028359 0.00438145 0.0656114 2.7311e-07 0.000130597 0.18066 4.8809e-06 0.00253976 5.89288e-08 0.638839 0.00530872 0.000693758 0.00130126 0.00591768 6.13619e-05 0.000318349 0.00201887 0.00122127 0.00118405 0.00465573 0.00010034 5.4615e-06 2.11123e-07 7.53616e-06 0.0598022 0.000686315 
0.000922727 7.71175e-08 0.00789919 0.00237007 0.0153592 0.105043 2.07249e-08 4.90668e-12 0.248244 5.70488e-08 0.00229888 6.35176e-08 0.358204 0.0860301 0.0331711 0.00166609 0.0156208 0.000278404 0.000155161 0.00130619 0.00231169 0.00532506 0.107326 0.000461211 1.67336e-11 1.26162e-08 6.82033e-05 0.00542122 0.000517149 
0.0318953 0.000390125 0.00536719 0.0285044 0.0341567 0.0705393 9.59857e-07 0.00562653 0.186672 0.00797851 0.00438792 0.0059865 0.22994 0.041858 6.77912e-05 0.00624852 0.038872 0.00329368 0.0213214 0.00932036 0.00298438 0.176396 0.0688874 0.000960547 7.93837e-05 0.00631268 0.00014463 0.0110258 0.000781573 
0.00336646 6.26189e-06 0.00336204 0.00453146 0.0170063 0.0754138 1.76362e-05 0.00471094 0.263332 2.48532e-07 0.0121723 2.44455e-05 0.431872 0.0468799 0.000413073 0.0044927 0.0169316 0.00309097 0.000648025 0.00678429 0.00304247 0.0188987 0.00632075 0.000436288 4.00783e-05 3.06682e-08 3.01694e-05 0.0755685 0.000605746 
0.0103041 8.09222e-09 0.000501331 0.00366558 0.0159597 0.0401372 1.17081e-08 3.45878e-08 0.111416 6.08227e-08 0.0071434 6.41107e-12 0.690206 0.0686182 0.00343739 1.57991e-06 0.00459327 6.42325e-08 0.00328592 0.00779194 4.52656e-08 0.0210151 5.82783e-08 4.27292e-08 6.17544e-12 2.53286e-07 4.60718e-08 0.0119225 1.46353e-07 
0.0006135 7.33337e-07 8.50434e-08 9.71285e-08 1.06716e-07 0.11589 5.71503e-07 0.00250614 8.62646e-05 9.19195e-07 0.000348807 8.13962e-07 0.876028 0.000180459 3.94869e-07 2.84926e-07 0.000774041 3.03151e-07 2.26701e-07 0.000751188 0.000924367 0.00151676 7.47378e-08 0.000269692 7.84046e-07 9.3208e-07 0.000102972 1.90875e-07 3.53922e-07 
0.0494562 0.00906785 0.000278905 0.0519352 0.0104446 0.0314174 4.40032e-06 0.0542706 0.107778 0.000661006 0.215629 1.32007e-05 0.226904 0.0598301 0.0020953 0.0117367 0.0401653 0.00503319 0.0752955 0.000305416 0.000692576 0.0408946 0.00355319 0.00140544 7.73588e-08 7.60578e-05 0.000172189 0.00088422 3.49202e-08 
0.00294176 0.000154221 0.00121741 0.00277208 0.00273375 0.0412375 5.39764e-10 0.000941937 0.0432748 0.00112836 0.00505558 1.02125e-06 0.585709 0.231471 0.000209127 0.00270884 0.0629355 0.000360629 0.00180795 0.00174201 0.0029842 0.00544093 0.00159189 0.000147788 7.40503e-10 0.000235207 7.42055e-06 0.00102777 0.00016192 
3.76162e-07 4.083e-05 0.00010935 0.0105999 1.15841e-06 0.000442588 3.49165e-07 1.56045e-10 0.209446 9.93099e-07 0.00397733 0.000241514 0.540714 0.0009121 0.000171061 5.91226e-06 0.00770042 2.05764e-10 0.000586074 9.4397e-05 0.0073075 0.182567 0.00425731 8.47557e-07 5.32172e-10 3.34615e-07 8.72565e-11 0.0285431 0.00227935 
0.00275349 5.53944e-06 9.21479e-06 0.0054575 5.60382e-07 7.45802e-06 1.23693e-06 1.97154e-09 0.357853 0.000418958 3.72027e-06 1.18312e-05 0.427786 0.14346 8.63742e-06 2.06451e-06 0.0198815 0.00685287 0.000261741 9.38541e-07 0.00210179 0.0126086 1.27059e-05 3.29923e-09 6.72368e-09 7.99316e-09 2.85162e-06 0.0204887 9.25098e-06 
0.0228256 8.4141e-05 5.96223e-05 0.0836433 0.00501044 0.0246402 5.2516e-10 0.0762512 0.0671863 1.80158e-08 0.0127265 3.8119e-06 0.395065 0.00579525 0.000281378 0.00312792 0.0341072 0.00191993 0.0315674 0.00451831 1.59136e-07 0.140968 0.00807375 0.000143469 2.70708e-06 5.47738e-05 1.07739e-06 0.0815084 0.000434295 
0.0259714 6.96437e-05 0.000236339 6.26207e-05 0.00115498 0.0191453 2.11153e-06 0.0299452 0.0624183 8.69089e-07 0.3146 4.88376e-07 0.438226 0.0046965 2.20779e-06 0.000989401 0.0254681 0.00198933 3.54252e-06 0.00188546 0.0490598 0.0163754 0.00316908 5.55748e-05 3.81717e-08 4.53788e-08 3.02984e-07 0.00442711 4.43884e-05 
7.29947e-13 3.6073e-10 7.50342e-10 6.5883e-13 0.000102094 0.00048022 3.87655e-12 1.55944e-12 0.0115197 6.23497e-12 2.71758e-05 5.52117e-12 0.981807 1.06074e-09 2.78769e-09 7.93857e-05 9.29893e-09 2.0563e-12 2.52055e-06 6.02928e-05 4.51002e-08 9.97821e-05 1.89511e-09 1.28031e-08 5.31825e-12 6.32237e-12 8.71996e-13 0.00543488 0.000386403 
0.00796157 1.00318e-06 0.000186771 0.00257456 0.000233288 0.0105781 0.000382057 3.5969e-05 0.006437 0.000143812 0.00349404 0.000143814 0.612121 0.13517 5.77851e-05 0.000275125 0.157717 5.86721e-05 0.00380177 0.00567163 0.0133378 0.000412571 0.0256269 5.26288e-07 1.07255e-06 0.00624879 0.000334755 0.00189213 0.00510062 
0.00138016 0.00497608 0.015601 0.00434468 0.00890738 0.051895 2.62458e-05 3.59902e-05 0.0831911 0.000111362 0.00157914 8.50868e-07 0.701904 0.048894 0.000548902 0.00121009 0.00116071 0.000926314 0.000762176 0.003716 0.000333255 0.0060107 0.0047286 0.000601206 1.72646e-07 9.6709e-06 3.73192e-05 0.0514557 0.00565195 
0.0100917 1.52633e-06 6.02512e-05 0.0288403 0.0126862 0.0848307 3.41262e-06 0.0206838 0.0367068 0.000627489 0.261389 2.20611e-07 0.453327 0.00692286 0.00484589 0.000192778 0.0279372 0.016994 0.0102914 0.000794186 5.24742e-05 0.0133359 0.00745817 0.00083432 1.60895e-08 1.04324e-06 5.07207e-06 0.00100594 7.99747e-05 
0.0171052 0.000744504 0.000650671 0.0109368 0.00252912 0.0359147 2.54779e-10 0.00142755 0.0445409 0.000372102 0.0135983 9.89715e-06 0.251473 0.231237 0.000172961 0.168416 0.16081 0.00487127 0.0184457 0.0134779 0.00440015 0.00759149 0.00929061 0.000183811 1.29684e-06 4.15526e-10 2.02226e-05 0.000423697 0.00135442 
0.00179777 0.00189235 0.00776335 0.00355139 0.00931569 0.0526315 7.63239e-05 0.000113805 0.190324 4.54576e-06 0.00501704 1.91058e-05 0.364295 0.0158275 0.000198165 0.000641518 0.0239024 0.000341584 0.00159664 0.0386368 0.00165593 0.0203387 0.00283138 0.00112803 0.00201012 4.17692e-07 5.60228e-05 0.250277 0.00375606 
0.0146958 5.49975e-06 0.00437561 0.0288714 0.0833174 0.0201945 1.59625e-05 0.00177956 0.0818304 1.7244e-05 0.0418699 0.00227951 0.362147 0.0099338 0.00411276 0.00123296 0.0521976 0.00157819 0.038382 0.00848254 0.000678505 0.185101 0.0152854 0.00900679 3.57645e-08 2.13626e-05 0.0093132 0.0105034 0.0127705 
0.0927289 9.34308e-08 0.0025304 0.0460389 0.0059457 0.028853 0.000117837 0.00169686 0.102213 0.00545163 0.0197327 0.000498058 0.55286 0.00834198 0.00117619 0.0328715 0.0235156 0.00355663 0.00496156 0.00612142 0.00220294 0.0248184 0.0199772 0.00133907 1.59513e-07 1.00443e-05 0.000601055 0.00785254 0.00398635 
2.40046e-05 1.05965e-07 5.58568e-07 0.00992142 0.0381719 1.7621e-05 8.22751e-10 3.30972e-10 0.027392 1.3233e-09 0.00219403 1.1718e-09 0.469429 0.00014496 1.74591e-07 6.89682e-07 0.000545572 1.89496e-06 0.00169386 3.47326e-05 2.66841e-07 0.442569 0.000489021 0.0046083 1.12873e-09 1.68553e-06 1.85071e-10 5.02227e-06 0.00275456 
0.00757517 0.0268095 0.0354871 0.00822436 0.123204 0.239604 3.60152e-05 0.0026594 0.0978051 0.00107756 0.0333865 2.73684e-05 0.288509 0.0167393 0.000670081 0.00300863 0.0516236 0.000697677 0.00303157 0.0252452 0.000604674 0.0106227 0.00783882 0.00475093 3.59604e-10 8.69583e-05 9.66179e-05 0.00404039 0.00653679 
0.00777465 1.99743e-06 0.000190311 0.0175681 0.00206007 0.000795432 2.3118e-08 0.00338123 0.218161 1.02731e-07 0.0513112 1.22882e-05 0.577239 0.00165022 9.92368e-05 0.000876239 0.099858 0.00235735 0.0058277 0.000126337 0.00180193 0.00105963 0.00457189 0.00253243 1.41257e-07 0.000483628 6.49593e-06 0.000252659 2.59202e-07 
0.266176 0.000256807 0.000235507 0.0564972 0.00760475 0.0392845 0.000258485 0.0260764 0.0348081 0.00327278 0.0188328 0.000111274 0.31909 0.0189841 0.000641744 0.00496778 0.0234016 0.00214151 0.00641752 0.00499236 0.00345913 0.0585527 0.0388199 0.0155011 1.1973e-05 0.000650749 1.93336e-05 0.00686986 0.0420639 
0.00255315 2.70158e-06 0.00463522 0.125863 0.00449022 0.0275935 1.65567e-07 9.50652e-05 0.123579 4.57315e-07 0.00167731 8.76314e-10 0.483958 0.00586342 0.00831825 4.91549e-05 0.031334 0.000158163 0.00524715 0.118523 0.00398708 0.0023556 0.0111598 0.00532102 8.44106e-10 4.65008e-05 2.39838e-07 0.0330012 0.000187614 
0.00714885 0.000803545 0.00384381 0.0133174 0.0149709 0.0627827 0.000123005 0.000309424 0.176654 1.02541e-05 0.0141664 3.30556e-06 0.526105 0.0101738 3.60145e-05 0.000211574 0.00781287 0.000122487 0.000818461 0.00155375 0.00113628 0.128546 0.00362161 0.000234143 8.60682e-09 0.000900831 1.1088e-05 0.0231393 0.00144343 
0.0264693 0.000157907 0.00469805 0.0108947 1.52282e-06 0.125745 8.39993e-11 0.000114738 0.0361611 8.31196e-09 0.0174772 1.19636e-10 0.670687 0.00661796 8.40072e-05 0.00760917 0.00198843 0.00138987 0.00385348 0.0347492 0.0030812 0.0181582 0.0029733 0.00287198 8.08819e-09 1.36997e-10 3.4569e-06 0.0211762 0.0030368 
0.0152851 7.29502e-09 0.000674759 0.0188341 0.0609993 0.0178588 2.43548e-06 0.000250393 0.0561866 6.11572e-06 0.0247256 0.00033867 0.615393 0.0125346 0.000308956 0.00282146 0.0383546 0.00120586 0.000681032 0.0110108 0.000170722 0.0864216 0.0198484 0.00386893 1.00266e-11 0.00027034 2.12605e-05 0.00381515 0.00811155 
0.195181 0.000183741 0.000128215 0.0095438 0.109652 0.0152735 5.98223e-05 0.184526 0.00421244 0.0168057 0.00294515 4.88345e-05 0.204054 0.100173 5.26919e-05 0.000197034 0.0130914 0.00346579 0.00031653 0.0160669 1.4509e-07 0.00697571 0.111284 3.32188e-07 6.76983e-07 8.04802e-07 0.00291151 0.00282609 2.2574e-05 
0.0202453 0.00416105 0.00118234 0.0349698 0.00464491 0.0333578 0.000247896 0.00832626 0.159063 0.000411959 0.00239428 3.53528e-10 0.240623 0.0364922 1.82868e-05 0.000422892 0.232068 0.00166426 0.000508949 0.0162951 0.0330349 0.010872 0.0234985 4.95265e-07 3.40535e-10 0.00575511 5.58351e-11 0.129741 1.53719e-10 
0.136363 0.046792 1.53456e-07 0.0931532 0.00551223 0.0152744 0.000726124 0.00259876 0.034549 0.00908104 0.0156496 1.2089e-05 0.489414 0.000245916 0.000256877 0.00827728 0.0103877 0.00270299 0.00369716 0.000151274 0.00244443 0.0144906 0.00385163 2.47135e-05 4.1375e-07 2.83133e-06 8.61639e-05 0.08267 0.0215841 
0.0229225 1.15625e-07 0.000533925 0.0158454 0.170601 0.0824605 6.12662e-08 0.00987044 0.127792 1.08381e-07 0.00404962 1.9946e-05 0.219066 0.0259266 5.36074e-11 0.000160476 0.0513928 0.000992679 0.000196983 0.00257654 2.52442e-05 0.049354 6.85964e-05 7.56016e-08 1.06442e-10 1.26539e-10 1.52922e-05 0.19254 0.0235886 
