0.0855533 7.29164e-06 4.26848e-06 0.0567227 0.00775788 0.0713049 1.94467e-07 0.0894642 0.00526787 9.27267e-06 0.0470766 0.0031136 0.00130746 0.287176 1.32586e-06 4.67692e-05 0.0751449 0.00812871 0.0946604 0.0246907 0.0173623 0.109065 0.0100348 1.67607e-06 8.02694e-09 9.54249e-09 7.32526e-06 2.98932e-07 0.00608985 
0.0759406 0.00277852 0.00105866 0.00867045 0.0359959 0.21648 7.86358e-05 0.000159456 0.0779445 0.000796285 0.0203999 1.36519e-06 0.00201416 0.261298 0.000230995 0.0271843 0.0478935 0.00277619 0.00167469 0.00985863 0.0172025 0.00615806 0.1664 0.000549464 3.81228e-08 2.91338e-11 6.59354e-05 0.0156327 0.000756627 
0.0118913 1.71572e-05 0.000829195 0.00305805 0.00507274 0.0236854 0.000747946 8.3397e-05 0.0115492 0.0127062 0.0249504 1.16884e-05 0.0136238 0.751394 0.0237017 0.00249243 0.0708528 0.000549291 0.000371856 0.00837927 0.00557953 0.00154263 0.0121572 0.00119599 7.25866e-08 5.54103e-07 0.000191467 0.0106238 0.00274121 
0.00630776 7.63558e-06 0.000735066 0.000821144 0.0105337 0.0430349 0.000106388 2.26741e-05 0.00252956 0.000486689 0.00036733 7.41996e-06 0.000671482 0.904843 0.000741323 1.58709e-05 0.00386583 4.28406e-05 0.00675476 0.00137074 0.000266058 0.00172726 0.00199526 0.000174641 0.0109066 0.000399415 0.000151043 0.00111286 9.07731e-07 
0.0153212 2.82143e-08 0.000846856 3.73691e-09 0.000192866 0.0131041 2.19879e-08 8.84517e-09 0.070667 1.87069e-05 9.01202e-06 5.79002e-05 7.47474e-05 0.61853 0.0522333 0.0929825 0.00124143 1.16634e-08 0.010222 0.0123498 1.01522e-05 6.27409e-09 0.0734617 1.48018e-08 3.01653e-08 3.58607e-08 1.01849e-05 0.00479987 0.0338662 
0.00878902 0.000619806 0.00234593 0.000478269 0.010763 0.00194264 0.000199786 1.00137e-06 0.000134142 1.31117e-05 0.00395643 1.31212e-05 0.00884282 0.876386 6.1658e-05 5.93141e-05 0.0010845 6.26798e-05 0.0549726 8.05585e-06 0.000154974 0.000758101 0.000108617 7.67085e-05 1.26798e-06 0.0275986 0.000466192 9.30499e-05 8.60716e-06 
0.0308249 0.000515355 0.00101303 0.00104494 0.00604753 0.0656376 5.56982e-05 0.0130667 0.0707954 7.75639e-05 0.0364164 1.45637e-06 0.0573585 0.370406 9.05582e-05 0.00654308 0.0457081 0.0956771 0.00105702 0.00546677 0.133288 0.0269433 0.0210219 0.00127187 8.08202e-05 8.79661e-05 4.22994e-05 0.00397615 0.00548409 
0.0142206 0.00726168 0.00833502 0.00796783 0.0152675 0.144088 0.000206626 0.000425556 0.076821 0.000473463 0.0128002 1.02983e-05 0.00248897 0.536492 0.0066931 0.00208511 0.0450853 0.00104667 0.00487695 0.00941559 0.000886089 0.00580995 0.0894093 0.000256356 9.45521e-08 1.69038e-05 0.000160314 0.00593294 0.001466 
0.0510136 0.000743232 0.0192456 0.00217299 0.164613 0.055503 0.00394919 0.000270192 0.142626 1.42366e-05 0.00457812 1.83722e-05 0.00788917 0.337117 0.00814441 0.0133875 0.0791702 0.00100179 0.00207129 0.0163778 0.00243315 0.00321287 0.050201 0.0101573 0.000281932 0.000693566 0.0192697 0.00383995 3.54336e-06 
0.0308831 4.94012e-06 0.00193172 0.0111228 0.0288501 0.153675 1.00057e-06 0.00109754 0.127104 0.000211041 0.0112241 0.000359894 0.0162458 0.194089 0.00406521 0.0559386 0.0889405 0.000504959 0.000729668 0.0994805 0.0352297 0.0194636 0.0107234 0.00086301 0.00889666 1.87027e-09 0.000193791 0.0848243 0.0133456 
0.0504464 2.8683e-06 0.00874845 0.016692 6.11788e-05 0.0221112 9.3037e-06 0.0030589 0.154732 0.00051598 6.27211e-06 4.80813e-08 0.0163381 0.645482 0.00110248 0.00122372 0.0209287 0.00307112 0.00591557 0.00440409 0.00150125 0.000692686 0.0398735 0.000491755 1.51311e-07 0.00013692 5.76458e-05 0.00239516 2.09064e-08 
0.00810203 1.11565e-06 0.00275947 0.0529682 0.000781802 0.0681444 3.23744e-08 0.0109701 0.0360232 0.00328793 0.00180816 3.2598e-05 0.0561057 0.582743 0.000372898 0.0499573 0.0376569 0.00944952 0.0317221 0.0131929 0.00164019 0.0115166 0.0181884 9.58369e-05 1.50951e-07 0.000712588 0.000694335 0.00107172 2.97003e-07 
0.0153101 0.00176412 0.0242315 0.0100691 0.00588061 0.217425 2.48463e-05 0.000434716 0.0904795 0.000470393 0.00736645 2.35447e-06 0.0555389 0.245079 0.00302326 0.000260474 0.159496 0.00306425 0.00272087 0.0287733 0.0118112 0.0101674 0.0689193 0.00247628 1.8771e-09 0.00247917 8.7253e-05 0.0322328 0.000411328 
0.0555059 0.00269552 0.00438188 0.00447868 0.0218902 0.0757681 0.04664 0.00354386 0.0312006 0.000528273 0.0375491 0.00161681 0.0075279 0.319143 0.000379598 0.0235019 0.0328625 0.000809614 0.00113648 0.0258959 0.0214058 0.00945987 0.215974 0.00343122 5.41068e-06 0.0307182 0.0174397 0.00147302 0.00303729 
0.00904444 1.16406e-08 1.34993e-09 0.000196511 5.88299e-05 4.29982e-05 9.07174e-09 6.39936e-05 0.000390478 1.45908e-08 6.33701e-05 1.29204e-08 6.17233e-05 0.967839 6.26794e-09 0.000808429 0.0164353 1.77105e-05 3.59853e-09 0.00177361 2.66732e-09 2.41111e-05 0.00215016 0.000923472 2.79172e-05 1.47954e-08 6.26376e-06 7.1943e-05 5.61798e-09 
0.0672449 0.000245859 0.000148731 0.188788 0.0749199 0.0264599 0.000113282 0.0291318 0.0683465 0.0108961 0.0516469 6.66545e-08 0.057889 0.195749 0.0614362 0.0150352 0.0235742 0.000813196 0.0013579 0.00904858 0.0582366 0.0149563 0.0176511 0.000122374 0.0155129 0.00160849 0.000383103 0.00198778 0.00669588 
0.0372844 2.91962e-05 0.00616908 0.00429019 0.0666976 0.131788 5.61646e-05 7.33377e-09 0.00467638 0.000187964 0.00854143 2.82669e-06 0.000553627 0.26388 0.00152759 0.0147423 0.0254715 0.0018496 0.00156456 0.00143185 0.0855197 0.00720733 0.11403 0.191536 4.59633e-11 0.00603326 0.000826392 0.000991019 0.0231126 
1.63959e-05 9.85758e-08 1.29704e-05 0.000166966 0.000488007 8.92443e-05 5.33047e-06 3.09035e-08 6.27773e-05 1.02921e-05 0.000164843 1.24112e-05 9.64268e-05 0.474984 0.050581 4.45655e-05 0.0103445 3.45214e-05 0.137543 8.8878e-05 2.25875e-08 0.000170335 0.0607696 0.000360372 1.05392e-07 1.25291e-07 9.7318e-06 7.49108e-05 0.263869 
0.0138844 0.00019376 0.0153458 0.000214455 0.00916021 0.0225089 3.80178e-06 0.000577051 0.11542 0.004674 0.0326791 9.29968e-06 0.00158107 0.587488 0.0032723 0.0252058 0.02105 0.000733848 5.58906e-05 0.0080953 0.0035237 0.0484135 0.0689372 0.00159284 1.82228e-08 0.00584644 9.64167e-05 0.00927527 0.000161764 
0.00899029 0.00154545 0.000661305 0.00265917 0.00651495 0.0374878 0.000328305 0.000167738 0.0132463 0.000222935 0.00250546 5.72572e-07 0.00204911 0.83995 0.00247413 0.00849598 0.0225041 0.00210886 0.0105558 0.0127468 0.00235954 0.00250623 0.00992786 8.54847e-07 1.23865e-08 0.00922514 0.000507481 0.000240448 1.78736e-05 
0.163102 0.00634802 0.0136872 0.00207674 0.00359591 0.024383 0.00011733 0.00153133 0.146771 1.76124e-05 3.05045e-05 0.00276033 0.00719625 0.302048 0.0069825 0.138261 0.121319 0.000354972 0.00298592 0.0118071 0.000289183 0.00582989 0.030139 3.51303e-06 1.28363e-08 0.00152368 0.00124815 0.00479161 0.000799608 
0.00542721 0.000180024 0.00267926 0.0103567 0.0582053 0.0284064 3.36613e-05 0.00128788 0.0618325 0.00239176 0.0113503 9.56339e-05 0.0458984 0.609173 0.00372393 0.000617522 0.0857393 0.000775841 0.00198109 0.0123291 0.0145417 0.00540132 0.0167776 0.00354014 0.00193838 0.00115063 0.00104186 0.0108654 0.00225848 
0.0260347 1.50265e-06 0.0070527 0.0129227 0.00638414 0.177923 4.91359e-05 0.00083542 0.10391 2.87867e-05 0.000818925 5.00191e-05 0.0115953 0.458375 0.000371864 0.00553951 0.0705601 0.00171453 0.00222851 0.0100488 0.0117414 0.00899281 0.0762645 5.47157e-05 6.82371e-08 0.000105796 8.7461e-05 0.00425241 0.00205644 
0.0201893 0.134963 0.000163983 0.0354081 0.00149236 0.093871 0.00202993 0.00740654 0.0165555 0.07758 0.000990993 5.28094e-08 0.00119314 0.344627 0.000120711 0.00708758 0.1312 0.000106887 0.0392666 0.024629 0.000504374 0.0235738 0.0216214 0.000545835 0.0117831 0.000943441 3.85394e-07 0.00209573 5.06914e-05 
0.0210849 0.000435382 0.0257075 0.00795653 0.0254806 0.0266639 0.000113324 0.00585715 0.128005 0.00168869 0.00249244 3.55792e-06 0.0027157 0.61007 0.022764 0.00957754 0.0231722 0.000749202 0.00227339 0.0260745 0.00385718 0.00692518 0.0147342 0.00237306 2.04157e-09 0.00162948 0.000567739 0.0109718 0.0160556 
0.0262645 0.0242775 0.00432465 0.00342412 0.0405387 0.167656 2.93942e-05 0.0019942 0.0969672 0.0616724 0.0614919 0.00144085 0.00252206 0.24422 0.00119134 0.029055 0.0562877 0.00214008 0.00257007 0.0196466 0.0308636 0.0130725 0.0681716 0.00230707 7.09146e-10 0.000234943 0.0140764 0.0204118 0.00314762 
0.00615148 1.14395e-05 0.000180247 0.00131075 0.00273121 0.0627879 0.00145624 0.00042618 0.283233 0.00131786 0.0219189 3.60344e-06 0.0718707 0.322185 0.000174584 0.00607855 0.159068 0.000495432 0.000253437 0.000520688 9.39292e-05 0.0207291 0.00275536 0.000464696 3.03915e-08 1.27644e-06 3.72768e-05 0.0299134 0.00382968 
0.0380271 0.012648 0.00147124 0.00508755 0.0272696 0.102846 4.5055e-05 0.000656703 0.0552732 0.000641857 0.0104854 0.036129 0.0100867 0.320718 0.000114086 0.127063 0.131378 0.00234216 0.000424159 0.033654 0.00628712 0.00969957 0.0502525 0.00410224 1.28376e-07 8.8e-07 0.0100803 0.00108797 0.00212804 
0.00145629 0.00303328 0.00765932 0.00684657 0.0006178 0.0109723 2.10188e-07 7.18435e-06 0.00390654 2.18573e-07 0.000824269 2.55655e-07 8.22735e-05 0.732349 0.000979105 0.0945204 0.00544895 0.00448293 1.23739e-05 0.00290539 0.000320841 0.00155984 0.121879 3.94787e-05 3.17998e-10 1.18778e-06 3.75178e-06 9.14267e-05 5.21526e-08 
0.0234047 0.00141663 0.000758414 0.00852495 0.0323955 0.12413 0.00490199 0.000221491 0.0292847 0.00131759 0.0504255 0.000100749 0.00292986 0.415967 0.000813925 0.00215517 0.182893 0.000833085 5.26092e-05 0.00263636 0.029489 0.0101337 0.0742028 0.000473042 3.47684e-09 5.38744e-05 2.05068e-05 0.000456716 7.4224e-06 
0.00823058 7.49713e-06 0.0189022 0.00367112 0.0190697 0.219785 0.000215683 0.000224128 0.0761899 0.00450503 0.000189283 0.000236939 0.0214062 0.474421 0.00764501 0.0484312 0.0140912 0.000505739 0.052272 0.00586302 0.00286391 0.000523102 0.012569 3.52465e-05 3.32605e-05 0.000120877 0.000360507 0.00763243 2.4401e-08 
0.0223226 0.000407753 0.00427959 0.00249243 0.00309454 0.0785623 0.000691155 1.04485e-05 0.00387175 0.000183981 0.000761302 2.45697e-06 0.00296147 0.724898 0.000378575 0.00187541 0.0175487 0.000852893 0.000857996 0.000289709 0.00290045 0.0018583 0.0720926 0.00157225 1.02653e-07 0.0523358 0.00110816 0.000840747 0.000948707 
0.00195758 0.000100805 0.00950095 0.0016461 0.00756215 0.101346 0.0046097 0.00241037 0.0164035 0.025317 0.0164604 6.75616e-05 0.00182472 0.559685 6.74972e-07 0.0034502 0.0712533 0.000471548 0.000312266 0.0380285 0.0188533 0.00957695 0.106864 0.000988052 1.42821e-09 0.00038876 0.000164491 0.000754772 2.57394e-07 
0.0643533 1.76656e-05 0.0064389 0.00709614 0.117708 0.130572 0.000580689 0.000211362 0.0235072 9.40783e-05 0.0207647 0.00107558 0.000531694 0.144643 0.000874877 0.0200659 0.0300824 0.00189934 0.000273005 0.0290699 0.0889986 0.0171465 0.086742 0.0962319 1.73319e-09 0.000117927 0.00487537 0.045345 0.0606822 
0.0327148 0.000216664 0.000952215 5.34617e-06 0.00302743 0.0555613 0.00976477 0.000150612 0.0144895 5.57134e-05 7.0439e-06 7.08292e-07 0.00248982 0.451506 0.00169817 0.000251253 0.0143224 0.000340989 0.00256015 0.00185537 0.00341623 0.00179172 0.399804 0.000244519 6.13695e-09 1.15588e-05 0.000355806 0.00181875 0.000586834 
0.0190973 0.000195419 0.0366026 0.0244578 0.016175 0.266484 2.96624e-06 0.000214762 0.136993 0.000182179 0.0117585 5.69945e-06 0.024362 0.293694 0.000319267 0.00134518 0.0650569 3.11408e-05 0.00851236 0.0045921 7.5388e-05 0.0140009 0.0683865 0.000258143 4.11454e-11 3.57762e-05 2.38431e-05 0.00575922 0.00137845 
0.0141613 0.000990226 0.0434023 0.00269716 0.00625888 0.026742 0.000664935 8.42428e-05 0.0551352 3.44363e-08 0.00204818 2.78959e-05 0.00256703 0.470323 0.0005493 0.0809969 0.0133589 0.000166724 0.0103843 0.006937 0.00773424 0.0044703 0.0134982 3.41989e-05 2.27911e-10 7.64253e-07 0.232157 0.00455931 5.11539e-05 
0.0333194 0.00010823 0.00310783 0.0292847 0.0487567 0.118583 0.000561104 0.00307443 0.0187565 0.000206819 0.0614162 0.000122242 0.00795384 0.230395 0.00756661 0.0223082 0.103706 0.00634676 0.00376423 0.0314982 0.0596458 0.031886 0.0866017 0.010626 4.79411e-05 0.000158196 0.0106559 0.0112596 0.058282 
0.0110666 0.00861661 0.013221 0.0115902 0.0145332 0.117773 0.000349927 9.85459e-05 0.0329494 0.000385118 0.00209009 2.19934e-07 0.00912553 0.546151 0.000245098 0.00155809 0.196701 0.00103037 0.00211562 0.0031287 0.00271737 0.00918307 0.0116111 0.00143122 4.79939e-07 0.00157687 4.19764e-05 0.00051286 0.000196291 
0.0372844 2.91962e-05 0.00616908 0.00429019 0.0666976 0.131788 5.61646e-05 7.33377e-09 0.00467638 0.000187964 0.00854143 2.82669e-06 0.000553627 0.26388 0.00152759 0.0147423 0.0254715 0.0018496 0.00156456 0.00143185 0.0855197 0.00720733 0.11403 0.191536 4.59633e-11 0.00603326 0.000826392 0.000991019 0.0231126 
0.00295264 0.00514971 0.00254235 0.00885905 0.0214602 1.202e-06 6.6806e-05 0.00273437 0.0613104 2.1082e-05 0.150329 9.62926e-05 0.011799 0.354051 0.0181104 0.0673614 0.065062 0.000148098 0.00463524 0.11586 0.0018388 0.0261908 0.00527349 0.00145669 5.60284e-06 2.51048e-07 0.0626853 0.00414354 0.0058552 
0.0124654 0.000729056 0.0804378 0.07588 0.0236926 0.0634301 0.000105739 0.0047849 0.0577142 0.000217965 0.0458213 0.000158879 0.00307736 0.246261 0.00929255 0.0113334 0.0579495 0.0197118 0.000817073 0.0609158 0.0186885 0.00407481 0.199193 0.000504697 3.30776e-07 0.000360197 0.000491782 0.00121884 0.000670908 
0.0654971 0.00129121 0.00852603 0.011901 0.0109813 0.0561997 0.0660723 0.0157293 0.0294232 5.95432e-05 0.0127854 2.77453e-05 0.0132225 0.405532 0.00493133 0.0022675 0.08531 0.0128017 0.00561496 0.0089195 0.10861 0.0101295 0.0426168 0.000140088 4.41919e-06 0.000162656 0.0132095 0.0063265 0.00170676 
0.0238497 4.83885e-06 0.000599516 0.00789723 0.00301143 0.0209022 9.86851e-06 0.000240119 0.00914152 0.00176317 0.000313385 1.25715e-05 0.000688279 0.739111 0.000132853 0.0753447 0.01804 0.00026411 0.00427301 0.00223395 0.00257494 0.00173052 0.0870233 0.000108626 9.75684e-07 0.00031655 2.04326e-05 2.06473e-05 0.000370832 
0.00314904 0.000105158 5.82725e-05 0.0168384 0.0269754 0.00520627 3.29921e-05 0.00541326 0.0497027 1.70389e-05 0.0123521 0.00277346 0.00496299 0.610147 9.97571e-05 0.0829534 0.0295534 0.00110387 5.08749e-06 0.00967877 0.000943455 0.0720471 0.00804179 0.0568416 1.1669e-06 1.24643e-06 9.42704e-05 0.000892997 7.97548e-06 
0.00132996 0.000938475 1.19169e-05 0.000325949 0.00867029 0.000618609 0.000382239 2.00995e-05 0.00372777 0.0141484 0.0113183 6.42364e-05 0.000494315 0.893163 0.000770491 0.00184372 0.048654 0.000303642 2.53359e-07 0.000973737 0.00183793 0.00914322 0.00101435 3.2756e-07 7.39504e-07 2.96179e-08 5.464e-05 0.00018949 2.38449e-08 
0.0283315 0.00753361 0.0505478 0.0686121 0.0118994 0.126082 0.0663463 0.00499039 0.00966657 0.000702993 0.00272942 5.29759e-05 0.0044493 0.216885 0.00355815 0.00168075 0.03521 0.000834982 0.00914208 0.144933 0.00188453 0.0121851 0.162372 2.91597e-05 7.15456e-09 8.5054e-09 0.0215759 0.0077158 5.00376e-05 
0.00263959 7.31557e-05 1.32588e-06 1.70702e-05 0.0925203 0.00226114 5.43572e-07 5.55161e-07 0.00882984 0.000143421 0.00298356 1.2669e-06 9.85819e-06 0.750753 0.00369798 0.00238167 0.101862 3.5287e-06 1.6399e-05 0.00111657 5.19727e-06 1.74145e-05 5.57623e-06 0.0140273 8.8376e-09 1.05062e-08 0.00114536 0.0154434 4.32864e-05 
0.030461 3.96849e-05 0.000201203 0.00309491 0.00401926 0.116622 8.92298e-06 0.0103292 0.00390171 0.000897645 0.00283099 9.54762e-06 0.00528665 0.662194 5.19652e-05 0.000614382 0.123007 0.000165761 0.00347512 0.0121274 9.87403e-05 0.000498813 0.0198617 5.13611e-05 7.17146e-07 1.88638e-05 3.53835e-06 0.000127872 6.80321e-07 
0.121828 0.047382 0.0148466 0.00188025 0.0217741 0.0543565 3.49034e-05 0.000275599 0.0952453 0.000367516 0.0108831 5.2324e-06 0.0535445 0.215122 0.0819739 0.10897 0.0439364 0.00252231 0.00275157 0.023136 0.00279168 0.00955195 0.0823211 0.000275097 1.67978e-09 0.00109257 0.000499524 0.00255038 8.15054e-05 
0.0380814 0.00138003 0.00316889 0.0166619 0.0175569 0.0541777 0.000177732 0.00440202 0.0785105 0.000324704 0.0174162 9.20942e-07 0.00638096 0.365481 0.0122521 0.0797893 0.119961 0.0023363 0.0063759 0.0170721 0.00463719 0.00734583 0.127472 0.00268986 1.13222e-06 0.00109589 0.00022386 0.012005 0.00302214 
0.00828182 0.0732693 0.00320485 0.00407195 0.00684665 0.107479 6.03925e-05 0.00101656 0.0463655 0.0187858 0.0167161 2.80691e-06 0.0381585 0.449457 0.0109425 0.0279626 0.0485156 0.000407753 0.00172078 0.00806313 0.0094539 0.0261222 0.0428742 0.000352754 2.9856e-05 0.000114344 0.00020336 0.0493418 0.000178945 
0.0153435 0.00223282 0.0166412 0.00810493 0.00128549 0.0537668 1.98077e-05 0.000440121 0.00982968 0.00299961 0.00461022 5.33306e-06 0.00143438 0.787725 0.00261238 0.00204993 0.0320077 0.00080325 0.0134718 0.00181884 0.00116977 0.00320251 0.0261945 0.00281125 6.4299e-07 0.00687496 0.000111906 0.000831695 0.00159965 
0.10607 0.000135144 0.0048356 0.00610044 0.105308 0.13956 0.00134995 0.0001049 0.0411177 0.000216558 0.024779 0.00065673 0.00703255 0.186026 0.0032111 0.0276315 0.0950435 0.00200008 1.97988e-05 0.00857994 0.00677694 0.00388153 0.167359 0.0333165 4.44081e-11 0.00037861 0.0120938 0.00466142 0.0117526 
0.0303684 0.00296157 0.00850151 0.0171664 0.147154 0.0320541 0.000914842 0.00480959 0.0620847 0.000491221 0.00974527 1.36446e-07 0.00489221 0.296648 0.0571313 0.0210114 0.0508829 0.0147812 0.00437238 0.0677729 0.0176691 0.00109336 0.0841138 0.026183 1.36455e-07 0.0235442 0.00973062 0.00392182 1.36592e-07 
0.00164333 0.00391443 0.000798588 2.2114e-07 0.00220101 0.0119534 0.000230176 2.55842e-07 0.0120572 2.03855e-05 5.74075e-07 8.21532e-08 0.000661884 0.926555 0.000164196 0.0167718 0.0164876 0.000211033 1.34454e-07 0.00468593 0.000200106 0.000143955 1.27805e-06 1.24688e-07 1.13626e-10 1.35079e-10 0.000620851 0.000408753 0.00026759 
0.0230199 1.5693e-05 0.00854053 0.00553488 6.89088e-05 0.0238576 4.02414e-06 0.000513393 0.0444006 0.00226475 0.000902995 3.40724e-05 0.0517283 0.702395 0.00721574 0.000769669 0.0577954 0.00121281 0.0541184 0.00426086 0.000853912 0.000743372 0.00821621 6.84157e-06 0.000160949 0.000522148 9.61808e-06 0.000547658 0.000285807 
0.0150865 0.000427843 0.00182902 0.00682341 0.0232669 0.067408 5.04218e-05 0.00090016 0.0337206 0.000647928 0.0412426 0.000167564 0.0112857 0.423964 0.00806158 0.006521 0.180366 0.0128749 0.0132196 0.00910871 0.0957758 0.00369633 0.0409324 0.000184775 2.58606e-08 1.35496e-06 2.49575e-05 0.00206004 0.000351704 
0.00512434 0.00053749 0.000398204 0.0140362 0.00244491 0.0662131 3.87511e-05 0.0565736 0.0577806 1.65014e-05 0.0226779 5.09279e-07 0.00478251 0.633856 0.000253464 0.00021737 0.041789 0.00621247 0.000143594 0.00371964 0.00175088 0.0380335 0.041947 1.82923e-05 0.000153222 5.24349e-05 0.000305999 0.000915663 6.9986e-06 
0.0499509 2.13289e-05 0.00552722 0.00788535 0.0164664 0.0443686 0.000153346 0.000408239 0.02675 0.00181326 0.000662521 2.68506e-05 0.0114225 0.627986 0.000502831 0.00064655 0.0205314 0.000230239 0.0797732 0.000984602 0.020441 0.00707937 0.0601366 1.94255e-05 7.82851e-08 0.00201301 4.93648e-05 0.0141499 3.53383e-08 
0.00630776 7.63558e-06 0.000735066 0.000821144 0.0105337 0.0430349 0.000106388 2.26741e-05 0.00252956 0.000486689 0.00036733 7.41996e-06 0.000671482 0.904843 0.000741323 1.58709e-05 0.00386583 4.28406e-05 0.00675476 0.00137074 0.000266058 0.00172726 0.00199526 0.000174641 0.0109066 0.000399415 0.000151043 0.00111286 9.07731e-07 
0.0985162 0.0208454 0.00194444 0.0293079 0.00629628 0.0272784 0.000100672 0.00847324 0.0389713 0.0018642 0.0123863 5.63349e-06 0.0365472 0.251236 0.000285485 0.239348 0.0466041 0.00512628 0.00471769 0.0675089 0.00726043 0.0280863 0.0648333 0.000124953 3.43847e-05 4.05783e-05 0.00117249 0.00101942 6.42844e-05 
0.00066627 0.00034176 0.0162592 0.000351512 0.00313212 2.43366e-05 4.11321e-07 7.28533e-05 0.0402206 0.000163405 8.15754e-05 1.35595e-10 0.000744771 0.914527 0.00274237 0.0131685 0.000804671 4.04705e-05 0.000946784 0.00102629 4.73126e-05 0.000117021 0.000562228 0.000127267 1.4665e-08 0.000730786 0.00185409 0.00123847 7.56705e-06 
0.0794019 2.92089e-05 2.89171e-06 3.32066e-05 1.03645e-09 1.18921e-05 5.5506e-09 2.23287e-09 7.44786e-07 1.96494e-05 2.47904e-06 7.90544e-09 1.67998e-09 0.703207 0.129989 0.0620135 1.01577e-09 1.35467e-05 2.20178e-09 3.76611e-06 1.63202e-09 1.58383e-09 0.0252619 8.22413e-06 7.61489e-09 9.05263e-09 1.24856e-09 1.85383e-09 1.03466e-06 
0.00367381 0.0264036 0.00201395 0.00736677 0.0355196 0.114418 0.000114638 8.81874e-06 0.0323752 0.000489601 0.00726819 2.30737e-07 0.00452665 0.460508 0.000198193 0.000914742 0.103846 0.00469509 0.000142181 0.147151 0.00279632 0.0167489 0.0269504 0.000170596 0.000375409 0.000392745 5.482e-05 0.000324322 0.000552122 
0.0340419 0.0245566 0.0371531 0.0136901 0.0335181 0.0927483 6.72541e-05 0.00109861 0.104562 0.000932853 0.00789584 1.78568e-05 0.00768315 0.366131 0.0138113 0.00912711 0.0665875 0.0136194 0.0141481 0.0350484 0.0170988 0.00702078 0.0558733 0.0290108 1.03755e-06 0.00359192 0.000427527 0.00721178 0.00332598 
0.0269369 0.000959032 0.000565735 0.0166429 0.00854929 0.0956045 1.69293e-05 0.00265003 0.0584336 5.64812e-06 0.0264649 0.000254849 0.00753081 0.413805 0.00519794 0.00521758 0.180829 0.010659 0.00222122 0.00497007 0.0234887 0.0808546 0.0248777 6.46987e-05 0.000114367 3.34047e-05 9.76637e-05 0.00253866 0.00041524 
0.00372686 0.0689448 0.0159169 0.00237263 0.00790437 0.113519 0.000293407 0.000195312 0.0142206 6.42006e-05 0.0175856 4.06734e-05 0.00212714 0.617397 0.000691927 0.00149234 0.0238462 0.000205583 0.000120328 0.0046484 0.0534998 0.00333522 0.0437062 0.00014638 1.43045e-09 0.000352565 0.000665978 0.000868493 0.00211207 
0.000481353 0.000180559 0.000425625 0.000789139 0.0003268 0.0358864 1.26206e-06 1.08215e-06 0.0442159 7.4349e-05 1.49671e-05 2.92646e-07 0.00135815 0.791628 0.00383432 0.000679088 0.0988527 6.81618e-05 0.00369318 0.00133773 0.000137317 0.000411164 0.0153517 7.59532e-06 2.36608e-08 7.64506e-06 5.81008e-06 0.000230053 6.3524e-08 
0.00757466 0.177269 0.00551863 5.14485e-08 0.00730037 0.122772 0.00087008 1.50312e-07 0.107685 0.0131993 0.000466272 8.48235e-11 0.00183321 0.477216 0.000123047 0.0199498 0.0288013 0.000466069 7.26435e-05 0.00787445 0.000430197 0.0104646 0.00245409 0.00506229 8.17059e-11 2.77877e-05 0.000776904 0.00178653 5.77362e-06 
0.0110657 0.000631065 0.00185765 0.00526802 0.00640978 0.0799997 0.0105622 0.000969073 0.0668633 0.00789716 0.00379155 8.95848e-05 0.128243 0.483665 0.00388024 0.0202712 0.066204 0.010992 0.0101778 0.0105949 0.0249049 0.00842309 0.0176369 0.0017807 0.00612449 7.50947e-06 0.00028374 0.00770144 0.00370355 
0.0814303 0.00166693 0.0422841 0.0196051 0.0123346 0.0777173 0.000128733 0.0326741 0.0608396 5.45016e-05 0.0344783 7.54272e-05 0.00779658 0.202871 0.00145338 0.00584756 0.0997101 0.01404 0.00747441 0.0323894 0.0242942 0.0161332 0.0643086 0.145103 5.27346e-05 0.00691707 0.00289732 0.0029842 0.00243814 
5.37652e-05 0.00902086 0.000125628 0.00226168 0.0230812 0.119023 9.25788e-05 9.94767e-05 0.00188862 0.00447487 0.000629264 2.35217e-07 0.000767072 0.728475 3.48911e-05 0.000659691 0.00667244 0.000220703 3.29217e-05 0.007233 0.0787265 0.00114896 0.0146896 0.000126451 0.000301263 1.8341e-06 0.00014218 1.19614e-05 3.95859e-06 
0.000131269 6.7512e-09 2.64635e-05 3.47844e-05 1.98462e-05 4.54638e-05 5.26133e-09 3.25961e-05 0.0402773 7.62446e-06 4.20491e-05 0.00301386 8.07375e-05 0.45649 1.09093e-05 2.62307e-09 0.325133 2.79085e-09 1.18981e-05 2.95546e-05 0.107491 5.19459e-05 0.0669955 1.23999e-05 7.21803e-09 8.58085e-09 2.36817e-06 5.922e-05 3.25825e-09 
0.0153844 0.00782623 0.042296 0.0870523 0.00575401 0.126504 0.000715504 0.00194964 0.0180104 0.000293646 0.038345 6.59715e-06 0.00121833 0.414384 0.00029469 0.0013747 0.0607519 0.0177041 0.00491701 0.00193795 0.0881173 0.00267557 0.037334 7.02939e-05 5.21337e-07 9.98908e-07 0.00016508 0.0244511 0.000465265 
0.00458409 1.81001e-05 0.00200073 0.00522748 0.00559849 0.106076 5.87183e-05 9.93934e-05 0.00445879 1.12849e-05 0.0456625 2.89757e-05 0.0789426 0.420906 0.00134198 0.00125148 0.0958979 0.00556836 0.0117128 0.0138763 0.11896 0.00292051 0.0649772 8.04579e-06 9.00501e-06 1.21633e-06 2.70044e-05 0.00957883 0.000196179 
0.0350417 0.00255789 0.0226141 0.0116645 0.000582619 0.0726289 1.42658e-05 0.00114283 0.022967 0.00159973 0.000934583 2.56367e-05 0.00280404 0.639995 0.000168393 0.000237778 0.0590443 0.00280501 0.0290467 0.00242616 0.0372107 0.00159776 0.0431734 0.000387463 1.02386e-09 0.00779318 0.000631189 0.000886895 1.84425e-05 
0.0192219 0.0030934 0.000768574 0.00160668 0.0102776 0.0490936 7.54702e-06 0.000356392 0.0210618 0.000130703 0.0516177 1.496e-06 0.00302235 0.707236 0.00173639 0.00217117 0.0922107 0.00113764 0.000241433 0.00656146 0.00892377 0.00310137 0.00586986 0.000137203 4.76792e-08 0.00944173 0.000173641 0.000672362 0.000124902 
0.0378707 0.000140367 0.00455346 0.00629058 0.00787593 0.0417071 4.82153e-05 0.00501389 0.298012 0.00353545 0.00830232 3.80268e-09 0.0120939 0.33742 0.0191141 0.00233788 0.124559 0.00307377 0.00973362 0.00277305 0.00925482 0.0018536 0.0401723 0.00146826 1.24277e-07 8.37871e-05 3.6065e-05 0.0206318 0.00204468 
0.00163603 2.51383e-07 0.00343467 3.40968e-06 0.0171419 0.0358061 6.94862e-05 0.00507335 0.00768325 7.75104e-07 0.114779 7.92902e-07 2.87144e-05 0.312733 0.0117906 1.54551e-06 0.264468 0.00513425 0.000833235 1.90035e-06 0.0466602 0.00704375 0.16402 0.00164283 2.2651e-07 1.06964e-05 1.49973e-07 1.48946e-06 9.60042e-09 
0.00236972 1.36626e-06 0.0302029 6.32699e-07 0.0333639 0.0517104 7.17161e-06 8.61624e-11 0.120115 8.5112e-07 0.0254451 4.14661e-07 0.0102979 0.689122 3.19939e-07 0.00109394 0.0277946 0.00014934 4.35473e-07 0.00670448 6.29766e-11 6.44503e-06 0.00084922 0.000105149 2.93845e-10 3.49325e-10 0.00052683 4.09195e-05 9.12963e-05 
0.0140952 0.00302077 0.0104824 0.00902509 0.0221461 0.0695525 0.000211599 0.000982322 0.0415263 0.00254036 0.00860433 1.45012e-06 0.00122561 0.658145 0.0197432 0.0152138 0.0334493 0.0136213 0.0024542 0.0475479 0.00534053 0.00177315 0.0091555 0.00807306 2.68349e-06 0.000252274 0.000116266 0.00110425 0.00059391 
0.00202901 0.00477631 0.0112877 0.0101665 0.0651854 0.0395172 9.47398e-05 9.11701e-05 0.0959992 8.17182e-06 0.0800683 6.04798e-06 0.00416637 0.485941 0.00115212 0.000865301 0.0312032 0.00559121 0.0667323 0.0441526 0.000146088 0.0105564 0.00659345 0.000275358 7.1356e-07 0.00206406 7.04236e-05 0.0307646 0.000495034 
0.00371664 0.0135575 0.0374691 0.0011826 0.0128145 0.0635835 0.000322132 0.000172815 0.0760334 0.000312768 0.00369933 5.19145e-07 0.00326411 0.606258 0.00254518 0.0162371 0.0289781 0.00256067 8.07204e-05 0.0534202 0.00487365 0.0014358 0.0555092 0.000143621 8.71601e-08 0.00237751 0.000206554 0.00660534 0.00263943 
4.02216e-06 1.93057e-08 0.000246703 3.05611e-05 0.00950045 0.00797479 4.92472e-07 1.24126e-06 0.0379218 0.000249546 0.00443047 1.87477e-06 0.0031148 0.895629 0.000123531 0.000449924 0.0039053 1.53895e-05 0.0028554 0.00459689 0.0214253 0.00524588 0.000798406 2.42582e-07 4.9808e-09 1.25569e-06 0.000383356 0.00109344 1.04303e-08 
0.0919512 8.03908e-06 0.0105724 0.0572425 0.0500189 0.142125 2.5324e-05 0.0449017 0.0307441 0.00239404 0.0154687 0.00166881 0.00696347 0.278646 0.0420315 0.0119372 0.0336874 0.000959484 0.0185897 0.0408638 0.00532186 0.00411724 0.0390223 0.000922327 5.69887e-05 0.00570183 0.000162774 0.0331404 0.0307544 
0.0600143 0.029649 0.0166059 0.0053301 0.0397633 0.117666 9.22051e-05 0.0016756 0.0668851 0.00143197 0.00331506 2.0452e-05 0.0107841 0.288241 0.000534354 0.189209 0.0253917 0.00062456 0.00309817 0.0125129 0.00429142 0.0267766 0.058585 0.00549101 2.5211e-07 7.58985e-08 0.0199099 0.0120923 7.99564e-06 
0.0265589 0.0260536 0.0158257 0.0166745 0.0229323 0.15743 0.000513443 0.000927457 0.0537312 0.000996537 0.00413493 3.86524e-07 0.00601923 0.387693 0.000615292 0.00114139 0.242918 0.000190123 0.000111366 0.0180821 0.0025678 0.000688279 0.012177 0.000833887 7.02664e-09 3.51227e-05 5.63977e-05 0.00108905 2.37062e-06 
0.00536587 9.65673e-05 1.08085e-05 0.0118 0.00073049 0.0658592 0.0493862 0.00166594 0.0173157 0.0133869 0.00423771 9.36932e-06 0.000317853 0.459392 0.00269285 1.16197e-05 0.0306627 0.0151358 0.00533539 0.00708321 0.175654 0.00506249 0.0572362 3.10431e-05 1.49465e-07 0.0702051 0.000368708 0.000945406 7.42171e-07 
0.00207773 0.124596 0.095261 0.000882328 0.00739236 0.0551707 0.109432 6.59895e-07 0.0355291 0.000370197 0.0058988 9.94627e-07 0.00723912 0.304056 0.0013424 0.000563916 0.134543 1.91612e-06 0.00213705 0.0328332 0.0300017 0.00474283 0.0385385 9.24764e-05 2.36724e-08 3.23058e-05 0.000853934 0.00622069 0.000188086 
0.0141839 4.05824e-05 0.000892144 0.0739615 0.00691357 0.113631 9.14797e-07 0.000697665 0.0262122 0.00136695 0.00114004 2.27939e-06 0.114265 0.603829 0.000153554 0.000308662 0.019138 0.00208913 0.00886449 0.000493633 0.000168696 0.0013197 0.00708762 4.00776e-05 0.00275331 1.49197e-06 1.52425e-05 0.000110965 0.00031812 
0.00161989 7.73654e-05 0.016623 0.00149628 0.00374464 0.0364547 0.000340414 2.91616e-09 0.0507649 0.00200808 0.00113294 5.89112e-05 0.0205538 0.798087 0.000912713 0.00152959 0.0203399 0.000371478 0.00140518 0.00231463 0.00190725 0.00381793 0.0166048 0.000585521 5.86384e-06 1.10881e-06 0.000326787 0.0136636 0.00325222 
0.00674578 0.0438863 0.0309338 0.004894 0.0137075 0.173079 0.000136833 0.000179686 0.0539752 0.00167935 0.00762211 4.00252e-05 0.0175416 0.42116 0.0395225 0.00404704 0.0853808 0.000584355 0.000406035 0.00354779 0.0077398 0.00200981 0.0642094 0.0087063 5.69989e-11 4.72518e-06 0.00042043 0.00265653 0.00518399 
0.12942 0.000627862 0.00135444 0.0132423 0.0768589 0.140936 0.015053 0.0201937 0.0654706 0.000200731 0.0466513 0.0129622 0.014215 0.173872 0.0268148 0.0283892 0.0368659 0.00174622 0.00398564 0.0373421 0.0348296 0.0089531 0.0406131 0.0118847 0.0118923 0.000801327 0.000415478 0.00972556 0.0346831 
0.0640437 0.00878124 7.83479e-05 0.0592841 0.00210003 0.074797 0.144173 0.0183917 0.0240932 0.000481985 0.016377 4.80966e-05 0.000332107 0.361927 0.000322775 0.0018759 0.0498637 0.00815229 0.00186466 0.0351334 0.0256024 0.0622421 0.0208681 0.000226161 0.000883303 0.00725349 0.000219041 0.00948209 0.0011016 
0.00897285 0.0299836 0.0210994 0.00632417 0.00320183 0.0219469 9.74575e-06 0.000642489 0.0216043 0.000745613 0.000476046 2.52893e-06 0.00599961 0.383997 0.00103714 0.00174955 0.000502576 0.00261728 0.0735732 0.220661 0.00132714 0.174221 0.016927 0.000219676 8.36188e-07 0.000194666 5.37539e-05 0.00150751 0.000401245 
0.0143007 0.00832109 0.00886139 0.000231514 0.00776236 0.078983 0.000510918 8.00632e-05 0.0537936 0.000247064 0.0112195 1.68817e-06 0.0128133 0.555388 0.00144928 0.00354704 0.150001 0.000337912 0.00067727 0.0134126 0.00535326 0.0345758 0.00739949 1.02473e-05 9.253e-08 0.000280568 1.87384e-05 0.0138803 0.0165415 
0.049279 0.00379556 0.0429324 0.0246042 0.00734358 0.0398742 9.84372e-08 0.0143233 0.156397 0.00172439 0.0347558 4.48597e-10 0.0384358 0.261434 0.0218773 0.00571304 0.0887868 0.0542838 0.0162462 0.0389961 0.0105118 0.013729 0.043543 0.00606247 4.32109e-10 0.0102759 8.47365e-05 0.00709037 0.00789947 
0.00839033 6.40395e-05 0.014248 0.00764715 0.00395643 0.0544089 9.01064e-07 0.00179894 0.04983 0.000529375 0.00824897 5.24795e-05 0.0739211 0.67764 0.000930067 0.021638 0.0240208 0.0027217 0.00739284 0.022504 0.00148266 0.000883965 0.0109633 0.0014148 4.21729e-06 0.000865302 0.000121091 0.00366864 0.000652287 
0.0129596 0.000237855 1.20521e-05 0.00370357 0.0246426 0.0652554 8.81992e-06 0.00287403 0.0241321 0.00464053 0.00160733 7.27038e-07 0.0143962 0.712918 2.35503e-05 0.00487929 0.0585912 0.00033825 0.0382084 0.0038566 0.000599142 0.00815876 0.0164783 1.45124e-06 7.38278e-09 0.00100354 0.000113061 3.10202e-05 0.000328547 
0.020239 0.00809786 0.0116117 0.0161893 0.0127139 0.0357814 0.000173869 0.000583278 0.0440401 0.00434348 0.0053442 6.04213e-06 0.0769637 0.546205 0.00320326 0.00763999 0.074128 0.0105743 0.00195822 0.00596854 0.0290857 0.049231 0.0300912 0.00085591 0.000315249 0.00063353 6.516e-05 0.00395539 1.79926e-06 
0.0198514 0.00146167 0.00377945 0.000534818 0.00951832 0.145054 3.45831e-07 0.0040604 0.0909452 0.00420312 0.00564841 8.9991e-07 0.00518363 0.34869 0.00181872 0.00191729 0.246668 0.000838714 0.000735531 0.00118252 0.00151724 0.00580083 0.0972479 1.15021e-06 3.14893e-05 1.27182e-05 9.05841e-06 0.00110242 0.00218437 
0.0298005 0.00394329 0.0355933 0.021122 0.00629178 0.134653 5.25308e-06 0.00117946 0.103875 0.00114129 0.135919 0.00382381 0.00498602 0.220447 0.00234476 0.00388193 0.117443 0.0338252 0.00143237 0.0325562 0.0557004 0.019352 0.0192701 1.48798e-05 2.35008e-06 0.00134241 6.26198e-05 0.00923812 0.000753342 
0.0627424 0.00195462 0.000695623 0.0514349 0.00114462 0.0397378 2.39921e-06 0.0347648 0.0494269 0.000466089 0.0337791 2.64985e-05 0.0212473 0.427364 0.00109135 0.00513916 0.0904031 0.0382155 0.0795824 0.00374051 0.00121056 0.000519062 0.043594 0.000733736 0.00555049 0.00380107 0.000149335 0.00147978 3.13266e-06 
0.0181666 7.93742e-05 0.000437671 0.00112903 2.67109e-05 0.106761 2.40073e-06 0.000249076 0.0083269 0.000220145 0.00274751 2.67796e-05 0.0001103 0.719412 0.025915 0.000205356 0.00263414 0.0173504 0.0891083 3.90129e-05 0.00633934 2.37348e-05 0.000433242 1.70741e-05 4.78182e-05 4.60472e-05 6.1972e-06 9.68956e-05 4.1524e-05 
0.0354568 6.7337e-05 0.0134995 0.000991152 0.000709512 0.0429062 0.000224525 5.64146e-05 0.0608195 0.000513309 0.00050751 1.67663e-06 0.0065283 0.697269 0.00615175 0.000811001 0.0761991 0.000874887 0.0174142 0.00115531 0.000383941 0.00312296 0.0269787 0.000837646 5.9096e-10 0.00366705 0.000833813 0.00113973 0.000879028 
0.00630776 7.63558e-06 0.000735066 0.000821144 0.0105337 0.0430349 0.000106388 2.26741e-05 0.00252956 0.000486689 0.00036733 7.41996e-06 0.000671482 0.904843 0.000741323 1.58709e-05 0.00386583 4.28406e-05 0.00675476 0.00137074 0.000266058 0.00172726 0.00199526 0.000174641 0.0109066 0.000399415 0.000151043 0.00111286 9.07731e-07 
0.000142324 0.00156609 0.000194942 7.27716e-07 0.00138773 0.00670184 2.29427e-07 0.000106671 0.113298 0.000970745 0.000469535 3.08614e-06 0.00424512 0.737899 0.0114871 0.00338506 0.0522298 5.67559e-06 0.00120652 0.00619503 0.000196011 0.000898999 0.00201425 0.00131448 3.21982e-08 5.66266e-08 7.68852e-06 0.0540732 8.68702e-10 
0.0366292 3.6663e-06 0.0195582 0.00529759 0.00827207 0.0210177 1.1238e-06 0.00970279 0.0367306 0.0062817 0.0164291 2.92012e-06 0.0112527 0.640847 0.00389242 0.00037433 0.028949 0.0186156 0.00689091 0.000915867 0.0279342 0.0155709 0.0812166 0.000330258 5.8232e-06 8.77697e-05 9.88185e-05 0.00282082 0.000270001 
1.5017e-06 0.00259806 1.60313e-06 0.000880629 0.00122176 0.000407744 1.22101e-06 1.17565e-06 0.00629429 4.26652e-05 2.96764e-10 8.85844e-07 6.03526e-10 0.978437 0.00080172 0.00052914 0.00108089 2.59453e-07 3.82705e-07 1.92643e-06 0.000399291 0.00584762 0.00118858 1.34284e-06 2.73562e-09 3.25213e-09 0.00018634 7.36088e-05 2.86594e-08 
1.83615e-08 2.86387e-05 0.0307173 2.05696e-07 2.0542e-06 0.0166768 2.44217e-07 3.88672e-08 0.38224 0.00444808 0.0128888 1.27404e-11 4.00706e-07 0.410177 0.00351767 0.00176718 0.0142033 3.36946e-08 6.45839e-08 0.0206374 3.47207e-08 1.22648e-06 0.0412594 0.000202412 1.22721e-11 5.54535e-08 0.000325738 0.0609057 8.53169e-08 
0.0185119 1.67701e-05 0.0013404 0.0308094 0.0105459 0.130715 0.00025773 0.00126635 0.0262979 0.0145125 0.00383386 1.3719e-06 0.00643017 0.577413 0.00161902 0.00229548 0.062166 0.000568147 0.0545394 0.0147928 0.00236309 0.00314927 0.0228441 6.6992e-05 0.000106024 0.00367439 2.85733e-06 0.00952136 0.00033814 
0.0721266 0.000324696 0.0220081 0.00661726 0.0347578 0.0253127 0.000175688 0.00398174 0.0573757 0.00157709 0.0119039 8.07795e-05 0.00414226 0.482117 0.0269128 0.00976947 0.0371025 0.0500387 0.00617892 0.0536493 0.00256215 0.00663635 0.0302788 0.00108177 5.22066e-07 0.0165415 8.13299e-05 0.0142414 0.0224228 
0.0114145 0.0153635 0.00213092 0.00594917 0.00456544 0.0492631 0.0124285 0.00360786 0.0769893 0.00316157 0.0304189 6.35819e-07 0.00538401 0.56977 0.00230399 0.053441 0.0625125 0.00121849 0.0146844 0.00631738 0.0164654 0.00115672 0.0344102 0.0122923 3.36923e-08 0.00102728 0.000438048 0.00278238 0.000502878 
0.00718364 0.00186307 4.53696e-07 0.0207038 0.00468749 0.0244391 0.000111321 0.00018541 0.0388285 0.00119926 0.03581 1.06904e-07 0.014115 0.483401 5.08836e-07 2.84143e-06 0.297456 0.00209549 0.0348439 0.00738576 0.00620668 0.0135355 0.00589852 3.49918e-05 2.75003e-09 1.36432e-06 8.26941e-07 9.76649e-07 8.4338e-06 
0.0108116 0.0486739 0.00552787 0.0446558 0.00508644 0.0546138 0.000525036 0.000583148 0.0308386 0.000545942 0.00972286 1.29658e-06 0.000763661 0.706527 0.000884159 9.42431e-05 0.0262362 0.00806841 0.00234317 0.0240589 0.00137243 0.000680766 0.016047 0.00020409 2.01078e-06 0.000137632 0.000858721 0.000129745 5.68862e-06 
0.0366583 0.000195131 0.00781067 0.0296871 0.0345586 0.0185611 5.1392e-06 0.000187284 0.0425171 2.1425e-05 0.0116015 7.42928e-06 0.0445467 0.609448 0.0230159 0.0003206 0.0754442 0.000663413 2.76595e-05 0.0446383 0.00768934 0.00113635 0.00333468 0.00456156 1.19787e-06 3.04394e-06 0.00168497 0.00167186 9.91464e-07 
0.0235491 0.00971858 0.00606905 0.0118889 0.0100903 0.0620768 0.000514379 0.00269852 0.0509429 0.019869 0.0425312 7.09763e-05 0.00872256 0.398072 0.00419517 0.000620315 0.133759 0.0149938 0.00685387 0.00697362 0.0523204 0.0279263 0.0857822 0.00158764 9.26112e-06 0.00101526 0.0126497 0.0039493 0.000549705 
0.0266948 1.26402e-07 0.00235859 0.00301191 0.08718 0.00138962 6.10375e-05 0.00676264 0.0247219 5.59328e-05 0.0148844 1.81586e-07 0.000839275 0.430614 0.0417977 0.0318769 0.0888769 0.00741432 0.000335328 0.0202956 0.0188151 5.12289e-05 0.105611 0.0831801 1.80358e-06 1.27763e-06 0.000118509 0.00304895 4.25009e-07 
0.00888349 0.128483 0.00202067 0.00527702 0.0222784 0.048888 0.189338 0.00536594 0.00565679 0.000311525 0.016767 6.17667e-06 0.000715209 0.230966 0.000743859 0.00192268 0.0120914 0.00693245 0.00198989 0.0221814 0.208542 0.00194915 0.0745981 0.00013248 9.77128e-05 0.000195655 0.00115582 0.00143418 0.00107612 
0.00487152 0.0158476 0.00301168 0.000356882 0.0397639 0.193365 0.00166873 1.06486e-05 0.0210258 0.00116163 0.00209964 1.95634e-06 0.00326076 0.595106 0.000233127 0.00271932 0.0455857 0.000321814 0.000659002 0.0027232 0.00162329 0.00161233 0.0557164 0.000211763 2.70563e-09 2.77684e-05 0.00010949 0.00686242 4.30473e-05 
0.0457601 0.00298249 0.00232649 0.00936435 0.0371974 0.0443408 0.0018916 0.000490423 0.170972 2.66507e-05 0.00104804 0.000202914 0.0745536 0.36298 0.00134548 0.00864872 0.031428 0.000103117 0.0958435 0.00674175 0.000879525 0.021392 0.0594264 0.000294297 2.27745e-06 0.00021668 4.62017e-05 0.0187089 0.00078551 
2.25963e-06 0.00224582 8.42642e-06 3.44886e-07 0.0138843 1.36564e-05 1.36282e-05 8.6429e-08 3.81978e-06 1.19106e-06 2.39501e-06 2.8185e-07 2.17789e-06 0.982973 2.54642e-06 2.24321e-06 8.57531e-06 3.77795e-06 1.73324e-06 9.30489e-05 4.24303e-06 1.74034e-06 5.97348e-06 1.54492e-06 7.75467e-11 9.21881e-11 0.000717898 4.07403e-06 9.69674e-07 
0.00764903 0.00537209 0.00336476 0.00303053 0.0102011 0.0767922 0.00960206 0.0066256 0.0675549 0.00302661 0.0228529 4.18016e-07 0.0114213 0.592429 0.0347604 0.00471442 0.077477 0.00240538 0.00309284 0.0211033 0.00226679 0.00313158 0.0276422 0.000148021 1.91447e-09 0.000637952 9.36323e-05 0.000952511 0.00165154 
0.0083274 0.000344632 0.00172585 0.00125946 0.00643869 0.129127 4.63588e-05 9.08249e-06 0.0306692 0.000595018 0.000984753 1.3008e-05 0.00263835 0.726309 0.000438852 0.00344797 0.0491273 0.000579144 1.26235e-06 0.00245206 0.00291785 0.00938858 0.0214292 0.000280415 3.81274e-05 0.000424963 5.54265e-05 0.000929187 1.33399e-06 
0.000423421 3.12939e-06 1.0571e-07 1.34132e-11 1.47371e-11 1.56566e-07 1.81601e-07 3.17487e-11 7.1835e-07 7.23674e-07 1.17458e-11 1.12406e-10 3.36833e-07 0.996867 0.000137617 5.23359e-07 0.00191782 4.18643e-11 3.13067e-11 0.00034049 2.32053e-11 1.62167e-07 1.03211e-11 5.31291e-11 1.08275e-10 1.28718e-10 0.000306921 2.68891e-07 2.15102e-07 
