0.00539291 3.8196e-06 0.00124747 0.0720123 0.0351441 0.0694848 1.64636e-05 0.0629451 0.0115277 2.76008e-05 0.0489753 0.00608859 0.00171505 2.72501e-05 0.000869256 0.0103993 0.635069 0.000386888 2.41007e-05 0.00219079 0.00733338 0.012761 0.0102474 0.00108003 0.000252313 0.000117343 0.000151338 0.00295243 0.0015573 
0.0587904 6.80982e-11 0.0271081 0.0350455 2.53096e-06 8.13996e-07 5.30701e-11 3.43735e-07 0.305564 0.0271825 7.8982e-12 3.40207e-07 1.71871e-06 0.0714726 4.44783e-06 2.50299e-06 0.466963 0.00649964 3.80192e-06 0.00135169 1.56039e-11 1.51432e-11 4.49864e-06 1.75091e-07 7.28071e-11 2.85713e-07 1.19377e-11 7.72818e-07 3.28655e-11 
0.0484926 1.7595e-05 0.000150735 0.013421 0.128956 0.0254011 5.12768e-05 0.0233752 0.0649334 0.00110935 0.0852583 4.57814e-06 0.00671654 0.0400903 0.000903612 0.100187 0.303611 0.00164387 0.00543726 0.00172308 0.000246986 0.0131848 0.0426242 0.0760643 1.03908e-08 0.0111526 0.000218661 0.0036922 0.00133215 
0.0287935 9.6042e-05 0.0384092 0.0177552 0.0817064 0.0947486 0.00411283 0.011155 0.157421 0.000129497 0.0396426 0.000501867 0.0564346 0.034301 0.000211113 0.00418576 0.216941 0.00283053 0.0111519 0.029518 0.034552 0.028986 0.0146742 0.0015635 2.31999e-05 0.00090587 0.00384164 0.0743163 0.0110922 
0.0178436 9.9865e-07 0.00866363 0.057641 0.0640049 0.0373707 6.59483e-10 0.00536889 0.292758 2.07566e-08 0.0237263 4.11036e-06 0.0303946 0.000328147 0.00191244 3.37048e-07 0.373503 1.36825e-06 0.00131629 0.00294747 0.00248104 0.04509 0.00987187 2.14974e-06 9.04746e-10 4.01627e-07 6.35038e-08 0.0120655 0.0127035 
0.0103078 5.0888e-06 0.0200624 0.035406 0.0557008 0.0868002 3.81184e-06 0.00309299 0.0553758 0.00128018 0.0910116 0.000391978 0.00746641 0.0736135 0.0011105 0.000797771 0.299447 0.0072763 0.00121951 0.0473213 0.0867995 0.0263577 0.0334844 0.00632151 3.61808e-05 0.000173265 5.55498e-05 0.0488984 0.000182896 
0.00237567 9.26027e-09 0.0143929 0.00459907 0.00600457 0.00351093 5.5163e-07 3.67342e-05 0.045061 1.63083e-05 0.0241969 1.03948e-05 0.00105003 0.000168716 0.00613106 0.00111621 0.865729 4.70056e-05 0.00020302 0.0108444 2.37613e-05 0.00748425 0.00685941 1.69593e-05 9.9006e-09 9.62799e-07 1.49438e-06 8.96168e-05 2.91115e-05 
0.0243367 7.53608e-07 0.0152071 0.00327294 0.0176567 0.11836 0.00184989 0.000772176 0.186946 0.000535595 0.00375472 0.000436318 0.0155562 0.164897 0.00519766 0.00981322 0.275266 0.00197341 0.0143884 0.0144708 0.00731248 0.00330295 0.0556652 0.00941022 1.6185e-09 0.00915353 0.0142373 0.0183898 0.00783735 
0.0314237 0.0494543 0.000966055 0.0306826 0.00886607 0.0453147 0.000102172 0.0109974 0.0250863 0.00156111 0.274942 8.62809e-06 0.00119737 0.0487242 0.0171271 0.000193547 0.319571 0.00281949 0.00476603 0.02289 0.00416038 0.0368797 0.00352914 1.15952e-07 2.90554e-06 1.52842e-05 5.67082e-05 0.057675 0.000987548 
0.00247877 6.11193e-07 2.37675e-05 0.00198228 0.000154525 0.00425748 4.76314e-07 0.101291 0.0828426 0.000117453 0.000726898 4.08206e-05 0.00272985 0.00953153 0.000212865 0.000166618 0.75032 0.000154186 0.0140126 0.0242998 1.40048e-07 0.00213182 0.000260022 0.000207396 6.53456e-07 0.00160074 0.000295957 0.000158964 2.94973e-07 
0.0399757 5.70457e-05 0.0112944 0.0280297 0.026072 0.151723 5.64132e-05 0.00261136 0.0620005 0.000161303 0.139237 2.74014e-05 0.00398749 0.06313 0.00134621 0.0985958 0.18042 0.0102313 0.00546904 0.0905692 0.0340427 0.00191519 0.0400424 0.00129903 4.90553e-06 0.0017689 0.0018593 0.000931111 0.00314142 
0.037778 0.00127424 4.49577e-05 0.0322774 0.039754 0.0901027 4.56814e-06 0.00365392 0.0625912 0.000596229 0.0938261 0.000633739 0.016976 0.149732 0.000695121 0.000922013 0.214462 0.0040852 0.0391311 0.00555482 0.0186489 0.0211199 0.0206667 0.0831411 5.84299e-06 3.48968e-10 0.00118487 0.0275114 0.0336257 
0.00748844 2.34066e-06 0.00301293 0.0103808 0.160909 0.00347534 2.09666e-06 0.0536357 0.0458642 9.35703e-05 0.058109 1.97131e-06 0.00433221 0.0170701 0.000396262 0.00461953 0.422101 0.000992105 0.000290424 0.00778792 0.00533572 0.00701509 0.0107608 0.171349 0.000101107 0.000196464 2.95488e-05 0.00456829 7.87238e-05 
0.00433532 0.0001327 0.00239606 0.0062311 0.0445272 0.0703547 2.85099e-05 0.000308865 0.119768 5.74171e-07 0.0033662 3.30245e-05 0.0131103 0.0392933 5.9371e-07 0.00108833 0.36927 0.000499177 0.00471441 0.154901 0.100886 0.00434491 0.0517677 0.00114078 5.33067e-10 1.24265e-05 2.2539e-05 0.00700298 0.000463116 
0.0249069 6.17252e-05 0.0191369 0.0106174 0.0149982 0.0667601 4.0781e-05 0.00201152 0.0535659 0.00109059 0.00897034 6.29294e-06 0.0270048 0.12554 0.00303933 0.00639472 0.509891 0.00413631 0.00191684 0.0255502 0.0168649 0.0142171 0.0546455 0.00117929 1.00203e-06 0.00173687 7.9603e-05 0.00487207 0.000764561 
0.0120762 2.34353e-07 0.000502363 0.0398301 0.0256195 0.0335657 0.000220446 0.00247361 0.103349 0.021009 0.0303648 5.38946e-06 0.0527745 0.229004 0.00216972 0.00154594 0.337242 0.00158312 0.0613442 0.00463658 0.00581672 0.00826154 0.0239509 0.000601695 2.10013e-09 3.8381e-07 3.84696e-05 0.00110457 0.000909909 
0.0597368 2.94747e-05 0.000320085 0.0225144 0.00918759 0.0306362 7.02396e-09 0.00111312 0.174049 0.000152515 0.000929537 0.00131084 0.00194181 0.0379907 0.000315617 0.0118734 0.377456 0.00106173 1.2931e-05 0.0152141 0.0652452 0.0273096 0.0719487 0.0874049 1.55851e-09 6.87013e-06 0.000706361 0.00114291 0.000390191 
0.0281978 5.99463e-05 0.00754596 0.0201637 0.0469892 0.148735 6.84494e-05 0.00469241 0.0312891 0.000266505 0.0741287 3.35313e-05 0.00341761 0.0680329 0.00172188 0.00886441 0.183375 0.00337586 0.000365199 0.0537797 0.166476 0.0146396 0.0775601 0.00081507 1.22132e-07 0.000577658 3.79977e-05 0.0171056 0.0376855 
0.0308496 0.000260659 0.006102 0.0440397 0.0387865 0.0711858 4.71479e-05 0.00871249 0.0671165 0.000437166 0.0452821 0.000196064 0.0265924 0.0240769 0.00217858 0.00384685 0.418169 0.00636367 0.00953289 0.11207 0.00541241 0.041914 0.0186629 0.00847102 1.72746e-05 0.00227572 0.000788367 0.00386427 0.00274824 
0.0155539 2.30187e-05 0.0134775 0.0282692 0.00703167 0.0513685 1.2722e-05 0.0370007 0.123815 9.46948e-06 0.0326454 7.31872e-06 0.00396467 0.183235 0.00765494 0.0275827 0.334664 0.00395977 0.000264664 0.0137565 0.00251187 0.00450672 0.00942673 0.0240709 1.9407e-07 2.18481e-05 2.27779e-05 0.0739812 0.00116137 
0.00230466 1.60372e-06 0.047925 0.0562737 0.037733 0.0221645 2.09585e-06 0.00334219 0.0553093 0.000942544 0.115002 1.61377e-05 0.0072488 0.00975261 0.00117498 0.000198381 0.60779 0.00153387 0.000853419 0.0110293 0.000141283 0.00359327 0.0110067 0.0017745 8.77756e-11 3.69157e-06 3.02072e-05 0.000719659 0.00213218 
0.00339487 0.00325028 0.0218974 0.00124455 0.00052973 0.00262125 0.100933 0.0083718 0.0915179 0.000392052 0.00264676 8.69004e-05 0.00252107 0.0716509 1.41557e-07 0.00797284 0.661162 0.000185886 0.0019569 0.00120168 0.00098105 0.00216704 0.00899378 0.000125059 8.5307e-10 2.31231e-05 0.00011067 0.00184832 0.0022135 
0.00590173 0.0352975 0.0288831 0.00603685 0.0793536 0.0661142 6.68827e-06 0.00121626 0.0897007 0.000835466 0.00983185 4.2653e-07 0.00112148 0.164492 0.00650583 0.00341859 0.345713 0.000456333 0.000587391 0.1075 0.000730578 0.00464523 0.00559553 0.000691972 1.1558e-08 3.22677e-07 3.35289e-05 0.00485745 0.0304715 
0.0234966 5.72138e-06 0.00120537 0.00333131 0.0439617 0.0344068 0.0003806 0.00110276 0.0332841 3.7413e-05 0.0273195 8.46505e-05 0.00072095 0.0303946 0.000248553 0.0266274 0.591423 0.00261403 8.9382e-06 0.00771612 0.0282213 0.0113355 0.00333571 0.00264444 1.52947e-08 9.93108e-07 0.00218738 0.0134157 0.110489 
0.0181081 0.00850988 0.000115499 6.73155e-07 0.00121662 0.000414089 7.23274e-09 1.60293e-06 0.13579 0.000220537 0.000943982 0.000333844 0.0702797 0.0129846 4.99732e-09 0.126735 0.618345 0.000442737 2.42446e-07 0.000977551 7.81118e-05 0.000284904 0.000174621 0.000483582 9.92261e-09 1.17961e-08 0.00244586 0.000131646 0.000981999 
0.00182623 4.97165e-10 0.0006114 0.00155196 0.00357148 0.0123283 1.1935e-07 0.00130733 0.101578 9.91468e-08 0.00896029 1.75225e-05 0.0631994 0.00100951 0.000120029 2.75251e-07 0.794523 0.000200593 0.000232299 0.00256842 4.88001e-05 0.00187206 0.000675904 4.27195e-05 8.02049e-08 6.31902e-10 8.71534e-11 0.00375034 4.07492e-06 
0.0199878 4.86048e-05 0.00572385 0.0111491 0.0229737 0.0520938 0.000584228 0.0092244 0.177736 0.000132263 0.00253987 0.000183917 0.0116205 0.0986656 0.0043978 0.00348445 0.187988 0.00578714 0.0461694 0.172473 0.0444952 0.0206439 0.0988607 0.000562992 0.000108742 0.000104647 8.66916e-05 0.00166308 0.000510063 
0.0118454 0.000855184 0.00778371 0.0168358 0.0253587 0.0501077 0.000816895 0.00305428 0.0182112 0.0027631 0.0801479 5.15664e-05 0.00496092 0.0445814 0.000938478 0.000543181 0.679005 0.00194329 0.0146842 0.00166749 0.00371603 0.00690233 0.0185857 0.000561036 3.68107e-06 3.66874e-05 1.63105e-05 0.00355424 0.000468291 
0.0382369 1.02952e-05 0.0249234 0.0175797 0.00287845 0.125026 1.94673e-06 0.00471495 0.150754 0.00327271 0.0360266 1.20362e-07 0.0226168 0.113505 0.0377682 0.0025446 0.244052 0.0295693 0.0042988 0.0231882 0.0285603 0.0233915 0.0630521 5.81458e-05 1.23126e-07 0.00241527 1.58918e-05 0.00150168 3.75493e-05 
0.00230827 2.25891e-05 0.00158999 0.0244016 0.000704456 0.0255811 5.79581e-06 0.00739935 0.0365428 0.00164559 0.0994612 0.00184929 0.00600764 0.012328 0.000237973 0.0011676 0.40842 0.00524897 0.000750014 0.332476 0.00134804 0.015774 0.0119636 0.000152772 8.38912e-05 0.000303611 5.44722e-06 0.00169061 0.000529619 
1.92819e-05 5.63181e-06 0.000237841 0.0284321 9.78139e-05 0.0594505 2.3819e-06 0.20717 0.0273574 0.10821 0.000153515 6.25098e-06 0.0187443 0.0313626 8.69501e-06 3.25852e-07 0.458524 0.00199537 0.00618765 0.00702299 1.93714e-05 0.0239981 0.0117665 0.00918123 8.96665e-07 4.97584e-06 5.41421e-06 9.36094e-06 2.55054e-05 
0.0502578 0.000953528 4.9483e-05 0.0167325 0.0374906 0.0395264 2.05393e-10 0.000958341 0.268117 7.95317e-07 0.0025741 0.00136522 0.0198891 0.106349 0.000213845 0.0149873 0.382973 0.000297676 0.000272216 0.003391 0.00222218 0.00104766 0.043911 0.00317932 2.7044e-08 2.03059e-07 7.61149e-05 3.94455e-07 0.00316466 
0.00474784 3.13324e-08 0.000345315 0.0111858 0.019608 0.0125898 2.87799e-06 0.00258559 0.0164908 5.95995e-06 0.0044186 3.13336e-05 0.00830378 0.00650746 0.00177628 0.000558903 0.889231 0.00153402 0.00186063 0.000975301 8.17857e-08 0.00382018 0.00369368 0.00113963 1.0911e-10 1.28044e-05 3.48249e-06 0.00620694 0.00236343 
0.0141979 5.86498e-05 0.00952279 0.00076013 0.0459501 0.130746 2.70206e-05 0.000457182 0.0789868 0.00106021 0.000497999 2.69213e-10 0.0448321 0.174539 9.52386e-06 0.0043563 0.411631 8.83828e-05 0.000813972 0.0373134 0.0160311 0.000861168 0.0213797 1.27057e-06 2.59318e-10 0.00563473 0.000122924 0.00012062 7.65471e-08 
0.00146238 4.09298e-10 0.000579325 0.00902858 0.00719973 0.00195322 3.18973e-10 6.22829e-05 0.00291211 3.10815e-07 0.000482782 1.92653e-05 0.00125739 2.27221e-07 0.00223994 0.0252379 0.933335 9.18555e-05 6.98752e-05 0.000142015 1.23996e-07 0.00621062 0.00765152 6.23435e-05 5.29577e-09 2.08436e-07 1.6003e-08 1.53625e-07 3.81976e-07 
3.33961e-10 9.56066e-06 6.33673e-07 2.32127e-06 2.58351e-06 9.37277e-06 1.77358e-09 1.17015e-05 8.48775e-06 0.0121355 3.43166e-06 2.52602e-09 0.00824955 0.322622 1.22542e-09 8.84227e-10 0.545677 9.40787e-10 0.109424 3.7594e-10 0.000398252 6.12405e-06 5.54356e-06 1.19393e-09 2.43318e-09 2.89258e-09 6.78613e-07 1.48147e-06 0.00143126 
0.0295553 8.22696e-05 0.000337485 0.0850267 0.00688731 0.066307 6.54003e-05 0.0429618 0.00988335 0.000352019 0.0202041 3.79405e-05 0.0149943 0.0294847 6.62665e-05 0.000287421 0.351489 0.00342697 0.209593 0.0838753 0.0163281 0.0162987 0.0070698 8.80583e-05 1.57156e-06 4.14485e-08 3.47242e-05 0.00196138 0.00330006 
0.0437456 0.00164894 0.0121983 0.0336926 0.0567839 0.0673964 9.79301e-05 0.0196392 0.0685394 0.000640216 0.0665863 0.000119507 0.00523718 0.0470716 0.00071918 0.00201851 0.324358 0.00463852 0.00696654 0.0219986 0.0417108 0.0301251 0.0254429 0.00282979 0.00983013 0.000733519 0.0035179 0.0135364 0.0881775 
0.0816584 7.02392e-07 0.000400928 0.0168741 0.0180729 0.0452066 6.58664e-10 0.0241794 0.0558192 0.0139468 0.0294661 1.67986e-07 0.0569369 0.181723 1.35518e-07 0.0133466 0.236665 0.00167269 0.0145636 0.0461051 2.20049e-06 0.0214519 0.134377 9.46847e-07 9.03623e-10 1.07423e-09 0.000637719 0.0059434 0.000948191 
0.00338365 5.28083e-06 0.00469134 0.0301982 0.0629621 0.0860816 3.4191e-06 0.0089539 0.0515161 0.00040714 0.140247 1.27881e-05 0.0142972 0.0277723 0.00431875 7.10865e-05 0.504301 0.000355504 0.000853733 0.0149293 0.000688125 0.0145963 0.00695304 0.00911595 2.78423e-08 0.0022689 2.70467e-05 0.00161654 0.00937336 
0.0236279 0.0120278 0.0234456 0.0224545 0.00855615 0.0726114 0.000233462 0.00357043 0.16392 0.000737678 0.0216283 0.000113517 0.0113498 0.159384 0.00165372 0.00549182 0.362782 0.00993449 0.00789558 0.0262684 0.0119058 0.00249518 0.0410748 0.00108365 0.0019125 2.56944e-05 0.000203034 0.00178597 0.00182649 
0.00189124 1.88046e-06 0.0155716 0.0114109 0.0261218 0.10858 3.63359e-06 3.33531e-05 0.0554549 0.000127382 0.0294151 2.31706e-06 0.000870056 0.17582 7.21614e-07 4.76014e-05 0.222626 0.000274601 0.00020584 0.0830089 0.176793 0.0205959 0.0647711 0.00350581 6.28313e-10 3.17035e-08 0.000443435 0.000344883 0.00207853 
0.0109245 4.25636e-05 0.000823061 0.00326243 0.0842692 0.107279 0.000111306 0.0145692 0.00560098 0.000163898 0.0562419 5.15605e-05 0.00182942 0.0235619 0.000214506 0.000938384 0.207218 0.00354874 2.31158e-05 0.0904346 0.17795 0.0723895 0.137316 0.000548756 3.67774e-08 4.37212e-08 7.33855e-05 0.000428867 0.000185313 
0.023567 0.000149738 0.00126407 0.00908543 0.0169378 0.05722 2.77847e-05 0.00153233 0.0954338 0.000393968 0.0378165 1.37876e-05 0.00786763 0.0963833 0.00640671 0.0810519 0.29396 0.00357489 0.00532346 0.035657 0.00423643 0.003583 0.0851563 0.00410651 1.67622e-05 0.0968023 6.16955e-05 0.031997 0.000372851 
0.0658087 0.00101691 0.0131227 0.0674623 0.0261918 0.104318 4.26102e-05 0.00956858 0.0575724 0.000395208 0.0515122 0.000121962 0.0339881 0.0288126 0.000739382 0.00138463 0.333662 0.00168606 0.0456771 0.0260283 0.00204906 0.0426124 0.0133367 0.00223671 0.00155507 0.000906855 6.02182e-05 0.0036995 0.0644314 
0.026444 0.000367443 2.71162e-05 0.00620843 0.0176019 0.0353966 4.50187e-07 0.0256668 0.0644146 0.00146713 0.102806 0.00373441 0.000463853 0.227714 0.00207609 0.0181605 0.249081 0.0029428 0.00366035 0.101718 0.00828781 0.00305693 0.0289954 0.000631331 0.0610842 2.00844e-09 1.7701e-06 0.00799008 7.6263e-10 
0.0153898 8.2547e-06 0.00171092 0.0708775 0.0165319 0.0732696 0.000165583 0.003505 0.0470767 0.000682255 0.000217362 4.71162e-05 0.00674289 0.0287889 0.00304425 0.000497481 0.521132 0.00125226 0.0117775 0.0165571 0.000839069 0.0812199 0.0972835 5.75148e-05 1.78747e-08 2.50523e-05 6.25118e-06 0.0011928 0.000101236 
0.0378451 0.000614999 0.00041957 0.0162262 0.02522 0.192631 3.79552e-05 3.01703e-05 0.112148 0.000615167 0.0238899 1.32351e-06 0.0140923 0.196534 0.000245896 0.105037 0.209151 0.00245889 0.0183973 0.00308779 0.00532649 0.00285068 0.0280467 8.13138e-05 9.16901e-11 1.73474e-05 0.000196033 0.00441039 0.000386864 
0.0513364 8.52815e-11 0.000667825 0.0849189 0.0207025 0.0695332 1.70073e-05 0.000752463 0.161761 5.05876e-05 0.0640761 8.37947e-05 0.0264273 0.00691793 4.59202e-11 7.8655e-05 0.41829 8.71878e-05 2.76533e-07 0.0145122 0.00176681 0.0727032 2.76536e-07 0.000137665 1.71288e-06 1.08394e-10 2.35848e-05 0.00388678 0.00126629 
0.0597368 2.94747e-05 0.000320085 0.0225144 0.00918759 0.0306362 7.02396e-09 0.00111312 0.174049 0.000152515 0.000929537 0.00131084 0.00194181 0.0379907 0.000315617 0.0118734 0.377456 0.00106173 1.2931e-05 0.0152141 0.0652452 0.0273096 0.0719487 0.0874049 1.55851e-09 6.87013e-06 0.000706361 0.00114291 0.000390191 
0.0199633 3.85219e-05 0.000968133 0.0204764 0.0479413 0.211741 2.71068e-06 0.00397805 0.0372373 0.00346181 0.0180145 0.000103502 0.0122968 0.110425 0.000696966 0.000552929 0.23465 0.0272352 0.0272941 0.0403003 0.00231238 0.129067 0.0165303 2.37388e-05 1.82041e-07 0.000176843 0.0180062 0.0112973 0.00520959 
0.00146238 4.09298e-10 0.000579325 0.00902858 0.00719973 0.00195322 3.18973e-10 6.22829e-05 0.00291211 3.10815e-07 0.000482782 1.92653e-05 0.00125739 2.27221e-07 0.00223994 0.0252379 0.933335 9.18555e-05 6.98752e-05 0.000142015 1.23996e-07 0.00621062 0.00765152 6.23435e-05 5.29577e-09 2.08436e-07 1.6003e-08 1.53625e-07 3.81976e-07 
0.00392718 0.00255684 0.0341092 0.0461635 0.0366111 0.0934846 8.37333e-05 0.00591677 0.118256 0.000196237 0.0458782 3.1343e-05 0.00535778 0.0429506 0.000420893 0.000519499 0.244449 0.00225156 0.00134347 0.189885 0.0149283 0.0103698 0.0259353 0.00285448 0.000700331 7.11994e-07 6.17143e-05 0.0701435 0.000613915 
0.049415 0.000478207 0.0517621 0.0251835 0.0377302 0.163164 0.000163589 0.000551754 0.112806 0.000253342 0.108847 0.000428927 0.0181621 0.0464318 0.000514785 0.00746819 0.195968 0.00832387 0.00397603 0.0410417 0.0121065 0.00309634 0.0564218 0.0137172 6.65753e-07 0.00114888 0.00874935 0.0269404 0.00514874 
0.0302475 0.000342063 0.00396651 0.0276181 0.00128931 0.0091527 1.37418e-10 4.13277e-05 0.0114099 0.000347227 0.00617405 2.98283e-08 0.00071594 0.00733546 0.000999714 0.00151053 0.85777 0.00194433 0.0030031 0.0286883 0.000617078 0.00322237 0.00346982 2.74319e-05 8.87714e-07 7.08539e-08 7.94944e-10 7.03582e-05 3.64041e-05 
0.00838292 9.93352e-06 2.71657e-07 2.33227e-06 0.0154948 0.224876 5.96294e-09 0.000251107 0.0101233 6.08799e-06 0.0501565 0.000327142 2.21537e-05 0.00378938 0.000892958 0.000146395 0.525363 1.19111e-06 1.31866e-05 5.34169e-06 0.153139 0.0069164 1.68479e-06 4.19117e-05 8.18058e-09 9.72513e-09 1.74509e-07 7.71546e-06 2.91719e-05 
0.0280761 4.65766e-05 0.00805671 0.0912354 0.0028061 0.0697763 8.78755e-07 0.00407922 0.0754511 0.0010546 0.00473985 4.14971e-06 0.0303068 0.145909 7.14833e-05 0.000304697 0.405746 0.00639032 0.0246038 0.00214029 0.00577264 0.0177121 0.0716007 0.000496975 3.52339e-09 0.00047588 5.16907e-05 0.00309083 1.59048e-09 
0.0188794 9.10682e-07 9.1206e-07 9.12034e-07 0.0212509 0.109185 0.032889 0.00574496 0.169111 9.10286e-07 9.12059e-07 0.00163983 0.0465063 0.199462 0.00492249 9.11636e-07 0.202286 9.11593e-07 0.00647438 9.11981e-07 9.11883e-07 0.0581798 9.12081e-07 0.00373775 9.10575e-07 9.10258e-07 9.11966e-07 0.10322 0.0164988 
0.0335605 0.000570222 7.7953e-06 9.27826e-05 0.00387926 0.000784749 0.000285298 0.00223695 0.00117181 0.00129571 0.146859 1.76593e-05 0.00149704 0.17281 9.02214e-08 0.000149581 0.586784 0.0106758 0.00931414 0.00036589 0.0171997 0.00377617 0.00576255 2.9147e-05 0.000589229 2.12966e-07 2.18004e-05 0.000262949 8.08658e-08 
0.0257502 0.00018123 0.0185998 0.016213 0.179543 0.163856 2.20298e-05 0.00222702 0.0290601 0.000559296 0.0312087 0.00180634 0.0162416 0.0643247 0.0109193 0.00466228 0.27312 0.00104006 0.00320622 0.0144365 0.00284388 0.0979158 0.0279597 0.00229988 0.00144569 0.000521332 6.58269e-05 0.00662204 0.00334928 
0.0336918 0.00056018 0.000200258 0.0213368 0.0556331 0.130546 0.000502238 0.00225552 0.0116004 0.00522969 0.0881466 0.00151888 0.00116121 0.162446 0.000385416 0.0343072 0.28314 0.00147587 0.0046237 0.00305762 0.017483 0.0361138 0.0600144 0.0155594 1.55202e-06 0.0261528 0.00194976 0.000675373 0.000231622 
0.0224583 3.24866e-05 0.0165197 0.00969329 0.038881 0.021985 1.97046e-05 0.000516464 0.0728057 0.00026009 0.0453359 0.000243076 0.00866105 0.157809 0.0105818 0.00646945 0.235884 0.0096845 1.54794e-06 0.0043059 0.113502 0.0386262 0.153012 0.0196928 4.3571e-07 0.00145774 0.000760406 0.00354621 0.00725373 
0.039098 5.03869e-09 0.000134354 0.0359649 0.0179835 0.115112 5.82286e-07 0.00534774 0.0228651 4.41012e-05 0.131083 2.32074e-05 0.000702996 0.00489583 4.40731e-06 0.00162258 0.471153 0.000198583 3.87449e-08 0.0711723 0.000616463 0.0402495 0.00421462 0.000131106 1.89119e-05 6.40423e-09 3.42388e-07 0.00173307 0.0356308 
0.0113609 0.000172568 0.00113437 0.0066198 0.0312298 0.0310089 6.99563e-07 0.00167911 0.0309826 1.89572e-05 0.305887 0.00153128 0.00458117 0.00390841 0.000533793 0.00328064 0.45853 0.000720499 0.00034546 0.0090667 0.000700607 0.0650346 0.00594131 9.63856e-05 7.45388e-08 8.86123e-08 7.4816e-07 0.0244206 0.0012127 
0.0232967 0.00088119 0.00531122 0.021335 0.00613248 0.0773575 0.0116289 1.53202e-05 0.0732495 0.000165406 0.0163909 0.000279037 0.0128161 0.183323 0.00721853 0.0189124 0.410615 0.00479461 0.0116551 0.00352109 0.00585684 0.0296479 0.049259 0.00306586 0.00805146 4.58411e-06 4.97415e-06 0.0148739 0.000336124 
0.0456466 0.000110335 0.0130017 0.0912783 0.0193201 0.101134 1.29388e-06 0.0127949 0.0955364 0.000164873 0.0264292 0.000854373 0.0238953 0.130376 0.00991784 0.0344997 0.288713 0.00332998 0.0287632 0.00662529 0.0106177 0.00975751 0.0235173 0.00314379 2.24187e-09 7.29815e-06 2.87818e-05 0.0205361 2.7831e-07 
0.0279922 0.000336559 0.000169046 0.000140121 0.00173059 0.0385913 0.000148715 0.000280415 0.109535 0.00053259 0.000434069 2.72878e-05 0.023762 0.225044 0.00119897 0.014371 0.460856 0.00268446 0.00506693 0.0267375 0.000503256 0.00144051 0.0287292 0.000808564 3.86993e-08 0.00510151 0.000134647 0.0121754 0.011469 
0.232169 2.57242e-07 1.28394e-06 0.0373991 1.02028e-05 0.00086451 9.59051e-08 0.0888393 0.0181173 1.49974e-06 0.000668405 0.000481225 1.43506e-05 0.000185494 1.65175e-05 4.2339e-05 0.27377 0.026727 0.062388 3.64687e-05 0.000229189 3.11928e-05 0.131096 6.45611e-08 1.54992e-06 0.126909 3.74398e-07 3.20311e-08 5.93924e-08 
0.0359981 0.0276478 0.0052898 0.00572045 0.0133274 0.111718 0.000880933 0.00087313 0.0451165 0.000241255 0.00414716 0.000416115 0.162279 0.167193 0.000236242 0.0995194 0.229741 0.000306634 0.000429589 0.00756648 0.00621413 0.00502686 0.0353582 0.00406867 6.63891e-05 1.22541e-05 0.00390282 0.0236315 0.00307143 
0.0242495 1.43521e-05 0.0121331 0.0416838 0.0151395 0.0765097 1.34951e-06 0.0611699 0.0482049 1.41808e-05 0.000131456 0.000167486 0.00193733 0.047616 0.00187764 0.000869076 0.571632 0.0213765 0.00161141 0.0150083 0.0169359 0.00149724 0.0385661 0.00134585 8.21803e-07 0.000192878 5.24913e-05 6.13142e-05 3.70966e-07 
0.0121263 0.00133755 0.00229205 6.98639e-06 5.95045e-06 0.113183 2.08612e-06 1.89743e-05 0.277173 5.91696e-06 0.000518694 0.000351773 0.0948405 0.0181183 5.29296e-06 0.00850906 0.337917 0.0332083 0.000983725 0.0554675 0.00010488 0.0272566 0.0159134 1.04905e-08 0.000109493 2.54157e-08 3.50539e-09 0.00024021 0.000303323 
0.0026577 0.000251299 0.0378873 0.00901395 0.0262716 0.194418 1.0308e-10 0.000646749 0.207383 1.10291e-05 0.00223561 6.37099e-07 0.00800372 0.0363352 0.000660361 0.0164751 0.395416 4.99736e-05 0.0160491 0.00198008 0.0145526 0.0033769 0.0199493 1.97517e-05 5.20824e-07 1.07555e-07 2.47543e-05 0.00526646 0.00106343 
0.0039566 0.000175844 0.000971523 0.00381402 0.00510455 0.00725344 1.43711e-05 0.0156958 0.0676669 8.5821e-06 0.106871 5.21208e-05 0.036176 0.0687193 9.33762e-06 0.000887259 0.625259 0.000800835 0.0104964 0.00160973 0.00100397 0.0363774 6.37747e-06 3.30704e-08 6.83173e-07 3.01628e-05 1.10505e-08 0.00700956 2.92567e-05 
0.0538588 0.00197207 0.0133365 0.0468277 0.131255 0.114281 7.66757e-05 0.00259005 0.0679859 0.000315735 0.073947 0.000842319 0.0089437 0.0303054 0.00176496 0.0103655 0.174915 0.00614743 0.00722811 0.053293 0.0146231 0.0216542 0.0313654 0.0303154 1.41594e-06 0.00231573 0.0113823 0.00964489 0.0784453 
0.0187253 0.00215948 0.0355158 0.0224155 0.00619161 0.0980854 0.000216334 0.000796355 0.0475089 7.10557e-05 0.0567995 1.66649e-05 0.0041028 0.0531178 0.00051948 0.00147253 0.325279 0.0367533 0.000803628 0.0207807 0.198715 0.00481596 0.0467845 0.00259482 2.24322e-06 4.5391e-05 9.38009e-05 0.0155885 2.90946e-05 
0.0553327 0.00322432 0.00274507 0.0385705 0.0380316 0.131568 2.31097e-08 0.00215051 0.136498 0.000172944 0.0115618 0.0167387 0.0255878 0.049632 5.22674e-05 0.00807665 0.286323 0.00721846 0.0988067 0.0158925 0.00235881 0.00464244 0.0589198 6.46775e-06 1.20361e-09 0.000539881 1.96793e-05 0.00510556 0.00022454 
0.00893844 0.00943762 0.000442885 0.00529561 0.0629298 0.217347 8.44306e-05 0.000236648 0.0375018 4.79576e-06 0.109059 3.12583e-05 0.00556533 0.0462911 1.08748e-06 0.000166439 0.262943 5.56552e-05 0.000885009 0.00546824 0.0913746 0.027195 0.0632718 4.34999e-05 2.08096e-09 2.47387e-09 0.00111162 0.0396974 0.00462129 
0.117221 0.000266224 0.000407711 0.0623322 0.0168856 0.05133 6.12008e-06 0.111374 0.0184215 0.000189208 0.0371927 0.00127823 0.0216542 0.142855 4.02005e-05 0.00274389 0.147364 0.063203 0.0221354 0.0176255 0.000398154 0.0333656 0.125268 6.20739e-05 1.20807e-06 0.000188609 0.00553381 0.000638878 1.74199e-05 
0.000245257 1.86703e-07 1.08524e-07 0.000232719 0.00113684 4.62278e-07 3.2477e-10 0.00248546 0.00277834 5.22354e-10 5.09859e-07 1.6854e-06 0.0021093 0.000313397 7.81338e-07 2.46557e-07 0.990687 9.75067e-07 1.25358e-06 1.97145e-07 4.87801e-07 6.11472e-07 6.97654e-07 2.76773e-07 4.45552e-10 2.12114e-07 2.02701e-06 4.11734e-07 3.82779e-07 
0.0388132 0.000971518 0.000443971 0.105655 0.0386251 0.106746 8.37392e-07 0.0272589 0.140327 8.03777e-05 0.0442317 1.06495e-05 0.00949625 0.108466 0.0050918 0.0144944 0.234748 0.00336437 0.00399536 0.0321807 0.0291761 0.00637963 0.027813 0.00687213 0.000175368 0.000501174 0.000308111 0.00978385 0.0039901 
0.0062818 0.00027853 0.111678 0.0113551 0.0504171 0.1668 7.62356e-06 0.00140663 0.170091 0.000274937 0.0263468 1.48497e-05 0.047094 0.101801 0.00132651 0.00122384 0.182877 0.00394845 0.00116 0.0102057 0.00237697 0.030264 0.0144527 0.00132183 6.26284e-10 5.27372e-05 6.77558e-05 0.0528216 0.00405298 
0.166159 0.0566106 3.75122e-11 0.13064 0.00262102 0.115878 0.000583765 0.0141933 0.0418224 4.05452e-10 0.0265593 3.59034e-10 0.0145983 0.0666949 0.000123786 6.27273e-05 0.192075 0.00179056 0.00546104 0.00949945 0.0110485 0.0006089 0.0105659 0.00423865 4.78613e-07 4.11135e-10 0.000176298 0.00473842 0.123249 
0.000121373 0.0984108 5.78172e-07 0.00320236 0.0519476 0.24175 0.000178924 1.03763e-11 0.0104434 0.000669069 0.00615898 3.6737e-11 0.000218239 0.252868 5.17238e-08 0.00573802 0.263147 1.89299e-05 1.99464e-08 0.0529209 0.00378389 0.00578532 0.00202702 1.78633e-08 1.03843e-08 4.20681e-11 0.00016903 0.000440258 5.92508e-07 
0.00448757 1.60454e-05 0.00525574 0.0200144 0.0615948 0.0129762 2.42163e-08 0.00256012 0.0220778 2.13323e-05 0.00639473 7.15532e-06 0.00222993 0.0423062 0.0021384 0.0583302 0.601905 0.0014288 0.000507097 0.00341475 0.064536 0.0550481 0.0297331 8.07655e-05 5.82252e-09 1.78834e-07 2.42182e-05 0.000189656 0.00272192 
0.00546738 3.75128e-05 0.002633 0.0727944 0.00831992 0.14454 4.64874e-05 0.000100703 0.0775497 6.27704e-05 0.00333147 1.43993e-05 0.0144926 0.0120568 0.00043575 0.00120914 0.584071 0.000832671 0.00249577 0.0203493 0.000834783 0.00596126 0.0402325 1.31726e-05 6.6303e-06 9.3817e-08 2.27473e-06 0.00210754 8.14668e-07 
0.161657 0.00179307 0.0247331 0.0140274 0.0386195 0.145961 0.00578013 0.0160172 0.0258906 0.000412565 0.106029 3.76419e-05 0.00654246 0.0870282 0.000434597 0.0548439 0.170745 0.00770855 0.000488612 0.0425095 0.00838427 0.007545 0.0213154 0.00549321 0.00206535 6.29692e-05 0.000679042 0.0272597 0.0159362 
0.00224519 0.12898 0.00117996 0.013018 0.0317834 0.210102 0.000500865 0.000246378 0.0134148 3.27216e-05 0.0659019 1.72235e-05 0.00603045 0.0667689 0.000226901 0.00187142 0.261173 0.00337052 0.00180456 0.128018 0.00230461 0.0204379 0.0233035 0.000401078 8.08758e-09 5.51071e-06 0.00021131 0.0153618 0.00128834 
1.37159e-07 2.37179e-07 0.180549 0.000323103 0.00201622 0.0156354 7.40537e-06 0.000172855 0.111965 0.000341991 0.0131257 2.26738e-07 0.00884745 0.0240732 3.32621e-06 6.8404e-06 0.62903 5.0791e-07 0.000550733 0.000412153 0.000374383 0.00162024 0.00250811 0.000685531 9.69132e-10 1.15211e-09 2.42016e-06 0.00774784 4.08015e-08 
0.0218102 0.000103316 8.63911e-05 0.000474409 0.000293227 0.00334672 0.00690945 0.00054485 0.050862 0.00155989 0.00328709 3.07108e-08 0.000974534 0.217382 6.60813e-05 0.018974 0.659062 0.000613145 7.24416e-05 6.02439e-05 0.000710899 0.00112189 0.00393294 0.00140441 1.17162e-06 7.64797e-07 1.79634e-05 0.000263514 0.00606358 
0.00386393 6.97036e-07 0.0310806 0.0532831 0.0842016 0.0841033 5.39061e-07 0.00655195 0.0558632 0.000763542 0.160903 0.000851442 0.00805492 0.00235986 0.00377066 0.000326262 0.345551 0.00106139 0.0023345 0.0487526 0.0230037 0.0474275 0.0175601 0.00355044 2.1778e-06 0.00139062 1.06537e-05 0.00245852 0.0109177 
0.0110182 6.13627e-06 0.00191669 0.0312457 0.00147938 0.0405502 2.63253e-06 0.00171871 0.0354185 3.0857e-05 0.0114727 0.000313615 0.00834184 0.00651371 0.00437798 0.00059395 0.815894 0.000653927 0.000926162 0.00905001 0.00274434 0.0017765 0.0132568 0.000119601 1.18974e-08 9.88871e-07 4.30485e-06 0.000397118 0.000175278 
0.0608002 0.000146129 0.0199879 0.0313002 0.0549828 0.109302 4.01957e-05 0.0126757 0.0462179 7.25608e-05 0.125221 0.0120078 0.0269869 0.0128798 0.00046227 0.00204122 0.130962 0.00740399 0.00699342 0.0972488 0.0176032 0.127253 0.0711675 0.00252467 1.92588e-08 0.000125247 0.0046161 0.00700094 0.0119759 
0.0121458 0.00396384 0.0109759 0.0479167 0.0332607 0.197517 0.000114641 0.00368449 0.0677586 0.000582823 0.153173 0.000213788 0.00619623 0.0473002 0.0004674 0.00385867 0.197727 0.00276886 0.00574182 0.0931646 0.0223678 0.0339533 0.030886 0.00144475 1.60634e-05 0.000375971 0.000456199 0.0194633 0.00250483 
0.0253601 7.50237e-08 0.020453 0.0219371 0.00516828 0.0732143 8.98595e-08 0.00403578 0.10439 5.45905e-05 1.79004e-05 2.94438e-06 0.000855651 0.185041 0.00141454 3.23855e-07 0.342012 0.0439312 0.0357882 0.000480617 0.00173704 0.0719808 0.0573997 4.00991e-10 8.172e-10 9.71494e-10 1.97581e-06 0.00472269 3.68888e-10 
0.107043 0.00312977 0.000974469 0.0135591 0.0327252 0.0860479 0.000214922 0.00100824 0.0463181 0.000951451 0.0647867 0.00182053 0.0148495 0.0364899 0.00126152 0.00164145 0.448727 0.000130918 0.0315954 0.0109021 0.00569366 0.0407 0.00669884 0.000570263 0.000215187 1.36507e-07 4.48336e-05 0.00652851 0.0353719 
0.00540078 0.0187804 0.000170229 0.00286697 0.0881633 0.177487 2.60993e-05 2.41324e-05 0.0571908 0.00164718 0.0162341 9.52648e-07 0.0267077 0.115538 0.000457559 0.00465742 0.333684 0.00188166 0.000674102 0.0208229 1.58836e-06 0.00418487 0.120415 0.000607545 1.49722e-08 4.4059e-07 0.000122271 0.00224738 4.27995e-06 
0.000234276 0.000135797 0.0259085 0.00144782 0.0302246 0.00231776 2.04835e-08 0.00172658 0.159785 7.5357e-06 0.0651608 1.45095e-05 0.00289033 0.00538561 0.000883488 4.3158e-05 0.647535 0.000167897 3.21664e-08 0.0146995 0.000150651 0.0271354 0.000770248 0.00542844 1.0634e-10 1.26418e-10 1.08752e-05 0.00573355 0.00220184 
0.0134124 0.0012407 0.0449923 0.00811393 0.0493253 0.0457746 0.0363204 0.0105724 0.106425 0.000606059 0.0462918 0.00014393 0.0520998 0.0558944 5.48667e-05 0.00841198 0.456536 0.00068346 0.00549737 0.00262962 0.000652415 0.014389 0.0126695 0.00454246 8.87946e-10 9.39039e-05 0.000130372 0.0161241 0.00637149 
0.0109305 2.28852e-09 0.0055004 0.0202853 0.000110797 0.0242302 2.51784e-06 0.000169724 0.041571 2.50791e-07 2.501e-08 1.07782e-06 0.0149757 0.0393552 0.00335471 8.26435e-05 0.796289 0.00027765 0.0298334 2.8516e-05 2.47651e-07 0.000859396 0.0119825 1.2006e-09 2.44676e-09 0.000156782 7.91772e-08 2.13294e-06 1.10448e-09 
0.0124685 2.22043e-08 0.0422879 0.0391674 0.0900689 0.102837 1.17433e-06 0.000347916 0.0725448 1.37742e-05 1.3126e-06 2.60786e-05 0.128519 0.170478 0.000483783 8.62711e-09 0.199188 0.0281768 0.0435784 0.000643089 0.00828869 0.0187257 0.0397902 2.71216e-05 3.87841e-06 0.00136584 2.14196e-07 0.000965025 1.08487e-06 
0.0672685 0.156564 0.000204085 0.0610878 0.025701 0.0548261 2.18966e-07 0.0151091 0.0535821 0.000173029 0.0417788 0.00921965 0.00731621 0.0779546 0.00435374 0.0500897 0.247714 0.000693907 0.00340354 0.0372365 0.0169494 0.0110042 0.0483356 0.000722004 1.19325e-05 0.000405868 6.58313e-05 0.00218882 0.00604016 
0.00277493 4.82498e-12 0.000625018 0.135143 0.00210589 0.151445 1.50445e-08 7.55325e-05 0.152767 1.51257e-08 0.0195359 8.57406e-09 0.00163056 0.0155297 2.59803e-12 0.000317735 0.455618 0.000706158 3.34126e-08 0.02187 0.00920185 0.0032868 0.0211728 2.43028e-08 5.15861e-12 6.1326e-12 0.000219394 0.00597524 3.37675e-08 
0.0119631 0.000100313 0.0258987 0.0126528 0.0415603 0.14875 0.000193423 0.007681 0.161542 5.71172e-05 0.0350133 0.000299987 0.0179802 0.0279376 0.000266712 0.109936 0.279998 0.00852943 0.00874532 0.0129435 0.00510649 0.0155987 0.0453587 9.84804e-05 6.57019e-09 0.000126016 0.00111949 0.0200312 0.000512144 
0.0284596 0.0108048 0.00509879 0.0329061 0.0366291 0.155271 7.73169e-05 0.0726731 0.0815889 0.000200486 0.0145152 0.00443349 0.0188125 0.118964 0.00139095 0.0102628 0.18168 0.00293943 0.00753376 0.0420097 0.0213646 0.0286287 0.0584553 0.0124061 0.000113847 0.00454997 0.00152629 0.0455152 0.00118904 
0.0137026 0.000150439 0.00296158 0.0274574 0.0444108 0.15069 2.48098e-10 0.00030575 0.0422654 1.65658e-05 0.00994263 7.24429e-05 0.0201527 0.00871722 0.0014366 0.0633238 0.538231 0.00207798 0.000458228 0.0161467 0.000587288 0.0340781 0.0206015 6.85575e-05 3.9565e-06 6.71337e-08 1.65325e-06 0.000575337 0.00156359 
0.0570155 3.83564e-05 0.00368499 0.0364553 0.00530861 0.0597475 7.03996e-07 0.0173618 0.145096 0.00284747 0.0151798 0.000125321 0.0291209 0.0393292 0.0208875 0.00582575 0.357339 0.0447801 0.0355608 0.0505239 0.00270964 0.0314691 0.00624707 0.00307155 0.00141847 0.000756221 2.65154e-05 0.0261621 0.00191141 
5.56659e-05 7.91785e-06 0.00121247 0.000275232 0.0110234 7.97364e-06 6.7745e-06 0.000883633 0.0378656 5.39458e-05 0.00878569 6.36228e-06 0.00233339 0.000733536 0.11777 3.30346e-08 0.617522 1.3504e-05 0.000193842 0.000338909 1.96047e-05 0.113188 0.00103275 0.00251939 1.24183e-08 8.14963e-06 0.0114261 0.0724991 0.000215749 
1.47542e-07 2.88371e-11 0.000102801 0.000391402 0.000930917 3.99995e-05 2.24733e-11 1.8469e-08 0.00288949 8.39289e-08 2.56766e-08 4.92311e-07 9.23131e-08 0.000124887 0.00180635 4.4554e-05 0.992879 8.781e-09 0.000274032 2.19962e-08 6.60771e-12 0.000360616 9.68471e-05 9.41691e-09 3.08312e-11 3.98662e-08 4.35908e-10 5.80189e-05 1.39173e-11 
0.0942169 0.00135427 0.00123792 0.204103 0.0132738 0.153463 3.35311e-05 0.000465058 0.0404222 0.00033229 0.0302891 0.00406711 0.0366503 0.0183105 9.93564e-05 0.00836943 0.341277 2.27337e-05 0.0149545 0.0024519 0.0010221 0.00929358 0.00939993 0.000663419 9.3135e-06 3.33595e-05 1.75256e-06 0.00872973 0.0054523 
0.0583953 0.00636805 0.000145271 0.0129638 0.113734 0.198093 1.05906e-05 0.00243786 0.0147113 0.000565073 0.0578724 1.96732e-05 0.0441781 0.0574024 0.00276665 0.0134795 0.27671 0.00105706 0.00637313 0.0477489 0.0186086 0.0194398 0.0365828 0.00022775 1.92719e-09 0.00195893 7.54737e-05 0.00121991 0.00685436 
0.0387972 0.00214195 0.0105472 0.0874873 0.0497096 0.149884 5.69266e-05 0.0415304 0.0505071 0.0002455 0.0908669 0.000518838 0.00722584 0.0301176 0.000771249 0.00456115 0.180829 0.02819 0.0161906 0.0516512 0.0167707 0.0325475 0.0491096 0.0032266 0.000224571 0.00056259 0.00348302 0.00609607 0.0461504 
0.00155307 1.89132e-05 0.0171442 0.00168235 0.00145552 0.00116853 1.81886e-10 0.000176355 0.00879184 1.43224e-05 0.000603307 2.59051e-10 0.00171967 0.000523917 0.000651381 4.57909e-07 0.932859 4.49586e-05 0.000519498 0.000585418 0.000152382 0.00358862 1.63869e-06 1.22442e-10 0.0220229 1.83569e-06 9.21444e-05 0.00461496 1.31836e-05 
0.0345874 0.00550723 0.0337693 0.161096 0.0512064 0.0796454 7.44178e-07 0.0067915 0.0934527 1.87347e-05 0.130309 0.000112658 0.0060612 0.0509507 0.000589981 0.00476482 0.1851 0.0129099 0.00399959 0.0191804 0.045569 0.00755954 0.0386346 0.00510569 7.95597e-07 0.000118962 0.00092123 0.00326377 0.0187728 
0.0119909 0.0200658 8.20151e-05 0.0191067 0.0256795 0.150277 6.47813e-05 0.000851012 0.0734904 0.000689368 0.0146444 0.000172177 0.00959201 0.252711 0.000785859 0.00690178 0.290298 0.00172092 0.0143264 0.00998456 0.00061633 0.00450563 0.0216751 0.000941142 4.99507e-09 0.0042538 0.0596641 0.00445885 0.000450578 
0.00617288 4.86997e-05 0.00513771 0.00682166 0.0228187 0.17227 0.00106495 0.00123723 0.070753 0.000137295 0.0166114 0.000234476 0.00160864 0.181066 0.00330881 0.001685 0.217882 0.00830186 0.00101842 0.0688229 0.00364831 0.00605147 0.023989 0.00035547 5.84799e-11 0.00584775 2.48789e-05 0.172108 0.00097307 
0.00355037 1.0688e-06 0.066222 0.00380452 0.00334743 0.000292032 1.67779e-09 0.00125594 0.0960143 1.87639e-06 0.0658957 0.00135795 0.00264987 0.000826612 0.00182186 0.000236335 0.678525 4.91639e-05 0.00119799 0.000132202 0.000192705 0.0477351 0.00233408 8.86353e-05 2.30177e-09 5.81113e-06 7.45838e-07 0.0222045 0.000255841 
0.0846417 1.1463e-05 0.00638355 0.0314474 0.0446971 0.0294222 6.51421e-07 0.00626493 0.0319234 6.26917e-05 0.0554314 0.00178767 0.0159602 0.0084989 0.00158497 0.0222542 0.476697 0.000171923 0.00183944 0.0237511 0.00198675 0.0463091 0.0215328 0.00203342 3.67857e-09 2.10475e-05 1.38923e-05 0.0705617 0.0147099 
0.0245475 0.000726488 0.00725287 0.0120743 0.00550938 0.0477437 0.00125988 0.0234207 0.0695209 0.000360793 0.0580019 0.00031653 0.0107538 0.0939896 0.0058545 0.00544704 0.375776 0.00502069 0.0097837 0.159934 0.0158086 0.00831828 0.0184782 5.90126e-05 0.00230529 0.00416914 3.69502e-05 0.0104699 0.0230599 
0.092163 0.000144174 0.00067797 0.0931154 0.0535399 0.155059 2.00671e-05 0.00425396 0.0142388 0.000119311 0.0572255 0.000197893 0.0350933 0.0125057 0.000539798 0.0200718 0.24567 0.00176935 0.0197708 0.0316415 0.00466505 0.0461748 0.0968564 0.000880866 2.60117e-05 0.000203465 0.00567758 0.00212817 0.00557105 
0.00569987 4.68997e-05 0.00544964 0.220989 0.0146926 0.139628 9.34034e-06 0.0150972 0.0362932 7.74213e-05 0.108162 7.54816e-06 0.00705364 0.0144538 0.000214003 9.77329e-05 0.324936 0.00364519 0.00326378 0.0235147 0.014039 0.0179724 0.00909511 0.00169321 1.74163e-08 6.29344e-08 8.23551e-07 0.0317297 0.00213868 
0.0629548 0.000137779 0.00101714 0.0486365 0.0040014 0.0238327 8.51361e-07 0.0124115 0.0655218 0.000330347 0.263697 0.0050641 0.00611661 0.00276704 0.00117597 0.0083516 0.425796 0.00803144 0.00168321 0.0130139 0.0106121 0.00290589 0.0284682 2.19504e-06 1.17856e-05 0.000465418 1.46918e-05 0.00235884 0.00061935 
0.0211731 5.93679e-07 0.0637732 0.0055996 0.00159963 0.00594467 5.24919e-06 0.00176511 0.0451375 0.000300859 0.00272756 3.29616e-05 0.00186209 0.0576275 0.000233591 0.000856151 0.699613 0.00450468 0.00150246 0.0121277 0.0114074 0.00474758 0.0400295 5.42516e-06 3.17331e-06 1.27217e-05 1.03409e-05 0.016014 0.00138283 
0.00534969 2.95219e-06 0.00166588 0.0212309 2.10098e-05 0.0451421 8.41906e-06 0.00500456 0.0386508 4.67564e-07 6.67421e-06 2.88028e-05 0.000809237 0.142568 3.27211e-05 0.116536 0.608191 0.00719693 3.50641e-05 3.86904e-05 0.00365266 0.000475689 0.000176239 1.99282e-05 3.98818e-07 7.85471e-05 6.53914e-08 0.00307682 1.80028e-07 
0.132144 8.72313e-07 0.00808514 0.233269 0.025718 0.00439021 3.77335e-06 0.010455 0.0550824 5.13451e-05 0.122074 0.000210508 0.00497359 0.00350298 3.06147e-05 1.46185e-05 0.34906 0.00200272 0.00594293 0.000308437 0.00854005 0.0118179 0.00836908 0.00898028 7.82919e-06 4.26894e-05 1.09029e-05 0.000315656 0.00459543 
0.0107402 2.2082e-06 0.000173105 0.00571132 0.00826498 0.194491 8.19594e-09 0.00561013 0.0249188 0.00204897 0.00826228 0.000267392 0.00743533 0.0559402 1.49007e-05 0.00470715 0.539588 6.55642e-05 0.00540732 0.0093396 0.00326535 0.00763687 0.0590209 0.000892306 5.34933e-09 0.0384398 2.08737e-05 0.00666329 0.00107221 
0.0126853 0.0105275 0.0055167 0.0216691 0.102489 0.119511 0.000245317 0.000150383 0.0580002 5.68588e-06 0.023782 2.92738e-06 0.00242584 0.0713479 0.0015593 0.00205166 0.31365 0.000848641 0.000726398 0.032336 0.0188021 0.0297766 0.0287176 0.00290503 1.63209e-08 2.98742e-07 0.000240238 0.0575239 0.0825029 
0.0118395 1.28319e-07 0.0557933 0.0123258 0.0790241 0.119494 1.3158e-05 0.00136078 0.154949 0.0016717 0.00875717 1.18516e-06 0.0365394 0.0271636 0.00329043 0.00219305 0.251534 0.00374038 0.0271166 0.0130471 0.0127861 0.026042 0.14955 0.000729243 1.14342e-10 1.35931e-10 0.000181758 0.000854523 1.7851e-06 
