0.0282512 6.07049e-06 0.0181667 0.123982 0.00440021 0.0816742 0.000416879 0.0566039 0.0569738 0.0131991 0.0324303 5.79906e-06 0.00844961 0.0656508 0.0133457 0.0173038 0.066006 0.0732809 0.238644 0.0301922 0.00312692 0.00970706 0.0212213 3.73857e-05 5.48272e-06 0.0338965 1.71702e-05 0.00296407 4.07385e-05 
0.00860354 0.0608161 0.0203454 0.0072767 0.0203537 0.119643 5.41214e-05 6.31915e-06 0.0769754 0.000702604 0.00250227 4.12167e-07 0.00797209 0.123137 0.00325134 0.0337392 0.00851854 0.000399015 0.434298 0.00108955 0.0213457 0.00335471 0.0417978 4.81739e-05 1.87785e-09 0.000772723 0.000101838 0.00270304 0.000191606 
0.0332125 8.37016e-07 9.70668e-08 0.0358523 0.00448249 0.0665103 0.00208801 0.0195756 0.010021 0.00419765 0.0210954 0.00446032 0.0184401 0.0453574 0.00703128 0.0171388 0.0334959 0.00733579 0.556672 0.00609768 0.0123325 0.0040392 0.0663498 0.00676282 8.94894e-07 1.06386e-06 0.00115931 0.0095425 0.00674653 
0.0503089 0.00699945 4.76656e-06 0.0448238 0.00285681 0.0144896 2.16078e-07 0.0167472 0.0181189 0.00887247 0.00189934 9.65119e-07 0.0424878 0.0932896 0.0776574 0.0236353 0.0670671 0.000338513 0.284789 0.00120351 0.00607799 0.224345 0.000730336 0.00134848 2.96439e-07 0.0087051 0.000719927 0.00248221 1.33814e-07 
0.0318424 0.000201391 0.00383997 0.021452 0.0456883 0.100801 0.000100653 0.00850123 0.030289 0.00534548 0.0181917 0.000907599 0.0119705 0.0555425 0.0214175 0.00907587 0.0631515 0.00386376 0.353623 0.0319875 0.0385715 0.0124306 0.0386411 0.000868689 1.93904e-05 0.000931946 0.0036646 0.00287021 0.084209 
0.0724602 3.94329e-05 0.00401313 0.0426769 0.0209782 0.107279 6.53116e-06 0.00901725 0.0264143 0.00769309 0.0141755 8.49308e-06 0.0733942 0.0461593 0.00571513 0.00140895 0.0696304 0.000798218 0.33431 0.0125624 0.000361566 0.00743872 0.135348 0.000114412 9.76533e-06 0.000562768 4.03543e-05 0.00583243 0.00155105 
0.018348 2.3552e-06 0.00373492 0.00843703 0.00542886 0.00411209 1.95817e-07 0.00246473 0.036244 0.000936718 0.00635186 7.66312e-08 0.0724045 0.0232074 0.00514659 7.96369e-05 0.0102713 0.00292213 0.753944 0.00690249 0.00456682 0.0020712 0.0319287 0.000202271 6.38512e-07 5.78503e-05 1.4291e-05 0.00018186 3.75137e-05 
0.009684 2.20189e-05 6.8636e-05 0.0128671 0.00242076 0.0240399 4.0336e-07 0.000451611 0.0192482 3.17352e-05 0.00262676 5.74485e-07 0.00886487 0.0119753 4.32581e-05 0.000111465 0.0357844 2.56336e-05 0.837705 0.00011901 0.00836852 0.00178052 0.00801288 0.00016582 7.29817e-05 0.00130123 4.89259e-06 0.000302749 0.0139 
0.00387929 4.84877e-07 0.000188949 0.0778097 0.00124823 0.0400946 5.06787e-07 0.0383509 0.0125503 0.000176056 0.00336573 5.01565e-11 0.00241955 0.00426858 0.00160355 0.00188514 0.00237599 0.00548061 0.640519 0.0263943 0.000865444 0.000410658 0.134536 0.00020262 2.1602e-06 0.00132978 3.31041e-06 3.88564e-05 3.76869e-08 
0.0183836 0.000100391 2.31717e-05 0.0812635 0.00116685 0.0179118 1.82824e-05 0.00163858 0.00107118 0.00169592 0.0291679 6.3942e-06 0.00203176 0.0385682 0.00263543 1.91135e-05 0.00102962 0.000307315 0.610272 0.00598074 0.00369431 0.004522 0.157139 0.0010627 4.82168e-09 0.0166551 9.52029e-06 0.00168303 0.00194295 
0.0159038 2.52429e-05 0.0153656 0.059346 0.00890947 0.019503 9.06985e-06 0.00144456 0.0150067 0.0105966 0.00339253 1.25493e-05 0.0112447 0.0341411 0.0520992 0.00117211 0.00744736 0.00177738 0.725169 0.00142816 0.00306538 0.00197164 0.00823109 0.000264512 0.000336801 0.000281812 0.000214553 0.00158742 5.20536e-05 
0.0725417 0.00249411 5.89392e-08 0.0611773 0.0328048 0.00736074 3.12941e-08 0.00696612 0.00432322 0.00302982 0.00555776 3.80846e-09 0.00123214 0.00380889 0.000405915 0.0921515 0.00748033 0.00188452 0.527787 0.00237311 1.5947e-07 0.121773 0.0375282 0.00712296 3.66849e-09 1.91185e-05 0.000154147 2.35198e-05 1.65597e-09 
0.0294767 0.000181852 0.000411574 0.00448443 0.0585452 0.0662048 1.68302e-05 0.185704 0.0162182 0.000257559 0.0319823 3.59287e-06 0.0138904 0.0263877 0.10597 0.000249142 0.0336952 0.00434765 0.347029 0.00234372 0.00286065 0.020981 0.0327889 0.00526088 0.00545338 0.00296011 0.000359681 0.00190746 2.78693e-05 
0.038138 1.11448e-05 0.0172333 0.02605 0.0438526 0.0739929 9.18499e-05 0.000765705 0.0247719 0.00113182 0.0251157 0.000192544 0.02056 0.0241177 0.00187984 0.00126521 0.00963913 0.00781555 0.363195 0.00761673 0.0197368 0.0181296 0.267965 0.000836768 3.63277e-05 0.0014043 2.43763e-05 0.00112808 0.00330288 
0.00638333 0.0958405 0.00397524 0.00320887 0.0150498 0.0526323 0.0293723 1.21265e-05 0.00188339 0.00407143 0.00463744 2.79114e-06 0.00899513 0.30568 0.000472705 0.00012929 0.00954695 0.000864932 0.435897 0.00750747 7.14308e-06 0.00879014 0.00400103 3.47017e-06 4.70987e-09 5.59913e-09 0.000489552 0.000538114 7.60769e-06 
0.032041 7.21509e-05 0.000535254 0.0251 0.0162835 0.0729193 1.72728e-07 7.42211e-05 0.0336763 0.0026022 0.056093 2.46007e-07 0.00864078 0.0833294 0.000988861 0.00339948 0.0258857 0.000563369 0.588334 0.0140642 0.000676374 0.00306337 0.0253433 0.00484759 5.27156e-05 8.89754e-05 6.62599e-05 0.00119632 6.17812e-05 
0.0259607 1.1365e-07 7.77508e-07 0.0403163 0.00538132 0.160736 9.53878e-08 0.000358068 2.29027e-06 0.000106413 0.0236509 0.0152685 0.00937299 0.0336368 0.00318881 0.00113642 0.00553198 5.3836e-07 0.263497 0.0110074 5.08375e-06 0.00459475 0.107824 0.179984 2.61145e-06 0.105446 0.000164553 0.00143667 0.00138792 
0.0168326 0.00132191 0.00163949 0.0202598 0.0341315 0.0527732 0.000100787 0.0144958 0.0821198 0.000969262 0.013908 0.000167877 0.0118738 0.231136 0.000522986 0.00038953 0.013034 0.00039003 0.332132 0.0223993 0.000122644 0.0314518 0.0884402 0.000490713 1.01794e-07 0.00043487 8.40919e-05 0.0278618 0.000516737 
0.0651926 0.000545252 0.00856662 0.0737625 0.0224189 0.210619 0.000147862 0.0116417 0.0271566 0.00159361 0.0357384 0.000465512 0.0112512 0.0284409 0.00636212 0.00442102 0.0328392 0.00659785 0.285901 0.031749 0.0165681 0.0169001 0.0819051 0.00105109 0.00176337 0.00338208 0.00155391 0.00287377 0.00859083 
0.0047054 0.00369396 1.22903e-05 0.0079571 0.0062962 0.316355 6.5667e-05 0.000117924 0.00338131 4.30121e-05 0.012448 2.54007e-05 5.43743e-05 0.0524923 0.00494796 0.000396631 0.00345276 8.576e-05 0.351927 0.0052849 0.15502 0.00318635 0.0678981 5.91195e-08 1.20483e-07 9.26706e-06 7.14476e-05 1.78435e-05 5.32831e-05 
0.0434359 0.000294469 0.00178526 0.00140918 0.002546 0.00461907 2.4754e-06 0.000227462 0.0197052 0.00108616 0.000804028 0.000187787 0.00108014 0.01757 0.000138572 0.000304905 0.00303887 0.00171223 0.813825 0.000659132 0.000613425 0.00389293 0.0628638 7.03845e-06 4.1856e-09 4.97587e-09 0.0175497 0.000598068 4.30675e-05 
0.0702314 2.84378e-06 0.00588771 0.152999 0.0272396 0.122918 7.23131e-08 0.0154436 0.0389042 0.00582306 0.0222035 0.000629185 0.0155535 0.000372491 0.000610764 0.000880376 0.00544624 0.00189539 0.481436 0.00234184 0.0010408 0.0144106 0.00945395 5.85552e-05 8.40765e-08 9.99508e-08 6.29621e-06 0.00333626 0.000874674 
0.0500757 2.13368e-05 0.00371572 0.0570557 0.0732642 0.0388726 6.79762e-06 0.00860569 0.00528124 0.00172244 0.0334226 5.64332e-05 0.00583291 0.0607839 0.00112865 0.000639711 0.0535503 0.00415389 0.486728 0.003244 5.75328e-05 0.0890693 0.0193777 0.0016671 0.000213786 0.000103794 2.6805e-05 0.000291721 0.00103081 
0.0106415 2.10874e-06 1.40882e-05 0.0505643 0.000126163 0.00611735 1.64338e-06 8.41536e-05 0.00682777 9.09743e-05 0.00342164 2.34058e-06 0.0589576 0.000162839 0.000406034 0.000491884 0.00370711 8.52402e-05 0.817215 0.00111552 5.18703e-05 0.00360997 0.035733 1.10628e-06 3.65073e-05 8.4107e-05 3.69663e-07 0.000198265 0.000249693 
0.0260961 0.0008015 0.00664387 0.0571824 0.00147603 0.126195 1.5559e-06 0.00121939 0.0235167 0.000276085 0.00362771 0.000550035 0.0137603 0.0271357 0.000109997 0.000240027 0.0732429 0.0011306 0.580706 0.00657432 0.000272229 0.00247201 0.0458417 4.45388e-05 2.87004e-07 3.41193e-07 2.53166e-05 0.00035499 0.000502102 
0.0267644 1.68626e-05 1.45833e-05 0.0241591 3.77324e-05 0.0582647 2.77556e-06 0.000269534 0.00181312 0.000151169 0.00887612 5.15697e-06 0.00232922 0.00187502 0.00035937 0.000103692 0.00126775 0.000575496 0.480308 0.000673977 0.00845825 0.00155994 0.363073 5.61623e-05 1.12484e-05 0.0189634 5.8639e-06 4.26021e-06 5.01689e-09 
2.82208e-06 1.92313e-05 0.000516765 2.54713e-06 0.000487046 0.000155521 1.49873e-05 0.000397239 0.00147741 2.41053e-05 2.23049e-06 2.13456e-05 0.000952966 0.00445466 1.03552e-05 7.472e-06 2.7427e-06 7.94994e-06 0.990181 3.17681e-06 0.00117993 4.27652e-06 1.95995e-06 1.00891e-05 2.05611e-05 2.44432e-05 3.37126e-06 5.00557e-06 9.28138e-06 
0.0248211 1.81877e-06 0.0132672 0.0137383 0.00340394 0.0198264 1.50576e-06 0.0336383 0.0163117 0.0020284 0.0126516 1.46006e-05 0.0143485 0.202059 0.000381105 0.00014917 0.00158366 0.000879979 0.538069 0.0127052 0.00201563 0.00642359 0.0153901 0.00457893 0.00104289 0.0233054 6.28735e-07 0.00503271 0.0323296 
0.023687 0.000635633 0.000478016 0.0363712 0.0449614 0.180263 0.000345727 0.00110177 0.0482974 0.0118045 0.0134283 2.08493e-05 0.0304112 0.0918242 0.00719611 0.0107802 0.156918 0.00741548 0.224082 0.00931187 0.000939393 0.0297434 0.034449 0.0319771 0.000381853 3.62619e-05 1.05972e-05 0.000782431 0.00234669 
0.0096382 1.57911e-05 6.15406e-05 0.0128243 0.00237361 0.023962 2.25779e-07 0.000433603 0.0191941 2.43832e-05 0.00260418 3.21565e-07 0.00880964 0.0118627 3.11421e-05 9.53155e-05 0.0356896 2.25127e-05 0.838728 0.00011277 0.0083142 0.00175215 0.00797318 0.000154792 5.25271e-05 0.00117293 3.5127e-06 0.00027187 0.0138205 
0.0171582 1.10832e-05 0.0117987 0.10756 0.0215539 0.0563215 0.000399813 0.00154815 0.0285489 0.000691534 0.0337857 0.000512228 0.00474584 0.0192668 0.00143564 0.00129095 0.0253345 0.0237541 0.506301 0.00611372 0.000959315 0.00966243 0.0922175 0.000424421 4.43821e-08 0.00254942 0.0236784 0.00196986 0.000405646 
0.000889967 3.34621e-05 0.00016883 0.00561267 0.00728966 0.120943 3.2421e-06 0.00209835 0.00141195 0.000165036 0.00237195 2.89568e-06 0.00175931 0.0735174 7.3111e-05 0.000424336 0.00663182 0.000818867 0.653475 0.00172405 0.0392024 0.0513758 0.00871704 7.82146e-05 8.54235e-07 1.01552e-06 1.96008e-05 0.00241851 0.0187716 
0.00518298 0.00116376 0.0070143 0.000916309 0.009662 0.163212 0.0098935 0.000645366 0.00862092 0.000864716 0.013471 0.000204663 0.00463858 0.105393 0.00184861 0.00175253 0.0274664 0.00360042 0.579531 0.00312536 0.00308026 0.00440479 0.0371704 0.00112157 1.07091e-07 1.27311e-07 0.000387883 0.00463184 0.000994758 
0.0812727 0.000232126 0.00116245 0.106286 0.00187897 0.237698 7.24662e-09 0.00159106 0.000511985 9.90812e-06 0.0114271 1.54104e-05 0.001599 0.00475352 5.99922e-05 0.000250669 0.00875107 0.000876477 0.429137 0.00656965 0.000400344 0.0120343 0.0934819 2.70745e-12 9.57362e-09 1.80382e-07 1.83884e-08 2.02485e-08 6.32059e-08 
0.0224938 9.35689e-09 3.87474e-05 0.0445043 0.0077041 0.154676 5.03418e-07 0.0150379 0.0217486 2.45411e-05 0.00213632 2.19446e-05 0.0233573 0.0155579 0.000277109 0.00133768 0.240976 0.000141981 0.331273 0.000132493 0.0575156 0.00957123 0.0506705 2.20275e-05 1.00039e-08 7.02841e-06 1.64027e-09 0.00038495 0.000388694 
7.73584e-05 7.72457e-05 0.0619674 7.73604e-05 7.73585e-05 7.73699e-05 7.7275e-05 0.100615 7.73691e-05 7.72121e-05 7.73625e-05 7.72312e-05 7.73466e-05 0.131589 7.73068e-05 7.73266e-05 0.185738 7.7323e-05 0.518235 7.73559e-05 7.73476e-05 7.73485e-05 7.73643e-05 7.73085e-05 7.72366e-05 7.72098e-05 7.73546e-05 7.73435e-05 7.73141e-05 
0.0783104 1.28311e-05 2.8379e-05 0.168989 0.0160714 0.132983 2.44314e-06 0.155123 0.00890577 1.04551e-05 0.00169312 3.61127e-07 0.0234667 0.0339923 8.95928e-06 0.000224666 0.0349011 0.0031626 0.196746 0.00627732 0.00230115 0.0120602 0.118153 9.837e-05 1.25671e-06 2.75755e-07 2.95011e-05 0.00599009 0.000457505 
0.0139569 5.96753e-05 0.00711387 0.0385833 0.00474411 0.0563948 2.03644e-05 0.100013 0.0910452 0.00013689 0.0163319 0.000109587 0.0893413 0.0346206 0.00117453 4.61466e-05 0.138804 0.00290499 0.32661 0.0371825 0.021124 0.00317856 0.00669285 0.000420189 1.23657e-07 0.000549503 3.55289e-05 0.00806341 0.000742762 
0.117021 4.64452e-05 0.00794595 0.0347721 0.000362762 0.0222362 0.00023309 0.00847169 0.0113272 8.52758e-05 0.130236 2.75826e-05 0.0665902 0.145437 0.000534368 0.000265122 0.0336194 0.133495 0.190479 0.0305821 0.00571902 0.00306892 0.0417517 4.28089e-08 8.72425e-08 0.0101799 4.5349e-05 0.00546647 3.93817e-08 
0.002679 2.11287e-06 7.85031e-07 0.0147339 9.47785e-06 0.00654291 5.26729e-07 0.000480735 0.00288662 0.00185539 0.000213736 1.46965e-05 0.0168485 0.01197 0.000109892 0.000283554 0.0091916 0.000175635 0.72893 2.71433e-11 3.14634e-05 0.00118294 0.193766 4.06453e-08 1.75678e-10 0.00804975 8.57237e-07 9.65364e-09 3.9745e-05 
0.0174473 0.0138633 0.0273673 0.0132159 0.0691131 0.0603022 5.67656e-06 0.0014573 0.127585 0.000308339 0.0700316 2.08771e-06 0.0753619 0.0948063 0.000682231 0.00380964 0.0818777 0.000688399 0.206595 0.0214515 0.00552279 0.0774946 0.0124289 0.000370689 1.88526e-05 7.82378e-06 1.25125e-05 0.0150092 0.00316317 
0.0284242 6.45805e-05 0.0117908 0.0828806 0.0218349 0.0683528 5.3923e-06 0.00273148 0.022733 0.00170488 0.0524417 0.000342308 0.0303628 0.00874245 0.000834688 0.00653839 0.00527234 0.00124464 0.508312 0.0137465 0.00158555 0.0470873 0.0629184 0.000619041 9.89016e-06 0.00805257 0.00295994 0.00162847 0.00677812 
0.0313198 2.22157e-09 2.41924e-07 1.94406e-05 0.0360394 7.98013e-05 1.73131e-09 0.00011862 3.72502e-05 2.78461e-09 0.102732 2.46581e-09 5.24008e-10 0.00106397 5.21896e-06 8.63153e-10 0.0424336 0.0109943 0.721301 0.00311911 5.09047e-10 0.0496969 0.00103918 1.16548e-09 2.37519e-09 2.82364e-09 3.89443e-10 5.78235e-10 1.07217e-09 
0.0306506 0.00075237 0.000209207 0.0276358 0.0197617 0.0170154 3.00049e-07 0.0278282 0.00680707 0.00791776 0.0247488 1.46074e-05 0.00164165 0.0162799 0.000862424 0.000158044 0.00425546 0.00813157 0.608614 0.00988284 0.0283982 0.011285 0.144478 0.000118233 6.40247e-09 0.0024763 1.86484e-05 5.61354e-05 2.05814e-06 
0.00984938 6.30025e-06 2.81785e-05 0.00203193 5.72264e-08 0.00702752 1.00672e-05 0.00119097 0.00610308 0.000529564 4.56104e-08 9.97741e-09 0.000486225 0.351067 0.00301232 1.22567e-06 0.00148668 0.00116776 0.590909 3.42572e-05 2.89791e-06 0.00263336 0.0183608 3.80954e-07 9.61071e-09 0.00362488 2.96937e-05 0.000406781 3.89539e-07 
6.50805e-05 6.74306e-05 1.32625e-06 0.198969 0.000128807 0.00052671 8.9126e-06 0.0283043 0.0351654 2.00878e-05 0.0130657 1.26938e-05 0.000655111 0.151098 4.12781e-05 1.48186e-05 1.60917e-05 0.0143794 0.450812 0.00180037 0.00416264 0.0972308 0.000282697 3.95425e-05 1.22272e-05 0.000108767 3.25017e-06 2.9767e-06 0.00300429 
0.0122198 2.37605e-06 1.28615e-06 0.00181419 3.45764e-07 1.46929e-07 1.8517e-06 0.00320224 0.0129018 0.000175674 0.00254022 6.02268e-06 0.0117639 0.0404709 0.000816685 0.000341485 1.38858e-05 1.0889e-05 0.890901 4.86172e-05 5.44445e-07 0.0194084 2.42154e-07 1.24652e-06 2.54035e-06 3.01998e-06 4.16523e-07 6.18444e-07 0.00334953 
0.0237483 0.00720537 0.0515812 0.0294307 0.0313921 0.0479081 0.000318023 0.0175046 0.187336 0.000419005 0.0175486 0.00200738 0.0595787 0.0599617 0.000740613 0.00691327 0.0301792 0.00371586 0.202743 0.0531933 0.00803162 0.0232673 0.0244153 0.0726394 2.90719e-08 0.0101862 0.000147023 0.0278793 8.60287e-06 
0.0789894 0.000163265 0.000276766 0.0727543 0.0108516 0.0488035 4.89981e-05 0.00490827 0.0215292 0.00383652 0.0259243 0.000176542 0.0093704 0.0456826 0.0236801 0.000817586 0.0269793 0.00333503 0.322746 0.0111835 0.00698371 0.00594883 0.260993 0.000494228 6.49554e-06 0.0107065 4.01622e-05 0.00256154 0.000207732 
0.00721836 0.03326 0.00517014 0.047549 0.0559333 0.0207557 0.000590669 0.000685241 0.185697 0.0019067 0.00817084 0.000436818 0.0320539 0.101623 0.00164937 0.040888 0.0159663 3.37681e-05 0.216463 0.0117449 0.00101073 0.0647548 0.0901099 0.000130031 1.1707e-06 7.30427e-05 0.0459937 0.00974474 0.000385177 
0.0142603 0.000146672 0.0174557 0.106411 0.0394799 0.0912295 2.38941e-05 0.00253788 0.02763 7.67534e-05 0.0162719 0.000180802 0.0125897 0.00748657 0.000724815 0.000930917 0.00798326 0.000731202 0.557305 0.0207317 0.00133747 0.0175122 0.0292659 0.00897387 4.55788e-05 0.00661871 0.000785794 0.00293846 0.00833437 
0.254724 3.21248e-05 6.83571e-06 0.0107628 0.00934587 0.00714069 1.01828e-05 0.0500543 0.0623831 0.000292717 0.0578269 1.10364e-08 0.0178928 0.0382103 0.00245352 1.20985e-05 0.0166993 0.000766578 0.459264 0.000257683 0.00361561 2.2099e-05 0.00760458 0.000241326 1.06307e-08 5.63214e-06 2.98236e-05 0.000342122 2.71536e-06 
0.0530448 1.46951e-05 0.000528041 0.0506596 0.06828 0.0152422 4.24691e-06 0.00058553 0.0514709 0.0519392 0.0120262 0.000168327 0.00524245 0.170991 0.000613539 0.00270526 0.021056 0.0417112 0.341089 0.00987405 0.00705308 0.034235 0.042097 0.00372226 3.60689e-06 0.00922374 0.00396948 0.00117071 0.00127874 
0.0692386 0.000403119 0.000626704 0.0734104 0.018363 0.0289098 1.38231e-06 0.0160927 0.00605794 0.00209373 0.00635682 8.7173e-07 0.00243986 0.00173216 0.000305004 3.56143e-06 0.00106306 0.00317567 0.63398 0.0220467 3.31979e-07 0.00766732 0.105977 1.98826e-07 6.85584e-10 3.9879e-07 5.26864e-05 3.61462e-07 4.03291e-07 
0.000843562 4.01266e-08 0.000620796 0.000978845 0.000735472 0.0259522 0.000141443 0.00016917 0.0186598 0.00221899 0.114563 4.45382e-08 0.0217083 0.0164332 0.00119968 3.35876e-05 0.124437 0.000221678 0.588829 0.0789375 0.00057659 0.000107604 0.00231579 4.75249e-05 4.29012e-08 5.10013e-08 1.6144e-06 0.000148592 0.00011863 
1.17515e-05 6.67988e-06 2.51408e-06 0.0167759 2.80163e-05 0.00149134 2.8394e-07 0.088748 0.0479652 2.61486e-05 4.90742e-05 4.04401e-07 0.0760712 0.253847 0.00155218 1.4156e-07 0.0138412 6.15815e-05 0.485222 0.00622885 0.00621466 0.00130698 5.06943e-05 1.91142e-07 0.000167487 2.55478e-05 2.18491e-05 0.000277299 6.27183e-06 
0.002679 2.11287e-06 7.85031e-07 0.0147339 9.47785e-06 0.00654291 5.26729e-07 0.000480735 0.00288662 0.00185539 0.000213736 1.46965e-05 0.0168485 0.01197 0.000109892 0.000283554 0.0091916 0.000175635 0.72893 2.71433e-11 3.14634e-05 0.00118294 0.193766 4.06453e-08 1.75678e-10 0.00804975 8.57237e-07 9.65364e-09 3.9745e-05 
0.00671449 6.4639e-07 0.00833565 0.00970605 0.00168858 0.0411491 2.51138e-05 0.023399 0.116899 0.0367883 3.09182e-09 3.2261e-06 0.0380008 0.0152081 0.0847893 1.03574e-08 1.95613e-06 0.000104512 0.594421 0.00318904 0.00351193 0.0021328 0.00373869 0.000314581 2.85009e-08 0.00685376 2.42024e-07 0.00302378 1.28655e-08 
0.0569299 2.14329e-05 0.00240944 0.108606 0.0692744 0.0108955 3.20318e-06 0.00155015 0.0315916 1.11151e-05 0.00264802 0.0021256 0.034436 0.0165012 0.00101979 0.10494 0.0178689 0.000156729 0.347497 0.0085837 0.00142659 0.0597167 0.0161185 0.000867808 1.20475e-07 0.00131756 0.101567 0.0010952 0.000820248 
0.00671449 6.4639e-07 0.00833565 0.00970605 0.00168858 0.0411491 2.51138e-05 0.023399 0.116899 0.0367883 3.09182e-09 3.2261e-06 0.0380008 0.0152081 0.0847893 1.03574e-08 1.95613e-06 0.000104512 0.594421 0.00318904 0.00351193 0.0021328 0.00373869 0.000314581 2.85009e-08 0.00685376 2.42024e-07 0.00302378 1.28655e-08 
0.109562 8.55713e-05 0.000387381 0.0160586 0.0923468 0.126656 7.42075e-06 0.0198258 0.0101657 2.75041e-05 0.106112 2.41213e-06 0.000580755 0.0158375 0.000131226 0.00314865 0.00613851 0.00386878 0.195368 0.0959091 0.0797299 0.046696 0.0687158 1.91161e-06 9.08423e-08 0.000152765 7.17971e-05 0.00018671 0.00222577 
0.002679 2.11287e-06 7.85031e-07 0.0147339 9.47785e-06 0.00654291 5.26729e-07 0.000480735 0.00288662 0.00185539 0.000213736 1.46965e-05 0.0168485 0.01197 0.000109892 0.000283554 0.0091916 0.000175635 0.72893 2.71433e-11 3.14634e-05 0.00118294 0.193766 4.06453e-08 1.75678e-10 0.00804975 8.57237e-07 9.65364e-09 3.9745e-05 
0.0961128 1.72115e-05 0.000315569 0.00464528 0.0130314 0.11391 6.06686e-08 0.00460499 0.00572968 8.71448e-06 0.068914 0.0011844 0.00604078 0.00423605 8.19305e-06 2.16442e-05 0.127213 0.000184611 0.230813 0.227869 0.0211907 0.0572435 0.0134484 3.42067e-05 1.26728e-06 2.16777e-05 1.3631e-05 0.000226927 0.00295922 
0.0914518 0.000286722 0.0167184 0.0488729 0.0369052 0.0197029 2.99218e-07 0.0451168 0.0489083 0.00115108 0.0333849 0.00473386 0.0779142 0.100361 0.00434299 0.00509192 0.047229 0.0169366 0.121603 0.110809 0.0990941 0.000855781 0.046083 0.00143547 3.99922e-08 0.00383457 0.000150992 0.00185551 0.0151692 
0.103121 0.00129761 0.000336915 0.0994889 0.0100192 0.128761 1.84672e-07 0.0122443 0.0271609 8.8521e-06 0.200626 3.1423e-05 0.0104802 0.00122847 0.000724631 0.000481589 0.0081728 0.00314131 0.25516 0.00488097 0.000540962 0.0322564 0.0389709 0.0010238 5.40487e-07 2.17995e-06 6.07384e-05 0.000178539 0.0595993 
0.0331596 8.48414e-11 3.03594e-05 0.0263428 0.0175744 0.0613162 7.25972e-08 0.001892 0.00832775 9.67372e-05 0.0185614 5.96688e-05 0.00962997 0.000321863 0.00134426 0.000161476 0.00214608 0.0250261 0.367763 0.35859 7.14837e-06 0.0165235 0.0421624 5.02095e-05 7.17627e-08 0.00858727 1.64888e-08 0.000324998 1.0181e-08 
0.013314 0.00283374 0.0241046 0.0331785 0.0641386 0.0465871 0.0010637 0.00883085 0.0489156 0.00518279 0.0231873 0.00239594 0.00516736 0.173433 0.00579271 0.00454679 0.0813076 0.0254679 0.276093 0.01893 0.0489729 0.0141653 0.0530405 0.000926117 0.000565443 0.00560623 0.00278498 0.00855339 0.000913686 
0.0494018 0.00018476 7.44226e-05 0.0300618 0.00455204 0.187624 3.95393e-06 0.00545155 0.00594655 0.000319543 0.0708519 0.0001372 0.00263264 0.00278983 0.00322273 0.0170625 0.00699579 0.000461037 0.566434 0.00219264 0.00101904 0.0213998 0.0204402 6.05329e-05 1.23234e-05 0.000360011 2.81878e-05 0.000274223 5.1655e-06 
0.0127352 0.000219325 1.60348e-05 2.58222e-07 8.35142e-06 0.0102343 8.35573e-06 9.80451e-05 0.000480346 2.44373e-06 2.72082e-05 9.17433e-06 0.00330727 0.0493008 9.18339e-05 2.38657e-05 0.00754598 2.40143e-05 0.699369 0.00394308 1.84166e-05 0.00651244 0.000102635 1.02281e-06 2.08443e-06 2.47799e-06 1.53812e-05 6.12426e-06 0.205895 
0.109873 2.03362e-07 1.24354e-06 0.0293428 2.67284e-05 0.0025661 7.66617e-07 0.00045423 0.0233712 1.92881e-08 0.00135442 4.68433e-10 0.00136798 0.00100466 4.10183e-06 8.4952e-05 0.00189199 0.000825953 0.733222 0.00184997 8.55032e-05 0.000287128 0.0778831 5.7417e-05 1.78691e-09 0.00100011 0.0132281 0.000186082 3.02081e-05 
0.0441847 6.2634e-05 0.0064082 0.0578014 0.0844585 0.0406318 6.1327e-07 0.0313067 0.041614 0.00309034 0.0534246 1.19541e-05 0.0248241 0.0150505 0.000692528 0.00107352 0.05679 0.00504159 0.402235 0.0228405 0.00212372 0.0326968 0.0633488 0.00261011 4.89007e-05 0.00222196 5.78938e-05 0.00107131 0.00427755 
0.132569 0.00249456 0.00731011 0.00867304 0.0023929 0.12023 1.49351e-05 0.00459877 0.023358 0.00454594 0.00289227 3.75954e-05 0.0295077 0.0111754 0.00811193 0.034379 0.00261396 0.00124349 0.371529 0.0020469 0.000719611 0.0118205 0.202577 3.24985e-05 2.78225e-07 0.000685469 0.0137851 0.000644959 1.10668e-05 
0.0672096 1.17287e-05 0.00117399 0.0631823 0.0205672 0.0060202 5.66482e-08 0.0174556 0.00918009 1.17632e-05 0.00752945 0.000247136 0.0385234 0.000433957 0.00877405 0.00143757 0.00231274 0.00404193 0.674749 0.00727586 0.000375587 0.018981 0.0491636 0.000152545 7.77157e-08 9.88799e-05 1.27425e-08 0.000373652 0.000716821 
0.0176071 1.87627e-05 0.00608151 0.0387519 0.00892945 0.121927 0.0127132 0.00125658 0.0359178 4.39566e-05 0.00863733 0.00206702 0.0184748 0.00239552 0.0010753 0.00117495 0.0224507 0.000561425 0.43291 0.00388912 0.00492345 0.0110048 0.213668 0.0321419 5.98317e-05 0.000366148 8.65214e-06 0.000868173 7.51794e-05 
0.0559917 0.000787427 0.000374883 0.012851 0.000658465 0.0208596 4.36906e-05 0.0148668 0.00453375 8.87569e-06 0.00466245 3.64706e-06 0.000653016 0.000457516 9.08891e-05 0.000620751 0.000358317 0.0109964 0.741796 0.0485798 0.00121054 0.00155067 0.0753422 5.09984e-05 4.48704e-08 0.000735148 0.00186794 4.22965e-05 5.41926e-06 
0.00674297 3.24753e-07 5.83459e-06 0.06309 4.15028e-05 0.0236799 2.53086e-07 2.76032e-05 0.00898314 2.95023e-05 0.00219294 3.60457e-07 0.0491672 0.0258891 0.00021023 0.00200017 0.031088 2.79242e-05 0.759381 0.000675576 1.74551e-05 0.00226589 0.0234785 0.000107247 1.19325e-05 0.000738056 5.69294e-08 6.52097e-05 8.20672e-05 
0.0466295 6.3973e-06 0.00700529 0.00670999 0.000598778 0.069364 6.53722e-05 0.000153504 0.00611687 0.000930467 0.00323913 4.19216e-05 0.00165704 0.124889 0.0130873 0.000331029 0.00377182 0.000775142 0.419538 0.00189525 8.34609e-05 0.00285716 0.272728 0.000909105 4.60884e-09 0.0159631 1.55527e-05 0.000345425 0.000292693 
0.134065 1.78439e-05 0.00164234 0.0623469 0.00574804 0.202161 1.97365e-07 0.027732 0.0105364 0.000898959 0.0354606 1.60669e-06 0.00589525 0.00902509 0.000355688 0.0338186 0.0114103 0.0121387 0.345608 0.0188752 0.00495469 0.00486365 0.060539 8.86247e-05 0.000484506 0.00429481 4.85225e-05 0.00448762 0.00250089 
0.00580964 0.000261281 0.03051 0.0053496 0.040714 0.0664725 0.00054755 0.00134114 0.0609563 0.000106162 0.000269124 3.42967e-06 0.00479167 0.205267 0.00263365 0.00245132 0.0707118 0.00564182 0.30407 0.0372246 0.0277924 0.00276083 0.0881546 0.000130975 0.000179707 0.031001 0.000132272 0.0013861 0.00332914 
0.0834101 0.000418869 0.000128496 0.132379 0.00306976 0.111194 1.60032e-05 0.00201218 0.022206 0.000160348 0.0334091 2.21927e-06 0.0722345 0.107618 0.00776279 0.00801292 0.0286647 0.000579099 0.173108 0.00799356 0.00372812 0.0338728 0.155324 1.76462e-07 1.97057e-10 0.00951984 0.000299003 0.002807 7.00626e-05 
0.0236464 4.63915e-06 0.00535338 0.0482913 0.0253246 0.120932 3.69981e-05 0.00637127 0.0629528 0.00245868 0.0391983 0.000722358 0.0914853 0.0380875 0.00101749 0.00090961 0.0249112 0.0044817 0.372869 0.0182163 0.00319037 0.042354 0.0543745 0.000393236 2.01009e-06 0.00321573 5.5487e-05 0.00785762 0.00128661 
0.00984938 6.30025e-06 2.81785e-05 0.00203193 5.72264e-08 0.00702752 1.00672e-05 0.00119097 0.00610308 0.000529564 4.56104e-08 9.97741e-09 0.000486225 0.351067 0.00301232 1.22567e-06 0.00148668 0.00116776 0.590909 3.42572e-05 2.89791e-06 0.00263336 0.0183608 3.80954e-07 9.61071e-09 0.00362488 2.96937e-05 0.000406781 3.89539e-07 
0.00897957 2.06982e-05 0.0118099 0.0638894 0.0394334 0.220091 4.57269e-05 0.00389335 0.0034174 0.000196039 0.0115357 5.88528e-05 0.0095739 0.0303322 0.000142167 0.000484423 0.142851 0.00458 0.227486 0.00855845 0.0359333 0.0221875 0.149416 9.80031e-05 2.61912e-06 4.14435e-05 0.00016539 0.000926115 0.00385119 
0.0172151 6.0464e-06 0.000125108 0.0838571 0.0145801 0.121643 3.27169e-07 0.0166805 0.017159 0.000119299 0.0430952 7.37575e-05 0.00217668 0.0467097 0.00066295 0.00267307 0.0102933 0.00146364 0.429685 0.0411105 3.49413e-05 0.0663487 0.0400927 0.00146866 1.04633e-05 0.00326651 5.16789e-05 3.10315e-05 0.0393657 
0.0140575 8.03229e-05 0.00185329 0.0915516 0.0582555 0.127203 0.00236517 0.00435921 0.0198906 0.0017398 0.0511512 6.18368e-05 0.0236637 0.0247404 0.00455313 0.000516322 0.0310852 0.00545434 0.373433 0.0122969 0.0629422 0.0381078 0.0394696 0.00125176 1.04863e-06 0.0062857 4.05063e-05 0.00171336 0.00187528 
0.0950219 6.14634e-05 0.000204786 0.0284174 0.0350505 0.0894971 0.000298488 0.00101875 0.0175459 3.48749e-05 0.00689993 0.00031399 0.0419166 0.0950488 0.0173855 0.000321841 0.0242503 9.37261e-05 0.380224 0.00471799 0.0003586 0.00256677 0.081782 0.0327424 3.05511e-07 6.51116e-06 0.000100216 0.00311984 0.0409996 
0.113903 5.23651e-07 0.00175055 0.0693055 0.0388215 0.0223238 9.3467e-06 0.000455307 0.0189236 0.000239964 0.0327282 0.000593418 0.123229 0.00391348 0.00314758 0.00282658 0.00519631 0.00758779 0.354694 0.0410182 0.00171604 0.113799 0.0374406 0.000872821 3.95383e-05 0.00493287 2.30252e-08 0.000527512 3.70022e-06 
0.0354686 1.2748e-06 0.000178865 0.00782712 0.000676718 0.0115615 1.20988e-08 7.56566e-05 0.0205722 0.00130416 0.00707977 0.00134295 0.027249 0.00597672 1.45595e-05 0.000414303 0.0020636 0.000113401 0.727116 0.00066001 0.000401103 0.103638 0.0192343 0.000367532 5.92415e-09 0.0259697 4.46745e-08 0.000228618 0.000464411 
0.00638333 0.0958405 0.00397524 0.00320887 0.0150498 0.0526323 0.0293723 1.21265e-05 0.00188339 0.00407143 0.00463744 2.79114e-06 0.00899513 0.30568 0.000472705 0.00012929 0.00954695 0.000864932 0.435897 0.00750747 7.14308e-06 0.00879014 0.00400103 3.47017e-06 4.70987e-09 5.59913e-09 0.000489552 0.000538114 7.60769e-06 
0.0368957 7.15892e-05 0.0161468 0.0812518 0.0125347 0.0184168 0.00757303 0.069288 0.0281909 0.000320327 0.0669681 9.65545e-06 0.000658733 0.113976 0.00612955 0.0126043 0.0330888 0.0142569 0.177052 0.0796759 0.154507 0.015354 0.0408828 0.00143826 4.39414e-06 2.61261e-07 5.12901e-05 0.010784 0.0018687 
0.107254 7.96222e-08 0.000665987 0.0585192 0.0252919 0.0510905 7.81665e-06 0.0941164 0.159405 0.000109766 0.0368748 0.000331523 0.0641862 0.00133384 0.00249959 0.00020796 0.0309211 0.000375872 0.30096 0.00487082 0.000236452 0.0202802 0.00697109 0.0303996 8.51279e-08 0.00032013 0.000278492 0.00167295 0.000818608 
0.00914381 2.60401e-08 1.58917e-06 0.00846271 0.0032702 0.00679496 2.35195e-09 0.0225053 0.000779813 7.78223e-06 0.0538631 2.39717e-07 0.00180142 0.00833564 0.000124498 6.37864e-08 0.000943459 2.94422e-05 0.811385 2.64322e-07 0.000140228 0.015821 0.0544435 3.18271e-08 3.22664e-09 0.00214516 6.10659e-08 1.09615e-06 1.45652e-09 
0.0790361 0.00585673 0.00654382 0.012763 0.00340722 0.257926 5.52497e-06 0.00658598 0.00348366 0.000159748 0.00481952 3.46662e-07 0.00122753 0.115675 0.001168 0.00297164 0.0350665 7.75521e-06 0.301692 0.0292156 0.000955204 0.0240639 0.0923608 0.00100965 9.29836e-06 0.0124806 1.74493e-05 5.6368e-05 0.00143498 
0.0215401 3.57134e-07 0.0183435 0.0946916 0.000958483 0.00906396 8.77785e-06 0.00099756 0.0211684 0.0175992 0.000399431 1.0206e-05 0.00414693 0.0285808 0.0219736 0.0014159 0.00409922 0.00112198 0.739537 0.00180242 0.000380453 0.000380061 0.00875757 2.10667e-05 9.44859e-06 0.000157898 0.000212054 0.00255531 6.66832e-05 
0.00820631 0.00409558 0.0122778 0.0379563 0.00392589 0.0554817 0.000214589 0.00298563 0.014154 0.000676685 0.000713137 9.24932e-06 0.00551949 0.0743988 0.000131183 0.000637756 0.00677674 3.00889e-05 0.735587 0.00681569 0.00040357 0.00104455 0.0211411 3.89142e-05 0.000161369 0.00314911 4.95466e-05 0.00301896 0.000399163 
0.0413978 2.3602e-06 0.00827181 0.0699287 0.00062798 0.0144537 8.33904e-05 0.0172933 0.105742 0.000239094 0.000612987 0.000228916 0.0030074 0.00839623 0.0003696 5.14768e-05 0.000918868 0.00332758 0.520576 0.002125 6.62692e-05 0.037369 0.164238 2.07818e-05 6.88625e-05 0.000112787 3.29999e-06 0.000461398 4.78582e-06 
0.0195204 1.51707e-09 0.0022005 0.0341544 0.0235638 0.0238351 9.33235e-12 0.00124316 0.00182541 3.22706e-05 0.0288827 1.5466e-08 0.0322835 0.000768069 0.001637 4.09809e-09 2.19497e-08 0.000536702 0.574706 1.97815e-12 0.000890148 0.0244233 0.227258 1.57343e-09 1.28031e-11 5.16044e-07 1.06237e-05 0.00222841 5.77937e-12 
0.0396084 0.00129486 0.0175298 0.159956 0.0724819 0.0772747 0.000233749 0.0382535 0.0600989 0.00062536 0.0319391 2.89915e-05 0.0102186 0.0158772 0.00601589 0.00315092 0.00906959 0.00246548 0.181074 0.113163 0.00638874 0.0765517 0.0195338 0.000827793 3.5292e-06 0.0299757 0.000606036 0.00523074 0.0205223 
0.002679 2.11287e-06 7.85031e-07 0.0147339 9.47785e-06 0.00654291 5.26729e-07 0.000480735 0.00288662 0.00185539 0.000213736 1.46965e-05 0.0168485 0.01197 0.000109892 0.000283554 0.0091916 0.000175635 0.72893 2.71433e-11 3.14634e-05 0.00118294 0.193766 4.06453e-08 1.75678e-10 0.00804975 8.57237e-07 9.65364e-09 3.9745e-05 
0.0194371 5.80412e-08 0.000469315 0.0263661 0.0466223 0.0832123 0.000801109 0.00043776 0.00880393 0.00331781 0.0195268 1.54003e-05 0.00348499 0.0237676 0.000688598 0.000453358 0.00279801 0.00101623 0.478198 0.217093 0.00326207 0.0390779 0.0172944 5.3364e-05 6.20546e-08 0.00179346 7.80642e-06 0.000834967 0.00116713 
0.00960115 5.32129e-08 3.003e-06 0.00362513 0.0273876 0.0306691 1.84497e-06 2.26759e-06 0.0018129 0.00886643 2.68343e-05 0.000106085 0.00128426 0.123713 0.0100726 3.83051e-06 0.0112967 0.000969868 0.536383 0.00807616 0.000649517 0.00994851 0.0744604 0.000470703 8.7211e-07 0.140317 6.15309e-07 0.000249609 1.1272e-06 
0.0680702 0.000114637 3.38433e-07 0.00644253 0.0287743 0.0762988 2.80152e-07 0.114268 0.0063622 0.000487772 0.0273066 0.162649 0.000524852 0.00244334 0.00422685 5.967e-05 0.00236712 0.00698487 0.43537 0.0131038 0.000692223 0.001341 0.0358718 1.88592e-07 9.5416e-06 0.000167209 6.30177e-08 0.00271184 0.00335046 
0.0327644 1.12424e-06 0.00101448 0.00968397 0.0176776 0.0290533 1.12467e-06 0.0156465 0.0192564 1.12376e-06 0.0603516 1.12403e-06 1.12571e-06 0.0716087 0.0023639 1.12542e-06 0.0595608 0.00934174 0.589688 1.12585e-06 1.12573e-06 1.12574e-06 0.0819718 1.12516e-06 1.12411e-06 1.12372e-06 1.12583e-06 1.12567e-06 1.12524e-06 
0.0812727 0.000232126 0.00116245 0.106286 0.00187897 0.237698 7.24662e-09 0.00159106 0.000511985 9.90812e-06 0.0114271 1.54104e-05 0.001599 0.00475352 5.99922e-05 0.000250669 0.00875107 0.000876477 0.429137 0.00656965 0.000400344 0.0120343 0.0934819 2.70745e-12 9.57362e-09 1.80382e-07 1.83884e-08 2.02485e-08 6.32059e-08 
0.0356707 8.7845e-05 0.0120247 0.111899 0.00786474 0.0508045 0.000632123 0.00183901 0.0232765 0.0007536 0.087674 0.0033237 0.00798497 0.0132897 0.000233176 0.0034912 0.0196817 0.00465336 0.466836 0.0297944 0.0202616 0.0042327 0.0799522 0.000988229 5.21401e-07 0.00164892 0.00902353 0.00157388 0.000503727 
0.234268 4.33567e-06 0.0282888 0.0611587 0.00296198 0.0833891 0.000439766 0.023757 0.0432052 0.00268727 0.0143291 3.11592e-06 0.0110219 0.0472742 0.000915327 0.00893032 0.0169445 0.00584044 0.251891 0.0750714 0.000570329 0.00647242 0.0440631 0.000410518 0.00551378 0.00197117 3.10925e-05 0.0285751 1.07536e-05 
0.099949 0.0110573 0.029306 0.067943 0.26445 0.0275383 3.07574e-06 0.000312045 0.0156088 0.00611146 0.0142671 8.35294e-05 0.0197223 0.0284064 0.000204408 0.000269381 0.00752416 0.00199348 0.325637 0.018989 1.95424e-06 0.030441 0.0187446 8.64881e-08 3.47167e-05 1.36261e-05 8.82838e-05 0.00440055 0.00689906 
0.0259607 1.1365e-07 7.77508e-07 0.0403163 0.00538132 0.160736 9.53878e-08 0.000358068 2.29027e-06 0.000106413 0.0236509 0.0152685 0.00937299 0.0336368 0.00318881 0.00113642 0.00553198 5.3836e-07 0.263497 0.0110074 5.08375e-06 0.00459475 0.107824 0.179984 2.61145e-06 0.105446 0.000164553 0.00143667 0.00138792 
0.0444963 2.29771e-08 9.58521e-05 0.0782962 0.000740745 0.0351294 2.31463e-05 0.00502839 0.0583919 0.00167116 0.014607 6.13403e-06 0.0116754 0.0675559 0.000122686 2.34854e-05 0.0482801 0.000970279 0.500265 0.000775294 0.0771644 0.0326275 0.0139514 0.00114999 1.04252e-06 0.00377785 1.59186e-06 0.00316305 9.25202e-06 
0.0336453 1.0969e-06 2.29781e-07 0.0394315 0.000403351 0.0148973 8.50044e-08 0.00573569 0.00261939 5.19412e-06 0.000952363 1.1328e-06 0.00420753 0.00891894 0.00125145 8.53859e-06 0.00511415 0.00063763 0.751966 0.00152168 6.92688e-06 0.000478032 0.127658 0.000521282 1.64522e-05 9.21729e-07 3.47613e-08 3.82868e-08 1.19467e-07 
0.0338694 0.000246444 0.00107439 0.0750599 0.00214322 0.0370613 0.0178638 0.0192432 0.00683886 0.000349804 0.0026731 2.57448e-05 0.00900302 0.0144944 0.000909561 0.000512408 0.00287064 0.000346891 0.647925 0.0220032 0.0110783 0.0111951 0.065488 0.000124007 1.67333e-06 0.00422809 0.00823343 0.0050723 6.45082e-05 
0.0592534 0.000996603 0.00792254 0.133364 0.00627807 0.0883861 0.000207807 0.0109116 0.0178534 0.000592781 0.026554 0.000310487 0.02935 0.0339951 0.000179964 0.00163586 0.0146857 0.0127081 0.242146 0.00863025 0.0216925 0.0283419 0.236692 0.00399373 3.70369e-06 0.000247625 0.00292831 0.000972955 0.00916558 
0.0566247 3.86046e-05 0.0312934 0.0286619 0.00507809 0.0325946 8.78081e-07 0.0249229 0.0695904 0.00142512 0.0194916 4.44972e-05 0.02375 0.0612342 0.00152637 3.24438e-05 0.0198894 0.00143612 0.580533 0.00221806 0.00222211 0.00791898 0.0217028 7.67526e-05 0.00015339 3.28268e-05 0.00332802 0.00404429 0.000134267 
0.0299758 1.03845e-07 0.00118961 0.0673184 0.0156159 0.0978321 2.53231e-08 0.0263487 0.0187186 0.000157004 0.0997447 6.73191e-08 0.00573901 0.0029474 0.00178895 7.11108e-06 0.0496481 0.0344938 0.278377 0.0132121 0.00851738 0.0188648 0.226557 0.000663562 9.29646e-08 9.18726e-07 5.1999e-06 0.000202727 0.0020736 
0.111569 0.000990643 0.0204337 0.0616397 0.00931626 0.0810823 0.000193809 0.0197395 0.0193181 0.000413451 0.0258142 7.93102e-05 0.0077635 0.00565947 0.00110009 0.00506526 0.00830333 0.015685 0.423387 0.0197735 0.0169151 0.00685633 0.123906 0.000636074 2.06057e-07 0.00154292 0.0102774 0.000677314 0.00186209 
0.0226016 1.40758e-06 1.04763e-06 0.0516016 1.91244e-06 0.0550476 6.50796e-06 0.000329434 0.0458295 7.14701e-05 0.00133902 4.62829e-08 0.0576559 9.88726e-06 0.000826747 3.84161e-06 0.0439823 0.0115588 0.412421 1.74087e-05 0.129078 3.88191e-06 0.031342 1.13676e-05 4.45819e-08 5.31748e-06 0.000139399 0.136112 1.66813e-06 
0.0588467 1.89161e-06 6.17998e-05 0.111065 0.0273048 0.0557708 8.99096e-06 0.00912534 0.0312741 0.000255147 0.0506183 7.35202e-05 0.0264964 0.0165511 0.0042171 0.000419207 0.0130308 0.000887718 0.256839 0.228223 0.0069112 0.0560632 0.0167232 0.00780373 3.74275e-06 1.98832e-05 0.0150587 0.000162821 0.00618266 
0.0539108 1.38586e-05 0.000610528 0.0355987 0.00813998 0.000420841 1.43035e-05 0.00661414 0.0575739 0.00900567 1.16877e-05 1.44581e-06 0.00400161 0.284853 0.000992855 0.0201522 0.000762468 0.00325734 0.468326 0.0178772 0.00120729 0.000833871 0.00133496 0.000607047 2.3212e-06 0.0211635 0.00112662 0.00155479 3.18545e-05 
0.0391656 3.37713e-08 0.00102396 0.0519264 0.168182 0.16738 8.93481e-11 0.0246392 0.123246 1.37983e-05 0.0205551 3.45679e-07 0.00966081 4.16195e-07 0.00240736 0.000161167 0.0250248 4.12935e-05 0.207552 0.00569078 0.00136045 0.0869072 0.0612803 0.00372946 4.81327e-08 1.15395e-05 3.95934e-05 6.0107e-07 5.53318e-11 
0.0572745 0.000385244 0.0157769 0.0495841 0.0362813 0.125752 0.000266488 0.00964004 0.0557954 0.00338651 0.046887 0.000843962 0.0238246 0.0376986 0.00423494 0.00488576 0.0567592 0.00895436 0.28162 0.0338146 0.0253474 0.0522879 0.043098 0.00272036 0.000690643 0.00153556 0.00426127 0.00702232 0.00937062 
0.0686591 3.00308e-05 0.024027 0.144595 0.0250518 0.0980197 0.00178697 0.0284608 0.0362918 0.000116743 0.0298497 0.000584679 0.00956404 0.0197136 0.00509804 0.0587376 0.025646 0.0212327 0.166292 0.0231525 0.0423706 0.00425883 0.10829 0.00218751 0.000589215 0.00151516 0.0438268 0.00596609 0.00408646 
0.0273633 0.0009895 0.00291954 0.00587953 0.000217958 0.00953143 0.0719829 0.000928405 0.0138131 0.00162676 0.00487068 3.62531e-06 0.0139385 0.0122105 0.000668688 0.000535614 0.000887094 5.86544e-05 0.70889 0.0272437 0.00101548 0.0832779 0.0100236 7.2927e-05 4.78906e-07 3.49496e-05 0.000471386 0.000523767 2.03141e-05 
0.0327644 1.12424e-06 0.00101448 0.00968397 0.0176776 0.0290533 1.12467e-06 0.0156465 0.0192564 1.12376e-06 0.0603516 1.12403e-06 1.12571e-06 0.0716087 0.0023639 1.12542e-06 0.0595608 0.00934174 0.589688 1.12585e-06 1.12573e-06 1.12574e-06 0.0819718 1.12516e-06 1.12411e-06 1.12372e-06 1.12583e-06 1.12567e-06 1.12524e-06 
0.0323412 1.19618e-07 0.172438 0.12431 0.059275 0.0965262 2.88594e-06 0.000834342 0.109429 1.49934e-07 0.0462564 5.71439e-05 0.00862267 0.000736913 0.000355799 0.000387036 0.118058 0.000309155 0.200817 0.0010887 3.3499e-05 0.00402489 0.0023187 4.41697e-06 1.27889e-07 0.00125933 7.58671e-06 0.0201789 0.000326121 
0.0662795 0.00402484 4.74924e-05 0.0152064 0.00311272 0.090325 3.69651e-05 0.00671466 0.00371359 0.00408367 0.00226837 3.5148e-06 0.00928499 0.0829989 0.00122608 0.00238509 0.00428646 0.00018646 0.607159 0.000177045 8.23045e-05 0.0234915 0.0497823 8.2416e-06 6.109e-05 0.0227872 8.71429e-05 0.000107215 7.25047e-05 
0.0645227 5.86155e-05 0.0103564 0.00528757 0.00041486 0.00657875 1.01814e-07 0.00142926 0.0228307 5.13962e-05 8.83741e-06 0.000230567 0.0985007 0.00315162 0.000159015 0.000460034 0.00252487 0.00125933 0.702211 0.000856954 0.000592657 0.0333115 0.0447935 2.95174e-06 1.39678e-07 1.66051e-07 5.65123e-06 0.000396342 4.2704e-06 
