0.128409 0.000717664 0.0032696 0.0974834 0.0542567 0.0891506 0.00024453 0.0408665 0.0298878 0.000367367 0.095396 0.0021585 0.0142787 0.00845279 0.00226781 0.00539764 0.0340833 0.00676219 0.0224766 0.152843 0.061497 0.0208845 0.0498082 0.0463998 0.00135393 0.000743656 0.00197207 0.00248067 0.0260905 
0.0120898 6.94265e-06 0.000810289 0.0390963 0.204029 0.107044 1.54446e-05 0.00190867 0.0609082 0.000783378 0.0457774 4.37209e-05 0.00107221 0.0153294 0.0154296 0.00199102 0.0310082 0.000870207 0.00574256 0.348628 0.0137341 0.00683015 0.0107899 0.00596313 6.35026e-06 9.46177e-07 8.75406e-05 0.000613728 0.0693899 
0.0309277 0.0022366 0.00897188 0.0363035 0.0716214 0.135505 0.00011913 0.0104247 0.0519006 0.00573342 0.0431238 1.3299e-05 0.00465697 0.135726 0.000636164 0.00348796 0.0624046 0.00711479 0.00793879 0.196014 0.00395918 0.0423061 0.0465734 0.00493427 1.17233e-08 7.25689e-05 5.3955e-05 0.00224131 0.0849996 
0.030825 5.27874e-05 0.0172256 0.00408431 0.0413864 0.122385 9.37187e-05 0.00771253 0.0468968 0.000522235 0.0396049 6.52389e-05 0.00161859 0.0314215 0.00157506 0.00472049 0.0208027 0.00999244 0.0090589 0.515811 0.0176056 0.00428727 0.0216899 0.00176644 6.43419e-08 0.00688888 4.52356e-05 0.00251553 0.039345 
0.0138642 0.000178913 0.0366554 0.078824 0.0187705 0.319534 0.000131641 0.00325056 0.0168117 3.2519e-05 0.0198404 0.000148087 0.00211234 0.00117901 0.00030362 4.69042e-05 0.00247887 0.00737695 0.0136932 0.331097 0.00905089 0.0186413 0.0995102 2.91482e-05 1.04846e-06 0.00450696 8.99892e-07 0.00147435 0.000455461 
0.0600373 1.17606e-06 0.0583367 0.0214949 0.0105999 0.0963417 5.90469e-05 0.00521966 0.101111 4.52968e-05 0.0193334 0.000529058 0.0140717 0.0705438 0.00644276 0.0632617 0.0797697 0.00238052 0.039026 0.284719 0.0097572 0.0261674 0.0253077 0.00019246 2.16921e-05 0.00013991 0.000182537 0.00275798 0.00214903 
0.0279821 2.15446e-05 0.00162769 0.0132397 0.00249982 0.0279729 0.000334041 0.00197916 0.0167246 4.74077e-05 0.00416869 8.26758e-06 0.00147321 0.0150721 1.38517e-05 0.00114456 0.0279875 0.00047504 0.00125663 0.823632 0.00212056 0.00280738 0.00470373 5.78295e-05 2.81403e-07 2.48806e-06 1.99718e-05 0.0118728 0.0107537 
0.00237984 0.0036604 2.50204e-05 0.0269265 0.0132759 0.000711412 8.02401e-05 0.00129072 0.002979 7.45447e-05 0.000413797 8.69181e-07 3.19104e-06 0.0116217 8.5712e-06 0.0422179 0.00964305 0.000117028 0.00100422 0.740101 0.00160206 0.000104242 0.00789883 0.000108519 7.65064e-07 1.6139e-06 0.0943796 0.0393436 2.63306e-05 
0.00483624 0.0149968 0.0124789 0.0250728 0.232848 0.212042 1.7032e-05 0.00059475 0.00950991 0.000134929 0.0425752 3.40945e-07 0.00412259 0.00622816 0.000175648 0.00235137 0.00842619 0.000445375 0.00175077 0.357182 0.000860016 0.0309992 0.0275417 5.65579e-06 2.12319e-06 1.03272e-07 0.000135753 0.000221657 0.00444504 
0.00776684 5.76681e-07 0.053984 0.04649 0.0345862 0.254932 1.31251e-08 0.00706787 0.0490231 1.68926e-06 0.0105006 3.17271e-05 0.00205489 0.00220734 0.0020347 0.000418488 0.0171794 0.000512894 0.00136778 0.411821 0.0002041 0.0622302 0.0264487 8.57994e-05 2.27957e-09 1.26883e-05 6.00142e-06 0.00624145 0.00279016 
0.0934294 0.0805694 0.000447309 0.0132113 0.0190264 0.00920511 0.0160621 0.0179447 0.0163041 0.00101938 0.0151043 9.67117e-05 0.000127657 0.113485 0.000565815 0.064432 0.024366 0.054304 0.000750025 0.223073 0.0118376 0.00797773 0.100821 0.00534726 0.00642611 0.000620047 0.101963 0.00144476 3.77723e-05 
0.00623151 0.000174787 0.029222 0.0239604 0.269864 0.154098 3.50508e-06 0.00574637 0.00397763 0.000114479 0.0554999 0.00108318 0.00342922 0.0106763 0.00171232 0.00102224 0.025941 0.000729247 0.00480658 0.292958 0.000647407 0.056216 0.0280278 1.3839e-05 2.80999e-07 7.2022e-08 2.99648e-05 0.000687643 0.0231268 
0.041422 0.000951743 0.00072564 0.0184519 0.0217471 0.0613691 6.22668e-05 0.011141 0.0277253 5.08835e-05 0.0180918 9.78972e-06 0.00693949 0.177965 0.00815171 0.163316 0.0177872 0.00282341 0.0125627 0.190046 0.0175496 0.0107684 0.183791 0.000146358 2.01676e-09 0.00623343 5.04625e-05 0.000119298 2.19098e-06 
2.36483e-07 2.36138e-07 0.0552928 2.36489e-07 0.0958704 0.0656103 0.00011835 0.00288451 0.0363054 2.36036e-07 0.131279 2.36094e-07 0.00456367 0.0727672 2.36325e-07 2.36385e-07 0.0904081 0.000543898 2.36418e-07 0.216399 0.136834 0.0320395 0.0269377 0.0271073 2.3611e-07 2.36028e-07 0.00364189 0.00139522 2.36347e-07 
0.0367656 0.0001394 0.00526523 0.0925105 0.0754633 0.100833 1.82279e-05 0.0468278 0.0383484 0.00161282 0.0768703 0.00245006 0.00612695 0.0287054 0.00184765 0.0213672 0.090293 0.0019913 0.00292102 0.14686 0.0691925 0.0985824 0.0135319 0.00150087 0.000892306 0.00092947 3.25239e-05 0.00553439 0.0325865 
0.0443611 0.000283269 0.00755132 0.035115 0.1228 0.181405 2.50285e-05 0.00479152 0.0253327 0.00102501 0.0320749 0.00433658 0.0139195 0.0132124 0.00139459 0.016232 0.0182032 0.0482162 0.00232948 0.260725 0.0299463 0.0763769 0.0409331 0.0120122 0.000108006 0.000144145 0.00076577 0.00222132 0.00415793 
0.00235631 4.33765e-05 0.00333534 0.0131418 0.0519851 0.048278 1.36589e-07 0.000882378 0.00272358 2.05013e-07 0.0444281 2.14468e-11 0.00577466 0.00508978 0.000379639 0.000904528 0.00247442 1.1331e-05 0.000485453 0.55731 0.013928 0.228316 0.0142081 2.24723e-07 2.06585e-11 2.4559e-11 1.94164e-08 4.98193e-08 0.00394336 
1.06213e-06 5.48743e-11 2.45006e-07 1.79525e-07 0.000731293 0.203587 4.27645e-11 8.84253e-07 0.00201371 6.87817e-11 0.0615162 1.38875e-06 0.000119026 0.0383518 4.63922e-07 0.00827531 0.0234168 4.53913e-08 0.000203127 0.626687 4.37822e-06 7.04099e-07 0.0350812 2.87881e-11 5.86687e-11 2.4418e-07 9.6195e-12 5.15183e-06 2.87611e-06 
4.68993e-05 7.25679e-06 0.000151625 0.0181818 0.176509 0.0322922 1.73521e-06 0.00175111 0.00369451 2.48308e-05 0.0233699 4.05693e-06 0.00164984 8.87739e-05 0.000479601 0.00432912 0.00136424 0.0001162 0.00106311 0.677162 9.04337e-05 0.0414192 0.00395829 2.88159e-06 4.01742e-07 4.77594e-07 6.58709e-08 0.00932201 0.00291854 
8.34358e-05 6.70986e-05 4.63569e-11 0.00211597 3.58123e-05 0.00319055 5.41187e-08 3.37296e-05 4.78162e-05 2.24866e-05 0.129491 6.86635e-07 3.67369e-08 0.00683372 1.27474e-07 0.00201632 0.036461 0.00109428 5.26037e-09 0.809272 1.09068e-06 0.00559174 0.00363743 3.88983e-08 4.27381e-10 5.3907e-07 2.81331e-06 4.13324e-08 1.31489e-08 
0.028831 0.00754483 0.116816 0.000137218 0.00869658 0.227263 0.000434401 9.08413e-05 0.237846 5.74819e-05 0.00478285 2.40677e-06 0.00477524 0.0466604 5.05832e-05 0.00419556 0.0172748 0.00504081 0.000292157 0.242145 0.00349988 0.0062053 0.013459 0.000966307 6.31749e-12 0.000880709 0.000131626 0.0141299 0.0077901 
0.000477885 2.33432e-05 4.69677e-05 0.00019596 7.65893e-06 0.00128436 0.000149943 2.46736e-05 0.000530286 7.09659e-06 0.000779534 5.261e-10 5.94622e-06 0.00264945 1.04509e-08 4.19336e-05 0.0016501 3.38891e-05 1.10125e-05 0.987903 0.00115777 0.000195946 0.00239304 1.99687e-06 2.44071e-11 2.90153e-11 9.97273e-06 0.000368766 4.90861e-05 
0.0168663 6.44406e-06 2.68476e-05 0.00692884 0.00056795 0.0140574 9.05646e-08 0.00187436 0.00114221 1.45663e-07 0.0801655 6.89142e-05 0.000160463 0.000377599 0.000381059 9.75151e-06 0.00496655 0.00235817 0.000417967 0.735806 0.0123125 0.000386138 0.00637027 0.000132583 1.24246e-07 4.39836e-05 2.03717e-08 0.00105334 0.113519 
0.0116609 3.08929e-05 0.0318177 0.191217 0.11843 0.160755 4.46139e-07 0.00412911 0.0146639 4.375e-05 0.0480591 2.25073e-05 0.00217184 0.00114839 7.66167e-06 0.000158707 0.0124111 0.00633209 0.010343 0.340949 0.000239814 0.00548459 0.00600034 1.65415e-05 5.89061e-10 2.46715e-06 7.97931e-07 0.0315374 0.00236605 
0.0201741 0.000558347 0.00944658 0.0912717 0.0731513 0.111359 4.43117e-05 0.00448073 0.0305666 0.000159468 0.133137 0.000536853 0.00626027 0.00550651 0.00432467 0.0147618 0.0415194 0.0052402 0.00520892 0.247972 0.035803 0.025328 0.0517958 0.0429118 1.14995e-05 1.72439e-05 0.00303313 0.00742086 0.0279992 
0.0163625 0.00606593 0.0231883 0.00124589 0.00827407 0.151732 0.0159947 0.00187495 0.0597453 5.96773e-05 0.00756235 5.68757e-06 0.00365212 0.279285 0.000530179 0.00337346 0.0944118 0.00196655 0.00186383 0.279444 0.00572386 0.00336098 0.0271817 0.000296087 1.57391e-08 0.00119993 0.000285006 0.0052666 4.73679e-05 
0.00769 0.00247335 0.0126373 0.0212141 0.170563 0.249175 4.28274e-05 0.00184898 0.0235307 0.00059685 0.0163861 2.56496e-06 0.00473267 0.0526711 0.000344691 0.00452876 0.0155318 0.000728698 0.00314934 0.357445 0.0045879 0.0111735 0.0268213 0.000667464 0.00017761 0.000854627 4.97255e-05 0.00632654 0.00404847 
0.0336728 0.00372818 0.0449997 0.0237038 0.00685886 0.103804 0.000448621 0.00570554 0.0563098 0.000654694 0.064551 1.67845e-05 0.0236148 0.0437311 0.00120605 0.00317295 0.179388 0.0135272 0.00884939 0.266052 0.00618943 0.00962867 0.0510009 8.79163e-05 6.49307e-08 0.000478936 7.34491e-05 0.0107218 0.037823 
0.129322 0.000303033 0.00621251 0.142554 0.019523 0.169156 1.69295e-07 0.00370232 0.00426944 4.29756e-06 0.0743506 9.90817e-05 0.00235768 0.0103487 1.19395e-08 0.0141667 0.0442353 0.0388615 0.00618452 0.204379 0.0201239 0.0599223 0.0481611 0.000267922 3.13872e-08 4.17006e-08 2.13196e-05 0.000296695 0.00117605 
0.000477885 2.33432e-05 4.69677e-05 0.00019596 7.65893e-06 0.00128436 0.000149943 2.46736e-05 0.000530286 7.09659e-06 0.000779534 5.261e-10 5.94622e-06 0.00264945 1.04509e-08 4.19336e-05 0.0016501 3.38891e-05 1.10125e-05 0.987903 0.00115777 0.000195946 0.00239304 1.99687e-06 2.44071e-11 2.90153e-11 9.97273e-06 0.000368766 4.90861e-05 
0.145047 0.00146913 0.00115659 0.00227804 0.00733443 0.000295488 0.042866 0.015572 0.0140394 0.000547641 0.00264575 0.000120352 0.000363393 0.0498946 0.000976718 0.0118858 0.0155042 0.133315 0.000351869 0.50262 0.0165973 0.000990971 0.0106068 0.0195278 5.33663e-06 0.00148413 0.00085751 0.00163582 1.05991e-05 
0.060116 0.00153257 0.0191784 0.065659 0.0675874 0.129689 2.62455e-05 0.0353819 0.031399 0.00526737 0.125889 0.000470141 0.00835374 0.0197783 0.00545148 0.00753961 0.0681274 0.0195567 0.0231358 0.155896 0.030741 0.0309517 0.0591102 0.0160588 0.000855004 0.00117893 0.00355577 0.00388174 0.00363223 
0.0257867 8.43029e-10 0.00482467 0.0440356 0.106974 0.0242002 1.4133e-06 0.00375628 0.0352158 3.69868e-05 0.163396 0.117157 0.0454855 0.0237491 0.00164662 0.000347448 0.0343237 0.00709831 0.017059 0.256855 0.000329103 0.0373549 0.0312669 0.0104793 9.01323e-10 0.000553455 5.75593e-05 0.00623507 0.0017742 
0.01037 9.81956e-05 0.000151924 0.0497307 0.0302495 0.242874 3.58675e-08 0.00112906 0.0105263 0.000175252 0.0624576 9.40643e-09 0.000658706 0.00397233 2.16846e-08 0.000170393 0.0792053 0.000319902 0.00018865 0.420614 0.0425362 0.011891 0.0284292 1.37483e-05 6.18956e-12 7.35819e-12 1.08324e-06 0.00139197 0.00284512 
0.0709489 0.000131924 0.000960508 0.0289841 0.0803286 0.0574367 3.08525e-05 0.000202439 0.0356233 8.58195e-05 0.160006 9.86849e-08 0.00619377 0.0846009 0.00152948 0.00341652 0.0440543 0.000292558 0.000448863 0.206368 0.0234761 0.00108103 0.0536217 0.129685 2.17118e-07 0.00275499 0.000596113 0.00673488 0.000405893 
0.00427475 0.000312186 0.00782153 0.00151997 0.00345132 0.0355777 0.00308382 0.000846153 0.0106677 0.000107233 0.00168784 1.93448e-06 0.000635968 0.0622353 6.21705e-05 0.00299304 0.0180284 0.00057158 0.00113218 0.802857 0.00952485 0.000695835 0.028829 9.05136e-05 3.41795e-08 0.000166473 0.000189404 0.00199008 0.000646397 
0.00244033 3.2628e-05 0.00698461 0.00573424 0.0595207 0.356735 4.88154e-06 0.000927523 0.0561275 0.00127725 0.0167326 0.000185493 0.000962174 0.0132493 1.30431e-05 3.34966e-05 0.0586538 0.000144279 9.33122e-05 0.39505 0.00880473 0.00164766 0.0110145 3.14223e-05 3.97529e-10 4.72585e-10 8.53401e-07 0.00359628 2.11735e-06 
0.0314175 0.00779298 0.0290822 0.0448505 0.0838326 0.112227 0.000158586 0.0405916 0.0648479 0.000134427 0.0502225 0.00269939 0.0413326 0.0412909 0.000688892 0.00836705 0.0608678 0.00209102 0.00203159 0.201912 0.0551927 0.0415604 0.0269603 0.0395119 0.000121096 0.000253516 0.00608771 0.0023434 0.00153029 
0.00431848 1.58371e-06 6.39658e-07 0.00370342 0.0171191 0.00559813 2.59544e-09 4.82083e-08 0.0095378 4.17445e-09 0.0319887 3.69655e-09 0.0287529 0.245356 0.00154735 0.000453323 0.0601659 0.0122199 0.00117539 0.489779 7.50882e-07 0.049033 0.0371534 3.68334e-06 3.56069e-09 4.23297e-09 0.000400854 0.00169135 2.03518e-07 
0.0157685 5.60925e-05 0.0232338 0.152112 0.0433608 0.157113 0.00117085 0.00805295 0.0390899 0.00226475 0.0272633 0.000437442 0.012745 0.0346285 0.000808107 0.00236858 0.0410014 0.0138941 0.0273145 0.228031 0.012096 0.0458893 0.082281 0.00116706 1.33577e-06 0.00159327 2.47419e-05 0.0179827 0.00825004 
0.013185 1.7018e-05 0.000637305 0.0179931 0.0513189 0.274042 5.8581e-11 0.00237949 0.0929139 5.03872e-05 0.142294 1.30708e-05 0.00671073 0.00245095 0.000126642 0.00011343 0.0124443 0.000734499 0.0157156 0.306165 0.017595 0.0183408 0.0200203 0.000474043 1.0878e-08 0.000509273 6.87533e-06 0.00310117 0.000646749 
0.00522438 2.12371e-05 0.000734462 0.127761 0.00105097 0.0500799 2.46292e-07 0.000226795 0.0602564 7.05952e-07 0.0744956 5.83074e-05 0.132158 0.00785091 0.000108557 0.0192704 0.102882 0.00102434 0.00239149 0.284777 0.00168475 0.00556878 0.00381319 0.00134012 0.0734736 0.0339463 8.15192e-06 0.000165413 0.0096272 
0.0458089 0.00789432 0.0291796 0.0140059 0.0435569 0.130575 0.000426329 0.00172896 0.0139832 0.00035407 0.0235717 0.000519349 0.0019702 0.129443 0.0010141 0.011799 0.0415026 0.00050269 0.00239812 0.246376 0.0199751 0.0218972 0.146416 0.0491405 0.000174066 0.00847168 0.00341546 0.00146556 0.00243496 
0.0635939 2.17865e-05 0.0273137 0.0482184 0.0184248 0.174283 1.41457e-05 0.0085087 0.0379449 0.000696436 0.0812411 0.000133527 0.00458303 0.00962215 0.00161888 0.00274578 0.0337604 0.00389149 0.00976594 0.326578 0.0294563 0.0201144 0.0665582 0.00567756 0.00628084 0.000762769 0.00991929 0.00269473 0.00557551 
0.0780444 3.56507e-05 0.00038124 0.0518737 0.0144821 0.11235 2.45294e-05 0.0135287 0.0228421 0.000375004 0.0365057 0.00271095 0.00304064 0.0679822 4.64563e-05 0.00541411 0.0951557 0.0461617 0.0161514 0.316349 0.00119434 0.040287 0.0718772 0.000122323 2.28562e-05 1.64833e-05 4.66946e-06 0.0013009 0.00171801 
0.0351303 0.00384784 0.00227635 0.010228 0.0140953 0.126128 0.123313 0.00156761 0.00962139 0.000100387 0.0219901 5.31955e-06 0.00585012 0.0326765 0.00271642 0.00358661 0.0127007 0.00114705 0.0262019 0.294502 0.0582622 0.00634812 0.201185 0.000235225 0.000448793 0.000490824 0.00366755 0.00135809 0.000319143 
0.0312257 2.40799e-07 0.009215 0.147548 0.102118 0.0562 2.59534e-07 0.00386179 0.0875131 0.000110963 0.0665463 3.12777e-06 0.00403802 0.00612638 0.00481641 0.00243456 0.00737318 0.000403647 0.000725421 0.237032 0.00443167 0.0320478 0.00886695 0.00677865 1.2759e-07 2.02e-05 5.97562e-05 0.000530849 0.179972 
0.000378042 0.000141338 0.0353998 0.0132212 0.0165515 0.0700139 3.35769e-07 0.0400363 0.0825764 6.96515e-05 0.102131 9.91323e-07 0.0169611 0.00159377 0.00276028 0.00110854 0.0248409 0.00587589 0.000878154 0.481615 0.0176172 0.056937 0.0145141 7.6723e-05 1.53601e-09 7.85726e-06 6.35125e-06 0.00317617 0.0115107 
0.0283433 0.0352889 0.00446454 0.0747195 0.0206672 0.0833056 0.00184733 0.00781594 0.048678 0.0189921 0.048304 5.73754e-07 0.0047871 0.0158504 0.00133824 0.000439063 0.0208124 0.00151133 0.0566457 0.475203 0.000942992 0.00547113 0.0245967 8.64013e-05 8.35168e-06 0.00357859 0.00751102 0.00576069 0.00303022 
0.00754569 0.00036958 0.000195832 0.000607109 0.00109372 0.0224173 0.0289932 0.000212129 0.0025546 0.000134011 0.0231238 1.78574e-06 0.000316629 0.110258 1.51532e-05 0.000412195 0.020553 0.00132193 0.0004772 0.684803 0.0806906 0.00163701 0.0111813 2.1205e-05 6.4608e-07 1.34043e-08 0.000341501 0.000700155 2.16282e-05 
0.00769 0.00247335 0.0126373 0.0212141 0.170563 0.249175 4.28274e-05 0.00184898 0.0235307 0.00059685 0.0163861 2.56496e-06 0.00473267 0.0526711 0.000344691 0.00452876 0.0155318 0.000728698 0.00314934 0.357445 0.0045879 0.0111735 0.0268213 0.000667464 0.00017761 0.000854627 4.97255e-05 0.00632654 0.00404847 
0.00360852 0.000251333 0.00473318 0.068439 0.0517962 0.00595727 1.8753e-05 0.0440779 0.16343 0.0002585 0.031774 1.26459e-06 0.0468626 0.195432 0.000967597 4.26672e-05 0.0865825 0.00392613 0.000973943 0.246973 0.000915059 0.00879628 0.00627763 0.00330513 4.78541e-07 0.000288667 0.00132382 0.0190813 0.00390571 
0.0247009 0.000383075 0.0248432 0.00291913 0.106633 0.0214179 9.2006e-06 0.0058233 0.00232533 0.000405607 0.0146172 2.49712e-08 0.000255906 0.010751 0.000568699 0.0126089 0.000959944 0.00575304 0.00561985 0.681163 0.0252534 0.000120411 0.0521193 7.35481e-06 4.93326e-05 0.000109784 2.72276e-05 0.000539828 1.44811e-05 
0.00718541 5.83773e-05 0.00106704 0.00681078 0.0031115 0.033478 0.000280643 0.000226348 0.00272158 0.00012448 0.00397114 5.77073e-06 0.000251049 0.0130298 1.42357e-05 0.00111557 0.0848618 0.000336032 0.00135139 0.807699 0.00374644 0.00591793 0.018921 1.17665e-06 1.32662e-05 1.65094e-05 1.3053e-05 0.000391489 0.00327929 
0.145436 0.000463263 0.0082543 0.034831 0.138178 0.0947311 0.00066533 0.0279278 0.0232177 0.000386824 0.0560288 0.000588717 0.0034712 0.0352973 0.00149949 0.00419534 0.0653211 0.00760248 0.0053953 0.180614 0.0228447 0.0224172 0.0616511 0.00827953 0.000599954 0.000799391 0.00401728 0.00732779 0.0379582 
0.0850756 0.000217581 0.00346814 0.0248003 0.0601369 0.0529875 0.000225723 0.0160647 0.0123454 0.000118113 0.150425 0.00123605 0.00178191 0.00629117 0.000134793 0.00156139 0.0739011 0.00921402 0.0083295 0.207682 0.0176262 0.0481371 0.0237472 0.014607 1.16027e-06 0.00185396 0.00734936 0.0176978 0.152983 
0.145047 0.00146913 0.00115659 0.00227804 0.00733443 0.000295488 0.042866 0.015572 0.0140394 0.000547641 0.00264575 0.000120352 0.000363393 0.0498946 0.000976718 0.0118858 0.0155042 0.133315 0.000351869 0.50262 0.0165973 0.000990971 0.0106068 0.0195278 5.33663e-06 0.00148413 0.00085751 0.00163582 1.05991e-05 
0.00769 0.00247335 0.0126373 0.0212141 0.170563 0.249175 4.28274e-05 0.00184898 0.0235307 0.00059685 0.0163861 2.56496e-06 0.00473267 0.0526711 0.000344691 0.00452876 0.0155318 0.000728698 0.00314934 0.357445 0.0045879 0.0111735 0.0268213 0.000667464 0.00017761 0.000854627 4.97255e-05 0.00632654 0.00404847 
0.0366854 0.000478581 0.0133459 0.0353559 0.0323792 0.0844891 0.000738678 0.0172669 0.0373911 0.000710718 0.229474 0.000193542 0.00910636 0.014271 0.00141124 0.00262455 0.112312 0.00392471 0.00919238 0.274868 0.0224071 0.00515832 0.034889 0.00268172 2.68422e-06 0.00033301 0.000343269 0.00279955 0.0151665 
0.158862 0.021655 0.000345412 0.0695366 0.037685 0.137825 3.00917e-06 0.00226041 0.0316202 5.18369e-05 0.0553552 0.00010282 0.00227155 0.00406645 0.00033528 0.0120953 0.0350834 0.000261198 0.0279135 0.253522 0.00557507 0.06118 0.0663048 0.00509183 8.38863e-08 3.13939e-07 0.00439395 0.00452335 0.00207996 
0.00473819 9.5619e-06 0.0661345 0.0134442 0.0447203 0.178474 3.25789e-05 0.0170315 0.124577 0.000210466 0.045992 2.50667e-05 0.00406958 0.0048269 0.000103784 0.00775558 0.032913 0.00364125 0.00262923 0.199123 0.109127 0.0472833 0.0593095 9.01895e-06 1.58364e-10 5.02181e-07 3.70128e-06 0.0146482 0.0191672 
0.024534 4.56614e-05 0.00996632 0.0098757 0.0669939 0.103557 0.000249289 0.00961024 0.0371829 0.000277211 0.0393251 0.000355973 0.00209421 0.0183523 0.00107996 0.0048537 0.0392811 0.00602679 0.0105561 0.399584 0.0104593 0.0388016 0.0189483 0.00379928 4.30831e-06 0.00365585 0.00707681 0.0124334 0.12102 
0.000784177 4.72691e-09 3.12931e-05 0.0423173 0.0532963 0.0151413 6.97456e-07 0.00174871 0.00331985 1.48922e-06 0.00738521 1.9238e-06 0.00168716 0.0012967 0.00834021 1.83656e-09 0.000147873 0.000165468 0.0874548 0.761934 8.24298e-05 0.0113993 0.00226987 6.91199e-05 3.25622e-06 3.22185e-06 9.11788e-08 0.000785402 0.00033341 
0.0454541 8.83272e-05 0.131639 0.010048 0.00652451 0.0748508 1.72143e-05 0.00107417 0.0640746 9.14297e-05 0.0337951 0.000354819 0.00928512 0.0101906 0.0923708 0.0232672 0.0117562 0.000744953 0.00785359 0.321541 0.0305517 0.0202988 0.0854621 0.005477 2.02026e-05 0.00169604 0.00334046 0.000535306 0.00759758 
0.0447186 2.84793e-06 0.015981 0.0640138 0.0729876 0.262165 5.1195e-08 0.00851916 0.0642158 0.000111509 0.02326 2.09526e-05 0.00850945 0.00794167 9.11136e-05 6.86357e-05 0.0115882 0.000460186 0.00317364 0.335744 0.0184032 0.0287398 0.0194605 7.339e-05 2.79854e-06 8.06981e-05 6.10631e-06 0.00651946 0.00314051 
0.0237253 8.35161e-05 0.00130731 0.0540163 0.094359 0.217976 2.55883e-06 0.00424972 0.0159031 3.36847e-05 0.0373762 5.57452e-05 0.000539181 0.00646524 0.00487095 0.00614533 0.0135992 0.000334362 0.0325609 0.373065 0.00075104 0.0383929 0.0655663 0.00520957 3.71401e-07 0.000368666 0.000270574 0.000649564 0.00212199 
0.000477885 2.33432e-05 4.69677e-05 0.00019596 7.65893e-06 0.00128436 0.000149943 2.46736e-05 0.000530286 7.09659e-06 0.000779534 5.261e-10 5.94622e-06 0.00264945 1.04509e-08 4.19336e-05 0.0016501 3.38891e-05 1.10125e-05 0.987903 0.00115777 0.000195946 0.00239304 1.99687e-06 2.44071e-11 2.90153e-11 9.97273e-06 0.000368766 4.90861e-05 
0.043721 0.0248283 0.0643647 0.0252684 0.0786591 0.0958701 0.00143704 0.0215979 0.0781905 0.00419653 0.039833 0.00176293 0.0080361 0.0785459 0.00231096 0.0329643 0.0312645 0.0131047 0.0205861 0.153766 0.0450067 0.0161519 0.0624294 0.0104855 4.93431e-05 0.0117282 0.00537732 0.0174799 0.0109833 
0.000784177 4.72691e-09 3.12931e-05 0.0423173 0.0532963 0.0151413 6.97456e-07 0.00174871 0.00331985 1.48922e-06 0.00738521 1.9238e-06 0.00168716 0.0012967 0.00834021 1.83656e-09 0.000147873 0.000165468 0.0874548 0.761934 8.24298e-05 0.0113993 0.00226987 6.91199e-05 3.25622e-06 3.22185e-06 9.11788e-08 0.000785402 0.00033341 
0.0591602 2.47682e-05 0.00868078 0.00907268 0.0319212 0.0450436 9.42645e-09 0.00621903 0.159552 0.000513227 0.00475777 8.66244e-05 0.0421127 0.0355729 0.0123528 0.00471045 0.0408462 0.00242732 0.0207949 0.296773 0.000477429 0.0419555 0.0786406 0.000410527 4.06251e-05 0.0015699 2.20872e-05 0.089133 0.00712835 
0.0377963 0.000328357 0.00531407 0.031285 0.0150069 0.0519641 0.0173231 0.0042292 0.0129593 0.0023704 0.147952 1.16419e-06 0.00665471 0.0244019 0.000913857 0.00503 0.100625 0.00369257 0.000728114 0.321385 0.0117549 0.00974808 0.0474997 0.093482 2.64075e-10 0.000156878 0.0021073 0.000962295 0.0443276 
0.0104435 2.43529e-05 0.00908527 0.0302672 0.0576777 0.0255348 1.61023e-05 0.0531866 0.0213176 0.000102788 0.0728702 0.000246418 0.00782502 0.00356062 0.000513788 0.00240603 0.0198769 0.0249488 0.00145636 0.529482 0.0122573 0.0219139 0.0271784 0.000678893 3.74823e-07 0.000239998 8.48725e-08 0.026893 0.0399962 
0.0307792 0.000209839 0.0494719 0.0119702 0.0238971 0.157479 3.80509e-05 0.00332523 0.180379 0.000255004 0.0459283 6.40181e-06 0.0094282 0.0464145 0.000180781 0.000410382 0.0585399 0.00259666 0.00608563 0.222801 0.00264804 0.0223609 0.0109616 0.000102413 2.28806e-09 0.000176592 2.10236e-05 0.0673515 0.0461814 
0.0250726 0.000349846 0.0256277 0.0132138 0.0146037 0.129965 5.60516e-05 0.037416 0.05527 0.00247225 0.107858 2.64783e-06 0.00471927 0.0218657 0.000229306 0.00102481 0.0503212 0.00447133 0.0137293 0.325767 0.0547281 0.0242557 0.0265844 0.0174529 1.60104e-06 0.0147465 0.000112522 0.0100213 0.0180616 
0.014624 0.00176761 0.055295 0.0072027 0.0260981 0.0518988 3.61693e-07 0.00325679 0.032168 0.00110879 0.148833 3.70777e-05 0.00359234 0.0116876 0.00819616 0.0426367 0.029399 0.0189912 0.00423348 0.295695 0.117519 0.00994947 0.0607582 0.00461785 3.73945e-10 0.000332385 0.000224365 0.00199389 0.0478832 
0.0688154 0.000119557 0.000681457 0.0399342 0.0785805 0.0471315 1.73544e-05 0.0932064 0.017616 2.57342e-05 0.0845525 0.00637934 0.00257788 0.0120434 0.0306819 0.00385967 0.013476 0.0456122 0.00118099 0.198195 0.00700756 0.0372819 0.101506 0.089604 2.18257e-07 0.000295149 0.00304078 0.000805446 0.0157722 
0.0289939 1.79902e-05 0.0459004 0.0336952 0.0288413 0.112478 5.29139e-06 0.00722146 0.0232865 1.0635e-05 0.215669 2.06604e-05 0.00471124 0.00171724 0.00197475 0.0029111 0.0689106 0.00883066 0.0021555 0.282193 0.0307996 0.0118008 0.0482792 0.000504568 1.2862e-07 0.00117472 9.09207e-06 0.00082902 0.0370576 
0.0133013 0.000271543 0.0201623 0.1878 0.027417 0.16696 1.39758e-06 0.00933326 0.0211185 0.000513784 0.0639371 2.92349e-05 0.00546872 0.0384579 0.00151447 0.0138059 0.0958696 0.0090639 0.0160501 0.195123 0.048119 0.0214677 0.0342131 0.00395305 1.44452e-05 0.00158366 0.000104688 0.00348317 0.000861872 
0.157092 1.57972e-06 0.00420405 0.00454704 0.0124248 0.109585 0.000152435 0.000265988 0.00784933 0.00015009 0.00614076 0.000563461 0.000172759 0.00833706 0.000128793 0.0209772 0.0190329 0.00036721 2.58087e-05 0.38174 0.0282926 0.00111432 0.143524 0.0034518 6.13754e-05 4.62657e-06 0.0871422 0.000601322 0.00204929 
0.0139624 9.00717e-06 0.0291544 0.1089 0.121457 0.111806 0.000492026 0.00269335 0.0168473 1.24795e-05 0.0269825 0.000899117 0.00219431 0.00219573 0.000401015 0.00144066 0.0685916 0.00444394 0.01276 0.233617 0.0401173 0.049449 0.109406 0.00033609 1.36585e-07 0.000621078 6.68174e-05 0.0343665 0.00677687 
0.0110621 0.000164985 0.0126272 0.0211087 0.0128036 0.112425 7.22467e-05 0.00339322 0.0375495 0.00107809 0.0217223 9.29121e-05 0.0050898 0.0428178 0.00213894 0.0152327 0.0920427 0.00488607 0.0110586 0.505396 0.00860424 0.0370705 0.0344061 0.000133768 9.66402e-08 0.000468733 0.000644574 0.00314442 0.00276603 
0.0960805 6.04515e-05 0.0147836 0.0154375 0.162509 0.0897206 2.12411e-05 0.00252395 0.0268645 0.00019223 0.151317 0.00190003 0.00281278 0.0127501 0.000405759 0.00867786 0.0128941 0.00835925 0.0552555 0.205122 0.0122491 0.0177817 0.0551155 0.00196511 1.03844e-10 0.000956678 0.00538918 0.001129 0.0377262 
0.00448703 1.98012e-09 0.00676163 0.0147145 0.0272202 0.053813 2.90799e-06 0.00256943 2.17219e-06 4.85446e-06 1.0966e-05 3.95497e-06 0.00375134 0.0211682 0.295105 1.4626e-06 1.67165e-05 1.26743e-05 4.20742e-05 0.503171 2.69765e-05 0.0494337 0.0176767 1.22884e-07 2.11704e-09 2.51676e-09 1.69678e-06 1.1894e-06 1.00977e-06 
0.00361904 0.00235838 0.00103997 0.0224623 0.364227 0.0673464 1.08269e-07 0.000600798 0.00900035 9.70447e-05 0.074318 3.55315e-10 0.000324355 0.00257217 4.50722e-06 0.000819642 0.00454929 0.000632949 0.000794807 0.43697 3.24789e-07 0.00482915 0.00288667 6.80003e-08 3.42256e-10 1.28456e-07 7.45577e-06 0.000346903 0.000192276 
0.0268862 7.17086e-09 0.00226867 0.0262418 0.159213 0.164359 9.1669e-07 0.00506575 0.0728424 0.000462753 0.0356362 3.78697e-05 0.00438867 0.00024107 0.00660508 0.0607266 0.0122131 0.00790131 0.00287214 0.180195 0.121896 0.00386936 0.0981105 0.00490447 0.000665329 3.19269e-08 2.52523e-06 0.00211099 0.000282768 
0.0150905 4.72859e-05 0.0712982 0.0213766 0.0451425 0.0711725 4.62949e-06 0.0065028 0.039077 0.000241002 0.0858281 0.000124706 0.00394561 0.00404739 0.00131938 0.00871252 0.0164149 0.00331452 0.000521599 0.274666 0.0762357 0.0143898 0.0262412 0.00324547 5.18597e-10 4.95569e-05 0.000328613 0.00729578 0.203367 
0.00448703 1.98012e-09 0.00676163 0.0147145 0.0272202 0.053813 2.90799e-06 0.00256943 2.17219e-06 4.85446e-06 1.0966e-05 3.95497e-06 0.00375134 0.0211682 0.295105 1.4626e-06 1.67165e-05 1.26743e-05 4.20742e-05 0.503171 2.69765e-05 0.0494337 0.0176767 1.22884e-07 2.11704e-09 2.51676e-09 1.69678e-06 1.1894e-06 1.00977e-06 
0.0238842 6.40941e-05 0.00461085 0.0335038 0.00453094 0.136756 8.62833e-05 3.00902e-05 0.142744 2.53678e-06 0.00501772 9.65245e-07 0.137795 0.0104431 1.57444e-10 0.0013801 0.0326056 2.18444e-05 0.0701279 0.242602 0.00646297 0.125211 0.0153411 0.0041926 7.4151e-07 3.71643e-10 8.17739e-06 0.00229108 0.000285498 
0.0232343 0.00300298 0.00821749 0.199112 0.0894528 0.0904486 6.51842e-05 0.0195976 0.0355805 0.000927317 0.0355439 0.000336724 0.00497491 0.0212898 0.00666321 0.0105253 0.0287332 0.00311623 0.00366152 0.223274 0.00809151 0.00569867 0.0473241 0.117896 7.49321e-06 2.91272e-05 0.000960966 0.00297346 0.00926192 
0.0167705 0.000825901 0.002939 0.026265 0.00662599 0.0462633 0.000438183 0.00517575 0.161341 0.000341373 0.0300815 0.000340566 0.00643665 0.0103529 0.000447999 0.00197518 0.238359 0.000860464 0.00285826 0.360006 0.0105206 0.0121636 0.0203858 0.000414701 1.66857e-05 5.49279e-05 0.00645333 0.020005 0.0112818 
0.0559723 0.000792305 0.0176596 0.0743375 0.0226377 0.0708658 0.000137755 0.0382765 0.0626934 0.00153586 0.0550001 0.000215009 0.0116316 0.0590944 0.0020931 0.0243614 0.110681 0.087294 0.00388429 0.117022 0.0430392 0.021532 0.0896921 0.004694 0.000799914 0.00244725 0.00459321 0.00401314 0.0130033 
0.145047 0.00146913 0.00115659 0.00227804 0.00733443 0.000295488 0.042866 0.015572 0.0140394 0.000547641 0.00264575 0.000120352 0.000363393 0.0498946 0.000976718 0.0118858 0.0155042 0.133315 0.000351869 0.50262 0.0165973 0.000990971 0.0106068 0.0195278 5.33663e-06 0.00148413 0.00085751 0.00163582 1.05991e-05 
0.00756121 1.45083e-07 0.0164852 0.00634833 0.0357974 0.106435 7.57558e-05 7.57765e-05 0.100859 0.000216445 0.0176567 6.40765e-07 0.00139245 0.0120861 0.00216868 0.00560881 0.00486679 0.00315629 0.00116884 0.491181 0.137022 0.00929959 0.0286552 0.00831641 5.35291e-08 5.12809e-06 6.51014e-06 0.000952533 0.0026016 
0.0202432 0.000464712 0.0322728 0.0606971 0.0500878 0.11517 6.25814e-05 0.0160559 0.0667299 0.000665254 0.0956085 0.0106367 0.00647663 0.0263038 0.00409869 0.00371641 0.0520648 0.0176324 0.00443498 0.221803 0.07998 0.0432878 0.0353239 0.00651145 0.00506953 0.00182062 2.31943e-05 0.00319146 0.0195667 
0.0337344 0.00305727 0.0218941 0.020015 0.0163063 0.235108 1.08648e-12 0.0133742 0.0149768 0.000909162 0.0135881 1.08956e-08 0.0048004 0.0645337 0.000437872 0.0411979 0.0100261 0.00109162 0.190252 0.251908 0.00144749 0.0051483 0.0539263 7.03802e-09 4.72571e-08 0.000194036 0.000266651 0.000886321 0.000919465 
0.00397414 6.42809e-07 6.87968e-05 0.23064 0.0975125 0.0410893 4.00784e-05 0.0325448 0.0116473 7.89544e-05 0.0204909 1.63457e-07 0.00435327 3.4108e-05 0.0277462 1.17566e-08 0.011938 0.00647356 0.00604793 0.399115 7.86738e-12 0.0281692 0.0778464 1.80126e-11 4.84274e-06 2.74983e-05 6.01888e-12 0.000156045 1.65705e-11 
0.0148025 2.75489e-06 0.000786938 0.0861614 0.0558793 0.171873 0.000125169 0.00699369 0.024477 3.2983e-05 0.0390244 0.000209873 0.00239737 0.000785405 0.000683651 0.00101751 0.0181713 0.00772459 0.00390479 0.313534 0.0964457 0.0219485 0.0854761 0.0287948 6.11347e-07 0.000375465 5.67613e-05 0.00923827 0.00907578 
0.00556473 3.93927e-05 0.00205184 0.0142506 0.0640794 0.0967687 7.37006e-07 0.00423314 0.0138929 3.61388e-05 0.176445 8.17455e-06 0.00581783 0.000785908 5.37715e-06 0.00015694 0.0132902 0.000498899 0.000713523 0.475846 2.26189e-05 0.0681224 0.030285 1.98318e-05 1.86457e-08 2.21661e-08 1.12736e-05 0.00393272 0.0231211 
0.145047 0.00146913 0.00115659 0.00227804 0.00733443 0.000295488 0.042866 0.015572 0.0140394 0.000547641 0.00264575 0.000120352 0.000363393 0.0498946 0.000976718 0.0118858 0.0155042 0.133315 0.000351869 0.50262 0.0165973 0.000990971 0.0106068 0.0195278 5.33663e-06 0.00148413 0.00085751 0.00163582 1.05991e-05 
0.00123389 4.95627e-05 0.108788 0.00641549 0.0088231 0.138214 4.56196e-07 0.000137775 0.151722 0.000723277 0.0385377 0.00455754 0.0180043 0.00093869 9.03829e-06 0.000202161 0.102102 0.0542959 0.00122933 0.320659 0.00491576 0.0165051 0.0111479 0.000431942 0.000242043 0.00548928 4.02197e-07 0.00461857 5.69923e-06 
0.0749168 0.00179154 0.00360257 0.0112513 0.0147492 0.0741437 0.00022399 0.000826062 0.0172028 0.000106995 0.0362635 2.29968e-06 0.00454073 0.0165524 3.53746e-05 0.00101314 0.0387804 0.0012838 0.00329376 0.638095 0.00415133 0.00306091 0.0477797 0.000377187 1.95775e-06 5.57131e-05 8.71415e-05 0.0028766 0.0029342 
0.113464 0.00123943 0.0198568 0.00531047 0.0771746 0.167128 9.35891e-06 0.000634271 0.0807686 3.99429e-06 0.0246772 0.00053002 0.00654877 0.0148783 3.93582e-05 0.00566065 0.0056902 0.000329252 2.46809e-05 0.386924 0.0116414 0.0269682 0.0431627 0.00238567 1.79183e-09 1.11046e-06 0.000934072 0.00163133 0.00238406 
0.0597799 0.000281746 0.0575919 0.0194763 0.063694 0.0863892 1.80915e-05 0.0135734 0.0918933 0.00192477 0.0457771 5.10789e-07 0.0209123 0.138113 0.00021512 0.00638329 0.0144093 0.00623076 0.0522839 0.22729 0.0226141 0.00465007 0.0511773 0.000413077 1.49687e-07 0.00266826 9.84552e-05 0.00231739 0.00982296 
0.0491513 2.74024e-06 0.000159285 0.00258669 0.028436 0.194304 9.91811e-11 0.0034657 0.123191 1.9899e-05 0.099201 1.41259e-10 0.00111381 0.0662393 0.000257419 0.000574265 0.03026 2.18443e-06 0.00143339 0.278099 9.88692e-07 0.0247629 0.0826227 1.36953e-06 1.36067e-10 1.61757e-10 1.04146e-07 0.000399145 0.0137163 
0.0221784 9.65065e-05 0.00127004 0.00160729 0.00257687 0.0151607 0.000387568 0.00370279 0.00594116 6.50514e-05 0.0068279 0.00018168 0.00017047 0.0140629 1.56175e-05 0.00234546 0.0129223 0.000492447 0.000473069 0.841322 0.00329935 0.00203872 0.0542171 0.000209888 4.77034e-11 1.167e-05 0.00198443 0.00264288 0.00379565 
0.00448703 1.98012e-09 0.00676163 0.0147145 0.0272202 0.053813 2.90799e-06 0.00256943 2.17219e-06 4.85446e-06 1.0966e-05 3.95497e-06 0.00375134 0.0211682 0.295105 1.4626e-06 1.67165e-05 1.26743e-05 4.20742e-05 0.503171 2.69765e-05 0.0494337 0.0176767 1.22884e-07 2.11704e-09 2.51676e-09 1.69678e-06 1.1894e-06 1.00977e-06 
0.00825607 2.97076e-05 0.0738825 0.0272455 0.143532 0.102626 1.85789e-10 0.00045286 0.14293 2.9882e-10 0.0913469 1.42972e-07 0.00684549 0.000239248 1.28455e-05 2.62967e-05 0.00696034 0.00165431 0.00202378 0.156818 5.98426e-07 0.102277 0.00562529 6.23933e-06 2.54884e-10 3.09058e-07 4.17916e-11 0.127209 1.15056e-10 
0.043923 0.000204458 0.0065478 0.150065 0.0781214 0.194613 2.81301e-06 0.0143139 0.0074761 0.000179192 0.0722026 9.75446e-05 0.00334222 0.00809619 0.000701492 0.00262134 0.0137251 0.00198713 0.00304796 0.262923 0.0246802 0.0166407 0.0562575 0.0283201 0.000105366 7.08745e-05 0.00167835 0.00125211 0.00680385 
0.00239215 0.00413354 0.00359181 0.0170917 0.138192 0.189641 2.68561e-05 0.000880961 0.0144422 8.78962e-05 0.0260032 1.63e-09 0.0037009 0.0191494 6.42095e-05 0.00147675 0.0055755 0.000638316 0.00295044 0.540343 0.000542222 0.0184837 0.00962794 2.11098e-05 3.51792e-08 9.01471e-09 4.60949e-05 0.000318623 0.000579096 
0.030825 5.27874e-05 0.0172256 0.00408431 0.0413864 0.122385 9.37187e-05 0.00771253 0.0468968 0.000522235 0.0396049 6.52389e-05 0.00161859 0.0314215 0.00157506 0.00472049 0.0208027 0.00999244 0.0090589 0.515811 0.0176056 0.00428727 0.0216899 0.00176644 6.43419e-08 0.00688888 4.52356e-05 0.00251553 0.039345 
0.000477885 2.33432e-05 4.69677e-05 0.00019596 7.65893e-06 0.00128436 0.000149943 2.46736e-05 0.000530286 7.09659e-06 0.000779534 5.261e-10 5.94622e-06 0.00264945 1.04509e-08 4.19336e-05 0.0016501 3.38891e-05 1.10125e-05 0.987903 0.00115777 0.000195946 0.00239304 1.99687e-06 2.44071e-11 2.90153e-11 9.97273e-06 0.000368766 4.90861e-05 
0.0270759 3.69123e-05 0.000169454 0.0241569 0.0276955 0.0816906 2.69299e-05 0.0190904 0.0501547 0.00951974 0.0058019 2.10054e-05 0.0293161 0.074181 0.00389693 0.0223581 0.0255131 0.0525471 0.0264158 0.481059 0.0172436 0.0160546 0.00306325 0.000121859 0.000226553 1.13334e-05 3.60991e-05 0.000527164 0.00198831 
0.0333359 2.36976e-08 0.0163611 0.0431053 0.0212537 0.20677 2.39334e-05 0.0123539 0.0366332 0.000270244 0.0502653 0.000149951 0.00231724 0.0239693 0.00256356 3.64899e-05 0.073399 0.000748935 0.0314226 0.355573 0.0203802 0.0234216 0.0338634 8.49097e-05 1.63903e-07 9.55281e-08 6.08877e-05 0.0031444 0.00849184 
0.00562513 0.000260821 0.00710058 0.032296 0.195972 0.206338 1.63573e-05 0.000686392 0.0406822 0.000383204 0.0174358 0.000108478 0.0234852 0.00947576 0.00114913 0.00136099 0.00769779 0.000513799 0.00155048 0.306363 0.00197758 0.108242 0.0183672 0.000257043 0.000196253 5.36574e-06 5.96655e-06 0.00226616 0.0101809 
0.0133498 4.17295e-08 2.33421e-05 0.140402 0.0552059 0.0443333 2.21258e-11 0.00368949 0.0108519 2.2915e-06 0.0482135 9.80374e-05 0.00115273 0.000957745 0.000234194 1.07921e-05 0.00216275 0.00567105 0.00459215 0.525933 0.0129356 0.0991249 0.0267071 2.59434e-08 4.62706e-07 8.18946e-08 2.72567e-06 0.00294668 0.00139847 
0.145047 0.00146913 0.00115659 0.00227804 0.00733443 0.000295488 0.042866 0.015572 0.0140394 0.000547641 0.00264575 0.000120352 0.000363393 0.0498946 0.000976718 0.0118858 0.0155042 0.133315 0.000351869 0.50262 0.0165973 0.000990971 0.0106068 0.0195278 5.33663e-06 0.00148413 0.00085751 0.00163582 1.05991e-05 
0.00652351 0.000490034 0.0578329 0.00115808 0.0138961 0.0614428 0.000171606 0.000569873 0.051475 4.1306e-05 0.000657559 4.19516e-06 0.00331096 0.0135632 0.00192655 0.00383147 0.000942454 0.000616585 0.000852319 0.764133 0.000291392 0.004869 0.00966937 2.19463e-05 6.58472e-07 7.54394e-05 2.16789e-05 0.000895296 0.000716077 
0.0107732 1.05171e-05 0.0451888 0.0155584 0.0854469 0.256512 6.90771e-07 0.00287377 0.0266162 0.000297809 0.0334024 4.49445e-05 0.000820219 0.00266488 2.30935e-05 0.000112314 0.0143505 0.000376184 0.0113217 0.387241 0.000644678 0.0041768 0.0155605 6.81513e-05 6.4568e-11 0.000425068 1.23502e-06 0.00332229 0.0821656 
0.0177215 0.00732978 2.88524e-06 0.00132032 4.86971e-06 8.45924e-06 1.09785e-07 0.000671976 0.022263 0.00223572 0.0019989 7.72361e-08 1.21401e-06 0.130735 1.40896e-07 0.00137252 0.0575132 1.00208e-06 1.28026e-07 0.60665 3.38558e-07 0.02048 4.03165e-06 0.000181328 8.64675e-06 6.01886e-07 5.07303e-08 2.4438e-07 0.129494 
0.051398 7.49189e-05 0.0234037 0.0289219 0.0856351 0.087582 1.7988e-06 0.0425882 0.0942956 0.000409371 0.0494759 0.000338997 0.00648702 0.0669554 0.00587661 0.023692 0.0304614 0.0128896 0.0332862 0.125337 0.0991531 0.0184369 0.0998353 0.000298154 1.9809e-08 0.00374639 6.02125e-05 0.0057319 0.00362679 
0.00313746 0.0220353 0.0278154 0.0162697 0.0725626 0.189519 2.59889e-05 0.00322893 0.0318251 0.000106637 0.170462 9.84491e-06 0.00471729 0.0583287 0.000895966 0.0040447 0.0565709 0.000941857 0.000547433 0.194997 0.00715756 0.0718501 0.0272678 0.00231064 3.14862e-11 1.42987e-05 8.70925e-05 0.0186012 0.0146697 
0.00369622 0.000255998 0.00316056 0.0294692 0.204875 0.249574 5.41383e-06 0.00102294 0.0174896 0.000118838 0.0141268 9.94565e-07 0.0170867 0.0412301 0.000229615 0.00371094 0.0306725 0.000946103 0.00115023 0.297763 0.000332518 0.0379537 0.0146128 0.00367042 0.00066056 1.00476e-05 4.69313e-05 0.0241619 0.00196588 
0.0303992 6.58439e-05 0.133014 0.0632856 0.0241808 0.0330799 0.000462406 0.0418086 0.112781 4.19403e-05 0.07475 0.0111947 0.00598203 0.00465233 0.000738387 0.000673449 0.0280985 0.0149313 0.00276443 0.301288 0.00287618 0.0490918 0.0424418 0.0118906 2.54964e-08 0.00041318 4.58207e-05 0.00747411 0.00157418 
0.0441638 4.28705e-05 0.155697 0.0249886 0.104256 0.0859607 3.4698e-06 0.00647278 0.0747795 7.7484e-05 0.0268236 5.38115e-05 0.00483639 0.00094264 0.000665026 0.00148985 0.0123124 0.00230182 0.00106638 0.298311 0.0572145 0.00655559 0.0729987 0.00635012 3.3047e-09 0.000195849 7.23379e-05 0.00690626 0.00446063 
0.00235631 4.33765e-05 0.00333534 0.0131418 0.0519851 0.048278 1.36589e-07 0.000882378 0.00272358 2.05013e-07 0.0444281 2.14468e-11 0.00577466 0.00508978 0.000379639 0.000904528 0.00247442 1.1331e-05 0.000485453 0.55731 0.013928 0.228316 0.0142081 2.24723e-07 2.06585e-11 2.4559e-11 1.94164e-08 4.98193e-08 0.00394336 
0.00448703 1.98012e-09 0.00676163 0.0147145 0.0272202 0.053813 2.90799e-06 0.00256943 2.17219e-06 4.85446e-06 1.0966e-05 3.95497e-06 0.00375134 0.0211682 0.295105 1.4626e-06 1.67165e-05 1.26743e-05 4.20742e-05 0.503171 2.69765e-05 0.0494337 0.0176767 1.22884e-07 2.11704e-09 2.51676e-09 1.69678e-06 1.1894e-06 1.00977e-06 
0.000477885 2.33432e-05 4.69677e-05 0.00019596 7.65893e-06 0.00128436 0.000149943 2.46736e-05 0.000530286 7.09659e-06 0.000779534 5.261e-10 5.94622e-06 0.00264945 1.04509e-08 4.19336e-05 0.0016501 3.38891e-05 1.10125e-05 0.987903 0.00115777 0.000195946 0.00239304 1.99687e-06 2.44071e-11 2.90153e-11 9.97273e-06 0.000368766 4.90861e-05 
