0.00122078 7.03918e-08 0.473861 0.0110768 0.0103012 0.0103293 1.5045e-05 0.00649507 0.275133 8.19619e-07 0.0836411 1.35783e-05 0.0102237 0.000544252 0.000626608 4.94684e-05 0.019561 0.00373255 0.000280384 0.00333432 9.58134e-05 0.00550228 0.00660605 0.00193958 1.47658e-11 8.78956e-06 0.0570308 0.0173459 0.00103156 
0.00528174 8.91963e-06 0.790822 0.00015223 0.00391973 0.0302701 3.07102e-06 6.74393e-05 0.0929601 2.80845e-06 0.000620812 1.16e-06 0.00391851 0.00461862 0.00144679 0.00294056 0.00155028 8.24553e-05 0.000235491 0.0473034 0.000299329 0.000775635 0.00327963 1.11386e-05 1.29777e-08 5.69626e-05 1.85566e-05 0.00613974 0.00321307 
0.00195173 9.69357e-05 0.66919 0.000252478 0.00153996 0.0248636 5.04178e-08 0.000230547 0.149243 0.000126547 0.00124486 1.1941e-06 0.00479879 0.00339771 0.00528802 0.0517551 0.000899422 6.79842e-05 0.00132492 0.0671649 9.77657e-05 0.000347784 0.00286501 1.52446e-05 2.69554e-08 9.06348e-05 2.32134e-05 0.00975218 0.00337085 
0.0134255 0.000195017 0.354595 0.0140023 0.0188491 0.039857 3.50877e-05 0.00555901 0.18933 0.000244905 0.0221069 0.000770987 0.010531 0.00303257 0.0114224 0.0811177 0.0142147 0.000256194 0.00415663 0.0402639 0.00255566 0.0862091 0.0244364 0.00263232 4.59997e-07 3.57297e-05 0.0256099 0.0301551 0.00439973 
0.000749698 0.0006281 0.46087 0.000247728 0.00720932 0.0407604 6.19993e-06 5.3153e-11 0.368361 3.24362e-06 0.00364302 3.7143e-05 0.00219421 0.00618523 3.52663e-05 0.00461668 0.000536685 9.48017e-06 5.59507e-05 0.0218641 1.91389e-08 0.00407687 0.000557557 1.91769e-05 7.54856e-12 8.97379e-12 3.34842e-05 0.0750266 0.00227336 
0.0168797 2.17367e-05 0.409688 0.00407395 0.0102561 0.11144 3.52819e-06 0.000263008 0.262304 5.59657e-08 0.0166615 0.00039517 0.0143087 0.0123333 8.46843e-05 0.00890993 0.0265619 0.000749803 0.00366267 0.0368707 0.00228098 0.0385729 0.0121917 4.41591e-05 1.89025e-10 1.68197e-05 2.93246e-05 0.0105057 0.000890545 
0.00308993 1.2045e-08 0.446465 0.00394337 0.0140482 0.0156261 1.99621e-06 9.49842e-05 0.200034 9.04668e-06 0.0142571 0.000121879 0.00228235 0.00316584 0.0379171 0.0153454 0.00550421 5.63665e-07 0.00903089 0.0242674 0.000925605 0.0351366 0.00169135 4.94433e-06 5.29866e-10 9.03529e-06 2.2715e-05 0.0297062 0.137298 
0.000233002 7.44256e-10 0.825985 0.120438 0.000328155 0.00315517 1.63852e-08 0.000995723 0.0124703 3.8374e-05 0.000726058 0.00265492 0.00315225 0.000507995 0.000317592 3.01805e-12 0.0111628 0.00031482 0.0122362 2.9227e-05 3.09659e-08 0.000702148 0.00390069 0.000148596 8.30494e-12 9.87297e-12 2.06104e-06 0.000501133 1.47361e-08 
5.00781e-05 1.87719e-12 0.656826 0.000856219 0.00299785 0.000781891 7.83923e-10 5.88497e-13 0.00353631 5.53973e-09 0.000643862 2.66299e-05 0.00124415 0.000344089 1.22828e-05 0.000545207 0.00290672 1.94491e-06 0.000193342 0.000258506 8.12673e-05 0.000145612 0.000707651 0.000263732 2.00699e-12 2.38592e-12 2.80819e-06 0.327574 9.05965e-13 
0.00105659 2.51529e-05 0.674472 0.0125391 0.00248371 0.0166855 3.74547e-05 0.000658445 0.0794312 0.000245535 0.00152284 1.41058e-05 0.00556836 0.0205964 0.065819 0.000581416 0.0302159 0.003522 0.000736588 0.00174086 0.00262332 0.000674121 0.0173729 0.000765184 5.40892e-12 9.83837e-07 5.8195e-05 0.0593833 0.00117035 
0.00528174 8.91963e-06 0.790822 0.00015223 0.00391973 0.0302701 3.07102e-06 6.74393e-05 0.0929601 2.80845e-06 0.000620812 1.16e-06 0.00391851 0.00461862 0.00144679 0.00294056 0.00155028 8.24553e-05 0.000235491 0.0473034 0.000299329 0.000775635 0.00327963 1.11386e-05 1.29777e-08 5.69626e-05 1.85566e-05 0.00613974 0.00321307 
0.000376949 3.56284e-11 0.578335 0.000793398 2.44e-05 0.00224713 7.0901e-09 5.52848e-05 0.0900404 1.28768e-05 0.000528264 1.9016e-08 0.0115772 0.000195738 9.48629e-05 2.91389e-05 0.0131985 0.00131678 0.000200524 0.000219545 4.09916e-05 0.00386835 0.000177148 7.59849e-05 3.8092e-11 2.86857e-08 3.29448e-07 0.296551 3.95906e-05 
0.00307006 8.49563e-06 0.511373 0.00528719 0.00734882 0.0345778 4.54091e-07 0.00036004 0.0646948 0.000759995 0.00920023 5.73503e-06 0.00721012 0.00280185 0.00155231 0.0118189 0.0130603 0.00422924 0.00375865 0.0252236 0.00152921 0.002657 0.00450172 0.000189018 1.80361e-06 3.963e-05 1.40823e-05 0.283074 0.00165205 
0.00257712 0.000284782 0.372307 0.00607159 0.0622932 0.0176897 4.99227e-07 2.2217e-06 0.275376 8.90832e-07 0.00933644 1.36762e-05 0.000739914 0.0672463 0.000517959 0.00458944 0.00621684 2.05072e-07 0.0240941 0.00393068 7.91324e-08 0.0387252 0.00621305 0.00125826 6.04518e-07 4.03931e-10 0.000102816 0.0963198 0.00409187 
0.00611575 0.00093038 0.337902 0.0251551 0.0297808 0.0724315 0.000485135 0.0017984 0.290778 0.000462438 0.0179987 0.000372061 0.0246706 0.0336296 0.00310016 0.00936145 0.0206674 0.00148351 0.0158553 0.01414 0.00560113 0.0238595 0.0211969 0.000863205 0.000142322 7.5696e-05 6.28007e-05 0.0358616 0.00521856 
0.00230396 0.000746789 0.693836 0.00130837 0.0381361 0.0347819 1.24762e-05 0.000347004 0.0478417 3.89072e-05 0.0755813 4.70373e-06 0.00112706 0.00322677 0.00017496 0.000157287 0.0103014 0.00016454 8.5344e-05 0.00426367 0.00280677 0.00287755 0.00814169 0.00106877 2.98042e-12 4.54343e-05 2.81117e-05 0.0456955 0.0248964 
0.0163151 0.00014366 0.310664 0.0610676 0.0273529 0.06523 0.000162744 0.00512752 0.0203033 3.69533e-05 0.156881 0.000119968 0.00500458 0.0133451 0.000280741 0.00152748 0.0477436 0.00708126 0.00227348 0.024969 0.0100866 0.00878881 0.195995 0.0109673 0.00607387 0.00027239 0.000178111 0.00154144 0.000466185 
0.000185732 8.62642e-09 0.834415 8.06523e-08 2.68319e-05 0.00298559 1.42319e-06 9.74541e-09 0.0464112 3.03744e-08 6.87725e-05 0.0937239 0.00231702 0.000555398 3.39118e-08 3.99037e-06 0.00615266 3.73987e-06 0.000137301 0.00268323 0.00190755 0.00202772 0.00134518 1.95978e-05 1.70276e-11 1.92838e-08 2.68127e-06 0.00502083 4.4172e-06 
0.00294009 2.84807e-06 0.461479 0.0189486 0.084085 0.00656753 3.2734e-06 0.00699208 0.10756 0.000116168 0.0542138 5.5738e-06 0.0038517 0.0170705 0.00339543 0.000750841 0.0770887 0.00104569 0.00102927 0.00232537 0.0646382 0.0314115 0.00438917 0.00594877 2.02619e-07 0.000910772 7.34404e-05 0.0295281 0.0136277 
0.0474059 0.000214761 0.27088 0.0297712 0.0119163 0.0215809 9.96659e-06 0.00180924 0.0718277 0.000346293 0.0117798 0.000107314 0.0207108 0.175494 0.0122048 0.063393 0.0157096 0.0007719 0.036239 0.0102735 0.00263487 0.00958792 0.0429904 0.0037567 7.82047e-08 0.000183974 0.000230359 0.13005 0.00812094 
0.00127511 5.5176e-11 0.42492 0.00236318 0.0135248 0.000968839 1.88186e-07 0.0201768 0.132805 3.49046e-06 0.338757 2.61198e-05 0.00467216 0.00142453 0.00135951 0.000481061 0.00824848 0.0120394 9.14068e-06 0.000619812 2.78764e-05 0.0048922 0.00304541 0.00272781 4.26068e-08 1.08691e-05 2.9803e-05 0.0245698 0.00102161 
0.00298553 3.35974e-05 0.284294 0.0214592 0.0384165 0.232319 2.81724e-05 0.000792307 0.125534 0.00122828 0.0430654 5.74919e-06 0.0570911 0.0387127 0.000443855 0.0023377 0.050953 0.00118161 0.0264666 0.0298646 0.00200049 0.0145127 0.0109156 0.00132946 1.07173e-07 0.00240941 4.18187e-05 0.0115666 1.09012e-05 
0.0125301 1.35526e-05 0.561053 0.00319762 0.0414631 0.0625251 8.29594e-07 0.000865668 0.103566 8.86641e-05 0.0461119 2.32938e-05 0.00425513 0.0354461 0.00311715 0.000665579 0.0205418 0.00149647 0.00217201 0.0402308 0.0233813 0.00296406 0.014386 0.00905588 1.37579e-09 0.00010383 0.000153399 0.00618685 0.00440477 
0.0120956 0.000174039 0.348064 0.00923849 0.0018662 0.0292458 9.64142e-06 0.00776068 0.155527 0.00151352 0.00122705 1.67026e-05 0.0215438 0.125679 0.013757 0.0756181 0.0977357 0.00156401 0.00863031 0.0458121 0.00307811 0.01058 0.0199399 6.7911e-05 5.00777e-07 0.000152772 0.000125479 0.00630946 0.00266773 
0.0101869 4.55596e-07 0.55766 0.00561445 0.00412976 0.0327634 3.31602e-11 0.000621101 0.194061 5.33342e-11 0.00134128 1.27531e-07 0.0156169 0.0164296 0.000113794 0.0514427 0.00463913 0.000412862 0.00011433 0.022267 0.00154776 0.0023165 0.0031556 7.12829e-05 2.06642e-08 2.2066e-07 4.92904e-05 0.0752228 0.000221678 
0.000185732 8.62642e-09 0.834415 8.06523e-08 2.68319e-05 0.00298559 1.42319e-06 9.74541e-09 0.0464112 3.03744e-08 6.87725e-05 0.0937239 0.00231702 0.000555398 3.39118e-08 3.99037e-06 0.00615266 3.73987e-06 0.000137301 0.00268323 0.00190755 0.00202772 0.00134518 1.95978e-05 1.70276e-11 1.92838e-08 2.68127e-06 0.00502083 4.4172e-06 
0.00664138 1.53842e-05 0.643861 0.000752297 0.00173434 0.0455898 1.26598e-09 0.000223022 0.243617 1.49759e-06 0.0062137 9.0035e-05 0.00190836 0.00221942 3.8478e-05 0.000374576 0.00949307 6.5314e-05 0.000176404 0.00399905 0.000299259 0.000747894 0.00515451 0.000147121 1.07642e-09 5.75449e-08 1.03368e-06 0.0233565 0.00327921 
0.00369745 0.230464 0.399395 0.0106094 0.00150323 0.0301588 0.000242763 0.000322107 0.0413152 0.000156651 0.000659821 2.82947e-06 0.0012091 0.189032 0.00353 0.00578385 0.00147149 0.000163289 0.0250074 0.00778285 0.00213894 0.00447103 0.0377358 0.000907496 2.62706e-08 7.2186e-05 9.63298e-05 0.00194251 0.000128313 
0.00369745 0.230464 0.399395 0.0106094 0.00150323 0.0301588 0.000242763 0.000322107 0.0413152 0.000156651 0.000659821 2.82947e-06 0.0012091 0.189032 0.00353 0.00578385 0.00147149 0.000163289 0.0250074 0.00778285 0.00213894 0.00447103 0.0377358 0.000907496 2.62706e-08 7.2186e-05 9.63298e-05 0.00194251 0.000128313 
0.000211576 1.43683e-08 0.966293 3.8878e-05 3.27056e-06 6.40874e-05 1.10898e-09 1.1893e-06 0.0277533 1.22519e-11 2.73715e-08 1.08492e-11 0.000658643 0.000335645 2.42238e-05 0.000864909 0.00266552 4.33378e-05 8.58904e-05 0.000356947 1.03595e-05 2.10783e-08 9.96174e-13 1.81208e-05 1.39208e-09 1.52056e-09 6.79005e-08 0.000570921 4.26758e-09 
0.00156966 1.34479e-12 0.742151 0.0046313 0.00199768 0.0709803 1.39731e-06 0.000142271 0.0801657 6.257e-07 0.0162551 4.09296e-10 0.00227068 0.00177398 0.000540726 0.00139096 0.0008585 0.00505058 0.000230993 0.0565341 0.000836083 0.0044336 0.00266241 4.04306e-05 4.80987e-10 1.54931e-05 1.48187e-05 0.00478833 0.00066276 
0.00841153 0.000100876 0.385099 0.00238864 0.00764435 0.0219518 1.56275e-07 0.00196502 0.284047 6.44785e-05 0.0104025 0.00134261 0.0492241 0.0133685 0.000889472 0.0167819 0.0212624 0.000349112 0.00489109 0.0183055 0.00306248 0.0623903 0.0156661 0.000300759 0.0114205 0.000281246 1.45815e-05 0.0498146 0.00855963 
0.0026827 8.21959e-07 0.464698 0.00156811 0.0113967 0.0155261 7.88187e-08 0.00252756 0.121259 0.00345728 0.141635 1.13379e-05 0.0893645 0.000921544 0.00462376 0.000698523 0.00733016 0.0276999 2.7916e-05 0.00629858 0.0010303 0.00206807 0.00486542 0.00065435 1.02419e-07 1.65161e-05 1.31525e-05 0.0813402 0.0082839 
0.00348339 2.05919e-06 0.397792 0.0127606 0.00816528 0.101254 0.000700595 0.004226 0.243123 8.28797e-05 0.0308339 4.3492e-07 0.00681624 0.020204 0.00155553 0.00138929 0.0381004 0.00990684 0.00649275 0.032659 0.00203553 0.0279597 0.0263148 0.000113681 1.20568e-06 0.0122171 2.24184e-05 0.0117227 6.46174e-05 
0.012357 2.03894e-05 0.297444 0.00655676 0.0183217 0.0280626 9.10828e-08 0.00127065 0.236909 6.91867e-09 0.0133379 0.00136816 0.0411128 0.0200021 0.000611731 0.0386041 0.0138283 0.000157264 0.00138349 0.0151931 0.00154251 0.108453 0.00922053 0.000551513 4.94237e-06 2.18583e-07 0.0150042 0.117022 0.00166084 
0.00479735 0.000242705 0.852272 0.00291741 0.00188575 0.00350197 8.10127e-06 0.000131812 0.0752876 0.000342635 0.000421437 3.57017e-05 0.00247916 0.00547331 2.03593e-05 5.27744e-07 0.0137778 0.000113903 0.0092667 0.00569057 0.000133824 0.0177489 0.00205646 0.00031302 1.54127e-09 5.27205e-08 1.04644e-06 0.000937347 0.000143102 
0.0439143 0.00307906 0.391556 0.010093 0.00109747 0.0450719 8.03212e-07 0.00102498 0.273741 7.27803e-07 0.0391053 6.64738e-07 0.0120088 0.0140261 0.00149286 0.0584036 0.0215001 9.50082e-05 0.000970949 0.0060564 0.00434466 0.0232463 0.0334389 3.48606e-05 5.33948e-09 0.00384289 6.60537e-05 0.0107035 0.00108347 
0.00545981 2.25113e-06 0.606233 0.00579827 0.0022121 0.0292003 3.04495e-06 0.000167323 0.160592 4.85257e-05 0.000585403 2.22492e-06 0.0740759 0.00384159 0.000478647 0.00501165 0.0232843 0.000207182 0.00324872 0.0192641 0.0172581 0.0182219 0.0199431 1.00345e-05 2.49516e-07 9.95941e-06 8.15461e-06 0.00401126 0.000820348 
0.00482662 2.50656e-05 0.769992 0.00508487 0.0103706 0.0254832 0.00604683 0.000624881 0.0629717 0.000621932 0.0100299 0.00544145 0.00657111 0.00378632 0.00180444 0.010582 0.00889824 0.00125813 0.00483094 0.0151118 0.00252233 0.00209402 0.00824476 0.0012368 1.30449e-05 6.08591e-05 0.000141494 0.0298912 0.00143351 
0.00113506 8.06261e-06 0.651504 0.000471502 0.0239783 0.0099147 2.14145e-07 7.63112e-05 0.0675471 8.36948e-06 0.0956337 5.02144e-06 0.000605245 0.000247558 6.27197e-06 8.2496e-05 0.00617394 5.93845e-05 1.42875e-06 0.00191332 0.00109572 0.00196588 0.00142605 0.000780469 1.7088e-12 4.93478e-06 4.81275e-06 0.118423 0.0169272 
0.000747547 0.00925004 0.692688 0.00811246 0.00680818 0.0375954 3.50954e-05 0.00486969 0.0641561 1.55235e-05 0.0252262 4.29795e-05 0.0014616 0.0297621 0.000403948 0.00096603 0.0328059 0.00257513 0.000197493 0.00237839 0.00166266 0.00533979 0.025687 0.00049597 6.58665e-08 7.87949e-05 1.67439e-05 0.016994 0.0296273 
0.00360629 0.00111446 0.683475 0.00632777 0.00588758 0.0141301 0.00901472 0.00269035 0.116616 0.000288431 0.00967829 0.00480829 0.00470503 0.00824589 0.00100734 0.00647036 0.0062558 0.00287836 0.00853799 0.0711271 0.00695648 0.00268853 0.00819009 0.00329412 1.09881e-07 0.00439087 3.17909e-05 0.0067154 0.000866807 
0.00195173 9.69357e-05 0.66919 0.000252478 0.00153996 0.0248636 5.04178e-08 0.000230547 0.149243 0.000126547 0.00124486 1.1941e-06 0.00479879 0.00339771 0.00528802 0.0517551 0.000899422 6.79842e-05 0.00132492 0.0671649 9.77657e-05 0.000347784 0.00286501 1.52446e-05 2.69554e-08 9.06348e-05 2.32134e-05 0.00975218 0.00337085 
0.00154364 2.78248e-06 0.877391 0.00242435 0.00811493 0.0100014 9.57694e-10 0.000366245 0.0365099 1.27633e-09 0.0207728 1.36599e-05 0.00155411 0.00131195 5.87422e-05 0.0132099 0.00769523 0.00013059 3.91856e-05 0.00407757 0.000514259 0.000719667 0.00211391 0.000829878 1.27506e-09 1.28056e-08 3.12556e-05 0.00938139 0.0011913 
0.00448499 0.00790805 0.733802 0.00295859 9.54053e-07 9.54193e-07 9.53023e-07 9.53784e-07 0.0402675 9.52248e-07 9.54103e-07 9.52484e-07 9.53907e-07 0.107811 9.53416e-07 9.5366e-07 0.0690749 9.53615e-07 0.00505602 9.54021e-07 9.53918e-07 0.00887251 9.54125e-07 9.53437e-07 9.5255e-07 9.52219e-07 0.00343538 0.0162167 9.63042e-05 
0.0177374 4.58066e-05 0.723332 0.00119166 0.00193307 0.0230473 2.577e-08 7.73476e-05 0.0966578 2.79245e-09 0.00667432 0.00024108 0.024016 0.00585713 0.000157538 0.0019929 0.0100976 0.000405732 0.000877455 0.00112906 0.00129554 0.058111 0.0189478 4.08143e-05 3.36007e-12 9.10944e-09 1.10418e-09 0.00566154 0.000471776 
0.0135941 0.000241718 0.420821 0.0413246 0.0215652 0.0284223 3.80717e-06 0.00284788 0.123919 0.000207553 0.0293112 0.00110883 0.0148181 0.0335141 0.000476731 0.00791441 0.0253821 0.00279553 0.01269 0.00789328 0.00369409 0.0293547 0.0691924 0.0161403 3.60196e-06 0.0575227 0.000993719 0.0108996 0.0233469 
0.0130984 0.00392997 0.255821 0.0369966 0.0171438 0.0492027 4.29978e-05 0.00280798 0.191476 0.000193889 0.0125554 0.000400914 0.157036 0.0380652 0.00830063 0.00422888 0.0903955 0.00296779 0.00296284 0.0136699 0.00569908 0.0157272 0.0159574 0.0048335 0.00730645 0.000194979 5.76602e-05 0.0480689 0.000858025 
0.00911591 0.000476432 0.696945 0.119834 0.00173661 0.00155311 1.05306e-06 0.00421689 0.0550793 1.60162e-05 0.00612724 0.000259577 0.00203412 0.00124791 0.000138185 0.00282698 0.0174385 0.0231712 0.00108769 0.00388307 0.000298382 0.00250506 0.0114263 0.0176501 6.03826e-10 7.17833e-10 1.11436e-05 0.0209132 6.82254e-06 
0.00598895 2.52674e-05 0.691515 0.00726905 0.00363057 0.0394368 0.000119586 0.000454012 0.0925439 8.5537e-05 0.00380455 0.000239418 0.00853988 0.0223156 0.00460876 0.00236442 0.0213217 0.00232752 0.00124445 0.0151936 0.00260992 0.0079032 0.0194328 0.00019742 2.21418e-09 1.88747e-05 2.65556e-05 0.042561 0.00422201 
0.0135131 0.0902455 0.222301 0.0176329 0.101536 0.0489727 0.000180691 0.00169104 0.0294506 0.000208297 0.0104689 1.10156e-05 0.000821936 0.175119 0.0127581 0.00494531 0.006336 0.000467707 0.0251737 0.0211036 0.12756 0.0153304 0.0567696 0.00768691 1.37169e-08 0.00252692 0.000972428 0.00469039 0.00152594 
0.00206589 0.00267995 0.676786 0.00770296 0.0128045 0.0324936 7.25892e-06 0.00042018 0.119401 0.000155305 0.00823595 1.95467e-05 0.00620344 0.0227902 0.0144639 0.000286591 0.0243876 0.00405868 0.00107113 0.00707912 0.00460442 0.00661086 0.0110629 0.00115215 1.14112e-10 1.83576e-05 4.20326e-05 0.0266024 0.00679345 
7.51156e-05 2.47347e-12 0.494598 0.00126286 0.00449675 0.00109852 1.10533e-09 7.75431e-13 0.00430728 7.81176e-09 0.000965789 3.55269e-05 0.00181978 0.000506229 1.84233e-05 0.000568714 0.00427379 2.91703e-06 0.000290011 0.000387756 0.000117865 0.000218416 0.00101563 0.00038141 2.6445e-12 3.1438e-12 4.21154e-06 0.483555 1.19374e-12 
0.0104289 0.00996096 0.651873 0.0363142 0.000601102 0.000443446 4.57504e-06 0.0199081 0.0189681 1.91143e-05 0.0146453 0.000451543 0.00318036 0.000644375 2.0418e-08 0.000767823 0.0691952 0.0682808 0.000429922 0.00767191 0.000108835 0.00603107 0.0723339 0.00624888 1.09911e-07 1.42852e-11 1.12139e-05 0.00147065 6.66427e-06 
0.00237091 1.97516e-06 0.571225 0.00307909 0.0111792 0.0119185 1.38927e-05 0.000138273 0.150592 3.00442e-05 0.0111266 0.000127331 0.00175147 0.00243312 0.0294555 0.0117321 0.004482 1.35073e-06 0.00687264 0.0185033 0.00102179 0.0269782 0.00139482 6.94793e-06 8.66209e-07 2.35287e-05 2.57052e-05 0.0227214 0.110793 
0.000684367 1.60155e-09 0.756903 0.00288134 0.000717636 0.0401035 6.17391e-10 7.29716e-05 0.122974 7.42428e-06 0.0112393 1.02926e-06 0.0122288 0.000523039 0.000364327 0.000956835 0.000470073 0.00830703 0.00016257 0.0267978 0.000225458 0.00178134 0.0019417 3.14942e-05 8.37671e-10 1.0098e-05 8.72236e-07 0.0102769 0.000336519 
0.000683535 1.79466e-11 0.401463 0.000441157 0.00126765 0.192123 4.0954e-09 2.62093e-08 0.305088 2.2495e-11 1.76761e-07 1.39714e-06 0.00860892 7.918e-05 0.000171215 0.0424002 1.05698e-05 5.9605e-08 0.000519005 0.0351002 5.23412e-08 0.000611179 0.00141473 3.1499e-08 1.91876e-11 2.79926e-06 9.46915e-06 0.009904 0.000100785 
0.0576836 0.0775406 0.0899518 0.0241086 0.0619833 0.0671055 5.35878e-05 0.00460693 0.0808581 0.000423576 0.0452427 0.000593192 0.0325211 0.0698679 0.00284961 0.0509568 0.0511023 0.00776789 0.0251403 0.0402786 0.0101605 0.0138949 0.0483021 0.0711456 0.00388044 0.000839617 0.0370833 0.0177715 0.006286 
0.00389928 3.75103e-06 0.536913 0.00602025 0.00448719 0.0338173 5.31829e-06 0.00305038 0.183201 6.78576e-06 0.0123007 1.08195e-06 0.0223355 0.010185 0.0005791 0.00143945 0.0810454 0.00351858 0.000820211 0.0121564 0.0314282 0.0292877 0.00908537 2.8214e-06 1.07879e-09 1.28248e-09 1.03166e-05 0.00640841 0.00799159 
5.00781e-05 1.87719e-12 0.656826 0.000856219 0.00299785 0.000781891 7.83923e-10 5.88497e-13 0.00353631 5.53973e-09 0.000643862 2.66299e-05 0.00124415 0.000344089 1.22828e-05 0.000545207 0.00290672 1.94491e-06 0.000193342 0.000258506 8.12673e-05 0.000145612 0.000707651 0.000263732 2.00699e-12 2.38592e-12 2.80819e-06 0.327574 9.05965e-13 
0.00479785 1.82888e-05 0.517616 0.0033858 0.00222357 0.0122609 6.37164e-07 0.00231812 0.364472 0.00209564 0.00461699 0.000239271 0.00604015 0.00408867 9.89625e-05 0.000497218 0.0471176 0.00167928 0.000934928 0.0124105 0.00096549 0.00219704 0.00148186 0.00360141 9.27577e-07 5.42646e-06 1.54101e-06 0.00424439 0.000589586 
0.0362637 0.00222675 0.559267 0.00969736 0.0142611 0.0267604 0.00163677 0.00301985 0.0671656 0.00250154 0.0439743 0.000315418 0.00472041 0.0182503 0.00256503 0.00573916 0.0198393 0.000679765 0.0313359 0.0325791 0.000763385 0.041852 0.0168273 0.0010794 6.37185e-07 0.000473725 0.000119664 0.0500899 0.00599575 
0.0117987 2.92625e-05 0.731282 0.001962 0.0041984 0.0401065 1.74756e-08 6.91791e-05 0.0986785 2.17323e-09 0.00507099 0.00037862 0.0121571 0.00912907 0.000191205 0.0222025 0.00885347 0.00022566 0.000508827 0.00676436 0.00206994 0.0188075 0.0114363 0.000153184 5.5353e-12 6.18047e-09 1.5372e-05 0.0134731 0.000438807 
7.33308e-05 3.07895e-12 0.98084 6.37368e-07 4.53194e-09 5.87675e-10 2.39948e-12 9.65249e-13 0.0124482 3.85928e-12 1.23541e-09 9.10974e-10 0.000277441 1.45775e-05 1.92429e-08 0.00223233 2.9543e-06 1.27279e-12 9.51813e-13 0.000166303 8.99237e-11 6.84674e-13 2.49691e-06 3.72305e-07 3.29185e-12 3.91338e-12 4.11703e-09 0.00394113 1.55845e-08 
0.0202719 0.000499826 0.210567 0.00800321 0.110123 0.182296 1.99899e-05 0.000528909 0.144762 5.07177e-06 0.053083 0.000671893 0.00642835 0.0320615 4.13696e-05 0.00763471 0.0728278 0.000233282 0.0189111 0.0232954 0.019522 0.0344079 0.0241444 0.00201055 6.49888e-09 0.000154968 0.00303 0.0213351 0.00312956 
0.00171439 0.000426916 0.319977 0.00455392 0.056328 0.00463325 2.28753e-08 0.00020839 0.30841 2.44733e-06 0.176146 2.03256e-07 0.00588292 0.00167162 0.000297411 1.11729e-05 0.00220628 0.00626426 0.0164711 0.000913223 0.0313494 0.003331 0.00148259 0.0240312 1.1914e-10 3.06444e-07 3.31279e-05 0.0336508 2.56903e-06 
0.000685354 8.00149e-06 0.913045 0.000264134 0.000109602 0.000448567 6.66643e-09 7.00364e-05 0.0624954 6.3716e-07 4.86831e-09 8.69602e-12 0.00281099 0.00722 0.00249499 0.000225754 0.00187091 0.00112252 0.000424756 0.00384193 0.000225024 0.000153462 0.000699164 0.000114458 1.21155e-09 1.63301e-05 3.57989e-06 0.0016496 9.54982e-08 
0.000344891 1.8759e-05 0.688887 0.00053474 0.00345943 0.00209409 2.18262e-07 0.000590642 0.0850026 3.16473e-05 0.0137395 1.25346e-05 0.0108021 0.00107609 0.00477963 0.00169449 0.00873379 0.000365898 0.000895314 0.00531298 0.000481082 0.00460099 0.000593698 7.64974e-05 6.73419e-10 5.33758e-07 5.40591e-06 0.154269 0.0115965 
0.000745563 4.87481e-10 0.873133 0.00226154 0.00335267 0.00227599 5.52727e-10 1.1014e-08 0.0137754 4.66322e-05 0.000438412 7.95118e-06 0.00589473 0.000410456 1.78405e-05 0.000402832 0.00436123 1.48967e-05 0.000640427 0.000323198 0.00161295 0.00158035 0.00098174 0.000117798 3.23907e-12 1.59281e-09 6.41792e-07 0.0875951 9.13409e-06 
0.00679081 1.14673e-05 0.734485 0.000192064 0.00503965 0.0387624 3.94799e-06 8.6707e-05 0.117061 3.61054e-06 0.000798184 9.6485e-07 0.00500105 0.00592167 0.00186016 0.00368068 0.00196186 0.000106013 0.000302773 0.0608187 0.000383639 0.000997243 0.00416944 1.3152e-05 1.66593e-08 7.32363e-05 2.38582e-05 0.00731877 0.00413108 
0.00895858 2.84527e-09 0.524465 0.00551035 0.00327239 0.130606 1.30763e-07 0.000112787 0.188251 2.90691e-06 0.00403335 0.000370818 0.00737972 0.00614172 0.00652174 0.00106604 0.00375729 0.000146561 0.00573782 0.0663387 0.000173807 0.00266705 0.0104252 9.3062e-05 4.55099e-10 0.00165428 1.60299e-05 0.0171147 0.0051829 
0.0038334 2.12359e-08 0.810813 0.00110399 0.00136367 0.0239646 3.40854e-07 1.39346e-07 0.111999 7.76427e-07 0.000841262 4.53879e-05 0.00140838 0.018289 0.00124935 0.000275016 0.000686861 1.75387e-05 0.00128095 0.00998706 1.83496e-05 0.00682799 0.000564133 0.000174535 8.33702e-12 3.56473e-08 1.87593e-05 0.00409609 0.00113997 
0.000785932 2.96341e-05 0.948628 0.0111824 0.00128416 0.00187454 5.77829e-07 0.000103565 0.0118094 1.34052e-06 0.00270371 2.13345e-05 0.000470574 0.00011428 0.00711325 0.00274525 0.00239893 0.00104089 0.00057404 0.000464729 0.000327716 0.000409797 0.00440495 0.000571944 6.04758e-08 1.03011e-05 5.8405e-06 0.000921205 1.56237e-06 
5.00781e-05 1.87719e-12 0.656826 0.000856219 0.00299785 0.000781891 7.83923e-10 5.88497e-13 0.00353631 5.53973e-09 0.000643862 2.66299e-05 0.00124415 0.000344089 1.22828e-05 0.000545207 0.00290672 1.94491e-06 0.000193342 0.000258506 8.12673e-05 0.000145612 0.000707651 0.000263732 2.00699e-12 2.38592e-12 2.80819e-06 0.327574 9.05965e-13 
0.000324844 1.1588e-09 0.773375 0.00259922 0.00229777 0.00111103 1.2503e-09 0.00631972 0.144248 2.8862e-08 0.0294071 1.10913e-08 0.00878095 0.000162667 3.52243e-06 3.00088e-06 0.0192075 6.19891e-05 0.000818762 0.00147052 9.22302e-05 0.00315403 0.000327245 0.000776302 1.44691e-06 3.5169e-05 2.96051e-06 0.00521404 0.000205721 
0.0381373 0.000400354 0.330537 0.00509764 0.0151605 0.0188759 5.46689e-06 0.0117348 0.215912 0.0168228 0.0207729 0.000187153 0.0246414 0.0400888 0.00498574 0.00195528 0.109133 0.000825421 0.0199769 0.0661814 0.00442723 0.0153683 0.0203514 0.00129934 3.94166e-08 0.00220052 4.89168e-05 0.0133356 0.00153749 
0.000143539 7.87267e-05 0.922371 0.0164958 0.00178829 0.00150236 8.46361e-07 0.00014495 0.00318112 1.02707e-05 0.0215778 9.73444e-05 0.000373087 4.30305e-05 4.06178e-05 1.77947e-05 0.00360679 0.0039149 0.000119364 8.72588e-05 1.32974e-05 0.00109219 0.0213617 0.00111942 1.48445e-09 7.71319e-08 4.49332e-07 0.000818249 1.93135e-09 
0.00303852 0.00138137 0.729676 0.00215292 0.0488825 0.0532465 1.19402e-05 0.000527967 0.0295254 6.44223e-05 0.0490852 2.87864e-06 0.00132066 0.00737049 0.000575807 0.000215291 0.0150081 0.000270073 0.000301004 0.00627417 0.00311286 0.00385824 0.0135503 0.000600781 4.11575e-12 6.25732e-05 4.49516e-05 0.00372122 0.0261181 
0.000685354 8.00149e-06 0.913045 0.000264134 0.000109602 0.000448567 6.66643e-09 7.00364e-05 0.0624954 6.3716e-07 4.86831e-09 8.69602e-12 0.00281099 0.00722 0.00249499 0.000225754 0.00187091 0.00112252 0.000424756 0.00384193 0.000225024 0.000153462 0.000699164 0.000114458 1.21155e-09 1.63301e-05 3.57989e-06 0.0016496 9.54982e-08 
0.000939916 0.0104074 0.395676 0.000372012 0.0153609 0.0872277 4.51987e-06 2.74243e-05 0.276835 2.58958e-06 0.00156143 2.05955e-08 0.0230672 0.00751252 0.000548563 0.0210609 0.00489039 7.74723e-05 0.000297023 0.142919 6.70651e-05 0.00422105 0.00194926 2.28087e-05 2.56508e-08 1.64824e-05 4.9633e-05 0.00371832 0.00116662 
0.000255228 7.84609e-09 0.556871 0.027501 0.0130324 0.00282495 2.46312e-07 0.00537656 0.173352 9.87401e-06 0.0304966 1.23834e-06 0.00723231 0.00693188 0.000253733 0.000185924 0.0812673 0.000248628 6.26443e-05 7.48541e-05 0.00693473 0.0109626 0.00106763 0.0016799 1.31901e-08 8.12467e-06 1.23373e-05 0.060192 0.0131642 
0.000912485 3.92754e-12 0.725054 0.00384178 0.000956843 0.0530935 7.73911e-10 9.7293e-05 0.1192 1.80897e-07 0.0149858 9.65006e-10 0.0141896 0.000671059 0.000485759 0.00119684 0.00035364 0.011076 0.000197665 0.035348 0.000300607 0.0023751 0.00258893 4.04457e-05 1.05952e-09 1.34614e-05 1.1627e-06 0.0125718 0.000448683 
0.0101869 4.55596e-07 0.55766 0.00561445 0.00412976 0.0327634 3.31602e-11 0.000621101 0.194061 5.33342e-11 0.00134128 1.27531e-07 0.0156169 0.0164296 0.000113794 0.0514427 0.00463913 0.000412862 0.00011433 0.022267 0.00154776 0.0023165 0.0031556 7.12829e-05 2.06642e-08 2.2066e-07 4.92904e-05 0.0752228 0.000221678 
0.000211576 1.43683e-08 0.966293 3.8878e-05 3.27056e-06 6.40874e-05 1.10898e-09 1.1893e-06 0.0277533 1.22519e-11 2.73715e-08 1.08492e-11 0.000658643 0.000335645 2.42238e-05 0.000864909 0.00266552 4.33378e-05 8.58904e-05 0.000356947 1.03595e-05 2.10783e-08 9.96174e-13 1.81208e-05 1.39208e-09 1.52056e-09 6.79005e-08 0.000570921 4.26758e-09 
0.0038334 2.12359e-08 0.810813 0.00110399 0.00136367 0.0239646 3.40854e-07 1.39346e-07 0.111999 7.76427e-07 0.000841262 4.53879e-05 0.00140838 0.018289 0.00124935 0.000275016 0.000686861 1.75387e-05 0.00128095 0.00998706 1.83496e-05 0.00682799 0.000564133 0.000174535 8.33702e-12 3.56473e-08 1.87593e-05 0.00409609 0.00113997 
0.00100646 4.25858e-11 0.395401 0.00227404 0.00178622 0.00273468 6.26697e-09 0.00111939 0.223494 1.86218e-05 0.00333072 2.51e-05 0.0155727 0.000345302 5.08537e-05 1.56252e-05 0.0890249 0.00259698 0.000333512 0.000582848 0.000330404 0.00559706 0.000749798 0.00010019 4.55305e-11 1.97977e-08 8.89341e-07 0.253227 0.00028134 
0.000580557 5.74575e-06 0.911199 0.000278988 0.000803849 0.00106641 1.65014e-08 4.35811e-05 0.0490538 0.000152447 0.000365361 2.8202e-07 0.00625874 0.00289201 0.00177506 0.00521961 0.00268501 0.00034021 0.000545326 0.0049455 0.000231153 0.00223475 0.000374759 4.10577e-05 3.37689e-10 1.96567e-06 3.83092e-06 0.00508701 0.00381352 
0.0217823 0.000172711 0.649987 0.00211882 0.00493315 0.0259186 0.00454596 0.00026404 0.151209 3.59779e-05 0.00646432 0.000674301 0.014492 0.0264365 0.00842002 0.0107277 0.00894807 0.00184805 0.000902523 0.0123997 0.00103474 0.0202129 0.0137664 7.39268e-05 1.40611e-05 9.80443e-06 2.96979e-05 0.00949782 0.0030798 
0.029873 0.00639777 0.451923 0.00765202 0.0042238 0.0164771 0.00015495 0.00203511 0.123539 0.0042663 0.0350607 0.00135916 0.00546218 0.01592 0.00585026 0.0003877 0.0555908 0.000420947 0.0498153 0.0462002 0.00331584 0.0740726 0.0285069 0.000213802 2.22312e-09 3.21766e-05 5.47152e-05 0.0296951 0.00149893 
0.00668888 2.73987e-07 0.294581 0.00841323 0.127631 0.0989342 0.00013598 0.000220084 0.0631704 0.000508047 0.00572199 5.19887e-05 0.00508966 0.0212324 0.00279342 0.00480294 0.0346742 0.00238287 0.00440391 0.0202511 0.000658185 0.00962832 0.00994857 0.000569797 1.38937e-09 5.71625e-05 7.09726e-05 0.268344 0.00903601 
0.0284495 1.98842e-06 0.446731 0.0121669 0.0238676 0.0146326 0.000984244 0.00318513 0.0608055 0.000141952 0.0689434 0.00155405 0.00543318 0.0140728 0.00047453 0.00044695 0.0075621 0.000561091 0.0169363 0.00720542 5.73278e-06 0.00478623 0.0113217 0.00131778 8.83683e-07 0.00318528 3.33653e-05 0.229367 0.0358254 
0.00983008 5.24656e-05 0.604034 0.0426463 0.00755321 0.0238933 4.72914e-06 0.00627752 0.104814 0.000149328 0.0541486 0.000322696 0.00348184 0.0071519 0.000193002 4.3553e-05 0.0295974 0.00854738 0.00226888 0.00919877 0.00561183 0.00585141 0.00795158 0.00227531 1.68111e-05 3.00375e-07 1.66709e-05 0.0579402 0.0061269 
7.63005e-08 1.26633e-10 0.495696 0.00104492 0.000368484 0.000175923 9.86872e-11 2.18987e-08 0.441306 1.58727e-10 8.7966e-05 1.35976e-05 0.0315981 0.000668598 0.001857 0.00104519 0.000292614 5.23482e-11 3.47761e-07 0.000823597 2.33253e-09 6.76661e-05 1.5381e-08 1.10576e-05 1.35389e-10 1.60952e-10 2.21988e-11 0.0249428 6.88924e-08 
5.91133e-05 1.79355e-05 0.893801 0.00569306 0.00209501 0.00052693 2.91038e-07 0.000629858 0.0495778 2.69803e-06 0.0283205 3.43055e-05 0.000877737 0.000100447 0.000129662 3.47553e-05 0.0039755 0.0014306 3.95088e-05 0.000108109 1.22672e-05 0.000847302 0.00561379 0.000992674 1.08256e-09 1.31303e-05 5.24146e-06 0.00476181 0.000298554 
0.00433908 0.000180092 0.382033 0.00214284 0.0320597 0.0265203 1.47752e-05 0.0300043 0.281041 3.89659e-05 0.0243963 4.95812e-05 0.0063223 0.053191 0.00174849 0.00163058 0.0734339 0.00353358 0.00549773 0.0251438 0.00833978 0.00720838 0.016838 0.000569623 3.1236e-06 5.89852e-05 3.03945e-05 0.00810923 0.00552064 
0.000817542 2.18433e-06 0.463193 0.00151343 0.0207477 0.00618976 4.98622e-08 0.000152699 0.0335574 0.000861841 0.0471307 1.83438e-05 0.00121193 0.000263206 4.86493e-05 0.000764259 0.00993761 0.000150473 8.60942e-05 0.00105153 0.0020844 0.00195131 0.00286161 0.000722464 3.19325e-09 1.46936e-05 1.114e-05 0.400654 0.00400221 
0.0385716 3.67683e-05 0.224369 0.150055 0.0149657 0.0763544 5.46227e-06 0.00681428 0.10983 0.000563799 0.0574483 6.32552e-05 0.0138885 0.0207335 0.00060602 0.0132841 0.0992745 0.00503027 0.0062551 0.00667474 0.0141834 0.012811 0.0446577 0.00164952 2.53947e-05 1.16198e-05 6.53362e-05 0.0778051 0.00396626 
0.0245182 8.91651e-05 0.380774 0.00268509 0.0134671 0.0133439 9.93953e-05 0.00320825 0.260814 0.000663347 0.0287359 0.00129857 0.118113 0.00908404 0.00146959 0.00138088 0.0120808 0.00120494 0.0091884 0.0257946 0.00292077 0.0441404 0.0101463 0.0105041 0.000135952 5.22059e-05 0.00363932 0.0156002 0.00484701 
0.0228117 2.80077e-05 0.268494 0.00763634 0.0454004 0.0211997 6.57882e-06 0.00228746 0.147693 6.5045e-06 0.208563 0.000995662 0.00817069 0.000368954 3.40685e-05 0.000781449 0.0214114 0.000463174 0.00251453 0.00734234 0.00403367 0.0754863 0.00741274 0.00191543 0.000535487 2.89771e-06 0.00505127 0.116051 0.0233022 
0.00113506 8.06261e-06 0.651504 0.000471502 0.0239783 0.0099147 2.14145e-07 7.63112e-05 0.0675471 8.36948e-06 0.0956337 5.02144e-06 0.000605245 0.000247558 6.27197e-06 8.2496e-05 0.00617394 5.93845e-05 1.42875e-06 0.00191332 0.00109572 0.00196588 0.00142605 0.000780469 1.7088e-12 4.93478e-06 4.81275e-06 0.118423 0.0169272 
0.000944186 8.34351e-09 0.472241 7.39538e-05 0.00166735 0.0180988 2.2954e-07 6.65328e-11 0.390485 5.07583e-07 0.00241396 4.95202e-05 0.00165156 0.000941335 7.11415e-06 0.00472133 0.000132788 7.2081e-06 4.24913e-05 0.0106108 2.40895e-08 0.00136004 0.000258434 1.36557e-05 8.23907e-12 9.79467e-12 5.26767e-06 0.0912423 0.00303112 
0.000803302 9.72232e-13 0.823665 0.00311657 0.000956785 0.0503662 3.07274e-10 9.7262e-05 0.0533466 1.78159e-07 0.0149855 3.83066e-10 0.00228743 0.000671021 0.000485645 0.00119671 0.000372561 0.00505051 0.000197637 0.0332225 0.00030056 0.00167155 0.00225771 4.04291e-05 4.17706e-10 1.343e-05 1.15964e-06 0.00444547 0.000448589 
7.33308e-05 3.07895e-12 0.98084 6.37368e-07 4.53194e-09 5.87675e-10 2.39948e-12 9.65249e-13 0.0124482 3.85928e-12 1.23541e-09 9.10974e-10 0.000277441 1.45775e-05 1.92429e-08 0.00223233 2.9543e-06 1.27279e-12 9.51813e-13 0.000166303 8.99237e-11 6.84674e-13 2.49691e-06 3.72305e-07 3.29185e-12 3.91338e-12 4.11703e-09 0.00394113 1.55845e-08 
0.0119635 3.15166e-06 0.514127 0.00159824 8.43057e-12 1.22166e-07 4.56004e-09 1.85273e-07 0.0733492 7.26167e-11 6.71931e-12 6.43032e-11 2.37785e-07 0.347063 1.37288e-07 7.49579e-07 0.0049489 1.73873e-06 0.00306708 0.0011853 0.0202552 0.022416 3.56036e-07 3.03932e-11 6.19399e-11 7.36346e-11 1.95379e-05 5.15723e-07 2.796e-11 
0.00136931 9.48633e-05 0.820567 0.00277747 0.00406256 0.01168 2.0494e-07 0.000129705 0.073652 4.28863e-05 0.00533337 1.77101e-05 0.00611142 0.00179565 0.0145203 0.0130667 0.00434034 0.000402301 0.0010671 0.0189803 0.00100964 0.00220422 0.0042967 0.000500066 3.84639e-09 2.02993e-05 2.51263e-05 0.00813395 0.00379851 
0.00113506 8.06261e-06 0.651504 0.000471502 0.0239783 0.0099147 2.14145e-07 7.63112e-05 0.0675471 8.36948e-06 0.0956337 5.02144e-06 0.000605245 0.000247558 6.27197e-06 8.2496e-05 0.00617394 5.93845e-05 1.42875e-06 0.00191332 0.00109572 0.00196588 0.00142605 0.000780469 1.7088e-12 4.93478e-06 4.81275e-06 0.118423 0.0169272 
0.00453363 0.00171714 0.671409 0.00876508 0.0356888 0.0391817 6.27394e-05 0.000718423 0.091216 0.00021625 0.0172173 0.00185286 0.00780094 0.00856618 0.00129775 0.00636481 0.0131184 0.000777063 0.0012753 0.00943765 0.00225008 0.00654004 0.0178393 0.00178663 2.58051e-07 9.16589e-05 0.000219407 0.047488 0.00256756 
0.00403407 0.000254544 0.73178 0.0145538 0.0081097 0.0270421 2.49094e-06 0.00142243 0.048666 0.000612491 0.0152856 0.000414101 0.00287384 0.00135577 0.000213626 0.00102673 0.00945612 0.00175008 0.0034421 0.0054458 0.00198935 0.00919108 0.0549319 0.000326125 9.44595e-08 9.5756e-06 1.79743e-05 0.0542221 0.00157074 
0.00389113 9.60092e-05 0.570795 0.00439496 0.0299252 0.147613 2.77477e-05 0.000297136 0.048554 3.98105e-05 0.0424371 1.36041e-05 0.00408013 0.00898892 0.000137864 0.000244704 0.0207916 0.000426662 0.000707842 0.00383249 0.0034737 0.00438301 0.0199698 0.000694746 1.32836e-07 9.88541e-06 4.65365e-05 0.0787416 0.00538561 
0.000944186 8.34351e-09 0.472241 7.39538e-05 0.00166735 0.0180988 2.2954e-07 6.65328e-11 0.390485 5.07583e-07 0.00241396 4.95202e-05 0.00165156 0.000941335 7.11415e-06 0.00472133 0.000132788 7.2081e-06 4.24913e-05 0.0106108 2.40895e-08 0.00136004 0.000258434 1.36557e-05 8.23907e-12 9.79467e-12 5.26767e-06 0.0912423 0.00303112 
0.000685354 8.00149e-06 0.913045 0.000264134 0.000109602 0.000448567 6.66643e-09 7.00364e-05 0.0624954 6.3716e-07 4.86831e-09 8.69602e-12 0.00281099 0.00722 0.00249499 0.000225754 0.00187091 0.00112252 0.000424756 0.00384193 0.000225024 0.000153462 0.000699164 0.000114458 1.21155e-09 1.63301e-05 3.57989e-06 0.0016496 9.54982e-08 
0.000182299 1.47465e-09 0.475306 0.00217614 0.00107066 0.00172419 2.89335e-07 0.000924966 0.368001 3.40755e-07 0.0307066 1.81075e-06 0.0445537 0.0108608 3.52784e-05 6.80624e-06 0.04065 0.000116037 0.000108618 0.000102368 6.94549e-05 0.00720527 0.000692102 0.00410724 2.2959e-06 8.15847e-07 3.05652e-05 0.00985881 0.00150568 
0.00954238 1.60974e-08 0.725261 0.00191702 0.00301008 0.0624946 8.81004e-07 3.63078e-05 0.117631 4.25672e-06 0.00340458 8.95669e-05 0.001855 0.0188805 0.00856518 0.00175402 0.00166002 0.000139116 0.00139902 0.0204804 0.000625509 0.0102933 0.00351551 0.000344371 5.35033e-12 2.56501e-08 3.21547e-05 0.00427413 0.00279012 
0.000352891 3.13673e-06 0.893561 0.000214575 0.00140557 0.00263918 2.36094e-07 0.000138718 0.0613886 7.30558e-06 0.00297583 0.00762678 0.00506971 0.000507605 0.000374002 0.000331558 0.00608384 8.43881e-05 0.000334743 0.00261958 0.000440908 0.00279913 0.000872528 4.17625e-05 3.89395e-10 1.40876e-06 3.63736e-06 0.00654333 0.00357789 
0.000944186 8.34351e-09 0.472241 7.39538e-05 0.00166735 0.0180988 2.2954e-07 6.65328e-11 0.390485 5.07583e-07 0.00241396 4.95202e-05 0.00165156 0.000941335 7.11415e-06 0.00472133 0.000132788 7.2081e-06 4.24913e-05 0.0106108 2.40895e-08 0.00136004 0.000258434 1.36557e-05 8.23907e-12 9.79467e-12 5.26767e-06 0.0912423 0.00303112 
0.00113506 8.06261e-06 0.651504 0.000471502 0.0239783 0.0099147 2.14145e-07 7.63112e-05 0.0675471 8.36948e-06 0.0956337 5.02144e-06 0.000605245 0.000247558 6.27197e-06 8.2496e-05 0.00617394 5.93845e-05 1.42875e-06 0.00191332 0.00109572 0.00196588 0.00142605 0.000780469 1.7088e-12 4.93478e-06 4.81275e-06 0.118423 0.0169272 
0.00480457 3.82117e-07 0.758631 0.00188595 0.00412899 0.0327612 6.44382e-12 3.65163e-08 0.0866537 1.03641e-11 0.00134083 5.50715e-08 0.00249557 0.00581423 0.000113653 0.0521451 0.00463859 1.65677e-05 0.000114186 0.0142387 0.00154725 0.000208643 0.00315505 7.07958e-05 8.8403e-12 1.05094e-11 4.92341e-05 0.0249648 0.000221367 
0.00528816 3.51777e-08 0.395985 0.0188154 0.0260981 0.129231 6.57074e-06 2.12869e-05 0.00770594 2.44572e-05 0.00557236 0.000139145 0.00174014 0.00228925 7.74171e-05 0.00550226 0.0126934 0.00019182 0.00393552 0.0078985 0.0042077 0.00213168 0.159305 0.000141386 2.93095e-11 3.48434e-11 2.50668e-05 0.210964 9.11204e-06 
7.33308e-05 3.07895e-12 0.98084 6.37368e-07 4.53194e-09 5.87675e-10 2.39948e-12 9.65249e-13 0.0124482 3.85928e-12 1.23541e-09 9.10974e-10 0.000277441 1.45775e-05 1.92429e-08 0.00223233 2.9543e-06 1.27279e-12 9.51813e-13 0.000166303 8.99237e-11 6.84674e-13 2.49691e-06 3.72305e-07 3.29185e-12 3.91338e-12 4.11703e-09 0.00394113 1.55845e-08 
0.0152375 0.00545569 0.714136 0.00774342 0.0280425 0.0474705 3.5613e-05 0.00134288 0.050874 0.000118934 0.0375598 0.00164711 0.00434263 0.0198171 0.00108214 0.00852817 0.00662745 0.000595994 0.00216425 0.00965514 0.00877712 0.00396352 0.0163064 0.00171629 1.06938e-11 2.71546e-05 0.00248976 0.00403028 0.000213151 
0.000456204 1.15496e-06 0.624879 0.00121167 0.0203655 0.00489922 1.56627e-07 1.0911e-05 0.0195111 7.73645e-06 0.0227873 2.61768e-05 0.00124506 0.000506998 1.65128e-05 0.00133479 0.00553651 2.27407e-05 0.000112414 0.00106995 0.0010293 0.000888677 0.00130644 0.000873691 2.11687e-12 7.07612e-07 1.4356e-05 0.289467 0.00241828 
0.00312545 0.000257372 0.594604 0.00400494 0.0137895 0.0210628 4.2175e-05 0.00113322 0.0859146 0.000109523 0.0253103 0.000138542 0.0108607 0.013115 0.095017 0.00207985 0.0106043 0.00264737 0.00188397 0.00806683 0.00116044 0.0121703 0.00691157 0.00311992 3.25668e-07 0.000321132 8.71933e-05 0.0795994 0.00286193 
0.000712526 3.08885e-10 0.636736 0.000818095 0.002748 0.0133154 5.32879e-07 8.39405e-05 0.288727 6.62694e-08 0.00208457 2.32757e-06 0.00765581 0.000807102 0.000132841 0.0172091 0.000308843 2.40725e-05 0.000311861 0.0180856 0.000161483 0.00394861 0.000752685 2.22947e-05 1.76858e-06 3.58932e-06 2.35618e-05 0.00496938 0.000352672 
0.000155336 5.01929e-10 0.88161 0.080439 0.000218771 0.00217424 1.09671e-08 0.000663819 0.0100707 2.55846e-05 0.00048404 0.00180161 0.00218882 0.000354283 0.000211732 4.81632e-09 0.00754612 0.000209885 0.00815749 1.94853e-05 7.42125e-07 0.000468101 0.00264196 0.000104838 6.32514e-12 7.51937e-12 1.37421e-06 0.000451856 9.96758e-09 
