0.0106302 0.00400156 7.50884e-05 0.00670725 0.116751 0.0144241 9.5748e-06 0.00144352 0.0401159 3.76089e-05 0.0320139 1.62838e-06 2.2084e-06 0.343719 0.000124138 0.000222104 0.00497705 0.000959878 1.01025e-05 0.0139137 0.396264 0.0027984 0.00485314 7.56446e-05 2.98689e-06 1.14487e-06 4.59398e-05 0.00408089 0.00173732 
0.0438232 0.000285983 0.00173031 0.00688192 0.0212327 0.077795 0.00685533 0.00865355 0.0263785 4.3476e-05 0.0443986 2.31916e-06 0.000842866 0.131576 0.000440252 0.000591175 0.0224983 0.0052006 0.0102562 0.00678858 0.496307 0.00183797 0.0772899 0.000494835 0.00035351 3.66413e-05 0.000170042 0.00555261 0.00168281 
0.0188377 1.22126e-07 0.000403572 0.00599646 0.0310896 0.108199 1.47576e-05 0.0117978 0.0719286 1.4021e-05 0.0887141 6.25422e-08 0.0595304 0.0422012 0.000175242 0.000333316 0.0344907 0.0144981 0.000635244 0.0818121 0.25542 0.0460039 0.107909 0.000480062 1.80743e-10 2.14869e-10 1.77673e-06 0.018415 0.00109809 
0.0163749 0.00368179 0.000831529 0.00555736 0.0277539 0.0827968 2.65143e-05 0.00220422 0.055878 0.000325872 0.0122284 0.00050515 0.0188285 0.0800881 9.97662e-05 0.118496 0.160488 0.00466427 7.51451e-05 0.00320552 0.323624 0.00278324 0.0432494 0.00484058 0.01553 4.96906e-05 0.00789128 0.00253557 0.0053863 
0.0153578 6.58031e-12 0.002839 0.0470666 0.151644 0.114807 2.91162e-09 2.16422e-07 0.000414023 2.67231e-05 0.028482 4.14687e-09 0.00234343 0.000828665 0.00280179 0.000389492 0.000567994 0.0984427 0.109859 0.00101865 0.375803 0.0263004 0.0191015 0.000535354 7.03532e-12 1.56234e-08 7.6601e-05 0.00129353 7.01563e-08 
0.000590245 1.29891e-05 0.0055961 4.12689e-12 0.00251504 0.0333183 4.99182e-05 0.00330999 0.153856 3.90557e-11 0.00451817 3.09508e-07 0.00187152 0.0269128 2.1168e-07 6.92093e-05 0.00221629 0.000505898 4.93017e-08 0.0111286 0.665494 0.000918515 0.0309476 0.0017387 3.33133e-11 3.96031e-11 2.91659e-05 0.0543306 7.01547e-05 
0.0186105 2.13815e-05 0.000815951 0.186915 0.116225 0.106898 5.71133e-06 0.00461017 0.00927272 0.00402304 0.0375197 1.06947e-06 0.000984179 0.010489 0.000816328 0.0199581 0.0291653 0.00235135 0.00451426 0.0381927 0.30138 0.0208632 0.0799682 0.00115909 0.00143886 0.000546698 6.0669e-06 3.21282e-05 0.00321626 
0.0397912 6.5229e-09 0.00124413 0.0561264 0.0610352 0.0512822 2.70352e-05 0.00852733 0.0233249 0.000208352 0.0350698 9.24543e-05 0.00245348 0.0599178 0.000249575 0.0357193 0.0121848 0.012928 8.31639e-06 0.00834294 0.400874 0.066232 0.0495697 0.0374801 1.67496e-05 2.40132e-06 0.0325583 0.000728356 0.00400514 
0.0103676 0.0327258 2.6856e-05 0.000337693 1.42995e-06 0.0123168 0.250404 0.0316976 0.00573684 2.48998e-07 0.0871609 4.44246e-09 9.44063e-10 0.0681036 1.42675e-06 5.95578e-07 0.00244798 6.86899e-07 0.000125335 0.000149953 0.361797 1.26539e-06 0.0617725 0.000829505 4.27918e-09 9.19182e-07 0.0013391 0.0726539 1.93165e-09 
0.000470768 7.70241e-07 0.00440748 0.00156107 0.0126364 0.00565682 1.79306e-07 0.018282 0.00535187 2.32967e-06 0.01383 8.07881e-07 0.000137988 0.00741299 2.29442e-06 0.000110848 0.00550902 0.00264515 1.254e-05 0.00988513 0.904535 0.00412781 0.00203819 1.84724e-05 4.6423e-09 0.00130919 1.1879e-05 1.22216e-05 3.11371e-05 
0.00317808 1.66217e-05 0.00689933 0.0850693 0.0173437 0.0690799 0.000104436 0.00990818 0.0326905 0.000218532 0.0750865 9.03123e-05 0.086242 0.00982583 7.20363e-05 0.000372521 0.0467684 0.0156825 0.00390451 0.0254684 0.421274 0.0495603 0.0393951 1.78178e-05 2.94733e-08 2.3643e-06 1.38741e-05 0.00127593 0.000438706 
0.0184378 0.000236283 0.00405918 0.0186833 0.0450776 0.135191 1.32752e-05 0.00180527 7.9326e-05 5.14188e-05 0.0183185 3.20155e-05 0.000651041 0.208344 0.000136172 0.000387843 0.00426136 0.0119896 0.00037474 0.0101858 0.392611 0.0294141 0.0981354 0.000111552 0.00104741 7.28718e-05 2.01693e-05 0.000212832 5.84653e-05 
0.0311491 0.00117969 0.00160736 0.00150439 0.0842875 0.0387841 1.13418e-05 0.00375961 0.0352101 8.19435e-09 0.105487 0.000503543 0.000964548 0.0142427 0.00126434 0.000897154 0.0751246 0.00272945 0.0338166 0.0487373 0.301007 0.0347603 0.0254516 0.000556594 3.44015e-11 2.55418e-05 7.39688e-05 0.0369315 0.119933 
0.0105238 3.51075e-07 0.00231753 0.0202307 0.0842642 0.0858381 6.26544e-05 0.00955423 0.0115677 0.000484109 0.241916 0.00011825 0.00385536 0.0334967 5.47119e-05 0.000745426 0.0860874 0.00153668 0.00145992 0.0162018 0.326147 0.0112967 0.0301749 0.00607803 2.64453e-08 3.05823e-06 6.2514e-05 0.0121039 0.00381806 
0.0577233 0.000209431 0.00315286 0.00642404 0.0782877 0.00733246 0.0410426 0.00170513 0.0041733 7.04269e-05 0.232586 0.00068868 0.000102974 0.0321162 0.000523261 0.00523063 0.00277837 0.000748939 8.61825e-06 0.00294306 0.248899 0.0016299 0.0746336 0.176486 2.21199e-09 4.64391e-05 0.0192851 0.000579538 0.000591897 
0.0449301 2.02243e-06 0.0180688 0.147209 0.0608445 0.132019 1.93648e-05 0.00452918 0.0216382 2.6545e-05 0.130654 3.26995e-05 0.00210426 0.00840636 0.000310583 0.00211541 0.0143347 0.0837715 0.00112086 0.0242447 0.204614 0.0115186 0.0765445 0.000633628 1.62064e-06 0.00017019 5.52575e-05 0.00999193 8.88346e-05 
0.138969 1.91257e-07 0.000420103 0.080296 0.0235251 0.0160569 9.34387e-05 0.0491636 0.0231598 2.13991e-05 0.177615 0.00217998 0.00755068 0.0100156 0.00010041 0.0015383 0.015058 0.00625085 0.0158428 0.00318398 0.184624 0.103438 0.0906235 0.0012597 0.000408413 0.000906967 0.0352086 0.00132719 0.0111628 
0.015602 0.000143122 0.00227731 0.00978022 0.0890082 0.0780912 0.00075051 0.00436264 0.0139143 2.42584e-05 0.0150675 3.06708e-06 0.00132417 0.150064 3.38389e-05 0.00355368 0.015621 0.00685256 0.00200354 0.0207221 0.428269 0.00198226 0.134271 2.73845e-05 1.14305e-10 0.00136713 0.000138304 0.000144435 0.00460092 
0.0726176 0.00152142 0.00362491 0.0512147 0.111326 0.07373 2.03376e-05 0.0100992 0.0138225 0.000313504 0.0815388 0.00305091 0.00847331 0.0165364 0.000644813 0.028809 0.010226 0.002527 0.00804116 0.00821099 0.260983 0.160391 0.0552481 0.00431371 1.43389e-06 0.00031704 8.96312e-05 0.0046179 0.00768976 
0.002054 0.00350073 0.000538959 0.084024 0.0220153 0.0109909 0.00205811 0.0235516 0.0528951 5.02317e-07 0.0474377 0.00011709 0.0372351 0.16174 0.00193477 0.00141958 0.106848 0.0708206 1.60598e-05 0.00265991 0.278355 0.00765028 0.0289173 0.0013787 4.68801e-08 7.62841e-07 0.00049209 0.0451019 0.00624634 
0.0119032 5.37167e-08 0.000751623 0.0215017 0.0219429 0.198909 4.05159e-06 0.0011589 0.00212724 2.12236e-07 0.027265 7.55718e-07 0.00473969 0.0108066 1.13085e-05 9.86072e-05 0.025314 0.00151828 0.0952699 0.0965791 0.372875 0.0398532 0.0654696 0.000533603 2.15898e-10 1.15188e-06 8.10741e-05 5.56526e-06 0.00127839 
0.0252117 3.47284e-05 0.00442822 0.0525543 0.0339434 0.214348 3.28052e-06 0.00446511 0.0024241 0.000127998 0.039923 1.83263e-05 0.000955665 0.0266504 0.000356848 0.00450806 0.00787245 0.00463074 0.0133435 0.0383447 0.407643 0.0144983 0.101175 9.93244e-05 7.66493e-05 1.26273e-05 7.94928e-05 0.000255409 0.00201511 
0.00449898 3.90316e-06 0.00269319 0.00204845 0.0908943 0.207323 5.51387e-05 0.00120731 0.00314087 8.02006e-09 0.0396416 1.26702e-05 0.000121781 0.0078757 0.000109332 0.000535051 0.00934758 0.00081793 0.000301291 0.0296991 0.568352 0.00276416 0.022692 0.00074649 1.78262e-12 2.1192e-12 2.36537e-05 0.00187858 0.00321617 
0.0162281 1.28762e-08 0.0491957 0.0423592 0.0444153 0.208011 4.76381e-07 0.00349306 0.00980415 0.000104432 0.105219 4.30586e-06 0.00754086 0.0173147 0.00339053 0.0117094 0.00402265 0.0584435 0.0439419 0.0439926 0.228035 0.0109755 0.0865442 0.000456963 5.73927e-08 5.57347e-05 0.00010678 0.000963106 0.00367122 
0.00128796 1.06989e-05 0.0014745 0.0375445 0.0025255 0.018092 2.51298e-06 0.000271017 0.00638464 0.00473887 0.0309553 6.29415e-07 0.000855993 0.122635 0.003271 0.00535528 0.0141944 0.00703944 0.0011234 0.00512159 0.723508 0.00699643 0.00474181 0.000802668 1.90361e-08 1.84921e-07 0.000163062 0.00036336 0.000539695 
0.00277825 1.16518e-07 3.86668e-05 0.00539802 0.0258044 0.0310347 0.00337072 0.00102025 0.00370107 2.57577e-08 0.125265 0.000493252 2.87404e-08 0.0684889 8.72677e-05 0.000413011 0.0145435 0.0062807 0.000253041 0.00242058 0.589892 0.0197686 0.0988435 8.03262e-05 1.30944e-08 4.28414e-08 2.41946e-05 7.08497e-08 2.88244e-12 
0.000183956 0.000751382 6.29759e-05 0.000299036 0.0268786 0.0448994 5.18953e-05 1.56664e-05 0.000787286 8.38657e-06 0.00251067 1.72002e-06 3.82634e-05 0.0496859 0.000279407 3.75631e-05 0.0012599 7.5875e-05 5.43501e-05 0.000870253 0.859578 0.00316653 0.00448584 0.000146761 1.02722e-07 0.00357544 3.80122e-05 6.84199e-05 0.000188213 
0.0721264 0.00228209 0.00128034 0.0531516 0.0824785 0.125811 1.99348e-05 0.0423374 0.0195528 3.08874e-05 0.0853468 9.17617e-06 0.0134771 0.0238539 0.000361188 0.000482611 0.0919081 0.0229582 0.016041 0.0596183 0.209964 0.0122994 0.0528032 0.0056422 1.69328e-08 0.000581028 2.985e-05 0.00317621 0.00237733 
0.0503378 0.000669446 0.000950118 0.0127026 0.22349 0.0704812 3.77781e-05 0.00328511 0.0194945 0.000829197 0.028328 2.60764e-05 0.0306584 0.0190389 0.00178113 0.0633726 0.0503145 0.000451096 0.00139786 0.0454689 0.316921 0.0038234 0.0346527 0.00135263 2.00642e-06 0.000572773 8.13714e-05 0.000256838 0.0192223 
0.0114949 1.28914e-08 0.00216142 0.00211612 0.167634 0.0983444 0.00012788 0.00111182 0.0235476 3.46722e-05 0.00471547 0.00248208 2.67085e-06 0.0899619 4.15435e-05 0.00173651 0.0500093 0.000808766 0.0118612 0.0353616 0.45016 0.0259041 0.0131948 0.000331088 1.04813e-06 2.74882e-06 0.000898913 0.000997607 0.00495586 
0.00341323 2.66007e-08 1.25049e-05 0.0164655 0.0601418 0.181002 1.89801e-07 0.000394438 0.0246552 4.98302e-07 0.0135508 0.00138605 0.0650525 0.0405985 3.37967e-06 0.000388279 0.125219 0.000175418 8.22323e-09 0.0273774 0.395423 0.00253291 0.0269207 0.00123165 4.28493e-06 2.01292e-06 1.03199e-06 0.0135696 0.000477602 
7.68186e-06 1.18694e-06 1.86467e-07 4.27639e-06 0.0234388 1.44551e-05 1.35835e-07 3.70641e-09 6.31129e-05 2.49463e-06 9.53561e-06 1.93463e-07 1.44813e-07 0.137848 3.67567e-06 0.00263199 3.72283e-06 4.505e-06 2.81383e-07 4.17315e-06 0.833929 0.00119898 9.73488e-06 0.000822473 1.26402e-08 6.953e-07 8.23039e-07 5.22996e-07 5.70585e-09 
0.104315 0.00172346 0.00097354 0.00125861 0.0585176 0.0147345 0.011987 0.00142354 0.00836111 0.000183895 0.0314758 0.000478897 0.0121072 0.036734 0.00503301 0.00962575 0.00214131 3.63395e-05 0.0250903 0.0107648 0.467011 0.0478388 0.030414 0.008077 0.000307905 0.0015803 0.103355 0.00416027 0.000290608 
0.00167482 7.77069e-08 0.000284098 0.00307128 0.00945115 0.205602 1.62514e-05 5.93044e-05 0.000665234 8.06764e-07 0.00793372 9.40802e-06 0.000476442 0.00855092 0.000175831 0.000457113 0.0609189 0.000355201 1.03712e-05 0.00204512 0.414469 0.0444169 0.0915096 2.76707e-05 1.73508e-09 5.55859e-08 3.38388e-05 2.21608e-05 0.147763 
0.000590245 1.29891e-05 0.0055961 4.12689e-12 0.00251504 0.0333183 4.99182e-05 0.00330999 0.153856 3.90557e-11 0.00451817 3.09508e-07 0.00187152 0.0269128 2.1168e-07 6.92093e-05 0.00221629 0.000505898 4.93017e-08 0.0111286 0.665494 0.000918515 0.0309476 0.0017387 3.33133e-11 3.96031e-11 2.91659e-05 0.0543306 7.01547e-05 
0.00301028 8.03935e-07 0.0329971 0.00744044 0.0831445 0.0360099 3.58119e-06 0.000870965 0.0367522 0.00124601 0.0417947 8.23851e-06 0.0302165 0.059055 0.00422481 0.0362223 0.0200025 0.00176959 0.00295548 0.226033 0.241738 0.0535264 0.051034 0.000788697 9.92363e-12 1.27642e-06 1.53354e-05 0.000117515 0.0290203 
0.0502074 0.00636438 0.0197509 0.0408756 0.046353 0.0865484 0.0143355 0.00804228 0.0289276 0.000154089 0.043389 0.00198797 0.00516372 0.0317097 0.000419362 0.00460163 0.0208085 0.00617203 0.00314017 0.0587912 0.365112 0.0298253 0.111004 0.00308168 4.65656e-05 0.00088793 0.00205467 0.00393669 0.00630921 
0.104315 0.00172346 0.00097354 0.00125861 0.0585176 0.0147345 0.011987 0.00142354 0.00836111 0.000183895 0.0314758 0.000478897 0.0121072 0.036734 0.00503301 0.00962575 0.00214131 3.63395e-05 0.0250903 0.0107648 0.467011 0.0478388 0.030414 0.008077 0.000307905 0.0015803 0.103355 0.00416027 0.000290608 
0.208852 0.00316831 0.00384362 0.0130743 0.0100815 0.0761698 3.55511e-05 0.0141689 0.0202485 4.8488e-06 0.0418398 0.00208626 0.0377499 0.0432888 0.000355376 0.0373017 0.0445723 0.00416737 0.00159326 0.00889023 0.305906 0.0396209 0.0782246 0.000124494 0.000516603 5.57379e-06 6.28603e-05 0.00388595 0.000160568 
0.0170577 1.39695e-09 7.46111e-08 0.040279 0.0552531 0.0503248 5.20181e-08 4.37942e-10 0.000115849 0.000193277 0.166087 7.31122e-06 8.29926e-05 0.054863 1.47661e-06 1.74357e-06 0.00237377 1.8106e-06 2.2441e-05 0.000728733 0.529997 0.0651418 0.0172824 4.31656e-06 1.49354e-09 2.75393e-07 3.30452e-07 0.000162408 1.76563e-05 
0.0372088 9.72211e-07 0.000230844 0.00787357 0.000811646 0.0175885 0.0168859 0.0170265 0.0123976 0.000137149 0.177015 5.74009e-07 0.0136461 0.0831705 6.49605e-05 0.000858398 0.168908 0.00672976 0.000551355 0.0316007 0.35754 0.00116639 0.0474306 0.000239032 5.28696e-09 9.60243e-06 1.3302e-05 0.000894045 2.34251e-07 
0.0252301 4.04903e-05 0.0608285 0.00608595 0.0809162 0.0394659 2.21017e-06 0.015478 0.0975168 0.000902261 0.00892753 5.8757e-05 0.00391766 0.0929985 0.000788203 0.0157173 0.0455466 0.00222945 0.00121555 0.117208 0.240797 0.0281712 0.054062 0.00149812 9.62848e-08 4.72951e-05 0.0519218 0.00337593 0.0050525 
0.143215 0.000183532 0.010656 0.0329796 0.00854521 0.0148646 0.0144666 0.125754 0.0096938 0.000174701 0.223919 0.000814022 0.000584929 0.00236129 8.69114e-05 0.00273764 0.0125218 0.0111849 0.000714289 0.0332639 0.254812 0.00942215 0.0425323 0.015048 0.00621264 5.43987e-07 0.0107526 0.000621559 0.0118754 
0.00410597 3.19654e-12 3.44783e-09 0.0159289 4.8703e-08 0.0329901 1.09963e-05 0.000208408 0.000767186 4.00667e-12 0.0406419 6.83057e-06 2.09613e-08 0.00925228 7.84651e-05 1.44317e-07 0.000323087 0.0237837 1.65032e-08 0.00062573 0.851 0.0128619 0.00739742 1.00635e-08 1.09396e-08 4.06283e-12 1.69589e-05 8.32085e-09 9.79634e-08 
0.0462873 4.76099e-08 0.000776035 0.0109723 0.0270844 0.164119 0.000762819 0.000342412 0.0136822 0.000683204 0.0749371 0.00026932 0.00117678 0.099769 0.00208324 0.00123407 0.0204073 0.000186964 0.00104051 0.0169809 0.317548 0.0136257 0.170514 0.000472773 6.08072e-06 0.00465384 0.000136814 0.0097954 0.000453202 
0.0153578 6.58031e-12 0.002839 0.0470666 0.151644 0.114807 2.91162e-09 2.16422e-07 0.000414023 2.67231e-05 0.028482 4.14687e-09 0.00234343 0.000828665 0.00280179 0.000389492 0.000567994 0.0984427 0.109859 0.00101865 0.375803 0.0263004 0.0191015 0.000535354 7.03532e-12 1.56234e-08 7.6601e-05 0.00129353 7.01563e-08 
0.0161722 0.00587586 0.0124632 0.00267189 0.0428972 0.215773 0.00847147 0.000870692 0.0100113 3.75934e-05 0.0134042 0.000645726 0.00477807 0.0651621 0.000538363 0.00155636 0.019077 0.00238666 0.000724981 0.0384398 0.330986 0.0101504 0.192213 0.000733669 4.77989e-07 0.000341985 0.00114581 0.00215405 0.0003171 
0.104835 7.35007e-05 0.00462771 0.0398841 0.00980635 0.0825594 2.51568e-05 0.000238 0.00513407 5.117e-05 0.00491358 0.0630481 0.00566662 0.0171057 0.000171875 0.00399511 0.0147545 0.000462083 0.00105349 0.00169888 0.561715 0.0192835 0.0525637 0.000321017 1.91814e-06 6.32402e-06 1.99547e-05 0.00143284 0.00455138 
0.10505 0.00122171 0.00109978 0.00237018 0.0463743 0.0303036 0.0452235 0.00100931 0.0135399 0.000225667 0.0222138 0.000360343 0.0163915 0.0587307 0.00577455 0.01026 0.00776021 6.55028e-05 0.0285699 0.00823274 0.43669 0.0340057 0.0328917 0.00639917 0.000219043 0.00119908 0.0730554 0.00976885 0.000993784 
0.00539541 0.0161737 0.00028692 0.023537 0.0222393 0.0588128 0.000442499 0.00286021 0.00377624 0.000206551 0.190467 1.09701e-05 0.000617184 0.21107 0.000897678 0.00222295 0.0397476 0.00496407 0.00224729 0.00154642 0.341409 0.0119484 0.0175777 0.000913317 3.34698e-06 0.00148009 0.000281662 0.0377947 0.00107004 
0.0246774 6.99917e-05 0.000293735 0.000888351 0.0516184 0.0542813 9.27319e-05 0.000567303 0.00267268 0.000479206 0.0101137 2.10493e-07 0.000173219 0.0883128 0.000870353 0.00072771 0.00644782 0.00185088 3.9908e-05 0.00363252 0.724638 0.000362186 0.0269591 4.69433e-05 1.29493e-09 3.76629e-06 4.40181e-05 4.50479e-05 9.0994e-05 
0.00905232 3.05539e-07 0.000174741 0.0178863 0.0189187 0.0382491 1.17468e-05 0.00507473 0.0101748 6.13095e-05 0.0114452 0.000130227 0.0880026 0.00260827 1.30284e-06 0.00032861 0.00176993 0.00244292 0.0301096 0.12203 0.457442 0.16348 0.0169918 2.5464e-05 1.95638e-07 2.32576e-07 2.35221e-06 0.00135611 0.00222827 
0.0188303 1.37046e-09 1.02766e-05 0.00895296 0.101313 0.0238198 1.09687e-07 0.000481791 8.25687e-06 5.44813e-05 0.084618 6.43156e-06 4.43625e-06 0.00379145 0.000656258 0.00350588 0.00494953 0.00509287 1.78643e-05 0.00445431 0.574723 0.0416859 0.00613212 0.000294731 1.87609e-12 3.8257e-09 2.46539e-05 2.05294e-05 0.116552 
0.01126 1.42286e-06 0.0315214 0.0082492 0.162577 0.0495503 2.70616e-07 0.000427911 0.00235753 0.00080591 0.0405149 2.56067e-05 0.000442937 0.000958392 0.000284562 0.0095734 0.00273275 0.000169524 0.000935532 0.126898 0.321432 0.0153694 0.0410073 0.0151978 7.25507e-09 1.74191e-05 9.348e-05 0.00333767 0.154257 
0.0550569 1.26118e-05 4.17588e-05 0.03406 0.00733874 0.0382831 4.41469e-06 0.101112 0.00400951 6.41894e-05 0.0952512 3.20684e-05 0.00153221 0.0131303 9.23603e-05 5.79762e-05 0.0189829 0.248224 0.000533761 0.0156916 0.253969 0.0110301 0.0997655 0.000770562 1.87788e-05 6.31043e-07 2.4696e-06 8.03844e-07 0.000930896 
0.0397296 0.00097324 0.050393 0.00338641 0.0356652 0.245028 0.000335841 0.00111728 0.0168216 5.01999e-05 0.00996061 0.000790489 0.0013333 0.0478252 0.00133974 0.0100449 0.0161942 0.00360299 0.000319362 0.00961732 0.322257 0.00820686 0.161511 0.00223735 2.62843e-10 4.38683e-05 0.00466571 0.00177087 0.00477977 
0.143063 7.92471e-07 0.00501803 0.0295536 0.0427912 0.00933959 1.65522e-05 0.0245682 0.157508 7.13889e-05 0.0451834 0.000315193 0.0048836 0.000694737 0.000289477 0.0143404 0.00213661 0.00143969 0.000498342 0.0682997 0.265513 0.00807503 0.0220305 0.00200786 1.08234e-07 1.52992e-05 0.00068029 0.000578493 0.151088 
0.00427493 0.00247585 0.000732217 0.00605411 0.00484037 0.059839 0.0140364 0.00114895 0.0041245 1.23049e-06 0.00902468 6.15622e-06 0.00103837 0.181221 5.09524e-05 3.02454e-05 0.00505858 0.000574893 0.000111949 0.00507357 0.446626 0.000847161 0.0696474 0.0267312 6.26483e-09 3.18722e-06 0.154048 0.000335949 0.00204309 
0.00397066 1.13858e-06 1.32038e-07 0.0143215 0.00587389 0.0147471 8.87315e-07 0.00012096 0.0151991 1.42714e-06 0.00716168 1.26376e-06 0.000775048 0.00973865 6.13073e-07 0.000254815 0.00474047 0.0265166 0.000583922 0.0518534 0.804677 0.00205496 0.0315144 5.9732e-07 1.21731e-06 1.44715e-06 6.3364e-05 0.00506821 0.00075588 
0.00599285 8.55393e-10 0.00431416 0.0602783 0.136509 0.158794 1.89345e-05 0.00332865 0.0117367 0.000113304 0.10179 0.00162279 0.0107895 0.00226102 0.00218239 0.000328865 0.0257162 0.00145543 0.00123018 0.160285 0.194031 0.081835 0.0275461 0.00588653 6.18189e-08 0.00100768 1.99534e-05 0.000847118 7.87695e-05 
0.000529591 1.94834e-07 1.0883e-05 0.00571982 0.00837267 0.0060512 6.18046e-08 0.00968116 0.000397758 1.43526e-06 0.0132353 3.95061e-05 2.57909e-05 0.00566044 1.02379e-06 5.45296e-05 0.010443 0.000817956 4.09546e-07 0.00263417 0.866149 0.00142801 0.0458473 0.00120021 9.23131e-11 1.09743e-10 4.12125e-06 0.0126634 0.0090315 
0.0649779 5.89129e-05 0.00498386 0.0154392 0.024173 0.115861 4.61918e-06 0.000416977 0.00359958 9.41922e-05 0.0258435 0.000735185 0.00154215 0.0174367 0.00053 0.000274414 0.00737364 0.0204012 0.014493 0.00311908 0.383677 0.235059 0.0381855 4.70192e-05 0.00080019 3.38915e-06 0.00275368 0.00132317 0.0167922 
0.01126 1.42286e-06 0.0315214 0.0082492 0.162577 0.0495503 2.70616e-07 0.000427911 0.00235753 0.00080591 0.0405149 2.56067e-05 0.000442937 0.000958392 0.000284562 0.0095734 0.00273275 0.000169524 0.000935532 0.126898 0.321432 0.0153694 0.0410073 0.0151978 7.25507e-09 1.74191e-05 9.348e-05 0.00333767 0.154257 
0.00242986 1.98267e-09 0.000102291 0.00776778 2.32414e-05 0.0321179 1.54513e-09 0.000594154 0.00469621 2.48516e-09 0.00264377 0.00022582 0.000708894 0.00247475 0.000115489 0.000832134 0.00353637 0.0136829 7.41968e-06 0.00541121 0.873021 0.00259695 0.0462413 0.000262528 2.11977e-09 3.45412e-08 6.7e-06 9.6777e-05 0.000404205 
0.0366385 1.87704e-06 0.00648744 0.18376 0.0516256 0.0929108 1.82631e-07 0.010707 0.0149227 2.51352e-05 0.135945 0.000185573 0.00140342 0.00217771 0.000336101 0.000305818 0.0182279 0.00341229 0.00411098 0.138794 0.220963 0.0392036 0.0167535 0.00125117 3.79008e-11 0.00539401 6.47104e-06 0.000199663 0.0142514 
0.0332496 0.000123511 0.0171013 0.0247142 0.0162673 0.0402763 5.20202e-06 0.0106624 0.0654686 0.00286252 0.00444951 6.06546e-06 0.0204293 0.217753 0.123455 0.0023969 0.128957 0.0094134 0.00773516 0.00834427 0.231193 0.00163535 0.0257449 0.000784068 4.81788e-08 6.84363e-06 5.7792e-05 0.00171788 0.00519007 
0.0647111 0.000918833 0.00444577 0.0159313 0.035057 0.137404 0.00700283 0.0137078 0.0244355 0.00237943 0.0534729 0.000314587 0.00509058 0.0693515 0.00291065 0.00777786 0.0286229 0.011072 0.00482708 0.0203816 0.339141 0.0146394 0.118917 0.00368132 0.00068204 0.000904204 0.00152064 0.00333843 0.00736046 
0.0333135 0.00151665 0.00121905 0.000720605 0.0640044 0.043367 1.45773e-05 0.00167132 0.0204355 4.23241e-11 0.0960078 0.000260948 0.000578996 0.0171946 0.00162552 0.00115346 0.017251 0.00147275 0.0395453 0.0561571 0.363949 0.0323271 0.0279144 0.000615278 3.61012e-11 3.28231e-05 8.61695e-05 0.0361949 0.14137 
0.00712785 0.000218835 0.0201952 0.0239258 0.0118368 0.042295 5.3476e-07 0.00695393 0.0334701 8.8225e-05 0.0131334 1.21806e-06 0.029216 0.0120444 0.000161132 0.00496164 0.062777 0.00256572 7.58316e-12 0.0117267 0.671196 0.00158007 0.0289502 0.000600661 2.62264e-11 0.000114032 2.43828e-05 0.00718714 0.00764821 
0.105744 0.000818742 0.0160891 0.0305662 0.0916714 0.0501903 0.0294561 0.0033455 0.0485848 0.000534978 0.0383246 4.53534e-06 0.029491 0.143255 0.00645159 0.00149164 0.0422071 0.00732048 0.0101539 0.0429765 0.207883 0.0360487 0.0315699 0.0138947 2.06864e-07 0.00845158 0.00133346 0.000973657 0.00116675 
0.00982833 4.77184e-05 0.00367858 0.00942677 0.0118457 0.270796 2.95861e-08 0.0109343 0.0424133 0.000683076 0.00107311 4.29745e-11 0.0199804 0.0824184 0.00024823 0.0163895 0.0280933 0.0132639 0.00880696 0.0162393 0.417683 0.000707924 0.0308877 4.24767e-05 0.000667144 6.22843e-06 0.000273255 0.00356507 3.77698e-08 
0.0616318 4.5039e-07 0.000839706 0.0626939 0.0602057 0.118557 5.74233e-07 0.00235448 0.0403908 0.000137034 0.068765 9.19006e-07 0.0360116 0.0446887 0.000767156 0.00693653 0.130613 0.00755387 0.00458622 0.031403 0.13746 0.0785302 0.0740827 0.0251698 1.34584e-08 0.000141543 0.000394332 0.00305512 0.00302831 
0.0168763 1.76235e-05 0.0105992 0.0119475 0.22134 0.101061 7.88384e-06 0.0012477 0.00372558 0.00085882 0.11992 5.56624e-05 0.000647522 0.00437456 0.000419281 0.00389082 0.00678244 0.00344332 0.00100791 0.0367045 0.298159 0.0643981 0.0489065 0.012498 3.9993e-06 0.000589725 3.08457e-05 0.000430388 0.0300559 
0.0002068 0.00662122 0.000926652 0.00404315 0.000651786 0.00867575 7.7556e-06 0.0059433 0.00159468 0.00191225 0.26721 1.44129e-06 0.0127429 0.113272 0.000175396 0.0471611 0.0195835 0.000472185 7.79831e-05 0.00306958 0.290298 0.00117711 0.19121 1.97375e-06 8.32588e-05 3.66076e-07 2.75925e-05 0.021962 0.000889737 
0.00128796 1.06989e-05 0.0014745 0.0375445 0.0025255 0.018092 2.51298e-06 0.000271017 0.00638464 0.00473887 0.0309553 6.29415e-07 0.000855993 0.122635 0.003271 0.00535528 0.0141944 0.00703944 0.0011234 0.00512159 0.723508 0.00699643 0.00474181 0.000802668 1.90361e-08 1.84921e-07 0.000163062 0.00036336 0.000539695 
0.0449969 9.12365e-06 0.0028139 0.0328158 0.0223199 0.0709832 1.32979e-08 0.0622757 0.0371951 0.0014767 0.0752484 0.0188271 0.0036994 0.00811882 0.00103584 0.000463573 0.108964 0.0328745 0.0257114 0.0601205 0.346008 0.00325292 0.028439 0.00117503 0.00909911 0.000401243 2.87478e-05 0.00108793 0.000558008 
0.0575598 1.89562e-06 0.000619107 0.010303 0.00282223 0.0192017 0.000138318 0.164715 0.0027556 3.64317e-07 0.0132343 0.000957626 0.00023638 0.0252115 0.00223737 0.00967727 0.00665062 0.0245169 0.000346892 0.0183459 0.402818 0.0450127 0.189367 0.000438603 0.00238886 2.10083e-07 0.000207777 8.30526e-05 0.00015157 
0.0381964 0.00397837 0.00186609 0.11734 0.0192449 0.0879097 3.42857e-05 0.0328389 0.0120889 5.16929e-05 0.0359259 0.000187635 0.0115568 0.0162333 4.47998e-05 0.000270179 0.0414918 0.00305414 0.0478444 0.0333659 0.207284 0.141691 0.123864 1.07317e-07 4.76883e-05 7.94228e-11 0.0190377 0.00049328 0.00405916 
0.0024315 5.52601e-09 0.00225653 0.0305213 0.183877 0.0892924 2.18338e-05 0.00531075 0.0130822 0.00285086 0.0890286 0.000935229 0.0043036 0.00263503 0.000180017 0.00375573 0.139487 0.00159704 0.00243288 0.138975 0.226798 0.0312644 0.0108754 0.0111728 1.46695e-06 0.000348903 1.64063e-05 0.00142221 0.00512615 
0.200484 0.00119849 0.00789564 0.0327323 0.0170694 0.0472873 0.00444225 0.0366757 0.0281223 7.05216e-06 0.216791 9.4231e-05 0.00328132 0.01001 0.000116151 0.000639148 0.00651799 0.0150239 0.00692697 0.0108815 0.237408 0.013826 0.0366624 0.00946431 0.00227728 0.000181283 0.000991908 0.0109108 0.0420818 
0.0103161 3.72167e-07 0.0131147 0.0979306 0.055765 0.0683154 5.92094e-07 0.00799222 0.0783275 4.30231e-06 0.0689934 6.73517e-05 0.021795 0.0389309 0.00475652 0.000940195 0.0386307 0.0160722 0.129453 0.00373129 0.188262 0.0805954 0.0312664 0.00528259 5.46667e-10 2.74839e-08 2.72378e-05 0.00932037 0.0301085 
0.138702 1.28584e-05 6.71953e-05 0.0137811 0.0831165 0.0702177 3.65018e-06 0.00172884 0.00271362 0.000313731 0.0386523 7.03088e-06 0.00245948 0.041656 1.15924e-05 0.0010756 0.124025 0.000358158 0.00867789 0.000326892 0.37757 0.00979351 0.0666528 0.0139135 4.19454e-05 3.50151e-06 7.15122e-06 0.00016124 0.00394834 
0.00930292 3.8828e-06 0.0051828 0.00556554 0.0562889 0.0509245 4.78996e-06 0.000252786 0.00980571 4.07516e-05 0.0130203 2.44864e-06 0.000388882 0.0353176 6.43541e-05 0.000281582 0.0158255 0.000532272 0.00129702 0.130062 0.626834 0.00150399 0.0293348 0.00166212 0.00107727 0.00456266 0.000409329 7.82981e-05 0.00037318 
0.00474685 6.19101e-06 0.0507716 0.0675906 0.0414305 0.140611 5.72873e-05 0.0126738 0.114997 0.00063021 0.077992 4.44541e-05 0.0290674 0.040733 0.0406749 0.000380813 0.00787978 0.0192529 0.00718952 0.00742667 0.245338 0.0662328 0.0121363 0.00726683 3.85338e-06 7.46618e-05 0.000601489 0.00367979 0.00050967 
0.0176858 8.24792e-06 0.00270332 0.0329346 0.160079 0.102636 7.33281e-06 0.000779259 0.0356335 4.27868e-05 0.0789667 1.44301e-05 0.0394453 0.0154787 0.000410334 0.0015276 0.0272781 0.000884398 0.0020277 0.0837001 0.165624 0.0440242 0.0326528 0.128166 0.000191388 0.000838856 0.000678578 0.00127857 0.024302 
0.0053273 4.19553e-07 0.000416989 0.0118781 0.089869 0.13127 2.02793e-06 0.0486909 0.0403282 0.000212824 0.0339282 1.72129e-09 0.00179001 0.12199 4.33949e-06 0.00202011 0.127833 0.000369697 0.00167507 0.163329 0.190676 0.0125503 0.0133075 0.00194535 1.65802e-09 4.22777e-06 9.97244e-05 0.000163904 0.000318515 
0.0594975 3.68552e-07 3.69109e-07 0.0590931 3.6909e-07 0.108049 0.00077462 0.0166785 0.0071617 3.68392e-07 0.137863 0.00176909 3.69033e-07 0.0362826 0.00114378 3.68938e-07 0.010298 0.0281122 0.00616245 0.0344353 0.392177 0.0479019 0.0482811 0.00221349 0.00117959 3.6838e-07 0.000923049 3.69019e-07 3.68878e-07 
0.107047 0.000795936 0.00482285 0.0375752 0.00303152 0.0288251 4.11876e-06 0.0561921 0.0487529 0.0427529 0.00364223 6.19e-06 0.0646343 0.1671 0.000117468 0.000769626 0.0122416 0.0201876 0.0511283 0.0343676 0.168764 0.0940199 0.0419504 7.22008e-05 6.12203e-08 0.00921179 1.19949e-05 0.00139995 0.000575392 
0.170661 5.10068e-05 0.000307064 0.0264774 0.00930913 0.0135582 6.73277e-05 0.111442 0.0175746 3.20802e-05 0.0289139 0.000185771 0.0004488 0.0156577 0.000221094 0.00656939 0.0170573 0.131374 0.000186849 0.0127068 0.299497 0.00517548 0.117818 0.00786531 1.02874e-05 4.43943e-08 0.000105625 0.000849655 0.00587676 
0.00498652 0.00356345 0.00109099 0.00837344 0.0202247 0.165895 0.000970704 0.00607651 0.0339043 2.44031e-05 0.00538966 0.00126944 0.0416507 0.166198 3.94591e-05 0.0117146 0.0284505 0.000484298 0.00717793 0.0190851 0.440472 0.0141466 0.0146044 6.84054e-06 0.000541616 1.67729e-05 0.000130557 0.00295961 0.000553194 
0.0023518 0.00147617 0.000641607 0.0194634 0.0146755 0.143664 0.00123387 0.00193309 0.00959002 0.000281805 0.066327 8.31922e-06 0.00228726 0.235925 3.0664e-08 0.0008731 0.0299714 0.00421671 0.00139387 0.0088247 0.241309 0.00850529 0.0462507 8.3422e-06 7.96577e-09 3.29001e-11 0.157866 0.000488104 0.000434447 
0.146438 0.000183336 0.01283 0.0460667 0.0411659 0.109656 5.05887e-05 0.00435818 0.0339682 0.000589927 0.0345488 1.03029e-05 0.0059506 0.0945516 0.00150427 0.0148312 0.0215899 0.0188167 0.0662686 0.0105504 0.150477 0.0281055 0.0796399 0.000518405 7.82679e-08 0.000305404 3.18212e-05 0.0769086 8.4173e-05 
0.0932733 8.82484e-05 0.00863158 0.0106046 0.0693758 0.116591 0.000635414 0.00542328 0.0183002 0.000110963 0.0465586 0.00132918 0.00045934 0.0216019 0.000107279 0.0858131 0.0139643 0.00526724 0.00203833 0.0419698 0.243442 0.00807762 0.149245 0.00351107 2.84952e-06 3.00755e-06 0.00131811 0.00100627 0.0512505 
0.0170532 0.000842389 2.40729e-05 0.0288017 0.0246521 0.157106 3.71296e-05 0.00746059 0.0234921 0.00571291 0.107905 0.000962546 0.0155348 0.0728593 0.000227923 0.0025903 0.19478 0.00551017 0.00587648 0.0107289 0.21195 0.0204888 0.0618236 6.22114e-05 3.69085e-06 0.000801542 7.43265e-05 0.0171996 0.00543981 
0.116147 0.000446505 0.0104873 0.170153 0.1068 0.104502 0.000676314 0.0571924 0.0149894 1.3848e-05 0.0623928 2.455e-06 0.0104947 0.0179 0.000237331 0.000438775 0.0143745 0.0034906 0.00266051 0.00266548 0.23079 0.0305586 0.0356212 0.00316331 3.3906e-05 0.00026306 0.000183887 0.00279045 0.000531068 
0.033776 0.0145673 0.00859817 0.0157959 0.0846723 0.186493 0.00026926 0.0170795 0.060834 0.0002942 0.059943 4.54628e-05 0.00123984 0.0345194 0.00318632 0.00622487 0.0441982 0.00246202 0.000602001 0.0464992 0.221748 0.00656514 0.0599429 4.44453e-05 7.89717e-10 0.00227242 0.000195196 0.0867175 0.00121435 
0.0184815 6.74761e-07 0.000571578 0.00979927 0.079743 0.0244631 7.41702e-07 0.00082286 0.000424314 6.4552e-05 0.212108 1.38876e-05 4.7814e-05 0.00313988 0.000664583 0.0033944 0.00730797 0.0101528 1.072e-05 0.00445307 0.494604 0.0327688 0.0255932 0.00129227 1.63668e-09 4.13604e-05 2.42047e-05 8.02106e-05 0.0699311 
0.0217646 6.73099e-08 0.00179 0.0404044 0.0351669 0.212625 0.000211422 0.00517387 0.0121666 0.000167605 0.0469598 9.68639e-05 0.0020612 0.0225784 3.02459e-08 0.000368834 0.0235026 0.000181073 7.09325e-05 0.0457607 0.414474 0.0196625 0.0909077 4.13224e-05 5.9101e-07 4.55408e-11 3.48001e-05 0.00241783 0.00141021 
0.00428044 3.84169e-06 0.0138523 0.0201274 0.0114603 0.0807814 1.1824e-06 0.00455676 0.0235532 3.76464e-06 0.168004 0.000261058 0.0352124 0.000419582 0.000117757 0.000202997 0.0195472 0.00329175 3.41559e-06 0.105411 0.381333 0.0122375 0.0142099 0.0667986 1.69158e-05 8.71813e-05 0.00014433 0.00181209 0.0322684 
0.00128796 1.06989e-05 0.0014745 0.0375445 0.0025255 0.018092 2.51298e-06 0.000271017 0.00638464 0.00473887 0.0309553 6.29415e-07 0.000855993 0.122635 0.003271 0.00535528 0.0141944 0.00703944 0.0011234 0.00512159 0.723508 0.00699643 0.00474181 0.000802668 1.90361e-08 1.84921e-07 0.000163062 0.00036336 0.000539695 
0.00427493 0.00247585 0.000732217 0.00605411 0.00484037 0.059839 0.0140364 0.00114895 0.0041245 1.23049e-06 0.00902468 6.15622e-06 0.00103837 0.181221 5.09524e-05 3.02454e-05 0.00505858 0.000574893 0.000111949 0.00507357 0.446626 0.000847161 0.0696474 0.0267312 6.26483e-09 3.18722e-06 0.154048 0.000335949 0.00204309 
0.000948863 5.36387e-06 1.55269e-05 0.00760612 0.00445316 0.00197149 1.12732e-09 0.00572027 0.0326477 3.7031e-10 0.00122194 8.8944e-08 0.0308516 0.000130973 1.21541e-07 2.62054e-07 0.0375001 0.0012858 3.19004e-05 0.011513 0.859353 0.00028619 0.00302231 0.000333608 3.15864e-10 0.000941862 7.8969e-07 0.000157723 8.34746e-08 
0.0052052 7.643e-05 0.000476563 0.0320198 0.00597912 0.0569221 5.69756e-06 0.00261789 0.0132231 1.55234e-06 0.00535341 1.87379e-05 0.000813015 0.0149531 4.66582e-05 0.00709083 0.021488 0.00161445 8.21113e-05 0.0162392 0.712951 0.01207 0.0700255 8.90993e-05 6.25624e-12 2.09957e-09 7.81785e-06 0.00065487 0.0199747 
0.0157283 3.16382e-06 0.00153844 0.0101496 0.0332567 0.0760511 0.0011661 0.00655139 0.0052408 9.95062e-05 0.0208291 0.000205752 0.00155109 0.0524732 0.000511957 0.0367709 0.0285733 0.291797 0.00144274 0.0291105 0.311705 0.000222665 0.0693357 1.36453e-07 2.78085e-07 3.3059e-07 0.000259313 0.000213011 0.00521321 
0.0105272 2.15416e-05 0.00135952 0.0147923 0.0975528 0.228012 0.00393426 0.0265739 0.0107573 4.40184e-05 0.0648068 1.48786e-06 0.00666618 0.0628158 0.00038389 0.00325907 0.0321295 0.0204553 9.06519e-05 0.0384027 0.30988 0.00817562 0.0542832 1.0314e-05 7.65184e-10 4.48003e-08 7.14717e-05 0.000484168 0.00450851 
0.0222272 6.96649e-05 0.0111915 0.00369184 0.0505432 0.0369614 2.83759e-05 0.151071 0.073656 5.36539e-05 0.0207535 0.00251306 0.00582566 0.00998053 0.000282558 0.00449572 0.00690975 0.00600699 0.00406129 0.00614067 0.273942 0.0794813 0.16778 0.00413259 0.000188986 0.000496023 0.042774 0.00514371 0.00959747 
0.0218489 0.000910786 0.0317251 0.066018 0.0210094 0.0599555 3.91537e-06 0.0234281 0.0935413 0.000508293 0.190206 2.60035e-05 0.0184208 0.0210336 0.00208525 0.000615197 0.0945313 0.0676906 0.00161027 0.0213617 0.213984 0.00458554 0.033892 0.0055585 4.58126e-08 6.4854e-05 3.75027e-05 0.00260791 0.0027397 
0.0484428 1.45301e-05 0.00470808 0.282438 0.0240718 0.0390939 3.3529e-05 0.0121875 0.0333337 4.29857e-05 0.125248 0.000242124 0.000208296 0.07 0.000139372 7.50666e-05 0.00425749 0.00651924 0.00265627 0.00144282 0.293616 0.0197738 0.0284624 0.000663573 1.18177e-06 1.70263e-05 9.59486e-06 0.00221869 8.28829e-05 
0.032344 5.01384e-09 0.000403964 0.00598539 0.164625 0.035127 1.12684e-06 4.08515e-08 0.000221873 0.000206802 0.267731 3.03533e-06 2.88828e-05 0.00441339 0.00112157 0.00888903 0.0131228 0.0080002 2.82754e-09 0.00596748 0.334367 0.0590214 0.0551277 0.00304752 4.44571e-09 0.000137814 3.36627e-05 7.1455e-05 9.38193e-07 
0.053801 2.16008e-06 0.0188433 0.0629702 0.126843 0.0324687 7.86053e-05 0.00901024 0.176107 0.000190505 0.0428093 0.0214623 0.00600674 0.00606612 0.000928975 0.0162806 0.0549666 0.00468419 0.00635523 0.0478394 0.212133 0.0117087 0.0678157 0.00150789 6.10416e-11 0.00166315 9.96891e-05 0.00983733 0.00752047 
0.00825518 2.18105e-06 0.000244957 0.0339338 0.0856744 0.0509327 7.99445e-06 0.036785 0.0102072 0.000142117 0.0205938 2.92466e-05 0.00179164 0.011351 0.000278379 0.000388409 0.0283015 0.0341453 0.000548705 0.0548609 0.550814 0.0331833 0.0212524 0.000119787 1.99208e-07 0.00113656 3.00542e-05 0.000249452 0.0147402 
0.0165092 3.99086e-06 0.000541608 0.0167057 0.0659942 0.238428 9.56473e-07 0.00216041 0.000965469 2.95186e-06 0.058934 2.99588e-05 0.000155854 0.00705276 9.24219e-05 0.000863024 0.00564211 0.00316286 0.000417968 0.00650342 0.451595 0.0110562 0.11004 0.000465271 3.05948e-08 6.58749e-09 1.59156e-05 0.000279017 0.00238203 
0.00701403 4.87928e-08 0.000165929 0.00485922 0.0436097 0.0280163 2.86143e-05 0.0142642 0.105575 8.2239e-05 0.0292239 0.000147683 0.000219461 0.00155929 7.672e-06 0.000397257 0.0374802 0.0442488 0.000786176 0.0743535 0.456806 0.0125543 0.133536 7.3689e-07 1.67457e-08 0.00268456 3.25873e-05 0.00127357 0.00107325 
0.00128796 1.06989e-05 0.0014745 0.0375445 0.0025255 0.018092 2.51298e-06 0.000271017 0.00638464 0.00473887 0.0309553 6.29415e-07 0.000855993 0.122635 0.003271 0.00535528 0.0141944 0.00703944 0.0011234 0.00512159 0.723508 0.00699643 0.00474181 0.000802668 1.90361e-08 1.84921e-07 0.000163062 0.00036336 0.000539695 
0.00161228 3.10334e-06 0.00142613 0.0189728 0.0677544 0.145741 5.60715e-05 0.00140412 0.00387618 0.000216152 0.0615103 1.53093e-06 0.0105679 0.0859809 0.000292198 0.000771089 0.0136399 0.0167709 0.000746559 0.0403615 0.454059 0.0417578 0.0228682 3.13715e-05 7.75489e-10 2.34259e-06 2.5362e-05 0.000395368 0.00915537 
0.128585 5.04721e-07 1.398e-05 0.0479628 0.0207764 0.00763494 5.73341e-06 0.0486628 0.112986 0.000654582 0.000656514 4.52079e-06 0.0970638 0.140174 5.49553e-05 0.016622 0.0812901 0.00134585 0.00182292 0.0035845 0.181153 0.097038 0.00207363 8.4835e-07 0.00472409 0.000685397 2.74282e-05 0.00415713 0.000239232 
7.68186e-06 1.18694e-06 1.86467e-07 4.27639e-06 0.0234388 1.44551e-05 1.35835e-07 3.70641e-09 6.31129e-05 2.49463e-06 9.53561e-06 1.93463e-07 1.44813e-07 0.137848 3.67567e-06 0.00263199 3.72283e-06 4.505e-06 2.81383e-07 4.17315e-06 0.833929 0.00119898 9.73488e-06 0.000822473 1.26402e-08 6.953e-07 8.23039e-07 5.22996e-07 5.70585e-09 
0.0344923 0.00425322 0.00101397 0.0455552 0.157264 0.0593634 1.74492e-05 0.00125279 0.0123432 0.0118664 0.108095 4.59547e-06 0.00123135 0.133633 0.00245336 0.0280717 0.0779341 0.00512789 0.00415464 0.0677657 0.185323 0.014907 0.0271272 0.00414821 1.41081e-07 0.000183488 0.000224504 0.00662484 0.00556955 
0.0116119 0.000142528 0.00919648 0.0126981 0.00358879 0.107838 1.38207e-05 0.00350625 0.0681464 3.25556e-05 0.140088 7.58644e-05 0.0030826 0.0232738 0.0015271 0.00172678 0.0145346 0.0096496 0.0017033 0.00612876 0.492819 0.00798582 0.0734311 0.000293152 2.12292e-08 5.99238e-06 1.36002e-05 0.00143933 0.00544616 
0.000160762 9.54611e-06 1.31779e-05 0.0789127 1.56078e-05 0.0185495 8.00771e-06 1.40792e-05 0.0171548 6.21422e-06 0.000227399 4.12092e-06 0.227261 0.186902 1.65011e-05 0.0124179 0.0357981 0.000916679 0.000147909 0.00893756 0.387235 0.0176848 0.00700702 0.00033187 7.15054e-08 1.01285e-06 0.000146431 1.09835e-05 0.000109723 
0.00128796 1.06989e-05 0.0014745 0.0375445 0.0025255 0.018092 2.51298e-06 0.000271017 0.00638464 0.00473887 0.0309553 6.29415e-07 0.000855993 0.122635 0.003271 0.00535528 0.0141944 0.00703944 0.0011234 0.00512159 0.723508 0.00699643 0.00474181 0.000802668 1.90361e-08 1.84921e-07 0.000163062 0.00036336 0.000539695 
0.0242019 0.00639932 0.00159151 0.0228994 0.0225995 0.141059 0.000152075 0.0125791 0.024029 1.66848e-05 0.0505317 3.21694e-06 0.00266569 0.0244273 6.96267e-05 0.00299443 0.051601 0.0013982 0.000821766 0.00686259 0.401269 0.0260771 0.142973 8.19551e-05 4.70336e-06 6.85079e-07 0.000199382 0.0233849 0.00910627 
0.0261675 0.00182128 0.0547376 0.00930921 0.0483265 0.186774 2.89425e-05 0.013476 0.0374388 0.000618351 0.0276816 9.09157e-06 0.00497903 0.0876135 0.00689512 0.0084905 0.0168699 0.0127776 0.000583859 0.0545012 0.296704 0.00525227 0.0574233 0.000595277 2.45191e-07 0.0165793 0.000327632 0.00112314 0.0228953 
0.00734193 5.56995e-12 0.0112911 0.0265299 0.0506051 0.155445 1.37107e-06 0.000557721 0.0526474 0.000216654 0.0604937 7.55997e-10 0.00408095 0.0166204 0.00656187 0.0375223 0.00109052 0.0156765 0.00033981 0.0509512 0.388869 0.0195896 0.0757408 0.0102965 4.66965e-09 9.65648e-07 0.000222105 0.00153029 0.00577692 
0.0634118 7.10766e-05 0.0042225 0.0556872 0.0894342 0.0571383 0.000301038 0.089939 0.00359847 2.17449e-05 0.0766793 0.000475531 0.00459424 0.00507941 9.44153e-05 0.00406718 0.0137162 0.0511024 0.00257505 0.0237422 0.326859 0.0175371 0.0998377 0.00158547 6.06668e-10 0.000356234 0.00173013 0.00441703 0.00172616 
0.0354213 5.30218e-09 9.2258e-08 0.00868714 0.215709 0.00758308 1.37152e-05 0.0150249 0.00408802 1.74127e-07 0.0305464 0.040082 0.000594299 4.79397e-07 5.01342e-08 0.000450847 0.0929947 0.000310738 0.000212331 0.014864 0.448961 0.00309617 1.47441e-05 1.11222e-10 2.26665e-10 2.69462e-10 2.30176e-05 3.73341e-07 0.0813208 
0.00251774 7.10944e-08 9.71931e-05 0.00934002 0.0145758 0.136289 8.87266e-05 0.00035466 0.000208211 1.40663e-05 0.119116 5.29583e-05 2.26932e-05 0.0736365 2.09535e-08 0.000122158 0.024889 0.00704582 0.00296502 0.000608812 0.587225 0.00727608 0.013471 9.8745e-06 3.42997e-12 4.07757e-12 9.14906e-06 6.50583e-05 1.5483e-12 
