0.0140572 6.49456e-05 0.0339809 0.017222 0.0428917 0.119388 3.72239e-06 0.00283993 0.0332801 5.35584e-05 0.0863232 0.00340936 0.00299868 0.00349469 0.000679309 0.0066565 0.0739478 0.000757727 0.00162074 0.0860016 0.112377 0.142606 0.0383938 0.01816 2.4712e-06 2.91215e-05 0.0138911 0.0108393 0.13403 
0.209562 0.000548533 0.00309071 0.0357771 0.0350139 0.0503427 3.16998e-05 0.00320398 0.0179623 1.44389e-05 0.04238 0.00187026 0.159146 0.0185298 0.00705177 0.0183679 0.0133638 0.000440084 0.00857114 0.0153447 0.0184655 0.267934 0.0594025 0.00084534 0.000269771 7.37113e-06 0.00929774 0.00168942 0.00147612 
3.12192e-05 0.00700912 0.000119293 0.000100157 8.05796e-06 0.000148907 2.91372e-09 0.00716324 0.111096 4.05267e-07 1.31378e-06 4.14986e-09 0.00380466 0.000951801 0.000436085 6.43032e-06 0.000748757 1.54557e-09 5.50455e-05 0.00380316 0.000238579 0.861268 0.000299382 3.7973e-06 0.000142529 4.75206e-09 3.55889e-06 0.00256016 1.80442e-09 
0.025038 3.14875e-10 0.013347 0.000458717 0.00166781 0.155167 8.10941e-09 0.00412899 0.0506409 6.1107e-06 0.012465 9.54095e-07 0.0231754 0.00861771 7.6481e-05 4.93755e-08 0.00310844 0.00182172 0.00157843 0.115316 0.0028243 0.536674 0.00650183 0.000447532 4.95451e-08 9.72862e-06 0.000155869 0.0329422 0.00383 
0.000839788 2.61653e-07 0.000571094 0.00455504 0.00236596 0.0272996 3.30529e-06 0.0110374 0.183563 0.00293248 0.0201472 0.00103728 0.000715416 0.0270861 6.76402e-05 0.00601721 0.0880533 6.32839e-05 1.30786e-05 0.0117215 0.0628915 0.508833 0.00920121 0.00085069 8.56529e-05 0.000374842 3.78388e-05 0.0041202 0.0255142 
0.106889 0.00188895 0.0261375 0.0486897 0.0933624 0.0666332 2.81214e-05 0.0213272 0.074417 0.00489069 0.104354 0.0145753 0.0229222 0.0100593 0.00244639 0.0174914 0.0190146 0.00540845 0.00798651 0.0517052 0.0167913 0.156999 0.0883348 0.0092236 0.00072144 0.000164335 0.00342169 0.0160849 0.00803192 
0.128551 4.17635e-08 0.000617575 0.0360477 0.0254804 0.01021 3.45081e-08 0.0180442 0.0207016 2.20491e-05 0.264068 0.000320847 0.00560838 0.000144119 1.88151e-05 0.000856925 0.0155637 3.20376e-07 0.000262489 0.0101411 0.00117302 0.447627 0.0107963 0.000822719 2.03539e-07 2.24047e-07 3.39246e-08 0.000579855 0.00234136 
0.0162221 4.70665e-06 0.00224323 0.0707355 0.000852367 0.0018548 4.55428e-09 0.0404334 0.283192 0.000766275 0.00180435 5.66168e-07 0.0121721 0.0277438 0.00094528 0.000240772 0.00841589 2.4158e-09 0.00114727 0.00472864 0.00090446 0.487284 0.0250789 0.000168688 0.00014632 0.0116676 1.90546e-05 0.00121955 8.7596e-06 
0.0436657 0.00027445 4.07044e-05 0.0396849 0.00519166 0.088735 2.44797e-07 0.000881174 0.0194447 8.59719e-05 0.168321 0.0725289 0.0115557 0.000249755 0.000526442 3.28248e-06 0.175326 1.73297e-05 0.0384384 0.0418273 0.00307853 0.257856 0.0223059 3.94848e-05 7.09585e-07 1.16482e-09 0.00654359 0.00164894 0.00172859 
0.0936852 9.8933e-05 0.000295446 0.00598284 0.21141 0.0523117 7.14952e-06 0.00344476 0.0176236 2.16258e-05 0.0274189 0.000282196 0.0114615 0.0165398 5.56652e-05 0.00260727 0.06535 0.00095286 0.00183957 0.0319019 0.000874107 0.281407 0.0247748 0.000100231 8.56345e-05 3.2542e-07 0.00465161 0.00381639 0.140999 
0.0160323 0.00284244 0.00154867 0.123433 0.0379912 0.150572 4.50595e-05 0.000558611 0.117264 4.4144e-06 0.0350206 2.83631e-06 0.00959349 0.00916102 3.32216e-05 0.000299273 0.00531368 0.000448523 0.00294928 0.00219702 0.137152 0.326144 0.0190354 0.000746578 1.75211e-05 4.75198e-06 2.48915e-05 0.00111176 0.000451839 
0.0182473 8.22124e-06 0.0324947 0.0666751 0.103012 0.13527 1.15289e-05 0.0205107 0.0547032 0.000323463 0.135041 2.651e-05 0.0227514 0.0201419 0.00273934 0.000710724 0.0416345 0.00168605 0.0436181 0.0421388 0.000187871 0.227054 0.0129187 0.010995 1.9078e-08 4.42531e-05 3.06106e-05 0.00461243 0.00241325 
0.00909046 0.00154034 0.00926411 0.209349 0.104619 0.17333 0.000120069 0.000320688 0.032098 0.000197758 0.0324984 1.94377e-05 0.0543973 0.0196392 0.000236496 9.60423e-05 0.016703 0.000179179 0.0333805 0.00505651 0.00726686 0.240929 0.0296298 0.00014988 1.50446e-08 0.00108748 0.010921 0.0061782 0.00170334 
0.0398878 0.014338 0.00113894 0.0189149 0.00761992 0.0185802 1.43748e-05 0.00285529 0.0781687 0.000153399 0.0657145 0.000179575 0.0155743 0.0486352 0.00246555 0.00806686 0.190505 0.0185082 0.000935741 0.0242073 0.0035447 0.405284 0.0296492 0.000134121 4.08081e-06 3.49862e-07 1.23599e-06 0.00464164 0.000277369 
0.0313438 0.000318352 0.000242967 0.079972 0.0325966 1.49977e-07 6.78046e-08 0.00401465 0.0211988 1.26983e-07 0.070397 3.83296e-07 0.00939249 0.00730089 0.00139439 2.65112e-08 0.239874 0.000348724 0.130973 0.0104072 7.03214e-08 0.335046 0.0196275 7.83138e-08 0.000967929 3.78701e-12 6.59996e-06 0.00171319 0.00286308 
0.0613959 0.0109324 0.000569018 0.147488 0.0979793 0.0446051 8.55329e-08 0.0394314 0.004419 0.011322 0.0131579 3.88137e-06 0.0649245 0.0240548 0.000871565 0.0135984 0.0188542 0.00452365 0.0132005 0.0142893 0.00051418 0.369648 0.0342396 0.00264756 0.000850013 0.00539605 0.000165449 5.48331e-05 0.000863175 
0.00113285 1.19688e-08 0.00440827 0.0700607 0.00134861 0.092098 9.53277e-09 0.00454878 0.0338922 2.67241e-06 0.0170177 4.1625e-06 0.00043693 9.69664e-06 0.000810207 0.000644994 0.00757962 0.000261358 0.00273143 0.0746111 0.312273 0.342896 0.0326787 4.88134e-05 2.91134e-07 7.27755e-06 2.41859e-07 0.000281757 0.000214368 
0.006885 0.00309406 0.0607118 0.00072615 0.00683075 0.126393 2.1972e-05 3.1583e-05 0.100733 0.000104983 0.000405977 6.96552e-06 0.062525 0.123868 2.19721e-05 0.00086438 0.0565013 4.02414e-05 0.00225993 0.0134187 0.00074655 0.409311 0.000464062 9.71856e-06 0.000104542 1.8886e-06 0.000174076 0.0237335 1.01232e-05 
0.0201875 0.00103025 0.00418978 0.00873765 0.208476 0.159865 4.57951e-05 0.00166525 0.0869726 0.000271633 0.0371134 0.000165836 0.00724761 0.0702673 0.000313419 0.00223619 0.0499107 0.000495703 0.000909652 0.0214927 0.0136494 0.265729 0.0134908 0.010194 6.09942e-06 0.000222151 0.00377978 0.00549906 0.00583582 
0.0257568 1.80283e-06 0.000415124 0.01326 0.113681 0.0485786 3.08833e-08 0.0110443 0.14766 0.000152837 0.0595908 0.00179425 0.119596 0.000902959 4.73923e-05 0.00394069 0.0102481 0.000409948 0.00392861 0.000174376 0.000813129 0.406565 0.0197055 0.000263768 1.03485e-08 9.26709e-06 0.000112744 0.00957995 0.00176741 
0.0205876 2.97991e-08 0.000162773 0.00212176 0.0361751 0.0172538 1.49867e-05 0.000356509 0.0153897 5.38932e-05 0.00883976 3.30057e-05 0.00210588 0.00648085 0.00165276 0.000163576 0.0364477 0.000161303 0.0020705 0.0013046 0.119553 0.724833 0.00111928 0.000713111 1.04909e-08 1.28801e-05 0.0013307 0.000933233 0.000128711 
0.0159199 0.000353191 0.00612819 0.0149362 0.037075 0.0471334 1.16904e-05 0.00198714 0.0366716 0.00287162 0.102823 0.0003488 0.0052956 0.0072397 0.0026828 0.000568066 0.00779662 0.00548528 0.00230321 0.00396016 0.00113987 0.650216 0.00296799 0.00151108 1.34746e-05 0.0127333 0.0112308 0.0178004 0.000796402 
0.00893469 6.31804e-07 0.000455048 0.0336502 0.0375901 0.237447 2.68666e-07 0.00671072 0.0106411 1.03235e-05 0.097966 5.04157e-06 0.00319192 0.00473163 0.000369104 0.00185757 0.0283759 0.000618145 4.56672e-05 0.181761 0.0308186 0.282754 0.0162918 0.00463748 6.84377e-10 8.13593e-10 3.56329e-06 0.000143394 0.0109895 
0.0065116 6.86726e-06 0.00826762 0.00959439 0.0128239 0.0267868 2.80195e-06 0.00289835 0.0257795 6.87283e-05 0.0117332 0.00173061 0.00759534 0.0135975 3.79812e-05 0.00073278 0.0171629 4.51535e-05 0.000680291 0.0997801 0.0036248 0.738316 0.0106754 0.000113777 1.67887e-07 1.63398e-05 5.04638e-06 0.000769993 0.000641664 
0.00698719 0.000123792 0.0151045 0.00139501 0.120272 0.141198 1.75283e-05 8.78939e-05 0.0554689 0.000270413 0.026862 1.17531e-05 0.00229677 0.248053 0.000570253 0.00045969 0.0340297 0.000508245 0.000376139 0.002607 0.0640969 0.268511 0.00745889 0.000549857 3.25106e-07 5.36429e-06 0.000129829 0.00253102 1.61099e-05 
0.0307174 7.33966e-06 0.00219242 0.112616 0.0594574 0.0910105 1.29623e-08 0.00169718 0.0382662 2.26916e-05 0.0733402 0.000191382 0.00594657 0.0120965 0.00014986 0.000369918 0.113912 0.0030844 0.0224721 0.0761203 0.00434077 0.215081 0.017523 0.0018517 2.33537e-07 3.0007e-08 0.0210012 0.00262909 0.0939026 
0.104896 4.4553e-05 4.06292e-05 0.148006 0.0260609 0.0666227 7.38892e-08 0.00179483 0.0332584 4.99931e-05 0.153946 3.11006e-06 0.0802449 0.037515 1.32462e-05 0.00383119 0.0943268 0.000236383 0.040866 0.0026521 0.000204302 0.175698 0.0248715 0.00134136 7.12441e-06 6.98617e-06 1.90414e-06 0.00345067 9.70733e-06 
0.0369395 1.13157e-05 0.000463166 0.0746327 0.0301531 0.0958366 3.98504e-06 0.0204859 0.0522766 0.000874382 0.0481127 0.000112637 0.0155888 0.0204735 0.000397933 0.00050413 0.00471857 0.000264443 0.0222818 0.0128783 0.0129422 0.348704 0.178213 0.000310288 1.90361e-08 0.00012021 2.15136e-05 0.0217324 0.000946803 
0.0264249 0.000417365 0.0001321 0.039702 0.0206911 0.0486513 3.89506e-06 0.0132198 0.0657537 0.00094443 0.0282243 0.0054084 0.0427961 0.0281828 0.00164565 0.000162511 0.0444311 0.0345011 0.0571007 0.0137318 0.0181676 0.439837 0.032353 0.000597741 0.000300461 0.0147654 1.46912e-05 0.00442593 0.0174133 
0.00196138 1.31631e-07 0.00469675 0.0315023 0.0152428 0.0299238 3.16521e-05 0.155762 0.00678009 0.000620955 0.0474716 0.000464805 0.000741439 0.00884589 0.00459345 0.00478716 0.00130541 0.104526 0.00618928 0.0191037 0.0244168 0.356401 0.0254558 6.77886e-06 0.132891 0.0161041 7.29122e-05 9.94773e-05 1.4025e-06 
1.87289e-05 4.05744e-06 1.24072e-06 2.07534e-07 6.50847e-07 1.55591e-09 1.96086e-08 0.016735 2.51069e-05 3.15381e-08 3.56013e-05 9.17657e-06 0.00355869 0.00150772 1.0546e-06 9.77597e-09 0.0121976 2.03911e-05 2.12255e-05 0.00194143 5.76541e-09 0.963156 2.56429e-09 1.32e-08 0.000753774 3.19802e-08 4.41078e-09 1.12273e-05 1.21412e-06 
0.0235412 1.3351e-06 0.000249387 1.38054e-05 0.0213324 0.0157287 5.22098e-07 0.335245 0.0772357 2.85913e-06 0.0111045 7.9771e-05 0.0172395 0.0575187 0.000516114 1.22488e-06 0.0174511 0.000984536 0.00212826 0.000702238 1.9618e-06 0.411006 0.00313263 2.60096e-05 6.83811e-06 0.00133513 5.10056e-07 0.00340091 1.35395e-05 
0.0138603 1.13804e-09 9.26815e-06 1.51776e-06 3.8921e-06 0.228511 4.36632e-08 1.04746e-06 0.0119071 7.02272e-08 0.00993422 3.29053e-06 0.00482194 0.00178319 6.12785e-10 2.68354e-07 0.0330525 6.98205e-07 3.42898e-07 0.0746051 1.70841e-07 0.615027 4.78406e-07 0.00205494 1.21674e-09 1.44647e-09 4.4326e-06 1.75935e-06 0.00441584 
2.92901e-06 9.50951e-11 5.85572e-08 0.00983494 0.186371 0.0751119 6.24436e-09 8.45284e-07 0.0173172 0.000127509 0.198218 1.21922e-07 0.105255 0.00112893 9.85433e-08 5.56065e-05 0.0382251 0.000976704 0.00200716 0.0179594 2.179e-11 0.326049 6.98289e-06 8.9354e-08 1.01671e-10 7.40743e-08 1.39822e-07 0.00856221 0.0127887 
0.0443948 4.76406e-06 0.00612137 0.00435973 0.031436 0.161879 0.000171809 1.56968e-05 0.0517719 3.94972e-05 0.0322861 8.61372e-07 0.00869981 0.00704633 1.1581e-05 0.00202493 0.0914866 0.00140229 0.000604839 0.0102935 0.0641348 0.431257 0.00229666 0.00245886 1.13575e-08 1.48712e-06 0.000215686 0.0401023 0.00548167 
0.0157172 0.00892173 0.000174433 0.0258304 0.146718 0.0239941 0.000132168 0.0226106 0.0569969 0.00201704 0.0371336 4.67274e-05 0.0209931 0.0179567 6.12508e-05 0.00413549 0.0191434 0.000846061 0.217877 0.00292524 0.00444218 0.291286 0.0493073 0.000966999 4.55985e-05 5.86163e-05 0.00810783 0.0178163 0.00373784 
0.0443948 4.76406e-06 0.00612137 0.00435973 0.031436 0.161879 0.000171809 1.56968e-05 0.0517719 3.94972e-05 0.0322861 8.61372e-07 0.00869981 0.00704633 1.1581e-05 0.00202493 0.0914866 0.00140229 0.000604839 0.0102935 0.0641348 0.431257 0.00229666 0.00245886 1.13575e-08 1.48712e-06 0.000215686 0.0401023 0.00548167 
3.36831e-08 0.000358933 0.000211195 0.0113883 0.0781921 1.41939e-08 0.000472715 0.000345147 0.0543293 2.8771e-07 0.0509382 3.52793e-05 0.0685784 0.00193011 0.0217005 0.000517904 0.00168003 9.48869e-08 0.001647 1.32227e-05 0.00121608 0.70234 0.000186927 0.00220515 2.45408e-07 2.91743e-07 0.0012954 0.000417488 1.10778e-07 
0.0100574 2.13925e-06 0.00565984 0.0771716 0.0725758 0.250123 4.95807e-07 0.000173543 0.0914975 1.47341e-06 0.0410985 0.00211741 0.0479522 0.000818043 0.00015802 0.000764948 0.0389601 6.57447e-05 0.0211195 0.00645325 0.000279868 0.261439 0.0613958 0.00307218 3.92324e-08 3.36876e-10 6.4656e-07 0.00420479 0.00283676 
0.00223019 1.18041e-07 6.29276e-05 0.010436 0.0498164 0.0775746 8.18662e-05 1.22969e-06 0.0508474 1.97963e-09 0.0833934 1.753e-09 0.00444435 0.0027229 5.81959e-07 0.000147272 0.271024 0.00145468 0.00688339 0.000367385 0.00112567 0.362172 0.0749776 4.93351e-06 1.68857e-09 2.00738e-09 2.27574e-07 0.000228759 2.54131e-06 
0.0542878 9.39618e-08 5.58455e-05 0.0126471 0.0311608 0.0836006 9.28394e-07 6.89965e-05 0.00553142 2.37327e-06 0.02964 3.23959e-05 0.0104678 0.00663056 6.8575e-05 0.000650821 0.0216094 9.55403e-05 0.000946589 0.000677814 0.0281804 0.683879 0.0271481 0.00175118 1.71002e-09 1.82464e-07 2.18029e-07 0.000864264 9.78258e-07 
0.0491989 1.60307e-06 0.0261908 0.085149 0.0108915 0.197015 5.51931e-05 0.000378847 0.0349038 0.0139911 0.0226861 0.0246171 0.00455873 0.00168705 0.0166798 0.0165064 0.00687252 0.000175933 0.00292212 0.0374124 0.041067 0.345777 0.048346 0.00113649 6.11526e-07 0.000131565 0.000850551 0.00397086 0.00682597 
0.0380157 8.19766e-09 0.00357581 0.123921 0.0661534 0.0561127 3.99647e-09 0.00201179 0.016648 2.58906e-09 0.0765322 0.000307982 0.0876043 2.89973e-05 0.00163816 0.00200561 0.00738653 5.45933e-05 0.0186203 0.00215709 0.000355362 0.260065 0.00233621 0.0198568 1.05472e-10 0.000149937 9.47349e-06 0.00167521 0.212778 
0.0227326 0.000279968 0.00350134 0.0573679 0.041714 0.048378 4.72649e-05 0.110544 0.0311032 0.000105166 0.0269779 0.000191958 0.00626346 0.00880663 0.00149575 0.00079819 0.0457835 0.0103609 0.00243769 0.0190393 0.0102926 0.485911 0.059723 0.00118412 0.000506208 0.000301899 0.000451826 0.00180963 0.00189004 
0.19652 0.000414268 0.00527629 0.0167793 0.0623221 0.0270918 5.5099e-07 0.00539755 0.0187689 7.79834e-05 0.127735 0.000824762 0.00339774 0.00195153 8.94555e-05 0.0228744 0.047033 0.000646903 0.0012788 0.0232858 0.000157963 0.373102 0.0318333 0.00625956 0.000127693 0.000121463 1.09523e-05 0.00124521 0.0253764 
0.0151778 1.0421e-11 0.00705709 0.00435087 0.0829582 0.228449 0.000756036 2.09472e-08 0.00590859 3.50583e-05 0.00804634 3.76285e-09 2.49078e-06 0.0237439 0.000178187 0.00047965 0.00622692 9.36116e-08 2.43011e-05 0.0269601 0.272704 0.310301 0.00494638 0.00114544 1.11416e-11 2.98934e-06 0.000285744 0.000259751 6.5438e-08 
0.0491989 1.60307e-06 0.0261908 0.085149 0.0108915 0.197015 5.51931e-05 0.000378847 0.0349038 0.0139911 0.0226861 0.0246171 0.00455873 0.00168705 0.0166798 0.0165064 0.00687252 0.000175933 0.00292212 0.0374124 0.041067 0.345777 0.048346 0.00113649 6.11526e-07 0.000131565 0.000850551 0.00397086 0.00682597 
0.156943 4.34582e-05 0.0058808 0.0265356 0.071278 0.165461 4.23134e-07 0.00660591 0.0406951 0.000209831 0.157411 0.000394144 0.00357537 0.00801065 0.000420316 0.0128847 0.0629471 0.00047865 0.000768374 0.0150053 0.00116662 0.198316 0.0499956 0.000467509 3.55521e-07 1.92452e-05 8.43792e-06 0.00667207 0.0078046 
0.04019 0.00037336 0.00191349 0.000995816 0.050339 0.183795 2.16629e-05 4.68293e-06 0.217978 0.000222777 0.0171915 8.46188e-06 0.00945247 0.116587 7.9252e-05 0.00524295 0.0286056 0.000394057 8.99107e-05 0.0102253 0.0217076 0.272194 0.0131027 0.00469385 1.4882e-10 3.15761e-05 6.83718e-05 0.00261326 0.00187859 
0.0186584 5.4405e-05 0.00717255 0.0103279 0.0239935 0.0572325 7.35634e-06 0.0107364 0.104942 2.2238e-07 0.0298493 0.00189621 0.0142479 0.000304737 1.1504e-05 0.000150543 0.0313241 9.65229e-05 0.00421838 0.0177099 0.000452904 0.657854 0.00370461 4.70524e-05 0.000156604 1.51809e-09 9.01428e-07 0.0033403 0.00150871 
0.0088371 4.96485e-05 0.0192474 0.0128939 0.00508028 0.0189419 5.33891e-06 5.99031e-05 0.221687 0.000893723 0.00809629 3.66481e-06 0.0758282 0.0711558 0.0018169 0.01511 0.0300625 0.00662227 0.000665741 0.0083062 0.00165987 0.373399 0.00838776 0.000179509 5.42447e-05 8.58563e-08 0.000102608 0.110829 2.48655e-05 
0.0461982 6.42519e-06 5.84854e-05 0.00103181 0.0449654 0.0127888 9.8358e-06 0.000118772 0.0380434 1.12697e-05 0.0267879 0.000372787 0.0431593 0.00727165 0.000102105 0.0020537 0.0420972 1.4994e-05 0.00149537 0.0145918 0.00055008 0.544261 0.00214106 0.000146692 6.12985e-07 5.61343e-08 0.00519875 0.00797458 0.158548 
0.221155 6.93541e-07 1.83296e-07 0.0928824 0.00478827 0.0158864 1.94848e-07 0.0755091 0.00104623 3.10838e-09 0.0683254 3.23306e-07 0.000518524 0.00132181 1.3353e-09 1.40536e-05 0.00878043 0.00781617 0.024582 0.0163051 0.100211 0.3546 0.00599553 7.77096e-07 2.65136e-09 6.32167e-06 1.03497e-07 4.18897e-05 0.000212927 
0.0090987 0.000100156 0.00727423 0.034238 0.111054 0.0289506 5.74225e-05 0.00308949 0.1755 0.00539403 0.010794 7.40787e-07 0.00212354 0.167989 0.014079 0.0116952 0.0462422 0.00205832 0.00450884 0.0234681 0.00679876 0.299325 0.0161043 6.12085e-05 1.79667e-06 7.5738e-07 8.22558e-06 0.00283777 0.0171464 
0.0278719 9.62534e-05 0.0663494 0.115314 0.0247074 0.148487 0.000202077 0.00284403 0.0824422 0.00011591 0.0329672 1.66149e-05 0.0576135 0.00669993 0.00041288 0.000257319 0.0567863 0.0126867 0.0867325 0.0267011 0.00340139 0.183248 0.0294173 0.000298979 1.28663e-06 7.54887e-06 0.0286338 0.00125147 0.00443715 
1.90215e-11 1.29624e-10 0.00208372 0.00365102 0.00058938 0.000252379 1.01018e-10 0.00926737 0.462291 1.55423e-05 0.000640408 5.61593e-09 0.00326683 0.00541463 7.07115e-05 1.49163e-06 0.00189328 4.80842e-07 9.1826e-05 0.0026174 0.000737607 0.499486 0.00400414 0.00016191 5.82474e-06 1.64753e-10 9.13092e-06 0.00344843 1.90308e-09 
0.0867731 0.000698888 8.63913e-05 0.0753092 0.024213 0.00792373 6.36363e-06 0.0416221 0.0231038 0.000166474 0.0341221 0.000321963 0.00972327 0.00592973 0.000664419 0.000165757 0.0468861 0.000483427 0.00540512 0.00245642 0.000110756 0.598899 0.0269402 0.00100977 8.35269e-07 0.00222006 0.00147553 0.00107882 0.00220351 
0.195492 3.04985e-06 0.00871067 0.117382 0.0138179 0.0628295 3.03119e-06 0.0245124 0.123218 9.23312e-06 0.000595941 0.0482495 0.0144707 0.0757005 0.00841705 0.000119698 0.0277184 0.00120207 0.0202644 0.0147053 0.000305139 0.206118 0.0211157 5.16275e-07 0.00583493 0.00156738 2.50583e-06 0.00746222 0.000173745 
0.025362 0.0261926 0.0004098 0.00780815 0.0076389 0.0263486 1.5218e-05 0.000180983 0.0663316 4.37813e-05 0.0352871 0.00526604 0.0682355 0.200492 0.000195703 0.0391403 0.0594762 0.00172119 0.00144532 0.0100606 0.013544 0.353506 0.046414 0.000879546 0.000619362 1.08656e-06 2.73246e-06 0.00301864 0.000363381 
0.104276 1.52104e-05 0.0748463 0.0553754 0.0379392 0.0659153 1.27776e-05 0.0136959 0.0925949 2.44725e-05 0.00903454 1.68671e-05 0.0155268 0.0143709 0.0198257 0.0311778 0.00931183 0.000586576 0.0308526 0.11554 0.0362442 0.223458 0.0201773 0.00327663 1.30648e-06 4.52715e-05 0.00174577 0.0204995 0.00361336 
6.02656e-08 7.82854e-05 5.69198e-06 5.43941e-08 0.00131465 0.000190098 3.20054e-07 0.00110475 2.6824e-08 9.44839e-05 6.82172e-06 0.000998989 9.68695e-08 3.13122e-05 2.21135e-07 0.000364259 0.00122962 0.0655807 0.251487 3.06201e-05 0.203265 0.321774 4.07169e-05 0.000393517 4.39083e-07 0.000953386 7.19934e-08 0.151021 3.30841e-05 
0.0313438 0.000318352 0.000242967 0.079972 0.0325966 1.49977e-07 6.78046e-08 0.00401465 0.0211988 1.26983e-07 0.070397 3.83296e-07 0.00939249 0.00730089 0.00139439 2.65112e-08 0.239874 0.000348724 0.130973 0.0104072 7.03214e-08 0.335046 0.0196275 7.83138e-08 0.000967929 3.78701e-12 6.59996e-06 0.00171319 0.00286308 
0.225463 7.81647e-05 0.00111134 0.0604968 0.018976 0.0574822 1.08545e-06 0.00733846 0.0585498 0.00125649 0.00867506 0.000228345 0.0796847 0.0458361 0.000896925 0.00590815 0.038267 0.00147539 0.0223389 0.0300204 0.00189993 0.279133 0.0130044 0.00133083 3.16698e-06 0.000768069 0.00203916 0.022053 0.0156845 
0.0491989 1.60307e-06 0.0261908 0.085149 0.0108915 0.197015 5.51931e-05 0.000378847 0.0349038 0.0139911 0.0226861 0.0246171 0.00455873 0.00168705 0.0166798 0.0165064 0.00687252 0.000175933 0.00292212 0.0374124 0.041067 0.345777 0.048346 0.00113649 6.11526e-07 0.000131565 0.000850551 0.00397086 0.00682597 
0.0443948 4.76406e-06 0.00612137 0.00435973 0.031436 0.161879 0.000171809 1.56968e-05 0.0517719 3.94972e-05 0.0322861 8.61372e-07 0.00869981 0.00704633 1.1581e-05 0.00202493 0.0914866 0.00140229 0.000604839 0.0102935 0.0641348 0.431257 0.00229666 0.00245886 1.13575e-08 1.48712e-06 0.000215686 0.0401023 0.00548167 
0.00403999 0.00479608 0.00142899 0.014765 0.0898109 0.281578 0.000105928 0.000862953 0.0424982 0.000118521 0.0695023 3.43139e-06 0.00544993 0.0485064 6.41509e-05 0.000463446 0.0469337 0.000753104 0.000150592 0.038542 0.01056 0.300204 0.0311909 1.52458e-05 9.90877e-08 0.000135266 8.3117e-06 0.0051532 0.00235905 
0.0112687 1.93832e-06 0.0469338 0.0238486 0.0442397 0.0766979 1.45922e-06 0.0139381 0.115659 0.000293164 0.0570676 4.42881e-06 0.0122787 0.0452556 0.000928966 0.0498678 0.0282141 0.0431761 0.0152069 0.154577 0.0174383 0.189234 0.0422322 0.00191411 7.49515e-07 0.00566813 9.56063e-05 0.00235854 0.00159932 
0.0647586 0.00238801 0.000973603 0.0129552 0.0285392 0.0533012 9.84737e-05 0.000242338 0.0403961 0.000102866 0.00588687 5.21718e-06 0.0987234 0.13605 0.000388289 0.0343042 0.0495391 0.00178919 0.00758771 0.00489632 0.0496244 0.347818 0.0413116 0.00239007 1.82843e-07 0.00190854 0.000220228 0.00358484 0.0102164 
0.0447343 2.45249e-07 0.00383668 0.0544212 0.00321076 0.0674548 9.76428e-06 0.051036 0.0943788 4.45212e-05 0.0598804 0.000318596 0.00285111 0.0140646 3.64455e-06 6.57732e-05 0.0356068 0.000931546 0.00425667 0.042832 0.0121223 0.492645 0.00081202 1.89955e-06 0.00453361 0.000208253 7.17862e-08 0.00133246 0.00840577 
1.03023e-06 5.44855e-08 0.0358645 0.00914748 0.0399772 0.00510995 1.24721e-10 3.60585e-08 0.344434 1.67377e-08 0.00256938 3.67061e-06 0.152973 0.000167535 3.11154e-06 0.00175705 0.00732275 6.61579e-11 0.00216978 6.47338e-06 3.30726e-05 0.385731 0.00110779 0.000413681 1.71105e-10 0.000261742 2.8055e-11 0.00619997 0.00474635 
0.00871721 2.73029e-06 2.73434e-05 0.000319027 0.0711022 0.0453534 1.97269e-06 2.03485e-07 3.60073e-05 3.34322e-05 0.0911437 0.000490584 1.4594e-05 0.0147662 5.87611e-05 0.00260741 0.00308553 0.000250403 0.000895146 0.00383186 0.345618 0.403267 0.00771202 0.000630784 1.92761e-10 1.06034e-06 3.02537e-05 2.56053e-06 2.81137e-07 
0.0179159 9.5089e-06 0.00502741 0.00614724 0.00134181 0.136451 1.07066e-06 0.00274949 0.0223496 2.86491e-08 0.00145454 3.36514e-06 0.0659307 0.0102917 0.0012955 0.00024995 0.0733265 0.0935394 0.0307902 0.133965 0.00364479 0.365387 0.0217579 0.000295356 6.73047e-08 1.76092e-05 6.35255e-05 0.00434903 0.00164536 
0.0213747 3.18338e-05 8.05729e-06 0.000334219 0.0194747 0.0431783 1.01399e-05 0.000212804 5.73449e-05 3.14076e-06 0.000315822 1.63852e-05 1.89694e-05 8.4913e-05 1.34921e-06 7.43635e-06 0.00298442 0.000160817 8.56192e-05 0.000109456 0.000146012 0.907088 9.17534e-05 1.31454e-06 2.67898e-06 3.18479e-06 4.81314e-06 6.52193e-07 0.00419137 
0.0279892 0.000787653 0.00450578 0.0605938 0.0433238 0.0538142 1.5535e-05 0.0429224 0.148322 0.000211326 0.00989274 0.000171999 0.0647232 0.0691409 0.00191545 0.00645101 0.0266541 0.0037989 0.0179996 0.00320157 0.000352668 0.360029 0.0440365 0.000113749 5.8427e-06 0.000350979 4.1624e-05 0.0070307 0.00160377 
0.069378 0.000153441 0.00880135 0.0359889 0.0682539 0.107437 2.6638e-05 0.0762965 0.07295 9.13842e-05 0.0806837 0.033679 0.0216728 0.00595109 0.00110306 0.00492587 0.0413699 0.0187304 0.00836707 0.105611 0.00795251 0.113393 0.0524031 0.00202833 5.01854e-05 2.31104e-06 0.00211805 0.0142013 0.0463808 
0.0127979 7.14039e-06 0.0129658 0.254203 0.0921903 0.0373913 9.96467e-07 0.0245248 0.0237517 3.51909e-05 0.0430311 0.000689372 0.00388873 0.00547895 0.0004344 0.00014237 0.0230168 0.0172262 0.00364027 0.0490108 0.00843064 0.346059 0.0256875 0.00927739 1.62741e-07 0.000375114 6.19617e-05 0.00568103 6.95968e-09 
0.0163688 2.01128e-05 0.00237384 0.0275123 0.0604302 0.0597323 2.53083e-05 0.000591279 0.027488 0.00122609 0.016327 6.18526e-06 0.0723821 0.0330822 0.000890896 0.0112884 0.0192054 0.0180973 0.00380545 0.0202344 0.00268387 0.47122 0.0209556 0.000511197 5.54875e-09 1.00924e-05 1.66986e-05 0.112826 0.000688328 
0.0118727 0.000484873 0.000678718 0.0214809 0.0470373 0.065872 2.30732e-05 0.00601218 0.0584493 7.82569e-05 0.113788 0.000102408 0.00377876 0.0990807 7.0129e-05 0.0192199 0.0317578 0.00778105 0.00147755 0.00315124 0.0491429 0.241885 0.0484931 0.000403291 3.20436e-09 3.62604e-05 4.51567e-05 0.00344345 0.164354 
0.230901 1.83155e-05 4.51821e-10 2.27104e-06 1.26438e-05 2.40925e-10 3.0363e-09 2.07654e-05 1.32352e-06 1.2702e-05 9.30916e-06 4.32444e-09 9.18983e-10 5.1691e-05 2.09807e-05 1.66528e-05 2.5227e-05 1.61059e-09 0.040965 6.43594e-10 9.01675e-08 0.671687 7.70355e-06 2.04397e-09 4.1655e-09 4.46173e-06 6.82989e-10 1.01409e-09 0.0562431 
0.0229594 1.66209e-05 0.00876491 0.0336899 0.0444283 0.0486217 7.60736e-05 0.0205784 0.0670705 6.98354e-06 0.0977465 0.00203084 0.0135953 0.00531986 0.000163832 0.00537907 0.107368 0.0585622 0.00299639 0.0521666 0.00300327 0.218017 0.172854 0.00278168 1.33124e-10 6.92058e-09 1.45211e-05 0.00554154 0.00624628 
0.0262217 0.00176835 0.00494234 0.0124681 0.0374988 0.0402431 2.55145e-06 0.0142098 0.169043 0.000170412 0.13183 2.06765e-05 0.0405759 0.0157146 0.00208768 0.0058802 0.0379511 0.00191504 0.000466516 0.0787902 0.0100316 0.308402 0.0436229 0.000322058 8.39148e-06 3.37058e-06 0.000557078 0.00537048 0.00988188 
0.0308086 0.000183467 0.0185841 0.00170632 0.0395475 0.027168 0.000226028 0.0242426 0.060163 7.70534e-05 0.286885 0.000169507 0.00147295 0.0241788 0.000609092 0.00506505 0.0313463 0.0001714 0.00286545 0.00378281 0.00649116 0.385841 0.00933733 0.00121435 9.16835e-06 2.59026e-06 0.00888696 0.00723936 0.0217255 
0.0254894 0.000454215 0.00978497 0.041931 0.0248474 0.0377213 4.8265e-05 0.00604167 0.269892 5.75713e-05 0.0270878 0.000795345 0.0545743 0.017185 0.000215429 0.000181015 0.0456206 0.000229193 0.00254306 0.00657663 0.00367008 0.295951 0.011657 0.000627642 0.000102338 0.0107854 0.00862206 0.0961722 0.00113638 
0.0106621 1.02046e-06 0.0508574 0.0143378 0.0734971 0.0493244 1.60263e-05 0.00621241 0.121802 1.36779e-05 0.138793 0.00172676 0.0124272 0.0105066 0.000835503 0.0520736 0.0453861 0.00281807 0.001911 0.0159749 0.000667083 0.194589 0.019886 0.165662 1.44131e-08 2.46257e-05 0.000187435 0.00625638 0.00355052 
0.00995209 4.70643e-07 0.00454067 0.0170056 0.0264472 0.0595423 1.70821e-09 0.0707271 0.0831029 5.93905e-08 0.26599 0.00176266 0.0269756 1.12829e-06 1.79873e-05 0.00186556 0.0307772 0.000576964 0.0819001 0.00445723 2.38707e-05 0.292176 0.00925473 0.00234813 2.3435e-09 2.78597e-09 2.16606e-07 0.000736069 0.00981844 
0.0151417 8.37282e-08 0.000180252 0.00524043 0.018456 0.0240279 0.028431 0.0758062 0.234412 8.2161e-05 0.0383738 0.00301933 0.0184743 0.00297662 8.11425e-06 0.0137148 0.184129 0.00193997 0.00131472 0.00359928 0.0106081 0.25284 0.0332901 0.000539913 9.81468e-09 4.61635e-05 5.56993e-07 0.0325987 0.00074789 
0.000911566 4.2852e-05 0.000261646 0.000100423 3.56912e-05 0.00588652 1.72326e-06 6.93222e-07 0.000297377 0.0625455 6.23856e-05 0.000467395 0.00226457 0.00324378 1.95493e-05 6.30222e-06 0.00256795 1.12407e-05 0.0273593 0.000230767 0.0010585 0.884258 0.00621295 1.16006e-06 0.000542602 0.00158666 3.87632e-07 5.75957e-06 1.70334e-05 
0.0337623 5.31075e-05 0.0486963 0.087587 0.0510559 0.0950532 3.83897e-06 0.0741948 0.0667239 0.000220699 0.0966047 1.44617e-05 0.0519128 0.00452723 0.000392313 0.00287025 0.0576391 0.00105927 0.0330643 0.0142196 0.00276179 0.115691 0.0808709 0.00573872 0.000223014 0.000265371 1.48036e-05 0.0714207 0.00335841 
0.000429619 4.09818e-08 0.00114907 0.00559867 0.101088 0.00284306 1.37824e-06 0.00795728 0.0969161 3.37661e-06 0.0516035 1.31781e-05 0.180917 0.000387282 0.000144631 0.000666176 0.0123363 1.58836e-06 0.000242523 0.0185942 0.00191284 0.513167 0.000168988 0.000530544 0.000370086 0.000370881 8.48933e-06 0.00209287 0.000485054 
0.0126247 0.00116936 0.00407816 0.0646873 0.00368664 0.0780674 2.18382e-08 0.022725 0.142815 0.00016703 0.141 1.57047e-08 0.00295651 0.00235312 0.00172067 0.0019618 0.0182287 0.000208823 0.0126396 0.154081 0.0689885 0.205673 0.0139383 0.000715764 2.88549e-07 0.000488214 2.28715e-08 0.0354875 0.00953756 
0.0608419 6.2774e-07 0.0222477 0.0197736 0.0240794 0.108966 0.000136895 0.00246571 0.0403389 1.08033e-05 0.0128506 5.204e-05 0.0135621 0.0173761 0.0135547 0.00011652 0.118738 9.15765e-05 0.0103257 0.0134493 0.0792298 0.424339 0.0112978 0.000637771 9.47158e-09 1.27498e-05 0.00465739 0.000534678 0.000312491 
0.0523498 0.000654613 0.00526428 0.0428624 0.0203316 0.116438 7.81262e-08 0.00450054 0.0343601 5.50171e-06 0.0190014 0.00638826 0.0022664 0.0598562 0.00262687 0.0460714 0.0098824 0.00701918 0.0117149 0.0133823 0.0159242 0.245337 0.189726 0.000318685 3.36832e-09 0.0559399 0.000187501 0.00546575 0.0321253 
0.0110188 1.3262e-06 0.000159734 0.00400215 0.000542006 0.00154505 0.00244204 0.138208 0.0113448 2.33864e-05 0.000451472 3.94577e-06 0.0159734 0.00220267 3.32922e-06 0.000140853 0.000250289 0.000187838 0.00057572 0.00263453 0.00308725 0.776909 0.0279238 0.000124306 1.0285e-08 9.44481e-07 1.26418e-07 0.000183833 5.96588e-05 
0.119564 0.000992329 0.00922543 0.0248844 0.0540333 0.0424936 0.000185239 0.0104662 0.0318832 0.000380195 0.119533 0.0087263 0.012202 0.0138129 0.00110725 0.0113956 0.0181327 0.00408174 0.00475524 0.0128011 0.0525472 0.259043 0.0422234 0.0139726 0.00177486 0.000222689 0.00678791 0.0103987 0.112374 
0.0390445 1.51467e-07 0.000110136 0.155534 0.0191901 0.014684 6.31432e-08 0.0325364 0.0162114 5.09781e-07 0.00982184 0.000400103 0.00532382 0.000897279 5.23367e-06 0.000450391 0.000925635 0.000401921 0.0156362 0.000972272 0.00232248 0.674455 0.0109513 2.71258e-05 3.57978e-07 8.39096e-06 1.5005e-09 8.86201e-05 1.51654e-06 
0.0822778 1.2796e-06 0.0053727 0.0267783 0.0525226 0.0072835 5.08899e-08 0.0217101 0.019948 4.82934e-05 0.0223235 0.00182855 0.0315784 0.0076693 1.25976e-05 0.00127838 0.0166125 0.000446962 0.0813496 0.0137584 0.0964865 0.493809 0.0121612 1.23761e-05 2.61954e-05 4.30979e-05 2.2095e-05 0.000813457 0.00382535 
0.0159019 0.00704061 0.00684733 0.00880604 0.026187 0.174786 8.47173e-05 0.00100866 0.162277 3.55747e-05 0.0214559 8.71656e-07 0.0354738 0.0476236 0.00140534 0.00535773 0.00881417 0.000162879 0.0971272 0.104308 0.00537875 0.23911 0.0253169 0.00129964 7.23538e-07 0.00108635 0.000116847 0.00118284 0.00180483 
0.103801 7.65088e-06 0.00017873 0.000469428 0.00466931 0.0250344 1.64963e-07 0.0596874 0.0168243 8.03708e-07 0.256132 9.2769e-07 0.0295958 0.00606447 1.35632e-05 0.000863969 0.0790241 0.000998157 0.0114192 0.0886361 0.00301798 0.303076 0.000645293 1.8998e-07 3.00781e-07 5.85535e-07 0.00866167 0.00082013 0.000356258 
0.0491989 1.60307e-06 0.0261908 0.085149 0.0108915 0.197015 5.51931e-05 0.000378847 0.0349038 0.0139911 0.0226861 0.0246171 0.00455873 0.00168705 0.0166798 0.0165064 0.00687252 0.000175933 0.00292212 0.0374124 0.041067 0.345777 0.048346 0.00113649 6.11526e-07 0.000131565 0.000850551 0.00397086 0.00682597 
0.001298 4.4872e-05 0.00134857 0.000355532 0.0770273 0.0215996 3.56047e-05 1.64424e-05 0.0470999 9.75203e-05 0.00334346 0.00114151 0.00750131 0.31595 7.6551e-05 0.00412375 0.092556 5.26887e-05 0.00169413 0.00137813 0.0176872 0.385961 0.00741468 0.000130731 7.69662e-08 4.92507e-07 0.00642192 0.00526833 0.00037444 
0.0216116 9.16904e-07 0.000538033 0.077296 0.0347202 0.0462378 9.89391e-06 0.0501109 0.0140116 7.16293e-05 0.154499 0.000209487 0.00489019 0.000299712 0.00010828 0.000240123 0.0376311 0.00138169 0.000739149 0.0618101 0.0179955 0.452092 0.00228666 0.0008181 6.73359e-05 7.43887e-05 0.00317803 0.000762139 0.0163084 
0.0228636 2.05435e-11 0.0120764 0.00248094 0.020645 0.0182592 2.33258e-06 0.000133245 0.00264578 8.51179e-07 0.0413074 5.5717e-09 0.0078712 0.00384483 0.000132924 1.33346e-07 0.00427768 2.89793e-05 0.00117528 0.00793632 0.238823 0.609405 0.00316066 0.00285384 2.19641e-11 2.09574e-08 1.81384e-05 5.6504e-05 4.72851e-08 
0.0553984 9.61127e-06 0.000206032 0.0300932 0.04639 0.0802247 2.50321e-06 0.00273045 0.046172 5.34304e-06 0.0414304 2.25835e-06 0.00208019 0.0574429 0.000139894 2.56909e-05 0.00358301 0.000422389 0.0216632 0.0195132 1.32295e-05 0.510845 0.00921914 0.0001248 2.55134e-07 0.0610508 0.000603918 0.00727838 0.00332898 
0.00202066 2.1286e-06 2.48518e-07 0.229408 0.00234844 1.63702e-09 2.52829e-06 0.073072 0.0252479 3.31822e-08 0.124312 3.18133e-05 0.0421556 0.00197263 2.75505e-06 8.40505e-05 0.000787601 0.000434297 1.1486e-06 0.00461967 0.0277951 0.246755 0.00130994 9.78189e-07 0.215142 5.52299e-06 1.23719e-06 0.00248631 1.27763e-08 
0.0406127 0.000469809 0.00140816 0.0603421 0.0224428 0.0282653 8.17125e-06 0.00362596 0.042198 1.09831e-05 0.0136639 0.00243299 0.111388 0.00145323 0.000598892 0.0102968 0.0129265 0.00145284 0.113342 0.00569892 0.000405806 0.362371 0.157671 0.00094667 5.06073e-09 3.03287e-05 0.00222876 0.00257493 0.00113315 
0.0899633 3.29876e-07 0.000446557 0.0061275 0.0129123 0.0495974 1.05444e-05 1.31832e-05 0.0808462 5.77333e-08 0.126759 4.50479e-08 0.00472821 0.00083607 7.06828e-07 2.12906e-06 0.0550056 0.000144278 0.000450606 0.00988338 0.00260666 0.558943 0.000714864 5.06617e-07 2.42505e-09 2.88291e-09 1.29369e-06 1.40399e-06 5.45517e-06 
0.0972796 9.69323e-07 7.78049e-05 0.0084373 0.0267129 0.00926863 3.53337e-05 0.0245109 0.0130554 3.89655e-08 0.0445285 2.84646e-05 0.0203247 0.010892 2.1892e-06 1.20783e-08 7.23691e-07 0.00356689 0.0500844 0.026137 0.0041457 0.651772 0.00634839 1.63088e-08 3.32364e-08 1.19646e-05 5.44955e-09 0.00277583 2.16483e-06 
0.0491989 1.60307e-06 0.0261908 0.085149 0.0108915 0.197015 5.51931e-05 0.000378847 0.0349038 0.0139911 0.0226861 0.0246171 0.00455873 0.00168705 0.0166798 0.0165064 0.00687252 0.000175933 0.00292212 0.0374124 0.041067 0.345777 0.048346 0.00113649 6.11526e-07 0.000131565 0.000850551 0.00397086 0.00682597 
0.0518894 0.0435761 0.00217553 0.0308044 0.124312 0.0622016 4.20304e-05 0.0111899 0.0447672 0.000118789 0.041874 0.000429834 0.0321067 0.0154068 0.000408919 0.00179131 0.0209862 0.00783702 0.00801471 0.0139927 0.00359435 0.249396 0.102808 0.104639 0.000566275 0.000363841 0.00394843 0.00097698 0.0197824 
0.0291065 9.36675e-08 0.000551288 0.015936 0.0058472 0.00316293 2.42454e-07 0.124341 0.277482 2.75929e-05 0.0813629 1.08766e-05 0.0354846 0.00396785 7.61768e-05 5.88089e-06 0.0802471 0.00984762 0.0115003 0.00533607 0.0073348 0.303194 0.000921442 7.6635e-08 1.1428e-05 2.62876e-06 4.24198e-06 0.00423748 2.21222e-10 
0.00348812 1.76181e-06 0.00617466 0.0148352 0.0213201 0.0130394 1.24466e-06 0.0718821 0.0642716 0.000115989 0.0393608 5.73184e-06 0.00365724 0.00866636 6.18002e-05 0.00972754 0.00295195 0.000721893 0.0048888 0.0247918 0.0118033 0.631452 0.0578244 0.00557525 7.17684e-07 6.21278e-05 4.30596e-05 0.000847633 0.00242763 
0.0703624 7.08039e-08 7.87983e-05 0.181597 0.153278 0.0197508 2.80653e-05 0.00719618 0.00911884 0.000881333 0.0152014 0.00216913 0.0041491 0.00106319 0.000941758 0.00136657 0.00454082 0.000964597 0.0280323 0.192346 7.65821e-08 0.212741 0.0671701 0.0080246 4.73634e-06 1.62975e-07 0.0187884 0.000204434 3.71093e-07 
0.0295419 7.11345e-06 2.7431e-06 0.0661178 0.00221466 0.0196819 8.75098e-08 0.267955 0.0022091 1.40749e-07 0.0738371 2.19054e-06 0.0049867 0.0086939 1.49426e-05 1.03784e-06 0.00518559 0.00891059 0.00059458 0.00110304 0.00932431 0.49839 0.00103658 8.61168e-05 3.9516e-05 1.42722e-07 4.59515e-06 3.67494e-05 2.25114e-05 
0.118364 1.993e-08 0.000213679 0.0191236 0.0180802 0.0110777 7.43288e-11 0.0122043 0.0546771 2.2776e-06 0.0195405 0.000485284 0.327214 0.00124848 9.25258e-05 0.00124173 0.0129885 0.000468018 0.00432877 0.0101123 0.00088625 0.337108 0.00395369 0.000934673 1.01972e-10 3.99644e-05 1.50137e-08 0.0016489 0.0439654 
0.0925736 1.78958e-06 3.19295e-06 0.140145 1.10572e-07 0.0489043 5.92153e-07 2.38208e-07 4.75337e-05 0.00196641 2.19443e-05 8.43374e-07 0.000318365 0.000725571 4.09137e-07 2.95222e-07 1.08365e-07 0.0350681 0.017541 0.0384836 1.74108e-07 0.623674 7.74384e-08 0.000381023 8.12377e-07 9.6576e-07 1.332e-07 7.63168e-05 6.34827e-05 
0.139671 0.000254091 0.00138314 0.0224534 0.0784744 0.0923916 1.90119e-05 0.057452 0.0421562 0.00592383 0.0300277 0.000118957 0.0102677 0.0187816 0.00102614 0.00101616 0.0803943 0.00178931 0.00389077 0.0111998 0.00850729 0.356099 0.0254653 0.00215899 2.64907e-10 5.92976e-05 0.000112801 0.00472054 0.00418596 
0.001602 0.00175734 0.00365313 0.00573376 0.112911 0.0190031 3.2323e-05 0.00133339 0.131742 1.67193e-05 0.154837 5.83174e-06 0.00690666 0.0600835 0.00137084 0.00443722 0.035827 0.00340695 9.35291e-05 0.0890537 0.0597486 0.227798 0.068002 0.0038294 3.41375e-07 0.00194301 4.36776e-05 0.00481044 1.76844e-05 
0.149994 0.000269429 0.00515028 0.0694156 0.0200292 0.0589788 0.0154334 0.00321898 0.0700419 9.96485e-06 0.0676 1.71839e-06 0.0199299 0.00615983 2.84636e-05 0.00155026 0.0366029 0.00181337 0.00154627 0.00766657 0.0631167 0.329651 0.0260587 0.00204635 0.0386106 2.70692e-06 0.000173984 0.00442528 0.000473286 
0.0212727 0.00153767 0.00307839 0.0282132 0.194259 0.0350003 5.28427e-05 0.0428393 0.0553389 2.12317e-05 0.0855029 5.73865e-05 0.0212766 0.00962931 0.00359074 0.00293259 0.0551909 0.00238828 0.0230383 0.0522229 0.0343175 0.261522 0.0142142 0.000244746 1.85791e-05 0.00223604 1.99794e-05 0.00131088 0.0486726 
0.0326729 9.37427e-06 0.000312762 0.0392637 0.00515403 0.0190457 1.31196e-06 0.0110553 0.224111 0.000536822 0.0118693 0.00274074 0.0188731 0.00623955 0.00074139 0.0010234 0.278343 0.00772261 0.00889508 0.000248667 7.0352e-07 0.293274 0.0334013 0.000415914 7.33088e-06 6.63248e-05 1.14078e-05 0.00381324 0.000150871 
0.0165365 0.000529047 0.00849307 0.0273931 0.0942573 0.111136 0.000179398 0.0474328 0.0376603 0.000649324 0.0735903 0.00388363 0.0113423 0.0203959 0.00123708 0.010815 0.0173041 0.00553062 0.00928343 0.14069 0.0459093 0.212956 0.0294711 0.00123782 0.00229837 0.00231258 1.44094e-05 0.025509 0.0419525 
0.00592423 0.000205528 0.00637471 0.0237535 0.00933479 0.00125331 3.22521e-05 0.176675 0.0596511 2.23618e-06 0.00968561 0.0310271 0.00734436 0.0312092 0.000305493 3.59189e-05 0.0299065 4.47739e-06 0.00462967 0.00140937 0.00142483 0.544136 0.00405542 0.000425511 0.0353106 0.00325284 0.00656852 0.00590483 0.000156817 
0.00329836 2.96337e-07 0.00024598 0.0203806 0.0451812 0.0236933 2.30941e-07 0.0329152 0.000398423 3.71441e-07 0.131146 0.000303423 0.000328282 0.0262607 0.00066755 0.000198399 0.00082379 8.92051e-05 0.000335669 0.0185333 0.0088817 0.597261 0.000518986 0.0693908 3.16828e-07 3.76648e-07 0.000986547 0.00137192 0.0167879 
0.0346367 6.56442e-05 0.00731796 0.0479207 0.00729007 0.126166 1.30563e-05 0.0125071 0.043398 9.56771e-05 0.0647643 1.0638e-05 0.000966568 0.0038187 0.00321683 0.00256363 0.014071 0.00136851 0.0068505 0.171485 0.158832 0.191423 0.097714 0.000651341 1.10466e-07 0.000753596 0.000658682 0.000587033 0.000852923 
0.00242043 1.24008e-06 0.000575379 0.00405701 1.80457e-07 0.00374989 9.66414e-07 0.00715362 0.00149041 0.000312427 0.00348075 1.37641e-06 0.00362729 0.0110136 0.00140289 4.81811e-07 0.0061901 5.1263e-07 0.0136477 0.00985339 0.00903626 0.919136 0.00284372 6.50568e-07 1.32583e-06 1.57615e-06 2.17386e-07 3.2277e-07 5.98484e-07 
0.00933102 0.000146557 0.00132089 0.0126244 0.122906 0.0572984 0.00423587 0.00145028 0.00640851 0.000180144 0.133028 0.000107534 0.00340156 0.0429409 0.00014853 0.00135516 0.0734679 0.000872122 0.00620159 0.075253 0.00869267 0.365108 0.0309534 0.00324128 1.94129e-06 1.7562e-05 0.0109615 0.000217925 0.0281276 
0.0758561 3.65449e-06 0.00532629 0.0750027 0.0117168 0.0204212 7.57491e-05 0.001874 0.019525 8.84287e-07 0.0161857 0.000361292 0.039227 0.00334333 7.62159e-05 0.000259669 0.0254865 0.00207616 0.0104186 0.00126991 0.00160858 0.662341 0.0131215 0.000137229 1.44043e-06 0.000154646 0.000816322 0.000740042 0.0125728 
