0.115162 1.82504e-05 0.00553449 0.123715 0.102995 0.121886 1.90279e-05 0.0269378 0.00991669 0.000128234 0.0477759 0.000400937 0.00382496 0.111916 0.00206675 0.000876273 0.0553071 0.000165826 0.00632214 0.0113676 0.0152732 0.0195143 0.182326 0.000281945 1.01507e-08 1.50571e-06 2.88171e-05 0.00125091 0.0349879 
0.09182 0.00105601 0.00742848 0.136263 0.00307818 0.215046 6.76558e-08 0.00521921 0.00915451 0.000118583 0.0334812 0.00113283 0.00692701 0.0107989 0.000333298 0.0527619 0.0237676 0.00266168 0.00679023 0.0746673 0.00540422 0.00949209 0.299549 8.01478e-05 1.62542e-06 7.58716e-07 0.000683463 0.00201667 0.000266584 
0.0320196 4.8778e-05 0.0111737 0.0256413 0.017318 0.103274 0.000802279 0.00238762 0.0855551 7.44246e-05 0.130616 0.000301747 0.00433572 0.0248607 0.000199978 0.0132997 0.0195854 0.0100336 0.0026036 0.00695931 0.10879 0.0147821 0.274802 0.00134391 4.82714e-07 1.07893e-07 0.0207367 0.0884482 5.94931e-06 
0.00821986 1.11513e-06 0.00606903 0.010534 0.00195702 0.0550195 0.0259173 0.000193669 0.00666911 9.08589e-06 0.00181663 0.000928972 0.00557972 0.00380704 0.00033476 0.000587985 0.00166945 0.000247578 0.00664181 0.000778841 0.0109117 0.0198752 0.82948 0.000177524 8.121e-12 0.000116082 1.18286e-05 0.000747255 0.00169815 
0.0102138 0.000763488 8.15438e-05 0.0632537 0.0013671 0.144311 9.64659e-05 0.000177427 0.00201287 2.24627e-05 0.00064757 2.47625e-06 0.000901371 0.0125722 0.000168236 1.07281e-05 0.00873984 0.000659604 0.0117265 0.00147927 0.00391 0.00465234 0.731724 1.11643e-05 5.38865e-08 0.000297083 1.53187e-05 0.000182142 3.6242e-08 
0.18461 0.000204376 0.00807863 0.0317579 0.0482811 0.0805314 0.000155463 0.00306876 0.0353673 0.000177645 0.0538559 0.00290384 0.00368442 0.00913698 0.0111876 0.0614502 0.0108619 0.000958118 0.00586752 0.0501577 0.00640033 0.0488077 0.198041 0.109329 7.29571e-07 0.00399554 0.0132776 0.0022232 0.0156286 
0.037755 0.00059551 0.0303204 0.0562066 0.0527205 0.215747 0.000643197 0.011663 0.0388083 0.00010988 0.0778876 0.000312524 0.0147358 0.0106852 0.00385391 0.00336494 0.0212987 0.00897073 0.00963252 0.0406683 0.0644807 0.0160233 0.238034 0.0115388 0.000376149 0.000480135 0.00305835 0.0131362 0.0168925 
0.0672395 0.00613343 5.13169e-05 0.00202877 0.00148012 0.00835139 3.10778e-10 3.80525e-07 0.0136734 0.000158155 0.00496724 4.58931e-07 9.19012e-06 0.171866 0.0291525 0.244442 0.011833 0.000219931 0.00138983 0.0129677 0.00128805 0.00955508 0.396619 0.0151776 4.26357e-10 0.000368622 0.000276697 0.000698365 5.22131e-05 
0.0731355 0.000342478 0.010127 0.207295 0.0141534 0.171802 6.86376e-05 0.0121147 0.0251308 0.000112486 0.059619 0.000154191 0.00500874 0.00807882 0.000152675 0.00434772 0.0259886 0.0110276 0.0110946 0.0217886 0.0730792 0.0155212 0.238032 0.00128823 0.000581071 7.64521e-05 0.000703045 0.00615346 0.00302362 
0.0562365 3.90224e-05 0.00207899 0.0978451 0.0441247 0.114445 5.22314e-05 0.0145643 0.0403408 0.00051272 0.011437 0.00319058 0.0280031 0.0567031 0.000243973 0.00578138 0.135225 0.00501123 0.00683602 0.0577136 0.0233092 0.0575564 0.228604 0.00174561 3.48698e-05 0.00103879 0.00197864 0.00244811 0.0028998 
0.0214718 0.000688141 7.17715e-05 0.00362097 0.00290122 0.0591512 0.00155442 0.00206528 0.00175976 2.29697e-06 0.0017038 5.11345e-05 0.000505592 0.0073164 0.000708748 0.00010431 0.002111 0.000827827 0.00416209 0.00203381 0.00636151 0.00315884 0.876738 0.000120596 3.84889e-11 0.000310967 2.88346e-05 0.000469687 1.06687e-07 
0.0570024 0.00368596 0.0242116 0.0425364 0.0140713 0.180577 1.99381e-06 0.00319608 0.0481588 0.000264923 0.115309 0.0260652 0.0117542 0.0361557 9.88371e-06 0.0422303 0.0732626 0.0244048 0.000675727 0.00952563 0.065907 0.0117866 0.208402 0.000443952 6.3772e-07 0.000216927 2.99911e-07 0.000138966 4.12526e-06 
0.0069117 0.00128834 0.0017636 0.00678402 0.0025233 0.131558 0.000577799 0.000658196 0.0336579 0.000839548 0.01056 2.41466e-06 0.00253918 0.181612 0.000548441 0.00182908 0.0279354 0.00642637 0.00391168 0.00409224 0.0166983 0.00448075 0.548785 7.949e-05 5.53053e-10 0.000144092 0.000118574 0.00328935 0.000385598 
0.0265321 0.00177095 0.00299066 0.0137431 0.00871011 0.280243 0.000427217 0.0043999 0.00543578 0.0016392 0.001352 4.78849e-06 0.00832798 0.100616 0.000507615 0.0111332 0.00851896 0.00228951 0.0126734 0.0120171 0.00637725 0.00162039 0.442104 0.000129413 1.99978e-06 0.0457492 0.000532187 0.000126992 2.61393e-05 
0.0389919 4.1758e-06 0.000394794 0.0392207 0.024909 0.0090346 0.00032346 0.0580827 0.00867349 1.76731e-08 0.153197 0.00034983 0.000736983 0.00290651 0.00134598 0.000360089 0.00222141 0.029739 0.00114357 0.00254124 0.128253 0.0132836 0.482445 0.000239107 0.00036471 0.000196949 1.53931e-05 0.00102549 8.1906e-12 
0.0251481 1.26974e-07 0.00939563 0.002821 0.00567211 0.0869595 4.04203e-06 0.000337821 0.0153751 3.82058e-05 0.00247932 4.9636e-05 0.000480763 0.00159419 0.0258598 0.0195324 0.000496904 0.000353364 0.00238589 0.159058 0.023449 0.000588239 0.524765 0.00217862 3.43122e-07 0.00121094 0.0864618 0.000376095 0.00292787 
0.0194751 0.00011888 0.0482921 0.00369641 0.0351272 0.00874674 3.59392e-06 0.00269279 0.217485 0.00123368 0.00334035 2.23062e-06 0.00194383 0.0284548 0.00404955 0.116975 0.00412734 0.00568733 0.0200583 0.163241 0.00638354 0.00598738 0.292766 4.58607e-05 1.84302e-10 0.00125685 4.73322e-05 0.00675342 0.00200776 
0.0661197 0.00440913 0.0503067 0.0309012 0.0167568 0.141236 2.34734e-05 0.00307707 0.063298 2.54854e-05 0.0107402 0.00992346 0.0062715 0.0359761 0.00054394 0.0198111 0.0136614 0.000335261 0.00262836 0.00700161 0.00951985 0.0767411 0.412905 0.00234074 0.00048253 8.80367e-06 0.00509552 0.0034789 0.00638089 
0.063133 1.43352e-05 0.000274445 0.0684802 0.0203825 0.16093 1.45269e-06 0.0146546 0.00571499 0.000104909 0.0207605 7.85537e-06 0.000190553 0.00948372 8.49457e-05 0.000383611 0.00530001 0.00848762 0.0499129 0.00779672 0.00254811 0.0103573 0.550474 2.77131e-05 1.28679e-09 0.000278004 6.47357e-06 0.000171316 3.78889e-05 
0.032453 1.47925e-05 0.0286119 0.00999138 0.0200966 0.192717 0.00013297 0.000235482 0.0408322 0.0015273 0.0160717 0.000734937 0.00652277 0.212468 0.00209744 0.00857178 0.0460904 0.000548707 0.0304397 0.0161283 0.0126683 0.0563449 0.240921 0.00269738 6.12085e-09 0.00282745 0.000324255 0.0134529 0.0044777 
0.00519152 0.000992288 0.0532472 0.00937336 0.00172284 0.0140574 6.89405e-06 0.00785554 3.4834e-05 0.000886972 0.00586878 3.25519e-05 3.77156e-05 0.21458 0.0288511 7.7633e-05 0.00157772 0.000904424 0.00616976 0.0016183 0.000254794 0.114666 0.531764 8.06772e-07 8.01193e-07 0.000187688 2.44503e-05 1.29061e-05 2.40371e-06 
0.0144459 6.93186e-08 4.40865e-05 0.0106894 0.0158138 0.267978 1.23441e-08 9.28319e-08 0.186001 4.60956e-07 0.0129656 3.79045e-07 0.00819722 0.0585163 0.000115207 0.00406993 0.099049 0.000656984 7.68448e-08 0.00332158 0.00543195 0.0303781 0.271229 0.00717414 7.92716e-11 2.33873e-07 6.16187e-05 0.00385961 4.99285e-08 
0.0737654 2.96491e-05 0.000564051 0.130757 0.000685652 0.0471004 8.02406e-05 0.00191958 0.00957549 0.000314969 0.00035985 1.05918e-06 0.00310327 0.00937992 0.00492836 0.00463084 0.00187925 0.00129632 0.0203009 0.0351497 0.00010678 0.0107003 0.640057 9.33526e-05 7.67701e-09 0.000124372 0.00282313 0.000180842 9.19752e-05 
0.101531 3.57566e-07 0.000178622 0.205208 0.0136364 0.0354461 3.84225e-07 0.210315 0.00191483 1.61168e-05 0.0745793 3.8535e-06 0.000158443 0.000146591 1.73234e-05 0.000232784 0.000901309 0.0162709 0.0128165 0.0605019 0.00709534 0.0131343 0.24393 1.87639e-08 1.94401e-10 1.79158e-05 0.00190604 8.32891e-08 4.04618e-05 
0.0533833 0.00615412 0.012843 0.013863 0.177543 0.118848 0.00161199 0.0121711 0.0413467 0.000386028 0.121017 0.0031666 0.0035538 0.0432328 0.0010651 0.00791897 0.0238282 0.00901945 0.00227476 0.0730904 0.0387745 0.0130938 0.189736 0.00735533 7.60127e-06 0.00200164 0.00201369 0.0124171 0.00828179 
0.045383 0.000118902 0.0059875 0.0540216 0.0272677 0.279057 7.34376e-05 0.0149527 0.0112027 0.000661383 0.0705018 0.00013576 0.0013458 0.0168639 0.00238368 0.00408673 0.018135 0.00756986 0.00822905 0.022679 0.0295903 0.00818031 0.357282 0.000926191 6.20931e-05 0.000370194 0.00707409 0.00108709 0.00477064 
0.0305009 0.000638448 0.0155078 0.0282353 0.0610052 0.099867 0.000152295 0.0134388 0.0326524 0.000630951 0.0944782 0.000647432 0.00424738 0.032553 0.0278854 0.0189976 0.0397754 0.0093552 0.00475274 0.0593762 0.104547 0.019494 0.213434 0.0674744 0.000134047 0.000538928 0.00233792 0.00506001 0.0122824 
0.0320942 1.44869e-05 0.0109647 0.010848 0.00925344 0.350938 3.48713e-05 0.00960975 0.00155857 8.97192e-06 0.0224712 0.00174173 1.86475e-05 0.00100935 5.51344e-05 0.00356799 0.00205292 0.00131297 5.80294e-05 0.0107237 0.0102334 0.00386229 0.513065 0.00028029 2.34229e-12 3.72102e-07 0.00245215 0.0001679 0.00160165 
0.177751 0.00114661 0.0250779 0.00921623 0.0127861 0.143164 0.000133306 0.00506549 0.0187982 0.000450551 0.00493278 0.00119143 0.00738308 0.0138421 0.000931635 0.0304486 0.00847386 0.00156501 0.0121486 0.0215187 0.00319581 0.0049887 0.45404 0.000953452 4.59317e-06 2.77435e-05 0.0347583 0.000994749 0.00501181 
0.0960179 0.0448659 0.000447638 0.00204521 0.00516664 0.0151136 0.000558526 0.0267678 0.0008497 5.70289e-05 0.0192856 2.82101e-05 3.87821e-05 0.0215094 0.000124493 0.0421411 0.00427477 0.00763051 0.000243402 0.00428178 0.0149526 0.00379637 0.680233 2.22901e-05 7.44757e-07 3.20925e-06 0.00952386 1.76229e-05 2.35012e-06 
0.0427697 7.01897e-05 0.000236174 0.0419527 0.00404066 0.158407 3.93254e-07 0.00846081 0.000413802 4.26512e-05 0.00679815 3.00971e-05 0.000222409 0.00107974 9.36189e-05 0.00110919 0.00070264 0.00101849 0.0141341 0.00561693 0.00416057 0.0101792 0.696794 3.31481e-05 6.17239e-09 7.88684e-05 0.00137387 1.64604e-05 0.000163824 
0.0104875 1.06149e-08 0.0114406 0.0290446 0.0459063 0.117032 0.00454501 0.00511002 0.0310238 0.00115249 0.00874029 0.000274224 0.00674678 0.0384346 0.00162268 0.000659076 0.0235165 0.00352216 0.010369 0.0169145 0.00518528 0.0311917 0.571286 0.00402757 3.4538e-06 0.00402953 0.000104525 0.00654612 0.0110839 
0.0190806 9.33814e-06 0.0130627 0.0126465 0.00522589 0.317073 4.24829e-08 7.21402e-05 0.0171849 1.88086e-05 0.0338527 4.44616e-06 0.0003624 0.00597933 0.000703508 0.00100765 0.0159918 0.000192115 0.00245104 0.032838 0.0114864 0.00330362 0.495311 5.43015e-06 2.39003e-11 2.84128e-11 8.0687e-06 0.00220269 0.00992585 
0.137778 9.75168e-05 0.00585617 0.0655242 0.00882902 0.278493 4.54662e-05 0.0117443 0.0133817 6.76682e-05 0.0259207 0.00235973 0.000837677 0.0134859 0.000870158 0.0169486 0.0156609 0.00149733 0.0018341 0.0201406 0.00610402 0.00348119 0.343738 0.008569 1.28275e-06 2.85514e-05 0.0140272 0.000264926 0.00241385 
0.0325407 0.00295367 0.000887298 0.0108821 0.0050103 0.101904 2.05704e-05 0.000244994 0.00285377 5.29403e-06 0.00478542 0.000993047 0.00313159 0.00386245 0.000616005 0.00123912 0.001034 2.90328e-05 0.0193304 0.00238198 0.000395059 0.0404713 0.762827 0.000174615 1.15582e-12 0.000893112 2.07741e-05 0.000331152 0.00018119 
0.0904134 0.00107162 0.00197856 0.0162652 0.0172343 0.175045 1.69681e-05 0.00514691 0.00371444 0.000319357 0.0245966 0.000505562 0.000175425 0.00547935 0.000262734 0.154701 0.00720035 0.00412962 0.0155696 0.0549393 0.00852821 0.0155115 0.363921 0.00217263 1.22884e-07 0.000148046 0.0080058 0.00110742 0.0218401 
0.0662406 0.0385566 0.00163742 0.008574 0.0127378 0.176901 0.000180441 0.00128508 0.0289432 0.000100672 0.0137672 2.85842e-05 0.00134132 0.0264184 0.000984906 0.00528924 0.0156686 0.000845593 0.0184964 0.00212498 0.162219 0.0161281 0.386551 0.000212436 3.33e-07 0.000179342 5.80209e-05 0.0138001 0.000730279 
0.0891422 0.0055728 0.000327454 0.00393458 0.0369631 0.0978153 1.05958e-08 0.000358001 0.0146772 0.00608252 0.0033151 1.25296e-08 0.000636205 0.127147 1.8688e-05 0.108719 0.0524588 0.00118384 0.00157422 0.000650552 0.000329856 0.00414498 0.442326 3.03316e-12 6.18142e-12 1.50747e-08 0.000511581 0.00134131 0.000769743 
0.0181763 5.51664e-08 0.0864882 0.0337402 0.0151046 0.225336 0.000325659 5.52314e-08 0.0520166 0.000556994 0.00351947 0.000700537 0.0226644 0.0905128 0.00668047 0.00965324 0.0248116 0.00785259 0.00895862 0.00866802 0.0491187 0.017163 0.247194 0.00211465 5.51599e-08 0.000121365 0.00370694 0.0084788 0.0563362 
0.125915 0.00336478 0.000529221 0.0151713 0.019515 0.243779 5.68923e-09 0.0174385 0.0143432 0.000107914 0.0112647 0.000252209 1.56017e-05 0.00116745 0.0227472 0.00152922 0.00165725 0.000557187 0.00448514 0.0515574 0.00162484 0.00490016 0.441256 2.12935e-12 4.33951e-12 5.15885e-12 0.0168127 1.14403e-08 8.86826e-06 
0.0421966 5.53875e-05 0.034628 0.179301 0.0110825 0.112293 0.00173909 0.0174627 0.0352063 0.000346049 0.00636909 0.00355379 0.000931146 0.00541815 0.00136888 0.00552303 0.00794157 0.00212316 0.0458435 0.0320715 0.0362763 0.00991139 0.379142 0.0115102 1.49843e-11 0.00152257 0.00571319 0.0102864 0.000183381 
0.0385761 0.0252749 0.00330781 0.0296123 0.000144618 0.00118462 3.23654e-07 0.0129449 0.00861945 5.61151e-05 0.00547798 0.00335471 1.38482e-08 0.0102139 7.63057e-05 0.244562 0.0266936 0.00318751 0.000634589 4.1229e-05 0.000612619 0.0195628 0.565059 2.44649e-05 1.61111e-08 1.77629e-05 0.000611493 0.000134161 1.37633e-05 
0.0117368 0.000137546 6.79648e-05 0.0534544 0.00206708 0.0570478 0.00315622 0.0147897 0.0324211 3.34414e-07 0.00749698 8.96005e-05 0.000328669 0.016807 0.259027 1.42725e-07 0.0643201 0.00573118 0.00995014 0.00516622 0.0447405 0.0272822 0.384084 8.23575e-05 2.42162e-06 8.77033e-06 7.88172e-08 3.15897e-06 8.28473e-10 
0.024791 1.91232e-05 0.0275977 0.0102132 0.00691482 0.361755 5.04761e-06 0.0015543 0.0420194 9.46651e-05 0.00853704 6.79522e-05 0.00202713 0.0204205 0.000364272 0.00052909 0.00623091 0.000752585 0.00916008 0.00367172 0.00716111 0.00905185 0.453005 0.00012204 5.35871e-07 7.09357e-07 2.58375e-05 0.00314557 0.000761719 
0.0502676 2.38289e-07 0.0164982 0.0223096 0.0167058 0.199541 3.232e-07 0.0104221 0.0163804 0.000128227 0.166712 8.25578e-06 0.00306002 0.00164489 0.00180985 0.0131278 0.012171 0.0142266 0.0273013 0.180207 0.00608653 0.0168467 0.205031 0.000378584 4.6833e-05 0.00443935 0.0125608 0.000175012 0.00191271 
0.112378 0.00119281 0.00855335 0.0210862 0.058709 0.154774 6.44128e-09 0.0259544 0.0791745 6.60406e-05 0.0487319 0.00607584 0.00502458 0.00110001 0.0115066 0.00424283 0.0803379 0.00239267 0.00644284 0.035865 0.00344674 0.0590524 0.263348 5.58056e-05 6.54153e-12 7.77662e-12 0.00621575 0.0027532 0.00152014 
0.0278023 5.57072e-06 0.00366904 0.0232913 0.00738166 0.128461 0.000101628 0.00179915 0.0051419 4.60049e-05 0.0241188 0.000627792 0.000648507 0.0118316 0.00100583 0.00105272 0.00251936 0.00291877 0.00892515 0.0117004 0.0186891 0.0242547 0.687281 0.00130031 5.56127e-09 2.46261e-05 8.68927e-06 0.00422261 0.00117041 
0.0253772 0.00174215 0.0108544 0.0159419 0.0118362 0.02643 5.47934e-06 0.00517589 0.00103626 2.735e-05 0.000645749 2.2863e-05 3.04251e-05 0.0206167 0.0053643 0.00355027 0.00413485 0.00485409 0.00476183 0.00494406 0.000458669 0.00187868 0.832395 0.000233599 6.69995e-12 0.000366073 0.0172307 7.95828e-05 5.39352e-06 
0.1325 0.0243243 0.0466677 0.0517975 0.0238469 0.135242 4.54109e-05 0.00137817 0.0962709 0.00186896 0.0156554 0.000999478 0.0245645 0.0153143 0.00109069 0.0202294 0.0340233 0.00144315 0.0176871 0.00831063 0.000949261 0.0961965 0.226364 0.000210309 1.17675e-08 6.89358e-08 0.0123589 0.0101074 0.000552953 
0.00978774 3.26944e-06 5.15496e-05 0.00496251 0.00585909 0.000155338 0.00388355 0.00409452 0.012327 6.38939e-06 0.00812629 0.000441169 0.0066247 0.00451537 0.000205836 0.000514497 0.0229775 0.146191 8.32712e-05 0.120497 0.0601326 0.013114 0.531944 0.000187256 1.24375e-10 9.51122e-05 1.64999e-05 0.0394739 0.00373037 
0.125915 0.00336478 0.000529221 0.0151713 0.019515 0.243779 5.68923e-09 0.0174385 0.0143432 0.000107914 0.0112647 0.000252209 1.56017e-05 0.00116745 0.0227472 0.00152922 0.00165725 0.000557187 0.00448514 0.0515574 0.00162484 0.00490016 0.441256 2.12935e-12 4.33951e-12 5.15885e-12 0.0168127 1.14403e-08 8.86826e-06 
0.258741 0.000368724 0.00273591 0.0641354 0.0149817 0.129845 4.94928e-06 0.0156209 0.0109675 0.000542578 0.04148 0.000156285 0.00966085 0.00224535 4.56237e-05 0.0102499 0.0183352 0.00313028 0.0169102 0.0211397 0.00497815 0.0514584 0.301879 0.000115016 4.11242e-05 6.27988e-07 0.0190782 9.50444e-05 0.00105676 
0.0377775 0.00332008 0.0109556 0.0370732 0.0186055 0.123321 2.37859e-05 0.00714525 0.0212179 0.000155623 0.0194451 0.000326867 0.00855143 0.0185116 0.00113262 0.00523959 0.0100483 0.016809 0.0119078 0.0116247 0.0517422 0.0145741 0.555794 0.00425817 0.000145001 0.00396145 0.00206257 0.00337885 0.000891303 
0.106835 0.000673976 0.00116537 0.0855532 0.0246329 0.211849 5.29487e-06 0.0136048 0.0612469 9.00473e-05 0.0449826 0.000526861 0.00108474 0.00305482 0.0182643 0.000539563 0.00670474 0.000618449 0.00510604 0.0393114 0.00134565 0.00751022 0.354712 0.00182303 8.13183e-11 8.75058e-05 0.00593223 8.95968e-05 0.00264876 
0.0599637 2.01347e-05 0.00864537 0.0373522 0.0409704 0.170203 5.72149e-05 0.0218368 0.0315157 0.000746755 0.114183 0.00991001 0.00105683 0.00859767 0.0488336 0.00450899 0.0320938 0.00372771 0.00173909 0.0445719 0.113793 0.00523152 0.195166 0.00510319 1.10681e-05 0.000290371 0.00398937 0.00556869 0.0303128 
0.152412 0.0297164 0.0363332 0.0149093 0.0208312 0.0488579 0.000156559 0.0800697 0.0348587 5.86362e-06 0.0702403 0.0109362 0.00461968 0.00995472 0.00110479 0.0107442 0.016215 0.0225223 0.0033275 0.00939708 0.0234976 0.0647317 0.268123 0.00842421 0.0010289 1.93214e-05 0.00266383 0.0502686 0.00402988 
0.258461 0.000188023 0.00815212 0.00124045 0.0201334 0.0315591 1.48525e-11 0.00234632 0.0950474 0.00104563 6.89117e-08 6.04999e-05 0.000734346 0.0227837 0.0155273 0.103625 0.0168422 0.00140312 0.00289955 0.0604714 0.000999993 0.000105703 0.267319 0.000319585 1.28628e-09 0.00185 0.0775106 0.00900254 0.000372333 
0.0377134 9.00413e-05 0.00644422 0.0390323 0.037466 0.0871241 3.09455e-06 0.00337191 0.00532146 0.000499298 0.0381968 1.94505e-05 0.0150583 0.0449701 0.00077627 0.00196678 0.0343882 0.00558348 0.0209495 0.00926363 0.27173 0.0106179 0.322067 5.85723e-05 1.50354e-05 6.14706e-05 2.00445e-05 0.00708536 0.000106628 
0.327465 0.0151099 0.0103473 0.00960803 0.0131424 0.0282957 8.10403e-05 0.0025941 0.00935136 0.00182893 0.00541553 0.000177816 0.0176313 0.00998795 0.000474814 0.0209287 0.00762381 0.000826788 0.0131537 0.0230068 0.00809228 0.0332269 0.433949 0.000286119 4.48451e-08 1.1855e-05 0.00264676 0.000662488 0.00407419 
0.0240434 0.00569451 0.00200933 0.0253767 0.00627016 0.211277 5.43474e-07 0.000355049 0.0440973 5.69077e-05 0.0129125 0.000103838 0.0050744 0.010091 0.000190758 0.201288 0.0663385 4.52627e-05 0.00197626 0.0181366 0.0157383 0.0208215 0.325599 0.000565489 2.73833e-05 3.68664e-05 2.09821e-05 0.00165416 0.000198921 
0.016481 0.000716419 0.087333 0.0333405 0.00711784 0.127715 4.21958e-07 0.000206005 0.0173493 0.000107385 0.066585 1.58258e-05 0.00217941 0.146223 0.00048492 0.00140884 0.0941883 0.0501481 0.000801455 0.00227576 0.132025 0.00491888 0.174801 0.000162761 1.11942e-05 2.68019e-05 3.55544e-05 0.0310979 0.00224465 
0.0499339 0.000303453 0.00151723 0.0340608 0.0712947 0.272484 1.6281e-05 0.0105241 0.0180913 9.66787e-05 0.0256403 0.00701237 0.00356539 0.00902787 0.000162628 0.00717613 0.0224638 0.00224926 0.00782519 0.0260553 0.0283209 0.0207858 0.367863 0.00112007 9.09071e-06 2.87388e-05 0.00512034 0.00205328 0.00519745 
0.245683 0.000184209 0.0263494 0.00684996 0.00169752 0.0124222 3.07542e-10 0.00207601 0.0780253 0.00126554 0.00496349 8.32204e-05 0.00203669 0.0154122 0.0431096 0.0842685 0.0329696 0.00711235 0.00751449 0.0652052 0.000598414 0.0165937 0.340282 0.00101659 2.35076e-08 4.85993e-06 8.0733e-05 0.00292675 0.00126848 
0.0103852 0.000167911 0.0194818 0.0331382 0.0358449 0.178946 8.51556e-06 0.0232978 0.155239 2.14606e-05 0.0373053 0.000399408 0.0186929 0.0127442 0.000141858 0.000559847 0.0710698 0.00149104 0.000413465 0.0137385 0.0143488 0.0396983 0.327267 0.000547828 0.000187035 6.52118e-06 3.45885e-05 0.00299135 0.00183061 
0.0679239 1.72287e-11 0.000218424 0.0266893 0.049681 0.108421 4.74553e-05 0.0215526 0.00586361 0.000287287 0.0328158 0.000299768 0.00040991 0.0393513 0.0046558 0.00459766 0.0149805 0.0184769 0.000198191 0.00755053 0.0959024 0.0133318 0.455869 0.0276953 1.84201e-11 2.34772e-08 7.17296e-05 0.00251144 0.000597877 
0.0327608 0.00375876 8.89178e-05 0.02366 0.0156563 0.0917692 2.06484e-05 0.018686 0.0530393 1.86944e-06 0.00785055 9.03455e-07 0.10058 0.181255 0.000422435 0.000582634 0.0363934 0.000573372 0.00664191 0.00428619 0.0102922 0.0203493 0.388193 4.81435e-05 1.76807e-10 6.19784e-05 6.5037e-05 0.00295106 1.07093e-05 
0.0145771 0.00377215 0.0222217 0.00144219 0.00662301 0.011816 3.38322e-07 0.0570052 0.0171759 0.00073187 2.40102e-07 4.72813e-06 0.00142237 0.188869 0.00127301 0.00103668 0.0215195 0.00421145 0.00611978 0.00478257 0.00184719 0.100427 0.514767 0.00796448 1.02153e-07 0.000560418 9.17695e-05 0.00973643 1.64971e-07 
0.0402918 0.0040527 0.0372875 0.0229347 0.0188312 0.107077 2.35664e-05 0.00296749 0.0571526 0.000909337 0.0223078 0.0397881 0.000873783 0.0725178 0.00148725 0.0101491 0.0106295 0.0012028 0.0094372 0.00613602 0.0456824 0.081362 0.389717 0.00360182 0.000484196 0.000605445 0.00509633 0.00395227 0.0034407 
0.0509374 0.0151487 0.00749203 0.031751 0.00604696 0.0918496 6.43663e-05 0.00348428 0.0321058 0.000224897 0.0197204 0.000108543 0.00572725 0.0980754 0.00120563 0.0187299 0.101185 0.0077781 0.000379577 0.0145483 0.0176892 0.003573 0.467941 0.00288788 5.34194e-06 1.4073e-05 0.000452592 0.000585455 0.000288639 
0.0882451 0.00352259 0.0100016 0.00216755 0.0153994 0.00956277 3.30133e-05 0.0550665 0.00123052 1.87434e-05 0.00952745 0.000819485 0.000273113 0.00471278 0.000148034 0.00432056 0.00521611 0.00198713 1.30227e-05 0.00197793 0.00236903 0.0042588 0.73645 0.000264916 3.53505e-10 4.41039e-06 0.0419979 0.0003064 0.000105302 
0.00735143 0.000174985 4.35215e-05 0.00493356 0.0156317 0.0336183 3.18923e-07 0.00270218 0.000694693 0.000340977 0.000685166 0.0480143 4.38577e-05 0.00498513 1.87554e-05 0.029635 0.00516072 0.000825221 0.0105433 0.00161641 0.000949329 0.00401351 0.824296 0.000598638 1.13259e-07 2.02107e-06 1.47999e-06 3.01338e-05 0.00308939 
0.0766071 0.000128775 0.0130898 0.105202 0.0797054 0.118758 0.00036571 0.0128223 0.0168126 0.000123283 0.0621728 0.0111597 0.00185033 0.00572815 0.00443208 0.00706916 0.0128391 0.0033313 0.0108872 0.0725388 0.00509686 0.00920768 0.292932 0.0535833 1.43841e-06 0.00019553 0.0148639 0.00247518 0.00602033 
0.192771 1.98468e-05 0.00591107 0.00304695 0.018256 0.11798 0.221682 0.00234725 0.00771492 1.38676e-05 0.00230634 0.00215482 0.00941705 0.00584693 0.000123772 0.00415305 0.00241335 0.000486407 8.74912e-05 0.0109405 0.00668068 0.0800408 0.2717 0.028778 8.48318e-06 0.000350791 0.00365152 0.000475556 0.000640839 
0.0317398 8.38937e-05 0.00378297 0.00633297 0.0163628 0.116597 0.000117742 0.00889236 0.00860568 3.4968e-05 0.0193271 0.00303498 0.000665167 0.0100509 0.000235929 0.00441233 0.000836744 0.0041546 0.00205939 0.0577865 0.00577088 0.0070328 0.657457 0.00259877 2.33935e-11 4.95091e-07 0.0245874 0.000956229 0.00648305 
0.100325 4.08986e-08 5.85074e-05 0.0695568 0.0432952 0.181113 1.42236e-11 0.000193551 0.00976083 3.50364e-08 0.0557882 0.165748 0.00137046 0.00048074 0.0095478 3.65544e-07 0.00684891 0.000119585 0.00425072 0.0968611 0.0233931 0.00782398 0.222605 5.11163e-07 1.95134e-11 1.28394e-07 4.45603e-05 1.16715e-07 0.000814686 
0.216946 0.0146954 0.010498 0.009618 0.00164226 1.76e-07 2.64682e-07 0.0193943 0.000717926 0.000109686 8.0592e-09 5.06363e-05 4.71874e-08 0.00728602 0.000176572 0.103121 0.000474022 0.00188297 0.000383997 0.0020747 0.000118886 0.00596228 0.604394 1.87828e-05 1.44104e-10 5.65822e-06 0.000388657 1.32312e-05 2.68556e-05 
0.0611196 0.0485893 2.27777e-06 0.00285832 0.0409781 0.0560553 1.63469e-06 0.00153987 0.00102894 0.000108636 0.00313958 1.55103e-06 0.00333633 0.00620602 1.31847e-05 0.0353919 0.00246117 9.55548e-05 0.00288956 0.00312725 0.000203796 0.00164518 0.712053 0.00074396 3.533e-08 1.15692e-05 0.0163876 1.08192e-06 9.44173e-06 
0.0811355 0.0009521 0.0122734 0.0383862 0.0403095 0.284031 0.000439847 0.00638752 0.0154586 0.0012554 0.034184 0.000503403 0.0060972 0.0110622 0.000589933 0.00441733 0.00437231 0.00210684 0.0190596 0.107946 0.00850896 0.00944268 0.297082 0.00137341 6.24906e-07 0.000770695 0.00634028 0.00141222 0.00410101 
0.0628087 0.00917824 0.0206044 0.0298529 0.043119 0.147938 5.68332e-05 0.00362373 0.0410377 0.000858896 0.0129832 0.00134647 0.00882902 0.0664745 0.00305606 0.0135818 0.0334127 0.00478645 0.144559 0.0385902 0.0552911 0.0354429 0.202968 0.00345854 0.000833004 0.00336244 0.0063479 0.00106762 0.00453052 
0.0465132 6.02819e-06 0.00229015 0.127163 0.0168103 0.205334 2.26646e-05 0.0245106 0.025183 3.21316e-05 0.014089 0.000135894 0.00506931 0.0799125 0.000302776 0.00824629 0.0440212 0.00176146 0.0296588 0.0128655 0.00659208 0.070958 0.265273 0.000101287 9.0854e-08 0.000483904 9.8051e-06 0.00400768 0.00864592 
0.0562054 0.000543882 0.0103315 0.105015 0.0237685 0.167656 0.000214865 0.0860451 0.0279934 0.000572473 0.0429783 0.000182834 0.00738685 0.0377701 0.00451069 0.00653369 0.0490679 0.0183013 0.0203146 0.0527476 0.0409874 0.0142652 0.208804 0.00603007 0.000227337 0.00191365 0.00253963 0.00419244 0.00289961 
0.034027 0.0028567 0.0260852 0.0334002 0.0100802 0.173581 1.07949e-05 0.000358349 0.0302385 1.04664e-05 0.0148248 0.000411648 0.0138346 0.00657814 0.000385128 0.00817057 0.00837358 0.00939237 0.00810085 0.00380709 0.00250002 0.0261933 0.549903 0.000814701 3.26146e-11 0.000553235 0.0312969 0.000913505 0.00329832 
0.0321645 0.000297338 0.00230219 0.0369328 0.00370987 0.200396 5.94498e-05 0.00459503 0.0069313 4.69095e-05 0.055313 6.79013e-06 0.00153157 0.00427318 0.000545684 0.000292809 0.00950458 0.00286898 0.0403405 0.00387711 0.0163265 0.00674418 0.568061 0.00125769 1.65018e-09 0.00102271 1.24179e-05 0.000360981 0.000225112 
0.123498 1.69982e-07 6.84892e-06 0.0357443 0.00319263 0.0589754 9.56457e-13 4.38623e-07 6.6542e-10 0.000109715 0.00985332 4.46825e-08 2.48988e-09 9.67599e-09 1.30193e-08 0.024936 0.000667656 8.41915e-06 2.93657e-07 0.0167975 2.12888e-08 0.00425332 0.72155 3.00692e-08 1.31217e-12 1.55991e-12 2.70268e-06 3.19445e-13 0.000403136 
0.110234 0.000107996 0.0042777 0.023079 0.0320072 0.15215 0.000592131 0.000159577 0.144557 3.71194e-06 0.046503 0.00318864 0.0573805 0.0357794 0.0262724 0.00830436 0.0289032 0.00840034 0.00329591 0.00431666 0.0222337 0.00967011 0.264981 0.00125496 4.31647e-11 2.13331e-08 3.00285e-05 0.00891553 0.00340202 
0.200719 0.0158691 0.00531591 0.00744149 0.016124 0.0566879 1.4544e-05 0.0143432 0.00234552 0.000224414 0.0199422 0.000125714 0.00150225 0.00878302 0.000120767 0.258403 0.00881311 0.0056483 0.00248004 0.0147953 0.00168106 0.00614825 0.309921 0.000393109 0.00449569 1.13898e-05 0.0374141 0.000103126 0.000133202 
0.00736626 0.0141386 0.00169295 0.00958391 0.0485084 0.258206 0.000107892 0.00238512 0.0594986 0.000565093 0.00907152 4.10054e-08 0.0139277 0.0369289 3.82546e-05 0.00121402 0.00959316 0.000767342 0.0153931 0.00644151 0.0987289 0.00265035 0.400528 0.000116947 1.55036e-11 0.000176263 5.84936e-05 0.00167195 0.000641053 
0.0229898 1.0782e-05 0.021366 0.0177559 0.0279169 0.172658 0.00226689 0.00189338 0.0363628 0.000117356 0.0234441 0.00324638 0.0026549 0.0138342 0.000689113 0.0119917 0.015445 0.00242814 0.00305317 0.0842995 0.0680146 0.0491316 0.401465 0.00222622 1.77797e-07 0.00142109 0.00329605 0.00141678 0.00860502 
0.000908074 6.6474e-06 1.08851e-05 0.000565408 0.00371153 0.0304945 4.74597e-11 4.02237e-06 0.0406524 0.000159979 0.00189893 6.79585e-06 0.00204949 0.0199815 0.000193818 0.000939366 0.00952266 3.23401e-05 0.000165499 0.000109735 6.23855e-05 0.00291197 0.881767 0.00219679 2.19323e-08 3.58723e-08 4.22864e-06 0.00163865 5.42134e-06 
0.0494921 0.00464755 0.00970617 0.0235264 0.0376202 0.154351 0.000279676 0.0199849 0.06457 0.000476238 0.0195179 0.00104396 0.00668572 0.0946912 0.00902371 0.0419747 0.0589365 0.00655725 0.0452327 0.0182346 0.0105361 0.0106251 0.302001 0.00131318 0.000911799 0.0045287 0.000250368 0.00293171 0.000349793 
0.0659771 5.38574e-06 0.00239866 0.0930416 0.00370111 0.10629 3.1236e-06 0.00331933 0.0045278 3.81555e-05 0.230449 4.16183e-05 0.00101369 0.00140933 0.000105788 0.000961548 0.00450459 0.00418391 0.000506756 0.00513121 0.0737515 0.00102799 0.393142 0.0033666 7.39969e-08 0.000162613 7.5239e-06 0.000182314 0.000750482 
0.0578971 0.00726711 0.0491424 0.0287648 0.00374729 0.155597 6.78123e-06 0.00477403 0.0204713 0.00010845 0.103992 0.00182403 0.00894244 0.0135828 0.000491155 0.00850509 0.0151102 0.0695979 0.00838277 0.00932523 0.0410394 0.012363 0.364407 0.00262942 9.89389e-07 3.70146e-05 0.00133432 0.00160668 0.00905233 
0.0427594 0.103568 5.03452e-08 0.0504373 0.0207652 0.0206773 8.30097e-10 0.195902 0.00498574 1.33511e-09 0.0331429 1.18226e-09 9.92552e-07 0.105023 7.07544e-07 2.12049e-06 0.13163 1.63388e-06 0.0108562 0.00636726 2.44069e-10 4.55747e-06 0.273791 5.58802e-10 1.13881e-09 1.91458e-06 7.56118e-05 2.77242e-10 5.75857e-06 
0.012789 2.45229e-06 0.000620283 0.00655553 0.044545 0.290351 0.000163173 4.9988e-06 0.00175032 8.60272e-05 7.97224e-08 4.21041e-09 0.00366371 0.242629 0.000187761 0.00145058 0.027222 0.000747382 0.00185413 0.00672626 0.0075859 0.00171431 0.347581 0.00101749 2.55046e-11 0.000197717 0.000216233 0.000122077 0.000216897 
0.11417 0.00594936 0.0242688 0.0390984 0.006549 0.0414481 3.08838e-06 0.0143315 0.1712 2.03895e-05 0.0355335 8.22764e-05 0.0227504 0.0228579 8.19136e-05 0.000526902 0.155511 0.0148727 0.00109117 0.0317769 0.00157358 0.00967132 0.282789 0.000917058 8.52661e-06 1.2211e-06 2.62937e-05 0.00157836 0.00131233 
0.00208415 9.56423e-07 1.18533e-06 0.00492085 3.01882e-09 0.0315583 9.49609e-08 3.42803e-05 0.00560379 5.42902e-08 0.000143702 5.54421e-08 1.42937e-05 0.00195655 0.030799 1.80149e-06 0.00107236 0.000218267 0.0757339 0.0146408 0.000125295 0.0196786 0.811002 7.58507e-06 8.89592e-10 0.000129064 5.56159e-05 0.000217521 4.01566e-10 
0.0759525 0.0220532 0.0217727 0.0176576 0.0212454 0.0713697 0.000303151 0.00207224 0.0192644 0.0027193 0.00987013 7.47953e-05 0.00574515 0.119429 0.0199619 0.0442694 0.0541371 0.00271111 0.0188495 0.0264972 0.00837764 0.0114283 0.410871 0.00496787 2.53454e-08 0.00544282 0.000167283 0.000899865 0.00188971 
0.02522 0.000265687 0.0222481 0.158375 0.0562223 0.133682 0.000161529 0.00456918 0.0298173 0.0233694 0.0157074 0.000176208 0.00481775 0.0151201 0.000439044 0.0143342 0.0196972 0.0129057 0.0199231 0.0366575 0.00762197 0.011495 0.351537 0.000778573 0.00110464 0.000806331 0.0283486 0.000791438 0.00380785 
0.0353582 0.00269349 0.0107357 0.025306 0.000473921 0.0876957 8.64601e-05 0.00128809 0.00545117 1.92051e-05 0.00133071 1.06017e-05 0.00277546 0.0229771 0.000979624 0.000535253 0.00221903 0.000254509 0.0321836 0.00511483 0.000342509 0.00822092 0.751508 5.73859e-05 1.71552e-07 0.00129566 9.83761e-05 0.000693787 0.000295048 
0.0557011 0.00626985 0.000116231 0.000175484 0.000346922 0.00145088 2.19387e-06 0.00963613 0.000343066 0.00331053 0.00060433 4.03714e-06 1.38636e-05 0.0232785 2.53233e-05 0.0147038 0.00132999 0.00218022 0.00133306 9.69342e-05 0.00118952 0.000586395 0.872941 2.03827e-06 8.86784e-07 4.09235e-06 0.000672976 7.25114e-06 0.00367338 
0.0573099 1.41556e-08 0.0206008 0.0131063 0.0970266 0.161165 7.28289e-05 0.00150605 0.0685121 0.00206328 0.0045736 3.39028e-05 0.000959774 0.0371296 0.00297037 0.0736286 0.00965372 0.000227621 0.00622234 0.0405107 0.0702205 0.0141507 0.295932 2.61908e-05 1.75015e-06 0.0168764 8.39176e-05 0.00215847 0.0032771 
0.0174628 4.64652e-07 1.13265e-05 0.0468498 0.00895784 0.105724 9.02227e-06 0.00766008 0.0485199 0.00749683 0.00488147 0.00146065 0.00246012 0.0806092 0.0140413 0.000325122 0.00745328 0.00116044 0.0139221 0.00990829 0.000220774 0.0313532 0.582025 9.64527e-05 8.48438e-08 0.000291924 5.37956e-05 0.0055683 0.00147624 
0.00591491 0.000111255 0.00192244 0.0207507 0.00876472 0.176455 2.17893e-06 0.0173083 0.0152946 0.00076959 0.00883178 4.897e-06 0.00505651 0.0382586 0.00031086 0.00159326 0.0236097 0.0024039 0.0460731 0.00305341 0.0863617 0.00678671 0.524547 5.57797e-05 9.4056e-12 1.65122e-09 6.34053e-05 0.00119282 0.00450317 
0.0914645 2.07293e-06 0.0217413 0.00580845 0.021906 0.103022 1.16457e-07 0.0112687 0.045907 5.64542e-05 0.0204482 0.000419392 0.000389214 0.000215448 0.00134024 0.00407833 5.80174e-05 0.000138509 0.0735465 0.110176 0.00522617 0.0114616 0.391832 9.83832e-07 1.37227e-11 7.1972e-05 0.0745004 0.00148854 0.00343175 
0.0857742 0.00772218 0.000393104 0.0788567 0.00144383 0.0414599 7.99824e-05 0.00931503 0.00622104 0.00532778 0.0442864 0.000804065 0.0079245 0.0387457 1.2039e-05 0.00104292 0.0135022 0.0105815 0.218993 0.0221042 0.00552915 0.0575469 0.341339 0.000134182 0.000106181 0.000266538 5.45411e-05 0.000188439 0.000244857 
0.00735143 0.000174985 4.35215e-05 0.00493356 0.0156317 0.0336183 3.18923e-07 0.00270218 0.000694693 0.000340977 0.000685166 0.0480143 4.38577e-05 0.00498513 1.87554e-05 0.029635 0.00516072 0.000825221 0.0105433 0.00161641 0.000949329 0.00401351 0.824296 0.000598638 1.13259e-07 2.02107e-06 1.47999e-06 3.01338e-05 0.00308939 
0.0366741 0.000630257 0.00926491 0.0816387 0.0160393 0.0444178 0.000113888 0.0428737 0.0451037 1.22629e-05 0.0258989 5.17073e-05 0.00352493 0.0117211 0.0127374 0.0039087 0.0200121 0.0217561 0.00382248 0.00464808 0.00508516 0.0127353 0.557192 0.000334164 1.16331e-06 1.25984e-05 0.0389122 0.000871931 5.42047e-06 
0.0253305 2.35143e-05 0.00414606 0.0333863 0.0227007 0.135796 0.00101057 0.000531245 0.0129557 7.52025e-05 0.124054 0.00188393 0.0011419 0.0072424 4.08259e-05 0.00436546 0.0236404 0.00220922 0.00010305 0.0452718 0.0215012 0.0141055 0.511536 0.00301745 1.21071e-05 9.53466e-05 0.00100463 0.000904794 0.00191432 
0.0333914 1.58752e-05 0.000375716 0.0308151 0.0119934 0.115717 1.07857e-05 0.00340559 0.00191247 5.20781e-05 0.0497704 0.000214729 0.00076495 0.00528024 0.000944996 0.00207696 0.0130739 0.0011391 0.00591274 0.00751816 0.187863 0.0142774 0.494451 4.09485e-05 1.35846e-05 3.04938e-07 0.0120649 6.70699e-05 0.00683673 
0.0574247 0.000716768 0.0399246 0.0211753 0.0245038 0.086282 0.000187075 0.00332343 0.0362718 0.000866137 0.011244 0.00327841 0.00848196 0.0707155 0.00603107 0.00888255 0.0202787 0.000268924 0.0677002 0.0624458 0.0077609 0.0284263 0.41601 0.000256468 9.96125e-07 0.011218 0.00184108 0.00132639 0.00315751 
0.0634513 0.000378236 0.0107221 0.00467101 0.132601 0.00186786 4.0458e-07 0.00512353 0.00105737 3.6809e-06 4.14824e-11 0.00444014 8.43624e-11 0.000702719 7.20741e-05 0.00076524 0.00143983 0.000807629 1.10566e-10 0.0078869 1.09024e-05 0.00458062 0.756564 0.00266307 3.82392e-10 5.82627e-07 0.000187666 2.57219e-06 7.72054e-08 
0.00735143 0.000174985 4.35215e-05 0.00493356 0.0156317 0.0336183 3.18923e-07 0.00270218 0.000694693 0.000340977 0.000685166 0.0480143 4.38577e-05 0.00498513 1.87554e-05 0.029635 0.00516072 0.000825221 0.0105433 0.00161641 0.000949329 0.00401351 0.824296 0.000598638 1.13259e-07 2.02107e-06 1.47999e-06 3.01338e-05 0.00308939 
0.0100066 4.07356e-05 0.000186881 0.00904966 0.000259383 0.0653053 1.85467e-05 0.000108151 0.00180237 4.38218e-05 0.00665461 0.00127808 0.0155107 4.02445e-05 5.80196e-05 0.000404053 0.000228683 0.000139654 0.011529 3.21741e-05 0.000195816 0.236975 0.637779 0.000146019 0.000706588 0.000320801 6.4003e-06 0.000995048 0.000178804 
0.00591491 0.000111255 0.00192244 0.0207507 0.00876472 0.176455 2.17893e-06 0.0173083 0.0152946 0.00076959 0.00883178 4.897e-06 0.00505651 0.0382586 0.00031086 0.00159326 0.0236097 0.0024039 0.0460731 0.00305341 0.0863617 0.00678671 0.524547 5.57797e-05 9.4056e-12 1.65122e-09 6.34053e-05 0.00119282 0.00450317 
0.00404357 1.41674e-11 0.00181304 0.00655528 0.00101726 0.0239659 0.0682091 8.39489e-05 0.00605678 6.21595e-07 0.000361042 0.000132636 0.00398288 0.00743565 0.000349957 0.000152366 0.000810484 0.000491358 0.00157652 0.000383399 0.0144368 0.00593328 0.849125 0.000137498 1.5147e-11 3.5628e-05 1.1794e-05 0.000509687 0.00238835 
0.0467685 2.1358e-09 0.0084019 0.0168949 0.0159981 0.184437 0.000116278 0.00247168 0.0324447 0.000358323 0.000684178 0.00234595 0.00265607 0.0640286 0.00268312 0.0279549 0.0173104 0.00755682 0.0187733 0.0563843 0.0292696 0.0118313 0.42402 0.00155758 3.4119e-09 0.00348469 0.00786857 0.00170308 0.0119965 
0.00683684 0.00172838 0.00635062 0.00278323 0.137785 0.139403 2.97623e-05 0.00127967 0.0129913 4.05948e-05 0.0129137 0.0012488 0.0108448 0.0198946 0.000331248 0.00135029 0.00709403 0.000450888 0.0292381 0.00526844 0.00716694 0.0597943 0.517218 0.000229187 3.69292e-05 1.76479e-05 2.56296e-05 0.00338072 0.0142675 
0.0704244 2.02308e-05 0.00754398 0.10975 0.00196695 0.172228 7.80896e-06 0.00588268 0.0181114 3.29397e-05 0.0658476 7.13874e-05 0.00606891 0.0183399 0.000289017 0.00145115 0.0226494 0.00171567 0.0233722 0.00479654 0.00806005 0.0165783 0.437825 0.000788831 5.66756e-05 0.000400092 4.05951e-05 0.00269707 0.00298377 
0.172286 0.0381787 0.0496559 0.00713295 0.0149762 0.157061 0.000288778 0.00289902 0.035157 0.000106786 0.00116904 2.17352e-05 0.00628967 0.158009 4.55381e-05 0.0335272 0.0278102 0.00403422 0.00911082 0.0313093 0.000453083 0.00728549 0.225396 0.000414234 0.00179352 0.00022426 0.0150071 0.000275084 8.11129e-05 
0.0908658 0.00070926 0.0149382 0.0302439 0.0219063 0.140363 0.000114853 0.00839547 0.0319822 6.75008e-05 0.0255424 0.00524587 0.00314312 0.0493834 0.00316245 0.00391308 0.0103265 0.010803 0.0189615 0.00720412 0.00524829 0.0314725 0.479165 0.00183266 4.86243e-06 0.000191621 0.00183993 0.00249676 0.00047648 
0.0490043 5.27681e-05 0.043108 0.0138299 0.0784432 0.0646435 0.000686064 0.00378886 0.0995936 0.000335899 0.0127265 0.00270735 0.00449828 0.0229122 4.79625e-05 0.00874572 0.0166509 0.00147007 0.00145968 0.0319537 0.0141885 0.00269914 0.507125 0.00925085 7.31159e-05 1.11624e-05 0.000789335 0.00873043 0.000474219 
0.0499693 6.0621e-06 0.000662334 0.0701685 0.018447 0.173323 1.72731e-05 0.0267116 0.130022 0.000278365 0.0430534 0.00222969 0.0157979 0.00862094 0.000909045 0.00598778 0.0296002 0.00399152 0.0835502 0.00692536 0.00351276 0.0932901 0.21944 8.74701e-05 2.81984e-11 0.000173194 5.49656e-05 0.0131366 3.33611e-05 
0.0227519 2.17634e-06 0.000821306 0.0159147 0.19141 0.128823 0.00028805 0.000244104 0.00160943 1.76149e-07 0.00353917 0.000794927 1.12974e-07 0.00182281 0.00227028 0.0012288 0.13301 0.0033838 0.0117298 0.028021 0.209377 0.00982301 0.232598 1.07822e-07 9.11645e-12 7.87374e-07 2.95373e-06 7.16501e-09 0.000532996 
0.0635419 0.00593508 0.0249751 0.00927588 0.0341846 0.0798174 0.000382421 0.015676 0.0841479 1.85558e-05 0.0253705 0.000689573 0.00301659 0.0223463 0.00268314 0.00533959 0.0119591 0.00435028 0.000169754 0.0290891 0.00146336 0.0219536 0.537493 0.0111137 4.80064e-11 2.57965e-05 0.00308271 0.00110025 0.000799056 
0.0625194 0.0298229 0.00282644 0.0133014 0.00969569 0.0893572 0.000702282 0.00644133 0.00859464 0.000890917 0.0123727 0.00420643 0.00596228 0.0264571 0.00130325 0.0231293 0.0137108 0.00319853 0.0124491 0.0168027 0.00132996 0.0387124 0.612535 0.000253989 3.90882e-07 3.51394e-05 0.0021073 0.000446056 0.000835176 
0.043104 0.00045384 0.0337984 0.0183957 0.00124011 0.105573 3.37742e-05 0.00643958 0.0197022 5.00831e-05 0.00145708 2.2457e-05 0.002387 0.0525479 0.0042906 0.0146377 0.00652204 0.00523857 0.0499781 0.00224 0.000784249 0.0180757 0.595644 3.54726e-05 0.000182011 0.0063406 0.000317218 0.0103436 0.000165415 
0.00591491 0.000111255 0.00192244 0.0207507 0.00876472 0.176455 2.17893e-06 0.0173083 0.0152946 0.00076959 0.00883178 4.897e-06 0.00505651 0.0382586 0.00031086 0.00159326 0.0236097 0.0024039 0.0460731 0.00305341 0.0863617 0.00678671 0.524547 5.57797e-05 9.4056e-12 1.65122e-09 6.34053e-05 0.00119282 0.00450317 
