0.000131569 0.0153842 0.00408896 0.000442323 0.0327581 0.000286922 0.000117091 0.0010404 0.161531 3.10286e-05 0.0193731 1.62408e-09 0.0127193 2.02848e-06 0.0526296 0.000291883 0.0232148 5.43301e-05 0.00017243 0.000295997 0.00123648 0.00185506 0.000350587 0.00556646 5.27085e-08 9.10338e-08 0.00159674 0.664828 1.21971e-06 
0.0266455 0.00174394 0.0145744 0.0243862 0.022806 0.0475022 0.000195763 0.0074405 0.130467 0.000240104 0.0124201 0.0104583 0.0166661 0.083649 0.00198126 0.0142019 0.0758932 0.00536716 0.0151464 0.0047965 0.00261014 0.00720278 0.0321162 0.00650786 0.000457948 0.000155852 0.00168525 0.430315 0.00236762 
0.00404334 2.06702e-11 0.0823869 0.144289 0.111647 0.0501475 1.61087e-11 0.000381713 0.0302499 8.79545e-09 0.0826984 0.000446567 0.0115817 0.00178539 0.000156978 0.00508997 0.070493 0.00607899 0.014029 0.076874 0.0051665 0.00787028 0.0189253 0.00816945 2.20995e-11 6.12059e-08 3.85848e-08 0.26749 9.97585e-12 
0.0023176 0.00595173 0.0449976 0.00225191 0.00861623 0.0606167 2.26654e-05 0.000173622 0.123486 7.09087e-05 0.0112383 3.41203e-06 0.00445698 0.0141197 0.000401691 0.034964 0.00919488 0.000480927 0.000337067 0.00410134 0.00737549 0.00561488 0.00443612 0.000188076 2.6174e-09 2.21434e-05 0.000134202 0.647136 0.00729018 
0.00549621 6.68407e-09 0.0851337 0.0130275 0.0124086 0.0246436 0.0014183 0.000671382 0.0661981 1.88568e-05 0.01087 0.00257295 0.0120754 0.000985419 0.000161862 0.00291558 0.0274619 0.000373254 0.000329415 0.00859049 0.0139551 0.00527382 0.00730653 0.000518471 6.87893e-08 5.96466e-05 7.50547e-06 0.696837 0.000689741 
0.000702301 0.000885062 0.010981 0.000543402 0.00884128 0.0463254 7.3336e-07 4.10092e-05 0.0386127 1.31902e-06 0.0158362 2.95789e-05 0.00450776 0.00146136 3.4103e-06 0.000132764 0.00602433 5.45332e-06 2.40959e-05 0.00156238 0.000257116 0.00549031 0.000277099 1.72502e-05 2.55992e-12 3.04325e-12 2.76279e-05 0.850223 0.00718626 
0.00664933 1.79778e-08 0.226303 0.00259034 0.0156375 0.0185947 1.0184e-09 0.00023261 0.0252945 0.00352181 0.0209679 6.17021e-05 0.00385532 0.00172816 4.65475e-05 0.00324666 0.0156531 0.000277762 0.000845484 0.00783497 0.000511811 0.00425936 0.0770571 5.71883e-05 2.60876e-11 4.57789e-06 9.12607e-05 0.563374 0.00130257 
0.000268817 0.000193357 0.00125826 0.00218849 0.00193647 0.03682 1.86053e-06 0.00251091 0.0592403 5.04753e-05 0.01169 1.32644e-10 0.00123032 0.00377708 0.000681967 0.0109724 0.00180389 7.95776e-05 1.70419e-06 9.5627e-07 0.0054573 0.00362979 0.000527438 2.22351e-05 4.56864e-09 1.51892e-10 0.000122676 0.85553 3.84918e-06 
0.00823587 1.63105e-05 0.11364 0.0350345 0.0406249 0.0594141 0.000825617 0.00289626 0.0813442 8.50885e-06 0.0308827 0.00120616 0.0224595 0.0084143 0.000323951 0.00392528 0.0773377 0.00108765 0.00269731 0.0125913 0.0074038 0.0280674 0.0225194 0.00226349 1.7364e-06 6.03619e-06 0.0103179 0.426259 0.000195385 
0.00549621 6.68407e-09 0.0851337 0.0130275 0.0124086 0.0246436 0.0014183 0.000671382 0.0661981 1.88568e-05 0.01087 0.00257295 0.0120754 0.000985419 0.000161862 0.00291558 0.0274619 0.000373254 0.000329415 0.00859049 0.0139551 0.00527382 0.00730653 0.000518471 6.87893e-08 5.96466e-05 7.50547e-06 0.696837 0.000689741 
0.00294586 6.82778e-09 0.114728 0.00318446 0.00734582 0.0018338 0.00109931 0.000245723 0.0484111 0.00164202 0.00430621 4.9446e-05 0.00341487 0.000659648 3.55873e-05 0.0032374 0.0188938 7.42178e-05 0.000411756 0.001391 0.00202625 0.00154755 0.00419526 0.000359581 4.30363e-12 4.6107e-06 3.50447e-06 0.777879 7.48557e-05 
0.00549621 6.68407e-09 0.0851337 0.0130275 0.0124086 0.0246436 0.0014183 0.000671382 0.0661981 1.88568e-05 0.01087 0.00257295 0.0120754 0.000985419 0.000161862 0.00291558 0.0274619 0.000373254 0.000329415 0.00859049 0.0139551 0.00527382 0.00730653 0.000518471 6.87893e-08 5.96466e-05 7.50547e-06 0.696837 0.000689741 
0.00046475 0.000856941 0.00985912 0.000260876 0.0050537 0.0229629 1.21501e-06 1.02313e-05 0.014564 2.25518e-06 0.00752565 9.19902e-08 0.000724601 0.000420969 1.06036e-05 9.02513e-05 0.00202108 3.40471e-06 1.43333e-05 0.000759092 0.000154829 0.00103438 0.000207546 7.58466e-05 1.32393e-10 6.20214e-13 1.33322e-05 0.929471 0.00343718 
0.00282485 1.62652e-05 0.0446702 0.00837697 0.0185945 0.108846 0.00314344 0.000739814 0.17283 0.0271712 0.016055 7.62838e-05 0.0110446 0.0245271 0.0239689 0.000290001 0.059356 0.000180435 0.00073995 0.00456133 0.000244766 0.00227388 0.0148489 0.00020653 1.15559e-09 2.60785e-07 2.34345e-07 0.444627 0.00978574 
0.00404636 0.000681194 0.0437263 0.00639711 0.0140062 0.037619 4.83929e-05 0.000608379 0.0701709 7.68716e-06 0.0745607 6.82646e-05 0.00732309 0.000902211 9.17783e-05 0.00108742 0.00733989 0.00125867 0.000102338 0.00401604 0.00678245 0.0104726 0.00940955 0.00313028 3.69127e-07 2.56517e-05 3.36314e-05 0.692882 0.0032011 
0.00433897 0.00464432 0.0740445 0.00973345 0.0188983 0.0461008 0.000124281 0.00134606 0.225658 0.000573729 0.01941 4.09822e-05 0.0173822 0.0328986 0.00186876 0.00531766 0.022948 0.00299879 0.00010157 0.00594076 0.00404919 0.00886555 0.0152331 0.000980814 0.000282645 8.43832e-05 4.50381e-05 0.470869 0.00522076 
0.0137434 1.07913e-07 4.2677e-08 0.0214775 0.00428661 0.0186008 8.62212e-06 0.00213428 0.330977 3.66513e-07 0.00576118 8.93113e-09 0.0447417 0.00584724 3.07788e-11 0.000713043 0.00472192 0.00015114 1.73956e-06 0.00523717 0.00258527 0.000565519 0.00556149 0.00375919 0.191823 3.0925e-07 7.38942e-06 0.336877 0.000417264 
0.00194459 0.000422689 0.116943 0.0020414 0.00621881 0.0356222 3.49966e-07 0.000317788 0.136762 7.43162e-07 0.0177391 9.26291e-08 0.0104396 0.000499026 4.18191e-06 6.19642e-05 0.00795161 4.60769e-05 0.00173468 0.00264175 0.000336956 0.000864519 0.000900446 0.000133727 9.57041e-10 1.03955e-06 3.21308e-05 0.65295 0.00338951 
0.0101045 0.00156231 0.0330443 0.00367202 0.0134638 0.0301378 0.000124905 0.00112036 0.150714 9.8481e-05 0.00846097 0.00055363 0.00533216 0.106564 0.00185537 0.00489116 0.0143665 0.000514791 0.00250754 0.00987704 0.00224832 0.00276002 0.0206859 0.00220369 0.000644988 9.36748e-05 4.91995e-05 0.567471 0.00487827 
0.000319042 9.70789e-07 0.00235095 0.000989735 0.00577757 0.0168264 2.39669e-08 0.000250484 0.0127259 6.68523e-06 0.000828848 4.22035e-12 0.00288683 0.00101653 3.25067e-05 0.000463243 0.0125425 0.000122467 3.83164e-05 0.00229618 0.000192224 0.0013724 0.000701547 0.000205819 4.82578e-09 5.15536e-07 2.14131e-06 0.934552 0.00349849 
0.000580935 0.000822728 0.0121099 0.000316968 0.00631711 0.0287036 1.51833e-06 1.27885e-05 0.0159546 2.81849e-06 0.00940705 1.14812e-07 0.000861405 0.000503733 1.04749e-05 0.000104736 0.00242773 4.25553e-06 1.7916e-05 0.000948859 0.000193534 0.00129297 0.000259431 8.41465e-05 1.44709e-10 5.92562e-13 1.61579e-05 0.914853 0.00419175 
0.0085624 3.65644e-10 1.02066e-05 0.0134271 0.102506 0.0613397 2.84953e-10 0.00227649 0.193563 2.14126e-05 0.156032 4.05844e-10 0.00484939 0.00956319 9.43403e-08 1.18894e-06 0.0852342 0.00178567 1.81295e-08 0.0461907 0.0687629 8.13093e-11 0.00154737 8.66565e-07 3.90928e-10 4.47139e-08 3.34184e-05 0.244292 9.91495e-07 
0.000323506 9.30665e-07 0.00254873 0.000982786 0.00566663 0.0138487 6.2432e-10 9.61731e-05 0.0148159 7.96964e-06 0.000711291 2.26685e-12 0.00294504 0.00116757 3.50637e-05 0.000432325 0.0118667 0.00014598 9.13176e-06 0.00266132 0.000159645 0.00120733 0.000700958 0.000240567 3.20072e-10 4.10875e-10 2.44491e-06 0.937014 0.00240925 
0.00824436 7.87874e-11 6.24058e-07 0.0286429 0.00522456 0.0331803 0.00811787 1.02462e-06 0.152009 2.29016e-07 0.0316419 0.0202458 0.0225404 0.000177015 0.000479871 3.82875e-07 0.0812568 4.31947e-07 2.4356e-11 0.0832959 0.00495672 0.00682623 0.0405522 0.000350026 2.09572e-06 9.74492e-07 7.22348e-08 0.472251 1.04339e-06 
0.0085624 3.65644e-10 1.02066e-05 0.0134271 0.102506 0.0613397 2.84953e-10 0.00227649 0.193563 2.14126e-05 0.156032 4.05844e-10 0.00484939 0.00956319 9.43403e-08 1.18894e-06 0.0852342 0.00178567 1.81295e-08 0.0461907 0.0687629 8.13093e-11 0.00154737 8.66565e-07 3.90928e-10 4.47139e-08 3.34184e-05 0.244292 9.91495e-07 
0.00194459 0.000422689 0.116943 0.0020414 0.00621881 0.0356222 3.49966e-07 0.000317788 0.136762 7.43162e-07 0.0177391 9.26291e-08 0.0104396 0.000499026 4.18191e-06 6.19642e-05 0.00795161 4.60769e-05 0.00173468 0.00264175 0.000336956 0.000864519 0.000900446 0.000133727 9.57041e-10 1.03955e-06 3.21308e-05 0.65295 0.00338951 
3.23528e-07 8.42891e-08 0.0102554 0.0519859 0.0188632 3.40616e-07 1.356e-07 1.92423e-05 0.287821 1.01307e-09 0.00146887 6.222e-06 0.0198945 0.000767568 8.14354e-05 1.58835e-06 0.0506771 3.3411e-10 1.2392e-06 2.42841e-07 0.00152494 0.00276094 8.67478e-05 6.8875e-05 8.64115e-10 1.02727e-09 1.51943e-07 0.553714 3.90066e-10 
0.00549621 6.68407e-09 0.0851337 0.0130275 0.0124086 0.0246436 0.0014183 0.000671382 0.0661981 1.88568e-05 0.01087 0.00257295 0.0120754 0.000985419 0.000161862 0.00291558 0.0274619 0.000373254 0.000329415 0.00859049 0.0139551 0.00527382 0.00730653 0.000518471 6.87893e-08 5.96466e-05 7.50547e-06 0.696837 0.000689741 
0.00574432 2.17148e-08 0.196895 0.0249248 0.0141561 0.061297 2.13367e-11 0.00222886 0.117657 4.80803e-05 0.0380993 1.25779e-05 0.0387155 0.0232347 4.79083e-05 0.0227946 0.0797478 0.00265839 0.00445223 0.0398527 0.024645 0.00197607 0.023374 0.000325202 0.0001557 2.48084e-08 0.000114457 0.276843 2.81656e-08 
0.0087629 1.00269e-06 0.000596541 0.0256937 0.00573275 0.0220509 4.63411e-07 0.00168902 0.289907 1.99586e-07 0.00851204 2.38463e-08 0.0134227 0.00733175 0.000137816 6.51307e-05 0.00747183 5.53422e-05 0.00283696 0.0012888 0.00180589 0.00378499 0.000332903 0.000702657 3.99766e-07 2.52304e-05 2.35094e-05 0.596995 0.000772909 
0.000109108 1.89505e-11 0.0422402 0.000980523 0.00014855 7.01758e-08 1.47685e-11 0.000315962 0.0244604 0.000541514 0.00396503 1.3674e-08 0.00214347 3.73898e-06 5.98237e-05 7.57687e-05 0.00369601 0.000110477 2.22779e-08 3.32848e-06 1.57574e-07 0.000159146 0.000118502 3.52823e-06 2.02609e-11 4.44988e-08 3.35065e-09 0.920862 2.28711e-06 
0.00474127 6.69373e-09 0.0515384 0.0117863 0.00715893 0.0225324 0.00115961 0.000406469 0.178088 7.34153e-05 0.00902841 0.00185781 0.0114876 0.00359599 0.000175806 0.0193883 0.0219546 0.000674315 0.000329834 0.00495616 0.0102055 0.00456625 0.00773459 0.000491607 6.45779e-08 3.44317e-05 4.3344e-06 0.625632 0.000397998 
0.00046475 0.000856941 0.00985912 0.000260876 0.0050537 0.0229629 1.21501e-06 1.02313e-05 0.014564 2.25518e-06 0.00752565 9.19902e-08 0.000724601 0.000420969 1.06036e-05 9.02513e-05 0.00202108 3.40471e-06 1.43333e-05 0.000759092 0.000154829 0.00103438 0.000207546 7.58466e-05 1.32393e-10 6.20214e-13 1.33322e-05 0.929471 0.00343718 
0.000328095 6.13711e-07 0.00170932 0.000996182 0.00502632 0.0133362 9.49774e-10 0.000350886 0.00983539 5.22684e-06 0.000939039 7.18854e-12 0.00202585 0.000764275 2.29646e-05 0.00028302 0.0119434 9.55739e-05 8.49626e-05 0.00174203 0.000172463 0.0017119 0.000684449 0.000157493 4.89186e-10 8.18005e-07 1.60229e-06 0.945687 0.00209456 
0.00046475 0.000856941 0.00985912 0.000260876 0.0050537 0.0229629 1.21501e-06 1.02313e-05 0.014564 2.25518e-06 0.00752565 9.19902e-08 0.000724601 0.000420969 1.06036e-05 9.02513e-05 0.00202108 3.40471e-06 1.43333e-05 0.000759092 0.000154829 0.00103438 0.000207546 7.58466e-05 1.32393e-10 6.20214e-13 1.33322e-05 0.929471 0.00343718 
0.0105459 7.59371e-06 0.0152654 0.018023 0.0996929 0.0305497 0.167325 1.05397e-07 0.0424666 9.5939e-05 0.00413193 0.000228786 0.00191569 0.0258957 0.0441609 0.00188564 0.031233 0.00324517 4.58477e-07 0.00180767 0.029878 0.00137924 0.173918 4.67016e-05 7.68147e-11 0.00167194 6.02863e-05 0.294569 3.46745e-11 
2.04812e-05 0.00331625 2.77886e-05 3.32882e-05 0.000289309 0.000123813 1.33756e-05 1.73618e-05 0.0046055 4.83236e-07 0.000213252 2.35031e-12 7.20715e-06 7.23497e-06 3.11579e-05 1.50088e-05 0.000861489 1.05622e-06 1.67207e-06 9.8884e-06 3.67746e-05 2.98957e-05 8.64623e-06 4.50744e-05 4.68793e-10 2.69137e-12 1.83109e-05 0.990265 6.63247e-07 
0.000580935 0.000822728 0.0121099 0.000316968 0.00631711 0.0287036 1.51833e-06 1.27885e-05 0.0159546 2.81849e-06 0.00940705 1.14812e-07 0.000861405 0.000503733 1.04749e-05 0.000104736 0.00242773 4.25553e-06 1.7916e-05 0.000948859 0.000193534 0.00129297 0.000259431 8.41465e-05 1.44709e-10 5.92562e-13 1.61579e-05 0.914853 0.00419175 
0.000323506 9.30665e-07 0.00254873 0.000982786 0.00566663 0.0138487 6.2432e-10 9.61731e-05 0.0148159 7.96964e-06 0.000711291 2.26685e-12 0.00294504 0.00116757 3.50637e-05 0.000432325 0.0118667 0.00014598 9.13176e-06 0.00266132 0.000159645 0.00120733 0.000700958 0.000240567 3.20072e-10 4.10875e-10 2.44491e-06 0.937014 0.00240925 
0.019257 0.00641279 0.0309348 0.00597093 0.0798154 0.0511746 0.00616244 0.00223931 0.13257 5.95585e-05 0.0772486 0.000197442 0.0068999 0.0370192 0.000637263 0.00257204 0.0213601 0.000313746 0.000375001 0.0252283 0.0633963 0.00509277 0.0127421 0.00356771 0.00129201 0.000183753 0.000363606 0.396084 0.0108293 
0.00513345 3.74523e-06 0.0137083 0.0151923 0.0439756 0.028596 0.00657524 0.0100529 0.295588 4.99949e-05 0.0221756 0.0024125 0.0287142 0.00848339 7.57879e-05 0.0036418 0.0809584 0.000384333 0.00203285 0.0168886 0.0131832 0.083566 0.00570323 0.000531293 0.000125426 0.000159679 6.03515e-06 0.311625 0.000457681 
0.000863716 0.000494779 0.0063392 0.000992392 0.00291567 0.0216217 4.09164e-06 1.0106e-05 0.0984657 2.2282e-05 0.00695264 1.40349e-06 0.0024381 0.00258083 3.10095e-05 0.00610237 0.0032811 9.05527e-05 4.19795e-05 0.000437972 0.000434985 0.00142472 0.000909279 0.000150674 3.89377e-10 4.13578e-12 7.69771e-06 0.841402 0.00198315 
0.0185215 0.00127289 0.00629971 0.00552354 0.00354756 0.0103868 0.174467 0.0654387 0.154522 9.1468e-05 0.00926754 1.86184e-05 0.00292284 0.0612768 3.7503e-05 0.00170544 0.00805531 0.00323515 0.000418971 0.0200634 0.118872 0.00784571 0.0108006 0.0167858 5.31014e-06 5.24597e-10 9.99444e-05 0.29818 0.000338114 
0.0266806 1.27491e-05 0.0627971 0.016332 0.0456906 0.112278 0.000217635 0.00120677 0.0917719 0.00284371 0.0305247 0.000112287 0.013076 0.0203713 0.000127529 0.00105029 0.063301 0.000304889 0.00530061 0.0549223 0.00330649 0.0167557 0.03952 0.00970002 1.40195e-08 0.00202876 2.4265e-05 0.37544 0.00430283 
0.00428102 6.90666e-05 0.0254722 0.00167158 0.037073 0.01003 4.00147e-05 0.000500451 0.0970741 2.6365e-05 0.0174138 0.00261255 0.028263 0.0122824 0.000497286 0.0264566 0.0219443 0.00347721 0.00229063 0.008959 0.00407009 0.0158325 0.00760834 0.0012767 8.15861e-07 0.00018678 0.00830329 0.642382 0.0199051 
0.00285183 0.00318224 0.00892809 0.00142152 0.0168455 0.0496552 4.54041e-05 0.00074972 0.0325735 3.49947e-05 0.0252115 0.000666319 0.00441781 0.0225187 0.000129732 0.000747233 0.0135188 0.000219318 0.000135855 0.00357504 0.00735212 0.00397505 0.00528188 0.000221694 9.40261e-09 1.01047e-07 3.23868e-05 0.787992 0.00771604 
0.000498885 0.00377465 0.011691 0.000282923 0.00548193 0.0271186 1.82325e-06 1.23611e-05 0.0158854 2.45416e-06 0.00779127 1.23553e-07 0.00112783 0.000465994 1.08155e-05 9.57623e-05 0.00210558 3.27927e-06 1.61133e-05 0.000930229 0.000162491 0.00111709 0.000238134 8.86797e-05 4.51804e-09 6.1294e-13 1.55479e-05 0.915495 0.00558623 
0.000935662 7.30225e-06 0.338514 0.00180017 0.010487 0.00306951 9.17375e-06 5.65255e-05 0.0138437 2.24769e-05 0.0268185 7.60921e-05 0.00154309 0.000308886 0.000128943 0.000871794 0.00495328 0.000481485 7.11987e-05 0.000778319 0.00509565 0.00103003 0.00912837 0.00101581 6.1521e-06 0.000364327 1.86026e-05 0.578564 6.19436e-07 
0.00046475 0.000856941 0.00985912 0.000260876 0.0050537 0.0229629 1.21501e-06 1.02313e-05 0.014564 2.25518e-06 0.00752565 9.19902e-08 0.000724601 0.000420969 1.06036e-05 9.02513e-05 0.00202108 3.40471e-06 1.43333e-05 0.000759092 0.000154829 0.00103438 0.000207546 7.58466e-05 1.32393e-10 6.20214e-13 1.33322e-05 0.929471 0.00343718 
0.00046475 0.000856941 0.00985912 0.000260876 0.0050537 0.0229629 1.21501e-06 1.02313e-05 0.014564 2.25518e-06 0.00752565 9.19902e-08 0.000724601 0.000420969 1.06036e-05 9.02513e-05 0.00202108 3.40471e-06 1.43333e-05 0.000759092 0.000154829 0.00103438 0.000207546 7.58466e-05 1.32393e-10 6.20214e-13 1.33322e-05 0.929471 0.00343718 
0.000324412 1.24197e-06 0.00278727 0.00100366 0.00623689 0.0183513 3.02432e-08 0.000120009 0.0151069 8.18747e-06 0.000716021 2.27939e-12 0.00341015 0.00123516 3.92269e-05 0.000545551 0.0130801 0.000150187 1.2594e-05 0.00270897 0.000178985 0.00121693 0.000741575 0.000247432 5.9381e-09 7.57778e-09 2.5231e-06 0.927754 0.00402041 
0.0665587 0.00412302 0.0213748 0.0108832 0.0734347 0.0722039 7.19634e-05 0.00287103 0.0516162 0.000428971 0.0146745 0.00419646 0.00512266 0.0615547 0.0234372 0.00914724 0.0272971 0.00200782 0.0233358 0.0269296 0.0434769 0.0157001 0.0780801 0.0306026 5.0636e-06 0.00110082 0.00348782 0.317974 0.00830285 
0.00046475 0.000856941 0.00985912 0.000260876 0.0050537 0.0229629 1.21501e-06 1.02313e-05 0.014564 2.25518e-06 0.00752565 9.19902e-08 0.000724601 0.000420969 1.06036e-05 9.02513e-05 0.00202108 3.40471e-06 1.43333e-05 0.000759092 0.000154829 0.00103438 0.000207546 7.58466e-05 1.32393e-10 6.20214e-13 1.33322e-05 0.929471 0.00343718 
0.0145511 0.00044526 0.123151 0.00523131 0.0245356 0.0118651 0.000263566 0.00100607 0.282748 0.000612934 0.0580692 0.000708165 0.00659061 0.0263641 0.00051561 0.0348502 0.0206624 0.00105583 0.000243397 0.0061633 0.00280708 0.00291278 0.019056 0.00913506 4.67757e-06 0.000452532 0.000862684 0.316376 0.0287599 
0.0179731 0.0306477 0.013556 0.0095321 0.0106638 0.0366087 2.4389e-05 0.00477076 0.332566 4.3e-05 0.0129281 5.02186e-06 0.0148945 0.00268913 0.000391637 0.0028542 0.0601575 0.000468721 0.000960319 0.00389419 0.00226634 0.0033339 0.0113745 6.93449e-05 6.4198e-06 5.07251e-06 5.65914e-05 0.425342 0.0019179 
0.00832425 6.91116e-06 0.0139549 0.00423959 0.0046752 0.00933182 6.70015e-06 0.00624792 0.347614 1.10792e-05 0.034687 0.00103927 0.000837376 0.00207112 0.000217117 0.00376151 0.0045302 0.00022304 0.000114925 0.0133048 0.00771982 0.0058973 0.0117521 0.0175394 1.15655e-08 5.70319e-05 0.000862593 0.497435 0.00353887 
0.00046475 0.000856941 0.00985912 0.000260876 0.0050537 0.0229629 1.21501e-06 1.02313e-05 0.014564 2.25518e-06 0.00752565 9.19902e-08 0.000724601 0.000420969 1.06036e-05 9.02513e-05 0.00202108 3.40471e-06 1.43333e-05 0.000759092 0.000154829 0.00103438 0.000207546 7.58466e-05 1.32393e-10 6.20214e-13 1.33322e-05 0.929471 0.00343718 
0.000802176 0.000701795 0.0102937 0.0018072 0.0112846 0.018788 1.00481e-06 8.38562e-06 0.0249763 1.85334e-06 0.0061575 0.00325965 0.00304554 0.00155961 0.000231454 7.38719e-05 0.00476382 4.86468e-05 1.17385e-05 0.000621139 0.000126717 0.00488016 0.00116025 6.20928e-05 6.6956e-10 5.43702e-12 1.09185e-05 0.902509 0.00281254 
0.011953 0.000152265 0.0070156 0.00918556 0.000705064 0.00323279 6.77623e-11 0.00110729 0.362531 3.24342e-05 0.00579693 9.65104e-11 0.0116463 0.00163167 0.000506482 0.00169054 0.0707067 0.000439951 0.000182753 0.00124648 0.000840094 0.00242362 0.00981324 0.00011949 9.29633e-11 9.75169e-06 8.5929e-07 0.492576 0.00445408 
0.000328095 6.13711e-07 0.00170932 0.000996182 0.00502632 0.0133362 9.49774e-10 0.000350886 0.00983539 5.22684e-06 0.000939039 7.18854e-12 0.00202585 0.000764275 2.29646e-05 0.00028302 0.0119434 9.55739e-05 8.49626e-05 0.00174203 0.000172463 0.0017119 0.000684449 0.000157493 4.89186e-10 8.18005e-07 1.60229e-06 0.945687 0.00209456 
0.00046475 0.000856941 0.00985912 0.000260876 0.0050537 0.0229629 1.21501e-06 1.02313e-05 0.014564 2.25518e-06 0.00752565 9.19902e-08 0.000724601 0.000420969 1.06036e-05 9.02513e-05 0.00202108 3.40471e-06 1.43333e-05 0.000759092 0.000154829 0.00103438 0.000207546 7.58466e-05 1.32393e-10 6.20214e-13 1.33322e-05 0.929471 0.00343718 
0.0015294 0.00239979 0.102955 0.00209713 0.00681258 0.0128289 4.8128e-07 0.000117582 0.111601 0.00189357 0.00840943 4.74071e-06 0.0260416 0.000735411 0.0011206 0.000505222 0.0317562 1.43255e-05 0.000201689 0.00484721 0.000108926 0.00079288 0.00251895 0.000848418 3.99717e-09 8.99912e-07 9.06799e-06 0.678474 0.0013748 
0.0136598 2.91796e-06 3.38389e-07 0.00707289 0.0318897 1.80439e-07 2.27402e-06 0.00256229 1.90587e-07 3.65749e-06 3.38432e-07 3.23876e-06 0.0075028 0.00139583 1.57119e-06 1.13372e-06 0.0327097 0.00349932 0.00866049 4.82016e-07 6.68617e-07 6.48874e-07 0.00148721 1.53082e-06 3.11973e-06 0.00408334 0.00322309 0.88223 1.40826e-06 
0.00181594 0.00214594 0.0192697 0.00652674 0.00326588 0.0360713 2.57973e-06 5.97207e-06 0.16569 4.9988e-05 0.00761286 1.25439e-06 0.00719509 0.0190121 0.000204338 0.0286093 0.0173492 5.81804e-05 0.000402324 0.00360861 0.0003938 0.00406958 0.00153343 0.000320948 2.24541e-09 3.63e-11 8.16054e-06 0.670064 0.00471322 
0.000374586 0.000278668 0.000206663 0.00079141 0.00748455 0.00167204 3.2252e-10 1.80439e-07 0.400591 1.3723e-05 0.0138105 4.59349e-10 0.0851943 0.00229945 0.000129579 0.000465313 0.0241989 1.861e-07 0.000293682 0.00505976 0.00231882 0.000559733 0.000702058 6.0396e-08 4.42466e-10 0.00137472 1.51596e-05 0.452042 0.000122205 
0.0230557 0.000409607 0.0624244 0.0127708 0.0155538 0.051761 0.0100314 0.000964284 0.0539099 0.00434876 0.0213441 0.00159799 0.00946752 0.0100005 0.000273982 0.0164737 0.0329923 0.00119848 0.00119597 0.00738078 0.0109992 0.0110978 0.0271173 0.000978455 2.42327e-05 3.91015e-05 3.28937e-05 0.611513 0.00104302 
0.000327211 1.15372e-06 0.00277124 0.00101572 0.00634744 0.0183038 2.81282e-08 0.000115194 0.0150585 7.95368e-06 0.000710861 2.29609e-12 0.00337516 0.00121014 3.86891e-05 0.000551463 0.0125452 0.000145781 1.23009e-05 0.00273352 0.000181652 0.00122566 0.000721721 0.000245003 5.53718e-09 7.05786e-09 2.54826e-06 0.928388 0.00396394 
2.86679e-05 0.00136457 4.72596e-06 4.65965e-05 0.000296718 0.000173327 2.50489e-06 2.42979e-05 0.00238402 6.74105e-07 3.90749e-06 9.38719e-13 1.00852e-05 1.0126e-05 4.36062e-05 2.10056e-05 0.000105565 1.47527e-06 2.33781e-06 1.30628e-06 5.14697e-05 4.18454e-05 1.21016e-05 6.30881e-05 3.13432e-10 1.07494e-12 2.56293e-05 0.995279 9.26293e-07 
0.00046475 0.000856941 0.00985912 0.000260876 0.0050537 0.0229629 1.21501e-06 1.02313e-05 0.014564 2.25518e-06 0.00752565 9.19902e-08 0.000724601 0.000420969 1.06036e-05 9.02513e-05 0.00202108 3.40471e-06 1.43333e-05 0.000759092 0.000154829 0.00103438 0.000207546 7.58466e-05 1.32393e-10 6.20214e-13 1.33322e-05 0.929471 0.00343718 
0.00294586 6.82778e-09 0.114728 0.00318446 0.00734582 0.0018338 0.00109931 0.000245723 0.0484111 0.00164202 0.00430621 4.9446e-05 0.00341487 0.000659648 3.55873e-05 0.0032374 0.0188938 7.42178e-05 0.000411756 0.001391 0.00202625 0.00154755 0.00419526 0.000359581 4.30363e-12 4.6107e-06 3.50447e-06 0.777879 7.48557e-05 
0.00170322 4.00928e-09 0.148058 0.00602072 0.0207058 0.00127886 8.96826e-06 0.00391541 0.304617 0.000535508 0.0368104 1.76061e-05 0.00754352 8.23463e-05 3.79156e-05 0.00037526 0.0133838 0.00171288 2.37655e-05 0.0179144 0.00371639 0.00180566 0.00609462 0.000533633 4.28652e-09 0.000125793 1.04556e-05 0.422967 4.92479e-07 
0.000328095 6.13711e-07 0.00170932 0.000996182 0.00502632 0.0133362 9.49774e-10 0.000350886 0.00983539 5.22684e-06 0.000939039 7.18854e-12 0.00202585 0.000764275 2.29646e-05 0.00028302 0.0119434 9.55739e-05 8.49626e-05 0.00174203 0.000172463 0.0017119 0.000684449 0.000157493 4.89186e-10 8.18005e-07 1.60229e-06 0.945687 0.00209456 
0.00783382 7.56347e-08 0.00555714 0.00367586 0.00520043 0.0291211 9.81842e-05 0.000882027 0.116003 6.04812e-05 0.00314369 4.52741e-05 0.106848 0.0753656 0.00619415 0.00031542 0.078629 0.00077262 0.00118918 0.00248607 0.00209264 0.00741301 0.0157248 0.000873663 1.9938e-10 2.40631e-06 1.68741e-05 0.529552 0.000903861 
0.000498885 0.00377465 0.011691 0.000282923 0.00548193 0.0271186 1.82325e-06 1.23611e-05 0.0158854 2.45416e-06 0.00779127 1.23553e-07 0.00112783 0.000465994 1.08155e-05 9.57623e-05 0.00210558 3.27927e-06 1.61133e-05 0.000930229 0.000162491 0.00111709 0.000238134 8.86797e-05 4.51804e-09 6.1294e-13 1.55479e-05 0.915495 0.00558623 
0.00592729 0.00399571 0.00815999 0.0126858 0.0143277 0.0200682 1.88511e-06 0.00293964 0.0710119 0.000268778 0.00154446 4.47214e-08 0.00246833 0.0121829 0.00130138 1.1288e-05 0.0461571 0.000503913 0.000577828 0.00146945 0.000490528 0.043633 0.00539315 0.000454178 6.22796e-07 7.34514e-07 0.000182809 0.743588 0.000653389 
0.0177034 6.90777e-06 0.0789196 0.0198003 0.0164005 0.0389883 0.00558675 0.00132267 0.107321 0.000137899 0.0238965 0.00373197 0.0148711 0.0376924 0.00100278 0.0050647 0.0539216 0.00156953 0.0168734 0.0110144 0.0131575 0.00891509 0.00929838 0.000452226 1.27683e-05 0.000367294 5.68546e-05 0.511433 0.000481448 
0.00046475 0.000856941 0.00985912 0.000260876 0.0050537 0.0229629 1.21501e-06 1.02313e-05 0.014564 2.25518e-06 0.00752565 9.19902e-08 0.000724601 0.000420969 1.06036e-05 9.02513e-05 0.00202108 3.40471e-06 1.43333e-05 0.000759092 0.000154829 0.00103438 0.000207546 7.58466e-05 1.32393e-10 6.20214e-13 1.33322e-05 0.929471 0.00343718 
0.0108037 2.47401e-11 0.42242 0.00319773 0.00214179 0.0115434 5.60453e-09 2.36346e-06 0.0472807 0.00101493 0.00227926 0.000120279 0.0108951 0.0176481 0.000160012 0.00027126 0.00766431 1.00243e-05 0.00242503 0.000581248 0.000637694 0.00829864 0.00583222 0.00034438 2.64508e-11 3.14449e-11 1.82673e-05 0.44441 1.194e-11 
0.000327672 0.00477039 0.00625571 0.000283295 0.00398401 0.0213329 2.25479e-06 1.4416e-05 0.00991286 1.31121e-06 0.00543647 7.88147e-08 0.00108165 0.000318716 9.87102e-06 6.94318e-05 0.00179672 2.70039e-06 1.86565e-05 0.000416684 0.000130095 0.00083492 0.000164806 6.65273e-05 5.93317e-09 6.34218e-13 1.87664e-05 0.941498 0.00125112 
0.00786531 7.9862e-09 0.0433404 0.0197966 0.0184978 0.0396057 0.00205882 0.000866239 0.0761913 1.15627e-05 0.0145409 0.00413475 0.0152602 0.0013496 0.000187653 0.00348272 0.0319673 0.000599845 0.0005294 0.013806 0.0220074 0.00747457 0.00877295 0.00078348 7.48517e-08 8.67437e-06 1.20596e-05 0.66574 0.00110844 
0.00293228 2.7645e-05 0.158094 0.0136468 0.00641957 0.0308267 1.80553e-07 0.00331403 0.139408 9.61125e-09 0.00202445 6.80261e-08 0.009657 0.00579951 0.000300764 0.0153899 0.00814721 9.1832e-05 0.000302643 0.00494891 0.00145887 0.00466337 0.00125748 0.00159302 4.97887e-07 2.21996e-07 2.12213e-05 0.58913 0.000544364 
0.00239613 0.00921226 0.0013223 0.00893284 0.0114457 0.0506266 0.000238585 0.000956891 0.233252 1.74929e-05 0.0103697 2.36632e-07 0.225774 0.0412184 0.00438882 0.000534354 0.0326317 0.000532964 0.000141831 0.00538762 0.00851544 0.00880515 0.00756969 0.000392242 4.71353e-07 3.45347e-08 0.000133956 0.333945 0.00125757 
0.00549621 6.68407e-09 0.0851337 0.0130275 0.0124086 0.0246436 0.0014183 0.000671382 0.0661981 1.88568e-05 0.01087 0.00257295 0.0120754 0.000985419 0.000161862 0.00291558 0.0274619 0.000373254 0.000329415 0.00859049 0.0139551 0.00527382 0.00730653 0.000518471 6.87893e-08 5.96466e-05 7.50547e-06 0.696837 0.000689741 
0.00733894 0.00508974 0.0324445 0.00298258 0.0148911 0.0695203 1.53463e-05 0.00028278 0.101121 5.11271e-05 0.00920661 8.44641e-06 0.00414304 0.01644 0.002327 0.0013216 0.0195837 0.000206797 0.000344655 0.00352766 0.00121219 0.00482476 0.0178382 0.00251834 1.06408e-08 2.3332e-05 0.00011831 0.67843 0.0041882 
7.09978e-05 2.99146e-10 0.219641 0.000730481 0.00496517 0.000924761 1.64022e-12 1.62852e-08 0.0366548 1.81457e-09 0.00179106 0.01852 0.00506951 0.000170214 2.86306e-05 0.000342484 0.00355845 5.56334e-05 0.000123403 0.000655012 0.000705816 0.00025534 0.000490619 0.000181899 2.25023e-12 2.67508e-12 5.66451e-06 0.705055 4.70911e-06 
0.00181373 0.034753 0.306093 0.00391692 0.00446729 0.040177 1.80056e-05 0.000243724 0.0994481 0.000153496 0.000306498 1.41109e-05 0.00397977 0.0190653 0.00381111 0.00124865 0.00751135 0.000138319 0.00164076 0.0010511 0.000997429 0.00333673 0.00281537 0.0010664 2.92368e-09 5.86135e-07 0.000193444 0.461723 1.58228e-05 
0.000323506 9.30665e-07 0.00254873 0.000982786 0.00566663 0.0138487 6.2432e-10 9.61731e-05 0.0148159 7.96964e-06 0.000711291 2.26685e-12 0.00294504 0.00116757 3.50637e-05 0.000432325 0.0118667 0.00014598 9.13176e-06 0.00266132 0.000159645 0.00120733 0.000700958 0.000240567 3.20072e-10 4.10875e-10 2.44491e-06 0.937014 0.00240925 
0.000539117 0.00107115 0.0123031 0.000326093 0.00628684 0.0287036 1.51827e-06 1.27885e-05 0.0175308 2.81841e-06 0.00940705 1.14784e-07 0.000905744 0.000315947 1.10796e-05 9.30794e-05 0.00227088 4.25547e-06 1.79159e-05 0.000844194 0.000193534 0.00123294 0.00025943 9.48064e-05 1.41814e-10 5.70156e-13 1.66648e-05 0.913478 0.00407646 
0.0192671 0.179264 0.0412603 0.00657856 0.00337216 0.145831 1.43556e-06 0.00393616 0.114612 5.00619e-06 0.00406326 0.000482747 0.0491986 0.0132612 0.000114173 0.00142283 0.103743 0.000412806 0.00454511 0.0019761 0.00261387 0.0171088 0.00219016 2.10288e-06 4.41527e-08 0.0271429 2.0028e-06 0.255614 0.00197866 
0.00549621 6.68407e-09 0.0851337 0.0130275 0.0124086 0.0246436 0.0014183 0.000671382 0.0661981 1.88568e-05 0.01087 0.00257295 0.0120754 0.000985419 0.000161862 0.00291558 0.0274619 0.000373254 0.000329415 0.00859049 0.0139551 0.00527382 0.00730653 0.000518471 6.87893e-08 5.96466e-05 7.50547e-06 0.696837 0.000689741 
0.000113156 4.29293e-07 0.000893445 0.000933694 0.00253732 0.00456377 3.74272e-08 0.000121976 0.00955144 2.24901e-06 0.000388481 1.61223e-08 0.0238651 0.000707283 0.000428636 0.000135519 0.0044878 3.36451e-05 3.71406e-05 0.000756213 6.59003e-05 0.00235496 0.000235414 5.51605e-05 2.88569e-08 1.0097e-06 6.32492e-07 0.943169 0.00456101 
0.0047166 0.00125358 0.0738126 0.00643235 0.0131553 0.0732986 0.00468073 0.00165711 0.19093 0.0162506 0.0232948 1.70085e-05 0.00950199 0.0237159 0.00880448 0.0476125 0.0250939 0.00163204 0.00108563 0.00605206 0.0130695 0.00339206 0.0125812 7.38343e-05 3.5336e-10 0.000104448 4.34047e-05 0.431149 0.00658863 
0.0130427 2.04843e-05 0.0475868 0.0297908 0.0194561 0.0249023 1.45075e-07 0.00248418 0.168105 0.000590799 0.00853963 3.61657e-05 0.0563794 0.0211852 0.00066426 0.00785522 0.0220331 0.000625835 0.00347198 0.000540926 0.000628496 0.0245666 0.00748455 0.00273836 4.96173e-05 4.28416e-06 0.000198716 0.536334 0.00068378 
0.0085583 1.34393e-06 0.0584296 0.0156205 0.0433083 0.0273204 0.00615555 0.000699571 0.0985261 1.17782e-05 0.0279924 0.0132253 0.039401 0.00297887 0.000661824 0.00561552 0.0348733 4.80752e-05 0.0038652 0.00812094 0.00507613 0.118009 0.0150372 0.000782945 1.05409e-05 6.78699e-06 0.00636773 0.458868 0.000427525 
0.000323506 9.30665e-07 0.00254873 0.000982786 0.00566663 0.0138487 6.2432e-10 9.61731e-05 0.0148159 7.96964e-06 0.000711291 2.26685e-12 0.00294504 0.00116757 3.50637e-05 0.000432325 0.0118667 0.00014598 9.13176e-06 0.00266132 0.000159645 0.00120733 0.000700958 0.000240567 3.20072e-10 4.10875e-10 2.44491e-06 0.937014 0.00240925 
0.00549621 6.68407e-09 0.0851337 0.0130275 0.0124086 0.0246436 0.0014183 0.000671382 0.0661981 1.88568e-05 0.01087 0.00257295 0.0120754 0.000985419 0.000161862 0.00291558 0.0274619 0.000373254 0.000329415 0.00859049 0.0139551 0.00527382 0.00730653 0.000518471 6.87893e-08 5.96466e-05 7.50547e-06 0.696837 0.000689741 
0.00148165 0.00279766 0.0373129 0.00180304 0.0208628 0.0425392 1.25632e-05 9.61917e-05 0.179179 4.52014e-05 0.0133598 6.82104e-05 0.00608549 0.00836778 0.000220476 0.000240563 0.0112956 4.1946e-05 0.000196637 0.00226376 0.000348212 0.0358607 0.00127563 0.0013849 4.57523e-07 4.7861e-09 0.00510921 0.621587 0.00616387 
0.000665066 3.0475e-10 0.128892 0.000330561 0.0206622 0.0141441 2.37497e-10 1.75199e-07 0.197072 4.16315e-08 0.000140752 1.28183e-07 5.20437e-05 0.0106298 6.29411e-06 0.00140307 0.212699 7.47858e-05 0.00353936 0.0162299 3.24296e-07 0.00125781 0.00658918 1.35708e-07 3.25823e-10 0.000770835 3.75925e-09 0.384812 2.73745e-05 
0.00046475 0.000856941 0.00985912 0.000260876 0.0050537 0.0229629 1.21501e-06 1.02313e-05 0.014564 2.25518e-06 0.00752565 9.19902e-08 0.000724601 0.000420969 1.06036e-05 9.02513e-05 0.00202108 3.40471e-06 1.43333e-05 0.000759092 0.000154829 0.00103438 0.000207546 7.58466e-05 1.32393e-10 6.20214e-13 1.33322e-05 0.929471 0.00343718 
0.00103711 9.4211e-06 0.0295715 0.00387894 0.00428259 0.0206317 8.52838e-07 0.000128071 0.0468558 9.22333e-05 0.000465597 6.08005e-09 0.00794466 0.0019728 0.000118526 0.000297899 0.00941688 0.000164397 0.00035549 0.00382468 0.000349531 0.00296368 0.00194318 0.000157494 5.28835e-10 5.74769e-10 4.72569e-06 0.861955 0.00157713 
0.00832425 6.91116e-06 0.0139549 0.00423959 0.0046752 0.00933182 6.70015e-06 0.00624792 0.347614 1.10792e-05 0.034687 0.00103927 0.000837376 0.00207112 0.000217117 0.00376151 0.0045302 0.00022304 0.000114925 0.0133048 0.00771982 0.0058973 0.0117521 0.0175394 1.15655e-08 5.70319e-05 0.000862593 0.497435 0.00353887 
0.00103225 9.05278e-06 7.12864e-05 0.00414707 6.00242e-05 0.000936649 3.14096e-05 6.58924e-05 0.304843 0.0095619 0.0081447 0.000335594 0.0054686 0.00402851 0.000189597 0.0157787 0.0096972 0.000290472 0.00100383 1.63456e-05 0.0007148 0.128097 0.00262787 0.000278887 4.63447e-06 2.67322e-06 0.0600372 0.442488 3.74783e-05 
2.04812e-05 0.00331625 2.77886e-05 3.32882e-05 0.000289309 0.000123813 1.33756e-05 1.73618e-05 0.0046055 4.83236e-07 0.000213252 2.35031e-12 7.20715e-06 7.23497e-06 3.11579e-05 1.50088e-05 0.000861489 1.05622e-06 1.67207e-06 9.8884e-06 3.67746e-05 2.98957e-05 8.64623e-06 4.50744e-05 4.68793e-10 2.69137e-12 1.83109e-05 0.990265 6.63247e-07 
0.000328095 6.13711e-07 0.00170932 0.000996182 0.00502632 0.0133362 9.49774e-10 0.000350886 0.00983539 5.22684e-06 0.000939039 7.18854e-12 0.00202585 0.000764275 2.29646e-05 0.00028302 0.0119434 9.55739e-05 8.49626e-05 0.00174203 0.000172463 0.0017119 0.000684449 0.000157493 4.89186e-10 8.18005e-07 1.60229e-06 0.945687 0.00209456 
0.0024504 2.78402e-05 0.0130039 0.0182209 0.0513951 0.115873 5.67651e-07 0.00051976 0.105677 0.000273339 0.00345032 5.65913e-06 0.0317754 0.0364274 8.12428e-05 0.000776233 0.0393593 0.00017718 0.000570547 0.00743946 0.00032511 0.00446225 0.00683794 0.00378034 4.30646e-06 1.30122e-09 0.000142521 0.554839 0.00210395 
0.0156886 1.42618e-08 0.06615 0.0613688 0.00486362 0.0720553 2.24305e-06 0.0127562 0.170067 0.000259607 0.020526 4.8091e-06 0.00568236 0.00929702 0.00175668 5.37205e-05 0.125811 0.00353439 0.0270705 0.0390225 0.0168676 0.0167511 0.0365745 0.00548466 1.9389e-11 0.00378235 0.000107501 0.281227 0.00323458 
0.000323506 9.30665e-07 0.00254873 0.000982786 0.00566663 0.0138487 6.2432e-10 9.61731e-05 0.0148159 7.96964e-06 0.000711291 2.26685e-12 0.00294504 0.00116757 3.50637e-05 0.000432325 0.0118667 0.00014598 9.13176e-06 0.00266132 0.000159645 0.00120733 0.000700958 0.000240567 3.20072e-10 4.10875e-10 2.44491e-06 0.937014 0.00240925 
0.00549482 0.114005 0.0379553 0.00286076 0.0897578 0.00885168 4.04603e-07 0.00112126 0.206568 0.00017613 0.00219758 8.51742e-07 0.00549583 0.0625173 0.000315878 0.00324359 0.0517359 5.53971e-05 0.000564282 0.0132148 0.000518335 0.0153055 0.00902179 0.000286939 2.291e-09 9.93413e-06 0.000230637 0.368493 1.62285e-06 
2.86679e-05 0.00136457 4.72596e-06 4.65965e-05 0.000296718 0.000173327 2.50489e-06 2.42979e-05 0.00238402 6.74105e-07 3.90749e-06 9.38719e-13 1.00852e-05 1.0126e-05 4.36062e-05 2.10056e-05 0.000105565 1.47527e-06 2.33781e-06 1.30628e-06 5.14697e-05 4.18454e-05 1.21016e-05 6.30881e-05 3.13432e-10 1.07494e-12 2.56293e-05 0.995279 9.26293e-07 
0.0108037 2.47401e-11 0.42242 0.00319773 0.00214179 0.0115434 5.60453e-09 2.36346e-06 0.0472807 0.00101493 0.00227926 0.000120279 0.0108951 0.0176481 0.000160012 0.00027126 0.00766431 1.00243e-05 0.00242503 0.000581248 0.000637694 0.00829864 0.00583222 0.00034438 2.64508e-11 3.14449e-11 1.82673e-05 0.44441 1.194e-11 
0.0435429 0.00182957 0.00849565 0.0186723 0.0492218 0.041934 4.39112e-07 5.6803e-05 0.147069 0.0012918 0.103177 0.0116259 0.00799307 0.0275942 0.000753809 0.0486147 0.124363 0.000453162 0.00381804 0.0129688 0.0407607 0.0561416 0.0568865 0.0102179 1.1519e-10 0.000837365 0.0152778 0.148663 0.0177392 
0.00046475 0.000856941 0.00985912 0.000260876 0.0050537 0.0229629 1.21501e-06 1.02313e-05 0.014564 2.25518e-06 0.00752565 9.19902e-08 0.000724601 0.000420969 1.06036e-05 9.02513e-05 0.00202108 3.40471e-06 1.43333e-05 0.000759092 0.000154829 0.00103438 0.000207546 7.58466e-05 1.32393e-10 6.20214e-13 1.33322e-05 0.929471 0.00343718 
0.000323506 9.30665e-07 0.00254873 0.000982786 0.00566663 0.0138487 6.2432e-10 9.61731e-05 0.0148159 7.96964e-06 0.000711291 2.26685e-12 0.00294504 0.00116757 3.50637e-05 0.000432325 0.0118667 0.00014598 9.13176e-06 0.00266132 0.000159645 0.00120733 0.000700958 0.000240567 3.20072e-10 4.10875e-10 2.44491e-06 0.937014 0.00240925 
0.000911967 0.000252348 0.0459053 0.00728073 0.0475397 0.01709 6.50213e-06 0.00068153 0.271663 6.04859e-05 0.0904617 0.0183218 0.00534498 0.00180464 0.000142994 0.00080301 0.00958367 0.00516645 0.000297286 0.0495175 7.29018e-05 0.00952419 0.00486388 0.000724156 2.68691e-06 0.00192105 8.46807e-06 0.387141 0.0229065 
0.00123251 1.94871e-07 0.00115622 3.89477e-08 0.000637968 0.00106591 1.58764e-09 0.0657318 0.423251 4.42151e-08 0.000415456 5.96677e-09 0.0119708 0.0101922 1.09694e-09 0.000274566 0.00361456 0.000488503 1.42561e-07 0.00338331 0.0012015 0.0109179 0.000965258 1.78321e-05 5.46099e-11 6.49207e-11 1.89676e-09 0.463482 3.97131e-08 
0.00046475 0.000856941 0.00985912 0.000260876 0.0050537 0.0229629 1.21501e-06 1.02313e-05 0.014564 2.25518e-06 0.00752565 9.19902e-08 0.000724601 0.000420969 1.06036e-05 9.02513e-05 0.00202108 3.40471e-06 1.43333e-05 0.000759092 0.000154829 0.00103438 0.000207546 7.58466e-05 1.32393e-10 6.20214e-13 1.33322e-05 0.929471 0.00343718 
0.000426036 1.34183e-05 0.0123239 0.000185095 0.00525195 0.0220868 5.38252e-08 1.38724e-06 0.0166903 2.81862e-06 0.00421355 1.14871e-07 0.000905747 0.00052621 1.11518e-05 8.21815e-05 0.00139535 6.62174e-07 5.46363e-06 0.000778098 2.21332e-05 0.000951307 0.000200414 8.59675e-05 1.48442e-10 6.29129e-13 3.76567e-06 0.92954 0.00429645 
0.0185266 0.00409974 0.210578 0.00483828 0.0129668 0.0327425 9.18587e-05 0.00828026 0.250693 0.000157507 0.00655658 3.10177e-05 0.00521088 0.0571192 0.00105783 0.0159445 0.029351 0.00229098 0.00138874 0.0169869 0.00398763 0.0084532 0.0176912 0.00799671 9.06201e-06 5.37138e-05 0.000198693 0.279503 0.00319382 
0.00634358 4.22148e-05 0.144996 0.0225321 0.0124254 0.050718 8.71865e-06 0.0264853 0.193781 0.00272545 0.0143022 0.000256206 0.0989891 0.0124259 0.00168697 0.00204495 0.0575872 0.00148821 0.00563556 0.00708907 0.00276128 0.0656824 0.0272256 0.00285926 5.2255e-05 0.000189938 3.60934e-05 0.238073 0.00155804 
0.00046475 0.000856941 0.00985912 0.000260876 0.0050537 0.0229629 1.21501e-06 1.02313e-05 0.014564 2.25518e-06 0.00752565 9.19902e-08 0.000724601 0.000420969 1.06036e-05 9.02513e-05 0.00202108 3.40471e-06 1.43333e-05 0.000759092 0.000154829 0.00103438 0.000207546 7.58466e-05 1.32393e-10 6.20214e-13 1.33322e-05 0.929471 0.00343718 
0.00199952 0.00283112 0.0145977 0.012764 0.00763629 0.0204177 0.000357422 0.000836058 0.0954342 6.47761e-06 0.0135765 3.02218e-06 0.0051341 0.000450859 8.52274e-05 0.000194853 0.00948096 5.96264e-05 0.000152501 0.00100171 0.000270849 0.00532738 0.0017608 0.000454769 1.97228e-06 1.39104e-08 6.52706e-05 0.801228 0.00387155 
0.00825191 1.77046e-10 0.000674642 0.00186853 0.000805199 0.00639132 0.000144126 0.0015037 0.0375247 7.57544e-05 0.00189648 2.40553e-05 0.0128305 0.0424535 0.000127534 1.97475e-05 0.0881599 0.000603665 0.000947372 0.00183931 0.000760079 0.00438814 0.00148671 0.000464662 1.89289e-10 1.98867e-06 2.32493e-06 0.786709 4.54579e-05 
0.0105459 7.59371e-06 0.0152654 0.018023 0.0996929 0.0305497 0.167325 1.05397e-07 0.0424666 9.5939e-05 0.00413193 0.000228786 0.00191569 0.0258957 0.0441609 0.00188564 0.031233 0.00324517 4.58477e-07 0.00180767 0.029878 0.00137924 0.173918 4.67016e-05 7.68147e-11 0.00167194 6.02863e-05 0.294569 3.46745e-11 
0.00341203 1.204e-08 0.136452 0.00289504 0.0223879 0.00221509 0.000156941 0.00153932 0.157961 2.62569e-05 0.107039 0.15133 0.00419444 0.00394295 0.000610187 4.32175e-05 0.00231689 0.000308712 0.00540869 0.00213923 7.04679e-05 0.0300931 0.00103869 0.00147887 6.62829e-10 0.000707624 8.48031e-06 0.353415 0.00880818 
