0.197315 2.43788e-05 0.0136877 0.504591 0.0160704 0.0228575 1.63294e-06 0.0305896 0.0371899 0.000239172 0.0366038 0.000470065 0.00736995 0.00397698 0.000236399 0.00120115 0.0216635 0.00120262 0.01019 0.00950788 0.00340051 0.0163444 0.0325747 0.00336408 0.0211869 0.000339791 0.00228227 0.0015564 0.00396197 
0.0715128 0.00107281 0.0102048 0.275816 0.0238526 0.164868 2.95615e-05 0.0160462 0.0277185 0.00126689 0.0251653 0.00227481 0.0073351 0.0131263 0.00223895 0.00414891 0.0170776 0.0124637 0.10974 0.029281 0.0100031 0.0112238 0.143839 0.0086085 2.86131e-05 0.00155057 0.00611132 0.00129111 0.00210417 
0.0659667 6.89362e-10 0.0729616 0.421593 0.0120327 0.0251695 1.41399e-06 0.0224897 0.0110236 0.000115181 0.129641 6.42197e-05 0.00284021 0.00397826 0.00757844 5.1433e-05 0.0367937 0.0556447 0.0040356 0.0190196 0.0550592 0.00237455 0.0332631 0.00798836 1.72531e-05 3.18337e-07 4.10821e-06 0.00871484 0.00157707 
0.0312073 0.00172844 0.00771911 0.237779 0.0183434 0.0564862 0.000103257 0.175363 0.0187442 0.000298471 0.107229 0.000549219 0.0075357 0.00561211 0.0011908 0.00255887 0.014163 0.139404 0.00530186 0.0487634 0.0233483 0.0316731 0.0391771 0.00970802 0.00133192 0.000476227 0.0021587 0.00280438 0.00924158 
0.0345534 0.000511715 0.0315204 0.259519 0.0220792 0.0677315 2.1569e-05 0.0098655 0.040538 2.76271e-05 0.162547 0.000372574 0.061503 0.0109593 0.00423977 0.00362135 0.0457873 0.0059941 0.0084485 0.0403942 0.0522951 0.0124839 0.0979482 0.00771772 2.18134e-05 0.00031461 0.00870775 0.00703613 0.00323962 
0.197315 2.43788e-05 0.0136877 0.504591 0.0160704 0.0228575 1.63294e-06 0.0305896 0.0371899 0.000239172 0.0366038 0.000470065 0.00736995 0.00397698 0.000236399 0.00120115 0.0216635 0.00120262 0.01019 0.00950788 0.00340051 0.0163444 0.0325747 0.00336408 0.0211869 0.000339791 0.00228227 0.0015564 0.00396197 
0.0670881 0.000265024 0.00840761 0.196067 0.0394305 0.133615 2.37111e-05 0.0133745 0.0370917 0.000513667 0.16428 0.00052058 0.0150997 0.0185517 0.00179763 0.00803748 0.0664592 0.00898126 0.0679334 0.0663149 0.00742875 0.0171006 0.0170138 0.022101 0.000462919 0.00155997 0.00152499 0.00336836 0.0155865 
0.059831 2.82548e-05 0.00379552 0.249561 0.0670098 0.103527 2.1751e-07 0.00598377 0.0125771 0.000122709 0.175243 0.000188577 0.0192872 0.00609451 0.000550771 0.000807086 0.0149928 0.00143487 0.0541207 0.07925 0.00599497 0.0962689 0.0210765 0.0104845 0.0030852 1.34109e-05 7.15395e-05 0.000954809 0.00764406 
0.0266578 1.18344e-06 0.00041327 0.662554 0.000300436 0.00960159 2.77202e-08 0.0589575 0.00928226 0.000195295 0.00134699 3.89905e-05 0.000640482 0.0138498 2.30478e-06 0.0014615 0.00507707 0.0434034 0.0071396 0.00248492 0.00132895 0.000168035 0.14722 0.00242471 3.23901e-06 1.99472e-06 7.649e-06 0.00537113 6.64225e-05 
0.0257224 1.05783e-06 0.00298131 0.242479 0.00603605 0.0045745 7.91222e-06 0.179631 0.0504518 0.0002238 0.0990646 2.97291e-05 0.0164615 0.0418527 0.000320847 0.0799693 0.0473223 0.0196815 0.135951 0.0206706 0.00473213 0.000815067 0.0071931 0.00138713 0.00694878 0.000923911 1.4539e-05 0.00429797 0.000255359 
0.0138114 0.00289457 0.00889651 0.244303 0.0732046 0.100504 4.53968e-05 0.00313863 0.0492365 0.00044513 0.105473 0.00016257 0.0044503 0.0606968 0.00212712 0.0069911 0.172965 0.00841047 0.0449777 0.0197393 0.014253 0.0102346 0.0390222 0.00655352 1.21695e-06 0.000296789 6.50167e-05 0.00249097 0.00460948 
0.0123211 9.21401e-07 0.00530287 0.338961 0.0276515 0.159779 0.000112949 0.000509451 0.0592532 7.09911e-05 0.058111 0.000253497 0.00849492 0.0813683 0.00154206 0.00146448 0.091861 0.00407136 0.00163219 0.0291468 0.0149546 0.00803296 0.0888018 0.00200622 9.16641e-08 0.000146573 0.000386518 0.00284601 0.000915868 
0.0215235 1.13521e-10 1.31648e-11 0.41761 0.00780632 0.19217 1.10905e-07 0.126156 0.00224088 1.01253e-08 0.128827 1.26002e-10 0.000170739 0.00065799 0.00314839 4.41069e-11 0.0237337 0.0114846 0.046916 0.00481689 2.73691e-07 0.00155644 0.0104381 0.000577275 6.96807e-07 1.44287e-10 1.99004e-11 6.94758e-08 0.000165222 
0.0642659 0.000309348 0.0148389 0.202077 0.0564633 0.0335097 6.19784e-05 0.147712 0.048413 0.000922348 0.0771908 0.000949142 0.00299406 0.0423408 0.0132117 0.0140177 0.0173638 0.11582 0.00408217 0.0570636 0.044352 0.0109358 0.0168682 0.00478498 1.45923e-07 0.000167528 0.00552243 0.00232781 0.00143447 
0.141253 0.000170066 7.71582e-05 0.441354 0.00205187 0.0655484 2.05745e-06 0.00272242 0.00729375 0.0165699 0.0177128 1.78213e-05 0.0182298 0.0698244 0.000267163 0.00198188 0.02884 0.000599178 0.102418 0.000242559 0.00024352 0.0353051 0.0319983 0.000576614 1.36745e-05 0.0100923 2.38985e-06 0.000818585 0.00377345 
0.0517823 5.86259e-05 0.0129933 0.445568 0.0699846 0.0940872 2.82893e-05 0.00353576 0.0482739 0.000175337 0.0167769 9.01473e-06 0.0128736 0.0280536 0.00924675 0.0176447 0.0603546 0.00202565 0.00275414 0.0217911 0.000713399 0.0174862 0.0168864 0.00836214 2.52228e-05 2.52334e-05 0.00206365 0.0379207 0.0184996 
0.0471839 1.04846e-05 2.07427e-07 0.46654 0.0104901 0.249454 3.65212e-09 0.000211565 0.00115442 9.59066e-06 0.00602081 7.45242e-07 0.00495043 0.00152536 0.000119125 2.76892e-06 0.00599955 1.45406e-05 0.0369962 0.000830854 6.32821e-07 0.103536 0.0632932 2.45852e-09 5.01035e-09 0.00163621 6.59678e-06 1.21976e-09 1.21597e-05 
0.000849383 8.3706e-08 0.000874921 0.405351 0.00361482 0.0413906 5.06104e-06 0.000382655 0.0828676 6.97746e-07 0.0105454 3.30388e-06 0.045633 0.00567142 0.000120477 3.60751e-05 0.0099757 0.00148871 0.0178344 0.00166767 0.0116478 0.0884716 0.269655 9.98646e-05 8.94941e-08 1.08363e-06 3.34964e-06 0.00178032 2.82229e-05 
0.0627356 0.0031421 0.010744 0.157882 0.0622135 0.153298 3.23874e-05 0.0110515 0.0621934 0.0012899 0.0506293 0.00155856 0.0200306 0.0300896 0.00303997 0.00488574 0.0594164 0.0524486 0.0556475 0.0644212 0.0143669 0.0431588 0.0593352 0.00127133 0.0012305 0.000789351 0.00241286 0.00537952 0.0053064 
0.162073 0.000834815 0.00299929 0.314326 0.0110405 0.0180088 0.00212729 0.0583686 0.153362 4.34822e-05 0.0240172 0.000126029 0.00347795 0.105927 0.00321203 0.000213372 0.0709356 0.00125704 0.0134346 8.20428e-05 3.55197e-06 0.000920424 0.0431835 0.00539361 3.32518e-08 4.77572e-06 6.48413e-05 0.00206989 0.00249248 
0.0525719 1.87443e-05 2.02077e-05 0.690151 0.00108334 0.0119349 4.54761e-05 0.00108389 0.00249037 1.98085e-06 3.20732e-05 1.75408e-06 0.00313074 0.00066746 1.14249e-05 1.51058e-05 0.0287045 0.00512988 0.0920005 2.72511e-05 3.62115e-07 0.102205 6.49849e-05 0.0015259 1.68961e-06 3.59908e-05 0.00694255 0.000101024 7.62698e-07 
0.0360799 1.2226e-05 0.0189973 0.443021 0.0833043 0.0622586 1.47639e-07 0.00260189 0.0177083 1.52139e-05 0.0718317 0.000184181 0.0339924 0.00118705 0.000163799 0.00114481 0.0107466 0.000566634 0.00734779 0.00668784 0.0034557 0.145939 0.0088155 0.0116751 5.95252e-11 0.000962602 5.70442e-06 0.000843898 0.0304518 
0.00165557 0.0153792 0.00112358 0.395639 0.00875159 0.303951 8.01683e-05 0.000949196 0.0189826 0.000430604 0.00115425 1.17287e-05 0.000623 0.130378 0.00642864 0.000138946 0.0160452 0.000865016 0.0159872 0.0273621 6.65638e-05 0.00379834 0.0471264 2.45672e-05 4.98117e-05 4.3079e-05 1.61262e-05 0.0029385 2.54657e-07 
0.035289 1.17263e-07 0.0212807 0.489462 0.00254271 0.194381 3.95387e-06 0.000514914 0.00391949 8.30953e-07 0.0054279 9.81583e-05 9.589e-05 1.78356e-07 3.05949e-05 4.15716e-05 0.102437 0.00301659 0.0104331 0.120335 0.00132705 0.000228699 0.00490521 0.00392784 3.4047e-08 7.1856e-10 1.01595e-08 0.00030058 1.17068e-06 
0.014105 0.000141579 0.000447374 0.547515 0.0631567 0.114634 4.26878e-05 3.21154e-05 0.0131572 5.35105e-06 0.0202225 2.12397e-05 0.00637618 0.0069564 1.56704e-06 0.000131586 0.0478183 0.00147586 0.00622152 0.0202506 5.62311e-05 0.0673696 0.0218365 5.95159e-06 8.51437e-11 1.09689e-07 0.0331204 0.00441289 0.0104853 
0.0591634 2.25771e-11 0.000173826 0.285452 0.0585123 0.0754827 5.06276e-06 0.00275973 0.0649935 7.99487e-05 0.0547255 3.57325e-08 0.000437166 2.05647e-08 1.99864e-05 0.0103252 0.00203234 0.000733978 6.97939e-12 0.0619949 0.0378757 0.00952593 0.0334607 0.177613 2.41383e-11 8.20652e-09 3.74754e-08 0.000640435 0.0639922 
0.0112014 0.00054215 0.0196847 0.396518 0.0317424 0.0691774 6.37189e-07 0.0433788 0.0299117 1.36851e-05 0.0479893 1.5317e-05 0.00459054 0.00192784 0.000415923 0.00172241 0.0123559 0.197558 0.00465524 0.0246439 0.00199063 0.0312242 0.00564753 0.000335268 1.00869e-06 0.000113174 0.00504371 0.00571664 0.0518832 
0.00738124 2.03572e-06 0.00657859 0.554792 0.0740656 0.0292953 1.41554e-06 0.00161795 0.00294731 3.80414e-05 0.00960141 2.25063e-05 0.000274106 0.0018467 2.05245e-08 6.78292e-05 0.0144332 0.00183015 0.00480501 0.00235427 0.000620525 0.0130948 0.274315 3.31243e-11 6.18089e-09 8.02514e-11 9.44808e-09 1.12597e-05 3.34279e-06 
0.0306175 2.0276e-05 0.000297528 0.861662 0.00840325 0.00594607 6.15761e-08 0.0244998 0.00774516 7.43383e-05 0.00419865 3.31142e-06 0.00158543 0.00149597 0.000152311 0.00578205 0.00700839 0.00169061 0.00427478 0.0146923 0.00963447 0.00196494 0.00658507 0.000252209 4.04663e-06 0.000353823 0.000276872 0.000572 0.000207128 
0.00814842 0.000331743 0.0326647 0.206096 0.189835 0.155869 0.0165408 0.00359053 0.101834 6.40744e-05 0.043701 0.000457796 0.0179273 0.00548076 0.00010711 0.000374162 0.0237182 0.00175718 0.00509587 0.125807 0.000149602 0.0223131 0.0180488 0.000196228 3.8085e-07 3.12296e-05 8.91572e-05 0.0193747 0.000396173 
0.173044 5.51599e-07 0.000605739 0.23391 0.00992132 0.162305 1.98585e-07 0.00591011 0.0417433 9.54535e-05 0.0408159 0.000206619 0.0170687 0.106493 6.01736e-05 0.0147585 0.0617813 0.000446291 0.0139992 0.00481059 1.06192e-05 0.0030183 0.0242231 7.90052e-06 2.08628e-09 0.000319803 0.000330133 0.000297069 0.0838163 
0.0700898 1.37347e-08 0.0009439 0.308708 0.0802609 0.0351284 0.00127214 0.175731 0.00597725 0.000229404 0.0269889 0.000636101 0.00352813 0.0089569 3.72756e-06 0.000520857 0.049522 0.014178 0.00425958 0.0832356 0.016589 0.0228994 0.0777086 1.03e-05 5.69687e-10 0.0109365 2.40264e-07 0.00139971 0.000285319 
0.0383909 0.00243661 0.000150177 0.462424 0.0596301 0.0168863 4.61231e-05 0.0160858 0.0451903 0.000356762 0.0139894 3.36121e-07 0.0137462 0.0393804 0.000200285 0.00129339 0.017165 0.00421529 0.00426719 0.0132366 0.235508 0.00522818 0.00829985 1.28685e-05 8.10155e-07 0.000155789 5.50293e-05 0.00141349 0.000234394 
0.0275355 0.00370857 0.0158509 0.31906 0.0501905 0.0687839 2.71318e-06 0.0057183 0.0508402 0.000219355 0.0729076 3.4042e-05 0.00612198 0.00167078 0.000324597 0.00300749 0.0295075 0.0017598 0.0280797 0.185124 0.0117485 0.0613069 0.0305681 0.0196639 7.80148e-09 7.94274e-05 1.35481e-05 0.00437117 0.00180119 
0.114506 2.34016e-05 1.67273e-05 0.445516 0.0162953 0.00335911 1.87229e-06 0.0253693 0.0957169 3.38695e-06 0.00470814 0.00252446 0.0131487 0.0213904 0.00020575 0.00015305 0.143499 0.000769657 0.0613139 0.00196014 1.93987e-06 0.044674 0.00131268 3.09387e-05 0.000116542 4.32922e-09 0.00259031 0.000592005 0.000200569 
0.0101408 1.52537e-05 0.00517858 0.343341 0.00382962 0.266256 3.64738e-05 0.020661 0.0942802 0.000124806 0.0219911 0.00029908 0.0571982 0.0101495 0.00814294 0.00218779 0.0171929 0.00492655 0.0107515 0.0509855 0.0052598 0.00912548 0.0550465 0.000150796 1.12363e-06 1.80951e-05 4.34776e-05 0.000916885 0.00174877 
0.0506339 0.0467763 5.1844e-06 0.69724 0.00768698 0.032403 7.14653e-06 0.00662041 0.00773052 0.00214425 0.0808011 1.86125e-07 0.00122184 0.00210138 5.96335e-06 0.000232086 0.00158203 0.0137553 0.0252148 0.00168971 2.85594e-06 0.00160852 0.0192735 9.36715e-07 0.000127664 2.61457e-05 4.71646e-05 0.000261277 0.000800393 
0.0318234 2.1031e-05 0.00497274 0.323359 0.0543831 0.0337858 9.4713e-07 0.0189189 0.0529945 0.000582488 0.0683905 1.58905e-05 0.00712994 0.0155882 0.00454291 0.081566 0.0736476 0.00115236 0.0185463 0.0660564 0.0344793 0.0144171 0.0175543 0.000278451 0.000110236 0.00825576 0.0566732 0.00869698 0.00205632 
0.00859629 2.75868e-07 0.00292108 0.854663 0.00110729 0.0513982 3.38645e-07 0.00269459 0.0133077 5.90022e-05 0.000624167 0.000142332 0.00194886 0.00909163 0.00654743 0.00140896 0.0159517 0.00261549 0.00419224 0.00134018 0.000284653 0.00207245 0.0124192 0.000711628 0.00216218 1.92185e-05 4.29529e-05 0.00357275 0.000104567 
0.0237366 1.8504e-05 0.0538356 0.24782 0.105082 0.142148 7.00661e-09 0.000916255 0.113081 4.50637e-05 0.101295 1.30546e-05 0.021039 0.00840577 8.42048e-05 0.000204402 0.01599 0.000450296 0.0131489 0.00626173 0.00610116 0.124795 0.0144281 7.15511e-06 2.88043e-11 1.97711e-08 2.53583e-07 0.000908744 0.000183545 
0.200959 7.70838e-06 0.0186966 0.440163 0.00302003 0.04813 1.71573e-06 0.00533763 0.0172352 0.00256905 0.019591 2.63248e-05 0.0883881 0.00614814 0.000432782 0.000106248 0.034889 0.0031609 0.0788805 0.00189493 0.000241542 0.0129955 0.00701029 0.00648348 0.00105934 0.000796134 4.15496e-06 0.00169461 7.67922e-05 
0.0812367 1.21784e-06 0.0030932 0.546167 0.00072127 0.000459597 7.69233e-07 0.0384371 0.0114793 3.2987e-06 0.00223294 9.13465e-07 0.00783749 0.0206557 0.00108299 0.107609 0.0937281 0.00194413 0.00618976 0.0565333 0.0154492 0.00253209 1.59937e-05 7.80738e-05 0.000126855 9.91067e-05 8.09134e-06 0.000293373 0.00198322 
0.0896648 0.104533 2.92497e-06 0.38661 0.00765099 0.0231374 2.40261e-06 0.0123039 0.00120458 1.3332e-08 0.13105 6.8351e-06 0.00020814 0.000692973 0.000112707 0.000275994 0.00433741 0.000736898 0.0464463 0.0147802 0.000642025 0.0167072 0.00169962 0.133771 0.000773563 1.35188e-08 9.6043e-05 0.00903962 0.0135132 
0.0397917 5.92675e-10 5.27137e-05 0.239982 0.121438 0.0133487 4.61882e-10 0.0360522 0.0525942 4.05108e-07 0.0992321 0.00115654 0.0830633 6.39411e-07 0.00251572 5.46364e-07 0.00477925 9.96486e-06 0.0934879 0.153753 8.575e-06 0.0189347 0.0377435 7.41079e-06 6.33657e-10 7.53297e-10 6.34303e-07 0.00204728 2.86036e-10 
0.00105014 1.37342e-06 1.03995e-08 0.783166 0.00527071 0.082461 2.03018e-10 1.87773e-07 0.00192373 3.26531e-10 0.0738017 2.89149e-10 0.000425291 2.14813e-07 1.40272e-10 1.01216e-10 5.04579e-07 5.95702e-08 0.0202794 0.030836 3.72666e-07 0.000731279 4.64056e-07 1.36667e-10 5.8469e-08 3.31108e-10 4.56672e-11 1.94701e-06 4.95299e-05 
0.0792741 0.0385751 0.000821338 0.531554 0.0205563 0.0791161 6.35958e-05 0.0163327 0.0132231 6.30641e-06 0.0242651 0.000476657 0.000270671 0.0149326 0.00663165 0.000101073 0.0209587 0.00755666 0.00338908 0.0074908 0.00472298 0.0292051 0.0621607 0.00700976 3.00894e-07 0.0175665 0.000941055 0.0116494 0.00114912 
0.104109 0.000372822 0.0129151 0.202163 0.0207978 0.144009 5.2394e-05 0.0380681 0.032922 0.000557855 0.042173 0.000811818 0.0078699 0.0452783 0.00160946 0.00708803 0.0541462 0.0171021 0.0481523 0.035745 0.0217395 0.011944 0.132144 0.00411792 0.000559199 0.00199226 0.00193517 0.00202147 0.00760344 
0.0359993 0.000107089 0.00589939 0.17256 0.121026 0.0482393 0.00152296 0.0206549 0.120715 5.70158e-05 0.114913 0.00104651 0.0143664 0.0386086 0.000430579 0.00316721 0.0230709 0.00608052 0.00889264 0.0823281 0.0149416 0.0519362 0.0630756 0.0293081 4.02434e-05 0.00114082 0.00161123 0.0112018 0.00705896 
0.0140521 5.92132e-08 0.000104503 0.487637 0.0478529 0.0617632 2.18238e-07 0.042535 0.0024557 4.35318e-06 0.113091 6.67372e-06 0.00108868 2.54796e-07 0.000419961 0.000455343 0.00339019 0.187326 0.0013186 0.00543856 0.00985305 0.00538513 0.011645 0.00359539 5.26833e-09 3.75388e-06 0.000114609 0.000366006 9.61605e-05 
0.0305153 0.000298174 0.00681035 0.515563 0.0218003 0.178513 1.84457e-05 0.0090136 0.0480695 0.000478399 0.0152192 7.7793e-05 0.0119618 0.0127242 0.0014076 0.0105089 0.0260392 0.00179645 0.0212482 0.0129692 0.00468044 0.00643128 0.0468038 0.00146457 4.08835e-07 0.000119636 0.00023144 0.00360292 0.011633 
0.0956782 0.00055079 0.0262955 0.3101 0.010949 0.127467 9.93633e-06 0.00847487 0.0123632 0.00156872 0.0336662 7.96755e-06 0.079192 0.015911 0.00324169 0.00409499 0.0271569 0.0510609 0.0105866 0.0541116 0.00848714 0.0066889 0.0720197 0.00259756 0.00311367 0.0117483 0.0212335 0.000537682 0.00108625 
0.104003 2.23534e-05 0.00722173 0.460601 0.0289035 0.0669952 2.50747e-06 0.032732 0.0248925 0.000453572 0.0472686 0.000441018 0.0066934 0.00695088 0.00274823 0.00444647 0.012733 0.00144447 0.020636 0.017391 0.00412408 0.0140723 0.0826447 0.0309266 5.61143e-05 0.00194043 0.000482052 0.00516395 0.014009 
0.0507973 1.28039e-06 0.00133428 0.142313 0.0942073 0.0219412 0.00251837 0.0839904 0.0352946 0.0020761 0.083844 0.000165427 0.0103652 0.073017 0.000695055 0.00100286 0.0608955 0.0720914 0.0466188 0.0149543 0.0263241 0.0187489 0.0833042 0.00494809 2.2365e-07 0.0231749 0.000445641 0.0377447 0.00718611 
0.232885 1.07652e-06 0.00035245 0.518058 0.000440925 0.0149418 4.66344e-09 0.00483474 0.00422981 9.16911e-05 0.0131635 7.23363e-05 0.066485 0.00323001 5.30648e-06 0.00875312 0.00386605 0.000142483 0.0762944 0.00124665 0.00111093 0.0414976 0.0014153 0.00256232 2.61273e-06 2.19965e-06 1.12083e-07 0.00389443 0.000420324 
0.153167 0.00218691 0.00439182 0.217431 0.103188 0.010274 2.51845e-05 0.0149831 0.13694 0.00292171 0.0150448 0.000148459 0.0292167 0.0461241 0.00213495 0.0155722 0.0294849 0.0161367 0.0181461 0.00783928 0.00189361 0.022198 0.0585393 0.00364512 0.00217549 0.0711536 0.00151241 0.00215694 0.0113691 
0.0105787 0.000197607 0.0127411 0.555796 0.0316681 0.102217 1.01259e-05 0.0117595 0.0235032 0.000220892 0.0104307 2.38468e-06 0.0151669 0.00776304 0.00011057 0.015168 0.0758275 0.00382625 0.00255079 0.0790194 0.00891364 0.0171624 0.0134535 0.000100332 3.76456e-09 6.23181e-09 1.72879e-06 0.00171077 9.93813e-05 
0.046191 0.00035392 0.0178089 0.241764 0.0813842 0.174395 0.000137645 0.00249536 0.0237794 0.000237119 0.115463 1.43695e-05 0.00311348 0.00999604 0.0418093 0.00135557 0.0522528 0.00187706 0.00397005 0.0394046 0.0020647 0.0296069 0.0227487 0.0660846 4.32089e-06 8.74409e-06 0.00832749 0.00186799 0.0114831 
0.129918 2.81438e-10 0.000746907 0.417459 0.0437878 0.105966 2.19329e-10 0.00617313 0.0162521 0.00194031 0.130732 1.8642e-06 0.00183921 0.00107347 5.16162e-05 0.00242651 0.00991874 0.000239045 0.0377865 0.0222851 0.00271042 0.00853032 0.0224014 0.0331707 3.00899e-10 3.57711e-10 0.000438831 0.000285805 0.00386452 
0.0437499 0.000810221 0.0170942 0.204301 0.0389865 0.20258 7.04901e-05 0.00789773 0.0259745 0.00113165 0.0615347 0.000855248 0.0118313 0.0206751 0.00478699 0.00419201 0.0382104 0.00676273 0.06133 0.0405387 0.0208496 0.0221711 0.138149 0.00508159 0.00043458 0.00335615 0.00353418 0.00606026 0.00704902 
0.292527 0.000148448 0.000643817 0.312869 0.0058227 0.0135283 4.15775e-07 0.00311531 0.0711813 0.00928843 0.00634891 4.46273e-06 0.00971666 0.0332941 0.00138492 0.00305723 0.0289886 0.00800676 0.0200646 0.0992847 0.0143088 0.0437141 0.00735899 0.000404749 0.001571 0.00864515 9.73343e-05 0.00012687 0.00449676 
0.00398016 3.53725e-08 0.000794985 0.638756 0.0458827 0.0414213 5.7656e-05 0.0107688 0.00842027 0.000552442 0.14484 0.000209604 0.00297739 9.27169e-05 0.000364108 0.000136773 0.0244068 0.00115558 0.000327727 0.0362853 0.00175543 0.017237 0.00475537 0.00455558 3.78185e-08 0.000375996 5.69399e-05 0.00140607 0.00842632 
0.156244 3.43654e-06 0.000896251 0.295036 0.0105511 0.160549 4.81601e-06 0.0327396 0.0369609 0.000739391 0.0464211 2.02492e-05 0.0257206 0.00437477 0.000286813 0.0127408 0.0225716 0.00570301 0.0148207 0.00974487 0.0315238 0.0272477 0.0886496 0.000346168 4.20195e-05 8.9175e-06 4.20842e-06 0.0021923 0.0138559 
0.050998 3.91823e-06 0.0118028 0.319201 0.00697491 0.0802454 1.76883e-08 0.00197726 0.113471 6.94851e-05 0.016593 9.73582e-05 0.00944586 0.0307002 0.000359829 0.000213386 0.196446 0.00897051 0.109307 0.00725019 0.00184612 0.00966584 0.0232739 4.7221e-05 3.42017e-08 5.07466e-05 1.77268e-06 0.000860002 0.000126329 
0.11621 8.45022e-07 0.00122273 0.275684 0.0121494 0.23035 1.17888e-07 0.00141593 0.0115383 0.000849975 0.0410783 9.61705e-06 0.00202662 0.00138946 0.000743782 0.0347037 0.0109269 0.0630024 0.0128463 0.0519707 0.00845486 0.00225505 0.0121233 0.000116309 0.108664 4.84588e-06 8.21647e-06 6.22007e-05 0.000191461 
0.0208619 1.16312e-10 9.24661e-05 0.571768 0.0556383 0.000159184 3.69103e-08 0.00960403 0.0998851 0.000322147 0.0164194 3.29856e-06 0.0071667 0.0119973 0.00228111 0.155739 0.00698349 0.000176332 0.000964607 1.01888e-08 1.91613e-07 0.0139312 0.00859789 0.00351093 3.55159e-07 1.24414e-06 0.0110969 0.00279829 1.51585e-07 
0.0308237 1.43061e-05 0.00457894 0.409877 0.0502029 0.0356456 8.48365e-07 0.0764863 0.0147243 1.95254e-05 0.0299956 0.000258208 0.00430457 0.00301155 0.000508859 0.0012772 0.0175123 0.0483568 0.00356813 0.020869 0.0120978 0.183511 0.0410502 0.00907102 0.000780334 7.53268e-05 3.77876e-05 0.00133986 1.59209e-06 
0.0263974 8.67996e-06 6.90585e-05 0.59596 0.00575854 0.0861901 8.61853e-07 0.0845329 0.0228331 0.000156113 0.0239311 1.08719e-06 0.00328065 0.00589066 0.000323794 0.000188966 0.00409467 0.00335859 0.00102283 0.0245087 0.0862626 0.00506495 0.00711402 0.000146687 9.19601e-06 0.000100068 2.2083e-05 0.00138725 0.0113856 
0.159472 1.27676e-05 0.000756414 0.401899 3.57472e-07 0.00337997 0.000296505 0.00922935 0.0128574 0.00011995 0.00580371 6.68083e-05 4.65464e-06 0.0320364 1.50138e-05 0.000358674 0.00070021 0.135735 0.00354725 0.00213979 0.144645 0.000446132 0.0798605 0.00597795 2.90119e-08 3.44896e-08 2.30519e-05 0.0006138 2.06626e-06 
0.427147 1.04734e-10 0.00117425 0.472586 8.2786e-07 0.0200053 2.86141e-07 0.0341241 0.00174349 0.000598032 0.0111374 5.37827e-08 0.00397372 0.00121044 2.81681e-08 2.28618e-05 0.000489381 0.0001388 0.00405477 0.00877576 0.00342716 0.00707537 0.00133309 1.9095e-05 3.03125e-07 2.84521e-07 2.48283e-06 0.000608199 0.000350929 
0.00226401 1.51736e-08 5.56655e-05 0.36819 0.063365 2.11076e-06 1.047e-08 0.00706805 0.0687941 3.86953e-08 0.0123135 4.07756e-06 0.00537416 0.00204069 0.00184401 0.0875107 0.00171783 7.17853e-05 0.000723147 1.08799e-05 0.000118477 0.009642 0.00145968 0.00105011 9.71103e-08 3.40212e-07 0.363777 0.00260236 4.17915e-08 
0.0305746 5.03128e-06 0.0147236 0.246555 0.0042828 0.06667 4.02794e-07 0.0769076 0.0996011 0.000686718 0.0410187 6.76857e-06 0.0207137 0.044134 0.0100466 0.00449635 0.0680265 0.0963527 0.0289485 0.0530029 0.0234146 0.00975909 0.0332552 0.000308405 1.95127e-07 0.00259634 1.94574e-05 0.000985029 0.0229087 
0.023321 0.00161282 0.0106581 0.305254 0.0293846 0.137675 1.76977e-05 0.00768997 0.0409463 0.000103988 0.0361024 0.000931858 0.0345907 0.042801 0.000184078 0.0226504 0.105037 0.000431754 0.0370819 0.0071453 0.0167028 0.0180932 0.0991471 0.00215724 0.000903415 3.34775e-08 0.00521363 0.0106063 0.00355771 
0.0128545 2.14601e-09 0.00188621 0.276518 0.0329553 0.00286103 1.67243e-09 0.00901503 0.161502 0.00983581 0.00145956 4.93017e-05 0.0292887 0.204077 6.62751e-06 1.1631e-06 0.170975 0.000101834 0.00059359 0.000541428 0.00373599 0.0565985 0.0231657 3.06442e-06 0.000103277 4.22041e-06 0.00176473 0.000102209 1.03571e-09 
0.00226401 1.51736e-08 5.56655e-05 0.36819 0.063365 2.11076e-06 1.047e-08 0.00706805 0.0687941 3.86953e-08 0.0123135 4.07756e-06 0.00537416 0.00204069 0.00184401 0.0875107 0.00171783 7.17853e-05 0.000723147 1.08799e-05 0.000118477 0.009642 0.00145968 0.00105011 9.71103e-08 3.40212e-07 0.363777 0.00260236 4.17915e-08 
0.0232664 9.30444e-05 0.00418138 0.601241 0.0123755 0.0852213 5.64538e-06 0.0086052 0.0573715 3.20312e-05 0.0295579 0.000129688 0.00956481 0.0244425 0.000918605 0.00305807 0.0187393 0.00399767 0.0583409 0.0228231 0.00133795 0.00797403 0.0227718 2.98169e-05 3.40221e-09 0.00266937 2.37602e-06 0.000248086 0.00100064 
0.0175562 1.25201e-07 0.00399744 0.206313 0.00884597 0.194351 1.84182e-06 0.00355948 0.123426 9.35929e-06 0.0903278 4.03157e-06 0.0182655 0.136591 3.45983e-07 0.000603113 0.0586875 0.0290978 0.00103482 0.00412977 0.00056111 0.0593436 0.0329641 2.76726e-06 3.59366e-08 3.57308e-07 5.41091e-08 0.0103251 5.53762e-08 
0.0289106 0.00434547 0.000194971 0.280447 0.0617502 0.0729693 4.1525e-06 0.00383745 0.0520041 5.06796e-05 0.013738 1.13614e-05 0.0190113 0.0752138 1.93228e-05 0.0129797 0.246184 0.0016101 0.0012772 0.0134666 0.00435246 0.0720555 0.022873 0.000150182 1.06091e-06 1.0535e-08 9.17057e-05 0.0111126 0.00133896 
0.000990483 6.50924e-06 2.57407e-06 0.833647 0.0185932 0.012184 6.09196e-05 0.00251925 0.000493736 6.24412e-08 0.0910349 5.52927e-08 0.000595846 6.80657e-09 1.39392e-05 1.79417e-05 6.71267e-05 0.00044049 0.0017074 0.00105336 0.000565046 0.0345172 0.000272266 1.61121e-06 5.32605e-08 9.99091e-05 2.43518e-06 1.29662e-08 0.00111254 
0.0414753 0.000566414 0.00471908 0.506636 0.0304017 0.151716 4.94416e-05 0.00273529 0.0210679 0.000171516 0.0139477 0.0454249 0.00406124 0.0162613 0.00164327 0.00368607 0.0405758 0.00924522 0.00830383 0.00903527 0.0179478 0.00924792 0.0429506 0.00140637 0.000324101 3.86722e-05 0.00286725 0.00424082 0.00925349 
0.0566894 9.97803e-07 0.00945161 0.264489 0.0312145 0.0820596 1.94141e-06 0.0513619 0.0147636 6.75049e-05 0.0629691 0.000126932 0.00475097 0.00767461 0.000344715 0.000956392 0.0458993 0.0213666 0.00468738 0.216023 0.00168498 0.0163583 0.0989315 0.00154604 2.76425e-09 3.58299e-05 0.00394145 0.00136969 0.00123313 
0.0398543 0.000461989 0.00760429 0.153323 0.0566334 0.148073 2.33233e-05 0.00786598 0.0601093 0.00409528 0.0918072 9.363e-05 0.00705225 0.0466049 0.00162786 0.00932311 0.0600056 0.00205542 0.0348366 0.108613 0.0405055 0.0160639 0.0271768 0.0119401 1.98269e-05 0.00234443 0.00102343 0.00338767 0.0574753 
0.0232863 3.67486e-05 0.00160803 0.619638 0.00283871 0.0205461 3.04845e-07 0.00146419 0.0117219 2.84031e-05 0.00637228 0.000124351 0.0239581 0.00479477 0.000255779 0.000474746 0.000534591 5.07194e-05 0.0476633 0.00033144 0.0012679 0.139513 0.0809695 0.000117057 2.03256e-06 0.000448291 1.18238e-06 0.000237403 0.0117149 
0.0014516 2.75913e-08 0.00632131 0.640831 0.020168 0.0766784 2.43312e-08 0.00209838 0.00424429 3.07567e-07 0.0108166 0.000363748 0.00627726 0.027689 4.63396e-05 3.62883e-06 0.00521679 0.00933587 0.0463199 0.00126752 0.00295866 0.00263024 0.00451733 0.0121538 2.94992e-08 3.50689e-08 7.12712e-06 1.26939e-06 0.118601 
0.0277283 2.37319e-07 0.000792143 0.452725 0.0245265 0.0270587 0.000549714 0.127609 0.0105361 7.31364e-05 0.00370184 4.01915e-05 0.00019939 0.00183559 0.000108711 0.000638177 0.00389406 0.00253212 0.016638 0.0513478 0.00317381 0.0843039 0.129837 2.68927e-06 1.71623e-09 0.0291957 3.6844e-06 0.000821539 0.000126699 
2.49045e-06 0.000190811 1.74974e-07 0.427864 0.0282905 1.54323e-08 1.21481e-08 0.0138463 0.00180151 0.000212924 1.80795e-09 5.07869e-07 7.31208e-06 0.00374848 0.000403212 0.096296 0.00424891 8.99799e-06 0.000748873 3.16967e-05 1.05528e-06 3.46638e-09 6.37073e-06 2.69215e-05 8.67908e-06 0.00462136 0.34737 0.0702633 7.52313e-09 
0.0330744 4.222e-05 0.0235254 0.16248 0.052976 0.138644 1.38394e-06 0.0171397 0.020982 1.27225e-05 0.13162 6.14447e-05 0.0122368 0.00239084 0.000232303 0.000968796 0.0941782 0.0319886 0.00372158 0.0611007 0.0554339 0.032132 0.0580606 0.00949369 0.00106171 8.74171e-06 1.78595e-05 0.00135994 0.0550542 
0.229667 8.16129e-08 0.0300648 0.418176 0.0623948 0.0395137 3.89684e-06 0.00436368 0.00777832 0.000165321 0.00089646 0.000231181 0.00134639 0.00780458 0.00285531 0.000530353 0.00306687 0.0694527 0.0369524 0.0105319 0.0274541 0.00533088 0.0407714 0.000404644 5.81789e-10 3.63393e-05 4.11239e-07 0.000203912 3.29148e-06 
0.00226401 1.51736e-08 5.56655e-05 0.36819 0.063365 2.11076e-06 1.047e-08 0.00706805 0.0687941 3.86953e-08 0.0123135 4.07756e-06 0.00537416 0.00204069 0.00184401 0.0875107 0.00171783 7.17853e-05 0.000723147 1.08799e-05 0.000118477 0.009642 0.00145968 0.00105011 9.71103e-08 3.40212e-07 0.363777 0.00260236 4.17915e-08 
0.00795237 0.000344216 0.0115741 0.526996 0.0931807 0.00756611 2.69069e-08 0.00942186 0.0415675 0.00138201 0.0116211 6.16978e-06 0.00493747 0.0252875 0.00145627 0.039748 0.0919403 0.000295149 0.00702172 0.00395237 0.0088757 0.0431103 0.0107709 0.000723081 3.78765e-05 0.000560911 0.00245266 0.0450673 0.00215021 
0.0722088 0.000565324 0.0268432 0.445527 0.00611999 0.0534341 2.78996e-05 0.00747369 0.0330552 0.000382462 0.0574888 3.33427e-05 0.0012373 0.0210372 0.000575845 0.00130016 0.00767158 0.0878562 0.0192611 0.00441396 0.0184978 0.00510283 0.0778517 0.000381726 2.99527e-05 0.0495697 0.000461745 0.000937857 0.000653454 
0.0433497 0.00224503 0.00685297 0.226665 0.0230193 0.207823 0.00012894 0.00613887 0.0743652 0.0114089 0.0170977 0.000464436 0.0354178 0.088057 0.00159498 0.00433009 0.0632824 0.00210678 0.00597671 0.0562457 0.00830547 0.0097766 0.0440687 0.0140172 0.00110273 1.49939e-05 0.000195259 0.0118641 0.0340848 
0.102426 5.53929e-05 0.000156248 0.313312 0.0118827 0.083128 6.42633e-09 0.0995834 0.00275042 0.0046832 0.117841 3.65935e-05 0.00197986 0.00227641 0.000335947 0.00104515 0.0535563 0.0188827 0.0129343 0.0194159 0.0795634 0.0098365 0.0526623 8.21329e-05 4.51466e-10 1.62544e-06 0.00104836 0.00018688 0.0103361 
0.0526867 8.86141e-05 0.000485099 0.764107 0.00873033 0.0522384 6.47245e-07 0.00165587 0.0020527 0.000359216 0.00494329 1.02144e-06 0.0058191 0.01928 0.00140903 0.00191128 0.00680559 0.00104363 0.0227074 0.000513204 0.000794803 0.0135655 0.0385565 4.13628e-05 2.18862e-05 1.87957e-06 5.53412e-05 2.55605e-05 9.92757e-05 
0.312573 3.67993e-05 0.00631613 0.362954 0.00248736 0.0112528 3.23778e-05 0.00467876 0.0219171 0.00915734 0.0224329 9.7216e-06 0.0234825 0.0135912 9.31221e-07 0.00226938 0.00484928 0.0911674 0.0321386 0.00883141 0.00363272 0.00843317 0.0190135 0.00892871 2.72502e-06 3.43648e-05 0.0276013 0.0014065 0.000768669 
0.0567243 0.00205427 0.0358742 0.202118 0.0315398 0.111377 0.0086329 0.0141156 0.0384193 0.000515517 0.0495499 0.000360608 0.00548688 0.0149303 0.0343665 0.00996163 0.0153832 0.0168003 0.0180908 0.122596 0.0271352 0.0126144 0.133054 0.00504176 0.0118901 0.00125044 0.0138157 0.00268799 0.00361365 
0.0558137 2.2342e-05 0.0618327 0.232983 0.0125636 0.115737 1.21698e-05 0.0571347 0.0790096 0.00093077 0.0446681 9.68705e-05 0.0146581 0.0409749 0.00092886 0.000538921 0.108571 0.00502145 0.0452532 0.0162006 0.00305129 0.0173121 0.0175589 0.00352125 3.66989e-05 0.0222058 0.00623634 0.0218435 0.0152827 
0.0132188 0.00123284 0.130414 0.373612 0.00145879 0.0229308 8.76335e-06 1.84603e-05 0.00268588 0.00018391 6.25447e-06 3.57119e-09 0.0653191 0.0996868 0.0171335 6.43623e-05 0.221308 0.0364636 0.00260929 6.40918e-05 0.00121908 0.000556061 0.00855611 3.24115e-05 3.43993e-09 0.00116217 5.4718e-06 2.1231e-05 2.7565e-05 
0.142407 0.000257844 3.22867e-05 0.222862 0.0113633 0.110822 9.41683e-07 0.0698385 0.000491386 0.00134253 0.112674 7.10195e-06 0.00703542 0.00783648 2.08316e-05 4.57188e-05 0.0211047 0.0212753 0.190884 0.00710112 1.64674e-10 0.0543825 0.0164449 0.000109032 1.83237e-08 2.17834e-08 1.26734e-05 0.000835899 0.000811552 
0.0734877 4.28087e-07 0.0045502 0.563224 0.00393278 0.0972169 1.28807e-09 0.00103398 0.00944224 1.17473e-06 0.00625748 9.97591e-05 0.0010541 0.000893165 3.71773e-06 5.08385e-05 0.132213 0.00373377 0.0196089 0.060666 0.00111886 0.0042833 0.0161007 9.69094e-06 3.26578e-07 1.66467e-06 2.086e-07 0.000415913 0.000599164 
0.103562 3.32253e-05 0.00851524 0.301278 0.135076 0.103091 6.52764e-06 0.0188416 0.0386813 0.000400982 0.0615687 0.000524024 0.0142202 0.00724086 0.000958636 0.00138058 0.0284077 0.001477 0.0136705 0.0564769 0.00823179 0.0324472 0.0373666 0.00261569 0.0096549 0.000163049 0.00123286 0.00299003 0.00988675 
0.0108427 4.07847e-05 0.00108372 0.737304 0.0540701 0.0777577 8.10415e-08 0.000111234 0.00114135 1.26629e-06 0.0176977 4.83053e-06 0.00167929 5.12764e-06 1.3343e-05 1.70615e-05 0.000686562 6.61083e-07 0.00484375 0.00117487 0.00153112 0.0772729 0.0120568 2.26151e-10 1.05509e-07 2.0287e-06 1.30071e-06 6.54709e-05 0.000594527 
0.111533 0.00110615 0.00813426 0.411398 0.0193338 0.0982681 0.000116225 0.0207872 0.0148993 0.000871785 0.0950341 0.000753371 0.0168021 0.0179267 0.000432827 0.00225746 0.0170301 0.00971546 0.0291018 0.0138168 0.00329118 0.0263932 0.0532103 0.00409574 0.000102624 4.40222e-06 0.000174253 0.00134451 0.0220658 
0.000513758 4.93259e-09 0.00234155 0.662277 0.017534 0.0146597 1.03726e-05 0.00876237 0.0236879 1.46288e-06 0.00629672 2.94189e-05 0.0223087 0.00520203 0.000373257 5.25689e-05 0.168142 0.000304386 0.00328185 0.0115444 0.000358547 0.0384558 0.000837994 0.00228887 8.17975e-07 2.0093e-06 8.4783e-09 0.00925983 0.00147258 
0.124274 2.74359e-05 0.0167069 0.547971 0.00710694 0.0974499 1.42447e-05 0.0236385 0.0140982 0.00167951 0.0292835 3.39597e-06 0.00594691 0.0114886 0.0149869 0.000408532 0.00845285 0.000666486 0.0531661 0.000278076 0.00465368 0.00781817 0.0251568 0.000285463 4.1384e-07 0.000463886 0.000245935 0.00076487 0.00296314 
0.231067 2.05314e-10 0.000155673 0.27582 0.000506253 0.115776 1.60005e-10 0.111025 0.00770565 5.96623e-05 0.0246648 2.27886e-10 0.0105178 0.00664697 0.000211388 4.00859e-05 0.0523249 0.00325874 0.0999468 0.023662 1.48394e-06 1.33655e-07 0.0198454 0.000320882 0.0155704 2.60956e-10 1.59012e-08 0.000873133 2.31866e-07 
0.0790817 1.77822e-11 0.000173827 0.434009 0.0172646 0.0761284 5.05551e-06 0.00443438 0.0573733 7.99416e-05 0.0297859 1.03907e-05 0.00102419 8.63761e-05 1.84883e-05 0.00654793 0.00275532 0.00211291 5.49711e-12 0.0180877 0.0235364 0.00674632 0.0191526 0.140291 1.90118e-11 9.9928e-09 4.56874e-08 0.0019683 0.0793258 
0.0527608 0.000177717 0.00077495 0.698055 0.00377937 0.0125421 3.63897e-07 0.0759325 0.0126839 1.64577e-05 0.0374526 0.0485835 0.00585955 0.00106704 7.93175e-05 0.000275 0.00220961 0.00210147 0.0112214 0.00501766 8.365e-07 0.0126005 0.0137182 0.000166987 4.56308e-08 4.40706e-07 0.0020742 0.000782983 6.51514e-05 
0.0647743 0.000195221 0.00793331 0.416981 0.106412 0.0958079 1.25562e-06 0.0123115 0.0413757 0.000146258 0.0489938 5.1092e-05 0.00298208 0.00292793 0.000828033 0.00031257 0.0217833 0.00278524 0.093905 0.0172561 0.00275889 0.0170112 0.0274089 0.00076108 1.28734e-05 4.80351e-06 1.70274e-05 0.00274761 0.0115148 
0.103271 0.000439479 0.000400886 0.109361 0.0585293 0.092234 1.04988e-05 0.00954227 0.0491855 0.000300075 0.067773 4.80687e-06 0.0102234 0.0316852 0.00370691 0.00308369 0.0130732 0.000199914 0.106133 0.0161428 0.0159397 0.0660489 0.0926069 0.0434553 0.000257927 0.0644639 0.000245866 0.0017472 0.0399346 
0.0122745 6.97061e-06 1.17576e-07 0.653241 0.0174953 0.0893503 3.26012e-06 2.0294e-05 0.00568637 1.66096e-06 0.0106108 1.2455e-08 0.00362503 0.000213737 8.65283e-09 0.00614483 0.00120677 3.30637e-05 0.153843 0.00705636 0.000179864 0.0120868 0.0220213 0.000367929 5.2688e-11 8.50385e-06 1.41306e-06 5.81992e-05 0.00446237 
0.0481945 6.14758e-08 0.00986306 0.406788 0.0437137 0.0707533 3.03387e-08 0.0635208 0.0228089 0.00046497 0.0207132 0.000116402 0.00913189 0.0101596 0.0235013 0.0459729 0.189182 0.00040797 0.00686511 0.0081174 2.42201e-07 0.00192824 0.00531355 1.3729e-05 2.79356e-06 0.00132102 0.00171613 0.00177327 0.00765628 
0.11575 7.24949e-05 8.70695e-05 0.338599 0.0225854 0.0161758 3.26615e-06 0.0273934 0.00689506 3.52504e-07 2.31223e-07 1.64129e-06 0.00586804 0.172441 3.59359e-07 0.000849788 0.0104097 1.02861e-05 0.24011 1.26813e-06 0.00641917 0.00225935 0.0321416 1.67108e-05 9.12634e-06 5.99812e-08 4.45133e-08 0.00190051 2.27756e-08 
0.0107595 0.000417413 0.0121023 0.271938 0.101102 0.242661 7.69427e-06 8.66978e-05 0.0255009 0.000276851 0.024447 2.23996e-07 0.0647414 0.0254878 0.000126465 0.000134455 0.0069442 0.000241757 0.0340103 0.00300644 0.0083435 0.128691 0.0347228 7.38612e-05 1.12722e-10 0.00152246 4.15628e-06 0.00223865 0.000410348 
0.284728 5.00367e-05 0.00755273 0.310585 0.00372822 0.042473 3.64513e-08 1.14278e-06 0.236592 4.81897e-05 0.00816064 0.000282015 0.00377038 0.0123696 0.005101 0.00123031 0.00838285 0.000527919 0.0120282 0.00298582 0.00132909 0.0415272 0.0145138 0.000660994 2.32089e-09 3.97748e-07 3.8054e-10 0.000913516 0.000458602 
0.00863295 0.000315364 0.00192199 0.48608 0.0300421 0.229699 5.64127e-05 0.000130384 0.0407968 6.02795e-05 0.0345413 0.000436172 0.00282468 0.0185747 0.000841069 0.00208606 0.0509175 0.00774807 0.000367717 0.0190333 0.0211297 0.00487452 0.0288413 0.00600084 3.94568e-08 1.83612e-08 3.47043e-05 0.00214865 0.00186451 
0.00226401 1.51736e-08 5.56655e-05 0.36819 0.063365 2.11076e-06 1.047e-08 0.00706805 0.0687941 3.86953e-08 0.0123135 4.07756e-06 0.00537416 0.00204069 0.00184401 0.0875107 0.00171783 7.17853e-05 0.000723147 1.08799e-05 0.000118477 0.009642 0.00145968 0.00105011 9.71103e-08 3.40212e-07 0.363777 0.00260236 4.17915e-08 
0.0246628 0.00195687 0.00336548 0.738091 0.00802853 0.0245591 4.10684e-06 0.0206472 0.00382104 0.000232724 0.0103352 2.74138e-05 0.000154705 0.000229381 0.000497465 0.000383366 0.046026 0.00794208 0.0117864 0.00182102 0.0109236 0.0236293 0.0428834 7.29772e-05 0.0172221 2.12264e-06 9.0749e-06 0.00017981 0.000505286 
0.0107056 2.57325e-07 0.010355 0.388223 0.0584207 0.0571703 6.378e-06 0.0223062 0.0220056 0.000183957 0.157215 0.000223476 0.0136824 0.00162625 0.00353997 0.000554063 0.0288351 0.0311614 0.00376721 0.0202711 0.0652618 0.0398152 0.038008 0.00256827 1.72859e-09 0.00123275 1.31817e-05 0.00168482 0.0211634 
0.103018 0.00723832 0.0155314 0.254299 0.063274 0.139927 0.000253709 0.0305177 0.0351912 0.000569103 0.0476318 0.000546565 0.0180367 0.0358529 0.00178085 0.0105318 0.0477384 0.0218402 0.0143169 0.0302654 0.0146888 0.0152702 0.0672565 0.00357615 0.000738384 0.00181925 0.000861935 0.00929266 0.0081357 
0.075142 0.00334253 0.000489854 0.2285 0.0201114 0.153689 0.000864467 0.00157685 0.145625 0.000348377 0.00271547 2.68804e-05 0.0113251 0.178964 0.00034329 3.01161e-05 0.0329697 0.00190903 0.0508058 0.00539229 0.000339838 0.0265528 0.0543809 0.000730374 5.46707e-07 6.04978e-05 0.00016406 0.00341053 0.000189173 
0.0219308 0.00210365 0.0162396 0.610711 0.053538 0.0376716 0.00011668 0.015141 0.00726257 1.05722e-05 0.0588183 8.58191e-07 0.00200937 2.65751e-05 7.16623e-05 0.000227416 0.00257739 0.0807187 0.0253068 0.00194564 0.0213643 0.0270781 0.0118265 0.00218638 3.33442e-07 8.05939e-06 2.60248e-05 0.000578581 0.000503881 
0.00967994 0.000135485 0.00887139 0.436971 0.0296607 0.327027 7.47239e-07 0.000103579 0.0925317 0.000122673 0.0134476 1.63268e-07 0.0021666 0.00342616 1.74057e-07 0.000292257 0.0138574 0.000295868 0.00210154 0.0074784 0.00496278 0.0249741 0.0192536 3.9572e-06 5.48741e-10 0.000441862 3.99985e-06 0.00123274 0.000956615 
0.0137975 1.49538e-06 0.000767109 0.407376 0.040416 0.0292779 4.62287e-07 0.0116034 0.00132086 8.95932e-06 0.277443 1.80277e-05 0.000582809 0.000413683 0.000714633 0.000218615 0.013863 0.00623705 0.00110316 0.0201588 0.117091 0.00562989 0.0216091 0.00910049 5.68416e-09 0.000395184 2.25198e-05 9.99088e-05 0.0207297 
0.0134126 3.4506e-06 0.00167941 0.513156 0.00956744 0.15895 2.79662e-06 0.0317438 0.0369486 0.000114508 0.041708 0.000257749 0.00370255 0.00807108 0.000930509 0.000188583 0.0298245 0.00446347 0.000746997 0.0423139 0.0681929 0.00428746 0.0151489 0.000603945 2.18125e-05 7.28248e-05 2.15189e-05 0.00192393 0.0119412 
0.0389246 0.000105666 0.00421115 0.294974 0.0299074 0.293197 4.7469e-07 0.000625177 0.0334324 3.03543e-05 0.0527485 1.78323e-05 0.0124667 0.0227046 2.13431e-06 0.00438551 0.0328788 0.000501984 0.00888393 0.0683215 0.00368918 0.0296535 0.0221936 8.29026e-05 1.78514e-06 0.00647425 0.0243096 0.00484513 0.0104299 
0.139438 0.00022766 0.0124383 0.341782 0.00749889 0.0541734 8.95093e-07 0.000375533 0.0121536 0.000686782 0.00305914 1.1079e-06 0.0162809 0.112624 0.00300134 0.000261273 0.0230739 0.0154212 0.0191683 0.00205608 0.000878025 0.00545227 0.170619 0.000727505 0.0554898 0.00295799 1.63305e-05 5.18997e-05 8.52206e-05 
0.0392762 0.033655 0.000913214 0.170452 0.0359779 0.127267 0.000945829 0.00194379 0.1652 4.69965e-05 0.164559 0.000297682 0.0119548 0.00318378 7.19322e-05 0.0232302 0.0143587 0.000577207 0.00445 0.0379275 0.0378201 0.0043844 0.0538647 0.0293106 0.00064302 2.90882e-06 0.00926311 0.00233518 0.0260875 
