0.0416131 4.02825e-05 0.00788328 0.0257895 0.33561 0.051944 4.42418e-06 0.00710658 0.0367827 0.000235199 0.11114 0.00228594 0.00231383 0.00157924 6.1408e-05 0.00163904 0.117795 0.0026223 0.0142644 0.0332998 0.0396747 0.0125598 0.0135826 0.00729224 1.02976e-08 0.0108629 0.00116516 0.0178962 0.102957 
0.0103487 2.33636e-05 0.0236758 0.00916889 0.22425 0.0498296 7.35998e-06 0.00160155 0.04416 5.61782e-05 0.150757 0.00131801 0.0101675 0.000199049 0.00685317 0.00192665 0.191749 0.000579491 0.000520363 0.0153008 0.000612973 0.0332514 0.004874 0.0101503 5.91738e-12 9.05349e-09 0.000122938 0.0178206 0.190675 
0.0129071 0.00473424 0.0117153 0.0405076 0.199479 0.195865 7.30546e-06 0.0030227 0.0333702 4.18535e-05 0.107285 7.94009e-05 0.0103138 0.00850621 0.000423002 0.0017604 0.055775 0.0023466 0.0148363 0.0276629 0.0132472 0.0421932 0.0245963 0.0103499 1.00004e-07 1.10463e-05 0.00158778 0.0149114 0.162465 
0.0533761 2.8457e-11 0.00133116 0.0689429 0.237887 0.0345832 1.04731e-06 0.0420304 0.0209459 0.000502649 0.217684 3.66712e-06 0.00673511 0.00280185 0.000170472 0.000270846 0.0710812 0.00457163 0.000178162 0.0404062 0.0369617 0.0786956 0.010692 0.0166575 3.04247e-11 5.32822e-08 5.02524e-05 0.000372244 0.0530674 
0.00365461 1.15321e-05 0.000142862 0.0225064 0.379724 0.199053 1.01995e-06 0.00307681 0.00446615 2.99059e-05 0.123132 4.35481e-05 0.00179162 0.00236021 0.000284542 0.000224744 0.0114073 0.000331956 0.00049591 0.0824931 0.0167406 0.013005 0.0180394 0.0094247 3.41539e-07 4.71234e-08 3.15229e-05 0.0054111 0.102116 
0.0033156 4.11086e-05 0.00226142 0.0144709 0.664934 0.0304661 1.20632e-06 0.00191043 0.00413661 2.514e-06 0.204544 1.02782e-05 0.000170614 0.00114153 4.299e-05 9.14855e-05 0.0177513 0.000606375 0.000161054 0.00520765 0.00310306 0.0196451 0.00776873 0.000739896 1.09535e-11 2.36968e-08 4.43248e-05 0.000239329 0.0171922 
0.00616868 6.58562e-05 0.000249742 0.0235076 0.477805 0.250572 1.08325e-05 0.000263106 0.0567556 5.37209e-06 0.0265523 1.46791e-06 0.00438115 0.0145746 3.85233e-05 0.000940444 0.0389629 0.00143475 0.000200882 0.0482984 0.00314894 0.0144698 0.0265401 5.39504e-07 1.7402e-11 3.38174e-07 1.74635e-06 0.00502218 2.75904e-05 
0.00440577 8.94151e-07 0.0259765 0.00209284 0.793345 0.0146661 8.13095e-06 0.00196401 0.00191786 1.17247e-05 0.0667195 1.07732e-05 0.000114161 0.00119122 0.00019197 0.00293092 0.00426956 0.000362922 0.000119932 0.00137103 0.0551102 0.00135659 0.0126259 0.00374542 1.37576e-12 7.68255e-09 0.000154069 0.00489382 0.000443566 
0.00680118 4.95014e-05 0.00847915 0.00504909 0.438372 0.228574 3.16722e-06 3.90903e-05 0.078576 7.39764e-05 0.0637117 3.82205e-06 0.00198058 0.00771997 3.15389e-05 0.00091048 0.0106661 2.90345e-06 8.69563e-05 0.0265259 0.000343922 0.0112677 0.0228662 0.00178082 5.42732e-13 6.45204e-13 4.75007e-05 0.0112651 0.0747721 
0.314452 2.00399e-07 0.00128151 0.00850526 0.353603 0.0682906 7.92097e-05 0.0148963 0.0125825 4.38921e-05 0.0131187 0.000364969 0.00145532 0.0385415 0.00548168 0.00773869 0.0100601 0.000889612 0.00030778 0.0203386 0.0147047 0.00140168 0.0869128 0.00922245 1.23826e-09 0.00871805 0.00692561 4.97134e-05 3.38406e-05 
0.0276884 8.59203e-05 0.0197719 0.0352362 0.228612 0.0178644 0.00143686 0.0259835 0.0648836 8.02696e-05 0.127436 0.000425814 0.00337009 0.0354599 0.148574 0.003884 0.0196188 0.0067403 0.00354802 0.0514682 0.0163382 0.00877431 0.0663756 0.070342 7.81854e-07 0.00217136 0.00425106 0.00776177 0.00181645 
0.0111269 0.00191861 7.74616e-05 0.00385015 0.435584 0.153173 0.000163152 0.000171979 0.00602384 0.00387629 8.12776e-08 6.00338e-06 0.00196895 0.200359 0.000643751 0.000377224 0.0206051 0.00500795 0.0166003 0.0299274 0.000701547 0.00854625 0.0925268 2.65045e-05 1.89145e-11 0.00427049 0.000411998 0.00205339 1.81397e-06 
0.0972318 0.00160069 0.00296903 0.0251208 0.16157 0.117466 0.00459446 0.0141386 0.0407262 0.000173752 0.0860812 0.000942949 0.00853648 0.0351818 0.000650797 0.00202825 0.0268013 0.00379493 0.0014906 0.0206899 0.160917 0.110035 0.0396842 0.00537528 0.000103123 0.000111465 0.000609555 0.026171 0.00520367 
0.00310118 5.59227e-10 0.00247967 0.00751016 0.698098 0.126209 4.35816e-10 1.50733e-07 0.0636868 7.00958e-10 0.0246602 2.78002e-07 0.00624253 0.00457873 5.71896e-05 0.00112395 0.0216294 0.0043565 0.00119524 0.00134418 5.06805e-05 0.0073063 0.00609336 3.18689e-06 5.97896e-10 7.10784e-10 3.03849e-06 0.0202708 9.65658e-08 
0.00189686 0.000678447 0.171779 0.0188192 0.227113 0.0288277 7.59668e-06 0.00696854 0.178286 2.59138e-06 0.0080501 8.22776e-06 0.00253694 0.0297818 0.00787793 0.0188524 0.00628928 0.000383179 0.0563281 0.186048 0.00184903 0.00986265 0.00277314 0.00212913 9.56349e-06 0.000942971 1.65241e-05 0.0300005 0.00188208 
0.111395 9.67398e-06 0.0323108 0.0162999 0.171952 0.0762477 2.95922e-05 0.00512553 0.0293209 0.000573771 0.162617 0.00339625 0.00598147 0.0195413 0.000148932 0.0332882 0.086105 0.000811182 0.00447875 0.0521742 0.029804 0.0176135 0.0356284 0.00741846 0.000391935 0.000299629 0.0029458 0.0212807 0.0728103 
0.0092162 1.06904e-05 0.00341813 0.00779534 0.850372 0.0131774 1.2472e-05 0.00339384 0.0176102 0.000136579 0.00560482 1.00061e-05 0.00210214 0.000746333 0.00121723 0.000711426 0.0032815 0.00033093 0.00559061 0.0441906 0.0145552 0.00452678 0.00876187 0.000479949 1.15638e-12 0.0022734 1.02542e-05 0.000190396 0.000273331 
0.0336309 0.000416482 0.0499817 0.0554476 0.271303 0.0189454 0.000168959 0.0195522 0.0487215 0.00332165 0.0250281 7.06503e-07 0.00431141 0.0734633 0.0784465 0.090994 0.0240375 0.00462694 0.006639 0.0338312 0.0106853 0.002152 0.0226191 0.0120007 5.20967e-07 0.000686209 0.106206 0.00130712 0.00147432 
0.0473933 1.67372e-06 0.000227871 0.0320855 0.276525 0.0207561 5.71766e-07 0.024502 0.0290176 1.04983e-05 0.251156 0.00100037 0.0198869 0.00529903 0.000189023 0.00147091 0.0292736 0.000168209 0.000641794 0.0226848 0.000287787 0.187759 0.0111749 0.0123636 1.30719e-06 5.64184e-05 5.89437e-05 0.00417399 0.021833 
0.0368488 0.0043297 0.00809469 0.0223718 0.319351 0.0991972 2.0191e-05 0.0037127 0.0232677 8.34113e-05 0.161871 0.0467741 0.00913644 0.00412243 0.000851344 0.00194243 0.0238205 0.00205539 0.00445295 0.0813512 0.00704492 0.0370207 0.0682577 0.00984118 6.95979e-06 0.0032933 0.00190816 0.00312555 0.0158463 
0.0153409 1.78368e-09 0.0146103 0.0198943 0.377649 0.0221392 3.15806e-05 0.0158423 0.00932414 0.000125861 0.209309 5.75701e-05 0.000741508 0.00462231 0.0041428 0.00101093 0.0137607 0.00375303 0.000136213 0.0169565 0.136562 0.0169116 0.0392821 0.0572191 1.40381e-12 2.92871e-05 9.04719e-05 0.000906637 0.0195502 
0.0033156 4.11086e-05 0.00226142 0.0144709 0.664934 0.0304661 1.20632e-06 0.00191043 0.00413661 2.514e-06 0.204544 1.02782e-05 0.000170614 0.00114153 4.299e-05 9.14855e-05 0.0177513 0.000606375 0.000161054 0.00520765 0.00310306 0.0196451 0.00776873 0.000739896 1.09535e-11 2.36968e-08 4.43248e-05 0.000239329 0.0171922 
0.01003 1.42591e-05 0.0117087 0.0139529 0.611107 0.0233645 6.69985e-06 0.00255664 0.0205789 6.89716e-05 0.0918998 5.22956e-05 0.00187687 0.00139277 0.00138827 0.00191299 0.0127805 0.000774339 0.00173077 0.0191318 0.00314986 0.0075899 0.0167471 0.12118 1.50873e-12 0.000443438 0.000191207 0.000719142 0.0236502 
0.0509898 0.0175371 0.0228118 0.115148 0.288685 0.0813563 8.33409e-05 0.00850162 0.0436641 0.000430184 0.0333719 4.36432e-05 0.00301685 0.00418805 0.000339961 0.00943498 0.0121106 0.00076515 0.00165425 0.0809494 0.0450667 0.00960953 0.0666323 0.00452257 1.31324e-09 7.13443e-05 0.0813831 0.0148545 0.00277833 
0.0241372 0.00488052 0.00181311 0.0256483 0.215455 0.0753827 0.000139464 0.00661337 0.0635211 4.54705e-05 0.114654 4.52513e-06 0.00278662 0.147773 0.00400009 0.00140156 0.0992264 0.000367491 0.000665444 0.018501 0.0727234 0.0366 0.048361 0.00495392 5.11752e-10 0.0107511 0.000375711 0.0190564 0.000161447 
0.00949881 0.000786408 0.000320586 0.00580419 0.716519 0.0279509 8.02699e-07 0.0010129 0.0207882 0.000128467 0.00507226 3.27295e-06 0.000920207 0.01927 3.49267e-05 0.00222059 0.0105883 0.000378921 0.00101768 0.104657 0.000548559 0.00261273 0.0285415 0.000219254 1.11177e-11 1.93472e-07 8.64885e-05 0.0263314 0.0146863 
0.00606753 0.000205802 0.000312135 0.0055086 0.580183 0.273844 4.13745e-05 0.00128919 0.00726184 0.000232312 0.0102275 3.80434e-07 0.00189536 0.0424343 0.000222371 0.000396979 0.0144191 0.00134379 0.000717135 0.0117648 0.00375527 0.0152871 0.0160516 0.00123687 2.02654e-11 3.3027e-05 5.50129e-05 0.00484038 0.000373219 
0.00770603 0.000265173 0.000206435 0.0145898 0.256728 0.235141 6.49211e-10 2.61161e-10 0.0451217 5.00077e-08 0.0380758 3.22677e-07 0.0707092 0.116933 1.34886e-07 0.00521748 0.12649 1.72738e-07 0.000272959 0.015873 8.06035e-06 0.020183 0.00785024 0.000232408 1.21319e-06 1.05882e-09 4.50843e-05 0.0383505 3.81953e-07 
0.0114827 5.83415e-05 3.68242e-05 0.00800332 0.494417 0.279495 2.61191e-05 0.00111842 0.0102179 0.000125713 0.00740753 2.33571e-05 0.000603397 0.0165959 0.00069085 0.000581824 0.0209716 0.000640845 0.00630071 0.0472786 0.00254627 0.00410547 0.0863989 1.94751e-05 6.89257e-05 0.000430469 1.83903e-06 0.000328439 2.39255e-05 
0.00376024 5.26487e-05 0.00717124 0.00771542 0.376722 0.0299917 4.0292e-06 0.00995442 0.0163451 3.73025e-06 0.347305 0.000859805 0.00434577 0.0004397 0.000709283 0.000673251 0.0146739 0.000478148 0.000976226 0.0044402 0.0117634 0.109303 0.0214552 0.00174331 2.68016e-07 3.2572e-07 0.0047563 0.00244597 0.0219101 
0.0248745 0.00132086 0.00465085 0.0347928 0.190469 0.151994 5.06873e-06 0.0012865 0.0554545 0.000114019 0.126668 0.00286899 0.0426235 0.0250974 0.000236621 0.00788017 0.059025 0.000844296 0.00224491 0.0216378 0.0142053 0.0698914 0.0409376 0.00503098 2.56326e-11 0.000306161 0.000118744 0.00751218 0.107909 
0.00193425 2.404e-05 0.0126413 0.0283276 0.672461 0.0256281 7.11966e-07 0.00111463 0.0472627 4.90628e-05 0.140485 7.04891e-06 0.00914186 0.000940292 2.51154e-05 5.34073e-05 0.0112038 0.000353861 9.40201e-05 0.00364341 0.00199664 0.0222995 0.00453198 0.0040087 4.21285e-11 2.80599e-08 2.58753e-05 0.00135625 0.0103898 
0.0486995 0.000180157 0.0208085 0.0307046 0.494131 0.0402644 7.05089e-05 0.00677664 0.017926 0.000159273 0.0245932 0.000257981 0.00654124 0.13731 0.0155682 0.0170355 0.0259915 0.000788701 0.00668822 0.0267772 0.0241229 0.00684817 0.0360472 0.00399157 8.44049e-05 0.000991147 0.000665608 0.00412582 0.0018504 
0.0501638 7.09782e-07 0.00422355 0.153905 0.183941 0.108425 7.85331e-05 0.00177866 0.0258884 1.49819e-05 0.0668964 0.000976242 0.00152627 0.0144451 0.00214971 0.0166671 0.00912928 0.0137659 0.00151947 0.0170768 0.148159 0.00848896 0.0791126 0.0705725 2.57104e-10 6.59951e-08 0.00292217 0.0172753 0.000896829 
0.00597261 0.00120816 0.0117488 0.0193688 0.544328 0.0875218 0.000129718 0.00447563 0.0148649 2.5225e-05 0.038864 0.000124138 0.0113612 0.00354424 0.00423681 0.000252586 0.0102689 0.00895167 0.0351556 0.033029 0.0457813 0.0674695 0.025895 0.000990908 8.69999e-07 0.000214226 0.0191304 0.00243042 0.00265569 
0.0116255 5.42632e-07 0.000999323 0.0238384 0.703238 0.00557572 1.30976e-07 0.00110343 0.0592058 1.13631e-07 0.0336484 8.97132e-08 0.00801723 0.0638094 0.00106602 0.00318088 0.0115233 0.00589768 0.000197645 0.00553102 0.00281547 0.000265097 0.0441614 0.00811868 8.11325e-10 5.47905e-06 0.000527321 0.00520995 0.000437978 
0.021591 0.000756773 0.0274226 0.0115064 0.442578 0.104742 1.10943e-05 0.00486333 0.0389509 5.76119e-05 0.0219039 0.00281527 0.00129217 0.00836066 0.00105345 0.00138294 0.0174365 0.00227267 0.000634854 0.0372465 0.0681382 0.0105533 0.162344 0.00416583 1.01272e-07 0.000280299 9.71111e-05 0.00063724 0.0069052 
0.0033156 4.11086e-05 0.00226142 0.0144709 0.664934 0.0304661 1.20632e-06 0.00191043 0.00413661 2.514e-06 0.204544 1.02782e-05 0.000170614 0.00114153 4.299e-05 9.14855e-05 0.0177513 0.000606375 0.000161054 0.00520765 0.00310306 0.0196451 0.00776873 0.000739896 1.09535e-11 2.36968e-08 4.43248e-05 0.000239329 0.0171922 
0.0133795 3.70983e-06 0.00129763 0.0110587 0.6745 0.0158531 2.09658e-06 0.00135563 0.00346897 9.74911e-05 0.00989261 5.78096e-06 0.000213696 0.00753489 0.00147954 0.000774737 0.00143915 0.000392608 0.00434609 0.0159098 0.192829 0.00684227 0.0191917 0.00707005 1.15411e-09 0.00742898 7.07437e-05 2.40612e-05 0.00353732 
0.0161772 3.06056e-07 0.0046608 0.0238744 0.379879 0.17502 3.37549e-05 0.00510616 0.0108969 0.000183671 0.0883493 0.0025459 0.00930845 0.00345822 0.00287705 0.00110408 0.0216804 0.00285786 0.00113634 0.121922 0.0610182 0.0249318 0.0333917 0.00602812 4.17765e-08 0.00100738 3.48898e-05 0.00140186 0.00111461 
0.000718025 3.00846e-06 0.00237562 0.00352268 0.647739 0.0630671 2.90984e-07 0.000333285 0.00227768 5.51927e-06 0.200308 5.08149e-06 0.000286967 0.00010604 6.06959e-05 4.83877e-05 0.0094216 9.11177e-05 6.83332e-05 0.0148042 0.000687208 0.00828872 0.0100735 0.00103556 2.48602e-12 1.27667e-08 1.70903e-05 0.000502765 0.0341527 
0.032865 4.69691e-05 0.00437407 0.0480396 0.39246 0.0990375 3.31383e-05 0.00952365 0.0230002 0.000501426 0.0786278 3.4203e-05 0.00429106 0.0304973 0.000367406 0.00253731 0.0188468 0.0301881 0.0103448 0.0179592 0.127617 0.0184522 0.0381193 0.00238155 2.11451e-05 1.07733e-05 9.0129e-05 0.00665282 0.00307952 
0.00842047 1.98226e-05 0.000192922 0.0130918 0.417349 0.163076 3.02401e-06 0.00111986 0.00425551 5.03847e-05 0.0631875 1.03024e-06 0.00168116 0.0784746 0.00019961 0.000268044 0.00405369 0.000834384 0.000388997 0.0668502 0.00495177 0.145412 0.0103883 0.000259181 0.00658221 5.15332e-06 2.02499e-05 0.00819183 0.000671236 
0.0123976 0.00106354 0.000901024 0.0060094 0.634071 0.153567 3.60682e-05 0.000166533 0.0145306 0.000120568 0.00880536 0.00119771 0.00533671 0.0298394 0.000134098 0.00223063 0.00976179 0.00050532 0.000944884 0.0304951 0.00275954 0.0486332 0.0341802 6.58025e-05 1.32141e-08 0.000209301 1.25784e-05 0.00164741 0.000378168 
0.00689728 2.43833e-06 0.000195721 0.00366837 0.576093 0.000783484 2.12759e-06 0.000492814 0.00504268 1.78342e-05 0.000970951 1.10867e-08 0.000314114 0.0231981 0.00713328 0.00532913 0.00427226 0.00104487 0.000346477 0.00711286 0.00106687 0.000137242 0.0280975 0.325643 9.04189e-12 0.00128851 0.00036865 0.000436185 4.43595e-05 
0.00320774 1.86453e-08 0.0113536 0.00965349 0.401506 0.0226126 5.30737e-06 0.00133197 0.0578577 0.0002148 0.109518 4.54577e-06 0.00335614 0.00332673 0.000118399 0.000573857 0.0383194 0.00064473 0.00222569 0.00592442 0.000151838 0.00881897 0.00499084 0.00914242 1.9563e-10 6.06125e-05 6.12097e-05 0.00632702 0.298692 
0.00550624 8.15205e-06 0.00830703 0.0075147 0.636754 0.0607935 1.05281e-05 0.000343893 0.0125446 4.92983e-05 0.0484646 0.000334702 0.000844264 0.00652868 0.000228495 0.00144267 0.0647795 0.000518465 0.00853804 0.00486155 0.00437263 0.00376088 0.0139731 0.00139642 4.30501e-08 1.61744e-06 0.000224758 0.00618386 0.101714 
0.00310118 5.59227e-10 0.00247967 0.00751016 0.698098 0.126209 4.35816e-10 1.50733e-07 0.0636868 7.00958e-10 0.0246602 2.78002e-07 0.00624253 0.00457873 5.71896e-05 0.00112395 0.0216294 0.0043565 0.00119524 0.00134418 5.06805e-05 0.0073063 0.00609336 3.18689e-06 5.97896e-10 7.10784e-10 3.03849e-06 0.0202708 9.65658e-08 
0.014843 2.45723e-06 9.56412e-05 0.0324615 0.388778 0.113644 2.68257e-05 0.00383115 0.00597074 1.22609e-05 0.117613 2.96574e-06 0.00126179 0.00450701 0.000151546 0.000698918 0.0416415 0.00137647 8.42052e-05 0.0424254 0.159021 0.0367072 0.0239516 0.00235207 8.0137e-07 0.000121736 0.000127514 5.9527e-05 0.00822925 
0.0283268 4.29461e-06 0.0289891 0.0110204 0.340473 0.106141 3.46561e-05 0.00124592 0.0360368 0.000173261 0.0492132 8.94531e-05 0.00144952 0.0149293 0.000155726 0.00815825 0.010277 0.000499699 0.0175935 0.191005 0.0571727 0.00734514 0.0516422 0.00249276 3.60931e-11 0.00484527 0.000774343 0.0118738 0.0180385 
0.0697625 0.00133899 0.0063358 0.0428762 0.278687 0.0361472 3.7584e-05 0.00828646 0.0246382 0.00370286 0.0422062 0.0114244 0.00552349 0.114963 0.0017324 0.0081514 0.0835658 0.00163045 0.104324 0.0146614 0.0212821 0.00857958 0.0540488 0.00560608 1.58002e-06 0.0437547 0.00300343 0.00110945 0.00261814 
0.0315298 0.000273232 0.000302269 0.0279969 0.204279 0.202082 3.10693e-06 0.000187141 0.0448089 0.000984006 0.0680445 6.06506e-06 0.0119034 0.0533171 0.00050352 0.00191427 0.0338818 0.000408859 0.00316103 0.0153239 0.117106 0.128246 0.0432617 0.00543404 2.27237e-08 3.37724e-05 5.30805e-05 0.00328345 0.00167137 
0.00450868 0.000171943 0.00575029 0.0243982 0.685222 0.00416374 4.18371e-06 0.00196132 0.00363516 2.57478e-05 0.015772 7.222e-06 0.000143341 0.00799566 0.00146296 0.0384753 0.00446117 0.00048844 0.000303301 0.00280775 0.0149236 0.000507682 0.0164181 0.0517999 1.04279e-08 0.000420984 0.0757891 0.0381716 0.000210963 
0.00875927 0.006053 0.0111238 0.0220672 0.413951 0.0951937 5.27349e-05 0.0545605 0.0110648 0.000113253 0.0253076 3.66323e-06 0.00195769 0.0269834 0.0636525 0.00407197 0.0213641 0.0013433 0.0076045 0.0914501 0.0553524 0.0118222 0.0215568 0.0299688 0.000122383 0.00247751 0.000594977 0.00132256 0.0101038 
0.0534534 1.55744e-06 0.00150917 0.0320711 0.367615 0.027678 5.61057e-06 0.0257161 0.00133836 0.0069975 0.0644335 6.2897e-08 0.00392712 0.000174887 0.000618818 0.00101418 0.0146548 0.00383457 7.08093e-05 0.207287 7.43591e-05 0.00490739 0.180898 0.00151702 6.89937e-06 4.81634e-07 0.000156295 3.76527e-05 3.85688e-07 
0.000762399 7.49681e-06 0.00593889 0.00234653 0.5949 0.0252476 7.25386e-07 0.000313111 0.00469232 7.45355e-07 0.296552 1.32561e-08 0.000293634 0.0002536 1.58573e-05 3.71617e-05 0.0159622 8.35796e-05 4.43426e-05 0.00197659 0.00011582 0.00876857 0.00508008 0.00238567 1.59315e-12 1.99883e-08 2.80257e-05 0.000684149 0.0335089 
0.0453843 8.78359e-06 0.0551756 0.00333789 0.271982 0.0169009 0.00134357 0.000838338 0.0203452 0.000590815 0.00772386 6.92201e-07 0.00178892 0.252147 0.00198027 0.0933625 0.011919 0.0140692 0.0131205 0.0487956 0.0606723 0.00258388 0.0685556 0.00197921 6.82063e-05 1.4555e-06 0.00467141 0.000571527 8.0812e-05 
0.0263146 7.18462e-05 0.000376592 0.0410479 0.408784 0.0458632 2.25094e-06 0.0199157 0.0104343 6.59084e-05 0.150421 0.00012535 0.00562236 0.00396055 0.00192085 0.000597169 0.0795262 0.0041296 0.00201149 0.0428781 0.104345 0.0104613 0.0257084 0.00518393 6.00523e-12 7.52508e-05 5.23295e-05 0.0010138 0.00909045 
0.0527875 1.84761e-06 0.000239249 0.0058952 0.609327 0.0158777 1.49789e-07 0.00531899 0.00506886 1.12361e-05 0.0233009 3.02696e-05 0.000115266 0.000145616 4.17763e-05 0.0015168 0.000858395 0.00188644 0.00101236 0.0885958 0.00284665 0.0098573 0.11948 6.4011e-05 6.72372e-10 7.99321e-10 0.0554936 0.000103039 0.000124402 
0.032056 0.000944511 0.000703638 0.204101 0.37475 0.0795504 1.4149e-06 0.0100305 0.0670522 0.00299481 0.0173224 0.000147253 0.0147173 0.0118882 0.000904219 0.00133684 0.0347144 0.00180871 0.00724963 0.0400788 0.00951832 0.0138366 0.0545804 0.00121901 3.97031e-06 0.000323995 3.04998e-05 0.0127533 0.00538202 
0.00503557 0.0058634 0.0152048 0.018708 0.374764 0.309286 1.95279e-05 0.00331443 0.0216095 0.000533559 0.0099125 5.7594e-06 0.00425686 0.0578439 0.000313796 0.000106037 0.0245204 0.0014681 0.00216597 0.0814048 0.000746513 0.0236861 0.0296269 2.84014e-05 6.90293e-05 9.41208e-05 9.9311e-06 0.00673101 0.00267125 
0.0018458 1.94653e-05 0.000276458 0.00826431 0.49432 0.234186 1.51369e-06 0.00113085 0.00716807 7.58105e-05 0.0663167 6.41045e-09 0.00344867 0.00342356 0.000188265 0.000116293 0.00599234 0.000237531 0.00045478 0.131901 0.00108978 0.00699095 0.0166593 0.000456545 5.42123e-08 3.21838e-08 8.9597e-06 0.0141792 0.00124742 
0.0458991 0.00027666 0.00222173 0.0853682 0.170236 0.08989 2.83407e-06 0.0186135 0.0355797 0.000151952 0.0965722 7.78696e-05 0.00263699 0.0381936 0.000295566 0.00183039 0.0648554 0.00528946 0.000164378 0.00952618 0.0257089 0.0234328 0.150474 0.028654 3.45636e-10 0.000112324 0.000184986 0.00192456 0.101827 
0.025915 0.000273956 0.00464418 0.0141814 0.273225 0.124886 2.78649e-05 0.0116791 0.0317181 0.000543676 0.066069 0.000637453 0.00071553 0.0135029 0.00197732 0.00224394 0.0480055 0.00346748 0.00906924 0.0676139 0.0826772 0.0213183 0.0367024 0.00946643 4.15013e-07 0.00269094 0.00253365 0.00304247 0.141172 
0.011771 2.17076e-08 0.00351564 0.00649615 0.561747 0.154383 1.16097e-06 0.00216257 0.0300453 8.90596e-05 0.0499639 1.15207e-07 0.00258205 0.0258045 0.000232693 0.000375883 0.022381 0.00105326 0.00444322 0.0477328 0.00104188 0.0177785 0.0306361 0.000840664 1.0222e-11 1.2152e-11 4.52893e-05 0.0104897 0.0143873 
0.0100498 0.000424415 0.000671495 0.00109374 0.284788 0.0371408 0.00049453 0.00209047 0.046093 3.62746e-05 0.0519897 5.58496e-05 0.0010261 0.165955 0.000169387 0.0160229 0.0671028 0.000302242 0.00739335 0.0173849 0.208396 0.0104196 0.0622616 0.000369891 9.83401e-10 0.00061052 0.000105908 0.00400755 0.00354478 
0.0189537 2.31276e-06 0.00152543 0.0120152 0.432438 0.0160866 3.72285e-06 0.00166739 0.00190292 7.07509e-05 0.015629 4.00714e-06 7.36644e-05 0.00941261 0.00188739 0.000570805 0.00173943 0.000755443 0.0050194 0.0278045 0.397165 0.00920806 0.0234876 0.0116675 1.06518e-11 0.00730332 6.87355e-05 1.94635e-05 0.00351751 
0.0129562 0.000181461 0.000156402 0.00757977 0.448539 0.22084 1.93073e-05 0.000289452 0.00704266 0.000106308 0.156862 1.31716e-06 0.00149338 0.0126195 0.000105035 0.000793967 0.0466779 0.00046735 0.000288419 0.0364852 0.0033746 0.011907 0.0221712 1.26945e-08 4.85126e-12 5.76722e-12 8.26556e-06 0.000521497 0.00851266 
0.0129562 0.000181461 0.000156402 0.00757977 0.448539 0.22084 1.93073e-05 0.000289452 0.00704266 0.000106308 0.156862 1.31716e-06 0.00149338 0.0126195 0.000105035 0.000793967 0.0466779 0.00046735 0.000288419 0.0364852 0.0033746 0.011907 0.0221712 1.26945e-08 4.85126e-12 5.76722e-12 8.26556e-06 0.000521497 0.00851266 
0.0120845 0.000344057 0.000920584 0.0440133 0.39429 0.239971 1.73909e-05 0.000504789 0.0138129 7.76453e-05 0.0351387 0.000686452 0.00417566 0.00963921 8.61816e-05 0.000859643 0.0208038 0.000348772 0.00286669 0.107851 0.00396155 0.0488641 0.0438141 5.86903e-05 1.57286e-11 0.00174941 5.03863e-06 0.00145315 0.011602 
0.0222455 4.33364e-06 2.48281e-05 0.0350698 0.625003 0.0512815 9.77259e-06 0.000160285 0.0108991 4.64459e-06 0.138644 1.40707e-10 0.000552105 0.00317614 2.09152e-05 1.2715e-05 0.03461 0.000146223 0.00408573 0.0218611 0.00166349 0.0351761 0.00935233 0.00355441 1.35536e-10 1.06888e-05 3.12932e-05 0.000228778 0.00217087 
0.00415218 0.000103585 0.00173035 0.0126181 0.439433 0.165113 6.73926e-07 0.000351275 0.0182968 0.000207291 0.0362365 2.03531e-05 0.00217835 0.00727186 0.000300189 0.000599997 0.0195121 0.000331881 0.000491543 0.0430232 0.0018496 0.0262698 0.00454545 0.00896483 1.54882e-11 0.000968671 3.90479e-05 0.00139288 0.203998 
0.0373667 0.00553272 0.00676793 0.0407976 0.158978 0.136418 8.71039e-05 0.0330346 0.0416779 0.000229626 0.148931 0.00251001 0.00573834 0.0302026 0.0821679 0.00954399 0.0451423 0.0140527 0.00130395 0.0393003 0.0316862 0.0308032 0.0365123 0.0193341 1.9921e-05 0.000500309 0.00660741 0.00590549 0.0288477 
0.00106616 4.50579e-06 0.00356338 0.00360614 0.696731 0.0224219 4.35821e-07 0.000499909 0.00281541 5.25316e-06 0.207808 7.61846e-06 0.000176188 0.000159054 9.02121e-05 7.25763e-05 0.01258 5.01551e-05 2.66087e-05 0.00280055 0.000996123 0.00706336 0.00487931 0.00155329 1.83324e-12 1.53669e-08 2.56331e-05 0.000502465 0.0304949 
0.0249585 2.12217e-06 0.0313828 0.0755201 0.607905 0.0165833 0.0001647 0.0261853 0.0087744 0.000767386 0.0166058 0.000121326 0.00145703 0.0311005 0.000239721 6.19827e-05 0.0121085 0.00543931 0.0356839 0.00498031 0.0517634 0.00849746 0.0383077 0.000140865 5.08649e-08 4.93417e-05 1.3385e-05 0.000965864 0.000220598 
0.0257031 0.000912441 0.088141 0.0250237 0.226758 0.0698951 0.000234368 0.0055429 0.177773 0.0003298 0.037636 0.000362788 0.0117951 0.0350834 0.00219397 0.00481291 0.030865 0.00100005 0.00356692 0.0995483 0.00902974 0.0241214 0.0795821 0.01269 1.51612e-05 0.000653139 4.92946e-05 0.0220715 0.00460944 
0.00132705 0.00420189 0.0250196 0.00858597 0.318356 0.140483 9.91994e-06 0.00101997 0.0566678 9.0553e-06 0.0219098 2.11458e-06 0.00532944 0.00310868 4.6189e-06 0.000654928 0.00895235 6.09123e-05 0.000513095 0.269595 0.00752086 0.106332 0.0161429 0.000148748 0.000722515 7.52076e-05 1.11844e-06 0.000841071 0.00240433 
0.0106269 2.67767e-06 0.00177355 0.0125452 0.626468 0.024821 7.30296e-06 0.00204255 0.00879601 8.28902e-05 0.0795216 6.50195e-06 0.000849733 0.00389529 0.000854045 0.000505815 0.00314907 0.000377403 0.00229847 0.0352191 0.102035 0.0573976 0.0126345 0.00865301 9.99634e-08 0.00348308 0.000130929 6.43645e-05 0.00175758 
0.0261912 0.00550478 0.0177541 0.029431 0.28855 0.0521209 0.00908261 0.00969791 0.0357988 0.000750222 0.0670366 3.70962e-05 0.0144055 0.0482586 0.00256947 0.0129252 0.0141057 0.00177128 0.0151568 0.0165027 0.00498758 0.237778 0.0432753 0.00842347 3.3127e-05 0.000578313 0.000751096 0.0316275 0.00489586 
0.0353316 2.1744e-05 0.0253531 0.0180916 0.391904 0.0468608 3.52848e-05 0.00694221 0.0245184 0.00011626 0.0432934 0.00387098 0.036051 0.0298993 0.101935 0.0120649 0.0246627 0.00161027 0.00448746 0.0276479 0.0365732 0.0302033 0.0311247 0.0338764 1.30214e-05 0.00181662 0.00383242 0.00465888 0.0232039 
0.000699795 0.000698775 0.000699832 0.000699813 0.980415 0.000699898 0.00069904 0.000699598 0.000699892 0.000698472 0.000699832 0.000698645 0.000699688 0.000699808 0.000699328 0.000699507 0.0006998 0.000699474 0.000699603 0.000699772 0.000699697 0.000699705 0.000699848 0.000699344 0.000698693 0.00069845 0.000699761 0.00069966 0.000699394 
0.0222708 0.000143084 0.0114619 0.0904441 0.178871 0.0574626 0.00706981 0.00749823 0.0319107 0.000269889 0.040089 0.000879784 0.00654833 0.0118717 0.0523005 0.010914 0.0333051 0.00440349 0.105149 0.0202846 0.00899079 0.0140603 0.154942 0.0793866 0.000573335 0.00211638 0.0248754 0.0166424 0.00526471 
0.0141833 9.36034e-06 0.0103137 0.0103688 0.482958 0.0833407 6.95584e-06 0.00476748 0.0164836 6.21777e-06 0.136533 0.000874341 0.0154482 0.0102941 0.00025899 0.00348816 0.0181045 0.000265268 0.00189272 0.00727148 0.00147137 0.045079 0.0317143 0.0168216 1.97782e-06 1.22495e-05 0.00171742 0.0416545 0.0446594 
0.0130775 0.000138869 0.000425203 0.0375481 0.210799 0.137945 3.90783e-05 0.00373074 0.0208531 0.00192687 0.105594 1.81062e-05 0.00133012 0.0240491 0.00143336 0.0328857 0.107051 0.000940909 0.000581071 0.0205659 0.11859 0.00822996 0.0588376 0.0710512 0.000265613 0.000178113 0.000227452 0.00174641 0.0199409 
0.019568 0.00262536 0.00188691 0.0108398 0.281048 0.0433208 7.36892e-05 0.00226638 0.0226758 9.8706e-05 0.215789 0.00058451 0.000792988 0.0248445 0.00244339 0.00591751 0.0340986 0.00162189 0.00184279 0.0211411 0.0373593 0.0111492 0.0250135 0.202933 4.08013e-11 0.000472107 0.00405337 0.0195013 0.00603832 
0.00320533 1.15195e-06 0.0194053 0.00136081 0.793016 0.00199604 1.08682e-05 0.00368973 0.00138681 5.89113e-06 0.0777941 4.2488e-06 2.46592e-05 0.000455645 0.000337289 0.000250911 0.00235239 0.00016204 6.11135e-05 0.00205621 0.0825333 0.00103488 0.0062309 0.00164045 7.78608e-13 9.87604e-09 3.52482e-05 0.000323944 0.000625288 
0.00415218 0.000103585 0.00173035 0.0126181 0.439433 0.165113 6.73926e-07 0.000351275 0.0182968 0.000207291 0.0362365 2.03531e-05 0.00217835 0.00727186 0.000300189 0.000599997 0.0195121 0.000331881 0.000491543 0.0430232 0.0018496 0.0262698 0.00454545 0.00896483 1.54882e-11 0.000968671 3.90479e-05 0.00139288 0.203998 
0.00555884 0.0137394 0.0144327 0.017682 0.265494 0.25331 0.000151048 0.00485124 0.0190734 0.000189466 0.0257806 9.54325e-05 0.00917018 0.0555821 0.000407723 0.006555 0.0224787 0.00252701 0.00938768 0.220716 0.000774526 0.0317788 0.0167732 0.000519618 0.000307835 3.71615e-05 6.53112e-05 0.00103659 0.00152572 
0.00584986 3.10536e-05 0.0547619 0.00521039 0.590234 0.00691195 3.60893e-05 0.00290981 0.0131573 0.000143075 0.0531164 6.68507e-05 0.000167994 0.00516339 8.83365e-05 0.00342302 0.00758623 0.000415096 0.000191097 0.0278179 0.185687 0.00137147 0.0200963 0.000125708 8.36026e-12 9.93874e-12 4.43544e-05 0.0153932 1.14481e-07 
0.0092162 1.06904e-05 0.00341813 0.00779534 0.850372 0.0131774 1.2472e-05 0.00339384 0.0176102 0.000136579 0.00560482 1.00061e-05 0.00210214 0.000746333 0.00121723 0.000711426 0.0032815 0.00033093 0.00559061 0.0441906 0.0145552 0.00452678 0.00876187 0.000479949 1.15638e-12 0.0022734 1.02542e-05 0.000190396 0.000273331 
0.00335866 4.98604e-09 0.000524496 0.105031 0.296813 0.237406 2.88864e-07 0.000482196 0.0067149 1.09217e-05 0.0735809 4.83919e-06 0.000975335 2.32817e-05 4.73569e-06 3.55161e-05 0.03352 0.000131831 0.000221421 0.165398 0.00330097 0.0253349 0.0127732 3.50751e-05 4.90649e-12 5.83288e-12 3.7314e-09 0.000434589 0.0338833 
0.0517721 1.0058e-05 0.0217272 0.0250465 0.401064 0.0395736 1.80227e-05 0.0214056 0.0466364 0.000753644 0.133641 0.0255564 0.00485048 0.0100016 0.000217473 0.00782433 0.0333101 0.00141781 0.00229609 0.0356427 0.0146221 0.0217006 0.036959 0.0296028 1.4924e-08 0.000220105 0.00189144 0.0131618 0.0190773 
0.0186346 0.00025111 0.0100267 0.0221985 0.452305 0.138811 4.38287e-05 0.00738533 0.0379504 6.9984e-05 0.0588174 0.000287759 0.029668 0.00993717 0.0026979 0.00101689 0.0157437 0.000955195 0.00541403 0.0324416 0.00874337 0.0628465 0.0435409 0.00684569 0.000491413 0.000481054 0.000209614 0.00320776 0.0289778 
0.00370177 0.0199072 0.0171062 0.00401451 0.362931 0.233584 9.54998e-05 0.00606199 0.0158842 0.00019747 0.0129309 0.000413114 0.0072988 0.0587469 0.000143914 0.00815624 0.0166794 0.00236354 0.00314975 0.190493 0.00104231 0.0171717 0.0163158 0.000136903 0.000669804 6.7576e-05 4.83925e-05 0.000557852 0.000130723 
0.0133668 0.00499392 0.00946486 0.00848826 0.345331 0.110844 2.8995e-05 0.000662978 0.016272 3.26513e-05 0.244216 8.3066e-06 0.0015465 0.0302137 0.000928954 0.000799495 0.0399086 0.00178039 0.0107362 0.0340122 0.037838 0.0243938 0.00728124 0.00957975 9.21432e-11 0.000223703 0.000151333 0.0210158 0.0258803 
0.00430487 1.15287e-06 0.0145381 0.000803604 0.828596 0.00102633 7.43981e-06 0.000887313 0.000934972 3.2125e-06 0.00997414 6.32217e-06 1.61109e-05 0.000598869 0.000268641 0.0037285 0.0012849 3.1573e-05 0.000120921 0.00246858 0.116668 0.000222663 0.00808272 0.000445335 1.11042e-12 1.32007e-12 8.15878e-05 0.0048987 6.14097e-09 
0.00949881 0.000786408 0.000320586 0.00580419 0.716519 0.0279509 8.02699e-07 0.0010129 0.0207882 0.000128467 0.00507226 3.27295e-06 0.000920207 0.01927 3.49267e-05 0.00222059 0.0105883 0.000378921 0.00101768 0.104657 0.000548559 0.00261273 0.0285415 0.000219254 1.11177e-11 1.93472e-07 8.64885e-05 0.0263314 0.0146863 
0.120599 1.98671e-05 0.00294725 0.0855235 0.148546 0.145426 7.2616e-06 0.0167049 0.054834 7.06061e-06 0.102485 2.16431e-05 0.071079 0.0139302 0.000296578 0.00137957 0.0525963 0.00422292 0.000119967 0.0289848 0.00485851 0.0471507 0.0117155 0.0170627 1.17791e-10 1.40031e-10 4.92356e-05 0.040315 0.0291182 
0.0509898 0.0175371 0.0228118 0.115148 0.288685 0.0813563 8.33409e-05 0.00850162 0.0436641 0.000430184 0.0333719 4.36432e-05 0.00301685 0.00418805 0.000339961 0.00943498 0.0121106 0.00076515 0.00165425 0.0809494 0.0450667 0.00960953 0.0666323 0.00452257 1.31324e-09 7.13443e-05 0.0813831 0.0148545 0.00277833 
0.00150372 0.00444666 0.0430559 0.0332209 0.313693 0.2918 0.000260414 2.14463e-05 0.046005 1.80304e-05 0.0969491 8.64039e-06 0.0076574 0.0345743 0.00113553 0.000470722 0.0250607 0.000700646 0.000298802 0.0151842 6.13711e-05 0.0516256 0.0184315 0.00533868 2.59317e-12 1.17157e-08 0.000139601 0.0038682 0.00447049 
0.00447862 3.78578e-09 0.000834687 0.00237011 0.939508 0.00104229 1.38327e-06 0.00313044 0.00576045 1.09794e-05 0.00751915 3.76601e-11 0.00037794 0.000139232 0.000126582 0.000280608 0.000688695 2.52708e-05 0.000128969 0.00587375 0.0196939 0.0011307 0.00458767 0.00208399 8.35542e-13 9.93299e-13 1.53041e-05 0.000191671 1.32509e-08 
0.0509898 0.0175371 0.0228118 0.115148 0.288685 0.0813563 8.33409e-05 0.00850162 0.0436641 0.000430184 0.0333719 4.36432e-05 0.00301685 0.00418805 0.000339961 0.00943498 0.0121106 0.00076515 0.00165425 0.0809494 0.0450667 0.00960953 0.0666323 0.00452257 1.31324e-09 7.13443e-05 0.0813831 0.0148545 0.00277833 
0.00415218 0.000103585 0.00173035 0.0126181 0.439433 0.165113 6.73926e-07 0.000351275 0.0182968 0.000207291 0.0362365 2.03531e-05 0.00217835 0.00727186 0.000300189 0.000599997 0.0195121 0.000331881 0.000491543 0.0430232 0.0018496 0.0262698 0.00454545 0.00896483 1.54882e-11 0.000968671 3.90479e-05 0.00139288 0.203998 
0.0288892 0.00011734 0.0165701 0.0147302 0.465614 0.0201506 0.0003796 0.0218949 0.0290891 0.00555216 0.0185041 0.00300205 0.00352167 0.0327842 0.0147039 0.0350554 0.016753 0.0115297 0.000578817 0.0333521 0.11297 0.00466061 0.0659789 0.0160309 2.10057e-08 0.000106463 0.0134007 0.00434047 0.00974014 
0.0509898 0.0175371 0.0228118 0.115148 0.288685 0.0813563 8.33409e-05 0.00850162 0.0436641 0.000430184 0.0333719 4.36432e-05 0.00301685 0.00418805 0.000339961 0.00943498 0.0121106 0.00076515 0.00165425 0.0809494 0.0450667 0.00960953 0.0666323 0.00452257 1.31324e-09 7.13443e-05 0.0813831 0.0148545 0.00277833 
0.0153874 3.81001e-05 0.00408929 0.0711688 0.258711 0.194725 1.25467e-05 0.00704557 0.0437905 0.000187204 0.0851732 0.000620421 0.0154163 0.0108352 0.00164458 0.00147749 0.0360681 0.0018894 0.0129135 0.110182 0.0131296 0.0519847 0.0407419 0.00133466 3.63575e-06 1.56651e-05 0.00029771 0.00479391 0.0163227 
0.0170243 4.29562e-05 0.00457615 0.0116423 0.268707 0.262171 1.40215e-08 6.72996e-07 0.00561545 0.000950152 0.19523 3.6494e-06 0.000178651 0.028297 3.51516e-05 0.00300581 0.0248017 0.00256779 0.000342105 0.0685753 0.068708 0.00801411 0.00620394 0.000252079 1.26982e-10 1.50957e-10 1.40595e-05 0.00066975 0.0223706 
0.00453905 1.16501e-05 0.0116612 0.0147435 0.330895 0.127026 2.71695e-06 0.0122795 0.0275304 0.00134835 0.0654911 3.10941e-06 0.0374889 0.00389954 0.00675197 0.00493872 0.0169626 0.0012048 0.000563008 0.0986764 0.00249341 0.0088399 0.0121603 0.000755706 0.000186857 0.000170512 1.97618e-05 0.0877711 0.121585 
0.0660914 0.0205115 0.00787656 0.0110312 0.124899 0.0154906 0.0147595 0.111831 0.116271 0.000738301 0.0811061 0.00584521 0.000630728 0.0236692 0.00558057 0.00365679 0.0784588 0.0141351 0.000232808 0.0146829 0.04893 0.0160094 0.0876145 0.00306841 3.53425e-06 1.86768e-05 0.0077764 0.0415759 0.0775052 
0.076032 1.84393e-05 0.0141268 0.0158576 0.286448 0.019486 9.86411e-06 0.00530352 0.0241032 6.62087e-05 0.0902321 2.51551e-05 0.0036703 0.0478805 0.000902897 0.00112942 0.00971883 0.0110371 0.007379 0.0575313 0.21966 0.00476172 0.0831651 0.0175099 6.30923e-06 0.000924008 5.14368e-05 0.00132079 0.00164301 
0.0460085 0.0174012 0.0140746 0.196134 0.244292 0.166453 9.05362e-05 0.00730257 0.0531853 0.000122034 0.0390879 4.13287e-05 0.00681922 0.00799139 7.20933e-05 0.00175249 0.0154891 0.00165032 0.00209036 0.0525494 0.0339753 0.0423313 0.0390587 0.00136228 1.58575e-05 1.89205e-05 7.43266e-05 0.00716897 0.00338747 
0.009903 0.0154009 0.00173571 0.0495936 0.19323 0.167083 0.00524502 0.00501539 0.0858182 0.00063206 0.0188278 1.16464e-05 0.00606985 0.0673328 0.000121957 0.00259194 0.0436475 0.00114475 0.0114998 0.148142 0.0371282 0.0468886 0.0681351 0.000814876 7.8735e-09 0.000629425 0.000228116 0.00823648 0.00489222 
0.00593242 5.91975e-07 0.0068193 0.00176318 0.900406 0.0133138 3.08877e-06 0.000603365 0.00143157 2.28107e-05 0.0145631 1.16654e-07 7.55674e-05 0.00103267 0.000322744 0.00325165 0.00187269 0.000241137 0.000192774 0.00131617 0.030636 0.000898813 0.0100476 0.00112747 6.91353e-09 3.32148e-12 0.00010154 0.00402412 1.34273e-08 
0.0496555 0.000160383 0.02165 0.12532 0.140085 0.129919 1.64461e-05 0.008716 0.0293839 0.00098075 0.0870515 0.000188826 0.0227872 0.0222701 0.0657102 0.00422656 0.0552577 0.00521904 0.0202238 0.0388492 0.0133102 0.024247 0.0659366 0.0490847 1.55747e-05 0.000107597 0.000216322 0.00513986 0.0142716 
0.040118 0.00700793 0.00384282 0.00807869 0.280733 0.175994 3.71151e-05 0.000172345 0.0143051 0.000514469 0.146737 1.97444e-05 0.000566485 0.0128748 0.0110541 0.00042291 0.0562053 0.000150618 0.0025703 0.141174 2.03953e-06 0.0204287 0.0705834 7.49166e-10 1.52676e-09 1.81503e-09 5.62883e-05 0.00195752 0.0043926 
0.00276052 0.000814188 0.00306609 0.0320408 0.544003 0.00590731 1.26841e-06 0.00140405 0.00426466 1.30034e-05 0.0187167 7.79631e-06 0.000579081 0.00751422 3.01003e-05 0.0133293 0.00885435 4.5671e-05 0.00321023 0.00197462 5.99923e-05 0.00279828 0.00752058 0.00218498 1.38257e-07 2.11163e-05 0.0589753 0.0298669 0.250035 
0.000544063 3.93575e-08 0.0034142 0.0031989 0.666197 0.0614576 1.34105e-07 0.000278094 0.00222377 8.27775e-06 0.170959 7.62122e-06 0.000352602 4.30198e-06 6.21283e-05 5.59889e-05 0.00967168 6.99681e-05 2.82507e-05 0.0212701 0.000186286 0.00709384 0.00436462 0.000165347 3.07029e-12 1.82063e-08 1.65548e-05 0.00047078 0.047899 
0.00718152 3.24248e-11 0.0120515 0.1194 0.718676 0.00988935 2.52693e-11 0.000317744 0.0149409 4.06426e-11 0.0198074 1.43312e-07 7.99622e-05 0.000218422 2.92331e-05 2.14905e-06 0.00697156 4.93818e-05 0.000423999 0.0351727 0.00605265 0.0198743 0.0106162 4.60187e-07 3.46669e-11 4.12123e-11 1.08923e-07 0.0182442 4.33013e-07 
0.0221597 0.00155604 0.0161951 0.0404524 0.181731 0.137565 4.7093e-05 0.00965826 0.0229402 7.79176e-05 0.127967 0.000871985 0.0081615 0.00937161 0.000944656 0.0060319 0.015632 0.00607115 0.00824706 0.101752 0.12456 0.0307032 0.0736435 0.0208125 8.01049e-05 0.000677165 0.00130374 0.00757649 0.0232105 
0.0057608 4.00418e-05 0.00117218 0.00730986 0.39551 0.3129 4.05843e-07 6.38684e-05 0.0112396 7.02275e-05 0.0338451 1.14945e-05 0.000267684 0.0110179 0.000204958 0.000695562 0.0996992 4.2626e-05 0.00011818 0.00497756 2.94472e-06 0.00372319 0.00210242 2.41962e-05 8.42821e-06 6.15482e-07 7.35857e-06 0.00393124 0.105252 
0.046221 5.63985e-10 0.0492448 0.0166084 0.250686 0.231942 2.96887e-06 0.000380915 0.0492462 0.000280861 0.00541902 9.09858e-05 0.0123748 0.00466444 0.00697515 0.0189255 0.00771271 0.00121578 0.00155039 0.0792683 0.00665716 0.0121047 0.0906715 0.0674594 3.16811e-09 0.000296407 0.0261597 0.0117813 0.00205939 
0.00335866 4.98604e-09 0.000524496 0.105031 0.296813 0.237406 2.88864e-07 0.000482196 0.0067149 1.09217e-05 0.0735809 4.83919e-06 0.000975335 2.32817e-05 4.73569e-06 3.55161e-05 0.03352 0.000131831 0.000221421 0.165398 0.00330097 0.0253349 0.0127732 3.50751e-05 4.90649e-12 5.83288e-12 3.7314e-09 0.000434589 0.0338833 
0.00320533 1.15195e-06 0.0194053 0.00136081 0.793016 0.00199604 1.08682e-05 0.00368973 0.00138681 5.89113e-06 0.0777941 4.2488e-06 2.46592e-05 0.000455645 0.000337289 0.000250911 0.00235239 0.00016204 6.11135e-05 0.00205621 0.0825333 0.00103488 0.0062309 0.00164045 7.78608e-13 9.87604e-09 3.52482e-05 0.000323944 0.000625288 
0.0222011 2.79862e-05 0.0119532 0.0106584 0.509208 0.0792373 2.66724e-05 0.000739807 0.0194834 8.02764e-05 0.0687468 0.00999564 0.000871774 0.00916928 0.000115214 0.00478872 0.0713646 0.000549422 0.00305062 0.0132407 0.00485718 0.00373119 0.0213943 0.00409456 5.07899e-07 9.2086e-06 0.00229985 0.00771768 0.120386 
0.00890988 0.00131325 0.0243017 0.0291414 0.304568 0.0484337 1.50718e-05 0.00357867 0.214089 3.06461e-06 0.0642606 4.54615e-06 0.0137189 0.0792817 2.04068e-05 0.000878711 0.133759 0.0054195 0.000142729 0.0115635 0.00747951 0.0108563 0.00599349 0.000385848 1.46236e-07 3.50252e-06 3.8677e-05 0.024913 0.00692552 
0.0113569 0.000971904 0.00775721 0.0180014 0.673243 0.0115914 6.2686e-06 0.0112883 0.0291286 8.59876e-05 0.0740565 4.11991e-05 0.00583686 0.00310848 0.0042602 0.00135222 0.0127335 0.00112165 0.00117211 0.0181743 0.00382334 0.00412664 0.0145975 0.0791438 1.43509e-10 0.00450021 9.83582e-05 0.000454423 0.00796785 
0.00382302 0.000270328 0.020698 0.0132262 0.267747 0.15066 3.42735e-05 0.00114784 0.0309453 0.000105153 0.0702459 0.000117932 0.0151035 0.00745556 0.0020424 0.00281835 0.0319908 0.000714979 0.00453458 0.1121 0.00587383 0.153448 0.0184227 0.00084618 8.264e-05 1.4158e-08 0.0208077 0.00252303 0.0622153 
