0.0191453 3.96405e-07 2.6829e-05 0.175153 0.0288641 0.510414 9.19105e-09 0.0200014 0.00279203 0.00172151 0.0342651 2.40867e-06 0.0123187 0.0377297 0.000526929 0.00116293 0.0667162 0.00127682 0.00292165 0.036417 0.0322769 0.00722116 0.00847327 1.87098e-05 2.52101e-07 1.17252e-07 7.69112e-06 0.000202975 0.000342753 
0.0170014 0.0823008 0.00158994 0.0208918 0.0490938 0.322582 0.00192902 3.10576e-05 0.0608158 0.000775624 0.00796682 5.49542e-08 0.00886815 0.184567 0.000293072 0.00203481 0.0908382 0.0073378 0.00403782 0.0277306 0.00929159 0.00451442 0.0714714 0.0129101 8.65108e-08 0.000559204 8.78989e-05 0.0101639 0.000315485 
0.0861958 0.000558011 0.00705212 0.048319 0.0723728 0.2792 0.000162189 0.00309886 0.0622517 0.000367747 0.0284409 4.22492e-05 0.0059414 0.0559342 0.000332077 0.0118712 0.0239725 0.00261297 0.00972833 0.0399013 0.0107034 0.0088598 0.164605 0.0728812 0.000157278 3.65999e-05 0.00050346 0.00348818 0.000409872 
0.0421849 0.00515599 0.0101727 0.0614342 0.0161645 0.316404 0.000391416 0.0111758 0.0140608 0.000194849 0.0508006 0.00182707 0.00235921 0.0149387 0.000394258 0.00292717 0.0134356 0.0497814 0.00468826 0.0495448 0.0609541 0.0133632 0.240036 0.00110745 5.57383e-06 6.95175e-05 0.000931881 0.0126734 0.00282178 
0.0382149 0.00172373 0.0108192 0.031993 0.0746601 0.249486 3.39302e-05 0.0276167 0.0319286 0.000120693 0.0305103 0.00123873 0.0286775 0.0161537 0.000844215 0.0055003 0.0346254 0.00256347 0.00685127 0.208849 0.0936715 0.0613106 0.0317929 0.00132927 0.000130173 0.000273582 5.64794e-05 0.00453024 0.00449381 
0.00605226 6.19764e-05 0.000307585 0.0100636 0.0361491 0.854287 2.81415e-05 0.000748239 0.00627754 8.61814e-05 0.0204712 0.00261729 0.00177981 0.00191822 0.000125928 0.000671463 0.00972652 0.00025286 5.17899e-05 0.0157771 0.00550663 0.00543143 0.0189398 1.95829e-05 0.00014058 6.53688e-05 1.88004e-05 0.00136117 0.00106335 
0.0169021 8.94983e-06 0.00181812 0.117862 0.00574594 0.690962 2.06155e-06 0.00034285 0.0294446 7.13899e-06 0.0172651 6.65495e-07 0.005492 0.00245926 5.80954e-08 0.000465832 0.0256642 5.26097e-05 0.00583577 0.0297781 0.00361571 0.0037543 0.0393463 1.15042e-05 9.95645e-06 7.92462e-09 9.75915e-10 0.0031531 7.13113e-08 
0.100203 5.0775e-05 0.00269741 0.123829 0.0506582 0.16944 7.41815e-06 0.0230352 0.125731 2.67283e-05 0.0149832 0.00133996 0.00475406 0.0233474 0.00751101 0.0167498 0.0863501 0.00263179 0.00167193 0.0191899 0.0449483 0.0443338 0.126267 0.00220749 5.18761e-07 1.2421e-05 0.000244876 0.00603979 0.001739 
0.0246558 0.00121185 0.00861018 0.0569361 0.0515436 0.534843 0.000401766 0.0014096 0.0185538 0.000708154 0.0154962 9.87078e-05 0.00703622 0.0395902 0.000269871 0.000300742 0.0443178 0.00143025 0.0204972 0.0259907 0.0115013 0.0566144 0.0620438 9.98733e-05 2.48439e-05 7.46258e-05 0.0118707 0.00167415 0.00219478 
0.0323938 0.00128315 0.0105256 0.0851605 0.0369635 0.232989 3.7299e-05 0.0114207 0.0803102 0.000571328 0.0600407 0.000268381 0.0141792 0.0294236 0.00155855 0.00267413 0.0622517 0.00875833 0.0305551 0.0107142 0.0343652 0.0127802 0.190051 0.011582 8.3407e-06 0.000259584 0.000869436 0.0114326 0.026572 
0.00259196 4.21565e-05 7.34416e-05 0.00754885 0.123152 0.642408 3.18895e-09 6.80204e-06 0.00394889 9.72369e-05 0.0249662 6.05444e-06 0.000205084 0.01109 6.1569e-06 0.00133341 0.140708 2.66213e-05 4.48721e-05 0.013165 0.000586338 0.00432905 0.0109562 6.62871e-09 2.45602e-12 2.91974e-12 6.55052e-06 0.00541218 0.00728922 
0.0377392 0.00217451 0.0131986 0.0668959 0.0584588 0.325413 0.002049 0.0120187 0.0355926 0.00124636 0.038414 0.001426 0.00844441 0.0183953 0.00570474 0.0118447 0.0276838 0.00412229 0.0243776 0.0368219 0.0212984 0.0241463 0.189121 0.0128523 0.000524883 0.00194774 0.00489177 0.00808033 0.00511608 
0.0123815 2.91716e-10 0.000474343 0.0663203 0.0577609 0.387384 8.88569e-08 1.8693e-07 0.0315132 1.95419e-06 0.0473616 6.02111e-09 0.0341166 0.00158671 5.87122e-05 0.000317056 0.0125206 0.0047715 0.00330582 0.00373032 0.0107266 0.317028 0.00278293 6.78595e-08 1.16064e-07 8.6542e-08 4.72064e-05 0.00325425 0.00255445 
0.0126953 9.63463e-08 0.0505802 0.0184445 0.0401615 0.335285 2.67144e-06 0.00126643 0.0954961 0.000108826 0.0104312 2.45551e-05 0.0131021 0.0429533 6.78602e-06 0.0193226 0.0221352 0.00464622 0.00262127 0.0619942 0.00909911 0.0141362 0.235217 7.59189e-05 2.44526e-12 1.72306e-06 1.38381e-05 0.00216802 0.00801066 
0.0143026 5.54761e-07 0.0111785 0.00552501 0.101746 0.463175 9.25616e-05 2.91224e-05 0.157503 0.000147695 0.0177329 2.85414e-07 0.00711669 0.0778148 1.72795e-08 0.00143909 0.0186147 0.000516135 0.00769533 0.0233036 0.00270792 0.0123129 0.0687255 0.000540466 6.45029e-13 0.000506746 0.000107043 0.00412884 0.00303693 
0.0364789 1.27546e-09 0.00248832 0.0137907 0.0630216 0.428971 0.000329522 0.00340773 0.0197908 0.000274123 0.0577889 2.06153e-05 0.00275392 0.019678 0.000728136 0.029447 0.0102697 0.00107049 0.00102073 0.0495219 0.00595659 0.00251434 0.10577 0.0960238 1.36366e-09 0.000582209 0.0348799 0.000212683 0.0132074 
0.0512959 1.22839e-09 0.00115553 0.0245392 0.119286 0.288404 1.11762e-07 0.00142047 0.0295462 7.08354e-05 0.0790963 7.12915e-05 0.00439773 0.0342084 0.0262625 0.0249865 0.0143782 0.0186742 0.000851001 0.0288601 0.100478 0.00832404 0.138316 0.000638256 9.16734e-11 1.54598e-08 0.000428851 0.0027399 0.00157182 
0.00942915 8.75633e-05 0.00465251 0.102055 0.108032 0.278666 7.75249e-06 0.0081421 0.0361044 0.000100276 0.0240583 0.000108974 0.0260892 0.00511531 0.000455898 0.00132034 0.0065257 0.00112932 0.00677911 0.251489 0.00181221 0.0780574 0.037873 0.000390514 3.53472e-05 1.00337e-06 7.75192e-05 0.000732891 0.0106729 
0.011193 0.000544732 0.00270575 0.0121035 0.0635511 0.63421 7.01815e-06 0.00058045 0.0268811 0.00016598 0.0149797 5.78775e-06 0.00931437 0.0326817 0.00124028 0.000375098 0.0225082 0.000597708 0.00648038 0.00331913 0.00131372 0.0137537 0.129385 0.00016181 0.00261685 0.00374116 0.000190602 0.00533457 5.7561e-05 
0.0819203 7.38891e-06 0.00100897 0.27901 0.0126411 0.320214 7.64995e-07 0.00501032 0.0389169 0.000225435 0.0761286 3.9352e-06 0.0146138 0.000555863 0.000258744 0.000323838 0.0545 0.000181312 0.0349439 0.0123997 0.00193445 0.0084526 0.0552774 3.82639e-06 7.13234e-09 9.05166e-05 3.89406e-06 0.000688706 0.000684545 
0.0359354 0.00219718 0.0207357 0.0406864 0.0515533 0.297989 0.00015763 0.00625372 0.0650016 0.000706108 0.0627852 0.000732246 0.0442285 0.0323253 0.0016539 0.00423611 0.0702268 0.0057182 0.0102302 0.0653065 0.0223944 0.0895635 0.0366497 0.00232885 0.000486246 0.000961637 0.000367227 0.0106906 0.0178987 
0.041868 2.29281e-08 0.00095991 0.115867 0.189154 0.388146 1.78683e-08 0.0539624 0.0237013 2.8739e-08 0.0512779 4.32014e-05 0.0014486 0.000905891 2.86091e-05 0.00036867 0.0061988 0.00249058 0.0139928 0.0375168 0.00638104 0.00992465 0.0413632 0.0141693 2.45135e-08 2.91419e-08 4.8056e-05 7.58857e-05 0.000107542 
0.0264094 0.00254425 0.020607 0.0340177 0.0682037 0.30186 0.000927229 0.0036386 0.0548017 0.000197282 0.0926803 0.00224685 0.00606226 0.0843145 0.00243209 0.0110242 0.0670759 0.0133701 0.00309749 0.0358939 0.0318962 0.024431 0.0792388 0.0168259 5.46039e-06 0.000811812 0.00245023 0.00791207 0.0050247 
0.0285097 0.0203155 0.00761734 0.0154624 0.0565979 0.416069 0.000121218 0.00363427 0.007754 5.69863e-06 0.00565064 0.000118109 0.00231119 0.0114374 0.000311623 0.000581083 0.0100718 0.000114076 0.0086541 0.016534 0.00245687 0.000813514 0.383079 0.000429654 1.13782e-10 4.50979e-05 2.70929e-05 0.000767642 0.000510941 
0.0379153 0.00223763 0.0209153 0.0072945 0.0614676 0.33867 0.000182222 1.19056e-06 0.0498504 4.19502e-06 0.0225723 1.93446e-05 0.0124138 0.0796158 5.95353e-05 6.08892e-05 0.047976 0.000645342 0.000275347 0.0103041 0.010783 0.194102 0.0573806 6.62264e-11 5.89117e-08 3.06435e-07 2.96368e-07 0.0452537 6.09244e-11 
0.0247608 0.000131976 0.0150952 0.0146683 0.181932 0.31286 1.17013e-06 0.00566519 0.132046 0.000297353 0.0166336 3.16836e-06 0.00578501 0.0392088 0.00438155 0.0137744 0.00875892 0.00281945 0.0144384 0.120087 0.017288 0.00128307 0.0663859 0.000155724 0.000473052 0.000346074 4.99112e-05 0.000669081 4.02549e-07 
0.00400781 0.00491832 0.000583186 0.00506011 0.0399641 0.442419 2.24954e-05 3.60427e-05 0.0191632 0.000256916 0.00681999 1.08376e-06 0.00355434 0.11111 0.00116467 0.0173497 0.0390002 0.000249287 0.00296475 0.243375 0.00188626 0.00204762 0.0497298 0.000326121 3.85995e-11 0.00013865 0.000193098 0.00304595 0.000611503 
0.00839801 0.00179905 0.000372059 0.0219769 0.182764 0.362288 1.23203e-06 2.14938e-05 0.0323116 2.92418e-05 0.00325973 4.65082e-06 0.00321068 0.0489802 5.6923e-08 0.00719167 0.22742 0.000894333 3.53649e-05 0.0187944 0.00624555 0.0153061 0.0547998 3.18095e-11 6.48262e-11 7.70658e-11 7.94761e-06 0.00170586 0.00218123 
0.0653456 0.0673337 0.0353105 0.00851691 0.0234921 0.191557 0.00340702 0.0123524 0.0760041 5.21207e-05 0.0176777 0.000335042 0.00119975 0.157528 0.00607751 0.0201581 0.106352 0.00400014 0.000347219 0.0083175 0.0349927 0.0270646 0.0737534 0.000335709 3.09086e-06 0.000396095 0.0297964 0.00976429 0.0185293 
0.0490134 0.00369701 0.0267704 0.0228661 0.116455 0.429169 7.45971e-05 0.00186742 0.0142508 2.79811e-05 0.0643496 5.37925e-07 0.000662044 0.0121929 0.00012117 0.00421979 0.02436 0.00165461 0.00140801 0.0123376 0.0766098 0.00467734 0.124159 0.00154103 1.34171e-11 1.59503e-11 2.89504e-05 0.00139397 0.00609191 
0.00780991 2.64668e-06 1.53535e-05 0.0267484 0.1288 0.564651 2.69236e-09 0.00579133 0.00547134 6.12876e-12 0.107731 8.11078e-09 0.000135875 0.00200018 9.9338e-05 0.000375427 0.0183381 0.00697456 0.00272492 0.00211152 0.0178551 0.00370439 0.0974966 0.00048519 5.22765e-12 6.21467e-12 1.97202e-05 2.79936e-08 0.000657988 
0.00846551 2.97886e-05 0.0373882 0.0141088 0.0782301 0.405031 5.45012e-05 0.0113638 0.0608509 0.000710619 0.0455131 9.16012e-05 0.0122899 0.0359198 0.000852796 0.000308466 0.06664 0.00121327 0.00410748 0.13065 0.0305417 0.0228159 0.019228 0.000582413 1.29113e-06 4.38082e-05 3.74524e-05 0.0121937 0.000736487 
0.0235759 0.0225537 0.0147086 0.0184249 0.070521 0.443446 0.000132942 0.00238677 0.0308194 8.77961e-05 0.0433929 0.000214894 0.00585861 0.023804 0.000250041 0.00215315 0.0229181 0.00254466 0.00237294 0.0373162 0.107015 0.0108504 0.101583 0.00104471 0.000512605 0.000577358 0.0012277 0.00236912 0.0073374 
0.0260035 0.00109383 0.0152069 0.0173502 0.0467954 0.528292 1.20509e-07 0.00303871 0.067337 8.92057e-05 0.0213165 6.50987e-06 0.0141819 0.0185695 0.0021202 0.00672316 0.0311329 0.00271365 0.0008735 0.0398726 0.0349417 0.0103046 0.106806 0.000135241 2.88957e-06 1.02549e-05 2.52897e-05 0.00186886 0.00318775 
0.0314168 1.00071e-12 8.31961e-08 0.100229 0.0049813 0.527359 1.74994e-06 0.000737245 0.00346726 3.1622e-05 0.0278944 4.21329e-05 0.0016072 0.00636097 8.40636e-09 0.00168434 0.021485 0.000347318 0.00058252 0.00795141 0.0106483 0.00273426 0.248059 6.3883e-05 1.0699e-12 1.27191e-12 2.32868e-05 0.000810028 0.00148172 
0.00790067 1.93865e-07 0.024154 0.0162142 0.0954746 0.376058 3.81526e-09 6.63767e-08 0.0349154 9.44824e-07 0.0235662 2.89643e-05 0.0250215 0.000368396 3.42431e-07 0.00965509 0.213882 7.00197e-05 0.00092254 0.0195067 0.0113917 0.0213874 0.0217787 0.000225123 8.00152e-07 2.47725e-10 2.75992e-05 0.0974487 5.95457e-07 
0.00662429 0.0165118 0.025434 0.016365 0.0339493 0.60436 5.69299e-06 0.00223921 0.0225024 0.000130155 0.00885012 1.49755e-05 0.00258185 0.0214663 8.5222e-05 0.0110272 0.00735179 0.000371137 0.00924604 0.18405 0.00255786 0.00783768 0.0156216 1.84281e-05 0.000177691 5.58643e-05 3.66275e-05 0.000410506 0.000117346 
0.00916411 0.0044578 0.011977 0.037522 0.0689542 0.296361 0.00158011 0.015574 0.0626726 0.000249717 0.197983 1.16795e-05 0.0103449 0.10193 0.00192588 0.00126015 0.0535268 0.00167047 0.00350216 0.00733887 0.0234756 0.0165559 0.0476211 0.0100325 1.14169e-12 0.000135996 0.000234397 0.0138466 9.14112e-05 
0.0693776 9.80762e-08 0.0178801 0.0137933 0.0609623 0.200783 1.46946e-06 0.000902204 0.0727222 0.000821144 0.0373135 7.44622e-06 0.0174194 0.0199962 0.00674775 0.034026 0.0162976 0.0030822 0.0323047 0.120803 0.0433654 0.00570786 0.0833991 0.00670437 4.54244e-09 0.00175648 0.0526662 0.00607017 0.0750894 
0.0019504 1.94486e-05 0.00181985 0.00110453 0.00655019 0.497194 0.0968227 5.30436e-05 0.0177727 5.56574e-06 0.00715657 5.59656e-08 0.00102112 0.0142423 6.33842e-05 0.00852514 0.112068 0.00131475 6.54024e-05 0.00535026 0.000427071 0.00194398 0.0481493 3.13588e-05 2.48687e-10 1.94059e-08 6.45504e-06 0.176296 4.64158e-05 
0.042474 0.000191119 0.015523 0.0348669 0.0139143 0.407732 0.000825418 0.00184306 0.0323107 5.41098e-05 0.0677249 0.000192802 0.0241752 0.00781455 0.000230616 0.000875913 0.00711753 0.00256887 0.0252606 0.0481033 0.012768 0.0182983 0.207466 0.000303505 0.000804384 0.00109922 0.00110425 0.00675502 0.0176025 
0.0012139 5.05064e-08 0.000137004 2.24316e-08 0.0707401 0.836073 3.66169e-06 0.000342734 0.00338879 0.000107864 0.0408414 2.31668e-06 0.0128026 0.0125736 0.000729602 0.000609113 0.00850195 0.000657291 0.000346558 8.7699e-09 0.00585997 0.000958212 0.000885264 9.59177e-05 6.4162e-12 7.62762e-12 2.82835e-05 0.00310105 2.8963e-12 
0.0072036 4.15258e-06 0.00734794 0.0789044 0.0597844 0.627967 1.06081e-07 7.40321e-05 0.0264569 4.65677e-07 0.0684755 5.23411e-06 0.0122291 0.00682071 9.57165e-05 0.00292721 0.0298431 0.00018307 0.000377562 0.0383345 0.000791498 0.0141909 0.0103762 2.11782e-05 1.16358e-10 1.52118e-07 1.47729e-06 0.00431453 0.00326939 
0.0223799 0.00231191 0.00866145 0.0258201 0.0389816 0.36934 0.000147191 0.00804063 0.00944108 0.000249219 0.036481 0.000888594 0.00407757 0.0264391 0.000502354 0.000987672 0.0441623 0.0032135 0.0157642 0.0208084 0.0325094 0.0444545 0.273607 0.000892749 3.2996e-06 0.000297596 0.00691141 0.000801423 0.00182481 
0.0768519 0.00078915 0.00052625 0.0440961 0.00986009 0.478617 0.000165918 0.0014729 0.0226589 2.92137e-05 0.00551549 1.45028e-06 0.00250078 0.106185 0.000261994 0.000707516 0.172379 0.00180299 0.00105437 0.0326394 0.0190749 0.00229142 0.0165711 1.23905e-05 1.25261e-08 1.44601e-05 7.22698e-06 0.00386023 5.29099e-05 
0.00574222 2.00737e-05 7.66547e-06 0.0146912 0.103183 0.537783 4.58877e-09 9.15671e-05 0.00414572 4.9161e-05 0.117067 6.06055e-06 0.000323074 0.00367905 1.31595e-05 0.000827486 0.117051 4.66347e-05 0.000142771 0.0669803 0.00033449 0.010945 0.00483468 2.42808e-12 4.9483e-12 5.88258e-12 2.76717e-06 0.000521618 0.0115117 
0.0340031 0.000252651 0.017118 0.100284 0.0283349 0.37535 3.32215e-06 0.00151406 0.0374225 2.06187e-05 0.156116 1.38416e-06 0.0070319 0.02388 0.000950588 0.000388826 0.0494028 0.000253659 0.0257283 0.0204779 0.00127957 0.0302875 0.0199404 9.686e-06 1.28272e-07 2.45737e-07 9.22581e-06 0.00520225 0.0647365 
0.00108039 0.000133673 0.0101364 0.00323397 0.0112868 0.493717 2.65173e-05 0.000829496 0.0391235 0.00354108 0.0361675 1.86221e-05 0.0220564 0.163577 0.0298675 0.00262691 0.0290927 0.000178105 0.00687346 0.00306753 0.10805 0.00808901 0.0269954 7.82041e-05 3.78638e-08 6.12937e-05 7.86396e-06 3.06873e-05 5.34145e-05 
0.0783344 0.000835749 0.0153081 0.101935 0.0777235 0.138377 3.29939e-05 0.038863 0.0376156 0.00180724 0.116169 0.000672703 0.0148166 0.0244245 0.0323934 0.0117958 0.0264416 0.00900898 0.0212175 0.0877169 0.0252421 0.0370234 0.0787815 0.00592813 0.000970226 0.00171053 0.00127826 0.00736505 0.00621112 
0.0180412 4.00999e-12 0.00927173 0.105077 0.0557261 0.309025 1.61879e-06 0.00192211 0.0056197 7.95087e-06 0.107805 7.17328e-06 0.000474432 0.0020532 0.00221597 0.00766479 0.00430382 0.0438275 0.000833798 0.0131107 0.213882 0.0373271 0.0559709 7.40008e-05 4.28727e-12 5.09674e-12 6.31016e-05 0.000276536 0.00541676 
0.0532159 0.000782285 0.00571271 0.20395 0.0215726 0.260256 1.19812e-05 0.00803075 0.0306172 0.00286181 0.0514949 0.000214482 0.0168678 0.0150401 0.000670529 0.000750446 0.0404689 0.00442856 0.0386809 0.0260887 0.0118656 0.0598059 0.125891 0.000624913 8.60806e-06 0.000312653 0.00227152 0.00895663 0.0085469 
0.0205493 0.000296178 0.00882943 0.0132864 0.0470635 0.602661 1.59856e-05 0.000291416 0.0318885 0.000263413 0.00472214 9.72577e-06 0.0809522 0.0213334 1.67097e-08 0.000531666 0.0352894 0.000690723 0.00245833 0.0116768 0.000124882 0.00745864 0.0436018 9.05469e-06 0.00130799 7.14031e-08 0.0533985 0.0112575 3.204e-05 
0.0385595 0.000225168 0.00100413 0.017981 0.0112573 0.725911 4.73373e-06 0.00120512 0.0101271 7.43859e-05 0.00800216 0.000181348 0.0200689 0.0198985 0.000140533 0.000701301 0.00677471 0.00192175 0.0043202 0.00193301 0.0020161 0.00355967 0.121868 0.000196702 3.89855e-07 0.000151214 4.76961e-06 0.00185322 5.87487e-05 
0.0741262 0.00149969 0.0136078 0.0163875 0.0300536 0.459372 7.21986e-05 0.000566574 0.044094 0.000109646 0.0308042 5.03005e-07 0.00529868 0.0111961 0.000141139 0.0218311 0.0140923 0.00114653 0.000493072 0.16733 0.000105564 0.00531055 0.0892072 0.00125927 0.000205356 0.0041264 5.30772e-06 0.00311217 0.00444529 
0.0426768 1.01263e-06 0.000870377 0.0310324 0.0327745 0.314971 8.86284e-06 0.0240505 0.0204829 8.92665e-05 0.0773281 1.82419e-05 0.00144285 0.0056285 2.08322e-05 0.000239113 0.114436 0.00202082 9.02215e-05 0.028316 0.151237 0.00921699 0.130844 0.000602106 3.31779e-07 7.18692e-08 1.69445e-05 0.0015128 0.0100716 
0.0588632 1.17166e-05 0.0265712 0.0590059 0.0641852 0.342004 2.89414e-05 0.00616813 0.0558032 0.000802764 0.00374855 3.55292e-06 0.0119342 0.0292268 0.000552683 0.00143947 0.00644503 0.000295538 0.0863198 0.120221 0.00941313 0.0382121 0.0438628 0.00073558 0.0125284 0.00793721 9.93414e-06 0.00295318 0.0107164 
0.0576696 0.00045375 0.0147169 0.021512 0.0362368 0.289261 2.60673e-05 0.0021115 0.0462915 0.000491119 0.0179587 0.000532893 0.00968528 0.0122586 0.00163118 0.0213672 0.0309032 0.00068944 0.00861572 0.181044 0.023975 0.0113269 0.194379 0.00302653 0.000269813 0.00141316 0.00683101 0.00241985 0.00290304 
0.000260718 3.02845e-10 0.000728472 0.00367256 0.065175 0.650418 2.36012e-10 6.29405e-08 0.0402513 3.79598e-10 0.100621 2.17592e-08 0.000577966 0.00141598 1.8135e-05 1.39339e-05 0.0442955 0.000121687 0.00182816 0.0341232 1.64649e-08 0.0144237 0.0376235 1.62808e-05 3.23786e-10 0.001998 3.75904e-09 0.00181068 0.000605541 
0.00595022 0.00988886 0.00843326 0.00452085 0.049206 0.470344 4.98287e-05 0.00296532 0.0249379 0.000102358 0.00100543 0.000189143 0.0163736 0.158819 4.2582e-06 8.06073e-05 0.020818 0.000714173 0.0118481 0.105015 0.000685247 0.0636929 0.0423398 4.97437e-06 4.43448e-08 5.27175e-08 1.98164e-05 0.00171972 0.000271845 
0.0306381 3.15915e-08 0.00231542 0.0480604 0.0708634 0.259528 2.33479e-08 0.0173354 0.0375219 1.98233e-08 0.0952149 0.000289773 0.0370584 0.00441841 2.62131e-07 0.0014346 0.0348522 0.0371489 0.00338292 0.0330653 0.0168944 0.000865623 0.0666758 0.118509 4.14255e-11 4.92469e-11 0.000221775 0.0833905 0.00031406 
0.0375563 6.03608e-06 0.013115 0.0227215 0.04432 0.274637 1.13878e-05 0.00298527 0.0223508 0.000211201 0.0156556 0.00845289 0.00315606 0.0108945 0.000167254 0.00928379 0.16843 0.000750691 0.00343083 0.0123257 0.130105 0.188097 0.027226 0.00038985 1.23907e-06 6.55034e-05 1.14902e-05 0.00307388 0.000567914 
0.0225673 0.00070051 0.000255547 0.000724426 0.0447445 0.59834 8.652e-07 4.0111e-08 0.00709265 1.00695e-05 0.00440506 2.14996e-08 0.000577349 0.0379532 0.000158575 0.00127203 0.0401687 5.52849e-06 0.000129011 0.00222228 0.00017618 0.00128913 0.0221445 0.000682042 9.64876e-11 6.68841e-07 1.01094e-05 0.0114464 0.202924 
0.0518125 0.00022017 0.00886069 0.0548007 0.112791 0.235327 1.31173e-05 0.00510477 0.0395917 0.000112956 0.0449049 1.93088e-05 0.010518 0.0175679 0.000384886 0.00453981 0.0318706 0.0158844 0.0112402 0.102153 0.00385226 0.0236567 0.167086 0.00297958 0.00282952 0.000160254 4.2224e-05 0.0249594 0.0267177 
0.00223852 7.79221e-05 0.000342375 0.00420151 0.147372 0.707725 3.76835e-09 1.35986e-05 0.0298673 0.000102805 0.0252094 2.42754e-05 0.00169546 0.0117544 2.42663e-06 0.00136257 0.0367786 3.32605e-05 5.66883e-05 0.00717114 2.24553e-05 0.00460893 0.0110686 8.12455e-09 9.16558e-08 1.96792e-12 2.53436e-06 0.00391628 0.00435153 
0.00513847 1.60184e-05 0.00809496 0.0179705 0.147922 0.597222 8.37603e-07 8.40666e-05 0.00749681 6.30789e-05 0.0161791 5.54795e-05 0.000931502 0.0191257 8.76289e-05 0.00140402 0.0355432 0.00011714 0.000290323 0.0147269 0.00230707 0.00495212 0.0471837 0.000138279 5.37349e-12 1.99554e-09 1.89302e-05 0.00577106 0.0671597 
0.0600245 0.0012043 0.01832 0.0485997 0.0118852 0.714611 4.65477e-07 0.00143625 0.00295572 6.89522e-06 0.0130661 1.1787e-05 0.00495257 0.0064206 5.54608e-05 0.000559114 0.00575021 0.00129833 0.00385511 0.00485961 0.00258412 0.00630276 0.0875158 0.000130062 0.000708113 0.000733687 1.0582e-09 0.00203805 0.00011469 
0.00259196 4.21565e-05 7.34416e-05 0.00754885 0.123152 0.642408 3.18895e-09 6.80204e-06 0.00394889 9.72369e-05 0.0249662 6.05444e-06 0.000205084 0.01109 6.1569e-06 0.00133341 0.140708 2.66213e-05 4.48721e-05 0.013165 0.000586338 0.00432905 0.0109562 6.62871e-09 2.45602e-12 2.91974e-12 6.55052e-06 0.00541218 0.00728922 
0.0773539 0.00151469 0.00888451 0.0467075 0.193392 0.209452 1.46449e-05 0.0102237 0.0615158 1.11134e-05 0.0975196 0.00565404 0.0981869 0.00364638 0.000544941 0.000982923 0.00559717 0.000770498 0.00625251 0.0159161 0.00469659 0.111378 0.0270548 0.00194209 1.22189e-07 3.79956e-05 2.57933e-05 0.00255456 0.00816853 
0.0186142 0.00140738 0.00489099 0.0209643 0.102151 0.581336 4.9167e-09 0.00347545 0.00901668 1.84449e-11 0.0646395 1.46567e-08 0.000247801 0.0106741 5.96665e-05 0.00309032 0.0297565 0.00418528 0.00163512 0.00365938 0.0210298 0.00222288 0.116246 0.00029126 1.57329e-11 1.87034e-11 1.18444e-05 5.10757e-08 0.000394937 
0.0383966 4.46587e-05 0.00721179 0.0496686 0.0661103 0.535294 2.11634e-05 0.00519336 0.0225678 7.74497e-05 0.00799677 4.31903e-06 0.0115308 0.0441774 2.62944e-06 0.00191704 0.0440838 0.00182025 0.00118698 0.0522445 0.022349 0.0376564 0.0153718 6.03905e-05 6.90026e-11 0.0326902 5.06668e-06 0.00181516 0.000501956 
0.00223852 7.79221e-05 0.000342375 0.00420151 0.147372 0.707725 3.76835e-09 1.35986e-05 0.0298673 0.000102805 0.0252094 2.42754e-05 0.00169546 0.0117544 2.42663e-06 0.00136257 0.0367786 3.32605e-05 5.66883e-05 0.00717114 2.24553e-05 0.00460893 0.0110686 8.12455e-09 9.16558e-08 1.96792e-12 2.53436e-06 0.00391628 0.00435153 
0.0173401 0.000237663 0.0479188 0.0613661 0.0864791 0.287404 2.43499e-05 0.0109501 0.0318516 8.15682e-05 0.0255509 0.00323949 0.0424754 0.0155355 0.000760776 0.00376995 0.0236808 0.00263772 0.00927741 0.0398637 0.00509416 0.0271927 0.248187 0.00097735 2.1721e-05 0.000103763 0.000302901 0.00612758 0.00154834 
0.0042369 5.89872e-06 0.00378608 0.008268 0.0171578 0.591276 5.48847e-09 1.35447e-05 0.0260659 4.93744e-05 0.000253647 1.99018e-06 0.00289119 0.0110226 4.50522e-05 0.00147836 0.10323 0.000615816 0.00167599 6.57365e-05 0.153082 0.000478973 0.0719231 0.000511632 2.85713e-08 7.86977e-07 1.96896e-05 0.00184362 1.80154e-10 
0.00223852 7.79221e-05 0.000342375 0.00420151 0.147372 0.707725 3.76835e-09 1.35986e-05 0.0298673 0.000102805 0.0252094 2.42754e-05 0.00169546 0.0117544 2.42663e-06 0.00136257 0.0367786 3.32605e-05 5.66883e-05 0.00717114 2.24553e-05 0.00460893 0.0110686 8.12455e-09 9.16558e-08 1.96792e-12 2.53436e-06 0.00391628 0.00435153 
0.0235197 0.000406304 0.00263183 0.0239043 0.0406541 0.552904 1.6863e-06 0.0010282 0.0266278 9.89916e-05 0.0590444 4.21985e-06 0.0267575 0.0119449 0.000130935 0.00309734 0.0232419 0.000465299 0.00591735 0.012387 0.00548539 0.00960216 0.161235 0.000193924 0.0010651 0.000618192 0.000151779 0.00467392 0.00220691 
0.0369066 0.0190425 0.00164331 0.0237378 0.0946587 0.317471 4.31835e-07 8.48449e-05 0.103541 2.61819e-05 0.0897111 2.68048e-11 0.00242394 0.0470631 0.000213128 0.00767567 0.0422748 2.26296e-05 0.00343457 0.0895644 0.00537468 0.0228896 0.0858171 0.00013713 2.58196e-11 7.65853e-05 1.35837e-05 0.0012359 0.00495984 
0.0131206 2.65508e-06 4.82463e-05 0.0941964 0.0774068 0.302995 2.63084e-06 0.000923422 0.0796955 7.22693e-06 0.0909983 0.000176207 0.00517197 0.000533339 8.90436e-05 3.5634e-05 0.188601 4.04235e-05 0.00129765 0.0885658 0.00140737 0.0404374 0.00793254 0.000137153 1.12838e-10 1.34143e-10 4.37107e-07 0.0015619 0.00461541 
0.0645869 0.0149032 0.00338242 0.0286115 0.0839239 0.520444 3.73096e-06 0.00113898 0.02357 6.45595e-05 0.0718368 0.00282735 0.00733314 0.0248123 0.000335985 0.00141752 0.037698 6.1863e-05 0.0189707 0.00214728 0.000227817 0.0217125 0.0623919 5.28611e-05 8.28771e-11 0.00176782 6.81626e-08 0.00577673 1.44319e-08 
0.034742 0.000906155 0.0503671 0.0845777 0.0535232 0.245081 0.000817954 0.0145034 0.0487513 0.000343464 0.077588 0.000327826 0.00869678 0.0193487 0.00617864 0.000851688 0.0213791 0.00652874 0.108074 0.0846155 0.00516895 0.0151182 0.0374144 0.00140052 1.28218e-05 0.0260512 8.22541e-05 0.00302238 0.0445271 
0.0282975 0.00314507 0.0734505 0.00555287 0.0491863 0.285699 1.30396e-06 0.0032137 0.135886 5.94271e-05 0.00768913 0.00166154 0.0105393 0.15737 0.00162798 0.0265119 0.0329934 0.000588769 0.0186346 0.0828969 0.00369418 0.0103437 0.0418853 0.000376272 3.95898e-05 0.00319507 7.28699e-05 0.0137022 0.00168629 
0.0352406 0.000120244 0.000293437 0.0497702 0.0918436 0.296605 6.76059e-06 0.00711438 0.0186821 0.000100212 0.0982983 9.61751e-09 0.00196972 0.0190101 8.23176e-05 0.000239884 0.0720209 0.00452648 0.00660097 0.11984 0.0814204 0.0509862 0.0404386 0.000642294 6.90558e-07 0.00167047 7.17974e-06 0.00115518 0.00131345 
0.0498616 8.07233e-12 0.0025509 0.0812528 0.0288266 0.24796 4.41432e-06 0.000821182 0.0340572 0.000267833 0.0777665 7.07915e-08 0.00435867 0.00676662 4.34658e-12 0.0137674 0.0886944 1.32148e-07 2.20599e-07 0.0244357 0.225492 0.0104696 0.0869578 5.02237e-05 8.63051e-12 7.19228e-09 2.37749e-08 0.00619108 0.00944761 
0.0542757 0.000583245 0.0181914 0.0637273 0.0816587 0.129288 0.000248889 0.0138575 0.0700143 0.000854206 0.123403 0.000320397 0.0336119 0.0235718 0.00517756 0.00717724 0.0745043 0.0103835 0.00769072 0.06404 0.0340842 0.0555976 0.0733563 0.00805966 0.000347214 0.0012581 0.00276261 0.00879643 0.033158 
0.168392 0.000468655 0.0110213 0.0494367 0.0296943 0.262159 0.00015737 0.00425778 0.0533088 0.00135178 0.0386187 0.00175386 0.0531479 0.0264743 0.0013768 0.00726031 0.0539463 0.00536405 0.0425315 0.0282925 0.0243308 0.0159271 0.0988991 0.00208724 6.30017e-05 0.00160537 0.00337449 0.00720483 0.00749385 
0.0877827 0.000181393 0.0176227 0.0374911 0.0314801 0.186113 4.31794e-05 0.0290912 0.0409829 0.00310617 0.0618789 0.0007734 0.00621049 0.0127567 0.00198194 0.00511863 0.0352799 0.00826169 0.0540912 0.040442 0.140117 0.0221123 0.167001 0.000577569 8.98411e-05 3.88424e-05 0.00164142 0.00306772 0.00466585 
0.0489367 1.37422e-06 0.00766497 0.00137433 0.00450762 0.527398 6.9175e-05 0.0036641 0.0198677 3.63577e-05 0.0514949 0.000135245 0.0040621 0.00906796 5.11594e-05 0.00304146 0.00409862 0.000534686 0.000262768 0.00855361 0.00113831 0.00106929 0.0848161 0.000381413 4.12452e-09 1.06942e-05 0.00278755 0.00355407 0.21142 
0.020618 1.10613e-10 0.00233069 0.0370779 0.0568661 0.495808 0.000932703 0.00132949 0.105663 6.68363e-07 0.000515064 2.32128e-05 0.0114208 0.00410802 0.000250584 0.000146382 0.0122942 0.00152962 0.032478 0.030905 3.96206e-07 0.0189145 0.102674 0.000100782 1.18261e-10 0.0562461 1.22134e-08 0.00124066 0.00652581 
0.0757179 0.0210729 0.0251635 0.0200433 0.0534334 0.204861 0.000218271 0.000604845 0.107344 0.00227644 0.0151814 8.17297e-05 0.00207132 0.134213 0.0114778 0.00751314 0.0466576 0.011942 0.00566279 0.0143013 0.0637104 0.0146129 0.137364 0.00121501 4.09337e-05 5.29769e-05 0.000135466 0.0195027 0.00352772 
0.0992198 0.000154443 0.00657089 0.0318598 0.0412124 0.158842 2.3337e-05 0.0201838 0.0681989 0.000423965 0.0290522 0.00482223 0.00813526 0.0871577 0.00260658 0.0998285 0.068775 0.00211291 0.0217766 0.110666 0.00510533 0.000586101 0.115467 0.00868574 8.89518e-08 0.00030532 0.00371738 0.00243659 0.0020737 
0.014316 1.38083e-08 0.0346766 0.00513678 0.00281757 0.597734 1.6433e-09 0.0513507 0.042139 0.000788838 0.0445176 3.09766e-05 0.00100215 0.0183703 0.00811329 0.0194034 0.00676664 0.00245251 0.000762309 0.0725656 0.0493042 0.00232786 0.0144433 1.8701e-05 1.9627e-06 8.9142e-05 1.9895e-05 0.00123748 0.00961343 
0.000476062 0.000701523 0.00770341 0.00501178 0.00962485 0.350795 9.57702e-07 0.0330382 0.0284553 0.000533415 0.0342042 2.41422e-08 0.00143222 0.149185 0.0049145 0.000327168 0.00225181 4.51703e-05 8.45345e-05 7.99187e-07 0.285071 0.0151113 0.00272684 0.000280126 4.43949e-10 0.0568612 4.39319e-05 0.0111125 7.2511e-06 
0.00915785 0.00210462 0.0428251 0.0278585 0.150909 0.276577 0.000158964 0.00133251 0.0282075 3.73303e-06 0.0821573 1.57107e-05 0.0281939 0.0095742 0.00205587 0.000292774 0.0243071 0.0192314 0.0834264 0.016795 0.0345596 0.0964811 0.0317185 0.000732261 6.47528e-09 4.97762e-05 0.0191442 0.00459274 0.00753663 
0.0319558 0.00189747 0.00857366 0.0724129 0.0458666 0.141624 0.000105936 0.0114926 0.077298 0.000170315 0.119556 2.61256e-05 0.0778858 0.0658278 0.00827804 0.00991652 0.120752 0.020211 0.00452486 0.036344 0.0393096 0.0655387 0.0286457 0.00175568 0.000345473 0.00126098 0.000135611 0.00339965 0.00488983 
0.0371707 0.000918563 0.0208579 0.0932407 0.0212202 0.367814 3.91024e-05 0.00148649 0.0386584 0.000461536 0.0152727 0.000909389 0.00649127 0.0716115 0.00134144 0.0095587 0.161469 0.00582697 0.0256634 0.0212943 0.00690856 0.00640076 0.0726618 0.00226987 0.000835353 0.000357658 3.8191e-05 0.00521011 0.00401189 
0.00469319 0.000148475 0.0150982 0.001099 0.108096 0.505165 2.53339e-06 1.42045e-09 0.0925857 7.96492e-05 0.0643701 1.14577e-05 0.00105835 0.0231598 4.02039e-06 0.00050064 0.0319981 2.47898e-09 6.86597e-05 0.0188762 1.45959e-09 0.00687116 0.00591354 4.47428e-09 2.8494e-13 3.38739e-13 2.37941e-05 0.0177382 0.102438 
0.014316 1.38083e-08 0.0346766 0.00513678 0.00281757 0.597734 1.6433e-09 0.0513507 0.042139 0.000788838 0.0445176 3.09766e-05 0.00100215 0.0183703 0.00811329 0.0194034 0.00676664 0.00245251 0.000762309 0.0725656 0.0493042 0.00232786 0.0144433 1.8701e-05 1.9627e-06 8.9142e-05 1.9895e-05 0.00123748 0.00961343 
0.0552242 0.000227631 0.0128973 0.195048 0.0414981 0.2079 2.0549e-05 0.0108961 0.0339902 0.000207965 0.0876046 0.000509562 0.00902631 0.0158883 0.00425673 0.00991922 0.0321055 0.0125201 0.0106121 0.0392793 0.0433327 0.0205707 0.116591 0.00670021 0.00167329 0.000390607 0.00367942 0.0091168 0.0183148 
0.014316 1.38083e-08 0.0346766 0.00513678 0.00281757 0.597734 1.6433e-09 0.0513507 0.042139 0.000788838 0.0445176 3.09766e-05 0.00100215 0.0183703 0.00811329 0.0194034 0.00676664 0.00245251 0.000762309 0.0725656 0.0493042 0.00232786 0.0144433 1.8701e-05 1.9627e-06 8.9142e-05 1.9895e-05 0.00123748 0.00961343 
0.00940807 1.149e-05 0.000355 0.0269565 0.138758 0.622815 1.07505e-11 0.000103019 0.00765467 1.53707e-05 0.0472221 1.96201e-06 0.00194524 0.00679677 4.13424e-05 0.00233049 0.0423945 0.00328366 0.000251131 0.00393404 0.00216464 0.0442769 0.00625767 5.79178e-05 1.47487e-11 1.75334e-11 1.13536e-05 0.0321103 0.000842852 
0.015936 0.00274701 0.0226538 0.00555782 0.176174 0.186129 0.000262336 6.95473e-05 0.179507 1.01458e-05 0.0406837 0.00017372 0.0114745 0.0412784 0.000176154 0.00920047 0.0409337 0.000449105 0.00066421 0.0751836 0.00677949 0.00987119 0.0569599 0.000624768 1.77673e-06 1.38331e-05 0.00290696 0.0585032 0.0550746 
0.0277272 3.78283e-05 0.0195166 0.00691543 0.0559558 0.562266 4.48223e-07 0.0381105 0.0297236 0.00046713 0.0827661 1.72043e-05 0.000904402 0.021479 0.00376291 0.0120102 0.0154879 0.0027266 0.00104501 0.054149 0.0230462 0.0054364 0.0162209 8.64764e-06 9.34483e-07 4.11882e-05 1.63681e-05 0.00116371 0.0189965 
0.00188668 3.89258e-05 0.00189852 4.22612e-05 0.063611 0.804793 0.000138748 0.000262036 0.00712194 0.000128032 0.0349682 3.27716e-06 0.0124299 0.036106 0.00165201 0.000805074 0.0141029 0.00120282 0.000486842 1.18773e-05 0.00776339 0.00116669 0.00295062 0.000196789 5.3944e-12 6.4129e-12 6.00995e-05 0.00617242 1.01481e-08 
0.0158344 4.47795e-08 0.000212676 0.115221 0.00186484 0.553599 9.50903e-06 0.00218163 0.0159415 0.00030209 0.0576946 0.000361451 0.0983192 0.0138423 0.00022249 0.00848717 0.0226975 0.00193425 0.000156544 0.0529901 0.0136446 0.0101764 0.0114991 0.000127316 1.15148e-07 7.16747e-05 0.000168923 0.00107886 0.0013607 
0.0375703 0.00468514 0.00634469 0.038604 0.0444447 0.33354 5.95353e-05 0.00308549 0.0216898 0.000351955 0.0276763 1.09239e-05 0.0100187 0.0356594 0.000545839 0.00201246 0.0362753 0.00156489 0.00942192 0.128762 0.0170895 0.0311066 0.202176 0.000218004 1.85085e-06 0.00148412 3.77047e-05 0.00271074 0.00285246 
0.0171158 0.000891527 0.0071444 0.0415548 0.0211127 0.334493 3.48672e-05 0.00176649 0.0258126 4.26736e-05 0.0374063 0.000888892 0.00287954 0.00669911 0.000520373 0.000344342 0.0593208 0.00214035 0.0474731 0.0990013 0.0963503 0.00666929 0.177324 0.000391566 2.01613e-10 6.98995e-05 2.44582e-05 0.00865874 0.00386901 
0.00355463 1.1142e-05 0.00573819 0.0677969 0.0349631 0.611402 2.16423e-08 0.000148855 0.0124617 1.8102e-07 0.043653 0.0042314 0.00687832 7.28821e-05 0.00012982 4.75997e-05 0.135167 0.000566326 0.00161903 0.0495106 0.00281926 0.00532379 0.0112168 0.000124501 5.94159e-07 2.76323e-07 9.57747e-07 0.00204663 0.000514552 
0.0216209 0.000588877 2.62564e-08 0.00633195 0.11572 0.153083 0.00210674 1.16287e-06 0.00335161 2.02902e-05 0.133455 2.26315e-05 0.0019495 0.148119 1.03898e-06 0.0033534 0.0651168 0.000530758 2.94994e-06 0.00141972 1.54871e-06 0.110718 0.0895315 0.000218626 7.10951e-07 6.12478e-07 3.78515e-05 2.3231e-05 0.142674 
0.0301206 0.000281733 0.01234 0.0289833 0.136102 0.315006 6.05048e-05 0.0020845 0.0227456 4.8167e-05 0.0535249 0.00164514 0.00442919 0.00953114 0.00231756 0.00363896 0.0373737 0.000706699 0.00941331 0.035064 0.0026039 0.0177882 0.141815 0.0435318 8.52511e-06 5.55942e-05 0.0131482 0.0039297 0.0717029 
0.0206913 0.00350785 0.00339948 0.0123462 0.21892 0.306759 0.016348 0.00117074 0.0102126 0.000127848 0.0112645 2.25303e-05 0.00276144 0.0518564 0.000564188 0.000568914 0.0188476 0.00565084 0.0108948 0.102863 0.0517745 0.0298014 0.107089 0.00211633 1.39975e-12 0.00413578 9.99236e-05 0.00267191 0.00353378 
0.0131309 9.17124e-09 0.00598255 0.00824613 0.0381018 0.428309 9.62172e-05 0.00147498 0.00650414 0.00262403 1.28825e-06 0.000127803 0.00220177 0.0399411 0.0083673 0.00238727 0.0151294 0.00301044 0.0242438 0.00477285 0.00974328 0.010581 0.364751 0.00343963 1.49435e-05 0.00187585 2.1398e-05 0.00420574 0.000714699 
0.00862339 4.71656e-05 0.0411598 0.00486645 0.0248554 0.271669 3.33018e-05 0.00172288 0.166355 0.000171494 0.0505717 0.00016869 0.0111332 0.0835128 0.000398439 0.0197706 0.085823 0.000899268 0.000309436 0.100126 0.0553596 0.00424188 0.0247124 0.000123405 2.19373e-06 7.80794e-05 9.31794e-05 0.0372695 0.00590305 
0.144257 6.86913e-05 0.0284519 0.0305318 0.0198848 0.347071 7.15575e-07 0.000492318 0.0433055 0.000146442 0.00690956 5.18787e-05 0.00244005 0.00861269 0.00259514 0.0376708 0.0228378 0.00272794 0.00104397 0.0510778 0.00446461 0.00789733 0.197506 0.0300029 3.06029e-05 2.32623e-05 6.78234e-05 0.00633652 0.00349263 
0.090966 1.96611e-08 0.0110392 0.211508 0.0161798 0.372331 4.26609e-09 0.00124394 0.000880094 6.35346e-09 0.0299448 9.1091e-05 6.54972e-09 2.76919e-13 1.09129e-12 0.000410798 0.178421 0.00058802 0.00288231 0.0779894 0.00552386 2.75774e-07 3.6983e-07 8.61342e-09 5.63595e-09 2.57597e-12 3.55283e-13 2.00989e-08 7.07199e-08 
0.122544 6.56242e-05 2.41895e-05 0.205524 0.0874879 0.229135 2.18094e-07 0.00159903 0.00352769 2.17568e-06 0.0783829 1.8776e-06 0.00109865 1.58305e-05 0.000251452 0.000701796 0.0190169 0.000325976 0.0242597 0.127774 0.000337088 0.0131287 0.0595993 0.00996254 7.6053e-05 5.37423e-05 2.39459e-05 0.000667914 0.0144126 
4.31015e-07 6.07889e-09 0.128761 4.05277e-06 1.27006e-07 0.254354 4.66045e-05 0.0155318 0.195787 0.00307923 6.98064e-12 4.87736e-07 0.13347 0.0244072 0.172541 2.33847e-11 2.97862e-07 1.44558e-06 0.015318 2.14762e-07 0.034144 8.3785e-07 2.97496e-06 0.00607955 6.43488e-11 0.00288522 1.05508e-11 0.0135856 2.90474e-11 
0.0386703 0.0053313 0.000812625 0.159075 0.0082413 0.218142 1.52331e-05 0.00347358 0.0131791 0.000955403 0.00471955 5.95638e-05 0.000675938 0.0524093 0.0010758 0.0214229 0.0226518 0.206771 2.2131e-05 0.0109014 0.161492 0.0104981 0.0332584 0.00639969 1.08197e-09 9.14779e-08 0.000259579 0.0190085 0.000478859 
0.0643221 0.00185416 0.0117602 0.0571914 0.0493376 0.339652 5.45966e-05 0.00834354 0.0342191 0.000188651 0.0441652 0.000827653 0.0068918 0.0263521 0.00160345 0.00898511 0.0314742 0.00156205 0.0548793 0.0638095 0.0224914 0.0222871 0.130472 0.00169356 2.44755e-05 0.000494529 0.00282009 0.00670411 0.00553911 
0.0559812 0.0301348 0.00104075 0.0701363 0.00592515 0.357116 3.93134e-08 0.00118993 0.0908815 0.000528088 0.00376836 0.000106497 0.0479728 0.0845761 0.000976845 0.0072508 0.117751 0.00165081 0.000391517 0.0160567 0.00984888 0.0112999 0.0807918 0.000410829 0.000107927 0.000594787 0.000178785 0.00230047 0.00103153 
0.0871953 0.00115773 0.000360383 0.105251 0.0382377 0.38965 9.56606e-08 0.0162014 0.0253791 0.000436204 0.0274576 0.00694094 0.0057606 0.0140856 0.000162282 0.00133938 0.0167389 0.00809527 0.0198204 0.0698322 0.00315882 0.0059946 0.125021 0.000283837 0.0193634 0.000287445 1.02537e-05 0.000873464 0.0109047 
0.0328901 0.00139363 0.00834799 0.0455541 0.0731045 0.290559 0.000476539 0.000461801 0.00347883 6.98552e-05 0.0173732 0.00626251 0.00054138 0.0112226 0.000292733 0.0128222 0.0663043 0.00161083 0.000931703 0.0329755 0.123534 0.00619417 0.232208 0.0073866 2.39631e-12 2.60394e-05 0.0204635 0.000486238 0.00302818 
0.0951039 0.00228195 0.0270335 0.0690976 0.0759975 0.242587 1.96204e-05 0.00797218 0.0436151 7.18249e-05 0.1112 5.26772e-05 0.0084579 0.0188918 0.00120239 0.00344701 0.0366174 0.0231553 0.00468989 0.0652593 0.0171452 0.0184223 0.0885347 0.019105 5.43176e-07 4.40044e-05 0.00226961 0.00831221 0.00941209 
0.0909461 0.00506059 0.0200014 0.195591 0.0322105 0.210078 0.000880622 0.0268263 0.0110758 0.00051086 0.0381096 0.0311119 0.00542971 0.0787158 0.032982 0.00235601 0.0674369 0.00199122 0.0155759 0.0304069 0.00197194 0.0546499 0.034765 0.000196315 9.74996e-06 0.00166616 0.0082569 0.000590397 0.000596458 
0.0892096 0.000202538 0.0246463 0.0236082 0.0438971 0.327656 2.89923e-05 0.00200651 0.0678914 0.000263503 0.0375308 8.75696e-05 0.00541855 0.0346661 0.00203399 0.0482933 0.0198462 0.000729814 0.00213634 0.0373693 0.00378383 0.00620811 0.0874181 0.0104364 1.01718e-06 0.000329989 0.000100798 0.0095415 0.114659 
0.0196687 0.00213973 0.00905796 0.0183524 0.0650745 0.435065 5.33297e-06 0.00116047 0.019203 0.000356225 0.0358726 1.30652e-05 0.00297157 0.0122074 0.00016624 0.00116745 0.0179847 0.000641484 0.00380879 0.313095 0.00250286 0.019189 0.0110697 0.000457142 1.71693e-07 7.95959e-05 5.446e-05 0.000456042 0.00817982 
0.0241376 3.51546e-08 0.00143344 0.0553529 0.00963236 0.36206 1.48756e-06 0.000495267 0.00674787 6.80529e-06 0.0303146 0.0108782 0.00403296 0.00334995 0.000550206 0.00474954 0.00369688 0.00645765 0.000107638 0.00999136 0.254767 0.013744 0.194222 6.32125e-05 0.000182053 1.54307e-05 1.36782e-05 0.000512792 0.00248276 
0.00124675 5.78958e-05 0.0109558 0.000709913 0.0271007 0.766218 1.07343e-05 0.000177573 0.0261802 1.308e-05 0.0167975 5.70661e-07 0.00158318 0.0185731 6.82221e-06 0.00261435 0.0145341 0.00133393 2.22527e-06 0.0210045 0.0602747 0.00983825 0.0200503 2.4933e-05 2.42827e-07 1.69031e-08 2.41771e-05 0.000533889 0.000132671 
0.0217068 0.0013259 0.0180944 0.0518117 0.0298277 0.322429 3.04099e-05 0.00466904 0.0237387 0.000101575 0.0538378 7.55742e-06 0.00438997 0.0199348 0.000244503 0.000701886 0.0204179 0.00118702 0.0137206 0.0354044 0.0288663 0.0129246 0.313847 0.000184242 3.05067e-05 0.000398096 3.60858e-05 0.0166409 0.00349057 
