0.031841 0.000499511 0.00729529 0.0644483 0.0680683 0.0775661 2.49347e-05 0.174536 0.0250942 0.000359031 0.166832 0.000805073 0.00507527 0.0169703 0.00415678 0.00254657 0.0435478 0.125672 0.0227061 0.0307589 0.0136782 0.0383786 0.0424327 0.00583298 0.000284268 0.00289536 0.00387247 0.0051807 0.0186409 
0.22693 8.91842e-09 1.03425e-09 0.041963 0.000184304 5.96916e-05 6.95028e-09 0.713114 0.000395036 1.11787e-08 0.000532714 2.8203e-06 0.0010742 0.000138799 4.80216e-09 0.00038006 0.00336156 0.00128178 0.000914003 1.40684e-06 1.64495e-07 0.00929509 1.01601e-06 5.9906e-08 0.000104456 0.000105874 1.56341e-09 0.000160686 4.3042e-09 
0.00421627 2.16286e-06 0.0004078 0.0835421 5.82157e-05 0.00260946 8.97459e-07 0.819086 0.0109213 0.00101425 0.0210206 7.74263e-07 0.00247661 0.00140919 4.2826e-05 0.000525943 0.00202432 0.00889625 0.0296571 0.00715343 0.000382984 0.00100687 0.000459167 0.00171291 3.00544e-07 0.000147322 2.48909e-05 0.00119967 1.35667e-07 
0.150551 1.46095e-05 0.00608368 0.103296 0.00351548 0.0158267 7.73369e-05 0.315346 0.0334055 3.23198e-06 0.0623336 0.0011004 0.00581659 0.00809371 0.00137875 0.0174271 0.0408272 0.00495902 0.00277317 0.00577853 0.0206749 0.113345 0.0568852 0.0035768 1.73775e-06 5.96725e-05 0.0237797 0.000672652 0.00239693 
0.0330009 1.61492e-07 0.011419 0.302101 0.00561797 0.0201862 5.27586e-06 0.463134 0.0356554 6.56439e-06 0.0309687 0.00077901 0.000754887 0.00155675 0.000262881 0.000114471 0.0119458 0.0167671 0.00100515 0.00804011 0.0376396 0.00827415 0.00813747 0.000483021 1.25137e-08 1.48764e-08 1.4134e-05 0.000665357 0.00146503 
0.158468 6.81275e-05 0.00863763 0.0841275 0.0170856 0.0472139 1.20096e-05 0.224161 0.062913 0.00106455 0.112716 0.00132347 0.00404344 0.0878071 0.000467209 0.0431792 0.0270919 0.00265521 0.0258292 0.00556692 0.0251472 0.0145027 0.0239872 0.00286321 1.22319e-05 0.000243747 3.29919e-05 0.0181814 0.000598356 
0.00282621 0.00531185 0.0020129 0.015325 0.00840901 0.0167158 7.8125e-06 0.748866 0.0232199 2.68027e-06 0.0218215 0.000201073 0.00229314 0.00135803 0.00275206 6.05712e-05 0.0102713 0.011633 0.00109151 0.0120303 0.000229826 0.101369 0.00114023 0.000877517 3.51383e-05 0.00235064 1.19328e-05 0.00681411 0.000961948 
0.0974655 0.000165284 0.000166089 0.0246615 0.00364202 0.0408524 3.638e-07 0.35306 0.0199733 0.000170302 0.0241515 0.000282311 0.00230177 0.00765362 6.73517e-05 0.00743681 0.0386505 0.00221912 0.00113498 0.0204828 0.0178443 0.222985 0.111057 0.000302047 2.30945e-08 0.000183825 0.000140932 0.000914677 0.00203471 
0.0535287 5.41124e-09 0.00033129 0.118768 0.0102387 0.0588968 1.79126e-06 0.423756 0.0291177 2.09933e-05 0.0353388 0.00020411 0.00505565 5.80732e-05 0.000333499 3.68864e-05 0.0192763 0.00389223 0.0065787 0.0293916 0.00751165 0.182406 0.00670525 0.00321219 0.00146083 0.00037558 6.17274e-06 0.00348364 1.25963e-05 
0.0228579 1.73183e-06 0.00893749 0.021905 0.00677668 0.0484234 0.0184186 0.394575 0.03337 6.49865e-05 0.0291599 0.000298057 0.000262159 0.0142343 5.66906e-05 0.0286851 0.0188827 0.0454549 0.00257823 0.00427286 0.177584 0.0160383 0.0378232 0.0267031 0.000290329 0.00115945 2.74101e-05 0.0187922 0.0223663 
0.0437802 0.000484787 0.0113119 0.138323 0.0316877 0.0852521 0.000566186 0.156562 0.0413711 0.000724221 0.0641859 0.00215454 0.015687 0.0416469 0.00112336 0.0202299 0.0825584 0.0322286 0.0301109 0.0544662 0.0665079 0.0221079 0.024729 0.00418263 5.14928e-05 0.00128838 0.00214429 0.0067047 0.017829 
0.0544204 0.000245074 0.00101916 0.0240595 0.0150461 0.0171308 0.00106294 0.692435 0.0313384 0.000100934 0.0256989 0.000167857 0.00565021 0.00297421 0.000313253 0.00217035 0.00480683 0.0141477 0.007119 0.0136332 0.0166166 0.0295655 0.0264082 0.000597437 0.00392319 0.000529269 0.0003688 0.00251714 0.00593383 
0.00785235 2.66506e-05 0.0144332 0.0206569 0.00794781 0.0203665 5.46657e-07 0.710615 0.0266363 0.00293142 0.0325441 2.91179e-05 0.00283951 0.01015 0.0084348 0.000331318 0.00917832 0.0491344 0.00544825 0.0149575 0.00174568 0.0233737 0.0108039 0.0138627 1.25005e-07 0.00102356 1.92099e-05 0.00130372 0.00335328 
0.0203457 5.1554e-05 0.00602674 0.0106089 0.00365524 0.0241353 5.80131e-06 0.299261 0.0990656 0.0148815 0.0538458 0.000417258 0.0365329 0.139765 0.000173165 0.00288227 0.0734417 0.00742113 0.0293149 0.00667548 0.116893 0.00464233 0.0427399 9.41635e-05 5.56099e-05 8.44998e-05 8.97927e-05 0.00435779 0.00253664 
0.0604313 6.03393e-06 0.000102041 0.0219842 0.00241611 0.000623473 2.57676e-06 0.75052 6.12828e-05 0.00472021 5.50063e-10 6.51607e-06 4.76421e-05 0.0365433 0.089911 0.00298212 0.0141186 0.000257472 0.00345174 8.57835e-05 2.67764e-05 0.00425182 3.24646e-05 4.33812e-05 5.07058e-09 0.00427347 0.000660647 0.00059469 0.00184514 
0.121729 0.000340572 0.00877486 0.0976462 0.0292137 0.0657828 4.11828e-06 0.144172 0.0770665 3.28384e-05 0.117714 1.49365e-05 0.0104919 0.0100823 0.03392 0.000873099 0.125648 0.0080727 0.0128513 0.0147206 0.00411244 0.00266288 0.050114 0.0625846 3.27767e-09 9.59059e-07 9.48306e-05 0.000172708 0.00110612 
0.0753207 7.74234e-06 0.00104468 0.0640496 0.00156495 0.127843 0.00032808 0.147364 0.0514777 0.00391193 0.0409839 0.000491875 0.0421981 0.108459 0.000220024 0.0037633 0.0661897 0.0698278 0.00157576 0.0558522 0.0124551 0.00337966 0.0943186 0.0190042 9.76282e-07 0.0015211 0.0017835 0.00450561 0.000557516 
0.00345703 1.7756e-07 0.000772639 0.094543 0.00345879 0.0662635 2.84733e-10 0.655906 0.00677465 1.1412e-05 0.0737908 5.17435e-08 0.000289841 0.000389204 0.00257931 0.00062101 0.010682 0.0106123 0.00146526 0.0237939 0.00963422 0.0171234 0.0174144 3.08016e-05 3.29803e-06 1.02086e-05 7.27794e-05 8.63395e-05 0.000213173 
0.150782 0.000170386 0.000371763 0.0283126 0.00647983 0.0115609 0.000740928 0.403182 0.0682058 3.14816e-05 0.068649 0.000468675 0.00590143 0.0168753 0.0027606 0.00112071 0.0227536 0.0013466 0.0212981 0.0284956 0.00598716 0.0898479 0.0221284 5.20506e-05 0.00784447 0.0308752 3.13915e-05 0.00314064 0.000585636 
0.0202408 0.000198339 0.0402498 0.026315 0.0357216 0.0410885 8.32084e-05 0.174693 0.126532 0.00142601 0.04867 0.000260049 0.00676777 0.105304 0.000133398 0.00540781 0.0324986 0.0026248 7.45109e-05 0.00471945 0.0987846 0.0272549 0.139157 0.000333988 7.33352e-06 6.58883e-05 3.84141e-05 0.0522669 0.00908231 
0.0746483 1.67789e-05 0.00527427 0.109531 0.0110359 0.0718337 1.98551e-05 0.415205 0.0507571 0.000357252 0.0594521 0.0001341 0.00825895 0.0161441 0.000201384 0.00120613 0.0120997 0.00404859 0.00580069 0.00540136 0.015849 0.061853 0.0602862 0.00219038 0.000203884 0.00316044 0.00151105 0.00334486 0.000175223 
0.0665348 0.000128205 0.0130838 0.301868 0.0336301 0.00696598 4.67133e-07 0.376906 0.00222565 1.54544e-06 0.114086 5.62278e-05 0.000811225 4.788e-05 5.94877e-05 0.000215368 0.00256974 0.00949813 0.00260423 0.0025538 5.84019e-06 0.00468729 0.0475603 0.00866496 0.0012267 0.000216347 0.00358454 2.5519e-05 0.000182298 
0.0251999 0.000160654 0.000369339 0.193701 0.00748878 0.0329576 1.0284e-10 0.277595 0.0250197 1.0341e-05 0.0152233 4.13183e-05 0.00397893 0.0027864 0.000258591 0.00235101 0.00876381 0.137105 0.00051961 0.0023563 0.174285 0.00713745 0.0453623 0.00720191 3.88043e-05 0.000253207 0.000202495 0.00143417 0.0281983 
0.0343502 0.000168059 0.0804382 0.0334879 0.0598679 0.0194067 0.00447656 0.230004 0.042165 0.000199037 0.186238 5.34706e-05 0.00128095 0.0167408 0.00619584 0.00257616 0.017072 0.0278162 0.00655802 0.0959254 0.0409134 0.00408775 0.0452222 0.0151529 3.29103e-05 0.00224624 2.08057e-05 0.00796573 0.0193372 
0.00752817 5.44665e-08 1.58584e-08 0.0125069 1.42907e-06 0.00230798 8.77181e-07 0.363554 0.000212727 2.12871e-08 0.248493 0.000531425 5.76087e-06 0.000220026 3.15799e-05 1.5259e-07 0.00106459 0.00410723 1.62794e-10 0.00480942 0.32619 0.0059313 0.0201802 0.000277393 5.63026e-10 1.3085e-07 4.36849e-08 5.4392e-08 0.00204535 
0.0825395 3.60829e-05 1.01792e-06 0.0130382 0.000456243 0.00182938 3.23483e-10 0.876936 0.000584188 3.97735e-06 0.00238905 0.000246622 0.000548953 0.000731434 4.97041e-06 0.000407706 0.000247469 0.00186285 0.00480042 0.000612273 9.51121e-11 0.000469389 0.0096483 5.6718e-05 3.09365e-05 1.40274e-05 0.00249957 4.80995e-06 8.09327e-08 
0.0186573 0.000973818 0.00109273 0.0299054 0.00208169 0.00902018 0.101384 0.398994 0.001077 4.42523e-07 0.175086 1.67866e-08 0.00366389 0.0147553 8.14349e-09 0.000541643 0.00113478 0.0600175 0.0101902 0.00702767 0.0990032 0.00111171 0.0634579 4.76794e-06 1.61696e-08 3.45596e-06 0.000579058 5.0178e-06 0.000231922 
0.0136465 0.000262433 0.000381167 0.184988 0.0115187 0.0790353 2.54694e-05 0.188505 0.0252217 0.00366697 0.0814786 6.25445e-07 0.0115354 0.0377173 0.00498165 0.00536659 0.0301573 0.100205 0.152652 0.000589584 0.00189914 0.00520309 0.049534 0.00107155 0.000218569 0.00651475 0.00239915 0.000913077 0.00031152 
0.0246575 1.72492e-07 0.0136977 0.135554 0.119352 0.0336541 4.63614e-10 0.15152 0.0314562 2.32091e-05 0.0930927 6.60301e-10 0.000314577 0.00143133 0.00083998 0.000609603 0.0463032 0.150615 0.00337015 0.0287021 0.0238147 0.0101825 0.0415884 0.000280294 0.00152867 4.99268e-06 0.000253254 0.0865341 0.000620343 
0.0153614 1.16415e-05 0.00136362 0.0391743 0.00910769 0.0865042 3.95553e-06 0.39559 0.0304983 0.000718869 0.0246146 0.000111546 0.00112112 0.0581802 0.00885216 0.00107934 0.00744466 0.0381609 0.00868582 0.0239105 0.132769 0.0570179 0.0398689 0.000634861 4.8901e-08 0.000214694 3.28264e-05 0.00818084 0.0107858 
0.0327054 3.67428e-09 3.79702e-07 0.0092879 0.000241132 0.00153104 2.86343e-09 0.852157 0.00593574 0.000609418 4.26152e-10 4.07824e-09 4.08756e-05 0.0428006 0.000186141 0.00057856 0.0404961 4.67082e-08 0.0042747 0.00087434 1.75274e-06 0.00379395 1.40429e-06 2.1923e-06 1.49188e-06 0.000912431 0.00050178 2.30578e-05 0.00304203 
0.0339765 0.000768236 1.08041e-06 0.0109387 0.0300358 0.00679222 0.000905635 0.305085 0.0111725 0.000229027 0.0240018 0.0013517 0.000848091 0.100332 0.000330415 7.22323e-06 0.0914472 0.00158163 0.024615 0.00307005 0.0348219 0.0314242 0.0159106 2.1992e-08 4.48186e-08 0.245772 5.3989e-07 0.0238866 0.000694262 
0.189064 1.13171e-05 1.58115e-05 0.0377822 0.0214304 0.0107165 9.69316e-05 0.682604 0.000598428 1.93922e-06 0.0045179 1.85686e-07 8.04767e-05 0.00371022 3.22488e-05 0.000306959 0.00173152 0.00303147 0.000591513 0.00610721 0.00897442 0.00361231 0.0218894 5.47629e-08 4.24645e-09 2.70391e-10 1.61793e-08 8.97853e-05 0.00300295 
0.0350048 3.2453e-06 0.016956 0.0297665 0.00465839 0.0283086 0.000912071 0.591985 0.0227163 0.000649725 0.00622453 0.000350664 0.00256733 0.00804714 0.0399855 0.000951615 0.0312152 0.00119737 0.0160936 0.026014 0.00657342 0.013192 0.0193714 0.000788507 6.34757e-08 0.00050175 0.0721825 0.00196996 0.0218133 
0.0773791 0.00117461 0.00371292 0.0705287 0.0424174 0.032444 0.00162589 0.291903 0.0184539 8.61607e-05 0.214113 0.000926008 0.00544967 0.0118061 0.000387907 0.00599402 0.0175274 0.0281583 0.0303974 0.0272165 0.0173187 0.0148487 0.0532043 0.0212101 6.73038e-05 0.000116766 0.00419328 0.00394675 0.00339206 
0.00362703 0.000173738 0.000558256 0.00392308 0.00602772 0.00254754 7.29717e-06 0.889265 0.00442311 6.60949e-05 0.00692052 3.30827e-06 0.00409962 0.0178135 0.000246551 3.72315e-05 0.00285066 0.00233344 0.0275155 0.00036631 0.00039048 0.0167397 0.00878749 0.000394072 6.39629e-09 0.000127434 2.62316e-05 0.000716656 1.28657e-05 
0.0304547 4.99225e-07 7.89722e-08 0.00311085 1.20493e-05 0.00154533 7.01669e-10 0.957399 0.000822132 4.63811e-07 5.08254e-06 0.000279215 0.00044699 0.000796501 3.6298e-07 0.000186007 0.000163282 0.00205148 0.000775854 0.000370991 2.06308e-10 5.47955e-05 0.00142918 8.69988e-05 8.10614e-07 2.82645e-07 1.29575e-07 6.96837e-06 5.86098e-08 
0.0266592 1.64014e-05 0.0208689 0.0324632 0.15605 0.00888294 2.95155e-05 0.236509 0.0479486 2.53108e-05 0.0484783 0.000332331 0.00217835 0.0072953 0.000959474 0.0216992 0.00989155 0.00368357 0.0046053 0.00997079 0.0543799 0.026164 0.0216997 0.236411 1.16425e-06 0.000754541 0.0145194 0.00228691 0.00523518 
0.0475895 8.94608e-06 0.00020381 0.103871 0.014245 0.0579355 4.22122e-06 0.276821 0.00671033 7.01321e-06 0.020479 3.82818e-05 0.000166011 0.0056195 2.12372e-08 0.000127229 0.00698793 0.0168948 4.77681e-06 0.0106641 0.139879 0.0543075 0.236667 2.9533e-08 1.03696e-10 1.23275e-10 6.29347e-06 0.000744921 1.76677e-05 
0.0463648 5.23058e-07 0.000124113 0.0484148 0.00205637 0.00479783 1.41216e-06 0.786296 0.00411663 0.000340239 0.0126784 1.29591e-06 0.0135807 0.00772566 0.0145634 0.0147597 0.000550076 0.00168578 0.00889196 1.09703e-05 7.77642e-06 1.6653e-05 0.0280415 0.000189992 5.59226e-07 6.64813e-07 1.15197e-06 0.00478029 2.52438e-07 
0.0010032 5.34029e-09 0.0153709 0.133147 0.0362153 0.0130452 4.41844e-08 0.321702 0.0103365 4.89893e-06 0.0953468 0.000179971 0.0010027 3.10662e-05 2.92776e-05 1.06356e-05 0.0108992 0.053452 0.000142613 0.00373647 0.275078 0.00560489 0.0181113 0.00145673 4.9229e-07 4.23955e-07 7.21457e-06 0.00302106 0.00106358 
0.027296 0.00134005 0.0190401 0.0442288 0.062673 0.0324506 2.16984e-05 0.171326 0.0660031 0.00109723 0.127608 0.0496188 0.0218979 0.0190132 0.00156615 0.0118266 0.0878197 0.0125586 0.0100167 0.00718074 0.0162643 0.0278678 0.0731626 0.0930282 0.00651298 0.0017594 0.000137801 0.00308639 0.00359681 
0.00225622 4.7131e-06 0.00515517 0.0513019 0.00820287 0.0717191 0.00078466 0.216841 0.140563 2.48261e-05 0.06459 0.000149326 0.00445097 0.105229 0.0016502 0.000633287 0.0860748 0.00101793 0.00163722 0.00022061 0.0670415 0.050547 0.0916979 0.000472889 2.90442e-09 0.000347567 1.2496e-05 0.0212938 0.0060811 
0.00939189 3.06464e-07 0.000374006 0.0184673 0.0102028 0.0571165 0.000122045 0.528812 0.00172625 1.26677e-05 0.0278535 0.000271304 0.00111047 0.00125251 0.000101729 0.000691907 0.0158689 0.0264218 0.0246866 0.0234717 0.0529887 0.00964544 0.178479 3.18689e-05 4.61306e-09 8.71806e-06 4.26695e-05 8.86356e-05 0.010759 
0.011708 0.000159168 0.0394175 0.0015158 0.00113526 0.00718065 6.96869e-07 0.823759 0.017776 1.67312e-05 0.00459271 0.00116008 0.000551679 0.0411272 0.00269268 0.00079254 0.00303913 0.0122435 0.000489454 0.0120418 0.000367806 0.00671072 0.0088443 0.00061592 1.85787e-05 0.00115994 9.11233e-07 0.00087794 4.5296e-06 
0.0167206 4.87562e-06 0.00190248 0.00970786 0.0068077 0.0134401 0.00230771 0.593466 0.00552219 7.49306e-05 0.00351588 0.0056839 0.00462156 0.0010082 9.797e-06 0.00167052 0.00183968 0.000457681 0.0477385 0.0264235 0.000621473 0.0234239 0.217638 0.0003479 0.000168297 1.31092e-05 0.00884418 0.00524236 0.000776994 
0.0581594 0.00354712 0.00077537 0.0684511 0.0583127 0.0551724 3.5648e-05 0.30815 0.017888 5.84327e-05 0.0785434 9.78374e-05 0.00456979 0.0124628 0.000126007 0.000354607 0.00746244 0.156406 0.00586939 0.0453451 0.00938376 0.0714152 0.0267003 0.000240688 4.86008e-09 5.4057e-06 0.00619701 0.000581688 0.00368813 
0.134803 8.58925e-05 0.0609187 0.0445695 0.00780088 0.0239128 0.00543494 0.325721 0.0278611 0.00021991 0.00505223 1.3411e-05 0.00633514 0.0210291 0.00483177 0.00798432 0.00493682 0.00243504 0.231662 0.0180311 0.00474539 0.0157277 0.0368627 0.000455601 1.77864e-06 8.57539e-05 0.00609375 0.000887013 0.00150267 
0.0953112 2.3407e-07 0.00194663 0.0424264 0.000646128 0.0101992 2.51847e-05 0.39214 0.175217 3.19404e-06 0.00680387 4.73339e-07 0.00727324 0.00103114 4.53928e-05 8.07846e-05 0.00138559 0.0818938 0.00376558 0.00803442 0.00864507 0.0265517 0.132226 1.8409e-06 3.20059e-07 0.0018805 2.38858e-10 0.00246434 6.57597e-10 
0.0149879 2.19136e-05 0.00217447 0.0241436 0.00511148 0.0241407 9.94077e-07 0.494598 0.0386595 0.00106101 0.0207912 6.32585e-06 0.00592479 0.149976 0.00394789 0.018782 0.0377176 0.00483662 0.0824713 0.0267889 0.00186041 0.0179355 0.0165586 0.000425322 8.80832e-05 0.00450225 5.79584e-05 0.00238959 4.00072e-05 
0.038099 9.87607e-08 0.00110898 0.070766 0.0100855 0.042577 0.00114781 0.519174 0.0341872 0.000616836 0.00736341 4.36948e-05 0.000833196 0.128953 3.42505e-05 0.000215591 0.00862971 0.0120258 0.0141368 0.00165661 0.00249723 0.0431389 0.0324541 5.59076e-05 1.14593e-09 0.0266169 1.64255e-05 0.00298455 0.000581765 
0.00456262 8.97156e-09 0.00032316 0.0206917 0.00435598 0.00899802 0.000125116 0.553198 0.017588 4.71393e-06 0.0371466 9.95792e-09 0.000167616 0.00640162 4.83078e-09 0.00415648 0.0369063 0.00520297 0.000690048 0.0208864 0.271439 0.00078638 0.00233808 0.0012657 9.59193e-09 3.10032e-06 2.35789e-06 0.00250079 0.000259859 
0.0683939 5.93744e-08 1.5086e-05 0.0387984 4.91648e-06 0.0244614 3.51167e-06 0.729242 0.00108083 2.84073e-05 0.00494854 5.46301e-05 0.00106178 0.011335 0.000876659 1.3201e-06 0.00513729 0.0079044 0.0216518 0.00463187 0.00105975 0.00891414 0.00067283 3.21855e-06 3.23294e-06 0.000244406 5.35015e-05 4.83795e-06 0.0694122 
0.0739424 0.000358174 0.0147533 0.0336765 0.00219046 0.0355087 4.33286e-07 0.670072 0.00558174 6.96889e-07 0.0988537 8.96409e-06 0.0052808 0.000287683 0.00263542 0.000764822 0.00630918 0.000259522 0.0172945 0.00878704 0.000414391 0.021235 0.000316238 6.23108e-06 7.53994e-07 3.03042e-06 1.67572e-05 0.000811789 0.000629362 
0.0277054 0.000132737 0.00417901 0.0652175 0.0190455 0.0242142 8.08492e-05 0.272246 0.0650364 0.000120828 0.0169717 0.0147574 0.00789396 0.0445098 0.000677399 0.00135736 0.0473489 0.0599308 0.00453857 0.00998455 0.0214386 0.218506 0.0405973 0.00227956 0.017285 0.00197287 0.00285238 0.00329076 0.0058287 
0.0489701 1.12757e-06 5.66989e-05 0.0561662 0.00186206 0.0700957 5.48506e-06 0.22552 0.0429328 0.000110506 0.0760746 8.74022e-05 0.000785815 0.0743114 0.00909118 0.000269639 0.113432 0.0128551 0.0449461 0.147401 0.00337408 0.0339119 0.00550431 0.000342057 0.0308246 9.67699e-05 5.19331e-06 0.000465366 0.00050065 
0.0935907 1.68565e-07 2.13928e-08 0.0286374 0.00130342 0.0625576 3.67872e-08 0.282787 0.067691 3.94835e-10 0.172515 4.80968e-05 1.87465e-05 0.00247389 0.00380019 5.47737e-07 0.00373395 0.0672501 0.00437492 0.00150107 1.72799e-06 0.0166293 0.182868 0.00723595 1.77205e-05 3.90608e-09 5.52198e-11 0.000962953 1.52025e-10 
0.0875648 1.81672e-07 0.000118934 0.0306425 0.00245163 0.00761915 1.05322e-09 0.781586 0.0365526 0.00740765 3.5233e-07 0.000153 0.010494 0.00183899 0.00016323 0.000632684 0.0204614 0.00180998 0.00171386 0.00177411 1.23091e-07 0.00255604 0.00147129 0.000128243 8.51032e-09 0.000982234 3.0092e-05 0.000384502 0.00146251 
0.0230116 0.000349404 0.00888965 0.0701064 0.0293769 0.0156212 6.40503e-05 0.381389 0.0251013 6.23339e-05 0.117887 3.95893e-05 0.00156426 0.00400347 0.00191041 0.000659019 0.00770191 0.0431001 0.00136123 0.0204915 0.0482965 0.0208489 0.150156 0.00555545 0.000154148 1.2986e-05 0.000142809 0.00216302 0.0199793 
0.00621698 9.35227e-08 0.00973979 0.0551109 0.0236253 0.00693162 6.26107e-06 0.712865 0.0420302 6.82384e-05 0.0328456 1.63231e-05 0.00303107 0.00108658 0.000961414 0.000152948 0.00594977 0.0334711 0.00728185 0.00394589 0.0156455 0.0168784 0.0110333 0.00118845 0.000173658 2.46469e-05 4.25337e-05 0.00505479 0.00462162 
0.130536 5.49868e-08 2.80566e-05 0.0573365 0.00883656 0.0226478 4.28522e-08 0.355539 0.00482714 3.78096e-05 0.287313 0.000156478 0.0383668 5.29737e-05 0.000612692 2.13642e-08 0.000555615 0.0509806 0.010652 0.00198955 6.15755e-05 0.0103369 0.0171523 1.08112e-05 5.87891e-08 6.98889e-08 3.66381e-06 0.00196586 2.65377e-08 
0.00877994 7.02609e-05 8.2407e-05 0.0192399 0.000267787 0.0130834 7.13831e-06 0.671654 0.0219458 0.000224361 0.00185913 6.86474e-06 0.00185684 0.020149 0.000233784 0.000329167 0.0298105 0.158924 0.00799108 0.00548434 0.0322384 0.00161322 0.00328327 1.17148e-05 0.000238354 9.36163e-08 1.19752e-06 0.000131984 0.000482283 
0.0589989 0.00523369 0.000114294 0.0641951 0.0237458 0.00519602 3.12327e-07 0.725147 0.0086649 0.000391399 0.000595463 5.84053e-05 0.00110416 0.0254774 0.000395793 0.000592797 0.031054 0.000171462 0.0137609 0.00453543 0.0021772 0.00320128 0.00710204 0.000962828 0.000644078 0.00275935 0.0106576 0.00237452 0.00068755 
0.0853655 2.74967e-08 0.00207905 0.0949067 0.00101491 0.0143249 5.63036e-07 0.641946 0.0137514 4.56663e-06 0.0198508 0.000230076 0.00234065 0.0030606 3.06086e-05 2.97347e-06 0.00972364 0.0449432 0.0112138 0.00828245 0.00437758 0.032013 0.0096262 3.21147e-05 2.9398e-08 2.50802e-05 1.04287e-05 0.000837996 5.34874e-06 
0.075381 3.31503e-06 2.92484e-05 0.0495857 0.000730638 0.00211959 1.66041e-09 0.812177 0.000629453 5.13952e-05 0.0017677 8.18197e-06 5.56146e-05 0.000696254 0.000335952 0.000700176 0.00168984 0.000413832 0.0191143 0.0065736 4.88202e-10 0.0132463 0.00535193 3.64452e-06 2.4773e-06 0.00118323 0.00808469 9.92347e-06 5.46525e-05 
0.00345703 1.7756e-07 0.000772639 0.094543 0.00345879 0.0662635 2.84733e-10 0.655906 0.00677465 1.1412e-05 0.0737908 5.17435e-08 0.000289841 0.000389204 0.00257931 0.00062101 0.010682 0.0106123 0.00146526 0.0237939 0.00963422 0.0171234 0.0174144 3.08016e-05 3.29803e-06 1.02086e-05 7.27794e-05 8.63395e-05 0.000213173 
0.213994 5.30925e-05 5.27723e-05 0.0830169 0.00410044 0.021182 0.000979949 0.518354 0.0080327 0.000122081 0.0093203 3.7359e-05 0.0013568 0.0131893 0.000162371 0.00143816 0.0193652 0.00327501 0.02262 0.00191608 0.00440701 0.0113013 0.0478064 1.60498e-05 1.06796e-05 0.00349218 0.00839892 0.00123974 0.000758927 
0.0180794 0.00086246 0.000167121 0.00298819 0.00100935 0.00526056 0.000206231 0.592263 0.0647919 0.000455692 0.00826797 0.000227308 0.0212449 0.0066881 0.001014 4.37819e-05 0.0176806 0.00862053 0.0409676 0.00839888 1.40919e-05 0.0370105 0.0777672 6.8225e-09 0.000193035 2.5868e-06 0.0850261 0.000713016 3.56479e-05 
0.0242436 1.94763e-07 0.00435228 0.0273313 0.000460889 0.00498798 1.51782e-07 0.780182 0.0252744 4.36696e-06 0.0172685 2.16176e-07 0.0039326 0.0119269 5.67172e-06 2.83044e-06 0.00929218 0.000505857 0.0401405 0.0313136 0.00159224 0.000408109 0.00461761 2.84957e-06 0.00202413 4.21739e-07 5.72103e-06 0.00887104 0.0012524 
0.0709274 0.000136048 5.69663e-06 0.0313557 0.000796778 0.00163114 3.61421e-08 0.869053 0.00210184 4.94711e-05 0.0011904 1.50591e-07 5.57502e-05 0.00169219 5.88411e-05 0.000857909 0.000950008 0.000409806 0.00583967 0.000700345 5.96833e-11 0.000350437 0.00492649 8.02774e-08 3.07047e-06 0.000964505 0.00589288 5.04837e-05 6.96639e-08 
0.0371507 6.47157e-05 5.59655e-08 0.0629761 0.00169762 0.004603 1.79421e-08 0.528224 0.00457801 7.24612e-05 0.00131243 4.13091e-05 0.0110175 0.000199266 0.000526737 0.000635962 0.00259113 0.00723392 0.00184378 0.0264472 1.38492e-06 0.305972 0.00249112 9.16613e-10 5.80176e-05 1.46902e-06 2.25663e-07 0.000260158 8.4323e-10 
0.0339082 2.32378e-05 0.000163311 0.0859745 0.02491 0.0594485 0.000426689 0.248442 0.0547035 0.000242369 0.024077 0.0118339 0.00463965 0.0399094 0.000320272 0.00200645 0.193817 0.00439948 0.00417966 0.0883266 0.0526879 0.0126444 0.0471741 0.00101204 5.29672e-05 1.70445e-05 5.00341e-06 0.00203508 0.00261949 
0.000914752 9.31827e-11 0.000227415 0.0159979 0.0144907 0.00291268 6.4653e-07 0.875346 0.0218432 2.24e-06 0.00873136 2.75716e-08 0.00206017 0.000277546 0.000225795 1.19966e-05 0.00288824 0.0109538 0.003263 0.00523801 0.016101 0.014866 0.00117983 0.000273678 4.00599e-08 1.14469e-07 1.63009e-05 0.00166702 0.000510379 
0.000113408 2.17099e-07 0.000164408 0.00377059 0.000157391 0.000441875 1.16732e-06 0.905419 0.0269569 0.00568002 0.03848 9.13815e-06 1.79897e-05 2.8311e-07 0.00127141 4.69167e-06 0.00198428 0.00142358 0.00127263 0.000322169 0.00358934 0.00056342 1.56768e-05 0.000360212 2.32111e-07 0.00378954 3.50654e-06 0.000577336 0.00360988 
0.0833848 2.16451e-05 0.000136486 0.0619301 0.0174086 0.0925876 6.87795e-06 0.292159 0.051973 2.36737e-06 0.0444891 0.000723861 0.00472807 0.0126354 0.000628013 0.00398293 0.0144094 0.00114495 0.0133921 0.00247794 0.0619787 0.0768257 0.0783097 0.00411415 0.000245138 0.000250152 0.0203541 0.0011036 0.0585967 
0.0393757 3.89994e-05 0.00612382 0.00756752 0.00199542 0.00938568 7.96165e-07 0.63878 0.0163206 8.59092e-06 0.0742656 1.68848e-05 0.0170218 0.0113016 0.00405782 0.00464146 0.0101053 0.0278396 0.00269827 0.0145988 0.00288343 0.0108694 0.0959999 8.65956e-05 3.20458e-05 0.000249885 0.00233493 0.000901494 0.000498386 
0.0087829 8.21157e-07 0.000328432 0.012841 0.00175332 0.00779558 1.73832e-05 0.417566 0.0224384 9.53048e-06 0.0112028 4.68817e-07 0.00215712 0.0014988 3.81004e-10 9.13177e-05 0.00479793 0.229955 9.53793e-05 0.0113044 0.187696 0.00583502 0.0693227 3.99526e-05 2.09216e-08 2.48718e-08 3.6063e-08 0.00445217 1.8091e-05 
0.326848 9.30599e-10 1.07919e-10 1.08477e-06 1.35421e-10 5.7546e-11 7.25233e-10 0.584606 5.59259e-07 1.16645e-09 0.00424079 1.03291e-09 1.25139e-06 0.0649294 1.10289e-06 3.61569e-10 2.65571e-07 3.84697e-10 2.87681e-10 0.0193672 2.13236e-10 2.0694e-10 4.91289e-06 4.8821e-10 9.94948e-10 1.1828e-09 1.63135e-10 2.42219e-10 4.49125e-10 
0.0844017 2.31036e-05 4.735e-05 0.00654126 4.04462e-05 0.00825915 4.84758e-07 0.58437 0.000423141 1.69223e-05 0.0138273 0.00162134 8.79153e-07 0.00034043 0.00020444 0.0105329 0.0037598 0.0563966 3.06292e-10 0.00870434 0.196964 0.000612493 0.0215783 0.0009948 1.05931e-09 1.25932e-09 4.95231e-05 7.30263e-05 0.000216302 
0.106679 1.73509e-06 6.61797e-06 0.000180287 0.0324117 0.176752 1.13714e-07 0.430199 0.019845 1.81085e-09 4.45729e-06 1.90837e-05 2.69208e-05 0.0870522 0.0371836 5.61315e-10 0.00017095 2.84283e-05 2.3492e-05 2.59654e-05 0.0966219 0.000319689 0.0119622 1.32643e-05 1.5446e-09 0.000442717 2.53258e-10 2.92932e-05 6.97241e-10 
0.173975 8.21045e-06 0.00513905 0.0297661 0.000174971 0.00527545 4.52368e-09 0.257294 0.0459401 0.00314729 0.00249793 1.07939e-06 0.0375598 0.101969 0.00927794 0.0394565 0.00504432 0.0574772 0.0308682 0.134604 0.00155579 0.00220548 0.0235001 2.90935e-05 8.10197e-08 0.00224127 7.93308e-06 0.00062192 0.0303622 
0.0359473 0.000133659 0.00212303 0.010135 0.00332676 0.0457014 4.06265e-05 0.6344 0.0173733 0.00105111 0.0082532 0.000318173 0.00283052 0.0526248 0.0013318 0.00431574 0.0203502 0.00330121 0.047553 0.0352174 0.00954623 0.011002 0.017461 0.0206611 0.00253058 0.00605123 1.16935e-05 0.00256554 0.00384261 
0.0152225 1.14059e-06 1.2578e-05 0.00425252 0.000154415 0.0106174 3.39991e-07 0.899175 0.00172032 1.84662e-05 0.00688295 7.17029e-05 0.000841965 0.00655693 0.00038922 0.000109569 0.00955462 0.0129409 0.0106874 0.000509463 0.00115333 0.000100878 0.00104665 4.72512e-05 1.51499e-06 0.0178124 6.77863e-07 0.000116735 1.18921e-06 
0.0742062 3.24518e-06 3.27293e-07 0.269665 1.86888e-09 0.017776 4.24487e-07 0.502128 0.00699797 1.60975e-08 0.0453443 4.18967e-05 0.00269408 0.00457791 1.50439e-06 1.60373e-06 0.000936723 0.000435021 0.00685523 0.00223237 1.26771e-05 0.0581056 0.00433259 6.73751e-09 9.23946e-07 4.94569e-06 6.36261e-07 0.00364486 6.19812e-09 
0.012113 0.00025339 0.000956632 0.0248849 0.0155232 0.00971329 4.24126e-05 0.638566 0.0205097 5.99973e-05 0.0566834 7.6589e-06 0.00138943 0.00260946 0.000876385 0.00027699 0.00557584 0.0175513 0.00250873 0.0167089 0.0358281 0.0189346 0.0946125 0.00311101 2.39031e-06 2.24403e-06 8.95685e-05 0.00350432 0.0171043 
0.0296183 0.000188 0.000179491 0.124476 0.00053579 0.0819297 0.000164953 0.512563 0.0522998 0.000216641 0.00161135 7.86078e-05 0.03633 0.014394 0.000110963 7.14842e-05 0.0184364 0.00201131 0.00257204 0.000682834 0.00280131 0.00397824 0.0424484 0.00201935 0.000137649 0.000175544 0.0607529 0.000542337 0.00867413 
0.0784523 0.000253 4.63191e-05 0.0561867 0.015202 0.0108553 4.82087e-07 0.737413 0.011111 0.00065727 0.00173245 2.60269e-05 0.00275778 0.0245799 0.00025736 0.00104201 0.00729283 0.00044094 0.00647693 0.0019183 0.00108406 0.00347941 0.020688 5.08026e-05 0.000161585 0.00443385 0.0130163 0.000336325 4.81676e-05 
0.000658099 3.60348e-08 0.000111577 0.00398406 2.32429e-06 9.1425e-05 2.80826e-08 0.882475 0.00117456 4.51675e-08 0.0612453 8.74083e-07 7.58727e-06 0.00954843 0.000708098 1.40007e-08 0.000438356 0.00216195 1.86543e-05 0.0194332 0.0161379 0.000666315 0.0010826 3.80539e-05 1.22417e-05 8.39039e-07 8.22308e-08 1.7432e-06 9.21e-07 
0.239793 1.49243e-05 1.67951e-05 0.0130573 0.00091058 0.0505584 8.46716e-06 0.26526 0.00336532 0.00278402 0.00138578 1.18124e-05 0.0430292 0.0204147 0.0048588 0.0377311 0.0229838 0.00321673 0.0448501 0.000258223 0.00329116 0.000928459 0.198485 0.000343739 0.0352817 5.37018e-06 4.32794e-09 0.000472406 0.0066826 
0.0070194 0.0287997 0.00500286 0.155042 0.0273817 0.0280749 0.00027412 0.298543 0.026188 0.000619318 0.0801619 1.38309e-05 0.00544065 0.00145101 0.00857295 0.00518923 0.0105516 0.0162306 0.00764643 0.079933 0.0252333 0.123536 0.0259333 0.00296446 2.00949e-08 0.000104565 5.00202e-05 0.000213789 0.0298286 
0.0962614 0.000420874 0.0037203 0.070397 0.0262718 0.0540972 1.35216e-05 0.199046 0.0310277 0.000239216 0.0591555 0.00482835 0.00800402 0.00598618 0.00288023 0.00563639 0.0107628 0.0912324 0.032848 0.0215828 0.0239695 0.0695557 0.133339 0.0314302 4.03841e-06 0.00141293 0.0115417 0.00343318 0.000901492 
0.10415 1.03421e-06 8.25377e-05 0.236293 0.0413382 0.0189947 1.26241e-06 0.271197 0.0254614 4.22223e-07 0.152361 3.39454e-05 0.00337473 0.00680188 0.000279541 0.000277766 0.017151 0.0190228 0.017966 0.00112842 0.00514112 0.0136931 0.0353954 0.00488631 0.0237271 7.50355e-07 3.22431e-05 0.000913491 0.000294074 
0.00752817 5.44665e-08 1.58584e-08 0.0125069 1.42907e-06 0.00230798 8.77181e-07 0.363554 0.000212727 2.12871e-08 0.248493 0.000531425 5.76087e-06 0.000220026 3.15799e-05 1.5259e-07 0.00106459 0.00410723 1.62794e-10 0.00480942 0.32619 0.0059313 0.0201802 0.000277393 5.63026e-10 1.3085e-07 4.36849e-08 5.4392e-08 0.00204535 
0.118246 5.76059e-06 0.000507324 0.0687616 0.0751388 0.00612849 4.13104e-05 0.594474 0.0119952 1.45863e-06 0.0377047 0.00805599 0.0120994 0.00138505 2.35173e-07 0.000435467 0.00154321 0.0110043 0.00362369 0.013759 0.000486887 0.014175 0.0191308 6.99048e-07 9.14957e-06 3.04014e-08 3.97561e-05 0.000893352 0.000353361 
0.022134 1.49053e-05 0.00827177 0.0312644 0.0258462 0.0621628 0.00062376 0.339633 0.0243044 0.000201206 0.0126698 0.000265595 0.0215625 0.0243046 0.0156476 0.0017761 0.0313756 0.000739953 0.020713 0.0256204 0.0932182 0.0372047 0.0489484 0.0014141 1.13902e-09 0.000581038 0.0409555 0.00130213 0.107245 
0.0559382 4.18192e-05 0.0152301 0.0498968 0.0812793 0.0727829 0.00743392 0.15373 0.024909 0.000101463 0.151689 0.0655418 0.00474325 0.0946269 0.00635551 0.00286822 0.0542879 0.00443067 0.00422638 0.0271953 0.0196727 0.0215136 0.0240154 0.00874569 6.18527e-07 4.5834e-06 0.0327738 0.00253828 0.0134259 
0.00363762 2.00443e-05 0.00102919 0.0136556 0.00257826 6.24271e-05 0.000132089 0.507939 0.0689974 3.43778e-06 0.000632105 0.000863981 0.00407292 0.0421711 0.00241241 0.0012622 0.0223598 0.00474032 0.0109438 0.00216479 0.0132387 0.165178 0.00236447 0.0430279 0.00155339 0.080202 0.000798771 0.0039493 8.69835e-06 
0.28736 6.95624e-07 0.00119006 0.012025 0.0190016 0.0248215 3.76708e-06 0.41782 0.0136016 0.000156918 0.0184429 0.00581553 0.0347224 0.0109501 0.000148264 0.000664217 0.0111858 0.00129129 7.1534e-05 0.0257538 0.00720619 0.0199792 0.0830018 0.000802976 3.29813e-09 3.92084e-09 1.92718e-06 0.00128999 0.00269145 
0.205074 0.000188087 0.00279458 0.139889 0.0175747 0.0706682 0.0126798 0.21669 0.00938426 0.000277318 0.0921179 0.000175301 0.00268632 0.00606386 0.00022595 0.00104618 0.0145171 0.00221169 0.0197214 0.0273929 0.0554129 0.0109901 0.0569582 0.00102667 1.85622e-07 0.0034077 0.00369052 0.00130934 0.0258268 
0.111117 0.00155079 0.000160232 0.0253186 0.00154856 0.0087962 1.24116e-06 0.304749 0.00905514 3.53692e-05 0.0267689 2.41704e-06 4.2448e-05 0.062392 0.19786 0.127426 0.000728262 0.031863 0.00863211 0.0104097 0.00110365 0.00130482 0.0675909 8.66048e-06 0.00106386 0.000360926 1.92926e-05 9.04388e-05 7.13351e-09 
0.0876255 4.19485e-09 1.14303e-06 0.0929193 1.02721e-05 0.00208153 5.95128e-05 0.588067 0.00620446 0.000124358 0.175464 2.84046e-07 4.86436e-06 0.00387897 0.000120321 5.12076e-07 0.00319585 0.000151208 0.000568513 0.00100678 0.0245565 0.0114545 2.74738e-06 0.000509717 4.48491e-09 5.07971e-05 6.16961e-06 0.00190234 3.28361e-05 
0.234241 9.05099e-06 0.000165112 0.0695281 0.000408844 0.00732634 1.1606e-06 0.571705 0.0271086 6.51611e-10 0.00940489 0.000107217 0.000131992 0.00128588 1.82066e-05 0.000935847 0.0336508 0.00724375 0.000222344 0.00202787 0.000210898 0.0110758 0.0224087 3.91507e-06 9.5124e-09 6.60745e-10 0.000186714 0.000591648 6.21706e-07 
0.0759515 0.00222201 0.00302305 0.0734254 0.0155037 0.0241625 3.15243e-05 0.292395 0.00163256 4.68911e-05 0.0232728 0.000253725 0.00130838 0.00454447 0.00117437 0.00129451 0.0617723 0.0328482 0.0278508 0.103601 0.000488333 0.0212458 0.225197 0.0002133 6.4161e-08 1.54926e-05 0.00605392 0.00033848 0.000132497 
0.140739 1.40684e-06 1.63148e-07 0.000183699 0.191728 0.000326933 0.000190023 0.452884 0.148347 0.000277197 0.000295396 1.56151e-06 0.000249003 0.00086563 0.000142497 0.000329998 0.000667644 0.00016943 0.00130796 0.000832899 0.013003 8.8717e-05 0.000606431 0.00015386 1.50412e-06 0.0437769 2.28887e-05 0.000292454 0.00251383 
0.00260463 2.52396e-07 4.85602e-05 0.443398 0.0167378 1.59118e-05 4.01496e-07 0.49061 0.00806907 0.000415099 0.000599902 1.07505e-05 0.000199455 0.000301938 0.00296329 0.00367668 0.0113837 0.0069781 0.00229644 5.20477e-05 0.000110221 0.000690048 0.000849093 0.00010862 2.69849e-07 0.00376515 0.0036665 0.000430863 1.73436e-05 
0.0256406 0.000862191 8.50588e-05 0.0499361 0.0460544 0.0427575 9.93185e-06 0.197272 0.171089 6.91837e-05 0.0333008 3.09528e-06 0.00622941 0.0600136 0.013809 0.000209175 0.183274 0.0972453 0.00289462 0.00430722 0.00604616 0.000597242 0.043319 0.000792759 1.20811e-08 0.000205519 2.5558e-05 0.013643 0.00030837 
0.177325 0.0112448 0.000906441 0.10033 0.019646 0.0481016 8.58086e-06 0.253391 0.0372497 0.000765387 0.0235392 0.00679161 0.0100963 0.0116487 0.00555236 0.0372905 0.0513848 0.00238581 0.0670822 0.0282572 0.000230392 0.0206946 0.0530897 0.000144339 0.00212106 0.000669828 0.00322443 0.0265401 0.000288217 
0.0317087 0.000147354 5.76278e-05 0.0483983 0.0112359 0.00642564 2.06814e-06 0.503138 0.00471295 0.00222545 0.0357198 2.3864e-07 0.00520006 0.0173749 0.000537255 4.39138e-05 0.0111481 0.193147 0.0715291 0.0207255 0.0131156 0.015541 0.00514301 0.000634491 4.4458e-08 0.00131592 4.62983e-07 0.000749809 2.23049e-05 
0.00925169 1.21598e-05 0.00522866 0.0143491 0.0104056 0.00827659 6.89696e-06 0.814209 0.0144396 3.51037e-05 0.00334625 4.4497e-06 0.00423469 0.0277419 0.00119204 0.000113561 0.00460283 0.00133188 0.00275594 0.02954 0.0030363 0.0374515 0.00499218 0.00057912 3.50478e-05 0.00139676 3.64066e-05 0.00134513 4.99908e-05 
0.0198375 7.59664e-08 0.0147349 0.264714 0.0140526 0.0432106 1.39672e-06 0.362751 0.00679608 0.000133636 0.136865 4.31613e-05 0.000558498 0.00955209 0.000174673 0.00465405 0.01728 0.0224414 0.00925741 0.020145 0.00226685 0.0153945 0.0269212 0.00284943 9.78364e-08 0.000285016 1.48387e-05 0.000433218 0.00463241 
0.0175036 0.000130317 0.0126179 0.0896715 0.0920192 0.0446834 1.52425e-05 0.301976 0.0151009 6.7e-05 0.0299788 0.000117454 0.00448633 0.010505 0.000821956 0.000529225 0.0175638 0.0107753 0.0466114 0.0908337 0.00343696 0.124605 0.0836843 0.000256636 0.000316137 2.53367e-05 1.89649e-05 0.000701131 0.000947559 
0.00453861 7.52568e-05 0.00501429 0.0538667 0.00316225 0.0239618 4.49428e-07 0.60885 0.00387616 3.20276e-05 0.0487189 2.66605e-05 0.001152 0.00206347 0.000410398 6.51633e-05 0.0133458 0.176847 0.00247834 0.00648449 0.0106219 0.0237804 0.00298311 0.00584187 5.82043e-05 0.000853628 3.78914e-05 9.51598e-05 0.000757723 
0.0296275 5.62409e-08 0.0165211 7.5166e-07 3.22531e-06 0.0249268 1.82339e-06 0.231683 0.0826367 2.35004e-07 0.00586286 0.00192718 0.127736 0.0216375 0.0937125 0.00625112 9.85854e-07 9.0439e-07 0.00220742 0.170663 0.00256545 0.000550625 0.0032431 0.130697 1.44122e-06 0.00552938 0.0143815 0.0133058 0.0143245 
0.154239 1.04507e-05 0.00426686 0.0245218 0.00547364 0.0608246 1.16661e-08 0.49616 0.00732794 0.000332638 0.00817911 1.66154e-08 5.45279e-07 8.98322e-05 8.06045e-09 0.0025046 0.0547206 0.00650462 0.00277073 0.00695453 1.15613e-07 0.00551564 0.0010008 3.83642e-07 2.73378e-08 1.90265e-08 3.48805e-08 0.000658781 0.157943 
0.0220325 8.60799e-06 1.15445e-10 0.143389 0.0080058 0.0166167 4.04409e-07 0.184425 0.0324498 1.91224e-06 0.0184409 1.10494e-09 0.0015776 0.172402 8.98418e-07 0.00456591 0.146664 0.0497934 0.00853986 0.00722273 0.00871581 0.0273821 0.144241 1.17527e-06 1.06433e-09 1.82931e-07 2.85164e-06 0.00351867 4.80442e-10 
0.135684 3.97287e-05 0.00452637 0.0599999 0.0431837 0.0359367 0.000618265 0.235711 0.0141377 0.000371482 0.165095 0.000117954 0.0106824 0.00949804 0.000804178 0.00731846 0.00937645 0.0304084 0.000882568 0.0333945 0.0899217 0.0400653 0.0468806 0.00226952 0.000243586 3.95447e-05 0.00241649 0.00208275 0.0182942 
0.152904 6.89931e-05 0.00844932 0.0385749 0.102762 0.0346796 6.74291e-08 0.204691 0.0299271 6.89006e-06 0.195652 2.60652e-05 0.000288256 1.71328e-05 0.00232642 0.000998664 0.0177355 0.00148397 0.00208806 0.0241297 0.000463291 0.00552657 0.0587463 0.103599 3.3275e-08 4.00077e-06 0.00436581 0.00349235 0.00699364 
0.0195309 0.000420886 0.0120672 0.128707 0.0599859 0.0662636 1.87052e-05 0.33736 0.0323408 0.000671554 0.0145715 0.000526182 0.0192815 0.0345074 0.00210304 0.000936595 0.0387531 0.0043044 0.0288909 0.0783031 0.00627765 0.0628209 0.0193344 0.000667075 0.000915127 0.0124618 0.00223535 0.00404489 0.0116987 
0.021926 2.21406e-05 0.014482 0.125339 0.0682575 0.0410576 7.43691e-05 0.177237 0.0617366 0.00350108 0.0563378 0.010309 0.062403 0.0569791 0.0197728 0.00181002 0.036477 0.0315479 0.0154327 0.0262914 0.0484013 0.0926346 0.00952798 0.00217988 0.000167359 2.71537e-05 0.00368144 0.0119885 0.000397938 
0.161683 1.03334e-05 0.0001183 0.0673517 0.0420151 0.00668745 9.12011e-09 0.457125 0.0356212 0.00180322 0.00170721 4.79026e-05 0.0300993 0.00665358 0.00123627 7.84919e-05 0.0129929 0.00483129 0.0161164 0.0100392 0.000389361 0.114232 0.0272319 2.10917e-07 1.25119e-08 0.000729927 0.000641361 0.000122881 0.000433953 
0.219343 0.000522752 2.51182e-08 0.0497662 0.0232001 0.00733046 2.47043e-08 0.512805 0.00142966 3.451e-06 0.0601445 7.93147e-06 7.5193e-05 0.000180143 0.000112943 0.000389323 0.00167552 0.00665627 0.00327108 0.00881304 4.89212e-07 0.00739676 0.0899144 1.10896e-08 0.00172616 0.000488979 0.00474577 6.63548e-07 6.99219e-08 
0.040328 0.000236807 0.00422016 0.116218 0.0220449 0.0356457 2.25662e-05 0.37556 0.0305809 0.00112374 0.0461655 0.00179206 0.00722735 0.0092446 0.00151884 0.00103633 0.03219 0.137179 0.0131797 0.0136322 0.0647941 0.00763079 0.0252213 0.00176726 5.03332e-05 0.00106665 2.88602e-05 0.00485645 0.00543732 
0.272985 8.21146e-07 7.86108e-06 0.00467797 2.49527e-05 0.000103134 7.52852e-07 0.454077 0.00996614 2.89723e-06 0.00122361 3.08582e-06 0.00832457 0.0818058 0.0948531 2.74706e-06 0.00116862 1.71882e-09 0.00215869 0.000215116 2.54532e-06 0.0580964 0.00847846 0.000110605 1.95572e-05 2.4504e-06 7.28886e-10 0.00168596 2.55523e-06 
0.00984598 2.86684e-06 0.00303835 0.0143629 0.0131723 0.0335858 0.000386063 0.476005 0.0607477 2.48942e-05 0.0426013 5.10125e-05 0.00567661 0.0153553 0.0134185 0.0097433 0.0172372 0.0106119 0.00272091 0.0425764 0.00570287 0.075486 0.144261 0.000397617 1.07592e-05 0.00233235 1.59637e-05 0.000627287 1.73512e-06 
0.0335267 0.000792186 0.0123419 0.0422386 0.0258056 0.0134361 8.88354e-07 0.523101 0.0189678 5.26513e-05 0.101988 3.11001e-05 0.00171916 0.00534842 0.00320173 0.0029633 0.00576341 0.0423603 0.00485947 0.0475277 0.0266332 0.0572835 0.020352 0.00392832 0.00289655 0.000988189 5.59288e-06 0.000343213 0.00154382 
0.0329335 0.00339844 0.00188758 0.0708923 0.0230552 0.0444394 1.83321e-05 0.512953 0.0555557 2.64444e-05 0.0502499 0.00033903 0.00774723 0.0067421 0.0304665 0.000330898 0.0386028 0.00175556 0.0141226 0.00758226 0.00383314 0.0528918 0.0173033 0.00193067 0.000143856 0.00043682 0.000122436 0.0125383 0.00770129 
