0.0133139 4.87615e-11 0.000229555 0.417094 2.61198e-06 0.00378327 3.80007e-11 0.0179512 0.489936 6.11197e-11 0.0120211 5.41765e-08 0.00843272 6.59656e-08 1.12926e-07 7.31312e-07 0.0143323 8.28487e-07 1.50754e-07 8.05489e-12 1.11731e-11 0.00176849 5.39694e-07 3.61722e-06 5.21332e-11 6.19764e-11 5.59898e-07 0.021127 5.74234e-07 
0.081972 2.25823e-05 0.00453155 0.0332673 0.0132532 0.104458 0.000101944 0.0651566 0.135886 0.000466899 0.0608848 0.000188357 0.00389314 0.109792 3.56487e-06 0.0109244 0.090508 0.00410359 0.024055 0.100686 0.0156119 0.0463615 0.0402186 0.00705446 9.25715e-05 0.000596903 0.00231554 0.0171744 0.0264195 
0.0160838 0.000227001 0.107533 0.00361234 0.00547207 0.070185 9.92405e-07 0.00132485 0.449757 0.000396721 0.00304691 8.17236e-06 0.0166885 0.170568 0.0188611 0.0279632 0.0289987 0.000626213 0.00126724 0.00985045 0.000814421 0.00228834 0.0357537 0.000790979 7.91888e-07 7.25545e-05 0.000496875 0.0242036 0.0031079 
0.0246644 5.17213e-05 0.0577404 0.0168485 0.0231108 0.0697952 1.38491e-06 0.0283159 0.172551 0.000213681 0.039935 7.18609e-06 0.122666 0.0353816 0.00201385 0.00314967 0.148002 0.00619525 0.00181936 0.0533748 0.017883 0.00633015 0.0343567 0.000481945 0.000232306 0.000760651 4.83479e-05 0.132289 0.00178046 
0.0350047 4.60984e-05 0.0127266 0.000924108 0.00769656 0.0695021 1.84047e-09 0.00475622 0.389048 0.000161211 0.0579926 0.00135828 0.000221832 0.00175975 5.778e-07 0.0307872 0.000892447 0.00119331 1.3186e-05 0.00350618 0.00780846 0.00548123 0.00333291 0.000420808 6.87005e-11 7.82518e-05 7.6897e-07 0.355751 0.00953508 
0.0208767 0.000241474 0.045679 0.00490088 0.0402978 0.0594452 9.23241e-06 0.0173815 0.414635 0.000332199 0.0471581 0.00125648 0.0207134 0.0186584 0.000920644 0.00287416 0.101113 0.000749743 0.00132548 0.00839387 0.0105667 0.0191633 0.0299728 0.0126868 3.04629e-08 0.00218244 0.000488558 0.111159 0.00681882 
0.0356321 0.000791091 0.028895 0.0308483 0.0212798 0.0611237 0.00131396 0.0139579 0.301394 0.00161775 0.037783 0.00207825 0.0467368 0.0602686 0.00484169 0.00826678 0.166703 0.00569119 0.0085805 0.0381526 0.0278618 0.024097 0.0368903 0.00408297 0.000499239 0.00262195 0.000901067 0.0215656 0.00552461 
0.0531752 0.000459142 0.101641 0.00647915 0.10409 0.108098 0.00268386 0.00313432 0.142039 0.000109499 0.00979013 0.00120026 0.00178284 0.0181378 0.00325846 0.0132169 0.0906752 0.00144855 0.00810705 0.072034 0.0032519 0.00978673 0.1147 0.00225865 0.00022088 0.00235538 0.0286988 0.0925298 0.00463748 
0.00128108 1.90776e-11 2.9469e-08 0.00297355 2.77619e-12 0.00431112 1.64906e-08 5.63841e-09 0.711579 2.24536e-07 0.00169386 4.70263e-08 0.0043422 0.0105261 6.80083e-08 0.0726661 0.00369725 0.000872983 6.26696e-08 3.15142e-12 1.39667e-07 0.000658092 2.2917e-07 0.000190397 2.03968e-11 2.42479e-11 3.34432e-12 0.185208 9.20721e-12 
0.000235937 1.60704e-09 0.00100509 0.00412179 0.0415245 0.0383068 1.2524e-09 1.64695e-06 0.654537 0.000161433 0.00516922 1.99226e-06 0.00570453 0.00190677 0.00164367 0.000278552 0.112207 0.000138378 0.000714288 0.0460661 8.32634e-08 0.0222662 0.0405474 1.16266e-08 2.81543e-06 6.07254e-06 2.47714e-06 0.0234493 2.60686e-07 
0.0098801 2.47436e-05 0.0141342 0.00521491 0.0170669 0.0231312 0.00130688 0.00530132 0.750903 0.000157292 0.0176755 0.000479199 0.0197624 0.0112849 0.00285397 0.00056584 0.00792236 8.9941e-05 0.00166078 0.0115676 0.000334836 0.0175741 0.00208527 5.59402e-05 1.32105e-08 2.12348e-05 1.98314e-05 0.0382204 0.0407049 
0.00366267 0.00127321 0.0502095 0.00255149 0.00506128 0.0162533 1.03624e-07 0.00149433 0.481617 6.58776e-07 0.00760139 9.73444e-05 0.00394801 0.0218777 0.00061539 0.00249752 0.10292 5.4438e-05 3.74437e-05 0.00127997 0.00101432 0.0044257 0.0095061 3.99428e-07 1.74186e-10 2.07073e-10 6.00323e-05 0.281642 0.000297897 
0.0198462 3.19388e-06 0.114761 0.0208904 0.00194128 0.101025 8.91653e-10 0.00370269 0.321783 0.000455617 0.0468194 1.26994e-09 0.0130744 0.0583453 0.000174336 7.76538e-05 0.0372173 0.0168505 0.000543685 0.0300981 0.0560422 0.0786366 0.0602802 0.00222053 9.09905e-06 3.41432e-05 2.74899e-06 0.0147218 0.000443736 
0.0150899 3.34758e-07 0.00692636 0.0114039 0.00197491 0.00752798 9.40905e-07 0.00055183 0.508576 1.2158e-05 0.010818 5.38673e-05 0.0828259 0.0822542 8.27556e-06 0.00173117 0.0652233 0.00361077 0.00143647 0.00636039 0.000580111 0.140426 0.00250983 0.000119532 5.03361e-05 6.28281e-05 2.56052e-07 0.049859 5.47907e-06 
0.0178407 6.18282e-06 0.00315812 0.00334034 0.02249 0.0322659 5.61197e-08 0.00157701 0.61901 0.000111313 0.00494878 0.00398652 0.0778705 0.0169802 0.00803207 0.00700646 0.0362528 0.00506906 0.000339622 0.0518551 0.00667698 0.0446999 0.00238375 0.00135428 0.00387137 9.78418e-05 5.795e-07 0.0101733 0.0186012 
0.0393331 0.00054316 0.167616 0.015296 0.0168327 0.0502747 8.54797e-08 0.00334188 0.335659 0.00797269 0.0226763 0.00290005 0.0229746 0.067852 0.0014925 0.00237692 0.0575288 0.00220497 0.0127027 0.00146354 0.0011908 0.135415 0.00827338 0.00203942 0.000703054 1.5331e-10 0.00589775 0.014721 0.000718032 
0.00415884 0.000122068 0.0327393 0.0149593 0.0353946 0.0367715 5.68184e-09 0.00170238 0.432255 0.000282806 0.00413775 8.09235e-09 0.0333841 0.0146713 0.0129071 0.00336374 0.0448855 0.000358363 0.000926015 0.000882813 0.0147691 0.034305 0.00820414 0.00010824 9.05135e-05 5.00002e-08 6.78607e-06 0.268277 0.000336558 
0.011267 0.000246053 0.0471208 0.0303074 0.0371964 0.111877 2.33966e-05 0.00658913 0.262373 0.0219667 0.0223778 0.0087124 0.0116082 0.0306676 0.00197106 0.00100648 0.100971 0.00153126 0.01331 0.036665 0.0139044 0.0129442 0.0897475 0.000629642 5.01306e-09 0.000804881 5.67562e-05 0.122019 0.00210573 
3.54148e-06 4.36214e-10 0.00337556 0.0218928 0.000203844 0.0104421 3.3995e-10 0.00223667 0.782549 4.49625e-07 0.00578297 4.84173e-10 0.04436 2.5631e-06 4.54964e-07 1.69484e-10 0.0126228 9.90128e-05 0.0403105 0.000732724 6.15814e-07 0.0745244 0.000858877 3.04425e-07 4.66378e-10 7.16671e-07 9.42857e-08 2.6686e-07 2.10525e-10 
0.000905253 0.000799058 0.000205533 0.0932163 0.0755668 0.0142311 3.29981e-06 8.04045e-08 0.479895 8.46468e-11 0.0127261 8.23373e-09 0.0108824 0.0201787 4.68876e-05 0.00113096 0.0467011 0.000705918 0.000406577 0.00134429 0.00139524 0.0137179 0.017843 2.76541e-05 7.22012e-11 8.58333e-11 1.18026e-05 0.208049 9.54146e-06 
0.0175453 0.00603837 0.00288566 0.0312021 0.0249709 0.121551 5.07028e-05 0.0036373 0.235821 0.000190883 0.0288218 4.75656e-05 0.0532955 0.171309 0.00131739 0.00641368 0.152 0.000878069 0.0012202 0.0541935 0.0213812 0.0142377 0.0266715 0.000558826 0.00017978 1.39682e-05 0.00011288 0.023439 1.57357e-05 
0.00396333 1.92506e-06 0.331184 0.000657843 0.0118286 0.0522269 1.98039e-06 1.61247e-05 0.44158 8.25212e-07 0.0165618 0.0021477 0.00978264 0.000887888 1.54184e-05 0.0155702 0.000562999 4.21726e-06 0.000504111 0.0111091 8.10841e-05 0.0179783 0.00264872 0.000156102 2.42288e-11 2.68232e-08 3.08101e-06 0.0721521 0.0083728 
0.010893 0.000288939 0.0701293 0.005701 0.0331828 0.0790097 0.000174547 0.000259811 0.436617 0.000186663 0.0393915 4.53939e-05 0.00752578 0.0614117 0.00183641 0.0275255 0.0476094 0.00187182 0.0192238 0.0644979 0.00812374 0.0230448 0.0120026 0.00250359 2.60057e-07 0.0263533 7.50221e-05 0.0110596 0.00945522 
2.85118e-06 2.84703e-06 0.0481904 2.85125e-06 2.85119e-06 2.8516e-06 2.84811e-06 2.85038e-06 0.558056 2.84579e-06 2.85133e-06 0.00768835 0.0253745 0.0410606 0.00541648 2.85001e-06 0.059023 0.00484765 2.8504e-06 0.00570504 2.85078e-06 2.85082e-06 2.8514e-06 2.84934e-06 2.84669e-06 2.8457e-06 2.85104e-06 0.236605 0.0079816 
0.00833769 5.00309e-06 0.0510701 0.00267195 0.0111111 0.00349849 1.14378e-09 0.000393961 0.813012 1.83963e-09 8.79513e-05 2.50208e-05 0.0095865 0.0387832 0.000520903 0.0111354 0.0213797 1.20413e-05 0.00293338 0.00373911 0.000623237 0.00131836 0.0125302 8.15594e-05 0.00011415 9.49591e-06 2.16846e-05 0.00686401 0.000133687 
0.0296897 6.20163e-06 0.113244 0.0558584 0.0532516 0.0360888 0.000157081 0.11489 0.197323 0.00287095 0.0628043 0.00192099 0.0111183 0.0157501 0.0153653 0.00900633 0.0315276 0.00349006 0.0293382 0.03815 0.0305616 0.0570935 0.0368455 0.000880011 0.000927125 0.000561507 3.42201e-05 0.0155471 0.0356987 
0.0117212 5.69193e-06 0.168534 0.00786619 0.1217 0.0182032 0.000377855 0.00430592 0.317306 0.000129188 0.0638384 0.0009178 0.00717042 0.0101373 0.0025505 0.00202717 0.0176805 0.000458498 0.0175703 0.10145 0.00204937 0.00929363 0.0123673 0.00519527 2.1287e-10 0.00602955 0.000118118 0.0720995 0.0188982 
0.0290164 1.04873e-05 0.000375436 0.0068257 0.0273438 0.0178165 1.35808e-05 0.0104612 0.706458 4.84098e-05 0.0124741 0.000212523 0.0271405 0.0288383 0.000193114 0.00347417 0.0312494 0.00229536 4.47843e-07 0.0211904 0.00269321 0.0556828 0.00864955 0.00422498 2.47686e-10 1.14065e-05 2.97044e-05 0.00286634 0.000403882 
0.025342 0.00165037 0.0881322 0.00444194 0.0113456 0.0232469 9.60418e-06 0.0333531 0.556811 4.99888e-05 0.0101633 0.000132978 0.0290546 0.0387594 0.00147803 0.0149183 0.0205023 0.003614 0.00382764 0.0403588 0.00133058 0.0109344 0.0132447 0.0216611 0.000758101 1.62691e-05 0.000801725 0.0357179 0.00834291 
0.0875639 0.000383176 0.0211819 0.0573999 0.101814 0.0847046 0.000541067 0.0176109 0.131718 0.00185707 0.0402751 7.093e-05 0.00341403 0.0948662 0.0170943 0.0657888 0.0496524 0.00897637 0.0044779 0.0297128 0.00796147 0.00686936 0.109933 0.0170863 1.4173e-06 3.2302e-05 0.00758406 0.0297056 0.00172255 
0.00299012 9.74482e-06 0.0114768 0.0116631 0.0171062 0.0274935 2.59612e-05 0.00165168 0.448352 0.00054263 0.0144302 0.000842407 0.150021 0.0143506 0.000275106 0.000184585 0.0126202 0.000112842 0.00120998 0.00380978 0.00313522 0.171684 0.0185842 0.00470799 2.77973e-05 0.000912915 0.00311594 0.0784796 0.000184447 
0.0228388 0.0103377 0.0295952 0.0323051 0.04815 0.0296359 0.00766005 0.0102917 0.425707 0.000206899 0.045486 0.00055177 0.0183268 0.0404015 0.00187121 0.00772669 0.108472 0.0026922 0.00122031 0.0266463 0.00843958 0.0394316 0.0160003 0.00114456 0.00490613 0.000133045 0.000189682 0.059073 0.000558543 
0.0342689 3.40992e-07 0.00354196 0.00547736 0.00452416 0.00363905 0.000628155 0.000351606 0.332117 4.46544e-05 0.000429786 0.000156268 0.109655 0.182029 1.25485e-05 0.000114931 0.109984 0.000170131 0.000263311 7.77087e-05 1.54594e-05 0.00390411 0.00409316 3.01379e-05 3.64571e-07 6.63177e-06 5.97762e-08 0.204454 9.78753e-06 
0.0207684 0.00216272 0.0563785 0.0178226 0.0181691 0.0678499 0.000347911 0.0177203 0.370154 0.0014909 0.0244205 0.000869653 0.0679705 0.0788526 0.00494928 0.00682197 0.0886575 0.0042787 0.00638155 0.0345937 0.0113996 0.0259427 0.0213866 0.00202989 9.34029e-05 0.00108303 0.000916192 0.0398645 0.00662354 
0.0125758 4.40944e-06 0.000231021 0.000975066 0.00111043 0.0152614 2.6607e-10 0.0066323 0.878772 0.000296303 3.34675e-07 3.7895e-10 0.0102772 0.0128308 0.00443661 4.42957e-07 0.0446188 0.000455061 0.000343742 0.000785595 0.000268493 0.00287551 0.00551477 1.3387e-05 3.65022e-10 0.00013387 2.32663e-08 0.00133296 0.00025395 
0.00128108 1.90776e-11 2.9469e-08 0.00297355 2.77619e-12 0.00431112 1.64906e-08 5.63841e-09 0.711579 2.24536e-07 0.00169386 4.70263e-08 0.0043422 0.0105261 6.80083e-08 0.0726661 0.00369725 0.000872983 6.26696e-08 3.15142e-12 1.39667e-07 0.000658092 2.2917e-07 0.000190397 2.03968e-11 2.42479e-11 3.34432e-12 0.185208 9.20721e-12 
0.0205572 8.34308e-05 0.0279205 0.0199322 0.0286139 0.029013 0.000562506 0.0164229 0.330822 0.164092 0.0260506 0.000286269 0.0195225 0.0323405 0.0040797 0.0182891 0.0306639 0.00610684 0.002083 0.00359082 0.0493687 0.0275727 0.062778 0.00572039 0.000723236 0.00675308 0.000327562 0.0638071 0.00191718 
0.0088842 0.0036056 0.0392603 0.00354098 0.00614958 0.0370343 9.37821e-05 4.69443e-05 0.43512 0.000113468 0.00843789 0.000694227 0.0201439 0.0150963 0.00244345 0.035062 0.0768919 0.00038777 0.000403486 0.0487703 0.00655012 0.00593476 0.00268527 0.223517 1.29693e-07 0.000566038 6.77136e-05 0.0116289 0.00687007 
0.0098313 2.22457e-05 0.00544147 0.0791428 0.00431745 0.0391411 0.000163609 0.00554751 0.668451 0.00114931 0.00564589 2.65057e-05 0.00701007 0.0376981 0.000841841 0.0025337 0.0130569 0.000906613 0.0276706 0.00154551 0.0022056 0.00757433 0.0610722 5.21481e-05 1.495e-07 0.00158622 1.62844e-05 0.0171664 0.000182878 
0.00176851 0.00222684 0.148194 0.0137505 0.0024101 0.00557053 9.85452e-08 0.0428525 0.281141 0.000164226 0.0178608 2.19206e-06 0.00242504 0.157959 0.0210962 4.61703e-07 0.0145101 5.14665e-06 0.00853505 0.0197787 0.00506823 0.0116889 0.0138207 0.000563242 2.8591e-09 0.180909 4.80525e-05 0.0476517 1.29061e-09 
0.0508855 8.20469e-06 0.0261505 0.00454695 0.130667 0.0304382 1.46633e-05 0.00124523 0.219432 3.20317e-05 0.0767345 0.000264033 0.00547379 0.00563042 0.000155477 0.022076 0.00914704 0.000682593 7.07079e-05 0.0201155 0.0225499 0.00399274 0.0285621 0.199549 2.34985e-09 4.43337e-06 0.00429257 0.0178827 0.119395 
0.00959247 2.81287e-05 0.00155494 0.00311438 1.83042e-06 2.37073e-05 2.77031e-09 0.0174915 0.821806 0.000639414 0.000428448 5.23383e-06 0.0153466 0.0142998 0.00105954 1.38115e-09 0.0898173 0.00228507 2.55542e-06 0.00619724 1.70153e-06 0.00544842 0.000619208 0.00158574 3.80059e-09 2.10817e-05 7.82338e-06 0.00862166 5.50739e-07 
0.00128108 1.90776e-11 2.9469e-08 0.00297355 2.77619e-12 0.00431112 1.64906e-08 5.63841e-09 0.711579 2.24536e-07 0.00169386 4.70263e-08 0.0043422 0.0105261 6.80083e-08 0.0726661 0.00369725 0.000872983 6.26696e-08 3.15142e-12 1.39667e-07 0.000658092 2.2917e-07 0.000190397 2.03968e-11 2.42479e-11 3.34432e-12 0.185208 9.20721e-12 
0.00128108 1.90776e-11 2.9469e-08 0.00297355 2.77619e-12 0.00431112 1.64906e-08 5.63841e-09 0.711579 2.24536e-07 0.00169386 4.70263e-08 0.0043422 0.0105261 6.80083e-08 0.0726661 0.00369725 0.000872983 6.26696e-08 3.15142e-12 1.39667e-07 0.000658092 2.2917e-07 0.000190397 2.03968e-11 2.42479e-11 3.34432e-12 0.185208 9.20721e-12 
0.132202 6.16376e-07 0.0219563 0.0316477 0.108895 0.120941 5.4193e-06 0.000534418 0.229791 7.72349e-05 0.13566 1.58583e-06 0.0127518 0.00477606 2.7111e-06 0.00324251 0.0481584 0.000189273 0.000390051 0.0386195 0.00113657 0.0147242 0.00418754 3.05572e-05 0.0095538 2.10984e-05 5.25544e-05 0.0148092 0.065642 
0.131609 3.58707e-07 0.0183157 0.00974577 0.119491 0.16289 1.58298e-10 0.000348443 0.170811 1.68373e-05 0.00581668 2.25456e-10 0.0885775 0.108045 0.0105491 0.0319369 0.0296523 0.00208854 0.000462207 0.0401219 0.00819247 0.0344938 0.00541766 0.000403275 1.69457e-08 0.000223527 1.81088e-05 0.00222582 0.0185462 
0.0200031 8.41521e-07 0.0243535 0.0566028 0.0218342 0.0451081 7.86999e-06 0.000478501 0.252403 3.95068e-06 0.048021 0.00048739 0.0396405 0.0295791 0.0627953 0.000298067 0.218536 0.0155431 0.00792898 0.056405 0.00457249 0.0163179 0.070333 0.00139449 3.56846e-05 0.00054953 0.00011225 0.00662618 2.7437e-05 
0.00444632 6.74185e-06 0.0235739 0.00874554 0.0142708 0.05847 9.1954e-08 0.000189822 0.418237 3.97401e-05 0.0512629 0.00213652 0.0563671 0.066628 0.000217591 0.00508148 0.0401301 0.000841173 0.00318617 0.000888836 0.00321899 0.165328 0.0432272 0.00102561 1.54556e-05 0.00043744 3.13625e-05 0.0318615 0.000135009 
0.0263064 0.000616443 0.0208226 0.00853887 0.0159636 0.0169387 1.01834e-07 0.00517123 0.397878 0.000285357 0.0263245 0.000645313 0.181709 0.010786 0.00201909 0.00281063 0.107204 0.000840796 0.0129718 0.00198183 0.00192161 0.059658 0.0114452 0.00106866 0.008496 0.000189608 1.37916e-05 0.0747739 0.00261809 
0.0134244 0.000442869 0.00905253 0.00134808 0.00390451 0.0325065 9.20908e-07 0.000246102 0.409865 0.00367622 0.000206688 8.17639e-06 0.168491 0.215955 0.000888796 0.000439336 0.0855557 0.00015833 0.00837322 0.00203537 3.29046e-06 0.0139567 0.0046469 0.000136491 1.34796e-07 1.30121e-06 6.27539e-05 0.0222892 0.00232408 
0.00148044 1.53401e-09 0.0746072 0.0837664 0.00124291 0.0577924 3.91364e-05 0.0120535 0.393813 0.000178881 0.00429302 8.9584e-06 0.0581378 0.00222209 0.00777718 3.41376e-07 0.216894 0.00362357 0.00939757 0.0229857 0.028255 0.00563043 0.00319789 1.22058e-05 1.64008e-09 4.71281e-06 6.6493e-07 0.0125848 7.40342e-10 
0.00302637 2.09945e-06 5.67957e-07 0.000743197 0.00435843 0.0278733 0.0188169 0.000439155 0.616259 6.29946e-05 9.44783e-08 1.1332e-05 0.00575764 0.133608 1.11529e-07 3.01836e-07 0.0803992 4.90764e-07 8.41838e-08 1.67561e-08 9.93387e-12 0.0380307 4.41831e-12 0.0118461 9.93402e-08 5.51022e-11 7.59983e-12 0.0587631 3.35015e-07 
0.0180627 0.000330219 0.289688 0.0156737 0.0239138 0.0307181 0.000112871 0.00825666 0.341565 0.000420848 0.0157249 8.06514e-05 0.0128714 0.0306785 0.00425334 0.0107486 0.0663506 0.00209283 0.00279617 0.0351345 0.013545 0.00938283 0.0211725 0.00643576 4.36747e-07 0.00236566 6.43059e-05 0.0318613 0.00569918 
0.0058939 6.92817e-06 0.0117791 0.0130442 0.00258993 0.00947357 2.38034e-05 0.0601584 0.290495 2.07355e-05 0.163709 5.67167e-08 0.00214291 0.0255974 1.62364e-05 0.00023263 0.0202822 0.240726 7.87019e-05 0.0177886 0.094142 0.000378353 0.0352658 0.000491109 5.46321e-08 1.71419e-05 1.62958e-05 0.0056262 2.89915e-06 
5.15713e-05 4.11599e-05 0.0410903 0.000579443 6.42335e-05 0.00275829 1.87745e-06 4.88597e-07 0.682579 5.13676e-05 0.00258292 0.000556708 0.00209194 0.130892 9.35599e-05 8.09162e-05 0.0474938 3.9551e-05 0.0089023 0.0183078 0.00363058 0.0124946 0.000379544 8.238e-05 2.97507e-07 1.45428e-08 3.59825e-05 0.0451166 1.26228e-06 
0.00128108 1.90776e-11 2.9469e-08 0.00297355 2.77619e-12 0.00431112 1.64906e-08 5.63841e-09 0.711579 2.24536e-07 0.00169386 4.70263e-08 0.0043422 0.0105261 6.80083e-08 0.0726661 0.00369725 0.000872983 6.26696e-08 3.15142e-12 1.39667e-07 0.000658092 2.2917e-07 0.000190397 2.03968e-11 2.42479e-11 3.34432e-12 0.185208 9.20721e-12 
0.0259787 0.0038955 0.0991849 0.00689976 0.0214573 0.0284527 8.55745e-08 0.000437247 0.636877 4.44136e-06 0.000293197 2.89248e-06 0.0437316 0.0110077 0.00515361 0.00512069 0.0838313 4.22839e-05 0.00129504 0.000193346 1.57966e-05 0.0135733 0.00645679 2.10657e-08 1.77012e-10 0.000157767 8.21548e-07 0.00590353 3.28689e-05 
0.12493 1.91016e-08 0.07651 0.0317527 0.00257806 0.029098 0.00029392 0.00874187 0.233819 2.5685e-06 0.0163514 0.00777217 0.000238249 0.0678387 0.00098584 0.0188786 0.0013516 0.00813802 0.00675069 0.0542705 0.0546847 0.0949758 0.118917 0.007903 1.3016e-09 0.000214684 0.00398989 0.0161687 0.0128443 
2.63753e-07 2.26831e-08 0.00078831 0.00417774 9.59098e-06 4.24019e-06 1.76773e-08 0.0364758 0.482851 2.84319e-08 0.0124999 2.51769e-08 0.000998002 6.51346e-06 1.22138e-08 0.00114035 0.0532911 0.404294 7.01214e-09 0.00324658 0.000102735 0.000100244 2.31174e-09 1.19e-08 2.42516e-08 2.88304e-08 1.28728e-06 1.24078e-05 1.09473e-08 
0.00641169 3.68625e-08 0.00174532 0.000402584 0.0118871 0.0207811 0.000379223 0.00218966 0.414417 0.00474323 0.0037867 2.06441e-05 0.0239261 0.270342 0.000598039 0.000893085 0.0942543 0.00131086 0.0526967 0.0172952 0.000737918 0.0404484 0.00538632 0.00157004 1.45828e-06 0.00390984 4.56996e-05 0.0195179 0.000301383 
0.000265615 1.18073e-10 0.0332597 0.0183533 0.085098 0.0107855 5.09584e-07 0.00592166 0.381473 3.28354e-06 0.167986 2.303e-06 0.0644178 0.00232978 2.95307e-05 0.000207975 0.178542 0.000620339 0.00392415 0.000469026 0.00127004 0.0257512 0.00413373 0.00920196 1.26237e-10 3.49701e-05 2.50518e-05 0.00134467 0.00454914 
3.66368e-07 2.2518e-07 0.000414326 1.06144e-11 1.16621e-11 3.54368e-08 6.24548e-11 1.97071e-05 0.921168 1.00451e-10 1.71728e-07 0.000188889 0.0737578 2.19897e-07 1.58076e-07 2.55498e-07 0.000231639 3.31289e-11 2.47742e-11 1.32384e-11 1.86641e-07 9.66556e-07 8.16748e-12 1.45152e-08 8.56819e-11 1.01859e-10 1.40487e-11 0.00421682 3.86772e-11 
0.0133139 4.87615e-11 0.000229555 0.417094 2.61198e-06 0.00378327 3.80007e-11 0.0179512 0.489936 6.11197e-11 0.0120211 5.41765e-08 0.00843272 6.59656e-08 1.12926e-07 7.31312e-07 0.0143323 8.28487e-07 1.50754e-07 8.05489e-12 1.11731e-11 0.00176849 5.39694e-07 3.61722e-06 5.21332e-11 6.19764e-11 5.59898e-07 0.021127 5.74234e-07 
0.0101163 1.52095e-10 1.76381e-11 0.0164077 0.000189848 0.002946 1.2459e-08 0.000295478 0.923764 3.70557e-07 0.0015724 1.68816e-10 0.00629193 0.00010375 5.70179e-06 1.34858e-07 6.84545e-05 7.43685e-05 0.0302333 0.000162946 0.0032866 0.000562689 0.000710332 0.000292341 1.62612e-10 5.36551e-05 2.66623e-11 0.00286112 2.34512e-07 
0.00128108 1.90776e-11 2.9469e-08 0.00297355 2.77619e-12 0.00431112 1.64906e-08 5.63841e-09 0.711579 2.24536e-07 0.00169386 4.70263e-08 0.0043422 0.0105261 6.80083e-08 0.0726661 0.00369725 0.000872983 6.26696e-08 3.15142e-12 1.39667e-07 0.000658092 2.2917e-07 0.000190397 2.03968e-11 2.42479e-11 3.34432e-12 0.185208 9.20721e-12 
0.0160014 6.33728e-10 0.000204505 0.0289391 0.000591055 0.0212764 1.25485e-07 0.000661183 0.856461 9.88629e-06 0.00686763 1.66611e-06 0.0181413 0.000168708 0.000112922 8.44495e-06 0.000696933 0.00013283 0.024178 0.00344555 0.00931466 0.00319724 0.00183466 0.000316081 1.74373e-07 0.000124105 6.01234e-09 0.00718813 0.000126122 
0.00114093 3.59954e-06 0.0315265 0.0209085 0.000917324 0.00580868 5.70269e-08 0.000159973 0.669889 1.09192e-05 0.000216335 3.01153e-06 0.00337402 0.00181005 4.43643e-05 0.000153028 0.008484 0.00134744 0.00117247 0.000282586 0.00146659 0.00184793 0.0037533 0.000364969 1.25913e-06 2.57073e-09 1.93623e-06 0.245311 1.59057e-11 
4.15598e-07 1.15534e-09 0.00200477 0.000368628 2.93752e-07 5.96865e-08 1.02336e-07 4.05045e-07 0.909788 2.3982e-05 0.000322456 3.75551e-08 0.0566889 0.000492046 3.80756e-05 4.19669e-08 0.00708052 4.77601e-10 3.57156e-10 4.03413e-08 6.43737e-06 0.0115343 3.43769e-06 0.00176345 6.00537e-06 4.95357e-06 6.29495e-08 0.00986115 1.18271e-05 
0.00771443 0.00419462 0.00913929 0.00575646 0.00822656 0.0083669 2.30892e-06 1.27559e-05 0.613385 2.11769e-06 4.55972e-05 9.781e-08 0.015307 0.242054 0.00220511 0.000390045 0.0235198 0.000401042 0.039989 0.000737713 0.00231176 2.59422e-05 0.0124509 8.1309e-05 9.54688e-09 0.00171029 0.000110559 0.00185951 1.20439e-07 
0.0127738 3.46936e-06 0.0195255 0.0108949 0.00256169 0.00546408 2.5145e-07 0.00695853 0.278457 0.0076351 0.0027563 1.2434e-06 0.0582659 0.116901 0.00119186 0.0757593 0.259686 0.0113241 0.00603256 0.0202789 0.000322916 0.0616768 0.000165798 0.000464065 9.51791e-06 0.000751105 0.000162596 0.0397164 0.000259318 
0.0258651 2.79404e-10 0.0131765 0.219101 0.000273091 0.050903 2.17745e-10 0.00469284 0.280132 3.50217e-10 2.26845e-06 3.10122e-10 3.90157e-06 8.73092e-06 1.50446e-10 2.48608e-06 0.211883 7.17278e-06 0.055532 4.10781e-06 1.29646e-05 1.73976e-06 0.125176 1.46581e-10 2.98724e-10 3.55126e-10 1.20985e-06 0.0132216 1.34846e-10 
0.00995351 0.00232548 0.00809098 0.0114355 0.000272163 0.0453675 6.75617e-05 0.00233735 0.63095 1.39572e-07 0.000608053 0.000396282 0.0170627 0.069659 0.00134277 0.0573312 0.0418983 0.0340203 4.23199e-05 0.00243943 0.0420407 0.010247 0.0043012 9.81678e-05 1.19051e-07 1.41528e-07 0.000216677 0.00322182 0.00427341 
0.0243614 0.00104359 0.0484864 0.0382156 0.0168766 0.0672224 1.93643e-05 0.00576442 0.44645 0.00121529 0.0127879 0.00175014 0.0399167 0.0738562 0.00338743 0.010619 0.0812037 0.00392875 0.0173934 0.0134391 0.00718258 0.0203659 0.0259678 0.00159448 0.000772811 0.00111612 0.000667864 0.0266618 0.00773356 
0.0178436 0.000142275 0.0188821 0.0409144 0.050419 0.102286 0.00486243 0.00195026 0.278184 0.00173095 0.00898438 0.00012335 0.0357478 0.0903543 0.00056744 0.00114493 0.166411 0.00764864 0.0041991 0.013465 0.0132778 0.0141258 0.0741549 0.000593955 1.18709e-08 0.0009925 1.1169e-05 0.0496286 0.00135512 
0.0399876 3.35894e-07 0.00696549 0.0347361 0.118159 0.0391655 0.000143296 0.0172572 0.320779 0.000105589 0.0149304 0.00129067 0.0578964 0.00561224 5.62279e-06 1.14994e-06 0.119004 0.000553161 0.00126855 0.0129484 0.034664 0.0740062 0.0771147 0.000802813 6.06689e-05 0.00152323 3.50814e-06 0.0210142 5.51194e-07 
0.011586 1.64614e-06 0.0239334 0.00220519 1.64137e-05 0.0572533 9.30909e-08 7.8667e-05 0.399166 1.45773e-05 0.00161277 6.58411e-08 0.0361678 0.364842 0.0042631 0.00222382 0.0642588 0.000824613 0.000521784 0.00284474 0.000803567 0.00860266 0.0118197 0.000164019 0.000466436 0.00192578 3.76456e-06 0.00397611 0.000423351 
0.00346378 1.59373e-05 0.000277423 0.0958719 0.00192259 0.0259951 1.39217e-06 0.235663 0.235772 9.82305e-07 0.0652237 1.32233e-07 0.00538521 0.0296925 0.000118349 0.000120872 0.189362 0.00599428 0.000435353 0.0191835 0.00250983 0.00883173 0.0375722 0.00185253 1.60893e-08 0.00175346 1.67951e-06 0.0329784 7.26281e-09 
0.00907395 6.85518e-05 0.0531948 0.00407151 0.0184269 0.0438959 1.0402e-05 0.00726015 0.475361 3.66121e-05 0.0315014 1.87461e-05 0.0055641 0.0180555 0.00786063 0.00218443 0.0579702 0.00278332 0.00126116 0.125966 0.0046063 0.014977 0.011749 0.0133967 2.66954e-07 5.9686e-09 2.30264e-05 0.0752339 0.0154483 
0.0233905 4.93056e-08 0.082273 0.00173208 0.0373102 0.0556081 6.00207e-07 0.00633427 0.372343 1.6314e-06 0.169357 0.00063063 0.0877591 7.2962e-05 0.00155955 0.00120169 0.0684905 0.00267538 6.26948e-05 0.0160082 0.00583639 0.0468528 0.0071961 0.0023054 5.78574e-09 8.90142e-08 1.26232e-05 0.00522557 0.00575992 
2.70363e-05 1.49434e-07 1.73295e-08 0.000232683 4.97731e-05 9.24064e-09 1.16457e-07 0.000382393 0.9639 0.000172885 1.73318e-08 0.000307943 0.00861928 2.04179e-08 0.00830906 5.80602e-08 0.0019117 6.1774e-08 4.61954e-08 2.4685e-08 4.74897e-05 0.0150901 1.52295e-08 7.8396e-08 1.59767e-07 1.89933e-07 2.61959e-08 0.000948733 7.21198e-08 
0.013553 1.28804e-06 0.270062 0.0113679 0.00534403 0.088955 1.77401e-05 0.013105 0.323391 0.00098956 0.016004 6.09792e-05 0.0195935 0.0346535 0.00711882 1.83391e-05 0.0155549 0.000275828 0.00347834 0.00816579 0.00747189 0.0053885 0.000818457 0.00265997 4.73314e-07 0.000104962 2.15972e-05 0.135623 0.0162009 
0.0041194 3.61444e-06 0.135156 0.0231879 0.00919023 0.010217 1.46332e-07 0.00338779 0.514941 4.81094e-07 0.0378368 9.7991e-07 1.79309e-06 0.000418561 0.00100324 6.00045e-06 0.0846993 3.88667e-06 2.09559e-07 0.129828 0.00662606 4.13183e-06 0.0370152 0.000238715 6.76511e-10 1.42133e-07 2.03191e-07 0.00210486 7.79759e-06 
0.00364785 0.000255875 7.75812e-05 0.0114207 0.00340474 0.0634569 4.78482e-08 0.0112905 0.30878 0.000278125 0.0474911 8.05075e-10 0.0319603 0.116535 0.0503195 0.00281739 0.0448518 0.00128542 5.629e-07 0.0341047 0.0430759 0.175557 0.0380416 0.00447852 3.63336e-06 4.55072e-06 4.72907e-05 0.0068098 3.12807e-06 
0.0414699 0.000852136 0.0393373 0.00684136 0.017103 0.103921 0.000126615 0.00852828 0.369729 0.000284234 0.0138263 0.000806657 0.022538 0.147148 0.00149928 0.00561351 0.044371 0.0014559 0.00655625 0.0494145 0.00632712 0.0185986 0.0197351 0.0180968 8.34146e-05 0.000558282 0.00121595 0.041449 0.0125132 
0.0346624 0.0138824 0.0215153 0.0378368 0.0425422 0.063079 0.00014243 0.00436259 0.306383 0.00113181 0.0266299 0.00220472 0.0128828 0.0738342 0.0188177 0.0520319 0.00987156 0.0300796 0.0140335 0.0485348 0.0765159 0.0410514 0.0420288 0.0150228 9.42867e-06 0.00022364 0.0036469 0.00340385 0.0036389 
0.00920732 0.000255766 0.0643894 0.0326548 0.0297152 0.014548 0.000130153 0.000324343 0.520653 1.30831e-05 0.0559087 1.62924e-06 0.00897176 0.0106873 5.64261e-05 0.00188939 0.158296 0.0059164 0.0219393 0.00588193 0.0130964 0.0100394 0.0322306 0.00121401 7.06326e-08 0.00170633 5.83673e-05 0.000215043 8.39796e-08 
0.0394917 0.00308381 0.0171681 0.0183868 0.104548 0.12092 0.000142704 0.000283547 0.13646 9.28918e-06 0.124105 0.00537517 0.054408 0.0224775 0.000109168 0.0264521 0.0383938 0.000459348 0.0119112 0.0545454 0.00161319 0.129259 0.0491615 0.00343407 2.55407e-07 4.53202e-05 0.000834481 0.0102052 0.0267173 
1.04008e-06 1.64091e-10 0.00233575 0.0112187 2.49857e-05 0.0537083 1.27879e-10 0.000338106 0.429084 2.05678e-10 0.0113493 1.82131e-10 0.0574629 0.00171457 8.83554e-11 6.37547e-11 0.0171972 0.000631172 4.89808e-09 0.0468526 0.00134378 3.49056e-08 0.00157814 3.1869e-07 1.75437e-10 2.08561e-10 1.41109e-08 0.365159 7.91933e-11 
0.00185574 0.000412177 0.00597039 0.00565465 0.0334349 0.0340762 2.25808e-05 0.00277865 0.503341 0.000109423 0.0148086 1.41991e-05 0.10226 0.0535112 0.00310997 0.0011135 0.00784816 0.000141929 0.00203293 0.16396 0.000493316 0.0554171 0.00357004 1.37717e-05 1.58281e-07 5.47833e-05 3.49772e-05 0.00326332 0.000696033 
0.0043228 4.80814e-05 0.048253 0.0030224 0.00841298 0.0243144 1.18435e-05 7.80759e-05 0.764038 0.000688047 0.00322964 1.88101e-05 0.0222075 0.0461928 0.00134659 0.0135214 0.0214211 0.00057692 0.00533991 0.00441956 0.0011569 0.00317856 0.00487152 0.00793607 2.99016e-06 8.71527e-06 8.80257e-05 0.009813 0.00148007 
0.0370701 0.00123608 0.0493547 0.0108608 0.034707 0.0692556 9.50416e-06 0.00697325 0.365807 0.000333362 0.0206447 0.000146317 0.0148974 0.116008 0.0216604 0.0120089 0.0621392 0.000128301 0.00241849 0.0416369 0.000382306 0.0496966 0.0503144 0.0056176 6.2899e-07 1.3491e-06 0.0119797 0.00582866 0.00888273 
0.000761324 0.000180457 0.103545 0.00725956 0.00291736 0.0303684 6.73482e-05 0.000238894 0.356836 1.39905e-05 0.0154113 1.21283e-05 0.0256543 0.0453016 0.00637675 0.00195113 0.300606 0.00328437 6.70966e-06 0.00939055 0.0385921 0.00119559 0.0396954 5.80362e-05 3.19135e-09 9.99631e-07 9.60784e-06 0.0102529 1.13805e-05 
0.000672149 2.73214e-12 0.000196249 0.00169695 0.00883287 0.00482756 2.29006e-07 0.000123672 0.956997 5.78535e-06 0.00447858 5.82392e-08 0.00275028 0.00197809 6.03552e-05 0.000218365 0.000951011 3.50282e-05 0.000717958 0.000108874 0.000203094 0.00450389 0.00412315 4.21012e-05 3.34001e-09 8.56298e-06 5.28649e-06 0.00645566 6.90794e-06 
4.16805e-07 4.16198e-07 0.0810732 0.00887859 4.16805e-07 0.0398111 0.00391415 4.16688e-07 0.395186 4.16017e-07 0.00483561 0.0034542 0.0297974 0.0316781 4.16527e-07 4.16633e-07 0.0716497 4.16614e-07 0.00941759 0.00325139 0.00816867 0.0030427 0.0102129 0.277538 4.16148e-07 0.00041642 4.16784e-07 0.0176696 4.16566e-07 
0.0118584 3.18353e-07 0.0153318 0.0163833 0.0162054 0.116487 2.35269e-07 0.000406962 0.426204 4.11372e-05 5.58275e-05 0.00184972 0.00824056 0.0219804 0.00096364 0.00230023 0.219516 0.00316618 0.000802794 0.0228056 4.17675e-06 2.43304e-06 0.0457065 3.26192e-08 1.11249e-10 1.32253e-10 2.07522e-06 0.0692653 0.000421187 
6.14416e-07 1.50968e-10 0.000726194 4.89143e-05 3.33868e-05 2.97098e-08 3.26434e-07 2.20798e-07 0.966593 1.8923e-10 0.00112869 1.67566e-10 2.52911e-07 0.00291987 8.12894e-11 0.00711771 0.00224582 6.24081e-11 4.28356e-08 3.87122e-05 0.000262583 0.00072835 1.55826e-07 3.37662e-05 1.61407e-10 1.91882e-10 2.11555e-08 0.00135442 0.0167673 
0.0232553 1.42989e-06 0.000680378 0.0118665 0.0070811 0.0165299 2.17081e-07 0.000435332 0.893933 7.97261e-05 0.00544037 9.04987e-08 0.00353585 0.0134892 4.03176e-05 0.000144178 0.00464638 0.000309983 0.000472498 0.000515609 0.000537392 0.00760054 0.00270162 0.00125427 0.000558481 6.10909e-06 3.64155e-06 0.00484667 3.42919e-05 
0.0256485 7.37322e-05 0.0383788 0.000439651 0.00717966 0.0571163 7.57118e-08 0.00255376 0.515431 7.60314e-06 0.0157647 5.02007e-05 0.00474184 0.0439919 0.0258695 0.0131476 0.0246925 0.00522875 0.000722435 0.0338221 0.0892047 0.000633989 0.0939018 3.12046e-05 3.92957e-08 5.89214e-06 1.67698e-05 0.00122774 0.000116786 
0.0136606 6.76356e-06 0.0266136 0.00694452 0.000904322 0.000451523 3.24415e-06 0.0160788 0.785155 1.29174e-05 0.00632881 0.0224369 0.0429299 0.00354357 0.000686901 0.00128245 0.00412171 1.91931e-05 0.000325603 0.000811199 0.00104294 0.0241467 0.000907946 0.000236616 5.26416e-10 6.25807e-10 1.14323e-05 0.0412885 4.87218e-05 
0.0154747 0.000250159 7.00914e-05 0.0118825 0.00898494 0.151786 0.000480936 0.0676334 0.19908 3.95836e-07 0.0539201 4.01775e-06 0.0017996 0.0288027 0.000210898 0.000465082 0.162814 0.0049421 0.0104598 0.0936011 0.0307711 0.118639 0.015327 0.00574889 6.20344e-08 6.70871e-05 2.88525e-05 0.00188366 0.0148719 
0.0458975 8.46317e-06 0.00582371 0.000902158 0.043367 0.0514168 3.02423e-06 0.00375323 0.459157 1.45086e-05 0.0285788 1.08837e-08 0.15296 0.0172309 0.00225102 0.00354864 0.0229023 0.00314654 0.000615487 0.0675766 0.0431993 0.00172399 0.0327544 0.00174795 1.04837e-08 3.38436e-06 2.0489e-05 0.0108738 0.000523111 
0.00120978 2.65602e-06 0.00569563 0.0068365 0.0442148 0.00477565 1.85185e-06 0.00428443 0.440977 5.04971e-06 0.0849884 3.36413e-09 0.0135231 0.000899153 1.03474e-06 2.25528e-05 0.0815368 5.86795e-05 0.000537114 0.0019162 0.000378111 0.27447 0.0037072 0.000209446 3.95761e-06 2.67197e-08 1.45439e-08 0.0297446 1.62502e-07 
0.0165035 4.91405e-06 0.0928646 0.0265952 0.00834502 0.0531132 2.94209e-07 0.000588476 0.667034 0.000187224 0.0017835 0.00757018 0.0293057 0.00871608 2.80355e-05 0.00398733 0.016163 6.42683e-05 0.00322873 0.0103971 0.00128332 0.00858214 0.00200614 8.19898e-05 6.59542e-05 0.000431934 1.82979e-06 0.0102011 0.030865 
0.0181122 0.00305459 0.058184 0.00930952 0.0253489 0.0698587 0.00238346 0.00272801 0.360241 5.26691e-05 0.0157777 0.00153938 0.205197 0.016158 0.00103395 0.00438603 0.0260015 0.00320678 0.00668389 0.031886 0.00917226 0.0145254 0.0210157 0.0100536 0.000183772 0.000528944 0.00241794 0.0755196 0.00543977 
0.014192 0.00112255 0.0706454 0.000922163 0.00152309 0.0142426 6.50467e-09 6.78441e-07 0.722291 6.97505e-08 0.0252132 3.41735e-08 0.000258277 0.0226739 0.00102775 0.000169936 0.00667523 3.2281e-08 0.000155319 0.0177046 2.3425e-07 5.24627e-07 0.000504645 0.0210418 4.33701e-10 5.15587e-10 0.000308305 0.0675036 0.0118235 
0.0268287 0.0229365 0.0205522 0.0194687 0.0151503 0.11188 0.0173625 0.00111126 0.363281 0.000416324 0.0145785 0.000207863 0.0178743 0.0619456 0.00689066 0.00868676 0.168369 0.00139288 0.0132435 0.0153225 5.33871e-05 0.0402771 0.0210064 0.00058213 0.000202078 1.71879e-06 0.0108637 0.0170227 0.00249192 
0.0235849 0.00643079 0.0686633 0.0182475 0.0216873 0.0247796 0.000323001 0.00659329 0.399602 0.00192884 0.0251752 0.000761485 0.0801159 0.00871337 0.000392219 0.00290191 0.0349954 0.00167355 0.0026704 0.014393 0.00352107 0.0319789 0.0123938 0.114051 0.00219922 0.00152867 0.00168275 0.0829221 0.00608974 
0.0194751 0.000153853 0.0380623 0.00809787 0.0101587 0.148037 0.000443401 0.0098105 0.23155 0.00241677 0.020045 0.000291387 0.0353901 0.208586 0.000886641 0.0586529 0.106863 0.00727259 0.00963967 0.00982717 0.0125269 0.00518606 0.040285 0.00272414 0.00053851 0.000646836 0.000178197 0.0103472 0.00190652 
0.00155858 1.35093e-05 0.00459643 0.000173156 7.16825e-07 0.0137965 1.01399e-10 0.00713551 0.793216 0.000452435 0.148771 1.44417e-10 1.83983e-06 0.00422379 1.73661e-09 6.01774e-08 0.00240887 0.00135967 1.03098e-05 0.000626926 0.0193961 0.000989306 0.000620534 0.000317837 8.45104e-09 9.60252e-08 1.69863e-07 0.000330979 6.27947e-11 
0.0366265 0.00181132 0.0558954 0.0112852 0.0139974 0.0566989 4.10268e-05 0.0149628 0.567744 2.99396e-05 0.0545845 0.000553518 0.0265515 0.0217042 0.00278306 0.00323675 0.0383325 0.00268211 0.00978278 0.0233518 0.0101536 0.00692993 0.0165678 0.00187757 0.00185779 2.17388e-05 7.96814e-05 0.0170255 0.00283029 
0.00760877 2.90425e-05 0.0523784 0.000886254 0.00767791 0.128154 3.68627e-06 9.3931e-06 0.467527 9.30523e-05 0.00706922 3.13127e-05 0.134609 0.00858633 0.000404533 0.00525116 0.100783 9.75777e-05 8.28663e-05 0.0121434 0.00286253 0.0124536 0.0021353 0.000152338 2.68226e-08 9.9866e-07 1.56639e-05 0.0383333 0.01062 
0.000672149 2.73214e-12 0.000196249 0.00169695 0.00883287 0.00482756 2.29006e-07 0.000123672 0.956997 5.78535e-06 0.00447858 5.82392e-08 0.00275028 0.00197809 6.03552e-05 0.000218365 0.000951011 3.50282e-05 0.000717958 0.000108874 0.000203094 0.00450389 0.00412315 4.21012e-05 3.34001e-09 8.56298e-06 5.28649e-06 0.00645566 6.90794e-06 
0.0322786 0.00128278 0.0599303 0.00685956 0.0648371 0.127529 4.78486e-05 0.00331741 0.338404 1.94565e-06 0.0258654 1.76676e-07 0.0893123 0.0641511 9.98531e-05 0.0033382 0.0475369 0.0021219 0.00157947 0.00849291 0.00591369 0.0659328 0.00907747 0.000100345 1.50258e-06 0.000113986 5.93952e-05 0.0367936 0.00502018 
0.00178729 0.00250493 0.0217967 0.00391841 0.0150872 0.0445196 2.19575e-06 0.00081871 0.720555 2.08631e-05 0.0155575 7.85014e-07 0.0129294 0.0276323 0.000416213 0.000992947 0.023813 0.000475356 0.00279966 0.00320108 0.00137561 0.00889566 0.0104074 0.000102821 1.47036e-07 8.39087e-05 6.34941e-05 0.0761838 0.00405796 
0.00270495 5.35728e-07 0.0461586 0.0211015 0.0160126 0.137883 1.69708e-06 0.0080559 0.416252 1.05316e-05 0.0136775 0.000367068 0.0797356 0.00326051 0.000276041 0.000212094 0.137091 0.000260497 0.000309309 0.0172058 0.00690909 0.0585615 0.0266836 0.000235072 0.000721391 2.37427e-05 1.01562e-05 0.00446603 0.00181252 
0.0210369 0.000539075 0.0545347 0.0250644 0.0177621 0.0796465 5.6783e-05 0.0156511 0.220126 0.000310314 0.0789854 3.57957e-06 0.00922678 0.069433 0.0170125 0.00414693 0.0712261 0.00603418 0.00667522 0.0263892 0.107991 0.00396428 0.142002 0.00132203 1.1306e-08 0.00421255 0.000381368 0.0103715 0.00589375 
0.0121435 1.18839e-05 0.00153996 0.0218033 0.0230022 0.00668296 1.76112e-06 0.011283 0.66318 5.20225e-08 0.00109794 0.000279913 0.0518528 0.0526841 0.00310664 2.35793e-05 0.0731658 0.000178063 0.000632305 0.00352341 0.00889428 0.0394937 0.0109497 0.000293177 7.07318e-10 5.25263e-05 5.96023e-05 0.0140639 3.19287e-10 
0.0527717 0.00360721 0.0049723 0.000862477 0.00642581 0.0118836 4.00483e-05 0.000272336 0.76787 0.00266696 0.00701259 3.30002e-07 0.00444099 0.0617335 3.33636e-05 0.000732512 0.00972867 0.00296816 0.00908418 0.00568835 0.000645984 0.00165885 0.0149214 2.16138e-05 1.95677e-06 0.000352123 1.27473e-05 0.0234236 0.00616624 
0.0025277 9.28371e-06 0.0302758 0.0115354 0.0107035 0.0376608 2.23034e-06 0.0049981 0.75958 5.46009e-06 0.0100981 1.79918e-05 0.00774308 0.0152822 0.00055231 0.000764667 0.0123269 0.000478213 0.000963734 0.00843796 0.00571385 0.00357262 0.00810676 0.0130293 1.72503e-06 1.17858e-06 9.16291e-05 0.0431473 0.0123725 
0.0115464 0.000292365 0.0107905 0.0601015 0.0674956 0.0928654 5.04986e-05 0.0285566 0.192204 0.0198281 0.0383673 8.0456e-06 0.0431657 0.0777738 0.00935806 0.00956311 0.0540894 0.00231433 0.000793138 0.0399261 0.0750227 0.0507208 0.0910223 0.000524648 2.29758e-11 0.000130618 2.46812e-05 0.00993604 0.0135285 
0.0184461 9.03007e-05 0.0038492 0.00975827 0.0359021 0.0299135 2.49515e-05 0.00920043 0.226185 0.000213723 0.0748413 0.000288088 0.036607 0.00139469 0.00101075 0.00161346 0.0534857 0.000660005 0.0215412 0.0412796 0.00671282 0.15279 0.00554401 0.00641418 8.18136e-06 2.6492e-05 0.00593946 0.100689 0.15557 
0.0360016 0.0273098 6.33335e-05 0.00167008 0.000649422 1.7658e-05 8.02827e-06 0.000563342 0.517582 0.00156697 0.0033628 4.61176e-07 6.79682e-05 0.0925645 0.0715935 0.0474931 0.011078 0.0138269 0.0470418 0.000167628 0.00055262 0.0180863 0.0864972 1.82679e-06 4.44226e-07 0.0005155 0.000180308 0.0215369 2.00526e-07 
0.043296 0.000168025 0.000651366 0.0639938 0.0255765 0.0361085 3.11697e-05 0.00868294 0.30244 0.00044226 0.000975884 2.63158e-05 0.00920553 0.252903 0.00508929 0.00121765 0.0761438 0.0320967 0.00258264 0.032378 0.00845999 0.0138321 0.0438249 0.000965321 1.15409e-10 0.00148455 0.0361709 0.00108265 0.000169808 
0.0353501 4.0146e-05 0.0773432 0.0011979 0.0250392 0.0158366 4.62074e-05 0.00115774 0.624775 0.000350329 0.0463623 0.00945461 0.00682037 0.00379412 0.00134059 0.00574171 0.0117512 0.000385047 0.00282173 0.00285348 0.0034486 0.00176944 0.0227542 0.0476233 8.97091e-08 5.40637e-05 0.00282167 0.0442396 0.00482776 
0.00827911 0.000491437 0.0975296 0.00175451 0.0404802 0.0243953 7.41022e-07 0.000196835 0.356673 8.16194e-05 0.00891972 0.000101707 0.00132219 0.0222158 2.56777e-05 0.00159483 0.00790862 2.45442e-05 0.000140441 0.095519 0.00373752 0.000720139 0.00308816 0.00384047 4.35143e-11 4.5937e-07 2.69919e-06 0.281104 0.0398517 
0.0228879 9.67382e-10 0.00104642 0.06401 0.0469171 0.0193434 3.26617e-08 0.0166034 0.231189 8.02469e-05 0.00638399 0.000322163 0.061088 0.0575562 0.00456991 0.00176789 0.198584 0.00122992 0.0832613 0.00952177 0.000588281 0.0711053 0.0862353 0.00728088 0.00282647 2.51071e-07 3.35777e-05 0.00556738 4.95304e-08 
