0.478736 0.0035143 0.00032577 0.129227 0.0286238 0.0316213 0.0278508 9.82871e-09 0.000100251 0.0732487 3.70625e-10 3.86659e-05 0.0106227 0.00542468 0.0631425 0.0116747 0.0252394 0.000382117 0.0725026 0.000819698 2.14817e-06 0.00841933 0.00583242 0.0223293 0.000321729 
0.762323 0.000595306 9.48028e-05 0.00243947 0.00611628 0.0186235 0.000629826 5.44615e-10 1.85526e-06 0.0219322 2.62046e-05 1.95669e-07 2.52565e-07 0.000117827 0.00109035 0.00337621 7.47666e-05 4.97087e-07 0.0360813 2.67833e-05 5.0503e-10 0.123208 0.011536 0.011704 1.65475e-06 
0.552638 0.00664355 2.67599e-05 0.0156279 0.023859 0.040241 0.0468353 0.00771214 0.000517829 0.0264243 0.000580158 0.00263899 0.000949367 0.00286314 0.041588 0.0125848 0.00176494 0.00221456 0.14294 0.00348098 4.32998e-05 0.0275954 0.0187082 0.0205094 0.00101296 
0.453042 0.0016547 1.52736e-05 0.00222774 0.00718222 0.00944437 0.0105344 1.21606e-05 1.52292e-06 0.149215 0.000916172 0.000961507 0.00252087 0.03286 0.0112793 0.118253 0.0841528 0.00334987 0.0129151 0.00219485 1.95541e-07 0.0282646 0.0040847 0.0648383 7.98432e-05 
0.315899 0.0296656 0.00068551 0.00515806 0.0409314 0.0726248 0.00654381 2.25375e-07 8.5185e-06 0.0495113 5.82764e-05 0.0654212 9.6146e-05 0.0146876 0.162033 0.0059374 0.00667645 0.00107623 0.0883037 0.0019902 9.98826e-07 0.0210704 0.0626849 0.0468191 0.00211601 
0.382464 0.0025661 4.88459e-07 1.27633e-06 2.24838e-07 0.00312957 0.019857 3.93437e-09 1.2447e-05 0.0652308 0.000140824 0.000531574 2.56382e-05 0.022443 0.0238245 0.00438426 0.0402383 0.00358402 0.0136217 0.00922573 3.64841e-09 0.0207212 0.031332 0.355502 0.00116323 
0.463066 0.000396406 1.5309e-07 0.00577992 0.0126747 0.00331732 8.02394e-05 2.82091e-05 0.00294856 0.0222484 7.85006e-06 0.000189721 0.000199269 0.0024031 0.0227067 0.0503997 0.0671964 0.0227092 0.0792912 0.000218942 9.98607e-05 0.0931849 0.0804326 0.0141119 0.0563085 
0.741948 0.00633489 0.000213013 0.003205 0.0994343 0.00869992 0.000310453 0.00223598 1.78453e-06 0.0190292 6.41775e-06 0.00110241 9.10811e-05 0.00544703 0.0381281 0.0211768 0.00241149 0.000147297 0.0125721 0.000804166 2.6287e-06 0.00628494 0.00663588 0.0204638 0.0033135 
0.465441 0.00250289 0.000304187 0.00802699 0.0258013 0.0526605 0.00878346 8.68335e-09 5.11197e-06 0.0992692 5.83381e-09 0.000388025 0.000473009 0.0193847 0.0920006 0.0577285 0.00150237 3.27764e-05 0.0608629 0.000226683 1.88485e-06 0.0374216 0.0341712 0.0325965 0.000414972 
0.271501 0.00239277 3.22498e-06 0.0319226 0.0346027 0.0668472 0.019923 3.34661e-06 0.000372805 0.130121 1.2675e-05 0.000200917 0.00261541 0.0270016 0.0568559 0.00704892 0.139777 0.000363255 0.0150927 0.00018639 4.87114e-06 0.0536855 0.00706857 0.0124939 0.119903 
0.441708 0.00427839 0.000623822 0.0288054 0.0227697 0.0410202 0.00385526 8.41961e-06 2.38836e-05 0.0431695 4.76138e-07 0.00816007 2.34679e-05 0.0107673 0.134196 0.0146751 0.00104066 0.000332629 0.0722376 0.00397827 5.18037e-06 0.0164588 0.128564 0.023079 0.000218997 
0.616142 0.00413807 0.000207945 0.00723029 0.0259012 0.0259739 0.0158904 0.000110068 0.00035747 0.0360555 0.00444616 0.00115728 0.000105854 0.00703357 0.0228966 0.0188947 0.00504813 0.00299359 0.0761496 0.0014961 0.000957245 0.0770303 0.0221683 0.0272792 0.000335951 
0.478736 0.0035143 0.00032577 0.129227 0.0286238 0.0316213 0.0278508 9.82871e-09 0.000100251 0.0732487 3.70625e-10 3.86659e-05 0.0106227 0.00542468 0.0631425 0.0116747 0.0252394 0.000382117 0.0725026 0.000819698 2.14817e-06 0.00841933 0.00583242 0.0223293 0.000321729 
0.600906 4.40177e-05 4.48673e-05 0.0108731 5.91777e-05 0.00785788 0.00131915 1.54226e-06 0.00878502 0.0188447 4.48507e-07 0.00369079 2.1477e-05 0.00313708 0.0185167 0.00203422 0.0236854 0.0079228 0.0443917 0.187452 2.08309e-06 0.0405815 0.000526821 0.0192878 1.41404e-05 
0.545893 0.00250302 2.31315e-05 0.0253793 0.201984 0.0125438 0.00574262 1.59398e-07 2.09725e-05 0.0420649 2.96475e-06 0.0136902 0.000104166 0.00186185 0.027476 0.0249715 0.0204364 0.00044734 0.0180462 0.00166068 3.04418e-07 0.00921092 0.0172583 0.0189863 0.009692 
0.762323 0.000595306 9.48028e-05 0.00243947 0.00611628 0.0186235 0.000629826 5.44615e-10 1.85526e-06 0.0219322 2.62046e-05 1.95669e-07 2.52565e-07 0.000117827 0.00109035 0.00337621 7.47666e-05 4.97087e-07 0.0360813 2.67833e-05 5.0503e-10 0.123208 0.011536 0.011704 1.65475e-06 
0.48364 7.76675e-05 8.70863e-08 0.000275181 0.0816326 0.0568281 0.0029758 4.5518e-06 0.000131418 0.100998 4.35899e-05 0.00117141 2.06883e-05 0.00467071 0.0289132 0.0532796 0.00115968 0.00100885 0.114118 0.00026278 4.58732e-10 0.00260325 0.0565298 0.00663826 0.0030156 
0.417781 0.00397799 0.00102718 0.0028935 0.0098315 0.0117648 0.0289127 9.59365e-06 1.7494e-05 0.0772527 0.00717929 0.000611278 2.34379e-05 0.0338483 0.0312399 0.0445229 0.0102912 0.00185728 0.0936213 0.00296114 0.000559787 0.140255 0.0215409 0.0544244 0.00359583 
0.269062 0.0018914 1.01459e-05 0.0179501 0.0114773 0.0592788 0.000188939 0.0271081 0.00226023 0.0761607 8.02133e-10 8.99986e-05 2.11405e-05 0.00819005 0.0708075 0.000549169 0.0894435 0.0135723 0.0888164 0.000361677 0.00954185 0.0915564 0.148298 0.013341 2.34832e-05 
0.999842 1.63599e-07 9.39857e-06 0.000118602 9.78221e-12 1.71764e-12 7.2748e-12 3.09594e-11 4.70004e-09 3.19198e-12 3.97748e-11 1.17395e-07 2.77181e-11 5.13239e-12 2.60659e-08 4.71598e-12 3.56299e-10 1.15261e-11 4.35966e-12 1.11201e-11 2.87091e-11 5.66633e-12 8.03505e-12 2.9324e-05 1.83828e-11 
0.279266 0.000842784 0.0392122 0.00229728 0.0119394 0.0249631 0.000567499 0.00101956 3.01357e-05 0.220113 0.000375056 5.12294e-06 0.000316109 0.00549037 0.0174008 0.0283095 0.0521754 0.00263426 0.120866 0.00043623 0.0286419 0.135362 0.00667388 0.0210618 5.96096e-09 
0.246652 0.00408519 0.000332922 0.011425 0.034649 0.063447 0.050713 8.39794e-10 0.00138669 0.124181 2.34904e-07 0.0046456 0.000570278 0.0123137 0.0544173 0.0100715 0.0253538 0.00118674 0.0778397 0.000381144 1.75943e-05 0.111421 0.116302 0.0484185 0.000188752 
0.655529 0.00204162 4.3228e-05 0.0564091 0.0302387 0.0100697 0.00302158 2.12433e-10 1.82787e-05 0.00274206 6.1048e-09 0.0173624 0.000105449 0.00088933 0.178596 0.000927569 0.000383146 2.81346e-05 0.0113904 0.000177184 1.03051e-06 0.00992742 0.0147313 0.00496888 0.00039869 
0.565283 0.00427478 0.00179675 0.0170845 0.00955681 0.0402596 0.00636138 2.17764e-07 4.12329e-05 0.0145232 0.000381025 0.0186272 0.000192012 0.0242221 0.0516383 0.00614021 0.0432327 0.00650893 0.0147223 0.00184164 1.33704e-05 0.0609522 0.0397769 0.06702 0.00554961 
0.300207 0.00235867 7.97714e-05 0.00738937 0.104439 0.0433397 0.0009605 7.2756e-08 2.43633e-11 0.014766 1.65149e-10 5.00764e-08 9.31261e-05 0.00209487 0.118505 0.0760765 0.00128253 0.0207531 0.151914 0.000632966 1.19203e-10 0.033946 0.120215 0.000897228 4.88948e-05 
0.665665 4.31188e-07 2.70673e-07 1.6997e-06 0.0906391 0.00896514 1.19606e-06 2.38613e-09 1.72211e-05 0.0610254 3.06556e-09 2.08032e-07 5.01979e-06 0.0463039 0.0107547 0.0154063 0.00303287 1.28831e-06 0.0165586 1.38105e-06 8.86818e-07 0.00639364 0.0273959 0.00106047 0.0467699 
0.557317 1.02628e-05 0.000596697 0.00154192 0.000263591 0.00419086 0.00420014 1.65345e-08 0.000179899 0.0116581 5.20549e-06 1.18253e-06 4.12328e-06 0.00120035 0.000342102 0.00169864 0.000705279 0.000902854 0.00152916 4.39682e-08 3.09674e-09 0.412769 0.000673518 0.000204568 5.72874e-06 
0.636087 0.00103551 2.149e-05 0.0414555 0.0432899 0.0200195 0.00327099 1.23489e-06 4.41038e-05 0.00279192 4.65437e-10 0.00670067 0.000523277 0.00184911 0.059284 0.00482696 0.00331481 0.0136192 0.0173629 0.000299299 9.63301e-05 0.00393491 0.120795 0.019278 9.88837e-05 
0.432868 0.0485362 0.000974421 0.00581973 0.0146327 0.0316806 0.00924061 8.61969e-05 0.012074 0.0270842 1.66238e-05 0.00970163 3.18202e-05 0.00885475 0.297986 0.0115039 0.0201772 0.000821355 0.00812439 0.00153417 3.1089e-05 0.0156566 0.00404158 0.0369869 0.0015355 
0.466651 0.00340476 0.00148738 0.0031787 0.0176244 0.0392465 0.0241308 8.15941e-05 3.04916e-06 0.0492324 3.05551e-09 0.00114685 0.00127937 0.00883057 0.0297546 0.0403316 0.00161802 0.00108304 0.0735931 0.000191208 3.62764e-06 0.139459 0.0790317 0.018386 0.000250362 
0.541444 0.000172093 0.00084798 0.000812265 0.00107383 0.0373535 0.00319892 6.34083e-07 9.2778e-07 0.162313 9.736e-09 0.000152553 2.05873e-05 0.0164328 0.113441 0.000597635 0.000284202 0.000389005 0.0287709 0.000537562 5.68519e-07 0.0646517 0.00134032 0.0261512 1.18529e-05 
0.638111 0.0566821 0.0872152 0.00218668 3.1351e-05 0.0155857 0.00267387 5.29641e-06 4.90853e-08 0.00305964 6.29869e-06 0.0510897 6.30157e-05 0.0149578 0.0459926 0.00379931 0.0136826 0.00317766 0.00185219 0.0029969 1.89421e-06 0.000793996 0.00533023 0.0504301 0.000274928 
0.381837 0.0115074 5.48582e-05 0.0052312 0.0258977 0.102853 0.0125161 1.25594e-05 2.61982e-05 0.0370512 1.67853e-08 0.00172689 0.00011571 0.00264709 0.0249911 0.0210562 0.0543878 0.00878885 0.0889961 0.00123422 5.47193e-06 0.0274761 0.168778 0.0162131 0.00659592 
0.1968 0.0066215 1.71439e-07 0.0030789 0.00119733 0.0335076 0.00203966 0.00151653 9.03524e-08 0.123703 1.22638e-05 0.000951656 0.000379091 0.0178475 0.0309386 0.193648 0.0148892 0.0188355 0.0895563 0.000570284 4.1393e-05 0.0381658 0.0760199 0.146541 0.00313804 
0.478736 0.0035143 0.00032577 0.129227 0.0286238 0.0316213 0.0278508 9.82871e-09 0.000100251 0.0732487 3.70625e-10 3.86659e-05 0.0106227 0.00542468 0.0631425 0.0116747 0.0252394 0.000382117 0.0725026 0.000819698 2.14817e-06 0.00841933 0.00583242 0.0223293 0.000321729 
0.687559 0.00141001 3.5531e-05 0.0360237 0.0244285 0.0281815 0.0020118 3.34881e-10 1.97637e-05 0.00584431 6.33426e-07 0.0152448 8.98825e-05 0.00122155 0.149046 0.00315138 0.000729783 4.87046e-05 0.0114102 0.000228512 8.79895e-07 0.0123048 0.0157567 0.00494554 0.00030607 
0.905618 0.000435655 2.23872e-06 0.00207363 0.0076534 0.00426642 0.00556612 9.79985e-05 3.13603e-05 0.0184714 5.84059e-09 0.000271247 1.11232e-05 0.00476007 0.00913028 0.00107101 0.0264211 0.000687183 0.00409605 2.30546e-05 3.56871e-05 0.00573985 0.000522361 0.00290991 0.000104753 
0.930113 7.08532e-06 0.000660865 0.000899863 2.07438e-05 0.00160032 0.000524127 2.59276e-08 5.95664e-09 0.00558721 5.6154e-08 3.82997e-08 4.27972e-08 0.000590774 5.15577e-05 0.0012192 0.000672588 0.000516673 0.00032159 9.96918e-10 6.75871e-10 0.0567461 0.000151791 0.000312284 3.68724e-06 
0.966334 1.09928e-05 8.63427e-06 2.52744e-09 5.77163e-06 4.79311e-07 2.83403e-09 1.94879e-06 2.28587e-09 5.5097e-06 0.0126879 2.13733e-06 1.07981e-08 0.0118093 4.35414e-06 0.00502095 0.00354308 4.4902e-09 4.51583e-06 4.33205e-09 1.11841e-08 0.000537364 1.97946e-06 2.08448e-05 7.16137e-09 
0.654921 0.00232541 0.000260193 0.0220645 0.00302736 0.00234041 0.00370793 0.00303004 3.83726e-07 0.0319653 9.92396e-09 0.00102925 0.000521847 0.0219347 0.024673 0.0125042 0.0706194 8.22651e-05 0.00514365 0.000682385 5.51251e-07 0.0682386 0.000135068 0.0704871 0.000305282 
0.800914 0.128548 1.95034e-09 0.00128717 0.000813186 0.00676049 0.000461578 1.75262e-09 1.84056e-05 0.000627861 2.25166e-09 0.000823947 0.000748774 0.007382 0.00531537 0.0108209 0.0143055 0.00142712 0.0031831 0.00233999 7.64742e-06 0.000568805 0.00405738 0.00920184 0.000387257 
0.4324 0.0182088 5.64975e-05 0.0242085 0.00920532 0.0318952 0.0230361 0.00420006 0.00534792 0.118726 5.58181e-08 0.000105839 0.000152128 0.0313142 0.170668 0.0072763 0.0219431 0.02852 0.0139778 0.000975208 0.000137084 0.0168542 0.00344627 0.0369837 0.000362726 
0.677358 0.000399295 5.39719e-06 0.00799517 0.00400181 0.0241425 0.0268288 3.14289e-07 3.05923e-06 0.0299891 2.79796e-07 1.89242e-05 0.00163346 0.111444 0.0147297 0.000534612 0.0570587 0.000164127 0.0202286 0.000863556 4.49751e-06 0.00214256 0.00591971 0.0139349 0.000599039 
0.270224 0.0119942 8.99391e-06 0.0263357 0.0146424 0.154129 0.0242317 1.23944e-05 4.08138e-05 0.145804 1.76995e-05 9.2029e-06 1.25462e-05 0.00267324 0.0328426 0.00296625 0.00945726 0.00317374 0.0909242 0.0036314 3.3621e-09 0.0221179 0.042205 0.142535 1.03593e-05 
0.426443 0.00393817 0.000173945 0.00317532 0.0367941 0.0570059 0.0134568 4.28344e-07 1.05032e-05 0.108077 1.24228e-09 0.000231489 7.82129e-05 0.00291392 0.0184786 0.00508448 0.162591 0.000554323 0.0429658 0.000726402 9.99485e-05 0.0601371 0.0327762 0.0241964 9.02304e-05 
0.478736 0.0035143 0.00032577 0.129227 0.0286238 0.0316213 0.0278508 9.82871e-09 0.000100251 0.0732487 3.70625e-10 3.86659e-05 0.0106227 0.00542468 0.0631425 0.0116747 0.0252394 0.000382117 0.0725026 0.000819698 2.14817e-06 0.00841933 0.00583242 0.0223293 0.000321729 
0.368367 0.00372605 6.19741e-05 0.00334247 0.074391 0.00667449 0.028227 7.89315e-05 1.68301e-05 0.0140222 0.00714653 0.00169755 0.00715697 0.00193527 0.0456405 0.0735693 0.00941022 0.00293735 0.107661 0.00211309 1.33522e-06 0.170055 0.000693241 0.0696544 0.00142075 
0.595173 0.00538233 6.75589e-07 0.00228893 0.0172896 0.0165682 0.0148889 1.40152e-05 1.26825e-06 0.0701452 2.25991e-09 0.000115239 1.09361e-05 0.0026526 0.023598 0.0275239 0.0011581 0.000579103 0.035434 0.000362959 6.40523e-07 0.0221163 0.160696 0.00372369 0.000276506 
0.365413 0.00494299 0.0205119 0.0142239 0.122736 0.0545302 0.0237738 2.17822e-05 0.00280002 0.0504486 0.00695861 0.00497451 0.000442342 0.0512364 0.0449371 0.0116326 0.0567618 0.014303 0.0319492 0.000611979 5.39377e-05 0.0208711 0.0530129 0.0423666 0.00048605 
0.335504 0.000862706 5.33793e-05 0.000670014 0.015844 0.0979985 0.000965354 9.07332e-07 5.45791e-06 0.0644037 0.00881234 9.03094e-07 0.000135014 0.0395443 0.0753476 0.236719 0.0321301 0.000383846 0.026502 0.00090796 2.37245e-06 0.0161001 0.0203364 0.0239957 0.00277465 
0.319025 0.00201816 5.00876e-05 0.0392851 0.0463541 0.0552238 0.0728555 0.00165327 0.000154795 0.0360212 0.000145233 0.00233965 0.000313475 0.00224025 0.08055 0.0185313 0.0035385 0.000832685 0.209445 0.0293341 6.60896e-05 0.0272457 0.029004 0.0217834 0.00198972 
0.811614 5.84857e-06 1.25694e-05 4.13261e-07 9.93081e-05 1.09411e-07 4.63392e-07 0.00304684 3.73763e-07 0.116551 2.53358e-06 2.94392e-07 1.7656e-06 0.000721331 0.00913322 0.000221136 0.0449044 0.000434753 2.16117e-05 9.02864e-05 1.82872e-06 0.0081235 5.11818e-07 0.00486736 0.000144691 
0.72447 5.19676e-06 1.7242e-08 4.55718e-06 0.00226548 8.59617e-10 3.64078e-09 1.54941e-08 4.33313e-07 0.00151221 7.72299e-07 0.00205849 4.97347e-05 0.00673336 0.0124069 7.98412e-05 2.4825e-07 0.000128105 0.0151947 5.56524e-09 1.43679e-08 3.23532e-06 3.4688e-05 0.235052 9.19996e-09 
0.441588 0.0100641 0.00134353 0.00220594 0.00331762 0.245661 0.0056156 9.62626e-07 3.39883e-06 0.0860216 4.15834e-08 6.06946e-05 6.86071e-05 0.0552459 0.0902783 0.00110002 0.00985043 0.00355061 0.00657685 0.00264268 3.00146e-08 0.0267981 0.000269224 0.00768419 5.29372e-05 
0.48364 7.76675e-05 8.70863e-08 0.000275181 0.0816326 0.0568281 0.0029758 4.5518e-06 0.000131418 0.100998 4.35899e-05 0.00117141 2.06883e-05 0.00467071 0.0289132 0.0532796 0.00115968 0.00100885 0.114118 0.00026278 4.58732e-10 0.00260325 0.0565298 0.00663826 0.0030156 
0.770638 0.00677474 4.90749e-06 0.00572341 0.0198421 0.0136019 0.0182122 0.000327439 1.81371e-05 0.01741 3.11938e-08 0.000315948 0.00020799 0.00217744 0.0200586 0.0047384 0.00145319 0.00425342 0.0715654 0.00251911 4.1082e-05 0.00890863 0.0142403 0.0165143 0.000453691 
0.28682 0.000410846 0.000266154 0.000452818 0.0265165 0.0044569 0.221643 0.000169397 0.136036 0.0417221 7.24309e-07 0.000152229 0.000208539 0.0098576 0.00690504 0.0217204 0.0144947 5.37938e-05 0.0888013 0.000196509 0.000286709 0.033557 0.000145279 0.10441 0.00071714 
0.572167 0.00486079 7.8898e-05 0.0495825 0.0463234 0.016728 0.00291709 7.73356e-07 6.46585e-05 0.00331939 2.05014e-10 0.0561561 0.000440785 0.02971 0.10725 0.00573799 0.0121182 0.0107205 0.0100871 0.00342143 3.21285e-05 0.00610092 0.0191641 0.040157 0.00286096 
0.682923 0.0113255 9.316e-07 0.000235511 0.0184418 0.000829785 0.00561884 2.31162e-07 4.85916e-07 0.0726054 2.82569e-05 0.000941096 2.06961e-07 0.00416627 0.00122743 0.0371822 0.0196804 0.00129859 0.112834 0.01235 2.1436e-07 0.00167532 0.00132293 0.0153055 5.95679e-06 
0.686598 0.241573 2.21522e-10 2.17228e-06 0.00131397 0.00834296 0.000176934 1.99065e-10 1.24064e-05 0.000164337 2.55746e-10 0.00177149 6.60049e-05 0.00231982 0.0016235 0.0117021 0.00462787 0.00235227 0.00506765 0.00232677 4.27443e-09 0.000475383 0.00876361 0.0198895 0.000830028 
0.203681 0.00581228 8.3136e-07 0.0709734 0.00229825 0.0724344 0.00241918 2.16447e-05 1.74971e-05 0.00971009 1.51161e-05 0.003924 0.00179033 0.00844101 0.182421 0.033969 0.182484 0.0179129 0.017633 0.0168435 4.25207e-05 0.0093337 0.00862392 0.136066 0.0131322 
0.814792 0.00226618 2.21863e-07 0.00478742 0.0405866 0.00333047 0.00062118 1.22416e-08 5.76772e-06 0.0214566 7.61953e-10 0.000545862 9.18724e-05 0.00312134 0.0121565 0.00888723 0.000461434 9.91268e-05 0.0356663 3.89402e-05 1.45414e-06 0.00162758 0.0290298 0.0201598 0.000266276 
0.289984 0.000368256 0.000517393 0.0720876 0.14521 0.0664119 0.0138935 5.15681e-07 2.7442e-05 0.135986 0.000786762 0.00152127 0.00161954 0.0142771 0.0477625 0.0289638 0.00491868 0.000827861 0.0417018 0.00371277 7.6841e-07 0.075731 0.0367022 0.0162498 0.000736791 
0.686598 0.241573 2.21522e-10 2.17228e-06 0.00131397 0.00834296 0.000176934 1.99065e-10 1.24064e-05 0.000164337 2.55746e-10 0.00177149 6.60049e-05 0.00231982 0.0016235 0.0117021 0.00462787 0.00235227 0.00506765 0.00232677 4.27443e-09 0.000475383 0.00876361 0.0198895 0.000830028 
0.767684 0.000753787 0.000219873 0.0272459 4.4051e-06 0.103659 0.00936075 1.02861e-06 1.08674e-05 0.0255666 3.24308e-10 0.00270336 2.20629e-06 0.000307438 0.0309076 0.00379392 6.45722e-05 0.00303169 0.0012772 2.15835e-06 2.34083e-10 0.0179093 1.13821e-05 0.00548295 1.9266e-07 
0.32657 0.109737 0.000177421 0.0229444 0.0188267 0.0210691 0.00703292 7.87001e-05 0.00606328 0.0241463 5.05394e-06 0.00675544 0.000387291 0.0190816 0.0511287 0.0138873 0.011035 0.00612072 0.144912 0.0159227 6.47386e-06 0.00804553 0.0102383 0.174941 0.000887544 
0.655529 0.00204162 4.3228e-05 0.0564091 0.0302387 0.0100697 0.00302158 2.12433e-10 1.82787e-05 0.00274206 6.1048e-09 0.0173624 0.000105449 0.00088933 0.178596 0.000927569 0.000383146 2.81346e-05 0.0113904 0.000177184 1.03051e-06 0.00992742 0.0147313 0.00496888 0.00039869 
0.634936 8.04213e-06 8.79342e-06 0.00101009 8.39798e-06 0.180426 3.50453e-05 1.97584e-06 8.50894e-11 3.06333e-05 1.15934e-07 2.18492e-06 9.76774e-06 2.99939e-05 1.09837e-05 1.56676e-05 0.0843425 5.18162e-06 0.0351688 8.85315e-06 4.16319e-10 3.86607e-05 0.0574516 2.30808e-05 0.00642794 
0.412358 0.00328098 8.88255e-06 0.000190494 1.16906e-05 0.145458 0.000116641 4.64015e-07 2.0003e-06 0.00912347 5.96139e-07 0.00182491 1.063e-05 0.00348793 0.10823 0.107411 0.00099008 2.17787e-05 0.10506 0.00219553 8.58369e-07 0.0880749 0.000205715 0.0112184 0.000717168 
0.382619 0.00164342 0.0213858 0.00136832 0.0358831 0.0144221 0.000904938 0.000738388 2.23184e-06 0.0710308 2.48566e-06 0.000266564 0.000637619 0.0171957 0.0687448 0.00793915 0.005309 0.0116003 0.0735442 0.000333035 6.92327e-06 0.206018 0.0406556 0.0311404 0.00660772 
0.835211 0.000175719 0.000150481 0.000456751 0.0715424 0.00845821 0.000199303 1.22253e-08 1.32639e-07 0.0181421 7.82107e-08 2.16841e-05 3.72032e-05 0.00235718 0.000680549 0.000848995 0.00802428 0.00116597 0.000962344 5.07618e-10 6.65227e-07 0.0479946 0.00191126 0.00132281 0.000336055 
0.596281 0.00659868 6.67923e-05 0.000105565 0.00769333 0.0145197 0.00215409 1.19677e-08 3.37497e-06 0.12401 2.65857e-07 1.40807e-06 1.49131e-05 0.00143517 0.0270281 0.0380183 0.00662425 3.25906e-07 0.0103414 5.87919e-05 2.90227e-06 0.135143 0.026961 0.00293478 3.66431e-06 
0.566128 0.00510255 1.27026e-05 0.0251882 0.0338864 0.0308938 0.0505709 0.00128937 8.60339e-05 0.0191934 3.3847e-06 0.000635915 0.000319835 0.00263353 0.0434339 0.0153888 0.00176727 0.00190218 0.142325 0.00208035 4.544e-05 0.0159085 0.0237264 0.0165606 0.000917048 
0.356431 0.0367303 4.9368e-05 0.126993 0.00351907 0.0120869 0.00684274 0.000642589 0.0560091 0.0913672 6.52575e-07 0.000620095 0.000160471 0.0304454 0.136823 0.0111403 0.0161371 0.0454478 0.0134055 0.000621721 5.01747e-05 0.0161756 0.0017501 0.036375 0.000175687 
0.304748 0.00116606 1.30982e-05 0.016355 0.0184878 0.0174679 0.00555961 2.05527e-09 5.87289e-05 0.0895185 2.64049e-09 0.00698696 1.98377e-06 0.00725632 0.0780862 0.126924 0.00325848 0.00644155 0.158854 0.000762936 0.000472742 0.0238922 0.0961653 0.0284425 0.00907995 
0.686598 0.241573 2.21522e-10 2.17228e-06 0.00131397 0.00834296 0.000176934 1.99065e-10 1.24064e-05 0.000164337 2.55746e-10 0.00177149 6.60049e-05 0.00231982 0.0016235 0.0117021 0.00462787 0.00235227 0.00506765 0.00232677 4.27443e-09 0.000475383 0.00876361 0.0198895 0.000830028 
0.686598 0.241573 2.21522e-10 2.17228e-06 0.00131397 0.00834296 0.000176934 1.99065e-10 1.24064e-05 0.000164337 2.55746e-10 0.00177149 6.60049e-05 0.00231982 0.0016235 0.0117021 0.00462787 0.00235227 0.00506765 0.00232677 4.27443e-09 0.000475383 0.00876361 0.0198895 0.000830028 
0.686598 0.241573 2.21522e-10 2.17228e-06 0.00131397 0.00834296 0.000176934 1.99065e-10 1.24064e-05 0.000164337 2.55746e-10 0.00177149 6.60049e-05 0.00231982 0.0016235 0.0117021 0.00462787 0.00235227 0.00506765 0.00232677 4.27443e-09 0.000475383 0.00876361 0.0198895 0.000830028 
0.528329 0.0123467 5.97235e-07 0.00776424 0.00462593 0.023076 0.0137331 9.44388e-06 1.88288e-05 0.0271843 7.03829e-10 0.0189262 2.49255e-05 0.0220179 0.00647831 0.0617148 0.0635835 0.00164017 0.0179861 0.00174772 7.82787e-06 0.0194486 0.0060761 0.152771 0.0104887 
0.661959 0.0015623 0.00176357 0.0855773 0.0138938 0.000245865 0.00824225 4.81426e-05 0.00117704 0.0173392 0.000360945 0.000755799 0.000770454 0.0365365 0.0107159 0.000726765 0.0607728 0.000165094 0.00212092 0.00052222 9.49563e-06 0.00313335 0.0319486 0.0574799 0.00217312 
0.299692 0.00233169 0.000403548 0.000323287 0.00212039 0.01834 0.000158179 9.733e-08 1.15043e-07 0.0631271 0.015167 0.00278494 4.31479e-05 0.0183831 0.25801 0.0539964 0.0186872 0.000154756 0.00779235 0.00172878 1.66223e-09 0.0489063 0.0732177 0.114628 4.22953e-06 
0.931833 1.42698e-06 9.76821e-08 8.91577e-06 0.00105745 1.46214e-06 0.00427867 1.43797e-08 3.55801e-09 2.95951e-06 5.94626e-07 3.97536e-11 2.3842e-10 6.63841e-06 0.00975955 4.05648e-11 0.000546544 0.0128947 1.32075e-07 9.38609e-07 2.46944e-10 1.02716e-05 0.0261389 0.0132109 0.00024731 
0.36319 0.0161537 5.21535e-05 0.0172877 0.00533555 0.0633315 0.00221102 6.74525e-06 5.35822e-05 0.0233767 8.94185e-06 0.000980953 0.000803296 0.015695 0.0628481 0.0347503 0.0613767 0.0152931 0.103227 0.00098592 2.75957e-05 0.016592 0.0316988 0.164399 0.000314852 
0.272784 0.172538 0.00249733 0.00156584 2.42029e-08 0.0615675 0.00470788 1.24058e-05 2.82785e-05 0.000658525 0.026924 0.0387597 0.0030449 0.0210212 0.0281933 0.00446413 0.195659 0.0643248 0.000289183 0.00183643 0.000258873 0.000672069 0.0450674 0.0524959 0.000628941 
0.75432 0.000217517 9.74276e-07 0.000362862 7.49737e-05 0.000260087 0.00720981 8.75507e-07 9.42158e-06 0.000278674 1.1248e-06 1.30697e-07 7.83848e-07 0.000101894 0.0468915 0.0121912 0.0641193 0.00020996 0.00368701 0.00118804 0.000194732 0.100913 0.00706636 0.000698763 5.19853e-07 
0.686598 0.241573 2.21522e-10 2.17228e-06 0.00131397 0.00834296 0.000176934 1.99065e-10 1.24064e-05 0.000164337 2.55746e-10 0.00177149 6.60049e-05 0.00231982 0.0016235 0.0117021 0.00462787 0.00235227 0.00506765 0.00232677 4.27443e-09 0.000475383 0.00876361 0.0198895 0.000830028 
0.269062 0.0018914 1.01459e-05 0.0179501 0.0114773 0.0592788 0.000188939 0.0271081 0.00226023 0.0761607 8.02133e-10 8.99986e-05 2.11405e-05 0.00819005 0.0708075 0.000549169 0.0894435 0.0135723 0.0888164 0.000361677 0.00954185 0.0915564 0.148298 0.013341 2.34832e-05 
0.423812 0.000454231 3.98895e-08 0.000116154 1.55412e-05 8.43139e-05 8.3409e-05 1.35605e-09 2.57011e-10 0.00132343 4.14393e-05 0.00555675 3.37616e-05 0.00379141 0.398679 0.016471 0.0104491 0.00176717 0.050483 0.0193599 1.25748e-09 0.0390224 0.00141469 0.026411 0.000630392 
0.754033 0.00357305 0.000123464 0.00406708 0.0282631 0.0103602 0.00175266 0.000128698 3.17879e-05 0.0282871 7.4205e-05 0.00644236 2.04282e-05 0.00678519 0.00834563 0.0563742 0.0251605 0.000281115 0.0189849 0.000358351 2.9639e-05 0.0136585 0.0160474 0.0157243 0.00109342 
0.216767 0.180829 1.33185e-05 0.0131345 0.0109094 0.15409 0.00783836 0.000200216 1.62182e-05 0.0414216 8.03205e-09 0.00136928 8.41853e-05 0.0670745 0.126247 0.0159903 0.0424941 0.0117301 0.00154944 0.00180439 1.44834e-05 0.00924984 0.0269363 0.0697055 0.000530681 
0.438072 0.00889816 0.000322749 0.00362445 0.0451422 0.015963 0.000710457 4.23888e-05 1.05467e-05 0.0113041 0.019054 0.00336897 1.15911e-05 0.0444335 0.166353 0.0121858 0.0297944 0.000151969 0.0203866 0.00112448 0.000102968 0.00494354 0.0166803 0.154806 0.00251252 
0.686233 0.0331388 2.15398e-06 0.00819402 6.11595e-07 0.00570244 4.54829e-07 1.93562e-06 3.66856e-07 0.0190587 2.48677e-06 0.0423317 0.0124791 0.0392122 0.0122854 0.00442301 2.20557e-07 7.20626e-07 0.0115846 0.013558 1.79493e-06 3.54265e-07 5.0236e-07 0.111786 1.14932e-06 
0.625017 0.000587007 9.17406e-08 1.1201e-06 0.0116171 0.0385784 0.000148869 2.78461e-09 8.10457e-08 0.0271431 3.5775e-09 1.76506e-06 2.66835e-05 0.00631488 0.0311542 0.00989847 4.66309e-05 0.000465491 0.00884246 0.0190448 2.58221e-09 0.215842 0.00522948 2.22475e-06 3.89265e-05 
0.340042 0.00290001 0.00118121 0.0396223 0.00456973 0.0253131 0.0331915 3.55224e-07 0.00675851 0.0303545 6.60361e-08 0.0293133 0.00366611 0.0164111 0.0253104 0.0038931 0.0655871 0.0029253 0.259544 0.00135725 2.51543e-05 0.0241605 0.029776 0.0529809 0.00111687 
0.750375 4.56751e-06 0.000190313 0.000733349 2.47578e-05 0.00187252 0.000366506 7.90256e-09 0.00766075 0.00430175 0.00944806 7.71129e-08 0.122967 0.0257235 0.0146536 0.00032918 0.00928709 2.94211e-09 0.00672975 0.000115747 2.72157e-06 0.0207382 0.00193849 0.01992 0.0026179 
0.532316 0.00215779 0.000467089 9.63999e-05 0.0415331 0.0308223 0.00876483 6.29813e-09 4.39631e-05 0.06239 8.09146e-09 5.24475e-05 0.00492452 0.00319233 0.00438878 0.014749 0.04742 0.000347016 0.0498643 0.00042879 0.000622526 0.0556685 0.120746 0.0189844 1.99911e-05 
0.864389 0.000125448 7.93781e-06 0.000483525 0.000521105 0.00669976 0.0174946 1.31522e-06 8.63602e-07 0.00348509 4.98857e-06 0.000141453 0.0235255 0.0166835 0.0053783 0.00630122 0.00246816 0.000177901 0.0126068 8.74773e-05 2.31159e-06 0.0128856 0.0131586 0.0133603 9.38717e-06 
0.541444 0.000172093 0.00084798 0.000812265 0.00107383 0.0373535 0.00319892 6.34083e-07 9.2778e-07 0.162313 9.736e-09 0.000152553 2.05873e-05 0.0164328 0.113441 0.000597635 0.000284202 0.000389005 0.0287709 0.000537562 5.68519e-07 0.0646517 0.00134032 0.0261512 1.18529e-05 
0.392621 0.000511704 8.7286e-05 0.0143766 0.0935983 0.019378 0.00586102 0.000483525 1.27445e-05 0.0499626 0.00445406 0.014076 4.62362e-05 0.00311026 0.0617887 0.0550801 0.00731567 0.00273732 0.156614 0.00180446 9.3211e-07 0.0339217 0.0630564 0.0157155 0.00338602 
0.170357 0.00946514 0.000298831 0.00762881 0.00700777 0.067644 0.00111713 4.88523e-05 2.05097e-06 0.112047 7.30848e-09 0.0182263 0.0212172 0.0556667 0.155132 0.0800917 0.0182588 2.56101e-05 0.0412362 0.0560208 7.81595e-07 0.0218735 0.0847601 0.0717781 9.60062e-05 
0.504708 0.0149831 0.00012292 0.00960206 0.00798864 0.0447931 0.00982657 0.00219491 0.000103237 0.0842754 6.39568e-05 0.00332919 4.96975e-05 0.014049 0.0834686 0.0115111 0.022212 0.000451399 0.0625626 0.000964899 2.68693e-05 0.0324483 0.00707718 0.0476953 0.0354917 
0.962987 1.78218e-06 7.50649e-06 1.41358e-06 0.00469118 3.74244e-07 1.58505e-06 6.7455e-06 1.27847e-06 6.95476e-07 8.66623e-06 1.00698e-06 6.0393e-06 0.00749346 0.00266705 1.02753e-06 0.00576547 2.51134e-06 0.0163391 2.42289e-06 6.25521e-06 1.23459e-06 1.7507e-06 5.19145e-07 4.0053e-06 
0.686598 0.241573 2.21522e-10 2.17228e-06 0.00131397 0.00834296 0.000176934 1.99065e-10 1.24064e-05 0.000164337 2.55746e-10 0.00177149 6.60049e-05 0.00231982 0.0016235 0.0117021 0.00462787 0.00235227 0.00506765 0.00232677 4.27443e-09 0.000475383 0.00876361 0.0198895 0.000830028 
0.318766 0.0782201 0.000189682 0.00358723 0.0159005 0.0676783 0.00270972 4.53346e-05 1.71705e-05 0.0174144 1.31548e-05 0.0541861 0.000134844 0.0374208 0.0764358 0.0255872 0.0417119 0.000575388 0.0340116 0.0129139 3.42577e-06 0.0218044 0.0316008 0.148849 0.0102237 
0.478736 0.0035143 0.00032577 0.129227 0.0286238 0.0316213 0.0278508 9.82871e-09 0.000100251 0.0732487 3.70625e-10 3.86659e-05 0.0106227 0.00542468 0.0631425 0.0116747 0.0252394 0.000382117 0.0725026 0.000819698 2.14817e-06 0.00841933 0.00583242 0.0223293 0.000321729 
0.998497 2.56439e-06 5.05146e-08 5.65639e-07 0.00116791 0.000180917 1.06665e-08 4.53936e-08 1.67656e-06 1.06073e-06 5.83191e-08 2.16777e-05 4.06412e-08 4.77744e-06 1.57966e-06 6.91472e-09 2.94156e-06 1.69e-08 0.000107074 2.46662e-08 2.36377e-07 1.45266e-06 3.13535e-06 4.82825e-06 2.69535e-08 
0.655529 0.00204162 4.3228e-05 0.0564091 0.0302387 0.0100697 0.00302158 2.12433e-10 1.82787e-05 0.00274206 6.1048e-09 0.0173624 0.000105449 0.00088933 0.178596 0.000927569 0.000383146 2.81346e-05 0.0113904 0.000177184 1.03051e-06 0.00992742 0.0147313 0.00496888 0.00039869 
0.645492 0.00194044 4.0925e-05 0.0583213 0.0297897 0.0100196 0.00330749 4.44337e-10 1.84566e-05 0.00329223 1.09171e-06 0.0215139 0.0001187 0.00112142 0.179039 0.00199836 0.000414745 3.20326e-05 0.0113268 0.000219589 1.51624e-06 0.0111869 0.0146079 0.0058054 0.000389834 
0.41513 0.0502684 1.59704e-05 0.0052834 0.00717367 0.0664321 0.07428 2.50462e-05 2.22552e-05 0.187005 1.21962e-07 9.6885e-05 0.000213061 0.0188709 0.0377133 0.0222218 0.0508251 0.00150228 0.0138388 9.29854e-05 4.10794e-06 0.0106109 0.00579068 0.0162953 0.0162873 
0.686598 0.241573 2.21522e-10 2.17228e-06 0.00131397 0.00834296 0.000176934 1.99065e-10 1.24064e-05 0.000164337 2.55746e-10 0.00177149 6.60049e-05 0.00231982 0.0016235 0.0117021 0.00462787 0.00235227 0.00506765 0.00232677 4.27443e-09 0.000475383 0.00876361 0.0198895 0.000830028 
0.330408 2.0839e-06 5.52912e-05 0.023133 4.61451e-07 0.0444032 0.228344 1.6769e-09 2.18917e-05 0.0503621 1.31786e-08 0.00105283 0.000257249 0.0164734 0.217038 6.83118e-06 8.61408e-05 1.23268e-07 0.0235904 5.54857e-07 1.30178e-07 0.00646325 0.000576438 0.0576163 0.000108617 
0.478736 0.0035143 0.00032577 0.129227 0.0286238 0.0316213 0.0278508 9.82871e-09 0.000100251 0.0732487 3.70625e-10 3.86659e-05 0.0106227 0.00542468 0.0631425 0.0116747 0.0252394 0.000382117 0.0725026 0.000819698 2.14817e-06 0.00841933 0.00583242 0.0223293 0.000321729 
0.395188 0.00562831 4.74496e-05 0.000181538 0.0507808 0.00137243 5.2502e-07 1.54691e-08 7.01551e-05 0.0206883 1.31914e-06 0.0169205 0.0321456 0.00764558 0.109649 0.0534701 0.00163145 0.00090235 0.00133067 0.00759961 3.00115e-06 0.00330919 0.143765 0.141738 0.00593146 
0.366641 0.00587511 6.85798e-05 0.00187476 0.00772227 0.0220827 0.000201024 0.0134645 5.3322e-06 0.024815 3.78365e-08 0.0014463 3.68159e-05 0.0191956 0.0223418 0.031766 0.0910674 0.00696518 0.0724095 7.42386e-05 2.73101e-08 0.121372 0.114995 0.0677821 0.00779779 
0.460959 0.000122975 5.90654e-05 8.82055e-05 0.0417421 0.00860858 0.00246232 2.3706e-07 7.18034e-05 0.0935058 2.51889e-07 0.000275814 0.000191102 0.0476684 0.0191644 0.0500705 0.0175821 0.00232194 0.141252 0.0149174 4.90807e-05 0.000275697 0.00768694 0.0886307 0.00229351 
0.404774 0.00174474 0.000119656 0.0208262 0.00177473 0.0221176 0.0165115 1.19168e-07 5.02481e-05 0.0195092 4.42644e-10 0.00927507 0.00017805 0.00761502 0.155641 0.0819491 0.0105523 0.0123718 0.0622332 0.000346001 5.78297e-06 0.0288249 0.0652522 0.0782439 8.35418e-05 
0.527252 0.0122275 0.00124304 0.00169722 0.000548241 0.0594754 0.0861387 5.46137e-08 3.2484e-05 0.0189965 3.09883e-05 3.64639e-06 0.00401474 0.0253098 0.0873226 0.000794395 0.0191091 0.00566509 0.066628 0.000103488 4.04626e-06 0.0655027 0.0139978 0.00385907 4.30004e-05 
0.23317 0.00168804 0.0376543 0.00623732 0.00657399 0.12033 0.0735343 3.6271e-06 0.00805823 0.119763 1.33491e-07 0.000749242 0.000116192 0.00713366 0.119685 0.0455935 0.0640538 0.000335766 0.0292051 0.00399097 0.000108058 0.0235657 0.00124358 0.0557941 0.0414124 
0.399378 0.00281809 6.67259e-05 0.00011432 0.0206598 0.0352305 0.0648374 5.54549e-06 1.01426e-05 0.0514158 5.86699e-05 0.000150716 0.000412321 0.101778 0.0488082 0.0112459 0.00168192 2.68689e-05 0.179228 0.000630601 1.00118e-05 0.0444382 0.00214269 0.0344175 0.00043441 
0.687559 0.00141001 3.5531e-05 0.0360237 0.0244285 0.0281815 0.0020118 3.34881e-10 1.97637e-05 0.00584431 6.33426e-07 0.0152448 8.98825e-05 0.00122155 0.149046 0.00315138 0.000729783 4.87046e-05 0.0114102 0.000228512 8.79895e-07 0.0123048 0.0157567 0.00494554 0.00030607 
0.611506 1.73628e-06 1.03036e-06 0.000448315 0.00885588 3.47344e-06 0.00920291 4.19959e-08 4.68458e-07 0.100922 5.39539e-08 0.000338361 3.75993e-08 0.00199078 0.00263383 0.0213062 0.0257547 7.94447e-06 0.191958 0.0039841 3.89435e-08 0.00429767 8.14553e-06 0.0167735 5.46009e-06 
0.997266 0.00039897 9.5715e-06 2.00997e-05 5.39223e-07 9.4681e-08 4.01007e-07 1.70657e-06 6.06433e-07 0.000126446 2.1925e-06 7.33167e-06 1.5279e-06 2.82912e-07 1.69618e-06 2.59958e-07 3.10618e-07 6.35351e-07 9.56261e-06 6.12973e-07 1.58253e-06 3.12344e-07 0.000240982 0.00188774 2.06674e-05 
0.686598 0.241573 2.21522e-10 2.17228e-06 0.00131397 0.00834296 0.000176934 1.99065e-10 1.24064e-05 0.000164337 2.55746e-10 0.00177149 6.60049e-05 0.00231982 0.0016235 0.0117021 0.00462787 0.00235227 0.00506765 0.00232677 4.27443e-09 0.000475383 0.00876361 0.0198895 0.000830028 
0.593801 0.00131345 2.44437e-05 0.000610304 0.000844828 0.00356903 0.00554345 1.82152e-06 1.77075e-05 0.0262561 0.00820939 0.000855701 5.58887e-06 0.00681353 0.0691743 0.0349644 0.0357442 2.60993e-05 0.0159903 0.000729257 2.28357e-07 0.0279346 0.0194813 0.145401 0.00268823 
0.686598 0.241573 2.21522e-10 2.17228e-06 0.00131397 0.00834296 0.000176934 1.99065e-10 1.24064e-05 0.000164337 2.55746e-10 0.00177149 6.60049e-05 0.00231982 0.0016235 0.0117021 0.00462787 0.00235227 0.00506765 0.00232677 4.27443e-09 0.000475383 0.00876361 0.0198895 0.000830028 
0.245891 0.00113262 1.25565e-05 0.0156479 0.0195274 0.0246755 0.00472195 2.96238e-09 4.91628e-05 0.0891535 3.80589e-09 0.0140563 1.86693e-06 0.00683283 0.0878774 0.149895 0.00369687 0.00690036 0.162434 0.00269306 0.00045257 0.0137349 0.103224 0.0381053 0.00928484 
0.24224 0.0225035 0.000116122 0.0204868 0.0236851 0.074231 0.0161308 6.98499e-05 3.70114e-05 0.0148633 8.21649e-05 0.0423166 0.000111071 0.0477689 0.222303 0.0252993 0.0291324 0.00525996 0.0549426 0.0369607 1.13664e-06 0.0103931 0.0685222 0.0420926 0.00045065 
0.558476 0.00174538 0.000111234 2.15934e-05 0.23922 0.00952553 0.0172195 0.000467551 3.20356e-05 0.00303462 0.00048007 0.000255982 5.83214e-05 0.00052705 0.0234677 0.00843188 0.0144729 0.00206601 0.0233118 0.000178339 2.61199e-09 0.000179346 0.0665279 0.0301661 2.31001e-05 
0.324703 0.0189774 0.000817574 0.00330605 0.0201592 0.0530257 0.0227241 0.000428979 0.000735171 0.0734557 0.00768328 0.00432275 0.000194297 0.020128 0.0306187 0.113331 0.107015 0.0195172 0.0627532 0.00417297 0.0137136 0.0400761 0.00891439 0.0471495 0.0020776 
0.272398 0.00215415 1.97043e-05 0.00280236 0.0148038 0.106431 0.0559596 4.27616e-08 0.000158148 0.0532861 1.2919e-06 0.00135557 1.36657e-10 0.0205486 0.0967973 0.00132706 0.0281741 0.0148401 0.0187301 0.0135703 6.09292e-08 0.0215681 0.0524653 0.222341 0.000267719 
0.655529 0.00204162 4.3228e-05 0.0564091 0.0302387 0.0100697 0.00302158 2.12433e-10 1.82787e-05 0.00274206 6.1048e-09 0.0173624 0.000105449 0.00088933 0.178596 0.000927569 0.000383146 2.81346e-05 0.0113904 0.000177184 1.03051e-06 0.00992742 0.0147313 0.00496888 0.00039869 
0.517136 0.00525306 4.10548e-05 0.0120048 0.0809821 0.0205476 0.000481216 2.93583e-10 1.2169e-05 0.051537 0.000185475 0.00916467 0.000834154 0.0151453 0.127048 0.0722854 0.00635693 5.24049e-05 0.0245562 7.99885e-05 1.44217e-06 0.0224141 0.00692676 0.0115576 0.0153973 
0.464628 0.00426655 0.000110101 0.0108229 0.0215562 0.0275829 0.00947349 0.000247874 1.14746e-05 0.0279201 0.0139341 0.0072908 6.82859e-05 0.0161093 0.0900463 0.0474419 0.0125073 0.00199214 0.0174694 0.00313682 4.30306e-06 0.00677907 0.121543 0.0931731 0.00188491 
0.686598 0.241573 2.21522e-10 2.17228e-06 0.00131397 0.00834296 0.000176934 1.99065e-10 1.24064e-05 0.000164337 2.55746e-10 0.00177149 6.60049e-05 0.00231982 0.0016235 0.0117021 0.00462787 0.00235227 0.00506765 0.00232677 4.27443e-09 0.000475383 0.00876361 0.0198895 0.000830028 
0.422144 0.000912122 0.000151303 0.00320618 5.89224e-05 0.0471606 0.00194933 2.50251e-06 1.7348e-06 0.000452753 1.83988e-08 0.0605439 0.0207489 0.0854591 0.133795 0.0109073 0.00556172 0.000138557 0.0264495 0.0019004 5.18861e-06 1.71801e-05 0.0010633 0.176897 0.000473917 
0.645054 0.13675 0.00127054 3.48722e-07 0.11417 9.04248e-07 0.00199694 7.24379e-07 2.05822e-05 2.51832e-06 1.13856e-06 7.24893e-07 1.15986e-09 0.00827513 0.0261062 5.28154e-07 0.0273876 0.00524819 0.0259251 4.65322e-10 1.20133e-09 0.00535856 0.00209762 0.000331813 7.6923e-10 
0.408331 0.00913986 0.000218316 7.28657e-06 1.38531e-05 0.0003846 3.38002e-05 1.22662e-06 1.8477e-05 0.0204351 1.57589e-06 0.000174598 0.000764907 0.0280392 0.000896351 5.46268e-05 0.249543 0.000177433 0.00417474 0.204371 1.80357e-05 0.00244342 0.0090055 0.0613802 0.000371601 
0.999531 1.93531e-06 4.42088e-06 4.10388e-05 7.30039e-10 5.61626e-07 2.16249e-06 2.31047e-09 5.59533e-08 9.25126e-07 2.96836e-09 1.38866e-06 2.06858e-09 3.83026e-10 3.08409e-07 3.5195e-10 0.000399048 4.11131e-06 3.25358e-10 8.29888e-10 2.14254e-09 4.22873e-10 5.99649e-10 1.0336e-05 3.00607e-06 
0.191104 0.00856957 0.000266256 0.142185 0.0315411 0.0752489 0.0458869 0.000262043 0.00213015 0.107009 3.99477e-07 0.00180977 0.00190329 0.139385 0.0743774 0.00644647 0.075959 0.00224671 0.0185574 0.00170565 1.20315e-05 0.00710117 0.0121869 0.0384767 0.015629 
0.508564 0.000884941 9.70318e-05 3.11559e-08 0.000241575 0.00537175 0.000223084 2.40358e-07 5.80245e-06 0.00383583 1.15877e-10 7.42245e-05 7.74248e-08 0.0230321 0.263338 0.0375425 1.96106e-07 1.82393e-08 0.0182812 0.00011355 4.19422e-08 0.000995261 0.0313832 0.106013 1.75531e-06 
0.720163 0.00123045 9.52268e-08 0.0007631 0.013287 0.0309847 0.00764145 3.40387e-06 0.00184892 0.013177 0.00171326 0.00107263 2.03253e-07 0.00681477 0.00273477 0.0655799 0.0447438 0.00996437 0.0127606 0.000341839 3.68958e-10 0.00392625 0.0227328 0.0372928 0.00122249 
0.308668 0.0165002 0.0107994 0.00205506 0.00168046 0.0942668 0.13329 0.000337703 0.00269848 0.040453 4.71292e-08 0.0151067 0.00111837 0.0157063 0.025823 0.0144542 0.0750405 0.0056097 0.0242004 0.0201665 0.000126408 0.03453 0.0109134 0.133966 0.0124896 
0.395611 0.00057337 0.000820377 0.0377982 0.0416478 0.0136442 0.00527427 9.24557e-07 0.000446545 0.0839228 5.319e-05 0.00929947 1.78403e-05 0.0163668 0.0782121 0.0196577 0.00397816 0.000705865 0.151203 0.00277917 7.92939e-05 0.112052 0.00712874 0.0185749 0.000152406 
0.74544 0.0148635 9.88894e-06 3.2173e-05 0.00408847 0.000434442 0.00450482 1.4264e-07 2.46472e-06 0.078091 5.53294e-05 0.0350522 4.75343e-06 0.0263992 0.00215333 0.0119038 0.038723 6.11615e-07 0.0145153 0.000162423 8.40392e-07 0.00694043 0.000419665 0.0161987 3.51911e-06 
0.80173 0.00116163 0.000159643 0.00468449 0.0175011 0.0153159 0.00734956 4.15205e-05 2.20386e-05 0.0377852 6.68993e-09 0.000664285 0.000113223 0.00916249 0.0303899 0.011304 0.0149113 0.000355698 0.015095 7.6059e-05 2.07879e-05 0.015549 0.00603129 0.0101888 0.000387139 
0.373606 0.00757105 0.000867474 0.0108095 0.00826979 0.0614996 0.0151531 5.15695e-05 0.000541692 0.0634232 8.11471e-05 0.0167548 0.000253213 0.0626831 0.0654933 0.0508555 0.0341912 0.0210195 0.0693596 0.00264702 2.31347e-05 0.029809 0.00989299 0.0728335 0.0223098 
0.308255 0.00256677 0.00581232 0.00220845 0.00579614 0.0162549 0.000299984 1.27329e-08 5.02801e-06 0.011634 1.8903e-08 0.115814 0.000355239 0.103442 0.068219 0.0225668 0.000694803 0.000126708 0.0932356 0.00241679 2.91024e-06 0.0024448 0.0115166 0.226174 0.00015743 
