0.000423883 0.822764 0.0104644 0.00217001 2.0657e-05 0.021992 6.91976e-05 0.00180886 5.87799e-05 0.00418248 5.61516e-09 0.0261058 0.0309258 0.00597112 0.0334167 0.00234544 0.000929557 0.000767432 0.00302429 0.00475043 1.23692e-06 0.000272782 0.000304055 0.0268152 0.000416115 
0.0402883 0.381161 6.81351e-06 0.00426442 0.00030597 0.0334667 0.00361377 0.000375801 2.99872e-06 0.00153471 4.33946e-09 0.0273684 0.000141751 0.0276352 0.0498986 0.00622725 0.0274274 0.00206198 0.00838971 0.0146481 8.63306e-08 0.00491822 0.000994908 0.364878 0.000389915 
0.000712668 0.263343 0.00039282 0.0148902 0.00534986 0.1018 0.0021645 0.000571602 4.85582e-05 0.0183085 0.00320966 0.181485 0.000113598 0.0298587 0.02088 0.137514 0.0410301 0.0177536 0.00476324 0.0256765 1.65274e-06 0.00751427 0.00555167 0.113926 0.00314038 
0.000140182 0.948231 1.94241e-12 0.000945802 7.57631e-05 0.0137907 6.09717e-07 1.67572e-09 2.7427e-06 0.000662254 2.24251e-12 0.000416308 3.50008e-05 0.00604038 0.00853642 0.00498228 0.00196449 0.000456548 0.000596879 0.00544139 4.94806e-10 6.36131e-05 0.000263575 0.00733092 2.35013e-05 
0.000440662 0.783481 3.41891e-06 0.000977413 0.000531349 0.0191525 2.03225e-05 2.7063e-08 2.80806e-06 0.00731087 3.30095e-08 0.00281903 7.95044e-05 0.105794 0.00705345 0.00412367 0.00200615 0.00164791 0.00261209 4.49707e-05 1.93743e-09 0.000231025 0.000198986 0.0613699 9.89772e-05 
0.00279273 0.390919 8.1474e-06 0.00474046 0.00828176 0.056806 0.00515149 0.00214451 0.00012493 0.0204989 1.54661e-08 0.00923068 0.000157673 0.0250965 0.0541505 0.00640805 0.0202155 0.00295357 0.0402418 0.0228015 0.000981413 0.001661 0.0144201 0.304883 0.00533122 
0.00642097 0.279937 0.00195118 0.00434539 0.00148191 0.0337435 0.00302614 1.73053e-05 1.90608e-05 0.0144108 1.60571e-06 0.0550115 0.00308774 0.22348 0.0627236 0.0103982 0.0522827 0.00768712 0.0108694 0.0110742 8.41739e-05 0.0112975 0.00279044 0.199337 0.00452209 
0.000286999 0.674874 1.46225e-05 0.00294913 0.000245081 0.0630896 0.000450804 0.00470845 0.000175683 0.0031782 3.99287e-09 0.0571117 0.00150307 0.00840424 0.0312462 0.00468028 0.0179196 0.0350525 0.00913415 0.0042409 1.84647e-05 0.000885904 0.0015057 0.0780422 0.000282578 
9.58671e-05 0.46175 1.14484e-06 0.000125086 0.00101013 0.0535177 4.87051e-08 1.24505e-06 3.20485e-06 0.00647165 5.33961e-09 0.0265596 2.37266e-07 0.256386 0.0629691 0.0175484 0.00701506 0.000241423 0.0015396 2.79026e-05 2.55282e-07 0.00139183 0.000237677 0.102876 0.0002314 
0.000115465 0.647528 0.000185868 0.000764089 5.70421e-05 0.000922572 0.00132285 3.60293e-06 2.10441e-06 3.33813e-05 4.48506e-11 0.102422 8.8122e-05 0.00125707 0.0534264 0.00251379 0.00537354 0.00530658 0.00288309 0.00438608 2.98716e-08 0.000147956 6.46198e-05 0.170461 0.000734729 
1.94732e-08 0.661035 3.42005e-12 0.00417379 1.95197e-08 0.0916322 0.000801382 5.8587e-06 5.4405e-08 0.00221925 3.94844e-12 0.023285 0.000276423 9.97084e-08 0.03371 0.0179262 0.0363002 0.000960656 2.25917e-08 0.0700026 0.000286002 2.52566e-08 7.97639e-13 0.0567562 0.000629237 
2.07286e-11 0.791663 1.52328e-08 3.55479e-07 1.43693e-11 0.00800453 8.23908e-07 1.31928e-07 5.60333e-08 1.21443e-07 5.84259e-11 1.3171e-07 2.97264e-07 0.0252738 0.00916509 1.44097e-07 0.0605876 0.000805637 9.79874e-08 0.00327065 9.70362e-08 0.000306405 1.18028e-11 0.099969 0.00095246 
0.00330651 0.187142 0.000115908 0.00213405 0.0170932 0.0704051 0.0585374 0.0862695 0.000252612 0.0547731 1.59168e-08 0.0183842 1.09152e-05 0.0357077 0.0232759 0.00556333 0.0433916 6.92898e-07 0.0566099 0.0673611 6.68105e-05 0.0559714 0.0321547 0.178565 0.00290729 
0.000737459 0.88748 9.62817e-11 7.44403e-05 0.000177829 0.0144971 7.07773e-09 3.04893e-06 9.84204e-05 0.00150231 1.11157e-10 0.001989 0.00156707 0.00228693 0.0162089 0.000328493 0.00216544 0.00944396 0.00261892 0.0013017 1.43474e-06 0.000609682 0.0358984 0.0202908 0.000718454 
0.000140182 0.948231 1.94241e-12 0.000945802 7.57631e-05 0.0137907 6.09717e-07 1.67572e-09 2.7427e-06 0.000662254 2.24251e-12 0.000416308 3.50008e-05 0.00604038 0.00853642 0.00498228 0.00196449 0.000456548 0.000596879 0.00544139 4.94806e-10 6.36131e-05 0.000263575 0.00733092 2.35013e-05 
0.000892673 0.836327 1.48822e-06 0.00634003 0.000215552 0.0162512 6.50805e-07 0.000112996 0.000194405 0.0129665 9.24626e-10 0.00921535 9.57815e-05 0.0074242 0.0389152 0.000931211 0.000813632 0.00069648 0.00628222 0.00367793 7.35684e-07 0.00170437 0.000757884 0.0561782 4.695e-06 
3.20022e-05 0.300569 0.000716343 0.00177371 0.000320663 0.0452325 0.00898645 6.282e-06 4.33218e-06 0.0122142 8.92525e-11 0.0109071 0.00050782 0.0653907 0.0497649 0.0399189 0.0176127 0.147674 0.0406835 0.00688753 6.44217e-11 0.227319 0.0011062 0.0179812 0.00439151 
0.000247422 0.955544 6.43986e-12 0.000884985 4.96046e-05 0.0126925 1.71236e-06 2.74397e-09 1.79732e-06 0.00115112 7.4348e-12 0.000272519 2.29277e-05 0.00535666 0.00841656 0.00326122 0.001837 0.000361342 0.00115924 0.00365051 7.7309e-10 0.000102297 0.000172547 0.00479849 1.53946e-05 
7.73399e-05 0.815349 3.12633e-05 0.00143377 0.000929026 0.0175312 0.000392457 0.000250185 0.000170117 0.000471449 3.99388e-06 0.000151173 0.000180496 0.000636316 0.000556058 0.000448732 0.02085 0.000334478 0.00193296 0.00129115 0.00241892 0.0233776 0.00800214 0.103019 0.000160916 
0.00875337 0.328818 0.00329084 0.00105808 0.00191952 0.0603457 0.00346296 0.00370454 2.78125e-05 0.0210267 0.000440144 0.0262644 0.003997 0.0978275 0.0468034 0.0237543 0.0148649 0.015921 0.0107095 0.0162302 4.36393e-06 0.0272799 0.0224187 0.25702 0.00405699 
0.0628194 0.35968 6.62634e-06 9.04654e-08 9.75244e-07 0.0636515 2.26573e-08 9.64228e-08 1.8275e-08 0.00399198 4.09497e-05 0.00139816 0.000279293 0.0959207 0.0420392 0.000858882 0.113708 1.38075e-06 0.000181899 0.00354704 8.94144e-08 0.000227862 0.000202924 0.249211 0.00223175 
0.000528884 0.833547 0.00554985 0.00462721 0.000178252 0.0177587 1.75004e-05 0.00144573 2.72939e-05 0.00227776 1.40807e-10 0.000459362 0.000633378 0.0205631 0.048627 0.0104622 0.00977769 0.000590851 0.00180471 0.00609699 5.64164e-06 0.000836878 0.00580808 0.0279977 0.000378307 
0.00357263 0.531411 6.46294e-05 0.00881894 0.00171826 0.0321338 0.00239134 0.000268089 4.33393e-05 0.00550895 2.17741e-09 0.0951984 0.000683414 0.00996645 0.0821011 0.00994646 0.00688586 0.00236393 0.0129145 0.00290999 2.77671e-05 0.00117806 0.00203133 0.18414 0.00372124 
5.60304e-05 0.918252 5.95323e-08 0.0004125 3.79718e-06 0.0209473 1.71145e-06 0.0028961 1.30641e-05 0.000557513 8.66821e-09 0.0169396 0.000403236 0.00163658 0.026485 0.00165324 0.000722473 0.000331382 0.00118106 0.000649337 1.97716e-06 9.38468e-05 3.6162e-05 0.00671917 7.03528e-06 
1.45562e-09 0.571003 1.35079e-05 6.69224e-10 3.7345e-06 1.77177e-10 7.50405e-10 3.1935e-09 6.05262e-10 3.29257e-10 4.10282e-09 1.43977e-05 2.85916e-09 0.0173542 1.51981e-06 0.00627884 0.0257278 1.18893e-09 4.49704e-10 6.9982e-06 2.96138e-09 5.84489e-10 8.28825e-10 0.379592 4.36319e-06 
0.000543897 0.497426 4.8112e-08 0.00534135 0.000139951 0.0403642 0.000558271 0.000175363 0.000232651 0.00418744 2.49259e-10 0.314883 0.000384767 0.00385845 0.02187 0.0241684 0.00541821 0.014617 0.00160246 0.00886504 6.28051e-06 0.00178368 0.00145811 0.050011 0.00210465 
3.20022e-05 0.300569 0.000716343 0.00177371 0.000320663 0.0452325 0.00898645 6.282e-06 4.33218e-06 0.0122142 8.92525e-11 0.0109071 0.00050782 0.0653907 0.0497649 0.0399189 0.0176127 0.147674 0.0406835 0.00688753 6.44217e-11 0.227319 0.0011062 0.0179812 0.00439151 
0.00673889 0.599353 0.00103358 0.000312748 1.37628e-05 0.0445393 0.000447489 0.00570364 4.8827e-05 0.00622293 0.00334505 0.0280298 0.00731095 0.07013 0.0467796 0.00460254 0.0556571 0.00568685 0.00286245 0.000452056 8.62119e-07 0.0199572 9.97585e-05 0.0905027 0.000169191 
0.000207146 0.3824 1.6836e-06 0.00232584 0.000580949 0.0469655 0.00012812 6.09204e-08 3.45535e-05 0.0875636 4.38805e-09 0.00896343 2.55385e-05 0.0116609 0.00749029 0.000438062 0.0322061 0.00979445 0.0149464 0.0523328 3.16726e-09 4.35769e-05 0.0484561 0.292407 0.00102798 
3.20022e-05 0.300569 0.000716343 0.00177371 0.000320663 0.0452325 0.00898645 6.282e-06 4.33218e-06 0.0122142 8.92525e-11 0.0109071 0.00050782 0.0653907 0.0497649 0.0399189 0.0176127 0.147674 0.0406835 0.00688753 6.44217e-11 0.227319 0.0011062 0.0179812 0.00439151 
0.000230469 0.9467 3.72329e-12 0.000973666 6.33481e-05 0.0161344 1.20495e-06 4.08996e-08 2.47613e-06 0.00086526 4.29853e-12 0.000450987 3.16299e-05 0.00596167 0.00914317 0.0044905 0.00193225 0.000488871 0.000948703 0.00479248 1.50112e-08 7.97673e-05 0.000255325 0.0064306 2.32839e-05 
0.00798621 0.319853 4.36161e-05 0.00724391 0.00993648 0.067357 0.0858498 2.60045e-05 0.050972 0.00429278 1.46836e-09 0.00631163 0.000192914 0.136847 0.0267075 0.0488677 0.0343206 0.00761144 0.00969221 0.00114532 7.90188e-06 0.0588433 0.00363546 0.111825 0.000431577 
0.000247422 0.955544 6.43986e-12 0.000884985 4.96046e-05 0.0126925 1.71236e-06 2.74397e-09 1.79732e-06 0.00115112 7.4348e-12 0.000272519 2.29277e-05 0.00535666 0.00841656 0.00326122 0.001837 0.000361342 0.00115924 0.00365051 7.7309e-10 0.000102297 0.000172547 0.00479849 1.53946e-05 
0.020454 0.491957 0.000354088 0.0020114 0.00221316 0.00276302 0.000250174 0.00234868 0.072622 0.00944263 2.14515e-07 0.00527819 0.000807623 0.0346031 0.0634903 0.0124106 0.0265847 0.000355838 0.02322 0.00175208 6.0125e-05 0.00219419 0.036815 0.187605 0.000406811 
5.97402e-05 0.922802 4.92243e-08 0.000389297 4.40721e-06 0.0201478 1.18402e-06 0.000146837 1.09098e-05 0.000557454 2.19256e-10 0.0155878 0.000175068 0.00132087 0.0279526 0.00158887 0.000756274 0.000352035 0.00101557 0.000652495 1.30845e-06 0.000103569 3.22188e-05 0.00633461 6.73078e-06 
0.00284174 0.361123 8.00387e-08 0.00161469 0.00334761 0.0501578 0.00125156 0.102623 0.000273499 0.0070945 3.54417e-11 0.0634627 2.48474e-05 0.0395189 0.0749534 0.00575941 0.0146662 0.00114293 0.0278248 0.000403833 0.00199813 0.0452189 0.00356298 0.190576 0.000560065 
2.72539e-07 0.269421 3.49821e-10 0.0193075 0.00183979 0.262206 7.38674e-11 3.14358e-10 5.958e-11 0.0073292 4.03868e-10 0.0249342 1.76088e-06 0.00716595 0.101476 0.0221742 0.0295508 0.00940478 0.112005 1.12913e-10 2.91509e-10 8.58672e-07 1.7217e-06 0.133182 1.86657e-10 
0.00456071 0.322609 0.00124224 0.0147185 0.000844646 0.0352576 0.00323275 0.0139681 0.00346124 0.00579639 2.66208e-07 0.076027 0.000973482 0.037547 0.12536 0.0312703 0.0175544 0.00264461 0.0438004 0.00322736 0.0146982 0.0183383 0.00818409 0.214176 0.000507099 
0.00235582 0.292758 5.71832e-07 0.00788869 0.00279688 0.0403214 0.00195528 9.49572e-06 2.48508e-05 0.152568 0.00494548 0.0118822 6.91351e-05 0.0609247 0.00545125 0.0587009 0.0353273 0.000159133 0.00798737 0.0276596 5.16678e-06 0.00482403 0.00234215 0.273932 0.00511122 
2.72539e-07 0.269421 3.49821e-10 0.0193075 0.00183979 0.262206 7.38674e-11 3.14358e-10 5.958e-11 0.0073292 4.03868e-10 0.0249342 1.76088e-06 0.00716595 0.101476 0.0221742 0.0295508 0.00940478 0.112005 1.12913e-10 2.91509e-10 8.58672e-07 1.7217e-06 0.133182 1.86657e-10 
4.51461e-05 0.998157 8.77734e-13 0.000104013 1.14092e-06 0.000192466 2.0186e-08 0.000139331 2.43117e-05 4.20121e-05 1.01334e-12 4.81162e-05 8.27896e-05 8.95908e-05 0.000281026 4.41302e-06 3.08625e-05 3.09715e-05 7.34913e-05 9.91979e-05 1.92513e-06 2.06663e-05 9.92663e-09 0.000503647 2.77285e-05 
3.20022e-05 0.300569 0.000716343 0.00177371 0.000320663 0.0452325 0.00898645 6.282e-06 4.33218e-06 0.0122142 8.92525e-11 0.0109071 0.00050782 0.0653907 0.0497649 0.0399189 0.0176127 0.147674 0.0406835 0.00688753 6.44217e-11 0.227319 0.0011062 0.0179812 0.00439151 
4.77932e-05 0.937103 3.94594e-08 0.000311439 3.52602e-06 0.0161723 9.47346e-07 0.000164201 8.72816e-06 0.000445965 2.03934e-10 0.0127391 0.000140059 0.00114898 0.0224508 0.0012711 0.000627567 0.00029988 0.00081246 0.00055999 1.04711e-06 8.71266e-05 2.57758e-05 0.00557146 6.85423e-06 
0.000503906 0.236236 1.93684e-05 0.201089 0.0269203 0.0366841 0.00271284 1.5314e-11 0.000131039 0.000823019 3.8939e-07 0.0194215 0.000509504 0.0227696 0.0410791 0.00499667 0.00219728 0.00058025 0.106616 0.144179 1.18199e-06 0.000962378 0.00647933 0.144083 0.00100599 
0.000641976 0.438598 6.82845e-05 0.00203887 0.00123391 0.0428153 0.00715562 0.0297475 0.000285111 0.00630032 5.5652e-11 0.0729995 4.67264e-05 0.044729 0.130032 0.0112782 0.0158987 0.00617229 0.0126482 0.0221125 0.000327332 0.0111909 0.00204963 0.137164 0.00446593 
0.31033 0.441139 2.26235e-05 3.03925e-05 3.57619e-08 0.0218413 0.00230391 1.28057e-05 2.83919e-05 1.607e-05 1.84275e-09 0.0584354 5.88286e-05 0.000728329 0.0115829 0.00402065 0.0533959 0.0604049 1.21002e-05 4.05937e-05 6.93663e-05 0.00037288 0.0234277 0.0112638 0.000462355 
4.77932e-05 0.937103 3.94594e-08 0.000311439 3.52602e-06 0.0161723 9.47346e-07 0.000164201 8.72816e-06 0.000445965 2.03934e-10 0.0127391 0.000140059 0.00114898 0.0224508 0.0012711 0.000627567 0.00029988 0.00081246 0.00055999 1.04711e-06 8.71266e-05 2.57758e-05 0.00557146 6.85423e-06 
0.000247422 0.955544 6.43986e-12 0.000884985 4.96046e-05 0.0126925 1.71236e-06 2.74397e-09 1.79732e-06 0.00115112 7.4348e-12 0.000272519 2.29277e-05 0.00535666 0.00841656 0.00326122 0.001837 0.000361342 0.00115924 0.00365051 7.7309e-10 0.000102297 0.000172547 0.00479849 1.53946e-05 
4.51461e-05 0.998157 8.77734e-13 0.000104013 1.14092e-06 0.000192466 2.0186e-08 0.000139331 2.43117e-05 4.20121e-05 1.01334e-12 4.81162e-05 8.27896e-05 8.95908e-05 0.000281026 4.41302e-06 3.08625e-05 3.09715e-05 7.34913e-05 9.91979e-05 1.92513e-06 2.06663e-05 9.92663e-09 0.000503647 2.77285e-05 
3.22567e-05 0.996357 2.01919e-12 8.5882e-05 8.16743e-07 0.000152749 1.48173e-08 0.00106696 1.73692e-05 3.00121e-05 2.33116e-12 0.000206544 5.9164e-05 0.000351652 0.000454003 2.36673e-05 5.77154e-05 2.21276e-05 5.25015e-05 9.82967e-05 7.73157e-06 1.47645e-05 6.60439e-05 0.000822551 1.98149e-05 
0.000528984 0.447667 0.000198865 0.0342917 0.000716908 0.0614043 0.0033698 0.0028514 0.000235534 0.00547696 0.000532441 0.0464263 0.00185384 0.00834747 0.11337 0.02431 0.041845 0.0102554 0.0494771 0.00239634 0.00602829 0.0115798 0.0568709 0.0694326 0.000533195 
0.0224791 0.481572 1.23437e-07 0.000660205 0.00323711 0.000175986 6.14963e-12 8.4304e-08 3.19172e-06 0.00045046 3.36229e-11 0.0164483 0.00010184 0.0386013 0.00535994 0.00764296 0.000388247 0.000119674 0.0209436 0.0168695 2.42688e-11 0.000134036 0.00856046 0.365329 0.0109231 
0.000431638 0.424254 8.30003e-10 0.00542204 0.00051091 0.0527857 0.00175871 2.65159e-05 5.2208e-06 0.137605 9.58238e-10 0.00707456 5.61584e-05 0.082037 0.0049324 0.0835237 0.0151138 2.86644e-05 0.00317702 0.000591511 6.34337e-07 0.00217371 0.00233328 0.16803 0.00812754 
0.00280261 0.562198 0.000154007 0.00394838 0.00148585 0.0401539 0.000546115 0.000116974 0.000140509 0.00771968 7.49373e-08 0.110777 0.000565248 0.061708 0.0216732 0.0198784 0.0106371 0.00264755 0.00901325 0.0110628 8.69281e-07 0.00187939 0.00125853 0.129509 0.000124249 
0.000526816 0.41091 2.90961e-05 0.000801231 0.000132965 0.0470872 0.0192001 2.56901e-05 6.38287e-08 0.0203256 1.1704e-09 0.0367701 0.0993548 0.0160866 0.0845848 0.00944934 0.0823883 0.00121809 0.00639266 0.0406753 5.55822e-06 6.95368e-05 0.000469439 0.107353 0.0161437 
0.00011126 0.926595 8.79106e-08 7.52105e-05 2.49611e-08 4.38287e-09 1.8563e-08 7.89985e-08 9.65002e-08 6.14075e-05 1.01493e-07 1.11209e-05 0.001405 0.0693257 1.36414e-05 8.27463e-05 0.000134315 7.47623e-06 1.11245e-08 2.83751e-08 7.32566e-08 1.44587e-08 6.87817e-07 0.000933669 0.00124245 
4.14352e-05 0.438671 3.10077e-07 0.000259479 0.000865885 0.0403125 0.000175298 3.13097e-07 4.21763e-06 0.00715273 5.73254e-08 0.00209919 2.32643e-06 0.358005 0.0174674 0.0082536 0.00539106 0.00182525 0.00143371 4.47509e-05 4.82244e-08 0.00125759 0.000153785 0.116311 0.000271712 
4.77932e-05 0.937103 3.94594e-08 0.000311439 3.52602e-06 0.0161723 9.47346e-07 0.000164201 8.72816e-06 0.000445965 2.03934e-10 0.0127391 0.000140059 0.00114898 0.0224508 0.0012711 0.000627567 0.00029988 0.00081246 0.00055999 1.04711e-06 8.71266e-05 2.57758e-05 0.00557146 6.85423e-06 
2.40471e-05 0.486439 3.50382e-06 0.000967129 0.00116863 0.0390023 4.83733e-05 9.41486e-09 8.86439e-05 0.0139054 1.25106e-07 0.125481 5.28038e-05 0.180469 0.00937899 0.0121286 0.0132951 0.0137516 0.0016693 0.00915135 1.23075e-08 0.000700877 0.00072803 0.0914131 0.000132756 
0.00902347 0.346406 0.00490864 0.079195 0.00193339 0.13317 0.0333644 0.00181933 0.00341075 0.0424338 1.98056e-06 0.0260469 0.00172687 0.0110435 0.0456783 0.018984 0.101209 0.0144724 0.0164234 0.00286189 2.03943e-05 0.0278205 0.0258292 0.0336626 0.0185543 
0.00163783 0.540325 0.00270461 0.00297992 0.00140916 0.0359623 0.00171544 0.000450641 0.00739529 0.00593205 1.60007e-06 0.0594476 0.000344008 0.0466105 0.0436388 0.0124471 0.0501536 0.00434726 0.00527187 0.0347535 2.31052e-05 0.0123624 0.00716396 0.122716 0.000206337 
0.00171644 0.490945 2.08226e-06 0.00104397 0.00110718 0.0522154 0.0011973 0.0185323 6.04992e-05 0.00703023 2.33474e-08 0.0269582 0.00141531 0.0564494 0.0364917 0.00494821 0.00703676 0.00683205 0.0155513 0.00304385 0.000238664 0.0206689 0.00194324 0.244169 0.00040233 
0.000810919 0.44412 0.00793474 0.00241022 0.0107928 0.0120956 0.00557048 7.62064e-07 1.13633e-05 0.00258075 3.93151e-08 0.144946 0.0582341 0.00632153 0.0742935 0.00384094 0.0392945 0.00523636 0.008133 0.0491815 2.5212e-07 0.00103371 0.00134171 0.120837 0.00097844 
0.000256749 0.912929 0.00173807 0.000866738 2.16261e-05 0.0194079 2.91184e-05 0.000134746 7.14919e-06 0.00110872 6.91747e-10 0.0104231 0.000114704 0.00457863 0.0307681 0.00104005 0.0014998 0.00051941 0.00283578 0.00167956 8.65245e-07 7.13015e-05 2.11055e-05 0.00979147 0.000156598 
4.77932e-05 0.937103 3.94594e-08 0.000311439 3.52602e-06 0.0161723 9.47346e-07 0.000164201 8.72816e-06 0.000445965 2.03934e-10 0.0127391 0.000140059 0.00114898 0.0224508 0.0012711 0.000627567 0.00029988 0.00081246 0.00055999 1.04711e-06 8.71266e-05 2.57758e-05 0.00557146 6.85423e-06 
0.00252978 0.324696 2.55285e-05 8.02771e-07 9.52654e-05 0.015951 0.00138184 3.46805e-10 2.98718e-09 0.0634624 1.0431e-07 0.147883 3.10497e-10 0.0574843 0.037878 5.62946e-07 2.26028e-07 3.04279e-07 0.0253607 1.24567e-10 0.000142177 0.0991875 0.000872962 0.223047 2.05923e-10 
0.0272616 0.33009 1.69187e-09 0.0230841 0.000852222 0.0502495 0.0286653 1.30432e-07 9.12866e-08 0.0226849 1.95326e-09 0.000601316 0.000327894 0.0637542 0.125438 0.0189377 0.0778744 0.0200286 0.00239509 0.0040408 2.91402e-06 0.00867926 0.0213885 0.173543 0.000100999 
0.00491811 0.252888 0.00237143 0.0447563 0.00754305 0.0363976 0.00294685 9.89209e-05 0.000182668 0.0352614 1.22461e-05 0.0743918 0.000133678 0.193603 0.0802916 0.016028 0.0280657 0.00307327 0.0216499 0.0151112 3.10511e-05 0.00959855 0.0190832 0.149716 0.00184649 
0.050764 0.299246 6.01289e-05 0.00159094 1.5305e-06 0.0400931 7.16867e-05 0.000221664 0.000101731 0.00500282 1.06791e-08 0.0680775 6.5492e-06 0.0703461 0.123401 0.0032601 0.186531 0.00454351 0.00584435 0.000527538 1.73901e-06 0.00292322 0.000361698 0.136983 3.96623e-05 
2.24831e-05 0.676132 1.73051e-06 0.00408727 4.7275e-05 0.0365781 1.90376e-05 0.00272631 3.26382e-05 0.00539337 1.36174e-09 0.0327341 0.00274651 0.0146899 0.0283012 0.00394216 0.0270814 0.0275946 0.00201463 0.00146992 1.59309e-06 0.00186179 0.000812691 0.13156 0.000149218 
6.32394e-07 0.42968 3.24714e-10 0.00877625 7.41439e-06 0.0327955 0.000215392 2.91796e-10 5.53039e-11 0.00274852 3.74882e-10 0.225138 1.86695e-06 0.190867 0.00971047 0.0129212 0.0292256 0.00275886 0.000258812 0.000343017 2.70587e-10 0.000159899 0.000511479 0.0538781 1.93563e-06 
2.1071e-07 0.468992 4.30234e-10 0.000181081 0.000501236 0.00822404 0.000308322 2.56452e-07 7.16877e-08 0.00119158 4.96705e-10 0.000460482 0.000739238 0.068382 0.0286271 0.00119036 0.0090374 0.00053392 2.72072e-07 0.0016989 3.58518e-10 0.000121757 0.0126802 0.39704 8.9438e-05 
4.51461e-05 0.998157 8.77734e-13 0.000104013 1.14092e-06 0.000192466 2.0186e-08 0.000139331 2.43117e-05 4.20121e-05 1.01334e-12 4.81162e-05 8.27896e-05 8.95908e-05 0.000281026 4.41302e-06 3.08625e-05 3.09715e-05 7.34913e-05 9.91979e-05 1.92513e-06 2.06663e-05 9.92663e-09 0.000503647 2.77285e-05 
4.77932e-05 0.937103 3.94594e-08 0.000311439 3.52602e-06 0.0161723 9.47346e-07 0.000164201 8.72816e-06 0.000445965 2.03934e-10 0.0127391 0.000140059 0.00114898 0.0224508 0.0012711 0.000627567 0.00029988 0.00081246 0.00055999 1.04711e-06 8.71266e-05 2.57758e-05 0.00557146 6.85423e-06 
2.41584e-07 0.557448 2.63636e-10 6.51168e-08 0.000203177 0.000353481 1.78476e-07 2.50755e-07 6.30151e-08 0.000144784 3.04367e-10 0.000966519 1.54155e-06 0.0909374 0.000581401 1.66957e-07 0.00175373 2.0852e-05 3.12029e-07 0.00102813 2.1969e-10 5.48204e-07 0.0031553 0.343217 0.000187188 
0.000385389 0.397537 0.121354 2.51423e-06 6.36809e-05 0.00198724 2.60452e-12 1.10841e-11 1.90849e-09 0.000346235 1.42402e-11 0.128922 0.141284 0.0201635 0.00439911 0.00107841 0.000883242 2.71489e-08 0.000877166 0.0664678 1.02784e-11 1.56615e-06 0.000228025 0.114006 1.30222e-05 
0.0017686 0.430466 0.00389157 0.0062301 0.00246766 0.0135376 0.00116253 6.78207e-07 0.000310619 0.0030926 6.74348e-07 0.152477 0.035708 0.00694159 0.0215393 0.00519566 0.00144586 0.00300923 0.0207518 0.0224141 4.60319e-07 0.00191358 0.00171626 0.263661 0.000296987 
0.000247422 0.955544 6.43986e-12 0.000884985 4.96046e-05 0.0126925 1.71236e-06 2.74397e-09 1.79732e-06 0.00115112 7.4348e-12 0.000272519 2.29277e-05 0.00535666 0.00841656 0.00326122 0.001837 0.000361342 0.00115924 0.00365051 7.7309e-10 0.000102297 0.000172547 0.00479849 1.53946e-05 
4.77932e-05 0.937103 3.94594e-08 0.000311439 3.52602e-06 0.0161723 9.47346e-07 0.000164201 8.72816e-06 0.000445965 2.03934e-10 0.0127391 0.000140059 0.00114898 0.0224508 0.0012711 0.000627567 0.00029988 0.00081246 0.00055999 1.04711e-06 8.71266e-05 2.57758e-05 0.00557146 6.85423e-06 
4.77932e-05 0.937103 3.94594e-08 0.000311439 3.52602e-06 0.0161723 9.47346e-07 0.000164201 8.72816e-06 0.000445965 2.03934e-10 0.0127391 0.000140059 0.00114898 0.0224508 0.0012711 0.000627567 0.00029988 0.00081246 0.00055999 1.04711e-06 8.71266e-05 2.57758e-05 0.00557146 6.85423e-06 
6.95728e-05 0.496182 0.00111963 0.00570901 0.000924353 0.0429331 0.00292415 0.00378203 5.0131e-05 0.00491047 1.07264e-06 0.00495653 0.0118455 0.100235 0.0395874 0.00266569 0.0110046 0.000494825 0.00489642 0.00255623 2.34219e-05 0.0114462 0.00519827 0.246321 0.000163363 
3.20022e-05 0.300569 0.000716343 0.00177371 0.000320663 0.0452325 0.00898645 6.282e-06 4.33218e-06 0.0122142 8.92525e-11 0.0109071 0.00050782 0.0653907 0.0497649 0.0399189 0.0176127 0.147674 0.0406835 0.00688753 6.44217e-11 0.227319 0.0011062 0.0179812 0.00439151 
0.000590895 0.277888 2.20772e-05 0.00103252 0.00264118 0.0662147 0.00120649 7.08306e-07 2.59178e-05 0.00925406 3.29814e-08 0.00471809 0.000206597 0.266043 0.0469521 0.0118384 0.0498051 0.00694494 0.0239355 0.00122558 6.12723e-07 0.00216455 0.0018683 0.224921 0.000499857 
0.000247422 0.955544 6.43986e-12 0.000884985 4.96046e-05 0.0126925 1.71236e-06 2.74397e-09 1.79732e-06 0.00115112 7.4348e-12 0.000272519 2.29277e-05 0.00535666 0.00841656 0.00326122 0.001837 0.000361342 0.00115924 0.00365051 7.7309e-10 0.000102297 0.000172547 0.00479849 1.53946e-05 
8.92993e-05 0.734558 2.81292e-06 0.00252246 0.00034071 0.0127494 0.000158714 4.64093e-05 1.84786e-05 0.00170665 6.9489e-10 0.0337901 0.088568 0.00756718 0.0164613 0.000727159 0.00239162 0.00038775 0.00463744 0.00334876 1.08015e-06 0.00020368 0.000241174 0.0894243 5.71308e-05 
0.00615825 0.2127 1.92002e-05 0.0156274 0.00140994 0.0907117 0.0422447 0.00807349 0.0169854 0.0208375 0.0019892 0.0141435 0.000920378 0.113136 0.0542585 0.03736 0.157717 0.00856718 0.0399273 0.00385771 0.00022522 0.0178635 0.00453098 0.128978 0.00175734 
0.0026863 0.237228 7.84395e-05 0.0045292 0.000588463 0.0483049 0.00255428 7.92053e-06 1.27098e-06 0.0143781 0.00107931 0.118455 0.000211753 0.0262993 0.0666202 0.121397 0.0696881 0.00305697 0.00550761 0.00831432 3.05229e-05 0.0366323 0.00375995 0.228461 0.00012969 
0.0626105 0.672644 1.90393e-08 8.78892e-05 0.000185026 0.00217217 0.00072394 2.27854e-05 1.55925e-07 0.000191155 4.99947e-11 0.00415081 0.000244858 0.0157613 0.00105895 0.00277407 0.0116439 0.0001528 0.00386384 0.000432424 3.60858e-11 0.0019178 0.00148714 0.217875 2.31062e-11 
5.36156e-05 0.333631 0.017293 0.00228705 4.32415e-05 0.0033506 7.91887e-09 2.59816e-12 7.62905e-06 0.000731282 3.33796e-12 0.189703 0.284154 0.0092302 0.00449499 0.00149638 0.000539705 0.000744263 0.00248636 0.0924986 2.40931e-12 1.59797e-05 0.000756499 0.0564452 3.75997e-05 
0.00168872 0.791587 0.000187235 0.000651338 0.000550104 0.00877676 0.000421236 9.89428e-08 1.33585e-06 0.00386177 2.03202e-10 0.000485946 0.00390124 0.0861491 0.0047066 0.00240858 0.0655969 2.38959e-05 0.00470658 0.00148551 2.54425e-08 0.0049022 0.00036391 0.017444 0.000100361 
0.000337691 0.443317 0.00140665 0.00140774 0.000141205 0.0445421 0.00283524 0.00145363 0.000138006 0.00590536 5.73359e-06 0.0937596 0.000538739 0.0353133 0.03008 0.00635264 0.02098 0.0229073 0.00248073 0.00597763 6.38082e-06 0.00696879 0.00117647 0.267987 0.00398099 
6.7096e-05 0.446905 9.56263e-06 0.00130793 0.000121209 0.0232079 0.000638224 0.00816255 0.000185272 0.00614879 4.28386e-11 0.106129 0.000562998 0.00786898 0.00863839 0.00233342 0.02156 0.00211067 0.00132319 0.322816 1.1259e-05 0.00103952 0.00125793 0.0350731 0.00252273 
5.974e-05 0.922265 4.92078e-08 0.000389296 4.40716e-06 0.0200722 1.18399e-06 0.000193553 1.09098e-05 0.000547155 2.13497e-10 0.0159238 0.000175068 0.00134255 0.0278383 0.00152532 0.000564248 0.00029812 0.00101557 0.000676583 1.30838e-06 0.000103497 2.07022e-05 0.00696432 7.23924e-06 
4.77932e-05 0.937103 3.94594e-08 0.000311439 3.52602e-06 0.0161723 9.47346e-07 0.000164201 8.72816e-06 0.000445965 2.03934e-10 0.0127391 0.000140059 0.00114898 0.0224508 0.0012711 0.000627567 0.00029988 0.00081246 0.00055999 1.04711e-06 8.71266e-05 2.57758e-05 0.00557146 6.85423e-06 
5.36156e-05 0.333631 0.017293 0.00228705 4.32415e-05 0.0033506 7.91887e-09 2.59816e-12 7.62905e-06 0.000731282 3.33796e-12 0.189703 0.284154 0.0092302 0.00449499 0.00149638 0.000539705 0.000744263 0.00248636 0.0924986 2.40931e-12 1.59797e-05 0.000756499 0.0564452 3.75997e-05 
0.0180153 0.689669 0.000316093 3.47776e-07 4.52618e-05 9.03352e-05 1.62188e-11 1.04616e-08 1.27877e-09 0.0169058 4.88449e-08 0.0234628 6.17961e-11 0.00648202 0.00123511 1.0514e-11 4.41798e-09 0.00856348 0.00443034 0.00149205 6.40054e-11 0.00670619 0.00104798 0.221532 5.66895e-06 
3.20022e-05 0.300569 0.000716343 0.00177371 0.000320663 0.0452325 0.00898645 6.282e-06 4.33218e-06 0.0122142 8.92525e-11 0.0109071 0.00050782 0.0653907 0.0497649 0.0399189 0.0176127 0.147674 0.0406835 0.00688753 6.44217e-11 0.227319 0.0011062 0.0179812 0.00439151 
0.00239597 0.702495 0.000622082 0.00415656 2.10129e-05 0.0408802 2.60736e-05 5.84664e-05 0.00503251 0.00194183 3.57145e-07 0.0387467 0.000839246 0.00963892 0.0619421 0.00426537 0.0145703 0.00063494 0.00215979 0.0106838 9.58498e-06 0.0017613 0.000466661 0.0964828 0.000168348 
0.00052197 0.216742 0.000427127 0.0110683 0.000711385 0.097077 0.000545511 2.27161e-06 0.00100776 0.0410543 2.12147e-07 0.00379222 0.00150216 0.0552802 0.116476 0.0100677 0.167835 0.0256312 0.0528015 0.0049564 3.58476e-06 0.046635 0.0199259 0.125786 0.000148522 
6.32394e-07 0.42968 3.24714e-10 0.00877625 7.41439e-06 0.0327955 0.000215392 2.91796e-10 5.53039e-11 0.00274852 3.74882e-10 0.225138 1.86695e-06 0.190867 0.00971047 0.0129212 0.0292256 0.00275886 0.000258812 0.000343017 2.70587e-10 0.000159899 0.000511479 0.0538781 1.93563e-06 
4.77932e-05 0.937103 3.94594e-08 0.000311439 3.52602e-06 0.0161723 9.47346e-07 0.000164201 8.72816e-06 0.000445965 2.03934e-10 0.0127391 0.000140059 0.00114898 0.0224508 0.0012711 0.000627567 0.00029988 0.00081246 0.00055999 1.04711e-06 8.71266e-05 2.57758e-05 0.00557146 6.85423e-06 
0.000746232 0.780136 1.49286e-08 0.000657505 0.000141467 0.0189815 0.000139993 0.00149147 1.13115e-05 0.00370159 7.96326e-10 0.0151381 0.00518599 0.0217118 0.0323321 0.00230479 0.00274394 0.00176716 0.00636292 0.00360964 3.66323e-07 0.00381661 0.000645026 0.0981867 0.000187676 
0.000458453 0.777006 6.74142e-05 0.00178238 4.52466e-06 0.0442769 0.000170894 0.00055543 2.43914e-05 0.00316835 2.36788e-10 0.0273401 0.00113968 0.0108598 0.0941659 0.00309064 0.000860966 0.00279864 0.00553342 0.00432587 5.88162e-07 0.00225346 0.000780071 0.0193077 2.80926e-05 
0.000336287 0.458173 6.89685e-05 0.00456859 0.000502286 0.0472042 0.00161166 5.63935e-07 2.59854e-05 0.00456868 2.54123e-08 0.0366167 0.000703115 0.01847 0.0368661 0.0101478 0.0663966 0.0142391 0.00114251 0.0662279 3.62527e-07 0.00560862 0.00132485 0.22236 0.0028367 
0.000419928 0.637334 2.98111e-06 0.00991374 0.000154901 0.139127 5.66042e-05 5.80025e-07 1.61249e-05 0.0163976 4.86282e-10 0.0103212 2.62947e-05 0.0216656 0.0263002 0.0145574 0.0286812 0.0121407 0.000941591 0.0144687 5.68557e-07 0.000613331 0.00399036 0.0628512 1.77535e-05 
0.00013365 0.863508 4.63533e-09 0.000822469 0.000120152 0.017746 2.28607e-05 2.34203e-09 5.00993e-06 0.00416118 6.015e-12 0.00304208 5.26726e-05 0.00701979 0.00687054 0.00658597 0.00330301 0.00029887 0.000975658 0.0631139 4.68691e-07 0.000291849 0.000536959 0.021332 5.68272e-05 
4.77932e-05 0.937103 3.94594e-08 0.000311439 3.52602e-06 0.0161723 9.47346e-07 0.000164201 8.72816e-06 0.000445965 2.03934e-10 0.0127391 0.000140059 0.00114898 0.0224508 0.0012711 0.000627567 0.00029988 0.00081246 0.00055999 1.04711e-06 8.71266e-05 2.57758e-05 0.00557146 6.85423e-06 
0.000140182 0.948231 1.94241e-12 0.000945802 7.57631e-05 0.0137907 6.09717e-07 1.67572e-09 2.7427e-06 0.000662254 2.24251e-12 0.000416308 3.50008e-05 0.00604038 0.00853642 0.00498228 0.00196449 0.000456548 0.000596879 0.00544139 4.94806e-10 6.36131e-05 0.000263575 0.00733092 2.35013e-05 
0.00378434 0.455549 5.91873e-05 0.00907903 3.4753e-05 0.0261109 0.000290229 0.0459183 0.000194872 0.00516315 8.52415e-09 0.0263639 2.39963e-07 0.0305258 0.0813862 0.0270257 0.116018 0.0167487 0.000207757 0.0373732 2.62683e-06 0.00367398 0.000955563 0.113277 0.000256562 
0.000295063 0.950088 6.74819e-12 0.000951101 5.30911e-05 0.0152069 1.9897e-06 3.61147e-08 2.01189e-06 0.00119665 7.79077e-12 0.000388539 2.32379e-05 0.0055902 0.00920889 0.00372446 0.00183838 0.000448105 0.00131968 0.00393506 1.30922e-08 0.000109295 0.000215878 0.00538449 1.87202e-05 
6.69578e-05 0.875914 8.40864e-08 0.000311627 6.03236e-06 0.0320337 9.49189e-10 0.00025166 1.87015e-05 0.000878364 2.69585e-10 0.0255933 0.000218107 0.00226433 0.0467772 0.00259734 0.00106296 0.000530343 0.00151079 0.000839912 7.8323e-07 0.000120188 5.52296e-05 0.00894201 6.20319e-06 
4.77932e-05 0.937103 3.94594e-08 0.000311439 3.52602e-06 0.0161723 9.47346e-07 0.000164201 8.72816e-06 0.000445965 2.03934e-10 0.0127391 0.000140059 0.00114898 0.0224508 0.0012711 0.000627567 0.00029988 0.00081246 0.00055999 1.04711e-06 8.71266e-05 2.57758e-05 0.00557146 6.85423e-06 
0.000684807 0.331656 7.97587e-12 0.000350762 0.000327514 0.0831805 4.39646e-05 0.000125337 1.36124e-05 0.000901053 9.20814e-12 0.0080074 0.000870297 0.0630377 0.0551604 0.0119992 0.0985527 0.0992105 0.00825557 0.0297614 0.000311011 0.00101725 0.00224941 0.202873 0.00141093 
0.0115352 0.260261 0.00052266 0.000928215 0.00384907 0.0236443 0.00573592 0.00030997 3.35865e-05 0.0725567 0.0055691 0.0246546 9.56445e-06 0.10677 0.103747 0.00712474 0.115713 0.000820316 0.00424063 0.0126241 1.11461e-06 0.0286851 0.001862 0.206331 0.00246948 
0.00198217 0.498837 0.02024 0.0100428 0.00817748 0.0093529 0.00510747 8.05856e-06 6.20362e-06 0.00424615 3.7441e-08 0.0592492 0.000367838 0.00900006 0.13647 0.0743421 0.00292119 0.00122349 0.00487446 0.00627164 4.27483e-06 0.00161171 0.00130378 0.144173 0.000187479 
4.77932e-05 0.937103 3.94594e-08 0.000311439 3.52602e-06 0.0161723 9.47346e-07 0.000164201 8.72816e-06 0.000445965 2.03934e-10 0.0127391 0.000140059 0.00114898 0.0224508 0.0012711 0.000627567 0.00029988 0.00081246 0.00055999 1.04711e-06 8.71266e-05 2.57758e-05 0.00557146 6.85423e-06 
0.0137419 0.322969 3.63497e-05 0.00612594 0.00119406 0.0569887 0.098718 2.14568e-05 0.059894 0.00436802 1.4305e-10 0.0086663 0.000162312 0.102518 0.0225946 0.020417 0.0158192 0.00643546 0.00819705 0.000967236 6.43376e-06 0.0301037 0.00333846 0.216334 0.000382664 
0.00243498 0.338983 0.000300292 0.0046244 0.00356735 0.0100095 0.00272152 4.98156e-06 7.88292e-05 0.00869141 1.52325e-08 0.312154 3.39916e-05 0.0311248 0.034756 0.027415 0.0249634 0.0274163 0.00341753 0.0312359 4.41577e-07 0.00292276 0.00148865 0.049864 0.0817913 
0.000133863 0.237768 4.60671e-05 0.0201781 0.00057117 0.0364677 0.00442122 4.01909e-08 1.66894e-05 0.00387848 4.58539e-05 0.149644 0.00010323 0.18027 0.00614852 0.015263 0.0830167 0.165682 0.000683562 0.00277385 7.4602e-07 0.00151201 0.0012699 0.0855283 0.0045771 
4.77932e-05 0.937103 3.94594e-08 0.000311439 3.52602e-06 0.0161723 9.47346e-07 0.000164201 8.72816e-06 0.000445965 2.03934e-10 0.0127391 0.000140059 0.00114898 0.0224508 0.0012711 0.000627567 0.00029988 0.00081246 0.00055999 1.04711e-06 8.71266e-05 2.57758e-05 0.00557146 6.85423e-06 
0.00216555 0.629285 0.000149626 0.00490755 0.000740574 0.00666646 0.00351671 0.000153488 1.16899e-05 0.0363635 6.11068e-10 0.0620755 0.000120997 0.00691333 0.0642443 0.0203263 0.0149277 0.00769034 0.00458707 0.00328867 9.14326e-05 0.00154766 0.00466484 0.125007 0.000554968 
0.0733268 0.301984 0.000136405 0.00756351 0.00122617 0.00969998 0.000780994 8.07487e-06 0.00514233 0.00469005 1.3961e-07 0.130014 0.065846 0.0535211 0.0415537 0.0109368 0.0454904 0.00130036 0.0105304 0.0470537 7.95487e-07 0.00566457 0.00790592 0.175466 0.000157661 
4.60126e-05 0.280782 7.27167e-06 0.00264129 5.3862e-05 0.145463 0.00220773 0.000104562 0.00028947 0.00335227 4.08319e-09 0.0269381 0.000681211 0.16094 0.073621 0.00620072 0.131631 0.00509787 0.000690151 0.00177554 0.000339942 0.0162889 0.000593207 0.139905 0.000350525 
0.010111 0.231022 9.64528e-05 0.0331238 0.00552755 0.136257 0.00582749 0.002596 0.000263657 0.0110124 5.97971e-05 0.0558461 0.00128305 0.0296259 0.120996 0.031655 0.02796 0.00252828 0.0581483 0.0293678 0.00463899 0.00631635 0.0389405 0.156542 0.000254008 
0.00168872 0.791587 0.000187235 0.000651338 0.000550104 0.00877676 0.000421236 9.89428e-08 1.33585e-06 0.00386177 2.03202e-10 0.000485946 0.00390124 0.0861491 0.0047066 0.00240858 0.0655969 2.38959e-05 0.00470658 0.00148551 2.54425e-08 0.0049022 0.00036391 0.017444 0.000100361 
0.00360492 0.325316 0.00034223 0.0077272 0.000862222 0.0401437 0.00183177 0.00117566 0.0016493 0.0163639 0.000766205 0.046569 0.0958135 0.0442813 0.031727 0.012297 0.0180134 0.0095226 0.00589482 0.00793732 2.71622e-05 0.00513319 0.00989581 0.298091 0.0150138 
0.000140182 0.948231 1.94241e-12 0.000945802 7.57631e-05 0.0137907 6.09717e-07 1.67572e-09 2.7427e-06 0.000662254 2.24251e-12 0.000416308 3.50008e-05 0.00604038 0.00853642 0.00498228 0.00196449 0.000456548 0.000596879 0.00544139 4.94806e-10 6.36131e-05 0.000263575 0.00733092 2.35013e-05 
5.97402e-05 0.922802 4.92243e-08 0.000389297 4.40721e-06 0.0201478 1.18402e-06 0.000146837 1.09098e-05 0.000557454 2.19256e-10 0.0155878 0.000175068 0.00132087 0.0279526 0.00158887 0.000756274 0.000352035 0.00101557 0.000652495 1.30845e-06 0.000103569 3.22188e-05 0.00633461 6.73078e-06 
0.00715335 0.283986 0.000860897 0.00693488 0.00346691 0.0546887 0.00604553 0.00235659 0.000511244 0.0142335 2.4403e-06 0.0787395 0.0121019 0.0841636 0.0486056 0.0108142 0.0391966 0.00667621 0.0134649 0.0374907 0.00165869 0.00848996 0.00763345 0.267405 0.0033198 
3.20022e-05 0.300569 0.000716343 0.00177371 0.000320663 0.0452325 0.00898645 6.282e-06 4.33218e-06 0.0122142 8.92525e-11 0.0109071 0.00050782 0.0653907 0.0497649 0.0399189 0.0176127 0.147674 0.0406835 0.00688753 6.44217e-11 0.227319 0.0011062 0.0179812 0.00439151 
0.00103847 0.668311 1.96025e-06 0.00357459 0.000613587 0.0755657 0.0177605 3.15522e-09 6.15405e-05 0.00712958 5.98743e-07 0.00256773 0.000327423 0.0272621 0.0315379 0.0102018 0.0645667 0.00733982 0.00519797 0.0491582 7.70528e-07 0.00232195 0.00425294 0.0208086 0.000398208 
3.91378e-05 0.912671 3.39363e-08 0.000604106 2.52424e-05 0.0132321 7.7884e-07 0.000134904 7.15293e-06 0.00118477 8.4923e-10 0.0104232 0.000114764 0.000940186 0.0409577 0.00242589 0.000909083 0.000245417 0.0047051 0.000458273 8.68706e-07 0.000270028 0.000400236 0.010244 5.62146e-06 
4.77932e-05 0.937103 3.94594e-08 0.000311439 3.52602e-06 0.0161723 9.47346e-07 0.000164201 8.72816e-06 0.000445965 2.03934e-10 0.0127391 0.000140059 0.00114898 0.0224508 0.0012711 0.000627567 0.00029988 0.00081246 0.00055999 1.04711e-06 8.71266e-05 2.57758e-05 0.00557146 6.85423e-06 
0.00168872 0.791587 0.000187235 0.000651338 0.000550104 0.00877676 0.000421236 9.89428e-08 1.33585e-06 0.00386177 2.03202e-10 0.000485946 0.00390124 0.0861491 0.0047066 0.00240858 0.0655969 2.38959e-05 0.00470658 0.00148551 2.54425e-08 0.0049022 0.00036391 0.017444 0.000100361 
0.00897288 0.361447 2.47005e-05 0.00925682 0.0179166 0.0331486 0.000652495 6.42989e-07 2.60239e-05 0.0212825 3.74049e-06 0.0221524 7.65983e-05 0.0347496 0.0639433 0.00901057 0.0196423 0.00126142 0.0116186 0.0250284 1.8263e-05 0.00937768 0.0119719 0.33808 0.000336836 
4.20515e-05 0.811081 1.33539e-06 0.000462962 4.14887e-06 0.0206747 4.70294e-07 0.000179238 4.94361e-06 0.000381559 4.38968e-10 0.0483281 0.000113191 0.00330954 0.0354888 0.00254971 0.00577104 0.000806911 0.000925653 0.000321732 9.34221e-07 0.000353809 3.27593e-05 0.0690285 0.000137029 
0.000140182 0.948231 1.94241e-12 0.000945802 7.57631e-05 0.0137907 6.09717e-07 1.67572e-09 2.7427e-06 0.000662254 2.24251e-12 0.000416308 3.50008e-05 0.00604038 0.00853642 0.00498228 0.00196449 0.000456548 0.000596879 0.00544139 4.94806e-10 6.36131e-05 0.000263575 0.00733092 2.35013e-05 
0.000562947 0.937601 4.51211e-08 0.0123333 5.06371e-05 0.00429565 1.87342e-05 9.0001e-05 0.000123333 0.00128019 7.58535e-12 0.00036737 8.40893e-05 0.00178864 0.0240847 0.000885654 0.00438218 0.00059036 0.000331936 0.000721442 5.35097e-06 0.000286622 0.00083383 0.00901744 0.000264188 
0.00597605 0.588746 0.00111971 0.0272608 0.000511964 0.0174458 0.000902948 6.23082e-07 0.000924625 0.00375828 2.63914e-07 0.0159357 0.00337057 0.00197363 0.0194271 0.0137068 0.00406391 0.00256918 0.041271 0.00852404 4.3182e-09 0.0030791 0.00331879 0.235955 0.000158166 
5.97402e-05 0.922802 4.92243e-08 0.000389297 4.40721e-06 0.0201478 1.18402e-06 0.000146837 1.09098e-05 0.000557454 2.19256e-10 0.0155878 0.000175068 0.00132087 0.0279526 0.00158887 0.000756274 0.000352035 0.00101557 0.000652495 1.30845e-06 0.000103569 3.22188e-05 0.00633461 6.73078e-06 
0.000140182 0.948231 1.94241e-12 0.000945802 7.57631e-05 0.0137907 6.09717e-07 1.67572e-09 2.7427e-06 0.000662254 2.24251e-12 0.000416308 3.50008e-05 0.00604038 0.00853642 0.00498228 0.00196449 0.000456548 0.000596879 0.00544139 4.94806e-10 6.36131e-05 0.000263575 0.00733092 2.35013e-05 
3.20022e-05 0.300569 0.000716343 0.00177371 0.000320663 0.0452325 0.00898645 6.282e-06 4.33218e-06 0.0122142 8.92525e-11 0.0109071 0.00050782 0.0653907 0.0497649 0.0399189 0.0176127 0.147674 0.0406835 0.00688753 6.44217e-11 0.227319 0.0011062 0.0179812 0.00439151 
0.00394656 0.650299 6.96741e-06 0.00456224 0.000141818 0.0221499 0.000152387 0.00230823 1.91444e-05 0.00360131 1.55828e-09 0.110108 0.000151025 0.00235214 0.0687477 0.00271299 0.0191312 0.0102173 0.00228943 0.0617255 4.50895e-06 0.000677466 9.22633e-05 0.0343456 0.000257947 
0.000140182 0.948231 1.94241e-12 0.000945802 7.57631e-05 0.0137907 6.09717e-07 1.67572e-09 2.7427e-06 0.000662254 2.24251e-12 0.000416308 3.50008e-05 0.00604038 0.00853642 0.00498228 0.00196449 0.000456548 0.000596879 0.00544139 4.94806e-10 6.36131e-05 0.000263575 0.00733092 2.35013e-05 
3.20022e-05 0.300569 0.000716343 0.00177371 0.000320663 0.0452325 0.00898645 6.282e-06 4.33218e-06 0.0122142 8.92525e-11 0.0109071 0.00050782 0.0653907 0.0497649 0.0399189 0.0176127 0.147674 0.0406835 0.00688753 6.44217e-11 0.227319 0.0011062 0.0179812 0.00439151 
