0.0373089 0.00196787 0.00026735 0.0217833 0.0107908 0.0356157 0.0322811 3.20067e-05 7.52524e-05 0.0913928 0.420365 0.00240437 0.00251532 0.0130717 0.00861844 0.0264188 0.0987996 0.00296755 0.0349532 0.00117192 4.55686e-05 0.0568712 0.084339 0.0154385 0.000505052 
1.16547e-05 9.36149e-10 0.0015788 5.33613e-06 1.11957e-09 2.26043e-05 0.236104 3.5433e-09 5.25265e-07 0.004497 0.745241 5.28949e-10 3.81507e-07 0.00571745 0.00191916 2.61041e-07 0.000267247 0.000222923 0.00434278 1.35214e-06 3.16775e-07 1.2967e-05 5.14553e-05 4.1493e-07 1.84632e-06 
0.00123172 0.000190029 0.0621 0.000619281 0.000391473 0.016144 0.111132 2.10937e-06 1.74601e-05 0.0105839 0.667209 0.000213422 0.000275181 0.031003 0.00681211 0.00145546 0.011382 0.0467195 0.00620012 0.000342177 6.7329e-07 0.00838561 0.00358919 0.00288244 0.0111181 
0.000420941 0.000348896 0.0455314 0.000594504 0.000744463 0.0321122 0.141546 1.24342e-06 1.49475e-05 0.01177 0.596857 0.000658704 0.00111087 0.0412476 0.0109177 0.00432623 0.0241863 0.0561024 0.00545255 9.40031e-05 3.23775e-07 0.00882755 0.00436101 0.004799 0.00797351 
0.112018 0.00684841 5.61247e-05 0.00118475 0.00365655 5.41307e-06 0.000128976 2.68144e-08 2.13076e-06 0.192382 0.264961 4.0029e-09 1.24728e-06 0.0583456 0.173648 0.00815825 0.000170865 1.7619e-06 0.122314 2.81578e-06 2.48655e-08 0.00129353 0.0094088 0.0453906 2.0925e-05 
0.00401549 0.00401381 0.000791762 0.00103373 0.00626457 0.0171822 0.00153886 0.000256248 2.90754e-05 0.0577567 0.304459 0.00255819 2.39532e-05 0.299842 0.0111402 0.0164347 0.157222 0.0022232 0.0318123 0.00179826 0.00724348 0.0315346 0.0178177 0.0229656 4.28643e-05 
0.00243285 0.00140139 0.000109442 0.000283569 1.13746e-05 0.0353491 0.286564 5.62616e-07 3.91539e-07 0.00327838 0.287129 2.57911e-06 7.07295e-06 0.0837858 0.0403505 1.10385e-05 0.105259 0.00867794 0.00604433 0.00131264 5.11349e-05 0.0007416 0.0392725 0.0979212 2.61544e-06 
1.71661e-08 0.000190369 8.28385e-06 0.000141949 5.2419e-13 0.00267373 0.00010076 6.7191e-08 2.15701e-08 0.000642438 0.954149 1.2633e-09 2.94105e-08 0.000530126 1.00438e-08 2.56757e-08 0.0150137 0.000123276 0.0149212 1.17991e-08 0.00817713 0.00274602 0.000581433 2.66084e-08 9.85065e-13 
0.000933834 1.43546e-06 0.00421581 2.07103e-06 0.000279638 0.00952554 0.107922 3.35934e-09 2.04198e-07 0.0192492 0.81274 5.01488e-10 1.49815e-07 0.0136724 0.0077107 0.00169093 0.000814348 0.000138771 0.0092701 5.25392e-07 1.2476e-07 0.00817808 0.00112744 0.00202865 0.000497998 
0.00185676 1.85882e-06 0.00727636 4.77069e-10 0.00139126 0.012801 0.0045017 2.27654e-09 4.31472e-10 0.0316919 0.849589 3.39846e-10 2.03821e-09 0.0152451 0.0202021 0.00617686 0.00204217 4.04732e-05 0.0132646 8.17701e-10 2.11108e-09 0.0219715 0.00238937 0.00951797 4.05242e-05 
0.00213875 8.8379e-06 0.00543281 6.68719e-06 0.00109355 4.51975e-06 0.0149573 7.44253e-07 1.60529e-06 0.0340865 0.880729 4.80666e-06 7.59448e-09 0.0125117 0.00802807 0.000138183 0.0131942 0.00130376 0.0118147 1.86427e-05 2.05475e-06 0.00344185 0.0106044 0.000447936 2.88393e-05 
0.0178149 7.27298e-05 8.56029e-08 0.000161116 0.000158243 0.0188622 0.000207907 7.69247e-08 5.04881e-06 0.0072252 0.785634 1.63226e-05 4.78116e-05 0.0219885 0.023128 1.80636e-05 0.0444152 6.18187e-05 0.0337988 2.7732e-05 7.13335e-08 0.0140952 0.000636181 0.0309534 0.000671028 
0.000933231 2.42664e-05 2.2056e-05 0.000937484 0.262968 0.0158964 0.0197777 1.94955e-05 9.53853e-06 0.00387048 0.517545 9.94803e-05 0.000117116 0.0175494 0.000362633 0.00350124 0.00100424 0.00020251 0.0049201 0.000973577 5.10551e-06 0.148191 0.000368857 0.000563147 0.000138454 
0.0520469 1.85589e-06 1.55522e-06 3.70278e-07 2.39284e-07 0.0492152 0.00541019 6.15638e-11 2.03038e-07 0.0171602 0.525726 1.56245e-07 7.9376e-07 0.0547998 1.11409e-06 0.00675092 0.255711 2.95692e-07 0.00521818 1.54812e-07 5.70891e-11 1.85017e-06 4.6817e-07 0.0277516 0.000201289 
7.07762e-08 0.00504839 3.592e-05 0.00325704 2.32593e-07 0.128193 0.136491 2.67672e-11 5.07317e-12 0.17847 0.291597 0.000121556 2.39648e-11 0.0461138 1.10654e-06 5.65537e-07 0.0962305 0.024757 0.000299165 1.42302e-07 2.48216e-11 0.0706181 7.48201e-07 0.0187645 1.58936e-11 
7.07762e-08 0.00504839 3.592e-05 0.00325704 2.32593e-07 0.128193 0.136491 2.67672e-11 5.07317e-12 0.17847 0.291597 0.000121556 2.39648e-11 0.0461138 1.10654e-06 5.65537e-07 0.0962305 0.024757 0.000299165 1.42302e-07 2.48216e-11 0.0706181 7.48201e-07 0.0187645 1.58936e-11 
3.8619e-05 0.0386572 0.0196827 0.00427864 8.86227e-08 0.091557 0.00416426 4.09279e-09 4.68535e-08 0.0830293 0.23994 0.00258053 3.6643e-09 0.100285 0.0876474 0.0160365 0.0464105 4.87094e-07 0.0206101 0.00192742 1.00798e-05 0.16165 0.0121018 0.0693854 5.80123e-06 
0.217029 0.00929731 0.00205854 0.00176454 0.00253536 0.0107314 0.00451374 5.25642e-06 1.90468e-05 0.0242609 0.278478 0.000672984 0.0393468 0.175343 0.00401013 0.0357051 0.0271631 0.000131961 0.0919453 0.00383809 1.68771e-05 0.0282432 0.0223506 0.02049 4.9018e-05 
0.000292182 0.000235303 3.049e-09 1.57488e-05 0.0276558 0.000933184 0.00157572 0.00233507 2.9962e-06 0.000649666 0.790246 0.00139234 1.07632e-06 0.00760241 0.0330204 0.0942689 0.00875887 0.0211744 0.00662288 2.37408e-05 1.37981e-05 1.72547e-05 0.000711274 0.00229808 0.000153257 
8.78017e-06 5.08932e-06 2.14361e-05 4.03671e-06 6.0865e-06 1.06872e-06 4.52639e-06 1.9263e-05 3.6509e-06 1.98605e-06 0.999838 2.8756e-06 1.72463e-05 3.19338e-06 1.41015e-06 2.93429e-06 2.19495e-06 7.17156e-06 2.71259e-06 6.91897e-06 1.78628e-05 3.52559e-06 4.99941e-06 1.48251e-06 1.14378e-05 
0.0178149 7.27298e-05 8.56029e-08 0.000161116 0.000158243 0.0188622 0.000207907 7.69247e-08 5.04881e-06 0.0072252 0.785634 1.63226e-05 4.78116e-05 0.0219885 0.023128 1.80636e-05 0.0444152 6.18187e-05 0.0337988 2.7732e-05 7.13335e-08 0.0140952 0.000636181 0.0309534 0.000671028 
0.000158785 1.85916e-05 0.00517783 0.00104482 5.05046e-06 0.0379784 0.241738 3.63595e-06 1.1181e-06 0.00384478 0.579345 0.000860544 0.000358067 0.0159776 0.00639228 0.00194541 0.0336147 0.0494774 0.00770433 0.000201206 9.94187e-08 0.00850242 1.83003e-05 0.001117 0.004514 
0.00551548 0.00115526 0.000609938 0.0556403 0.00222756 0.101665 0.0725905 0.000850237 0.00192152 0.027262 0.184671 0.00513228 0.173122 0.00413244 0.0320963 0.0628222 0.0220959 0.00266415 0.0820103 0.0053088 7.69304e-06 0.0129324 0.132838 0.00963462 0.00109407 
0.000262013 0.000327491 0.0427688 0.000561705 0.00062749 0.0353238 0.141974 2.03228e-06 1.34386e-05 0.00982557 0.604599 0.000740761 0.000288676 0.0296106 0.0107337 0.00358011 0.0248661 0.0628248 0.00590693 0.000120296 2.26959e-07 0.00897555 0.00395279 0.00463488 0.00747922 
6.1893e-08 2.78857e-06 1.51107e-07 2.56014e-05 0.00224944 0.173721 5.17939e-05 1.35788e-07 2.57358e-08 0.000159227 0.634669 1.39808e-05 2.11211e-05 0.0283231 0.000142613 0.000350878 0.0978901 1.14612e-05 1.72038e-05 4.8773e-08 1.25918e-07 0.0617157 0.000567452 1.04505e-08 6.71639e-05 
0.00185676 1.85882e-06 0.00727636 4.77069e-10 0.00139126 0.012801 0.0045017 2.27654e-09 4.31472e-10 0.0316919 0.849589 3.39846e-10 2.03821e-09 0.0152451 0.0202021 0.00617686 0.00204217 4.04732e-05 0.0132646 8.17701e-10 2.11108e-09 0.0219715 0.00238937 0.00951797 4.05242e-05 
0.000713439 0.00062264 0.126069 0.00209927 0.000270464 0.0438389 0.1386 1.54671e-09 2.4247e-05 0.0157099 0.511267 0.000114937 0.000802191 0.0233463 0.00509686 0.00340008 0.00483729 0.0730342 0.00224226 1.75747e-06 2.38467e-07 0.0203901 0.00745991 0.00926056 0.0107984 
0.000758195 0.0295666 0.0669631 0.000352765 0.00254687 0.0298045 0.0712594 2.34846e-08 7.40371e-05 0.0255422 0.577271 0.00025366 0.00160051 0.0245344 0.0147659 0.00660362 0.017797 0.0784087 0.00214172 6.7413e-05 1.02526e-05 0.00778805 0.0216255 0.00863758 0.0116265 
0.00296398 0.0363258 9.30771e-05 0.00210891 0.000675799 0.0835463 0.00190319 1.15657e-05 0.00044546 0.00978274 0.566667 0.00162049 0.00311512 0.0762829 0.118667 0.0101195 0.0460827 0.00127548 0.00197981 0.00112025 4.71323e-05 0.00839452 0.00155736 0.0251228 9.09992e-05 
2.69283e-07 0.0299781 7.64618e-08 0.00100178 4.8561e-07 0.189557 1.5846e-06 8.11734e-11 1.99908e-08 0.0418558 0.291721 0.197614 9.66274e-08 0.0792318 6.57611e-06 6.64325e-06 0.00915119 6.47908e-05 0.000372577 2.91563e-11 2.28042e-08 0.00135141 2.50657e-07 0.158084 4.81986e-11 
0.0466004 1.52258e-05 0.00728965 0.000381793 0.0017309 0.00392045 0.130941 1.52723e-06 1.12332e-05 0.0968894 0.605184 2.27505e-05 1.80351e-06 0.0227989 0.0122666 0.000227546 0.0366455 0.00214172 0.0156306 0.00016332 6.65551e-06 0.0099434 0.00594954 0.000963084 0.000273827 
7.07762e-08 0.00504839 3.592e-05 0.00325704 2.32593e-07 0.128193 0.136491 2.67672e-11 5.07317e-12 0.17847 0.291597 0.000121556 2.39648e-11 0.0461138 1.10654e-06 5.65537e-07 0.0962305 0.024757 0.000299165 1.42302e-07 2.48216e-11 0.0706181 7.48201e-07 0.0187645 1.58936e-11 
2.69283e-07 0.0299781 7.64618e-08 0.00100178 4.8561e-07 0.189557 1.5846e-06 8.11734e-11 1.99908e-08 0.0418558 0.291721 0.197614 9.66274e-08 0.0792318 6.57611e-06 6.64325e-06 0.00915119 6.47908e-05 0.000372577 2.91563e-11 2.28042e-08 0.00135141 2.50657e-07 0.158084 4.81986e-11 
0.0103247 0.000433765 0.000936349 0.000414456 0.0174484 0.304182 0.117262 1.22827e-11 2.59829e-06 0.121498 0.30477 1.83359e-12 1.83226e-05 0.0141893 0.00228646 0.000754703 0.000203333 0.000170788 0.0502186 1.78334e-05 1.139e-11 0.0329778 0.0180479 0.00265732 0.00118677 
2.69283e-07 0.0299781 7.64618e-08 0.00100178 4.8561e-07 0.189557 1.5846e-06 8.11734e-11 1.99908e-08 0.0418558 0.291721 0.197614 9.66274e-08 0.0792318 6.57611e-06 6.64325e-06 0.00915119 6.47908e-05 0.000372577 2.91563e-11 2.28042e-08 0.00135141 2.50657e-07 0.158084 4.81986e-11 
0.000399423 0.000534436 7.54159e-05 0.00117828 0.000202129 0.00444761 0.0900419 0.0017114 4.26012e-05 0.0693996 0.640176 8.43362e-05 0.000479026 0.00394116 0.00149692 0.00120726 0.0987415 0.00333279 0.000312978 0.0221785 0.0520046 0.00263827 1.25484e-07 0.00121182 0.00416229 
0.000340467 9.71884e-05 0.00464769 0.0001397 0.00364333 0.00361052 0.0417254 5.20937e-09 7.07237e-06 0.0467105 0.758297 1.97747e-06 6.57104e-05 0.0524886 0.000691429 0.000800489 0.0169674 0.0552225 0.00379089 2.66425e-08 4.83073e-09 0.00172804 0.000117732 0.00155417 0.00735195 
0.0182242 0.0104155 6.47453e-05 1.01685e-05 7.82645e-05 0.130797 0.0526861 0.000411082 1.79839e-06 0.170796 0.241064 0.0133215 0.000287461 0.0517754 0.0118612 0.00603711 0.0332052 0.00458367 0.00957921 0.0301064 6.34606e-06 0.143219 0.00911472 0.0588463 0.00350675 
0.023093 0.000521272 0.0838628 0.00020292 0.000236732 0.00904693 0.0406043 1.15274e-08 3.58063e-05 0.00480806 0.675233 0.000132654 0.000872758 0.0610174 0.00564244 0.00321683 0.00420761 0.0604484 0.00375474 3.20934e-05 4.87831e-06 0.00476728 0.00590487 0.00528406 0.00706911 
0.000683838 0.00173409 3.01275e-08 0.0265186 0.0060648 0.157444 4.24176e-07 2.67559e-07 1.4747e-05 0.133545 0.288991 0.000436575 0.000565885 0.0294156 0.0776359 0.0208121 0.0846617 3.60935e-07 0.0172463 0.000323497 2.61616e-06 0.0852147 2.57433e-05 0.0686623 1.72257e-07 
0.0684034 0.0307428 0.00479826 6.49055e-08 4.19438e-08 0.00194808 3.42352e-08 4.74932e-08 3.55904e-08 1.56658e-07 0.564818 0.00089014 9.66166e-12 0.117219 0.0263835 0.00215036 0.0295052 5.18315e-08 1.12911e-07 2.71368e-08 1.00071e-11 0.00197864 4.84561e-08 0.151162 3.52485e-08 
0.00185676 1.85882e-06 0.00727636 4.77069e-10 0.00139126 0.012801 0.0045017 2.27654e-09 4.31472e-10 0.0316919 0.849589 3.39846e-10 2.03821e-09 0.0152451 0.0202021 0.00617686 0.00204217 4.04732e-05 0.0132646 8.17701e-10 2.11108e-09 0.0219715 0.00238937 0.00951797 4.05242e-05 
0.0010282 0.000162901 5.09763e-06 0.000357604 0.000969131 0.00493246 0.00141378 2.84419e-05 1.08529e-05 0.0037888 0.962363 0.00014054 7.83105e-05 0.00170551 0.00136401 0.00187865 0.00394066 0.000936575 0.00380501 0.000111583 0.000430663 0.0073397 0.000721048 0.00241432 7.27903e-05 
0.000472936 0.00048537 0.0835452 0.000205552 0.00378071 0.0181841 0.0334634 4.10419e-09 1.97036e-05 0.0535763 0.564882 7.05779e-05 0.000623999 0.0755975 0.00651546 0.0501136 0.00877176 0.0599976 0.0134849 1.20571e-06 1.62948e-07 0.00570298 0.0057971 0.00629356 0.00841443 
0.00020111 6.21696e-05 6.28741e-06 0.000149154 0.000119986 0.155903 0.167822 1.92625e-09 3.43133e-05 0.025175 0.457925 0.000519754 0.000804892 0.001812 0.00499217 0.00377969 0.154651 0.00870687 0.00416553 0.00440003 2.52622e-06 0.000186104 0.00468657 0.00377464 0.000121427 
3.69246e-06 0.00127664 0.000517197 0.000437297 2.23919e-06 1.54732e-05 1.74855e-05 1.33951e-06 2.53877e-07 0.0579724 0.88813 1.99964e-07 0.018962 0.0144159 0.00214341 2.04045e-07 0.00990129 0.000242594 2.8308e-06 0.00018421 1.24215e-06 0.00333484 7.8579e-05 0.00108384 0.0012744 
0.00254622 0.000314052 0.0138631 4.29464e-06 6.53108e-05 0.00253706 0.0110745 3.54341e-09 5.0596e-07 0.0392746 0.691453 7.85131e-07 1.56203e-05 0.0362478 0.00897837 0.0406572 0.0117284 0.00329353 0.0520256 1.27274e-09 3.28586e-09 0.0510885 1.81532e-06 0.0210398 0.0137895 
0.00442195 0.000337006 0.0697686 0.000299681 0.00126601 0.00432 0.0435283 2.92969e-07 2.20803e-05 0.0242012 0.657032 0.000111037 0.000605865 0.0483769 0.00888563 0.0014945 0.0370243 0.0351759 0.0115059 5.76104e-05 1.2337e-05 0.00619401 0.0381437 0.00393354 0.00328177 
0.00383774 1.59646e-05 0.00835035 0.00270317 0.00147988 0.0119602 0.0873192 2.43305e-06 5.2355e-06 0.0384312 0.808919 3.24381e-05 3.03941e-08 0.000133598 0.0064187 1.01464e-05 0.00712702 0.00232719 0.00134719 5.83638e-05 6.70566e-06 0.0177338 0.000656189 0.00102981 9.40389e-05 
0.000479527 0.000495282 0.128657 0.000210208 0.00021604 0.0105924 0.0250388 2.66554e-09 2.43616e-05 0.00575905 0.632614 7.33948e-05 0.000634805 0.0756349 0.00652813 0.00362091 0.0051779 0.0733419 0.0045764 1.88802e-06 2.63349e-07 0.00571268 0.00582613 0.00631015 0.00847424 
0.00254365 0.000312651 0.0153434 2.87982e-06 6.4653e-05 0.00253521 0.0359382 2.41393e-09 3.39284e-07 0.0392638 0.720558 5.26484e-07 0.00270045 0.0362417 0.00897673 0.00538502 0.0117103 0.00329207 0.0292398 8.6705e-10 2.23848e-09 0.0510779 1.44409e-06 0.0210352 0.0137757 
0.0689531 0.000228908 2.83538e-06 0.00073713 6.07995e-05 0.000715366 1.71053e-07 7.27951e-07 5.21379e-05 0.023622 0.767166 0.00462124 1.61173e-06 0.00531322 0.00055276 0.0017979 0.110709 0.000377509 0.00208065 2.61469e-07 6.7504e-07 0.00489036 3.03276e-05 0.00795707 0.000128475 
0.00482065 0.00462905 0.000759537 3.3486e-07 2.16403e-07 0.00981125 0.000256528 9.24082e-11 0.000536961 0.0103759 0.638834 1.41302e-07 1.81612e-07 0.161717 1.0075e-06 0.000912098 0.0788882 0.00257848 0.00249412 4.65956e-05 8.56916e-11 0.0602087 2.39832e-11 0.0210991 0.00202945 
1.16547e-05 9.36149e-10 0.0015788 5.33613e-06 1.11957e-09 2.26043e-05 0.236104 3.5433e-09 5.25265e-07 0.004497 0.745241 5.28949e-10 3.81507e-07 0.00571745 0.00191916 2.61041e-07 0.000267247 0.000222923 0.00434278 1.35214e-06 3.16775e-07 1.2967e-05 5.14553e-05 4.1493e-07 1.84632e-06 
0.00295233 0.000381223 0.00435878 0.00109539 2.0005e-10 0.0241606 0.290731 4.3434e-07 4.8058e-05 0.0477709 0.473312 0.000532908 0.00038366 0.0139506 0.0566482 0.000989822 0.00721297 0.00134924 0.00749401 0.00034242 5.04242e-08 0.0593941 0.000168905 0.00671403 9.27368e-06 
8.78017e-06 5.08932e-06 2.14361e-05 4.03671e-06 6.0865e-06 1.06872e-06 4.52639e-06 1.9263e-05 3.6509e-06 1.98605e-06 0.999838 2.8756e-06 1.72463e-05 3.19338e-06 1.41015e-06 2.93429e-06 2.19495e-06 7.17156e-06 2.71259e-06 6.91897e-06 1.78628e-05 3.52559e-06 4.99941e-06 1.48251e-06 1.14378e-05 
0.00236392 0.000201119 0.0106082 2.26825e-06 0.000794598 0.00710996 0.00896913 3.08736e-09 2.67428e-07 0.039868 0.746259 4.1481e-07 8.25017e-06 0.0309987 0.012802 0.0214694 0.0107976 0.00173717 0.0317617 1.10893e-09 2.86296e-09 0.0422793 0.000877531 0.0163165 0.0147754 
0.00609973 0.00428011 0.0339666 0.12119 0.000232787 0.0142683 0.039098 0.000221592 4.44706e-05 0.0165387 0.496259 0.112255 0.00132065 0.00911446 0.0107521 0.00181682 0.000141122 0.00871467 0.0301369 0.00503238 2.99852e-06 0.0680607 0.00956155 0.0100429 0.000848571 
0.174899 0.00904976 0.00302732 0.00279449 0.00331614 0.0501973 0.0395908 0.00116937 0.000358635 0.00424123 0.41358 0.000194462 0.000362412 0.0246247 0.0166022 0.00466021 0.030086 0.11811 0.0217481 0.000806932 0.000320322 0.0357191 0.00393777 0.0403861 0.000218801 
7.07762e-08 0.00504839 3.592e-05 0.00325704 2.32593e-07 0.128193 0.136491 2.67672e-11 5.07317e-12 0.17847 0.291597 0.000121556 2.39648e-11 0.0461138 1.10654e-06 5.65537e-07 0.0962305 0.024757 0.000299165 1.42302e-07 2.48216e-11 0.0706181 7.48201e-07 0.0187645 1.58936e-11 
0.0182242 0.0104155 6.47453e-05 1.01685e-05 7.82645e-05 0.130797 0.0526861 0.000411082 1.79839e-06 0.170796 0.241064 0.0133215 0.000287461 0.0517754 0.0118612 0.00603711 0.0332052 0.00458367 0.00957921 0.0301064 6.34606e-06 0.143219 0.00911472 0.0588463 0.00350675 
