0.00448385 0.0178582 1.90632e-05 0.0115349 0.0267247 0.0128548 0.00174747 4.21069e-10 0.0530237 0.00707481 1.44046e-11 0.534853 4.50279e-05 0.0133302 0.0494803 0.00532291 0.00149868 2.28501e-05 0.00659629 0.0125479 2.11584e-05 0.00137439 0.00335535 0.235661 0.000569212 
0.00666369 0.0344121 0.000681417 0.0300664 0.000481457 0.0435513 0.0149065 6.42138e-06 0.0651881 0.0172164 2.85957e-07 0.364539 0.00164275 0.0403616 0.0549387 0.0416948 0.00641551 0.0431667 0.0289896 0.03532 4.49631e-06 0.0122899 0.00338284 0.143573 0.0105072 
3.42275e-06 0.0836246 9.67803e-05 4.38846e-05 5.28144e-06 0.0317775 6.90991e-05 0.000193932 6.48986e-05 0.000795993 7.01518e-12 0.653435 2.98686e-05 0.00205247 0.0262372 0.0240084 0.00856071 0.00855176 3.72124e-05 0.00426008 7.99119e-06 0.000492219 1.26001e-05 0.155603 3.61162e-05 
0.00597773 0.018033 5.15043e-06 0.0127772 0.00993 0.000779991 4.20538e-05 2.56025e-10 2.84205e-05 0.000846169 3.13027e-12 0.670581 5.54417e-05 0.00937426 0.0381832 0.00265206 0.000609059 3.04423e-05 0.00399831 0.0637807 4.96246e-07 0.000254661 0.00267366 0.158953 0.000434516 
0.0123077 0.044673 0.000266196 0.00205198 1.19307e-05 0.00987382 0.000483045 4.57867e-09 1.99261e-05 0.00645442 1.86388e-11 0.588177 3.27227e-05 0.00239594 0.142941 0.0112223 0.0116274 0.0127498 4.41211e-05 0.000556296 1.88972e-06 0.00498957 0.00372151 0.109745 0.0356546 
0.00115125 0.0239741 1.26628e-06 0.000125566 0.00388783 0.00242126 0.000403377 1.46189e-05 1.11457e-05 0.000260178 2.7379e-07 0.602065 3.8908e-06 0.0454306 0.0255189 0.0196833 0.00398862 0.00130779 0.00660055 0.000164081 3.6282e-07 4.38163e-05 0.00678941 0.25607 8.30562e-05 
0.0133681 0.0523574 0.000620706 0.00618767 0.00221328 0.0710032 0.00786858 0.000104409 5.33495e-05 0.0272332 9.67569e-05 0.265162 0.000627395 0.0286188 0.0684485 0.0169661 0.0422836 0.0101717 0.00873891 0.13194 0.000678058 0.00478329 0.00940884 0.227859 0.00320658 
2.56563e-05 0.0203231 0.000153567 0.070967 0.00135636 0.139999 0.00934844 1.55714e-06 2.75882e-05 0.0125517 7.43803e-11 0.331076 8.63645e-05 0.00663591 0.0147104 0.0215337 0.0145582 0.0111243 0.00774923 0.0132523 0.00017883 0.0147966 0.00202754 0.275199 0.0323182 
0.000276201 0.0596201 1.13132e-05 0.00249957 0.00176204 0.048078 0.00304177 4.50242e-06 6.00119e-05 0.0105608 3.2598e-12 0.47373 0.000122111 0.00930445 0.00980802 0.0214193 0.0268549 0.0219887 0.00278335 0.21871 2.16145e-05 0.00195016 0.00273318 0.0758178 0.00884103 
8.70556e-07 0.0948854 0.000500557 1.7781e-05 1.36597e-06 0.0133805 1.30591e-05 7.99895e-08 6.28642e-06 0.000388144 7.99756e-12 0.711515 1.98673e-05 0.00126765 0.0115067 0.00661569 0.00113491 0.0125826 6.32507e-05 0.000101766 2.25597e-07 0.000679405 3.22453e-05 0.145283 2.89816e-06 
0.0315696 0.0231076 0.00436614 0.0162866 0.0010483 0.0399623 0.0190997 1.95188e-07 0.00201865 0.00421287 2.16239e-08 0.238488 0.00344026 0.0449943 0.156854 0.0124644 0.00245946 0.00353352 0.177048 0.00658667 7.63161e-11 0.00871238 0.00444183 0.198995 0.000310144 
5.35923e-07 0.0927699 0.000129023 1.66428e-05 1.02915e-06 0.0127587 8.33823e-06 2.8061e-09 4.56843e-06 0.000371173 7.14666e-12 0.721628 1.76759e-05 0.00127138 0.00893435 0.00618157 0.00102642 0.00839995 4.96149e-05 4.70588e-05 1.65271e-07 0.000656285 1.67984e-05 0.145709 1.91231e-06 
0.000308922 0.00735702 1.39788e-07 0.00155857 0.00167278 0.000486375 0.000255742 1.08202e-06 1.07713e-05 0.000613351 5.96124e-12 0.861293 3.73976e-06 0.00360223 0.00411904 0.00117526 0.00496832 0.000280984 0.000728236 0.0465343 1.62716e-07 0.00024615 0.000363905 0.0617906 0.00262972 
1.94875e-05 0.089873 0.00752442 0.000233299 6.05755e-07 0.0417499 0.000572004 4.42985e-07 5.00341e-06 0.00262602 3.0253e-11 0.49542 5.63076e-05 0.00821271 0.0627969 0.012558 0.0012479 0.0207262 0.00259877 0.00097341 1.00424e-07 0.00458661 0.000264465 0.247944 1.08832e-05 
3.33604e-05 0.00416976 0.00579573 0.000403656 0.00446726 0.0247667 0.000495378 8.56779e-07 5.07391e-06 0.00268045 3.48125e-10 0.889709 8.22886e-06 0.00205023 0.00520209 0.00876521 0.00285563 0.00175512 0.000763539 0.0132418 4.86143e-07 0.000574137 0.000705416 0.0306502 0.000901032 
0.00153163 0.0329031 8.6941e-05 0.0599532 0.00378931 0.0184528 0.000466335 0.000173515 4.80015e-05 0.014757 3.51069e-08 0.526453 0.000105871 0.0233188 0.113444 0.00397053 0.0238449 0.000799429 0.060376 0.00662106 4.47652e-06 0.00174686 0.0383258 0.0669547 0.00187339 
8.71081e-06 0.0148769 5.40356e-06 0.0937624 0.00168756 0.0609895 0.00669866 2.48739e-06 3.00348e-05 0.00597207 4.41708e-11 0.380073 6.08365e-05 0.00410246 0.00432575 0.0158779 0.0111654 0.0155932 0.00246807 0.00164361 0.000281843 0.00762554 0.000248048 0.321666 0.0508349 
0.178669 0.0316366 2.07122e-05 0.0225487 0.0181026 0.00310845 0.00060426 1.79157e-10 3.11776e-05 0.00107803 3.88046e-08 0.503619 7.57398e-05 0.00587399 0.0862502 0.00123732 0.00205081 0.000174344 0.00727966 0.0263837 4.26701e-07 0.00294042 0.0102727 0.096726 0.00131624 
0.00134732 0.0030194 6.91211e-06 0.0124758 0.00317081 0.122952 0.00862682 5.31795e-06 5.07634e-05 0.0446558 1.36837e-07 0.257402 0.0122881 0.0710104 0.0652982 0.156861 0.0640809 0.00252965 0.00337627 0.0486999 2.17606e-05 0.00177922 0.0141509 0.105774 0.000416191 
0.00345831 0.0117425 8.53722e-05 0.00678163 0.00318999 0.0330248 0.00157597 0.000214997 9.0021e-05 0.0144103 0.000120059 0.590946 0.0179194 0.0665039 0.0478843 0.025087 0.0470204 0.0137506 0.00487413 0.0418276 3.11018e-06 0.0112626 0.00134009 0.0518632 0.00502419 
0.00627151 0.00729808 1.90082e-05 0.00544836 0.00119105 0.0347434 0.0132674 6.84677e-05 0.000190238 0.0192628 1.9473e-07 0.367414 0.000351523 0.0581904 0.0172869 0.0348709 0.185197 0.0769533 0.00162642 0.0404828 7.08186e-06 0.0115648 0.00644635 0.0994919 0.0123556 
0.000754493 0.0872728 1.03081e-07 0.00157732 0.000551083 0.0417086 3.44811e-06 3.33214e-11 6.97338e-05 0.00980253 1.13422e-09 0.626559 2.9715e-05 0.0169188 0.005041 0.00626473 0.0158 0.0567092 0.00251213 0.0218086 5.45799e-08 0.000970237 0.00408151 0.10148 8.51971e-05 
0.000338206 0.00544177 0.000799073 0.0136759 0.00372825 0.15514 0.00488926 6.14701e-05 0.00305709 0.0294283 3.28091e-10 0.233678 0.00326091 0.00699367 0.0298737 0.156956 0.175238 0.0143754 0.0212431 0.0452228 8.64967e-06 0.02 0.0152507 0.0506238 0.0107167 
3.91044e-08 0.00397897 0.0874116 0.000182486 4.40378e-06 0.00430771 3.99334e-07 1.48479e-11 2.63085e-06 0.000629652 3.56613e-09 0.748923 0.000102923 0.00629584 0.000607004 0.00142399 0.00151153 5.82264e-08 0.000910351 0.104843 3.8314e-06 0.000184873 0.00535944 0.0333161 4.00978e-08 
4.14666e-05 0.0487439 0.000321274 0.000299935 0.000339859 0.0863343 0.0010505 4.88007e-06 1.75563e-06 0.00148256 1.43261e-11 0.402552 4.16281e-05 0.0024356 0.0494969 0.0199243 0.022129 0.00279529 0.0112641 0.000198525 8.94227e-10 0.0371995 0.00207869 0.310729 0.000535326 
0.0118682 0.00576543 6.93784e-06 0.0325217 0.0209959 0.0879454 0.00517423 0.00477097 5.4202e-05 0.0350447 0.00288876 0.14442 0.0208579 0.0295366 0.10344 0.113131 0.00782217 0.0453284 0.073247 0.00369565 9.70874e-06 0.0172791 0.119432 0.112098 0.00266584 
0.000498843 0.00394856 2.18191e-06 0.00462193 0.000146452 0.0394059 0.0373739 0.206677 0.000107475 0.0290251 1.28879e-09 0.388522 6.33949e-05 0.00172969 0.00145263 0.0055862 0.179715 0.0171821 0.000296687 0.047312 0.000244697 0.0048255 0.000604538 0.0288425 0.00181589 
4.97693e-07 0.000913072 9.80246e-11 0.000268841 2.72751e-05 6.42022e-05 3.86665e-07 8.70818e-09 2.55301e-07 0.000239866 1.03203e-11 0.965231 2.2672e-09 0.00145212 4.83099e-05 0.000287499 0.000491617 4.98117e-08 0.000110823 0.0175574 1.3079e-09 0.000137472 1.42848e-06 0.0131458 2.18567e-05 
8.00119e-05 0.00679701 2.98452e-08 0.000179947 0.00666536 0.0638513 0.000417324 2.33007e-09 1.02558e-05 0.0042071 1.25814e-12 0.822973 1.55198e-06 0.00151676 0.0132377 0.0342 0.00172497 0.0017847 0.00145652 0.0014699 1.8653e-10 0.00115446 0.0010201 0.0370595 0.000192483 
0.0671335 0.0750761 1.51728e-05 0.00624468 0.00551595 0.0200382 0.000595384 2.08335e-07 4.59718e-06 0.00119304 4.40659e-07 0.478183 0.00178468 0.00320697 0.0624223 0.00465942 0.00106936 0.000844589 0.0187038 0.0211052 0.000254332 0.00176353 0.00316632 0.221032 0.00598722 
3.5358e-06 0.0261753 4.32144e-08 0.00184176 2.84122e-05 0.0417068 3.36173e-06 6.95337e-12 6.96746e-05 0.00377462 4.66566e-10 0.750152 4.79911e-05 0.00387954 0.00491659 0.00440137 0.00538344 0.0571007 0.000960096 0.0571761 5.16796e-08 0.000943305 0.00427778 0.0370727 8.50828e-05 
0.0197043 0.136751 0.00282378 0.00323536 0.000289083 0.0441967 0.000435221 1.90381e-08 0.0376029 0.0114257 7.50069e-06 0.333007 0.000219448 0.0642405 0.0630931 0.0068718 0.0213993 0.0406084 0.00769952 0.0275947 4.6509e-06 0.00546433 0.00374906 0.168973 0.000602806 
0.000498843 0.00394856 2.18191e-06 0.00462193 0.000146452 0.0394059 0.0373739 0.206677 0.000107475 0.0290251 1.28879e-09 0.388522 6.33949e-05 0.00172969 0.00145263 0.0055862 0.179715 0.0171821 0.000296687 0.047312 0.000244697 0.0048255 0.000604538 0.0288425 0.00181589 
0.000310971 0.00564908 2.45201e-05 0.00271352 0.00377244 0.0321476 0.00483056 1.16174e-06 2.12633e-05 0.00584204 2.03376e-07 0.457645 5.20931e-05 0.00513416 0.014856 0.00317712 0.00302709 0.000452906 0.00307493 0.407779 5.32317e-07 0.000485228 0.00201164 0.0467546 0.000236552 
5.35923e-07 0.0927699 0.000129023 1.66428e-05 1.02915e-06 0.0127587 8.33823e-06 2.8061e-09 4.56843e-06 0.000371173 7.14666e-12 0.721628 1.76759e-05 0.00127138 0.00893435 0.00618157 0.00102642 0.00839995 4.96149e-05 4.70588e-05 1.65271e-07 0.000656285 1.67984e-05 0.145709 1.91231e-06 
0.000116684 0.104388 0.000897495 0.000177136 3.63727e-05 0.0196356 6.25722e-06 2.56691e-09 1.87011e-05 0.00302746 1.10722e-07 0.601765 5.03361e-05 0.00461278 0.0294533 0.0101249 0.00405905 0.0081812 0.0004506 4.98892e-05 7.96397e-07 0.0104292 0.000633308 0.201884 1.43798e-06 
0.000289738 0.00503157 2.20969e-06 0.000181384 0.00026464 0.04101 0.00856028 3.04225e-06 3.62156e-05 0.0122015 8.72942e-08 0.607026 7.86534e-06 0.0727224 0.00835763 0.0107755 0.00650306 0.00706347 0.000787947 0.0521439 1.09731e-07 0.00517396 0.0183588 0.143194 0.000304767 
6.58859e-05 0.0825397 7.57424e-06 0.00717975 0.000605035 0.0135432 0.000105106 2.67168e-06 1.53701e-06 0.000441904 1.17189e-09 0.645112 0.00637177 0.000846762 0.160502 0.00282281 0.000740437 0.000412646 0.0228199 0.00453086 7.39389e-08 0.000320833 0.000780437 0.0502339 1.26538e-05 
0.0067099 0.0774507 2.03979e-05 0.00353589 0.00325836 0.118141 0.00714161 3.0439e-06 1.27347e-05 0.00924167 2.03672e-05 0.275824 0.000205446 0.0130679 0.104433 0.147724 0.0537726 0.0118275 0.0033983 0.00967168 4.73426e-06 0.0018112 0.0234086 0.128306 0.00100918 
0.000498843 0.00394856 2.18191e-06 0.00462193 0.000146452 0.0394059 0.0373739 0.206677 0.000107475 0.0290251 1.28879e-09 0.388522 6.33949e-05 0.00172969 0.00145263 0.0055862 0.179715 0.0171821 0.000296687 0.047312 0.000244697 0.0048255 0.000604538 0.0288425 0.00181589 
3.5358e-06 0.0261753 4.32144e-08 0.00184176 2.84122e-05 0.0417068 3.36173e-06 6.95337e-12 6.96746e-05 0.00377462 4.66566e-10 0.750152 4.79911e-05 0.00387954 0.00491659 0.00440137 0.00538344 0.0571007 0.000960096 0.0571761 5.16796e-08 0.000943305 0.00427778 0.0370727 8.50828e-05 
0.000834241 0.0310728 5.51294e-05 0.00435471 0.00292463 0.0403988 0.00179467 0.00258408 2.94008e-05 0.00673913 1.22374e-10 0.565357 5.81857e-05 0.0143372 0.0330497 0.00719782 0.0275045 0.0032672 0.00938162 0.148354 1.62159e-05 0.00118328 0.00209226 0.0839945 0.0134195 
0.000900101 0.000837745 0.000489924 0.0159175 0.00135973 0.130368 0.0281718 6.7284e-06 0.00402822 0.027952 8.86023e-06 0.247245 0.000268174 0.0209061 0.0216998 0.103305 0.0224374 0.0240229 0.0504168 0.00175931 1.95568e-07 0.0331013 0.122045 0.0539969 0.0887555 
0.000106435 0.0146343 1.9436e-08 0.000723756 0.03177 0.0405287 0.0082642 1.23879e-11 4.51029e-07 0.133019 1.59152e-11 0.572185 2.42422e-07 0.00972357 0.00840091 0.0255827 0.0042227 0.000451654 0.00135104 0.00100776 5.85514e-10 0.00242496 0.000792873 0.144265 0.000545569 
3.62548e-05 0.0137817 2.45037e-06 0.000134975 0.00838076 0.0392786 0.00031302 1.589e-09 5.7301e-07 0.00327327 3.42883e-12 0.809185 3.07217e-07 0.00397412 0.00650317 0.0160894 0.000593274 0.000580466 0.000708 0.0150909 3.53284e-10 0.000198631 0.00037825 0.0813522 0.000144428 
0.00399469 0.0119859 0.000199634 0.000740651 0.000666013 0.240445 0.0163751 1.70655e-08 7.92416e-05 0.0238274 2.88713e-08 0.308117 0.000193799 0.027869 0.0457568 0.0525215 0.0148341 0.0306 0.000446137 0.0282101 1.78781e-09 0.0146149 0.00163012 0.176619 0.000274497 
0.000114521 0.0146921 1.62144e-08 0.00170486 0.000147566 0.0239177 0.00156639 5.25509e-06 5.26534e-05 0.00279377 1.39457e-12 0.755816 3.36732e-05 0.00223006 0.00693788 0.0503674 0.00513906 0.0317232 0.000224308 0.00895233 7.50645e-08 0.0023139 0.00108918 0.0844699 0.00570789 
9.48081e-06 0.0111592 8.11866e-08 1.91233e-05 5.00451e-08 0.163666 9.81857e-07 1.42677e-11 3.87117e-08 0.00390892 1.83303e-11 0.585798 4.97209e-08 0.00292595 0.00584965 0.0220315 4.54179e-05 0.0406076 9.41764e-09 0.000248003 2.83158e-09 0.000376185 3.70298e-12 0.163324 2.99214e-05 
0.00105992 0.0182855 1.10416e-05 0.00168558 0.00150008 0.131588 0.0168561 0.000867062 0.000217677 0.080935 1.59546e-05 0.306882 0.000312404 0.0242299 0.0149625 0.0460925 0.0515525 0.0220552 0.00126912 0.0095731 6.02702e-06 0.0148865 0.00140325 0.237037 0.0167169 
3.6698e-09 0.000444056 1.18855e-09 0.000300169 1.03614e-12 0.000202532 6.1363e-09 2.06632e-08 1.49149e-08 2.05868e-09 4.21297e-12 0.406863 1.10048e-05 0.000310499 9.84566e-09 4.22044e-09 8.20412e-09 1.09857e-05 3.35162e-06 0.391409 1.49563e-09 6.22364e-10 8.51077e-13 0.00791658 0.192529 
0.00432815 0.00202608 0.000767123 0.0192746 0.00103778 0.0705997 0.0200439 7.22962e-05 8.01995e-05 0.0308636 3.66296e-08 0.49841 0.000174517 0.00376777 0.0269905 0.0109505 0.00747682 0.00370339 0.00554243 0.237202 3.78883e-06 0.0123433 0.00209807 0.0395006 0.0027425 
9.48081e-06 0.0111592 8.11866e-08 1.91233e-05 5.00451e-08 0.163666 9.81857e-07 1.42677e-11 3.87117e-08 0.00390892 1.83303e-11 0.585798 4.97209e-08 0.00292595 0.00584965 0.0220315 4.54179e-05 0.0406076 9.41764e-09 0.000248003 2.83158e-09 0.000376185 3.70298e-12 0.163324 2.99214e-05 
2.37282e-05 0.0513312 1.10186e-05 0.00181006 8.38521e-05 0.0463715 7.9602e-05 0.0453996 0.000187236 0.00393391 1.71482e-09 0.373585 0.000259903 0.00619326 0.150169 0.028292 0.0532506 0.00509123 0.00018309 0.0238089 1.89826e-05 0.000848458 4.9569e-05 0.208287 0.000730707 
3.09995e-07 0.0102079 4.54175e-06 0.000482683 2.62404e-07 0.000689413 4.35047e-07 2.80817e-12 1.84826e-05 0.00026823 3.60778e-12 0.56934 0.157021 0.0010347 0.000876754 0.000134828 0.000112776 0.00850986 7.14508e-05 0.241173 1.26193e-08 1.14935e-05 7.06647e-06 0.0100181 1.6782e-05 
1.85589e-05 0.00516928 0.000256696 0.000159389 1.21728e-05 0.0182468 0.000189512 2.63168e-08 8.86634e-06 0.00408913 7.23426e-12 0.889513 1.18657e-06 0.00133601 0.00416421 0.00654462 0.0117426 0.00187303 7.66626e-05 0.00025985 1.91681e-07 0.00139031 5.43166e-05 0.053945 0.000948847 
0.000269449 0.0145718 0.000482297 0.00118899 0.000256919 0.0484518 0.000655747 4.77656e-09 2.47812e-05 0.00478432 1.8199e-10 0.52348 0.000370318 0.0163839 0.0234269 0.0042884 0.0105505 0.0241697 0.00424695 0.241773 9.73263e-09 0.0074712 0.0040861 0.0688518 0.000214879 
1.0573e-09 0.00257954 9.47202e-10 2.3915e-05 8.88705e-13 7.7315e-06 1.45376e-10 2.81263e-12 8.22373e-09 1.26523e-09 3.6135e-12 0.865906 2.48379e-05 0.000151096 7.22029e-06 4.09102e-09 1.39831e-09 0.00107214 4.49907e-07 0.125671 1.92975e-10 6.71821e-06 7.69326e-10 0.00454886 1.11945e-08 
2.58504e-05 0.0106845 2.90882e-06 0.000996847 0.00105059 0.033385 0.00106964 0.00531193 4.77482e-05 0.00309165 5.73436e-10 0.645912 0.000403494 0.00190633 0.0164466 0.0131549 0.0141106 0.0124098 0.00532362 0.187285 3.99788e-06 0.00195884 0.000724074 0.0430428 0.00165189 
6.9942e-05 0.00301388 7.51147e-12 0.000254387 0.000738884 0.000816297 0.000843112 4.01109e-06 2.42376e-06 0.00111379 8.67198e-12 0.899185 1.80409e-08 0.00357273 9.1403e-05 0.00225909 0.0114108 0.000393247 0.000169373 0.0370476 5.75387e-09 0.00044264 0.00012751 0.0355422 0.00290124 
0.00111549 0.0440074 0.00147366 0.0215298 0.00412182 0.0589295 0.00326638 0.0010424 0.000914687 0.00565344 4.23476e-07 0.544724 0.0091129 0.0131355 0.0422011 0.0179514 0.0186269 0.00788751 0.0107859 0.077889 0.000101589 0.00866696 0.0199596 0.0854673 0.00143506 
0.000388132 0.00293445 3.23478e-08 1.85913e-06 2.95658e-05 2.70239e-05 6.86223e-07 5.96977e-10 5.61482e-08 0.000328555 2.31629e-06 0.400557 7.46938e-07 0.377583 0.000179522 0.00010863 0.000316803 6.91954e-08 0.00169074 2.72417e-08 5.53586e-10 0.0012287 5.0461e-07 0.214621 1.56201e-09 
5.8451e-05 0.00685395 3.0996e-06 0.000823645 1.42879e-05 0.00344844 6.79796e-05 3.09765e-12 8.99183e-07 0.00287172 3.97968e-12 0.603479 0.104192 0.00712805 0.00426263 0.000555801 0.00122331 0.000172729 0.000537867 0.246354 5.25182e-08 0.000356292 0.00115922 0.0164169 2.01803e-05 
0.000780283 0.00335723 0.000699577 0.00523308 0.00210513 0.072053 0.021544 7.45414e-06 3.64082e-05 0.0198301 5.07511e-12 0.504143 0.000255418 0.00497734 0.0261918 0.0104371 0.00652622 0.00146747 0.00437889 0.27014 2.70604e-06 0.0139474 0.00504877 0.0239993 0.00283833 
1.91198e-05 0.0111294 7.68333e-07 0.000184649 0.000136417 0.0368581 0.00122211 7.85919e-06 1.26023e-05 0.00111618 2.26355e-12 0.821783 1.10485e-05 0.00401264 0.00956032 0.0337744 0.00591942 0.00935891 0.000239704 0.00105134 3.89276e-08 0.00588242 0.000860272 0.05519 0.00166919 
0.000686674 0.0933617 0.0013317 0.0074665 0.000759465 0.0248792 0.00242649 1.93751e-05 0.000158707 0.0112228 4.39842e-06 0.606073 0.0425663 0.00812864 0.0128465 0.010256 0.0048113 0.00638049 0.00366866 0.10107 8.36904e-07 0.00517114 0.00159621 0.0541908 0.000922919 
6.56345e-05 0.0204278 0.00127908 0.000258563 0.000177577 0.109891 0.006444 1.07314e-09 9.90955e-06 0.0184093 2.80426e-12 0.64524 2.42611e-06 0.00664713 0.0146177 0.0547049 0.00839758 0.00207079 0.000485675 0.000657897 1.10126e-07 0.00415119 0.000899089 0.100316 0.00484705 
2.01373e-05 0.00489277 6.62101e-08 0.000116172 0.00254512 0.0187623 0.000160881 1.4587e-12 4.87104e-06 0.00144361 1.87405e-12 0.903081 5.43869e-06 0.000754828 0.00365174 0.00804424 0.000316092 0.0056866 0.000395975 0.0316443 4.83153e-09 0.000194723 0.000202063 0.0179496 0.000127265 
0.000848323 0.154468 8.23029e-05 0.00169098 0.000763623 0.0352975 0.000936127 0.0049423 8.79261e-05 0.00741587 5.93815e-10 0.282912 0.0152865 0.0223071 0.0273658 0.0045259 0.0157543 0.00410591 0.00407919 0.282438 3.7406e-06 0.0032876 0.00122474 0.129382 0.00079447 
4.36907e-05 0.000819042 1.35073e-05 0.00458998 0.00226393 0.00508007 0.000180738 1.97035e-06 1.13602e-05 0.00689212 6.96054e-09 0.580216 2.32015e-05 0.00112974 0.00264867 0.000686725 0.000185784 0.000770859 0.00227384 0.376909 8.45797e-07 0.000592529 0.000177098 0.00869293 0.00579692 
2.30126e-06 2.30197e-06 2.29889e-06 2.30217e-06 0.00483605 0.113526 2.30207e-06 2.2993e-06 2.30224e-06 0.0600988 2.29827e-06 0.233234 2.29968e-06 0.0223348 0.148984 0.137454 0.0396055 0.00897847 2.30241e-06 0.0909165 2.29956e-06 2.30226e-06 0.0103612 0.129641 2.30078e-06 
0.000388132 0.00293445 3.23478e-08 1.85913e-06 2.95658e-05 2.70239e-05 6.86223e-07 5.96977e-10 5.61482e-08 0.000328555 2.31629e-06 0.400557 7.46938e-07 0.377583 0.000179522 0.00010863 0.000316803 6.91954e-08 0.00169074 2.72417e-08 5.53586e-10 0.0012287 5.0461e-07 0.214621 1.56201e-09 
4.87529e-05 0.0354357 1.54373e-06 3.69349e-05 5.71972e-05 0.23885 2.19537e-14 1.38283e-09 3.35179e-07 0.00253948 1.20032e-13 0.326876 9.4981e-06 0.00440502 0.273974 0.0613391 0.00369704 9.3062e-05 0.000221163 1.50344e-09 2.51588e-07 0.000223635 7.27064e-05 0.0521191 9.3759e-10 
0.00105302 0.00492479 1.83952e-06 0.0115464 0.000319789 0.0556704 0.00234378 0.000138247 5.15573e-05 0.00176952 3.85632e-12 0.763306 3.65085e-05 0.00309491 0.104817 0.00817787 0.0118024 0.000300812 0.00806398 0.00533779 1.70647e-05 0.00183204 0.00175904 0.01316 0.000475405 
6.9942e-05 0.00301388 7.51147e-12 0.000254387 0.000738884 0.000816297 0.000843112 4.01109e-06 2.42376e-06 0.00111379 8.67198e-12 0.899185 1.80409e-08 0.00357273 9.1403e-05 0.00225909 0.0114108 0.000393247 0.000169373 0.0370476 5.75387e-09 0.00044264 0.00012751 0.0355422 0.00290124 
2.10002e-05 0.00670274 5.6892e-08 0.000429492 0.00015736 0.071107 0.000711261 3.44278e-05 0.000116869 0.00227139 1.56793e-10 0.535615 1.42508e-05 0.0237754 0.0214422 0.117762 0.00935177 0.0208893 3.75248e-05 0.00721498 4.0513e-06 0.000381715 0.000306779 0.181028 0.0006257 
0.000388132 0.00293445 3.23478e-08 1.85913e-06 2.95658e-05 2.70239e-05 6.86223e-07 5.96977e-10 5.61482e-08 0.000328555 2.31629e-06 0.400557 7.46938e-07 0.377583 0.000179522 0.00010863 0.000316803 6.91954e-08 0.00169074 2.72417e-08 5.53586e-10 0.0012287 5.0461e-07 0.214621 1.56201e-09 
0.00276406 0.0683111 8.63433e-06 0.00689083 0.00157425 0.00346471 3.4176e-05 7.09745e-11 5.40473e-06 0.0159862 9.11839e-11 0.629742 2.81917e-06 0.0352862 0.0873888 0.000167623 0.0124718 0.000257181 0.00955146 0.0124003 1.91063e-07 0.000807215 0.011679 0.100953 0.00025302 
3.6698e-09 0.000444056 1.18855e-09 0.000300169 1.03614e-12 0.000202532 6.1363e-09 2.06632e-08 1.49149e-08 2.05868e-09 4.21297e-12 0.406863 1.10048e-05 0.000310499 9.84566e-09 4.22044e-09 8.20412e-09 1.09857e-05 3.35162e-06 0.391409 1.49563e-09 6.22364e-10 8.51077e-13 0.00791658 0.192529 
0.000388132 0.00293445 3.23478e-08 1.85913e-06 2.95658e-05 2.70239e-05 6.86223e-07 5.96977e-10 5.61482e-08 0.000328555 2.31629e-06 0.400557 7.46938e-07 0.377583 0.000179522 0.00010863 0.000316803 6.91954e-08 0.00169074 2.72417e-08 5.53586e-10 0.0012287 5.0461e-07 0.214621 1.56201e-09 
0.000240864 0.0688453 0.00025308 0.000378782 0.000333945 0.109459 0.000556267 0.00169809 0.000175439 0.00732579 7.7374e-08 0.32957 0.000260226 0.00530066 0.0477142 0.0166864 0.0392388 0.130623 0.0126648 0.000348922 4.38325e-05 0.00916607 0.00294966 0.215856 0.000311305 
0.00014222 0.0500103 2.44925e-07 0.000214107 0.00159631 0.00501941 4.64073e-08 1.82877e-05 1.62899e-05 0.000503768 5.68216e-12 0.66482 2.67376e-06 0.027168 0.00976957 0.0300229 0.00613636 0.000790051 0.00481601 0.000312024 6.96571e-10 6.03812e-05 0.00300964 0.195429 0.000143152 
5.74819e-05 0.0680219 8.3346e-06 0.000609926 0.00526634 0.194468 0.00595031 1.12538e-05 0.0231824 0.0336399 1.06773e-11 0.341086 1.79192e-05 0.0574548 0.0314943 0.0246324 0.0375672 0.000577221 0.0108197 0.00754183 0.000218863 0.00213906 0.00984609 0.145009 0.000378925 
0.00469307 0.015303 1.81389e-06 0.00394713 0.00037909 0.000156638 0.00038398 1.47494e-08 3.51164e-05 4.34506e-05 3.79968e-06 0.601945 4.68937e-06 0.106689 0.025224 0.000156446 0.000260895 0.000707721 0.00756631 0.00664946 2.15767e-07 0.000274187 0.00155121 0.224019 4.33097e-06 
1.97267e-05 0.0751716 9.94483e-05 1.13117e-05 1.2164e-06 0.0127294 6.46222e-06 4.48029e-07 3.72162e-06 0.000221717 2.88031e-06 0.615348 7.26346e-05 0.00427035 0.00771935 0.00363404 0.00444602 0.0049709 3.16005e-05 0.00111906 5.92001e-07 0.000392168 0.000112597 0.269613 2.48989e-06 
4.97693e-07 0.000913072 9.80246e-11 0.000268841 2.72751e-05 6.42022e-05 3.86665e-07 8.70818e-09 2.55301e-07 0.000239866 1.03203e-11 0.965231 2.2672e-09 0.00145212 4.83099e-05 0.000287499 0.000491617 4.98117e-08 0.000110823 0.0175574 1.3079e-09 0.000137472 1.42848e-06 0.0131458 2.18567e-05 
0.000356693 0.00632796 2.00221e-07 0.000124057 0.000225766 0.000922221 0.000371734 1.66817e-06 4.69244e-06 0.000525662 5.36942e-12 0.896278 6.49607e-06 0.00670801 0.00557523 0.00335579 0.00407004 0.00704422 0.000485797 0.0385943 2.99208e-08 0.000319074 0.000141124 0.0266879 0.0018735 
0.00101379 0.013921 0.000858698 0.00050914 0.00220811 0.0323503 0.00345805 6.08014e-05 3.67501e-05 0.00376263 3.58271e-07 0.565914 0.000342427 0.0191351 0.029516 0.011036 0.0222269 0.0465738 0.0037361 0.11702 0.00408848 0.0182165 0.00199826 0.0987424 0.00327367 
9.16196e-05 0.0132949 1.00461e-06 0.0013639 0.000118055 0.0191342 0.00125312 5.73594e-06 4.21235e-05 0.00223502 1.39176e-12 0.758509 2.69398e-05 0.00268285 0.00555031 0.0412164 0.00417488 0.0253786 0.000179448 0.0296104 6.0116e-08 0.00185725 0.000871353 0.0878361 0.00456633 
3.27328e-05 0.0651603 2.27863e-05 0.00716961 0.00245505 0.0912218 0.00101237 2.46147e-08 0.000122921 0.0104756 1.49898e-09 0.233358 0.222844 0.0087113 0.168664 0.0298788 0.037033 0.00605749 0.00290001 0.049132 3.26138e-08 0.00235985 0.000475182 0.0569917 0.00392019 
0.0018115 0.0318535 0.000893485 0.00819856 0.00289329 0.0177655 0.00284215 1.97689e-07 2.66909e-05 0.0180244 8.35837e-07 0.453255 0.206272 0.00462212 0.13447 0.0095264 0.0202354 0.000340009 0.00192106 0.0202927 7.02132e-06 0.0157774 0.00149284 0.0471547 0.000323546 
0.00370248 0.0640328 0.000377137 0.00375721 0.0219153 0.0436496 0.00015719 7.24943e-06 1.20585e-05 0.0311101 4.93028e-06 0.4673 0.000142764 0.00779285 0.0713526 0.0129434 0.0110976 0.000169779 0.017978 0.176768 4.61882e-06 0.00704675 0.00658856 0.0519235 0.000165395 
1.63113e-08 0.0295177 1.41198e-05 0.00012298 2.98142e-08 0.000679299 5.83062e-09 1.26325e-10 1.37709e-08 6.21801e-07 1.62295e-10 0.446818 1.131e-10 0.0159649 0.00270683 1.92428e-11 0.00014688 5.51112e-06 0.000131171 0.134565 5.619e-08 1.38497e-05 3.27858e-11 0.367054 0.0022593 
0.00076279 0.0178897 0.00838033 0.00349407 0.00146425 0.0365179 0.00390047 0.00127332 4.46847e-05 0.00654755 1.64876e-06 0.483316 0.00268686 0.00915908 0.0183287 0.00830858 0.0167241 0.00254627 0.00642431 0.268538 0.00831246 0.00233703 0.00581651 0.0839538 0.00327168 
0.000116684 0.104388 0.000897495 0.000177136 3.63727e-05 0.0196356 6.25722e-06 2.56691e-09 1.87011e-05 0.00302746 1.10722e-07 0.601765 5.03361e-05 0.00461278 0.0294533 0.0101249 0.00405905 0.0081812 0.0004506 4.98892e-05 7.96397e-07 0.0104292 0.000633308 0.201884 1.43798e-06 
0.00114235 0.0148185 0.00137016 0.0107069 0.00379683 0.0369466 0.0054501 0.000859703 0.00053708 0.010056 2.0508e-05 0.529019 0.0137025 0.00914239 0.0276135 0.0144822 0.0121098 0.00407011 0.00963487 0.223546 0.00102273 0.00441478 0.0147893 0.0477853 0.00296272 
0.00213844 0.0313928 0.000243463 0.00736744 0.00392351 0.07001 0.00566035 0.000128625 0.00615948 0.0363311 2.89952e-05 0.267861 0.0457219 0.0260324 0.0467309 0.0198215 0.0398922 0.00263146 0.0073837 0.14291 1.06176e-05 0.00746946 0.0389213 0.187708 0.00352068 
0.000967188 0.00315767 1.89104e-05 0.015108 0.00174396 0.0267569 0.000531352 8.60494e-07 1.25199e-05 0.00645743 2.71178e-12 0.858098 1.24955e-05 0.0013452 0.0409878 0.011368 0.00394826 0.000651295 0.00256446 0.00075519 1.17055e-06 0.00397262 0.00436565 0.0124385 0.00473629 
0.0091022 0.0635676 0.00268448 0.00922929 0.00308423 0.0269069 0.00128805 3.30615e-06 0.00425826 0.0112273 0.000743231 0.308518 0.00688891 0.0123921 0.294126 0.00854017 0.00107058 0.00118213 0.0803575 0.0116142 1.36516e-06 0.0104657 0.00144454 0.131243 6.11818e-05 
4.83209e-05 0.00558539 2.97823e-08 0.000179945 0.0066653 0.0474153 0.00041732 7.39018e-13 7.60554e-07 0.00362301 9.49447e-13 0.872207 4.0723e-07 0.0010418 0.00867077 0.0205194 0.000746467 0.000774772 0.000943933 0.0052056 1.71852e-10 0.000264531 0.000504285 0.0249935 0.000192475 
1.0573e-09 0.00257954 9.47202e-10 2.3915e-05 8.88705e-13 7.7315e-06 1.45376e-10 2.81263e-12 8.22373e-09 1.26523e-09 3.6135e-12 0.865906 2.48379e-05 0.000151096 7.22029e-06 4.09102e-09 1.39831e-09 0.00107214 4.49907e-07 0.125671 1.92975e-10 6.71821e-06 7.69326e-10 0.00454886 1.11945e-08 
9.16196e-05 0.0132949 1.00461e-06 0.0013639 0.000118055 0.0191342 0.00125312 5.73594e-06 4.21235e-05 0.00223502 1.39176e-12 0.758509 2.69398e-05 0.00268285 0.00555031 0.0412164 0.00417488 0.0253786 0.000179448 0.0296104 6.0116e-08 0.00185725 0.000871353 0.0878361 0.00456633 
0.000294245 0.107448 0.0388486 1.61396e-05 0.000204254 0.0654045 0.00110884 0.00179832 1.6619e-05 0.00576845 2.67067e-11 0.295636 1.99114e-06 0.0663067 0.0586718 0.0230995 0.027305 9.57007e-05 0.00128848 0.02767 1.11097e-05 0.00125654 7.98592e-05 0.264778 0.012892 
0.000388714 0.0103813 1.84251e-05 0.00247275 0.000974365 0.0148688 0.00068791 4.37042e-06 2.87366e-05 0.00251107 4.88584e-09 0.705575 2.77349e-05 0.00620834 0.0134256 0.012831 0.00235927 0.00966987 0.00336623 0.153883 3.28377e-07 0.000711971 0.000928847 0.0438345 0.0148421 
3.5358e-06 0.0261753 4.32144e-08 0.00184176 2.84122e-05 0.0417068 3.36173e-06 6.95337e-12 6.96746e-05 0.00377462 4.66566e-10 0.750152 4.79911e-05 0.00387954 0.00491659 0.00440137 0.00538344 0.0571007 0.000960096 0.0571761 5.16796e-08 0.000943305 0.00427778 0.0370727 8.50828e-05 
0.000727852 0.0196202 0.00177917 0.0180931 0.00190085 0.0468338 0.00454519 0.000647286 0.000217048 0.00825016 7.80559e-07 0.534999 0.0217418 0.0127236 0.0437847 0.0124781 0.0116155 0.0053707 0.00657768 0.176682 1.43403e-05 0.00311208 0.00289569 0.0643332 0.00105614 
0.00253318 0.0589596 2.97963e-08 0.00139495 0.0183083 0.123344 0.000120085 1.11506e-05 3.15317e-06 0.0136999 5.62784e-10 0.343513 2.98977e-05 0.0119968 0.0963071 0.0109281 0.0545497 3.30362e-06 0.0232574 0.00141922 3.25628e-06 7.39188e-06 0.00164515 0.236874 0.00109084 
0.00342752 0.2167 6.05116e-05 0.000686121 0.00111345 0.0519574 2.21702e-05 9.63514e-07 2.52108e-05 0.00872889 5.76658e-05 0.29466 5.97445e-05 0.0117028 0.100557 0.0274141 0.0848807 0.000611443 0.00283695 0.000550213 8.71882e-06 0.0231023 0.0196088 0.15121 1.73897e-05 
5.35923e-07 0.0927699 0.000129023 1.66428e-05 1.02915e-06 0.0127587 8.33823e-06 2.8061e-09 4.56843e-06 0.000371173 7.14666e-12 0.721628 1.76759e-05 0.00127138 0.00893435 0.00618157 0.00102642 0.00839995 4.96149e-05 4.70588e-05 1.65271e-07 0.000656285 1.67984e-05 0.145709 1.91231e-06 
0.00483838 0.0598412 0.00176387 0.0120766 0.00632383 0.0624695 0.00702659 0.00377801 0.000693318 0.0317278 0.000403697 0.259268 0.00489018 0.0478369 0.045191 0.0385913 0.0283694 0.0130327 0.0201592 0.068825 7.20662e-05 0.0128319 0.00952885 0.258797 0.00166337 
0.00387055 0.0104061 8.02842e-07 0.00117172 0.00096829 0.00248786 3.78739e-06 1.06079e-09 3.25943e-05 0.00199669 9.25845e-08 0.555986 2.34267e-06 0.145563 0.0250899 0.00038219 0.0101843 1.41329e-06 0.0033825 0.020016 6.77572e-08 0.00021691 0.000810276 0.217371 5.64774e-05 
0.000556007 0.0151101 0.0173102 0.005884 0.000430483 0.0197227 0.00043182 3.43503e-07 9.90588e-05 0.00859329 2.26692e-09 0.596866 0.0184203 0.0118153 0.00794187 0.00795201 0.0133509 0.00729884 0.00566629 0.124686 0.0423244 0.00177537 0.00776666 0.0856651 0.000333389 
0.000106229 0.00526853 0.000408246 0.000639675 0.000127367 0.052624 0.000726926 2.68674e-07 1.63224e-05 0.00600288 4.58443e-12 0.817504 4.92389e-06 0.00212763 0.0124229 0.0116217 0.01262 0.00697199 0.000483405 7.90737e-05 3.41951e-07 0.00462831 0.00123913 0.0575087 0.00686795 
0.000604931 0.00775309 0.00720118 0.000414538 0.000243092 0.0029896 0.000456539 5.3252e-07 3.02659e-06 0.000345468 9.7764e-10 0.878437 1.44892e-05 0.00760163 0.00900842 0.00202199 0.000965792 0.000437431 0.000976375 0.04042 3.76277e-07 0.000228961 0.000775321 0.0387398 0.000360108 
9.16196e-05 0.0132949 1.00461e-06 0.0013639 0.000118055 0.0191342 0.00125312 5.73594e-06 4.21235e-05 0.00223502 1.39176e-12 0.758509 2.69398e-05 0.00268285 0.00555031 0.0412164 0.00417488 0.0253786 0.000179448 0.0296104 6.0116e-08 0.00185725 0.000871353 0.0878361 0.00456633 
4.70673e-05 0.0616405 5.41095e-06 0.00512841 0.000432176 0.00967371 7.50768e-05 1.90903e-06 1.09807e-06 0.000315649 9.90743e-10 0.733008 0.00455129 0.000604834 0.114644 0.0020163 0.000528887 0.000295293 0.0162999 0.00921327 5.29444e-08 0.000233064 0.000557461 0.0407173 9.03958e-06 
0.000967188 0.00315767 1.89104e-05 0.015108 0.00174396 0.0267569 0.000531352 8.60494e-07 1.25199e-05 0.00645743 2.71178e-12 0.858098 1.24955e-05 0.0013452 0.0409878 0.011368 0.00394826 0.000651295 0.00256446 0.00075519 1.17055e-06 0.00397262 0.00436565 0.0124385 0.00473629 
1.0573e-09 0.00257954 9.47202e-10 2.3915e-05 8.88705e-13 7.7315e-06 1.45376e-10 2.81263e-12 8.22373e-09 1.26523e-09 3.6135e-12 0.865906 2.48379e-05 0.000151096 7.22029e-06 4.09102e-09 1.39831e-09 0.00107214 4.49907e-07 0.125671 1.92975e-10 6.71821e-06 7.69326e-10 0.00454886 1.11945e-08 
4.83209e-05 0.00558539 2.97823e-08 0.000179945 0.0066653 0.0474153 0.00041732 7.39018e-13 7.60554e-07 0.00362301 9.49447e-13 0.872207 4.0723e-07 0.0010418 0.00867077 0.0205194 0.000746467 0.000774772 0.000943933 0.0052056 1.71852e-10 0.000264531 0.000504285 0.0249935 0.000192475 
0.00221803 0.00214106 1.49057e-05 0.00289703 0.00224828 0.0100247 0.000470504 2.32664e-09 1.60987e-06 0.0190843 1.28772e-08 0.745867 6.37805e-06 0.00837585 0.0145651 0.00296574 0.000469699 1.62753e-05 0.0046412 0.145439 8.53636e-07 0.00141532 0.000771921 0.0363471 1.78142e-05 
1.66338e-05 0.325276 0.00562737 0.000187965 5.43298e-07 0.0160751 0.0004614 4.78308e-07 4.14664e-06 0.00155883 2.67864e-10 0.455726 4.58844e-05 0.00553363 0.0260732 0.00457484 0.00101031 0.0142989 0.000530738 0.000781656 1.02748e-07 0.00367417 0.000213151 0.13832 9.05358e-06 
0.00179456 0.00923697 3.33346e-05 0.0514052 0.00159239 0.0235847 0.00137589 1.38544e-05 2.97684e-05 0.00702429 6.97554e-11 0.683885 1.91156e-05 0.00682127 0.0269496 0.0141356 0.00853586 0.00430229 0.0408888 0.0138219 4.30744e-06 0.002941 0.0262332 0.0722693 0.00310164 
0.000972834 0.0360247 9.64788e-05 0.0167688 0.000593463 0.00138455 0.00822728 1.4026e-08 0.000133264 0.0319286 4.66195e-11 0.481437 0.000188802 0.0118485 0.0460963 0.0602784 0.00587894 0.075289 0.00312968 7.75035e-05 3.90106e-06 0.00874981 0.00019877 0.21069 4.04821e-06 
4.83209e-05 0.00558539 2.97823e-08 0.000179945 0.0066653 0.0474153 0.00041732 7.39018e-13 7.60554e-07 0.00362301 9.49447e-13 0.872207 4.0723e-07 0.0010418 0.00867077 0.0205194 0.000746467 0.000774772 0.000943933 0.0052056 1.71852e-10 0.000264531 0.000504285 0.0249935 0.000192475 
0.00375139 0.0226954 8.9525e-05 0.00662922 0.00572777 0.0398506 0.00350994 5.40588e-05 0.00716157 0.0155103 3.62769e-07 0.214239 0.0200335 0.143131 0.0315664 0.0114148 0.0671071 0.00685396 0.00880593 0.160803 0.00015721 0.0127843 0.00426137 0.211206 0.00265667 
0.000156037 0.085848 1.5855e-05 0.00508785 0.000347725 0.0364189 6.69619e-05 8.59954e-07 2.46635e-05 0.00162297 3.12236e-08 0.688255 0.00188882 0.00187049 0.057786 0.00393092 0.00272076 0.0128285 0.00867953 0.0469868 1.74609e-07 0.000657244 0.00283835 0.0419235 4.37944e-05 
0.000101827 0.00855204 5.74543e-05 0.000211376 5.0273e-05 0.0120661 0.000228977 6.74744e-09 4.48395e-05 0.00196132 3.25331e-10 0.717325 6.01035e-06 0.0047648 0.00823925 0.0114507 0.00103996 0.0167714 0.000372871 0.0233935 3.14045e-07 0.000553891 0.00036927 0.192355 8.42793e-05 
0.000447344 0.0168017 0.00209268 0.0608045 0.00895026 0.069123 0.0019684 2.39907e-06 0.000683185 0.00788964 5.93281e-09 0.600606 0.000319499 0.0213181 0.0583049 0.0129166 0.00866969 0.00211718 0.00867265 0.0300248 6.85945e-07 0.00590399 0.037276 0.0431531 0.00195353 
0.000279447 0.0121031 0.00260294 0.00691552 0.00348269 0.0518611 0.00589556 0.000385785 0.000181255 0.00789073 1.49932e-06 0.557437 0.000341403 0.00670393 0.0249899 0.0126562 0.00733556 0.00441401 0.00614825 0.219836 6.07983e-06 0.00269092 0.00210831 0.0626632 0.0010692 
0.000611791 0.0486597 4.74964e-06 0.00557923 0.0049176 0.051857 0.00190539 2.02887e-06 9.92945e-07 0.0100029 9.77857e-05 0.569107 0.00544708 0.00887864 0.204197 0.00489436 0.0107542 0.000769772 0.0191664 0.00657203 1.45196e-07 0.00534908 0.00148346 0.0396408 0.000101353 
0.00127867 0.0270747 0.000577388 0.0267507 0.00765223 0.0670172 0.00207735 0.000199499 8.48276e-05 0.0130938 2.60654e-05 0.443531 0.000574997 0.0972166 0.0587741 0.0239582 0.0111938 0.00882298 0.012958 0.0208083 6.66289e-06 0.0119663 0.00565759 0.152791 0.00590866 
0.000279458 0.00397337 0.000911615 0.0343588 0.0261088 0.0549116 0.00195457 1.762e-07 0.00127989 0.00497451 1.72578e-12 0.685435 7.28448e-05 0.00130135 0.0659513 0.0170344 0.00123719 0.00555162 0.0430385 0.024326 9.92216e-08 0.00550841 0.00504727 0.0165539 0.000188702 
0.000116684 0.104388 0.000897495 0.000177136 3.63727e-05 0.0196356 6.25722e-06 2.56691e-09 1.87011e-05 0.00302746 1.10722e-07 0.601765 5.03361e-05 0.00461278 0.0294533 0.0101249 0.00405905 0.0081812 0.0004506 4.98892e-05 7.96397e-07 0.0104292 0.000633308 0.201884 1.43798e-06 
1.48713e-05 0.00885734 1.05453e-06 0.000155131 0.000106103 0.0287277 0.000950532 6.11306e-06 9.80195e-06 0.00086814 1.92885e-12 0.850555 8.59372e-06 0.00315403 0.00743581 0.026269 0.004604 0.00727916 0.000190304 0.0109173 3.03057e-08 0.00460333 0.000669102 0.0433194 0.00129826 
6.82804e-05 0.0206101 1.816e-06 4.15734e-05 0.000106531 0.00465604 0.000355711 5.13162e-05 4.48651e-06 0.00791299 1.36757e-10 0.504859 0.000760503 0.00306437 0.0119647 0.00694256 0.015155 0.0972767 0.000169961 0.0195513 1.04682e-08 0.0021811 4.85712e-05 0.304099 0.000117635 
0.00174861 0.00182486 0.0001182 0.0138216 0.00539135 0.0723186 0.0210515 9.09422e-06 6.04408e-05 0.0214257 4.20843e-12 0.597638 7.50968e-05 0.00138839 0.0368917 0.0105722 0.0045171 0.000963791 0.00619632 0.17294 4.79811e-06 0.0114817 0.00686117 0.00902295 0.00367701 
0.0020437 0.0233818 4.27044e-05 0.00181033 0.0105938 0.0232248 0.00143096 0.000131602 1.42358e-05 0.0156839 4.45164e-11 0.695195 0.000308227 0.0113372 0.0175324 0.0121388 0.0218749 0.0029991 0.00464169 0.0698017 1.24905e-05 0.00136805 0.00143567 0.0773216 0.00567527 
0.0056514 0.115942 1.719e-05 0.00564147 0.00057509 0.0626181 0.00266373 7.03258e-05 3.3352e-05 0.00909883 2.78788e-10 0.193112 5.11725e-05 0.0161532 0.14307 0.00224571 0.155465 0.0220009 0.00521326 0.0914571 2.10799e-06 0.00158986 0.00244729 0.164562 0.000320122 
0.000191132 0.00137775 5.97301e-10 5.63336e-05 2.5196e-05 0.00128547 5.02627e-05 3.29086e-12 6.23714e-13 0.00190902 4.2279e-12 0.80756 2.94633e-12 0.0101326 0.00171878 0.000203921 0.00122362 6.12982e-06 0.000290118 0.15461 9.96182e-10 0.00124127 0.00160489 0.0165134 1.32149e-08 
0.000292806 0.0580772 4.88221e-06 0.0683531 0.00640124 0.0387746 0.00326584 1.00201e-05 4.83349e-05 0.0130514 2.4222e-06 0.332926 9.96947e-05 0.0154164 0.060198 0.025017 0.040825 0.00585875 0.0149107 0.00863276 4.84284e-07 0.00455051 0.00525002 0.297936 9.61972e-05 
0.00498508 0.0782303 0.00114302 0.00440307 0.00392851 0.0396151 0.00490344 0.00347217 8.41461e-05 0.0175344 3.65167e-05 0.298456 0.0143194 0.0582557 0.0347022 0.0163517 0.020992 0.00365045 0.0140468 0.093708 6.99601e-06 0.00738183 0.00567061 0.273318 0.000804617 
0.00276406 0.0683111 8.63433e-06 0.00689083 0.00157425 0.00346471 3.4176e-05 7.09745e-11 5.40473e-06 0.0159862 9.11839e-11 0.629742 2.81917e-06 0.0352862 0.0873888 0.000167623 0.0124718 0.000257181 0.00955146 0.0124003 1.91063e-07 0.000807215 0.011679 0.100953 0.00025302 
4.46475e-06 0.000211686 1.31089e-08 0.0196073 2.24651e-07 0.00161587 3.77055e-05 3.7781e-12 8.61052e-06 0.000690536 4.85388e-12 0.89766 1.28567e-05 9.89967e-05 0.0566645 0.00107055 5.92132e-05 3.26266e-06 0.0130287 0.00640136 3.19327e-09 0.000559262 0.000996095 0.00126839 2.17725e-08 
0.000388132 0.00293445 3.23478e-08 1.85913e-06 2.95658e-05 2.70239e-05 6.86223e-07 5.96977e-10 5.61482e-08 0.000328555 2.31629e-06 0.400557 7.46938e-07 0.377583 0.000179522 0.00010863 0.000316803 6.91954e-08 0.00169074 2.72417e-08 5.53586e-10 0.0012287 5.0461e-07 0.214621 1.56201e-09 
0.000699529 0.000235195 1.97443e-05 0.000519915 3.05418e-07 0.028331 0.00536753 1.0326e-11 7.40635e-09 0.00518902 1.32662e-11 0.859766 9.57846e-09 0.00022616 0.0017392 0.0231422 0.000195875 2.41449e-05 0.000606519 0.0651595 9.57544e-12 2.74893e-05 1.36979e-07 0.00864334 0.000107237 
3.5358e-06 0.0261753 4.32144e-08 0.00184176 2.84122e-05 0.0417068 3.36173e-06 6.95337e-12 6.96746e-05 0.00377462 4.66566e-10 0.750152 4.79911e-05 0.00387954 0.00491659 0.00440137 0.00538344 0.0571007 0.000960096 0.0571761 5.16796e-08 0.000943305 0.00427778 0.0370727 8.50828e-05 
