9.3174e-08 0.106482 1.4547e-07 0.000350019 0.000138153 0.00996061 0.000117634 2.95178e-06 1.8155e-10 0.00335682 1.06199e-07 0.00702758 0.000734846 0.466794 0.297069 0.0127824 0.0492277 0.00236593 0.000531517 1.17766e-06 8.88272e-10 1.17888e-06 0.00125573 0.0255957 0.0162039 
0.00452594 0.0192819 0.000377425 0.0436376 0.0163412 0.0494748 0.0106231 0.000203277 0.00151331 0.0426846 6.87722e-05 0.01649 9.82239e-05 0.416708 0.0577246 0.0457012 0.0992442 0.0160523 0.0126484 0.00513765 1.12591e-05 0.0270674 0.0149544 0.0851787 0.0142517 
0.00891634 0.0141262 3.8285e-05 0.00270981 0.0126972 0.0280225 0.000507403 3.63957e-07 6.89806e-08 0.0471923 4.67591e-07 0.00914032 0.183134 0.530867 0.0200157 0.019105 0.0222338 0.000544339 0.00961611 0.0102062 3.37503e-07 0.0020268 0.00293692 0.0758905 7.20054e-05 
0.0125905 0.000346385 9.65491e-05 0.00063949 0.000213202 0.00284343 0.000349984 9.6207e-07 5.01027e-05 0.0177967 0.000330112 0.000380278 0.000116027 0.381493 9.15462e-05 0.0248861 0.156644 0.000340147 0.000125208 3.45561e-07 8.92143e-07 0.287123 2.78337e-05 0.113234 0.000280627 
0.000356046 0.00478545 1.85318e-07 0.00133457 0.00407022 0.0574026 0.00214821 0.0437412 3.66406e-05 0.0113711 8.59424e-07 0.00442017 0.000446281 0.622602 0.0238291 0.0433469 0.112532 0.00157938 0.00879978 0.00206936 2.84324e-05 0.0223171 0.0001803 0.0323534 0.00024844 
0.00277261 0.00415971 4.4853e-05 0.000189562 0.00390382 0.0251616 0.0300077 7.40303e-07 0.000121608 0.157206 7.89162e-08 0.00769102 1.32998e-05 0.38983 0.0548726 0.00573533 0.101334 0.00152682 0.00855049 0.00116549 0.000865321 0.0408062 0.00118542 0.162783 7.27631e-05 
8.94903e-05 0.0605442 2.31751e-05 0.00674421 0.00715939 0.0199544 0.000192301 0.000539431 1.43209e-05 0.0094925 6.88591e-07 0.00139903 0.000132159 0.457748 0.0108229 0.00321685 0.0161967 0.00218166 0.0035287 0.00225458 4.92161e-06 0.0083222 1.54063e-05 0.389159 0.000263609 
0.000723707 0.0472652 1.28074e-05 0.00258995 0.000166551 0.0774694 0.000174333 0.000932355 4.832e-05 0.0127636 1.5829e-07 0.00852424 0.00037689 0.333847 0.0416812 0.0331399 0.253979 0.00794948 0.00194288 0.00399 5.27682e-06 0.0058468 0.0216824 0.144716 0.000172145 
0.00188191 0.0137839 1.66727e-05 0.0197413 0.00177073 0.0504864 0.00259893 1.31529e-05 6.57053e-05 0.0485075 1.78242e-09 0.04656 0.0434521 0.362037 0.0863601 0.01215 0.0280229 0.0288709 0.0168895 0.00377558 1.36675e-05 0.0289397 0.000248851 0.203374 0.000439836 
0.00495527 0.0102489 0.000245064 0.026729 0.0105547 0.0787519 0.00578179 0.000133641 0.000647347 0.059162 3.40949e-06 0.00762118 0.000404648 0.397963 0.0942045 0.131666 0.0448101 0.00471624 0.0318292 0.00110184 6.41618e-05 0.0222406 0.00640237 0.0575494 0.00221354 
1.36505e-05 0.000370052 2.82343e-06 0.00977162 0.000750869 0.0169378 0.00251301 9.40466e-07 5.57514e-06 0.066425 7.06139e-05 6.89207e-05 4.38431e-05 0.807939 0.0190017 0.000174087 0.0469882 0.000185481 0.000918317 0.00142429 8.72109e-07 0.00524918 0.00732087 0.0137784 4.52772e-05 
0.00156923 0.00647978 8.10926e-06 0.0857475 0.00541525 0.125265 3.51531e-05 1.67289e-06 8.34219e-05 0.0380955 1.66581e-08 0.000349589 0.000727196 0.465662 0.133074 0.00428548 0.0151685 0.0249847 0.00758121 0.000212469 0.000290402 0.036039 7.63415e-05 0.048533 0.000315418 
0.0348904 0.153788 2.76417e-07 0.00826175 4.50709e-05 0.001343 0.000129256 5.32809e-11 0.0193817 7.35925e-05 1.38087e-08 0.000348585 0.000156437 0.481294 0.11387 0.000695317 0.00431085 2.76406e-05 0.00149731 0.00441895 7.06409e-06 0.000473584 0.00189682 0.0286459 0.144445 
3.71821e-05 0.0439171 2.97319e-07 0.00319475 1.01343e-08 0.0636977 0.000249682 4.07461e-05 4.15676e-05 0.0142167 2.53202e-06 0.000502503 8.81641e-06 0.667369 0.0218088 7.86288e-05 0.0804672 0.000384696 0.00630093 1.00902e-05 1.18442e-05 1.1683e-05 0.0947601 0.00263743 0.00025038 
0.0116109 0.0265548 2.82226e-05 0.0250868 0.0175567 0.0113075 1.83111e-05 1.90595e-09 0.00202189 0.0957051 0.00017752 0.000825836 0.000830153 0.342079 0.197326 0.00966875 0.012831 0.0107345 0.00714842 0.000174121 0.000288303 0.00576836 9.26874e-05 0.220872 0.00129313 
0.000502071 0.03047 0.000175429 0.0017408 0.00126397 0.0147174 0.000691508 8.13772e-11 1.07954e-05 0.0167926 1.13227e-05 0.000271414 0.000127428 0.797611 0.0388552 0.00218946 0.0261219 0.000115934 0.00347068 0.00482538 3.24206e-08 0.000423373 0.00246417 0.0249038 0.032244 
8.96939e-05 0.00128865 0.000827308 5.85465e-05 0.00502225 0.00340187 0.000245839 1.37566e-05 0.000120684 0.109375 0.00105772 0.0222228 0.000136931 0.359819 0.00743114 0.00936206 0.333391 0.0252289 0.000818331 0.00355264 0.000448959 0.0106506 0.00146127 0.101704 0.00227089 
0.0518251 0.0238045 6.22793e-07 0.0503194 0.00189558 0.0116719 0.00108831 1.84626e-07 4.80272e-08 0.0760937 5.0785e-10 0.0177658 1.42819e-06 0.256823 0.0880981 0.0683703 0.163972 9.12232e-05 0.00178526 0.0112259 3.66562e-10 0.0288864 0.0132251 0.132531 0.000525291 
2.52176e-07 0.00241296 0.000647142 0.000581403 9.46757e-06 0.00702551 0.00188739 1.74621e-08 1.90166e-08 0.00163071 0.123397 0.00030582 0.000121645 0.719098 0.0545351 0.00313631 0.033493 0.000694303 0.0081369 0.00151437 3.20648e-08 0.0020511 0.00329625 0.036026 1.64716e-08 
2.18072e-06 0.00270765 0.000293472 0.0125416 0.00639588 0.0350811 0.0180394 7.56917e-10 3.66794e-05 0.0232701 9.72442e-10 1.12994e-10 6.77673e-10 0.437881 0.158066 0.109328 0.0177134 0.00172378 0.00451198 0.000162854 1.18931e-06 0.0187664 1.26572e-08 0.151054 0.00242282 
2.20545e-05 0.00757075 1.20351e-10 0.000138606 2.98871e-08 0.0709708 3.69562e-07 1.03732e-07 2.55217e-08 0.02511 1.38945e-10 3.99223e-07 9.68275e-11 0.521031 0.339595 0.00725352 0.000209941 8.72868e-07 0.00397906 1.45634e-07 4.34361e-06 0.00119974 2.61361e-05 0.0228328 5.35497e-05 
0.00071547 0.00702482 1.12685e-06 0.00156697 0.000208585 0.00869919 0.0670758 1.32749e-05 2.57982e-05 0.09364 3.47609e-07 0.000959871 7.43197e-05 0.264742 0.0221386 4.89217e-05 0.144045 0.232625 0.00261183 0.000809572 1.36319e-06 0.0121165 0.00100352 0.131244 0.0086094 
5.40831e-05 0.0153836 4.58194e-05 0.0210312 0.000254654 0.159773 0.00212196 9.06371e-06 1.55434e-05 0.00975997 4.34809e-07 0.000637284 0.0101962 0.322661 0.272557 0.0156651 0.027597 0.012704 0.0145767 2.01791e-05 3.13842e-07 0.0778798 0.0162268 0.0208294 2.00957e-07 
0.000174651 0.0446897 5.13165e-09 7.07127e-05 1.44722e-06 0.0144967 0.00019354 2.93739e-08 1.36632e-05 0.009916 1.8742e-06 0.000436334 4.40375e-05 0.787963 0.0290941 0.00229723 0.00404654 0.01016 0.000229562 0.000149548 6.52435e-09 0.00218611 3.08841e-05 0.0935501 0.000253821 
0.000222142 0.0350374 0.000292381 0.0108488 0.0010963 0.0130218 0.000689761 1.93627e-06 9.13282e-05 0.0240114 0.000120537 0.0278647 8.66611e-05 0.407245 0.0280364 0.0136602 0.193102 0.00541816 0.00602514 0.00273472 4.17127e-05 0.00701834 0.0191705 0.18981 0.0143529 
0.0352548 0.000201643 7.1956e-05 0.00137006 0.0294462 0.0592445 0.0418599 1.63601e-05 4.92123e-08 0.0884407 3.3359e-07 0.000475777 0.00267549 0.471965 0.0866984 0.000127739 0.154462 0.000348744 0.0119288 7.22498e-05 7.40621e-05 0.00281214 9.76004e-05 0.0120693 0.0002865 
0.0017542 0.0278545 4.05147e-06 0.00402438 0.00142435 0.102251 0.000608082 2.4879e-05 0.00112056 0.0377641 1.74311e-08 0.0039093 7.0843e-06 0.264851 0.178368 0.0157115 0.0760664 0.000685652 0.00502741 0.00126572 3.55393e-08 0.17374 0.00135569 0.101997 0.000184805 
0.014368 0.0129896 0.00475775 0.254168 0.0046274 0.0490613 0.00753017 1.10096e-05 0.020181 0.0191439 1.69082e-07 0.0130224 0.00149554 0.264201 0.112847 0.0294129 0.0203268 0.00967599 0.0194684 0.00117173 8.04877e-05 0.0147867 0.00332386 0.123129 0.000219443 
0.00914964 0.0831062 7.92161e-11 0.000632373 0.000239067 0.00549643 7.67798e-05 7.11854e-11 4.95503e-05 0.00544443 4.71874e-06 2.45346e-05 3.30261e-05 0.755113 0.00282843 0.000544477 0.00173065 0.0432382 0.00241701 1.32757e-07 8.69292e-07 0.0108841 3.9423e-06 0.0391406 0.0398421 
0.000133216 0.162756 0.00280932 0.00094517 0.000376034 0.00591798 0.000515462 5.38783e-07 2.45586e-06 0.0104964 7.86847e-05 0.0124964 0.000675656 0.377839 0.00260579 0.000342917 0.227838 7.96465e-05 0.0137299 0.000423349 1.98422e-05 0.00462078 1.74722e-05 0.175276 3.20535e-06 
0.000254058 0.00327053 7.41018e-06 0.0012542 0.000330463 0.0302346 0.00933008 0.000251343 3.40578e-05 0.00200571 5.30926e-07 0.0263112 0.00026455 0.587876 0.06747 0.0090624 0.171685 0.021599 0.0193259 0.000848821 0.00015738 0.0216938 0.0114249 0.0151533 0.000153779 
0.00137601 0.00187102 7.00926e-08 0.0203454 0.0172685 0.0594628 0.00909689 6.29869e-08 3.81732e-05 0.0713038 8.09219e-08 0.000907856 0.000299449 0.515144 0.0471685 0.00362568 0.149994 0.0129991 0.0205421 0.000240668 0.000112443 0.0385691 0.00281154 0.025892 0.000930903 
0.000163597 0.027725 7.27294e-08 0.0144271 6.78276e-05 0.0272753 0.00286924 2.79419e-06 4.22658e-05 0.021461 1.32022e-07 0.0124416 0.00434665 0.497093 0.0591644 0.0818647 0.0896743 0.00534201 0.0187072 0.00996159 1.51956e-05 0.00812968 0.00796051 0.110816 0.00044921 
0.00178264 0.00551772 6.48168e-06 1.56536e-05 0.00463774 0.0119249 2.55271e-07 5.09428e-10 9.27081e-08 1.06378e-06 6.54484e-10 3.39428e-06 0.0404107 0.440489 0.395271 0.00616262 0.0139109 0.00591186 0.00271815 2.95687e-06 4.72401e-10 0.00140535 0.00345691 0.0663705 3.02485e-10 
3.93533e-06 0.093666 5.44056e-10 1.67289e-07 0.00138005 0.00755355 0.00324129 0.010736 9.40042e-07 0.0217812 6.28112e-10 4.73538e-05 4.37717e-10 0.652479 0.0841409 0.00819301 0.0336813 0.000358824 0.0446841 0.000500747 2.0256e-06 0.00136609 0.00237595 0.0337982 9.48373e-06 
0.0323184 0.00253416 0.000128479 0.00687233 0.0015008 0.211127 0.0506169 1.11811e-05 7.60411e-06 0.0685196 5.48074e-06 0.00230608 0.000428351 0.360492 0.0490133 0.0333293 0.0830928 0.00276576 0.00402426 0.00248789 6.28317e-08 0.028555 0.00427207 0.051275 0.00431654 
0.000141418 0.0135413 2.57096e-07 8.17267e-07 0.00707418 0.000115196 2.37026e-08 5.72277e-07 5.97403e-08 0.00728216 2.88498e-09 0.140804 3.49361e-05 0.661233 0.0218484 0.00122848 0.000669832 7.54417e-05 0.0259216 0.000773785 2.08236e-09 0.000761372 8.31746e-05 0.118398 1.13999e-05 
0.00388204 0.00515548 3.87065e-05 0.000977359 0.00883288 0.00989726 0.00200207 1.24607e-05 5.49367e-05 0.020444 1.09127e-06 0.000162499 7.60481e-07 0.7455 0.0245045 0.0020971 0.0984738 0.000143809 0.0135529 0.00143162 2.91565e-05 0.00433288 0.000746629 0.0576001 0.000125492 
9.40403e-06 0.0052301 1.33095e-07 0.0117916 0.00613634 0.129596 0.00665776 0.000187261 4.16248e-05 0.0208426 1.99057e-07 0.000874871 0.000225824 0.272592 0.0293377 0.0344864 0.212689 0.0086449 0.00460737 0.0102149 4.60517e-05 0.0339849 0.00201501 0.209669 0.000119841 
7.32584e-06 0.000913288 2.91001e-06 1.44065e-06 6.04321e-07 0.0831422 0.000353588 0.0015593 3.80286e-07 0.000869603 1.62239e-08 0.00025681 0.000388153 0.798978 0.0100626 0.00130273 0.00777623 0.0555492 0.000267699 0.000527908 5.25702e-06 0.0220014 1.62449e-07 0.0160312 2.17519e-06 
0.000638689 0.00238907 0.00149716 0.233597 5.09754e-05 0.00128858 0.00737052 2.86839e-06 0.0628248 0.000498929 4.80642e-06 0.00224471 0.00102593 0.451572 0.0455914 0.061662 0.060236 0.0185488 0.0132298 7.26171e-05 0.000550527 0.0017723 9.90996e-05 0.0330642 0.00016746 
0.000541174 0.0449746 8.23927e-06 0.00491606 0.00175991 0.0207751 0.00119011 4.97006e-05 8.01409e-05 0.0398539 1.23534e-06 0.000182714 0.0165223 0.526365 0.00522455 0.00744078 0.101949 0.00107514 0.09037 0.000113623 0.000341368 0.00762455 0.000682306 0.0761802 0.0517782 
1.15764e-05 0.000425419 3.99201e-06 0.00752752 3.003e-05 0.00517325 0.00207339 7.12853e-05 7.9453e-07 0.000946745 4.37919e-08 9.4058e-05 5.7642e-06 0.924036 0.0133134 0.000684633 0.0220944 0.00202502 0.000180832 0.00163718 6.3547e-08 0.00166213 5.85413e-05 0.0169057 0.00103816 
0.000286881 0.174416 1.99706e-07 0.00814596 0.00495025 0.105834 1.44856e-06 6.11365e-05 0.000179152 0.00114987 5.15273e-10 0.0216336 0.000357276 0.318113 0.0680066 0.019259 0.105752 0.00425273 0.0181782 0.0164086 2.36701e-08 0.00252048 0.00705116 0.123158 0.000285525 
0.0365019 0.0302956 9.29331e-09 6.67146e-05 0.00136565 0.0128548 0.000991384 0.00691694 0.000193842 0.00109418 0.000400981 0.00327164 6.34447e-05 0.609333 0.0109676 0.0154472 0.110615 0.00978967 0.000866732 0.00165968 3.73914e-06 0.00172391 0.00164786 0.143744 0.000184137 
0.000514811 0.000107149 9.45322e-05 0.00494143 0.00372793 0.0584973 0.00613319 6.49367e-05 5.13281e-05 0.119819 0.0710685 0.00101516 1.85253e-05 0.317361 0.081931 0.236243 0.0166812 0.00695388 0.0208708 0.000636996 2.79705e-07 0.00181582 0.00198065 0.0494633 7.99956e-06 
0.00743114 0.0765646 7.8214e-11 0.000606015 0.000230372 0.00544542 2.94543e-07 7.02849e-11 3.02643e-05 0.00561677 1.68306e-07 2.38085e-05 3.22947e-05 0.773146 0.00290484 0.000523513 0.00126389 0.0333569 0.0023087 4.65298e-08 2.52738e-08 0.0110555 2.08236e-06 0.0405732 0.0388841 
2.44317e-05 0.00838515 0.000171856 0.000654921 1.47428e-05 0.0162213 0.00196194 2.40471e-05 6.29554e-06 0.00733333 7.69442e-07 0.0399985 3.18197e-05 0.704734 0.0115745 0.00569937 0.0399536 0.000487105 0.000558017 0.0242001 5.0139e-06 0.00438258 0.00278363 0.130175 0.000618103 
0.00165168 2.97824e-07 6.62802e-05 0.0158945 2.80079e-06 0.0238606 0.00582595 2.43137e-09 6.50949e-08 0.00988865 1.25177e-07 0.000738757 3.4498e-08 0.84099 0.0361178 0.000565726 0.000965945 0.0506871 0.00190905 0.000542888 4.92713e-10 0.00371642 1.03983e-06 0.0037414 0.00283321 
0.00132842 0.039429 7.41542e-08 0.00881093 0.00185869 0.158688 0.00103506 0.000689021 3.08318e-05 0.0796425 2.8207e-07 0.0557477 0.000688014 0.354994 0.0334569 0.0771426 0.0691958 0.00903097 0.0130615 0.00760165 9.77845e-06 0.0119164 0.00171782 0.0731142 0.000809548 
2.18307e-05 0.000577375 6.93139e-08 0.00262842 0.00309098 0.0233557 0.000859766 2.9331e-06 1.70451e-08 0.0450262 4.75956e-05 0.00701104 7.31875e-05 0.716254 0.052259 0.0183092 0.0442608 0.00402294 0.00534997 0.000934914 2.56585e-10 0.0452016 0.0178146 0.0117579 0.00113996 
0.00494409 0.0158037 0.000679039 0.000502366 0.000414622 0.277168 0.00502797 2.21993e-06 3.41623e-06 0.0688927 9.2118e-08 0.00755667 3.10208e-05 0.35818 0.0718599 0.0287282 0.0628845 0.00459846 0.00352992 0.00300921 1.95705e-06 0.0455203 0.00959623 0.0309774 8.83503e-05 
0.041604 0.0157429 8.93586e-09 0.0189905 0.0209343 0.100279 0.00192081 4.77405e-06 1.15794e-06 0.110424 1.03164e-08 0.00112161 0.000155765 0.219374 0.0746314 0.053142 0.020101 0.000293842 0.149675 0.00140098 3.33105e-07 0.0218649 0.0216657 0.12601 0.000661978 
0.00834766 0.00218529 5.92021e-06 0.0189001 0.00547518 0.0358836 0.00895213 2.15737e-06 5.81181e-05 0.254369 5.369e-05 0.00687384 0.00170065 0.35338 0.0295505 0.0406834 0.0554728 0.0159401 0.0180947 0.00379425 7.12105e-08 0.0606783 0.0387337 0.0403353 0.00053001 
0.00217265 0.00051119 0.00304055 0.00234263 0.0406443 0.0803251 0.00946263 0.000854029 0.000108175 0.0172977 5.00333e-07 0.00038898 0.000197596 0.311412 0.0356683 0.194331 0.0840184 0.000343479 0.037208 0.000123032 0.000224119 0.00298399 0.150439 0.0230078 0.00289455 
0.00235722 0.00813662 1.80796e-05 0.0314932 0.0281761 0.00136132 3.39484e-08 2.42733e-10 5.57073e-06 0.00154233 3.11849e-10 0.165885 1.50791e-06 0.323779 0.150915 0.000607071 0.00306862 2.4465e-06 0.0137991 0.00329391 2.02402e-08 0.000120317 0.00116108 0.263935 0.000341327 
0.00255602 0.0222674 1.40083e-06 0.0264346 0.00127012 0.0226183 0.000387451 0.0021962 0.000101601 0.0350091 3.17549e-09 5.5864e-05 6.48195e-06 0.611671 0.173687 0.00914944 0.00411418 0.000510456 0.00881571 0.0001784 0.000414509 0.0219553 0.00578951 0.0507714 3.89771e-05 
0.0249614 0.05844 3.18695e-07 0.000533465 0.0101949 0.000769757 0.000295222 4.7448e-07 0.000114139 0.0292352 2.48569e-06 0.0140542 0.000361064 0.278849 0.0244208 0.0307787 0.128031 0.110215 0.00450414 0.00924008 2.8611e-07 0.0121124 0.0057635 0.254767 0.00235534 
5.4795e-10 4.19279e-06 8.56312e-06 0.0239477 3.79845e-10 0.132654 0.0425262 1.20216e-09 1.1415e-07 5.99904e-06 0.000819492 1.7946e-10 1.0763e-09 0.41208 7.27805e-06 1.83122e-10 0.250513 0.112571 5.78976e-06 8.55002e-06 2.34215e-06 0.0248235 3.02673e-06 1.92813e-05 7.13809e-10 
1.07267e-05 0.00404899 1.74749e-06 2.37054e-08 5.28777e-08 1.25372e-05 1.78443e-07 9.04551e-12 5.97177e-09 0.000209096 1.16211e-11 6.11121e-05 3.41953e-07 0.9147 0.00827509 0.00174366 1.90894e-08 9.31003e-06 2.07328e-05 2.83692e-05 4.48946e-09 1.67913e-07 1.18992e-06 0.0708194 5.68076e-05 
2.20545e-05 0.00757075 1.20351e-10 0.000138606 2.98871e-08 0.0709708 3.69562e-07 1.03732e-07 2.55217e-08 0.02511 1.38945e-10 3.99223e-07 9.68275e-11 0.521031 0.339595 0.00725352 0.000209941 8.72868e-07 0.00397906 1.45634e-07 4.34361e-06 0.00119974 2.61361e-05 0.0228328 5.35497e-05 
0.00101503 0.00302235 0.000216064 0.0245423 0.00211423 0.070648 0.0162591 0.0308106 0.00198265 0.0799158 5.06981e-05 0.00979486 0.00130277 0.400574 0.0204297 0.00464344 0.137023 0.0144108 0.0148577 0.0415232 0.000826512 0.0128903 0.00123506 0.105247 0.00466443 
4.33781e-09 0.000696601 0.00071766 1.38203e-05 0.115463 0.148215 0.0118164 0.000182838 1.80371e-09 0.00170651 3.2129e-07 0.00853693 2.06849e-05 0.339368 0.0137022 0.0010313 0.0208413 0.0172615 0.000594151 3.41829e-09 3.35502e-06 0.0259102 7.52992e-05 0.293838 4.71941e-06 
0.00937636 0.00428959 0.000295291 0.0207175 0.0319012 0.100432 0.0108667 0.000773126 0.00519911 0.0833362 0.00142385 0.0516187 0.000385712 0.184816 0.108666 0.133426 0.0190288 0.0106372 0.0205467 0.00505833 5.59559e-07 0.0621423 0.0202199 0.114676 0.000166741 
0.014609 0.010672 6.1394e-05 0.00527645 0.000192002 0.0269791 2.7677e-07 7.08819e-06 0.00506579 0.065048 0.000462671 0.00110158 1.4213e-05 0.426177 0.235327 0.0147635 0.0157001 0.000387396 0.0112594 0.00135685 1.63549e-06 0.00417413 0.000506554 0.159052 0.00180505 
0.00203658 0.014248 1.57936e-07 5.415e-07 0.00198673 0.0430703 2.0784e-06 0.00218552 2.54562e-06 0.0153095 3.4983e-10 0.00196187 0.0963813 0.459124 0.0267556 0.0125554 0.0644777 0.000294884 0.0197991 0.00129439 0.000129919 0.0184917 0.0679843 0.151907 8.39573e-07 
0.00565229 0.0862984 5.51796e-05 0.00500271 3.50022e-05 0.0109449 0.000298925 0.000453124 0.000371844 0.10041 0.000259812 4.97305e-05 0.00026527 0.237049 0.0207152 0.00774477 0.106743 0.0649485 0.0202121 0.000741225 2.29243e-06 0.0868048 0.0230163 0.221735 0.000191556 
0.000155853 0.000770867 0.000147746 0.0658882 0.000562816 0.0436864 0.00617433 0.000154353 0.00106365 0.00968672 1.53665e-07 0.000770976 0.00029451 0.359522 0.0669114 0.00670835 0.354595 0.0279342 0.00937392 0.00126329 0.000254548 0.0174451 0.0107723 0.0153619 0.000501767 
0.0120928 0.00583123 1.19151e-06 0.0490855 0.000574577 0.0496363 0.00849168 2.17658e-06 9.89693e-06 0.0130091 2.92381e-05 0.00976021 2.15755e-05 0.29676 0.18207 0.0760173 0.00817989 0.00103151 0.00323648 0.000939477 3.96758e-05 0.0108616 0.0027032 0.183286 0.086329 
0.000188348 0.0179739 0.00800771 0.23393 0.000315241 0.109071 0.00768801 0.000340814 0.00287153 0.00726602 5.73571e-09 0.00165452 0.00188849 0.264653 0.0980887 0.0139372 0.00910894 0.0671356 0.00788148 0.00437151 7.28269e-06 0.0586247 0.0020161 0.0824547 0.000525851 
0.00200494 0.0245669 0.0112496 0.00544839 0.0333589 0.089013 0.00477722 1.18778e-05 0.00522652 0.0184945 4.31082e-08 0.00096294 0.00224798 0.41211 0.128858 0.00389014 0.095218 0.0225401 0.0285328 0.00139067 5.03641e-06 0.074183 0.00853049 0.0273121 6.67354e-05 
0.00414732 0.00772702 4.97923e-05 7.0171e-05 0.0210612 0.00391512 1.98136e-06 1.06842e-05 1.16522e-07 0.0263948 2.74048e-06 2.60287e-05 0.021523 0.279846 0.225347 0.0113223 0.24928 0.00460781 0.0504439 0.00352913 1.02426e-07 0.00316002 0.000444688 0.0870806 9.61922e-06 
0.00299369 0.00363831 8.92867e-05 0.000156932 0.0050968 0.0437441 0.000149102 0.000108114 1.13011e-05 0.0306679 6.10396e-06 0.0158427 0.00338495 0.626885 0.0266422 0.00543516 0.067447 0.0288437 0.0316233 0.00321261 6.66744e-06 0.0207775 0.0111409 0.0720694 2.68279e-05 
0.0212918 0.182201 1.01315e-09 0.00183713 0.00466303 0.00346474 0.00250289 2.38246e-06 1.84542e-08 0.00755614 1.16968e-09 0.0309788 0.000303117 0.28519 0.132605 0.0310966 0.00649215 0.00164399 0.0285572 0.0162833 0.000270372 0.00170996 0.00866295 0.163785 0.0689027 
0.00129942 0.00165164 2.84404e-07 0.000246333 0.000824042 0.0119288 0.0150898 6.49501e-10 9.71046e-06 0.00650944 8.34441e-10 0.000875667 0.000325795 0.68887 0.014478 0.00331497 0.199052 0.00778217 0.00323311 0.000985631 3.60712e-07 0.00149054 0.00211562 0.0396633 0.000253331 
0.000198174 0.0165035 3.65659e-08 0.00143129 0.00339312 0.0290056 0.0228005 4.87671e-08 5.1313e-07 0.0658987 3.88335e-06 0.0112855 0.000175027 0.607735 0.0857589 0.00149374 0.0407442 0.00113228 0.00922061 0.00515448 2.61506e-07 0.0105133 0.0104601 0.0690892 0.00800225 
0.00287481 0.0745107 1.98326e-05 0.0210051 0.000741224 0.00490563 0.000127464 3.10416e-09 5.99328e-05 0.00163679 1.24667e-11 0.00127468 0.000150351 0.680756 0.131844 0.00192015 0.0139139 0.000207674 0.00751621 0.00722384 8.34778e-09 0.000276802 0.00884618 0.0381031 0.00208607 
9.21311e-07 5.4638e-07 2.47404e-06 0.0009942 1.63951e-06 8.04225e-07 0.000295929 4.54736e-10 8.30822e-08 2.51067e-06 5.84218e-10 9.6056e-08 3.18025e-07 0.971408 0.0125837 5.65797e-07 0.00616522 0.000371002 0.00578426 6.47239e-07 4.21684e-10 8.63445e-07 1.00716e-06 0.00238404 1.12262e-06 
0.0161449 0.0174071 3.87585e-05 0.00233057 0.00137427 0.00724451 7.38988e-06 1.51273e-08 0.0194126 0.0656918 3.67324e-07 0.0162456 4.40909e-06 0.440428 0.0370916 0.00694348 0.00122979 2.44561e-06 0.0108266 0.000684074 1.1972e-06 0.000711037 0.00011427 0.355882 0.000183048 
0.00843358 0.19479 5.9483e-05 0.0112242 0.00230154 0.0428042 0.00646597 0.000179581 5.77153e-05 0.00801894 0.000789347 0.0557028 0.000394186 0.300656 0.0181582 0.00977185 0.0599229 0.0109693 0.00555019 0.00220006 4.73729e-06 0.00820885 0.000717144 0.24923 0.00338945 
0.000109383 0.0040692 8.19242e-06 0.00843372 0.000736348 0.0112321 1.18733e-05 1.21813e-05 1.76617e-05 0.00507561 8.89551e-09 0.0137436 0.0018394 0.676568 0.1655 0.00347552 0.0380556 0.000614626 0.0144138 0.000881755 3.34383e-07 0.00791627 0.0146227 0.0237984 0.00886349 
0.00521163 0.00312113 0.0079335 0.0739282 0.00144257 0.0254232 0.0082105 1.26224e-05 0.0104244 0.0460974 6.19647e-05 0.00198557 0.00223326 0.389756 0.0614416 0.0190973 0.0146938 0.0224346 0.0372339 0.000208767 2.88367e-06 0.112261 0.00902602 0.105286 0.0424719 
0.000112001 0.00755836 5.59012e-07 0.00138295 0.000231847 0.0450846 3.29364e-06 2.55902e-07 5.07863e-06 0.00194416 1.66922e-09 0.250355 0.00016143 0.267547 0.0664206 0.00259273 0.149836 0.00341053 0.0185568 0.0063116 1.12624e-05 0.000159916 0.000339825 0.177975 7.71467e-10 
3.04578e-08 0.000195898 4.74417e-08 0.000767457 2.32738e-08 0.0013302 4.02959e-07 5.63154e-10 7.06766e-12 0.000371898 3.45034e-08 0.00042113 4.4536e-07 0.968302 0.0216411 7.04166e-08 0.00225449 8.54937e-05 4.25107e-08 3.86466e-07 3.45801e-11 3.86916e-07 4.55446e-05 0.00139804 0.0031853 
0.0822207 0.00197263 9.88345e-09 0.0523965 0.000888032 0.0400745 0.00658114 8.8815e-09 8.9676e-05 0.0560993 1.14104e-08 0.00354421 0.00708452 0.285566 0.0209853 0.00584295 0.141872 0.00088567 0.000328862 0.00537967 4.93505e-08 0.113023 0.0141011 0.145217 0.0158475 
0.00284338 0.0148239 0.000364485 0.0053007 0.0044325 0.0522413 0.0149804 0.000381438 4.78615e-05 0.0342967 0.000769944 0.00993123 0.00417386 0.633916 0.0390306 0.0209863 0.0432857 0.0162571 0.00488054 0.0051614 8.22105e-06 0.0192789 0.013638 0.0566795 0.00229008 
0.000237157 0.00803896 5.11851e-07 0.000175837 8.37165e-06 0.0544621 0.0122367 1.48283e-06 1.75228e-05 0.0298996 2.25345e-06 0.000418184 3.19647e-05 0.415503 0.0134016 0.0100808 0.39076 0.00211961 0.000115167 0.000314055 1.44587e-05 0.00267273 0.00492478 0.0277713 0.0267921 
0.0139582 0.00313277 4.59948e-08 0.00305359 0.00131273 0.0175711 8.33738e-05 0.012923 1.25809e-07 0.0657781 0.00637598 0.000597272 2.63407e-07 0.378786 0.0919616 0.00812157 0.287993 0.000429902 0.0495142 6.7652e-05 1.27152e-05 0.00857853 3.70246e-06 0.0446239 0.00512022 
0.0535123 0.0202266 0.000511739 0.000627098 0.0013432 0.0140381 9.98985e-05 4.44951e-08 2.0825e-08 0.00245486 5.71648e-08 8.54553e-05 8.2948e-05 0.345443 0.237696 1.7914e-05 0.299096 0.006857 0.00115832 2.00161e-05 4.12611e-08 1.34242e-06 0.00520479 0.011523 2.642e-08 
1.29709e-08 0.0061474 2.45423e-11 4.62166e-12 6.96848e-12 3.36825e-10 5.18229e-12 2.20543e-11 4.17994e-12 1.95959e-06 2.8334e-11 1.45833e-08 1.97454e-11 0.971323 0.000493216 7.98183e-05 2.51301e-12 1.32027e-08 3.10566e-12 3.88866e-06 1.9926e-09 4.03648e-12 5.72386e-12 0.0219503 2.49719e-08 
0.000119191 0.0190875 5.4227e-08 0.00908429 0.000315656 0.0845225 0.0124118 0.000216984 4.47438e-05 0.00402196 5.07646e-09 0.0187891 0.000118708 0.375186 0.0431113 0.00557716 0.296834 0.0134344 0.00335446 0.00142226 0.000899871 0.00924576 0.0177161 0.0812073 0.00327908 
0.0324906 0.0290202 9.96506e-05 0.00386476 0.01622 0.0703713 0.00201025 3.44882e-05 1.95244e-05 0.0627765 0.000885121 0.00412951 0.0146896 0.35837 0.0509418 0.0478361 0.05245 0.0347091 0.0185068 0.00309469 1.34447e-07 0.0460984 0.0136119 0.12057 0.0171996 
0.0348904 0.153788 2.76417e-07 0.00826175 4.50709e-05 0.001343 0.000129256 5.32809e-11 0.0193817 7.35925e-05 1.38087e-08 0.000348585 0.000156437 0.481294 0.11387 0.000695317 0.00431085 2.76406e-05 0.00149731 0.00441895 7.06409e-06 0.000473584 0.00189682 0.0286459 0.144445 
0.000214389 0.0328861 0.000245428 0.00785937 6.99973e-05 0.125616 0.0075254 9.17141e-05 7.1862e-05 0.0868234 2.20417e-06 0.0699079 0.000950463 0.244846 0.0192622 0.0178082 0.134958 0.000167274 0.00264986 0.0444329 2.81591e-10 0.0355094 0.0279238 0.132638 0.00754013 
0.000443602 0.00179888 0.000155479 0.000505568 0.0251628 0.0857052 0.00141682 1.56384e-05 5.27426e-06 0.0173536 5.98421e-08 0.0322829 0.000117473 0.308152 0.119035 0.00474709 0.278823 0.0162582 0.0186223 0.0032718 9.60264e-07 0.0180026 0.00275292 0.0637565 0.00161414 
0.00652756 0.0138892 0.000107361 0.0162542 0.0121975 0.0801407 0.00220529 0.00159116 0.00010444 0.0284959 3.90761e-07 0.0202244 0.000417025 0.378358 0.188855 0.0712262 0.0441738 0.00288249 0.0331723 0.0149978 0.000341094 0.00700527 0.0364477 0.0374122 0.00297243 
2.70456e-06 0.0149421 3.03811e-07 1.07898e-07 0.0170345 0.00293962 7.73696e-11 4.10598e-06 8.62379e-05 0.00512441 1.65672e-07 0.0211065 6.52712e-07 0.844157 0.0750748 0.00065342 0.0100898 0.00190836 0.0010086 0.000189485 7.9952e-09 0.00124317 3.50088e-06 0.00363726 0.00079345 
0.000127728 0.0907591 1.19945e-05 0.00049559 7.52517e-05 0.0503684 0.000166813 0.000691046 2.65573e-05 0.00135895 1.37474e-08 0.0695299 7.91153e-05 0.522663 0.0107984 0.0076125 0.00674315 0.00160435 0.00115504 0.000125987 3.43166e-07 0.000124059 0.000914704 0.234214 0.000353906 
0.00773016 0.00153823 1.25093e-06 0.0030701 0.0106385 0.00686073 0.00121347 0.00843746 0.000114382 0.0149714 1.08691e-07 0.00436921 5.36537e-05 0.532838 0.161033 0.00604661 0.0114511 8.72797e-05 0.027212 0.000129762 2.24069e-05 0.0180506 0.00895411 0.157773 0.0174044 
0.000266886 0.037802 0.000961252 0.000575101 0.00026475 0.00191924 0.000987163 3.1278e-06 1.27959e-05 0.000784148 9.45557e-09 0.0162129 3.38758e-05 0.749815 0.113164 0.000354078 0.0038168 0.000143787 0.00718678 0.0368392 6.82495e-09 0.00286767 0.00430965 0.0185104 0.00316871 
0.00513033 0.0120871 2.17789e-11 1.35133e-07 0.000637576 0.0122498 0.00326836 1.95711e-11 1.54124e-07 0.0107796 1.8541e-07 0.000713393 8.88356e-08 0.591493 0.0268735 0.00737533 0.0183154 0.000227723 0.00295775 5.4692e-10 1.94112e-08 0.00482872 5.54003e-08 0.297265 0.00579654 
0.00858033 0.00712467 2.93697e-06 0.00471256 0.0144269 0.100627 0.0583392 2.0334e-10 0.00918153 0.0601665 1.03469e-07 0.0270916 0.0124188 0.163648 0.0430785 0.0536776 0.0472813 0.0154621 0.138559 0.00342752 4.59536e-07 0.0811055 0.015938 0.135129 2.10395e-05 
0.0187791 0.0239081 0.00249237 0.00213977 0.00834386 0.0522412 0.0148938 0.00106004 5.77886e-05 0.0411506 0.000155948 0.0146901 0.00148581 0.234338 0.0705599 0.18391 0.170635 0.00635958 0.0490079 0.00073129 0.00052017 0.0167074 0.018759 0.0604607 0.00661285 
0.00145037 0.0258245 3.33393e-05 0.00145806 0.0140377 0.070789 0.0275148 6.65397e-07 2.08859e-05 0.00550345 8.28169e-06 0.0298679 0.00326612 0.508223 0.0256873 0.0172899 0.158437 0.00273907 0.0430288 0.025231 6.17033e-07 0.00136718 0.00321621 0.0346521 0.000352841 
0.00212435 0.000661775 4.93786e-05 0.00663895 0.00113285 0.0209659 0.0213778 6.52435e-05 4.19168e-06 0.206718 2.26155e-07 7.17726e-05 0.00014931 0.417766 0.0288625 0.026917 0.128105 0.0125365 0.026312 0.0104065 3.17105e-05 0.0829516 0.000697606 0.00533043 0.000123944 
0.00268112 0.0308061 0.00536621 0.00720039 0.00504119 0.0799491 0.0131137 0.000193768 3.54903e-05 0.0686145 2.50248e-07 0.00401598 0.00143236 0.531402 0.0597466 0.0324924 0.0310343 0.00776516 0.0118368 0.00441543 0.00032478 0.0239316 0.0121526 0.0639887 0.00245928 
0.000361387 0.0915137 4.35386e-07 0.000893977 0.000683638 0.041944 0.000283535 0.00140592 2.74024e-05 0.00646235 9.62096e-06 0.0536781 0.00011045 0.667964 0.0288079 0.0046215 0.0446161 0.0039982 0.000677165 5.06791e-06 2.19802e-05 0.00134669 0.000268049 0.0498089 0.000489578 
0.000709715 2.7329e-05 4.74804e-06 2.7222e-06 1.34815e-06 3.32433e-05 0.000246983 0.00280718 8.08665e-07 0.00251381 5.4816e-06 6.36939e-07 7.06307e-05 0.846665 0.00147137 3.16223e-06 0.100486 1.58848e-06 9.7647e-05 3.67606e-06 3.95658e-06 7.80911e-07 8.71413e-05 0.0447523 2.53345e-06 
2.96065e-05 0.00490907 0.00016057 0.00613049 0.00702191 0.0177879 0.0084063 0.00211877 1.68772e-05 0.00544482 3.18497e-06 0.000376421 2.02272e-07 0.484671 0.00524882 0.0283724 0.300526 0.0502111 2.83392e-05 0.00337433 0.000659137 0.000855525 0.00109593 0.0720882 0.000463626 
0.00663624 0.00711338 0.000136605 0.0936323 0.00457884 0.208485 0.0175989 2.064e-06 5.29864e-05 0.0765801 2.09573e-08 0.000497221 0.000432494 0.237971 0.0813041 0.00259019 0.0461808 0.0187539 0.127329 0.000898347 1.30173e-05 0.0213049 0.00930537 0.028528 0.0100753 
0.000421167 0.000125821 2.23708e-06 0.00521269 0.0028537 0.104588 0.00152314 2.01029e-06 1.15331e-05 0.0971909 0.00339534 0.00305427 1.11903e-05 0.691109 0.00260777 0.00116632 0.0595657 0.00450505 0.00093627 0.0126215 1.86417e-06 0.00673682 0.000480105 0.00177933 9.86955e-05 
0.0191884 0.0704502 7.58963e-06 0.0251305 0.000378822 0.00640246 0.00023997 5.44451e-11 0.00810322 0.00125136 8.18888e-09 0.00779927 9.80689e-05 0.429386 0.306643 0.00259891 0.0048567 9.96478e-05 0.00618998 0.00289983 6.17504e-06 0.000857183 0.00252044 0.0284734 0.0764194 
0.00217493 0.00609119 0.000536056 0.0124486 0.00153704 0.0308296 0.00269145 2.45084e-07 0.000609666 0.0675328 5.38935e-09 0.00127921 0.00135048 0.586217 0.0358424 0.00753404 0.0109736 0.0285727 0.0142506 0.00465623 1.35638e-05 0.0782266 0.00273872 0.101665 0.00222765 
0.000357044 0.00854383 2.74822e-05 0.180993 0.00290562 0.0115196 0.00336553 1.64934e-07 4.26137e-06 0.0841404 0.0013395 0.00148112 6.48354e-05 0.301066 0.171614 0.00949561 0.023116 0.00251364 0.0368813 0.000565488 4.70129e-07 0.0771207 0.00578415 0.076285 0.000814735 
0.00061376 0.00902274 4.69408e-05 0.00805885 0.0284988 0.00686408 0.00212256 1.33148e-06 0.00012739 0.0332918 7.0523e-05 0.0129818 0.000153151 0.73466 0.0595447 0.0142275 0.0347606 0.00563809 0.00174169 0.000852534 2.64213e-07 0.00413631 0.000590783 0.03563 0.00636423 
0.000326659 0.0704967 1.34999e-10 0.00195736 0.00235939 0.0763311 2.33416e-07 1.21314e-10 4.77091e-06 0.0280624 4.4817e-08 0.00925051 4.39649e-05 0.677988 0.0275487 0.0262614 0.00665075 0.00484481 0.0148761 7.59028e-07 1.68771e-09 0.0236615 0.00305687 0.0261801 9.82292e-05 
0.00182839 0.00508871 0.000636469 0.0191804 0.000557152 0.0223849 0.00661968 4.8168e-06 1.74877e-05 0.0157633 1.26097e-11 0.000493891 7.74922e-05 0.59962 0.157894 0.0193199 0.015607 0.00863881 0.00803384 0.0012536 8.99909e-07 0.0203321 0.000501847 0.0956829 0.00046249 
0.00203658 0.014248 1.57936e-07 5.415e-07 0.00198673 0.0430703 2.0784e-06 0.00218552 2.54562e-06 0.0153095 3.4983e-10 0.00196187 0.0963813 0.459124 0.0267556 0.0125554 0.0644777 0.000294884 0.0197991 0.00129439 0.000129919 0.0184917 0.0679843 0.151907 8.39573e-07 
0.000156798 0.00448367 5.43873e-05 0.0106198 0.0306634 0.0152721 0.00108344 1.65806e-08 2.15181e-07 0.117734 3.04298e-07 0.00295017 0.0123604 0.181363 0.179224 0.104581 0.17542 0.000100107 0.0527277 0.0020982 1.53755e-08 0.00571455 0.0207305 0.0824274 0.000235247 
0.0212918 0.182201 1.01315e-09 0.00183713 0.00466303 0.00346474 0.00250289 2.38246e-06 1.84542e-08 0.00755614 1.16968e-09 0.0309788 0.000303117 0.28519 0.132605 0.0310966 0.00649215 0.00164399 0.0285572 0.0162833 0.000270372 0.00170996 0.00866295 0.163785 0.0689027 
0.00700496 9.02808e-05 5.26778e-10 0.005272 0.00238045 0.021554 0.00174008 4.73375e-10 8.97185e-11 0.258453 6.08164e-10 7.06661e-11 4.23816e-10 0.297122 0.130031 0.000711348 4.99485e-07 1.76237e-10 0.0133489 6.28005e-07 4.38968e-10 0.114359 1.126e-05 0.147877 4.37699e-05 
4.7308e-07 1.42354e-05 3.98132e-10 6.90516e-06 4.86207e-07 0.179526 3.6991e-06 6.76547e-05 3.2752e-06 0.0167193 4.59643e-10 0.0175947 1.73614e-05 0.535516 1.41171e-06 1.29167e-06 3.54753e-05 4.43561e-06 1.66765e-06 3.23848e-06 0.000249489 0.070001 1.89432e-06 0.180202 2.80628e-05 
0.0011907 0.109156 6.65911e-07 0.000888218 0.000146215 0.0262986 0.000179747 0.00110347 1.28797e-05 0.00145244 2.46798e-06 0.00521204 4.7332e-05 0.385305 0.0216777 0.00561063 0.205053 0.00780657 4.02465e-07 0.0348224 0.00124635 0.0017145 4.05078e-05 0.190977 5.54653e-05 
0.00043136 7.6759e-06 0.000815419 2.60373e-09 3.92588e-09 0.000210297 1.31164e-05 1.24249e-08 7.69583e-08 0.00337423 1.59627e-08 1.84955e-06 2.86959e-06 0.610382 0.0316242 0.0016497 0.0254134 3.71914e-08 0.00553248 2.59909e-06 1.13812e-06 4.2803e-05 3.21053e-07 0.32049 3.90066e-06 
0.0282172 0.00340455 4.95839e-05 0.0029615 0.0047235 0.0272254 0.000237945 3.15274e-08 0.00296814 0.0244981 2.50403e-06 3.95299e-05 1.45499e-05 0.649419 0.188494 0.0213268 0.00308842 0.00438483 0.00212677 6.89896e-05 3.38522e-05 0.00166191 0.000792091 0.0330586 0.00120279 
0.000179445 0.00174921 2.7485e-05 0.00303872 0.00343138 0.0983966 0.00335082 0.0224521 5.06376e-05 0.00295783 4.7642e-06 0.000591384 4.71041e-05 0.719694 0.0139598 0.0368169 0.0588835 0.000227895 0.00502685 0.00115791 0.000146342 0.00182947 0.000688208 0.0242618 0.00102977 
0.0163421 0.00183889 0.000546093 0.0565833 0.00118798 0.0510339 0.00484279 8.84061e-06 0.000179082 0.0125116 7.80993e-07 0.0108504 8.36697e-06 0.511313 0.0310787 0.00614929 0.0363075 0.0468099 0.00722251 0.0020041 0.000413917 0.028624 0.078228 0.0946263 0.00128891 
0.0121351 8.0316e-07 7.70573e-11 1.4511e-11 9.69285e-07 6.55024e-07 1.62712e-11 6.92455e-11 1.31241e-11 0.115671 8.89625e-11 6.70876e-06 6.19959e-11 0.390099 0.316965 0.0747997 4.97167e-08 2.57799e-11 0.090313 2.66879e-06 6.42124e-11 1.26736e-11 1.79716e-11 6.07429e-06 4.15273e-09 
0.00505568 0.0941852 0.000250113 0.00546264 0.000435793 0.0722117 0.00185087 2.21832e-07 4.71837e-05 0.0214396 4.78179e-09 0.0237846 0.0310718 0.24128 0.0627114 0.0286195 0.069861 0.034947 0.0145066 0.0348678 3.45146e-09 0.017271 0.00245821 0.237282 0.000399352 
0.00206938 0.0118876 0.0336955 0.00504349 0.00206485 0.161705 0.00586076 1.79791e-05 0.000153079 0.051734 2.9951e-07 3.48018e-08 0.00174583 0.4877 0.16018 0.0208641 0.0155962 0.000561984 0.0140206 0.000430853 3.87982e-05 0.00408173 0.000879505 0.0146489 0.00502011 
0.00977601 0.00143768 1.58375e-06 0.0631014 0.000766029 0.0600958 0.0113218 2.89721e-06 1.31911e-05 0.0173454 3.89535e-05 0.00581788 2.87499e-05 0.314629 0.178041 0.0809426 0.00577886 0.00137529 0.00139207 0.000709931 5.2874e-05 0.00977851 0.00360417 0.118847 0.115101 
3.04578e-08 0.000195898 4.74417e-08 0.000767457 2.32738e-08 0.0013302 4.02959e-07 5.63154e-10 7.06766e-12 0.000371898 3.45034e-08 0.00042113 4.4536e-07 0.968302 0.0216411 7.04166e-08 0.00225449 8.54937e-05 4.25107e-08 3.86466e-07 3.45801e-11 3.86916e-07 4.55446e-05 0.00139804 0.0031853 
0.00294023 0.00751324 0.000283793 0.0147453 0.0185082 0.210152 0.0297475 4.52922e-06 5.86623e-05 0.0354412 0.00342143 0.0365306 0.00794608 0.22567 0.0590291 0.0919444 0.0459253 0.0029543 0.0122136 0.00170566 4.21078e-06 0.126211 0.0095122 0.0571907 0.00034595 
2.54794e-08 0.00214281 5.88433e-05 0.000581487 0.00180361 0.004144 0.000494279 1.9975e-05 2.24376e-08 0.00072992 4.14542e-10 0.000143806 9.17031e-05 0.725727 0.0698347 0.00584623 0.0734614 0.00404322 0.00344898 4.23133e-05 6.71582e-08 0.00034318 0.0055396 0.100049 0.00145422 
0.00304233 0.00839224 0.00132046 0.0167096 0.0104952 0.127847 0.00723227 0.00110587 0.000446661 0.0417973 0.000938716 0.0327538 0.00388234 0.148859 0.131008 0.0958079 0.100804 0.0193968 0.0613439 0.0103602 0.000324735 0.0203899 0.0437419 0.110353 0.00164597 
0.00328105 0.000474822 0.00130433 0.0573498 0.305707 0.000664509 0.000978612 3.21188e-06 5.32972e-05 0.112878 1.94868e-06 0.000332055 0.00396477 0.310121 0.00252878 0.00141049 0.0146215 0.00467811 0.000805514 0.000386558 7.68572e-05 0.0267617 0.030716 0.00536701 0.115532 
0.00185731 0.000151136 0.000153678 0.00224596 0.00237028 0.0605587 0.000278319 2.51599e-11 4.76855e-12 0.0602652 3.2324e-11 0.0017132 5.99881e-06 0.559586 0.0842349 0.191464 2.39041e-08 4.94313e-05 0.0185744 0.00122279 1.28282e-08 9.32095e-08 0.00980263 0.00546653 1.49393e-11 
0.00216782 9.18187e-05 6.70682e-05 0.0284138 0.0107827 0.0806669 0.0252682 2.36956e-06 1.74863e-05 0.111594 6.26666e-08 0.00476943 0.00419213 0.524011 0.0781732 0.0547475 0.0280502 0.00710188 0.00137259 0.00139013 1.31491e-05 0.0149033 0.00985076 0.011106 0.0012464 
1.00463e-07 0.0020491 3.55416e-11 6.69299e-12 1.00916e-11 1.78968e-10 7.50488e-12 3.19385e-11 6.05329e-12 0.0002776 4.10328e-11 1.13002e-07 2.85948e-11 0.892033 6.77109e-07 4.38353e-07 3.63929e-12 1.02271e-07 4.49754e-12 1.14718e-11 2.96171e-11 5.84554e-12 8.28917e-12 0.105639 1.93455e-07 
0.000342338 0.148906 1.0424e-07 0.000151435 0.000303618 0.019093 0.00153637 0.00395816 2.05397e-05 0.00232597 1.08582e-07 0.0535501 9.2781e-05 0.565891 0.0058556 0.00418309 0.112925 0.00415418 0.000802457 7.57561e-05 2.25525e-06 0.000598403 3.97554e-05 0.0739038 0.00128856 
4.99822e-06 5.02127e-07 0.000637581 0.0109796 1.30373e-06 0.220627 0.0403312 6.66748e-10 1.26368e-10 0.156434 1.3809e-05 3.1772e-07 3.35393e-06 0.386087 4.28391e-06 0.00711931 0.0834505 0.00144375 0.0204721 0.000227125 3.0305e-07 1.21804e-05 0.0272617 0.0448754 1.3183e-05 
4.601e-06 0.0143852 0.000179703 9.35716e-05 0.0305648 0.0137178 7.12026e-08 1.29369e-06 7.2272e-05 0.0165308 1.79116e-06 0.012924 2.16185e-07 0.799262 0.0886153 0.00336257 0.00801857 0.00195798 0.00188881 0.000170656 3.69893e-08 0.00202892 5.14013e-05 0.00568899 0.000478263 
2.64805e-06 0.000777329 2.54407e-06 1.98315e-06 7.82133e-10 0.0184058 1.08097e-05 2.47534e-09 8.04291e-07 0.0885352 5.85985e-05 0.028334 0.00743345 0.464841 0.010206 0.0019321 0.0122591 2.60016e-06 6.80275e-07 1.79531e-05 2.78557e-06 0.0719079 0.00312511 0.292141 5.05125e-07 
1.4354e-06 0.00308861 0.000901892 0.000174113 5.88364e-06 0.0646141 0.00121662 2.91383e-05 1.1482e-05 0.00577086 1.95702e-10 0.000701796 9.65711e-05 0.526641 0.183832 0.0190797 0.0172353 5.27383e-05 0.00267367 0.000703396 4.82851e-08 0.00452989 0.0112131 0.15718 0.000246777 
2.51994e-05 0.0018819 6.91535e-07 0.000319182 1.34706e-07 0.0150955 1.0602e-05 5.30381e-07 1.09629e-05 0.0165967 1.29681e-08 9.1218e-07 0.0459042 0.618626 0.0590555 0.00191868 0.178013 0.0030347 1.63342e-06 0.00283725 8.05436e-07 0.0109745 0.0326658 0.0130248 5.38903e-07 
2.51994e-05 0.0018819 6.91535e-07 0.000319182 1.34706e-07 0.0150955 1.0602e-05 5.30381e-07 1.09629e-05 0.0165967 1.29681e-08 9.1218e-07 0.0459042 0.618626 0.0590555 0.00191868 0.178013 0.0030347 1.63342e-06 0.00283725 8.05436e-07 0.0109745 0.0326658 0.0130248 5.38903e-07 
