1.00762e-07 0.00806369 2.00534e-07 0.00766756 0.0056406 0.154091 0.000173562 1.19034e-07 1.1442e-05 0.0166234 9.93831e-10 0.00323148 0.199677 0.00820031 0.499026 0.00579609 0.0095315 0.00302937 0.00110995 0.00495578 5.96782e-06 0.000250767 4.52567e-05 0.0727805 8.79111e-05 
0.004301 0.0162609 1.34757e-05 0.0510174 0.00174843 0.15688 0.0112726 0.00171891 8.80764e-05 0.018695 5.71189e-07 0.000903819 0.000441094 0.0145429 0.472691 0.053002 0.0202996 0.000829421 0.0973651 0.00590318 2.34056e-05 0.0156333 0.0460434 0.00996012 0.000365731 
0.000971464 0.00854226 4.99319e-06 0.0295754 0.0013508 0.175341 0.00155271 5.20101e-05 1.11004e-05 0.00533673 1.37015e-11 0.0364615 5.33563e-05 0.0121206 0.629863 0.013222 0.0513304 0.00311659 0.00547544 0.000321639 0.000196919 0.00413008 0.000449168 0.0204115 0.000109246 
2.40566e-05 0.0114359 1.87842e-09 0.00190554 7.74238e-05 0.00189355 0.000722627 1.85547e-06 2.24252e-06 0.000597999 5.32357e-12 0.0514748 0.000105659 0.00123549 0.843763 0.0383 0.00471044 0.0177456 0.00404793 3.47468e-05 5.82978e-07 0.00160002 0.00101467 0.0186829 0.00062337 
0.00416513 0.0118246 0.000100884 0.0324684 0.00151768 0.0808578 0.00852628 4.45312e-07 0.00918849 0.0132098 0.00532453 0.00635116 0.00515121 0.00914569 0.494303 0.0565615 0.0410884 0.015881 0.064368 0.00180265 1.11229e-05 0.013264 0.0551019 0.0697147 7.16035e-05 
0.00126969 0.0308853 0.00103057 0.0232339 0.00312197 0.13916 0.00509561 2.57057e-05 3.50239e-05 0.0120759 1.95956e-07 0.0110437 0.00881292 0.00672831 0.53848 0.0302684 0.0898535 0.00985107 0.0175256 0.00264416 3.93526e-05 0.00950566 0.00994525 0.0454937 0.00387422 
0.00337529 0.0746703 2.55147e-06 0.168414 0.00198958 0.0149941 0.000254336 9.11688e-08 1.64876e-05 0.00223954 2.87715e-09 0.0174166 9.07671e-05 0.00454979 0.626279 0.0099776 0.00223769 0.00131718 0.0452942 0.00204708 3.72952e-06 0.00048633 0.0140764 0.0101878 8.03626e-05 
0.0263058 0.000340023 0.000721952 0.0306273 0.00512504 0.05114 7.0918e-07 1.32808e-07 0.00139235 0.164677 4.30549e-08 0.000162543 7.15211e-06 0.0182781 0.590548 0.00798255 0.000953632 1.48268e-07 0.0366289 9.22823e-05 6.33901e-06 0.0120941 0.000757231 0.0521229 3.51675e-05 
0.00804235 0.0130797 9.12204e-06 0.0174995 0.00671444 0.200461 0.000842615 1.25473e-06 1.50137e-05 0.0268629 1.03747e-11 0.000277469 0.000322667 0.106899 0.380592 0.0914228 0.0209481 0.000300139 0.0117898 0.00220137 1.59132e-05 0.00383853 0.0391196 0.0686454 9.8775e-05 
0.000387738 0.00437058 8.47532e-06 0.0721927 0.00109149 0.0245055 0.00145495 4.13381e-07 1.18983e-05 0.00411373 3.20491e-12 0.0309032 0.000127777 0.00112561 0.744366 0.0243956 0.00240064 0.00828367 0.0497292 8.65405e-05 5.65067e-07 0.00445593 0.016935 0.00793762 0.00111538 
0.00435186 0.00565573 0.000945391 0.0375823 0.0204199 0.199915 0.0137707 0.000476659 0.00043331 0.0603588 0.00102829 0.0175328 0.00182507 0.0886039 0.211397 0.107074 0.0519 0.00950018 0.0461813 0.00452033 3.74037e-05 0.0355878 0.0394187 0.0411503 0.000333958 
0.00365185 0.00961839 0.000150672 0.0658716 0.0017032 0.070344 0.00789049 0.000132947 1.0395e-05 0.0197315 3.81932e-06 0.0203168 0.000307734 0.0130288 0.584366 0.0595042 0.0176102 0.00517931 0.0361139 0.00431423 3.98516e-06 0.00791633 0.0104948 0.0591045 0.00262998 
9.55215e-05 0.00545 8.12296e-06 0.0175062 0.0139502 0.242347 0.00329221 3.83391e-06 0.000338924 0.0227045 2.09257e-11 0.0115935 0.000158653 0.00658939 0.451047 0.0191602 0.0521373 0.00164006 0.0852586 0.000440295 0.000244591 0.0199765 0.0283647 0.0176573 3.52407e-05 
0.0046549 3.85916e-05 1.75674e-08 0.2445 0.00770968 0.0940366 0.0171042 1.94938e-07 9.17504e-05 0.0343426 1.32985e-10 0.00015366 0.000376842 0.00486115 0.266653 0.13567 0.00115174 3.79258e-05 0.116763 0.000293102 1.4639e-08 0.0443183 0.0219423 0.00525162 4.82352e-05 
1.00762e-07 0.00806369 2.00534e-07 0.00766756 0.0056406 0.154091 0.000173562 1.19034e-07 1.1442e-05 0.0166234 9.93831e-10 0.00323148 0.199677 0.00820031 0.499026 0.00579609 0.0095315 0.00302937 0.00110995 0.00495578 5.96782e-06 0.000250767 4.52567e-05 0.0727805 8.79111e-05 
0.00061321 0.0229349 0.00232171 0.107175 0.000973236 0.0389306 0.012867 1.31581e-06 0.00142387 0.0103447 5.67593e-09 0.00460444 0.0172133 0.00235733 0.513847 0.0114664 0.00283793 0.00861653 0.167175 0.000580707 4.04594e-09 0.011322 0.0319609 0.030397 3.54751e-05 
0.00113826 0.00136879 0.000181434 0.146526 0.00527445 0.0537712 0.00874413 8.74481e-05 0.00195292 0.0466438 6.77664e-08 0.00331785 0.00022102 0.00448702 0.402049 0.015748 0.0216838 0.0010161 0.21441 0.000476437 1.25215e-05 0.0574024 0.00248823 0.0107861 0.000213076 
0.00132443 0.00954903 7.7656e-06 0.0946893 0.00125446 0.131656 0.0324977 0.000122163 0.000108179 0.123944 1.86562e-10 0.0110936 6.37786e-05 0.00697468 0.338316 0.0161693 0.0929304 0.00386039 0.0326247 0.000113785 2.75353e-05 0.0357522 0.00808394 0.0587807 5.62714e-05 
0.0388193 0.00421016 2.95505e-05 0.031292 0.0140767 0.046743 0.0006198 4.26317e-06 4.96774e-08 0.170131 9.68908e-11 0.00236717 4.53627e-07 0.0262384 0.226384 0.0910615 0.00501799 5.52105e-08 0.132217 3.61671e-07 7.07572e-08 0.184428 0.0062155 0.0201426 3.36682e-07 
0.0022148 0.000429124 4.76465e-07 0.000260209 0.00473306 0.147404 4.59074e-05 7.70788e-06 3.37138e-08 0.189458 0.00017683 0.00114987 4.46556e-06 0.0622674 0.388287 0.0629371 0.0290752 5.86549e-05 0.0854186 7.49532e-05 5.01251e-07 0.00714557 0.0071286 0.0109476 0.000773558 
0.000199798 0.0141245 7.07935e-06 0.0401587 0.00093577 0.0800707 0.157436 6.15877e-08 0.00262495 0.0220079 4.78678e-09 0.0417432 0.000470409 0.00795636 0.406379 0.0443502 0.0536718 0.017141 0.0567444 0.00063347 4.91451e-09 0.02461 0.00636299 0.0138204 0.00855121 
0.0190376 0.0115567 0.00141066 0.142324 0.0187613 0.062306 0.0183738 1.21677e-05 0.00406978 0.08554 4.75845e-06 0.0120366 0.0014003 0.0347046 0.396433 0.0267269 0.0114107 0.00334604 0.0466049 0.00124846 2.90649e-05 0.0554009 0.00633912 0.0404257 0.000496215 
0.00308284 0.0418281 2.25262e-05 0.0443003 0.00786375 0.124067 0.00623225 1.5394e-05 0.000119316 0.069366 1.36953e-09 0.0188467 0.0217879 0.0740392 0.22525 0.0307272 0.026435 0.0015715 0.141173 0.00604759 6.52304e-06 0.00441514 0.0296364 0.122811 0.000354453 
4.85033e-05 0.00450241 2.45164e-06 0.0162448 0.00023678 0.0147499 0.000439936 6.66029e-07 6.86607e-06 0.00309302 8.58266e-12 0.0190627 0.000104387 0.0010673 0.835349 0.0273741 0.00257703 0.0123629 0.0412488 0.000107863 2.76355e-07 0.00436086 0.00756711 0.00823791 0.00125485 
0.0166052 0.0140407 0.00063518 0.0985501 0.0110611 0.0732563 0.00991881 0.000484097 0.00349401 0.0475415 0.000283636 0.0153657 0.000969573 0.0425597 0.455557 0.0437795 0.0185072 0.00208248 0.0428377 0.00807647 1.75329e-05 0.0113692 0.0137557 0.0532181 0.016033 
0.00720825 7.51694e-05 0.208861 0.00101431 0.0177436 0.0343532 0.000226172 1.14283e-06 0.00400321 0.0245352 4.43639e-08 2.02923e-06 8.47355e-05 0.0100467 0.594069 0.019952 0.00826521 0.00145493 0.0493659 4.53075e-05 2.31419e-06 0.0130784 0.000900518 0.00471226 2.0897e-07 
0.00061321 0.0229349 0.00232171 0.107175 0.000973236 0.0389306 0.012867 1.31581e-06 0.00142387 0.0103447 5.67593e-09 0.00460444 0.0172133 0.00235733 0.513847 0.0114664 0.00283793 0.00861653 0.167175 0.000580707 4.04594e-09 0.011322 0.0319609 0.030397 3.54751e-05 
0.0093862 0.00131062 4.6911e-05 0.00650445 0.0449564 0.0685665 0.00343532 1.67606e-05 3.8112e-05 0.0369374 0.00103446 0.0106077 0.000451132 0.0190596 0.430694 0.137588 0.0221975 0.0385143 0.11563 0.00113321 8.52418e-05 0.0126712 0.0169866 0.0220407 0.000106816 
0.000781631 0.0139904 4.92168e-06 0.0366687 0.000946342 0.00812686 5.35903e-05 1.88911e-09 2.06822e-05 0.00184739 1.39463e-12 0.0359866 7.72714e-05 0.00144488 0.864225 0.0125595 0.0026642 0.000869191 0.0028097 0.000138658 2.82533e-06 0.000570931 0.00125609 0.0147687 0.000186158 
0.00237473 0.0162363 0.0032745 0.0292162 0.0384289 0.151366 0.00216821 0.00121275 0.000407629 0.0458125 0.000933505 0.0202669 0.00432128 0.0519851 0.183646 0.108711 0.105181 0.0109036 0.0496483 0.015714 1.70244e-05 0.0139113 0.0508053 0.0916269 0.00183027 
0.000121419 0.00745191 2.69246e-07 0.000388627 0.000122869 0.317557 4.20154e-12 2.87073e-05 5.82485e-08 0.0262716 2.29718e-11 0.0544814 1.61447e-06 0.00794345 0.472811 0.0545183 0.00517393 0.0316767 0.000188908 1.70692e-08 4.64763e-08 0.00385734 0.000204672 0.0171732 2.71868e-05 
1.2302e-07 0.000714268 2.07669e-05 0.00123173 0.00109798 0.154926 0.0146139 1.22462e-11 6.32762e-08 0.0278761 1.57333e-11 6.67317e-07 0.000191891 0.043649 0.620013 0.0163573 0.00470206 0.0191593 0.0486101 0.010049 5.45632e-08 0.00263769 0.0271202 0.00692644 0.000102684 
0.0694852 0.00150977 3.79602e-07 7.14844e-08 0.00236021 1.89254e-08 8.01558e-08 0.000527613 0.000212952 0.000477456 4.3825e-07 0.00782015 0.000259944 0.0145539 0.774991 0.00431466 3.88694e-08 1.26998e-07 0.0717602 1.22525e-07 3.16325e-07 0.00029818 0.00319884 0.0482277 2.02548e-07 
5.6836e-06 0.00135473 3.33421e-06 0.0031369 2.941e-05 0.393556 5.46781e-08 6.7611e-06 1.87614e-07 0.00448202 2.75767e-12 0.000152993 0.000122732 0.00470011 0.531677 0.0304091 0.0217808 0.00163585 0.00103783 0.000166168 8.08747e-07 0.000410757 0.00152781 0.00379592 7.27839e-06 
0.00954528 0.0375416 2.54432e-05 0.0131099 0.00285087 0.123977 0.0043291 0.0194211 0.000747476 0.047793 7.09891e-10 0.00111186 0.00136338 0.0491617 0.284036 0.0510411 0.155191 0.00965149 0.015942 0.00988299 0.000730666 0.0219449 0.0191652 0.121373 6.38186e-05 
7.25968e-09 0.00753326 1.36045e-08 0.00278462 0.00689335 0.0656255 0.00141094 6.35734e-05 6.41241e-09 0.00062769 1.106e-12 0.0519708 0.00132074 0.00166668 0.526289 0.007449 0.0196065 0.00639453 0.0938322 0.00494865 1.91601e-08 0.00123375 0.0322627 0.168086 4.28361e-08 
0.00230319 0.00308409 6.85658e-06 0.0211353 0.00269203 0.224608 0.00814884 0.000180819 2.58545e-05 0.0129132 6.09976e-07 0.0047881 0.000227124 0.0145516 0.502115 0.102775 0.026934 0.00384007 0.0220863 0.0025115 1.94794e-05 0.00319859 0.00570485 0.0357169 0.000433249 
0.00172479 0.0015955 1.20202e-06 0.0999399 0.000636301 0.15619 5.88365e-05 2.05633e-08 4.00742e-05 0.016533 4.82853e-10 0.006949 4.14736e-05 0.00411226 0.624789 0.052972 0.00248146 4.31807e-05 0.00297559 1.01325e-05 3.6073e-08 0.00256965 0.00264771 0.0235061 0.000183361 
0.000497977 0.0130188 0.000201713 0.0257429 0.000832771 0.0546163 0.00178969 0.000113852 2.59047e-05 0.016089 4.38084e-11 0.0147784 8.70267e-05 0.0328625 0.63694 0.126687 0.0145639 0.00798573 0.00684977 0.00112528 4.82025e-07 0.00461166 0.0150128 0.0195513 0.00601548 
0.00223025 0.00145452 7.89109e-06 0.0446412 0.0115839 0.0898189 0.00159836 9.21365e-07 2.05532e-05 0.0579876 7.44893e-05 0.00766197 5.97611e-05 0.233144 0.24789 0.0360716 0.0426384 0.0155883 0.0356952 0.00151681 1.86901e-07 0.12221 0.0279722 0.0163847 0.00374791 
0.00586811 0.0021885 0.000213879 0.017331 0.00409443 0.114882 0.00710386 0.0129552 5.97957e-05 0.0190026 4.41481e-08 0.00396141 0.00159558 0.00978987 0.387267 0.20416 0.0188996 0.00445179 0.122081 0.000268718 2.79162e-05 0.0414326 0.00543415 0.016873 5.77029e-05 
0.0112809 0.00441172 0.000239795 0.0195964 0.0103246 0.0772611 0.0013699 4.37234e-12 0.0239609 0.115777 3.17654e-06 0.000434381 4.82793e-05 0.0313086 0.468779 0.095094 0.0267308 0.000216929 0.0160566 0.0127576 1.56137e-08 0.0236912 0.0238279 0.0366839 0.000145596 
0.0014876 0.00216363 3.21844e-05 0.0530838 0.00694787 0.153992 0.011813 0.000252177 0.000476452 0.0219113 1.12515e-11 0.00581434 0.00503068 0.00902434 0.264234 0.0186044 0.0354918 0.0752814 0.102668 0.00127206 7.64254e-06 0.110798 0.101631 0.0179109 7.14542e-05 
0.0296647 0.00560373 2.7597e-06 0.00588479 0.000683422 0.0589225 0.00792497 1.04031e-05 6.58068e-06 0.264998 6.41514e-07 4.31536e-06 0.000125893 0.0662205 0.309598 0.00568062 0.0547974 0.00384237 0.0365406 0.00018383 1.03041e-07 0.0923514 0.00175234 0.0549001 0.000300434 
0.00166693 0.000637306 0.000149671 0.00582738 0.0892571 0.16562 0.0033165 9.02864e-10 2.7988e-06 0.00548833 5.17645e-07 0.085645 0.000323414 0.00330751 0.45706 0.0520285 0.0270084 0.00559209 0.0342273 0.0149297 2.17493e-07 0.0141279 0.0262968 0.00560874 0.001878 
0.00411392 0.0296845 0.0537261 0.22312 0.00217819 0.086837 0.00367421 6.10451e-08 0.00314304 0.0142173 0.000193234 0.0351488 0.000243916 0.0125483 0.299474 0.0618539 0.0425927 0.00990423 0.0619948 0.00103433 1.64146e-07 0.0242341 0.00932421 0.0207074 5.07318e-05 
0.00744616 1.68685e-06 3.22065e-07 0.000517005 8.38172e-06 0.0412665 3.47825e-06 6.14752e-09 0.000101424 0.00457932 1.54899e-10 0.000491649 0.000102656 0.00325812 0.625798 0.0883561 0.00033635 3.21679e-05 0.0089844 0.000369991 6.87295e-06 0.00142839 0.211616 0.00529458 1.27765e-06 
0.0237028 0.00241714 5.97366e-05 0.161579 0.0542488 0.107517 1.68657e-07 5.01533e-08 0.000183941 0.110552 5.47143e-10 0.000207499 0.00032837 0.00826526 0.220421 0.0387913 0.00149988 0.000315643 0.167941 0.000590701 1.07094e-05 0.0164311 0.0414301 0.0429905 0.000516549 
0.00311581 0.000414701 1.23926e-05 0.0683694 0.0037917 0.0347881 0.000641496 1.55873e-08 3.07074e-05 0.00717107 1.38636e-11 0.00368454 1.2479e-05 0.000323843 0.83961 0.00930879 0.00273244 4.91672e-05 0.0153691 6.12563e-05 2.53919e-06 0.00165948 0.00557453 0.0031427 0.000133338 
0.000557861 0.0558205 2.87358e-08 0.126924 0.000307317 0.0200775 9.11333e-09 8.56739e-12 0.000317097 0.0194301 1.10069e-11 1.00786e-08 2.24423e-08 0.000807842 0.695622 0.0617578 3.93756e-08 0.00207643 0.0126221 0.000427112 7.94468e-12 0.00325172 2.02133e-08 1.54537e-08 2.93778e-08 
0.0123376 0.00430738 4.74356e-05 0.0123827 0.124013 0.106565 0.00709283 0.000473591 8.92888e-05 0.0851263 1.51185e-05 0.00126949 0.00379602 0.0120528 0.281447 0.066206 0.0321244 0.00118932 0.117771 0.00343417 1.70902e-05 0.0205513 0.0844855 0.0210005 0.00220514 
0.00694844 0.00103045 5.07297e-06 0.0394907 0.0261748 0.0377056 0.000448351 6.72071e-07 4.36073e-05 0.0210524 4.36058e-05 0.00260091 1.81551e-05 0.00505783 0.62455 0.0169029 0.0404333 0.000417879 0.133346 0.000314902 1.14863e-06 0.011341 0.00628302 0.0256855 0.000103241 
0.0492267 0.0109659 0.0027165 0.0152101 0.00350667 0.119984 0.0261559 0.000127906 0.00673762 0.024599 1.88565e-08 0.00858503 0.000764046 0.0257476 0.475238 0.02756 0.0161607 0.00190621 0.106688 0.00857846 0.000149603 0.0102634 0.0201481 0.0385076 0.000472125 
0.00129715 0.000446285 0.000178791 0.043301 0.00208002 0.0536994 0.0142728 8.12565e-07 0.000115466 0.0378989 0.000236089 0.00210057 3.06273e-05 0.00462587 0.614016 0.00539236 0.00233513 0.000760335 0.0372505 0.000254199 1.00415e-05 0.164389 0.0113129 0.00396555 2.9783e-05 
0.00695298 0.00227428 3.25046e-06 0.156343 0.00718772 0.202051 0.00213339 1.6313e-05 3.86709e-05 0.0291907 2.12063e-09 0.0110761 0.000305199 0.0366527 0.285308 0.0352704 0.143645 0.00411964 0.0306085 0.000899985 3.27967e-06 0.00324588 0.00805386 0.0329886 0.00163119 
0.00026938 0.000177004 1.40962e-05 0.0590107 0.0178899 0.0379443 0.00163944 1.63866e-12 3.86374e-05 0.208585 2.10525e-12 3.77955e-05 8.68439e-09 0.00417688 0.558416 0.0321776 0.00432341 0.000567764 0.0128082 1.03491e-05 1.51956e-12 0.0533562 0.00488948 0.00183586 0.00183164 
0.00616572 0.00716007 0.00184037 0.0412009 0.00236128 0.0403812 0.0031055 6.60536e-06 0.0005488 0.126736 8.15688e-07 0.000755855 0.00225213 0.0160661 0.49319 0.0402622 0.0132125 0.00165389 0.133905 0.000418444 1.08439e-08 0.0316076 0.00702344 0.0298873 0.00025838 
0.0200807 0.00497864 5.68033e-05 0.0439658 0.0033437 0.0607714 0.0173587 0.000121723 6.95506e-05 0.0729592 3.63421e-08 0.00595875 9.09982e-05 0.0877967 0.182248 0.0852103 0.145434 0.00280802 0.150739 0.0157769 1.04174e-05 0.0374004 0.00310426 0.0511109 0.00860535 
0.0195317 0.00184151 0.000482371 0.00821102 0.00459875 0.16291 0.0549704 0.00382791 3.69905e-05 0.0645767 1.49055e-08 0.0125779 1.64151e-05 0.0177669 0.293381 0.251648 0.0267368 0.00373774 0.0149597 0.00193863 3.61654e-05 0.0136517 0.0166361 0.024055 0.00187034 
0.000116558 0.000238256 0.000428003 0.122726 0.00281006 0.150085 0.0438922 0.00025657 0.0619819 0.0333676 1.47981e-07 0.000701918 0.000799827 0.000744071 0.416276 0.00582768 0.0351932 0.0041425 0.00636596 0.000132303 1.82918e-05 0.0906666 0.000534715 0.0120809 0.0106146 
2.93534e-05 0.0531251 2.14269e-09 0.00903576 8.3583e-05 0.0180176 4.09279e-05 5.30326e-09 3.47258e-06 0.0173303 1.93837e-07 0.0652493 4.46459e-05 0.00125918 0.720996 0.0815843 0.00361064 0.000417726 0.0124822 0.0034184 2.86497e-07 0.00145026 0.00204082 0.0097772 2.50825e-06 
0.00872596 0.00130909 0.00158687 0.0192731 0.00234217 0.028128 0.00552734 5.388e-05 1.73337e-05 0.0112872 0.000172534 0.0042031 0.000201954 0.00742873 0.49253 0.0220846 0.00428706 0.0183684 0.0135276 0.000969032 2.97654e-07 0.322637 0.0155729 0.0195948 0.000170773 
3.45261e-05 0.000802356 1.68951e-09 4.03121e-05 5.25829e-05 0.366695 2.23137e-10 2.88122e-08 6.36309e-05 7.79262e-05 2.43512e-12 2.82951e-13 4.30361e-05 0.00363982 0.411686 0.000909096 0.138298 0.000450996 0.0345315 0.000631409 3.60893e-05 1.45011e-08 0.0365373 0.00547093 1.12545e-12 
0.000271099 0.00233988 0.000716727 0.0342815 0.000843617 0.143524 0.00479538 3.00163e-05 2.77065e-05 0.012348 5.86362e-12 0.00110468 0.000207032 0.00855597 0.646976 0.0196551 0.0116814 0.00402478 0.0682188 0.00103316 4.46125e-06 0.00599825 0.0154754 0.0177866 0.000100133 
0.0045485 0.0278427 0.000230201 0.0392976 0.00525488 0.204112 0.0186258 0.0403295 0.00147392 0.0761826 1.55119e-05 0.00648258 0.000946242 0.0115659 0.297144 0.0885041 0.0133807 0.00359053 0.0554125 0.00697776 6.66608e-05 0.0319798 0.0192524 0.0466755 0.000107802 
4.85505e-08 5.44264e-08 2.87521e-08 0.00552522 0.000234097 0.0488079 4.00453e-07 2.26623e-12 6.57205e-09 4.21371e-07 2.91152e-12 8.16337e-08 0.000196613 5.88338e-08 0.736003 0.0333649 0.00217957 0.00741743 0.0606945 4.93364e-07 1.47316e-09 0.105162 7.06507e-07 3.92257e-08 0.000412294 
0.00257135 0.021249 0.000560499 0.00455049 8.78291e-06 0.00708584 0.00169952 8.37604e-08 0.0100475 0.00443369 1.81184e-06 6.35295e-05 2.66994e-05 0.0976716 0.699965 0.037987 0.0121605 3.49237e-05 0.0194301 1.47436e-05 1.71696e-05 0.0422592 2.92767e-06 0.0380088 0.000148962 
7.4743e-05 0.00389839 7.53665e-06 0.0123041 0.000455559 0.0444506 0.0043724 3.41049e-07 1.45239e-05 0.00714573 1.22006e-11 0.0152749 0.000206228 0.00628123 0.771338 0.0295909 0.00783092 0.0187234 0.0443769 0.00215023 8.90725e-07 0.00465317 0.0157778 0.00986509 0.00120693 
5.33289e-05 0.0321229 8.89479e-06 0.000694895 0.0133472 0.0306098 0.00596263 0.00210217 1.43972e-05 0.00309754 3.75629e-08 0.0291931 0.00023584 0.00348725 0.731546 0.0203822 0.052207 0.000774765 0.0185024 0.0084582 1.4028e-05 0.00187212 0.00874154 0.0364898 8.21657e-05 
0.000990186 0.000876638 4.14183e-06 9.27681e-05 0.000465309 0.069743 8.51042e-10 3.62178e-09 1.22488e-06 0.00837503 1.23226e-05 5.40665e-10 0.00477225 0.0113781 0.684669 0.0871897 0.0130318 0.000178509 0.014747 0.00107192 9.10728e-07 0.0420448 0.0378921 0.0224278 3.54573e-05 
5.46406e-06 0.000810906 7.85086e-10 0.000531579 0.000650855 0.0168063 0.00053953 7.05497e-10 5.32864e-08 0.0557338 9.06381e-10 3.29224e-07 4.58052e-07 0.00440755 0.516929 0.00581867 0.0573099 9.14104e-07 0.0789534 2.66544e-07 7.01755e-08 0.0148442 0.245917 0.000732365 7.87114e-06 
7.4743e-05 0.00389839 7.53665e-06 0.0123041 0.000455559 0.0444506 0.0043724 3.41049e-07 1.45239e-05 0.00714573 1.22006e-11 0.0152749 0.000206228 0.00628123 0.771338 0.0295909 0.00783092 0.0187234 0.0443769 0.00215023 8.90725e-07 0.00465317 0.0157778 0.00986509 0.00120693 
5.33289e-05 0.0321229 8.89479e-06 0.000694895 0.0133472 0.0306098 0.00596263 0.00210217 1.43972e-05 0.00309754 3.75629e-08 0.0291931 0.00023584 0.00348725 0.731546 0.0203822 0.052207 0.000774765 0.0185024 0.0084582 1.4028e-05 0.00187212 0.00874154 0.0364898 8.21657e-05 
2.07572e-05 0.00529565 8.57347e-08 0.00542976 3.9521e-06 0.212446 1.07617e-06 4.62726e-05 2.30749e-08 0.00638611 4.15463e-08 0.00832242 3.06312e-05 0.109909 0.431627 0.00446295 0.0348978 0.00262664 0.0640514 0.00559819 6.10727e-05 0.000158465 0.00263333 0.105991 1.45799e-07 
4.36232e-05 0.00790947 5.40813e-07 0.0273355 0.000284535 0.0479334 5.26683e-05 4.22666e-09 4.65462e-07 0.00582331 5.14292e-08 0.00562718 6.06617e-05 0.000217745 0.811668 0.0501173 0.00393966 0.00114294 0.0227486 9.80772e-06 3.89917e-07 0.000965857 0.00493448 0.00917993 3.48807e-06 
0.000784507 0.00288525 0.00116364 0.0330685 0.00520981 0.0968537 4.3426e-05 1.45075e-07 1.16431e-05 0.00174615 2.44613e-09 0.0344626 2.14762e-05 0.00603988 0.373124 0.0117282 0.0146647 0.00010382 0.0475021 3.40394e-05 9.10009e-06 0.00333927 0.334729 0.0319159 0.000559639 
0.00531425 0.00409596 6.52556e-05 0.12356 0.010438 0.17153 0.0353773 1.50674e-05 0.00017639 0.0417117 4.74325e-10 0.00113929 0.000351147 0.00633766 0.367836 0.0174944 0.0512613 0.00129263 0.0527303 0.00539691 6.73049e-06 0.0487794 0.02844 0.0263978 0.000252386 
6.59596e-05 0.0239049 1.37414e-06 0.0667427 0.000607188 0.0759085 0.000923335 1.86245e-05 1.65651e-06 0.019837 5.8883e-09 0.0095542 0.000469159 0.00330654 0.407778 0.0223756 0.00893578 0.0967441 0.114266 0.000798573 8.07761e-12 0.116826 0.00964901 0.0211507 0.000134535 
0.0161986 0.00482779 0.000102245 0.0128655 0.00161769 0.0645095 0.00218591 3.74864e-07 0.00172965 0.0747519 0.000963899 0.000635685 8.2558e-05 0.00857842 0.57229 0.0332204 0.0135642 0.000718702 0.0192585 0.000204463 2.25203e-06 0.144288 0.00315715 0.0235661 0.000679823 
0.00969647 0.008767 0.00251846 0.0337884 0.0154952 0.196116 0.0175545 0.000154345 0.000988646 0.079435 0.000975347 0.0135644 0.00176805 0.0257412 0.243354 0.0531833 0.0348538 0.00821299 0.120966 0.00814303 6.46942e-05 0.0414439 0.0258146 0.0566651 0.000735763 
4.85033e-05 0.00450241 2.45164e-06 0.0162448 0.00023678 0.0147499 0.000439936 6.66029e-07 6.86607e-06 0.00309302 8.58266e-12 0.0190627 0.000104387 0.0010673 0.835349 0.0273741 0.00257703 0.0123629 0.0412488 0.000107863 2.76355e-07 0.00436086 0.00756711 0.00823791 0.00125485 
0.00737566 0.00820665 0.000245646 0.0264896 0.0209401 0.106862 0.0161177 0.000110599 0.000548456 0.264924 1.03453e-05 0.00945848 0.000207475 0.0449 0.290845 0.0307023 0.0151284 0.00155487 0.0719046 0.00743331 0.000172007 0.0341128 0.0113058 0.0298495 0.000593676 
0.000138464 0.0297847 2.04111e-05 0.00253724 0.00431077 0.135492 0.00106059 2.84753e-06 6.81517e-05 0.0135029 5.18326e-09 0.0387152 0.0149241 0.0878383 0.181745 0.0221841 0.143892 0.00313256 0.00317441 0.110273 4.57847e-06 0.00499384 0.0222753 0.178605 0.00132555 
0.000737422 0.00195873 2.39442e-05 0.108498 0.000536252 0.132265 0.000178116 8.54079e-06 1.70825e-05 0.0119726 2.31144e-11 0.00190167 9.56881e-05 0.003923 0.631232 0.0631391 0.0186405 0.000630391 0.00192355 7.99982e-05 4.2199e-07 0.00178001 0.00432588 0.0158489 0.000283159 
0.000509741 0.00434882 6.20857e-07 0.000581721 4.46611e-05 0.018253 5.6318e-06 7.4275e-06 2.69927e-06 0.0106123 0.00109662 0.00430905 0.000169408 0.000517838 0.902397 0.0227592 0.00153872 0.000107729 0.0123221 0.00028723 6.01065e-07 0.00944164 0.00303719 0.00762994 1.89594e-05 
0.00193391 0.00791805 7.00831e-08 0.00403597 0.00435453 0.134602 0.00137501 0.101728 3.34664e-06 0.116243 3.93341e-10 0.000646183 2.74111e-10 0.0438715 0.191337 0.0140726 0.16716 5.71285e-06 0.0186012 1.0997e-10 0.00344373 0.156814 0.00544111 0.0262341 0.000179339 
0.000754345 0.0384206 4.26298e-10 0.000332929 0.000565001 0.115818 5.19797e-06 0.0954273 0.000137018 0.00129716 4.9216e-10 0.00305807 0.000123022 0.00966405 0.58174 0.0263039 0.0817947 0.00151952 0.015275 0.0014371 6.04817e-05 0.000106989 0.0019893 0.0241028 6.65216e-05 
0.00501918 0.00101252 0.0252043 0.0999955 0.00704827 0.128432 0.00666437 4.55269e-05 8.02372e-05 0.0358244 3.62278e-05 0.00583171 0.0010927 0.00557999 0.215151 0.0745309 0.0201174 0.0242977 0.0964788 0.000601644 7.15158e-06 0.0280022 0.207482 0.0109312 0.00053272 
0.000690617 0.00857043 2.6933e-06 0.0241559 0.00241928 0.0310677 0.00256141 1.15563e-08 1.92387e-05 0.0142133 3.62603e-11 0.020363 4.15591e-05 0.00212359 0.798363 0.0270891 0.0343868 0.00337052 0.00251908 7.54601e-05 1.54661e-06 0.00250866 0.0104358 0.0136033 0.00141855 
0.130507 0.00225923 2.17072e-05 0.0335928 0.0615987 0.0949802 0.0127329 1.76017e-10 2.63684e-05 0.0963601 1.64292e-05 0.0136367 0.000165896 0.0105559 0.243582 0.0108633 0.0113468 0.000230438 0.0468893 0.00854974 3.43763e-06 0.0622308 0.113423 0.0449953 0.0014321 
0.000864464 0.0129528 2.54681e-05 0.0253924 0.0331763 0.144839 0.00336692 0.000288162 0.000651095 0.0142013 0.00202519 0.0231807 0.0238766 0.0177085 0.164728 0.116019 0.140354 0.0310482 0.0684581 0.00545612 0.00636805 0.120482 0.0103269 0.0337706 0.000440865 
0.000157942 1.40727e-05 1.43477e-05 0.1073 0.00065274 0.0515059 7.24977e-05 4.98195e-09 3.12705e-05 0.0191264 1.07425e-11 1.43417e-05 3.12416e-05 0.00011085 0.598935 0.0124931 0.000296046 0.000158481 0.202841 2.70886e-08 1.6103e-08 0.0011793 0.00425259 0.000736382 7.64764e-05 
0.00380641 0.0216445 6.98262e-06 0.0291994 0.0974008 0.0704196 0.0163811 2.53878e-06 6.86885e-06 0.0469008 5.02004e-08 0.0072894 0.0285988 0.00493657 0.359852 0.242993 0.0051449 0.000543644 0.0385021 0.00400937 1.91541e-05 0.00199698 0.00617574 0.0117781 0.00239129 
0.0121391 0.000589286 2.81067e-05 0.101949 0.0119485 0.243604 0.00400529 1.72883e-07 0.0309783 0.0538012 7.89989e-12 0.0170875 6.74411e-05 0.00628216 0.29945 0.0619734 0.00373334 0.00127262 0.0495332 0.011925 8.38097e-06 0.0262327 0.0397357 0.022883 0.000772087 
0.00315007 0.010832 4.31938e-06 0.0657842 0.0106425 0.0862959 0.000159824 8.67496e-11 1.92377e-07 0.12357 1.11451e-10 0.0011331 0.00245472 0.135497 0.371274 0.0113869 0.00527328 0.00809229 0.0400327 2.86909e-06 1.56846e-07 0.0566938 0.0185964 0.0490448 7.97847e-05 
7.4743e-05 0.00389839 7.53665e-06 0.0123041 0.000455559 0.0444506 0.0043724 3.41049e-07 1.45239e-05 0.00714573 1.22006e-11 0.0152749 0.000206228 0.00628123 0.771338 0.0295909 0.00783092 0.0187234 0.0443769 0.00215023 8.90725e-07 0.00465317 0.0157778 0.00986509 0.00120693 
0.0208369 0.116111 0.000499648 0.102552 0.000545378 0.0715331 0.00189513 2.84523e-06 6.27622e-05 0.0129362 0.000166876 0.0521617 0.00373964 0.0609205 0.23734 0.0194587 0.00460105 0.0116028 0.0253802 0.00606417 1.64267e-06 0.0380758 0.00896144 0.203661 0.000889602 
0.00532029 0.00665399 0.00205208 0.0418574 0.0241692 0.1872 0.0388403 1.74542e-05 5.49455e-05 0.110601 5.29531e-07 0.0079171 0.000157526 0.0240329 0.283101 0.02268 0.0213169 0.00144998 0.112278 0.0192943 3.21841e-05 0.0512438 0.0229336 0.0153428 0.00145283 
7.4743e-05 0.00389839 7.53665e-06 0.0123041 0.000455559 0.0444506 0.0043724 3.41049e-07 1.45239e-05 0.00714573 1.22006e-11 0.0152749 0.000206228 0.00628123 0.771338 0.0295909 0.00783092 0.0187234 0.0443769 0.00215023 8.90725e-07 0.00465317 0.0157778 0.00986509 0.00120693 
2.71507e-05 0.0111398 7.17733e-06 0.0869144 0.000552968 0.056983 0.0231081 1.98766e-07 0.00195737 0.118125 1.97699e-05 0.0182863 0.0109627 0.000215194 0.336014 0.0139368 0.0128778 0.00545098 0.265146 0.00025799 1.3635e-07 0.0254703 0.00611583 0.00641592 1.4784e-05 
7.4743e-05 0.00389839 7.53665e-06 0.0123041 0.000455559 0.0444506 0.0043724 3.41049e-07 1.45239e-05 0.00714573 1.22006e-11 0.0152749 0.000206228 0.00628123 0.771338 0.0295909 0.00783092 0.0187234 0.0443769 0.00215023 8.90725e-07 0.00465317 0.0157778 0.00986509 0.00120693 
0.000153315 0.00460607 9.79211e-06 0.0343804 0.00217814 0.0974002 0.00309489 1.29301e-06 1.52269e-05 0.0343059 6.5224e-09 0.00133511 9.48836e-05 0.00390675 0.728052 0.0460121 0.0192928 0.00104569 0.00226577 8.39928e-05 1.22794e-06 0.00819418 0.00175839 0.010789 0.00102239 
0.00321013 0.00502161 6.90873e-05 0.0090997 0.00467033 0.280771 0.0106543 1.22048e-05 2.18691e-05 0.0840648 2.12368e-06 0.00848625 0.000621603 0.0135045 0.310065 0.109352 0.0145937 0.00120748 0.0274071 0.000443487 8.74354e-06 0.0212801 0.0571312 0.0363129 0.00198847 
0.00263851 0.00277212 9.66462e-05 0.0188749 0.0135477 0.223195 0.00735037 0.0152947 0.000182791 0.0303081 2.11951e-09 0.0194847 0.000496663 0.00459074 0.270671 0.0485206 0.0428425 0.0019045 0.22331 0.000976932 0.000232958 0.0100162 0.0452643 0.0168994 0.000528245 
0.00162726 0.0372163 0.00142905 0.0276181 0.00473103 0.135653 0.0277464 0.0126912 0.00485724 0.0132853 6.94542e-10 0.0258012 0.0078441 0.0340759 0.221878 0.0208356 0.087842 0.017153 0.076353 0.0312999 6.48006e-05 0.0956873 0.0172088 0.0969895 0.000112313 
0.00886943 0.0104079 0.00535961 0.0183814 0.0478966 0.0867225 0.0930258 4.55867e-06 5.62117e-05 0.025581 1.80187e-10 0.00612371 7.66072e-05 0.095557 0.289817 0.0759141 0.0141617 0.00409865 0.0856624 0.0111764 0.000108408 0.0372725 0.0260307 0.0575323 0.000163228 
0.000667837 0.000659264 4.69636e-06 0.00678299 0.000300697 0.182598 1.9468e-07 8.43112e-09 3.19545e-09 0.0324792 4.47393e-12 7.81023e-05 4.30709e-05 0.00342607 0.505611 0.232711 0.000158306 3.60963e-08 0.00281949 0.00181361 3.08421e-07 0.00405198 0.0201139 0.0055773 0.000102748 
0.00061321 0.0229349 0.00232171 0.107175 0.000973236 0.0389306 0.012867 1.31581e-06 0.00142387 0.0103447 5.67593e-09 0.00460444 0.0172133 0.00235733 0.513847 0.0114664 0.00283793 0.00861653 0.167175 0.000580707 4.04594e-09 0.011322 0.0319609 0.030397 3.54751e-05 
0.00143793 0.0376776 0.00228717 0.26515 0.00132092 0.07533 0.00197391 1.00625e-06 0.002542 0.0201701 1.5867e-07 0.0447636 0.00064531 0.00368915 0.375949 0.0256443 0.00447518 0.00505088 0.063699 0.027577 1.08615e-06 0.0154708 0.00781846 0.017132 0.000192869 
0.0261671 0.00464232 0.000611854 0.0111719 0.00342055 0.075666 0.000730832 1.04254e-10 0.00247672 0.0110415 3.99573e-06 0.0204232 0.00435564 0.00744156 0.556387 0.0266201 0.00484678 0.000923811 0.13289 0.000847307 2.64498e-05 0.0301983 0.0582132 0.0205776 0.000316343 
5.28281e-05 0.0296228 5.78263e-06 0.000494601 6.51723e-06 0.330209 1.69928e-08 1.23485e-05 3.18318e-06 0.00262074 2.679e-13 0.0126735 3.85396e-05 0.00212109 0.513382 0.0286842 0.0313346 0.00380317 0.000419669 0.000234891 3.7029e-06 0.0016165 4.07776e-05 0.0426055 1.44412e-05 
0.00311581 0.000414701 1.23926e-05 0.0683694 0.0037917 0.0347881 0.000641496 1.55873e-08 3.07074e-05 0.00717107 1.38636e-11 0.00368454 1.2479e-05 0.000323843 0.83961 0.00930879 0.00273244 4.91672e-05 0.0153691 6.12563e-05 2.53919e-06 0.00165948 0.00557453 0.0031427 0.000133338 
0.000138178 0.0109497 5.85731e-06 0.00270634 0.000134694 0.173102 0.000629365 9.11076e-07 6.60745e-06 0.155468 2.68741e-09 0.0214944 3.25757e-05 0.00423372 0.540525 0.0237055 0.00402641 0.000724823 0.000391176 0.0007295 2.39507e-05 0.00153596 0.0265535 0.0327044 0.000177039 
0.00831 0.00673024 0.00712247 0.104322 0.0599075 0.124213 0.0265714 0.000226411 0.00403131 0.111948 0.00019779 0.00619552 0.000694503 0.0280493 0.224454 0.0376277 0.0175979 0.00618965 0.10901 0.00350983 1.88211e-05 0.0179396 0.066389 0.0274779 0.00126634 
0.00609419 0.00473774 5.89539e-05 0.00192499 0.00585643 0.134931 0.0077325 0.000979878 0.00011277 0.0399764 6.97039e-07 0.0205279 0.000126911 0.0511877 0.262834 0.140671 0.165273 0.0127162 0.00272583 0.00472943 9.24579e-05 0.018717 0.0391687 0.0760125 0.00281316 
0.00693399 0.0047924 0.000145683 0.0576415 0.0103763 0.0863601 0.0120398 0.000305951 0.00036192 0.0518542 7.42367e-10 0.00508765 0.000373961 0.0264826 0.39199 0.0499803 0.0968255 0.0354814 0.0238128 0.00603931 1.68135e-05 0.0164005 0.0388692 0.0714329 0.00639538 
0.0021413 0.00399475 0.00068728 0.0162406 0.00657121 0.106559 0.0686992 0.0119121 0.00525251 0.019936 0.00023191 0.0343072 0.000959266 0.0528239 0.451911 0.0319069 0.0178502 0.00242123 0.0322563 0.00443847 7.77015e-05 0.0223307 0.0838161 0.0224574 0.000217955 
0.00475823 0.00231073 0.000456399 0.0696293 0.0225328 0.130958 0.0161693 9.53163e-11 0.000207398 0.071693 4.04554e-08 0.00313758 0.000599981 0.0196404 0.237884 0.0316034 0.0183047 0.028627 0.0986578 0.000421573 4.13092e-06 0.00595994 0.210605 0.0193819 0.00645692 
0.00198227 0.00521363 7.59855e-06 0.053101 0.026353 0.126826 0.00123401 2.80986e-05 1.50466e-05 0.0141584 9.63524e-11 0.0284035 0.000900073 0.0692259 0.545035 0.0327188 0.0458021 0.00103259 0.0154403 0.000415836 0.00020053 0.00603788 0.000631971 0.0238505 0.00138658 
0.00121591 0.00915236 0.000108804 0.0214415 0.00463037 0.0981671 0.00498168 1.41575e-05 2.02727e-05 0.011474 4.24066e-12 0.0768615 0.0111747 0.00241641 0.487698 0.100112 0.0137877 0.0121323 0.0602362 0.00046137 4.52537e-06 0.0131249 0.0487804 0.0193724 0.00263172 
0.0122351 0.00425729 0.00207768 0.0124079 0.00485395 0.0612005 0.00109112 1.98075e-05 0.000376118 0.054417 4.25818e-10 0.00939325 0.00305054 0.128753 0.356713 0.0428826 0.058174 0.00116486 0.0519735 0.00123218 4.82632e-07 0.0176453 0.00941688 0.166207 0.000456955 
0.00741511 0.00424714 1.3669e-06 0.0459876 0.000739213 0.123686 0.00327279 1.14769e-06 0.000155155 0.292771 3.48675e-08 0.00392551 0.000175682 0.00795009 0.377886 0.0197998 0.0399349 0.00202307 0.0493409 0.00117554 1.84501e-07 0.0016014 0.00495794 0.0125689 0.00038306 
0.000193478 0.163777 2.26916e-05 0.00133464 0.0591614 0.205598 0.000601295 3.84976e-06 7.35701e-10 0.0128762 7.29443e-09 0.0260686 7.9187e-06 0.0237075 0.300105 0.0330374 0.0493072 0.00690154 0.0264544 0.00276805 5.08312e-08 5.71177e-05 0.00210925 0.0858841 2.27933e-05 
0.0107081 0.0448517 0.00118874 0.0704186 0.000166817 0.0111091 5.33173e-05 1.38455e-11 0.040903 0.0143715 9.26936e-09 4.81832e-06 2.18682e-05 0.00355008 0.735405 0.0496819 0.000659406 0.000623019 0.0135474 0.00046295 3.14773e-08 0.00177615 1.91592e-05 0.000443799 3.38388e-05 
3.25464e-05 0.00521828 2.73168e-06 0.00905986 0.000144451 0.124813 0.00756858 1.09942e-06 3.20569e-06 0.0118646 1.34445e-09 0.00191957 4.69904e-05 0.00211563 0.769913 0.0146729 0.0394791 0.00179789 0.000451339 1.73681e-05 4.75745e-07 0.00287233 0.000741715 0.0068063 0.000457589 
4.85505e-08 5.44264e-08 2.87521e-08 0.00552522 0.000234097 0.0488079 4.00453e-07 2.26623e-12 6.57205e-09 4.21371e-07 2.91152e-12 8.16337e-08 0.000196613 5.88338e-08 0.736003 0.0333649 0.00217957 0.00741743 0.0606945 4.93364e-07 1.47316e-09 0.105162 7.06507e-07 3.92257e-08 0.000412294 
0.000116422 0.0304491 0.00912513 0.00710459 0.00299605 0.10687 0.00223229 1.70977e-05 9.46779e-07 0.0674981 1.32747e-05 0.0115102 0.00023167 0.00149265 0.345161 0.319485 0.00650934 0.00289497 0.0439118 0.00119898 1.41995e-06 0.00525226 0.0188751 0.0166373 0.000414529 
7.06598e-06 0.0122262 3.25295e-05 0.000405987 0.00376266 0.171244 0.00510601 9.31286e-07 7.08263e-05 0.00856294 3.04716e-08 0.00326459 0.000135365 0.0118034 0.445071 0.0178503 0.18725 0.000841235 0.00359014 0.0602674 2.33085e-05 0.0051064 0.0315895 0.0312452 0.00054277 
4.78655e-08 0.0113627 1.31288e-08 0.00249322 0.00170246 0.0265261 0.00200299 3.27822e-08 4.1353e-08 0.00441597 5.22134e-07 0.00762249 8.9843e-06 0.000259751 0.891929 0.016017 0.0058194 0.00256008 0.00460558 3.55767e-08 1.19912e-07 0.000513606 0.00211576 0.0199919 5.1817e-05 
0.00421794 0.00446892 4.29563e-07 0.061122 0.00395446 0.187278 0.00347098 0.000710847 2.50963e-05 0.00361108 3.19964e-11 0.0995318 0.00131352 0.0208412 0.20043 0.0682062 0.0134916 0.00115782 0.0852584 0.00291312 5.93197e-05 0.00436655 0.0651547 0.168316 0.000100109 
0.0491839 0.00950453 0.00263459 0.0604657 0.00896121 0.0852617 0.00776124 1.07341e-07 0.00568677 0.161729 0.000898144 0.0121908 0.000343034 0.00528794 0.401907 0.0240896 0.00425702 0.0024462 0.0605827 0.0310419 1.39804e-10 0.0374448 0.0135055 0.0147938 2.35001e-05 
0.0136734 0.0020147 1.89703e-05 0.0299284 0.00575852 0.0644489 0.0201299 0.00284012 0.000787691 0.00953854 9.68956e-11 0.00379356 0.000129135 0.00559361 0.530633 0.084302 0.0743196 0.00454884 0.018395 0.00169156 1.23748e-06 0.048771 0.04868 0.0173112 0.0126911 
0.000184522 0.00140972 0.000500942 0.0238367 0.00772016 0.200561 0.0304757 0.000340049 0.000842736 0.0173681 7.18853e-11 0.00661002 0.00141273 0.0210807 0.368578 0.0586931 0.0895312 0.0396469 0.0577715 0.000605861 1.16451e-06 0.0396871 0.00726909 0.0210541 0.00481936 
0.00304714 0.000820511 4.55839e-05 0.0358681 0.0057931 0.0282925 0.000444277 9.86235e-10 5.05019e-06 0.0835484 3.09044e-10 0.00453804 8.97675e-05 0.00570299 0.541797 0.0348976 0.00333978 0.000222117 0.00907427 0.0158302 2.43769e-06 0.117407 0.105848 0.00247816 0.000907596 
0.000572403 0.0241821 1.15111e-06 0.00579554 0.00364278 0.0229849 0.000176314 1.22269e-05 1.30124e-05 0.0076475 5.35907e-11 0.00593425 2.27717e-05 0.0028375 0.745425 0.085838 0.000843181 0.0011595 0.0651483 3.10042e-08 7.87905e-07 0.000268718 0.0105388 0.0168659 8.9712e-05 
0.0249886 0.00856357 0.0389214 0.0305111 0.00288664 0.0759643 0.00359944 9.28009e-05 0.0493307 0.108932 4.78067e-08 0.00182806 9.63515e-05 0.0209863 0.414095 0.0106501 0.0108462 0.00270904 0.0291723 0.00152538 3.0138e-05 0.0131472 0.00222582 0.146457 0.00244036 
0.00234103 0.0111817 3.43386e-05 0.0554659 0.00967249 0.0804173 0.0248061 5.35607e-11 0.0145862 0.060542 4.14418e-09 0.0346397 2.17249e-05 0.0662719 0.440761 0.0749777 0.00421422 0.00240982 0.0301851 0.000256807 2.77606e-09 0.0488894 0.00472064 0.0328432 0.000761936 
0.00090932 0.0112006 2.49032e-05 0.118625 0.00318201 0.141083 0.00990308 0.0638813 0.00118062 0.0255062 8.69462e-11 0.0365789 0.000134406 0.00459134 0.269239 0.0261236 0.00702941 0.00760068 0.09502 0.0651601 0.000205775 0.0377564 0.00357959 0.0713042 0.000181356 
0.00375915 0.0119065 4.76791e-05 0.0341168 0.0222477 0.145086 0.0136027 6.06423e-07 0.000130743 0.134811 4.10301e-08 1.3206e-07 0.00121866 0.0307382 0.298907 0.0151371 0.0677729 0.0489035 0.0145952 0.00159794 3.01645e-08 0.00610277 0.0183709 0.12824 0.00270644 
0.000278724 0.012664 0.000759894 0.04742 0.000347546 0.0186953 0.00848464 6.15073e-05 8.14114e-06 0.00924798 2.33981e-10 0.0118303 0.00153399 0.00911026 0.698345 0.0125928 0.0148573 0.0215184 0.0196797 0.000880157 4.04465e-05 0.0251971 0.00122594 0.0851569 6.43568e-05 
0.00516977 0.00142747 0.000569638 0.0102372 0.131245 0.160325 0.0450308 1.30397e-07 6.54346e-05 0.0392554 5.07692e-07 0.071978 0.00784614 0.00594024 0.240699 0.0190812 0.00826881 0.0117538 0.0830005 0.0333749 8.76499e-07 0.0823833 0.0351098 0.00652808 0.000708142 
0.000667837 0.000659264 4.69636e-06 0.00678299 0.000300697 0.182598 1.9468e-07 8.43112e-09 3.19545e-09 0.0324792 4.47393e-12 7.81023e-05 4.30709e-05 0.00342607 0.505611 0.232711 0.000158306 3.60963e-08 0.00281949 0.00181361 3.08421e-07 0.00405198 0.0201139 0.0055773 0.000102748 
0.000114197 0.00785869 1.43323e-07 0.0152039 0.00171236 0.315152 0.000984434 2.49908e-05 5.19839e-05 0.0144436 5.98375e-09 0.00331154 0.000130676 0.00918985 0.401232 0.0350368 0.137213 0.000577745 0.0403473 0.000134293 5.21038e-05 0.00306092 0.00228217 0.00560459 0.00628071 
0.00407896 0.00240168 1.29587e-05 0.0817837 0.00618211 0.0850942 0.00060531 5.383e-08 8.36859e-05 0.0302188 9.22234e-12 0.00131469 0.000106065 0.0273062 0.5976 0.00180696 0.0878828 0.00512891 0.0150799 0.000985774 1.31134e-05 0.00864663 0.004125 0.0387345 0.000807979 
0.000659904 0.0141173 1.46057e-06 0.028854 0.000517049 0.198826 0.00184169 8.88193e-07 4.09923e-06 0.017733 0.00054224 0.000746142 0.00021201 0.190578 0.465965 0.0253501 0.0216258 0.0117452 0.00350959 0.00147185 0.000692036 0.00313299 0.000656766 0.0112024 1.47404e-05 
0.00512556 0.0484185 0.000315085 0.0231446 0.00279649 0.250716 0.00656531 6.16405e-09 1.93983e-05 0.00631734 1.06534e-10 0.0217606 3.36768e-09 0.0291977 0.488936 0.00342238 0.0398555 0.000118156 0.0539918 1.6486e-07 6.39872e-08 0.0119757 0.000522217 0.00680156 1.8162e-07 
0.00324165 0.000641224 2.01577e-05 0.0016845 0.0017128 0.336712 0.15528 4.16288e-06 1.90204e-05 0.0735554 3.10553e-11 0.000506364 9.13213e-06 0.00117728 0.33927 0.0202891 0.010668 0.000285586 0.0270008 0.0016203 7.01091e-07 0.00998505 0.0120864 0.00421605 1.42155e-05 
0.0083649 0.00649588 7.71251e-05 0.0643871 0.00346742 0.246927 0.00365098 0.000107187 0.00240235 0.0762327 6.35139e-06 0.0164447 0.000571552 0.0213696 0.294335 0.0687899 0.0385083 0.00247795 0.0307187 0.00979122 5.63606e-05 0.0239052 0.0412492 0.0389278 0.0007348 
