0.0117038 0.00362419 0.0021057 0.0902518 0.0146256 0.109554 0.0147867 0.000261665 0.00189473 0.111662 0.00115723 0.00385489 0.00042711 0.0238432 0.121387 0.166536 0.0131952 0.00486231 0.124196 0.00129564 0.00016416 0.0930143 0.0545501 0.0294679 0.00157758 
0.000590527 0.000994789 3.59557e-05 0.0809872 0.00157067 0.0599331 0.00798642 2.48057e-07 4.98096e-05 0.0504514 4.71427e-09 0.0138383 0.000179744 0.00420821 0.220202 0.416128 0.0224673 0.00487375 0.00741666 0.000119357 4.92304e-06 0.00494244 0.0550371 0.0325304 0.015452 
5.52782e-05 0.00152049 6.27789e-07 0.00995174 0.00109477 0.106685 0.00645616 6.8884e-06 2.71359e-06 0.005132 0.000404787 0.0427082 7.12503e-05 0.00678491 0.0691518 0.708536 0.00738258 0.00339498 0.00203688 0.00203317 2.55605e-06 0.00130846 0.00190274 0.0232733 0.000102877 
0.0133707 0.00558685 0.00712802 7.10438e-05 0.000103593 0.367611 0.00145202 4.4379e-05 3.91172e-05 0.00611727 1.9486e-08 0.000492898 0.00111062 0.0308078 0.0272637 0.388046 0.00429832 0.00127379 0.090796 0.0003717 0.000166127 0.00236098 0.0159481 0.0354396 0.000100237 
0.000976338 0.0032479 1.48908e-06 0.00586793 0.00995955 0.0460074 0.00132445 3.39618e-06 9.19385e-05 0.122439 3.34821e-05 0.011729 0.000446273 0.0321855 0.0803024 0.512238 0.0498044 0.0324652 0.0280008 0.00122557 6.15682e-06 0.00293847 0.0238829 0.0319415 0.00288131 
0.00135586 0.00185869 0.000127048 0.0137198 0.00312219 0.202923 0.00447727 0.00797529 9.26123e-05 0.0165058 0.000304797 0.0100457 0.000326836 0.0140662 0.203536 0.411676 0.05876 0.00684 0.00354887 0.00716632 6.37783e-05 0.00433628 0.00590152 0.0203484 0.000922353 
0.0168113 0.0150942 0.000111555 0.0209044 0.00584306 0.176516 0.0103041 0.000125688 3.75951e-05 0.0209962 1.65681e-05 0.0214848 0.000203713 0.0120967 0.246209 0.272371 0.0504328 0.00623474 0.0351366 0.00249229 2.44712e-05 0.00952514 0.042466 0.0291088 0.00545362 
6.45095e-05 0.015809 0.000765129 0.0467595 0.00127353 0.235243 0.0158589 1.74974e-06 0.000671141 0.0123475 5.08203e-05 0.031765 0.000228552 0.00310742 0.0971339 0.424512 0.00636881 0.00377454 0.0534349 0.000352886 1.50067e-06 0.00667314 0.0290629 0.0146774 6.20667e-05 
0.030498 0.0641842 3.05288e-06 0.000423 0.00326538 0.104148 4.76213e-06 5.69471e-10 2.81611e-05 0.0148628 2.45725e-07 0.0249173 4.14033e-05 0.153221 0.128577 0.250782 0.0219934 1.84e-08 0.116049 1.61295e-06 9.41091e-09 0.0554579 0.000653774 0.0308859 1.54438e-06 
0.0168427 0.00938759 5.39672e-05 0.00264082 0.000877211 0.199646 0.00600996 8.46823e-07 4.45744e-06 0.0463935 2.50856e-11 0.0723769 6.19481e-05 0.00945806 0.0704995 0.510724 0.00337131 0.00125671 0.00466067 0.000384981 6.59847e-09 0.0117373 0.00260003 0.0287479 0.00226338 
0.00110971 0.0241041 0.00140086 0.0308616 0.000875449 0.126951 0.00859968 0.0034461 0.00097964 0.00608917 1.10524e-11 0.142674 0.00564254 0.0208773 0.118954 0.15588 0.016351 0.00445361 0.106623 0.00086153 5.92497e-05 0.0115273 0.0620307 0.148979 0.000670025 
1.50015e-07 0.000293712 8.92201e-08 1.90158e-07 0.000166269 0.318857 1.23576e-06 2.98375e-08 2.03644e-08 0.102653 5.87784e-10 0.000424999 0.000390757 0.00132779 1.54928e-06 0.511006 1.05629e-07 0.000426143 0.00496137 1.52251e-06 0.000416492 0.0185348 0.0383127 0.00222404 5.7571e-08 
0.00159251 0.00141916 0.000753509 0.0291638 0.00182876 0.12965 0.00949382 0.000352149 4.11852e-05 0.0394275 3.29073e-07 0.0331931 4.71399e-05 0.0127548 0.275144 0.388034 0.0150937 0.00147503 0.0309924 0.000322823 3.91774e-06 0.00596507 0.0163302 0.00426383 0.00265755 
0.0112278 0.00178037 0.00418194 0.0496092 0.00630876 0.167623 0.0130956 6.80786e-06 0.000368499 0.0291626 2.31051e-06 0.00569353 0.000596374 0.0201705 0.140934 0.287629 0.0156534 0.0698557 0.0156124 0.00313634 1.36985e-05 0.0228594 0.107869 0.0253016 0.00130822 
0.00259702 3.23958e-05 2.4329e-11 0.000545829 1.49357e-05 0.0196662 0.00728552 2.18626e-11 3.9704e-06 0.0061378 2.80878e-11 0.00406064 2.65333e-06 0.00763711 0.186227 0.664611 0.00784068 0.000828953 0.0429702 0.000156168 8.00759e-07 0.00640389 0.039601 0.0030471 0.000328292 
0.000250267 0.000280238 1.73442e-05 0.000813511 0.000474971 0.0155825 4.48575e-05 4.38548e-06 8.31178e-07 0.00137001 5.63421e-06 7.73354e-05 7.06681e-05 0.000748221 0.0785954 0.7688 0.0304442 1.63271e-06 0.0169911 7.67155e-05 4.06672e-06 0.0474 0.00241374 0.0354787 5.40095e-05 
0.013645 0.00272123 2.57851e-07 0.0885741 0.0187431 0.022929 0.0135528 0.00532145 9.48877e-05 0.0194293 1.20434e-06 0.00040918 2.26232e-05 0.00175934 0.0281773 0.39437 0.0137667 0.0114385 0.00977779 0.00210025 3.52471e-08 0.0062169 0.00424853 0.342679 2.06843e-05 
4.79256e-07 6.52302e-08 4.07323e-07 7.88501e-11 0.000945746 0.00189948 0.000622077 0.000126728 6.9976e-06 0.00211716 4.83407e-10 5.61698e-11 1.37947e-08 0.00073296 0.100304 0.859264 0.0102987 0.004376 0.0187151 9.01565e-05 1.63929e-08 0.000249467 0.0002205 2.88006e-05 1.76821e-06 
0.0038538 0.000782335 1.61499e-06 0.0110371 0.000466458 0.17301 0.0050619 3.47214e-06 7.53775e-05 0.051936 1.87555e-05 0.00240833 0.000149296 0.0321965 0.134068 0.499927 0.00777021 0.00126096 0.00398905 0.00216222 4.32616e-06 0.0129655 0.0165322 0.0398022 0.000518063 
0.0165657 0.070844 0.00179019 0.0153079 0.00293483 0.0169413 0.00498614 2.12635e-07 3.89952e-06 0.0416134 5.15765e-07 0.132501 8.45974e-05 0.0185669 0.0609278 0.388713 0.00226469 1.42517e-07 0.0070464 0.00705593 2.81149e-05 0.00581965 0.00537824 0.199823 0.000803216 
0.00252857 0.0023844 8.01178e-09 0.0304615 6.49445e-05 0.0722767 0.00533322 7.80589e-09 1.38854e-07 0.0404572 2.18268e-11 0.00273116 0.000137828 0.0341868 0.31483 0.436573 0.00113083 0.00434585 0.00508686 0.00109177 6.10726e-09 0.000269211 0.00524167 0.0307994 0.0100683 
0.00766022 0.00703683 0.000257729 0.011286 0.0107812 0.166369 0.00808869 0.000569307 0.000678675 0.0911856 0.000110861 0.00855456 0.00104574 0.0432266 0.266645 0.276283 0.0197533 0.00275888 0.0234141 0.00432549 1.43187e-05 0.0127964 0.0120185 0.0236618 0.00147849 
0.0198734 0.00561359 0.000222993 0.035869 0.00991294 0.172277 0.00936151 4.23336e-05 0.00771196 0.022672 0.000280151 0.0379098 0.000425953 0.0509891 0.13558 0.177181 0.050123 0.030772 0.0293744 0.00271385 6.87085e-06 0.0208969 0.118851 0.0530189 0.00832115 
0.00217686 0.00261701 0.000179959 8.75335e-05 0.0141659 0.019485 0.00661514 2.92428e-05 9.54956e-06 0.0206696 1.66871e-05 0.00175918 0.000428957 0.0621361 0.145089 0.584143 0.0434067 0.0022295 0.0380538 0.00330694 3.85457e-06 0.00209454 0.00425806 0.0467366 0.000301578 
4.00817e-07 5.58779e-05 1.72695e-07 0.0670929 0.00907156 0.168579 2.02697e-06 3.39886e-08 7.2472e-06 0.0575533 0.000100314 6.2781e-09 0.000283264 0.0017117 0.226978 0.25332 0.00195483 0.00135716 0.0401115 6.74836e-05 1.19757e-08 0.169852 0.00107391 0.000827794 4.70637e-08 
0.00154829 0.0271702 1.56444e-06 0.00157498 0.000233046 0.214317 0.0071856 0.000359014 0.000124422 0.00318049 7.5026e-12 0.168574 0.00026393 0.0091065 0.0299865 0.262207 0.0680438 0.0149337 0.00339656 0.00142947 0.00037205 0.0156786 0.00248891 0.167762 6.28346e-05 
0.00218377 0.0261369 1.7566e-05 0.014594 0.0351194 0.0707543 0.00476181 1.66897e-06 1.67332e-05 0.0206966 9.46682e-07 0.010554 0.116591 0.0373636 0.259245 0.312595 0.00463498 0.00222361 0.0235133 0.00321015 4.45745e-05 0.00212489 0.00925988 0.0411384 0.00321826 
0.017273 9.30419e-05 5.12789e-06 0.00523426 0.000963621 0.00502703 0.00119423 4.32128e-09 8.1901e-10 0.140874 5.55173e-09 0.000190754 0.000329123 0.00140141 0.00990139 0.795968 0.00157285 4.43349e-08 0.00863768 1.85918e-06 4.65168e-07 0.000942311 0.000309423 0.00306913 0.0070115 
0.000415867 0.00748976 1.10807e-05 0.0115221 0.0167459 0.00712223 0.0151267 3.77144e-08 0.0928409 0.211938 4.84532e-08 2.3947e-05 0.000157491 0.0123694 0.0232984 0.414383 0.12481 0.000278389 0.000952642 0.000582371 2.26184e-06 0.00108339 0.00202407 0.0508761 0.00594584 
0.000699109 0.00409942 5.86264e-05 0.00088475 0.0284943 0.115933 0.0135117 0.00304632 8.6132e-05 0.0443282 4.89364e-07 0.0653007 0.00591892 0.0981795 0.0940081 0.31186 0.0682698 0.00256381 0.0427615 0.0150236 0.000362707 0.0219852 0.0156965 0.0457363 0.00119095 
0.000825803 0.000143525 5.58148e-06 0.00788941 0.0354701 0.157621 0.0914938 1.05107e-10 5.67492e-08 0.0706285 1.35036e-10 0.00039572 3.03707e-05 0.0177743 0.143523 0.357998 0.0139571 0.00313763 0.0650196 0.00013685 4.32409e-08 0.0196084 0.00575167 0.00700934 0.00158129 
0.00577403 0.0356192 0.000453551 0.0102242 0.00775346 0.167135 0.000959941 2.61665e-06 6.98378e-05 0.0942507 3.97597e-07 0.016241 0.000174643 0.0211163 0.218052 0.270747 0.0118319 0.000543083 0.0037037 0.0266781 0.0208062 0.00489154 0.00294292 0.0799119 0.000117141 
0.00325121 1.53184e-05 0.000141032 0.230236 0.00289635 0.0511186 0.0131134 2.54162e-08 1.19979e-05 0.162257 1.87481e-10 0.00530519 0.0468571 0.0178598 0.15578 0.242082 0.000356711 0.00900287 0.0368507 0.00081429 4.58429e-05 0.00645941 0.00267031 0.0128633 1.11158e-05 
0.0153955 0.0121818 0.000171294 0.0154881 0.0483295 0.174155 0.00741633 0.0046223 4.34863e-05 0.0305825 6.70684e-05 0.0277673 0.000353628 0.0149528 0.188042 0.271831 0.0323162 0.00315287 0.0139365 0.0083022 3.02637e-05 0.0103415 0.0592382 0.0605699 0.000712755 
3.19907e-05 0.00716225 9.08129e-08 0.200333 0.00061564 0.16081 0.00288587 0.00027855 0.000539484 0.0120838 4.4095e-06 0.000772641 0.000248296 0.0173826 0.0593908 0.201059 0.0949 0.00733921 0.162113 0.00158595 4.07912e-05 0.0367185 0.00118089 0.032059 0.000464785 
0.0215641 0.00117705 0.000224715 0.0512203 0.00300612 0.00527656 0.00162771 0.00109263 0.000432621 0.00447821 6.21067e-06 0.000124831 0.000248542 0.00383249 0.00123365 0.433239 0.0463345 0.240091 0.0534715 0.00235974 0.0498434 0.0602187 0.00707718 0.0113497 0.000469086 
0.00321758 0.0145198 0.000783366 0.0507092 0.00228814 0.0135082 0.00509952 0.0162468 0.000229538 0.0261062 5.02163e-08 0.0803031 3.30285e-05 0.00803397 0.0404566 0.313389 0.278952 0.0193862 0.00218817 0.00153765 2.48685e-05 0.012385 9.04022e-05 0.0965096 0.0140022 
0.000907207 0.00910929 6.26462e-06 0.0204198 0.000959587 0.213136 0.00627733 0.00283223 9.89091e-05 0.0224822 0.000187169 0.0124525 0.000177069 0.00752288 0.0985365 0.497496 0.0605111 0.00430873 0.00897365 0.00328977 3.85912e-05 0.00444803 0.00858711 0.0168139 0.000428207 
0.000671042 0.00607209 2.04282e-05 0.00409012 0.0130639 0.0968689 0.00360893 1.04783e-06 1.01244e-06 0.0440312 0.000526596 0.0227366 0.000137276 0.0288314 0.151999 0.478449 0.0622253 0.00214608 0.0165455 0.00203882 4.6135e-05 0.0167739 0.00777786 0.0409525 0.000384824 
0.000554225 0.00185914 3.19271e-05 0.00645708 0.00244591 0.239617 0.00370132 7.18578e-11 6.09847e-06 0.0581538 2.78852e-09 0.00260051 6.30053e-05 0.0099093 0.1771 0.328266 0.00666876 0.000385317 0.0393792 0.000128076 6.66349e-11 0.00407009 0.0243187 0.0940743 0.000209855 
0.000731723 0.000259878 2.65291e-11 3.45536e-05 9.97483e-06 0.00286523 0.000531149 0.000429735 6.21847e-06 0.00016961 3.06279e-11 2.3002e-05 8.19652e-05 0.000267681 0.000259772 0.987819 0.00110214 0.000327951 0.00358307 6.6508e-05 0.000217841 0.000344811 0.000329074 0.000538738 8.90194e-09 
0.00352235 0.00088582 2.90863e-06 0.0712649 0.00206518 0.0345279 0.00110053 1.81978e-07 5.41594e-05 0.122389 1.95117e-08 0.0160258 0.000171146 0.00340412 0.282999 0.345138 0.00743212 0.00334903 0.00743974 6.38838e-05 1.43285e-07 0.0207786 0.0116981 0.0614891 0.00419798 
1.44766e-07 1.8005e-06 4.29144e-07 2.12908e-06 0.0104753 6.26699e-06 2.66442e-11 1.1339e-10 2.14907e-11 0.113145 1.45676e-10 8.22669e-07 3.45263e-07 0.211435 0.148967 0.4719 8.52876e-08 2.43584e-06 0.044055 2.02829e-06 5.26793e-08 3.71692e-06 1.39789e-06 1.19731e-06 6.73278e-11 
0.00167374 0.00190366 7.50977e-05 0.0387788 0.0394173 0.139242 0.00550238 2.04265e-05 0.00453569 0.0347268 1.73675e-05 0.017211 0.00120477 0.0066893 0.203265 0.224859 0.00913668 0.00976205 0.0494164 0.000708265 3.42623e-05 0.0128852 0.182782 0.0153266 0.000825933 
0.000907207 0.00910929 6.26462e-06 0.0204198 0.000959587 0.213136 0.00627733 0.00283223 9.89091e-05 0.0224822 0.000187169 0.0124525 0.000177069 0.00752288 0.0985365 0.497496 0.0605111 0.00430873 0.00897365 0.00328977 3.85912e-05 0.00444803 0.00858711 0.0168139 0.000428207 
0.0169553 0.00444638 4.8965e-08 0.00507711 0.000524087 0.0508369 0.00696213 8.76513e-07 3.89316e-06 0.00518974 2.21607e-08 0.0948416 0.00166617 0.0013662 0.121755 0.458687 0.00325526 0.0116778 0.0965732 0.000105711 2.5935e-05 0.0198394 0.0452356 0.0541854 0.000789736 
0.000879105 0.00261184 0.00185891 0.0247626 0.00120093 0.161331 0.0114503 0.0241673 0.000168859 0.0245284 4.47599e-05 0.0222908 0.000269197 0.112055 0.0790227 0.230346 0.0252313 0.195963 0.00546863 0.000777762 2.80115e-05 0.0232073 0.0107216 0.0412533 0.000361418 
0.000231885 0.0144413 0.000954803 0.209326 0.005713 0.212119 0.00814406 0.000238035 0.000596376 0.0370197 2.3858e-08 0.0412947 0.000319557 0.00371066 0.0679995 0.253685 0.0219614 0.00278781 0.070537 0.00197038 1.42358e-05 0.008167 0.0124303 0.0261896 0.000149231 
0.000645429 0.00075358 3.61373e-07 0.00254234 0.000805961 0.132573 0.000617446 0.00166867 1.88841e-05 0.0211493 4.00628e-05 0.00282005 4.01977e-05 0.00281791 0.210561 0.571136 0.00600346 0.00798846 0.00653236 0.000675321 1.34606e-06 0.00371368 0.0195016 0.00737114 2.35357e-05 
0.105988 0.0200798 6.9153e-06 0.00870808 0.00256486 0.103921 0.00314568 0.0010932 3.01651e-08 0.0222033 5.03548e-10 0.00153684 8.44354e-05 0.0581451 0.120296 0.132517 0.119091 0.0223063 0.0588992 0.000315768 3.10355e-08 0.0749893 0.0268274 0.117132 0.000148732 
0.000120654 0.00012104 2.50814e-07 0.000123302 0.000363696 0.0180671 0.000902242 2.25388e-07 3.43332e-06 0.226201 2.89565e-07 0.000897688 0.00150786 0.0709217 0.00682109 0.42011 0.165441 2.12769e-05 0.0549015 4.27565e-06 1.06186e-06 0.000136902 0.000423708 0.0314923 0.00141657 
0.0215641 0.00117705 0.000224715 0.0512203 0.00300612 0.00527656 0.00162771 0.00109263 0.000432621 0.00447821 6.21067e-06 0.000124831 0.000248542 0.00383249 0.00123365 0.433239 0.0463345 0.240091 0.0534715 0.00235974 0.0498434 0.0602187 0.00707718 0.0113497 0.000469086 
0.000907207 0.00910929 6.26462e-06 0.0204198 0.000959587 0.213136 0.00627733 0.00283223 9.89091e-05 0.0224822 0.000187169 0.0124525 0.000177069 0.00752288 0.0985365 0.497496 0.0605111 0.00430873 0.00897365 0.00328977 3.85912e-05 0.00444803 0.00858711 0.0168139 0.000428207 
0.00147708 0.0001768 1.45089e-06 0.00154961 0.000958881 0.185995 0.0160351 2.45836e-06 4.167e-06 0.00547965 2.62824e-07 0.00868303 0.000210858 0.0108274 0.194819 0.510827 0.012173 0.00860491 0.00689625 0.00309418 6.11686e-06 0.00270817 0.0137737 0.0152454 0.000451041 
0.000140442 0.00607348 0.0329243 0.00199668 0.00141677 0.0539377 0.00605131 5.17471e-05 5.85379e-09 0.00551114 8.57984e-08 0.000566009 0.000326319 0.00117907 0.174595 0.58218 0.00805454 0.00547349 0.0681184 2.02534e-05 1.10906e-06 0.0103914 0.0340549 0.00579145 0.00114484 
0.00386473 0.0174458 0.00157618 0.0447969 0.000865231 0.206379 0.00353848 1.11798e-06 6.72615e-05 0.0629081 5.60727e-09 0.00981581 7.57968e-05 0.00726413 0.0924717 0.385491 0.0920385 0.010193 0.0215302 0.00154631 1.6612e-05 0.00302848 0.00166403 0.0331521 0.000269834 
0.00266176 0.00105583 3.31944e-06 0.0137874 0.0044936 0.01506 0.00130437 5.05979e-08 1.08988e-05 0.0172624 1.48619e-07 0.00104734 2.24699e-05 0.023162 0.0834072 0.701311 0.0131411 0.00302688 0.0745055 0.000285547 3.49555e-06 0.00163367 0.0118359 0.0268186 0.00415973 
0.00253863 0.000619493 1.7539e-05 0.0268247 0.00171367 0.198935 0.0990491 2.84697e-06 1.73586e-05 0.102594 0.0035887 0.0109804 4.25778e-05 0.00469436 0.177976 0.283078 0.00941693 0.00319754 0.0299573 0.0051927 5.74229e-06 0.00847651 0.0148265 0.0161185 0.000135767 
0.017273 9.30419e-05 5.12789e-06 0.00523426 0.000963621 0.00502703 0.00119423 4.32128e-09 8.1901e-10 0.140874 5.55173e-09 0.000190754 0.000329123 0.00140141 0.00990139 0.795968 0.00157285 4.43349e-08 0.00863768 1.85918e-06 4.65168e-07 0.000942311 0.000309423 0.00306913 0.0070115 
0.00739076 2.21912e-05 5.93292e-05 0.000156747 0.0195998 0.0248682 0.00159986 1.58787e-07 2.49228e-06 0.0171426 1.02231e-07 1.55186e-05 2.26949e-05 0.0123528 0.340284 0.435991 0.0108543 2.78213e-06 0.0540797 1.80674e-05 3.59968e-06 3.35487e-05 0.0652189 0.0102638 1.68388e-05 
0.00495047 0.00134795 5.60459e-05 0.0478081 0.000932462 0.187716 0.0100852 1.27303e-05 0.000350852 0.113378 2.90078e-07 0.00203697 6.67253e-05 0.00240468 0.0767163 0.457344 0.0155242 0.00391246 0.0135677 6.38225e-05 2.14793e-06 0.0200018 0.0233888 0.0147531 0.00357918 
0.00244016 0.0114691 0.000181336 0.0443233 0.00421964 0.210387 0.0168407 8.04506e-08 4.13573e-05 0.02132 6.20006e-05 0.0935953 0.000856685 0.00539047 0.0805035 0.229206 0.00861875 0.074634 0.0326592 0.000326011 9.14384e-07 0.0191065 0.0611497 0.0724557 0.0102119 
0.000631903 0.000720237 3.89148e-09 0.00267125 0.000770879 0.139461 0.000507763 0.000736618 1.25206e-08 0.0212614 4.74707e-08 0.00254446 3.82432e-05 0.00279824 0.199803 0.581954 0.00568273 0.00309355 0.00659737 0.000677516 1.04462e-06 0.00348176 0.0190705 0.00748281 1.43588e-05 
0.00484362 0.00131732 0.000185645 7.89344e-05 0.000570304 0.220331 0.0313586 0.000209331 2.30533e-05 0.0282514 2.63408e-08 0.00639422 1.58628e-05 0.025561 0.0571546 0.333333 0.252744 0.000192111 0.000650304 0.000884249 0.0027986 0.0077364 0.000575623 0.0246691 0.00012137 
0.000174582 0.00027425 0.000180515 0.000360966 0.00072058 0.159964 0.00882792 6.31411e-07 2.21263e-06 0.0619482 1.40919e-05 0.00155151 2.0461e-06 0.0335746 0.0703156 0.63187 0.00833208 0.000188411 0.0068896 5.22083e-05 9.34096e-07 0.010718 0.00158772 0.00204424 0.000405032 
0.00292963 8.06865e-05 8.42499e-06 0.000443552 0.0113051 0.145925 0.0174842 0.000688616 0.22071 0.0846492 0.0001554 0.00491157 4.42199e-05 0.00176524 0.0179161 0.415511 0.0149641 0.0139302 0.00726607 4.9135e-05 1.7948e-05 0.0218867 0.00891666 0.00838783 5.41274e-05 
0.010363 0.00346836 1.8204e-05 0.0373806 0.0618773 0.154255 0.0633675 0.000399698 0.00552896 0.139908 4.88991e-10 0.00108531 0.000183207 0.00544313 0.0931225 0.257513 0.011534 0.000243668 0.0366799 0.000180708 0.000628419 0.105022 0.00607805 0.00554471 0.000174345 
0.00244016 0.0114691 0.000181336 0.0443233 0.00421964 0.210387 0.0168407 8.04506e-08 4.13573e-05 0.02132 6.20006e-05 0.0935953 0.000856685 0.00539047 0.0805035 0.229206 0.00861875 0.074634 0.0326592 0.000326011 9.14384e-07 0.0191065 0.0611497 0.0724557 0.0102119 
0.00197243 0.00440695 0.000251377 0.0524868 0.0198247 0.284771 0.0627472 0.000915686 0.00658478 0.056067 6.57942e-05 0.0122194 0.000322347 0.00791409 0.0447824 0.309678 0.0210976 0.00901061 0.0229973 0.00954006 5.65516e-05 0.0389671 0.0144944 0.0170041 0.00182156 
0.000532557 0.000689544 2.46677e-07 0.00317119 0.00162238 0.140926 0.000828003 0.00127007 2.51394e-05 0.0199427 3.3193e-05 0.00212568 5.72985e-05 0.00359998 0.185548 0.589234 0.00955504 0.00651356 0.00595952 0.000563971 5.25633e-06 0.00330456 0.0173526 0.00710384 3.50071e-05 
0.00687037 0.00443798 5.8987e-05 0.00268714 0.00479312 0.103331 0.0136791 8.6829e-05 0.00106515 0.0368169 9.67522e-08 0.0100266 0.000223434 0.0358459 0.0621199 0.542557 0.0640162 0.0252921 0.0133752 0.00364885 0.000381023 0.00889728 0.0254984 0.0317562 0.00253629 
0.0076578 0.00172645 7.3428e-05 0.0148304 0.0461896 0.0750678 0.0349552 2.83629e-09 0.0040079 0.125514 3.53294e-09 0.00804861 3.76526e-05 0.0236836 0.0662646 0.398 0.0109938 0.0007262 0.057649 0.00566068 1.97405e-06 0.0978184 0.00615818 0.0145912 0.000343632 
0.00129044 0.00145869 0.000127082 0.00849209 0.00356948 0.180597 0.00447731 0.00772966 9.26181e-05 0.0296586 0.000304845 0.0098183 0.000330285 0.013904 0.207358 0.424777 0.0605016 0.00684007 0.00378033 0.00699691 0.000108127 0.00566416 0.0059379 0.0152204 0.000966045 
0.000264191 0.000766724 4.48585e-05 0.000641084 0.000526465 0.208118 0.00138229 5.61044e-05 2.16935e-05 0.00382045 0.00207429 0.0198096 0.000232017 0.00370954 0.0424188 0.706003 0.00258607 0.000149273 0.000687049 0.00136089 1.70687e-05 0.000712969 0.000124546 0.00443888 3.40374e-05 
0.00259702 3.23958e-05 2.4329e-11 0.000545829 1.49357e-05 0.0196662 0.00728552 2.18626e-11 3.9704e-06 0.0061378 2.80878e-11 0.00406064 2.65333e-06 0.00763711 0.186227 0.664611 0.00784068 0.000828953 0.0429702 0.000156168 8.00759e-07 0.00640389 0.039601 0.0030471 0.000328292 
0.00643416 0.00148644 7.0127e-05 8.7758e-05 0.0332174 0.0457639 0.0350428 5.61089e-10 2.71241e-08 0.176946 7.20854e-10 0.00771511 0.000135347 0.00589653 0.099929 0.271566 0.0123614 0.000278627 0.165651 0.000243812 7.00392e-09 0.121637 0.0032029 0.0123347 3.3316e-10 
0.00278342 0.0148144 8.18167e-09 0.108078 0.00135068 0.249313 0.00531416 2.80744e-05 3.49303e-06 0.00889993 4.33578e-12 3.93275e-05 0.000926618 0.0034802 0.238374 0.344979 0.00598042 4.51856e-05 0.00498191 0.000463206 1.07601e-06 0.000474773 0.00295635 0.00653965 0.000173882 
0.00234161 7.37584e-07 1.03691e-06 4.62046e-05 1.03035e-05 0.0517327 0.00634507 1.81659e-09 1.6087e-06 0.0362174 2.33384e-09 0.00763226 1.66685e-06 0.00957381 0.0196506 0.511542 0.0266296 3.01071e-06 0.00540199 6.52491e-10 2.23505e-05 0.00631665 0.00254372 0.000514222 0.313471 
0.00116271 0.0154657 1.03478e-05 0.000887196 0.081129 0.116832 0.00605784 6.25506e-09 4.09459e-05 0.0626939 8.03613e-09 0.00569019 5.04001e-06 0.168661 0.189505 0.21328 0.0173902 0.000959152 0.00352234 3.15491e-06 1.11281e-06 0.0787377 0.0136747 0.0233784 0.000911876 
0.000731723 0.000259878 2.65291e-11 3.45536e-05 9.97483e-06 0.00286523 0.000531149 0.000429735 6.21847e-06 0.00016961 3.06279e-11 2.3002e-05 8.19652e-05 0.000267681 0.000259772 0.987819 0.00110214 0.000327951 0.00358307 6.6508e-05 0.000217841 0.000344811 0.000329074 0.000538738 8.90194e-09 
0.0413041 0.00155786 9.88119e-05 0.00161082 0.00243018 0.0116258 0.00361821 3.47663e-11 1.82189e-08 0.235123 4.29915e-08 0.00129968 0.000133183 0.00640676 0.0080575 0.646751 0.000141195 0.000499493 0.00257742 1.18385e-09 4.84311e-08 0.0126761 0.000202943 0.0236241 0.000262281 
0.000403976 0.00107535 3.77491e-06 0.0189308 0.00194884 0.187867 0.0086371 9.18106e-06 1.76651e-05 0.0111579 1.6611e-05 0.00549038 0.000305095 0.0169574 0.287157 0.388116 0.0211379 0.00694642 0.00499977 0.00264032 1.58283e-05 0.00264284 0.0123114 0.0195785 0.00163311 
0.00234161 7.37584e-07 1.03691e-06 4.62046e-05 1.03035e-05 0.0517327 0.00634507 1.81659e-09 1.6087e-06 0.0362174 2.33384e-09 0.00763226 1.66685e-06 0.00957381 0.0196506 0.511542 0.0266296 3.01071e-06 0.00540199 6.52491e-10 2.23505e-05 0.00631665 0.00254372 0.000514222 0.313471 
0.00365697 0.00535096 0.00027085 0.178778 0.0122452 0.136423 0.00728384 0.00148633 0.000757189 0.137584 1.00108e-07 0.00662611 0.00024296 0.0121325 0.0715444 0.246875 0.0293956 0.01706 0.0635416 0.00423267 2.9574e-05 0.0184489 0.00747126 0.0313311 0.00723221 
0.00414274 0.0472056 0.000301255 0.00192801 0.00141983 0.0420232 0.0131375 9.4001e-05 0.00782168 0.0197324 9.67993e-06 0.00344806 0.00102269 0.130854 0.118894 0.362797 0.035273 0.00414202 0.0101261 0.00178889 0.000623995 0.0149521 0.0421704 0.135749 0.000342906 
0.0384131 0.00213849 0.000200677 0.0119004 0.0373263 0.0704725 0.0307704 0.000102577 1.25179e-05 0.228436 0.00039535 0.013513 0.000155599 0.0141383 0.0526402 0.242559 0.0129519 0.00220014 0.20402 0.0014784 1.29221e-05 0.0223513 0.00175369 0.0113519 0.000706361 
0.0450712 0.00374782 1.30926e-05 0.0218937 0.00324628 0.028312 0.00628384 4.09033e-06 4.19794e-05 0.0649115 0.00546893 0.00247781 1.56572e-05 0.0166906 0.0691141 0.321548 0.0406013 0.00227702 0.00748924 0.00448612 9.60013e-07 0.105218 0.0514412 0.197835 0.00181083 
0.00688853 0.00431661 0.000789119 0.157746 0.00417571 0.20044 0.0181712 0.00101816 2.90129e-05 0.0724337 3.74568e-06 0.010747 0.00525444 0.0115376 0.101318 0.268255 0.0150438 0.00541921 0.0498926 0.0046349 5.99467e-06 0.0107562 0.0128066 0.0376765 0.00064024 
0.000551603 0.00725789 6.2656e-06 0.0193563 0.000526979 0.186377 0.0081276 0.000368634 5.46809e-05 0.0150521 1.50946e-05 0.00961522 0.000119905 0.00989581 0.14075 0.504908 0.0491864 0.0036372 0.0102336 0.00297828 4.87565e-05 0.00312883 0.0110972 0.0158391 0.000867396 
0.00036491 0.00284897 6.32454e-07 0.0371647 0.00314437 0.142438 0.00220687 2.28327e-07 6.22475e-06 0.0128716 5.62702e-09 0.0303671 0.00290004 0.00118986 0.0279421 0.358282 0.00885983 0.00572382 0.013388 5.15342e-05 3.22241e-07 0.00204976 0.240843 0.105766 0.00159069 
0.00717927 0.00358856 0.00868709 0.0213722 0.0225021 0.124637 0.00985423 0.000133999 2.71684e-05 0.0361875 0.00518534 0.0307169 0.000521323 0.0177802 0.139657 0.24876 0.0467039 0.00430126 0.129439 0.0111543 3.38719e-05 0.0140701 0.0490344 0.0648704 0.00360345 
0.0816992 0.00201628 0.00181631 0.00171164 0.0104822 0.132464 0.040555 1.32451e-10 6.60511e-06 0.00912371 1.70165e-10 0.0111736 0.000187594 0.0032967 0.148165 0.188795 0.00371319 0.0110177 0.188435 0.000607083 8.67513e-06 0.0104183 0.144694 0.00794497 0.00166797 
0.000252649 0.0156083 0.00016768 0.00153765 7.06446e-05 0.118025 0.00219385 0.00017435 9.79639e-05 0.00190063 4.0014e-08 0.0098868 0.000303269 0.00158778 0.180571 0.630134 0.0141961 0.00302871 0.000573087 0.000823165 0.00017739 0.0013725 0.000166201 0.0169936 0.000157518 
0.0362259 0.00106533 0.00116099 0.00582809 0.00718358 0.082464 0.00824755 3.2539e-09 1.11281e-05 0.0933125 5.71844e-08 0.00395884 0.000475553 0.0183948 0.0664469 0.319867 0.00158934 0.000654602 0.0052 0.000570806 2.88226e-06 0.0275376 0.24228 0.0748021 0.00272098 
0.000103955 0.000152046 1.32483e-08 0.00237411 0.0387409 0.0853874 0.0365869 1.24095e-11 0.000245394 0.0782309 5.64285e-09 0.0115431 6.20309e-05 0.0111187 0.100461 0.301027 0.0360808 0.139205 0.00138153 0.000702086 1.0722e-05 0.00787688 0.0823964 0.0240146 0.0422987 
0.0215641 0.00117705 0.000224715 0.0512203 0.00300612 0.00527656 0.00162771 0.00109263 0.000432621 0.00447821 6.21067e-06 0.000124831 0.000248542 0.00383249 0.00123365 0.433239 0.0463345 0.240091 0.0534715 0.00235974 0.0498434 0.0602187 0.00707718 0.0113497 0.000469086 
0.00500397 0.000721385 1.93868e-07 0.0147911 0.0237274 0.124388 0.0110775 4.22509e-08 3.38805e-05 0.256158 7.77388e-08 0.00211417 1.10709e-07 0.0105502 0.0892367 0.273854 0.0374347 0.00100088 0.0440399 0.000944021 2.78274e-06 0.0650355 0.00460647 0.0343679 0.000911926 
0.0035623 0.00164466 0.00218934 0.0936608 0.00194198 0.148755 0.0603826 0.000737112 0.00392707 0.024192 0.000226012 0.00731478 0.00425237 0.0222742 0.106074 0.201167 0.137299 0.00932207 0.0498583 0.0361763 1.28636e-05 0.0479335 0.0192605 0.0134494 0.0043864 
0.00929564 0.0119739 0.000223823 0.136302 0.0146756 0.102248 0.00356168 2.16539e-05 0.000364885 0.0336874 2.8789e-06 0.0199586 0.000347371 0.0219679 0.0428234 0.151681 0.0982334 0.0481395 0.096171 0.00481176 2.3618e-06 0.0637163 0.0949249 0.0448093 5.66954e-05 
0.00377229 0.00113845 0.000509548 0.00776525 0.00177924 0.227451 0.00287941 5.58176e-05 0.00017317 0.0979292 0.000130858 0.00170656 0.000346321 0.023577 0.168532 0.300217 0.0053876 0.00452865 0.00577954 0.00251562 2.52402e-06 0.0172474 0.0930418 0.0333474 0.000185596 
0.000514381 0.00168062 5.92563e-06 0.0489631 0.00270231 0.0501358 0.00144955 3.92511e-06 4.20137e-05 0.0271979 3.24098e-10 0.0103312 0.000168006 0.0347271 0.0825262 0.609434 0.0130756 0.00224595 0.0104217 0.0470401 1.73776e-05 0.0202909 0.0081309 0.0288823 1.33488e-05 
0.00429282 0.00107449 7.57935e-05 0.0118659 0.128846 0.036202 0.0205499 2.03866e-06 0.000202791 0.0393038 2.61915e-06 0.0698691 4.13377e-05 0.0266536 0.0120945 0.352181 0.0612496 0.0186348 0.0195769 0.00187427 3.21686e-05 0.0576946 0.0642643 0.0545145 0.0189013 
0.00278342 0.0148144 8.18167e-09 0.108078 0.00135068 0.249313 0.00531416 2.80744e-05 3.49303e-06 0.00889993 4.33578e-12 3.93275e-05 0.000926618 0.0034802 0.238374 0.344979 0.00598042 4.51856e-05 0.00498191 0.000463206 1.07601e-06 0.000474773 0.00295635 0.00653965 0.000173882 
0.000796915 0.00484702 8.64398e-05 0.0173204 0.0170392 0.12899 0.0101317 0.000823478 6.35264e-05 0.0217234 1.5639e-06 0.0380547 0.00129433 0.00388377 0.10338 0.412967 0.0570561 0.0126631 0.022738 0.000370192 1.18989e-06 0.0167243 0.0900235 0.037093 0.00192736 
0.00278342 0.0148144 8.18167e-09 0.108078 0.00135068 0.249313 0.00531416 2.80744e-05 3.49303e-06 0.00889993 4.33578e-12 3.93275e-05 0.000926618 0.0034802 0.238374 0.344979 0.00598042 4.51856e-05 0.00498191 0.000463206 1.07601e-06 0.000474773 0.00295635 0.00653965 0.000173882 
0.00252833 0.00561136 0.000467954 0.014586 0.000113471 0.0684166 0.00311008 0.00944236 1.56295e-06 0.08423 5.41889e-07 0.000431438 0.00154284 0.0308795 0.152873 0.280965 0.00563033 0.0213395 0.0637642 5.89863e-05 1.47758e-10 0.216022 0.0155352 0.0220853 0.000364268 
0.00465766 0.004528 0.000954389 0.0122995 0.000812978 0.284694 0.0088166 2.93643e-06 0.00318669 0.0234776 4.6293e-05 0.00900469 0.000275942 0.0224752 0.231684 0.306768 0.0286831 0.00214927 0.00693948 0.00926976 8.89345e-06 0.00455277 0.0148795 0.0190143 0.000818827 
0.00784093 0.00363904 6.63399e-05 0.00309523 0.00150256 0.222527 0.00616189 4.86561e-07 6.35019e-05 0.0903956 1.36755e-07 0.0244949 0.000512475 0.0135836 0.11372 0.362711 0.0278784 0.000150131 0.0248973 0.000289363 1.46388e-05 0.0232308 0.0392371 0.0313518 0.00263661 
0.00117577 0.00390567 0.000119835 0.00839695 0.0005966 0.130056 0.00849891 1.07935e-06 7.79544e-06 0.0209306 8.61042e-06 0.00611575 0.000258908 0.0248272 0.226977 0.474504 0.0158749 0.00158603 0.00496428 0.00180865 1.18076e-05 0.0051023 0.0222094 0.0406839 0.00137842 
0.0215641 0.00117705 0.000224715 0.0512203 0.00300612 0.00527656 0.00162771 0.00109263 0.000432621 0.00447821 6.21067e-06 0.000124831 0.000248542 0.00383249 0.00123365 0.433239 0.0463345 0.240091 0.0534715 0.00235974 0.0498434 0.0602187 0.00707718 0.0113497 0.000469086 
2.85684e-07 6.88181e-08 5.36217e-08 7.04388e-07 3.84425e-07 0.00289784 2.95876e-06 3.04953e-05 3.32077e-08 5.0219e-07 4.44024e-06 0.000475428 0.000877265 0.00368131 0.405235 0.430738 0.127247 0.003299 0.00954537 2.91298e-06 2.45134e-08 0.00849061 7.57317e-08 0.00739903 7.07035e-05 
0.00413506 0.0114342 0.000280138 0.0435021 0.0223759 0.132528 0.0313761 9.19587e-08 3.64466e-05 0.0611798 7.76074e-09 0.0271288 3.65909e-05 0.00994393 0.0702784 0.150459 0.128634 0.0237403 0.0842057 0.00531224 3.92212e-06 0.0384941 0.0854245 0.0640484 0.00544171 
0.00185431 0.00958709 9.81094e-05 0.00612328 0.0415083 0.0420015 0.0707099 1.30425e-06 2.46626e-05 0.0536914 3.67243e-07 0.0244091 1.18632e-05 0.170043 0.0813671 0.233076 0.0632297 0.0119984 0.0162437 0.00600852 1.24211e-06 0.023538 0.00915925 0.12925 0.00606403 
0.000242153 0.000176736 1.76592e-09 0.00625159 6.38868e-05 0.105552 0.00160633 3.74918e-09 2.87234e-07 0.00992727 2.95493e-12 0.000527998 5.4728e-06 0.00435763 0.186615 0.671765 3.77841e-05 1.02549e-05 0.00187938 0.000127038 2.93248e-09 0.000217849 0.00170431 0.00778888 0.00114226 
0.00354042 0.00341664 0.00297535 0.0535775 0.0423369 0.0963665 0.0152257 0.000203182 0.000765102 0.0299168 2.59901e-08 0.00703477 0.000846655 0.0215287 0.103637 0.319137 0.0357425 0.00282957 0.154269 0.00127641 5.40087e-06 0.0180664 0.043817 0.0433531 0.000132257 
0.00199834 0.00132229 0.00977249 0.000189366 0.0053387 0.18553 0.00116982 1.75075e-05 4.50098e-05 0.00292983 2.50342e-10 0.00552144 6.19301e-06 0.0298263 0.191386 0.405798 0.108702 0.0016927 0.0165338 0.00226428 0.000473423 0.00227852 3.30762e-05 0.0256613 0.00150942 
0.010112 0.0151563 0.0134098 0.0253808 0.0291748 0.044335 0.0165575 6.66108e-08 3.49367e-05 0.0544602 6.30707e-07 0.155559 0.00137959 0.00905505 0.0661767 0.350431 0.0087362 0.00022201 0.0648809 0.00324132 2.70849e-05 0.0321541 0.0115366 0.0871696 0.000809075 
0.000731723 0.000259878 2.65291e-11 3.45536e-05 9.97483e-06 0.00286523 0.000531149 0.000429735 6.21847e-06 0.00016961 3.06279e-11 2.3002e-05 8.19652e-05 0.000267681 0.000259772 0.987819 0.00110214 0.000327951 0.00358307 6.6508e-05 0.000217841 0.000344811 0.000329074 0.000538738 8.90194e-09 
0.00125347 0.00486501 8.82468e-06 0.00551801 0.00213173 0.352569 0.0133061 0.00581563 2.59251e-05 0.0330487 6.82691e-05 0.023907 6.76165e-05 0.00473758 0.0894132 0.402223 0.0200229 0.00155584 0.00501801 0.00592294 2.12396e-05 0.00638951 0.00843403 0.0132946 0.000381552 
0.000480665 0.000955647 1.10753e-05 0.00457144 0.00157425 0.326039 0.00194194 0.00715079 6.89903e-05 0.0403805 2.30377e-06 0.00927538 2.35985e-05 0.00677758 0.14298 0.396096 0.0188868 0.00122783 0.00419802 0.00169332 5.06483e-06 0.00955032 0.00781297 0.0180554 0.000240451 
0.00248559 0.00119941 0.000486501 0.0687323 0.00345883 0.190642 0.00812156 3.50659e-07 8.27449e-05 0.0408301 0.0512456 0.0045055 0.00652154 0.0106369 0.0469153 0.227998 0.0571374 0.0239908 0.0152278 0.000361672 4.0523e-07 0.150359 0.0288836 0.0582105 0.00196691 
0.0362911 4.34486e-05 6.81397e-05 0.00929824 0.000570538 0.163962 0.0028748 2.36228e-07 6.36274e-05 0.0599006 3.03492e-07 3.52645e-08 0.000245221 0.131324 0.141917 0.366001 0.000132344 0.000162202 0.00653526 5.57796e-07 1.36978e-05 0.0754187 1.07364e-05 0.00341788 0.00174843 
0.000856618 0.000751184 0.00107642 0.00726098 0.0058702 0.12384 0.00161545 1.5183e-11 2.87763e-12 0.204359 1.95063e-11 2.23763e-07 2.13318e-05 0.0179428 0.218921 0.409011 1.46695e-08 5.65261e-12 0.00271277 0.000103022 1.40795e-11 0.000460959 0.00181193 0.00336968 1.58982e-05 
0.00205735 0.0238333 0.00404511 0.0347686 0.0351988 0.0601834 0.00480336 0.000360597 0.0011802 0.0163638 7.76939e-05 0.031811 0.00198769 0.0197854 0.151631 0.35254 0.135972 0.01392 0.0550826 0.00241712 3.99093e-05 0.00588583 0.0105956 0.0312788 0.00418096 
0.00469363 0.00388294 2.45426e-05 0.0298415 0.00651119 0.162448 0.0121587 6.25913e-06 3.52859e-05 0.0491549 1.27498e-05 0.0146315 0.000700683 0.0139548 0.116745 0.47813 0.0208431 0.00480848 0.0072586 0.000725944 1.09781e-05 0.0133549 0.0182109 0.0415805 0.000274645 
0.000631903 0.000720237 3.89148e-09 0.00267125 0.000770879 0.139461 0.000507763 0.000736618 1.25206e-08 0.0212614 4.74707e-08 0.00254446 3.82432e-05 0.00279824 0.199803 0.581954 0.00568273 0.00309355 0.00659737 0.000677516 1.04462e-06 0.00348176 0.0190705 0.00748281 1.43588e-05 
0.00149357 0.00190668 0.000124526 0.00321065 0.00542735 0.0749017 0.00041257 0.0305764 6.64663e-05 0.0729085 2.39935e-07 0.00166327 0.000627674 0.00147415 0.0182444 0.727598 0.0158477 0.000179715 0.00982274 0.00155477 0.0157033 0.00523248 0.0040979 0.00650046 0.000424514 
0.0066361 5.1813e-08 0.00058117 0.0153863 0.0180197 0.0518454 0.0747411 8.49373e-11 0.0196581 0.150714 8.49943e-06 7.04395e-09 0.000130812 0.000874215 0.0765709 0.356017 4.25593e-05 1.7299e-07 0.0681684 1.33768e-05 7.87637e-11 0.156712 0.00385291 2.67173e-05 5.27655e-08 
0.143359 0.00169245 3.1847e-06 0.00326746 0.045427 0.0540587 0.0303709 7.97973e-05 8.134e-05 0.0593429 0.000127229 0.015469 0.000354802 0.0410661 0.0457501 0.288078 0.0320024 0.00999941 0.0622336 0.00355501 2.33616e-06 0.0907695 0.0336533 0.0382982 0.000958305 
0.000731723 0.000259878 2.65291e-11 3.45536e-05 9.97483e-06 0.00286523 0.000531149 0.000429735 6.21847e-06 0.00016961 3.06279e-11 2.3002e-05 8.19652e-05 0.000267681 0.000259772 0.987819 0.00110214 0.000327951 0.00358307 6.6508e-05 0.000217841 0.000344811 0.000329074 0.000538738 8.90194e-09 
0.000767691 9.29043e-05 4.75045e-07 0.0116688 0.0078779 0.123301 0.00122976 8.26796e-06 0.000785486 0.0197647 5.64397e-07 0.0245112 2.47946e-05 0.00806927 0.030318 0.525869 0.0948195 0.0344582 0.00311145 0.0021647 2.64451e-08 0.0240732 0.0704312 0.0158598 0.000791272 
0.00414062 0.000888638 5.61375e-05 0.000355443 0.00860591 0.0195615 5.63985e-07 0.00130386 1.05591e-07 0.0296517 2.02762e-10 3.55952e-08 8.81911e-05 0.0118295 0.192904 0.440913 0.0537766 1.56281e-07 0.0870509 0.00851846 3.429e-07 0.0348944 0.0150023 0.0270069 0.0634506 
6.81486e-05 0.0203223 5.91561e-05 0.00462891 0.0180614 0.115633 0.00408151 0.000134051 9.65552e-06 0.050351 1.18036e-07 0.00104963 0.00219247 0.0558865 0.0682818 0.389079 0.114145 2.86937e-05 0.100568 0.00118657 8.51977e-08 0.00363325 0.032299 0.0182955 4.71264e-06 
0.000981535 0.00478667 0.000803622 0.0272215 0.0171312 0.171211 0.00859971 0.00161542 3.66931e-05 0.0422837 2.61712e-06 0.011756 0.0465265 0.00908988 0.156046 0.345995 0.039724 0.00472728 0.00270242 0.00287635 9.75511e-05 0.0065928 0.00698657 0.0791302 0.0130756 
0.000731723 0.000259878 2.65291e-11 3.45536e-05 9.97483e-06 0.00286523 0.000531149 0.000429735 6.21847e-06 0.00016961 3.06279e-11 2.3002e-05 8.19652e-05 0.000267681 0.000259772 0.987819 0.00110214 0.000327951 0.00358307 6.6508e-05 0.000217841 0.000344811 0.000329074 0.000538738 8.90194e-09 
0.000403976 0.00107535 3.77491e-06 0.0189308 0.00194884 0.187867 0.0086371 9.18106e-06 1.76651e-05 0.0111579 1.6611e-05 0.00549038 0.000305095 0.0169574 0.287157 0.388116 0.0211379 0.00694642 0.00499977 0.00264032 1.58283e-05 0.00264284 0.0123114 0.0195785 0.00163311 
0.0149548 0.0122624 7.37489e-05 0.000120355 0.0386828 0.0367473 0.000338225 2.10688e-07 1.05858e-06 0.0881398 2.53397e-06 0.00168975 0.000448237 0.103166 0.153701 0.276369 0.00453639 0.000746119 0.24495 0.00073694 8.17347e-09 0.00161537 0.00403515 0.0166812 2.1576e-06 
0.00116798 0.0320992 1.0366e-05 0.153945 0.00495849 0.139534 0.00795419 0.000176862 0.000133443 0.0258805 1.36922e-08 0.0069709 0.000109907 0.00282654 0.157914 0.39419 0.0324976 0.00364718 0.00393055 0.00142404 2.46693e-06 0.00633505 0.00527124 0.0188398 0.000180858 
0.000703568 0.00255963 2.22902e-06 0.0129654 0.00567111 0.153182 0.0305661 0.00251866 9.71624e-05 0.0803975 1.47272e-12 0.0713678 0.000252275 0.00988386 0.13344 0.229638 0.154275 0.00689953 0.00607642 0.0141903 3.68657e-05 0.0190638 0.0232298 0.0393603 0.00362236 
0.0041289 0.00274004 0.000622794 0.00787256 0.00901612 0.286151 0.0164762 0.000302018 1.82617e-05 0.093131 0.00013572 0.00375555 0.00020143 0.00894546 0.0946079 0.354835 0.0184004 0.00484637 0.0230498 0.00340993 6.60721e-05 0.0343598 0.0231478 0.00922719 0.000552445 
0.00442136 0.0010359 0.000971247 0.0326477 0.0140882 0.140408 0.00719182 1.36048e-07 6.38365e-06 0.0426294 2.29843e-10 0.00147942 0.000370826 0.0351452 0.137019 0.40882 0.0098521 0.0060078 0.0108404 0.000259594 8.70608e-06 0.00861384 0.11848 0.0193859 0.000316585 
1.66139e-07 9.63005e-08 4.05615e-07 7.6383e-08 1.15169e-07 0.000160644 8.56487e-08 8.66765e-06 2.02428e-06 3.75803e-08 4.68282e-07 5.44124e-08 3.26335e-07 6.04254e-08 7.32036e-08 0.999531 2.05926e-05 9.17565e-05 5.13278e-08 2.97019e-06 2.16245e-05 0.000158817 9.45993e-08 2.80522e-08 2.16427e-07 
0.00203661 0.00667625 0.010863 0.0295463 0.0033258 0.0161922 0.00835497 3.45649e-05 5.65331e-05 0.0139851 5.41047e-06 0.00664051 0.216277 0.0191213 0.10635 0.33541 0.00687972 0.00367221 0.00604687 0.00508742 0.000128423 0.00287031 0.00159596 0.00984773 0.188996 
0.00288483 5.93697e-05 0.000593115 0.00821538 0.00202636 0.249499 0.0584833 5.9418e-05 0.0295162 0.0190015 1.76638e-06 0.00084838 0.000350268 0.000320239 0.00423533 0.322285 0.00110381 0.000555993 0.0211492 9.97481e-05 4.6801e-06 0.083155 0.00101985 0.00550877 0.189023 
0.000271949 0.00477843 0.00825601 0.000955816 0.00063518 0.0637891 0.00644674 1.47293e-10 1.32331e-06 0.0135382 1.89233e-10 0.0154362 4.69915e-05 0.00963437 0.0591574 0.69016 0.010239 7.83028e-07 0.00408727 0.000652197 4.88161e-05 0.00268396 0.0987766 0.0104028 9.3525e-07 
0.0553753 7.52182e-06 0.00731879 0.0035033 0.0333102 0.270608 0.0489714 3.03442e-08 1.92195e-05 0.0389021 4.46097e-09 0.000249606 7.67783e-06 0.00235568 0.16818 0.28984 0.00610985 2.83875e-05 0.0288281 0.000273141 1.19933e-06 0.0355151 0.00832409 0.00219003 8.08815e-05 
0.000138076 0.00183372 2.49381e-07 0.00281089 3.60531e-05 0.197526 0.00139519 0.000100319 6.67076e-07 0.00789212 2.07058e-05 0.00572214 6.26365e-05 0.00203338 0.0542251 0.702683 0.00946668 0.000166165 0.000357153 0.00195926 3.35928e-06 0.000146245 0.000254364 0.0104301 0.000736995 
