0.00292024 0.00882062 0.000266559 0.0502383 0.0152748 0.110129 0.0130143 2.3405e-05 0.000121331 0.105753 1.50209e-07 0.00571386 0.00190471 0.0136347 0.0278915 0.0348436 0.279823 0.00387093 0.0438348 0.000334388 6.96527e-05 0.0306767 0.125231 0.0817224 0.0438875 
0.000116472 0.00987099 1.02985e-07 0.00309446 0.00151501 0.125067 0.000131279 0.00027906 0.000310466 0.00148231 0.000169357 0.00778499 0.000623555 0.00912658 0.0660917 0.00521195 0.630856 0.00699197 0.00263994 0.000248042 0.000590935 0.04911 0.000752169 0.0779072 2.8756e-05 
2.06331e-05 0.00111488 6.56946e-06 0.000695382 8.42124e-05 0.0257903 0.0411486 0.000142963 7.58606e-05 0.00830138 2.02854e-07 0.00084012 0.000135338 0.00299489 0.0084296 0.0018423 0.903775 0.000309379 0.000137364 7.50928e-06 0.000129398 0.0015605 8.80864e-05 0.00173842 0.000631017 
0.000797033 0.0207454 1.08432e-07 0.00113348 0.0060155 0.0848833 0.0146922 2.66209e-06 2.61657e-05 0.0483343 6.21322e-07 0.200395 1.21323e-05 0.0199581 0.0210957 0.0585162 0.407355 0.0142649 0.00054127 0.000242822 4.07882e-07 0.0127305 0.0024028 0.0668872 0.0189664 
0.000498742 0.00160497 6.09327e-05 0.000935308 3.27758e-05 0.019914 8.2033e-05 3.92544e-05 9.72251e-05 0.00107451 0.00582518 5.11964e-05 0.00163463 0.0339577 0.00220496 7.02358e-05 0.868209 0.00762994 0.00142764 0.000491357 0.000820885 0.00421941 0.00270122 0.0464168 3.95011e-08 
0.00480899 0.00151987 3.16051e-05 0.00557388 0.00720297 0.0189204 0.039095 9.10295e-07 0.000158006 0.0307099 0.00344909 0.000507338 0.000849909 0.0233303 0.00909566 0.000911748 0.721677 0.0152757 0.00337403 0.000313827 2.21654e-05 0.0733907 0.000934338 0.0164674 0.0223788 
0.000579549 0.00231643 0.000103224 0.0144248 0.0106356 0.207051 0.0113126 0.000910678 1.44003e-05 0.117473 6.59158e-05 0.00145612 3.00921e-05 0.028759 0.0589287 0.0140671 0.339288 0.00500265 0.013745 0.000792999 0.00015231 0.012526 0.138434 0.0216462 0.000284008 
0.00199791 0.0105723 2.47786e-05 0.0219054 0.0076896 0.15065 0.000159837 8.10878e-05 0.000105521 0.00494997 4.27089e-09 0.013196 0.000325588 0.081567 0.0555887 0.0187683 0.354192 0.00467073 0.00316036 0.000332277 1.39337e-05 0.00640451 0.00358814 0.256521 0.00353495 
0.000157332 1.44608e-05 0.000952754 0.000875859 3.71198e-05 2.10794e-05 3.55234e-08 1.12963e-05 1.21368e-06 0.00299475 1.94223e-07 1.96988e-05 1.3535e-07 0.0119401 4.93908e-05 1.29518e-05 0.836082 2.2186e-05 0.0828933 0.0487944 1.40189e-07 8.54193e-06 1.7543e-05 0.0150732 2.08064e-05 
3.52455e-07 0.00232921 5.00255e-11 0.00471557 1.52554e-06 0.0143182 0.112456 4.49541e-11 3.27769e-05 7.10802e-06 5.77544e-11 1.15433e-07 4.02477e-11 0.00755661 3.1122e-06 0.000213436 0.817257 0.0110625 4.18444e-07 2.56428e-05 4.16866e-11 2.84516e-06 0.00884597 0.0112898 0.00988155 
0.00097003 0.00726919 1.89102e-05 0.00208781 0.00181057 0.22862 0.00372793 0.00184954 1.78889e-05 0.0311368 3.51103e-09 0.00404593 0.000610863 0.0207196 0.0584184 0.0273183 0.555967 0.000772757 0.00794377 0.000132578 0.00106566 0.00864793 0.000630528 0.0358324 0.000385333 
1.29327e-08 0.000342947 1.92637e-07 0.000560597 0.00165198 0.00202026 3.54108e-05 0.000735966 0.000112687 0.00711033 1.15214e-06 5.38057e-05 6.08919e-05 0.000113388 1.68482e-05 4.85525e-05 0.931638 0.0365186 8.92006e-05 2.71351e-06 0.0142672 2.48795e-05 0.0042705 8.1337e-06 0.000315417 
0.000898329 0.00747556 2.02899e-06 0.000221254 0.00223036 0.00749725 1.35273e-05 2.40652e-08 2.99787e-06 0.0152316 1.76767e-07 0.00027503 2.15458e-08 0.0132134 0.000956085 0.0032984 0.432496 1.57746e-06 0.00177376 7.2903e-07 1.39567e-05 0.0323413 0.000115735 0.416453 0.0654874 
0.000455448 0.000715111 1.7263e-05 0.00596742 0.000901873 0.0415986 0.00106151 0.00058388 6.80076e-06 0.0458922 4.18947e-07 0.000505544 8.4765e-05 0.0112095 0.0130161 0.00388342 0.786151 0.00950281 0.01914 0.000281256 0.000623764 0.0162614 0.0236602 0.018005 0.000474293 
6.01208e-06 0.00435983 9.20389e-08 0.00160269 0.00537204 0.0992912 0.0114532 8.44609e-05 4.53434e-05 0.0843276 1.06259e-07 0.0162105 0.000434402 0.00607785 3.52788e-06 0.00279752 0.564184 0.0203019 0.00240712 0.00527726 2.04587e-06 0.00916007 0.000578904 0.164825 0.00119775 
1.33641e-06 9.72605e-07 3.03188e-09 6.05335e-06 8.60863e-10 2.93297e-06 0.109742 2.72451e-09 5.16376e-10 0.0697391 3.5003e-09 3.37142e-07 2.43928e-09 1.82993e-06 0.0146961 4.1502e-10 0.683474 2.00457e-06 0.00669217 9.78605e-10 2.46616e-06 0.0753053 3.81957e-06 4.27085e-06 0.0403261 
0.000197452 0.000736232 7.27106e-05 0.000853989 0.000162331 0.0311964 0.000497053 0.000280277 0.00184398 0.00384731 3.35632e-06 0.000677948 0.00190874 0.00824724 0.00116889 0.00109358 0.930741 0.00334138 0.000651029 0.000908852 0.00130414 0.00186691 0.00212685 0.00597161 0.000300974 
0.00450523 0.000285466 3.4116e-06 8.95344e-05 9.68681e-07 0.00118187 1.81798e-05 0.000145188 4.04761e-05 0.00386631 3.93869e-06 2.07061e-05 0.000159124 0.00142452 5.45162e-05 0.000917045 0.81507 0.0609817 0.0107565 4.91044e-05 1.66872e-05 0.0081703 0.00184737 0.0899511 0.000440415 
0.00219406 0.00259289 0.000167951 0.00354726 0.00341609 0.029318 0.0151376 0.00205658 9.83152e-05 0.0451553 0.000376654 0.00434553 0.00393825 0.0219519 0.0160636 0.0158225 0.765619 0.00688383 0.00854883 0.00569663 0.000234434 0.0122189 0.00925246 0.0208702 0.00449303 
0.000508964 0.000221973 5.43545e-10 0.0393049 0.00526709 0.264211 0.00366955 0.00131624 0.000260233 0.0128225 0.000432932 0.000175655 0.00012767 0.0057974 0.0445754 0.0101417 0.316028 0.00668495 0.136737 0.000189339 0.000113775 0.0326239 0.0981575 0.0135182 0.00711347 
0.00266428 0.0046931 1.27962e-05 0.00698248 0.000981505 0.119478 0.0278467 0.000202361 0.000946681 0.0293403 5.98749e-08 0.0102774 0.00686771 0.0649218 0.0487737 0.0318287 0.318037 0.0393125 0.0256649 0.017024 2.22211e-06 0.0757967 0.00324616 0.133583 0.0315158 
9.3773e-05 0.00267851 0.00430169 0.141789 0.00133157 0.112551 0.00731621 0.000141231 0.00319517 0.00405544 3.00316e-07 0.00221299 0.00108649 0.0126521 0.0425724 0.0675529 0.491276 0.0127818 0.0125369 0.000538041 3.90562e-05 0.0126951 0.0174356 0.0487302 0.000436787 
7.69093e-10 2.88333e-06 1.87768e-09 3.04326e-06 4.08207e-07 0.00183378 0.000642067 5.67269e-05 1.28716e-06 1.73967e-10 2.16778e-09 4.23988e-07 0.00131584 5.7998e-06 7.30257e-07 5.22485e-07 0.989975 3.71184e-07 2.34579e-08 6.06062e-10 3.90268e-06 1.08657e-06 4.3792e-10 0.00615578 3.92643e-07 
4.1612e-08 0.00527944 1.0405e-07 0.00763967 1.2843e-07 3.17814e-07 0.0042922 1.16629e-06 0.00126165 0.00317746 2.46384e-11 0.00978795 1.72648e-05 0.00339611 0.00330668 0.22694 0.39095 0.0116764 0.0111191 0.0051996 0.287055 0.00342338 0.00322499 0.0222504 1.74864e-06 
0.000467164 0.0460412 0.000345708 0.0248267 0.00497475 0.0941712 0.0493398 0.00440125 4.11356e-05 0.0187389 7.04279e-08 0.00301391 0.000420933 0.0801126 0.0331236 0.0601478 0.265766 0.142803 0.0378045 0.0560353 1.28398e-05 0.0187154 0.00528958 0.0489408 0.00446625 
0.00327074 0.0304734 3.87895e-05 0.00458404 0.0112563 0.0526037 0.000254392 0.0460851 0.000253909 0.00605587 7.4619e-08 0.0364319 0.000672375 0.077448 0.217311 0.0280792 0.386168 0.00242925 0.0246525 0.0186769 0.00187237 0.00200294 0.00196881 0.046332 0.00107952 
0.000104917 0.00267105 0.00222537 0.0140308 0.00191554 0.145651 0.0822313 0.000464971 0.000233039 0.00592489 0.00110864 0.00141995 0.000649534 0.00159403 0.0515573 0.0102024 0.413614 0.0691195 0.0133742 0.000906414 0.000139515 0.139038 0.0260259 0.0157634 3.48503e-05 
0.00372554 0.00154877 1.26453e-05 0.0107966 0.00537887 0.0504321 0.000529262 3.72021e-05 6.33693e-05 0.0144875 4.85168e-06 0.00158841 0.000200568 0.016317 0.0300134 0.00905953 0.790369 0.00583249 0.00438688 0.00137684 2.88723e-05 0.00386319 0.0122292 0.0332554 0.00446261 
0.00925426 0.00108841 0.00122009 0.0526116 0.000797232 0.216406 0.128494 0.000346282 0.00392228 0.028177 0.000955512 0.00131527 0.000568319 0.0206924 0.116395 0.0266391 0.252442 0.0079086 0.0312402 0.000522927 4.2413e-05 0.0726932 0.0050451 0.0210551 0.000168199 
3.45432e-07 0.0448053 8.43344e-07 0.0046943 0.000105 0.0270163 2.80071e-05 7.57849e-07 0.000325943 0.0678174 1.70463e-05 0.000294444 0.0124057 0.0283066 0.0209637 3.12531e-05 0.525839 9.62198e-06 0.0723769 0.0615371 0.0281231 0.0057325 0.000530324 0.0990156 2.32619e-05 
8.62781e-05 0.010277 3.77726e-08 0.00210265 8.12305e-05 0.105106 0.00562646 0.075516 0.00065873 0.00360335 1.46196e-08 0.010448 0.000352186 0.0349489 0.040626 0.0642545 0.44337 0.00855573 0.0112036 0.00203965 0.000358567 0.00040277 0.0198051 0.160577 3.50545e-07 
2.06331e-05 0.00111488 6.56946e-06 0.000695382 8.42124e-05 0.0257903 0.0411486 0.000142963 7.58606e-05 0.00830138 2.02854e-07 0.00084012 0.000135338 0.00299489 0.0084296 0.0018423 0.903775 0.000309379 0.000137364 7.50928e-06 0.000129398 0.0015605 8.80864e-05 0.00173842 0.000631017 
0.00363725 0.000640822 0.000248814 0.0133685 0.00665521 0.157944 0.0128087 1.91397e-06 0.000474255 0.0309225 2.51386e-07 0.00025873 0.00163109 0.00673046 0.00541186 0.008531 0.644697 0.00198041 0.01655 4.29487e-05 2.75955e-05 0.00406447 0.0297456 0.0192773 0.0343495 
4.94318e-05 0.00145517 5.48622e-06 0.00568884 0.00169788 0.136684 0.00950722 0.0452456 0.000114636 0.00487155 4.94588e-10 0.000594413 0.000149793 0.0143943 0.0246891 0.0280663 0.691778 0.00736748 0.00270931 0.00477694 1.06668e-05 0.00374618 0.000110061 0.0130867 0.00320097 
0.00488814 0.00164227 2.20536e-05 0.00233363 1.38746e-07 0.109499 0.00497568 0.0574537 0.00130959 0.00110344 1.09038e-05 1.01081e-06 0.00022374 0.0600498 0.0159809 0.0156566 0.65249 0.00526339 0.000800993 7.07225e-05 1.48459e-06 0.0142506 0.00140162 0.0444788 0.0060925 
9.78069e-05 0.00753721 0.000152157 0.000115743 0.00234515 0.00949707 1.73534e-06 6.18744e-06 7.58529e-05 0.0182186 9.48793e-06 0.000780976 0.000343351 0.0273752 0.00463231 0.00247219 0.853382 0.0134195 0.00409257 0.000489577 1.01801e-05 0.0082372 0.0113022 0.0353164 8.90103e-05 
0.00382752 0.000429138 2.33535e-06 0.00180789 0.00228719 0.0142489 0.00108511 4.82849e-05 3.70641e-05 0.00458012 2.1457e-07 0.0210334 0.000148143 0.00299348 0.0235258 0.00928339 0.856429 0.00379556 0.00936131 0.00036375 0.00310916 0.00250206 0.00914941 0.027581 0.00237035 
2.06331e-05 0.00111488 6.56946e-06 0.000695382 8.42124e-05 0.0257903 0.0411486 0.000142963 7.58606e-05 0.00830138 2.02854e-07 0.00084012 0.000135338 0.00299489 0.0084296 0.0018423 0.903775 0.000309379 0.000137364 7.50928e-06 0.000129398 0.0015605 8.80864e-05 0.00173842 0.000631017 
6.69224e-05 0.00489483 3.69458e-05 0.0152576 0.0031684 0.10045 0.0417337 9.8538e-06 4.3902e-05 0.00891093 3.46047e-10 0.000113427 4.80316e-07 0.0132627 0.0673671 0.0109576 0.38553 0.0011039 0.168089 0.000120811 9.75196e-05 0.0526373 0.00242569 0.123361 0.000359915 
0.00336847 0.0310709 5.94144e-05 0.00943166 0.00118297 0.0735213 0.00275506 0.000320104 0.000206907 0.00642727 0.000156224 0.00015362 0.00952303 0.11762 0.0258998 0.00596593 0.602428 0.00554497 0.00748565 0.000190682 2.93543e-06 0.00534625 0.0008175 0.0834543 0.00706791 
0.000696971 0.000353733 6.22485e-09 0.0010074 0.00010093 0.110464 0.0180871 1.73584e-06 2.6845e-06 0.00489986 7.18658e-09 0.00842153 4.07688e-05 0.0372916 0.0767356 0.0259135 0.593921 0.00158253 0.0182511 0.000786658 3.75454e-07 0.000202611 0.064314 0.0365037 0.000421005 
0.0143738 0.00252818 3.72798e-07 7.0203e-08 5.90043e-05 0.00752631 2.33312e-05 0.103697 0.000183676 0.0616185 0.000160085 6.33016e-06 4.10186e-05 0.0298716 0.00192604 3.33608e-05 0.27594 1.24722e-07 4.7175e-08 3.00417e-05 3.10655e-07 0.242481 0.0517381 0.204598 0.00316368 
0.0346627 0.00292942 0.00488574 0.070581 0.00292444 0.0449935 0.0200291 6.31573e-06 0.00357879 0.0913463 0.000290636 0.012666 5.27036e-05 0.0268384 0.132621 0.0247583 0.363454 0.0351584 0.0463246 0.00250879 2.37003e-05 0.0243399 0.00891314 0.0404853 0.00562734 
0.00116554 0.00233864 2.54321e-06 0.0042849 0.0174271 0.181174 0.0975152 0.0122812 0.000976452 0.0276418 0.000148761 0.00145615 0.0038666 0.0238474 0.0146563 0.00610877 0.357405 0.0431497 0.0123969 0.00357926 0.000130884 0.156024 0.00192938 0.0290463 0.00144707 
1.82382e-07 0.0102956 4.44414e-07 0.00799573 4.6158e-07 0.0297439 0.000934225 6.1635e-06 0.000291933 0.0191499 2.31646e-07 0.00119991 0.00250443 0.0394812 0.00326507 0.0067292 0.801426 0.00747324 0.000888528 2.95083e-07 4.55147e-08 0.0120118 1.72614e-07 0.0326987 0.0239029 
0.00305645 0.0059433 3.37294e-06 0.0028077 0.0027896 0.0425645 0.00393579 0.00209976 0.00033941 0.00410127 4.09963e-05 0.00114039 0.000147911 0.0412437 0.0129929 0.00215934 0.655916 0.0105779 0.00913445 0.000575883 0.047388 0.0104651 0.00709226 0.131768 0.00171612 
0.0582093 8.61492e-06 8.98939e-05 0.000661583 0.0118934 0.0770899 0.0585779 0.0737551 0.0676551 0.0108116 5.14845e-05 0.00238711 1.40639e-05 0.0179284 0.0238169 0.0112362 0.323359 0.0569186 0.0309834 0.00460265 0.000198375 0.160459 0.00280755 0.00540474 0.00108016 
8.10141e-05 5.86253e-08 2.46928e-07 5.58465e-05 7.01121e-08 1.23108e-08 0.00012519 2.21895e-07 3.78922e-05 0.000208212 2.85078e-07 3.31249e-08 1.98664e-07 3.67854e-08 0.000220934 6.08753e-05 0.9982 0.000776628 3.1247e-08 7.97015e-08 2.05767e-07 0.000178735 5.75896e-08 5.29572e-05 1.31756e-07 
0.00320012 0.018038 0.079526 0.000870833 0.00253563 0.0240334 0.0246963 3.47697e-09 2.10163e-06 0.0201849 1.67171e-06 0.0239394 2.14888e-06 0.0122298 0.0175273 0.0047268 0.601478 0.000804094 8.35832e-05 0.00123885 1.94952e-07 0.0375848 0.00933828 0.116107 0.00185094 
0.00989263 0.0135081 0.00402785 0.0409926 0.0237896 0.219714 0.0122299 0.00012098 0.00586873 0.0513534 5.88566e-09 0.0150958 0.0238806 0.0746136 0.0416874 0.0219378 0.239899 0.00494576 0.051725 0.00625596 0.000178605 0.0346426 0.0131958 0.0580546 0.0323893 
7.71965e-06 6.71938e-05 2.57162e-08 8.6743e-06 0.000160194 0.016257 2.1735e-05 0.00231954 0.000417724 2.5469e-05 2.96893e-08 0.000148931 1.01519e-05 3.94793e-05 0.0164608 0.000330089 0.954717 0.00209273 3.25421e-09 0.000427699 0.000276354 2.44589e-05 3.41691e-06 0.00605671 0.000126745 
0.00115371 0.0221295 0.000330493 0.0260237 0.00191916 0.0648465 0.0139922 0.00743883 0.00712434 0.00827489 8.38266e-06 0.0304996 0.0282399 0.0157216 0.0353963 0.0396792 0.54968 0.0180132 0.0345062 0.0112628 6.98326e-05 0.0170196 0.00382821 0.0606635 0.00217874 
8.18596e-07 0.000758862 3.4888e-09 0.000637124 0.000669323 0.0278989 0.00255843 3.47337e-07 1.4595e-05 0.00552999 4.67892e-05 4.68015e-10 2.80689e-09 0.00369506 0.00179029 0.00146455 0.936057 0.00225964 0.00295946 0.000105289 2.90724e-09 0.0013557 0.000425328 0.0117692 2.896e-06 
8.41437e-07 0.0155014 0.00600418 0.00213969 5.25219e-07 0.107809 5.86235e-06 7.62361e-06 0.00032456 0.00752577 1.02665e-10 8.76815e-07 1.19488e-06 0.139452 0.00176281 0.0126147 0.30817 1.44295e-06 0.0051121 0.108986 1.46731e-06 3.90218e-06 2.07398e-11 0.284571 2.36777e-06 
0.00451634 0.0106657 0.000418349 0.0291374 0.00828038 0.148405 0.0463407 0.00156115 0.00286249 0.0414423 0.000439599 0.00717936 0.00682991 0.00437422 0.0360829 0.0274344 0.498072 0.0422399 0.0226002 0.000469521 0.000189839 0.0147169 0.0244286 0.0210386 0.000274682 
0.00103535 0.00194404 1.79611e-05 0.0529066 0.00622703 0.00324364 0.012818 2.24471e-05 9.41471e-05 0.0133348 4.64756e-07 0.0044211 0.000176061 0.0417584 0.0392062 0.00412817 0.604961 0.00762175 0.0151506 0.0024477 0.000677613 0.0654096 0.0376547 0.0640436 0.0206986 
0.111125 0.00341189 1.51932e-06 0.0369303 0.0110587 0.0598994 0.0310375 4.06643e-08 0.000300991 0.0226261 1.60344e-08 9.06558e-05 0.000296499 0.135708 0.0585873 0.00076345 0.345289 0.00205517 0.0904038 0.00189219 1.26606e-06 0.0510945 0.00949959 0.0276777 0.000249987 
0.00165482 0.0255988 5.1957e-05 0.0152044 0.000563667 0.0786487 0.0403439 0.00230381 0.00097314 0.0088251 0.00213571 0.00124439 0.000405853 0.00899032 0.0567565 0.0242299 0.363246 0.00807704 0.0777101 0.00199667 0.203014 0.0289171 0.0211751 0.0247927 0.00314081 
0.00346392 0.0050559 9.93947e-07 0.0079184 0.00382543 0.090686 0.00575464 1.17562e-06 5.86625e-05 0.0195747 3.49377e-10 0.0123573 0.00137677 0.0159822 0.107223 0.017878 0.553489 0.0106274 0.0129384 0.00252433 2.40667e-05 0.00255432 0.057253 0.0255508 0.0438816 
2.8009e-08 0.00870483 9.79844e-09 0.0163447 0.000163462 0.267947 8.42167e-07 3.7835e-06 0.000520789 1.59437e-07 2.03806e-09 0.00729568 6.28973e-08 0.0623772 3.92627e-07 0.0197895 0.491959 0.00447957 0.00218933 0.000829623 3.64419e-07 0.00266977 2.06499e-07 0.0373702 0.0773533 
1.21835e-06 0.0141711 8.11732e-08 1.91456e-05 6.32138e-06 0.186424 0.063056 7.2222e-10 1.10888e-06 1.74994e-06 9.27866e-10 1.40266e-07 8.41237e-07 0.0360305 5.28705e-11 4.18163e-07 0.559276 0.0289174 0.0315283 1.3492e-06 6.69726e-10 3.25187e-06 4.31302e-07 0.0805605 4.28835e-10 
0.0504349 0.00283698 3.73264e-05 0.0642197 0.021124 0.068516 0.056035 3.35361e-05 8.91194e-05 0.0568683 7.28922e-10 0.00326202 0.00109691 0.0108851 0.0443869 0.0182087 0.428 0.0303726 0.0347688 0.003061 4.91572e-06 0.0387816 0.00579222 0.050919 0.0102652 
2.24861e-05 0.00135785 0.000222167 0.000111985 0.000174662 0.115594 0.0141336 0.028995 0.000983855 0.00991051 1.41228e-06 0.00402953 0.000728698 0.123121 0.00981535 0.049242 0.525818 0.00649917 0.000945595 1.4992e-05 8.11087e-05 0.0154457 0.000288599 0.0909117 0.00155093 
0.00128453 0.00874489 1.05204e-05 0.000396743 0.00126843 0.0722823 0.00370731 0.0405795 0.000781884 0.0410199 0.00462934 0.00758772 0.000455616 0.0369402 0.0127074 0.00580803 0.530255 0.0530151 0.0406292 0.000164533 0.0347869 0.0384313 0.00562136 0.0567409 0.00215171 
1.53185e-06 2.21425e-09 9.32636e-09 1.75628e-09 2.6481e-09 4.64975e-10 0.000135689 8.38088e-09 1.60431e-07 1.94428e-05 1.07673e-08 0.00313217 7.50346e-09 1.38937e-09 2.356e-05 1.27664e-09 0.502343 2.52766e-05 0.0211837 3.01029e-09 7.77173e-09 8.97353e-05 2.61235e-06 0.472878 0.00016522 
0.000166495 0.000320136 1.96649e-06 0.000279056 0.000896344 0.139889 0.0332476 1.5898e-07 0.000206244 0.28318 6.59124e-06 0.00483079 0.0017628 0.0333858 0.0608262 0.00917077 0.339343 0.0040523 0.000592629 0.00681109 7.85027e-06 0.0628605 0.000972286 0.0159242 0.00126601 
1.54953e-07 0.00112212 1.92023e-11 5.53292e-08 5.2615e-07 0.0529653 1.31782e-07 0.00615606 8.92271e-05 2.1456e-07 2.2169e-11 0.000749121 1.42147e-07 0.0223238 0.0888614 0.0284464 0.485347 0.252718 0.0120649 1.16528e-07 1.60014e-11 0.0215075 0.00443111 0.0230709 0.000146606 
6.21536e-06 0.193107 2.44535e-07 0.00230304 1.87468e-05 0.212283 0.00329267 0.000374467 1.21144e-05 0.0105735 6.3766e-11 0.0042129 6.43861e-05 0.12244 0.0487103 0.0179801 0.338081 0.00295729 2.04421e-05 0.00317927 4.67955e-06 0.00240123 0.000182079 0.0338969 0.00389794 
0.000160749 0.0195857 1.20781e-05 0.00138478 0.0204761 0.132764 0.000117196 0.000106503 9.50813e-05 0.067607 2.33106e-09 0.038487 0.000897197 0.113923 0.151114 0.11478 0.225022 0.00143001 0.0552878 0.0153524 6.5186e-07 0.000853347 0.0106243 0.0252916 0.00462679 
0.000330943 0.000833326 9.42451e-10 0.00762997 0.00194481 0.0472441 0.0134766 0.000561868 0.000698631 0.0141855 4.08076e-08 8.41238e-08 0.000599063 0.125408 0.0388777 0.0149445 0.663815 0.00155132 0.03478 9.76088e-05 2.31555e-05 0.0013136 0.00720484 0.0238647 0.000615039 
0.0294002 0.000546215 0.000647226 0.0137648 0.00125491 0.0375309 0.0169084 2.63563e-05 5.66232e-05 0.0654881 1.11995e-06 0.00273207 0.000212845 0.0223362 0.0302171 0.120865 0.47514 0.00270854 0.0037876 0.000649466 1.77679e-05 0.0241221 0.0183961 0.05045 0.0827406 
7.29282e-05 0.00371648 1.00259e-05 0.00543594 0.00528017 0.256691 0.00848801 0.0470654 0.000289454 0.00852673 3.14856e-06 0.00810631 0.00060627 0.0229021 0.0818653 0.0421782 0.346972 0.022845 0.0264411 0.020945 0.02269 0.0178678 0.0129313 0.0367672 0.00130347 
0.00144142 0.0217764 1.37174e-05 0.00277862 0.00609568 0.0451363 0.00647677 6.20958e-09 1.85981e-05 0.129921 2.81084e-10 0.014785 0.0012196 0.0863918 0.00908786 0.0949305 0.322955 6.72222e-05 0.00368862 0.0290135 9.43727e-06 0.0315697 0.00457596 0.164729 0.0233185 
0.000454613 0.000891634 2.63496e-05 0.00247872 0.00213736 0.0317532 0.0011366 0.00103549 0.00015925 0.0267616 1.09088e-08 0.00023448 6.54949e-05 0.0102352 0.0184761 0.00380008 0.863079 0.00565031 0.00156761 0.000200384 0.000328979 0.00297097 0.0123689 0.0132581 0.000929659 
9.91551e-07 2.91583e-06 4.4821e-10 7.68162e-07 2.16987e-05 3.48599e-06 2.6217e-06 3.2262e-07 2.36721e-07 4.98324e-06 5.17458e-10 6.01264e-11 3.60605e-10 8.6736e-06 5.95308e-06 3.13523e-06 0.7125 2.2944e-06 8.62168e-07 2.93694e-06 7.50729e-08 0.118106 0.15583 0.0134915 1.03796e-05 
2.59731e-06 2.60677e-05 2.96117e-06 0.0170977 0.000341826 0.0834711 0.00134541 0.000354185 0.00860546 0.00320859 0.000700335 0.0032822 8.26044e-05 0.000785328 0.00710639 0.0166781 0.554336 0.000582275 0.0291246 0.000244666 0.000807368 0.00250199 0.262796 0.00348384 0.00303228 
6.56419e-06 0.0145236 6.66762e-08 0.00191095 0.000129047 0.0912492 9.94997e-05 0.000244711 0.000139888 0.000343421 1.47958e-08 0.000384628 0.000335071 0.0214511 0.00284776 0.013769 0.773912 0.00328413 0.000595018 0.000620807 0.00147548 0.00198408 0.00188869 0.0687311 7.40341e-05 
3.09403e-05 0.00565482 4.13755e-06 0.0212102 0.0231801 0.0783105 0.00365585 1.28647e-08 0.00421656 0.0136977 2.01414e-06 0.0060175 0.0161609 0.00600455 0.182817 0.00872794 0.2576 0.000286744 0.252022 0.00184176 7.18701e-05 0.0664034 0.0333243 0.017297 0.00146278 
9.07432e-05 0.00215541 3.97058e-06 0.00506237 0.00368674 0.108965 0.0250744 0.00405899 0.000109542 0.0699038 5.88871e-07 0.0136772 2.74831e-06 0.00182525 0.0201368 0.00920161 0.481868 0.000846735 0.0881289 0.00209461 0.000267704 0.00590441 0.144525 0.00935589 0.00305299 
0.000578288 0.00928478 2.31456e-07 0.00135447 0.00162825 0.0198894 0.0650309 0.000581773 0.000251963 0.0112516 0.000227983 0.00909348 0.000562788 0.0154002 0.00277272 0.00208854 0.304586 0.149826 0.00318027 0.00369933 8.60078e-08 0.0105509 0.000237049 0.0921758 0.295747 
1.46824e-09 0.0634448 5.54777e-06 1.82408e-06 0.0625662 0.0876142 0.00824283 3.22119e-09 9.37785e-06 0.101759 4.1384e-09 0.00170376 0.0002193 0.0654096 0.00365983 0.025016 0.47226 1.70529e-07 0.0298626 1.15701e-09 3.16017e-05 0.00876985 7.0306e-06 0.0694167 1.91266e-09 
2.81409e-05 0.00225866 1.03554e-06 0.000183438 0.000265735 0.0645011 0.000498551 7.44809e-05 0.000371645 0.026564 1.65071e-08 0.00443519 3.5882e-05 0.0390629 0.0192416 0.000362355 0.797317 0.002931 0.00621233 0.00894807 0.000863314 0.0012397 0.00206646 0.0217597 0.000777596 
0.00629428 0.000285599 4.39267e-06 5.59206e-05 0.00120736 0.0077692 0.000664351 0.0254401 3.26767e-06 0.156049 5.55121e-06 0.000628183 0.00117909 0.0701108 0.0261346 0.000275391 0.474126 0.00104873 0.0346453 0.136297 2.58015e-07 0.00340166 0.00198717 0.0451903 0.00719607 
0.00164556 0.00136099 9.2115e-05 0.000607794 0.00167685 0.0144394 0.00875318 0.00153028 3.26969e-05 0.00931604 1.98378e-07 0.00995739 0.000297498 0.0209484 0.0100145 0.00688409 0.755632 0.00113256 0.00412472 3.3142e-06 4.22863e-06 0.0994632 0.000238233 0.0444604 0.0073839 
2.47563e-09 0.000473718 6.04404e-09 1.13818e-09 0.0175211 0.0311702 0.0638502 5.43131e-09 1.04674e-07 0.00384162 6.97783e-09 2.14318e-07 3.88782e-05 0.00540039 0.0640616 3.01278e-07 0.781237 0.015372 5.07879e-06 0.00214176 5.85793e-06 0.013255 5.87442e-06 0.00161842 5.52728e-07 
0.00319407 0.122142 8.41582e-06 0.065128 0.00387355 0.140005 0.00606395 0.00869164 0.000200601 0.00828469 0.00331757 0.0048125 0.00920025 0.0244898 0.0758563 0.0922237 0.146198 0.0124181 0.109754 0.00325027 0.0428545 0.0254891 0.0289396 0.0616392 0.00196482 
7.19743e-05 0.00265091 4.51284e-05 0.144314 0.000720425 0.0838867 0.0289524 6.87679e-06 0.00398781 0.00304453 1.06455e-06 1.16719e-06 0.000113958 0.0109966 0.0475401 0.00730785 0.577185 0.0172327 0.0144027 0.000863099 5.46632e-05 0.0248606 0.011717 0.0200093 3.3786e-05 
0.000175236 0.0001942 8.7715e-08 0.0632852 0.00108052 0.126232 0.000117733 4.87834e-05 0.000636779 0.00543144 4.3731e-08 0.000148024 0.000169992 0.0034932 0.106217 0.116382 0.292818 0.0546695 0.186434 0.000116562 2.79348e-06 0.00190146 0.0184948 0.0210126 0.000938727 
0.000593516 0.0018659 2.24109e-05 0.00706333 0.00137766 0.0997453 0.201208 0.0561346 0.000123759 0.00728681 3.43054e-08 0.00504383 0.000256278 0.0154648 0.0888132 0.0444514 0.280487 0.0157842 0.0423221 0.0127385 0.00982424 0.0080917 0.0418794 0.0559473 0.0034747 
2.17876e-05 5.34788e-06 1.22755e-07 1.04674e-05 8.21092e-05 0.000100993 3.40575e-05 1.1031e-07 4.18696e-06 0.16907 0.000114895 4.13043e-06 2.89855e-06 7.55781e-05 5.56661e-05 3.20519e-05 0.828429 2.00516e-05 1.87586e-05 1.10614e-05 1.02293e-07 0.000110449 1.64131e-05 9.72572e-06 0.00176999 
0.000958641 0.00561568 1.64051e-06 0.0113647 0.0168743 0.119609 4.0663e-06 5.27107e-06 0.000145448 0.041107 5.66959e-09 0.00254694 1.06214e-05 0.00520323 0.139539 0.00604161 0.358031 0.0175344 0.111965 1.41564e-05 9.82484e-07 0.0482453 0.00140916 0.00397172 0.109802 
2.64302e-06 0.00581906 2.6403e-06 0.0195687 2.64361e-06 0.0653265 2.64395e-06 0.112763 0.0227422 2.6445e-06 2.63958e-06 0.00687786 2.64121e-06 2.64424e-06 2.64461e-06 2.64429e-06 0.505092 0.00713978 2.64434e-06 0.00476083 0.00211549 0.215502 0.0322576 2.6446e-06 2.64246e-06 
0.00220748 0.000119947 0.000114131 0.0091767 0.00130667 0.0591164 0.00116463 1.13315e-07 6.79184e-05 0.0200866 0.000898492 0.00026491 0.000413457 0.120313 0.0166165 0.0219369 0.614577 0.000207386 0.00833727 1.22163e-05 4.85322e-05 0.00388417 0.115635 0.00337805 0.000116066 
0.000573098 0.0134775 0.00028224 0.0016619 0.00307693 0.312334 0.00912996 7.04061e-06 2.19126e-06 0.053574 8.97001e-09 0.00131136 0.000122075 0.039746 0.0795532 0.00503768 0.330907 0.0014669 0.00594728 0.00821119 1.26004e-06 0.0162413 0.0747755 0.0423303 0.000229926 
0.000142379 0.0017263 1.23731e-05 0.000610166 0.00046038 0.0479202 0.00952882 0.000307741 0.000796042 0.0150418 6.10334e-10 0.0165327 0.000112945 0.0110424 0.0121041 0.00271369 0.804714 0.00319483 0.00022473 1.39476e-06 0.000160137 0.0222387 0.000187835 0.0457793 0.00444686 
2.06331e-05 0.00111488 6.56946e-06 0.000695382 8.42124e-05 0.0257903 0.0411486 0.000142963 7.58606e-05 0.00830138 2.02854e-07 0.00084012 0.000135338 0.00299489 0.0084296 0.0018423 0.903775 0.000309379 0.000137364 7.50928e-06 0.000129398 0.0015605 8.80864e-05 0.00173842 0.000631017 
0.000102048 9.52499e-05 3.81612e-06 0.00533192 2.1741e-05 0.0225004 0.0128497 0.00584144 0.000110259 0.0313665 6.79039e-06 1.28476e-05 3.83216e-05 0.0366663 0.00501897 0.000620547 0.819647 0.00389973 5.75486e-05 0.0015261 2.43104e-05 0.000683219 0.00239403 0.0511384 4.27499e-05 
0.0145498 0.0301309 0.000340023 0.00399061 0.00100758 0.0155528 0.029467 0.00229147 0.000170307 0.0444121 9.59219e-05 0.0409819 0.000154113 0.0616643 0.034961 0.019403 0.370029 0.134051 0.0188609 0.00211609 4.28192e-06 0.0300587 0.0122912 0.130254 0.00316118 
0.000124473 0.00105183 0.000134008 0.100948 0.0175673 0.126748 0.0348796 1.13447e-07 0.000381856 0.100212 0.00801734 0.00285599 9.55957e-05 0.159196 0.0087778 0.00136863 0.281108 0.0238642 0.00871809 0.003713 1.21107e-06 0.0422988 0.000994307 0.0730727 0.00387061 
0.00014713 0.00200264 1.83114e-07 0.0030923 0.00228665 0.0359414 0.0130786 0.0257149 0.000177178 0.116148 2.48696e-06 0.0100022 0.000105945 0.078298 0.0622623 0.0439265 0.458416 0.00139596 0.00371337 0.0547604 7.43941e-05 0.0159887 0.00377727 0.0659709 0.00271698 
0.0605389 0.0159359 2.44528e-05 0.0640131 0.0046549 0.170374 0.00529 0.0114397 0.000228149 0.00530325 1.02994e-08 0.0474772 0.00184782 0.0105877 0.00282325 0.019914 0.317248 0.00234204 0.136489 0.00498836 0.00289672 0.00804778 0.0673721 0.0401633 8.81255e-07 
0.00259706 0.000792593 6.69028e-07 0.0594218 4.66318e-05 0.0223438 0.000184969 0.000176707 0.000601164 5.30357e-06 7.72391e-07 0.0235163 0.0114274 0.127227 1.61403e-05 0.00171528 0.699421 0.0234594 0.00480964 8.4845e-05 4.9923e-05 0.00439724 0.000124577 0.0175699 1.0262e-05 
1.17298e-05 5.72848e-05 9.0259e-06 0.00353156 2.736e-05 0.0146294 0.0182443 0.0520378 0.00262319 0.00170049 3.15138e-10 0.00217193 0.000669241 1.09701e-06 0.00143453 4.75328e-05 0.635195 0.00537383 0.0359801 0.000520575 0.210335 0.00891137 0.00526502 0.0011024 0.000120199 
1.10656e-07 0.000571268 1.84458e-05 0.00209928 0.000722665 0.0887675 0.00398049 2.32196e-07 0.0002086 0.00874491 2.0365e-10 0.00323247 0.000896325 0.00349601 0.00709722 0.00337335 0.848932 0.0116161 0.00254975 0.00406824 2.7021e-05 0.00188514 0.00145748 0.00582491 0.00043065 
0.000101727 0.000101758 0.000101622 0.000101767 0.00010175 0.000101792 0.000101763 0.00010164 0.0611639 0.000101784 0.000101595 0.000101777 0.000101657 0.000101774 0.000101788 0.0408123 0.895786 0.000101741 0.000101778 0.000101743 0.000101652 0.000101771 0.000101759 0.000101788 0.000101706 
0.000562414 0.00262293 0.00447032 0.0527957 0.00100022 0.123923 0.0141659 9.53264e-07 4.81837e-06 0.100259 9.3884e-10 0.00872462 8.62661e-05 0.135311 0.0684402 0.00766836 0.162611 0.00107007 0.00597259 0.0925605 2.11393e-07 0.118934 0.0153448 0.0834362 3.5023e-05 
2.84079e-07 0.00323484 4.74682e-05 0.00654101 0.00130291 0.0152643 0.0156043 0.0447673 0.00142946 0.0718266 8.51745e-10 0.00468619 0.00131863 0.0112513 0.00583976 0.0680325 0.476049 0.0791205 0.00129136 0.0274146 0.00026275 0.0127298 0.000665044 0.0655546 0.0857656 
0.00030967 0.0311363 0.000241178 0.00272249 0.0010533 0.07153 0.00437423 0.000966472 0.00286551 0.00711475 3.27145e-06 0.00185975 0.00060632 0.01292 0.0150457 0.00530035 0.785978 0.00950149 0.0022713 0.00312738 0.00100046 0.0144812 0.00152792 0.0182618 0.00580122 
0.000285487 0.00293674 6.8933e-06 0.00781965 0.0350938 0.190478 0.00880045 0.000111639 8.08951e-05 0.00888239 1.64096e-09 0.00209509 0.0066597 0.048944 0.0332663 0.0343635 0.395108 0.0243758 0.0725778 0.00433435 0.000799736 0.00661243 0.0661858 0.0500438 0.000138004 
9.71972e-08 3.3339e-07 6.41173e-11 1.37043e-06 0.0320476 1.43848e-06 0.00588535 2.59335e-07 1.45249e-07 0.0880167 7.40233e-11 6.53777e-08 5.15851e-11 0.0800712 0.00133829 0.0404147 0.571139 3.06767e-07 3.78912e-07 1.40749e-07 5.34294e-11 0.147852 0.00744761 0.0257821 3.42116e-11 
4.67677e-05 0.0504313 5.20599e-05 0.00316158 0.00313422 0.152889 0.00198213 1.72132e-05 5.74506e-05 0.0176847 6.5691e-06 0.00273256 0.00166174 0.165991 0.0580813 0.0453937 0.310049 0.0120284 0.0272606 0.000466814 3.95022e-05 0.00245066 0.0332589 0.109091 0.0020322 
0.00033064 0.000624187 4.59513e-06 0.00247854 0.0162754 0.265324 0.0516495 3.50192e-07 0.000104003 0.0301187 1.27391e-05 0.00482952 0.00150569 0.0663004 0.0213861 0.0136205 0.343218 0.0297884 0.0228465 0.0171871 5.95423e-07 0.0174663 0.0799986 0.0127415 0.00218763 
0.00127234 0.0138712 4.10846e-09 0.0119844 0.0560605 0.038433 0.0257306 0.00154926 4.25788e-05 0.0513396 4.61615e-10 0.0287992 1.47827e-05 0.0694964 0.0478259 0.0343131 0.317717 0.0199031 0.0452831 0.0231041 6.90597e-08 0.0346988 0.0145629 0.148259 0.015739 
5.38043e-07 0.00196988 3.268e-05 0.0556618 0.0171804 0.0441324 0.00978218 6.86092e-08 0.000347003 0.0623301 3.07645e-11 9.02727e-08 4.01809e-07 0.0487192 0.125001 0.0485202 0.553874 0.000784844 0.000801099 0.00132807 2.59738e-08 0.0108756 0.00289167 0.0136454 0.00212078 
0.00342267 0.00183758 1.50871e-05 0.00619541 0.0154554 0.160165 0.010578 0.000762706 0.0128182 0.0315666 3.37109e-05 0.0106686 0.000208132 0.014631 0.113283 0.0283015 0.370105 0.0106492 0.123573 0.00610234 0.000274996 0.0205244 0.0183583 0.0395468 0.000923674 
0.0016242 0.000250296 1.29444e-05 0.00266237 0.000911978 0.0266835 0.00288453 9.76369e-05 2.06705e-05 0.00316693 1.67806e-06 0.000549346 0.00183601 0.00206167 0.00302834 0.000814009 0.851447 0.00139224 0.0281254 0.00175356 6.58453e-05 0.000555163 0.0114949 0.0544694 0.00409088 
0.000194433 0.000677482 0.000525324 0.00109547 0.00126792 0.034955 0.0255489 0.0109714 0.000318618 0.0659899 3.20166e-05 0.0150049 0.00019051 0.0110093 0.00252966 0.0134128 0.757769 0.0058496 0.000649624 0.000597773 0.000163282 0.0249134 0.00178202 0.0239799 0.000571844 
2.78614e-05 0.0163156 5.68987e-08 0.00178403 0.00915995 0.126856 0.00718867 0.165779 0.00180608 0.00770683 1.50612e-10 0.00191988 0.0012513 0.0190886 0.0417694 0.0212523 0.335091 0.0199781 0.00980753 0.00762684 2.92477e-05 0.108483 0.0146327 0.0817541 0.000691725 
0.00058814 0.00031052 0.000355436 0.00606463 0.000327571 0.0177055 0.00339206 0.00112505 1.26177e-05 0.0111962 2.119e-06 0.000240181 0.000792442 0.00776857 4.10131e-05 0.0115988 0.822065 5.25705e-05 0.100215 8.88026e-06 1.44192e-05 0.00212453 0.00389232 0.0100409 6.56864e-05 
6.86828e-10 0.0796931 2.13685e-07 0.000336186 1.50429e-06 0.0188455 8.0533e-07 2.16718e-07 0.000181278 0.00257144 1.9359e-09 0.0177672 1.39432e-06 0.135203 1.90565e-06 0.00182375 0.508736 0.000647276 9.87385e-07 0.000621397 0.00626668 0.000528433 7.906e-07 0.226599 0.000171872 
6.37734e-06 0.00076962 0.000134037 0.00209224 0.000251465 0.00822358 1.27954e-07 0.00122659 1.66543e-05 1.74213e-05 6.99588e-07 0.00093852 4.81033e-05 0.00564369 0.00339387 0.0001413 0.95974 0.00272976 0.00159945 0.000132639 1.18348e-05 0.000178982 7.07238e-05 0.0126315 3.23331e-07 
0.00229458 0.000644005 4.32792e-07 0.00775628 0.00868716 0.0104711 0.0200049 1.51449e-08 4.79397e-05 0.00125668 1.94573e-08 8.80812e-05 0.000266361 0.00690329 0.0167842 0.00366164 0.479499 0.00363157 0.047474 8.26927e-05 1.92991e-06 0.000732392 0.384705 0.0046443 0.000362175 
0.000295079 0.00359203 3.69227e-05 0.000852373 0.0010571 0.101828 0.00131155 0.00051814 4.04238e-05 0.0130215 4.50261e-07 0.00355286 0.00024987 0.00125812 0.0786011 0.00520086 0.722045 0.00131187 0.0494702 4.26357e-05 0.000130081 0.00102692 0.011817 0.0026015 0.000138509 
0.00199329 0.0043288 3.90064e-07 0.0170452 0.00107528 0.103216 0.00272698 0.000239338 0.000145853 0.0336858 3.31789e-05 0.00572509 0.000743621 0.0686837 0.0455157 0.201593 0.360641 0.0164826 0.0748665 0.000364434 0.000423835 0.0130491 0.00282115 0.0411957 0.00340419 
0.000172959 0.0132718 3.49521e-06 0.0163787 0.00368336 0.251858 0.0177397 0.00110952 0.000454719 0.0551991 5.41738e-08 0.0119329 0.00026678 0.0330343 0.0525764 0.0246663 0.273524 0.00979368 0.100255 0.00838549 6.82094e-05 0.0647378 0.04376 0.0158687 0.00125934 
4.84521e-05 0.0017349 1.12153e-06 0.0131729 0.00397058 0.298517 0.00576169 0.00303302 0.000479692 0.00486171 6.94746e-11 0.00549714 0.000195531 0.0103341 0.0396457 0.0331093 0.392636 0.00937939 0.0352039 0.00121051 0.0470075 0.00223683 0.0713726 0.0174912 0.00309974 
1.45678e-10 0.173233 3.55662e-10 0.00676078 2.9489e-06 4.06593e-06 6.99194e-06 3.19606e-10 5.45233e-07 2.46155e-06 4.10611e-10 1.53158e-06 0.118708 0.0102661 2.33969e-11 1.65577e-07 0.549197 1.52317e-06 4.77114e-07 0.00551246 2.96376e-10 2.46858e-06 8.2949e-11 0.136296 3.89054e-06 
0.00139284 0.000503896 0.00034081 0.0181142 0.00720895 0.0801915 0.0785895 0.0126621 0.000412253 0.0587136 2.42163e-06 0.00087464 8.48064e-05 0.00620916 0.00662503 0.00862756 0.565619 0.0643073 0.00403989 0.0010281 2.29626e-05 0.0363156 0.00740521 0.00525164 0.035457 
0.00518309 0.00863838 2.14874e-07 0.00693398 0.0441979 0.011292 0.0343105 8.88861e-09 1.61864e-05 0.295832 1.14196e-08 0.000182599 0.0056152 0.017766 0.00604413 0.00186428 0.41771 0.00162882 0.027104 0.000340126 0.00363096 0.0220573 0.00296153 0.0784139 0.00827683 
0.000924233 0.0102032 0.000130276 0.0319923 0.00467626 0.0525555 0.00176018 0.0113889 0.000323096 0.0121843 3.87437e-07 0.00361287 0.000166232 0.0540091 0.021821 0.0210686 0.584823 0.00678526 0.001265 0.00804537 1.14193e-05 0.0345161 0.000136771 0.129607 0.00799286 
1.75386e-05 0.00160976 4.00138e-06 1.38667e-07 0.000223176 0.126337 0.00234173 6.61711e-07 3.45274e-05 0.00183359 8.80789e-06 0.000496683 7.5394e-06 0.0185185 0.0400344 0.00820367 0.769927 0.00669265 0.000201744 0.000396957 2.85675e-05 0.0067631 8.55423e-05 0.0159681 0.000264427 
3.23881e-11 5.33166e-06 4.27074e-07 1.95812e-06 3.02877e-06 0.0400355 1.62128e-06 0.000520655 0.000819354 1.64399e-06 9.12897e-11 6.63711e-06 2.80559e-06 0.00622034 3.83787e-06 1.16467e-06 0.952334 2.93381e-06 1.98823e-06 1.25826e-05 1.55111e-05 1.43838e-06 1.59154e-06 3.6312e-06 2.3248e-06 
0.000270395 0.0502906 5.02262e-06 0.00957919 0.000498169 0.0436371 0.0416258 0.0132624 0.000485108 0.00950404 3.62276e-07 0.0216741 0.00114074 0.00909146 0.0227247 0.0864696 0.290254 0.0195866 0.00621431 0.0156741 3.51833e-05 0.00915701 0.000640967 0.0685734 0.279605 
0.00203116 0.0134413 0.000194064 0.00110654 0.00537469 0.1725 0.00152714 0.000103515 9.27718e-05 0.0653396 0.0186546 0.00181328 7.08958e-05 0.0289769 0.0198757 0.0320056 0.537713 0.0413696 0.0102921 0.00219382 3.50025e-09 0.016623 0.00215249 0.0265338 1.41812e-05 
0.00141362 0.000536517 7.51114e-06 0.000964404 0.0734826 0.106646 0.00551202 0.00429336 0.00105929 0.0261374 1.52592e-09 0.000669299 9.07695e-06 0.0173411 0.0164066 0.0150241 0.603612 0.00440883 0.105358 0.00391405 0.0010706 0.00594142 0.00227931 0.00303587 0.000876976 
0.000262901 0.00144732 5.38957e-05 0.00277224 0.000250596 0.153956 0.00491154 1.02294e-05 1.51359e-05 0.0267118 0.0456417 0.00594426 0.000284729 0.11004 0.039707 0.0186035 0.426378 0.000728922 0.0076931 0.00747066 2.83258e-05 0.0159802 0.0959279 0.0350753 0.000104323 
0.00444329 0.0216051 1.13356e-05 0.0124186 0.000145249 0.133966 0.0042655 0.00459539 9.65244e-06 0.0360173 1.28907e-05 0.000419627 0.00145111 0.0373585 0.0391734 0.0202535 0.530379 0.0033963 0.00466052 0.000198947 0.000722961 0.0222726 0.000599899 0.12063 0.000994287 
7.90088e-07 0.010594 2.79571e-05 0.0028678 0.00139977 0.101778 0.000682115 0.0471491 0.000263537 0.0238956 6.78359e-07 0.00340676 0.00043104 0.023847 0.00576619 0.0247109 0.636856 0.00529881 0.0247559 0.0119867 6.9813e-05 0.00247526 0.00020981 0.0577505 0.0137757 
5.56362e-08 0.00320443 2.50403e-06 0.0010717 0.0014898 0.383798 0.000720128 1.05957e-05 0.000135403 0.000917393 6.79112e-11 0.00295519 0.000108367 0.0210625 0.0264938 0.00370514 0.422185 0.00185459 0.034781 0.000535836 0.00809249 0.00053537 0.0681638 0.0181459 3.07822e-05 
2.11022e-06 2.69897e-08 1.41922e-10 1.60382e-07 1.11301e-05 0.0169391 0.00598425 3.63486e-06 4.83673e-08 0.0217817 1.63849e-10 0.00248629 1.14183e-10 0.00967408 4.2481e-07 5.10952e-07 0.90922 0.015877 5.45981e-07 1.22772e-06 2.01169e-07 1.58261e-06 6.45479e-07 0.0163787 0.0016364 
0.011354 0.0079751 0.000807192 0.0228554 0.0182162 0.115579 0.00472789 0.000582668 0.000173838 0.0672077 3.08188e-06 0.0101999 0.00178458 0.0638902 0.107786 0.112614 0.222742 0.00345463 0.110343 0.00176583 0.000212961 0.0360625 0.0255398 0.0512631 0.0028592 
5.27853e-05 0.00968868 1.08296e-06 0.000221671 0.000630429 0.0736679 0.0633683 2.396e-06 1.67841e-05 0.0112029 8.75172e-05 0.0104373 0.0593037 0.0265146 0.0639627 0.0234853 0.533082 0.00366708 0.00608747 0.016926 5.34568e-06 0.0130343 0.000559191 0.0834181 0.000576796 
0.00128669 2.68515e-06 4.36592e-09 1.06455e-05 0.010753 1.11857e-05 1.76193e-05 0.000220199 7.43584e-10 0.0127523 5.04045e-09 2.22208e-06 3.51257e-09 0.0065806 5.40533e-06 4.8394e-06 0.964213 0.00406049 4.13122e-06 1.95443e-06 3.63815e-09 2.33611e-05 4.21882e-05 7.35658e-06 2.32956e-09 
7.20854e-07 1.38815e-09 5.84684e-09 1.43246e-06 1.66014e-09 5.54141e-07 1.2346e-09 2.41741e-05 4.28297e-06 5.4171e-10 6.75017e-09 7.84341e-10 4.70404e-09 8.71017e-10 1.15774e-07 0.000770577 0.999169 3.91415e-06 7.39877e-10 1.8872e-09 1.5596e-05 9.61631e-10 1.36363e-09 4.04365e-10 9.36237e-06 
5.37259e-05 0.0117297 1.51093e-08 0.000337238 0.000312464 0.0071643 0.00912009 2.66909e-05 0.00070834 0.0106133 1.74437e-08 3.99576e-05 1.21561e-08 0.207712 0.0558476 0.0645813 0.518331 0.027025 0.000449761 8.16005e-09 0.000144508 0.00685284 0.00202134 0.00284906 0.0740791 
2.06331e-05 0.00111488 6.56946e-06 0.000695382 8.42124e-05 0.0257903 0.0411486 0.000142963 7.58606e-05 0.00830138 2.02854e-07 0.00084012 0.000135338 0.00299489 0.0084296 0.0018423 0.903775 0.000309379 0.000137364 7.50928e-06 0.000129398 0.0015605 8.80864e-05 0.00173842 0.000631017 
