3.68321e-05 0.000401641 1.72213e-08 0.0096914 0.072014 0.0994201 0.0113138 7.28668e-12 1.19471e-05 0.0100384 8.34877e-09 0.00433956 5.73731e-05 0.00641284 0.30704 0.0199026 3.06094e-08 0.000154413 0.389336 0.00339704 1.26857e-08 0.00754763 0.034776 0.0241074 1.4488e-06 
0.00221444 0.000901067 0.000102205 0.00407914 0.0561662 0.0995925 0.0189395 0.00775041 3.9451e-05 0.0438671 1.1346e-05 0.0051223 0.0132182 0.00493445 0.0962183 0.00928265 0.0555242 0.000768941 0.563788 0.000663405 5.8602e-05 0.00437154 0.00933979 0.00276464 0.000281773 
0.00540566 0.00414887 0.000118469 0.0627816 0.186555 0.0651466 0.0527225 0.00548691 0.000261431 0.0131975 1.27531e-06 0.00484452 0.00120773 0.0300175 0.0315951 0.033706 0.12207 0.0376205 0.230706 5.23464e-05 0.00168107 0.0547062 0.0243973 0.007579 0.0239918 
0.00929752 0.00224465 3.72367e-06 0.00374242 0.00845663 0.00092516 2.54216e-05 8.13608e-07 1.90643e-05 0.317224 1.04528e-06 0.000821055 0.00020261 0.00314849 0.00214786 0.00515875 0.00362035 0.00180972 0.627275 0.000107164 3.18721e-06 0.002052 0.0024408 0.00922297 4.96922e-05 
0.00286822 0.000346884 2.21693e-05 0.000508374 0.190762 0.156628 0.111348 4.89401e-10 0.000188516 0.012856 4.28765e-06 0.00664744 0.0503912 0.00651901 0.0619697 0.00187376 0.0378389 0.000507095 0.216782 0.000449643 1.03009e-08 0.0981368 0.0198477 0.0233726 0.000131098 
0.00569225 0.0062052 2.17053e-06 0.076263 0.0190648 0.0514155 0.0219952 0.00414191 0.001589 0.0106968 9.83833e-08 0.0144804 0.000335288 0.00498781 0.158539 0.0101932 0.120614 0.00785174 0.267859 0.00154741 0.176553 0.000676353 0.02794 0.0112292 0.000127556 
0.00301446 0.004218 0.00140877 0.0357427 0.0314011 0.271862 0.0452187 0.000869839 0.00352365 0.0380083 2.30525e-07 0.0113274 0.0034811 0.00604222 0.0903519 0.0106742 0.0440526 0.00440398 0.303005 0.00503387 6.07843e-05 0.0183279 0.0552736 0.0124126 0.000285361 
0.0744269 0.0675856 1.75043e-06 0.018588 0.020891 0.015281 4.40254e-07 1.29302e-08 2.45066e-09 0.0330969 1.6612e-08 0.218276 8.58266e-07 0.00577391 0.0246286 0.0809586 0.0028004 0.000623254 0.306976 1.66598e-05 1.19904e-08 0.041747 0.00292126 0.0854038 1.55487e-06 
0.0255576 0.00990122 0.000116241 0.0803505 0.0379575 0.140367 0.00270827 9.92689e-05 0.001962 0.0960269 1.69748e-05 0.00521484 0.00134406 0.0329373 0.184198 0.0350932 0.0573653 0.00945226 0.192981 0.00203497 0.000216564 0.0205496 0.0339729 0.0287191 0.000856749 
0.0130153 0.00107908 0.000397882 0.0163314 0.0498695 0.0911625 0.217956 1.47531e-11 6.10131e-05 0.0234823 0.000393439 0.000558886 0.0046304 0.00103129 0.0266331 0.00242715 0.00643607 8.87697e-05 0.485891 0.00155415 6.94065e-06 0.0255284 0.0230931 0.00671522 0.00165792 
6.47747e-06 1.85361e-05 4.55683e-05 0.00713835 0.00245082 0.0088568 0.00431051 5.3952e-11 1.34041e-06 0.00027352 1.44802e-08 5.74324e-05 5.66694e-05 2.18532e-05 0.164981 0.00172812 0.000364849 0.000633913 0.79462 0.000867454 6.85751e-07 0.00225002 0.0090523 0.000252893 0.00201102 
0.0152357 0.0011109 0.0189769 0.00148641 0.0642497 0.0914473 0.0343155 7.1979e-05 0.000391772 0.0252271 5.98473e-08 0.00013686 0.00044806 0.0115931 0.0678033 0.0486226 0.0171019 0.00692875 0.397972 0.000385126 7.92186e-07 0.166379 0.0115712 0.0184312 0.000112885 
0.000211367 7.27479e-05 5.83586e-06 0.0164283 0.0488092 0.0458616 0.000321959 9.26055e-06 3.11068e-05 0.0140641 4.55456e-06 0.00769005 1.44918e-05 0.000627776 0.0864423 0.000902386 5.00327e-05 0.000952603 0.734701 0.00345417 4.29935e-06 0.0324836 0.00230206 0.00454539 9.91644e-06 
0.0648404 0.000289462 7.70999e-05 0.00306398 0.0773676 0.105845 0.0309667 0.000995589 0.000144499 0.103572 1.78341e-09 0.000527541 2.9562e-05 0.0156026 0.0673788 0.0288861 0.00801037 0.00653352 0.300188 0.00592769 4.24925e-05 0.133173 0.0328459 0.0136631 2.87003e-05 
0.00712771 0.028263 0.00113184 0.0620473 0.00511221 0.165897 0.0101694 0.000285034 0.000642862 0.0236566 2.19583e-06 0.00341407 0.00241605 0.0146795 0.214251 0.0253894 0.061502 0.00131947 0.231953 0.000634631 0.00499352 0.0512632 0.0464348 0.0366712 0.000742865 
0.0164333 0.00037577 3.05468e-05 0.131741 0.0192521 0.0575183 0.00192098 0.00110046 4.78787e-05 0.201248 2.84709e-09 0.00583407 0.000107729 0.0375621 0.0749904 0.0487952 0.0143588 0.000530662 0.220846 0.018646 7.03371e-06 0.0603503 0.00345597 0.0678631 0.016985 
0.000497531 0.000110664 2.9615e-07 0.00932706 0.0458116 0.124462 0.00115547 1.50075e-06 2.59992e-05 0.0421707 9.65113e-05 0.00295891 1.4237e-05 0.00541738 0.0982462 0.00137596 0.0287228 0.0017342 0.583603 0.000754328 3.37623e-06 0.0344176 0.00694313 0.0121013 4.82722e-05 
0.0011076 0.00702413 6.19938e-05 0.170182 0.144477 0.0889518 0.000509446 4.10741e-07 3.40648e-06 0.0286285 4.45941e-11 0.000428532 1.92149e-05 0.00962582 0.130442 0.0129933 0.00296732 0.0030121 0.264986 1.39722e-06 1.1698e-05 0.00498232 0.0614976 0.0659976 0.00208777 
0.0011076 0.00702413 6.19938e-05 0.170182 0.144477 0.0889518 0.000509446 4.10741e-07 3.40648e-06 0.0286285 4.45941e-11 0.000428532 1.92149e-05 0.00962582 0.130442 0.0129933 0.00296732 0.0030121 0.264986 1.39722e-06 1.1698e-05 0.00498232 0.0614976 0.0659976 0.00208777 
0.000497531 0.000110664 2.9615e-07 0.00932706 0.0458116 0.124462 0.00115547 1.50075e-06 2.59992e-05 0.0421707 9.65113e-05 0.00295891 1.4237e-05 0.00541738 0.0982462 0.00137596 0.0287228 0.0017342 0.583603 0.000754328 3.37623e-06 0.0344176 0.00694313 0.0121013 4.82722e-05 
0.0210569 1.8696e-05 8.55278e-06 0.00411315 0.064127 0.10538 0.0501844 1.65918e-10 0.00366605 0.234523 9.00855e-10 6.06779e-05 3.65183e-05 0.000291964 0.023388 0.0842523 0.000818472 5.77542e-05 0.238025 0.00131822 2.06407e-07 0.155511 0.0112351 0.00186923 5.82734e-05 
0.000106558 0.000266579 8.20046e-07 0.0166419 0.0226076 0.144641 0.000769638 2.33676e-05 6.47097e-05 0.03742 4.65289e-07 0.00230069 0.000263195 0.0146246 0.0750394 0.0483372 0.154909 0.000739062 0.284901 0.00414456 3.63515e-05 0.0129557 0.170209 0.00891636 8.00129e-05 
0.00173178 0.00303053 0.000253439 0.00166416 0.19872 0.0768867 0.00179036 1.58699e-07 0.000245691 0.00832175 1.48886e-09 0.000371605 8.11014e-05 0.0255923 0.00273698 0.00492119 0.166019 0.00525739 0.344474 1.74736e-05 0.000103616 0.00356439 0.0906784 0.0634252 0.000111709 
0.000363207 0.000470162 2.22442e-08 0.000296841 0.00400982 0.255962 2.23107e-10 2.85451e-08 1.39815e-05 0.00433112 2.23037e-08 0.000255981 3.07718e-05 0.0041697 0.0784309 0.0301297 0.159118 0.00184848 0.384133 4.399e-05 4.50499e-06 0.000191192 0.0751537 0.000984357 5.8575e-05 
0.0123378 0.000866366 0.000214048 0.0178965 0.226307 0.0445336 0.00680726 2.3085e-10 1.14044e-05 0.135137 1.01009e-06 2.46109e-05 0.00045129 0.00351834 0.151936 0.0178712 0.0277633 0.00398155 0.291956 4.2297e-05 1.87944e-05 0.00809776 0.045378 0.00448793 0.000360749 
0.0268121 0.0142859 0.00399549 0.0224473 0.0182741 0.0624224 0.0216138 0.000206682 9.38507e-05 0.0951747 0.00481377 0.00669146 0.00535969 0.0457302 0.131981 0.0202171 0.0611078 0.00859888 0.226907 0.00137366 3.57221e-06 0.147953 0.00679989 0.0653631 0.00177432 
9.86863e-05 0.0133184 2.73949e-06 0.0179628 0.00104788 0.0557359 0.0051491 1.19507e-07 0.00674506 0.0769154 1.43457e-06 0.0302398 0.00131364 0.0141112 0.195134 0.0489555 0.00056875 0.0035993 0.427824 0.00173929 7.58817e-11 0.0327977 0.00227371 0.0644613 4.48795e-06 
0.0424629 0.00124633 0.00029921 0.0132226 4.49801e-05 0.0423994 9.81571e-07 5.17791e-10 0.00274535 0.00477646 3.08632e-08 0.000459995 2.14903e-05 0.103703 0.115105 0.00452645 0.0263589 9.9474e-05 0.608855 1.76125e-05 3.13173e-05 0.00860562 0.00311482 0.0197205 0.00218261 
0.0158708 0.00045693 0.000174393 0.0123585 0.0703926 0.0325143 0.00235404 0.0274683 0.000280217 0.025635 5.54995e-08 6.4488e-09 2.85671e-06 0.000663673 0.0051016 0.00794737 0.000685301 7.05471e-06 0.698631 0.000670732 1.15205e-05 0.0343334 0.0588707 0.0050594 0.000510531 
0.0408437 0.000673074 0.00022665 0.0879677 0.0197479 0.101639 0.164944 0.000115913 0.000112009 0.132332 0.000306146 0.00171625 0.0146342 0.0135374 0.0287251 0.00380068 0.0616871 0.0125713 0.188635 0.000234975 3.10049e-06 0.0667735 0.0163587 0.012112 0.0303014 
0.00321513 0.000117547 3.54788e-08 0.000192746 0.107914 0.0161139 0.0402803 8.38777e-07 0.000575049 0.0300717 4.09603e-08 0.00041145 3.42741e-06 0.00403495 0.00108946 0.012276 0.0125503 0.000858893 0.660451 7.30285e-05 0.0840003 0.0235609 0.00128826 0.000920766 1.89307e-08 
0.000497531 0.000110664 2.9615e-07 0.00932706 0.0458116 0.124462 0.00115547 1.50075e-06 2.59992e-05 0.0421707 9.65113e-05 0.00295891 1.4237e-05 0.00541738 0.0982462 0.00137596 0.0287228 0.0017342 0.583603 0.000754328 3.37623e-06 0.0344176 0.00694313 0.0121013 4.82722e-05 
0.000497531 0.000110664 2.9615e-07 0.00932706 0.0458116 0.124462 0.00115547 1.50075e-06 2.59992e-05 0.0421707 9.65113e-05 0.00295891 1.4237e-05 0.00541738 0.0982462 0.00137596 0.0287228 0.0017342 0.583603 0.000754328 3.37623e-06 0.0344176 0.00694313 0.0121013 4.82722e-05 
0.00210699 0.000858723 0.0048186 1.05342e-05 0.000118513 0.147753 0.019988 4.12085e-05 6.42014e-05 0.0004813 2.70589e-06 0.0064885 0.0230732 0.034264 0.00273499 0.0065202 0.0238846 0.00078947 0.302563 7.07772e-05 4.4258e-05 0.0166463 0.1408 0.265848 2.89732e-05 
2.93399e-05 0.0292907 5.90274e-05 0.0029142 0.00227431 0.000106994 0.00470294 0.000237833 3.31838e-06 0.0176346 2.29274e-08 2.66407e-09 0.000931585 0.0219849 0.0298842 0.00765422 0.156071 3.35053e-05 0.678638 0.00120699 0.000229009 0.017662 0.0250328 0.00294135 0.000477432 
0.0142814 0.0101242 0.00106963 0.0193093 0.0133596 0.196493 0.0303439 0.00687581 3.10939e-05 0.0317552 8.02507e-05 0.0142222 0.000579314 0.0380431 0.150377 0.0182999 0.0143418 0.00699242 0.236417 0.00484174 2.77359e-05 0.00967111 0.110422 0.071451 0.000590109 
1.9776e-06 5.09683e-05 4.82365e-08 0.00529798 0.000102893 0.0110129 0.000123653 5.68826e-06 3.07452e-05 0.00562194 5.5689e-08 0.000572708 0.000573616 0.000425409 0.0189313 0.000374846 0.30119 0.000597447 0.621541 0.000271474 3.98229e-07 0.0054108 0.0274283 0.000430024 4.35289e-06 
0.0103721 0.00130387 1.78887e-05 0.00210809 0.205424 0.110055 0.0129299 4.96414e-09 1.22087e-05 0.0328896 3.40147e-09 0.00291074 4.26905e-05 0.000845559 0.0502334 0.0587471 0.00180667 7.80798e-05 0.439574 0.000887667 3.27361e-06 0.00399711 0.0636151 0.00212746 1.78802e-05 
0.129478 0.00180145 0.000241581 0.00858328 0.0236263 0.0136304 0.000348199 5.06945e-06 1.51734e-06 0.012087 8.16204e-11 0.0204093 2.91336e-05 0.00141039 0.161157 0.0158433 0.00036081 0.000595742 0.379857 0.00336146 9.28894e-07 0.00180613 0.199832 0.014939 0.0105954 
0.0630982 0.00114311 0.000318211 0.00105657 0.0264687 0.136739 0.151695 9.91032e-08 4.89617e-05 0.0446929 1.50474e-10 0.000222493 1.58195e-05 0.000563464 0.0363644 0.0131987 0.00712587 3.51491e-05 0.304424 6.71184e-05 1.34261e-05 0.0772985 0.127985 0.00742661 1.49937e-08 
0.0895041 0.00123081 0.000125856 0.00348089 0.0244859 0.0588844 0.066084 3.13128e-10 6.67762e-05 0.0413958 5.84643e-07 0.0179752 2.01609e-05 0.0156116 0.0709342 0.105163 0.0677596 0.0421598 0.244361 0.0011149 1.69536e-07 0.0361197 0.0860185 0.0254345 0.00206871 
6.47747e-06 1.85361e-05 4.55683e-05 0.00713835 0.00245082 0.0088568 0.00431051 5.3952e-11 1.34041e-06 0.00027352 1.44802e-08 5.74324e-05 5.66694e-05 2.18532e-05 0.164981 0.00172812 0.000364849 0.000633913 0.79462 0.000867454 6.85751e-07 0.00225002 0.0090523 0.000252893 0.00201102 
3.68321e-05 0.000401641 1.72213e-08 0.0096914 0.072014 0.0994201 0.0113138 7.28668e-12 1.19471e-05 0.0100384 8.34877e-09 0.00433956 5.73731e-05 0.00641284 0.30704 0.0199026 3.06094e-08 0.000154413 0.389336 0.00339704 1.26857e-08 0.00754763 0.034776 0.0241074 1.4488e-06 
0.00842572 0.00146691 1.26846e-05 0.0855933 0.0129295 0.171259 0.0031322 4.13015e-07 0.000751399 0.0336431 0.00191318 0.0176125 0.000927993 0.00375813 0.136109 0.0816224 0.0102332 0.00147198 0.188087 0.000490652 7.60501e-06 0.119922 0.0691667 0.0511041 0.00035909 
0.0039239 6.85576e-05 4.44211e-06 0.00951802 0.0424629 0.0110481 0.00109482 2.55839e-10 3.10241e-06 0.00201831 3.28687e-10 0.000662594 2.85479e-06 0.00224755 0.282089 0.00828439 0.000708672 3.70789e-06 0.633686 1.2848e-05 7.46707e-07 4.55137e-05 0.00165836 0.000425528 3.0067e-05 
6.62297e-06 0.000749681 1.08268e-05 0.00672414 0.000334138 0.118602 0.0133469 1.84711e-06 5.41855e-07 0.0114653 1.80454e-08 9.4607e-08 2.38896e-06 0.00931859 0.00314393 0.0031506 0.381539 0.00628083 0.400267 0.00755576 0.000385268 0.00545987 0.023984 0.0074478 0.000223849 
0.00500473 0.00250251 0.000281289 0.00725732 0.0125878 0.0910302 0.0267406 3.37628e-05 4.72807e-05 0.0557148 6.60289e-06 0.0288673 0.000591105 0.0211833 0.201385 0.0272098 0.0593484 0.00846152 0.256735 0.0072814 6.00328e-05 0.00306041 0.149978 0.0318004 0.00283171 
0.00169996 0.00238402 0.00150577 0.0297112 0.00977712 0.0729137 0.00727109 0.000704162 0.00268985 0.108539 2.66155e-05 0.0210441 0.0142236 0.0262712 0.151461 0.0878177 0.0298863 0.031649 0.173233 0.0019675 2.90526e-06 0.13371 0.0348726 0.054321 0.00231804 
0.000497531 0.000110664 2.9615e-07 0.00932706 0.0458116 0.124462 0.00115547 1.50075e-06 2.59992e-05 0.0421707 9.65113e-05 0.00295891 1.4237e-05 0.00541738 0.0982462 0.00137596 0.0287228 0.0017342 0.583603 0.000754328 3.37623e-06 0.0344176 0.00694313 0.0121013 4.82722e-05 
0.00184099 0.00166319 1.27988e-06 0.0439644 0.020127 0.0155785 0.00271577 0.120305 0.00105247 0.00327776 1.92465e-08 0.024081 0.000452141 0.010685 0.0799158 0.00383513 0.00698274 0.000640266 0.359923 0.000421518 0.256058 0.000952501 0.0389556 0.00565734 0.000912435 
0.00663557 1.81016e-05 9.98256e-06 0.000815886 0.000143411 0.0248381 1.068e-05 2.21783e-08 5.59576e-06 0.0168927 7.01678e-06 0.00311323 0.00937082 0.00843085 0.000434251 0.141572 0.343652 9.40736e-05 0.368351 7.96611e-09 0.000131891 0.0209121 0.0539591 0.00056212 3.91007e-05 
8.02352e-06 4.04582e-05 7.25227e-05 0.00749384 0.00650559 0.0103628 0.00451398 6.30316e-11 1.61877e-06 0.000359918 1.29854e-07 0.000426964 5.89623e-05 5.4744e-05 0.168266 0.00183412 0.000393281 0.000956128 0.773665 0.00234718 1.01345e-06 0.0032936 0.0167292 0.000586987 0.00202817 
0.00755856 0.00499779 0.000653706 0.107554 0.00662408 0.0999721 0.0380749 7.81962e-05 0.0728436 0.079881 0.000617282 0.00292118 0.00482418 0.00875481 0.0537976 0.0308099 0.0230938 0.15303 0.199493 0.00524231 9.83952e-06 0.0246179 0.0302605 0.0406523 0.00363746 
0.00353637 0.000397335 0.000322996 0.0158713 0.0164598 0.0171236 0.00197667 8.68344e-07 0.000642417 0.147026 5.45729e-06 0.00650035 0.000314318 0.00103051 0.180899 0.0126626 0.00393464 0.000755562 0.531062 0.000142356 5.60283e-06 0.0407031 0.0131721 0.00523065 0.000223874 
0.00246422 0.00303554 0.00157249 0.0174388 0.0221661 0.22168 0.00891027 5.73965e-06 0.000547533 0.0288541 4.3209e-10 0.027552 0.000489973 0.0258039 0.148575 0.0445965 0.0141545 0.00912103 0.323817 0.0104427 5.47782e-06 0.00773222 0.0483818 0.0308619 0.00179168 
9.10514e-05 6.67212e-05 3.56358e-06 0.00992209 6.04909e-07 0.0900039 3.02521e-05 1.00618e-09 3.21601e-07 0.0217042 1.29268e-09 8.41624e-08 0.00045685 0.000749097 0.0618285 0.000797593 0.0751547 0.000474832 0.730967 0.00024954 1.12266e-07 0.00160945 0.00564066 0.00024795 1.34615e-06 
0.0026948 0.0139436 0.00031767 0.0159146 0.00627172 0.131187 0.00504993 0.00207081 4.71112e-05 0.0322998 0.000543941 0.0344197 0.0235671 0.0267165 0.130815 0.0459852 0.145228 0.0175246 0.168181 0.00153591 0.000131491 0.0132832 0.145825 0.0353885 0.00105718 
0.00687914 0.0227484 2.70307e-08 0.0125613 0.0571171 0.0083321 0.0171218 0.00034522 0.000329146 0.123819 3.1207e-08 0.00133561 2.83918e-05 0.00848772 0.0141086 0.113576 0.0654863 0.000988114 0.495547 0.000893647 8.09586e-05 0.00120032 0.00661626 0.0408808 0.00151713 
0.00118942 0.00185923 1.01992e-05 0.00218842 0.00317947 0.223119 0.160299 1.91346e-05 2.3346e-05 0.0565755 6.72342e-06 0.0031004 0.00672051 0.0214966 0.0200359 0.0250148 0.099103 0.00179975 0.350238 0.00282857 1.95831e-05 0.010768 0.00482431 0.00490812 0.00067332 
0.00298748 0.00102355 0.000188757 0.0154244 0.0146181 0.128914 0.00171776 2.87609e-07 0.00965293 0.217263 1.27796e-06 0.00184712 0.00163234 0.00852511 0.128467 0.0202962 0.0211661 0.00242191 0.361549 0.0029776 7.23748e-06 0.0290064 0.00921731 0.0206623 0.000432883 
0.00027201 0.00110854 0.00433476 3.42071e-05 0.000576504 0.0820757 0.213567 2.86265e-06 3.71114e-06 0.133746 1.26684e-08 0.00131663 0.000100565 0.014884 0.0310131 0.0161352 0.0228554 0.0146854 0.374484 0.00870528 9.14394e-09 0.0760438 0.000500819 0.00332832 0.00022615 
0.00358545 0.000579017 0.00067897 0.0188573 0.0136819 0.033718 0.00791362 1.50209e-05 0.0107064 0.0277272 0.00594641 0.0102225 0.000546968 0.00322311 0.037861 0.0337136 0.00345333 0.00218976 0.609766 0.00391025 0.0116393 0.0749243 0.0753568 0.00972253 6.10842e-05 
0.000497531 0.000110664 2.9615e-07 0.00932706 0.0458116 0.124462 0.00115547 1.50075e-06 2.59992e-05 0.0421707 9.65113e-05 0.00295891 1.4237e-05 0.00541738 0.0982462 0.00137596 0.0287228 0.0017342 0.583603 0.000754328 3.37623e-06 0.0344176 0.00694313 0.0121013 4.82722e-05 
0.0098035 0.00684849 0.00104811 0.0337902 0.0367423 0.172423 0.103396 1.68123e-05 0.0117858 0.0215876 8.70678e-09 0.0602124 0.000187191 0.0149005 0.056294 0.0787419 0.0235985 0.0170615 0.195421 0.0108966 3.00298e-05 0.0288101 0.0533291 0.0557041 0.00737139 
0.00703166 0.00188129 0.000125059 0.0391949 0.0120226 0.127864 0.00428361 1.29317e-08 0.000168689 0.00442685 1.66139e-08 0.00635113 0.000952771 0.0130199 0.0873607 0.018067 0.0641861 0.000660142 0.408881 0.000423869 1.56894e-05 0.00287042 0.184731 0.0153988 8.34221e-05 
0.00215499 0.0325561 2.69712e-05 0.0019702 0.00491102 0.0803649 0.0027758 0.0301501 9.17023e-05 0.0149414 2.50447e-09 0.000224896 0.00116258 0.00402861 0.122759 0.00157094 0.225128 0.00899047 0.400461 0.00019894 0.00022682 0.00060597 0.0610116 0.00303629 0.000651345 
0.0240647 0.00511889 0.000362348 0.0169506 0.000821915 0.16587 0.00190461 1.52073e-06 0.0101322 0.0136615 4.22971e-11 0.0678307 0.00026151 0.0381614 0.123051 0.102511 0.0141851 0.00577157 0.250942 0.00127401 1.13944e-06 0.0687947 0.0200978 0.0630152 0.00521444 
0.0128391 0.0037917 0.000153657 0.0530744 0.0371589 0.179527 0.00968265 0.000399002 0.000654898 0.0211173 0.000271823 0.0104629 0.00019742 0.00321963 0.0951988 0.0549295 0.0233558 0.00905819 0.379729 0.000836871 1.55096e-05 0.0347155 0.0567954 0.0116107 0.00120456 
0.00960586 0.000167496 1.79977e-09 5.544e-07 0.0089415 0.101962 3.80035e-10 1.61732e-09 3.64285e-06 0.00304807 2.07783e-09 4.0906e-07 9.0763e-05 0.000570075 0.00224293 2.23029e-05 0.00376608 2.35165e-06 0.762495 1.36957e-07 2.98285e-08 9.16544e-07 0.00915557 0.0979034 2.07485e-05 
0.0097176 0.0566258 2.5992e-06 0.0479665 0.00511288 0.0641093 0.00207326 1.77576e-07 0.000644939 0.00161895 1.54789e-05 0.0414704 0.000692339 0.00223636 0.0968788 0.0161426 0.00385552 0.00467192 0.563713 0.00367919 7.44185e-09 0.0541356 0.00448406 0.0201174 3.51072e-05 
0.00837722 0.00524354 4.38502e-05 0.0112713 0.0139957 0.122702 0.0911862 8.71456e-11 0.00457634 0.021731 1.25485e-09 0.012728 0.0423388 0.0880618 0.0439811 0.0962913 0.00657376 0.000525898 0.166909 0.00256664 8.08115e-11 0.0841916 0.0267473 0.149906 5.1024e-05 
0.00650431 0.00415404 3.77717e-05 0.0143206 0.0322639 0.16782 0.0587372 2.96013e-09 0.00323926 0.014604 4.48331e-05 0.0503854 0.00829521 0.133814 0.0547187 0.0741381 0.0086846 0.000439289 0.181579 0.0108491 1.77283e-06 0.0783559 0.0282675 0.0686918 5.31765e-05 
0.000248906 0.0460598 5.17514e-05 0.0197164 0.0141002 0.104548 0.099729 1.30322e-06 0.00636627 0.00270384 2.42442e-06 0.0123376 0.000514416 0.0237632 0.0609738 0.0691757 0.118259 0.0754308 0.154321 0.00279842 7.08385e-06 0.0165417 0.147941 0.0236278 0.000779501 
0.000888658 0.0128511 0.0016122 0.0153225 0.0442594 0.0539701 0.016722 2.2401e-06 0.000655902 0.00543881 1.27325e-08 0.0631053 0.000126196 0.0175022 0.16379 0.088659 0.0265462 0.00774043 0.393529 0.0257471 8.73072e-05 0.00927782 0.0341916 0.0179683 6.33545e-06 
0.000984585 0.000680509 0.000256751 0.0309628 0.00247047 0.030918 0.00671997 4.98296e-07 0.000572153 0.0151073 5.52931e-08 0.00710833 0.00336692 0.00393837 0.0619207 0.0638569 0.00125131 0.0151908 0.451139 0.000404777 4.99052e-07 0.0582711 0.0598091 0.184756 0.000312943 
0.00657883 0.00777399 3.90239e-05 0.0125215 0.0231712 0.130841 0.103896 9.54126e-10 0.00213407 0.0169594 0.00427634 0.0343113 0.0258529 0.0877247 0.0372602 0.107448 0.0529674 0.000290886 0.196649 0.00869718 2.93888e-07 0.0491935 0.0244699 0.0668843 5.90756e-05 
0.0309098 0.0318294 2.05997e-05 0.0278052 0.0438358 0.0609274 0.0209336 0.00404446 0.000268237 0.0420822 1.49995e-07 0.0119151 0.000439259 0.0283546 0.157438 0.0120201 0.0827896 0.00134668 0.380619 0.0152091 3.02411e-05 0.00551675 0.0162598 0.0227993 0.00260563 
0.00352759 0.00466162 0.000672858 0.00877751 0.0146897 0.163565 0.0829385 0.00030156 0.00576063 0.00897615 4.59392e-08 0.0168389 0.00394089 0.00783419 0.0824426 0.00430627 0.093133 0.043894 0.271877 0.0136617 0.0129446 0.0400415 0.0593972 0.0554548 0.000361474 
2.45993e-06 3.59534e-07 1.72355e-08 5.87612e-05 2.44079e-06 3.79943e-05 8.1783e-08 1.54882e-08 1.2979e-06 4.1675e-06 1.98984e-08 3.40797e-07 3.83034e-06 1.84694e-06 1.39585e-05 8.68781e-06 0.336133 0.00174257 0.658414 5.56314e-09 4.62922e-07 1.46639e-06 0.00356709 4.66538e-07 5.43044e-06 
1.34003e-06 0.000521488 1.74694e-07 6.87334e-07 3.60159e-06 0.0821328 1.22919e-11 5.23105e-11 0.000101786 1.3575e-06 6.72055e-11 0.000415663 1.96749e-07 0.00168779 1.84004e-06 5.31496e-07 0.262336 0.000857297 0.608767 1.20269e-07 2.37739e-07 9.57411e-12 0.0423351 2.49647e-08 0.000834581 
3.86205e-05 1.71928e-06 2.01642e-05 0.000235357 0.0295308 0.0340405 3.9892e-06 6.76055e-07 6.94592e-09 0.147585 4.70835e-08 1.96098e-05 3.28114e-08 0.100977 0.00862513 0.00136404 0.0401489 0.000226191 0.563428 1.83127e-07 8.88606e-06 6.1276e-05 0.0735734 0.000107079 3.51074e-06 
0.00583355 1.98879e-07 2.48356e-10 0.000350768 0.149018 0.073175 3.02679e-05 2.23179e-10 2.20337e-07 0.0448945 2.86727e-10 3.33165e-11 1.99813e-10 0.00331642 0.278449 0.0704028 4.88197e-07 6.43632e-07 0.364504 3.53339e-07 2.06957e-10 0.00022839 6.0532e-07 0.00970775 8.74813e-05 
3.68321e-05 0.000401641 1.72213e-08 0.0096914 0.072014 0.0994201 0.0113138 7.28668e-12 1.19471e-05 0.0100384 8.34877e-09 0.00433956 5.73731e-05 0.00641284 0.30704 0.0199026 3.06094e-08 0.000154413 0.389336 0.00339704 1.26857e-08 0.00754763 0.034776 0.0241074 1.4488e-06 
0.0011076 0.00702413 6.19938e-05 0.170182 0.144477 0.0889518 0.000509446 4.10741e-07 3.40648e-06 0.0286285 4.45941e-11 0.000428532 1.92149e-05 0.00962582 0.130442 0.0129933 0.00296732 0.0030121 0.264986 1.39722e-06 1.1698e-05 0.00498232 0.0614976 0.0659976 0.00208777 
0.0131039 0.00534051 0.00396856 0.0375167 0.0865942 0.153449 0.0247533 0.000203357 0.00626712 0.120614 0.00042365 0.0106726 0.00101907 0.0104831 0.148723 0.0694986 0.0162762 0.00276392 0.170465 0.00324379 5.40192e-05 0.0589205 0.0293013 0.024436 0.00190927 
0.000205469 0.0015243 7.02192e-05 0.144015 0.00761404 0.196649 0.0300823 1.16904e-05 0.000940603 0.0114724 1.7035e-06 0.0105283 8.95438e-05 0.0112551 0.088431 0.0635028 0.0876833 0.00283651 0.258484 0.00514178 0.00123154 0.0085878 0.0431282 0.0180387 0.0084748 
0.019558 0.0498387 0.17584 0.00587006 0.0141737 0.00638224 0.00836939 1.93933e-07 1.11457e-08 0.00619463 2.01196e-08 0.0257278 4.61811e-05 0.00331255 0.118059 0.0192313 0.00191273 6.77542e-06 0.390778 0.0126675 0.00128794 0.000211614 0.00127593 0.139232 2.38126e-05 
0.00820042 2.79964e-08 0.000152583 0.00290604 0.00906371 0.00626157 0.00889272 3.37512e-10 1.67633e-08 0.0011361 4.33615e-10 1.63572e-08 9.57943e-08 2.1496e-08 0.0251705 0.000806289 7.01182e-05 9.29714e-08 0.911034 6.84381e-08 1.80037e-06 0.00266423 0.0235615 7.79434e-05 1.18908e-07 
0.00159337 0.00144035 7.28897e-06 0.0161254 0.0108253 0.0139761 0.00274065 0.161945 0.000354037 0.00328277 4.91651e-08 0.022239 0.00065689 0.0297844 0.0548308 0.00417194 0.0421119 0.00575909 0.322169 0.00111152 0.202447 0.00162401 0.0407391 0.0598208 0.000243946 
0.00648824 0.00539886 0.000217154 0.013648 0.0225652 0.215396 0.149247 0.000793556 0.00083831 0.0335087 0.000213626 0.0105135 0.00169645 0.0105297 0.0349254 0.0500928 0.0942287 0.0119437 0.231566 0.00421101 0.000148603 0.0298022 0.0387838 0.032088 0.00115534 
0.00378849 0.001284 8.73864e-06 0.0793339 0.0119851 0.100414 0.00312501 0.000176018 0.00126588 0.0351364 2.06668e-06 0.00982971 0.000411887 0.0195459 0.0491244 0.0337647 0.200623 0.00195934 0.262485 0.00380594 0.0403074 0.0704319 0.0264818 0.0395767 0.00513203 
4.7715e-10 5.90864e-07 1.16492e-09 5.31648e-06 0.0204914 0.0144153 0.000677785 1.04683e-09 3.88601e-08 0.0452581 1.3449e-09 2.76758e-07 1.2005e-06 0.016884 0.0481176 0.0154666 0.00361035 0.00483914 0.747755 1.18642e-06 0.00021823 0.00745959 0.000546006 0.0742524 6.21578e-10 
0.0175518 0.000626715 6.72746e-06 0.0515228 0.00540531 0.126986 0.0377728 2.38122e-08 0.00266 0.0980074 2.66395e-05 0.000647429 0.000103973 0.00119732 0.117646 0.0414256 0.0566845 0.000680704 0.239551 0.00122328 2.41404e-06 0.0763405 0.0368099 0.0869368 0.000184245 
0.000526204 0.00177554 6.14896e-05 0.00867346 0.00227929 0.165471 0.00144861 2.34833e-08 4.48772e-05 0.017399 3.017e-08 0.000747722 0.000596623 0.00163411 0.107208 0.00786526 0.00519757 0.00401004 0.531004 0.00160715 4.93954e-05 0.00527538 0.131153 0.00582679 0.000146328 
0.00614422 0.00012212 1.83144e-07 0.00342127 0.0182021 0.036672 0.037869 5.08904e-10 1.46206e-05 6.39544e-08 6.5381e-10 0.000122795 0.00215602 0.0984632 0.0246062 0.00755041 0.110833 0.0800453 0.392662 1.05785e-07 0.000829054 0.0982458 0.0815117 9.04319e-06 0.000520468 
0.00337958 0.00223083 0.0219849 0.0174009 0.0406747 0.112103 0.00375909 8.43512e-09 5.22512e-05 0.0745455 0.00938282 0.00426222 0.000225191 0.0205368 0.0169929 0.0506915 0.0250918 0.00508064 0.42766 0.000543583 1.80584e-06 0.00967827 0.12704 0.0261452 0.000536708 
8.15132e-08 0.00061609 2.35648e-05 0.00273521 5.65058e-08 0.0209625 0.000124871 1.78833e-07 7.48792e-06 0.149796 2.29754e-07 0.000140071 1.11637e-05 0.0712952 0.035168 2.26803e-05 0.296608 0.000433207 0.385933 6.42342e-08 2.58091e-05 3.27309e-08 0.0229065 0.00109266 0.0120973 
4.32683e-11 2.50799e-11 1.05636e-10 8.35693e-08 0.00455043 0.435128 3.82101e-06 9.4927e-11 3.77999e-08 0.0657361 1.21957e-10 1.4185e-08 8.49888e-11 6.32636e-07 0.0367624 0.00853009 1.08166e-11 1.34332e-07 0.448838 3.40964e-11 8.80273e-11 0.000449007 8.79562e-07 6.35674e-08 5.63651e-11 
0.00861574 0.00281241 4.87925e-05 0.0331003 0.0976512 0.0440216 0.016928 2.58778e-09 8.14472e-05 0.0474166 3.23126e-08 0.0066068 0.000110433 0.00507525 0.023391 0.0662876 0.0069089 0.00025969 0.473777 0.00124428 3.09098e-06 0.0184363 0.133841 0.0132634 0.000119284 
0.000283553 0.0052259 0.00435206 0.0304205 0.0518597 0.0805469 0.000216715 4.21257e-05 0.00189439 0.0166493 2.77062e-08 0.00203766 0.0010664 0.00850899 0.0788161 0.00417478 0.0623337 0.0748384 0.559823 0.000431742 1.3971e-05 0.0041624 0.00770078 0.00443401 0.000166765 
0.000240919 1.15347e-05 4.78845e-07 0.151973 0.000189233 0.0784825 2.86876e-05 1.41591e-06 3.75331e-05 0.00665486 2.76581e-10 0.000904222 0.00115445 0.00901815 0.00744925 0.0150903 0.295332 0.00436914 0.407148 0.00135373 3.62967e-06 0.00145722 0.0181282 0.000563625 0.000408309 
0.000321964 0.00708517 0.000400668 0.0231265 0.0101559 0.123785 0.00774416 0.000424367 0.000808687 0.17132 1.51913e-08 0.0359835 3.45323e-05 0.0520905 0.108983 0.0475051 0.0851957 0.0098284 0.19175 0.0149693 9.63695e-07 0.0113594 0.017154 0.079561 0.000412484 
0.042574 0.00200018 6.91872e-07 0.00982679 0.0707293 0.0905079 7.8532e-09 1.67941e-07 0.0109015 0.148191 3.46545e-08 0.00332425 0.000301145 0.018604 0.0936318 0.00185552 0.020683 0.0064867 0.44848 0.00042745 5.7272e-06 0.000175964 0.0063355 0.0237949 0.00116162 
0.0102196 0.00586998 8.76802e-05 0.0220769 0.0242641 0.0907778 0.0221784 0.000139225 0.000794884 0.0551698 2.1916e-07 0.0104856 0.000342711 0.0369622 0.0780054 0.0171428 0.0491835 0.000688734 0.293828 0.200657 3.64444e-07 0.000587412 0.0240957 0.0435999 0.0128418 
0.0247119 0.0037854 0.00144769 0.0106986 0.221352 0.0445652 0.0108465 9.48732e-05 3.04231e-05 0.110639 1.96361e-06 0.00480539 0.000763895 0.0194376 0.0428092 0.0209139 0.0210631 0.00479946 0.322911 0.00135275 1.32797e-05 0.0258437 0.0769615 0.0285622 0.00158931 
0.00440313 0.00508462 0.00147063 0.0255368 0.00784879 0.0481343 0.0181133 0.000106136 0.0101599 0.00788336 2.59018e-08 0.0168958 0.00175619 0.00760654 0.0282576 0.0226075 0.0518939 0.0567992 0.551672 0.00776938 6.67426e-05 0.0215112 0.068436 0.0183554 0.0176318 
0.00282094 0.000239675 3.87796e-05 0.00589387 0.000967985 0.0546794 0.00279798 9.55578e-05 5.28498e-05 0.0570319 2.23874e-06 0.00512733 8.07683e-05 0.0020105 0.145632 0.00826194 0.00732361 0.00256328 0.654435 0.00273008 2.02296e-05 0.0105066 0.00173068 0.0347277 0.000228868 
0.00170681 9.62604e-05 0.000510835 0.0220105 0.000365867 0.137779 0.00424443 0.000673857 0.00319563 0.0725134 0.000128818 0.00716456 0.000253441 0.0061155 0.00553736 0.0178288 0.0543073 0.0142398 0.566368 0.00311421 0.000129697 0.0161742 0.0541033 0.00674231 0.00469649 
0.124152 0.0276924 0.000277052 0.00777608 0.0492815 0.0410477 0.017634 3.20255e-05 5.55929e-05 0.0166619 5.60962e-10 0.00776046 0.00435896 0.00425626 0.0818803 0.00464658 0.0339099 0.0296154 0.301448 5.90637e-05 2.26317e-06 0.0239257 0.201436 0.022085 6.48451e-06 
0.0834665 0.0529466 0.000156544 0.0503721 0.11895 0.0439377 0.0586288 0.0111262 0.000147579 0.0266009 0.0026748 0.00111775 4.02295e-05 0.00177681 0.119825 0.0315249 0.00209943 0.000206491 0.262722 0.00268125 3.44458e-05 0.101564 0.0136825 0.0132357 0.000482102 
0.0340804 0.000502417 9.72602e-05 0.019528 0.122248 0.0699124 0.0344425 3.3033e-07 8.64292e-05 0.0265738 7.76442e-06 0.000705964 0.000350507 0.00130247 0.0298195 0.00475094 0.0333959 0.0224045 0.239833 0.000379803 8.05359e-05 0.153705 0.196499 0.00928208 1.14996e-05 
0.000920462 0.00122206 4.14695e-06 0.0283993 0.0083147 0.12514 0.0206067 1.60755e-06 0.00201736 0.044413 2.98385e-10 0.00413176 0.00237081 0.0131862 0.111081 0.0332518 0.0414653 0.0337949 0.230919 0.00359844 2.15372e-10 0.225876 0.0243917 0.0448293 6.55892e-05 
0.0145607 0.000628445 9.52465e-05 0.00919091 0.00996077 0.0071998 0.00217685 1.31028e-08 3.85378e-05 0.00855852 7.69821e-09 0.00699825 4.05313e-05 0.00515735 0.135527 0.00919628 0.00197931 0.000210463 0.506242 0.0308503 1.40671e-06 0.00349375 0.154714 0.0931652 1.42523e-05 
0.00607767 0.000549615 0.00012484 0.0275081 0.0998837 0.033724 0.0275022 4.90162e-05 0.00278167 0.00366162 0.00222091 0.000142639 0.00151396 0.000647662 0.00382283 0.00737395 0.0589801 0.00393131 0.57096 4.98624e-05 0.0245947 0.0463811 0.0767609 0.000752057 5.65379e-06 
0.000250216 0.000183754 0.000267075 0.0644862 0.00492772 0.0764382 0.00309084 1.32935e-06 0.00153162 0.00284887 4.552e-09 0.00486719 0.000567164 0.00017883 0.143839 0.00388822 0.0168663 0.00283102 0.601686 0.0239421 3.6589e-06 0.00527266 0.0375603 0.00439635 7.61824e-05 
0.0352928 0.00293386 2.08809e-05 0.0189356 0.0149643 0.0802549 0.00232316 8.93644e-10 1.38514e-05 0.310306 2.01888e-05 0.00115243 0.000227277 0.00148468 0.0838672 0.0253733 0.00167732 0.000104354 0.342385 0.0048097 7.59047e-06 0.0283446 0.0310211 0.0141437 0.000336742 
0.000497531 0.000110664 2.9615e-07 0.00932706 0.0458116 0.124462 0.00115547 1.50075e-06 2.59992e-05 0.0421707 9.65113e-05 0.00295891 1.4237e-05 0.00541738 0.0982462 0.00137596 0.0287228 0.0017342 0.583603 0.000754328 3.37623e-06 0.0344176 0.00694313 0.0121013 4.82722e-05 
0.00249348 0.0184307 0.000438976 0.0976711 0.000286519 0.092857 0.00489375 0.0102811 0.00316278 0.0760804 0.000770629 0.00303207 0.0006972 0.069017 0.135728 0.00164547 0.143487 0.0416992 0.214946 0.000987875 1.472e-05 0.0383589 0.0169287 0.0211471 0.0049447 
0.0213429 0.00869997 0.0228236 0.0206156 0.0138206 0.101031 0.00501138 7.84853e-06 2.54624e-05 0.0788405 1.41646e-08 0.0173035 0.000161992 0.010829 0.219759 0.0970522 0.00821581 0.00216346 0.242509 0.00296926 9.11131e-05 0.0144652 0.0601674 0.0433154 0.00877889 
0.000365373 0.0100349 1.01579e-05 0.0196641 0.0010811 0.156564 0.000424712 2.53846e-05 2.73419e-05 0.0261006 0.000103938 0.0128256 0.000732063 0.0255997 0.0935222 0.0757362 0.00876059 0.0012154 0.428001 5.75418e-05 0.00410639 0.0617193 0.0107554 0.0623529 0.00021415 
7.06974e-05 0.00208095 0.000102998 0.0856868 0.000689873 0.0437787 0.000668329 3.48316e-06 1.93754e-05 0.0018737 3.67283e-07 0.000674797 0.000640766 0.0244615 0.154161 0.0183382 0.0528976 0.00255723 0.540436 0.000441473 0.000247614 0.0126789 0.0462083 0.0112246 5.66859e-05 
0.00607143 0.00159163 2.16613e-06 0.0342916 0.0105919 0.184959 0.00297487 0.000241901 0.000120336 0.147259 9.36112e-05 0.00763816 0.00114879 0.0165354 0.126951 0.00598107 0.0249221 0.000292885 0.293608 0.00614416 0.0028718 0.0466784 0.0649132 0.0139426 0.0001745 
0.000120366 4.48043e-05 4.68943e-06 0.0314162 0.00931169 0.0598164 0.000439166 1.03191e-12 1.12165e-05 0.00185965 1.50502e-09 0.000242455 0.000140272 0.00019632 0.177543 0.00450345 0.00459776 0.00187323 0.670846 0.000101454 1.64192e-06 0.00282143 0.0332064 0.000372301 0.000529874 
0.00118785 0.00113071 0.00648546 0.0482226 0.011764 0.191082 0.0058208 0.000734542 0.0013855 0.0192812 6.0594e-06 0.000346837 0.000245604 0.0100498 0.080324 0.0221614 0.215656 0.0284 0.285937 0.000125142 0.000106925 0.0295562 0.0165197 0.0215659 0.00190526 
0.00920874 0.0045993 1.44961e-05 0.0260244 0.059621 0.130982 0.00169276 3.58746e-05 3.56347e-05 0.0338382 5.14745e-10 0.0148811 0.000261576 0.0352296 0.0819801 0.0279411 0.0453686 0.000475557 0.388571 0.0276097 3.18733e-07 0.00406777 0.0233456 0.0819772 0.00223802 
0.0451448 0.00993901 3.26383e-05 0.131291 0.00860885 0.125089 0.0216406 3.35595e-05 0.000173529 0.130501 7.01918e-06 0.00633302 8.49711e-05 0.00368626 0.140243 0.0676812 0.0119872 0.0113553 0.152062 0.0043326 9.7194e-06 0.0335078 0.0433707 0.0523202 0.000566489 
0.000976008 0.000195022 4.41681e-06 0.00156536 0.00657457 0.11769 0.0038785 0.00181992 0.000198807 0.00443029 1.48189e-07 0.000196519 3.65549e-05 0.00763594 0.0161364 0.0140205 0.0875395 0.000739851 0.558518 0.000867795 0.0946016 0.00973724 0.0687657 0.00386487 7.09285e-06 
2.61127e-05 2.99719e-05 7.60912e-09 0.0617444 0.0043739 0.0717208 2.98589e-05 1.27747e-12 1.31186e-05 0.000511139 3.6874e-09 0.000151394 0.000260778 0.000238762 0.261655 0.00525337 0.00591304 0.00422265 0.569566 2.25846e-07 2.54781e-06 0.00753289 0.00558327 0.000282746 0.000888418 
0.00568422 0.00862172 5.06815e-06 0.014543 0.00373752 0.0944406 0.00393887 8.05266e-07 0.000180297 0.0490376 0.00041913 0.010009 4.27829e-05 0.0745648 0.135051 0.00698124 0.0150382 0.00163546 0.360136 7.25369e-07 0.0108875 0.166476 0.00664035 0.0318783 4.94134e-05 
0.000165261 0.00347227 0.000165613 0.0639208 0.000246763 0.182679 0.00785007 0.0113277 0.00842356 0.106925 4.59259e-08 0.00503518 0.000351096 0.0154163 0.0753363 0.0363841 0.00789733 0.0229214 0.300755 0.00106896 0.000788143 0.0369269 0.0262603 0.0856508 3.21611e-05 
0.000984992 0.0153875 0.015279 0.0925348 0.00202645 0.070814 0.034033 0.164273 0.00200945 0.0174902 0.000258059 0.00281743 0.00154419 0.0133564 0.0300308 0.04913 0.0542384 0.0638824 0.186034 0.002134 0.0229811 0.113332 0.016166 0.0288253 0.00043756 
0.000497531 0.000110664 2.9615e-07 0.00932706 0.0458116 0.124462 0.00115547 1.50075e-06 2.59992e-05 0.0421707 9.65113e-05 0.00295891 1.4237e-05 0.00541738 0.0982462 0.00137596 0.0287228 0.0017342 0.583603 0.000754328 3.37623e-06 0.0344176 0.00694313 0.0121013 4.82722e-05 
0.0408627 0.00713811 0.000196443 0.00837345 0.102021 0.102555 0.0084158 0.00232801 0.000824463 0.121464 4.961e-07 0.00367792 0.000330481 0.0143941 0.063014 0.0319373 0.0282512 0.00263197 0.200788 0.00377717 9.75895e-05 0.019807 0.19632 0.0383634 0.00243013 
6.53306e-05 0.0162085 0.000210465 0.0531914 0.00379389 0.0414302 0.0167664 1.13009e-07 0.00165069 0.00110751 4.01478e-07 0.150256 0.000402235 0.00141189 0.287592 0.0109593 0.0007301 0.00462596 0.365192 0.00934693 1.05126e-08 0.0183237 0.00411682 0.0125501 6.76095e-05 
0.0237219 0.00739646 2.18781e-08 0.176459 0.082208 0.00373741 0.0588341 1.96601e-08 0.0437762 0.101328 2.52582e-08 2.93489e-09 3.32375e-05 0.0312731 0.0356924 0.00139844 0.0861605 0.00922039 0.19679 8.72961e-06 2.40095e-07 0.0188939 0.116224 0.00681264 3.08393e-05 
0.00929553 0.0635363 0.000615764 0.0701041 0.00770595 0.0572425 0.00484004 0.000220307 0.0042288 0.00584972 4.41528e-05 0.0130626 0.000720654 0.00379386 0.180913 0.0100903 0.0181675 0.00173555 0.437457 0.00317138 0.0123888 0.0259083 0.0321087 0.036636 0.000163927 
2.45993e-06 3.59534e-07 1.72355e-08 5.87612e-05 2.44079e-06 3.79943e-05 8.1783e-08 1.54882e-08 1.2979e-06 4.1675e-06 1.98984e-08 3.40797e-07 3.83034e-06 1.84694e-06 1.39585e-05 8.68781e-06 0.336133 0.00174257 0.658414 5.56314e-09 4.62922e-07 1.46639e-06 0.00356709 4.66538e-07 5.43044e-06 
0.0020332 1.17017e-07 1.19439e-06 0.00883511 0.0159182 0.117462 0.00534112 2.09206e-10 1.82453e-08 0.248744 0.00803249 6.70358e-06 1.79581e-07 0.0028068 0.0300121 0.00281363 0.000124177 7.78869e-11 0.429635 0.0768109 0.000522609 0.0496609 0.000183367 0.00105551 4.41654e-07 
0.0190976 0.000867007 0.0325025 0.129062 0.000968753 0.0403062 0.168955 2.65079e-06 0.0272237 0.00884732 4.09857e-08 0.00100525 0.000430497 0.00279405 0.185363 0.0849548 0.0101889 0.00140823 0.198333 0.0108637 3.63627e-05 0.0302482 0.0362815 0.0100831 0.000175608 
0.139119 0.00135057 7.06662e-05 0.00612239 0.124839 0.0185514 0.0402513 6.05979e-07 8.27202e-05 0.0488782 4.5283e-06 0.0120743 4.89604e-05 0.0270088 0.0809615 0.0152781 0.00356555 0.000298672 0.369491 0.00241977 1.41147e-06 0.0418187 0.0237492 0.0435453 0.000468138 
0.000296923 0.000614344 0.0199819 0.0205087 0.000185896 0.00794634 1.04264e-05 1.14565e-08 2.69796e-05 0.0897796 1.47187e-08 3.21245e-06 1.98955e-05 0.00127532 0.083057 0.0530368 0.00380116 0.000597251 0.596789 4.11501e-09 4.45851e-06 5.41477e-06 0.119228 0.00283132 6.80257e-09 
6.47747e-06 1.85361e-05 4.55683e-05 0.00713835 0.00245082 0.0088568 0.00431051 5.3952e-11 1.34041e-06 0.00027352 1.44802e-08 5.74324e-05 5.66694e-05 2.18532e-05 0.164981 0.00172812 0.000364849 0.000633913 0.79462 0.000867454 6.85751e-07 0.00225002 0.0090523 0.000252893 0.00201102 
6.33724e-05 0.000101645 7.1598e-07 0.306846 0.000236871 0.0830642 2.43674e-06 8.1864e-13 2.51641e-05 0.00102495 1.05174e-12 4.80299e-05 0.000133501 3.44687e-05 0.0791415 0.00973145 0.00394664 0.000200485 0.356963 2.94043e-13 1.54926e-05 0.00047788 0.157385 0.000243605 0.000313418 
0.134598 0.00195131 4.12834e-06 0.00176386 0.0142123 0.0272239 0.050362 2.52054e-10 7.14913e-06 0.00455767 3.23824e-10 0.0188358 7.61663e-06 0.00109043 0.0877717 0.156123 0.00598624 0.0159395 0.349852 0.000966697 1.45179e-07 0.00976925 0.108935 0.0081743 0.00186745 
0.000239972 0.00714543 8.52887e-05 8.7099e-05 0.00925073 0.0632797 0.00116555 1.30986e-05 1.60256e-05 0.00279857 3.75051e-06 0.000438219 0.00287614 0.00411739 0.0256708 0.0513906 0.0501956 0.000695242 0.765484 0.000231842 2.70708e-06 0.00343211 0.000284941 0.0108848 0.000210246 
0.000452644 0.00442688 4.93492e-07 0.0491715 0.00130029 0.0715986 9.93453e-05 1.61211e-06 1.03071e-06 0.0219137 2.26285e-08 0.00120382 7.84813e-05 0.00119527 0.137228 0.0393735 0.00294454 0.00019795 0.648092 0.000159055 2.57659e-07 0.000713671 0.00987573 0.0099229 4.94634e-05 
0.0557334 0.00271271 0.000542309 0.0306529 0.0298251 0.103417 0.0183372 1.93491e-06 0.00891609 0.13459 4.1275e-06 0.00218445 0.00228873 0.0403128 0.0777588 0.012403 0.00508295 0.00179513 0.328202 0.0102475 1.1205e-05 0.100585 0.00675654 0.0271431 0.000495444 
2.45993e-06 3.59534e-07 1.72355e-08 5.87612e-05 2.44079e-06 3.79943e-05 8.1783e-08 1.54882e-08 1.2979e-06 4.1675e-06 1.98984e-08 3.40797e-07 3.83034e-06 1.84694e-06 1.39585e-05 8.68781e-06 0.336133 0.00174257 0.658414 5.56314e-09 4.62922e-07 1.46639e-06 0.00356709 4.66538e-07 5.43044e-06 
