0.00102085 0.0276666 0.00372926 0.013052 0.0120462 0.109314 0.00983352 0.000125605 0.0224725 0.048917 1.19496e-05 0.0539644 0.00041985 0.0509363 0.0721958 0.0277188 0.0662769 0.00579613 0.0529501 0.24172 0.00119409 0.0139468 0.00577703 0.158411 0.000502851 
0.00253349 0.00201649 0.000117611 0.0119184 0.00705613 0.141253 0.0298055 0.00142723 0.000106723 0.0251419 0.00185266 0.095413 0.000424979 0.00528439 0.0543598 0.0926212 0.0341698 0.0120751 0.0397771 0.264416 7.99481e-05 0.0865301 0.07544 0.0153103 0.000868437 
0.0199887 0.00287238 0.00142445 0.0308424 0.00918581 0.104234 0.0166801 0.000126712 0.000804157 0.0574177 1.12586e-06 0.0512673 0.0469702 0.0140468 0.0621621 0.0240573 0.0259268 0.00474856 0.0520771 0.31511 3.67847e-05 0.0138307 0.0760362 0.0697189 0.000433655 
0.000186816 1.94647e-08 0.00152808 0.000694514 0.00169564 0.00203887 2.52267e-05 3.44187e-12 7.16698e-07 0.0564274 4.42192e-12 0.0326024 4.21972e-06 0.00325587 0.00188217 9.79088e-05 0.000460642 6.45237e-10 0.000541505 0.89131 3.26528e-07 5.71885e-05 0.000699076 0.00632098 0.000170747 
0.00570957 0.10327 0.00820313 0.0216256 0.00436587 0.0553286 0.00700596 2.26493e-06 0.00357945 0.0294309 2.66753e-06 0.0746057 0.00207492 0.023253 0.035281 0.0155034 0.0436772 0.0222696 0.049884 0.405596 2.83587e-05 0.0238752 0.00593605 0.0581179 0.00137329 
0.00030325 0.0576836 1.06805e-05 0.00223967 0.00215867 0.0311838 0.00149349 4.09033e-06 4.19352e-05 0.0068456 5.10804e-12 0.206591 0.000179718 0.0109168 0.00496975 0.00210029 0.0265223 0.00276045 0.00457331 0.527659 3.23099e-05 0.000532165 0.00235723 0.0507176 0.0581233 
0.000650478 5.90208e-05 0.000159998 0.00236244 0.00332479 0.075258 0.0595148 5.99414e-06 4.37486e-05 0.0236818 8.64754e-13 0.039558 9.33268e-05 0.000450499 0.00947929 0.00293542 0.000820491 0.000297574 0.0038914 0.760874 3.72726e-06 0.010819 0.00459489 0.000987224 0.000133804 
0.000688036 0.0254516 2.54764e-05 0.00914103 0.00993485 0.0329303 0.00620319 6.36009e-06 7.26898e-06 0.0378934 7.42149e-07 0.0507189 0.000513798 0.0129323 0.0117291 0.0203575 0.173226 0.000336044 0.00712593 0.543274 3.31855e-06 0.00291183 0.00475242 0.047853 0.00198417 
0.000433151 0.00362005 0.000414761 0.000606991 0.000650422 0.149341 0.00596327 7.12533e-08 5.1844e-06 0.0101672 6.28099e-10 0.110558 0.00107195 0.136009 0.0382018 0.0105672 0.108036 0.00307616 0.0127017 0.220556 4.53357e-10 0.0135042 0.00191863 0.172456 0.00014174 
0.00379032 0.000416171 0.000116625 0.0351592 0.0261576 0.161315 0.048569 1.3895e-05 0.00034072 0.0354372 0.00694832 0.100322 0.000331993 0.0086691 0.163396 0.0280592 0.0215806 0.00163359 0.0390849 0.252681 0.0015459 0.0260279 0.0200742 0.0180301 0.000299016 
4.00863e-08 0.00378737 0.000592497 2.23045e-11 3.36304e-11 5.90509e-12 2.50101e-11 2.78811e-07 2.01727e-11 1.09737e-11 1.36742e-10 0.049962 9.83988e-08 0.00242747 4.07331e-08 5.37147e-05 0.0240625 5.45435e-08 2.88769e-08 0.642898 9.86994e-11 7.86163e-09 2.76238e-11 0.276215 1.01277e-06 
3.3161e-05 0.0643981 0.0120721 0.00324199 0.000196898 0.0126745 0.00520623 0.112411 6.52785e-06 0.066352 1.65806e-06 0.0514483 0.0758156 0.0121737 0.132552 0.00851475 0.0606786 0.000991731 0.129955 0.169063 3.80856e-07 0.00329141 0.00541354 0.0731882 0.000318751 
2.74826e-05 7.28012e-05 7.94865e-05 0.00354074 0.00975141 0.00835708 0.000500114 3.66872e-09 9.13899e-10 0.0031814 1.64551e-09 0.140569 3.99458e-05 0.000470653 0.00894801 0.000117762 6.03704e-09 2.05989e-06 0.00739782 0.815461 2.77106e-06 0.000161633 2.82176e-06 0.00130014 1.58311e-05 
0.000614065 0.0156636 7.72471e-05 0.0126121 0.000532094 0.0284252 0.00928093 0.0101982 0.00016251 0.0547882 2.38925e-07 0.131421 0.158916 0.0189517 0.0299426 0.00760148 0.0774221 0.081709 0.00224833 0.166644 1.05708e-05 0.0727664 0.0111159 0.100596 0.00829984 
0.0176856 0.00572342 0.00416764 0.0170374 0.0208298 0.0384562 0.0247191 0.00313351 0.00620751 0.0489412 0.000549445 0.00652102 0.00724757 0.0433521 0.0377815 0.0435128 0.146582 0.0184328 0.04362 0.342338 0.000133614 0.0504837 0.010016 0.059721 0.00280651 
2.31241e-05 0.00652346 7.15355e-05 0.00198311 0.000360985 0.0342723 0.00193261 2.04427e-05 9.41216e-06 0.063841 0.0135089 0.11826 6.55627e-05 0.0437306 0.00613143 0.000820628 0.0399212 0.000388907 0.000913699 0.485799 7.84838e-06 0.00327957 0.000326862 0.119407 0.0583995 
0.000709603 7.60294e-10 9.14011e-05 0.00170949 0.00208774 0.042343 0.0512959 3.60422e-05 2.96119e-05 0.0180363 3.95223e-09 0.0462611 0.000139302 0.000185097 0.00437122 0.000898148 0.000192104 0.00011396 0.00534789 0.817202 5.43277e-06 0.00785536 0.000900351 0.000112015 7.65209e-05 
0.000825753 0.0021347 2.85066e-05 0.00209321 0.000650497 0.0637765 0.0010227 1.05066e-06 0.000634896 0.232338 3.4478e-09 0.0580765 8.30103e-06 0.0494958 0.0201143 0.0260581 0.00864712 0.0021065 0.026643 0.238869 2.80463e-06 0.0199887 0.00124543 0.195111 0.0501278 
1.35578e-11 0.017055 2.31735e-07 9.97942e-09 0.00310402 2.10489e-06 0.116846 2.97446e-11 1.24081e-08 0.0361588 3.85963e-09 2.07009e-06 2.66306e-11 0.0491219 3.8106e-07 4.4449e-07 0.0256697 1.10739e-11 5.85152e-07 0.673558 2.75827e-11 5.444e-12 0.0165508 0.0544155 0.0075137 
0.000756244 8.8901e-05 7.37444e-06 0.00160396 0.000615021 0.228537 0.12266 0.000953856 0.000185313 0.0033575 4.39677e-06 0.0039523 0.000242882 0.0029499 0.0132969 0.00686124 0.126525 0.00220584 0.0183559 0.43736 1.96207e-06 0.0252595 0.000416407 0.00372594 7.72851e-05 
6.19444e-05 0.00101271 4.49599e-05 0.000395544 8.81798e-05 0.00135558 0.000255582 1.41032e-09 1.61781e-06 0.00612772 6.51962e-09 0.0497063 8.91713e-06 0.00391872 0.0053203 0.00454311 0.00567907 1.40869e-05 0.000701349 0.886204 3.68885e-06 0.00117993 0.000965563 0.0323903 2.12696e-05 
0.000583933 0.000606052 2.87359e-05 0.00785932 0.00279089 0.065153 0.074207 0.00128253 0.000157081 0.031621 2.65904e-08 0.00804624 0.00019887 0.00395243 0.00838001 0.0150448 0.0492538 0.0104636 0.0193956 0.645488 1.68142e-05 0.0314243 0.0050347 0.0186767 0.00033457 
3.37165e-06 0.000332482 6.4459e-05 0.000955675 8.14276e-06 0.000136059 4.54518e-05 7.39711e-06 5.51915e-05 9.318e-05 9.50337e-06 0.000591548 0.00404156 9.85331e-05 0.000172828 7.20964e-05 1.51616e-05 0.00078574 0.000138494 0.992038 6.85946e-06 1.49852e-05 0.00014336 0.000145384 2.44583e-05 
0.00438893 0.0186104 0.000761853 0.0255237 0.00619823 0.0658949 0.0185882 0.0056107 0.00956495 0.0333051 1.42496e-05 0.0103094 0.000688539 0.012981 0.0331041 0.0225355 0.123094 0.0209939 0.0297258 0.468835 5.29847e-05 0.0192856 0.0124783 0.0562201 0.00123468 
0.00354524 0.0177803 6.05871e-05 0.00219056 0.00634119 0.0688127 0.0021274 0.00850225 6.26562e-06 0.00560571 8.48128e-08 0.2267 0.000216706 0.00915421 0.0378595 0.00368658 0.0274737 0.062473 0.00619374 0.473882 5.90596e-05 0.00127757 0.000659233 0.0351823 0.000209458 
3.62119e-08 0.177777 0.000160248 2.91192e-08 4.8194e-11 0.000306523 1.11072e-08 2.70662e-06 4.98774e-05 0.000843597 3.33151e-08 0.184736 9.89669e-07 0.001761 0.00173542 9.0555e-05 0.0119043 0.0329753 0.00184289 0.275527 0.0757411 0.000283785 0.000204242 0.233966 9.16831e-05 
7.69669e-05 0.0220837 3.18978e-05 0.00448144 0.00192834 0.00731008 0.00065178 3.38995e-09 5.84259e-06 0.00383058 9.00611e-08 0.351008 0.197945 0.00378489 0.0105792 0.000457461 0.00058395 0.000398278 0.00586853 0.376184 3.86747e-07 0.000323172 0.00106723 0.0113569 4.21808e-05 
0.000287081 0.00877819 9.52773e-07 0.00515325 9.53967e-07 0.00534536 9.5409e-07 9.52942e-07 0.00219552 0.00534498 9.52513e-07 0.362987 9.53101e-07 0.0448481 9.54329e-07 9.54216e-07 0.113464 0.00477039 0.00419957 0.436222 9.53051e-07 0.00639389 9.54055e-07 9.54327e-07 9.53554e-07 
0.000601295 0.00492591 0.000358518 0.000383071 0.00037281 0.028872 0.00143675 6.23186e-09 1.66986e-06 0.00399145 3.58169e-12 0.30767 0.000565687 0.029539 0.039057 0.00218171 0.00699761 0.00195246 0.00737162 0.466755 2.58524e-12 0.0147422 0.00268083 0.0793482 0.0001961 
0.000650478 5.90208e-05 0.000159998 0.00236244 0.00332479 0.075258 0.0595148 5.99414e-06 4.37486e-05 0.0236818 8.64754e-13 0.039558 9.33268e-05 0.000450499 0.00947929 0.00293542 0.000820491 0.000297574 0.0038914 0.760874 3.72726e-06 0.010819 0.00459489 0.000987224 0.000133804 
0.00369324 0.042051 0.0011089 0.0345879 0.00431783 0.0426967 0.0127167 3.40187e-05 0.000763304 0.0332152 1.16876e-06 0.0745047 0.000185137 0.0153823 0.0815848 0.00993311 0.0308057 0.0368082 0.0178134 0.458744 1.80323e-06 0.0144125 0.00271578 0.0814596 0.000462432 
0.00441829 0.0727748 0.000118655 0.00793037 0.00388012 0.0379725 0.012858 0.000331486 0.000173888 0.0291857 1.62972e-06 0.13897 0.000130843 0.0574264 0.0292503 0.0214983 0.0245512 0.00354592 0.0151063 0.295219 3.71874e-06 0.00733226 0.00781139 0.225828 0.00368159 
0.0049778 0.000119048 9.97756e-05 0.000828212 0.0330601 0.15106 0.000110954 1.93452e-06 1.41525e-05 0.162462 2.85745e-08 0.0177718 1.22004e-05 0.00448993 0.280272 0.00793746 0.00151055 8.20703e-05 0.0149402 0.310659 2.06249e-08 0.00630684 0.000645701 0.00255894 7.94127e-05 
0.0035299 0.00522177 2.36879e-07 0.0231949 0.00733076 0.0131359 2.5168e-06 0.000685749 3.0017e-06 0.0114782 2.73476e-07 0.0111756 4.56212e-06 0.0100745 0.0140065 0.140225 0.0894606 0.000620953 0.164147 0.402891 2.93428e-05 0.0265318 0.0313036 0.0449456 1.26393e-07 
0.00584991 0.00969409 0.000216178 0.018038 0.00294352 0.00873944 5.39869e-06 4.24369e-05 4.39877e-06 0.0493992 3.35869e-10 0.0482966 0.000286722 0.00277284 0.00770495 0.0034068 6.5415e-07 0.00670515 0.01569 0.782784 2.70873e-06 0.00607509 4.86102e-06 0.0312491 8.82504e-05 
0.00252549 0.0268551 7.01474e-06 0.000357681 0.00301893 0.00222654 3.53165e-05 4.33423e-06 0.000150332 0.0275392 3.73518e-09 0.20682 3.35535e-05 0.0378334 0.00319863 0.00061682 0.0042305 0.000290558 0.00448403 0.347379 4.19119e-11 0.000824948 0.000599169 0.327781 0.00318902 
0.00731409 3.61515e-05 0.000419192 0.00492155 0.0333763 0.0146941 0.00306681 0.000401729 1.48764e-05 0.0161643 1.0923e-07 0.0999344 8.96415e-05 0.02968 0.0175815 0.0179563 3.19462e-08 0.000251362 0.0346229 0.666694 7.08941e-06 0.0310579 2.07185e-06 0.0217131 1.02744e-08 
0.0439655 0.00761966 0.00169871 0.00566385 0.0114683 0.0798093 0.127336 2.2032e-05 0.0838349 0.0301179 1.07222e-05 0.0162268 0.000831707 0.0232201 0.107879 0.0661666 0.0473863 0.0182013 0.0311334 0.159104 4.31991e-05 0.0752013 0.0056943 0.0554603 0.00190565 
2.74826e-05 7.28012e-05 7.94865e-05 0.00354074 0.00975141 0.00835708 0.000500114 3.66872e-09 9.13899e-10 0.0031814 1.64551e-09 0.140569 3.99458e-05 0.000470653 0.00894801 0.000117762 6.03704e-09 2.05989e-06 0.00739782 0.815461 2.77106e-06 0.000161633 2.82176e-06 0.00130014 1.58311e-05 
9.14047e-05 0.0131218 0.088243 0.000330195 0.000135475 0.0743993 0.00298425 1.93641e-08 2.42455e-05 0.00994005 2.83641e-10 0.107165 4.95372e-06 0.052167 0.0577942 0.00153029 0.0784138 0.00476833 0.0110201 0.356708 7.0207e-05 0.000670556 0.00636677 0.133505 0.000545655 
2.74826e-05 7.28012e-05 7.94865e-05 0.00354074 0.00975141 0.00835708 0.000500114 3.66872e-09 9.13899e-10 0.0031814 1.64551e-09 0.140569 3.99458e-05 0.000470653 0.00894801 0.000117762 6.03704e-09 2.05989e-06 0.00739782 0.815461 2.77106e-06 0.000161633 2.82176e-06 0.00130014 1.58311e-05 
0.00277163 0.000789954 0.000110518 0.0016024 0.0438685 0.0363547 0.0380733 3.12521e-06 0.000108802 0.133633 6.41615e-05 0.0225527 6.74532e-06 0.136463 0.109 0.00996911 0.0898492 0.00505964 0.0150061 0.180235 2.59885e-06 0.0964803 0.00345174 0.0735242 0.00101908 
0.00062844 0.00923943 0.000208859 0.00256625 0.00181891 0.0103145 0.000381391 7.25487e-06 1.47717e-06 0.00457789 3.25701e-08 0.308202 5.18967e-06 0.0253775 0.0124749 0.0122828 0.0114804 0.00154471 0.00353189 0.310991 9.64371e-07 0.00294345 0.00434187 0.276991 8.84442e-05 
2.02865e-06 1.06378e-06 0.00305702 0.0314627 9.0428e-07 0.108488 1.52565e-07 3.29299e-10 4.85957e-07 0.033696 4.23064e-10 0.130546 1.37666e-06 0.268405 0.08718 0.00011931 0.000178983 0.0154067 0.0264716 0.288183 6.15684e-05 1.3821e-06 0.00156346 0.00517462 1.08086e-07 
0.00631023 0.0150845 0.000362176 0.00518951 0.00224512 0.0266604 0.00339165 4.33092e-05 0.00015698 0.0367371 1.30782e-06 0.263218 0.0259118 0.00684025 0.094849 0.0270763 0.0384896 0.00933067 0.00290621 0.334278 9.05152e-05 0.035346 0.00982098 0.0533024 0.00235775 
0.00020913 1.58597e-05 7.75407e-05 0.000377879 0.000649084 0.0204201 0.000444921 4.61799e-13 1.58705e-07 0.0440549 3.67303e-09 0.105895 2.55923e-05 0.000257275 0.0044707 0.000871544 2.04916e-09 4.52421e-07 0.00152285 0.81871 1.1507e-06 0.000918286 0.000687437 0.000387482 1.90341e-06 
1.35578e-11 0.017055 2.31735e-07 9.97942e-09 0.00310402 2.10489e-06 0.116846 2.97446e-11 1.24081e-08 0.0361588 3.85963e-09 2.07009e-06 2.66306e-11 0.0491219 3.8106e-07 4.4449e-07 0.0256697 1.10739e-11 5.85152e-07 0.673558 2.75827e-11 5.444e-12 0.0165508 0.0544155 0.0075137 
0.0112305 0.105231 0.0263929 3.89547e-06 9.11109e-07 0.0129298 4.4454e-07 7.34525e-11 1.39214e-11 0.0360091 9.43675e-11 0.149053 0.0263456 0.0584042 0.0493956 4.92606e-07 0.00138729 2.73462e-11 0.0240964 0.287631 1.1502e-07 5.23811e-07 3.25481e-05 0.210701 0.0011526 
0.0041146 0.0236932 0.000228067 0.0114586 0.00183471 0.0267646 0.00991762 9.60785e-05 7.98014e-05 0.0256695 4.57308e-08 0.11552 0.000127206 0.100931 0.0367735 0.0716295 0.0805793 0.00344969 0.0236145 0.273858 4.58528e-06 0.0274732 0.00840608 0.148476 0.00530055 
0.0078649 0.00537804 3.51537e-05 0.000206657 0.000695488 0.00649633 0.0023087 0.000163908 5.28398e-05 0.0194723 3.66866e-09 0.368248 2.12904e-05 0.0172171 0.0509745 0.0184296 0.0317734 0.00301301 0.00327134 0.392093 5.59156e-05 0.0179264 0.00463204 0.0443717 0.00529832 
1.35578e-11 0.017055 2.31735e-07 9.97942e-09 0.00310402 2.10489e-06 0.116846 2.97446e-11 1.24081e-08 0.0361588 3.85963e-09 2.07009e-06 2.66306e-11 0.0491219 3.8106e-07 4.4449e-07 0.0256697 1.10739e-11 5.85152e-07 0.673558 2.75827e-11 5.444e-12 0.0165508 0.0544155 0.0075137 
2.74826e-05 7.28012e-05 7.94865e-05 0.00354074 0.00975141 0.00835708 0.000500114 3.66872e-09 9.13899e-10 0.0031814 1.64551e-09 0.140569 3.99458e-05 0.000470653 0.00894801 0.000117762 6.03704e-09 2.05989e-06 0.00739782 0.815461 2.77106e-06 0.000161633 2.82176e-06 0.00130014 1.58311e-05 
0.00112655 0.000230085 0.000153175 0.00290472 0.00352785 0.111545 0.0686611 2.9481e-06 3.51127e-05 0.0437285 8.12183e-11 0.025125 0.000206982 0.0232221 0.152819 0.0125432 0.0029114 0.00465258 0.0292725 0.489319 3.55353e-06 0.0112308 0.0126022 0.00395939 0.000216799 
0.00020913 1.58597e-05 7.75407e-05 0.000377879 0.000649084 0.0204201 0.000444921 4.61799e-13 1.58705e-07 0.0440549 3.67303e-09 0.105895 2.55923e-05 0.000257275 0.0044707 0.000871544 2.04916e-09 4.52421e-07 0.00152285 0.81871 1.1507e-06 0.000918286 0.000687437 0.000387482 1.90341e-06 
0.00214644 0.0166414 0.00200635 0.000495766 0.000323735 0.0216414 0.00577956 0.000141963 7.02265e-05 0.0416506 1.73882e-08 0.079397 0.00273211 0.0277262 0.0546457 0.0532463 0.031938 0.00168279 0.0167454 0.489341 9.1146e-05 0.0347975 0.011969 0.0991328 0.00565748 
0.00239376 0.0361224 0.00439519 0.0303152 0.000846715 0.0476573 0.0100782 0.00515026 0.00242405 0.0306168 6.90652e-06 0.00941295 8.16851e-05 0.00646114 0.0208477 0.0228537 0.060561 0.0150471 0.0103607 0.633175 1.89258e-05 0.0265153 0.0076069 0.0169673 8.37783e-05 
0.00295939 0.0102865 4.0801e-05 0.00630491 0.00804477 0.114188 0.00841139 4.14092e-06 6.41126e-05 0.0694043 5.97077e-08 0.0832681 0.0592383 0.0322895 0.107532 0.00982661 0.0337356 0.0149717 0.0952335 0.175299 1.9676e-05 0.0334743 0.0137167 0.120732 0.000955301 
1.35578e-11 0.017055 2.31735e-07 9.97942e-09 0.00310402 2.10489e-06 0.116846 2.97446e-11 1.24081e-08 0.0361588 3.85963e-09 2.07009e-06 2.66306e-11 0.0491219 3.8106e-07 4.4449e-07 0.0256697 1.10739e-11 5.85152e-07 0.673558 2.75827e-11 5.444e-12 0.0165508 0.0544155 0.0075137 
0.000493448 0.0318365 0.000203139 0.0265732 0.00143553 0.0536399 0.0100233 0.00749142 0.00026825 0.0312101 4.33429e-07 0.0358824 2.01323e-05 0.0530139 0.0218076 0.0284184 0.11584 0.00202243 0.00605946 0.519418 2.18408e-05 0.0237135 0.00633319 0.0225398 0.00173421 
2.70692e-08 0.00108892 6.60871e-08 1.24451e-08 0.00017453 0.00202633 1.39548e-08 0.00023167 0.000245385 0.00141502 7.62975e-08 0.00464197 0.000568972 0.00167565 0.00121208 0.000962542 0.00610858 0.00154771 0.0003847 0.974243 8.26615e-05 0.000517393 0.000900142 0.00130581 0.000666499 
0.000150479 0.00811571 3.16878e-05 0.00916489 0.000716361 0.11261 0.00524325 1.95247e-06 9.67245e-07 0.0483623 4.78747e-06 0.00435307 6.17104e-05 0.00791954 0.00492447 0.0482703 0.0969467 0.0013747 0.00091081 0.619685 2.06316e-05 0.00191658 0.000756636 0.0270175 0.00144049 
0.00146126 0.0164092 0.000534121 0.00401446 0.00306103 0.044895 0.0180744 6.42852e-06 2.62822e-05 0.0153704 1.88525e-07 0.361781 0.03846 0.00531 0.0290441 0.00713979 0.00220933 0.000933826 0.00952423 0.397566 5.77153e-07 0.00487585 0.00256206 0.0365172 0.000223121 
0.00227881 0.0222991 4.18364e-05 0.0027946 0.00204583 0.0418366 0.00779689 0.00276272 0.000148701 0.023452 3.09417e-06 0.284825 0.000107601 0.0227154 0.0239506 0.00790386 0.0449608 0.0152851 0.0110137 0.334712 2.55903e-06 0.0132281 0.00247109 0.13069 0.0026737 
0.00654639 0.00261745 7.70542e-05 0.00358779 0.0465299 0.0871993 0.0117808 0.000162486 6.16499e-06 0.140955 6.3275e-07 0.0245928 0.000195905 0.0408074 0.0549319 0.0107364 0.0466944 0.000948929 0.0078702 0.45949 8.21291e-07 0.00837353 0.000775505 0.0447723 0.000346921 
0.00241168 0.00357088 6.30986e-05 0.00741807 0.00798112 0.195484 0.0829721 2.00509e-07 5.13876e-05 0.0412042 0.000435675 0.0165845 0.00190318 0.0656275 0.0412497 0.0013754 0.0807356 0.00988507 0.0210304 0.352887 7.47783e-06 0.00985621 0.00480505 0.0488126 0.00364778 
0.001271 0.00208281 0.000146906 0.0103624 0.00106449 0.272079 0.0119891 4.23967e-12 4.43952e-05 0.0572298 1.04592e-07 0.0567044 0.000459794 0.0220539 0.0977424 0.00251637 0.107085 0.00782148 0.00418754 0.315804 3.92879e-06 0.00573832 0.00290983 0.0185912 0.00211183 
0.000650478 5.90208e-05 0.000159998 0.00236244 0.00332479 0.075258 0.0595148 5.99414e-06 4.37486e-05 0.0236818 8.64754e-13 0.039558 9.33268e-05 0.000450499 0.00947929 0.00293542 0.000820491 0.000297574 0.0038914 0.760874 3.72726e-06 0.010819 0.00459489 0.000987224 0.000133804 
0.00812803 0.332454 1.33473e-06 3.59697e-06 0.00129507 0.0575143 4.10474e-07 0.000142051 2.92203e-08 0.0300639 6.41805e-11 0.00235657 2.00548e-07 0.0100969 0.158279 0.00523852 0.000169524 6.94877e-05 0.0182558 0.371228 0.000132841 0.00282536 0.000230716 0.000214781 0.00129904 
0.00338945 0.00955201 0.000157472 0.0434846 0.0042059 0.0766098 0.00453969 0.000282298 8.05194e-05 0.0787784 0.0125258 0.0130476 3.45584e-05 0.0207029 0.0482438 0.0502649 0.139964 0.00143757 0.0185844 0.417878 2.27311e-05 0.00645785 0.00160495 0.0467647 0.00138601 
1.2046e-06 0.00125609 2.28292e-07 2.38704e-11 0.0424046 0.0986267 0.0287848 1.13908e-10 4.16689e-07 0.071777 5.56248e-07 1.8535e-06 0.00153563 0.104752 7.745e-06 0.0261071 1.16283e-05 5.04695e-07 0.052611 0.479643 1.05629e-10 0.041418 5.96587e-06 0.0510528 7.71113e-07 
3.68236e-05 0.00453977 0.00147548 0.0149496 0.00264456 0.0499508 0.00507981 0.000307778 0.00243728 0.0100577 1.35085e-11 0.36777 0.00031234 0.00482479 0.0452091 0.0125209 0.0244225 0.00883967 0.0330044 0.370429 2.87293e-06 0.00602414 0.00532883 0.0293292 0.000503086 
0.000124545 1.58731e-05 0.0010477 0.000495935 0.00113043 0.0013838 1.68183e-05 2.86909e-12 4.77935e-07 0.0376183 3.68604e-12 0.0809273 2.81343e-06 0.002268 0.00125478 6.52735e-05 0.000307098 4.40384e-10 0.000369933 0.86778 2.17767e-07 4.27945e-05 0.000466054 0.00456795 0.000113836 
3.62119e-08 0.177777 0.000160248 2.91192e-08 4.8194e-11 0.000306523 1.11072e-08 2.70662e-06 4.98774e-05 0.000843597 3.33151e-08 0.184736 9.89669e-07 0.001761 0.00173542 9.0555e-05 0.0119043 0.0329753 0.00184289 0.275527 0.0757411 0.000283785 0.000204242 0.233966 9.16831e-05 
0.0109447 0.0296753 0.000302513 0.0111899 0.0334269 0.0255908 0.0226999 6.03839e-06 0.000986945 0.00320121 4.91991e-07 0.00110716 0.00161556 0.00253646 0.00944246 0.0227862 0.0500814 0.00130437 0.0578704 0.603528 0.000252086 0.00239424 0.0049725 0.102885 0.00119906 
1.35578e-11 0.017055 2.31735e-07 9.97942e-09 0.00310402 2.10489e-06 0.116846 2.97446e-11 1.24081e-08 0.0361588 3.85963e-09 2.07009e-06 2.66306e-11 0.0491219 3.8106e-07 4.4449e-07 0.0256697 1.10739e-11 5.85152e-07 0.673558 2.75827e-11 5.444e-12 0.0165508 0.0544155 0.0075137 
0.000709603 7.60294e-10 9.14011e-05 0.00170949 0.00208774 0.042343 0.0512959 3.60422e-05 2.96119e-05 0.0180363 3.95223e-09 0.0462611 0.000139302 0.000185097 0.00437122 0.000898148 0.000192104 0.00011396 0.00534789 0.817202 5.43277e-06 0.00785536 0.000900351 0.000112015 7.65209e-05 
2.74826e-05 7.28012e-05 7.94865e-05 0.00354074 0.00975141 0.00835708 0.000500114 3.66872e-09 9.13899e-10 0.0031814 1.64551e-09 0.140569 3.99458e-05 0.000470653 0.00894801 0.000117762 6.03704e-09 2.05989e-06 0.00739782 0.815461 2.77106e-06 0.000161633 2.82176e-06 0.00130014 1.58311e-05 
0.000504967 5.14806e-05 0.000130127 0.0017923 0.00252305 0.0565752 0.0448078 7.9711e-06 3.6539e-05 0.0178284 8.4031e-10 0.0297202 7.95398e-05 0.000347135 0.00716588 0.00224787 0.000626316 0.000238459 0.00294628 0.819796 4.48029e-06 0.00818123 0.00352896 0.000749912 0.000109821 
1.72936e-05 0.00158064 2.81902e-05 0.00014394 0.000126932 0.014471 0.0182229 1.60157e-07 5.37897e-07 0.0208855 6.26212e-06 0.0208657 7.76288e-06 0.0243402 0.00137376 0.00101063 0.0372306 0.000203054 0.000545738 0.834509 4.17799e-07 0.00193528 0.00201284 0.013299 0.00718292 
5.92581e-06 0.00658484 2.52254e-05 2.72925e-05 8.09876e-05 0.029825 0.00114402 0.000420289 4.09983e-05 0.00682398 5.67811e-12 0.19595 1.89395e-05 0.0064251 0.00647485 0.00476213 0.0396211 0.00276476 0.000415484 0.658491 3.48891e-06 0.000453273 0.00046757 0.0380658 0.00110743 
0.00162323 0.0082251 0.000917083 0.00725718 0.005655 0.181791 0.00923903 0.000337518 2.54509e-05 0.0715112 5.76559e-08 0.0679244 0.000225478 0.0508038 0.115867 0.043673 0.0384515 0.00785975 0.0110571 0.201753 1.52568e-05 0.0332518 0.0288308 0.111935 0.00177071 
0.000301241 9.14752e-05 0.000148824 0.00162289 0.00631848 0.0339513 0.0553578 1.29855e-07 0.169873 0.057338 1.98562e-07 0.00171317 0.000177677 0.00183899 0.00203011 0.00891464 0.00167832 9.57253e-06 0.0246249 0.613128 1.20417e-07 0.0117328 0.00238171 0.00629385 0.000473126 
2.74826e-05 7.28012e-05 7.94865e-05 0.00354074 0.00975141 0.00835708 0.000500114 3.66872e-09 9.13899e-10 0.0031814 1.64551e-09 0.140569 3.99458e-05 0.000470653 0.00894801 0.000117762 6.03704e-09 2.05989e-06 0.00739782 0.815461 2.77106e-06 0.000161633 2.82176e-06 0.00130014 1.58311e-05 
0.00147954 0.00135584 0.000111873 0.0657163 0.0602494 0.0647274 0.000960143 2.40185e-07 0.000231537 0.124069 1.9465e-08 0.0295665 0.000377088 0.0303654 0.104455 0.0256451 0.0423822 0.0239883 0.0945873 0.183303 2.58953e-06 0.0133981 0.0248451 0.104856 0.00332698 
0.000650478 5.90208e-05 0.000159998 0.00236244 0.00332479 0.075258 0.0595148 5.99414e-06 4.37486e-05 0.0236818 8.64754e-13 0.039558 9.33268e-05 0.000450499 0.00947929 0.00293542 0.000820491 0.000297574 0.0038914 0.760874 3.72726e-06 0.010819 0.00459489 0.000987224 0.000133804 
1.35578e-11 0.017055 2.31735e-07 9.97942e-09 0.00310402 2.10489e-06 0.116846 2.97446e-11 1.24081e-08 0.0361588 3.85963e-09 2.07009e-06 2.66306e-11 0.0491219 3.8106e-07 4.4449e-07 0.0256697 1.10739e-11 5.85152e-07 0.673558 2.75827e-11 5.444e-12 0.0165508 0.0544155 0.0075137 
0.00213297 0.000833996 2.21719e-05 0.00795655 0.018196 0.124824 0.130382 0.0214995 0.000513811 0.00742879 6.07825e-05 0.113297 0.000396835 0.00218886 0.0135692 0.165759 0.0178271 0.0289718 0.0309065 0.252011 1.03439e-05 0.0280885 0.0162754 0.0125228 0.00432528 
0.00502248 0.00640986 0.00102998 0.0829155 0.00363248 0.0420057 0.0120016 3.00785e-05 6.98422e-05 0.0308795 0.000383996 0.210942 0.000425495 0.0443962 0.108856 0.0185497 0.013193 0.00193965 0.0199323 0.262018 1.50788e-05 0.00953874 0.00372552 0.121292 0.000796484 
1.15385e-07 0.038443 5.46411e-06 3.77206e-05 0.00061883 0.00745965 0.00607467 2.35015e-11 1.25346e-06 0.00970394 2.60542e-09 0.28043 0.0859829 0.0291156 0.00274836 0.000933746 0.00700702 4.29056e-06 0.000493561 0.437704 2.90228e-09 5.02581e-06 0.00288612 0.0865494 0.00379583 
0.000709603 7.60294e-10 9.14011e-05 0.00170949 0.00208774 0.042343 0.0512959 3.60422e-05 2.96119e-05 0.0180363 3.95223e-09 0.0462611 0.000139302 0.000185097 0.00437122 0.000898148 0.000192104 0.00011396 0.00534789 0.817202 5.43277e-06 0.00785536 0.000900351 0.000112015 7.65209e-05 
0.000650478 5.90208e-05 0.000159998 0.00236244 0.00332479 0.075258 0.0595148 5.99414e-06 4.37486e-05 0.0236818 8.64754e-13 0.039558 9.33268e-05 0.000450499 0.00947929 0.00293542 0.000820491 0.000297574 0.0038914 0.760874 3.72726e-06 0.010819 0.00459489 0.000987224 0.000133804 
0.000153468 0.00110498 0.000126389 0.00706859 0.000146395 0.307236 0.00796003 5.43699e-05 3.65291e-08 0.00303293 0.000266027 0.0127193 3.20045e-06 0.0181864 0.0271685 0.0074488 0.00153965 0.00068824 0.000885029 0.437461 1.31626e-07 0.01177 0.000918832 0.154057 4.38831e-06 
0.000650478 5.90208e-05 0.000159998 0.00236244 0.00332479 0.075258 0.0595148 5.99414e-06 4.37486e-05 0.0236818 8.64754e-13 0.039558 9.33268e-05 0.000450499 0.00947929 0.00293542 0.000820491 0.000297574 0.0038914 0.760874 3.72726e-06 0.010819 0.00459489 0.000987224 0.000133804 
0.00117 0.00125011 0.000231409 0.0113543 0.00183159 0.0474262 0.0160405 0.00513432 0.000328936 0.0232982 1.31098e-06 0.0048704 0.000632335 0.00657443 0.00914496 0.0212803 0.090679 0.00331229 0.0129358 0.666397 4.74043e-05 0.0162859 0.00978653 0.0249238 0.0250631 
2.74826e-05 7.28012e-05 7.94865e-05 0.00354074 0.00975141 0.00835708 0.000500114 3.66872e-09 9.13899e-10 0.0031814 1.64551e-09 0.140569 3.99458e-05 0.000470653 0.00894801 0.000117762 6.03704e-09 2.05989e-06 0.00739782 0.815461 2.77106e-06 0.000161633 2.82176e-06 0.00130014 1.58311e-05 
2.74826e-05 7.28012e-05 7.94865e-05 0.00354074 0.00975141 0.00835708 0.000500114 3.66872e-09 9.13899e-10 0.0031814 1.64551e-09 0.140569 3.99458e-05 0.000470653 0.00894801 0.000117762 6.03704e-09 2.05989e-06 0.00739782 0.815461 2.77106e-06 0.000161633 2.82176e-06 0.00130014 1.58311e-05 
0.0016929 0.000366128 4.94099e-05 9.59245e-05 0.000361229 0.00507807 0.00290825 0.000122656 9.14634e-05 0.035909 8.48149e-09 0.0244624 2.61398e-05 0.00448123 0.0314463 0.012263 0.0479314 0.00067285 0.00160683 0.765945 0.000172886 0.0352217 0.00796766 0.0176093 0.00351809 
3.96924e-05 8.31312e-05 7.93459e-05 0.0038304 0.0119858 0.00895075 0.000750664 3.90891e-06 1.67631e-07 0.00362512 8.12439e-08 0.140797 4.02087e-05 0.000463636 0.00982178 0.000124054 1.21134e-05 5.19308e-06 0.0137028 0.803878 2.82698e-06 0.000177944 0.000170945 0.00143697 1.75037e-05 
0.00271369 0.0198952 0.000150945 0.0177264 0.0799094 0.0199819 0.0382565 7.96798e-05 0.000241477 0.00986053 0.000161335 0.00321287 9.17131e-05 0.016667 0.0296883 0.012855 0.105532 0.0163618 0.0195921 0.368088 2.26706e-06 0.0741562 0.00288087 0.141455 0.0204402 
0.000134311 0.00782778 0.00124752 1.27569e-05 0.00402327 0.0684553 0.00571706 7.66025e-08 0.000155192 0.00255279 9.84144e-08 0.0366205 6.85828e-08 0.024727 0.00245444 0.00335855 0.302903 2.8519e-08 0.00459344 0.439255 0.000797436 0.000373459 0.00292272 0.0829958 0.00887213 
0.000187933 0.0310915 0.000410241 0.000800095 0.00283982 0.028284 0.0005025 4.22905e-05 5.67998e-07 0.0143755 5.24715e-10 0.167263 4.88713e-06 0.0175482 0.00349326 0.00440847 0.0104925 7.5617e-05 0.00246844 0.603852 4.719e-08 0.000189703 0.000177524 0.110366 0.00112633 
1.87202e-07 0.153829 5.17365e-10 1.03228e-06 4.79383e-06 0.0584109 1.62232e-06 6.50454e-07 1.73234e-08 0.00205739 5.97297e-10 0.0765363 3.53281e-05 0.0022606 0.0926753 0.00123253 0.0143395 0.001294 0.00968622 0.310722 4.73662e-08 9.32089e-08 2.33805e-07 0.276912 2.79254e-07 
0.000215528 0.199242 7.69558e-06 0.000409219 0.000734605 0.0815709 0.0144303 4.2842e-08 2.15184e-06 0.0616203 5.552e-06 0.0506374 4.69967e-05 0.0266746 0.00351379 0.00212526 0.0106237 7.99659e-06 0.0514374 0.417929 2.61982e-07 3.02376e-05 0.00157097 0.0663764 0.0107876 
3.05976e-11 2.9309e-07 1.31026e-05 5.29153e-08 0.000713996 0.0137469 0.0406299 6.71286e-11 3.73104e-06 0.00594088 8.62429e-11 8.5023e-07 8.62089e-05 0.0169896 0.00163775 0.0053074 0.00729857 2.49918e-11 0.0131111 0.84366 6.22494e-11 1.22862e-11 0.00677083 0.0419008 0.00218777 
9.2801e-05 0.000117969 5.05522e-05 0.00446032 0.00399493 0.0143643 0.000769801 2.5457e-09 6.9059e-06 0.0133854 3.20668e-07 0.200506 3.64705e-05 0.000314426 0.00604731 0.00031421 1.50521e-05 1.67705e-05 0.00504739 0.739947 1.801e-06 0.000420614 0.000469577 0.00173901 0.00788135 
0.000212783 0.008523 1.09431e-05 0.000138805 0.00105646 0.0452929 0.0027384 0.00425301 0.000310292 0.0867813 2.24556e-08 0.0502509 0.00381149 0.0154552 0.00976379 0.0122749 0.33357 0.000236949 0.004129 0.369733 0.000104015 8.43154e-05 0.00191585 0.0488804 0.000471839 
9.59397e-05 0.000131176 0.000481137 0.00892299 0.0464229 0.0627952 0.00755492 1.21982e-05 1.21267e-05 0.00728461 4.26522e-07 0.0390399 0.000100638 0.0310127 0.0242756 0.00519309 0.0684531 0.000245622 0.0476242 0.546572 3.88794e-06 0.0251998 0.0171775 0.0600857 0.0013029 
5.92581e-06 0.00658484 2.52254e-05 2.72925e-05 8.09876e-05 0.029825 0.00114402 0.000420289 4.09983e-05 0.00682398 5.67811e-12 0.19595 1.89395e-05 0.0064251 0.00647485 0.00476213 0.0396211 0.00276476 0.000415484 0.658491 3.48891e-06 0.000453273 0.00046757 0.0380658 0.00110743 
0.000439213 0.00210483 0.000562506 0.00678368 0.00251629 0.0644959 0.00889746 0.0181377 0.00116344 0.0123655 6.11507e-08 0.144074 0.000237775 0.00819404 0.00874296 0.00345945 0.0535655 0.0083422 0.013033 0.585693 4.34382e-05 0.00727241 0.00231118 0.0467524 0.000811739 
0.026744 0.204739 0.000519395 0.00210992 0.00103838 0.0186497 2.55978e-07 0.0102318 0.00162175 0.045668 7.43549e-10 0.0594648 0.00015477 0.035376 0.0679935 0.0022914 0.00451366 0.0349297 0.0290818 0.404174 4.77662e-05 0.0008636 0.00244605 0.0473315 9.29359e-06 
0.00559611 0.00486275 7.96593e-05 0.00770473 0.0114058 0.0234376 0.0192638 0.00458348 0.0109605 0.0228947 0.00325934 0.00164005 0.000858288 0.0108999 0.0126862 0.0142492 0.140381 0.00570324 0.0436411 0.497688 0.000253246 0.0488068 0.0138358 0.0908915 0.00441781 
0.000601295 0.00492591 0.000358518 0.000383071 0.00037281 0.028872 0.00143675 6.23186e-09 1.66986e-06 0.00399145 3.58169e-12 0.30767 0.000565687 0.029539 0.039057 0.00218171 0.00699761 0.00195246 0.00737162 0.466755 2.58524e-12 0.0147422 0.00268083 0.0793482 0.0001961 
0.00105421 0.0203334 0.000706608 0.00101371 0.00504144 0.0196546 0.00779766 6.46854e-10 9.7983e-06 0.0785615 3.60954e-08 0.023629 4.95478e-08 0.0307165 0.00579945 0.00264576 0.0664114 1.60029e-07 0.00196178 0.361722 8.91425e-06 0.000744042 0.00655192 0.360679 0.00495675 
0.000709603 7.60294e-10 9.14011e-05 0.00170949 0.00208774 0.042343 0.0512959 3.60422e-05 2.96119e-05 0.0180363 3.95223e-09 0.0462611 0.000139302 0.000185097 0.00437122 0.000898148 0.000192104 0.00011396 0.00534789 0.817202 5.43277e-06 0.00785536 0.000900351 0.000112015 7.65209e-05 
0.000104904 0.0354085 0.000150443 0.00181452 0.00027422 0.0232587 0.000897978 4.08516e-07 2.85068e-05 0.0123413 7.28967e-06 0.301518 2.26551e-05 0.0223728 0.0332368 0.00750909 0.0261683 0.00637394 0.00278586 0.461553 2.20651e-05 0.00268592 0.00292903 0.0584947 4.17767e-05 
0.00028055 0.013726 0.000330565 0.00260073 0.0020728 0.0109072 0.00171075 3.87275e-05 1.1087e-05 0.0157175 0.000294117 0.0987507 3.06654e-05 0.0248926 0.0107683 0.0229732 0.100952 0.0033922 0.00159813 0.380743 8.55756e-06 0.00266179 0.00184768 0.302132 0.00155876 
6.19444e-05 0.00101271 4.49599e-05 0.000395544 8.81798e-05 0.00135558 0.000255582 1.41032e-09 1.61781e-06 0.00612772 6.51962e-09 0.0497063 8.91713e-06 0.00391872 0.0053203 0.00454311 0.00567907 1.40869e-05 0.000701349 0.886204 3.68885e-06 0.00117993 0.000965563 0.0323903 2.12696e-05 
0.00159551 0.0228003 0.000112614 0.0103633 0.00711965 0.0673666 0.0238716 0.0178114 0.00664984 0.0106486 0.0023593 0.203118 0.019796 0.0165059 0.0253973 0.0322018 0.0331859 0.128795 0.0154499 0.276659 5.66731e-05 0.0213393 0.0108707 0.0438791 0.00204726 
9.11241e-07 0.00126214 3.42778e-06 6.44414e-06 0.000530552 0.0493608 0.00125383 0.0376718 3.03974e-05 0.00301602 7.75564e-12 0.0967576 1.87731e-05 0.00135347 0.00316478 0.00299804 0.0391693 0.00742852 0.00270058 0.731645 1.25604e-05 0.00284696 0.000337359 0.0172456 0.0011854 
0.00106993 0.00282308 6.01528e-07 2.51327e-07 3.9449e-06 0.000226783 5.8354e-05 1.78673e-07 6.28177e-05 0.00639782 2.34141e-08 0.00987877 0.00040078 0.000158367 6.58108e-07 0.000921095 0.00171853 6.78504e-09 1.25315e-06 0.839013 3.93352e-06 2.8059e-05 3.52601e-05 0.137196 9.44549e-08 
2.74826e-05 7.28012e-05 7.94865e-05 0.00354074 0.00975141 0.00835708 0.000500114 3.66872e-09 9.13899e-10 0.0031814 1.64551e-09 0.140569 3.99458e-05 0.000470653 0.00894801 0.000117762 6.03704e-09 2.05989e-06 0.00739782 0.815461 2.77106e-06 0.000161633 2.82176e-06 0.00130014 1.58311e-05 
1.64596e-08 0.00504229 1.76283e-05 2.08002e-07 4.42479e-07 0.00308473 3.14202e-11 0.000103547 6.29626e-06 9.27796e-09 1.71789e-10 0.0504538 1.61173e-07 0.0288123 0.00278871 0.00146529 0.151578 0.000435191 9.3792e-09 0.509097 1.23996e-10 0.000128286 7.09985e-08 0.24697 1.59439e-05 
2.74826e-05 7.28012e-05 7.94865e-05 0.00354074 0.00975141 0.00835708 0.000500114 3.66872e-09 9.13899e-10 0.0031814 1.64551e-09 0.140569 3.99458e-05 0.000470653 0.00894801 0.000117762 6.03704e-09 2.05989e-06 0.00739782 0.815461 2.77106e-06 0.000161633 2.82176e-06 0.00130014 1.58311e-05 
0.00102067 0.0029351 4.52398e-05 1.55787e-05 0.0108321 0.0123197 0.00131229 6.40107e-11 2.00784e-08 0.120971 8.22372e-11 0.0852981 1.78122e-06 0.00490941 4.59283e-05 0.0188999 2.98797e-07 8.56826e-08 0.00126674 0.66036 6.44608e-08 5.21081e-07 1.25234e-06 0.0775875 0.0021769 
0.00237467 0.000183578 1.37812e-06 0.000126547 0.00048545 0.0636836 0.000785211 7.72863e-10 9.46079e-06 0.0693885 6.47234e-08 0.00702222 0.000130122 0.0198218 0.0462221 0.0415609 0.265985 5.8122e-08 0.0257413 0.357376 7.9535e-08 0.0541322 0.0246108 0.020328 3.06642e-05 
0.000650478 5.90208e-05 0.000159998 0.00236244 0.00332479 0.075258 0.0595148 5.99414e-06 4.37486e-05 0.0236818 8.64754e-13 0.039558 9.33268e-05 0.000450499 0.00947929 0.00293542 0.000820491 0.000297574 0.0038914 0.760874 3.72726e-06 0.010819 0.00459489 0.000987224 0.000133804 
0.000693718 0.0143958 0.000303169 0.000496663 0.000353087 0.0881377 0.00531744 0.000494318 4.00835e-05 0.0115337 1.59897e-05 0.105609 0.000109663 0.102129 0.0569364 0.0126347 0.206769 0.00543347 0.00279527 0.321402 0.000254324 0.00430542 0.00112578 0.0565174 0.00219837 
8.33115e-05 0.0263502 0.00327475 0.000342873 0.00128682 0.0429308 0.00195971 0.00484241 4.20808e-05 0.0049845 6.02478e-10 0.406905 8.75207e-05 0.00572002 0.00606867 0.00708805 0.0275643 0.0104452 0.00325829 0.40756 5.92612e-05 0.00187476 0.00199288 0.0326643 0.0026142 
2.74826e-05 7.28012e-05 7.94865e-05 0.00354074 0.00975141 0.00835708 0.000500114 3.66872e-09 9.13899e-10 0.0031814 1.64551e-09 0.140569 3.99458e-05 0.000470653 0.00894801 0.000117762 6.03704e-09 2.05989e-06 0.00739782 0.815461 2.77106e-06 0.000161633 2.82176e-06 0.00130014 1.58311e-05 
0.00301839 0.0913003 0.0440395 0.00170458 0.0624958 0.0210181 0.0179969 5.90592e-05 5.26733e-06 0.0133116 9.29797e-08 0.112552 0.000510884 0.0261045 0.00658346 0.0104747 0.074281 0.0281974 0.00483269 0.307698 6.66117e-06 0.00193345 0.0117129 0.151476 0.00868702 
2.9472e-06 0.0340733 0.00427034 6.99912e-07 0.00112464 3.0753e-05 0.0144487 1.9843e-07 2.78644e-05 0.00279569 3.97877e-09 0.0116532 0.00193585 0.00084108 5.39057e-05 0.0018914 0.0541659 0.000727298 0.156635 0.327006 2.87185e-09 2.40683e-06 7.26494e-07 0.165842 0.22247 
0.000185331 0.00199995 5.10373e-05 0.00271793 0.00219784 0.016338 0.00860641 6.72423e-06 2.30616e-05 0.00785345 1.38088e-07 0.291005 0.0327254 0.00261379 0.00612399 0.00070225 0.000859663 0.000421343 0.00450456 0.61251 1.90843e-06 0.00180362 0.000997304 0.00568897 6.25368e-05 
0.00731409 3.61515e-05 0.000419192 0.00492155 0.0333763 0.0146941 0.00306681 0.000401729 1.48764e-05 0.0161643 1.0923e-07 0.0999344 8.96415e-05 0.02968 0.0175815 0.0179563 3.19462e-08 0.000251362 0.0346229 0.666694 7.08941e-06 0.0310579 2.07185e-06 0.0217131 1.02744e-08 
0.000395283 0.348077 4.57455e-08 0.000127794 0.00223846 0.0162479 0.0194747 1.51755e-11 1.1043e-06 0.0080223 1.84062e-09 0.0243068 1.88623e-05 0.0631199 0.00246076 0.00193843 0.0189872 1.21768e-05 0.00445261 0.374838 1.40725e-11 1.90805e-08 0.00921268 0.0969232 0.00914436 
2.25977e-06 0.000648142 0.000120318 0.0229967 0.012154 0.0856014 0.0192384 0.00508205 0.000323712 0.0063935 4.74617e-07 0.00188198 0.000265768 0.00354553 0.00467365 0.0345275 0.129711 2.83843e-05 0.0454381 0.374034 0.198609 0.00110243 0.0468448 0.00632314 0.000454228 
1.17456e-06 0.0121175 6.77498e-05 7.0321e-08 0.000395144 0.192849 2.46418e-07 3.67533e-05 1.11696e-08 0.0365816 4.77871e-12 0.082195 0.00049835 0.057634 0.0267524 0.0117336 0.148356 0.00450643 0.00258579 0.210583 3.76353e-09 0.0123507 0.00333186 0.196667 0.000756609 
0.000188064 0.0192424 0.0443369 0.000707668 5.52955e-05 0.0211775 0.00526405 9.71622e-07 3.5164e-06 0.0172523 8.94173e-08 0.0700731 6.00357e-06 0.0747289 0.0140479 0.000591948 0.0217081 0.000925205 0.000501929 0.397911 4.88846e-06 0.0198562 0.000219588 0.290835 0.000361208 
2.74826e-05 7.28012e-05 7.94865e-05 0.00354074 0.00975141 0.00835708 0.000500114 3.66872e-09 9.13899e-10 0.0031814 1.64551e-09 0.140569 3.99458e-05 0.000470653 0.00894801 0.000117762 6.03704e-09 2.05989e-06 0.00739782 0.815461 2.77106e-06 0.000161633 2.82176e-06 0.00130014 1.58311e-05 
0.000650478 5.90208e-05 0.000159998 0.00236244 0.00332479 0.075258 0.0595148 5.99414e-06 4.37486e-05 0.0236818 8.64754e-13 0.039558 9.33268e-05 0.000450499 0.00947929 0.00293542 0.000820491 0.000297574 0.0038914 0.760874 3.72726e-06 0.010819 0.00459489 0.000987224 0.000133804 
0.000531608 0.00103048 1.91479e-05 0.00404463 0.00187092 0.00529092 0.00386491 0.00651551 0.000256094 0.0027648 0.000683891 0.000172135 0.0015645 0.0726155 0.00363292 0.0899525 0.00199157 0.0184512 0.0042784 0.661065 1.59561e-05 0.0286322 4.46576e-06 0.0907401 1.02169e-05 
3.31929e-05 0.00793538 5.96853e-06 0.000687866 0.000573806 0.0930548 0.000524352 0.0323375 4.97621e-05 0.0205818 4.78049e-07 0.0144084 0.000115457 0.00300154 0.023413 0.052372 0.0266098 0.000179218 6.79309e-05 0.712588 3.25149e-05 0.000285334 0.000304643 0.0107015 0.000136089 
0.00734851 0.00102132 0.00022708 0.00155188 0.0086891 0.0307233 0.256474 3.401e-06 9.75862e-05 0.130626 8.19237e-06 0.00445205 0.000437582 0.011792 0.00424779 0.00209135 0.0935813 0.000361586 0.0146012 0.377448 1.46268e-06 0.0296514 0.00122178 0.0193001 0.00404208 
0.000709603 7.60294e-10 9.14011e-05 0.00170949 0.00208774 0.042343 0.0512959 3.60422e-05 2.96119e-05 0.0180363 3.95223e-09 0.0462611 0.000139302 0.000185097 0.00437122 0.000898148 0.000192104 0.00011396 0.00534789 0.817202 5.43277e-06 0.00785536 0.000900351 0.000112015 7.65209e-05 
3.19e-06 0.00081737 7.78812e-06 1.46661e-06 2.21134e-06 0.00077797 0.000570138 0.000326818 1.32644e-06 0.000385631 0.000214434 1.04476e-06 0.000473087 0.00131156 0.000609706 0.00103041 0.0950433 0.000856735 0.00144304 0.894933 6.4899e-06 1.28091e-06 1.81638e-06 0.000742113 0.000437594 
0.000709603 7.60294e-10 9.14011e-05 0.00170949 0.00208774 0.042343 0.0512959 3.60422e-05 2.96119e-05 0.0180363 3.95223e-09 0.0462611 0.000139302 0.000185097 0.00437122 0.000898148 0.000192104 0.00011396 0.00534789 0.817202 5.43277e-06 0.00785536 0.000900351 0.000112015 7.65209e-05 
0.119855 0.00197771 0.000557642 0.0204138 0.0130648 0.0232099 0.138831 1.06154e-07 0.00669376 0.16673 7.91455e-06 0.00838498 0.00299756 0.00405586 0.00595485 0.0155884 0.0641194 0.0198766 0.0476577 0.207019 3.88989e-06 0.043942 0.0291325 0.0465893 0.013336 
