5.51182e-07 0.000234645 0.911174 0.000200411 3.82085e-07 6.70896e-08 6.44095e-05 1.20925e-06 2.29188e-07 1.24676e-07 1.55357e-06 1.80518e-07 1.08265e-06 0.00111425 9.33505e-06 1.10041e-06 0.0772572 4.502e-07 1.70285e-07 0.00935865 1.12135e-06 2.21322e-07 3.13842e-07 0.000577668 7.18019e-07 
0.000161738 0.0225928 0.353738 0.00136344 0.00127762 0.00863336 0.0085784 1.19623e-07 1.92807e-07 0.0152771 3.68224e-06 0.0287273 0.192212 0.164926 0.0156958 0.00458739 0.0218111 0.00831651 0.00345947 0.00676764 1.10928e-07 4.86266e-05 1.66401e-05 0.137275 0.00452918 
0.0182372 0.0285046 0.534794 4.52985e-06 0.00276014 1.50839e-05 0.00675951 1.85281e-07 2.05319e-07 0.195827 2.38038e-07 2.7659e-08 2.43318e-06 0.0812153 0.000933223 0.0188987 0.0425801 1.35997e-06 0.00725743 5.32793e-06 1.71814e-07 0.0263377 0.00244606 0.0333839 3.51306e-05 
0.0144754 0.00131507 0.728076 0.00193927 0.0322847 0.00853431 0.0111582 6.33305e-06 2.74189e-06 0.00245814 0.000141577 0.0342247 1.08069e-05 0.00114426 0.00504956 0.0230774 0.0964503 0.00137117 0.00929393 0.00216697 5.27855e-06 0.0115437 0.000176931 0.0123448 0.00274854 
0.00595888 0.0165146 0.228461 0.0537641 0.00890895 0.0588095 0.02249 0.000215507 0.000188347 0.0651717 4.22892e-06 0.0193562 0.000413465 0.0155466 0.0281822 0.0335249 0.0440331 0.00727496 0.0492283 0.00124777 1.41863e-05 0.217637 0.00639059 0.115566 0.00109851 
8.03808e-06 1.50196e-05 0.991458 1.83581e-05 8.61582e-06 0.000225738 0.00010818 1.67657e-06 5.37934e-07 0.000399784 8.51772e-06 3.80293e-07 4.43402e-06 6.06496e-05 0.000408654 6.01544e-05 0.00698015 5.4752e-05 8.78166e-06 5.26692e-06 1.55471e-06 7.68616e-05 2.77585e-05 4.31567e-05 1.52187e-05 
0.00352951 0.0116739 0.254414 0.163257 0.00347287 0.0578025 0.015036 9.06549e-07 7.70766e-05 0.0230725 3.5551e-07 0.00135038 0.00265492 0.0297592 0.12917 0.0532792 0.0200249 0.00122378 0.191401 0.00118686 3.96856e-06 0.00287298 0.0229669 0.011173 0.000595665 
0.0174864 0.00929028 0.266881 0.00722446 0.0492884 0.0236381 0.0133681 1.67561e-06 5.73746e-05 0.0561473 1.95279e-08 0.0333257 6.21162e-05 0.055572 0.174273 0.00909988 0.0297495 0.00017275 0.0684544 0.000727269 1.67411e-06 0.146444 0.00659523 0.0298494 0.00229036 
3.50834e-06 0.00274159 0.962168 0.00109022 2.58383e-06 0.000140986 5.19652e-05 4.12202e-08 2.98208e-08 0.000210173 6.58681e-07 1.85284e-08 0.000113886 0.000560858 0.0267498 0.000734677 0.0052525 1.85875e-05 8.92742e-06 3.77003e-06 3.82241e-08 2.67505e-05 7.48724e-05 3.53178e-05 1.07441e-05 
0.00175971 0.000245675 0.258008 0.000289093 1.66632e-05 0.101253 0.199287 5.1555e-05 1.42483e-05 0.00152679 8.14419e-07 7.90808e-05 0.000125299 0.000162714 0.0194925 0.0637149 0.146093 0.0371944 0.0142013 9.85954e-05 0.000886408 0.0857875 0.0421346 0.0274279 0.00014925 
0.00135162 0.00509112 0.273007 0.000891247 0.00940157 0.0740044 0.132523 0.000101031 2.15028e-06 0.27111 4.32989e-06 8.66438e-05 3.2764e-06 3.0566e-05 0.0358652 0.016766 0.0120262 0.0147748 0.134392 2.86913e-06 2.4507e-05 0.00926137 1.40195e-05 0.00692708 0.00233861 
0.00109199 0.0720486 0.664652 0.0475081 0.00148837 0.00130692 0.00514092 2.49499e-06 4.72875e-07 0.0184828 9.00253e-06 4.90891e-07 0.00230141 0.00870532 0.0060363 0.00426965 0.14775 0.00107335 0.000149044 0.00164547 2.31365e-06 2.19018e-05 0.00307843 0.0115993 0.00163523 
0.000104324 0.0218494 0.357518 0.000947231 0.006499 0.054943 0.00409095 1.29727e-10 6.93723e-08 0.154287 9.41105e-07 0.000188306 0.00104472 0.00349045 0.0117868 0.00663672 0.00698371 8.00333e-06 0.000343336 0.227628 1.20298e-10 0.007462 0.00817463 0.126013 2.85786e-07 
0.00826298 0.00150823 0.365035 0.0126935 0.00119405 0.0225443 0.00227444 1.0939e-05 1.4729e-05 0.0358383 8.14206e-07 0.0183248 1.56116e-05 0.187869 0.101623 0.00536605 0.00915144 0.0342374 0.00341565 0.121174 1.88691e-07 0.00658677 0.00156632 0.0610171 0.000276302 
0.0418336 7.02599e-06 0.943973 0.00112433 4.01737e-06 0.000107083 5.0994e-05 8.58613e-07 2.62997e-07 0.000189798 0.00059043 1.87693e-07 0.00347272 0.00254508 0.00019406 2.83803e-05 0.00537696 2.50989e-05 4.10343e-06 2.4624e-06 7.96205e-07 3.61376e-05 1.29343e-05 0.000412482 6.98694e-06 
5.54068e-06 0.000540027 0.49294 1.78769e-06 9.08918e-05 6.22166e-05 2.00454e-06 0.000151719 7.80027e-06 8.79537e-07 1.09598e-05 0.338716 7.63762e-06 0.000724959 4.06958e-05 2.8357e-05 0.163816 3.17597e-06 1.45652e-06 0.000290168 7.91068e-06 1.56133e-06 3.13796e-05 0.00227247 0.000243987 
0.0101632 0.00226592 0.305457 0.00893388 0.00227936 0.0409458 0.00342898 3.22984e-06 0.0707074 0.0177931 1.06871e-06 0.000122391 2.86733e-05 0.00533172 0.224867 0.026784 0.0189912 0.00300299 0.0730238 0.000427875 3.59849e-06 0.0398294 0.133976 0.0115135 0.000119083 
5.53767e-07 8.06486e-06 0.305723 0.0144811 0.000646838 0.146567 0.027925 6.60836e-07 7.6752e-05 0.0363367 1.2659e-09 0.0016055 0.000478717 0.00168471 0.215201 0.0274518 0.000354082 1.56068e-05 0.00938271 8.8776e-05 9.13716e-10 0.0308798 0.173093 0.00357022 0.00442928 
0.0101371 0.0025239 0.286376 0.000738314 0.0498822 0.0132672 2.5789e-06 3.21565e-09 0.00544131 0.0702947 3.69863e-07 0.00921129 2.19087e-05 0.0613268 0.200479 0.130185 0.0014942 4.21603e-07 0.00766531 0.0190829 5.67014e-05 0.000458366 0.00476621 0.125967 0.000621309 
0.00967863 0.00123842 0.339158 0.000357696 0.00159776 0.00150934 8.33949e-06 2.9785e-10 0.018785 0.0165106 4.81661e-08 0.000165511 8.51442e-06 0.144063 0.295493 0.0423766 0.00363843 5.64234e-08 0.00546137 0.000191952 8.28098e-05 0.00114519 0.000533868 0.117307 0.000689122 
8.20609e-06 0.00601953 0.865 2.36903e-05 6.25145e-06 0.000299362 0.000113301 3.02332e-05 7.64823e-08 0.000445758 2.20623e-06 0.0040789 1.00177e-06 0.0152268 0.000560228 0.00190203 0.000907824 4.69544e-05 1.95681e-05 0.0582996 9.70923e-09 0.000159142 1.67275e-05 0.0468081 2.48301e-05 
0.000243184 0.00158922 0.686665 0.000406528 0.0029162 0.0299184 0.000467619 3.1251e-06 3.33728e-06 0.0918979 1.70809e-08 0.000421518 2.9403e-05 0.00759338 0.0181828 0.00157709 0.0211796 7.95481e-05 0.00295809 0.111073 6.19827e-07 0.000348307 0.000461598 0.0217905 0.000194321 
0.00419888 0.00549769 0.372759 0.00217455 0.000626243 0.0112439 0.00984372 0.000644565 0.0533189 0.0160914 0.330704 4.0702e-05 0.00110556 0.0569058 0.0450792 0.00248675 0.0376886 0.00406561 0.00339945 0.000771644 0.000529114 0.0145979 0.00145079 0.023739 0.00103723 
0.000104324 0.0218494 0.357518 0.000947231 0.006499 0.054943 0.00409095 1.29727e-10 6.93723e-08 0.154287 9.41105e-07 0.000188306 0.00104472 0.00349045 0.0117868 0.00663672 0.00698371 8.00333e-06 0.000343336 0.227628 1.20298e-10 0.007462 0.00817463 0.126013 2.85786e-07 
0.053056 0.00103535 0.361422 0.0461199 0.00288888 0.043998 0.18047 1.47537e-05 0.00280564 0.00621455 3.13707e-09 0.00906814 8.98133e-05 0.00280274 0.0637856 0.0122358 0.000413693 0.000690254 0.0343098 0.000509282 6.58733e-07 0.10684 0.00224744 0.055496 0.0134857 
0.0256333 0.00526731 0.26672 0.0110804 0.0268897 0.0384782 0.0123518 4.14787e-07 0.0262001 0.154908 0.00115374 0.000257309 0.00177797 0.0230165 0.176514 0.0314929 0.00199058 0.00351324 0.0965896 0.000374685 2.01877e-05 0.0629864 0.00938198 0.0227971 0.000604717 
0.000779313 0.0015267 0.705993 1.52835e-05 5.98653e-05 0.000274894 0.000163472 2.20537e-08 2.67562e-08 0.0371643 1.95968e-05 2.48205e-05 4.55408e-07 0.0905893 0.0349101 4.05287e-05 0.0107784 0.000182168 0.0309661 4.33096e-06 2.04507e-08 0.0636061 6.76398e-05 0.0228157 1.76354e-05 
0.00197322 0.0495837 0.405855 0.0156202 0.000512739 0.081784 0.000822704 0.0187141 0.000405138 0.0223443 3.18207e-09 0.00550162 0.0255897 0.0519273 0.0433258 0.00267649 0.0321642 0.182106 0.0172246 0.0123305 2.60127e-06 0.000867358 0.00393317 0.02413 0.000605482 
0.000283938 0.0621817 0.484267 0.00199107 1.16483e-05 0.293588 0.0256718 2.10935e-09 5.49305e-07 0.0273477 9.73642e-07 0.000176453 6.18468e-06 0.0253336 0.0512868 0.00438774 0.00347278 0.000498843 0.00703789 0.00105842 1.95604e-09 3.92628e-05 6.94512e-05 0.0112454 4.28012e-05 
0.0039724 0.00458653 0.562283 0.0289223 0.000576373 0.0175567 0.00119341 3.24385e-07 0.0158226 0.0135072 0.000218314 0.00220737 0.00224163 0.00396982 0.136571 0.00432042 0.0200305 0.00228478 0.0841702 4.59543e-05 3.18428e-06 0.0720928 0.00414416 0.0192058 7.33192e-05 
0.00295966 0.0230762 0.908701 6.04125e-07 6.04022e-07 6.04271e-07 6.041e-07 6.03374e-07 6.04144e-07 6.04226e-07 6.03102e-07 0.0103925 6.03474e-07 0.00163186 0.00519718 6.0418e-07 0.00743245 6.03971e-07 6.0419e-07 6.03983e-07 6.03442e-07 0.00326301 6.04078e-07 0.0293069 0.00803062 
0.393585 0.00356155 0.494099 0.000240418 4.22827e-06 1.78474e-05 1.30102e-05 8.41988e-07 4.7387e-07 0.00246682 1.08174e-06 7.35397e-06 0.000171049 0.00401962 0.00420661 4.39717e-06 0.00671006 5.62111e-06 0.00147242 1.72306e-05 7.80789e-07 0.0329245 0.0168866 0.0395278 5.5216e-05 
0.00175339 0.0300237 0.687123 0.0185316 0.00214063 0.000807312 0.0079128 2.48268e-06 4.96019e-06 0.00233238 2.7723e-07 0.000235402 7.88607e-05 0.0197967 0.00652551 9.44149e-05 0.0741921 0.000116301 0.0812171 0.000158011 4.46981e-05 0.00387848 0.0158679 0.0214283 0.0257341 
0.000172648 0.000131092 0.491574 0.000279837 0.00102232 0.0146537 0.00244415 4.41761e-08 6.77368e-08 0.435531 7.83661e-05 6.59467e-09 1.30257e-06 0.00870532 0.0147758 0.0032796 0.00243963 1.64467e-08 0.0107079 2.35197e-07 4.09652e-08 0.0113448 4.45944e-07 0.00168935 0.00116814 
0.00413443 0.000645433 0.781254 3.29027e-05 0.000659571 0.00609804 0.00683396 5.15562e-10 3.26243e-08 0.0211918 2.67905e-06 1.13153e-08 0.000932627 0.00401321 0.0039262 0.000131555 0.0366705 0.00490167 0.00353938 9.0123e-05 2.31699e-05 0.000311265 0.121308 0.00292876 0.000370437 
5.92706e-06 0.00165018 0.92817 2.21385e-05 5.27369e-06 0.000765068 0.000157302 6.80466e-07 1.96319e-08 0.000816647 1.26113e-06 0.00133462 5.72478e-07 0.00416807 0.00152025 0.00154873 0.00108143 0.000295271 0.000163227 0.0421154 2.19284e-09 0.000163736 0.00301738 0.0129643 3.28121e-05 
0.0118948 0.00120641 0.353218 8.94389e-06 0.0306994 0.00257924 0.0371177 4.30632e-08 5.22588e-08 0.146234 0.000276771 1.97206e-08 6.2598e-07 0.0201123 0.0794654 0.00157854 0.0234311 1.60332e-05 0.0143437 0.00192606 3.99332e-08 0.226756 0.0077358 0.0269933 0.0144056 
0.00296269 0.00109787 0.508181 0.00906539 0.00531627 0.00472141 0.0270487 4.72433e-07 1.33786e-05 0.0761517 8.05093e-05 0.103502 0.00017511 0.0334178 0.000279933 0.012924 0.0944558 0.000285379 0.0365767 0.000335206 4.38095e-07 0.00491596 0.00722915 0.0466906 0.0245727 
1.28406e-05 2.66496e-05 0.999608 7.05908e-06 2.85935e-06 2.49183e-05 1.24642e-05 1.65386e-06 6.39339e-07 4.55406e-05 2.12479e-06 2.46891e-07 5.82187e-06 3.94016e-05 7.2135e-05 4.67833e-06 2.17139e-06 2.02131e-06 2.57346e-05 7.34449e-06 1.53365e-06 3.2231e-06 1.83047e-06 2.96347e-05 5.89903e-05 
9.97982e-06 7.30243e-05 0.99556 3.88654e-05 9.74457e-06 0.00069556 0.000263963 4.88886e-08 6.42221e-08 0.00077579 2.95825e-06 3.80686e-08 1.1169e-06 0.00017093 0.0010183 0.000102863 0.000337585 0.000462546 2.71514e-05 1.09776e-05 4.53351e-08 0.000224659 6.33715e-05 0.000106075 4.4333e-05 
0.00768437 0.0135518 0.561265 0.000767276 0.00165865 0.000294864 0.000107535 7.77451e-10 4.44735e-08 0.0464907 8.63962e-07 4.68515e-06 0.000363362 0.004593 0.0796357 4.75698e-05 0.0279908 3.55769e-05 0.0304058 0.00492387 1.01649e-06 0.158835 1.34158e-05 0.058458 0.00287047 
0.00247718 0.0059798 0.560927 0.0191197 0.000238186 0.0180104 0.0662011 1.80919e-05 1.76577e-05 0.0335421 4.92073e-05 5.15224e-05 0.000202773 0.0208199 0.19983 0.00683516 0.0239977 0.00929079 0.00121109 0.00109448 2.08104e-07 0.00227989 0.00187868 0.00952933 0.0163978 
6.9391e-05 0.0015268 0.570817 0.00359546 2.39035e-06 0.0135581 0.00221879 5.43865e-07 2.55634e-07 0.194055 8.08762e-07 0.000501505 1.46617e-05 0.0132454 0.140248 0.00399546 3.68853e-05 0.00210557 0.000521384 0.000117109 1.12643e-08 0.0495826 0.000399653 0.00335571 3.22279e-05 
0.00498977 1.661e-05 0.827318 7.9245e-06 2.60753e-06 0.00204627 3.52011e-05 3.60088e-07 9.38713e-06 0.0196966 1.81908e-06 8.1467e-08 9.07474e-05 3.50569e-05 0.00676278 1.58622e-05 0.134543 0.0023861 0.0001314 3.42983e-06 3.33915e-07 0.000157311 6.67217e-06 0.00173296 9.92463e-06 
0.0012804 0.00916291 0.265892 0.0140877 0.00607139 0.140909 0.0428569 2.20532e-07 2.20813e-07 0.0856211 0.00200616 0.000353545 2.20569e-07 0.0253285 0.124716 0.0306288 0.085178 0.0589626 0.00253977 0.00326739 2.20557e-07 0.0521792 0.0237793 0.0251774 2.20673e-07 
1.06646e-05 5.70728e-05 0.997878 2.71363e-05 8.45063e-06 0.000307215 0.00012336 5.59604e-07 2.52869e-07 0.000456384 5.06107e-06 1.72248e-07 2.45667e-06 0.000123455 0.000570594 5.53343e-05 7.42778e-05 6.5753e-05 2.17704e-05 1.10298e-05 5.1893e-07 6.85211e-05 2.23197e-05 7.86417e-05 3.11204e-05 
0.0713832 0.00206924 0.296697 0.00662821 0.000262326 0.00696022 0.000612155 0.000169617 7.78897e-06 0.140679 4.00443e-09 0.00216056 4.74284e-05 0.0230702 0.0907116 0.00134732 0.0124958 0.000697921 0.0421119 0.000964606 7.70616e-09 0.176142 0.0019156 0.122866 1.85074e-09 
5.57188e-06 3.47271e-05 0.880809 1.56006e-05 0.00430583 0.000198943 7.4728e-05 1.19611e-07 7.64283e-08 0.0076299 1.37891e-06 4.28874e-08 8.23217e-07 0.000461501 0.000372819 0.00298341 0.0876115 2.93534e-05 0.00159922 5.82812e-06 1.10917e-07 0.0137813 1.06328e-05 5.02219e-05 1.69716e-05 
9.46522e-06 5.49289e-05 0.756861 2.55126e-05 7.3463e-06 0.0191402 0.000118624 3.94762e-09 1.15436e-07 0.000451469 3.33563e-06 6.86327e-08 1.53131e-06 0.000120731 0.0349154 5.29854e-05 7.02541e-05 5.68304e-05 0.172455 9.94981e-06 3.66069e-09 0.0139792 1.96189e-05 7.72081e-05 0.00156916 
1.38821e-06 3.86602e-06 0.770516 4.5832e-06 0.00831014 0.026986 1.50768e-05 1.16309e-06 2.20439e-07 0.0950432 5.28888e-06 0.00115732 1.04132e-06 0.000271085 0.0127341 0.00492792 0.00541765 0.00230644 6.89401e-07 2.14316e-06 1.07855e-06 1.42502e-05 0.00429987 0.0679792 6.9061e-07 
0.00805121 0.00316901 0.529172 0.000273191 0.0027654 0.0136903 0.00103256 8.10589e-08 3.51854e-06 0.327996 7.55939e-07 0.000578699 3.27257e-05 0.00210791 0.00396563 0.00475691 0.0665913 5.57415e-06 0.00684296 0.0182017 7.51672e-08 0.00150556 0.00164102 0.0055761 0.00203935 
0.000763912 0.00523851 0.663635 0.00144182 0.000713898 0.0354304 0.00349071 7.79293e-07 8.8425e-06 0.0358082 2.21659e-05 0.001165 0.000206756 0.0183363 0.11061 0.0123797 0.021932 0.00266597 0.0181999 0.000484735 1.77367e-07 0.0427222 0.00446327 0.0104182 0.00986074 
0.00565363 0.0594702 0.220084 0.138083 0.00546969 0.0528948 0.0152042 7.50014e-07 6.74098e-05 0.0272623 8.117e-08 0.00860177 0.00260086 0.0293188 0.116517 0.110004 0.0152802 0.000630003 0.113983 0.00293011 2.85975e-06 0.00333442 0.0162676 0.0552233 0.00111586 
5.36952e-06 0.00279648 0.972944 0.000703795 5.23017e-06 0.000379059 0.00014355 2.93384e-08 3.32221e-08 0.000422722 1.51913e-06 1.91635e-08 6.88711e-05 0.000414237 0.0173969 0.000507283 0.00365743 0.000251457 1.47408e-05 5.91166e-06 2.72059e-08 0.000122159 7.73677e-05 5.77389e-05 2.39971e-05 
0.00967863 0.00123842 0.339158 0.000357696 0.00159776 0.00150934 8.33949e-06 2.9785e-10 0.018785 0.0165106 4.81661e-08 0.000165511 8.51442e-06 0.144063 0.295493 0.0423766 0.00363843 5.64234e-08 0.00546137 0.000191952 8.28098e-05 0.00114519 0.000533868 0.117307 0.000689122 
0.000241541 0.220632 0.458028 0.00465053 0.0473613 0.00173665 0.00476078 5.37254e-05 1.86818e-08 0.0028549 5.59499e-10 0.0034596 0.00305738 0.0225938 0.0292163 0.00026848 0.00650767 0.000940024 0.00445897 0.000297492 1.7087e-06 0.00167038 0.00540061 0.167604 0.0142029 
0.000580176 0.00317144 0.22463 0.00366167 0.00136752 0.0369193 0.0156917 1.00717e-06 2.03895e-07 0.211303 0.00878333 0.000177009 0.00011555 0.13431 0.176666 0.00151166 0.0239136 0.00640404 0.033347 0.00103644 1.1826e-05 0.0918743 0.00775477 0.016023 0.000745135 
0.00298322 0.024568 0.833219 6.49988e-08 0.000411717 0.00984322 0.0051092 0.00102387 5.87864e-08 0.00250401 3.98489e-07 0.00322272 0.0163566 0.00160948 0.0106379 0.0352987 0.00230439 0.000935469 0.0237564 0.00109192 2.87626e-07 0.000726698 0.0147477 0.00653598 0.00311268 
0.00967863 0.00123842 0.339158 0.000357696 0.00159776 0.00150934 8.33949e-06 2.9785e-10 0.018785 0.0165106 4.81661e-08 0.000165511 8.51442e-06 0.144063 0.295493 0.0423766 0.00363843 5.64234e-08 0.00546137 0.000191952 8.28098e-05 0.00114519 0.000533868 0.117307 0.000689122 
2.01232e-06 3.34966e-07 0.560851 4.08325e-06 0.000154576 4.67509e-05 2.2039e-06 1.27034e-05 8.72024e-10 0.00572247 5.91109e-09 6.86844e-10 1.47241e-06 8.05173e-05 0.368968 0.00359414 2.50609e-06 5.62881e-06 0.0600518 0.000484482 8.64711e-08 1.24533e-05 1.19412e-09 2.1955e-06 2.73195e-09 
0.00650239 0.00667798 0.796824 2.47985e-05 6.9224e-06 0.00193651 0.000116596 2.79414e-06 9.92772e-08 0.000449281 0.119812 1.63163e-05 1.3206e-06 0.0157346 0.0165645 0.00184563 0.00568368 5.31011e-05 2.02876e-05 9.43642e-06 1.07711e-09 0.000580048 0.000935915 0.0261746 2.68536e-05 
0.00156703 0.00201071 0.908234 0.0082958 0.000395662 0.0100662 0.00394787 0.000122463 0.00528826 0.00368026 1.91762e-06 0.00497201 0.00120145 0.0024289 0.00970487 0.00221983 0.00172126 0.00255229 0.00710998 0.0044645 3.19488e-05 0.0093265 0.000941087 0.00917623 0.000539013 
0.00352951 0.0116739 0.254414 0.163257 0.00347287 0.0578025 0.015036 9.06549e-07 7.70766e-05 0.0230725 3.5551e-07 0.00135038 0.00265492 0.0297592 0.12917 0.0532792 0.0200249 0.00122378 0.191401 0.00118686 3.96856e-06 0.00287298 0.0229669 0.011173 0.000595665 
0.00565363 0.0594702 0.220084 0.138083 0.00546969 0.0528948 0.0152042 7.50014e-07 6.74098e-05 0.0272623 8.117e-08 0.00860177 0.00260086 0.0293188 0.116517 0.110004 0.0152802 0.000630003 0.113983 0.00293011 2.85975e-06 0.00333442 0.0162676 0.0552233 0.00111586 
0.00148743 0.00288324 0.32401 0.000814644 0.0015109 0.137 0.0223071 7.74773e-05 2.45073e-05 0.0537039 2.27995e-05 0.00332519 6.9897e-05 0.0433109 0.154143 0.0395786 0.0373383 0.0175427 0.0101219 0.0081963 4.7961e-07 0.0470451 0.00678406 0.0884752 0.000227251 
7.57306e-06 7.57539e-06 0.238313 7.57604e-06 7.57475e-06 0.0704818 7.57572e-06 7.56661e-06 0.00228046 0.0659301 7.56321e-06 7.57675e-06 7.56787e-06 0.0310714 0.230367 0.061379 0.224291 0.0409078 7.57685e-06 7.57425e-06 7.56747e-06 7.57635e-06 7.57545e-06 0.0348645 7.57147e-06 
8.03022e-06 0.000225263 0.982693 7.54009e-06 2.19475e-06 0.000805639 5.79764e-05 2.38841e-08 9.98342e-08 0.000364831 2.59227e-07 3.04444e-05 2.64019e-06 0.000491703 0.000322878 3.86791e-05 0.00355176 0.000227227 2.07784e-05 8.77376e-05 2.21481e-08 3.38773e-05 0.000171347 0.0107792 7.67044e-05 
0.000393873 0.00135425 0.44729 2.53386e-05 0.00255217 0.0773516 0.115084 1.45018e-09 1.55129e-07 0.182098 0.00055639 1.63853e-08 2.06414e-06 0.013128 0.0106697 0.0202223 0.083893 3.70322e-05 0.00146768 1.40996e-05 1.34477e-09 0.0135931 0.00119298 0.00180575 0.0272685 
0.00145739 0.000153786 0.768743 0.000250488 0.00049424 0.000259213 0.00209255 1.62523e-05 3.22399e-05 0.089384 0.00390025 9.59362e-05 0.0173404 0.057642 6.09903e-05 0.018678 0.0202068 0.00119824 0.000685011 5.74603e-07 4.22463e-05 0.00943391 0.000774383 0.00148226 0.0055762 
0.000927621 0.00227081 0.449816 0.000223284 0.000160843 0.0396524 0.011049 0.000257184 7.08173e-05 0.0749869 2.15506e-06 0.00767478 0.000105924 0.0706661 0.0259912 0.00530013 0.16667 0.0165359 0.00128502 0.0500465 4.38466e-08 0.0134296 0.000390098 0.0616028 0.000885109 
0.0589572 0.00335903 0.186457 0.0129741 0.00201766 0.169385 0.0936999 2.32908e-06 0.0486085 0.0227543 7.94076e-08 3.91669e-08 0.0236128 0.0219884 0.0831724 0.00649315 0.00592321 0.00279908 0.0939257 0.000735748 0.00018396 0.0966136 1.35057e-07 0.0663362 3.75353e-07 
0.00967863 0.00123842 0.339158 0.000357696 0.00159776 0.00150934 8.33949e-06 2.9785e-10 0.018785 0.0165106 4.81661e-08 0.000165511 8.51442e-06 0.144063 0.295493 0.0423766 0.00363843 5.64234e-08 0.00546137 0.000191952 8.28098e-05 0.00114519 0.000533868 0.117307 0.000689122 
0.00221357 0.0043558 0.267117 0.00402142 0.00050601 0.039378 0.00130518 2.60291e-06 0.000211602 0.148095 3.43881e-07 0.0017981 0.00172808 0.0396014 0.121055 0.00579459 0.0213798 0.0793255 0.0599002 0.000205935 1.1647e-09 0.179402 0.00061208 0.0219519 3.93377e-05 
9.51387e-06 0.000182909 0.938821 3.81134e-05 0.000958385 0.000693766 0.00271961 2.53986e-08 4.48318e-08 0.0304236 2.42225e-06 8.8959e-07 8.96873e-07 0.000169629 0.0215988 0.00172807 0.000335602 0.000458179 2.67198e-05 1.05318e-05 2.35525e-08 0.00022265 6.20918e-05 0.000354544 0.00118154 
0.029146 0.00926995 0.286317 0.0211192 0.00536659 0.112842 0.0711874 0.00334532 0.00364318 0.0363051 3.42016e-05 0.00757933 0.00153522 0.0205495 0.141795 0.0248836 0.0303833 0.00409981 0.095932 0.0012123 0.000287261 0.0308114 0.00742668 0.0546543 0.000274094 
0.0205399 0.00216754 0.269265 0.0391301 0.00232372 0.169608 0.00798403 0.000837585 0.000574761 0.101038 4.49764e-08 0.00478487 0.00154247 0.00542122 0.103247 0.00748106 0.0185079 0.00338595 0.0584276 0.00495663 6.3382e-06 0.095893 0.0256736 0.0565168 0.000686504 
0.0872209 0.0018274 0.600107 0.000442451 3.85323e-05 0.00267742 3.48317e-05 7.29522e-08 0.0765133 0.0409755 7.77998e-06 1.61242e-06 0.00055796 0.00969508 0.0356917 0.00132079 0.12012 3.48013e-06 0.001354 6.65428e-05 1.82709e-05 0.00114405 0.000542165 0.0186373 0.00100139 
0.0272688 3.17427e-05 0.680115 0.00312202 0.052563 0.0102981 0.00862118 1.09819e-07 3.99189e-06 0.0041294 1.10186e-07 2.96078e-06 9.02854e-05 0.000387415 0.0189947 0.00466794 0.00261626 0.047086 0.130765 0.000482384 1.44481e-10 0.00210354 0.00528743 0.00100673 0.000356171 
0.00543843 0.191043 0.283272 0.00423028 0.0347598 0.00918484 0.0180917 8.40496e-06 2.60723e-05 0.0355216 3.46805e-06 1.72066e-05 0.000606987 0.0156307 0.0143418 0.00564386 0.151567 0.00025053 0.0367695 0.000242646 1.26783e-05 0.000391048 0.18247 0.0103661 0.000110879 
0.0980482 0.0063155 0.268694 0.00454802 0.000234569 0.0378473 0.00876484 2.11016e-06 0.0595093 0.0595619 6.99018e-06 0.00463458 0.119843 0.0986724 0.0328604 0.00305802 0.0864864 0.00549954 0.018038 0.00489317 1.72538e-06 0.0135296 0.000218955 0.0628626 0.00586914 
0.00855838 5.35285e-05 0.910209 1.39162e-06 0.000466894 0.000785297 9.8877e-10 4.20791e-09 7.97523e-10 0.00483545 5.40607e-09 0.000255139 3.76737e-09 0.00258034 8.77798e-06 0.00469935 0.0445628 1.5666e-09 0.00145036 1.17539e-06 3.90206e-09 0.0188727 1.0921e-09 0.000683318 0.00197655 
0.000238507 0.000532103 0.765038 0.0011153 0.000307632 0.0197158 1.02575e-05 1.30546e-07 2.22394e-05 0.0110536 1.67718e-07 0.00205237 3.17526e-05 0.00106474 0.178714 0.00487028 0.000471434 2.61833e-05 0.000494528 6.12442e-05 1.20002e-05 0.000897948 0.000320622 0.0129219 2.71219e-05 
0.0054842 0.01141 0.42091 0.00145869 0.000212074 0.0624943 0.00188496 2.978e-07 0.0180413 0.0182708 1.18859e-05 2.6255e-05 2.50612e-05 0.00945825 0.139127 0.00534294 0.00646073 0.00223304 0.0191597 0.000206836 0.000333397 0.00221311 0.000338069 0.273332 0.00156454 
4.85007e-06 3.32794e-05 0.934359 1.46447e-05 3.45733e-06 0.000196776 7.19653e-05 1.81575e-08 3.4166e-08 0.000643833 6.72192e-07 1.37953e-06 4.25544e-07 0.00388836 0.00217074 3.18648e-05 0.0274137 2.43155e-05 9.66612e-05 6.19822e-05 1.68377e-08 3.67059e-05 0.000930793 0.0299996 1.50194e-05 
2.39552e-06 0.00358606 0.701508 0.00131762 0.00203801 0.00996605 0.00109128 0.000296679 0.000345073 0.00110585 6.75203e-06 0.0781114 0.00189097 0.00232301 0.0643261 0.000783845 0.103046 0.00197445 0.0013375 0.00846168 0.0104335 0.000968036 0.00107141 0.0024418 0.00156615 
3.36883e-06 0.0543031 0.48771 0.0451864 4.32568e-05 0.0203216 0.00205439 9.18314e-09 6.38178e-05 0.0133747 1.2404e-06 0.000183807 0.0390284 0.00531253 0.229266 0.00537938 0.00743684 0.0721424 0.00344637 0.00269371 8.51567e-09 0.000691417 0.00317317 0.00771651 0.00046763 
3.80742e-05 0.0476225 0.337063 0.0153334 5.59578e-05 0.0203718 0.00211473 4.23559e-07 6.76483e-05 0.0134796 7.99045e-06 0.000202759 0.0131575 0.00389743 0.0618569 0.00294281 0.0304035 0.245433 0.00348314 0.0846576 3.92773e-07 0.000733233 0.00288002 0.113596 0.000600471 
5.53767e-07 8.06486e-06 0.305723 0.0144811 0.000646838 0.146567 0.027925 6.60836e-07 7.6752e-05 0.0363367 1.2659e-09 0.0016055 0.000478717 0.00168471 0.215201 0.0274518 0.000354082 1.56068e-05 0.00938271 8.8776e-05 9.13716e-10 0.0308798 0.173093 0.00357022 0.00442928 
0.00852096 0.0025451 0.218844 0.115245 0.0357458 0.213513 0.0076164 0.000144324 0.00114104 0.126813 3.96521e-06 0.00234636 0.000486595 0.0365718 0.0766345 0.00933693 0.021226 0.0146932 0.0686216 0.00432137 7.09363e-06 0.00951131 0.0099432 0.0154372 0.000730605 
0.0135886 0.000957882 0.634374 0.00192861 0.0646836 0.0488179 0.000453529 5.32443e-09 1.85998e-08 0.0355545 3.91097e-08 6.73433e-05 4.89659e-07 0.0271771 0.0206082 0.00234629 0.0156115 0.00279086 0.0611259 0.000557328 4.25036e-07 0.0044937 0.000679909 0.0511394 0.0130432 
0.00230807 0.0590237 0.323608 0.00235118 9.54735e-06 0.156739 0.0400205 1.08258e-08 7.54561e-05 0.00506079 1.39083e-08 0.000487572 4.01396e-06 0.000636768 0.225074 0.00152908 0.00501715 0.0523229 0.0169085 0.0053068 9.67721e-08 0.0657647 0.0347245 0.00293928 8.84236e-05 
0.00158634 0.0133462 0.882481 0.00118976 0.000104826 0.00111644 0.0226559 1.68897e-06 5.66233e-07 0.00302453 8.93561e-09 3.41896e-05 2.72632e-05 0.00172382 0.0478947 0.000107373 0.00209759 0.000122968 0.0083314 0.0011032 6.44965e-09 0.00089025 0.00129818 0.0102871 0.000574284 
0.00548853 0.000756484 0.290424 0.00306652 0.0129952 0.0450371 0.00540466 2.12839e-06 6.14735e-05 0.150963 1.47983e-06 0.0274797 8.64523e-05 0.026663 0.0454923 0.0223911 0.0529262 0.00089608 0.187605 0.0836302 2.30969e-07 0.00634922 0.0154319 0.0130582 0.00378962 
0.00354271 0.000672559 0.802618 0.000502617 0.031891 0.0202185 0.0121797 8.93179e-06 1.51068e-06 0.0326208 3.68869e-06 0.00356525 0.000282967 0.00911261 0.0373326 0.00163921 0.00237695 0.000340247 0.0205418 0.000140898 1.51851e-07 0.0128383 0.000384137 0.0070621 0.000122666 
3.36883e-06 0.0543031 0.48771 0.0451864 4.32568e-05 0.0203216 0.00205439 9.18314e-09 6.38178e-05 0.0133747 1.2404e-06 0.000183807 0.0390284 0.00531253 0.229266 0.00537938 0.00743684 0.0721424 0.00344637 0.00269371 8.51567e-09 0.000691417 0.00317317 0.00771651 0.00046763 
0.000238507 0.000532103 0.765038 0.0011153 0.000307632 0.0197158 1.02575e-05 1.30546e-07 2.22394e-05 0.0110536 1.67718e-07 0.00205237 3.17526e-05 0.00106474 0.178714 0.00487028 0.000471434 2.61833e-05 0.000494528 6.12442e-05 1.20002e-05 0.000897948 0.000320622 0.0129219 2.71219e-05 
0.00013119 0.00013123 0.537454 0.000131241 0.000131219 0.000131273 0.000131236 0.000131078 0.000131245 0.000131263 0.000131019 0.000131254 0.0001311 0.105132 0.000131269 0.000131253 0.000131261 0.000131208 0.000131255 0.0657365 0.000131093 0.000131247 0.000131231 0.288922 0.000131162 
4.65456e-08 8.69729e-05 0.853366 0.000164371 0.00120228 0.00899668 0.00240828 7.54151e-06 2.1358e-07 0.0501391 9.16479e-07 3.62252e-06 9.14261e-08 0.00485029 0.000861072 0.0038435 0.0558271 3.80179e-08 0.000378947 2.56228e-07 9.46947e-08 0.0166565 2.20168e-05 0.00118368 6.06343e-08 
0.00376812 0.0251323 0.207928 0.00818128 0.000516089 0.0662521 0.0397664 0.0152203 1.02941e-05 0.0310056 3.82003e-10 0.00264564 6.50844e-05 0.00936327 0.192074 0.00752148 0.0913012 0.00856196 0.0976977 0.000495423 2.69765e-06 0.104038 0.0609921 0.0263262 0.00113493 
0.033734 0.0140619 0.695708 0.000645564 0.000354044 0.000349072 0.0196048 2.82516e-10 2.57794e-08 0.0101005 7.07272e-07 9.43095e-05 7.4771e-07 0.0570673 0.0498483 5.23352e-05 0.00445161 0.079576 0.00445429 0.000244342 2.61981e-10 0.000247287 0.00975522 0.00363217 0.016017 
5.53767e-07 8.06486e-06 0.305723 0.0144811 0.000646838 0.146567 0.027925 6.60836e-07 7.6752e-05 0.0363367 1.2659e-09 0.0016055 0.000478717 0.00168471 0.215201 0.0274518 0.000354082 1.56068e-05 0.00938271 8.8776e-05 9.13716e-10 0.0308798 0.173093 0.00357022 0.00442928 
4.01225e-05 2.32565e-05 0.999245 1.84465e-05 2.78133e-05 4.88369e-06 2.06841e-05 8.80254e-05 1.66834e-05 9.07561e-06 0.00011309 1.31406e-05 7.88098e-05 1.45927e-05 6.44394e-06 1.34087e-05 1.00302e-05 3.27717e-05 1.23956e-05 3.16174e-05 8.16274e-05 1.61108e-05 2.28457e-05 6.77458e-06 5.22671e-05 
1.08856e-05 2.37529e-05 0.981253 6.07897e-06 2.23518e-06 2.3626e-05 0.00291883 9.7454e-07 4.42072e-07 4.24102e-05 1.25203e-06 1.45481e-07 4.30096e-06 3.6923e-05 6.94849e-05 3.64422e-06 0.00909697 1.46453e-06 2.389e-05 6.01522e-06 9.03706e-07 2.48476e-06 0.00349278 0.00292431 5.29038e-05 
0.0018625 0.00337711 0.557496 0.0188899 0.0022615 0.076781 0.0218702 0.00217727 0.124616 0.0163083 2.85269e-08 0.0278568 5.5029e-05 0.00695034 0.025578 0.0122954 0.00928591 0.000828733 0.030921 0.000476354 1.35136e-05 0.018367 0.0116332 0.0300484 5.02512e-05 
0.0033216 0.00528696 0.793603 0.00896847 0.000613408 0.0144125 0.0459028 2.83096e-07 7.75238e-06 0.0421956 1.57707e-08 0.00010552 4.65521e-05 0.00260605 0.020785 0.00628712 0.0248839 1.96177e-06 0.00697615 0.000108629 1.9947e-09 0.0149293 0.00080598 0.00567683 0.00247465 
5.53767e-07 8.06486e-06 0.305723 0.0144811 0.000646838 0.146567 0.027925 6.60836e-07 7.6752e-05 0.0363367 1.2659e-09 0.0016055 0.000478717 0.00168471 0.215201 0.0274518 0.000354082 1.56068e-05 0.00938271 8.8776e-05 9.13716e-10 0.0308798 0.173093 0.00357022 0.00442928 
0.000170183 0.00267711 0.635531 0.000189574 0.000127461 0.0169002 0.00145465 1.09481e-09 9.30913e-07 0.0248226 4.96208e-07 9.36707e-05 0.000112285 0.0419298 0.117165 0.00216448 0.0431838 0.000228306 0.00618184 9.36636e-05 1.01524e-09 0.0100762 0.0214284 0.0717416 0.00372689 
0.00842204 0.00925723 0.2634 0.0095692 0.00355901 0.0764167 0.0188525 4.13314e-07 3.86986e-05 0.0265836 1.19865e-07 0.00181309 0.000894128 0.0062232 0.135368 0.0266333 0.0631259 0.00660209 0.196701 0.00014985 0.000310348 0.0791307 0.0379291 0.0288999 0.000119616 
0.000957926 0.0674815 0.426428 0.000256882 0.0224257 0.0773952 1.14947e-06 3.145e-07 1.7262e-05 0.0221029 4.04051e-07 0.000482559 0.0131652 0.0236254 0.0667778 0.00386832 0.0119512 0.000281131 0.0205287 0.000209819 1.98717e-05 0.0185354 0.00969863 0.209723 0.00406568 
0.0043832 1.09225e-05 0.939008 0.00237875 1.50008e-07 0.000181418 1.11558e-07 4.74756e-07 0.00014378 4.89484e-08 6.09938e-07 2.45603e-05 2.15909e-06 0.00071949 0.00625613 1.15933e-05 5.40968e-08 1.76751e-07 0.0015315 8.97083e-06 1.14859e-05 8.6892e-08 1.23216e-07 0.044538 0.000788068 
7.57306e-06 7.57539e-06 0.238313 7.57604e-06 7.57475e-06 0.0704818 7.57572e-06 7.56661e-06 0.00228046 0.0659301 7.56321e-06 7.57675e-06 7.56787e-06 0.0310714 0.230367 0.061379 0.224291 0.0409078 7.57685e-06 7.57425e-06 7.56747e-06 7.57635e-06 7.57545e-06 0.0348645 7.57147e-06 
0.0118948 0.00120641 0.353218 8.94389e-06 0.0306994 0.00257924 0.0371177 4.30632e-08 5.22588e-08 0.146234 0.000276771 1.97206e-08 6.2598e-07 0.0201123 0.0794654 0.00157854 0.0234311 1.60332e-05 0.0143437 0.00192606 3.99332e-08 0.226756 0.0077358 0.0269933 0.0144056 
0.000609748 0.000521829 0.566846 0.0126729 0.00508479 0.0392148 0.0281779 0.000214034 0.0154671 0.203875 2.95595e-09 0.000497147 5.8851e-05 0.00882818 0.0203201 0.0143768 0.00788066 0.00151294 0.00562559 0.000246939 2.03225e-07 0.0571158 0.0012347 0.00765659 0.00196189 
0.000141127 0.000121199 0.975332 0.000559535 1.31224e-07 0.00323958 0.000915546 4.97805e-05 7.50489e-07 0.0010882 5.33559e-07 3.65296e-05 4.48224e-05 0.000623031 0.00727537 0.000220173 1.29525e-06 0.00117698 0.000905777 0.00015934 4.84462e-07 0.00646987 4.71987e-05 0.00158285 7.67179e-06 
0.00021624 0.00116362 0.839109 0.00052431 0.00021121 0.0391683 0.00627359 2.00028e-07 1.5904e-06 0.00878637 2.82998e-06 0.00045924 0.000545199 0.0132789 0.0429583 0.00402509 0.000745057 0.00322614 0.00241992 0.00044573 8.91853e-07 0.00825142 0.019722 0.00803492 0.000429785 
0.000566474 1.10818e-05 0.528216 1.39592e-05 0.098854 0.0471911 0.00771937 2.80307e-07 7.02604e-06 0.214181 3.65795e-06 1.09219e-07 0.000660427 0.0124209 0.0497232 5.30656e-05 0.0031101 0.00296858 0.00312128 3.06948e-06 2.59934e-07 0.0177501 1.96431e-05 0.0123012 0.00110416 
5.57188e-06 3.47271e-05 0.880809 1.56006e-05 0.00430583 0.000198943 7.4728e-05 1.19611e-07 7.64283e-08 0.0076299 1.37891e-06 4.28874e-08 8.23217e-07 0.000461501 0.000372819 0.00298341 0.0876115 2.93534e-05 0.00159922 5.82812e-06 1.10917e-07 0.0137813 1.06328e-05 5.02219e-05 1.69716e-05 
0.00943413 0.00650314 0.556058 0.00213114 0.000513314 0.0264024 0.00126236 2.65933e-07 4.85681e-06 0.00442121 5.92976e-07 0.0687849 6.34749e-05 0.00536326 0.0127753 0.0254094 0.214059 0.00275321 0.0118609 0.00194335 7.06468e-09 0.00649659 0.00115641 0.029374 0.0132289 
0.00381265 7.65997e-06 0.649752 9.55138e-06 0.00182218 0.00491301 6.33981e-05 0.00467493 2.08721e-07 0.161058 3.0017e-06 1.33227e-07 7.42321e-05 0.00832052 0.00724476 0.00109683 0.0146748 0.0662724 0.00205984 2.26425e-06 5.4193e-07 4.33384e-05 1.33956e-05 0.0740744 6.67516e-06 
1.16131e-07 4.81568e-07 0.412627 0.0350571 3.81643e-07 0.0960773 0.191906 4.392e-11 8.32414e-12 1.7556e-06 5.13532e-07 1.04969e-08 2.32038e-07 8.35138e-07 0.0138006 9.27943e-07 0.0200765 0.174266 7.1131e-08 2.33492e-07 4.07278e-11 0.0539478 1.22766e-06 0.00223538 2.60786e-11 
0.000104324 0.0218494 0.357518 0.000947231 0.006499 0.054943 0.00409095 1.29727e-10 6.93723e-08 0.154287 9.41105e-07 0.000188306 0.00104472 0.00349045 0.0117868 0.00663672 0.00698371 8.00333e-06 0.000343336 0.227628 1.20298e-10 0.007462 0.00817463 0.126013 2.85786e-07 
0.000202969 0.0245534 0.330027 0.00495353 2.10806e-06 0.0978401 0.0191641 7.78829e-05 4.87922e-05 0.0303579 8.52241e-08 0.000332309 0.000205968 0.0852503 0.190359 0.00931943 0.0312128 0.00436224 0.0304314 0.000609037 5.56711e-07 0.0682394 0.00712202 0.0650334 0.000294315 
0.000729029 0.000686632 0.565393 0.00748978 0.00253912 0.020034 0.0338211 0.00163244 0.0203191 0.198624 1.65937e-09 0.000758733 7.80885e-05 0.0109239 0.0269802 0.0132357 0.00537071 0.00216012 0.00699354 0.000424964 5.03992e-07 0.0677909 0.00176838 0.00940016 0.00284605 
0.0066222 0.00811965 0.287328 0.00146843 0.00221903 0.0503234 0.0274183 8.72291e-09 1.2713e-05 0.0870328 2.39209e-10 0.000142974 0.00175164 0.0457246 0.109902 0.00643178 0.00713551 0.000687045 0.0843002 0.0107922 1.72659e-10 0.205684 0.00444212 0.0450664 0.00739429 
8.08777e-05 0.000793017 0.89644 0.00417095 4.60679e-05 0.00859551 0.0051679 1.58168e-06 0.000293834 0.014836 0.000191899 0.000348485 0.000225387 0.00296689 0.0102023 0.00207076 0.00243652 0.0065228 0.00391432 0.000380811 1.45469e-07 0.0105066 0.000766858 0.0271678 0.00187263 
0.00110948 0.00277415 0.472507 0.00102301 0.000194685 0.0416625 0.00697038 1.39757e-07 4.18912e-06 0.0055118 1.25876e-06 0.0660692 5.29459e-05 0.0272273 0.108355 0.0171164 0.0269371 0.0466315 0.110228 0.0185832 4.65568e-06 0.00149309 0.00131019 0.0356819 0.008551 
3.2359e-06 0.00493734 0.381728 0.0134866 0.0012119 0.019913 0.00984179 8.48783e-08 3.57725e-06 0.267453 5.29462e-05 0.000683937 0.00217616 0.145624 0.0291025 4.89358e-05 0.0912819 0.000322168 5.48703e-06 1.86232e-06 7.8709e-08 0.0205668 0.00397212 0.00420692 0.00337537 
0.00967863 0.00123842 0.339158 0.000357696 0.00159776 0.00150934 8.33949e-06 2.9785e-10 0.018785 0.0165106 4.81661e-08 0.000165511 8.51442e-06 0.144063 0.295493 0.0423766 0.00363843 5.64234e-08 0.00546137 0.000191952 8.28098e-05 0.00114519 0.000533868 0.117307 0.000689122 
0.0115714 0.0332066 0.610891 0.000629171 0.000157451 0.00895375 0.000882914 4.16224e-06 3.49615e-05 0.00974314 0.0793028 0.00796174 5.31358e-07 0.0542085 0.0293486 0.00306282 0.0295275 0.00147206 0.00166996 0.0171571 4.03787e-11 0.00922973 0.000685418 0.0899692 0.000329265 
1.47747e-05 3.42979e-05 0.969166 4.36336e-05 1.63713e-05 0.000709977 0.000304991 1.11426e-09 3.18766e-07 0.0274847 9.0994e-06 1.86038e-07 4.24453e-06 0.000174575 0.00130734 0.000172129 3.42011e-05 7.73845e-05 2.04068e-05 8.76583e-06 1.03327e-09 0.000206645 6.0328e-05 0.000128981 2.05793e-05 
0.0228323 0.000328432 0.695962 0.000754027 0.00282989 0.00953118 0.000336306 1.83193e-06 0.15655 0.0458617 2.00401e-05 5.91378e-07 2.83868e-05 0.00586108 0.0336749 0.00549605 0.000880731 5.59807e-07 0.0107105 7.99815e-05 8.58293e-05 0.00203383 0.00264317 0.00303052 0.000465897 
0.00967863 0.00123842 0.339158 0.000357696 0.00159776 0.00150934 8.33949e-06 2.9785e-10 0.018785 0.0165106 4.81661e-08 0.000165511 8.51442e-06 0.144063 0.295493 0.0423766 0.00363843 5.64234e-08 0.00546137 0.000191952 8.28098e-05 0.00114519 0.000533868 0.117307 0.000689122 
0.00351539 0.00817786 0.765446 0.00175706 6.07267e-07 0.00336216 0.00301521 4.28044e-07 3.72493e-07 0.0111063 1.16682e-10 0.000247296 3.88118e-05 0.00584806 0.0641765 0.000996342 0.000370083 0.00510265 0.031147 0.00074346 8.42202e-11 0.0719935 0.00573255 0.0170856 0.000136594 
0.0382966 2.16461e-07 0.767852 0.0125875 0.0656666 0.0190433 0.00647835 0.000122484 1.4754e-05 0.0207444 1.05259e-06 8.39775e-05 0.000399247 0.00113288 0.0158246 0.0196016 0.000272716 0.00681304 0.0144692 0.000423001 7.59749e-07 0.000296262 0.00969816 0.00011611 6.06106e-05 
0.00967863 0.00123842 0.339158 0.000357696 0.00159776 0.00150934 8.33949e-06 2.9785e-10 0.018785 0.0165106 4.81661e-08 0.000165511 8.51442e-06 0.144063 0.295493 0.0423766 0.00363843 5.64234e-08 0.00546137 0.000191952 8.28098e-05 0.00114519 0.000533868 0.117307 0.000689122 
0.00614128 0.00324932 0.396751 0.00303772 0.00296771 0.0236785 6.44901e-05 1.15463e-08 2.64514e-05 0.0124823 6.61847e-07 1.23001e-05 1.6224e-06 0.0475823 0.0813792 0.0196977 0.287288 0.0456558 0.0117707 0.00270459 1.0707e-08 0.00330494 1.00679e-05 0.0407917 0.011402 
0.0287095 0.00625608 0.618084 9.34941e-07 0.00234807 1.64944e-05 1.54913e-05 4.68814e-09 4.84343e-07 0.000314481 6.02304e-09 0.152286 6.0067e-07 0.000317678 0.000911674 0.0362472 0.139532 0.000543914 0.00147237 0.000197458 4.34738e-09 0.00247538 1.21674e-09 0.0102706 2.78369e-09 
0.0017 0.0337952 0.627398 1.69643e-05 4.886e-06 0.000202022 0.0191724 0.000301131 1.20314e-07 0.263182 2.33956e-06 7.74314e-05 1.25461e-06 0.00455428 0.000376891 0.00129205 0.0265692 0.00473565 0.000924352 6.79202e-06 1.9811e-07 4.24207e-05 0.00326496 0.0123601 1.93839e-05 
