0.00220225 0.00466534 2.46015e-05 0.0307865 0.0151936 0.0984871 0.0490108 0.000971044 0.000566117 0.0663771 2.42434e-09 0.00613497 0.0011209 0.00466003 0.0141538 0.0426808 0.138249 0.0986506 0.0440108 0.00512911 1.74987e-09 0.175017 0.0007442 0.0435419 0.157623 
1.5194e-05 0.0710214 0.00653018 0.0107633 0.000538922 0.115178 0.120911 2.45173e-05 0.00120915 0.0121317 8.37416e-11 0.00826082 0.000855802 0.0222002 0.0232352 0.00382468 0.237497 0.070208 0.013287 0.0026189 2.98154e-08 0.251929 0.000673833 0.0255196 0.00156627 
8.7329e-07 1.74127e-12 3.76252e-07 0.0123572 0.00183818 0.0722999 0.0896564 6.59069e-12 0.124758 0.0116783 1.70193e-09 1.36767e-08 2.44885e-07 6.58009e-05 0.00687278 0.00323384 9.31231e-08 0.00800675 0.00402908 1.98874e-08 6.11165e-12 0.665202 1.36672e-07 5.0723e-13 1.02534e-07 
0.00205998 0.00270336 0.00277828 0.00250482 0.0457877 0.019816 0.0150901 2.26953e-05 5.14334e-05 0.0377806 2.6336e-06 0.00619306 5.52401e-05 0.175759 0.0208457 0.00650383 0.127388 0.0393133 0.0144611 0.00724121 2.04183e-09 0.221785 0.000883545 0.211231 0.0397429 
2.39571e-10 1.38864e-10 5.84892e-10 0.0144465 4.40975e-07 0.00499116 0.0024805 2.39093e-06 4.17597e-08 2.966e-06 6.75257e-10 7.8462e-11 1.00904e-06 0.0021848 0.0462356 0.0758702 0.00294532 0.151181 0.063473 2.56781e-07 3.88595e-07 0.635718 0.000465774 7.16197e-08 3.31661e-07 
0.011239 0.00758239 0.00237011 0.00802218 0.00055314 0.0547889 0.0174989 0.000123191 0.00952857 0.0259882 1.48392e-05 0.00209985 0.000472909 0.268455 0.142107 0.027587 0.013943 0.0132321 0.0413296 0.00135099 1.40651e-05 0.282835 0.0385324 0.0187056 0.0116258 
0.00153497 0.000914596 6.59967e-06 0.00717125 0.0252494 0.201105 0.0743238 0.00138684 0.000659076 0.0200018 1.78389e-08 0.00107116 0.067122 0.00173886 0.0482013 0.00399004 0.0255368 0.010861 0.104453 0.00289592 4.75975e-05 0.210183 0.190264 0.00109938 0.000182922 
1.90555e-06 1.90613e-06 0.0218932 1.9063e-06 1.90597e-06 0.161504 1.90622e-06 1.90393e-06 1.90636e-06 0.0347023 1.90307e-06 1.90648e-06 1.90424e-06 1.90643e-06 0.220607 0.0638686 0.0842731 0.00972156 0.0242145 1.90585e-06 1.90414e-06 0.353254 1.90615e-06 0.025933 1.90515e-06 
0.0273671 0.00337934 0.000564527 0.000436676 0.0326516 0.0460913 0.0102039 8.59706e-05 6.24106e-05 0.0528448 5.05271e-05 0.000773963 1.31604e-05 0.0121118 0.0315731 0.0159862 0.0738942 0.00225159 0.0301806 0.00642283 1.64284e-06 0.58913 0.0132035 0.0491883 0.00153054 
0.00890693 0.000828621 7.40545e-06 0.000407457 0.0989127 0.0395039 0.0195795 5.59612e-09 0.000205565 0.154456 0.00140003 8.18732e-06 4.09627e-06 0.0121083 0.0141539 0.000345066 0.00129056 0.001662 0.0526736 0.000442002 4.29838e-08 0.51721 0.00525106 0.0451931 0.0254498 
0.0107294 0.00234297 0.000408131 0.0115927 0.00975867 0.0436076 0.00905644 9.78504e-07 0.00165623 0.0810985 0.00789872 0.0187885 8.4842e-05 0.0212165 0.074061 0.00877493 0.00638923 0.00188476 0.0183252 0.0016 2.23436e-07 0.635941 0.00856344 0.0259415 0.000278192 
0.00439428 0.00204218 9.17271e-05 0.00294588 0.00065844 0.00989985 0.00245631 2.4936e-11 0.0001597 0.111387 5.75967e-07 3.28841e-08 2.23254e-11 0.0237146 0.337294 0.0265331 0.0539838 0.000552625 0.0286299 0.000842055 2.97085e-08 0.365078 0.00897724 0.019752 0.000606046 
0.000366766 7.11251e-05 0.000204475 0.00978271 0.00552261 0.071038 0.0308762 0.0161893 0.00929371 0.0234407 0.000315934 0.000326632 0.00305005 0.000277807 0.015319 0.0272847 0.011874 0.0213126 0.0432986 2.21664e-05 0.00920053 0.646999 0.0529274 0.000938548 6.7529e-05 
0.00027195 1.10968e-05 4.54532e-08 0.00139605 0.000779424 0.0301056 0.0126961 1.03668e-06 0.00257943 0.0351491 2.79672e-10 7.96484e-07 0.00119136 0.00560589 0.0740025 0.00213498 0.00347456 0.111739 0.0191343 5.91032e-05 1.67484e-08 0.698804 1.45011e-05 0.000255272 0.000594173 
0.00063671 0.000747085 2.06005e-06 2.88858e-05 0.000670966 0.0128389 0.00881802 4.88537e-07 0.0041764 0.00823071 2.26409e-09 0.00460947 4.03541e-05 0.00014971 0.00436628 0.00557056 0.018266 0.000874278 0.00336179 0.000172826 0.00162248 0.911247 0.000455791 0.0127459 0.000367302 
0.00172596 9.40151e-07 1.45109e-06 0.000656778 0.000334425 0.00344119 0.00931829 8.00611e-07 0.00521043 0.0231966 7.87087e-09 5.28581e-08 7.3573e-05 0.000972506 0.010083 0.00152348 0.00102967 0.0362553 0.00949381 9.16109e-06 9.70684e-10 0.895807 4.66629e-05 0.000813794 5.41973e-06 
0.000530486 0.000524488 8.67759e-06 0.0349563 0.00191018 0.207603 0.0564225 0.00209214 0.0135832 0.0210357 0.000632477 0.00222785 0.000496839 0.0101751 0.0187504 0.0682483 0.0804489 0.0496853 0.0109544 0.00817974 6.34356e-05 0.39045 0.00472094 0.0139862 0.00231357 
2.55218e-07 1.16071e-08 1.03847e-09 3.77552e-07 6.56602e-06 1.99861e-07 2.19281e-10 9.33193e-10 0.00144333 0.000564212 1.19891e-09 0.000232477 8.35495e-10 3.45447e-06 0.00201982 1.42151e-10 0.0147059 3.47426e-10 0.00421237 3.35189e-10 1.4435e-07 0.976809 6.2783e-07 1.05928e-06 5.54105e-10 
0.00527663 0.00691212 7.1593e-05 0.00529443 0.00231148 0.0688959 0.0427705 4.75868e-05 0.0329929 0.0621273 1.03984e-09 0.00488199 2.97062e-05 0.0924816 0.0595873 0.0310237 0.159459 0.0128913 0.0638558 0.000820968 2.50673e-08 0.329107 0.000278152 0.014923 0.00395938 
0.00136795 0.00337727 0.00713242 0.0842154 0.000511898 0.0371351 0.041486 0.000648281 0.00545576 0.228874 3.35779e-08 0.00286027 0.000430387 0.0179286 0.0594268 0.00883026 0.0454774 0.00518625 0.0263832 0.00224295 7.31175e-06 0.369812 0.00796018 0.041774 0.00147603 
0.000416403 0.00166197 0.0118446 0.0170324 0.00264738 0.0415032 0.0427498 3.30849e-05 0.139905 0.00918591 5.70313e-07 0.0143389 0.000636235 0.0155896 0.0598105 0.0175363 0.00700983 0.0543535 0.136017 0.0103742 3.07912e-06 0.36629 0.0163113 0.0347341 1.51787e-05 
1.74752e-07 0.00029468 0.000177749 0.0519332 0.00142128 0.313781 0.00893192 0.000111642 6.21291e-05 0.0201126 1.39406e-08 4.64353e-05 0.000440678 0.00635876 0.0230782 0.0636625 0.0229279 0.00750798 0.0395389 0.000628913 2.18019e-07 0.373507 0.020575 0.0448096 9.14662e-05 
0.00716415 0.0016464 1.14716e-05 0.00160879 0.000362749 0.0589883 0.0117121 8.03411e-05 2.61812e-06 0.177186 7.74726e-06 1.31328e-06 4.7979e-05 0.0312797 0.0435709 0.00139815 0.0819319 0.00177181 0.00549777 0.000379223 1.62858e-06 0.566076 0.00119293 0.00788524 0.000195395 
0.000179316 0.0015065 0.00210652 0.00809664 0.00266388 0.0389069 0.0215099 0.23212 0.0487432 0.0109916 3.59568e-06 0.000309317 0.001811 0.00873446 0.0307556 0.0185099 0.0223924 0.0723453 0.0235485 0.000230063 4.87618e-06 0.442007 0.000640663 0.0118422 4.05242e-05 
0.00026334 0.00105105 0.00352187 0.0207588 0.00112059 0.143909 0.0235242 0.000922955 0.0986006 0.0055541 1.34193e-07 0.00143644 0.000872687 0.00168412 0.0741532 0.00296588 0.0274648 0.0800502 0.0377705 0.00152952 2.02857e-05 0.458735 0.00389194 0.0100054 0.000192788 
0.00635181 0.00120964 0.00570138 0.0250064 0.0881742 0.0500946 0.00328324 1.03106e-07 0.0380236 0.0361211 5.88808e-08 0.00597194 5.84594e-05 0.036269 0.0696294 0.00130254 0.0395982 0.00268313 0.165087 0.000609835 1.41833e-07 0.344259 0.00328921 0.0760302 0.00124603 
0.0107294 0.00234297 0.000408131 0.0115927 0.00975867 0.0436076 0.00905644 9.78504e-07 0.00165623 0.0810985 0.00789872 0.0187885 8.4842e-05 0.0212165 0.074061 0.00877493 0.00638923 0.00188476 0.0183252 0.0016 2.23436e-07 0.635941 0.00856344 0.0259415 0.000278192 
0.00171064 0.00474488 1.97052e-05 0.0385173 0.0343624 0.0765075 0.0889042 0.00633222 0.00427674 0.0696831 0.000233465 0.000402673 0.00160377 0.112761 0.0992619 0.0393568 0.045464 0.0175829 0.0483568 0.0425315 1.27677e-06 0.213071 0.00544457 0.0488071 6.22452e-05 
0.000758559 0.000218041 5.35241e-05 0.00780283 0.00778203 0.0346581 0.0484342 0.00728548 0.281781 0.00167619 0.00108456 0.000239222 0.000637597 0.000592863 0.0192991 0.00684558 0.0227028 0.128585 0.0310663 0.00028563 0.00310012 0.38795 0.0021647 0.00491752 7.94893e-05 
0.00376875 0.0040372 9.84954e-05 0.0609533 0.0175993 0.159458 0.0295714 2.51994e-07 0.000218048 0.0265648 0.000168596 0.0480265 0.000532501 0.0386472 0.163536 0.0131678 0.0504114 0.0417043 0.0482519 0.00860433 3.21774e-06 0.230485 0.00868629 0.0324077 0.0130985 
0.251904 0.000746673 8.00817e-05 0.000570554 0.00239271 0.0223557 0.0222804 0.00286561 0.000149745 0.0860832 3.69719e-08 1.94895e-05 1.15798e-06 0.00692045 0.00566205 0.00763544 0.0697136 8.1797e-05 0.0248279 0.00651486 0.0924288 0.350183 0.00312855 0.0434524 1.10357e-06 
5.81312e-05 0.00518098 0.000222571 0.0360506 0.000354976 0.104007 0.0342339 3.67371e-05 0.0967987 0.0520443 2.81547e-07 0.00524213 0.00020754 0.0057484 0.0105077 0.00509791 0.195118 0.120422 0.0237517 0.0201469 0.0023355 0.265577 0.00514295 0.00850042 0.00321449 
0.000123998 0.00371125 6.19997e-06 0.0140704 0.000455344 0.0322764 0.0405769 0.000441352 0.000753428 0.00830444 2.08903e-08 0.0141473 0.00104937 0.00159271 0.00146808 0.00763677 0.0604296 0.238301 0.00437931 0.00553147 4.93697e-06 0.407001 0.000613715 0.0160596 0.141065 
0.00232601 0.00139283 6.4999e-05 0.00817636 0.00410049 0.241177 0.170501 0.0058604 0.0332305 0.0384431 7.2271e-05 0.000281408 0.000727313 0.00672743 0.0262969 0.0929794 0.0490827 0.0223304 0.0144296 0.00178623 2.12598e-05 0.242677 0.0181614 0.0160587 0.00309563 
0.00337293 1.4136e-06 3.07133e-06 4.9791e-05 4.96135e-05 0.00273278 0.000467881 1.71148e-08 3.24375e-09 0.0172864 0.429235 5.93047e-08 9.4288e-06 0.000629373 0.000388939 3.9254e-06 0.00133198 1.14661e-05 0.0143036 6.14738e-09 1.58708e-08 0.526789 8.42818e-06 0.00023086 0.00309414 
0.000124677 0.00173742 0.00021008 0.0451336 0.00167569 0.0317637 0.0126046 3.4587e-05 0.00164388 0.0240924 1.54436e-08 0.000167702 0.0292201 0.0028903 0.0690525 0.00546516 0.147837 0.0851671 0.0231371 0.000327014 7.09464e-07 0.49576 0.0010635 0.0207791 0.000112004 
2.55218e-07 1.16071e-08 1.03847e-09 3.77552e-07 6.56602e-06 1.99861e-07 2.19281e-10 9.33193e-10 0.00144333 0.000564212 1.19891e-09 0.000232477 8.35495e-10 3.45447e-06 0.00201982 1.42151e-10 0.0147059 3.47426e-10 0.00421237 3.35189e-10 1.4435e-07 0.976809 6.2783e-07 1.05928e-06 5.54105e-10 
0.0338409 0.00432779 0.000827979 0.0154778 0.0197487 0.0758307 0.0254658 0.00513398 0.000783875 0.182273 0.000455072 0.0107273 0.00109667 0.027831 0.115092 0.0290263 0.0210979 0.0080448 0.132784 0.00280255 0.00259744 0.190271 0.0407032 0.0503452 0.00341485 
0.0251127 0.00218093 1.24299e-05 0.0152174 0.00538364 0.0419782 0.0163169 3.61758e-07 0.0110663 0.0869925 1.41174e-05 5.62056e-05 8.91705e-05 0.0225497 0.0264916 0.00583395 0.0376851 0.00102813 0.0303451 0.00136241 3.53196e-06 0.631386 0.000846317 0.0380367 1.08691e-05 
0.00246562 0.000856267 2.04233e-05 0.11921 0.0121058 0.163601 0.0210245 0.000967513 0.00201978 0.0438861 4.38965e-08 0.00268435 0.00219825 0.011134 0.16831 0.0395478 0.00943503 0.0382555 0.0788312 0.00157147 1.12671e-05 0.244648 0.0260245 0.0104448 0.000745961 
0.000179316 0.0015065 0.00210652 0.00809664 0.00266388 0.0389069 0.0215099 0.23212 0.0487432 0.0109916 3.59568e-06 0.000309317 0.001811 0.00873446 0.0307556 0.0185099 0.0223924 0.0723453 0.0235485 0.000230063 4.87618e-06 0.442007 0.000640663 0.0118422 4.05242e-05 
0.00181232 0.00230748 0.00381376 0.00102034 0.000234112 0.213207 0.233901 0.00150997 0.0840138 0.0459703 7.08213e-10 0.00118066 0.000313844 0.0246254 0.0380999 0.00872035 0.0123705 0.0501915 0.0155596 0.000552666 0.000500171 0.240826 0.00577044 0.0133241 0.000175305 
0.00229316 0.00874267 0.00101276 0.00661219 0.00300002 0.0364078 0.00157752 4.70644e-06 3.52344e-06 0.111879 2.0941e-05 0.0103842 0.000569161 0.00639127 0.123825 0.0513271 0.103402 0.0209806 0.121735 0.0159148 1.38544e-05 0.344899 0.000691261 0.0259448 0.00236785 
0.0251554 0.002109 0.00196173 0.0102638 0.00318124 0.0333201 0.0106781 0.000643541 0.00659499 0.0436778 4.396e-07 0.000175834 0.000431132 0.00741387 0.0454704 0.0225433 0.0863737 0.0177115 0.0195105 0.00738119 2.098e-05 0.612516 0.000568282 0.0320279 0.0102697 
0.0167887 0.000987763 7.80199e-06 0.00431828 0.00370728 0.0156828 0.0269934 1.92212e-07 0.00451743 0.201805 4.19473e-07 0.0769503 0.000139375 0.0062814 0.0119942 0.0185603 0.0332391 0.00568175 0.0193602 0.0013382 0.00258786 0.506237 0.00578958 0.0316358 0.00539547 
0.00895186 0.00140509 0.000114314 0.00331237 0.00887186 0.0478368 0.00673307 0.000586617 0.000170644 0.0395045 0.000522692 0.00263973 0.000124942 0.0305736 0.0485673 0.00409415 0.367815 0.000128093 0.0145354 0.000938782 1.80839e-05 0.394196 0.00849978 0.00895832 0.000901193 
0.00222257 0.00354107 0.0116043 0.0130065 0.000849813 0.166374 0.118571 6.40736e-07 0.110805 0.0215636 2.821e-10 0.00507647 0.000231593 0.00958382 0.0555229 0.0139317 0.0164731 0.0235264 0.0459582 0.00028601 1.56365e-05 0.330859 0.00713893 0.0428541 3.06349e-06 
0.00231193 0.00349949 8.33927e-05 0.0147574 0.0028951 0.0730198 0.0265544 2.97349e-07 0.00133834 0.056673 2.59098e-10 0.000186538 0.000507598 0.0223482 0.103537 0.0323114 0.0339271 0.0571473 0.0194801 0.00088168 1.43436e-08 0.520822 0.00382375 0.0198907 0.00400339 
0.0119101 0.0722658 4.27859e-05 0.000758569 0.00107139 0.00920882 0.00652474 1.54991e-08 9.78109e-05 0.0808819 1.99123e-08 1.07378e-05 1.34416e-06 0.0402092 0.0411582 0.0232872 0.125199 0.000578152 0.00178493 0.00461349 4.44426e-07 0.544041 0.00338153 0.0308725 0.00210026 
0.0846967 0.115937 8.14409e-07 2.25495e-06 0.00121084 0.0486318 0.00486244 0.0347652 3.09187e-05 0.0555447 8.28462e-09 0.000394299 3.97232e-05 0.0917847 0.153768 0.00102276 0.00445232 0.00131676 0.0444924 0.00237271 3.95526e-05 0.314305 0.00226723 0.0379414 0.000121416 
0.00153886 4.21317e-05 4.37321e-05 0.000403709 0.00703742 0.0674489 0.129994 2.42724e-10 5.34011e-08 0.225308 3.20226e-05 5.74209e-07 8.88208e-05 0.212104 0.0176444 0.0034926 0.013529 0.00742837 0.00421042 5.49695e-05 3.46125e-07 0.274354 0.00237465 0.0327964 7.20633e-05 
0.00568892 0.000297717 0.000151135 0.00203703 0.00563582 0.204564 0.0267615 5.1183e-07 0.0194958 0.0888108 5.23698e-05 0.00271399 0.000197755 0.0164659 0.0767132 0.0311554 0.00598905 0.00630804 0.0498385 0.000931056 1.70385e-06 0.438232 0.00622034 0.0116991 3.81795e-05 
0.0174517 0.0046988 0.000276379 0.0248181 0.02631 0.0436909 0.0540674 0.054049 0.000738715 0.0305719 1.17143e-05 0.013893 0.000611373 0.048775 0.0747065 0.0805677 0.0987425 0.00492769 0.119044 0.00223254 0.000124787 0.251587 0.0102952 0.0351713 0.00263646 
0.00906102 0.00831114 0.000795102 0.0295587 0.00743693 0.0843051 0.0232476 0.00484488 0.0103488 0.0819968 0.00711338 0.00560073 0.000486711 0.0135216 0.0464573 0.0331945 0.0437256 0.0176339 0.0763713 0.00256976 0.00532378 0.434894 0.0143283 0.0265151 0.012358 
0.0199687 0.000684427 0.00627674 0.0141261 0.00696554 0.0370935 0.01036 3.96775e-06 0.0031632 0.12001 0.00242688 0.000371624 2.28049e-05 0.017553 0.0298615 0.0201453 0.00563152 0.000604954 0.128361 0.00134988 1.33777e-06 0.557149 0.00669529 0.0109396 0.000233758 
0.00497725 0.00026076 0.000708926 0.0147987 0.00147495 0.109437 0.0709069 0.000707042 0.0423658 0.0913339 2.85343e-05 0.000232037 0.000548724 0.0063267 0.0375043 0.00428555 0.0542047 0.0230118 0.023422 0.000438044 2.40427e-05 0.506815 0.00319547 0.00174876 0.00124323 
0.0799774 5.49925e-05 8.19268e-08 1.98805e-07 5.95682e-05 0.00152879 8.66712e-05 1.98227e-10 3.42906e-06 0.0173041 9.62714e-08 2.99945e-09 5.52932e-06 0.00165094 0.00552189 0.00109062 0.00088133 4.99553e-05 0.00169031 1.50611e-06 4.58705e-09 0.889279 0.000379426 5.1371e-08 0.000433939 
0.000684178 0.000336412 0.0113558 0.00282656 0.000800212 0.0669677 0.00529246 3.82936e-06 0.000325584 0.0681066 4.07851e-05 0.00197203 0.00201986 0.0263053 0.0154476 0.00410128 0.0212035 0.0141905 0.0159269 0.00624139 7.96387e-06 0.707039 0.00992258 0.016348 0.00253404 
0.00898021 0.00223071 0.000167328 0.0585707 0.0109657 0.0313661 0.0139344 0.0168969 0.00175493 0.189693 0.00103127 0.00301708 9.17344e-05 0.0389052 0.0727317 0.010891 0.0769955 0.0104588 0.0453216 0.0113793 4.98894e-05 0.281453 0.00346432 0.107227 0.00242342 
0.00149631 0.000945081 2.02378e-05 0.0025865 0.000424712 0.0781886 0.0429678 0.0107433 2.58716e-06 0.0304924 0.0397242 1.10786e-07 0.000448847 0.0131469 0.0541676 0.0369983 0.00857708 0.130592 0.014629 0.00382218 7.5694e-10 0.505753 0.0166487 0.00755377 7.05519e-05 
0.019765 0.00433415 6.11344e-05 0.00760588 0.000485348 0.00775167 0.000909069 3.94527e-05 0.00694849 0.0407381 0.000555166 0.000244991 1.68536e-05 0.00632753 0.0100971 0.00472097 0.0415129 0.000529901 0.00354193 4.27451e-06 5.70255e-07 0.832147 0.00517034 0.00599511 0.000496982 
0.00353789 0.0022487 0.0004776 0.00646728 0.00360177 0.201534 0.178849 0.000414984 0.00533923 0.0535619 1.30258e-10 0.0261678 0.000341117 0.00793077 0.0259923 0.0795662 0.0754813 0.0101671 0.0110756 0.00553512 3.57497e-05 0.256128 0.00790599 0.0275546 0.0100858 
0.070317 1.26386e-05 2.08125e-05 0.000966593 0.000759123 0.00229218 0.000767354 2.81468e-09 2.15129e-05 0.0531235 3.86291e-06 1.43905e-05 6.38764e-06 0.000579426 0.00341089 0.0135842 0.00311393 6.52535e-05 0.00377191 1.08215e-05 2.6101e-09 0.845684 0.000227786 0.000731914 0.000514757 
4.96997e-06 0.00510977 6.63009e-10 1.24854e-10 4.63123e-06 3.3055e-11 2.81398e-08 5.95795e-10 1.12921e-10 0.261215 7.65443e-10 6.93831e-07 5.3342e-10 0.0913804 0.142573 9.07563e-11 1.12702e-06 1.55491e-07 0.0273422 2.14001e-10 5.5249e-10 0.340742 1.5463e-10 0.131618 7.42947e-06 
0.00227363 0.00636367 4.2619e-05 0.000889624 0.00450942 0.057034 0.0551975 0.000185845 0.00475366 0.0201078 0.00431914 0.0019861 0.00136173 0.00783169 0.106092 0.016493 0.190159 0.00178991 0.181776 0.0115309 0.00588267 0.291703 0.00717206 0.020106 0.00043927 
3.3619e-05 0.00213657 0.00199759 0.206088 0.00223851 0.0486751 0.0175908 9.38623e-06 0.00420359 0.0365478 4.48085e-07 0.0149047 0.00161297 0.0010557 0.00400364 0.00109769 0.0146656 0.0414673 0.0111627 0.00192074 5.22287e-07 0.576447 0.00413044 0.00789564 0.000114247 
0.0048463 4.51645e-05 0.00022366 0.0118307 0.00228823 0.0211683 0.0108171 0.000137492 8.58588e-05 0.00244764 0.0034886 6.92593e-05 0.000324955 0.000595117 0.0140884 0.00867051 0.0127713 0.0808885 0.0836566 1.10632e-05 0.00014166 0.737826 0.00145561 0.0021217 1.33641e-08 
0.00337293 1.4136e-06 3.07133e-06 4.9791e-05 4.96135e-05 0.00273278 0.000467881 1.71148e-08 3.24375e-09 0.0172864 0.429235 5.93047e-08 9.4288e-06 0.000629373 0.000388939 3.9254e-06 0.00133198 1.14661e-05 0.0143036 6.14738e-09 1.58708e-08 0.526789 8.42818e-06 0.00023086 0.00309414 
0.00222017 0.00750432 2.54899e-07 0.0372684 0.0114086 0.184319 0.0317536 0.0125435 0.00257848 0.0518016 0.000994093 0.00219572 0.00334058 0.00970088 0.0958969 0.0301239 0.0337509 0.0957248 0.0586914 0.00336891 2.54974e-07 0.30232 2.55242e-07 0.0224936 2.55108e-07 
0.022225 0.000196878 5.82791e-07 0.00242874 0.00125537 0.0305483 0.00437243 5.08295e-08 0.000104816 0.361736 8.69295e-05 5.10961e-07 3.7017e-06 0.0817631 0.0397737 0.00255364 0.0296786 0.000126512 0.00466512 0.000594763 2.52872e-05 0.379998 0.00146244 0.0362817 0.00011761 
0.0107294 0.00234297 0.000408131 0.0115927 0.00975867 0.0436076 0.00905644 9.78504e-07 0.00165623 0.0810985 0.00789872 0.0187885 8.4842e-05 0.0212165 0.074061 0.00877493 0.00638923 0.00188476 0.0183252 0.0016 2.23436e-07 0.635941 0.00856344 0.0259415 0.000278192 
0.00273894 0.00197613 0.00193646 0.0229646 0.000214751 0.0219351 0.00457934 1.70589e-05 0.100842 0.196582 2.37718e-07 0.00184192 5.92948e-05 0.0520756 0.0626614 0.00928669 0.0102552 0.106514 0.00706743 0.000815349 4.23151e-05 0.356142 0.00401925 0.0344601 0.000972714 
0.00160308 0.000976632 0.00082227 0.00420037 0.00317554 0.0240958 0.008008 4.19712e-06 0.00195861 0.129654 0.00226366 0.000499114 0.00189109 0.0152651 0.0366657 0.0170108 0.139817 0.0392055 0.00842008 0.000385878 6.63265e-06 0.381084 0.000782477 0.180265 0.00193977 
0.00138836 2.05389e-08 0.000150977 0.00124623 0.00486778 0.138933 0.0149447 3.66935e-11 4.88622e-06 0.210759 7.88759e-07 1.00017e-05 7.42875e-05 0.00334354 0.14441 0.00572372 0.00144647 1.04112e-07 0.0520234 6.16656e-09 3.40265e-11 0.418888 0.00125946 0.000453786 7.18608e-05 
0.0105146 0.00120331 8.01503e-05 0.00336046 0.00527667 0.0795191 0.00993064 7.40962e-06 0.00270419 0.148135 1.61664e-06 0.00311949 1.80429e-05 0.00696946 0.110259 0.159193 0.0185707 0.0129866 0.0184487 1.18736e-05 2.83223e-05 0.391482 0.00667372 0.0110994 0.000406644 
0.0153597 0.00124482 3.51398e-05 0.00227283 0.136144 0.0182997 0.0876917 6.25056e-07 0.00285041 0.0144213 8.19688e-09 0.0118371 3.83976e-05 0.0204813 0.0219536 0.0129072 0.0145379 0.00401299 0.103985 0.001473 2.39103e-06 0.497589 0.00769974 0.0194085 0.00575431 
0.00144706 0.00213706 3.30813e-05 0.0792268 0.00479452 0.015414 0.0159734 2.38395e-06 5.5283e-05 0.0538803 0.00103375 0.0014638 9.17267e-05 0.087387 0.131992 0.0365825 0.0960238 0.0239465 0.0160758 0.00197427 2.61222e-05 0.368598 0.0132466 0.0449986 0.00359534 
0.00290831 0.00252718 0.0001283 0.0672398 0.00119877 0.0557068 0.0411773 0.0103956 0.0163428 0.0428472 2.82313e-08 0.000573973 0.00115505 0.015861 0.014361 0.00702465 0.196541 0.0495345 0.0122436 0.000374186 3.77027e-05 0.434933 0.00176776 0.0248422 0.000278104 
0.00437934 0.0600396 0.00017764 0.0054909 0.00202366 0.177604 0.00910617 0.00015795 0.000606603 0.0890101 3.35233e-07 0.00233322 0.000108254 0.0128228 0.0290794 0.00709579 0.0758653 0.0419095 0.0312444 0.00070604 0.000264598 0.428079 0.00841772 0.0132027 0.000274693 
0.0174532 0.00251763 1.53046e-07 0.0220966 0.00242464 0.0185892 0.0851092 2.81133e-10 1.36282e-05 0.0518438 3.61183e-10 3.98404e-05 0.000206038 0.115604 0.10475 0.0475998 0.0458605 0.00600356 0.0223341 0.000221088 2.60699e-10 0.367832 0.0115213 0.0777884 0.000190828 
0.00037553 0.00593159 0.00181382 0.0497309 0.0021358 0.0512727 0.0119114 2.82082e-05 0.00368654 0.0688002 1.18984e-06 0.0242262 0.0137491 0.00294821 0.0232477 0.0224029 0.0487639 0.0453711 0.0176511 0.00680298 0.00569048 0.55609 0.00433459 0.031554 0.00147982 
0.00369208 0.00139307 0.0160692 0.00756392 0.00481095 0.180879 0.0520424 1.04853e-05 0.00812898 0.159554 1.01333e-09 0.00103168 0.000123335 0.0178992 0.0619214 0.128332 0.00390686 0.0106973 0.0344287 0.000325036 7.77345e-05 0.252765 0.00296357 0.0407167 0.0106681 
5.69055e-07 2.1975e-10 9.2558e-10 1.743e-10 0.00386537 4.19971e-07 6.19575e-06 8.31747e-10 1.57641e-10 1.07202e-06 1.06858e-09 1.24165e-10 7.44669e-10 1.17217e-06 6.08885e-11 0.00379022 0.0656802 3.09658e-10 0.124375 2.98751e-10 7.71293e-10 0.802277 6.90993e-07 5.24969e-07 1.97597e-06 
0.00074948 0.00185548 0.00744607 0.0193622 0.00311167 0.0796095 0.0545606 0.135602 0.0273166 0.0126644 0.000263392 0.00228482 0.000971215 0.00603983 0.0298763 0.0283183 0.0249044 0.0672705 0.0399824 0.00626881 3.59951e-05 0.43694 0.00323278 0.0112736 5.90164e-05 
4.55729e-06 2.07961e-10 1.96417e-06 0.00163975 3.55144e-06 0.00479433 0.0195005 1.07799e-05 0.131749 0.0164493 9.84797e-09 7.14794e-08 0.00322397 1.22709e-07 0.00718175 0.011967 0.134045 0.062544 8.40643e-06 1.04046e-07 7.29917e-10 0.604508 0.00214465 0.000222882 5.35485e-07 
2.40431e-07 0.00533299 0.000745867 0.221276 0.000571697 0.141214 0.00998079 4.80575e-09 0.00029397 0.0420374 1.1707e-07 0.00203522 0.000305194 0.00443719 0.0473652 0.0233727 0.00139058 0.00898227 0.00942971 2.21223e-05 2.01978e-06 0.312242 0.0198005 0.149162 1.60498e-08 
5.4636e-05 0.00204985 0.000159643 0.011062 0.00337198 0.195366 0.0585373 0.00018939 0.0461568 0.00832473 1.38108e-09 0.00090846 0.000379946 0.0231999 0.0145732 0.00798171 0.231738 0.0499253 0.0179976 0.00062402 0.000205363 0.297491 0.00204347 0.0275836 7.5171e-05 
0.0247799 0.0011373 3.08288e-05 0.00236298 0.00133133 0.0141589 0.00265876 1.26884e-05 0.00931056 0.0233419 0.000137307 0.00011064 2.68708e-05 0.00492075 0.00437902 0.00290985 0.0407221 0.00052925 0.00545958 1.12866e-05 2.51865e-07 0.849154 0.00500261 0.00715816 0.000353495 
0.00165798 0.00104284 0.00073486 0.0315383 0.00153656 0.0308451 0.00877614 9.62191e-08 0.064964 0.0142872 3.37215e-08 0.00303669 0.000849805 0.00919458 0.024313 0.0303324 0.00851277 0.200917 0.0293765 0.000127996 6.33478e-05 0.506552 0.00923741 0.0217968 0.000307211 
0.0482095 0.000815424 1.33193e-05 0.00668511 0.00255131 0.067998 0.0667078 1.92622e-08 1.59612e-07 0.175677 0.0367776 7.48412e-07 2.25845e-05 0.0587788 0.00260384 0.000806955 0.0341829 0.0332726 0.00580551 0.000189396 3.06266e-06 0.450435 0.00439927 0.00286519 0.00119941 
0.000785809 3.94003e-05 0.00133377 0.0160831 0.000961439 0.0365674 0.385494 0.00855871 0.00471813 0.0007858 1.97817e-06 0.00118908 0.00156261 0.000446111 0.00386575 0.0115873 0.0157814 0.0497159 0.0330954 0.0202568 1.30281e-05 0.397473 0.00644042 0.00305311 0.000191196 
0.0066009 0.00709819 0.00103145 0.0439534 0.0884379 0.151636 0.0884033 0.000938891 0.00636395 0.14798 0.000736676 0.00763735 0.00104544 0.0355628 0.0400808 0.0155491 0.0530638 0.00847659 0.02643 0.00835108 0.000159448 0.230549 0.00588714 0.0234676 0.000559139 
0.00168355 6.53095e-05 2.45364e-05 0.000350291 0.00460473 0.0475688 0.0519821 6.78458e-06 5.82984e-05 0.0348722 9.37401e-07 0.0020842 0.00062434 0.00222747 0.0186662 0.00434946 0.00548573 0.00447753 0.0155101 0.00059713 3.43072e-06 0.789051 0.0140317 0.00150797 0.000166488 
0.00666884 0.00068155 0.000626452 0.000447106 0.00708795 0.0615053 0.0261414 1.22001e-08 0.0149819 0.204553 9.25312e-06 0.0235275 4.28953e-05 0.0521711 0.0295502 0.00923557 0.0495874 0.00152335 0.0407263 0.00215219 3.29416e-05 0.432061 0.0104551 0.0243618 0.0018702 
0.0304167 0.000304067 0.000827625 0.0369526 0.00362012 0.0138285 0.0811553 3.59408e-08 0.000891214 0.0222581 3.57467e-10 0.000615346 0.00043682 0.000444394 0.0398892 0.00869168 0.00542083 0.000205943 0.0730793 0.00136878 5.45924e-05 0.66252 0.00355647 0.00947384 0.00398884 
0.000166706 0.00168807 2.63873e-05 0.0097467 0.00118448 0.0266022 0.00335357 4.16357e-05 7.65633e-05 0.0103643 2.72847e-08 5.72951e-05 0.0381141 0.00287109 0.0903231 0.00699879 0.122708 0.057589 0.0259628 0.000331512 7.94123e-07 0.583874 0.00116116 0.0166863 7.10541e-05 
0.00131662 9.41573e-05 0.000181249 0.0127491 0.00784785 0.0926641 0.12767 0.001157 0.0507876 0.0184923 0.00587034 0.00186803 0.00118414 0.00276568 0.0204173 0.0268225 0.0122009 0.193796 0.0474427 0.00740776 1.14727e-05 0.363567 0.00184785 0.0016873 0.000150811 
0.00294745 0.00640746 0.00510629 0.0866445 0.00184426 0.138223 0.0309699 0.000569016 0.0413879 0.0670828 5.64014e-10 0.00631511 0.000866509 0.0528298 0.0851365 0.04347 0.0565049 0.0293847 0.0202805 0.000364652 0.000440447 0.160765 0.0192543 0.142191 0.00101352 
0.111301 2.85137e-05 6.66283e-07 9.76278e-07 0.00653201 0.000284419 5.98006e-07 2.77166e-09 4.64123e-08 0.00160635 5.86779e-07 6.8247e-06 5.52726e-07 0.00680061 0.00408226 0.000889678 0.00746859 7.2213e-07 0.00949312 7.569e-07 2.57021e-09 0.846785 0.00102505 0.00361199 7.98154e-05 
0.000399577 0.0383341 0.00214001 0.105074 0.0160599 0.0590937 0.0562478 7.2142e-09 0.00202132 0.0113278 2.57217e-07 0.0115326 0.000261809 0.00332862 0.126694 0.0100728 0.0215865 0.116521 0.12215 0.00145802 1.96817e-10 0.153409 0.00384852 0.134373 0.00406463 
0.000818588 0.0332825 0.00394327 0.0941211 0.0539695 0.110124 0.0164464 0.00211899 0.00416343 0.049331 9.52566e-08 0.00209888 0.00185497 0.00528653 0.00199784 0.0116351 0.136224 0.0427657 0.0137471 0.000530539 1.68023e-05 0.356795 0.00616744 0.0500824 0.00247815 
0.00295057 0.00307097 0.00180032 0.122884 0.00581578 0.130374 0.0201825 0.000528627 4.77898e-05 0.142996 2.72498e-11 0.00553473 0.00131543 0.0338641 0.0391897 0.0360122 0.00939311 0.0331543 0.0428009 0.00337354 7.55447e-09 0.266645 0.0142301 0.0835286 0.000307116 
0.0018543 0.00592034 4.2969e-05 0.00837913 0.000503954 0.135335 0.0129228 3.74817e-05 0.00819238 0.0333461 9.24359e-06 2.89654e-06 0.000323987 0.0429443 0.0447649 0.00562993 0.0612381 0.215945 0.00268199 0.000298778 0.000398173 0.376035 0.00175931 0.0413054 0.000127307 
0.00144833 0.00143731 0.00041579 0.0517568 0.00116343 0.0850078 0.0577323 7.01456e-05 0.00603199 0.115323 3.28644e-07 0.00669641 0.000522463 0.0403359 0.03212 0.00884473 0.153068 0.0166186 0.0514571 0.0108112 9.92784e-07 0.327035 0.00461131 0.0267152 0.000775972 
0.00864987 0.00679758 0.00116265 0.0227051 0.0176188 0.194911 0.0275877 0.000657296 0.00547307 0.10099 0.000494291 0.0121896 0.000676959 0.0176358 0.0945847 0.0974956 0.0202349 0.00896121 0.0748052 0.00575218 5.75312e-05 0.199769 0.0239882 0.0562779 0.000523938 
0.00293688 0.000910741 7.07744e-05 0.00382365 0.0039324 0.180388 0.0176086 0.0265522 0.016321 0.0691811 4.99621e-07 6.46411e-05 0.000564504 0.00867847 0.0397852 0.00394889 0.1434 0.0884183 0.0425419 0.000349739 0.0431092 0.284433 0.0181114 0.00396776 0.000900956 
0.000710659 0.0127606 8.32001e-08 0.00951359 0.00179985 0.00224083 2.85338e-07 5.17001e-05 8.77123e-06 0.123716 2.50007e-06 1.11611e-08 5.93463e-07 0.0278153 0.100589 0.00478222 0.0647376 0.00173898 0.0605802 1.62612e-05 6.93313e-08 0.56238 0.0168226 0.00807729 0.00165472 
0.00469489 0.00307103 1.17189e-07 0.0125991 0.106086 0.108938 0.0524582 4.19464e-08 0.000177623 0.172294 6.62102e-10 0.00279854 1.8394e-05 0.122714 0.0692926 0.0521583 0.0213307 0.000325914 0.0441921 0.00290688 6.40929e-05 0.174814 0.00737988 0.0410305 0.000654537 
0.00138836 2.05389e-08 0.000150977 0.00124623 0.00486778 0.138933 0.0149447 3.66935e-11 4.88622e-06 0.210759 7.88759e-07 1.00017e-05 7.42875e-05 0.00334354 0.14441 0.00572372 0.00144647 1.04112e-07 0.0520234 6.16656e-09 3.40265e-11 0.418888 0.00125946 0.000453786 7.18608e-05 
8.88467e-10 1.24073e-06 2.34862e-07 4.42277e-08 0.0185157 0.0993395 1.18977e-05 2.47515e-05 3.69435e-10 0.114441 2.50425e-09 2.90983e-10 1.57878e-05 0.0707802 3.36419e-06 0.0392204 0.124611 1.68698e-06 0.0754722 1.90863e-06 1.80754e-09 0.457554 5.05892e-10 4.90586e-06 1.1574e-09 
0.0229636 0.00245571 1.65661e-05 5.38604e-05 0.130883 0.0588347 0.0224274 7.54389e-07 4.3914e-05 0.189709 3.85396e-07 0.000509341 0.000331884 0.0734877 0.0326496 0.0637727 0.0513042 0.000419003 0.0382224 3.50932e-05 0.00168416 0.250556 0.000354997 0.0591199 0.0001636 
0.000431125 3.60394e-06 1.32141e-05 0.00589106 0.0548491 0.0163375 0.206049 0.000664533 0.000589286 0.000131985 7.81975e-07 6.13623e-05 9.8541e-05 6.7166e-05 0.00218732 0.000800569 0.0246589 0.0033706 0.00676702 0.000495896 8.29944e-06 0.674936 0.00130039 0.00024051 4.54908e-05 
0.000219118 0.00104626 0.00257433 0.00989564 0.00325574 0.0356423 0.0262895 0.230108 0.0595742 0.00813992 2.40986e-08 0.000378024 0.00108864 0.00204415 0.0264562 0.014788 0.0147453 0.0651552 0.0287812 7.04157e-05 5.92951e-06 0.463508 0.000782981 0.00541147 3.91403e-05 
0.00464366 0.000245367 0.0013523 0.000621406 0.0138423 0.069787 0.205639 0.000866662 8.644e-05 0.178071 0.000126051 4.65141e-05 4.2734e-05 0.0146153 0.0466083 0.0231989 0.0901478 0.000372636 0.0499331 0.000978388 0.000123879 0.287287 0.00463996 0.00667657 4.70285e-05 
0.00669543 8.80403e-05 1.1698e-07 2.84168e-07 0.000101071 0.00262896 0.000207071 1.6248e-10 4.90183e-06 0.0272132 1.718e-07 4.26969e-09 1.48665e-06 0.000431811 0.00298787 0.000251971 0.0021144 0.000119719 0.000749125 6.23138e-09 6.09705e-09 0.955967 0.000341984 1.25047e-11 9.56282e-05 
0.00318331 0.00560622 0.00654892 0.0244773 0.0048869 0.150638 0.0390681 0.00153019 0.015029 0.0889613 0.000956739 0.00952272 0.00165043 0.0216695 0.0328281 0.0165563 0.0658581 0.0833804 0.020152 0.00448177 0.001541 0.360572 0.00694495 0.029664 0.00429281 
2.55218e-07 1.16071e-08 1.03847e-09 3.77552e-07 6.56602e-06 1.99861e-07 2.19281e-10 9.33193e-10 0.00144333 0.000564212 1.19891e-09 0.000232477 8.35495e-10 3.45447e-06 0.00201982 1.42151e-10 0.0147059 3.47426e-10 0.00421237 3.35189e-10 1.4435e-07 0.976809 6.2783e-07 1.05928e-06 5.54105e-10 
0.000564038 0.000261865 0.00909512 0.00110764 0.0147682 0.186279 0.050104 0.0941335 0.003949 0.061406 2.71889e-07 0.00117859 5.8548e-05 0.0206808 0.0280273 0.0114471 0.00869674 0.00118861 0.0198636 0.0638666 5.96732e-06 0.413625 0.000219561 0.00932326 0.000149605 
0.00166191 0.00210066 0.0232667 0.0297413 0.00878913 0.0563526 0.01621 0.0551917 0.164514 0.0405595 1.43072e-06 0.000573494 0.000718185 0.00237111 0.0729345 0.0256973 0.0465049 0.0649483 0.0324873 0.00105508 0.00014417 0.33781 0.00130144 0.0148174 0.000247691 
0.00351554 0.00186269 0.00128407 0.0725318 0.00761061 0.06062 0.0300392 0.00638748 0.00705255 0.14077 5.96414e-05 0.00222535 0.000374561 0.121781 0.0284171 0.0282659 0.166384 0.0338754 0.0574417 0.00333789 0.000172503 0.179301 0.00108279 0.0308546 0.014753 
0.0433157 0.0136097 0.000337856 0.0558174 0.0172692 0.0645547 0.0191915 1.01853e-05 0.129217 0.070454 3.42041e-06 0.000514008 0.000433147 0.0173161 0.0878565 0.0105199 0.0133568 0.00122158 0.116451 0.000699537 3.859e-05 0.267622 0.0142837 0.0554286 0.000478535 
0.0207481 0.00414691 0.00455959 0.0202327 0.00386032 0.168557 0.0695987 7.07722e-05 0.0142499 0.0254377 7.65004e-10 0.00147527 0.000162415 0.0243032 0.0319736 0.00472228 0.103082 0.00221157 0.0350539 0.00101556 4.69442e-07 0.432224 0.00791636 0.0237508 0.000647045 
0.00442095 0.00553341 8.49277e-05 0.00413915 0.0106318 0.0848774 0.0415237 0.000532577 1.41545e-05 0.0930922 0.0002002 0.00148002 0.000324549 0.095043 0.0835345 0.0190325 0.0212834 0.00971797 0.0289285 0.000737901 2.57498e-06 0.378905 0.00143403 0.0806677 0.0338577 
0.113587 0.000267347 5.62162e-05 0.00119383 0.00852032 0.166057 0.00507824 3.27907e-06 4.03333e-06 0.0803312 9.43486e-06 0.00034154 0.000136973 0.0111816 0.0916981 0.0387569 0.0483128 0.00495176 0.100426 0.000108421 1.49813e-07 0.235382 0.0607452 0.0326079 0.000242098 
0.000611844 0.00178284 0.00145939 0.0673742 0.000798395 0.293845 0.0300804 1.03069e-08 0.00294642 0.0443605 5.61352e-11 0.00018579 0.000410714 0.00235509 0.0279538 0.0934781 0.00937803 0.0216303 0.0348769 0.00013133 2.15801e-06 0.312159 0.0252699 0.0289029 7.01253e-06 
0.00132227 0.00240211 1.96493e-05 0.0045054 0.00332734 0.0710688 0.0483204 4.09131e-07 0.00116993 0.0126427 6.12019e-07 0.000289922 0.000125038 0.00585698 0.16389 0.0564883 0.118381 0.00166289 0.00919884 1.16138e-06 7.61165e-05 0.495098 6.58429e-05 0.00406227 2.42419e-05 
0.00063671 0.000747085 2.06005e-06 2.88858e-05 0.000670966 0.0128389 0.00881802 4.88537e-07 0.0041764 0.00823071 2.26409e-09 0.00460947 4.03541e-05 0.00014971 0.00436628 0.00557056 0.018266 0.000874278 0.00336179 0.000172826 0.00162248 0.911247 0.000455791 0.0127459 0.000367302 
0.000250551 0.00758153 0.0164152 0.0592471 0.000557761 0.0467502 0.0353421 0.000185319 0.00085544 0.105642 3.4928e-07 0.000703712 0.000519372 0.041231 0.113012 0.0112505 0.00115374 0.213759 0.0411003 0.000978202 3.11538e-06 0.275084 0.00209282 0.0261249 0.00016094 
0.00292263 0.00177038 3.74923e-07 0.0884948 0.00161617 0.102002 0.0322302 1.04424e-09 1.01455e-05 0.0394174 1.34158e-09 0.000453729 0.00138883 0.00394647 0.146262 0.0578726 0.105926 0.00161651 0.125445 5.26795e-09 0.00011663 0.277798 0.00362186 0.00699108 9.58812e-05 
0.000390324 0.00263464 0.00202685 0.13398 0.00442843 0.0754197 0.0296487 3.53146e-06 0.0946641 0.067867 1.19031e-09 0.00135061 0.000863264 0.0077966 0.0131488 0.00439954 0.0453317 0.0140311 0.0176185 4.45844e-05 3.6794e-08 0.435626 0.000690197 0.0480134 2.16748e-05 
0.00787035 0.000964467 4.7679e-05 0.0629379 0.00488128 0.0794815 0.0208412 1.47059e-05 0.00320481 0.164967 2.74415e-05 0.0131725 0.000257934 0.0219713 0.0655275 0.05189 0.0498561 0.0111094 0.0667835 0.00196592 3.91041e-06 0.324672 0.0271051 0.0202099 0.0002365 
0.00355012 0.000259425 3.19825e-05 0.000553093 0.00846411 0.0965847 0.0255073 0.000783683 0.00615962 0.0417843 0.00188613 0.00343677 0.00144023 0.00837896 0.0263048 0.0191747 0.0509847 0.0079962 0.208894 0.0139164 0.0107711 0.429049 0.0017613 0.0322178 0.000109627 
2.55218e-07 1.16071e-08 1.03847e-09 3.77552e-07 6.56602e-06 1.99861e-07 2.19281e-10 9.33193e-10 0.00144333 0.000564212 1.19891e-09 0.000232477 8.35495e-10 3.45447e-06 0.00201982 1.42151e-10 0.0147059 3.47426e-10 0.00421237 3.35189e-10 1.4435e-07 0.976809 6.2783e-07 1.05928e-06 5.54105e-10 
2.39571e-10 1.38864e-10 5.84892e-10 0.0144465 4.40975e-07 0.00499116 0.0024805 2.39093e-06 4.17597e-08 2.966e-06 6.75257e-10 7.8462e-11 1.00904e-06 0.0021848 0.0462356 0.0758702 0.00294532 0.151181 0.063473 2.56781e-07 3.88595e-07 0.635718 0.000465774 7.16197e-08 3.31661e-07 
1.83324e-05 0.000226869 0.0272363 0.0879782 2.57777e-05 0.0970262 0.0253495 4.81276e-06 0.00498735 0.018022 5.2634e-09 0.00229126 0.000315845 0.000737289 0.00217216 0.0233819 0.0572461 0.015781 0.00789654 7.40559e-05 3.79908e-09 0.624341 0.00109079 0.00353948 0.000257641 
0.00709396 0.00553768 0.000521789 0.00810075 0.0425765 0.126017 0.0155719 0.00110819 0.00134648 0.132089 0.00320052 0.0059036 0.000437132 0.0284793 0.107921 0.105357 0.03699 0.00546179 0.141925 0.00349166 0.000496019 0.166242 0.0179046 0.0351265 0.00110075 
0.00439428 0.00204218 9.17271e-05 0.00294588 0.00065844 0.00989985 0.00245631 2.4936e-11 0.0001597 0.111387 5.75967e-07 3.28841e-08 2.23254e-11 0.0237146 0.337294 0.0265331 0.0539838 0.000552625 0.0286299 0.000842055 2.97085e-08 0.365078 0.00897724 0.019752 0.000606046 
0.000725662 0.00053927 0.00027012 0.012055 0.00696072 0.0631781 0.151481 0.148469 0.0347207 0.00245261 0.000933367 0.000199147 0.00131799 0.000467788 0.0127398 0.00827377 0.0265818 0.0473513 0.0463142 0.000200044 0.0188037 0.406779 0.00589839 0.00325779 3.04161e-05 
4.46888e-05 0.00264868 5.39584e-05 0.00243994 0.00210499 0.284685 0.000655984 5.36375e-07 0.00369209 0.0225938 7.5047e-07 0.0108414 0.000135666 0.00122302 0.0535628 0.0159622 0.00215732 0.0012298 0.00800834 7.65609e-05 2.16857e-07 0.570559 0.0103584 0.00694523 1.96874e-05 
0.000161519 0.000325683 0.000349396 0.158961 0.0107641 0.104249 0.0432177 0.00045534 0.0135334 0.0148512 2.28678e-09 0.000398846 0.0021036 0.0234422 0.0095554 0.00806453 0.0443512 0.0321226 0.0158165 6.17234e-05 0.000804897 0.50535 4.48323e-05 0.0109939 2.15486e-05 
0.00181232 0.00230748 0.00381376 0.00102034 0.000234112 0.213207 0.233901 0.00150997 0.0840138 0.0459703 7.08213e-10 0.00118066 0.000313844 0.0246254 0.0380999 0.00872035 0.0123705 0.0501915 0.0155596 0.000552666 0.000500171 0.240826 0.00577044 0.0133241 0.000175305 
0.00486976 0.00952573 0.0045111 0.00913676 0.0155491 0.113984 0.00892008 1.61045e-05 2.10711e-05 0.126399 0.000636969 0.0097038 0.00247794 0.0421926 0.130655 0.0220798 0.0251158 0.00829951 0.060173 0.00155493 3.58002e-06 0.344432 0.00737689 0.0486729 0.00369196 
0.0163136 0.00116593 3.77616e-06 0.0948247 0.0117311 0.0546204 0.00973171 7.59925e-07 1.77405e-05 0.0520153 0.000331757 0.000155744 0.000167061 0.00156689 0.225074 0.0279407 0.00860515 0.00932803 0.140572 0.000142649 1.7979e-06 0.323504 0.00544669 0.0161017 0.000636536 
0.000667396 0.000439059 0.000211667 0.0247503 0.0114843 0.143944 0.064754 5.50093e-05 0.00319314 0.0161555 1.30846e-07 0.0199719 0.000929184 0.00573913 0.0310336 0.0499774 0.0157088 0.0728293 0.0472938 0.00211274 3.04941e-07 0.459442 0.0123195 0.0142934 0.00269448 
0.0106415 0.00409519 0.00190518 0.010152 0.00324345 0.0191605 0.0173307 8.24839e-05 5.87171e-06 0.0402189 0.000292622 0.000450406 0.000287085 0.0437762 0.152367 0.00667519 0.0151284 0.00128225 0.0374964 0.0025368 1.365e-07 0.580555 0.00150224 0.0500136 0.000801066 
0.00214699 0.00111675 0.00203642 0.00545788 0.00164381 0.119455 0.04452 4.73108e-05 0.015677 0.108952 0.000111713 0.000307279 0.0024955 0.0453101 0.0288401 0.033039 0.0147262 0.0180359 0.144558 0.00105215 9.89636e-07 0.38717 0.0040423 0.0187443 0.000513601 
0.00922477 0.0120689 1.95036e-05 0.0122427 0.0269455 0.0256533 0.0020688 0.00288069 6.31349e-05 0.0416773 5.89491e-05 0.000454099 0.000942563 0.0365696 0.0201892 0.00233409 0.26089 0.0158294 0.0592152 0.000405406 6.37989e-05 0.425632 0.00908222 0.0346262 0.000862643 
0.000179316 0.0015065 0.00210652 0.00809664 0.00266388 0.0389069 0.0215099 0.23212 0.0487432 0.0109916 3.59568e-06 0.000309317 0.001811 0.00873446 0.0307556 0.0185099 0.0223924 0.0723453 0.0235485 0.000230063 4.87618e-06 0.442007 0.000640663 0.0118422 4.05242e-05 
