0.000926177 0.00071478 9.4937e-09 0.00111442 0.00253909 0.0444925 0.000587787 2.21762e-06 0.000106864 0.0313943 1.34662e-10 0.00131574 0.000146473 0.00201367 0.0174873 0.00201785 0.17957 0.0156324 0.31807 0.000517516 1.48173e-06 6.49899e-05 0.37341 0.00552875 0.00234546 
0.000140318 0.099275 2.68373e-07 0.0177308 0.000313169 0.0795111 7.67487e-07 4.8204e-05 2.91855e-05 1.63311e-08 4.00039e-11 0.0141755 0.000450619 0.00487013 0.00259455 0.012165 0.0686448 2.26118e-05 0.138296 1.99117e-07 0.000247913 5.65096e-05 0.478701 0.0827236 3.21657e-06 
0.00787703 0.00620539 0.000136011 0.00339985 0.0171265 0.0724339 0.0117675 0.0027479 0.000255282 0.0260624 0.000323976 0.020367 0.00215199 0.00829115 0.0336308 0.00837263 0.0431304 0.00740013 0.0569599 0.0060417 0.00621823 0.0144752 0.616667 0.0265654 0.00139317 
0.0283719 0.00409871 0.000911361 0.0359206 0.0118675 0.0809442 0.00229369 1.10252e-09 3.63027e-05 0.0303067 3.04855e-12 0.00430166 0.000341893 0.0220475 0.261966 0.0881633 0.00985361 0.000173048 0.0258166 0.00206448 3.14092e-06 0.00499325 0.306242 0.0746932 0.004589 
0.0337926 0.0140727 0.00738984 0.00154418 0.000107344 0.014856 0.0017902 2.15107e-07 3.70331e-05 0.00234718 2.76357e-07 0.000181416 0.00404695 0.00433813 0.15423 0.00732705 0.0421918 0.0036416 0.0140128 0.0155326 7.49792e-07 0.0370726 0.530788 0.110662 3.56899e-05 
9.19571e-06 0.000832329 9.5557e-06 0.136504 0.000732411 0.217043 0.00317135 4.01918e-09 0.000211821 0.00405763 1.11028e-05 0.0204893 0.00888176 0.00334657 0.0529322 0.0233659 0.0808281 0.00172414 0.0401209 0.000959777 2.54173e-06 0.0250008 0.365509 0.0141895 6.72872e-05 
0.000196018 0.000132061 2.11896e-07 0.141884 0.0010499 0.271542 0.00143379 3.85513e-08 3.63306e-05 0.00641162 2.58855e-06 0.000135917 0.000150982 0.00188466 0.0552383 0.0306647 0.0355954 0.0457119 0.0906212 0.000141013 4.12375e-05 0.00510348 0.30486 0.00606661 0.00109599 
0.000332588 0.00490041 0.000264964 0.0214266 0.00806593 0.19714 0.0224047 2.40321e-08 0.00033598 0.138622 2.63018e-10 0.00237086 0.000470684 0.024874 0.120719 0.0402408 0.105398 0.00507642 0.00989815 0.0108107 1.68922e-05 0.0103943 0.226494 0.0485151 0.00122842 
0.271189 0.000929403 1.93138e-07 0.00762784 0.0164974 0.0232773 0.00270463 3.7905e-05 0.000315245 2.03206e-07 7.54696e-11 0.000546547 0.0055318 0.00166808 5.2148e-07 0.0040907 0.00925657 0.15839 0.054948 0.00016145 4.63238e-05 0.00476605 0.427256 0.010759 1.69233e-08 
0.300889 0.000499471 0.00173907 0.00240446 0.000563894 0.0449471 0.023033 4.47693e-07 0.00162107 0.0435892 1.6929e-06 0.00137255 6.27484e-05 0.00547046 0.0867138 0.0350202 0.00203458 0.000417231 0.0131776 0.00305631 3.76029e-06 0.0607769 0.336147 0.0346524 0.00180629 
0.00940214 0.00105961 7.7061e-05 0.00157592 0.0144652 0.104951 0.00859451 6.68206e-06 1.94615e-05 0.0496763 2.79887e-08 0.000778937 0.000541258 0.0669264 0.0872886 0.0274868 0.0195895 0.000946424 0.114905 0.0126812 9.10023e-05 0.00182317 0.396357 0.0807236 3.3541e-05 
0.00121987 0.000186328 9.25177e-06 0.0321222 0.00145155 0.216386 0.0245867 0.004958 3.20165e-05 0.00214155 1.65548e-08 0.00130084 0.000746813 0.00634374 0.0149003 0.0138121 0.0919553 0.00684896 0.0944246 0.000497919 0.000211265 0.00259938 0.480988 0.00222929 4.74863e-05 
0.000204746 0.00332538 0.00650228 0.0107875 0.00033549 0.120712 0.0124949 4.05992e-08 0.000756425 0.0562048 5.63521e-10 0.00750854 0.000898585 0.00371912 0.0374642 0.0220703 0.0154587 0.0178289 0.021195 0.0908237 8.18872e-06 0.02967 0.504876 0.0278613 0.00929471 
0.0334463 0.000259365 8.28209e-06 0.000372613 0.000518219 0.0793131 0.0084951 7.16302e-12 4.48133e-07 0.0496791 1.96857e-08 0.00263377 5.55028e-05 0.00206152 0.0561653 0.0399189 0.000133855 0.00039343 0.00272953 0.00387935 1.99017e-07 0.00308935 0.686321 0.0301227 0.000403057 
1.13358e-08 0.0182265 4.71558e-09 0.000103666 0.00146175 0.234722 1.30155e-07 5.29031e-12 0.000304449 0.042915 6.79668e-12 7.89745e-13 3.07916e-08 0.0546658 0.111777 0.025727 0.0823102 0.000231672 0.00449921 0.0116642 9.32589e-09 0.0032744 0.246722 0.161395 4.08675e-09 
0.0657968 0.0015908 4.01468e-05 0.0181235 0.2069 0.0515415 0.0105577 8.32235e-06 5.22806e-05 0.0926763 3.13052e-05 9.15071e-05 1.09527e-05 0.00838113 0.028463 0.00153896 0.00177436 0.064773 0.0609557 0.00103374 3.11501e-08 0.02171 0.345048 0.0187719 0.000129063 
0.037476 0.00479651 4.86405e-05 0.00959053 0.0044735 0.0306541 0.00255147 1.45832e-09 8.34149e-07 0.0560324 0.0290975 0.000791148 2.00554e-05 0.104067 0.0185186 0.00591962 0.0552109 6.3088e-05 0.0429672 1.39662e-05 4.00617e-05 0.0348951 0.428896 0.133875 1.12316e-07 
0.0201025 0.00390198 0.00026765 0.000529647 0.00158255 0.189392 0.137433 2.42151e-11 2.30485e-05 0.0310233 3.11101e-11 0.00783425 0.000366759 0.0176123 0.0485442 0.187224 0.00828079 0.000119057 0.00256975 0.00351726 5.8421e-09 0.019679 0.207706 0.111573 0.000718024 
0.00502554 3.0103e-07 1.0787e-10 1.27831e-07 0.00813809 0.0349638 0.0107371 9.69342e-11 1.83719e-11 0.00101916 1.24535e-10 0.00014124 8.67859e-11 0.000326031 0.0132564 0.0189931 0.013232 7.60335e-05 0.0179624 1.3516e-08 8.98887e-11 0.00335632 0.822363 0.0504044 4.45674e-06 
0.271189 0.000929403 1.93138e-07 0.00762784 0.0164974 0.0232773 0.00270463 3.7905e-05 0.000315245 2.03206e-07 7.54696e-11 0.000546547 0.0055318 0.00166808 5.2148e-07 0.0040907 0.00925657 0.15839 0.054948 0.00016145 4.63238e-05 0.00476605 0.427256 0.010759 1.69233e-08 
0.00628643 0.00151655 1.12164e-05 0.000528395 0.0057995 0.294033 0.00403739 1.22989e-06 2.96335e-05 0.00909314 6.07946e-08 0.0508142 5.21901e-05 0.0017301 0.0276835 0.0574455 0.0122944 0.0197646 0.0068036 0.000121886 5.19201e-10 0.0137944 0.457435 0.0237822 0.00694101 
0.00299224 0.000200046 1.46747e-05 0.00151544 0.00570044 0.14066 0.292148 2.52875e-05 4.28053e-05 0.0462047 2.03898e-06 0.00580771 0.00019576 0.002531 0.0147706 0.0024447 0.0339887 0.00586226 0.0425466 0.00966058 5.51223e-05 0.00496723 0.375587 0.0119202 0.000156547 
9.49831e-05 0.00183775 1.12922e-05 0.0299024 0.000803099 0.225809 0.000397869 1.48765e-09 9.291e-06 0.00283181 1.68636e-12 0.00377883 0.000226578 0.000679373 0.0431788 0.0139585 0.0116814 0.000333837 0.0697679 3.40695e-08 3.83948e-05 0.000265295 0.593423 0.000914539 5.53293e-05 
0.000926177 0.00071478 9.4937e-09 0.00111442 0.00253909 0.0444925 0.000587787 2.21762e-06 0.000106864 0.0313943 1.34662e-10 0.00131574 0.000146473 0.00201367 0.0174873 0.00201785 0.17957 0.0156324 0.31807 0.000517516 1.48173e-06 6.49899e-05 0.37341 0.00552875 0.00234546 
0.00499861 0.00224257 4.2302e-06 0.0146154 0.00488766 0.0321029 0.00269053 1.99089e-05 4.13116e-05 0.0396676 5.17093e-09 5.56182e-05 1.48285e-05 0.00808292 0.0563787 0.0148356 0.0558333 0.00514652 0.00580431 1.68382e-06 0.000138045 0.293187 0.415362 0.0437381 0.000149935 
0.271189 0.000929403 1.93138e-07 0.00762784 0.0164974 0.0232773 0.00270463 3.7905e-05 0.000315245 2.03206e-07 7.54696e-11 0.000546547 0.0055318 0.00166808 5.2148e-07 0.0040907 0.00925657 0.15839 0.054948 0.00016145 4.63238e-05 0.00476605 0.427256 0.010759 1.69233e-08 
0.0250993 0.00183246 0.00522126 0.000141712 0.000680442 0.0252055 0.00722081 2.57134e-07 1.94495e-05 0.0155412 3.43273e-06 0.00137024 0.000169991 0.0315173 0.208308 0.202882 0.0214382 0.00155995 0.0035364 0.0271638 1.63885e-06 0.0144538 0.340297 0.0662537 8.24006e-05 
9.17401e-05 0.000122626 1.06502e-06 0.00748843 0.000106273 0.0558743 3.04485e-05 0.327233 2.63047e-05 0.000322283 1.14096e-07 0.000431484 2.35194e-06 0.00154631 0.010434 0.0004327 0.0510494 5.78839e-05 0.00346917 1.91694e-06 6.54473e-05 2.15269e-05 0.540596 0.000381659 0.000213962 
8.564e-05 0.00033744 1.08163e-06 0.0213985 0.000558997 0.145682 0.0245015 0.000535003 0.00018859 0.0047527 6.93922e-10 0.00640568 5.60912e-05 0.0121602 0.0960462 0.0205734 0.269823 0.000173344 0.0129073 0.00483754 3.88703e-05 0.000516856 0.321324 0.0570464 5.08299e-05 
0.000864395 0.000155041 1.18902e-05 0.00104309 0.00768004 0.196264 0.00190576 7.85584e-05 1.92601e-05 0.0205927 0.00150808 0.000122781 7.43024e-05 0.00502901 0.065052 0.00141225 0.0742651 0.00102755 0.204102 0.000245518 9.38092e-05 0.0014512 0.416411 0.000235717 0.000355485 
0.271189 0.000929403 1.93138e-07 0.00762784 0.0164974 0.0232773 0.00270463 3.7905e-05 0.000315245 2.03206e-07 7.54696e-11 0.000546547 0.0055318 0.00166808 5.2148e-07 0.0040907 0.00925657 0.15839 0.054948 0.00016145 4.63238e-05 0.00476605 0.427256 0.010759 1.69233e-08 
0.000294244 0.000903453 7.92154e-05 0.162398 0.00074894 0.1895 0.00190873 2.66887e-05 8.35568e-05 0.0139358 2.09289e-06 0.00159393 0.000505357 0.0400175 0.105268 0.0297053 0.0566806 0.0617196 0.045122 0.00106402 2.17309e-05 0.0298083 0.241073 0.0154992 0.00204114 
0.00010327 0.00207848 0.0017931 0.016393 0.00046598 0.0794319 3.06449e-06 1.10586e-05 0.000612527 0.0163741 7.86562e-07 0.00649123 2.30673e-05 0.002785 0.139134 0.0737423 0.154472 0.00627924 0.0426726 3.57458e-07 2.65937e-06 0.00787745 0.442465 0.00670895 7.90231e-05 
0.0386896 0.000728895 1.09723e-05 0.000135675 0.000581424 0.077213 0.00677857 2.67159e-05 8.18112e-07 0.0814638 1.5364e-06 0.000782844 3.99369e-06 0.00841758 0.0600085 0.0197349 0.00363408 0.000125873 0.0632959 0.00170487 3.48608e-06 0.00680342 0.567474 0.0623364 4.27526e-05 
0.00255524 0.00075867 1.52373e-05 0.0602259 0.00949523 0.188569 0.00700478 2.66026e-06 0.000179182 0.232096 2.08955e-10 0.00135708 0.000137313 0.00390771 0.0792265 0.0377587 0.00667154 0.00343584 0.0681155 0.000527599 3.85292e-07 0.0325179 0.248581 0.0167798 8.07496e-05 
4.43162e-05 0.000164247 0.000666742 0.0273143 0.00439802 0.0387072 0.0223922 0.0265007 1.40516e-05 0.0093425 6.22631e-10 0.0493436 0.000321838 0.0212873 0.148363 0.124288 0.0399681 0.0395955 0.0266105 0.000710525 1.73217e-05 0.0137127 0.356565 0.0452931 0.00437866 
0.0044189 0.000474936 0.00157073 0.0759789 0.00532049 0.121369 0.0106423 2.05091e-09 1.39973e-05 0.0306454 4.22377e-12 0.00455437 0.000573599 0.0135508 0.116768 0.0568173 0.00543628 0.000157644 0.00399882 0.000668274 1.45093e-05 0.00446851 0.528548 0.0121143 0.00189449 
0.00628643 0.00151655 1.12164e-05 0.000528395 0.0057995 0.294033 0.00403739 1.22989e-06 2.96335e-05 0.00909314 6.07946e-08 0.0508142 5.21901e-05 0.0017301 0.0276835 0.0574455 0.0122944 0.0197646 0.0068036 0.000121886 5.19201e-10 0.0137944 0.457435 0.0237822 0.00694101 
0.271189 0.000929403 1.93138e-07 0.00762784 0.0164974 0.0232773 0.00270463 3.7905e-05 0.000315245 2.03206e-07 7.54696e-11 0.000546547 0.0055318 0.00166808 5.2148e-07 0.0040907 0.00925657 0.15839 0.054948 0.00016145 4.63238e-05 0.00476605 0.427256 0.010759 1.69233e-08 
0.0141922 0.00173357 1.23863e-06 0.00165891 0.0169179 0.119279 0.0128894 2.5991e-06 1.40444e-06 0.0287386 0.0111683 0.000951003 9.50801e-05 0.0565428 0.0678658 0.00785288 0.12217 0.00333392 0.0215933 0.00245015 4.00284e-08 0.0149478 0.370141 0.125387 8.54254e-05 
0.000383052 0.000377742 2.04762e-05 0.0198513 0.00132202 0.334255 0.0085794 1.43151e-09 5.03942e-06 0.0102023 2.15608e-08 0.000204862 2.46549e-05 0.000733304 0.0642966 0.00725837 0.00834303 0.000835399 0.0684797 0.000896275 7.32965e-06 0.0105001 0.462976 0.000347475 0.000100223 
0.0118214 0.00166379 1.7185e-07 0.00105317 0.00324527 0.0257575 0.00868852 3.58431e-07 3.98973e-05 0.00898194 1.15678e-05 5.15362e-06 0.00974008 0.00133236 0.0158114 0.00638908 0.00647174 6.79194e-05 0.131912 0.0010401 2.33609e-06 0.0521907 0.69833 0.0153137 0.000129441 
0.0271573 0.000135392 2.34221e-05 0.012963 0.0483563 0.00821329 0.0484842 0.000149132 2.7782e-05 3.84622e-05 4.12661e-09 0.000674143 0.000804141 0.0640956 0.0757754 0.0303536 0.135132 0.0846939 0.121447 0.000105271 0.000130542 0.0842096 0.214901 0.0379164 0.00421317 
0.271189 0.000929403 1.93138e-07 0.00762784 0.0164974 0.0232773 0.00270463 3.7905e-05 0.000315245 2.03206e-07 7.54696e-11 0.000546547 0.0055318 0.00166808 5.2148e-07 0.0040907 0.00925657 0.15839 0.054948 0.00016145 4.63238e-05 0.00476605 0.427256 0.010759 1.69233e-08 
8.836e-06 3.00927e-06 1.03615e-05 0.000393254 0.000437181 0.153366 0.0745715 1.28331e-08 0.000184659 0.000274555 1.64872e-08 2.41086e-07 3.29058e-05 6.45847e-05 0.00186384 0.00226474 0.0154468 0.000191605 0.107167 5.04657e-05 0.196423 0.00980697 0.437382 4.78251e-05 9.28123e-06 
0.00739768 0.00316367 0.0223257 0.0178397 0.00574063 0.080294 0.0244598 9.74789e-06 5.81672e-06 0.0801837 1.99398e-06 8.60118e-05 0.000277187 0.0257171 0.0776491 0.0199554 0.0502704 0.0272391 0.0705614 0.000494508 0.000346196 0.0149747 0.422529 0.0483804 9.75061e-05 
0.00047411 4.29743e-05 0.00235552 0.000184672 0.0191691 0.143494 0.00234062 1.44153e-11 1.67922e-07 0.0625487 1.852e-11 0.00022952 3.10392e-06 0.0027954 0.0452019 0.0232458 6.7054e-05 5.09682e-05 0.00205839 5.91487e-05 8.10999e-08 0.00110982 0.691936 0.00260049 3.27437e-05 
6.28861e-05 2.82959e-05 5.86313e-05 0.00296284 0.100686 0.272594 0.00234955 2.88725e-11 1.71143e-06 0.021061 6.1168e-08 8.08834e-08 6.65126e-06 0.000835267 0.0994369 0.0117812 0.000125434 7.77692e-05 0.00469732 2.45308e-05 1.74368e-07 0.00187076 0.480211 0.00112736 1.7444e-07 
0.0988822 0.00476057 0.0052053 0.00592009 0.00497121 0.0194154 0.0207452 0.0011696 5.03689e-08 0.0181335 3.4143e-07 0.00129337 0.00578205 0.017755 0.00650186 0.0092745 0.0110924 0.00306728 0.00533666 0.00524065 2.46442e-07 0.0228853 0.715449 0.0136627 0.00345598 
0.271189 0.000929403 1.93138e-07 0.00762784 0.0164974 0.0232773 0.00270463 3.7905e-05 0.000315245 2.03206e-07 7.54696e-11 0.000546547 0.0055318 0.00166808 5.2148e-07 0.0040907 0.00925657 0.15839 0.054948 0.00016145 4.63238e-05 0.00476605 0.427256 0.010759 1.69233e-08 
0.000566026 0.00104439 0.000471644 0.012014 0.00230945 0.147339 0.00058113 2.25366e-11 1.17769e-06 0.019574 2.89537e-11 0.000262155 0.000245388 0.00079538 0.17605 0.0115753 0.000527082 0.000337377 0.0157762 1.86758e-05 1.02357e-07 0.00191908 0.602324 0.00294701 0.0033215 
0.000383052 0.000377742 2.04762e-05 0.0198513 0.00132202 0.334255 0.0085794 1.43151e-09 5.03942e-06 0.0102023 2.15608e-08 0.000204862 2.46549e-05 0.000733304 0.0642966 0.00725837 0.00834303 0.000835399 0.0684797 0.000896275 7.32965e-06 0.0105001 0.462976 0.000347475 0.000100223 
0.271189 0.000929403 1.93138e-07 0.00762784 0.0164974 0.0232773 0.00270463 3.7905e-05 0.000315245 2.03206e-07 7.54696e-11 0.000546547 0.0055318 0.00166808 5.2148e-07 0.0040907 0.00925657 0.15839 0.054948 0.00016145 4.63238e-05 0.00476605 0.427256 0.010759 1.69233e-08 
2.91136e-07 8.89455e-05 1.04221e-05 0.0253787 0.0035991 0.181958 0.00135881 6.63093e-07 4.25784e-05 0.000347998 1.68714e-09 0.000369611 5.92117e-05 0.000888329 0.0144237 0.00310018 0.171666 0.00066967 0.0690226 0.000298708 0.000953786 0.00922903 0.514615 0.00179722 0.000121651 
0.178767 0.00360677 0.000137138 0.000157982 0.129995 0.0933995 0.00273117 0.000231697 6.84913e-06 0.00796057 8.68102e-05 0.046369 0.000170602 0.0206081 0.0430924 0.0188995 0.0163398 0.00400851 0.0556124 0.000619678 3.28948e-10 0.0362302 0.301349 0.0383237 0.00129569 
0.125806 0.00205979 0.000145277 0.000334889 0.00202058 0.0440069 0.00778318 1.61502e-07 4.38147e-05 0.0588963 2.07489e-07 0.000251873 0.000475754 0.0814324 0.0722779 0.112208 0.00569024 6.32488e-05 0.0266201 2.0063e-05 5.9163e-06 0.00795438 0.4408 0.0111033 9.58957e-08 
0.271189 0.000929403 1.93138e-07 0.00762784 0.0164974 0.0232773 0.00270463 3.7905e-05 0.000315245 2.03206e-07 7.54696e-11 0.000546547 0.0055318 0.00166808 5.2148e-07 0.0040907 0.00925657 0.15839 0.054948 0.00016145 4.63238e-05 0.00476605 0.427256 0.010759 1.69233e-08 
0.000166853 0.00353186 0.000591231 0.0130466 0.00680143 0.107321 0.00324485 1.04281e-11 3.81699e-05 0.21159 1.33975e-11 0.000644148 0.000159274 0.0113872 0.108273 0.0370895 0.00682829 0.000194045 0.00237664 0.0146365 2.99735e-07 0.00180942 0.445021 0.0247323 0.000516576 
0.00129257 0.00139568 0.000173847 0.00265569 0.00844686 0.221787 0.0133112 0.00153876 1.60176e-05 0.0245801 1.14262e-07 0.0116285 0.000459376 0.0124423 0.112884 0.0656106 0.044568 0.00360543 0.0622176 0.00274444 0.000138383 0.0101317 0.308503 0.0897897 7.95407e-05 
0.00243558 0.00116685 3.91796e-05 0.00657704 0.00276982 0.130133 0.000827342 0.000632567 4.60669e-05 0.0518285 9.99819e-07 0.002978 0.000848548 0.000873887 0.00775698 0.0736077 0.073434 0.000502166 0.0566036 0.00178988 0.00178374 0.00300562 0.575077 0.00503217 0.000249871 
0.00628643 0.00151655 1.12164e-05 0.000528395 0.0057995 0.294033 0.00403739 1.22989e-06 2.96335e-05 0.00909314 6.07946e-08 0.0508142 5.21901e-05 0.0017301 0.0276835 0.0574455 0.0122944 0.0197646 0.0068036 0.000121886 5.19201e-10 0.0137944 0.457435 0.0237822 0.00694101 
0.000295506 0.00153337 9.80582e-05 0.0229928 0.0173374 0.0993224 0.0141841 1.07598e-06 2.0393e-07 0.0188415 7.47964e-05 0.00510827 0.000386075 0.0198711 0.023927 0.00622673 0.0706454 0.00561037 0.0189999 0.00238741 3.62484e-05 0.0230123 0.632748 0.0157593 0.000600636 
0.271189 0.000929403 1.93138e-07 0.00762784 0.0164974 0.0232773 0.00270463 3.7905e-05 0.000315245 2.03206e-07 7.54696e-11 0.000546547 0.0055318 0.00166808 5.2148e-07 0.0040907 0.00925657 0.15839 0.054948 0.00016145 4.63238e-05 0.00476605 0.427256 0.010759 1.69233e-08 
0.0522733 0.000172765 1.73509e-08 0.000586842 0.00019918 0.00882488 0.00143015 1.45056e-10 6.05497e-09 0.0468367 1.86359e-10 0.00011189 2.13106e-06 0.00139139 0.0827432 0.0418861 0.000220942 6.95388e-07 7.14e-07 0.000278897 1.86716e-08 0.000237793 0.730616 0.0321859 1.44528e-07 
0.00794381 0.0541576 0.000108264 0.00730339 0.00409133 0.0618078 0.00199058 0.000835073 0.000227917 0.0146241 0.00211357 0.0201615 0.0997944 0.0201264 0.0382248 0.00474407 0.129489 0.0132946 0.0460505 0.0196752 0.134875 0.0414659 0.143044 0.131864 0.0019872 
0.000107506 0.00201771 0.0550194 0.0126644 0.000393289 0.0297133 0.00208342 6.55295e-08 8.48611e-08 0.00799928 4.07881e-07 0.00197754 3.22889e-06 0.002294 0.303249 0.0096366 0.0302368 0.000600144 0.0230717 1.85319e-07 2.85101e-06 0.00341291 0.511184 0.00422554 0.000106625 
0.0130857 0.00328252 0.000130533 0.121004 0.0166084 0.088844 0.00790496 3.35988e-05 2.7574e-05 0.091866 2.21884e-07 0.00431242 0.000549295 0.0168865 0.125768 0.0381746 0.0278746 0.00823669 0.119592 0.00284517 9.64833e-06 0.0220233 0.249085 0.0393295 0.00252545 
0.000926177 0.00071478 9.4937e-09 0.00111442 0.00253909 0.0444925 0.000587787 2.21762e-06 0.000106864 0.0313943 1.34662e-10 0.00131574 0.000146473 0.00201367 0.0174873 0.00201785 0.17957 0.0156324 0.31807 0.000517516 1.48173e-06 6.49899e-05 0.37341 0.00552875 0.00234546 
0.000759483 0.00312666 7.89787e-06 0.0109789 0.00832786 0.0678588 0.00668447 1.03588e-06 4.60561e-05 0.0301398 4.33985e-06 0.0127957 0.000158943 0.0784524 0.0253434 0.00880072 0.212879 0.157571 0.02431 0.0103349 1.0561e-05 0.00441084 0.239784 0.0494035 0.0478098 
0.00112526 0.0162855 0.000245417 0.0242919 0.000715941 0.0534677 0.00464726 2.45453e-05 3.5675e-05 0.0258652 4.41109e-11 0.0009982 0.00853196 0.00203358 0.289416 0.0544212 0.0305851 0.00221313 0.0876111 0.00052432 3.10977e-05 0.0294083 0.34141 0.0239531 0.00215871 
0.000205028 0.00604406 1.8109e-06 0.00925636 0.00454013 0.106914 0.0016254 3.3805e-07 7.27104e-06 0.00710696 2.78451e-11 0.0116153 0.00114716 0.0342947 0.0124463 0.00587798 0.0223135 0.00641065 0.167365 0.0198657 5.80235e-06 0.0025815 0.539274 0.0410027 9.83504e-05 
0.000204746 0.00332538 0.00650228 0.0107875 0.00033549 0.120712 0.0124949 4.05992e-08 0.000756425 0.0562048 5.63521e-10 0.00750854 0.000898585 0.00371912 0.0374642 0.0220703 0.0154587 0.0178289 0.021195 0.0908237 8.18872e-06 0.02967 0.504876 0.0278613 0.00929471 
0.000229293 0.00279889 1.35561e-08 0.00168798 0.00749079 0.300901 0.00128197 1.39394e-06 0.000367449 0.0146021 0.000710122 0.00409204 0.000239657 0.0258827 0.00439812 0.0113783 0.0895511 0.0257865 0.00782922 0.000394516 2.1522e-05 0.00595855 0.468836 0.0252162 0.000344774 
0.0200159 0.0003127 3.93008e-05 0.0661076 0.00191152 0.0146416 0.000488556 1.17948e-07 2.4043e-06 0.0282393 2.26367e-08 0.00130211 0.00018775 0.00255173 0.0198785 0.00589743 0.0850255 0.00035003 0.0577414 7.76616e-05 1.00072e-05 0.00366061 0.690682 0.000868528 7.40599e-06 
0.000159808 0.000358129 1.4704e-07 0.0211222 0.000735738 0.219223 0.00791712 2.26968e-09 6.78123e-06 0.0225995 4.06722e-12 0.000360554 3.28808e-05 0.00466905 0.0332935 0.00974384 0.0154751 0.000907036 0.0459709 0.000464507 1.95786e-05 0.00131328 0.603334 0.0121963 9.78482e-05 
1.13358e-08 0.0182265 4.71558e-09 0.000103666 0.00146175 0.234722 1.30155e-07 5.29031e-12 0.000304449 0.042915 6.79668e-12 7.89745e-13 3.07916e-08 0.0546658 0.111777 0.025727 0.0823102 0.000231672 0.00449921 0.0116642 9.32589e-09 0.0032744 0.246722 0.161395 4.08675e-09 
0.000621296 8.63776e-05 1.64906e-06 0.00034505 0.025207 0.218338 0.000122349 1.81624e-08 2.60761e-06 0.0449127 2.3334e-08 0.00272232 0.0941605 0.0286325 0.0706938 0.0200851 0.000969905 0.0223277 0.0694041 4.58611e-06 1.68423e-08 0.021251 0.317924 0.0608973 0.00129041 
0.00247728 0.0312414 0.00204548 0.0109521 0.000789215 0.101148 0.00582894 5.16386e-07 6.30091e-05 0.0345624 2.40996e-09 0.0131226 9.34662e-05 0.0502925 0.160928 0.0283625 0.0279204 0.00397649 0.0323923 0.000922247 2.42499e-07 0.0330869 0.362045 0.0975161 0.000232604 
0.0971076 0.00271772 0.000180576 0.027675 0.0689917 0.114672 0.00140849 7.82359e-10 0.00435039 0.0229307 0.000116981 0.0169572 0.00024542 0.0512262 0.106839 0.017476 0.0986333 6.68568e-05 0.0988207 0.0195982 1.4687e-05 0.0476439 0.186771 0.0141513 0.00140415 
0.00935637 0.00446091 4.53655e-05 0.00372392 0.00369647 0.0336446 0.0131394 7.39179e-07 0.00116796 0.134819 0.000326833 0.00017293 0.000691049 0.0165902 0.0188995 0.00785605 0.219712 0.0116937 0.0221001 0.030911 5.36095e-06 0.00739347 0.37046 0.0885535 0.000579832 
0.0430572 0.000190511 5.95505e-05 0.0154639 0.00508335 0.063893 0.00600079 9.69309e-07 3.2524e-06 0.00178368 1.96373e-08 2.18403e-05 2.01245e-05 0.00101123 0.00276416 0.000879657 0.00277805 0.0166291 0.0157772 0.000129814 2.95164e-06 0.00139788 0.820673 0.00235755 2.13354e-05 
0.00278273 6.84907e-05 8.84917e-07 2.57591e-05 0.00265516 0.00983636 3.03966e-06 4.50375e-06 4.6198e-06 0.00287208 4.93436e-09 0.00778839 5.35994e-07 0.00106757 0.0109147 0.00789334 0.0123958 0.000115474 0.0433076 5.501e-06 4.10428e-06 0.00299966 0.890856 0.00439521 2.62651e-06 
0.00628643 0.00151655 1.12164e-05 0.000528395 0.0057995 0.294033 0.00403739 1.22989e-06 2.96335e-05 0.00909314 6.07946e-08 0.0508142 5.21901e-05 0.0017301 0.0276835 0.0574455 0.0122944 0.0197646 0.0068036 0.000121886 5.19201e-10 0.0137944 0.457435 0.0237822 0.00694101 
0.0234386 0.00117471 0.000105043 0.0233068 0.0297528 0.0474364 0.0163401 1.18046e-08 8.28537e-08 0.0147971 1.51659e-08 0.15476 1.30255e-07 0.140762 0.0131636 0.0109818 0.0159187 0.0030961 0.0271529 1.13044e-06 2.58876e-07 0.0527663 0.254493 0.170553 7.00926e-09 
0.0283719 0.00409871 0.000911361 0.0359206 0.0118675 0.0809442 0.00229369 1.10252e-09 3.63027e-05 0.0303067 3.04855e-12 0.00430166 0.000341893 0.0220475 0.261966 0.0881633 0.00985361 0.000173048 0.0258166 0.00206448 3.14092e-06 0.00499325 0.306242 0.0746932 0.004589 
0.271189 0.000929403 1.93138e-07 0.00762784 0.0164974 0.0232773 0.00270463 3.7905e-05 0.000315245 2.03206e-07 7.54696e-11 0.000546547 0.0055318 0.00166808 5.2148e-07 0.0040907 0.00925657 0.15839 0.054948 0.00016145 4.63238e-05 0.00476605 0.427256 0.010759 1.69233e-08 
0.00628643 0.00151655 1.12164e-05 0.000528395 0.0057995 0.294033 0.00403739 1.22989e-06 2.96335e-05 0.00909314 6.07946e-08 0.0508142 5.21901e-05 0.0017301 0.0276835 0.0574455 0.0122944 0.0197646 0.0068036 0.000121886 5.19201e-10 0.0137944 0.457435 0.0237822 0.00694101 
0.00628643 0.00151655 1.12164e-05 0.000528395 0.0057995 0.294033 0.00403739 1.22989e-06 2.96335e-05 0.00909314 6.07946e-08 0.0508142 5.21901e-05 0.0017301 0.0276835 0.0574455 0.0122944 0.0197646 0.0068036 0.000121886 5.19201e-10 0.0137944 0.457435 0.0237822 0.00694101 
0.00207257 0.000149343 8.72745e-08 0.0662852 0.00195567 0.1915 0.00239519 3.92951e-06 8.00414e-05 0.0162936 1.22754e-09 0.00101311 0.000168891 0.0247046 0.0424569 0.083688 0.166384 0.00308058 0.0800399 0.000283914 2.62776e-06 0.00173173 0.274969 0.0406681 7.29858e-05 
1.24643e-06 0.00087927 1.67316e-05 0.00702797 0.00082099 0.405287 0.00769626 6.26644e-09 3.23191e-05 0.00453591 9.63004e-12 0.00469637 4.15574e-05 0.00302399 0.00551731 0.00240329 0.0430597 0.00101737 0.0449581 0.00301326 2.85304e-05 0.000605272 0.458966 0.00623261 0.000139597 
0.271189 0.000929403 1.93138e-07 0.00762784 0.0164974 0.0232773 0.00270463 3.7905e-05 0.000315245 2.03206e-07 7.54696e-11 0.000546547 0.0055318 0.00166808 5.2148e-07 0.0040907 0.00925657 0.15839 0.054948 0.00016145 4.63238e-05 0.00476605 0.427256 0.010759 1.69233e-08 
6.30573e-05 2.84108e-05 6.03746e-05 0.00022665 0.00570637 0.32095 0.00527606 1.69757e-10 1.72438e-06 0.0371477 3.61838e-07 1.48872e-07 6.99425e-06 0.000835736 0.108209 0.00738494 1.27431e-05 6.572e-07 0.00240845 2.20432e-05 1.853e-07 0.00621499 0.504937 0.000505109 3.211e-07 
0.271189 0.000929403 1.93138e-07 0.00762784 0.0164974 0.0232773 0.00270463 3.7905e-05 0.000315245 2.03206e-07 7.54696e-11 0.000546547 0.0055318 0.00166808 5.2148e-07 0.0040907 0.00925657 0.15839 0.054948 0.00016145 4.63238e-05 0.00476605 0.427256 0.010759 1.69233e-08 
0.00445603 0.00299303 4.68003e-05 0.000231799 0.0541265 0.0305275 0.00264915 9.40966e-08 3.88264e-06 0.0368151 1.2089e-07 0.000294968 0.00309445 0.00430071 0.0034956 0.10576 0.0982185 0.000392971 0.102769 0.00219702 0.000976556 0.0284294 0.49851 0.0197019 8.75988e-06 
0.000672447 8.78159e-05 0.000873018 0.00255871 0.00467368 0.234346 0.156914 1.14501e-06 0.0100047 0.0334496 1.15626e-05 0.000133549 5.56165e-05 0.00184848 0.0728295 0.00558698 0.00716198 0.00216465 0.0518255 0.000580244 2.11269e-05 0.0453378 0.366627 0.00134783 0.000886495 
0.271189 0.000929403 1.93138e-07 0.00762784 0.0164974 0.0232773 0.00270463 3.7905e-05 0.000315245 2.03206e-07 7.54696e-11 0.000546547 0.0055318 0.00166808 5.2148e-07 0.0040907 0.00925657 0.15839 0.054948 0.00016145 4.63238e-05 0.00476605 0.427256 0.010759 1.69233e-08 
0.271189 0.000929403 1.93138e-07 0.00762784 0.0164974 0.0232773 0.00270463 3.7905e-05 0.000315245 2.03206e-07 7.54696e-11 0.000546547 0.0055318 0.00166808 5.2148e-07 0.0040907 0.00925657 0.15839 0.054948 0.00016145 4.63238e-05 0.00476605 0.427256 0.010759 1.69233e-08 
0.0152931 0.019178 2.30661e-05 0.0397958 0.00383497 0.086686 0.00540479 0.02034 0.000407188 0.0434757 0.00786395 0.00668145 0.0016923 0.0512552 0.137047 0.0153589 0.0537069 0.00491414 0.0871657 0.00185543 0.00161573 0.0632106 0.17503 0.158124 4.01865e-05 
5.96421e-06 0.0186154 3.82593e-06 1.092e-07 0.00366325 0.000659278 0.0140989 6.87782e-07 3.94895e-11 0.075561 2.67683e-10 2.4886e-07 3.84295e-06 0.0699608 3.0202e-07 5.3641e-07 0.341367 1.59027e-06 2.25631e-06 0.0029616 9.85573e-07 3.81342e-11 0.416543 0.0565495 2.97042e-07 
0.00527723 0.0029902 0.000824439 0.0242176 0.00821499 0.0984279 0.0114879 0.000128156 0.0088095 0.00752777 1.1278e-07 0.0119763 0.00593543 0.0117896 0.0969884 0.0465325 0.120728 0.0535232 0.109459 0.00681706 0.000669558 0.0361146 0.313852 0.0139481 0.00376091 
0.000204746 0.00332538 0.00650228 0.0107875 0.00033549 0.120712 0.0124949 4.05992e-08 0.000756425 0.0562048 5.63521e-10 0.00750854 0.000898585 0.00371912 0.0374642 0.0220703 0.0154587 0.0178289 0.021195 0.0908237 8.18872e-06 0.02967 0.504876 0.0278613 0.00929471 
0.000926177 0.00071478 9.4937e-09 0.00111442 0.00253909 0.0444925 0.000587787 2.21762e-06 0.000106864 0.0313943 1.34662e-10 0.00131574 0.000146473 0.00201367 0.0174873 0.00201785 0.17957 0.0156324 0.31807 0.000517516 1.48173e-06 6.49899e-05 0.37341 0.00552875 0.00234546 
0.0125198 0.00568048 1.04107e-07 0.0118618 0.0266013 0.000985215 6.92182e-05 2.59016e-10 1.40443e-05 0.0582239 2.93136e-08 0.00156358 2.81723e-06 0.0142439 0.218318 0.0156485 0.00501024 0.000111171 0.0613015 0.000374823 2.55103e-08 0.00320293 0.548875 0.0152702 0.0001219 
0.271189 0.000929403 1.93138e-07 0.00762784 0.0164974 0.0232773 0.00270463 3.7905e-05 0.000315245 2.03206e-07 7.54696e-11 0.000546547 0.0055318 0.00166808 5.2148e-07 0.0040907 0.00925657 0.15839 0.054948 0.00016145 4.63238e-05 0.00476605 0.427256 0.010759 1.69233e-08 
0.00273947 0.000239621 9.86466e-05 0.102575 0.00889758 0.0947032 0.00937611 7.84178e-05 5.0451e-05 0.0326454 7.59835e-05 0.00409697 6.52206e-05 0.00165976 0.0772528 0.048534 0.0130388 0.000204426 0.149265 0.000848646 1.46437e-05 0.0441899 0.405333 0.00309679 0.000920218 
0.0241511 0.00528135 1.57329e-05 6.16595e-05 0.0034486 0.237352 0.00454039 1.67179e-05 3.22953e-06 0.035198 1.78656e-08 0.0038802 3.82444e-05 0.0234044 0.0255216 0.0697218 0.00227605 0.000380849 0.000547598 0.00356249 2.95592e-08 0.00645654 0.521337 0.0317518 0.0010533 
0.00493588 0.00116089 1.14339e-06 0.00780967 0.00210161 0.00808468 0.000260152 2.60127e-10 5.84323e-09 0.0017267 3.34196e-10 2.84509e-07 1.07009e-06 0.053388 0.000126908 0.00511211 0.00766646 2.00545e-07 0.0332236 3.409e-05 1.806e-08 0.000538468 0.847861 0.0259672 9.80719e-08 
0.000688219 0.000993875 1.58825e-05 0.00377642 0.00185868 0.112952 0.010464 8.72802e-09 6.07112e-06 0.00940403 6.56966e-12 0.000796734 0.000113052 0.00249679 0.0381681 0.0117184 0.0207336 0.00721917 0.0705283 4.18588e-05 3.17375e-06 0.00533005 0.693332 0.00934563 1.42209e-05 
0.271189 0.000929403 1.93138e-07 0.00762784 0.0164974 0.0232773 0.00270463 3.7905e-05 0.000315245 2.03206e-07 7.54696e-11 0.000546547 0.0055318 0.00166808 5.2148e-07 0.0040907 0.00925657 0.15839 0.054948 0.00016145 4.63238e-05 0.00476605 0.427256 0.010759 1.69233e-08 
0.280008 0.00389006 0.000274661 0.000305326 0.0321971 0.0315956 0.000615151 1.06233e-09 2.22282e-05 0.0397681 0.000186678 0.00263907 0.000224114 0.0122196 0.0293335 0.0140155 0.0609544 0.00673786 0.0367633 3.5291e-05 4.09867e-06 0.0422951 0.295344 0.103007 0.00756479 
0.00226605 0.000320699 6.31923e-08 6.26096e-05 1.79427e-08 3.68581e-06 1.33435e-08 1.52968e-06 1.07626e-08 5.85477e-09 7.29555e-08 2.79981e-06 5.0841e-08 2.6419e-05 0.001106 8.65011e-09 6.47059e-09 2.11414e-08 4.15624e-06 2.03967e-08 5.26587e-08 4.05063e-05 0.995973 0.000192336 3.37181e-08 
1.13358e-08 0.0182265 4.71558e-09 0.000103666 0.00146175 0.234722 1.30155e-07 5.29031e-12 0.000304449 0.042915 6.79668e-12 7.89745e-13 3.07916e-08 0.0546658 0.111777 0.025727 0.0823102 0.000231672 0.00449921 0.0116642 9.32589e-09 0.0032744 0.246722 0.161395 4.08675e-09 
0.00144112 0.00210535 0.000259582 0.00695649 0.00773133 0.0919268 0.00742921 4.08718e-07 1.60516e-05 0.148772 1.34483e-08 0.000477529 0.000199337 0.00956391 0.0734955 0.0378601 0.00836137 0.00270747 0.0148946 0.00660069 1.39885e-06 0.0141356 0.536114 0.0280835 0.000866413 
0.0651871 0.00045729 0.000120159 0.00122805 0.0130542 0.063154 0.0961955 1.38044e-08 3.46899e-05 0.00437039 1.77351e-08 0.000182014 0.0030393 0.00171702 0.0349854 0.00786964 0.00349251 0.00071975 0.276019 0.000139291 6.171e-06 0.00687884 0.301947 0.1192 3.42603e-06 
0.000926177 0.00071478 9.4937e-09 0.00111442 0.00253909 0.0444925 0.000587787 2.21762e-06 0.000106864 0.0313943 1.34662e-10 0.00131574 0.000146473 0.00201367 0.0174873 0.00201785 0.17957 0.0156324 0.31807 0.000517516 1.48173e-06 6.49899e-05 0.37341 0.00552875 0.00234546 
0.00156369 0.000874274 3.74574e-07 0.00941539 0.00935598 0.0139466 0.000598489 5.77873e-09 4.04941e-07 0.0232798 5.18456e-06 0.100075 5.61881e-07 0.276804 0.0475247 0.0259964 0.0308429 0.0136595 0.00393504 0.000540451 1.524e-09 0.023848 0.330078 0.0876527 2.91801e-06 
0.0297257 0.000772652 3.61001e-05 0.00359977 0.003202 0.155403 0.0324562 1.42203e-07 0.000468818 0.0486838 3.23621e-08 0.00744126 0.000338213 0.0045593 0.0882451 0.100762 0.00840742 0.00211889 0.0468601 0.00171311 1.81646e-05 0.044524 0.375475 0.041294 0.0038949 
4.7818e-06 2.91232e-05 3.13655e-06 0.0377077 0.000788015 0.176697 0.00311106 4.4955e-05 0.000422979 0.0074675 0.00156635 0.00763574 7.72099e-05 0.00108624 0.0161208 0.0344783 0.0674045 0.000184988 0.0516077 0.000564524 5.60694e-05 0.00581468 0.579921 0.00711093 9.53738e-05 
0.0145836 0.000331347 6.3636e-05 0.0434864 0.00392636 0.0952321 0.0215426 1.16389e-08 1.97652e-05 0.0259066 1.71632e-07 0.00169329 0.000164925 0.0062097 0.0981831 0.0486053 0.199872 0.000539204 0.0779987 0.0140148 1.66721e-05 0.0353836 0.223788 0.088362 7.66143e-05 
0.000639519 0.000326586 9.1894e-05 0.00519939 0.00193065 0.0991791 0.00140443 3.34932e-09 0.0866403 0.00651821 1.19181e-11 0.000105457 0.000104807 0.00122671 0.0502534 0.0337119 0.000801669 0.000322452 0.0262639 6.03205e-05 6.21608e-06 0.00607608 0.678285 0.00078555 6.67306e-05 
0.0200608 0.000286139 6.23357e-05 0.0129536 0.0943841 0.149937 0.0184031 6.08244e-05 3.29879e-05 0.0738293 0.00203414 0.00433372 0.000413309 0.00209393 0.0140118 0.0485268 0.0126679 0.00695765 0.0825523 0.000795336 2.77179e-06 0.0213174 0.423919 0.0099888 0.000374284 
0.00534654 0.000612403 5.88588e-07 0.0011089 0.00609515 0.0606464 0.0151717 0.000960955 7.94939e-07 0.0754768 7.31028e-07 4.2201e-05 0.000141237 0.00471022 0.0295337 0.0294426 0.00774532 0.0120103 0.0569357 0.000152626 3.04834e-06 0.0558143 0.613686 0.0235214 0.000840802 
0.00296596 0.0026765 0.000580543 0.0216745 0.0136301 0.102361 0.00850915 8.72915e-05 8.00979e-05 0.0346007 2.99576e-09 0.00467752 0.00131384 0.00707982 0.212388 0.0864039 0.0169411 0.00147864 0.136998 0.00355548 3.92351e-05 0.0172254 0.300115 0.023524 0.00109345 
0.0114164 0.00214134 2.28861e-05 0.0437266 0.0307344 0.113586 0.00878166 8.1564e-11 1.94531e-05 0.0383481 1.15767e-12 0.00932754 0.000112967 0.00304853 0.315399 0.031758 0.00024424 0.000180484 0.0374354 0.00391645 4.00736e-06 0.00878266 0.330288 0.00993903 0.000786453 
0.0182661 0.0045787 5.93764e-05 0.0329164 0.00294812 0.0484966 0.00788839 1.49611e-05 0.000104236 0.0178867 4.13411e-06 0.0668986 0.000166197 0.0285048 0.13724 0.0740078 0.147111 0.0143198 0.0146167 0.0167335 1.05523e-05 0.0153581 0.266697 0.0824903 0.00268198 
0.000345414 7.2451e-05 1.26802e-05 0.00391997 0.00607935 0.160304 0.00860324 1.13851e-10 5.23553e-05 0.0307136 1.46269e-10 9.38488e-06 6.082e-05 6.48933e-05 0.0569116 0.00973898 0.000304722 0.000120914 0.0334499 4.08525e-08 3.74913e-06 0.00425842 0.684875 9.78675e-05 8.93987e-08 
0.000204746 0.00332538 0.00650228 0.0107875 0.00033549 0.120712 0.0124949 4.05992e-08 0.000756425 0.0562048 5.63521e-10 0.00750854 0.000898585 0.00371912 0.0374642 0.0220703 0.0154587 0.0178289 0.021195 0.0908237 8.18872e-06 0.02967 0.504876 0.0278613 0.00929471 
1.13358e-08 0.0182265 4.71558e-09 0.000103666 0.00146175 0.234722 1.30155e-07 5.29031e-12 0.000304449 0.042915 6.79668e-12 7.89745e-13 3.07916e-08 0.0546658 0.111777 0.025727 0.0823102 0.000231672 0.00449921 0.0116642 9.32589e-09 0.0032744 0.246722 0.161395 4.08675e-09 
0.0129439 0.000227767 8.67636e-06 2.27087e-05 0.0211936 0.273687 0.00513905 1.82401e-06 3.45704e-07 0.00620094 3.77962e-05 8.16304e-07 1.63305e-06 0.00296424 0.128402 0.00129807 0.0722814 0.0293736 0.00535613 0.000838367 1.69143e-06 0.0228348 0.35112 0.0660158 4.84681e-05 
0.000196018 0.000132061 2.11896e-07 0.141884 0.0010499 0.271542 0.00143379 3.85513e-08 3.63306e-05 0.00641162 2.58855e-06 0.000135917 0.000150982 0.00188466 0.0552383 0.0306647 0.0355954 0.0457119 0.0906212 0.000141013 4.12375e-05 0.00510348 0.30486 0.00606661 0.00109599 
0.0129148 0.0147361 0.000251418 0.0037412 0.00535703 0.106135 0.124668 0.000165034 9.86105e-06 0.062089 0.00152933 0.00568246 0.00122266 0.0718723 0.01602 0.0073634 0.119437 0.00152987 0.0387764 0.072155 0.000141177 0.0110699 0.24678 0.0678522 0.00850136 
0.271189 0.000929403 1.93138e-07 0.00762784 0.0164974 0.0232773 0.00270463 3.7905e-05 0.000315245 2.03206e-07 7.54696e-11 0.000546547 0.0055318 0.00166808 5.2148e-07 0.0040907 0.00925657 0.15839 0.054948 0.00016145 4.63238e-05 0.00476605 0.427256 0.010759 1.69233e-08 
0.00498139 0.0134769 0.0104215 0.0409946 0.0276391 0.104083 0.0133981 0.002761 0.00655317 0.0629295 2.61627e-05 0.00890193 0.00166366 0.0432963 0.11102 0.0414177 0.0934481 0.0192444 0.111775 0.000365314 0.000236711 0.0152636 0.233176 0.0328601 6.84725e-05 
0.000799568 0.0526895 0.000174929 0.00352208 0.00205718 0.100777 0.00126478 1.05907e-07 0.000346129 0.0416296 3.73223e-05 0.000204066 6.98937e-05 0.0454521 0.00705235 0.00496823 0.108913 0.00336483 0.0154327 8.36709e-05 5.45682e-06 0.0136784 0.582025 0.0153597 9.23041e-05 
0.00855446 0.00161346 0.00129337 0.0276293 0.00463457 0.101089 0.00620473 1.94874e-09 2.24232e-05 0.0234321 1.49143e-12 0.00359203 0.00124084 0.0132508 0.22271 0.0922968 0.00633299 0.0003339 0.0162185 0.000876653 1.25089e-05 0.00451789 0.441886 0.0219624 0.000294467 
0.0361556 0.00112656 0.000110443 0.00566794 0.0314546 0.0621313 0.01335 2.16579e-06 8.57511e-06 0.166503 0.000125852 0.00493212 0.000112969 0.0321639 0.0450802 0.0237169 0.0574454 0.000980336 0.0406122 0.011666 0.000168921 0.162052 0.28257 0.0185911 0.00327156 
0.0397909 0.00786731 1.11084e-06 0.0177315 0.00174127 0.226417 0.00989311 0.00324572 8.77543e-05 0.00174592 1.10825e-07 0.00026429 0.00643809 0.000909622 0.0498939 0.0140452 0.0438641 0.000660953 0.218213 0.00101986 0.000339851 0.0138115 0.329963 0.00243773 0.0096174 
0.0449609 0.00054545 0.000698378 0.0092645 0.000796982 0.048925 0.00370553 1.0615e-09 1.27472e-05 0.014174 1.49467e-11 0.0021445 0.000256275 0.00560404 0.133519 0.0254724 0.00129762 3.8273e-06 0.00102216 0.00256946 5.8021e-07 0.00295758 0.661424 0.0386028 0.00204219 
0.0562134 0.00100161 0.000463705 0.00412864 0.0171968 0.0151009 0.0133804 7.76472e-08 1.41137e-05 0.00930579 0.000414268 0.00338293 0.000328312 0.00340679 0.0802107 0.00490313 0.0356103 0.00285583 0.0935849 0.00159239 1.17125e-05 0.00380279 0.638925 0.0127891 0.00137688 
0.00278273 6.84907e-05 8.84917e-07 2.57591e-05 0.00265516 0.00983636 3.03966e-06 4.50375e-06 4.6198e-06 0.00287208 4.93436e-09 0.00778839 5.35994e-07 0.00106757 0.0109147 0.00789334 0.0123958 0.000115474 0.0433076 5.501e-06 4.10428e-06 0.00299966 0.890856 0.00439521 2.62651e-06 
0.00391915 0.0306675 1.39965e-05 0.000618414 0.00149065 0.0364491 0.00161999 0.00675783 0.000219164 0.00310773 0.00931058 8.88572e-05 0.00031059 0.0135809 0.0203784 0.0486154 0.140139 0.0141864 0.0828027 0.000517429 0.132984 0.0139609 0.425886 0.0123311 4.3154e-05 
0.000710259 0.00159137 0.000217151 0.00740732 0.0384205 0.189477 0.00508409 6.54904e-08 0.000430981 0.0467044 3.09202e-08 0.0165945 0.000494503 0.00206709 0.0555848 0.0556104 0.00165919 0.000703395 0.132143 0.00285495 0.0821877 0.104337 0.252809 0.00289776 1.43166e-05 
0.00310912 0.000204392 6.0052e-06 0.0115114 0.0901976 0.173374 0.0260182 1.4791e-10 1.2298e-08 0.104397 1.90027e-10 0.000802615 3.65009e-05 0.0029158 0.166097 0.0643843 0.00876709 0.0013261 0.0124141 0.000653188 2.8838e-09 0.008451 0.321038 0.00429203 4.24801e-06 
0.000109714 0.001869 2.9686e-07 0.00528764 0.00558448 0.170611 0.000340759 3.60371e-08 5.96295e-06 0.0323339 1.82132e-11 0.000863732 0.00113044 0.00200168 0.0036191 0.011919 5.74213e-05 0.000229518 0.0316098 2.64031e-05 4.13412e-06 0.000401919 0.716919 0.0150728 2.09412e-06 
4.7818e-06 2.91232e-05 3.13655e-06 0.0377077 0.000788015 0.176697 0.00311106 4.4955e-05 0.000422979 0.0074675 0.00156635 0.00763574 7.72099e-05 0.00108624 0.0161208 0.0344783 0.0674045 0.000184988 0.0516077 0.000564524 5.60694e-05 0.00581468 0.579921 0.00711093 9.53738e-05 
0.271189 0.000929403 1.93138e-07 0.00762784 0.0164974 0.0232773 0.00270463 3.7905e-05 0.000315245 2.03206e-07 7.54696e-11 0.000546547 0.0055318 0.00166808 5.2148e-07 0.0040907 0.00925657 0.15839 0.054948 0.00016145 4.63238e-05 0.00476605 0.427256 0.010759 1.69233e-08 
0.00499861 0.00224257 4.2302e-06 0.0146154 0.00488766 0.0321029 0.00269053 1.99089e-05 4.13116e-05 0.0396676 5.17093e-09 5.56182e-05 1.48285e-05 0.00808292 0.0563787 0.0148356 0.0558333 0.00514652 0.00580431 1.68382e-06 0.000138045 0.293187 0.415362 0.0437381 0.000149935 
