0.00403846 9.08509e-05 2.37943e-06 5.05668e-06 8.33731e-05 0.0209322 0.00154448 1.97391e-07 3.99786e-09 0.00152189 2.70998e-08 0.00270969 0.000162497 0.00194325 0.00809059 0.0278146 0.0190326 0.00290275 0.0132321 3.30749e-05 1.95604e-08 0.0135281 0.000143695 0.882065 0.000123086 
0.0379354 0.00129935 2.24693e-07 8.69518e-06 1.83776e-06 0.0286926 2.15564e-11 9.17375e-11 0.00246998 0.175177 1.17859e-10 1.36947e-11 8.21332e-11 0.0638615 0.207816 5.87056e-08 5.14307e-07 0.00337412 0.0326743 0.00753105 8.50696e-11 0.0238795 1.25238e-06 0.415276 5.44713e-11 
0.00118205 0.0886689 0.000440963 0.00610299 0.000212868 0.131122 0.0231798 0.00200952 6.22354e-05 0.0120084 8.21693e-11 0.0884934 0.000199983 0.0295297 0.189567 0.0343785 0.114365 0.0426791 0.00175461 0.00192408 1.56678e-07 0.0169981 0.0047367 0.209879 0.00050497 
0.0431143 0.0575937 4.66188e-05 0.000184071 0.0026471 0.187076 6.05879e-05 8.99172e-08 2.32253e-06 0.00889876 1.32631e-10 0.210098 0.000711334 0.00519364 0.0327575 0.00882777 0.0245602 0.0068777 0.138721 0.00122306 8.45143e-06 0.000810917 0.0107825 0.259798 7.4316e-06 
0.00108764 0.00206194 1.33574e-10 0.00015452 0.00249073 0.00701927 0.0022781 7.67075e-05 2.27498e-11 0.000273179 1.54211e-10 0.0150712 1.57904e-05 0.0001023 0.0471731 0.000859268 0.00537079 3.5497e-05 0.0312136 0.00110495 4.98767e-09 0.000571689 0.165327 0.717713 7.12723e-11 
0.000111424 0.0114603 0.00157765 2.38225e-07 8.09282e-12 0.00208752 0.000916309 0.00456976 4.85436e-12 0.0047631 2.84813e-09 0.0012033 0.00221639 0.0988973 0.0440525 0.000637442 0.00399104 3.21438e-07 0.00131709 0.000112207 3.05039e-08 0.00690573 0.00709813 0.807754 0.000328747 
0.00121304 0.0173561 3.44752e-06 5.27917e-06 0.00325334 0.0024717 0.00911471 1.73155e-07 0.000175578 0.129609 3.92489e-06 0.00501565 3.79148e-06 0.0992097 0.0402167 0.00129941 0.308618 0.000611523 0.00179826 3.97064e-10 3.8282e-05 0.0434611 0.000345902 0.333222 0.00295365 
0.00327401 0.018183 4.43739e-08 0.00050972 9.95648e-05 0.0117993 0.000362651 1.29313e-07 5.44844e-06 0.00216256 1.8354e-09 0.000214809 5.12665e-07 0.00157503 0.012296 0.000537611 0.00343844 0.000567501 0.000686688 0.00134726 1.46597e-05 0.000588331 7.40491e-05 0.942199 6.38439e-05 
2.35205e-06 0.0293552 3.85828e-05 4.96039e-06 0.00471887 0.00302895 1.22974e-11 5.2334e-11 5.63399e-07 0.280638 6.72356e-11 1.64141e-08 4.6855e-11 0.0258057 2.31095e-06 3.3825e-06 4.71158e-08 7.69632e-07 0.0142547 0.0123493 4.85301e-11 0.0266026 0.00714524 0.596048 3.10745e-11 
1.40442e-05 0.026704 2.13261e-07 0.00430853 0.000177984 0.0170206 3.73794e-07 2.47573e-06 6.38564e-06 0.00179644 1.34688e-08 0.161267 4.56407e-06 0.0135954 0.0660108 0.0100509 0.0030288 0.000638664 0.0036503 0.000814829 5.3461e-07 0.00679004 0.000619493 0.683423 7.45917e-05 
1.25799e-05 0.0198289 4.71797e-07 0.00910461 0.000537995 0.0334858 4.472e-08 5.688e-06 1.07994e-05 0.00475283 4.70746e-09 0.389244 1.70858e-06 0.0130229 0.0335813 0.0163874 0.00409724 0.000399445 0.0104791 0.000910526 6.62952e-07 0.0143118 0.000654965 0.448975 0.000194762 
0.00548449 0.0992708 0.000524175 0.00723147 0.0010691 0.0222413 0.000845211 5.51121e-05 1.21054e-05 0.00926873 0.00411973 0.030452 0.000984034 0.123936 0.067054 0.0193891 0.0129276 0.0054024 0.00598171 0.0111087 1.59141e-06 0.00970202 0.00500328 0.554929 0.00300587 
0.001426 0.0453833 0.00307997 0.118135 0.000849244 0.0873691 0.00236415 4.25751e-05 0.00189243 0.00312691 7.20055e-10 0.102324 0.000564971 0.0117362 0.0532645 0.0393546 0.00470586 0.0054133 0.03214 0.00365719 2.38358e-08 0.00377535 0.0549038 0.421247 0.00324447 
5.42944e-05 0.0207409 4.8083e-07 0.000830106 0.00190413 0.0329904 0.00145365 1.92247e-06 0.000105868 0.0663812 4.33589e-07 0.0737248 4.46397e-06 0.0393513 0.00420232 0.049087 0.0155002 0.131618 0.00124 0.00368241 1.41433e-08 0.0193995 0.0148596 0.514179 0.0086888 
0.0117245 0.0895372 0.00435846 0.018354 0.00254146 0.0407023 0.00166458 0.000834323 8.66403e-05 0.0131431 7.66482e-07 0.0323006 0.000487628 0.0661757 0.0374059 0.0164287 0.0489873 0.00141836 0.0185911 0.0427065 5.04852e-05 0.0154079 0.00752577 0.526516 0.00305068 
0.00537745 0.0452628 6.97557e-07 0.0141114 6.98432e-07 0.0371026 6.98521e-07 6.97681e-07 6.98572e-07 0.0667233 6.97367e-07 0.102348 0.00502483 0.0853693 0.0605778 0.0104799 6.98655e-07 6.98372e-07 0.0296923 0.0136192 6.97761e-07 6.98579e-07 6.98496e-07 0.524303 6.98129e-07 
0.00306854 0.195284 0.0421664 0.0118164 0.00145377 0.0418614 0.00239023 7.27074e-06 2.12093e-05 0.0425246 0.017683 0.0214707 0.000689284 0.0231114 0.0208395 0.0169173 0.00875443 0.00582114 0.00362564 0.0203203 5.58181e-07 0.00740116 0.0228103 0.489899 6.18407e-05 
0.0181148 0.00266284 2.98592e-06 0.0468517 0.006397 0.0201327 0.000309486 1.0581e-08 2.26638e-05 0.0231599 1.42395e-10 0.0365775 1.1028e-05 0.131761 0.245941 0.00161942 0.00375705 0.000312319 0.0222129 0.00518545 5.96437e-07 0.000565311 0.0036167 0.430779 6.27516e-06 
0.0121854 0.024265 0.00605135 0.0041106 0.00158239 0.0552736 1.65525e-06 1.19923e-05 0.00223189 0.0190987 0.00069964 0.0886686 0.000283108 0.0433889 0.117556 0.0104603 0.114656 0.0079885 0.0356118 0.126134 1.00191e-07 0.0274519 7.65389e-05 0.300883 0.00132924 
4.12797e-06 4.12924e-06 4.12372e-06 4.12959e-06 0.0169326 0.0991382 4.12942e-06 4.12446e-06 4.12972e-06 4.13029e-06 4.1226e-06 4.12998e-06 4.12514e-06 0.0991208 4.13046e-06 0.180896 4.13021e-06 0.0417024 4.13004e-06 0.0247759 4.12493e-06 0.0954018 4.12927e-06 0.441962 4.1271e-06 
8.33183e-12 0.234851 5.01413e-08 0.0425267 0.000635163 0.011031 1.52474e-07 1.82793e-11 1.95559e-05 0.00269279 2.34842e-11 0.00258886 0.000512753 0.00836026 2.46771e-09 5.96656e-06 0.0208662 0.00182932 0.00130615 6.56566e-12 9.95472e-09 0.000308404 1.53835e-07 0.672465 4.59478e-08 
5.89096e-05 0.0752682 5.35381e-08 0.00101719 0.000537746 0.0123448 0.000483512 5.09324e-11 3.10154e-06 0.0302731 6.54349e-11 0.0336979 1.44442e-08 0.00843345 0.00302614 0.00218633 0.000250704 0.000372235 0.00266112 0.046269 4.72304e-11 3.57724e-08 0.0485012 0.734478 0.000137065 
0.112689 0.0357597 0.000258137 0.00357121 0.00248714 0.0102236 0.0240286 8.67654e-05 2.31379e-05 0.0128745 1.20997e-07 0.00128573 0.00478404 0.0823806 0.0748414 0.0259428 0.0587645 0.000285438 0.0233246 0.000799111 1.48698e-05 0.000782832 0.0212191 0.502873 0.00070028 
0.0091486 0.00720599 7.53708e-09 0.00431037 0.000333001 0.0130071 0.000565826 2.22356e-05 1.36387e-05 0.0066331 4.3493e-08 0.000287327 1.472e-05 0.0108792 0.0461176 0.000754414 0.0182004 0.0614764 0.000274382 0.0105662 1.08516e-06 0.0013239 0.000143948 0.808552 0.000168522 
0.005035 0.0297101 0.000439888 0.011955 0.00136489 0.0395755 0.00231069 6.16802e-05 0.00145927 0.017473 0.000203151 0.061024 0.000345337 0.0652423 0.0356359 0.0255102 0.0327164 0.00794614 0.0108971 0.111398 1.62926e-05 0.00737316 0.00809065 0.523343 0.000873226 
0.00358249 0.021609 0.000170993 0.00379851 0.00832683 0.0784757 0.0105031 0.000490689 6.01437e-05 0.0326088 0.000588065 0.0144445 0.000301915 0.189199 0.0474893 0.018766 0.129734 0.0126243 0.0145801 0.0164937 0.000190636 0.0100196 0.0128008 0.368175 0.00496694 
8.14725e-05 0.163605 0.000218932 0.0251725 0.00452172 0.0241572 0.024789 2.18316e-05 0.00162793 0.000305089 2.88152e-07 0.0319249 0.0616099 0.00807335 0.0143531 0.00364159 0.0132137 0.0136889 0.139388 0.000267771 7.54793e-09 0.00160866 0.000503201 0.464633 0.00259411 
0.000211804 0.0441667 1.90113e-07 0.00461802 0.00180639 0.0600915 0.00506193 0.000163699 0.000134612 0.0033063 2.21095e-08 0.254471 2.74592e-07 0.0663452 0.0064842 0.010717 0.152641 0.00578886 0.0101072 0.0120721 0.000104115 0.000224537 0.0132669 0.327774 0.0204427 
0.00759447 0.00305871 0.000456055 0.00624684 0.00113697 0.0182633 0.0627696 2.49233e-05 2.43539e-06 0.0218552 3.68226e-06 0.00365769 0.00151689 0.0547474 0.00235539 0.00503129 0.08714 0.00783356 0.0170811 0.0125016 2.07988e-05 0.0190844 0.0405649 0.62571 0.00134333 
0.00327401 0.018183 4.43739e-08 0.00050972 9.95648e-05 0.0117993 0.000362651 1.29313e-07 5.44844e-06 0.00216256 1.8354e-09 0.000214809 5.12665e-07 0.00157503 0.012296 0.000537611 0.00343844 0.000567501 0.000686688 0.00134726 1.46597e-05 0.000588331 7.40491e-05 0.942199 6.38439e-05 
0.000235075 0.069325 0.00934495 0.0562384 0.000783084 0.0281552 0.00243211 1.25311e-06 0.00205575 0.00670903 5.08497e-07 0.0418024 0.000234053 0.0130222 0.0292224 0.0037355 0.00816075 0.00546194 0.0322024 0.044067 9.07039e-09 0.0124331 0.00148271 0.632075 0.000820058 
0.00070675 0.00631323 2.01822e-07 0.0623969 0.000935987 0.191499 0.0029453 1.21546e-05 1.80986e-05 0.0247688 5.85138e-06 0.00362779 0.00022756 0.0273784 0.0605589 0.0593578 0.0650124 0.0164415 0.0519785 0.00343191 0.000263835 0.0184912 0.115464 0.275325 0.0128389 
4.36407e-08 0.24927 9.52399e-06 0.000202771 1.96801e-08 0.00671298 4.73627e-13 2.98331e-08 1.68126e-09 8.22739e-08 2.58954e-12 0.218623 4.65602e-08 0.00687818 1.61274e-06 7.43731e-07 0.0357821 0.00295232 0.000441664 3.24349e-08 5.42229e-09 0.00180752 3.98101e-08 0.477053 0.000264999 
2.93895e-07 0.304323 7.12082e-08 8.85274e-05 7.75378e-06 0.00853195 2.89112e-07 0.000419287 2.18147e-07 0.000177208 1.15224e-09 0.232911 8.84245e-07 0.000785353 0.00280361 0.00472677 0.00340349 0.00104446 0.000307548 0.00152115 3.28448e-08 6.20202e-05 2.2059e-05 0.438855 7.89527e-06 
0.0228979 0.186247 4.10273e-05 0.00455819 0.00544512 0.124677 0.00216554 6.22451e-05 4.54978e-05 0.0167711 0.00556652 0.109314 0.00376937 0.036738 0.0506324 0.0263096 0.0721272 0.0258378 0.0365939 0.00873702 1.53055e-05 0.0115722 0.0152451 0.229593 0.00503802 
0.00798978 0.119488 0.000619723 0.0163983 0.0122014 0.057359 0.0128375 4.23492e-05 0.000227549 0.0219535 0.00256411 0.0124226 0.176044 0.0272715 0.0350086 0.00451615 0.0521436 0.0174685 0.0605613 0.0466566 0.000591129 0.0180065 0.0522871 0.241938 0.00340351 
0.0159954 0.00239345 0.00186665 0.145107 0.000403368 0.120101 0.00469434 1.07356e-05 0.000802799 0.0129523 1.71268e-10 0.000249205 3.38113e-05 0.132903 0.0236257 0.00827833 0.0810854 0.0215047 0.0153276 0.000428917 0.00011115 0.0607874 0.121529 0.229621 0.000188011 
0.000113356 0.0047817 9.25963e-07 0.000159407 0.000243602 0.00698328 0.000385315 0.000149816 1.53027e-07 0.0672487 3.2417e-09 0.000117775 0.000885679 0.00871784 0.0185886 0.00153723 0.0174187 0.00653316 0.00675055 0.00138496 2.33983e-09 0.0207607 0.00120694 0.835944 8.78426e-05 
0.00232761 0.00297299 4.76415e-07 0.00346658 0.00448431 0.0741689 0.009095 1.05205e-10 7.48619e-05 0.105423 1.8828e-06 0.074794 0.00136484 0.0524511 0.100964 0.134542 0.0767276 0.00452565 0.0241433 0.00200038 8.95236e-08 0.136449 0.0329527 0.155353 0.00171768 
1.84748e-09 6.34418e-05 4.48984e-06 0.00210965 1.70774e-08 0.000277231 1.65779e-05 2.5225e-09 1.65139e-08 0.000398284 2.61911e-11 5.82848e-05 1.81884e-08 7.16191e-05 1.87548e-06 4.37707e-05 2.2554e-06 0.000690128 0.00153011 0.000108766 1.0771e-05 3.16533e-05 6.45861e-05 0.994516 8.37599e-09 
0.0462222 0.00151538 2.39239e-06 0.0359717 0.0611612 0.107164 0.00361865 3.22355e-06 4.03002e-06 0.0364727 1.10326e-08 0.00310901 0.000653774 0.151108 0.146818 0.0397169 0.0348483 0.000209063 0.106872 0.0036436 1.18083e-05 0.0111516 0.0048462 0.195837 0.00904062 
0.00523573 0.0341071 0.000270485 0.0158049 0.0155096 0.0652531 0.016113 1.83444e-08 1.8922e-05 0.048748 2.02183e-05 0.00803647 1.56765e-05 0.104616 0.0466296 0.0597344 0.0564308 0.00486822 0.0558658 0.0203657 3.24409e-06 0.00712532 0.0685309 0.232018 0.134679 
2.28813e-08 1.32628e-08 5.58627e-08 1.05197e-08 1.58615e-08 2.78509e-09 3.50576e-07 5.01995e-08 9.51429e-09 5.17568e-09 6.44934e-08 0.019408 4.4944e-08 8.322e-09 3.67488e-09 7.6468e-09 5.72007e-09 1.86892e-08 7.33925e-06 1.80309e-08 4.65508e-08 9.18775e-09 1.30285e-08 0.980584 2.98072e-08 
0.15209 0.0816284 0.000137092 0.00722896 0.00105748 0.00297057 9.99787e-06 5.55916e-05 1.22244e-06 0.000107783 7.65204e-08 0.260339 4.19191e-06 0.00329685 0.0581606 0.00168156 0.00178026 0.000150614 0.0270937 0.0102589 1.0345e-07 5.51367e-05 0.000776701 0.390956 0.000158925 
0.0017639 0.0216046 0.000301327 0.00709748 8.70504e-05 0.0954876 8.88699e-06 3.66074e-07 2.88416e-06 0.00514883 1.65309e-05 0.10033 0.000301873 0.013997 0.0439093 0.0810929 0.00787065 0.000281986 0.00141405 0.0246958 4.40399e-07 0.0388308 0.000117806 0.554557 0.00108037 
0.0120977 0.00502645 5.35658e-05 0.0409344 0.00472334 0.045729 0.0207472 8.24575e-08 5.72836e-05 0.0156205 2.74079e-10 0.00312024 0.00291108 0.000430279 0.100337 0.00211421 0.00917108 0.000199868 0.173358 0.00415918 7.55288e-08 0.0102057 0.25038 0.298624 2.27738e-07 
0.0103681 0.0526018 0.000950193 0.0129733 0.0109285 0.0462857 0.00704656 0.00140084 0.00115658 0.029058 0.00025208 0.0565294 0.0222161 0.0901679 0.0529336 0.0209015 0.0461569 0.00897861 0.0234948 0.0142568 0.000111483 0.0117374 0.00906422 0.466807 0.00362246 
7.31315e-05 0.0760522 0.0253645 0.0375179 0.000123652 0.0620153 0.00188242 8.90044e-07 2.27975e-05 0.0139116 2.71656e-09 0.0906477 0.0551053 0.183949 0.0998539 0.0192946 0.00556002 0.00389983 0.0193879 0.0105814 1.27769e-07 0.00232254 0.00464633 0.286294 0.00149371 
0.0024912 0.0276516 0.0047602 0.00222621 0.0031106 0.0751008 0.0114552 3.41082e-08 7.29682e-05 0.0188572 1.22837e-05 0.016552 0.000852888 0.0700741 0.0924909 0.00391089 0.0979517 0.00553276 0.0203933 0.00936255 6.65835e-08 0.00569608 0.00592811 0.525297 0.00021934 
0.000171599 0.00506664 4.69617e-07 0.000243629 0.000184759 0.00127873 0.000590456 1.12953e-08 6.90943e-11 0.0430771 4.68361e-10 9.80061e-06 3.2639e-10 0.00235086 0.000412841 0.000185202 0.000581024 6.52093e-06 0.00428911 7.99162e-05 3.38059e-10 0.00348881 0.000507183 0.937465 1.02752e-05 
0.00334145 0.0397552 1.95769e-05 0.00501943 0.000744992 0.0785851 0.000683582 0.000132117 3.04613e-05 0.013031 3.97057e-09 0.00639078 1.24699e-05 0.0220185 0.0608586 0.00948609 0.056602 0.00135628 0.00500492 0.00225774 0.000612743 0.00592823 0.0013249 0.671282 0.0155224 
0.0113166 0.100522 0.000660431 0.00987037 0.00406745 0.0355808 0.00254008 0.000324598 0.000165833 0.0207391 3.9667e-06 0.0578157 0.0191165 0.0583743 0.0512383 0.00917074 0.0199554 0.00323784 0.0170486 0.0183595 7.77355e-05 0.0119347 0.00540787 0.541292 0.00117889 
0.0770768 0.0155367 4.34749e-05 0.00222014 0.0053268 0.00816758 0.000970294 1.04258e-06 1.02413e-05 0.0227985 3.88839e-08 0.0539752 0.00291164 0.204869 0.160532 0.0130014 0.00176411 0.000485747 0.0272098 0.00191054 2.5336e-06 0.0155368 0.00188059 0.380818 0.00295105 
0.00912434 0.0896713 7.55362e-06 1.24587e-06 0.000267505 0.0409587 9.87662e-12 1.17988e-06 7.96629e-12 0.00130589 5.75195e-08 3.67129e-07 0.0174801 0.0523953 0.00954078 0.000812665 0.199434 1.41204e-07 4.78268e-08 0.0110309 7.31798e-07 0.000331522 1.11718e-07 0.567635 1.17464e-07 
0.00232563 0.0572061 0.000463909 0.0152637 0.000632709 0.0509217 0.00285865 0.0115735 0.000249095 0.00652104 0.000126638 0.0213406 0.00101694 0.126239 0.0427246 0.00735635 0.22516 0.0130284 0.00279657 0.00137758 2.16793e-05 0.0609809 0.00121796 0.347483 0.00111411 
1.29737e-08 0.00804837 7.72914e-08 0.00429594 0.000327245 0.207729 0.00357439 1.52885e-08 5.25082e-05 0.00288896 1.30786e-08 0.0023995 2.71052e-07 0.217093 0.0183225 0.00334427 0.0911355 0.0154619 0.00186244 0.0114889 8.79287e-05 0.000650489 0.000108194 0.361273 0.0498557 
0.102057 0.030664 0.000521524 0.0713316 0.0381262 0.038789 0.0172691 0.000233829 0.000233684 0.0590281 0.00107383 0.0221761 0.00110911 0.0405438 0.067761 0.0225488 0.0162623 0.00718396 0.188521 0.0080175 0.000212728 0.0254462 0.0384296 0.19892 0.0035412 
2.15299e-05 0.0458126 4.75521e-05 0.151053 0.000785451 0.132473 4.86042e-06 3.12976e-06 0.000202009 0.0239179 5.00348e-08 0.00127402 0.00258489 0.0807477 0.0738743 0.0179841 0.144348 0.0218286 0.084701 8.12695e-07 1.57942e-07 0.0491567 0.00862378 0.159647 0.000907405 
0.00277135 0.00545616 1.03528e-06 0.00832118 0.00366936 0.0281613 0.0107372 1.72812e-06 9.76901e-05 0.126394 8.67661e-06 0.003067 6.10436e-08 0.128111 0.022514 0.0317175 0.232208 0.0704365 0.00152993 0.0130919 2.03033e-08 0.00839877 0.0513622 0.241613 0.0103311 
0.0552357 0.00405758 9.11412e-06 0.0243782 3.33489e-06 0.00388145 0.000279256 2.83362e-09 3.85878e-06 0.000711523 5.59792e-10 0.0123201 3.92876e-05 0.0176759 0.0286459 0.0127491 0.0007592 2.54038e-05 0.000832564 0.00263674 0.000334287 0.000631141 0.0478551 0.786813 0.000121967 
0.00239077 0.00396625 0.00371439 0.0699772 0.00143517 0.160669 0.0980643 6.05665e-09 0.00633157 0.0340394 1.52125e-08 0.00552247 0.00219109 0.0270714 0.0120197 0.00484208 0.201385 0.0175989 0.043813 0.0346849 4.26045e-05 0.0354025 0.00843658 0.226162 0.000239613 
0.00380238 0.0165526 0.000118869 0.02106 0.00174455 0.108783 0.00419051 0.00290657 5.25001e-05 0.0301241 5.62637e-06 0.0171202 0.0183065 0.219114 0.0413245 0.0214796 0.161368 0.0181936 0.0460204 0.00876587 0.000230799 0.00613808 0.0174974 0.234917 0.000183369 
0.0114384 0.0543863 0.00127858 0.00759869 0.00617398 0.0494902 0.00515733 0.000954707 0.000949222 0.0238506 0.000275921 0.158498 0.0117683 0.0463651 0.0389384 0.0278686 0.041207 0.00822712 0.0178582 0.174456 0.000102159 0.0079037 0.0080334 0.294055 0.00316479 
0.00327401 0.018183 4.43739e-08 0.00050972 9.95648e-05 0.0117993 0.000362651 1.29313e-07 5.44844e-06 0.00216256 1.8354e-09 0.000214809 5.12665e-07 0.00157503 0.012296 0.000537611 0.00343844 0.000567501 0.000686688 0.00134726 1.46597e-05 0.000588331 7.40491e-05 0.942199 6.38439e-05 
2.35205e-06 0.0293552 3.85828e-05 4.96039e-06 0.00471887 0.00302895 1.22974e-11 5.2334e-11 5.63399e-07 0.280638 6.72356e-11 1.64141e-08 4.6855e-11 0.0258057 2.31095e-06 3.3825e-06 4.71158e-08 7.69632e-07 0.0142547 0.0123493 4.85301e-11 0.0266026 0.00714524 0.596048 3.10745e-11 
0.00702101 0.0361325 0.0045941 0.00841535 0.00167165 0.0588724 0.00264723 0.00124978 0.000559006 0.0201504 0.000227817 0.0730699 0.0014328 0.146795 0.0471351 0.0213672 0.0260665 0.00476437 0.00887968 0.0282799 3.7559e-05 0.010013 0.00834121 0.481544 0.000732351 
0.00017106 0.00447421 1.94955e-07 0.000242956 0.000184004 0.00127813 0.000587779 3.72554e-07 2.6527e-11 0.0430655 1.79815e-10 9.63697e-06 1.67421e-07 0.00234949 0.00168656 0.000184707 0.000580339 6.40753e-06 0.00428759 0.00030211 1.29789e-10 0.00348579 0.00050617 0.936587 1.00954e-05 
3.39781e-06 0.011194 1.94197e-08 9.19644e-07 3.56036e-08 0.000581632 1.9525e-06 9.68999e-10 7.43648e-08 0.00140053 4.03087e-06 0.0021367 7.95686e-08 0.0514207 0.000626587 2.06022e-07 0.00159898 3.60756e-10 8.62208e-07 0.0368996 8.98568e-10 1.14059e-07 0.000631694 0.893497 6.44148e-07 
3.4643e-07 0.0139589 2.10269e-06 0.000333124 0.000137761 0.0137303 0.0020736 6.47118e-05 9.16578e-05 0.0197171 1.15587e-08 0.011567 5.48282e-07 0.00692772 0.00288578 0.0023224 0.408534 0.00174346 0.000460066 0.0128361 3.49174e-06 0.00368761 0.00410589 0.491438 0.00337786 
0.0092739 0.0014207 3.8614e-08 0.00712653 0.000338137 0.0336186 1.12196e-06 1.10911e-06 4.18191e-06 0.0574236 5.67469e-08 0.00194349 7.90468e-06 0.113894 0.0188872 0.0133809 0.0141327 0.0144862 0.0286376 0.000370901 3.21774e-08 0.0161769 0.00108708 0.667767 1.96706e-05 
0.00971346 0.00730943 1.16649e-06 0.00504956 0.000759034 0.13485 0.00702004 0.000540923 0.000296936 0.00677629 2.72585e-10 0.174446 0.00107831 0.0434624 0.0660398 0.180419 0.0165842 0.00273394 0.00166478 0.00190729 1.56948e-07 0.0415884 0.00371166 0.292855 0.0011919 
8.33183e-12 0.234851 5.01413e-08 0.0425267 0.000635163 0.011031 1.52474e-07 1.82793e-11 1.95559e-05 0.00269279 2.34842e-11 0.00258886 0.000512753 0.00836026 2.46771e-09 5.96656e-06 0.0208662 0.00182932 0.00130615 6.56566e-12 9.95472e-09 0.000308404 1.53835e-07 0.672465 4.59478e-08 
0.000401541 0.0197861 6.46599e-08 0.000508283 0.000889553 0.131483 0.000548606 0.00382801 0.000316545 0.0144227 4.5657e-07 0.0468024 0.00177667 0.0404939 0.0944911 0.0247959 0.126346 0.16699 0.077876 0.00135326 4.59936e-05 0.00406372 0.00615208 0.232602 0.0040259 
0.00109661 0.209392 0.00169108 0.00115918 0.000153932 0.0684393 0.000266771 0.000120089 8.46202e-05 0.0239085 3.74632e-11 0.124817 0.00183438 0.0712501 0.10627 0.0158217 0.0328345 0.01105 0.00239233 0.023772 6.11641e-08 0.0124894 0.00745944 0.2746 0.00909762 
0.00585967 0.0369698 0.00218562 0.00815724 0.00413401 0.0734153 0.0126997 0.000348187 0.00080144 0.0629554 0.000608629 0.0505217 0.000984208 0.056006 0.0539224 0.0168826 0.141839 0.0146876 0.0160548 0.0169277 0.000141707 0.0176838 0.00652996 0.396581 0.00310274 
0.00327401 0.018183 4.43739e-08 0.00050972 9.95648e-05 0.0117993 0.000362651 1.29313e-07 5.44844e-06 0.00216256 1.8354e-09 0.000214809 5.12665e-07 0.00157503 0.012296 0.000537611 0.00343844 0.000567501 0.000686688 0.00134726 1.46597e-05 0.000588331 7.40491e-05 0.942199 6.38439e-05 
0.271218 0.0675623 0.00972329 0.19901 0.000224817 0.0141368 9.59155e-11 6.19898e-07 1.07783e-05 0.0176146 2.70894e-09 5.51741e-05 0.00079758 0.00663156 0.0777615 0.0026423 0.000698213 4.3927e-06 0.00919614 3.33583e-07 1.09699e-07 0.00223369 0.00431402 0.316066 9.88692e-05 
0.00533251 0.310982 2.38889e-08 0.00242592 0.00014329 0.00612765 7.74229e-09 3.49745e-10 1.7604e-06 0.00130971 3.51946e-07 0.0646668 1.87709e-05 0.029361 0.0319661 0.0119576 0.000452225 7.63843e-06 0.00337641 0.000257572 3.24324e-10 0.000184451 0.000872858 0.530521 3.45262e-05 
0.0112284 0.0352601 0.000463931 0.0370161 0.000930884 0.081012 0.00661769 0.00442656 0.0193057 0.0561955 0.000147213 0.0453889 0.00383121 0.0353442 0.0535409 0.0399477 0.0494129 0.00818711 0.029104 0.0107887 3.37183e-05 0.0166782 0.00352421 0.44987 0.00174425 
0.000435395 0.0579201 0.0149895 0.0396884 0.00161253 0.0210614 0.000648399 6.1334e-06 4.97995e-05 0.0394324 1.29491e-09 0.0411594 0.000254535 0.0159655 0.022287 0.015665 0.000535127 0.00586531 0.00282184 0.00297972 1.76641e-08 0.00309312 0.0335158 0.679715 0.000298845 
0.00032756 0.00795511 0.00185071 0.00029928 0.00030486 0.0137897 0.00252541 1.01685e-09 5.13195e-09 0.0527178 2.4606e-11 0.000536165 2.9375e-07 0.0105017 0.00597919 0.00207196 0.000633072 3.27296e-05 0.00584768 0.00033552 3.86703e-09 0.00777714 0.00912042 0.877251 0.000142749 
0.00410534 0.00185637 0.000335332 0.000114953 4.16215e-08 1.05918e-06 3.09529e-08 1.31726e-07 2.4966e-08 0.000735687 1.69234e-07 0.000499219 7.77907e-05 0.0121677 0.000357168 2.00656e-08 8.65641e-06 4.90415e-08 6.31388e-05 4.73142e-08 1.22152e-07 2.41092e-08 3.41876e-08 0.971464 0.00821245 
8.33183e-12 0.234851 5.01413e-08 0.0425267 0.000635163 0.011031 1.52474e-07 1.82793e-11 1.95559e-05 0.00269279 2.34842e-11 0.00258886 0.000512753 0.00836026 2.46771e-09 5.96656e-06 0.0208662 0.00182932 0.00130615 6.56566e-12 9.95472e-09 0.000308404 1.53835e-07 0.672465 4.59478e-08 
0.0266076 0.0967047 0.000447068 0.0468409 0.0237473 0.0010938 3.52646e-07 1.48829e-10 3.79862e-05 0.045407 1.91207e-10 0.00445505 1.33248e-10 0.162612 0.0243798 0.00262686 0.00202405 0.00213723 0.0532024 0.00135098 1.38012e-10 0.0333269 0.0116691 0.433929 0.0274004 
0.00990852 0.0258976 5.87368e-05 0.00628387 0.0162989 0.0846789 0.00313715 7.09067e-06 5.91833e-05 0.0318049 1.56967e-05 0.0411438 0.000500382 0.0735754 0.110557 0.119142 0.0570944 0.00421249 0.0671874 0.00534376 7.35075e-06 0.00417988 0.0290235 0.309591 0.000290388 
7.43619e-06 0.0161133 1.83931e-05 0.0234754 0.00219812 0.144446 0.00265182 4.67908e-06 6.96299e-05 0.0067065 2.98002e-11 0.0195932 0.000245779 0.00804909 0.148077 0.0312923 0.00848398 0.0813512 0.00758311 0.000547854 4.04318e-06 0.00660747 0.0503319 0.442035 0.000106611 
0.0183872 0.0420412 7.15207e-05 0.038417 0.00183946 0.142913 0.00422314 3.36621e-05 0.00676887 0.0534988 1.78287e-08 0.0081932 0.000378302 0.0893407 0.0931025 0.0312932 0.126699 0.0118002 0.0113065 0.0146628 0.000207537 0.00896217 0.00423137 0.284755 0.00687316 
0.00502394 0.0651964 0.00017983 0.00178494 0.00438252 0.0318542 0.00613029 0.000651681 0.00050471 0.01234 2.34258e-05 0.0106566 0.000168355 0.148491 0.0203524 0.0390365 0.0562979 0.0135896 0.0104797 0.00444208 9.17636e-05 0.0115749 0.0189069 0.536238 0.00160256 
0.00728192 0.0264091 0.000528062 0.000544806 0.000496603 0.0256903 0.00395359 0.0162728 0.000215799 0.0114432 0.00340368 0.112977 2.53427e-05 0.0463975 0.00716414 0.00369311 0.0239581 0.0225842 0.00413119 0.0196055 8.4449e-05 0.0666983 0.00187945 0.577658 0.0169036 
0.00697192 0.0380964 0.000278959 0.00418242 2.86778e-05 0.123378 0.00455863 0.0601871 0.000108283 0.00767192 4.35185e-06 0.00158285 0.000304651 0.0379623 0.054208 0.0408972 0.170252 0.0120722 0.0038798 0.00649504 6.24633e-05 0.0302413 7.39536e-06 0.371788 0.0247803 
0.000921155 0.206691 0.000757913 0.0203607 0.00571901 0.0348877 0.00229683 0.000288156 0.000397314 0.0132874 2.28984e-07 0.0835698 0.0028915 0.0571958 0.0913188 0.0248172 0.0286121 0.00590617 0.014352 0.0270591 5.45542e-06 0.0050825 0.0113698 0.359692 0.00251988 
0.0724392 0.0253956 2.18617e-06 2.18929e-06 2.18891e-06 0.0998576 0.0308698 2.18656e-06 0.00525665 0.0332849 2.18558e-06 2.18949e-06 2.18693e-06 0.020145 2.18974e-06 2.18948e-06 0.135977 2.18873e-06 0.0186131 0.042902 2.18681e-06 0.0177362 0.0365603 0.453497 0.00744127 
0.0292862 0.00582468 0.000674679 0.00229521 0.00246098 0.0445922 0.00422264 1.76997e-06 0.00322712 0.0431639 1.40833e-05 0.0388816 8.11068e-05 0.19184 0.103583 0.03871 0.0439378 0.00128388 0.0406844 0.0186405 5.21596e-06 0.00534789 0.00369382 0.371965 0.00558276 
8.10915e-06 0.00760592 2.89611e-06 0.000100032 0.00322153 0.138546 0.000421538 0.00243612 1.12011e-05 0.00408235 5.68419e-09 0.0593955 0.0011536 0.0732234 0.00977857 0.0101324 0.120093 0.00332226 0.0553661 0.0687311 5.68573e-05 0.000634776 0.0632804 0.376621 0.00177499 
0.00111854 0.0228252 3.86305e-07 1.00759e-05 0.00140956 0.00888724 6.92674e-06 4.3198e-06 1.56757e-07 0.00618894 3.74846e-07 0.165156 0.000176009 0.120823 0.110484 0.00848717 0.000495243 0.000134381 0.00376585 0.00242292 9.44127e-08 0.00363774 1.67509e-06 0.543941 2.3971e-05 
0.0201595 0.0465983 7.89066e-05 0.0432587 0.00185544 0.123435 0.00379847 3.62107e-05 0.00690906 0.0525516 1.82302e-08 0.00815125 0.000344717 0.0966027 0.089995 0.0301761 0.107251 0.0120448 0.0114755 0.0156999 0.000210224 0.00961108 0.00425348 0.306255 0.0092481 
0.000624064 0.0678634 0.000836249 0.0200035 0.0221714 0.0795316 0.00626126 2.12665e-05 3.99987e-05 0.0187024 5.61167e-06 0.0654258 0.000242316 0.0420677 0.0431562 0.00358897 0.0660472 0.0123728 0.0367911 0.03881 9.18527e-06 0.00971061 0.0172646 0.446898 0.00155484 
0.000585224 0.0753827 0.00311525 0.027397 0.000736224 0.0377564 0.00226255 1.8405e-06 0.00194027 0.00729249 2.5346e-05 0.0344154 0.0161511 0.0240816 0.0450469 0.00572302 0.0348062 0.0574252 0.0273108 0.0268383 1.02042e-06 0.0146237 0.00124725 0.554884 0.000949876 
0.00373748 0.0581244 3.49481e-06 5.19547e-05 0.0146459 0.045886 0.00789737 2.03365e-07 5.36917e-06 0.0105464 5.01024e-10 0.0360335 0.0845191 0.133953 0.0416649 0.0189373 0.158811 0.000308937 0.033815 0.0999532 3.68659e-08 0.00393526 0.00124127 0.242649 0.00328017 
0.0149467 0.180125 0.00386666 0.00222083 0.00350444 0.0408892 0.0039511 0.0173994 0.0107338 0.013764 2.60548e-08 0.0415647 0.000383937 0.0628187 0.083349 0.00430278 0.011286 0.00531111 0.0316327 0.00115541 0.000390555 0.019033 0.00341916 0.443482 0.000469625 
0.0600373 0.011698 0.000682857 0.0191914 0.00191867 0.11812 0.0019302 1.86491e-05 3.36871e-05 0.0141106 9.26152e-09 0.00160981 0.00117279 0.0795955 0.0127058 0.0121171 0.0195087 0.00380596 0.0113576 0.000374927 6.68489e-09 0.0399024 0.017669 0.549352 0.023087 
0.000916768 0.0206663 0.00282986 0.012001 4.16615e-07 0.0441797 0.00387544 4.16168e-07 4.16699e-07 0.0207966 4.1598e-07 0.0343386 4.16237e-07 0.0379215 4.16773e-07 4.16724e-07 0.0399249 4.1658e-07 0.00537625 0.0420343 0.0055777 0.000125428 0.0177915 0.71164 4.16435e-07 
7.1371e-07 0.000925644 7.28748e-06 9.10853e-05 0.00012468 0.143522 0.000287645 2.23167e-08 1.52411e-05 0.00274885 2.86712e-08 3.33147e-09 0.0532527 0.0555416 0.00676331 0.00521683 0.212447 0.00179583 0.000539642 0.00103584 0.000285168 0.000213224 0.00209793 0.513077 1.02732e-05 
0.00918218 0.1651 2.9194e-06 0.000905785 0.00492758 0.147237 0.001912 0.0038437 0.000185628 0.0255881 1.66805e-06 0.0159173 0.00130413 0.058117 0.122473 0.0132454 0.102581 0.00580906 0.0564495 0.0256828 3.54582e-06 0.0163741 0.00115477 0.220909 0.0010932 
0.00156393 0.148844 0.000816986 0.00407679 3.06981e-08 0.000626531 0.0020059 0.00137475 1.95469e-09 0.0162221 7.29129e-09 0.0111557 0.000665592 0.100478 0.0503112 0.00019154 0.0011978 0.00222621 0.00660231 3.37483e-05 7.76867e-08 0.00403383 0.0198482 0.627626 9.8813e-05 
0.00697856 0.0343134 0.000198785 0.00363885 0.0018893 0.0576886 0.00113194 1.35588e-05 0.000195851 0.0121241 0.00841216 0.047352 7.0149e-05 0.0180373 0.0331161 0.0187806 0.16176 0.0568245 0.00371282 0.0170256 0.00864651 0.040346 0.0110518 0.453819 0.00287281 
0.00362624 0.00372753 5.8217e-05 0.00528658 0.0231856 0.0129084 0.00147516 3.20695e-08 7.81423e-05 0.0104184 7.73536e-08 0.128668 0.00057122 0.090674 0.0799075 0.0335257 0.21343 0.000296552 0.018173 0.0195877 4.616e-05 0.00766721 0.0121706 0.333154 0.00136534 
8.33183e-12 0.234851 5.01413e-08 0.0425267 0.000635163 0.011031 1.52474e-07 1.82793e-11 1.95559e-05 0.00269279 2.34842e-11 0.00258886 0.000512753 0.00836026 2.46771e-09 5.96656e-06 0.0208662 0.00182932 0.00130615 6.56566e-12 9.95472e-09 0.000308404 1.53835e-07 0.672465 4.59478e-08 
0.032208 0.0735315 0.0231634 0.000912377 0.000101805 0.000235465 4.33962e-07 2.42815e-06 9.61813e-06 0.00983195 6.05036e-10 0.023281 0.000555045 0.0232018 0.0121014 0.000913737 0.00388567 0.000773005 0.0099403 0.013477 1.91226e-08 0.0140623 0.000866928 0.756269 0.000675878 
0.000331021 0.0275036 2.26997e-07 0.00509336 0.0158798 0.103389 0.000544275 0.0014402 7.3176e-05 0.00384185 6.39487e-05 0.0183088 1.11232e-05 0.114883 0.0631725 0.0541845 0.243689 0.00912539 0.00698302 0.00105506 0.000275233 0.00742461 0.00824632 0.304219 0.0102609 
0.000921833 0.0617002 0.00235999 0.0193534 0.00399225 0.0851342 0.00320038 0.00305479 0.00252555 0.0157345 5.70802e-05 0.0671107 0.0202062 0.19878 0.0461586 0.0332895 0.0228574 0.00530829 0.00951195 0.0127668 1.12752e-05 0.013644 0.0128005 0.358589 0.000931818 
7.33208e-08 0.109536 2.03678e-08 0.0133713 3.31082e-08 0.00717174 3.79967e-07 0.000226127 5.66696e-05 0.00588349 5.12636e-10 0.148393 7.83877e-08 0.00114469 0.0471442 0.0100209 0.0118628 0.00534257 0.00373641 0.000192587 9.45446e-09 0.00773855 0.00338777 0.62361 0.0011813 
0.000569176 0.00714226 0.0220005 0.038791 0.0104492 0.0270642 0.0175243 8.60415e-09 0.000403849 0.0194717 6.04757e-06 0.0111445 3.30819e-06 0.0153326 0.0288928 0.0234187 0.1929 0.00200492 0.0189714 0.129041 3.49757e-07 0.0800297 0.00428349 0.349396 0.00115937 
0.000977867 0.0261524 0.000154879 0.00108385 0.000495978 0.106914 0.00587783 0.0120321 0.0118927 0.0610385 1.21293e-05 0.0188771 0.0460176 0.0784434 0.0618602 0.0304943 0.127873 0.00358932 0.0138298 0.0215597 6.56676e-05 0.0335258 0.000607598 0.330253 0.0063708 
0.0168592 0.0242864 0.00136592 0.00389769 0.00187614 0.128766 0.0202319 4.58953e-05 0.000129398 0.132844 2.75575e-10 0.0376438 0.0098435 0.0213642 0.0821467 0.0809821 0.150702 0.0137049 0.0046412 0.0004984 6.67799e-09 0.0269345 0.087102 0.15254 0.00159396 
0.00924498 0.0998183 0.000639553 0.0133968 0.00286197 0.0107815 0.00269798 2.98868e-05 0.000140615 0.00602235 4.2585e-05 0.174999 0.0525879 0.0724713 0.0440998 0.00910024 0.0288013 0.00436871 0.0141642 0.0187144 3.95728e-06 0.00958122 0.0172775 0.406108 0.00204563 
4.81791e-08 6.94999e-05 5.00245e-06 0.0058306 1.02827e-06 0.000310364 1.82006e-05 9.35403e-09 1.59346e-06 0.000447204 2.61522e-11 7.1047e-05 4.22337e-07 8.96875e-05 1.00891e-05 6.06051e-05 2.38741e-05 0.00093194 0.00295786 0.000167642 1.60172e-05 0.000143973 6.84795e-05 0.988775 1.3746e-07 
0.00327401 0.018183 4.43739e-08 0.00050972 9.95648e-05 0.0117993 0.000362651 1.29313e-07 5.44844e-06 0.00216256 1.8354e-09 0.000214809 5.12665e-07 0.00157503 0.012296 0.000537611 0.00343844 0.000567501 0.000686688 0.00134726 1.46597e-05 0.000588331 7.40491e-05 0.942199 6.38439e-05 
8.33183e-12 0.234851 5.01413e-08 0.0425267 0.000635163 0.011031 1.52474e-07 1.82793e-11 1.95559e-05 0.00269279 2.34842e-11 0.00258886 0.000512753 0.00836026 2.46771e-09 5.96656e-06 0.0208662 0.00182932 0.00130615 6.56566e-12 9.95472e-09 0.000308404 1.53835e-07 0.672465 4.59478e-08 
2.51686e-05 0.0558452 0.00125137 0.000802166 0.000140681 0.106048 9.10957e-05 8.89292e-06 9.83389e-06 0.00199017 4.72045e-08 0.0781211 0.000454218 0.246996 0.0814132 0.0123058 0.0412177 0.0166676 0.00186761 0.0025061 1.04734e-05 0.00276283 0.00504969 0.34392 0.000495404 
0.106659 0.0335418 4.21092e-05 0.000791615 0.0115154 0.264915 0.00103133 1.28887e-06 1.01985e-05 0.00795264 3.78267e-06 0.0161709 0.000490754 0.0443807 0.08101 0.0203018 0.0499095 0.00247954 0.0200739 0.008429 1.99064e-06 0.0118642 0.048892 0.269077 0.000454924 
0.00327401 0.018183 4.43739e-08 0.00050972 9.95648e-05 0.0117993 0.000362651 1.29313e-07 5.44844e-06 0.00216256 1.8354e-09 0.000214809 5.12665e-07 0.00157503 0.012296 0.000537611 0.00343844 0.000567501 0.000686688 0.00134726 1.46597e-05 0.000588331 7.40491e-05 0.942199 6.38439e-05 
0.00239969 0.0505072 9.82986e-05 0.00322862 3.51108e-05 0.0384662 0.00124532 0.000155118 1.98184e-05 0.00181461 4.93165e-08 0.0314607 8.14257e-05 0.0120898 0.0097449 0.00491464 0.015 0.00815159 0.00119459 0.00174751 1.69843e-08 0.00195469 0.00763358 0.79562 0.0124364 
0.0181888 0.0222658 1.30675e-06 2.65739e-10 1.06548e-05 0.00174025 2.97974e-10 0.0346389 1.2292e-05 0.00743213 8.47269e-08 0.000710559 0.0225367 0.301084 0.0365972 0.000116505 0.0689172 4.72107e-10 0.0009022 0.00197467 1.17592e-09 0.000219865 1.61863e-07 0.482393 0.000258538 
0.187369 0.142153 0.000440562 0.0243074 0.000510739 0.00868776 8.02465e-05 8.50096e-07 0.00982752 0.00401257 3.97875e-06 0.000906092 0.000472808 0.0147429 0.000667021 0.000255321 0.2064 0.000774924 0.00428716 1.13986e-05 3.63e-05 0.000624123 0.000423639 0.392843 0.000160959 
0.0102198 0.100597 5.29443e-06 0.0115739 0.0126904 0.0337705 0.00637074 1.51033e-08 1.11755e-06 0.0127984 0.000169096 1.21386e-06 0.00163338 0.0199588 0.183905 0.0148292 0.0137336 0.000511503 0.0988863 0.00147183 1.69555e-06 0.0686649 3.87973e-05 0.407499 0.00066863 
0.00278211 0.029296 6.55795e-08 0.000723005 0.000645044 0.0252757 0.00236185 4.85972e-07 5.75419e-08 0.00381781 1.69593e-09 0.000391444 4.18544e-05 0.384743 0.056613 0.00231753 0.0239063 0.000767839 0.0020987 0.000337005 0.00020518 0.00650316 4.95579e-06 0.456963 0.000204856 
0.00856602 0.0329291 7.38782e-06 0.0013064 0.00128608 0.101295 0.000860395 3.89826e-06 8.79574e-05 0.00615253 1.42768e-10 0.139381 0.000426333 0.00575328 0.0271494 0.00673201 0.01718 0.0291475 0.0540189 0.010082 1.25568e-05 0.00143026 0.0081081 0.547832 0.000251561 
4.31205e-06 4.88312e-06 6.08491e-10 0.0190738 1.72773e-10 0.00381859 7.65799e-06 5.46804e-10 8.91369e-07 1.69187e-07 7.02502e-10 5.26507e-06 4.89558e-10 0.0502136 0.0434529 8.32936e-11 0.239348 0.0202526 0.037027 6.09049e-07 4.56861e-07 0.00730101 4.68333e-06 0.579483 1.62664e-07 
0.029371 0.0248489 0.000549246 0.0112793 0.00411768 0.0449886 0.0170426 1.2753e-06 3.14815e-05 0.00668834 1.19683e-06 0.0483726 0.00253785 0.220334 0.0434551 0.00597605 0.0496619 0.00295086 0.0273209 0.00590798 0.000660655 0.0127198 0.0502498 0.389908 0.00102464 
0.0226119 0.0127579 5.62632e-05 0.0503769 0.0348495 0.0815617 0.0442293 0.000327284 0.000128331 0.0977111 5.70695e-05 0.00862115 0.00815112 0.0314635 0.0840619 0.0219299 0.0308242 0.00507947 0.163564 0.00595925 1.25347e-05 0.114299 0.0131181 0.166707 0.00154182 
0.00163793 0.0305075 0.00170942 0.0143207 0.000962693 0.0199588 0.00941428 1.1826e-05 0.00056269 0.0124268 0.00315562 0.0306082 0.000160097 0.0171406 0.0301184 0.0136298 0.0139353 0.00230527 0.0090043 0.0115078 5.06451e-06 0.00737749 0.00101468 0.764513 0.00401154 
0.00526388 0.000682954 1.17012e-07 0.000252154 0.017708 0.00140015 0.0506483 0.00333615 0.000263189 0.00232466 1.35091e-07 6.10975e-05 0.0448028 0.000214264 0.00570627 0.00048019 0.0909647 0.0224341 0.00811969 0.0025315 7.79189e-07 0.0832827 0.000705356 0.428775 0.230041 
0.0036178 0.273277 0.000142821 0.00231939 0.00675532 0.0104267 0.00195747 3.08299e-09 3.50159e-05 0.0257049 8.43575e-11 0.0450403 0.000237041 0.0141231 0.0561223 0.00204614 0.00153497 5.71106e-06 0.0150576 0.167991 2.27234e-06 0.000552864 0.00382591 0.369002 0.000222208 
0.0653808 0.0213476 5.0394e-06 0.0268165 0.0508438 0.00695285 0.0112039 6.82437e-10 5.24058e-05 0.0033154 2.2567e-08 0.0394077 0.000130611 0.014487 0.168696 0.00521357 0.00309801 0.00167817 0.0337078 0.010054 1.98218e-06 0.00159342 0.0357309 0.500156 0.000126119 
0.00319326 0.00436966 0.0012923 0.00405983 0.0036129 0.170054 0.0249568 1.15662e-06 0.000186512 0.0178542 2.63647e-10 0.00017646 0.124972 0.0650732 0.135072 0.00917311 0.0148487 0.000734789 0.0178085 0.00225495 5.12148e-05 0.0149172 0.0982087 0.286715 0.000414172 
0.00327401 0.018183 4.43739e-08 0.00050972 9.95648e-05 0.0117993 0.000362651 1.29313e-07 5.44844e-06 0.00216256 1.8354e-09 0.000214809 5.12665e-07 0.00157503 0.012296 0.000537611 0.00343844 0.000567501 0.000686688 0.00134726 1.46597e-05 0.000588331 7.40491e-05 0.942199 6.38439e-05 
0.0028767 0.0698336 0.000133441 0.00747999 0.0020311 0.196525 0.00626233 0.0213056 0.000500346 0.00611284 2.40747e-06 0.0271005 0.00266784 0.0423187 0.0738491 0.0335723 0.102767 0.00408337 0.0345873 0.00139247 0.000281193 0.0225468 0.0380837 0.302936 0.00075022 
0.00327401 0.018183 4.43739e-08 0.00050972 9.95648e-05 0.0117993 0.000362651 1.29313e-07 5.44844e-06 0.00216256 1.8354e-09 0.000214809 5.12665e-07 0.00157503 0.012296 0.000537611 0.00343844 0.000567501 0.000686688 0.00134726 1.46597e-05 0.000588331 7.40491e-05 0.942199 6.38439e-05 
0.0159954 0.00239345 0.00186665 0.145107 0.000403368 0.120101 0.00469434 1.07356e-05 0.000802799 0.0129523 1.71268e-10 0.000249205 3.38113e-05 0.132903 0.0236257 0.00827833 0.0810854 0.0215047 0.0153276 0.000428917 0.00011115 0.0607874 0.121529 0.229621 0.000188011 
0.00720681 0.0356648 7.18257e-05 0.00503053 0.0823096 0.0242638 0.00333175 3.05427e-08 1.11046e-06 0.134525 1.9631e-10 0.118882 0.00112378 0.0144397 0.0249733 0.0839124 0.166893 0.0175713 0.00575595 0.000820714 5.66366e-09 0.0112 8.6329e-05 0.260196 0.00173995 
2.42348e-05 0.0829986 4.04977e-06 0.0269823 0.00115829 0.142018 0.00844 2.66473e-05 5.98604e-05 0.0295324 5.83057e-07 0.0282397 5.39976e-08 0.0651771 0.0382346 0.0164552 0.127556 0.0011153 0.00316505 0.0529102 6.43291e-09 0.00138696 0.000641197 0.373873 2.34944e-08 
0.0156564 0.0153507 0.00254225 0.0103251 0.0289461 0.035188 0.053626 0.00256354 0.000174512 0.00396266 1.53214e-08 0.00292747 0.0116682 0.00029163 0.00477788 0.0149562 0.0953071 0.167452 0.114324 0.0486048 0.000121502 0.062743 0.0319153 0.27556 0.00101555 
0.00157918 0.0300282 5.56109e-06 0.00849667 0.00241617 0.0254825 0.000770627 7.7708e-07 1.50172e-05 0.0285125 2.94687e-09 0.0684579 0.0596966 0.0342352 0.0291264 0.00908993 0.0188109 0.00631226 0.00890777 0.0311991 1.43317e-05 0.0070591 0.00351662 0.624154 0.00211248 
0.00574625 0.0197337 2.13787e-05 0.0113421 0.00452633 0.0504192 0.0205597 0.00136681 6.21686e-06 0.0319702 2.10201e-06 0.023145 0.0696963 0.0239368 0.0641117 0.0104677 0.0578238 0.000526249 0.0151618 0.136994 0.00061579 0.000655453 0.00794552 0.442535 0.000690014 
0.00977163 0.220552 3.71683e-05 0.0233263 0.000825251 0.10607 2.17691e-11 9.26429e-11 2.17134e-05 0.0127693 1.19022e-10 2.61683e-07 4.08989e-06 0.0866655 0.202673 0.0100519 0.041785 0.000522912 0.00191188 0.00161283 2.18271e-08 0.0210216 8.1156e-08 0.260377 1.01286e-07 
0.00102867 0.30268 4.17042e-05 0.00232157 0.00339399 0.0443558 0.00212761 0.000825364 0.00259167 0.0290417 3.91452e-07 0.0420635 0.00113613 0.0297624 0.0278004 0.0236442 0.120836 0.00755721 0.0112018 0.0163656 3.69819e-05 0.011367 0.00436719 0.312109 0.0033437 
