0.00095476 0.0010693 7.38103e-05 0.765151 0.00269692 0.0135063 0.000440257 2.45586e-10 0.000370879 0.00764529 3.58015e-13 0.00250697 0.000122411 0.00241192 0.163368 0.00622322 0.00123673 0.00222496 0.00658597 0.000523453 1.15899e-06 0.00420891 0.00123452 0.0168651 0.000577668 
0.000681987 0.00114534 9.75025e-05 0.819352 0.00228565 0.0112201 0.00034913 2.45115e-10 0.000478074 0.00626949 5.00434e-13 0.00194343 0.000115765 0.00172281 0.12164 0.00558099 0.000883385 0.00171492 0.00538849 0.000373901 8.28315e-07 0.00344335 0.00128404 0.0134861 0.000543399 
0.000404858 0.00262766 0.000600995 0.288562 0.00327011 0.0752462 0.0272856 3.3677e-09 0.081146 0.0272374 3.56565e-10 0.00233214 0.032514 0.00540344 0.0193417 0.0280644 0.00939571 0.120533 0.0242508 0.00118137 6.69334e-11 0.24115 0.00150038 0.00790698 4.51303e-05 
0.00756092 0.011304 6.3494e-06 0.526652 0.00382052 0.0116376 0.00265046 2.46464e-07 1.69812e-05 0.0100291 1.84412e-05 0.00938607 2.02927e-05 0.0593027 0.112902 0.0102192 0.100352 0.00673984 0.0460571 0.000122444 3.03405e-06 0.00346809 0.024536 0.0530522 0.000142272 
0.00337931 0.000873416 4.97006e-05 0.473854 0.00830519 0.0960161 0.00571115 3.87277e-08 3.19117e-05 0.0136115 5.77966e-12 0.00758623 0.000480384 0.00129964 0.141507 0.0329029 0.0108318 0.00132951 0.117154 0.000171205 1.54499e-05 0.00386047 0.0763019 0.00407311 0.000653379 
0.0144902 0.000705014 8.51377e-07 0.290885 0.0462291 0.0394424 0.00463715 0.0002753 7.77104e-05 0.0440949 8.55176e-05 0.00486943 0.000160573 0.00229843 0.194932 0.0203418 0.0053168 0.0044571 0.167209 0.000149014 3.5609e-06 0.148315 0.0035847 0.00733911 0.000100106 
0.000681987 0.00114534 9.75025e-05 0.819352 0.00228565 0.0112201 0.00034913 2.45115e-10 0.000478074 0.00626949 5.00434e-13 0.00194343 0.000115765 0.00172281 0.12164 0.00558099 0.000883385 0.00171492 0.00538849 0.000373901 8.28315e-07 0.00344335 0.00128404 0.0134861 0.000543399 
0.00538176 0.00135744 0.000146961 0.593164 0.0235397 0.021803 0.00281864 4.92085e-11 0.000130386 0.0115633 1.72071e-09 0.0292952 0.000242888 0.0105447 0.162503 0.00601819 0.00212483 0.00119305 0.034882 0.0499044 1.04106e-05 0.00230608 0.00278065 0.0375905 0.000699528 
0.000201223 0.0570839 2.95368e-05 0.284859 0.000399734 0.0801932 0.00865712 0.000292303 0.000128223 0.00955262 1.66209e-11 0.000332657 2.13845e-05 0.00105375 0.209977 0.268136 0.0429109 0.00445735 0.00641144 0.000734178 1.59552e-06 0.00526541 0.000214271 0.019041 4.56785e-05 
0.000505572 0.000724699 0.000785657 0.875435 0.00179861 0.01143 0.00189028 5.54422e-07 0.00868303 0.00412546 1.96247e-12 0.00298234 0.000415259 0.000797493 0.0532942 0.00393077 0.0012291 0.00353929 0.010441 0.000296207 9.8846e-07 0.00770943 0.00135454 0.00845276 0.000177779 
0.00179074 0.000302207 4.62503e-05 0.452675 0.00188672 0.0951144 0.0028756 0.000126176 7.28529e-05 0.0156008 8.33373e-11 0.00637 0.000144146 0.00216574 0.110308 0.0367317 0.0172549 0.000428411 0.10732 0.000129777 5.99726e-06 0.00490783 0.131744 0.0110575 0.000941679 
0.00342288 0.000650308 2.67161e-05 0.545106 0.000521671 0.0617053 0.00143066 2.08208e-05 3.24096e-06 0.0227025 7.91765e-11 0.00670966 0.000264155 0.00424154 0.125628 0.15252 0.00350752 0.000532997 0.00862178 0.000501212 1.66606e-05 0.00734624 0.028654 0.0239074 0.00195783 
1.70633e-05 0.00267107 2.43358e-06 0.307085 0.00184173 0.272121 0.037478 3.25522e-08 0.000624633 0.00514343 4.90111e-11 0.00168844 0.000773325 0.00304201 0.0191709 0.00199571 0.264801 0.0134443 0.0455484 0.00649089 8.29613e-05 0.00775867 0.00287858 0.0049912 0.00034896 
0.170585 0.00320862 0.000982565 0.171394 0.0508196 0.0664168 0.0107981 1.05897e-05 0.00283315 0.057844 7.39798e-10 0.000490706 0.000202126 0.00319164 0.148872 0.0136837 0.00263056 0.0519384 0.0722798 0.000577871 9.50898e-08 0.0372351 0.0728988 0.0610352 7.18232e-05 
0.000364088 0.000705226 0.000582006 0.892503 0.00167924 0.00883844 0.00117804 1.47642e-06 0.00806853 0.00304094 2.33661e-12 0.00374637 0.000246 0.000668443 0.0455199 0.00293471 0.00109231 0.00230664 0.0120144 0.000295364 6.65133e-07 0.00544494 0.00141168 0.00725096 0.000106119 
0.000681987 0.00114534 9.75025e-05 0.819352 0.00228565 0.0112201 0.00034913 2.45115e-10 0.000478074 0.00626949 5.00434e-13 0.00194343 0.000115765 0.00172281 0.12164 0.00558099 0.000883385 0.00171492 0.00538849 0.000373901 8.28315e-07 0.00344335 0.00128404 0.0134861 0.000543399 
0.000681987 0.00114534 9.75025e-05 0.819352 0.00228565 0.0112201 0.00034913 2.45115e-10 0.000478074 0.00626949 5.00434e-13 0.00194343 0.000115765 0.00172281 0.12164 0.00558099 0.000883385 0.00171492 0.00538849 0.000373901 8.28315e-07 0.00344335 0.00128404 0.0134861 0.000543399 
0.00303325 0.00122474 3.75425e-05 0.50659 0.00259121 0.0456207 0.00167919 1.10004e-05 8.13148e-05 0.0120047 1.97531e-11 0.0152951 0.000128243 0.00289237 0.314913 0.0450555 0.00367613 0.00120613 0.0101309 0.000697998 6.4241e-06 0.00433881 0.0077328 0.0200964 0.000956505 
0.000518477 0.0162694 0.00612662 0.281014 0.00218267 0.258585 0.0223251 3.16051e-06 0.00723169 0.0132621 1.19376e-07 0.0449494 0.00160978 0.0105412 0.156433 0.0283628 0.0225535 0.0167795 0.0181396 0.00609856 0.000500905 0.0150051 0.0252736 0.0455684 0.000666053 
0.0169552 0.0486356 2.97321e-06 0.646263 0.00119149 0.00828099 0.00141697 0.000890051 0.0872788 0.0265802 3.44588e-08 1.83456e-05 8.05773e-05 0.00639392 0.0578638 0.00683378 0.0052607 0.058251 0.00146334 0.000364829 1.38674e-05 0.00581974 0.00052512 0.0196038 1.14705e-05 
0.000130813 0.0307306 0.00038854 0.407906 0.000602285 0.0355082 0.000588723 0.000116644 0.0146811 0.00152268 2.01768e-10 0.000269911 0.000915146 0.0056269 0.0684047 0.00931323 0.0919196 0.22026 0.024489 0.00151083 1.60541e-05 0.0520259 0.000827631 0.0320234 0.00022204 
0.00054872 0.00324284 7.75189e-05 0.387748 0.00228168 0.110542 0.00164881 5.90446e-06 0.000174226 0.00970575 3.74584e-12 0.0130957 0.000103579 0.00273936 0.331725 0.0788563 0.00570094 0.00182587 0.00475182 0.000319541 7.842e-07 0.00570516 0.00359297 0.0349825 0.000625078 
0.00509885 0.000867847 7.62173e-06 0.4029 0.00162474 0.0768792 0.00105041 1.7772e-10 0.000368453 0.0148215 2.28324e-10 0.000362983 0.00100205 0.0396104 0.29949 0.0119099 0.000308885 0.0103139 0.0325399 4.1934e-05 1.52356e-06 0.0219984 0.0601861 0.0185992 1.55517e-05 
5.31059e-06 0.000597936 0.000143054 0.94239 0.000213475 0.00727697 0.00305951 1.59352e-09 8.87854e-05 0.00474273 8.19553e-12 0.000549303 0.000157704 0.000120483 0.00698314 0.00234526 1.01536e-07 0.00135621 0.00421061 5.70445e-05 1.50412e-05 0.0100066 0.00266355 0.012813 0.000204418 
0.000884533 0.000432045 1.63972e-05 0.682736 0.00144564 0.0293524 3.50134e-06 4.32168e-06 1.14223e-05 0.000467014 1.12785e-12 0.0230074 0.000163971 0.000124807 0.11783 0.01333 0.00132025 4.28149e-05 0.0752467 0.000227706 1.47686e-05 0.000804806 0.0510173 0.00136706 0.000148856 
0.000364088 0.000705226 0.000582006 0.892503 0.00167924 0.00883844 0.00117804 1.47642e-06 0.00806853 0.00304094 2.33661e-12 0.00374637 0.000246 0.000668443 0.0455199 0.00293471 0.00109231 0.00230664 0.0120144 0.000295364 6.65133e-07 0.00544494 0.00141168 0.00725096 0.000106119 
3.03153e-05 0.000161427 2.61395e-05 0.948843 0.000110985 0.00890384 0.000411588 9.36048e-10 0.000261116 0.0035592 4.84533e-12 7.14627e-05 6.29988e-05 0.000173838 0.0213168 0.0038883 4.29744e-13 0.000735873 0.00284141 2.89927e-05 7.49678e-08 0.00371872 0.000676924 0.00411446 6.22618e-05 
0.00347716 0.00564539 0.000702378 0.228736 4.84044e-05 0.0575077 0.00936728 0.000797755 0.106828 0.0251994 0.000224219 0.00187587 0.000513192 0.0203904 0.0462121 0.0116003 0.134161 0.0080728 0.150221 0.000122578 0.110145 0.0533433 0.0108164 0.00607067 0.00792082 
8.06197e-06 0.0107385 0.0105305 0.234175 8.57799e-05 0.127894 0.100433 0.00492613 0.0495503 0.000875889 2.20634e-05 0.00773996 0.000896332 0.0560965 0.00579647 0.132211 0.0826469 0.111774 0.00459344 8.56947e-05 7.06425e-06 0.0422247 0.000837288 0.0157949 5.49317e-05 
0.0036059 0.00136704 0.000242151 0.234783 0.00278429 0.209716 0.00562915 0.00439716 9.56157e-05 0.0430479 5.45158e-06 0.00796227 0.000295425 0.0348258 0.0521369 0.079027 0.11576 0.00116754 0.0491613 0.000933477 9.73035e-06 0.0358956 0.0715207 0.0429047 0.00272616 
0.0006435 0.00119407 0.00742904 0.494664 0.00152421 0.0213588 0.0256788 0.000114181 0.00818735 0.0457946 0.000157543 0.0127058 0.011154 0.00487085 0.0316434 0.09228 0.0129452 0.00391274 0.0226608 0.00119118 5.52799e-07 0.175193 0.00451237 0.0200095 0.000174239 
0.00538176 0.00135744 0.000146961 0.593164 0.0235397 0.021803 0.00281864 4.92085e-11 0.000130386 0.0115633 1.72071e-09 0.0292952 0.000242888 0.0105447 0.162503 0.00601819 0.00212483 0.00119305 0.034882 0.0499044 1.04106e-05 0.00230608 0.00278065 0.0375905 0.000699528 
0.000413573 0.0331249 2.42975e-05 0.386656 0.000841311 0.102481 0.0137948 0.0135935 0.000930237 0.00799724 2.2447e-09 0.0517239 0.000170684 0.00806196 0.0634375 0.021028 0.119988 0.0812347 0.00886504 0.0152395 0.000109725 0.00527162 0.00227107 0.052279 0.0104623 
0.00773112 0.00421828 4.06197e-05 0.785077 0.00200603 0.0188077 0.00115419 5.20318e-09 0.000250402 0.0259747 5.09198e-12 0.000449285 0.000351537 0.00233782 0.0859009 0.0120188 0.000490333 0.000996326 0.00993413 0.000486221 1.89527e-06 0.00622057 0.00441775 0.0304899 0.000644924 
0.000197162 0.00147491 0.000118413 0.922918 0.000539635 0.00183234 0.00170397 1.25569e-09 0.00215782 0.00110481 1.57318e-11 0.0111613 0.000407006 0.00104158 0.000105776 0.000640917 0.00115109 0.0305821 0.00410151 0.000223973 3.05692e-05 0.00873759 6.26674e-05 0.00967502 3.20447e-05 
3.03153e-05 0.000161427 2.61395e-05 0.948843 0.000110985 0.00890384 0.000411588 9.36048e-10 0.000261116 0.0035592 4.84533e-12 7.14627e-05 6.29988e-05 0.000173838 0.0213168 0.0038883 4.29744e-13 0.000735873 0.00284141 2.89927e-05 7.49678e-08 0.00371872 0.000676924 0.00411446 6.22618e-05 
0.000567897 0.00228086 0.000529221 0.566247 0.000933825 0.0415166 0.0263152 0.0393088 0.00848512 0.0283937 4.29509e-10 0.0961594 0.000583372 0.00139397 0.0282888 0.0110653 0.0552817 0.0231596 0.00732312 0.0127979 0.000111838 0.0171562 0.00179799 0.0294136 0.000888797 
0.00169023 0.00136765 0.000222575 0.205417 0.0109382 0.159193 0.0118489 0.000309386 0.00140517 0.0141583 3.35235e-09 0.0114794 0.000264413 0.00708492 0.0902899 0.0191256 0.0242658 0.00230349 0.158653 0.00115793 1.22106e-05 0.0149185 0.0583504 0.0171079 0.188436 
0.00254154 0.00094252 4.01415e-05 0.605206 0.000462717 0.0554925 0.000970404 8.6775e-06 1.08247e-05 0.0152401 4.59936e-11 0.00869276 0.000278816 0.00453165 0.146452 0.0960519 0.00491739 0.000696132 0.00878168 0.00079968 1.18634e-05 0.00478739 0.0230688 0.0183232 0.00169104 
0.00090663 0.00240443 0.00284814 0.429129 0.00147462 0.0488805 0.0192479 0.000547969 0.0305027 0.0108423 0.000103723 0.0137399 0.00130477 0.00507515 0.0107549 0.00912536 0.0173677 0.263256 0.00860213 0.000812581 6.35902e-06 0.095059 0.00536037 0.0219892 0.000657859 
3.03153e-05 0.000161427 2.61395e-05 0.948843 0.000110985 0.00890384 0.000411588 9.36048e-10 0.000261116 0.0035592 4.84533e-12 7.14627e-05 6.29988e-05 0.000173838 0.0213168 0.0038883 4.29744e-13 0.000735873 0.00284141 2.89927e-05 7.49678e-08 0.00371872 0.000676924 0.00411446 6.22618e-05 
0.00683177 0.0123097 0.000400867 0.225877 0.0114712 0.115919 0.00982116 1.34515e-05 0.0167291 0.122053 3.69375e-06 0.0205537 0.000361816 0.00850952 0.177619 0.0768874 0.0309714 0.0100702 0.0403687 0.0179407 3.4316e-05 0.0380816 0.00503794 0.0511863 0.000946837 
0.000451912 0.000480162 0.00166431 0.859964 0.00197294 0.014844 0.00531699 5.04221e-07 0.0221233 0.00465391 3.12292e-12 0.000934638 0.000963917 0.000572496 0.0358831 0.00423214 0.00133068 0.00591399 0.0147518 0.000269263 1.84016e-06 0.0153371 0.00173653 0.00653141 6.86235e-05 
0.0173247 0.0166253 0.000115513 0.14739 0.0389181 0.132033 0.0887553 0.000174892 0.000334736 0.0271399 4.13668e-06 0.00609053 0.00225336 0.00413428 0.0806847 0.0429957 0.0274013 0.0394723 0.128149 0.00267145 0.000538108 0.0396575 0.115461 0.0392927 0.00238224 
0.00296928 0.00596522 0.0021225 0.410016 0.000969083 0.0744567 0.0135579 9.90279e-06 0.0156257 0.0196162 2.6997e-08 0.0175851 0.00727364 0.0214838 0.0603133 0.0103528 0.0362454 0.0350206 0.0218321 0.00722875 0.000304533 0.0783613 0.00570279 0.054014 0.0989736 
0.00303727 0.000750183 7.42202e-05 0.710366 0.00454204 0.0666324 0.0154754 4.61911e-09 0.000202117 0.0127362 6.27204e-08 0.00140133 7.06e-05 0.00175398 0.131348 0.00627288 0.000991128 0.00264752 0.0127149 0.000439079 1.29356e-06 0.0113194 0.00524985 0.0117415 0.000232987 
0.000442947 0.00164607 8.98478e-05 0.284855 0.00391094 0.14 0.00927295 2.37209e-12 0.000211278 0.0433363 3.04753e-12 0.0453949 0.0116611 0.0047049 0.18981 0.142083 0.0186813 0.00937669 0.0207966 0.000651961 4.47396e-09 0.030259 0.0104587 0.0267247 0.00563259 
0.00165776 0.00559423 0.000530119 0.319621 0.00394825 0.101423 0.00379947 8.21821e-06 0.00535615 0.0196284 1.13542e-08 0.0165187 0.00154023 0.0079949 0.137243 0.0328964 0.270186 0.0123293 0.0202538 0.00200645 0.000103874 0.0100621 0.00309932 0.0236272 0.000571946 
0.000197162 0.00147491 0.000118413 0.922918 0.000539635 0.00183234 0.00170397 1.25569e-09 0.00215782 0.00110481 1.57318e-11 0.0111613 0.000407006 0.00104158 0.000105776 0.000640917 0.00115109 0.0305821 0.00410151 0.000223973 3.05692e-05 0.00873759 6.26674e-05 0.00967502 3.20447e-05 
8.52747e-05 0.000737217 0.0012298 0.375725 0.00525503 0.11504 0.0334468 4.38638e-05 0.05624 0.00645607 7.47317e-11 0.00212165 0.00321277 0.00544122 0.0328102 0.0122925 0.0596808 0.0352051 0.0237622 0.000616076 8.55867e-06 0.215215 0.0032594 0.0118696 0.00024595 
0.00102559 0.0403407 1.31441e-05 0.697655 0.00070388 0.030605 0.000852609 2.60205e-05 0.0685335 0.0157959 7.06168e-09 0.00576652 0.00175322 0.000769207 0.0500441 0.00650695 0.00857379 0.0345026 0.0207133 0.000731235 2.28766e-05 0.00347155 0.0084661 0.00253149 0.00059599 
0.0239359 0.18424 1.03202e-05 0.535744 0.00253119 0.0175056 0.000770823 2.04735e-10 0.000329688 0.0202322 1.00558e-11 0.000791838 0.00380192 0.00231019 0.0503839 0.00574902 0.00140452 0.00200574 0.0108811 0.00271258 4.28141e-05 0.00274221 0.00206618 0.078125 0.0516833 
0.00352237 0.0033306 0.0444052 0.419365 0.00268659 0.128231 0.0757692 0.00015851 0.00694177 0.0343662 9.76138e-07 0.00508498 0.00444861 0.00952633 0.0745332 0.0482877 0.026303 0.00499988 0.0157254 0.0092002 2.81027e-05 0.0264994 0.0234415 0.0287815 0.00436281 
0.00249445 0.0103066 0.000529791 0.166836 7.38998e-05 0.0748342 0.0107573 0.000564973 0.075466 0.0267836 0.000159552 0.00462469 0.000438781 0.0265528 0.0417046 0.00978556 0.148126 0.00847431 0.150038 0.000215181 0.166633 0.0512309 0.00764689 0.00848849 0.00723542 
0.00179074 0.000302207 4.62503e-05 0.452675 0.00188672 0.0951144 0.0028756 0.000126176 7.28529e-05 0.0156008 8.33373e-11 0.00637 0.000144146 0.00216574 0.110308 0.0367317 0.0172549 0.000428411 0.10732 0.000129777 5.99726e-06 0.00490783 0.131744 0.0110575 0.000941679 
0.00854406 0.0117417 0.000200936 0.221871 0.00376813 0.157002 0.00789789 0.000811897 0.00259253 0.0340367 0.000132799 0.0119389 0.00247271 0.0229122 0.169878 0.104393 0.0394331 0.00335659 0.0279052 0.00374781 0.000103992 0.00940546 0.0315019 0.0801209 0.044231 
0.00235298 0.000455437 5.27276e-05 0.481425 0.000150058 0.123685 0.000191758 1.74155e-11 1.97883e-05 0.00511655 2.23745e-11 4.17946e-05 0.00233392 0.000337369 0.124857 0.032368 0.00928521 0.000558852 0.077752 1.97719e-08 9.74619e-06 0.00207701 0.134711 0.00138291 0.000835884 
0.00356385 0.0241568 3.88179e-05 0.315779 0.00582107 0.130909 0.00353026 0.000516128 0.0162228 0.042229 3.21679e-06 0.00734774 0.00194527 0.0158325 0.167949 0.0549979 0.0176823 0.00985296 0.0855494 0.00353288 1.90999e-05 0.0143903 0.0289177 0.0476108 0.00160287 
4.49584e-06 0.000291538 0.00274621 0.750507 0.000246753 0.0290718 0.00576099 2.24785e-05 0.0114633 0.000596157 1.39388e-09 0.000120405 0.0010041 0.000124343 0.00197513 0.00283343 0.00465521 0.0277137 0.00341084 5.09735e-05 2.33893e-07 0.153228 0.000264659 0.00380216 0.000106062 
0.000201223 0.0570839 2.95368e-05 0.284859 0.000399734 0.0801932 0.00865712 0.000292303 0.000128223 0.00955262 1.66209e-11 0.000332657 2.13845e-05 0.00105375 0.209977 0.268136 0.0429109 0.00445735 0.00641144 0.000734178 1.59552e-06 0.00526541 0.000214271 0.019041 4.56785e-05 
0.00509885 0.000867847 7.62173e-06 0.4029 0.00162474 0.0768792 0.00105041 1.7772e-10 0.000368453 0.0148215 2.28324e-10 0.000362983 0.00100205 0.0396104 0.29949 0.0119099 0.000308885 0.0103139 0.0325399 4.1934e-05 1.52356e-06 0.0219984 0.0601861 0.0185992 1.55517e-05 
0.000190039 0.000928863 9.21511e-06 0.697609 0.000286012 0.0983654 0.000249236 1.29426e-07 7.46287e-05 0.0013817 2.73719e-07 0.0111025 0.00769997 0.00357906 0.0722194 0.00468919 0.023065 0.00135247 0.0610766 0.000531216 4.498e-06 0.00187747 0.00879852 0.00472166 0.000188464 
5.31059e-06 0.000597936 0.000143054 0.94239 0.000213475 0.00727697 0.00305951 1.59352e-09 8.87854e-05 0.00474273 8.19553e-12 0.000549303 0.000157704 0.000120483 0.00698314 0.00234526 1.01536e-07 0.00135621 0.00421061 5.70445e-05 1.50412e-05 0.0100066 0.00266355 0.012813 0.000204418 
5.9694e-05 0.00119058 0.00322799 0.318102 0.0021387 0.116355 0.021072 6.63802e-06 0.0154437 0.028155 7.84092e-08 0.00467002 0.000666956 0.000703145 0.0388137 0.0116398 0.00656387 0.00624465 0.108806 0.00157754 1.55443e-05 0.286863 0.00559741 0.0220302 5.77074e-05 
0.00565069 0.00243331 0.00345206 0.257587 0.0334851 0.0956287 0.0183118 0.0222222 0.0107711 0.0248041 9.37102e-08 0.00695186 0.00102301 0.00338838 0.0251223 0.0260835 0.0416023 0.00357545 0.207628 0.00286063 0.00715597 0.0580232 0.114857 0.0270617 0.000321024 
0.000364088 0.000705226 0.000582006 0.892503 0.00167924 0.00883844 0.00117804 1.47642e-06 0.00806853 0.00304094 2.33661e-12 0.00374637 0.000246 0.000668443 0.0455199 0.00293471 0.00109231 0.00230664 0.0120144 0.000295364 6.65133e-07 0.00544494 0.00141168 0.00725096 0.000106119 
2.25625e-11 4.98669e-06 8.48358e-07 0.282154 8.76032e-08 0.18153 6.59519e-07 4.99953e-09 8.11532e-07 1.3943e-06 6.35951e-11 0.0285146 0.170511 0.0221694 0.149202 0.0152054 0.0132214 0.08979 0.0431361 9.80023e-06 4.59024e-11 0.00224196 2.13392e-06 2.18483e-06 0.00230134 
0.000404858 0.00262766 0.000600995 0.288562 0.00327011 0.0752462 0.0272856 3.3677e-09 0.081146 0.0272374 3.56565e-10 0.00233214 0.032514 0.00540344 0.0193417 0.0280644 0.00939571 0.120533 0.0242508 0.00118137 6.69334e-11 0.24115 0.00150038 0.00790698 4.51303e-05 
0.00671732 0.0129492 0.00043429 0.456063 0.00358514 0.0633632 0.00538446 0.000888392 0.000765459 0.214948 4.07897e-09 0.00578049 0.00236033 0.00808976 0.0962663 0.0205091 0.0373674 0.00620611 0.011058 0.000911287 4.30491e-06 0.0214319 0.0072433 0.015377 0.00229636 
2.46007e-05 0.00236749 0.00322138 0.903191 0.000464972 0.0137205 0.00129576 8.33733e-10 0.0110445 0.00233006 1.41038e-12 0.000435263 0.000306865 0.000201659 0.0202966 0.00397725 0.00205892 0.00581239 0.00824593 7.4034e-05 3.27396e-07 0.0137427 0.000286468 0.00678719 0.000113861 
0.000197162 0.00147491 0.000118413 0.922918 0.000539635 0.00183234 0.00170397 1.25569e-09 0.00215782 0.00110481 1.57318e-11 0.0111613 0.000407006 0.00104158 0.000105776 0.000640917 0.00115109 0.0305821 0.00410151 0.000223973 3.05692e-05 0.00873759 6.26674e-05 0.00967502 3.20447e-05 
0.000187689 0.00144616 2.24319e-05 0.527594 0.00029586 0.228561 0.00357099 4.30018e-11 2.12989e-05 0.0278799 8.21897e-10 0.0107661 0.0070589 0.00153155 0.0693011 0.0435506 0.00210376 0.00411139 0.0393358 0.00189152 2.46494e-07 0.00492486 0.0146638 0.0111576 2.35376e-05 
0.00463683 0.00283014 2.25064e-05 0.250255 0.00367858 0.185237 0.00485094 0.0482039 0.000584484 0.0171205 1.04947e-08 0.00137962 0.000318224 0.00828224 0.137101 0.0261791 0.0439797 0.00073358 0.085208 0.000107805 0.0297119 0.0110823 0.11089 0.0272101 0.000396896 
0.000201223 0.0570839 2.95368e-05 0.284859 0.000399734 0.0801932 0.00865712 0.000292303 0.000128223 0.00955262 1.66209e-11 0.000332657 2.13845e-05 0.00105375 0.209977 0.268136 0.0429109 0.00445735 0.00641144 0.000734178 1.59552e-06 0.00526541 0.000214271 0.019041 4.56785e-05 
0.00310141 0.00178308 0.00134613 0.234477 0.0137514 0.20077 0.0238269 0.000273218 0.00434684 0.0119859 4.62024e-09 0.0116217 0.00307108 0.0083831 0.0605761 0.0248688 0.038481 0.0799803 0.101656 0.0103439 7.27907e-05 0.0421823 0.0435654 0.0116865 0.0678496 
0.000358466 0.0120957 0.000598169 0.231597 0.00398636 0.150541 0.00755638 0.000251327 0.0069866 0.0360391 5.55118e-06 0.0339127 0.00105873 0.00150717 0.159944 0.0759816 0.00973113 0.0199839 0.163958 0.00202181 1.30899e-05 0.0561394 0.00993746 0.0156827 0.000113585 
0.000142402 0.00204437 2.20381e-05 0.39289 0.000174022 0.0248139 0.00469275 2.04964e-06 4.41426e-05 0.00796043 2.01299e-08 0.00126691 2.10238e-05 0.384401 0.106141 0.00479454 0.0316771 0.00667802 0.000693124 0.000816137 5.6724e-07 0.00479328 0.0015963 0.0103459 0.0139897 
0.0320802 0.010528 0.0035721 0.159793 0.00546974 0.0940948 0.026664 3.27319e-08 8.66323e-05 0.140584 2.28207e-11 0.001075 0.000303526 0.139884 0.0405525 0.044754 0.114797 0.00570491 0.0100279 0.00547722 1.64718e-11 0.0506286 0.0132416 0.0973292 0.00335258 
0.000498357 0.0145836 6.61948e-06 0.65355 0.000369362 0.0288231 0.00520614 0.000219818 0.0287314 0.0173102 2.02504e-06 0.00334871 0.000435329 0.00295349 0.200343 0.00524669 0.00569315 0.0152262 0.00577558 0.000554695 3.51343e-06 0.00222557 0.00419834 0.00447803 0.000216882 
3.03153e-05 0.000161427 2.61395e-05 0.948843 0.000110985 0.00890384 0.000411588 9.36048e-10 0.000261116 0.0035592 4.84533e-12 7.14627e-05 6.29988e-05 0.000173838 0.0213168 0.0038883 4.29744e-13 0.000735873 0.00284141 2.89927e-05 7.49678e-08 0.00371872 0.000676924 0.00411446 6.22618e-05 
0.00152329 0.000612249 3.08179e-06 0.311929 0.00175466 0.0789868 0.000412951 1.45485e-12 3.19523e-05 0.00449267 1.86911e-12 0.0020624 5.86013e-05 0.000381142 0.29602 0.0303141 0.00291845 3.98755e-05 0.187157 2.30298e-05 9.15912e-06 0.000855302 0.0780986 0.0019314 0.000384481 
8.45228e-05 0.00457028 7.10368e-05 0.398927 0.000538232 0.0740949 0.000495207 4.15129e-05 3.3582e-05 0.00356651 1.07257e-11 0.056007 0.0362686 0.000915787 0.115214 0.025857 0.00892757 0.0034317 0.1137 0.00270113 1.2628e-05 0.000915911 0.142791 0.010819 1.52978e-05 
2.13112e-05 0.000240645 0.00198346 0.923357 0.000229637 0.00808259 0.00328702 1.90015e-06 0.0218607 0.00125116 1.70217e-12 0.000907904 0.000694083 0.000149941 0.00867916 0.00234054 0.00172521 0.00801853 0.00647221 8.60269e-05 7.14373e-07 0.00881091 0.000396311 0.00132734 7.59828e-05 
0.00342288 0.000650308 2.67161e-05 0.545106 0.000521671 0.0617053 0.00143066 2.08208e-05 3.24096e-06 0.0227025 7.91765e-11 0.00670966 0.000264155 0.00424154 0.125628 0.15252 0.00350752 0.000532997 0.00862178 0.000501212 1.66606e-05 0.00734624 0.028654 0.0239074 0.00195783 
4.0636e-06 0.000608324 1.35292e-05 0.446025 0.000652912 0.011166 0.0434933 9.85901e-06 0.000267546 0.0376815 3.66068e-05 8.69028e-06 0.0004022 0.00580648 0.114556 0.0518337 0.00923998 0.0513379 0.0529063 0.000311943 7.88934e-06 0.148796 0.0013542 0.0232446 0.000235961 
0.00158328 0.00146625 4.86332e-05 0.61111 0.00232274 0.0567863 0.00106083 8.75645e-06 1.78786e-08 0.00990621 5.69014e-12 0.00349768 0.000338036 0.00334151 0.0532368 0.091718 0.00116403 0.000227059 0.046688 0.000235332 3.16276e-05 0.0010978 0.0475378 0.00972993 0.0568633 
5.31059e-06 0.000597936 0.000143054 0.94239 0.000213475 0.00727697 0.00305951 1.59352e-09 8.87854e-05 0.00474273 8.19553e-12 0.000549303 0.000157704 0.000120483 0.00698314 0.00234526 1.01536e-07 0.00135621 0.00421061 5.70445e-05 1.50412e-05 0.0100066 0.00266355 0.012813 0.000204418 
0.00336473 0.00281104 0.000129147 0.33522 0.00655052 0.0513971 0.0042937 0.000684226 8.31518e-05 0.150678 0.00531937 0.00306049 0.00337924 0.0241183 0.0608189 0.0302289 0.0217132 0.00828999 0.0795927 0.00249046 1.55168e-05 0.0164622 0.00576799 0.0254151 0.158117 
0.000293579 0.00067982 9.30946e-06 0.280546 0.00360483 0.128635 0.157945 1.79473e-06 0.00508369 0.0140726 5.56322e-10 0.0337253 0.000223907 0.0265143 0.0290524 0.0919446 0.0087667 0.0234717 0.0382644 7.24291e-05 3.61867e-07 0.0587802 0.0182938 0.0285314 0.0514872 
0.00342288 0.000650308 2.67161e-05 0.545106 0.000521671 0.0617053 0.00143066 2.08208e-05 3.24096e-06 0.0227025 7.91765e-11 0.00670966 0.000264155 0.00424154 0.125628 0.15252 0.00350752 0.000532997 0.00862178 0.000501212 1.66606e-05 0.00734624 0.028654 0.0239074 0.00195783 
0.00126701 0.0154662 0.00851236 0.27261 0.00431959 0.14433 0.00820257 0.0019558 0.00206689 0.0242384 3.97631e-05 0.0369781 0.00252765 0.00824954 0.239369 0.0428497 0.0382439 0.0125159 0.0481545 0.00168807 1.33859e-05 0.013021 0.0393145 0.0332159 0.000850177 
0.00969047 0.00249813 0.000564123 0.445264 0.0068675 0.0103977 0.002101 0.000478253 0.00687099 0.00499621 2.25533e-06 0.00202939 0.000557633 0.00376642 0.0229507 0.248891 0.0218142 0.0856278 0.0511656 0.00194939 0.0120217 0.0338044 0.0058444 0.0192518 0.000594539 
2.62878e-05 0.00123682 1.19441e-05 0.7247 0.000380618 0.0896048 0.000331285 1.00296e-08 9.91754e-05 0.00184125 1.45911e-08 0.00717838 0.0102504 0.000788837 0.0962865 0.00624991 0.00249595 0.0018 0.0408277 0.000705645 5.84465e-06 0.000702003 0.0117276 0.00249902 0.000249994 
0.00262135 0.00944455 0.000229795 0.407197 3.76872e-05 0.0308964 0.00690347 8.82242e-05 9.19171e-05 0.00591983 1.3407e-11 0.00343362 0.000240554 0.0401991 0.252422 0.0166763 0.0130981 0.0159151 0.0402847 0.0006677 1.08652e-06 0.0106128 0.0116593 0.131086 0.000273497 
0.00152762 0.00236944 0.000904468 0.629857 0.004854 0.0250048 0.0118102 5.00493e-06 0.00823047 0.0682785 1.13587e-10 0.00326084 0.00566223 0.00475184 0.082191 0.00943347 0.0126354 0.00709021 0.0431124 0.000308684 0.000320939 0.020405 0.00318154 0.0543096 0.000494852 
2.62878e-05 0.00123682 1.19441e-05 0.7247 0.000380618 0.0896048 0.000331285 1.00296e-08 9.91754e-05 0.00184125 1.45911e-08 0.00717838 0.0102504 0.000788837 0.0962865 0.00624991 0.00249595 0.0018 0.0408277 0.000705645 5.84465e-06 0.000702003 0.0117276 0.00249902 0.000249994 
0.00254339 0.00114793 0.00214533 0.748037 0.00376978 0.0264051 0.00566117 3.2464e-07 0.0151723 0.00469369 3.63595e-12 0.00895462 0.000860117 0.0011792 0.0864387 0.0140493 0.00213684 0.00612537 0.0290184 0.000347007 0.000405858 0.0143011 0.00584249 0.020493 0.000272421 
0.00021718 0.0219286 0.00172848 0.338911 0.00111367 0.0390731 0.00156974 5.50133e-07 0.00465736 0.00815366 5.08489e-09 0.0143815 0.0117811 0.0105115 0.310341 0.00926648 0.00275481 0.0215183 0.136178 0.00487508 3.74593e-09 0.0191238 0.0195317 0.0223361 4.68196e-05 
0.00112924 0.00512145 0.00215956 0.796341 0.000771993 0.0105393 0.010066 2.99991e-07 6.83802e-05 0.0300377 8.50797e-06 0.00122349 0.000141766 0.0133892 0.0543172 0.00166647 0.0012091 0.001646 0.0147321 0.000442872 6.53787e-06 0.0224415 0.00349997 0.028492 0.000548525 
1.74337e-05 0.0144222 0.000442071 0.66583 0.00342198 0.0988197 0.0068681 0.00273975 0.00590746 0.0149018 9.1738e-11 0.00308947 0.00380972 0.0339069 0.011488 0.00488193 0.0524895 0.00578315 0.0200273 0.000653521 3.93329e-05 0.0263573 0.00353549 0.0205112 5.64134e-05 
0.000678339 0.000823991 0.000288301 0.35597 0.000508694 0.154819 0.0711772 6.35893e-05 0.00747987 0.024373 2.91183e-08 0.00516963 0.000431411 0.0345769 0.0429967 0.0549135 0.00228503 0.0220653 0.0427898 4.71578e-05 2.10174e-08 0.0494605 0.0102576 0.113123 0.00570128 
0.000950147 0.00103028 1.14305e-05 0.705093 0.00079451 0.0233859 0.00148902 9.74388e-10 0.000462567 0.0451279 4.21866e-12 2.44531e-05 2.22853e-05 0.000548673 0.136801 0.00285651 2.48923e-08 0.00107123 0.0439906 0.000383046 2.14361e-07 0.017079 0.00101129 0.0178379 2.95985e-05 
1.23584e-05 0.00163727 3.21544e-05 0.7447 3.5818e-05 0.0401328 8.09192e-09 8.07248e-09 4.76505e-05 0.000365998 1.79734e-12 0.0156043 0.0100836 0.000139305 0.042826 0.0130302 0.00186015 0.00147641 0.0696468 0.00148164 1.04216e-05 0.000435357 0.0552794 0.00105844 0.000103596 
0.00108494 0.00239359 0.00137424 0.658925 0.00103365 0.0125567 0.00613767 1.85649e-07 0.0180738 0.00340107 1.11248e-11 0.01126 0.000588866 0.0102878 0.0503517 0.00124957 0.00473957 0.00682619 0.0197683 0.00224681 0.00315394 0.01229 0.00101923 0.0183052 0.152932 
2.46007e-05 0.00236749 0.00322138 0.903191 0.000464972 0.0137205 0.00129576 8.33733e-10 0.0110445 0.00233006 1.41038e-12 0.000435263 0.000306865 0.000201659 0.0202966 0.00397725 0.00205892 0.00581239 0.00824593 7.4034e-05 3.27396e-07 0.0137427 0.000286468 0.00678719 0.000113861 
1.25271e-08 0.0277931 0.0128886 0.647824 4.37908e-05 0.0205884 0.000616406 3.91542e-09 0.00753468 0.00288562 3.21525e-11 0.023776 0.0480079 0.000410793 0.00816077 0.00168543 0.0048977 0.0240333 0.0288262 0.00121389 0.00180984 0.0646644 0.00512224 0.0670663 0.000151056 
4.84824e-06 1.31987e-05 1.94379e-06 0.673513 0.00013776 0.00552677 6.15913e-07 5.19325e-09 5.61598e-06 0.000354055 6.67198e-09 9.80104e-06 8.88594e-05 3.49085e-05 0.251316 0.00709585 0.000753908 0.00126679 0.0496325 6.98068e-07 6.0987e-07 0.00974421 0.000141592 7.10723e-05 0.00028533 
0.00125103 0.000563767 0.000781901 0.797555 0.00248151 0.0412951 0.0108626 1.99288e-07 0.00809921 0.00881973 3.17147e-08 0.00177001 0.000397658 0.00105035 0.071886 0.00473352 0.00143981 0.0049358 0.0138665 0.000349833 1.62233e-06 0.0154214 0.00331493 0.0089973 0.000125384 
0.0339853 0.000706023 0.000227843 0.365913 0.155626 0.0426423 0.00159128 1.32134e-05 0.000262975 0.0378452 6.20214e-08 0.00687326 5.70341e-05 0.00255462 0.125242 0.01566 0.00139092 0.00513049 0.125513 0.000465078 1.94832e-06 0.0436413 0.0257872 0.00860338 0.000265658 
0.00559948 0.0315491 0.00010443 0.286435 0.00210971 0.163938 0.00219256 0.00271512 0.000594321 0.0286787 0.000357088 0.000641341 0.00090014 0.00902216 0.128031 0.0182626 0.137929 0.00498661 0.0923171 0.0021236 0.000563251 0.0343119 0.0145839 0.0180803 0.0139738 
5.31059e-06 0.000597936 0.000143054 0.94239 0.000213475 0.00727697 0.00305951 1.59352e-09 8.87854e-05 0.00474273 8.19553e-12 0.000549303 0.000157704 0.000120483 0.00698314 0.00234526 1.01536e-07 0.00135621 0.00421061 5.70445e-05 1.50412e-05 0.0100066 0.00266355 0.012813 0.000204418 
0.00372591 0.00617657 3.91831e-05 0.26871 0.000193589 0.0864438 0.0549881 8.06368e-05 4.46926e-05 0.00531015 1.87197e-07 0.00708008 0.0088004 0.0478365 0.160896 0.0284897 0.043455 0.00734965 0.0823587 0.0109832 3.06859e-06 0.0928459 0.0158202 0.0336775 0.0346917 
0.00218015 0.00101315 0.000804728 0.727957 0.00368672 0.0249783 0.00190881 8.5408e-07 0.00502878 0.00384843 2.06049e-12 0.014262 0.000489629 0.00123253 0.123988 0.0136243 0.00216863 0.00266113 0.0349275 0.00039292 0.000326187 0.00673017 0.0138151 0.0136086 0.000366041 
0.000146302 9.14938e-05 4.47446e-05 0.573404 0.000259374 0.0688334 0.0114415 0.000155753 3.49736e-05 0.00888062 5.90423e-08 0.0266061 0.000128098 0.000303275 0.0231477 0.230002 0.0146166 0.00125323 0.0254111 0.000660855 1.01233e-05 0.00372138 0.00601528 0.00203513 0.00279697 
0.00379261 0.00114533 2.1424e-05 0.615381 0.00363167 0.036338 0.000190874 9.17393e-08 2.81901e-05 0.00317377 9.22306e-13 0.0111112 0.000323441 0.00168123 0.197781 0.0236607 0.00284683 0.000140191 0.0481219 0.000476815 1.45581e-05 0.00167885 0.04194 0.0060455 0.00047408 
0.00051634 0.000449875 1.75719e-05 0.674548 0.000961012 0.02904 2.07328e-09 6.50634e-09 9.95151e-06 0.000270317 1.21663e-12 0.0233423 0.000174955 7.87735e-05 0.115958 0.0121316 0.00162749 2.74506e-05 0.0871417 0.000209487 1.6023e-05 0.000795197 0.0517326 0.000791236 0.000159688 
0.000757881 0.00109981 1.59076e-05 0.25436 0.000574653 0.212544 0.00848512 0.00264789 0.000293103 0.0639677 6.03856e-08 0.000404595 0.00302652 0.0137765 0.198777 0.0206443 0.0246178 0.0127602 0.0781426 0.000824759 2.21494e-05 0.034335 0.00307713 0.0618063 0.00303928 
0.00342288 0.000650308 2.67161e-05 0.545106 0.000521671 0.0617053 0.00143066 2.08208e-05 3.24096e-06 0.0227025 7.91765e-11 0.00670966 0.000264155 0.00424154 0.125628 0.15252 0.00350752 0.000532997 0.00862178 0.000501212 1.66606e-05 0.00734624 0.028654 0.0239074 0.00195783 
1.82094e-05 0.000185671 6.11156e-05 0.937499 0.000445138 0.00924655 0.000467974 3.20331e-10 0.000471456 0.00561329 3.05151e-13 4.0059e-05 5.21415e-05 0.00063675 0.0253389 0.00289225 4.77451e-09 0.00289648 0.00337474 0.000106053 1.75147e-07 0.00507359 0.00010199 0.005337 0.000141482 
0.00298398 0.0016865 0.00242157 0.204038 0.032159 0.092749 0.00591707 0.000434714 0.0150508 0.0122175 2.32448e-05 0.0162411 0.00305953 0.01477 0.199739 0.12132 0.0747798 0.010253 0.125496 0.00490329 0.00104279 0.0226512 0.00296944 0.0266804 0.00641253 
6.28474e-05 0.00071354 0.00023967 0.233704 0.00192402 0.0342965 0.0772937 6.98088e-06 0.0103338 0.0462741 2.38594e-11 0.000291747 0.00491541 0.00201955 0.00985835 0.00149548 0.133657 0.195548 0.00868343 0.000642777 4.25037e-09 0.215153 0.000220317 0.0225182 0.000147246 
0.000681987 0.00114534 9.75025e-05 0.819352 0.00228565 0.0112201 0.00034913 2.45115e-10 0.000478074 0.00626949 5.00434e-13 0.00194343 0.000115765 0.00172281 0.12164 0.00558099 0.000883385 0.00171492 0.00538849 0.000373901 8.28315e-07 0.00344335 0.00128404 0.0134861 0.000543399 
0.000197162 0.00147491 0.000118413 0.922918 0.000539635 0.00183234 0.00170397 1.25569e-09 0.00215782 0.00110481 1.57318e-11 0.0111613 0.000407006 0.00104158 0.000105776 0.000640917 0.00115109 0.0305821 0.00410151 0.000223973 3.05692e-05 0.00873759 6.26674e-05 0.00967502 3.20447e-05 
0.000108044 0.00368029 0.00180042 0.27992 0.000294416 0.0999877 0.0394265 0.00108213 0.134958 0.0111348 1.27418e-10 0.00832639 0.0141741 0.00164743 0.0283174 0.0109852 0.0243846 0.122903 0.0253618 0.00108191 0.000131838 0.180551 0.00587291 0.00330917 0.00055983 
0.000278943 3.71321e-05 3.2191e-05 0.454211 0.000100111 0.00355255 0.000638649 3.79328e-07 6.4618e-05 0.00326949 2.25725e-09 2.40409e-05 1.47856e-05 0.000207327 0.452716 0.00174643 2.00201e-10 0.000438588 0.00351153 0.000146297 3.25822e-07 0.076329 8.03664e-05 0.00248446 0.000116201 
2.62878e-05 0.00123682 1.19441e-05 0.7247 0.000380618 0.0896048 0.000331285 1.00296e-08 9.91754e-05 0.00184125 1.45911e-08 0.00717838 0.0102504 0.000788837 0.0962865 0.00624991 0.00249595 0.0018 0.0408277 0.000705645 5.84465e-06 0.000702003 0.0117276 0.00249902 0.000249994 
0.000681987 0.00114534 9.75025e-05 0.819352 0.00228565 0.0112201 0.00034913 2.45115e-10 0.000478074 0.00626949 5.00434e-13 0.00194343 0.000115765 0.00172281 0.12164 0.00558099 0.000883385 0.00171492 0.00538849 0.000373901 8.28315e-07 0.00344335 0.00128404 0.0134861 0.000543399 
0.00657396 0.0108882 3.82833e-05 0.535063 0.000390384 0.0510789 0.0105808 0.0138957 0.000493742 0.0265846 8.91038e-11 8.33935e-05 7.33444e-05 0.0244304 0.177775 0.0219036 0.0249133 0.00560815 0.0085501 0.0032212 4.44884e-07 0.0239863 0.000372069 0.0533377 0.000157685 
0.00390192 0.0126754 1.84153e-07 0.834077 1.07198e-08 0.00577902 0.00019794 3.51938e-06 0.00082891 0.011031 9.90296e-11 8.60761e-09 5.30169e-08 0.001364 0.100393 0.0143865 0.00313817 0.00307846 2.11552e-07 0.000333637 8.00898e-09 0.00345316 0.000143593 0.00521375 3.81645e-08 
0.000814347 0.00112955 0.0013593 0.713876 0.00243239 0.0278222 0.0089152 2.07018e-07 0.0364591 0.0116037 7.20619e-11 0.00281507 0.00671237 0.00172499 0.0533696 0.0106283 0.00337253 0.0292517 0.0166175 0.000666318 7.35442e-07 0.0591466 0.00202885 0.00910287 0.000150924 
0.00107375 0.00170536 5.66235e-06 0.572966 0.000213022 0.0166188 0.00324828 1.99634e-09 0.00123842 0.0195664 2.37811e-11 0.000474852 3.57369e-05 0.00368729 0.0605782 0.000649395 0.00100452 0.00139868 0.0214532 0.00351483 2.52071e-06 0.00491935 0.000527993 0.0186842 0.266434 
0.00773374 0.00256986 0.00250941 0.536328 0.018552 0.0817305 0.014772 7.86749e-09 0.000394736 0.0501957 2.58117e-09 0.00708224 0.00054288 0.0310767 0.0576808 0.00855915 0.0124095 0.00246907 0.050192 0.0653281 1.92211e-06 0.0156646 0.00484555 0.027324 0.00203705 
0.000364088 0.000705226 0.000582006 0.892503 0.00167924 0.00883844 0.00117804 1.47642e-06 0.00806853 0.00304094 2.33661e-12 0.00374637 0.000246 0.000668443 0.0455199 0.00293471 0.00109231 0.00230664 0.0120144 0.000295364 6.65133e-07 0.00544494 0.00141168 0.00725096 0.000106119 
0.000551363 0.0112076 2.06151e-05 0.431451 0.0013894 0.10946 0.00611919 1.18216e-05 0.000139259 0.0156223 1.99144e-08 0.00676362 0.000107892 0.00857076 0.303378 0.0170383 0.0316754 0.00634986 0.00631786 0.000855856 4.26e-06 0.00220532 0.00703127 0.0324228 0.00130603 
5.31059e-06 0.000597936 0.000143054 0.94239 0.000213475 0.00727697 0.00305951 1.59352e-09 8.87854e-05 0.00474273 8.19553e-12 0.000549303 0.000157704 0.000120483 0.00698314 0.00234526 1.01536e-07 0.00135621 0.00421061 5.70445e-05 1.50412e-05 0.0100066 0.00266355 0.012813 0.000204418 
0.000878155 0.107394 0.00183725 0.479952 0.00178 0.0393749 0.00307511 3.38932e-07 0.000300378 0.0126123 1.55922e-11 0.00551514 0.000134321 0.0319795 0.135229 0.0108904 0.00106035 0.00537766 0.0122636 0.0109217 5.00266e-07 0.0100072 0.00686508 0.122227 0.000322736 
0.000227218 0.000723273 7.54956e-06 0.912326 0.000311944 0.0149869 0.0021497 2.48663e-07 0.000160659 0.0026254 7.75697e-12 0.000127712 2.2501e-05 0.00130701 0.0106264 0.0113163 0.0244422 0.00819703 0.00122027 0.000135491 1.82535e-06 0.00185806 0.000778754 0.00404203 0.00240544 
0.00108494 0.00239359 0.00137424 0.658925 0.00103365 0.0125567 0.00613767 1.85649e-07 0.0180738 0.00340107 1.11248e-11 0.01126 0.000588866 0.0102878 0.0503517 0.00124957 0.00473957 0.00682619 0.0197683 0.00224681 0.00315394 0.01229 0.00101923 0.0183052 0.152932 
0.000228395 0.00629129 1.22951e-07 0.651144 0.00400671 0.0265578 0.0246881 3.16628e-06 0.000352559 0.0105323 9.36283e-10 0.00111079 1.78853e-07 0.010191 0.0644516 0.00959406 0.0697249 0.0150804 0.029682 0.000718627 3.02617e-06 0.00741874 0.00245995 0.0657551 4.74663e-06 
0.00342288 0.000650308 2.67161e-05 0.545106 0.000521671 0.0617053 0.00143066 2.08208e-05 3.24096e-06 0.0227025 7.91765e-11 0.00670966 0.000264155 0.00424154 0.125628 0.15252 0.00350752 0.000532997 0.00862178 0.000501212 1.66606e-05 0.00734624 0.028654 0.0239074 0.00195783 
0.000476788 0.0173815 0.000515953 0.540132 0.000258947 0.0631538 0.00441055 2.68588e-05 0.00197455 0.00669149 4.74596e-10 0.00981423 0.00591331 0.0338335 0.0243432 0.0210632 0.0207217 0.0281543 0.0155729 0.000736174 9.64668e-06 0.0665382 0.0364862 0.101608 0.00018265 
0.00259288 0.000830077 0.00088253 0.560307 0.000919141 0.0639394 0.0073559 0.000391616 0.061747 0.00823238 7.47675e-11 0.00120105 0.000843551 0.00381577 0.0470136 0.00570279 0.00546722 0.166292 0.014113 0.000588845 2.44261e-05 0.0297136 0.00417732 0.013723 0.000125276 
0.000681987 0.00114534 9.75025e-05 0.819352 0.00228565 0.0112201 0.00034913 2.45115e-10 0.000478074 0.00626949 5.00434e-13 0.00194343 0.000115765 0.00172281 0.12164 0.00558099 0.000883385 0.00171492 0.00538849 0.000373901 8.28315e-07 0.00344335 0.00128404 0.0134861 0.000543399 
0.00230021 0.00101739 0.000621372 0.297112 0.0174339 0.16784 0.044758 1.06295e-07 0.000260638 0.0556821 0.000836939 0.00106289 0.000585874 0.04352 0.0904384 0.0485673 0.0611784 0.0153245 0.0392403 0.00601878 1.84331e-06 0.0828909 0.00318484 0.00714912 0.0129745 
0.0144626 0.0913634 0.000596674 0.247272 0.00636248 0.164334 0.0112854 1.53173e-05 0.00339239 0.0397238 8.97063e-06 0.0226391 0.0157146 0.0178086 0.0660168 0.0149835 0.0287186 0.00568559 0.0517397 0.00380957 0.000140193 0.0258613 0.0350235 0.0954485 0.0375935 
6.28474e-05 0.00071354 0.00023967 0.233704 0.00192402 0.0342965 0.0772937 6.98088e-06 0.0103338 0.0462741 2.38594e-11 0.000291747 0.00491541 0.00201955 0.00985835 0.00149548 0.133657 0.195548 0.00868343 0.000642777 4.25037e-09 0.215153 0.000220317 0.0225182 0.000147246 
0.000932747 0.00273188 0.0028602 0.710507 0.00156681 0.0197527 0.00250705 1.22506e-09 0.00139625 0.012838 3.69098e-09 0.015542 0.00084221 0.00275413 0.0528581 0.0140313 0.00746224 0.0340782 0.0410717 9.2855e-05 5.16413e-05 0.0282283 0.0321428 0.015708 4.43419e-05 
