0.000835919 0.068438 4.31993e-05 0.00179554 0.0440255 0.257959 0.0150294 2.84812e-06 9.47098e-08 0.00875284 0.000109214 0.00398153 1.92226e-05 0.029888 0.0760132 0.0212559 0.232248 0.154494 0.00821406 0.000721391 7.59969e-08 0.0052537 0.000126405 0.0665045 0.00428837 
0.000577763 0.000756229 0.00303196 0.00402944 0.0133106 0.397201 0.0784017 6.96866e-05 0.00104093 0.115209 4.19565e-09 0.00279382 0.00321473 0.0139058 0.0483866 0.0636416 0.00690379 0.0783459 0.0299156 0.00404995 3.68183e-08 0.100339 0.0228234 0.0114047 0.000647388 
4.82211e-05 0.00545324 5.41695e-07 0.00182584 0.0179013 0.472847 0.0587123 0.00302904 8.03719e-05 0.00920551 3.62785e-11 0.000258131 1.71124e-05 0.0123784 0.0169718 0.015541 0.321363 0.0141712 0.0238285 0.000178205 0.000880797 0.00649635 0.00457945 0.0141502 8.28807e-05 
6.3371e-08 0.000382455 8.84274e-05 0.126505 0.000991482 0.372725 0.19681 3.8677e-09 0.0140436 0.0313834 1.27721e-10 0.000816856 0.000293145 0.00115925 0.0223931 0.0126933 0.000794231 0.024202 0.0136131 0.00329363 1.5634e-06 0.135945 0.018546 0.0231716 0.00014694 
3.27321e-05 0.000723146 7.46172e-07 0.000235986 0.000182483 0.787465 0.024911 2.94819e-12 1.52013e-07 0.046914 3.78766e-12 0.000538033 1.47402e-05 0.010232 0.0471953 0.0153173 0.00066808 0.0307453 0.00106795 0.000774005 5.21606e-10 0.0180174 0.00271633 0.0122478 5.35407e-07 
0.00394325 0.01125 0.00198798 0.00778443 0.0415543 0.46917 0.0760988 0.00387113 0.000846209 0.0565431 5.33871e-07 0.00768401 0.00195004 0.00586823 0.0558794 0.0450466 0.0188316 0.0102739 0.0901392 0.00400157 6.83289e-05 0.0280141 0.0484439 0.0104487 0.000300279 
0.00346155 0.00248035 0.0019406 0.0651118 0.0126866 0.245026 0.0256403 3.32592e-05 0.0048807 0.0530724 6.75197e-10 0.00200133 0.000583798 0.0294012 0.206263 0.147791 0.0247124 0.00742429 0.023991 0.000250753 2.4254e-05 0.0547028 0.0571227 0.0306812 0.000716927 
0.00570532 0.0117656 0.000450266 0.0545641 0.0140809 0.338356 0.0921911 0.000533042 0.00292811 0.0590181 0.000301033 0.0295653 0.00403887 0.0221574 0.112725 0.0311526 0.0147459 0.00586494 0.070842 0.00517309 1.00807e-05 0.0265106 0.0604004 0.0333765 0.00354336 
1.59917e-05 0.00219271 7.78929e-06 0.00271189 0.000279248 0.66414 0.034768 2.31287e-06 1.41522e-05 0.0113823 5.2028e-07 0.00323113 0.000126186 0.0106818 0.128834 0.0723711 0.0269127 0.00644403 0.00157146 0.0125277 3.47563e-06 0.00148099 0.00019118 0.0200652 4.47552e-05 
0.0042873 0.00242874 0.000108283 0.00315258 0.00180516 0.595707 0.00511244 0.000103034 0.0105819 0.0787873 4.05708e-06 0.0022343 6.62112e-05 0.0197064 0.111982 0.0466107 0.0542741 0.000626783 0.00548557 0.0093819 0.000466253 0.0102 0.0214605 0.0151375 0.000289675 
0.00491943 0.00140236 0.00333387 0.035876 0.00114367 0.292496 0.212889 1.62387e-06 0.00338373 0.0216272 1.72984e-07 0.00967373 0.0227234 0.00589991 0.0457323 0.0787729 0.0276668 0.0280299 0.0419368 0.0201665 5.70117e-06 0.0196503 0.0958172 0.0263452 0.000505629 
0.00144041 0.00959163 0.000186404 0.00799373 0.000524193 0.509746 0.0306223 0.00229225 0.00293095 0.0257687 3.86918e-06 0.0378246 0.000830585 0.0234194 0.112632 0.0856181 0.027445 0.0129272 0.00473588 0.00740597 3.12948e-05 0.0131216 0.0167411 0.0656444 0.000522141 
7.28944e-05 0.00165839 4.8226e-06 0.000985308 0.0571036 0.612953 0.00175016 1.40109e-06 0.000142623 0.00937125 1.27402e-07 0.00739098 2.57172e-05 0.0252726 0.0533476 0.0649277 0.111264 0.00398818 0.00386039 0.000557521 2.42148e-06 0.00576259 0.000168486 0.0393756 1.25678e-05 
0.00761877 0.0004032 7.15071e-06 0.00513976 0.00749252 0.362706 0.200978 6.05651e-07 1.61198e-06 0.0885608 5.1033e-12 0.000168132 0.000983425 0.001641 0.02284 0.0121158 0.00774472 0.000566485 0.244423 0.000150318 0.000172706 0.00650968 0.0288746 0.000681966 0.000219356 
0.00056916 0.000694623 1.40043e-05 0.00861929 0.000975431 0.585514 0.0304678 1.86344e-06 0.00113732 0.00968291 2.54017e-08 0.00045987 4.5749e-05 0.00400119 0.190125 0.0788481 0.024632 0.000605783 0.0107853 0.000962465 6.67637e-07 0.0409315 0.00618683 0.00395117 0.000788196 
0.0024821 0.0141406 3.30774e-06 0.0168481 0.00970386 0.335563 0.00713369 4.40249e-06 2.32052e-05 0.0188379 0.00627075 0.114766 0.000807167 0.0130382 0.151228 0.174589 0.0170443 0.00153214 0.0246549 0.00661968 4.54937e-05 0.00433589 0.00576972 0.0744064 0.000152792 
0.00449535 0.00343981 7.72849e-05 0.0862741 0.00655266 0.341899 0.250439 6.07213e-06 0.000344606 0.0343235 1.49189e-05 0.00175076 0.00101556 0.0137581 0.0766284 0.0104362 0.0640532 0.0228376 0.00846547 0.00987873 2.86627e-05 0.021181 0.0200192 0.0208168 0.00126459 
0.000460017 0.00116329 0.000494376 0.0492306 0.0053451 0.440915 0.0434765 5.65413e-07 0.00530527 0.0729079 7.24568e-12 0.00565515 0.000510052 0.00556707 0.152748 0.014014 0.0186634 0.0162057 0.121812 0.00399847 3.87133e-06 0.0191011 0.0036626 0.0184278 0.000332479 
6.4577e-05 0.00694405 5.24604e-05 0.000233742 0.000489928 0.622962 0.00611452 1.38799e-09 9.63681e-06 0.0461348 4.04254e-09 0.052871 0.00014043 0.0159403 0.0674435 0.0702606 0.00800238 0.00401452 0.00172683 0.00222747 2.36964e-05 0.00889974 0.00878063 0.0749211 0.00174181 
0.000361023 0.00134006 2.16731e-05 0.00217203 0.00385283 0.558004 0.146257 0.00275475 0.000126127 0.00753053 6.59742e-12 0.00302897 0.00298636 0.00546785 0.0138504 0.0117881 0.174839 0.00419705 0.0230361 0.00462984 0.00223567 0.0202664 0.0021479 0.00830701 0.000799346 
0.0234853 0.00165137 0.000158852 0.0961047 0.00118361 0.278648 0.00200762 1.6316e-08 3.09836e-05 0.071662 9.88502e-12 0.00932706 0.000417986 0.0333895 0.207946 0.0528219 0.0420997 0.0119546 0.0137662 0.0835185 6.37347e-09 0.0365325 0.00765694 0.0248092 0.000828114 
0.00271741 0.00453783 0.000363123 0.0242042 0.140666 0.30008 0.0130063 0.000470391 0.00189256 0.0506523 0.000355427 0.00904328 0.000238681 0.0393218 0.124438 0.0378867 0.0508651 0.0169435 0.0728278 0.00197077 0.000897515 0.0259026 0.0348655 0.0456022 0.000250456 
0.00458085 0.00341796 0.000155936 0.0589264 0.00926261 0.381006 0.0103269 3.16209e-06 9.71923e-05 0.024768 6.40902e-07 0.0274673 0.000160028 0.00648612 0.102317 0.0796443 0.0450412 0.00536526 0.0363455 0.0128593 0.000174608 0.0855141 0.0549823 0.0504863 0.000610655 
0.00072903 0.0373181 0.000815153 0.00171594 0.000379289 0.479669 0.0221904 0.000373423 8.8734e-05 0.0182038 0.00047874 0.0235595 0.00029692 0.0687566 0.0889591 0.0160424 0.0984643 0.0294857 0.00260133 0.00232369 0.000332022 0.0345449 0.00236132 0.0682689 0.00204159 
0.000700022 0.00839525 6.91883e-07 0.000206103 0.0101312 0.272208 0.0173667 1.0644e-09 5.88753e-08 0.0570788 3.27824e-06 0.00759904 0.000763009 0.148333 0.167045 0.0643993 0.119847 0.0026073 0.0257998 0.0104835 0.00196203 0.00758489 0.0023785 0.0747038 0.000403602 
6.59444e-06 0.00501026 1.67417e-09 0.0050716 0.000756872 0.844358 1.53886e-10 1.97258e-08 2.41319e-05 0.000857863 7.99692e-12 0.000106862 7.2358e-06 0.0129266 0.0931731 5.41253e-05 0.0232961 0.000684017 0.00699428 3.10331e-05 6.068e-06 0.000148296 0.000449272 0.00529462 0.000743046 
9.51193e-05 0.00731972 1.06198e-05 0.0162221 0.000211927 0.432349 0.0195204 0.177569 0.000396813 0.00647323 4.10284e-11 0.0129836 0.000638724 0.00686848 0.0328654 0.0232489 0.128303 0.0224156 0.00276777 0.000229721 0.0010851 0.0430496 0.00134233 0.0230583 0.0409756 
8.35269e-09 0.000265804 2.16578e-05 0.00480883 0.00163805 0.586237 0.149488 3.5125e-09 4.40214e-05 0.0100696 1.29877e-07 0.0118531 0.000726359 0.00884627 0.0398857 0.020573 0.040742 0.00661046 0.0083246 0.0956477 5.66687e-06 0.00561345 0.00124608 0.00712207 0.00023036 
0.00349483 0.0102802 1.35066e-05 0.0087436 0.00303585 0.379304 0.00519764 0.000723225 2.68504e-05 0.0176525 1.15201e-11 0.00465961 0.00607501 0.00954561 0.0346494 0.0464964 0.0995303 0.00251838 0.0513705 0.00367899 0.000857435 0.00673224 0.276522 0.0284734 0.000419197 
0.000697954 5.68429e-05 0.000247224 0.00228296 1.77745e-05 0.460131 0.332462 2.47506e-07 1.6182e-05 0.0274554 1.74985e-11 8.84315e-05 3.95898e-06 0.00652185 0.0410362 0.0900757 0.000306637 0.00108991 0.00851378 0.000745345 5.27279e-08 0.0229781 0.00339248 0.00179127 8.84729e-05 
2.77285e-05 0.00863373 0.000128989 0.000646438 9.72506e-05 0.756813 0.00551545 0.00026698 6.76182e-05 0.0178756 2.32921e-12 0.00094736 0.000924759 0.0172421 0.0778982 0.0328921 0.0557937 0.00300175 0.000583492 0.000561184 5.53103e-05 0.00187612 0.0128378 0.00496012 0.000353453 
0.00363975 0.00430968 0.0143149 0.01407 0.000301517 0.341651 0.12535 0.000341819 0.00593504 0.0464142 1.1131e-06 0.0140851 0.00105268 0.0169358 0.0418302 0.0110176 0.03918 0.0165792 0.02914 0.0651418 6.77404e-07 0.112484 0.0241919 0.0714908 0.000541497 
4.21074e-05 0.00312829 0.000256566 0.00338473 0.000300795 0.710727 0.0134473 2.88336e-07 4.80306e-05 0.0123556 3.85197e-13 0.0171785 0.000611195 0.0168715 0.0843657 0.0380561 0.0107974 0.000635164 0.00239776 0.000619981 2.93731e-05 0.00430361 0.0681491 0.0115159 0.000777856 
0.000154847 0.00756286 3.00651e-05 0.00376222 0.00762263 0.448594 0.0046918 0.000608549 4.40106e-05 0.0241336 1.22276e-10 0.000159824 0.000769279 0.0260343 0.0924422 0.0804613 0.168287 0.000315854 0.0644204 0.000335504 2.0333e-08 0.0162471 0.0184275 0.0164004 0.0184949 
0.00072372 0.00687738 0.000140965 0.00168464 0.000585083 0.582747 0.143042 0.00166048 0.00145562 0.0253102 8.69444e-05 0.0168689 0.000558178 0.00950653 0.0703432 0.0596469 0.0117486 0.00188247 0.00427856 0.00161101 9.49704e-05 0.0163778 0.00255873 0.0400584 0.000151732 
0.000223683 0.0439377 7.22986e-06 0.00253825 0.00325773 0.414231 0.0268552 0.00180252 0.000156348 0.0206247 2.22716e-07 0.056082 0.000117994 0.0257584 0.0936694 0.0540345 0.179364 0.00665228 0.00569997 0.00974597 0.000322812 0.0102403 0.00269179 0.0382117 0.00377459 
2.15524e-05 0.00301155 1.17533e-07 0.00524951 0.00191481 0.338909 0.00476482 0.00183053 0.00020187 0.00315994 5.65102e-11 0.00515911 0.000196392 0.0106455 0.0395412 0.0100765 0.336621 0.0405646 0.0388071 0.000103725 6.55974e-07 0.00700503 0.120731 0.0314762 8.48836e-06 
4.2303e-07 0.000931375 0.00536738 4.23197e-07 0.00973235 0.474731 4.23179e-07 4.2267e-07 4.2321e-07 0.0326344 4.2248e-07 4.23237e-07 4.22741e-07 0.0288221 0.0557895 0.0347057 0.0866418 0.168094 4.23242e-07 0.0246247 4.22719e-07 0.00283596 4.23164e-07 0.0675145 0.00757109 
3.30285e-05 0.000719511 1.84825e-06 0.0142709 0.000497315 0.447215 0.00357842 2.76724e-07 1.30686e-07 0.0875143 2.96519e-10 0.00112309 1.77152e-05 0.0355862 0.176418 0.173003 0.00568818 0.0030504 0.0118879 9.57278e-07 5.97909e-08 0.00760706 0.0132452 0.0185404 1.43722e-06 
6.92491e-05 0.010334 8.52536e-07 0.000388142 0.000555932 0.634404 0.0242763 2.11074e-06 1.38001e-06 0.00985965 5.98423e-08 0.0395407 0.000543635 0.00844917 0.0649313 0.134153 0.00606282 0.00128098 0.000844316 0.000595149 3.5148e-05 0.00128019 0.000245523 0.0621083 3.82899e-05 
0.000873144 0.111739 4.48172e-05 8.00327e-06 2.15352e-07 0.306882 1.1608e-06 5.37941e-11 2.69025e-05 0.0174363 6.91115e-11 0.00274742 0.00192825 0.154684 0.0663628 0.00352027 0.225546 0.000122338 0.0147115 0.000614454 5.41219e-08 0.00703084 0.000600982 0.0849379 0.000181519 
8.86325e-05 0.0577201 0.00102172 0.233987 0.00112674 0.253379 0.010802 4.20355e-07 0.00492302 0.00643035 5.71096e-11 0.00378841 0.000951388 0.00177479 0.080177 0.0321262 0.155003 0.0156342 0.0940567 0.00645093 0.000117083 0.0171529 0.00515954 0.0177442 0.000384739 
0.0011911 0.0156714 4.65901e-06 0.00929365 0.00569382 0.316992 0.0935186 0.000874702 0.000138232 0.0149799 7.42282e-06 0.0322457 0.00305341 0.0105884 0.0319172 0.0385844 0.294468 0.00714777 0.015066 0.018494 0.00227826 0.0104181 0.00642372 0.0700268 0.000923333 
6.05564e-05 0.0250627 0.00045185 0.0010293 0.00054674 0.571036 0.0224975 1.22732e-06 1.206e-05 0.0157646 5.03892e-08 0.0434048 0.000516626 0.018719 0.150172 0.0466737 0.0138732 0.00558727 0.00279453 0.0134836 1.99327e-06 0.00244322 0.0398787 0.025685 0.000303547 
0.00178873 0.00472382 0.0100378 0.0390277 0.00605242 0.287094 0.0619405 4.15368e-05 0.00366663 0.0329237 8.12154e-05 0.0116726 0.00195046 0.00501663 0.115766 0.0369538 0.0118585 0.00442393 0.1574 0.00152346 5.69226e-05 0.0443593 0.0944446 0.0234766 0.0437198 
0.00661871 0.000799124 0.000284426 0.000603188 0.00265214 0.571971 0.000793968 1.18873e-06 0.000141841 0.048312 4.46962e-11 0.000275453 0.000166136 0.132443 0.0670905 0.0473472 0.0128611 0.006313 0.00671449 0.000100867 3.26633e-05 0.00866759 0.0717844 0.0137933 0.00023215 
0.000377221 0.00213746 2.93343e-06 0.0148753 0.00093357 0.455949 0.010295 1.03775e-05 1.4477e-05 0.0481067 2.34146e-07 0.0224489 0.00156965 0.0062192 0.20434 0.121727 0.031669 0.00302089 0.00221858 0.00581482 6.37796e-05 0.0146325 0.00393913 0.0488063 0.000828159 
0.00672664 0.00463028 0.000114592 0.0241201 0.00900372 0.33404 0.128854 0.00113832 0.00192522 0.0623667 6.85341e-05 0.021193 0.000124508 0.0358072 0.106667 0.061938 0.0449392 0.004447 0.0459562 0.00354653 2.38657e-05 0.0304198 0.0306209 0.0359553 0.00537296 
0.00561886 0.00126195 0.00217962 0.164595 0.0084098 0.201282 0.135899 0.00599413 0.00647467 0.0185494 1.51991e-09 0.00365669 0.001365 0.00289555 0.0556702 0.023646 0.0472078 0.0636488 0.0381708 0.0151905 1.54955e-05 0.135263 0.0141474 0.048325 0.000534296 
0.00739188 0.00759031 1.19783e-06 0.0357807 0.131347 0.152011 0.0706762 0.0379456 0.00211672 0.0308815 3.3162e-08 0.00710696 0.0289833 0.0102725 0.0865904 0.0231259 0.121947 0.0411411 0.0497451 0.0394667 0.00011927 0.0860566 0.00392657 0.0255644 0.000213082 
0.000320962 0.000168666 1.42115e-05 0.00128775 0.110335 0.312187 0.00365517 1.38023e-05 2.2583e-05 0.298779 0.0444356 0.00076835 0.000151729 0.00424642 0.0312243 0.0526475 0.00502928 0.0341201 0.012204 0.00071632 2.98313e-08 0.0687134 0.00870991 0.00988701 0.000361831 
0.000384833 0.00307965 0.00016948 0.0130506 0.0252244 0.238823 0.0497622 0.00042209 5.67499e-05 0.0807101 0.0041453 0.10176 0.000589186 0.0580282 0.0219426 0.00590705 0.0852734 0.00265489 0.0255141 0.205782 3.12055e-05 0.0308654 0.00192722 0.043258 0.000639206 
0.000498614 0.00164413 0.000961395 0.00822646 0.00573047 0.38792 0.267125 1.79937e-07 0.0384325 0.0562274 3.54673e-11 0.00734924 8.54073e-05 0.0172234 0.0286622 0.00703034 0.00862418 0.00947964 0.04777 0.0482611 1.86775e-05 0.0279667 0.000742905 0.0296246 0.000395386 
0.00251757 0.00954075 0.000166659 0.00317877 0.00403976 0.502301 0.0662905 7.08305e-05 0.000800074 0.100881 0.000843813 0.0061008 0.000310658 0.0186643 0.0747768 0.0463492 0.034488 0.00316099 0.0339797 0.00927542 0.00137952 0.0544085 0.00405294 0.0219329 0.000489275 
0.0186245 0.00319446 0.000341906 0.00784317 0.00241454 0.314715 0.177514 4.25792e-05 5.28964e-05 0.0103588 5.36278e-05 0.00827425 0.000431941 0.0390737 0.12671 0.0272845 0.0153634 0.00162447 0.0481501 0.0204152 1.81623e-05 0.0142903 0.0144679 0.148599 0.000142497 
0.000374342 0.00252599 3.76208e-05 0.024874 0.0115615 0.486363 0.0147612 2.18345e-07 0.000311485 0.0181232 1.49241e-09 0.00131764 0.000405234 0.00544659 0.0947294 0.0282297 0.0359091 0.0395035 0.159195 0.000104117 3.1736e-07 0.0217876 0.00667742 0.0266227 0.0211394 
4.5331e-05 0.000598997 0.000182118 0.00801038 0.00183519 0.560484 0.0201432 0.000184852 0.0103571 0.0414655 2.88586e-08 0.000836116 0.000141269 0.0106558 0.0946907 0.0426989 0.0401993 0.000855369 0.0154838 0.000809615 0.000107974 0.00815242 0.129265 0.0114029 0.00139462 
0.00086717 2.51819e-05 2.428e-07 0.000763532 0.000299958 0.613475 0.012707 7.41293e-07 1.34484e-07 0.00379954 6.45511e-08 4.8099e-06 2.0648e-07 0.000328531 0.180727 0.147324 0.00603355 7.96783e-07 0.0123081 5.56504e-05 2.50489e-07 0.0156398 0.00537449 6.40143e-05 0.000199623 
0.000354992 3.14223e-05 1.41012e-06 0.00168728 1.44105e-05 0.451086 0.33305 0.00103261 6.25959e-05 0.0787264 2.24586e-11 6.50239e-05 0.000149619 0.00787712 0.0217786 0.00320083 0.0408646 0.000112687 0.001293 6.51241e-05 2.76774e-05 0.0559826 0.000398863 0.00176144 0.000375066 
0.00518299 0.000313608 0.000233206 0.00217996 0.000759196 0.395481 0.264362 1.27928e-05 0.0827459 0.0191539 2.92422e-05 0.000210612 5.16938e-05 0.006862 0.0898277 0.0144407 0.0350013 0.000778375 0.0217222 0.00862436 0.000190327 0.0155905 0.0323728 0.00372669 0.000147069 
1.87241e-05 0.00644223 0.00093735 0.100913 0.00178613 0.268239 0.00958126 0.00264059 0.0119956 0.00431248 5.54799e-11 0.00299966 0.00518313 0.0160995 0.136944 0.00895874 0.219965 0.028567 0.0174684 0.00630129 0.00313011 0.101831 0.00618388 0.0366083 0.0028927 
0.00115245 0.0096057 0.000526254 0.0129115 0.00501071 0.553305 0.0213222 0.000878249 0.00141788 0.0329334 4.09893e-06 0.0174164 0.00183865 0.00900223 0.120051 0.104733 0.0141051 0.00325723 0.0310484 0.00293328 3.17019e-05 0.00827049 0.0316318 0.0158082 0.000805485 
0.00961692 0.000196185 2.90664e-07 0.0895138 0.00694611 0.356466 0.0142414 2.01888e-06 0.000427714 0.0764358 0.00512277 0.000670971 1.5102e-05 0.000946019 0.0343677 0.14533 0.000281214 0.00239172 0.0702483 0.000192543 5.77566e-07 0.0521979 0.0107656 0.0151428 0.108481 
0.0226992 0.000821613 4.1417e-07 6.22073e-05 0.00395457 0.441313 0.0108754 2.22288e-06 7.13981e-05 0.378563 2.38255e-08 2.86185e-05 5.4957e-07 0.0051031 0.00144165 0.000477145 0.0311333 0.000384687 0.0161394 8.61844e-05 2.44055e-07 0.0221169 0.000104956 0.0646081 1.14588e-05 
1.90493e-05 0.00459796 6.85755e-05 0.029433 0.00939907 0.289653 0.016605 9.6445e-05 0.00385553 0.0230694 8.71708e-11 0.00591465 0.0012841 0.0610251 0.0506197 0.00735591 0.211093 0.0363534 0.0812308 0.000252447 9.35125e-06 0.0629038 0.0303691 0.0746931 9.88406e-05 
1.90304e-05 0.00319551 0.000731441 0.00215853 0.000368271 0.545266 0.017497 0.00024507 3.8583e-05 0.00636235 2.25599e-05 0.0193918 0.000599363 0.0239873 0.0487607 0.0287034 0.0575579 0.00444456 0.00326474 0.0381724 3.81124e-05 0.00910227 0.055007 0.13482 0.000246452 
0.00565522 0.00386541 0.000373538 0.183626 0.00508333 0.282674 0.00831935 0.000267166 2.30849e-05 0.0417356 4.95278e-07 0.0205439 0.000660695 0.00916196 0.123986 0.106531 0.0117804 0.0176999 0.0327278 0.000909446 4.02821e-05 0.0189978 0.0904307 0.0318645 0.00304321 
0.000189049 0.0204659 1.89115e-06 0.000885427 0.000381323 0.566673 0.000590355 0.000137608 0.000124707 0.00494424 5.56831e-09 0.0446305 0.000434285 0.00894566 0.15717 0.0496208 0.0913246 0.000823751 0.0225323 0.000256307 0.000123886 0.000487541 0.0090779 0.0200689 0.000109661 
1.67294e-07 1.55714e-05 0.271545 0.028884 0.00127971 0.293023 0.0557239 1.80261e-08 0.000149909 0.0726349 1.95686e-11 3.77635e-05 0.000946224 0.00336326 0.0817245 0.0548436 0.000699388 2.46345e-07 0.01874 0.000174733 1.41245e-11 0.061635 0.0386009 0.0071342 0.00884432 
0.0035637 0.00229033 0.000317782 0.0642776 0.0424448 0.184152 0.137816 6.74259e-05 0.00126971 0.0927984 0.000499406 0.0182993 0.00109588 0.01463 0.131931 0.0561188 0.0288677 0.00768356 0.119249 0.00912093 7.19006e-06 0.0220873 0.0221814 0.0359963 0.00323501 
0.00311198 0.00120275 0.00067476 0.0203359 0.00204747 0.226588 0.10098 0.000567257 0.00438369 0.0574194 0.000142411 0.0385942 0.00457139 0.0091867 0.0277176 0.013769 0.106435 0.220985 0.0140445 0.0223986 5.55049e-06 0.0946243 0.00506459 0.015888 0.00926235 
0.000528584 0.00579832 0.00260559 0.00109302 0.00333167 0.636277 0.0461202 5.16164e-05 0.000610321 0.0868629 1.68027e-06 0.00976261 0.00061668 0.0173749 0.0267369 0.0510277 0.00790606 0.00235475 0.0284047 0.02581 4.49916e-06 0.0257888 0.0069849 0.0130708 0.000876288 
1.71574e-07 0.000673767 3.24383e-08 2.07679e-08 0.00107517 0.834023 0.00116966 1.98965e-11 3.87925e-07 0.0176071 2.55618e-11 0.00019919 0.00272004 0.00143995 0.0470704 0.0113193 0.00331269 0.000759959 0.0078948 0.000151289 1.84503e-11 0.00870829 0.0606529 0.00122149 9.79633e-08 
0.000539031 0.00233062 0.0106938 0.0362268 0.00121784 0.354387 0.269092 5.30858e-08 0.00120151 0.101614 7.51336e-08 0.00153935 0.00083743 0.00265795 0.0607308 0.021942 0.00241057 0.00561325 0.0216844 0.0010501 9.43203e-07 0.0294824 0.0213657 0.0530355 0.000347075 
0.00263161 0.00696946 0.000225303 0.0110995 0.00859505 0.442543 0.055958 0.00210616 0.00280744 0.114824 1.29269e-05 0.0109971 0.000380595 0.010982 0.0719962 0.0419521 0.0329363 0.00432206 0.0421447 0.00666441 8.91202e-05 0.0217398 0.08286 0.0244295 0.000733532 
0.000470856 0.00119322 0.00221604 0.00834046 0.00501523 0.294024 0.146532 0.00313917 5.16567e-05 0.00484327 2.57648e-09 0.0121304 0.000384666 0.0029943 0.128775 0.0116464 0.0144284 0.0116278 0.259607 0.0122773 6.38137e-05 0.0389751 0.0275132 0.00728741 0.0064633 
0.000368604 0.00625135 2.15489e-05 0.00575936 0.0171296 0.414521 0.00346065 8.51996e-07 4.24132e-06 0.143942 2.73725e-07 0.0393597 2.25701e-05 0.00527503 0.146771 0.0456172 0.00362293 0.000257894 0.0452481 0.0181023 3.42515e-06 0.00680329 0.0754286 0.022008 2.01715e-05 
0.0270874 0.00598891 0.000234409 0.0229916 0.00552919 0.218357 0.0140652 0.00284628 6.52459e-05 0.0267139 6.49493e-06 0.00610505 0.00113697 0.0488754 0.121343 0.144375 0.0586718 0.00536127 0.0147196 0.0043303 2.45556e-05 0.0185753 0.160625 0.0802001 0.0117715 
0.011807 0.00274619 0.000237522 0.0688471 0.0129904 0.309617 0.0102576 0.000182247 9.14072e-05 0.016881 6.44467e-08 0.0144773 0.000188433 0.0123807 0.0971585 0.0964518 0.0350313 0.182831 0.0204864 0.00513989 2.23885e-06 0.0422745 0.0215839 0.0315327 0.00680444 
4.4383e-09 0.00762996 9.74017e-06 0.00279141 4.49938e-05 0.648262 0.00420992 3.32999e-09 2.88639e-09 0.00635435 1.99096e-12 0.00034365 0.000167769 0.00644729 0.248195 0.0234433 0.0244005 0.00254961 0.000486107 0.000126243 5.09419e-09 0.000611766 3.35612e-05 0.0238782 1.4549e-05 
0.000217641 0.00667363 2.77389e-06 0.00286005 0.00170657 0.650771 0.0385825 3.982e-05 0.000233979 0.0404015 0.000473142 0.00178279 1.86304e-05 0.0233874 0.114335 0.0201976 0.0178886 0.00360967 0.0199733 0.00223753 3.90606e-05 0.0219413 0.00262135 0.0298265 0.000178326 
0.000442279 0.00017915 7.12502e-06 0.00727237 0.00130868 0.549669 0.105263 0.000351693 0.000316912 0.00537153 4.2082e-07 0.00130451 0.000207959 0.0117449 0.0763799 0.0630964 0.0837512 0.00699983 0.0341239 0.00769417 0.00012597 0.0240946 0.00491386 0.0152242 0.000156073 
0.00093166 2.36643e-05 8.82403e-06 0.031509 0.00467744 0.425479 0.00518983 3.98826e-09 2.54654e-05 0.0151203 7.74185e-09 8.7112e-05 7.24823e-05 0.000389103 0.0216269 0.00315098 0.0129864 0.000409778 0.188157 9.90166e-09 5.60373e-06 0.00993317 0.279957 8.53986e-05 0.0001741 
9.4595e-05 0.0132135 3.80216e-05 0.0111821 0.000553468 0.618079 0.000262491 5.48993e-10 1.31845e-06 0.00697602 1.64251e-09 0.0160326 4.47377e-05 0.00357408 0.163845 0.07865 0.00891915 0.0168586 0.0402305 0.000687472 7.49451e-07 0.000610522 0.00544637 0.0144537 0.000245955 
0.000102309 0.0189566 0.00264048 0.0247952 0.00794295 0.241972 0.00740357 0.00107705 0.00993666 0.0145292 0.00017524 0.0186324 0.000421568 0.0224506 0.0596803 0.0355813 0.191872 0.030785 0.191596 0.00841055 0.000350953 0.0321979 0.0451735 0.0291384 0.00417832 
0.000110828 0.000382771 2.57083e-05 0.00284199 0.000916709 0.643597 0.0915206 2.16245e-09 2.89213e-05 0.0205729 7.99554e-08 0.00695227 0.000372376 0.00472125 0.0621564 0.0421894 0.0164697 0.00451209 0.00676286 0.0651323 2.42648e-06 0.0119906 0.0145782 0.0040101 0.00015277 
0.00126611 0.00010164 0.00100045 0.00475278 0.00298356 0.408983 0.110631 3.21056e-06 0.00978981 0.0540442 1.77e-05 0.000247326 0.000332162 0.0105542 0.1176 0.0437571 0.0350036 0.00101492 0.0359242 0.000105626 0.000140224 0.115279 0.0400327 0.006301 0.000134754 
0.00484117 0.00243347 8.60606e-06 0.0177466 0.0176377 0.32567 0.00347519 0.00597251 5.04563e-06 0.0484184 1.86094e-08 0.000566042 9.03912e-05 0.00977332 0.20525 0.113633 0.0194732 0.000175457 0.0302337 1.27152e-05 4.35023e-06 0.0200232 0.159819 0.0146212 0.00011519 
8.00557e-07 0.00562331 0.000134631 0.0092054 0.000948668 0.630611 0.0265326 3.39805e-08 0.0443587 0.0672138 5.94117e-10 0.030633 2.99201e-05 0.0140676 0.0195207 0.0616736 0.0143318 0.000439179 0.0346647 0.0119572 9.39609e-06 0.00205591 0.014475 0.0113298 0.000183218 
0.0044714 0.0124455 9.79828e-05 0.0114767 0.00485191 0.31999 0.0140539 2.29913e-05 0.00203975 0.162474 0.000446309 0.00344293 0.00554544 0.0189339 0.214031 0.036051 0.0449213 0.000828733 0.0173989 0.00532348 7.82648e-07 0.0645236 0.016277 0.0399804 0.000371731 
4.33333e-05 0.00759814 1.52891e-05 0.0251414 0.00415305 0.447297 0.0647402 0.000243448 0.0022765 0.0178388 4.58075e-11 0.00410349 0.00115476 0.00352066 0.0372061 0.0161683 0.0413435 0.111692 0.0156388 0.000688881 9.25484e-05 0.0185126 0.151235 0.0291853 0.000110328 
0.00161246 0.00421456 0.00117439 0.00599531 0.0185803 0.310721 0.22704 0.000774175 0.000340635 0.0279169 1.45401e-10 0.00327647 0.000785788 0.014547 0.0281292 0.0917234 0.0954899 0.00144837 0.0242907 0.0100756 0.000110477 0.100075 0.0112782 0.012557 0.00784292 
0.00606036 0.00573302 0.000948548 0.0220051 0.00921086 0.234181 0.190706 0.000565492 0.000283623 0.0692668 0.000301957 0.0120384 0.000253357 0.0231736 0.0375135 0.0268038 0.15327 0.0633984 0.0403909 0.00375715 0.000193113 0.0363188 0.00729185 0.0485507 0.0077836 
5.39405e-06 0.00171062 0.000553506 0.0300864 0.00283312 0.361862 0.0939478 0.000528001 0.00472693 0.0327825 1.71832e-08 0.000134424 0.00022999 0.00179795 0.0223519 0.0217857 0.203728 0.00282842 0.0329168 0.000141165 0.000244695 0.0978028 0.0653349 0.0138795 0.00778744 
0.0590828 0.00100783 0.0337258 0.0180441 0.0132863 0.278842 0.208467 0.000163573 0.000102701 0.0715891 0.00755031 0.00108309 0.000556031 0.00807884 0.0645712 0.0340872 0.0209232 0.00454922 0.0536217 0.00122241 3.54467e-05 0.0802363 0.0228444 0.0118107 0.0045183 
1.26689e-09 9.70799e-05 4.29959e-05 0.000135946 0.000127959 0.993575 0.00112805 2.77945e-09 2.39167e-05 0.000196442 3.57088e-09 0.000252231 0.000150804 0.00022882 0.000239832 8.64558e-05 0.000554019 0.00087398 0.000271945 0.00112064 2.0622e-05 0.000112731 0.000406202 0.000175493 0.000178406 
0.00363975 0.00430968 0.0143149 0.01407 0.000301517 0.341651 0.12535 0.000341819 0.00593504 0.0464142 1.1131e-06 0.0140851 0.00105268 0.0169358 0.0418302 0.0110176 0.03918 0.0165792 0.02914 0.0651418 6.77404e-07 0.112484 0.0241919 0.0714908 0.000541497 
0.0561513 0.016026 5.41139e-06 0.0031431 0.000286881 0.476865 0.00010915 1.87341e-07 2.2357e-05 0.0144227 6.58656e-09 0.000160627 0.000248704 0.0797566 0.149325 0.0712093 0.0921036 0.000120308 0.0034349 0.000334318 4.75413e-09 0.0136762 0.00514368 0.0170544 0.000399386 
9.57357e-05 0.00188011 7.99282e-05 0.00895266 0.0225267 0.482935 0.0131176 0.000428401 0.00305244 0.297875 1.15056e-05 0.00141613 0.000129383 0.00817313 0.0464834 0.00872677 0.0316244 0.00279863 0.0183833 0.00942391 4.13177e-05 0.0146073 0.00595438 0.0209234 0.000359242 
0.000234954 0.00145499 0.00104532 0.109674 0.000991848 0.37611 0.0218517 2.36568e-09 2.29725e-05 0.109207 3.89013e-08 0.0215555 0.000605309 0.00336605 0.0735578 0.0292723 0.00154904 0.00822998 0.049766 0.00154475 4.55867e-06 0.0658485 0.0745978 0.0494127 9.64425e-05 
0.00190345 0.00433116 2.4256e-05 0.0119194 0.0140231 0.414497 0.0591729 2.93026e-05 0.000879961 0.0417573 0.000261164 0.00787279 0.000423599 0.00882662 0.117398 0.0267635 0.0285504 0.0044934 0.159356 0.00558882 0.000338701 0.0377177 0.0263848 0.0270089 0.000478555 
0.00504883 0.00992254 4.24505e-05 0.101609 0.0133671 0.386993 0.0434644 0.00177762 0.000300857 0.0493834 0.000576441 0.00596471 0.000656039 0.0229096 0.15301 0.021727 0.0422944 0.00404425 0.0442955 0.00668669 0.000151764 0.0343666 0.0139279 0.0347069 0.00277313 
0.00046746 0.0014154 0.00406268 0.025218 0.008286 0.43714 0.168777 5.12159e-06 0.00202106 0.00267699 1.28747e-05 0.0065493 0.0017508 0.00950932 0.0573245 0.0158052 0.0176489 0.00338174 0.146451 0.0119095 2.39728e-05 0.0151338 0.0503849 0.0138264 0.000218842 
0.00623949 0.00579863 0.000576166 0.025617 0.0141111 0.361906 0.0331015 1.28779e-05 0.00139921 0.0795538 2.78184e-05 0.0187156 0.00221544 0.0176864 0.0975442 0.0647126 0.057628 0.00764967 0.07436 0.00398296 2.43037e-05 0.0413149 0.012845 0.0500267 0.0229504 
1.86236e-05 0.000846677 1.69574e-06 0.000534739 0.00151945 0.767566 0.00142927 1.76137e-06 2.13832e-05 0.00162453 3.06564e-07 0.014173 0.000208327 0.00412707 0.0745435 0.0449365 0.0270823 0.00265809 0.00880488 0.000686257 1.81128e-05 0.000539154 0.0288551 0.0197952 8.33397e-06 
2.70399e-07 0.0118828 0.000640694 3.43056e-07 2.20943e-07 0.711849 2.2303e-06 1.26217e-11 3.66027e-08 0.0441222 1.62156e-11 0.031599 1.95506e-07 0.0101909 0.101789 2.2043e-06 0.00689857 4.13518e-07 0.0142323 0.0255569 8.20467e-09 0.0187044 3.93485e-06 0.0225241 1.0343e-07 
0.000995929 0.00450749 9.45313e-05 3.82929e-05 0.000568227 0.517599 0.0148222 1.12797e-11 0.000119152 0.0248473 6.33096e-07 0.0034794 0.000503666 0.085311 0.0829141 0.036988 0.0378835 0.0579453 0.00204759 0.00232586 2.7258e-08 0.10009 0.00238977 0.021619 0.00291016 
0.000363244 0.000667969 1.33215e-05 0.0503333 0.00482942 0.449745 0.0219567 0.00105144 0.00010354 0.0274362 1.63969e-09 0.00380807 0.0198479 0.00658153 0.0778491 0.155812 0.105361 0.00120893 0.0469603 0.000350082 0.00014796 0.00705307 0.00950347 0.00835562 0.000660606 
0.000199617 0.0424339 7.50684e-07 0.00104781 0.000898075 0.293902 0.00367929 0.000143959 7.52385e-05 0.00650982 4.89466e-07 0.0459191 0.00114483 0.0315448 0.113844 0.104724 0.114314 0.0216255 0.0332888 0.00588761 5.2463e-05 0.0130286 0.0354197 0.129988 0.000327716 
0.000127057 0.000129925 1.91585e-05 0.00272744 0.00716068 0.525888 0.0748687 1.12677e-12 1.50787e-05 0.047129 1.44761e-12 0.00113626 0.000183365 0.00190386 0.0251332 0.00376087 0.027294 0.0034956 0.24416 0.00224677 3.81836e-09 0.00155069 0.0299894 0.000587521 0.000493694 
6.14719e-05 0.00479917 0.000293172 0.0014909 0.000550154 0.716686 0.0161424 3.16554e-07 4.75776e-06 0.0133637 1.15966e-12 0.00763134 0.00286781 0.00470702 0.0594114 0.128324 0.00488163 0.00130451 0.00118569 0.000525511 1.07791e-06 0.00157486 0.0215614 0.0125086 0.00012269 
0.00675939 0.00106292 2.40434e-07 0.0422499 0.00635265 0.207963 0.0392231 2.18922e-09 5.73127e-05 0.0603861 1.7057e-10 0.0420295 0.000136376 0.156263 0.0781687 0.0577404 0.108399 0.00457603 0.0123851 0.0140831 2.39227e-06 0.0101156 0.0116449 0.135549 0.00485137 
0.00664512 0.00104407 9.59859e-05 0.00875465 0.00618288 0.41106 0.173499 1.35715e-05 5.49474e-05 0.129002 0.000104861 0.00366786 0.00167582 0.0127474 0.0543053 0.00809599 0.0288441 0.00116598 0.0414649 0.0105044 2.06488e-05 0.0712298 0.0124935 0.0171347 0.000193145 
0.0105316 0.0193634 0.000401114 0.0619699 0.00959679 0.281519 0.0240069 2.68652e-05 0.000895273 0.0303798 2.20537e-06 0.0138442 0.0015772 0.0612423 0.203201 0.024781 0.0725866 0.00421396 0.0260756 0.00575396 6.90164e-05 0.029272 0.00661102 0.110882 0.00119763 
0.00619425 0.0100387 0.00138868 0.0377752 0.00673582 0.398747 0.0219903 0.000986335 0.00551237 0.0385611 6.06098e-05 0.0084776 0.00124375 0.0169949 0.194113 0.055301 0.0366457 0.00391585 0.0682515 0.00815163 0.000108567 0.0195714 0.0369956 0.0212586 0.000980516 
0.00339225 0.00676903 0.000353303 0.15675 0.0116642 0.339823 0.0392189 0.000214176 0.0171552 0.0602475 6.66085e-07 0.0124027 0.000916334 0.00635486 0.0995893 0.0592157 0.0406009 0.00840804 0.0458023 0.00128792 2.12438e-05 0.0302128 0.0253856 0.0333108 0.000903209 
0.000872709 9.33706e-05 8.44363e-05 0.00699951 0.00477997 0.499826 0.190374 0.0777882 0.000552899 0.0336729 1.17842e-07 0.00139259 0.00486245 0.0146111 0.00345501 0.0188384 0.0850338 0.0123389 0.00599107 0.00128976 5.05823e-05 0.0260971 0.0066703 0.00401974 0.000305991 
0.000638232 8.82735e-05 5.16608e-05 0.0125265 0.0104279 0.475106 0.0138278 3.37483e-08 3.85163e-06 0.2738 8.25245e-11 0.000262615 5.11652e-05 0.00130059 0.0166486 0.0351654 0.00519145 0.00261746 0.0240184 0.000352322 4.3702e-07 0.0038232 0.122842 0.00121149 4.44001e-05 
1.87134e-09 0.00156963 6.85423e-05 0.00259055 0.000582475 0.612917 0.0750967 2.52736e-07 0.000157748 0.00791796 1.15309e-12 0.0163132 0.000362518 0.0130858 0.0176766 0.00302364 0.140891 0.0169899 0.00699426 0.0512574 0.00378439 0.00177283 0.0124091 0.0139639 0.000574414 
0.0559775 0.0045925 0.000147596 0.0091163 0.027319 0.425732 0.00156799 0.00321815 0.000219075 0.0529967 1.50909e-09 9.14302e-05 0.00430172 0.00310046 0.0156302 0.0148043 0.033844 0.169222 0.0365292 0.00148281 1.77655e-05 0.0104987 0.12029 0.00911067 0.000189734 
0.00110566 0.0439262 0.000801691 0.0150986 0.102728 0.343369 0.0110377 5.29953e-05 1.35746e-05 0.0554383 1.30392e-09 0.0198998 0.000355621 0.0219479 0.115223 0.0548772 0.0489034 0.0025381 0.0630728 0.0467326 7.46451e-06 0.0135779 0.0306103 0.00845515 0.000226256 
0.000339475 0.000931461 0.000903073 0.0500075 0.00199768 0.297244 0.250011 1.62673e-06 0.0776841 0.00968123 3.35237e-06 0.00343844 0.000681828 0.000234054 0.0248321 0.128803 0.00633982 0.00668134 0.0191432 0.00179918 1.32933e-09 0.106946 0.00130725 0.0107893 0.000199575 
0.00139643 0.00228992 2.91191e-05 0.0101779 0.00916273 0.569135 0.0451643 2.05085e-06 7.4145e-06 0.0837305 2.18916e-07 0.0154395 0.00144903 0.00935159 0.0942031 0.0303206 0.0456547 0.00642003 0.0063178 0.0087678 6.39509e-06 0.0222477 0.00749357 0.0285765 0.00265608 
0.00120054 0.0109157 0.000136182 0.064874 0.028207 0.304733 0.0208686 0.00130751 0.00253672 0.0654258 1.3325e-06 0.0254353 0.000415176 0.0182758 0.148905 0.0838466 0.0219289 0.00949244 0.07314 0.00605223 2.27764e-05 0.063226 0.010291 0.038206 0.000556876 
1.86236e-05 0.000846677 1.69574e-06 0.000534739 0.00151945 0.767566 0.00142927 1.76137e-06 2.13832e-05 0.00162453 3.06564e-07 0.014173 0.000208327 0.00412707 0.0745435 0.0449365 0.0270823 0.00265809 0.00880488 0.000686257 1.81128e-05 0.000539154 0.0288551 0.0197952 8.33397e-06 
0.000863519 0.00200209 0.0012508 0.0638903 0.00174767 0.266383 0.12809 0.0102713 0.00433008 0.0134588 6.6545e-11 0.00135506 0.00129325 0.00542474 0.0163547 0.00912652 0.141234 0.0230166 0.0153034 0.00102613 1.20663e-05 0.236242 0.000557795 0.0484457 0.00832125 
3.19607e-05 0.000259969 2.36778e-06 0.0470438 0.00552472 0.40963 0.0349885 1.47834e-10 4.16767e-07 0.145926 1.89929e-10 0.0130196 0.00129189 0.0117197 0.098372 0.0110977 0.0102411 0.00368745 0.0780231 0.00272927 7.18701e-08 0.104498 0.00796627 0.0124307 0.0015157 
0.0135164 0.000905082 8.1103e-06 0.0020764 0.00232938 0.554427 0.109581 7.63283e-08 5.96625e-05 0.0833055 1.43376e-11 0.000412203 0.00167264 0.0121551 0.0265558 0.00380811 0.071463 0.0119437 0.0337773 0.00453713 0.000270086 0.00655264 0.0454626 0.0149049 0.000275671 
1.76293e-05 0.0190248 1.76469e-06 0.000388078 0.000326219 0.591012 0.00169427 0.00557665 6.67967e-05 0.00680645 1.02325e-10 0.111414 0.0003066 0.00830322 0.126527 0.0282775 0.0662319 0.00175161 0.000947343 0.00405306 0.000540931 0.00173131 0.000737725 0.0241152 0.000148566 
0.00345293 0.00395706 0.00335345 0.0108483 0.0127683 0.343502 0.0778201 0.000272146 0.0079784 0.158661 0.000259775 0.0188497 0.000988413 0.00951838 0.0920837 0.0571767 0.0219678 0.00827865 0.0507736 0.0149515 3.5592e-05 0.0395197 0.0326575 0.0290694 0.00125554 
0.000246874 0.00322135 1.54553e-06 0.00110476 0.0104005 0.323892 0.0405791 0.0193364 0.000237051 0.0124323 1.81956e-07 0.0139988 0.000128838 0.0210478 0.116083 0.0847232 0.183232 0.0074431 0.0153611 0.0407772 4.07302e-05 0.0182992 0.00999137 0.0773097 0.000112361 
0.00584348 0.0131714 0.000538307 0.0166551 0.0039795 0.434834 0.0115766 0.00017727 0.0070174 0.0227755 1.10039e-07 0.0217612 0.000275809 0.0232404 0.148333 0.0878063 0.0876393 0.0137838 0.0207133 0.00479469 2.05175e-05 0.0135607 0.0186876 0.0395559 0.00325841 
0.0382837 0.00345033 0.000919315 0.0429646 0.00560997 0.208287 0.0564062 4.95814e-05 0.00547774 0.0201288 3.09954e-10 0.0379616 0.00511375 0.0112369 0.00409396 0.194197 0.0411495 0.0202153 0.0278284 0.00017088 0.000189201 0.190625 0.0265507 0.0569643 0.00212651 
1.85168e-05 0.00991819 0.000102318 0.00304083 0.00191324 0.56321 0.0301514 0.000175146 1.87509e-05 0.212957 6.11765e-06 0.00528293 0.000225375 0.044108 0.0259838 0.00764801 0.0396831 0.00382379 0.00626746 0.00357958 8.82233e-08 0.0220074 7.96777e-05 0.0145178 0.00528214 
0.000796473 0.0033926 0.000940674 0.0115425 0.00175757 0.350882 0.240541 0.000171956 5.22239e-05 0.0736588 7.16043e-07 0.0129664 0.0291657 0.0215451 0.0685483 0.0106293 0.0694594 0.00495735 0.0160006 0.0262999 3.37051e-05 0.0249614 0.0104354 0.019879 0.00138122 
0.0110724 1.55264e-06 2.55371e-05 0.0134346 0.179505 0.240573 0.0912197 7.111e-09 0.000678962 0.145388 1.10961e-05 8.26966e-09 0.000105069 0.000323555 0.00606084 0.0115966 0.0013293 0.000966221 0.0571934 0.00012469 5.86699e-09 0.0573805 0.182321 0.000585916 0.000103467 
0.000759137 2.34632e-05 1.89314e-05 0.0118083 0.000137039 0.574008 1.21529e-05 7.40896e-12 2.31808e-05 0.0225112 1.24412e-08 0.000184591 5.83414e-05 0.000770763 0.0291311 0.00780108 0.0019896 0.000269276 0.332437 2.97231e-07 6.03285e-05 0.00120103 0.015954 0.000814034 2.73017e-05 
0.00661871 0.000799124 0.000284426 0.000603188 0.00265214 0.571971 0.000793968 1.18873e-06 0.000141841 0.048312 4.46962e-11 0.000275453 0.000166136 0.132443 0.0670905 0.0473472 0.0128611 0.006313 0.00671449 0.000100867 3.26633e-05 0.00866759 0.0717844 0.0137933 0.00023215 
0.000940132 0.0013212 3.46957e-05 0.00304829 0.00700579 0.376339 0.20262 8.81639e-08 5.75035e-05 0.134308 0.000616219 0.000772602 0.00290216 0.00795883 0.0686303 0.00386743 0.0516765 0.00228613 0.00837261 0.001351 0.000129602 0.0961919 0.00221831 0.0266355 0.000715649 
0.000450262 0.00149431 9.25193e-05 0.0342641 0.00129854 0.351813 0.00208898 0.0167239 0.00030561 0.00646674 2.79299e-09 0.00920225 0.000208337 0.00389161 0.0898407 0.0340647 0.0924536 0.0266029 0.0251184 0.00119069 7.99332e-05 0.000863627 0.291325 0.00985166 0.000309595 
0.00772992 0.000422005 3.75797e-06 0.0436821 0.0169522 0.266086 0.108647 4.56358e-06 0.0066432 0.0239814 8.16087e-10 0.000185428 0.00119168 0.00256863 0.00937877 0.0577132 0.186312 0.0163594 0.0607564 0.000143616 1.39366e-07 0.179787 0.0049494 0.00638763 0.000113617 
2.71472e-07 9.00027e-05 0.000294291 0.0345528 0.00210393 0.435261 0.327905 2.47903e-09 0.00234316 0.0576471 8.64483e-10 0.000431172 3.72293e-05 0.00548815 0.0167016 0.0241285 0.000303999 0.000216803 0.0115485 0.00606428 6.80621e-07 0.0710238 0.00331967 0.000518364 1.95138e-05 
6.48317e-07 0.00124494 1.05931e-05 0.00370335 0.00222659 0.394429 0.119871 9.13933e-12 0.0444275 0.097513 1.17417e-11 1.10662e-07 0.00193652 0.0397503 0.0381258 0.00242774 0.173401 0.000507241 0.00401307 0.000970363 0.000173459 0.00495685 0.000864934 0.0687696 0.000676874 
2.4015e-05 0.00634366 0.000110107 0.0015834 0.000790053 0.696394 0.0108632 5.51379e-08 2.44034e-05 0.0313091 2.49461e-09 0.0158757 0.000355105 0.00564765 0.090383 0.032059 0.00349816 0.000597342 0.00237175 0.000102559 3.41997e-06 0.00656266 0.0769374 0.0180858 7.89095e-05 
0.0307843 0.00156755 2.01236e-06 0.00552289 0.00819111 0.204281 0.0292302 0.000112592 2.94468e-05 0.0222872 3.03143e-05 0.0145844 0.000133458 0.0117849 0.108495 0.101275 0.182853 0.157096 0.0126556 0.00391212 6.28931e-05 0.0449391 0.0239339 0.0358415 0.000394838 
0.00101605 1.40305e-08 7.88967e-05 0.01601 0.00209381 0.468847 0.187833 2.01722e-10 0.00371974 0.0266763 2.11407e-10 0.00100534 8.48533e-05 0.000216779 0.0387213 0.0227921 8.95838e-05 0.00712482 0.0132401 3.26463e-05 1.28129e-09 0.169243 0.0398906 0.000928294 0.000355989 
0.0074558 0.0035293 0.000474232 0.00935455 0.0716574 0.207589 0.00791378 3.12942e-07 0.00205065 0.129914 8.28714e-08 0.0127978 6.92423e-05 0.010543 0.152882 0.0656294 0.00569407 0.000306459 0.104128 0.00900561 3.26297e-05 0.00443729 0.170085 0.0240923 0.000358815 
0.000500905 0.010887 0.000324677 0.00638003 0.0122581 0.491466 0.0211257 1.41674e-05 0.00693368 0.048254 3.16029e-09 0.00434427 0.000142016 0.0451278 0.0764693 0.0237685 0.0568079 0.000593587 0.130411 0.00780323 0.000739574 0.0111095 0.0127037 0.0313254 0.000509633 
0.00491943 0.00140236 0.00333387 0.035876 0.00114367 0.292496 0.212889 1.62387e-06 0.00338373 0.0216272 1.72984e-07 0.00967373 0.0227234 0.00589991 0.0457323 0.0787729 0.0276668 0.0280299 0.0419368 0.0201665 5.70117e-06 0.0196503 0.0958172 0.0263452 0.000505629 
