0.00128232 0.000495402 1.11746e-05 0.0427526 0.038981 0.19911 0.296976 1.29082e-09 5.76262e-05 0.0573548 5.51157e-09 0.0104283 0.000131772 0.00233165 0.228006 0.0160393 0.0151109 0.00066058 0.052095 0.000950506 4.25381e-07 0.0181971 0.0132434 0.00314624 0.00263794 
9.71664e-05 0.000457669 2.08599e-05 0.00132722 0.00223694 0.169627 0.596778 0.0080535 0.00864772 0.00384379 3.77447e-08 0.00246564 0.00141025 0.00153649 0.00364519 0.00359655 0.0983262 0.00135452 0.00621632 0.00586122 0.000575288 0.0787261 0.000703893 0.00370452 0.000787776 
6.5386e-05 0.0337741 0.00165067 0.000161287 5.29722e-05 0.0161107 0.780677 9.9123e-11 8.19258e-06 0.00185152 0.00245796 0.00156308 0.000593739 0.0221004 0.0507098 0.00760767 0.0208171 0.000605823 0.00460881 0.000353303 1.37195e-08 3.03453e-05 0.0109845 0.0424624 0.000753033 
6.13049e-05 0.00036736 7.46141e-08 0.00110372 0.000209283 0.0514435 0.772688 1.38454e-10 1.7265e-05 0.0146883 2.82095e-08 0.00148526 6.9053e-05 0.0209811 0.0205589 0.0300686 0.0305647 0.0241553 0.00296967 0.00128841 1.28391e-10 0.00247305 0.00444187 0.0142472 0.00611834 
0.000676022 4.3517e-05 0.0654518 0.00533204 0.000897449 0.130908 0.666854 3.7372e-05 6.05921e-06 0.00161828 9.53145e-08 9.72559e-06 0.000210939 0.000187184 0.0118818 0.00159853 0.010164 0.0573836 0.0025473 0.00146619 1.02652e-06 0.0328531 0.00935015 0.000499524 2.2156e-05 
0.00114862 0.00116778 9.81209e-06 0.00332521 0.000655729 0.205143 0.468795 0.00129147 0.000290325 0.0787343 5.23026e-12 0.00353769 0.000320883 0.00621447 0.0168974 0.0113477 0.12607 0.00604652 0.00268704 0.00151939 0.000159391 0.0420155 0.00158322 0.00660567 0.0144333 
3.70607e-08 2.67163e-07 8.67627e-08 1.55197e-07 0.00831254 0.127512 0.669537 1.71514e-07 0.000270382 0.0745308 1.43076e-11 7.75049e-07 5.10506e-07 4.45303e-07 0.007633 0.00166436 0.0300493 4.63741e-06 0.0209008 0.0338968 1.03271e-11 4.48844e-06 2.59265e-07 0.00235275 0.0233287 
0.0105139 0.00914323 4.0609e-06 0.0324622 0.00434351 0.0554779 0.207834 1.17767e-05 0.000193771 0.0154221 2.2664e-10 0.0477707 8.08671e-05 0.00302397 0.00936782 0.112526 0.0561561 0.186132 0.0222914 0.0231086 5.13245e-05 0.0262177 0.00429042 0.170316 0.00326143 
0.00799998 8.42291e-05 0.000227881 0.0903201 0.0356285 0.0263534 0.668333 2.0234e-09 0.000103627 0.0138073 4.11186e-07 0.00010742 0.000101923 0.0029293 0.0149019 0.00653594 0.0602159 0.000269671 0.00114903 0.00027216 3.89616e-07 0.0646867 0.00147443 0.00428363 0.0002136 
0.0445302 0.000278538 8.47797e-06 0.0571988 0.153088 0.117978 0.318638 2.09551e-07 3.56241e-05 0.0528134 2.04437e-07 0.00134335 7.81254e-05 0.00267772 0.0711046 0.00949161 0.0211147 8.4793e-06 0.118597 0.000754398 6.23853e-05 0.0222917 0.00512286 0.00247169 0.000312523 
0.0365067 0.00382174 0.00393514 0.13328 0.0119965 0.158477 0.211653 5.33998e-05 0.00769624 0.0159486 3.57898e-07 0.00631409 0.00414342 0.0112843 0.0691558 0.033765 0.0311321 0.0117403 0.0646417 0.0158589 0.000124882 0.0886273 0.0184948 0.0393157 0.0220332 
0.00617598 0.00157074 0.000232679 0.0123776 0.0228361 0.206319 0.281253 0.000107696 0.00213529 0.0454423 0.000235238 0.000784293 0.000396827 0.0202071 0.0217767 0.0135123 0.0577085 0.00819914 0.0938868 0.00319376 0.0178074 0.149481 0.0229895 0.0088695 0.00250157 
0.0184509 9.30252e-05 0.000527778 0.000862001 0.00295347 0.0477509 0.615439 1.87647e-05 7.68405e-05 0.0159995 4.90173e-06 0.0280765 0.00011023 0.000295487 0.00944255 0.00262755 0.113346 0.000105241 0.0516493 0.0232321 0.000809737 0.0122414 0.027159 5.96065e-05 0.0286684 
0.00197218 5.28062e-05 2.02563e-06 0.004395 0.00104478 0.069171 0.686535 4.22813e-07 0.00298144 0.0927676 5.94199e-09 0.000950871 0.000847058 0.00479695 0.00485706 0.0332785 0.0165566 0.00591021 0.00422739 0.00048268 6.02953e-07 0.0557015 0.000711518 0.00640065 0.00635591 
0.00493763 0.00619417 0.000779597 0.0847314 0.00487183 0.138171 0.376926 0.00242877 0.00394711 0.0932989 1.81316e-06 0.00314805 0.00387094 0.0213742 0.0427675 0.0137877 0.028147 0.0201547 0.054574 0.00982546 2.89682e-05 0.0555858 0.00312557 0.0255354 0.00178659 
0.000227043 0.000598535 0.00593025 0.187282 0.00047828 0.141062 0.292964 1.11385e-09 0.000138631 0.265153 1.43101e-09 9.42775e-07 0.00115137 0.0146759 0.0152252 0.00400269 0.0482095 0.000737834 0.000820799 4.05275e-07 6.27887e-08 0.0167052 1.63991e-05 0.00314548 0.00147393 
0.000254254 0.000480025 3.18506e-06 0.000904146 0.00120431 0.336632 0.550483 1.79496e-05 3.68157e-05 0.0417947 2.22796e-08 5.65756e-05 6.32721e-05 0.00322134 0.00778417 0.00141377 0.0182066 0.00012106 0.0047479 3.47397e-05 0.00012025 0.0297967 0.00130398 0.00117402 0.000144539 
0.00681858 0.000936406 0.0113107 0.00419971 0.00498665 0.111875 0.499014 0.000176677 0.0121851 0.0239448 0.000213544 0.000121159 8.4959e-05 0.0107774 0.0339276 0.0549237 0.0434341 0.00787466 0.0491546 0.00234042 3.29818e-06 0.0848251 0.00500254 0.00544807 0.0264213 
0.00204204 0.182584 0.000949431 0.000795261 0.00284078 0.0328535 0.297857 1.11733e-07 2.93717e-05 0.00832996 0.00354439 0.0996388 0.000388517 0.0240214 0.0967607 0.0198972 0.0689916 0.00112897 0.0184607 0.00248973 2.69419e-07 0.00330728 0.0214754 0.110863 0.000750192 
0.0278257 0.000590593 0.000470393 0.0191993 0.0018101 0.0520955 0.506725 0.0124412 0.0165671 0.000931741 5.84449e-06 0.0135179 0.00118905 0.00489573 0.015596 0.0137229 0.055782 0.0139704 0.127791 0.0323888 8.08907e-05 0.0214451 0.0285452 0.0305759 0.0018362 
0.0221768 0.000289761 0.00540695 0.00541866 0.0496332 0.216105 0.297212 1.80569e-05 9.89001e-05 0.00635859 4.0599e-07 0.00153085 0.000120888 0.00377227 0.00985668 0.00590595 0.0150176 0.0115576 0.243842 0.0144961 1.43584e-05 0.0437634 0.0406194 0.0064968 0.000288634 
0.00050847 3.31564e-05 0.0329824 0.0075247 0.000674126 0.099956 0.598431 0.000363837 1.52448e-05 0.00200375 5.89916e-07 7.47166e-06 0.000132353 0.000232401 0.0116011 0.00315248 0.00727925 0.0868249 0.00326204 0.00189398 8.38845e-07 0.135005 0.007852 0.000245802 1.68431e-05 
6.5386e-05 0.0337741 0.00165067 0.000161287 5.29722e-05 0.0161107 0.780677 9.9123e-11 8.19258e-06 0.00185152 0.00245796 0.00156308 0.000593739 0.0221004 0.0507098 0.00760767 0.0208171 0.000605823 0.00460881 0.000353303 1.37195e-08 3.03453e-05 0.0109845 0.0424624 0.000753033 
0.00429816 0.000864575 4.84781e-05 0.00945321 0.00307697 0.124701 0.333486 7.86581e-10 4.31356e-05 0.00984459 3.36554e-08 0.00215581 0.180332 0.0299276 0.0119484 0.0321187 0.0644702 7.28802e-05 0.048825 0.0943654 7.29409e-10 0.0165014 0.00835613 0.021626 0.00348418 
0.00286664 0.00116727 0.00972366 0.0137958 0.0158868 0.233932 0.377046 0.000710086 0.00188695 0.0615092 4.93048e-06 0.00158909 0.000577588 0.00690923 0.0377818 0.0608138 0.0384903 0.00936648 0.0375067 0.00407591 3.01866e-05 0.058724 0.0112707 0.0114215 0.00291267 
0.00255272 2.33176e-08 0.000229417 0.0042186 0.000736242 0.0490972 0.39324 4.20073e-05 0.000618504 0.000672658 4.66201e-07 0.0328359 0.00894497 0.00141305 0.00223514 0.00132394 0.0383622 0.00244447 0.00518887 0.291519 0.000141678 0.15519 0.00518136 0.00332047 0.000492004 
6.13049e-05 0.00036736 7.46141e-08 0.00110372 0.000209283 0.0514435 0.772688 1.38454e-10 1.7265e-05 0.0146883 2.82095e-08 0.00148526 6.9053e-05 0.0209811 0.0205589 0.0300686 0.0305647 0.0241553 0.00296967 0.00128841 1.28391e-10 0.00247305 0.00444187 0.0142472 0.00611834 
0.000101088 0.00175903 0.00115676 0.180835 0.00393633 0.110575 0.30771 1.22436e-05 0.00465137 0.0244932 3.78451e-11 0.00432205 0.0692479 0.00819629 0.0804215 0.0162693 0.0856734 0.0190871 0.0192339 0.00119436 5.15034e-05 0.0350751 0.0163063 0.00893126 0.000760106 
0.00149801 0.00191818 0.00225617 0.0079965 0.000800568 0.259638 0.491783 4.71248e-05 0.000104455 0.0494708 2.60377e-09 0.00078788 0.00363438 0.0319077 0.0205259 0.00425709 0.0292102 0.00241508 0.0213424 0.00816447 1.8693e-06 0.0241218 0.000732789 0.0368479 0.000537496 
1.52921e-07 5.35159e-12 6.59025e-08 0.0200164 1.49494e-06 0.192298 0.664606 2.02556e-11 2.76483e-06 0.0255253 3.22546e-10 1.05584e-06 2.0857e-05 2.23028e-05 0.00572286 0.0045471 5.80762e-06 0.000859843 0.0032704 2.59159e-06 2.77937e-09 0.0694612 0.013635 1.76849e-08 1.7965e-08 
0.00539517 0.00683493 0.00125222 0.0483359 0.00122215 0.285798 0.298548 1.22092e-08 0.00189291 0.0347105 2.25776e-07 0.0567952 0.0343317 0.00961125 0.0102611 0.0223901 0.0333348 0.00919636 0.0297832 0.000587004 3.54513e-08 0.0393258 0.0095356 0.0606696 0.000188909 
0.000253867 1.03937e-06 4.05723e-06 0.00427764 0.00121078 0.14453 0.753358 4.26185e-09 0.00304286 0.0373953 2.42946e-09 1.43792e-05 0.00078749 0.0104937 0.00244665 0.00828778 0.0066166 0.00383325 0.00389387 1.59308e-05 3.00216e-08 0.012979 0.00565922 0.000675248 0.000223647 
6.5386e-05 0.0337741 0.00165067 0.000161287 5.29722e-05 0.0161107 0.780677 9.9123e-11 8.19258e-06 0.00185152 0.00245796 0.00156308 0.000593739 0.0221004 0.0507098 0.00760767 0.0208171 0.000605823 0.00460881 0.000353303 1.37195e-08 3.03453e-05 0.0109845 0.0424624 0.000753033 
0.0265938 0.00256795 4.3173e-06 0.00365347 0.00118686 0.0356596 0.558269 1.18695e-07 0.000192813 0.0354773 1.23684e-09 0.00143682 0.0675966 0.0221744 0.0049371 0.0150594 0.034438 0.00778201 0.104076 1.77022e-07 8.9274e-10 0.032982 0.0164063 0.0294942 1.1776e-05 
0.000437022 0.000713264 0.000167289 0.12926 0.000599449 0.198739 0.473238 1.22199e-07 8.01715e-05 0.0720432 4.41434e-09 0.00177241 0.00030473 0.0111104 0.0217522 0.0051996 0.0126949 0.000855685 0.0201352 0.00297138 0.000241204 0.030413 0.00495946 0.0119255 0.000386678 
6.5386e-05 0.0337741 0.00165067 0.000161287 5.29722e-05 0.0161107 0.780677 9.9123e-11 8.19258e-06 0.00185152 0.00245796 0.00156308 0.000593739 0.0221004 0.0507098 0.00760767 0.0208171 0.000605823 0.00460881 0.000353303 1.37195e-08 3.03453e-05 0.0109845 0.0424624 0.000753033 
0.00383008 0.000652892 4.2179e-05 0.00275943 0.00138868 0.0167928 0.682863 7.9612e-06 1.18078e-05 0.0694303 5.32781e-09 0.000349926 0.00264014 0.00876606 0.0100293 0.10907 0.0636155 0.000693371 0.000326391 0.000555601 3.84557e-09 0.0124001 0.000763464 0.0127047 0.000306181 
6.5386e-05 0.0337741 0.00165067 0.000161287 5.29722e-05 0.0161107 0.780677 9.9123e-11 8.19258e-06 0.00185152 0.00245796 0.00156308 0.000593739 0.0221004 0.0507098 0.00760767 0.0208171 0.000605823 0.00460881 0.000353303 1.37195e-08 3.03453e-05 0.0109845 0.0424624 0.000753033 
0.0012792 0.0146614 0.00018639 0.00236555 0.00508123 0.0845576 0.17024 1.20117e-09 4.37458e-05 0.159928 1.5432e-09 0.00214387 0.000295877 0.149062 0.0518177 0.0266459 0.107824 0.00693709 0.0293257 0.00196335 6.64078e-06 0.0547849 0.00732677 0.12229 0.00123319 
0.0352184 0.00139455 0.000382719 0.090852 0.0436051 0.103362 0.241565 2.19261e-05 6.87516e-06 0.124979 3.32654e-05 0.00178595 8.4495e-05 0.0124379 0.0463288 0.0259947 0.0130506 0.000154158 0.127386 0.00478586 1.36432e-06 0.0748081 0.0220783 0.020749 0.00893366 
0.00625345 0.00543407 0.000303174 0.0229918 0.023248 0.169793 0.301396 2.1986e-05 0.0082261 0.125493 6.12521e-08 0.00183652 0.000531165 0.00201069 0.0571398 0.0296734 0.0290934 0.0292067 0.0343481 0.0329184 2.95257e-06 0.0807922 0.0140541 0.00718463 0.0180472 
0.00346968 0.00113219 0.00883874 0.00274111 0.000471491 0.24512 0.283898 0.00677462 0.000114765 0.201071 6.75006e-08 0.00303582 9.6364e-05 0.0216975 0.0890129 0.0484495 0.000398167 0.000567124 0.015398 0.00437658 6.72992e-06 0.0468483 0.00587875 0.00989571 0.000707464 
0.000975599 1.21868e-05 1.99275e-05 0.00406744 0.00015233 0.370861 0.406862 5.98918e-10 0.00375576 0.119255 1.54999e-10 1.73794e-05 3.39299e-05 0.000117777 0.00902636 0.0138028 0.000365702 0.000180455 0.00523946 0.000353966 1.12127e-07 0.0634112 0.00123185 0.000138087 0.000120092 
0.00011499 1.54196e-05 1.90964e-08 0.0644812 0.0258493 0.000118914 0.90795 1.71605e-08 3.25242e-09 0.000628098 8.84074e-06 2.56175e-09 1.53639e-08 5.83223e-05 0.000167835 0.000196577 5.86808e-06 6.38882e-09 0.000215556 6.1638e-09 1.59132e-08 3.1408e-09 4.27605e-05 1.3207e-09 0.000145719 
0.000354238 0.00651991 4.68072e-05 0.00113963 0.00630324 0.00122793 0.688712 2.66992e-05 6.72549e-06 0.0279332 4.38511e-07 6.90246e-05 3.05589e-07 0.00220019 0.00112536 0.129215 0.0765682 0.0252305 0.0238376 0.000469789 0.000791568 0.00318534 0.000198812 0.00147351 0.00336475 
0.000141453 3.47808e-08 3.53515e-06 0.000196093 0.000347363 0.00497523 0.668041 5.21558e-05 2.12794e-06 0.236438 2.09713e-10 7.44927e-05 6.99633e-07 0.0358993 0.000958517 6.96344e-08 0.0456289 0.000403646 8.45061e-05 1.27338e-08 1.56319e-07 0.00230546 0.000132877 0.00416217 0.000152624 
6.5386e-05 0.0337741 0.00165067 0.000161287 5.29722e-05 0.0161107 0.780677 9.9123e-11 8.19258e-06 0.00185152 0.00245796 0.00156308 0.000593739 0.0221004 0.0507098 0.00760767 0.0208171 0.000605823 0.00460881 0.000353303 1.37195e-08 3.03453e-05 0.0109845 0.0424624 0.000753033 
0.00149801 0.00191818 0.00225617 0.0079965 0.000800568 0.259638 0.491783 4.71248e-05 0.000104455 0.0494708 2.60377e-09 0.00078788 0.00363438 0.0319077 0.0205259 0.00425709 0.0292102 0.00241508 0.0213424 0.00816447 1.8693e-06 0.0241218 0.000732789 0.0368479 0.000537496 
0.00332787 0.00117788 0.000967197 0.00919878 0.0020206 0.17306 0.482669 4.53712e-06 4.85293e-05 0.042897 1.57822e-06 0.00981966 0.000132458 0.0170467 0.112543 0.00792675 0.0344921 0.00394496 0.0110577 0.047919 3.00751e-05 0.0215386 0.00170673 0.0157063 0.00076377 
0.0181383 0.000961434 0.00205709 0.0310745 1.02632e-06 0.0947127 0.271378 6.86633e-11 0.00299211 0.199987 8.82146e-11 1.16406e-05 0.000191624 0.00964126 0.212339 0.0743246 0.0366506 1.83275e-08 0.0214686 6.89325e-05 4.27773e-06 0.0141685 2.85869e-05 8.15125e-05 0.00971887 
2.52759e-06 3.84164e-07 7.10989e-09 6.68869e-06 2.01876e-09 0.0303992 0.964263 6.38911e-09 1.1345e-06 0.00307684 8.20836e-09 9.53776e-10 3.16145e-06 1.05918e-09 0.000819944 1.53877e-05 4.02362e-07 9.63141e-07 2.24334e-06 2.28373e-07 5.92472e-09 0.00123707 5.68778e-06 0.000162174 2.73204e-06 
0.00315323 3.03387e-07 1.70265e-05 0.000668497 0.0217993 0.300419 0.32488 1.13446e-06 0.00378081 0.0297555 5.56268e-09 0.000238205 0.000192419 0.00257232 0.0685542 0.0383891 0.00660283 0.000172764 0.0538671 1.58463e-05 1.41236e-05 0.0889745 0.0548571 0.00102558 4.8533e-05 
0.00271484 2.39973e-05 2.50684e-05 0.00136894 0.00149885 0.0698266 0.460219 5.73946e-08 1.86854e-06 0.22962 4.62329e-08 0.00262363 3.51928e-05 0.000874466 0.186045 0.0023693 0.00232481 0.000144632 0.0185044 0.0108661 1.12991e-06 0.00789901 0.00140148 0.00161161 8.6829e-09 
0.0042053 0.0014416 0.000948056 0.0378238 0.0146446 0.124676 0.410605 0.000498724 0.00510773 0.0104551 2.97141e-05 0.0376231 0.000479393 0.0035245 0.00517182 0.16733 0.0131622 0.0185757 0.0335626 0.022057 1.99199e-05 0.0637377 0.00748516 0.0131326 0.00370284 
0.011675 0.000300564 0.000467292 0.00351299 0.00131981 0.347795 0.459203 7.95519e-07 0.000922524 0.0513498 0.000199189 0.00077787 8.23376e-05 0.00448584 0.0168749 0.0107404 0.00424933 0.000883739 0.0354622 0.00295733 1.63791e-06 0.0337908 0.010001 0.00279626 0.000150835 
0.0172395 0.000651305 0.000125923 0.00486075 0.04851 0.21184 0.377469 6.17941e-05 0.000159414 0.00632032 5.50496e-07 0.00158252 0.000855743 0.00157401 0.0199753 0.0105904 0.0353725 0.00926258 0.119975 0.0119153 4.59367e-05 0.0780973 0.0285982 0.0127596 0.00215785 
0.0022691 0.000717507 0.00230965 0.0257981 0.000720517 0.217937 0.551307 1.70296e-07 3.98088e-05 0.0454893 1.68047e-09 0.00254147 0.000416395 0.012063 0.0336794 0.00993162 0.0247501 0.00995343 0.00806779 0.00746485 9.74925e-06 0.0213073 0.00923485 0.0106565 0.0033355 
0.00267861 0.000321557 4.40489e-05 0.0057429 0.00824976 0.279017 0.402549 2.71995e-06 0.00100966 0.0730386 8.00557e-06 0.00355581 0.0158594 0.0104146 0.028203 0.00893441 0.0414121 0.00186225 0.033288 0.004698 5.84189e-06 0.0410564 0.0266516 0.0107404 0.000656098 
0.0112393 0.000386223 4.44621e-06 0.016359 0.00391055 0.0580875 0.725058 6.77815e-08 2.54769e-05 0.0485198 1.36792e-08 0.000267684 0.000434042 0.0044301 0.0357903 0.00621437 0.00563693 0.000101612 0.0044316 0.000785012 2.7258e-06 0.0589423 0.00291849 0.0105842 0.00587069 
0.00354972 0.0974678 0.0142791 0.000768239 0.000300617 0.0616816 0.398358 4.20577e-07 0.012198 0.011439 0.00460865 0.00912915 0.000298077 0.0400526 0.0843319 0.0118094 0.0664521 0.00684885 0.0100161 0.00224162 3.57681e-06 0.00581124 0.012514 0.1446 0.00124033 
0.00248115 0.000810067 0.00991708 0.0277211 0.00160829 0.256537 0.354063 4.02826e-07 0.00243472 0.0651504 2.52314e-08 0.000435822 0.00023824 0.00769442 0.135412 0.0101277 0.0128348 0.00683785 0.0428234 0.000756057 9.73092e-07 0.0470093 0.00864867 0.00608361 0.000374408 
1.52921e-07 5.35159e-12 6.59025e-08 0.0200164 1.49494e-06 0.192298 0.664606 2.02556e-11 2.76483e-06 0.0255253 3.22546e-10 1.05584e-06 2.0857e-05 2.23028e-05 0.00572286 0.0045471 5.80762e-06 0.000859843 0.0032704 2.59159e-06 2.77937e-09 0.0694612 0.013635 1.76849e-08 1.7965e-08 
5.46214e-06 8.27752e-07 1.5152e-09 1.44667e-05 4.30222e-10 5.84996e-05 0.999822 1.3616e-09 2.45185e-06 3.59242e-05 1.7493e-09 2.03261e-10 6.82786e-06 2.25723e-10 1.00176e-05 3.06986e-06 8.6899e-07 2.07888e-06 4.85116e-06 4.89553e-07 1.26263e-09 2.47464e-05 3.53382e-10 1.76059e-06 5.9027e-06 
0.233822 0.000237578 0.000121398 0.00153851 0.00025891 0.0459841 0.355969 4.05518e-07 7.68575e-08 0.0487193 9.48304e-05 1.29242e-05 0.0052668 0.00769572 0.0782845 0.00164828 0.152957 0.0111241 0.00236351 0.000323373 3.76043e-07 0.0275037 0.0177475 0.00809461 0.000231911 
0.000104122 0.00750259 0.000414077 0.00644235 0.000126201 0.0843322 0.514528 0.000106631 0.00810419 0.0425549 4.20065e-07 0.000198896 0.000204958 0.115908 0.0954236 0.00376555 0.00820063 0.0015481 0.0274644 0.000119631 0.000275015 0.0278644 0.0022925 0.0456062 0.00691223 
6.13049e-05 0.00036736 7.46141e-08 0.00110372 0.000209283 0.0514435 0.772688 1.38454e-10 1.7265e-05 0.0146883 2.82095e-08 0.00148526 6.9053e-05 0.0209811 0.0205589 0.0300686 0.0305647 0.0241553 0.00296967 0.00128841 1.28391e-10 0.00247305 0.00444187 0.0142472 0.00611834 
0.0139824 3.78586e-05 0.00111908 0.0479167 0.00189564 0.119191 0.461438 0.000607032 0.0485923 0.000649957 1.41817e-09 0.00313687 0.000749822 0.00134034 0.00502656 0.00138556 0.00785509 0.0042575 0.106348 0.0205342 4.1117e-06 0.151075 0.00187084 0.000761087 0.000226346 
0.00313329 0.00138376 0.00283393 0.025828 0.00587507 0.342815 0.36246 4.40441e-06 0.0273182 0.00999622 2.26655e-10 0.00110019 0.000396964 0.000330212 0.0188299 0.0605709 0.0130804 0.00904878 0.0396417 0.00662523 3.26618e-05 0.0550116 0.00600559 0.00746687 0.000211468 
0.000304085 0.000609911 0.00363287 0.0211242 0.00260126 0.081484 0.373594 9.43298e-06 0.0126996 0.0222126 3.48611e-12 5.47491e-08 0.00689454 0.000635103 0.0116316 0.00360585 0.0162832 0.136441 0.0165621 0.000605463 1.41213e-08 0.285263 0.00216511 0.00158667 5.50252e-05 
6.52894e-07 0.00129966 0.000594163 3.0017e-07 0.00115843 0.000278354 0.983505 1.43239e-06 2.71481e-07 0.000256296 1.84026e-06 2.1383e-07 1.28243e-06 2.3746e-07 0.00219225 2.18194e-07 0.00309465 0.000828508 0.000335431 5.14495e-07 1.32828e-06 0.00118125 0.000797064 0.00041475 0.00405542 
0.000102404 0.000382624 1.74213e-05 0.0326213 0.000159399 0.0981348 0.537645 0.00253276 5.49192e-05 0.0105741 1.40784e-06 1.37629e-06 0.000498519 0.0133817 0.0581038 0.00358895 0.0687048 0.016641 0.00208069 0.00176974 2.30277e-07 0.138917 5.45615e-05 0.0132502 0.000781562 
6.13049e-05 0.00036736 7.46141e-08 0.00110372 0.000209283 0.0514435 0.772688 1.38454e-10 1.7265e-05 0.0146883 2.82095e-08 0.00148526 6.9053e-05 0.0209811 0.0205589 0.0300686 0.0305647 0.0241553 0.00296967 0.00128841 1.28391e-10 0.00247305 0.00444187 0.0142472 0.00611834 
0.00590573 0.0021232 0.00252866 0.0683547 0.0132042 0.053545 0.325653 0.000135289 0.0108243 0.061442 7.05777e-07 0.0114707 0.00103583 0.00380714 0.037039 0.0353601 0.152322 0.0233302 0.0186926 0.0376887 4.75718e-05 0.044631 0.0046994 0.0208574 0.0653022 
0.00142231 0.000554056 0.000759547 0.00336698 9.7448e-05 0.293967 0.473695 2.36559e-07 3.03756e-05 0.0883737 4.43326e-09 0.00274005 0.000220506 0.00600957 0.0456321 0.00382527 0.00209953 0.00574922 0.0126378 0.0202785 1.64997e-06 0.0277954 0.00478602 0.00557455 0.000383332 
0.00279647 0.000164067 7.58512e-05 0.00124511 0.0128415 0.186654 0.346867 0.075936 0.022703 0.00432041 0.000978337 0.00140307 0.000117102 0.00223403 0.0946929 0.0542771 0.0661769 0.000359952 0.023324 0.0162537 0.000260665 0.0810153 0.00181625 0.00322008 0.000266639 
0.000332134 0.000657021 1.70233e-06 0.00425106 0.00291185 0.326849 0.522605 3.94464e-10 2.19387e-06 0.0504347 4.63346e-07 0.0022085 0.0161011 0.00187055 0.024872 0.00279567 0.00128331 0.00149077 0.0109939 0.00212278 1.06405e-06 0.011198 0.0155307 0.00143058 5.54262e-05 
0.00354108 0.000624847 0.00124215 0.0958354 0.00367134 0.185121 0.23874 2.58792e-05 0.00307035 0.0190808 1.10387e-06 0.0184341 0.000657729 0.0126662 0.159184 0.0182487 0.0176832 0.00717143 0.137566 0.0307507 9.63599e-06 0.0275065 0.0141586 0.00456717 0.000441478 
0.00248115 0.000810067 0.00991708 0.0277211 0.00160829 0.256537 0.354063 4.02826e-07 0.00243472 0.0651504 2.52314e-08 0.000435822 0.00023824 0.00769442 0.135412 0.0101277 0.0128348 0.00683785 0.0428234 0.000756057 9.73092e-07 0.0470093 0.00864867 0.00608361 0.000374408 
0.00303968 0.00978077 0.000622735 0.0583461 0.00474946 0.144626 0.358891 6.23411e-05 0.00493899 0.019151 1.23397e-08 0.0082185 0.00444451 0.0965177 0.0580611 0.0116841 0.0495959 0.00487283 0.109223 0.00485363 0.000291386 0.0129922 0.0193758 0.0150963 0.000564464 
0.0104031 0.00069083 0.000157025 0.0369939 0.00207554 0.227422 0.32973 6.34376e-12 0.00010265 0.0525022 8.15009e-12 0.0265274 0.0914075 0.0158921 0.0392036 0.00426862 0.0535684 3.84321e-05 0.0556027 0.00185445 1.47744e-05 0.0127653 0.00937889 0.00723908 0.022161 
0.00296794 0.000272463 0.00102618 0.0117218 0.00940814 0.209093 0.517893 6.25119e-06 0.00312236 0.0381374 1.14342e-08 0.00126927 9.7364e-05 0.00162281 0.0354458 0.0036775 0.000832854 0.001432 0.0782894 0.010122 3.26162e-06 0.06352 0.00659054 0.00321715 0.000232036 
0.00209564 0.00188125 9.52537e-06 0.126435 0.00856696 0.169424 0.17377 0.0012343 0.000175728 0.125149 0.0005789 0.0086187 0.000426134 0.00551239 0.0761117 0.00647609 0.150849 0.0167991 0.0348909 0.00240017 2.42177e-05 0.0578606 0.0027381 0.0267253 0.00124814 
0.000692909 0.000469002 8.87217e-06 0.00186536 0.00340397 0.21653 0.382303 6.60378e-05 0.0130169 0.00800273 2.76352e-07 0.000231832 0.000187754 0.0228121 0.00548691 0.00361871 0.114316 0.0359455 0.00535808 0.000512165 3.59936e-05 0.0231145 0.00058677 0.0117783 0.149656 
0.00232368 0.00206105 0.000648199 0.00112784 0.000231298 0.250298 0.546903 0.00071805 8.84331e-05 0.0407473 4.75735e-09 0.00167672 0.00027822 0.0185321 0.00860713 0.00510912 0.0351443 0.000962546 0.00383176 0.000523054 7.31468e-08 0.0262168 0.00053525 0.0500725 0.00336285 
0.00667667 0.0087787 3.33233e-06 0.0182108 0.00650824 0.0873551 0.226827 2.31123e-05 0.000137051 0.0463982 5.70986e-10 0.0233081 0.000111888 0.00215328 0.0376311 0.0911399 0.0299441 0.173819 0.0419248 0.0142854 0.000137631 0.0160734 0.0296569 0.136988 0.00190839 
0.000271159 4.10613e-05 0.000819862 0.000530262 0.000218237 0.201958 0.304038 0.00509857 0.000522522 0.00105361 0.000212739 0.00124625 0.000109687 0.000940114 0.00407154 0.00223217 0.194931 0.000774392 0.00560925 0.222777 4.1916e-06 0.0511614 0.000174965 0.00115561 4.70989e-05 
0.000169531 0.00171223 5.18792e-05 0.00454775 0.000600794 0.145417 0.351597 8.67567e-11 0.0208399 0.0177657 3.57983e-05 0.00118978 0.00326733 0.0128265 0.02332 0.0134185 0.0876676 0.0030851 0.00589304 0.000420881 3.86397e-09 0.303805 0.000670386 0.00163305 6.5666e-05 
0.0333184 0.0037074 3.88428e-05 0.015586 0.00244959 0.11895 0.417614 5.24276e-10 3.86334e-05 0.30764 3.67938e-12 5.34527e-05 0.00049942 0.0039777 0.0229888 0.00781882 0.00694769 0.000678047 0.0196085 0.00134043 2.57598e-05 0.0137545 0.00356242 0.017484 0.00191825 
6.5386e-05 0.0337741 0.00165067 0.000161287 5.29722e-05 0.0161107 0.780677 9.9123e-11 8.19258e-06 0.00185152 0.00245796 0.00156308 0.000593739 0.0221004 0.0507098 0.00760767 0.0208171 0.000605823 0.00460881 0.000353303 1.37195e-08 3.03453e-05 0.0109845 0.0424624 0.000753033 
0.000114607 0.00437091 0.000127765 0.0184406 0.00836807 0.179079 0.49456 3.21352e-07 0.00019493 0.00805846 0.00112772 0.00813416 0.000691216 0.00483509 0.0278367 0.0162853 0.0437726 0.0413704 0.0198345 0.0094031 0.000430762 0.0626718 0.0364222 0.00979095 0.00407828 
0.000169531 0.00171223 5.18792e-05 0.00454775 0.000600794 0.145417 0.351597 8.67567e-11 0.0208399 0.0177657 3.57983e-05 0.00118978 0.00326733 0.0128265 0.02332 0.0134185 0.0876676 0.0030851 0.00589304 0.000420881 3.86397e-09 0.303805 0.000670386 0.00163305 6.5666e-05 
6.13049e-05 0.00036736 7.46141e-08 0.00110372 0.000209283 0.0514435 0.772688 1.38454e-10 1.7265e-05 0.0146883 2.82095e-08 0.00148526 6.9053e-05 0.0209811 0.0205589 0.0300686 0.0305647 0.0241553 0.00296967 0.00128841 1.28391e-10 0.00247305 0.00444187 0.0142472 0.00611834 
0.00345121 0.00110027 0.0123356 0.0178818 0.0107796 0.181348 0.291581 0.000173297 0.000451504 0.0241332 3.72717e-08 0.00386331 0.000110532 0.00597596 0.0820657 0.00978525 0.0748329 0.0085445 0.0148463 0.0398382 9.96034e-06 0.160649 0.00583857 0.0287038 0.0217012 
0.116442 0.0693364 0.0488549 0.000672893 0.0507616 0.0398877 0.151696 2.79131e-05 1.92086e-05 0.0233287 0.00193617 0.00012395 0.000329035 0.00553374 0.0725429 0.0513244 0.0440242 0.000142903 0.0700765 3.4842e-05 0.0284381 0.0804424 0.115224 0.0287037 9.59683e-05 
0.00125422 0.00071877 0.000129346 0.0660745 0.00238711 0.161639 0.332052 0.000875008 0.000128288 0.185852 1.00604e-08 0.00280946 0.000525136 0.0386313 0.031438 0.0835382 0.0436107 0.00272397 0.00934372 5.614e-05 4.05474e-06 0.00791135 0.00245451 0.0245718 0.00127229 
0.00709073 0.0090627 0.000102825 0.00377417 0.00204616 0.0854933 0.660911 4.14335e-07 2.96198e-05 0.0532786 3.12896e-07 5.01423e-06 3.01267e-08 0.00204852 0.0332799 0.0117763 0.0567142 0.00877144 0.0124492 0.000339753 6.89867e-06 0.00929915 0.00144683 0.0241977 0.0178756 
0.00464568 0.016422 0.00392096 0.00881821 0.0110639 0.15421 0.396741 9.72565e-08 0.048472 0.0498299 3.66461e-08 0.00921206 0.00277474 0.00710854 0.0415674 0.00388268 0.0214104 0.00216266 0.153815 0.0109904 4.77688e-05 0.0252248 0.015608 0.0109664 0.00110467 
0.00198512 4.65541e-05 1.52809e-06 0.00214135 0.0219878 0.296927 0.324956 0.00340182 0.000579067 0.0444263 4.56422e-10 0.00158603 3.20542e-05 0.00640405 0.0332599 0.0423543 0.137338 0.00478566 0.0050884 0.00228316 2.58431e-05 0.0643021 0.000313773 0.00559429 0.000180354 
0.000507109 3.2667e-05 0.0429732 0.0169718 0.000673151 0.10375 0.712367 2.8056e-05 4.54977e-06 0.0174953 1.00467e-07 7.30567e-06 0.000158267 0.000196614 0.0195142 0.0023813 0.00800521 0.0385878 0.00191056 0.00109978 7.74344e-07 0.0273642 0.00541107 0.000543547 1.66326e-05 
0.00241358 0.011757 0.0155369 0.0112223 0.000756265 0.114713 0.291515 3.68545e-06 7.31364e-05 0.199885 6.66703e-07 0.00177192 0.000103211 0.0378744 0.172391 0.00642511 0.00338579 0.00405362 0.0281379 0.00522466 4.0752e-07 0.0626932 0.00663711 0.0230921 0.000333352 
0.0556888 0.00745585 4.99376e-06 0.00469301 0.0232015 0.0589554 0.685484 1.09955e-05 0.000454006 0.0254 7.98656e-09 0.000436411 0.000189496 1.42286e-06 7.29693e-05 0.0284892 0.00341945 0.000111086 0.0936036 0.000682295 2.47595e-06 0.00958491 0.000273652 0.00162068 0.000163719 
0.000507109 3.2667e-05 0.0429732 0.0169718 0.000673151 0.10375 0.712367 2.8056e-05 4.54977e-06 0.0174953 1.00467e-07 7.30567e-06 0.000158267 0.000196614 0.0195142 0.0023813 0.00800521 0.0385878 0.00191056 0.00109978 7.74344e-07 0.0273642 0.00541107 0.000543547 1.66326e-05 
0.0038066 0.00334977 1.39084e-06 0.00146124 7.32427e-05 0.0693802 0.486982 2.12195e-10 6.65117e-06 0.256618 1.7885e-07 0.00036136 4.02476e-06 0.000416707 0.0361236 0.00507974 0.000929118 1.20684e-06 0.0458237 0.000460033 3.99591e-07 0.0686154 0.00188134 0.0182385 0.000385615 
0.002956 0.000159026 4.62059e-06 0.0036571 0.000756826 0.153058 0.550454 2.26209e-05 5.54752e-05 0.104942 2.36027e-11 3.38359e-05 0.00157207 0.00635933 0.0179692 0.00909858 0.00410843 0.00485734 0.0516584 0.000209205 5.74206e-05 0.0789714 0.00813601 0.000769646 0.000133775 
0.00100325 0.000229319 0.000176362 0.02903 0.00255511 0.156919 0.598795 2.4554e-11 1.45049e-05 0.0275681 1.54661e-08 0.00187551 0.0237426 0.00668669 0.0162625 0.0103149 0.0822286 0.00831411 0.00338212 0.00600049 5.14617e-05 0.00455419 0.012192 0.00457853 0.00352507 
2.00098e-05 4.36649e-06 1.05131e-06 0.00295794 0.000404282 0.208689 0.664143 5.80009e-09 1.98437e-07 0.00532867 0.000816086 6.55465e-06 4.76425e-05 0.000384773 0.000451525 0.0033521 1.14522e-06 8.932e-06 0.103658 8.4599e-05 7.00336e-08 0.0029235 0.00602354 0.000692257 6.49277e-07 
0.000971932 0.000210796 0.000559007 0.0026829 0.0105488 0.256571 0.295498 0.00312061 5.7978e-05 0.158857 8.66721e-09 2.64241e-05 0.000725814 0.0151678 0.0618407 0.0594221 0.0905433 0.00148307 0.00466793 0.000814282 0.000453663 0.00976546 0.000207084 0.0245575 0.00124702 
0.000692909 0.000469002 8.87217e-06 0.00186536 0.00340397 0.21653 0.382303 6.60378e-05 0.0130169 0.00800273 2.76352e-07 0.000231832 0.000187754 0.0228121 0.00548691 0.00361871 0.114316 0.0359455 0.00535808 0.000512165 3.59936e-05 0.0231145 0.00058677 0.0117783 0.149656 
0.000789547 0.000277425 0.000109382 0.0035204 0.000143703 0.165207 0.627643 1.64328e-11 1.95311e-05 0.00762812 2.11119e-11 0.000489865 0.137943 0.00468203 0.00301324 0.000450845 0.0116945 0.00142207 0.0132445 0.00437916 4.10784e-06 0.00428514 0.00773032 0.00490414 0.000418912 
0.000737705 0.00732076 0.00457408 0.0345589 0.000540892 0.198879 0.402504 0.000969432 3.29974e-05 0.0449026 2.72384e-05 0.00211449 0.000316468 0.0119618 0.165244 0.036402 0.0345024 0.00300118 0.0178247 0.00756176 3.48356e-05 0.00491581 0.0105537 0.00966347 0.000855984 
0.000507109 3.2667e-05 0.0429732 0.0169718 0.000673151 0.10375 0.712367 2.8056e-05 4.54977e-06 0.0174953 1.00467e-07 7.30567e-06 0.000158267 0.000196614 0.0195142 0.0023813 0.00800521 0.0385878 0.00191056 0.00109978 7.74344e-07 0.0273642 0.00541107 0.000543547 1.66326e-05 
0.00213112 0.000435686 0.000231848 0.0318181 0.00369962 0.113392 0.26342 0.0436892 0.000889001 0.0425958 1.50733e-08 0.000975867 0.000250311 0.0120239 0.0222101 0.0265623 0.172981 0.0883471 0.0175266 0.000929676 2.88563e-05 0.14078 0.00115871 0.00650166 0.00742192 
0.000115652 0.00108485 5.66496e-05 3.27462e-05 0.000764556 0.0182111 0.841326 0.00013922 1.81313e-05 0.0195196 3.94419e-08 0.000406802 0.000189663 0.000262835 0.0139159 0.0174162 0.0351835 0.000224069 0.048763 5.42321e-06 0.000562601 0.00010015 0.000418779 0.00126403 1.84342e-05 
0.00221784 0.0267604 1.30861e-07 0.00246961 0.00018982 0.074091 0.38217 1.59671e-08 5.67681e-06 0.358551 1.05977e-09 0.000333708 9.77121e-07 0.0197786 0.0156551 0.00153562 0.000806614 0.000112164 0.00285138 5.17713e-06 1.09994e-07 0.0242998 6.25518e-06 0.0879009 0.000257381 
0.000275901 0.0402218 0.000833316 0.00198917 0.000547409 0.0106299 0.449171 5.58462e-10 4.03936e-05 0.00203002 0.00115463 0.25924 0.000330201 0.0319799 0.0897362 0.00548074 0.0106753 0.000904027 0.0171314 0.0249241 9.88434e-08 0.000266455 0.00934731 0.0420641 0.00102707 
0.00489631 0.000246379 0.000863502 0.0287963 0.00637401 0.0214986 0.458447 1.58082e-07 0.026643 0.0957457 2.28091e-07 7.06784e-05 0.000129078 0.0078317 0.0424487 0.00978253 0.00166314 0.000878599 0.0363086 0.000934924 1.7454e-06 0.250418 0.00211649 0.00382457 8.07291e-05 
6.13049e-05 0.00036736 7.46141e-08 0.00110372 0.000209283 0.0514435 0.772688 1.38454e-10 1.7265e-05 0.0146883 2.82095e-08 0.00148526 6.9053e-05 0.0209811 0.0205589 0.0300686 0.0305647 0.0241553 0.00296967 0.00128841 1.28391e-10 0.00247305 0.00444187 0.0142472 0.00611834 
0.0113345 0.000949419 0.00137599 0.0106841 0.00746297 0.14617 0.661792 4.12481e-06 4.91222e-05 0.0550408 3.45042e-10 0.00023489 0.000242037 0.0028137 0.0320621 0.00520089 0.000656441 0.000741713 0.0191156 0.000789945 3.75451e-06 0.0319108 0.00623174 0.0049 0.000233929 
0.0201302 0.00181607 3.95756e-05 0.0204573 0.0271345 0.133821 0.262606 4.59225e-11 2.1778e-05 0.0864889 0.00484684 0.000277333 0.0216967 0.0364741 0.0233198 0.0029694 0.152526 0.00206604 0.104305 0.00129802 8.50739e-07 0.0230437 0.0199598 0.0424253 0.0122756 
0.00694577 0.00633367 0.00116071 0.0168685 0.022907 0.188838 0.263604 0.000177648 0.00921208 0.0667692 2.75064e-06 0.011427 0.000735361 0.0319136 0.0983178 0.00937804 0.0586757 0.0252031 0.071705 0.00706107 4.73853e-05 0.0374384 0.0208992 0.0407345 0.00364498 
0.00883342 0.0055405 0.000286091 0.0398082 0.0304715 0.029703 0.308843 5.82909e-10 4.93973e-07 0.0148125 5.52872e-07 0.036468 0.0686045 0.00259436 0.301419 0.00150197 0.00151009 1.04291e-05 0.0664233 0.0362728 8.45034e-08 0.0131725 0.0210893 0.0121791 0.000455713 
0.00369927 0.000190332 8.034e-05 0.000934247 0.0141654 0.139992 0.324836 0.056956 0.0170323 0.00700559 0.000734654 0.00116437 8.80262e-05 0.00427208 0.228965 0.0407092 0.0551789 0.000270178 0.0174944 0.0121915 0.000195885 0.060765 0.00776428 0.00511418 0.000200132 
0.00443277 0.00316296 2.79372e-05 0.0020805 0.0044306 0.210796 0.470081 0.00304265 0.000457088 0.0715778 0.000216543 0.0417676 0.00148486 0.0051194 0.00730329 0.00245079 0.0590707 0.0175001 0.00993525 0.0122006 1.6462e-05 0.0564163 0.000996309 0.0115655 0.00386711 
6.5386e-05 0.0337741 0.00165067 0.000161287 5.29722e-05 0.0161107 0.780677 9.9123e-11 8.19258e-06 0.00185152 0.00245796 0.00156308 0.000593739 0.0221004 0.0507098 0.00760767 0.0208171 0.000605823 0.00460881 0.000353303 1.37195e-08 3.03453e-05 0.0109845 0.0424624 0.000753033 
0.000279811 2.53485e-06 2.92029e-05 0.00147603 0.00159175 0.0815879 0.523731 0.00446403 0.000731778 0.0072987 4.8442e-09 0.000830304 0.000389138 0.00388314 0.0010774 0.000602083 0.0161116 0.00878651 0.0140655 0.0327794 1.22719e-06 0.296555 0.000414709 0.0030295 0.000281975 
0.00164662 0.00101291 0.00951967 0.000839584 0.00272246 0.0948175 0.326348 6.79525e-06 0.0068854 0.252812 0.00102026 6.73049e-05 1.30312e-05 0.00445265 0.00282125 0.00169517 0.0243195 0.000617454 0.0178855 1.81558e-05 2.16331e-08 0.247702 0.000166634 0.00257897 3.08772e-05 
6.13049e-05 0.00036736 7.46141e-08 0.00110372 0.000209283 0.0514435 0.772688 1.38454e-10 1.7265e-05 0.0146883 2.82095e-08 0.00148526 6.9053e-05 0.0209811 0.0205589 0.0300686 0.0305647 0.0241553 0.00296967 0.00128841 1.28391e-10 0.00247305 0.00444187 0.0142472 0.00611834 
6.13049e-05 0.00036736 7.46141e-08 0.00110372 0.000209283 0.0514435 0.772688 1.38454e-10 1.7265e-05 0.0146883 2.82095e-08 0.00148526 6.9053e-05 0.0209811 0.0205589 0.0300686 0.0305647 0.0241553 0.00296967 0.00128841 1.28391e-10 0.00247305 0.00444187 0.0142472 0.00611834 
0.000141453 3.47808e-08 3.53515e-06 0.000196093 0.000347363 0.00497523 0.668041 5.21558e-05 2.12794e-06 0.236438 2.09713e-10 7.44927e-05 6.99633e-07 0.0358993 0.000958517 6.96344e-08 0.0456289 0.000403646 8.45061e-05 1.27338e-08 1.56319e-07 0.00230546 0.000132877 0.00416217 0.000152624 
0.0018783 0.00567515 0.00308003 0.0103658 0.0186764 0.154792 0.260339 0.00266078 0.000132243 0.0675445 3.06595e-09 0.00101364 0.00335219 0.00844794 0.0632926 0.0256705 0.0670443 0.00525096 0.0482443 0.0187362 2.73865e-05 0.0308746 0.17726 0.0244917 0.00114951 
0.00186365 0.00180142 0.00036605 0.00564208 0.00559819 0.279273 0.393351 0.0107681 0.000448656 0.0147008 3.90203e-08 0.000932019 0.000472248 0.0110516 0.0256824 0.0119595 0.120126 0.00145462 0.0256022 0.0016356 0.0217233 0.0215795 0.0242731 0.019582 0.000112746 
0.00271484 2.39973e-05 2.50684e-05 0.00136894 0.00149885 0.0698266 0.460219 5.73946e-08 1.86854e-06 0.22962 4.62329e-08 0.00262363 3.51928e-05 0.000874466 0.186045 0.0023693 0.00232481 0.000144632 0.0185044 0.0108661 1.12991e-06 0.00789901 0.00140148 0.00161161 8.6829e-09 
0.000313186 2.14475e-05 3.33164e-05 0.00271512 5.44909e-07 0.0268586 0.731363 0.00233679 4.1731e-05 0.0579101 3.45087e-07 6.03641e-08 0.000105521 0.00757737 0.087951 0.000945041 0.0241674 0.000848956 0.00418462 0.00088173 9.08169e-09 0.0515514 4.49938e-05 3.65886e-05 0.000111006 
0.000726933 0.00120595 0.000111041 0.00252657 0.000292472 0.279053 0.323984 9.24474e-05 3.71122e-05 0.208207 1.94034e-08 0.000383863 3.92669e-05 0.00916003 0.0365175 0.0037776 0.0015066 0.000516432 0.00486434 0.000361472 1.54995e-05 0.110708 0.000747424 0.0150588 0.000106004 
0.036697 0.00504262 3.78981e-06 0.0198862 0.00192886 0.101093 0.26156 2.7252e-05 0.000793356 0.14138 1.95133e-07 0.00188992 5.84256e-05 0.0259743 0.0233658 0.0245878 0.203078 0.00327794 0.00730983 0.00254293 8.5697e-05 0.0395269 0.00878914 0.0904734 0.000627887 
6.13049e-05 0.00036736 7.46141e-08 0.00110372 0.000209283 0.0514435 0.772688 1.38454e-10 1.7265e-05 0.0146883 2.82095e-08 0.00148526 6.9053e-05 0.0209811 0.0205589 0.0300686 0.0305647 0.0241553 0.00296967 0.00128841 1.28391e-10 0.00247305 0.00444187 0.0142472 0.00611834 
0.000661487 0.00142594 8.69118e-07 0.00791533 0.00282452 0.247932 0.507989 3.74452e-09 2.92041e-05 0.0545145 2.43772e-05 0.00963666 0.0150693 0.0104212 0.049249 0.00401337 0.0096814 0.00145551 0.0274716 0.0189117 9.98752e-07 0.00525411 0.0102657 0.0145173 0.000735135 
0.000614888 2.97543e-06 1.25324e-05 2.36003e-06 3.55842e-06 6.24817e-07 0.885362 1.12619e-05 2.13447e-06 0.104903 1.44687e-05 0.000334517 1.00829e-05 0.00319698 0.000283734 1.71551e-06 0.00263215 4.19279e-06 1.58589e-06 4.04512e-06 1.04434e-05 0.000908879 0.00118595 0.000488951 6.68703e-06 
6.5386e-05 0.0337741 0.00165067 0.000161287 5.29722e-05 0.0161107 0.780677 9.9123e-11 8.19258e-06 0.00185152 0.00245796 0.00156308 0.000593739 0.0221004 0.0507098 0.00760767 0.0208171 0.000605823 0.00460881 0.000353303 1.37195e-08 3.03453e-05 0.0109845 0.0424624 0.000753033 
0.00799998 8.42291e-05 0.000227881 0.0903201 0.0356285 0.0263534 0.668333 2.0234e-09 0.000103627 0.0138073 4.11186e-07 0.00010742 0.000101923 0.0029293 0.0149019 0.00653594 0.0602159 0.000269671 0.00114903 0.00027216 3.89616e-07 0.0646867 0.00147443 0.00428363 0.0002136 
0.00190445 3.32622e-08 0.000458197 0.0102796 0.00213607 0.110608 0.28938 0.00260905 0.129123 0.000108656 1.79235e-09 0.00164634 0.000199263 9.29023e-05 0.00557047 0.00106925 0.286858 0.0110166 0.0129392 0.0520506 0.000374072 0.0791299 0.000523425 0.00037502 0.00154798 
0.000570756 0.00119125 0.00036149 0.00361098 0.0106659 0.221157 0.237697 0.0052867 0.000381981 0.0170556 7.01271e-07 0.00416888 0.000888269 0.00126219 0.00824481 0.0116407 0.0831252 0.110343 0.0127518 0.00635161 0.000542955 0.16268 0.00264485 0.0567075 0.040669 
0.000580033 0.0053203 0.000429803 0.017864 0.0169249 0.198486 0.324707 1.1783e-06 0.00216709 0.0275806 3.13988e-06 0.0331826 0.128667 0.00722762 0.0188139 0.00686707 0.0461861 0.0124012 0.0444483 0.0444299 2.30668e-05 0.0452928 0.00131139 0.0169287 0.000156484 
0.000766363 0.00031814 0.00106264 0.00902516 0.000196866 0.261021 0.552237 9.396e-08 3.28388e-05 0.0655853 3.46099e-09 0.000945128 0.00524245 0.00581439 0.0260157 0.00616644 0.0174443 0.00353961 0.00474977 0.00232547 2.70872e-07 0.0285253 0.00332825 0.00533134 0.000325566 
0.00158034 0.000991636 0.00255882 0.00716835 0.000618454 0.220677 0.529773 1.70386e-07 3.98095e-05 0.056711 1.753e-09 0.00274403 0.0143148 0.0100939 0.0433868 0.00921106 0.0343601 0.00708704 0.00814445 0.00699261 4.858e-07 0.0229379 0.00330219 0.0164397 0.000865851 
0.00539517 0.00683493 0.00125222 0.0483359 0.00122215 0.285798 0.298548 1.22092e-08 0.00189291 0.0347105 2.25776e-07 0.0567952 0.0343317 0.00961125 0.0102611 0.0223901 0.0333348 0.00919636 0.0297832 0.000587004 3.54513e-08 0.0393258 0.0095356 0.0606696 0.000188909 
0.0105663 0.00241561 0.00112919 0.0204213 0.0149525 0.184875 0.234292 0.00010022 0.0037555 0.081275 0.00015666 0.0115323 0.0383962 0.0155038 0.0435297 0.0208561 0.0426774 0.0111585 0.0390693 0.0130824 2.42884e-05 0.109385 0.0753231 0.0226628 0.00285974 
