0.0364705 0.0493113 0.00323239 0.142781 0.0155491 0.0876288 0.00344409 0.0371332 0.00299409 0.334259 7.71243e-09 0.0143366 0.000504535 0.00506236 0.0648427 0.0168849 0.00270753 0.00182977 0.0664714 0.0154627 1.36948e-05 0.0400291 0.0365221 0.0223983 0.000130507 
7.97795e-05 0.0027645 0.000351133 0.00295592 0.00393649 0.00659876 0.00104729 1.64007e-10 5.14627e-05 0.824405 2.10707e-10 0.0359465 1.01483e-06 0.00788159 0.0427638 0.00393888 0.00483227 0.000778131 0.00384312 1.47996e-05 2.76203e-08 0.0240386 0.00826897 0.0253211 0.00018059 
0.00245818 0.00857001 0.000487173 0.0252379 0.0187525 0.111741 0.029692 1.13673e-05 0.00601139 0.193501 3.01912e-06 0.03657 0.000541905 0.0886502 0.111203 0.0376485 0.0163369 0.00321673 0.190855 0.00355375 3.91003e-06 0.0285964 0.0491016 0.0334303 0.00382634 
0.0181483 0.00954928 0.00200662 0.020738 0.0324859 0.0988105 0.00828843 7.614e-05 0.0010038 0.227858 4.49464e-05 0.023431 0.00020139 0.0312816 0.168608 0.0446517 0.0282756 0.00211066 0.15842 0.00510492 3.53866e-06 0.0399383 0.0283471 0.0497513 0.000865565 
0.0107172 0.00978712 0.00224457 0.00552546 0.0387034 0.188643 0.0125886 3.27671e-05 1.09677e-05 0.324615 6.29901e-05 0.014723 0.00102061 0.0428253 0.203072 0.0474343 0.0113974 0.00104739 0.0278203 0.00478232 3.41795e-06 0.0252433 0.00687827 0.0201202 0.000700878 
0.00140815 0.000433694 4.96782e-06 0.0254777 0.00116193 0.145905 0.00118882 5.7108e-05 0.00023664 0.165882 0.000198786 0.00646509 4.80199e-05 0.114944 0.140058 0.135635 0.0144005 0.0103579 0.0667526 0.000693631 1.51405e-06 0.10786 0.0055134 0.0551819 0.000133935 
0.000144446 0.00215592 6.23298e-06 0.000565673 0.00312282 0.00354752 2.43788e-05 1.36014e-06 1.86536e-06 0.426319 1.74743e-06 0.00200043 0.000758245 0.0286718 0.00881195 0.122874 0.216759 5.16249e-05 0.00480329 0.0735557 0.0350946 0.044661 2.35852e-05 0.0236775 0.00236668 
0.0140872 0.0126417 0.000778045 0.00685366 0.0588654 0.0888903 0.0767703 0.0037844 0.00118646 0.248193 8.25371e-07 0.00320113 0.000215767 0.0184808 0.0458781 0.0530424 0.0840225 0.0173771 0.0831521 0.00132124 3.21806e-05 0.056198 0.0398161 0.0571438 0.0280677 
0.000998637 0.00147649 0.000646897 0.0388262 0.0112385 0.117926 0.170288 1.18806e-06 5.09895e-05 0.427425 3.20848e-05 0.0065394 0.000466633 0.0204824 0.0323843 0.00804443 0.0624063 0.0020821 0.0283914 0.0182114 8.93214e-06 0.0156452 0.00803 0.0263438 0.00205332 
0.00639075 0.0794745 6.29737e-05 0.00178901 0.00667355 0.135298 0.00698382 3.92926e-08 2.6137e-07 0.15119 4.93146e-07 0.00875427 6.50702e-05 0.0405617 0.146158 0.146849 0.0435499 0.00923038 0.00342668 2.17253e-05 8.48201e-05 0.146635 0.0105273 0.0560832 0.000188876 
7.10705e-06 6.01386e-07 1.23213e-09 2.32027e-10 0.0132457 0.152062 0.0131814 3.97765e-07 0.000172043 0.546575 1.42249e-09 9.50711e-06 1.55469e-06 0.0518536 0.0206564 0.00137559 0.0436625 4.12216e-10 0.00202344 8.79561e-06 1.02674e-09 0.119175 1.51042e-05 0.0359732 1.46606e-06 
0.00233995 0.000628587 0.000360026 0.00544412 0.00234078 0.225876 0.112685 3.89474e-06 0.00783413 0.348757 2.44919e-06 0.00273679 0.000115431 0.0139544 0.134785 0.0674794 0.00390587 0.000534923 0.0171773 0.00148379 5.89715e-07 0.0373273 0.0015341 0.0125508 0.000141797 
0.00392803 0.0386421 5.40264e-06 0.0590129 0.00279843 0.0969007 0.00111242 1.9841e-05 0.00252168 0.406876 1.34733e-06 0.0141383 0.00318167 0.0257907 0.126859 0.019952 0.0321865 0.0193383 0.00759405 0.00467383 0.000109645 0.0730377 0.00637818 0.0460976 0.00884372 
0.00627522 0.00404938 0.000868405 0.0130622 0.067196 0.126923 0.0353378 0.00126759 0.0251955 0.346204 0.000153885 0.0103705 0.000124439 0.0226057 0.074561 0.0270119 0.0325253 0.00839719 0.0544702 0.0142427 5.27341e-05 0.0903958 0.00992247 0.0260956 0.00269101 
0.00149951 0.00134085 0.000188281 0.0680726 0.00455865 0.163801 0.0128123 6.81283e-06 5.03907e-05 0.252719 0.00301807 0.0311914 0.000490034 0.0198839 0.053783 0.027763 0.0162074 0.035876 0.0159424 0.0103007 4.04548e-06 0.245303 0.00507838 0.0297996 0.000309754 
0.000540566 4.52333e-05 0.000806585 0.000819271 0.00265326 0.14162 0.0535191 2.56172e-07 1.09503e-06 0.68959 1.00456e-06 3.49902e-06 0.000735551 0.00931128 0.0149899 0.00431818 0.00604215 2.0548e-05 0.00885648 0.0435015 4.5729e-06 0.0152939 0.00260001 0.00449978 0.000226032 
0.000135109 0.00374279 3.80257e-06 0.000204501 0.000636638 0.0260163 0.0726389 5.66815e-06 1.59226e-06 0.435999 6.88929e-07 0.000464573 6.91833e-07 0.033682 0.0486581 0.00710672 0.0184841 6.9518e-05 0.0125309 0.00337099 0.00223289 0.00392753 0.226671 0.103105 0.000309823 
0.00462568 0.0205626 9.01962e-05 0.044714 0.0029725 0.138085 0.185855 4.32757e-05 7.01105e-05 0.421162 5.90151e-06 0.00784 0.000834673 0.0102032 0.0283795 0.0230347 0.0155225 0.000926259 0.0444395 0.00227475 3.98532e-05 0.0257552 0.00381943 0.0167669 0.00197735 
0.00735289 0.00834777 9.64409e-06 0.000445464 0.010972 0.0157516 4.82888e-06 1.10055e-07 8.91006e-06 0.696698 1.41393e-07 7.27404e-05 8.04279e-06 0.0476804 0.0453707 0.0139972 0.137843 0.00712937 0.000149445 2.87807e-05 4.06927e-06 2.52795e-05 0.000116202 0.00797046 1.27667e-05 
0.0058259 0.00283251 0.00103597 0.011825 0.0127658 0.204228 0.0322958 0.000408753 0.00156741 0.429252 0.000688998 0.00722478 0.00129787 0.0235862 0.0477473 0.0395593 0.050728 0.00588915 0.0317724 0.00326995 0.000103965 0.0451441 0.0107396 0.024422 0.005789 
0.00666741 4.66912e-06 0.000117065 0.000969928 0.0086073 0.120946 0.0706964 1.43955e-05 0.000422914 0.561996 3.34442e-06 2.12524e-05 6.82961e-06 0.00762379 0.062114 0.0339928 0.030334 0.0304834 0.0298639 1.27336e-06 4.8554e-06 0.0278541 0.00619096 0.00012563 0.00093726 
0.00230595 0.0171187 0.00052392 0.00605883 0.0034016 0.0130814 0.0374395 4.70548e-06 0.0233076 0.730608 2.06598e-07 0.00067701 0.000111178 0.00212432 2.84473e-05 0.000950951 0.0725064 0.000434591 0.0127976 0.00975373 7.71313e-06 0.0274698 0.00097803 0.0380276 0.000282167 
0.00373269 8.65988e-05 5.37129e-07 0.000156817 0.00160373 0.0409592 0.0134436 4.71077e-08 8.71936e-07 0.817714 1.81407e-05 1.53383e-06 1.94138e-05 0.0179478 0.0249802 0.00165407 0.0194832 0.000596157 0.00509443 4.3694e-05 6.07221e-07 0.0471398 0.000418993 0.00445633 0.000447909 
0.00668678 0.00276671 0.000189712 0.00442744 0.0108252 0.00992136 0.0121794 3.96398e-07 3.04722e-06 0.846493 4.22111e-05 0.00161615 4.59948e-05 0.00406271 0.0112438 0.0190691 0.00623671 0.00090702 0.00764456 0.000809632 1.08501e-06 0.00186635 0.0241991 0.0286614 0.000100711 
0.0672778 0.00142118 2.71712e-05 0.00521472 0.0343339 0.05381 0.00647758 0.000493058 1.63885e-05 0.227386 0.00225893 0.0125467 0.000817711 0.0281776 0.0490326 0.0405639 0.134416 0.0124314 0.0268273 0.0138619 1.29832e-06 0.138387 0.0668331 0.0765548 0.00083232 
0.139233 0.00135308 4.42072e-05 0.00129931 0.00123823 2.24012e-07 1.86388e-06 7.0773e-11 0.000322925 0.785516 9.0925e-11 4.26009e-05 4.82841e-07 0.00830108 0.000730462 0.00209895 0.00465367 0.00406049 0.0161967 2.54206e-11 2.85488e-08 0.00430724 0.0110475 0.0183834 0.00116815 
8.12275e-08 4.03391e-06 0.000173842 0.0144744 0.00026993 0.0379357 0.0454612 1.78206e-07 2.64054e-05 0.390854 2.28949e-07 8.49432e-06 0.000115174 0.00386767 0.0109595 0.0256419 0.100927 0.000672296 0.0448842 2.1378e-06 1.65253e-07 0.298544 4.62508e-08 0.023153 0.00202352 
0.00534553 0.00557167 7.46983e-05 0.00850136 0.0344754 0.00415255 0.0471217 3.95623e-07 1.90297e-06 0.430208 7.46773e-05 0.000824417 0.000252601 0.016382 0.0144215 0.00786835 0.383157 0.00062017 0.00441216 0.000107679 3.88988e-06 0.0105594 0.0105178 0.0149853 0.000360238 
0.00227339 0.0119344 0.000274566 0.00172231 0.00500856 0.134206 0.00112762 9.06451e-05 3.70896e-05 0.424617 1.72718e-06 0.00497957 0.0108422 0.0175538 0.0499284 0.0452312 0.0573163 0.00348856 0.0125305 0.0121191 1.69593e-06 0.0209676 0.0299293 0.153652 0.000165494 
0.0303514 0.00409122 0.00390294 0.0147201 0.00487768 0.0999739 0.0269962 2.54424e-05 0.00380545 0.252096 0.000181309 0.00229919 0.000226405 0.0817931 0.0739662 0.00775574 0.0323571 0.147134 0.00926531 0.00298043 9.41296e-06 0.0825496 0.010459 0.0704657 0.0377173 
0.00115783 0.0013269 8.64272e-06 0.023205 0.00630867 0.0919247 0.0100017 2.86131e-06 9.09867e-05 0.354193 9.46112e-09 0.0101051 1.97542e-05 0.0283217 0.0109024 0.009099 0.19959 0.0501783 0.0194718 0.00934405 1.70816e-06 0.00579287 0.121379 0.0451557 0.00241735 
9.75276e-06 1.42494e-05 1.31327e-05 2.80873e-06 1.40221e-05 0.0240673 8.22626e-06 5.85373e-05 1.22045e-09 0.424141 5.07773e-06 3.70504e-07 0.00239885 0.0268525 0.158486 0.0955685 0.0138633 4.92156e-05 0.0122353 1.24037e-05 3.33831e-07 0.223887 0.00080156 0.0174978 1.26468e-05 
4.55119e-05 0.00369332 0.000420809 0.000696517 0.0351873 0.0023907 0.0138078 1.20222e-07 3.85734e-08 0.852664 1.54454e-07 1.19649e-05 1.99494e-05 0.00241096 0.000110487 2.85938e-05 0.061494 1.88384e-05 0.0115283 1.65887e-06 1.11484e-07 0.00101414 0.00125906 0.0117711 0.00142432 
0.00933298 0.00223664 0.00093127 0.0281314 0.0667072 0.0686723 0.0275728 7.44265e-10 2.95363e-08 0.25818 1.60264e-05 0.000319035 0.00172471 0.0204277 0.0429874 0.152224 0.0208095 0.00014172 0.155575 0.00730961 0.000249641 0.0772845 0.0536197 0.00545054 9.63431e-05 
0.020868 0.00294416 0.000585522 0.122957 0.00709728 0.0659192 0.0234097 1.76622e-05 0.000263959 0.33899 0.000111057 0.00813517 0.00183727 0.0380783 0.096265 0.0468045 0.0448707 0.0019286 0.0404565 0.000439262 0.000191974 0.0891218 0.00289684 0.0434259 0.00238411 
0.000220467 6.31709e-06 3.01684e-05 0.038071 0.00467207 0.252889 0.0232481 3.496e-09 1.78327e-05 0.351316 3.30652e-06 4.25697e-05 8.709e-06 0.000904526 0.207515 0.0124856 0.00384823 0.00123938 0.0491349 3.70847e-06 3.2419e-09 0.0451908 0.00832743 0.000822112 2.64196e-06 
0.0170303 7.92304e-05 3.28926e-07 0.0387451 0.00282866 0.152484 0.0506514 7.39716e-08 0.000100405 0.223114 1.30658e-10 8.17179e-08 3.65342e-07 0.0336526 0.127494 0.0403672 0.0180322 1.93799e-07 0.210629 0.000755262 1.01236e-06 0.0666837 0.00251403 0.00971627 0.00512055 
0.000570073 4.19421e-05 2.81098e-10 0.00133912 0.00040225 0.000407625 0.00204752 2.52602e-10 1.21766e-05 0.984483 3.24528e-10 7.55352e-06 2.26156e-10 0.000670266 0.00114452 0.000393524 0.000556232 0.00145342 0.00164855 6.11055e-08 2.34241e-10 0.00350181 0.000830292 0.000428005 6.16037e-05 
0.00445393 0.00289302 0.000148879 0.0446954 0.00479885 0.0572925 0.00904858 0.000706541 1.42621e-05 0.338707 6.10654e-08 0.00644558 0.00157761 0.0136611 0.168707 0.158381 0.00435528 0.00122389 0.0449168 0.0177441 2.20372e-06 0.0279403 0.0411724 0.0509379 0.000175664 
0.00294108 7.4022e-07 0.00214039 0.0514969 0.066719 0.033407 0.000465693 6.39696e-09 1.14309e-07 0.231729 8.21844e-09 0.0984445 9.51413e-06 0.000178565 0.163256 0.00269213 5.14801e-08 3.47131e-08 0.190637 8.79093e-07 2.09294e-06 0.0297215 0.125998 0.000144033 1.67278e-05 
3.31742e-07 6.02482e-07 2.72811e-06 0.00213525 0.0133262 0.0900636 0.0412974 1.38808e-10 9.1559e-08 0.53746 1.78332e-10 2.8771e-05 3.50412e-07 0.135135 0.0656521 0.0042268 0.0455434 4.00619e-07 0.0226163 0.000356021 1.28718e-10 0.0378135 0.000903162 0.00299008 0.000448333 
0.00251867 0.000705916 0.000285998 0.102389 0.0143074 0.26529 0.0164921 1.29795e-05 4.97766e-05 0.292508 0.00650817 0.00216974 0.000164569 0.0224351 0.0720024 0.072031 0.0465672 0.00258932 0.0290909 0.00138629 3.37936e-05 0.0125343 0.015634 0.021784 0.000509137 
0.0158129 0.0137634 0.000541817 0.0109821 0.0173007 0.174447 0.0188136 7.40122e-05 2.38409e-05 0.263458 3.12213e-06 0.019604 0.00640253 0.0176932 0.113421 0.125835 0.0686821 0.00422449 0.0122138 0.00708933 5.69795e-06 0.0140899 0.0534049 0.0413772 0.000737386 
1.66412e-05 0.000391301 3.42304e-08 0.00122079 0.0193539 0.00933869 0.0137347 0.0473934 7.23868e-05 0.749043 6.25137e-07 4.89266e-05 1.49409e-05 0.00414605 0.0521816 0.00531338 0.00183218 0.000269315 0.0627511 3.445e-05 1.24634e-05 0.024763 0.000450343 0.0075929 2.43626e-05 
0.00055645 0.00374633 1.55583e-06 0.00344871 0.0986874 0.11879 0.00141567 4.32439e-05 2.80746e-05 0.325562 1.11236e-07 0.0300164 0.000113659 0.00466679 0.0184182 0.0070083 0.0456871 0.00327581 0.280144 0.0247767 8.3598e-07 0.00415423 0.0139413 0.013643 0.00187448 
0.00506341 0.0100969 0.000166993 0.0536465 0.0380057 0.136845 0.00429136 5.40631e-06 0.000154907 0.23322 0.000134237 0.0187475 0.000226808 0.0253629 0.126144 0.0105373 0.0316987 0.0141368 0.0263556 0.00205713 4.15277e-05 0.19694 0.00612355 0.0597761 0.000220785 
0.00398294 0.00950764 0.00235457 0.0141232 0.0472286 0.24665 0.0214034 0.00106784 0.00210138 0.319296 0.000464577 0.0126758 0.000583043 0.0180991 0.082875 0.0387232 0.0263131 0.00738187 0.0597607 0.00659336 2.20363e-05 0.0357793 0.0155374 0.0266109 0.000865599 
0.0323089 0.001532 0.00502825 0.0118692 0.00723046 0.135832 0.0229778 0.000739974 1.33396e-05 0.343081 5.08668e-05 0.0101806 0.000172574 0.0239644 0.231232 0.0254103 0.032404 0.00376294 0.0287655 0.00257028 1.3118e-05 0.0438607 0.00582806 0.0305114 0.000660923 
0.000264215 0.00406542 8.08962e-06 0.0226115 0.00323453 0.0896348 0.0018687 6.31109e-07 6.61345e-05 0.534375 8.10812e-07 4.61194e-05 6.65089e-05 0.00767811 0.238602 0.013993 0.0153784 0.000298356 0.00202078 0.000391304 7.83568e-05 0.00727961 0.0432632 0.0147562 1.88168e-05 
0.00942147 0.00304003 0.000838129 0.0199126 0.0380618 0.199623 0.0608274 0.000731231 0.00209925 0.242783 0.000387312 0.0099378 0.000243835 0.020626 0.0626263 0.0484883 0.0666303 0.00967096 0.0656143 0.00607614 3.78459e-05 0.0733659 0.0291612 0.0285367 0.00125916 
0.00585226 0.00291823 0.000132266 0.0103233 0.00689966 0.205587 0.0112524 6.18721e-05 0.000272989 0.53117 1.22543e-06 0.00605179 0.00117163 0.0216485 0.0660442 0.0183946 0.0198711 0.00928374 0.0109032 0.00294307 1.34597e-05 0.0197552 0.00422654 0.0439411 0.00128062 
0.0139156 0.00183257 3.56398e-05 0.00279266 0.00910913 0.198575 0.00721233 4.25174e-07 9.74975e-06 0.598573 1.79002e-06 0.00257833 0.000281459 0.00823807 0.0516929 0.0289901 0.0179536 0.000144445 0.00730484 0.0130264 4.34036e-06 0.0073783 0.00433148 0.0239684 0.00204933 
0.00138553 0.000411566 0.00046901 0.000584441 9.04322e-05 0.0325594 0.0045156 6.19522e-06 3.23944e-05 0.792403 7.95925e-06 0.0165887 4.52134e-05 0.0058929 0.0258888 0.00233091 0.00252058 0.000152451 0.000387403 2.22523e-06 2.04934e-05 0.00446146 0.0288728 0.0115119 0.0688581 
0.00321775 7.3391e-07 0.00101415 1.63396e-05 0.258031 0.0054298 0.00721857 5.67763e-08 1.07608e-08 0.318217 0.000424823 8.47564e-09 2.11114e-06 0.155747 0.00237857 5.84149e-05 0.217497 0.00215666 0.00752683 8.41381e-07 4.74822e-06 0.00383046 0.010516 0.00641321 0.00029863 
0.000312363 0.000613982 0.000105242 0.0205466 0.025282 0.103463 0.00180029 3.33931e-06 0.010179 0.644765 9.20395e-07 0.0028849 0.000154532 0.0292899 0.102577 0.00128931 0.0075722 0.00167356 0.0113502 0.00241997 2.15037e-06 0.00796684 0.00186055 0.023716 0.000171148 
0.00259291 0.00526166 0.000749158 0.00213269 0.00386217 0.215071 0.123915 2.34295e-08 0.00163485 0.358103 1.2397e-05 0.0394223 0.000125448 0.017232 0.0471826 0.0498716 0.0288882 0.00114427 0.00880078 0.000346787 2.2417e-06 0.0488933 0.00974575 0.0310938 0.0039156 
0.000713744 0.0083805 2.33949e-05 0.00234934 0.00521059 0.0332798 0.000394279 2.01491e-05 0.0344765 0.758468 1.23614e-06 0.0188592 7.39236e-05 0.00527922 0.0106827 0.00488628 0.0358564 0.00061455 0.0146409 0.00204181 4.54522e-05 0.0347656 0.00240345 0.0238728 0.00266014 
0.0753597 0.00882132 0.000544632 0.00523692 0.000227869 0.126696 0.00614055 0.0241614 0.0517806 0.179107 5.30456e-05 0.00251319 0.063594 0.0445641 0.0596856 0.0132683 0.129965 0.0934403 0.0024211 0.0140824 0.000632247 0.00328411 0.000791977 0.0914579 0.00217047 
1.84496e-06 0.000256763 0.000873927 0.000167688 3.3334e-05 0.0537898 0.00658226 2.71773e-07 2.50245e-06 0.41092 0.0163083 1.17062e-05 5.83351e-05 0.00589563 0.00394993 0.00210238 0.355388 0.0012506 1.72966e-05 0.00101447 6.33398e-05 0.0762386 0.00717745 0.057895 1.61371e-07 
0.000749387 0.0101103 0.000208093 0.000452899 0.0276792 0.00522767 0.00683473 7.05689e-07 0.00165961 0.825803 9.06628e-07 0.00221491 0.000511982 0.0262193 0.00406119 0.00373415 0.046837 0.000496784 0.00256228 0.000685848 3.28715e-05 0.000953775 0.000568995 0.0298004 0.00259413 
0.000740128 0.0325649 0.00163881 0.00954647 0.0237771 0.179214 0.0154318 0.00131034 8.61964e-05 0.237948 7.01388e-06 0.00437501 0.000180525 0.0135186 0.106294 0.0323629 0.123082 0.00475844 0.0337614 0.0190084 5.09261e-06 0.0561575 0.0672121 0.0367009 0.000318217 
0.00307211 0.00222529 1.01477e-08 0.0084877 0.0129866 0.00212155 0.00540094 9.119e-09 2.20015e-07 0.411924 2.67669e-05 0.000793987 3.18528e-05 0.0340861 0.0179018 0.000739606 0.381142 0.00314201 0.00440918 3.27541e-09 8.45619e-09 0.0218808 0.00956557 0.070844 0.00921846 
0.0011921 0.000154391 4.07781e-05 0.00318643 0.00883249 0.0156697 0.168428 1.26727e-09 4.56889e-05 0.651523 6.52814e-09 7.58311e-05 3.37245e-05 0.00441377 0.00875239 0.0479475 0.0131839 0.00115397 0.00930609 0.000302271 2.57614e-06 0.0567937 0.000279887 0.00797339 0.000708344 
0.00720022 0.0132984 6.01179e-05 0.00679203 0.0481459 0.0842783 0.00564009 0.000918824 0.003712 0.540474 0.000382919 0.0123339 0.00243962 0.0214886 0.0652498 0.019603 0.0133856 0.00212002 0.0370633 0.0218774 3.09115e-05 0.0142148 0.0477726 0.0299002 0.00161728 
3.1207e-05 0.00162518 0.000111819 0.000496367 0.017781 0.0667453 0.00322913 2.47365e-07 8.31917e-06 0.503379 3.6529e-07 0.00462904 5.12604e-05 0.0612903 0.0541136 0.0175534 0.100582 0.000954252 0.00860383 0.0203644 7.3517e-06 0.0324549 0.0198826 0.0858228 0.00028189 
0.00639075 0.0794745 6.29737e-05 0.00178901 0.00667355 0.135298 0.00698382 3.92926e-08 2.6137e-07 0.15119 4.93146e-07 0.00875427 6.50702e-05 0.0405617 0.146158 0.146849 0.0435499 0.00923038 0.00342668 2.17253e-05 8.48201e-05 0.146635 0.0105273 0.0560832 0.000188876 
0.000785489 0.00796719 1.53978e-06 0.000140539 0.00289488 8.43125e-06 0.0288777 4.13497e-08 5.75024e-08 0.494014 2.92646e-07 0.000716189 1.10364e-05 0.0328139 0.000793206 0.00261299 0.0468529 0.00163365 0.000678363 0.27901 2.52749e-06 0.00418005 0.00613991 0.0784727 0.0113922 
0.00992355 0.00188732 9.35466e-06 0.00126019 0.0148453 0.137347 0.00914248 1.50057e-07 0.0250634 0.252184 1.75812e-06 0.0503724 7.21675e-06 0.0996542 0.186283 0.0320108 0.0203719 8.04936e-05 0.0137747 0.0302579 0.000276831 0.0246763 0.00810844 0.0820832 0.000379433 
0.165207 0.000837528 4.26554e-05 0.0157571 0.0153324 0.165532 0.0928319 1.6323e-10 0.000195844 0.186099 2.09708e-10 0.0604307 3.26939e-05 0.00226096 0.0477734 0.0178578 0.00686409 1.37356e-05 0.0959522 0.0196524 6.98317e-06 0.0152257 0.0174761 0.060628 0.0139896 
0.00120456 0.00246947 0.000759731 0.00444413 0.00525483 0.0482616 0.0139805 3.28374e-06 9.30109e-06 0.505927 3.37366e-09 0.00363294 9.91965e-06 0.0120152 0.151622 0.0836834 0.0100973 0.000671592 0.0270252 0.0166016 5.34903e-06 0.0825445 0.00294398 0.0268267 6.10778e-06 
0.00279163 0.000713559 8.4477e-06 0.0046168 0.13661 0.192102 0.0869503 1.41305e-11 0.0001162 0.203223 1.163e-08 0.0388185 7.35042e-05 0.0150809 0.0500837 0.00711739 0.120712 0.000179205 0.0922687 0.00697189 3.54577e-07 0.0207185 0.00973755 0.00414918 0.00695683 
0.00316868 0.00152646 0.00064135 0.0148774 0.0220651 0.0602112 0.121765 4.92651e-10 0.000773829 0.241501 6.3293e-10 0.0126696 0.000121951 0.0766036 0.0317571 0.00757571 0.204685 0.03557 0.0272025 0.0559341 2.83702e-08 0.0127102 0.0148636 0.0515213 0.00225434 
0.00628167 0.000299954 3.57714e-05 0.00336487 0.000114335 0.0324686 0.00206318 2.32441e-06 7.5837e-07 0.741254 3.15802e-06 0.0133786 1.16781e-05 0.0290496 0.0901711 0.00271494 0.000423393 6.6155e-06 0.015014 0.0207873 6.7896e-08 0.00705015 0.000531996 0.0349513 2.02785e-05 
3.74038e-07 0.000250876 6.91494e-07 0.00410571 2.85566e-06 0.0314746 0.00336502 3.81926e-07 0.00028431 0.553784 3.01528e-05 0.000117381 0.00108417 0.0568184 0.0273654 0.0578609 0.200736 0.000835477 0.00710012 3.356e-07 4.21966e-07 0.021032 0.0101305 0.0212816 0.00233813 
0.00708236 0.0210807 2.56127e-05 0.00365554 0.000589889 0.00768256 2.41482e-06 5.81981e-09 3.35498e-08 0.690384 7.47696e-09 0.00051671 0.00030225 0.0989071 0.0976296 0.0156171 0.0103676 0.00148645 0.0191956 0.00601038 5.39681e-09 0.000236357 0.0023419 0.0167187 0.000167458 
0.0001333 0.00773376 0.0152127 0.0125647 0.00541072 0.163706 0.0564721 4.77027e-06 2.53308e-05 0.167692 1.74867e-06 0.000847422 4.28648e-05 0.144812 0.0459233 0.0336718 0.136196 0.00889857 0.0384436 0.0117806 3.23259e-08 0.0180535 0.0086921 0.12368 6.90353e-07 
0.00353502 0.0698271 0.0153131 0.161635 0.00177563 0.059767 0.00529355 5.88747e-05 0.00276651 0.412468 7.90837e-11 0.000340804 0.000260741 0.00501055 0.0520676 0.0109038 0.0139414 0.0154785 0.0881776 0.000337905 1.28101e-06 0.0231212 0.0475005 0.007958 0.00246061 
0.000164185 0.000319972 0.000205263 0.0154384 0.00342914 0.192868 0.0753743 1.35476e-06 0.000169281 0.649831 1.74052e-06 0.000445667 0.000108686 0.00597939 0.012425 0.00133603 0.00608194 0.00208021 0.000734015 0.00516678 4.99298e-05 0.00395808 2.29488e-05 0.0226998 0.00110874 
0.00504984 0.000401694 6.93309e-05 0.00303197 0.0351455 0.043276 0.0231564 8.05243e-11 1.78329e-08 0.430068 5.87802e-08 2.9544e-05 3.05487e-05 0.0136522 0.0150993 0.396448 0.0012143 0.00220056 0.0069969 2.20657e-05 4.60544e-08 0.0147322 0.000147972 0.00761498 0.0016127 
0.0441519 6.21738e-05 1.00898e-05 0.0383143 0.000856934 0.0501027 0.00356119 3.79203e-07 6.02506e-06 0.465888 1.2382e-08 0.000212535 0.00111451 0.0523528 0.110753 0.00774299 0.00190285 0.00313068 0.0271065 0.000278422 2.12993e-06 0.126854 0.00122791 0.064163 0.000204686 
0.0458681 0.0545986 1.73349e-05 0.0669992 0.000103504 0.00160811 0.000148923 1.30429e-08 0.0114218 0.474051 0.000970212 0.00100309 5.86601e-07 0.0222309 0.0685348 0.000412371 0.0110907 0.01112 0.045982 0.00802383 1.85839e-08 0.0341803 0.00340389 0.13807 0.000161152 
0.0402128 1.49838e-06 1.08183e-05 0.00625418 0.0233991 0.0227437 0.235731 3.29284e-06 0.000416727 0.315145 5.15047e-08 1.04798e-06 0.000118098 0.0109041 0.0569115 0.00187318 0.0491727 2.15141e-06 0.0827081 6.09252e-05 1.3113e-06 0.147632 0.00138854 0.00346101 0.00184663 
0.00502744 0.00104266 0.00124495 0.0180858 0.00051061 0.195229 0.138805 0.000452229 2.59887e-05 0.340367 0.000263029 0.000188234 0.000304608 0.0611876 0.0461387 0.0246225 0.0362215 0.0163835 0.0219662 0.000814284 7.42766e-07 0.0830215 0.000641153 0.00742526 3.07533e-05 
0.0127824 0.00653882 0.000619127 0.00930975 0.00271795 0.117325 0.00386608 0.00108519 0.000111029 0.277783 1.24722e-08 4.34085e-05 0.0026681 0.0799919 0.189503 0.0282654 0.145597 0.0224074 0.0070989 0.00226932 3.42028e-06 0.0273182 0.00566695 0.0569182 0.000110807 
0.0326303 0.00148461 5.80155e-05 0.010586 0.0247684 0.0167616 0.0271748 5.87941e-06 6.77006e-05 0.698367 1.6389e-05 0.0030652 0.00125915 0.0196043 0.00335273 0.0610969 0.037049 0.00118707 0.0103644 0.000106656 1.01739e-05 0.0262261 0.00229983 0.0194674 0.00299043 
0.00758138 0.000886336 1.09007e-06 0.000669552 0.0030411 0.0303365 0.0246502 1.19638e-09 1.21178e-05 0.714358 1.53703e-09 0.00239178 1.56422e-07 0.00392915 0.0329615 0.000292248 0.0125504 0.000395968 0.0118616 0.000287415 1.10942e-09 0.118588 0.00420531 0.0168022 0.0141978 
0.000661955 0.00160106 0.00877923 0.0736135 0.05685 0.021173 0.0178263 0.000842577 0.00019426 0.474006 8.02382e-08 0.00509589 6.78614e-05 0.011319 0.0403539 0.0471329 0.0765647 0.000581272 0.0101296 0.000660443 0.0343124 0.0713177 0.00871033 0.0376525 0.000553544 
0.00933588 4.94789e-05 3.04188e-05 0.00268517 0.00477381 0.0145998 0.00462539 9.86446e-07 1.86961e-07 0.829343 1.26733e-06 6.14231e-06 1.38136e-06 0.0193369 0.0316522 0.00152392 0.00661089 3.67252e-07 0.00408477 2.237e-05 2.0201e-06 0.0683779 0.000251457 0.00267891 5.01953e-06 
0.0024924 0.00709327 1.6473e-06 0.00252895 0.0311712 0.12617 0.055351 5.62031e-06 4.77855e-05 0.513528 0.000395169 0.00159838 0.00012228 0.00999933 0.035667 0.0421838 0.0172597 0.0433529 0.0342991 0.000655095 2.03249e-06 0.0668734 0.00198936 0.0070285 0.000184066 
0.000221706 1.99831e-05 6.93733e-06 0.00273985 0.000761808 0.12334 0.00300152 1.11565e-07 5.38927e-09 0.798561 7.68099e-08 0.000110561 1.92602e-05 0.00141118 0.0500703 0.000769713 9.56471e-06 1.54737e-05 0.00187321 0.00849247 1.0506e-07 0.00533153 0.000284293 0.00295858 4.65023e-07 
0.000121389 1.96617e-05 0.000278117 0.00348469 9.39059e-05 0.000653654 0.0005473 5.1112e-07 9.68723e-08 0.794372 8.88273e-05 7.63007e-08 4.57609e-07 0.00405737 0.0100964 0.000876268 8.57181e-05 0.000240758 0.000139497 7.11012e-05 4.7397e-07 0.184398 0.000313412 3.74589e-05 2.2716e-05 
0.002886 0.00339323 0.000156409 0.00827731 0.0270267 0.319444 0.0223179 0.00259581 4.69319e-05 0.362536 0.000232039 0.00237875 0.000348446 0.0108383 0.0645258 0.0239771 0.0539245 0.00782564 0.0163148 0.0146492 0.000168738 0.0243766 0.00380199 0.0239552 0.00400273 
0.0200803 0.00128161 9.57771e-07 0.00772351 0.00189152 0.0263506 0.0102607 6.35839e-11 0.00125199 0.834956 1.94889e-08 0.000227511 1.10068e-05 0.00437574 0.00688422 0.0135409 0.00418849 0.00555834 0.0331974 4.64028e-07 4.06123e-09 0.0113752 0.00741648 0.00543249 0.00399494 
0.0107263 0.00617363 0.00103254 0.00690832 0.00782625 0.0834057 0.0443327 8.08169e-06 0.000100853 0.476483 1.76878e-08 0.00310492 0.000942397 0.0650446 0.0726125 0.0222174 0.0805504 0.001028 0.00465164 0.00437035 2.47118e-05 0.015891 0.0115621 0.0797541 0.00124843 
0.00595815 0.000436343 5.47577e-05 0.00314013 0.00189569 0.237143 0.0682 7.18303e-08 0.00020251 0.371566 2.64786e-06 0.00308486 3.9137e-05 0.0931036 0.0645744 0.0148807 0.0481876 0.00267738 0.0486512 0.0167649 6.426e-05 0.00397116 0.0102444 0.00501814 0.000138622 
0.0273823 0.00139338 9.49495e-06 0.016358 0.0241029 1.08196e-05 2.58139e-05 5.33225e-07 0.0114948 0.797874 6.85057e-07 6.72982e-05 4.00067e-05 0.00595014 0.00105084 0.000203899 0.027871 0.00367343 0.00482119 4.27487e-05 4.94468e-07 0.0291768 0.0347646 0.0103679 0.00331667 
0.00904377 0.00583624 0.000496682 0.0145687 0.0704866 0.135639 0.0219756 0.00115426 0.00274517 0.309588 2.59073e-05 0.0115047 0.000263009 0.018966 0.0711808 0.0975725 0.014753 0.00208719 0.0734734 0.0138677 1.71844e-05 0.0194309 0.0756654 0.028695 0.000962706 
0.0725108 8.04911e-07 3.87023e-07 0.00041973 0.000951938 0.00297949 0.0896742 7.40515e-09 6.35405e-06 0.721638 9.51371e-09 1.10545e-09 1.33607e-07 0.0020626 0.0395114 2.7301e-06 0.0554514 1.0308e-07 0.00787815 1.01609e-05 1.12081e-07 0.00421647 0.000786576 0.00165863 0.000239401 
0.00374054 0.00132672 0.02042 0.0501444 0.00489685 0.223163 0.0382894 1.20333e-05 0.0134022 0.25383 1.17857e-07 0.00483441 0.000467035 0.0336817 0.0711532 0.0878924 0.0421293 0.00637577 0.0240349 0.000962925 1.89034e-06 0.0470085 0.0134404 0.03877 0.0200215 
0.00199407 0.0046731 4.24842e-06 0.00727558 0.000533949 0.00879855 0.00464139 1.28838e-08 1.26372e-05 0.507002 0.000152275 0.000798415 1.33622e-06 0.0116588 0.0108534 0.0011128 2.52837e-05 0.000139901 0.156275 5.88571e-05 4.41957e-07 0.147737 0.00418259 0.132067 1.65233e-06 
2.59871e-05 0.0109698 0.0044792 0.00103936 0.000374058 0.126974 0.000969499 3.18136e-05 3.25815e-06 0.320646 5.24045e-07 0.00128901 0.000281329 0.131164 0.233162 0.00360157 0.0853153 0.0102751 0.00406547 0.000193193 8.16094e-05 0.0300207 0.00192395 0.0330495 6.31362e-05 
0.00939838 0.0183765 2.16684e-05 0.00580375 0.00605987 0.145884 0.000189923 0.00010498 9.10389e-06 0.223942 4.58585e-10 0.000972129 0.000584011 0.0286457 0.165199 0.0591963 0.0512769 0.00145177 0.163963 0.00038422 7.15021e-06 0.0631521 0.0218297 0.0133096 0.0202377 
0.0086814 0.0108849 0.000146054 0.0109118 0.0357945 0.0642513 0.0203082 3.29003e-06 0.00619964 0.378527 3.25749e-06 0.0504451 0.00774861 0.0445439 0.104713 0.0217764 0.0695769 0.000507877 0.0472584 0.0257302 9.2262e-06 0.0144479 0.00305507 0.0736765 0.00079924 
0.0169086 0.0015372 0.00170486 0.0102969 0.027112 0.140096 0.00968767 0.000188378 1.39493e-05 0.286784 4.2877e-08 0.00607371 0.00357232 0.038931 0.0701091 0.0343248 0.0218455 0.00111652 0.220417 0.0183696 6.16049e-07 0.0289948 0.0207644 0.0373531 0.00379845 
0.00980232 0.00470695 0.00510277 0.00582733 0.00124273 0.13306 0.0305563 0.000207441 6.02083e-05 0.270122 2.43821e-07 0.00444419 0.000576996 0.104561 0.175297 0.0118007 0.0300554 0.00480398 0.024355 0.00241962 4.22207e-06 0.0968665 0.0149505 0.068914 0.000262226 
0.00480655 0.00497102 0.000278723 0.0328396 0.0515949 0.152158 0.0205854 4.83054e-05 0.000113771 0.166546 0.000738655 0.014517 0.00190204 0.00911215 0.0873291 0.0733667 0.0158732 0.00470402 0.124556 0.00389971 6.8863e-06 0.0329975 0.162312 0.0341786 0.000563833 
0.0007238 1.02491e-05 8.52119e-05 0.0124302 0.0767812 0.00774745 0.0460816 7.81503e-09 0.00313099 0.406401 2.19724e-08 6.51356e-05 2.87952e-05 0.00846448 0.0412661 0.0310092 0.00025581 2.3732e-06 0.107033 1.42917e-07 6.03019e-07 0.247585 0.000562732 0.010199 0.00013551 
0.0128599 0.00863198 2.13155e-05 0.128089 0.0129411 0.0120198 0.00121982 2.29294e-05 0.177151 0.264139 0.000131519 0.00153127 3.77984e-05 0.00642148 0.072771 0.0128617 0.011902 0.124331 0.0473862 0.00206473 3.83993e-05 0.0183221 0.00426002 0.0756345 0.0052111 
0.0140096 0.0272496 0.000125259 0.00220074 0.00217732 0.0828703 0.0171266 3.75013e-06 3.61888e-05 0.351004 0.0173301 0.0374624 0.00122047 0.0191551 0.00604026 0.0602068 0.0842324 0.00797007 0.0141548 0.00513653 0.000599939 0.211105 0.000659327 0.0370422 0.000880901 
0.00362718 0.00484712 0.000268329 0.00626008 0.0096952 0.254441 0.0214954 0.00326865 0.00216116 0.283698 0.000559733 0.00638169 0.000744573 0.0235893 0.0658328 0.0724268 0.0577546 0.00514439 0.0386248 0.00973844 0.000913492 0.0739009 0.0295766 0.0238541 0.00119597 
2.12072e-05 3.79732e-05 0.332719 4.71603e-05 1.86002e-05 0.000718195 0.000315537 1.60692e-09 7.01124e-07 0.338004 1.01438e-05 2.07435e-07 9.33719e-06 0.08207 0.0013217 0.000179207 3.81246e-05 8.62622e-05 0.05494 0.0175939 1.49012e-09 0.000213932 6.44672e-05 0.171545 4.52739e-05 
1.51884e-06 8.80379e-07 3.70813e-06 0.00258438 1.05288e-06 1.84873e-07 7.83e-07 3.33221e-06 6.31553e-07 0.988965 4.28103e-06 4.97438e-07 2.98336e-06 5.52409e-07 2.43936e-07 5.07589e-07 0.00524016 1.24058e-06 4.69238e-07 1.19688e-06 3.09002e-06 6.09877e-07 8.64827e-07 0.00318027 1.97858e-06 
8.37513e-05 0.00027636 2.21786e-05 0.000109344 0.00523594 0.122555 6.70462e-05 8.15609e-06 1.24102e-05 0.721819 4.82327e-08 0.00229791 0.000307145 0.0285997 0.0125474 0.0115656 0.0410043 6.2706e-05 0.00352326 0.019572 6.82935e-07 0.00753389 0.00931675 0.0133584 0.000121119 
0.010855 0.0243335 1.07485e-05 0.00571655 0.00288251 0.022113 0.0420126 1.40228e-05 0.000199427 0.255366 4.71396e-09 0.00657163 0.000146006 0.0140158 0.0127858 0.0142529 0.201344 0.0147334 0.0210751 0.00324383 3.20164e-07 0.142834 0.0908901 0.0750639 0.0395403 
0.00311194 0.0694069 0.000251604 0.00239316 0.000802908 0.151214 0.000299259 2.89743e-06 1.54918e-05 0.312426 6.66311e-09 0.000170972 4.07792e-05 0.0320593 0.255118 0.0536918 0.00909254 7.02732e-06 0.00314352 0.000460773 1.20517e-07 0.0296378 0.0421459 0.0343743 0.000132178 
0.00586582 0.000872805 2.54798e-05 0.0110336 0.00402843 0.0904079 0.0114776 0.00136469 3.48518e-05 0.621143 6.6559e-05 0.0149289 7.26426e-05 0.00599243 0.0530026 0.108712 0.0117852 0.00171621 0.00121212 0.00828077 7.03923e-06 0.00448267 0.00920011 0.0331306 0.00115599 
0.00105621 7.14249e-05 0.000148039 0.00145638 5.49973e-06 0.0967966 0.00215937 5.37372e-06 6.98678e-06 0.60153 1.30118e-06 0.00016441 1.12823e-05 0.00154699 0.261686 0.0018419 3.03181e-05 3.60532e-07 0.0123272 0.00293219 1.43209e-07 0.0122314 0.00149336 0.00244687 5.03881e-05 
0.0497628 0.00854965 1.82632e-06 0.00827602 0.00172471 0.000241801 8.27033e-07 3.65132e-08 0.00288275 0.806048 3.10396e-10 0.000116404 2.02012e-07 0.001155 0.0109296 0.000293824 0.000323793 0.00691875 0.0168961 0.000731574 3.05532e-07 0.0026929 0.00226511 0.0731613 0.00702632 
0.0101437 0.00335141 0.000967542 0.0190546 0.0161303 0.0830659 0.0228373 0.000129328 0.000135284 0.441414 0.000111119 0.00538357 0.000161154 0.0186099 0.14086 0.0210852 0.0244059 0.00218182 0.080424 0.00328938 1.78219e-05 0.0859368 0.00580748 0.0141244 0.00037309 
0.00828627 0.000776991 0.000114543 0.00374227 0.00747121 0.199339 0.0212358 0.000593583 0.00770887 0.254334 0.000433191 0.0284669 8.34597e-05 0.0430387 0.0397268 0.0629476 0.109899 0.0157966 0.0606843 0.000563406 1.60908e-05 0.0936438 0.00145601 0.0257958 0.0138454 
0.00344462 0.00144488 2.28028e-06 0.000825072 0.000769081 0.0504359 0.0207222 4.72977e-10 9.94208e-05 0.624724 2.85289e-07 0.00244617 2.21524e-07 0.00614318 0.0476186 0.00204234 0.0318542 0.000419936 0.0332873 0.0233418 5.3642e-08 0.119028 0.00415188 0.0115044 0.0156949 
0.00521342 0.000910001 0.000124164 0.119478 0.023543 0.0794899 0.00364175 1.03209e-05 2.86166e-05 0.38882 9.90664e-08 0.0488387 7.75602e-05 0.00531675 0.21847 0.0168207 0.00308579 0.00154526 0.0195884 0.0157986 7.5919e-06 0.0133532 0.0169463 0.0181581 0.000733197 
0.000144884 0.00024241 5.12914e-08 0.0145565 0.0690368 0.0956065 0.118881 6.18344e-10 2.0717e-05 0.45566 2.53106e-08 0.000855129 2.78659e-06 0.0264322 0.0961142 0.00826638 0.0106587 4.58691e-05 0.0597955 0.000398202 3.7847e-08 0.0127738 0.00788249 0.0211559 0.00147003 
0.000842594 0.00436441 0.00199241 0.00404778 0.00417401 0.102859 0.0455827 0.000873445 0.000109014 0.21568 1.09149e-07 0.0660671 0.00391493 0.0392664 0.0710485 0.144901 0.0353025 0.00873013 0.00924656 0.00467328 4.20788e-05 0.210279 0.00153684 0.0242403 0.000227076 
0.0247839 0.00112477 0.000157408 0.0218436 0.0282772 0.0444636 0.00977835 0.00244672 8.73013e-05 0.385012 0.00136527 0.013479 8.398e-05 0.0458045 0.165996 0.0420419 0.0254242 0.00830045 0.0793156 0.00125279 0.000764744 0.0404623 0.0133096 0.0397568 0.00466818 
0.0151295 0.00334478 0.00184126 0.0299634 0.0584116 0.152299 0.0167528 0.000273421 0.00164102 0.23678 0.00137733 0.00633962 0.00045162 0.0316316 0.0566437 0.0519579 0.030186 0.010469 0.0553467 0.00543293 1.06637e-05 0.192736 0.0118873 0.0235893 0.00550354 
0.0102699 0.00767752 2.96792e-05 0.0140494 0.00212633 0.0355607 0.0110318 0.00439959 0.000625485 0.445125 0.000697155 0.00577784 6.38135e-05 0.0279381 0.123511 0.0493265 0.0492108 0.0437016 0.0387623 0.00189144 4.73148e-06 0.0428594 0.0525264 0.0261282 0.00670616 
0.00585948 0.0115777 0.000683648 0.0440499 0.0526244 0.194441 0.0174486 0.00212923 0.0011202 0.253247 0.000576229 0.0121009 0.00112142 0.0304387 0.0879177 0.0369712 0.0541675 0.0125093 0.0513345 0.0127058 0.000598897 0.0603154 0.0250028 0.0294194 0.00163914 
0.00675193 1.12548e-06 1.12397e-06 1.12557e-06 0.017107 1.12585e-06 0.135852 1.12417e-06 1.12561e-06 0.628064 1.12367e-06 0.00630493 1.12436e-06 0.026454 0.0380535 1.12568e-06 0.121469 1.12529e-06 0.013622 1.12531e-06 1.1243e-06 1.12562e-06 1.12549e-06 0.0049547 0.001351 
0.00177704 0.00413109 0.00391066 0.000670821 0.000474285 0.142998 0.0021421 3.78165e-06 1.00871e-07 0.243316 8.14523e-09 0.00102112 3.12155e-06 0.0449064 0.121599 0.209456 0.000529236 0.000212456 0.0295401 0.000540425 9.83363e-08 0.168894 0.00125349 0.0225652 5.60595e-05 
0.00583461 0.0106537 5.22874e-05 0.0122262 0.00328688 0.17267 0.00420024 0.000689419 4.43075e-06 0.358291 2.66223e-07 0.027421 0.0390022 0.0237502 0.103016 0.099416 0.0297357 0.000151467 0.0264394 0.0309748 7.78351e-06 0.0155736 0.0143068 0.022278 1.7649e-05 
0.0154619 0.028737 6.8972e-05 0.0535644 0.000666004 0.0135726 0.00502256 6.34871e-09 0.0022927 0.262447 1.13184e-06 0.0182773 0.00371602 0.256557 0.0987714 0.0042212 0.0989377 0.0383156 0.0172113 0.00854376 1.98277e-09 0.00859282 0.0181825 0.0440185 0.00282047 
0.000570284 0.000268942 3.28166e-06 0.0553197 0.00177233 0.143838 0.00889117 0.00113911 1.79544e-05 0.320715 8.05775e-08 4.20007e-05 0.000354551 0.00642063 0.228012 0.149819 6.61105e-05 0.00052853 0.0311962 2.98207e-06 1.86926e-07 0.0468608 0.000693832 0.00314856 0.000319987 
0.00302304 0.000707096 0.00109765 0.0335067 0.0110369 0.0492987 0.0208625 1.37885e-05 5.49243e-05 0.443148 2.63845e-06 0.00285825 0.000133023 0.0139675 0.0821284 0.0130059 0.0347455 0.00312756 0.067837 0.00606138 1.62751e-05 0.174541 0.00778657 0.0305528 0.000486981 
0.000690389 0.00685567 5.12374e-05 0.0040275 0.0013703 0.248975 0.002986 1.40528e-05 0.0221493 0.2797 3.11469e-08 0.00344682 0.000132912 0.0266985 0.162193 0.0858221 0.0453987 0.00244484 0.0064664 0.00051062 1.56164e-06 0.0457498 0.0306075 0.0236949 1.20893e-05 
0.00457439 7.05356e-12 1.45168e-08 0.000390728 0.00594257 0.258108 0.00278266 2.66975e-11 3.96785e-09 0.566254 0.000204599 1.98352e-07 9.82132e-08 0.00704581 0.0703894 0.0304813 0.00122363 1.6019e-08 0.0168743 0.00382455 1.17312e-08 0.0194818 0.00522755 3.42063e-05 0.00716041 
0.00286579 0.0112089 4.07392e-06 0.0516177 0.0318249 0.095009 0.0803764 5.36497e-07 0.000349864 0.284386 3.97644e-05 0.00642171 0.00235799 0.0137993 0.0792519 0.0153435 0.128014 0.00922863 0.108844 0.00418863 1.0522e-05 0.0161964 0.0245774 0.0316502 0.00243239 
0.00098812 0.000201877 8.87934e-05 0.00117767 0.000642601 0.150873 0.0547713 4.81294e-09 1.4574e-05 0.544391 1.35351e-05 0.000135024 0.000310263 0.0157259 0.0460521 0.00150182 0.061598 0.000695504 0.0470153 0.000318066 2.93898e-05 0.0284732 0.0236326 0.0213455 5.55227e-06 
0.00821184 0.000520766 1.43584e-06 0.000584555 0.00032984 0.00554606 0.000558314 1.12128e-05 0.000424588 0.402102 0.000271667 0.000238542 0.00202521 0.000385291 0.000921669 0.00112263 0.0214306 0.027332 0.258395 0.000127697 0.131182 0.131037 0.00715937 8.58709e-08 7.99173e-05 
0.00629293 0.003015 0.00235391 0.121219 0.0018499 0.122067 0.0294602 2.86251e-05 0.0185526 0.194615 1.01225e-06 0.0100984 0.0182439 0.0150729 0.166366 0.0481608 0.0381484 0.00732003 0.0604883 0.0253022 2.20544e-05 0.0603251 0.00464527 0.0459266 0.00042475 
0.046945 0.000987281 6.34652e-05 0.0118238 0.0223832 0.011918 0.00331111 5.79175e-08 1.6858e-05 0.606904 7.44091e-08 9.63437e-06 5.96675e-05 0.00840263 0.0526238 0.0769371 0.0408687 0.000330599 0.0679946 0.00054239 0.00190545 0.0176254 0.018695 0.00964749 4.39821e-06 
0.000162439 0.0039367 4.20288e-05 0.00043841 0.00237912 0.0723761 0.00446693 5.7991e-07 0.000642158 0.72149 1.40173e-07 0.00583598 0.00514592 0.0245442 0.0719746 0.0336978 0.00193729 5.58464e-05 0.00809374 0.0187815 1.97255e-06 0.00294645 0.000434968 0.0205691 4.59777e-05 
0.011763 0.112479 8.30544e-05 0.0431532 0.00116326 0.00808483 0.0247551 0.00166955 0.00129502 0.174614 4.76211e-09 0.00322318 0.00169897 0.100941 0.0262724 0.0102308 0.134318 0.0727179 0.0511442 0.0056847 3.13112e-06 0.0503658 0.00069441 0.142397 0.021249 
9.14317e-05 0.0134222 2.05686e-07 0.000926963 0.000551187 0.0108218 6.78339e-06 1.67244e-06 2.59103e-05 0.603622 0.000164638 0.00184716 3.51862e-06 0.0447706 0.22436 0.0270361 0.0240674 0.00171449 0.00797643 0.00137278 3.27523e-06 0.00849148 0.024157 0.00453673 2.81637e-05 
0.0190471 0.00221201 0.000333062 0.0021352 0.0331678 0.133834 0.0324519 2.62629e-06 0.000110725 0.364646 0.000395672 0.01079 0.000351518 0.0117009 0.0151289 0.0030869 0.0677539 0.0111455 0.167762 0.0159602 8.70213e-06 0.018873 0.0426418 0.0453265 0.00113357 
0.000680946 0.0253001 1.94059e-05 0.00109207 2.1019e-05 0.0620076 0.038165 8.24397e-10 3.78236e-06 0.451248 7.77814e-06 0.0119274 0.000729382 0.028771 0.00250272 0.00314473 0.0359257 0.00324718 0.00177547 0.0244711 5.11492e-05 0.0221899 0.00712326 0.279587 8.70156e-06 
0.00334626 0.000389973 0.000170674 0.00117555 0.127403 0.02774 0.0680273 7.9388e-11 0.00602343 0.336528 5.09066e-10 0.000226331 1.5792e-05 0.00716461 0.0289066 0.179167 0.00167624 0.000853929 0.0117034 2.9358e-05 7.36178e-11 0.172627 0.00208693 0.0245278 0.000210799 
0.00516805 0.000582943 1.53637e-05 0.00572066 0.0139413 0.0359997 0.00799291 2.4294e-07 4.38333e-05 0.611367 4.94478e-05 0.00429893 0.000138752 0.0685511 0.0651904 0.0262512 0.0121274 0.00421281 0.0216148 0.01748 1.42056e-06 0.0227694 0.0113213 0.0648663 0.000294415 
