0.900991 0.00267969 0.0181537 0.00305934 1.61874e-07 0.00721381 0.0354795 0.00355178 0.0236816 8.65159e-05 0.00417041 0.000932815 
0.430292 5.62872e-05 0.0593476 0.000162091 1.16967e-08 0.00552643 0.0230934 0.071386 0.373506 0.000461826 0.0361499 1.84475e-05 
0.43857 0.0017753 0.0547439 0.0491584 4.46477e-06 0.0209975 0.110534 0.0980874 0.19867 0.0122782 0.0096642 0.00551699 
0.675035 5.91567e-05 0.0302057 0.00573268 1.22265e-05 0.0213279 0.0200252 0.00844724 0.227512 0.00359406 0.00800425 4.51134e-05 
0.416442 3.18359e-05 0.0717406 0.00027121 0.000583703 0.00361532 0.00636815 0.0807499 0.385418 0.0067779 0.0279528 4.81971e-05 
0.53971 1.20052e-05 0.0639431 0.000638914 1.28874e-05 0.062101 0.0105514 0.00377718 0.232873 0.032059 0.054298 2.36991e-05 
0.670268 9.1595e-05 0.00581356 0.0021772 2.44847e-05 0.0208595 0.0395449 0.0133263 0.21623 0.0252717 0.0063056 8.78648e-05 
0.550859 1.95733e-05 0.00833236 0.000452859 2.84589e-09 0.0554152 0.0912189 0.00130694 0.280118 0.0116558 0.00056966 5.13709e-05 
0.636493 0.000285583 0.012141 0.00280314 9.02817e-07 0.227519 0.00568739 0.00040244 0.0541923 0.00565818 0.0547996 1.84571e-05 
0.84714 2.15237e-08 0.0219119 4.89343e-08 5.91792e-12 0.0103508 0.00345072 0.00195065 0.114724 1.87352e-05 3.10915e-05 0.000421864 
0.501497 0.000145395 0.0759931 0.00122052 2.01149e-09 0.00606655 0.026265 0.0640198 0.322718 0.00015595 0.00162113 0.000298214 
0.334341 0.000960234 0.0328902 0.0326551 1.70973e-06 0.0923744 0.225322 0.0642965 0.0941495 0.0210059 0.100925 0.00107761 
0.503157 0.00043036 0.0638392 2.99257e-05 0.000112552 0.016816 0.0926681 0.0389815 0.272251 0.000975347 0.000385252 0.0103541 
0.458361 0.00199851 0.0727188 0.00300417 1.52753e-06 0.0183478 0.0994392 0.097207 0.212975 0.00346737 0.0239758 0.0085038 
0.712391 0.00111671 0.0281648 0.00103173 6.08803e-08 0.00619714 0.0261731 0.0118329 0.188001 0.00356981 0.0214866 3.49379e-05 
0.31391 6.14924e-06 0.061764 0.268919 1.41196e-05 0.0451799 0.00763829 0.0771319 0.149188 0.0104138 0.0653131 0.000521692 
0.366754 0.201159 0.00869936 0.00367914 2.59056e-06 0.0229645 0.287676 0.0280603 0.0586294 0.0123565 0.00410136 0.00591839 
0.906392 1.30185e-09 0.046443 1.20426e-06 1.18256e-09 0.00740324 2.47649e-07 0.00345551 0.000172817 0.0275576 0.00848896 8.57507e-05 
0.414126 7.50439e-05 0.176732 0.00451881 0.00121323 0.0393547 0.019329 0.0602087 0.272675 0.00892538 0.00272519 0.000116984 
0.758345 0.00321331 0.0863055 0.00163103 3.96994e-06 0.0252689 0.0746118 0.00295623 0.0364366 0.0096759 0.00137909 0.000173052 
0.260208 0.0132568 0.149418 0.00316921 4.40315e-05 0.13985 0.0827805 0.0199588 0.229136 0.0152693 0.015855 0.0710538 
0.713968 9.70122e-05 0.0431444 0.00015589 4.30923e-08 0.00396942 0.00143493 0.00180435 0.226467 0.000112855 0.00881739 2.84176e-05 
0.481334 7.68473e-05 0.0900838 0.000549605 1.50789e-07 0.0262904 0.0129782 0.0394603 0.331359 0.000163395 0.0173849 0.000318639 
0.562928 0.00321856 0.00835046 0.00278558 4.93879e-05 0.0362458 0.210658 0.0221122 0.0594893 0.0638073 0.00415802 0.0261973 
0.361948 0.000435987 0.163276 0.000129332 0.0138297 0.0996403 0.0416863 0.133152 0.124124 0.0238919 0.0370973 0.000790177 
0.26539 0.00309425 0.0210652 0.00100243 0.09044 0.0534001 0.197995 0.0313922 0.115285 0.208027 0.00558767 0.00732095 
0.338523 0.000123471 0.0359178 0.000775925 9.42598e-06 0.165061 0.108506 0.0213708 0.307594 0.00850148 0.0135184 9.8751e-05 
0.440867 2.54776e-05 0.061721 0.000216985 0.000467047 0.00716351 0.00840063 0.0743577 0.37833 0.00604972 0.0223624 3.85645e-05 
0.417213 0.000627823 0.0633924 0.000509253 9.96488e-05 0.00809821 0.0178162 0.0531439 0.235632 0.201455 0.000190707 0.00182214 
0.559544 0.000295815 0.027984 6.56218e-05 0.000220189 0.0388735 0.0304706 0.0738969 0.248149 0.00515275 0.015055 0.000292263 
0.30903 0.00181 0.0384335 0.00212317 3.86846e-05 0.257199 0.0594849 0.0620313 0.244675 0.0208343 0.00319249 0.00114812 
0.800178 0.000123396 0.0453507 0.000275377 1.86695e-07 0.00223636 0.000455901 0.00279999 0.11411 0.000139479 0.0342969 3.41566e-05 
0.789325 1.73118e-05 0.00589002 6.38371e-05 3.63792e-07 0.0116653 0.00426741 0.00386489 0.179584 0.00202156 0.00324067 5.92771e-05 
0.497094 3.36838e-05 0.0963155 7.67881e-05 0.00106458 0.00769153 0.00433631 0.0921578 0.234813 0.0133681 0.0530233 2.58511e-05 
0.494222 1.52785e-06 0.030931 0.000491882 8.15827e-12 0.0103273 0.00654283 0.0031581 0.448571 0.00012606 0.00553097 9.74702e-05 
0.468945 1.03902e-06 0.0523167 0.00190577 1.73157e-07 0.0710508 0.112592 0.000160951 0.28834 0.0029671 0.00172032 4.66565e-08 
0.800178 0.000123396 0.0453507 0.000275377 1.86695e-07 0.00223636 0.000455901 0.00279999 0.11411 0.000139479 0.0342969 3.41566e-05 
0.31245 0.00282797 0.00182099 0.00011878 1.29e-06 0.0687585 0.127814 0.00666606 0.234319 0.154396 0.0047795 0.0860487 
0.513393 0.0379082 0.0738472 0.000422716 1.31976e-07 0.0174481 0.0528226 0.0486175 0.20959 0.0145392 0.027471 0.00394065 
0.491142 8.75075e-06 0.0400636 0.0014266 3.51449e-08 0.00989011 0.0638338 0.0196328 0.372533 5.25619e-05 0.000739345 0.00067774 
0.458243 0.00221877 0.0428508 0.0529094 0.00127952 0.176923 0.0930138 0.0304656 0.125445 0.00484421 0.00794172 0.00386462 
0.366594 0.000335689 0.0429268 0.00114616 5.3548e-07 0.110743 0.121602 0.0247271 0.290654 0.0342907 0.00153355 0.00544729 
0.273415 0.0408071 0.102976 0.00190497 0.00855185 0.0886168 0.109046 0.0574105 0.105452 0.187883 0.0235925 0.000344608 
0.655607 0.00104508 0.0263781 0.000163033 3.87946e-07 0.00627212 0.0259041 0.0222639 0.235085 0.00714705 0.017653 0.00248047 
0.433589 0.0164857 0.0642473 0.000839076 2.78683e-08 0.0162915 0.0708587 0.0449793 0.350683 0.000287074 0.00113334 0.00060625 
0.883982 5.15657e-05 0.0220145 0.00019864 8.22287e-08 0.00776052 0.00701078 0.00135344 0.0631411 5.81906e-05 0.0143587 7.08193e-05 
0.700598 6.41639e-06 0.00208928 1.04948e-05 1.26343e-07 0.201045 0.00118094 0.00121664 0.0595658 0.0337316 0.000553399 2.8183e-06 
0.747658 0.0100329 0.0189216 0.000470175 1.18631e-05 0.0173216 0.0500086 0.0124085 0.078791 0.0278943 0.00724335 0.0292384 
0.636493 0.000285583 0.012141 0.00280314 9.02817e-07 0.227519 0.00568739 0.00040244 0.0541923 0.00565818 0.0547996 1.84571e-05 
0.385572 0.27836 0.0298139 0.000152186 2.29845e-06 0.121154 0.0878709 0.0334024 0.0417762 0.0215198 0.000302776 7.43508e-05 
0.833284 0.000536453 0.0255994 0.00116371 5.46483e-09 0.00224661 0.0105104 0.00423411 0.0996952 0.0033225 0.0193873 2.0512e-05 
0.608077 2.48585e-06 0.0892081 0.000144652 1.03246e-07 0.0706366 0.0784307 0.00612253 0.141403 0.00555448 0.000361861 5.79863e-05 
0.675035 5.91567e-05 0.0302057 0.00573268 1.22265e-05 0.0213279 0.0200252 0.00844724 0.227512 0.00359406 0.00800425 4.51134e-05 
0.295668 0.0596136 0.0575228 0.0113909 0.000232141 0.0871932 0.144067 0.0638998 0.161985 0.0223069 0.00713468 0.0889859 
0.422134 0.00205368 0.120817 0.000438494 2.47387e-05 0.0732584 0.0424934 0.0115497 0.301465 0.00604404 0.0196963 2.64182e-05 
0.545913 5.10402e-06 0.0115935 0.00187871 0.000699688 0.00185899 0.0320496 0.0953496 0.292088 0.013994 0.00441218 0.000157444 
0.441024 0.000130067 0.0158204 0.000432961 3.08581e-05 0.0240636 0.252814 0.0498899 0.163676 0.000318091 0.000963552 0.050837 
0.668644 2.54124e-05 0.0546683 0.000634883 2.80201e-05 0.0296347 0.0611743 0.0862019 0.09421 0.00316664 0.00123557 0.000376636 
0.636493 0.000285583 0.012141 0.00280314 9.02817e-07 0.227519 0.00568739 0.00040244 0.0541923 0.00565818 0.0547996 1.84571e-05 
0.470047 0.0215006 0.0564021 9.39901e-05 4.88844e-10 0.00301345 0.130726 0.0167744 0.298566 0.00118294 0.00163641 5.70926e-05 
0.478718 0.000922321 0.0387458 0.000219334 2.67339e-07 0.0118899 0.0340756 0.0161123 0.410312 0.00652981 0.00240705 6.77647e-05 
0.594262 0.00478852 0.0282993 0.000300676 7.33278e-06 0.00642413 0.00626291 0.116184 0.238096 0.0012673 0.00324792 0.000860193 
0.587716 0.00181209 0.0662359 0.00129223 5.36891e-05 0.0690944 0.148354 0.0107998 0.0741375 0.000950917 8.69611e-05 0.0394659 
0.359404 0.0504298 0.0510217 0.00221736 1.48533e-05 0.0585687 0.150427 0.192411 0.104407 0.0294562 0.000297843 0.00134464 
0.335572 1.48661e-08 0.0735998 0.000331886 7.28363e-05 0.0679876 0.0297135 0.321104 0.147321 0.00534449 0.0180434 0.000909415 
0.886699 9.83233e-08 0.0153225 0.00772299 1.78812e-11 0.012626 0.063503 0.0134386 2.1586e-07 4.10673e-07 0.000205861 0.000480953 
0.700938 8.31269e-05 0.0459361 0.0138065 6.09693e-06 0.0169243 0.0368123 0.0228331 0.0445623 0.00230567 0.00821494 0.107578 
0.474217 0.00218722 0.0260194 0.294051 6.57543e-05 0.00196091 0.131893 0.00722823 0.0109041 0.0105004 0.0107053 0.0302678 
0.439332 0.00144359 0.0477057 0.0206214 6.46306e-06 0.0243858 0.11085 0.0288711 0.108341 0.195672 0.0144856 0.00828627 
0.517921 8.97659e-05 0.321013 0.0875263 2.03324e-05 0.0172892 0.0257341 0.00146959 0.0210229 0.00331064 0.0038101 0.000792907 
0.375816 5.21538e-05 0.0373491 0.000281454 0.00826929 0.240817 0.197388 0.0202757 0.0456643 0.0298692 0.0412633 0.00295539 
0.504628 1.98562e-05 0.00460422 0.000423715 5.60297e-07 0.0191268 0.12442 0.00126612 0.280608 0.00299421 0.000455464 0.0614523 
0.684672 8.43079e-05 0.0723321 0.000150822 0.0010384 0.0068888 0.00251483 0.00596407 0.0704708 0.0357551 0.120129 8.0647e-09 
0.534385 0.000349286 0.0132039 0.00376223 7.54139e-06 0.0521448 0.0900396 0.0416908 0.229581 0.0180168 0.0146695 0.00214909 
0.753654 2.92677e-05 0.00110186 0.000144244 7.27974e-09 0.0147577 0.00746682 0.000873012 0.205585 0.0163338 1.31512e-05 4.02591e-05 
0.429354 0.0556963 0.015317 3.83281e-05 5.74707e-06 0.00455569 0.00820636 0.0289941 0.322887 0.132893 0.00199645 5.5904e-05 
0.819034 9.23887e-05 0.00838866 0.0191589 1.83839e-06 0.00246489 0.07246 0.0642176 0.0127975 0.000164781 0.000465 0.000754548 
0.386585 0.000956202 0.100874 0.318174 8.17263e-06 0.0057581 0.0915889 0.0126218 0.0251742 0.00711674 0.0370332 0.0141102 
0.412283 9.83193e-06 0.0463055 0.00952636 2.37013e-05 0.288149 0.0150439 0.00523616 0.194621 0.00406253 0.0247244 1.42394e-05 
0.800178 0.000123396 0.0453507 0.000275377 1.86695e-07 0.00223636 0.000455901 0.00279999 0.11411 0.000139479 0.0342969 3.41566e-05 
0.457832 1.34737e-05 0.0557258 0.000222949 2.40695e-05 0.0588341 0.0306002 0.0293507 0.257717 0.0884704 0.0211034 0.000106082 
0.620972 5.61438e-05 0.0295187 0.0028262 6.64351e-05 0.0448728 0.0292632 0.0902599 0.144878 0.0214735 0.0154091 0.000404314 
0.458392 0.000116406 0.0707201 8.54706e-05 1.88413e-05 0.0961233 0.00488186 0.0376442 0.256387 0.0316932 0.0391858 0.00475175 
0.833284 0.000536453 0.0255994 0.00116371 5.46483e-09 0.00224661 0.0105104 0.00423411 0.0996952 0.0033225 0.0193873 2.0512e-05 
0.329445 1.77921e-05 0.0178118 0.000110722 0.000169494 0.261319 0.0862817 0.0418312 0.228367 0.0300354 0.00455456 5.64812e-05 
0.887754 2.39529e-05 0.000136462 3.14079e-06 2.11829e-05 0.000612362 0.0195114 0.000151009 0.0911772 0.000568791 2.18855e-05 1.86239e-05 
0.863665 5.11197e-06 0.00107114 0.0013823 2.9254e-05 0.00126204 0.00532216 0.00324539 0.0921469 0.0167906 0.0150429 3.68815e-05 
0.271357 0.0400438 0.0193821 0.104857 4.85231e-05 0.0270683 0.188677 0.0730592 0.216266 0.0284206 0.0242157 0.00660579 
0.415457 0.000131361 0.0380437 5.27263e-05 8.71134e-05 0.400683 0.0136546 0.00459299 0.0783187 0.0158334 0.0265697 0.00657534 
0.726457 0.000576827 0.00341604 0.000982116 1.40783e-06 0.0536767 0.0244273 0.00801671 0.172444 0.0097694 0.000206968 2.53592e-05 
0.636493 0.000285583 0.012141 0.00280314 9.02817e-07 0.227519 0.00568739 0.00040244 0.0541923 0.00565818 0.0547996 1.84571e-05 
0.435183 0.00141265 0.0859293 0.000105512 1.22376e-05 0.0228026 0.00446511 0.0380419 0.381617 0.0101205 0.0201912 0.000119453 
0.834889 0.00146918 0.0154845 0.000481353 2.47738e-12 0.0380774 0.0820791 0.000794824 0.0251329 0.000200022 0.000408643 0.000983049 
0.214697 0.000827445 0.160925 0.000544375 5.90051e-05 0.017815 0.1647 0.162579 0.20977 0.00689614 0.0556764 0.00551009 
0.324737 8.70511e-05 0.0673206 0.00322147 0.0127333 0.0486983 0.231517 0.083075 0.150446 0.0371743 0.00705083 0.0339385 
0.705718 0.000536845 0.0378821 0.000222607 1.08788e-06 0.000467904 0.00356918 0.0109663 0.227266 4.37893e-05 0.0132365 9.01185e-05 
0.597556 2.03775e-05 0.0609014 5.5558e-05 5.96387e-12 0.0230123 0.00673398 0.00409101 0.307025 8.0189e-05 0.000281784 0.000242558 
0.544794 4.11777e-05 0.108131 0.00058923 0.00495142 0.0175559 0.0277693 0.00762103 0.209623 0.0427111 0.0360886 0.000123828 
0.411139 0.00399198 0.0984854 0.000443933 1.40118e-09 0.002749 0.0681253 0.0064723 0.219706 0.0443108 0.120654 0.0239232 
0.462634 0.00744061 0.0652624 0.00248547 0.000134188 0.0189935 0.0669915 0.0522204 0.277859 0.008614 0.0341522 0.00321209 
0.318941 0.000763004 0.112292 0.00432901 3.00792e-07 0.208144 0.0446148 0.0140158 0.205106 0.0142474 0.0743758 0.00317107 
0.668734 3.69692e-05 0.00622639 0.00117094 6.07086e-06 0.0718844 0.015217 0.0104204 0.12801 0.0669995 0.0310823 0.000212139 
0.467574 6.44316e-06 0.0997354 4.01399e-05 3.88407e-05 0.00375071 0.000403622 0.136446 0.272762 0.00644911 0.0125465 0.000247912 
0.636493 0.000285583 0.012141 0.00280314 9.02817e-07 0.227519 0.00568739 0.00040244 0.0541923 0.00565818 0.0547996 1.84571e-05 
0.418542 0.000509108 0.0209584 0.388011 1.43223e-06 0.007306 0.101183 0.00869671 0.0396211 0.000293585 0.0128306 0.00204665 
0.395863 2.76081e-07 0.279861 0.000553868 1.02852e-05 0.00525152 0.00290295 0.0311225 0.200941 0.0666364 0.0167679 8.99631e-05 
0.615324 0.000286175 0.0631379 0.00244392 7.88608e-06 0.0312019 0.0249624 0.0118242 0.193498 0.0402553 0.0170407 1.78653e-05 
0.508252 4.95277e-07 0.0497414 3.00248e-07 1.64451e-08 0.00597262 6.86723e-07 0.00097485 0.222086 0.207313 0.00565193 7.18636e-06 
0.358301 0.01243 0.163255 7.77827e-05 1.51003e-05 0.0835865 0.0302324 0.0141555 0.306792 0.0174199 0.0136743 6.01193e-05 
0.508809 0.000366393 0.0828989 6.05181e-06 2.79245e-06 0.245858 0.0677154 0.0147272 0.0628649 0.0073068 0.00943656 7.95987e-06 
0.503401 0.00518424 0.046288 0.00400901 1.84101e-05 0.029412 0.246395 0.0196021 0.0263672 0.0243554 0.00430751 0.09066 
0.478086 0.076086 0.212335 0.000209627 1.35016e-05 0.0430213 0.02121 0.00777607 0.128888 0.0146721 0.0174918 0.000210818 
0.796655 0.00918896 0.00613733 0.00238569 1.5454e-07 0.00472757 0.118779 0.00455715 0.0132761 0.00115764 0.00197989 0.0411558 
0.712391 0.00111671 0.0281648 0.00103173 6.08803e-08 0.00619714 0.0261731 0.0118329 0.188001 0.00356981 0.0214866 3.49379e-05 
0.822212 1.46401e-08 1.0917e-07 8.99467e-05 3.09757e-12 0.000221334 0.00012347 0.00180676 0.175511 5.87419e-06 1.83444e-05 1.10595e-05 
0.327232 0.000515703 0.0253953 0.0140168 0.0721989 0.0158851 0.157156 0.150718 0.105259 0.0280513 0.00247237 0.1011 
0.616465 0.00362235 0.050928 0.00297558 2.97423e-07 0.0567434 0.175873 0.0174946 0.0407234 0.0158294 0.00597545 0.0133688 
0.705123 0.00311978 0.0228145 0.00371583 2.32897e-07 0.00593114 0.157835 0.00595058 0.0404466 0.0182117 0.0112249 0.0256264 
0.800178 0.000123396 0.0453507 0.000275377 1.86695e-07 0.00223636 0.000455901 0.00279999 0.11411 0.000139479 0.0342969 3.41566e-05 
0.450956 0.000358024 0.0376731 0.0044306 1.7299e-06 0.0127215 0.027015 0.0314336 0.344122 0.0176682 0.0735736 4.59117e-05 
0.385572 0.27836 0.0298139 0.000152186 2.29845e-06 0.121154 0.0878709 0.0334024 0.0417762 0.0215198 0.000302776 7.43508e-05 
0.416442 3.18359e-05 0.0717406 0.00027121 0.000583703 0.00361532 0.00636815 0.0807499 0.385418 0.0067779 0.0279528 4.81971e-05 
0.726915 5.55607e-08 0.0437796 8.60766e-05 1.3385e-10 0.00153782 0.000294205 0.00130898 0.214979 1.34887e-05 0.0110814 4.36081e-06 
0.636493 0.000285583 0.012141 0.00280314 9.02817e-07 0.227519 0.00568739 0.00040244 0.0541923 0.00565818 0.0547996 1.84571e-05 
0.392849 7.16491e-05 0.133239 0.00125579 0.000124555 0.178333 0.102313 0.0186232 0.140338 0.0325656 4.66322e-05 0.00024018 
0.770413 0.000121799 0.045557 0.0114338 2.21814e-06 0.00789501 0.0664555 0.0607127 0.0353925 0.000744096 0.000597797 0.000674911 
0.890067 0.00427485 0.00757399 0.00175862 5.31263e-08 0.00375612 0.0563034 0.0034358 0.0085166 0.000703342 0.00412741 0.0194832 
0.456516 0.000506058 0.0975469 0.000146839 7.76868e-05 0.0384665 0.0284708 0.047826 0.276885 0.00844277 0.0449478 0.00016735 
0.203152 0.000769257 0.115447 0.000668643 9.94724e-06 0.0782739 0.167538 0.0448942 0.198595 0.186898 0.00370478 4.9174e-05 
0.75744 4.97263e-06 0.000702442 0.000925605 8.98013e-06 0.00824126 0.0584496 0.00746513 0.147456 0.0188394 0.000456227 1.09021e-05 
0.833284 0.000536453 0.0255994 0.00116371 5.46483e-09 0.00224661 0.0105104 0.00423411 0.0996952 0.0033225 0.0193873 2.0512e-05 
0.636493 0.000285583 0.012141 0.00280314 9.02817e-07 0.227519 0.00568739 0.00040244 0.0541923 0.00565818 0.0547996 1.84571e-05 
0.455376 1.22066e-06 0.0988021 0.000553232 8.04647e-10 0.0880255 0.0290423 0.0157904 0.30634 0.00548547 0.000493227 9.08784e-05 
0.814485 0.00605638 0.0138374 0.00467036 6.55173e-06 0.00459716 0.149057 0.00153783 0.00210497 3.88436e-05 0.00316109 0.00044773 
0.299817 2.15305e-05 0.0884792 0.00032223 0.000179429 0.0325874 0.162477 0.136204 0.189814 0.00225117 0.0862235 0.00162333 
0.66863 0.00177999 0.028254 0.000235454 4.80706e-07 0.0308103 0.0217582 0.00405727 0.218319 0.0121734 0.0125659 0.00141572 
0.654037 0.000767059 0.141846 0.000185656 4.44354e-05 0.00750553 0.0709563 0.0173293 0.0914268 0.00160709 0.0142588 3.54105e-05 
0.789325 1.73118e-05 0.00589002 6.38371e-05 3.63792e-07 0.0116653 0.00426741 0.00386489 0.179584 0.00202156 0.00324067 5.92771e-05 
0.646719 0.000282323 0.0196516 7.16162e-05 8.16501e-11 0.00421876 0.00419789 0.00409706 0.253744 0.000126882 0.0668729 1.74697e-05 
0.29125 3.13921e-05 0.0776961 0.00805556 9.35817e-07 0.177742 0.0162075 0.0239119 0.232006 0.0241545 0.148842 0.000101979 
0.323389 2.34236e-07 0.0214839 4.96968e-08 1.67306e-07 0.0155311 0.0741524 0.275848 0.275856 0.00831701 0.00523231 0.000190284 
0.667688 0.00116063 0.0403049 0.000221246 2.87216e-07 0.0152574 0.0203788 0.0210165 0.192737 0.0116878 0.0264863 0.00306159 
0.636493 0.000285583 0.012141 0.00280314 9.02817e-07 0.227519 0.00568739 0.00040244 0.0541923 0.00565818 0.0547996 1.84571e-05 
0.68573 0.000211968 0.015201 0.00422473 7.35491e-06 0.0205675 0.0336348 0.0139857 0.175349 0.0370141 0.0139101 0.000164012 
0.555843 2.30795e-05 0.0232364 0.00342812 1.86764e-06 0.0192548 0.0254635 0.0326458 0.334531 0.00363839 0.00185851 7.60282e-05 
0.540612 0.000945859 0.142528 0.00024221 1.75249e-06 0.0867278 0.0207872 0.0102667 0.165829 0.0179927 0.013999 6.74668e-05 
0.431611 0.00623274 0.0570059 0.00100939 2.20017e-05 0.0277766 0.0560524 0.122468 0.253293 0.0168771 0.0241114 0.00354084 
0.303913 0.000117062 0.146039 0.00805721 0.000615397 0.0162505 0.0405472 0.222415 0.203272 0.0560328 0.00236347 0.000377776 
0.712391 0.00111671 0.0281648 0.00103173 6.08803e-08 0.00619714 0.0261731 0.0118329 0.188001 0.00356981 0.0214866 3.49379e-05 
0.478406 0.00220627 0.11313 0.000205163 7.91975e-06 0.0693359 0.0624576 0.00724643 0.238295 0.0138609 0.00455164 0.0102967 
0.637206 0.00255451 0.0749502 0.000567666 8.44564e-10 0.00708279 0.0708041 0.00655974 0.153458 0.028765 0.0143747 0.00367677 
0.491142 8.75075e-06 0.0400636 0.0014266 3.51449e-08 0.00989011 0.0638338 0.0196328 0.372533 5.25619e-05 0.000739345 0.00067774 
0.36915 0.000458132 0.204805 0.000548044 0.00110053 0.16872 0.0539662 0.0174681 0.138501 0.0333702 0.00615534 0.00575681 
0.500672 9.48253e-05 0.0273155 0.00362978 1.02918e-06 0.0133659 0.0135372 0.0317708 0.355268 0.0229161 0.0313112 0.000117943 
0.392487 0.000148232 0.136765 0.000103742 6.04306e-06 0.021132 0.00588132 0.160387 0.133334 0.0696538 0.00189835 0.0782026 
0.861355 4.43518e-05 0.000360105 0.00130989 9.4856e-07 0.00372646 0.050144 0.000653639 0.0365593 0.0454222 0.000423035 1.16221e-06 
0.792464 0.00348861 0.0280741 0.00208109 4.21754e-07 0.00553498 0.0675869 0.00500318 0.0142719 0.00131609 0.00543769 0.0747413 
0.308489 8.34441e-05 0.284911 0.000935551 1.62577e-06 0.0326864 0.0462946 0.00560866 0.114179 0.181658 0.0251053 4.75699e-05 
0.560247 3.59102e-07 0.0443275 0.000430311 9.34934e-10 0.00241123 0.000259068 0.00414401 0.37747 0.000673906 0.0100258 1.1081e-05 
0.3033 0.000364908 0.0316591 0.00237657 5.16267e-06 0.262685 0.0246462 0.0051727 0.177937 0.170022 0.0181627 0.00366828 
0.270811 0.000267518 0.0396236 0.00220675 0.000214937 0.215914 0.135333 0.0269706 0.228619 0.0532966 0.00714041 0.0196035 
0.731056 0.00111014 0.14585 0.0423749 6.65293e-06 0.0141107 0.0326164 0.00225902 0.0219338 0.0015293 0.00599395 0.00115934 
0.923331 0.00101295 0.00519564 0.00315129 1.87636e-09 0.00141417 0.0556273 0.000101928 0.00887512 3.81002e-05 0.000185789 0.00106702 
0.373523 0.00115287 0.166108 0.00116589 4.69e-06 0.0641876 0.259454 0.0211005 0.0700051 0.0116825 0.0174623 0.0141534 
0.686725 3.83531e-06 0.00522865 0.000142205 4.90782e-07 0.175894 0.0222547 0.00082158 0.0628601 0.00558024 0.0404379 5.13604e-05 
0.308804 0.00012164 0.0069181 0.00266784 0.00147146 0.0650701 0.0264287 0.028859 0.296416 0.262893 0.000316758 3.3244e-05 
0.636493 0.000285583 0.012141 0.00280314 9.02817e-07 0.227519 0.00568739 0.00040244 0.0541923 0.00565818 0.0547996 1.84571e-05 
0.619222 5.01068e-05 0.00449581 0.00534658 3.04433e-05 0.0100504 0.0442634 0.0156054 0.206037 0.092035 0.00269537 0.000168593 
0.517432 0.000786395 0.0506561 0.00135915 9.22279e-05 0.0207724 0.117135 0.120918 0.159241 0.00473524 0.00371001 0.00316249 
0.227763 0.0110619 0.112786 0.00249003 8.78985e-05 0.189501 0.0739903 0.149291 0.199913 0.00135522 0.0309738 0.000788225 
0.556826 7.01463e-05 0.00281926 0.00621861 3.56801e-05 0.0122475 0.0448317 0.0216124 0.225596 0.126372 0.00320147 0.000168613 
0.687163 0.0122892 0.0225825 0.00328985 3.3828e-06 0.0154682 0.0515382 0.0214658 0.163125 0.00228569 0.016834 0.00395545 
0.712391 0.00111671 0.0281648 0.00103173 6.08803e-08 0.00619714 0.0261731 0.0118329 0.188001 0.00356981 0.0214866 3.49379e-05 
0.55343 0.319706 0.0147969 0.000421975 1.82585e-06 0.0290497 0.0182806 0.000771305 0.0326204 0.0185864 0.0123245 1.00549e-05 
0.412893 0.0116556 0.100738 0.000641508 2.14761e-07 0.0347282 0.162672 0.0235106 0.235678 0.00297483 0.0134665 0.00104123 
0.623298 3.58144e-07 0.131962 4.53097e-10 6.49355e-10 2.94943e-06 3.07183e-07 0.00534569 0.23939 4.89206e-07 1.20619e-10 4.65935e-07 
0.712391 0.00111671 0.0281648 0.00103173 6.08803e-08 0.00619714 0.0261731 0.0118329 0.188001 0.00356981 0.0214866 3.49379e-05 
0.636493 0.000285583 0.012141 0.00280314 9.02817e-07 0.227519 0.00568739 0.00040244 0.0541923 0.00565818 0.0547996 1.84571e-05 
0.789325 1.73118e-05 0.00589002 6.38371e-05 3.63792e-07 0.0116653 0.00426741 0.00386489 0.179584 0.00202156 0.00324067 5.92771e-05 
0.329413 0.000213368 0.0629636 0.00185509 0.000150737 0.0141615 0.125343 0.140056 0.233554 0.0593671 0.032717 0.000205308 
0.573302 0.118031 0.0493255 0.0124695 3.14267e-06 0.00613171 0.0828783 0.00504248 0.108969 0.0117529 0.0315441 0.000550394 
0.636493 0.000285583 0.012141 0.00280314 9.02817e-07 0.227519 0.00568739 0.00040244 0.0541923 0.00565818 0.0547996 1.84571e-05 
0.559986 0.0524734 0.0474788 0.00374236 2.7855e-05 0.0661085 0.166046 0.00111422 0.0973056 0.00351627 0.00022376 0.00197758 
0.773293 0.00403899 0.0225504 0.0211299 4.41624e-06 0.00392882 0.141961 0.019406 0.00714769 0.00413299 0.0021077 0.000298638 
0.789325 1.73118e-05 0.00589002 6.38371e-05 3.63792e-07 0.0116653 0.00426741 0.00386489 0.179584 0.00202156 0.00324067 5.92771e-05 
0.923331 0.00101295 0.00519564 0.00315129 1.87636e-09 0.00141417 0.0556273 0.000101928 0.00887512 3.81002e-05 0.000185789 0.00106702 
0.32874 0.000186127 0.153241 0.000809947 4.71551e-09 0.0149783 0.0201918 0.301287 0.170927 0.00778081 0.00182709 3.01469e-05 
0.619222 5.01068e-05 0.00449581 0.00534658 3.04433e-05 0.0100504 0.0442634 0.0156054 0.206037 0.092035 0.00269537 0.000168593 
0.666288 0.0001255 0.0177171 0.000624162 2.44412e-07 0.00140209 0.00352729 0.00399882 0.292778 0.00471007 0.00880994 1.91833e-05 
0.448436 5.04973e-05 0.130181 0.000115148 0.00159649 0.00196815 0.00166674 0.106173 0.21274 0.0174991 0.0795344 3.87552e-05 
0.278223 0.000741761 0.0388228 0.00108474 0.0540281 0.0146555 0.0773217 0.174139 0.199286 0.136983 0.00264065 0.0220734 
0.441145 0.00286535 0.0727374 0.000206251 7.64408e-05 0.0164632 0.0807655 0.0532409 0.31339 0.00322203 0.0128131 0.00307477 
0.734069 0.000541167 0.0100505 0.00329638 1.68258e-05 0.0162713 0.0326651 0.00793781 0.140199 0.0401885 0.0146807 8.42753e-05 
0.301974 0.000969309 0.213974 0.000948696 6.3909e-05 0.0545707 0.0896347 0.0292749 0.252696 0.00347624 0.0280256 0.0243916 
0.712391 0.00111671 0.0281648 0.00103173 6.08803e-08 0.00619714 0.0261731 0.0118329 0.188001 0.00356981 0.0214866 3.49379e-05 
0.712391 0.00111671 0.0281648 0.00103173 6.08803e-08 0.00619714 0.0261731 0.0118329 0.188001 0.00356981 0.0214866 3.49379e-05 
0.405271 0.00111066 0.0683536 0.000876828 6.41533e-05 0.149881 0.0433916 0.0168358 0.278539 0.018271 0.0157653 0.00164062 
0.401661 1.60148e-05 0.0681816 0.00121436 0.000125031 0.00567983 0.00376776 0.297015 0.211823 0.00218864 0.00799479 0.000332211 
0.276266 0.000453124 0.15642 0.0152996 8.6399e-08 0.0881864 0.158127 0.154423 0.146508 0.000934684 0.00204644 0.00133471 
0.43401 1.43681e-05 0.0366688 2.61909e-05 4.21213e-07 0.00773543 0.00292684 0.0858816 0.424941 0.00393318 0.00384411 1.84438e-05 
0.325952 6.98159e-05 0.0340682 0.0198168 2.07228e-05 0.0579286 0.0334417 0.0973503 0.31667 0.103764 0.00998947 0.000928347 
0.502689 0.000752272 0.000144714 1.819e-05 4.06312e-11 0.0320772 0.00308536 5.98626e-12 0.460646 0.000587775 7.5473e-12 1.26703e-11 
0.572777 0.000104511 0.0733288 0.00050624 3.65141e-06 0.0258927 0.0661782 0.216018 0.0416812 0.000488926 0.00242147 0.000599314 
0.675035 5.91567e-05 0.0302057 0.00573268 1.22265e-05 0.0213279 0.0200252 0.00844724 0.227512 0.00359406 0.00800425 4.51134e-05 
0.654869 0.00196285 0.0381761 0.0286325 3.0094e-05 0.0208584 0.0358429 0.016071 0.136583 0.00224536 0.0247485 0.0399798 
0.636493 0.000285583 0.012141 0.00280314 9.02817e-07 0.227519 0.00568739 0.00040244 0.0541923 0.00565818 0.0547996 1.84571e-05 
0.517921 8.97659e-05 0.321013 0.0875263 2.03324e-05 0.0172892 0.0257341 0.00146959 0.0210229 0.00331064 0.0038101 0.000792907 
0.233045 0.000279978 0.173694 0.0190686 0.0650348 0.068719 0.0727971 0.049302 0.165822 0.133246 0.017721 0.00127031 
0.391953 3.12101e-06 0.0374328 0.00196947 0.0509493 0.0585484 0.080784 0.194006 0.134358 0.0438045 0.00304761 0.00314317 
0.349225 0.00388831 0.0985867 0.000872937 1.57242e-08 0.260119 0.00414243 0.0105818 0.0865731 0.109333 0.0766318 4.61647e-05 
0.913972 0.0025562 0.0149464 0.00314915 1.15867e-07 0.00579866 0.0355031 0.00269823 0.0169154 6.18008e-05 0.00308569 0.00131346 
0.608059 3.78933e-05 0.03051 4.56403e-05 3.97663e-12 0.00528933 0.00255167 0.000849719 0.352548 4.23553e-05 4.96998e-05 1.6619e-05 
0.712391 0.00111671 0.0281648 0.00103173 6.08803e-08 0.00619714 0.0261731 0.0118329 0.188001 0.00356981 0.0214866 3.49379e-05 
0.621023 4.58625e-05 0.134103 0.000222471 2.52953e-07 0.00314108 0.00486262 0.0183711 0.172079 0.0327617 0.0132055 0.000185116 
0.738968 1.02179e-05 0.0422822 0.000173351 3.51902e-06 0.0503781 0.0140449 0.00650052 0.129468 0.000566047 0.017598 6.75207e-06 
0.250318 0.000346958 0.240584 0.00745161 1.80003e-05 0.0306678 0.0678406 0.217583 0.177847 0.00453094 0.002532 0.000279757 
0.583857 0.00380382 0.014499 0.00222324 2.03085e-07 0.00411446 0.277454 0.0163334 0.0454003 0.00123409 0.0166701 0.0344097 
0.512397 6.07711e-05 0.0810224 0.00159571 1.09189e-07 0.00595915 0.0330568 0.063033 0.300824 0.000171531 0.00150988 0.000369545 
0.469182 0.0259089 0.0792587 0.00373383 4.29296e-05 0.0205182 0.14 0.0512362 0.169655 0.010544 0.0276082 0.00231269 
0.425496 0.000653241 0.0491546 0.00108584 0.000106811 0.032207 0.0986109 0.0332248 0.327509 0.0122385 0.0169467 0.00276639 
0.345534 0.0125848 0.0713939 0.000888748 4.16976e-05 0.0697599 0.18987 0.0126167 0.122241 0.063646 0.0199065 0.0915169 
0.331362 0.0266757 0.0477313 0.00869688 5.69471e-05 0.0333801 0.0897301 0.0938093 0.292813 0.052076 0.0235791 9.00998e-05 
0.786682 0.000718485 0.0465451 8.20952e-06 1.49442e-08 0.0126935 0.00445212 0.00316584 0.0950693 0.000213297 3.6788e-05 0.0504148 
0.636493 0.000285583 0.012141 0.00280314 9.02817e-07 0.227519 0.00568739 0.00040244 0.0541923 0.00565818 0.0547996 1.84571e-05 
0.353796 0.0064189 0.117575 0.00199196 6.3152e-06 0.0784161 0.110621 0.133415 0.143336 0.0252558 0.0264108 0.00275685 
0.636493 0.000285583 0.012141 0.00280314 9.02817e-07 0.227519 0.00568739 0.00040244 0.0541923 0.00565818 0.0547996 1.84571e-05 
0.550385 3.58223e-09 0.195774 2.4966e-07 1.81096e-06 0.0577178 0.0231511 0.00512345 0.167698 1.13728e-05 4.99938e-05 8.71928e-05 
0.680774 0.00101252 0.0438605 0.0150809 5.0126e-05 0.0182468 0.0673627 0.0558221 0.09863 0.00276554 0.0161927 0.000202527 
0.293977 0.000870578 0.0719024 0.00155834 3.51802e-05 0.0934952 0.188495 0.0358462 0.21225 0.0304375 0.0697056 0.00142707 
0.867362 0.00154771 0.00556603 0.00519853 5.48818e-08 0.00297043 0.0623637 0.00638883 0.0129196 0.00714873 0.00866605 0.0198686 
0.520015 0.00161674 0.068297 0.000101317 7.09237e-06 0.00820826 0.00394144 0.1409 0.245478 0.00515723 0.00319727 0.00308057 
0.495315 0.0859485 0.0513336 0.000356808 6.25863e-09 0.0109361 0.0741395 0.010768 0.244499 0.0160641 0.00582865 0.00481138 
0.833284 0.000536453 0.0255994 0.00116371 5.46483e-09 0.00224661 0.0105104 0.00423411 0.0996952 0.0033225 0.0193873 2.0512e-05 
0.601884 0.000109498 0.0677901 0.00213651 9.53078e-06 0.0604904 0.0302878 0.0325388 0.102736 0.00201478 0.0188834 0.0811196 
0.705363 9.55098e-06 0.025368 0.000205234 1.02658e-10 0.00377534 0.00172075 0.00346084 0.25229 0.000786982 0.00701463 5.73578e-06 
0.709019 3.83514e-09 0.0023356 5.35627e-06 1.17713e-11 0.0046022 0.000398932 0.0102278 0.26401 0.00940138 6.62808e-08 3.77978e-08 
0.888265 1.85398e-05 0.0016325 7.88209e-05 4.03252e-05 0.00253593 0.0127752 0.0181398 0.0746326 0.00147178 0.000345649 6.3783e-05 
0.582308 0.000192743 0.0423946 0.000125889 1.52633e-08 0.0455033 0.046595 0.000739957 0.258778 0.00269585 0.0206075 5.95393e-05 
0.60871 0.000116245 0.00871783 0.00289133 2.87453e-07 0.0153087 0.142709 0.000723224 0.197572 0.00186786 0.0211169 0.000265861 
0.837794 9.02043e-05 0.00218329 0.00626159 1.95179e-05 0.0119986 0.0212029 0.00957595 0.102341 0.00103858 0.00747148 2.26268e-05 
0.713179 4.23336e-07 0.0466624 0.000178736 1.07197e-09 0.0155049 0.00104306 0.00670408 0.208446 5.34561e-05 0.00822847 4.03431e-07 
0.841206 0.00856037 0.00929675 0.00275688 1.36533e-07 0.00532486 0.0862238 0.0043464 0.0161261 0.000786986 0.00344128 0.0219303 
0.621421 9.10907e-06 0.000330999 0.00130897 2.27969e-05 0.00187518 0.0144564 0.00595156 0.228799 0.125683 5.40886e-05 8.83721e-05 
0.913972 0.0025562 0.0149464 0.00314915 1.15867e-07 0.00579866 0.0355031 0.00269823 0.0169154 6.18008e-05 0.00308569 0.00131346 
0.754632 0.000803273 0.0633039 0.00132152 1.48447e-10 0.000556758 0.00238016 0.00782662 0.116198 0.000257745 0.0527087 1.14363e-05 
0.573917 0.000100637 0.0566936 0.00223661 6.99976e-06 0.0366269 0.0256735 0.0114119 0.237112 0.0471189 0.00903631 6.53428e-05 
0.318851 0.00228845 0.0537428 0.00221795 2.79367e-05 0.0253575 0.224686 0.0856143 0.260714 0.00172383 0.00145863 0.0233171 
0.523842 0.00377094 0.0443522 0.011532 6.84326e-08 0.03603 0.0246224 0.0477683 0.300953 0.00113738 0.0059495 4.17263e-05 
0.536888 0.00216323 0.00697876 0.000603031 9.33386e-05 0.174585 0.197722 0.000512234 0.0620932 0.00186872 0.0160415 0.000452104 
0.760177 5.16766e-05 0.0191906 0.00017738 3.38064e-09 0.032315 0.0637079 0.00239256 0.110587 0.0110805 0.000276958 4.39481e-05 
0.833284 0.000536453 0.0255994 0.00116371 5.46483e-09 0.00224661 0.0105104 0.00423411 0.0996952 0.0033225 0.0193873 2.0512e-05 
0.448436 5.04973e-05 0.130181 0.000115148 0.00159649 0.00196815 0.00166674 0.106173 0.21274 0.0174991 0.0795344 3.87552e-05 
0.667688 0.00116063 0.0403049 0.000221246 2.87216e-07 0.0152574 0.0203788 0.0210165 0.192737 0.0116878 0.0264863 0.00306159 
0.405981 3.23504e-05 0.0244647 6.16135e-08 2.95724e-05 0.202983 0.176389 0.000937502 0.141283 0.0466587 0.00122856 1.29305e-05 
0.789325 1.73118e-05 0.00589002 6.38371e-05 3.63792e-07 0.0116653 0.00426741 0.00386489 0.179584 0.00202156 0.00324067 5.92771e-05 
0.878026 0.000465566 0.00874899 0.00261049 1.3839e-06 0.00152595 0.0382221 0.00292544 0.0667183 0.000123225 0.00051211 0.000120037 
0.753654 2.92677e-05 0.00110186 0.000144244 7.27974e-09 0.0147577 0.00746682 0.000873012 0.205585 0.0163338 1.31512e-05 4.02591e-05 
0.651828 0.00128013 0.0525214 6.19569e-05 4.84072e-06 0.0953934 0.0586658 0.0012104 0.130685 0.00757537 0.000768815 4.17054e-06 
0.515155 0.0427274 0.073135 0.00091931 9.79396e-06 0.091151 0.0343752 0.014662 0.103255 0.114067 0.00965399 0.000889659 
0.604666 9.27366e-05 0.0446207 0.000477128 3.98556e-07 0.00522744 0.00228444 0.00708775 0.321833 0.00114784 0.0125367 2.62471e-05 
0.587975 1.05816e-05 0.00408898 0.000107815 3.03387e-05 0.247891 0.0196061 0.00204303 0.0862527 0.0145832 0.0374067 3.91054e-06 
0.408472 3.7057e-05 0.0220041 0.000742033 5.76533e-07 0.140033 0.18935 0.012026 0.201331 0.0166417 0.00230637 0.00705736 
0.482215 0.00024756 0.125753 0.000309183 1.03688e-06 0.0919554 0.0379271 0.0524765 0.176701 0.00290242 0.0294741 3.75119e-05 
0.393424 1.3346e-06 0.280597 0.00294413 1.43621e-06 0.0107355 0.30952 0.00201248 1.96915e-06 1.042e-10 0.000555236 0.000206823 
0.682849 0.000717017 0.0354614 0.00285613 9.06951e-06 0.00903977 0.0671968 0.019382 0.16776 0.00329373 0.0107746 0.000660678 
0.328746 0.00020925 0.0274258 0.00259721 5.22907e-06 0.0560756 0.0295842 0.0250834 0.193735 0.281165 0.0553537 1.99708e-05 
0.650624 0.000417262 0.186137 0.00122474 1.45792e-06 0.00391929 0.0636643 0.0147107 0.0749059 0.00144253 0.00243938 0.000513179 
0.712391 0.00111671 0.0281648 0.00103173 6.08803e-08 0.00619714 0.0261731 0.0118329 0.188001 0.00356981 0.0214866 3.49379e-05 
0.857277 7.36659e-06 0.00357924 0.00510888 0.000391137 0.007956 0.0077432 0.0165575 0.031422 0.0160468 0.0537121 0.000198356 
0.800156 2.50798e-08 0.00646308 0.00354857 9.93675e-06 0.00205559 0.0134928 0.00528388 0.149484 0.00260401 0.0163778 0.000524071 
0.800726 3.10942e-05 0.0276509 0.000149289 0.000449767 0.0173728 0.0263728 0.00411287 0.0830032 0.0211088 0.019017 5.07933e-06 
0.770044 5.37822e-06 0.00500241 0.000330767 6.91659e-07 0.112799 0.0235639 0.00112785 0.0693939 0.00570387 0.0120232 5.08108e-06 
0.725621 7.84046e-05 0.0346521 0.000371503 5.61271e-08 0.0303676 0.0291101 0.0048417 0.142614 0.023444 0.00886455 3.49502e-05 
0.751126 0.00738457 0.0260095 0.00212249 3.49485e-09 0.0286531 0.121814 0.0062861 0.0372824 0.00486227 0.00364955 0.0108101 
0.416442 3.18359e-05 0.0717406 0.00027121 0.000583703 0.00361532 0.00636815 0.0807499 0.385418 0.0067779 0.0279528 4.81971e-05 
0.629777 2.26026e-05 0.0038346 0.00170426 1.91384e-06 0.00400166 0.034937 0.00404965 0.244077 0.0359393 0.0414553 0.000199948 
0.428692 7.735e-05 0.0573716 0.00406918 0.000151672 0.063454 0.0850097 0.0256236 0.302494 0.0134259 0.01914 0.000490436 
0.475249 1.33078e-05 0.0130592 0.00182208 0.000116595 0.0547398 0.0443209 0.0034415 0.323574 0.0169242 0.000999641 0.0657396 
0.913972 0.0025562 0.0149464 0.00314915 1.15867e-07 0.00579866 0.0355031 0.00269823 0.0169154 6.18008e-05 0.00308569 0.00131346 
0.376797 9.01702e-07 0.0396222 9.02033e-07 9.01786e-07 0.125086 0.0766232 0.0478322 0.325372 0.00866319 9.02448e-07 9.02345e-07 
0.869206 0.00342797 0.0107145 0.00260609 2.36204e-09 0.00168381 0.0840662 0.00525979 0.00471428 0.000142361 0.000675928 0.017503 
0.298881 0.0237723 0.10256 0.00565251 0.000254431 0.0206934 0.109646 0.0330003 0.267173 0.00358498 0.0233287 0.111453 
0.53381 4.45757e-06 0.0251124 0.000125749 9.67131e-06 0.0669089 0.01125 0.104939 0.218917 0.0335366 0.00520507 0.000181683 
0.636493 0.000285583 0.012141 0.00280314 9.02817e-07 0.227519 0.00568739 0.00040244 0.0541923 0.00565818 0.0547996 1.84571e-05 
0.400725 3.73662e-05 0.0412027 0.000882762 7.78227e-06 0.0977849 0.0169318 0.0160433 0.375858 0.0414486 0.0090352 4.28674e-05 
0.515965 0.00839883 0.079136 0.0341898 8.59535e-07 0.00596919 0.0602743 0.0249996 0.126081 0.053806 0.0812378 0.00994169 
0.429145 0.00601739 0.000401887 0.227373 8.83031e-06 0.000277579 0.0458479 0.246148 0.0293995 0.00351933 0.000189189 0.0116728 
0.622078 0.0001226 0.0475105 0.000193262 2.35001e-06 0.0143954 0.0039223 0.0568164 0.217425 0.00350704 0.0339348 9.30953e-05 
0.833284 0.000536453 0.0255994 0.00116371 5.46483e-09 0.00224661 0.0105104 0.00423411 0.0996952 0.0033225 0.0193873 2.0512e-05 
0.434015 4.09337e-05 0.0945615 0.000282177 1.11016e-08 0.0226218 0.0135247 0.00922821 0.400562 0.0150678 0.0100928 2.23695e-06 
0.230978 0.00320966 0.0539936 0.00187222 0.0469246 0.0794569 0.137461 0.0435012 0.187346 0.203092 0.00799314 0.00417142 
0.521959 3.48388e-06 0.00325572 0.000651292 1.49523e-06 0.00647197 0.041819 0.0082185 0.396329 0.00458726 0.0166535 4.97063e-05 
0.789325 1.73118e-05 0.00589002 6.38371e-05 3.63792e-07 0.0116653 0.00426741 0.00386489 0.179584 0.00202156 0.00324067 5.92771e-05 
0.705123 0.00311978 0.0228145 0.00371583 2.32897e-07 0.00593114 0.157835 0.00595058 0.0404466 0.0182117 0.0112249 0.0256264 
0.463048 0.00440109 0.019453 0.00304241 2.99546e-11 0.0458434 0.312309 0.0249868 0.0330774 0.000869436 0.0514202 0.0415497 
0.565301 0.000562064 0.054792 7.88584e-05 5.24247e-06 0.0215937 0.0606805 0.00837155 0.19813 0.0888557 0.0015931 3.57242e-05 
0.935081 0.00286369 0.00204827 0.00196681 0.00173154 0.00443211 0.00419356 0.00663849 0.015267 0.0244092 0.00105912 0.000308917 
0.475832 0.000993623 0.0659586 0.0010025 0.000514068 0.0986524 0.069438 0.0111884 0.149706 0.116102 0.00846885 0.00214342 
0.789325 1.73118e-05 0.00589002 6.38371e-05 3.63792e-07 0.0116653 0.00426741 0.00386489 0.179584 0.00202156 0.00324067 5.92771e-05 
0.474518 0.00164702 0.0612443 0.00019624 8.74484e-06 0.0117191 0.195008 0.0105549 0.181221 0.0349571 0.0265574 0.00236799 
0.220308 0.138967 0.0474768 0.00024001 1.25196e-06 0.16868 0.202789 0.00573449 0.204057 0.0084063 0.00326433 7.52075e-05 
0.900991 0.00267969 0.0181537 0.00305934 1.61874e-07 0.00721381 0.0354795 0.00355178 0.0236816 8.65159e-05 0.00417041 0.000932815 
0.636493 0.000285583 0.012141 0.00280314 9.02817e-07 0.227519 0.00568739 0.00040244 0.0541923 0.00565818 0.0547996 1.84571e-05 
0.620609 2.2395e-05 0.00908714 0.0012945 1.95004e-05 0.00196187 0.0491815 0.0712937 0.217175 0.029001 0.000294343 5.97052e-05 
0.275222 0.000507411 0.190847 0.00971148 2.69157e-05 0.0162347 0.10495 0.256116 0.0658286 0.0420998 0.0380087 0.000447257 
0.819379 4.46186e-05 0.00716642 0.000981372 3.13055e-06 0.00687296 0.0177771 0.00357535 0.128301 0.00564053 0.010184 7.48305e-05 
0.682813 0.00386147 0.0198542 0.00386329 2.59068e-07 0.00479468 0.183691 0.0105825 0.0192902 0.0192171 0.0133739 0.038659 
0.703034 0.000175038 0.0119176 0.00241466 8.14897e-06 0.011276 0.0154441 0.00794961 0.225512 0.0183511 0.00386718 5.01452e-05 
0.329445 1.77921e-05 0.0178118 0.000110722 0.000169494 0.261319 0.0862817 0.0418312 0.228367 0.0300354 0.00455456 5.64812e-05 
0.814485 0.00605638 0.0138374 0.00467036 6.55173e-06 0.00459716 0.149057 0.00153783 0.00210497 3.88436e-05 0.00316109 0.00044773 
0.800156 2.50798e-08 0.00646308 0.00354857 9.93675e-06 0.00205559 0.0134928 0.00528388 0.149484 0.00260401 0.0163778 0.000524071 
0.440867 2.54776e-05 0.061721 0.000216985 0.000467047 0.00716351 0.00840063 0.0743577 0.37833 0.00604972 0.0223624 3.85645e-05 
0.64379 2.57492e-05 0.00830888 0.000371676 2.13095e-05 0.0447766 0.0170029 0.0152548 0.264589 0.00167344 0.00412554 6.04331e-05 
0.299011 0.000265062 0.12054 0.0146881 5.29202e-06 0.090253 0.0352722 0.134425 0.264043 0.0364718 0.00452682 0.000498704 
0.718121 0.000181231 0.0390809 0.000725827 7.55652e-07 0.0198928 0.0504843 0.00854958 0.161757 0.000419137 0.00054266 0.00024491 
