0.0498835 6.86977e-05 0.261626 0.000240465 1.50365e-06 0.0265604 0.00533438 0.00133524 0.035453 0.00373069 0.547878 0.067889 
0.000797131 9.22296e-08 0.0352264 1.88278e-05 2.02721e-12 0.00172744 0.000937101 0.000754501 0.00514231 0.00106207 0.954334 6.32157e-13 
0.0620526 6.41119e-05 0.186093 0.000318927 7.42689e-08 0.00523476 0.00053601 0.000772404 0.00480622 0.00460647 0.73545 6.53065e-05 
0.00261639 0.00188598 0.0188807 0.000263464 3.22151e-09 0.101793 0.00401417 0.00103198 0.0126524 8.90218e-06 0.856853 1.44818e-12 
0.0340513 0.00241696 0.374518 0.00120759 6.89736e-09 0.00886156 0.0127831 0.0410209 0.0886242 0.00275966 0.433708 4.82652e-05 
0.00534506 8.11653e-05 0.0465401 0.000331825 1.56558e-09 0.000421086 0.000979118 0.00118595 0.00800115 9.52199e-06 0.937093 1.17519e-05 
0.00554307 0.00109339 0.14199 0.042941 9.77486e-06 0.0139437 0.0102118 0.0289312 0.0382245 0.000512383 0.716541 5.81093e-05 
0.00504906 0.000202632 0.00347291 0.000111483 1.0718e-06 0.0413701 0.15743 0.00148446 0.0831171 0.000776029 0.706952 3.32679e-05 
0.0166594 9.04181e-05 0.302791 0.00592698 2.45918e-06 0.0150755 0.00605889 0.0055395 0.0635962 0.000488298 0.583657 0.000114119 
0.0326814 0.000195841 0.284187 0.0434177 3.74368e-11 0.0130594 0.0877989 0.0120845 0.132993 0.0146668 0.378751 0.00016461 
1.24328e-11 0.000723207 0.306183 0.00443332 1.08179e-10 0.00011502 1.34635e-11 0.0313343 2.18614e-08 1.34477e-07 0.657211 3.37342e-11 
0.00507012 0.00149021 0.153445 0.0149585 5.12775e-06 0.0119769 0.0132146 0.0252152 0.071332 0.00122286 0.70187 0.000199882 
0.0213199 1.62332e-05 0.216262 0.000246467 3.09827e-07 0.016065 0.00609119 0.0753233 0.0903503 0.00609252 0.568188 4.45092e-05 
0.00436766 0.00107249 0.274069 0.000375433 8.29228e-09 0.000155144 0.00124272 0.00118276 0.026017 8.80411e-06 0.691471 3.7991e-05 
0.000310852 0.0151783 0.0492044 2.5565e-08 2.16038e-06 0.000266653 0.00272866 0.00102477 0.0138886 0.00020633 0.917186 3.52255e-06 
0.0036378 5.81551e-05 0.0321525 0.00022122 1.10639e-09 0.000280725 0.000675831 0.000790632 0.00536631 6.34819e-06 0.956803 7.83538e-06 
0.120063 0.0213661 0.152223 0.00663705 6.04102e-07 0.0497465 0.0250531 0.0863205 0.0936211 0.199696 0.245267 7.17603e-06 
0.0354078 3.00544e-05 0.314731 0.0680154 2.76571e-11 0.00914013 0.0615131 0.0107257 0.0584712 0.0212171 0.420519 0.000229718 
0.0187828 8.3662e-05 0.00351201 3.6167e-05 1.98558e-06 0.0232491 0.00830444 0.000239928 0.0118112 0.000211882 0.933767 5.85376e-10 
0.00724407 6.39433e-05 0.176755 0.00646127 2.06908e-06 0.0143845 0.0189807 0.024467 0.0860907 8.40983e-05 0.665216 0.000250772 
0.0287905 0.00710827 0.180809 0.0595668 1.02375e-05 0.0382957 0.133964 0.0882004 0.0568708 0.040897 0.364799 0.00068904 
0.0163177 4.91687e-05 0.0518348 0.00383906 2.33651e-07 0.00358264 0.00797126 0.00397793 0.0500651 0.000438732 0.861895 2.79435e-05 
0.00368051 3.08492e-05 0.0775645 0.00273242 8.85299e-09 0.000792663 0.0080331 0.00435799 0.0636537 5.9627e-05 0.839045 4.9159e-05 
0.036661 0.000403484 0.123367 0.00765508 0.000169162 0.0159222 0.0156015 0.0872522 0.0840383 0.00281143 0.625863 0.000254924 
0.0775338 0.000786763 0.0934736 0.0037339 1.52169e-06 0.0105747 0.0209782 0.0306062 0.162142 0.00461297 0.595469 8.73824e-05 
0.0039284 0.000944247 0.2526 0.0025757 2.27378e-11 0.00708202 0.0148838 0.0219316 0.0458897 0.000387637 0.648579 0.00119776 
0.0039727 0.000360588 0.19193 2.72064e-05 2.02719e-10 0.00151336 0.00907888 0.00373955 0.0600784 0.000116355 0.729182 1.58742e-06 
0.100874 0.0448248 0.303565 0.0147771 1.03368e-07 0.00634448 0.00349799 0.00104935 0.0410756 0.0118678 0.472116 7.3591e-06 
0.00194596 7.27027e-05 0.0541807 0.00258348 1.57738e-05 0.0660577 0.031313 0.0253359 0.0326208 0.00200475 0.783805 6.41732e-05 
0.00356553 0.000943654 0.0891089 0.00257486 4.21096e-12 0.00128953 0.0122641 0.0104466 0.045888 9.2908e-06 0.832712 0.00119754 
0.020416 9.32345e-07 0.218114 0.00109596 4.67426e-05 0.0583423 0.0278747 0.0486005 0.17211 0.00396267 0.449389 4.76771e-05 
0.00663441 5.73105e-05 0.0628186 2.69606e-05 3.52155e-06 0.012754 0.00474104 0.0161029 0.0166748 0.000156984 0.880029 9.10444e-09 
0.0180855 4.39219e-05 0.19736 0.0133251 2.23672e-09 0.00186361 0.00356974 0.00119075 0.0110585 0.000216368 0.753256 3.00766e-05 
0.0340513 0.00241696 0.374518 0.00120759 6.89736e-09 0.00886156 0.0127831 0.0410209 0.0886242 0.00275966 0.433708 4.82652e-05 
0.00870662 1.28075e-09 0.1059 0.000672 2.03933e-12 0.0198071 0.00230295 0.000898846 0.0803503 3.8386e-05 0.781322 1.91308e-06 
0.0148458 0.00306937 0.367453 0.000529486 6.08833e-06 0.0033183 0.00774585 0.00347125 0.0462653 0.000473695 0.552704 0.000117998 
0.00271634 8.46153e-05 0.2489 0.0014531 3.61123e-07 0.00640627 0.0296071 0.00635399 0.0830405 0.00702886 0.614371 3.77471e-05 
0.0174616 0.00776914 0.0740926 0.00476891 0.00440041 0.0117835 0.0114186 0.00756985 0.0494287 0.0016291 0.809257 0.00042112 
0.0559645 2.9179e-05 0.259424 0.000260953 1.42341e-08 0.00605329 0.00440367 0.000105625 0.0590525 0.0761474 0.538486 7.20096e-05 
0.00210963 0.000130219 0.341881 8.03373e-06 0.0518365 1.91119e-05 0.00212013 0.0364129 0.00171852 4.85021e-06 0.563311 0.000448471 
0.00344043 0.000339698 0.114518 0.0143825 1.07366e-09 0.00217643 0.0078474 0.00446299 0.0589365 0.00123318 0.792383 0.000279817 
0.0159712 4.7539e-05 0.051058 0.00244239 1.01749e-06 0.00527628 0.00405282 0.000864739 0.0112542 0.000815837 0.90819 2.63228e-05 
0.27324 0.00343261 0.016645 0.000780426 0.000237114 0.0101962 0.0490802 0.113544 0.183138 0.0574546 0.280792 0.0114592 
0.0397169 3.0016e-08 0.00614983 3.60991e-06 1.67114e-09 0.00153169 0.000149195 5.75714e-06 0.00135563 0.00048387 0.9506 3.2216e-06 
0.0036378 5.81551e-05 0.0321525 0.00022122 1.10639e-09 0.000280725 0.000675831 0.000790632 0.00536631 6.34819e-06 0.956803 7.83538e-06 
0.0910906 0.00210765 0.119054 0.00112402 1.5372e-06 0.0486665 0.0834696 0.0588367 0.0788468 0.00348515 0.51127 0.00204672 
0.000113214 5.97638e-12 0.0185024 5.75598e-07 2.83505e-10 0.000454351 0.000168911 0.000396503 0.000525628 0.00031351 0.979524 5.75209e-07 
0.029678 6.60045e-05 0.105435 0.000321934 3.54207e-06 0.00168969 0.00380953 0.000571544 0.0139041 0.000348729 0.844156 1.55772e-05 
0.10023 7.21133e-06 0.19146 0.0734155 1.79782e-08 0.0372749 0.0234922 0.00618678 0.040587 0.0025149 0.52479 4.22136e-05 
0.0091583 0.00153325 0.13551 0.00477315 6.39804e-06 0.0108553 0.0194449 0.0268675 0.0758882 0.000520237 0.715401 4.1966e-05 
0.0125604 0.00149575 0.381469 2.2742e-05 9.25973e-10 0.00150986 0.0197693 0.0361938 0.0886351 0.0337907 0.424537 1.57413e-05 
0.00374391 1.26981e-05 0.421956 0.00172062 1.83185e-11 0.0399163 0.00100033 0.00364754 0.00561381 0.00286346 0.519291 0.000234366 
0.00510841 8.11515e-08 0.18262 0.000672452 8.12579e-12 0.145 0.0215162 0.00244552 0.10353 2.24007e-05 0.539083 1.12518e-06 
0.00652997 1.5201e-06 0.10197 0.000504009 1.76662e-12 0.0150283 0.00172721 0.000814024 0.0602627 3.03995e-05 0.813131 1.43521e-06 
0.00870652 5.22166e-10 0.0384505 0.000671866 5.11762e-13 0.0160464 0.00195301 0.000898816 0.0769006 3.83674e-05 0.856332 1.90724e-06 
0.00725035 0.000464418 0.297812 0.024575 4.29122e-05 0.0753857 0.10462 0.0602984 0.118345 0.000456765 0.310295 0.000454372 
0.030242 0.000653902 0.352808 0.00773307 3.71262e-08 0.0136981 0.0278676 0.0221723 0.102291 0.00126851 0.441229 3.69365e-05 
0.0142833 0.000392635 0.211345 0.00534186 1.08253e-11 0.00202437 0.00883897 0.000738997 0.213361 7.50782e-09 0.543673 2.83922e-07 
0.0160877 0.0958835 0.240081 0.0015613 3.15584e-05 0.00803608 0.0184184 0.0728987 0.133463 0.000613349 0.412895 3.02949e-05 
0.00153688 0.000249347 0.0243604 0.00174167 8.29214e-10 9.5749e-05 0.000622763 0.000402539 0.00180373 3.02454e-06 0.969033 0.000150933 
0.010446 0.00694909 0.272287 8.25368e-05 3.97392e-07 0.00819844 0.00292963 0.0145696 0.0366969 0.00251334 0.645322 4.75082e-06 
0.110126 0.00236469 0.0596393 0.00306301 6.06898e-08 0.0350528 0.0148064 0.0101223 0.179045 0.000505364 0.584287 0.000987916 
2.26791e-05 3.89944e-05 0.00951465 2.39244e-07 1.68296e-12 1.81086e-10 0.000179505 3.16928e-05 5.49704e-08 1.10468e-09 0.990212 4.17745e-08 
0.00947799 0.000137895 0.158833 0.000536237 1.70647e-05 0.0131141 0.150152 0.0858973 0.214177 0.0139427 0.35369 2.43325e-05 
0.00281545 1.50235e-05 0.0350542 0.000183946 7.41399e-10 0.00103884 0.00127017 0.000940461 0.00675654 0.000330038 0.951594 1.78656e-06 
0.0173138 6.456e-06 0.285833 9.55832e-08 3.30327e-11 0.0541831 0.000736576 0.00720701 0.136036 0.00705553 0.491614 1.54976e-05 
0.0168344 0.00160426 0.167427 0.00230895 4.04518e-06 0.00958897 0.0134002 0.00572077 0.0347053 0.001575 0.746476 0.000354975 
0.0141324 0.000470486 0.029735 0.000861675 5.45395e-07 0.0118256 0.0122498 0.00360493 0.0355647 0.000319246 0.891004 0.000231819 
0.0182646 2.45248e-05 0.161673 3.1822e-06 2.81203e-11 0.0375901 5.28018e-07 0.00259641 0.012449 1.82975e-05 0.76738 1.37236e-08 
0.0579026 0.000563712 0.112533 0.0213072 2.24804e-06 0.0156142 0.0311248 0.282466 0.155076 0.0182386 0.303629 0.00154314 
0.0142889 0.000233013 0.32033 0.000647265 3.38156e-06 0.00608795 0.0073522 0.0440253 0.050751 0.000300383 0.555794 0.00018632 
0.0249907 0.0096986 0.426591 0.000265699 4.30366e-08 0.0251965 0.0036787 0.000984166 0.0225396 0.000701716 0.485353 8.08567e-12 
0.00432474 6.16491e-05 0.00884876 0.00820003 2.38648e-07 0.0106707 0.00440459 0.000279645 0.00717546 0.000773541 0.955247 1.39074e-05 
0.0103958 0.0373222 0.340218 0.000583687 1.48792e-12 0.000820708 0.000501243 0.000771194 0.00985016 0.000128366 0.599382 2.63837e-05 
0.0036378 5.81551e-05 0.0321525 0.00022122 1.10639e-09 0.000280725 0.000675831 0.000790632 0.00536631 6.34819e-06 0.956803 7.83538e-06 
0.00252464 5.02559e-07 0.147629 0.000220923 2.3583e-10 0.188668 0.0163773 0.16869 0.0455899 0.0164293 0.413871 7.35404e-11 
0.0375754 0.000312464 0.243042 0.00540093 2.54365e-06 0.0440689 0.0434434 0.132979 0.094374 0.0162668 0.382447 8.76047e-05 
0.00672177 0.000175574 0.207278 0.0104364 3.94662e-06 0.00158039 0.00291233 0.0184128 0.190421 7.80113e-06 0.561599 0.000451176 
0.103101 1.44576e-06 0.257021 0.000154767 4.7482e-09 0.0204794 0.000532664 0.0132803 0.0212551 0.0076165 0.576525 3.23411e-05 
0.0340513 0.00241696 0.374518 0.00120759 6.89736e-09 0.00886156 0.0127831 0.0410209 0.0886242 0.00275966 0.433708 4.82652e-05 
0.0039284 0.000944247 0.2526 0.0025757 2.27378e-11 0.00708202 0.0148838 0.0219316 0.0458897 0.000387637 0.648579 0.00119776 
0.0105708 2.60144e-05 0.290452 0.000309794 3.16247e-05 0.0323205 0.0215316 0.0335786 0.268555 0.000634758 0.318635 0.0233552 
0.0488042 3.7386e-06 0.409058 1.49013e-05 6.00873e-07 0.000413986 0.0026001 0.000417319 0.00137898 0.00251965 0.534669 0.000119108 
0.00356553 0.000943654 0.0891089 0.00257486 4.21096e-12 0.00128953 0.0122641 0.0104466 0.045888 9.2908e-06 0.832712 0.00119754 
0.0743539 0.000803632 0.21084 0.0209247 0.000488063 0.0493887 0.0264482 0.167723 0.119139 0.00932161 0.319586 0.000982673 
0.0179032 0.000251384 0.0629366 0.00326226 3.16649e-05 0.0101801 0.0125744 0.0288702 0.055397 0.000972724 0.807215 0.000405004 
0.0148458 0.00306937 0.367453 0.000529486 6.08833e-06 0.0033183 0.00774585 0.00347125 0.0462653 0.000473695 0.552704 0.000117998 
0.00441289 0.000587923 0.0540383 0.00435484 2.6263e-09 0.000914131 0.00104427 0.00355949 0.00700073 0.000282312 0.923779 2.64248e-05 
0.0794655 0.000195306 0.152474 0.0068934 2.01538e-08 0.0132579 0.00867632 0.0620238 0.226699 0.000393422 0.449691 0.000229695 
0.00898911 8.95956e-05 0.0521716 0.00575769 3.72323e-06 0.00545133 0.021593 0.0381997 0.28187 0.000935903 0.584873 6.53144e-05 
0.0066188 0.000151974 0.142568 0.00104959 8.13878e-09 0.00302064 0.0167116 0.0242037 0.0220653 0.00198832 0.781593 2.87892e-05 
0.00436766 0.00107249 0.274069 0.000375433 8.29228e-09 0.000155144 0.00124272 0.00118276 0.026017 8.80411e-06 0.691471 3.7991e-05 
0.0019344 4.10707e-05 0.417348 0.0034489 6.71248e-11 4.03036e-07 2.2659e-05 0.0001741 0.00113643 1.22134e-07 0.575894 2.0932e-11 
0.0125001 0.000448305 0.0809119 0.000431576 4.01656e-11 0.000606525 0.000495683 0.00245264 0.0181202 0.000459573 0.883571 2.28453e-06 
0.0147159 0.0103382 0.111621 0.006167 0.00620732 0.00870272 0.0139513 0.0227126 0.0547781 0.00260798 0.748131 6.7147e-05 
0.035949 0.00181753 0.0786753 0.00360775 0.000741246 0.0145812 0.0198043 0.0180659 0.0638192 0.00414327 0.758047 0.00074804 
0.0942493 6.46806e-05 0.222699 0.000961432 0.000160534 0.0400557 0.128055 0.0923027 0.131543 0.0229255 0.26693 5.38911e-05 
0.00194596 7.27027e-05 0.0541807 0.00258348 1.57738e-05 0.0660577 0.031313 0.0253359 0.0326208 0.00200475 0.783805 6.41732e-05 
0.0624972 0.000940446 0.131585 0.00129782 0.28945 0.00360882 0.00354432 0.0132526 0.145948 0.00613478 0.34164 0.000100648 
0.0745196 0.00207311 0.371145 0.00116718 0.000187722 0.0251064 0.0243657 0.0215638 0.0428414 0.00950081 0.423102 0.00442696 
0.267564 0.00284129 0.263683 4.61006e-05 0.000896321 0.0208112 0.0188591 0.00108625 0.0957572 0.00772852 0.317043 0.00368306 
0.00436766 0.00107249 0.274069 0.000375433 8.29228e-09 0.000155144 0.00124272 0.00118276 0.026017 8.80411e-06 0.691471 3.7991e-05 
0.0761349 0.000131653 0.180229 0.000836504 5.28615e-06 0.0101072 0.0134228 0.0156022 0.102071 0.00168195 0.59977 8.19043e-06 
2.26791e-05 3.89944e-05 0.00951465 2.39244e-07 1.68296e-12 1.81086e-10 0.000179505 3.16928e-05 5.49704e-08 1.10468e-09 0.990212 4.17745e-08 
5.31141e-08 3.24037e-11 0.028386 2.56751e-07 2.94346e-11 0.013116 0.014826 0.257715 0.00811843 4.18126e-07 0.677812 2.53812e-05 
0.00344043 0.000339698 0.114518 0.0143825 1.07366e-09 0.00217643 0.0078474 0.00446299 0.0589365 0.00123318 0.792383 0.000279817 
0.0119484 0.000469234 0.0728286 0.0152007 1.07045e-07 0.00321587 0.005349 0.0036599 0.0334029 0.000667905 0.853148 0.000109002 
0.000258683 0.000406773 0.00236032 0.000939967 5.68378e-08 0.00145685 0.000824108 0.00814791 0.00340309 1.94548e-08 0.98166 0.000542375 
0.00356553 0.000943654 0.0891089 0.00257486 4.21096e-12 0.00128953 0.0122641 0.0104466 0.045888 9.2908e-06 0.832712 0.00119754 
0.0457776 0.00131817 0.108452 0.00243816 1.71142e-05 0.00936485 0.018165 0.0185147 0.0726307 0.000827824 0.722048 0.000446359 
0.0186572 0.000526133 0.0684029 0.00108945 4.182e-07 0.017378 0.0431907 0.00257683 0.0606264 0.00152991 0.785993 2.8533e-05 
0.0168589 0.000193105 0.203154 0.00950858 9.84322e-06 0.0241414 0.0358025 0.0522264 0.0687701 0.00333897 0.58555 0.000445656 
0.264545 0.00517423 0.230467 0.00176985 0.000685913 0.045839 0.034527 0.0552015 0.0591036 0.00307182 0.299568 4.658e-05 
0.00679322 9.52844e-05 0.0838784 0.00927431 4.82297e-07 0.00480932 0.013302 0.0183397 0.0840531 0.000210351 0.7792 4.37239e-05 
0.00504906 0.000202632 0.00347291 0.000111483 1.0718e-06 0.0413701 0.15743 0.00148446 0.0831171 0.000776029 0.706952 3.32679e-05 
0.155232 0.000178179 0.0798515 0.000863991 2.38021e-06 0.0207019 0.0110512 0.0101031 0.348136 7.63895e-05 0.37362 0.000183302 
0.00436766 0.00107249 0.274069 0.000375433 8.29228e-09 0.000155144 0.00124272 0.00118276 0.026017 8.80411e-06 0.691471 3.7991e-05 
0.0724429 0.0797035 0.34575 0.00111049 8.7716e-11 0.00657569 0.00302219 0.0283002 0.0334143 0.00225006 0.42743 6.55957e-07 
0.0473086 0.00203455 0.351956 0.00961857 0.000140889 0.0207909 0.0240731 0.0259118 0.0999913 0.00639011 0.41 0.00178445 
0.00356553 0.000943654 0.0891089 0.00257486 4.21096e-12 0.00128953 0.0122641 0.0104466 0.045888 9.2908e-06 0.832712 0.00119754 
0.00430053 0.000323327 0.119472 0.0179781 1.33454e-09 0.00266694 0.00980925 0.00526721 0.0736706 0.00153526 0.764627 0.00034977 
0.0604037 0.00012185 0.0238851 0.00545237 5.62606e-07 0.00842723 0.00740823 0.00390224 0.0622454 0.000667224 0.82746 2.5696e-05 
2.26791e-05 3.89944e-05 0.00951465 2.39244e-07 1.68296e-12 1.81086e-10 0.000179505 3.16928e-05 5.49704e-08 1.10468e-09 0.990212 4.17745e-08 
0.0370391 0.00106519 0.183832 0.00853567 2.48952e-10 0.00317291 0.0926445 0.0116626 0.0348124 0.000767502 0.626446 2.30749e-05 
0.00870652 5.22166e-10 0.0384505 0.000671866 5.11762e-13 0.0160464 0.00195301 0.000898816 0.0769006 3.83674e-05 0.856332 1.90724e-06 
0.0389825 0.00339048 0.137423 0.103133 8.5662e-05 0.011487 0.00824304 0.0161366 0.0407345 0.00167411 0.638608 0.000102382 
0.0340513 0.00241696 0.374518 0.00120759 6.89736e-09 0.00886156 0.0127831 0.0410209 0.0886242 0.00275966 0.433708 4.82652e-05 
0.0331598 0.0721294 0.170152 0.0506359 1.03518e-07 0.0153355 0.101364 0.0665791 0.202544 0.00493636 0.282696 0.000467098 
0.0525243 0.000557214 0.123766 0.000716018 1.76835e-08 0.00161434 0.00408819 0.00389085 0.063502 0.000431976 0.748654 0.00025461 
0.0039727 0.000360588 0.19193 2.72064e-05 2.02719e-10 0.00151336 0.00907888 0.00373955 0.0600784 0.000116355 0.729182 1.58742e-06 
0.0332636 0.00644463 0.145254 0.000179848 9.40169e-10 0.00160608 0.00120405 0.000861526 0.0203602 0.00098809 0.789827 1.10504e-05 
0.00534506 8.11653e-05 0.0465401 0.000331825 1.56558e-09 0.000421086 0.000979118 0.00118595 0.00800115 9.52199e-06 0.937093 1.17519e-05 
0.0166765 6.21613e-05 0.155988 2.0338e-06 4.96194e-07 0.050127 0.016556 0.00241503 0.33814 2.99957e-06 0.420028 7.71233e-07 
0.0103958 0.0373222 0.340218 0.000583687 1.48792e-12 0.000820708 0.000501243 0.000771194 0.00985016 0.000128366 0.599382 2.63837e-05 
0.00436766 0.00107249 0.274069 0.000375433 8.29228e-09 0.000155144 0.00124272 0.00118276 0.026017 8.80411e-06 0.691471 3.7991e-05 
0.00368051 3.08492e-05 0.0775645 0.00273242 8.85299e-09 0.000792663 0.0080331 0.00435799 0.0636537 5.9627e-05 0.839045 4.9159e-05 
0.0180855 4.39219e-05 0.19736 0.0133251 2.23672e-09 0.00186361 0.00356974 0.00119075 0.0110585 0.000216368 0.753256 3.00766e-05 
0.0293153 0.00220063 0.376664 0.00941484 1.66159e-07 0.0108943 0.0112286 0.0397636 0.0959435 0.00354115 0.420965 6.83009e-05 
0.000250979 5.07086e-05 0.0317106 0.00529057 9.24374e-07 0.0215379 0.0155784 0.141665 0.0241309 7.69716e-06 0.759774 1.97103e-06 
0.000316392 6.31063e-05 0.065515 0.000902929 1.76834e-06 0.00622188 0.00711047 0.0898416 0.0498504 4.40247e-06 0.780031 0.000141004 
0.00270902 5.26111e-05 0.0766742 0.00290521 3.09951e-09 0.00232538 0.00405645 0.0166437 0.0322912 8.61317e-06 0.862313 2.04572e-05 
0.00845886 0.0764459 0.242882 1.61784e-10 3.12489e-06 0.0149004 6.69673e-05 0.0135656 0.0862724 0.00567266 0.551732 2.43947e-07 
0.000797131 9.22296e-08 0.0352264 1.88278e-05 2.02721e-12 0.00172744 0.000937101 0.000754501 0.00514231 0.00106207 0.954334 6.32157e-13 
0.0143664 0.00103361 0.0486978 0.00198543 4.70561e-06 0.0120861 0.041425 0.00969091 0.0697586 0.000459116 0.800472 1.9904e-05 
0.103101 1.44576e-06 0.257021 0.000154767 4.7482e-09 0.0204794 0.000532664 0.0132803 0.0212551 0.0076165 0.576525 3.23411e-05 
0.115667 3.19059e-08 0.0030238 1.2528e-05 1.77591e-09 0.00207306 0.000830912 0.000123589 0.0115711 0.00110424 0.865582 1.17211e-05 
0.00356553 0.000943654 0.0891089 0.00257486 4.21096e-12 0.00128953 0.0122641 0.0104466 0.045888 9.2908e-06 0.832712 0.00119754 
0.0103958 0.0373222 0.340218 0.000583687 1.48792e-12 0.000820708 0.000501243 0.000771194 0.00985016 0.000128366 0.599382 2.63837e-05 
0.0187828 8.3662e-05 0.00351201 3.6167e-05 1.98558e-06 0.0232491 0.00830444 0.000239928 0.0118112 0.000211882 0.933767 5.85376e-10 
0.0576402 0.000150286 0.149216 0.000409709 1.57245e-09 0.0170711 0.00404175 0.00102568 0.110618 0.000460186 0.659358 8.81114e-06 
0.0476162 0.0114761 0.147242 0.00107249 4.45295e-10 0.0349866 0.0160047 0.0260335 0.0597709 0.0647667 0.591021 9.67154e-06 
0.0364046 0.000219875 0.0657278 0.001047 9.49798e-08 0.00221057 0.00225542 0.00171705 0.0288926 0.00131941 0.860197 8.98544e-06 
0.00504906 0.000202632 0.00347291 0.000111483 1.0718e-06 0.0413701 0.15743 0.00148446 0.0831171 0.000776029 0.706952 3.32679e-05 
0.0585204 0.0364492 0.157693 0.00382716 4.39846e-05 0.0329856 0.14551 0.0565989 0.0774246 0.00372509 0.417546 0.00967576 
0.050579 0.0151627 0.27477 0.0174811 1.42349e-06 0.0537471 0.0738537 0.0112919 0.0787796 0.00915401 0.415076 0.000103293 
0.0173544 6.04681e-05 0.0138307 0.00933637 8.77667e-05 0.0245443 0.233576 0.0156066 0.169666 0.0168437 0.498363 0.000729957 
0.0228771 0.000722581 0.208378 0.000997948 2.26627e-05 0.00538984 0.00679248 0.0892008 0.0346159 0.011752 0.6192 5.09767e-05 
0.000384164 0.000288511 0.183744 0.00235081 1.1665e-08 0.0137364 0.00377346 0.0298061 0.0176997 0.00116041 0.747056 3.25177e-07 
0.0340513 0.00241696 0.374518 0.00120759 6.89736e-09 0.00886156 0.0127831 0.0410209 0.0886242 0.00275966 0.433708 4.82652e-05 
0.0125001 0.000448305 0.0809119 0.000431576 4.01656e-11 0.000606525 0.000495683 0.00245264 0.0181202 0.000459573 0.883571 2.28453e-06 
0.0180855 4.39219e-05 0.19736 0.0133251 2.23672e-09 0.00186361 0.00356974 0.00119075 0.0110585 0.000216368 0.753256 3.00766e-05 
0.009104 0.00134394 0.315302 0.000638447 1.76845e-08 0.0510486 0.023637 0.00872983 0.130986 0.000312776 0.420421 0.0384762 
0.00653109 5.55811e-09 0.233444 0.000505105 2.5169e-11 0.0148581 0.00172759 0.000674371 0.0753228 2.90344e-05 0.666907 1.48191e-06 
0.00988163 0.0104555 0.112849 0.00453046 4.23325e-06 0.0426957 0.188051 0.0201748 0.143119 0.00268042 0.458599 0.006959 
0.00504906 0.000202632 0.00347291 0.000111483 1.0718e-06 0.0413701 0.15743 0.00148446 0.0831171 0.000776029 0.706952 3.32679e-05 
0.251136 0.00331033 0.11427 0.00220857 7.24286e-08 0.0956035 0.0291271 0.0692068 0.0811239 0.0562774 0.295694 0.00204288 
0.00534506 8.11653e-05 0.0465401 0.000331825 1.56558e-09 0.000421086 0.000979118 0.00118595 0.00800115 9.52199e-06 0.937093 1.17519e-05 
0.00344043 0.000339698 0.114518 0.0143825 1.07366e-09 0.00217643 0.0078474 0.00446299 0.0589365 0.00123318 0.792383 0.000279817 
0.0187828 8.3662e-05 0.00351201 3.6167e-05 1.98558e-06 0.0232491 0.00830444 0.000239928 0.0118112 0.000211882 0.933767 5.85376e-10 
0.0611753 0.000270433 0.213866 0.00544956 2.65313e-11 0.00731318 0.00469407 0.0352984 0.0429444 7.07414e-05 0.628883 3.45119e-05 
0.0777042 3.40357e-05 0.292924 0.000498094 8.27191e-10 0.0016335 0.00066759 0.0105378 0.200135 3.88576e-05 0.415824 3.01447e-06 
0.0340513 0.00241696 0.374518 0.00120759 6.89736e-09 0.00886156 0.0127831 0.0410209 0.0886242 0.00275966 0.433708 4.82652e-05 
0.0036378 5.81551e-05 0.0321525 0.00022122 1.10639e-09 0.000280725 0.000675831 0.000790632 0.00536631 6.34819e-06 0.956803 7.83538e-06 
0.0340513 0.00241696 0.374518 0.00120759 6.89736e-09 0.00886156 0.0127831 0.0410209 0.0886242 0.00275966 0.433708 4.82652e-05 
0.00280905 0.000587248 0.169854 7.8785e-05 5.8148e-09 0.0290299 0.00528841 0.0128004 0.0296632 0.000230673 0.749658 1.73851e-08 
0.00110413 3.38548e-12 0.406398 7.2504e-05 3.07527e-12 4.08415e-13 3.75121e-09 0.000411111 1.70426e-13 0.000260592 0.59172 3.3845e-05 
0.336151 0.000187802 0.00975047 0.00379644 2.20023e-08 0.00084106 0.0998225 0.00742782 4.75089e-05 0.0276927 0.404791 0.109492 
0.0180035 0.00149292 0.126947 0.00240449 4.45736e-07 0.0208737 0.0402363 0.053483 0.189123 0.00342086 0.54399 2.41785e-05 
0.0475274 0.00113873 0.087866 0.00154772 2.30446e-05 0.0302226 0.0221853 0.0118433 0.0675401 0.000752084 0.729326 2.80835e-05 
0.0036378 5.81551e-05 0.0321525 0.00022122 1.10639e-09 0.000280725 0.000675831 0.000790632 0.00536631 6.34819e-06 0.956803 7.83538e-06 
0.0109229 0.00486479 0.0497034 0.000732671 1.59567e-05 0.018911 0.0474527 0.130137 0.0660091 0.00133256 0.668898 0.00102071 
0.0102657 8.55722e-08 0.253486 0.000511831 2.03571e-10 1.12406e-08 0.00172032 0.0545062 0.00988155 9.93499e-06 0.669572 4.5905e-05 
0.169267 0.000608857 0.148977 0.0896829 9.88624e-06 0.022128 0.0413869 0.0859356 0.13654 0.0114874 0.293555 0.000421799 
0.0678935 0.000344595 0.150556 0.0693862 2.97609e-07 0.012729 0.00552932 0.00766742 0.0298524 0.00325789 0.652647 0.000136437 
0.00217624 0.000113867 0.000714974 5.7549e-05 2.26488e-06 0.0381221 0.135562 0.000900861 0.0426418 0.000692738 0.778988 2.69346e-05 
0.029857 0.00197755 0.369929 0.00894854 6.27228e-09 0.00811613 0.0106522 0.0338197 0.0749645 0.00238658 0.459297 5.1594e-05 
0.0170454 0.000134026 0.130218 0.000536397 2.9094e-05 0.00988522 0.0110886 0.0387431 0.0468461 0.000285821 0.745079 0.000108637 
0.000797131 9.22296e-08 0.0352264 1.88278e-05 2.02721e-12 0.00172744 0.000937101 0.000754501 0.00514231 0.00106207 0.954334 6.32157e-13 
0.0393545 3.32586e-05 0.0495513 0.00234482 5.71088e-06 0.0537135 0.049861 0.0692694 0.126464 0.00945431 0.599853 9.47926e-05 
0.00436766 0.00107249 0.274069 0.000375433 8.29228e-09 0.000155144 0.00124272 0.00118276 0.026017 8.80411e-06 0.691471 3.7991e-05 
0.00510841 8.11515e-08 0.18262 0.000672452 8.12579e-12 0.145 0.0215162 0.00244552 0.10353 2.24007e-05 0.539083 1.12518e-06 
0.053353 0.00854593 0.237359 0.0152157 4.52864e-06 0.0105228 0.0353164 0.0589272 0.0819253 0.00581961 0.486155 0.00685617 
0.0748714 0.000809228 0.307593 0.000770084 5.22408e-05 0.0114032 0.0288819 0.0352049 0.0570127 0.00715819 0.473408 0.00283518 
0.0340513 0.00241696 0.374518 0.00120759 6.89736e-09 0.00886156 0.0127831 0.0410209 0.0886242 0.00275966 0.433708 4.82652e-05 
0.00400268 0.00212442 0.222783 0.00573027 9.88182e-11 0.011134 0.0236799 0.253971 0.0638096 2.15776e-05 0.412039 0.000705459 
0.00870662 1.28075e-09 0.1059 0.000672 2.03933e-12 0.0198071 0.00230295 0.000898846 0.0803503 3.8386e-05 0.781322 1.91308e-06 
0.00194596 7.27027e-05 0.0541807 0.00258348 1.57738e-05 0.0660577 0.031313 0.0253359 0.0326208 0.00200475 0.783805 6.41732e-05 
0.121751 0.160486 0.185797 3.59396e-05 6.56559e-05 1.98212e-05 2.6489e-05 0.0263684 0.0061725 0.140085 0.359192 1.31679e-10 
0.00862008 1.69333e-10 0.152204 0.000840921 1.75349e-07 0.00212414 0.00167944 0.17106 0.0192507 0.00652152 0.637554 0.000145215 
0.00435555 0.000725829 0.134602 0.0420528 5.98166e-06 0.0108129 0.0596235 0.0224716 0.123843 0.000122501 0.601299 8.59115e-05 
2.36754e-07 8.04502e-07 0.178754 2.81632e-07 2.67018e-06 0.0130194 0.00053377 0.0253685 5.86675e-05 0.00026622 0.781882 0.000113464 
0.00355268 0.000121052 0.360364 0.00398839 2.50964e-11 0.00560999 0.00116741 0.000874716 0.0155004 0.00366094 0.605146 1.47735e-05 
0.00400268 0.00212442 0.222783 0.00573027 9.88182e-11 0.011134 0.0236799 0.253971 0.0638096 2.15776e-05 0.412039 0.000705459 
0.105666 0.00194779 0.221681 0.0317538 3.73441e-06 0.0076967 0.0285689 0.125971 0.120673 0.0317781 0.296042 0.0282174 
0.000243564 3.87365e-05 0.306082 0.000135087 1.14427e-10 1.50715e-05 0.000268584 0.174914 0.00534873 7.527e-05 0.512879 5.83308e-08 
0.109399 0.00730163 0.25245 0.00566751 3.04881e-05 0.0118701 0.0253733 0.0217522 0.0871816 0.012675 0.465503 0.000796037 
0.0223569 0.00108961 0.138984 0.00338038 3.61746e-06 0.0266477 0.0134815 0.0200741 0.0936682 0.000897499 0.679285 0.000131252 
0.00356553 0.000943654 0.0891089 0.00257486 4.21096e-12 0.00128953 0.0122641 0.0104466 0.045888 9.2908e-06 0.832712 0.00119754 
0.0187828 8.3662e-05 0.00351201 3.6167e-05 1.98558e-06 0.0232491 0.00830444 0.000239928 0.0118112 0.000211882 0.933767 5.85376e-10 
0.00344043 0.000339698 0.114518 0.0143825 1.07366e-09 0.00217643 0.0078474 0.00446299 0.0589365 0.00123318 0.792383 0.000279817 
0.0112532 0.000278664 0.410546 0.00372933 9.90015e-08 0.00145427 0.0147965 0.00622745 0.0824963 0.00215008 0.467026 4.19443e-05 
0.0385466 9.00791e-05 0.184133 0.00537915 5.91833e-06 0.00578582 0.00560691 0.00211251 0.00801135 0.0022531 0.748058 1.73607e-05 
0.0182646 2.45248e-05 0.161673 3.1822e-06 2.81203e-11 0.0375901 5.28018e-07 0.00259641 0.012449 1.82975e-05 0.76738 1.37236e-08 
1.19176e-07 6.67669e-05 0.10613 0.00588626 4.61427e-11 0.142959 0.00525354 7.77937e-05 0.0490423 0.000557448 0.690026 1.4389e-11 
0.000113214 5.97638e-12 0.0185024 5.75598e-07 2.83505e-10 0.000454351 0.000168911 0.000396503 0.000525628 0.00031351 0.979524 5.75209e-07 
0.0019432 0.00144837 0.13395 0.00453215 2.18908e-06 0.00705581 0.0140332 0.0934617 0.0460662 0.000467451 0.69675 0.000289445 
0.0039727 0.000360588 0.19193 2.72064e-05 2.02719e-10 0.00151336 0.00907888 0.00373955 0.0600784 0.000116355 0.729182 1.58742e-06 
0.0382776 0.014528 0.178432 0.00484059 4.69444e-10 0.00662107 0.0788721 0.0221384 0.25805 5.589e-05 0.379645 0.0185398 
0.0524091 0.01356 0.105951 0.00583007 3.77815e-05 0.00954205 0.0444108 0.0342754 0.074738 0.00723259 0.649416 0.00259638 
0.0187828 8.3662e-05 0.00351201 3.6167e-05 1.98558e-06 0.0232491 0.00830444 0.000239928 0.0118112 0.000211882 0.933767 5.85376e-10 
0.00406318 9.49199e-07 0.246224 0.000313685 4.30699e-12 0.00935114 0.00107474 0.000700682 0.0430873 1.89326e-05 0.695164 8.96469e-07 
0.005358 6.02707e-05 0.0124392 0.000140397 1.79925e-06 0.0129565 0.0287798 0.000984182 0.0191649 0.000790651 0.919295 2.90182e-05 
0.0293969 0.0106179 0.0342094 9.89793e-05 1.14889e-05 0.113796 0.0828294 0.0126845 0.0292398 0.00431885 0.682733 6.35342e-05 
0.0812227 0.000284309 0.171021 0.0765729 6.18594e-06 0.00390145 0.06172 0.106633 0.130214 0.000391885 0.367775 0.000256925 
0.0264434 3.10626e-08 0.33393 0.000264256 7.65538e-11 0.00223329 0.00021851 0.00864372 0.0391559 0.00109568 0.587999 1.58231e-05 
0.0397169 3.0016e-08 0.00614983 3.60991e-06 1.67114e-09 0.00153169 0.000149195 5.75714e-06 0.00135563 0.00048387 0.9506 3.2216e-06 
0.0107305 5.95666e-07 0.0862058 0.00090275 1.3163e-08 0.00136606 7.33146e-08 0.00020362 0.001803 2.20077e-07 0.898785 2.02241e-06 
0.0256115 3.29742e-05 0.296202 0.000702547 6.49425e-07 0.0176684 0.0122248 0.0121096 0.11227 0.00777558 0.515135 0.000266939 
0.0604037 0.00012185 0.0238851 0.00545237 5.62606e-07 0.00842723 0.00740823 0.00390224 0.0622454 0.000667224 0.82746 2.5696e-05 
0.00356553 0.000943654 0.0891089 0.00257486 4.21096e-12 0.00128953 0.0122641 0.0104466 0.045888 9.2908e-06 0.832712 0.00119754 
0.00601315 4.89215e-05 0.0312566 0.000322002 3.72863e-05 0.0164348 0.00544222 0.0805926 0.183946 7.34105e-06 0.675799 0.000100051 
0.0125001 0.000448305 0.0809119 0.000431576 4.01656e-11 0.000606525 0.000495683 0.00245264 0.0181202 0.000459573 0.883571 2.28453e-06 
0.0178149 0.000132362 0.0934769 0.00221815 6.86595e-05 0.0184312 0.0429025 0.0224074 0.0567774 0.00369157 0.726314 0.0157647 
0.00958766 0.000202222 0.390484 0.000134139 9.79035e-09 0.0056218 0.000902471 0.0087873 0.0158847 0.00185556 0.566538 2.07991e-06 
0.00217624 0.000113867 0.000714974 5.7549e-05 2.26488e-06 0.0381221 0.135562 0.000900861 0.0426418 0.000692738 0.778988 2.69346e-05 
3.28752e-11 1.78969e-06 0.0694655 0.000136189 2.86051e-10 0.0179765 0.115967 0.102671 0.0651479 0.00197819 0.626655 5.29328e-08 
0.0100705 5.8686e-08 0.101108 5.96288e-05 3.24985e-07 0.00197095 0.00519716 0.0541819 0.0399021 0.000356357 0.787118 3.56203e-05 
0.000797131 9.22296e-08 0.0352264 1.88278e-05 2.02721e-12 0.00172744 0.000937101 0.000754501 0.00514231 0.00106207 0.954334 6.32157e-13 
0.020678 4.94592e-05 0.411573 0.00881971 0.00012962 0.0482658 0.0109704 0.0116383 0.0321314 0.00166281 0.45406 2.19268e-05 
0.00584681 0.0203839 0.226228 0.000460227 1.51945e-09 0.000621637 0.000570666 0.000952345 0.00584227 7.40837e-05 0.739002 1.86616e-05 
0.029857 0.00197755 0.369929 0.00894854 6.27228e-09 0.00811613 0.0106522 0.0338197 0.0749645 0.00238658 0.459297 5.1594e-05 
0.00510841 8.11515e-08 0.18262 0.000672452 8.12579e-12 0.145 0.0215162 0.00244552 0.10353 2.24007e-05 0.539083 1.12518e-06 
0.00314022 5.10882e-06 0.100638 1.4545e-06 2.00916e-09 0.0191393 0.000101537 0.000297738 0.00581445 0.00458221 0.866278 2.13755e-06 
0.029857 0.00197755 0.369929 0.00894854 6.27228e-09 0.00811613 0.0106522 0.0338197 0.0749645 0.00238658 0.459297 5.1594e-05 
0.0036378 5.81551e-05 0.0321525 0.00022122 1.10639e-09 0.000280725 0.000675831 0.000790632 0.00536631 6.34819e-06 0.956803 7.83538e-06 
0.0532282 0.000128567 0.185037 0.00926229 3.15888e-08 0.00433526 0.0673471 0.018569 0.0848544 0.000270747 0.576916 5.11502e-05 
0.0036378 5.81551e-05 0.0321525 0.00022122 1.10639e-09 0.000280725 0.000675831 0.000790632 0.00536631 6.34819e-06 0.956803 7.83538e-06 
0.00344043 0.000339698 0.114518 0.0143825 1.07366e-09 0.00217643 0.0078474 0.00446299 0.0589365 0.00123318 0.792383 0.000279817 
0.00123266 3.01646e-05 0.112993 0.0143207 9.82976e-06 0.0578254 0.158432 0.0182229 0.0110143 4.64457e-06 0.625532 0.000382504 
0.0112553 0.000102041 0.25486 0.0136002 9.81331e-07 0.0193729 0.00680042 0.0298034 0.0477652 0.00154951 0.614768 0.000122515 
0.00270934 5.27437e-05 0.0676038 0.00290656 1.27841e-08 0.00232571 0.00405681 0.0166446 0.0322922 8.66396e-06 0.871379 2.04977e-05 
0.018604 0.000136227 0.0478437 0.00105217 6.74105e-08 0.00291532 0.00255421 0.00236226 0.0262486 0.00119601 0.897082 4.93906e-06 
0.0588772 0.00133851 0.311995 0.0010437 1.5164e-05 0.00740109 0.0255068 0.0539781 0.136095 0.00250598 0.397067 0.00417612 
0.154284 0.000214189 0.0669187 0.000463359 1.02046e-07 0.0262147 0.149062 0.190441 0.1987 0.00571461 0.198954 0.00903162 
0.0264434 3.10626e-08 0.33393 0.000264256 7.65538e-11 0.00223329 0.00021851 0.00864372 0.0391559 0.00109568 0.587999 1.58231e-05 
0.00870652 5.22166e-10 0.0384505 0.000671866 5.11762e-13 0.0160464 0.00195301 0.000898816 0.0769006 3.83674e-05 0.856332 1.90724e-06 
0.00348084 0.000184078 0.249375 0.0776949 4.71917e-08 0.0184651 0.0149467 0.076749 0.0182704 0.0150108 0.525808 1.60249e-05 
0.0625736 0.0104144 0.115002 0.0112184 1.24762e-05 0.0199609 0.0881292 0.138786 0.111712 0.0176767 0.422279 0.00223511 
0.00308505 0.000271006 0.0619655 0.00557004 4.74719e-10 0.00433837 0.0121075 0.00212558 0.0728575 0.000879319 0.836659 0.000140705 
0.0950938 0.000225766 0.0483988 0.000921442 1.5967e-05 0.0127028 0.00682277 0.00652008 0.209688 5.58918e-05 0.619385 0.000169763 
0.0573886 0.000441848 0.144507 0.000859193 0.00208325 0.013774 0.018877 0.0255543 0.0689418 0.00331799 0.658802 0.00545293 
0.00436766 0.00107249 0.274069 0.000375433 8.29228e-09 0.000155144 0.00124272 0.00118276 0.026017 8.80411e-06 0.691471 3.7991e-05 
0.0005902 6.63754e-05 0.333642 0.00135043 1.7945e-07 0.0116584 0.00471136 0.214615 0.0258905 0.000445423 0.406825 0.000205151 
0.00344043 0.000339698 0.114518 0.0143825 1.07366e-09 0.00217643 0.0078474 0.00446299 0.0589365 0.00123318 0.792383 0.000279817 
0.029857 0.00197755 0.369929 0.00894854 6.27228e-09 0.00811613 0.0106522 0.0338197 0.0749645 0.00238658 0.459297 5.1594e-05 
0.0498835 6.86977e-05 0.261626 0.000240465 1.50365e-06 0.0265604 0.00533438 0.00133524 0.035453 0.00373069 0.547878 0.067889 
0.0329648 7.18316e-05 0.187534 0.013289 5.66291e-09 0.0277849 0.00846393 0.08342 0.124954 0.00216831 0.519337 1.11972e-05 
0.0138986 0.000389588 0.0904451 0.00522846 2.07072e-08 0.00331674 0.00885666 0.00488188 0.0657313 0.000739703 0.806281 0.000230818 
0.0036378 5.81551e-05 0.0321525 0.00022122 1.10639e-09 0.000280725 0.000675831 0.000790632 0.00536631 6.34819e-06 0.956803 7.83538e-06 
0.00290634 0.000884201 0.0585799 0.00149315 0.0867324 0.00090035 0.000677847 0.208848 0.0260673 0.000116568 0.612282 0.000512206 
0.0213874 0.000439423 0.188667 0.00425837 1.23497e-06 0.00940794 0.00914136 0.0335107 0.038267 0.000820043 0.694045 5.44033e-05 
0.0441883 0.000392672 0.12443 0.00191369 3.5126e-05 0.0147598 0.016629 0.0155243 0.0493297 0.00360493 0.727928 0.00126502 
0.000113214 5.97638e-12 0.0185024 5.75598e-07 2.83505e-10 0.000454351 0.000168911 0.000396503 0.000525628 0.00031351 0.979524 5.75209e-07 
0.00356553 0.000943654 0.0891089 0.00257486 4.21096e-12 0.00128953 0.0122641 0.0104466 0.045888 9.2908e-06 0.832712 0.00119754 
0.0344999 0.00027924 0.0496781 0.00208856 1.4425e-07 0.00326657 0.00290037 0.00351376 0.0387493 0.000632446 0.864381 1.05819e-05 
0.0880557 5.86077e-05 0.211485 0.00238837 1.36944e-05 0.072381 0.0652354 0.135782 0.154635 0.0143557 0.255421 0.000188458 
0.0329722 0.00240441 0.377705 0.0102331 1.76999e-07 0.0115434 0.0139848 0.0414559 0.110202 0.00221463 0.397202 8.30128e-05 
0.00870652 5.22166e-10 0.0384505 0.000671866 5.11762e-13 0.0160464 0.00195301 0.000898816 0.0769006 3.83674e-05 0.856332 1.90724e-06 
0.0138874 0.000286371 0.0527382 0.00328197 1.7135e-07 0.00539523 0.00567972 0.00259263 0.0325886 0.00155679 0.881936 5.69807e-05 
0.0446834 0.000289688 0.271212 0.00329101 4.87279e-06 0.0141792 0.00940899 0.0154594 0.128324 0.00151648 0.505515 0.00611501 
0.00870662 1.28075e-09 0.1059 0.000672 2.03933e-12 0.0198071 0.00230295 0.000898846 0.0803503 3.8386e-05 0.781322 1.91308e-06 
0.0112212 0.0141992 0.270525 0.00101262 2.06102e-06 0.0636746 0.0148742 0.163985 0.142776 0.0179314 0.299756 4.27132e-05 
0.00274777 0.212652 0.0448612 1.73124e-07 0.351167 0.000921639 3.02979e-06 0.0106591 0.00582986 0.000140377 0.370813 0.000205639 
0.0208332 0.0154879 0.0370082 0.00143154 1.1023e-05 0.0919019 0.334752 0.0215973 0.132446 0.0075361 0.336904 9.04124e-05 
0.00356553 0.000943654 0.0891089 0.00257486 4.21096e-12 0.00128953 0.0122641 0.0104466 0.045888 9.2908e-06 0.832712 0.00119754 
0.0125363 5.15201e-05 0.0321623 4.09734e-05 1.98296e-07 0.0248272 0.00589267 0.000213588 0.0204773 0.000369667 0.903424 4.17434e-06 
0.119544 0.000121944 0.116059 2.76582e-05 1.5681e-08 0.000890982 0.00082335 0.000607208 0.0389543 0.000941055 0.722025 5.0507e-06 
0.00958766 0.000202222 0.390484 0.000134139 9.79035e-09 0.0056218 0.000902471 0.0087873 0.0158847 0.00185556 0.566538 2.07991e-06 
0.336151 0.000187802 0.00975047 0.00379644 2.20023e-08 0.00084106 0.0998225 0.00742782 4.75089e-05 0.0276927 0.404791 0.109492 
0.00368051 3.08492e-05 0.0775645 0.00273242 8.85299e-09 0.000792663 0.0080331 0.00435799 0.0636537 5.9627e-05 0.839045 4.9159e-05 
0.190489 0.000193476 0.128745 0.017436 1.00739e-05 0.0171619 0.0840195 0.0234697 0.113442 0.00276178 0.421959 0.000312698 
0.0331598 0.0721294 0.170152 0.0506359 1.03518e-07 0.0153355 0.101364 0.0665791 0.202544 0.00493636 0.282696 0.000467098 
0.0036378 5.81551e-05 0.0321525 0.00022122 1.10639e-09 0.000280725 0.000675831 0.000790632 0.00536631 6.34819e-06 0.956803 7.83538e-06 
0.0234861 0.00252961 0.0920273 0.00548579 5.9858e-07 0.031885 0.0311407 0.0463033 0.181765 0.00982946 0.57536 0.00018702 
0.00172582 0.000202286 0.0310788 0.00133148 3.09233e-07 0.00411895 0.00697181 0.01749 0.0378587 2.07541e-05 0.899068 0.00013285 
0.00142016 7.74461e-05 0.00983203 1.37473e-08 6.77397e-12 0.00329575 0.00978793 0.000173074 0.0545524 0.000104247 0.920757 1.21426e-08 
0.00870662 1.28075e-09 0.1059 0.000672 2.03933e-12 0.0198071 0.00230295 0.000898846 0.0803503 3.8386e-05 0.781322 1.91308e-06 
0.0826847 1.23555e-09 0.020479 0.000101103 1.12234e-09 0.00231265 0.000535512 0.00768469 0.316031 1.83305e-05 0.570151 2.28308e-06 
0.025412 0.00724472 0.319125 0.00316137 0.000139336 0.0540687 0.0727244 0.0322958 0.101288 0.00895932 0.374509 0.0010729 
0.00356553 0.000943654 0.0891089 0.00257486 4.21096e-12 0.00128953 0.0122641 0.0104466 0.045888 9.2908e-06 0.832712 0.00119754 
0.0167673 0.000489377 0.239387 0.00310247 4.17836e-06 0.00477472 0.0263417 0.142006 0.0395507 0.00501956 0.522351 0.000205776 
0.00534506 8.11653e-05 0.0465401 0.000331825 1.56558e-09 0.000421086 0.000979118 0.00118595 0.00800115 9.52199e-06 0.937093 1.17519e-05 
0.029857 0.00197755 0.369929 0.00894854 6.27228e-09 0.00811613 0.0106522 0.0338197 0.0749645 0.00238658 0.459297 5.1594e-05 
0.0595946 0.00323407 0.136228 0.00137286 0.0448309 0.00914394 0.0186365 0.0457942 0.0655381 0.0147963 0.600169 0.000660694 
0.0132439 0.000522757 0.0604964 0.0160977 1.8328e-08 0.00144816 0.0114465 0.00320885 0.0154191 0.00010957 0.877975 3.19182e-05 
0.0293969 0.0106179 0.0342094 9.89793e-05 1.14889e-05 0.113796 0.0828294 0.0126845 0.0292398 0.00431885 0.682733 6.35342e-05 
0.0193091 6.95595e-05 0.0323584 0.00527816 3.11485e-07 0.00534465 0.0075656 0.00520806 0.0670329 0.00024207 0.857577 1.45576e-05 
0.00123842 6.3107e-05 0.0708367 0.000902932 1.7681e-06 0.00686604 0.00604925 0.0925046 0.0562722 7.31187e-06 0.765117 0.000141004 
0.00116196 8.239e-10 0.0510563 2.82409e-05 2.82291e-12 0.00259115 0.00135034 0.00113175 0.00765446 0.0015931 0.933433 8.80287e-13 
2.76768e-07 4.85576e-05 0.199476 0.00482078 1.36968e-07 0.0955271 1.23949e-06 0.232387 0.160053 7.88109e-05 0.307607 6.40448e-08 
