0.0224747 0.0130492 0.843654 0.000613909 4.73002e-06 0.00143045 0.00112771 0.00705646 0.0464629 0.000203291 0.0637637 0.000159471 
0.0347788 7.92524e-06 0.331999 0.000324453 2.07014e-05 0.0423198 0.00719734 0.0211379 0.2863 0.0803626 0.195541 9.41355e-06 
0.00374659 0.000219281 0.863685 0.000193211 1.33479e-08 0.0658387 0.0206728 0.000434129 0.0430532 0.00209896 5.81274e-05 4.99878e-09 
0.181041 0.000191013 0.250249 0.0002068 0.000160123 0.138765 0.0820956 0.0344072 0.0630847 0.00818891 0.241611 1.72079e-07 
0.0210386 0.000679719 0.937051 0.000144174 2.17515e-08 0.00202508 0.0160048 0.00701896 0.0146927 0.00111595 0.000228581 4.88639e-12 
0.0169402 0.000155088 0.92378 0.000103434 2.12622e-09 0.00116579 0.000746389 0.00392272 0.0478703 2.64392e-05 0.00525259 3.73822e-05 
0.0346845 0.00227367 0.750841 5.05335e-07 5.05196e-07 5.05593e-07 0.00748331 0.0745238 0.0751366 0.012739 0.0423164 5.0551e-07 
0.0824 0.019691 0.385739 0.000697427 0.000815617 0.0472829 0.0600095 0.174365 0.224293 0.000854416 0.00368333 0.00016928 
0.011814 4.38899e-06 0.508829 0.00183361 1.95691e-06 0.0760807 0.0300158 0.0361164 0.0420548 0.290723 0.00243058 9.54109e-05 
0.00249534 2.41031e-12 0.995089 9.3189e-05 8.71651e-06 4.30217e-05 2.66091e-05 0.00103054 0.000496293 6.06902e-05 0.000478688 0.000178184 
0.0629972 0.00860846 0.683345 0.00137502 2.08096e-05 0.0205971 0.0194162 0.0650028 0.0636261 0.00944246 0.065464 0.000104385 
0.0325552 0.00084161 0.310155 0.0287568 2.36299e-06 0.00871094 0.190226 0.221104 0.0469794 0.0193707 0.141202 9.55463e-05 
0.0148903 1.13563e-05 0.430742 0.00892099 1.55136e-08 0.00385862 0.0403242 0.225086 0.236495 0.00106673 0.0384799 0.000123899 
0.00923749 7.35988e-07 0.767301 0.000255204 0.000110031 0.205693 0.000703041 0.0127826 0.00350793 0.000367964 7.26757e-06 3.38107e-05 
0.0367324 0.0148501 0.689766 0.00643768 0.000483003 0.018491 0.0265729 0.0702171 0.084231 0.0056447 0.0463494 0.000225007 
0.365407 0.000647275 0.46059 0.037385 1.28753e-06 0.00106923 0.000188939 0.115862 0.0077071 0.0024087 0.00212449 0.00660922 
0.0896606 0.00619342 0.411655 0.00657393 0.00212111 0.0399442 0.0461256 0.143451 0.149536 0.010875 0.0901628 0.00370083 
0.0258365 2.57904e-05 0.457129 0.00039213 5.53542e-07 0.0106388 0.00555035 0.0199572 0.194701 0.210073 0.0756824 1.39924e-05 
0.0169402 0.000155088 0.92378 0.000103434 2.12622e-09 0.00116579 0.000746389 0.00392272 0.0478703 2.64392e-05 0.00525259 3.73822e-05 
0.0764981 0.000151594 0.538652 0.0069452 1.23767e-06 0.0692472 0.0881169 0.0527083 0.167679 2.22906e-10 1.20966e-10 5.93664e-07 
0.0534722 0.00131013 0.540088 0.00576839 0.000154996 0.0354467 0.0676798 0.061238 0.117368 0.0396945 0.0775938 0.000185833 
0.089366 0.000257865 0.685479 0.000453402 5.94335e-07 0.0257552 0.0153672 0.0646249 0.0788629 0.0381764 0.00164732 8.80659e-06 
0.0307971 0.0128224 0.797544 2.84983e-06 2.84905e-06 2.85128e-06 2.8513e-06 0.0538913 0.000573147 2.85074e-06 0.104355 2.85082e-06 
0.0580497 0.00705136 0.756533 1.80407e-05 5.91406e-09 0.00447615 0.00282849 0.00888765 0.11332 0.0338977 0.0149376 8.21578e-08 
0.00702159 4.03135e-05 0.790143 2.74249e-05 1.02763e-09 0.00439993 0.0463603 0.0567404 0.0153263 0.0010325 0.0785489 0.000359095 
0.0292765 0.00135596 0.575604 0.00533704 0.000730802 0.0392828 0.0308876 0.136585 0.144095 0.0133547 0.0233199 0.000170444 
0.0928928 0.000892561 0.385814 0.00213468 1.43938e-10 0.0245755 0.0831031 0.301425 0.108309 0.000366816 0.000164836 0.000321044 
0.0824263 0.00116739 0.754473 0.00321549 4.90427e-09 0.0134472 0.0668286 0.0180564 0.0220031 0.0041159 0.0316433 0.0026232 
0.309191 0.0231243 0.467356 0.00305079 0.00125998 0.000408608 0.193596 1.83939e-06 0.00196461 4.03325e-05 2.31905e-06 3.89318e-06 
0.321619 0.00338334 0.387738 4.84761e-05 5.5065e-07 0.0269242 0.0871381 0.00412926 0.144407 0.0214361 0.00073146 0.00244481 
0.0876052 0.0130985 0.694869 0.000406316 1.98384e-06 0.0077522 0.037124 0.0127803 0.0290644 0.002226 0.111566 0.00350645 
0.0786858 0.0042085 0.532219 0.000219407 0.00100932 0.0277546 0.0721729 0.140954 0.121722 0.0129386 0.00804363 7.25049e-05 
0.0659642 0.00207831 0.451933 0.0210341 1.28941e-05 0.0137886 0.03357 0.0660149 0.197972 0.0109206 0.136469 0.00024232 
0.0206519 0.0157932 0.569729 0.000654653 0.000397395 0.0250696 0.0252402 0.0232651 0.0745265 0.00269993 0.241911 6.1137e-05 
0.00580252 7.02494e-07 0.971258 7.2408e-05 1.00782e-08 0.00127488 0.00417487 0.00215326 0.014092 0.000330236 0.000826961 1.41459e-05 
0.0308675 0.000110053 0.47318 0.00946908 0.00265793 0.0326647 0.0254938 0.0774919 0.192124 0.0311316 0.124602 0.000207667 
0.036396 6.10367e-07 0.639856 7.64658e-08 3.31981e-11 0.285257 0.0245733 0.00161851 0.00980561 8.79528e-07 0.00249074 8.19919e-07 
0.0253653 0.212277 0.487579 0.0382017 0.000151878 0.00405322 0.00854817 0.05287 0.105004 0.00376824 0.0619676 0.000213268 
0.0519836 0.00143187 0.751642 4.55452e-05 1.21214e-05 0.0165315 0.00297757 0.0366769 0.0343928 0.0298756 0.00868906 0.065741 
0.0509233 0.000115305 0.774406 2.23504e-05 2.23217e-05 0.0133447 0.0369745 0.00308342 0.0497167 0.010425 0.0609372 2.92628e-05 
0.127218 0.0421756 0.495137 0.00319054 5.06861e-09 0.00679443 0.0148553 0.0599797 0.109533 0.00108866 0.13997 5.74991e-05 
0.00475788 9.26941e-07 0.974982 0.00140223 9.81582e-08 0.00104808 0.00342581 0.00177058 0.011543 0.000274011 0.000782627 1.25365e-05 
0.112635 0.0168408 0.616909 0.00052238 2.54973e-06 0.00996708 0.0477307 0.0153688 0.0324814 0.00286195 0.140172 0.00450799 
0.00560131 6.13164e-11 0.851472 0.0894021 1.13464e-08 0.00751571 0.0288901 0.00734995 0.00813364 0.00101095 3.79447e-08 0.000623725 
0.147943 5.94272e-05 0.578808 0.001605 1.43106e-07 0.0173374 0.00240367 0.00407725 0.0820954 0.00986527 0.155795 1.05664e-05 
0.0147731 8.74394e-09 0.919108 0.000209392 4.20273e-07 0.0172669 0.00423941 0.00437203 0.0369004 0.000722761 0.00236371 4.36852e-05 
0.0133892 6.77013e-05 0.688847 0.000416175 1.14878e-05 0.0832022 0.0227933 0.0628802 0.0431243 0.00280896 0.0824467 1.27226e-05 
0.00464983 4.21045e-05 0.591057 0.000636863 2.12449e-09 0.0199681 0.0169351 0.323552 0.0326986 3.95763e-05 0.0104146 6.27063e-06 
0.00634678 3.68068e-05 0.439485 0.207243 9.45712e-07 0.001728 0.208561 0.108275 0.0223761 5.74629e-05 0.00542284 0.000466629 
0.0559212 0.00100725 0.513766 0.00217393 0.00161566 0.0452975 0.0765932 0.0873222 0.205372 0.00406617 0.00679425 7.06915e-05 
0.0889601 0.00427325 0.395231 0.00410667 8.89366e-05 0.0529732 0.0900354 0.105452 0.177345 0.00736285 0.0728743 0.0012978 
7.376e-11 7.06532e-10 0.812209 4.47821e-10 6.41794e-10 8.52342e-11 3.51531e-07 0.162835 1.9989e-06 0.0149194 0.0100346 2.02136e-08 
0.0714219 5.10015e-05 0.829349 0.000111439 2.63301e-08 0.000818438 0.0100559 0.00166937 0.0350788 0.0342997 0.0171291 1.56068e-05 
0.00249534 2.41031e-12 0.995089 9.3189e-05 8.71651e-06 4.30217e-05 2.66091e-05 0.00103054 0.000496293 6.06902e-05 0.000478688 0.000178184 
0.0540856 0.0023355 0.514366 0.00708625 0.000154343 0.0377702 0.0326626 0.0593974 0.191668 0.0101028 0.090029 0.000342898 
0.151137 0.00042426 0.63113 0.000974765 0.00731749 0.0108324 0.0101834 0.0211817 0.0705616 0.0793286 0.016915 1.37243e-05 
0.00236698 0.000182689 0.509169 9.13237e-05 7.36923e-06 9.03485e-06 0.0242235 0.400883 0.0169012 0.0451519 0.000973837 3.9741e-05 
0.0623717 6.28845e-05 0.51932 1.55837e-05 9.08552e-06 0.0144255 0.00743347 0.00444519 0.0621302 0.000337997 0.329417 3.17682e-05 
0.0175012 2.04574e-05 0.902671 4.01859e-05 4.90653e-06 0.000197033 0.00037816 0.00709096 0.0428682 0.000110253 0.0290129 0.000105059 
0.00725181 8.32676e-07 0.96408 9.01856e-05 8.84319e-10 0.00159296 0.00521728 0.00269043 0.0176133 0.000412303 0.00103308 1.75578e-05 
0.00670834 0.000550263 0.803135 0.00126021 4.54264e-08 0.000466579 0.000778649 0.111836 0.0139183 1.57806e-05 0.0612546 7.59592e-05 
0.135612 0.00135977 0.291071 0.000198677 0.030246 0.0458779 0.120822 0.114514 0.23326 0.00371356 0.0226146 0.000710427 
0.0164236 1.32446e-05 0.915629 3.85557e-05 2.98311e-06 0.000180432 0.000333732 0.00519166 0.0374591 0.000103301 0.0245428 8.21022e-05 
0.139435 3.33413e-05 0.31673 0.0106241 2.68583e-06 0.011487 0.193457 0.0114247 0.0232907 8.88228e-06 2.73035e-05 0.293479 
0.00725181 8.32676e-07 0.96408 9.01856e-05 8.84319e-10 0.00159296 0.00521728 0.00269043 0.0176133 0.000412303 0.00103308 1.75578e-05 
9.96997e-05 4.62255e-05 0.812479 0.000422012 5.98218e-06 0.00093995 0.0075064 0.142796 0.0185286 0.0139731 0.00282768 0.000375504 
0.13244 0.00014563 0.577098 0.00140427 2.12019e-05 0.078437 0.00284882 0.0229808 0.173287 0.00342418 0.00142905 0.00648274 
0.0242029 0.000136779 0.803477 0.000306399 3.27669e-05 0.0103195 0.0230633 0.0541909 0.0489279 0.00404775 0.0312137 8.06447e-05 
0.0691299 1.64468e-07 0.567703 0.00444165 2.04444e-08 0.0768212 0.0336781 0.0372591 0.21023 0.000363419 0.000368452 5.11805e-06 
0.223497 0.00170942 0.257444 0.00239774 7.02391e-05 0.144204 0.052583 0.142192 0.128986 0.0229282 0.0234094 0.00057966 
0.0204096 0.0164684 0.888824 0.000331546 2.44967e-06 0.000570182 0.00094261 0.00795819 0.0411272 8.45376e-05 0.023214 6.71937e-05 
0.0297213 0.000555773 0.364619 0.0101741 4.14391e-06 0.0334937 0.0699572 0.240455 0.249537 0.000357806 0.000828878 0.000296755 
0.0276037 0.000940989 0.387606 0.000582316 6.56358e-05 0.0384227 0.00881403 0.0716202 0.099765 0.00348506 0.361079 1.60304e-05 
0.0351107 4.782e-05 0.726258 1.59986e-10 0.00125168 0.117433 0.0174419 0.000358567 0.0273556 0.000671751 0.0740645 6.93421e-06 
0.0308739 0.000649361 0.643581 0.0108989 4.10376e-05 0.0130877 0.0250883 0.0402079 0.207907 0.00727364 0.020337 5.47225e-05 
0.00725181 8.32676e-07 0.96408 9.01856e-05 8.84319e-10 0.00159296 0.00521728 0.00269043 0.0176133 0.000412303 0.00103308 1.75578e-05 
0.242243 0.00127334 0.392634 0.000736259 6.7699e-09 0.00444379 0.000436626 0.324723 0.0294449 0.000758226 0.00329414 1.29149e-05 
0.0307512 0.000102259 0.56432 5.55939e-05 8.37241e-07 0.00361536 0.00689503 0.128504 0.203743 0.00268933 0.0591112 0.000211788 
0.0274742 0.00111074 0.637546 0.00931606 3.78695e-07 0.0204012 0.0297415 0.0250331 0.0898059 0.00687852 0.152458 0.000234786 
0.150341 0.0172549 0.476962 0.049211 7.33371e-05 0.0513633 0.116009 0.0370659 0.0742646 0.0139458 0.00196211 0.0115476 
0.0336291 4.03103e-05 0.697473 0.000712161 1.14148e-05 0.0131034 0.00847156 0.0343329 0.192727 0.00486858 0.0145818 4.89896e-05 
0.0548372 0.000852788 0.43824 0.0099465 0.000188178 0.0884398 0.0522321 0.241145 0.106463 0.00723794 0.000358838 5.9123e-05 
0.0164236 1.32446e-05 0.915629 3.85557e-05 2.98311e-06 0.000180432 0.000333732 0.00519166 0.0374591 0.000103301 0.0245428 8.21022e-05 
0.0540328 0.00173681 0.708183 0.000135616 1.5303e-06 0.0146599 0.0125459 0.00605687 0.18567 0.000104789 0.0167708 0.000101474 
0.00368677 0.00435539 0.388903 0.0161881 0.000420619 0.0064941 0.0392263 0.140472 0.0651895 0.0104028 0.323939 0.000722332 
0.00707495 2.12574e-05 0.907244 6.49419e-05 1.36024e-08 0.000912016 0.00381335 0.00407275 0.0256875 0.000244237 0.050856 9.25171e-06 
0.0175012 2.04574e-05 0.902671 4.01859e-05 4.90653e-06 0.000197033 0.00037816 0.00709096 0.0428682 0.000110253 0.0290129 0.000105059 
0.0706663 0.00409031 0.672614 0.0468818 2.21935e-05 0.00715357 0.0383354 0.0403314 0.045149 0.00184655 0.0697974 0.0031118 
0.0164236 1.32446e-05 0.915629 3.85557e-05 2.98311e-06 0.000180432 0.000333732 0.00519166 0.0374591 0.000103301 0.0245428 8.21022e-05 
0.00618143 0.000596577 0.819571 0.000950574 1.08271e-06 0.0398849 0.055137 0.00846398 0.0384141 0.00105874 0.0296217 0.00011871 
0.130572 0.00283497 0.308279 0.0204248 1.37589e-05 0.0132261 0.0840708 0.242076 0.178551 0.00321306 0.0159429 0.000795673 
0.0868704 5.62253e-06 0.28822 0.000116515 8.98462e-08 0.229678 0.0671474 0.121293 0.0961421 0.110304 0.000114171 0.000109408 
0.0185309 0.000101593 0.927856 6.77453e-05 3.65156e-09 0.00228347 0.000620773 0.00352772 0.043407 0.000141933 0.00343822 2.44852e-05 
0.000360566 0.000380685 0.926872 0.00101222 3.10106e-09 0.00117744 0.0126141 0.0146593 0.0059352 0.0329442 0.00404386 3.34767e-08 
0.0272832 2.31676e-08 0.75059 1.89669e-06 1.29868e-08 0.0210217 0.024879 0.0764852 0.0981138 0.000683546 0.000941054 2.16799e-07 
0.00133203 2.45972e-05 0.569894 0.000441951 4.73568e-06 0.0042541 0.032701 0.139903 0.0796776 0.000506254 0.171243 1.68336e-05 
0.0270237 0.000257508 0.405419 0.000970871 6.86854e-05 0.0583878 0.0303284 0.285375 0.140771 0.00116749 0.0345212 0.0157098 
0.187397 1.0933e-05 0.394411 0.000835891 2.56582e-06 0.0475736 0.0135355 0.289332 0.0422951 0.0222961 0.00208623 0.000224065 
0.063468 0.00261078 0.49941 0.00842915 3.87096e-06 0.0425947 0.0215886 0.0257905 0.181247 0.014249 0.140519 9.00703e-05 
0.0371646 0.000985589 0.698053 0.000148051 2.48308e-10 0.138589 0.0519 0.0084333 0.0520956 0.0126211 4.37088e-06 5.23502e-06 
0.181825 0.000327859 0.551054 2.09076e-06 5.43022e-07 0.0259013 0.00936113 0.00789478 0.0906861 0.132714 0.000223851 8.55828e-06 
0.0393353 5.97197e-06 0.383643 2.07348e-05 7.40174e-07 0.12867 0.0125946 0.266229 0.169426 4.86479e-05 2.27017e-05 2.94306e-06 
0.0580732 0.0183197 0.270561 0.00242671 1.56591e-06 0.174823 0.0881879 0.123038 0.0617686 0.110657 0.0909585 0.00118449 
0.103965 0.000520401 0.56624 0.000577912 0.000862927 0.038915 0.0307624 0.0192131 0.158813 0.00615294 0.0700498 0.00392777 
0.0611374 0.000106245 0.582368 5.92032e-05 1.28149e-07 0.0191908 0.00412939 0.00464943 0.0868167 0.0105305 0.206583 0.0244293 
0.0187179 0.000523845 0.807562 0.000549373 5.04218e-07 0.00589085 0.00811476 0.042257 0.081503 0.00109531 0.0336153 0.000170308 
0.0306108 0.0139146 0.605685 0.000392025 8.23488e-05 0.0137408 0.0298602 0.115998 0.110548 0.0118107 0.0604705 0.00688622 
0.0322841 0.000697449 0.533714 0.0464869 2.95662e-05 0.0426699 0.0151268 0.269979 0.056968 0.000139591 0.00188402 2.09383e-05 
0.0423571 0.000942105 0.437278 0.00160991 7.06179e-11 0.0146217 0.317039 0.0540251 0.115147 0.00329683 0.0131957 0.00048691 
0.0421632 0.000175972 0.358643 0.00381764 4.62311e-05 0.0456856 0.0632187 0.267154 0.121341 0.0159374 0.0816019 0.000215079 
0.0811332 0.000166092 0.398761 0.00168778 1.51599e-08 0.0819355 0.0523787 0.227769 0.0854781 0.0599936 0.0105872 0.000109143 
0.00745383 4.98235e-05 0.57937 0.00369003 2.13911e-08 0.0787885 0.00834072 0.0924236 0.0204201 0.0295534 0.179908 2.2047e-06 
0.00758334 0.000142537 0.945215 0.00101917 1.7724e-08 0.00680532 0.0254543 0.0102235 0.00310896 0.000225369 8.36715e-05 0.000138935 
0.0343223 0.00411819 0.495686 0.0126769 2.54619e-05 0.0269144 0.05405 0.0779121 0.172224 0.00535708 0.115585 0.00112788 
0.000360687 3.13321e-05 0.772565 4.49329e-08 9.74275e-08 0.00135979 0.0245205 0.0373884 0.105986 0.00218271 0.0555607 4.46581e-05 
0.0357051 0.000546368 0.855719 6.85085e-05 1.50474e-06 0.0109624 0.00319192 0.0184088 0.0204588 0.00107113 0.0538455 2.10586e-05 
0.249546 0.00295226 0.288152 0.00067834 4.98553e-08 0.0786052 0.0164235 0.0810291 0.265908 0.00351017 0.0126022 0.000592582 
0.00249534 2.41031e-12 0.995089 9.3189e-05 8.71651e-06 4.30217e-05 2.66091e-05 0.00103054 0.000496293 6.06902e-05 0.000478688 0.000178184 
0.0291251 2.83661e-05 0.835633 3.50871e-05 1.42162e-07 0.000376494 0.000394909 0.0104167 0.0766579 0.000168227 0.0470003 0.000163705 
0.0384869 0.000701316 0.579864 0.00272419 0.00160655 0.0410979 0.0585213 0.0759461 0.137736 0.00876432 0.0543691 0.000182479 
0.112635 0.0168408 0.616909 0.00052238 2.54973e-06 0.00996708 0.0477307 0.0153688 0.0324814 0.00286195 0.140172 0.00450799 
0.00702159 4.03135e-05 0.790143 2.74249e-05 1.02763e-09 0.00439993 0.0463603 0.0567404 0.0153263 0.0010325 0.0785489 0.000359095 
0.0127716 1.65541e-05 0.924457 4.81932e-05 1.85325e-08 0.000113371 0.000359346 0.000647077 0.031676 2.09204e-05 0.0298675 2.27079e-05 
0.0604725 0.000673035 0.659243 0.0028949 2.08926e-06 0.0109364 0.01884 0.0249857 0.0623051 0.0101924 0.149213 0.000241788 
0.0595813 0.000351175 0.845539 0.000411452 6.18304e-05 0.00211048 0.00398144 0.0130013 0.0337607 0.00330594 0.0377861 0.00010879 
0.14489 0.000220097 0.653633 0.0526801 2.54976e-06 0.0513411 0.00967629 0.0119919 0.0253817 0.00890183 0.0412817 5.26368e-07 
0.00160739 0.000152334 0.676495 0.00348864 1.22181e-07 0.00385516 0.0131007 0.194544 0.0766137 0.00470714 0.0250655 0.000369724 
0.312387 0.00354608 0.362086 6.24288e-05 3.48988e-06 0.0239696 0.0993726 0.0350667 0.126718 0.0125918 0.0241931 4.03135e-06 
0.0593814 0.00555313 0.809478 0.000264264 6.6377e-10 0.00438385 0.0149864 0.00573924 0.0401343 0.0143096 0.0395092 0.00626045 
0.0369897 0.00412461 0.866616 0.000124503 2.27747e-06 0.00242751 0.00872175 0.00833037 0.0483369 0.00691474 0.017402 9.93827e-06 
0.0747066 0.00568753 0.796708 9.7437e-06 3.67756e-05 0.0281635 0.00152732 0.00289454 0.0698174 0.0158884 0.00455718 2.80146e-06 
0.0383077 0.00525795 0.585236 0.00523819 1.013e-07 0.102768 0.13277 0.0128642 0.102843 0.00195329 0.0125566 0.000204795 
0.0765139 0.000185906 0.438838 0.00029278 2.38923e-07 0.0836093 0.0611141 0.070408 0.24203 0.00409296 0.0090638 0.0138511 
0.0112786 0.000197021 0.681584 0.00449234 1.08378e-06 0.0171931 0.0187389 0.102479 0.118374 0.000407605 0.0449306 0.000323673 
0.0381298 0.0119849 0.530504 0.00303194 9.38701e-07 0.253202 0.0460695 0.00699801 0.108143 0.00160433 0.000329702 2.34577e-06 
0.0235838 0.00411911 0.651267 0.0121161 0.00227753 0.00719837 0.0100412 0.0617677 0.0717644 0.0020768 0.152509 0.00127986 
0.0322182 0.000310874 0.597334 0.00163676 1.7996e-06 0.0209658 0.0248258 0.172277 0.0627777 0.0696879 0.0178585 0.000106355 
0.0630674 0.000623515 0.51182 0.0012975 0.000387564 0.0260263 0.0324622 0.110345 0.169538 0.00813452 0.0761709 0.000127696 
0.0562462 0.0260887 0.632782 0.000420038 3.14691e-05 0.00953047 0.0387582 0.073438 0.0664927 0.00210371 0.0940716 3.67537e-05 
0.00120256 1.56086e-05 0.921062 3.2063e-10 1.44802e-06 0.00143534 0.00290375 0.000170476 9.561e-05 0.00035013 0.0727635 1.03161e-08 
0.205409 1.43305e-05 0.540839 0.00013408 1.23814e-06 0.0307694 0.0165691 0.0676344 0.0916292 0.00312233 0.0438777 2.57354e-07 
0.00725181 8.32676e-07 0.96408 9.01856e-05 8.84319e-10 0.00159296 0.00521728 0.00269043 0.0176133 0.000412303 0.00103308 1.75578e-05 
0.205911 2.53309e-05 0.270373 1.90155e-05 2.86458e-08 0.0571952 0.0692678 0.0151273 0.240264 0.0383837 0.043471 0.0599622 
0.048089 4.28848e-05 0.340683 0.000495382 4.7861e-05 0.0187883 0.0242449 0.258868 0.240049 0.0041896 0.0644247 7.73754e-05 
0.00725181 8.32676e-07 0.96408 9.01856e-05 8.84319e-10 0.00159296 0.00521728 0.00269043 0.0176133 0.000412303 0.00103308 1.75578e-05 
0.00381881 1.07016e-06 0.982469 6.93234e-05 2.15483e-12 0.000865583 0.002063 0.000559565 0.00852281 0.00039101 0.00123511 5.16841e-06 
4.11869e-07 0.00120558 0.559961 0.00240641 3.28587e-10 0.0349055 0.0169719 0.18272 0.0676313 0.000837991 0.133359 7.57213e-07 
0.0269314 0.00176502 0.429235 0.00167609 6.65527e-05 0.0205753 0.0169768 0.0277076 0.0745806 0.0147116 0.385471 0.000303086 
0.0414461 0.000877474 0.721802 0.000490871 0.000596377 0.0452445 0.0116877 0.0933542 0.0664818 0.00367433 0.0143322 1.21277e-05 
0.0392232 3.18976e-05 0.379829 0.00016192 5.32039e-05 0.00699327 0.0241377 0.147664 0.354056 0.00105419 0.0467541 4.21325e-05 
0.0455409 1.21406e-05 0.554324 0.000147895 1.23365e-07 0.0315094 0.045489 0.148344 0.172231 0.00191687 0.000455516 2.90375e-05 
0.0432408 0.0029254 0.78332 0.000502137 8.43661e-11 0.00223382 0.0122133 0.0203087 0.0508833 0.0180644 0.066302 5.72885e-06 
0.0829959 0.000554239 0.68507 0.0016461 3.83544e-05 0.00685522 0.0181596 0.0278689 0.102395 0.00945976 0.0649261 3.03521e-05 
0.0169924 0.000944991 0.912949 3.91053e-05 1.22335e-05 0.00177886 0.012908 0.00666804 0.0382027 0.000118475 0.00930252 8.36711e-05 
0.119868 0.000639055 0.311393 0.00511623 0.000806225 0.107535 0.0606884 0.127538 0.180667 0.0720595 0.0136353 5.32731e-05 
0.0473765 0.000652458 0.654949 0.000223984 3.39515e-10 0.0552546 0.00199343 0.182719 0.0545267 0.00189211 0.000411955 2.27913e-07 
0.04258 0.00316678 0.413814 0.0220715 0.00885851 0.0283875 0.0564709 0.133501 0.274075 0.00687689 0.00868976 0.00150803 
0.00573178 3.96926e-08 0.578839 0.00922815 3.16909e-11 0.00227776 0.000827844 8.16898e-05 0.00140469 0.00069554 0.400913 9.81906e-07 
0.00725181 8.32676e-07 0.96408 9.01856e-05 8.84319e-10 0.00159296 0.00521728 0.00269043 0.0176133 0.000412303 0.00103308 1.75578e-05 
0.00737391 1.59069e-06 0.333724 0.00216649 1.14585e-07 0.0128072 0.0170859 0.235859 0.274227 4.34027e-10 0.116754 1.47395e-07 
0.0164981 0.00129275 0.459547 0.000431789 0.0014488 0.00724433 0.0213483 0.34826 0.120741 0.017118 0.00593034 0.00014021 
0.00088097 0.00229858 0.523172 0.263665 9.01492e-06 0.0619911 0.00873448 0.115004 0.0153769 0.00868028 0.000187349 1.37303e-07 
0.0551821 0.00815218 0.595392 0.0218757 0.00344534 0.0408831 0.0300334 0.0414192 0.121875 0.0072613 0.0743042 0.000176731 
0.0257537 5.84596e-08 0.839004 8.17244e-06 3.39644e-08 0.00489983 0.00129017 0.000537554 0.128227 0.000272369 6.4418e-06 1.27737e-08 
0.0212962 0.000561981 0.61531 0.0346724 1.01519e-10 0.0169097 0.0427639 0.0294291 0.168945 0.0649251 0.00507561 0.000110931 
0.0169402 0.000155088 0.92378 0.000103434 2.12622e-09 0.00116579 0.000746389 0.00392272 0.0478703 2.64392e-05 0.00525259 3.73822e-05 
0.0286833 0.00108869 0.782882 0.000358535 6.16502e-10 3.40413e-08 0.00119778 0.0250008 9.0135e-07 8.12954e-09 0.16078 7.77947e-06 
0.0413308 8.15849e-07 0.772137 4.20879e-05 1.68684e-07 0.0302209 0.0350538 0.0248259 0.0605989 0.0104577 0.025272 6.02414e-05 
0.0383443 0.00280367 0.739213 6.37067e-05 0.000453653 0.0611911 0.0436329 0.0353211 0.0671558 0.0062036 0.00558945 2.80149e-05 
0.0930966 0.000103382 0.37282 0.0135708 1.30019e-07 0.0198121 0.0461566 0.100934 0.108761 0.000722579 0.243738 0.000284635 
0.10207 0.00344069 0.715536 0.0326163 6.40135e-07 0.0363097 0.00120846 0.0560705 0.0105228 0.00390356 0.0383145 6.82006e-06 
0.00493045 6.66166e-05 0.530802 0.00107395 8.54519e-06 0.0110847 0.0510239 0.166645 0.128775 0.00066108 0.104884 4.44438e-05 
0.0374104 0.00306973 0.531667 0.00250035 5.39421e-05 0.027847 0.0222365 0.0534823 0.196436 0.0213443 0.10293 0.00102296 
0.0509931 0.00677389 0.466346 0.00311059 0.00211086 0.0378475 0.0958545 0.144165 0.132827 0.0121053 0.0471305 0.000735607 
0.000360566 0.000380685 0.926872 0.00101222 3.10106e-09 0.00117744 0.0126141 0.0146593 0.0059352 0.0329442 0.00404386 3.34767e-08 
0.00896629 0.000197651 0.772206 0.000366317 3.50178e-05 0.027907 0.0115993 0.0758529 0.0927211 0.00409297 0.00590843 0.000146785 
0.0623881 0.004917 0.383944 0.00249981 0.000284427 0.0395657 0.0541243 0.262592 0.111526 0.0182678 0.0587452 0.00114619 
0.185257 4.24347e-05 0.46405 0.00296736 5.87759e-06 0.0223791 0.0187519 0.0606343 0.090106 0.00300375 0.152376 0.000425443 
0.0164236 1.32446e-05 0.915629 3.85557e-05 2.98311e-06 0.000180432 0.000333732 0.00519166 0.0374591 0.000103301 0.0245428 8.21022e-05 
0.0168589 0.000291643 0.335988 0.0279731 9.29682e-09 0.0114156 0.0278269 0.169744 0.102628 0.00463548 0.30223 0.00040835 
0.017639 0.00448822 0.406906 0.0222576 0.000346615 0.129527 0.0846048 0.00330376 0.117326 0.00575149 0.207758 9.22313e-05 
0.00319692 0.147929 0.517287 3.18918e-08 9.478e-12 0.00082116 1.6051e-05 0.000925342 0.00885461 0.000186999 0.320783 4.94979e-07 
0.0443162 0.00287325 0.532008 0.00306877 4.53698e-06 0.0317424 0.0455385 0.0587884 0.165375 0.00351478 0.112687 8.37204e-05 
0.0150404 0.000760295 0.802977 0.0373602 1.05125e-07 0.00148694 0.0126713 0.0845686 0.0102862 1.98706e-05 0.0347774 5.13887e-05 
0.147943 5.94272e-05 0.578808 0.001605 1.43106e-07 0.0173374 0.00240367 0.00407725 0.0820954 0.00986527 0.155795 1.05664e-05 
0.0250512 2.85876e-07 0.352714 0.00581525 1.0616e-07 0.00311211 0.00937222 0.329636 0.262993 0.000213512 0.0110368 5.55109e-05 
0.0161443 1.78847e-06 0.664992 7.34317e-05 2.0017e-08 6.6249e-05 0.00253117 0.0971252 0.0205398 5.46251e-06 0.198471 4.88605e-05 
0.0413901 0.00235069 0.702827 0.00540141 4.82151e-07 0.031198 0.0277834 0.0448251 0.0709075 0.0208953 0.0520976 0.000323731 
0.0274989 0.00125467 0.726107 0.00176902 3.47565e-08 0.0302403 0.0170268 0.029275 0.145924 0.0010497 0.0198099 4.50122e-05 
0.0181718 2.54571e-05 0.77709 1.65004e-05 2.01447e-06 0.00252337 0.00113583 0.00672439 0.0515737 8.07465e-05 0.142575 8.1876e-05 
0.00384398 8.16779e-06 0.675595 0.00236769 6.27233e-08 0.0203075 0.0205889 0.173185 0.03081 0.00130185 0.0719514 3.99153e-05 
0.0996114 0.000320669 0.595962 0.00280245 1.71939e-05 0.0152326 0.0146162 0.0279241 0.0889463 0.0135656 0.140968 3.34369e-05 
0.0164236 1.32446e-05 0.915629 3.85557e-05 2.98311e-06 0.000180432 0.000333732 0.00519166 0.0374591 0.000103301 0.0245428 8.21022e-05 
0.0203304 0.000122738 0.793475 0.000242423 0.000201781 0.00091653 0.00641684 0.100217 0.0581797 0.00108643 0.0186413 0.000169444 
0.00510506 0.0056716 0.808265 8.21031e-05 3.77407e-06 0.0490339 0.00933651 0.0310195 0.052967 0.0181424 0.0203683 4.80488e-06 
0.0164236 1.32446e-05 0.915629 3.85557e-05 2.98311e-06 0.000180432 0.000333732 0.00519166 0.0374591 0.000103301 0.0245428 8.21022e-05 
0.0169402 0.000155088 0.92378 0.000103434 2.12622e-09 0.00116579 0.000746389 0.00392272 0.0478703 2.64392e-05 0.00525259 3.73822e-05 
0.012861 1.04656e-06 0.639007 0.0255809 1.48438e-08 0.00199478 0.0589414 0.0991443 0.156621 6.97956e-06 0.00574621 9.51177e-05 
0.046889 0.000428867 0.585992 0.00660887 2.01075e-07 0.0194375 0.0486455 0.123636 0.137019 0.00246786 0.0288506 2.54532e-05 
0.306892 2.62727e-05 0.543552 0.00203341 2.18612e-06 0.00124035 0.00212306 0.0105454 0.103552 0.000501532 0.029262 0.000270092 
0.00293173 3.57604e-10 0.880523 4.96888e-05 0.000107913 0.000624985 0.00027058 0.104823 0.00850032 2.20104e-05 0.00133896 0.000807221 
0.0776667 0.000200463 0.363515 0.00610734 2.22468e-05 0.0202585 0.0906027 0.265499 0.150306 0.00629797 0.0191291 0.000395034 
0.0460405 0.00230177 0.392368 0.00455161 0.00410577 0.0333978 0.0321828 0.0420631 0.0986502 0.00812127 0.334988 0.00122864 
0.00702159 4.03135e-05 0.790143 2.74249e-05 1.02763e-09 0.00439993 0.0463603 0.0567404 0.0153263 0.0010325 0.0785489 0.000359095 
0.0337276 0.0165776 0.814712 0.000936187 1.19438e-06 0.0244358 0.0168913 0.0221909 0.0491329 0.0119807 0.00727607 0.00213788 
0.0291251 2.83661e-05 0.835633 3.50871e-05 1.42162e-07 0.000376494 0.000394909 0.0104167 0.0766579 0.000168227 0.0470003 0.000163705 
0.0217442 0.000350536 0.731176 0.00321188 1.39836e-05 0.0134851 0.013905 0.0160954 0.0610106 0.00688193 0.126473 0.00565171 
0.0754245 0.000362298 0.766016 0.000615723 1.4421e-07 0.000754062 0.00151891 0.0340826 0.0988815 0.000208718 0.0220129 0.000122915 
0.0040332 9.92494e-08 0.972968 1.08541e-06 1.56599e-08 0.00528913 0.00122418 0.00755852 0.00610298 0.00124446 0.00157836 3.67893e-07 
0.0468653 0.00229022 0.69668 0.00551633 1.60378e-07 0.0158149 0.107376 0.0202845 0.0551587 0.00604392 0.04397 1.9132e-07 
0.0994984 0.00575493 0.276502 0.0877766 9.9995e-07 0.0149555 0.165782 0.253749 0.0520294 0.00450299 0.0279308 0.0115172 
0.275538 0.00976665 0.510734 0.00190584 2.15101e-10 0.0289277 0.00326443 0.00119754 0.154415 0.0128643 2.03265e-07 0.00138581 
0.0582856 0.126085 0.634555 0.000283773 3.13944e-10 0.00108833 0.0264047 0.00500055 0.0911808 0.012835 0.0441666 0.000115272 
0.25057 0.000368351 0.265063 4.69704e-05 0.000117033 0.0566583 0.0462637 0.0024115 0.198492 0.0231806 0.156827 2.43009e-06 
0.00725181 8.32676e-07 0.96408 9.01856e-05 8.84319e-10 0.00159296 0.00521728 0.00269043 0.0176133 0.000412303 0.00103308 1.75578e-05 
0.0164236 1.32446e-05 0.915629 3.85557e-05 2.98311e-06 0.000180432 0.000333732 0.00519166 0.0374591 0.000103301 0.0245428 8.21022e-05 
0.0111396 1.54126e-06 0.739484 0.00044165 8.72857e-05 0.0017683 0.00821841 0.111384 0.121659 0.000145726 0.00518423 0.000485526 
0.0329637 0.00321637 0.485908 0.0155853 8.27268e-06 0.0129369 0.00955379 0.0161441 0.0579577 0.00721389 0.358342 0.000169708 
0.0101855 0.0172978 0.774238 0.00123702 1.82507e-07 0.00994774 0.00829259 0.00188858 0.0116486 0.0141435 0.151101 1.9545e-05 
0.021536 0.00216204 0.849511 0.0232208 8.51808e-08 0.00941151 5.67109e-07 0.000480343 0.0758739 0.00105558 0.0166757 7.22757e-05 
0.0350495 0.000113664 0.40043 0.00807476 0.000110458 0.0148688 0.0226477 0.218328 0.169167 0.00608171 0.12489 0.000237912 
0.0395986 0.14089 0.578549 7.64213e-05 3.60027e-07 0.00622518 0.00720509 0.0284186 0.133362 0.028646 0.0370152 1.37742e-05 
0.0423571 0.000942105 0.437278 0.00160991 7.06179e-11 0.0146217 0.317039 0.0540251 0.115147 0.00329683 0.0131957 0.00048691 
0.0760891 0.000388989 0.403775 0.0196513 7.47459e-06 0.0174216 0.0671987 0.237472 0.145529 0.0285309 0.00354941 0.000385777 
0.0473605 0.00376045 0.398322 0.00124933 7.31437e-09 0.0136087 0.0136323 0.059615 0.138286 0.00431025 0.319787 6.84351e-05 
0.034825 0.000332466 0.313709 0.0136177 0.000272797 0.018046 0.200525 0.146612 0.260555 0.000580078 0.0104564 0.000468583 
0.0314399 3.99538e-05 0.845569 8.91692e-06 1.79815e-08 0.0774656 0.00928253 0.0305282 0.00399705 0.00137695 0.000279097 1.31949e-05 
4.24631e-06 7.35999e-06 0.965177 3.00077e-05 1.95866e-10 0.000983237 0.00589531 0.0172955 0.0023112 2.48682e-07 0.00829561 6.10781e-11 
0.00725181 8.32676e-07 0.96408 9.01856e-05 8.84319e-10 0.00159296 0.00521728 0.00269043 0.0176133 0.000412303 0.00103308 1.75578e-05 
0.0384195 7.71303e-05 0.503086 0.0216408 1.58449e-05 0.0190873 0.044872 0.124914 0.109154 0.00129614 0.137016 0.000421225 
0.0480936 9.21295e-08 0.579579 0.000284439 0.000243335 0.0187888 0.0395118 0.211024 0.0513023 0.015493 0.0354642 0.00021517 
0.0132796 0.000133219 0.770457 0.0010628 0.0029147 0.0121193 0.0266595 0.0780896 0.0685013 0.00821149 0.0184704 0.00010164 
0.00244979 0.0180324 0.584265 0.0221069 9.18727e-06 0.034518 0.138701 0.134692 0.0182018 0.000252285 0.0465134 0.000258248 
0.0145027 0.000277416 0.42693 0.0175884 3.02271e-09 0.231512 0.132876 0.0821966 0.070271 0.0238204 1.19807e-05 1.40507e-05 
0.0487491 3.18319e-05 0.534877 0.00119716 3.86803e-06 0.0498527 0.0302794 0.100134 0.0672257 0.0108771 0.156765 8.12541e-06 
0.00242122 0.000355056 0.736857 0.00214362 8.58633e-05 0.00408607 0.0310558 0.111873 0.0601407 0.0212405 0.0295831 0.000158119 
0.00844962 1.20077e-05 0.366939 0.288178 2.40652e-05 0.0291842 0.0930086 0.125306 0.0805892 0.00187334 0.00625301 0.000182378 
0.0722906 0.0106243 0.619409 0.0055328 0.00261281 0.0294727 0.0353111 0.0639754 0.0746668 0.0053997 0.0754545 0.00524999 
0.104157 0.0186994 0.32774 0.00145142 2.99784e-08 0.0126625 0.0751648 0.0744137 0.23181 0.00755412 0.146334 1.30648e-05 
0.0776024 0.000797776 0.727944 0.0033477 3.97914e-06 0.0342088 0.0265707 0.0369599 0.074376 0.00497288 0.0128665 0.0003497 
0.0164236 1.32446e-05 0.915629 3.85557e-05 2.98311e-06 0.000180432 0.000333732 0.00519166 0.0374591 0.000103301 0.0245428 8.21022e-05 
0.0213106 0.00203486 0.884541 4.45433e-05 5.34847e-06 0.000840053 0.00177754 0.0121584 0.048805 0.000214591 0.0281613 0.000106844 
0.0311458 0.00501385 0.372756 0.00139752 8.4046e-09 0.014477 0.0105899 0.0557588 0.143019 0.00242216 0.36335 7.05136e-05 
0.113231 0.0341282 0.728993 0.000153336 2.2494e-05 0.0245368 0.0207096 0.0252921 0.0251213 0.00694928 0.020702 0.000160605 
0.0918668 0.000246614 0.596519 1.87618e-05 1.07694e-07 0.154117 0.0270825 0.0341692 0.079393 0.0156274 0.000784472 0.000174291 
0.0132214 0.000640628 0.807664 7.29798e-06 0.0980783 0.014882 0.0147136 0.0090713 0.0396063 0.00207178 3.22097e-05 1.07576e-05 
7.6778e-05 0.00240904 0.996952 6.52086e-06 1.94654e-09 7.46845e-05 0.000195795 0.000123864 0.000126008 1.03279e-05 7.6657e-06 1.73609e-05 
0.0351302 0.000229298 0.456132 0.0123415 3.82582e-05 0.0423652 0.0296438 0.221061 0.166346 0.0175734 0.0190248 0.000114851 
0.173234 8.59499e-06 0.268374 8.77879e-05 2.24827e-10 0.188995 0.0287082 0.10386 0.172324 0.040912 0.0233383 0.000158885 
0.176109 0.0168995 0.465868 0.0100416 9.8019e-06 0.0148252 0.0278651 0.019714 0.218508 0.00679546 0.0372196 0.00614452 
0.0114429 5.35882e-06 0.77673 0.00289779 1.53097e-05 0.00280809 0.00378213 0.026073 0.0757181 0.000706337 0.0998088 1.20816e-05 
0.000360566 0.000380685 0.926872 0.00101222 3.10106e-09 0.00117744 0.0126141 0.0146593 0.0059352 0.0329442 0.00404386 3.34767e-08 
0.0617331 1.93499e-06 0.844174 0.032291 2.33924e-07 0.0261253 0.0100321 0.00894387 0.00758826 0.00406963 0.0050393 1.1371e-06 
0.0316105 0.00599687 0.733256 7.48256e-08 1.1306e-10 0.0051858 0.000592861 0.00760662 0.0919941 0.0949087 0.0288482 6.62832e-09 
0.0219487 1.06719e-06 0.51535 8.08736e-06 1.38446e-07 0.0183826 0.041262 0.0158302 0.0240207 0.000713734 0.362392 9.11551e-05 
0.112284 0.000246388 0.453346 0.000746751 0.000626255 0.0410056 0.0181437 0.283506 0.0775877 0.000534558 0.0116059 0.000366759 
0.0429636 0.000509353 0.475401 0.000501951 2.60463e-05 0.0113932 0.034506 0.0953453 0.326881 0.00952621 0.00281038 0.000135818 
0.0164236 1.32446e-05 0.915629 3.85557e-05 2.98311e-06 0.000180432 0.000333732 0.00519166 0.0374591 0.000103301 0.0245428 8.21022e-05 
0.114526 0.000301167 0.637593 3.76294e-05 0.0352816 0.0321155 0.0274219 0.00677018 0.0610381 0.0780839 0.00677536 5.55596e-05 
0.20157 0.00110778 0.633593 0.000377943 2.65059e-06 2.33675e-05 0.000899869 0.00303313 0.0131524 0.00361659 0.14261 1.38606e-05 
0.0153878 4.61805e-05 0.66642 0.0020733 0.000167824 0.0297917 0.029969 0.0345802 0.0840693 0.000449479 0.136968 7.76464e-05 
0.0295319 5.09708e-05 0.473135 0.000259541 0.0397948 0.0517973 0.0747431 0.212437 0.100526 0.010535 0.00668053 0.000508887 
0.024777 0.000961977 0.710673 0.00543081 1.22757e-09 0.00964355 0.00223601 0.00146887 0.0185264 0.000841465 0.22532 0.000120955 
0.0614869 0.000769897 0.228736 0.0266222 0.000129563 0.0457914 0.0730678 0.0871819 0.190791 0.222583 0.0619683 0.0008717 
0.00490437 0.000114766 0.448098 5.04265e-05 1.167e-08 0.0179282 0.0221181 0.244484 0.164216 0.000125459 0.0979535 7.59662e-06 
0.0601146 2.7282e-05 0.550913 0.000774743 9.01121e-05 0.0178262 0.0104934 0.0725276 0.117233 0.112937 0.0569058 0.000157593 
0.0164236 1.32446e-05 0.915629 3.85557e-05 2.98311e-06 0.000180432 0.000333732 0.00519166 0.0374591 0.000103301 0.0245428 8.21022e-05 
0.0534042 7.27384e-05 0.263065 0.00225484 5.73681e-05 0.0465498 0.0209821 0.147443 0.221676 0.151162 0.0933025 3.06966e-05 
0.0252936 2.25645e-05 0.879926 0.000186512 3.01007e-06 0.00269718 0.00265443 0.0151938 0.0644751 0.00100696 0.00846809 7.32181e-05 
0.0706692 0.000121368 0.442919 0.00281941 0.000615281 0.0235582 0.0321457 0.0651341 0.130617 0.0977404 0.133658 2.8073e-06 
0.0164236 1.32446e-05 0.915629 3.85557e-05 2.98311e-06 0.000180432 0.000333732 0.00519166 0.0374591 0.000103301 0.0245428 8.21022e-05 
0.011628 7.97132e-06 0.843093 0.00117951 7.35026e-06 0.00294341 0.0116453 0.0326651 0.0496274 0.00160076 0.0455968 5.56481e-06 
0.0464281 0.00110107 0.59161 0.00321216 5.15599e-05 0.0286311 0.0335236 0.0910515 0.147388 0.00415734 0.0526177 0.000227481 
0.0456452 3.76677e-06 0.768065 0.000332816 3.58586e-08 0.0698057 0.00762866 0.0134396 0.0924846 0.00235428 0.000239722 1.02341e-07 
0.0751981 0.000634322 0.608967 5.67414e-05 6.72429e-07 0.0221454 0.0492214 0.0279448 0.214727 2.89225e-05 0.001044 3.16435e-05 
0.0920979 0.00375923 0.426778 0.000132668 0.00385403 0.0647806 0.0431339 0.0154468 0.147424 0.174277 0.0282713 4.35847e-05 
0.0911243 0.000317101 0.674148 0.00148175 0.000200025 0.0178455 0.0606303 0.0495881 0.0842981 0.0031927 0.00755151 0.00962264 
0.0169402 0.000155088 0.92378 0.000103434 2.12622e-09 0.00116579 0.000746389 0.00392272 0.0478703 2.64392e-05 0.00525259 3.73822e-05 
0.00429671 7.06657e-06 0.753686 0.000756569 0.0494062 0.032613 0.0282255 0.0446115 0.0615826 3.27622e-06 0.0247032 0.000108877 
0.0202432 2.80468e-05 0.940489 7.11111e-05 9.37204e-07 0.00277599 0.00433194 0.00268225 0.0229688 0.00124135 0.000855096 0.00431184 
0.00725181 8.32676e-07 0.96408 9.01856e-05 8.84319e-10 0.00159296 0.00521728 0.00269043 0.0176133 0.000412303 0.00103308 1.75578e-05 
0.0124344 0.000972343 0.495293 0.0124538 1.32774e-11 0.0084904 0.0169381 0.0632165 0.251799 0.00358421 0.134751 6.77027e-05 
0.189554 0.00546302 0.506365 0.00053303 1.28207e-07 0.00959495 0.0332646 0.0115313 0.158265 0.00255472 0.0827943 7.97113e-05 
0.00225146 6.10477e-06 0.346776 0.000192496 4.05127e-08 0.00853542 0.0524758 0.199459 0.115146 5.34398e-08 0.274674 0.000484096 
0.0109771 0.00186867 0.410405 0.000906648 1.51644e-07 0.152459 0.125262 0.0770188 0.209216 0.00385995 0.00802198 5.24759e-06 
0.0284762 0.0189682 0.381104 0.000695181 0.000522078 0.0436534 0.0734512 0.243564 0.161575 0.0353696 0.0122741 0.000346812 
0.00402008 0.00648281 0.962573 6.9462e-05 1.34648e-06 0.0002352 0.000405903 0.00508829 0.0150028 0.00114433 0.00497349 2.91542e-06 
0.00628325 0.000556214 0.836416 0.000113459 2.14825e-10 0.00726222 0.00826065 0.121552 0.0164679 0.0012838 0.00180133 2.33539e-06 
0.00596987 0.00131467 0.428692 0.0101507 2.03976e-08 0.0550664 0.0367733 0.250662 0.198933 0.00130461 0.0108535 0.00027955 
0.0164236 1.32446e-05 0.915629 3.85557e-05 2.98311e-06 0.000180432 0.000333732 0.00519166 0.0374591 0.000103301 0.0245428 8.21022e-05 
0.07205 0.00707147 0.309433 0.0558442 4.00643e-06 0.0837083 0.0486035 0.0706829 0.145076 0.00548116 0.195942 0.00610336 
0.0788329 0.00496305 0.478202 0.00102378 0.00104903 0.0814326 0.14175 0.0423093 0.146125 0.0228628 0.00136028 8.94583e-05 
0.229993 1.88232e-05 0.633704 1.88684e-05 2.53783e-10 0.000497253 0.00102337 0.00372531 0.046903 2.20551e-05 0.0840798 1.45486e-05 
0.00206873 0.00150913 0.394517 0.000666446 0.259997 0.00799194 0.0055022 0.292577 0.00615544 0.0034205 0.025588 6.36942e-06 
0.0674572 0.000296191 0.365736 0.0121874 1.40113e-06 0.0111031 0.0082335 0.0908755 0.0561314 0.0303825 0.357336 0.000259789 
0.0701741 9.06538e-07 0.721583 3.99983e-07 2.99966e-06 0.0171079 0.00314477 0.00944605 0.0429822 0.000477124 0.135045 3.52069e-05 
0.0643923 0.00154133 0.30551 0.185528 0.00158254 0.0369021 0.227162 0.0154245 0.14144 0.0072324 0.00962041 0.00366402 
0.000360566 0.000380685 0.926872 0.00101222 3.10106e-09 0.00117744 0.0126141 0.0146593 0.0059352 0.0329442 0.00404386 3.34767e-08 
0.0397174 0.00425536 0.372271 0.0214538 4.66795e-07 0.020586 0.0151299 0.0446409 0.130585 0.00275783 0.348458 0.000144108 
0.0203734 1.65525e-05 0.895847 4.31118e-05 3.7276e-06 0.000225538 0.000417162 0.00636392 0.0468238 0.000129123 0.0296573 9.92919e-05 
0.0317163 8.65124e-05 0.879018 6.11708e-05 8.20158e-06 0.00062708 0.000428796 0.0101544 0.0397805 0.000477127 0.0243289 0.0133129 
0.00417049 0.000266096 0.598552 0.00137175 3.88196e-05 0.0127248 0.0440601 0.281316 0.0557614 6.6237e-05 0.00126515 0.000407579 
0.0219532 3.73484e-05 0.876134 3.37951e-05 5.5533e-06 0.000294477 0.000309806 0.00789931 0.0576256 0.000140492 0.0354321 0.000134226 
0.0834604 0.000181848 0.349477 9.4447e-05 2.96528e-05 0.056342 0.047907 0.11502 0.255985 0.0213915 0.0676345 0.00247634 
0.00678906 3.62858e-11 0.97445 7.50938e-05 1.77978e-08 0.00880053 5.32465e-05 0.000342966 0.00507816 0.000992215 0.0034141 4.1779e-06 
0.0395802 0.000476157 0.38916 0.00605309 8.59832e-05 0.0288052 0.0227478 0.0332334 0.0913351 0.00421533 0.384171 0.000136876 
0.0419274 0.000180609 0.329106 0.000441732 1.78114e-05 0.195847 0.0778518 0.187839 0.11637 0.0478446 0.00252711 4.57993e-05 
0.00725181 8.32676e-07 0.96408 9.01856e-05 8.84319e-10 0.00159296 0.00521728 0.00269043 0.0176133 0.000412303 0.00103308 1.75578e-05 
0.0173296 0.000483621 0.600379 0.00169201 4.47537e-06 0.0473011 0.0453148 0.128348 0.0600199 0.00283074 0.0961098 0.000186542 
0.0097875 4.49056e-05 0.885582 7.21973e-08 1.0347e-07 0.0130494 0.0331661 0.0531368 0.00385253 0.000312633 0.00106595 1.81493e-06 
0.11346 0.000899377 0.432446 0.000162787 8.64351e-05 0.115318 0.135698 0.0547227 0.145125 0.00176845 0.000236394 7.60965e-05 
0.0164236 1.32446e-05 0.915629 3.85557e-05 2.98311e-06 0.000180432 0.000333732 0.00519166 0.0374591 0.000103301 0.0245428 8.21022e-05 
0.00436337 5.88061e-05 0.745795 0.000655975 7.50625e-07 0.00798689 0.01128 0.148026 0.0710014 7.28125e-05 0.0107316 2.70942e-05 
