0.188976 5.84343e-06 0.00621009 0.00459133 1.23131e-08 0.415021 0.0241232 0.0133779 0.332046 0.0119174 0.00363039 0.000100237 
0.0830169 0.00356379 0.24912 0.00307667 4.69461e-08 0.370478 0.0787312 0.0143484 0.133613 0.0206431 0.0433875 2.08292e-05 
0.00785715 0.000201044 0.0821911 1.52603e-05 7.13523e-09 0.444511 0.154159 0.0661593 0.207981 0.0363735 0.000535452 1.6103e-05 
0.257653 0.000286313 0.0352573 0.000686937 4.34167e-07 0.329928 0.0597598 0.0105488 0.271558 0.029798 0.00448518 3.75712e-05 
0.00127543 6.55013e-05 0.0170325 3.05398e-05 2.47133e-06 0.699489 0.201358 0.0171282 0.0319617 0.0290746 0.00256812 1.44304e-05 
0.0593122 0.000809351 0.0817095 0.0150847 0.00369792 0.620296 0.0372195 0.0612407 0.0295317 0.0851462 0.00578987 0.000162779 
0.00123323 7.50426e-06 0.0209708 0.00140572 2.00354e-07 0.683639 0.203537 0.00958805 0.0667332 0.0123024 0.000582782 2.6669e-07 
0.0615239 0.00021725 0.0518223 0.0991409 1.73949e-06 0.490945 0.0714997 0.141858 0.0585712 0.0111197 0.012185 0.00111582 
0.15213 0.00196286 0.0494295 0.0205315 4.12943e-06 0.379885 0.0516675 0.0435034 0.155475 0.113237 0.0188467 0.0133273 
0.0408478 3.94543e-09 0.0175515 7.71898e-05 9.11947e-06 0.802004 0.030702 0.0570268 0.0468939 0.0047566 7.58846e-05 5.51403e-05 
0.153971 0.0006008 0.016279 0.00157627 1.82562e-05 0.314264 0.182049 0.0347069 0.176067 0.0774414 0.0430271 1.98047e-07 
0.0649906 0.000156123 0.0182195 4.44403e-05 1.613e-05 0.259935 0.155231 0.0351249 0.228042 0.234213 0.0036899 0.000338186 
0.0370834 3.69811e-07 0.0184844 0.00179955 2.08807e-06 0.66239 0.0225309 0.0347193 0.159215 0.00438545 0.0593149 7.43502e-05 
0.134485 0.00359018 0.114763 0.000185266 9.12355e-08 0.255086 0.224293 0.0631498 0.0758933 0.086705 0.00409372 0.037756 
0.202402 0.00140183 0.0590381 0.00198814 0.00065611 0.292356 0.175022 0.128848 0.126779 0.0107165 0.000195589 0.00059624 
0.0122278 3.61074e-06 0.0235157 0.000190538 6.20419e-07 0.805057 0.0392069 0.0247647 0.0947683 3.73733e-05 0.000112311 0.00011568 
0.0679414 0.0122865 0.0816051 0.000268435 9.04119e-05 0.253399 0.16497 0.0210479 0.145445 0.241443 0.00823045 0.00327266 
0.158798 0.000110477 0.00475101 1.15925e-05 0.00127619 0.524678 0.149193 0.000794926 0.0222187 0.119272 0.0148996 0.00399609 
0.0725908 0.014177 0.0427289 0.00167792 0.000496319 0.393601 0.0736688 0.0160517 0.285926 0.0724082 0.00268655 0.0239871 
0.0924187 0.00120968 0.137156 0.001611 0.000428646 0.250148 0.156604 0.0678568 0.166607 0.0760978 0.0471713 0.00269104 
0.0346263 0.000217656 0.101748 0.00204283 0.000824216 0.335259 0.0981095 0.110127 0.185854 0.107792 0.0233253 7.43248e-05 
0.00234019 0.000267445 0.0538176 0.000163389 5.18918e-07 0.608726 0.132694 0.0907199 0.101857 0.000105912 0.00927842 2.91925e-05 
0.0791091 0.000143901 0.0227653 0.00198338 1.64028e-08 0.500744 0.064358 0.0291354 0.272871 0.0201383 0.00862165 0.000129801 
0.0821917 2.43805e-06 0.0452359 0.000105055 8.96033e-05 0.299909 0.286046 0.0498596 0.10901 0.0309777 4.32818e-05 0.0965292 
0.00187871 7.71337e-05 0.0219286 0.00041112 0.000114452 0.604866 0.037785 0.0891296 0.240654 0.000615484 0.00242731 0.000112284 
0.372352 4.05651e-08 0.0353896 3.71511e-05 1.33529e-09 0.41842 0.00118615 0.00138095 0.129745 0.0159332 0.0255476 8.95902e-06 
0.181546 0.00221119 0.0381413 0.000894088 1.30944e-05 0.319914 0.154742 0.014871 0.254813 0.0295274 0.00167545 0.0016519 
0.0968513 0.000256174 0.0273344 0.00039296 9.84047e-05 0.462221 0.243367 0.0205891 0.124874 0.0231159 0.000769527 0.000130222 
0.00740567 6.38806e-05 0.00833814 0.00192028 0.0368636 0.65197 0.0776903 0.105231 0.0292853 0.0655309 0.0156968 4.81745e-06 
0.159384 0.00400273 0.0846526 0.000306505 3.73493e-09 0.369566 0.139441 0.0100772 0.193626 0.0123015 0.0210235 0.00561827 
0.256265 1.09971e-05 0.00664317 0.000495731 1.89124e-07 0.585564 0.0478044 0.00180696 0.0694152 0.0314141 0.000574528 5.51097e-06 
0.0610438 0.156262 0.0483281 0.192125 4.73981e-05 0.293525 0.0477259 0.0973849 0.0860309 0.0175212 2.31142e-06 4.23183e-06 
0.0226392 1.56299e-05 0.0717475 0.000102972 4.36896e-06 0.329157 0.166742 0.0450144 0.0596746 0.300766 0.0023206 0.0018154 
0.0692278 0.0288047 0.170501 0.000895255 8.07998e-06 0.330952 0.049947 0.0649924 0.269501 0.0147476 0.000394314 2.89835e-05 
0.034901 0.000709359 0.195812 0.000434782 2.12957e-05 0.387476 0.165258 0.0017783 0.197375 0.00541806 0.0108148 1.60683e-06 
0.0717309 1.02351e-08 0.0542707 0.00934972 3.18091e-07 0.60972 0.160505 0.0345118 0.0321359 0.0255835 2.17324e-06 0.00218951 
0.0374247 3.49155e-08 0.000655931 0.000590866 3.17162e-08 0.940649 0.000128806 0.000673041 0.0124421 0.00728061 0.00015532 9.89028e-09 
0.00944706 5.32113e-06 0.179979 0.000460661 1.31254e-06 0.554537 0.113449 0.0965926 0.0365295 0.00890092 9.56237e-05 2.08935e-06 
0.0132436 1.73119e-05 0.0628554 0.0293803 1.14196e-06 0.776566 0.0994592 0.00726846 0.00798906 0.00256367 0.000653494 2.2401e-06 
0.107095 6.07699e-06 0.163218 0.000135537 2.34563e-07 0.398532 0.0372518 0.066215 0.189411 0.0187742 0.0193531 7.96299e-06 
0.073723 6.66299e-07 0.188049 0.00306064 4.03244e-07 0.258048 0.211407 0.084278 0.160982 0.0204263 1.60594e-05 8.07393e-06 
0.00555804 3.27178e-06 0.204087 0.00411944 2.12852e-08 0.529536 0.119856 0.0465242 0.0616191 0.00976512 0.0187678 0.000164508 
0.0349316 9.70071e-05 0.0125334 0.0418432 2.95537e-06 0.380338 0.235319 0.0453486 0.247444 0.000554474 0.00138827 0.000199557 
0.0295232 0.0512421 0.00304743 7.12832e-05 1.83522e-06 0.770901 0.0144917 0.00579016 0.0385887 0.0863078 1.33674e-05 2.10983e-05 
0.0308439 3.25669e-05 0.0113453 0.00165571 1.6241e-06 0.6074 0.210852 0.0561752 0.0695509 0.0115809 0.000547324 1.42803e-05 
0.0334812 0.000115017 0.120506 1.69451e-05 2.50371e-06 0.694757 0.042482 0.000787805 0.0950246 0.0098168 0.000755972 0.00225321 
0.031419 1.28815e-05 0.0585257 0.00245651 0.00101135 0.434094 0.129066 0.0405664 0.236276 0.0158857 0.029319 0.0213677 
0.0199275 0.000126092 0.0958562 0.0282554 3.29678e-09 0.504604 0.178277 0.091216 0.0350784 0.0364133 0.0102245 2.13128e-05 
0.03342 0.000432847 0.0608935 0.000389526 4.07921e-09 0.729743 0.122314 0.00863795 0.0347491 0.00905829 0.000324836 3.6208e-05 
0.0686675 0.00809894 0.0528728 0.00146341 0.000132717 0.352353 0.0632699 0.193937 0.17689 0.0652564 0.0154157 0.00164272 
0.16085 0.000251304 0.0779555 0.00711996 9.69597e-07 0.490501 0.0695825 0.0154298 0.0750548 0.0361154 0.00395304 0.0631863 
0.188976 5.84343e-06 0.00621009 0.00459133 1.23131e-08 0.415021 0.0241232 0.0133779 0.332046 0.0119174 0.00363039 0.000100237 
0.0128315 3.18512e-05 0.0116213 0.000917509 1.07932e-06 0.703545 0.18034 0.011042 0.0770698 0.000717742 0.00182701 5.51805e-05 
0.212468 1.86536e-05 0.0258046 0.00014787 2.06788e-10 0.360696 0.173918 0.00440088 0.216721 0.00371453 0.00153413 0.00057748 
0.00780364 0.00288919 0.00834664 0.000501039 2.39587e-06 0.906484 0.0226172 0.0434385 0.00543331 0.00244804 3.48637e-05 7.47119e-07 
0.266047 0.000155694 0.00727211 6.97627e-05 2.9576e-05 0.561416 0.0189261 0.00411827 0.0854627 0.0564415 3.42994e-05 2.71507e-05 
0.130555 2.2396e-07 0.00600084 8.00512e-10 1.96696e-07 0.63459 0.0609914 0.00408795 0.0783657 0.0854005 2.46962e-07 7.64534e-06 
0.0499965 8.93143e-05 0.060418 0.0012732 0.000219819 0.587776 0.0343822 0.0199456 0.176829 0.0301851 0.0351263 0.00375829 
0.00908325 3.76355e-06 0.148172 0.00105203 0.000529276 0.427104 0.0288472 0.29824 0.0502808 0.0198636 0.0168056 1.83951e-05 
0.136276 0.00161409 0.0323362 0.000708927 0.000825145 0.544934 0.0631757 0.00567095 0.11556 0.0910146 0.00784355 4.06835e-05 
0.00658367 4.7555e-08 0.231402 4.15121e-06 3.37543e-08 0.343629 0.163578 0.186682 0.0681185 8.48176e-08 2.47053e-06 4.37596e-08 
0.195125 1.99828e-09 0.00675725 1.50125e-06 1.81518e-09 0.628582 2.25911e-10 5.25906e-05 0.0339264 0.130544 0.00501207 5.6604e-10 
0.0503855 6.5942e-05 0.112797 0.00122844 3.67178e-07 0.244437 0.233129 0.00752741 0.174451 0.0985297 0.0772368 0.00021211 
0.040727 0.000200817 0.0149235 0.000249264 0.000193138 0.464995 0.0850888 0.00607613 0.306703 0.0691677 0.0116729 3.09034e-06 
0.0341486 0.000679104 0.16343 0.0859677 0.000785491 0.311799 0.064742 0.244586 0.0886091 0.000568151 0.000883825 0.0038003 
2.96474e-06 0.000980271 0.131552 0.0132534 1.03711e-07 0.648415 0.0182403 0.141363 0.028847 0.00507822 0.0122668 4.14343e-07 
0.0508732 0.000325178 0.174701 0.0578345 0.0164924 0.233595 0.146816 0.125863 0.126217 0.00316085 0.0591137 0.00500923 
0.111949 0.000959945 0.0494589 1.75414e-05 3.21302e-07 0.482869 0.0939697 0.00810438 0.227179 0.0117897 0.0136784 2.40421e-05 
0.00320742 2.97901e-05 0.0176925 0.000310478 1.62022e-08 0.446299 0.256493 0.0259384 0.022893 0.223996 0.00313942 1.69744e-06 
0.0213568 1.61988e-10 0.00722637 0.00797723 3.30582e-09 0.579384 0.0195268 0.00390089 0.35995 0.000545862 0.00013193 1.97457e-08 
0.0743893 1.8605e-05 0.105577 0.00437921 6.61392e-06 0.383447 0.05777 0.0638643 0.281138 0.0128693 0.0165205 1.99725e-05 
0.0108606 0.000179538 0.139163 0.0158009 4.26358e-06 0.472893 0.0461028 0.223266 0.0788897 0.00125184 0.0115285 5.96054e-05 
0.0540224 0.000266981 0.0282347 9.2983e-05 0.00015458 0.444476 0.262301 0.00753906 0.176054 0.0268317 1.43163e-05 1.31361e-05 
0.0145315 3.36368e-07 0.0625956 0.00420331 2.7804e-07 0.533054 0.0258194 0.204682 0.154019 0.000527403 0.000238473 0.000328684 
0.243918 0.000117184 0.0303286 8.6252e-05 2.49241e-05 0.30205 0.0272162 0.0223543 0.238101 0.129904 4.3803e-05 0.00585569 
0.0851497 2.44863e-05 0.0951071 9.63692e-05 6.42158e-08 0.710118 0.00140262 0.0320805 0.0744501 0.00070929 0.000858896 2.71018e-06 
0.0448044 0.00210243 0.0704529 0.000111612 2.37414e-06 0.254137 0.192556 0.177161 0.199605 0.0505148 0.00141754 0.00713556 
0.0150067 0.000525337 0.00322473 6.09413e-06 2.38512e-06 0.703358 0.0219474 0.147821 0.10682 0.00112391 5.74068e-07 0.00016365 
0.090934 0.00145667 0.118723 0.000367964 0.000837142 0.327427 0.132303 0.0961408 0.204267 0.00592624 0.0136955 0.00792065 
0.0479994 2.24483e-05 0.0203763 7.35079e-05 9.21234e-10 0.605159 0.00118828 0.046054 0.274887 0.00375827 0.000481074 7.48464e-07 
0.0250802 0.000412421 0.0338029 0.000625544 2.37795e-06 0.460398 0.240305 0.0542051 0.0833002 0.1017 7.99561e-05 8.71824e-05 
0.0282029 3.07914e-05 0.059194 0.000535279 9.74412e-06 0.643421 0.0280128 0.0295777 0.204641 0.00142248 0.00489873 5.34204e-05 
0.0172678 2.07714e-05 0.0738211 0.00110713 7.75891e-09 0.70664 0.0376471 0.044953 0.103035 0.00548976 0.00980174 0.00021652 
0.0937812 5.68685e-05 0.0708175 0.000482206 0.000195534 0.524838 0.134825 0.051895 0.107754 0.00669961 0.00856899 8.58263e-05 
0.017303 0.00375612 0.0370451 0.00530657 9.61626e-05 0.726404 0.0782688 0.0344054 0.0678648 0.0254722 0.00400188 7.55711e-05 
0.205057 0.000658734 0.0457006 2.82093e-05 5.64098e-05 0.38211 0.105631 0.0113128 0.0453799 0.20381 0.000212849 4.32668e-05 
0.0451272 0.0478659 0.0376277 0.00153228 1.89218e-05 0.375117 0.0845232 0.0301498 0.363997 0.00278032 0.00616648 0.00509376 
0.0388872 8.68818e-05 0.115604 0.00136901 2.72378e-06 0.307357 0.0647957 0.239705 0.166853 0.0292586 0.0360608 1.96698e-05 
0.0854604 7.63691e-05 0.0153747 0.00540734 0.000183425 0.385104 0.0218675 0.264934 0.157267 0.0629045 0.00136833 5.24599e-05 
0.0177796 2.90271e-05 0.0266761 0.0155615 0.000201926 0.444343 0.210317 0.0282592 0.235976 0.0182998 0.00223928 0.000317806 
0.053478 0.0011627 0.0448808 0.0769832 3.27343e-08 0.718316 0.0118547 0.00452307 0.0529977 0.00753064 0.0276454 0.000627797 
0.0202906 2.5974e-05 0.0111187 0.000257734 7.05653e-06 0.8309 0.0323562 0.0153558 0.0504344 0.0355994 0.00351123 0.000143152 
0.0286984 6.8439e-05 0.0130732 0.000971765 2.27873e-07 0.564556 0.156852 0.0347023 0.144153 0.0549802 0.00192959 1.39579e-05 
0.00629155 0.000147371 6.70234e-05 3.60023e-05 7.32468e-05 0.853626 0.077764 0.000105942 0.0604904 0.00137161 2.73192e-05 8.90289e-08 
0.139417 0.0073959 0.0317984 0.00547557 0.00192313 0.389849 0.0397338 0.0237438 0.237711 0.10293 0.0191158 0.000906112 
0.0876581 0.00117459 0.250909 0.000920371 1.14518e-06 0.512793 0.0283726 0.0116608 0.102719 0.00234559 0.00116635 0.00027947 
0.0156989 0.000751036 0.080833 0.000677814 0.0281776 0.587435 0.138791 0.00741105 0.0888287 0.0501098 0.00127062 1.49e-05 
0.065553 0.00580592 0.0896105 0.0229466 0.000290069 0.326513 0.173598 0.0539546 0.195906 0.0434452 0.0128412 0.00953649 
0.282187 1.00822e-06 0.0113954 0.000137047 2.39083e-09 0.478499 0.0361899 0.00134174 0.190017 0.00017818 5.2619e-05 7.45782e-07 
0.108272 0.000149919 0.0105821 0.00268885 3.65911e-08 0.423466 0.100427 0.0150957 0.287163 0.0511931 0.000218899 0.000742312 
0.239915 3.83323e-05 0.0440803 0.00151097 5.0474e-06 0.431643 0.00682301 0.0355229 0.198451 0.0156988 0.00245104 0.0238612 
0.0444803 5.16418e-09 0.0070231 5.36229e-05 4.691e-09 0.761628 0.114079 0.0265394 0.0145857 0.0316043 7.09492e-06 1.46282e-09 
0.0580417 0.000396279 0.145162 0.000995502 4.37651e-07 0.345733 0.0724086 0.0686208 0.208778 0.0474521 0.045845 0.00656752 
0.111087 0.000324874 0.0621169 0.00260559 0.000649317 0.328112 0.027728 0.0630349 0.170077 0.21661 0.0148164 0.00283787 
0.155213 0.00945234 0.172528 0.0255965 7.64589e-06 0.19048 0.027434 0.0440937 0.16333 0.189776 0.0150546 0.00703395 
0.0376801 7.35182e-07 0.0280134 0.185205 8.83512e-08 0.272294 0.195876 0.234208 0.0384363 0.00544387 0.0028012 4.0778e-05 
0.00828806 3.9291e-05 0.0111828 0.000205734 0.00287889 0.589346 0.273397 0.00032192 0.005477 0.108659 5.20979e-09 0.000203917 
0.24404 0.000189534 0.0558916 0.000795336 1.09579e-07 0.311886 0.0615208 0.0154737 0.253891 0.0151132 0.0408455 0.000352748 
0.0687681 0.000477314 0.0476004 0.00395779 0.000315181 0.37026 0.0666173 0.043126 0.262204 0.131347 0.00514167 0.000185384 
0.0668536 0.000473681 0.0669284 0.00043489 6.57897e-06 0.498709 0.0461082 0.142776 0.164054 0.00147232 0.0121387 4.39951e-05 
0.0851497 2.44863e-05 0.0951071 9.63692e-05 6.42158e-08 0.710118 0.00140262 0.0320805 0.0744501 0.00070929 0.000858896 2.71018e-06 
0.0380008 1.57012e-05 0.0250732 0.012367 7.63043e-06 0.63072 0.112023 0.0429069 0.113641 0.00676843 0.0183053 0.000171188 
0.00491484 1.83903e-07 0.0203049 0.000132147 3.68563e-05 0.699054 0.124462 0.0112224 0.137217 0.00241228 0.000243762 1.48966e-08 
0.0467256 0.000392841 0.0594696 0.000745787 1.84194e-05 0.276682 0.148192 0.109148 0.262978 0.00014968 0.0954219 7.57051e-05 
0.0148 0.000213491 0.0272615 0.00590896 0.000923889 0.389541 0.0648175 0.161319 0.118313 0.215642 0.00125452 4.5269e-06 
0.00121592 2.44246e-05 0.0212799 0.000506919 4.96532e-05 0.680788 0.105942 0.102767 0.0609795 0.00745813 0.00545973 0.0135289 
0.00982607 1.61506e-06 0.0170696 0.0736846 7.68442e-07 0.502224 0.0232628 0.183689 0.0622511 0.127008 0.000149985 0.000832238 
0.0122219 0.000107887 0.11805 0.00132395 3.96363e-07 0.557236 0.0866311 0.106645 0.0533336 0.00969017 0.0507401 0.00401894 
0.037073 0.000419901 0.01946 0.00219954 4.16324e-06 0.400462 0.065658 0.00970528 0.230078 0.229146 0.00570967 8.44868e-05 
0.138382 5.55695e-05 0.0503378 0.00056657 3.14843e-07 0.473253 0.0686484 0.00737118 0.248211 0.00317052 0.00994177 6.25768e-05 
0.0388872 8.68818e-05 0.115604 0.00136901 2.72378e-06 0.307357 0.0647957 0.239705 0.166853 0.0292586 0.0360608 1.96698e-05 
0.0282978 3.38986e-05 0.0904945 0.0133486 0.000464414 0.476539 0.0392227 0.336468 0.00811602 0.00171034 0.00131703 0.00398789 
0.175099 0.00174749 0.0795449 0.00364855 0.000708664 0.445737 0.0611803 0.0327073 0.153959 0.0337478 0.0115843 0.00033511 
0.0632733 4.22135e-06 0.0685222 0.00069851 1.04083e-05 0.624157 0.0464299 0.00869022 0.172791 0.00368931 0.0116853 4.84632e-05 
1.47675e-05 4.51916e-06 0.0650285 0.000855981 5.6842e-07 0.358249 0.0688036 0.23427 0.260789 4.98174e-06 3.73266e-07 0.0119791 
0.145604 0.00340689 0.0608759 0.0212797 0.000227291 0.429789 0.042539 0.114807 0.136725 0.0350115 0.00802873 0.0017056 
0.00593198 0.00010944 0.0805201 0.00695524 0.0834412 0.521568 0.110407 0.0417379 0.123573 0.0207559 0.00371657 0.00128361 
0.0375898 0.00037353 0.0286882 0.00308398 8.56738e-05 0.690626 0.0260657 0.0499291 0.0721558 0.0854813 0.00588077 3.96793e-05 
0.0721944 6.22429e-05 0.0900029 0.00319146 8.28586e-07 0.527929 0.0431357 0.0286372 0.11657 0.11761 0.000624629 4.21046e-05 
0.353578 9.32133e-05 0.0024898 0.000584584 7.85564e-07 0.356808 0.0183652 0.00440953 0.226148 0.0365512 0.000959834 1.27239e-05 
0.138199 3.11039e-05 0.106985 0.00031734 2.17334e-05 0.288644 0.0415865 0.166569 0.238665 0.0184978 0.000457942 2.5606e-05 
0.0365556 0.000281471 0.0882479 0.00202738 0.00161375 0.42415 0.0962707 0.0246036 0.321241 0.00283424 0.00215983 1.44365e-05 
0.0819195 0.000313653 0.00264095 1.89094e-05 3.55043e-09 0.749504 0.000158776 0.00295228 0.0995763 0.0627506 0.000164859 1.10715e-09 
0.00277429 6.14133e-06 0.0168051 0.00322227 7.76876e-06 0.643224 0.208432 0.116279 0.00844934 7.4543e-05 0.000711738 1.35422e-05 
0.0171016 1.29944e-05 0.0615706 2.92542e-05 5.32669e-05 0.342134 0.0770843 0.309498 0.131833 0.050783 0.00988079 1.91203e-05 
0.000623555 7.33845e-06 0.0349821 0.00722592 7.43236e-05 0.674706 0.147288 0.114851 0.0196411 5.92844e-05 0.000484091 5.61897e-05 
0.0173752 0.00434479 0.00442663 0.000863261 1.99938e-06 0.795501 0.124227 0.0108123 0.0148154 0.024137 0.000185033 0.00331069 
0.0993773 0.000208021 0.0183298 0.0008543 1.38513e-06 0.665183 0.0751052 0.0238463 0.0636574 0.0458302 0.00746617 0.000140545 
0.147783 0.000158976 0.078409 0.0007079 7.98305e-06 0.305943 0.11297 0.00457902 0.0748962 0.258006 0.0164327 0.000105403 
0.0855701 6.60315e-10 0.0214463 0.000681903 4.2799e-07 0.648961 0.0267607 1.28846e-06 3.19107e-05 0.216498 3.66906e-05 1.12306e-05 
0.00447887 0.0912074 0.0345617 4.84889e-05 3.81461e-05 0.550257 0.158103 0.0257464 0.133882 0.00166467 9.8807e-09 1.20165e-05 
0.0148735 2.293e-05 0.0214418 0.00117414 5.26888e-06 0.86056 0.0242301 0.0223052 0.0497036 0.0031757 0.00249775 9.62529e-06 
0.118715 4.03433e-05 0.00373112 7.24797e-05 1.88188e-08 0.455833 0.0443251 0.00128531 0.334297 0.00459464 0.0371053 1.23007e-09 
0.015454 0.0875551 0.052923 0.00102562 3.39688e-06 0.402405 0.262721 0.0127799 0.136929 0.020535 0.00587377 0.00179488 
0.124708 0.000246317 0.000191076 1.30159e-05 1.58455e-06 0.324046 0.210267 7.69887e-05 0.308234 0.0146074 3.12858e-05 0.0175787 
0.0516564 5.09901e-05 0.0881935 0.00403123 0.000569668 0.307163 0.108355 0.0325569 0.219936 0.161077 0.0261443 0.000265502 
0.291516 0.000108291 0.0407495 0.000150867 3.96161e-07 0.409177 0.0236417 0.00972393 0.14401 0.0525641 0.0283355 2.25414e-05 
0.158895 0.000278586 0.0437283 0.000225631 1.65407e-05 0.372953 0.0525039 0.0220594 0.304025 0.0440195 0.00123769 5.83497e-05 
0.269927 9.66313e-12 0.00703347 1.31287e-05 6.06403e-08 0.441237 0.00529262 8.59385e-05 0.276394 3.79791e-07 1.05255e-05 6.06938e-06 
0.012572 0.00063708 0.0538578 0.000864355 7.63129e-07 0.802914 0.0528117 0.00980396 0.0472311 0.00602424 0.0132598 2.31618e-05 
0.00530458 2.47081e-07 0.0499949 0.0374344 2.45993e-09 0.425609 0.14717 0.111521 0.222567 0.000315894 2.55921e-05 5.78517e-05 
0.0776019 0.000301654 0.0964307 0.0134331 4.80799e-07 0.31744 0.103485 0.0150308 0.25371 0.0737975 0.0422766 0.00649269 
0.0553889 0.000382785 0.00332092 0.00037377 0.000338806 0.548167 0.075071 0.00551878 0.0796395 0.231795 1.80669e-06 1.13728e-06 
0.0074474 1.44467e-05 0.0190405 0.00953972 0.00350309 0.727824 0.0872693 0.0463403 0.00398399 0.0628276 0.0162161 0.0159935 
0.00312008 8.02475e-07 0.183768 2.78353e-07 1.42056e-08 0.68219 0.033444 0.0552906 0.00148828 0.0339806 0.00671704 4.42981e-09 
0.119931 0.000609328 0.0767978 0.000344257 0.0536975 0.3269 0.0877009 0.0147923 0.293031 0.00249425 0.023258 0.000443728 
0.0819487 0.00639067 0.106248 0.000476514 0.000214708 0.404393 0.117263 0.0248032 0.162246 0.0134137 0.00240914 0.0801943 
0.150961 0.00747094 0.0401221 0.00446657 7.94545e-07 0.428613 0.0451223 0.00229167 0.312962 0.00740203 0.000575861 1.26442e-05 
0.029247 2.47101e-05 0.00102982 0.00264158 1.81242e-10 0.918511 0.0204251 0.0148725 0.00994729 2.4865e-07 3.34977e-06 0.00329763 
0.0118991 0.000103964 0.0773753 2.01577e-07 3.08285e-08 0.608123 0.0547352 0.0133877 0.112038 0.122336 1.94649e-06 9.61346e-09 
0.0113481 0.000173476 0.0509438 0.000174678 0.000259489 0.420543 0.0258446 0.116263 0.20027 0.173518 0.000298897 0.000363249 
0.0172948 0.0052429 0.0351998 0.000180313 1.18741e-05 0.753688 0.0295147 0.031496 0.0499556 0.0509325 0.0264755 8.29386e-06 
0.101983 0.000288074 0.0176904 0.0113211 1.78413e-08 0.266128 0.239749 0.245259 0.114286 5.76154e-05 0.000292962 0.00294369 
0.0908793 4.52286e-08 0.00388794 0.000116315 7.52904e-07 0.556852 0.125439 0.00183565 0.181257 0.0370264 0.00270143 4.51186e-06 
0.0151149 2.99942e-06 0.00817951 4.16724e-05 4.04673e-08 0.75843 0.0290811 0.000556957 0.154832 3.92476e-06 0.0337567 2.29846e-07 
0.0754181 0.0162202 0.0387282 0.000687375 0.0010966 0.677156 0.0830073 0.022222 0.0239949 0.06138 8.38683e-05 5.95897e-06 
0.361287 4.56807e-05 0.0108962 0.000792226 4.07297e-08 0.372323 0.00630968 0.00176326 0.0853491 0.159103 0.00210209 2.83085e-05 
0.139544 0.00253948 0.0566741 0.0100438 7.22441e-05 0.365754 0.202205 0.0461417 0.0906538 0.0656008 0.00727684 0.0134937 
0.135407 0.000163571 0.0279237 0.00609316 7.26192e-06 0.554956 0.0590013 0.00508969 0.122061 0.0107279 0.0785677 1.65454e-06 
0.0129518 2.38808e-06 0.0935612 0.000702898 9.93483e-05 0.502723 0.0364986 0.044177 0.305557 0.00123176 0.0024489 4.58797e-05 
0.165784 0.00176588 0.0628916 0.000708811 1.24919e-05 0.367734 0.0673066 0.00896201 0.306744 0.00175118 0.0127193 0.00362053 
0.0074018 2.44629e-07 0.00134288 1.65567e-05 1.37148e-07 0.533955 0.0234386 0.000754942 0.01441 0.417391 0.00128295 5.59353e-06 
0.0341486 0.000679104 0.16343 0.0859677 0.000785491 0.311799 0.064742 0.244586 0.0886091 0.000568151 0.000883825 0.0038003 
0.0210728 0.00833301 0.0516431 0.00130316 3.08338e-05 0.429001 0.255845 0.056513 0.10318 0.037853 0.0214148 0.0138097 
0.00306868 2.34242e-05 0.0593976 6.74997e-06 6.11143e-07 0.868985 0.00867636 0.015767 0.00926697 0.018426 0.0163797 1.51968e-06 
0.186396 0.000501001 0.173071 0.00982794 4.91728e-06 0.189008 0.0708871 0.058777 0.165357 0.0192078 0.125813 0.00114905 
0.0207179 3.13654e-06 0.0980779 0.000310788 3.57034e-06 0.863518 0.000145446 0.000367345 4.30739e-06 4.2452e-05 5.96096e-07 0.0168087 
0.0332862 0.000620038 0.0259322 0.00425403 4.23403e-06 0.540806 0.0547133 0.0026955 0.327988 0.00944903 0.00024631 5.40162e-06 
0.0209795 0.000248922 0.0378382 0.00542018 0.0115798 0.299289 0.258422 0.0263146 0.044907 0.210657 0.0722841 0.0120597 
0.0443353 0.0867032 0.0884121 0.00115626 1.30513e-07 0.277528 0.188414 0.258922 0.0377118 0.000386682 0.0161379 0.000292436 
0.0325728 1.81282e-05 0.0982371 0.000128694 3.5336e-08 0.486827 0.0202534 0.00560662 0.350825 0.00127972 0.00424583 6.50587e-06 
0.088247 0.000238254 0.0264566 0.0011242 0.000439145 0.696377 0.0310696 0.0259239 0.074201 0.0521422 0.00376066 2.02803e-05 
0.25042 0.00010532 0.00463795 0.000259326 3.79295e-07 0.488881 0.0267461 0.00254979 0.101385 0.0567836 0.0682255 6.45266e-06 
0.102481 6.64992e-09 0.00950208 0.0257043 3.22028e-08 0.715285 0.00270217 0.00210722 0.131203 0.0104466 0.000568857 1.65051e-07 
0.0294691 0.0001571 0.0113051 0.000885409 7.89963e-07 0.510273 0.354811 0.019784 0.0410172 0.0322529 9.50325e-06 3.5484e-05 
0.0647798 4.92379e-06 0.0481117 1.82245e-05 1.3401e-05 0.759087 0.00669592 0.023476 0.0908185 0.00698967 4.05865e-06 6.54025e-07 
0.124684 1.16159e-06 0.143365 2.06465e-05 1.24248e-07 0.494685 0.188359 0.00397824 0.0348641 0.00827675 0.00176535 4.41216e-08 
0.073022 1.40706e-05 0.116956 0.000139402 4.94494e-05 0.44375 0.0609602 0.0150041 0.261848 0.0282406 1.00209e-05 5.82118e-06 
0.134287 0.00102893 0.0139796 0.000285956 2.78689e-07 0.677686 0.129624 0.00391851 0.0247161 0.0144501 2.36689e-05 6.76431e-08 
0.0103055 0.000568304 0.00173098 1.80939e-05 2.91926e-06 0.74596 0.0132009 0.0113632 0.0110496 0.205511 0.000280451 8.7392e-06 
0.0818951 0.000155841 0.0113476 0.0212856 0.00552731 0.362008 0.307327 0.0400866 0.0969551 0.0731167 0.000154053 0.000141095 
0.0334491 2.24127e-05 0.0185133 8.1487e-06 5.34528e-08 0.77044 0.0125847 0.000465071 0.149671 0.0144214 0.00027431 0.000150288 
0.0603363 0.000244724 0.0473318 0.00816343 0.000408699 0.496364 0.113328 0.01958 0.196419 0.0415342 0.0162 9.025e-05 
0.0531594 0.00010163 0.0567409 0.000183574 0.000129799 0.72331 0.0211099 0.0242246 0.0813713 0.0345318 0.00505503 8.21931e-05 
0.00484985 9.50077e-06 0.00756547 0.00134497 1.80953e-06 0.817967 0.0301319 0.0468976 0.0535044 0.0366836 0.000691524 0.000351878 
0.18879 0.000163478 0.00958508 0.00182623 6.86345e-09 0.591357 0.0742461 0.000908948 0.132536 0.000505978 1.58997e-05 6.46721e-05 
0.0901286 0.000547816 0.0405974 0.00109073 0.000164147 0.420582 0.139201 0.0100464 0.254551 0.0310995 0.0101589 0.00183242 
0.0384649 0.00020152 0.0437087 0.000982709 3.00778e-05 0.71195 0.0561309 0.0149073 0.0956953 0.00794503 0.0298132 0.000170773 
0.016853 0.0242777 0.016767 0.000673336 2.23366e-06 0.77623 0.0453597 0.0594813 0.0593201 2.98565e-05 0.000995761 9.65491e-06 
0.127783 3.59163e-05 0.0629551 0.000344133 0.000208361 0.364969 0.0743696 0.132566 0.192564 0.0334147 0.0107398 4.98844e-05 
0.00146563 0.000382373 0.000386664 5.9286e-07 0.00833169 0.647653 0.303861 0.000801397 0.0209458 0.0161699 3.44082e-10 1.54364e-06 
0.0354536 0.00725341 0.0784883 0.00325044 1.8343e-05 0.401689 0.214689 0.0391957 0.191972 0.0209642 0.00668719 0.000338876 
0.0627805 0.00114218 0.196978 0.000422675 1.87722e-07 0.304277 0.139021 0.0653757 0.208956 0.0184232 0.00256251 6.09578e-05 
0.0597242 0.000722545 0.108492 0.0010491 4.49696e-06 0.362341 0.105341 0.0842483 0.166984 0.0942936 0.0167562 4.36059e-05 
0.176875 0.0007687 0.0106823 0.000396207 6.14507e-05 0.443533 0.105167 0.00178956 0.240997 0.0110196 0.00844806 0.000262429 
0.0548336 0.000158278 0.060875 0.0336081 5.43654e-09 0.480026 0.0373579 0.0862147 0.202579 0.0275574 0.0106855 0.00610473 
0.0137973 0.00107385 0.0123746 0.000337307 2.66945e-07 0.896065 0.00972151 0.00952374 0.0268819 0.0196111 0.0106099 3.29775e-06 
0.0951802 0.000557973 0.00632649 0.000687353 0.0193493 0.342704 0.070908 0.0505829 0.301228 0.0697238 0.000228355 0.0425235 
0.041798 0.0049433 0.0776237 0.000469096 2.37974e-05 0.66781 0.0872955 0.00751228 0.0751134 0.0352179 0.00194073 0.000252061 
0.0590442 0.00322948 0.0342146 0.00139228 5.93724e-06 0.565794 0.0413935 0.0430124 0.0646194 0.152457 0.0187286 0.0161081 
0.0881991 9.63943e-06 0.0114254 0.010276 1.17301e-05 0.632703 0.00715043 0.00184635 0.239937 0.00818124 0.000241391 1.95491e-05 
0.111433 0.00180274 0.0734642 0.00222204 0.0136314 0.337491 0.145608 0.0151209 0.268423 0.0175162 0.0118804 0.00140649 
0.0124584 1.5222e-05 0.0295036 0.000368244 1.49321e-05 0.746311 0.053662 0.0689361 0.054455 0.0018933 0.0323824 4.8122e-08 
0.00726494 1.27037e-05 0.197804 0.000483527 0.00035531 0.572816 0.0972503 0.00894759 0.0941885 0.00133251 8.43666e-05 0.01946 
0.140425 0.000112679 0.0356853 0.00343439 8.58631e-06 0.292553 0.121556 0.167264 0.122209 0.11647 0.000268848 1.32155e-05 
0.0734356 0.000338123 0.0367771 0.00046566 9.95593e-07 0.474579 0.045861 0.0746276 0.260133 0.0333468 0.000219883 0.00021482 
0.0342999 5.36726e-11 0.0868596 0.000692466 4.02704e-08 0.393433 0.0900217 0.084152 0.292106 0.00789688 0.0100084 0.000530207 
0.128261 0.00175481 0.115571 0.00751644 2.62928e-07 0.531205 0.046059 0.055528 0.0870454 0.00593434 0.0102059 0.0109185 
0.0071966 0.000197519 0.0307354 1.01941e-09 1.72712e-06 0.547275 0.32684 0.0015571 0.0332554 0.0527746 0.000159472 6.61664e-06 
0.0518325 0.000373162 0.0372108 0.0416972 4.06214e-06 0.312789 0.104984 0.267826 0.125096 0.056906 0.00113722 0.000144462 
0.0531645 0.00544838 0.0484512 0.00472381 0.00812599 0.278967 0.196992 0.0576589 0.167421 0.0680658 0.0952746 0.0157065 
0.0130787 0.0732749 0.0149774 0.00109278 1.19541e-06 0.438266 0.349484 0.00295886 0.0976044 0.00222581 0.00183939 0.00519638 
0.12907 9.55337e-06 0.0394337 0.0050152 1.10432e-06 0.509214 0.112779 0.0208424 0.157354 0.00142797 0.024674 0.000179154 
0.0605862 0.000168027 0.0118922 8.3595e-05 1.05285e-06 0.373227 0.297761 0.00661578 0.231648 0.00274346 0.015255 1.88766e-05 
0.0599124 6.79853e-11 5.61178e-08 1.72795e-08 0.0011146 0.917185 0.0203593 1.37398e-07 1.80022e-07 0.00133588 1.14712e-11 9.25216e-05 
0.0241911 0.000141697 0.028813 0.000278124 4.03297e-05 0.726062 0.0342779 0.0646571 0.0857637 0.0333655 0.00234893 6.10536e-05 
0.180519 0.000616499 0.112454 0.000839791 0.000842861 0.318393 0.0529952 0.0476291 0.265521 0.00356558 0.0164712 0.000152544 
0.155086 0.000298262 0.0431324 0.151611 0.00252091 0.197554 0.102853 0.101581 0.158431 0.0301758 0.0566239 0.000132938 
0.230219 0.00116669 0.0424797 0.00224814 0.000111041 0.322015 0.070433 0.00815727 0.203612 0.108597 0.0102621 0.000698219 
0.0144834 5.052e-05 0.0158555 0.000304303 2.54014e-08 0.64058 0.135986 0.00509787 0.17257 0.00467224 0.0103993 1.44769e-06 
0.0191565 0.000383963 0.0770494 0.00248938 0.12378 0.258274 0.187536 0.167823 0.071422 0.0354979 0.0561634 0.000424563 
0.00813963 0.00191911 0.0542849 0.000928819 0.0957093 0.324792 0.0883695 0.104739 0.0928912 0.0197274 0.207314 0.00118473 
0.055712 0.00782834 0.0766216 0.0212659 1.31903e-08 0.583786 0.111178 0.00520363 0.138316 1.08438e-07 4.84373e-05 4.05313e-05 
0.0427908 8.033e-05 0.00934563 0.00134537 1.30047e-08 0.600955 0.0100688 0.00547522 0.303239 0.00633903 0.0203353 2.48779e-05 
0.0553621 3.71339e-05 0.0325839 0.00278047 2.08546e-09 0.781264 0.0333253 0.0403777 0.0271016 0.0174802 0.00866604 0.00102186 
0.017117 0.000649703 0.0266859 0.00221346 5.84906e-05 0.7347 0.0486814 0.0515679 0.0529024 0.0573843 0.00744637 0.000592737 
0.0365477 0.015188 0.0219435 0.00044219 6.69969e-08 0.60846 0.123423 0.0047293 0.171612 0.00979731 0.00718438 0.000671708 
0.0325084 3.65995e-06 0.0112815 2.95178e-05 2.34923e-08 0.68561 0.0490292 0.00117063 0.220242 1.63368e-05 0.000101673 6.57507e-06 
0.0786358 0.000386142 0.161291 0.119854 9.62851e-10 0.256361 0.136786 0.0144318 0.22951 0.00189698 0.000832533 1.45133e-05 
0.344659 0.000217437 0.0140974 0.000623527 2.63054e-05 0.399303 0.0132423 0.0785965 0.135657 0.0010487 0.00806433 0.00446415 
0.133672 7.83103e-06 0.0435775 6.78785e-11 9.55606e-08 0.561868 0.041565 0.00731639 0.124054 0.0875793 0.00035987 2.11457e-08 
0.0832971 0.00443706 0.166881 0.00090099 0.000860059 0.54742 0.0865469 0.0154418 0.0618038 0.013381 0.0163601 0.00267025 
0.0341486 0.000679104 0.16343 0.0859677 0.000785491 0.311799 0.064742 0.244586 0.0886091 0.000568151 0.000883825 0.0038003 
0.0809377 0.00169226 0.0219419 0.0112818 7.04278e-06 0.377375 0.30981 0.0467772 0.132783 0.0170009 0.000361477 3.11429e-05 
0.0564567 4.03644e-08 0.000203047 6.7276e-07 0.000260827 0.906353 0.00801024 8.33103e-05 0.00159358 0.027016 6.81073e-09 2.22798e-05 
0.175082 0.0197689 0.0986738 0.00673682 1.91593e-05 0.252459 0.0878476 0.0531985 0.19799 0.0818432 0.0261802 0.000201205 
0.0230222 7.56639e-05 0.019613 0.000290547 2.94624e-06 0.664608 0.0888216 0.0114623 0.174872 0.0024661 0.0147453 2.03899e-05 
0.0553217 2.32712e-05 0.128578 0.00600778 6.23658e-06 0.306007 0.22831 0.0892005 0.115216 0.0646533 0.00663124 4.53784e-05 
0.0815744 0.000106646 0.00158304 0.000113919 0.000544769 0.473356 0.326313 0.00209283 0.0449826 0.0676802 3.33118e-05 0.00161846 
0.2681 0.000118728 0.000819855 7.32649e-06 0.000392685 0.661958 0.0136905 9.42093e-05 0.00455545 0.00757275 0.0425413 0.000148417 
0.132374 0.00493348 0.125246 0.00635473 1.29245e-05 0.477936 0.0386278 0.0200354 0.0594694 0.0861699 0.0487881 5.1992e-05 
0.191032 0.000577522 0.0775756 0.00344256 1.53067e-05 0.277633 0.20641 0.0361296 0.14483 0.0138228 0.00489821 0.0436345 
0.00961373 0.000128578 0.0111717 0.00104753 1.12493e-06 0.47667 0.325611 0.128644 0.046075 0.000260143 0.000350316 0.000427672 
0.188976 5.84343e-06 0.00621009 0.00459133 1.23131e-08 0.415021 0.0241232 0.0133779 0.332046 0.0119174 0.00363039 0.000100237 
0.165043 0.000175195 0.0266696 0.000138614 2.36681e-05 0.526386 0.0456033 0.000455901 0.232277 0.0028109 0.000351728 6.55399e-05 
0.184126 2.77691e-05 0.0749679 0.0166746 0.00256796 0.201638 0.0534985 0.163747 0.182188 0.00227653 0.117569 0.000719313 
0.0675901 0.000973181 0.11435 0.00373333 0.000743491 0.539532 0.089985 0.0276064 0.0688865 0.0652641 0.0193822 0.00195292 
0.020416 6.03791e-05 0.175353 0.149348 5.86512e-07 0.314087 0.146943 0.078442 0.0995637 0.00496169 0.00517713 0.00564791 
0.0399724 0.000849468 0.0675253 8.79154e-05 0.00831405 0.545327 0.150673 0.087524 0.0267013 0.072564 0.000461613 6.64477e-08 
4.31405e-11 4.13234e-10 2.89042e-11 7.86021e-07 3.7537e-10 0.64187 0.0456847 5.53038e-11 0.312444 1.28484e-10 6.97254e-11 1.17054e-10 
0.00127088 1.09399e-06 0.0792815 5.28577e-06 0.000260806 0.539691 0.27334 0.0676323 0.0334648 0.00504443 3.63598e-06 4.27155e-06 
0.0478885 0.000906445 0.309276 0.023461 1.18454e-09 0.311548 0.0195872 0.0520706 0.130023 0.10505 0.000188892 1.65459e-07 
0.0388878 0.000325321 0.105853 0.000253275 4.6743e-05 0.476072 0.0427026 0.0169291 0.276028 0.00367176 0.00977788 0.0294519 
0.00767281 1.88831e-05 0.0018405 1.53417e-05 0.000298451 0.448717 0.180678 0.00286148 0.222348 0.135528 2.03457e-05 4.67027e-07 
0.184933 0.00051576 0.172364 0.00623083 9.62099e-10 0.41313 0.0288384 0.0765808 0.0834561 0.00589568 0.0163302 0.0117249 
0.00217408 2.40463e-06 0.0242508 0.000406194 8.28501e-07 0.905614 0.000305307 0.0430423 0.0188405 0.00481466 0.000547259 1.24927e-06 
0.0695583 0.000666837 0.0235266 0.000551716 0.000486613 0.42948 0.094811 0.0119471 0.223863 0.137835 0.00722083 5.27008e-05 
0.0190333 3.69336e-07 0.00630815 4.05535e-05 1.24347e-07 0.88784 0.00434742 0.0292103 0.0162794 0.0346594 0.00228113 1.93097e-07 
0.0809615 0.000640471 0.0355047 0.00294535 3.41164e-05 0.356811 0.238098 0.0388354 0.197951 0.0347347 0.0133795 0.000104671 
0.0772878 2.957e-05 0.0538916 7.48084e-05 4.88231e-05 0.401844 0.0368645 0.056699 0.347222 0.00888842 0.017103 4.62586e-05 
0.107828 0.0131069 0.0577731 0.0104963 7.46021e-06 0.242117 0.226759 0.10059 0.168047 0.0186336 0.0530346 0.00160736 
0.117145 0.000678139 0.0254897 0.000178372 7.56719e-06 0.387858 0.0726807 0.0161631 0.337094 0.0407502 0.00195437 5.94233e-07 
0.0605968 0.00658423 0.0400378 0.00272809 4.89409e-06 0.422327 0.0635424 0.0228611 0.362224 0.00672414 0.0120786 0.00029133 
0.0539482 8.33495e-06 0.0318815 0.000372488 2.72969e-07 0.372552 0.182304 0.00989936 0.338797 0.00940775 0.00081844 9.58927e-06 
0.178983 0.000333288 0.032732 0.00346451 0.00137013 0.258296 0.226557 0.0269872 0.257982 0.00835943 0.00332171 0.00161344 
0.0734839 1.31011e-05 8.84208e-06 0.000235599 6.74064e-08 0.701269 0.0840828 0.000704617 0.113101 0.0131253 1.45698e-05 0.0139609 
0.0477919 0.0017153 0.201695 0.0174229 2.04256e-06 0.316492 0.0911606 0.0618782 0.23407 0.0173046 0.00932314 0.00114382 
0.242547 0.000326715 0.0038418 3.67043e-05 0.000279844 0.393292 0.208979 0.000472894 0.110322 0.00419785 0.0356184 8.59907e-05 
0.00662679 2.19188e-05 0.000933625 9.65102e-07 1.94946e-10 0.979155 0.00605837 0.004784 0.00203351 0.000272396 1.49189e-08 0.000113135 
0.0278633 3.36045e-05 0.00403017 7.72408e-06 3.34786e-07 0.808831 0.0995041 0.0241204 0.0203501 0.0151365 0.000123013 3.99449e-08 
0.144737 6.6722e-07 0.211333 7.80073e-05 5.81087e-07 0.543899 0.032361 0.011538 0.0542411 0.00170846 3.54111e-05 6.74846e-05 
0.0723442 0.00137607 0.0721313 0.00707099 0.00102465 0.330661 0.187814 0.0312508 0.260165 0.02474 0.00975794 0.0016635 
0.180584 0.000223819 0.00527762 3.19971e-05 4.68691e-06 0.610356 0.0320025 0.00075462 0.120714 0.0129373 0.0371 1.42042e-05 
0.0870565 0.00162135 0.0483723 0.00307212 6.89168e-06 0.357426 0.112622 0.0776701 0.148917 0.00155941 0.156732 0.00494477 
0.031974 0.00304062 0.0419396 0.00266835 0.000106394 0.311334 0.0353168 0.297651 0.268809 0.000126517 0.00668523 0.000348356 
0.00187301 0.00585724 0.0618823 2.70282e-05 1.16871e-05 0.535969 0.29301 0.049933 0.0465162 2.50403e-05 0.00489505 2.92821e-07 
0.120303 5.138e-08 0.0900511 1.40662e-06 1.55057e-10 0.339513 0.0879438 0.0930731 0.24508 0.0240343 1.29638e-07 4.83524e-11 
0.00368481 0.000659064 0.040706 0.00616282 4.52867e-06 0.864897 0.0524454 0.016024 0.0142185 0.000888775 0.000302728 6.55578e-06 
0.194024 0.000198201 0.0694274 5.86687e-05 0.000494874 0.329903 0.114493 0.0171399 0.214568 0.0587408 0.000937007 1.56285e-05 
0.0166479 5.15749e-05 0.090399 0.00227883 0.00356409 0.329866 0.187399 0.236515 0.126472 0.00679199 1.55418e-06 1.29819e-05 
0.25042 0.00010532 0.00463795 0.000259326 3.79295e-07 0.488881 0.0267461 0.00254979 0.101385 0.0567836 0.0682255 6.45266e-06 
0.149215 0.156414 0.0363331 0.000251424 1.6521e-09 0.475921 0.0613116 0.00481628 0.0934862 0.0221047 2.634e-07 0.000147294 
0.149909 0.000712955 0.0367421 0.000367961 0.000720194 0.301599 0.0614552 0.0878654 0.275658 0.0719219 0.0115383 0.0015097 
0.0821654 0.000234563 0.0696566 0.00650428 7.40912e-07 0.480726 0.169399 0.0394586 0.101145 0.00207414 0.0310047 0.0176313 
0.0421195 3.30232e-05 0.0436122 0.000165107 5.66561e-06 0.543842 0.0668691 0.00188154 0.278832 0.0190081 0.00259053 0.00104107 
0.00260568 2.91854e-05 0.0297421 0.000249564 1.99746e-06 0.79152 0.0472624 0.0965037 0.0179812 0.00592473 0.00532214 0.00285724 
0.0185373 5.17049e-06 0.0359748 7.35708e-05 7.59365e-08 0.693849 0.098984 0.000729912 0.142167 0.000374852 0.0093038 2.9754e-07 
0.0796296 1.16907e-06 0.0230879 0.011987 8.87885e-07 0.394474 0.295801 0.0137609 0.172309 0.0073268 0.00130098 0.00032048 
0.0897808 0.000725896 0.135988 0.0111002 0.000199765 0.323939 0.0701391 0.119657 0.1874 0.0160726 0.01305 0.0319476 
0.0286395 0.00182584 0.0605851 0.0067057 8.21802e-05 0.502201 0.0602936 0.093367 0.231263 0.00582322 0.00909044 0.000123282 
0.287623 6.55585e-05 0.0587904 0.000177318 1.88719e-07 0.44448 0.0174441 0.00256548 0.0676205 0.00745112 0.113734 4.7768e-05 
0.0243811 2.12913e-05 0.0153838 0.0221769 0.00133582 0.759158 0.0698997 0.0908993 0.00934032 0.00710019 4.69031e-05 0.00025713 
0.155155 0.000145258 0.0797828 0.000345072 0.000223898 0.405075 0.0326845 0.0349702 0.229916 0.0231637 0.0275279 0.0110101 
0.0278625 4.30973e-08 0.00326146 0.0929542 3.91484e-08 0.70473 0.12226 0.0135122 0.034237 2.44266e-06 0.00108979 9.05509e-05 
0.0835241 0.000502961 0.0197686 0.00133153 0.00042779 0.625453 0.0483225 0.0135317 0.145569 0.0480859 0.0130164 0.000466627 
0.0178091 0.00355891 0.0880645 0.000284597 2.8425e-06 0.376053 0.175053 0.0265642 0.0707195 0.241315 0.000572598 3.36544e-06 
0.130691 0.0159512 0.101447 0.00054578 3.29576e-06 0.398846 0.102514 0.00728794 0.199778 0.012293 0.0294263 0.00121587 
0.118522 0.000226394 0.0120071 0.000127664 1.3036e-06 0.679461 0.00580624 0.00127998 0.0449285 0.136177 0.00145468 7.24157e-06 
0.0361889 1.73356e-05 0.00773897 0.082887 4.18044e-07 0.576363 0.249082 0.0194731 0.0270637 0.000180106 0.000866979 0.000138425 
0.00491283 2.83935e-06 0.01361 7.90205e-05 1.15219e-06 0.882276 0.0468198 0.0116445 0.0298216 0.010801 2.96691e-05 1.54036e-06 
0.0999339 0.000152795 0.0166253 3.90329e-05 0.000286525 0.442659 0.240357 0.02197 0.0505239 0.127138 0.000116109 0.000198656 
0.0462917 2.72803e-08 0.0267401 7.92806e-06 2.47806e-08 0.745259 0.0220011 0.0156317 0.144044 8.48207e-09 2.26154e-05 2.34665e-06 
0.0132633 0.000666497 0.0923428 0.00728779 5.77181e-06 0.563731 0.12548 0.0368015 0.107781 0.0495726 0.00306506 2.33801e-06 
0.0128011 2.14945e-06 0.00791641 3.78177e-05 3.83543e-09 0.772514 0.0283918 0.000560601 0.152457 2.29524e-08 0.0253191 1.82979e-07 
0.0329638 8.38371e-06 0.019648 0.000107338 5.67833e-07 0.690902 0.155593 0.00381599 0.0945195 0.00198105 0.000419385 4.03998e-05 
0.0980721 6.50269e-05 0.081287 0.00384313 0.000248456 0.400346 0.219272 0.0301985 0.156378 0.00496793 0.00506162 0.000260101 
0.0124187 5.14027e-05 0.117846 2.00587e-05 2.04273e-06 0.624166 0.0114368 0.105634 0.0948703 0.0286251 0.00493027 3.65387e-07 
