0.0395739 0.000896582 0.0491766 0.00226952 6.63012e-05 0.0248728 0.420314 0.0761995 0.367966 0.00541079 0.00637877 0.00687485 
0.00188876 0.00027045 0.00312979 0.00314414 6.82378e-09 0.0652367 0.757754 0.133932 0.0219515 0.00448388 4.7711e-05 0.00816073 
0.0345645 0.000185031 0.227901 0.000725117 5.27326e-05 0.025107 0.442368 0.134411 0.0827822 0.000883247 0.000529408 0.0504908 
0.0739151 3.60592e-07 0.0528323 0.160894 1.01006e-09 0.0757558 0.299775 0.175591 0.135045 0.00467108 0.0181627 0.00335831 
0.0187371 0.00714709 0.118075 0.00264568 1.37665e-08 0.0123041 0.404209 0.326396 0.0944455 0.00123269 0.00989848 0.00490879 
0.0388268 0.000439621 0.0244835 0.0117809 0.0003091 0.0668124 0.451632 0.0797199 0.0909413 0.00047737 0.00206947 0.232507 
0.0172525 0.000460942 0.0166591 0.0439555 2.05849e-10 0.00232944 0.644641 0.239777 0.0328217 0.00105067 0.000129663 0.000922918 
0.0093318 0.00285461 0.0219901 8.56875e-05 0.000722206 0.207247 0.493638 0.123784 0.0904989 0.0495639 0.000179801 0.00010403 
0.0391012 0.0174923 0.00527726 0.00184899 2.64552e-05 0.0339049 0.580561 0.0385032 0.164993 0.00741713 0.00314719 0.107727 
0.09474 0.0184854 0.0838074 0.00508375 2.20605e-07 0.193199 0.436147 0.0581079 0.0992934 0.00963198 0.00143349 7.00012e-05 
0.0419539 0.000976231 0.0533608 0.00255714 6.88168e-05 0.0587787 0.563376 0.0419274 0.187721 0.0191506 0.021271 0.0088588 
0.00146869 0.00039501 0.0468066 0.000381716 5.49646e-06 0.237609 0.551814 0.121568 0.0338758 0.00207209 0.00400393 3.61221e-08 
0.233202 0.00212465 0.154868 0.000398787 3.13346e-09 0.0503185 0.238233 0.0463858 0.144503 0.0182311 0.0250466 0.0866884 
0.0632594 4.63726e-05 0.106593 0.00381273 1.69505e-08 0.0590985 0.439675 0.132396 0.136716 0.0249853 0.00249658 0.0309209 
0.0702407 2.30109e-05 0.0062538 0.00304453 0.0100174 0.0484622 0.757744 0.0204873 0.0782616 0.00050941 0.000546277 0.00440966 
0.0435028 8.94213e-05 0.0672491 0.00658637 0.000144123 0.0606505 0.459616 0.117409 0.222841 0.00190947 0.00885462 0.0111476 
0.0946196 0.00145859 0.118767 0.00378748 1.43139e-06 0.0342371 0.623746 0.0631717 0.0430574 0.016231 0.000907149 1.56957e-05 
0.167173 0.0406424 0.0417568 0.000280516 0.000313801 0.0238594 0.429817 0.0143765 0.071037 0.00742262 0.0232514 0.18007 
0.079283 3.75208e-05 0.0915548 0.0164259 2.23168e-05 0.103625 0.42881 0.0507659 0.108317 0.0312104 0.0343658 0.0555831 
0.0813029 0.000733221 0.00723066 0.000669265 2.63562e-06 0.00949013 0.78477 0.0373923 0.0314683 0.0464872 0.000334741 0.000118272 
0.0347804 0.0139773 0.0964409 0.000812121 2.12329e-05 0.0198851 0.434562 0.0585777 0.270501 0.00568822 0.0581252 0.00662874 
0.0743216 4.16685e-05 0.0477594 0.000494608 1.6155e-07 0.0430728 0.471235 0.0465675 0.314303 0.00134603 0.000730931 0.00012771 
0.0258676 0.131531 0.0514603 0.00968462 4.65535e-05 0.0164417 0.512864 0.0884286 0.107245 0.00631559 0.00319829 0.046917 
0.0490906 0.00400494 0.0100087 0.000236785 3.62561e-05 0.0531514 0.614977 0.013011 0.167155 0.0469829 0.0412904 5.50412e-05 
0.00788917 8.75742e-07 3.42608e-05 1.55247e-05 9.78139e-07 0.010032 0.797758 0.000148061 0.162109 0.000122626 3.34159e-06 0.0218868 
0.0834246 0.000630489 0.00245353 1.31505e-05 3.29753e-09 0.240725 0.362521 0.00159747 0.303687 0.00494034 1.88916e-06 5.23852e-06 
0.134325 0.0251543 0.0278872 0.0170438 0.000344031 0.0610093 0.471005 0.0596578 0.121467 0.0468367 0.0294663 0.00580347 
0.0200325 2.29599e-05 0.00661862 0.00178853 6.19097e-07 0.0367854 0.683733 0.048245 0.116978 0.00469526 0.0203506 0.060749 
0.02159 0.0436402 0.0174619 0.00296221 5.22904e-07 0.0205778 0.575723 0.0929944 0.0744757 0.117619 0.0299253 0.00303054 
7.62074e-06 7.29975e-05 0.00356306 4.6268e-05 6.63089e-05 0.000926272 0.989904 0.000257205 0.00415399 0.000428474 0.000515647 5.80857e-05 
0.0466021 0.000474289 0.0284098 0.00575844 3.74094e-06 0.0560515 0.331481 0.262842 0.0718904 0.000450825 0.02098 0.175055 
0.036059 0.0316511 0.00876319 0.0549069 0.000123034 0.0141837 0.409928 0.23148 0.177294 0.000604368 0.000460135 0.0345464 
0.0413755 0.00130366 0.0190581 0.00288562 2.77674e-05 0.0259023 0.49623 0.311717 0.0467077 0.00205147 0.000247685 0.052493 
0.00454149 8.90959e-05 0.0150733 0.000862721 8.47073e-05 0.00351834 0.398399 0.30687 0.207808 0.0269883 0.0357346 2.985e-05 
0.0606742 0.0156234 0.206128 0.158048 3.4769e-06 0.00127355 0.262172 0.202364 0.0286774 0.000747236 0.00207587 0.0622123 
0.00121732 1.82634e-07 0.0176504 0.000576803 0.00298301 0.00239211 0.450903 0.442166 0.0805728 6.34164e-05 0.00130047 0.000174681 
8.2484e-06 1.23066e-09 6.28398e-06 7.7231e-06 1.1179e-09 0.000124799 0.999688 1.19905e-05 0.000126568 2.41834e-05 2.22208e-06 3.48602e-10 
0.00383773 4.74919e-06 0.0273379 0.21687 5.53576e-06 0.0117436 0.450627 0.112617 0.159089 0.00133473 0.000785499 0.0157469 
0.214104 0.000345291 0.172812 0.000549861 2.30628e-07 0.0847177 0.23307 0.0295713 0.224165 0.0100601 0.0179484 0.012656 
0.0640619 0.00513774 0.155359 0.00745696 0.000125056 0.0506002 0.387334 0.187152 0.112381 0.0198314 0.00722099 0.0033398 
0.152417 0.00334732 0.0651046 0.00328332 0.0121952 0.0475767 0.332464 0.0706546 0.258317 0.0251323 0.0143337 0.0151749 
0.0204487 0.00843089 0.00712577 0.00080109 0.000115466 0.0238031 0.618003 0.0141629 0.297907 0.00322291 0.00597083 8.54916e-06 
0.0023826 2.35797e-08 0.00101324 4.39741e-05 4.03398e-09 0.00637907 0.671995 0.000208394 0.315658 0.000399668 0.00192017 1.19295e-08 
0.237284 0.000822559 0.0187283 0.0133292 0.000170733 0.090264 0.271099 0.0459745 0.248862 0.0321669 0.0395514 0.00174754 
0.00359437 0.000775796 0.00323541 0.0150423 2.00945e-05 0.0577872 0.784165 0.0525346 0.0395495 0.000115848 0.0431185 6.13588e-05 
0.00616673 0.000171249 0.0402674 0.000188381 1.25271e-09 0.0292682 0.566193 0.00426817 0.33552 0.00424335 0.000337758 0.0133756 
0.0452861 0.0184629 0.0350474 0.000762009 0.00281401 0.0421425 0.533552 0.109697 0.178485 0.0272874 0.00605838 0.000405139 
0.227569 0.0142811 0.0859587 0.0193552 2.23041e-05 0.0817016 0.251539 0.0400596 0.245844 0.00409151 0.0295313 4.65817e-05 
0.0115122 0.000212914 0.0171784 0.00183032 9.66436e-09 0.0198063 0.877371 0.0310802 0.0355981 0.00447688 7.05006e-05 0.000863514 
0.116634 0.0140162 0.101147 0.000512026 0.00239245 0.0819486 0.4038 0.0534071 0.130084 0.050592 0.0425146 0.00295258 
0.149265 0.000970826 0.0785211 0.0351497 1.02396e-05 0.0959809 0.387175 0.0711402 0.15589 0.00357637 0.0164306 0.0058898 
0.132356 0.00220484 0.00695454 0.00452115 3.83016e-11 0.139102 0.370189 0.0424106 0.296499 0.000434975 0.00337301 0.0019543 
0.034839 6.98723e-05 0.0268598 0.000228608 3.26271e-05 0.0330079 0.447789 0.04224 0.401883 0.00822585 0.00476604 5.80848e-05 
0.0235459 0.000251195 0.016712 0.0425872 0.000302357 0.0376964 0.795998 0.0112997 0.0552707 0.00121106 0.000786254 0.0143387 
0.0517732 2.52688e-05 0.080382 4.43695e-05 3.17249e-06 0.0406366 0.576885 0.17748 0.0234856 0.0390683 0.000109841 0.0101064 
0.016639 0.00140775 0.0149182 0.00651072 2.00283e-05 0.0231584 0.815923 0.0160527 0.030843 0.0197937 0.0477846 0.00694934 
0.0237714 0.000363805 0.0317106 0.00236111 0.000776283 0.144269 0.607264 0.0368435 0.133505 0.0188661 0.000267999 8.84044e-07 
0.0255048 0.00438601 0.0245307 0.00291696 0.0135057 0.0523322 0.405017 0.0849935 0.346995 0.0205275 0.0159367 0.00335462 
1.06616e-05 1.69493e-07 0.0301566 0.000146949 1.76434e-10 0.190595 0.71512 0.0562258 0.00767272 5.26456e-05 1.99932e-05 4.66074e-08 
0.151525 2.48571e-07 0.221391 0.000658129 2.85948e-10 0.130132 0.300424 0.0602354 0.125499 0.0100291 4.20433e-05 6.45026e-05 
0.00891451 0.00100138 0.0355961 0.00199432 1.5965e-05 0.0135924 0.392689 0.351532 0.168074 0.00891539 0.0151127 0.00256269 
0.0441625 0.000849979 0.00973336 0.000121151 0.00222048 0.196728 0.420232 0.0331092 0.279402 0.0126828 0.000755055 2.93456e-06 
0.0477833 0.00493936 0.0160778 0.00185026 0.000688317 0.0299414 0.557306 0.231894 0.0712329 0.00452853 0.00586756 0.0278905 
0.0242129 0.00236104 0.0145524 0.00159093 3.99024e-07 0.0656642 0.462933 0.0331943 0.359151 0.0117118 0.0075136 0.0171147 
0.0016933 0.027559 0.0765593 6.28795e-05 3.02803e-05 0.172874 0.382153 0.0136575 0.0743821 0.185136 0.000146016 0.0657466 
0.0461197 0.000451935 0.0232284 0.000585819 2.37395e-05 0.023179 0.576636 0.0470873 0.276068 0.00528163 0.00119914 0.000139218 
0.00473597 5.22152e-05 0.108828 0.0247699 2.39474e-06 0.0592903 0.462353 0.240938 0.0875888 0.0113825 1.99826e-05 3.81125e-05 
0.0168262 0.000185208 0.00217395 0.00130676 3.22445e-05 0.0114661 0.824961 0.00304975 0.137229 0.00153258 0.00123263 4.93097e-06 
0.0549474 0.0102548 0.237608 0.00387713 7.04993e-07 0.00321676 0.36609 0.102174 0.0489282 0.000244649 0.0168298 0.155829 
0.0356103 0.000528705 0.00329042 0.000111201 1.23016e-06 0.0123069 0.805461 0.0165648 0.0404403 0.0276235 0.0150969 0.0429644 
0.0283686 0.00346904 0.0110009 0.00026269 1.18726e-05 0.0189742 0.590252 0.0111849 0.297588 0.00828509 0.00555237 0.0250498 
0.0217857 0.00687821 0.0358876 0.0082074 5.50645e-05 0.0200327 0.661332 0.0898012 0.0828843 0.00256666 0.0178054 0.0527633 
0.0392556 0.0195384 0.013771 0.0111243 2.02984e-06 0.0326901 0.716352 0.0838423 0.0781166 0.00360036 5.4557e-08 0.00170699 
0.143033 0.000249402 0.12267 0.0044373 2.43937e-05 0.114838 0.267208 0.20189 0.101101 0.0384822 0.00581685 0.000248485 
0.116311 0.000417254 0.0423155 0.00651138 9.0804e-05 0.100593 0.413257 0.0279295 0.275165 0.0140976 0.000413873 0.00289807 
0.0568405 0.0244691 0.0630682 0.000359808 2.0795e-06 0.0630893 0.377155 0.0106343 0.0895485 0.312762 0.00206776 3.36254e-06 
0.00387804 0.00152679 0.0535243 0.179825 0.000110255 0.012872 0.426018 0.172522 0.135413 4.76101e-05 0.000489731 0.013773 
0.0224579 0.0134356 0.0871529 0.04148 0.000203566 0.0322968 0.605158 0.0317174 0.112777 0.00410245 0.0365581 0.01266 
0.224079 0.0394387 0.0415677 0.000501275 3.73926e-08 0.0268406 0.47476 0.02213 0.0952883 0.0125194 0.0415792 0.0212954 
0.024469 7.64767e-06 0.00837812 0.000391158 3.64026e-05 0.0809604 0.519957 0.0140092 0.341373 0.00738133 0.00302984 6.44352e-06 
0.141561 0.00677325 0.1338 0.0208171 0.000350475 0.07286 0.28252 0.182127 0.127337 0.00373318 0.0187503 0.00937104 
0.0379295 0.000334887 0.00439737 0.000143944 3.22562e-06 0.0414159 0.74737 0.00110739 0.149489 0.00934433 0.00700801 0.00145642 
0.153153 0.0145679 0.179793 0.00344904 7.51671e-05 0.03634 0.28833 0.074435 0.186706 0.00691721 0.00549266 0.0507416 
0.00686933 0.000307607 0.0240531 0.00077736 2.66801e-07 0.047517 0.416902 0.0665271 0.405035 0.0286378 0.00325915 0.000114258 
0.0185236 0.00112087 0.107488 0.00696364 9.28961e-06 0.0816443 0.559973 0.151567 0.0517304 0.0131287 0.00168416 0.00616747 
0.0155644 1.2194e-05 0.0236758 0.0474107 8.08423e-05 0.0253998 0.552039 0.131931 0.176222 0.000967697 0.0251156 0.00158061 
0.000577544 0.000183359 0.0669165 0.000651226 8.69754e-08 0.0172875 0.710171 0.0351995 0.162021 0.00135849 0.00559686 3.69097e-05 
0.0575653 0.0018426 0.00547455 0.00798617 0.00439239 0.0112668 0.647008 0.0731484 0.165493 0.0125836 0.00394435 0.00929475 
0.0390148 0.00118671 0.0749778 0.0172485 0.000633382 0.0804692 0.372138 0.129741 0.262927 0.00686349 0.0134833 0.0013173 
0.0926259 0.00180568 0.0433417 0.0504389 0.00339221 0.0390796 0.366314 0.0837353 0.261208 0.00425764 0.0529155 0.000885257 
1.06616e-05 1.69493e-07 0.0301566 0.000146949 1.76434e-10 0.190595 0.71512 0.0562258 0.00767272 5.26456e-05 1.99932e-05 4.66074e-08 
0.267059 0.000375534 0.0407078 0.0876586 2.82114e-06 0.0275931 0.357875 0.011016 0.165597 0.00795568 0.0244767 0.00968321 
0.00551461 3.77221e-05 0.149524 0.00226466 0.00309184 0.131866 0.429237 0.114884 0.159886 0.000566111 0.00305113 7.69416e-05 
0.135622 8.36333e-05 0.00588717 8.02854e-05 7.78235e-06 0.114697 0.385967 0.00275352 0.326322 0.0236447 0.00493251 1.81217e-06 
0.00270843 0.000137829 0.0283397 0.00137172 0.000266216 4.24264e-06 0.857893 0.103879 0.00158956 0.00297878 0.000219931 0.000611223 
0.0437908 0.00377106 0.0370597 0.00231584 0.000352313 0.0495641 0.381536 0.361081 0.0910466 0.00442916 0.000301104 0.0247517 
0.0490354 0.00228574 0.112615 0.0297374 3.64441e-05 0.0858201 0.233653 0.209415 0.185262 0.0618853 0.0277252 0.00252972 
0.00396108 0.202639 0.0792218 0.000495995 6.96758e-05 0.00261898 0.370033 0.0921543 0.175786 0.0727588 0.000251966 8.58756e-06 
0.020953 0.000126789 0.00756564 0.0177987 1.88909e-06 0.0603845 0.522115 0.293868 0.0770324 0.000101252 5.26148e-05 2.81059e-07 
0.141343 0.000112865 0.114834 0.00214856 4.04316e-06 0.0722691 0.331951 0.004155 0.195112 0.0788415 0.0591209 0.000108312 
0.0946298 0.00520747 0.0276031 0.000301363 1.83029e-05 0.10316 0.431541 0.0307816 0.23282 0.00372557 0.00121954 0.0689918 
0.254972 0.0207855 0.0783999 0.00746106 9.9412e-06 0.0432993 0.397837 0.0673855 0.0859334 0.00786293 0.0197146 0.0163383 
0.0104079 0.000187876 0.00807883 0.00066875 0.000381258 0.0125996 0.600261 0.0617656 0.297078 0.000383505 0.00814195 4.53978e-05 
0.142497 0.00252022 0.013942 0.000219713 5.65797e-05 0.0304458 0.376737 0.0374772 0.376143 0.0124297 0.0055764 0.0019543 
0.0329777 0.00185075 0.035412 0.00403159 0.00638413 0.152567 0.454094 0.00858203 0.276143 0.0231388 0.00146111 0.00335744 
0.0462382 0.000437517 0.0240558 0.0105057 1.71905e-05 0.0546461 0.592491 0.0229631 0.232228 0.0114791 0.0049185 1.92609e-05 
0.316439 0.00357088 0.0239596 0.0115589 5.9333e-05 0.0670715 0.371384 0.0508053 0.0758165 0.0190956 0.0087221 0.0515175 
0.0407417 0.0044245 0.00847246 0.00351676 3.75675e-07 0.00638121 0.668132 0.0933255 0.0981621 0.00707785 0.0269407 0.0428249 
0.186132 1.31721e-09 0.036332 0.000114679 1.19651e-09 0.0780862 0.685906 1.86602e-06 0.0116417 0.00178572 2.22254e-10 2.04487e-07 
0.18213 0.000849879 0.0614053 0.00381706 1.37955e-10 0.112017 0.361937 0.0512123 0.196417 0.0163752 0.00914539 0.00469414 
0.0187375 0.00142014 0.0483791 0.0061826 2.30997e-05 0.0632421 0.416692 0.10167 0.286115 0.00670778 0.0487204 0.00211013 
0.0699665 0.0026677 0.000631143 1.2042e-05 6.5489e-07 0.00189018 0.8931 0.00140215 0.00767326 0.000836869 0.0215757 0.000244058 
0.00141118 0.00110533 0.0133674 5.30432e-05 7.30813e-06 0.013768 0.872751 0.000134729 0.0970528 0.000132392 0.000207574 9.10932e-06 
0.180918 0.0377334 0.18576 0.000145503 0.000649561 0.0661559 0.362098 0.00829344 0.0937118 0.0570072 0.00189738 0.00562939 
0.082265 0.000107994 0.00324929 0.0182069 1.13375e-07 0.035117 0.805228 0.0112925 0.0333905 0.000218786 6.942e-06 0.0109172 
0.123978 0.0225329 0.0259942 0.0766336 8.20437e-06 0.00987499 0.608345 0.0313366 0.0417291 0.00315384 0.00275831 0.0536547 
0.253878 6.42785e-05 0.0193626 0.000799328 9.26007e-09 0.0858131 0.456136 0.130278 0.0520277 0.000687435 0.000941168 1.29701e-05 
0.0255346 0.0631462 0.10359 0.0106511 5.12876e-05 0.0544807 0.417819 0.130736 0.161662 0.00476644 0.00618602 0.0213763 
0.0155817 0.0111088 0.044261 0.0992551 8.26492e-07 0.192969 0.389139 0.08935 0.148533 6.01221e-05 0.00965198 8.97741e-05 
0.00383773 4.74919e-06 0.0273379 0.21687 5.53576e-06 0.0117436 0.450627 0.112617 0.159089 0.00133473 0.000785499 0.0157469 
0.00240473 1.60885e-06 0.0171078 0.000523609 0.00177155 0.0105281 0.890219 0.0146237 0.0195712 0.00345515 0.0336888 0.00610465 
0.124857 0.0399014 0.0740504 0.000704789 1.38147e-09 0.118688 0.574396 0.0124699 0.0494924 0.00224103 0.00108711 0.00211258 
0.0386814 0.000691607 0.0268259 0.00496488 3.93384e-05 0.0713269 0.45767 0.0298087 0.314286 0.0303883 0.0168249 0.00849151 
0.272466 3.27518e-07 0.0185244 0.00022061 2.17399e-05 0.0342791 0.419625 0.0741519 0.173385 0.00696378 0.000339923 2.23745e-05 
0.164396 0.00100204 0.0161607 0.00109248 8.14352e-06 0.0464121 0.424657 0.0206053 0.302165 0.0222963 0.00115426 5.13328e-05 
0.126222 0.00174946 0.0242769 0.0314922 0.000385372 0.0225133 0.383712 0.0693736 0.164946 0.140624 0.0165637 0.0181419 
0.0401828 0.00377487 0.0240305 0.000526783 1.06658e-05 0.0430806 0.588848 0.0177736 0.218299 0.00938365 0.00975136 0.0443382 
0.0513038 0.00203342 0.0160222 0.00212514 8.41374e-05 0.0181333 0.69736 0.0203398 0.186342 0.00267578 0.0035558 2.42838e-05 
0.201576 0.000123381 0.0345978 0.00271416 1.33728e-06 0.150965 0.219457 0.0494194 0.209592 0.0778941 0.0536099 4.99635e-05 
0.00513713 2.95884e-05 0.0379239 0.00010138 0.00700063 0.0294378 0.413641 0.232203 0.193288 0.00123102 0.0616384 0.0183687 
0.066403 0.000266611 0.0120661 0.000372505 1.2644e-07 0.0114912 0.47207 0.0141285 0.339779 0.00101108 0.00708598 0.075326 
0.0855188 0.00480566 0.0628956 0.00327833 1.10776e-05 0.0721254 0.464444 0.0654364 0.195968 0.0183367 0.0171393 0.0100403 
0.128809 4.30362e-05 0.0138895 0.000122853 0.00140416 0.0361763 0.369995 0.150771 0.269587 0.00641331 0.00827105 0.0145166 
0.0537625 0.000774479 0.0816313 0.00350381 0.000696434 0.0292007 0.535379 0.0238564 0.155571 0.00416382 0.00115648 0.110305 
0.000770307 0.00169521 0.0134425 3.64658e-05 0.000375716 0.224563 0.682424 0.005702 0.0621943 0.00395596 5.75379e-05 0.00478324 
0.0285772 0.000125366 0.0508759 0.000222069 5.46038e-06 0.0353917 0.675111 0.00170739 0.176758 0.0210492 0.0101745 1.90543e-06 
0.00945891 3.26511e-05 0.040093 0.00110721 0.000371079 0.095746 0.509761 0.0386556 0.30182 0.00103798 0.00189051 2.6007e-05 
1.37217e-07 2.52457e-11 0.0275667 0.00225326 1.16058e-05 0.0179882 0.44199 0.218787 0.288915 0.000133035 0.00233051 2.47013e-05 
0.00229998 1.6311e-05 0.00496994 0.000488119 5.38621e-06 0.100755 0.719374 0.101742 0.0160165 0.0318497 0.0199326 0.00255192 
0.0418673 0.000325823 0.0145166 0.00168818 6.98387e-07 0.114276 0.719044 0.00212323 0.0921278 0.00585698 0.00696537 0.00120812 
0.0841572 0.000486627 0.038962 0.0651099 0.000158503 0.0299457 0.324471 0.239549 0.19576 0.00482213 0.0162855 0.000292831 
0.0115834 0.000935575 0.0215501 0.0385486 1.72575e-05 0.0989273 0.552556 0.0563843 0.1119 0.000270097 0.107114 0.000214065 
0.0363828 0.0155119 0.188811 0.0315759 8.41894e-05 0.13684 0.358775 0.0772358 0.119641 0.00149395 0.0333543 0.000294401 
0.047372 0.00167362 0.0767815 0.00164123 7.1986e-05 0.076435 0.275166 0.119928 0.120003 0.00575453 0.00121362 0.27396 
0.0231181 0.131479 0.11316 0.00667427 1.07663e-11 0.0132741 0.441689 0.0908918 0.109548 0.00197717 0.0127282 0.0554601 
0.000350497 3.4423e-06 0.00166543 9.94316e-05 2.18771e-05 0.00222117 0.93084 0.00495863 0.0537279 0.000219766 0.00542959 0.000462127 
0.0186984 0.000301207 0.0771629 0.000461339 0.148758 0.0087462 0.433311 0.104431 0.136224 0.0414796 0.00487087 0.0255561 
0.00457208 2.08071e-05 0.002589 0.00570527 0.000309326 0.0194166 0.623603 0.273874 0.0261885 0.00155938 0.00758544 0.0345765 
0.0862934 0.00396159 0.115708 0.00499803 0.000164911 0.171044 0.370257 0.0243279 0.18505 0.0251654 0.012968 6.19561e-05 
0.0402603 0.00109987 0.0415516 0.000569001 9.27004e-07 0.044447 0.41988 0.0995401 0.311907 0.000856723 0.0398274 5.94463e-05 
0.015744 0.00543469 0.0864792 0.0968552 1.35483e-06 0.110885 0.262384 0.209251 0.0986877 0.00463944 0.109553 8.55619e-05 
0.0422434 6.68059e-05 0.100079 0.0445154 1.62922e-08 0.0183879 0.429713 0.261448 0.0957665 0.00644498 0.000767937 0.000566273 
0.123399 0.000740194 0.0459834 0.000868034 0.00067024 0.202534 0.369424 0.0126787 0.194006 0.0251554 0.0203019 0.00423904 
0.00229313 0.000413976 0.0383018 0.000340094 1.85417e-05 0.0221935 0.609412 0.0844582 0.238323 0.00354273 0.000653762 4.93612e-05 
0.00616673 0.000171249 0.0402674 0.000188381 1.25271e-09 0.0292682 0.566193 0.00426817 0.33552 0.00424335 0.000337758 0.0133756 
0.0283497 9.6957e-06 3.13346e-12 8.88867e-06 4.06933e-11 0.00838043 0.693638 0.000749369 0.0022013 0.00680348 7.74133e-07 0.259858 
0.0107684 5.09926e-05 0.0394088 0.00415395 2.53175e-08 0.0261492 0.409195 0.0211471 0.364656 0.000748358 0.11878 0.00494224 
0.017888 0.0255049 0.0730207 0.00414213 4.4064e-05 0.116504 0.491438 0.0367466 0.226741 0.00479554 0.00314729 2.78456e-05 
0.113613 0.00216177 0.0460314 0.00018068 6.4573e-06 0.0711904 0.456198 0.00544073 0.287964 0.0133257 0.00388222 5.7639e-06 
0.00840225 3.13723e-05 0.0421193 0.0486651 1.96519e-07 0.0316395 0.475344 0.247795 0.101236 0.000396512 0.0419927 0.00237805 
0.0514317 0.000719012 0.21883 0.032109 2.84898e-06 0.024434 0.407698 0.0573633 0.115248 0.00488089 0.0865793 0.00070391 
0.00715774 0.00112873 0.0377948 0.00216745 3.83563e-05 0.32653 0.331301 0.0480898 0.220514 0.0162149 0.00891671 0.000146389 
0.0151272 0.000325073 0.0452972 8.71809e-05 0.000803705 0.0532735 0.590395 0.113635 0.106448 0.0742598 0.000332978 1.54979e-05 
0.143264 1.06912e-05 0.0125002 0.00214698 4.30062e-07 0.0768322 0.673509 0.00399353 0.0421547 0.035306 0.00244402 0.00783805 
0.246338 9.50807e-05 0.00848741 0.00281976 0.000108218 0.00530677 0.282468 0.268226 0.175941 0.000701355 0.00828915 0.00121879 
0.0924475 0.00483104 0.0174624 0.00925085 7.77704e-06 0.108133 0.61344 0.0263255 0.121874 0.002515 0.000224623 0.0034888 
0.116185 4.17302e-06 0.00210998 0.0228173 3.94243e-06 0.197278 0.512235 0.0224154 0.0983088 0.0275212 0.00101251 0.000108339 
0.0970809 1.73243e-09 0.0096106 8.59551e-07 1.57369e-09 0.0550091 0.463909 0.00144995 0.372585 0.000342909 8.51216e-07 1.05675e-05 
0.028151 0.00489846 0.11874 0.00864163 3.85941e-05 0.0323226 0.424296 0.0662291 0.29289 0.0160441 0.0076951 5.38197e-05 
0.00173755 0.000123418 0.0463586 0.00617148 1.99891e-10 0.00727993 0.772604 0.0388095 0.119019 0.00116634 0.00671263 1.82763e-05 
0.0635628 0.00035327 0.0308191 0.00662113 7.08255e-11 0.0105921 0.482947 0.100626 0.0670472 0.0397581 0.0109007 0.186773 
0.00173755 0.000123418 0.0463586 0.00617148 1.99891e-10 0.00727993 0.772604 0.0388095 0.119019 0.00116634 0.00671263 1.82763e-05 
0.119851 1.16368e-06 0.0745934 0.0156311 4.50461e-05 0.210207 0.279757 0.0335261 0.259027 0.00665364 0.000158249 0.000549301 
0.0232417 0.0187928 0.0526164 0.0201133 3.2025e-06 0.0137379 0.554583 0.0486509 0.115095 0.00720709 0.032744 0.113214 
0.171669 0.00162295 0.0253856 0.00049109 3.78706e-05 0.216766 0.274261 0.017888 0.215873 0.033878 0.00659322 0.0355344 
0.128808 0.0030143 0.127633 7.78268e-05 1.67593e-06 0.0399939 0.558876 0.000517333 0.118999 0.020791 0.0012722 1.60072e-05 
0.0662284 0.00103352 0.0661706 0.000788292 4.82259e-06 0.0746594 0.46006 0.00956832 0.0508942 0.252173 0.0127223 0.00569721 
0.0841463 0.0262245 0.0423098 0.00469057 0.000230737 0.0460261 0.430119 0.136069 0.0605118 0.02612 0.00841031 0.135142 
0.082265 0.000107994 0.00324929 0.0182069 1.13375e-07 0.035117 0.805228 0.0112925 0.0333905 0.000218786 6.942e-06 0.0109172 
0.0689993 0.000981795 0.240725 0.0155986 8.26074e-07 0.0290121 0.272867 0.110427 0.147383 0.00860429 0.105301 0.00010036 
0.031489 0.00120287 0.119427 0.00655341 5.37063e-05 0.0151656 0.493646 0.0469273 0.254564 0.00939687 0.0176998 0.0038745 
0.0579193 0.000197855 0.225459 0.000146421 0.000406035 0.04266 0.314193 0.0938403 0.199937 0.0592281 0.00134704 0.00466536 
0.0756489 0.0014536 0.053563 0.000362295 4.00407e-05 0.0795699 0.720562 0.0125522 0.0279869 0.0272503 0.000965775 4.47646e-05 
0.0209733 0.000159737 0.104252 0.0662471 5.55334e-06 0.00433396 0.621316 0.158364 0.0218856 7.30277e-05 0.00179013 0.000598778 
0.0230449 0.0106861 0.0276134 0.00942573 2.29727e-05 0.0275993 0.729475 0.0534923 0.0571236 0.00346408 0.00755877 0.0504943 
0.00173755 0.000123418 0.0463586 0.00617148 1.99891e-10 0.00727993 0.772604 0.0388095 0.119019 0.00116634 0.00671263 1.82763e-05 
0.0114008 0.000358345 0.00631335 2.33221e-05 5.49313e-05 0.0187825 0.885039 0.000259364 0.0704856 0.0065498 0.000731173 1.41649e-06 
0.0452444 0.00430269 0.0721057 0.0167888 0.0011903 0.203077 0.326557 0.0728368 0.114674 0.118105 0.0235723 0.00154563 
0.0353128 0.00421084 0.0451529 0.00183723 4.78557e-06 0.0543353 0.425513 0.0595888 0.345054 0.0158195 0.0110138 0.00215711 
0.0023826 2.35797e-08 0.00101324 4.39741e-05 4.03398e-09 0.00637907 0.671995 0.000208394 0.315658 0.000399668 0.00192017 1.19295e-08 
0.171605 0.000334235 0.0621619 0.00694113 8.05915e-06 0.0219019 0.230558 0.222062 0.109445 0.101702 0.0723942 0.000886556 
0.0243259 0.000470891 0.02912 0.00121067 1.96741e-05 0.0921357 0.412183 0.0400995 0.392086 0.00332786 0.0049956 2.45398e-05 
0.0790669 7.00256e-06 0.0410026 0.00656962 5.42302e-05 0.0515031 0.417475 0.0763688 0.312351 0.00417205 0.00579057 0.00563884 
0.015385 0.00288122 0.100305 0.00124782 5.9541e-05 0.0415769 0.550749 0.229525 0.0465473 0.00855703 0.00154448 0.00162254 
1.06616e-05 1.69493e-07 0.0301566 0.000146949 1.76434e-10 0.190595 0.71512 0.0562258 0.00767272 5.26456e-05 1.99932e-05 4.66074e-08 
0.0220622 0.00165874 0.00812326 0.00015142 2.90733e-06 0.00309213 0.6575 0.239662 0.0561162 0.00379066 0.00624737 0.00159305 
0.0124006 0.0155472 0.10922 0.00232439 2.51594e-11 0.0233669 0.522514 0.0957299 0.123076 0.00208218 0.0934035 0.000335151 
0.0752192 0.00121736 0.00214847 0.047327 2.63377e-06 0.032799 0.657113 0.00451659 0.138564 0.00986112 0.00181387 0.0294177 
0.0738137 0.0019928 0.165141 0.0813909 3.05878e-06 0.133623 0.189751 0.141193 0.188524 0.0121846 0.0121349 0.000249061 
0.0452089 0.044647 0.05373 0.00287526 2.79157e-06 0.021878 0.373708 0.0309697 0.178357 0.23266 0.0135362 0.00242793 
0.0199421 0.000648912 0.0396377 0.0240883 0.00107627 0.0548564 0.765561 0.0189518 0.0441908 0.0104266 0.0144096 0.00621087 
0.00173755 0.000123418 0.0463586 0.00617148 1.99891e-10 0.00727993 0.772604 0.0388095 0.119019 0.00116634 0.00671263 1.82763e-05 
0.0158054 0.000313858 0.0416698 0.0648277 6.62635e-05 0.076994 0.446456 0.221736 0.0931923 0.00487831 0.0189564 0.0151031 
0.144968 0.004143 0.0374741 0.000598274 8.23738e-05 0.0324066 0.559278 0.049367 0.120364 0.0120438 0.00876377 0.0305115 
0.064074 0.000621891 0.0220501 0.00222195 2.08342e-05 0.0594262 0.409073 0.0206649 0.386617 0.00473277 0.0175403 0.0129569 
0.0108288 1.57792e-09 0.0427807 0.00362731 1.70649e-07 0.0320639 0.801089 0.0922831 0.0110318 0.00606369 0.000224576 6.66091e-06 
0.0378577 0.0239308 0.11968 0.0240114 9.53497e-07 0.126352 0.555401 0.00768457 0.02963 0.0269791 0.0374438 0.0110287 
0.123886 0.00670683 0.0379804 0.0134274 2.48485e-05 0.00656253 0.421121 0.0619726 0.104966 0.00593103 0.000518628 0.216903 
0.00685755 1.37668e-12 0.00284137 8.63946e-09 1.25054e-12 0.0643024 0.83995 1.34132e-08 0.0812843 0.00474238 2.16283e-05 3.89965e-13 
0.0639324 0.344997 0.131781 0.000198027 0.00455968 0.019146 0.383419 0.00515851 0.0267691 0.00893488 0.00150558 0.00959896 
0.0113324 0.000819474 0.00352966 0.00633806 2.61285e-05 0.0367055 0.555322 0.0308185 0.255239 0.036851 0.0425043 0.0205133 
0.082265 0.000107994 0.00324929 0.0182069 1.13375e-07 0.035117 0.805228 0.0112925 0.0333905 0.000218786 6.942e-06 0.0109172 
0.080348 0.0437891 0.207649 0.126015 1.03731e-07 0.00178362 0.346366 0.062555 0.0611993 0.00479349 0.00566395 0.0598375 
0.0369368 0.00168012 0.0236542 0.0173128 0.000380324 0.107401 0.604454 0.012787 0.160988 0.0107639 0.00354185 0.0201006 
0.0247062 7.25502e-06 0.0198421 0.0613847 2.01438e-10 0.007094 0.387802 0.0117383 0.29425 0.00064609 0.100309 0.0922206 
0.00491393 1.68376e-05 0.0037543 0.000926966 0.0184626 0.0489622 0.502876 0.329624 0.0467596 0.0301733 0.0115408 0.00198909 
0.341808 0.00312118 0.0166646 0.000876745 5.07844e-06 0.00578203 0.436453 0.0943369 0.0515625 0.0369453 0.0016564 0.0107878 
0.0125854 0.00251765 0.00108721 0.000211707 1.74066e-07 0.00983277 0.877753 0.0112527 0.0827168 0.00167275 0.000327887 4.1558e-05 
0.0980847 0.00438461 0.426504 0.00274912 3.34588e-06 0.00122755 0.439135 0.0119044 0.00247618 1.79976e-05 4.24684e-05 0.013471 
0.123577 0.000683848 0.00473735 0.000226099 0.001813 0.0527932 0.556178 0.0272042 0.153876 0.0648969 0.00423909 0.00977571 
0.061109 0.000178357 0.0753732 0.0547988 2.52832e-11 0.0154556 0.359355 0.109962 0.0768333 0.00237906 0.0434214 0.201134 
0.118613 0.00133325 0.000790432 0.0403828 4.24188e-11 0.0187855 0.420764 0.00363587 0.316184 0.000542983 0.000517269 0.0784503 
0.00920941 2.42597e-05 0.00915367 0.000557113 1.03237e-06 0.0460055 0.851102 0.00733316 0.0620021 0.00397539 0.00944215 0.00119381 
0.0407756 0.000516433 0.0259219 0.000407 0.000171964 0.0696462 0.541237 0.0792464 0.237868 0.00164323 0.00236906 0.000197571 
0.0217 6.47122e-05 0.133958 0.00244074 1.79814e-05 0.149621 0.340138 0.0436012 0.256977 0.00345466 0.00740712 0.0406195 
0.0477833 0.00493936 0.0160778 0.00185026 0.000688317 0.0299414 0.557306 0.231894 0.0712329 0.00452853 0.00586756 0.0278905 
0.00185859 8.44401e-05 0.133826 0.00065116 0.000924635 0.031339 0.55013 0.103611 0.163758 0.00805616 0.00574907 1.16323e-05 
0.0755745 0.00012739 0.0408494 0.00781574 9.30349e-05 0.057193 0.405166 0.0783344 0.235128 0.00603113 0.0934366 0.000250896 
0.160161 0.00255097 0.025536 0.0101148 2.08643e-06 0.102441 0.475628 0.0275032 0.119808 0.0348237 0.0286335 0.0127973 
0.0347523 0.000706734 0.0701283 9.00277e-06 1.11007e-06 0.248204 0.321003 0.00198829 0.0209154 0.301751 0.000539652 1.06691e-06 
0.00874288 0.000469116 0.00780371 0.00784097 0.00816518 0.0235589 0.411498 0.209076 0.0342655 0.01145 0.0439163 0.233213 
0.0156317 0.000376422 0.0648887 0.000755729 5.08491e-05 0.0866425 0.714925 0.0252656 0.0818937 0.0056972 0.00196752 0.00190475 
0.0495317 2.13773e-05 0.0166142 0.0411005 0.0284695 0.0614228 0.430252 0.202147 0.160616 0.00638994 0.00180634 0.00162812 
0.0179665 9.74895e-05 0.0778675 0.05014 2.43329e-08 0.0401626 0.64282 0.0541252 0.0836332 0.00113093 0.0313445 0.000712248 
0.038049 0.00733301 0.050111 0.00558995 0.000103167 0.0914569 0.438282 0.127579 0.199619 0.0210785 0.00493213 0.0158663 
0.114761 0.00102654 0.0329049 0.00249677 0.000918764 0.0977873 0.489218 0.0211304 0.117425 0.00503902 0.00293529 0.114357 
0.0812058 0.00010096 0.0932378 0.0159838 0.000458834 0.0333152 0.314586 0.0741834 0.303674 0.00917945 0.0176997 0.0563756 
0.00156448 2.13528e-06 0.00219283 0.000848727 4.60508e-07 0.0221256 0.620841 0.000829231 0.343445 0.00344618 0.00466412 4.00042e-05 
0.0120799 2.7503e-08 4.77157e-05 3.66789e-05 3.45747e-12 0.0182197 0.730337 8.51078e-05 0.238993 0.00019186 6.64846e-06 2.63661e-06 
0.210786 0.000466776 0.0204998 0.000717861 0.00140048 0.0598508 0.310217 0.264675 0.130767 5.80065e-05 2.75938e-05 0.000532525 
0.0214609 0.00249508 0.0352261 0.00177214 1.54938e-05 0.0746312 0.63834 0.101823 0.0976725 0.019254 0.00512273 0.00218639 
0.06867 0.00223602 0.0233567 0.00482069 0.000429186 0.061049 0.494609 0.0204783 0.306554 0.0052216 0.00592631 0.00664945 
0.0411114 5.9832e-05 0.00635007 0.0107564 1.88311e-05 0.0214082 0.610984 0.0114597 0.265745 0.000440684 0.00822432 0.0234417 
0.0205687 5.51344e-05 0.00950338 0.000757484 4.85919e-07 0.00448919 0.687231 0.0491834 0.0292957 0.0164612 0.0292789 0.153176 
8.49227e-08 2.61168e-08 1.52141e-05 0.00013134 5.09113e-12 0.103016 0.735285 0.000891311 0.160615 1.34624e-07 4.40216e-05 2.50353e-06 
0.0472107 0.000306731 0.0374819 0.00228173 9.15697e-12 0.0747163 0.475023 0.00152621 0.249087 0.00842357 0.0274817 0.0764604 
0.0637106 0.000801353 0.0249279 0.000237638 1.94409e-06 0.0142478 0.609006 0.0548404 0.115946 0.00387927 0.111931 0.000469645 
0.0219374 5.04803e-10 0.220368 0.00209836 6.0019e-05 0.036303 0.265004 0.178168 0.247986 0.026029 0.00204515 1.00426e-07 
0.00551461 3.77221e-05 0.149524 0.00226466 0.00309184 0.131866 0.429237 0.114884 0.159886 0.000566111 0.00305113 7.69416e-05 
0.104459 0.00358687 0.022077 0.000244329 0.00389422 0.0443159 0.420465 0.139489 0.160388 0.0748855 0.00321167 0.022984 
0.0606035 0.00236323 0.0765345 0.00156799 8.16834e-05 0.0158258 0.531442 0.0382479 0.217151 0.00914374 0.0429983 0.00404083 
0.0293901 5.66585e-05 0.0582376 0.00105845 9.64179e-06 0.123921 0.603765 0.0231104 0.0979383 0.00121371 0.0563905 0.00490868 
0.140146 1.60559e-05 0.175165 0.000106086 8.43992e-08 0.0919178 0.320576 0.0175458 0.23392 0.0203428 0.000194105 7.1664e-05 
0.0872297 0.00248632 0.0507697 0.00020783 6.3708e-05 0.0675619 0.477599 0.0534941 0.187517 0.047385 0.0249021 0.000784142 
0.00869739 0.000229852 0.0458068 0.00252012 0.105464 0.0348223 0.37604 0.218246 0.188997 0.00448455 0.0143804 0.000311722 
0.0577613 0.000200225 0.0890354 0.00276672 3.61166e-05 0.077749 0.33296 0.0197765 0.323252 0.0121825 0.0841614 0.000118752 
0.00616673 0.000171249 0.0402674 0.000188381 1.25271e-09 0.0292682 0.566193 0.00426817 0.33552 0.00424335 0.000337758 0.0133756 
0.00173755 0.000123418 0.0463586 0.00617148 1.99891e-10 0.00727993 0.772604 0.0388095 0.119019 0.00116634 0.00671263 1.82763e-05 
0.0382306 0.000671641 0.201228 0.00314705 0.000734912 0.0828928 0.454346 0.131465 0.076797 0.00384129 0.00326188 0.00338395 
0.0134622 0.00374015 0.0330933 0.000907746 1.8228e-05 0.0358988 0.474521 0.0122787 0.3689 0.00425539 0.0402027 0.0127215 
0.00989852 4.59759e-06 0.000961888 4.0919e-05 9.76657e-07 0.00765366 0.672097 0.00333894 0.298935 0.00588233 0.00114996 3.55455e-05 
0.0712115 0.000111596 0.0620936 0.035407 9.99471e-06 0.0305304 0.3938 0.241406 0.136222 0.00682433 0.0209596 0.00142498 
0.082265 0.000107994 0.00324929 0.0182069 1.13375e-07 0.035117 0.805228 0.0112925 0.0333905 0.000218786 6.942e-06 0.0109172 
0.0486838 0.0804157 0.0667018 0.000191203 0.000527304 0.205606 0.457895 0.00283777 0.111174 0.0253184 0.000631444 1.7989e-05 
6.91046e-07 0.0889206 0.0710245 5.86915e-08 1.58556e-05 0.0908824 0.561636 0.0840605 0.102527 9.29573e-08 0.00093151 1.56258e-07 
0.080348 0.0437891 0.207649 0.126015 1.03731e-07 0.00178362 0.346366 0.062555 0.0611993 0.00479349 0.00566395 0.0598375 
0.0436968 0.00136315 0.0250849 0.0232191 0.00014048 0.119829 0.547929 0.0153118 0.187437 0.00348146 0.010709 0.0217975 
0.0565846 0.000759886 0.0406529 0.000329785 2.2325e-06 0.0881887 0.485036 0.00271638 0.315766 0.00699819 0.00296197 3.52559e-06 
0.00351253 6.80095e-06 0.0153003 0.000680197 2.16214e-05 0.110271 0.689 0.0336864 0.137378 0.0098215 0.000275471 4.54686e-05 
0.102783 0.016982 0.0434367 0.000324385 0.0562624 0.088889 0.302332 0.140077 0.200159 0.0360517 0.00939443 0.00330851 
0.0411998 0.00345645 0.0380637 0.00112021 7.37255e-05 0.077682 0.383568 0.0894615 0.228658 0.0475498 0.0490281 0.0401389 
0.0220622 0.00165874 0.00812326 0.00015142 2.90733e-06 0.00309213 0.6575 0.239662 0.0561162 0.00379066 0.00624737 0.00159305 
0.010091 1.87301e-06 0.0141882 0.00455443 0.000120199 0.0281638 0.423324 0.348583 0.16025 0.00242248 0.000260572 0.00804061 
0.18341 2.87104e-05 0.000200963 0.0272214 1.29848e-07 0.0567342 0.595142 0.0207424 0.0996742 0.0168459 9.33901e-11 7.55348e-07 
0.0993086 0.000618606 0.118375 0.00719211 4.66134e-05 0.0351778 0.636022 0.0357161 0.0424278 0.0209562 0.00173948 0.0024198 
0.00457208 2.08071e-05 0.002589 0.00570527 0.000309326 0.0194166 0.623603 0.273874 0.0261885 0.00155938 0.00758544 0.0345765 
0.0740339 0.00294354 0.248537 0.00253484 3.62665e-06 0.0635549 0.254487 0.0642952 0.0879329 0.073362 0.121626 0.00668945 
0.00173755 0.000123418 0.0463586 0.00617148 1.99891e-10 0.00727993 0.772604 0.0388095 0.119019 0.00116634 0.00671263 1.82763e-05 
0.028345 0.000413778 0.0811475 0.0101877 1.18092e-05 0.0207147 0.665998 0.0877991 0.0562822 0.0280015 0.0157471 0.00535199 
0.00589847 7.50238e-08 9.77362e-06 4.94521e-05 1.16994e-11 0.0187561 0.668485 0.00016432 0.303439 0.000523148 1.65935e-05 0.00265791 
0.063861 0.00598069 0.0480912 0.00110803 2.36491e-06 0.0376119 0.536931 0.0357562 0.189147 0.00140323 0.0027631 0.0773439 
0.133254 0.00358848 0.0689894 0.0704257 0.000121458 0.137434 0.340429 0.0519495 0.161042 0.0123578 0.020068 0.00034143 
0.0211708 0.00186399 0.0413378 0.00213451 0.00136984 0.178201 0.40023 0.146955 0.164422 0.0132101 0.0103518 0.0187529 
0.0730248 0.00224544 0.0455313 0.00621579 4.0678e-08 0.0183851 0.563599 0.0698505 0.0916258 0.00300942 0.00096543 0.125548 
0.0195216 0.000157273 0.0018328 0.02813 1.16246e-05 0.0237551 0.552158 0.118488 0.0325476 0.000849817 0.00360372 0.218944 
0.0023816 1.12524e-05 0.0801823 0.000339194 3.78598e-09 0.120837 0.571603 0.0724086 0.150709 0.000163605 0.00135018 1.34719e-05 
0.0754872 0.00432106 0.0303831 0.0603628 0.000322608 0.00554753 0.616582 0.0243606 0.0951965 0.00324394 0.00819861 0.075994 
0.0023826 2.35797e-08 0.00101324 4.39741e-05 4.03398e-09 0.00637907 0.671995 0.000208394 0.315658 0.000399668 0.00192017 1.19295e-08 
0.0822826 0.0035665 0.0261656 0.00701881 0.000471579 0.0421308 0.397669 0.0475566 0.341379 0.0343761 0.0113331 0.00605009 
0.0186549 0.00599062 0.0313383 0.000538094 3.26542e-05 0.0262669 0.567545 0.057234 0.281826 0.0030731 0.00747785 2.2525e-05 
0.0477833 0.00493936 0.0160778 0.00185026 0.000688317 0.0299414 0.557306 0.231894 0.0712329 0.00452853 0.00586756 0.0278905 
0.0350409 0.0113756 0.0197261 0.000509167 0.000208083 0.00569762 0.509678 0.223943 0.16771 0.00591833 0.0165197 0.00367441 
0.0569617 0.00127548 0.0160017 0.00322558 0.000460667 0.0145742 0.524838 0.0334472 0.297861 0.0364579 0.0113312 0.00356523 
0.00441077 0.00663179 0.186309 0.00359382 0.00903814 0.0873076 0.272438 0.198324 0.183936 0.0468441 0.00102338 0.000143842 
0.0553418 0.000355222 0.1854 0.004476 2.73144e-05 0.0395423 0.238392 0.193641 0.21482 0.0249862 0.0251951 0.0178222 
0.0325038 0.00044733 0.00980982 9.02491e-05 3.48063e-06 0.0305773 0.639552 0.00353421 0.245211 0.00541845 0.00267339 0.0301788 
0.000801656 4.91425e-06 0.00739393 0.000309879 4.5228e-06 0.0540909 0.660899 0.0920867 0.177564 0.00622079 0.000567136 5.6935e-05 
0.00926615 0.0536686 0.0493973 0.00450246 2.38864e-05 0.0021228 0.477702 0.383843 0.0176925 0.00130379 1.18308e-05 0.000466147 
0.0142042 0.000973316 0.0422333 0.000324211 5.56423e-06 0.062602 0.518152 0.011574 0.272815 8.15399e-05 0.0347868 0.042248 
0.063985 4.22391e-06 0.0131922 0.003697 1.18224e-07 0.0636405 0.792661 0.00677414 0.0325195 0.0121351 0.000127572 0.0112634 
0.0980847 0.00438461 0.426504 0.00274912 3.34588e-06 0.00122755 0.439135 0.0119044 0.00247618 1.79976e-05 4.24684e-05 0.013471 
0.0274569 0.00628256 0.0449666 0.00225847 0.00176248 0.126057 0.598317 0.0606173 0.0904403 0.00675406 0.0149757 0.0201117 
0.0654734 0.000211647 0.0164703 0.00695131 8.48769e-05 0.0537192 0.651663 0.0286241 0.148253 0.0254662 0.0026561 0.000427005 
0.120054 0.000664191 0.0107204 0.00814052 0.0236459 0.0121892 0.683857 0.0826983 0.0335496 0.00896927 0.00317093 0.0123405 
0.104363 1.00224e-05 0.0101185 0.00197053 7.21876e-06 0.307866 0.424238 0.00314633 0.103176 0.00670499 0.0383884 1.11244e-05 
0.036858 0.000270839 0.0418129 0.0598383 0.0215853 0.0258163 0.365737 0.0708269 0.173425 0.000915767 0.000280994 0.202633 
0.129694 6.40309e-07 0.12067 5.78315e-06 0.000129531 0.012379 0.411576 0.106084 0.189767 0.0265689 0.00311556 9.9259e-06 
0.234018 0.00147109 0.0680475 3.67817e-07 0.00110351 0.0615306 0.266253 0.0913746 0.250371 0.0229595 3.67986e-07 0.00287034 
0.0252001 0.0104962 0.0671622 0.127392 1.39589e-05 0.0261354 0.292591 0.0793552 0.189341 0.00344501 0.0276354 0.151232 
0.10805 0.0113547 0.112502 0.000855303 2.99577e-09 0.00482742 0.494584 0.0517552 0.205051 0.00589036 0.00262079 0.00250922 
0.0518438 0.000215686 0.0153876 0.000517278 4.91826e-06 0.0245269 0.658478 0.0184748 0.18787 0.0169525 0.0245515 0.00117769 
0.134975 5.28374e-05 0.0101329 0.000282896 1.79516e-05 0.174338 0.366121 0.0106708 0.251482 0.0364469 0.015444 3.59342e-05 
1.12697e-05 3.43994e-07 2.89457e-05 0.0202713 5.19928e-10 1.41552e-05 0.919733 0.0598671 6.60896e-05 4.16454e-06 2.76221e-06 7.94613e-07 
0.0631967 6.53133e-06 0.0395338 0.00110637 4.64934e-06 0.0992748 0.562761 0.00875278 0.223155 0.00199228 0.000153319 6.30124e-05 
0.00464537 3.49976e-07 0.0187163 0.000505185 1.96025e-07 0.0535457 0.572749 0.0107219 0.338907 4.11958e-05 0.00014015 2.80162e-05 
0.0783505 0.00743006 0.0295791 0.00545295 0.00168204 0.0444547 0.472139 0.158269 0.151732 0.0350476 0.011417 0.00444566 
0.00304482 4.18492e-05 0.0065607 0.000747022 0.00014697 0.0164878 0.642147 0.0590625 0.257524 0.00791559 0.00605129 0.000270257 
0.138849 0.0114573 0.0199622 0.0365148 1.1201e-11 0.0491183 0.458793 0.239398 0.0191954 0.000766972 0.00169747 0.0242481 
0.206307 0.00174269 0.0263598 0.00235967 1.09092e-05 0.0153423 0.476944 0.0142105 0.203633 0.0144113 0.0362505 0.00242822 
