0.00536116 0.000388167 0.0501289 0.000314868 4.19004e-08 0.0122349 0.0822992 0.814678 0.0182066 0.00115944 0.0152125 1.59979e-05 
0.0689783 6.22364e-05 0.0117607 1.73233e-05 2.72681e-05 0.0281707 0.0432051 0.455157 0.280442 0.0891669 0.02262 0.000392329 
0.00303719 0.00302674 0.0527636 0.00348453 1.4141e-05 0.0102756 0.0167513 0.858872 0.0214267 0.00124756 0.028907 0.000193889 
0.0749356 0.00109861 0.0691039 0.00180046 0.000214253 0.174232 0.0568563 0.550942 0.0430016 0.0249278 0.0023156 0.00057168 
0.0998398 3.24177e-06 0.00557158 0.000232073 7.62544e-05 0.0544727 0.0529251 0.508621 0.24721 0.0298521 0.00114883 4.80278e-05 
0.129233 0.00183402 0.136879 0.000503513 5.09648e-05 0.238696 0.0330141 0.387687 0.0549806 0.0118973 0.00443249 0.000792789 
0.00890183 1.38363e-06 0.0107155 1.49184e-05 0.000114383 0.0960621 0.00694758 0.731602 0.141462 0.00251121 0.00158493 8.28112e-05 
0.0357325 5.08234e-05 0.101943 0.00122352 1.44908e-05 0.137161 0.161372 0.461229 0.0800499 0.00238964 0.0187989 3.62111e-05 
0.0568253 7.20375e-06 0.136764 0.0172431 5.99699e-07 0.0253796 0.057548 0.562674 0.117009 0.00240979 0.0213216 0.00281778 
0.0211354 7.73788e-06 0.0432397 0.0157898 1.05363e-07 0.0812853 0.190042 0.560909 0.0872442 0.000100097 0.000218111 2.90068e-05 
0.0047297 8.21273e-08 0.078883 0.000976985 2.16404e-05 0.0041347 0.0459178 0.573264 0.272137 0.000118989 0.0196596 0.000156399 
0.0153068 4.19945e-06 0.0766824 0.000229774 3.8042e-06 0.022448 0.0720867 0.705888 0.0987878 0.00292255 0.00492784 0.000712321 
9.88941e-09 9.47287e-08 0.0161593 6.04719e-06 8.60489e-08 0.00451943 0.0785755 0.900245 0.000208034 0.000187224 3.54706e-05 6.35535e-05 
0.16444 0.00141122 0.052057 0.0244562 5.12871e-07 0.0144793 0.0869581 0.549951 0.081357 0.00052364 0.00606553 0.0183003 
0.00319558 0.000334395 0.0123304 0.0010276 1.04913e-05 0.0118595 0.0199446 0.837445 0.104933 4.53881e-05 0.00858065 0.00029297 
0.0387022 0.000186683 0.198361 0.00151021 4.54784e-05 0.0381992 0.0701904 0.52038 0.0906695 0.00990572 0.0292124 0.00263794 
0.00298833 1.75681e-06 0.0152141 2.64485e-05 0.000801293 0.000533976 0.00530281 0.943703 0.0239954 5.52044e-05 0.00522318 0.00215468 
0.0130438 1.13421e-07 0.0705316 0.0182068 3.4123e-07 0.03558 0.11553 0.642611 0.0992637 0.00429714 0.000839024 9.56659e-05 
0.0297447 3.43927e-06 0.00431357 0.0370522 1.74137e-06 0.0483365 0.178417 0.701158 6.25103e-05 0.000909956 3.17535e-10 5.33074e-10 
0.00298833 1.75681e-06 0.0152141 2.64485e-05 0.000801293 0.000533976 0.00530281 0.943703 0.0239954 5.52044e-05 0.00522318 0.00215468 
0.0362411 1.23419e-05 0.152625 0.0130308 7.78317e-06 0.0102629 0.0459095 0.556607 0.147474 0.0149223 0.022768 0.000139402 
0.0252844 0.000266748 0.223166 0.00444836 0.216266 0.0417143 0.0224875 0.3116 0.105597 0.0230499 0.0260569 6.29124e-05 
0.00298833 1.75681e-06 0.0152141 2.64485e-05 0.000801293 0.000533976 0.00530281 0.943703 0.0239954 5.52044e-05 0.00522318 0.00215468 
0.00181725 0.000251744 0.0167986 0.0223438 4.7309e-05 0.00762226 0.0460717 0.78421 0.118842 0.000766553 0.000965297 0.000263874 
0.00298833 1.75681e-06 0.0152141 2.64485e-05 0.000801293 0.000533976 0.00530281 0.943703 0.0239954 5.52044e-05 0.00522318 0.00215468 
0.0287446 8.55865e-07 0.00468233 8.8481e-05 4.8336e-05 0.000581126 0.0143174 0.605825 0.34292 0.000257672 0.000815314 0.00171814 
0.0428738 2.07894e-08 0.140667 0.00282628 2.71127e-05 0.044219 0.03455 0.398968 0.316356 0.0175744 0.00184525 9.31137e-05 
0.00400192 0.000140089 0.0630554 0.0209424 0.000342848 0.0173311 0.0519005 0.758439 0.0579448 0.0117263 0.0139885 0.000187531 
0.00298833 1.75681e-06 0.0152141 2.64485e-05 0.000801293 0.000533976 0.00530281 0.943703 0.0239954 5.52044e-05 0.00522318 0.00215468 
0.104844 9.95357e-05 0.0702997 0.000143933 5.95064e-07 0.057674 0.0112609 0.680545 0.0528887 0.0219438 0.00026493 3.56076e-05 
0.000264899 1.9335e-06 0.000558526 0.266877 4.13531e-09 5.49194e-10 7.73757e-05 0.716824 2.29172e-10 4.69671e-06 5.20156e-05 0.0153401 
0.0256925 0.000427928 0.196228 0.00181492 0.00372813 0.0572925 0.0518791 0.458677 0.16692 0.00467029 0.0324838 0.000185124 
0.00267993 1.32781e-05 0.070909 0.019606 3.15477e-05 0.0300174 0.0129613 0.839963 0.0121144 0.0057391 0.00573145 0.000233486 
8.15223e-05 8.30902e-05 0.00718456 1.79491e-05 0.0908278 0.0544534 0.0718173 0.766337 0.00884283 4.92727e-05 7.48434e-05 0.000230281 
0.000788304 1.31474e-06 0.00607032 0.000784458 0.00921253 0.00383784 0.00879527 0.927732 0.0421989 3.18706e-06 0.000451148 0.000124657 
0.039001 0.000384382 0.263034 0.00611033 1.64319e-06 0.0422612 0.0305734 0.511975 0.0131565 0.0882087 0.00501866 0.000275103 
0.012648 3.80853e-05 0.000381904 0.00352335 0.000191179 0.0226729 0.017717 0.872576 0.0476815 0.015036 0.00710137 0.000432522 
0.296589 0.00209827 0.0792813 0.019101 1.11447e-05 0.0163292 0.185712 0.317834 0.0558425 7.74352e-05 0.0114914 0.0156327 
1.58325e-05 0.00168282 0.236496 0.000191395 2.27046e-06 0.237296 0.0560837 0.394435 0.0450953 2.4456e-05 0.0286672 1.05536e-05 
4.31647e-12 0.00330546 0.242489 1.16647e-05 3.75581e-11 0.124252 0.0248761 0.333 0.0426575 0.000899603 0.228508 1.1712e-11 
0.00384457 7.43978e-05 0.0397751 0.000920143 3.7145e-05 0.0207873 0.0319056 0.846646 0.0553126 0.000268776 0.000415146 1.29454e-05 
0.00842131 7.28538e-05 0.245496 0.0105791 0.00151833 0.0067594 0.0551122 0.461107 0.199137 0.0108469 0.000926636 2.27263e-05 
0.00170263 2.86654e-10 0.00171577 0.000794413 2.7416e-07 0.00303676 0.00502935 0.97072 0.00900513 0.00702323 0.000853338 0.000118912 
0.0427689 0.0086823 0.0289595 0.0522493 1.13205e-07 0.0135039 0.285053 0.422492 0.10865 0.00153588 0.0131215 0.0229833 
0.00102425 0.000267784 0.248275 0.000913071 0.000507055 0.00259897 0.068785 0.493231 0.0780121 0.00159626 0.104447 0.000342179 
0.0306453 0.000834408 0.11788 0.00124183 7.24369e-05 0.02248 0.026276 0.779703 0.0103306 0.00405926 0.005896 0.000581184 
0.0315868 9.17454e-06 0.0403987 0.000236208 4.58278e-05 0.0182463 0.0671764 0.469875 0.35206 0.00778745 0.0118503 0.000728609 
0.151768 6.9132e-09 0.0454771 0.000202296 6.27976e-09 0.0454352 0.00579366 0.393278 0.0819633 3.59003e-05 0.275881 0.000165425 
0.00488474 7.15731e-05 0.00149744 4.07239e-06 7.71182e-05 0.000753698 0.00165026 0.915969 0.0716552 0.00321254 0.000200499 2.34544e-05 
0.0192693 5.7833e-05 0.100152 0.0033981 9.39312e-06 0.189671 0.103778 0.296014 0.23622 0.0457679 0.00565728 3.86235e-06 
0.00298833 1.75681e-06 0.0152141 2.64485e-05 0.000801293 0.000533976 0.00530281 0.943703 0.0239954 5.52044e-05 0.00522318 0.00215468 
0.00775322 0.00237725 0.0892127 0.000326833 2.91621e-07 0.0328051 0.0145587 0.673039 0.137693 0.000283247 0.0418649 8.60868e-05 
0.0315488 0.0170541 0.271653 0.00206969 6.91658e-05 0.0283899 0.0849063 0.313282 0.203628 0.0110992 0.0362057 9.43628e-05 
0.157241 0.000105118 0.0172346 0.000423236 6.25593e-05 0.0103498 0.0161612 0.529147 0.247707 0.0194872 0.00187942 0.000201605 
0.095429 0.00095019 0.0270641 0.00233831 0.000897275 0.0742866 0.136013 0.270631 0.24909 0.120407 0.00933348 0.0135602 
0.0778749 4.04451e-05 0.0082324 0.000320696 0.00194473 0.0510866 0.0238882 0.750855 0.0577712 0.0278607 0.000112949 1.2387e-05 
0.00757337 6.80084e-05 0.0659203 0.0228826 0.000194251 0.0262111 0.045503 0.614236 0.208445 0.00185403 0.0067688 0.0003442 
0.00433464 1.09985e-05 0.149383 0.0327402 4.13107e-05 0.0115934 0.0149601 0.732056 0.0477333 0.000145259 0.00473815 0.00226411 
0.032162 0.00101868 0.0576152 0.00374768 0.00120028 0.0580416 0.0394944 0.581245 0.156778 0.0609243 0.00627337 0.00149951 
0.0690229 0.00125449 0.138523 0.00766863 7.44942e-05 0.0571523 0.0439662 0.336176 0.315976 0.0149585 0.0150004 0.000227504 
0.0222295 0.0031791 0.0717577 0.110266 4.22585e-06 0.0674609 0.0770261 0.522998 0.00700841 0.00435288 0.113258 0.000458851 
0.0783413 9.1446e-05 0.0638385 0.0200273 6.69916e-05 0.0136602 0.0239486 0.497887 0.261705 0.0013623 0.0384883 0.000582438 
6.12133e-07 2.67718e-07 0.0030413 7.79347e-05 2.11261e-06 4.23182e-06 6.02199e-07 0.994851 0.00188234 3.89128e-10 3.66476e-07 0.000138946 
1.96664e-06 1.6876e-08 0.041514 0.0248928 3.1354e-07 0.0384208 0.017356 0.7871 0.0885074 1.61956e-05 0.00176561 0.000424489 
0.0704586 0.000217505 0.124426 0.0924222 1.71938e-06 0.0338282 0.187277 0.254041 0.0907564 0.117471 0.0264232 0.00267665 
0.0375527 0.000138331 0.0607305 0.00039631 2.80273e-05 0.0441331 0.112442 0.460618 0.272011 0.0107715 0.000826698 0.000351876 
0.245665 7.51042e-07 0.0565105 1.39818e-06 0.00014974 0.00372346 0.000426311 0.334462 0.249323 0.109722 1.46014e-05 9.79123e-07 
0.0069302 0.000239421 0.0457054 0.0162597 0.000734445 0.0571027 0.138697 0.676775 0.0454608 0.00792332 0.0039839 0.000188424 
0.00298833 1.75681e-06 0.0152141 2.64485e-05 0.000801293 0.000533976 0.00530281 0.943703 0.0239954 5.52044e-05 0.00522318 0.00215468 
0.167001 0.000217239 0.00153443 5.24262e-07 0.000460814 1.04458e-05 7.14094e-07 0.486907 0.314001 0.0297135 3.8603e-07 0.000153145 
0.32881 1.16119e-08 0.00133405 0.0145801 1.05479e-08 0.0228645 0.000103047 0.546852 0.0854557 3.61042e-09 3.37941e-07 3.28923e-09 
5.49016e-05 5.90899e-08 0.0302411 3.74529e-08 5.36756e-08 0.000312414 0.00337544 0.965885 7.95723e-05 1.83724e-08 5.09738e-05 1.6738e-08 
0.0397109 0.000224846 0.0258545 0.0157411 4.73312e-06 0.00728002 0.0448459 0.736483 0.0472832 0.0150215 0.000614783 0.0669357 
0.0055153 1.59124e-06 0.0743449 0.000333729 0.0020061 0.00101481 0.146137 0.535655 0.224366 0.000237097 0.00998534 0.00040313 
0.00748043 0.0065402 0.18051 0.000279292 0.0108492 0.0133412 0.0171688 0.531527 0.174977 0.0246072 0.0326375 8.21337e-05 
3.29904e-05 3.2961e-05 3.29914e-05 3.29731e-05 3.2964e-05 3.29899e-05 3.29901e-05 0.699408 0.300262 3.29836e-05 3.29883e-05 3.29845e-05 
0.021251 0.000194667 0.0525938 0.00010523 3.50975e-07 0.217749 0.118311 0.306688 0.251365 0.000116731 0.0315595 6.47655e-05 
0.16444 0.00141122 0.052057 0.0244562 5.12871e-07 0.0144793 0.0869581 0.549951 0.081357 0.00052364 0.00606553 0.0183003 
0.00017803 1.96789e-07 0.128762 0.000614767 5.845e-10 0.097156 0.0795152 0.492888 0.197629 0.00182251 0.00143299 3.94476e-07 
0.00298833 1.75681e-06 0.0152141 2.64485e-05 0.000801293 0.000533976 0.00530281 0.943703 0.0239954 5.52044e-05 0.00522318 0.00215468 
0.00309679 3.82857e-07 0.307883 1.88123e-05 6.0023e-08 0.00100562 0.00280168 0.372938 0.307499 3.59343e-05 0.00458395 0.000137251 
0.070677 0.000145015 0.0956612 9.36567e-06 1.27667e-08 0.00687099 0.00212183 0.735012 0.0888238 0.000328228 0.000343723 6.67688e-06 
0.0297999 1.1735e-09 0.146801 5.81396e-05 1.06598e-09 0.0203506 0.00711449 0.760296 0.0121517 0.0226494 0.000284397 0.000494732 
0.0814089 0.000434295 0.0960656 0.00359348 1.95033e-05 0.0607026 0.0957262 0.364174 0.135752 0.0492079 0.0072276 0.105688 
0.00860264 3.17522e-05 0.190534 0.00346644 4.71726e-07 0.146716 0.038169 0.361491 0.0191365 0.160529 0.0713061 1.73636e-05 
4.65487e-06 7.45188e-07 0.175369 0.000573301 1.48466e-06 0.00718529 0.0010059 0.803618 0.00801278 0.000370719 0.00335138 0.000507564 
0.000155744 1.31846e-06 4.38373e-05 0.000263679 4.37246e-06 0.000121588 0.0418685 0.955933 0.00015132 0.00131392 2.45589e-06 0.00014068 
0.00582625 1.54534e-05 0.0107331 0.000146121 0.00808317 0.00189151 0.0237119 0.892318 0.0500324 0.00642059 9.6586e-05 0.000725356 
0.26589 8.46094e-07 0.0290034 0.00186157 1.70401e-06 0.0187076 0.0264395 0.362484 0.284763 0.00969023 0.00023063 0.000927875 
0.0130665 7.06842e-05 0.159497 0.00742422 0.00598404 0.0337192 0.0426847 0.619095 0.110148 0.00543853 0.00240227 0.000469972 
0.00292224 0.000212224 0.141463 0.00870151 3.47206e-05 0.00790773 0.0235026 0.514098 0.175642 0.121177 0.00403195 0.000306425 
0.0626131 0.000225392 0.180709 0.00406974 1.2766e-05 0.0626691 0.13459 0.34815 0.182006 0.00303335 0.0218432 7.86885e-05 
0.00298833 1.75681e-06 0.0152141 2.64485e-05 0.000801293 0.000533976 0.00530281 0.943703 0.0239954 5.52044e-05 0.00522318 0.00215468 
0.215434 2.59129e-05 0.0231419 0.00672268 1.64644e-05 0.0326628 0.0797873 0.423238 0.20627 0.0103302 0.00136044 0.0010109 
0.0237313 0.000197894 0.119634 0.000718328 4.97223e-06 0.0146434 0.019831 0.695038 0.0630094 0.0624444 0.000688935 5.9164e-05 
0.0363084 0.000245974 0.0277955 0.00058039 1.33527e-06 0.0428952 0.0295973 0.490567 0.315335 0.0547962 0.00181784 6.02135e-05 
0.0687784 0.000249037 0.0772414 0.000225099 0.000134637 0.00942313 0.0378092 0.780331 0.0110151 0.00860131 0.00577805 0.000413814 
0.0375717 5.36959e-06 0.0158006 0.00019496 0.000169081 0.002621 0.0555715 0.786672 0.089571 0.00272653 0.00901903 7.72667e-05 
0.00103667 6.34383e-06 0.204364 0.121763 0.000338773 0.011699 0.0435185 0.475329 0.103727 0.00150817 0.0364452 0.000264914 
0.0260616 4.2957e-06 0.0946751 0.000272565 2.74798e-05 0.0293776 0.0192216 0.646642 0.178008 0.00212168 0.00333918 0.000248442 
0.00328698 1.54632e-07 0.0042286 0.00274463 0.000317819 0.00115081 0.0177006 0.942962 0.0158845 1.89207e-05 0.00108224 0.0106227 
0.0638432 4.89964e-05 0.0851472 0.00253634 2.37772e-07 0.00851254 0.0543983 0.388812 0.383653 0.0123383 0.000574287 0.00013557 
4.51696e-07 4.60283e-11 0.068906 1.16726e-07 2.09472e-08 0.203845 0.118109 0.520177 0.0761511 0.0122745 0.000536956 1.43433e-07 
0.0223422 0.00100579 0.0346287 0.0118684 1.80779e-06 0.0129157 0.057122 0.822666 0.0358922 0.00154855 8.2236e-06 1.97862e-09 
0.00926175 2.86492e-06 0.035026 0.00504264 8.2779e-06 0.109912 0.0350355 0.710132 0.0730209 0.000665939 0.0218404 5.25202e-05 
0.0971497 2.6026e-06 0.217571 0.00122117 5.40334e-06 0.0937592 0.0621218 0.375199 0.138417 0.0140094 0.000449964 9.40702e-05 
0.006729 3.86585e-05 0.0388373 0.001337 2.32587e-05 0.0323387 0.0580519 0.77668 0.065264 0.0013918 0.0188646 0.0004437 
0.00298833 1.75681e-06 0.0152141 2.64485e-05 0.000801293 0.000533976 0.00530281 0.943703 0.0239954 5.52044e-05 0.00522318 0.00215468 
0.0731605 0.00343441 0.0800857 0.00169136 6.26301e-05 0.0549824 0.13018 0.377699 0.243379 0.0261284 0.00302738 0.00616901 
0.0463671 0.000123982 0.0258994 0.00225103 0.000435216 0.00162373 0.0214725 0.641152 0.173141 0.0835274 0.00323814 0.000768521 
0.0100207 0.00261794 0.0385915 0.000359454 0.000462071 0.0325569 0.207992 0.467941 0.227808 0.00417699 0.0066914 0.00078186 
0.0204149 0.000320621 0.129577 0.0154095 0.000584239 0.00745524 0.0989887 0.571749 0.128787 0.0117168 0.0148017 0.000195759 
0.0206394 0.077864 0.131517 0.00386276 2.70572e-09 0.0333149 0.0661424 0.585878 0.0406735 0.00455177 0.0352478 0.000308138 
0.00591781 8.98038e-05 0.05175 0.000623616 2.19262e-06 0.0110768 0.0539563 0.798327 0.0363274 1.92129e-06 0.0415627 0.000364563 
2.94022e-05 2.9376e-05 2.94031e-05 2.93868e-05 2.93787e-05 2.94018e-05 0.0911755 0.908531 2.94039e-05 2.93962e-05 2.94003e-05 2.9397e-05 
0.00785506 7.62128e-05 0.0230191 3.5296e-05 7.2821e-06 0.000867891 0.000190603 0.95558 0.0111937 0.000166965 0.000959838 4.76185e-05 
0.0753111 0.00237827 0.0584452 0.000388255 0.242212 0.01129 0.0385286 0.296349 0.0962231 0.173251 0.00525227 0.000371925 
0.0236808 0.00148949 0.234835 4.2849e-05 0.000110793 0.0284837 0.0207098 0.515264 0.16895 0.00483589 0.00149062 0.000107931 
0.00744519 1.90966e-05 0.0544128 0.00238706 7.03908e-05 0.078998 0.0425292 0.633943 0.175422 0.00223637 0.00252904 7.86997e-06 
0.0194804 3.75808e-05 0.15707 0.00594511 1.89374e-06 0.0745129 0.0296076 0.488057 0.134868 0.0228353 0.0674496 0.000134279 
0.026589 0.000384389 0.278013 9.26254e-05 5.79374e-06 0.018192 0.0471499 0.545446 0.0672444 0.0159329 0.000922351 2.67518e-05 
0.00298833 1.75681e-06 0.0152141 2.64485e-05 0.000801293 0.000533976 0.00530281 0.943703 0.0239954 5.52044e-05 0.00522318 0.00215468 
0.00298833 1.75681e-06 0.0152141 2.64485e-05 0.000801293 0.000533976 0.00530281 0.943703 0.0239954 5.52044e-05 0.00522318 0.00215468 
0.0080894 1.87207e-06 0.0187542 0.000354768 3.66149e-06 0.0454096 0.0195698 0.81632 0.0852873 2.16972e-05 0.0057854 0.000402125 
0.0537453 0.0225923 0.0757851 0.0112016 0.000694728 0.0204829 0.0399367 0.565207 0.159604 0.000676569 0.0498454 0.000228893 
1.02177e-05 4.41616e-06 0.0295522 0.000201639 2.41661e-05 0.06679 0.0147475 0.881335 0.00701612 4.29979e-06 9.11609e-05 0.000223618 
0.00292189 0.000143289 0.0974803 0.00469527 0.000493461 0.0213787 0.0709706 0.664663 0.13388 7.04203e-08 0.00319483 0.000178289 
0.0304746 0.00360722 0.0753108 0.0346554 1.37317e-05 0.0361163 0.0381988 0.553075 0.200566 0.0120908 0.0157565 0.000135091 
0.00682158 1.57679e-06 0.0635402 0.0024989 0.000459444 0.0116872 0.0996022 0.65795 0.144642 0.00167741 0.0106746 0.000445705 
0.0128384 1.11168e-05 0.0182831 0.000204423 4.56109e-09 0.0879291 0.00267839 0.639941 0.0961521 0.141354 0.000192152 0.000415924 
0.0243406 0.000128895 0.249592 0.00291047 9.28754e-07 0.108503 0.097097 0.308888 0.192677 0.00194424 0.0138666 5.15494e-05 
2.61282e-06 6.54831e-11 0.100386 2.98879e-07 5.9483e-11 0.273367 0.0974482 0.337468 0.176011 0.0153088 7.5465e-06 3.30191e-07 
0.0213704 2.02395e-07 0.0783056 0.0252577 7.5914e-09 0.00381084 0.0105559 0.796841 0.0633815 0.000423393 2.75369e-05 2.57099e-05 
0.00639659 5.11203e-06 0.0293819 0.00179014 7.12793e-05 0.000707816 0.00295799 0.760492 0.191212 4.63077e-05 0.00664923 0.000289628 
0.0376213 0.000120138 0.0122436 0.0598874 0.000451756 0.0029074 0.172362 0.445607 0.0273678 0.000729449 0.00666106 0.234041 
0.0256344 0.000147168 0.0571645 0.00113984 0.0212802 0.0223876 0.0150236 0.610776 0.0696977 0.155007 0.020823 0.000918652 
0.0788693 6.00885e-07 0.0307649 0.00383986 0.0640086 0.0732521 0.0140007 0.599481 0.119047 0.009455 0.00490573 0.00237456 
0.00546661 0.00441516 0.0564306 8.60849e-06 7.9309e-07 0.0104864 0.00489093 0.839178 0.0596046 0.0128908 0.00659919 2.7906e-05 
0.00906924 5.62788e-06 0.133885 0.000308759 4.18889e-06 0.0034312 0.0399027 0.737648 0.0741832 0.000631232 0.000429238 0.0005017 
0.00471443 6.73369e-06 0.14602 0.000947793 4.96664e-05 0.0849087 0.0522072 0.517047 0.183344 0.000273166 0.010334 0.000147987 
0.0691747 6.82223e-05 0.0578678 3.06724e-05 1.76853e-07 0.0258406 0.0154801 0.516167 0.311922 0.000109869 0.00330186 3.70571e-05 
0.000582459 1.50302e-06 0.322486 1.40451e-06 1.62017e-08 0.00050643 0.0414302 0.613276 0.0215351 5.54563e-09 0.00016036 2.04271e-05 
0.00705656 0.000516125 0.23179 0.000690986 0.0135095 0.0651873 0.0284446 0.419453 0.128951 6.3432e-05 0.104159 0.000177968 
4.31647e-12 0.00330546 0.242489 1.16647e-05 3.75581e-11 0.124252 0.0248761 0.333 0.0426575 0.000899603 0.228508 1.1712e-11 
0.0021946 3.2872e-05 0.0271183 0.000897728 0.000352203 0.0047659 0.0327618 0.912768 0.0161825 0.000263744 0.00257516 8.67594e-05 
0.00516247 3.47316e-08 0.0854351 0.0658039 2.55864e-06 0.0417202 0.00600681 0.771981 0.0168399 0.00572195 0.00132427 2.12871e-06 
0.00143327 0.000226786 0.0271613 0.000629267 0.0290226 0.00633957 0.237812 0.557816 0.12518 0.000774595 0.0133035 0.000301895 
0.101159 0.0011286 0.102928 0.00131751 4.76153e-05 0.044699 0.172149 0.239406 0.20694 0.0210931 0.0648744 0.044258 
0.0250522 0.000182481 0.0825305 0.000745776 0.000190851 0.0183276 0.035166 0.575562 0.157562 0.102957 0.00141561 0.000308273 
0.0215724 0.00613076 0.0255394 0.181678 0.00390178 0.0157775 0.0637129 0.535878 0.0980467 0.0163373 0.00526882 0.0261563 
0.149914 0.000103952 0.107154 0.00105539 1.5263e-06 0.000735054 0.096585 0.322635 0.254424 0.00910249 0.0582419 4.79138e-05 
0.111871 0.00483687 0.122224 0.0149164 2.8356e-06 0.0417105 0.154804 0.325323 0.18563 0.00954815 0.0271804 0.00195317 
0.0278565 3.22424e-05 0.252327 0.0205338 1.62318e-05 0.0161193 0.0434638 0.484792 0.06127 0.043431 0.0497486 0.000409474 
0.0209605 5.86969e-05 0.102242 0.00962719 0.00151428 0.00663087 0.0214231 0.722281 0.112903 0.00033553 0.000683255 0.00134057 
0.0590465 0.000100894 0.133764 0.0669699 2.4514e-05 0.00221737 0.136812 0.526501 0.0323466 0.000568074 0.0413291 0.000320027 
0.00298833 1.75681e-06 0.0152141 2.64485e-05 0.000801293 0.000533976 0.00530281 0.943703 0.0239954 5.52044e-05 0.00522318 0.00215468 
0.00739718 0.00435419 0.0449177 0.00114231 0.000158212 0.010695 0.0183429 0.651887 0.221732 1.14605e-05 0.0391477 0.000214085 
0.0395148 9.41314e-05 0.235722 0.00244652 1.39909e-06 0.0547475 0.0365278 0.327267 0.224699 0.0217283 0.0568327 0.000418433 
0.00181871 1.84726e-05 0.0538646 0.00207402 0.0113597 0.0624077 0.0754001 0.518003 0.258493 0.01011 0.0064402 1.08008e-05 
0.0349274 1.40959e-05 0.105426 0.000338523 0.117131 0.020452 0.0997142 0.406528 0.168486 0.0365251 0.010228 0.00022928 
3.36933e-07 1.44721e-10 6.16981e-06 1.42188e-06 1.3146e-10 1.09119e-06 1.38202e-05 0.944471 0.0554566 4.88489e-05 6.95966e-07 4.2638e-07 
0.000412755 2.4959e-05 0.0272991 0.00318212 0.00544555 0.0185811 0.250103 0.39223 0.292139 0.00359165 0.00679047 0.000200107 
0.15337 0.000606333 0.0849004 0.00210173 0.000174614 0.035755 0.0849446 0.294629 0.289331 0.0396658 0.0111549 0.00336696 
6.32882e-06 6.32318e-06 0.0500055 0.0107597 6.32377e-06 0.0424087 0.0259543 0.751215 0.0822856 0.0259492 6.32841e-06 0.0113962 
0.00298833 1.75681e-06 0.0152141 2.64485e-05 0.000801293 0.000533976 0.00530281 0.943703 0.0239954 5.52044e-05 0.00522318 0.00215468 
0.03611 0.000284104 0.0749045 0.0244248 4.13452e-05 0.107343 0.241076 0.325407 0.15723 0.0120104 0.0206249 0.00054444 
0.103847 0.0394226 0.0483766 0.0986457 0.000108071 0.0172132 0.105145 0.490117 0.0599172 0.00216433 0.0349986 4.43294e-05 
0.052432 9.09288e-05 0.0817652 0.0231878 0.000183032 0.0151316 0.0245136 0.72736 0.0184674 0.00941271 0.0472751 0.000180164 
0.0763789 0.0472779 0.0882286 4.41687e-07 4.10962e-10 0.190474 0.256584 0.307378 0.0304714 0.00320589 5.19055e-07 1.1755e-06 
0.091722 0.000723052 0.125342 0.021626 4.78595e-05 0.0214532 0.115683 0.454224 0.146736 0.000947056 0.0201669 0.00132903 
0.0317193 2.25121e-05 0.0763931 0.0155565 1.93787e-09 0.108648 0.0203857 0.639632 0.103966 0.00325943 0.000414302 3.57011e-06 
0.00449163 9.23466e-05 0.00818905 0.0764362 4.78443e-05 0.0104367 0.034947 0.813551 0.036646 0.00867703 0.00622928 0.000255967 
0.00931145 1.714e-06 0.261712 7.17158e-06 1.91188e-05 0.0725363 0.0482618 0.35577 0.251513 4.25441e-06 0.000862971 3.13557e-10 
0.00298833 1.75681e-06 0.0152141 2.64485e-05 0.000801293 0.000533976 0.00530281 0.943703 0.0239954 5.52044e-05 0.00522318 0.00215468 
0.00893852 3.03668e-08 0.0620188 0.000852525 6.14629e-08 0.00144908 0.00231994 0.814648 0.099816 7.74799e-06 0.00812825 0.00182101 
1.16898e-11 1.11974e-10 0.00271897 0.000799396 1.01714e-10 2.95844e-07 1.20262e-06 0.991319 0.00495538 3.48154e-11 1.04672e-06 0.000204456 
0.000231397 1.9135e-05 0.056841 7.54228e-08 7.81349e-05 0.00604819 0.000240543 0.852799 0.0758384 0.000432608 0.00731634 0.000155476 
0.0165086 0.000728213 0.0912184 0.00484926 9.43587e-06 0.0169048 0.0902669 0.649496 0.0576838 0.0169424 0.0548247 0.000567053 
0.0137129 1.81834e-07 0.44906 0.000388448 7.39799e-10 0.0159209 0.00543421 0.475593 0.036875 0.00143711 0.00155863 2.00147e-05 
3.55177e-07 3.40337e-07 0.172874 0.014401 1.80183e-08 0.28425 0.127066 0.356793 0.0427543 2.28757e-07 0.00104628 0.00081439 
0.00244153 3.8161e-07 0.0398751 0.0218745 6.67793e-07 0.000629552 0.0035643 0.891925 0.000834409 0.00402406 0.0295084 0.00532174 
0.0871668 4.25361e-05 0.0609316 0.0292688 0.000198846 0.0325118 0.0783332 0.518914 0.0542861 0.120849 0.017145 0.000351734 
0.00093761 1.54308e-05 0.00300159 0.000262914 4.16524e-06 8.68758e-07 1.89373e-06 0.979466 0.0152225 1.90271e-07 3.91877e-06 0.00108298 
0.0370578 3.82683e-05 0.147068 0.02626 0.000555359 0.167829 0.0944446 0.455408 0.0631471 0.00780504 0.000294226 9.28892e-05 
0.049145 0.0853504 0.0897122 0.0145675 1.61462e-06 0.0119719 0.0963299 0.412696 0.0854535 0.028231 0.0110122 0.115529 
0.0366442 2.6017e-06 0.122009 0.000150204 0.0013593 0.0253038 0.08589 0.654668 0.0296561 0.0431261 0.000804609 0.000386764 
0.00488474 7.15731e-05 0.00149744 4.07239e-06 7.71182e-05 0.000753698 0.00165026 0.915969 0.0716552 0.00321254 0.000200499 2.34544e-05 
0.00304332 1.43823e-05 0.0547031 0.00106011 3.89186e-05 0.101551 0.0609575 0.612095 0.164628 0.000935963 0.000912977 5.85324e-05 
0.00328698 1.54632e-07 0.0042286 0.00274463 0.000317819 0.00115081 0.0177006 0.942962 0.0158845 1.89207e-05 0.00108224 0.0106227 
0.00298833 1.75681e-06 0.0152141 2.64485e-05 0.000801293 0.000533976 0.00530281 0.943703 0.0239954 5.52044e-05 0.00522318 0.00215468 
0.00631955 4.71951e-05 0.0172659 0.0606046 6.79648e-05 0.0172431 0.0110418 0.859208 0.026292 0.00142193 0.000361499 0.000126205 
0.0382356 0.0233059 0.119273 0.00290321 0.000447756 0.034534 0.244977 0.391428 0.0917314 0.0321989 0.0177109 0.00325521 
0.0323997 7.15016e-05 0.0738506 0.00097201 2.57299e-05 0.0562458 0.0975118 0.593357 0.119806 0.00577661 0.0199164 6.66204e-05 
0.00298833 1.75681e-06 0.0152141 2.64485e-05 0.000801293 0.000533976 0.00530281 0.943703 0.0239954 5.52044e-05 0.00522318 0.00215468 
0.00924867 4.68403e-07 0.0631557 0.000687367 2.96273e-05 0.0473707 0.012757 0.635244 0.227731 0.000456595 0.0032527 6.63166e-05 
0.0505356 5.29414e-05 0.0349795 0.0911646 0.000908272 0.0162332 0.0403348 0.583123 0.172492 0.000310197 0.00741966 0.00244679 
0.0070378 1.37041e-07 0.192061 0.00551662 1.74699e-05 0.0485147 0.0375444 0.657624 0.0409109 0.0102022 0.00046449 0.000106258 
0.069376 0.109616 0.0154773 0.000772876 0.0251162 0.0187346 0.0794904 0.606219 0.0239533 0.0483343 0.00143288 0.00147719 
0.00409263 3.08595e-07 0.110451 0.00443286 2.01315e-05 0.0263291 0.00105368 0.657583 0.00749723 0.182913 0.0048352 0.000791423 
0.0325038 0.000103853 0.0877135 0.00797583 1.97272e-05 0.0335442 0.290349 0.422236 0.108863 0.00181249 0.0143169 0.000561817 
0.00802466 2.16963e-05 0.0762484 0.00940441 2.33134e-06 0.00169562 0.0091983 0.782047 0.0929566 9.9917e-05 0.0182146 0.00208631 
0.00029613 8.78566e-07 0.0599482 5.25146e-05 1.77744e-06 0.000674777 8.76778e-05 0.754194 0.178066 9.61351e-06 0.00656987 9.85937e-05 
0.0229281 3.2788e-06 0.0957608 0.00575649 1.82598e-06 0.00507825 0.0253175 0.647006 0.0685559 0.00708963 0.122328 0.000173365 
0.0207303 8.941e-05 0.0451479 0.00247955 1.65715e-06 0.0207342 0.0170862 0.761143 0.124691 0.00398434 0.00319278 0.000718889 
1.04954e-08 1.00533e-07 0.0268296 7.69428e-06 9.13215e-08 0.00403342 0.000612872 0.941929 0.0257139 6.23463e-05 0.000802906 7.8393e-06 
0.0124653 1.29876e-08 0.140373 5.27425e-05 7.36805e-05 0.0280383 0.00476083 0.636072 0.175823 0.000621606 0.00170368 1.53876e-05 
0.0495199 0.0178341 0.0516047 0.00711479 8.82044e-05 0.00870591 0.178423 0.418749 0.151696 0.00131838 0.0314652 0.0834803 
0.0492573 5.16218e-05 0.0299811 0.00343415 0.000209617 0.00804065 0.0282868 0.726706 0.145355 6.03805e-05 0.00835142 0.000266019 
0.00298833 1.75681e-06 0.0152141 2.64485e-05 0.000801293 0.000533976 0.00530281 0.943703 0.0239954 5.52044e-05 0.00522318 0.00215468 
0.00472762 4.7565e-06 0.0750793 0.0576044 4.93415e-05 0.0107496 0.208152 0.469901 0.172516 0.000996547 9.76209e-05 0.000121865 
0.0295688 8.96802e-05 0.0695821 0.127324 0.000455448 0.0305223 0.0396386 0.545671 0.144407 0.00285271 0.00963166 0.000257191 
0.00298833 1.75681e-06 0.0152141 2.64485e-05 0.000801293 0.000533976 0.00530281 0.943703 0.0239954 5.52044e-05 0.00522318 0.00215468 
0.00298833 1.75681e-06 0.0152141 2.64485e-05 0.000801293 0.000533976 0.00530281 0.943703 0.0239954 5.52044e-05 0.00522318 0.00215468 
0.0882747 6.96937e-05 0.0708016 0.0226523 1.15236e-05 0.0156824 0.019612 0.391937 0.352326 0.00225693 0.0357885 0.000586904 
0.00298833 1.75681e-06 0.0152141 2.64485e-05 0.000801293 0.000533976 0.00530281 0.943703 0.0239954 5.52044e-05 0.00522318 0.00215468 
0.00740803 0.0155318 0.0240732 0.0165858 5.36929e-08 0.00102946 0.139936 0.716905 0.0719707 0.000252565 0.00369933 0.00260771 
0.0143994 0.0310526 0.053199 0.000470544 0.0448534 0.0565918 0.0862863 0.546655 0.122144 0.0382795 0.00592336 0.000144872 
0.000797291 0.00143948 0.042362 0.0118259 3.32259e-07 0.127945 0.0316835 0.638069 0.10341 0.0121865 0.0302263 5.47422e-05 
0.00889062 1.18891e-06 0.0318581 1.74241e-05 0.000525062 0.00279863 0.0158865 0.914421 0.0183599 0.00197411 0.0034196 0.00184781 
0.0177474 3.92621e-05 0.123851 0.0143289 0.000533705 0.0150681 0.0898948 0.330666 0.310696 0.00708308 0.090045 4.73584e-05 
0.0398463 8.72283e-05 0.32092 0.0369271 3.63727e-05 0.0466015 0.0506285 0.419549 0.0303988 0.0413936 0.0135479 6.3738e-05 
0.0255949 0.000128895 0.0643197 0.0195054 3.14995e-05 0.0412965 0.0743513 0.717696 0.0509114 0.00387459 0.00184287 0.000446648 
0.00495789 3.9902e-08 0.239198 0.000514366 3.8265e-07 0.227386 0.132786 0.241954 0.128152 0.00880786 0.0159564 0.000286264 
0.0468926 1.17282e-05 0.0809444 4.73465e-05 2.18093e-05 0.0262478 0.121972 0.540915 0.177979 0.000286277 0.00454281 0.000139285 
0.0340407 0.00133499 0.19819 0.0319217 5.23873e-05 0.00243039 0.0621941 0.283422 0.147111 0.0024197 0.235072 0.00181215 
0.0109825 6.80501e-06 0.0325353 0.000168561 0.0447005 0.0173383 0.00962859 0.661379 0.199183 2.75575e-05 0.0237611 0.000288522 
0.0458731 0.000162622 0.130378 0.0018373 0.00011468 0.0229913 0.0733016 0.319626 0.308261 0.0938398 0.00357308 4.13123e-05 
0.0305709 1.72736e-05 0.0151872 0.000760886 3.25795e-05 0.00342161 0.0151181 0.633584 0.286348 0.0132697 0.00165603 3.3914e-05 
0.000113018 1.38706e-05 0.00748463 7.15608e-05 1.9081e-06 1.07014e-06 1.21351e-06 0.991096 0.00070186 3.79795e-10 1.39283e-05 0.000500969 
0.00298833 1.75681e-06 0.0152141 2.64485e-05 0.000801293 0.000533976 0.00530281 0.943703 0.0239954 5.52044e-05 0.00522318 0.00215468 
0.044849 0.000288511 0.20538 0.000193901 7.38033e-05 0.0764135 0.0513245 0.475326 0.1104 0.0294398 0.00628274 2.78915e-05 
0.000755212 0.000645722 0.186152 0.000459489 7.62484e-08 0.00961497 0.000461415 0.647419 0.135951 0.000177391 0.0181015 0.000261316 
0.0216564 0.000108582 0.0491555 0.0583485 8.53141e-05 0.00266413 0.155973 0.412177 0.272516 0.0167031 0.0101255 0.000486953 
0.0774404 0.000548159 0.0951309 0.000740746 2.57171e-05 0.00930645 0.0160662 0.599197 0.180248 0.00623837 0.010544 0.00451424 
0.000240851 3.96138e-05 0.0945529 0.0197584 3.81519e-07 0.0125625 0.208188 0.625187 0.016031 0.00580307 0.0161171 0.00151958 
0.0753111 0.00237827 0.0584452 0.000388255 0.242212 0.01129 0.0385286 0.296349 0.0962231 0.173251 0.00525227 0.000371925 
0.0778085 0.00184064 0.148812 0.00137768 0.000385755 0.00385086 0.00237422 0.403036 0.358222 4.17243e-07 0.00228821 4.14771e-06 
0.0685296 0.000374597 0.0130999 0.300084 3.56137e-05 0.0436609 0.0201448 0.400705 0.0540071 0.0918969 0.00729829 0.000163509 
0.00463347 0.0196483 0.072923 0.0325811 9.4704e-05 0.0712459 0.0934059 0.612229 0.068157 0.00417231 0.0203515 0.000557766 
0.0344869 1.591e-05 0.12739 0.00443555 1.79889e-05 0.00858345 0.107277 0.653543 0.0517565 2.0111e-09 0.00918187 0.00331256 
0.00298833 1.75681e-06 0.0152141 2.64485e-05 0.000801293 0.000533976 0.00530281 0.943703 0.0239954 5.52044e-05 0.00522318 0.00215468 
0.024167 1.21363e-06 0.10659 0.00229812 2.96222e-05 0.0430032 0.0581613 0.545924 0.192326 0.00149597 0.025938 6.62891e-05 
0.0342892 5.26736e-08 0.0184259 0.221241 3.80912e-05 0.00539004 0.0174701 0.678761 0.0209118 0.000896251 7.68058e-05 0.00249995 
0.0114354 7.79234e-06 0.0336185 0.0281726 1.14635e-06 0.0970377 0.0270335 0.696538 0.0675358 0.0241807 0.0143665 7.24375e-05 
0.0262699 9.68855e-06 0.265923 5.94469e-05 1.69749e-05 0.00652974 0.0109371 0.448544 0.205779 0.0034756 0.0307795 0.00167552 
0.026237 0.00497053 0.333129 0.00015477 2.37492e-07 0.0636057 0.0109946 0.436822 0.124036 2.98556e-05 3.79234e-06 1.63524e-05 
0.00158591 7.4054e-06 0.0035068 0.000179663 0.000137512 0.00111566 0.0255684 0.913373 0.0507109 0.000168509 0.00360779 3.81558e-05 
0.00186187 0.00013006 0.105107 0.00249015 0.000642883 0.0693663 0.0846893 0.623933 0.0932929 0.0171535 0.00116153 0.000171842 
0.00683162 0.000151169 0.0512479 0.039327 9.78189e-05 0.0794796 0.112356 0.55677 0.068451 0.00566855 0.0787906 0.000829199 
0.0147811 4.95443e-05 0.0236115 0.00122669 1.54125e-08 0.0210635 0.0515378 0.812978 0.0678625 0.00433733 0.00246379 8.85074e-05 
0.165582 1.36948e-05 0.070294 1.11982e-05 5.02169e-08 0.224315 0.00390743 0.460653 0.0633036 0.0114946 0.00041989 5.1016e-06 
0.0769328 7.91176e-08 0.0660083 0.00167725 5.87131e-11 0.00038524 8.27979e-07 0.84728 0.00771419 9.75456e-09 9.38214e-07 2.15244e-08 
0.0255835 0.000637598 0.03951 0.000711461 0.011255 0.00685952 0.0548596 0.681132 0.156599 0.00831563 0.00982348 0.00471298 
1.43955e-06 1.94297e-06 4.21779e-06 2.64705e-06 9.17397e-06 1.57787e-05 8.18368e-05 0.853727 0.146126 2.73833e-05 2.31028e-06 5.77877e-07 
0.0140504 2.53583e-05 0.0723876 0.000112787 0.000186106 0.0281404 0.0563606 0.552809 0.262433 0.00515818 0.00794877 0.000387289 
0.231859 0.000269961 0.114387 0.00284876 7.49456e-05 0.00418945 0.0583863 0.36104 0.176827 0.0252911 0.0234096 0.00141588 
0.0570808 2.36003e-05 0.0882914 8.29317e-05 3.01587e-05 0.0196073 0.0106699 0.657841 0.153247 0.00945708 0.00356908 9.9151e-05 
0.0108639 0.00117227 0.205893 0.0458486 7.11304e-05 0.0254308 0.0333495 0.37058 0.257566 0.00603199 0.042903 0.000290006 
0.00346473 2.64455e-05 0.00324524 7.13113e-07 1.14331e-06 0.00713629 3.66328e-07 0.956371 0.024551 3.06925e-05 0.00498688 0.000185965 
0.00298833 1.75681e-06 0.0152141 2.64485e-05 0.000801293 0.000533976 0.00530281 0.943703 0.0239954 5.52044e-05 0.00522318 0.00215468 
0.1561 8.70508e-06 0.0567337 0.0194083 2.9083e-06 0.0340194 0.150163 0.488439 0.0950395 7.91188e-05 3.73288e-06 2.42587e-06 
0.0076212 2.45995e-06 0.324546 4.49306e-06 1.39227e-07 0.000550207 0.0015979 0.538225 0.120202 0.000697764 0.00655095 1.00208e-06 
0.0132097 0.0442467 0.205394 0.000250581 0.00177812 0.0105421 0.0358772 0.529019 0.143903 0.00412962 0.0114531 0.000196198 
0.0191695 3.6114e-07 0.0411442 0.00144388 1.07299e-10 0.0728267 0.0968616 0.642851 0.119103 0.00642213 0.000146147 3.15212e-05 
0.00242169 0.000107466 0.00570796 0.00458068 3.10169e-06 0.00014495 0.0318119 0.918969 0.0148862 0.0043017 0.014218 0.00284695 
0.000494074 1.04795e-05 0.058421 7.21209e-07 7.95929e-05 0.0822597 0.044162 0.632417 0.17933 7.63567e-08 0.00254433 0.000281249 
0.171157 6.41643e-05 0.147894 0.00162492 6.78082e-08 0.0079968 0.00168333 0.637688 0.0163895 0.0128745 0.00260905 1.87118e-05 
9.91408e-05 3.742e-06 0.0477215 0.00163353 0.147037 0.000948692 0.00260524 0.776056 0.0104285 2.75223e-05 0.0134389 3.18543e-07 
0.00732071 7.84222e-08 0.0590281 0.000133586 7.12365e-08 0.0538686 0.0425319 0.830532 0.00387393 0.00218927 0.000195927 0.000325318 
5.57158e-11 5.33691e-10 0.21409 5.54659e-06 4.8479e-10 0.00634636 0.00124866 0.778124 3.82116e-07 1.65937e-10 0.000184922 1.51175e-10 
8.19141e-06 1.27395e-06 0.110399 1.60872e-06 2.57935e-06 1.98957e-06 0.00330768 0.886224 2.34459e-05 1.39109e-07 2.78667e-05 2.53416e-06 
0.000249702 1.5705e-08 0.00994344 0.000263465 1.4266e-08 0.0027259 0.0434883 0.874674 0.0678496 0.00010084 0.000618597 8.57489e-05 
0.130519 9.56766e-05 0.0140766 0.0108685 0.0029205 0.0127506 0.0267859 0.436042 0.331968 0.0305005 0.00322018 0.000252035 
0.000992185 5.93431e-05 0.0135317 0.000341069 0.00139961 0.00457827 0.0158447 0.927464 0.030862 0.000426208 0.00294969 0.00155119 
0.00505988 2.41144e-05 0.0645151 0.00524261 9.48528e-05 0.0120652 0.0362545 0.733178 0.137444 0.00134948 0.00455806 0.000213299 
0.000514006 3.42865e-06 0.0015073 0.00014539 0.0692935 1.25744e-05 0.00379739 0.921273 0.000541004 0.00121898 3.77827e-07 0.00169321 
0.0113714 5.2609e-05 0.0918673 0.000301285 0.000105549 0.00984508 0.0796538 0.471495 0.328103 0.00124595 0.00592485 3.50655e-05 
0.0136736 2.56022e-05 0.0685287 0.000152667 0.000421622 0.0619754 0.015911 0.823677 0.00944909 0.000609515 0.00529426 0.000282049 
0.0536021 2.0454e-05 0.113396 0.000318203 9.66067e-07 0.314162 0.0250561 0.418215 0.0429427 0.0296521 0.00112147 0.00151302 
0.00298833 1.75681e-06 0.0152141 2.64485e-05 0.000801293 0.000533976 0.00530281 0.943703 0.0239954 5.52044e-05 0.00522318 0.00215468 
0.0130655 0.000303179 0.296619 0.000701769 8.95483e-06 0.00150661 0.00189948 0.630862 0.0312441 2.65182e-05 0.0229441 0.000818554 
0.0234297 3.72601e-06 0.0100867 2.16344e-05 2.09241e-06 0.0594237 0.0206456 0.690054 0.154708 0.0415368 8.55183e-05 2.88554e-06 
0.0163359 1.91822e-06 0.00323727 0.000750551 4.01405e-08 0.0619662 0.0301156 0.799469 0.0860279 0.00175891 0.00027906 5.72123e-05 
0.141332 1.55775e-05 0.033457 0.00036028 4.14974e-05 0.00398504 0.0778613 0.627788 0.108391 0.00167578 0.000336553 0.00475585 
2.41278e-06 0.000217852 0.185959 0.0033138 4.78011e-10 0.178263 0.115901 0.331927 0.131519 0.0511434 0.00175458 2.21552e-07 
0.00481765 1.79627e-05 0.160407 0.00330717 2.81246e-07 0.0106261 0.0057053 0.473143 0.316747 2.99824e-05 0.0251719 2.62505e-05 
2.51217e-07 1.14974e-08 0.0102877 0.00257225 1.04439e-08 0.0419471 0.303497 0.632472 0.0078166 0.00136478 1.64762e-05 2.62892e-05 
0.0343222 4.94548e-06 0.211061 0.00157962 1.22219e-06 0.043968 0.155589 0.416229 0.130454 0.00639289 0.000370638 2.8485e-05 
0.00789389 3.9459e-05 0.0531446 0.000482334 0.00320312 0.0306984 0.0635376 0.560296 0.277868 0.000111602 0.00153529 0.00118992 
0.0474253 1.62775e-05 0.029785 0.00141008 0.00568426 0.0324026 0.145866 0.352234 0.335582 0.0470331 0.00239619 0.000165368 
0.000736943 2.35111e-06 0.0280781 0.00313079 7.31443e-05 0.018277 0.0889904 0.432911 0.0303768 0.000139107 0.397173 0.000111267 
0.0150109 0.000126029 0.190954 0.0130395 1.23365e-05 0.222634 0.091083 0.232005 0.202625 0.0264438 0.00588876 0.000176956 
0.00298833 1.75681e-06 0.0152141 2.64485e-05 0.000801293 0.000533976 0.00530281 0.943703 0.0239954 5.52044e-05 0.00522318 0.00215468 
0.0396484 0.000638978 0.0655026 0.000535939 0.000335113 0.00073376 0.0178087 0.838325 0.020774 3.93274e-05 0.0153528 0.000305634 
0.0753111 0.00237827 0.0584452 0.000388255 0.242212 0.01129 0.0385286 0.296349 0.0962231 0.173251 0.00525227 0.000371925 
0.112131 0.000213522 0.0569026 0.00575722 0.214665 0.00704334 0.0380651 0.355916 0.131999 0.0212778 0.0392314 0.0167979 
0.00665874 2.99398e-06 0.023208 0.0635532 1.19359e-06 0.00303196 0.0518745 0.811893 0.0252465 0.0009539 0.0133161 0.00026007 
0.0127211 0.000592721 0.0506693 0.0583309 8.56192e-07 0.00321227 0.198536 0.352597 0.0376665 8.24082e-05 0.0214758 0.264115 
0.00292189 0.000143289 0.0974803 0.00469527 0.000493461 0.0213787 0.0709706 0.664663 0.13388 7.04203e-08 0.00319483 0.000178289 
0.0385818 0.000398031 0.11086 0.000124435 0.00128512 0.0141276 0.12596 0.548492 0.145403 0.00394235 0.0102733 0.000552176 
1.31152e-10 5.90464e-05 5.2794e-05 9.07827e-06 1.14117e-09 4.41479e-05 0.000105241 0.999625 6.38871e-05 2.67961e-05 1.18283e-05 1.74407e-06 
0.00291738 5.04728e-07 0.0198425 0.00135439 3.07108e-05 0.00738682 0.0227477 0.83906 0.104547 0.000948397 0.00111076 5.33756e-05 
0.00288228 4.73738e-05 0.0388218 0.000450688 8.67956e-06 0.128317 0.0333331 0.638192 0.156815 0.000563093 0.000442445 0.000126196 
0.0014388 0.000135977 0.0378198 0.00477045 0.00430764 0.00889552 0.0193562 0.84157 0.0697925 0.000930808 0.0105902 0.000391831 
0.00298833 1.75681e-06 0.0152141 2.64485e-05 0.000801293 0.000533976 0.00530281 0.943703 0.0239954 5.52044e-05 0.00522318 0.00215468 
0.00878062 5.48599e-05 0.0330352 0.0011137 9.11065e-06 0.0615131 0.0426385 0.667334 0.184942 4.42312e-05 0.000118213 0.000416777 
0.058169 5.39859e-06 0.0286648 0.000141566 0.000146173 0.00138089 0.0396521 0.642997 0.224086 0.000774545 0.00366395 0.000318076 
0.208439 0.0209391 0.207057 0.00301434 1.82025e-06 0.00827763 0.10718 0.273101 0.12452 0.00598208 0.0344438 0.00704455 
0.041613 0.0180652 0.0693472 0.00221963 1.85155e-05 0.0468272 0.0678638 0.545364 0.130367 0.00195333 0.0756678 0.000693278 
0.00742299 3.87535e-05 0.229563 0.0123123 1.48062e-08 0.0130674 0.115636 0.409457 0.169901 0.00026597 0.0419388 0.000396367 
0.0107289 0.000121602 0.0695203 0.00106632 0.073421 0.0227603 0.0581647 0.487551 0.0992449 0.0864386 0.0909466 3.55814e-05 
0.0997203 5.27393e-08 0.0357018 0.00012442 0.000135403 0.00694774 0.0145042 0.729463 0.0879233 0.000175278 0.0250756 0.000228476 
