0.0767744 0.00419293 0.155304 0.000799232 3.40321e-06 0.168545 0.00853338 0.247891 0.300838 0.0292823 0.00711879 0.000717487 
0.0599095 0.0035585 0.0676676 0.00168479 0.013146 0.076485 0.341124 0.0671189 0.347309 0.00431296 0.00898086 0.00870261 
0.121218 2.80818e-06 0.010172 0.0164007 0.00120929 0.0899396 0.0767113 0.0236123 0.629674 0.0300679 0.000934114 5.83514e-05 
0.0640467 8.05419e-05 0.104038 0.00190414 4.45998e-05 0.0661363 0.105665 0.115907 0.431851 0.0202946 0.0898322 0.000198896 
0.0382834 2.46641e-06 0.0194316 0.000275266 0.000861827 0.0853809 0.056632 0.389721 0.399428 0.00791235 0.000923766 0.00114748 
0.0733853 0.0101531 0.0356531 0.00216095 0.000208054 0.0171538 0.336626 0.0640912 0.416428 0.015321 0.0243931 0.00442642 
0.118463 0.000543344 0.33227 0.00116516 1.39348e-06 0.0385673 0.0171096 0.00804604 0.48165 0.000774069 0.00139718 1.41582e-05 
0.1243 0.00184279 0.0174288 0.000375482 3.40294e-06 0.0525452 0.201637 0.0152252 0.572846 0.00554654 0.00689312 0.00135672 
0.0691027 3.34e-05 0.0626627 0.000192728 3.72732e-05 0.0465169 0.119931 0.0537162 0.610319 0.00173744 0.0356189 0.000131002 
0.0389912 7.66519e-05 0.0616456 0.00388097 1.50471e-10 0.0661143 0.0249047 0.00343839 0.725956 0.00451716 0.0704666 8.64912e-06 
0.0774447 0.000148043 0.0731713 0.000172382 0.010625 0.0234431 0.0380999 0.0298376 0.709686 0.00452173 0.0327785 7.17223e-05 
0.067439 1.675e-05 0.0444853 0.0275747 0.000346042 0.151248 0.152814 0.0141779 0.533079 0.0064989 0.00207765 0.000243369 
0.0205502 1.31691e-05 0.0904355 0.000109626 4.6292e-07 0.00511317 0.0393312 0.013163 0.794336 2.05997e-05 0.0369227 4.37361e-06 
0.0821463 2.22241e-05 0.117275 0.000133463 1.62256e-06 0.0153213 0.0150284 0.251898 0.510461 0.00176236 0.00591227 3.87159e-05 
0.246568 0.000136331 0.0578004 0.000449827 1.29706e-05 0.166831 0.0627648 0.0143621 0.398815 0.0317142 0.0205044 4.16437e-05 
0.0845635 0.000334775 0.108749 0.000531858 4.81129e-05 0.0205653 0.0590425 0.0293755 0.679987 0.00851449 0.00827027 1.75213e-05 
0.0480687 0.000458867 0.0325218 0.00116467 8.78967e-05 0.0598403 0.145634 0.0284367 0.669501 0.00294193 0.0112854 5.94472e-05 
0.0432537 0.00447606 0.0717853 0.00264071 1.86651e-05 0.033061 0.245308 0.252767 0.30966 0.000327096 0.036411 0.000291965 
0.249018 1.99384e-07 0.177094 5.66446e-05 2.50786e-08 0.0696295 0.0102986 0.0585478 0.324451 0.00650611 0.0112479 0.0931497 
0.11058 7.57872e-05 0.0349242 0.0308596 5.14639e-07 0.0648827 0.157942 0.0424482 0.546543 0.00796724 0.00269405 0.00108214 
0.142774 0.00106116 0.0526605 0.000191692 1.30664e-06 0.0987715 0.0331492 0.0182319 0.631659 0.0104456 0.0110488 4.8786e-06 
0.0813764 0.000248238 0.0444297 0.000122635 0.000119219 0.0720522 0.0515762 0.0555995 0.691759 3.98246e-05 0.00262918 4.80496e-05 
0.127634 1.09107e-06 0.126833 0.000517194 9.29889e-10 0.0174887 0.0049636 0.010356 0.65156 2.3495e-06 0.0606087 3.59253e-05 
0.0580155 1.2934e-07 0.196574 0.000655003 2.53927e-08 0.00524791 0.310936 0.0825555 0.345776 1.06786e-08 0.000109351 0.00013025 
0.00679897 4.95909e-09 0.0118778 0.00098677 4.5047e-09 0.288714 0.162971 0.00394111 0.524689 1.80045e-05 1.38911e-06 2.03866e-06 
0.0502595 0.000697051 0.111728 0.00552818 1.57839e-05 0.094004 0.0444241 0.161 0.486517 0.0227328 0.0136386 0.00945411 
0.0539504 9.79406e-05 0.079898 0.000232016 0.00634624 0.134543 0.0827 0.0707532 0.538287 0.0149078 0.0182727 1.12303e-05 
0.0501898 0.0039675 0.0766946 0.000513503 1.87422e-05 0.0568018 0.213185 0.172197 0.399676 0.0223139 0.00439659 4.60605e-05 
0.266096 0.000244137 0.197227 0.00097648 1.21359e-06 0.0581981 0.0139757 0.00868186 0.316292 0.133621 0.00465286 3.26257e-05 
0.0957206 0.00021665 0.168873 0.00130908 3.99518e-05 0.0477363 0.267479 0.0589046 0.342394 0.00286638 0.0140998 0.000360585 
0.165826 0.00431398 0.0831486 0.00489124 6.08859e-06 0.141919 0.0649307 0.0554809 0.461003 0.00567275 0.0124996 0.000307856 
0.0444037 0.000604155 0.00684518 0.000718315 3.48978e-07 0.136677 0.329714 0.0346853 0.437868 0.00409192 0.00111043 0.00328171 
0.128539 0.000491856 0.125306 0.000205082 5.13808e-05 0.107239 0.0332853 0.148379 0.360497 0.0490227 0.0468177 0.000165785 
0.209005 0.0106678 0.0533637 0.0420852 3.71493e-05 0.0195657 0.0526132 0.270686 0.28612 0.0229632 0.0328525 4.16161e-05 
0.27175 0.00173913 0.164751 0.00681625 5.61416e-06 0.0176898 0.0669477 0.0418603 0.293812 0.00753282 0.122449 0.00464641 
0.0259443 3.37302e-05 0.0170498 3.64333e-05 1.7119e-06 0.00808692 0.0165107 0.00076371 0.920173 8.85323e-05 0.0113086 2.73906e-06 
0.0675332 0.00208804 0.0320198 0.04586 0.000126003 0.135144 0.187333 0.168123 0.264769 0.0605508 0.0358974 0.000555215 
0.0562217 3.28183e-12 0.0231516 7.78486e-05 1.62935e-08 0.0486237 0.0212151 0.0369919 0.805632 0.00727188 0.000814507 1.51626e-09 
0.0274968 5.26002e-05 0.121915 0.00382752 0.00097834 0.0204246 0.0767643 0.193156 0.484802 0.00074314 0.0696594 0.00018108 
0.0175367 0.00293706 0.0876942 0.000311474 6.22627e-06 0.0557415 0.0920111 0.204072 0.510075 0.00276524 0.0266657 0.000184683 
0.0406223 0.000666759 0.0217217 0.00209179 3.19854e-06 0.0123791 0.134455 0.224157 0.526065 0.0334101 0.00421444 0.000213801 
0.00869682 7.08547e-13 0.0286981 0.000816868 5.79903e-10 0.0204473 0.0347464 0.0329244 0.873233 5.50978e-10 0.000428534 8.32672e-06 
0.0839778 0.000186888 0.182925 0.00177805 4.48524e-06 0.0875936 0.0435895 0.0467958 0.444458 0.0111297 0.0975176 4.36226e-05 
0.0889589 0.000140204 0.0218916 0.000349158 6.60924e-07 0.0556111 0.0631062 0.0109208 0.664674 0.0883278 0.00597655 4.3294e-05 
0.100744 1.51878e-10 0.294005 0.0138434 2.70577e-08 0.0215985 0.0969975 0.108775 0.341732 0.000720998 0.0215448 3.93467e-05 
0.040849 0.00048324 0.0338742 0.012912 0.00051295 0.0159233 0.0354475 0.177603 0.676749 0.000925932 0.00412578 0.000594231 
0.198898 0.000128776 0.0256314 0.00051694 2.4533e-09 0.0695282 0.0759091 0.0050477 0.611901 0.00538139 0.00695842 9.89603e-05 
0.199544 8.40509e-05 0.0605375 0.000154848 2.85115e-06 0.106034 0.00282199 0.0373091 0.573572 0.000441497 0.0194522 4.57183e-05 
0.185786 1.32748e-05 0.203876 0.000946497 1.93718e-05 0.0428945 0.00549466 0.0555424 0.263643 0.0535249 0.188213 4.62235e-05 
0.00724561 0.00085823 0.151839 0.000287174 9.24446e-07 0.0288463 0.285836 0.0939654 0.38066 0.00592819 0.044499 3.40861e-05 
0.103223 0.000408689 0.026514 0.000376925 1.28987e-05 0.287539 0.0594551 0.0542478 0.428994 0.028129 0.0109019 0.000197454 
0.217421 8.36277e-05 0.0258954 0.00689933 0.000210891 0.0671247 0.0300421 0.0101007 0.572458 0.0446211 0.0201802 0.00496227 
0.0102281 0.000309677 0.0799101 0.00131612 1.4584e-05 0.0531305 0.339618 0.0442583 0.452085 0.0043546 0.00552912 0.00924595 
0.0400605 5.53648e-05 0.00650791 0.000170343 2.2214e-05 0.0998923 0.0107361 0.0139812 0.752576 0.0758395 0.000140181 1.80458e-05 
0.252782 8.49689e-06 0.0756622 0.00109892 2.27487e-05 0.0189513 0.0558515 0.0849519 0.49802 0.0120517 0.000512325 8.66352e-05 
0.00375468 0.000861988 0.0121518 0.0337287 0.0141162 0.00764189 0.238317 0.141771 0.49113 0.012142 0.0439517 0.000433432 
0.148844 1.30914e-06 0.00181148 2.24436e-05 2.44221e-08 0.0965812 0.0175689 0.000487468 0.716881 0.017707 9.39662e-05 1.17799e-06 
0.194257 0.0380379 0.0582383 0.0269636 7.05073e-05 0.129913 0.125888 0.145498 0.252698 0.0129517 0.0126937 0.00278981 
0.117811 2.93252e-05 0.0529332 0.0174642 2.92851e-05 0.207355 0.0416758 0.118262 0.43744 0.00589236 0.0010902 1.67464e-05 
0.0148425 1.762e-07 0.295916 5.46616e-05 3.28513e-07 0.0172428 0.0414184 0.081917 0.465171 0.00183664 0.0809665 0.000633861 
0.0372226 0.000169001 0.0432031 0.00199072 0.00332474 0.0755481 0.172018 0.16428 0.429424 0.05696 0.0155651 0.000294762 
0.0233945 0.000952998 0.0505839 0.00184062 0.00488869 0.00960392 0.0764854 0.251405 0.575193 0.000202938 0.00543237 1.73214e-05 
0.0556896 5.44621e-06 0.0171182 0.000184402 1.35284e-12 0.00260458 0.00920761 0.034767 0.880189 4.40322e-06 0.00019863 3.08794e-05 
0.0970138 0.0162614 0.165149 0.00252625 1.79827e-09 0.162333 0.125419 0.040084 0.388043 0.000112342 0.00305451 3.13937e-06 
0.383235 3.56447e-06 0.0137647 0.000281919 2.121e-06 0.0126597 0.0187055 0.0331731 0.537353 0.000446239 0.000355347 2.07566e-05 
0.0897641 3.36376e-05 0.0127411 0.0012311 5.46956e-05 0.0778486 0.113842 0.0125395 0.603433 0.0687713 0.019723 1.84169e-05 
0.199325 0.000262197 0.125112 0.0140617 5.46937e-05 0.0176315 0.0314967 0.164964 0.415954 0.00338342 0.027301 0.000454396 
0.00857252 0.00598724 0.0352096 0.0130357 1.97952e-06 0.0163306 0.0300254 0.0117152 0.782958 0.0557213 0.0403077 0.000134774 
0.0434521 0.00573918 0.0459485 0.125524 5.2904e-05 0.0442393 0.104918 0.0213533 0.574697 0.00287691 0.030391 0.000808444 
0.0503446 2.79004e-09 0.00238601 0.0010134 0.000105709 0.00225025 4.56488e-07 0.288225 0.655594 1.87688e-05 1.50808e-07 6.17491e-05 
4.84852e-06 7.36394e-05 0.0028813 8.45468e-05 9.65872e-07 0.106636 0.0768046 0.00180452 0.801622 0.00310219 0.00696471 2.15368e-05 
0.01482 0.000598715 0.0116088 0.00295075 0.00756306 0.00251191 0.34612 0.0151903 0.471419 0.00220935 0.00684794 0.118161 
0.0366009 1.85279e-05 0.0506402 0.000133408 9.47608e-06 0.170659 0.106224 0.0147433 0.589897 0.00836927 0.0226954 9.93689e-06 
0.106676 0.00155467 0.060994 0.00207846 0.00035583 0.184194 0.0832122 0.0407381 0.463531 0.0349851 0.0178299 0.00385034 
0.440123 0.00306128 0.0315945 0.000140686 4.27364e-07 0.0249788 0.0128627 0.024528 0.455555 0.00171283 0.00541359 2.83795e-05 
0.361109 9.59761e-06 0.138005 0.000194572 1.11781e-05 0.0307735 0.0468993 0.0307698 0.369134 0.00656235 0.0164663 6.58795e-05 
0.0373898 0.000405062 0.220547 0.000303412 1.4613e-05 0.065081 0.147196 0.0263595 0.487836 0.0116656 0.00318547 1.75773e-05 
0.0490804 3.71108e-05 0.0456751 0.000148717 9.6034e-13 0.00178642 0.0136102 0.0237686 0.864885 8.80287e-06 0.000965474 3.38731e-05 
0.0485208 7.18471e-06 0.0629583 0.000148978 0.000252394 0.0334013 0.140979 0.0192507 0.689766 0.00119803 0.00322293 0.000294061 
0.221221 0.00507341 0.0949273 0.00307837 5.664e-07 0.0687131 0.142594 0.132898 0.300185 0.0100486 0.019192 0.00206884 
0.148927 3.63714e-05 0.0127326 0.00133222 1.6639e-06 0.0317237 0.0280889 0.00681951 0.721046 0.0472493 0.00191118 0.000132234 
0.0557979 0.00082949 0.0105768 0.000273005 9.1597e-05 0.0702164 0.319293 0.0293157 0.498962 0.00394628 0.000398732 0.0102987 
0.118178 0.000389117 0.0639995 0.0014688 8.23327e-05 0.240766 0.0618852 0.040342 0.433702 0.00156643 0.0347114 0.00290932 
0.145013 0.00123928 0.243948 0.000737905 1.6576e-05 0.139898 0.0691557 0.105193 0.257698 0.0331634 0.00392133 1.62385e-05 
0.063688 0.000804034 0.0501963 0.00347905 4.96166e-05 0.0493725 0.0875292 0.0268459 0.67984 0.0132056 0.0242728 0.000716854 
0.174855 6.00457e-05 0.0782915 0.000525923 3.35355e-07 0.0433875 0.0332274 0.0900706 0.567324 0.0021844 0.0100386 3.52057e-05 
0.0378167 0.000101906 0.0271859 1.82228e-05 7.46069e-05 0.224587 0.103401 0.0363764 0.365252 0.17586 0.00226815 0.0270579 
0.0422469 0.000205014 0.0243239 0.00779351 0.000133785 0.0180065 0.30804 0.18379 0.401715 0.00852362 0.000286368 0.0049347 
0.161998 0.00224206 0.0940128 0.00306137 0.000175104 0.187393 0.057516 0.0595867 0.399364 0.0147364 0.0158517 0.00406262 
0.0604885 0.000177585 0.0587256 0.00184266 1.12291e-05 0.29145 0.0519275 0.00762824 0.522305 0.00525114 0.000193071 7.22862e-12 
0.0748024 0.13422 0.129435 0.0011097 0.000363263 0.0296159 0.0550313 0.0178318 0.522829 0.00150248 0.0154486 0.0178105 
0.171435 2.45585e-05 0.0525374 0.00397261 6.84859e-08 0.17883 0.153611 0.106895 0.2708 0.0495599 0.0123312 3.82618e-06 
0.130871 5.92348e-05 0.231569 0.000880473 1.8895e-05 0.0717245 0.0607508 0.103093 0.397728 0.00132167 0.00181513 0.000168503 
0.199066 0.000299159 0.128648 0.00066544 7.20293e-08 0.196719 0.045164 0.0473346 0.342689 0.0284162 0.0109167 8.2065e-05 
0.052401 8.55904e-06 0.0303871 1.09398e-05 7.51638e-06 0.0330653 0.0738786 0.0166147 0.791198 0.00218744 0.000210905 3.03436e-05 
0.198 0.013944 0.0475096 0.00186088 1.1393e-05 0.0777474 0.202104 0.0172107 0.354304 0.0672923 0.0199548 6.08677e-05 
0.0246144 4.54961e-05 0.086402 9.98168e-05 0.000115616 0.0403994 0.0601384 0.0327594 0.707549 0.00532897 0.0425116 3.59378e-05 
0.31743 0.00303399 0.110925 0.00394665 4.48313e-05 0.0702468 0.0489991 0.0401503 0.337056 0.0132156 0.0548242 0.000127729 
0.0327013 8.26952e-06 0.0299155 0.000835569 1.13311e-05 0.0271593 0.08215 0.108883 0.716116 0.000592406 0.0016008 2.60553e-05 
0.215334 0.000183787 0.138606 0.00642057 7.44923e-06 0.0264654 0.0840149 0.215499 0.230289 0.022756 0.0201426 0.0402819 
0.0160766 1.13833e-05 0.0791247 6.62932e-07 0.000203043 0.164534 0.0248221 0.0169993 0.359161 0.338904 0.000159055 4.09385e-06 
0.21346 0.0356861 0.0975037 0.00199281 0.000101122 0.0604346 0.0581245 0.0542953 0.459589 0.00956451 0.0091827 6.56531e-05 
0.325119 8.16674e-07 0.0435443 0.000977319 8.75898e-07 0.0703725 0.0764211 0.00589088 0.459116 0.00525641 0.0132695 3.08757e-05 
0.010629 0.000576723 0.149482 0.00632501 4.32321e-05 0.064391 0.0677832 0.329671 0.366043 0.0024101 0.00246228 0.000183745 
0.0841575 6.9479e-05 0.0753429 0.000172969 0.000266757 0.127522 0.113731 0.0786953 0.427121 0.0229832 0.069917 2.11488e-05 
0.211693 0.000382643 0.036305 0.00260844 0.000134966 0.0135738 0.0198159 0.0169366 0.682397 0.000290455 0.0158147 4.66785e-05 
0.0260211 0.0172622 0.0196699 0.00104585 0.0058379 0.0229691 0.0868504 0.0955131 0.71317 0.00222827 0.00921083 0.000221421 
0.383235 3.56447e-06 0.0137647 0.000281919 2.121e-06 0.0126597 0.0187055 0.0331731 0.537353 0.000446239 0.000355347 2.07566e-05 
0.142123 0.00224852 0.0272264 0.000587429 0.000159573 0.0264482 0.145377 0.122169 0.445875 0.0556594 0.024883 0.00724415 
0.00679722 1.9568e-05 0.0464816 0.000905326 9.13547e-06 0.00589218 0.128288 0.0625761 0.719317 0.000322871 0.0293461 4.56151e-05 
0.468617 1.92336e-06 0.00813662 3.80461e-05 1.94349e-06 0.00755957 0.001513 0.000687291 0.504374 0.00788209 0.00104437 0.00014326 
0.227844 5.44017e-06 0.010081 0.000151635 2.41793e-12 0.0256502 0.00490343 0.000396857 0.729824 0.000234898 0.00090725 9.82866e-07 
0.0115906 0.000265279 0.04285 0.000586017 7.52767e-06 0.0106499 0.0899246 0.0286867 0.788243 0.000376123 0.0267856 3.42717e-05 
0.0736274 0.000112781 0.155009 0.00115365 1.66728e-08 0.1816 0.0734537 0.0498331 0.352349 0.0476638 0.0651985 4.38006e-12 
0.188536 0.00227938 0.0703372 0.216712 0.000237358 0.0378309 0.0254365 0.141689 0.297184 0.00939455 0.00990006 0.000463494 
0.30065 0.000440239 0.0234003 0.00027864 1.39568e-05 0.02569 0.0114829 0.0362266 0.486145 0.115402 0.000188832 8.11875e-05 
0.030794 9.35358e-05 0.0452874 0.00460693 0.00629769 0.015296 0.136915 0.244491 0.479347 0.000985451 0.0303037 0.0055823 
0.12281 0.000270574 0.0775836 0.00137259 1.18454e-06 0.0344473 0.0440088 0.00365396 0.514681 0.196327 0.00481494 2.89718e-05 
0.0845793 3.64116e-06 0.0641753 0.000119887 0.000163719 0.0157406 0.123215 0.0869106 0.520287 0.102604 0.00186269 0.000338099 
0.0646106 0.00671271 0.0368123 0.00743767 4.2805e-05 0.0251525 0.0659821 0.146654 0.514343 0.0694387 0.0623063 0.000507103 
0.00368123 2.41472e-08 0.0594054 2.22598e-08 7.19175e-11 0.0163625 0.00697016 0.000436541 0.912885 6.60585e-08 0.000259218 5.23589e-09 
0.230617 0.00560797 0.11315 8.0229e-05 0.0130595 0.169472 0.191271 0.00546778 0.244134 0.0263094 0.000779101 5.18704e-05 
0.324846 0.023423 0.0468326 0.00192648 1.26097e-06 0.0552011 0.0170823 0.0062146 0.485444 0.00726857 0.0317276 3.29534e-05 
0.0503446 2.79004e-09 0.00238601 0.0010134 0.000105709 0.00225025 4.56488e-07 0.288225 0.655594 1.87688e-05 1.50808e-07 6.17491e-05 
0.108077 0.000219959 0.109624 0.123502 1.12244e-05 0.046105 0.0271163 0.0345872 0.51838 0.00448319 0.0277514 0.000143277 
0.0386255 0.00120865 0.0750746 0.0366259 0.0022812 0.0181138 0.0583611 0.219068 0.487848 0.0447726 0.0159379 0.00208201 
0.00911633 5.47633e-05 0.0441786 0.000443726 5.52114e-05 0.00277906 0.0205876 0.17548 0.71538 4.87482e-05 0.0315936 0.000283257 
0.0452241 0.000176786 0.0627669 0.000237632 4.45428e-05 0.01531 0.0949741 0.0192702 0.742044 0.00777039 0.0120119 0.000169016 
0.196029 0.000301494 0.091821 0.124819 0.000155458 0.0263125 0.0832792 0.14118 0.309655 0.00444063 0.0199184 0.00208851 
0.0206063 0.000508822 0.0311486 0.000471214 0.000152131 0.0376477 0.0207323 0.101589 0.729065 0.00188318 0.056018 0.000178109 
0.00640066 0.000230078 0.0371192 9.74025e-05 2.96307e-12 0.0257325 0.0235504 0.00770325 0.894949 0.00336063 0.000816942 3.96863e-05 
0.030794 9.35358e-05 0.0452874 0.00460693 0.00629769 0.015296 0.136915 0.244491 0.479347 0.000985451 0.0303037 0.0055823 
0.0591053 0.00034787 0.0466627 0.00296238 1.07776e-05 0.330647 0.0449261 0.0555406 0.439061 0.00836728 0.0123381 3.07773e-05 
0.296982 4.2588e-05 0.0248621 0.000532056 2.4511e-05 0.0235574 0.0361467 0.00855908 0.583091 0.00573369 0.0203965 7.24687e-05 
0.0429109 0.000653738 0.0506066 0.000500914 3.46927e-05 0.0159607 0.275606 0.0276874 0.557889 0.0113658 0.0167459 3.80192e-05 
0.255578 0.155664 0.0102101 0.00278892 2.5115e-08 0.0400734 0.122503 0.000803882 0.409152 0.000975173 0.00220984 4.12725e-05 
0.0664167 0.000328821 0.0962138 0.0294405 0.000456147 0.0235757 0.0478477 0.0260344 0.62118 0.025717 0.0625803 0.000208642 
0.0891464 0.000156016 0.0013125 0.000172378 0.000170999 0.0135651 0.0284285 0.00360226 0.825856 0.0371596 0.000390054 4.02472e-05 
0.080197 1.5294e-06 0.0599181 0.00527176 1.67341e-05 0.0220825 0.0797605 0.0159392 0.606716 0.0022506 0.127405 0.000441693 
0.076461 0.0463687 0.0577463 0.00283246 4.55253e-07 0.114578 0.149 0.00290963 0.351035 0.000150327 0.198916 2.82564e-06 
0.0444621 0.000916135 0.179048 0.00113944 7.21084e-06 0.0741179 0.0583927 0.0767615 0.331462 0.00381996 0.229789 8.37935e-05 
0.128871 0.000473911 0.056955 0.0186279 1.61e-07 0.0858188 0.0408001 0.0442656 0.575931 0.0211511 0.0270321 7.3797e-05 
0.127429 0.0344689 0.00539213 8.71327e-05 2.19386e-07 0.0844127 0.0166121 0.00599716 0.713842 0.011267 0.000462861 2.89422e-05 
0.02343 1.04638e-05 0.049424 0.0127866 5.09757e-07 0.308549 0.18434 0.0858426 0.325722 0.00729145 0.00233431 0.000268977 
0.0554828 0.000129803 0.219462 4.83911e-05 1.00361e-09 0.0646174 0.152324 0.0355914 0.467186 0.000957741 0.000666279 0.00353311 
0.192839 0.00138557 0.067844 0.00109007 0.000331943 0.162227 0.144858 0.0349369 0.342285 0.0289156 0.0158613 0.00742561 
0.0413346 0.00033386 0.266474 0.00376302 1.86322e-05 0.216267 0.0973883 0.0741625 0.288426 0.0101781 0.000989721 0.00066332 
0.0537184 0.00185113 0.0384252 0.000153452 4.80144e-06 0.0350034 0.266497 0.050607 0.534072 0.00173994 0.00582757 0.0120999 
0.0792386 6.40791e-05 0.103528 0.00741687 2.03028e-05 0.0492783 0.360196 0.0192114 0.362903 0.0116405 0.00641355 8.89429e-05 
0.103314 0.00126022 0.0355078 0.000279426 8.28786e-05 0.110223 0.0425924 0.0738079 0.339862 0.292188 0.000719952 0.000161699 
0.000480223 1.90573e-05 0.0662165 6.961e-05 3.30995e-05 0.014542 0.0466914 0.0594585 0.792426 9.65725e-05 0.0198456 0.000121623 
0.345457 0.000116587 0.111619 0.000220454 4.79595e-07 0.0429301 0.0281426 0.0399787 0.394851 0.00346937 0.0331731 4.14747e-05 
0.0683905 4.52928e-06 0.0163469 0.000180648 7.22822e-05 0.00262768 0.0122713 0.172654 0.724416 0.00110241 0.00183375 0.000100064 
0.00795458 1.71285e-09 0.00523577 0.000346565 0.00010562 0.00511367 0.224314 0.293125 0.462977 5.5684e-09 0.000698257 0.000128879 
0.193063 0.00872535 0.0195597 0.00190764 9.79898e-07 0.0063034 0.0335252 0.00879208 0.700225 0.0265942 0.0012976 5.40126e-06 
0.00571675 0.00323578 0.15423 0.00169897 0.00237703 0.0775007 0.0575628 0.194335 0.47038 0.00314864 0.0295713 0.000242582 
0.0857168 0.000285425 0.012646 0.000301652 4.34222e-05 0.0267216 0.0178688 0.0111208 0.833034 0.0022319 0.0100152 1.44145e-05 
0.0676777 0.000817683 0.07621 0.0116169 0.000226105 0.172592 0.283098 0.048309 0.305861 0.0108332 0.0164751 0.00628268 
0.0270449 0.00238523 0.0950407 0.00149612 1.76684e-05 0.0142966 0.290544 0.0852064 0.439559 0.00257751 0.0417401 9.22886e-05 
0.0197703 1.81574e-05 0.0729848 0.00119045 2.60198e-09 0.0294127 0.0236482 0.000655367 0.527849 0.319728 0.00473969 3.93267e-06 
0.081863 6.53605e-05 0.0311521 0.00210961 0.000266414 0.0733283 0.0709012 0.0407196 0.68637 0.00493671 0.00797823 0.000309164 
0.263262 0.000640887 0.0593024 0.0109233 0.000181756 0.0344143 0.0491684 0.0313552 0.490152 0.0284577 0.0295464 0.00259651 
0.364382 0.00455043 0.00755333 0.000889107 1.10969e-06 0.0856255 0.0274322 1.11055e-06 0.502344 0.00721841 1.11051e-06 1.11038e-06 
0.22921 7.91696e-05 0.0578309 0.0119578 3.25137e-08 0.0186772 0.0590286 0.201469 0.418065 1.71688e-05 0.0032856 0.000379257 
0.239463 0.00367679 0.0536146 0.00149926 0.000298057 0.250517 0.10221 0.0526363 0.267876 0.0132933 0.0112257 0.0036895 
0.0780304 0.000434854 0.0491227 0.00451051 0.000241012 0.11457 0.138849 0.0337142 0.53728 0.0121438 0.0206384 0.0104648 
0.0500657 0.000355216 0.153875 0.00210824 6.07076e-05 0.100134 0.0511157 0.239798 0.355945 0.038331 0.00531211 0.00289961 
0.188811 0.00266814 0.0290018 0.00160338 7.31207e-06 0.0960866 0.295807 0.000271004 0.371327 0.00575877 0.00408892 0.00456997 
0.12909 0.00376333 0.132262 0.000609047 4.46282e-06 0.156412 0.133067 0.0157107 0.413142 0.00691738 0.00786215 0.00115946 
0.062335 0.00246744 0.0308084 0.000312019 1.70705e-08 0.0140224 0.0218346 0.00468324 0.834839 0.000724222 0.0279458 2.7381e-05 
0.0267675 0.0127278 0.243252 0.0775346 8.1746e-05 0.0152361 0.0417278 0.193778 0.246491 0.000301107 0.135819 0.00628329 
0.240782 0.0260473 0.0792067 0.00526972 0.000532956 0.0387816 0.129559 0.0290275 0.434135 0.00570337 0.00657514 0.00437983 
0.0254869 8.73216e-07 0.268871 0.000892558 9.44456e-06 0.053588 0.0743678 0.150812 0.407307 0.0166931 0.0016951 0.000276046 
0.158164 0.00019134 0.106031 0.0923141 0.0224792 0.176249 0.1032 0.0348861 0.226261 0.00179227 0.0144588 0.0639743 
0.236406 0.001116 0.0439639 0.0169631 0.000359114 0.0617059 0.028816 0.0204782 0.520338 0.00862259 0.0610731 0.00015836 
0.277168 0.000776355 0.0523038 0.000768682 1.68919e-05 0.0284463 0.0763972 0.0234829 0.489365 0.0132525 0.0369028 0.0011195 
0.169801 0.000932927 0.0898099 0.0104711 2.4815e-05 0.0469114 0.0261963 0.217774 0.400491 0.0169064 0.020033 0.000648629 
0.0198218 0.000398491 0.0217835 0.000663723 0.000203013 0.0297381 0.0806404 0.179497 0.660878 0.000330395 0.00596936 7.54e-05 
0.0543655 0.000308348 0.0306669 0.00197223 6.33908e-05 0.0201723 0.252001 0.0448373 0.50407 0.00801101 0.0616384 0.021893 
0.0836953 0.00118671 0.090846 0.000182817 1.68679e-05 0.105882 0.0762285 0.0753637 0.558628 0.00755176 0.000350152 6.85827e-05 
0.229886 3.16477e-05 0.0560913 0.000693738 3.55553e-05 0.0205687 0.0418231 0.137278 0.498083 0.0125386 0.00268791 0.0002826 
0.0639587 0.00048491 0.043596 0.000523233 5.41188e-07 0.273103 0.00870309 0.00672345 0.595578 0.000855727 0.0063988 7.48098e-05 
0.0845726 0.00164334 0.123514 0.000532741 6.39352e-05 0.02522 0.0673835 0.0582989 0.627606 0.0099919 0.000956935 0.000215701 
0.107948 2.14704e-05 0.0697134 0.000197883 1.71292e-05 0.133737 0.109067 0.0218959 0.542739 0.00453097 0.00218925 0.00794268 
0.0547143 0.00358131 0.188868 0.00110021 6.4385e-05 0.126815 0.0462848 0.238258 0.290454 0.0397976 0.0097236 0.000339152 
0.0960369 1.55746e-05 0.00940992 0.0002454 0.00309642 0.00728497 0.0376917 0.0904602 0.698433 0.0455377 0.0110585 0.000730137 
0.21657 0.00430561 0.0158779 0.00116234 3.52203e-06 0.0107379 0.141367 0.0536245 0.52987 0.0142017 0.00242593 0.00985455 
0.0449498 1.16578e-05 0.119679 0.0834394 2.64185e-07 0.0853772 0.0719949 0.165384 0.399413 0.00754469 0.0220114 0.000194247 
0.0464478 0.000748718 0.12459 0.00211081 6.89867e-05 0.016564 0.0293845 0.0488518 0.659688 0.0345018 0.0370229 2.08438e-05 
0.00549435 1.0695e-08 0.000361217 0.000837169 2.18749e-05 0.426355 0.0597624 0.00413012 0.502167 0.000870631 5.41941e-07 3.78553e-09 
0.0663944 1.31076e-05 0.0229399 4.09638e-05 4.28253e-10 0.0176115 0.0176706 0.000390459 0.555431 0.318401 0.00110258 5.15049e-06 
0.0912902 2.56895e-06 0.0368032 1.54982e-05 9.08085e-13 0.0112642 0.00162389 0.000329991 0.856724 1.04755e-05 0.00193503 8.36622e-07 
0.171731 0.000710111 0.0911683 0.00227152 0.00407172 0.0793377 0.0482776 0.0571258 0.474906 0.0284585 0.0388498 0.00309198 
0.0577815 0.000158918 0.10705 0.000518838 1.15367e-10 0.0077547 0.0119055 0.018923 0.742801 0.0198735 0.0332095 2.28443e-05 
0.00650676 0.000886624 0.0400739 0.00169917 0.000276976 0.00933875 0.117319 0.2427 0.474115 0.000215598 0.106589 0.000279418 
0.0687127 0.000960092 0.0473074 0.000601718 7.80549e-07 0.275914 0.00887716 0.00785388 0.580638 0.00100736 0.00804053 8.58533e-05 
0.0844168 0.000496306 0.0466552 0.00187505 0.00132466 0.0234694 0.132629 0.0661237 0.571754 0.00561498 0.0467965 0.0188441 
0.194139 0.0117091 0.00321022 0.000230753 8.31939e-06 0.0209947 0.0899231 0.00412841 0.373252 0.299906 0.00182299 0.000675232 
0.0147589 0.00148201 0.0499129 0.000814133 0.000458649 0.021474 0.15956 0.307833 0.418567 0.00058422 0.0242321 0.000323526 
0.134273 0.00163851 0.0333798 0.000418491 0.000984834 0.20998 0.0670216 0.00988573 0.481528 0.0373029 0.0212753 0.00231146 
0.261129 0.000778155 0.0371289 0.00246613 8.46386e-06 0.0260289 0.225227 0.0448378 0.297365 0.029105 0.0730507 0.00287469 
0.337364 0.00322046 0.05902 0.00349809 5.52893e-10 0.0177282 0.116147 0.00356426 0.352654 0.0325057 0.0569681 0.0173306 
0.0784136 0.00456165 0.00622993 0.000757702 4.97151e-05 0.0204489 0.187832 0.0370281 0.622106 0.00624688 0.0122103 0.0241157 
0.0685727 0.00017274 0.0816271 0.0228366 0.000284483 0.0407723 0.0608135 0.193951 0.441147 0.0576813 0.0303531 0.00178854 
0.0205502 1.31691e-05 0.0904355 0.000109626 4.6292e-07 0.00511317 0.0393312 0.013163 0.794336 2.05997e-05 0.0369227 4.37361e-06 
0.163678 8.78972e-05 0.00307681 0.00025799 9.04648e-05 0.107179 0.0396289 0.0556847 0.528059 0.0736775 0.000891369 0.0276886 
0.0169284 0.000110723 0.0679897 0.000114347 0.000317082 0.00884323 0.0582054 0.109392 0.694101 0.000120596 0.0437657 0.0001118 
0.0122644 1.28142e-05 0.08655 0.000164306 0.000205268 0.06469 0.098273 0.0338606 0.701794 0.00110592 0.00107367 5.84972e-06 
0.2962 0.00247365 0.0412939 0.000719825 0.000317651 0.0745399 0.0497214 0.000675868 0.47539 0.0192762 0.0390361 0.000355406 
0.13163 2.49191e-05 0.0507542 0.000122815 0.00186629 0.00642666 0.187829 0.216434 0.316933 0.0192042 0.0017508 0.0670233 
0.0121474 8.61339e-05 0.165186 0.0178216 4.47719e-05 0.0124837 0.0721407 0.0293406 0.433918 0.00763881 0.248793 0.000399347 
0.0954131 3.25286e-06 0.0133543 0.000561097 4.9277e-05 0.0246061 0.0100328 0.0115128 0.837025 0.00435589 0.00301291 7.3328e-05 
0.0297754 5.73039e-06 0.000276088 0.000226144 0.0278549 0.00285735 0.379817 0.0550259 0.410315 0.0934419 6.12603e-05 0.000344214 
0.0267675 0.0127278 0.243252 0.0775346 8.1746e-05 0.0152361 0.0417278 0.193778 0.246491 0.000301107 0.135819 0.00628329 
0.351643 0.00025602 0.0255377 0.000149695 1.66025e-08 0.0270412 0.0365333 0.0180189 0.536495 0.000668994 0.00365624 9.78305e-08 
0.297602 0.00796509 0.0779568 0.000787943 9.5908e-06 0.0669118 0.041849 0.0132264 0.444286 0.0282455 0.0199791 0.00118159 
0.0564203 0.000342808 0.117248 0.0888465 5.08898e-06 0.107491 0.103075 0.1286 0.369892 0.00208288 0.025319 0.000678546 
0.0731856 0.000106883 0.0162822 0.000762698 9.20002e-06 0.0875669 0.125206 0.0212419 0.62094 0.0354265 0.0192647 7.51193e-06 
0.17237 0.00011944 0.0129852 0.000165205 6.95903e-05 0.0874776 0.0192955 0.00480813 0.640831 0.0359128 0.025888 7.71209e-05 
0.0110007 2.44535e-05 0.00298237 5.7817e-05 0.000117189 0.0163271 0.234852 0.35135 0.365338 0.00104252 0.0167386 0.00016899 
0.0183354 7.35628e-07 0.0422535 3.54114e-05 3.79476e-06 0.027727 0.021406 0.0211531 0.865749 0.000345139 0.00293243 5.82077e-05 
0.156943 0.000237538 0.0707276 0.00252216 1.2492e-05 0.223714 0.0500802 0.0325812 0.384121 0.0480246 0.0305578 0.00047817 
0.233904 4.25916e-05 0.0832052 0.00062472 5.16336e-05 0.0384943 0.0504194 0.217116 0.323586 0.0343439 0.00480582 0.0134057 
0.0399656 0.00452205 0.0387303 0.00109852 0.0010585 0.171097 0.0927631 0.045353 0.597002 0.00252282 0.00586737 1.9308e-05 
0.101012 0.00534354 0.03348 0.0229886 0.00161581 0.0292685 0.294904 0.0354207 0.427644 0.0021362 0.0458839 0.000303098 
0.0833516 0.0832773 0.0833541 0.0833079 0.083285 0.0833504 0.0833508 0.0833492 0.0833563 0.0833345 0.0833462 0.0833367 
7.77052e-06 2.999e-10 0.0504236 1.74892e-06 2.7242e-10 0.00600489 0.0418287 0.0363045 0.865341 3.09544e-06 8.49405e-05 2.19292e-07 
0.30723 1.6318e-06 0.019419 0.000408848 6.32623e-07 0.197169 0.0461476 0.0733209 0.351498 0.00417904 0.000602506 2.31598e-05 
0.049281 0.000156463 0.120556 0.000422686 4.41435e-09 0.00864495 0.04682 0.227001 0.485224 3.21597e-05 0.0617412 0.000120042 
0.0556896 5.44621e-06 0.0171182 0.000184402 1.35284e-12 0.00260458 0.00920761 0.034767 0.880189 4.40322e-06 0.00019863 3.08794e-05 
0.0627682 0.00210965 0.0181517 0.000827247 1.4654e-05 0.0146968 0.0133336 0.00803692 0.80553 0.0737168 0.000781646 3.23709e-05 
0.24028 0.0011557 0.190074 0.00061612 9.11607e-07 0.0314763 0.0728473 0.0253957 0.357514 0.0139329 0.0568168 0.00988977 
0.195124 0.00320346 0.0800517 0.00302427 0.0173558 0.0489328 0.169538 0.124205 0.213692 0.0706348 0.0215126 0.0527254 
0.114194 0.00193837 0.0433981 0.00104087 8.15075e-05 0.27619 0.129295 0.0142567 0.394245 0.0148508 0.00763324 0.00287594 
0.00145857 8.57632e-07 0.119317 0.000543797 7.51359e-08 0.0263401 0.243704 0.128488 0.453368 2.97699e-05 0.0267384 1.16684e-05 
0.261828 9.39076e-05 0.0274057 0.000308595 1.79256e-05 0.124389 0.16055 0.037893 0.335783 0.0505568 0.000799166 0.000375878 
0.040865 0.00155698 0.0152123 0.000359188 9.75488e-06 0.0624989 0.263207 0.00529438 0.580831 0.0169464 0.0132134 5.4621e-06 
0.0692529 0.000409416 0.0159514 0.00185097 0.000403441 0.0416456 0.363172 0.0123543 0.442091 0.00841269 0.0278154 0.0166416 
0.0065773 0.000113495 0.0362196 0.000131202 3.77617e-07 0.113628 0.00441546 0.106523 0.698317 0.0290913 0.00496467 1.88368e-05 
0.0592261 6.66266e-05 0.035456 0.000811691 0.000500075 0.028747 0.0520652 0.196628 0.500299 0.0343109 0.0915215 0.000368379 
0.00087309 2.31304e-05 0.00271437 0.00024461 7.10443e-11 0.431912 0.0950168 0.0243443 0.435258 0.00957716 3.34662e-05 3.18867e-06 
0.155266 7.10602e-06 0.0784545 8.61397e-05 0.000134338 0.197165 0.183584 0.0404983 0.312326 0.0320637 0.000347996 6.74204e-05 
0.254968 0.00235155 0.0896041 0.00101688 0.00140526 0.0522873 0.120962 0.0564176 0.360405 0.05238 0.00593422 0.00226712 
0.268232 1.86478e-05 0.00430105 0.000245469 0.00201929 0.035682 0.127049 0.107492 0.439228 0.0132448 0.00238016 0.000107294 
0.00542995 0.000243164 0.220894 0.000410841 0.000141021 0.038686 0.0344474 0.0474011 0.634493 0.00296232 0.014218 0.000673084 
0.0377139 8.85081e-05 0.0358407 0.000923328 0.000474876 0.11473 0.0559795 0.078874 0.610705 0.0583152 0.0063013 5.39095e-05 
0.21108 0.00269439 0.0532381 0.00338038 6.43719e-06 0.187566 0.222055 0.0287368 0.263204 0.0110341 0.00763724 0.00936674 
0.124226 1.41182e-05 0.07566 0.000148333 5.32852e-05 0.0131855 0.0249592 0.0650329 0.682581 0.0122092 0.00191435 1.60277e-05 
0.0336435 0.000167135 0.132167 0.000228615 0.0133646 0.0178333 0.0316995 0.133035 0.584538 0.000330056 0.0529427 5.14604e-05 
0.172926 0.00384776 0.0649985 0.00563092 0.000475969 0.0410272 0.0958235 0.0805758 0.50696 0.00794199 0.0168685 0.0029236 
0.00447067 3.46188e-07 0.00430754 0.000387015 1.32053e-05 0.0231457 0.0609035 0.0209094 0.842372 0.0430737 0.000342917 7.44109e-05 
0.233169 1.13691e-08 0.0147358 0.000318891 4.67178e-05 0.00785499 0.0640879 0.00677348 0.601746 0.0711981 2.89786e-05 4.07641e-05 
0.00309892 0.000165314 0.00766676 0.000104781 0.000620586 1.9943e-05 0.00478049 0.00267892 0.980738 5.14e-05 2.78936e-05 4.68274e-05 
0.0386974 1.28022e-05 0.21817 0.00244618 2.33153e-06 0.0116238 0.0568994 0.30539 0.336592 0.000186372 0.0298245 0.00015495 
0.107116 1.93306e-07 0.173287 0.000108575 2.17497e-05 0.0301236 0.0375053 0.11635 0.52453 0.00279145 0.00809819 6.77512e-05 
0.0168351 0.0126088 0.0529141 0.000987227 0.000485665 0.137341 0.207421 0.0755444 0.480711 0.0104902 0.00261938 0.00204206 
0.0121159 0.000349429 0.000510859 0.000239941 2.04407e-06 0.0367573 0.020061 0.0898782 0.816153 0.000265872 0.0236656 8.3584e-07 
2.51538e-06 0.000418666 0.0898488 0.000609509 1.33328e-09 0.0950679 0.22312 0.111615 0.470093 0.00386541 0.00535842 8.43253e-08 
0.116895 2.18123e-05 0.159796 0.00012148 0.00638798 0.0578975 0.196272 0.0872842 0.265589 0.0431048 0.0630909 0.00353927 
0.130079 4.152e-08 0.0415843 7.20635e-07 5.02809e-12 0.277306 0.0131889 0.0514742 0.469684 0.0160741 0.000563552 4.54906e-05 
0.0406271 0.00297771 0.103901 0.0810266 1.6373e-05 0.0232972 0.0963028 0.234275 0.362918 0.0015924 0.0527484 0.000317094 
0.117383 0.000213925 0.112037 0.00217795 8.02719e-08 0.0543563 0.126128 0.133036 0.430152 0.00593129 0.018339 0.000244343 
0.326217 5.92124e-06 0.0142975 0.000469794 3.52663e-06 0.00501358 0.0144429 0.0355443 0.603086 0.000293155 0.000592189 3.45787e-05 
0.0362853 0.000240763 0.023699 0.000394363 0.000709474 0.322697 0.107734 0.100356 0.392332 0.000276124 0.0151186 0.000157163 
0.184657 0.000550365 0.037203 0.00168382 3.71573e-08 0.0328513 0.0985011 0.0188973 0.618393 0.00415081 0.00238324 0.000729923 
0.0970997 0.000363351 0.0278669 0.00179262 0.00021369 0.0502633 0.100306 0.0215786 0.666391 0.0183418 0.0157544 2.93895e-05 
0.0473287 7.26684e-05 0.109851 0.000429843 0.0712852 0.00839154 0.0840102 0.140913 0.36806 0.162636 0.00659219 0.000429965 
0.101413 0.00075286 0.0305849 0.00854288 1.17441e-05 0.0224643 0.338099 0.0928296 0.344284 0.0103402 0.0504264 0.000250554 
0.0355001 1.28773e-05 0.011706 6.90769e-05 2.77175e-06 0.129897 0.109139 0.0248374 0.581043 0.000323137 0.107452 1.81724e-05 
0.358722 0.00021925 0.0359417 1.97708e-06 4.64071e-05 0.0566027 3.92562e-05 0.0842356 0.432835 0.0312244 3.31835e-05 9.82909e-05 
0.00820314 7.2116e-05 0.0151357 0.00109141 0.000132281 0.0254734 0.246015 0.152303 0.502257 0.0452642 0.00356405 0.000488723 
0.28292 0.00202704 0.0453122 0.000899445 9.18379e-06 0.0178247 0.0173585 0.019235 0.560545 0.00637993 0.0474015 8.79462e-05 
0.0255158 0.000235677 0.0500762 0.013794 2.78852e-10 0.127473 0.124129 0.0689423 0.579515 0.0097672 0.000551112 9.86827e-08 
0.160191 2.87644e-05 0.0402719 0.000646932 4.62604e-08 0.0749209 0.105548 0.0155387 0.578915 0.000427416 0.0234774 3.42496e-05 
0.0101092 0.00160752 0.00140618 9.98652e-05 3.08341e-07 0.0101696 0.455758 0.00218992 0.497014 0.00624145 0.0131492 0.00225426 
0.125788 0.00150918 0.0713205 0.00350717 0.000196665 0.0954332 0.100115 0.0491579 0.514536 0.0187323 0.0168502 0.00285337 
0.00677899 3.41193e-06 0.0363233 0.000447394 0.000214441 0.00625343 0.0500948 0.0641493 0.806965 0.0285286 9.53871e-05 0.000145903 
0.0252164 0.00104495 0.026137 0.000490551 0.000381284 0.0124811 0.0878239 0.275088 0.458632 0.111241 0.00141454 4.87943e-05 
0.120954 0.000587667 0.0606056 0.000389977 1.41674e-05 0.0124004 0.0973956 0.186965 0.483154 0.00163825 0.0253475 0.0105471 
0.176276 3.2019e-05 0.0481396 0.000537645 6.11324e-05 0.105512 0.045236 0.0341715 0.557074 0.0164068 0.0164005 0.000152885 
0.355683 2.64768e-08 0.0418842 0.000293153 2.04306e-08 0.162725 0.00546765 0.00401732 0.416337 0.00392144 0.00964018 3.14821e-05 
0.0624515 0.00293895 0.00981656 0.000604398 6.44984e-05 0.0453188 0.141525 0.0340504 0.686852 0.00177481 0.0104851 0.00411711 
0.271876 4.27228e-05 0.0448127 0.000190777 7.81074e-05 0.0634493 0.0918828 0.0151703 0.502158 0.00270201 0.00758416 5.30204e-05 
0.253173 1.56936e-05 0.0593553 0.00252301 4.19489e-05 0.0691234 0.0920898 0.0667787 0.317983 0.0102792 0.0330633 0.0955729 
0.260528 3.51633e-05 0.123353 0.000425678 1.14909e-05 0.0542645 0.0262597 0.0326021 0.490755 0.00610052 0.00562793 3.74625e-05 
0.0951776 5.73284e-07 0.0433076 0.00240519 8.01042e-08 0.162693 0.0283873 0.0422234 0.55763 9.13195e-05 0.0680334 5.11598e-05 
0.346713 0.000302557 0.0444265 0.000581814 2.60293e-06 0.0584175 0.0883047 0.0212263 0.346733 0.0807354 0.0110019 0.00155461 
0.123521 2.93456e-05 0.0127774 0.00093308 0.00011247 0.0269658 0.062644 0.2284 0.536978 0.00293083 0.00458854 0.000120089 
0.219615 0.000308061 0.0607782 0.01986 2.16161e-07 0.0623516 0.0960444 0.023635 0.379949 0.112492 0.0208305 0.00413666 
0.0481033 1.93916e-08 0.0628931 0.00100108 1.48815e-05 0.00708704 0.0287737 0.255033 0.583321 9.37273e-06 0.0136306 0.000133193 
0.0888075 0.000524843 0.0411958 0.0348431 0.000198553 0.0175428 0.113376 0.250517 0.342666 0.0821091 0.0277416 0.0004766 
0.00291129 8.14805e-07 0.0525617 0.000100101 1.76934e-06 0.0529222 0.050085 0.00744338 0.830906 0.000471055 0.00259528 1.50423e-06 
0.0340433 0.042015 0.152258 0.17081 4.83427e-08 0.00582947 0.0540935 0.222459 0.270686 0.00417654 0.0221682 0.0214615 
0.0564887 9.91318e-05 0.0878395 0.00155804 3.1275e-09 0.0349173 0.0362622 0.00506914 0.650367 0.0938731 0.0334188 0.000106649 
0.118807 0.00220451 0.0371549 0.00132711 0.000325971 0.0323989 0.124914 0.0315683 0.616906 0.009714 0.0219057 0.00277296 
0.027014 0.00209563 0.0570207 0.00952987 9.32531e-07 0.0416372 0.341659 0.0314404 0.456822 0.0189511 0.0134821 0.000347 
0.000651019 0.000327911 0.0169812 0.000108146 3.63106e-07 0.00640569 0.107006 0.275099 0.469046 0.123684 0.000486256 0.000205372 
0.254824 0.000393049 0.0484682 0.00208383 8.27829e-05 0.0862949 0.0843048 0.0210343 0.474449 0.00797812 0.0174559 0.00263147 
0.0747508 5.14711e-05 0.0232966 0.000410375 6.6766e-06 0.0595798 0.204282 0.0111602 0.554391 0.0186278 0.000510485 0.0529334 
0.0405182 0.00192833 0.0381844 0.00301963 8.12284e-05 0.0510274 0.308054 0.0326929 0.494713 0.00518428 0.0146351 0.0099614 
0.0259039 8.79016e-05 0.06935 0.00155753 3.02963e-07 0.099739 0.0292823 0.290175 0.475997 0.00336986 0.00446128 7.68816e-05 
0.179708 0.00395279 0.107534 0.00347006 0.000499731 0.137936 0.081721 0.0477635 0.385731 0.0291426 0.0191206 0.0034206 
0.0427564 5.11293e-08 0.0271236 0.000265669 0.00123036 0.0818754 0.0312464 0.0583088 0.749796 0.000959306 0.00641671 2.13131e-05 
0.302472 0.002288 0.0135485 0.0016576 1.48501e-05 0.128315 0.0187876 0.00458204 0.489778 0.031189 0.00735649 1.06623e-05 
0.00415507 0.0357251 0.1173 0.0402355 6.98303e-07 0.0350638 0.159145 0.137004 0.393658 0.0220171 0.0500715 0.00562414 
0.0759563 1.15138e-05 0.063225 0.0022239 1.14009e-07 0.0227741 0.0646716 0.0336815 0.622313 1.14077e-07 0.114527 0.000616145 
0.0490804 3.71108e-05 0.0456751 0.000148717 9.6034e-13 0.00178642 0.0136102 0.0237686 0.864885 8.80287e-06 0.000965474 3.38731e-05 
0.0219112 0.000263068 0.212179 0.00530887 8.25753e-06 0.0160948 0.156441 0.182233 0.379904 0.00161012 0.0237514 0.000295474 
0.230018 0.00142541 0.0231342 0.00676713 0.000984343 0.0418767 0.0442229 0.0277077 0.612402 0.00843483 0.00296796 5.96822e-05 
0.316088 0.00040399 0.0600602 0.000363907 1.41091e-05 0.0234105 0.134006 0.0494932 0.369758 0.0122518 0.0332245 0.000926209 
0.331829 0.0393348 0.0300067 0.000104742 3.35907e-06 0.142098 0.0114907 0.0192572 0.42561 0.000260826 4.10702e-06 3.7418e-07 
0.0736001 0.000124768 0.00169053 0.000256271 0.000188243 0.00910157 0.0802619 0.0114363 0.660321 0.162188 0.000817233 1.39265e-05 
0.121377 5.4999e-06 0.10643 0.00684361 1.57341e-05 0.00831812 0.0590422 0.173222 0.509573 0.000180932 0.0146944 0.000298516 
0.0733853 0.0101531 0.0356531 0.00216095 0.000208054 0.0171538 0.336626 0.0640912 0.416428 0.015321 0.0243931 0.00442642 
0.0700369 0.00756004 0.0655305 0.000166696 7.77493e-06 0.154013 0.0972008 0.0609203 0.507212 0.0316072 0.00497136 0.000773304 
0.196404 0.000107585 0.0100667 0.000930863 1.48153e-05 0.196914 0.0562584 0.00683396 0.469663 0.0174191 0.0453599 2.76489e-05 
0.383235 3.56447e-06 0.0137647 0.000281919 2.121e-06 0.0126597 0.0187055 0.0331731 0.537353 0.000446239 0.000355347 2.07566e-05 
0.197747 0.0192843 0.084233 0.00152401 6.44694e-06 0.159013 0.0622291 0.0317313 0.424905 0.00849434 0.00898573 0.00184741 
