0.00561458 0.000252843 0.0346038 0.00104634 3.87221e-05 0.0978671 0.01935 0.17259 0.0385815 0.619709 0.01027 7.55561e-05 
0.00222632 1.39996e-08 0.0115289 8.87334e-09 0.000111325 0.31494 0.156908 0.00149624 1.80767e-06 0.512787 2.36217e-09 7.72546e-07 
0.087713 3.67699e-05 0.00772444 0.00867646 2.24388e-06 0.101293 0.00346479 0.216262 0.156517 0.415837 0.00203557 0.000437387 
0.0844534 0.000202179 0.0269701 0.00062142 4.71533e-07 0.32266 0.0206568 0.0331693 0.114435 0.39675 7.65699e-05 3.97656e-06 
0.048642 0.000230985 0.109997 0.00864891 0.000594905 0.0860437 0.0243728 0.164352 0.0332776 0.521633 0.00219404 1.35682e-05 
0.0214059 0.324196 0.0160574 0.00144308 2.432e-05 0.0105368 0.0327871 0.0332064 0.0400953 0.518233 0.000992197 0.00102254 
0.00842556 2.37465e-09 0.083424 0.000182639 0.222174 8.61664e-05 0.0825078 0.238446 0.0755635 0.286596 0.00092372 0.00167178 
0.0586242 0.000674065 0.0546579 0.00292511 9.65634e-06 0.187619 0.00149304 0.00752666 0.0413257 0.643317 0.00181099 1.69554e-05 
0.0329422 9.25181e-06 0.00490427 1.35492e-05 6.00786e-06 0.00915467 0.0012056 0.0313793 0.0726229 0.843188 0.00454908 2.53701e-05 
0.0207363 0.333126 0.0241616 0.00150988 0.000125744 0.0120848 0.0332376 0.0381901 0.0425961 0.492184 0.00100614 0.0010419 
0.0681088 0.00164864 0.0826918 0.000808759 1.83017e-06 0.0967095 0.0707493 0.0022643 0.257787 0.414132 0.00283804 0.00225919 
0.0207363 0.333126 0.0241616 0.00150988 0.000125744 0.0120848 0.0332376 0.0381901 0.0425961 0.492184 0.00100614 0.0010419 
0.0516982 0.00388386 0.0586088 0.000731865 0.00415503 0.113755 0.0987759 0.00523234 0.0542028 0.606432 0.00195236 0.000571953 
0.0605743 3.29114e-05 0.0278558 0.000164987 4.4923e-07 0.0381931 0.121025 0.0186981 0.0141798 0.589041 0.0965645 0.0336703 
0.000207609 1.78611e-05 0.000325555 0.000206274 1.62245e-05 0.000980645 0.000267322 0.00169164 0.000577236 0.995702 3.01373e-06 5.0594e-06 
0.0864865 0.00113069 0.112454 0.00344943 0.0140285 0.144443 0.102637 0.0235765 0.0968237 0.413782 0.00113436 5.48982e-05 
0.117478 0.000409878 0.107316 0.000563225 5.40006e-05 0.0306043 0.143096 0.188406 0.128092 0.236679 0.0471477 0.000154069 
0.0345573 0.00147715 0.058178 0.066266 9.59534e-05 0.0196595 0.147084 0.138568 0.0347068 0.441134 0.0435644 0.0147092 
0.022317 0.00212287 0.00404559 0.000744973 4.45895e-06 0.0348686 0.00188442 0.172354 0.0201124 0.741462 1.34392e-05 7.06389e-05 
0.0495047 0.0429916 0.0328481 0.000216648 6.8427e-06 0.238251 0.110701 0.00774725 0.0889796 0.427732 0.000778177 0.00024387 
0.153377 0.000375303 7.03522e-05 1.42818e-07 2.06048e-06 0.024747 0.0411718 0.000155112 0.0289486 0.75115 2.19401e-06 2.99079e-08 
0.0214059 0.324196 0.0160574 0.00144308 2.432e-05 0.0105368 0.0327871 0.0332064 0.0400953 0.518233 0.000992197 0.00102254 
0.0160312 1.49456e-05 0.049446 0.000277643 0.000328459 0.131164 0.0381516 0.171337 0.19088 0.389226 0.0130605 8.32345e-05 
0.026437 0.000290172 0.104476 9.61669e-05 4.08548e-06 0.100062 0.0577911 0.28094 0.0772189 0.3273 0.0253833 1.94062e-06 
0.0214059 0.324196 0.0160574 0.00144308 2.432e-05 0.0105368 0.0327871 0.0332064 0.0400953 0.518233 0.000992197 0.00102254 
0.0488904 0.0132045 0.0415695 0.00812638 1.75271e-06 0.144818 0.0779816 0.0545432 0.241077 0.367365 0.00238392 3.85098e-05 
0.0664105 9.96145e-05 0.00101056 1.01047e-05 2.3026e-05 0.12667 0.295897 0.00569236 0.0409571 0.4632 2.93803e-05 6.49506e-07 
0.13613 5.39557e-06 0.14384 0.000744929 0.00161704 0.0571274 0.0047658 0.0190019 0.0815635 0.550736 0.00446795 6.93552e-08 
0.0587385 2.98339e-06 0.0712073 0.000357522 5.65227e-05 0.210292 0.184007 0.0726174 0.0957638 0.30682 6.25595e-05 7.43454e-05 
0.0214059 0.324196 0.0160574 0.00144308 2.432e-05 0.0105368 0.0327871 0.0332064 0.0400953 0.518233 0.000992197 0.00102254 
0.0185507 0.0135164 0.0334764 0.0288051 1.07794e-06 0.109847 0.0308808 0.0610729 0.0646549 0.518526 0.0326188 0.0880493 
0.00530283 0.0695655 0.00352654 1.05757e-05 6.97787e-08 0.0203129 0.0307351 0.000656886 0.00283098 0.867058 1.5223e-07 2.38528e-07 
0.0017624 1.22393e-05 0.0257957 1.0807e-08 0.000830878 0.00818895 0.000191595 0.00262627 0.00428698 0.956302 3.03564e-06 4.82974e-09 
0.00578011 1.0175e-05 0.00677268 9.65269e-07 1.987e-06 0.000570154 0.0139131 0.0689761 0.335664 0.568286 1.9715e-05 4.96123e-06 
0.0214059 0.324196 0.0160574 0.00144308 2.432e-05 0.0105368 0.0327871 0.0332064 0.0400953 0.518233 0.000992197 0.00102254 
0.0383715 0.00111651 0.00294235 0.000103203 5.65341e-05 0.224593 0.147783 0.00578039 0.146337 0.432352 0.000498796 6.50866e-05 
0.0873958 1.83306e-06 0.105777 0.170506 0.0310615 0.0214566 0.0476609 0.0894148 0.195689 0.208357 0.0426237 5.53307e-05 
0.0205382 1.11312e-06 0.195072 3.02234e-07 0.00029807 0.00020858 0.0265829 0.0682622 0.290807 0.382471 0.0157155 4.33978e-05 
0.0158301 0.000118877 0.0630069 0.00594496 3.02962e-05 0.319802 0.0457595 0.0878431 0.0762001 0.379573 0.0056591 0.000231798 
0.119307 4.75029e-05 0.0836426 0.000874458 0.00457927 0.173005 0.165042 0.0249272 0.0501899 0.373635 0.00473849 1.101e-05 
0.0377993 0.00339485 0.0172533 0.0114804 3.10115e-06 0.00116434 0.0837013 0.00489759 0.00232929 0.778294 0.0318222 0.0278607 
0.0452405 5.37458e-05 0.0134042 0.00019043 9.55457e-08 0.115504 0.0333204 0.00266987 0.0618575 0.727595 0.00014466 1.94682e-05 
0.00466759 0.0178875 0.0327225 0.000472976 0.000102463 0.0788978 0.00232567 0.106728 0.00763662 0.747282 0.00127657 7.67259e-08 
0.0351694 2.02048e-05 0.173404 0.000347863 6.89658e-10 0.235411 0.137704 0.0294381 0.0292786 0.3559 0.0033253 1.63081e-06 
0.0665765 0.0419955 0.110607 0.000257432 0.0147738 0.126455 0.072947 0.0580106 0.0806003 0.413764 0.00599291 0.00801973 
0.090858 7.38672e-07 0.0973079 1.61288e-06 1.70141e-05 0.124009 0.0339252 0.0319981 0.0856658 0.432887 0.103328 1.08471e-06 
0.0559533 0.00697607 0.0620124 0.00035377 0.000106789 0.172883 0.0243762 0.00210892 0.0273747 0.633064 0.0147236 6.74989e-05 
0.000335813 0.000112778 0.046013 0.00105628 0.000224182 0.126653 0.014493 0.141731 0.0370504 0.632312 3.56184e-07 1.87873e-05 
0.0385777 0.0357756 0.0305592 5.19041e-05 5.96632e-06 0.0233351 0.23393 0.00701334 0.0975285 0.533175 3.58861e-05 1.18248e-05 
0.0275309 0.000173426 0.0212331 0.000589257 0.000482177 0.21184 0.103454 0.0386019 0.0197674 0.548927 0.000423261 0.0269773 
0.0214059 0.324196 0.0160574 0.00144308 2.432e-05 0.0105368 0.0327871 0.0332064 0.0400953 0.518233 0.000992197 0.00102254 
0.00350878 2.22647e-05 0.000298774 9.95542e-05 0.149111 0.000667496 0.134401 0.0230438 0.215435 0.473135 4.03688e-05 0.000237034 
0.0143522 4.80671e-05 0.0119293 0.000188298 0.00481019 0.277586 0.252486 0.0190233 0.0469961 0.35925 5.77598e-05 0.0132721 
0.040767 0.002643 0.0454393 0.000439293 6.85354e-06 0.0535083 0.0496553 0.0023768 0.0289023 0.774201 0.00203824 2.31013e-05 
0.0377993 0.00339485 0.0172533 0.0114804 3.10115e-06 0.00116434 0.0837013 0.00489759 0.00232929 0.778294 0.0318222 0.0278607 
0.0214059 0.324196 0.0160574 0.00144308 2.432e-05 0.0105368 0.0327871 0.0332064 0.0400953 0.518233 0.000992197 0.00102254 
0.0116343 8.65232e-05 0.0220702 1.20213e-06 5.42727e-06 0.0969938 0.0925684 0.00266565 0.0354199 0.738071 0.000478368 5.22547e-06 
0.134487 0.0200766 0.021274 0.0018599 4.10315e-06 0.0297829 0.085443 0.00419618 0.233544 0.454736 0.0145395 5.66949e-05 
0.0894425 9.15515e-05 0.0591569 3.72702e-05 1.02866e-05 0.173123 0.0236498 0.00554023 0.295938 0.352664 0.000306157 4.08308e-05 
0.0169645 8.06709e-06 0.0656674 0.000723513 0.000246281 0.0367315 0.0193125 0.0246761 0.0168973 0.818724 4.08227e-05 7.56757e-06 
0.0533564 0.0251022 0.0503818 0.0155541 5.5781e-05 0.168984 0.0695677 0.0110125 0.0496629 0.555973 0.000331984 1.68241e-05 
0.00326634 0.0146767 0.00413447 0.000378612 5.06036e-07 0.055068 0.0125914 0.00550584 0.00968027 0.894681 1.56815e-05 1.2497e-06 
0.093089 0.000595744 0.0369277 0.00091058 2.78994e-05 0.065617 0.104127 0.00382437 0.0588322 0.633985 0.00194884 0.000114913 
0.0110315 9.57512e-05 0.0216995 0.00055835 0.000426814 0.176083 0.145477 0.0355565 0.0164473 0.563416 0.000150375 0.0290584 
0.00791306 2.90789e-06 0.00282492 3.33989e-05 2.92268e-08 0.0209333 0.00254079 0.00547905 0.00834885 0.951696 0.000227843 2.33974e-07 
0.0981951 0.000367288 0.0156916 7.5548e-05 1.08814e-06 0.19958 0.00928714 0.00061582 0.09441 0.55792 0.0238493 6.37121e-06 
0.012319 0.0782586 0.0594434 0.0322348 3.3071e-08 0.130479 0.051049 0.0842394 0.0787216 0.380427 0.0161916 0.0766362 
0.07792 0.000514084 0.305945 0.000206912 1.43481e-05 0.0114812 0.0111542 0.00375191 0.0552496 0.533272 0.000427599 6.36173e-05 
0.00323285 0.00154459 0.00669245 0.000343034 2.65444e-07 0.0173943 0.047474 0.00851588 0.222378 0.691995 0.000405164 2.42953e-05 
0.153377 0.000375303 7.03522e-05 1.42818e-07 2.06048e-06 0.024747 0.0411718 0.000155112 0.0289486 0.75115 2.19401e-06 2.99079e-08 
0.0377993 0.00339485 0.0172533 0.0114804 3.10115e-06 0.00116434 0.0837013 0.00489759 0.00232929 0.778294 0.0318222 0.0278607 
0.0628623 0.0410641 0.059853 0.020619 6.09641e-06 0.099883 0.0623451 0.0618924 0.200688 0.339011 0.00941284 0.0423632 
0.0383715 0.00111651 0.00294235 0.000103203 5.65341e-05 0.224593 0.147783 0.00578039 0.146337 0.432352 0.000498796 6.50866e-05 
7.73978e-07 7.41379e-06 1.57668e-05 4.69907e-06 1.40686e-05 1.96328e-05 3.8373e-06 1.5554e-05 1.02828e-05 0.999902 4.23509e-06 2.10005e-06 
0.11245 2.20665e-06 0.0173842 0.00010942 0.00040312 0.104894 0.0139698 0.00656066 0.0365046 0.707715 1.65511e-06 5.74221e-06 
0.146731 0.000169755 0.0495171 4.44598e-10 3.74532e-06 0.078682 0.23137 0.00246301 0.195695 0.295368 3.10231e-07 3.77101e-08 
0.148481 0.000525528 0.0816524 0.000550376 0.026723 0.0154146 0.044444 0.150039 0.254553 0.275047 0.00253663 3.40937e-05 
0.0562284 0.00275616 0.0597442 0.0129776 2.12022e-05 0.0489678 0.343687 0.0254694 0.048827 0.369458 0.022305 0.00955779 
0.11171 6.84651e-05 0.00201196 0.000151847 1.10152e-05 0.0597784 0.00927562 0.124248 0.103207 0.588097 0.00143381 6.87824e-06 
0.0163102 0.000220794 0.0400515 0.00111225 5.58992e-05 0.0597768 0.0146082 0.0213642 0.0315705 0.808684 0.00614629 9.9114e-05 
0.067712 0.00142279 0.0521285 0.000660666 0.00358867 0.0135845 0.156657 0.0834157 0.284277 0.336236 0.000310795 6.90152e-06 
0.0377993 0.00339485 0.0172533 0.0114804 3.10115e-06 0.00116434 0.0837013 0.00489759 0.00232929 0.778294 0.0318222 0.0278607 
0.223527 0.000378456 0.0454844 0.000142956 0.0118245 0.0817863 0.163804 0.0181846 0.190161 0.255512 0.00812505 0.00107051 
0.154803 0.000670015 0.310789 0.000521155 0.0152675 0.0678983 0.00124885 0.0322517 0.0674078 0.343497 0.00563259 1.26337e-05 
0.0377993 0.00339485 0.0172533 0.0114804 3.10115e-06 0.00116434 0.0837013 0.00489759 0.00232929 0.778294 0.0318222 0.0278607 
0.0599463 0.00131416 0.00530299 0.000344716 1.9158e-06 0.00892354 0.183044 0.202175 0.221429 0.31715 0.00034013 2.77536e-05 
0.166842 1.70071e-05 0.163665 0.195249 1.89034e-09 0.00195993 0.0632125 0.0506517 0.0540746 0.225737 0.0650938 0.0134967 
0.240225 0.00175546 0.0353247 0.000225266 0.00122679 0.145713 0.158989 0.00664946 0.149026 0.252687 0.00540127 0.00277729 
0.146085 0.00256722 0.0804361 0.00125783 3.5861e-05 0.0642302 0.130344 0.0457871 0.0351062 0.465226 0.0283708 0.000553392 
0.001075 2.09366e-05 0.208133 0.00023282 4.1825e-05 0.0945178 0.0716123 0.00115552 0.0642271 0.558398 0.000580587 4.937e-06 
0.0141397 0.00269209 0.0376745 0.000766572 4.65663e-05 0.171455 0.0594711 0.0452037 0.0696833 0.598486 0.000343179 3.89451e-05 
0.0574391 0.000241667 0.108981 0.00115343 9.70921e-08 0.175599 0.0482047 0.144875 0.0345442 0.428228 0.000721429 1.25625e-05 
0.208722 0.0019747 0.0616723 0.0163299 3.97663e-06 0.0114817 0.0516794 0.0792511 0.177436 0.339465 0.0388149 0.0131689 
0.0105772 0.000227852 0.0123275 0.00077713 0.00016021 0.342987 0.10339 0.0187376 0.0373743 0.459465 7.40027e-05 0.0139027 
0.0884958 0.000130113 0.118297 0.0215534 9.69992e-05 0.149992 0.0431244 0.0271342 0.0935447 0.452624 0.00482656 0.000181166 
0.0873958 1.83306e-06 0.105777 0.170506 0.0310615 0.0214566 0.0476609 0.0894148 0.195689 0.208357 0.0426237 5.53307e-05 
0.0322116 0.000718845 0.0100567 0.0105708 0.000308586 0.136311 0.0807228 0.0758916 0.311068 0.320349 0.0136445 0.0081459 
0.0214059 0.324196 0.0160574 0.00144308 2.432e-05 0.0105368 0.0327871 0.0332064 0.0400953 0.518233 0.000992197 0.00102254 
0.0102029 0.014877 0.0868318 0.00226263 1.24837e-07 0.140013 0.0938216 0.226297 0.140648 0.278576 0.00646825 2.39262e-06 
0.311691 0.000370827 0.0938692 3.64544e-05 3.47712e-07 0.0364311 0.0234022 0.00388876 0.120307 0.369342 0.0405942 6.75259e-05 
0.0214059 0.324196 0.0160574 0.00144308 2.432e-05 0.0105368 0.0327871 0.0332064 0.0400953 0.518233 0.000992197 0.00102254 
0.0214059 0.324196 0.0160574 0.00144308 2.432e-05 0.0105368 0.0327871 0.0332064 0.0400953 0.518233 0.000992197 0.00102254 
0.132466 8.40765e-05 0.0439036 0.000394888 3.13896e-07 0.149793 0.135001 0.00890488 0.144585 0.384814 1.17207e-07 5.36415e-05 
0.0273176 0.000588353 0.0475578 0.000486895 0.00113755 0.0582077 0.0184566 0.221663 0.0553157 0.557848 0.0110954 0.000325423 
0.0377993 0.00339485 0.0172533 0.0114804 3.10115e-06 0.00116434 0.0837013 0.00489759 0.00232929 0.778294 0.0318222 0.0278607 
0.0306415 4.20248e-05 0.0111763 0.000694114 0.000666799 0.0913969 0.0137294 0.00319972 0.0261757 0.714563 0.00377561 0.103939 
0.206655 0.000154033 0.139404 0.0011173 7.58965e-06 0.0236294 0.108038 0.00901967 0.180405 0.321556 0.00993791 7.55011e-05 
0.0377993 0.00339485 0.0172533 0.0114804 3.10115e-06 0.00116434 0.0837013 0.00489759 0.00232929 0.778294 0.0318222 0.0278607 
0.0438646 0.000134452 0.030575 0.0004184 0.0552124 0.0531991 0.245125 0.122536 0.0139018 0.399887 0.0237477 0.011398 
0.04768 0.00920211 0.0538143 0.000594278 1.47188e-06 0.0946556 0.271054 0.0221281 0.0781486 0.419536 0.00161384 0.00157164 
0.0479009 0.00169339 0.0391741 0.000349846 6.32524e-05 0.176798 0.0294411 0.0202387 0.0598478 0.615733 0.00529729 0.00346316 
0.0377993 0.00339485 0.0172533 0.0114804 3.10115e-06 0.00116434 0.0837013 0.00489759 0.00232929 0.778294 0.0318222 0.0278607 
0.0759875 7.2908e-06 0.189662 0.00027284 0.000104835 0.173089 0.143476 0.00264693 0.0690082 0.345019 0.000720234 6.88818e-06 
0.0329422 9.25181e-06 0.00490427 1.35492e-05 6.00786e-06 0.00915467 0.0012056 0.0313793 0.0726229 0.843188 0.00454908 2.53701e-05 
0.0264814 8.16669e-07 0.00373392 0.000545193 5.39607e-07 0.0036916 0.00815647 0.454469 0.0391594 0.463509 0.000180679 7.24762e-05 
0.0789745 0.000147866 0.0975899 0.000145647 9.44654e-06 0.044094 0.0512388 0.00431216 0.163325 0.559626 0.000508802 2.80316e-05 
0.0377993 0.00339485 0.0172533 0.0114804 3.10115e-06 0.00116434 0.0837013 0.00489759 0.00232929 0.778294 0.0318222 0.0278607 
0.087713 3.67699e-05 0.00772444 0.00867646 2.24388e-06 0.101293 0.00346479 0.216262 0.156517 0.415837 0.00203557 0.000437387 
0.0162919 1.68455e-05 0.189252 0.000144407 0.000126521 0.131432 0.0647145 0.213326 0.0317531 0.352892 3.14339e-05 1.87354e-05 
0.0068042 0.0020378 0.112457 0.000281355 4.33695e-05 0.01464 0.00561908 0.148023 0.255911 0.452281 0.00185579 4.66684e-05 
0.134487 0.0200766 0.021274 0.0018599 4.10315e-06 0.0297829 0.085443 0.00419618 0.233544 0.454736 0.0145395 5.66949e-05 
0.148505 0.00274178 0.03262 0.0218102 7.66952e-06 0.019452 0.090364 0.021862 0.0199404 0.582514 0.0417813 0.0184019 
0.0828221 0.000180714 0.145998 0.00272883 0.0142827 0.0693388 0.0192221 0.0106382 0.158667 0.487309 0.00877383 3.90059e-05 
0.0214059 0.324196 0.0160574 0.00144308 2.432e-05 0.0105368 0.0327871 0.0332064 0.0400953 0.518233 0.000992197 0.00102254 
0.02511 0.000102458 0.0244488 0.00172646 0.000363929 0.0644753 0.0267667 0.161227 0.0311385 0.661984 0.0025972 5.96634e-05 
0.0377993 0.00339485 0.0172533 0.0114804 3.10115e-06 0.00116434 0.0837013 0.00489759 0.00232929 0.778294 0.0318222 0.0278607 
0.0377993 0.00339485 0.0172533 0.0114804 3.10115e-06 0.00116434 0.0837013 0.00489759 0.00232929 0.778294 0.0318222 0.0278607 
0.0295547 0.000826382 0.0360463 0.01107 0.000260508 0.185296 0.0680382 0.0207546 0.0647613 0.574527 0.00838511 0.000479386 
0.0240058 0.0440139 0.0363742 0.00129507 2.19161e-06 0.18005 0.0345363 0.02296 0.324599 0.332118 4.37737e-05 1.71204e-06 
0.0214059 0.324196 0.0160574 0.00144308 2.432e-05 0.0105368 0.0327871 0.0332064 0.0400953 0.518233 0.000992197 0.00102254 
0.0894763 0.00219804 0.0846503 0.10633 1.9601e-06 0.0843902 0.0821544 0.0408855 0.0113835 0.386888 0.0954704 0.0161709 
0.0125028 3.96384e-07 0.00846212 3.70144e-05 1.19205e-06 0.010264 0.00146344 0.0812059 0.0416476 0.841448 0.00295497 1.2449e-05 
0.0866022 0.013459 0.171725 0.0357079 6.07753e-05 0.0967569 0.081277 0.0345039 0.169344 0.297399 0.0126808 0.000483342 
0.0377993 0.00339485 0.0172533 0.0114804 3.10115e-06 0.00116434 0.0837013 0.00489759 0.00232929 0.778294 0.0318222 0.0278607 
0.0953404 0.000214272 0.0370312 0.0143373 4.74246e-07 0.252512 0.153625 0.0127446 0.0322273 0.39774 0.00130025 0.00292796 
0.0647707 0.00392613 0.0710545 0.00694902 4.64543e-05 0.00197531 0.0855125 0.119434 0.0305619 0.556269 0.0403757 0.0191247 
0.0701196 0.000141203 0.0450491 0.0163528 0.000113698 0.0698966 0.0516665 0.015794 0.0404637 0.68711 0.00320738 8.5896e-05 
0.0378242 0.000967101 0.0494922 0.00745337 2.19713e-05 0.0398121 0.0656039 0.171539 0.259721 0.349665 0.0177949 0.000104937 
0.012319 0.0782586 0.0594434 0.0322348 3.3071e-08 0.130479 0.051049 0.0842394 0.0787216 0.380427 0.0161916 0.0766362 
0.138783 9.73099e-06 0.0826151 0.00447905 3.91003e-06 0.169311 0.149766 0.102825 0.149454 0.184509 0.000677992 0.0175672 
0.0214059 0.324196 0.0160574 0.00144308 2.432e-05 0.0105368 0.0327871 0.0332064 0.0400953 0.518233 0.000992197 0.00102254 
0.0590588 0.00471113 0.0196844 4.6074e-05 7.75411e-07 0.325818 0.0327649 0.0404935 0.159722 0.357416 5.55675e-05 0.000228798 
0.155868 1.59788e-05 0.146554 0.11928 5.64395e-05 0.00955038 0.0316753 0.111374 0.159442 0.262523 7.52321e-05 0.00358591 
0.0708438 0.0355593 0.0990863 0.000640891 1.31794e-05 0.0938304 0.0325596 0.0958903 0.0299725 0.535439 0.00024348 0.00592123 
0.00434988 9.74655e-05 0.0276933 0.00219117 0.000658264 0.0366755 0.0652332 0.0575716 0.0418117 0.760826 0.00281491 7.72365e-05 
0.141324 0.0231085 0.0176095 0.0011815 0.000826105 0.0341154 0.0269587 0.0832488 0.114651 0.556047 0.000922042 6.91068e-06 
0.0185257 0.000828603 0.0666103 0.000148594 0.0147781 0.0900224 0.0261858 0.0928852 0.049751 0.634709 0.00549479 6.06685e-05 
0.0465274 3.27002e-06 0.0842756 8.6919e-05 2.57659e-08 0.0508536 0.126818 0.123944 0.00642035 0.560857 9.22784e-05 0.000122199 
0.0611218 2.05704e-05 0.0516718 1.39333e-05 1.09923e-06 0.0159803 0.0594863 0.00678409 0.174997 0.629795 0.000123023 4.91661e-06 
0.226936 0.00509719 0.0213487 0.0122556 5.72442e-06 0.0141777 0.0886309 0.0095503 0.0663802 0.520863 0.0220869 0.0126677 
0.0723036 0.0220603 0.119802 0.00316258 3.52945e-05 0.0972053 0.229695 0.0320685 0.148598 0.252454 0.0056718 0.0169431 
0.183119 4.39149e-05 0.0147045 3.483e-05 5.54827e-07 0.0824364 0.0736282 0.0111435 0.0458424 0.578614 0.010117 0.000316072 
0.0873958 1.83306e-06 0.105777 0.170506 0.0310615 0.0214566 0.0476609 0.0894148 0.195689 0.208357 0.0426237 5.53307e-05 
0.0214059 0.324196 0.0160574 0.00144308 2.432e-05 0.0105368 0.0327871 0.0332064 0.0400953 0.518233 0.000992197 0.00102254 
0.031229 7.81333e-06 0.00206695 0.000224019 0.063364 0.0031675 0.0644094 0.0406178 0.347606 0.446905 0.000160075 0.000241839 
0.182348 0.0152618 0.0452647 0.000277378 2.88286e-07 0.113541 0.23579 0.0195267 0.112585 0.267012 0.00391199 0.00448144 
0.00719339 9.89032e-06 0.00192415 2.4012e-05 0.000101079 0.066049 0.0161367 0.00494018 0.0433707 0.859999 0.000251751 4.95015e-07 
0.133196 0.000127805 0.127327 0.00108281 2.96472e-06 0.176862 0.0121506 0.10524 0.0238589 0.401376 0.0187749 5.04217e-08 
0.0214059 0.324196 0.0160574 0.00144308 2.432e-05 0.0105368 0.0327871 0.0332064 0.0400953 0.518233 0.000992197 0.00102254 
0.0162658 0.0380205 0.0388803 0.000535514 3.32565e-05 0.209302 0.0437392 0.0641167 0.100421 0.473921 0.0147395 2.48579e-05 
0.0160312 1.49456e-05 0.049446 0.000277643 0.000328459 0.131164 0.0381516 0.171337 0.19088 0.389226 0.0130605 8.32345e-05 
0.153377 0.000375303 7.03522e-05 1.42818e-07 2.06048e-06 0.024747 0.0411718 0.000155112 0.0289486 0.75115 2.19401e-06 2.99079e-08 
0.0772605 0.000165022 0.262756 0.000392593 8.93897e-06 0.0269085 0.0298226 0.0262537 0.247417 0.326712 0.00229432 8.25544e-06 
0.130695 2.95019e-10 0.0154824 3.64935e-07 0.000210731 0.104701 0.00612142 0.119851 0.0486336 0.573775 0.000259869 0.00026924 
0.0377993 0.00339485 0.0172533 0.0114804 3.10115e-06 0.00116434 0.0837013 0.00489759 0.00232929 0.778294 0.0318222 0.0278607 
0.309702 1.60274e-10 0.215826 1.01586e-10 1.45588e-10 5.48535e-06 1.81193e-11 2.14497e-11 0.0612678 0.404581 0.00861772 2.22505e-07 
0.0207363 0.333126 0.0241616 0.00150988 0.000125744 0.0120848 0.0332376 0.0381901 0.0425961 0.492184 0.00100614 0.0010419 
0.0110315 9.57512e-05 0.0216995 0.00055835 0.000426814 0.176083 0.145477 0.0355565 0.0164473 0.563416 0.000150375 0.0290584 
0.132477 0.00277147 0.0592985 0.0010474 6.51605e-05 0.129663 0.0621662 0.0628446 0.0365039 0.416293 0.0968638 5.74079e-06 
0.0214059 0.324196 0.0160574 0.00144308 2.432e-05 0.0105368 0.0327871 0.0332064 0.0400953 0.518233 0.000992197 0.00102254 
0.0450095 6.3883e-05 0.000195641 3.53313e-05 4.09348e-05 0.308342 0.00223748 0.03978 0.185506 0.418752 2.77638e-05 8.97513e-06 
0.00284889 0.00290043 0.138682 0.00491937 1.30347e-09 0.264128 0.189379 0.0302704 0.0264379 0.337261 0.00301941 0.00015375 
0.0730951 0.187086 0.215978 0.000600073 7.42437e-05 2.24121e-05 2.99509e-05 0.0158425 0.00370562 0.287678 0.215888 3.33277e-09 
1.30666e-06 5.84071e-07 0.00468711 3.46128e-07 2.79924e-06 5.72807e-12 4.28792e-06 0.197074 0.0914876 0.706741 9.61477e-08 6.05257e-07 
0.077664 0.00763531 0.074369 0.00228245 1.3244e-05 0.0117085 0.00497218 0.0254634 0.216041 0.57981 3.65934e-05 4.24714e-06 
0.0377993 0.00339485 0.0172533 0.0114804 3.10115e-06 0.00116434 0.0837013 0.00489759 0.00232929 0.778294 0.0318222 0.0278607 
1.95646e-05 4.39583e-09 0.00848151 0.000509012 2.19772e-06 0.03047 0.0279678 0.356064 0.0288356 0.547518 0.000126628 5.2505e-06 
0.0377993 0.00339485 0.0172533 0.0114804 3.10115e-06 0.00116434 0.0837013 0.00489759 0.00232929 0.778294 0.0318222 0.0278607 
0.131234 3.90404e-07 0.145145 8.78514e-05 2.58613e-09 0.0514819 0.04808 0.207361 0.0986969 0.209631 0.108215 6.75737e-05 
0.0160594 0.000164974 0.0133332 0.00215438 7.6055e-08 0.277931 0.00113595 0.000187346 0.0392092 0.649699 0.000124477 1.07289e-06 
0.0214059 0.324196 0.0160574 0.00144308 2.432e-05 0.0105368 0.0327871 0.0332064 0.0400953 0.518233 0.000992197 0.00102254 
0.0238971 3.17579e-05 0.0190964 0.000233479 0.0250823 0.102178 0.152527 0.0549634 0.177226 0.444548 6.80219e-05 0.000148546 
0.0214618 1.21363e-05 0.000458583 7.81698e-05 5.10872e-07 0.212622 0.00228928 3.42582e-05 0.0151155 0.747063 0.000221529 0.000643745 
0.0377993 0.00339485 0.0172533 0.0114804 3.10115e-06 0.00116434 0.0837013 0.00489759 0.00232929 0.778294 0.0318222 0.0278607 
0.0758178 2.5141e-06 0.123976 0.0058251 0.000319522 0.113826 0.00514839 0.144232 0.018382 0.486076 1.56907e-06 0.0263936 
0.111639 1.57076e-05 1.57221e-05 1.57133e-05 1.5709e-05 0.102204 0.141509 0.0786212 0.150952 0.414981 1.57206e-05 1.57188e-05 
0.152624 0.0117683 0.151379 0.000266212 1.16567e-07 0.234895 0.108883 0.0226795 0.0351839 0.280852 0.00141774 5.18675e-05 
0.0317401 0.000845253 0.0306532 0.000167351 1.96545e-05 0.175121 0.0590003 0.00925836 0.13266 0.555693 0.00292193 0.00191955 
0.0452405 5.37458e-05 0.0134042 0.00019043 9.55457e-08 0.115504 0.0333204 0.00266987 0.0618575 0.727595 0.00014466 1.94682e-05 
0.00796867 8.96005e-06 0.0120457 2.18636e-06 4.45066e-06 0.193827 0.0434124 0.00986174 0.0284324 0.704405 2.98051e-05 1.60848e-06 
0.087713 3.67699e-05 0.00772444 0.00867646 2.24388e-06 0.101293 0.00346479 0.216262 0.156517 0.415837 0.00203557 0.000437387 
0.0377993 0.00339485 0.0172533 0.0114804 3.10115e-06 0.00116434 0.0837013 0.00489759 0.00232929 0.778294 0.0318222 0.0278607 
0.0441847 0.00224558 0.0101409 0.000756334 4.7328e-05 0.199516 0.0420421 0.233396 0.0963473 0.370726 0.000477558 0.000120933 
0.0377993 0.00339485 0.0172533 0.0114804 3.10115e-06 0.00116434 0.0837013 0.00489759 0.00232929 0.778294 0.0318222 0.0278607 
0.0377993 0.00339485 0.0172533 0.0114804 3.10115e-06 0.00116434 0.0837013 0.00489759 0.00232929 0.778294 0.0318222 0.0278607 
0.118856 0.0249569 0.0290424 0.0350601 2.29637e-06 0.00170705 0.160818 0.0092395 0.00252033 0.55101 0.0288922 0.0378963 
0.0214059 0.324196 0.0160574 0.00144308 2.432e-05 0.0105368 0.0327871 0.0332064 0.0400953 0.518233 0.000992197 0.00102254 
0.0731559 0.00862793 0.0152402 0.0023994 0.00186811 0.092905 0.0815933 0.0612149 0.159795 0.487629 0.013979 0.00159165 
0.0786031 0.183174 0.0426582 0.000261501 9.12567e-05 0.00838779 0.055482 0.206912 0.0557209 0.368421 0.000280826 6.01697e-06 
0.0264814 8.16669e-07 0.00373392 0.000545193 5.39607e-07 0.0036916 0.00815647 0.454469 0.0391594 0.463509 0.000180679 7.24762e-05 
0.0214059 0.324196 0.0160574 0.00144308 2.432e-05 0.0105368 0.0327871 0.0332064 0.0400953 0.518233 0.000992197 0.00102254 
0.0820196 0.000135182 0.0949196 0.000141651 3.56661e-06 0.0459052 0.0424299 0.00393838 0.16169 0.568277 0.000512768 2.7032e-05 
0.0713555 1.36049e-05 0.108914 0.00445424 5.0219e-07 0.0835224 0.038817 0.0724549 0.019248 0.600555 0.000636745 2.854e-05 
0.0350045 0.00909326 0.0366591 7.81769e-06 0.000160958 0.279283 0.127543 0.0391274 0.145525 0.326697 0.000875425 2.40721e-05 
0.0450793 0.018642 0.128029 0.000226388 2.18872e-07 0.072314 0.0835568 0.0370788 0.0722459 0.461339 0.0814271 6.18601e-05 
0.105013 3.63695e-05 0.0276665 0.000344132 1.18754e-05 0.0495187 0.0137347 0.00925269 0.149713 0.644646 5.36104e-05 1.0021e-05 
0.0686785 0.000385031 0.0351781 0.00132093 7.36179e-05 0.0218856 0.0223269 0.0356477 0.203856 0.597672 0.0125891 0.000386055 
0.0377993 0.00339485 0.0172533 0.0114804 3.10115e-06 0.00116434 0.0837013 0.00489759 0.00232929 0.778294 0.0318222 0.0278607 
0.00385519 9.87209e-06 0.000283521 0.000200742 4.09989e-08 0.343365 0.000413863 2.08297e-05 0.000894618 0.650912 5.56581e-08 4.37753e-05 
0.0329422 9.25181e-06 0.00490427 1.35492e-05 6.00786e-06 0.00915467 0.0012056 0.0313793 0.0726229 0.843188 0.00454908 2.53701e-05 
0.0160312 1.49456e-05 0.049446 0.000277643 0.000328459 0.131164 0.0381516 0.171337 0.19088 0.389226 0.0130605 8.32345e-05 
0.0394914 0.000323559 0.0683541 0.00264365 0.00397308 0.104997 0.17924 0.136604 0.106941 0.357186 0.000196435 4.91012e-05 
0.129763 0.000981859 0.116833 0.00467883 0.00112546 0.0563362 0.0672147 0.171673 0.212955 0.237674 0.000622256 0.00014219 
0.183802 0.00531492 0.0230387 0.000123545 0.0460209 0.139872 0.138656 0.0261025 0.124192 0.312206 0.000183615 0.00048747 
0.0251955 0.00120664 0.0343483 0.00111504 0.000872439 0.223368 0.0174123 0.00904928 0.0510651 0.566353 0.000871406 0.0691433 
0.0154175 0.00601729 0.0464928 0.000119555 1.81249e-07 0.153776 0.0122484 0.0413292 0.00390279 0.720629 6.39838e-05 2.78801e-06 
0.121121 0.000686276 0.0983836 1.63515e-06 9.04498e-05 0.10368 0.0120688 0.00777261 0.0525754 0.603108 0.000364885 0.000146624 
0.0499805 1.06873e-05 0.00286226 3.06135e-06 4.3653e-06 0.230931 0.317853 0.00084102 0.0328791 0.357984 4.99316e-06 0.00664679 
0.163285 0.000306881 0.0146605 0.00140828 7.19803e-05 0.0726814 0.247111 0.00681367 0.111055 0.379456 0.00294629 0.000205188 
0.0205382 1.11312e-06 0.195072 3.02234e-07 0.00029807 0.00020858 0.0265829 0.0682622 0.290807 0.382471 0.0157155 4.33978e-05 
0.0979958 0.154928 0.278663 0.000625545 1.33253e-05 0.0450694 0.0247151 0.0157179 0.0487411 0.309762 0.0200081 0.00376014 
0.0214059 0.324196 0.0160574 0.00144308 2.432e-05 0.0105368 0.0327871 0.0332064 0.0400953 0.518233 0.000992197 0.00102254 
0.0330915 0.000132322 0.0250451 0.00831128 7.92808e-05 0.165874 0.0420199 0.0783057 0.084063 0.546563 0.00869456 0.00782025 
0.0377993 0.00339485 0.0172533 0.0114804 3.10115e-06 0.00116434 0.0837013 0.00489759 0.00232929 0.778294 0.0318222 0.0278607 
0.0377993 0.00339485 0.0172533 0.0114804 3.10115e-06 0.00116434 0.0837013 0.00489759 0.00232929 0.778294 0.0318222 0.0278607 
0.04855 0.000102859 0.187382 0.00159683 2.60899e-05 0.176716 0.123056 0.0629 0.0800599 0.288416 0.0247875 0.00640699 
0.000111948 0.000186766 0.0793647 0.000380799 0.000259032 0.00417224 0.0473294 0.0392906 0.011525 0.816328 0.00104927 1.80576e-06 
0.000172399 0.00719406 0.0615366 7.48926e-06 1.80567e-07 0.0336327 0.00408936 0.146339 0.00430097 0.742634 7.36641e-05 1.96634e-05 
0.308085 5.57737e-05 0.0404854 0.000984368 1.03212e-05 0.0130486 0.10268 0.0562917 0.0253423 0.452999 1.4775e-05 2.17815e-06 
0.133209 0.000148114 0.0439113 0.00224338 0.00193326 0.126149 0.0363446 0.0198077 0.175093 0.460321 0.000627454 0.000212658 
0.0677903 2.47142e-05 0.141391 0.000597924 0.000151376 0.112796 0.051359 0.0158645 0.171204 0.419622 0.00216138 0.0170383 
0.0173498 4.17444e-06 2.91987e-07 2.64588e-06 3.79194e-06 5.03594e-07 0.000886307 0.126859 0.000637395 0.854254 7.04358e-07 1.18247e-06 
0.133868 0.000164514 0.0234006 0.00107115 0.000450579 0.0797665 0.0168075 0.0309813 0.148153 0.565067 0.000134887 0.00013614 
0.0386961 0.000160373 0.0305113 0.00267334 0.00103866 0.114947 0.0807596 0.0822948 0.263707 0.36539 0.0189717 0.000850349 
0.158509 5.40431e-05 0.00745458 1.12454e-05 7.35527e-05 0.0987066 0.258536 0.00811307 0.0502038 0.418324 1.1308e-05 2.58557e-06 
0.0612457 0.00114853 0.14081 0.0145029 6.46282e-05 0.0842422 0.0175001 0.196918 0.0616267 0.409563 0.0121345 0.000243414 
0.0377993 0.00339485 0.0172533 0.0114804 3.10115e-06 0.00116434 0.0837013 0.00489759 0.00232929 0.778294 0.0318222 0.0278607 
0.0471932 5.77548e-05 0.0640346 0.000472852 0.0024405 0.0383927 0.175828 0.276968 0.0781497 0.313055 0.0032389 0.00016858 
0.0686106 2.74221e-05 0.0243242 1.85742e-05 1.46442e-06 0.018061 0.0750876 0.00904542 0.160931 0.643841 4.41913e-05 6.55417e-06 
0.0639403 9.77607e-06 0.0185885 0.00049847 1.20968e-05 0.0621375 0.0681866 0.00241853 0.0448049 0.736797 0.00257152 3.45074e-05 
0.0151342 3.14871e-06 0.056879 0.000118547 1.156e-05 0.0871967 0.0242488 0.197839 0.168003 0.449557 0.000968879 4.11434e-05 
0.087713 3.67699e-05 0.00772444 0.00867646 2.24388e-06 0.101293 0.00346479 0.216262 0.156517 0.415837 0.00203557 0.000437387 
0.0377993 0.00339485 0.0172533 0.0114804 3.10115e-06 0.00116434 0.0837013 0.00489759 0.00232929 0.778294 0.0318222 0.0278607 
0.0154644 0.000203923 0.00560408 0.000337914 3.97645e-05 0.069404 0.00606017 0.0182469 0.255739 0.628665 0.000209072 2.61042e-05 
0.0377993 0.00339485 0.0172533 0.0114804 3.10115e-06 0.00116434 0.0837013 0.00489759 0.00232929 0.778294 0.0318222 0.0278607 
0.110246 0.00205214 0.0136497 0.00809894 2.60232e-06 0.00743148 0.121364 0.00418977 0.0181174 0.674327 0.0215614 0.0189593 
0.07339 0.0101382 0.0633253 4.39712e-05 5.63285e-05 0.169184 0.288807 0.0110986 0.0419985 0.341764 0.00018856 5.74259e-06 
0.0824261 0.000117951 0.0318795 4.66957e-05 0.00014977 0.176761 0.0273804 0.00195691 0.0236432 0.635223 0.02039 2.51527e-05 
0.0144194 0.00011575 0.000413947 1.26118e-05 4.11611e-05 0.254246 0.018702 0.00188013 0.0587639 0.65024 0.00116284 2.47554e-06 
0.0214059 0.324196 0.0160574 0.00144308 2.432e-05 0.0105368 0.0327871 0.0332064 0.0400953 0.518233 0.000992197 0.00102254 
0.0377993 0.00339485 0.0172533 0.0114804 3.10115e-06 0.00116434 0.0837013 0.00489759 0.00232929 0.778294 0.0318222 0.0278607 
0.00226105 6.08361e-07 0.00120428 0.00150421 5.52618e-07 0.0160727 0.00094231 0.00815001 3.06251e-08 0.96983 1.02649e-07 3.46377e-05 
0.245959 0.00094247 0.0143192 0.00847779 3.55086e-06 0.0606743 0.0152448 0.132608 0.20236 0.304929 0.0140162 0.000464883 
0.0736166 0.00106392 0.042275 0.00868633 2.39714e-06 0.24658 0.133379 0.0238759 0.0791615 0.334387 0.0482945 0.00867826 
0.131234 3.90404e-07 0.145145 8.78514e-05 2.58613e-09 0.0514819 0.04808 0.207361 0.0986969 0.209631 0.108215 6.75737e-05 
0.0743162 0.000404211 0.0330111 0.000956953 1.14279e-06 0.11282 0.0902482 0.0110706 0.0554042 0.620313 0.000287722 0.00116699 
0.0214059 0.324196 0.0160574 0.00144308 2.432e-05 0.0105368 0.0327871 0.0332064 0.0400953 0.518233 0.000992197 0.00102254 
0.00213756 0.00103581 0.00436018 0.000239798 4.57421e-07 0.0106031 0.0307513 0.00569828 0.151507 0.79338 0.000268484 1.78382e-05 
0.0377993 0.00339485 0.0172533 0.0114804 3.10115e-06 0.00116434 0.0837013 0.00489759 0.00232929 0.778294 0.0318222 0.0278607 
0.0525241 0.000140804 0.00480714 4.0817e-05 0.115667 0.139006 0.0600983 0.00106099 0.0110295 0.615533 5.98699e-05 3.33021e-05 
0.00227509 4.17611e-07 0.0742943 0.000148639 0.00112887 0.187774 0.00889896 0.261785 0.0247433 0.438902 3.53009e-05 1.45973e-05 
0.0214059 0.324196 0.0160574 0.00144308 2.432e-05 0.0105368 0.0327871 0.0332064 0.0400953 0.518233 0.000992197 0.00102254 
0.0237774 1.37144e-06 0.00537515 0.000222823 1.24578e-06 0.0132709 0.0205213 0.0419296 0.024669 0.869863 0.000367848 3.88479e-07 
0.0745078 0.00461267 0.169441 8.72421e-05 3.64528e-06 0.073353 0.0609478 0.221488 0.0684177 0.315856 0.0112627 2.30245e-05 
0.0377993 0.00339485 0.0172533 0.0114804 3.10115e-06 0.00116434 0.0837013 0.00489759 0.00232929 0.778294 0.0318222 0.0278607 
0.0838353 1.65236e-05 0.0270128 0.00115002 1.7599e-05 0.068509 0.065529 0.00251747 0.0489389 0.700697 0.00169603 8.00437e-05 
0.200807 2.67874e-05 0.0123911 5.46872e-05 3.49609e-06 0.151864 0.0143963 0.00345904 0.0648198 0.472757 0.0794085 1.28532e-05 
0.0317762 0.000113829 0.031585 0.00167401 0.000159117 0.228618 0.24395 0.0145132 0.00400474 0.426697 1.24255e-05 0.0168968 
0.144224 0.000865729 0.209657 0.00103731 0.000318136 0.219541 0.0416642 0.0545564 0.0793619 0.219926 0.0287011 0.00014851 
0.0143763 2.84457e-05 0.0922923 0.180155 1.24709e-06 0.153922 0.0590788 0.12142 0.0563391 0.277698 0.0445143 0.000174688 
0.0177182 0.156384 0.130716 0.0465267 1.80481e-05 0.0985144 0.0900476 0.103559 0.0792374 0.219858 0.0574211 8.6344e-08 
0.00326705 9.07566e-05 0.0445362 1.43863e-06 0.000187446 0.192123 0.02846 0.0707059 0.0782553 0.582247 3.82976e-07 0.000126001 
0.184338 0.000138679 0.0216911 8.27512e-06 2.33007e-08 0.264611 0.0998824 0.00240775 0.0582096 0.367393 0.00129802 2.17507e-05 
0.0030155 0.00505818 0.102862 0.000345062 0.00690561 0.0105772 0.0112861 0.138013 0.0561649 0.665343 0.000334918 9.39049e-05 
0.0999301 3.51856e-06 0.141432 0.00011949 8.08029e-07 0.0721219 0.0629138 0.252666 0.0624907 0.30543 0.00156497 0.00132653 
0.0578773 0.114709 0.0803092 0.0830281 4.74646e-06 0.00694921 0.154419 0.0679443 0.0237648 0.295557 0.0706136 0.0448236 
0.0030155 0.00505818 0.102862 0.000345062 0.00690561 0.0105772 0.0112861 0.138013 0.0561649 0.665343 0.000334918 9.39049e-05 
0.172502 0.000442217 0.0353897 0.001367 1.92762e-05 0.0967001 0.120184 0.0213111 0.223255 0.325564 0.00222573 0.00104035 
0.0207579 0.00314401 0.0495498 0.011825 9.90734e-05 0.0509425 0.271699 0.0325174 0.0463364 0.51305 7.78125e-05 1.5901e-06 
0.0377993 0.00339485 0.0172533 0.0114804 3.10115e-06 0.00116434 0.0837013 0.00489759 0.00232929 0.778294 0.0318222 0.0278607 
0.0173301 6.88829e-06 0.0119262 0.000791083 3.81838e-06 0.173767 0.010496 0.0233265 0.00948541 0.752014 0.000817434 3.58917e-05 
0.0807061 0.0175507 0.0992181 0.00505749 0.000722554 0.0411559 0.350471 0.00796036 0.00371925 0.362311 0.0019185 0.0292091 
0.0293327 0.0383424 0.0427842 0.000672393 7.55836e-07 0.0636033 0.0555063 0.0359409 0.0986898 0.634652 0.000461951 1.36581e-05 
0.104207 0.170444 0.214522 0.00753957 6.81334e-05 0.0924557 0.0523916 0.0500854 0.0486366 0.259276 0.000193253 0.000180386 
0.000973312 1.13091e-05 0.180673 1.43442e-08 0.00213253 0.0964169 0.00332701 0.0192588 4.55424e-05 0.689639 0.00743114 9.16077e-05 
0.171364 0.00049629 0.129026 2.07186e-05 0.00215106 0.132267 0.0516646 0.010632 0.0154653 0.463122 0.0237907 8.48277e-07 
0.0512584 1.01184e-05 0.178473 0.0309183 4.92868e-05 0.0652981 0.0259615 0.188906 0.120343 0.310805 0.0277177 0.000259645 
0.0376253 4.9236e-08 0.0360012 0.000318621 4.47246e-08 0.12642 0.00458507 0.0537838 0.208503 0.525106 0.00740063 0.000255487 
0.0214059 0.324196 0.0160574 0.00144308 2.432e-05 0.0105368 0.0327871 0.0332064 0.0400953 0.518233 0.000992197 0.00102254 
0.0308759 0.000129145 0.326065 0.000158354 0.238233 0.0140887 0.00111129 0.00358868 0.0208328 0.364726 0.000152506 3.86891e-05 
0.0306325 1.16253e-05 0.10042 2.74153e-05 8.27064e-07 0.122295 0.153589 0.0609342 0.0162712 0.515773 4.05161e-05 4.90201e-06 
0.165346 0.00374199 0.041257 0.00125719 0.00514934 0.09638 0.0924939 0.0192158 0.192243 0.371095 0.0076449 0.00417608 
0.0502647 6.92356e-05 0.389072 0.0123053 9.51356e-07 0.019944 0.00860305 0.000250383 0.035165 0.478058 0.00626121 5.66167e-06 
0.0446734 7.21673e-06 0.0053921 0.0127392 0.0370129 0.161504 0.0639222 0.290074 0.083951 0.300674 1.14775e-05 3.80312e-05 
0.0177062 0.000805175 0.023134 0.000195846 4.32086e-06 0.176493 0.00635718 0.00137403 0.00161535 0.772253 6.12457e-05 6.58312e-07 
0.0377993 0.00339485 0.0172533 0.0114804 3.10115e-06 0.00116434 0.0837013 0.00489759 0.00232929 0.778294 0.0318222 0.0278607 
0.0383977 0.000103122 0.0806277 0.000330276 3.8e-05 0.110928 0.179141 0.00387042 0.103541 0.477485 0.00546466 7.44072e-05 
0.0795846 0.000141972 0.00272425 0.000121575 1.60909e-05 0.0346189 0.0162781 0.0054584 0.243876 0.616932 0.000239355 8.64288e-06 
0.00825946 2.67791e-06 0.250998 4.15074e-06 4.04049e-07 0.0946231 0.0252996 0.00174396 0.0202448 0.598582 2.90522e-06 0.000239258 
0.0994405 7.75628e-05 0.00282017 0.000220864 0.00044853 0.00696966 0.0369876 0.0712431 0.206335 0.574249 0.000145155 0.00106328 
0.0377993 0.00339485 0.0172533 0.0114804 3.10115e-06 0.00116434 0.0837013 0.00489759 0.00232929 0.778294 0.0318222 0.0278607 
0.0377993 0.00339485 0.0172533 0.0114804 3.10115e-06 0.00116434 0.0837013 0.00489759 0.00232929 0.778294 0.0318222 0.0278607 
0.0746955 0.00400622 0.0587696 0.0305281 1.88644e-05 0.0195693 0.228864 0.0570382 0.0819276 0.381981 0.0351548 0.0274466 
0.087713 3.67699e-05 0.00772444 0.00867646 2.24388e-06 0.101293 0.00346479 0.216262 0.156517 0.415837 0.00203557 0.000437387 
0.0138677 9.25428e-06 0.0456923 0.235053 2.53487e-05 0.106967 0.0381001 0.0405999 0.0252631 0.485674 0.00867494 7.31534e-05 
0.0529245 0.00414213 0.00415811 0.000380965 0.015142 0.0138466 0.259853 0.0173422 0.118368 0.513553 0.000289255 1.54226e-07 
0.0998866 0.00050222 0.116889 0.000165699 1.77921e-09 0.046075 0.00126193 0.000946783 0.346948 0.356938 0.0303836 3.51187e-06 
0.175293 0.000204129 0.0255833 0.00666854 4.29411e-05 0.0734376 0.140267 0.00627006 0.10882 0.449683 0.0136567 7.29586e-05 
0.153377 0.000375303 7.03522e-05 1.42818e-07 2.06048e-06 0.024747 0.0411718 0.000155112 0.0289486 0.75115 2.19401e-06 2.99079e-08 
0.0260577 3.57863e-05 0.0287948 0.000113819 2.71556e-05 0.0011194 0.00764681 0.0132176 0.445995 0.46522 0.0117176 5.44566e-05 
0.154364 0.00514092 0.149254 0.00747754 0.00186069 0.0668837 0.160046 0.043428 0.120991 0.257049 0.0276406 0.00586505 
0.0377993 0.00339485 0.0172533 0.0114804 3.10115e-06 0.00116434 0.0837013 0.00489759 0.00232929 0.778294 0.0318222 0.0278607 
0.166842 1.70071e-05 0.163665 0.195249 1.89034e-09 0.00195993 0.0632125 0.0506517 0.0540746 0.225737 0.0650938 0.0134967 
0.101901 0.00860245 0.114392 0.00112074 0.0729248 0.0941863 0.0589866 0.16151 0.110295 0.273042 0.00198175 0.00105746 
0.0377993 0.00339485 0.0172533 0.0114804 3.10115e-06 0.00116434 0.0837013 0.00489759 0.00232929 0.778294 0.0318222 0.0278607 
0.0132323 0.000551465 0.00464893 0.000399119 8.0639e-11 0.294323 0.251927 0.0181699 0.04724 0.354582 7.1054e-05 0.0148547 
0.0742772 5.70303e-05 0.00625601 0.000161675 2.47171e-07 0.0436005 0.000759508 0.00018153 0.0383556 0.834085 0.00175729 0.000508186 
3.14437e-08 4.29665e-10 4.35179e-06 2.72334e-10 3.90295e-10 2.28119e-07 0.0310201 0.026739 2.1199e-07 0.942236 7.24978e-11 1.94855e-07 
