0.471256 0.116556 0.000568157 0.0164752 0.0488762 0.000860771 0.345407 
0.89028 0.00920484 0.00015774 0.0101966 0.056165 0.000863574 0.0331319 
0.593653 0.19547 0.00036157 0.00348583 0.00676192 1.57482e-05 0.200252 
0.83872 0.0292296 0.000215163 0.0278607 0.044484 2.9837e-10 0.0594907 
0.801728 0.0145888 0.0127191 0.0418978 0.00193156 0.0891462 0.0379888 
0.445338 0.434273 0.000439126 0.0389703 0.0414538 1.58683e-08 0.0395253 
0.871097 0.096711 0.00193734 3.51076e-05 0.0181746 0.00114219 0.0109026 
0.942676 0.0283079 0.00349021 0.00614719 0.000327407 1.26569e-07 0.0190513 
0.604743 0.210859 4.60849e-05 0.000351867 0.134377 0.00211593 0.0475065 
0.69543 0.0380943 4.96829e-05 0.0269571 0.0137037 1.02672e-05 0.225755 
0.942676 0.0283079 0.00349021 0.00614719 0.000327407 1.26569e-07 0.0190513 
0.942676 0.0283079 0.00349021 0.00614719 0.000327407 1.26569e-07 0.0190513 
0.707127 0.200357 0.000624802 0.00697207 0.00478971 5.96728e-05 0.0800696 
0.442027 0.280743 4.61605e-05 0.0077301 0.0598073 0.000833295 0.208813 
0.699723 0.155458 5.97511e-05 0.00123403 0.055744 0.00280292 0.0849785 
0.269243 0.230885 0.0884109 0.00321967 0.134347 0.207895 0.0659993 
0.92739 0.0700379 2.71532e-05 0.000213308 0.00033786 0.000132569 0.00186119 
0.59194 0.0846926 0.00177593 0.0271218 0.00355471 2.77351e-06 0.290913 
0.355152 0.34832 0.0096713 0.0539608 0.185931 0.0168335 0.0301305 
0.672337 0.194047 6.50025e-06 0.000939453 0.0066899 8.53859e-05 0.125895 
0.64703 0.140732 2.44823e-05 0.0712821 0.0848263 0.00010229 0.0560023 
0.589182 0.0899991 0.0351786 0.0244689 0.0628394 0.0129958 0.185336 
0.813459 0.096909 1.16919e-09 0.000292873 2.36191e-05 0.000107473 0.0892081 
0.697154 0.16817 0.00262486 0.0591274 0.00760831 9.52799e-06 0.0653066 
0.515467 0.274558 0.000290045 0.0574545 0.00636281 0.0023574 0.143511 
0.942676 0.0283079 0.00349021 0.00614719 0.000327407 1.26569e-07 0.0190513 
0.463191 0.173064 0.273556 0.00605284 0.0102361 0.0107105 0.0631898 
0.342894 0.316919 0.00256427 0.00244239 0.172401 0.150635 0.0121432 
0.409554 0.383121 0.013238 0.00830332 0.0254985 0.0347918 0.125493 
0.505143 0.352923 0.000492698 0.00631512 0.0226722 0.000776427 0.111677 
0.683572 0.230049 0.00499269 0.00759712 0.0334219 0.00781228 0.0325547 
0.622052 0.203489 0.000168536 0.00983659 0.0129355 0.135444 0.016074 
0.473847 0.0562059 0.000246825 0.408633 0.03487 0.000333311 0.0258644 
0.405551 0.375488 0.000198569 0.00413879 0.131644 1.07317e-05 0.0829685 
0.660004 0.179617 0.000193527 0.0056511 5.06169e-05 6.43628e-07 0.154483 
0.521614 0.419018 0.00301658 0.0297168 0.00194728 1.98235e-10 0.0246878 
0.479207 0.322113 0.00054332 0.0606097 0.127123 5.77179e-05 0.0103469 
0.584523 0.406152 0.00115701 2.91582e-08 0.00514446 8.62228e-12 0.00302391 
0.509468 0.268363 0.0019432 0.00202542 0.18912 0.000288952 0.028792 
0.942676 0.0283079 0.00349021 0.00614719 0.000327407 1.26569e-07 0.0190513 
0.296341 0.188855 0.000170281 0.0590982 0.241161 0.0034023 0.210973 
0.942676 0.0283079 0.00349021 0.00614719 0.000327407 1.26569e-07 0.0190513 
0.949716 0.0273094 0.0124739 0.00131952 0.0031925 7.75934e-05 0.00591137 
0.481747 0.381681 0.00133413 0.0183105 0.0968201 1.25931e-09 0.0201072 
0.539648 0.216151 0.00776248 0.00916316 0.0236716 0.0360413 0.167563 
0.58221 0.413471 2.94493e-05 1.25034e-10 0.00378738 6.82608e-07 0.000501473 
0.805596 0.181049 0.0049038 0.000266184 0.00210758 0.00225337 0.00382461 
0.942676 0.0283079 0.00349021 0.00614719 0.000327407 1.26569e-07 0.0190513 
0.661534 0.225791 0.000296593 0.00931833 0.0260699 0.00816964 0.0688201 
0.634396 0.0872553 3.2859e-05 0.00346734 0.00346687 0.00142537 0.269956 
0.72029 0.183207 0.0214332 0.00466687 0.0339573 5.20723e-05 0.0363939 
0.640889 0.162811 1.92273e-05 3.09143e-08 0.147739 0.041335 0.00720676 
0.785587 0.0987638 0.0617449 0.00330261 0.0223678 0.00944558 0.0187888 
0.385491 0.365487 0.0973619 0.0597879 0.0708821 1.8579e-05 0.0209714 
0.661457 0.184616 0.000229409 0.00794042 0.017802 0.000372374 0.127583 
0.434546 0.204343 4.60205e-05 0.00596803 0.0597939 0.000341003 0.294961 
0.48482 0.328201 0.000211353 0.000104931 0.05751 0.000139286 0.129014 
0.26945 0.252694 0.240242 0.0790091 0.0880967 0.0106549 0.0598535 
0.528209 0.299768 0.0183761 0.000806206 0.0600599 0.00990434 0.0828761 
0.563919 0.196476 0.000309773 0.00497907 0.0486426 0.0266262 0.159047 
0.43492 0.153901 0.250114 0.0503551 0.0242939 0.00597229 0.0804441 
0.908788 0.022826 3.95157e-05 0.0178136 2.76458e-05 3.86839e-07 0.0505052 
0.783775 0.178788 0.00371019 0.000413445 0.0041616 0.0140445 0.0151069 
0.942676 0.0283079 0.00349021 0.00614719 0.000327407 1.26569e-07 0.0190513 
0.789097 0.0129412 0.000243134 9.16914e-05 0.135703 0.000250052 0.0616743 
0.942676 0.0283079 0.00349021 0.00614719 0.000327407 1.26569e-07 0.0190513 
0.439087 0.152601 0.00257244 0.0232344 0.276055 0.0363365 0.0701141 
0.6767 0.138453 0.000507108 0.0412437 0.0645774 0.017736 0.0607825 
0.689118 0.159321 0.000126852 0.0148127 0.00742132 0.000535269 0.128665 
0.436966 0.215085 0.000268704 0.073836 0.0722517 0.00105949 0.200533 
0.895083 0.0925894 0.000345148 0.000358115 0.000649325 0.000187016 0.0107879 
0.468288 0.0622426 1.68531e-05 0.00151015 0.0032957 6.29325e-05 0.464584 
0.723332 0.27534 2.50927e-06 5.83009e-07 1.18238e-05 3.14279e-09 0.00131377 
0.555861 0.0873432 0.00597705 0.0872778 0.13287 0.105357 0.0253136 
0.670191 0.154097 0.000765101 0.00998646 0.112118 0.027533 0.0253093 
0.679285 0.0936108 0.132723 0.0419543 0.00746679 0.00107137 0.0438884 
0.423837 0.305479 0.00747622 0.00516698 0.115661 0.0290562 0.113324 
0.374083 0.340007 9.77589e-09 0.0458687 0.0871399 1.76867e-10 0.152901 
0.53564 0.0708914 0.00843573 0.00103262 0.00110068 0.336503 0.046396 
0.942676 0.0283079 0.00349021 0.00614719 0.000327407 1.26569e-07 0.0190513 
0.698501 0.0921001 0.000568244 0.00133631 0.00031106 0.000996468 0.206187 
0.861132 0.0238579 0.00593617 0.0489377 0.00382362 4.57906e-05 0.056267 
0.473675 0.271685 4.352e-06 0.0011521 0.205488 6.10197e-05 0.0479349 
0.450438 0.224893 0.00125487 0.100123 0.00227637 0.00256065 0.218455 
0.970176 7.12004e-05 0.000170518 6.68321e-07 0.0294012 7.76757e-09 0.00018022 
0.424763 0.357732 0.0634843 0.0224745 0.018846 0.0237055 0.0889948 
0.942676 0.0283079 0.00349021 0.00614719 0.000327407 1.26569e-07 0.0190513 
0.893393 0.0749321 0.00774808 0.000115502 0.00612908 0.00238939 0.0152933 
0.414954 0.195022 0.000829848 0.0740866 0.226487 0.00486705 0.0837532 
0.460603 0.117358 0.000162825 0.011825 0.029625 0.00398472 0.376441 
0.693294 0.104416 0.000169697 0.0258201 0.0727556 3.59506e-07 0.103544 
0.43492 0.153901 0.250114 0.0503551 0.0242939 0.00597229 0.0804441 
0.464842 0.189557 0.000153444 0.126975 0.0991368 0.0230695 0.096266 
0.607604 0.174863 0.000442173 0.0312763 4.24709e-05 1.03705e-10 0.185772 
0.996301 5.32468e-06 0.000689563 0.00184291 1.25932e-05 0.000297359 0.000851075 
0.949716 0.0273094 0.0124739 0.00131952 0.0031925 7.75934e-05 0.00591137 
0.468862 0.237974 0.000243882 0.0194048 0.0372479 0.0206708 0.215597 
0.806684 0.0224387 0.122112 0.000135009 0.00941082 0.000148735 0.0390709 
0.82636 0.00209676 4.65962e-07 3.04682e-07 0.000451036 7.6591e-07 0.171091 
0.706028 0.137613 5.11151e-05 0.0323224 0.0792995 0.000873663 0.0438123 
0.697154 0.16817 0.00262486 0.0591274 0.00760831 9.52799e-06 0.0653066 
0.798273 0.0597189 0.000119349 0.022847 0.0049737 1.83336e-06 0.114067 
0.942676 0.0283079 0.00349021 0.00614719 0.000327407 1.26569e-07 0.0190513 
0.983668 0.00580854 0.000134298 0.000127068 0.00885238 0.000275279 0.0011344 
0.988251 0.00140349 9.65881e-05 9.76389e-05 3.83217e-07 0.000224237 0.00992715 
0.927339 0.017966 0.000589639 1.25259e-05 0.00241135 2.78227e-10 0.0516813 
0.695781 0.160063 3.22315e-10 7.9242e-07 0.143736 5.29795e-10 0.00041923 
0.804506 0.0136092 3.02678e-05 0.000259086 0.00170924 0.000570905 0.179316 
0.949716 0.0273094 0.0124739 0.00131952 0.0031925 7.75934e-05 0.00591137 
0.662878 0.12742 0.00631075 0.0012549 0.0176641 0.0233338 0.161138 
0.949716 0.0273094 0.0124739 0.00131952 0.0031925 7.75934e-05 0.00591137 
0.942676 0.0283079 0.00349021 0.00614719 0.000327407 1.26569e-07 0.0190513 
0.535364 0.36792 0.00151219 0.00775519 0.039514 0.000663928 0.0472702 
0.475996 0.29861 0.0005288 0.0120481 0.0645198 0.00154285 0.146755 
0.942676 0.0283079 0.00349021 0.00614719 0.000327407 1.26569e-07 0.0190513 
0.840038 0.0452682 0.00067526 0.00132695 0.00137508 5.74853e-11 0.111317 
0.925327 0.0371227 4.98222e-05 0.00100431 0.000332923 7.29451e-06 0.036156 
0.439628 0.198859 0.000872258 0.00808396 0.156877 0.0892365 0.106444 
0.993619 0.00192317 7.24069e-07 4.73452e-07 2.87612e-07 1.19016e-06 0.00445507 
0.810471 0.0696133 0.00125199 0.000135281 0.0649406 0.00887254 0.0447157 
0.6493 0.0596611 3.90045e-07 0.000127051 0.178638 5.03602e-08 0.112273 
0.942676 0.0283079 0.00349021 0.00614719 0.000327407 1.26569e-07 0.0190513 
0.388394 0.254929 0.00174761 0.0166356 0.0250357 0.0713662 0.241892 
0.706028 0.137613 5.11151e-05 0.0323224 0.0792995 0.000873663 0.0438123 
0.89822 0.0990393 7.03492e-06 5.09656e-06 1.46385e-05 1.56832e-08 0.00271363 
0.405534 0.294466 4.46267e-05 0.00581078 0.11628 9.70643e-10 0.177865 
0.367811 0.305393 0.00197639 7.12995e-05 0.0930354 0.217625 0.0140875 
0.477583 0.0896049 0.000183591 0.013512 0.0360434 0.000241322 0.382832 
0.409778 0.362403 0.0079646 0.107743 0.0111552 0.000172993 0.100784 
0.942676 0.0283079 0.00349021 0.00614719 0.000327407 1.26569e-07 0.0190513 
0.942676 0.0283079 0.00349021 0.00614719 0.000327407 1.26569e-07 0.0190513 
0.712712 0.210558 0.00218647 0.00622377 0.0179727 0.0118895 0.0384579 
0.942676 0.0283079 0.00349021 0.00614719 0.000327407 1.26569e-07 0.0190513 
0.611554 0.198875 0.00170944 0.011516 0.123467 3.97723e-05 0.0528384 
0.590642 0.220904 0.000509602 0.00682755 0.0671257 0.0987387 0.0152522 
0.562339 0.170711 0.0360614 0.00178412 0.0844717 0.00721191 0.137421 
0.869154 0.0298773 2.7483e-05 0.00266609 0.0134601 0.00386417 0.0809514 
0.34321 0.168142 0.0035723 0.0309955 0.118396 0.00212061 0.333563 
0.514832 0.192524 0.000218184 0.0123919 0.011079 5.67403e-12 0.268956 
0.942676 0.0283079 0.00349021 0.00614719 0.000327407 1.26569e-07 0.0190513 
0.491244 0.359881 0.05831 0.000128339 0.0832882 0.00365908 0.00348934 
0.580111 0.213765 0.00101632 0.0203228 0.0710455 0.00378143 0.109958 
0.942676 0.0283079 0.00349021 0.00614719 0.000327407 1.26569e-07 0.0190513 
0.562105 0.203283 0.000341424 0.00509715 0.12214 0.00725571 0.099777 
0.622983 0.0911531 0.00375583 0.0206265 0.152523 0.000407954 0.10855 
0.942676 0.0283079 0.00349021 0.00614719 0.000327407 1.26569e-07 0.0190513 
0.632615 0.327827 0.000468217 0.00637087 0.014799 6.19933e-05 0.0178581 
0.824037 0.155144 0.000248265 8.21219e-05 0.00856767 4.44808e-06 0.011917 
0.711957 0.287738 2.67878e-07 1.44752e-06 5.76893e-05 1.71086e-07 0.000245758 
0.542596 0.133105 6.56386e-10 4.29195e-10 0.0891161 1.07891e-09 0.235183 
0.31613 0.17583 0.0285603 0.00202642 0.142154 0.307594 0.027705 
0.542148 0.404968 0.000295224 0.000916687 0.00857881 0.00525259 0.0378409 
0.644817 0.20724 0.000195375 0.0075351 0.00308319 0.0231349 0.113994 
0.794645 0.132906 9.01005e-05 0.000317318 0.0598467 0.00105783 0.011137 
0.728893 0.165276 0.000155055 0.00989105 0.0374802 0.000120982 0.0581837 
0.759352 0.113047 1.37182e-05 0.00327855 0.00500988 0.00134444 0.117954 
0.942676 0.0283079 0.00349021 0.00614719 0.000327407 1.26569e-07 0.0190513 
0.996301 5.32468e-06 0.000689563 0.00184291 1.25932e-05 0.000297359 0.000851075 
0.585084 0.181238 0.000175206 0.00343606 0.0310732 5.61661e-07 0.198992 
0.619558 0.237893 0.000110593 0.00309907 0.0255058 0.00215588 0.111678 
0.503169 0.485096 0.000468452 4.30564e-08 0.00124458 0.000996977 0.00902488 
0.599837 0.0416208 0.229588 0.0036995 0.0236418 0.0147119 0.0869014 
0.655352 0.308215 0.001949 0.000941638 0.0257542 0.00275444 0.00503297 
0.853868 0.0378068 0.000464223 0.00497398 0.0497572 2.99027e-05 0.0530995 
0.618998 0.0364534 7.98177e-07 5.41894e-05 0.248372 5.19595e-05 0.0960696 
0.545004 0.17067 0.000226337 0.0179396 0.0319134 0.00280926 0.231438 
0.885325 0.0468304 0.000319477 0.00901485 0.045298 0.00220134 0.0110112 
0.942163 0.0414463 0.000157494 0.000700426 0.0103556 5.19787e-09 0.00517705 
0.942676 0.0283079 0.00349021 0.00614719 0.000327407 1.26569e-07 0.0190513 
0.416451 0.203319 0.185285 0.000227679 0.108793 0.0534451 0.0324795 
0.734492 0.213441 4.99978e-05 0.00218001 0.0220696 0.0127068 0.0150605 
0.739259 0.18792 7.41202e-05 0.00193807 0.0146633 0.00994505 0.0462004 
0.843409 0.0767192 0.00126924 0.0061891 0.0660871 7.53219e-08 0.00632655 
0.813919 0.116905 9.24385e-05 0.0556888 0.00320637 8.13216e-06 0.0101795 
0.355657 0.240363 0.000215613 0.0230082 0.249003 0.00785634 0.123896 
0.697154 0.16817 0.00262486 0.0591274 0.00760831 9.52799e-06 0.0653066 
0.39146 0.323385 0.00359573 0.124214 0.0244256 0.00116649 0.131754 
0.591395 7.20709e-05 0.00386554 0.0136003 4.25372e-05 0.00102832 0.389996 
0.675403 0.136733 0.000253755 0.00817101 0.0094447 0.00238619 0.167608 
0.778824 0.0806529 0.00111296 0.00493792 0.056953 0.00786927 0.06965 
0.299562 0.218269 0.010282 0.0252824 0.212791 0.17992 0.0538951 
0.631679 0.225814 0.000125603 0.0212297 0.038034 0.000333909 0.0827842 
0.37065 0.18553 0.280983 0.000923869 0.143018 0.0101409 0.00875406 
0.968921 0.0247592 4.39713e-08 7.02453e-08 7.0013e-07 9.8909e-08 0.00631897 
0.672518 0.1815 0.000310779 0.00242957 0.0767229 9.45545e-06 0.0665092 
0.67939 0.0990837 7.95487e-05 0.02337 0.139762 2.55532e-05 0.0582894 
0.672382 0.149002 0.0121475 0.00568614 0.0179247 0.000445398 0.142412 
0.924673 0.0170808 0.000254883 0.00697693 0.007609 0.000411891 0.0429939 
0.666442 0.0821365 0.000102479 0.0818851 0.0109942 5.09268e-05 0.158388 
0.682979 0.067154 1.06366e-05 0.0235867 0.0777464 0.0404542 0.108069 
0.374585 0.244792 0.00944931 0.121448 0.0414175 0.000266662 0.208042 
0.942676 0.0283079 0.00349021 0.00614719 0.000327407 1.26569e-07 0.0190513 
0.949716 0.0273094 0.0124739 0.00131952 0.0031925 7.75934e-05 0.00591137 
0.569174 0.257171 0.000122056 0.00026821 0.0796853 0.00116727 0.0924121 
0.375152 0.335423 0.000201117 0.00362227 0.000886639 4.7552e-08 0.284714 
0.801963 0.136223 0.00296629 0.0034396 0.00271368 0.00777972 0.0449151 
0.513264 0.140562 0.000838499 0.0330125 0.0631936 0.00219423 0.246935 
0.810471 0.0696133 0.00125199 0.000135281 0.0649406 0.00887254 0.0447157 
0.994612 0.00169663 1.65772e-07 1.08395e-07 0.000698048 2.72483e-07 0.00299272 
0.508654 0.258481 0.0697424 0.00118377 0.0985096 0.00948997 0.0539384 
0.785683 0.091565 8.46088e-05 0.00327498 0.102748 0.000524151 0.0161207 
0.833536 0.092486 0.00444391 0.0563579 0.00849533 1.54758e-06 0.00467886 
0.859449 0.0621821 0.000667333 0.00678021 0.0365137 0.00100356 0.0334037 
0.942676 0.0283079 0.00349021 0.00614719 0.000327407 1.26569e-07 0.0190513 
0.559532 0.204713 1.39991e-07 0.00342507 0.0108458 2.30105e-07 0.221484 
0.442964 0.235813 0.00016405 0.0912767 0.109096 8.63019e-05 0.120601 
0.729434 0.243832 1.8379e-06 4.52414e-09 8.47174e-06 4.6423e-05 0.0266766 
0.395453 0.384895 0.00706782 0.0119929 0.0127987 0.000473128 0.187319 
0.710661 0.0333652 0.00128586 2.12388e-09 0.124444 6.05058e-07 0.130244 
0.32512 0.213649 0.155561 0.00105469 0.109632 9.24655e-05 0.194891 
0.728587 0.19897 0.000568093 0.0283035 0.00690498 0.00100713 0.0356593 
0.94015 0.0181609 1.22151e-05 2.86004e-05 0.00169689 2.11128e-05 0.0399307 
0.87812 0.0356038 4.78325e-06 0.000685352 0.0097304 7.86231e-06 0.0758478 
0.597425 0.187382 0.0199162 0.0782383 0.0799664 0.00155854 0.0355138 
0.380263 0.198379 0.31051 0.00294544 0.0329378 0.00199784 0.0729666 
0.701756 0.171157 0.000734339 0.0242774 0.0148117 0.00174 0.0855236 
0.451217 0.31546 0.000178766 0.00180606 0.00318481 1.23663e-08 0.228154 
0.942676 0.0283079 0.00349021 0.00614719 0.000327407 1.26569e-07 0.0190513 
0.968689 0.00279681 5.46851e-06 2.60983e-10 1.58542e-10 0.028509 1.07705e-10 
0.502224 0.223677 0.000155793 0.000526945 0.149519 0.0187405 0.105157 
0.872035 0.0418844 0.000139791 0.0107719 0.00750108 0.0552781 0.0123895 
0.560625 0.220149 0.0984986 0.00037965 0.0733429 0.0259102 0.0210948 
0.617927 0.204654 0.0221991 0.0262741 0.0369338 0.0599359 0.032076 
0.448441 0.194473 4.27502e-05 0.00247438 0.117397 0.00391302 0.233258 
0.33783 0.329509 0.0012088 0.0554279 0.189765 0.0134825 0.0727776 
0.528864 0.0991128 0.000220481 0.000544287 0.174538 0.00284148 0.193879 
0.395865 0.365125 0.0114198 0.00506622 0.141397 0.0123018 0.0688255 
0.461609 0.382959 0.00138039 0.00569931 0.0380352 0.0112091 0.0991081 
0.698615 0.22831 0.000209286 0.000750463 0.00428559 5.50868e-05 0.0677746 
0.942676 0.0283079 0.00349021 0.00614719 0.000327407 1.26569e-07 0.0190513 
0.942676 0.0283079 0.00349021 0.00614719 0.000327407 1.26569e-07 0.0190513 
0.652497 0.0696464 2.24307e-07 2.30103e-07 0.0827494 5.21233e-07 0.195106 
0.521794 0.405492 0.00221048 0.00865792 0.0102227 0.0241586 0.0274637 
0.720996 0.0540071 0.00141242 0.00144923 0.0647171 9.59528e-08 0.157418 
0.559361 0.146931 0.000573569 0.00825878 0.100359 0.00934759 0.175169 
0.723157 0.182939 0.0133012 0.0177047 0.00417547 2.03905e-06 0.0587206 
0.827128 0.0266285 7.85693e-07 0.00817666 0.0657925 0.000229308 0.0720448 
0.499677 0.176978 0.000769168 0.00889556 0.166704 0.0017297 0.145246 
0.9189 0.0323105 1.94033e-05 0.00389637 0.00925261 4.11107e-05 0.0355799 
0.505691 0.0782074 0.274097 0.0712938 0.00945084 0.000638426 0.0606209 
0.488488 0.253893 0.000314065 0.010269 0.0596495 0.000159575 0.187226 
0.435564 0.340227 3.53948e-05 0.00063881 0.103614 1.35496e-05 0.119908 
0.571576 0.138558 0.000524454 0.169544 0.00757091 8.67525e-10 0.112227 
0.697154 0.16817 0.00262486 0.0591274 0.00760831 9.52799e-06 0.0653066 
0.972162 1.7715e-05 3.29887e-06 3.48191e-06 2.00833e-05 7.74519e-10 0.027793 
0.835768 0.0640733 1.99968e-05 0.000286289 0.0240115 3.95167e-07 0.0758402 
0.999187 0.000312704 3.18755e-05 1.69359e-05 0.000187494 0.000108046 0.000156395 
0.55427 0.172983 3.11034e-05 0.0206162 0.0471599 8.84856e-11 0.204939 
0.547962 0.215418 0.00107644 0.00323595 0.0593977 0.00746005 0.16545 
0.814692 0.137209 5.76835e-05 7.2715e-05 0.00323662 0.00523546 0.0394969 
0.949716 0.0273094 0.0124739 0.00131952 0.0031925 7.75934e-05 0.00591137 
0.585339 0.326938 0.00254859 0.0173059 0.00641966 8.36961e-08 0.0614493 
0.67867 0.146921 0.00161232 0.0250122 0.0490407 0.00545464 0.0932888 
0.842623 0.0243031 0.000360485 0.000587249 0.11329 0.00458234 0.0142538 
0.475229 0.370833 0.0150519 0.00170814 0.0515393 0.0469139 0.0387245 
0.707274 0.113115 0.00642005 0.0127522 0.103125 0.00135108 0.0559623 
0.76912 0.12681 0.0358602 0.000903463 0.0154212 0.012744 0.0391412 
0.942676 0.0283079 0.00349021 0.00614719 0.000327407 1.26569e-07 0.0190513 
0.636823 0.0437322 0.179795 0.0583662 0.0046169 0.0187914 0.0578746 
0.51593 0.289507 0.000258087 0.00366648 0.0207585 7.00606e-07 0.16988 
0.90924 0.0174037 2.26077e-10 1.02015e-06 8.98016e-11 3.71607e-10 0.0733556 
0.763701 0.0499567 3.58166e-06 0.00190313 0.00402699 3.38577e-05 0.180375 
0.592734 0.153844 0.000851909 0.068722 0.0190228 4.30719e-10 0.164826 
0.888666 0.0531011 9.50662e-05 0.0133376 0.000361784 0.00012411 0.0443147 
0.828465 0.10835 4.17702e-05 2.5394e-08 0.0558292 0.00110915 0.0062055 
0.86247 0.0296901 0.00030783 0.000562908 0.0464503 3.87795e-05 0.0604801 
0.425256 0.144477 0.322447 0.00684831 0.00119046 0.0174771 0.0823046 
0.620654 0.282236 0.00108117 0.0135324 0.00500042 0.00120108 0.0762951 
0.563999 0.177523 0.000298123 0.096121 0.0016228 6.06225e-07 0.160435 
0.809413 0.105966 7.54346e-05 0.0230591 0.0134641 4.436e-07 0.0480222 
0.924924 0.0438247 0.00298328 0.00242528 0.00454581 0.000218035 0.0210793 
0.780289 0.0585856 0.000488629 0.00804358 0.0687461 1.48478e-10 0.0838472 
0.942676 0.0283079 0.00349021 0.00614719 0.000327407 1.26569e-07 0.0190513 
0.303049 0.290249 1.30544e-05 0.0345689 0.165359 0.000255093 0.206506 
0.942676 0.0283079 0.00349021 0.00614719 0.000327407 1.26569e-07 0.0190513 
0.411742 0.266863 4.24762e-05 0.00551771 0.124692 5.01134e-09 0.191142 
0.660169 0.102697 0.000792496 0.0178851 0.0192488 0.00674407 0.192464 
0.543161 0.200762 0.023778 0.00026892 0.136871 0.00290615 0.0922527 
0.72467 0.150799 1.48224e-05 0.00576018 0.10935 5.53372e-05 0.00935107 
0.892322 0.00188064 0.00549869 0.034845 0.00214755 0.0227058 0.0406007 
0.370276 0.203547 0.00629389 0.0197585 0.0189844 0.0194302 0.36171 
0.370491 0.143773 0.370359 0.000239808 0.0608852 0.0460475 0.00820478 
0.63836 0.251909 0.000339585 0.00635844 0.00233099 2.06613e-06 0.1007 
0.783775 0.178788 0.00371019 0.000413445 0.0041616 0.0140445 0.0151069 
0.809361 0.0428314 0.000513647 0.0615716 6.15888e-06 3.49191e-12 0.0857158 
0.64596 0.0738336 6.2651e-06 0.00150789 0.237795 2.71565e-05 0.0408701 
0.800927 0.110375 2.14795e-05 0.00815183 0.000427677 1.43095e-05 0.0800819 
0.942676 0.0283079 0.00349021 0.00614719 0.000327407 1.26569e-07 0.0190513 
0.688572 0.200925 1.08035e-05 0.000544003 0.0266045 0.00469247 0.0786515 
0.756822 0.0559977 3.28659e-06 0.0636766 0.0821086 0.00047564 0.0409162 
0.620193 0.214746 0.000522572 0.00707803 0.0845855 0.0294852 0.0433896 
0.462256 0.228391 7.69521e-05 0.0319161 0.0258903 0.000157455 0.251312 
0.810471 0.0696133 0.00125199 0.000135281 0.0649406 0.00887254 0.0447157 
0.651315 0.107396 4.34413e-05 0.113339 0.0128808 0.00201128 0.113014 
0.420917 0.287591 6.57496e-05 0.00124471 0.118962 0.000435639 0.170783 
0.775601 0.0499019 3.9595e-10 2.32616e-05 0.0277208 2.92762e-07 0.146753 
0.520227 0.26447 9.37756e-05 0.00505116 0.144533 0.00369723 0.0619281 
0.543256 0.123944 0.00855105 0.016564 5.34184e-06 0.0918575 0.215822 
0.439765 0.373451 0.000325183 0.0035515 0.0476131 0.0313577 0.103936 
0.958051 0.0334591 0.000140946 0.000571735 0.00265394 1.69188e-09 0.00512333 
0.414337 0.143619 0.00024524 0.0128126 0.247857 0.0198088 0.16132 
0.942676 0.0283079 0.00349021 0.00614719 0.000327407 1.26569e-07 0.0190513 
0.607515 0.272227 0.0133575 0.00383209 0.0725178 0.000622267 0.029928 
0.942676 0.0283079 0.00349021 0.00614719 0.000327407 1.26569e-07 0.0190513 
0.601762 0.137673 0.00152972 0.0224866 0.0723351 0.102525 0.0616877 
0.950079 0.00540516 9.81356e-05 0.00815263 0.000447684 3.81472e-06 0.0358137 
0.404448 0.357487 0.000645042 0.0287984 0.0493575 0.00321091 0.156053 
0.742855 0.144213 0.0227229 0.00555552 0.00752142 0.0145643 0.0625683 
0.341741 0.250528 0.00307562 0.000615224 0.320208 0.0810898 0.00274225 
0.931575 0.0650141 0.000183977 6.5237e-05 0.000375063 5.08277e-07 0.00278578 
0.546195 0.0776702 0.000675596 0.00472425 0.00887437 0.00763452 0.354226 
0.739495 0.123651 1.62164e-05 0.000205016 0.0729818 0.000242129 0.063409 
0.892322 0.00188064 0.00549869 0.034845 0.00214755 0.0227058 0.0406007 
0.501144 0.215509 0.00117564 0.00494313 0.0692465 0.0103227 0.197659 
0.355152 0.34832 0.0096713 0.0539608 0.185931 0.0168335 0.0301305 
0.467213 0.226158 0.00132203 0.0362211 0.0645836 0.0189636 0.18554 
0.590255 0.103142 0.00985484 0.00210645 0.0690918 0.207513 0.0180368 
0.352273 0.349466 0.000592003 0.039227 0.0500808 5.91518e-05 0.208302 
0.597225 0.275144 0.000114305 0.0124708 0.0493446 3.28657e-05 0.065669 
0.828265 0.0663935 2.50906e-05 0.000409977 0.0127962 2.09074e-07 0.0921105 
0.942676 0.0283079 0.00349021 0.00614719 0.000327407 1.26569e-07 0.0190513 
0.94015 0.0181609 1.22151e-05 2.86004e-05 0.00169689 2.11128e-05 0.0399307 
0.425772 0.219342 9.77851e-05 0.0461293 0.0183105 2.66742e-05 0.290321 
0.942676 0.0283079 0.00349021 0.00614719 0.000327407 1.26569e-07 0.0190513 
0.859336 0.103367 0.000254565 0.0101418 0.000999689 7.7292e-09 0.0259011 
0.470433 0.0763093 8.10973e-05 0.0749606 0.00122505 0.204266 0.172726 
0.472959 0.2422 3.2082e-06 3.22316e-05 0.1722 0.00106877 0.111537 
0.645203 0.273598 0.00070306 0.00288973 0.00975535 0.0001379 0.0677127 
0.920763 0.0545024 0.000961342 0.00194219 0.0114241 1.71943e-09 0.0104074 
0.728334 0.178431 0.000123315 0.00739488 0.0397752 0.000241452 0.0457002 
0.434564 0.386541 0.00109735 0.00486555 0.0292893 0.0100564 0.133586 
0.853868 0.0378068 0.000464223 0.00497398 0.0497572 2.99027e-05 0.0530995 
0.747283 0.09701 0.000286711 0.0111549 0.0192889 1.15722e-05 0.124965 
0.969057 0.0241931 0.00115279 0.000297001 0.000338844 4.54696e-10 0.00496153 
0.464268 0.446975 3.92326e-05 0.00283511 0.0590618 4.92655e-08 0.0268205 
0.535797 0.281051 2.66566e-07 0.00165235 0.0360279 0.110071 0.0354006 
0.624265 0.193645 0.000383756 0.00581018 0.0953699 0.000326757 0.0801995 
0.482007 0.374525 0.000120828 0.0405509 0.0281075 0.0312404 0.0434488 
0.920435 0.00418687 3.00044e-07 0.00263416 0.0412472 8.35143e-06 0.0314885 
0.762828 0.0626039 0.0287387 6.66053e-06 0.132839 0.00283365 0.0101497 
0.827096 0.0462574 0.000363079 0.000123547 0.0573119 0.000822159 0.0680254 
0.45276 0.399106 0.0310299 0.0119793 0.0507083 0.00718858 0.0472275 
0.949716 0.0273094 0.0124739 0.00131952 0.0031925 7.75934e-05 0.00591137 
0.411049 0.350486 0.000106969 0.0627669 0.00321754 0.00469673 0.167677 
0.430161 0.28201 0.000409041 5.66964e-06 0.00768515 2.123e-07 0.279729 
0.626416 0.114517 0.00259283 0.0693194 0.00247414 0.0332793 0.151401 
0.349993 0.0781948 0.130384 0.000156895 0.128638 0.195749 0.116883 
0.892322 0.00188064 0.00549869 0.034845 0.00214755 0.0227058 0.0406007 
0.522931 0.0750405 0.0488351 0.00579772 0.00748037 0.325715 0.0141998 
0.7523 0.196558 0.000308935 0.00215459 0.00735253 8.69439e-08 0.0413263 
0.738495 0.0639252 0.00197296 0.0305398 0.0934207 0.018914 0.0527321 
0.31613 0.17583 0.0285603 0.00202642 0.142154 0.307594 0.027705 
0.996301 5.32468e-06 0.000689563 0.00184291 1.25932e-05 0.000297359 0.000851075 
0.810471 0.0696133 0.00125199 0.000135281 0.0649406 0.00887254 0.0447157 
0.272962 0.26294 0.195272 0.106293 0.0414198 0.00990119 0.111212 
0.942676 0.0283079 0.00349021 0.00614719 0.000327407 1.26569e-07 0.0190513 
0.949716 0.0273094 0.0124739 0.00131952 0.0031925 7.75934e-05 0.00591137 
0.942676 0.0283079 0.00349021 0.00614719 0.000327407 1.26569e-07 0.0190513 
0.423038 0.324397 7.86518e-05 0.0634812 0.0215633 0.00136129 0.166081 
0.329455 0.220594 0.0292073 0.00238963 0.164554 0.171045 0.0827551 
0.574537 0.342096 0.000702373 0.0232855 0.00277639 4.34069e-06 0.0565979 
0.437518 0.231292 3.9245e-05 0.0209339 0.0432733 0.000160126 0.266783 
0.99676 0.0013273 1.2919e-05 3.47538e-07 3.11052e-05 8.73641e-07 0.00186704 
0.942676 0.0283079 0.00349021 0.00614719 0.000327407 1.26569e-07 0.0190513 
0.563963 0.358391 0.00143114 0.00139451 0.0330056 0.00184651 0.0399679 
0.590642 0.220904 0.000509602 0.00682755 0.0671257 0.0987387 0.0152522 
0.649778 0.24984 4.9617e-05 0.000452966 0.00258281 6.29133e-05 0.0972335 
0.505691 0.0782074 0.274097 0.0712938 0.00945084 0.000638426 0.0606209 
0.942676 0.0283079 0.00349021 0.00614719 0.000327407 1.26569e-07 0.0190513 
0.51102 0.217451 0.000703268 0.00526733 0.03312 0.0425517 0.189887 
0.524265 0.105202 0.311036 8.18561e-05 0.0149106 0.0020501 0.0424543 
0.836562 0.107624 7.14834e-06 4.63509e-05 0.0158082 2.70698e-09 0.0399523 
0.624678 0.133442 8.54876e-05 9.16123e-05 0.239128 8.26232e-06 0.00256755 
0.452994 0.375824 0.00123541 0.0605286 0.00935546 0.00180422 0.0982585 
0.358837 0.351329 0.00910065 0.00427157 0.0609775 0.0218799 0.193604 
0.928773 0.000117562 0.0706396 0.000117547 0.000117554 0.000117519 0.000117557 
0.707944 0.151916 0.000117729 0.000862198 0.0470779 4.3059e-08 0.092082 
0.616398 0.254721 0.000907752 0.0231783 0.0180192 0.0269279 0.0598474 
0.503136 0.174477 0.00085646 0.000220429 0.228183 0.00104195 0.0920848 
0.942676 0.0283079 0.00349021 0.00614719 0.000327407 1.26569e-07 0.0190513 
0.378361 0.132946 0.0290735 0.0510042 0.0919317 0.000367062 0.316317 
0.996301 5.32468e-06 0.000689563 0.00184291 1.25932e-05 0.000297359 0.000851075 
0.436206 0.164831 0.00336978 0.00244276 0.0147711 0.3456 0.0327804 
0.578428 0.149203 0.000331495 0.0191226 0.188794 0.0113235 0.0527973 
0.463064 0.404885 0.000973569 0.00289044 0.0147837 0.000594396 0.11281 
0.440583 0.13137 0.000980942 0.0337904 0.296756 0.0122811 0.0842386 
0.56828 0.147248 0.000882433 0.00284638 0.215134 0.00929414 0.0563153 
0.543731 0.275993 0.0062515 0.00468679 0.0103105 0.0041277 0.154899 
0.35244 0.319601 0.238721 0.00083145 0.0371556 0.011122 0.0401281 
0.660888 0.187276 0.000461159 0.0247823 0.00914748 0.0262043 0.091241 
0.942676 0.0283079 0.00349021 0.00614719 0.000327407 1.26569e-07 0.0190513 
0.942676 0.0283079 0.00349021 0.00614719 0.000327407 1.26569e-07 0.0190513 
0.600277 0.315307 0.015563 0.00100582 0.0201389 0.00841312 0.039295 
0.547636 0.259965 0.0444191 0.0272274 0.0138633 0.00788984 0.099 
0.677537 0.227973 0.0294017 8.48333e-05 0.00520132 0.0464968 0.0133055 
0.438675 0.372048 0.00241988 0.0422502 0.0462622 0.0103562 0.0879883 
0.381495 0.29468 0.00945504 0.00621927 0.150946 0.00392702 0.153277 
0.546192 0.220806 0.0209002 0.00967129 0.0540596 0.0745802 0.0737906 
0.865583 0.0318474 0.000246159 0.00187211 0.00160673 3.69359e-07 0.0988445 
0.61574 0.223715 3.39079e-05 0.00174137 0.0796081 0.000102455 0.0790593 
0.61274 0.254691 0.000123997 0.0659158 0.000884806 4.74104e-09 0.065645 
0.773892 0.094552 2.20535e-05 0.00123728 0.000562364 2.10274e-05 0.129714 
0.476797 0.231899 5.06635e-05 0.0632361 0.145832 0.000278377 0.081906 
0.840361 0.061762 0.000803206 0.000457606 0.0783083 5.15811e-07 0.0183077 
0.462633 0.344129 0.000259254 0.0293126 0.120503 0.000270058 0.0428926 
0.622136 0.26677 0.0204512 0.0126685 0.0420396 0.00995435 0.0259803 
0.942676 0.0283079 0.00349021 0.00614719 0.000327407 1.26569e-07 0.0190513 
0.506676 0.326103 0.0101583 0.0113312 0.0442182 0.0341154 0.0673984 
0.450566 0.284013 0.000689855 0.024259 0.0188452 0.00234093 0.219286 
0.53343 0.303086 0.00113131 0.0279035 0.0217548 0.0562918 0.0564027 
0.673021 0.160002 0.000279856 0.0366272 0.00412778 6.77648e-07 0.125941 
0.602399 0.328653 0.000100053 0.0281327 0.0120057 0.00270529 0.0260034 
0.965615 0.0044653 0.000431142 0.0057372 0.00083867 3.07351e-07 0.0229119 
0.939466 0.00635876 0.000142366 0.00144131 9.84565e-06 3.94837e-08 0.0525818 
0.830653 0.0643026 9.19636e-05 0.00109582 0.0432502 1.50011e-05 0.0605917 
0.517713 0.393954 0.0022115 0.000697286 0.0227269 0.00273978 0.0599576 
0.779359 0.151019 2.58647e-06 0.000462005 0.00214759 8.50022e-05 0.0669248 
0.980346 0.00213158 2.69825e-10 2.23353e-07 1.07179e-10 4.43516e-10 0.0175225 
0.691151 0.269198 6.70203e-05 0.00215723 0.0218051 8.97624e-05 0.0155312 
0.598812 0.19206 0.135536 0.00450923 0.0282468 0.0196541 0.0211818 
0.942676 0.0283079 0.00349021 0.00614719 0.000327407 1.26569e-07 0.0190513 
0.350105 0.261408 0.0182566 0.0251942 0.0508197 0.248629 0.0455878 
0.942676 0.0283079 0.00349021 0.00614719 0.000327407 1.26569e-07 0.0190513 
0.425547 0.321377 3.93552e-05 3.58324e-05 0.214568 0.000161022 0.0382715 
0.537248 0.30842 0.00416274 0.00297314 0.0269807 0.0828945 0.0373217 
0.666034 0.200183 0.000361642 0.0441037 0.0225841 4.63995e-05 0.0666877 
0.468151 0.455253 3.03544e-05 0.0138662 0.0183038 0.00084194 0.0435533 
0.942676 0.0283079 0.00349021 0.00614719 0.000327407 1.26569e-07 0.0190513 
0.493497 0.222155 0.000117065 0.000160942 0.0703349 7.53905e-05 0.21366 
0.78634 0.112613 2.66838e-05 0.0211409 0.061902 4.66884e-06 0.0179725 
0.754451 0.148089 2.42028e-05 0.00229986 0.00621664 3.99113e-06 0.0889154 
0.942676 0.0283079 0.00349021 0.00614719 0.000327407 1.26569e-07 0.0190513 
0.441472 0.345959 0.000594286 0.000590003 0.0407853 0.00294831 0.167651 
0.512996 0.32904 0.000148487 0.02104 0.0482158 0.000159665 0.0884009 
0.585467 0.0735197 0.000628601 0.0195987 0.307574 0.00086977 0.0123421 
0.6079 0.127218 0.00023289 0.00656942 0.0364942 0.00136797 0.220218 
0.704634 0.068072 0.00120482 0.00574382 0.0282271 0.057443 0.134675 
0.533045 0.216845 0.0414296 0.0227026 0.142737 0.0123129 0.0309287 
0.719607 0.130233 6.10702e-05 0.00938338 0.0594857 0.000792427 0.0804382 
0.380726 0.0657184 0.00246067 0.00612171 0.052268 0.330988 0.161717 
0.621429 0.37847 4.61476e-06 6.70172e-05 1.60655e-05 9.84853e-06 3.10303e-06 
0.759352 0.113047 1.37182e-05 0.00327855 0.00500988 0.00134444 0.117954 
0.451693 0.433611 0.00111572 0.0343681 0.0321213 1.35717e-05 0.0470775 
0.629249 0.0961005 5.06314e-05 0.0043218 0.186921 0.00291804 0.0804387 
0.676388 0.175427 7.25076e-05 0.0335219 0.0386151 0.000455576 0.0755195 
0.759352 0.113047 1.37182e-05 0.00327855 0.00500988 0.00134444 0.117954 
0.745669 0.132629 3.72659e-07 0.00103234 0.114298 9.73035e-08 0.00637124 
0.474113 0.135517 0.000154455 0.00622317 0.354677 0.00055006 0.0287662 
0.822151 0.0600396 3.84933e-05 6.54847e-06 0.0306199 5.79376e-07 0.0871442 
0.670556 0.183525 0.000473783 5.85016e-07 0.0195178 1.07351e-07 0.125927 
0.996301 5.32468e-06 0.000689563 0.00184291 1.25932e-05 0.000297359 0.000851075 
0.631491 0.157148 0.0352968 0.0233938 0.111648 0.00212409 0.0388984 
0.721821 0.130134 4.89494e-05 0.0679008 0.00026448 7.99506e-07 0.0798297 
0.3837 0.188836 0.00114238 0.1354 0.0409965 0.0062664 0.243657 
0.615502 0.258765 1.02976e-05 1.19134e-05 0.0486841 0.00124607 0.0757806 
0.548455 0.273561 0.000503544 0.00821911 0.0690216 0.0159877 0.0842527 
0.369881 0.366922 2.10745e-05 0.000841104 0.222961 0.00585135 0.0335226 
0.422882 0.20792 1.11111e-06 0.0489343 0.00422643 9.86443e-07 0.316035 
0.629164 0.0288796 2.53194e-05 0.00811071 0.0214776 0.00215503 0.310188 
0.608228 0.124285 0.0273592 0.00241871 0.140618 0.0180418 0.0790494 
0.723332 0.27534 2.50927e-06 5.83009e-07 1.18238e-05 3.14279e-09 0.00131377 
0.958051 0.0334591 0.000140946 0.000571735 0.00265394 1.69188e-09 0.00512333 
0.420434 0.282265 0.00115559 1.19738e-06 0.0571404 6.9457e-06 0.238998 
0.655343 0.116817 6.74882e-05 0.000305854 0.0251561 0.05771 0.144601 
0.446584 0.306233 0.000428703 0.0869636 0.110083 4.69881e-06 0.0497031 
0.949198 0.0301847 0.00119034 4.32781e-06 0.000497405 1.12973e-11 0.0189255 
0.51434 0.273399 0.00604736 0.0511274 0.0157458 0.0567502 0.08259 
0.598447 0.240176 0.000856509 0.00168697 0.0526947 0.0022531 0.103886 
0.645439 0.19859 0.0678975 0.00404555 0.054638 0.00029464 0.0290949 
0.942676 0.0283079 0.00349021 0.00614719 0.000327407 1.26569e-07 0.0190513 
0.607344 0.194 2.17475e-05 0.0315277 0.0218706 1.74415e-05 0.145218 
0.942676 0.0283079 0.00349021 0.00614719 0.000327407 1.26569e-07 0.0190513 
0.942676 0.0283079 0.00349021 0.00614719 0.000327407 1.26569e-07 0.0190513 
0.765787 0.182451 0.000230439 0.00284607 0.0174342 4.98809e-05 0.0312011 
0.965599 0.000582724 3.49636e-05 0.000108239 1.26073e-08 5.217e-08 0.0336745 
0.369193 0.230738 2.79593e-05 0.000209165 0.31607 0.00153512 0.0822271 
0.302869 0.257386 0.000228082 0.0737715 0.0671697 0.0152928 0.283283 
0.92739 0.0700379 2.71532e-05 0.000213308 0.00033786 0.000132569 0.00186119 
0.671569 0.224761 0.000151503 0.00308918 0.0798374 0.00104996 0.0195424 
0.530807 0.168354 1.32396e-06 0.0631606 0.108323 8.61282e-06 0.129345 
0.425827 0.0466222 0.000121789 0.339021 0.0177213 0.00105726 0.16963 
0.92739 0.0700379 2.71532e-05 0.000213308 0.00033786 0.000132569 0.00186119 
0.561147 0.308933 0.0435726 0.0203087 0.013435 0.0380361 0.0145672 
0.269243 0.230885 0.0884109 0.00321967 0.134347 0.207895 0.0659993 
0.942676 0.0283079 0.00349021 0.00614719 0.000327407 1.26569e-07 0.0190513 
0.610292 0.196337 9.09808e-05 0.0194867 0.000139602 7.62911e-06 0.173646 
0.942676 0.0283079 0.00349021 0.00614719 0.000327407 1.26569e-07 0.0190513 
0.31613 0.17583 0.0285603 0.00202642 0.142154 0.307594 0.027705 
0.677778 0.261382 0.006907 0.000398017 0.0115719 0.00150242 0.0404606 
0.517355 0.264572 0.000301582 0.0372599 0.0274661 0.00597574 0.14707 
0.996301 5.32468e-06 0.000689563 0.00184291 1.25932e-05 0.000297359 0.000851075 
0.626879 0.207433 0.000278653 0.0691464 0.0170409 0.0125397 0.0666824 
0.344539 0.159137 0.289409 0.0601541 0.0288878 0.00979813 0.108075 
0.342894 0.316919 0.00256427 0.00244239 0.172401 0.150635 0.0121432 
0.457955 0.246773 0.000225837 0.0128329 0.0976422 0.0169993 0.167572 
0.38028 0.294489 0.00032969 0.0530713 0.0114933 0.00101434 0.259322 
0.942676 0.0283079 0.00349021 0.00614719 0.000327407 1.26569e-07 0.0190513 
0.633501 0.235047 0.0123761 0.000732083 0.0575871 0.0424962 0.0182606 
0.743547 0.187086 0.000227873 0.00197893 0.0545635 2.11026e-07 0.0125967 
0.587632 0.263319 3.38418e-06 0.000292669 0.0925388 8.50133e-07 0.0562139 
0.43492 0.153901 0.250114 0.0503551 0.0242939 0.00597229 0.0804441 
0.498 0.197179 0.0129859 0.00501634 0.0695358 0.0274727 0.18981 
0.999926 9.93265e-08 8.67627e-07 5.67321e-07 3.44636e-07 1.42613e-06 7.04726e-05 
0.446584 0.306233 0.000428703 0.0869636 0.110083 4.69881e-06 0.0497031 
0.628018 0.143459 0.0004779 0.0495661 0.110529 0.00180519 0.0661451 
0.455664 0.112956 0.332619 0.0145067 0.0454368 0.0114652 0.0273525 
0.942676 0.0283079 0.00349021 0.00614719 0.000327407 1.26569e-07 0.0190513 
0.924673 0.0170808 0.000254883 0.00697693 0.007609 0.000411891 0.0429939 
0.996301 5.32468e-06 0.000689563 0.00184291 1.25932e-05 0.000297359 0.000851075 
0.771274 0.130075 2.54501e-05 6.0415e-05 0.0794927 0.000113326 0.0189586 
0.836609 0.0418922 0.000329298 0.000242786 9.34571e-05 2.34445e-08 0.120833 
0.759352 0.113047 1.37182e-05 0.00327855 0.00500988 0.00134444 0.117954 
0.530314 0.227936 5.41432e-06 0.00691843 0.060679 2.12377e-06 0.174145 
0.962319 0.0262138 4.89979e-07 0.000746259 0.00753081 1.25843e-06 0.0031884 
0.942676 0.0283079 0.00349021 0.00614719 0.000327407 1.26569e-07 0.0190513 
0.621429 0.37847 4.61476e-06 6.70172e-05 1.60655e-05 9.84853e-06 3.10303e-06 
0.418748 0.195906 0.286817 0.019147 0.0139473 0.0247567 0.0406785 
0.789179 0.122538 6.33578e-07 0.000921993 0.0481088 0.000193249 0.0390586 
0.389679 0.157194 2.52301e-05 0.270566 0.0148972 0.00434316 0.163296 
0.395929 0.242162 0.000825911 0.0198287 0.21715 0.000192296 0.123912 
0.377133 0.344676 1.28515e-05 0.000821684 0.0431139 6.71444e-07 0.234241 
0.994761 1.44803e-07 0.00516555 6.9609e-10 7.76141e-08 1.74983e-09 7.3256e-05 
0.40421 0.358013 0.0229548 0.00830842 0.182266 0.0101871 0.014061 
0.711765 0.082766 0.000581393 0.00043832 0.0413262 0.000118834 0.163005 
0.810471 0.0696133 0.00125199 0.000135281 0.0649406 0.00887254 0.0447157 
0.358095 0.267384 0.0212856 0.00403026 0.0806853 0.00444266 0.264076 
0.43492 0.153901 0.250114 0.0503551 0.0242939 0.00597229 0.0804441 
0.942676 0.0283079 0.00349021 0.00614719 0.000327407 1.26569e-07 0.0190513 
0.697154 0.16817 0.00262486 0.0591274 0.00760831 9.52799e-06 0.0653066 
0.861821 0.0233482 4.37515e-05 0.0108341 0.00310294 0.000739435 0.10011 
0.942676 0.0283079 0.00349021 0.00614719 0.000327407 1.26569e-07 0.0190513 
0.846769 0.0357229 3.87674e-08 9.27881e-07 0.0356517 1.42957e-05 0.0818411 
0.52861 0.246016 0.0827351 0.00493811 0.0469638 0.0118496 0.0788883 
0.573901 0.13198 1.33488e-05 0.0191565 0.123221 0.0225735 0.129155 
0.637184 0.21722 0.00126405 0.000138529 0.0473723 7.14692e-07 0.0968209 
0.698523 0.0810895 0.000266736 0.000736043 0.151368 0.00625711 0.0617595 
0.62662 0.195498 0.000587214 0.00111612 0.0838827 0.0184549 0.0738419 
0.37926 0.36397 0.000683294 0.00356742 0.159891 0.0291693 0.0634585 
0.522362 0.202136 0.000265622 0.00529576 0.0991726 7.83069e-05 0.17069 
0.996301 5.32468e-06 0.000689563 0.00184291 1.25932e-05 0.000297359 0.000851075 
0.38351 0.262639 0.00415212 0.0181582 0.0628857 0.000128507 0.268526 
0.408077 0.127827 0.000141288 0.0187306 0.0562072 1.76432e-05 0.389 
0.853868 0.0378068 0.000464223 0.00497398 0.0497572 2.99027e-05 0.0530995 
0.961076 0.0100973 0.000565027 0.00658536 6.3984e-09 1.25987e-09 0.0216767 
0.786867 0.116305 0.00146856 0.00913085 0.00406359 3.59223e-05 0.0821293 
0.591497 0.126554 0.0465357 0.000416644 0.091584 0.110057 0.0333566 
0.810471 0.0696133 0.00125199 0.000135281 0.0649406 0.00887254 0.0447157 
0.505691 0.0782074 0.274097 0.0712938 0.00945084 0.000638426 0.0606209 
0.835215 0.149881 2.01212e-05 0.00014916 0.00582059 3.67586e-07 0.00891389 
0.600197 0.159261 0.000123761 0.00165659 0.218272 0.0043116 0.0161771 
