0.124783 0.506539 2.50586e-07 0.00135237 0.0399256 5.24402e-05 0.327347 
0.00293775 0.943608 0.00014745 0.0315909 0.0127391 0.00476759 0.00420913 
0.0103244 0.912606 2.70648e-05 0.00622308 0.0216236 0.0168091 0.0323865 
0.110411 0.681384 0.000103612 0.019752 0.0233037 0.000619722 0.164427 
0.106273 0.464145 0.012939 0.0767196 0.117877 0.0935544 0.128492 
0.0326792 0.862602 5.79714e-06 0.000889129 0.00237326 2.88566e-06 0.101447 
0.0218313 0.840998 0.0179093 0.0367527 0.0341094 0.00700846 0.0413906 
0.0861643 0.691309 0.00463512 0.039235 0.134181 0.00144346 0.0430323 
0.146711 0.435112 0.141936 0.0447488 0.125219 0.0548097 0.0514644 
0.0230535 0.689059 4.02981e-05 0.138593 0.0100024 0.0108294 0.128423 
0.0212214 0.770882 0.00597311 0.0481602 0.0669431 0.0627632 0.0240566 
0.00780984 0.945665 3.45495e-05 0.00598831 0.0223572 0.000102686 0.0180425 
0.074906 0.688782 0.00510052 0.0281777 0.153008 0.00773219 0.0422935 
0.0309248 0.516615 9.37615e-05 0.00295733 0.443374 1.23507e-07 0.00603482 
0.227333 0.500689 5.76149e-05 0.00702756 0.0446078 0.000352642 0.219932 
0.134758 0.488632 0.000375419 0.000178236 0.0144863 6.00878e-05 0.36151 
0.000267451 0.799979 0.0864501 5.51892e-05 0.0112268 0.00236798 0.0996532 
0.0457967 0.548109 0.000411023 0.0125327 0.272197 0.0494947 0.0714592 
0.00673211 0.992763 1.2463e-06 0.000499808 1.24648e-06 1.24611e-06 1.24651e-06 
0.0178688 0.771275 0.0289326 0.0157442 0.0664476 0.0230117 0.0767197 
0.0651018 0.51694 0.000252023 0.0133907 0.253536 0.0100568 0.140723 
0.0596497 0.539902 1.60735e-05 0.00233006 0.391035 2.21532e-12 0.00706694 
0.0155478 0.76662 1.8472e-08 0.00137331 0.0405842 1.68882e-11 0.175875 
0.0352115 0.924431 0.000119338 0.00167048 0.0260566 0.00014409 0.0123671 
0.00867152 0.659134 3.69588e-05 0.0141743 0.301116 0.00502227 0.0118451 
0.0932783 0.622308 0.0275041 0.0241098 0.190327 0.00622075 0.036252 
0.175769 0.540626 0.0511323 0.0587651 0.0962967 0.00617858 0.0712326 
0.0631547 0.815973 0.00050045 0.00201435 0.00613121 0.000919996 0.111306 
0.0349764 0.634286 0.00398346 3.72066e-05 0.310942 0.000457188 0.0153183 
0.12724 0.438555 0.0754972 0.0261181 0.04756 0.15134 0.13369 
0.000420929 0.915063 0.00100783 7.15739e-05 0.00314942 0.00777035 0.0725167 
0.187297 0.571613 6.84204e-05 0.00197381 0.0118362 0.00205127 0.22516 
0.0345893 0.789175 5.6447e-07 0.0483899 0.0012968 3.30987e-06 0.126546 
0.00196396 0.970302 8.3968e-05 0.00224912 0.0241548 0.000241444 0.00100506 
0.00233948 0.96684 2.41818e-05 0.00323546 0.00227681 0.000870613 0.024413 
0.0274309 0.898801 0.00301572 0.00827165 0.0395376 0.00156314 0.0213796 
0.000653158 0.454484 2.4724e-05 0.101845 0.414902 0.00270863 0.0253824 
0.0411201 0.752873 4.37636e-07 0.000832794 0.122768 4.62484e-06 0.0824008 
0.00891249 0.649629 3.54327e-07 0.00430488 0.0345188 0.00125565 0.301379 
0.0565725 0.492547 0.00761121 0.0212103 0.198011 0.058498 0.16555 
0.119496 0.736263 1.84631e-05 0.00244725 0.126944 0.00344388 0.0113881 
0.000565434 0.943446 2.50459e-05 0.000119466 0.00161859 0.000950809 0.0532747 
0.0454906 0.8225 0.000310887 0.000302028 0.0235759 0.00227045 0.10555 
0.119836 0.799135 8.03786e-07 0.000290843 0.0663689 2.18934e-10 0.0143689 
0.157016 0.469126 0.014202 0.00890822 0.0879312 0.203097 0.0597191 
0.00420085 0.919821 3.58597e-05 0.0241035 0.00332196 0.00920054 0.0393163 
0.00331789 0.848514 9.19247e-06 0.0025485 0.14483 3.01871e-05 0.000749911 
0.39602 0.45056 0.000272592 0.0298704 0.0333797 0.00232609 0.0875715 
0.0246795 0.660597 0.000249827 0.00811704 0.153059 0.00232881 0.150968 
0.158174 0.543313 0.00257931 0.00881074 0.155439 0.000997208 0.130687 
0.000653158 0.454484 2.4724e-05 0.101845 0.414902 0.00270863 0.0253824 
0.241195 0.622822 5.75295e-05 0.000333149 0.0959693 0.0163644 0.0232587 
0.329037 0.344128 0.00160706 0.228414 0.0500828 0.0117737 0.0349571 
0.0291006 0.63635 9.62796e-05 0.00903112 0.312455 7.16147e-05 0.0128946 
0.190321 0.500826 5.96549e-05 0.00921614 0.00841677 8.92532e-05 0.291071 
0.00894497 0.965786 5.54571e-05 1.86118e-05 0.0235544 0.000983781 0.000656437 
0.0841479 0.429894 0.0733858 0.0185093 0.0887065 0.232053 0.0733036 
0.00133155 0.700198 0.00135811 0.194158 0.0388132 0.00865416 0.0554872 
0.0112779 0.887786 1.61736e-08 0.000785407 0.0134908 2.89811e-07 0.0866593 
0.220667 0.533726 0.0242853 0.0288209 0.0810328 0.00373245 0.107736 
0.0100382 0.709409 0.0010604 0.000301017 0.0800908 0.000718509 0.198382 
0.00132465 0.728113 3.84136e-08 0.0119526 0.0223981 6.31411e-08 0.236212 
0.097263 0.62006 0.000322416 0.0359228 0.123832 0.00164974 0.12095 
0.0103953 0.920607 3.33048e-05 0.00858744 0.0293764 0.00179162 0.0292094 
0.048745 0.2968 0.249001 0.00380748 0.127618 0.223219 0.0508098 
0.00420085 0.919821 3.58597e-05 0.0241035 0.00332196 0.00920054 0.0393163 
0.00827205 0.578755 1.62841e-05 0.0511291 0.330968 3.54515e-06 0.0308556 
0.0165019 0.887712 2.2353e-05 0.0219282 0.0165754 0.00139109 0.055869 
0.074367 0.628385 0.00407748 0.0152461 0.220554 0.00610207 0.0512686 
0.017429 0.777197 0.0630051 0.00255655 0.0825424 0.0438247 0.0134451 
0.0063622 0.723596 1.53885e-06 0.0246226 0.229747 9.92764e-07 0.01567 
0.0634144 0.773643 0.00623217 0.0205678 0.0777496 0.006795 0.0515975 
0.048636 0.6562 0.095857 0.00563714 0.136713 0.00727452 0.0496822 
0.0044769 0.913077 0.00278271 0.0135033 0.0577116 0.000471951 0.00797686 
0.0660148 0.837741 0.00965621 0.000499063 0.0704836 0.00251409 0.0130912 
0.0445823 0.689704 0.0048978 0.00502005 0.0321303 0.152875 0.0707905 
0.200252 0.545596 0.001163 0.0191695 0.146204 0.00677568 0.0808402 
0.0742374 0.776844 0.00123631 0.0110897 0.0499227 0.00117256 0.0854971 
0.0787728 0.712237 0.000122472 0.000314495 0.151747 1.33753e-05 0.0567931 
0.0593021 0.86473 0.000209028 0.0022463 0.00294328 4.79278e-05 0.0705211 
0.151432 0.573079 0.00968381 0.00964719 0.143506 0.0435203 0.0691318 
0.0802641 0.454149 0.000264743 0.0161337 0.311385 0.00204002 0.135763 
0.00420085 0.919821 3.58597e-05 0.0241035 0.00332196 0.00920054 0.0393163 
0.0410065 0.524034 0.0535068 0.0207014 0.318717 0.000553785 0.0414808 
0.0709644 0.750415 0.00570916 0.0177927 0.0745924 0.00431286 0.0762136 
0.0212476 0.870815 5.7298e-05 0.0141778 0.0491678 1.7849e-05 0.0445165 
0.0239295 0.704729 0.00028322 0.0156507 0.101113 0.111456 0.0428382 
0.0313681 0.426146 7.15018e-05 0.168945 0.0874692 0.00527691 0.280723 
0.432332 0.513299 0.000218493 0.0014031 0.00624055 4.25581e-05 0.0464644 
0.0964182 0.721267 0.00496853 0.00887003 0.12348 0.0028604 0.0421357 
0.0410928 0.780639 9.97463e-05 0.0175303 0.0385994 0.00443634 0.117602 
0.226814 0.519642 0.00273624 0.000440466 0.0701664 1.71027e-05 0.180184 
0.102476 0.665933 0.0007564 0.0158739 0.0417324 0.0392937 0.133934 
0.139863 0.540405 0.000329758 0.0635137 0.007398 0.00135573 0.247134 
0.00324554 0.798244 6.17347e-06 0.000155907 0.176494 0.000131306 0.0217228 
0.11424 0.815457 0.000212072 0.0096218 0.0522439 0.000155354 0.00806986 
0.00392028 0.678506 0.0124326 0.0303659 0.0191652 0.152628 0.102982 
0.357289 0.501045 0.000838042 0.00310305 0.0368375 0.00408413 0.0968033 
0.0777914 0.895068 6.31871e-06 0.000434569 0.00298994 1.63672e-08 0.0237101 
0.443972 0.445921 0.000109116 0.000217466 0.0478246 0.00415319 0.0578027 
0.0570188 0.737834 0.00151712 0.00272393 0.0672418 0.103825 0.0298394 
0.0202915 0.890641 3.22169e-05 0.00121146 0.0484856 2.87344e-09 0.0393381 
0.000397199 0.457751 2.5376e-06 0.266211 0.242261 0.000716893 0.0326608 
0.020904 0.692059 0.0180222 0.00886894 0.0746949 0.0025503 0.182901 
0.0147232 0.687876 0.043926 0.0644713 0.0187085 0.0815498 0.0887451 
0.111197 0.357465 0.000157692 0.259441 0.0631378 0.00269064 0.205911 
0.033357 0.812086 0.000106687 0.00555739 0.00610111 0.00937949 0.133413 
0.176687 0.375985 0.000251373 3.08804e-06 0.263493 0.000338475 0.183242 
0.0447473 0.386006 0.000191531 0.296748 0.0734074 0.00374412 0.195156 
0.038582 0.698346 0.000720068 0.0589071 0.129438 0.00897237 0.0650344 
0.0872688 0.664696 3.50744e-05 0.0484871 0.159183 0.00250755 0.0378231 
0.0544606 0.803882 0.00349166 0.0012549 0.120129 0.00630686 0.0104755 
0.0127451 0.781057 1.70323e-05 0.0030038 0.144225 0.000915579 0.0580365 
0.0227037 0.739998 0.0187097 0.0033287 0.0541912 0.000263396 0.160805 
0.00409538 0.672247 0.000166104 0.21294 0.036632 0.00177978 0.0721396 
0.042178 0.927304 9.56298e-06 0.000295031 0.000118665 7.17208e-13 0.0300944 
0.000653158 0.454484 2.4724e-05 0.101845 0.414902 0.00270863 0.0253824 
0.0136744 0.899792 0.00926836 0.00033681 0.0756274 0.000369084 0.000931687 
0.274192 0.619282 0.0583134 0.00127745 0.0356186 0.00571654 0.00560068 
0.00460539 0.888987 7.97863e-05 0.000460636 0.0401854 0.0521346 0.0135468 
0.359613 0.425617 0.00086027 0.0406959 0.145815 0.0036639 0.0237359 
0.00405325 0.89019 8.43001e-07 0.0107337 0.00480383 6.41183e-05 0.0901539 
0.0344877 0.502705 3.04218e-05 0.0865988 0.0877541 0.140768 0.147656 
0.011347 0.839141 4.01983e-05 0.00333646 0.104522 0.000458343 0.0411552 
0.000653158 0.454484 2.4724e-05 0.101845 0.414902 0.00270863 0.0253824 
0.0407599 0.691871 3.58086e-05 0.0184547 0.137843 0.000851284 0.110185 
0.0262803 0.705136 0.0244346 0.0183302 0.0458639 0.0501922 0.129763 
0.0560195 0.863345 0.000232144 0.0097618 0.0440485 0.00124438 0.0253484 
0.353766 0.361168 0.000133716 0.00129778 0.156561 0.0464496 0.0806231 
0.0671284 0.712131 0.00316382 0.0244859 0.097138 0.00717212 0.0887809 
0.241403 0.369852 0.00376801 0.0148114 0.334889 0.00990436 0.0253722 
0.0966984 0.850555 0.000245113 0.00588474 0.0102038 0.000589048 0.0358242 
0.0555353 0.566211 0.00342102 0.0230275 0.303172 0.00027063 0.0483622 
0.257617 0.715152 3.38454e-12 0.00113567 0.0137054 5.56323e-12 0.0123898 
0.0923388 0.639583 0.000228049 0.0758974 0.0244504 1.16096e-05 0.167491 
0.0561022 0.649953 0.0124235 0.0287984 0.16926 0.0311696 0.0522933 
0.234576 0.593716 9.47519e-05 0.00885369 0.000427078 1.35428e-08 0.162332 
0.0109665 0.90058 5.9442e-05 0.0108881 0.033521 0.00233108 0.0416542 
0.117293 0.59303 0.00835896 0.0193789 0.213637 0.0117371 0.0365647 
0.104994 0.618456 0.000293017 0.199806 0.000710558 1.22853e-08 0.0757404 
0.0454916 0.86407 2.48984e-05 0.0039872 0.0480424 1.21092e-06 0.0383832 
0.112633 0.687805 0.007331 0.0160425 0.082069 0.00519527 0.0889241 
0.0192047 0.825736 0.0290562 0.0708351 0.0124263 4.38158e-07 0.0427414 
0.0919445 0.764776 5.63286e-05 0.0342712 0.00240735 0.00109542 0.10545 
0.0116965 0.880821 7.03058e-06 0.00808285 0.0146508 2.52833e-05 0.0847164 
0.00491315 0.662833 8.33391e-08 0.00163559 0.253591 9.94895e-06 0.0770168 
0.040583 0.778198 0.000216264 0.000665732 0.141243 0.000174397 0.0389194 
0.00765247 0.829149 1.20093e-05 0.00042898 0.0839061 1.82097e-07 0.0788514 
0.0703323 0.582466 0.00488152 0.0115627 0.0659048 0.0488062 0.216046 
0.00764554 0.825495 6.12733e-05 0.00397502 0.104246 0.00121073 0.0573658 
0.0552023 0.765962 0.0232366 0.0244447 0.0691492 0.006411 0.0555947 
0.0416162 0.674086 0.000110196 0.0339124 0.116183 0.00105124 0.133041 
0.0538565 0.724934 0.00178142 0.0140025 0.114852 0.021573 0.0690007 
0.045951 0.72849 0.00800898 0.0139395 0.165077 0.0100644 0.0284687 
3.95111e-05 0.999763 3.95064e-05 3.95097e-05 3.95121e-05 3.95004e-05 3.95132e-05 
0.463302 0.467972 2.70761e-05 0.00914862 0.0186683 0.000124726 0.0407575 
0.392682 0.444751 1.67923e-05 0.00155095 0.086284 2.66117e-06 0.0747119 
0.0290105 0.857312 0.000129578 0.0363625 0.0372197 0.000689528 0.0392766 
0.00135741 0.947978 8.2519e-07 0.000527784 0.047702 1.12855e-06 0.00243264 
0.0320684 0.540097 0.0230174 0.000356982 0.342354 0.0434127 0.0186941 
0.0289456 0.790466 0.00672744 0.00580225 0.113179 0.00215976 0.0527208 
0.173091 0.677041 1.11068e-05 0.00630574 0.00530744 9.72673e-06 0.138233 
0.104151 0.806263 0.000341131 0.0061165 0.0377951 0.0248872 0.0204461 
0.00596265 0.975615 0.000128604 0.000476738 0.00528641 0.00541006 0.00712005 
0.0263505 0.844143 2.45422e-05 0.00625849 0.0329418 0.000124144 0.0901573 
0.0392364 0.68947 0.00905167 0.0214565 0.12315 0.0526604 0.0649752 
6.60612e-05 0.819294 1.13311e-08 8.15744e-06 4.50089e-09 1.86251e-08 0.180631 
0.0485425 0.59615 0.00348448 0.0313017 0.0740041 0.00943567 0.237082 
0.137834 0.793792 5.73639e-06 0.0639041 0.00271329 7.31643e-10 0.00175066 
0.0009454 0.979779 1.31549e-05 0.00151825 0.0148007 0.00136062 0.00158289 
0.00920463 0.922294 1.65923e-05 0.0102307 0.0198042 0.000988656 0.0374612 
0.127628 0.745633 0.000113783 0.000944027 0.0413453 0.00129736 0.0830387 
0.0636534 0.741457 6.11941e-05 0.0250301 0.0728188 0.000145295 0.0968344 
0.111494 0.704569 6.62027e-06 0.0116783 0.00256386 0.000185323 0.169503 
0.14565 0.836131 1.15914e-05 0.00574942 0.000341635 4.84862e-10 0.0121165 
0.201678 0.362222 3.69277e-07 0.00060015 0.357098 0.00251141 0.0758899 
0.00860456 0.509703 0.000142137 0.386546 0.00819306 0.00213566 0.0846751 
0.0130935 0.888937 0.000853933 0.0230257 0.0144579 0.0123913 0.0472412 
0.0159599 0.754091 8.45697e-05 0.008464 0.0256575 0.0196539 0.176089 
0.00764554 0.825495 6.12733e-05 0.00397502 0.104246 0.00121073 0.0573658 
0.0908379 0.520783 0.000104271 0.0180684 0.0204507 0.00665324 0.343103 
0.0367548 0.446962 0.000233378 0.010026 0.100592 0.244534 0.160898 
0.100205 0.683227 0.0110404 0.0108472 0.116699 0.0026688 0.0753122 
0.10457 0.576898 0.000517618 0.0395185 0.199256 0.00933546 0.0699048 
0.0943932 0.60757 6.12548e-05 0.0162532 0.0468766 3.34614e-07 0.234846 
0.00711453 0.920132 4.12325e-05 0.0228654 0.00387608 0.00470239 0.0412686 
0.282985 0.587047 0.000965886 0.00228507 0.0983585 1.07436e-05 0.0283484 
0.00108336 0.728956 0.00757171 0.000737057 0.200513 0.0462966 0.014842 
0.0759235 0.711569 0.00353858 0.0183263 0.0740334 0.00430561 0.112303 
0.0976158 0.67889 0.00733229 0.0420597 0.169222 0.00277105 0.00210916 
0.266794 0.347833 1.72701e-05 0.000643882 0.0601513 0.000240747 0.32432 
0.17776 0.420072 8.85124e-05 0.0291693 0.283734 0.00642474 0.0827513 
0.264025 0.393175 0.000839657 0.119161 0.09913 0.00839085 0.115278 
0.013241 0.932148 4.10152e-05 3.49739e-05 0.0462237 0.000359437 0.00795221 
0.0132006 0.669691 0.00382058 0.0389273 0.0771805 0.0972628 0.0999174 
0.00711453 0.920132 4.12325e-05 0.0228654 0.00387608 0.00470239 0.0412686 
0.0352209 0.712788 0.00936521 0.00521046 0.14511 0.00155562 0.0907493 
0.0740804 0.669657 0.000355702 0.00706346 0.0560067 0.104762 0.0880745 
0.129924 0.566309 4.79188e-05 0.0976368 0.00140008 0.00295708 0.201726 
0.058562 0.481545 0.00486411 0.0128637 0.244135 0.187554 0.0104769 
0.0653611 0.76137 0.000339907 0.00123208 0.0258987 1.20893e-06 0.145797 
0.00420085 0.919821 3.58597e-05 0.0241035 0.00332196 0.00920054 0.0393163 
0.00566925 0.840579 6.35849e-05 0.00265841 0.0883906 0.00320644 0.0594323 
0.0430321 0.488937 5.04981e-08 3.60274e-07 0.323292 0.000643368 0.144095 
0.244356 0.425599 0.0360808 0.00719063 0.175514 0.0449104 0.066349 
0.0225412 0.821895 9.17094e-06 0.0242434 0.0224692 0.00260132 0.10624 
0.0772574 0.320995 0.161113 0.000139366 0.222605 0.194025 0.0238647 
0.00711453 0.920132 4.12325e-05 0.0228654 0.00387608 0.00470239 0.0412686 
0.328707 0.396764 0.000137852 0.0366633 0.131109 0.00138801 0.105231 
0.00494415 0.745796 0.00279459 0.0160191 0.202669 0.00398105 0.0237956 
0.0963175 0.731803 0.00852292 0.000987004 0.110376 0.0281832 0.0238104 
0.0438937 0.710039 7.92709e-05 0.0238297 0.0265947 0.000405156 0.195158 
0.288685 0.542757 0.000880015 0.0616658 0.042784 5.12072e-07 0.0632276 
0.123506 0.707215 0.00136699 0.0130293 0.117391 0.000500019 0.0369922 
0.00711453 0.920132 4.12325e-05 0.0228654 0.00387608 0.00470239 0.0412686 
0.0651697 0.722292 0.000293195 0.000188968 0.0974288 0.000268593 0.114359 
0.000515949 0.700882 5.57116e-06 0.0379141 0.0813097 1.01593e-06 0.179372 
0.0554686 0.395194 0.00159097 0.00152559 0.115753 0.390681 0.0397877 
0.0452224 0.796833 0.0133532 0.0141223 0.0554704 0.0509264 0.0240725 
0.396994 0.533311 0.000330918 0.00236027 0.0234143 2.71302e-05 0.0435619 
0.00973409 0.778123 0.000640013 0.0653987 0.05214 0.0326186 0.0613454 
0.0872684 0.628862 0.00438436 0.0164038 0.148237 0.0102052 0.104639 
0.0123328 0.707775 0.00119752 0.0222253 0.124708 0.0147219 0.11704 
0.140823 0.426589 1.6268e-05 0.00407256 0.09287 7.76541e-05 0.335552 
0.0510016 0.827892 3.9121e-05 0.0129716 0.0332549 0.0157749 0.0590658 
0.100595 0.8086 0.00124944 0.00334965 0.0076989 8.44474e-05 0.0784226 
0.0573365 0.687548 0.0323716 0.00812899 0.0645023 0.000660204 0.149452 
0.0822508 0.890114 1.44795e-05 0.000676018 2.96971e-05 0.00387633 0.0230386 
0.158144 0.635092 0.0120853 0.0109673 0.0185826 0.0664697 0.098659 
0.400525 0.445128 0.0483019 0.0218208 0.0401832 0.00353443 0.0405068 
0.113088 0.396429 0.0410734 0.00907375 0.331853 0.0116483 0.0968354 
0.0953326 0.759676 0.0593792 0.00100775 0.0284126 3.35099e-12 0.0561915 
0.021386 0.909601 0.00029983 0.00327262 0.0380317 0.0221852 0.00522392 
0.0235617 0.666575 0.026019 0.0249058 0.0229393 0.00409635 0.231903 
0.345366 0.499738 0.0137057 0.010575 0.0229146 0.043607 0.0640943 
0.000653158 0.454484 2.4724e-05 0.101845 0.414902 0.00270863 0.0253824 
0.00711453 0.920132 4.12325e-05 0.0228654 0.00387608 0.00470239 0.0412686 
0.0361211 0.896889 1.50703e-05 0.000169168 0.061036 0.000275292 0.00549423 
0.0223032 0.94935 8.68834e-05 0.00235578 0.00178857 6.84655e-05 0.0240466 
0.040042 0.863384 7.06662e-06 0.0100564 0.0487501 7.51041e-06 0.0377525 
0.0064742 0.78188 1.29116e-05 0.0365518 0.00147519 0.00156195 0.172044 
0.0473071 0.835019 0.00495583 0.00543939 0.100025 9.67818e-06 0.00724452 
0.401215 0.458966 0.000131763 0.0111183 0.059926 0.00665276 0.06199 
0.0972889 0.639402 0.000181876 0.0190187 0.0294951 0.0340772 0.180536 
0.310831 0.584856 0.00033748 0.00351301 0.0323251 0.00395278 0.0641848 
0.0788905 0.645418 0.00986763 0.024358 0.171723 0.0186837 0.0510592 
0.0139305 0.292017 0.000281544 0.176515 0.029213 0.285642 0.202401 
0.00754139 0.831771 0.00112874 0.0251847 0.0144845 0.00658052 0.113309 
0.134258 0.684393 0.0152957 0.0264517 0.0256643 0.00249059 0.111447 
0.0124086 0.845501 6.90754e-06 0.00163239 0.0692909 1.28494e-07 0.07116 
0.129924 0.566309 4.79188e-05 0.0976368 0.00140008 0.00295708 0.201726 
0.0919371 0.725713 0.000150224 0.00561417 0.113734 0.0100344 0.0528164 
0.116757 0.726375 6.96569e-05 0.0225663 0.0400483 1.08555e-05 0.094173 
0.00396435 0.438335 0.000540167 0.117979 0.0459434 0.307358 0.0858805 
0.0282432 0.787104 0.0256232 0.0116215 0.0619876 0.00414383 0.0812764 
0.272862 0.401702 0.00371057 0.000360769 0.259894 0.0435052 0.0179648 
0.119516 0.595463 0.00312259 0.0317412 0.0469605 0.136398 0.0667983 
0.063044 0.519129 0.00814744 0.0311037 0.0222408 0.231548 0.124787 
0.00170761 0.870695 4.71458e-05 0.000739567 0.0384001 0.0525022 0.0359081 
0.132868 0.713802 0.0112424 0.0537848 0.00961582 0.0176873 0.0610003 
0.0717093 0.891586 0.000238277 0.01453 0.00824355 0.000254358 0.0134386 
0.245717 0.575579 0.000552326 0.00796873 0.0474343 0.0040485 0.1187 
0.0615725 0.808237 0.0077724 0.0190319 0.0578255 0.00409251 0.0414677 
0.0153138 0.603995 0.00206052 0.125514 0.180027 0.0730208 6.80952e-05 
0.00586697 0.950385 0.000120472 0.0101472 0.00299387 5.41697e-06 0.0304809 
0.0691809 0.790639 0.000251463 0.00425516 0.00529471 0.00774034 0.122639 
0.106881 0.682167 0.00220604 0.0152552 0.142316 0.000154821 0.0510202 
0.0523575 0.361852 0.288636 0.0012949 0.074857 0.0105052 0.210497 
0.0645056 0.754518 0.000406723 0.00913953 0.0629416 0.00183843 0.10665 
0.202984 0.587664 0.000299077 0.101942 0.0433559 0.0429199 0.0208344 
0.310493 0.670054 0.000308715 0.000403703 0.00418557 1.75645e-12 0.0145546 
0.0284465 0.762003 4.3198e-08 0.0550834 0.103511 0.000428719 0.0505272 
0.096455 0.630503 0.000484961 0.00133681 0.124241 8.81839e-07 0.146979 
0.00443171 0.906851 1.63474e-05 0.00122783 0.0437834 0.000452799 0.043237 
0.0180114 0.794318 0.0192125 0.048677 0.071262 0.00398031 0.0445386 
0.0838848 0.720361 0.00163982 0.0177101 0.0837458 0.00879977 0.0838583 
0.0515207 0.768415 0.000162922 0.00227724 0.0771885 0.00773478 0.0927008 
0.00314517 0.727474 2.83936e-07 0.0122236 0.0419515 0.0107392 0.204467 
0.00190103 0.772427 1.61507e-05 0.0271167 0.138051 0.000634379 0.0598538 
0.184366 0.691476 1.11514e-05 0.00745227 0.0023812 1.6855e-06 0.114312 
0.01353 0.861061 5.00302e-06 0.00619425 0.0817087 2.78444e-06 0.0374979 
0.107974 0.653969 1.95825e-05 0.00539695 0.064865 0.000326503 0.167449 
0.18196 0.705893 5.9787e-05 0.000260469 0.0475163 0.0100947 0.0542156 
0.137821 0.759614 0.000102241 0.0373628 0.00477022 4.06687e-05 0.0602892 
0.0919445 0.764776 5.63286e-05 0.0342712 0.00240735 0.00109542 0.10545 
0.0848799 0.781256 0.000178929 0.00751779 0.0799285 1.37783e-06 0.0462378 
0.144681 0.674132 0.00031471 0.0137469 0.0810375 0.000733343 0.0853544 
0.0638529 0.446615 0.0141235 0.0216674 0.271408 0.00256547 0.179767 
0.0687194 0.712422 0.000189916 0.0306989 0.0312718 0.000846175 0.155852 
0.16113 0.736778 8.85793e-05 0.00352014 0.0653689 2.44577e-06 0.0331123 
0.0554686 0.395194 0.00159097 0.00152559 0.115753 0.390681 0.0397877 
0.0884537 0.801439 0.000193674 0.0199177 0.00981057 0.000161153 0.0800236 
0.0822489 0.321947 0.00019036 0.132331 0.129299 0.0255702 0.308414 
0.00882725 0.886036 0.00110942 0.0214692 0.0260757 0.00917971 0.0473026 
0.0567966 0.589066 0.0090692 0.0149274 0.228142 0.0494008 0.0525977 
0.236607 0.288474 0.0102546 0.0567183 0.124668 0.00246401 0.280813 
0.0475158 0.729739 0.000112112 0.118041 0.00290617 4.25479e-06 0.101681 
0.00997961 0.881923 4.52725e-05 0.0426182 0.0399863 0.00827493 0.017173 
0.0919445 0.764776 5.63286e-05 0.0342712 0.00240735 0.00109542 0.10545 
0.0430119 0.816958 0.00231594 0.0120782 0.062205 0.0036844 0.0597468 
0.0045011 0.810222 0.0490116 0.000249961 0.0466428 0.08684 0.00253254 
0.0632702 0.660724 6.91022e-05 0.00501853 0.106128 0.00594678 0.158843 
0.0135746 0.921222 9.46914e-06 0.00210751 0.0395836 6.71949e-06 0.0234956 
0.0127169 0.630732 0.000458972 0.0521488 0.0728925 0.0940995 0.136951 
0.127439 0.713148 0.00051639 0.0604432 0.0501998 0.00542206 0.0428315 
0.327731 0.408783 0.233371 0.00104842 0.00146038 0.0183678 0.00923829 
0.303682 0.661043 5.36944e-05 0.000171613 0.0272831 2.04789e-05 0.00774598 
0.0143907 0.755061 0.000190276 0.030294 0.0764546 0.00388934 0.11972 
0.0374748 0.590355 8.7349e-05 0.010073 0.0728506 0.0021019 0.287057 
0.0181264 0.681954 0.0260067 0.0376442 0.131778 0.0792203 0.0252704 
0.029363 0.768941 0.00111009 0.0229783 0.0163811 0.144014 0.0172119 
0.0577536 0.706647 0.000113963 0.0293404 0.157751 0.00127648 0.0471183 
0.0461602 0.779916 0.00134079 0.034559 0.0117898 0.00413173 0.122102 
0.0832234 0.463689 0.00045606 2.83948e-05 0.383094 0.000190203 0.0693184 
0.294278 0.581956 9.76986e-05 0.00590619 0.0228402 1.85404e-05 0.0949028 
0.0199899 0.835902 0.000729544 0.000996035 0.0054692 0.089051 0.0478623 
0.206019 0.636729 0.000923978 0.0995858 0.0163484 1.98837e-05 0.040374 
0.0707396 0.723758 0.00011346 0.0170268 0.0587746 0.00674219 0.122845 
0.201005 0.351411 0.165108 0.00372772 0.00903293 0.220459 0.0492562 
0.0317734 0.53757 0.0258592 0.000700196 0.280327 0.0586383 0.0651311 
0.0658671 0.434622 0.005737 0.0148631 0.374327 0.0191266 0.0854568 
0.0344539 0.85794 9.81871e-05 0.0226741 0.0293317 0.00140474 0.0540971 
0.0524331 0.834953 0.000795101 0.023658 0.0205003 0.000448042 0.0672127 
0.000653158 0.454484 2.4724e-05 0.101845 0.414902 0.00270863 0.0253824 
0.0507305 0.63864 2.39993e-05 0.0269575 0.123639 0.00645404 0.153555 
0.045884 0.661019 0.000166337 0.0029829 0.00433809 1.45653e-12 0.28561 
0.0648312 0.683266 0.000113637 0.00949683 0.0648057 0.000927664 0.176559 
0.0080347 0.846057 1.45109e-06 0.00671821 0.0413406 0.00157677 0.0962717 
0.0311542 0.760552 0.00384588 0.0267344 0.106328 0.00647147 0.0649136 
0.00947269 0.952007 0.000209148 0.000166501 0.01195 0.0119264 0.0142687 
0.0210689 0.535045 2.30366e-09 0.0184669 0.00487026 8.20197e-11 0.420549 
0.210654 0.47392 0.000219306 0.00265696 0.0808407 0.000784127 0.230925 
0.010899 0.935984 0.000566855 3.50332e-05 0.00694574 0.0164262 0.0291433 
0.409789 0.503213 8.15779e-05 0.0136019 0.0230249 0.023379 0.0269106 
0.107274 0.826845 2.89287e-05 0.00275369 0.053321 3.67045e-05 0.00974056 
0.0351057 0.897542 7.99146e-05 0.0095054 0.0207795 1.69247e-05 0.0369707 
0.324626 0.47587 1.46014e-07 0.00246079 0.0872573 8.15146e-10 0.109786 
0.164746 0.40313 0.000300422 0.0191231 0.0166864 0.0150193 0.380995 
0.0410842 0.716259 3.57468e-05 0.0362288 0.0939004 0.0212653 0.0912269 
0.104151 0.806263 0.000341131 0.0061165 0.0377951 0.0248872 0.0204461 
0.0179654 0.667611 1.38106e-06 0.00919301 0.124485 0.000431995 0.180312 
0.0801624 0.844468 0.000202527 0.0288453 0.0311946 1.13429e-09 0.0151271 
0.152467 0.516618 0.0579952 0.000228249 0.0683917 0.0649915 0.139308 
0.0344604 0.784607 8.50069e-05 0.00585193 0.148001 0.00216635 0.0248285 
0.0147752 0.785035 0.000283878 0.0605252 0.0623591 0.00208305 0.0749386 
0.396325 0.541219 0.00123717 0.00391993 0.0393537 0.00426659 0.0136793 
0.0919173 0.709066 0.0133208 0.0268651 0.143162 7.49923e-05 0.0155933 
0.354283 0.43104 0.0109021 0.0262649 0.0806764 0.00851038 0.0883237 
0.00106216 0.845576 3.08441e-05 0.0196834 0.00618978 0.00154346 0.125914 
0.0344134 0.746181 4.47397e-06 0.0242182 0.0374951 0.000149799 0.157538 
0.0838303 0.779085 0.000193415 0.00148852 0.0825251 0.00493465 0.0479435 
0.00647701 0.922867 5.82104e-05 0.0101917 0.0356618 0.000160902 0.0245829 
0.0800325 0.562944 0.000184681 0.00207919 0.338184 4.1406e-05 0.0165341 
0.0257307 0.787089 0.012952 0.0211572 0.109285 0.00556969 0.0382164 
0.177365 0.452844 0.000702888 0.0117368 0.291486 0.0403852 0.0254808 
0.0947713 0.82758 0.00135519 0.00611193 0.0388297 0.000130381 0.031222 
0.0194706 0.718222 0.0107202 0.0204885 0.0557144 0.0135532 0.161831 
0.13863 0.531704 5.55101e-05 0.0358839 0.0421018 0.00199695 0.249629 
0.042178 0.927304 9.56298e-06 0.000295031 0.000118665 7.17208e-13 0.0300944 
0.0795474 0.706222 0.00736827 0.0148298 0.15954 0.00619857 0.0262944 
0.024676 0.881324 0.000530509 0.0125514 0.0314818 0.0255753 0.0238607 
0.0293273 0.555763 0.000640421 0.0224438 0.248549 0.00204754 0.141229 
0.00405325 0.89019 8.43001e-07 0.0107337 0.00480383 6.41183e-05 0.0901539 
0.0641315 0.604045 0.010786 0.0197536 0.198064 0.0305206 0.0726992 
0.0187906 0.577807 0.0789732 0.0951759 0.118404 0.0317343 0.0791157 
0.0675116 0.691871 1.53316e-06 0.000247435 0.0668641 0.000690021 0.172814 
0.044719 0.877887 0.000124925 0.00643718 0.0449841 0.000241359 0.0256068 
0.00702995 0.587047 5.9799e-06 0.000345105 0.370325 0.00403353 0.0312135 
0.0337742 0.676934 0.00119057 0.0248585 0.203595 0.00273443 0.056913 
0.0383413 0.612076 3.19125e-05 0.00657746 0.149629 0.00108026 0.192265 
0.025228 0.92527 1.19638e-06 0.0137017 0.00587345 7.31885e-13 0.0299252 
0.0479572 0.937625 2.77052e-05 0.00269608 0.000626888 2.43477e-09 0.0110672 
0.00711453 0.920132 4.12325e-05 0.0228654 0.00387608 0.00470239 0.0412686 
0.0239831 0.71667 0.000233452 0.0448294 0.0758899 0.000245575 0.138148 
0.0958792 0.521665 0.000726238 0.00173325 0.131073 0.000348573 0.248574 
0.034349 0.7401 0.000391678 0.062072 0.0694465 0.00269734 0.0909441 
0.0150583 0.821475 0.000151883 0.00348552 0.0965898 0.00272134 0.0605179 
0.305586 0.456083 0.000195197 0.00060026 0.00584138 0.0175593 0.214135 
0.273367 0.68837 0.000169466 0.00313879 0.0038885 0.000116435 0.0309492 
0.00565224 0.866446 0.000424355 0.0544918 0.0151552 0.0317453 0.0260853 
0.0177013 0.842955 1.47378e-05 0.038101 0.0230202 0.0046444 0.0735633 
0.00364257 0.92226 8.34977e-06 0.00165133 0.0627071 0.00115656 0.00857458 
0.0742932 0.643333 0.000403908 0.0372098 0.0676448 0.00286701 0.174249 
0.00362798 0.912236 1.13328e-05 0.01704 0.000287008 3.32977e-07 0.0667976 
0.155687 0.609476 0.00106345 0.154236 0.0190361 0.000876772 0.0596253 
0.0568361 0.562992 0.165436 0.0148754 0.144436 0.0309765 0.0244477 
0.0591147 0.82939 0.000219294 0.0116706 0.0229995 0.00338651 0.0732196 
0.111897 0.559773 8.12256e-05 0.000614418 0.304642 7.31714e-05 0.0229193 
0.0118427 0.911302 0.00315592 0.0104206 0.0346762 0.011474 0.017129 
0.00589305 0.797 0.00546116 0.0270772 0.0764893 0.0024644 0.0856145 
0.0795396 0.367412 0.199304 0.00232392 0.0467633 0.0239852 0.280673 
0.000868505 0.764824 0.0207319 0.0256818 0.160258 0.0023419 0.0252939 
0.0084134 0.665078 0.0200809 0.000605737 0.262909 0.0284473 0.0144661 
0.153262 0.571379 0.0704969 0.0111326 0.0140768 0.13493 0.0447218 
0.000653158 0.454484 2.4724e-05 0.101845 0.414902 0.00270863 0.0253824 
0.0567676 0.670781 5.93522e-05 0.0235801 0.00711706 0.0353725 0.206323 
0.0048982 0.875536 6.45157e-06 0.00128488 0.00525737 1.58131e-08 0.113018 
0.469416 0.477287 5.31952e-07 3.34614e-05 7.47247e-06 3.52351e-05 0.0532206 
0.00989485 0.758876 0.00518304 0.0701715 0.0766521 0.0156817 0.0635412 
0.0350955 0.5975 0.0639385 0.104069 0.130599 0.0214154 0.0473831 
0.409789 0.503213 8.15779e-05 0.0136019 0.0230249 0.023379 0.0269106 
0.0315516 0.794419 2.08183e-05 0.00211207 0.0758741 0.000118867 0.095904 
0.0912571 0.73994 0.000154488 0.00906055 0.0121177 0.00405856 0.143411 
0.383098 0.387484 0.129239 0.00896715 0.0239795 4.28125e-06 0.0672289 
0.000845389 0.986312 3.14394e-05 0.00188449 0.00570199 4.93373e-07 0.00522409 
0.17514 0.660563 0.0282247 0.0379076 0.0162626 0.0389804 0.0429216 
0.00524355 0.652588 0.0197143 0.104751 0.0232757 0.00682722 0.1876 
0.012441 0.9102 3.79471e-06 0.0244399 0.0146366 6.01779e-05 0.0382184 
0.00427373 0.461513 0.000232816 0.0029177 0.022216 0.307721 0.201125 
0.061721 0.597814 0.00186896 0.125333 0.0275605 0.0467144 0.138988 
0.0413304 0.835538 2.52536e-05 0.00243766 0.00931036 4.98291e-09 0.111358 
0.0969249 0.819993 0.000145427 0.0186522 0.00941579 7.08887e-06 0.0548614 
0.223575 0.505655 0.000646789 0.18842 0.0347667 0.00301939 0.0439176 
0.0112278 0.744839 0.00267364 0.0104299 0.212062 0.00277682 0.0159907 
0.0794412 0.790319 9.20624e-05 0.0351551 0.0704413 0.000865381 0.0236859 
0.0344604 0.784607 8.50069e-05 0.00585193 0.148001 0.00216635 0.0248285 
0.0754163 0.737639 0.000224319 0.03015 0.0995706 0.00372675 0.0532727 
0.031414 0.889313 3.33417e-05 0.0196243 0.0201629 0.000336034 0.0391169 
0.313992 0.416945 0.000355792 0.0118556 0.0887942 0.0107066 0.15735 
0.0351102 0.763266 0.00417868 0.0098167 0.107582 0.00608347 0.073963 
0.000653158 0.454484 2.4724e-05 0.101845 0.414902 0.00270863 0.0253824 
0.0854818 0.816183 6.71944e-05 0.0218838 0.0351343 3.31383e-05 0.0412166 
0.0100368 0.791479 0.00138414 0.0455863 0.074721 0.0135997 0.0631935 
0.214805 0.391492 0.00935141 0.0404944 0.0708632 0.0464715 0.226523 
0.0186842 0.872435 0.000104154 0.0296162 0.0495834 0.00788021 0.0216967 
0.0134471 0.907962 7.43147e-06 0.0012156 0.0263034 0.00254118 0.0485236 
0.015246 0.689761 0.000250545 0.000170058 0.165925 0.00418093 0.124466 
0.000565504 0.449133 3.2863e-05 0.189916 0.153103 0.000619881 0.20663 
0.116146 0.596692 8.90339e-05 0.0016391 0.210332 0.0203792 0.0547225 
0.114773 0.735719 0.0485257 0.00521868 0.0310213 0.000905774 0.0638365 
0.0632075 0.699555 0.0893152 0.0363326 0.0353609 0.00947894 0.0667494 
0.146305 0.780187 0.000113196 0.0138498 0.0372066 1.8303e-06 0.0223359 
0.0243406 0.920306 1.4671e-05 0.00405937 0.0354449 0.000146614 0.0156879 
0.227826 0.514249 5.22827e-05 0.0295892 0.0363875 1.88297e-06 0.191895 
0.18201 0.51872 0.000137619 0.0215002 0.00871149 0.000241153 0.268679 
0.096853 0.633362 0.000786055 0.0189149 0.051296 0.0831236 0.115665 
0.395471 0.488638 0.000112663 0.0273269 0.0332247 2.17312e-06 0.0552246 
0.0081417 0.731046 7.96164e-08 0.0170226 0.0398362 6.52779e-08 0.203953 
0.0151126 0.943177 1.00977e-05 0.000722486 0.00408083 8.55841e-05 0.0368117 
0.0535466 0.881476 0.000357834 0.00282113 0.00368624 9.06777e-09 0.0581121 
0.00275426 0.833936 0.000235805 0.066356 0.0609976 0.0102617 0.0254586 
0.0919084 0.57573 0.00115296 0.0405954 0.127811 0.12349 0.0393125 
0.0682646 0.782912 0.000131202 0.000353772 0.0108247 0.0182583 0.119255 
0.0297848 0.713942 6.12341e-05 0.0149859 0.0664784 0.00248004 0.172268 
0.129704 0.383502 0.34094 0.0018527 0.0489276 0.0835959 0.0114776 
0.0434293 0.643536 0.00187651 0.0189613 0.117822 0.0158461 0.158528 
0.0434262 0.688144 0.0342833 0.115343 0.111911 0.000297415 0.00659555 
0.00392028 0.678506 0.0124326 0.0303659 0.0191652 0.152628 0.102982 
0.0733464 0.780255 0.00025132 0.0100188 0.0203192 0.0140041 0.101806 
0.361418 0.50216 7.0935e-06 0.000190823 0.00875801 6.79755e-06 0.12746 
0.350758 0.360076 0.0348696 0.0180938 0.100549 0.094308 0.0413461 
0.0334853 0.806322 0.00244389 0.0239855 0.0299336 0.020228 0.0836022 
0.015246 0.689761 0.000250545 0.000170058 0.165925 0.00418093 0.124466 
0.0188855 0.855654 3.04005e-05 0.000815615 0.114418 0.000161637 0.0100346 
0.319173 0.457845 0.02599 0.00312085 0.157411 0.0131272 0.0233329 
0.0426874 0.627319 0.000585022 0.0337369 0.175783 0.0222123 0.0976769 
0.0419774 0.850109 0.00122584 0.0129494 0.0486929 6.76038e-05 0.0449777 
0.0319136 0.882029 0.00396085 0.012764 0.0218054 0.000205781 0.0473211 
0.0968328 0.891405 0.000145489 0.00679832 0.000335515 3.53011e-10 0.00448274 
0.147125 0.684961 1.88941e-12 0.0235501 0.122152 2.45378e-08 0.0222122 
0.0509319 0.825474 0.00214374 0.0279094 0.0298673 0.00241848 0.0612552 
0.0407601 0.588321 6.46615e-05 0.000367999 0.326208 0.0220845 0.0221936 
0.108197 0.693453 1.41651e-08 0.00350643 0.0103861 1.35039e-08 0.184457 
0.00420085 0.919821 3.58597e-05 0.0241035 0.00332196 0.00920054 0.0393163 
0.00233948 0.96684 2.41818e-05 0.00323546 0.00227681 0.000870613 0.024413 
0.0877241 0.676781 0.010887 0.0150863 0.180011 0.0031756 0.0263348 
0.348294 0.632044 0.000120679 0.000284924 0.00763977 1.25465e-08 0.0116159 
0.100827 0.671015 3.19594e-05 0.0650916 0.00354896 0.00197159 0.157514 
0.000653158 0.454484 2.4724e-05 0.101845 0.414902 0.00270863 0.0253824 
0.0350233 0.81995 0.000104958 0.0531083 0.00294993 6.51851e-06 0.088857 
0.000653158 0.454484 2.4724e-05 0.101845 0.414902 0.00270863 0.0253824 
0.0585434 0.825209 0.000113942 0.00118326 0.0104326 0.00188365 0.102634 
0.0908172 0.637874 0.000195287 0.0243217 0.0800278 0.00278013 0.163983 
0.193519 0.421288 0.000115682 0.256846 0.000824343 1.73921e-07 0.127407 
0.0121476 0.951107 1.13385e-05 0.00169222 0.00557513 2.37783e-07 0.0294665 
0.0305407 0.485204 0.000298127 0.0134854 0.416123 0.0041077 0.0502407 
0.0339016 0.949185 0.00112259 0.0038416 0.00489074 0.00416514 0.00289298 
0.038909 0.635718 0.00181611 0.0237097 0.0283594 0.00193836 0.269549 
0.0151126 0.943177 1.00977e-05 0.000722486 0.00408083 8.55841e-05 0.0368117 
0.139188 0.641031 0.000148355 0.0410732 0.0343183 0.000130057 0.144111 
0.00586697 0.950385 0.000120472 0.0101472 0.00299387 5.41697e-06 0.0304809 
0.00693645 0.865073 1.68797e-05 0.0182747 0.0705773 0.00314789 0.0359734 
0.142087 0.83524 4.39707e-05 0.000401437 0.00230977 9.83032e-07 0.019917 
0.34427 0.427978 0.000100337 0.013776 0.0920645 8.16307e-05 0.121729 
0.140772 0.744583 0.000147629 0.00749602 0.0436862 0.00543731 0.0578778 
0.0169688 0.850854 1.904e-09 0.019344 0.063646 1.063e-09 0.0491871 
0.109268 0.751898 0.000862249 0.0561587 0.0782247 0.000203418 0.00338546 
0.0408999 0.722371 0.0102316 0.0353207 0.0730681 0.012187 0.105921 
0.177383 0.369499 0.222367 0.00118395 0.0122825 0.175085 0.0421995 
0.0761741 0.641607 0.0526401 0.0117959 0.00834256 4.43553e-07 0.20944 
0.0658534 0.784151 0.00150562 0.00735107 0.0216464 0.0147746 0.104718 
0.185386 0.56113 0.000508607 0.00789799 0.145557 0.0305173 0.0690035 
0.0537649 0.650201 0.00400764 0.0202247 0.0756023 0.00831816 0.187881 
0.107044 0.553761 0.000198523 0.00114628 0.0576618 0.0484416 0.231746 
0.291203 0.410015 0.00064368 0.000366874 0.194827 6.95398e-05 0.102874 
0.283176 0.455456 0.034487 3.07378e-06 0.169597 0.00730356 0.0499765 
0.00500974 0.915998 2.93955e-06 0.00244285 0.0223409 8.34084e-08 0.054205 
0.036564 0.828584 0.000283809 0.0468729 0.0147703 0.00264447 0.0702804 
0.204624 0.559026 7.74706e-05 0.00328215 0.0604504 0.0153329 0.157208 
0.0526288 0.848055 0.000546021 0.00914854 0.0173053 0.00116927 0.0711472 
0.0366526 0.811264 0.000195832 0.0750923 0.0450091 8.7852e-07 0.0317856 
0.00341417 0.903645 0.00999021 0.00163607 0.0553089 2.44921e-05 0.0259813 
0.0307913 0.44987 0.0232333 0.0148051 0.240929 0.216995 0.0233754 
0.0545283 0.524776 9.04211e-05 0.154084 0.0356523 0.000542707 0.230326 
0.0591068 0.806839 0.000160656 0.0347651 0.0448897 0.000693012 0.0535463 
0.0747587 0.711732 0.00238155 0.020362 0.144503 0.0240675 0.0221954 
0.122734 0.420155 0.000404185 0.292284 0.0188542 9.57949e-06 0.145559 
0.0460586 0.839801 3.52403e-05 0.0148491 0.0217831 0.00307133 0.0744017 
0.154725 0.820444 4.99272e-05 1.03038e-05 0.0183624 7.77337e-05 0.00633131 
0.042178 0.927304 9.56298e-06 0.000295031 0.000118665 7.17208e-13 0.0300944 
0.234282 0.294203 0.00562364 0.157041 0.0112608 0.0275925 0.269997 
0.0066895 0.926283 8.41869e-07 0.0117503 0.00184257 4.28167e-13 0.0534337 
0.0732938 0.52007 0.00873724 0.0574871 0.0608874 0.0153649 0.264159 
0.00551542 0.764389 9.57813e-06 0.0338266 0.162439 5.39538e-05 0.0337668 
0.00713193 0.949689 5.76664e-08 0.00331723 0.00374782 3.29805e-09 0.036114 
0.0089205 0.733715 0.000529818 0.17257 0.0329898 0.00401771 0.047258 
0.162167 0.576719 0.000122381 0.00325292 0.249628 0.00204571 0.00606498 
0.0408446 0.66687 3.90798e-06 0.0347331 0.00819615 0.00016295 0.249189 
0.338807 0.352296 0.000749891 0.00401347 0.192838 0.018463 0.0928328 
0.0299181 0.864548 0.000121327 0.00606299 0.030324 0.000133968 0.0688912 
0.0162968 0.872871 2.06089e-06 0.00288181 0.0209847 3.5898e-06 0.0869605 
0.024361 0.891072 0.000130653 0.032002 0.0172017 0.00165835 0.0335746 
0.148997 0.592615 0.000277669 0.0164904 0.154146 1.98992e-05 0.0874545 
0.0532147 0.750334 0.026941 0.00576071 0.056934 0.000682732 0.106133 
0.396325 0.541219 0.00123717 0.00391993 0.0393537 0.00426659 0.0136793 
0.00034863 0.908859 4.88133e-05 0.000319327 0.0780961 8.13919e-05 0.0122464 
0.0703343 0.854632 0.000269371 0.000405966 0.0104623 0.0550359 0.00886027 
0.0491859 0.814772 0.00859847 0.0631231 0.0231739 0.00407613 0.0370705 
0.0136689 0.517519 0.002701 0.0429834 0.0545371 0.317743 0.0508471 
0.0554686 0.395194 0.00159097 0.00152559 0.115753 0.390681 0.0397877 
0.0521195 0.836373 0.000557115 0.025 0.0203432 0.000335027 0.0652723 
0.247498 0.668349 0.000128987 0.000803368 0.0591506 4.17232e-10 0.02407 
0.0596748 0.822646 0.00013995 0.0360863 0.00973759 0.00168977 0.0700256 
0.00388993 0.604859 1.11527e-05 0.0185713 0.317861 0.000122579 0.0546856 
0.054774 0.80704 1.66783e-07 0.000908682 0.00651088 3.41347e-11 0.130766 
0.216112 0.46757 0.032809 0.0228023 0.0460891 0.0174551 0.197162 
0.057716 0.665526 0.00549903 0.0115716 0.123767 0.0506192 0.0853009 
0.161702 0.651588 0.00479586 0.0089931 0.0945951 0.000215291 0.0781111 
0.0185905 0.702918 0.00484758 0.0137709 0.105264 0.0110234 0.143586 
0.463302 0.467972 2.70761e-05 0.00914862 0.0186683 0.000124726 0.0407575 
0.101827 0.686275 0.0769751 0.0217569 0.0840581 0.00355458 0.0255534 
0.297425 0.419872 0.141599 0.0417205 0.0204328 0.013086 0.065865 
0.0588344 0.594992 0.0231768 0.0175632 0.183109 0.00304034 0.119284 
0.0836676 0.585547 0.000833185 0.0156458 0.272667 0.00399704 0.0376419 
0.129704 0.383502 0.34094 0.0018527 0.0489276 0.0835959 0.0114776 
0.000112982 0.56227 1.27875e-05 0.111734 0.0306938 3.53839e-05 0.295141 
0.0289594 0.76696 0.00125329 0.0119382 0.12714 0.000714592 0.0630342 
0.279328 0.502891 0.00271891 0.031101 0.0519703 0.00137257 0.130618 
0.00536722 0.505249 4.23521e-05 0.00266396 0.4701 0.000565064 0.0160131 
0.057373 0.71857 0.00185944 0.0820472 0.0253891 0.00456747 0.110194 
0.167051 0.320301 0.110922 0.00480231 0.0133388 0.308558 0.0750273 
0.0863511 0.557182 0.000296745 0.100067 0.0252988 0.0010988 0.229706 
0.149269 0.585952 0.000446501 0.135372 0.00309581 8.6539e-08 0.125865 
0.0299218 0.887138 4.98731e-05 0.00170085 0.0431567 0.000546133 0.0374869 
0.126145 0.425613 3.40886e-05 0.0693619 0.00745293 2.48503e-11 0.371394 
