0.0231955 0.048382 6.66033e-05 0.124917 0.4982 0.00416417 0.301075 
0.0646174 0.0836823 0.00012913 1.02204e-06 0.428489 0.0232113 0.39987 
0.0825554 0.112758 0.000175632 0.235791 0.482713 0.0118888 0.0741188 
0.0825554 0.112758 0.000175632 0.235791 0.482713 0.0118888 0.0741188 
0.0504382 0.234866 0.00754676 0.0670813 0.345916 0.250165 0.0439866 
0.0012601 1.11591e-08 8.84001e-05 0.00144144 0.993897 0.00171623 0.00159725 
0.00483904 0.148942 0.000386121 0.0163621 0.765177 0.00303743 0.0612564 
0.00212007 0.198635 6.10003e-06 0.0122716 0.726793 0.000531145 0.0596431 
0.17665 0.0761635 0.0015535 0.100417 0.576783 0.0199527 0.0484808 
0.115102 0.0463465 0.00122455 0.0849697 0.672109 0.0513308 0.0289173 
0.0363026 0.00640502 0.00101694 0.0271851 0.922069 0.00225927 0.00476246 
0.106777 0.319288 0.000265445 0.0289056 0.405931 0.00666711 0.132166 
0.0838331 0.15064 5.1618e-05 0.0106241 0.635762 0.0345923 0.084497 
0.00846506 0.0270221 8.35985e-05 0.00405172 0.937233 0.000383705 0.0227604 
0.00643613 0.0898824 1.90131e-05 0.00242528 0.78615 0.00122463 0.113862 
0.0384922 0.3844 0.00496334 0.0201831 0.485976 0.0110648 0.0549206 
0.0825554 0.112758 0.000175632 0.235791 0.482713 0.0118888 0.0741188 
0.0499709 0.262794 0.0029034 0.0330142 0.586436 0.0106342 0.0542479 
0.0295805 0.141109 2.07038e-08 0.00400469 0.700947 3.40312e-08 0.124359 
0.0237314 0.000421842 9.02886e-05 0.00187267 0.970313 0.00044796 0.00312256 
0.000965637 3.40056e-09 3.50772e-05 0.00313265 0.994514 0.000435467 0.000917582 
0.00264904 0.00107555 0.000121827 0.000702895 0.987312 0.00208293 0.00605567 
0.119588 0.0978256 0.00142327 0.0768552 0.68583 0.00235367 0.0161248 
0.0363026 0.00640502 0.00101694 0.0271851 0.922069 0.00225927 0.00476246 
0.0708793 0.271677 0.00915733 6.58207e-05 0.647238 0.00024572 0.000736665 
0.166059 0.334764 1.29408e-05 0.0032317 0.476046 0.000543248 0.0193433 
0.0787027 0.213022 0.0039568 0.00491749 0.506966 0.0707024 0.121733 
0.133972 0.358656 0.000104415 0.0255004 0.369762 0.00635132 0.105655 
0.00632943 0.0602397 0.0108498 2.21456e-05 0.856628 7.38643e-08 0.0659307 
0.0455974 0.130537 0.00391272 0.0184737 0.596715 0.168164 0.0366002 
0.00141232 0.377725 1.12639e-06 0.00222943 0.503642 2.45937e-05 0.114966 
0.0128701 0.279572 0.000137837 0.000550406 0.35811 0.289343 0.059417 
0.0364934 0.410703 0.000197329 0.013241 0.510104 0.00839546 0.0208658 
0.0994391 0.110357 0.00071116 0.0123511 0.700401 0.0444736 0.0322667 
0.0071302 0.178834 4.75972e-05 1.49828e-05 0.812017 0.00027928 0.00167646 
0.0181955 0.314839 1.24412e-05 0.00552817 0.446554 0.00356242 0.211308 
0.0549942 0.284301 2.96612e-05 0.00038537 0.495939 0.000583662 0.163767 
0.0662673 0.00837291 0.000693175 0.00511505 0.895867 0.00104969 0.0226353 
0.0975339 0.348503 0.0224741 0.000613592 0.447567 0.0228058 0.060503 
0.134552 0.171468 8.96374e-05 0.0653635 0.534726 0.00174671 0.0920537 
0.0188359 0.0023062 3.50676e-05 0.00312221 0.967787 0.000137569 0.00777609 
0.115102 0.0463465 0.00122455 0.0849697 0.672109 0.0513308 0.0289173 
0.0662673 0.00837291 0.000693175 0.00511505 0.895867 0.00104969 0.0226353 
0.0708674 0.0402272 0.00136755 0.0477118 0.825653 0.00315236 0.0110209 
0.0225407 0.262562 3.63243e-05 0.00410722 0.651324 0.00730633 0.0521233 
0.0229134 0.116458 0.00165565 0.0123505 0.835977 9.53477e-05 0.0105505 
0.0237314 0.000421842 9.02886e-05 0.00187267 0.970313 0.00044796 0.00312256 
0.191427 0.0865247 0.00138405 0.000338246 0.645992 0.000413837 0.0739202 
0.06437 0.0179556 0.00111787 0.0310846 0.849168 0.00898902 0.0273145 
0.06437 0.0179556 0.00111787 0.0310846 0.849168 0.00898902 0.0273145 
0.156041 0.271576 0.00416979 0.000286754 0.342292 0.203396 0.0222377 
0.119588 0.0978256 0.00142327 0.0768552 0.68583 0.00235367 0.0161248 
0.188158 0.0644622 2.25302e-05 1.49995e-06 0.715308 0.0302142 0.00183377 
0.0278914 0.336805 6.43095e-05 0.00469151 0.554777 6.76383e-05 0.0757036 
0.00395578 0.116976 0.137041 0.000223742 0.651083 0.0212835 0.069437 
0.0237314 0.000421842 9.02886e-05 0.00187267 0.970313 0.00044796 0.00312256 
0.29211 0.202778 0.00220717 1.44413e-06 0.429603 0.00734597 0.0659547 
0.0115806 0.15373 7.34918e-05 0.00153773 0.585685 0.0190709 0.228322 
0.230178 0.228857 1.58128e-05 0.00866117 0.437176 3.65009e-07 0.0951111 
0.17665 0.0761635 0.0015535 0.100417 0.576783 0.0199527 0.0484808 
0.1642 0.0864593 4.51397e-06 2.39224e-05 0.719197 0.000174826 0.0299409 
0.0445589 0.452382 0.00221756 0.00659881 0.465 0.00132133 0.0279213 
0.121618 0.202746 0.0701564 9.35483e-07 0.364581 0.038908 0.20199 
0.071202 0.022765 5.79664e-05 0.0263014 0.850752 0.000860575 0.0280606 
0.00558307 0.01267 3.38232e-05 0.00429453 0.933118 0.000395808 0.0439049 
0.135807 0.0267744 4.86237e-05 0.0829914 0.589884 0.00711391 0.157381 
0.0297099 0.138709 0.000185664 0.000688025 0.753928 0.0105608 0.0662189 
0.0538683 0.109814 2.34589e-05 0.0053938 0.808681 0.000427899 0.0217915 
0.00163105 0.0164822 0.0519908 0.00139504 0.889022 0.00242138 0.0370579 
0.00866526 0.27925 0.000282928 0.00224661 0.644351 0.00478738 0.0604173 
0.303684 0.151071 0.00273631 3.08403e-07 0.483069 0.000845872 0.0585944 
0.172583 0.0465984 0.000602178 0.014741 0.645448 0.00230099 0.117727 
0.115102 0.0463465 0.00122455 0.0849697 0.672109 0.0513308 0.0289173 
0.0729175 0.0602289 0.000993566 0.000742196 0.603173 0.0354157 0.226529 
0.0261366 0.337909 1.50603e-05 0.00297418 0.572942 0.000390209 0.059633 
0.0634133 0.120011 0.000131541 0.0410735 0.737294 0.00115233 0.0369239 
0.0460226 0.250085 0.000610038 0.0346825 0.658173 0.00695198 0.00347496 
0.0188359 0.0023062 3.50676e-05 0.00312221 0.967787 0.000137569 0.00777609 
0.074694 0.0486226 0.00101831 0.00441927 0.84223 0.0155629 0.0134532 
0.0289535 0.121165 1.11612e-06 0.000366261 0.827076 0.000426048 0.0220115 
0.0851001 0.369473 0.0489692 0.000677137 0.441476 0.0202787 0.0340259 
0.0112105 1.15176e-07 0.000146255 0.00388112 0.979257 0.000593842 0.00491131 
0.0147816 0.466702 4.15867e-05 0.0137748 0.467392 0.00065585 0.0366522 
0.00663508 0.148662 6.15347e-05 0.00963672 0.819845 0.00559212 0.00956765 
0.214186 0.233926 0.000250538 0.00127831 0.341786 0.00115664 0.207417 
0.0013129 0.20577 1.39672e-05 0.00112685 0.610668 0.00420929 0.176899 
0.0363026 0.00640502 0.00101694 0.0271851 0.922069 0.00225927 0.00476246 
0.0503371 0.23539 9.45062e-05 0.000800813 0.701093 9.72027e-05 0.0121876 
0.0188359 0.0023062 3.50676e-05 0.00312221 0.967787 0.000137569 0.00777609 
0.119588 0.0978256 0.00142327 0.0768552 0.68583 0.00235367 0.0161248 
0.0188359 0.0023062 3.50676e-05 0.00312221 0.967787 0.000137569 0.00777609 
0.00133426 0.101868 9.16153e-10 0.0530298 0.832624 1.83413e-10 0.0111448 
0.119588 0.0978256 0.00142327 0.0768552 0.68583 0.00235367 0.0161248 
0.0591092 0.229479 0.0113041 0.0192298 0.634969 0.0128197 0.0330887 
0.221683 0.0681625 0.000116231 0.0462855 0.543837 0.00863732 0.111279 
0.0302864 0.0842976 6.12046e-05 0.00171377 0.848756 0.000920671 0.0339643 
0.00520505 0.00407633 2.0003e-06 1.30795e-06 0.987149 3.28793e-06 0.00356308 
0.020183 0.398251 2.8878e-11 0.000208485 0.548295 0.00720071 0.0258621 
0.0188359 0.0023062 3.50676e-05 0.00312221 0.967787 0.000137569 0.00777609 
0.112108 0.0198103 0.000180736 5.32254e-07 0.841483 1.05189e-05 0.0264066 
0.128457 0.21193 0.000310507 0.0159615 0.600367 0.00888919 0.0340847 
0.137753 0.185102 0.000983324 0.0045994 0.625794 0.000513116 0.0452546 
0.0270845 0.068726 0.000188616 0.158596 0.589213 0.0118528 0.144338 
0.0233673 0.244871 5.28443e-05 0.00179674 0.512607 9.9433e-05 0.217206 
0.00357819 0.244491 2.09822e-05 0.00875441 0.677473 0.00471866 0.0609637 
0.00127302 0.000466501 5.19447e-05 0.0369154 0.590543 0.000180519 0.370569 
0.0662673 0.00837291 0.000693175 0.00511505 0.895867 0.00104969 0.0226353 
0.093165 0.20353 2.08925e-09 0.00343762 0.551184 0.000201513 0.148482 
0.119588 0.0978256 0.00142327 0.0768552 0.68583 0.00235367 0.0161248 
0.0982155 0.296597 0.000346831 0.0284941 0.550851 0.00013656 0.0253587 
0.0894896 0.147244 0.0939999 0.00365276 0.570387 0.000158395 0.0950687 
0.0363708 0.279776 0.00250791 0.00178479 0.61841 0.00302726 0.0581235 
0.23253 0.10674 0.00129129 0.0848977 0.51141 0.0232075 0.0399232 
0.119588 0.0978256 0.00142327 0.0768552 0.68583 0.00235367 0.0161248 
0.117514 0.0423617 0.000347793 0.161738 0.63461 0.00258638 0.0408423 
0.0770254 0.426008 0.000283352 0.00743502 0.434473 0.0108461 0.0439292 
0.190932 0.162146 0.000404246 0.0198382 0.477334 0.0159619 0.133383 
0.0932203 0.019655 3.46699e-07 9.99522e-06 0.857002 0.000146592 0.0299661 
0.0825554 0.112758 0.000175632 0.235791 0.482713 0.0118888 0.0741188 
0.0363026 0.00640502 0.00101694 0.0271851 0.922069 0.00225927 0.00476246 
0.00195787 1.91086e-13 7.36516e-05 0.00130454 0.995638 0.00090022 0.000125257 
0.136112 0.0983967 3.676e-05 0.000311747 0.728912 6.04238e-06 0.0362249 
0.0734351 0.344711 0.0018786 0.0419012 0.3743 0.00249883 0.161275 
0.0718059 0.388219 5.94365e-06 0.00282958 0.482182 5.0635e-05 0.0549065 
0.00261344 0.0973491 0.00012124 9.50576e-06 0.898166 3.59221e-10 0.00174077 
0.0188359 0.0023062 3.50676e-05 0.00312221 0.967787 0.000137569 0.00777609 
0.1642 0.0864593 4.51397e-06 2.39224e-05 0.719197 0.000174826 0.0299409 
0.0825554 0.112758 0.000175632 0.235791 0.482713 0.0118888 0.0741188 
0.0398684 0.0720921 0.0565704 0.010254 0.579502 0.0879204 0.153793 
0.00357819 0.244491 2.09822e-05 0.00875441 0.677473 0.00471866 0.0609637 
0.00907021 0.209699 0.000255502 0.00758769 0.704935 0.0515133 0.0169386 
0.0372588 0.00526515 0.00593279 7.46523e-07 0.951539 6.55328e-10 3.03288e-06 
0.100471 0.18264 0.000117884 0.000498108 0.644911 0.00069128 0.0706717 
0.0186828 0.196979 0.00808252 0.0049517 0.700867 0.0435558 0.0268817 
0.0694821 0.241316 0.00615119 0.000115237 0.646203 0.00345635 0.0332756 
0.198367 0.0610862 0.000168003 0.0697925 0.597345 0.000613159 0.0726283 
0.0642149 0.00532078 0.000452851 0.00792177 0.906284 0.00223187 0.0135733 
0.102098 0.0466149 0.00112367 0.0308665 0.771824 0.0155322 0.0319405 
0.00135188 4.16572e-09 4.91053e-05 0.00438568 0.99278 0.000609641 0.000823689 
0.0383732 0.0786347 7.74525e-05 1.32574e-05 0.874575 0.000440008 0.00788667 
0.00761052 0.000544201 0.000141243 0.00117455 0.955354 0.00377425 0.0314016 
0.0217967 0.153932 0.00238254 0.00572533 0.401587 0.398228 0.0163481 
0.0089179 0.247906 0.00613497 0.0121337 0.689488 0.00688446 0.028535 
0.0363026 0.00640502 0.00101694 0.0271851 0.922069 0.00225927 0.00476246 
0.0906791 0.340765 0.023014 0.0278805 0.417469 0.0227936 0.0773983 
0.0855143 0.00255649 0.000757521 0.00491075 0.89689 0.00726141 0.00210971 
0.283949 0.312351 0.0214718 0.00105206 0.332144 0.00681925 0.0422126 
0.17665 0.0761635 0.0015535 0.100417 0.576783 0.0199527 0.0484808 
0.000480471 0.183515 2.56071e-06 0.000364689 0.802944 0.000220323 0.012473 
0.0363026 0.00640502 0.00101694 0.0271851 0.922069 0.00225927 0.00476246 
0.0372539 0.427393 5.93277e-05 0.0725671 0.435298 2.86916e-08 0.0274283 
0.0646083 0.0156223 0.000971544 0.0245117 0.855016 0.00699177 0.0322786 
0.140446 0.0580104 2.62081e-09 0.00853708 0.554028 8.84056e-05 0.238889 
0.00395578 0.116976 0.137041 0.000223742 0.651083 0.0212835 0.069437 
0.119588 0.0978256 0.00142327 0.0768552 0.68583 0.00235367 0.0161248 
0.0243602 0.365273 0.0290707 0.00258805 0.456051 0.0085421 0.114115 
0.349153 0.209937 0.00409504 0.0209229 0.375128 0.0142904 0.0264735 
0.17665 0.0761635 0.0015535 0.100417 0.576783 0.0199527 0.0484808 
0.0039645 0.205715 0.00945636 0.00443896 0.740351 0.0250109 0.0110637 
0.0533348 0.0284747 9.43386e-05 0.000727345 0.874718 1.29541e-05 0.0426376 
0.17665 0.0761635 0.0015535 0.100417 0.576783 0.0199527 0.0484808 
0.0626902 0.326421 0.0108088 0.00921251 0.508156 0.0245445 0.0581669 
0.333476 0.0546173 0.00388593 0.00115435 0.399793 0.126495 0.0805783 
0.0471277 0.0880686 0.000170674 0.000328467 0.820117 0.000114273 0.0440736 
0.0358166 0.327112 0.00680819 0.0060222 0.543106 0.0245298 0.0566053 
0.0247934 0.0264848 2.10359e-06 0.0182451 0.870237 3.2137e-05 0.0602052 
0.0937675 0.0103802 0.00123236 0.00662846 0.854214 0.0193173 0.0144604 
0.0188359 0.0023062 3.50676e-05 0.00312221 0.967787 0.000137569 0.00777609 
0.0493717 0.24657 0.000105634 0.000997058 0.481704 0.00574167 0.21551 
0.338115 0.270424 2.26612e-05 0.000236999 0.343881 1.06226e-05 0.0473091 
0.0270845 0.068726 0.000188616 0.158596 0.589213 0.0118528 0.144338 
0.11835 0.0576055 0.00811924 0.0715502 0.656825 0.0180708 0.0694786 
0.0104813 0.291115 4.13608e-06 0.0038726 0.513946 0.0269632 0.153618 
0.0237314 0.000421842 9.02886e-05 0.00187267 0.970313 0.00044796 0.00312256 
0.0453343 0.00706345 0.000871866 0.0177888 0.911715 0.00580865 0.0114182 
0.0295805 0.141109 2.07038e-08 0.00400469 0.700947 3.40312e-08 0.124359 
0.0117639 0.0424574 4.13984e-05 0.00180671 0.82043 5.17408e-05 0.123449 
0.00770332 0.251143 0.00022892 0.00255755 0.685208 0.0034665 0.0496926 
0.120164 0.312136 0.068842 0.00233329 0.491106 4.78575e-11 0.00541891 
0.0484814 0.411 0.0281523 0.000219916 0.467399 0.0413372 0.00341006 
0.0270953 0.426494 7.21519e-08 0.00432596 0.461419 0.0401963 0.0404695 
0.0188359 0.0023062 3.50676e-05 0.00312221 0.967787 0.000137569 0.00777609 
0.00166457 7.70483e-09 0.000123405 0.000869709 0.993847 0.00251886 0.000976227 
0.111161 0.307683 0.00197716 2.6362e-05 0.560512 0.000253647 0.0183876 
0.0773034 0.360005 0.0159573 0.00022916 0.39527 0.0189447 0.132291 
0.0511165 0.114138 8.27401e-05 0.032185 0.414177 0.00025302 0.388047 
0.099083 0.368604 5.48276e-05 0.000152406 0.401977 0.00881429 0.121315 
0.1642 0.0864593 4.51397e-06 2.39224e-05 0.719197 0.000174826 0.0299409 
0.0261775 0.282812 0.0110324 0.00513239 0.621429 0.00773432 0.0456827 
0.00409582 0.00499295 0.000155277 0.00488562 0.96691 0.0051023 0.0138581 
0.0363026 0.00640502 0.00101694 0.0271851 0.922069 0.00225927 0.00476246 
0.0128701 0.279572 0.000137837 0.000550406 0.35811 0.289343 0.059417 
0.0286118 0.273917 4.18939e-05 0.0360272 0.570497 0.0409092 0.0499954 
0.0424015 0.16478 0.0459853 8.70899e-05 0.731737 0.0148368 0.000172042 
0.0282953 0.241555 0.00138156 0.0103662 0.639817 0.000129298 0.0784548 
0.0893543 0.400405 0.00014622 0.00727067 0.43116 0.0575365 0.0141276 
0.173153 0.192888 0.0239408 5.18643e-06 0.414837 1.4017e-06 0.195175 
0.187295 0.251368 0.0189462 0.00633279 0.408005 0.040773 0.0872791 
0.0325055 0.000414061 2.43712e-07 0.000262264 0.965725 4.00593e-07 0.0010925 
0.181937 0.307635 0.000114596 0.00100004 0.4905 0.00676006 0.0120536 
0.0642149 0.00532078 0.000452851 0.00792177 0.906284 0.00223187 0.0135733 
0.115102 0.0463465 0.00122455 0.0849697 0.672109 0.0513308 0.0289173 
0.225388 0.213385 0.000151092 0.0386373 0.415454 0.000114843 0.10687 
0.000480471 0.183515 2.56071e-06 0.000364689 0.802944 0.000220323 0.012473 
0.119588 0.0978256 0.00142327 0.0768552 0.68583 0.00235367 0.0161248 
0.0232339 0.233926 0.0178344 0.00483718 0.671807 0.00795629 0.0404062 
0.0578017 0.285554 3.66051e-05 0.0101478 0.589836 0.000583771 0.05604 
0.201735 0.193828 7.62722e-07 1.39361e-05 0.596724 4.77316e-06 0.00769318 
0.132607 0.215127 0.00307482 0.000195638 0.508386 6.54268e-06 0.140603 
0.0891726 0.0972563 0.00112478 0.0251199 0.716466 0.00673694 0.0641233 
0.135163 0.0735501 0.00171432 0.00595202 0.756111 1.76006e-06 0.0275082 
0.255943 0.0889123 0.000138942 0.00600543 0.501754 0.0197339 0.127512 
0.10314 0.0763446 0.000663772 0.153469 0.583117 0.0337296 0.0495364 
1.15365e-07 0.037273 3.55598e-08 1.22313e-11 0.956275 0.00645135 7.6226e-08 
0.0740703 0.194895 0.000105611 0.00202377 0.69273 0.000336967 0.0358378 
0.0693432 0.0834548 3.02942e-05 0.00180517 0.750806 0.0124745 0.0820864 
0.0219666 0.0432088 3.92267e-05 0.000161555 0.776061 0.00213443 0.156428 
0.0855143 0.00255649 0.000757521 0.00491075 0.89689 0.00726141 0.00210971 
0.198367 0.0610862 0.000168003 0.0697925 0.597345 0.000613159 0.0726283 
0.0151189 0.264307 0.00422267 0.010295 0.650713 0.00235436 0.0529889 
0.00264904 0.00107555 0.000121827 0.000702895 0.987312 0.00208293 0.00605567 
0.00127302 0.000466501 5.19447e-05 0.0369154 0.590543 0.000180519 0.370569 
0.17665 0.0761635 0.0015535 0.100417 0.576783 0.0199527 0.0484808 
0.139274 0.345403 0.00198621 0.0099802 0.369582 0.0121957 0.121579 
0.0196357 0.419032 3.91393e-05 0.00208633 0.43689 0.00571005 0.116606 
0.0416715 0.211934 0.000844417 0.00856061 0.692691 2.21588e-05 0.0442762 
0.0237314 0.000421842 9.02886e-05 0.00187267 0.970313 0.00044796 0.00312256 
0.0111619 0.29123 0.00247906 0.0180325 0.554534 0.0488783 0.073684 
0.0203752 0.178488 4.83688e-06 0.0286968 0.567037 0.000503754 0.204894 
0.348949 0.122247 6.2725e-05 0.000914032 0.405547 0.000146553 0.122134 
0.325437 0.200707 8.03214e-07 2.19476e-07 0.388425 0.00437244 0.0810567 
0.016913 0.335276 1.04196e-06 0.0012446 0.479071 0.000134362 0.167359 
0.343184 0.0386097 0.000516992 0.00784027 0.472658 0.0140748 0.123116 
0.0293306 0.296119 0.0773759 0.000613451 0.541059 0.0447612 0.0107405 
0.115102 0.0463465 0.00122455 0.0849697 0.672109 0.0513308 0.0289173 
0.252755 0.300954 5.19618e-05 0.0102141 0.375414 0.000805397 0.0598059 
0.000811166 0.0837123 4.1579e-07 0.00114864 0.844953 0.000177623 0.0691972 
0.012809 0.317819 0.011773 0.00234542 0.441673 0.0316351 0.181945 
2.00125e-06 0.22996 6.36103e-11 1.17297e-06 0.759338 1.04557e-10 0.0106987 
0.117514 0.0423617 0.000347793 0.161738 0.63461 0.00258638 0.0408423 
0.295229 0.20106 0.0156316 0.00478926 0.372646 0.010109 0.100534 
0.0264441 0.407284 3.86419e-05 0.0268118 0.476898 0.00219795 0.0603253 
0.00170889 0.000121357 9.42821e-05 0.00197539 0.98781 0.00291492 0.00537509 
0.0110351 0.257555 4.12093e-05 5.83941e-06 0.719346 0.000547596 0.011469 
0.0209654 0.34129 0.00272204 0.00474431 0.567287 0.0189817 0.0440091 
0.137923 0.32666 8.29781e-05 0.0253364 0.430642 0.00168505 0.0776708 
0.0905051 0.274407 0.00288801 0.0446399 0.423892 0.00539971 0.158269 
0.032916 0.333464 0.000161273 0.000471944 0.620586 1.8223e-05 0.0123831 
2.78677e-05 0.16149 5.76444e-05 0.0538214 0.768412 0.0147193 0.00147256 
0.0282825 0.397127 0.00157844 0.0223179 0.494313 0.0109306 0.0454513 
0.115102 0.0463465 0.00122455 0.0849697 0.672109 0.0513308 0.0289173 
0.0855143 0.00255649 0.000757521 0.00491075 0.89689 0.00726141 0.00210971 
0.115102 0.0463465 0.00122455 0.0849697 0.672109 0.0513308 0.0289173 
0.039012 0.0741848 2.20568e-05 0.000503398 0.830467 0.000108034 0.0557025 
0.0612039 0.199766 0.0996677 0.000197214 0.573207 0.0363284 0.0296302 
0.0775524 0.245782 0.0483937 0.000321021 0.388106 0.203483 0.0363613 
0.115102 0.0463465 0.00122455 0.0849697 0.672109 0.0513308 0.0289173 
0.0595192 0.0173577 0.000710084 0.00298588 0.889795 0.00998074 0.0196511 
0.0280405 0.135404 0.00455089 0.0129849 0.780384 0.00223643 0.0363992 
0.136601 0.0589156 0.000477021 0.0289315 0.747325 0.0012773 0.0264725 
0.0299239 0.0788672 4.10284e-05 0.00168875 0.570841 0.17879 0.139849 
0.00109813 0.0729716 0.000266908 0.000113966 0.839538 0.0835828 0.00242905 
0.00806523 0.0637524 4.25464e-05 0.00314733 0.876072 0.0240133 0.0249075 
0.0100577 0.0448257 0.0130129 2.59283e-05 0.895717 0.0066565 0.0297045 
0.0937675 0.0103802 0.00123236 0.00662846 0.854214 0.0193173 0.0144604 
0.000376609 0.138531 9.2886e-09 0.000142532 0.858968 0.000462072 0.0015201 
0.0128701 0.279572 0.000137837 0.000550406 0.35811 0.289343 0.059417 
0.0363026 0.00640502 0.00101694 0.0271851 0.922069 0.00225927 0.00476246 
0.115102 0.0463465 0.00122455 0.0849697 0.672109 0.0513308 0.0289173 
0.0452429 0.402273 0.0193876 0.00355018 0.441645 0.00602014 0.081881 
0.243576 0.0943609 1.38238e-05 1.78777e-06 0.613525 1.11166e-05 0.0485106 
0.0371683 0.000280254 8.25951e-05 0.0169163 0.57928 0.0037806 0.362492 
0.0269182 0.317948 0.00447828 0.00031598 0.508143 0.00160084 0.140596 
0.0244493 0.0255004 3.01222e-05 0.000924305 0.930611 7.02691e-06 0.018478 
0.00940171 0.16074 6.05113e-05 0.000259382 0.752369 7.48398e-05 0.0770947 
0.0188359 0.0023062 3.50676e-05 0.00312221 0.967787 0.000137569 0.00777609 
0.229652 0.034602 0.00025012 0.00064693 0.723081 4.58433e-06 0.0117639 
0.284998 0.303204 0.000269222 0.0214395 0.326888 0.0123262 0.0508742 
0.0825554 0.112758 0.000175632 0.235791 0.482713 0.0118888 0.0741188 
0.115102 0.0463465 0.00122455 0.0849697 0.672109 0.0513308 0.0289173 
0.00239876 0.118117 8.56737e-05 0.308143 0.361355 0.010489 0.199412 
0.163739 0.262138 0.000108153 0.0414587 0.503769 0.00149491 0.0272923 
0.115102 0.0463465 0.00122455 0.0849697 0.672109 0.0513308 0.0289173 
0.0377604 0.00282411 1.35886e-05 0.000208569 0.935098 6.74946e-07 0.0240951 
0.0854219 0.199896 4.86483e-06 5.9643e-08 0.641706 0.000112916 0.0728578 
0.044778 0.281396 0.0380381 0.052159 0.582526 5.24619e-05 0.00105049 
0.1642 0.0864593 4.51397e-06 2.39224e-05 0.719197 0.000174826 0.0299409 
0.073207 0.250511 0.0211641 0.00560913 0.552696 0.0581845 0.0386284 
0.00182967 0.360512 3.16176e-06 3.64313e-05 0.635554 7.80921e-05 0.001987 
0.00264904 0.00107555 0.000121827 0.000702895 0.987312 0.00208293 0.00605567 
0.00124472 7.25688e-09 0.0001461 0.00139252 0.991403 0.00383765 0.00197604 
0.0363026 0.00640502 0.00101694 0.0271851 0.922069 0.00225927 0.00476246 
0.105892 0.0607417 0.00140656 0.0642716 0.607868 0.135871 0.0239484 
0.00124472 7.25688e-09 0.0001461 0.00139252 0.991403 0.00383765 0.00197604 
0.0662673 0.00837291 0.000693175 0.00511505 0.895867 0.00104969 0.0226353 
0.0198289 0.363031 0.000632719 0.000437488 0.613358 0.000283992 0.00242831 
0.0287801 0.0922527 0.00151467 0.00256829 0.748472 0.00170159 0.124711 
0.136601 0.0589156 0.000477021 0.0289315 0.747325 0.0012773 0.0264725 
0.00698015 0.000903727 8.59822e-05 0.00334981 0.981347 0.00141915 0.00591449 
0.0363026 0.00640502 0.00101694 0.0271851 0.922069 0.00225927 0.00476246 
0.241434 0.119907 2.56145e-05 0.000535971 0.597238 3.13682e-07 0.0408584 
0.232985 0.263162 0.00396892 0.11791 0.268112 0.00144407 0.112417 
0.00205344 0.002901 1.55146e-08 2.99754e-10 0.984758 7.53522e-10 0.0102875 
0.0937675 0.0103802 0.00123236 0.00662846 0.854214 0.0193173 0.0144604 
0.0229134 0.116458 0.00165565 0.0123505 0.835977 9.53477e-05 0.0105505 
0.107019 0.317254 0.000109511 0.00118755 0.373986 0.000376903 0.200068 
0.0825554 0.112758 0.000175632 0.235791 0.482713 0.0118888 0.0741188 
0.0332698 0.281419 0.00408767 0.00864559 0.553836 0.100598 0.018143 
0.0957965 0.24802 0.00257619 4.67259e-05 0.607407 0.0172027 0.0289514 
0.00885014 0.153993 9.98297e-05 0.00237789 0.774237 0.0179906 0.0424509 
0.119588 0.0978256 0.00142327 0.0768552 0.68583 0.00235367 0.0161248 
0.0237314 0.000421842 9.02886e-05 0.00187267 0.970313 0.00044796 0.00312256 
0.10406 0.359337 0.00352386 0.00773064 0.466438 0.00688391 0.0520264 
0.0637433 0.0938592 1.752e-05 4.78813e-06 0.823851 0.000172243 0.0183519 
0.000417492 0.386389 5.21963e-05 0.000332293 0.586047 0.0222194 0.00454188 
0.119588 0.0978256 0.00142327 0.0768552 0.68583 0.00235367 0.0161248 
0.000585165 0.225844 0.0608135 0.00413187 0.638287 3.87391e-06 0.0703339 
0.00166457 7.70483e-09 0.000123405 0.000869709 0.993847 0.00251886 0.000976227 
0.0432919 0.351404 0.0308469 0.0176279 0.478385 2.41019e-05 0.0784207 
0.0237314 0.000421842 9.02886e-05 0.00187267 0.970313 0.00044796 0.00312256 
0.0659741 0.0983061 2.99229e-06 0.00216556 0.742301 0.0080565 0.0831937 
0.0334969 0.174419 0.000249047 0.0051837 0.755626 0.0051783 0.0258472 
0.0237314 0.000421842 9.02886e-05 0.00187267 0.970313 0.00044796 0.00312256 
0.00357779 0.444865 8.47629e-06 4.35397e-06 0.516673 0.0153419 0.0195298 
0.00998562 0.128815 0.00120463 0.0154623 0.548755 0.0829666 0.212811 
0.039778 0.28358 0.000365386 2.62811e-05 0.665099 0.000301846 0.0108496 
0.0421807 0.295681 0.00139682 0.00192413 0.619545 0.0108047 0.0284681 
0.17665 0.0761635 0.0015535 0.100417 0.576783 0.0199527 0.0484808 
0.267285 0.225917 0.00525656 0.000761842 0.446642 0.0456476 0.00849051 
0.221683 0.0681625 0.000116231 0.0462855 0.543837 0.00863732 0.111279 
0.119588 0.0978256 0.00142327 0.0768552 0.68583 0.00235367 0.0161248 
0.0426128 0.0271267 1.00254e-05 0.0304329 0.838731 0.053833 0.00725354 
0.106816 0.300048 0.000612076 0.00330318 0.499715 0.0507314 0.0387735 
0.0457991 0.0162677 4.95163e-06 0.0116006 0.859544 0.000210168 0.066573 
0.00369543 0.000466839 0.000135806 0.00164221 0.965362 0.00628996 0.0224073 
0.0372588 0.00526515 0.00593279 7.46523e-07 0.951539 6.55328e-10 3.03288e-06 
1.08676e-06 2.58234e-07 2.2557e-06 1.47495e-06 0.995547 3.70774e-06 0.00444411 
0.00264904 0.00107555 0.000121827 0.000702895 0.987312 0.00208293 0.00605567 
0.119588 0.0978256 0.00142327 0.0768552 0.68583 0.00235367 0.0161248 
0.0244343 0.120256 2.12315e-05 0.000136521 0.793991 0.000880767 0.0602803 
0.0855143 0.00255649 0.000757521 0.00491075 0.89689 0.00726141 0.00210971 
0.0982173 0.154343 5.16513e-05 0.00915856 0.695162 0.000148951 0.0429181 
0.0237314 0.000421842 9.02886e-05 0.00187267 0.970313 0.00044796 0.00312256 
0.0285467 0.357045 0.00490806 0.000199056 0.500343 0.0716867 0.0372714 
0.0253442 0.237642 0.0711595 3.32512e-05 0.464853 0.197038 0.00393028 
0.102017 0.331406 0.000187162 0.014352 0.369161 0.0641392 0.118738 
0.0631022 0.110197 0.00651588 0.0153148 0.719068 0.0585548 0.0272475 
0.0372539 0.427393 5.93277e-05 0.0725671 0.435298 2.86916e-08 0.0274283 
0.162108 0.179861 7.07627e-06 0.0371419 0.500825 0.000814904 0.119242 
0.133054 0.0721175 0.00204636 0.0233839 0.760765 0.00236932 0.00626445 
0.0937675 0.0103802 0.00123236 0.00662846 0.854214 0.0193173 0.0144604 
0.0855143 0.00255649 0.000757521 0.00491075 0.89689 0.00726141 0.00210971 
0.0112105 1.15176e-07 0.000146255 0.00388112 0.979257 0.000593842 0.00491131 
0.17665 0.0761635 0.0015535 0.100417 0.576783 0.0199527 0.0484808 
0.0950836 0.229343 0.00010999 0.0262841 0.553188 0.0021326 0.0938584 
0.129652 0.140783 0.0141905 0.00047378 0.657756 0.000205939 0.0569382 
0.10841 0.11158 0.000797831 0.141441 0.593181 0.00656472 0.038026 
0.101875 0.251095 0.000242639 0.00120967 0.542523 0.0024763 0.100578 
0.0188359 0.0023062 3.50676e-05 0.00312221 0.967787 0.000137569 0.00777609 
0.203861 0.227128 0.000325412 0.010939 0.381328 0.00914233 0.167276 
0.0105125 0.107505 2.17243e-07 7.77853e-08 0.881026 0.000742906 0.000213795 
0.252755 0.300954 5.19618e-05 0.0102141 0.375414 0.000805397 0.0598059 
0.0394937 0.385522 0.00390237 0.00258002 0.543049 0.000134881 0.025318 
0.11121 0.35638 0.00475325 0.0104376 0.439883 0.000249169 0.0770871 
0.0825554 0.112758 0.000175632 0.235791 0.482713 0.0118888 0.0741188 
0.321816 0.0525183 0.000552947 0.000634347 0.450972 0.0101704 0.163336 
0.198367 0.0610862 0.000168003 0.0697925 0.597345 0.000613159 0.0726283 
0.255474 0.0675246 0.000946254 0.0492315 0.574706 0.0386812 0.0134362 
0.17665 0.0761635 0.0015535 0.100417 0.576783 0.0199527 0.0484808 
0.00112691 0.275597 2.96467e-05 0.000622263 0.690197 0.000648746 0.0317778 
0.0188359 0.0023062 3.50676e-05 0.00312221 0.967787 0.000137569 0.00777609 
0.17665 0.0761635 0.0015535 0.100417 0.576783 0.0199527 0.0484808 
0.0935995 0.158807 0.000216523 0.00338133 0.656049 0.000761435 0.0871853 
0.110675 0.293968 0.000123886 7.17321e-06 0.583836 0.00185007 0.00953891 
0.264472 0.255112 0.000153529 0.00316214 0.387513 8.45823e-07 0.0895869 
0.0402171 0.0412156 0.000290839 0.0216389 0.790485 0.00560412 0.100548 
0.162389 0.14135 0.000282392 4.11899e-08 0.573217 1.49742e-06 0.12276 
0.115102 0.0463465 0.00122455 0.0849697 0.672109 0.0513308 0.0289173 
0.0421962 0.287129 0.00146812 0.0150023 0.610704 0.00509723 0.0384028 
0.0253442 0.237642 0.0711595 3.32512e-05 0.464853 0.197038 0.00393028 
0.00935586 0.372147 0.00707339 0.00763769 0.383885 0.00181147 0.218089 
0.0270845 0.068726 0.000188616 0.158596 0.589213 0.0118528 0.144338 
0.0121837 0.448249 0.00420526 0.0254646 0.499359 4.14031e-05 0.0104969 
0.0363026 0.00640502 0.00101694 0.0271851 0.922069 0.00225927 0.00476246 
0.115102 0.0463465 0.00122455 0.0849697 0.672109 0.0513308 0.0289173 
0.0546467 0.202903 4.47416e-05 1.47512e-05 0.680063 0.0456371 0.0166902 
0.114984 0.202211 6.14919e-05 0.0100809 0.501837 0.0244846 0.146341 
0.0112105 1.15176e-07 0.000146255 0.00388112 0.979257 0.000593842 0.00491131 
0.240367 0.000328881 7.37696e-05 0.00147263 0.754961 0.00036341 0.00243254 
0.0610971 0.334948 0.000265315 0.000149122 0.453401 0.00687 0.143269 
0.10091 0.331525 0.013453 0.00410175 0.491816 0.0485105 0.00968406 
0.345518 0.0900609 0.00041058 0.0699924 0.368012 0.00149749 0.124509 
0.00253483 0.140344 0.0359594 0.0271557 0.439595 0.00116725 0.353244 
0.0490486 0.0366149 8.56701e-05 3.54532e-06 0.912687 9.79193e-07 0.0015593 
0.0795246 0.425202 0.000178488 0.000260571 0.463104 0.000945517 0.0307846 
0.115102 0.0463465 0.00122455 0.0849697 0.672109 0.0513308 0.0289173 
0.115102 0.0463465 0.00122455 0.0849697 0.672109 0.0513308 0.0289173 
0.0263997 0.113872 1.4031e-05 0.000904216 0.826279 2.09049e-06 0.0325293 
0.0859533 0.225808 0.0204804 0.0193777 0.471999 0.0121397 0.164242 
0.00586849 0.251439 1.35503e-05 0.0186852 0.469601 0.224806 0.0295873 
0.0310753 0.43818 1.30057e-05 0.0340565 0.463591 7.99845e-06 0.0330767 
0.00381489 0.172293 1.30919e-05 5.23748e-05 0.732952 1.4864e-06 0.090873 
0.115102 0.0463465 0.00122455 0.0849697 0.672109 0.0513308 0.0289173 
0.102426 0.0805372 8.6437e-05 0.0338298 0.667786 0.000109921 0.115225 
0.210139 0.0900707 0.000444291 0.000224398 0.648749 0.00151524 0.0488572 
0.103821 0.358961 0.0177184 0.0119108 0.365804 0.0128918 0.128893 
0.117663 0.0901708 0.000350153 0.0118433 0.701523 0.00144506 0.0770044 
0.10098 0.367045 9.09304e-05 0.0281429 0.493942 3.68362e-05 0.00976188 
0.0372588 0.00526515 0.00593279 7.46523e-07 0.951539 6.55328e-10 3.03288e-06 
0.039778 0.28358 0.000365386 2.62811e-05 0.665099 0.000301846 0.0108496 
0.130857 0.0101996 0.000451513 0.00849279 0.799139 0.00130171 0.0495586 
0.0102571 0.415919 0.000160576 2.16227e-05 0.499001 0.0191981 0.0554427 
0.0985718 0.144452 1.50584e-06 0.000343252 0.724754 4.50971e-08 0.0318777 
0.0506147 0.274543 4.32941e-05 0.0020827 0.556468 0.00724078 0.109007 
0.108391 0.404485 3.21834e-05 0.00175057 0.407977 0.0492811 0.0280837 
0.00166457 7.70483e-09 0.000123405 0.000869709 0.993847 0.00251886 0.000976227 
0.245675 0.159942 6.13306e-06 0.0298334 0.54894 2.8248e-05 0.0155742 
0.00761052 0.000544201 0.000141243 0.00117455 0.955354 0.00377425 0.0314016 
0.0653828 0.380419 3.83384e-05 0.0143415 0.515821 0.00180617 0.022192 
0.0191885 0.395602 9.77375e-06 0.00175845 0.498289 0.00754968 0.0776024 
0.0193561 0.199482 7.52618e-06 0.0843055 0.651234 0.0142341 0.031381 
0.136601 0.0589156 0.000477021 0.0289315 0.747325 0.0012773 0.0264725 
0.00124472 7.25688e-09 0.0001461 0.00139252 0.991403 0.00383765 0.00197604 
0.0715039 0.339461 0.00010692 0.0411898 0.419478 0.000405987 0.127855 
0.0111619 0.29123 0.00247906 0.0180325 0.554534 0.0488783 0.073684 
0.0101346 0.041871 5.40695e-07 1.73245e-07 0.947993 6.18602e-07 3.02368e-08 
0.0875581 0.225869 0.00451455 0.0292364 0.342644 0.0133712 0.296807 
0.0292436 0.399178 0.0184198 0.0118937 0.500135 0.00396936 0.0371604 
4.75e-05 0.319316 6.80784e-06 0.00731366 0.405109 0.00643717 0.261769 
0.0447734 0.181198 0.000169466 1.24974e-05 0.743786 5.31102e-05 0.0300067 
0.00249307 0.150166 2.37719e-05 6.73717e-05 0.738864 0.0954813 0.0129045 
0.0166885 0.308967 6.45612e-05 0.0453697 0.397203 0.00597141 0.225736 
0.00590535 0.0379643 0.0522118 5.68923e-06 0.901687 0.000288101 0.00193752 
0.0559605 0.206289 0.000961025 0.0297627 0.648132 0.0449754 0.0139192 
0.00761052 0.000544201 0.000141243 0.00117455 0.955354 0.00377425 0.0314016 
0.102731 0.0269074 0.000484445 0.0379878 0.789917 0.0159998 0.0259731 
0.0105951 0.123107 2.19317e-05 3.61924e-05 0.864004 0.00123032 0.00100482 
0.0363026 0.00640502 0.00101694 0.0271851 0.922069 0.00225927 0.00476246 
0.0363026 0.00640502 0.00101694 0.0271851 0.922069 0.00225927 0.00476246 
0.0393302 0.119662 8.60153e-05 0.00257503 0.710655 8.17312e-05 0.12761 
0.0935804 0.107445 3.62848e-06 0.0112205 0.706675 4.62115e-06 0.0810707 
0.0113356 0.0815184 0.0197074 5.00801e-05 0.852881 3.08114e-07 0.0345069 
0.101357 0.248478 0.00390272 0.0294401 0.551963 0.00454575 0.0603136 
0.00935905 0.377461 9.12581e-05 0.0160051 0.488437 0.1008 0.00784631 
0.0188359 0.0023062 3.50676e-05 0.00312221 0.967787 0.000137569 0.00777609 
0.18017 0.222748 0.00536801 0.00679552 0.549348 6.28622e-08 0.0355703 
0.0358402 0.324627 4.56847e-05 0.000178751 0.605835 9.23669e-06 0.0334635 
0.210817 0.250708 3.41554e-05 0.0025201 0.50248 0.000238638 0.0332013 
0.058344 0.111148 0.00635261 0.000267971 0.775534 0.00119006 0.0471633 
0.164466 0.201889 0.00418332 0.000988726 0.580868 1.50824e-06 0.0476038 
0.331386 0.155817 0.000256629 0.0318345 0.430249 0.00431737 0.0461392 
0.115102 0.0463465 0.00122455 0.0849697 0.672109 0.0513308 0.0289173 
0.0363026 0.00640502 0.00101694 0.0271851 0.922069 0.00225927 0.00476246 
0.0363026 0.00640502 0.00101694 0.0271851 0.922069 0.00225927 0.00476246 
0.0764407 0.252823 0.0246091 0.00475223 0.512466 6.32889e-05 0.128845 
0.000850545 0.0488864 4.07668e-06 2.5327e-06 0.937391 6.31861e-07 0.0128646 
0.119588 0.0978256 0.00142327 0.0768552 0.68583 0.00235367 0.0161248 
0.0570613 0.222111 8.36213e-06 0.091463 0.592276 0.0166548 0.0204254 
0.0188359 0.0023062 3.50676e-05 0.00312221 0.967787 0.000137569 0.00777609 
0.0188359 0.0023062 3.50676e-05 0.00312221 0.967787 0.000137569 0.00777609 
0.0083167 0.408198 4.75216e-06 0.00476924 0.54795 5.86842e-05 0.0307032 
0.293598 0.183847 0.0374808 0.0153399 0.392292 0.0239867 0.053455 
0.00213524 0.333217 2.82977e-05 0.0332524 0.623653 0.00367503 0.00403848 
0.0367725 0.404554 0.000144651 0.00842243 0.483232 0.0173695 0.0495049 
0.0238168 0.17018 8.23603e-05 0.008398 0.74597 0.015314 0.036239 
0.00138102 0.0941053 3.43807e-07 1.21445e-06 0.894314 7.32806e-08 0.0101978 
0.0188359 0.0023062 3.50676e-05 0.00312221 0.967787 0.000137569 0.00777609 
0.0843937 0.340581 0.00905205 0.00732028 0.531659 0.00496481 0.0220292 
0.0388439 0.173091 0.00516982 0.00176855 0.484025 0.00501604 0.292086 
0.00307802 0.028095 0.000322138 3.44035e-05 0.734893 8.66146e-05 0.233491 
0.0100039 0.267891 0.0573688 0.00780439 0.620595 0.000758928 0.035578 
0.164093 0.0209426 0.00117423 0.00175251 0.778266 1.54286e-05 0.0337567 
0.00124472 7.25688e-09 0.0001461 0.00139252 0.991403 0.00383765 0.00197604 
0.0365734 0.422816 0.000238897 0.0180561 0.519763 0.000296704 0.00225562 
0.00168644 0.368665 5.73971e-08 3.49945e-05 0.592423 0.0339759 0.00321446 
0.00283212 0.206917 1.76218e-06 0.000882861 0.786218 2.89652e-06 0.00314475 
0.00145821 0.248814 0.000168384 0.00964535 0.692539 0.000779522 0.0465952 
0.0946489 0.195297 7.76252e-06 0.00109608 0.542134 0.0194518 0.147364 
0.0363026 0.00640502 0.00101694 0.0271851 0.922069 0.00225927 0.00476246 
0.0522188 0.182649 0.00146483 0.00747955 0.715313 0.00435557 0.0365189 
0.115102 0.0463465 0.00122455 0.0849697 0.672109 0.0513308 0.0289173 
0.0879618 0.144728 5.75972e-06 5.34104e-05 0.743128 5.27258e-06 0.0241178 
0.00115122 0.36736 7.01368e-07 0.000108515 0.611903 2.78162e-08 0.0194762 
0.153872 0.0655308 7.57652e-05 0.00861852 0.626028 0.0136841 0.13219 
0.0772387 0.245729 9.33429e-05 0.0125115 0.552841 0.00106449 0.110522 
0.0662673 0.00837291 0.000693175 0.00511505 0.895867 0.00104969 0.0226353 
0.00726872 0.00186921 0.000148869 0.000608065 0.970819 0.00172525 0.0175611 
0.0777714 0.429408 0.00101996 0.00513296 0.435265 0.00486268 0.0465409 
0.0434459 0.16324 0.0881785 0.003704 0.678756 5.94149e-05 0.0226166 
0.128535 0.215021 7.90581e-05 0.0230726 0.611998 7.4778e-05 0.0212202 
0.17665 0.0761635 0.0015535 0.100417 0.576783 0.0199527 0.0484808 
0.0243006 0.213119 0.00025184 0.00177492 0.745205 0.00081793 0.0145305 
0.0397616 0.278798 0.00118601 0.0166363 0.623491 0.00159592 0.0385311 
0.0363026 0.00640502 0.00101694 0.0271851 0.922069 0.00225927 0.00476246 
0.00308207 0.00926179 1.70449e-05 0.00306814 0.954056 0.00013947 0.0303755 
0.115102 0.0463465 0.00122455 0.0849697 0.672109 0.0513308 0.0289173 
0.00607406 0.449627 0.000124852 0.0111214 0.526196 0.0010957 0.00576085 
0.096697 0.191802 2.52387e-05 0.00254573 0.572976 0.0035166 0.132437 
0.0292876 0.104131 0.0733269 0.000412116 0.508547 0.0168097 0.267486 
0.0143616 0.253741 5.11123e-05 0.0115817 0.660086 0.0294899 0.0306892 
0.0270845 0.068726 0.000188616 0.158596 0.589213 0.0118528 0.144338 
0.111913 0.278661 0.0114976 0.000155352 0.560363 0.0268682 0.0105415 
0.010891 0.291539 0.0166747 0.0166811 0.630254 0.000102066 0.0338582 
0.162574 0.097396 0.00559899 0.00147764 0.658795 0.00345675 0.0707017 
0.133926 0.125912 7.89335e-05 9.19831e-05 0.707163 0.0259328 0.00689527 
0.00416652 0.112287 5.44566e-05 0.000125283 0.858893 0.0219285 0.00254535 
0.0436724 0.360179 1.49831e-05 0.0744055 0.506624 0.00220774 0.0128963 
0.053853 0.0531719 8.16737e-05 1.56891e-06 0.87072 0.00428057 0.0178908 
0.0243602 0.365273 0.0290707 0.00258805 0.456051 0.0085421 0.114115 
0.190922 0.268068 0.000178075 0.0285258 0.402275 0.000820768 0.109211 
0.292809 0.25724 0.000173706 0.000363892 0.328232 0.00492098 0.116261 
0.0122081 0.313237 0.00427148 0.0256329 0.63407 5.02739e-05 0.0105307 
0.0415507 0.0502836 4.31472e-05 0.00890448 0.827539 0.00033551 0.071344 
0.0188359 0.0023062 3.50676e-05 0.00312221 0.967787 0.000137569 0.00777609 
0.136601 0.0589156 0.000477021 0.0289315 0.747325 0.0012773 0.0264725 
0.201397 0.252435 9.97052e-05 0.0101773 0.4989 0.0134492 0.023542 
0.0333542 0.211353 0.00456784 5.08921e-05 0.535656 0.024992 0.190027 
0.16222 0.0812557 0.00136233 2.68321e-05 0.338296 0.198938 0.217901 
0.0012601 1.11591e-08 8.84001e-05 0.00144144 0.993897 0.00171623 0.00159725 
0.00971029 0.194027 7.9333e-06 0.0240935 0.766656 3.30525e-06 0.0055015 
0.0102913 0.144977 0.00186579 0.00149186 0.764572 0.00362387 0.0731783 
0.00401633 0.0247562 8.72885e-09 7.03624e-08 0.544992 0.424176 0.00205968 
0.00214853 0.181227 4.60538e-07 0.0033692 0.811567 0.000142786 0.00154551 
0.148259 0.057288 1.61649e-05 0.00246658 0.563348 0.0458154 0.182807 
0.290635 0.246657 3.26004e-05 0.0211353 0.41083 7.955e-07 0.0307101 
0.0345821 0.0623134 3.22598e-05 0.0118795 0.850933 0.0055867 0.0346735 
0.330937 0.195336 0.0206554 0.00048804 0.430276 0.00361911 0.0186879 
0.0765418 0.180721 0.00902776 4.91966e-05 0.508324 0.00265234 0.222684 
0.0307181 0.130365 0.00439106 0.000383988 0.781447 0.00011004 0.0525842 
0.252884 0.113579 6.03712e-06 0.077849 0.349627 0.000111115 0.205943 
0.17665 0.0761635 0.0015535 0.100417 0.576783 0.0199527 0.0484808 
0.0462932 0.0180608 4.52907e-05 0.100987 0.684781 0.00573583 0.144097 
0.124379 0.258819 0.000118133 0.0204048 0.472777 0.00165486 0.121848 
0.117514 0.0423617 0.000347793 0.161738 0.63461 0.00258638 0.0408423 
0.000965637 3.40056e-09 3.50772e-05 0.00313265 0.994514 0.000435467 0.000917582 
0.00422813 0.243604 0.0153605 0.000341687 0.653052 0.0205456 0.0628681 
0.0118327 0.365813 4.55903e-05 0.0393234 0.550636 0.00182773 0.0305224 
0.0855143 0.00255649 0.000757521 0.00491075 0.89689 0.00726141 0.00210971 
0.0359207 0.318893 0.000308392 0.0607912 0.498021 0.0120315 0.0740348 
0.0933969 0.358733 0.01231 0.013082 0.503362 0.000897735 0.0182192 
0.14097 0.228065 0.000175899 0.107335 0.465852 0.00445883 0.0531421 
0.0704543 0.170323 0.000748815 0.00840328 0.725188 0.0167523 0.00812999 
0.00987514 0.43524 0.0232175 5.94429e-05 0.502476 0.000577925 0.0285543 
0.0372588 0.00526515 0.00593279 7.46523e-07 0.951539 6.55328e-10 3.03288e-06 
0.0112105 1.15176e-07 0.000146255 0.00388112 0.979257 0.000593842 0.00491131 
0.0611759 0.368611 5.00569e-05 0.000144432 0.522601 5.72453e-05 0.0473602 
0.0363026 0.00640502 0.00101694 0.0271851 0.922069 0.00225927 0.00476246 
0.0415507 0.0502836 4.31472e-05 0.00890448 0.827539 0.00033551 0.071344 
0.0112105 1.15176e-07 0.000146255 0.00388112 0.979257 0.000593842 0.00491131 
0.0453343 0.00706345 0.000871866 0.0177888 0.911715 0.00580865 0.0114182 
0.171384 0.199991 0.00902142 0.000734763 0.534487 0.0025511 0.0818311 
0.0270845 0.068726 0.000188616 0.158596 0.589213 0.0118528 0.144338 
