0.000432666 0.0773392 6.89849e-07 0.00431654 0.20834 1.64272e-06 0.709569 
0.294294 0.218725 0.0309434 0.0334018 0.0886442 4.09861e-05 0.33395 
0.116757 0.078064 0.000345844 0.0110235 0.387027 0.0121207 0.394662 
0.011126 0.0351458 8.99774e-05 0.00331858 0.00031036 2.66745e-08 0.950009 
0.0459222 0.297816 4.33254e-05 0.0834404 0.0427942 0.0109007 0.519083 
0.0572328 0.106941 5.05525e-07 0.0517705 5.05598e-07 5.05449e-07 0.784054 
0.0498432 0.114521 5.96539e-05 0.0607954 0.0259755 0.00130767 0.747498 
0.0186641 0.147306 1.51771e-05 0.0498231 0.0938679 0.000628733 0.689695 
0.00971034 0.0641074 3.08107e-05 0.00144336 0.00433152 9.01213e-05 0.920286 
0.00394565 0.134524 0.000219641 0.365962 0.00919747 0.00141958 0.484732 
0.00664366 0.345841 0.00148968 0.14639 0.0168674 0.0169097 0.465858 
0.0924844 0.160977 1.01164e-05 0.16549 0.0266544 0.00143851 0.552945 
0.00976939 0.2634 9.06889e-06 0.0186867 0.0785645 2.81983e-06 0.629568 
0.111665 0.339 0.000366517 0.022939 0.00952634 8.9286e-08 0.516503 
0.0399021 0.197681 2.28714e-05 0.0948636 0.00213981 0.00564624 0.659745 
0.00220843 0.296563 4.4478e-05 0.0581391 0.015284 0.00793485 0.619826 
0.00409384 0.0426046 9.31783e-05 0.0283089 9.71911e-05 1.36016e-05 0.924789 
0.0731087 0.286665 4.1297e-06 0.0648457 0.0627846 4.12908e-06 0.512587 
0.117217 0.36111 6.93694e-05 0.0852321 0.0545238 0.000174032 0.381674 
0.155945 0.211814 0.000181124 0.0212444 0.1323 0.0562065 0.422309 
0.0355554 0.204002 2.73029e-08 0.000972019 0.0298871 0.0184105 0.711173 
0.0143933 0.263317 7.36955e-06 0.105293 0.156319 4.98761e-05 0.46062 
0.127188 0.335396 0.00064787 0.109075 0.019296 0.0471799 0.361216 
0.0382482 0.158861 0.00812162 0.0620536 0.0501529 0.196463 0.486099 
0.0445701 0.226267 3.00997e-05 0.0163932 0.00237725 0.000126812 0.710236 
0.199546 0.121321 4.17025e-05 0.0437344 0.0397527 0.00197821 0.593627 
0.0310392 0.0818822 0.000129511 0.0851014 0.0172716 0.000251016 0.784325 
0.00625466 0.177733 0.000180434 0.0491601 0.0129818 0.0492324 0.704458 
0.00323863 0.219513 1.16081e-08 0.00448999 1.40495e-06 4.14189e-11 0.772757 
0.0356881 0.122375 0.000127323 0.00369637 0.0393377 0.00720025 0.791575 
0.160365 0.231854 0.000130503 0.0119701 0.0986835 0.000626053 0.496371 
0.0560318 0.358837 0.00314821 0.00269467 0.0700463 0.00453993 0.504702 
0.134959 0.205954 0.000112367 0.0208036 0.014598 0.000550013 0.623024 
0.00976939 0.2634 9.06889e-06 0.0186867 0.0785645 2.81983e-06 0.629568 
0.148085 0.225024 0.00571275 0.0993994 0.0729375 0.0276499 0.421191 
0.114841 0.0903292 0.000141945 0.0626163 0.00923635 0.000883983 0.721951 
0.00051327 0.0295799 7.5173e-08 0.148231 0.013025 3.34206e-05 0.808617 
0.0830092 0.293959 0.000430276 0.00104807 0.0101519 1.74798e-05 0.611384 
0.057004 0.0869939 4.03383e-08 0.0063096 0.00444898 4.02387e-07 0.845243 
0.00976939 0.2634 9.06889e-06 0.0186867 0.0785645 2.81983e-06 0.629568 
0.0137374 0.012746 7.59119e-05 0.00509134 0.0032294 0.0154909 0.949629 
0.143279 0.318292 0.00134537 0.0400879 0.0506691 0.00450647 0.44182 
0.00976939 0.2634 9.06889e-06 0.0186867 0.0785645 2.81983e-06 0.629568 
0.00976939 0.2634 9.06889e-06 0.0186867 0.0785645 2.81983e-06 0.629568 
0.269761 0.190722 2.02797e-05 0.18968 0.0309274 2.1678e-07 0.318889 
0.0567887 0.298282 0.0166649 0.162766 0.0296461 0.0591936 0.376659 
0.1332 0.0378929 0.000401631 0.0024674 0.0148109 0.000445642 0.810782 
0.0131206 0.127099 0.00527178 0.169851 0.0259156 0.0139555 0.644786 
0.156017 0.0385094 1.24424e-08 0.00402399 0.00264246 0.000815882 0.797991 
0.0131206 0.127099 0.00527178 0.169851 0.0259156 0.0139555 0.644786 
0.102032 0.0793823 1.31035e-06 0.13207 0.0013651 2.15385e-06 0.685148 
0.0304519 0.231285 0.000283058 0.259993 0.0172747 0.00299407 0.457718 
0.0438904 0.0862917 0.000723632 0.0663211 0.0151996 0.000455439 0.787118 
0.082493 0.127507 0.0014048 0.159042 0.0234485 0.0136696 0.592435 
0.0233802 0.402696 2.93836e-06 0.00376102 0.0989144 0.0219615 0.449284 
0.0784127 0.364656 0.000301584 0.0329189 0.0450066 0.0106545 0.468049 
0.110544 0.208992 0.000101507 0.0101878 0.261723 0.0864477 0.322004 
0.0152981 0.0129312 6.07771e-09 0.0429329 0.000700239 7.00986e-06 0.92813 
0.00500977 0.0532558 0.000116471 0.0343227 0.000121487 1.70007e-05 0.907157 
0.00248637 0.0390313 2.01096e-05 0.0228056 0.00774206 6.35495e-05 0.927851 
0.0541097 0.148461 0.000945157 0.338122 0.036924 0.00469816 0.41674 
0.00186444 0.102141 4.46776e-08 0.167938 0.0208282 0.00690841 0.70032 
0.0259588 0.354901 0.00637127 0.0149161 0.0286935 0.000933551 0.568226 
0.0123044 0.0816355 0.000685594 0.138396 0.00801727 0.000333092 0.758628 
1.51666e-08 0.000567055 8.08562e-12 5.287e-12 3.11263e-09 2.75884e-10 0.999433 
0.0399752 0.187257 0.000273655 0.162647 0.0206739 2.49431e-05 0.589149 
0.0404421 0.0481613 8.95989e-11 0.204754 0.0629463 1.47275e-10 0.643697 
0.117313 0.200461 0.000958069 0.0720498 0.0577649 0.00486616 0.546586 
0.00546787 0.296143 7.08015e-05 0.106797 0.0185345 0.000448275 0.572539 
0.00976939 0.2634 9.06889e-06 0.0186867 0.0785645 2.81983e-06 0.629568 
0.00453622 0.026334 4.57653e-05 0.00201879 0.00138936 6.41725e-06 0.965669 
0.00976939 0.2634 9.06889e-06 0.0186867 0.0785645 2.81983e-06 0.629568 
0.0227097 0.0838805 0.0010655 0.18571 0.0178215 0.00420729 0.684605 
0.0924844 0.160977 1.01164e-05 0.16549 0.0266544 0.00143851 0.552945 
0.00270667 0.215329 0.00121414 0.0075379 0.13919 0.22465 0.409372 
0.00409384 0.0426046 9.31783e-05 0.0283089 9.71911e-05 1.36016e-05 0.924789 
0.0373539 0.321588 0.000879808 0.00132117 0.0386334 7.80557e-06 0.600216 
0.0366728 0.132821 0.00157221 0.0525077 0.0217345 0.00585026 0.748842 
0.0924844 0.160977 1.01164e-05 0.16549 0.0266544 0.00143851 0.552945 
0.202267 0.210308 0.000542043 0.229124 0.00658477 0.00066788 0.350507 
0.00546212 0.063117 7.65072e-06 0.000110171 0.0306905 0.00563277 0.89498 
0.0333385 0.358198 0.000144011 0.0129964 0.192236 0.0019286 0.401159 
0.0180519 0.126787 6.61505e-06 0.00318423 0.00724117 0.00171738 0.843012 
0.00270667 0.215329 0.00121414 0.0075379 0.13919 0.22465 0.409372 
0.340633 0.297612 0.000245363 0.00266459 0.00826399 8.78398e-10 0.350581 
0.00868307 0.062307 2.11875e-06 0.0866777 0.00382179 0.000231384 0.838277 
0.074703 0.202124 0.00148697 0.0748135 0.110791 0.0607316 0.47535 
0.0354128 0.247262 0.000237801 0.0765318 0.0577658 0.000430714 0.582359 
0.139764 0.21829 0.000357742 0.0295797 0.0518844 0.0144054 0.545719 
0.00191779 0.165235 0.00476515 0.000611846 0.0116072 0.015211 0.800652 
0.00976939 0.2634 9.06889e-06 0.0186867 0.0785645 2.81983e-06 0.629568 
0.0071473 0.0488655 6.80049e-05 0.046808 9.7423e-05 3.67721e-05 0.896977 
0.340917 0.240326 4.16657e-05 0.00703665 0.00299034 1.17459e-07 0.408689 
0.0270203 0.326532 0.0001126 0.00339711 0.0336803 0.00343764 0.60582 
0.24884 0.166679 8.61396e-05 0.0723268 0.0253581 0.0113905 0.47532 
0.109828 0.126845 0.000404307 0.162895 0.01549 3.28829e-05 0.584505 
0.00575261 0.0479602 0.000117634 0.0331123 0.000100451 2.08253e-05 0.912936 
0.132447 0.120569 0.00321391 0.08671 0.0156479 0.00629906 0.635113 
0.268208 0.064922 6.00056e-05 0.0321827 0.0208152 0.000234307 0.613577 
0.00409384 0.0426046 9.31783e-05 0.0283089 9.71911e-05 1.36016e-05 0.924789 
0.0420106 0.0852785 4.16718e-07 0.125734 0.00875276 0.250119 0.488105 
0.0175464 6.82376e-07 6.2613e-09 0.183758 6.6166e-05 5.60925e-09 0.798629 
0.0126832 0.168873 0.00126494 0.00459367 0.0850074 0.101103 0.626475 
0.00418011 0.201034 0.000306577 0.248861 0.0112094 0.00213776 0.532271 
0.0923269 0.233721 4.4987e-05 0.00723853 0.144296 0.00940243 0.51297 
0.00294871 0.0528756 1.52851e-05 0.00464919 0.000624102 4.86763e-05 0.938838 
0.0314787 0.473537 2.04352e-11 0.00369182 0.0033719 1.36659e-09 0.48792 
0.0059118 4.94329e-05 4.54495e-07 0.391141 2.59715e-05 1.63578e-05 0.602855 
0.0125646 0.0312579 6.99282e-05 0.114769 0.00184522 0.000523136 0.83897 
0.235532 0.135792 0.000386268 0.0747684 0.0286534 0.0136807 0.511188 
0.0735069 0.0707252 0.000461522 0.00523698 0.00546829 9.21707e-08 0.844601 
0.0686723 0.0252649 1.39303e-06 0.00191099 0.00859242 1.96822e-09 0.895558 
0.189964 0.128178 0.000379865 0.0400273 0.029048 0.00012934 0.612274 
0.0164746 0.0381445 0.000631546 0.000430748 0.0171712 0.00164437 0.925503 
0.0339021 0.107669 9.96465e-05 0.164612 0.0104116 0.00458507 0.678721 
0.00409384 0.0426046 9.31783e-05 0.0283089 9.71911e-05 1.36016e-05 0.924789 
0.000219837 0.00319096 2.26773e-09 0.102773 0.0011667 9.23366e-07 0.892648 
0.00453622 0.026334 4.57653e-05 0.00201879 0.00138936 6.41725e-06 0.965669 
0.0351729 0.10089 0.00275957 0.160493 0.0192749 0.00937418 0.672035 
0.0745789 0.0700681 1.73048e-05 0.0124648 0.00601773 0.000153471 0.8367 
0.104856 0.161305 0.0127286 0.0643616 0.0163682 0.00866812 0.631712 
0.108392 0.0886807 2.00968e-05 0.00267403 0.0484751 0.00111293 0.750645 
0.143279 0.318292 0.00134537 0.0400879 0.0506691 0.00450647 0.44182 
0.014815 0.0539619 4.27648e-08 0.137153 0.0258456 1.02462e-06 0.768224 
0.0415348 0.205928 0.00145101 0.00456975 0.0703149 0.0088819 0.667319 
0.0313859 0.185864 0.00015786 0.0802205 0.0860574 0.0276936 0.588621 
0.0116814 0.175565 7.88359e-05 0.0140713 0.0110605 7.268e-05 0.787471 
0.00976939 0.2634 9.06889e-06 0.0186867 0.0785645 2.81983e-06 0.629568 
0.100786 0.187497 2.96915e-05 0.0118383 0.0169463 0.0247244 0.658179 
0.0137374 0.012746 7.59119e-05 0.00509134 0.0032294 0.0154909 0.949629 
0.00347756 0.054112 2.33327e-05 0.00710266 0.000221294 7.43203e-05 0.934989 
0.00751937 0.0853119 0.000180143 0.0532643 0.000160939 3.39086e-09 0.853563 
0.00955362 0.46066 2.015e-06 0.0306948 0.0108722 4.48093e-07 0.488217 
0.0130434 0.00996727 2.36537e-07 0.0120457 0.0146589 2.61143e-11 0.950284 
0.00976939 0.2634 9.06889e-06 0.0186867 0.0785645 2.81983e-06 0.629568 
0.0955481 0.186042 4.47176e-05 0.0119879 0.0185043 0.00601376 0.681859 
0.000587475 0.0322485 1.52121e-10 0.000130652 0.0504701 2.998e-05 0.916533 
0.0348429 0.14243 3.81886e-05 0.00736865 0.0596722 0.0219159 0.733732 
0.114705 0.259287 3.10367e-05 0.00325609 0.213151 0.0014466 0.408124 
0.00575636 0.27257 0.000143124 0.000351365 0.0338376 0.00292503 0.684417 
0.0108899 0.129975 0.000103732 0.0460784 0.0926417 0.00206621 0.718245 
0.00409384 0.0426046 9.31783e-05 0.0283089 9.71911e-05 1.36016e-05 0.924789 
0.0671203 0.311176 7.83844e-07 0.0253279 0.0159438 1.18171e-07 0.580432 
0.0197095 0.120712 9.08018e-06 0.00188033 0.0869384 0.000100297 0.770651 
0.0184212 0.107305 0.000132794 0.0926104 0.0233105 0.00214317 0.756076 
0.000532055 0.0355845 2.15056e-06 0.0332524 2.82847e-05 2.14252e-05 0.930579 
0.035237 0.151378 0.000171064 0.0967901 0.0135711 0.000263021 0.70259 
0.00418011 0.201034 0.000306577 0.248861 0.0112094 0.00213776 0.532271 
0.00807784 0.0811471 0.000101209 0.00283157 0.00283169 0.000216403 0.904794 
0.300472 0.285317 4.06312e-05 0.00903523 0.0209806 0.0220516 0.362103 
0.00838934 0.084325 1.34848e-05 0.0212311 0.00817468 0.00145916 0.876407 
0.0733158 0.139618 0.266893 0.000119619 0.00786653 0.190461 0.321725 
0.143279 0.318292 0.00134537 0.0400879 0.0506691 0.00450647 0.44182 
0.00334967 0.066665 7.62694e-05 0.0231622 0.000442267 1.11453e-05 0.906293 
0.00976939 0.2634 9.06889e-06 0.0186867 0.0785645 2.81983e-06 0.629568 
0.0121856 0.0633432 0.000115864 0.0378563 0.0720627 2.0269e-05 0.814416 
0.000219837 0.00319096 2.26773e-09 0.102773 0.0011667 9.23366e-07 0.892648 
0.0485228 0.131089 4.34452e-05 0.158636 0.000954176 0.000629292 0.660125 
0.00756181 0.366213 3.78419e-05 0.00100754 0.184572 0.0029095 0.437698 
0.0348429 0.14243 3.81886e-05 0.00736865 0.0596722 0.0219159 0.733732 
0.0741379 0.11105 0.00250765 0.0147831 0.0190317 0.388525 0.389965 
0.0167748 0.12183 0.00014224 0.0439967 0.0057392 5.27445e-06 0.811512 
0.175307 0.220491 0.00190706 0.076405 0.0470032 0.0123305 0.466556 
0.00976939 0.2634 9.06889e-06 0.0186867 0.0785645 2.81983e-06 0.629568 
0.143612 0.171969 0.00117788 0.303317 0.00359277 2.12425e-05 0.376311 
0.00976939 0.2634 9.06889e-06 0.0186867 0.0785645 2.81983e-06 0.629568 
0.0181109 0.0312001 0.000948024 0.208259 0.00125681 0.0558708 0.684354 
0.00976939 0.2634 9.06889e-06 0.0186867 0.0785645 2.81983e-06 0.629568 
0.00976939 0.2634 9.06889e-06 0.0186867 0.0785645 2.81983e-06 0.629568 
0.0288036 0.0974228 1.71054e-06 6.18467e-06 0.0359429 1.4309e-05 0.837808 
0.00976939 0.2634 9.06889e-06 0.0186867 0.0785645 2.81983e-06 0.629568 
0.239663 0.155688 0.000144569 0.0341269 0.0189764 3.57839e-05 0.551366 
0.160726 0.315003 0.0518364 0.00517392 0.0607123 8.26907e-07 0.406547 
0.029192 0.349772 0.202355 0.010132 0.0447849 0.00595989 0.357804 
0.0237907 0.154406 4.74455e-06 0.0214066 0.0218925 0.000567331 0.777932 
0.00409384 0.0426046 9.31783e-05 0.0283089 9.71911e-05 1.36016e-05 0.924789 
0.15054 0.0520122 0.00063376 0.00124652 0.0553459 0.0555848 0.684637 
0.339598 0.136684 0.000284291 0.00561426 0.0213894 8.2255e-05 0.496348 
0.0444795 0.197992 0.000124032 0.087164 0.0545506 0.0211694 0.59452 
0.0539726 0.0612334 0.000216322 0.118779 0.0186232 0.0121915 0.734984 
0.0036532 0.188028 8.21003e-06 0.133958 0.0890313 0.000119455 0.585202 
6.68983e-05 0.0163091 6.17642e-09 9.30975e-08 6.23092e-05 1.68966e-08 0.983562 
0.0546002 0.132589 2.45047e-05 0.027971 0.0668026 0.00426388 0.713749 
0.00293548 0.304309 0.0122157 0.00021512 0.051526 0.000169098 0.62863 
0.0998269 0.11139 1.64812e-05 0.0144667 0.0215081 0.000158383 0.752633 
0.0137158 0.0363085 7.85864e-05 0.0765976 0.00301012 1.753e-05 0.870272 
0.37626 0.180273 2.44063e-05 0.00052989 0.00112141 0.00257114 0.43922 
0.0111884 0.143995 0.000320648 0.00166934 0.0391412 0.000608653 0.803076 
0.0274028 0.129856 0.000272383 0.0280612 0.0392006 2.46486e-05 0.775182 
0.00414707 0.0644117 1.1447e-05 0.408541 0.0216413 0.000303013 0.500944 
0.00976939 0.2634 9.06889e-06 0.0186867 0.0785645 2.81983e-06 0.629568 
0.0597039 0.0133218 3.20474e-07 0.156901 0.129761 5.24627e-08 0.640312 
0.000550707 0.159502 0.00442638 0.0517536 0.019452 0.000944691 0.763371 
0.00278999 0.0679226 1.97247e-05 0.005697 0.000178993 6.20625e-05 0.92333 
0.0015574 0.469226 2.31008e-05 0.0190441 0.0264959 0.00292678 0.480727 
0.102879 0.32965 0.0582149 0.0741157 0.0352183 9.16953e-05 0.399831 
0.00572137 0.304742 4.6834e-06 0.000451766 0.0633657 0.00146942 0.624245 
0.198167 0.229457 0.000170839 0.176724 0.0249468 0.0421956 0.328339 
0.252898 5.98824e-06 0.000101492 0.0418868 0.00330609 1.84054e-08 0.701801 
0.0590219 0.168158 0.000156862 0.089867 0.00673808 0.00028425 0.675774 
0.0411313 0.391637 2.96098e-06 0.00727518 0.039225 3.73334e-06 0.520725 
0.0778284 0.127389 0.000219855 0.0765338 0.0214971 0.00562316 0.690909 
0.00362954 0.0210678 7.02619e-05 0.00295157 0.0011117 5.1752e-06 0.971164 
0.0196353 0.0580049 0.000271473 0.0161103 0.231983 0.00799417 0.666001 
0.0164564 0.0405429 3.9062e-08 0.260854 0.000850139 0.000371811 0.680925 
0.00971034 0.0641074 3.08107e-05 0.00144336 0.00433152 9.01213e-05 0.920286 
0.0513461 0.24739 0.000119435 0.066729 0.0141041 0.00180643 0.618505 
0.0136247 0.146227 7.00404e-05 0.126964 0.0426394 0.00792674 0.662548 
0.412005 0.113669 0.000160325 0.00238385 0.00897383 0.00148701 0.461321 
0.00409384 0.0426046 9.31783e-05 0.0283089 9.71911e-05 1.36016e-05 0.924789 
0.0566259 0.0452457 3.6073e-05 0.000537199 0.0255876 0.0213939 0.850574 
0.00294871 0.0528756 1.52851e-05 0.00464919 0.000624102 4.86763e-05 0.938838 
0.0137374 0.012746 7.59119e-05 0.00509134 0.0032294 0.0154909 0.949629 
0.00247765 0.0680126 0.00118348 0.223824 0.00415188 0.0035271 0.696823 
0.0256607 0.00936413 3.28415e-07 0.000175673 0.000992836 5.39821e-07 0.963806 
0.102174 0.203503 5.56328e-05 0.0221367 0.0287982 0.00218619 0.641146 
0.00631615 0.075708 0.0970241 0.000719149 0.0516261 0.0236261 0.74498 
0.0561552 0.175917 0.000161518 0.0283643 0.00221095 0.00223586 0.734956 
0.0425596 0.22966 0.00403574 0.0108399 0.0396722 0.00121497 0.672017 
0.107662 0.139514 0.0196858 0.017301 0.037811 0.00307174 0.674954 
0.00524808 0.287444 0.000389142 0.0342627 0.00264628 0.000455136 0.669555 
0.0503377 0.165817 0.00185528 0.354979 0.0361841 0.00772253 0.383105 
0.0379432 0.0194337 5.45791e-05 1.14506e-05 0.0149368 0.0204318 0.907188 
0.00123274 0.00127939 0.000154233 0.00221079 7.6363e-05 3.9012e-08 0.995046 
0.152339 0.20498 0.190264 0.152329 0.00677248 1.21064e-05 0.293304 
0.042363 0.160571 0.000190061 0.0263226 0.0703997 0.000830258 0.699324 
0.00976939 0.2634 9.06889e-06 0.0186867 0.0785645 2.81983e-06 0.629568 
0.00976939 0.2634 9.06889e-06 0.0186867 0.0785645 2.81983e-06 0.629568 
0.152517 0.238809 2.43596e-05 0.157154 0.0258293 0.000225364 0.425441 
0.0195778 0.23921 6.11748e-06 0.0601234 0.0187802 4.96241e-05 0.662252 
0.205764 0.229884 0.00267676 0.0160843 0.0713639 0.197012 0.277214 
0.0733158 0.139618 0.266893 0.000119619 0.00786653 0.190461 0.321725 
0.00500977 0.0532558 0.000116471 0.0343227 0.000121487 1.70007e-05 0.907157 
0.000267958 0.0402688 8.22693e-05 0.00049464 0.122333 5.59962e-06 0.836548 
0.0225628 0.307966 2.11769e-08 0.000256119 0.157801 0.000232733 0.511182 
0.00945204 0.228191 0.00544555 0.0010002 0.0686976 0.0242721 0.662942 
0.0143109 0.380029 2.10986e-09 0.0719441 0.139835 3.46801e-09 0.393881 
0.131714 0.222033 0.00677191 0.0849458 0.0339694 0.00703967 0.513526 
0.114751 0.263332 0.00217542 0.0526932 0.0510094 0.00568611 0.510353 
0.0126258 0.0506901 0.000680741 0.000320782 0.0143328 0.00180836 0.919541 
0.00976939 0.2634 9.06889e-06 0.0186867 0.0785645 2.81983e-06 0.629568 
0.0798098 0.0928521 7.76675e-06 0.00202437 0.107482 0.0492328 0.668591 
0.025933 0.140621 0.000361469 0.100147 0.0406998 0.0175198 0.674718 
0.0529878 0.0792225 0.000569643 0.0570531 0.000602192 9.22829e-06 0.809556 
0.00976939 0.2634 9.06889e-06 0.0186867 0.0785645 2.81983e-06 0.629568 
0.00976939 0.2634 9.06889e-06 0.0186867 0.0785645 2.81983e-06 0.629568 
0.00976939 0.2634 9.06889e-06 0.0186867 0.0785645 2.81983e-06 0.629568 
0.0812261 0.306576 3.76504e-05 0.00339044 0.0296676 0.000727035 0.578375 
0.143279 0.318292 0.00134537 0.0400879 0.0506691 0.00450647 0.44182 
0.00741344 0.0304296 0.00013842 0.388126 0.00104219 0.0127127 0.560137 
0.0397153 0.0314069 8.38048e-07 0.0012264 0.0147521 6.33667e-06 0.912892 
0.0131022 0.0497204 0.000100263 0.0727165 0.0180873 0.00157416 0.844699 
0.390671 0.151009 0.0138545 0.00380384 0.0264138 0.000575708 0.413673 
0.00757249 0.182476 2.37685e-06 0.0659366 0.0541671 0.0182353 0.671611 
0.0320948 0.113937 0.000151311 0.148132 0.0147431 0.00387024 0.687071 
0.00976939 0.2634 9.06889e-06 0.0186867 0.0785645 2.81983e-06 0.629568 
0.0222201 0.192116 0.02958 0.0494159 0.0473283 0.00894884 0.650391 
0.21566 0.260017 4.83653e-06 0.00165294 0.0400979 7.49066e-05 0.482492 
0.154822 0.0437034 3.17053e-05 0.0876608 0.0355969 3.26689e-05 0.678153 
0.0503308 0.142486 0.00140291 0.131341 0.0255233 0.00453101 0.644385 
0.0867653 0.121205 0.000111967 0.32559 0.0171171 0.00226035 0.44695 
0.011747 0.00844231 1.15344e-06 0.00714108 0.0382475 1.6373e-05 0.934405 
0.0209361 0.196561 5.99655e-09 0.00206036 0.00149237 4.08311e-12 0.77895 
0.0457806 0.251387 0.000100449 0.048131 0.0205609 0.0076843 0.626356 
0.0878088 0.193321 9.21156e-05 0.203133 0.0376609 0.00270702 0.475277 
0.0935401 0.188637 0.000449037 0.299198 0.0239649 0.00017621 0.394035 
0.0232457 0.139927 0.0112034 0.166646 0.0365744 1.96025e-06 0.622401 
0.022835 0.109716 2.72375e-05 0.0111047 0.00810941 6.11251e-08 0.848207 
0.0929941 0.11924 4.93932e-06 0.000611233 0.000267213 6.69809e-08 0.786882 
0.0686723 0.0252649 1.39303e-06 0.00191099 0.00859242 1.96822e-09 0.895558 
0.00449457 0.0502212 0.000433829 0.0806206 0.0165256 0.00271743 0.844987 
0.342235 0.0681936 0.000668068 0.000730835 0.0855923 0.00277387 0.499806 
0.00123299 0.000660183 0.000154279 0.00132626 7.63812e-05 5.52925e-08 0.99655 
0.015731 0.138694 1.0287e-05 0.294928 0.031451 0.000743431 0.518442 
0.0223816 0.0207154 0.00108667 7.22401e-05 0.0458016 0.00659308 0.903349 
0.22169 0.267622 2.24007e-05 0.0145807 0.0767425 0.000826974 0.418515 
0.0897543 0.291434 0.000441626 0.104882 0.0664852 0.00886338 0.438139 
0.275373 0.0247396 2.43196e-08 0.000815024 0.000712225 1.80498e-08 0.69836 
0.00976939 0.2634 9.06889e-06 0.0186867 0.0785645 2.81983e-06 0.629568 
0.014815 0.0539619 4.27648e-08 0.137153 0.0258456 1.02462e-06 0.768224 
0.02958 0.073872 0.000407167 0.0788055 0.0260697 0.00196042 0.789305 
0.0797918 0.0691797 9.50026e-09 0.0301048 0.00845574 0.000132104 0.812336 
0.0726911 0.304132 0.0122035 0.237281 0.0138718 0.00790734 0.351913 
0.000593307 0.0244157 7.71727e-11 0.00185293 0.000428258 0.036592 0.936118 
0.012168 0.0720453 2.33566e-05 0.0111044 0.00307374 0.000157499 0.901428 
0.00156224 0.0638043 0.000206969 0.0611229 0.0169744 0.000570065 0.855759 
0.135682 0.3118 0.000179438 0.00256147 0.21784 5.88569e-05 0.331878 
0.195426 0.178714 0.000144758 0.0634149 0.0103482 1.41497e-06 0.551951 
0.126907 0.203558 6.90247e-05 0.0762856 0.0241987 0.0692148 0.499767 
0.0153974 0.200352 0.000200558 0.0374322 0.0326452 0.0634784 0.650494 
0.0416056 0.127656 0.00240382 0.201331 0.0284049 0.0102007 0.588399 
0.129908 0.0193344 1.25318e-07 0.00187263 0.0405554 5.92654e-07 0.808329 
0.0466044 0.102502 0.00737895 0.0279505 0.0264649 1.1577e-08 0.7891 
0.188865 0.225319 0.0429514 0.040227 0.155681 0.0134187 0.333538 
0.0255645 0.0736035 1.77414e-05 0.00974499 0.0134627 0.00887657 0.86873 
0.241266 0.123761 0.000494838 0.297832 0.00652337 0.000297325 0.329825 
0.0800266 0.158797 2.87528e-05 0.000327211 0.0088572 7.7562e-05 0.751886 
0.0237907 0.154406 4.74455e-06 0.0214066 0.0218925 0.000567331 0.777932 
0.0286734 0.258801 0.00119952 0.280962 0.0197402 0.0021881 0.408436 
0.029762 0.320881 0.0240838 0.00403324 0.179772 0.0771215 0.364347 
0.0234061 0.141158 2.75981e-05 0.00711537 0.00936379 0.000277453 0.818652 
0.0428199 0.0425554 0.00640425 0.0468513 0.0275096 1.63454e-09 0.83386 
0.00976939 0.2634 9.06889e-06 0.0186867 0.0785645 2.81983e-06 0.629568 
0.0322094 0.0801095 0.002025 0.0353261 0.0117444 0.00216696 0.836419 
0.116062 0.338106 0.000141269 0.138901 0.00426219 0.00771709 0.39481 
0.00409384 0.0426046 9.31783e-05 0.0283089 9.71911e-05 1.36016e-05 0.924789 
0.0175464 6.82376e-07 6.2613e-09 0.183758 6.6166e-05 5.60925e-09 0.798629 
0.0202948 0.320955 3.0248e-06 0.13894 0.110828 0.0389097 0.370069 
0.295349 0.248965 9.59507e-06 0.0620696 0.0252045 3.95034e-08 0.368402 
0.0309371 0.0992722 0.000647142 0.104429 0.0172171 0.0130994 0.734398 
0.0131206 0.127099 0.00527178 0.169851 0.0259156 0.0139555 0.644786 
0.0034803 0.0404384 4.70104e-10 0.0562583 0.0140158 4.87653e-05 0.885758 
0.00976939 0.2634 9.06889e-06 0.0186867 0.0785645 2.81983e-06 0.629568 
0.00976939 0.2634 9.06889e-06 0.0186867 0.0785645 2.81983e-06 0.629568 
0.014815 0.0539619 4.27648e-08 0.137153 0.0258456 1.02462e-06 0.768224 
0.14819 0.235103 0.000119292 0.149352 0.0117864 0.0122432 0.443206 
0.0156727 0.154934 0.000198423 0.350969 0.00880378 0.00108355 0.468339 
0.014815 0.0539619 4.27648e-08 0.137153 0.0258456 1.02462e-06 0.768224 
0.00644877 0.148806 1.13543e-08 0.0469755 0.00668171 0.000465689 0.790622 
0.00976939 0.2634 9.06889e-06 0.0186867 0.0785645 2.81983e-06 0.629568 
0.000219837 0.00319096 2.26773e-09 0.102773 0.0011667 9.23366e-07 0.892648 
0.0386433 0.0643393 0.000145946 0.102663 0.00707319 0.00297484 0.784161 
0.0972603 0.0669093 0.000125699 0.0285876 0.0044203 9.89952e-06 0.802687 
0.0024217 0.0830981 0.000115918 0.264565 0.0198199 0.000855248 0.629124 
0.211238 0.0443588 3.93539e-07 0.198844 0.0518301 2.4697e-06 0.493726 
0.0416796 0.217255 4.31827e-05 0.0594928 0.100676 0.00606471 0.574788 
0.00344827 0.0926873 0.00535409 0.0457375 0.017937 0.00218637 0.832649 
0.00409384 0.0426046 9.31783e-05 0.0283089 9.71911e-05 1.36016e-05 0.924789 
0.0629354 0.021868 1.38613e-07 0.07207 0.166954 6.32799e-07 0.676172 
8.54625e-05 0.150108 2.45543e-05 0.0435039 0.101967 0.000158814 0.704152 
0.0214812 0.0626271 0.000111761 0.0235248 9.31036e-05 1.11317e-05 0.892151 
0.0212928 0.0903592 3.57884e-05 0.01086 0.0784518 0.000430626 0.79857 
0.0656003 0.236481 0.00067861 0.0929394 0.0436356 0.00249541 0.558169 
0.0116249 0.0961913 0.000284709 0.0758712 0.00244083 0.000348733 0.813238 
0.0028194 0.0202858 5.32418e-05 0.00286366 0.00152235 0.00363066 0.968825 
0.00270667 0.215329 0.00121414 0.0075379 0.13919 0.22465 0.409372 
0.184047 0.247 5.27083e-05 0.00989678 0.0429946 7.02231e-05 0.515939 
0.088968 0.158831 5.27625e-05 0.000979594 0.150067 0.00140549 0.599697 
0.00177351 0.261709 3.63251e-06 0.00495884 0.05896 0.000563385 0.672032 
0.0278209 0.0834939 0.000320032 0.0206741 0.0440746 0.00182489 0.821792 
0.0179472 0.261453 1.06511e-05 0.177722 0.089716 0.000123639 0.453028 
0.000432666 0.0773392 6.89849e-07 0.00431654 0.20834 1.64272e-06 0.709569 
0.0123585 0.153502 2.84057e-05 0.0193867 0.012378 0.000943005 0.801404 
0.0239511 0.0877045 0.000196681 0.0941267 0.0271274 0.000103216 0.76679 
0.215862 0.202039 0.000191966 0.0240296 0.060469 0.00646535 0.490943 
0.00976939 0.2634 9.06889e-06 0.0186867 0.0785645 2.81983e-06 0.629568 
0.0261058 0.0710733 0.000265049 0.0717235 0.00607117 0.00226569 0.822495 
0.203273 0.213488 0.0149527 0.0900403 0.0121738 0.00338295 0.46269 
0.150356 0.108049 0.00155645 0.134693 0.0322341 0.00402721 0.569084 
0.0631816 0.0942967 1.24887e-05 0.00159817 0.0813885 0.306182 0.453341 
0.340642 0.0691075 2.05581e-05 1.07337e-05 0.176757 0.0465695 0.366893 
0.00737061 0.137319 2.60941e-08 0.257568 0.00627774 0.000357364 0.591107 
0.00976939 0.2634 9.06889e-06 0.0186867 0.0785645 2.81983e-06 0.629568 
0.0235406 0.272088 0.000826281 0.0347519 0.0704491 0.00855715 0.589787 
0.216062 0.196777 8.1611e-05 0.160368 0.0107651 6.53119e-08 0.415946 
0.157222 0.349199 0.00141863 0.00292155 0.0127321 0.000810699 0.475696 
0.277078 0.0767392 3.76272e-10 0.00501596 0.176893 0.0104744 0.4538 
8.53073e-05 0.00268167 2.67533e-05 0.00510132 2.22323e-05 1.77335e-05 0.992065 
0.00275186 0.186519 0.000336692 0.275091 0.0114249 0.00128769 0.522589 
0.00976939 0.2634 9.06889e-06 0.0186867 0.0785645 2.81983e-06 0.629568 
0.0212763 0.419655 1.54e-06 0.0205277 0.0138018 0.000121737 0.524616 
0.0492032 0.294492 0.000627792 0.0716353 0.0642381 0.0623928 0.457411 
0.174445 0.140506 0.00258151 0.0292502 0.022908 0.00821103 0.622098 
0.00976939 0.2634 9.06889e-06 0.0186867 0.0785645 2.81983e-06 0.629568 
0.00428334 0.394735 0.000593756 0.0016422 0.0952633 0.106663 0.39682 
0.0137374 0.012746 7.59119e-05 0.00509134 0.0032294 0.0154909 0.949629 
0.00647673 0.0767536 0.0939689 0.000695335 0.0525008 0.0234324 0.746172 
0.0137374 0.012746 7.59119e-05 0.00509134 0.0032294 0.0154909 0.949629 
0.102007 0.116622 2.07369e-05 0.0718947 0.000236383 0.000195583 0.709024 
0.0248664 0.153627 2.53043e-05 0.136302 0.0179287 0.00111141 0.666139 
0.0491392 0.104521 0.00633891 0.316548 0.0547162 0.0131074 0.455629 
0.00587344 0.216731 8.03065e-05 3.67871e-05 0.00362184 2.64475e-06 0.773654 
0.0679066 0.251581 8.10386e-05 0.0722263 0.0157531 2.79072e-05 0.592424 
0.308576 0.159564 0.000240459 0.0137133 0.0301185 0.000245635 0.487541 
0.00453622 0.026334 4.57653e-05 0.00201879 0.00138936 6.41725e-06 0.965669 
0.00976939 0.2634 9.06889e-06 0.0186867 0.0785645 2.81983e-06 0.629568 
0.0143715 0.351837 3.35616e-05 0.0526103 0.0221553 0.000164481 0.558828 
0.00122871 0.0692275 2.96047e-06 0.00170347 0.221875 0.000160108 0.705802 
0.34949 0.146745 0.00542009 0.00033846 0.0555165 9.86105e-05 0.442391 
0.0189294 0.0792378 0.00058661 0.0309676 0.148816 0.00803981 0.713423 
0.00976939 0.2634 9.06889e-06 0.0186867 0.0785645 2.81983e-06 0.629568 
0.0455453 0.09119 1.10604e-05 0.0466802 0.0121894 0.00252348 0.801861 
0.0134791 0.262677 4.18953e-06 0.0698772 0.0502129 0.00175438 0.601995 
0.00436311 0.28902 0.0108319 0.019581 0.119657 2.61464e-07 0.556547 
0.293122 0.300666 0.000393661 0.0391975 0.0118764 0.000323478 0.354421 
0.0944567 0.209441 0.000207831 0.0849191 0.0302366 0.00941397 0.571325 
0.00132666 0.0667317 7.88628e-05 0.0159057 0.423392 1.58051e-05 0.492549 
0.0243765 0.300491 5.08836e-06 0.00131041 0.00603337 9.1295e-08 0.667784 
0.15681 0.258135 4.90276e-05 0.00951946 0.0722334 0.000336248 0.502917 
0.0999773 0.171651 5.60103e-05 0.0198158 0.0494894 0.00342012 0.65559 
0.0895172 0.0335233 8.29143e-05 0.0594083 0.0302626 0.000342335 0.786863 
0.0002089 0.250099 5.80645e-06 0.231646 0.0830811 0.00203986 0.432919 
0.00300079 0.0568377 1.92318e-05 0.00533516 0.000787091 6.11841e-05 0.933959 
0.0619791 0.263477 2.78546e-05 0.0980944 0.0093744 0.000330397 0.566717 
0.0122886 0.321755 0.00529622 0.0797384 0.0219417 0.045298 0.513682 
0.0137374 0.012746 7.59119e-05 0.00509134 0.0032294 0.0154909 0.949629 
0.174122 0.0628225 5.23088e-05 0.0757665 0.0307638 0.000166408 0.656307 
0.107938 0.141278 0.000588916 0.132995 0.0139443 0.00471145 0.598545 
0.00629184 0.0758463 0.0992652 0.000736399 0.0516438 0.0239158 0.742301 
0.0137374 0.012746 7.59119e-05 0.00509134 0.0032294 0.0154909 0.949629 
0.010044 0.0313101 5.04267e-06 0.0855063 0.0118045 0.000667487 0.860663 
0.0066155 0.0659759 9.32921e-06 0.428068 0.0352437 0.000296644 0.463791 
0.0828495 0.189081 2.68819e-05 0.0736325 0.0246904 0.00330736 0.626412 
0.00976939 0.2634 9.06889e-06 0.0186867 0.0785645 2.81983e-06 0.629568 
0.000219837 0.00319096 2.26773e-09 0.102773 0.0011667 9.23366e-07 0.892648 
0.137394 0.0720192 1.03075e-05 0.0164819 0.00457917 3.23358e-09 0.769516 
0.05167 0.0612245 4.58026e-05 0.000691224 0.00771348 3.93739e-06 0.878651 
0.00125199 0.0132428 7.42107e-07 0.0826056 0.0305996 2.92963e-05 0.87227 
0.0270203 0.326532 0.0001126 0.00339711 0.0336803 0.00343764 0.60582 
0.0505753 0.215966 0.000296043 0.0211802 0.0392682 0.00421685 0.668498 
0.00409384 0.0426046 9.31783e-05 0.0283089 9.71911e-05 1.36016e-05 0.924789 
0.00129728 0.0233251 3.68273e-10 6.52907e-05 0.0259326 4.15704e-07 0.949379 
9.88465e-05 0.0133594 4.35256e-06 0.00426304 0.0056217 0.000247374 0.976405 
0.000219837 0.00319096 2.26773e-09 0.102773 0.0011667 9.23366e-07 0.892648 
0.214342 0.183639 0.00152921 0.118763 0.0275025 0.00764724 0.446578 
0.0471272 0.13135 4.65091e-06 0.0674465 2.10444e-06 3.41969e-11 0.75407 
0.0870085 0.344431 5.37656e-05 0.105906 0.0088878 0.000350847 0.453363 
0.171397 0.23229 8.65859e-05 0.0345856 0.00162987 1.60339e-08 0.560011 
0.0392086 0.0916699 8.88181e-05 0.0786516 0.0171814 0.00984655 0.763353 
0.238366 0.157196 9.58902e-05 0.00281969 0.0232502 1.66293e-07 0.578272 
0.0613082 0.307719 6.65216e-05 0.0595528 0.115274 0.00548965 0.45059 
0.0282442 0.177478 8.73737e-05 0.105549 0.0175074 0.00496883 0.666166 
0.00976939 0.2634 9.06889e-06 0.0186867 0.0785645 2.81983e-06 0.629568 
0.0397447 0.130244 8.96943e-05 0.0580739 0.0168321 0.020279 0.734737 
0.0182876 0.275831 0.0160209 0.000605077 0.312393 3.55487e-09 0.376862 
0.220365 0.102596 0.000326938 0.181943 0.0294908 0.000289341 0.464989 
0.00409384 0.0426046 9.31783e-05 0.0283089 9.71911e-05 1.36016e-05 0.924789 
0.00971034 0.0641074 3.08107e-05 0.00144336 0.00433152 9.01213e-05 0.920286 
0.261105 0.284569 3.14812e-06 0.000818769 0.0299257 1.47753e-10 0.423579 
0.249779 0.307074 1.65795e-07 0.00487218 0.0640846 0.00369297 0.370497 
0.303485 0.120269 0.00117394 0.00902944 0.00396359 4.93764e-06 0.562073 
0.0562077 0.239318 5.09154e-05 0.296045 0.0681989 0.0261727 0.314007 
0.00708456 0.360652 0.00254021 0.184958 0.0164097 0.0480038 0.380351 
0.045258 0.245473 0.000110298 0.0945208 0.0114887 0.0178381 0.585311 
0.205267 0.198762 0.000350595 0.0538625 0.00188996 2.10389e-05 0.539847 
0.00453622 0.026334 4.57653e-05 0.00201879 0.00138936 6.41725e-06 0.965669 
0.0336366 0.0184455 1.89673e-05 0.0054149 0.00458767 0.000215594 0.937681 
0.0197816 0.390379 3.15604e-06 0.0645989 0.0232846 2.82865e-07 0.501953 
0.0824643 0.226544 0.000110606 9.76891e-05 0.00151441 8.96585e-07 0.689268 
0.036516 0.190003 2.30297e-07 0.113518 0.216133 7.15396e-06 0.443822 
0.00711464 0.185039 9.89151e-06 0.0390616 0.0881777 0.000969926 0.679627 
0.0223816 0.0207154 0.00108667 7.22401e-05 0.0458016 0.00659308 0.903349 
0.00976939 0.2634 9.06889e-06 0.0186867 0.0785645 2.81983e-06 0.629568 
0.0152981 0.0129312 6.07771e-09 0.0429329 0.000700239 7.00986e-06 0.92813 
0.409068 0.125027 1.40695e-07 0.044723 0.00680936 1.80825e-05 0.414355 
0.0279045 0.0953048 1.78909e-05 0.00626952 0.0072161 2.65054e-05 0.863261 
0.046445 0.160132 0.000429472 0.179423 0.00426805 0.0094996 0.599803 
0.0044896 0.0708047 0.00860307 0.0498505 0.0218169 0.00351291 0.840922 
0.0739134 0.0178455 9.67767e-06 0.313525 0.00019324 3.61394e-06 0.59451 
0.0255669 0.269994 0.000247055 0.000217492 0.0172318 0.011889 0.674854 
0.00189292 0.0324251 1.09734e-09 6.99663e-05 0.0171084 6.40621e-05 0.94844 
0.00294871 0.0528756 1.52851e-05 0.00464919 0.000624102 4.86763e-05 0.938838 
0.0075841 0.0529198 6.50889e-06 0.0202603 0.0135486 8.38445e-06 0.905672 
0.000219837 0.00319096 2.26773e-09 0.102773 0.0011667 9.23366e-07 0.892648 
0.00368453 0.0583943 2.54479e-05 0.00723722 0.000322664 9.0357e-05 0.930245 
0.030952 0.139241 0.00551372 0.0837274 0.0259202 0.0254358 0.68921 
0.0423853 0.129362 3.47071e-08 0.145127 0.00036251 2.04315e-09 0.682763 
0.0346547 0.123282 7.47449e-05 0.0761725 0.0179322 0.00824856 0.739635 
0.00308782 0.423111 0.000126603 0.00973327 0.00855547 0.0625622 0.492824 
0.00099975 0.156648 2.58545e-07 0.0195707 0.00729868 0.000227915 0.815254 
0.0657729 0.212055 0.000207543 0.0526593 0.0137387 0.00202968 0.653536 
0.000219837 0.00319096 2.26773e-09 0.102773 0.0011667 9.23366e-07 0.892648 
0.02954 0.257135 0.000162033 0.092302 0.00252051 4.76329e-07 0.61834 
0.265479 0.213351 0.000475649 0.0149923 0.0233251 0.000207835 0.48217 
0.0497269 0.0687498 3.05576e-05 0.0363931 0.0115976 0.0745594 0.758943 
0.183868 0.267454 0.00706064 0.090331 0.0253482 0.00229118 0.423648 
0.0841242 0.236434 0.000926072 0.0494185 0.027092 0.00607706 0.595928 
0.00394565 0.134524 0.000219641 0.365962 0.00919747 0.00141958 0.484732 
0.00661357 0.0169237 2.5816e-08 0.00213067 0.00128593 3.13267e-06 0.973043 
0.0933649 0.0564685 4.72485e-06 0.0267464 0.0011764 0.000195608 0.822044 
0.0348355 0.146998 0.000106473 0.258082 0.0114054 0.000484599 0.548088 
0.24884 0.166679 8.61396e-05 0.0723268 0.0253581 0.0113905 0.47532 
0.0685191 0.11595 1.30568e-05 0.0534805 0.0202865 0.000731342 0.741019 
0.101323 0.26768 0.0108078 0.210437 0.0919449 0.0141154 0.303693 
0.0144914 0.403275 0.000214424 0.160085 0.0150824 0.00220539 0.404647 
0.0159976 0.0366374 0.000614698 0.000357324 0.0167184 0.00155521 0.928119 
0.00867533 0.102028 1.61262e-05 0.00207629 0.0192635 0.00094253 0.866998 
0.00982166 0.232547 8.78045e-09 0.149289 0.00302335 0.236112 0.369207 
0.0277319 0.138598 0.000826248 0.0136652 0.0617053 7.54924e-05 0.757398 
0.0715889 0.329363 0.0149802 0.0192985 0.0691984 0.0124997 0.483072 
0.0367441 0.12429 0.000802239 0.0593141 0.00761471 0.0037395 0.767495 
0.00562716 0.0807011 8.13243e-06 0.0134779 0.0197835 0.106315 0.774088 
0.154119 0.0787719 0.00275286 0.039916 0.00216165 0.00255416 0.719724 
0.109615 0.292653 0.000243174 0.0743424 0.0946622 0.0622228 0.366262 
0.134082 0.108273 4.58663e-05 0.0149372 0.198665 0.0148484 0.529148 
0.0137374 0.012746 7.59119e-05 0.00509134 0.0032294 0.0154909 0.949629 
0.00134337 0.0477149 2.08902e-05 0.0115269 0.0043308 2.68386e-06 0.93506 
0.0512138 0.267632 2.99078e-05 0.0163134 0.316832 0.000849427 0.347129 
0.0108185 0.378403 0.00025627 0.00108235 0.0422442 0.00303384 0.564162 
0.00696546 0.140159 3.94713e-06 0.0145699 0.0505403 6.12489e-08 0.787761 
0.000432666 0.0773392 6.89849e-07 0.00431654 0.20834 1.64272e-06 0.709569 
0.00976939 0.2634 9.06889e-06 0.0186867 0.0785645 2.81983e-06 0.629568 
0.000432666 0.0773392 6.89849e-07 0.00431654 0.20834 1.64272e-06 0.709569 
0.00976939 0.2634 9.06889e-06 0.0186867 0.0785645 2.81983e-06 0.629568 
0.0572592 0.136824 0.000283276 0.0802407 0.00396558 0.0358644 0.685563 
0.0371121 0.309202 3.97349e-05 0.00639476 0.0529444 0.00334272 0.590965 
0.0310526 0.0551637 0.000170989 0.024967 0.236256 0.00156692 0.650823 
0.127467 0.182695 1.79814e-05 0.0454453 0.0741055 0.000140611 0.570128 
0.0234346 0.0577047 0.000724875 0.0194846 0.0073212 0.0764962 0.814834 
0.0928289 0.0613105 0.000511253 0.0561599 0.000367736 0.0373662 0.751455 
0.00129525 0.0430229 8.82246e-05 0.398738 0.00147438 0.00250672 0.552874 
0.12499 0.114149 1.65355e-05 0.0311626 0.0116814 6.6747e-06 0.717994 
0.0113925 0.367772 0.034096 0.00472999 0.161647 0.0495352 0.370828 
0.00976939 0.2634 9.06889e-06 0.0186867 0.0785645 2.81983e-06 0.629568 
0.0316489 0.169733 8.27945e-05 0.00547439 0.0956671 2.10741e-09 0.697394 
0.0127955 0.136705 8.45559e-05 0.00210053 0.0586596 0.00576983 0.783885 
0.010474 0.0278809 8.80549e-05 0.0623561 0.0299266 5.22062e-05 0.869222 
0.167066 0.343153 0.000138645 0.0890102 0.0381585 0.00345475 0.359019 
0.0769108 0.107415 0.000179886 0.00752167 0.0111198 1.12343e-06 0.796852 
0.00472492 0.0859597 0.00541697 0.0719436 0.00495525 0.00510882 0.821891 
0.0849939 0.146875 0.000101872 0.0149364 0.0257599 0.00847433 0.718859 
0.0250706 0.237863 7.93279e-05 0.0615508 0.00780577 0.000149103 0.667482 
0.203349 0.237495 0.000146155 0.00507389 0.0373865 0.00291958 0.513629 
0.195977 0.225625 1.04282e-05 0.00140118 0.00809343 0.000358933 0.568534 
0.0196411 0.00985757 2.07661e-08 0.0238589 0.0117625 7.2153e-05 0.934808 
0.00409384 0.0426046 9.31783e-05 0.0283089 9.71911e-05 1.36016e-05 0.924789 
0.01998 0.213078 0.000808104 0.0102492 0.0768912 0.00158706 0.677407 
0.0286329 0.163379 0.000791566 0.32973 0.0274577 0.00926094 0.440747 
0.283732 0.0784688 0.000218558 5.77082e-05 0.105755 4.32934e-07 0.531767 
0.00409384 0.0426046 9.31783e-05 0.0283089 9.71911e-05 1.36016e-05 0.924789 
0.148453 0.193649 0.0004245 0.121388 0.0220518 9.04094e-05 0.513943 
0.0477903 0.0687213 1.20221e-06 0.00979488 0.0429508 0.000544944 0.830197 
0.0254058 9.50317e-06 8.24499e-07 0.0242013 5.99026e-06 9.10657e-10 0.950377 
0.019546 0.115496 0.000993926 0.140729 0.0183857 0.00793149 0.696919 
0.0977244 0.159774 0.000395089 0.185472 0.0301286 0.0419956 0.48451 
0.159017 0.247474 5.8037e-05 0.015886 0.0270809 0.0154021 0.535082 
0.251066 0.120257 1.92361e-05 0.000362253 0.00076091 0.00177793 0.625757 
0.00409384 0.0426046 9.31783e-05 0.0283089 9.71911e-05 1.36016e-05 0.924789 
0.0333875 0.17628 4.01304e-05 0.00190596 0.0789343 0.00971898 0.699733 
0.000432666 0.0773392 6.89849e-07 0.00431654 0.20834 1.64272e-06 0.709569 
0.00409384 0.0426046 9.31783e-05 0.0283089 9.71911e-05 1.36016e-05 0.924789 
0.120243 0.153451 1.08191e-08 0.0367005 0.00951697 0.00496326 0.675126 
0.113068 0.125356 0.000321317 0.00284916 0.00312955 0.00484772 0.750428 
0.00344827 0.0926873 0.00535409 0.0457375 0.017937 0.00218637 0.832649 
0.155582 0.00339832 5.43072e-05 4.00673e-06 0.0453789 4.21689e-07 0.795582 
0.00881807 0.141436 3.15623e-05 0.000196227 0.00915595 0.000155399 0.840207 
0.0850176 0.217478 0.00822298 0.053342 0.0797924 0.104821 0.451326 
0.168921 0.0743867 0.00011478 0.0262137 0.0245102 3.95449e-11 0.705854 
0.304802 0.0848594 0.000249813 0.00123686 0.0354401 1.73313e-05 0.573394 
0.0385027 0.381241 7.70408e-05 0.0252381 0.0439816 0.00504356 0.505916 
0.00644877 0.148806 1.13543e-08 0.0469755 0.00668171 0.000465689 0.790622 
0.0177262 0.0841032 1.74488e-11 0.0466941 0.0830674 0.000427268 0.767982 
0.194412 0.243213 2.5379e-06 0.011556 0.0355034 0.00105061 0.514262 
0.0119241 0.0792361 0.00010053 0.0113138 0.00231497 5.18763e-05 0.895059 
0.257253 0.326701 0.000137755 0.00108107 0.0393481 0.000122144 0.375357 
0.00976939 0.2634 9.06889e-06 0.0186867 0.0785645 2.81983e-06 0.629568 
0.00409384 0.0426046 9.31783e-05 0.0283089 9.71911e-05 1.36016e-05 0.924789 
0.0489216 0.143041 6.10105e-05 0.0531452 0.020173 0.0137925 0.720866 
0.344464 0.141475 5.64172e-05 0.0401047 0.0190012 0.00378042 0.451118 
0.143279 0.318292 0.00134537 0.0400879 0.0506691 0.00450647 0.44182 
0.00976939 0.2634 9.06889e-06 0.0186867 0.0785645 2.81983e-06 0.629568 
0.0130434 0.00996727 2.36537e-07 0.0120457 0.0146589 2.61143e-11 0.950284 
