0.0278107 0.050881 0.0269954 0.0146637 0.000501549 0.0286915 0.0673856 0.463429 0.100547 0.219095 
0.00271661 0.041931 0.000374736 0.134038 2.25661e-05 5.2953e-06 0.0118674 0.600808 0.20519 0.00304576 
0.0562359 0.11337 0.00159498 0.0124444 0.0129055 0.000251692 0.209285 0.363208 0.154851 0.0758536 
0.0592625 0.0936135 0.00523552 0.0585308 0.000239695 0.0067997 0.113189 0.393598 0.241022 0.0285086 
0.0763363 0.243862 0.000828546 0.0309887 5.74737e-05 1.25743e-05 0.0669515 0.387974 0.156695 0.0362939 
0.0463395 0.0505343 0.00609481 0.0430373 0.000233676 0.0027115 0.0456749 0.651782 0.108782 0.0448095 
0.188546 0.0334168 0.00682132 0.0102079 3.51411e-05 0.00067526 0.014073 0.564168 0.148317 0.033739 
0.0253557 0.0106321 0.0486111 0.00811473 0.000424485 0.0207054 0.0064419 0.425109 0.0539628 0.400643 
0.127774 0.238259 0.000243553 0.0303577 0.00742768 0.000514943 0.0741089 0.457491 0.0430927 0.0207312 
0.100321 0.114001 0.022478 0.0250584 0.000209651 0.00413503 0.0209344 0.359301 0.328387 0.0251747 
0.00916959 0.171057 0.000190746 0.150725 0.00211527 2.31081e-05 0.129654 0.445886 0.0880164 0.00316233 
0.0615159 0.094097 0.00565025 0.0210772 0.000125955 0.00161071 0.053478 0.592707 0.153179 0.0165596 
0.214202 0.0202956 0.00190229 0.000580025 0.000287781 9.76839e-07 0.00872991 0.519865 0.20605 0.028086 
0.112227 0.0171293 0.0224802 0.0232196 0.000300816 0.00595629 0.00505227 0.432792 0.286731 0.0941126 
0.0723177 0.212835 0.00398036 0.00980009 2.52991e-05 1.93616e-05 0.0380809 0.478997 0.137742 0.046203 
0.031169 0.0331163 0.00289473 0.00202907 1.29806e-07 4.21191e-05 0.0359127 0.513358 0.0280114 0.353466 
0.0745551 0.0612149 0.0191579 0.0320858 0.000330695 0.024351 0.0169183 0.490318 0.247443 0.0336248 
0.0540341 0.062838 0.0351283 0.0247167 0.000310625 0.0199456 0.00659407 0.428637 0.318838 0.0489573 
0.0538292 0.0331196 0.0384407 0.0308156 0.0119769 0.0465871 0.0409154 0.340511 0.099579 0.304226 
0.0206898 0.1069 0.000659177 0.0436722 3.73342e-06 1.66861e-05 0.0255606 0.586197 0.208065 0.00823599 
0.0813682 0.0354205 0.00222017 0.00910923 4.90234e-06 8.22083e-05 0.00227694 0.571777 0.260846 0.0368947 
0.0906689 0.0479628 0.000366489 0.00129347 2.2302e-07 8.36524e-08 0.0286447 0.737064 0.0353551 0.0586439 
0.0178176 0.0837345 0.000408131 0.00712876 0.0026477 1.79148e-05 0.0213535 0.595734 0.270324 0.000834381 
0.0930421 0.033255 0.0110171 0.048489 0.000387117 0.00614131 0.185027 0.520306 0.06106 0.0412755 
0.0408532 0.0415534 0.0204097 0.023372 0.00305942 0.000936819 0.0251584 0.571605 0.218027 0.0550256 
0.0917494 0.0325647 0.0358012 0.0481705 0.000139239 0.126853 0.00742895 0.370459 0.0764578 0.210375 
0.276996 0.0495003 0.00129153 0.0142153 0.00105052 0.00485559 0.0718421 0.438826 0.0649391 0.076484 
0.0303741 0.0656253 0.010757 0.0167262 0.000372489 0.0598667 0.0133976 0.469433 0.30179 0.031657 
0.163266 0.0339944 0.00697415 0.0119168 0.000204209 0.000511695 0.0354954 0.627963 0.0916902 0.0279838 
0.00554248 0.0809524 0.000155932 0.0163536 0.00409172 0.000317494 0.0565664 0.728787 0.101529 0.00570455 
0.0035467 0.123227 0.00382847 0.0191986 0.000301033 1.18836e-05 0.0575805 0.558042 0.231207 0.00305646 
0.0691716 0.0625879 0.0190773 0.0339686 0.00118391 0.00401504 0.0363806 0.574761 0.166627 0.0322268 
0.0359223 0.165671 0.00179343 0.0525082 0.0207491 0.000101949 0.0122554 0.543539 0.165007 0.00245303 
0.0388402 0.116847 4.06711e-05 0.00715722 3.06339e-05 2.94374e-06 0.00878106 0.685821 0.0872316 0.055247 
0.00782057 0.0458499 0.000956391 0.0396763 0.00157763 6.77508e-05 0.0222763 0.816694 0.0559145 0.0091668 
0.0217553 0.032671 0.0145569 0.0370609 0.000284668 0.00447196 0.0126791 0.652382 0.0900095 0.134129 
0.00544211 0.147439 0.0216863 0.006495 1.90873e-05 9.948e-05 0.146522 0.292852 0.131146 0.248299 
0.0551182 0.0516682 0.00512758 0.0297195 0.00733037 0.00298692 0.044279 0.62951 0.147976 0.0262839 
0.0105495 0.100061 0.00490901 0.00676487 3.1396e-05 0.000231765 0.0396839 0.582576 0.240048 0.0151446 
0.0300142 0.178216 0.00198719 0.00294423 0.131015 0.000356773 0.175503 0.369327 0.0973092 0.0133266 
0.115175 0.040852 0.0362886 0.0100447 0.000184245 0.023115 0.0222267 0.394195 0.30843 0.0494886 
0.0202427 0.20221 0.000919109 0.0171412 5.32374e-05 3.01542e-05 0.0214212 0.429533 0.290864 0.0175859 
0.0613712 0.208176 0.00542377 0.146735 8.67811e-07 3.96963e-08 0.286245 0.28974 1.59138e-06 0.00230612 
0.034937 0.130557 0.0163716 0.0326233 0.000126175 0.000810233 0.0141748 0.496175 0.207553 0.0666715 
0.0602896 0.0688201 0.00793745 0.0217211 0.00042913 8.72552e-05 0.178963 0.387911 0.256529 0.0173123 
0.0197526 0.111675 0.0179721 0.00330553 8.30296e-05 0.000470258 0.0597388 0.548326 0.15979 0.0788854 
0.0557122 0.0530778 0.0106263 0.0380454 0.00242976 0.0135502 0.0162205 0.42802 0.368914 0.0134039 
0.109652 0.0220762 0.0224214 0.0164646 0.000853242 0.0331584 0.043616 0.486688 0.150762 0.114309 
0.00875764 0.224989 0.00425725 0.142488 0.00578814 0.000487308 0.229109 0.266418 0.0782587 0.0394455 
0.0681961 0.017281 0.0255467 6.68601e-06 1.66493e-05 0.000575711 0.057376 0.544135 0.00274316 0.284123 
0.134587 0.0536197 0.134859 0.012007 0.000418977 0.084969 0.0361543 0.228398 0.225286 0.0897005 
0.00561749 0.112617 0.00854106 0.0384725 5.6383e-05 3.00964e-05 0.122434 0.617941 0.092144 0.00214723 
0.0934545 0.144679 0.00963813 0.0258379 0.000505511 0.00397312 0.0245616 0.305184 0.131233 0.260932 
0.0623639 0.160563 0.0112825 0.0254836 0.00260798 0.00539422 0.0876162 0.359458 0.233997 0.0512341 
0.0697228 0.082936 0.000321369 0.0160453 7.61997e-07 2.28452e-05 0.0096127 0.430435 0.388925 0.00197842 
0.0220467 0.0111369 0.0442603 0.0287919 5.20815e-05 0.0227126 0.00590998 0.377938 0.374748 0.112404 
0.0919306 0.00980893 0.0025125 0.0633849 0.000440499 0.000388245 0.0390406 0.607798 0.14888 0.0358153 
0.0179738 0.0815458 0.00774662 0.021774 0.000136048 0.00132451 0.0220404 0.728796 0.105232 0.0134315 
0.0238568 0.185352 0.0188186 0.0651619 4.98629e-06 4.49959e-05 0.149753 0.477329 0.0686543 0.0110246 
0.0125347 0.124525 0.0982168 0.0567443 0.0385914 0.0560732 0.148316 0.240219 0.0303988 0.19438 
0.0237231 0.12811 0.0652037 0.244598 0.000300578 0.00885143 0.0365591 0.255852 0.207693 0.0291095 
0.0220467 0.0111369 0.0442603 0.0287919 5.20815e-05 0.0227126 0.00590998 0.377938 0.374748 0.112404 
0.0169698 0.0667499 0.0436971 0.0549394 0.000119992 0.0132749 0.0717285 0.523321 0.0352923 0.173907 
0.092926 0.057173 0.0165229 0.0116207 0.00213291 0.000730091 0.101446 0.610642 0.087583 0.019224 
0.0978801 0.0574447 0.139219 0.0161486 0.000369425 0.00686154 0.095454 0.289052 0.227264 0.0703066 
0.0751187 0.0667996 0.00502188 0.00565242 0.062841 0.00288018 0.077629 0.58907 0.0667535 0.0482341 
0.0487609 0.0529131 0.0261081 0.0281058 0.000810086 0.0171637 0.042824 0.479174 0.252823 0.0513176 
0.296587 0.0137313 0.013905 0.0233274 0.00197707 0.00520666 0.00971601 0.404064 0.161606 0.0698795 
0.0907656 0.0855898 0.0187711 0.025032 9.6821e-05 0.00312663 0.129062 0.461785 0.144767 0.0410034 
0.103213 0.038586 0.0066523 0.00554873 8.05548e-05 0.000471261 0.00776829 0.450713 0.26775 0.119217 
0.0395082 0.07221 0.0415182 0.0111325 0.001044 0.00412251 0.0146248 0.384225 0.361377 0.0702387 
0.0129396 0.00169118 0.0452957 0.0232454 5.7679e-05 0.0251218 0.00559748 0.490736 0.00508125 0.390234 
0.0451269 0.0927192 0.00673169 0.0223453 0.000100805 0.000592677 0.0249632 0.507577 0.196482 0.103361 
0.0594276 0.0156977 0.0947464 0.0153352 0.0012323 0.0303266 0.00959889 0.410509 0.13103 0.232097 
0.0211085 0.0488306 0.00754199 0.0139162 0.00079391 0.00172257 0.0201781 0.508288 0.361663 0.015957 
0.091213 0.1618 0.0330938 0.0386499 0.000393751 0.00898239 0.102225 0.347982 0.158016 0.0576438 
0.0291487 0.0311653 0.00307061 0.0323202 0.000800494 0.00238376 0.0706172 0.696237 0.0656206 0.0686357 
0.0271748 0.0506477 5.79996e-05 0.031407 0.00344148 6.79688e-05 0.264675 0.42214 0.176224 0.0241636 
0.0298596 0.108621 0.00135043 0.0168864 0.000439963 0.000266371 0.0382399 0.402989 0.392499 0.00884775 
0.0283993 0.120206 0.00516529 0.00499404 0.0544332 0.000565041 0.0510331 0.336581 0.258079 0.140545 
0.00823557 0.00870873 0.0272769 0.00925034 3.74518e-05 0.173261 0.0137793 0.468375 0.0400062 0.251069 
0.0218409 0.0474396 0.000376182 0.022007 0.000302779 0.000142959 0.0253935 0.570275 0.309677 0.00254512 
0.0403331 0.0467295 0.00158151 0.0177561 0.000105926 0.000154635 0.226705 0.384525 0.0580048 0.224105 
0.0637432 0.0400518 0.0388072 0.0310414 0.00134418 0.00445263 0.0212032 0.577342 0.119493 0.102521 
0.0749405 0.13554 0.00997673 0.110928 0.000180269 0.000480087 0.0261742 0.325158 0.29052 0.0261021 
0.0959497 0.142271 0.00918173 0.0750705 0.00953999 0.00157922 0.0650306 0.349083 0.231804 0.0204897 
0.0675374 0.0924336 0.00183325 0.0327281 0.00265685 0.000240672 0.24156 0.430672 0.0714178 0.0589205 
0.0521657 0.0720611 0.00639607 0.0206442 0.000505007 0.0067746 0.0279126 0.527589 0.21882 0.067132 
0.0164531 0.0761442 0.00578476 0.00844654 3.71731e-05 2.41234e-05 0.040922 0.555523 0.286601 0.0100644 
0.0176241 0.0703429 0.00402694 0.0302478 0.000871943 9.52274e-05 0.089007 0.621586 0.100102 0.0660961 
0.0532331 0.111397 0.0110578 0.0270565 0.000791025 0.00765284 0.0445112 0.501364 0.133327 0.10961 
0.00779418 0.130414 0.000913946 0.0330258 8.53888e-06 0.000630922 0.134656 0.461144 0.131997 0.0994165 
0.0154533 0.0328005 0.0831271 0.00980343 0.30309 0.0338946 0.0388105 0.364188 0.0401772 0.0786555 
0.044669 0.121046 0.0021764 0.0402163 0.000204521 4.89585e-05 0.0554774 0.417134 0.314269 0.00475899 
0.0348265 0.318157 0.0014307 0.0209869 5.43775e-07 0.000147592 0.108553 0.419242 0.0436351 0.0530214 
0.0844273 0.059608 0.00872802 0.0067994 0.000199752 0.00174304 0.0924029 0.565282 0.144552 0.036258 
0.122368 0.107402 0.00908791 0.0305035 0.000319402 0.00621304 0.0465147 0.369368 0.265159 0.043065 
0.0192448 0.136357 0.0148023 0.0744305 0.000419824 0.000317032 0.0795617 0.436637 0.120586 0.117644 
0.0791206 0.0236027 0.000653512 0.000613206 0.000183808 2.71368e-07 0.268389 0.507727 0.0963302 0.0233805 
0.103169 0.0431829 0.041395 0.00946945 0.00119427 0.00127954 0.00334381 0.568397 0.191122 0.0374465 
0.0844533 0.12728 0.0055281 0.0167396 0.000189091 0.000760661 0.0987996 0.371811 0.266905 0.0275331 
0.0658964 0.0725804 0.00598301 0.0680537 1.24131e-05 0.000180401 0.0325343 0.686742 0.0594052 0.00861172 
0.158962 0.062613 0.00150231 0.024459 0.00465901 3.13202e-05 0.259718 0.391363 0.0947609 0.00193159 
0.0228014 0.169986 0.00287694 0.0906189 0.000811404 0.0145996 0.027158 0.510104 0.1455 0.0155442 
0.0992306 0.096422 0.0110824 0.00203016 4.06838e-06 0.000928355 0.0333415 0.508075 0.212095 0.0367914 
0.151903 0.0311587 0.00354953 0.00599759 4.59086e-05 0.00011036 0.0717613 0.659301 0.0359167 0.0402556 
0.0414022 0.134626 0.00213511 0.038584 5.31684e-05 1.37164e-05 0.0299638 0.594132 0.157419 0.00167079 
0.0947457 0.0432467 0.0600682 0.0204583 3.87302e-05 0.00254561 0.00882415 0.542972 0.0854109 0.14169 
0.00819761 0.0487323 0.000200894 0.00104319 2.69632e-05 1.1775e-06 0.0036681 0.865414 0.0669295 0.00578627 
0.0329362 0.0886697 0.0187233 0.0496727 0.00021807 0.00280782 0.0434335 0.598197 0.110514 0.0548275 
0.0352503 0.0872016 0.000166255 0.0533523 0.00154494 2.78971e-05 0.0356323 0.665719 0.109324 0.0117823 
0.299592 0.00707316 0.0188836 0.00922035 0.00256908 0.00125835 0.028983 0.47057 0.142675 0.019176 
0.059204 0.037602 0.00348944 0.00783795 0.000708513 0.0104902 0.0859781 0.679006 0.0849107 0.0307735 
0.00143306 0.0601741 0.00022138 0.0101481 0.00154927 2.30947e-05 0.031093 0.653459 0.236931 0.00496759 
0.0630331 0.0725185 0.0194941 0.0089762 8.07074e-05 0.000326278 0.286159 0.31615 0.171752 0.0615097 
0.131977 0.0589198 0.00326431 0.0126423 0.000167363 9.29231e-05 0.0158836 0.511795 0.247208 0.0180502 
0.0140357 0.115616 0.00399999 0.08948 0.000570048 0.00173841 0.141582 0.531936 0.0751404 0.025902 
0.0702988 0.0984543 0.0183616 0.0300828 9.78462e-05 0.00380805 0.102003 0.378821 0.203747 0.094326 
0.114592 0.0586471 0.0211578 0.0135771 0.000194365 9.3048e-06 0.00526762 0.518849 0.236645 0.0310612 
0.0289099 0.119304 0.000672531 0.0371885 0.000565381 2.50243e-06 0.0563085 0.478865 0.242112 0.0360716 
0.0414022 0.134626 0.00213511 0.038584 5.31684e-05 1.37164e-05 0.0299638 0.594132 0.157419 0.00167079 
0.0268943 0.0500923 0.000409473 0.0137361 0.00181762 0.0158404 0.0117519 0.833395 0.0318725 0.0141903 
0.00248332 0.137257 0.000301434 0.0183408 0.0021159 2.96683e-05 0.0396091 0.730288 0.0677474 0.00182799 
0.0535357 0.0159379 0.0131191 0.0225399 0.000189282 0.00274842 0.0185063 0.54386 0.320849 0.00871481 
0.0200023 0.279444 0.000125791 0.0520598 1.91678e-05 0.000102404 0.0241811 0.437805 0.185371 0.000889348 
0.195279 0.176305 0.00109874 0.0515954 0.00115286 0.00011418 0.191807 0.223163 0.155929 0.00355463 
0.0734587 0.294362 0.0087113 0.0109289 5.15175e-07 5.15444e-07 0.0933028 0.325042 0.124602 0.0695915 
0.00844268 0.0559923 9.57193e-05 0.0416248 0.000101184 2.54159e-05 0.035835 0.760658 0.0955186 0.00170585 
0.0346098 0.052267 0.0996326 0.00621311 0.00163463 0.0317981 0.131674 0.294993 0.0694655 0.277712 
0.0908505 0.0556587 0.0114674 0.0159723 0.00145228 0.0237511 0.0772919 0.374061 0.335924 0.0135712 
0.0387123 0.189965 0.0130218 0.0579216 0.000151946 0.0164595 0.0129867 0.342959 0.284849 0.0429731 
0.0877369 0.0950771 0.00709909 0.0056414 0.000416752 0.00283349 0.10379 0.381163 0.244318 0.0719246 
0.0959497 0.142271 0.00918173 0.0750705 0.00953999 0.00157922 0.0650306 0.349083 0.231804 0.0204897 
0.0490194 0.0418229 0.00575916 0.0150034 0.000283696 0.00136593 0.0192144 0.674011 0.0998388 0.0936817 
0.00169879 0.225912 1.9784e-08 0.000562402 6.37564e-08 5.04908e-07 0.223214 0.278774 2.42518e-07 0.269838 
0.0223496 0.0654611 0.00407626 0.0083607 0.000166205 0.000267081 0.00640741 0.689413 0.0613894 0.142109 
0.0507259 0.00613503 0.00271376 0.00105279 8.56257e-07 0.0075219 0.00124268 0.576481 0.166334 0.187792 
0.0407642 0.0091278 0.036297 0.0144046 0.000309259 0.0801954 0.00576418 0.490437 0.273822 0.0488785 
0.189426 0.256371 0.000706695 0.0449076 1.3751e-06 1.59546e-05 0.0696492 0.341931 0.0661184 0.0308727 
0.0107476 0.198992 0.000473446 0.0467695 0.00022359 3.96784e-05 0.138943 0.359107 0.240158 0.00454568 
0.0508298 0.0300099 0.00777912 0.0176824 0.00267279 0.00240113 0.0251098 0.770628 0.0796388 0.0132484 
0.00974328 0.064024 0.00390202 0.0280597 6.79642e-05 2.99399e-05 0.0260748 0.507879 0.355706 0.00451362 
0.0135257 0.210152 0.00683016 0.0340468 0.000393286 1.7336e-05 0.246286 0.261735 0.211025 0.0159876 
0.17949 0.0355058 0.0440656 0.00771749 0.000586638 0.0225935 0.0365288 0.393739 0.095736 0.184038 
0.017308 0.0727327 0.00574866 0.0263674 0.140588 0.00112906 0.100649 0.412504 0.17563 0.0473435 
0.198027 0.0711403 0.0159018 0.0196063 0.000590155 0.00312578 0.0254965 0.419918 0.208286 0.0379079 
0.0494099 0.102425 0.000662847 0.00604909 0.000586032 0.0245715 0.0818075 0.574191 0.12164 0.0386577 
0.116076 0.00980674 0.0349922 0.00713818 0.000271004 0.0263611 0.0173513 0.529432 0.081757 0.176815 
0.0328683 0.0451529 0.00550211 0.0231748 0.000108807 0.00142113 0.018175 0.725564 0.112858 0.0351748 
0.107598 0.0200234 0.00392083 0.0214492 0.00503796 8.33057e-05 0.0242242 0.56246 0.234966 0.0202374 
0.141198 0.0307655 0.018083 0.0157276 0.00568732 0.0126935 0.0181751 0.449443 0.113829 0.194398 
0.0945366 0.0269933 0.029175 0.0316621 0.000757984 0.0216689 0.0265584 0.422941 0.136227 0.209479 
0.147744 0.0272225 0.0173591 0.00295338 1.61559e-05 0.00140801 0.0650071 0.555462 0.0365593 0.146268 
0.151068 0.0291941 0.0121012 0.0141795 0.000126216 0.00064329 0.00386104 0.640445 0.0981267 0.0502547 
0.0586948 0.148287 0.0319625 0.0296087 0.000141739 0.00179694 0.0456039 0.29989 0.153454 0.23056 
0.0235035 0.0766759 0.000723138 0.00484833 0.0007427 1.66026e-05 0.2009 0.36707 0.312345 0.0131751 
0.0460226 0.0522437 0.00634201 0.0177151 0.000122227 0.00108511 0.088055 0.440267 0.331605 0.0165421 
0.0232068 0.0394718 0.0238935 0.00646525 0.000883344 0.00797586 0.190945 0.358198 0.0255576 0.323402 
0.129079 0.065802 0.0172053 0.0199771 0.000253563 0.00457065 0.048031 0.406657 0.0838707 0.224554 
0.172806 0.0231685 0.0166909 0.00161828 1.05211e-05 0.00317543 0.00110249 0.396653 0.371594 0.0131809 
0.037709 0.127049 0.00927118 0.0482174 6.31332e-06 0.000144867 0.0766538 0.440351 0.172742 0.0878546 
0.0642314 0.0793238 0.0452728 0.0102295 0.00179051 0.00531572 0.0487558 0.623071 0.0853758 0.036634 
0.0208851 0.109618 0.0428886 0.0752025 0.000212047 0.000376563 0.0325522 0.540385 0.144761 0.0331197 
0.00271661 0.041931 0.000374736 0.134038 2.25661e-05 5.2953e-06 0.0118674 0.600808 0.20519 0.00304576 
0.0109188 0.0588553 0.00153711 0.0281641 0.00083465 0.000201573 0.0661455 0.637667 0.18871 0.00696655 
0.0852903 0.081528 0.0243101 0.0193036 0.00112343 0.00953282 0.234613 0.310909 0.19708 0.0363088 
0.125773 0.105601 0.00571855 0.029506 0.000883496 0.00548247 0.0140281 0.46209 0.227311 0.0236069 
0.0847163 0.0336237 0.0206993 0.0249612 0.000219545 2.38527e-05 0.0174847 0.406338 0.394754 0.017179 
0.0366071 0.0705117 0.0323406 0.025132 0.00896197 0.0118803 0.0324018 0.316339 0.298721 0.167105 
0.0650614 0.0217632 0.000637594 0.0189947 0.000510904 0.000125139 0.0782357 0.792754 0.0118563 0.0100613 
0.0644818 0.0252188 0.101718 0.00734603 0.000307211 0.0219831 0.0341969 0.544959 0.114154 0.0856352 
0.0740501 0.0670805 0.00111416 0.00203731 0.000331316 1.59346e-06 0.0115339 0.545573 0.29396 0.00431799 
0.0300308 0.0641826 0.153419 0.00902448 0.0015853 0.0263633 0.149277 0.214852 0.146581 0.204686 
0.0959497 0.142271 0.00918173 0.0750705 0.00953999 0.00157922 0.0650306 0.349083 0.231804 0.0204897 
0.0470793 0.0750132 0.0344518 0.0347953 0.000225624 0.0356076 0.216525 0.354723 0.149029 0.05255 
0.0332443 0.0591592 0.0718441 0.0259017 0.00102956 0.00518568 0.0360523 0.530757 0.211201 0.0256248 
0.039827 0.0869261 0.000820417 0.0877223 0.000205952 0.0527201 0.0205242 0.560621 0.129497 0.0211362 
0.236721 0.0711604 0.0222773 0.0209742 0.000633702 0.00798655 0.0360247 0.470413 0.0826253 0.0511843 
0.0937483 0.0183614 0.0264535 0.00732752 5.16601e-05 0.225678 0.163546 0.260255 0.113283 0.0912958 
0.0171058 0.0881159 0.0191689 0.0337665 0.00124221 2.06396e-05 0.00892065 0.558805 0.242645 0.0302097 
0.0391912 0.0591063 0.0277353 0.0189931 4.73231e-05 0.00350648 0.116005 0.553318 0.151284 0.0308136 
0.0477485 0.0998731 0.00157734 0.102397 0.000306181 0.000203598 0.234538 0.299293 0.152474 0.0615895 
0.0445005 0.0075951 0.0265973 0.0161587 0.000368945 0.0581899 0.00392274 0.514065 0.14325 0.185352 
0.0392652 0.0495814 0.0114817 0.0335545 0.0109 0.105781 0.0118997 0.359241 0.321419 0.0568765 
0.0753322 0.0276553 0.0317256 0.00915299 0.00145987 0.0166773 0.00260626 0.435394 0.232856 0.167141 
0.0559311 0.0289184 0.0158738 0.0427569 0.000484686 0.0144779 0.0188983 0.386216 0.303752 0.132691 
0.0404817 0.200583 0.133634 0.023356 8.55792e-05 6.90308e-05 0.0313915 0.328531 0.201989 0.03988 
0.0232242 0.0363693 0.00999392 0.0614548 0.000133275 6.90064e-05 0.240353 0.488505 0.101259 0.0386387 
0.0421053 0.052701 0.00258381 0.0353162 0.00104166 0.0265287 0.157413 0.490682 0.0899009 0.101727 
0.0505655 0.0688449 0.00885454 0.00632912 8.42801e-08 0.00801839 0.00527339 0.355294 0.247224 0.249596 
0.0719126 0.0544929 0.0448749 0.0228179 0.0359809 0.0469312 0.0171373 0.360472 0.171378 0.174003 
0.00679883 0.0868914 0.00193346 0.0424561 6.81257e-05 1.63118e-05 0.0402587 0.417032 0.403147 0.00139796 
0.0221379 0.0474162 0.000374009 0.0218523 0.000263715 8.15645e-05 0.0241432 0.57176 0.309727 0.00224406 
0.0202207 0.0555724 0.00930626 0.00687764 8.76069e-05 0.000298911 0.00767505 0.742388 0.136054 0.0215194 
0.0437601 0.0615047 0.0581425 0.0433038 0.000398062 0.0297612 0.0251048 0.376247 0.229313 0.132465 
0.0931336 0.0214392 0.0071187 0.0293072 9.16532e-05 0.00120428 0.0283378 0.400748 0.161146 0.257474 
0.185629 0.218855 0.00990456 0.00519624 3.0454e-05 0.000562127 0.0824068 0.26512 0.0523315 0.179964 
0.105876 0.0264745 0.0177996 0.00643723 0.00121653 0.00165654 0.0689852 0.376268 0.323493 0.0717936 
0.0159336 0.0378298 0.00523635 0.0448045 0.0022687 0.00702293 0.0145347 0.701333 0.153929 0.0171079 
0.0387507 0.130782 0.0879103 0.0952544 0.000223693 0.00944009 0.122014 0.303507 0.0720513 0.140067 
0.170441 0.0579126 0.0103941 0.0227793 0.000360365 0.0154423 0.0221492 0.474275 0.129442 0.0968046 
0.111966 0.0868198 0.0168039 0.0916622 0.000484722 0.00894429 0.0494585 0.418711 0.159624 0.0555246 
0.0784668 0.0895242 0.00505209 0.0429757 7.3467e-05 7.73885e-05 0.0679745 0.416115 0.259277 0.0404641 
0.0265035 0.0727571 0.00739058 0.0107361 0.00596503 0.000671921 0.14156 0.585004 0.119526 0.0298855 
0.0918214 0.0784828 0.0102652 0.047191 0.00171937 0.00811859 0.0821443 0.455145 0.137042 0.0880703 
0.0237404 0.00404952 0.0238262 0.011518 0.000222517 0.00900693 0.00316859 0.627616 0.0250732 0.271779 
0.0775267 0.0454291 0.0147163 0.0108055 0.000184355 0.0102313 0.0191952 0.534468 0.253603 0.0338407 
0.0548538 0.095572 0.00186769 0.0110541 0.000383976 4.71058e-06 0.0148321 0.49575 0.324738 0.000943386 
0.0379789 0.0937203 0.0196196 0.0424611 0.00473335 0.00827073 0.0773328 0.491066 0.171545 0.0532719 
0.0220734 0.0104719 0.0128435 0.0263617 0.000229646 0.0373795 0.00482413 0.594329 0.0616035 0.229884 
0.0666519 0.0502551 0.0510549 0.0191125 0.000715143 0.00153833 0.209364 0.426742 0.102692 0.0718735 
0.0300505 0.0267762 0.0184185 0.0214383 0.000593139 0.0169682 0.139713 0.408076 0.0302746 0.307692 
0.045918 0.041822 0.0188871 0.0127746 0.000298801 0.00411443 0.0229767 0.717957 0.118383 0.0168677 
0.00289238 0.13684 0.000266471 0.145015 0.00367564 0.00028496 0.126673 0.483235 0.0828706 0.0182464 
0.0706118 0.05256 0.00892605 0.0261683 0.000378811 0.000114065 0.0173751 0.518427 0.212454 0.0929848 
0.102773 0.0850206 0.0116243 0.0353971 0.000717149 0.002218 0.0460651 0.511485 0.177057 0.0276429 
0.0155797 0.0774235 0.00147533 0.0117268 0.000177522 0.00738803 0.0424968 0.691434 0.130648 0.0216499 
0.0131621 0.00334463 0.000876142 0.000157706 0.000301262 3.7047e-05 0.0179083 0.548395 0.00133529 0.414483 
0.0176241 0.0703429 0.00402694 0.0302478 0.000871943 9.52274e-05 0.089007 0.621586 0.100102 0.0660961 
0.0455497 0.0315201 0.0206423 0.0420038 7.90546e-06 6.85943e-06 0.323159 0.413628 0.0470946 0.0763882 
0.0366309 0.0599801 0.0879148 0.0442395 0.000252739 0.0087004 0.107103 0.326233 0.289474 0.0394708 
0.0153006 0.0365472 0.000768681 0.0611616 0.0053864 2.76153e-05 0.019315 0.491447 0.364646 0.0054002 
0.0560785 0.260838 0.00569974 0.0140897 0.00326087 3.49175e-05 0.197891 0.38886 0.0636269 0.00962093 
0.0610563 0.0514986 0.0704868 0.000391404 2.45627e-05 0.00381907 0.104729 0.345401 0.321151 0.0414428 
0.168062 0.0702315 0.00494535 0.00423422 0.000154494 0.0027271 0.0478568 0.613227 0.0614279 0.0271329 
0.365379 0.00330073 0.0217648 0.0050221 0.000525632 0.0197385 0.0053523 0.464564 0.079126 0.0352271 
0.0357651 0.239043 0.0197113 0.0121444 7.75167e-06 9.29779e-05 0.222664 0.377111 0.0797262 0.0137352 
0.057857 0.0799805 0.0455051 0.0263717 0.000732801 0.0044705 0.0222729 0.422576 0.286789 0.053444 
0.0430826 0.122819 0.0359064 0.0225555 0.000767854 0.0237133 0.24965 0.277367 0.0927215 0.131417 
0.146546 0.0282411 0.0113863 0.00906346 0.000354129 0.0764203 0.0179648 0.503732 0.13869 0.0676023 
0.0407642 0.0091278 0.036297 0.0144046 0.000309259 0.0801954 0.00576418 0.490437 0.273822 0.0488785 
0.0681902 0.131883 0.06524 0.0128752 0.000660767 0.0230407 0.0825888 0.293499 0.0917455 0.230276 
0.0870909 0.0588698 0.035633 0.0794986 0.00328811 0.0184556 0.100625 0.398045 0.158377 0.0601172 
0.0660809 0.0633131 0.015519 0.00754304 2.58694e-05 0.000398324 0.027873 0.556975 0.186228 0.0760432 
0.0157196 0.0253862 0.112101 0.0137204 0.000935402 0.0635141 0.253148 0.266159 0.0438251 0.205491 
0.17508 0.166587 0.0134694 0.0312475 0.000775403 0.00539339 0.00941802 0.31771 0.239455 0.0408647 
0.0515603 0.0332908 0.142568 0.0259448 0.000367399 0.0378868 0.0408448 0.313856 0.0912733 0.262408 
0.0411542 0.0101488 0.107533 0.00630528 0.000339668 0.017281 0.00579114 0.496877 0.100377 0.214193 
0.0176467 0.0353415 0.00308675 0.0283609 0.00313577 0.000211262 0.0977071 0.562569 0.243235 0.00870561 
0.0274144 0.148768 0.0110113 0.0815022 0.000156223 0.00207268 0.0139766 0.403283 0.280409 0.0314067 
0.0739971 0.237292 0.0263312 0.0236108 0.000625924 0.00198843 0.132997 0.387173 0.0847617 0.0312225 
0.0101981 0.0307531 0.00807839 0.0156999 0.00115565 0.000377289 0.00945498 0.846353 0.0654941 0.0124351 
0.107434 0.00574415 0.00618784 0.0123989 0.00036305 0.000723703 0.02419 0.717244 0.102614 0.0230997 
0.0578728 0.126769 0.00383992 0.0234124 0.000101306 0.000157141 0.0995455 0.519469 0.128003 0.0408303 
0.0561527 0.0609236 0.00404878 0.011635 8.8472e-05 0.000306408 0.00510041 0.605897 0.118502 0.137346 
0.0137808 0.0325014 0.0858538 0.0417616 0.00318169 0.00262697 0.0323234 0.433999 0.329803 0.0241687 
0.0113477 0.0264594 0.000693754 0.0139226 3.29532e-05 8.24712e-06 0.0017001 0.762379 0.166152 0.017304 
0.0441582 0.0601382 0.000368318 0.0290743 3.77266e-07 3.99913e-05 0.00892363 0.400849 0.379444 0.0770044 
0.310367 0.0178157 0.00267913 0.0121715 0.000196589 0.000719907 0.0186756 0.412699 0.11264 0.112036 
0.185237 0.0189256 0.0318701 0.0279081 0.00317688 0.0574991 0.0305097 0.325165 0.140242 0.179467 
0.0783072 0.0904275 0.00392194 0.0572551 0.000897135 0.0110407 0.022967 0.529972 0.176828 0.0283828 
0.0414803 0.0540914 0.048522 0.0481422 0.00100606 0.0270356 0.030221 0.39038 0.0711689 0.287952 
0.03084 0.255153 0.00293745 0.0998664 0.00127105 5.40619e-06 0.194839 0.278264 0.132816 0.00400758 
0.302024 0.0612121 0.0109445 0.012374 0.000871161 0.00755924 0.0292081 0.305142 0.235791 0.0348747 
0.0414294 0.0305448 0.0323513 0.0336807 0.000109613 0.0377979 0.0103155 0.631185 0.0858718 0.0967137 
0.0249358 0.144998 0.00692523 0.043369 0.00408951 0.000209534 0.0712867 0.468003 0.211216 0.0249676 
0.0482982 0.0609742 0.00890002 0.0236834 0.000157276 0.0142774 0.0586788 0.389173 0.372376 0.0234821 
0.0143603 0.0458108 0.000825693 0.0449121 9.92582e-05 1.39323e-05 0.0163392 0.719689 0.103752 0.0541973 
0.0202427 0.20221 0.000919109 0.0171412 5.32374e-05 3.01542e-05 0.0214212 0.429533 0.290864 0.0175859 
0.0123588 0.277592 0.00111546 0.0511271 0.000220913 0.000380536 0.267028 0.281879 0.0989665 0.0093314 
0.147476 0.0840236 0.000738542 0.0112167 1.32644e-10 0.000206967 0.116849 0.350905 0.00733283 0.281251 
0.163362 0.0272967 0.00595494 0.0108067 0.000456379 0.0780339 0.0103151 0.497193 0.201475 0.0051074 
0.250875 0.0366003 0.037157 0.00574575 0.000884425 0.0128908 0.098191 0.348287 0.122553 0.0868148 
0.183781 0.043059 0.0279864 0.024659 0.00105319 0.0156252 0.0459857 0.420979 0.17303 0.0638421 
0.126624 0.0548858 0.142988 0.0404123 0.000192261 0.0314248 0.0657211 0.335226 0.12595 0.0765752 
0.0587686 0.0242114 0.0591608 0.0164758 0.000238028 0.0139276 0.0224514 0.698789 0.0352208 0.0707568 
0.151071 0.0193459 0.00204891 0.00117 0.000139251 0.000528524 0.0281615 0.408051 0.0416738 0.34781 
0.0158373 0.264383 0.0112789 0.0625716 0.000261969 8.02568e-05 0.0550688 0.389534 0.180787 0.0201969 
0.0383323 0.0138159 0.0136573 0.000338551 5.41149e-05 0.00749039 0.157001 0.606827 0.0794666 0.0830164 
0.126749 0.0691838 0.0185516 0.00806883 0.000122308 0.0920541 0.0727825 0.400143 0.191725 0.0206195 
0.0370803 0.115725 0.00272693 0.0474664 0.002805 5.39446e-05 0.0296284 0.39617 0.352676 0.0156687 
0.24403 0.019131 0.0257296 0.0213065 0.000263639 0.00697413 0.0191948 0.485486 0.0610849 0.1168 
0.169139 0.155063 0.000499115 0.0252106 0.0531655 3.23248e-06 0.0527004 0.330823 0.212786 0.000610299 
0.0668634 0.0567298 0.108452 0.0267546 0.000460977 0.00828345 0.0479538 0.3655 0.173909 0.145093 
0.0462829 0.138765 0.0010012 0.0238386 0.00239237 3.12095e-05 0.135356 0.386541 0.263889 0.00190312 
0.025428 0.0061635 0.000600733 0.000171311 2.12286e-09 5.24049e-06 0.0707214 0.635502 0.155488 0.10592 
0.0151883 0.0507734 0.00103372 0.0250052 0.000290597 0.000173571 0.00648091 0.76346 0.131146 0.00644776 
0.239903 0.0247844 0.00732823 0.0103783 0.141615 0.00518645 0.110739 0.259879 0.129133 0.0710531 
0.00695321 0.0528605 0.000250691 0.0100758 0.000613411 1.69767e-05 0.0133415 0.848348 0.0475772 0.0199627 
0.304662 0.040461 0.00913727 0.0411636 0.000708799 0.00439414 0.021434 0.388922 0.104192 0.0849249 
0.15343 0.0125054 0.0492835 0.00366153 1.45389e-05 0.225727 0.0727633 0.276872 0.0710802 0.134662 
0.141725 0.1525 0.0129577 0.0305653 0.00853726 0.0060604 0.0965239 0.258279 0.184783 0.108068 
0.0239575 0.0205473 0.0886385 0.00706751 0.000299835 0.0525891 0.0100243 0.573083 0.170541 0.0532518 
0.0106779 0.11559 0.000681305 0.0101235 7.51915e-05 1.33346e-05 0.214134 0.449113 0.176353 0.0232392 
0.181893 0.0826517 0.0195761 0.0210479 0.000449248 0.00501388 0.0262453 0.376643 0.134557 0.151923 
0.177819 0.0952674 0.00482319 0.00713249 0.000101982 0.000798133 0.0200024 0.456341 0.189835 0.0478797 
0.0187494 0.0590541 0.00152999 0.0223796 0.00149026 0.00473796 0.089323 0.400633 0.393807 0.00829553 
0.163362 0.0272967 0.00595494 0.0108067 0.000456379 0.0780339 0.0103151 0.497193 0.201475 0.0051074 
0.130579 0.011093 0.0270074 0.015263 0.000340871 0.0111584 0.01501 0.511764 0.211618 0.0661658 
0.0811313 0.0497285 0.00575982 0.0186668 0.000871384 0.00279025 0.230728 0.370739 0.208173 0.0314108 
0.113524 0.145085 0.0014356 0.0116043 0.000139293 0.0354272 0.0444345 0.397585 0.232221 0.0185449 
0.0433652 0.0243376 0.00703855 0.014086 0.000505991 0.0133471 0.0387495 0.654834 0.04061 0.163126 
0.101469 0.0328656 0.010002 0.00847658 0.000350738 0.0116016 0.0201055 0.610805 0.152373 0.0519509 
0.00933008 0.266994 0.000141686 0.0559415 1.49422e-08 7.43626e-06 0.0186848 0.505078 0.143525 0.000297412 
0.108033 0.0730063 0.00178209 0.0206637 0.00036802 2.44143e-05 0.0553187 0.523147 0.198151 0.0195051 
0.0190426 0.0433673 0.0661917 0.063702 2.42247e-07 0.143608 0.0255438 0.332193 0.0330745 0.273277 
0.0803128 0.0527439 0.16359 0.0163699 0.00174798 0.0141737 0.0253117 0.424893 0.145499 0.0753574 
0.0801732 0.0238095 0.00127271 0.0206875 0.0004392 3.08522e-05 0.0312994 0.757632 0.0555068 0.0291492 
0.0294902 0.0175906 0.0268129 0.0118317 0.000728182 0.0074217 0.0578396 0.47389 0.0718717 0.302523 
0.112137 0.040805 0.017968 0.0106903 0.0127874 0.00986788 0.192264 0.252832 0.213033 0.137615 
0.0448316 0.0909444 0.00415592 0.0303027 0.000519528 0.00120829 0.0291712 0.68117 0.0709036 0.0467923 
0.0386101 0.0824666 0.00159263 0.0341024 0.000756789 7.935e-05 0.0417673 0.658746 0.0498527 0.0920266 
0.0706824 0.121386 0.00710091 0.0678012 0.000379098 0.00130544 0.0384457 0.441048 0.208297 0.0435541 
0.0353478 0.0438179 0.00948622 0.0170861 0.000273785 0.0109189 0.0264734 0.59792 0.0903416 0.168335 
0.103805 0.115479 0.0176043 0.0330775 0.0012849 0.00493497 0.0368442 0.360078 0.278652 0.0482399 
0.0382527 0.17106 0.00170434 0.0193436 0.000463442 6.20569e-05 0.152119 0.465203 0.138336 0.0134555 
0.00900429 0.0481624 0.0864957 0.0288233 0.00353468 0.00712916 0.261862 0.421127 0.0762889 0.0575728 
0.0333574 0.05638 0.00644726 0.044299 0.000221637 0.00118516 0.0293514 0.399725 0.35448 0.0745531 
0.0937483 0.0183614 0.0264535 0.00732752 5.16601e-05 0.225678 0.163546 0.260255 0.113283 0.0912958 
0.0528586 0.266294 0.00333521 0.0218334 8.52371e-05 0.000107425 0.15784 0.294903 0.193463 0.0092804 
0.0725169 0.0602519 0.0077174 0.0261028 0.0035027 0.000242467 0.236986 0.355105 0.232787 0.00478823 
0.0290044 0.200533 0.0115447 0.0871558 5.05241e-05 2.58548e-05 0.105904 0.376571 0.183898 0.00531281 
0.180583 0.0439601 0.0138673 0.0401822 0.000575608 0.00632595 0.00941772 0.525113 0.150737 0.0292374 
0.0720546 0.0791342 0.0262558 0.0353351 0.0429684 0.0169371 0.0739625 0.404361 0.157609 0.0913827 
0.016843 0.0835898 0.00864491 0.0128352 0.000475781 0.0053966 0.113199 0.455704 0.0324017 0.27091 
0.0189515 0.0525388 0.0412969 0.0489713 4.14867e-05 0.185577 0.150757 0.282114 0.0657952 0.153957 
0.0208567 0.0585552 0.0505452 0.0379065 0.000188512 0.0057029 0.0167618 0.690197 0.0828287 0.0364579 
0.203765 0.0309443 0.0199199 0.00435382 0.000666717 0.0906836 0.0197443 0.228119 0.183743 0.218061 
0.247156 0.157973 0.00542296 0.0533987 0.000173429 0.000277391 0.0119807 0.447008 0.0680881 0.00852176 
0.130579 0.011093 0.0270074 0.015263 0.000340871 0.0111584 0.01501 0.511764 0.211618 0.0661658 
0.0464154 0.0408741 0.0128785 0.0136819 0.000557226 0.00359291 0.0217692 0.616029 0.198729 0.0454727 
0.151903 0.0311587 0.00354953 0.00599759 4.59086e-05 0.00011036 0.0717613 0.659301 0.0359167 0.0402556 
0.0404382 0.11409 0.0661811 0.151887 0.000237024 0.0114486 0.0876284 0.223198 0.219122 0.0857694 
0.0167907 0.196448 0.00188172 0.0294106 4.37719e-05 8.87322e-05 0.214952 0.372019 0.147703 0.020663 
0.0103102 0.0534048 0.00450398 0.0126113 0.000104424 0.000664978 0.0221999 0.655935 0.23533 0.00493605 
0.0331604 0.0618256 0.0117023 0.0107271 9.70466e-05 9.18599e-05 0.0152667 0.644198 0.202423 0.020508 
0.0525579 0.063677 0.00480707 0.0838397 8.46652e-05 0.0102861 0.0137358 0.588142 0.0781731 0.104697 
0.00721934 0.150666 0.000593697 0.0654844 0.00357574 1.40038e-05 0.0183603 0.642041 0.107307 0.00473801 
0.0474326 0.113623 0.00468497 0.0333173 0.00440672 0.0082366 0.280188 0.366981 0.0728181 0.0683118 
0.133644 0.0976334 0.00028062 0.00831024 6.96919e-08 3.11822e-06 0.300313 0.38025 0.0620951 0.0174698 
0.148554 0.0463006 0.017024 0.035861 0.0352545 0.0222376 0.149996 0.356214 0.103128 0.0854305 
0.0398074 0.0859984 0.0184647 0.0106455 0.000274453 0.0048777 0.0263268 0.671464 0.112771 0.0293692 
0.033216 0.310798 0.000366365 0.107486 0.00084383 5.84302e-06 0.0218265 0.313489 0.209075 0.00289407 
0.189744 0.0803749 0.00942986 0.0251431 0.000445627 0.00152063 0.0098346 0.493255 0.166686 0.0235665 
0.00239441 0.272552 0.000305334 0.225196 0.00885136 7.53004e-05 0.0941873 0.319249 0.07719 4.78591e-09 
0.0069165 0.102543 0.000411698 0.0622779 0.0185879 9.44294e-05 0.0587104 0.63478 0.106021 0.00965726 
0.0247574 0.103392 0.00342328 0.0380882 0.000172547 0.00250822 0.092933 0.518386 0.183113 0.0332272 
0.131795 0.0505269 0.0462934 0.101758 0.00080931 0.0214451 0.0335009 0.295692 0.232663 0.0855166 
0.0876324 0.107411 0.0393999 0.0949806 0.000514862 0.00583637 0.0133043 0.413769 0.211406 0.0257447 
0.047944 0.028431 0.00287929 0.00192018 0.000120312 0.000498086 0.00827512 0.683743 0.178823 0.0473656 
0.123402 0.0379703 0.00889578 0.0117194 0.000446082 0.000244796 0.0046601 0.666288 0.133863 0.0125102 
0.139108 0.0154517 0.0322481 0.00855853 0.0027046 0.0274566 0.0352489 0.501234 0.208819 0.0291711 
0.0228453 0.0681183 0.0425595 0.0472974 0.000176019 0.0152237 0.0275206 0.631666 0.0987508 0.0458424 
0.0458402 0.0466136 0.0216913 0.0678802 0.000837153 0.0133463 0.0104598 0.531746 0.146446 0.115139 
0.136005 0.0811756 0.00837895 0.102072 0.00216292 0.00153223 0.19599 0.324945 0.136431 0.0113068 
0.165122 0.157436 0.0145316 0.0297415 0.00041687 0.0108546 0.0134759 0.368235 0.127101 0.113086 
0.043333 0.0125709 0.000784078 0.012173 0.000296001 0.000748336 0.137347 0.593265 0.181725 0.0177571 
0.087145 0.153976 0.00455811 0.0266543 7.8419e-05 0.00667968 0.0506118 0.46487 0.0840141 0.121413 
0.0348293 0.0187848 0.0706258 0.0312668 0.00257316 0.0292759 0.038163 0.391671 0.0536995 0.329111 
0.0396176 0.0714044 0.0334334 0.0457194 0.00884996 0.0119121 0.164431 0.375034 0.195542 0.0540567 
0.0470426 0.124444 0.0416678 0.00208601 0.000122 0.0103148 0.0331159 0.319402 0.232757 0.189048 
0.0188514 0.0264216 0.00114292 0.00801347 1.82535e-05 6.5565e-05 0.144344 0.625352 0.157158 0.0186327 
0.0551167 0.0515304 0.176739 0.00599737 5.02642e-05 0.0257427 0.163562 0.229035 0.217825 0.0744017 
0.0526141 0.0797827 0.0130266 0.00777704 0.00050885 0.00208993 0.0412465 0.51115 0.26384 0.0279637 
0.137481 0.0410281 0.0256787 0.0119097 0.00995452 0.00415466 0.0128596 0.35471 0.352652 0.0495721 
0.00697868 0.290603 0.010217 0.0149685 0.000121544 4.28404e-05 0.196011 0.376984 0.0997284 0.00434481 
0.0459175 0.0545813 0.000377666 0.0561886 0.000265594 0.000310921 0.0603467 0.43585 0.0785477 0.267613 
0.0508572 0.0834143 0.00829708 0.0209788 0.000440837 0.000271582 0.0254684 0.447047 0.298607 0.0646178 
0.0369576 0.302178 0.00833263 0.00764368 1.21648e-05 3.13939e-05 0.00707812 0.330391 0.285595 0.0217806 
0.206614 0.0277707 0.00539651 0.0476327 0.000515062 0.000356999 0.0211982 0.508144 0.155381 0.0269907 
0.0455275 0.149092 0.0249111 0.012029 0.00293314 0.005039 0.204446 0.328672 0.0537596 0.17359 
0.134728 0.0422691 0.0134474 0.0166696 0.000825167 0.00455157 0.0246315 0.483289 0.083455 0.196134 
0.012125 0.0899651 0.0196617 0.0557077 0.000100336 0.0472476 0.105091 0.400269 0.236267 0.0335653 
0.100882 0.0496492 0.0173467 0.0290261 0.000187086 0.175608 0.0786206 0.273682 0.119568 0.155429 
0.0807302 0.0526071 0.0192316 0.0350829 0.0693507 0.00774177 0.0671023 0.409872 0.169191 0.0890906 
0.0999246 0.113186 0.0189461 0.0111536 0.00095055 0.00430986 0.0454038 0.445419 0.192249 0.0684575 
3.19774e-05 0.081253 6.55416e-09 3.25439e-09 2.11216e-08 1.05165e-05 0.0870129 0.831642 1.75481e-05 3.2466e-05 
0.173421 0.149949 0.0511028 0.00773573 0.00310713 0.00833154 0.0642034 0.40651 0.07941 0.0562287 
0.0303178 0.039002 0.00950584 0.0308182 0.000317584 0.00949782 0.0146489 0.643287 0.0593043 0.1633 
0.0752127 0.0836961 0.00256049 0.0371072 0.000163891 0.00214675 0.145108 0.433679 0.209003 0.011323 
0.0632744 0.108436 0.0422203 0.0148902 0.000294137 0.0184045 0.0167051 0.363422 0.109331 0.263022 
0.0524376 0.0481091 0.0132822 0.0399761 0.000481149 0.000829945 0.0280297 0.573501 0.178157 0.0651959 
0.012183 0.0188239 0.0133048 0.00999411 0.000555258 0.00310139 0.021668 0.71305 0.0386193 0.1687 
0.107699 0.0702591 0.0497253 0.0581094 0.00125626 0.0204944 0.0576267 0.447756 0.114821 0.0722521 
0.0728491 0.0188922 0.00211905 0.00676608 5.30982e-06 0.00224748 0.0143958 0.482866 0.189761 0.210098 
0.0823445 0.00314519 0.00172179 0.00140245 0.000740484 0.000195859 0.0315154 0.60598 0.00336273 0.269591 
0.0645157 0.035558 0.0220367 0.0115514 0.0111531 0.110028 0.0963964 0.245877 0.193807 0.209077 
0.0675682 0.0269242 0.00358852 0.0118052 0.00257389 0.000115932 0.0340472 0.620746 0.170662 0.0619698 
0.0437313 0.0952485 0.000213502 0.00739513 1.44613e-07 2.41499e-06 0.183377 0.420851 0.2379 0.0112812 
0.0633587 0.079919 0.0207405 0.103005 0.00117549 0.00116459 0.0710851 0.362934 0.221439 0.0751788 
0.0808163 0.115455 0.000642556 0.0418391 1.57968e-06 7.23281e-08 0.121458 0.410169 0.174904 0.0547136 
0.0672645 0.0662775 0.00672991 0.0277381 0.00118933 0.0136929 0.0330488 0.435506 0.324158 0.0243942 
0.0530771 0.099874 0.0226284 0.0431293 0.00111108 0.0160247 0.0584761 0.337508 0.303367 0.0648041 
0.0275975 0.0497736 0.00358157 0.0239451 0.000227613 0.000539132 0.0189008 0.5869 0.265156 0.0233783 
0.0345521 0.039027 0.013023 0.00591946 0.000106453 0.0426033 0.0179735 0.553493 0.11242 0.180883 
0.0921529 0.0165707 0.0147615 0.00582261 9.6476e-05 0.00100705 0.00771582 0.710971 0.106863 0.0440399 
0.201021 0.0236461 0.00243582 0.00591668 0.000178702 0.00289135 0.0254207 0.440333 0.118447 0.17971 
0.0188944 0.167952 0.000656883 0.0753253 0.000170499 3.97198e-05 0.0373139 0.579352 0.10017 0.0201242 
0.00795301 0.10771 0.000872217 0.0423246 0.000608408 0.000141123 0.0407876 0.562038 0.112372 0.125193 
0.0250862 0.0952687 0.13852 0.0807461 0.000874896 0.0165102 0.0387001 0.361607 0.21053 0.0321577 
0.0838071 0.0288099 0.029338 0.0195947 0.000147429 0.00757296 0.00467567 0.605496 0.075226 0.145332 
0.158776 0.00206408 0.00120844 4.69543e-05 1.0143e-05 3.32987e-05 0.0194242 0.39569 0.0369155 0.385832 
0.0240551 0.0865259 0.00780023 0.00852249 5.67942e-08 0.00283725 0.259883 0.367706 0.187398 0.055272 
0.0241309 0.0361029 0.000964676 0.0020825 5.48033e-05 2.52251e-05 0.0624617 0.812799 0.051591 0.00978784 
