0.000214348 0.0107884 0.538744 0.000309626 0.225356 0.0641289 4.43187e-05 0.0134081 0.0104416 0.136565 
7.95855e-05 0.0225216 0.406671 0.00333801 0.330959 0.0524049 1.92743e-05 0.00585936 0.139946 0.0382022 
0.00011113 0.0258919 0.383804 0.0106861 0.260235 0.0342246 0.00250734 0.00541674 0.0140395 0.263083 
0.000746876 0.00817819 0.570566 0.00239567 0.0505894 0.101568 2.05238e-05 0.00410825 0.155857 0.10597 
3.74784e-07 0.272932 0.527894 0.00459278 0.0438959 0.0357123 0.0207803 0.00296922 0.0867245 0.00449881 
7.24184e-09 0.00490599 0.590302 0.0518051 0.0929492 0.0852304 0.000160986 0.0164418 0.0347434 0.123461 
1.04876e-06 0.0024684 0.749244 0.00261173 0.0298047 0.0730499 2.20564e-05 0.00970372 0.0100945 0.123 
0.0334018 0.00905546 0.40817 0.040611 0.127874 0.0514384 0.000181505 0.0228692 0.125171 0.181228 
1.4892e-06 0.0256276 0.432852 0.000628105 0.213747 0.062052 4.59199e-06 0.00526963 0.00271245 0.257105 
5.64114e-05 0.00939092 0.642617 5.68179e-05 0.192206 0.018356 3.98902e-05 1.02436e-06 0.0687611 0.0685143 
8.46633e-12 0.0029715 0.99201 0.00134763 9.10998e-11 0.00153976 0.000658428 7.38471e-08 0.0014589 1.41855e-05 
0.0459806 0.0305779 0.402212 0.0775034 0.112146 0.0351342 4.22222e-05 0.068961 0.0897784 0.137664 
8.46633e-12 0.0029715 0.99201 0.00134763 9.10998e-11 0.00153976 0.000658428 7.38471e-08 0.0014589 1.41855e-05 
1.32014e-05 0.0175493 0.417831 0.0102584 0.114568 0.0593133 8.29132e-05 0.00320794 0.00204103 0.375136 
0.00126702 0.0215562 0.675426 0.0020344 0.107292 0.0627711 0.000653945 0.00878933 0.0078985 0.112311 
8.67952e-07 0.00288526 0.707253 0.000113885 0.0038719 0.00707489 2.33878e-07 0.0010127 0.264172 0.0136149 
1.8813e-06 0.0163665 0.690254 0.0169633 0.0625804 0.0313987 3.98869e-05 0.0319227 0.0217098 0.128763 
2.19746e-06 0.000864106 0.582957 0.00187558 0.176469 0.0167227 0.000462346 0.0033095 0.00113324 0.216204 
8.46633e-12 0.0029715 0.99201 0.00134763 9.10998e-11 0.00153976 0.000658428 7.38471e-08 0.0014589 1.41855e-05 
8.22391e-06 0.00213007 0.740714 0.000196981 0.0657009 0.00559652 9.04736e-06 0.0336274 0.00339887 0.148617 
8.46633e-12 0.0029715 0.99201 0.00134763 9.10998e-11 0.00153976 0.000658428 7.38471e-08 0.0014589 1.41855e-05 
1.68261e-07 0.0962009 0.328101 0.00311065 0.173485 0.0342932 0.000283176 0.00336136 0.0688801 0.292285 
0.000163082 0.000920588 0.352445 0.00122526 0.132631 0.0934357 0.000375234 0.00552031 0.230009 0.183276 
0.000401819 0.0071251 0.755523 0.000139367 0.10629 0.000465765 0.000194015 3.8218e-08 0.0508151 0.0790454 
0.00021758 0.00277267 0.640656 0.00172062 0.180824 0.0232901 7.22703e-05 0.00498206 0.105374 0.04009 
3.51698e-06 0.0155088 0.489058 0.00162076 0.105644 0.0905647 3.65117e-05 0.000194511 0.000908554 0.29646 
1.13775e-06 0.00347941 0.485767 0.000658806 0.274621 0.0365079 0.000941535 0.00883871 0.0829916 0.106193 
4.80631e-10 0.0051184 0.343322 0.0164513 0.170795 0.118181 0.000487485 0.0118847 0.00973216 0.324028 
0.000121311 0.0115001 0.372555 0.0140785 0.260144 0.0369228 0.0031146 0.00789857 0.0760215 0.217644 
9.34566e-05 0.0522692 0.501141 0.00347503 0.233386 0.0686581 0.00130287 0.000710067 0.0642533 0.0747108 
0.000163829 0.108232 0.638149 1.51373e-05 0.142555 0.00114331 2.6549e-08 0.00605517 0.00666452 0.0970226 
4.51272e-06 7.98515e-05 0.443235 0.000163662 0.346996 0.0338967 1.25845e-06 0.00194974 0.0887632 0.0849095 
4.10296e-05 0.00262288 0.873305 0.000856939 0.0312404 0.0166083 4.37532e-05 0.00550887 0.0299282 0.039845 
1.12139e-05 3.35114e-06 0.861118 0.000170451 0.0420263 0.00130241 1.14667e-08 0.00259697 0.00195827 0.0908132 
4.71227e-05 0.0121722 0.770157 0.00372528 0.0475956 0.00390162 0.000577933 0.00519503 0.0234318 0.133196 
4.28617e-06 0.0414393 0.522011 0.00049189 0.262165 0.0882328 2.68175e-06 0.0735235 0.00912072 0.0030089 
0.000128644 0.0280771 0.26532 0.00059011 0.0191543 0.145509 0.000158874 0.169574 0.121557 0.249931 
8.46633e-12 0.0029715 0.99201 0.00134763 9.10998e-11 0.00153976 0.000658428 7.38471e-08 0.0014589 1.41855e-05 
4.57353e-05 0.0317766 0.461518 0.00808401 0.246199 0.038063 0.000139125 0.0529701 0.0694403 0.0917637 
0.000283612 0.00193154 0.498374 0.000504459 0.33333 0.00376717 4.39815e-05 0.00463984 0.00703372 0.150091 
8.46633e-12 0.0029715 0.99201 0.00134763 9.10998e-11 0.00153976 0.000658428 7.38471e-08 0.0014589 1.41855e-05 
0.00243211 0.0192802 0.501246 0.00202728 0.42439 0.0136908 0.00994229 0.000975901 0.00425228 0.021763 
8.46633e-12 0.0029715 0.99201 0.00134763 9.10998e-11 0.00153976 0.000658428 7.38471e-08 0.0014589 1.41855e-05 
0.00192791 0.0066706 0.562967 0.00284015 0.220751 0.0299942 1.14063e-05 0.00816179 0.0487175 0.117959 
6.05477e-06 0.0244719 0.407586 0.0151658 0.151337 0.0537974 0.000184362 0.00379144 0.0333584 0.310302 
1.66351e-05 0.00634822 0.435603 0.0489661 0.0968675 0.139413 1.53371e-05 0.00352742 0.00970167 0.259541 
0.00187337 0.000137959 0.829283 7.78585e-07 3.50507e-06 1.71737e-06 6.48176e-09 8.64689e-07 0.00162868 0.16707 
9.6041e-07 0.021569 0.337067 0.00482643 0.161213 0.0959341 0.0209526 0.00114847 0.174301 0.182988 
1.25376e-05 0.0083093 0.418312 0.00078819 0.194637 0.0268143 0.00567992 0.00297511 0.0351062 0.307365 
1.68261e-07 0.0962009 0.328101 0.00311065 0.173485 0.0342932 0.000283176 0.00336136 0.0688801 0.292285 
0.000103547 0.0258114 0.67765 0.00666425 0.0629756 0.0350479 0.005543 0.0304502 0.0162433 0.139511 
8.46633e-12 0.0029715 0.99201 0.00134763 9.10998e-11 0.00153976 0.000658428 7.38471e-08 0.0014589 1.41855e-05 
0.0288375 0.030243 0.477934 0.00648064 0.134357 0.0685313 0.000201669 0.00793894 0.160153 0.0853226 
0.00033068 0.0189474 0.286875 0.00105771 0.26722 0.105938 0.00144573 0.0063876 0.120041 0.191757 
5.68508e-08 0.000451665 0.791069 0.0217185 0.119313 0.00896512 1.96575e-05 0.000446921 0.000151449 0.0578649 
4.85326e-06 0.00326243 0.517384 4.41803e-05 0.217277 0.00158683 3.68118e-05 0.0821859 0.0231201 0.155098 
0.00558869 0.0194627 0.351034 0.0223474 0.123859 0.0812571 4.69548e-05 0.00200232 0.145994 0.248408 
0.000101603 0.0383805 0.497056 0.00607205 0.13313 0.103329 0.00828311 0.0227451 0.0630913 0.127811 
8.46633e-12 0.0029715 0.99201 0.00134763 9.10998e-11 0.00153976 0.000658428 7.38471e-08 0.0014589 1.41855e-05 
0.000183719 0.00318403 0.478342 9.30476e-05 0.11217 0.00245893 1.67274e-06 0.00331541 0.035053 0.365199 
7.635e-06 0.00371448 0.716905 0.0138113 0.0647714 0.0606882 5.51996e-05 0.0325739 0.00255125 0.104922 
8.04702e-10 0.015096 0.611391 0.00147642 0.287001 0.0159495 0.016331 0.00181768 0.00986608 0.041072 
7.03853e-05 0.0431616 0.342378 2.0086e-05 0.27073 0.0366781 6.2825e-05 0.0554005 0.0303173 0.221181 
1.36822e-07 0.00356448 0.771466 0.000447817 0.109577 0.00882446 1.38114e-06 0.000127929 0.000417648 0.105574 
6.23546e-07 0.00445413 0.522538 0.000343218 0.134154 0.0747434 9.68291e-09 0.0157135 6.93542e-06 0.248046 
9.18205e-11 0.00235049 0.995884 1.62815e-05 4.44589e-12 9.06653e-05 0.000615489 3.87447e-10 0.00104266 2.6403e-07 
6.28998e-07 0.0238286 0.755157 3.64079e-05 0.129445 0.00278933 0.0141975 0.0414804 0.0155863 0.0174791 
8.99421e-06 0.0224855 0.847315 8.09873e-06 0.0767617 0.00439842 0.00964199 0.0178352 0.0152316 0.0063132 
8.46633e-12 0.0029715 0.99201 0.00134763 9.10998e-11 0.00153976 0.000658428 7.38471e-08 0.0014589 1.41855e-05 
8.46633e-12 0.0029715 0.99201 0.00134763 9.10998e-11 0.00153976 0.000658428 7.38471e-08 0.0014589 1.41855e-05 
0.00017006 0.00243092 0.966609 0.00077784 0.0113007 0.00710486 2.29007e-08 0.00395182 0.00370187 0.00395285 
8.46633e-12 0.0029715 0.99201 0.00134763 9.10998e-11 0.00153976 0.000658428 7.38471e-08 0.0014589 1.41855e-05 
2.66271e-06 0.000782382 0.666106 0.000148471 0.0136039 0.0113746 0.000274322 0.000337796 0.0515706 0.255799 
2.10912e-05 0.0093112 0.579043 0.0112072 0.133429 0.0177681 0.000584619 0.0282969 0.00490709 0.215431 
0.0027113 0.0207208 0.363261 0.00931815 0.0320768 0.167493 0.000115356 6.38568e-08 0.255835 0.148469 
1.52312e-06 0.00930487 0.431129 0.0745463 0.15423 0.00502012 1.07514e-05 0.00198725 0.00242533 0.321344 
8.46633e-12 0.0029715 0.99201 0.00134763 9.10998e-11 0.00153976 0.000658428 7.38471e-08 0.0014589 1.41855e-05 
7.3101e-05 0.0122369 0.715292 0.00010312 0.120946 0.000369301 6.09608e-05 0.0383253 0.0050589 0.107534 
4.59831e-09 0.0757763 0.33652 0.00769387 0.212917 0.117069 5.02953e-05 0.0353569 0.175586 0.0390313 
0.000454292 0.00544482 0.444666 8.11959e-05 0.273254 0.00626267 2.31713e-06 0.0104898 0.0312016 0.228143 
6.6331e-05 0.0159048 0.329959 0.0849152 0.197657 0.0242081 0.00309783 0.00454998 0.0506002 0.289042 
2.88188e-06 0.0218165 0.56854 1.22207e-05 0.186323 0.0416708 1.50894e-05 0.0404424 0.00831801 0.132859 
6.98155e-06 0.00481798 0.24629 0.0199341 0.236441 0.124543 2.64367e-05 0.0292183 0.151952 0.186771 
2.08646e-05 0.0485175 0.382648 0.00319919 0.257072 0.0852399 0.126619 0.0497456 0.0287502 0.0181873 
8.46633e-12 0.0029715 0.99201 0.00134763 9.10998e-11 0.00153976 0.000658428 7.38471e-08 0.0014589 1.41855e-05 
4.65153e-08 5.06914e-05 0.910151 0.000320811 0.0219581 0.00398113 3.09194e-07 3.95396e-05 0.0184396 0.0450584 
2.04752e-08 0.0298097 0.907636 3.12325e-09 0.0494243 0.00171636 1.80957e-06 0.00395218 0.005045 0.00241507 
8.46633e-12 0.0029715 0.99201 0.00134763 9.10998e-11 0.00153976 0.000658428 7.38471e-08 0.0014589 1.41855e-05 
1.62238e-06 0.119849 0.330851 0.00015105 0.209737 0.0527041 7.14931e-05 0.0230183 0.0108866 0.25273 
8.46633e-12 0.0029715 0.99201 0.00134763 9.10998e-11 0.00153976 0.000658428 7.38471e-08 0.0014589 1.41855e-05 
8.46633e-12 0.0029715 0.99201 0.00134763 9.10998e-11 0.00153976 0.000658428 7.38471e-08 0.0014589 1.41855e-05 
3.74157e-07 0.00211899 0.450663 0.00493287 0.280058 0.0199829 1.36344e-05 0.00413425 0.0114623 0.226633 
2.1213e-05 0.0126054 0.575999 0.00170658 0.267596 0.0238252 0.00442115 0.001075 0.0204163 0.0923348 
7.20396e-08 0.0215208 0.471436 3.05878e-05 0.359497 0.00767878 0.00138816 7.45601e-05 0.00379777 0.134576 
9.18205e-11 0.00235049 0.995884 1.62815e-05 4.44589e-12 9.06653e-05 0.000615489 3.87447e-10 0.00104266 2.6403e-07 
0.000283612 0.00193154 0.498374 0.000504459 0.33333 0.00376717 4.39815e-05 0.00463984 0.00703372 0.150091 
8.46633e-12 0.0029715 0.99201 0.00134763 9.10998e-11 0.00153976 0.000658428 7.38471e-08 0.0014589 1.41855e-05 
8.46633e-12 0.0029715 0.99201 0.00134763 9.10998e-11 0.00153976 0.000658428 7.38471e-08 0.0014589 1.41855e-05 
0.00855111 0.00753805 0.504134 0.00906338 0.112764 0.0301716 2.54767e-05 0.0488729 0.254565 0.0243148 
8.46633e-12 0.0029715 0.99201 0.00134763 9.10998e-11 0.00153976 0.000658428 7.38471e-08 0.0014589 1.41855e-05 
3.27173e-05 0.00292523 0.730014 0.00462863 0.158801 0.0134112 0.000244055 0.00430233 0.0178367 0.0678039 
3.0574e-05 0.00124605 0.458878 0.00680626 0.140261 0.0454101 4.98442e-05 0.00191862 0.257856 0.0875438 
0.0137442 0.0279427 0.530647 9.90837e-05 0.268443 0.00874414 0.0118892 0.042524 0.0366899 0.0592764 
0.00160248 0.000844428 0.419514 0.00717641 0.0639452 0.0840017 0.000345925 0.00236033 0.180827 0.239383 
0.000880462 0.00960825 0.398758 0.00947898 0.183903 0.0235269 0.00159906 0.001105 0.0368592 0.334281 
1.52312e-06 0.00930487 0.431129 0.0745463 0.15423 0.00502012 1.07514e-05 0.00198725 0.00242533 0.321344 
5.59723e-05 0.0268004 0.355778 0.0601558 0.0999968 0.0836332 0.00080813 0.122376 0.0788597 0.171536 
5.36733e-09 0.0190008 0.765297 2.34142e-05 0.0132219 0.0635952 0.010994 0.00330758 0.0793362 0.0452235 
7.71168e-10 0.000431442 0.264612 1.14616e-05 0.138495 0.0509028 2.07799e-10 0.153888 0.158101 0.233559 
8.46633e-12 0.0029715 0.99201 0.00134763 9.10998e-11 0.00153976 0.000658428 7.38471e-08 0.0014589 1.41855e-05 
8.57547e-09 0.0628236 0.643832 3.95733e-06 0.189544 0.0039675 0.0084577 0.000119169 0.0036582 0.0875933 
1.16714e-06 0.0133109 0.382419 0.000203755 0.24297 0.0519335 4.84825e-07 0.000541027 0.00102465 0.307596 
8.46633e-12 0.0029715 0.99201 0.00134763 9.10998e-11 0.00153976 0.000658428 7.38471e-08 0.0014589 1.41855e-05 
0.0192827 0.0732455 0.242043 9.87545e-05 0.185168 0.0395726 1.61976e-05 0.139533 0.102933 0.198108 
4.44386e-12 3.72365e-05 0.429322 0.0105128 0.138022 0.00419791 1.73529e-08 0.00372568 0.00263774 0.411545 
9.45605e-05 0.0163596 0.611697 6.56451e-05 0.227658 0.0134416 0.0132052 0.0490093 0.0370813 0.0313877 
7.29236e-05 0.0126625 0.455863 0.00464856 0.220087 0.0695619 7.588e-05 0.00700926 0.0372577 0.192761 
8.46633e-12 0.0029715 0.99201 0.00134763 9.10998e-11 0.00153976 0.000658428 7.38471e-08 0.0014589 1.41855e-05 
0.000190567 0.00331349 0.655559 0.0163126 0.181115 0.0135787 0.000340846 0.00293277 0.0214672 0.10519 
3.03221e-07 0.00824037 0.627027 8.20891e-07 0.115946 0.0100389 0.000326871 0.078 0.124646 0.035774 
6.28915e-05 0.0471955 0.331981 0.00821897 0.17908 0.0779136 0.000242671 0.00377504 0.0378297 0.3137 
1.54185e-06 0.00232749 0.60514 0.000396218 0.0860033 0.143809 7.9469e-07 7.18137e-05 0.14732 0.0149298 
0.00830242 0.0461104 0.354544 0.000792436 0.267112 0.0165989 0.000226726 0.0058687 0.0517495 0.248694 
3.39844e-05 0.0347681 0.490129 0.0181745 0.17792 0.0265156 0.000308148 0.000755997 0.126458 0.124937 
2.91722e-07 0.00244761 0.410819 0.00521464 0.325666 0.0208337 7.10403e-05 0.0143161 0.018514 0.202118 
8.46633e-12 0.0029715 0.99201 0.00134763 9.10998e-11 0.00153976 0.000658428 7.38471e-08 0.0014589 1.41855e-05 
4.57065e-05 0.00699042 0.492419 1.15666e-07 0.203765 0.0417514 0.000269479 0.0298711 0.0211374 0.20375 
1.9677e-05 0.00193102 0.500858 7.50084e-07 0.0301243 0.110171 5.3628e-06 0.00646944 0.000293811 0.350127 
0.000733032 0.00254912 0.581699 0.00998866 0.0404114 0.0554462 0.00121872 0.000594176 0.213773 0.0935863 
8.22201e-06 0.00301296 0.53037 0.0260518 0.0119342 0.106371 8.51443e-06 0.00912064 0.0024804 0.310643 
0.000410552 0.00482486 0.752736 0.00326084 0.0317464 0.0139618 0.103759 0.00684212 0.00421363 0.0782444 
8.46633e-12 0.0029715 0.99201 0.00134763 9.10998e-11 0.00153976 0.000658428 7.38471e-08 0.0014589 1.41855e-05 
7.28044e-06 0.000256171 0.628091 0.00461245 0.0904433 0.0773316 0.00149032 0.0423909 0.0198722 0.135505 
1.36248e-05 0.0228456 0.523309 0.0139647 0.171367 0.0174042 3.89951e-05 0.010689 0.023597 0.216771 
0.00102439 0.00496073 0.683627 0.00623497 0.0848927 0.0291754 2.62288e-05 0.00494301 0.0760064 0.109109 
0.04682 0.0269141 0.499086 0.0232795 0.128249 0.0389569 0.0180685 0.0081907 0.145464 0.0649711 
1.0423e-06 0.000809433 0.679739 8.69198e-07 0.0741591 0.00982224 7.55566e-07 0.000961302 0.0126055 0.221901 
4.76016e-08 0.00239912 0.467245 0.00122457 0.073682 0.017728 2.53449e-05 0.308989 0.0394683 0.0892383 
1.71491e-06 0.00634471 0.573111 0.00434835 0.243283 0.00158628 0.000976923 0.00545571 0.00290216 0.16199 
8.46633e-12 0.0029715 0.99201 0.00134763 9.10998e-11 0.00153976 0.000658428 7.38471e-08 0.0014589 1.41855e-05 
1.47997e-08 0.342179 0.516775 0.0018497 0.0440969 0.0136725 0.0174043 0.000543414 0.037602 0.0258771 
0.000152919 0.0145916 0.63881 0.0384286 0.283194 0.00743479 0.00022757 0.000265462 0.00914787 0.00774724 
3.31952e-05 0.0185805 0.514126 0.0063044 0.0583377 0.0185422 2.20425e-05 0.000184397 0.00921771 0.374652 
0.00576146 0.00190081 0.501438 0.0367656 0.0725671 0.0695564 3.07256e-05 0.000355939 0.0692674 0.242356 
3.76874e-07 0.00022944 0.40846 0.000365169 0.156273 0.17472 0.000119391 0.000662287 0.183929 0.0752418 
3.18928e-06 0.0204775 0.729878 0.000257552 0.0585928 0.0169155 0.000530855 0.0222322 0.111587 0.0395251 
2.31893e-06 0.0938856 0.570271 0.00643828 0.130475 0.013537 0.00856506 0.0111444 0.000367775 0.165314 
8.46633e-12 0.0029715 0.99201 0.00134763 9.10998e-11 0.00153976 0.000658428 7.38471e-08 0.0014589 1.41855e-05 
2.21478e-06 0.00814502 0.495239 0.0137027 0.170394 0.0670079 0.000132539 0.0100387 0.0101148 0.225223 
6.04838e-07 0.00831031 0.586257 0.00105135 0.111679 0.0774176 2.20005e-05 0.000450364 0.0788795 0.135932 
4.87146e-05 0.0103074 0.475119 0.0132289 0.259922 0.0532086 0.000104033 0.00306147 0.0147481 0.170252 
6.08142e-05 0.055631 0.627469 0.00898591 0.0342247 0.103217 0.022073 0.00252663 0.0598504 0.0859618 
1.48075e-06 3.48594e-07 0.960248 0.0010844 0.0121384 0.00400551 3.99003e-07 6.90597e-07 0.0162045 0.00631663 
6.14791e-06 0.0122372 0.600555 0.00606486 0.167934 0.0140515 0.000747454 0.06969 0.00967772 0.119036 
2.64142e-05 0.00544962 0.420286 0.00749834 0.0755896 0.140307 4.14171e-05 0.00432288 0.0148344 0.331645 
6.17342e-07 0.00556545 0.745964 0.000113107 0.0128372 0.035947 1.66349e-07 0.00226458 0.175382 0.0219259 
0.00266676 0.0293115 0.398785 0.00457829 0.294866 0.0500961 0.0121592 0.00272545 0.0158454 0.188966 
0.00138242 0.0472453 0.530193 0.0120844 0.129731 0.0468649 0.000808918 0.00515697 0.00853416 0.217999 
1.27602e-07 0.00878399 0.821565 4.19056e-08 0.0567288 0.0305346 5.58338e-06 0.00357682 0.000762417 0.0780422 
3.21833e-05 0.00986439 0.834715 1.08092e-05 0.0478715 0.00605817 2.47588e-05 0.000168217 0.0416362 0.0596187 
0.000541829 0.0113613 0.31292 0.00741217 0.154906 0.129756 0.0928125 0.0105526 0.00821534 0.271522 
8.46633e-12 0.0029715 0.99201 0.00134763 9.10998e-11 0.00153976 0.000658428 7.38471e-08 0.0014589 1.41855e-05 
8.46633e-12 0.0029715 0.99201 0.00134763 9.10998e-11 0.00153976 0.000658428 7.38471e-08 0.0014589 1.41855e-05 
8.46633e-12 0.0029715 0.99201 0.00134763 9.10998e-11 0.00153976 0.000658428 7.38471e-08 0.0014589 1.41855e-05 
0.0155611 0.00329212 0.34597 2.49548e-07 0.259501 0.0396852 0.000123599 0.00961583 0.043269 0.282981 
8.46633e-12 0.0029715 0.99201 0.00134763 9.10998e-11 0.00153976 0.000658428 7.38471e-08 0.0014589 1.41855e-05 
4.78432e-06 0.000421948 0.362278 7.01659e-05 0.32838 0.00338984 3.12974e-11 0.000648419 0.0186827 0.286123 
0.00509695 0.00239939 0.462756 0.0383758 0.0822644 0.0947009 3.06253e-05 0.000323479 0.0684586 0.245594 
8.46633e-12 0.0029715 0.99201 0.00134763 9.10998e-11 0.00153976 0.000658428 7.38471e-08 0.0014589 1.41855e-05 
9.18205e-11 0.00235049 0.995884 1.62815e-05 4.44589e-12 9.06653e-05 0.000615489 3.87447e-10 0.00104266 2.6403e-07 
7.52093e-05 0.0121802 0.445841 0.000275551 0.0299462 0.316922 0.000154074 0.00144571 0.176868 0.0162908 
0.000799272 0.0132536 0.545579 0.012789 0.179911 0.0298118 0.00128348 0.00603218 0.0825842 0.127957 
2.53814e-06 0.00439472 0.724091 0.0283348 0.081998 0.0338662 9.78719e-06 0.00122712 0.0557926 0.0702836 
6.77455e-08 0.00232559 0.34382 0.00127875 0.0893147 0.295852 8.57244e-08 0.00192697 0.00567749 0.259805 
8.46633e-12 0.0029715 0.99201 0.00134763 9.10998e-11 0.00153976 0.000658428 7.38471e-08 0.0014589 1.41855e-05 
6.19107e-06 0.0743082 0.40856 0.000645559 0.118776 0.0906519 5.2621e-05 0.0073323 0.0256625 0.274004 
1.31812e-05 0.00839257 0.777685 0.0033522 0.0842202 0.0327105 0.000115521 0.00825731 0.0593791 0.0258748 
4.6039e-05 0.00250523 0.465009 0.00058552 0.0134349 0.105024 2.65143e-07 7.18481e-07 0.357775 0.0556198 
0.0334124 0.0037812 0.889282 1.66766e-05 0.0103129 0.00422163 6.90007e-08 1.32254e-12 0.0438037 0.0151698 
2.96808e-06 6.98735e-07 0.828002 4.52744e-07 0.0188739 0.0566108 7.99778e-07 1.38426e-06 0.0964607 4.65756e-05 
6.96054e-06 0.0938558 0.429176 0.0459271 0.0113571 0.272003 0.00467265 0.000495022 0.108624 0.0338827 
8.46633e-12 0.0029715 0.99201 0.00134763 9.10998e-11 0.00153976 0.000658428 7.38471e-08 0.0014589 1.41855e-05 
2.07229e-07 0.0482595 0.651055 0.000211457 0.101209 0.0352269 0.000422176 0.0473643 0.0664919 0.049759 
0.000542477 0.300304 0.431281 0.000409485 0.0244681 0.076279 0.0561307 0.00286529 0.0509852 0.0567346 
8.90128e-08 0.0630463 0.58225 0.00300911 0.00197226 0.0563144 0.192915 0.0501839 0.01701 0.0332987 
2.99777e-06 0.106646 0.297327 0.00394292 0.220154 0.0543298 0.00716143 0.005291 0.023187 0.281958 
3.65358e-10 0.13958 0.529302 3.02517e-05 0.194059 0.0416389 2.32562e-05 0.000133072 0.0167549 0.0784789 
9.51914e-07 0.0159909 0.674394 0.000176196 0.136203 0.0861781 1.97219e-05 0.0248614 0.00779881 0.0543769 
9.82055e-07 0.0167802 0.430758 0.00230952 0.236746 0.0416914 5.23856e-05 0.176567 0.0484685 0.046627 
8.46633e-12 0.0029715 0.99201 0.00134763 9.10998e-11 0.00153976 0.000658428 7.38471e-08 0.0014589 1.41855e-05 
0.000616629 0.000368873 0.842215 0.000236561 0.0862769 0.00191224 1.14245e-06 0.000417396 0.0114837 0.0564715 
0.000105934 0.00547007 0.520813 0.00205559 0.163264 0.0511908 0.000404038 0.0011952 0.11645 0.139051 
3.21448e-05 0.0456578 0.402873 0.0001685 0.225094 0.0164736 4.68336e-05 0.0001352 0.238324 0.0711954 
8.46633e-12 0.0029715 0.99201 0.00134763 9.10998e-11 0.00153976 0.000658428 7.38471e-08 0.0014589 1.41855e-05 
7.56778e-09 0.0137426 0.601989 1.65695e-05 0.0130706 0.0260224 1.09429e-05 0.272184 0.00049239 0.0724711 
7.04651e-06 0.0182067 0.429549 0.00107026 0.100048 0.109796 1.44306e-05 0.134243 0.0808178 0.126248 
0.000594863 0.00229844 0.660007 0.0174754 0.0860332 0.0392199 9.58934e-05 0.0181542 0.0771188 0.099002 
3.39275e-07 0.0142981 0.750315 0.00645967 0.0418618 0.140148 0.000368277 0.00310383 0.0153767 0.0280686 
0.00101731 0.00887627 0.642318 0.00265338 0.137641 0.0357752 0.000179412 0.0104019 0.00505827 0.156079 
8.46633e-12 0.0029715 0.99201 0.00134763 9.10998e-11 0.00153976 0.000658428 7.38471e-08 0.0014589 1.41855e-05 
7.0365e-06 0.00528489 0.431386 0.00166849 0.157752 0.140277 1.63667e-05 0.000285253 0.0170503 0.246273 
7.78598e-05 0.102782 0.321482 0.00309634 0.0675285 0.0645629 0.000353641 0.108424 0.0451057 0.286587 
2.9519e-06 9.20627e-05 0.370622 0.0805509 0.353067 0.0158655 2.96502e-06 0.0457357 0.00428789 0.129773 
0.00209212 0.000148885 0.611113 0.0113767 0.000904911 0.00136633 0.00321859 0.000975734 0.36826 0.00054341 
0.000124399 0.001138 0.583898 0.00378006 0.11769 0.0521464 5.8606e-05 0.000495639 0.0987876 0.141881 
0.000410614 0.00452037 0.581293 2.77939e-08 0.0721194 0.000106786 4.22879e-08 0.000171177 0.000618279 0.340761 
1.98623e-10 4.13206e-05 0.633597 1.73852e-06 0.000474041 0.0286656 0.229888 0.000771265 0.030093 0.0764673 
5.44553e-06 0.0693081 0.342624 0.0948429 0.0738031 0.0483854 6.30629e-06 0.00104872 0.197897 0.172079 
2.11748e-06 0.0246324 0.299483 0.00101363 0.243914 0.125897 0.000114013 0.263251 0.0307774 0.0109165 
6.3939e-05 0.0397665 0.397068 0.00619169 0.170417 0.0404955 5.63904e-05 0.0205926 0.0733685 0.251979 
8.46633e-12 0.0029715 0.99201 0.00134763 9.10998e-11 0.00153976 0.000658428 7.38471e-08 0.0014589 1.41855e-05 
1.77807e-10 0.000661708 0.864579 0.000394638 0.0381865 0.0155142 1.86158e-06 0.00335461 0.00039179 0.0769155 
0.0534545 0.00261086 0.438831 0.037017 0.0647202 0.0810329 0.000123343 4.83672e-05 0.0988593 0.223303 
8.46633e-12 0.0029715 0.99201 0.00134763 9.10998e-11 0.00153976 0.000658428 7.38471e-08 0.0014589 1.41855e-05 
2.25153e-05 0.022466 0.472444 0.00984788 0.204513 0.0906902 0.00147798 0.00461059 0.0816231 0.112304 
1.09299e-05 0.00129411 0.67409 0.000156387 0.15455 0.0228492 2.02791e-05 0.000927028 0.00185714 0.144245 
5.21804e-05 0.0129513 0.464614 0.011687 0.195926 0.0654612 0.00027832 0.00893978 0.145841 0.0942491 
0.000175767 0.00508536 0.482953 0.000646247 0.096403 0.00976521 8.41605e-05 0.00654873 0.198374 0.199964 
0.000281691 0.030683 0.554805 0.00174893 0.0669088 0.0316486 0.000174462 0.000779238 0.153888 0.159082 
1.52312e-06 0.00930487 0.431129 0.0745463 0.15423 0.00502012 1.07514e-05 0.00198725 0.00242533 0.321344 
0.00123484 0.0116815 0.557969 0.0400326 0.120493 0.0138251 0.00126256 0.00150213 0.0428718 0.209128 
0.00719406 0.0323588 0.228642 0.0486223 0.175946 0.1417 0.00503334 0.0110431 0.158496 0.190964 
8.46633e-12 0.0029715 0.99201 0.00134763 9.10998e-11 0.00153976 0.000658428 7.38471e-08 0.0014589 1.41855e-05 
9.18205e-11 0.00235049 0.995884 1.62815e-05 4.44589e-12 9.06653e-05 0.000615489 3.87447e-10 0.00104266 2.6403e-07 
1.81889e-09 0.0880068 0.455902 0.000174647 0.377167 0.0453259 3.21002e-07 3.11006e-06 0.00669988 0.0267208 
8.46633e-12 0.0029715 0.99201 0.00134763 9.10998e-11 0.00153976 0.000658428 7.38471e-08 0.0014589 1.41855e-05 
1.33806e-05 0.00760289 0.439044 0.000517065 0.165442 0.0252174 4.69629e-05 0.119112 0.00186374 0.241141 
1.89424e-06 0.00283876 0.895361 6.65806e-05 0.0243308 0.0166198 0.000114846 0.0211222 0.0105422 0.0290023 
0.0010037 0.0157161 0.431889 0.000393167 0.111196 0.014049 3.83182e-05 1.68163e-05 0.206332 0.219365 
0.000644996 0.00880301 0.454946 0.0128864 0.0816527 0.0876901 4.68625e-05 0.00633075 0.27368 0.0733187 
6.1171e-08 0.027174 0.885007 9.33088e-09 0.0527423 0.000406874 1.96254e-07 0.0056366 0.00012413 0.0289086 
9.18205e-11 0.00235049 0.995884 1.62815e-05 4.44589e-12 9.06653e-05 0.000615489 3.87447e-10 0.00104266 2.6403e-07 
0.000173514 0.00215466 0.599372 0.00188788 0.159472 0.0322761 9.93528e-05 0.00259275 0.109205 0.0927668 
8.46633e-12 0.0029715 0.99201 0.00134763 9.10998e-11 0.00153976 0.000658428 7.38471e-08 0.0014589 1.41855e-05 
4.79959e-05 0.075483 0.502341 0.000296918 0.221198 0.0658946 7.88821e-07 0.0723264 0.0050845 0.057327 
9.60779e-06 0.000219528 0.856549 0.00161876 0.075047 0.0209062 4.44973e-06 0.00100671 0.00138089 0.043258 
3.35999e-05 0.0148551 0.401161 0.00128418 0.383064 0.0190635 0.00292754 0.00357693 0.100524 0.0735104 
2.24841e-07 0.00658367 0.712041 0.00057131 0.125391 0.00368413 2.23153e-06 0.0085421 0.0317257 0.111459 
0.000106637 0.0325849 0.444454 0.001794 0.195428 0.106895 5.94614e-05 0.0147014 0.0747521 0.129225 
1.50449e-07 0.0025486 0.93857 0.000528077 0.0275682 0.000799829 2.0029e-07 0.00588787 0.00401981 0.0200777 
0.000165278 0.14995 0.350444 0.0199636 0.142081 0.017826 0.0980392 0.013269 0.168046 0.0402155 
0.00012136 0.179615 0.281513 0.00187282 0.239919 0.0175514 0.00142145 0.00102142 0.0246973 0.252267 
8.46633e-12 0.0029715 0.99201 0.00134763 9.10998e-11 0.00153976 0.000658428 7.38471e-08 0.0014589 1.41855e-05 
8.46633e-12 0.0029715 0.99201 0.00134763 9.10998e-11 0.00153976 0.000658428 7.38471e-08 0.0014589 1.41855e-05 
8.46633e-12 0.0029715 0.99201 0.00134763 9.10998e-11 0.00153976 0.000658428 7.38471e-08 0.0014589 1.41855e-05 
1.78733e-09 0.00116939 0.586884 0.000232779 0.0317568 0.111698 0.000268272 0.000855141 0.00554337 0.261592 
2.55924e-06 0.00128599 0.758838 0.0105632 0.118325 0.0610783 2.55955e-05 0.0159853 0.00032091 0.0335757 
1.60224e-05 0.00888457 0.338094 0.0232204 0.0498487 0.314047 0.00529641 0.0942419 0.0192863 0.147065 
0.00285308 0.014812 0.733153 0.0040305 0.0603293 0.0185747 0.00143464 0.0312056 0.131919 0.00168826 
0.00509695 0.00239939 0.462756 0.0383758 0.0822644 0.0947009 3.06253e-05 0.000323479 0.0684586 0.245594 
0.0075572 0.0268601 0.520217 0.00570582 0.0611894 0.0886259 0.000986029 0.0267716 0.103228 0.158859 
0.00138497 0.00109158 0.427035 0.0134067 0.185296 0.0499697 7.11113e-05 0.000305294 0.206974 0.114466 
0.000315182 0.0707455 0.474172 0.00128323 0.13244 0.0236694 0.000107408 0.0054944 0.0344002 0.257373 
0.000118835 0.0497792 0.670622 1.31211e-10 0.229682 0.0100305 2.31786e-10 0.0328005 0.00190252 0.00506369 
8.46633e-12 0.0029715 0.99201 0.00134763 9.10998e-11 0.00153976 0.000658428 7.38471e-08 0.0014589 1.41855e-05 
7.56778e-09 0.0137426 0.601989 1.65695e-05 0.0130706 0.0260224 1.09429e-05 0.272184 0.00049239 0.0724711 
5.47606e-05 0.111547 0.308684 0.00155123 0.17365 0.113735 4.70457e-05 0.00387322 0.0836866 0.203171 
3.52777e-05 0.00305377 0.394956 0.0030546 0.0356149 0.0554014 0.000456334 0.0215996 0.24951 0.236318 
8.46633e-12 0.0029715 0.99201 0.00134763 9.10998e-11 0.00153976 0.000658428 7.38471e-08 0.0014589 1.41855e-05 
0.00233608 0.0045353 0.714088 0.0003504 0.0995271 0.0197469 1.38748e-05 0.000321523 0.0331046 0.125976 
0.000228814 0.0561848 0.368272 0.000624566 0.207504 0.0653225 2.70623e-05 0.00680104 0.0355826 0.259453 
6.70021e-08 0.0252604 0.454076 0.00109069 0.166251 0.0473041 7.12793e-08 5.28262e-11 0.00783203 0.298186 
1.97384e-05 0.0960568 0.41985 0.0560864 0.0253694 0.0411757 0.00406241 0.00470476 0.0316327 0.321042 
8.22738e-07 0.0341915 0.329119 0.0219719 0.141034 0.177209 8.86876e-05 0.0261357 0.198845 0.0714043 
2.72064e-10 6.40483e-11 0.546554 1.24504e-06 0.303707 0.00633831 7.33102e-11 1.26886e-10 0.00611886 0.137281 
6.34586e-06 0.00117162 0.810345 9.67983e-07 0.000844767 4.15629e-07 1.70995e-06 2.9596e-06 0.18672 0.000906455 
3.82575e-05 0.000671397 0.720806 0.0115979 0.0352607 0.0473191 6.6576e-05 0.036556 0.00265347 0.14503 
9.79496e-08 0.0561397 0.718553 2.40072e-05 0.172708 0.00480625 7.86414e-06 0.000217175 0.00267357 0.04487 
8.46633e-12 0.0029715 0.99201 0.00134763 9.10998e-11 0.00153976 0.000658428 7.38471e-08 0.0014589 1.41855e-05 
5.75363e-05 0.118781 0.572799 5.85817e-06 0.0745798 0.00708056 2.28728e-08 0.000353032 0.0123004 0.214043 
8.46633e-12 0.0029715 0.99201 0.00134763 9.10998e-11 0.00153976 0.000658428 7.38471e-08 0.0014589 1.41855e-05 
3.66201e-06 0.125431 0.272134 1.44599e-06 0.0249989 0.0412268 1.72969e-06 0.243828 0.231738 0.060636 
0.000720809 0.012485 0.599574 0.011741 0.199031 0.0230749 0.00266386 0.000851209 0.026066 0.123792 
9.94331e-06 0.001057 0.41449 4.35838e-05 0.138727 0.0286337 8.84904e-06 0.000135596 0.0144339 0.402461 
1.21983e-08 0.0457959 0.685001 0.051203 0.0487512 0.0019898 9.33153e-05 0.00565908 2.66261e-08 0.161506 
6.42793e-10 0.0120437 0.47971 0.0131345 0.104724 0.129922 1.29299e-06 0.0708455 0.00663524 0.182983 
2.27297e-08 5.35095e-09 0.96186 0.00775392 0.00015518 0.000308908 6.12474e-09 3.07528e-05 0.000366536 0.0295246 
8.46633e-12 0.0029715 0.99201 0.00134763 9.10998e-11 0.00153976 0.000658428 7.38471e-08 0.0014589 1.41855e-05 
5.12003e-05 0.0124599 0.771026 0.00270937 0.0509454 0.00651143 0.000101318 0.00204062 0.0767538 0.0774014 
8.46633e-12 0.0029715 0.99201 0.00134763 9.10998e-11 0.00153976 0.000658428 7.38471e-08 0.0014589 1.41855e-05 
3.15315e-06 0.048257 0.406714 0.00711483 0.025711 0.322956 6.08146e-06 0.000220847 0.00771511 0.181302 
0.00227846 0.0461197 0.411128 0.00169243 0.10582 0.0443331 0.000469882 0.000312369 0.339644 0.0482017 
5.24118e-05 0.0149154 0.629613 0.00180798 0.0953626 0.0756226 1.01983e-05 0.000507598 0.0233179 0.15879 
1.50812e-05 0.0255333 0.592685 0.00560786 0.285205 0.01467 0.00726298 0.00189153 0.0164848 0.0506453 
0.000466691 0.0328608 0.574711 0.000212224 0.161875 0.0413121 0.00153198 0.00274892 0.0135877 0.170694 
4.79959e-05 0.075483 0.502341 0.000296918 0.221198 0.0658946 7.88821e-07 0.0723264 0.0050845 0.057327 
1.56799e-05 1.41377e-06 0.926102 2.20801e-06 0.00725005 0.00612866 1.94697e-06 0.000182601 0.0191029 0.0412126 
2.27957e-05 0.0189138 0.673023 0.0101556 0.16208 0.0373276 0.00472852 0.00898283 0.0224651 0.0623007 
5.65811e-11 0.0115402 0.356616 0.013123 0.332777 0.0618403 1.78567e-05 0.0370961 0.0681751 0.118814 
1.4787e-05 0.000314313 0.392045 8.53564e-05 0.33675 0.0403021 9.71099e-05 0.176862 0.00725442 0.0462748 
4.29705e-07 0.0032856 0.687683 0.00899741 0.0288679 0.0150261 1.56711e-05 0.000580719 0.000910654 0.254633 
0.000101041 0.00821108 0.646038 0.00014642 0.178526 0.00733934 0.00037076 0.0719478 0.0184205 0.0688985 
1.20399e-07 0.00579008 0.652013 0.00235399 0.225487 0.0107145 1.93495e-05 0.000321462 0.0466808 0.0566201 
8.46633e-12 0.0029715 0.99201 0.00134763 9.10998e-11 0.00153976 0.000658428 7.38471e-08 0.0014589 1.41855e-05 
8.46633e-12 0.0029715 0.99201 0.00134763 9.10998e-11 0.00153976 0.000658428 7.38471e-08 0.0014589 1.41855e-05 
8.46633e-12 0.0029715 0.99201 0.00134763 9.10998e-11 0.00153976 0.000658428 7.38471e-08 0.0014589 1.41855e-05 
2.27991e-05 0.00435816 0.522461 0.000886132 0.156311 0.0300854 4.1946e-05 0.0173365 0.00218431 0.266313 
8.46633e-12 0.0029715 0.99201 0.00134763 9.10998e-11 0.00153976 0.000658428 7.38471e-08 0.0014589 1.41855e-05 
0.000275998 0.00450115 0.699412 0.00223477 0.0924077 0.0598678 3.83834e-05 0.0148862 0.00438923 0.121987 
8.46633e-12 0.0029715 0.99201 0.00134763 9.10998e-11 0.00153976 0.000658428 7.38471e-08 0.0014589 1.41855e-05 
0.00165109 0.0281767 0.482681 0.0237824 0.217549 0.143978 0.000232485 0.0169384 0.0214343 0.0635774 
5.71361e-05 0.0069189 0.711491 0.00232194 0.0723011 0.059352 8.60759e-05 0.00503604 0.0102836 0.132152 
8.46633e-12 0.0029715 0.99201 0.00134763 9.10998e-11 0.00153976 0.000658428 7.38471e-08 0.0014589 1.41855e-05 
0.000129034 0.156244 0.246681 0.0189487 0.0911754 0.0371237 0.205396 0.0110964 0.107934 0.125271 
8.46633e-12 0.0029715 0.99201 0.00134763 9.10998e-11 0.00153976 0.000658428 7.38471e-08 0.0014589 1.41855e-05 
4.10296e-05 0.00262288 0.873305 0.000856939 0.0312404 0.0166083 4.37532e-05 0.00550887 0.0299282 0.039845 
8.03998e-06 0.0190085 0.681902 0.000136888 0.0923828 0.0825712 0.000157306 0.000569137 0.0172117 0.106053 
4.39953e-05 0.00266203 0.414551 0.00150623 0.133891 0.0458131 8.01884e-06 0.103678 0.0432386 0.254608 
8.46633e-12 0.0029715 0.99201 0.00134763 9.10998e-11 0.00153976 0.000658428 7.38471e-08 0.0014589 1.41855e-05 
0.00366616 0.0135483 0.681197 0.00809223 0.054408 0.0460611 0.000104003 0.0423702 0.0226175 0.127935 
1.11921e-07 0.0059174 0.41119 7.93689e-07 0.00053696 0.301095 3.01583e-08 9.94901e-05 2.48051e-05 0.281135 
9.68415e-11 0.00321375 0.755338 0.0125787 0.0095148 0.131811 0.000682485 0.000141445 0.078643 0.0080776 
4.99972e-08 0.000167869 0.547239 0.00637374 0.092803 0.0424891 0.000140598 0.000959698 0.0609638 0.248863 
1.57861e-06 0.00747941 0.604131 0.00144026 0.0593368 0.0355631 1.50158e-05 0.00503835 0.0210456 0.265949 
9.59566e-07 0.000197937 0.482045 0.0138839 0.0877345 0.0718184 5.65533e-07 0.000755266 0.0435989 0.299965 
4.651e-06 0.0489834 0.368851 0.0228878 0.197938 0.0203342 0.0558611 0.0216333 0.137803 0.125703 
1.80882e-05 0.00152268 0.488058 0.00580408 0.132997 0.0933696 0.000351742 0.0703654 0.0718612 0.135653 
2.74735e-06 0.0255009 0.776728 4.70915e-05 0.174285 0.00156917 0.00212577 0.0070695 0.00103288 0.0116387 
0.000336718 8.26229e-05 0.521399 0.000441355 0.0772278 0.00442688 9.55169e-06 0.000164433 0.0231512 0.37276 
0.0121964 0.0191025 0.62005 0.00403812 0.163553 0.0447984 0.00143002 0.0113429 0.00537203 0.118117 
8.79288e-05 1.58315e-05 0.953969 0.000324747 3.38616e-05 0.0134072 2.55555e-07 0.00191602 0.0206356 0.00960949 
3.17598e-05 0.0114512 0.486399 0.00502328 0.289851 0.0903173 0.000137656 0.00677005 0.00811307 0.101906 
8.46633e-12 0.0029715 0.99201 0.00134763 9.10998e-11 0.00153976 0.000658428 7.38471e-08 0.0014589 1.41855e-05 
1.27602e-07 0.00878399 0.821565 4.19056e-08 0.0567288 0.0305346 5.58338e-06 0.00357682 0.000762417 0.0780422 
4.76295e-06 3.27854e-07 0.899985 3.32598e-06 0.0689524 0.00273728 8.61322e-07 0.00580699 0.0023749 0.0201339 
1.3906e-07 0.0761926 0.430334 2.96103e-08 0.345327 3.20186e-05 0.00317723 2.3558e-07 0.00118231 0.143754 
2.8651e-05 0.00468697 0.418998 0.0197118 0.298921 0.0152362 0.00764853 0.00352426 0.0169386 0.214306 
9.18205e-11 0.00235049 0.995884 1.62815e-05 4.44589e-12 9.06653e-05 0.000615489 3.87447e-10 0.00104266 2.6403e-07 
0.000667936 0.000191115 0.550645 0.00458518 0.102381 0.00883134 3.7486e-06 0.000759464 0.00284693 0.329089 
1.11293e-05 0.0146939 0.714492 0.000107232 0.0335522 0.0462004 4.5981e-06 0.000637019 0.184223 0.00607896 
3.18928e-06 0.0204775 0.729878 0.000257552 0.0585928 0.0169155 0.000530855 0.0222322 0.111587 0.0395251 
1.31971e-05 0.00780494 0.514588 0.00845356 0.127153 0.0643272 0.00217139 0.00654181 0.0126647 0.256282 
8.46633e-12 0.0029715 0.99201 0.00134763 9.10998e-11 0.00153976 0.000658428 7.38471e-08 0.0014589 1.41855e-05 
1.46119e-06 0.00382015 0.543034 0.00421392 0.0787296 0.0565663 8.87908e-05 0.251823 0.0307688 0.0309538 
6.66837e-05 0.00725196 0.477682 0.0139916 0.253629 0.0207448 0.000445293 0.00348471 0.0159726 0.206731 
8.46633e-12 0.0029715 0.99201 0.00134763 9.10998e-11 0.00153976 0.000658428 7.38471e-08 0.0014589 1.41855e-05 
4.23543e-05 0.012969 0.717386 7.98663e-08 0.159186 0.0108768 5.81405e-08 3.35421e-12 0.0269902 0.0725494 
0.000410614 0.00452037 0.581293 2.77939e-08 0.0721194 0.000106786 4.22879e-08 0.000171177 0.000618279 0.340761 
2.21513e-08 0.0671206 0.653812 0.0118972 0.0445566 0.0403516 0.0088684 2.97279e-05 0.122818 0.0505461 
8.62716e-05 0.00195953 0.669656 0.00939788 0.0535333 0.0103429 1.24234e-05 5.69495e-05 0.180142 0.0748129 
9.28336e-06 0.00993408 0.534315 0.00816718 0.0662786 0.0558382 1.92669e-05 0.0492764 0.00666418 0.269498 
0.000102276 0.00401819 0.349231 0.00246856 0.148612 0.177371 1.68441e-07 0.000315931 0.15088 0.167001 
0.000621256 0.0292703 0.242088 0.00959301 0.108825 0.2245 0.00197939 0.00484495 0.237817 0.14046 
4.5148e-09 0.0468896 0.472381 0.00759676 0.216137 0.0726635 3.02925e-05 0.0193191 0.103032 0.0619503 
7.41038e-05 0.0757015 0.435501 0.00410049 0.212697 0.0787548 0.000166129 0.00421693 0.0866775 0.102111 
4.59831e-09 0.0757763 0.33652 0.00769387 0.212917 0.117069 5.02953e-05 0.0353569 0.175586 0.0390313 
0.000410614 0.00452037 0.581293 2.77939e-08 0.0721194 0.000106786 4.22879e-08 0.000171177 0.000618279 0.340761 
6.14336e-09 3.61707e-06 0.432843 9.37095e-10 8.57873e-05 0.0151741 1.65539e-09 2.86516e-09 0.158345 0.393549 
5.19963e-06 0.0391073 0.571299 0.00217809 0.0985557 0.0375534 0.000108981 0.0600292 0.0154081 0.175755 
0.00509695 0.00239939 0.462756 0.0383758 0.0822644 0.0947009 3.06253e-05 0.000323479 0.0684586 0.245594 
1.48399e-05 0.000593352 0.991668 5.38889e-05 0.00405925 0.000777661 5.92495e-07 1.73382e-05 0.0010884 0.00172646 
0.000740064 0.00895029 0.603948 0.00917555 0.133246 0.0449443 0.00019511 0.0231364 0.00484962 0.170815 
1.18369e-05 0.0621378 0.267283 0.0569019 0.157038 0.140504 1.30229e-05 0.0447418 0.0265631 0.244807 
5.66912e-05 0.0182673 0.485975 0.00101832 0.295427 0.062211 4.18819e-05 0.0787068 0.00995121 0.0483446 
3.67829e-06 0.000746208 0.590724 0.00880616 0.120568 0.0191521 4.36258e-08 0.000151185 0.0275403 0.232308 
3.17829e-08 0.0114568 0.481755 6.34732e-07 0.00677059 0.0568528 6.32008e-05 1.4823e-08 0.0411049 0.401996 
8.46633e-12 0.0029715 0.99201 0.00134763 9.10998e-11 0.00153976 0.000658428 7.38471e-08 0.0014589 1.41855e-05 
3.61752e-10 0.00423455 0.502568 0.0164172 0.0991146 0.116124 1.60501e-06 0.0885533 0.00587004 0.167116 
2.45453e-06 0.0357537 0.558937 0.00181704 0.264774 0.0487528 1.88735e-05 0.000175986 0.0441239 0.0456438 
0.00189573 0.025549 0.419649 0.00367012 0.290915 0.0193489 0.000161261 0.011158 0.00840314 0.21925 
0.000740064 0.00895029 0.603948 0.00917555 0.133246 0.0449443 0.00019511 0.0231364 0.00484962 0.170815 
9.18205e-11 0.00235049 0.995884 1.62815e-05 4.44589e-12 9.06653e-05 0.000615489 3.87447e-10 0.00104266 2.6403e-07 
2.82447e-05 0.00590782 0.231613 0.00542536 0.171002 0.164885 1.539e-05 0.161922 0.0337352 0.225466 
8.46633e-12 0.0029715 0.99201 0.00134763 9.10998e-11 0.00153976 0.000658428 7.38471e-08 0.0014589 1.41855e-05 
8.46633e-12 0.0029715 0.99201 0.00134763 9.10998e-11 0.00153976 0.000658428 7.38471e-08 0.0014589 1.41855e-05 
1.36822e-07 0.00356448 0.771466 0.000447817 0.109577 0.00882446 1.38114e-06 0.000127929 0.000417648 0.105574 
9.19952e-06 0.00274394 0.835196 2.84981e-05 0.0361135 0.0248689 1.43191e-09 9.17405e-05 0.00364745 0.0973009 
1.19404e-10 0.0592179 0.781809 4.35862e-08 0.120185 1.15733e-07 0.0303833 0.00303309 0.00527223 9.88266e-05 
0.000208152 0.000829763 0.839294 0.000582636 0.0663632 0.00904287 1.15071e-05 1.84712e-05 0.00244002 0.0812094 
6.09368e-07 0.00952592 0.524715 1.33916e-06 0.234652 0.0820972 6.95519e-09 0.00465646 0.0229072 0.121445 
8.46633e-12 0.0029715 0.99201 0.00134763 9.10998e-11 0.00153976 0.000658428 7.38471e-08 0.0014589 1.41855e-05 
0.000101135 0.00418133 0.606304 0.0114986 0.145505 0.00136506 0.0537124 0.00371839 0.0303593 0.143255 
8.58258e-06 0.0023756 0.395802 0.00953635 0.240625 0.0308489 3.42755e-05 0.0310852 0.013613 0.276071 
2.38776e-06 0.0338296 0.480402 0.00768804 0.0842269 0.0271096 4.59668e-05 0.000512107 0.0080905 0.358093 
8.46633e-12 0.0029715 0.99201 0.00134763 9.10998e-11 0.00153976 0.000658428 7.38471e-08 0.0014589 1.41855e-05 
0.000190017 0.00813447 0.514274 0.00268205 0.140977 0.0870865 0.000103421 0.0269597 0.0326798 0.186913 
5.94938e-05 0.00499273 0.479053 0.00694143 0.0827244 0.00778454 0.000153232 0.00126423 0.0469785 0.370048 
0.00966623 0.0117773 0.600116 0.000229492 0.113676 0.000432342 0.000111214 0.00108229 0.0069813 0.255928 
