0.000108118 0.00164743 1.49401e-07 0.671024 0.0117493 0.254364 0.000168347 0.000140477 0.0208545 0.0399441 
1.9725e-07 0.00177043 0.00587063 0.737921 0.00109087 0.18528 6.655e-05 0.00420927 0.000550508 0.0632408 
0.000181392 0.0014038 0.00250666 0.340509 0.00751813 0.329108 0.000275846 0.00478381 0.223982 0.0897314 
8.25958e-06 0.0142141 0.00157329 0.444114 0.0361427 0.340571 3.55709e-05 0.000175652 0.0570126 0.106154 
4.56175e-07 0.000587497 1.4795e-06 0.9396 0.0033585 0.0423919 3.06562e-06 6.40045e-05 0.00162186 0.012371 
8.19078e-05 0.0185497 0.0127207 0.410527 0.148766 0.227954 0.00443256 0.00281839 0.0215867 0.152564 
3.82788e-05 0.000250702 0.00202371 0.696083 0.042178 0.137406 5.85805e-05 0.0735544 0.0323625 0.0160452 
9.15507e-06 0.00128459 6.33441e-05 0.855765 0.0252674 0.0739351 5.17661e-05 0.00129215 0.00916111 0.0331701 
7.58645e-09 2.12159e-05 0.00121784 0.811756 0.00188647 0.177086 1.88336e-07 0.00109188 0.00191079 0.00502925 
1.70043e-05 0.00485313 0.00500329 0.673906 0.288042 0.00314538 0.000128162 0.000580867 0.00567954 0.0186447 
8.35171e-06 0.00497325 0.00535899 0.596238 0.036002 0.298064 8.82375e-05 0.00138346 0.00675213 0.0511313 
6.4527e-05 0.00238541 0.000372643 0.455691 0.0271481 0.351425 0.00021742 0.00117721 0.0806973 0.0808222 
0.000798101 0.00709864 0.00755628 0.381666 0.0905176 0.337203 0.000223516 0.00785763 0.0564029 0.110676 
2.31389e-05 0.0174118 0.0223546 0.411032 0.0576033 0.333458 0.000508523 0.00554742 0.0167716 0.13529 
1.43527e-06 0.00597783 0.000401203 0.30826 0.162403 0.3053 3.46371e-06 6.2631e-05 0.152429 0.065161 
4.94524e-06 0.000983198 0.000597752 0.734717 0.017588 0.0641122 3.08533e-05 0.000655495 0.0105925 0.170718 
0.00133602 0.0125389 0.0709524 0.337278 0.261569 0.0211453 0.000342955 0.00247645 0.0418317 0.25053 
2.13941e-08 4.49635e-05 2.74401e-11 0.656338 2.86609e-06 0.294617 3.524e-11 8.3487e-07 0.0489844 1.175e-05 
0.000117285 0.00372766 8.30322e-08 0.690026 0.00618103 0.275635 8.61308e-05 0.000138163 0.00204511 0.0220437 
1.0804e-06 0.000200851 0.00868588 0.563144 0.0372503 0.20518 3.89877e-05 0.000182479 0.099459 0.0858572 
4.84151e-06 0.0176983 2.23205e-05 0.920407 0.00595274 0.048605 1.13726e-08 1.60831e-08 0.00175971 0.00555038 
3.04197e-07 0.000427017 9.86397e-07 0.958779 0.00227977 0.0290819 2.04447e-06 4.26705e-05 0.00108124 0.00830534 
7.43375e-08 0.000334794 0.000985639 0.906393 0.00109569 0.0741308 2.48254e-05 0.00441605 0.00396936 0.00864993 
2.798e-05 0.0168727 1.20164e-06 0.491727 0.0272753 0.381879 4.60985e-05 0.000177198 0.00287976 0.0791138 
8.25958e-06 0.0142141 0.00157329 0.444114 0.0361427 0.340571 3.55709e-05 0.000175652 0.0570126 0.106154 
4.56175e-07 0.000587497 1.4795e-06 0.9396 0.0033585 0.0423919 3.06562e-06 6.40045e-05 0.00162186 0.012371 
4.44733e-07 0.00481496 1.5927e-06 0.498112 0.00415372 0.44855 9.85191e-05 9.23196e-05 0.0107649 0.033411 
0.000265514 0.00543279 0.00815206 0.470932 0.0197318 0.136863 0.000111923 0.0126016 0.0230977 0.322812 
0.000555875 0.089248 0.000719392 0.400903 0.0735163 0.334053 5.48045e-05 0.0329074 0.0183968 0.0496457 
5.54752e-06 0.00190293 0.00039897 0.865436 0.0250596 0.0489037 3.16735e-05 0.00414668 0.00651197 0.0476028 
0.000110436 0.0106283 0.0057621 0.633934 0.0415059 0.118221 0.000177383 0.00843238 0.0943806 0.0868483 
2.59099e-11 0.0113646 0.00029384 0.656133 0.0276518 0.231199 0.000909748 0.00241202 0.0369772 0.0330595 
1.62038e-05 0.0113305 0.000169613 0.953302 0.00095418 0.0286407 2.50845e-05 2.99767e-06 0.000266124 0.00529264 
1.62038e-05 0.0113305 0.000169613 0.953302 0.00095418 0.0286407 2.50845e-05 2.99767e-06 0.000266124 0.00529264 
1.50705e-09 0.000491518 4.67712e-05 0.979808 0.000319198 0.0181237 1.99223e-09 2.37994e-06 0.000579797 0.000628274 
5.63863e-07 0.00026743 0.00187834 0.813326 0.0505546 0.0545982 2.72232e-05 0.000538706 0.00378134 0.075028 
1.05283e-06 0.0283461 0.00766156 0.413355 0.0428693 0.390678 9.18895e-05 0.00161872 0.0399797 0.0753993 
4.50881e-07 0.00796755 0.00391316 0.769089 0.118263 0.0659204 8.14909e-05 0.00134017 0.0233904 0.0100349 
0.000125145 0.00143359 0.0148802 0.448476 0.131384 0.22448 3.89353e-05 0.000743224 0.0606822 0.117756 
8.12612e-10 0.00238214 0.00680783 0.770561 0.00585302 0.186467 3.27156e-05 0.000385624 0.00175024 0.025761 
4.60693e-08 1.08455e-08 9.66618e-09 0.892577 2.96409e-08 0.107411 1.24138e-08 2.14859e-08 5.04534e-07 1.15342e-05 
0.00231764 0.000325702 0.0236995 0.302252 0.127713 0.272691 0.0141414 0.000254907 0.050052 0.206553 
0.000189812 0.00796853 0.00634956 0.380393 0.110462 0.283084 0.00035631 0.000176398 0.0471165 0.163905 
4.5194e-05 0.00614711 0.0017374 0.54893 0.0685265 0.19745 6.32754e-05 0.00803898 0.0530642 0.115998 
8.43995e-10 2.2969e-05 0.00119291 0.881358 1.12637e-05 0.106857 3.0317e-05 0.000866476 9.89417e-05 0.00956255 
6.48916e-10 0.00620507 0.000389717 0.899118 0.00842539 0.0353783 0.000249812 0.000596558 0.00468331 0.0449539 
9.53238e-07 9.54002e-07 9.54029e-07 0.746762 9.54185e-07 0.0664115 9.53968e-07 9.53768e-07 0.160007 0.0268137 
3.04197e-07 0.000427017 9.86397e-07 0.958779 0.00227977 0.0290819 2.04447e-06 4.26705e-05 0.00108124 0.00830534 
1.70043e-05 0.00485313 0.00500329 0.673906 0.288042 0.00314538 0.000128162 0.000580867 0.00567954 0.0186447 
0.000173736 0.00578294 0.0107811 0.301413 0.1686 0.222588 3.39232e-05 0.00291252 0.0801686 0.207546 
6.31828e-05 0.0105565 0.00346711 0.742852 0.0106734 0.190521 0.000125423 0.00558836 0.0102948 0.0258584 
3.68327e-06 0.0157107 0.0134729 0.764621 0.0662377 0.0758409 3.21715e-05 0.0268494 0.00536941 0.0318622 
5.23585e-06 0.00687059 0.00723381 0.70778 0.0106848 0.218115 6.04604e-05 5.1439e-05 0.00641429 0.042785 
6.09448e-09 0.0027701 0.0412546 0.593763 0.0428284 0.172235 4.59048e-05 0.0172035 0.00777968 0.12212 
7.94741e-05 0.00185463 0.00138397 0.717932 0.060526 0.133845 5.00322e-05 0.00809947 0.0358814 0.0403485 
3.24892e-08 0.00634799 0.0084988 0.435428 0.0304789 0.386592 8.06117e-06 0.0116725 0.0411479 0.0798261 
4.56175e-07 0.000587497 1.4795e-06 0.9396 0.0033585 0.0423919 3.06562e-06 6.40045e-05 0.00162186 0.012371 
7.86729e-07 0.0010964 0.246584 0.368438 0.0448686 0.0133098 3.19904e-06 0.00200724 0.000655533 0.323036 
2.92438e-05 0.0267577 0.0401569 0.692878 0.130109 0.0330662 0.000171828 0.00301268 0.0176799 0.056139 
3.09288e-05 0.00898701 0.00326522 0.420307 0.0337212 0.372242 0.0130466 0.000619632 0.0704381 0.077342 
6.26447e-06 0.00600499 0.00152458 0.633261 0.0161106 0.18653 8.16549e-05 0.016011 0.00737268 0.133097 
4.04099e-07 0.000299538 0.000578349 0.884979 0.00206775 0.0775284 1.94143e-06 0.00060389 0.00305237 0.0308884 
3.53493e-09 0.000803969 6.05646e-09 0.584545 0.100843 0.204238 1.59991e-05 0.000525056 0.00202237 0.107006 
8.30105e-06 0.0101425 0.00206218 0.344985 0.177549 0.271717 0.000367904 0.0737697 0.0752691 0.0441294 
3.04197e-07 0.000427017 9.86397e-07 0.958779 0.00227977 0.0290819 2.04447e-06 4.26705e-05 0.00108124 0.00830534 
3.53493e-09 0.000803969 6.05646e-09 0.584545 0.100843 0.204238 1.59991e-05 0.000525056 0.00202237 0.107006 
7.74276e-06 0.00123131 0.00626036 0.933228 0.0325566 0.00313392 1.39539e-09 6.99857e-05 0.000306573 0.0232056 
8.56758e-06 0.000569421 0.0154952 0.572173 0.03343 0.198692 9.49741e-06 0.000284569 0.0322293 0.147108 
1.28832e-06 0.001985 0.00273142 0.691785 0.0156251 0.235119 1.95263e-06 0.000599483 0.017518 0.0346339 
0.00124381 0.000698993 9.16057e-09 0.865079 0.0217916 0.0743682 2.65083e-05 0.00471995 0.0165968 0.0154754 
1.86579e-05 0.0597758 9.98719e-07 0.573662 0.0735077 0.0477649 8.19193e-05 2.37611e-06 0.0124081 0.232777 
1.88922e-08 0.00487516 0.0116535 0.403468 0.0318919 0.364728 2.30494e-05 0.00238758 0.00906432 0.171908 
0.00193889 0.000939067 0.00446103 0.349891 0.284311 0.157657 3.54395e-05 0.00262247 0.121944 0.0762005 
1.4857e-05 0.014039 0.0024473 0.336418 0.0790521 0.325603 8.39669e-05 0.000855954 0.120605 0.120881 
3.59059e-07 0.000407709 9.70836e-05 0.952587 0.00512665 0.0328884 4.69851e-07 0.000185434 0.00117904 0.00752766 
6.30239e-06 0.00632795 0.00189191 0.765604 0.131129 0.0329799 5.86578e-05 0.00237877 0.0127195 0.0469036 
1.2635e-09 2.2299e-05 0.0284953 0.481188 0.0673704 0.303816 1.84609e-08 1.3888e-07 0.00875767 0.110351 
1.62038e-05 0.0113305 0.000169613 0.953302 0.00095418 0.0286407 2.50845e-05 2.99767e-06 0.000266124 0.00529264 
1.18184e-05 0.0012784 0.000461253 0.560137 0.0323598 0.314616 0.00015684 0.00185893 0.0503874 0.0387326 
9.08542e-10 0.0399573 4.11904e-05 0.59773 0.00247813 0.338603 1.61457e-08 0.000604706 0.0011584 0.0194276 
1.62038e-05 0.0113305 0.000169613 0.953302 0.00095418 0.0286407 2.50845e-05 2.99767e-06 0.000266124 0.00529264 
3.68006e-08 0.0101691 4.49804e-07 0.501905 0.0304081 0.417417 7.97639e-12 0.00093018 0.00147845 0.0376913 
0.00124381 0.000698993 9.16057e-09 0.865079 0.0217916 0.0743682 2.65083e-05 0.00471995 0.0165968 0.0154754 
9.08542e-10 0.0399573 4.11904e-05 0.59773 0.00247813 0.338603 1.61457e-08 0.000604706 0.0011584 0.0194276 
8.53867e-07 0.000256426 0.00451563 0.7943 0.00485927 0.152754 7.48051e-07 4.05013e-05 0.000453609 0.0428183 
8.25958e-06 0.0142141 0.00157329 0.444114 0.0361427 0.340571 3.55709e-05 0.000175652 0.0570126 0.106154 
7.74276e-06 0.00123131 0.00626036 0.933228 0.0325566 0.00313392 1.39539e-09 6.99857e-05 0.000306573 0.0232056 
9.08542e-10 0.0399573 4.11904e-05 0.59773 0.00247813 0.338603 1.61457e-08 0.000604706 0.0011584 0.0194276 
4.19738e-06 0.00458887 2.14228e-05 0.591595 0.0437002 0.240755 0.00031401 0.00132299 0.0313081 0.0863897 
1.17994e-09 4.59117e-05 6.21508e-13 0.914882 0.000300577 0.0197373 2.25711e-08 0.0643219 0.000711987 3.14242e-10 
8.25958e-06 0.0142141 0.00157329 0.444114 0.0361427 0.340571 3.55709e-05 0.000175652 0.0570126 0.106154 
0.000334006 0.0388352 0.00119659 0.352035 0.0685082 0.343338 0.0016288 0.00230697 0.0864554 0.105362 
1.88402e-10 0.00026747 0.00249368 0.7974 0.0423387 0.103329 9.06363e-09 0.000538768 0.00176873 0.0518628 
2.59099e-11 0.0113646 0.00029384 0.656133 0.0276518 0.231199 0.000909748 0.00241202 0.0369772 0.0330595 
0.000299539 2.04701e-05 0.00257667 0.323743 0.195043 0.304859 0.0198918 0.000424322 0.0386512 0.11449 
4.97524e-12 0.0119513 2.12686e-06 0.836357 0.0288917 0.0800998 0.000843951 0.000572801 0.0194715 0.0218103 
5.97761e-05 0.012929 4.51356e-05 0.555881 0.0177616 0.362924 8.8933e-05 0.000209759 0.00524862 0.0448525 
1.14594e-06 0.000597057 0.00200641 0.875117 0.106685 0.00213105 1.14959e-10 0.000160652 0.000124893 0.0131773 
0.0526819 0.00146205 1.15696e-05 0.43844 0.0133643 0.423322 0.000261462 1.0225e-05 0.0501253 0.0203214 
1.38855e-06 0.0248507 0.0321025 0.376538 0.112453 0.266674 6.64091e-05 0.00291359 0.0400488 0.144352 
0.000185563 0.00177225 0.000217979 0.78745 0.0210221 0.144946 1.32686e-05 0.00633303 0.0142477 0.0238126 
8.25958e-06 0.0142141 0.00157329 0.444114 0.0361427 0.340571 3.55709e-05 0.000175652 0.0570126 0.106154 
5.75319e-07 0.00185346 0.000508067 0.926384 0.00199723 0.0513281 2.80539e-05 0.00238241 0.0051422 0.0103763 
0.00527681 0.00888731 0.00180087 0.686691 0.0440525 0.139249 0.000198199 0.00247741 0.0673107 0.0440555 
0.00117634 0.00916288 9.33646e-05 0.761356 0.0306066 0.144406 3.3119e-05 0.000601444 0.0344482 0.0181168 
1.57595e-05 0.00219656 6.18704e-08 0.69559 0.00593405 0.274867 4.2129e-05 0.000116634 0.00191517 0.0193225 
4.04099e-07 0.000299538 0.000578349 0.884979 0.00206775 0.0775284 1.94143e-06 0.00060389 0.00305237 0.0308884 
5.97761e-05 0.012929 4.51356e-05 0.555881 0.0177616 0.362924 8.8933e-05 0.000209759 0.00524862 0.0448525 
0.000255445 0.0128837 0.0338636 0.270472 0.159682 0.192111 9.00956e-05 0.00236039 0.134957 0.193324 
8.95508e-06 0.00502132 0.00502981 0.458875 0.105331 0.255143 0.00616149 0.00785429 0.045937 0.110638 
1.54711e-06 0.00271858 0.00093558 0.82383 0.0272986 0.0216249 3.29049e-05 0.0096425 0.00535165 0.108563 
3.06322e-05 0.019405 0.0161001 0.283848 0.248829 0.198717 0.000168736 0.00716453 0.0459379 0.179799 
2.39085e-07 0.0151024 0.0335282 0.339929 0.0373605 0.24778 0.00400565 0.000407186 0.00184531 0.320041 
1.57595e-05 0.00219656 6.18704e-08 0.69559 0.00593405 0.274867 4.2129e-05 0.000116634 0.00191517 0.0193225 
7.51904e-11 0.000267425 0.00142016 0.870348 0.0372251 0.0365693 3.57901e-09 0.000538698 0.00176869 0.0518626 
1.28192e-05 0.043738 0.000424504 0.556776 0.0193042 0.326565 0.00011366 0.00360778 0.00892864 0.0405295 
2.02064e-12 0.00105084 4.23967e-13 0.99097 1.84493e-05 0.00790801 1.54653e-06 3.33513e-08 4.98911e-05 1.27936e-06 
7.05238e-08 0.017016 0.000165372 0.804382 0.0256538 0.109936 0.00020299 0.00273693 0.00887539 0.0310323 
2.39085e-07 0.0151024 0.0335282 0.339929 0.0373605 0.24778 0.00400565 0.000407186 0.00184531 0.320041 
1.22831e-06 0.00109399 0.000245568 0.860013 0.0322689 0.0299265 1.94707e-05 0.00605463 0.00733585 0.0630408 
4.97524e-12 0.0119513 2.12686e-06 0.836357 0.0288917 0.0800998 0.000843951 0.000572801 0.0194715 0.0218103 
1.78117e-05 0.00828482 0.00168948 0.724105 0.0506923 0.104146 0.000347308 0.00296962 0.0219296 0.0858181 
2.41555e-06 0.00492454 0.00525697 0.783474 0.086939 0.0675026 4.9581e-05 0.000354199 0.00565228 0.045844 
2.47035e-05 0.0129897 0.00476538 0.584667 0.0860091 0.192848 0.000331837 0.00275194 0.0664765 0.0491358 
1.57595e-05 0.00219656 6.18704e-08 0.69559 0.00593405 0.274867 4.2129e-05 0.000116634 0.00191517 0.0193225 
5.66192e-09 0.000135865 0.000463993 0.938284 0.00272029 0.045397 2.46161e-08 0.00195522 0.0090545 0.0019895 
1.62038e-05 0.0113305 0.000169613 0.953302 0.00095418 0.0286407 2.50845e-05 2.99767e-06 0.000266124 0.00529264 
3.37409e-06 0.000539844 0.00197767 0.490062 0.0183346 0.390339 1.46725e-05 0.00089439 0.0386183 0.0592157 
1.70043e-05 0.00485313 0.00500329 0.673906 0.288042 0.00314538 0.000128162 0.000580867 0.00567954 0.0186447 
7.05238e-08 0.017016 0.000165372 0.804382 0.0256538 0.109936 0.00020299 0.00273693 0.00887539 0.0310323 
0.000169373 0.0128645 0.0106749 0.422274 0.0635653 0.345711 0.00183317 0.00829238 0.0322413 0.102374 
7.51904e-11 0.000267425 0.00142016 0.870348 0.0372251 0.0365693 3.57901e-09 0.000538698 0.00176869 0.0518626 
3.46635e-06 0.00997755 0.00340725 0.717659 0.0575029 0.040347 0.00302881 0.00310118 0.0557387 0.109234 
9.90902e-07 0.00127405 0.00298555 0.895721 0.0234817 0.0507611 5.98108e-07 0.000141884 0.000569898 0.0250633 
0.00122828 0.000285869 2.57352e-06 0.89158 0.00228559 0.0856946 7.3675e-05 0.00125438 0.0167486 0.000846269 
0.000235038 0.00903201 0.00668292 0.671642 0.0293948 0.10198 4.98746e-05 0.00439524 0.0109542 0.165634 
7.51904e-11 0.000267425 0.00142016 0.870348 0.0372251 0.0365693 3.57901e-09 0.000538698 0.00176869 0.0518626 
8.25958e-06 0.0142141 0.00157329 0.444114 0.0361427 0.340571 3.55709e-05 0.000175652 0.0570126 0.106154 
0.000174683 0.00392875 0.0055171 0.401519 0.0634511 0.351055 0.00935903 0.0043824 0.094542 0.0660713 
3.33341e-08 0.00554485 0.000263932 0.750787 0.0164289 0.122272 0.000204077 0.000503202 0.00648885 0.0975068 
5.66192e-09 0.000135865 0.000463993 0.938284 0.00272029 0.045397 2.46161e-08 0.00195522 0.0090545 0.0019895 
1.14186e-05 0.00648498 0.00222445 0.779896 0.0575488 0.0794012 0.000313871 0.00259539 0.0152536 0.0562708 
1.33188e-07 0.00965358 0.000541886 0.793999 0.0056183 0.137711 1.00841e-05 0.000478873 0.00116721 0.0508198 
9.08542e-10 0.0399573 4.11904e-05 0.59773 0.00247813 0.338603 1.61457e-08 0.000604706 0.0011584 0.0194276 
1.76157e-10 4.14702e-11 2.41739e-07 0.906029 9.36341e-08 0.0783866 4.74672e-11 0.000488621 0.0150911 4.43007e-06 
1.02743e-07 0.00242041 0.00476729 0.620857 0.0472206 0.11794 1.47874e-05 0.000834171 0.010861 0.195085 
1.57595e-05 0.00219656 6.18704e-08 0.69559 0.00593405 0.274867 4.2129e-05 0.000116634 0.00191517 0.0193225 
4.27134e-08 0.0115392 0.0156579 0.68374 0.0826111 0.115625 0.000259102 0.000282362 0.0143287 0.0759568 
5.97761e-05 0.012929 4.51356e-05 0.555881 0.0177616 0.362924 8.8933e-05 0.000209759 0.00524862 0.0448525 
7.51904e-11 0.000267425 0.00142016 0.870348 0.0372251 0.0365693 3.57901e-09 0.000538698 0.00176869 0.0518626 
8.12612e-10 0.00238214 0.00680783 0.770561 0.00585302 0.186467 3.27156e-05 0.000385624 0.00175024 0.025761 
2.11448e-07 0.00698754 0.0225879 0.466523 0.0718453 0.267777 8.70442e-05 0.005279 0.0149959 0.143917 
8.96205e-06 0.0227819 0.000115661 0.600087 0.0138096 0.31637 0.00023154 0.000642774 0.035527 0.0104251 
7.58194e-06 0.0116867 0.00890655 0.432527 0.0408503 0.348618 4.9694e-05 0.000168565 0.0539939 0.103192 
7.52232e-06 0.00481648 0.0033189 0.775658 0.121086 0.012661 9.6559e-05 0.00497899 0.0071819 0.0701946 
1.26796e-06 0.0241857 0.00644785 0.361277 0.0401796 0.342174 0.000165804 0.000622013 0.0485303 0.176417 
3.6695e-05 0.0341919 0.00386578 0.542386 0.00702179 0.273437 3.63323e-07 0.000137364 0.0213798 0.117543 
2.61334e-06 0.0203581 0.00472967 0.436925 0.00559463 0.307819 0.000365841 0.00728298 0.104088 0.112835 
0.000271841 0.00510742 0.00486207 0.467301 0.0416502 0.296363 0.0141738 0.00494639 0.0551827 0.110142 
4.71455e-07 0.0483845 0.0920864 0.416946 0.0113808 0.385316 2.18972e-05 7.19795e-05 0.002235 0.043556 
9.08542e-10 0.0399573 4.11904e-05 0.59773 0.00247813 0.338603 1.61457e-08 0.000604706 0.0011584 0.0194276 
1.88402e-10 0.00026747 0.00249368 0.7974 0.0423387 0.103329 9.06363e-09 0.000538768 0.00176873 0.0518628 
7.74276e-06 0.00123131 0.00626036 0.933228 0.0325566 0.00313392 1.39539e-09 6.99857e-05 0.000306573 0.0232056 
1.0804e-06 0.000200851 0.00868588 0.563144 0.0372503 0.20518 3.89877e-05 0.000182479 0.099459 0.0858572 
1.00236e-05 0.00654509 0.00129159 0.467104 0.100041 0.0714421 0.000437419 0.00871612 0.157599 0.186814 
1.23026e-08 0.0017955 0.00397686 0.668255 0.042882 0.143566 9.75928e-06 0.000663678 0.00175066 0.137101 
1.20015e-07 0.00309324 0.0330257 0.595901 0.0370716 0.217096 7.32303e-05 0.00462797 0.00790175 0.101209 
9.31944e-06 0.00617642 0.000260828 0.709378 0.018098 0.20203 0.000168473 0.00540338 0.025964 0.0325111 
0.00276474 0.0274065 1.37508e-07 0.382595 0.145961 0.249269 0.000957035 5.18279e-08 0.0929007 0.0981452 
7.05238e-08 0.017016 0.000165372 0.804382 0.0256538 0.109936 0.00020299 0.00273693 0.00887539 0.0310323 
3.07319e-08 0.000150516 5.13427e-05 0.599547 0.00122917 0.393923 1.95967e-11 0.00350059 0.000250917 0.00134759 
3.30645e-06 0.00546081 0.00455962 0.731286 0.0491861 0.126476 5.3433e-05 0.00204118 0.0172405 0.0636931 
3.80089e-06 0.00158316 0.0685212 0.587896 0.0477604 0.144967 1.47481e-05 0.0287007 0.0208764 0.0996767 
1.54711e-06 0.00271858 0.00093558 0.82383 0.0272986 0.0216249 3.29049e-05 0.0096425 0.00535165 0.108563 
7.58142e-07 0.00222022 0.000749163 0.86272 0.00806882 0.0615431 9.36646e-06 0.00193797 0.00231273 0.0604384 
2.30304e-05 0.000651946 0.000279277 0.725042 0.0588302 0.0307556 7.94997e-05 0.00264906 0.0336159 0.148074 
0.000299305 0.131884 0.0111878 0.432517 0.0808716 0.147395 0.00815527 0.0015348 0.0914819 0.0946738 
9.53425e-05 7.74202e-08 0.0793383 0.624761 0.0225528 0.175469 1.66682e-05 3.21379e-06 0.0392485 0.0585144 
4.15561e-06 0.00250246 0.0149269 0.573871 0.0156258 0.360606 8.34472e-06 0.00260393 0.00112752 0.0287238 
5.0317e-06 0.00487849 0.000314152 0.856874 0.0151449 0.0847615 6.59793e-05 0.00159438 0.00618604 0.030176 
1.9661e-05 0.0603892 0.0119223 0.466826 0.0938617 0.169943 9.14113e-05 0.00222872 0.022303 0.172415 
8.25958e-06 0.0142141 0.00157329 0.444114 0.0361427 0.340571 3.55709e-05 0.000175652 0.0570126 0.106154 
8.12612e-10 0.00238214 0.00680783 0.770561 0.00585302 0.186467 3.27156e-05 0.000385624 0.00175024 0.025761 
2.45925e-06 0.000403742 0.000264161 0.56859 0.0438425 0.283354 4.894e-06 0.000566642 0.0467735 0.056198 
1.55054e-05 0.00411244 0.00469581 0.750172 0.226054 0.000744596 0.000101958 0.000219031 0.00416688 0.00971773 
1.70043e-05 0.00485313 0.00500329 0.673906 0.288042 0.00314538 0.000128162 0.000580867 0.00567954 0.0186447 
0.000522072 0.019667 0.00373098 0.454863 0.294109 0.114125 0.0105934 0.0226227 0.0289911 0.0507758 
5.33411e-07 0.0365341 0.0739629 0.308466 0.0847903 0.111606 0.00210492 0.0125368 0.0801178 0.289881 
4.7213e-08 0.00134717 0.000749046 0.652395 0.00514119 0.13374 1.04157e-05 0.000179913 0.00114167 0.205295 
1.97535e-13 4.65029e-14 1.69817e-06 0.863406 0.0156706 0.0962537 5.32277e-14 1.19463e-06 0.00817228 0.0164948 
7.74276e-06 0.00123131 0.00626036 0.933228 0.0325566 0.00313392 1.39539e-09 6.99857e-05 0.000306573 0.0232056 
0.000647121 0.00379975 0.00351701 0.661694 0.107151 0.0464286 0.000113057 0.00505171 0.102673 0.0689242 
2.67684e-06 0.00341091 0.00327564 0.622088 0.0120724 0.199217 2.64311e-05 4.43356e-05 0.0406917 0.11917 
9.19094e-08 0.000114652 9.29859e-06 0.432203 0.0315586 0.277912 1.39172e-06 0.000354718 0.0191261 0.23872 
8.25958e-06 0.0142141 0.00157329 0.444114 0.0361427 0.340571 3.55709e-05 0.000175652 0.0570126 0.106154 
4.50038e-05 0.00184065 5.79424e-08 0.439513 0.300335 0.117553 1.88455e-08 1.36164e-05 0.0230662 0.117633 
3.04197e-07 0.000427017 9.86397e-07 0.958779 0.00227977 0.0290819 2.04447e-06 4.26705e-05 0.00108124 0.00830534 
3.65103e-12 8.59512e-13 5.82722e-05 0.600893 1.7678e-13 0.397915 3.71015e-05 9.68898e-08 0.00059252 0.000504847 
0.000374785 0.00363543 0.0192507 0.480222 0.0604903 0.307107 0.00103856 0.00667648 0.0476984 0.0735065 
1.62038e-05 0.0113305 0.000169613 0.953302 0.00095418 0.0286407 2.50845e-05 2.99767e-06 0.000266124 0.00529264 
6.4527e-05 0.00238541 0.000372643 0.455691 0.0271481 0.351425 0.00021742 0.00117721 0.0806973 0.0808222 
4.56175e-07 0.000587497 1.4795e-06 0.9396 0.0033585 0.0423919 3.06562e-06 6.40045e-05 0.00162186 0.012371 
1.41435e-05 0.00750544 0.00460488 0.734676 0.071911 0.0838947 2.84744e-05 0.00303877 0.0158175 0.0785091 
1.88402e-10 0.00026747 0.00249368 0.7974 0.0423387 0.103329 9.06363e-09 0.000538768 0.00176873 0.0518628 
1.62038e-05 0.0113305 0.000169613 0.953302 0.00095418 0.0286407 2.50845e-05 2.99767e-06 0.000266124 0.00529264 
2.56772e-05 0.0169724 0.000452473 0.946817 0.000994836 0.0281808 3.34785e-05 3.45866e-05 0.000272233 0.00621669 
1.01395e-05 0.00165753 0.000623003 0.745079 0.0376139 0.125033 8.45523e-05 0.000403261 0.0426903 0.0468049 
2.76927e-05 0.0671209 0.00866698 0.27861 0.121185 0.268681 7.81293e-05 0.00373468 0.0402932 0.211602 
9.46185e-05 0.0291237 0.00316217 0.524169 0.0467775 0.206239 0.00656454 0.00843998 0.0699603 0.10547 
1.42894e-08 0.00774636 0.00455911 0.799349 0.0377702 0.0995036 5.53742e-05 0.00134475 0.012753 0.0369184 
9.50696e-05 0.0125159 0.00550519 0.46904 0.0417389 0.294906 0.00291688 0.00457973 0.0567001 0.112002 
2.51254e-09 4.85903e-05 0.000355581 0.954874 0.00555667 0.0340639 6.62364e-13 0.000283455 0.000915687 0.0039025 
2.19569e-05 0.0168986 0.00332568 0.761702 0.0356133 0.114587 0.000278553 0.000225245 0.0171106 0.050237 
1.81794e-06 0.0168321 0.00891262 0.590798 0.22729 0.113044 0.000235683 0.0017685 0.00874628 0.0323709 
0.000866299 0.0115761 7.88848e-05 0.428262 0.0489212 0.227951 0.000766343 0.00394693 0.250086 0.0275457 
3.55101e-05 0.00696643 0.00594051 0.380967 0.081543 0.337322 3.18087e-05 0.00238823 0.0189881 0.165817 
0.000478422 0.00745812 0.0159261 0.638844 0.0550407 0.132439 8.66123e-05 0.00141264 0.0695194 0.0787947 
1.07265e-05 0.0081594 0.00760231 0.357851 0.140846 0.0703052 4.46807e-05 0.00025664 0.301972 0.112952 
9.08467e-06 0.00162038 0.00491554 0.299995 0.177746 0.286481 7.05463e-05 0.00267756 0.0804137 0.146071 
5.22271e-05 6.38709e-09 0.00192175 0.621839 0.00831475 0.169588 8.51548e-05 0.00085809 0.1781 0.0192416 
5.98859e-08 0.0110004 0.00229643 0.787903 0.0175779 0.141344 0.00016107 0.00165821 0.00555828 0.0325004 
7.42111e-05 0.0001236 0.000516863 0.71536 0.0531934 0.0158407 6.53275e-05 0.000865642 0.203262 0.0106983 
0.000112901 4.86546e-07 0.00171667 0.750485 0.00570413 0.222588 8.04545e-05 6.706e-05 0.0192314 1.36919e-05 
0.000221745 0.0055855 0.0114861 0.41805 0.084842 0.389127 0.0107225 0.00107314 0.0313089 0.0475831 
0.00018494 0.0178752 0.052585 0.414135 0.0577331 0.308685 0.0153468 0.012189 0.0572574 0.0640078 
2.6292e-07 2.6313e-07 2.63138e-07 0.860172 2.63181e-07 0.136826 2.63121e-07 2.63066e-07 2.63164e-07 0.00300053 
6.60644e-08 1.37705e-05 2.57878e-11 0.505884 0.000574785 0.280265 5.83047e-08 1.04866e-07 0.209612 0.00365003 
4.63469e-06 0.00964831 0.00287484 0.679521 0.0667366 0.143063 8.03012e-05 0.00308586 0.0215702 0.0734156 
7.74276e-06 0.00123131 0.00626036 0.933228 0.0325566 0.00313392 1.39539e-09 6.99857e-05 0.000306573 0.0232056 
7.05238e-08 0.017016 0.000165372 0.804382 0.0256538 0.109936 0.00020299 0.00273693 0.00887539 0.0310323 
4.97524e-12 0.0119513 2.12686e-06 0.836357 0.0288917 0.0800998 0.000843951 0.000572801 0.0194715 0.0218103 
4.10683e-05 0.0016712 0.00129357 0.49457 0.0401017 0.385472 4.39531e-05 0.0056095 0.0130729 0.0581236 
9.24279e-06 0.00535587 0.00821259 0.759334 0.00768959 0.176147 1.93637e-05 0.00120316 0.00322351 0.0388061 
8.25958e-06 0.0142141 0.00157329 0.444114 0.0361427 0.340571 3.55709e-05 0.000175652 0.0570126 0.106154 
1.24614e-09 6.79209e-05 0.00630483 0.754514 0.0217207 0.188284 1.79586e-08 0.000360834 0.00108678 0.0276607 
4.53341e-07 0.00069317 0.0167231 0.703162 0.130775 0.0980553 1.01918e-08 0.039172 8.58034e-05 0.0113323 
8.53867e-07 0.000256426 0.00451563 0.7943 0.00485927 0.152754 7.48051e-07 4.05013e-05 0.000453609 0.0428183 
1.70043e-05 0.00485313 0.00500329 0.673906 0.288042 0.00314538 0.000128162 0.000580867 0.00567954 0.0186447 
0.00011636 0.00793254 0.0003302 0.700411 0.0368547 0.127242 0.000202655 0.00100383 0.107101 0.0188057 
2.96228e-07 0.0716187 3.66078e-05 0.370656 0.173107 0.185437 0.00890942 0.000565043 0.034877 0.154793 
2.80563e-07 0.00076852 0.0071972 0.582327 0.00433977 0.255622 3.26827e-05 0.0074426 0.0125093 0.129761 
0.000156793 0.0314111 0.00266022 0.644776 0.0633034 0.099254 0.0017251 0.0263851 0.0477561 0.0825721 
0.000111239 0.0298595 0.0562537 0.406257 0.0552887 0.262519 6.6474e-05 0.0738181 0.089853 0.0259735 
3.15831e-05 0.00272034 0.00832435 0.400138 0.0938866 0.293424 7.73686e-05 0.0102457 0.149571 0.0415817 
8.259e-06 0.0101505 0.00681731 0.520737 0.0286508 0.312004 3.06388e-05 0.000229463 0.0444708 0.0769007 
4.84151e-06 0.0176983 2.23205e-05 0.920407 0.00595274 0.048605 1.13726e-08 1.60831e-08 0.00175971 0.00555038 
1.40242e-08 0.000150336 0.00116395 0.711996 0.0198957 0.237457 7.6915e-09 0.000251471 0.00123504 0.0278503 
6.77677e-06 0.00216594 0.00241656 0.913222 0.0554952 0.0117624 5.18597e-05 0.000186775 0.00224004 0.012453 
7.85532e-06 0.00258328 0.00042594 0.252785 0.015933 0.239825 0.133027 0.109199 0.152904 0.0933101 
8.25958e-06 0.0142141 0.00157329 0.444114 0.0361427 0.340571 3.55709e-05 0.000175652 0.0570126 0.106154 
8.25958e-06 0.0142141 0.00157329 0.444114 0.0361427 0.340571 3.55709e-05 0.000175652 0.0570126 0.106154 
5.65951e-06 0.00969217 0.0162562 0.338994 0.0723066 0.336614 2.43348e-05 0.000119888 0.0910814 0.134906 
6.87395e-07 0.00165363 0.00457071 0.524706 0.0327322 0.141031 1.76926e-05 0.00115745 0.0143362 0.279794 
1.63605e-06 6.15293e-06 0.0017685 0.579531 0.00499633 0.331906 9.16363e-06 0.000485705 0.00797786 0.0733171 
1.4902e-09 0.000395969 0.00115484 0.958359 0.00010421 0.00554158 1.30636e-06 1.09481e-07 5.59175e-06 0.0344379 
7.74276e-06 0.00123131 0.00626036 0.933228 0.0325566 0.00313392 1.39539e-09 6.99857e-05 0.000306573 0.0232056 
1.70043e-05 0.00485313 0.00500329 0.673906 0.288042 0.00314538 0.000128162 0.000580867 0.00567954 0.0186447 
2.38835e-05 0.015954 0.000389737 0.947761 0.00101279 0.0283762 3.22045e-05 2.7113e-05 0.000274784 0.00614796 
1.0804e-06 0.000200851 0.00868588 0.563144 0.0372503 0.20518 3.89877e-05 0.000182479 0.099459 0.0858572 
0.000106579 0.00303692 0.00473925 0.718166 0.0859661 0.0909756 0.0146644 0.00254317 0.0346876 0.0451144 
8.25958e-06 0.0142141 0.00157329 0.444114 0.0361427 0.340571 3.55709e-05 0.000175652 0.0570126 0.106154 
1.55054e-05 0.00411244 0.00469581 0.750172 0.226054 0.000744596 0.000101958 0.000219031 0.00416688 0.00971773 
1.97531e-06 2.67118e-05 0.000420001 0.77306 0.0196097 0.100553 2.72201e-05 4.29498e-05 0.0727794 0.0334786 
4.56175e-07 0.000587497 1.4795e-06 0.9396 0.0033585 0.0423919 3.06562e-06 6.40045e-05 0.00162186 0.012371 
2.0215e-10 0.000570686 0.0185209 0.537588 0.222149 0.179849 1.18938e-08 0.000858797 0.0031047 0.0373588 
8.34572e-07 0.0118185 0.000353233 0.767691 0.0383446 0.125734 1.40615e-05 0.000144712 0.0128253 0.0430729 
3.04197e-07 0.000427017 9.86397e-07 0.958779 0.00227977 0.0290819 2.04447e-06 4.26705e-05 0.00108124 0.00830534 
0.000867596 0.002283 0.00253498 0.673358 0.0353854 0.173383 5.95339e-05 0.00681536 0.0424007 0.0629125 
8.43995e-10 2.2969e-05 0.00119291 0.881358 1.12637e-05 0.106857 3.0317e-05 0.000866476 9.89417e-05 0.00956255 
4.90154e-09 0.00666017 0.000558632 0.742961 0.0524282 0.134132 3.11389e-06 8.69616e-05 0.016107 0.0470633 
5.34938e-05 0.00569666 0.00216654 0.799596 0.0392115 0.0748556 0.000244324 0.00341017 0.0234746 0.0512917 
1.76866e-05 0.0145973 0.00134348 0.373134 0.0542536 0.339128 2.79324e-05 0.00023978 0.0781309 0.139127 
1.63605e-06 6.15293e-06 0.0017685 0.579531 0.00499633 0.331906 9.16363e-06 0.000485705 0.00797786 0.0733171 
5.97761e-05 0.012929 4.51356e-05 0.555881 0.0177616 0.362924 8.8933e-05 0.000209759 0.00524862 0.0448525 
6.20785e-05 0.0107767 0.00062977 0.430723 0.0691749 0.273043 0.00357291 0.00142284 0.0601708 0.150424 
9.15507e-06 0.00128459 6.33441e-05 0.855765 0.0252674 0.0739351 5.17661e-05 0.00129215 0.00916111 0.0331701 
3.49159e-06 0.00117333 0.000501378 0.621974 0.0303568 0.168997 3.65309e-05 0.000777433 0.0774784 0.0987013 
5.05661e-05 0.00397795 0.00128914 0.793986 0.0322612 0.101156 0.000100346 0.00759496 0.0195724 0.0400112 
3.04197e-07 0.000427017 9.86397e-07 0.958779 0.00227977 0.0290819 2.04447e-06 4.26705e-05 0.00108124 0.00830534 
7.51904e-11 0.000267425 0.00142016 0.870348 0.0372251 0.0365693 3.57901e-09 0.000538698 0.00176869 0.0518626 
5.94045e-07 0.00356812 0.0234238 0.504251 0.0446249 0.236782 2.16355e-05 0.155751 0.0244911 0.00708567 
0.000117285 0.00372766 8.30322e-08 0.690026 0.00618103 0.275635 8.61308e-05 0.000138163 0.00204511 0.0220437 
0.0526819 0.00146205 1.15696e-05 0.43844 0.0133643 0.423322 0.000261462 1.0225e-05 0.0501253 0.0203214 
4.1412e-06 0.00801158 1.46754e-06 0.680588 0.00311051 0.208204 4.52507e-08 4.22419e-05 0.0773174 0.0227204 
5.90929e-05 0.00641827 0.000169596 0.626665 0.0662752 0.0449525 0.000130347 0.00166373 0.00825667 0.24541 
9.501e-06 0.020436 0.000253113 0.380996 0.0531938 0.323843 3.90884e-05 0.000335656 0.0880278 0.132866 
0.000425724 0.0015899 0.000293797 0.411175 0.0181179 0.33121 0.000167155 0.00165557 0.223824 0.0115412 
7.05238e-08 0.017016 0.000165372 0.804382 0.0256538 0.109936 0.00020299 0.00273693 0.00887539 0.0310323 
7.70335e-08 0.00128642 0.000249705 0.840753 0.00326891 0.0581795 3.96672e-05 0.0267015 0.00108932 0.0684319 
8.46965e-06 0.00138224 0.0108541 0.541176 0.0171914 0.264152 0.0705864 0.00636596 0.00150325 0.0867802 
8.40328e-05 0.0011892 0.00301007 0.515287 0.0549483 0.194855 1.13151e-05 0.020953 0.0743955 0.135267 
7.99282e-06 0.0010247 0.348013 0.352379 0.0176655 0.194756 0.000102142 0.00370668 0.00260905 0.0797356 
1.00875e-06 0.00150218 0.00115485 0.864492 0.0111577 0.0469483 1.27433e-05 0.00353268 0.00414108 0.0670575 
1.88402e-10 0.00026747 0.00249368 0.7974 0.0423387 0.103329 9.06363e-09 0.000538768 0.00176873 0.0518628 
8.53867e-07 0.000256426 0.00451563 0.7943 0.00485927 0.152754 7.48051e-07 4.05013e-05 0.000453609 0.0428183 
9.46626e-05 0.00549445 0.0154144 0.250659 0.173727 0.20123 0.000170953 0.000948786 0.160643 0.191617 
3.13713e-06 0.0129264 0.0083162 0.407981 0.0509081 0.352564 5.36425e-05 0.000190751 0.0558043 0.111252 
1.2698e-06 0.0245173 0.00799782 0.495813 0.0400298 0.339097 4.81776e-05 0.00584253 0.00611195 0.0805403 
0.000226453 0.00285091 1.76264e-06 0.563251 0.00583387 0.405923 6.5923e-05 0.000122698 0.00156403 0.0201603 
7.02108e-06 0.00169741 0.0033276 0.831145 0.0279152 0.0747308 3.28159e-05 0.0032533 0.00599318 0.0518975 
2.53384e-06 0.005312 0.00205357 0.884022 0.0181241 0.0505178 4.58007e-05 0.000999442 0.00384947 0.0350736 
3.58042e-05 0.0012649 0.00302386 0.504804 0.0478364 0.265468 0.00624483 0.00847493 0.0178975 0.14495 
8.25958e-06 0.0142141 0.00157329 0.444114 0.0361427 0.340571 3.55709e-05 0.000175652 0.0570126 0.106154 
2.2319e-08 5.25427e-09 0.00011483 0.706012 0.0045132 0.237275 6.01408e-09 0.048908 0.00250221 0.000674403 
7.74276e-06 0.00123131 0.00626036 0.933228 0.0325566 0.00313392 1.39539e-09 6.99857e-05 0.000306573 0.0232056 
3.55677e-07 0.00357145 0.0103148 0.496838 0.0133871 0.354656 1.61865e-05 0.000815967 0.00273285 0.117666 
0.000108118 0.00164743 1.49401e-07 0.671024 0.0117493 0.254364 0.000168347 0.000140477 0.0208545 0.0399441 
5.97761e-05 0.012929 4.51356e-05 0.555881 0.0177616 0.362924 8.8933e-05 0.000209759 0.00524862 0.0448525 
8.00945e-07 0.181375 0.00234367 0.335725 0.0154403 0.259144 5.49732e-06 0.00317332 0.0328192 0.169973 
5.1693e-05 0.00262977 0.00301732 0.756196 0.0206848 0.110671 1.95817e-05 0.00142151 0.0151268 0.0901806 
4.97524e-12 0.0119513 2.12686e-06 0.836357 0.0288917 0.0800998 0.000843951 0.000572801 0.0194715 0.0218103 
2.24275e-06 0.00309909 0.00468666 0.622712 0.0821676 0.190856 1.13349e-06 0.000731916 0.0311791 0.0645645 
9.15507e-06 0.00128459 6.33441e-05 0.855765 0.0252674 0.0739351 5.17661e-05 0.00129215 0.00916111 0.0331701 
9.06788e-06 0.0176135 0.00421729 0.710893 0.0384906 0.041985 0.00249376 0.00189031 0.00970238 0.172705 
3.84913e-05 0.0159113 0.00596208 0.711954 0.0582513 0.119962 0.000368081 0.00854972 0.0194476 0.0595549 
2.15896e-07 0.00134716 0.00696673 0.412229 0.0901876 0.251508 1.68952e-06 0.000735068 0.187699 0.0493245 
1.22831e-06 0.00109399 0.000245568 0.860013 0.0322689 0.0299265 1.94707e-05 0.00605463 0.00733585 0.0630408 
1.54711e-06 0.00271858 0.00093558 0.82383 0.0272986 0.0216249 3.29049e-05 0.0096425 0.00535165 0.108563 
3.04197e-07 0.000427017 9.86397e-07 0.958779 0.00227977 0.0290819 2.04447e-06 4.26705e-05 0.00108124 0.00830534 
8.08129e-12 5.04145e-05 1.59692e-06 0.918576 0.056301 0.0102242 5.42227e-09 1.14312e-08 0.000486829 0.0143602 
7.28387e-06 0.00242502 0.0014475 0.876326 0.0535067 0.0340411 7.05548e-05 0.00198395 0.00626142 0.0239303 
6.52305e-05 0.0241988 0.0127773 0.361083 0.153361 0.326788 0.00112866 0.00907464 0.0408878 0.0706352 
4.97524e-12 0.0119513 2.12686e-06 0.836357 0.0288917 0.0800998 0.000843951 0.000572801 0.0194715 0.0218103 
8.25958e-06 0.0142141 0.00157329 0.444114 0.0361427 0.340571 3.55709e-05 0.000175652 0.0570126 0.106154 
1.62038e-05 0.0113305 0.000169613 0.953302 0.00095418 0.0286407 2.50845e-05 2.99767e-06 0.000266124 0.00529264 
2.60802e-08 2.75627e-09 4.35154e-06 0.700016 0.0171241 0.0887789 1.97485e-08 9.94388e-09 0.141354 0.0527228 
0.00078418 0.0047232 0.00640761 0.525479 0.135149 0.0588323 0.000138209 0.00617463 0.160463 0.101849 
1.90469e-07 0.00013807 0.00160697 0.427925 0.0291736 0.302407 1.08822e-05 0.000149548 0.108695 0.129894 
0.0787766 0.00765566 0.00566327 0.597414 0.0406269 0.114621 0.000622296 0.00893639 0.04876 0.0969234 
6.18094e-07 0.00633862 9.01293e-05 0.885709 0.015215 0.0571629 4.7558e-05 0.0128597 0.00526889 0.0173079 
4.91601e-06 0.0133548 0.00201944 0.770598 0.134271 0.0389626 0.000277939 0.00178051 0.00903201 0.0296994 
0.030056 0.00839493 0.0205117 0.376022 0.0483294 0.352521 0.000237278 0.0120654 0.0499961 0.101866 
4.84151e-06 0.0176983 2.23205e-05 0.920407 0.00595274 0.048605 1.13726e-08 1.60831e-08 0.00175971 0.00555038 
6.85645e-08 0.0147449 0.0105857 0.581072 0.0740709 0.176105 7.44984e-05 0.000481775 0.0315215 0.111343 
8.08129e-12 5.04145e-05 1.59692e-06 0.918576 0.056301 0.0102242 5.42227e-09 1.14312e-08 0.000486829 0.0143602 
1.70043e-05 0.00485313 0.00500329 0.673906 0.288042 0.00314538 0.000128162 0.000580867 0.00567954 0.0186447 
9.27043e-06 0.0337313 0.00106234 0.401406 0.0108504 0.227638 0.00211941 0.000304851 0.261572 0.0613069 
1.76866e-05 0.0145973 0.00134348 0.373134 0.0542536 0.339128 2.79324e-05 0.00023978 0.0781309 0.139127 
3.62518e-09 6.54663e-05 0.00053337 0.933882 0.00817802 0.0497453 9.22522e-13 0.000425181 0.00137353 0.00579731 
3.01308e-09 0.00124697 0.000177173 0.957474 0.00121062 0.0318466 6.03759e-05 0.00236914 0.00479359 0.000821906 
0.00157373 0.00754944 0.0858406 0.251929 0.175714 0.247678 9.6677e-05 0.00465581 0.039943 0.18502 
7.74276e-06 0.00123131 0.00626036 0.933228 0.0325566 0.00313392 1.39539e-09 6.99857e-05 0.000306573 0.0232056 
4.54707e-11 1.49971e-08 5.73389e-09 0.747608 2.20166e-12 0.252392 1.22525e-11 1.48659e-08 1.12416e-07 1.95824e-08 
7.05238e-08 0.017016 0.000165372 0.804382 0.0256538 0.109936 0.00020299 0.00273693 0.00887539 0.0310323 
2.66898e-06 0.0143769 8.02709e-06 0.752152 0.0143294 0.187325 5.08292e-05 0.000142705 0.00152294 0.0300902 
1.42232e-05 0.00768825 0.0310002 0.50776 0.0890194 0.185001 3.71759e-05 0.0203983 0.0525914 0.106489 
4.97524e-12 0.0119513 2.12686e-06 0.836357 0.0288917 0.0800998 0.000843951 0.000572801 0.0194715 0.0218103 
6.60027e-09 0.00014127 0.00439234 0.596418 0.0393611 0.333574 4.57009e-06 0.000398302 0.000798376 0.0249121 
1.14594e-06 0.000597057 0.00200641 0.875117 0.106685 0.00213105 1.14959e-10 0.000160652 0.000124893 0.0131773 
3.57811e-05 0.0032353 0.00273945 0.828022 0.0423218 0.0655864 4.36906e-05 0.0027634 0.0164368 0.038815 
1.34807e-06 0.00253227 0.00197804 0.859579 0.014372 0.06903 5.08808e-05 0.000842714 0.00505721 0.0465565 
1.31011e-07 3.54347e-05 0.000255967 0.945649 0.00668798 0.0437199 7.06511e-11 0.000204815 0.000656172 0.00279017 
9.15507e-06 0.00128459 6.33441e-05 0.855765 0.0252674 0.0739351 5.17661e-05 0.00129215 0.00916111 0.0331701 
0.282723 0.0642643 0.000189061 0.483353 0.0241959 0.0804683 0.000133791 0.00176755 0.0350441 0.027861 
6.68954e-06 0.00186735 0.00532398 0.79243 0.0202834 0.0847624 7.55925e-05 0.0022628 0.0168527 0.0761351 
1.09129e-05 0.000319595 0.000318271 0.875056 0.0228929 0.0653141 1.09035e-06 2.23678e-05 0.0171845 0.0188806 
4.7213e-08 0.00134717 0.000749046 0.652395 0.00514119 0.13374 1.04157e-05 0.000179913 0.00114167 0.205295 
2.76475e-09 0.00590857 0.00852886 0.418396 0.0253685 0.352001 6.30482e-06 0.000452162 0.00244858 0.18689 
8.12612e-10 0.00238214 0.00680783 0.770561 0.00585302 0.186467 3.27156e-05 0.000385624 0.00175024 0.025761 
1.23758e-05 0.00341511 0.00737754 0.7183 0.25456 0.00211523 7.9268e-05 0.000433292 0.0036559 0.0100518 
1.45198e-07 0.020251 0.00838832 0.301084 0.0550854 0.204177 0.00012204 0.000898605 0.148785 0.261208 
3.24892e-08 0.00634799 0.0084988 0.435428 0.0304789 0.386592 8.06117e-06 0.0116725 0.0411479 0.0798261 
4.56175e-07 0.000587497 1.4795e-06 0.9396 0.0033585 0.0423919 3.06562e-06 6.40045e-05 0.00162186 0.012371 
0.000378605 0.0275786 0.00780354 0.329837 0.195945 0.164821 0.000387042 0.000307038 0.127334 0.145608 
9.20648e-06 0.00132796 0.00755873 0.923213 0.0335925 0.00321066 3.36305e-07 8.20687e-05 0.000346069 0.0306591 
3.93198e-07 0.00407861 0.000363634 0.811606 0.0209968 0.12469 1.54504e-05 0.000276288 0.00515681 0.0328164 
6.75913e-06 0.0126909 0.00788073 0.471988 0.0296024 0.338676 3.90884e-05 0.000187749 0.0479302 0.0909983 
3.3684e-05 0.000634674 0.00881733 0.464108 0.0314498 0.294371 3.88145e-05 0.000375452 0.097204 0.102966 
0.0325125 0.00827369 0.0047728 0.404371 0.222117 0.0628586 0.000276112 0.00156965 0.0177662 0.245483 
8.25958e-06 0.0142141 0.00157329 0.444114 0.0361427 0.340571 3.55709e-05 0.000175652 0.0570126 0.106154 
1.57595e-05 0.00219656 6.18704e-08 0.69559 0.00593405 0.274867 4.2129e-05 0.000116634 0.00191517 0.0193225 
0.00100744 0.00649587 0.00327408 0.712565 0.0493055 0.13955 0.000444513 0.00321419 0.0234481 0.0606957 
1.22831e-06 0.00109399 0.000245568 0.860013 0.0322689 0.0299265 1.94707e-05 0.00605463 0.00733585 0.0630408 
5.63863e-07 0.00026743 0.00187834 0.813326 0.0505546 0.0545982 2.72232e-05 0.000538706 0.00378134 0.075028 
0.000306987 0.00832479 0.000770961 0.823228 0.00640015 0.111523 0.000153356 0.00331242 0.0435247 0.00245569 
