4.74707e-07 2.90851e-06 4.15072e-07 5.66821e-05 0.934353 4.82033e-06 1.34334e-06 1.90038e-06 1.02072e-05 0.0655683 
1.03673e-05 0.0336907 0.00809862 0.0551193 0.549601 0.0177177 0.0163113 0.0104445 0.0957357 0.213271 
6.92407e-06 0.159156 0.0900501 0.00308117 0.442355 0.0739393 0.000102973 0.00372092 0.0138829 0.213704 
0.00021215 0.012164 0.00425078 0.000917383 0.446184 0.0325444 0.0322578 0.173588 0.270357 0.0275248 
1.2424e-06 0.00925306 0.00140511 0.176523 0.333227 0.234575 1.10985e-05 0.0113304 0.0308162 0.202858 
2.60974e-05 0.0173119 0.0464584 0.0353021 0.408669 0.12566 0.00637543 0.00397746 0.0283342 0.327886 
6.19918e-05 0.0218681 0.0389251 0.0139753 0.652612 0.0384385 0.000976484 0.00145204 0.0239431 0.207748 
1.35879e-06 0.186227 0.126381 0.000157457 0.422571 0.0171232 3.28866e-05 0.00985404 0.175754 0.0618973 
0.000386539 0.011981 0.0161581 0.0182426 0.595135 0.0359679 0.00490711 0.00106112 0.0548605 0.2613 
4.55991e-07 0.0209388 0.033642 0.0550503 0.401484 0.275874 3.0644e-05 0.0272121 0.0209768 0.164791 
1.90471e-06 0.151357 1.90629e-06 1.9064e-06 0.393526 0.0430905 1.90617e-06 1.90577e-06 0.116488 0.295528 
0.00316797 0.000515264 0.000106647 0.0682614 0.544303 0.0299284 0.000354095 0.00439677 0.274078 0.0748889 
5.03378e-07 0.000901543 0.00564453 0.00667336 0.514244 0.164705 1.62482e-05 0.0003031 0.197486 0.110026 
0.000860166 0.220514 0.00707472 0.00619251 0.403613 0.023104 0.0197546 0.00838965 0.221685 0.0888127 
4.12915e-05 0.00428646 0.0271915 0.00761633 0.536333 0.0124905 0.000236041 0.0148787 0.122013 0.274914 
0.000418098 0.238646 0.0308335 0.00822818 0.37487 0.0437436 0.000811903 0.00233515 0.116518 0.183596 
6.20813e-12 3.41478e-06 0.0137238 0.0131573 0.805709 0.00553981 2.10445e-07 0.0460862 0.11578 1.16456e-07 
1.43292e-05 0.0259367 0.00642108 0.020076 0.741666 0.0520134 3.22512e-05 0.00923185 0.0602262 0.0843824 
6.97407e-08 8.61015e-05 0.00239727 0.00612671 0.747601 0.175127 3.77679e-10 0.000986504 0.00333552 0.0643396 
0.00114648 0.291893 0.0170572 0.00270799 0.428005 0.00948181 0.00490384 0.000574028 0.0194999 0.22473 
3.99626e-05 2.66656e-05 0.0987471 0.00287432 0.779446 0.00309609 4.99539e-05 0.000860932 0.0355499 0.0793088 
8.70626e-06 0.126726 0.0995762 0.0099008 0.306198 0.201444 0.000178975 0.00293995 0.026632 0.226395 
2.67715e-05 0.0081037 0.219024 0.000275846 0.613481 0.00265289 0.00713641 0.00171952 0.00130762 0.146273 
1.83144e-05 0.0018191 0.00160629 0.0231641 0.522793 0.0228854 3.37096e-05 0.00334144 0.0151381 0.4092 
0.000109558 0.0209095 0.000934494 0.0217324 0.421959 0.0340866 0.000118027 0.00874482 0.400086 0.0913199 
0.000132795 0.0396684 0.00136646 0.0246624 0.479095 0.00793793 0.01899 0.000899355 0.070505 0.356742 
0.000218111 0.00429903 3.68008e-05 0.0133918 0.763397 0.0131452 6.73307e-05 0.000743243 0.0737169 0.130985 
0.000533644 0.0119526 0.0236542 0.00951433 0.363476 0.0378226 9.58775e-05 0.0242495 0.23586 0.292841 
1.67345e-05 0.0282927 0.228756 0.024084 0.300577 0.102275 0.00011339 0.00341866 0.141485 0.170982 
0.000173715 0.0543517 0.0100686 0.0153175 0.371929 0.166157 0.000423999 0.00167035 0.0949756 0.284932 
4.6114e-09 1.0856e-09 9.77329e-06 7.03413e-10 0.890469 7.94363e-06 1.24259e-09 6.02405e-06 2.95468e-05 0.109478 
8.41794e-09 0.0134034 0.0195487 0.00113416 0.759408 0.00772027 0.00331827 0.000868036 0.0475348 0.147064 
8.51434e-07 0.149023 0.0197143 0.00756121 0.380952 0.0346023 0.00905079 0.0359773 0.00724759 0.35587 
6.3335e-06 0.273883 0.00352257 0.0256678 0.297321 0.0403462 0.0575874 0.0203789 0.101217 0.18007 
2.17361e-06 0.00029255 0.0110943 8.54026e-05 0.826024 0.0746728 1.49452e-05 0.000796318 0.0554436 0.0315734 
0.000438061 0.00493638 7.19232e-06 0.0190013 0.311179 0.161406 5.40714e-06 0.0643957 0.151125 0.287506 
0.00577932 0.00290168 0.0307832 0.000230553 0.735874 0.00387653 1.22702e-06 0.000708003 0.0198077 0.200037 
9.53414e-07 0.0217222 0.0111848 5.89935e-05 0.362782 0.204946 7.08667e-06 0.0165979 0.0550482 0.327653 
7.09638e-09 0.0272544 0.00821649 0.000182049 0.810034 0.0454187 0.0250827 0.00034567 0.0182883 0.0651781 
0.00023072 0.0269185 0.0211461 0.104936 0.531971 0.0358005 0.0246105 0.00542864 0.124652 0.124305 
0.163473 0.0848317 0.00156432 0.0616237 0.278446 0.0329046 0.156925 0.00772807 0.196393 0.0161111 
0.00125375 0.000919283 0.00218978 0.00449979 0.378755 0.020148 0.000240629 0.00325259 0.282055 0.306687 
2.36387e-05 0.0302228 0.0515933 0.00142548 0.704783 0.0483121 7.57682e-06 0.000263747 0.0261255 0.137243 
0.00463091 0.0226352 0.0157492 0.0132334 0.683078 0.0248568 0.000209251 0.0155171 0.127626 0.0924632 
3.14872e-06 2.4024e-08 5.5914e-09 0.000491027 0.647398 0.0394062 7.58134e-06 0.000289541 0.0663162 0.246088 
1.17878e-10 0.00749667 0.0254931 0.000129489 0.700554 0.0645583 9.95801e-08 0.00654397 0.0711656 0.124059 
0.00373508 0.226733 0.00345826 0.00383894 0.521881 0.0291475 0.0340226 0.004679 0.0408994 0.131606 
0.000745176 0.0079157 0.00520917 0.0981727 0.469955 0.0799275 0.00512599 0.0278942 0.142069 0.162985 
2.26802e-05 0.00217278 0.00582272 0.0664586 0.350049 0.118688 5.71463e-05 0.00323878 0.119915 0.333576 
5.00663e-05 0.00450691 0.00336735 0.00792231 0.685971 0.106081 9.76673e-05 0.0341095 0.0221563 0.135738 
6.30625e-06 0.0232918 0.00711314 0.00290616 0.685617 0.0984089 0.089675 0.000418623 0.0180881 0.0744753 
0.000228802 0.00202157 0.000328594 0.00125256 0.47629 0.0127088 8.50893e-05 0.000346348 0.105897 0.400841 
0.019908 0.0487074 0.259112 0.0704736 0.398578 0.0413601 0.0135933 0.0681117 0.0505021 0.0296536 
6.99955e-06 0.000907797 0.000946906 0.00700934 0.597885 0.0290554 0.000183275 0.0030132 0.190252 0.17074 
4.98988e-05 0.0299899 0.100442 0.0194926 0.541423 0.0562075 0.00211169 0.0080794 0.0387005 0.203503 
4.2604e-10 0.163925 0.0172524 0.000389046 0.283224 0.222632 7.84642e-07 0.168145 0.00019766 0.144235 
0.00222324 0.0999293 0.0834379 0.000147524 0.390361 0.0150492 0.0172957 0.000883555 0.202899 0.187774 
3.76568e-06 0.0013116 0.000360672 0.0834927 0.419509 0.0963371 2.99638e-05 0.00337052 0.0300948 0.36549 
2.88661e-06 0.00231545 0.00921541 0.00234961 0.748477 0.0894793 1.34253e-05 0.0230504 0.0333047 0.0917914 
3.46373e-06 0.167604 0.0593725 0.000445679 0.643453 0.0690464 2.04209e-05 0.0121375 0.0126976 0.0352191 
8.34207e-05 0.00135246 0.019376 0.0129303 0.632375 0.0188454 3.35294e-05 0.00293185 0.0974699 0.214602 
0.000513997 0.0599138 0.146741 0.00113545 0.441194 0.073574 0.0216432 0.00111673 0.126675 0.127493 
5.19909e-06 0.00139773 0.0293136 0.0211365 0.584664 0.171706 5.58298e-06 0.00103281 0.0802896 0.110449 
2.23121e-06 0.0128657 0.0883612 0.00224908 0.8077 0.0069401 0.000125065 0.0313426 0.0129226 0.0374916 
3.67157e-05 0.016669 0.00450848 0.00156535 0.82853 0.0396469 0.000102919 0.00136387 0.0403304 0.0672461 
0.00237852 0.091241 0.0410414 0.0258564 0.415094 0.0752704 0.00168482 0.0190671 0.26149 0.066876 
4.1574e-05 0.00360765 0.000946584 0.00415375 0.46189 0.0324983 9.10662e-05 0.0063574 0.0632933 0.42712 
0.000132226 0.00269353 0.00672952 0.0140142 0.662514 0.0177573 3.73701e-05 0.000488911 0.0291679 0.266465 
2.13361e-05 0.159885 0.102668 0.00727452 0.356758 0.0448267 0.0260441 0.00477332 0.151208 0.14654 
2.3568e-06 0.0240088 0.0101924 0.000570926 0.638599 0.0405607 7.12781e-05 0.00286776 0.00403845 0.279088 
1.71664e-09 0.0652197 0.00280597 0.00447906 0.427651 0.177055 3.63537e-05 0.00488757 0.0694804 0.248385 
9.50515e-06 0.000472901 0.0212716 0.00151384 0.526433 0.0512982 1.39902e-05 0.000332612 0.0121367 0.386518 
7.43528e-05 0.00551442 0.0282671 0.0203596 0.559368 0.0127611 1.16889e-05 0.0030472 0.016245 0.354351 
0.000308215 0.00976892 0.0119605 0.0606449 0.395643 0.12696 0.000820544 0.00383008 0.0150603 0.375003 
0.00382696 0.16663 0.0614473 0.0111849 0.464983 0.0633522 0.00770407 0.00876226 0.0572004 0.154909 
0.0015234 0.00900652 0.00822015 0.003525 0.554191 0.00748631 0.287048 0.00108295 0.0167658 0.111152 
1.80708e-05 0.000760352 0.00845254 0.00181095 0.54876 0.0283526 6.84698e-06 0.00220609 0.0637076 0.345925 
5.37329e-07 0.0726997 0.045649 0.0102303 0.557605 0.0840392 3.91639e-05 0.00803056 0.0515133 0.170194 
1.83746e-05 0.00606694 0.000564221 0.0106252 0.562448 0.0553766 0.000220435 0.00273074 0.295684 0.0662662 
8.93566e-05 0.0524993 0.0058477 0.00173208 0.449787 0.00479381 0.00019615 0.00460614 0.119409 0.36104 
0.000164561 0.0127009 0.00490654 0.0200159 0.488896 0.0545077 0.000188586 0.00478962 0.100929 0.312902 
0.00224091 0.0239393 0.000406982 0.00825998 0.500382 0.0746556 9.07407e-07 0.000216523 0.085347 0.30455 
1.03673e-05 0.0336907 0.00809862 0.0551193 0.549601 0.0177177 0.0163113 0.0104445 0.0957357 0.213271 
0.016669 0.0274409 0.0164201 0.0131691 0.529201 0.105186 0.00613424 0.0108182 0.11073 0.164232 
1.697e-09 0.00577406 0.00123818 2.04953e-05 0.978406 0.000628676 7.10982e-05 2.68095e-05 0.00212203 0.0117122 
8.72066e-05 0.00934131 0.00694651 0.00640847 0.701865 0.0773918 0.0117705 0.0029338 0.0740602 0.109195 
6.47716e-08 0.00181307 0.0011681 0.000977254 0.523104 0.0438331 7.14824e-06 0.000187898 0.403382 0.0255278 
0.000199181 0.0163064 0.0139331 0.014222 0.66153 0.0296981 0.000503117 0.00746865 0.148004 0.108136 
5.41182e-07 0.0496304 0.00194169 0.0187663 0.408119 0.113775 0.000741929 0.001861 0.203423 0.201741 
0.000410053 0.0703215 0.00827487 0.0659738 0.37547 0.0451236 0.00881282 0.00157697 0.125502 0.298534 
4.29472e-06 0.00268828 0.072599 0.0380167 0.550306 0.0242863 5.09267e-05 0.000797248 0.0207699 0.290481 
0.000465448 0.0108733 0.00840508 0.000270215 0.414891 0.0405197 6.99232e-05 0.0024351 0.134738 0.387333 
0.000216422 0.0231129 0.0573145 0.0399741 0.595419 0.0589632 0.0225522 0.0242781 0.0660633 0.112106 
5.28989e-09 0.000256587 2.06201e-07 7.35027e-07 0.947252 2.56724e-08 1.09563e-12 3.05327e-08 5.52397e-08 0.0524902 
2.13913e-06 0.0704636 0.0128026 0.00752033 0.616679 0.0703223 5.69585e-05 0.00449831 0.0400091 0.177646 
1.75013e-09 0.00511977 0.0035461 0.000983524 0.921924 0.00439888 4.74856e-08 0.000561851 0.0287071 0.0347588 
0.000166698 1.18195e-06 0.184545 0.0016647 0.367904 0.192246 3.28012e-08 0.000125382 0.173964 0.079384 
1.9751e-05 7.82414e-05 0.000236215 0.000700841 0.611756 0.142857 9.31482e-06 0.000107521 0.17462 0.0696155 
0.000113658 0.0134002 0.00897021 0.0319756 0.602891 0.0649983 8.26082e-05 0.00383462 0.131479 0.142255 
3.41859e-05 0.17991 0.0132223 0.0106826 0.55867 0.0178601 0.0260678 0.00180916 0.036948 0.154795 
2.81968e-05 0.00048861 1.2817e-06 0.00194802 0.474362 0.0423298 0.000119206 0.000740824 0.193763 0.286218 
3.8194e-08 0.00159458 0.000963706 0.000944862 0.633236 0.0110052 9.33854e-06 0.00252932 0.000101085 0.349616 
4.52937e-06 0.00335783 9.53357e-05 0.00144064 0.455321 0.0202336 4.90017e-05 0.00249232 0.154301 0.362704 
0.000146614 0.0329745 0.00118717 0.0131536 0.51447 0.00640052 0.0225203 0.00060132 0.0677703 0.340775 
1.18639e-05 0.00806361 0.0300118 0.0591909 0.452387 0.0286923 3.4533e-05 0.00609863 0.00403898 0.41147 
5.40883e-07 0.000847656 0.000354296 0.0149388 0.629446 0.0971637 3.42615e-05 7.51382e-05 0.0738567 0.183283 
1.02136e-05 0.00426585 0.000126152 0.0226714 0.880059 0.0136052 0.000147885 0.00207951 0.0405691 0.0364656 
0.000287262 0.00949408 0.00591487 0.00100785 0.459878 0.0535464 0.000326794 0.00591029 0.239168 0.224466 
7.5811e-06 0.219952 0.00219813 0.000196185 0.721793 0.000853041 6.09087e-05 0.00112191 0.0309613 0.0228561 
5.53981e-05 0.0997584 0.0529579 0.0236593 0.650822 0.0485344 0.0115361 0.00382465 0.0241878 0.0846642 
0.000780594 0.00181793 0.0101211 0.00286127 0.752355 0.0254976 0.000128593 0.00302228 0.113675 0.0897404 
5.04921e-05 0.0226224 0.0164404 0.00470854 0.500923 0.0576578 4.01231e-05 0.00615313 0.0321254 0.359278 
6.21979e-05 0.0762369 0.0682229 0.0214021 0.652203 0.051489 0.0102412 0.0026915 0.0539637 0.063488 
2.0719e-06 0.0201973 0.00247648 0.0546944 0.584706 0.0186751 0.000133728 0.0066013 0.0583382 0.254175 
1.98985e-05 0.00317791 0.00833621 0.0612989 0.534056 0.0587142 4.59034e-06 0.00112699 0.0552327 0.278033 
0.00316797 0.000515264 0.000106647 0.0682614 0.544303 0.0299284 0.000354095 0.00439677 0.274078 0.0748889 
2.08213e-06 0.110427 0.00667487 0.011258 0.685045 0.0385998 0.0177115 0.00183736 0.0144447 0.113999 
0.000118488 0.0614735 0.00642594 0.0121528 0.547709 0.029234 0.0274776 0.000804616 0.0293556 0.285249 
0.000597514 0.00889983 0.0264146 0.00691223 0.388975 0.227952 1.825e-05 0.00742105 0.0397424 0.293067 
2.46604e-06 0.0346953 0.000294124 0.00791244 0.42775 0.141546 3.45131e-05 0.00534072 0.0286788 0.353746 
9.80463e-07 0.0187666 0.000700568 0.000141777 0.94052 0.000791729 0.00552954 0.000800362 0.00467063 0.0280775 
8.88909e-07 0.00531817 0.0157407 0.00358528 0.366676 0.0694813 1.33104e-05 4.14573e-07 0.274771 0.264412 
3.203e-07 0.16199 0.0912188 0.0112129 0.324236 0.0582936 0.000203622 0.00324877 0.095738 0.253858 
2.5208e-06 8.14077e-05 0.0087802 0.00445749 0.365036 0.284896 8.99967e-05 0.00683942 0.0998763 0.22994 
1.53143e-06 0.00119931 0.000710683 0.00208658 0.724963 0.0142408 4.76803e-05 0.000206768 0.0329327 0.223611 
5.39355e-06 0.000686973 0.000152467 0.0094485 0.603085 0.221138 2.48302e-05 0.016749 0.0260147 0.122695 
0.00070686 0.0799954 0.00981355 0.0132799 0.480909 0.124859 0.00144837 0.00977004 0.119878 0.15934 
0.0207431 0.00619517 0.0112192 0.00879946 0.521394 0.111026 0.000393247 0.00264154 0.228128 0.0894598 
0.00040504 0.00642922 0.0127539 0.00969932 0.54868 0.0225782 0.000117076 0.00173065 0.0508077 0.346799 
1.77879e-05 0.000996437 0.00307439 0.0784374 0.641712 0.0164469 8.28722e-05 0.017926 0.0924871 0.148819 
0.000259889 0.0033898 0.00310222 0.0072083 0.752969 0.0285928 4.95585e-05 0.00260792 0.0582546 0.143566 
0.000128195 0.0191345 0.0434597 0.00885419 0.601545 0.0576251 3.5995e-05 0.00399146 0.101013 0.164213 
6.63447e-05 0.0930187 0.0196361 0.0113044 0.401635 0.0108306 0.0151576 0.0041886 0.128119 0.316044 
1.126e-11 0.00546681 0.00699707 0.00268067 0.525075 0.00306562 2.3385e-05 0.00144592 0.000240827 0.455005 
5.48814e-06 0.0167238 0.207243 1.07266e-05 0.677834 0.000990764 0.00118114 0.000150419 0.00504282 0.0908172 
0.000251333 0.00289489 0.00127827 0.0295676 0.411628 0.181675 0.000158432 0.0130385 0.222296 0.137212 
5.71387e-05 0.0595905 0.000680609 0.272377 0.316369 0.0484933 0.0146018 0.00157158 0.0694543 0.216805 
0.000197107 0.00907608 0.00852638 0.0667204 0.389814 0.202028 4.06568e-06 0.00562245 0.0487382 0.269274 
0.000389335 0.0229571 0.0122636 0.00534756 0.546299 0.0667804 0.0002966 0.014088 0.200777 0.130801 
0.0001403 0.000481209 0.00243743 0.0145654 0.454426 0.0542491 3.73082e-05 0.00157903 0.0296687 0.442416 
0.0049507 0.00105159 0.00560419 0.00524108 0.538448 0.0846185 9.36447e-05 0.00300802 0.249868 0.107116 
2.13953e-09 7.15904e-05 0.000173551 0.00089936 0.568202 0.0432753 1.3413e-05 0.000234766 0.0143325 0.372797 
9.86125e-06 0.000414029 0.000489165 0.011821 0.417401 0.176483 6.23356e-06 0.00030458 0.126901 0.26617 
0.00787457 0.00221076 0.000137473 0.0304119 0.385883 0.0461381 0.00563487 0.0104341 0.285262 0.226013 
0.000340128 0.0244586 0.00595332 0.0295465 0.437861 0.0805523 0.000110278 0.000611256 0.0950539 0.325513 
6.62585e-07 0.0419562 0.00276024 0.00578738 0.880108 0.00125349 0.00191844 1.16035e-05 0.00185482 0.0643492 
0.000175941 0.0176022 0.0286866 0.0173178 0.40514 0.117597 0.0026891 0.0120539 0.0568966 0.341841 
8.77292e-05 0.0672487 0.0159934 0.00254485 0.556566 0.0393297 0.0673475 0.00723689 0.0680864 0.175558 
1.35692e-05 0.0319852 0.122558 0.0172168 0.485791 0.0470871 0.00150672 0.0325081 0.0967668 0.164566 
1.02284e-06 0.226921 0.142052 0.000228131 0.369933 0.073702 0.147636 0.000200658 0.00338977 0.035936 
5.084e-07 0.00602456 0.0018541 0.00376784 0.7342 0.0281512 0.00201287 0.000494046 0.0189198 0.204575 
4.03307e-05 0.189909 0.0413634 0.0222294 0.326065 0.0460562 0.0287958 0.00790122 0.0269235 0.310716 
0.000682621 0.0755428 0.00896638 0.00887573 0.285147 0.241528 0.00409725 0.0101809 0.101808 0.263171 
3.88198e-09 0.0198039 0.0398588 4.02269e-05 0.847274 0.00448539 3.59321e-05 0.00235228 0.00545173 0.0806977 
1.09087e-06 0.358435 0.0194333 0.000457991 0.401906 0.0169099 0.0055286 0.00668591 0.047263 0.143379 
8.4305e-05 0.0568376 0.0367365 0.00176514 0.329511 0.103349 0.00483346 0.00459034 0.219119 0.243174 
6.28263e-05 0.103693 0.0342524 0.0354822 0.357168 0.0719406 0.0016364 0.00133804 0.319279 0.0751475 
6.8989e-06 0.0156491 0.0156193 0.0483374 0.515944 0.155651 5.85495e-05 0.000206985 0.145465 0.103062 
0.00168667 0.0109059 0.0313337 0.0109011 0.503791 0.0455385 0.00289917 0.00417602 0.0620834 0.326684 
8.78055e-09 4.11794e-05 0.00115629 0.0442091 0.528843 0.0382037 6.14348e-07 6.18097e-05 0.00577964 0.381705 
0.00088928 0.0147427 0.102371 0.00261248 0.344718 0.105227 3.19796e-05 0.00286499 0.27072 0.155821 
0.000301796 0.0248577 0.0179771 0.0132726 0.485568 0.0505764 0.00263245 0.00496697 0.0502864 0.34956 
4.72341e-07 0.0187827 0.000729279 1.64684e-05 0.908814 0.00144504 3.84124e-05 0.00303872 0.00230777 0.0648271 
4.77112e-06 0.44278 0.00318683 0.000975334 0.454732 0.0160164 0.00835035 0.00156935 0.0417161 0.0306697 
0.0023599 0.00142184 0.00454872 0.00267258 0.811047 0.0112754 5.19216e-05 0.000277699 0.0695816 0.0967638 
3.70899e-06 4.61945e-05 1.82224e-05 0.000889312 0.829464 0.0623942 6.24958e-06 0.00726604 0.05807 0.0418424 
0.0258556 0.15845 0.0549221 0.0694619 0.300917 0.0507447 0.00117328 0.00135753 0.283943 0.0531746 
1.24043e-07 2.09042e-05 5.25711e-05 0.00675325 0.741579 0.00799117 3.42368e-06 4.28828e-06 0.0124225 0.231173 
4.15178e-06 0.216977 0.00844137 0.0198011 0.388899 0.0436865 0.0105169 0.0114279 0.26464 0.0356071 
3.844e-06 0.0121313 0.16144 0.00988887 0.393308 0.0328002 6.9575e-05 0.0118287 0.0149301 0.363599 
0.000116689 0.0311886 0.0347655 0.00723788 0.538094 0.0496181 0.00514706 0.00800929 0.0935477 0.232275 
0.17113 0.0132084 0.011051 0.0131449 0.36404 0.0195927 0.000221357 0.00245807 0.284377 0.120777 
0.00428532 0.00702572 0.00300181 0.0335818 0.446333 0.180757 0.000189168 0.0161526 0.185063 0.123611 
1.86869e-08 0.00349913 1.58816e-07 0.0970625 0.600068 0.0555899 5.1654e-08 9.3071e-08 0.0231892 0.220591 
3.80686e-08 0.00538126 0.000186252 0.00146719 0.600893 0.139732 0.000119953 0.000669029 0.14116 0.110392 
0.000437123 0.0413362 0.0252408 0.0111468 0.539182 0.0720338 0.00523424 0.0234407 0.0683068 0.213642 
6.32493e-05 0.00534497 0.0355648 0.00453989 0.339978 0.136534 0.0141681 0.000844846 0.155185 0.307778 
3.19476e-05 0.000580569 0.00159922 0.0160958 0.562327 0.0187859 2.24172e-05 0.00040532 0.0404419 0.35971 
0.000211509 0.0602796 0.000394623 0.00403987 0.348518 0.0122701 0.00438023 0.000439654 0.262689 0.306777 
1.25681e-05 0.0354435 0.0725918 0.00508858 0.685614 0.0109801 1.01513e-05 0.00559615 0.0145136 0.17015 
2.36983e-10 0.00014048 3.40846e-07 0.0160769 0.395431 0.262177 2.12898e-07 0.000377846 0.0242882 0.301508 
8.07696e-06 0.125977 0.0172984 0.036838 0.493902 0.0395532 0.00986984 0.00368172 0.00836969 0.264502 
4.43457e-05 0.126894 0.0214968 0.0113568 0.51574 0.0458194 0.0024461 0.0403406 0.0648208 0.171042 
0.000103659 0.229619 0.00260818 0.0163267 0.458711 0.113769 0.0031607 0.00297153 0.097337 0.0753928 
1.8015e-05 2.26463e-06 0.035123 9.09483e-05 0.456447 0.0368959 5.1842e-07 0.00159041 0.193326 0.276506 
4.31523e-05 0.122738 0.049848 0.0187747 0.314832 0.0455158 0.0207787 0.119322 0.0384895 0.269658 
6.77899e-06 0.00117257 9.66837e-05 0.0197113 0.574823 0.0386768 2.12677e-05 0.000233804 0.013724 0.351534 
0.000297217 0.0634564 0.0160551 0.061421 0.407537 0.0384787 0.027584 0.000969334 0.328913 0.0552887 
0.000209967 0.0489423 0.0122439 0.028868 0.380064 0.12824 0.00327008 0.00211062 0.138885 0.257167 
5.37755e-05 2.11342e-05 0.000225956 0.0531281 0.503568 0.118859 2.19129e-06 0.000581665 0.0297198 0.29384 
0.000247425 0.01347 0.000859252 0.00933841 0.654498 0.0220497 0.026606 0.00614547 0.171809 0.0949774 
1.94075e-08 0.00910118 0.00570972 0.000462694 0.686553 0.0219776 2.31978e-08 0.000907341 0.00441175 0.270877 
9.47357e-05 0.017397 0.00335415 0.0146283 0.712336 0.0701894 8.98245e-05 0.0097007 0.0308704 0.14134 
3.04916e-07 0.000284953 0.00177147 0.000191461 0.476957 0.0314789 0.000300296 0.00122084 0.272095 0.215699 
5.07317e-07 0.00248835 0.0172128 0.00304711 0.782147 0.00975052 5.07705e-07 0.00817284 0.0104102 0.16677 
1.21702e-05 0.0861044 0.0447266 0.0122719 0.374924 0.00858258 0.00774837 0.203905 0.0448372 0.216888 
4.58892e-05 0.0105458 0.000523174 0.0332231 0.466302 0.0191338 0.00703779 0.000490227 0.0359784 0.42672 
8.60269e-06 0.166794 0.0488372 0.00718493 0.262045 0.0543828 0.0210726 0.00484387 0.244787 0.190044 
8.21096e-07 0.00702931 0.00655407 0.0151794 0.678261 0.00170265 0.000254785 0.0707097 0.00619407 0.214115 
8.33604e-05 0.0230963 0.0147531 0.0056505 0.635981 0.0154196 0.00704962 0.00178215 0.0846845 0.2115 
9.56879e-07 0.00929909 0.000126299 0.0022924 0.94609 0.00137284 7.53846e-05 0.000413194 0.000744867 0.0395854 
0.000232043 0.0181289 0.00695738 0.000162743 0.904237 0.00273576 8.31553e-05 0.00225533 0.0500681 0.0151396 
3.18183e-05 0.308893 0.00853257 0.0334642 0.309331 0.00873628 0.0271551 6.83694e-05 0.0959723 0.207815 
0.0858015 0.00540269 0.00053735 0.00171885 0.306288 0.0334834 0.00060426 0.00101864 0.264364 0.300782 
0.000132054 0.154877 0.0409518 0.0294246 0.426875 0.0478047 0.00129198 0.0171741 0.107181 0.174288 
4.65272e-06 0.0547259 0.00372153 0.0360214 0.705005 0.0388635 0.0366231 0.0178623 0.0494685 0.0577045 
6.77899e-06 0.00117257 9.66837e-05 0.0197113 0.574823 0.0386768 2.12677e-05 0.000233804 0.013724 0.351534 
0.000156406 0.0187112 0.00655979 0.0139618 0.541299 0.0367588 0.00704457 0.00062323 0.0192453 0.35564 
0.000211557 0.000466813 0.000605434 0.0581364 0.68033 0.0288215 0.000109642 0.00180156 0.175943 0.0535747 
0.0024772 0.125089 0.153901 0.00170937 0.368014 0.035162 3.255e-06 0.0268871 0.0229774 0.26378 
8.07136e-05 0.0770868 0.00711776 0.0146149 0.642011 0.0133724 0.000528301 0.00586224 0.0712618 0.168065 
9.85376e-09 2.16957e-05 6.38087e-05 0.0395186 0.52017 0.033121 6.01509e-08 0.000172248 0.00690324 0.40003 
8.02656e-06 0.156677 0.281216 0.00186081 0.394723 0.0656627 2.68584e-05 0.0163354 0.0643496 0.0191402 
7.03968e-07 0.0701408 0.185703 0.00670596 0.356925 0.0177902 0.0173295 0.000456315 0.0821052 0.262843 
2.41679e-05 0.18176 0.0207743 0.023831 0.335919 0.0477599 0.0277818 0.0639583 0.0711868 0.227005 
8.00368e-06 0.0381815 0.000367785 0.0687092 0.44823 0.0219506 0.0645283 0.0282111 0.270029 0.0597844 
0.00013242 0.212696 0.031778 0.0163549 0.282364 0.0804635 0.109858 0.0039239 0.0669481 0.195481 
2.2063e-08 0.00550931 5.99254e-05 0.000128456 0.804071 0.0100475 1.51075e-06 0.00272441 0.0912938 0.0861644 
1.45213e-05 0.0184775 0.00171141 0.000438119 0.726128 0.0355732 0.00368068 0.000987672 0.0196671 0.193322 
0.00162205 0.0119168 0.00533354 0.0214039 0.402177 0.147051 0.00164434 0.00779831 0.190252 0.210801 
9.06971e-07 0.0781815 0.0642853 0.0109809 0.459151 0.042183 0.000389119 0.0208944 0.0728094 0.251124 
0.00041449 0.0194206 0.00513932 0.0134367 0.651294 0.0400043 0.000514249 0.002167 0.0733812 0.194228 
4.09713e-05 0.0282844 0.00467968 0.105381 0.341075 0.173195 0.0119127 0.00754916 0.240125 0.0877584 
1.32026e-05 0.0346845 0.117724 0.00211511 0.463067 0.0907975 0.000115609 0.0226591 0.0116203 0.257204 
0.0570697 0.0121942 0.0299137 3.29197e-05 0.598001 0.000286654 0.000415076 0.000303882 0.0888023 0.212981 
3.0259e-09 0.0585825 0.00308693 0.000345441 0.777788 0.00131586 0.0139116 0.000363636 0.00148239 0.143124 
5.43582e-07 0.112336 0.30692 0.0171361 0.352507 0.069815 0.00211742 0.00502724 0.0125782 0.121561 
2.89178e-08 0.0594954 0.00316002 0.0142781 0.660098 0.0218025 4.1787e-06 0.000722091 0.023602 0.216837 
0.000144286 0.00183192 0.00954266 0.0056148 0.536324 0.0143927 3.02391e-05 0.000266199 0.0111241 0.420729 
0.000911686 0.0149814 0.0658975 0.0526596 0.471716 0.013999 4.96802e-05 0.00245707 0.315579 0.0617485 
3.81403e-05 0.00919963 0.00457739 0.000328907 0.447221 0.0273455 0.000265003 0.00796018 0.0604289 0.442635 
2.34793e-08 0.0297413 0.00937308 0.000627775 0.473659 0.167691 3.31131e-06 0.156669 0.014254 0.147982 
0.000687864 0.0264302 0.0220153 0.0300019 0.415124 0.0839863 0.000124763 0.00385909 0.0672347 0.350536 
6.00127e-06 0.228447 0.0348262 0.0206843 0.497362 0.00221064 0.00783654 0.0116981 0.107786 0.089143 
2.70633e-09 7.68325e-06 3.06282e-05 0.00084224 0.668487 0.0396072 5.365e-06 6.56153e-09 0.0457066 0.245313 
6.33298e-07 0.00542344 0.00216294 0.00627714 0.797179 0.105688 2.65401e-05 0.00102574 0.0514142 0.0308027 
7.3227e-11 2.98579e-06 2.07728e-06 1.31816e-07 0.574435 0.0109755 1.42088e-07 3.59721e-05 0.0398113 0.374737 
0.000889946 0.000340586 0.00675332 0.0476843 0.291478 0.244633 1.12894e-07 0.0740183 0.139365 0.194837 
3.40267e-05 0.0316798 0.00730439 0.0117769 0.792249 0.022882 9.57345e-05 0.0251683 0.03616 0.0726497 
4.25527e-08 0.051682 0.0205855 4.01096e-09 0.693493 0.00378299 5.42351e-06 0.000175229 0.00476529 0.22551 
0.000246192 0.0710953 0.00625164 0.0476913 0.504003 0.0344196 0.000372676 0.0148111 0.0606893 0.26042 
2.64578e-06 0.00171675 0.000496189 0.0524752 0.50358 0.0554824 1.06516e-05 0.00020341 0.0287419 0.357291 
1.59071e-05 0.0522051 0.0707994 0.00610588 0.46066 0.149835 0.000167563 0.0354265 0.0959687 0.128816 
0.000243485 0.0013103 0.298738 0.0328315 0.469956 0.00787277 0.0321446 0.000858243 0.0113916 0.144654 
0.000192279 0.00609981 0.0120834 0.0122804 0.604887 0.0460126 9.84275e-05 0.00514658 0.0255497 0.28765 
0.000212994 0.000161664 0.000207287 0.00236077 0.54657 0.0261877 5.1405e-05 0.000407726 0.0237078 0.400132 
7.45678e-07 0.0988572 0.00219668 3.15012e-06 0.798923 0.00340405 2.29289e-05 0.026678 0.0113122 0.0586021 
8.11748e-06 0.00101491 0.00180459 0.0492164 0.690289 0.00974163 6.08969e-05 0.0064529 0.0437065 0.197705 
1.56859e-05 0.0517753 0.00037266 0.00894628 0.707554 0.0177323 0.00216308 0.000321881 0.0632746 0.147844 
7.0113e-05 0.111128 0.0036919 0.0016884 0.514607 0.0192671 0.0144742 0.00277547 0.0787727 0.253526 
0.000170581 0.156408 0.0436803 0.00486567 0.379411 0.0830645 0.0387914 0.0427999 0.0412306 0.209578 
0.0264339 0.23086 0.0840224 0.000466045 0.377198 0.0195806 0.00749777 0.00203737 0.0409596 0.210944 
1.37707e-06 0.0180064 0.0318365 0.000669252 0.754779 0.142338 1.40285e-07 0.0126474 0.0123307 0.027391 
0.0117364 0.000680814 0.000355765 0.000198518 0.511873 0.0137824 0.000261928 2.10987e-12 0.288825 0.172287 
0.00010666 0.017518 0.00594701 0.0661604 0.753709 0.0566127 0.00598801 0.00677762 0.0336954 0.0534854 
0.000766741 0.0970339 0.00422178 0.000439836 0.523066 0.00728749 0.0158986 0.000240753 0.280835 0.0702092 
3.53567e-07 0.00265076 0.00372362 0.00117764 0.399877 0.123576 0.000115653 0.0681689 0.36457 0.0361399 
3.76568e-06 0.0013116 0.000360672 0.0834927 0.419509 0.0963371 2.99638e-05 0.00337052 0.0300948 0.36549 
0.000146792 0.0841526 0.333297 1.93407e-08 0.336884 0.00728867 1.86483e-11 0.000500461 7.84813e-12 0.23773 
1.55912e-06 0.0909694 0.00855005 0.00020958 0.474255 0.100688 5.8696e-05 0.000164366 0.0386929 0.28641 
1.52759e-05 0.0232503 0.0065603 0.00477898 0.40177 0.149059 2.21336e-05 0.000394259 0.108389 0.305761 
3.65916e-05 0.0255908 0.0131155 0.00253167 0.669548 0.0649077 5.41797e-05 0.00182014 0.0272303 0.195165 
0.000117699 0.00174055 0.059202 0.00276933 0.75561 0.0125902 1.08931e-05 0.000871083 0.0279922 0.139096 
7.09638e-09 0.0272544 0.00821649 0.000182049 0.810034 0.0454187 0.0250827 0.00034567 0.0182883 0.0651781 
0.000266947 0.0155309 0.0262056 0.0164318 0.642748 0.0297573 0.00243034 0.00674832 0.0493117 0.210569 
2.60767e-06 0.0179572 9.463e-05 0.000213089 0.714624 0.00577845 1.26024e-05 0.000446548 0.00272012 0.258151 
0.000142999 0.000197597 0.000311751 0.0110532 0.659036 0.0583279 5.06884e-05 0.000579918 0.107958 0.162342 
4.93183e-06 0.0135139 0.0593369 0.0193492 0.435426 0.0794282 0.000310825 0.00556745 0.0701266 0.316936 
1.51078e-05 0.00826792 0.0285327 0.00213692 0.396007 0.147285 1.25907e-08 0.0120529 0.0631419 0.342561 
0.000207004 0.130152 0.0327708 0.00458586 0.280248 0.0426551 0.116316 0.0146903 0.169426 0.20895 
0.000103861 2.8567e-09 1.58319e-10 0.00262756 0.474681 0.0379783 7.25183e-05 0.000387427 0.236856 0.247294 
3.15148e-06 0.28629 0.116598 0.000748392 0.366438 0.072764 2.95511e-06 0.0355407 0.00618553 0.11543 
8.26045e-06 0.00311205 0.0404483 0.0180043 0.708185 0.0759544 4.97348e-05 0.010463 0.0791041 0.0646713 
0.000169217 0.00620015 0.0259786 0.00269284 0.464996 0.0201676 0.00064069 0.27898 0.121128 0.0790469 
9.61328e-06 0.000437995 0.000636314 0.0117804 0.49004 0.188638 0.0572188 3.16415e-07 0.0789813 0.172257 
3.65948e-06 0.0283357 0.0116887 0.00476726 0.559276 0.0169354 0.0428683 0.00807253 0.0277379 0.300315 
0.00249778 0.00186065 0.00373749 0.00775919 0.426942 0.124987 0.000217829 0.00346602 0.208675 0.219856 
2.60491e-05 0.00896708 0.000579511 0.00207097 0.565106 0.0815841 0.000387501 0.000427077 0.0722398 0.268612 
3.42665e-05 0.040888 0.0596447 0.000743547 0.5281 0.0295092 4.77903e-05 0.000794745 0.0226928 0.317545 
4.8672e-09 1.9445e-05 0.000275508 0.0091513 0.672436 0.0803544 8.79011e-07 3.33676e-07 0.011911 0.225851 
4.62184e-05 0.0283699 0.109554 0.00439749 0.617014 0.0343892 0.0124958 0.00191229 0.0425183 0.149303 
4.49001e-05 0.033273 0.0329869 0.00285914 0.59893 0.107436 8.03238e-07 0.00597543 0.0533328 0.165161 
2.05277e-05 0.0282324 0.0565375 0.0153331 0.506546 0.0147193 0.0224174 0.000991183 0.00977156 0.345431 
1.46036e-05 0.153747 0.0124996 0.0048127 0.659232 0.0147465 0.0251181 0.00186751 0.0184348 0.109528 
0.000166698 1.18195e-06 0.184545 0.0016647 0.367904 0.192246 3.28012e-08 0.000125382 0.173964 0.079384 
1.26885e-05 0.0524634 0.00516781 0.0210381 0.463006 0.0546691 0.00270852 0.00609754 0.131749 0.263088 
0.00845134 0.00259034 0.0100473 0.000115429 0.361515 0.00655299 8.49513e-05 0.000482856 0.29937 0.31079 
7.33292e-06 0.000165459 0.000558585 0.00891507 0.691911 0.0851478 2.6788e-06 0.000236325 0.00764813 0.205407 
0.000238561 0.00694654 0.0392397 0.000142046 0.448736 0.0204529 6.25545e-05 0.00271571 0.139043 0.342423 
6.33032e-05 0.0468499 0.0444661 0.0104137 0.426078 0.0963058 0.00381977 0.0179587 0.0880524 0.265993 
3.83046e-06 0.00179231 0.00146517 0.00919501 0.784544 0.0105994 5.10643e-05 0.00201558 0.0218944 0.168439 
1.60235e-06 0.00486757 9.98885e-08 0.00710418 0.8306 0.00254956 6.6149e-06 5.10998e-05 0.104137 0.050682 
2.66223e-05 0.0142129 0.14796 0.0127059 0.643201 0.0615442 0.000502789 0.00313108 0.0523407 0.0643753 
0.000373039 0.0143393 0.0199893 0.00907266 0.725235 0.0257442 0.00124692 0.00269299 0.083657 0.11765 
2.31509e-05 0.00656906 0.0148711 0.0465481 0.440424 0.0446132 0.000151494 0.0370629 0.0427443 0.366993 
5.00953e-06 0.0154561 0.027686 0.030835 0.674348 0.031081 0.0743622 0.00307459 0.0112009 0.131951 
1.0319e-06 0.0431504 0.0342685 6.22909e-05 0.556779 0.071108 6.63374e-05 0.0157161 0.107853 0.170995 
1.25982e-05 0.00321092 0.0226086 4.05884e-05 0.365828 0.0417447 8.8569e-06 0.242236 0.0702746 0.254035 
0.132218 0.25765 0.0316465 0.00010753 0.321396 0.00956137 0.0333381 0.00222341 0.119323 0.0925363 
3.46581e-05 0.0112704 0.126577 0.000127886 0.464857 0.0158764 0.0204617 0.01141 0.0356638 0.313721 
0.00115041 0.0015996 0.0381076 0.00769554 0.479134 0.0449074 2.16444e-05 0.000862306 0.106584 0.319937 
7.58363e-07 0.00420667 0.0321142 0.000428621 0.911746 0.0208716 1.64392e-05 0.00145684 0.0117018 0.0174571 
5.00369e-05 0.0159866 0.00116679 0.0384409 0.755789 0.0234626 8.4841e-05 0.00324503 0.0234215 0.138353 
1.06271e-05 0.11469 0.117061 0.0245194 0.364355 0.0691872 0.00061093 0.031336 0.0844075 0.193823 
8.42401e-06 0.00657976 0.00269495 0.0181501 0.514286 0.158735 4.78656e-05 0.0024621 0.119548 0.177488 
9.83134e-05 0.00723769 0.0182798 0.0896348 0.625022 0.00729194 7.56255e-08 0.00121739 0.0090615 0.242156 
6.61027e-06 0.0506363 0.0380207 0.0315661 0.624113 0.0738944 0.0213934 0.00749159 0.0428421 0.110036 
1.25982e-05 0.00321092 0.0226086 4.05884e-05 0.365828 0.0417447 8.8569e-06 0.242236 0.0702746 0.254035 
1.37567e-09 0.000500995 0.000570249 0.0044814 0.59468 0.00039949 2.79609e-09 0.00035635 0.00145416 0.397558 
0.000119621 0.0105148 0.00183619 0.0179436 0.589055 0.0671441 0.0022134 0.00207837 0.0838325 0.225263 
2.06993e-05 0.00159701 0.000209197 0.072125 0.638413 0.10548 9.33038e-05 0.00149229 0.0354316 0.145137 
9.56879e-07 0.00929909 0.000126299 0.0022924 0.94609 0.00137284 7.53846e-05 0.000413194 0.000744867 0.0395854 
3.49802e-06 2.20694e-05 4.80092e-06 0.0166946 0.445143 0.0169546 0.000132829 0.0001136 0.231913 0.289017 
4.71247e-06 0.226358 0.0119838 0.00335181 0.437144 0.0800439 0.00467352 0.000969291 0.0426646 0.192807 
5.945e-06 0.0744551 0.0296621 0.00688668 0.501398 0.0117611 0.0225978 0.00237506 0.0295601 0.321298 
7.5811e-06 0.219952 0.00219813 0.000196185 0.721793 0.000853041 6.09087e-05 0.00112191 0.0309613 0.0228561 
3.91916e-12 0.00454283 4.60887e-06 0.0363477 0.58668 0.0338993 0.000206184 1.31622e-08 0.132257 0.206062 
4.29212e-07 9.71844e-09 0.38813 3.25551e-05 0.407043 0.015271 1.48797e-06 1.11234e-06 0.0153821 0.174139 
8.00499e-08 0.000118238 0.00996612 0.0432143 0.505348 0.0350741 2.39366e-05 0.00417555 0.0533867 0.348694 
0.000189457 0.0309303 0.112227 0.0592557 0.684014 0.0149402 0.000474456 0.00258371 0.03773 0.0576551 
1.49052e-06 0.0998773 0.00382043 0.226445 0.352266 0.0580063 0.000445488 0.0785515 0.108193 0.0723939 
0.00035465 4.43113e-07 0.0131612 4.43151e-07 0.462788 0.0539813 0.00372246 0.0152398 0.433909 0.0168421 
0.000161714 0.00112898 0.0243317 0.0826818 0.310947 0.0664386 1.73794e-05 0.00108435 0.296046 0.217163 
4.12537e-05 0.0110537 0.00565352 0.106631 0.525729 0.0888657 0.000223142 0.0120644 0.0718986 0.17784 
9.56747e-05 0.00722701 0.0056839 0.00337809 0.561576 0.0413692 0.0017868 0.00136126 0.0235973 0.353924 
3.66516e-08 0.000417868 0.248089 0.000228385 0.662221 0.00768808 1.50722e-05 0.0091629 0.00129274 0.070885 
9.95988e-06 0.0635669 0.15298 0.00398563 0.426367 0.0712939 0.00193943 0.0281865 0.108945 0.142726 
5.43266e-06 0.025488 0.00882859 0.0775585 0.610804 0.0218101 0.00828632 0.00599725 0.0737576 0.167464 
0.000387137 0.0619787 0.00337246 0.00436226 0.454436 0.109844 0.00414035 0.00353827 0.133897 0.224044 
2.75559e-05 0.033636 0.000803935 0.0238576 0.66897 0.0454067 0.000939006 0.030435 0.0275829 0.168341 
0.000212204 0.0355205 0.109914 6.32344e-06 0.513494 0.0844472 1.6481e-07 0.0746968 0.0010107 0.180698 
0.000511907 0.00217589 0.00297145 0.0180787 0.534229 0.0990975 3.9776e-05 0.00136599 0.229513 0.112017 
1.3311e-05 0.166084 0.00473099 0.000263463 0.334145 0.00410031 0.314953 0.00200314 0.145377 0.0283302 
0.000780594 0.00181793 0.0101211 0.00286127 0.752355 0.0254976 0.000128593 0.00302228 0.113675 0.0897404 
0.000201924 3.83401e-05 4.73032e-06 4.60991e-06 0.791591 4.81591e-05 2.43536e-06 0.0452204 0.162836 5.15808e-05 
1.29447e-06 0.233316 0.136464 0.000207847 0.343212 0.0720426 4.14351e-06 0.00669592 0.0103815 0.197674 
0.00204302 0.00439805 0.151196 0.00553935 0.37627 0.0823218 0.000218978 0.00172638 0.10759 0.268696 
5.99014e-05 0.0117026 0.0216801 0.0227532 0.397154 0.102384 0.000148118 0.003035 0.138495 0.302588 
8.70216e-05 0.000662572 0.00231702 0.0098757 0.49337 0.0655669 0.000166607 0.0187325 0.377568 0.0316535 
0.000803818 0.00565907 0.183634 0.000483082 0.431067 0.194722 3.34928e-05 0.0010283 0.0830337 0.0995359 
2.62838e-05 2.63048e-05 0.173643 2.63071e-05 0.381522 2.63096e-05 2.63039e-05 2.62984e-05 0.20523 0.239448 
2.28359e-05 0.0126645 0.00313947 3.78566e-05 0.91841 0.00574154 0.0300528 0.00149251 0.00927275 0.0191663 
0.00440442 0.0409603 0.00466842 0.0155688 0.646962 0.0092379 0.00472582 0.000880212 0.136205 0.136387 
0.000225948 0.0372012 0.00153915 0.0122816 0.368429 0.0534421 0.0708239 0.00153822 0.182807 0.271712 
6.84021e-07 0.00084127 0.00340341 0.0070309 0.839927 0.00509374 2.64494e-08 3.82381e-05 0.00385606 0.139809 
3.77703e-06 0.0308828 0.0262531 0.00740654 0.776567 0.036769 0.000116579 0.00124092 0.02951 0.0912503 
1.63418e-06 0.115784 0.00975587 3.00656e-05 0.826327 0.00596018 0.0184934 0.000159259 0.00832037 0.0151688 
0.000143061 0.0143365 0.0033019 0.0175288 0.714832 0.0236282 0.0038845 0.00284561 0.0653977 0.154102 
4.43705e-07 0.00211728 0.000534911 0.000685183 0.590309 0.0663922 0.000109849 0.00263765 0.251206 0.0860071 
4.61624e-05 0.0189673 0.0766821 0.00909354 0.516381 0.0251777 0.000106665 0.00800189 0.0148035 0.33074 
1.87498e-06 0.155267 0.158438 0.00940253 0.368598 0.0101094 0.0192616 0.000674537 0.268332 0.00991562 
6.84021e-07 0.00084127 0.00340341 0.0070309 0.839927 0.00509374 2.64494e-08 3.82381e-05 0.00385606 0.139809 
9.0259e-06 0.00309393 0.00755906 0.0176819 0.660056 0.0560356 0.000566271 2.5351e-05 0.116053 0.138919 
3.83046e-06 0.00179231 0.00146517 0.00919501 0.784544 0.0105994 5.10643e-05 0.00201558 0.0218944 0.168439 
2.75822e-06 0.01581 0.0834801 0.00124898 0.549676 0.00519025 6.13758e-05 0.00105114 0.0187718 0.324707 
2.54305e-05 0.00223372 0.002356 0.0440885 0.577277 0.101077 0.000225075 0.00143707 0.0801087 0.191172 
6.74298e-06 0.0228359 0.160537 0.000605159 0.363108 0.0690119 2.06024e-05 0.00092448 0.0235062 0.359444 
8.30609e-06 0.122148 0.0564584 0.000328463 0.425399 0.0323462 2.12975e-07 0.000468739 9.58391e-05 0.362747 
0.000238677 0.0271234 0.144742 0.0370105 0.362408 0.160961 0.0159925 0.0279757 0.0689507 0.154597 
0.00256962 0.000541004 8.77123e-05 0.00129546 0.66957 0.0780286 0.00803706 0.000403661 0.0295481 0.209919 
7.45438e-08 0.000903646 2.06695e-05 0.0674759 0.68796 0.0953407 0.000637564 3.4766e-08 0.133166 0.0144959 
8.31569e-05 0.0115668 0.041053 0.0234241 0.654954 0.00573706 0.000160253 0.000595379 0.0235631 0.238864 
1.64309e-05 0.0345074 0.0212046 0.0147118 0.692713 0.0396114 0.00178967 0.0188317 0.135286 0.0413279 
0.000433364 4.14598e-05 0.0122307 0.000196047 0.552508 0.0481847 5.59914e-07 0.000500115 0.0278762 0.358029 
5.18289e-05 0.021054 0.0944593 0.0463852 0.329674 0.10964 0.00826873 0.0122558 0.0930383 0.285174 
3.22591e-06 0.325127 0.0669971 3.41884e-06 0.386291 0.0796415 1.49087e-06 0.0155877 0.0362749 0.0900729 
1.34277e-05 0.0624009 0.0202645 0.0354482 0.673298 0.0166857 0.0181957 0.00242912 0.0801966 0.0910675 
0.000146979 0.0056513 0.0224628 0.00194314 0.859474 0.0259954 2.41684e-05 0.00358645 0.0237225 0.0569934 
2.7656e-05 0.00619924 0.0947394 0.00631601 0.409017 0.106151 0.000424362 0.00219012 0.18864 0.186296 
6.01106e-05 0.0168822 0.000157939 0.00172043 0.705977 0.0695312 0.000501588 0.000231471 0.0968031 0.108135 
0.000243492 0.0122623 0.092426 0.0102533 0.490492 0.0235526 6.64692e-06 0.000514288 0.0319063 0.338343 
7.91286e-12 5.35917e-05 0.000243495 0.0654875 0.473041 0.234247 5.14784e-05 0.000911516 0.0233916 0.202573 
6.00435e-06 0.0133766 0.00295369 0.00246355 0.738856 0.0121106 2.71573e-05 0.00121311 0.0141047 0.214889 
0.00121294 0.00629835 0.0760952 0.0525788 0.509569 0.0596709 0.000471848 0.000225077 0.0971591 0.196719 
0.00104176 0.00662946 0.0366711 0.00536637 0.604847 0.0700953 0.00532495 0.0159684 0.0492765 0.204779 
1.80699e-05 0.00260593 0.000458942 0.331868 0.449443 0.00171771 8.83382e-05 0.000968072 0.0117014 0.201131 
6.61433e-05 0.0626096 0.00412429 0.00717084 0.403974 0.0390451 0.012248 0.185793 0.215495 0.0694728 
5.83607e-06 0.0136627 0.116057 6.19974e-05 0.740954 0.006856 4.891e-05 0.00380341 0.0477319 0.0708188 
1.81958e-05 0.0182385 0.0116674 0.002994 0.592167 0.195953 1.43974e-05 0.000661754 0.0391279 0.139158 
0.0011536 0.00651441 0.00212893 0.039567 0.695816 0.105335 0.000114264 0.000486609 0.058619 0.0902654 
9.09083e-05 0.0202918 0.023386 0.0146299 0.632913 0.0737788 0.00117327 0.011185 0.0445473 0.178004 
5.34299e-05 0.0086634 0.0256755 0.0156984 0.46882 0.0374819 0.000168431 0.00268938 0.0239868 0.416763 
0.000323874 0.0470693 0.00928135 0.0272084 0.401208 0.15359 0.000300721 0.010045 0.244697 0.106276 
