2.05578e-08 0.004043 0.00278936 0.00303022 0.0466409 0.887512 5.53949e-09 0.000786189 0.0202597 0.0349387 
6.27532e-06 0.00436944 0.00694838 0.133388 0.0993096 0.369223 0.00035423 0.00401678 0.27851 0.103874 
0.000263928 0.0516892 0.00520181 0.0206239 0.12102 0.610294 0.000764668 0.00373289 0.0886762 0.0977331 
8.73828e-05 0.0173007 0.0184352 0.023412 0.0643376 0.703507 2.81655e-05 0.00502255 0.0603382 0.107531 
2.41463e-05 0.0166249 0.000597209 0.00603394 0.0210366 0.875136 3.16098e-05 0.00135476 0.0345894 0.044571 
1.3021e-08 0.0136066 0.00792597 0.00171429 0.157807 0.477723 0.000270273 0.0111702 0.0111961 0.318587 
4.79374e-06 0.0200504 2.86409e-08 0.000622275 0.0132114 0.915033 2.60102e-09 7.26184e-05 0.0100752 0.0409307 
9.71242e-06 1.58911e-07 0.000392714 0.00760747 0.100976 0.566752 0.000498943 0.00942653 0.303322 0.011014 
6.42861e-07 0.000640259 9.62514e-05 0.00604617 0.0106306 0.931338 2.88737e-05 0.000517245 0.00436042 0.0463417 
2.47039e-07 0.000758278 0.00555122 0.0668428 0.0132308 0.878017 1.22868e-06 0.000355772 0.000350888 0.034892 
5.05119e-07 5.05524e-07 5.05538e-07 0.041356 0.0152197 0.761351 0.000101606 5.054e-07 0.0814002 0.100569 
4.59986e-06 0.000717027 8.58211e-07 0.00709787 0.0596571 0.786033 6.93881e-06 0.00158643 0.03684 0.108056 
1.90227e-07 0.00164591 0.0094525 0.10923 0.0245565 0.518945 1.08926e-05 0.00520122 0.0117277 0.319231 
0.000135684 0.00343607 0.000304091 0.0111386 0.121034 0.405987 0.000122538 0.00673056 0.330251 0.120861 
6.27707e-09 9.74739e-05 0.149006 0.00301672 0.0629908 0.612341 5.23882e-05 0.0314319 0.0520581 0.0890058 
4.46784e-10 0.0514158 0.016388 0.00655867 0.139748 0.324214 9.58195e-05 0.024107 0.298441 0.139032 
3.22521e-06 0.000356167 0.00113957 0.00130762 0.0310314 0.471457 3.33004e-05 0.00221784 0.453252 0.039201 
3.80154e-07 0.0142877 0.0312343 0.0392087 0.143833 0.598564 0.00256848 0.00717774 0.053301 0.109825 
2.6082e-05 0.0200015 0.0049942 0.0754692 0.0596069 0.675807 6.953e-05 0.00339303 0.0338438 0.126789 
0.000161491 0.00977977 0.00385254 0.0292696 0.0883238 0.726193 7.3539e-05 0.00454302 0.0421448 0.0956588 
6.10666e-06 0.00157773 0.00128138 0.0127885 0.0800454 0.691071 2.87238e-05 0.000180636 0.0655029 0.147518 
6.04951e-05 0.0151033 0.00690067 0.0606498 0.0190921 0.772764 0.00132172 0.010119 0.0286683 0.0853209 
7.92872e-06 0.0266728 0.00273592 0.0151092 0.195884 0.285051 0.000203035 0.0379099 0.272958 0.163468 
3.22241e-08 6.2943e-06 0.00148818 0.00241742 0.0331382 0.817253 8.68308e-09 8.73197e-05 0.100885 0.0447249 
0.000272495 0.00229505 0.000109603 0.245706 0.0151324 0.678514 0.000200112 0.000787923 0.0231894 0.0337936 
0.000328794 0.00999239 0.0134785 0.0247409 0.108317 0.58297 0.000173603 0.00863559 0.152429 0.098934 
2.59444e-08 0.0706022 0.0203443 0.00190853 0.255394 0.403117 0.0027235 0.000382281 0.141608 0.10392 
4.53822e-06 0.020628 0.0184659 0.00724475 0.204825 0.585975 0.0775487 0.0018172 0.028448 0.0550425 
2.01096e-08 0.0404423 0.000181791 0.00441431 0.0120749 0.924582 1.3541e-08 5.196e-08 0.0173426 0.000961764 
1.33801e-08 0.00491312 0.0112281 0.00272957 0.0725702 0.722124 0.0622923 0.00186972 0.00723011 0.115043 
4.43912e-07 0.0847374 0.0031565 0.200179 0.00179127 0.701154 7.20352e-11 0.00122469 0.0028118 0.00494531 
0.000403543 0.216447 0.00574904 0.0130317 0.0660178 0.389741 0.0201825 0.00356583 0.0345628 0.250299 
2.73277e-10 0.000457978 0.00366545 0.00199294 0.0264074 0.91431 6.10961e-07 0.00462028 0.030855 0.0176907 
3.23175e-05 0.14176 0.0245428 1.53562e-05 0.134029 0.572437 4.19341e-05 0.00207883 0.000637806 0.124424 
4.02103e-10 0.00115987 0.00861428 3.05377e-06 0.00416073 0.425876 5.99631e-08 2.73679e-07 0.222682 0.337503 
3.26348e-06 0.0214011 0.0148021 0.00101843 0.085362 0.64091 0.0025117 0.00629959 0.0105517 0.21714 
3.35323e-09 4.62572e-06 0.00749763 0.0270628 0.0396671 0.603187 7.821e-09 3.15234e-08 0.0151044 0.307476 
5.8631e-07 0.00211112 0.00020572 0.0301159 0.0316739 0.747692 3.359e-06 2.48268e-05 0.00365847 0.184514 
6.47631e-07 0.0015867 0.00168296 0.138447 0.106377 0.42926 3.6841e-06 0.0100792 0.00895056 0.303612 
0.000715731 0.015633 0.0207789 0.0821331 0.0717296 0.622035 0.0014244 0.00795591 0.0611173 0.116477 
1.20022e-05 0.111219 0.00269309 0.00599687 0.221079 0.260221 0.00791767 0.0223342 0.111484 0.257043 
5.71686e-06 0.0697855 0.0104213 0.137349 0.0644381 0.527632 0.00724302 0.000761835 0.034704 0.147659 
1.89003e-05 0.0160352 0.0349025 0.0290511 0.137316 0.331451 5.41484e-05 0.00155049 0.124763 0.324858 
5.27097e-06 0.000175136 4.06293e-05 0.0295501 0.00618983 0.914467 8.24993e-05 0.000311133 0.00717913 0.0419989 
6.07258e-05 0.00178326 2.32375e-05 0.0035942 0.000220545 0.992423 0.000370095 0.000351564 0.000159048 0.00101392 
3.71669e-05 0.0428766 0.00417478 0.0282101 0.0423548 0.528528 0.000230592 0.00144759 0.273462 0.0786784 
2.2653e-06 0.000134111 0.00282606 0.0117868 0.0125633 0.51044 1.26144e-05 0.00163101 0.00154555 0.459059 
0.000219927 0.00644983 0.00494673 0.244542 0.0307791 0.493352 0.000273114 0.00573055 0.0355663 0.17814 
9.44708e-08 0.00524696 7.60882e-05 0.142729 0.0552636 0.68871 7.31755e-05 0.00973686 0.0676762 0.0304889 
2.44407e-08 1.73741e-05 0.130613 0.00252102 8.32771e-06 0.756543 3.09913e-06 0.0885576 0.000392467 0.021344 
1.33692e-10 4.36633e-05 0.0139283 0.0487773 0.0137682 0.752833 1.94453e-08 6.27059e-07 0.00924207 0.161407 
1.74941e-05 0.00581833 1.27316e-06 0.0323078 0.0301261 0.486116 8.65201e-06 0.00173036 0.144877 0.298997 
6.33546e-07 0.000564635 0.00311647 0.0182014 0.018995 0.931446 2.14474e-05 0.000590496 0.00330544 0.0237589 
0.000195645 0.00995847 0.0166285 0.324854 0.0747866 0.412502 0.00109678 0.00892789 0.0591416 0.0919089 
1.08924e-06 0.00239975 2.28542e-07 0.0423165 0.000279236 0.897846 0.000140982 0.00127097 0.0557447 4.88585e-08 
4.84547e-11 0.00205532 0.0212419 0.00214531 0.118539 0.820518 9.24419e-07 0.00287689 0.00193222 0.0306905 
9.62657e-05 0.0294401 0.00845911 0.0703923 0.100173 0.370777 0.00218582 0.00202639 0.232474 0.183976 
8.97708e-09 5.22802e-05 0.00137021 0.0670008 0.00242752 0.873869 1.69756e-06 0.000567483 0.000593364 0.0541172 
6.37816e-05 0.0468793 0.00631843 0.0295351 0.167553 0.405749 0.00415629 0.0346818 0.162269 0.142795 
2.43598e-05 0.0245099 0.00647166 0.0189417 0.197483 0.44783 8.51664e-05 0.024927 0.0755451 0.204182 
3.20511e-07 0.0148787 0.00638136 0.0891916 0.0514126 0.438622 2.60221e-05 0.00409914 0.00165644 0.393732 
5.62092e-08 0.157425 0.00171604 0.0047458 0.103334 0.414747 5.90317e-08 0.00155234 0.25626 0.0602188 
0.000137529 0.0134417 0.00214358 0.107672 0.0337566 0.641718 0.00259218 0.00244355 0.0309578 0.165138 
3.41911e-08 0.0462379 0.00873805 0.0530095 0.200735 0.286911 0.0379986 0.0631891 0.09988 0.203301 
4.75565e-06 0.00523101 0.000553643 0.148311 0.0247198 0.709469 0.000133141 0.000589116 0.0253152 0.0856737 
2.04812e-05 0.000210408 0.000619286 0.00170135 0.0103332 0.963845 1.87824e-05 0.00114018 0.00436553 0.0177459 
0.000312569 0.00347377 0.00242024 0.0135273 0.126756 0.401153 0.00131636 0.00269101 0.388773 0.0595771 
1.62807e-09 2.0962e-06 0.00198413 5.05737e-07 4.09407e-06 0.778472 1.86102e-07 0.00422482 0.111696 0.103616 
0.000390012 0.104529 0.0101031 0.0614929 0.0449718 0.443023 0.00123249 0.104883 0.0660832 0.163291 
0.000366001 0.00352713 0.00836459 0.0146077 0.293258 0.310501 8.17025e-05 0.000737378 0.0933223 0.275233 
1.40905e-05 0.0136387 0.0196318 0.00291073 0.224827 0.597509 0.00322177 0.00300951 0.00439344 0.130844 
0.00103121 0.0458991 0.00930467 0.0765047 0.0996549 0.443331 0.00149539 0.00354844 0.170822 0.148409 
0.000627934 0.0560589 0.0550942 0.0441207 0.145394 0.312724 0.00392854 0.0324789 0.165656 0.183917 
4.41182e-06 0.0172662 0.000245991 0.0394184 0.0210649 0.836017 0.000187411 0.000433179 0.0438683 0.0414942 
2.01096e-08 0.0404423 0.000181791 0.00441431 0.0120749 0.924582 1.3541e-08 5.196e-08 0.0173426 0.000961764 
1.49825e-05 0.0211594 0.000163233 0.000372672 0.0201302 0.602098 0.060308 0.000597612 0.00631268 0.288843 
0.0152729 0.000183649 0.00519172 0.045102 0.0734988 0.682563 4.13613e-05 0.00667027 0.10979 0.0616854 
0.000140913 0.022983 0.00033441 0.108233 0.0246547 0.718053 0.000275664 0.00215158 0.0876879 0.0354853 
5.27097e-06 0.000175136 4.06293e-05 0.0295501 0.00618983 0.914467 8.24993e-05 0.000311133 0.00717913 0.0419989 
6.42861e-07 0.000640259 9.62514e-05 0.00604617 0.0106306 0.931338 2.88737e-05 0.000517245 0.00436042 0.0463417 
4.6011e-08 0.00380958 0.00182549 0.137587 0.00899501 0.696967 2.0606e-05 3.35729e-06 0.0106166 0.140175 
1.61247e-06 0.0279001 0.00472215 0.00192385 0.0332367 0.851224 0.000136077 0.000503894 0.0328062 0.0475454 
0.0027484 0.00516743 4.16707e-07 0.406021 0.0678097 0.424188 4.1668e-07 0.000167054 0.0494268 0.0444707 
3.85122e-06 0.00499385 0.0152405 0.0365714 0.116122 0.474078 0.00034053 0.00521801 0.104869 0.242563 
8.87824e-05 0.021654 0.000102042 0.00764041 0.26451 0.422913 2.39622e-05 2.59867e-06 0.0337123 0.249353 
1.503e-07 0.000590691 0.000429941 0.100048 0.00373194 0.613628 1.93262e-05 2.84381e-05 0.00369807 0.277825 
8.16532e-05 0.00125201 0.00162929 0.00133245 0.0165101 0.910465 0.00440922 0.00112129 0.00719115 0.0560074 
2.01096e-08 0.0404423 0.000181791 0.00441431 0.0120749 0.924582 1.3541e-08 5.196e-08 0.0173426 0.000961764 
3.06055e-06 0.00335076 0.00423605 0.105622 0.00772287 0.844713 4.34122e-05 0.000308063 0.00843836 0.0255617 
0.00013172 0.0215361 0.00681877 0.100833 0.0766965 0.605782 0.00225901 0.00124115 0.0569527 0.12775 
6.28528e-06 0.00206576 0.0489421 0.000260234 0.0335247 0.880785 2.95867e-05 0.000163664 0.0104568 0.0237662 
6.93934e-05 0.0114117 0.000209593 0.160305 0.0361495 0.703642 0.000398252 0.00683742 0.0426503 0.0383272 
4.35139e-05 0.0256412 0.027934 0.00375609 0.0689472 0.597648 1.43601e-05 6.28319e-05 0.0724654 0.203487 
0.000867864 0.00105925 0.00304383 0.0083562 0.136723 0.379766 2.35212e-05 0.000190275 0.25847 0.2115 
1.42593e-05 0.000354922 0.000236175 0.367255 0.0212212 0.521851 0.000270704 0.00653407 0.071596 0.0106665 
7.67814e-07 0.0108637 0.0310834 7.4504e-05 0.122707 0.735985 7.1753e-06 0.000361243 0.0129515 0.0859659 
2.999e-06 0.00157696 0.146091 0.080913 0.0711191 0.354328 9.62491e-05 4.62337e-05 0.0981545 0.247672 
0.00043664 0.0132217 0.00196531 0.106283 0.0493926 0.659382 2.82817e-06 2.92534e-05 0.127578 0.0417094 
1.01563e-11 1.50342e-07 2.13097e-12 1.54922e-12 0.000436173 0.998441 2.3379e-08 3.46198e-07 9.40671e-06 0.00111285 
3.97508e-05 0.0116828 0.00198826 0.0577223 0.102041 0.499956 7.32033e-05 0.00098772 0.118399 0.20711 
2.15349e-05 0.00183938 0.0119749 0.213204 0.0374485 0.572537 0.0237526 0.000912594 0.00570701 0.132602 
0.000528941 0.230484 0.00479347 0.00466675 0.140427 0.244934 0.088698 0.00536166 0.115123 0.164983 
0.00892544 2.61257e-06 0.000108015 0.0023728 0.00602464 0.85755 1.94295e-05 0.000149585 0.0995572 0.02529 
1.03943e-05 0.0110451 0.0164111 0.00479469 0.0489324 0.777319 6.0004e-05 0.0146401 0.00107139 0.125716 
0.002157 0.00762371 0.015257 0.00896049 0.141852 0.464178 0.000152018 0.0197321 0.204889 0.1352 
2.54696e-05 0.0168593 0.0147067 0.0374104 0.0466167 0.577205 0.000101983 0.00810851 0.0457956 0.25317 
2.57242e-06 0.00503455 0.0293458 0.0216667 0.0740964 0.504008 0.000124239 0.0390799 0.0916384 0.235003 
2.04812e-05 0.000210408 0.000619286 0.00170135 0.0103332 0.963845 1.87824e-05 0.00114018 0.00436553 0.0177459 
2.50904e-05 0.0138605 0.0291917 0.0083888 0.120829 0.653627 0.0511304 0.00188899 0.0421746 0.0788835 
1.35111e-05 0.0628737 0.0520028 0.00115661 0.0809381 0.583506 2.11353e-06 7.7909e-05 0.0413767 0.178052 
0.00092991 0.0122112 0.0303445 0.0510716 0.0798685 0.649842 2.61983e-05 0.0116776 0.0699879 0.0940402 
1.86905e-05 0.0133199 0.00901526 0.0553423 0.0347386 0.794417 0.000745915 0.00259275 0.0315309 0.0582783 
4.43992e-06 0.0684951 0.00216295 0.099466 0.0398305 0.620513 0.0340831 0.00103694 0.0243472 0.110061 
1.90523e-07 0.000436319 0.0374295 0.228567 0.0124679 0.497133 5.94807e-08 0.016085 0.00476289 0.203118 
0.00102119 0.000232562 0.00366657 0.00433629 0.0874093 0.588083 0.000162322 0.0015665 0.229759 0.0837635 
6.50507e-08 3.62443e-06 0.00484501 0.0181535 0.00246937 0.881951 2.73164e-06 0.0626491 0.0166153 0.0133104 
0.000799393 0.00241163 0.0142985 0.00872798 0.11213 0.645471 3.13281e-05 0.00158813 0.120106 0.0944362 
3.9362e-06 0.0180638 0.00185341 0.359203 0.0338797 0.395817 0.000168727 0.0981879 0.0288604 0.0639624 
5.14103e-05 0.00472643 0.00777698 0.0722341 0.0944089 0.569251 5.48729e-05 0.0122371 0.0828003 0.156459 
0.000353187 0.010509 0.000693209 0.406166 0.0425201 0.430348 5.31707e-05 0.000967179 0.03011 0.0782798 
1.82019e-05 0.00257751 0.059559 0.108601 0.128693 0.619156 3.77884e-06 0.000844187 0.0631547 0.0173917 
0.000117014 0.0016376 0.000557294 0.198334 0.124797 0.542422 0.000118845 0.00138389 0.0560979 0.0745341 
6.81945e-06 0.0120702 0.00154773 0.16277 0.0510879 0.690965 2.88077e-05 0.00141988 0.022214 0.0578901 
0.000672764 0.00134809 0.000136888 0.0108809 0.0129632 0.648293 6.57627e-05 8.53384e-05 0.305228 0.0203256 
7.86063e-05 0.00215667 0.00609075 0.0551232 0.0732492 0.654902 0.00267944 0.00650996 0.136501 0.0627087 
0.000853347 0.00184537 0.00734921 0.0747763 0.0883946 0.657116 0.000162533 0.00752698 0.0588736 0.103102 
1.65405e-05 0.0326983 0.00266649 1.32956e-06 0.0760333 0.788612 2.75939e-06 0.000129599 0.000443015 0.0993968 
2.17561e-08 0.053048 0.00618056 0.0408596 0.224055 0.352206 0.000195565 0.00829299 0.0451659 0.269997 
1.16722e-07 0.00113815 0.00151139 0.00202232 0.0153199 0.864059 2.97844e-06 0.00317637 0.0946948 0.0180753 
7.35985e-06 0.00465547 0.00570038 0.0925823 0.0374977 0.686072 0.000144873 0.00155018 0.0426607 0.12913 
6.42861e-07 0.000640259 9.62514e-05 0.00604617 0.0106306 0.931338 2.88737e-05 0.000517245 0.00436042 0.0463417 
0.000138946 0.0181362 0.0341576 0.0170739 0.0863623 0.467492 0.000314252 0.00392863 0.238807 0.133589 
0.000143298 0.0159802 0.0134966 0.0042852 0.128825 0.435651 0.000118463 0.0394841 0.0193646 0.342651 
2.67021e-05 0.000601223 3.36884e-05 0.35716 0.0357585 0.563334 5.1896e-05 0.000473217 0.00896031 0.0336011 
4.02103e-10 0.00115987 0.00861428 3.05377e-06 0.00416073 0.425876 5.99631e-08 2.73679e-07 0.222682 0.337503 
4.01609e-09 1.97744e-06 0.00578245 0.0109833 0.218636 0.408502 0.000175073 0.000106375 0.257296 0.0985167 
0.000487521 0.0355999 0.00296339 0.104769 0.158659 0.592835 0.000494174 0.0164991 0.0422232 0.0454702 
1.30065e-05 3.6387e-05 0.00372315 0.0105656 0.0414918 0.635427 2.32795e-05 0.000138364 0.272346 0.036235 
6.74777e-06 0.00374853 0.0081742 0.182001 0.018201 0.660318 0.000126108 0.00578424 0.00722898 0.114411 
1.35643e-05 0.000678792 0.00614297 0.0428008 0.048359 0.558765 3.61944e-07 0.00334171 0.0686928 0.271205 
1.96818e-05 0.0156036 0.0258665 0.1516 0.0688192 0.46526 0.000391625 0.0646053 0.0173588 0.190476 
6.58704e-06 0.000218209 5.07851e-05 0.0353016 0.00773727 0.894978 0.000102163 0.000343708 0.00876292 0.0524986 
0.00196887 0.00235151 0.00990229 0.0725008 0.0360499 0.685526 0.000101045 0.00237765 0.0767304 0.112492 
1.00409e-10 0.00109238 0.0134105 0.0248498 0.0380666 0.715126 0.000119993 0.00285673 0.200809 0.00366849 
7.40135e-05 0.0202667 0.0228994 0.123555 0.073303 0.607364 0.000242476 0.00607912 0.0769511 0.0692653 
6.75778e-08 0.00463287 0.00144472 0.0546294 0.0285162 0.852114 2.54149e-06 0.00238404 0.00699629 0.0492802 
1.7259e-05 4.5574e-05 0.000164733 0.00201913 0.00411169 0.980852 3.88854e-06 0.000693101 0.00103464 0.0110582 
5.91319e-05 0.000240754 0.000397615 0.00971153 0.0102419 0.946539 2.97091e-05 0.000824586 0.00527506 0.0266808 
1.576e-06 2.00624e-06 0.00884907 0.0741915 0.00692855 0.765528 5.10295e-08 7.53866e-09 0.00160019 0.142899 
8.61374e-06 1.87506e-06 6.43979e-05 0.22703 0.0208376 0.367504 0.000214781 0.000102105 0.307396 0.0768402 
0.00145514 0.0161382 0.00550008 0.0173012 0.0882988 0.730861 0.00015973 0.0483433 0.0322766 0.0596656 
1.29817e-05 0.0038884 0.00536267 0.00842978 0.0336528 0.740485 5.50886e-05 0.00410429 0.0960065 0.108003 
3.22521e-06 0.000356167 0.00113957 0.00130762 0.0310314 0.471457 3.33004e-05 0.00221784 0.453252 0.039201 
2.01096e-08 0.0404423 0.000181791 0.00441431 0.0120749 0.924582 1.3541e-08 5.196e-08 0.0173426 0.000961764 
2.54702e-06 0.00121895 0.00131536 0.00646894 0.130712 0.723139 2.39849e-05 0.00874932 0.0968247 0.0315458 
7.13617e-08 0.00577818 0.0236497 0.00639814 0.164734 0.641548 0.000121486 0.0253854 0.0415781 0.0908072 
0.000895019 0.00882916 0.032525 0.000818316 0.219552 0.459324 2.47757e-05 0.00239014 0.0376629 0.237979 
9.78875e-06 4.25579e-07 5.36653e-05 0.00134584 8.17404e-05 0.995095 0.000126027 0.000647627 0.00150836 0.00113136 
1.52451e-05 0.000176926 0.0236016 0.0350596 0.164193 0.439041 4.00068e-05 0.000265784 0.106483 0.231124 
7.61047e-05 0.0184678 0.00692611 0.0258557 0.0572489 0.788471 6.45394e-05 0.000721939 0.0316901 0.0704775 
1.76814e-06 0.000241334 0.000763878 0.0243044 0.00921074 0.437588 3.47919e-06 0.382474 0.134556 0.0108557 
9.01785e-06 0.000861207 0.00110659 0.00598326 0.0324194 0.863422 0.000121444 0.00108009 0.0749972 0.0199994 
1.8655e-06 0.00916467 0.000122431 0.129638 0.00968585 0.778632 0.000618172 0.000577349 0.0154049 0.056154 
5.54667e-05 0.0179489 0.00656685 0.224353 0.0615313 0.527 0.00394282 0.00215022 0.0432136 0.113238 
6.06014e-05 0.0192479 0.0109303 0.0890749 0.0876259 0.557611 0.000497473 0.00907503 0.0933167 0.13256 
4.42623e-10 0.00034045 2.7264e-06 0.120933 1.57934e-06 0.86433 1.53626e-07 2.06432e-10 0.0143798 1.24511e-05 
5.75153e-05 0.0383957 0.00773382 0.249978 0.083691 0.357327 0.000182079 0.00394227 0.151335 0.107357 
2.32285e-05 0.00294254 0.00822768 0.0226717 0.0286281 0.679297 3.64835e-05 0.000508017 0.176687 0.080978 
5.73881e-07 0.00155334 0.0119815 0.342392 0.00607996 0.447942 1.1678e-05 0.00698501 0.0118914 0.171163 
1.13488e-06 0.0069639 0.0287272 0.000451207 0.095499 0.713425 0.0018532 0.0019396 0.0136139 0.137526 
8.57393e-05 0.0109801 0.0269608 0.108659 0.107907 0.544189 0.00237085 0.00981903 0.0752201 0.113809 
4.00307e-06 0.00321127 0.0140276 0.00111042 0.169779 0.373451 2.7853e-05 0.00334728 0.103524 0.331518 
0.000305429 0.00820306 0.00230937 0.168042 0.0954223 0.393971 8.1871e-05 0.118847 0.110663 0.102154 
4.259e-07 0.000419145 0.000295277 0.00395765 0.0124807 0.934075 1.89136e-05 0.000338649 0.00379266 0.0446215 
0.000170095 0.0028362 1.81496e-05 0.116491 0.064096 0.626424 6.23585e-05 0.00271135 0.0966771 0.0905135 
1.24745e-06 0.0150147 0.022404 0.222714 0.112927 0.423706 1.28688e-05 0.00281177 0.111895 0.0885136 
3.64389e-05 0.018875 0.011704 0.394646 0.0404944 0.41353 0.000213429 0.0031866 0.0237328 0.0935816 
5.35629e-11 0.00117707 0.0283551 0.0257736 0.0018676 0.862211 1.04894e-06 0.0748432 2.68873e-05 0.00574445 
0.00183548 0.0148987 0.00135653 0.0827436 0.00772024 0.794716 3.81388e-05 0.000940412 0.0332516 0.0624994 
6.31809e-07 0.000810078 0.00119415 0.0266753 0.0932632 0.72474 3.1483e-05 0.00674445 0.0405247 0.106016 
0.000275089 0.0320855 0.00660583 0.0242823 0.0572325 0.522833 2.59381e-05 0.133358 0.159161 0.064141 
4.36689e-07 0.0305068 0.000262466 0.1436 0.00609021 0.791846 9.51366e-06 0.00338691 0.0013338 0.0229637 
5.27097e-06 0.000175136 4.06293e-05 0.0295501 0.00618983 0.914467 8.24993e-05 0.000311133 0.00717913 0.0419989 
2.01096e-08 0.0404423 0.000181791 0.00441431 0.0120749 0.924582 1.3541e-08 5.196e-08 0.0173426 0.000961764 
5.71924e-07 0.00035844 0.00214127 0.0577334 0.0285932 0.901789 6.06198e-06 0.000226029 0.00256251 0.00658926 
3.82831e-08 0.00187466 0.00217714 0.145595 0.000208149 0.670931 4.43516e-06 0.00113085 0.00804774 0.170032 
0.00220845 0.00204197 0.00595951 0.0456603 0.117429 0.531489 6.24396e-05 0.00658664 0.155841 0.132721 
4.4917e-06 3.52196e-06 1.93707e-07 0.0532153 0.0233233 0.904252 7.37467e-08 8.51628e-08 0.00884107 0.0103595 
4.20757e-06 0.000548628 0.000242215 0.00148317 0.00057026 0.913665 4.24579e-05 0.00243104 0.023881 0.0571322 
0.000304482 0.0124907 0.0105133 0.109208 0.201953 0.437687 0.00181979 0.0113529 0.0802715 0.1344 
3.56996e-06 0.00310527 0.0161026 0.0179763 0.0855477 0.643275 0.0211265 0.00170939 0.13262 0.0785341 
1.35694e-05 5.10282e-07 7.50209e-05 0.00109701 0.00011436 0.993987 0.000176261 0.000906135 0.00211059 0.00151909 
0.000143638 0.00011319 0.002239 0.00954677 0.0436202 0.644437 0.000336955 0.0386593 0.217239 0.0436654 
2.29169e-05 0.00173143 0.0137101 0.0645157 0.0167346 0.703595 2.41229e-06 0.00257861 0.0974518 0.0996572 
0.000270301 0.0201802 0.00732443 0.00425491 0.188287 0.326818 0.000258098 0.000533878 0.238414 0.213658 
9.14192e-06 0.0274241 0.023614 0.0529689 0.127846 0.552854 0.000844896 0.0224726 0.106841 0.0851256 
3.12314e-07 0.0183166 0.00593919 0.0261954 0.155969 0.372548 0.00200065 0.00250021 0.177278 0.239253 
1.6576e-06 0.000254818 0.0599833 0.000906426 3.21257e-06 0.638559 5.9924e-05 0.0142528 0.148939 0.13704 
4.79746e-05 0.0058635 0.0314388 0.290448 0.0441462 0.437121 0.00161285 0.00231132 0.0698453 0.117164 
4.43992e-06 0.0684951 0.00216295 0.099466 0.0398305 0.620513 0.0340831 0.00103694 0.0243472 0.110061 
1.00579e-08 0.0211637 0.000562058 0.375306 0.107104 0.381621 3.30373e-05 0.00184672 0.0981197 0.0142439 
9.05496e-07 0.013255 0.000618543 0.0942665 0.0204431 0.665338 0.0117173 0.00133934 0.0146951 0.178326 
0.000594141 0.00999445 0.00526096 0.0718888 0.0576488 0.703702 0.000971541 0.00161197 0.0444979 0.103829 
1.86902e-06 0.00077689 0.0804794 0.000200948 0.0154066 0.818007 8.07017e-06 0.00119091 0.0315417 0.0523866 
1.23526e-10 4.55268e-07 1.69617e-07 1.01257e-06 0.000766301 0.806673 3.45522e-08 0.00884459 0.105838 0.0778761 
9.70563e-10 0.00127481 0.0185655 0.0369357 0.0107593 0.890773 4.6971e-05 0.014315 0.00821165 0.0191185 
2.88457e-08 0.000279438 6.26388e-05 0.0700657 0.090548 0.737275 1.85716e-05 0.00123586 0.0349835 0.065531 
2.18106e-05 0.00258124 0.0040046 0.0423575 0.0305796 0.728973 2.14148e-05 0.00298641 0.0448989 0.143576 
4.36512e-11 7.483e-05 0.000256413 0.10543 0.0564987 0.790239 1.43249e-05 0.000798502 0.00141371 0.0452742 
7.46139e-07 0.000236064 0.133581 0.0777357 0.0556253 0.450559 1.64247e-05 0.00192646 0.0449523 0.235367 
4.39821e-06 0.0678101 0.0010341 0.00606935 0.100624 0.538688 1.84233e-06 0.000141581 0.0838525 0.201774 
7.15887e-05 0.000257963 2.51705e-05 0.0575751 0.0254416 0.791209 0.000397114 0.00327234 0.0681204 0.0536297 
1.27238e-06 0.000364517 4.55926e-05 0.0353252 0.0120324 0.840664 0.000158439 0.000355041 0.0183803 0.092673 
4.4764e-08 0.0939239 0.058318 0.00123511 0.240583 0.346537 6.35024e-05 0.00092117 0.0534677 0.20495 
1.27023e-05 0.00862415 0.00133237 0.0716895 0.0974853 0.465405 6.95882e-05 0.000317185 0.286923 0.0681409 
4.51439e-06 0.000763111 0.000293518 0.0400128 0.00690239 0.875948 7.81316e-05 0.00096222 0.0125484 0.0624865 
8.46855e-07 0.184464 0.00363213 0.0159686 0.115766 0.421436 0.000465526 0.000588691 0.10592 0.151759 
8.46855e-07 0.184464 0.00363213 0.0159686 0.115766 0.421436 0.000465526 0.000588691 0.10592 0.151759 
0.00228762 0.000820901 0.000320965 0.0329974 0.107333 0.394081 3.14838e-05 0.000241729 0.298713 0.163173 
0.000114365 0.133004 0.00139729 0.00892836 0.149875 0.307548 0.000406913 0.00816221 0.194183 0.196382 
5.66147e-09 0.00050288 3.13672e-09 0.189688 2.73282e-07 0.774254 8.28055e-06 0.00122071 0.0343245 1.03233e-06 
2.42562e-05 0.0154335 0.00237991 0.135468 0.0767894 0.488241 0.000420665 0.0199273 0.160195 0.101121 
5.77417e-06 0.00311384 5.37432e-05 0.0835601 0.0323334 0.676377 5.60117e-05 0.0448953 0.141766 0.0178383 
0.000233383 0.010163 0.0136939 0.0182704 0.128969 0.312226 0.00214225 0.0223605 0.183791 0.30815 
0.000125385 0.00498935 0.00138269 0.0756078 0.040181 0.828375 1.25853e-05 0.000801766 0.0125591 0.035965 
0.0327053 0.00667991 0.00029246 0.00144582 0.0786002 0.747217 7.25762e-05 0.00141363 0.0616577 0.0699157 
2.21006e-07 0.225417 0.000400265 0.0839213 0.00866321 0.420816 0.00250709 0.00136906 0.0561188 0.200787 
6.51039e-06 0.000301666 5.04149e-05 0.0355946 0.0101781 0.87448 0.000133553 0.000481737 0.0139374 0.0648363 
0.000491325 0.00381635 0.000471216 0.0614618 0.0191077 0.867308 7.82973e-07 0.000548066 0.0157723 0.0310225 
2.20438e-06 0.0575028 0.00627295 0.0187248 0.0812962 0.576241 0.00184607 0.00200186 0.0770943 0.179018 
1.12617e-05 1.12707e-05 1.12711e-05 0.0439708 1.12729e-05 0.464449 1.12703e-05 1.1268e-05 0.171349 0.320164 
2.01096e-08 0.0404423 0.000181791 0.00441431 0.0120749 0.924582 1.3541e-08 5.196e-08 0.0173426 0.000961764 
1.5041e-05 0.00454839 0.195115 0.16424 0.136576 0.251998 7.93982e-05 0.00385558 0.0553299 0.188243 
1.90343e-05 0.000684677 0.0055698 0.39613 0.0257251 0.398365 2.25858e-05 4.39997e-05 0.0306941 0.142746 
2.29794e-05 0.175837 0.00704629 0.0172976 0.100755 0.353577 0.000884796 0.0500019 0.0836868 0.21089 
1.602e-06 0.0463713 0.00530363 0.284858 0.0858354 0.398352 0.000163783 0.0130873 0.0456809 0.120346 
4.1016e-06 0.0100555 0.00360338 0.0773344 0.0337362 0.833674 0.000312815 0.000807065 0.012564 0.0279083 
1.34597e-07 0.00407808 0.0440442 0.0220629 0.161888 0.366864 7.67482e-05 0.0324982 0.0414928 0.326995 
5.20192e-05 0.00586176 0.00356319 0.10909 0.117984 0.500732 0.000452974 0.00358904 0.181305 0.0773703 
3.10356e-05 0.0235093 0.00231874 0.00030361 0.00668272 0.958855 0.000732065 1.44745e-05 0.00465333 0.00289956 
4.63425e-07 0.0205089 0.00909448 0.0048194 0.0125454 0.872084 1.16158e-05 0.00300041 0.00713389 0.0708013 
1.48668e-07 7.84623e-07 0.0136152 0.0677395 0.24177 0.437443 1.00767e-07 4.00464e-06 0.0373399 0.202087 
5.23255e-05 0.016384 0.0294457 0.0918077 0.160667 0.43117 0.000399289 0.017594 0.0986676 0.153812 
2.45751e-06 0.012656 0.00272217 0.242032 0.0588813 0.434121 2.27136e-05 0.0101126 0.072727 0.166722 
5.05102e-08 0.137289 0.0367692 8.55249e-05 0.0459348 0.408454 0.000245642 0.00162945 0.21314 0.156453 
1.33132e-06 0.0151371 0.117293 0.0876021 0.210528 0.276124 7.42298e-05 0.00104856 0.0588909 0.233301 
3.82705e-05 0.0187626 0.00375811 0.0462374 0.02204 0.792446 7.5778e-05 0.00342819 0.0582556 0.0549576 
1.53417e-06 0.00250649 0.00572109 0.00725368 0.018204 0.583866 0.0295838 0.0238193 0.139153 0.189891 
7.59393e-08 0.00767427 0.000946175 0.275067 0.019075 0.672562 9.3e-05 0.00612512 0.00184751 0.0166091 
9.69451e-08 0.00148592 0.00406185 0.00650009 0.0115124 0.799067 0.00210741 0.00301039 0.000545573 0.17171 
5.00863e-07 0.0004419 0.000699938 0.0012449 0.0374845 0.916769 2.84777e-05 0.00028757 0.0111973 0.0318456 
5.27097e-06 0.000175136 4.06293e-05 0.0295501 0.00618983 0.914467 8.24993e-05 0.000311133 0.00717913 0.0419989 
0.00840884 0.00332784 0.0345452 0.0419494 0.0660561 0.343475 0.000336464 0.00174763 0.252449 0.247705 
2.26492e-05 0.00054018 0.00049292 0.0106302 0.0202732 0.880349 6.43799e-05 0.00109365 0.0180969 0.0684372 
0.000298934 0.0128547 0.00475455 0.141635 0.0499502 0.555037 0.00816896 0.0015092 0.0751442 0.150647 
1.57408e-05 0.00137867 0.00254249 0.0079294 0.0989301 0.770167 0.000118918 0.00492849 0.0217961 0.0921934 
0.000297885 0.0101588 0.00702526 0.0588228 0.0956982 0.585546 0.00022516 0.00502333 0.107774 0.129429 
1.503e-07 0.000590691 0.000429941 0.100048 0.00373194 0.613628 1.93262e-05 2.84381e-05 0.00369807 0.277825 
0.000273863 0.0719765 0.00422226 0.00879736 0.0771457 0.610246 9.2901e-06 0.00223906 0.0944742 0.130615 
0.000820358 0.00964994 0.0497608 0.0258998 0.00255482 0.541749 0.000129952 0.00500835 0.350148 0.0142791 
8.35083e-05 0.00141421 0.0119386 0.0915968 0.112367 0.649612 0.000313284 0.000750946 0.0172599 0.114664 
2.70261e-08 0.000313598 0.0425659 0.00593283 0.00250968 0.917304 1.09509e-07 6.2107e-06 0.0209016 0.0104656 
1.37824e-05 0.0287175 0.00186775 0.0928362 0.042326 0.647436 5.01074e-05 0.00150476 0.0323097 0.152938 
0.000407501 0.00558921 0.0341241 0.00165218 0.110968 0.541127 0.0149643 0.0357072 0.0938848 0.161575 
0.000867845 0.000902205 0.00845682 0.0180492 0.0885291 0.649002 4.863e-06 0.000201314 0.122651 0.111336 
0.000161763 0.0239201 0.00249949 0.017377 0.0252841 0.784563 0.00421058 0.00898212 0.049716 0.0832853 
4.00144e-06 0.0302278 0.14878 0.00319738 0.158001 0.267948 4.5284e-05 0.00915287 0.185204 0.197439 
1.157e-05 0.00026787 0.000207266 0.0148832 0.0103873 0.939855 3.528e-05 0.000880414 0.00306243 0.0304097 
1.9753e-08 0.00126284 0.147442 0.00870017 0.00591089 0.476178 0.00010701 0.00995122 0.0417771 0.308671 
6.25448e-06 0.0611441 0.0059668 0.0451701 0.149323 0.32523 0.00315832 0.105066 0.155898 0.149037 
6.00733e-09 0.0823355 0.00204976 0.0661504 0.0111505 0.749072 0.00267664 5.68879e-05 0.0125789 0.0739295 
0.00030233 0.0764256 0.00849892 0.00596436 0.259722 0.297633 0.000118777 0.00160506 0.16445 0.18528 
1.14449e-05 0.0164524 0.00136463 0.0110292 0.0591585 0.544595 2.45293e-05 0.00129762 0.207806 0.158261 
4.6011e-08 0.00380958 0.00182549 0.137587 0.00899501 0.696967 2.0606e-05 3.35729e-06 0.0106166 0.140175 
8.06891e-06 0.0077033 0.00216526 0.0343235 0.0408207 0.823863 0.00217118 0.00139584 0.0464147 0.0411342 
1.411e-05 0.000638162 0.00393308 0.185967 0.0403698 0.703654 3.50243e-07 0.00073341 0.00601604 0.058674 
9.14025e-07 0.000754132 0.000107862 0.00668144 0.0129964 0.923738 3.128e-05 0.000606912 0.00470336 0.05038 
4.84547e-11 0.00205532 0.0212419 0.00214531 0.118539 0.820518 9.24419e-07 0.00287689 0.00193222 0.0306905 
7.08653e-06 0.00664188 0.0396635 0.0634737 0.137657 0.361059 0.000447881 0.00618208 0.205304 0.179564 
2.35434e-10 0.000797373 7.70609e-05 0.00883791 0.00553053 0.957457 6.344e-11 2.1412e-07 0.0267315 0.000567927 
1.39097e-08 0.00729887 0.00043026 0.0014558 0.0462484 0.876054 7.58149e-06 0.00013844 0.0176561 0.0507109 
1.142e-05 0.00821682 0.182464 0.124584 0.141532 0.332267 5.90744e-06 0.00798139 0.015226 0.187711 
0.115247 0.0124327 1.31391e-05 0.000398768 0.125701 0.482682 4.05174e-05 0.00038809 0.199853 0.0632432 
0.115247 0.0124327 1.31391e-05 0.000398768 0.125701 0.482682 4.05174e-05 0.00038809 0.199853 0.0632432 
2.09248e-07 0.00120542 0.00281566 0.0716559 0.162862 0.4293 3.3539e-06 7.05747e-06 0.0355285 0.296621 
2.37707e-05 0.0019576 4.44937e-05 0.19191 0.0173985 0.605685 1.67268e-05 0.00502418 0.134073 0.0438672 
2.59821e-08 0.000322129 0.000144646 0.00389966 0.00271372 0.977559 3.64781e-06 0.00457023 0.000398145 0.0103886 
6.58704e-06 0.000218209 5.07851e-05 0.0353016 0.00773727 0.894978 0.000102163 0.000343708 0.00876292 0.0524986 
2.04812e-05 0.000210408 0.000619286 0.00170135 0.0103332 0.963845 1.87824e-05 0.00114018 0.00436553 0.0177459 
2.0944e-05 0.0606516 0.00562352 0.00211046 0.00706906 0.636579 3.45243e-06 0.000967644 0.282436 0.00453767 
6.37224e-06 0.00713668 0.0489374 0.031312 0.188225 0.289521 0.00075234 0.00149719 0.157678 0.274934 
1.31174e-05 0.00172249 0.00254772 0.0815604 0.0479404 0.702149 1.44396e-05 0.00335055 0.0627094 0.0979919 
0.000206564 0.00217647 0.0143843 0.0479054 0.104657 0.606447 0.000164026 0.0096408 0.133783 0.0806346 
5.22712e-06 0.00209965 0.00205258 0.0309382 0.00184645 0.91913 9.1919e-05 0.000719002 0.0201268 0.0229901 
3.73536e-05 0.00644425 0.00419824 0.141042 0.0516638 0.622039 1.82395e-05 0.000675433 0.0810433 0.0928389 
5.27097e-06 0.000175136 4.06293e-05 0.0295501 0.00618983 0.914467 8.24993e-05 0.000311133 0.00717913 0.0419989 
7.52833e-09 0.000219303 0.000100161 0.0388329 0.125336 0.695805 3.5572e-05 3.1421e-05 0.0907569 0.0488834 
5.46245e-10 2.07827e-07 0.00198523 0.0946814 0.00198729 0.898719 8.41351e-09 2.3746e-05 0.000172367 0.00243066 
9.04709e-05 0.0043177 0.000125772 0.00075177 0.0588559 0.52832 5.76334e-06 0.00139709 0.109726 0.296409 
5.27097e-06 0.000175136 4.06293e-05 0.0295501 0.00618983 0.914467 8.24993e-05 0.000311133 0.00717913 0.0419989 
6.49608e-07 0.0500573 0.0119869 0.00344005 0.161728 0.37743 6.6074e-05 0.000868929 0.261552 0.132869 
9.25786e-11 0.0985214 0.00447747 0.0471918 0.0358109 0.652607 1.7721e-05 4.78816e-05 5.71017e-05 0.161268 
4.67906e-05 0.0129388 0.0362596 0.113541 0.118791 0.462192 0.00337391 0.00497693 0.120205 0.127675 
9.62842e-06 0.003535 0.00391591 0.00149513 0.0893396 0.688217 2.58163e-05 0.0108871 0.147976 0.0545988 
7.4154e-06 0.00989915 0.016453 0.226903 0.012631 0.678076 4.34416e-06 0.000172309 0.0437749 0.0120788 
0.000355526 0.000355811 0.000355821 0.000355842 0.00035588 0.890041 0.000355799 0.000355724 0.107113 0.000355882 
9.09382e-07 0.0197754 6.28625e-05 0.0449714 0.014047 0.878743 7.06523e-06 0.000366653 0.0309117 0.0111142 
3.33985e-05 0.0439771 0.0548562 0.00432917 0.0701977 0.714475 0.000279632 0.00430305 0.0383591 0.0691898 
0.000534211 0.00761337 0.00151386 0.0966928 0.0345004 0.701964 0.000614305 0.00201449 0.104876 0.0496769 
6.57705e-05 0.138562 0.00878327 0.00290136 0.327422 0.327769 0.0032564 0.0200664 0.0289015 0.142273 
2.67243e-05 0.0120658 0.000461251 0.00115359 0.0480988 0.742424 1.25382e-07 0.00708364 0.0570247 0.131661 
0.000225767 0.00520142 0.0194093 0.00135835 0.0717432 0.467205 0.000155575 0.0403462 0.220415 0.17394 
9.04268e-06 0.00315012 0.0490406 0.164932 0.0869898 0.434564 2.53102e-05 0.0106478 0.0230684 0.227573 
0.0577288 0.0870709 0.000420532 0.000635444 0.0784752 0.415985 0.0515297 0.00091824 0.199963 0.107273 
2.01096e-08 0.0404423 0.000181791 0.00441431 0.0120749 0.924582 1.3541e-08 5.196e-08 0.0173426 0.000961764 
1.71984e-06 0.000932309 0.1467 0.000233956 0.0489992 0.460303 4.10528e-07 0.000368232 0.00252666 0.339935 
4.52263e-07 0.0525396 0.0044096 0.106548 0.0292961 0.422038 2.18921e-05 0.00473998 0.0254632 0.354944 
7.0343e-06 0.00317366 0.00211377 0.0841705 0.0372172 0.656726 0.000128547 4.34027e-06 0.0554619 0.160997 
6.10116e-08 0.000180314 0.00176843 0.072429 0.0883034 0.663074 6.228e-06 0.000706322 0.114164 0.0593688 
0.000201701 0.0220216 0.0170506 0.0334316 0.0821571 0.441289 0.000763798 0.0154662 0.0814319 0.306186 
7.4001e-06 0.00305458 0.00421093 0.0928423 0.0146768 0.803254 0.000128842 0.000437434 0.0262242 0.0551635 
9.73872e-05 0.024531 0.0152257 0.164618 0.0715225 0.546386 0.00027915 0.0012197 0.0425343 0.133586 
1.4791e-08 0.0184959 0.000681941 0.0120933 0.121625 0.714994 3.93468e-06 0.0316214 0.0400903 0.0603944 
0.000769204 0.00429452 0.0145237 0.256139 0.0396747 0.480253 4.94987e-05 0.00280445 0.0802782 0.121214 
1.53385e-05 0.0828768 0.00373134 0.066317 0.14919 0.352267 1.9206e-05 0.0189311 0.0651905 0.261462 
6.36345e-06 0.0110134 0.0119493 0.0101453 0.109621 0.762508 1.91389e-05 0.014804 0.00754489 0.0723885 
7.93936e-07 0.0571562 0.0063123 0.000878459 0.265298 0.375822 9.24472e-07 3.88158e-07 0.202451 0.092081 
0.00390092 0.0692019 0.0027633 0.0542719 0.0307598 0.733685 0.000105899 0.00169059 0.0111056 0.0925149 
8.25825e-05 0.0116192 0.0166567 0.0727908 0.0660113 0.658858 0.00012007 0.00475134 0.0679849 0.101125 
1.80035e-05 0.014631 0.0261494 0.00291178 0.0230183 0.861466 1.82506e-07 0.00417522 0.00391446 0.0637154 
3.53616e-06 0.00143532 0.00010772 0.00150883 0.0445082 0.933447 1.34427e-05 7.04975e-05 0.00520306 0.0137025 
1.50722e-08 0.000808702 0.0143464 0.135858 0.000498266 0.684334 3.66314e-06 0.0459815 0.00608907 0.112081 
8.42577e-05 0.00540106 0.0187113 0.0781173 0.0813966 0.435655 9.31753e-05 2.13424e-05 0.153422 0.227098 
6.61165e-07 0.0105958 0.000492295 0.0908444 0.0353364 0.70352 0.000208476 0.0023857 0.0593729 0.0972433 
2.09248e-07 0.00120542 0.00281566 0.0716559 0.162862 0.4293 3.3539e-06 7.05747e-06 0.0355285 0.296621 
7.55874e-06 3.00411e-07 0.085033 0.202612 0.0105346 0.370086 4.73333e-09 0.000250987 0.00719796 0.324277 
9.3167e-08 0.000951159 0.00907121 0.00096398 0.0391096 0.699475 0.00041679 0.00361305 0.241146 0.0052536 
6.42861e-07 0.000640259 9.62514e-05 0.00604617 0.0106306 0.931338 2.88737e-05 0.000517245 0.00436042 0.0463417 
6.42861e-07 0.000640259 9.62514e-05 0.00604617 0.0106306 0.931338 2.88737e-05 0.000517245 0.00436042 0.0463417 
0.000957231 0.0289168 3.08124e-05 0.00845338 0.101583 0.632116 1.46704e-05 0.10728 0.0206249 0.100024 
0.000974601 0.0028589 0.000792419 0.234191 0.0243666 0.527276 0.00169251 0.0687216 0.0626583 0.0764682 
6.42861e-07 0.000640259 9.62514e-05 0.00604617 0.0106306 0.931338 2.88737e-05 0.000517245 0.00436042 0.0463417 
0.000104256 0.0124538 0.00927203 0.317335 0.0536061 0.465165 0.000225852 0.00614522 0.0517567 0.0839365 
0.000812467 0.00098166 0.00030508 0.0538217 0.0643923 0.584824 0.000218312 0.00483611 0.251805 0.0380032 
0.000243018 0.0173817 0.00150308 0.167095 0.0162778 0.747317 4.30637e-05 0.00753307 0.00997702 0.0326297 
4.53108e-07 0.00576273 6.00744e-05 0.000298968 0.0108035 0.800589 2.03202e-06 0.00153968 0.144921 0.0360229 
1.82664e-05 0.0118827 0.0101246 0.0518188 0.0971408 0.583035 3.26498e-05 0.00577796 0.0529079 0.187262 
0.00453801 0.00965714 0.0139038 0.0326955 0.081809 0.431324 0.000260901 0.150784 0.106427 0.168601 
0.000353076 0.0112526 0.0124145 0.0195504 0.24655 0.330183 0.000228635 0.00915145 0.249882 0.120434 
4.19485e-08 0.0173222 0.000200161 0.16844 0.109296 0.632088 2.8352e-09 0.000386874 0.0157155 0.0565516 
2.64295e-06 0.00312377 0.00444581 0.119699 0.00149795 0.704316 6.29294e-06 0.00263065 0.0186791 0.145599 
1.10708e-09 0.00103197 0.000682627 0.0749144 0.00900401 0.862071 1.14144e-05 0.0405674 0.0021584 0.00955863 
4.63197e-06 0.013361 0.000175266 0.0309673 0.00645374 0.613147 0.000502948 0.198373 0.0244807 0.112535 
1.75154e-05 0.00203943 0.000801366 0.0335156 0.0776328 0.639973 2.94516e-05 0.00608148 0.0757762 0.164133 
1.20905e-05 0.00156838 0.0353711 0.0804712 0.107324 0.575509 5.28135e-06 0.00201493 0.0154832 0.18224 
7.88054e-05 0.00361333 0.00208401 0.00293699 0.0292225 0.590296 0.00301985 0.05904 0.157494 0.152215 
2.95164e-08 0.00329845 0.164871 0.00630703 0.120844 0.494657 1.44903e-05 0.0118697 0.0832467 0.114892 
2.89546e-08 0.0064751 0.00790625 0.00259575 0.277725 0.656105 8.27469e-05 0.00027821 0.0271126 0.0217193 
1.86406e-05 0.0143506 0.000510009 0.00340072 0.26888 0.425298 1.03971e-05 0.000128528 0.163501 0.123902 
8.17502e-10 0.00406333 0.0264022 0.0445999 0.033357 0.760182 8.72803e-05 0.0120649 0.0145507 0.104693 
5.43923e-07 0.00647841 5.44374e-07 0.0424642 0.0464978 0.843797 5.4434e-07 0.00478973 0.0192733 0.0366976 
1.3093e-05 0.00179181 0.00711726 0.118506 0.0236262 0.731177 4.87865e-05 0.0184449 0.018247 0.0810281 
3.77713e-11 0.000523975 0.0274599 0.388794 0.00116649 0.572039 1.39798e-06 0.000167931 0.000267235 0.00957998 
2.81288e-07 0.000300248 2.95781e-06 0.0394022 0.0279799 0.888632 0.000122033 0.000365553 0.0148221 0.0283726 
0.000104001 0.0389153 0.000509924 0.0915191 0.0661787 0.549268 0.00275342 0.00309489 0.16445 0.0832067 
0.000867845 0.000902205 0.00845682 0.0180492 0.0885291 0.649002 4.863e-06 0.000201314 0.122651 0.111336 
2.04276e-06 0.0129302 0.00425313 0.00167323 0.153459 0.446524 8.84794e-06 1.80851e-05 0.27135 0.109783 
2.93977e-06 0.0859669 0.0257032 0.000331099 0.177122 0.427896 1.36093e-07 0.000645229 0.0469813 0.235351 
6.42861e-07 0.000640259 9.62514e-05 0.00604617 0.0106306 0.931338 2.88737e-05 0.000517245 0.00436042 0.0463417 
1.05548e-05 0.00486856 0.00575395 0.0266718 0.0144111 0.901266 0.000506316 0.00260486 0.00744424 0.0364628 
3.00223e-06 5.43565e-06 0.0482509 0.0266647 0.0405993 0.685329 5.23924e-07 0.0365572 0.00149704 0.161093 
5.66147e-09 0.00050288 3.13672e-09 0.189688 2.73282e-07 0.774254 8.28055e-06 0.00122071 0.0343245 1.03233e-06 
2.05914e-05 0.0001001 0.00374488 0.000625859 0.0224835 0.859257 1.8815e-05 0.00165353 0.0648053 0.0472905 
2.28004e-06 0.00149279 0.0820509 0.000584113 0.00999035 0.757674 4.26684e-05 0.000141895 0.000109431 0.147912 
2.22851e-05 0.00170168 0.00485259 0.0720596 0.110286 0.609592 9.62783e-06 0.00125185 0.0570658 0.143159 
1.27234e-06 0.0091117 0.0741557 0.00272175 0.128943 0.511529 3.66987e-07 0.00262853 0.00979965 0.26111 
4.49229e-06 0.00170192 0.0157034 0.0606557 0.0905672 0.411042 1.20123e-05 0.18047 0.0785557 0.161288 
9.48401e-05 0.0173341 0.00345019 0.0747434 0.0484057 0.730962 0.00333293 0.00475906 0.0465863 0.070331 
3.32808e-06 0.0114441 0.00902251 0.0102203 0.124574 0.684988 0.0664982 0.00186209 0.0261281 0.0652593 
