3.93015e-05 0.0257356 0.00146821 8.76264e-05 0.158639 0.0933908 2.62695e-06 0.00251341 0.611049 0.107075 
0.000709597 0.0178655 0.0202201 0.000351627 0.191387 0.178627 0.000196849 0.0271251 0.51843 0.0450872 
4.37029e-07 0.007666 9.54006e-07 2.46811e-11 0.0447729 0.043978 0.000752519 1.49423e-06 0.8935 0.00932743 
4.36537e-10 1.02768e-10 0.00156169 0.00681718 0.0174389 0.457296 7.98872e-05 3.90249e-06 0.47623 0.0405725 
0.00119032 0.000200001 0.000132648 0.00522505 0.00933834 0.014438 0.00217314 4.85589e-05 0.953462 0.0137919 
7.57433e-05 3.50195e-05 1.13858e-06 0.000372262 0.0336765 0.00389394 5.68564e-05 0.000592871 0.949348 0.0119475 
0.00379142 0.0148368 0.0353266 0.00709978 0.0717411 0.0047508 0.000179874 0.10342 0.681501 0.0773525 
6.83911e-05 2.67993e-05 0.255264 0.000439577 0.0423376 0.234447 0.000590902 0.024151 0.430021 0.0126533 
0.000155604 0.00109064 4.22078e-05 0.0033994 0.0149408 0.044838 3.49061e-05 0.00327914 0.919959 0.0122603 
0.000154174 0.00216324 0.00030416 0.0155605 0.0927772 0.0750314 0.00083811 0.00902917 0.785009 0.0191328 
0.00119032 0.000200001 0.000132648 0.00522505 0.00933834 0.014438 0.00217314 4.85589e-05 0.953462 0.0137919 
0.00024017 0.000248497 0.000124924 0.0190638 0.00674091 0.0421365 0.00033657 0.00100974 0.921904 0.00819532 
1.15095e-05 0.000167373 0.000349708 0.0301852 0.227394 0.0936515 5.96117e-06 0.0189731 0.57024 0.0590215 
0.000367536 0.00511038 3.41036e-05 0.00839764 0.0738342 0.0845932 0.000214881 0.0136707 0.796459 0.0173187 
3.23045e-05 0.00609863 0.0324554 0.00600952 0.207445 0.0683041 0.000119923 0.0430313 0.564693 0.0718103 
1.99145e-05 0.00657904 0.00162604 0.000795057 0.0182807 0.0278137 3.55125e-05 0.000479563 0.900481 0.0438893 
8.14638e-08 0.000679231 2.98968e-10 0.167594 0.191492 0.120044 0.00057159 5.03142e-08 0.368002 0.151617 
0.00213857 4.07837e-05 4.38919e-06 0.000160501 0.000637186 0.000471076 5.61037e-05 0.000173395 0.995039 0.00127867 
0.00193528 0.0339747 0.0125558 0.00130145 0.174842 0.125517 0.0001294 0.00132979 0.484777 0.163638 
1.02992e-07 0.0773977 0.00196038 2.40347e-07 0.0826829 0.0118741 0.000942282 0.202361 0.607329 0.0154524 
2.89038e-05 0.00780111 0.00319882 0.0511169 0.252986 0.11754 0.000472756 0.0195357 0.281766 0.265553 
0.0404203 0.000725594 0.000407529 0.00591073 0.19843 0.0118936 0.0005029 0.00411559 0.72017 0.0174242 
7.38748e-05 0.000417794 0.000213575 0.00417172 0.0335305 0.0120867 2.62487e-05 0.000672716 0.943758 0.00504889 
0.0242089 0.00101954 0.00603185 0.0329181 0.0193197 0.13762 0.000316626 0.000135341 0.730415 0.0480152 
0.00102252 0.00169179 0.0655255 3.08823e-07 0.141751 0.0268844 5.58443e-05 0.0047089 0.749321 0.00903886 
0.00119032 0.000200001 0.000132648 0.00522505 0.00933834 0.014438 0.00217314 4.85589e-05 0.953462 0.0137919 
0.00112826 0.000543733 0.00133164 0.0247205 0.198626 0.235897 9.01214e-05 0.000138921 0.402876 0.134648 
5.13135e-06 0.0087449 0.00204695 0.016201 0.10891 0.110605 3.18262e-05 0.00635654 0.584429 0.16267 
0.000105295 7.05517e-05 0.0190161 0.000318899 0.0456484 0.172609 0.000102965 0.00930473 0.638292 0.114532 
4.48736e-06 0.000571001 0.00146982 0.00068923 0.0384615 0.269015 0.000148999 0.00252732 0.586262 0.100851 
0.029946 0.0759684 0.0609634 0.0227557 0.262773 0.0113673 0.00347774 0.00191471 0.464491 0.0663423 
0.00169083 0.00155955 0.031607 0.000111971 0.109606 0.168891 1.46226e-05 0.0715415 0.441125 0.173853 
0.0117302 0.0047205 0.00105606 0.0012375 0.0686796 0.0191251 0.00148987 0.00534608 0.860255 0.0263598 
6.20288e-05 0.18035 0.000755267 0.0213874 0.143714 0.0346103 0.00422993 0.104789 0.498885 0.0112171 
3.39199e-06 0.0593845 3.68928e-05 0.00247362 0.0583699 0.0438398 0.00885953 1.18e-05 0.769123 0.0578978 
0.00267344 0.0964416 0.00130816 0.0185331 0.0795837 0.198822 0.00357706 0.0382284 0.527989 0.032844 
1.17145e-08 0.0116635 0.000743793 0.0369122 0.070794 0.191735 0.000634549 0.000313488 0.679401 0.00780229 
1.91539e-05 2.07441e-06 0.000327415 0.0929058 0.0125155 0.0512718 0.000133336 0.0211759 0.807507 0.0141416 
0.00145743 0.00202518 0.00613238 0.00897987 0.113526 0.0117964 0.000288839 0.0133381 0.71992 0.122536 
0.0014333 0.0131765 0.00915945 0.025481 0.103337 0.128176 0.000771301 0.0203628 0.605661 0.0924423 
0.000114252 0.0420742 0.0017763 0.0103753 0.258902 0.0318125 0.000525286 0.0340874 0.381162 0.239171 
2.13678e-05 0.301691 0.00892111 0.000382706 0.136459 0.01717 0.0643391 7.10639e-05 0.407081 0.0638644 
0.00119032 0.000200001 0.000132648 0.00522505 0.00933834 0.014438 0.00217314 4.85589e-05 0.953462 0.0137919 
0.00119032 0.000200001 0.000132648 0.00522505 0.00933834 0.014438 0.00217314 4.85589e-05 0.953462 0.0137919 
3.03175e-05 0.00146708 0.0107685 0.00890532 0.0668758 0.0619091 0.000808836 0.00673958 0.815108 0.0273876 
1.46748e-05 0.00140674 0.0561324 1.49854e-06 0.0209479 0.00044245 3.25788e-09 0.00465157 0.696018 0.220385 
1.01202e-08 0.00181506 0.0125687 0.00272261 0.0124928 0.0846414 6.60382e-06 0.000863458 0.792341 0.0925481 
1.1026e-06 1.18394e-10 2.79557e-08 0.00688705 0.0013303 0.222887 0.0014913 4.20441e-07 0.760883 0.00652048 
0.00140288 0.0786595 0.00336194 0.13858 0.0834685 0.260827 0.000375457 0.00434322 0.294032 0.134949 
1.8169e-05 7.72383e-07 0.0395717 0.0312765 0.0939865 0.248906 6.44654e-05 0.0132131 0.390419 0.182544 
3.37483e-09 0.00410171 0.000541655 0.00212198 0.0143347 0.0412706 4.4959e-06 0.000158566 0.931137 0.00632925 
2.42039e-05 0.000124419 0.00761527 0.00553625 0.212977 0.0710786 2.11941e-05 0.071233 0.62046 0.0109305 
7.79211e-06 0.00349281 0.0204825 0.0080626 0.0806773 0.136102 5.81659e-05 0.0359987 0.629458 0.0856599 
0.000765488 0.00712302 0.000124606 0.0100112 0.132875 0.081792 0.00027443 0.00654282 0.641505 0.118987 
2.57913e-05 0.0134446 0.00187866 0.00645548 0.123559 0.0316344 0.00102396 0.322618 0.440725 0.0586345 
0.00119032 0.000200001 0.000132648 0.00522505 0.00933834 0.014438 0.00217314 4.85589e-05 0.953462 0.0137919 
2.61712e-06 0.000726212 0.0177423 0.0159999 0.169708 0.105691 2.18774e-05 0.00242176 0.512253 0.175433 
0.00119032 0.000200001 0.000132648 0.00522505 0.00933834 0.014438 0.00217314 4.85589e-05 0.953462 0.0137919 
0.00664215 0.0868516 0.00147295 0.0238942 0.174507 0.158421 0.000635029 0.000593154 0.324048 0.222934 
0.00159253 0.0342057 0.0511565 0.000506293 0.111139 0.306054 1.26907e-06 7.2789e-11 0.400771 0.0945736 
6.41887e-07 0.00381002 0.0490474 0.0132589 0.214318 0.0357998 0.000563346 6.91885e-06 0.587821 0.0953737 
5.93212e-05 3.90814e-07 0.00968789 0.119273 0.0426075 0.0793805 0.000214047 0.00130559 0.660982 0.0864898 
0.018867 2.51729e-06 0.00428202 2.5175e-06 0.0166198 0.0249281 0.0108265 0.00629419 0.918175 2.51779e-06 
7.14213e-06 0.0910914 0.0156242 0.106957 0.0529881 0.085929 0.000801072 0.0932766 0.531941 0.0213845 
0.00844962 3.22937e-05 0.0244046 0.000391251 0.182575 0.0133409 9.49488e-05 8.05116e-07 0.561791 0.20892 
0.344 0.00911171 0.0291965 0.000861311 0.0518335 0.0229106 0.00598747 0.000241617 0.365632 0.170225 
1.45799e-05 0.0514058 0.0121157 0.00102143 0.165888 0.234802 0.00296882 0.016372 0.357928 0.157483 
0.000114527 0.0171245 0.0456943 0.00286624 0.0181793 0.162534 0.00750507 0.000860545 0.675118 0.070004 
0.00641162 0.0513612 0.00358743 3.76284e-05 0.124878 0.0139662 0.00210714 0.00153143 0.546801 0.249318 
0.00119032 0.000200001 0.000132648 0.00522505 0.00933834 0.014438 0.00217314 4.85589e-05 0.953462 0.0137919 
0.00134091 0.00947203 0.0109623 0.0499681 0.311374 0.0640644 0.00128802 0.00268073 0.379869 0.168981 
2.13678e-05 0.301691 0.00892111 0.000382706 0.136459 0.01717 0.0643391 7.10639e-05 0.407081 0.0638644 
7.57164e-05 0.273533 0.00886381 0.00102101 0.164894 0.0336072 0.0206801 0.0217152 0.420014 0.0555954 
0.000465149 0.00083793 0.00604406 0.000548673 0.0550935 0.0638641 0.000469664 0.00263382 0.549375 0.320668 
1.73058e-09 0.00108664 4.84121e-07 0.000282374 0.00948882 0.0590363 2.47033e-05 0.108939 0.749897 0.0712457 
5.70846e-05 1.07263e-05 0.000519134 0.0220993 0.0644085 0.11754 7.465e-05 0.000118355 0.704074 0.0910982 
1.65863e-05 0.0118169 0.00337047 0.0639119 0.0691321 0.07252 2.59498e-05 7.26014e-05 0.732919 0.0462145 
5.34259e-05 0.00159457 1.23505e-06 4.90476e-05 0.000589701 0.000561299 8.75512e-05 2.14437e-05 0.984403 0.0126384 
0.000230473 0.0242821 0.0102877 0.00901142 0.194167 0.0376889 0.0037973 0.0169093 0.574458 0.129168 
3.50042e-05 0.132564 0.00610417 0.00525255 0.114337 0.0509077 0.0458601 0.0180825 0.569952 0.056905 
0.021314 0.0202829 0.0497951 0.000295135 0.0623339 0.0715572 0.000190518 2.28972e-05 0.759819 0.0143896 
5.66904e-07 0.0115075 4.86955e-06 0.00134359 0.346783 0.209093 0.000389925 0.0485685 0.366815 0.0154937 
0.00119032 0.000200001 0.000132648 0.00522505 0.00933834 0.014438 0.00217314 4.85589e-05 0.953462 0.0137919 
0.00819846 0.0206399 0.0112028 0.00319713 0.184472 0.0432391 0.00052462 0.00277943 0.651521 0.0742256 
0.00133962 0.000228593 9.02065e-05 0.0230866 0.239364 0.190721 2.84328e-05 8.82477e-05 0.340907 0.204146 
4.19202e-05 0.000421506 0.00107312 0.000478349 0.136424 0.0414644 8.67111e-05 0.00080287 0.758948 0.0602594 
0.00119032 0.000200001 0.000132648 0.00522505 0.00933834 0.014438 0.00217314 4.85589e-05 0.953462 0.0137919 
0.00268038 0.0065075 0.0347037 0.0499766 0.169392 0.0601132 0.000107939 0.00160084 0.50875 0.166168 
9.16664e-05 0.0301849 0.0184668 0.0101552 0.210805 0.268553 0.000382214 0.0544643 0.335808 0.0710885 
0.0527628 0.0564446 0.0114046 0.0163848 0.231579 0.0510207 0.00233475 0.0157782 0.309209 0.253081 
0.0106142 0.0520727 0.0140682 0.00878612 0.0965766 0.0361943 0.00198293 0.0186276 0.649961 0.111116 
6.61518e-06 0.0824447 0.00163641 0.0206379 0.0917903 0.0729219 0.000375561 0.0836155 0.605479 0.0410917 
0.0010696 1.67806e-06 0.00183652 0.00124018 0.0296191 0.0625386 0.000309066 0.00136395 0.863874 0.0381476 
0.00425922 0.00205885 0.00102168 0.00207598 0.0457411 0.027495 0.00109275 0.00268311 0.884965 0.028607 
0.000140216 0.0859151 0.00778932 0.0172953 0.0806175 0.288989 0.000447985 0.00420627 0.295638 0.218961 
0.00174482 0.00365503 0.0119944 0.0797799 0.069425 0.102021 5.31018e-05 0.0164156 0.60093 0.113981 
0.000843206 6.61202e-08 0.0225804 0.000466405 0.270587 0.19543 6.4698e-05 0.0116628 0.327178 0.171188 
9.35986e-07 0.00046853 0.0119044 0.000142224 0.0333173 0.0849943 3.50573e-05 0.00517439 0.840884 0.0230792 
2.83412e-05 0.00560155 0.046807 0.000785285 0.114135 0.0780452 0.000321459 0.0017542 0.674692 0.0778299 
4.01561e-11 1.63734e-06 1.13913e-06 0.000607266 0.067438 0.0282997 7.7918e-08 0.106542 0.750004 0.0471067 
0.00245306 0.0170573 0.00398807 0.062205 0.0689306 0.225158 0.0038274 0.00184894 0.520854 0.093678 
2.64159e-06 0.0460031 2.64378e-06 0.0124291 0.0663725 2.64418e-06 0.0351627 2.64306e-06 0.797183 0.0428391 
0.00576581 0.0108654 0.0266141 0.00261899 0.0584371 0.051191 0.000376299 0.0943588 0.501248 0.248525 
1.97182e-05 0.00729463 0.016707 0.0250791 0.168712 0.152425 5.51594e-05 0.00400541 0.446309 0.179393 
0.000323176 0.00600044 0.0276587 0.000724587 0.203487 0.0764716 0.000660598 0.00463061 0.451997 0.228046 
0.00119032 0.000200001 0.000132648 0.00522505 0.00933834 0.014438 0.00217314 4.85589e-05 0.953462 0.0137919 
2.48104e-05 0.00613585 0.000174499 0.000558632 0.0198449 0.201405 4.66784e-06 5.05835e-09 0.695452 0.0764 
0.000743598 0.000782045 0.000102875 0.000998255 0.02022 0.00398934 0.0117794 0.00266825 0.951607 0.00710927 
3.10732e-05 0.0172538 0.00484299 0.0698963 0.104694 0.246181 0.000306095 0.0161264 0.471266 0.0694026 
0.138327 0.00397076 0.0010403 0.0588363 0.121292 0.0493315 0.00420646 0.0740145 0.505965 0.0430162 
0.0144439 0.00347711 0.00722256 0.00100627 0.0163298 0.193624 0.000292088 0.000534597 0.707544 0.0555259 
0.000168616 0.0240882 0.144834 0.0900694 0.160832 0.0941918 0.000300864 0.0247211 0.330281 0.130512 
0.00172782 0.0119824 9.50749e-05 0.0631962 0.0525417 0.0531983 0.277199 0.00197341 0.508281 0.0298053 
0.00174385 5.08753e-05 0.00326544 0.000520379 0.122827 0.102722 6.14693e-06 0.0141509 0.684853 0.0698613 
0.000399682 0.000154973 0.00140753 0.00021922 0.127288 0.0270795 0.000204783 2.4784e-05 0.786101 0.0571201 
0.000206446 0.00765588 0.00147453 0.0198126 0.0667011 0.109299 0.00910564 0.0257026 0.674941 0.0851007 
0.0837746 0.0185124 0.000119256 0.0210452 0.231661 0.0501729 0.00082617 0.0478702 0.436643 0.109375 
9.91585e-05 0.000877279 0.0279419 0.000521029 0.259649 0.0295455 5.35855e-05 0.00492833 0.491866 0.184519 
8.19885e-07 0.230899 0.0099132 0.00830547 0.247813 0.00892305 0.00267615 0.00148365 0.43683 0.0531555 
7.18895e-06 0.00244408 0.0449947 0.0138493 0.126852 0.295524 7.46005e-05 0.000442427 0.355915 0.159897 
0.00236151 0.00645553 0.00199238 0.125519 0.0510068 0.0436383 0.000711424 0.195062 0.536932 0.0363213 
0.00119032 0.000200001 0.000132648 0.00522505 0.00933834 0.014438 0.00217314 4.85589e-05 0.953462 0.0137919 
0.0135541 0.000556459 0.00340431 0.0246384 0.103659 0.115864 0.000493547 0.000672212 0.654258 0.0829002 
0.000608657 0.00094988 0.00132272 0.00667593 0.0105955 0.0252114 0.000266554 0.107057 0.841616 0.00569666 
4.66417e-05 0.000635139 0.190978 0.000229999 0.0136157 0.00295883 5.05993e-05 0.00847377 0.565096 0.217916 
0.0151347 0.288 0.00647795 0.000138622 0.0605837 0.0016034 0.0127296 4.19564e-09 0.578581 0.0367504 
2.83299e-09 0.00623627 0.00781959 1.14501e-06 0.0778132 0.0967848 2.50528e-07 2.96027e-05 0.811315 2.89946e-07 
0.00133742 0.0378522 0.00721192 0.00156956 0.0436598 0.0890356 0.0458811 0.00237612 0.70211 0.0689668 
0.000700703 0.0049211 0.0136567 0.00910623 0.124439 0.0892127 0.000281771 0.00885486 0.391149 0.357679 
0.00119032 0.000200001 0.000132648 0.00522505 0.00933834 0.014438 0.00217314 4.85589e-05 0.953462 0.0137919 
0.00157523 0.0196213 0.0126476 0.0244232 0.278237 0.117203 0.000253277 0.0199178 0.283889 0.242234 
0.000154178 2.74556e-07 7.5205e-05 0.022946 0.0797876 0.0213811 0.000880682 0.00778761 0.80575 0.0612378 
0.00119032 0.000200001 0.000132648 0.00522505 0.00933834 0.014438 0.00217314 4.85589e-05 0.953462 0.0137919 
4.21541e-06 0.0932594 0.0199302 0.0109691 0.0439808 0.042398 1.65856e-06 0.016452 0.772015 0.000990053 
1.25301e-07 2.9498e-08 2.62905e-08 1.91132e-08 2.43287e-06 1.14976e-05 3.37636e-08 5.84383e-08 0.999968 1.74291e-05 
0.000860542 4.64551e-05 3.1857e-05 0.0030421 0.00724147 0.0150741 0.000104997 0.00317885 0.963189 0.0072303 
1.90802e-05 2.51861e-06 4.98334e-05 0.000884404 0.0725616 0.0759694 2.91761e-05 0.000259108 0.785479 0.0647455 
7.03155e-05 0.0089739 0.017401 0.0150335 0.115977 0.0908657 0.000392595 0.00471846 0.609625 0.136942 
0.0194004 0.0564229 0.0279731 0.0028109 0.1297 0.143259 0.000134328 0.00194122 0.313931 0.304427 
2.42428e-09 0.00792149 0.0327451 0.00314715 0.206933 0.0774685 0.000615642 2.83207e-05 0.614947 0.0561947 
0.00119032 0.000200001 0.000132648 0.00522505 0.00933834 0.014438 0.00217314 4.85589e-05 0.953462 0.0137919 
3.9282e-10 0.0287073 0.000711516 0.000297528 0.0261089 0.109435 0.00157795 0.0350285 0.778212 0.0199215 
2.50602e-05 0.00152162 0.00940549 0.0461767 0.289015 0.0888126 0.000204946 0.000354525 0.335972 0.228512 
0.00459884 0.000263978 0.0014585 0.00300404 0.0986393 0.0159874 7.90328e-05 0.000761319 0.629001 0.246207 
0.00691385 0.012264 0.0246514 0.00667498 0.165689 0.0920963 0.00190587 0.00703759 0.3675 0.315267 
1.86674e-06 0.115326 0.0003377 0.00287124 0.163618 0.0706295 0.287747 0.00233811 0.311282 0.0458484 
5.0499e-07 0.232094 0.0303131 0.00727508 0.131283 0.0360578 0.000888569 0.000255725 0.522785 0.0390477 
4.46261e-06 0.00132056 1.01921e-05 0.00433365 0.00680831 0.0913787 8.47912e-05 8.34599e-06 0.82487 0.071181 
0.000906672 0.0052002 0.0100919 0.000625096 0.178525 0.0696476 7.42815e-05 0.000172477 0.637045 0.0977113 
3.09145e-07 0.053154 0.03323 0.00321827 0.1758 0.0738963 0.00123784 0.0028151 0.656647 3.09454e-07 
0.00119032 0.000200001 0.000132648 0.00522505 0.00933834 0.014438 0.00217314 4.85589e-05 0.953462 0.0137919 
4.99644e-05 0.0470109 0.0191193 0.0205455 0.173568 0.043414 0.000478938 0.0543076 0.417999 0.223506 
0.136623 0.0024791 0.0162746 9.42451e-05 0.0557696 0.060099 0.00230347 0.000275253 0.691427 0.0346551 
0.00043979 3.8393e-05 2.65835e-08 1.43843e-05 0.0154934 0.0376073 2.94449e-05 0.000545587 0.94096 0.00487184 
5.0526e-05 0.00996152 0.00322499 0.0383411 0.248183 0.000302895 9.61996e-05 0.0214205 0.596847 0.0815721 
0.000213954 0.000651494 0.0142049 0.00989131 0.171402 0.056366 0.000603554 0.00145682 0.674452 0.0707586 
1.55087e-06 0.167239 0.0116517 0.0064338 0.0410943 0.0372983 0.000364989 0.056044 0.558621 0.121251 
0.00534061 0.193458 0.00235906 0.0249358 0.132077 0.089474 0.0031035 0.192211 0.299073 0.0579692 
0.00018691 0.0497659 0.0560408 0.0158312 0.181202 0.0302929 0.00013008 0.031088 0.558717 0.0767453 
1.20784e-05 0.0212253 0.00706287 0.189286 0.135777 0.201148 0.000222034 0.00147867 0.244565 0.199223 
0.117135 0.0346838 0.0606183 2.16362e-05 0.111121 0.0222223 0.000562382 6.9974e-09 0.532688 0.120948 
0.000234768 0.0851629 0.000732691 0.004595 0.124398 0.0361449 0.000616097 0.0101001 0.537709 0.200307 
8.19885e-07 0.230899 0.0099132 0.00830547 0.247813 0.00892305 0.00267615 0.00148365 0.43683 0.0531555 
0.0010459 0.0462377 0.00739801 0.113623 0.0995638 0.031112 0.00361275 0.0052402 0.399443 0.292724 
0.000492484 0.00608615 0.00443078 0.0461195 0.072959 0.0876905 0.000476779 0.00389555 0.722467 0.0553823 
0.00777354 0.00238423 0.00093137 0.00251867 0.163137 0.208258 1.36791e-05 0.0200888 0.525065 0.0698295 
0.00119032 0.000200001 0.000132648 0.00522505 0.00933834 0.014438 0.00217314 4.85589e-05 0.953462 0.0137919 
0.000200456 0.0385032 0.0087451 0.00323434 0.215117 0.0513537 0.000313872 0.00111046 0.428336 0.253086 
0.000225153 2.58482e-05 4.16587e-10 0.000320667 6.59497e-06 9.18213e-05 9.47008e-06 8.34325e-05 0.999237 8.99501e-09 
0.000204717 0.171438 0.00928811 0.0193617 0.0804979 0.0841502 0.0035011 0.0133437 0.565532 0.0526832 
0.00119032 0.000200001 0.000132648 0.00522505 0.00933834 0.014438 0.00217314 4.85589e-05 0.953462 0.0137919 
7.02169e-06 0.00509232 0.00272091 0.00869236 0.217704 0.0446289 1.9563e-06 0.00161147 0.698796 0.0207444 
5.82037e-05 0.000945613 0.00011916 0.0285633 0.12673 0.0639239 0.000342714 0.046484 0.63392 0.0989139 
8.91413e-05 0.000986105 0.000647309 0.0327592 0.155059 0.196431 0.000183583 0.00197485 0.51018 0.10169 
0.000529832 0.0393562 0.00636238 0.0058034 0.113633 0.124393 0.00614231 0.00145068 0.592157 0.110172 
0.238231 0.0179975 0.00057046 0.0100353 0.0633957 0.00337089 0.000219413 0.0054533 0.654525 0.00620117 
2.2522e-05 4.42768e-07 0.0137652 0.0513292 1.30539e-05 0.00548564 9.66523e-07 6.754e-05 0.929307 8.7334e-06 
6.56289e-06 0.000228223 0.0231709 0.0470247 0.0933911 0.0472828 7.26535e-05 0.0103644 0.703941 0.0745172 
2.75144e-06 0.000801509 0.00105396 0.000161231 0.0415269 0.141799 7.43212e-05 0.00324509 0.754605 0.0567294 
7.21749e-08 0.000553247 0.000682148 0.00246264 0.0263857 0.0839286 6.38846e-05 0.0190243 0.834171 0.0327285 
1.66588e-05 0.00409633 0.0117816 0.039115 0.128413 0.162982 0.000262421 0.0120033 0.475282 0.166047 
1.47397e-05 0.0177704 0.00394075 0.00336195 0.393272 0.0257937 0.000103599 0.00578103 0.402498 0.147464 
0.000155795 0.0528172 0.0188881 0.0142803 0.207031 0.0206156 0.000683611 0.0581242 0.386468 0.240936 
0.000504819 0.015966 0.00482056 0.0209679 0.126272 0.196672 0.00250329 0.00629534 0.400044 0.225954 
0.324333 5.40078e-05 0.161079 7.65134e-05 0.0559405 0.00985295 3.72053e-06 0.000836881 0.414589 0.0332346 
0.000220565 0.000339821 0.00353594 0.00310041 0.0735923 0.0328272 0.000126412 0.00058585 0.721514 0.164157 
0.00238295 0.0522848 0.00356194 0.0150083 0.280059 0.0933905 0.000707129 0.052101 0.421909 0.0785959 
0.0974623 0.000669965 0.00372419 0.000208688 0.0425971 0.0102665 0.0006532 0.000349153 0.612858 0.231211 
0.00482377 0.0299813 0.000364713 0.000673962 0.289197 0.0240577 0.000253159 0.00289573 0.554107 0.0936458 
0.00119032 0.000200001 0.000132648 0.00522505 0.00933834 0.014438 0.00217314 4.85589e-05 0.953462 0.0137919 
1.24703e-05 0.0409616 7.67971e-05 0.0158894 0.142165 0.172851 0.000932924 0.0634504 0.506538 0.0571221 
0.00250235 0.00211456 0.0467422 0.056262 0.0258405 0.126408 7.76507e-05 0.00142478 0.687618 0.0510101 
0.00394506 0.0676857 0.0250022 0.00308096 0.114205 0.131483 0.0424074 0.0262513 0.359725 0.226214 
2.78891e-05 0.00170844 0.00315687 0.00228031 0.165266 0.0830577 2.14792e-05 0.00242623 0.602085 0.13997 
0.000688714 0.0304814 0.00728343 0.00355703 0.15072 0.0505087 0.00542979 0.0127963 0.598978 0.139556 
0.00254853 0.000301799 0.00429665 0.0468261 0.170609 0.0564835 0.000289902 0.00459554 0.624448 0.0896015 
0.000140019 0.00126329 3.2106e-08 0.00048812 0.00229312 0.0157585 0.000876358 0.151989 0.818867 0.00832489 
0.0126598 0.0641213 0.0457965 0.0241257 0.167777 0.200102 0.000882004 0.00667143 0.438135 0.0397298 
0.00631013 0.0134956 0.00222266 0.113838 0.18181 0.0850894 0.00044769 0.0322769 0.530603 0.0339062 
2.4044e-07 0.0255688 0.00140038 0.00387155 0.0514828 0.0313386 0.00309208 0.118909 0.744433 0.0199035 
0.0184037 0.0141702 0.0272235 0.0117675 0.232412 0.0671863 0.000138574 0.028897 0.473492 0.126309 
0.00155693 0.00140432 0.00418118 0.00227355 0.22472 0.0315894 5.38321e-05 0.00116327 0.475966 0.257092 
1.23389e-06 2.80508e-06 5.8928e-07 0.135563 0.077633 0.0495915 4.68085e-07 0.0314353 0.683253 0.022519 
0.00382579 2.47449e-06 0.000157887 6.94059e-11 1.91694e-07 2.86121e-07 3.92462e-07 2.12208e-10 0.99041 0.00560316 
2.47326e-10 0.087205 5.18934e-11 0.00272127 0.107966 0.0815207 0.311556 0.000630475 0.372434 0.035966 
0.000267761 0.00242503 0.0342254 0.0399258 0.121727 0.127069 0.000122254 0.00235462 0.586067 0.0858161 
0.00119032 0.000200001 0.000132648 0.00522505 0.00933834 0.014438 0.00217314 4.85589e-05 0.953462 0.0137919 
0.00410878 0.00937824 0.00226049 0.005364 0.11139 0.0200797 0.00469245 0.00355612 0.787756 0.0514139 
0.000129222 0.00436632 0.0111174 0.000813392 0.117388 0.103683 1.82875e-05 0.133962 0.383821 0.244701 
1.79294e-05 0.057264 9.4313e-05 0.0116434 0.256542 0.00326939 0.216476 0.0110694 0.354568 0.0890556 
0.000517076 0.00595508 0.0761427 0.00313955 0.081677 0.159194 8.00517e-05 0.0120755 0.357403 0.303816 
0.205271 3.72583e-05 0.0021022 0.000339803 0.00643706 0.00274581 2.11018e-05 5.1984e-05 0.671879 0.111115 
0.00115107 0.0188453 0.0603476 0.00595603 0.208578 0.0980093 0.000607291 0.00429256 0.458777 0.143436 
9.23578e-06 0.0110373 0.019716 0.000828791 0.131378 0.353505 0.000159529 0.0030772 0.359012 0.121277 
0.000272839 0.0217354 0.000317987 0.0147669 0.142769 0.181255 0.000275485 0.02001 0.567646 0.0509518 
0.0012241 0.0100902 0.0129687 0.00672487 0.140945 0.0561146 9.19375e-05 0.00523223 0.553051 0.213558 
0.000429667 0.0129788 0.0215978 0.00767955 0.150016 0.0748144 0.000600379 0.0148894 0.657984 0.0590096 
0.00415309 0.00208348 0.00146511 0.00170526 0.104967 0.0174136 2.68153e-05 0.00053399 0.6551 0.212552 
0.00119032 0.000200001 0.000132648 0.00522505 0.00933834 0.014438 0.00217314 4.85589e-05 0.953462 0.0137919 
0.00441904 0.27008 0.000944234 0.00810832 0.103932 0.0866441 0.00105002 0.00407679 0.281644 0.239102 
0.00209933 0.0527329 0.00985051 0.00436092 0.0877871 0.031675 0.00107474 0.0919387 0.693513 0.0249681 
0.000487633 0.0823491 0.127566 0.0142043 0.0928381 0.0875102 0.000426403 0.000899741 0.461831 0.131887 
1.53743e-06 0.00234945 9.1511e-05 0.001112 0.114282 0.0118738 2.05401e-07 9.08428e-07 0.868223 0.00206551 
4.29151e-05 0.0387723 0.101105 0.00109627 0.112404 0.0869814 0.000100955 0.00942465 0.577292 0.0727802 
0.000743598 0.000782045 0.000102875 0.000998255 0.02022 0.00398934 0.0117794 0.00266825 0.951607 0.00710927 
4.47494e-05 0.0734231 0.00054981 0.0388965 0.0405413 0.133693 0.000260576 0.0131474 0.672096 0.0273472 
5.76903e-05 0.0344675 0.032035 0.00414923 0.128782 0.0840951 0.00746474 0.0011153 0.617037 0.0907967 
6.36876e-05 0.00115165 0.00537934 0.0445137 0.10966 0.0788709 0.0203306 0.0208286 0.577368 0.141833 
0.000170316 0.101231 0.000135302 0.0543974 0.154284 0.0763709 0.00802472 0.00344749 0.384983 0.216956 
1.71672e-05 0.00277701 0.00643194 0.0234972 0.0528508 0.086078 0.0004705 0.0207267 0.770148 0.0370024 
0.0242089 0.00101954 0.00603185 0.0329181 0.0193197 0.13762 0.000316626 0.000135341 0.730415 0.0480152 
0.00119032 0.000200001 0.000132648 0.00522505 0.00933834 0.014438 0.00217314 4.85589e-05 0.953462 0.0137919 
5.44451e-07 0.0338405 0.0147793 0.00058162 0.288204 0.0165005 0.00014447 0.000732424 0.336693 0.308523 
0.00119032 0.000200001 0.000132648 0.00522505 0.00933834 0.014438 0.00217314 4.85589e-05 0.953462 0.0137919 
0.0168763 0.0185308 0.110901 9.57903e-08 0.039234 0.00808304 3.65812e-06 0.00229816 0.712251 0.0918218 
8.95573e-07 0.0155738 0.00260357 0.00899962 0.166746 0.101504 0.000177841 0.0019651 0.504896 0.197533 
0.00125779 0.0342482 0.0256912 0.00310962 0.376167 0.0211971 0.000744345 0.00673291 0.47445 0.0564017 
5.85058e-05 0.000270094 0.0010493 0.00482905 0.0410392 0.174086 4.87467e-05 0.00060721 0.739254 0.0387574 
0.0842194 0.000104805 0.00498786 0.0773475 0.0340049 0.0818877 0.000635386 0.000237709 0.667883 0.048692 
0.00119032 0.000200001 0.000132648 0.00522505 0.00933834 0.014438 0.00217314 4.85589e-05 0.953462 0.0137919 
2.63593e-05 0.000536027 0.0115017 0.0370457 0.0493545 0.0666987 7.35092e-05 0.0104916 0.631405 0.192867 
0.000276607 0.00796864 0.143852 0.00455192 0.0977566 0.115775 0.000415735 0.000477965 0.547119 0.0818071 
1.03088e-05 0.0248932 0.00218393 0.0351836 0.178954 0.0851706 0.000971313 0.00260218 0.441751 0.22828 
8.74454e-05 0.0244525 0.0054107 0.000826288 0.129204 0.0579439 0.000176289 0.0315231 0.703896 0.04648 
3.8902e-07 0.0231629 0.00193264 0.00856837 0.229999 0.054635 0.000117228 0.0386969 0.61875 0.0241375 
4.49283e-08 0.00378268 0.000713277 0.19915 0.254104 0.215886 0.000682811 0.00828071 0.261073 0.0563278 
0.00119032 0.000200001 0.000132648 0.00522505 0.00933834 0.014438 0.00217314 4.85589e-05 0.953462 0.0137919 
3.57331e-10 8.41217e-11 0.00370031 0.0224277 0.00200464 0.0768675 0.000173965 0.004337 0.704081 0.186408 
0.00048431 0.0194954 0.00881212 0.0691336 0.188859 0.0605495 0.000809634 0.0275126 0.590715 0.0336286 
1.47351e-08 0.00370155 0.0153274 4.62897e-06 0.0158137 0.0257559 0.000894098 0.0105516 0.844923 0.0830283 
4.3551e-07 0.00417391 0.00209451 0.0574811 0.125862 0.044773 1.98448e-05 0.00470108 0.661753 0.0991412 
5.67609e-05 0.00359806 0.00969634 0.00137569 0.366088 0.0978172 0.000179287 0.00347124 0.45564 0.0620772 
4.14083e-11 0.00296844 0.0302543 0.0338204 0.0485186 0.348575 1.406e-07 1.79991e-06 0.535485 0.000376483 
0.018867 2.51729e-06 0.00428202 2.5175e-06 0.0166198 0.0249281 0.0108265 0.00629419 0.918175 2.51779e-06 
1.42158e-07 3.34664e-08 2.98274e-08 2.16845e-08 6.8832e-09 9.3108e-09 4.60053e-05 6.6963e-06 0.999944 2.55702e-06 
5.651e-05 0.00326329 0.00104333 0.00270108 0.196148 0.0205813 0.00136574 0.149223 0.596644 0.028973 
0.00198302 0.0763237 0.0137709 0.0233231 0.0804364 0.111445 0.00080049 0.00295204 0.375921 0.313045 
0.00110617 0.00787373 0.00517276 0.0245641 0.105086 0.0879188 0.00160921 0.0196144 0.667613 0.0794423 
0.000163258 0.00117761 0.00628256 0.00446989 0.225338 0.0210145 0.000148226 0.00388749 0.521988 0.21553 
0.00079195 0.00607528 0.00907628 0.00206455 0.0863343 0.15748 0.000297494 0.0118062 0.589992 0.136083 
4.37183e-09 0.00199809 2.32756e-06 0.000283495 0.00647323 0.0115783 8.38916e-05 0.000645862 0.978667 0.000268166 
1.25738e-09 1.16001e-06 2.52699e-07 0.0328762 0.00967177 0.110747 2.16466e-07 0.000140605 0.844705 0.0018585 
0.00119032 0.000200001 0.000132648 0.00522505 0.00933834 0.014438 0.00217314 4.85589e-05 0.953462 0.0137919 
3.97627e-05 0.101991 0.000551108 0.0163951 0.0723149 0.0501205 0.183596 0.00631431 0.504656 0.0640213 
0.00119032 0.000200001 0.000132648 0.00522505 0.00933834 0.014438 0.00217314 4.85589e-05 0.953462 0.0137919 
0.195865 0.001298 0.00037633 0.00025569 0.0926296 0.014609 0.00710916 0.000781783 0.659829 0.0272469 
9.38529e-05 0.00618534 0.000655553 0.00568038 0.0432408 0.0819256 4.95982e-05 0.00456358 0.807576 0.0500297 
0.000657531 0.0175269 0.0164592 0.0286502 0.33278 0.0297131 0.000598264 0.00278644 0.533171 0.0376573 
0.00119032 0.000200001 0.000132648 0.00522505 0.00933834 0.014438 0.00217314 4.85589e-05 0.953462 0.0137919 
5.92452e-11 1.42403e-06 0.348231 1.0484e-07 0.0864533 0.0602796 2.50654e-07 4.44885e-07 0.46488 0.040154 
4.25321e-05 0.00121004 0.0025716 0.00639763 0.143815 0.166699 0.000226249 0.036583 0.468217 0.174239 
1.54594e-05 0.000223546 0.0177706 0.0127451 0.0342726 0.0136214 9.7754e-05 2.73913e-05 0.895009 0.0262174 
0.00129614 0.0437261 7.52519e-05 0.0163233 0.0140396 0.251695 0.00555627 0.000129952 0.633488 0.0336706 
4.10889e-05 0.00183562 0.00265729 0.0104076 0.236961 0.0672376 0.000144067 0.00743541 0.594239 0.0790417 
0.000298357 0.074315 0.0188217 0.028977 0.312269 0.0856286 0.00149372 0.00605192 0.318995 0.15315 
0.0035326 0.00555696 9.86762e-05 0.000285318 0.022056 0.0315836 0.00210198 0.000303566 0.916525 0.0179563 
0.000497357 0.00524541 0.111378 1.81175e-05 0.142613 0.0469352 1.12116e-06 0.0457741 0.571213 0.0763245 
0.000761446 8.60117e-06 0.000851697 7.65193e-07 9.29234e-05 0.00173273 0.000242896 0.000730525 0.995577 1.69394e-06 
1.1314e-05 0.0119832 0.0283324 0.0332867 0.276464 0.191133 1.59913e-05 0.0071747 0.318353 0.133245 
0.00119032 0.000200001 0.000132648 0.00522505 0.00933834 0.014438 0.00217314 4.85589e-05 0.953462 0.0137919 
0.00082957 0.014741 0.00276241 0.00101393 0.0773693 0.0135691 0.000249146 0.00390011 0.663843 0.221723 
1.06543e-05 0.0354284 0.00212636 3.79498e-05 0.284438 0.00740623 6.35565e-05 0.0854259 0.537385 0.0476785 
0.00228261 0.0778357 0.0903668 0.00435148 0.104383 0.164095 0.000819087 0.00794546 0.42457 0.123352 
0.0133919 0.0584669 0.010951 0.00329357 0.165342 0.0215465 0.00135089 0.0012248 0.567878 0.156555 
0.000383483 9.82065e-05 0.000232779 0.0345257 0.143127 0.0953712 5.17195e-05 0.00113088 0.677798 0.0472808 
2.4044e-07 0.0255688 0.00140038 0.00387155 0.0514828 0.0313386 0.00309208 0.118909 0.744433 0.0199035 
2.33504e-05 0.00189247 0.00268478 0.0119767 0.18694 0.0358001 8.27845e-05 0.000872729 0.677576 0.0821511 
1.59244e-05 0.00017819 0.000448673 0.00778401 0.0451297 0.168315 9.51947e-05 0.00788806 0.751785 0.0183604 
0.00048179 0.00636507 0.02112 0.00873687 0.220714 0.0916488 0.00182097 0.0035471 0.386468 0.259097 
0.00439722 0.0138168 0.00476021 0.00646135 0.0617321 0.00976305 0.000684302 0.00157785 0.541373 0.355434 
0.0023486 0.00116405 0.01149 0.0035846 0.127496 0.022575 0.000167814 0.000232888 0.505155 0.325786 
1.14183e-05 7.02793e-08 0.120898 5.83411e-10 0.0424845 0.000184671 2.39023e-06 0.156993 0.655142 0.0242844 
0.115813 0.00664587 0.0528146 0.0130658 0.0488943 0.0853308 0.000261726 0.000390016 0.596819 0.0799656 
0.00119032 0.000200001 0.000132648 0.00522505 0.00933834 0.014438 0.00217314 4.85589e-05 0.953462 0.0137919 
7.53029e-05 0.150722 0.00369613 0.0750123 0.105149 0.211799 0.000975317 0.00621585 0.320513 0.125843 
0.000855572 0.00390638 0.000100215 0.0261846 0.0337439 0.187483 0.000368201 0.00059449 0.706285 0.0404794 
9.28759e-05 0.0721692 0.00232792 0.00768358 0.0619839 0.0494064 0.000540302 0.0240256 0.735615 0.0461556 
1.68877e-07 0.00422955 0.000671422 0.00266603 0.0162849 0.045685 7.54533e-06 0.000216308 0.922067 0.008172 
0.00119032 0.000200001 0.000132648 0.00522505 0.00933834 0.014438 0.00217314 4.85589e-05 0.953462 0.0137919 
0.000160465 0.00109944 0.000859741 0.0218678 0.133535 0.142007 0.000367488 0.00108296 0.590725 0.108295 
2.69427e-05 0.189391 0.0395276 0.0391934 0.045351 0.159816 0.000323014 0.00498676 0.282376 0.239008 
0.00446565 0.0610418 0.00220505 0.0354982 0.212768 0.0445688 0.000256785 0.000305763 0.4419 0.19699 
0.00119032 0.000200001 0.000132648 0.00522505 0.00933834 0.014438 0.00217314 4.85589e-05 0.953462 0.0137919 
0.00119032 0.000200001 0.000132648 0.00522505 0.00933834 0.014438 0.00217314 4.85589e-05 0.953462 0.0137919 
0.000139092 9.92894e-08 1.23742e-05 0.00270213 0.0019115 0.011413 0.00047087 6.75616e-08 0.973299 0.010052 
0.000238262 0.0766184 0.00559717 0.00899055 0.0427782 0.014176 1.4875e-05 0.00182491 0.440273 0.409489 
0.00119032 0.000200001 0.000132648 0.00522505 0.00933834 0.014438 0.00217314 4.85589e-05 0.953462 0.0137919 
4.3038e-07 0.00180673 8.37807e-05 0.0129824 0.210629 0.301494 5.82692e-07 0.0665592 0.367265 0.0391791 
0.00109949 0.0899909 0.00941109 0.0378414 0.0820396 0.0509791 6.20198e-05 0.0582474 0.573652 0.096677 
1.22617e-06 0.0012156 0.00306245 0.00444799 0.0509874 0.105697 0.000170993 0.00657645 0.802132 0.0257091 
5.51017e-10 0.0331224 0.0120586 2.73783e-05 0.327453 0.111069 1.48477e-10 0.000327134 0.378019 0.137924 
0.000278924 0.00267659 0.00202182 0.00113771 0.0507398 0.06043 0.000529557 0.000569918 0.825396 0.05622 
1.11695e-05 0.0260363 0.000397799 0.00178024 0.0200223 0.198384 0.00210734 3.41052e-05 0.593906 0.157321 
1.6472e-05 0.0430645 0.0091413 0.023056 0.0388079 0.0490122 0.0079484 0.000376084 0.576507 0.252071 
7.84465e-07 1.21543e-05 0.0388162 1.1966e-07 3.14952e-05 0.0168509 2.11382e-07 0.0368587 0.907424 5.18241e-06 
7.19191e-05 0.00567154 0.00619999 0.00309442 0.0763196 0.0589297 0.000103957 0.0142291 0.718972 0.116408 
0.000446648 0.0021622 0.0229716 0.013918 0.202911 0.192945 5.65312e-05 0.00207027 0.445679 0.11684 
2.15344e-07 9.29277e-08 2.45428e-07 2.40915e-08 0.125713 0.135424 7.92957e-08 0.000732275 0.560169 0.177961 
0.0787253 0.0031778 0.0387708 0.0886013 0.128751 0.0681457 4.63915e-05 0.00388224 0.532723 0.057176 
0.000148634 0.000543575 5.23592e-07 0.00762322 0.00598619 0.032756 5.92041e-05 0.00129802 0.950512 0.00107266 
0.0289052 0.00387368 0.0758148 0.0267489 0.066246 0.168068 0.000256822 0.00131076 0.537816 0.0909592 
0.000178245 0.000723565 5.49527e-05 0.0516984 0.254692 0.183395 4.45884e-05 0.00161748 0.37975 0.127846 
0.00338846 0.0132646 0.00460993 0.0113343 0.172947 0.0881965 0.000738187 0.000197027 0.60531 0.100014 
0.00194119 0.00511008 0.00732425 0.0186414 0.248642 0.0305046 0.00297303 0.00088407 0.493377 0.190602 
0.00134338 0.00207273 0.0019003 0.00247973 0.021598 0.030629 0.000959196 0.0047714 0.892905 0.0413412 
0.000209541 7.00961e-05 0.000767661 0.00326452 0.00490225 0.00789029 0.000282646 0.000158587 0.970365 0.0120895 
0.00119032 0.000200001 0.000132648 0.00522505 0.00933834 0.014438 0.00217314 4.85589e-05 0.953462 0.0137919 
8.19885e-07 0.230899 0.0099132 0.00830547 0.247813 0.00892305 0.00267615 0.00148365 0.43683 0.0531555 
3.16132e-05 4.71699e-07 2.69484e-11 0.00929975 6.21881e-12 0.169976 1.30164e-07 2.55887e-07 0.737163 0.0835288 
7.95761e-08 0.048916 0.00534993 0.00557386 0.0168052 0.305658 0.000689928 0.00332919 0.569885 0.0437928 
1.10365e-05 0.000198061 0.000191317 0.249919 0.0302665 0.0453713 0.000202971 0.000624126 0.647386 0.02583 
8.87272e-05 1.72695e-06 0.0562612 0.00289434 0.0316918 3.34465e-06 0.000854311 0.000373625 0.892607 0.0152238 
0.00119032 0.000200001 0.000132648 0.00522505 0.00933834 0.014438 0.00217314 4.85589e-05 0.953462 0.0137919 
3.50312e-07 1.25811e-07 0.000177743 0.0043792 0.190905 0.121079 0.00024256 0.00021489 0.585556 0.0974459 
0.00119032 0.000200001 0.000132648 0.00522505 0.00933834 0.014438 0.00217314 4.85589e-05 0.953462 0.0137919 
8.38535e-07 6.14328e-07 4.67371e-10 1.92421e-05 4.50855e-07 0.0113078 8.35723e-07 2.7636e-07 0.988259 0.00041058 
0.00481053 0.0543188 0.000297971 0.00255832 0.151347 0.0339367 0.11396 0.00314743 0.551855 0.0837682 
4.34685e-05 0.0390168 0.0146998 0.00829093 0.244792 0.170261 0.00320769 0.0013503 0.368012 0.150325 
1.01202e-08 0.00181506 0.0125687 0.00272261 0.0124928 0.0846414 6.60382e-06 0.000863458 0.792341 0.0925481 
2.00883e-05 0.0587365 0.0474816 0.0407219 0.202388 0.0781619 1.16413e-05 0.0121024 0.374368 0.186008 
0.000248616 0.00221948 0.00522956 0.00027486 0.13139 0.0621444 5.27896e-05 0.00220911 0.663513 0.132718 
1.05611e-06 0.00532913 8.70644e-05 0.0477461 0.0054332 0.373228 6.02974e-05 0.00128481 0.553094 0.0137362 
6.26035e-06 0.000163585 1.68888e-06 0.00335113 0.00898558 0.125381 1.13222e-05 6.37904e-05 0.618149 0.243887 
0.00119032 0.000200001 0.000132648 0.00522505 0.00933834 0.014438 0.00217314 4.85589e-05 0.953462 0.0137919 
0.000472882 0.00190031 0.00262349 0.0207168 0.1179 0.239543 0.000102301 0.0132464 0.545479 0.0580161 
4.18141e-05 4.53432e-05 1.1037e-08 0.0866731 0.0459933 0.381272 0.000250008 0.0123703 0.451105 0.0222496 
3.37483e-09 0.00410171 0.000541655 0.00212198 0.0143347 0.0412706 4.4959e-06 0.000158566 0.931137 0.00632925 
0.000230524 0.0671811 0.0396426 0.00537157 0.196235 0.239033 0.0150537 4.13195e-05 0.343853 0.093358 
2.27081e-06 0.0926576 0.00200501 0.00908312 0.0290269 0.029163 0.0292931 0.000133814 0.802504 0.00613079 
7.97288e-05 0.00429947 8.81572e-08 0.0027363 0.0842584 0.0122493 5.75138e-05 0.00269115 0.892695 0.000932921 
0.00235399 0.00275082 0.000568692 0.00670278 0.321927 0.0802981 0.00032564 0.00438776 0.497757 0.0829285 
0.000255362 0.00229854 0.000338074 0.00835348 0.200181 0.0702317 0.000118389 0.000802972 0.563639 0.153781 
0.00119032 0.000200001 0.000132648 0.00522505 0.00933834 0.014438 0.00217314 4.85589e-05 0.953462 0.0137919 
3.00179e-09 0.00106558 0.000257327 0.00565772 0.139256 0.106688 1.68568e-07 0.00362804 0.726335 0.0171124 
0.00439722 0.0138168 0.00476021 0.00646135 0.0617321 0.00976305 0.000684302 0.00157785 0.541373 0.355434 
0.000381672 0.0122683 0.00110458 0.0113295 0.250512 0.129293 0.000990347 0.0824661 0.412083 0.0995715 
0.000219808 0.000743489 0.0121979 0.0496007 0.109371 0.286847 0.000200848 0.00976889 0.386749 0.144301 
0.000217399 0.129258 0.00427271 0.000448704 0.220058 0.00914377 4.46204e-05 0.0083795 0.614557 0.0136206 
5.24265e-09 3.13219e-05 0.0261731 1.39354e-06 0.0206725 0.22507 2.19674e-08 4.46351e-06 0.53063 0.197417 
0.000140558 0.00303514 0.000141829 0.000494534 0.0628534 0.0126706 0.000437114 0.00817624 0.822099 0.0899514 
0.000166232 7.55546e-06 1.61593e-06 5.19573e-05 0.0104355 0.0781271 2.13126e-05 0.17929 0.694363 0.0375353 
4.35701e-05 0.0324924 0.00645627 0.0145109 0.0524651 0.0975178 0.000314632 0.0151216 0.66064 0.120437 
0.00116986 0.00116053 0.00156883 0.00413547 0.14792 0.11201 3.61948e-05 0.0381005 0.645929 0.047969 
0.000113084 0.0344274 0.0637532 0.00882644 0.273084 0.0388004 0.000156849 0.0130464 0.548212 0.0195804 
0.000584145 0.115515 7.1444e-05 0.138 0.0871703 0.148385 0.00159837 0.0127215 0.41546 0.0804938 
0.0019808 1.46153e-06 3.71954e-06 0.00136441 0.0147785 0.01139 2.35486e-05 2.89543e-06 0.965682 0.00477282 
0.000630833 0.00614198 0.00124976 0.000690928 0.229254 0.0846657 8.86364e-06 0.030745 0.518605 0.128009 
0.00171178 2.30711e-06 0.00174655 4.47237e-07 0.0059519 0.00273469 6.32145e-07 8.95028e-10 0.98785 1.47316e-06 
7.02169e-06 0.00509232 0.00272091 0.00869236 0.217704 0.0446289 1.9563e-06 0.00161147 0.698796 0.0207444 
0.00117746 0.00732184 0.00372618 0.0011321 0.15756 0.0648582 0.000388705 0.000138446 0.732178 0.0315194 
5.56999e-05 0.0102146 0.0131587 0.00406178 0.120529 0.0477506 9.59924e-05 0.00660088 0.58083 0.216703 
0.00371011 0.0115236 0.00401882 0.0027925 0.0887342 0.0351092 0.0120032 0.00878683 0.582287 0.251034 
0.0135028 4.90867e-08 0.0165822 4.51645e-05 0.00511982 0.33636 5.61851e-08 1.4947e-05 0.610892 0.017483 
0.00161898 0.21684 0.00317541 0.000604136 0.274825 0.021215 0.00756467 0.00346495 0.384473 0.0862195 
0.00112976 0.00149878 0.00597976 0.0499235 0.223575 0.0898669 0.000176735 0.00223027 0.331439 0.294181 
7.47708e-06 0.0342705 0.0063083 0.0479958 0.066543 0.188407 0.00015752 0.0624492 0.569506 0.0243554 
4.82422e-05 0.231403 9.19166e-05 0.00106558 0.0788303 0.053341 0.00129915 3.54018e-06 0.460672 0.173246 
0.0618625 0.0338136 0.0124508 0.00572884 0.0952377 0.0095209 0.0014924 0.00175157 0.685969 0.0921725 
7.61595e-06 0.0311372 0.0483291 0.000136536 0.122774 0.000870438 9.79991e-06 0.00102582 0.714156 0.0815535 
6.2387e-05 0.00578472 0.00733321 6.74653e-05 0.0919381 0.164349 1.37611e-05 0.0101755 0.630361 0.0899148 
