3.66565e-06 0.219922 0.00351103 0.0270134 0.0374678 0.0642848 0.00845806 0.0021743 0.00913026 0.628035 
5.18259e-05 0.0131665 0.00155312 0.00535711 0.284839 0.0214511 0.000462969 0.000760724 0.276651 0.395707 
0.000584847 0.00489593 0.012339 0.014721 0.246378 0.104093 0.0222784 0.00198094 0.287466 0.305264 
0.000524344 0.207933 0.00308379 0.00342602 0.128947 0.215876 0.000985512 0.00136005 0.163149 0.274715 
0.000105607 0.0444234 0.0070853 0.0206921 0.104441 0.102422 0.146624 0.00578974 0.0857894 0.482627 
7.91405e-10 0.0162215 0.000394086 0.00036278 0.0336017 0.103561 0.000192384 0.0020508 0.150075 0.69354 
0.000176979 0.046559 0.0007934 0.0435931 0.198506 0.0975712 0.0459112 0.00441968 0.161461 0.401008 
0.00222483 0.00185353 0.00219632 0.00931055 0.28875 0.0368323 0.000259119 0.00536446 0.138791 0.514418 
2.30609e-06 0.00309838 0.291405 0.0725911 0.0488336 0.015011 2.58553e-05 0.0523131 0.000402136 0.516318 
7.04255e-05 0.0144421 0.00296275 0.00750306 0.0813991 0.0146099 2.7736e-05 0.00671919 0.00527306 0.866993 
5.35334e-05 0.0130007 0.24059 0.00111376 0.146384 0.0325104 0.00668043 0.0913215 0.147965 0.320382 
6.97624e-06 0.104729 7.83412e-05 0.00073172 0.128303 0.0395521 0.000565817 0.00282949 0.0304686 0.692734 
1.56417e-05 0.000599417 0.0360668 0.00360666 0.168596 0.164158 3.34526e-07 0.000105659 0.0005218 0.62633 
2.4303e-06 0.00461637 0.0020347 0.0262874 0.00688267 0.0642185 0.00885332 0.00230256 0.00294814 0.881854 
4.68969e-05 0.0662711 0.0415114 0.016507 0.11635 0.0832987 0.00520622 0.000756481 0.0426079 0.627444 
0.00108141 0.000113791 0.000936244 1.23417e-05 0.434715 0.000394988 1.76096e-05 1.52812e-06 0.0370679 0.52566 
1.76504e-06 0.0353761 0.00270649 0.044698 0.320951 0.0558556 5.58727e-05 0.00887017 0.0848571 0.446627 
0.000127944 0.0176864 0.00809752 0.0229155 0.266338 0.120528 0.000678303 0.00541831 0.0722714 0.485938 
1.62153e-07 0.0491309 0.00147481 0.0304669 0.138953 0.0429855 0.00460914 0.143003 0.072976 0.5164 
0.000516509 0.00539153 0.00361026 0.0370037 0.133688 0.153624 0.000304788 0.00312433 0.0955777 0.567159 
0.000286921 0.0769019 0.0219137 0.00453623 0.15737 0.0277535 0.000151533 0.00812964 0.057507 0.645449 
6.79384e-06 0.132971 0.0377074 0.0196331 0.211605 0.171394 0.00427756 0.00628094 0.0225924 0.393532 
1.40361e-05 0.0606441 0.00208261 0.022705 0.0784666 0.0289373 0.000151494 0.00788988 0.0160306 0.783078 
1.22924e-05 1.78583e-05 7.85534e-06 0.00302135 0.213799 0.0213851 3.21695e-05 0.000244176 0.231745 0.529736 
0.00044673 0.00637332 0.00976655 0.00032111 0.023333 0.0617265 0.0017308 0.00202739 0.0288252 0.865449 
1.5281e-05 0.0261982 0.000455176 0.0187433 0.0140088 0.02222 2.3092e-05 0.00140937 0.00597644 0.91095 
1.41287e-05 0.0152799 0.000583751 0.0225973 0.0545639 0.0263083 4.46134e-05 0.00245958 0.0142875 0.863861 
0.00484841 0.0254051 0.00603862 0.0171637 0.320603 0.0600526 0.0366554 0.0229966 0.0998243 0.406412 
3.39321e-05 0.0282126 0.0757414 0.0180566 0.0826319 0.00896396 0.000138109 0.00290937 0.00244813 0.780864 
0.000785201 0.00171359 0.0272567 8.05405e-05 0.250109 0.0017776 9.29314e-06 0.00167967 0.296239 0.42035 
3.40196e-06 0.00395802 0.000370313 0.0350511 0.00547295 0.0447705 4.99549e-05 0.00225058 0.00285335 0.90522 
1.72965e-05 0.000538954 0.215532 0.00644209 0.256696 0.00324135 5.8668e-06 0.00156217 0.00478258 0.511182 
0.000305988 0.000779399 0.0103597 0.0457942 0.192772 0.111591 4.8455e-05 0.00217696 0.0673578 0.568814 
4.57922e-07 0.190226 0.00594093 0.0307451 0.0550678 0.0686202 0.00351443 0.00158515 0.0493774 0.594922 
2.59666e-05 0.0618101 0.0288209 0.000589533 0.253705 0.026094 0.000205668 0.0199332 0.0275146 0.581301 
2.30609e-06 0.00309838 0.291405 0.0725911 0.0488336 0.015011 2.58553e-05 0.0523131 0.000402136 0.516318 
0.000804705 0.00800252 0.0103781 0.00388557 0.042981 0.00482689 0.00262106 0.00241236 0.303196 0.620892 
1.17473e-05 4.39482e-06 0.00155571 0.000749815 0.0345945 0.0073293 8.95853e-05 7.05697e-06 0.000487857 0.95517 
9.62647e-07 0.00372425 0.00259241 0.0151189 0.0240788 0.0732884 3.73191e-05 0.00127052 0.00247067 0.877418 
1.25614e-05 0.00340777 0.00605886 0.01641 0.253879 0.0473203 0.00624746 0.0406319 0.0960614 0.529971 
4.5063e-05 0.00158477 0.000746857 0.0286843 0.0982698 0.0502135 1.69707e-05 0.0292837 0.0167731 0.774382 
6.95422e-05 0.00111003 0.00402965 0.00619694 0.180835 0.100016 0.000171564 0.00105137 0.144587 0.561933 
5.0269e-05 0.00806067 0.141949 0.00398481 0.172674 0.0408049 0.000116005 0.0110026 0.0461562 0.575202 
1.77355e-05 0.02627 0.0131544 0.00935252 0.048015 0.0373875 0.000120882 0.00870533 0.00719011 0.849787 
5.82859e-05 0.0321589 0.0302711 0.012617 0.160758 0.0541886 0.0077207 0.00655664 0.0629507 0.63272 
2.30609e-06 0.00309838 0.291405 0.0725911 0.0488336 0.015011 2.58553e-05 0.0523131 0.000402136 0.516318 
0.000132407 0.00385923 0.00576642 0.0255979 0.345413 0.0715047 0.00228447 0.0151234 0.0368345 0.493484 
1.14514e-05 0.000925635 0.0059712 0.000930279 0.0234907 0.0397127 8.91326e-05 2.59125e-06 0.000487222 0.928379 
6.7884e-06 0.0282258 0.107032 0.0124319 0.112908 0.0300929 2.98738e-05 0.0036143 0.089722 0.615936 
4.58702e-05 0.0190632 0.00323559 0.00617586 0.150505 0.0190839 3.61109e-05 0.0128322 0.0180991 0.770923 
6.1309e-07 0.00717048 0.00522575 0.00469685 0.164139 0.275172 2.02214e-07 0.000363468 0.0156877 0.527544 
6.77217e-08 2.0014e-06 0.0129782 1.36165e-06 0.141292 0.0495843 1.56451e-08 4.5056e-11 0.00917163 0.786971 
0.000216166 0.00160524 0.00161045 0.00335794 0.212663 0.015053 4.69043e-05 7.22484e-05 0.0225055 0.74287 
6.7545e-05 0.0241418 0.103561 0.0530439 0.178542 0.0261667 0.000175164 0.0706432 0.00767504 0.535984 
0.000461787 0.0469681 0.0191353 0.01474 0.393337 0.0372374 0.00481256 0.0446112 0.0286818 0.410015 
1.92557e-05 0.0220724 0.0497414 0.112225 0.0868799 0.0473843 2.29795e-05 0.000709801 0.00528139 0.675664 
1.99784e-06 0.00231163 0.0554355 0.0101037 0.054575 0.00416486 7.90921e-06 0.00751566 0.00118798 0.864696 
0.00465619 0.140391 0.0284519 0.0527895 0.162843 0.090166 0.00216955 0.0321736 0.212982 0.273377 
2.62327e-06 0.00439466 0.00273265 0.0244294 0.353585 0.0695973 8.32665e-06 0.000415722 0.0484725 0.496361 
0.00032499 0.0281632 0.0356785 0.0121282 0.192216 0.194502 0.00109703 0.00520626 0.265013 0.265671 
3.4813e-05 0.0014995 0.00346795 0.00103968 0.0328924 0.0151744 4.40775e-05 0.00231369 0.000699295 0.942834 
5.90314e-06 0.00130711 0.0114917 0.0148576 0.0172995 0.0119076 7.68026e-05 0.000575292 0.017896 0.924583 
4.30323e-05 0.00868578 0.021832 0.00929377 0.341513 0.0946344 0.000112488 0.020405 0.107765 0.395715 
0.000111584 0.0189131 0.00206901 0.00720223 0.139925 0.0304622 0.000791408 0.000782394 0.0155235 0.78422 
3.0171e-06 0.0797635 0.00798442 0.0386232 0.287867 0.0955797 0.00164367 0.00303944 0.100512 0.384983 
1.03442e-07 0.0271681 0.0216832 0.018492 0.311676 0.11003 0.000258999 0.000119379 0.196694 0.313878 
3.3507e-07 0.000147971 0.00084761 9.19007e-05 0.358988 0.000296849 1.44409e-07 0.000274352 0.0124831 0.62687 
2.44587e-07 0.0444164 0.0181448 7.82005e-05 0.280259 0.000354992 7.75021e-10 0.000282382 0.0455327 0.610931 
0.000616857 0.00272435 0.012815 0.0150261 0.266871 0.1089 1.95702e-05 0.000502498 0.0788839 0.513641 
0.00222598 0.0116999 0.352783 0.0121472 0.147733 0.0453599 0.00130465 0.00285374 0.0313865 0.392506 
0.000187794 0.0859881 0.00754654 0.0315366 0.260415 0.076391 0.00396732 0.0146319 0.0619333 0.457402 
5.25704e-07 0.0922764 0.00261026 0.0152746 0.138319 0.0725739 0.00328912 0.0148118 0.0206269 0.640218 
3.66565e-06 0.219922 0.00351103 0.0270134 0.0374678 0.0642848 0.00845806 0.0021743 0.00913026 0.628035 
1.04838e-05 0.000356662 0.409346 0.00685201 0.0526399 0.00115982 7.17288e-06 0.000411219 0.00248233 0.526734 
0.000126333 0.000639729 0.0227764 0.00224846 0.227748 0.117494 0.000109454 0.000343897 0.0655281 0.562986 
2.39924e-05 0.00931243 0.0970656 0.013443 0.0945283 0.273082 5.88877e-05 0.00912322 0.0669004 0.436462 
1.85006e-06 0.00480743 0.00113237 0.0204018 0.0333529 0.034175 3.99724e-05 0.018264 0.0350354 0.852789 
4.03812e-05 0.045881 0.0105107 0.0114013 0.266443 0.169832 3.70053e-05 0.00444513 0.0177343 0.473676 
0.000210789 0.00212302 0.0411351 0.046366 0.185312 0.0972521 3.21847e-05 0.000411319 0.0672083 0.559949 
2.2703e-05 0.0806419 0.0401416 0.000969031 0.198316 0.008308 0.000131841 0.00146426 0.0127641 0.65724 
7.16062e-05 0.00749896 0.00331687 0.053341 0.384537 0.0704589 0.000573345 0.00278061 0.0744306 0.402991 
1.10849e-05 0.0158429 0.00914504 0.0125946 0.368701 0.0377601 0.000115937 0.00831368 0.033681 0.513835 
1.41287e-05 0.0152799 0.000583751 0.0225973 0.0545639 0.0263083 4.46134e-05 0.00245958 0.0142875 0.863861 
5.49119e-05 0.0316239 0.0226557 0.0119675 0.0666993 0.269122 0.000266147 0.00364514 0.0691237 0.524842 
0.000709793 0.0027359 0.0294408 0.00939608 0.218518 0.0339756 0.00584411 0.000596817 0.266493 0.43229 
2.10693e-05 0.00996754 0.00383661 0.0140566 0.354528 0.0475753 4.05222e-05 4.5605e-08 0.0351586 0.534816 
3.34763e-05 0.0366761 0.0124929 0.0223337 0.145621 0.0155884 0.00277205 0.000385422 0.0188619 0.745235 
3.55245e-05 0.00679522 0.0207568 0.117992 0.108444 0.00512627 1.0712e-06 0.000325564 0.00555955 0.734964 
0.000197636 0.000168107 0.00036441 0.000444499 0.0279351 0.257893 0.000408709 0.0048452 0.278472 0.429272 
0.000307281 0.00259406 0.00103455 0.0093005 0.211858 0.0273252 0.000102634 0.000856765 0.0736891 0.672932 
6.27724e-06 0.00308399 0.00366699 0.00418418 0.294259 0.0796908 2.76955e-05 0.00362217 0.1077 0.503759 
0.000849726 0.0319016 0.0101698 0.0239706 0.372386 0.0524632 0.000102055 0.0086616 0.0252221 0.474274 
3.40196e-06 0.00395802 0.000370313 0.0350511 0.00547295 0.0447705 4.99549e-05 0.00225058 0.00285335 0.90522 
0.00118338 0.00763735 0.0134189 0.00241577 0.210642 0.045149 4.94223e-05 0.0247798 0.0329594 0.661765 
0.00240891 0.268966 0.0148418 0.017409 0.124062 0.0530149 0.0214321 0.0186156 0.0787162 0.400533 
6.98427e-05 0.00849415 0.00859118 0.0111153 0.416398 0.0399606 0.00509251 0.0076906 0.0248785 0.477709 
1.36224e-05 0.0717071 0.00211516 0.0101204 0.0532818 0.0263109 0.000167464 0.0102646 0.00902173 0.816997 
2.30609e-06 0.00309838 0.291405 0.0725911 0.0488336 0.015011 2.58553e-05 0.0523131 0.000402136 0.516318 
0.000588825 0.00219942 0.0175762 0.00909575 0.186562 0.00724803 0.00108257 5.63802e-05 0.15647 0.619121 
0.0525626 0.0782069 0.0663179 0.00156005 0.0234765 0.0185608 0.00221046 0.179054 0.143526 0.434524 
0.000202975 0.00811442 0.0162336 0.0497082 0.378765 0.0479793 0.000130554 0.0197949 0.0286835 0.450388 
6.66997e-06 0.00188227 0.00872332 0.00144439 0.0883518 0.0446588 0.000162638 0.0139809 0.189497 0.651293 
1.03442e-07 0.0271681 0.0216832 0.018492 0.311676 0.11003 0.000258999 0.000119379 0.196694 0.313878 
1.48707e-05 0.0010448 0.00456968 0.0321107 0.221494 0.138807 1.64818e-05 0.000446354 0.0479626 0.553533 
0.000130873 0.0015245 0.0204151 0.00209806 0.1441 0.0581296 0.000343618 0.0135815 0.218165 0.541512 
1.08145e-05 0.00207574 0.000884833 0.000135602 0.110645 0.00680657 1.38718e-05 0.0161418 0.0213448 0.841941 
7.94337e-05 0.0891098 0.0258989 0.0198518 0.309557 0.101595 0.000503284 0.00107378 0.0237242 0.428606 
0.000186117 0.0922552 0.00973676 0.120857 0.0401286 0.18637 0.00527982 0.00539866 0.0243629 0.515425 
0.00028677 1.28788e-05 0.00419382 6.18581e-05 0.0468634 0.000142795 4.88311e-09 0.000642005 0.115226 0.832571 
5.59287e-07 0.000138742 0.000127279 0.00116035 0.173649 0.010548 6.35464e-07 0.000267786 0.00115557 0.812952 
1.03996e-05 3.90123e-05 5.91896e-05 0.0103481 0.0689222 0.0856051 4.09469e-05 7.96777e-05 0.202399 0.632497 
3.7026e-05 0.0359715 0.00472897 0.00656799 0.322239 0.0135692 0.00168093 0.000424612 0.0477695 0.567012 
3.76003e-05 0.020356 0.000771526 0.0199625 0.0229792 0.00654932 0.000574704 0.00531623 0.00680523 0.916648 
0.000891248 0.0130292 0.00651397 0.00121802 0.340326 0.0270113 1.34062e-05 0.00125133 0.111733 0.498013 
1.44193e-05 0.00108523 1.51391e-06 0.0056399 0.249781 0.0161648 0.000115563 0.0149848 0.0457453 0.666468 
0.000891248 0.0130292 0.00651397 0.00121802 0.340326 0.0270113 1.34062e-05 0.00125133 0.111733 0.498013 
0.000253698 0.0187657 0.00262276 0.07652 0.251353 0.136839 0.000496018 0.00456531 0.198099 0.310485 
9.008e-07 0.000178608 0.0309309 0.00126135 0.0123946 0.0146644 9.87346e-06 0.000777893 0.00437246 0.935409 
2.24884e-05 6.36416e-10 2.24894e-06 0.000180456 0.0495067 0.0805067 3.66756e-07 6.17319e-05 0.0140434 0.855676 
4.40756e-06 0.00138973 0.289693 0.213798 0.0512791 0.0285849 2.28904e-06 0.000843886 0.000297419 0.414108 
0.000205617 0.00190155 0.0147709 0.00151171 0.30418 0.0222082 2.12035e-05 0.000315363 0.0885803 0.566305 
0.000222983 0.019834 0.0235283 0.0260793 0.224162 0.201263 0.00175583 0.00391752 0.061829 0.437408 
9.09199e-05 0.0154474 0.0100918 0.00717313 0.0499621 0.150275 7.5979e-05 0.00273354 0.108825 0.655326 
0.000343532 0.270695 0.00504022 0.0210045 0.0780906 0.233757 0.000265758 0.00314155 0.115959 0.271703 
0.000102627 0.0502538 0.0216326 0.0376051 0.246513 0.0715434 0.0109599 0.0185232 0.204503 0.338363 
0.000299573 0.00149079 0.0170888 0.000774261 0.305536 0.00143241 1.82082e-05 0.00168065 0.0290038 0.642676 
0.00342351 0.000147328 0.00025566 0.00015086 0.00536359 0.00173895 2.6477e-05 0.000758632 0.00734367 0.980791 
0.00129697 0.0271841 0.275721 0.0168062 0.116276 0.0644613 8.09754e-05 0.0397586 0.00494234 0.453473 
4.4779e-05 0.0410791 0.0031164 0.00352895 0.0608673 0.0545635 6.18847e-05 0.00255927 0.0279648 0.806214 
0.00756202 0.0619059 0.0330152 0.0237319 0.236015 0.0578087 0.00469336 0.00956818 0.0247888 0.540911 
0.000689619 0.0486272 0.00369711 0.0132888 0.27482 0.0728608 0.0146443 0.00354042 0.210218 0.357614 
6.69258e-05 0.100091 0.0231432 0.0365526 0.11462 0.225895 0.0162522 0.134192 0.0491946 0.299993 
2.30609e-06 0.00309838 0.291405 0.0725911 0.0488336 0.015011 2.58553e-05 0.0523131 0.000402136 0.516318 
0.000165247 0.00758157 0.0378984 0.00857603 0.2745 0.185484 1.29052e-05 0.00154232 0.0288568 0.455383 
7.81131e-08 1.83008e-05 3.09358e-06 0.00103585 0.40244 0.0263644 2.10483e-08 0.00415939 0.000399984 0.565579 
0.000292458 0.0056725 0.00264075 0.0205887 0.262473 0.0505563 0.0138905 0.0128516 0.206958 0.424077 
0.000122397 0.00618876 0.0202945 0.000129904 0.103406 0.00995475 0.00014447 0.00163716 0.0155346 0.842587 
0.000593034 0.00362924 0.0174291 0.00186633 0.371675 0.0625662 0.00039299 0.000101408 0.155491 0.386256 
1.66863e-06 0.00260203 0.00121559 0.0249693 0.0146245 0.0363141 2.51295e-05 0.00113357 0.00413739 0.914977 
1.77636e-07 0.341665 6.80577e-05 0.00157362 0.0105595 0.00230708 0.0001409 0.00402362 6.45577e-05 0.639597 
3.29049e-07 0.000428511 0.036473 0.00764807 0.153759 0.0554176 1.58566e-07 0.086477 0.101696 0.5581 
0.000288994 0.000252727 3.83088e-05 0.0473209 0.237618 0.0700229 9.7396e-05 0.000785296 0.146318 0.497257 
0.00117306 0.0326198 0.0389499 0.0148036 0.112814 0.107087 0.00212705 0.0235633 0.020838 0.646025 
1.92691e-05 0.000382354 0.00517357 0.0206406 0.06191 0.0531379 3.72954e-05 0.000289746 0.10503 0.753379 
2.4071e-05 0.170184 0.00605251 0.0368256 0.0591017 0.0479062 0.000199512 0.00983752 0.00762771 0.662241 
1.33638e-05 0.00155177 0.00963678 0.00919659 0.0919275 0.329082 7.46164e-05 0.00739551 0.101297 0.449825 
9.24182e-08 0.0152916 0.0010946 0.0021832 0.0940917 0.0181536 2.87183e-05 0.00602247 0.026514 0.83662 
9.34207e-07 0.0377413 0.0248886 0.00101902 0.434564 0.0428473 6.75423e-05 0.000217213 0.00136713 0.457287 
3.43813e-05 0.0123216 0.00263336 0.00583337 0.14763 0.0199747 1.63636e-05 0.00739831 0.0107674 0.79339 
0.000133235 0.0135379 0.0350118 0.0225372 0.240176 0.116952 0.0080203 0.0278679 0.105816 0.429948 
1.63578e-06 0.453223 0.000997527 0.020191 0.0169309 0.0238588 0.000837472 0.012216 0.00410406 0.46764 
9.01628e-07 0.00767087 0.0057761 9.02427e-07 0.247022 0.0459386 9.02318e-07 0.00388006 0.0608269 0.628883 
1.5281e-05 0.0261982 0.000455176 0.0187433 0.0140088 0.02222 2.3092e-05 0.00140937 0.00597644 0.91095 
1.50396e-06 0.0100368 0.0546676 0.0100247 0.353663 0.0132096 0.000515631 0.00549405 0.00638876 0.545999 
0.000372222 0.00737798 0.321456 0.0156457 0.126401 0.0190563 0.00055974 0.0006889 0.0140935 0.494349 
1.52274e-05 0.00202869 0.000350015 0.00870321 0.0257075 0.0172255 1.75467e-05 0.00231025 0.00468598 0.938956 
4.377e-06 0.347953 0.019172 0.0424727 0.0370801 0.0376692 0.0078371 0.0876653 0.00327702 0.416869 
5.72351e-06 0.000727754 0.000210472 0.0444395 0.173289 0.0356481 2.15225e-06 0.00162905 0.00791216 0.736136 
2.00331e-06 0.00921117 0.107308 0.0244928 0.0177788 0.15791 2.88594e-05 0.00136303 0.010024 0.671881 
2.57209e-05 0.00279242 0.000851316 0.00213747 0.14662 0.233452 0.00519193 0.00286854 0.288926 0.317134 
2.65845e-06 0.00684476 0.0415938 0.00703614 0.127539 0.0375777 4.75248e-05 0.00292641 0.046274 0.730158 
3.98347e-09 0.00146639 0.0346297 0.000462677 0.15828 0.03251 9.15911e-05 0.00318898 0.00204321 0.767328 
6.99841e-07 0.00604223 0.173262 0.000187769 0.0218344 0.00382953 1.92989e-05 0.00118125 0.0896494 0.703993 
7.63286e-06 0.0521054 0.00757654 0.0206651 0.126765 0.0476459 1.21222e-05 0.00227081 0.00260767 0.740344 
6.92871e-07 0.0156049 0.0294233 0.0172918 0.37548 0.0544967 2.47051e-05 0.0078953 0.0257964 0.473986 
1.63578e-06 0.453223 0.000997527 0.020191 0.0169309 0.0238588 0.000837472 0.012216 0.00410406 0.46764 
2.30609e-06 0.00309838 0.291405 0.0725911 0.0488336 0.015011 2.58553e-05 0.0523131 0.000402136 0.516318 
3.40196e-06 0.00395802 0.000370313 0.0350511 0.00547295 0.0447705 4.99549e-05 0.00225058 0.00285335 0.90522 
0.000111274 0.320771 0.0080608 0.0015264 0.216693 0.0271514 0.0018534 0.000815891 0.0328154 0.390201 
4.30343e-05 0.047582 0.0449244 0.00598297 0.281868 0.0382198 0.000147993 0.0245239 0.0515989 0.505109 
0.000303121 0.00895551 0.00791514 0.0365252 0.0644062 0.0407297 0.00015341 0.00364247 0.0391682 0.798201 
2.44652e-05 0.00240104 0.00160697 0.0144871 0.187824 0.242307 0.000147192 0.0218319 0.255989 0.273382 
0.000238151 0.0570716 0.0246796 0.00028338 0.211124 0.127467 3.69536e-05 0.00480092 0.060609 0.513689 
0.000103669 0.00297944 0.00558508 0.010981 0.12223 0.0275523 9.0092e-05 0.00172078 0.0359335 0.792824 
2.30609e-06 0.00309838 0.291405 0.0725911 0.0488336 0.015011 2.58553e-05 0.0523131 0.000402136 0.516318 
3.40196e-06 0.00395802 0.000370313 0.0350511 0.00547295 0.0447705 4.99549e-05 0.00225058 0.00285335 0.90522 
5.29723e-06 0.0328153 2.16013e-05 0.00260504 0.129351 0.0477877 0.000587838 0.00678558 0.262133 0.517908 
8.77873e-11 1.35053e-06 1.28704e-07 0.046202 0.0325165 0.351179 2.36551e-11 4.09425e-11 0.0311149 0.538987 
0.000131169 0.0120477 0.0016796 0.00399903 0.349597 0.11896 0.000344089 0.00409188 0.0916396 0.41751 
4.59015e-06 0.0682639 0.0170186 0.106293 0.135722 0.122776 0.00195941 0.000967098 0.0524441 0.494552 
0.000154985 0.0044328 0.059193 0.00601548 0.180759 0.0121691 3.04988e-05 0.00723977 0.0255363 0.704469 
0.000923233 0.0311136 0.0089371 0.000340591 0.220976 0.011946 0.000152138 0.00199437 0.0863596 0.637257 
1.30593e-05 0.00194552 0.0586403 0.00247668 0.253695 0.0505943 0.000170655 0.0658182 0.223915 0.342731 
3.19433e-06 0.000474953 0.000605517 0.00770157 0.0277164 0.0461394 5.53701e-07 0.00154406 0.00570623 0.910108 
7.2075e-06 0.0140046 0.00400062 0.00753904 0.113339 0.0948097 2.85193e-05 0.00713395 0.0275797 0.731558 
4.80189e-05 0.00680573 0.00361488 0.00451225 0.150182 0.14976 0.000172186 0.00699133 0.119459 0.558454 
0.000191208 0.048703 0.0408773 0.0126277 0.216771 0.102844 0.00763439 0.00121341 0.22927 0.339868 
3.19386e-05 0.00401625 0.0317081 0.00277395 0.195694 0.0301658 1.55488e-05 0.00304181 0.00511691 0.727435 
2.14764e-06 0.0116866 0.0235236 0.000246171 0.261201 0.00545217 7.36003e-06 0.000400563 0.00070666 0.696774 
1.82959e-05 0.00932998 0.0235978 0.0034844 0.0610234 0.265831 4.34408e-07 0.00159043 0.190767 0.444357 
0.000489585 3.72149e-05 0.142501 3.65049e-05 0.0622703 0.000164189 4.59647e-06 0.00174349 0.0524525 0.740301 
5.05781e-09 2.01453e-08 2.80227e-09 1.79513e-06 0.0876968 0.146665 8.21046e-09 0.00104162 0.0895033 0.675091 
6.39293e-07 0.0176569 0.0928531 0.0283466 0.255386 0.0653926 1.9228e-05 0.0869492 0.0142184 0.439178 
4.98535e-06 0.0104705 0.00137393 0.0137357 0.0743649 0.0982573 0.000318683 0.332808 0.0574377 0.411228 
1.7024e-06 0.226484 0.0111142 0.010323 0.18568 0.0246132 0.00381478 0.000714446 0.0443827 0.492872 
1.41287e-05 0.0152799 0.000583751 0.0225973 0.0545639 0.0263083 4.46134e-05 0.00245958 0.0142875 0.863861 
0.000331222 0.0239729 0.365991 0.000756357 0.0745862 0.0578995 0.00115982 0.00088195 0.074896 0.399525 
3.41868e-09 0.110497 0.0213594 0.0654023 0.041639 0.174534 4.94608e-05 0.00068006 0.101307 0.484531 
0.000103477 0.00217621 0.0611966 0.0080472 0.321277 0.035765 6.73798e-05 0.00205713 0.0252449 0.544065 
6.8775e-06 0.0182512 0.0056371 0.00100093 0.139359 0.271825 0.000589953 0.0450467 0.125473 0.392809 
5.25729e-05 0.0173182 0.0135628 0.0308292 0.159545 0.0136346 9.55816e-05 0.0314045 0.0450722 0.688485 
0.000416501 0.00241256 0.0208159 0.00379464 0.275608 0.111483 0.000337899 0.0133425 0.0278881 0.543901 
0.000178293 9.70322e-05 3.87528e-05 0.0170518 0.0748375 0.107477 5.13207e-05 6.24009e-05 0.368291 0.431914 
1.35159e-06 0.00902112 0.00367331 0.0916364 0.0350574 0.0308206 3.2547e-05 0.000268667 0.0116212 0.817867 
3.64185e-06 0.0394567 0.0132742 0.0205547 0.278985 0.0632213 5.55798e-06 0.0913017 0.016576 0.476621 
1.08034e-07 0.0263433 0.0753496 0.0375432 0.176225 0.0634276 0.000345332 0.0446904 0.128407 0.447669 
2.30609e-06 0.00309838 0.291405 0.0725911 0.0488336 0.015011 2.58553e-05 0.0523131 0.000402136 0.516318 
2.19671e-06 0.195988 0.00371222 0.000156845 0.0480049 0.0427114 0.000566071 0.00715642 0.0214256 0.680277 
1.0173e-07 0.0448265 0.0272305 0.000366444 0.320695 0.0627122 0.000193036 0.0222398 0.118655 0.403081 
1.39646e-05 0.007055 0.0556111 0.00071121 0.0822517 0.0365447 0.00824751 0.0135386 0.00135317 0.794673 
0.000308185 0.000183864 0.0264633 4.25045e-05 0.332108 0.000762509 0.000183115 0.000206663 0.00519892 0.634543 
2.50045e-05 0.0126351 0.00201506 0.0481983 0.11814 0.301713 0.0532754 0.000515753 0.073656 0.389826 
0.000171837 0.144182 0.0559504 0.00727336 0.27423 0.0583639 0.00415925 0.0104418 0.0440657 0.401162 
3.98889e-06 0.00436378 0.056704 0.0038362 0.302665 0.0250235 3.81874e-06 6.75599e-05 0.0658762 0.541456 
0.0643157 0.00916833 0.0216958 0.0230774 0.345875 0.0757474 0.000393692 0.0647474 0.0124053 0.382574 
0.000101151 0.0201 0.013514 0.0158577 0.284833 0.102442 0.000124793 0.0077212 0.187591 0.367715 
4.18993e-06 0.00330093 0.00637784 0.00627872 0.137478 0.0824164 0.0156586 0.00149051 0.0820627 0.664932 
0.000417506 0.0119596 0.0660874 0.00200774 0.127164 0.0453141 0.0495031 0.000582152 0.0513408 0.645624 
1.41287e-05 0.0152799 0.000583751 0.0225973 0.0545639 0.0263083 4.46134e-05 0.00245958 0.0142875 0.863861 
0.000181761 0.0688943 0.00230921 0.00581494 0.00948151 0.10336 0.000141806 0.000636936 0.0296788 0.7795 
6.45025e-05 0.0457353 0.00573434 0.041496 0.147343 0.0777629 0.000895623 0.0157067 0.177181 0.488081 
1.56675e-05 0.00174852 8.43716e-06 0.00759344 0.102869 0.073573 6.46459e-06 4.3309e-05 0.282019 0.532123 
3.71279e-05 0.0100448 0.0117108 0.0277211 0.288832 0.0776729 0.00176582 0.00136578 0.0164727 0.564377 
5.25703e-07 0.0724919 0.000598473 0.000448054 0.0632886 0.161295 8.66933e-06 0.000398165 0.0409693 0.660501 
1.61311e-05 0.00369152 0.384483 0.00804047 0.0876096 0.0710539 3.1247e-05 0.026007 0.00387582 0.415191 
0.000987422 0.0258596 0.0924933 0.0101764 0.14953 0.0122026 0.000373616 0.00625924 0.112189 0.589928 
2.51452e-05 0.075399 0.219725 0.00990913 0.227743 0.044599 0.000564522 0.0350664 0.0122494 0.37472 
8.42814e-07 0.00237328 0.0664492 0.00685031 0.0771515 0.110233 0.00374154 0.00367449 0.0137563 0.71577 
7.89843e-05 0.0249797 0.0271858 0.0155705 0.256192 0.0997438 2.23317e-05 0.00170346 0.0154476 0.559076 
6.49783e-08 0.00402153 0.0498603 0.00931006 0.067245 0.11956 0.000199269 0.165483 0.251679 0.332641 
1.52209e-05 0.0049824 0.0187139 0.0854758 0.157538 0.0458941 9.30834e-05 0.0711252 0.16195 0.454212 
1.82003e-05 0.00677617 0.148393 0.0274708 0.0759868 0.0412536 2.52038e-05 0.000847129 0.0123107 0.686918 
0.000102624 0.00833639 0.0107565 0.0330859 0.373866 0.0224204 0.00338276 0.00796979 0.0502587 0.489821 
9.24284e-05 0.000783004 0.0125604 6.00099e-05 0.306293 0.0882962 2.33082e-06 0.00095749 0.00527205 0.585684 
0.00041746 0.0893461 0.0100187 0.0317806 0.249425 0.0130175 0.000256428 0.00399461 0.0702471 0.531496 
0.000398314 0.0105603 0.00607744 0.035406 0.262981 0.141185 0.000231723 0.0456981 0.195634 0.301828 
7.26493e-05 0.0327076 0.00332734 0.0257829 0.326202 0.0536563 0.0010852 0.000580777 0.0349204 0.521665 
2.30609e-06 0.00309838 0.291405 0.0725911 0.0488336 0.015011 2.58553e-05 0.0523131 0.000402136 0.516318 
4.37951e-05 0.106348 0.00700915 0.000152251 0.194125 0.0361337 0.000512737 0.00422856 0.184724 0.466722 
0.00341047 0.0145165 0.00500671 0.0167394 0.236404 0.278817 0.000404473 0.00124687 0.15741 0.286045 
0.000105897 0.00696333 0.00873193 0.0153579 0.0916416 0.304219 3.74526e-05 0.000278512 0.0420961 0.530569 
3.43543e-06 0.000806669 0.00521685 0.000213824 0.10432 0.016419 7.94756e-05 0.00507931 0.0255102 0.842351 
5.74667e-07 5.23066e-05 0.00181381 0.0294995 0.383888 0.0380203 7.50161e-06 0.000164489 0.0151248 0.531429 
1.29968e-11 0.0319658 0.000403093 5.39055e-05 0.0169787 0.0541211 0.0722475 0.000380163 0.00124936 0.8226 
0.000635458 0.0116207 0.0372761 0.0111253 0.098802 0.0718797 0.00374042 0.0119992 0.0537928 0.699128 
7.44596e-06 4.96457e-05 0.0136921 0.0720237 0.0130719 0.108833 3.80035e-05 1.74165e-05 0.155824 0.636443 
0.000131169 0.0120477 0.0016796 0.00399903 0.349597 0.11896 0.000344089 0.00409188 0.0916396 0.41751 
0.0999227 0.100003 0.100006 0.100011 0.100022 0.100021 0.0999992 0.0999782 0.100015 0.100023 
4.4191e-05 0.271261 0.00333379 0.0194963 0.0440455 0.0440362 0.000675376 0.0272875 0.0192128 0.570607 
1.88079e-07 0.0501362 0.0319485 0.00597555 0.273119 0.0819438 0.000238385 0.008643 0.0610544 0.486941 
0.000102518 0.258955 0.00297618 0.0203579 0.079557 0.060771 0.00411251 0.183895 0.0149652 0.374308 
0.000210929 0.026469 0.0129201 0.0369116 0.290287 0.0645621 0.00192561 0.0135403 0.0236945 0.529478 
0.000403453 0.0110698 0.0116592 0.0496442 0.39014 0.0672763 0.0109045 0.00276947 0.0355221 0.420611 
7.08022e-05 0.0116736 0.000194935 0.00454908 0.07143 0.254871 0.000111767 4.60792e-05 0.195442 0.461611 
2.30609e-06 0.00309838 0.291405 0.0725911 0.0488336 0.015011 2.58553e-05 0.0523131 0.000402136 0.516318 
0.000196376 0.0724356 0.00857779 0.000198608 0.0781085 0.239948 0.000101798 0.0032038 0.0435155 0.553714 
2.26882e-06 0.00843372 0.00060073 0.00218312 0.289818 0.0563908 1.90695e-05 0.00427261 0.0526581 0.585622 
0.000131169 0.0120477 0.0016796 0.00399903 0.349597 0.11896 0.000344089 0.00409188 0.0916396 0.41751 
5.15839e-07 0.0230323 0.00288459 0.00539265 0.151283 0.103661 8.9304e-05 0.000595407 0.00638887 0.706672 
0.0279169 0.0194251 0.00560851 0.0198965 0.13933 0.0143473 0.0015868 0.000270954 0.249231 0.522386 
1.87536e-06 0.0901496 0.00545464 0.000384722 0.0831771 0.00743788 7.59039e-05 0.0015007 0.00948671 0.802331 
3.41868e-09 0.110497 0.0213594 0.0654023 0.041639 0.174534 4.94608e-05 0.00068006 0.101307 0.484531 
1.72296e-05 0.00117604 0.218195 0.000405138 0.21618 0.140289 8.34828e-06 0.000155907 0.0122526 0.411321 
0.000891248 0.0130292 0.00651397 0.00121802 0.340326 0.0270113 1.34062e-05 0.00125133 0.111733 0.498013 
0.000682101 0.0332037 0.218995 0.00949632 0.327017 0.0423296 0.00443872 0.00141763 0.0326849 0.329735 
9.84391e-05 0.041755 0.00278401 0.0213033 0.132796 0.0819814 0.00348736 0.100775 0.120207 0.494812 
0.000117022 0.353233 0.00975367 0.00900183 0.144095 0.00678503 0.0250351 0.00181761 0.0117488 0.438414 
0.000257129 0.0619108 0.00327716 0.0213833 0.0941556 0.0372064 0.000111077 0.155735 0.17384 0.452124 
2.46167e-07 0.00486368 0.160764 6.06334e-08 0.186919 0.00324998 7.52349e-08 1.8158e-07 0.0407029 0.6035 
0.000323789 0.0553258 0.00306285 0.010325 0.0451104 0.0490993 0.000329965 0.00158159 0.0883676 0.746474 
0.000724683 0.0256863 0.0242581 0.0150326 0.131012 0.252592 0.00533651 0.118167 0.132313 0.294877 
0.000278648 0.0184547 0.00207354 0.0129596 0.088755 0.0222666 0.00020243 0.00178551 0.0835069 0.769717 
0.001484 0.114118 0.00463106 0.00895876 0.0802204 0.00954041 0.000263206 0.0162018 0.0152127 0.74937 
5.19204e-05 0.0144095 0.00360416 0.00858189 0.0639421 0.0281728 4.9618e-05 0.0139658 0.0107751 0.856447 
7.38302e-07 0.00591577 0.0420088 0.139666 0.0949472 0.0107017 1.44584e-05 0.00192475 0.0251509 0.67967 
0.0012261 0.0286278 0.0220341 0.0142394 0.210413 0.0462231 0.000101377 0.00127194 0.0815854 0.594278 
2.12533e-05 0.0769163 0.00448036 0.0334716 0.120363 0.167761 0.000388336 0.00834482 0.256491 0.331762 
2.59883e-05 0.0430714 0.00677991 0.00868278 0.33181 0.031962 0.000178207 0.00300298 0.023043 0.551444 
4.90625e-07 0.0154169 0.00162184 0.0527353 0.357407 0.0861429 0.0210637 0.00511033 0.0352302 0.425272 
0.000418504 0.147645 0.00258202 0.0443355 0.247912 0.234963 0.00123199 0.00423172 0.0139441 0.302737 
3.8011e-05 0.0128461 0.0164322 0.0026547 0.39623 0.0577767 0.000101406 0.00156413 0.0245834 0.487774 
0.000202975 0.00811442 0.0162336 0.0497082 0.378765 0.0479793 0.000130554 0.0197949 0.0286835 0.450388 
0.000313979 0.00624077 0.0347909 0.000551687 0.156704 0.00400044 5.32063e-05 0.000817397 0.038537 0.757991 
4.34713e-05 0.00938115 0.00697172 0.0525522 0.136163 0.0452879 1.88183e-05 0.000236782 0.0545686 0.694777 
9.7278e-06 0.0380871 0.00366269 0.0285237 0.0293911 0.0561456 8.45328e-05 0.012318 0.0552155 0.776562 
4.69819e-09 0.000488886 0.00523754 0.0303079 0.0747363 0.0726586 2.47523e-08 3.41328e-07 0.00164303 0.814927 
2.3459e-06 0.0272595 0.054688 0.00879621 0.112602 0.0628271 9.93004e-05 0.00336182 0.00807783 0.722286 
1.14357e-06 0.0145014 0.0104343 9.09399e-05 0.226748 0.29407 6.6364e-05 0.0047293 0.0198738 0.429485 
9.51996e-07 0.0035718 0.0349159 0.096979 0.0761972 0.380325 3.2489e-06 0.00664476 0.0201265 0.381235 
2.71371e-06 0.0150406 0.00766122 0.00304604 0.277083 0.0298582 3.51016e-05 0.00350638 0.0577604 0.606007 
8.27342e-05 0.0223353 0.033132 0.0180393 0.335073 0.074317 0.00209484 0.0105287 0.0349085 0.469489 
3.40196e-06 0.00395802 0.000370313 0.0350511 0.00547295 0.0447705 4.99549e-05 0.00225058 0.00285335 0.90522 
2.43647e-05 0.0181255 0.00162745 0.0118379 0.0494008 0.0367111 0.000570984 0.000349261 0.0354609 0.845892 
2.36398e-08 0.285464 0.00674437 0.00231182 0.0910469 0.0277519 0.0293907 0.0180785 0.247459 0.291753 
1.71986e-05 0.00326656 0.153672 0.0108361 0.328104 0.0590947 9.66579e-05 0.00743535 0.0403153 0.397163 
4.54631e-05 0.000487439 0.00312614 0.000775389 0.346464 0.146083 1.15549e-05 0.00165444 0.0668152 0.434537 
2.50757e-05 0.0230222 9.71126e-05 0.000272437 0.0259998 0.00311785 8.95071e-05 0.00688511 0.00730892 0.933182 
1.92691e-05 0.000382354 0.00517357 0.0206406 0.06191 0.0531379 3.72954e-05 0.000289746 0.10503 0.753379 
5.87718e-07 0.00763757 0.164981 0.00400017 0.154686 0.169182 0.000250315 0.00141458 0.0354101 0.462438 
1.85416e-07 1.18293e-05 2.9907e-13 0.012745 0.181937 0.0347079 4.8063e-09 0.000289713 0.0355128 0.734796 
4.71562e-06 0.00703195 0.000296106 0.00289323 0.0604211 0.0196946 3.03746e-05 0.00167805 0.0029207 0.905029 
0.000293767 0.0463122 0.00945098 0.01838 0.102586 0.0387025 0.00325173 0.00139412 0.011281 0.768347 
3.76003e-05 0.020356 0.000771526 0.0199625 0.0229792 0.00654932 0.000574704 0.00531623 0.00680523 0.916648 
1.19182e-06 0.00038486 0.000207722 0.0103184 0.014817 0.0390825 5.55696e-06 0.000337445 0.00120537 0.93364 
1.92691e-05 0.000382354 0.00517357 0.0206406 0.06191 0.0531379 3.72954e-05 0.000289746 0.10503 0.753379 
1.22503e-06 0.00507921 0.00726408 0.00358631 0.0754095 0.00894923 6.29155e-05 0.00204873 0.0130706 0.884528 
5.74335e-05 0.00380645 0.00340705 0.0124254 0.220569 0.126533 1.70101e-05 0.0130444 0.0393326 0.580808 
1.62153e-07 0.0491309 0.00147481 0.0304669 0.138953 0.0429855 0.00460914 0.143003 0.072976 0.5164 
0.000128319 0.119633 0.0447147 0.0228392 0.287242 0.065453 0.00192662 0.00734645 0.125767 0.324949 
3.3412e-05 0.00856589 0.0137834 0.0154613 0.150014 0.126641 4.22005e-05 0.00512155 0.0156791 0.664658 
1.96982e-05 0.00115471 0.000633943 0.0153201 0.0745366 0.236511 4.397e-05 5.39086e-05 0.324615 0.347112 
0.00033188 0.088693 0.00884813 0.00143886 0.246523 0.0993223 0.000198357 0.00927752 0.0764962 0.46887 
0.00024703 0.00343977 0.00737244 0.00658365 0.27258 0.150715 8.25777e-05 0.000615669 0.250391 0.307973 
7.34454e-06 0.00853716 0.0304552 0.0286696 0.330531 0.11124 0.000201705 0.0941067 0.0155575 0.380693 
0.00499679 0.0921397 0.0764284 0.0105117 0.0801151 0.0688878 0.0114287 0.00632573 0.25288 0.396286 
4.31861e-07 0.0217324 5.75016e-08 0.000300421 0.19556 0.0629386 6.12626e-06 0.00566787 0.0285864 0.685208 
5.96917e-07 0.00826753 0.00191237 6.21269e-06 0.116056 0.0313541 3.59458e-05 8.39829e-05 0.000311542 0.841971 
2.93965e-09 0.00285106 0.192843 0.000137997 0.0778723 0.0754427 7.92116e-10 3.64026e-06 0.0195889 0.63126 
3.08224e-06 0.035463 0.00691786 0.0369041 0.0806423 0.141665 0.00178303 0.0058291 0.0256607 0.665132 
6.13904e-07 0.0223722 0.0334377 0.00228228 0.0686707 0.0350388 6.31779e-05 0.00596121 0.00884026 0.823333 
2.40773e-05 0.000346504 0.00605214 0.0258006 0.0538959 0.0606925 4.66122e-05 0.000273626 0.115263 0.737605 
4.27159e-07 0.00477714 0.000422814 0.00565824 0.0107582 0.00461588 2.9203e-05 0.00213689 0.00145898 0.970142 
2.30609e-06 0.00309838 0.291405 0.0725911 0.0488336 0.015011 2.58553e-05 0.0523131 0.000402136 0.516318 
0.000127619 0.0747524 0.11166 0.0214753 0.215442 0.0691522 0.0141632 0.00670655 0.0301571 0.456364 
1.22875e-07 0.000257405 0.0245799 0.000744885 0.127011 0.0391593 3.31099e-08 0.000261633 0.000719211 0.807267 
3.98889e-06 0.00436378 0.056704 0.0038362 0.302665 0.0250235 3.81874e-06 6.75599e-05 0.0658762 0.541456 
7.92863e-07 0.0102287 0.000796299 0.00253713 0.127951 0.0155371 9.59956e-06 0.00426426 0.00909394 0.829582 
0.000272502 0.0235307 0.0387251 0.0136051 0.207955 0.121413 0.00339062 0.0125718 0.191748 0.386789 
0.000174674 0.0288352 0.0182816 0.00333441 0.181694 0.0219461 5.27762e-05 0.00497392 0.0446315 0.696076 
0.00170622 0.19892 0.113604 0.0291681 0.212685 0.0722266 0.00177029 0.00178948 0.0724707 0.295658 
5.10327e-05 0.00368608 0.0165429 0.193807 0.0739526 0.147029 5.20702e-05 0.00120099 0.0439118 0.519766 
0.00179307 0.00239641 0.0461367 0.00171936 0.318231 0.0271225 0.000331476 0.0380619 0.0827697 0.481437 
6.59173e-06 0.00302826 0.00633323 0.0385711 0.273373 0.0811972 3.01742e-06 0.000867159 0.0423787 0.554242 
5.19204e-05 0.0144095 0.00360416 0.00858189 0.0639421 0.0281728 4.9618e-05 0.0139658 0.0107751 0.856447 
0.000290581 0.00638907 0.00269553 0.017215 0.114641 0.0570138 2.12799e-05 0.27644 0.0881857 0.437107 
1.67608e-05 0.0113599 0.0313268 0.031035 0.0835974 0.224908 9.84243e-05 0.000632999 0.031108 0.585917 
1.43448e-06 0.000518602 7.0795e-05 0.0239897 0.129345 0.120352 0.000484954 0.0637039 0.234003 0.42753 
0.000594792 0.0131523 0.0828631 0.00343165 0.151336 0.0730722 0.00273318 0.000394593 0.307534 0.364889 
1.44935e-05 0.00290249 0.00139695 0.0249003 0.388346 0.0265165 1.72847e-05 0.000511849 0.0551095 0.500284 
7.48346e-06 0.0755614 0.00026219 0.00517094 0.0433093 0.0533807 0.00408742 0.000418521 0.00413842 0.813664 
0.000569497 0.0235427 0.0263455 0.00344393 0.0766626 0.0638547 5.47401e-05 0.0106242 0.117828 0.677074 
8.65738e-05 0.0782605 0.015826 0.00418905 0.284016 0.0260225 0.0981082 0.0227726 0.0361598 0.434558 
2.30609e-06 0.00309838 0.291405 0.0725911 0.0488336 0.015011 2.58553e-05 0.0523131 0.000402136 0.516318 
1.56891e-05 0.132251 0.0164597 0.0277218 0.12336 0.0614779 0.000423128 0.00472311 0.0794602 0.554107 
1.03278e-06 0.00277649 0.00211636 0.000698627 0.0666283 0.0258179 2.31945e-05 0.000727388 0.0081185 0.893092 
8.21779e-07 9.21716e-06 0.00225404 6.10732e-08 0.0116552 0.00246172 1.05274e-06 1.54028e-08 0.0111988 0.972419 
0.000833609 0.000231539 0.140981 0.00225594 0.154626 0.0266163 3.83088e-05 0.000190061 0.0597243 0.614502 
9.07521e-05 0.0250037 0.0130102 0.00814587 0.395016 0.0329807 0.000221553 0.00248083 0.0556253 0.467425 
0.000155615 0.0122892 0.000603385 0.0245483 0.141223 0.0689319 7.39992e-05 0.00151787 0.042964 0.707693 
7.8128e-12 0.0360875 3.01392e-08 4.7664e-05 0.019414 0.0275947 0.000706445 0.000300695 0.000777598 0.915071 
0.000310361 0.134364 0.00126999 0.0107428 0.163525 0.0807964 0.00627146 0.00316095 0.194597 0.404962 
2.30609e-06 0.00309838 0.291405 0.0725911 0.0488336 0.015011 2.58553e-05 0.0523131 0.000402136 0.516318 
1.5281e-05 0.0261982 0.000455176 0.0187433 0.0140088 0.02222 2.3092e-05 0.00140937 0.00597644 0.91095 
1.57015e-05 0.0100271 0.00100054 0.000580892 0.406234 0.0662104 8.58374e-06 0.00259968 0.0373874 0.475936 
2.30609e-06 0.00309838 0.291405 0.0725911 0.0488336 0.015011 2.58553e-05 0.0523131 0.000402136 0.516318 
7.59623e-05 0.0221254 0.00730336 0.00436862 0.0452392 0.0107598 5.72151e-05 0.010302 0.00712689 0.892642 
0.000936257 0.00474937 0.0147996 0.0197009 0.384389 0.0148764 7.21892e-05 0.00139294 0.0422419 0.516841 
2.30609e-06 0.00309838 0.291405 0.0725911 0.0488336 0.015011 2.58553e-05 0.0523131 0.000402136 0.516318 
1.18301e-05 0.0175074 0.00895556 0.0241224 0.365451 0.0407628 1.40014e-05 0.00168299 0.0128413 0.528651 
2.30609e-06 0.00309838 0.291405 0.0725911 0.0488336 0.015011 2.58553e-05 0.0523131 0.000402136 0.516318 
1.5281e-05 0.0261982 0.000455176 0.0187433 0.0140088 0.02222 2.3092e-05 0.00140937 0.00597644 0.91095 
0.000210923 0.0198048 0.0127117 0.0367924 0.15637 0.260259 0.000192097 0.0168394 0.122908 0.373911 
3.10843e-05 0.00951311 0.0312031 0.0425453 0.249083 0.0677018 0.00833906 0.00205118 0.111111 0.478421 
5.59221e-05 0.00535231 0.020579 0.0449687 0.147917 0.199394 5.2454e-05 0.00250372 0.10702 0.472157 
7.8128e-12 0.0360875 3.01392e-08 4.7664e-05 0.019414 0.0275947 0.000706445 0.000300695 0.000777598 0.915071 
2.30609e-06 0.00309838 0.291405 0.0725911 0.0488336 0.015011 2.58553e-05 0.0523131 0.000402136 0.516318 
6.36559e-05 0.0209902 0.00208592 0.0401909 0.0202657 0.00467286 0.000554431 0.00512896 0.0067954 0.899252 
4.09935e-06 0.013656 0.000318342 0.0161955 0.00885282 0.0529224 9.096e-05 0.00258056 0.00223841 0.903141 
0.000164997 0.0443661 0.0530741 0.0926881 0.116672 0.0474414 0.000151163 0.0377858 0.0445937 0.563063 
0.000300605 0.0469417 0.00252968 0.036948 0.184199 0.343454 0.00448762 0.000545126 0.0163115 0.364282 
1.62153e-07 0.0491309 0.00147481 0.0304669 0.138953 0.0429855 0.00460914 0.143003 0.072976 0.5164 
1.77262e-05 0.0796273 0.0315172 0.00132291 0.0761838 0.0307272 6.60205e-05 0.00396953 0.00519488 0.771373 
1.25726e-05 0.0109445 0.00682569 0.018291 0.108245 0.0570741 0.00112528 0.000548769 0.054703 0.74223 
1.63578e-06 0.453223 0.000997527 0.020191 0.0169309 0.0238588 0.000837472 0.012216 0.00410406 0.46764 
2.48016e-05 0.00145818 0.000837838 0.00955313 0.1603 0.0731167 3.77494e-05 0.00140249 0.078913 0.674356 
3.79452e-05 0.0222706 0.0139976 0.0110107 0.0764668 0.0226841 5.21912e-05 0.0074713 0.00792139 0.838087 
8.7268e-05 0.00801057 0.00180429 0.0214689 0.0838519 0.184681 6.17528e-05 0.0107564 0.146548 0.54273 
1.30421e-05 0.386179 0.00914189 0.080516 0.0308231 0.0524013 0.000462233 0.0126348 0.00465427 0.423174 
1.92691e-05 0.000382354 0.00517357 0.0206406 0.06191 0.0531379 3.72954e-05 0.000289746 0.10503 0.753379 
8.96703e-05 0.000855622 0.00113074 0.0041498 0.201889 0.014841 1.20646e-05 6.08281e-05 0.013621 0.763351 
5.91125e-09 0.0249103 0.0254029 0.000623562 0.157377 0.053674 8.44959e-05 0.00140792 0.00155927 0.734961 
0.00110106 0.118224 0.0208862 0.0134076 0.172966 0.173293 0.0212774 0.00618015 0.172865 0.2998 
2.41794e-05 0.0995471 0.00474819 0.00230262 0.238307 0.227859 0.0153543 0.00435337 0.0305989 0.376906 
