0.333651 0.0343998 0.0307896 0.0171396 0.000423833 0.00232708 0.0339652 0.330147 0.107057 0.1101 
0.500492 0.035391 0.0150768 0.0795937 8.72827e-05 8.83812e-06 0.0102015 0.210129 0.130892 0.0181272 
0.275027 0.0288735 0.106508 0.0136721 0.00365364 0.00618369 0.178289 0.153806 0.0997044 0.134282 
0.452783 0.0359928 0.0239865 0.0167155 0.000525659 0.00612255 0.0114793 0.245272 0.141124 0.0659989 
0.509776 0.0578621 0.00531463 0.036118 0.0153313 0.000917985 0.0557671 0.213347 0.0795426 0.0260232 
0.543109 0.00955288 0.0172583 0.0054725 0.000107118 0.00177327 0.188583 0.169214 0.0624421 0.00248833 
0.7943 0.0484033 0.00122465 0.0125203 0.000162163 3.23798e-05 0.00769801 0.0699251 0.0625059 0.00322841 
0.47096 0.0667496 0.00475205 0.0107124 6.88251e-05 0.000156449 0.0726982 0.250113 0.114508 0.00928073 
0.29614 0.179809 0.000978673 0.242852 1.22603e-06 5.55942e-05 0.00303342 0.0619644 0.199324 0.0158412 
0.562091 0.0158681 0.0424367 0.0542053 0.000354494 0.0007372 0.00210327 0.11418 0.200199 0.00782534 
0.584455 0.0234056 0.00804504 0.00774216 1.10105e-05 0.00396963 0.0213183 0.152348 0.00355619 0.195149 
0.631711 0.00715293 0.0104983 0.00148734 1.62889e-05 2.65323e-05 0.0125458 0.115302 0.189553 0.0317074 
0.562091 0.0158681 0.0424367 0.0542053 0.000354494 0.0007372 0.00210327 0.11418 0.200199 0.00782534 
0.310497 0.136254 0.219703 0.107018 0.0129029 0.00166873 0.0608512 0.0448201 0.0411142 0.0651709 
0.372579 0.0108261 0.0104131 0.0058071 0.00010111 0.00300714 0.0362829 0.278865 0.208277 0.073841 
0.372579 0.0108261 0.0104131 0.0058071 0.00010111 0.00300714 0.0362829 0.278865 0.208277 0.073841 
0.296523 0.0968243 0.000967721 0.0471751 0.000136064 0.000480705 0.206585 0.162831 0.115808 0.0726685 
0.562091 0.0158681 0.0424367 0.0542053 0.000354494 0.0007372 0.00210327 0.11418 0.200199 0.00782534 
0.513657 0.0909542 0.0109756 0.00895659 0.000147735 0.00267458 0.187355 0.153073 0.0264628 0.00574342 
0.340058 0.0376503 0.01865 0.102624 0.00144752 2.66697e-05 0.037253 0.112459 0.263676 0.0861547 
0.77242 0.00160106 0.00184419 0.000234919 0.000803977 2.39575e-06 0.00274857 0.0710244 0.135989 0.0133317 
0.968157 1.2197e-06 0.000367066 1.21963e-06 1.21888e-06 0.00109879 0.0259789 0.00439222 1.2197e-06 1.21963e-06 
0.52163 0.0611997 0.0130274 0.0186142 0.000146784 0.0019148 0.0548419 0.231844 0.0815892 0.0151913 
0.500082 0.0796569 0.000291164 0.0250946 2.46786e-05 8.32032e-05 0.074822 0.258858 0.0487941 0.0122941 
0.562091 0.0158681 0.0424367 0.0542053 0.000354494 0.0007372 0.00210327 0.11418 0.200199 0.00782534 
0.562091 0.0158681 0.0424367 0.0542053 0.000354494 0.0007372 0.00210327 0.11418 0.200199 0.00782534 
0.468966 0.0212027 0.00496893 0.134627 0.0012177 0.000377569 0.00505507 0.186211 0.171798 0.00557596 
0.43069 0.021161 0.0137553 0.00379844 0.000171544 0.00557545 0.0272675 0.208253 0.116649 0.172678 
0.372579 0.0108261 0.0104131 0.0058071 0.00010111 0.00300714 0.0362829 0.278865 0.208277 0.073841 
0.562091 0.0158681 0.0424367 0.0542053 0.000354494 0.0007372 0.00210327 0.11418 0.200199 0.00782534 
0.562091 0.0158681 0.0424367 0.0542053 0.000354494 0.0007372 0.00210327 0.11418 0.200199 0.00782534 
0.519829 0.103536 0.00112126 0.00312283 0.000339759 3.91341e-05 0.122643 0.0945587 0.12877 0.0260412 
0.84375 0.0133326 6.18438e-07 0.00129352 2.07176e-06 0.00211477 0.106857 0.0136763 0.018973 6.83371e-07 
0.48287 0.00257231 0.00346623 0.0977636 1.28848e-05 1.72444e-05 3.66459e-05 0.227806 0.162196 0.0232597 
0.606834 0.0188895 0.00283909 0.00246773 2.31413e-05 0.000680132 0.00117796 0.274268 0.0663672 0.0264538 
0.39395 0.0812264 0.00199069 0.0113351 0.000351821 0.000712465 0.187152 0.167783 0.0342473 0.121251 
0.367021 0.0505798 0.0111707 0.0886184 0.000199998 0.00663023 0.0182033 0.198414 0.247361 0.0118019 
0.416363 0.0743626 0.00602142 0.0165998 3.71915e-05 0.000196924 0.0284097 0.327219 0.0628464 0.0679435 
0.562091 0.0158681 0.0424367 0.0542053 0.000354494 0.0007372 0.00210327 0.11418 0.200199 0.00782534 
0.84375 0.0133326 6.18438e-07 0.00129352 2.07176e-06 0.00211477 0.106857 0.0136763 0.018973 6.83371e-07 
0.488212 0.0898993 0.0021233 0.00894423 0.000451198 2.51192e-05 0.0140059 0.0564371 0.129318 0.210584 
0.562091 0.0158681 0.0424367 0.0542053 0.000354494 0.0007372 0.00210327 0.11418 0.200199 0.00782534 
0.292014 0.0609737 0.0126136 0.0175561 0.000299472 0.0012622 0.0145249 0.27344 0.150931 0.176385 
0.706182 0.0136835 0.00102807 0.000835646 0.00012281 0.000230195 0.0831521 0.127041 0.0583811 0.00934383 
0.305024 0.126282 0.13954 0.0420502 0.000309637 0.00224089 0.0111378 0.177451 0.143134 0.0528304 
0.372579 0.0108261 0.0104131 0.0058071 0.00010111 0.00300714 0.0362829 0.278865 0.208277 0.073841 
0.562091 0.0158681 0.0424367 0.0542053 0.000354494 0.0007372 0.00210327 0.11418 0.200199 0.00782534 
0.272091 0.102673 0.00271364 0.0239807 0.000365476 0.000479809 0.114533 0.189115 0.220983 0.0730654 
0.516654 0.0190362 0.0311789 0.000932543 9.81575e-05 0.0108942 0.00612631 0.169236 0.0354269 0.210416 
0.446394 0.047376 0.0161423 0.0151629 0.000282508 0.00273412 0.137998 0.213497 0.0936578 0.0267547 
0.560396 0.0113123 0.00118585 0.00192164 7.12883e-09 5.73689e-06 7.31171e-06 0.084538 0.0260918 0.314542 
0.543109 0.00955288 0.0172583 0.0054725 0.000107118 0.00177327 0.188583 0.169214 0.0624421 0.00248833 
0.562091 0.0158681 0.0424367 0.0542053 0.000354494 0.0007372 0.00210327 0.11418 0.200199 0.00782534 
0.442321 0.0770939 0.00986244 0.00947178 6.68031e-05 0.000662942 0.0416887 0.229734 0.161571 0.0275278 
0.562091 0.0158681 0.0424367 0.0542053 0.000354494 0.0007372 0.00210327 0.11418 0.200199 0.00782534 
0.794452 0.0211524 0.000278902 0.00256708 4.06434e-08 1.04646e-05 0.00806844 0.0893782 0.0289274 0.0551647 
0.562091 0.0158681 0.0424367 0.0542053 0.000354494 0.0007372 0.00210327 0.11418 0.200199 0.00782534 
0.723202 0.0127638 0.00292803 0.00209411 0.000229674 0.000547491 0.0186431 0.167672 0.0608717 0.0110483 
0.353534 0.161072 8.91679e-05 0.00370213 0.0190761 0.000184419 0.0917837 0.0695325 0.103282 0.197744 
0.394123 0.0582299 0.0199482 0.0619265 0.000113709 0.00126455 0.0325579 0.2957 0.108526 0.0276103 
0.429641 0.0118079 0.0014449 0.0016275 0.000145795 0.000373313 0.00925687 0.27537 0.20127 0.0690627 
0.562091 0.0158681 0.0424367 0.0542053 0.000354494 0.0007372 0.00210327 0.11418 0.200199 0.00782534 
0.785676 0.0134631 0.00161049 0.0192125 0.000393355 0.000139564 0.00317702 0.0987331 0.0760378 0.0015567 
0.573563 0.0258826 0.00216559 0.0196434 5.4672e-05 0.000585888 0.0300548 0.158603 0.0749774 0.114469 
0.367453 0.0941177 0.06139 0.0845222 0.000214762 0.000803229 0.0180255 0.24225 0.0794899 0.0517334 
0.736636 0.060539 0.000277004 0.0179343 4.58594e-05 9.64848e-06 0.0404882 0.0601311 0.0414533 0.0424854 
0.338807 0.0124722 0.0767557 0.0248096 0.000160394 0.00130426 0.00220819 0.182912 0.281155 0.0794153 
0.74022 0.0244576 0.000122398 0.00677818 0.000464751 6.01858e-06 0.00672507 0.072593 0.146695 0.00193757 
0.562091 0.0158681 0.0424367 0.0542053 0.000354494 0.0007372 0.00210327 0.11418 0.200199 0.00782534 
0.571235 0.00681891 0.00502788 0.00799425 0.00103232 0.000972704 0.0814238 0.229085 0.0705475 0.0258629 
0.302236 0.106951 0.00161516 0.00374145 0.000431357 0.000224922 0.206478 0.216692 0.127776 0.0338548 
0.568816 0.213509 0.000337525 0.000902648 5.45182e-09 9.7074e-06 0.00539447 0.0900312 0.113277 0.00772272 
0.562091 0.0158681 0.0424367 0.0542053 0.000354494 0.0007372 0.00210327 0.11418 0.200199 0.00782534 
0.852596 0.0057946 0.000155734 0.00108037 0.00021227 7.34502e-06 0.00393302 0.101026 0.0343637 0.000831512 
0.622935 0.0474062 0.0213363 0.00525873 0.000295831 0.00299986 0.00686662 0.115276 0.0965808 0.0810452 
0.416459 0.118091 0.0144059 0.0209046 4.55971e-05 3.66212e-05 0.0715095 0.233887 0.0976273 0.027034 
0.84375 0.0133326 6.18438e-07 0.00129352 2.07176e-06 0.00211477 0.106857 0.0136763 0.018973 6.83371e-07 
0.406903 0.147685 0.00544603 0.0231552 0.00016315 0.00437665 0.0431004 0.275126 0.061503 0.0325426 
0.368555 0.0395053 0.0581161 0.00880216 0.000217308 0.0313123 0.0169424 0.206545 0.111586 0.158419 
0.608132 0.0141577 0.0036943 0.00603054 4.79532e-05 0.000807022 0.00995018 0.218292 0.0992953 0.0395928 
0.357052 0.0401504 0.00207749 0.0749081 1.36615e-05 1.16934e-05 0.219332 0.0297801 0.241224 0.0354505 
0.513039 0.242845 0.0482344 0.0031943 0.00349975 0.00100466 0.0805144 0.0320062 0.0533371 0.0223249 
0.687473 0.00600107 0.000497272 0.00158438 0.000344286 5.38145e-05 0.00711703 0.165099 0.0826514 0.0491778 
0.646814 0.0285477 0.0395527 0.0100964 1.33898e-06 1.76742e-05 0.205262 0.0576705 0.00607948 0.00595761 
0.410065 0.0792614 0.00097949 0.0360249 2.79337e-06 0.0180047 0.110632 0.125275 0.0347879 0.184967 
0.84375 0.0133326 6.18438e-07 0.00129352 2.07176e-06 0.00211477 0.106857 0.0136763 0.018973 6.83371e-07 
0.556116 0.0466756 0.0129388 0.00866373 8.8133e-05 0.019985 0.0118543 0.207983 0.0884099 0.0472852 
0.372972 0.180065 0.0200378 0.00195199 0.00129895 0.00818915 0.0893271 0.152722 0.104582 0.0688532 
0.457224 0.0252531 0.00902704 0.0407573 0.000279566 0.00822082 0.0838299 0.192401 0.0339974 0.14901 
0.41508 0.0429444 0.000456554 0.00679909 0.000752664 0.00791233 0.244031 0.179136 0.011172 0.0917166 
0.800453 0.00871685 0.0317874 0.00960489 0.000137769 0.00436947 0.00772696 0.085468 0.0359399 0.0157962 
0.562091 0.0158681 0.0424367 0.0542053 0.000354494 0.0007372 0.00210327 0.11418 0.200199 0.00782534 
0.769646 0.00978391 0.000117775 0.00935764 0.000276544 1.46659e-05 0.045585 0.0683879 0.0959458 0.000884842 
0.379352 0.069821 0.00951655 0.00979374 7.91006e-05 0.000181983 0.0263624 0.322181 0.138404 0.0443087 
0.372579 0.0108261 0.0104131 0.0058071 0.00010111 0.00300714 0.0362829 0.278865 0.208277 0.073841 
0.460403 0.0119996 0.0157644 0.0124882 0.000263348 0.00286401 0.0300797 0.168938 0.284615 0.0125852 
0.76807 0.0391537 0.000455713 0.00299928 0.000120622 3.33141e-05 0.0599942 0.0774846 0.024734 0.0269541 
0.264315 0.160766 0.0375471 0.0323759 6.23244e-05 0.0084055 0.0893514 0.167964 0.215578 0.0236343 
0.372579 0.0108261 0.0104131 0.0058071 0.00010111 0.00300714 0.0362829 0.278865 0.208277 0.073841 
0.562091 0.0158681 0.0424367 0.0542053 0.000354494 0.0007372 0.00210327 0.11418 0.200199 0.00782534 
0.930881 0.0201948 3.16655e-05 0.0165142 1.00068e-07 1.87018e-06 0.000328687 0.0229564 0.00639559 0.00269618 
0.447826 0.0393995 0.0334471 0.00549224 0.0242522 1.50241e-06 0.0789092 0.0948799 0.160596 0.115197 
0.56729 0.00505511 0.0134997 0.000145544 0.000125803 3.57933e-05 0.164549 0.101299 0.124239 0.0237613 
0.536677 0.0613944 0.0377699 0.00939422 0.000743302 0.00272342 0.0277996 0.152136 0.0720438 0.099318 
0.412388 0.0495668 0.00202628 0.0471028 0.000119423 2.26496e-05 0.00766975 0.354703 0.0303008 0.0961008 
0.824281 0.0304724 0.000357988 0.00145257 0.00119925 5.49797e-05 0.045832 0.00203405 0.0939206 0.000395537 
0.372579 0.0108261 0.0104131 0.0058071 0.00010111 0.00300714 0.0362829 0.278865 0.208277 0.073841 
0.481557 0.0290151 0.00340619 0.0288042 0.000346065 0.00226872 0.121096 0.147898 0.0601064 0.125502 
0.357669 0.0171034 0.113315 0.00258296 0.000218066 0.00106292 0.25785 0.198598 0.0361452 0.0154554 
0.564225 0.117205 0.0542813 0.0432357 0.000144697 0.000342108 0.00513297 0.0427588 0.162755 0.00991963 
0.562091 0.0158681 0.0424367 0.0542053 0.000354494 0.0007372 0.00210327 0.11418 0.200199 0.00782534 
0.413468 0.0925058 0.00225589 0.0262254 0.000272441 0.000125541 0.0104096 0.309578 0.123228 0.0219321 
0.63016 0.0380694 0.00377109 0.0034527 8.05223e-05 2.12271e-05 0.133357 0.121836 0.0477611 0.0214908 
0.366744 0.153831 0.00344891 0.01632 3.90316e-05 0.000138999 0.0146997 0.121664 0.263013 0.0601019 
0.787276 0.00535847 0.000592437 0.00555237 3.99837e-06 0.00020464 0.0124669 0.117513 0.0191169 0.051915 
0.7386 0.0340354 0.00414864 0.00913956 0.00228467 3.56854e-05 0.0558147 0.09362 0.0429153 0.0194063 
0.562091 0.0158681 0.0424367 0.0542053 0.000354494 0.0007372 0.00210327 0.11418 0.200199 0.00782534 
0.93569 0.0239045 0.00149862 0.000114439 0.000131774 4.33086e-06 0.000111509 0.029711 0.00832367 0.000509826 
0.504651 0.0473225 0.00685962 0.015865 0.000190207 0.00022826 0.0739189 0.184151 0.0945032 0.0723097 
0.562091 0.0158681 0.0424367 0.0542053 0.000354494 0.0007372 0.00210327 0.11418 0.200199 0.00782534 
0.284831 0.270583 0.0391088 0.0380941 0.000403441 2.14182e-06 0.115424 0.0258253 0.0453354 0.180393 
0.562091 0.0158681 0.0424367 0.0542053 0.000354494 0.0007372 0.00210327 0.11418 0.200199 0.00782534 
0.562091 0.0158681 0.0424367 0.0542053 0.000354494 0.0007372 0.00210327 0.11418 0.200199 0.00782534 
0.369058 0.0321762 0.0136423 0.0380957 0.000135441 6.54123e-05 0.0372858 0.214044 0.15547 0.140027 
0.350186 0.119716 0.0182848 0.0399738 3.37398e-05 7.4272e-05 0.00637784 0.162396 0.279915 0.0230424 
0.543109 0.00955288 0.0172583 0.0054725 0.000107118 0.00177327 0.188583 0.169214 0.0624421 0.00248833 
0.744067 0.00671701 0.0233875 0.0010865 5.65629e-05 0.0091228 0.0111276 0.0384784 0.0241573 0.1418 
0.608044 0.0522921 0.0175169 0.0106015 0.000144591 0.00590505 0.0134683 0.107379 0.0817986 0.102849 
0.517268 0.0885988 0.0334387 0.0124587 1.71428e-06 0.000196458 0.0523478 0.155151 0.0176648 0.122874 
0.818697 0.000510655 0.0358047 0.000139104 3.82789e-06 0.00132498 0.00382753 0.0545774 0.00905263 0.0760624 
0.600904 0.0521851 0.115948 0.00450954 0.00048562 5.66632e-05 0.0752204 0.0654953 0.0759569 0.00923902 
0.49743 0.0221096 0.0305731 0.0130794 1.18192e-05 0.0554761 0.00277553 0.101114 0.0715001 0.20593 
0.562091 0.0158681 0.0424367 0.0542053 0.000354494 0.0007372 0.00210327 0.11418 0.200199 0.00782534 
0.562091 0.0158681 0.0424367 0.0542053 0.000354494 0.0007372 0.00210327 0.11418 0.200199 0.00782534 
0.458398 0.139914 0.00715431 0.0168418 0.00016203 0.0205446 0.0495223 0.0419641 0.167869 0.0976305 
0.681464 0.00955644 0.071136 0.00675707 0.000536288 0.00482874 0.00752112 0.102148 0.051475 0.0645769 
0.380598 0.206446 0.00795025 0.0305948 0.000174437 0.000285619 0.012153 0.123664 0.167257 0.0708774 
0.51801 0.0415159 0.00129954 0.00480855 0.00075748 2.93197e-05 0.138528 0.246282 0.0218751 0.0268942 
0.319011 0.17065 0.312722 0.00057873 1.82071e-09 5.03355e-10 0.0843074 1.95818e-06 0.0895219 0.0232063 
0.757214 0.0207843 0.00927075 0.0113638 1.08188e-05 4.69476e-05 0.0312412 0.149072 0.00976174 0.0112346 
0.562091 0.0158681 0.0424367 0.0542053 0.000354494 0.0007372 0.00210327 0.11418 0.200199 0.00782534 
0.441214 0.0204068 0.218414 0.00414371 0.00184866 0.00621345 0.0211162 0.133539 0.0818005 0.0713038 
0.84375 0.0133326 6.18438e-07 0.00129352 2.07176e-06 0.00211477 0.106857 0.0136763 0.018973 6.83371e-07 
0.46743 0.00516268 0.00472686 0.0250379 0.000251915 0.0014098 0.0537814 0.373117 0.0462955 0.0227872 
0.487195 0.0599018 0.0173587 0.0205405 0.000180496 0.00560332 0.0107295 0.082938 0.184353 0.131199 
0.629225 0.0179905 0.0553001 0.000648714 0.000181404 0.00823779 0.0017853 0.0257856 0.0473263 0.213519 
0.431071 0.0514286 0.00365042 0.0380395 7.48347e-05 0.000428951 0.00979605 0.192586 0.262112 0.0108133 
0.846345 0.0109731 0.00200805 0.000597216 0.000135082 4.1008e-05 0.0346435 0.0468356 0.0354264 0.0229947 
0.507372 0.045974 0.00296482 0.0030215 5.61848e-05 0.00106154 0.0066002 0.193229 0.22773 0.0119911 
0.562091 0.0158681 0.0424367 0.0542053 0.000354494 0.0007372 0.00210327 0.11418 0.200199 0.00782534 
0.562091 0.0158681 0.0424367 0.0542053 0.000354494 0.0007372 0.00210327 0.11418 0.200199 0.00782534 
0.498501 0.136812 0.0113568 0.00243523 4.66862e-05 0.168329 0.021814 0.0365564 0.111428 0.01272 
0.801439 0.0807892 0.000113503 0.0241077 1.99505e-05 2.58128e-06 0.0364046 0.0239655 0.0140454 0.0191121 
0.595299 0.112023 0.00498654 0.00373084 3.52081e-07 0.00480027 0.0631179 0.0738337 0.132446 0.00976256 
0.528852 0.026709 0.0110467 0.00199504 0.0915981 0.00432774 0.134428 0.10322 0.0958761 0.00194748 
0.388062 0.0205201 0.00621987 0.00017292 2.35844e-06 0.00609464 0.0150368 0.116152 0.094578 0.353161 
0.372579 0.0108261 0.0104131 0.0058071 0.00010111 0.00300714 0.0362829 0.278865 0.208277 0.073841 
0.613063 0.041873 0.000175969 0.00481859 2.56544e-05 6.93312e-05 0.00124385 0.243963 0.0917003 0.00306741 
0.678224 0.0486465 0.048026 0.00572467 5.77938e-05 0.00462072 0.0128483 0.0623213 0.0686206 0.0709101 
0.442094 0.0769994 0.0212891 0.00255454 8.0067e-06 0.0312843 0.00266506 0.189059 0.0883332 0.145713 
0.686547 0.00372866 0.00504018 0.00031525 1.50174e-05 0.000108906 0.0137061 0.231637 0.0341356 0.0247658 
0.372579 0.0108261 0.0104131 0.0058071 0.00010111 0.00300714 0.0362829 0.278865 0.208277 0.073841 
0.320009 0.0865983 0.0182956 0.0276666 0.000347925 0.000606366 0.113677 0.264359 0.0642603 0.104181 
0.357451 0.111524 0.00957622 0.00267916 1.13552e-06 0.0750254 0.0248971 0.196115 0.139143 0.083587 
0.514432 0.0301888 0.016923 0.00327422 0.000117209 0.00827018 0.0084447 0.311561 0.081408 0.0253809 
0.31474 0.0608351 0.00972411 0.024821 0.000157632 0.0146689 0.0238869 0.275792 0.175758 0.0996174 
0.562091 0.0158681 0.0424367 0.0542053 0.000354494 0.0007372 0.00210327 0.11418 0.200199 0.00782534 
0.328403 0.0589286 0.00638187 0.0241618 0.000327182 0.00166257 0.0141498 0.278819 0.157432 0.129735 
0.562091 0.0158681 0.0424367 0.0542053 0.000354494 0.0007372 0.00210327 0.11418 0.200199 0.00782534 
0.368929 0.160986 0.0095937 0.0489679 7.63658e-05 0.000178335 0.188334 0.134896 0.0387011 0.0493378 
0.347092 0.0386313 0.0227388 0.0202505 0.00106528 0.00496976 0.0224955 0.300331 0.14648 0.0959455 
0.562091 0.0158681 0.0424367 0.0542053 0.000354494 0.0007372 0.00210327 0.11418 0.200199 0.00782534 
0.562091 0.0158681 0.0424367 0.0542053 0.000354494 0.0007372 0.00210327 0.11418 0.200199 0.00782534 
0.615345 0.0396923 0.00767873 0.0093451 0.000321462 0.00100699 0.0145481 0.137013 0.092739 0.0823099 
0.572959 0.053035 0.050974 0.0107224 6.74018e-05 6.94338e-05 0.0487028 0.121851 0.0773914 0.0642284 
0.398316 0.0368356 0.00102705 0.0138656 0.0159165 0.000244547 0.0154922 0.371522 0.107785 0.0389961 
0.562091 0.0158681 0.0424367 0.0542053 0.000354494 0.0007372 0.00210327 0.11418 0.200199 0.00782534 
0.966398 0.00336898 4.32786e-05 0.000659729 0.000144824 7.56261e-06 0.0055982 0.0196493 0.00361233 0.000518185 
0.374293 0.204366 0.00202421 0.0502359 2.40495e-06 0.00186059 0.229438 0.0196927 0.111171 0.00691576 
0.534259 0.0639808 0.056638 0.0367035 0.000125201 0.0271865 0.0211639 0.0822184 0.0511383 0.126586 
0.645301 0.0396716 0.0218041 0.00563728 0.000284838 0.00391465 0.00650926 0.107096 0.08802 0.0817604 
0.868993 0.011751 0.000163677 0.00466727 1.08858e-05 0.00420596 0.00333551 0.0356763 0.042025 0.0291717 
0.666073 0.041115 0.0319165 0.013906 0.000103832 3.97019e-05 0.0991049 0.129025 0.010459 0.0082574 
0.50153 0.0717916 0.0576464 0.0249762 0.000703034 0.00889226 0.00840293 0.222827 0.0849187 0.0183109 
0.562091 0.0158681 0.0424367 0.0542053 0.000354494 0.0007372 0.00210327 0.11418 0.200199 0.00782534 
0.4267 0.0459378 0.00572961 0.00418532 3.06866e-08 7.10776e-06 0.03654 0.21737 0.0777214 0.185809 
0.562091 0.0158681 0.0424367 0.0542053 0.000354494 0.0007372 0.00210327 0.11418 0.200199 0.00782534 
0.562091 0.0158681 0.0424367 0.0542053 0.000354494 0.0007372 0.00210327 0.11418 0.200199 0.00782534 
0.562091 0.0158681 0.0424367 0.0542053 0.000354494 0.0007372 0.00210327 0.11418 0.200199 0.00782534 
0.477807 0.0197045 0.00132325 0.0108544 0.000614343 0.00019984 0.176272 0.214011 0.0733929 0.025821 
0.562091 0.0158681 0.0424367 0.0542053 0.000354494 0.0007372 0.00210327 0.11418 0.200199 0.00782534 
0.400477 0.0304647 0.0106054 0.0286615 0.000243749 0.000506681 0.00409615 0.323105 0.194363 0.00747644 
0.362539 0.0915121 0.00198289 0.0313468 0.000833368 0.000139292 0.176226 0.17569 0.0695426 0.0901884 
0.934468 0.00839067 4.96062e-05 0.00481873 0.000126743 2.24824e-06 0.0152974 0.0128114 0.0231766 0.000858058 
0.422869 0.0666402 0.000616315 0.028013 0.000346417 0.0358818 0.0292231 0.247047 0.142547 0.026816 
0.864133 0.0191566 0.002059 0.0158584 8.94165e-05 7.52834e-06 0.00996295 0.0605954 0.0183785 0.00975922 
0.229611 0.111965 0.00372648 0.00356098 2.74434e-05 0.000682562 0.188272 0.173425 0.227312 0.0614185 
0.638137 0.0316247 0.0151301 0.00826808 0.000103734 0.0263411 0.0191034 0.137359 0.063474 0.0604587 
0.562091 0.0158681 0.0424367 0.0542053 0.000354494 0.0007372 0.00210327 0.11418 0.200199 0.00782534 
0.343543 0.0567231 0.10104 0.0204737 3.69226e-05 0.00658689 0.0681509 0.0995942 0.0221789 0.281673 
0.344847 0.0673985 6.09475e-07 0.00229703 0.00134714 9.34577e-08 0.344568 0.202196 0.0361274 0.00121836 
0.84375 0.0133326 6.18438e-07 0.00129352 2.07176e-06 0.00211477 0.106857 0.0136763 0.018973 6.83371e-07 
0.779001 0.0123595 0.0442835 0.00104528 4.98546e-08 0.000876629 0.000756933 0.0997597 0.0344827 0.0274343 
0.562091 0.0158681 0.0424367 0.0542053 0.000354494 0.0007372 0.00210327 0.11418 0.200199 0.00782534 
0.541629 0.0618579 0.00406387 0.00213317 0.000181648 0.00119953 0.00536959 0.217465 0.130854 0.035247 
0.764112 0.0108906 0.00125838 0.0129841 1.39169e-06 5.45477e-05 0.0335621 0.0832415 0.0880588 0.00583646 
0.579049 0.0462659 0.00726631 0.0203102 0.000666779 0.00205395 0.0354425 0.176262 0.0828579 0.0498254 
0.562091 0.0158681 0.0424367 0.0542053 0.000354494 0.0007372 0.00210327 0.11418 0.200199 0.00782534 
0.523041 0.0886828 0.00258987 0.00772435 0.00119459 2.76389e-05 0.082264 0.191954 0.0799568 0.0225647 
0.562091 0.0158681 0.0424367 0.0542053 0.000354494 0.0007372 0.00210327 0.11418 0.200199 0.00782534 
0.309072 0.0296471 0.0945668 0.0507526 5.63982e-05 0.00030236 0.00520185 0.249498 0.233578 0.0273257 
0.367021 0.0505798 0.0111707 0.0886184 0.000199998 0.00663023 0.0182033 0.198414 0.247361 0.0118019 
0.372579 0.0108261 0.0104131 0.0058071 0.00010111 0.00300714 0.0362829 0.278865 0.208277 0.073841 
0.305538 0.0324463 0.00414161 0.00471666 0.000174257 0.000111306 0.0258131 0.29038 0.293667 0.0430125 
0.446298 0.0294651 0.0112869 0.0167263 9.51004e-05 0.0198821 0.00517432 0.338812 0.0462917 0.0859682 
0.616878 0.172367 0.0723753 0.00886368 7.63359e-05 1.08699e-05 0.00481771 0.0398252 0.0646164 0.020169 
0.548521 0.0451747 0.0130718 0.0173647 0.000368258 0.00221651 0.011688 0.178357 0.143737 0.0395013 
0.648034 0.068476 0.0199351 0.0098419 0.00103156 0.0134349 0.0100678 0.0795964 0.0790871 0.0704956 
0.272867 0.0143242 0.0248759 0.000743532 7.88759e-06 0.00540484 0.134617 0.235184 0.0919881 0.219988 
0.343684 0.104321 0.00180356 0.00773283 9.45739e-05 0.000155894 0.0121163 0.263131 0.181038 0.0859222 
0.332031 0.275397 0.00742957 0.0369327 0.0688422 0.000285625 0.143478 0.053191 0.053195 0.0292175 
0.372579 0.0108261 0.0104131 0.0058071 0.00010111 0.00300714 0.0362829 0.278865 0.208277 0.073841 
0.409777 0.165975 0.00103972 0.029668 0.000128942 0.00538226 0.0603226 0.136116 0.124822 0.0667684 
0.677018 0.0406976 0.00621813 0.0142631 4.49094e-05 3.04445e-05 0.0457616 0.0938131 0.108437 0.0137161 
0.562091 0.0158681 0.0424367 0.0542053 0.000354494 0.0007372 0.00210327 0.11418 0.200199 0.00782534 
0.84375 0.0133326 6.18438e-07 0.00129352 2.07176e-06 0.00211477 0.106857 0.0136763 0.018973 6.83371e-07 
0.84375 0.0133326 6.18438e-07 0.00129352 2.07176e-06 0.00211477 0.106857 0.0136763 0.018973 6.83371e-07 
0.372579 0.0108261 0.0104131 0.0058071 0.00010111 0.00300714 0.0362829 0.278865 0.208277 0.073841 
0.319729 0.0635457 0.034937 0.0216118 0.000509776 0.00678842 0.03691 0.280094 0.202157 0.0337167 
0.562091 0.0158681 0.0424367 0.0542053 0.000354494 0.0007372 0.00210327 0.11418 0.200199 0.00782534 
0.413412 0.0269664 0.000390515 0.000105048 1.8516e-05 4.47528e-05 0.360673 0.0990675 0.0888153 0.0105069 
0.696452 0.00047383 0.00203193 0.000516161 0.000428167 2.01637e-05 0.162743 0.0926183 0.0411588 0.00355744 
0.313114 0.0827382 0.0134751 0.027376 1.62286e-05 0.00125487 0.00892823 0.256962 0.23135 0.0647848 
0.264612 0.08483 0.057764 0.0291911 0.000815058 0.00250757 0.0416742 0.261723 0.220636 0.0362474 
0.603593 0.0422403 0.00495847 0.00751822 0.0100037 0.000362766 0.0288888 0.145288 0.110865 0.0462819 
0.371412 0.179422 0.000398181 0.0300922 0.00054282 2.58572e-06 0.0905448 0.200134 0.10473 0.0227222 
0.562091 0.0158681 0.0424367 0.0542053 0.000354494 0.0007372 0.00210327 0.11418 0.200199 0.00782534 
0.562091 0.0158681 0.0424367 0.0542053 0.000354494 0.0007372 0.00210327 0.11418 0.200199 0.00782534 
0.671689 0.0211717 0.0017947 0.00134392 0.0444375 0.00123129 0.0199612 0.0767732 0.0208114 0.140786 
0.312174 0.0721137 0.162667 0.0153877 0.000135084 0.0103232 0.0152759 0.115558 0.25695 0.0394149 
0.459761 0.00602983 0.00891152 0.0389621 0.000454744 0.000398902 0.00532279 0.167468 0.297164 0.0155267 
0.297362 0.293232 0.0225922 0.0265948 0.000627565 0.00278192 0.0477042 0.194044 0.0745019 0.0405588 
0.383853 0.121615 0.0158694 0.0116905 0.000646333 0.0415099 0.0313384 0.162983 0.129586 0.100908 
0.279109 0.06825 0.017473 0.0183039 0.00157147 0.00327698 0.0328897 0.238687 0.227418 0.113021 
0.562091 0.0158681 0.0424367 0.0542053 0.000354494 0.0007372 0.00210327 0.11418 0.200199 0.00782534 
0.568889 0.0597634 0.0159197 0.00435747 0.000130081 0.102484 0.0433745 0.0439115 0.137803 0.0233666 
0.701265 0.0166264 0.00718278 0.00845462 0.00013992 0.00941984 0.0196434 0.122832 0.0376494 0.0767862 
0.406972 0.122054 0.00394569 0.00221241 6.72422e-05 0.131443 0.0952574 0.0719559 0.118734 0.0473582 
0.515773 0.105631 0.0150642 0.0207595 0.000114637 0.00376467 0.0350412 0.113776 0.0759963 0.114079 
0.49032 0.0646431 0.00315448 0.00117939 1.57479e-05 0.000174546 0.042939 0.0751651 0.022366 0.300043 
0.331821 0.0429731 0.0142466 0.0157636 0.0013532 0.00947583 0.0243073 0.213804 0.204502 0.141753 
0.342835 0.0652054 0.000396364 0.00064368 0.000449038 0.0632155 0.0505807 0.124589 0.222072 0.130013 
0.271212 0.0482766 0.154563 0.0129521 0.00110269 0.00883564 0.0957787 0.214338 0.153204 0.0397374 
0.284491 0.0757156 0.033591 0.0096685 0.00110318 0.0113448 0.15222 0.166612 0.172227 0.0930275 
0.463206 0.0215298 0.015008 0.0111323 0.000441143 0.0026375 0.0156457 0.324074 0.0600262 0.0862989 
0.372579 0.0108261 0.0104131 0.0058071 0.00010111 0.00300714 0.0362829 0.278865 0.208277 0.073841 
0.50158 0.0835019 0.0298699 0.0238205 0.00116705 0.000311752 0.0260761 0.15197 0.10163 0.0800729 
0.363664 0.0448639 0.0143809 0.0201656 0.000314068 0.00304222 0.0238485 0.268431 0.21491 0.04638 
0.549002 0.00892407 0.00037449 0.000367821 0.193922 1.05478e-05 0.0134928 0.131282 0.102052 0.000572392 
0.794573 0.0504489 0.0133183 0.0144544 0.000131756 0.000507545 0.00787128 0.0499198 0.0422652 0.0265095 
0.627953 0.0475203 0.00227298 0.000230068 1.20645e-07 8.99286e-05 0.162289 0.0727945 0.0542066 0.0326441 
0.702243 0.0139998 0.00493152 0.000560997 3.7651e-08 2.67833e-05 0.000571178 0.0852433 0.055354 0.13707 
0.371092 0.124251 0.0192442 0.00171394 0.0408414 0.00168101 0.312517 0.0964595 0.0149226 0.0172768 
0.339856 0.0136855 0.178869 0.00955348 0.000209282 0.00902022 0.0938549 0.142318 0.195361 0.0172731 
0.562091 0.0158681 0.0424367 0.0542053 0.000354494 0.0007372 0.00210327 0.11418 0.200199 0.00782534 
0.557767 0.0111802 0.119842 0.00723291 0.00029651 0.0170431 0.00605911 0.183282 0.0539242 0.0433727 
0.802063 0.0201152 0.00262789 0.00207717 0.000430574 0.00246425 0.00574042 0.0718035 0.0715335 0.0211442 
0.694092 0.0917766 0.0141224 0.00849395 0.000590522 0.00433182 0.0106925 0.0587101 0.0655596 0.0516302 
0.659218 4.6882e-05 0.00392703 8.04122e-05 6.95663e-06 0.039214 0.00211583 0.227463 0.0324888 0.0354395 
0.292377 0.032812 0.0477387 0.00433858 0.000238671 0.00843501 0.0278932 0.218414 0.2236 0.144153 
0.66109 0.0613223 0.00165939 0.00641303 7.16472e-05 0.0149885 0.031189 0.125928 0.075152 0.0221859 
0.408733 0.0958257 0.0121831 0.0283643 5.40452e-06 0.000370063 0.00200163 0.183652 0.252943 0.0159217 
0.562091 0.0158681 0.0424367 0.0542053 0.000354494 0.0007372 0.00210327 0.11418 0.200199 0.00782534 
0.604011 0.0332789 0.0336663 0.0160303 0.000793283 0.0165447 0.0323512 0.106657 0.0684399 0.0882274 
0.562091 0.0158681 0.0424367 0.0542053 0.000354494 0.0007372 0.00210327 0.11418 0.200199 0.00782534 
0.576302 0.0278897 0.00161237 0.000365638 5.24078e-06 1.99943e-05 0.0996872 0.0565716 0.217342 0.0202043 
0.677691 0.0438372 0.0131405 0.00874835 0.000152669 0.000292807 0.0241502 0.069635 0.151998 0.0103541 
0.866323 0.00615003 0.000787446 0.00209874 1.32631e-05 2.50989e-05 0.109156 0.0136997 0.000810306 0.00093666 
0.527611 0.0162827 0.0067221 0.0494085 0.000615141 0.000132795 0.161264 0.172619 0.0452444 0.0201009 
0.745484 0.0710852 0.00035663 0.00274558 0.00119471 5.47e-05 0.0831151 0.0801946 0.00219046 0.0135794 
0.611255 0.05 0.000272098 0.00953846 0.00894402 0.000134227 0.132683 0.0893947 0.0704445 0.0273347 
0.551484 0.0883237 0.0013649 0.00757937 7.89863e-05 0.000110683 0.00588704 0.173568 0.0693141 0.102289 
0.234117 0.162603 0.0585067 0.0156827 6.79542e-05 0.000126554 0.220891 0.13697 0.16206 0.00897527 
0.304205 0.0318398 0.0816374 0.00932752 0.000229369 0.0277808 0.0675268 0.122123 0.062514 0.292816 
0.405524 0.0380539 0.00997045 0.00804806 0.000235731 0.00566249 0.0364884 0.255141 0.18301 0.0578663 
0.372579 0.0108261 0.0104131 0.0058071 0.00010111 0.00300714 0.0362829 0.278865 0.208277 0.073841 
0.26556 0.0477572 0.0576555 0.0786322 0.00024778 0.00438349 0.00522686 0.183363 0.163601 0.193572 
0.564225 0.117205 0.0542813 0.0432357 0.000144697 0.000342108 0.00513297 0.0427588 0.162755 0.00991963 
0.931927 0.00916188 5.81839e-05 0.000756106 0.000101656 7.41498e-06 0.0103489 0.024515 0.0223726 0.000751329 
0.562091 0.0158681 0.0424367 0.0542053 0.000354494 0.0007372 0.00210327 0.11418 0.200199 0.00782534 
0.562091 0.0158681 0.0424367 0.0542053 0.000354494 0.0007372 0.00210327 0.11418 0.200199 0.00782534 
0.513472 0.0297132 0.0103862 0.0205108 0.000561727 0.00272899 0.0153539 0.251657 0.110507 0.0451093 
0.77242 0.00160106 0.00184419 0.000234919 0.000803977 2.39575e-06 0.00274857 0.0710244 0.135989 0.0133317 
0.26556 0.0477572 0.0576555 0.0786322 0.00024778 0.00438349 0.00522686 0.183363 0.163601 0.193572 
0.413565 0.0413023 0.000616477 0.00186741 0.000202264 8.47889e-06 0.00358149 0.285994 0.243633 0.00922917 
0.562091 0.0158681 0.0424367 0.0542053 0.000354494 0.0007372 0.00210327 0.11418 0.200199 0.00782534 
0.502181 0.147265 0.0033327 0.065894 0.000470545 0.000335235 0.00254316 0.19417 0.0749645 0.00884335 
0.543109 0.00955288 0.0172583 0.0054725 0.000107118 0.00177327 0.188583 0.169214 0.0624421 0.00248833 
0.577493 0.0869431 4.92782e-05 0.00155084 0.0338563 0.00364125 0.0412609 0.118031 0.11957 0.0176043 
0.84375 0.0133326 6.18438e-07 0.00129352 2.07176e-06 0.00211477 0.106857 0.0136763 0.018973 6.83371e-07 
0.562091 0.0158681 0.0424367 0.0542053 0.000354494 0.0007372 0.00210327 0.11418 0.200199 0.00782534 
0.933308 0.0138808 7.36783e-05 2.50113e-05 0.00016312 3.27378e-06 0.0156859 0.0205487 0.0156353 0.000676293 
0.374235 0.047206 0.0102435 0.00638988 0.00141404 0.00802329 0.208256 0.189484 0.0781037 0.0766441 
0.562091 0.0158681 0.0424367 0.0542053 0.000354494 0.0007372 0.00210327 0.11418 0.200199 0.00782534 
0.562091 0.0158681 0.0424367 0.0542053 0.000354494 0.0007372 0.00210327 0.11418 0.200199 0.00782534 
0.417344 0.032265 0.00369957 0.0121269 0.004583 6.67133e-05 0.0539563 0.260437 0.155794 0.0597276 
0.336642 0.0113725 0.000863423 0.00786609 0.000311102 7.28888e-06 0.0246422 0.261927 0.328247 0.0281215 
0.562091 0.0158681 0.0424367 0.0542053 0.000354494 0.0007372 0.00210327 0.11418 0.200199 0.00782534 
0.591187 0.00576541 0.0354945 0.0101142 0.000638495 0.0153484 0.0107799 0.192588 0.0553266 0.0827575 
0.562091 0.0158681 0.0424367 0.0542053 0.000354494 0.0007372 0.00210327 0.11418 0.200199 0.00782534 
0.674184 0.00752205 0.00128081 0.0453154 0.000176172 0.000202129 0.00135579 0.111279 0.158099 0.000585757 
0.543109 0.00955288 0.0172583 0.0054725 0.000107118 0.00177327 0.188583 0.169214 0.0624421 0.00248833 
0.977419 0.00405075 0.000146389 0.00350771 0.000170368 2.71887e-06 0.00275528 0.00636266 0.00262193 0.00296357 
0.562091 0.0158681 0.0424367 0.0542053 0.000354494 0.0007372 0.00210327 0.11418 0.200199 0.00782534 
0.433472 0.128061 0.000105847 0.00907357 0.00079682 2.44471e-06 0.163762 0.221756 0.0362356 0.00673524 
0.478385 0.108433 0.0810779 0.0584671 6.47229e-05 0.000350145 0.0221659 0.119758 0.0838601 0.0474393 
0.679869 0.00172905 0.000351551 0.000576263 0.000831687 2.33655e-05 0.129541 0.0791261 0.107691 0.000261276 
0.562091 0.0158681 0.0424367 0.0542053 0.000354494 0.0007372 0.00210327 0.11418 0.200199 0.00782534 
0.39993 0.0913951 0.00460397 0.0545407 0.000140488 0.000624502 0.203905 0.102407 0.121335 0.0211183 
0.653501 0.106316 0.0435204 0.0119391 1.57873e-06 0.000128875 0.00355699 0.0770341 0.0545029 0.0494992 
0.562091 0.0158681 0.0424367 0.0542053 0.000354494 0.0007372 0.00210327 0.11418 0.200199 0.00782534 
0.436519 0.162004 0.0163116 0.0169728 0.000180411 2.53512e-05 0.1382 0.0855883 0.138939 0.00525997 
0.556359 0.0410151 0.0212745 0.0030913 0.00497202 0.00593348 0.219407 0.083968 0.0302059 0.0337737 
0.562091 0.0158681 0.0424367 0.0542053 0.000354494 0.0007372 0.00210327 0.11418 0.200199 0.00782534 
0.592354 0.029047 0.0102823 0.0140131 0.000232835 0.00686053 0.0139355 0.184354 0.0815972 0.0673239 
0.835696 0.0166265 0.000861448 0.00429546 5.51115e-05 1.68864e-05 0.0467812 0.0610906 0.022017 0.0125601 
0.562091 0.0158681 0.0424367 0.0542053 0.000354494 0.0007372 0.00210327 0.11418 0.200199 0.00782534 
0.562091 0.0158681 0.0424367 0.0542053 0.000354494 0.0007372 0.00210327 0.11418 0.200199 0.00782534 
0.372579 0.0108261 0.0104131 0.0058071 0.00010111 0.00300714 0.0362829 0.278865 0.208277 0.073841 
0.349425 0.183225 0.0860606 0.0426121 3.69679e-05 0.000171699 0.0230414 0.105212 0.191629 0.0185863 
0.84875 0.0142796 0.000887621 1.15618e-06 0.00263442 3.29999e-05 0.0074835 0.00806502 0.10142 0.0164461 
0.458453 0.152729 0.0031142 0.00909787 3.47029e-05 0.101209 0.0670423 0.076896 0.12497 0.00645284 
0.862287 0.128538 0.000360764 0.00146318 0.00120853 5.55426e-05 0.00142572 0.0020488 0.00221419 0.000398492 
0.340474 0.0236449 0.0078721 0.000395691 1.31577e-05 0.0319912 0.0636354 0.266898 0.0882327 0.176843 
0.251981 0.0469342 0.0244423 0.00296073 1.99232e-05 0.00674109 0.0223498 0.238316 0.217696 0.188559 
0.441021 0.0300131 0.0047363 0.00828968 0.000812753 0.000261141 0.021772 0.201522 0.255911 0.0356611 
0.571862 0.00230575 0.00846853 0.00389545 0.0233523 0.0022037 0.0121295 0.114965 0.134838 0.125981 
0.562091 0.0158681 0.0424367 0.0542053 0.000354494 0.0007372 0.00210327 0.11418 0.200199 0.00782534 
0.372579 0.0108261 0.0104131 0.0058071 0.00010111 0.00300714 0.0362829 0.278865 0.208277 0.073841 
0.252333 0.0743482 0.0855432 0.0160214 9.23456e-05 0.00600616 0.0732423 0.159585 0.0997574 0.233071 
0.63914 0.088166 0.00346863 0.00381522 0.00855632 5.17356e-05 0.042454 0.0845925 0.056793 0.0729627 
0.450667 0.00906335 0.00441674 0.00125531 0.000584129 0.000592967 0.0389712 0.393009 0.0540627 0.0473781 
0.518392 0.0171746 0.0112373 0.0339531 0.000479168 0.00238088 0.0136167 0.183877 0.202929 0.0159605 
0.562091 0.0158681 0.0424367 0.0542053 0.000354494 0.0007372 0.00210327 0.11418 0.200199 0.00782534 
0.277919 0.0601843 0.227863 0.040487 0.000792243 0.000256396 0.0697238 0.181664 0.0984001 0.04271 
0.84375 0.0133326 6.18438e-07 0.00129352 2.07176e-06 0.00211477 0.106857 0.0136763 0.018973 6.83371e-07 
0.35854 0.0515666 0.00315483 0.00569375 0.00341103 0.000144917 0.0167217 0.243572 0.29103 0.0261642 
0.823312 0.0259875 0.00485024 0.00484855 6.56755e-05 0.000976692 0.0499157 0.051876 0.0161409 0.0220269 
0.564022 0.033755 0.0366418 0.0125369 0.00127612 0.00238811 0.0437025 0.203648 0.0559979 0.0460314 
0.562091 0.0158681 0.0424367 0.0542053 0.000354494 0.0007372 0.00210327 0.11418 0.200199 0.00782534 
0.312919 0.059017 0.00685815 0.0561035 3.62224e-05 0.00103552 0.0539381 0.225565 0.21932 0.0652065 
0.736922 0.0695179 0.00232055 0.00337754 0.00269114 1.77933e-05 0.0137764 0.0712645 0.0343037 0.0658089 
0.562091 0.0158681 0.0424367 0.0542053 0.000354494 0.0007372 0.00210327 0.11418 0.200199 0.00782534 
0.500082 0.0796569 0.000291164 0.0250946 2.46786e-05 8.32032e-05 0.074822 0.258858 0.0487941 0.0122941 
0.522827 0.030101 0.00200569 0.00418557 0.000430683 0.00329142 0.0314277 0.279916 0.0547558 0.0710594 
0.238764 0.22702 0.00715273 0.0543483 0.000114716 3.04195e-05 0.0768767 0.154711 0.203637 0.0373453 
0.321041 0.0674991 0.0688602 0.00413406 3.45348e-05 5.28172e-05 0.167314 0.0890333 0.0390392 0.242992 
0.657301 0.0259267 0.022676 0.0353491 0.000550865 0.00157598 0.00900485 0.143167 0.0721957 0.0322528 
0.562091 0.0158681 0.0424367 0.0542053 0.000354494 0.0007372 0.00210327 0.11418 0.200199 0.00782534 
0.562091 0.0158681 0.0424367 0.0542053 0.000354494 0.0007372 0.00210327 0.11418 0.200199 0.00782534 
0.416963 0.344793 0.0067691 0.0394502 2.35459e-06 1.93437e-06 0.000496328 0.130117 0.0613973 1.03079e-05 
0.562091 0.0158681 0.0424367 0.0542053 0.000354494 0.0007372 0.00210327 0.11418 0.200199 0.00782534 
0.461455 0.0110331 0.00948824 0.0115148 0.0186537 0.00113437 0.0247362 0.283687 0.145741 0.032556 
0.543896 0.0418623 0.000263177 0.00237158 0.00423586 4.95765e-05 0.129091 0.218131 0.0590411 0.00105773 
0.480986 0.189491 0.000218437 0.00307039 1.20401e-07 3.62556e-06 0.00453959 0.0862599 0.110185 0.125246 
0.562091 0.0158681 0.0424367 0.0542053 0.000354494 0.0007372 0.00210327 0.11418 0.200199 0.00782534 
0.449446 0.0293174 0.000936798 0.039038 0.00108111 6.12446e-06 0.0478067 0.26711 0.0875305 0.0777277 
0.562091 0.0158681 0.0424367 0.0542053 0.000354494 0.0007372 0.00210327 0.11418 0.200199 0.00782534 
0.426246 0.169568 0.00106784 0.00769333 0.00551154 0.000627933 0.0985637 0.107736 0.0795339 0.103451 
0.5618 0.0193693 0.000913519 0.0136871 6.19027e-06 0.0317717 0.075911 0.0956971 0.00446156 0.196383 
0.568203 0.0235874 0.00130179 0.00462611 0.000690463 9.73552e-05 0.0096766 0.146005 0.233419 0.0123937 
0.638098 0.0282396 0.00330152 0.0151197 0.00069894 0.000225339 0.0149119 0.149257 0.11313 0.037018 
0.95201 0.00445604 0.000132885 8.62076e-06 7.11982e-06 1.7721e-05 0.00135681 0.0120668 0.0211201 0.00882383 
0.323999 0.0134738 0.0137947 0.0059522 0.000487305 0.000545064 0.167054 0.293114 0.164471 0.0171086 
0.400279 0.150984 0.0138869 0.0248458 0.0163372 0.00549493 0.0623071 0.120962 0.0704281 0.134475 
0.888196 0.01379 0.00869487 0.00286001 5.88273e-05 0.000402887 0.019511 0.0456216 0.00874042 0.0121241 
0.421975 0.0504058 0.00407946 0.0241962 0.000189012 0.00329959 0.0535597 0.180209 0.163082 0.0990046 
0.562091 0.0158681 0.0424367 0.0542053 0.000354494 0.0007372 0.00210327 0.11418 0.200199 0.00782534 
0.725791 0.00577373 0.000737343 0.00501063 0.000115133 1.48263e-05 0.00494485 0.173422 0.0828769 0.00131351 
0.672807 0.0357596 0.0141555 0.00582848 0.000103717 0.000419358 0.104163 0.0118886 0.134134 0.0207413 
0.449446 0.252527 0.0187525 0.0471671 0.000831608 5.83114e-06 0.0200821 0.0660608 0.138675 0.00645258 
0.562091 0.0158681 0.0424367 0.0542053 0.000354494 0.0007372 0.00210327 0.11418 0.200199 0.00782534 
0.562091 0.0158681 0.0424367 0.0542053 0.000354494 0.0007372 0.00210327 0.11418 0.200199 0.00782534 
0.372579 0.0108261 0.0104131 0.0058071 0.00010111 0.00300714 0.0362829 0.278865 0.208277 0.073841 
0.498632 0.0884789 0.00111364 0.00961155 0.00269268 4.02827e-06 0.0344678 0.211076 0.128903 0.0250206 
0.230559 0.118634 0.043425 0.0439079 0.000185899 0.00571715 0.0512748 0.195885 0.146522 0.163888 
0.413157 0.0255093 0.0168622 0.00660889 4.23341e-05 0.0721926 0.0515278 0.247251 0.147543 0.0193053 
0.430262 0.00428627 0.0193425 0.0143823 0.000645251 0.0194396 0.0058596 0.413991 0.0650477 0.0267441 
0.535008 5.25601e-05 0.00125699 5.67915e-06 1.37878e-07 0.00870884 0.000675254 0.226039 0.0765537 0.151699 
0.84375 0.0133326 6.18438e-07 0.00129352 2.07176e-06 0.00211477 0.106857 0.0136763 0.018973 6.83371e-07 
0.562091 0.0158681 0.0424367 0.0542053 0.000354494 0.0007372 0.00210327 0.11418 0.200199 0.00782534 
