0.000516777 0.109639 0.000603 0.805953 1.38305e-05 4.43532e-05 0.00520375 0.055051 0.0202296 0.00274556 
0.0194179 0.44082 0.000277486 0.465973 6.10001e-07 1.42134e-06 0.011381 0.0373287 0.0246083 0.000191826 
0.00804469 0.261334 0.00213492 0.473991 9.85141e-06 0.000209376 0.0159216 0.162688 0.0674242 0.00824184 
0.0203337 0.216856 0.00261549 0.640879 5.65461e-05 5.23286e-05 0.00259179 0.0269483 0.0893306 0.000336335 
0.00901499 0.19315 0.0222611 0.495224 1.61757e-05 0.000162996 0.0135268 0.084779 0.176822 0.00504256 
0.0575697 0.042116 0.00435449 0.752767 6.99965e-06 1.19611e-05 0.00599706 0.121731 0.0114231 0.004023 
0.00292109 0.150122 0.000374612 0.700604 6.16451e-05 5.72752e-05 0.00635837 0.064238 0.0748484 0.000414547 
0.0547573 0.173221 0.0210367 0.357205 0.000290431 0.0129891 0.0179175 0.188012 0.125495 0.0490757 
0.0241486 0.375649 0.00018801 0.463297 0.000231143 2.02275e-05 0.00649346 0.0428088 0.0868204 0.000343405 
0.00234192 0.221274 7.50983e-05 0.7495 8.94348e-07 1.27891e-06 0.00171531 0.0122767 0.0127634 5.1174e-05 
0.0149939 0.291073 0.00292389 0.542723 7.70683e-05 0.000115713 0.00833144 0.0901812 0.0467356 0.00284478 
0.00333729 0.300086 0.00347015 0.410232 1.00869e-05 0.000223367 0.0771578 0.0822754 0.11876 0.00444768 
0.0103049 0.269743 0.00086795 0.303087 3.14545e-05 1.00404e-05 0.0606486 0.247643 0.0953072 0.0123568 
0.0621656 0.143168 0.051765 0.285653 8.65698e-05 9.59814e-05 0.0464628 0.242201 0.166427 0.00197434 
0.0166772 0.202906 0.0362497 0.299908 0.00032518 0.00679126 0.124865 0.236339 0.0709301 0.00500863 
0.00224272 0.209363 0.00185291 0.669413 4.59463e-05 0.000226012 0.00448874 0.0621587 0.048947 0.00126179 
0.00626994 0.380745 0.0125853 0.395307 0.000308114 0.0003703 0.0294545 0.0800013 0.076345 0.0186137 
0.00178273 0.214429 0.00136012 0.6684 2.46491e-06 0.000115453 0.00439341 0.0626962 0.0455586 0.00126222 
0.0071825 0.145302 0.00297946 0.778523 0.000128628 2.30149e-05 0.0097906 0.0265646 0.0290833 0.000423369 
0.0171055 0.450405 0.00600993 0.450614 2.288e-07 4.95758e-06 0.00136449 0.0248252 0.0485499 0.00112048 
0.011564 0.290668 0.00150428 0.452727 9.59444e-06 7.35509e-05 0.00541531 0.113092 0.094051 0.0308952 
0.0137962 0.266162 0.117261 0.398012 0.000196974 0.000126468 0.0128688 0.13713 0.0429302 0.011516 
0.0658876 0.139833 0.128403 0.428206 0.000130295 0.00357125 0.00424527 0.0521096 0.163985 0.0136285 
0.0065834 0.257841 0.00445471 0.573753 1.09096e-05 7.53738e-05 0.00516286 0.0425893 0.0745249 0.0350041 
0.00420835 0.0927338 0.0021628 0.772672 6.29862e-05 2.77877e-05 0.00739462 0.0666808 0.050874 0.00318257 
0.011564 0.290668 0.00150428 0.452727 9.59444e-06 7.35509e-05 0.00541531 0.113092 0.094051 0.0308952 
0.0119399 0.136248 0.017363 0.55472 0.00026203 0.00140162 0.0647638 0.101694 0.097656 0.013952 
0.0395703 0.019742 0.0197154 0.571218 0.000305108 0.00588701 0.00665931 0.207128 0.0265459 0.103229 
0.0227759 0.147383 0.000631751 0.680292 0.000132873 1.50243e-05 0.00398125 0.111681 0.0321424 0.000964606 
0.0023409 0.352341 0.00049651 0.499936 7.16842e-07 9.11379e-06 0.0144957 0.0656733 0.0439844 0.0207219 
0.00889997 0.0194675 0.0237346 0.328348 0.00835306 0.0075149 0.28446 0.0958221 0.00520313 0.218196 
0.0124643 0.398506 0.0123541 0.526793 1.6705e-06 0.000249732 0.00135737 0.0133124 0.0333796 0.00158109 
0.0459212 0.268008 0.0461741 0.460664 6.19811e-05 9.91732e-06 0.00848765 0.0558704 0.1134 0.00140261 
0.0341884 0.0967299 0.000866129 0.672696 1.06641e-07 0.00013324 0.0435554 0.112803 0.0225985 0.0164288 
0.0128088 0.106638 0.0598421 0.528071 0.000299332 0.0180625 0.0189694 0.169711 0.0576198 0.0279781 
0.011564 0.290668 0.00150428 0.452727 9.59444e-06 7.35509e-05 0.00541531 0.113092 0.094051 0.0308952 
0.0181337 0.159144 0.110841 0.258096 5.00474e-05 0.106723 0.0282514 0.1465 0.091286 0.0809752 
0.00301343 0.0819535 8.22596e-05 0.868654 5.11669e-05 1.22784e-05 0.0173449 0.0138612 0.0116874 0.00333987 
0.0227759 0.147383 0.000631751 0.680292 0.000132873 1.50243e-05 0.00398125 0.111681 0.0321424 0.000964606 
0.0171055 0.450405 0.00600993 0.450614 2.288e-07 4.95758e-06 0.00136449 0.0248252 0.0485499 0.00112048 
0.000784161 0.00031881 5.95448e-05 0.715602 1.45858e-05 1.60576e-06 0.143604 0.0333977 0.0890489 0.0171686 
0.0090276 0.190962 0.000932326 0.724813 5.52259e-05 2.82916e-05 0.00206446 0.0171741 0.0548754 6.68219e-05 
0.000714449 0.295663 0.000509747 0.606881 0.0455685 0.000399077 0.0292384 0.00995224 0.0101375 0.00093668 
0.0399701 0.0564132 0.0460731 0.321411 0.01359 0.0079655 0.11447 0.220544 0.168609 0.010953 
0.0132767 0.339903 0.00156243 0.365692 3.69094e-05 7.54727e-05 0.00656297 0.138583 0.104993 0.029315 
0.0351551 0.0437943 0.00768071 0.544119 0.000137212 0.00103679 0.00614665 0.26437 0.0358231 0.0617369 
0.0257214 0.142593 0.00891826 0.453075 0.000363734 0.00288499 0.0258206 0.129071 0.118202 0.0933497 
0.0157084 0.160445 0.000689257 0.450538 0.000205492 1.24291e-05 0.00411275 0.104382 0.263237 0.000668944 
0.0038391 0.0628304 0.00176314 0.88356 1.21954e-07 8.35007e-06 0.00372719 0.0244425 0.0194014 0.000428104 
0.0539316 0.0919641 0.0288419 0.718454 5.6076e-05 5.69578e-05 0.0116921 0.0600558 0.026734 0.00821304 
0.0171055 0.450405 0.00600993 0.450614 2.288e-07 4.95758e-06 0.00136449 0.0248252 0.0485499 0.00112048 
0.00178273 0.214429 0.00136012 0.6684 2.46491e-06 0.000115453 0.00439341 0.0626962 0.0455586 0.00126222 
0.0499887 0.163466 0.00980092 0.528553 6.05356e-06 7.74906e-05 0.0108044 0.102831 0.127953 0.00651931 
0.00631822 0.177325 0.00373651 0.678905 6.9032e-05 4.0883e-05 0.0229266 0.0811273 0.0237522 0.00579896 
0.0214153 0.0935325 0.000631726 0.739442 0.000124826 1.50203e-05 0.00398121 0.10775 0.0321423 0.000964584 
0.0306681 0.406049 0.000758721 0.52453 6.36065e-07 0.000128887 0.00465362 0.0195731 0.0131672 0.000471462 
0.00463574 0.209985 0.0274963 0.598469 9.08314e-05 0.000387797 0.0402566 0.0885307 0.0242148 0.0059338 
0.0554842 0.194725 0.00043078 0.522359 9.06227e-05 1.02501e-05 0.0076085 0.182238 0.0228996 0.0141536 
0.00230545 0.134085 0.001883 0.715677 9.37351e-05 3.72436e-05 0.018674 0.0906102 0.0325822 0.00405146 
0.0214153 0.0935325 0.000631726 0.739442 0.000124826 1.50203e-05 0.00398121 0.10775 0.0321423 0.000964584 
0.0265088 0.0685698 0.00112798 0.744394 6.38356e-05 3.26395e-06 0.0018365 0.0942333 0.0617271 0.00153552 
0.000711983 0.228104 0.00200496 0.573751 0.0006527 0.00013349 0.00107126 0.183418 0.00933952 0.000813392 
0.0112638 0.174908 0.00666278 0.624886 0.00137567 0.000402501 0.0210381 0.0825678 0.0728869 0.00400832 
0.00203875 0.101362 0.000337204 0.806544 6.16475e-05 4.58644e-05 0.00552758 0.0379486 0.0457515 0.000383476 
0.0110155 0.275307 0.0397141 0.388194 0.00134893 3.36182e-05 0.0628008 0.136708 0.0822743 0.00260292 
0.0122042 0.236949 0.00892796 0.428655 0.00017544 0.000196203 0.0166613 0.138349 0.0920478 0.0658335 
0.00392279 0.142577 0.00379158 0.56984 3.96027e-05 0.000424121 0.0127638 0.0828639 0.175696 0.00808105 
0.0065834 0.257841 0.00445471 0.573753 1.09096e-05 7.53738e-05 0.00516286 0.0425893 0.0745249 0.0350041 
0.0114147 0.0729701 0.0676141 0.670848 0.000374156 0.016102 0.0071389 0.0866066 0.0449479 0.0219833 
0.0144664 0.207484 0.00462286 0.68267 0.000121574 1.61489e-05 0.00546774 0.0287767 0.053987 0.00238848 
0.0142612 0.293101 0.00154415 0.365459 3.10856e-05 0.000117716 0.035723 0.137251 0.100952 0.0515598 
8.98774e-05 0.00631047 0.000155232 0.991516 0.000344186 1.67991e-05 0.000774942 0.000396754 0.000395712 3.19827e-10 
0.00460391 0.169644 0.000312805 0.684274 4.93558e-05 4.94646e-05 0.0304877 0.0566637 0.0472895 0.00662521 
0.000631615 0.132996 0.000723991 0.764163 1.69036e-05 5.42091e-05 0.0063511 0.0671034 0.0246039 0.00335568 
0.0108927 0.172874 0.00740962 0.663911 0.000100161 0.00104363 0.00963628 0.0757684 0.0509427 0.00742212 
0.00460569 0.176791 0.00344309 0.576533 0.000776634 3.11686e-05 0.0130334 0.181424 0.0379211 0.00544051 
0.011564 0.290668 0.00150428 0.452727 9.59444e-06 7.35509e-05 0.00541531 0.113092 0.094051 0.0308952 
0.00260156 0.132618 0.00253946 0.736841 4.5089e-05 2.41222e-05 0.0263538 0.0672753 0.0291933 0.00250871 
0.00203875 0.101362 0.000337204 0.806544 6.16475e-05 4.58644e-05 0.00552758 0.0379486 0.0457515 0.000383476 
0.0702541 0.121557 0.000263122 0.370532 0.000129549 1.33488e-07 0.212322 0.149262 0.0683971 0.00728366 
0.0265088 0.0685698 0.00112798 0.744394 6.38356e-05 3.26395e-06 0.0018365 0.0942333 0.0617271 0.00153552 
0.0076115 0.074398 0.000826251 0.57418 0.000784711 5.95251e-05 0.0122088 0.136203 0.192208 0.00152078 
0.00524321 0.113115 0.00224721 0.817993 0.000135917 1.21493e-05 0.0162404 0.0288226 0.0154699 0.000720386 
0.0108174 0.120458 0.134096 0.56846 0.000374146 0.00663162 0.0085859 0.0942912 0.0440022 0.012284 
0.011564 0.290668 0.00150428 0.452727 9.59444e-06 7.35509e-05 0.00541531 0.113092 0.094051 0.0308952 
0.014092 0.239772 0.0169853 0.402431 0.000824042 0.00315146 0.0595238 0.180619 0.0746226 0.00797931 
0.0217151 0.309857 0.000299305 0.488379 0.000324905 2.84689e-05 0.0110289 0.0732194 0.0949357 0.000212926 
0.0201317 0.305575 0.000285837 0.328779 0.00088008 0.017057 0.0289386 0.247621 0.0473379 0.00339435 
0.000951803 0.220701 0.00059949 0.68745 3.06864e-07 3.40573e-06 0.00305172 0.0614166 0.0242011 0.00162476 
0.00405531 0.35377 4.69856e-05 0.589433 3.13967e-07 0.000139039 0.000180118 0.000373519 0.050542 0.00146009 
0.0128088 0.106638 0.0598421 0.528071 0.000299332 0.0180625 0.0189694 0.169711 0.0576198 0.0279781 
0.0524821 0.205019 0.0133956 0.328559 0.000348933 0.000940559 0.114407 0.143147 0.11434 0.0273604 
0.0038391 0.0628304 0.00176314 0.88356 1.21954e-07 8.35007e-06 0.00372719 0.0244425 0.0194014 0.000428104 
0.00260156 0.132618 0.00253946 0.736841 4.5089e-05 2.41222e-05 0.0263538 0.0672753 0.0291933 0.00250871 
0.0096917 0.0953763 0.0230037 0.747622 0.000218069 0.00235027 0.0107623 0.0534607 0.05 0.00751479 
0.00634227 0.170261 0.00278364 0.654059 0.00223985 0.000247107 0.04335 0.0634448 0.039798 0.0174741 
0.00560853 0.173751 0.00167784 0.444044 7.91263e-05 0.000122966 0.0354481 0.16166 0.170022 0.00758645 
0.00460391 0.169644 0.000312805 0.684274 4.93558e-05 4.94646e-05 0.0304877 0.0566637 0.0472895 0.00662521 
0.0408029 0.157884 0.000949227 0.555159 0.000114951 1.32762e-05 0.0121472 0.119088 0.110461 0.00337959 
0.0195192 0.133492 0.00119144 0.717923 0.00010085 1.40713e-05 0.0023229 0.0578252 0.0668839 0.000727875 
0.0134869 0.14483 0.0178865 0.621985 0.0107049 0.00141672 0.0183544 0.107935 0.0534623 0.00993738 
0.0198786 0.112661 0.0104681 0.659452 0.00185005 0.00162285 0.016532 0.10099 0.0652025 0.0113421 
0.0341884 0.0967299 0.000866129 0.672696 1.06641e-07 0.00013324 0.0435554 0.112803 0.0225985 0.0164288 
0.0119681 0.273481 0.0158152 0.292459 0.000331935 0.000430619 0.220454 0.117006 0.0419345 0.0261196 
0.02442 0.246961 0.00543497 0.451646 0.000271675 0.00460911 0.0334601 0.151832 0.0709821 0.0103835 
0.0279853 0.355467 0.00416137 0.425555 9.63985e-05 0.00539402 0.0184396 0.0454608 0.100655 0.016785 
0.00900939 0.119995 0.000460632 0.625976 4.043e-05 7.2644e-06 0.00160616 0.0502002 0.192311 0.000394674 
0.00178273 0.214429 0.00136012 0.6684 2.46491e-06 0.000115453 0.00439341 0.0626962 0.0455586 0.00126222 
0.0214153 0.0935325 0.000631726 0.739442 0.000124826 1.50203e-05 0.00398121 0.10775 0.0321423 0.000964584 
0.0274385 0.0421368 1.16399e-07 0.508966 0.00469213 8.28821e-05 0.294336 0.0899314 0.0213054 0.0111112 
0.00109846 0.132147 0.00745927 0.775109 1.70446e-05 0.000323011 0.00586062 0.0579697 0.0165379 0.00347804 
0.0119995 0.10523 0.0382557 0.670961 0.000185166 0.00428899 0.00935958 0.0954543 0.0538651 0.0104005 
0.0063059 0.0494218 0.00419913 0.755625 3.52781e-05 1.92543e-05 0.0100027 0.0999645 0.0710048 0.00342121 
0.00900939 0.119995 0.000460632 0.625976 4.043e-05 7.2644e-06 0.00160616 0.0502002 0.192311 0.000394674 
0.00636461 0.132439 0.00683436 0.602723 6.10592e-05 8.17673e-05 0.00386997 0.0727042 0.172743 0.00217908 
0.0444013 0.264274 0.0021373 0.293095 0.0193986 7.61129e-05 0.0214682 0.137353 0.138536 0.0792599 
0.0098994 0.146324 0.000728378 0.507142 0.000379364 3.88974e-05 0.0155378 0.201184 0.116361 0.00240539 
0.0171055 0.450405 0.00600993 0.450614 2.288e-07 4.95758e-06 0.00136449 0.0248252 0.0485499 0.00112048 
0.0111194 0.0972172 0.0066599 0.319386 7.58452e-05 9.04487e-05 0.0113231 0.296599 0.255672 0.00185753 
0.00178273 0.214429 0.00136012 0.6684 2.46491e-06 0.000115453 0.00439341 0.0626962 0.0455586 0.00126222 
0.000770395 0.370548 0.00606333 0.411445 0.0217277 0.000615921 0.143118 0.0184184 0.00557998 0.0217129 
0.00900939 0.119995 0.000460632 0.625976 4.043e-05 7.2644e-06 0.00160616 0.0502002 0.192311 0.000394674 
0.0128088 0.106638 0.0598421 0.528071 0.000299332 0.0180625 0.0189694 0.169711 0.0576198 0.0279781 
0.0232574 0.0603136 0.00933522 0.668849 0.00107212 0.00771929 0.0427374 0.0898078 0.0802283 0.0166795 
0.0276095 0.0811383 0.00997373 0.727521 0.000162521 0.00108117 0.00412316 0.0825528 0.0536428 0.0121949 
0.00516676 0.13577 0.000486851 0.69735 0.000135846 7.95867e-05 0.00580358 0.0567109 0.0979857 0.000510005 
0.00120673 0.377653 0.00406879 0.528434 2.82155e-06 0.000124597 0.00309619 0.0410238 0.0385356 0.00585398 
0.0154627 0.162274 0.0887846 0.580259 0.000669477 0.000199762 0.0182971 0.0735997 0.056109 0.00434527 
0.011564 0.290668 0.00150428 0.452727 9.59444e-06 7.35509e-05 0.00541531 0.113092 0.094051 0.0308952 
0.0227759 0.147383 0.000631751 0.680292 0.000132873 1.50243e-05 0.00398125 0.111681 0.0321424 0.000964606 
0.00524321 0.113115 0.00224721 0.817993 0.000135917 1.21493e-05 0.0162404 0.0288226 0.0154699 0.000720386 
0.00973595 0.215289 0.1627 0.306188 0.000222443 0.00422104 0.0074879 0.0660404 0.206431 0.0216836 
0.0108855 0.121156 0.00428925 0.696613 0.000368727 0.000657793 0.0117949 0.0965423 0.0510295 0.00666342 
0.00262124 0.128858 0.000417862 0.753419 7.92578e-05 5.89677e-05 0.00708834 0.048448 0.0585159 0.000493039 
0.00692768 0.14908 0.000692372 0.396798 1.14417e-06 6.67167e-07 0.0172887 0.387316 0.0346598 0.00723479 
0.00595971 0.11117 0.0094254 0.783448 7.63617e-07 1.53224e-06 0.0310245 0.0264968 0.0322324 0.000240789 
0.00178273 0.214429 0.00136012 0.6684 2.46491e-06 0.000115453 0.00439341 0.0626962 0.0455586 0.00126222 
0.00502981 0.149675 0.00607201 0.637994 3.19602e-05 0.000157083 0.00515527 0.0923514 0.0744967 0.029037 
0.000516777 0.109639 0.000603 0.805953 1.38305e-05 4.43532e-05 0.00520375 0.055051 0.0202296 0.00274556 
0.0212192 0.215125 0.0295458 0.276261 0.00067071 0.0180263 0.040901 0.117381 0.133947 0.146922 
0.0361003 0.211883 0.0155234 0.461216 8.60149e-06 0.000108905 0.0143699 0.119639 0.136672 0.00447847 
0.0467561 0.116258 0.000672793 0.282126 0.000231145 0.0707481 0.197441 0.194019 0.0804494 0.0112978 
0.0129152 0.294344 0.00942392 0.458603 3.01636e-05 9.53491e-05 0.0053127 0.108894 0.0813893 0.0289937 
0.0395703 0.019742 0.0197154 0.571218 0.000305108 0.00588701 0.00665931 0.207128 0.0265459 0.103229 
0.00260156 0.132618 0.00253946 0.736841 4.5089e-05 2.41222e-05 0.0263538 0.0672753 0.0291933 0.00250871 
0.0141544 0.278829 0.00864099 0.597719 9.92716e-05 2.84992e-07 0.0124884 0.0216626 0.0663751 3.10538e-05 
0.0514233 0.0923475 0.0344046 0.250518 1.73315e-07 0.00945093 0.0844661 0.211113 0.218892 0.0473845 
0.00889997 0.0194675 0.0237346 0.328348 0.00835306 0.0075149 0.28446 0.0958221 0.00520313 0.218196 
0.00616163 0.116929 7.08473e-05 0.798236 6.74534e-05 1.10811e-06 0.00521441 0.0422547 0.0302577 0.000807236 
0.00994472 0.0880764 0.00487793 0.702367 6.39307e-05 0.000576405 0.0129462 0.112161 0.0452749 0.0237115 
0.037545 0.240732 0.00148546 0.496518 1.73942e-05 3.38871e-05 0.0180306 0.0456632 0.159387 0.000587868 
0.0141563 0.0521702 0.000648239 0.602875 1.12345e-05 2.2375e-05 0.00300767 0.0813365 0.245128 0.000644382 
0.0128088 0.106638 0.0598421 0.528071 0.000299332 0.0180625 0.0189694 0.169711 0.0576198 0.0279781 
0.0252266 0.256529 0.00886263 0.446517 0.00363152 0.0149547 0.0320149 0.10824 0.0965858 0.0074386 
0.00178273 0.214429 0.00136012 0.6684 2.46491e-06 0.000115453 0.00439341 0.0626962 0.0455586 0.00126222 
0.0012544 0.359283 0.0143426 0.577984 2.70008e-09 1.78754e-05 0.00120537 0.0167871 0.0290688 5.70348e-05 
0.0160501 0.178327 0.000909375 0.592483 0.000134551 1.56191e-05 0.00345324 0.10793 0.0996018 0.00109588 
0.0343471 0.259087 0.00777641 0.496695 5.04013e-05 0.000119878 0.0103112 0.110611 0.0759351 0.00506722 
0.00619655 0.19949 0.0227443 0.605613 0.00105731 0.0030972 0.0199776 0.0825947 0.0508407 0.0083893 
0.0240359 0.319839 0.00168435 0.35711 6.25008e-05 0.000113007 0.00901931 0.101751 0.182775 0.00360945 
0.0085555 0.156068 0.00238766 0.698387 0.000164319 7.24157e-05 0.0120815 0.0791488 0.0388645 0.00427005 
0.0103777 0.264475 0.00734622 0.476148 0.00127937 2.03296e-05 0.00189721 0.166661 0.0679266 0.00386868 
0.104153 0.16463 0.0178814 0.518789 3.79199e-05 1.16777e-05 0.0146003 0.0745088 0.0964256 0.00896219 
0.0114432 0.039313 0.00716202 0.719045 4.04961e-05 2.87164e-05 0.0081169 0.0875973 0.123591 0.00366206 
0.0076944 0.0693262 0.00109846 0.579306 0.000653644 6.06608e-05 0.0174771 0.171569 0.14979 0.00302502 
0.0273217 0.15377 0.038867 0.409479 0.000346163 0.0147376 0.0479931 0.128245 0.103502 0.0757385 
0.0111194 0.0972172 0.0066599 0.319386 7.58452e-05 9.04487e-05 0.0113231 0.296599 0.255672 0.00185753 
0.121494 0.189277 0.000313444 0.544189 0.000235129 2.73394e-05 0.0409978 0.0670547 0.0364038 7.58569e-06 
0.0646714 0.0131431 0.0262732 0.342745 0.000443109 0.0126018 0.0302177 0.291168 0.0542945 0.164442 
0.0059826 0.226895 0.0131624 0.587585 0.000635013 4.29304e-05 0.0860477 0.0369384 0.0401317 0.00258007 
0.0269985 0.170503 0.0502379 0.427508 0.000615666 0.00120997 0.0137838 0.124601 0.151357 0.0331848 
0.00698118 0.321468 0.0094458 0.419114 0.0267384 0.000396265 0.0445835 0.129722 0.0369615 0.0045891 
0.0161281 0.237503 0.0644239 0.303197 1.23869e-06 3.79796e-06 0.00462167 0.180975 0.193079 6.6696e-05 
0.0353792 0.101378 0.00812044 0.300902 0.010143 0.00208961 0.0885667 0.175001 0.242487 0.0359328 
0.0238478 0.104835 0.0217864 0.406347 0.000117959 0.016122 0.0214443 0.229327 0.0445429 0.13163 
0.0596436 0.0548807 0.00208338 0.441479 0.000128009 4.80425e-05 0.00883529 0.259205 0.16633 0.00736605 
0.0256367 0.341212 0.011634 0.345776 2.5539e-05 1.59633e-05 0.0281261 0.141056 0.0696187 0.0368999 
0.0265088 0.0685698 0.00112798 0.744394 6.38356e-05 3.26395e-06 0.0018365 0.0942333 0.0617271 0.00153552 
0.0903917 0.306941 0.000837784 0.325517 0.000287444 2.90532e-05 0.118587 0.0725409 0.00936394 0.0755041 
0.012318 0.276111 0.000384044 0.418711 3.37312e-05 0.000403943 0.0324863 0.113628 0.105315 0.040609 
0.0012544 0.359283 0.0143426 0.577984 2.70008e-09 1.78754e-05 0.00120537 0.0167871 0.0290688 5.70348e-05 
0.0204678 0.0544469 0.00227283 0.650875 0.000654489 9.36578e-05 0.0885761 0.0742733 0.0711134 0.0372264 
0.00795855 0.296209 0.0190173 0.325848 1.02096e-05 0.00335251 0.0858181 0.164388 0.0548202 0.042579 
0.00376682 0.17678 0.00324488 0.630415 2.19904e-05 3.48106e-05 0.00343852 0.0409559 0.119883 0.0214592 
0.0188706 0.291098 0.000163621 0.398644 0.000106759 2.76888e-05 0.0309425 0.0967814 0.160655 0.00271132 
0.00657961 0.116175 0.00700087 0.731807 0.000238298 0.000540123 0.0135513 0.0707921 0.0500321 0.00328322 
6.33122e-05 0.276322 0.00026259 0.367079 0.00242838 0.000665752 0.311153 0.0313556 0.0103364 0.000333768 
0.00308881 0.331439 0.0238774 0.340788 0.000394403 0.000300916 0.213407 0.0621845 0.02452 9.86779e-08 
0.00524321 0.113115 0.00224721 0.817993 0.000135917 1.21493e-05 0.0162404 0.0288226 0.0154699 0.000720386 
0.00425472 0.308688 0.000794213 0.344967 1.08667e-06 2.56036e-06 0.245614 0.0549868 0.0170875 0.0236038 
0.000886734 0.0824268 0.000524085 0.791282 0.000465857 0.000136387 0.0674847 0.0526157 0.002419 0.00175856 
0.0603288 0.179172 0.0916273 0.190693 0.000211811 0.00953683 0.154052 0.182864 0.119918 0.0115956 
0.0037581 0.379907 0.00156738 0.467596 4.77872e-05 3.55366e-05 0.0124723 0.106435 0.00699069 0.0211902 
0.0105793 0.287876 0.00853667 0.480842 8.22703e-06 6.30451e-05 0.0046417 0.0978869 0.0830847 0.0264817 
0.00694008 0.10642 0.0072623 0.649996 3.69867e-05 3.71773e-05 0.0227231 0.117196 0.0827523 0.00663644 
0.00902425 0.317964 0.00171488 0.510945 0.000624911 2.298e-05 0.0886599 0.0397408 0.0271743 0.00412842 
0.0554842 0.194725 0.00043078 0.522359 9.06227e-05 1.02501e-05 0.0076085 0.182238 0.0228996 0.0141536 
0.0274716 0.110614 0.000760344 0.254621 0.000434758 0.000167766 0.19297 0.252387 0.149696 0.0108775 
0.0166969 0.19771 0.0293074 0.470314 0.00219711 0.0120397 0.0524809 0.0898183 0.106913 0.0225223 
0.0153706 0.111847 0.0155014 0.679809 0.000234081 0.00131164 0.0111097 0.0950259 0.0596485 0.0101422 
0.00616163 0.116929 7.08473e-05 0.798236 6.74534e-05 1.10811e-06 0.00521441 0.0422547 0.0302577 0.000807236 
0.011564 0.290668 0.00150428 0.452727 9.59444e-06 7.35509e-05 0.00541531 0.113092 0.094051 0.0308952 
0.00409432 0.225762 0.0156718 0.42237 0.197897 0.000111685 0.0168352 0.0863345 0.0296533 0.00126973 
0.0528453 0.27267 0.000445019 0.342754 8.30439e-05 2.91113e-05 0.029411 0.139527 0.15895 0.00328596 
0.0338702 0.264745 0.00264812 0.297713 0.00754567 0.000155265 0.0270632 0.28295 0.0691032 0.014206 
0.00879014 0.204339 0.00564759 0.657885 4.63541e-06 6.02099e-05 0.00447357 0.0466407 0.0702074 0.00195106 
0.00431569 0.156762 0.00899119 0.722621 4.49285e-05 0.000223236 0.00610056 0.0609933 0.0366088 0.00333905 
0.0155139 0.309963 0.00743896 0.584747 7.62434e-05 9.28517e-06 0.00406438 0.034809 0.0423843 0.000993996 
0.00457421 0.0967147 0.0112972 0.721956 8.90241e-05 0.00182213 0.0108259 0.0998555 0.04476 0.00810582 
0.00441702 0.206549 0.0045668 0.493277 0.000319469 0.00048332 0.195768 0.0652199 0.017765 0.0116342 
0.00109846 0.132147 0.00745927 0.775109 1.70446e-05 0.000323011 0.00586062 0.0579697 0.0165379 0.00347804 
0.0185625 0.193279 0.00764573 0.678893 7.47954e-05 3.19752e-05 0.00455671 0.0250819 0.0680498 0.00382512 
0.0131519 0.196762 0.000643351 0.47216 0.000233098 1.12341e-05 0.00457705 0.0905128 0.221401 0.000547318 
0.00178273 0.214429 0.00136012 0.6684 2.46491e-06 0.000115453 0.00439341 0.0626962 0.0455586 0.00126222 
0.0418226 0.208164 0.00531399 0.684942 9.70005e-08 7.63908e-07 0.00589312 0.0503551 0.000149142 0.00335883 
0.0351551 0.0437943 0.00768071 0.544119 0.000137212 0.00103679 0.00614665 0.26437 0.0358231 0.0617369 
0.0222273 0.110206 0.000660071 0.687997 0.000143536 3.53492e-05 0.00565117 0.132511 0.0393742 0.00119449 
0.00294648 0.126223 0.00413957 0.715615 0.00599085 0.000339472 0.0562715 0.0677098 0.0151582 0.0056056 
0.00865979 0.1088 0.012284 0.708374 0.00354367 0.00151087 0.029845 0.0966774 0.0216576 0.00864786 
0.0197297 0.143857 0.116151 0.279305 5.91462e-05 0.125122 0.0325994 0.143457 0.0728742 0.0668455 
0.0209696 0.109099 0.0559589 0.579044 0.00173823 0.00690847 0.0219387 0.105588 0.0672626 0.0314928 
0.0134553 0.280475 0.00567151 0.403846 0.00332667 0.00113747 0.086768 0.143569 0.0343504 0.0274002 
0.0048841 0.111319 0.0120701 0.754433 9.61845e-05 9.022e-06 0.00463589 0.0837669 0.0276277 0.00115851 
0.00616968 0.170439 0.210387 0.213217 0.00649338 0.154554 0.0597277 0.0983115 0.0674343 0.0132661 
0.0196641 0.291136 0.000346331 0.38875 0.00049666 0.0107299 0.0223192 0.199629 0.0631231 0.00380511 
0.0782185 0.103702 0.0186641 0.602205 0.000143481 0.00012316 0.0128158 0.108796 0.0508057 0.0245264 
0.0278135 0.213554 0.00373833 0.262139 9.77451e-05 1.80302e-05 0.197641 0.176002 0.100939 0.0180576 
0.00109846 0.132147 0.00745927 0.775109 1.70446e-05 0.000323011 0.00586062 0.0579697 0.0165379 0.00347804 
0.00331292 0.413604 0.0195159 0.438584 0.0056293 1.02579e-05 0.0251316 0.0543907 0.0291951 0.0106265 
0.0268369 0.151084 0.000973478 0.396767 0.000386096 1.96791e-05 0.0138417 0.137901 0.269439 0.0027514 
0.0027354 0.0768542 0.00608248 0.878456 2.7591e-07 4.3313e-05 0.0022911 0.0179425 0.0153215 0.000273225 
0.0217151 0.309857 0.000299305 0.488379 0.000324905 2.84689e-05 0.0110289 0.0732194 0.0949357 0.000212926 
0.00891377 0.0928678 0.000423402 0.739841 5.52529e-05 1.1099e-05 0.00170657 0.0394997 0.116459 0.00022214 
0.0399955 0.279403 0.0143827 0.438457 0.000126938 0.00266364 0.0140401 0.0873761 0.105202 0.0183542 
0.0351551 0.0437943 0.00768071 0.544119 0.000137212 0.00103679 0.00614665 0.26437 0.0358231 0.0617369 
0.0114432 0.039313 0.00716202 0.719045 4.04961e-05 2.87164e-05 0.0081169 0.0875973 0.123591 0.00366206 
0.0128088 0.106638 0.0598421 0.528071 0.000299332 0.0180625 0.0189694 0.169711 0.0576198 0.0279781 
0.023327 0.102966 0.0083043 0.614532 0.000296694 0.0129996 0.0265966 0.134553 0.0483117 0.0281128 
0.0395703 0.019742 0.0197154 0.571218 0.000305108 0.00588701 0.00665931 0.207128 0.0265459 0.103229 
0.00924565 0.122064 0.00271406 0.759713 8.40434e-05 9.1934e-05 0.00489015 0.065157 0.0341254 0.00191477 
0.0066591 0.114007 0.000168362 0.648327 0.000612971 6.42014e-05 0.0586622 0.101168 0.0686835 0.00164736 
0.00350372 0.0802545 0.00369308 0.834522 1.97498e-06 3.89806e-06 0.00573491 0.0174944 0.0541186 0.000672982 
0.00616163 0.116929 7.08473e-05 0.798236 6.74534e-05 1.10811e-06 0.00521441 0.0422547 0.0302577 0.000807236 
0.00292109 0.150122 0.000374612 0.700604 6.16451e-05 5.72752e-05 0.00635837 0.064238 0.0748484 0.000414547 
0.0128088 0.106638 0.0598421 0.528071 0.000299332 0.0180625 0.0189694 0.169711 0.0576198 0.0279781 
0.0923237 0.0501773 0.159189 0.163542 0.00127638 0.0418449 0.119008 0.161498 0.109214 0.101927 
0.00203875 0.101362 0.000337204 0.806544 6.16475e-05 4.58644e-05 0.00552758 0.0379486 0.0457515 0.000383476 
0.00236244 0.159871 0.011202 0.619387 2.54143e-06 3.2643e-05 0.0100563 0.0843692 0.0834961 0.0292204 
0.0090276 0.190962 0.000932326 0.724813 5.52259e-05 2.82916e-05 0.00206446 0.0171741 0.0548754 6.68219e-05 
0.00828214 0.173025 0.000722742 0.606491 3.72e-09 5.33326e-06 0.00681623 0.100259 0.0904569 0.0139412 
0.0166772 0.202906 0.0362497 0.299908 0.00032518 0.00679126 0.124865 0.236339 0.0709301 0.00500863 
0.0140127 0.298697 0.0018412 0.37048 7.13677e-06 6.57004e-05 0.00558869 0.174062 0.105289 0.0299571 
0.00297584 0.186843 0.000730663 0.685929 3.45422e-09 5.24642e-06 0.00750685 0.0564613 0.049145 0.0104034 
0.00178273 0.214429 0.00136012 0.6684 2.46491e-06 0.000115453 0.00439341 0.0626962 0.0455586 0.00126222 
0.00970326 0.142798 0.00331889 0.679682 5.07325e-05 0.000731335 0.0241502 0.0532382 0.0244608 0.0618663 
0.0128088 0.106638 0.0598421 0.528071 0.000299332 0.0180625 0.0189694 0.169711 0.0576198 0.0279781 
0.0217151 0.309857 0.000299305 0.488379 0.000324905 2.84689e-05 0.0110289 0.0732194 0.0949357 0.000212926 
0.00535187 0.267351 0.00211988 0.57853 1.75278e-05 0.000190109 0.00701686 0.0709188 0.0626844 0.00581932 
0.00203875 0.101362 0.000337204 0.806544 6.16475e-05 4.58644e-05 0.00552758 0.0379486 0.0457515 0.000383476 
0.0227759 0.147383 0.000631751 0.680292 0.000132873 1.50243e-05 0.00398125 0.111681 0.0321424 0.000964606 
0.0139885 0.234879 7.26456e-05 0.455754 3.37392e-05 2.692e-06 0.00157362 0.148462 0.13958 0.00565373 
0.000516777 0.109639 0.000603 0.805953 1.38305e-05 4.43532e-05 0.00520375 0.055051 0.0202296 0.00274556 
0.0161003 0.250921 0.0318584 0.321923 0.000563505 0.0242784 0.0221336 0.14219 0.188173 0.00185876 
0.00203875 0.101362 0.000337204 0.806544 6.16475e-05 4.58644e-05 0.00552758 0.0379486 0.0457515 0.000383476 
0.01066 0.117248 0.00773343 0.624309 0.000332564 6.10508e-05 0.0226852 0.10618 0.108199 0.00259096 
0.0228066 0.426245 0.00801267 0.441784 1.04957e-07 6.59553e-06 0.00181904 0.0330997 0.0647324 0.00149383 
0.0242998 0.110152 0.0602675 0.398541 0.000517798 0.00867997 0.115816 0.152096 0.0822942 0.0473363 
0.000469122 0.256202 0.000318062 0.653138 9.75006e-07 3.33601e-05 0.00189454 0.0265577 0.0442085 0.0171777 
0.00800832 0.0696036 0.00496055 0.512505 8.13774e-05 8.1753e-05 0.00822938 0.212069 0.183098 0.00136278 
0.0027354 0.0768542 0.00608248 0.878456 2.7591e-07 4.3313e-05 0.0022911 0.0179425 0.0153215 0.000273225 
0.0103693 0.308742 0.0157476 0.49826 0.000447698 2.06236e-05 0.0805038 0.0549639 0.0307972 0.000147584 
0.00109846 0.132147 0.00745927 0.775109 1.70446e-05 0.000323011 0.00586062 0.0579697 0.0165379 0.00347804 
0.0105793 0.287876 0.00853667 0.480842 8.22703e-06 6.30451e-05 0.0046417 0.0978869 0.0830847 0.0264817 
0.0144741 0.0964011 0.0512879 0.601886 0.000243426 0.00221697 0.00545819 0.0913224 0.129382 0.00732767 
0.0184223 0.213881 0.0113636 0.469919 1.1516e-05 4.59533e-05 0.0509909 0.115741 0.0896707 0.0299543 
0.00475027 0.120521 0.011635 0.702876 0.000120464 0.00215781 0.0093642 0.0940585 0.0470419 0.00747402 
0.0201317 0.305575 0.000285837 0.328779 0.00088008 0.017057 0.0289386 0.247621 0.0473379 0.00339435 
0.0351551 0.0437943 0.00768071 0.544119 0.000137212 0.00103679 0.00614665 0.26437 0.0358231 0.0617369 
0.00349076 0.0925632 0.00586292 0.466429 0.213012 0.000337408 0.134387 0.0472699 0.0343059 0.0023426 
0.0100537 0.188946 0.0101604 0.621218 0.000263027 0.000758672 0.0330918 0.0711518 0.057117 0.0072401 
0.0038391 0.0628304 0.00176314 0.88356 1.21954e-07 8.35007e-06 0.00372719 0.0244425 0.0194014 0.000428104 
0.00716612 0.055243 0.00550285 0.794519 5.76391e-05 1.4891e-05 0.00694081 0.0458367 0.0828503 0.00186842 
0.0158867 0.297166 0.00856293 0.394273 5.45828e-05 0.000250063 0.0523674 0.123152 0.0983001 0.00998679 
0.018863 0.35049 0.0161969 0.473017 4.51451e-05 2.89012e-05 0.00502525 0.0812819 0.0528889 0.00216297 
0.00318968 0.116117 0.0264087 0.783457 6.80129e-05 1.49576e-05 0.00540853 0.0249991 0.039809 0.00052866 
0.0214153 0.0935325 0.000631726 0.739442 0.000124826 1.50203e-05 0.00398121 0.10775 0.0321423 0.000964584 
0.017705 0.217386 0.0397437 0.50311 0.000381209 0.000108375 0.0616517 0.0793201 0.0790044 0.00158976 
0.010495 0.0996187 0.00208202 0.776978 4.20044e-05 2.83476e-05 0.00645547 0.0550286 0.0465594 0.00271288 
0.011564 0.290668 0.00150428 0.452727 9.59444e-06 7.35509e-05 0.00541531 0.113092 0.094051 0.0308952 
0.0237324 0.330229 0.0136002 0.36288 0.000293119 0.0019694 0.0255783 0.127812 0.0935718 0.020334 
0.0240359 0.319839 0.00168435 0.35711 6.25008e-05 0.000113007 0.00901931 0.101751 0.182775 0.00360945 
0.00109846 0.132147 0.00745927 0.775109 1.70446e-05 0.000323011 0.00586062 0.0579697 0.0165379 0.00347804 
0.0265088 0.0685698 0.00112798 0.744394 6.38356e-05 3.26395e-06 0.0018365 0.0942333 0.0617271 0.00153552 
0.00535187 0.267351 0.00211988 0.57853 1.75278e-05 0.000190109 0.00701686 0.0709188 0.0626844 0.00581932 
0.0145892 0.236634 0.0704152 0.341661 9.79621e-05 6.1445e-06 0.0155465 0.0519887 0.256526 0.0125359 
0.00469023 0.134877 0.0163766 0.408466 0.318033 0.000179398 0.0144608 0.0561537 0.0463867 0.000376973 
0.0536194 0.0401434 0.0386118 0.288078 0.000414244 0.0169947 0.0209008 0.265561 0.0421753 0.233501 
0.015491 0.142669 0.00500668 0.757799 6.20924e-05 0.0169963 0.00226656 0.023575 0.0351711 0.000963414 
0.00616163 0.116929 7.08473e-05 0.798236 6.74534e-05 1.10811e-06 0.00521441 0.0422547 0.0302577 0.000807236 
0.00998177 0.122978 0.000556392 0.618228 8.26805e-05 7.63606e-06 0.00185193 0.0528451 0.193051 0.000418266 
0.0178931 0.115321 0.0254813 0.390689 0.000117759 0.00282499 0.026322 0.139426 0.215125 0.0668002 
0.0063059 0.0494218 0.00419913 0.755625 3.52781e-05 1.92543e-05 0.0100027 0.0999645 0.0710048 0.00342121 
0.124126 0.277157 0.00257372 0.287748 0.000118822 0.000471432 0.0936518 0.111783 0.0994845 0.00288583 
0.0114432 0.039313 0.00716202 0.719045 4.04961e-05 2.87164e-05 0.0081169 0.0875973 0.123591 0.00366206 
0.0117242 0.329554 0.00199621 0.388548 3.92015e-07 8.6894e-05 0.00448485 0.126979 0.0925382 0.0440892 
0.0090276 0.190962 0.000932326 0.724813 5.52259e-05 2.82916e-05 0.00206446 0.0171741 0.0548754 6.68219e-05 
0.0128088 0.106638 0.0598421 0.528071 0.000299332 0.0180625 0.0189694 0.169711 0.0576198 0.0279781 
0.00906175 0.209461 0.0144235 0.537656 5.37528e-05 0.000173195 0.107172 0.0536284 0.0461985 0.0221717 
0.00292109 0.150122 0.000374612 0.700604 6.16451e-05 5.72752e-05 0.00635837 0.064238 0.0748484 0.000414547 
0.0140021 0.162517 0.029208 0.437523 0.00030353 0.00551968 0.100341 0.189558 0.0569652 0.00406304 
0.00178273 0.214429 0.00136012 0.6684 2.46491e-06 0.000115453 0.00439341 0.0626962 0.0455586 0.00126222 
0.000176645 0.179151 7.74585e-05 0.723026 0.00485396 1.2921e-05 0.0392678 0.0380436 0.0153913 1.80679e-10 
0.0402336 0.0690642 0.0027523 0.439599 0.00124676 0.000106935 0.124747 0.135219 0.140254 0.0467773 
0.0531121 0.103617 0.0485913 0.282717 0.00043225 0.042991 0.0825253 0.253218 0.0306451 0.10215 
0.00109194 0.000901455 0.000248855 0.992795 0.000832717 4.36758e-05 0.000958773 0.00137303 0.00148446 0.000270446 
0.00800606 0.245106 5.68955e-05 0.305549 8.30166e-06 1.26142e-05 0.0766635 0.0906459 0.266064 0.00788804 
0.0285348 0.138207 0.00675372 0.557682 0.0590739 0.00146754 0.033774 0.0760871 0.0870917 0.0113285 
0.00651433 0.119897 0.0308671 0.695349 0.000109562 0.00119182 0.00951649 0.0726519 0.0524409 0.0114617 
0.0476684 0.0805915 0.027088 0.306985 0.00159364 0.0450344 0.0374082 0.0971986 0.184448 0.171985 
0.0730689 0.155316 0.00504061 0.313606 0.000323454 0.000128966 0.0415606 0.157983 0.247852 0.00512123 
0.00326891 0.246142 0.00682231 0.618086 1.5274e-06 0.000357937 0.0440207 0.0502243 0.0262608 0.00481523 
0.00203875 0.101362 0.000337204 0.806544 6.16475e-05 4.58644e-05 0.00552758 0.0379486 0.0457515 0.000383476 
0.010685 0.283612 0.0139961 0.569621 8.7805e-05 5.29441e-05 0.00296254 0.0533087 0.0652078 0.000466312 
0.0024967 0.0527714 7.21726e-05 0.823366 0.000157462 2.71172e-06 0.00231634 0.10253 0.0139506 0.00233702 
0.00164795 0.374312 0.0174259 0.457358 1.76955e-05 0.00379926 0.0211525 0.0790474 0.0427295 0.00251031 
0.0152073 0.364523 0.00291573 0.422324 0.000167832 0.000421414 0.0177256 0.0801498 0.0906135 0.00595202 
0.000886734 0.0824268 0.000524085 0.791282 0.000465857 0.000136387 0.0674847 0.0526157 0.002419 0.00175856 
0.0134386 0.322596 0.0114723 0.436811 0.0034978 0.00013255 0.0221699 0.125053 0.0554258 0.00940361 
0.100316 0.285558 0.00744262 0.319725 7.13868e-05 0.000151307 0.039863 0.121 0.0996993 0.0261739 
0.00550567 0.143257 0.000278723 0.632343 0.000591753 3.70058e-05 0.0287668 0.153736 0.0302113 0.00527257 
1.54702e-08 0.314576 2.67206e-08 0.685082 5.92498e-08 2.89494e-09 0.000188758 6.82843e-08 0.000152569 1.69184e-09 
0.0413523 0.1487 0.000388476 0.710778 4.38514e-05 1.42732e-05 0.000839789 0.0225783 0.0659864 0.00931889 
0.00551832 0.211797 0.00160494 0.672445 4.94206e-06 2.34843e-07 0.00894015 0.0513125 0.043836 0.00454065 
0.0395469 0.222087 0.00938215 0.474335 0.00027138 2.36761e-05 0.0323563 0.133688 0.0818196 0.00649 
0.0134805 0.203813 0.0436371 0.288503 0.000173849 0.0169787 0.0281122 0.112127 0.149706 0.143469 
0.00260225 0.109222 0.00146089 0.784129 8.58466e-05 4.49778e-05 0.015045 0.052095 0.033957 0.00135766 
0.00850209 0.0785679 0.00743954 0.703183 8.10272e-05 3.83644e-05 0.0171146 0.0953468 0.0852947 0.0044324 
0.0214153 0.0935325 0.000631726 0.739442 0.000124826 1.50203e-05 0.00398121 0.10775 0.0321423 0.000964584 
0.001298 0.372988 6.06249e-05 0.545786 6.13023e-05 1.44743e-06 0.0447583 0.0171527 0.0178787 1.43491e-05 
0.000516777 0.109639 0.000603 0.805953 1.38305e-05 4.43532e-05 0.00520375 0.055051 0.0202296 0.00274556 
0.0114432 0.039313 0.00716202 0.719045 4.04961e-05 2.87164e-05 0.0081169 0.0875973 0.123591 0.00366206 
0.042179 0.118285 0.00501214 0.690763 0.000130565 0.000438176 0.0142688 0.0663353 0.0608709 0.00171779 
0.00616163 0.116929 7.08473e-05 0.798236 6.74534e-05 1.10811e-06 0.00521441 0.0422547 0.0302577 0.000807236 
0.00449177 0.181642 0.000312656 0.686217 5.00715e-05 4.97084e-05 0.0356268 0.045778 0.039205 0.00662704 
0.00475693 0.322108 0.0130336 0.488442 1.99717e-06 2.41954e-06 0.000750049 0.0564038 0.112633 0.00186805 
0.0111194 0.0972172 0.0066599 0.319386 7.58452e-05 9.04487e-05 0.0113231 0.296599 0.255672 0.00185753 
0.0056074 0.208075 0.00988268 0.672956 1.08819e-05 1.38377e-05 0.00350304 0.0395182 0.0580333 0.0024001 
1.54702e-08 0.314576 2.67206e-08 0.685082 5.92498e-08 2.89494e-09 0.000188758 6.82843e-08 0.000152569 1.69184e-09 
0.0438002 0.262407 0.00331657 0.40097 3.16477e-05 0.00013294 0.0589863 0.0535431 0.16779 0.00902214 
0.0090276 0.190962 0.000932326 0.724813 5.52259e-05 2.82916e-05 0.00206446 0.0171741 0.0548754 6.68219e-05 
0.0328631 0.117162 0.00952255 0.331088 0.00055057 0.00587275 0.0714182 0.235298 0.0618915 0.134332 
0.0137627 0.140682 0.0701628 0.231317 1.43315e-05 0.0181627 0.159372 0.140844 0.0340954 0.191588 
0.0176417 0.240554 0.00609363 0.572751 8.1585e-05 4.20412e-05 0.0400687 0.106199 0.0138713 0.00269699 
0.00879014 0.204339 0.00564759 0.657885 4.63541e-06 6.02099e-05 0.00447357 0.0466407 0.0702074 0.00195106 
0.00203875 0.101362 0.000337204 0.806544 6.16475e-05 4.58644e-05 0.00552758 0.0379486 0.0457515 0.000383476 
0.0222273 0.110206 0.000660071 0.687997 0.000143536 3.53492e-05 0.00565117 0.132511 0.0393742 0.00119449 
0.0171055 0.450405 0.00600993 0.450614 2.288e-07 4.95758e-06 0.00136449 0.0248252 0.0485499 0.00112048 
0.0158554 0.188059 0.0631205 0.307209 0.000146993 0.0704989 0.0595442 0.119131 0.132186 0.0442487 
0.00203875 0.101362 0.000337204 0.806544 6.16475e-05 4.58644e-05 0.00552758 0.0379486 0.0457515 0.000383476 
0.000310962 0.234922 0.000430191 0.705257 5.24282e-07 5.83672e-06 0.00451154 0.0316587 0.0226222 0.000280725 
0.00152982 0.151431 0.00446185 0.398047 4.88428e-06 0.000418257 0.233667 0.134689 0.0745117 0.0012388 
0.0145892 0.236634 0.0704152 0.341661 9.79621e-05 6.1445e-06 0.0155465 0.0519887 0.256526 0.0125359 
0.0128088 0.106638 0.0598421 0.528071 0.000299332 0.0180625 0.0189694 0.169711 0.0576198 0.0279781 
0.0106143 0.264847 0.000717022 0.431324 3.70955e-05 0.000103502 0.00705027 0.0776242 0.203262 0.00442032 
0.0164402 0.107507 0.0389722 0.620282 6.80869e-05 0.0121346 0.0494975 0.0685961 0.0696993 0.0168033 
0.0227759 0.147383 0.000631751 0.680292 0.000132873 1.50243e-05 0.00398125 0.111681 0.0321424 0.000964606 
0.0321479 0.032581 0.0574517 0.525785 0.00150204 0.00353675 0.0346352 0.161542 0.0339621 0.116856 
0.0274476 0.1324 0.00242903 0.562927 0.00136771 3.93599e-05 0.0264585 0.0947767 0.0255538 0.1266 
0.00616163 0.116929 7.08473e-05 0.798236 6.74534e-05 1.10811e-06 0.00521441 0.0422547 0.0302577 0.000807236 
0.0038668 0.130559 0.00383165 0.635248 0.000882883 4.37391e-05 0.0162141 0.16514 0.038475 0.00573831 
0.0214153 0.0935325 0.000631726 0.739442 0.000124826 1.50203e-05 0.00398121 0.10775 0.0321423 0.000964584 
0.0229311 0.354224 0.0028965 0.375432 0.000621138 0.000915634 0.0307755 0.102427 0.103132 0.00664534 
0.00262124 0.128858 0.000417862 0.753419 7.92578e-05 5.89677e-05 0.00708834 0.048448 0.0585159 0.000493039 
0.0090276 0.190962 0.000932326 0.724813 5.52259e-05 2.82916e-05 0.00206446 0.0171741 0.0548754 6.68219e-05 
0.0111194 0.0972172 0.0066599 0.319386 7.58452e-05 9.04487e-05 0.0113231 0.296599 0.255672 0.00185753 
0.01031 0.181524 0.013688 0.612028 0.000328692 4.4653e-05 0.0516881 0.0831547 0.0439131 0.00332101 
0.0554842 0.194725 0.00043078 0.522359 9.06227e-05 1.02501e-05 0.0076085 0.182238 0.0228996 0.0141536 
0.011564 0.290668 0.00150428 0.452727 9.59444e-06 7.35509e-05 0.00541531 0.113092 0.094051 0.0308952 
0.0024967 0.0527714 7.21726e-05 0.823366 0.000157462 2.71172e-06 0.00231634 0.10253 0.0139506 0.00233702 
0.0129716 0.101822 0.000267003 0.761698 8.45979e-06 8.26813e-06 0.000539641 0.0280682 0.0944376 0.000179115 
0.0111194 0.0972172 0.0066599 0.319386 7.58452e-05 9.04487e-05 0.0113231 0.296599 0.255672 0.00185753 
0.0114432 0.039313 0.00716202 0.719045 4.04961e-05 2.87164e-05 0.0081169 0.0875973 0.123591 0.00366206 
0.00798069 0.272368 0.0160219 0.489248 9.04725e-05 1.89315e-06 0.0174622 0.0276042 0.160811 0.0084118 
0.0214153 0.0935325 0.000631726 0.739442 0.000124826 1.50203e-05 0.00398121 0.10775 0.0321423 0.000964584 
0.026754 0.244295 0.000171828 0.625408 7.23093e-05 5.75781e-06 0.00506435 0.0537579 0.0432511 0.0012202 
