0.0111177 0.116214 0.0166432 0.00645168 0.000220307 5.24827e-05 0.662348 0.166026 0.0135302 0.00739617 
0.0223398 0.122507 0.023393 0.000932682 8.88165e-06 1.05349e-05 0.417946 0.163415 0.172388 0.0770598 
0.148483 0.0582394 0.00183278 0.0304958 0.000292844 3.59673e-06 0.399851 0.312695 0.0318175 0.0162902 
0.0102831 0.0480217 0.0085078 0.0480732 0.0001284 0.000103844 0.682831 0.155778 0.0422964 0.00397661 
0.0265629 0.0571118 0.000960173 0.0097435 3.28862e-05 6.79863e-05 0.689282 0.132541 0.0714243 0.0122736 
0.0129587 0.0616519 0.0214676 0.0112992 0.00040903 0.00421951 0.401006 0.338184 0.119822 0.028982 
0.00205969 0.0901343 8.97662e-05 0.0347103 0.00302981 0.00136902 0.770533 0.081085 0.0164965 0.000492948 
0.0641596 0.199059 0.00021798 0.0337391 0.000604503 4.91885e-06 0.503795 0.137263 0.0129906 0.0481663 
0.0111119 0.0668266 0.00395996 0.0353167 8.59904e-07 3.93483e-08 0.84266 0.0295829 0.00691329 0.00362807 
0.0184666 0.0491064 0.00360307 0.00884645 0.00176023 0.000453971 0.585791 0.228867 0.0883562 0.0147488 
0.045052 0.0970755 0.0029153 0.0148328 0.00030409 0.000150028 0.698125 0.0915654 0.0225431 0.0274365 
0.164504 0.125244 0.00148321 0.00583957 0.000619106 9.6965e-05 0.433808 0.107412 0.135493 0.0255004 
0.043859 0.0540576 0.0333265 0.00701099 2.31975e-05 1.07178e-06 0.509382 0.272102 0.0765587 0.00367903 
0.00848764 0.11605 0.00181238 0.0181498 1.68946e-06 0.000398606 0.755119 0.071054 0.0227744 0.00615252 
0.018699 0.0394463 0.000837325 0.011116 0.00466812 0.000909352 0.665194 0.168961 0.0885278 0.00164106 
0.0167247 0.0703491 0.000774821 0.0168945 0.0159069 0.000934079 0.68025 0.142146 0.0392755 0.0167437 
0.0525765 0.0374746 0.0241143 0.0268321 0.000798177 0.0013817 0.47852 0.284191 0.053638 0.0404738 
0.0377796 0.153885 0.0195544 0.0283259 0.000357118 0.00981166 0.455186 0.140149 0.0966181 0.0583326 
0.0133157 0.0708259 0.000739301 0.00695615 0.154273 8.40522e-05 0.587813 0.110859 0.0435304 0.0116038 
0.0123978 0.25531 0.0275349 0.0548291 0.000768041 0.00026229 0.495844 0.0987673 0.0375804 0.0167062 
0.0137255 0.187916 0.000804876 0.0721827 0.0336204 0.000216244 0.500776 0.0504081 0.131375 0.00897489 
0.0122199 0.165488 0.010843 0.016871 0.00108037 0.000365412 0.340319 0.254266 0.177668 0.0208791 
0.0760126 0.0244462 0.000229313 8.8045e-06 0.000244077 5.25393e-05 0.777193 0.0677056 0.000985015 0.0531228 
0.00202874 0.0856658 0.00643491 0.00116661 6.45189e-05 3.29359e-05 0.653234 0.168058 0.0828884 0.000426337 
0.0685158 0.0899494 0.00108442 0.00248782 0.0401991 0.00049175 0.374036 0.204372 0.112414 0.10645 
0.0196342 0.112386 0.00508324 0.0485067 0.00741163 0.00015864 0.533658 0.16926 0.0845278 0.0193734 
0.02723 0.0928543 0.0496737 0.0179091 0.000653822 0.118712 0.275688 0.16636 0.0825555 0.168363 
0.233656 0.0713867 0.0088677 0.0221099 0.000524093 0.000696801 0.323761 0.144079 0.135438 0.0594798 
0.0161049 0.14611 0.00372105 0.0035017 6.50416e-08 1.63701e-05 0.651106 0.0101486 0.167342 0.00194915 
0.0111258 0.0337411 0.0036163 0.00618212 0.00245453 0.000482365 0.6725 0.203859 0.0265733 0.0394653 
0.000487736 0.213062 0.0115605 0.253615 0.0174099 0.000274797 0.390964 0.0872937 0.0106838 0.0146488 
0.0115488 0.0231627 0.000275769 0.00309535 0.00159543 1.17269e-05 0.804893 0.0720902 0.0669533 0.0163736 
0.0102609 0.13345 0.0115244 0.0740085 0.0035441 0.000129037 0.651183 0.0732053 0.0110356 0.031659 
0.0499087 0.207335 0.000736734 0.00304025 0.000675677 1.11741e-05 0.348331 0.245274 0.14379 0.000896968 
0.00616661 0.0511234 0.0866551 0.0338929 0.000860053 7.04372e-05 0.537214 0.0817042 0.114259 0.0880545 
0.0228551 0.0113764 0.00998757 0.000297684 1.02811e-05 1.12244e-06 0.639639 0.206152 0.104415 0.0052657 
0.0293217 0.0778787 0.015715 0.00678849 1.84775e-05 0.00753534 0.563674 0.0420952 0.0199699 0.237003 
4.10224e-06 0.0203428 9.09384e-07 3.69145e-06 3.04647e-06 1.39347e-07 0.927638 0.0341232 0.0178828 1.00503e-06 
0.19072 0.0239168 0.0024171 0.00116238 0.000246995 0.000222633 0.625798 0.0893778 0.0357947 0.030344 
0.00914826 0.0579565 0.00689566 0.145208 0.00859996 0.000323489 0.584624 0.112244 0.0713345 0.00366524 
0.0436967 0.0124445 0.0953895 0.00745987 0.000100002 0.0124615 0.490781 0.137862 0.0251498 0.174655 
0.0667723 0.0704898 0.00618446 0.00309462 0.000535056 0.000538624 0.5438 0.258114 0.0328961 0.0175744 
0.00855273 0.0232386 0.0016455 0.0112793 0.00047529 0.000235049 0.759536 0.169607 0.0185033 0.00692663 
0.00921646 0.166903 0.00268427 0.00573072 8.99394e-05 0.00175477 0.390769 0.29839 0.087912 0.0365498 
0.00991274 0.0454832 0.00486176 0.0109704 0.0039085 0.000123318 0.611855 0.234911 0.0702023 0.00777131 
0.00409422 0.0117201 0.00361449 0.00394019 0.0136576 0.00824592 0.872588 0.0626934 0.0129733 0.00647249 
0.0165315 0.0391595 0.0355063 0.00442031 0.00085559 0.0299315 0.417751 0.287232 0.00935771 0.159254 
0.0459353 0.00628127 0.0223271 1.197e-06 6.73977e-08 0.000189543 0.420687 0.0353821 0.381496 0.0877008 
0.197988 0.0530298 0.00343259 0.198262 0.000118726 0.000186763 0.434396 0.0886538 0.0229616 0.000970736 
0.00187422 0.00154877 0.000415477 0.00168654 0.00139186 6.36646e-05 0.987646 0.00236178 0.00255241 0.000459176 
0.00533854 0.0778318 0.00106697 0.123489 0.000736558 0.212188 0.404594 0.117221 0.043146 0.0143882 
0.0140714 0.096739 0.112069 0.0392104 0.000201646 0.00291734 0.45963 0.118852 0.0204994 0.13581 
0.0053323 0.035151 0.124802 0.00508757 0.000985992 0.0112246 0.574931 0.128206 0.0572631 0.0570161 
0.00856276 0.0915718 0.00120049 0.0202165 0.00383645 7.99769e-05 0.595974 0.204158 0.0684574 0.00594257 
0.0225221 0.124811 0.00349519 0.0483094 0.000466015 0.000389295 0.513381 0.161096 0.0902012 0.0353293 
0.0346019 0.158601 0.00570326 0.142289 0.174155 0.00663509 0.191023 0.131414 0.0634471 0.0921306 
0.0728674 0.0428745 7.1587e-08 8.98253e-08 5.01697e-07 7.15069e-06 0.847274 0.0154407 0.0155041 0.00603145 
0.0313498 0.0808716 0.0915359 0.0523598 0.00161096 0.00699386 0.329251 0.21842 0.0844195 0.103188 
0.00616661 0.0511234 0.0866551 0.0338929 0.000860053 7.04372e-05 0.537214 0.0817042 0.114259 0.0880545 
0.131176 0.0381436 0.0336608 0.0175841 0.00142055 0.0506286 0.400165 0.178379 0.130205 0.0186384 
0.062236 0.0467963 0.00747265 0.000225796 6.40961e-07 0.000101642 0.683077 0.111257 0.00320902 0.0856239 
0.0241551 0.105821 0.00315636 0.00889239 0.000535069 0.000180621 0.553266 0.231667 0.0480942 0.0242326 
0.00480916 0.0042385 0.159851 0.00218208 0.00157095 0.0133559 0.585181 0.135765 0.0240195 0.0690276 
0.00986714 0.0964296 0.0196384 0.0344186 0.000155906 0.000236309 0.364227 0.253567 0.0804993 0.140961 
0.00590174 0.112422 0.00489049 0.0604414 0.147358 0.000569146 0.392806 0.219402 0.0339008 0.0223102 
0.0347139 0.0613623 0.0155683 0.00202025 0.00161767 0.0104746 0.598777 0.199886 0.00961331 0.0659666 
0.00522038 0.205648 0.00797617 0.0595615 1.41425e-05 3.34081e-05 0.6772 0.022457 0.00378462 0.0181054 
0.0345995 0.018762 0.0265614 0.198739 0.0092686 0.00791935 0.286869 0.149919 0.134775 0.132588 
0.0199271 0.131971 0.0033868 0.0187313 0.00258734 0.0001397 0.591752 0.173266 0.0491916 0.00904737 
0.017957 0.139012 0.0229816 0.013705 0.0091222 0.000206106 0.493148 0.0971668 0.20636 0.000341467 
0.0363998 0.0431002 0.0320217 0.0116421 0.0542603 0.0131905 0.361944 0.28467 0.0654248 0.0973471 
0.0414645 0.160227 0.0230291 0.00646119 0.000413072 6.56719e-05 0.612101 0.0831159 0.0684314 0.00469091 
0.0607745 0.0343448 0.000695371 0.0178166 0.00414753 0.000168743 0.532167 0.267747 0.0554011 0.0267373 
0.0404053 0.0460422 0.0177846 0.00210275 0.265482 0.00525827 0.446724 0.142344 0.0158509 0.0180055 
0.064288 0.0220443 0.00275785 0.0166788 0.000915061 3.1161e-05 0.404225 0.150855 0.328085 0.0101193 
0.0209643 0.190065 0.00176731 0.0634851 0.00163492 0.000517519 0.429777 0.188725 0.0918518 0.0112115 
0.0132034 0.0542864 0.000660149 0.000104385 7.18995e-06 1.7786e-05 0.808691 0.0749292 0.031319 0.0167811 
0.0740327 0.126362 0.00533876 0.0784975 0.000793945 8.93068e-05 0.500182 0.113044 0.0902865 0.0113737 
0.261833 0.00077039 3.76671e-06 1.73161e-10 0.000350978 3.10699e-10 0.376063 0.360962 1.63215e-05 1.29565e-06 
0.0519518 0.0548354 0.000887582 0.0174704 0.000710516 0.00072152 0.646705 0.145247 0.0361228 0.0453479 
0.0639362 0.0449929 0.0491487 0.0256727 0.000186346 0.00791834 0.274218 0.248086 0.117069 0.168772 
0.00726056 0.0988587 0.0110148 0.000328598 6.19834e-05 0.000159011 0.831395 0.0325427 0.00243426 0.0159439 
0.00695023 0.0797538 0.000142475 0.0377029 0.0633891 0.0003363 0.355508 0.158868 0.297216 0.000133157 
0.0111104 0.0648925 0.0609286 0.0461661 0.00100673 0.026438 0.623357 0.100714 0.0338071 0.0315796 
0.0190957 0.000497684 0.000639409 0.000430675 0.000183041 2.14223e-05 0.528792 0.136233 0.313809 0.000297932 
0.122091 0.0464087 0.0217768 0.0180258 0.00492359 0.0252241 0.398336 0.188369 0.0227955 0.15205 
0.0320076 0.159367 0.000583547 0.0206019 0.0104373 8.45759e-05 0.558751 0.12399 0.0831903 0.0109859 
0.00256015 0.235957 0.00141554 0.00728928 3.36019e-05 5.96669e-05 0.481299 0.232312 0.0369104 0.00216343 
0.0298741 0.0842445 0.0235491 0.0753366 0.00230568 0.00298149 0.380742 0.20999 0.0677738 0.123203 
0.0315459 0.025708 0.00113475 0.00551242 0.00662756 8.93589e-05 0.564491 0.283034 0.0491729 0.032684 
0.0445882 0.0435956 0.00624174 0.00705351 0.0234894 0.0117157 0.790875 0.0409463 0.021941 0.00955335 
0.00532874 0.00428014 0.15699 0.00224711 0.00228236 0.015904 0.58513 0.133285 0.0224875 0.0720644 
0.0143323 0.0626541 0.00156554 0.0407701 0.000897691 6.78054e-05 0.587763 0.236872 0.0468097 0.00826789 
0.0109677 0.138234 0.0100765 0.0136699 0.000220815 0.000358887 0.535759 0.174303 0.0786649 0.0377452 
0.00230553 0.210413 0.00181088 0.0124828 0.000615587 0.000736092 0.539145 0.0642897 0.148653 0.0195481 
0.0508575 0.247896 0.000332426 0.00631276 0.000236811 7.652e-05 0.358823 0.215307 0.104386 0.0157713 
0.000805153 0.366606 0.000291632 0.0141215 0.000429557 7.9402e-05 0.443891 0.099615 0.0741459 1.54469e-05 
0.0305753 0.0906989 0.0110214 0.027258 0.00208742 0.000135758 0.567447 0.219885 0.0318313 0.01906 
0.0151446 0.0339812 0.00677882 0.0110682 0.0182209 0.000458329 0.424745 0.407986 0.058941 0.0226755 
0.0241262 0.0567298 0.00243088 0.0228605 0.00213471 0.000116651 0.353942 0.311764 0.195467 0.0304285 
0.00320022 0.0610541 0.00603689 9.18533e-05 7.58428e-05 2.78984e-05 0.572485 0.0291879 0.32688 0.000959991 
0.0285255 0.0193835 0.00729329 0.00207739 0.204443 0.000208259 0.542748 0.115206 0.0599048 0.0202101 
0.0353912 0.305857 0.0196882 0.0234824 5.26941e-05 4.383e-05 0.365361 0.137086 0.102642 0.0103965 
0.0180261 0.00962156 0.0255457 0.0909489 0.000557442 0.000285818 0.782269 0.0392499 0.0245954 0.00890006 
0.0355126 0.249457 0.00380875 0.0487435 0.000284167 0.000382418 0.397127 0.0773717 0.0741253 0.113188 
0.0335214 0.0977497 0.000792242 0.0920547 0.00109558 0.000507164 0.611262 0.118843 0.0427856 0.00138836 
0.064227 0.0239337 0.0221339 0.0046494 0.0921169 0.000109793 0.489184 0.162673 0.0972891 0.0436837 
0.0256208 0.306466 0.019159 0.111731 0.00610643 0.000693024 0.360142 0.0969651 0.0365388 0.0365775 
7.78907e-08 0.0978212 1.99919e-07 0.000300543 0.000662951 3.62135e-08 0.873795 0.0099364 0.0174774 5.86911e-06 
0.0939698 0.121445 0.000172379 0.0123733 0.0588731 0.000840171 0.446345 0.165305 0.0951539 0.00552191 
0.0290646 0.23095 0.0152768 0.0293651 0.00262393 0.000236585 0.328816 0.318621 0.0421713 0.00287439 
0.00629577 0.204388 0.0072362 0.133442 0.0113071 0.000498067 0.393947 0.169502 0.064256 0.00912762 
0.0608131 0.0409254 0.160791 0.0222099 0.0431326 0.0199496 0.391414 0.126829 0.0119966 0.121938 
0.126488 0.0947973 0.0346797 0.0296577 5.44789e-05 0.0239721 0.280158 0.184716 0.0778744 0.147602 
0.0674369 0.11838 0.0165824 0.0149655 0.000208849 0.00013614 0.351732 0.351286 0.0609482 0.0183244 
0.0644931 0.0808716 0.00286223 0.0442778 0.000342795 0.00378354 0.450901 0.229927 0.0777633 0.0447769 
0.0673163 0.146367 0.00394583 0.127832 0.0158503 0.00027205 0.266102 0.207453 0.142477 0.0223849 
0.0174491 0.0768726 0.000410523 0.0313202 0.00531868 0.000181443 0.614044 0.172758 0.0759433 0.00570204 
0.00764773 0.198641 0.16717 0.102651 0.000127831 0.00722411 0.246678 0.0926671 0.0646873 0.112505 
0.050538 0.132998 0.137843 0.0349349 4.07822e-08 0.00241476 0.304129 0.222387 0.0383952 0.0763603 
0.115155 0.0757622 0.00173601 0.100275 0.00103443 0.000181091 0.431402 0.230932 0.0331806 0.0103426 
0.0566389 0.0947245 0.0264641 0.0056495 1.94765e-05 7.77184e-06 0.692259 0.100953 0.0202534 0.00303125 
0.0308622 0.050649 0.00417823 0.00953955 0.022015 9.25639e-05 0.543048 0.240164 0.058562 0.040889 
0.370709 0.00898281 0.00114241 0.00197355 0.000225318 7.27772e-05 0.508898 0.055826 0.0516012 0.000569588 
0.0021903 0.0518207 0.00286961 0.0112063 0.0167672 0.000586002 0.761832 0.119755 0.0319159 0.00105709 
0.008716 0.0617345 0.16088 0.00398835 8.47094e-06 0.00422634 0.562149 0.101778 0.0523392 0.0441803 
0.0186949 0.0871479 0.100802 0.0194728 1.57904e-05 0.0199793 0.393421 0.18268 0.127959 0.0498281 
0.00552047 0.00225622 0.0280953 0.00162141 0.0012675 0.0399307 0.45109 0.182322 0.0143482 0.273548 
0.00496495 0.00778727 0.00282307 0.000357182 2.15561e-05 0.000138452 0.773843 0.0633083 0.132175 0.0145818 
0.0506308 0.162626 0.00151477 0.00901018 0.000236458 0.000128743 0.393199 0.244695 0.0611693 0.0767898 
0.0198383 0.0402685 0.049552 0.00933749 0.000235859 0.013162 0.469711 0.271648 0.0327588 0.0934887 
0.0466257 0.0637213 0.200226 0.0487742 0.000692649 0.0129369 0.376072 0.125337 0.068091 0.0575232 
0.0157311 0.139772 0.0159337 0.0530479 2.6587e-05 8.85703e-05 0.479206 0.259934 0.0291176 0.00714156 
0.00586515 0.0630385 0.00964211 0.0280271 0.0389072 0.00060654 0.70163 0.10003 0.0367474 0.0155056 
0.00378512 0.0990081 0.00937417 0.110868 0.0170358 0.000285942 0.414551 0.251397 0.0265683 0.0671257 
0.0807407 0.189595 0.0336744 0.0513432 0.000215768 0.00371674 0.382398 0.127954 0.071133 0.0592292 
0.0521943 0.041589 0.0854841 0.00876461 0.0127394 0.00915139 0.491338 0.183628 0.0660157 0.0490955 
0.00988878 0.0952761 0.0323161 0.0104231 0.0033392 1.43475e-05 0.522231 0.283705 0.0354786 0.00732805 
0.0218066 0.11367 0.000432993 0.00640346 0.0014458 0.000291158 0.513974 0.239887 0.0862929 0.015796 
0.0143735 0.0293702 0.0165874 0.0181243 8.65171e-05 4.15882e-06 0.893374 0.019615 0.00601776 0.00244742 
0.0102574 0.138762 0.000606124 0.00464157 0.000332383 0.000410459 0.673877 0.0680732 0.0822165 0.0208232 
0.0956632 0.0641588 0.00923497 0.00227819 0.00888409 0.000927165 0.324247 0.218177 0.227858 0.0485709 
0.0102889 0.134867 0.0188657 0.0882993 0.00129461 0.000290897 0.572618 0.11922 0.0495688 0.00468672 
0.0405413 0.0054401 4.64442e-05 1.07304e-07 7.8023e-06 2.45189e-06 0.792716 0.00390117 0.0639953 0.093349 
0.0165315 0.0391595 0.0355063 0.00442031 0.00085559 0.0299315 0.417751 0.287232 0.00935771 0.159254 
0.0161049 0.14611 0.00372105 0.0035017 6.50416e-08 1.63701e-05 0.651106 0.0101486 0.167342 0.00194915 
0.0623599 0.000602558 4.04901e-07 2.01049e-07 1.6211e-05 7.98731e-05 0.920003 0.00382336 0.00543552 0.0076785 
0.0941688 0.0865017 0.0145588 0.0491725 0.000815362 0.000584146 0.384838 0.222338 0.0847165 0.0623068 
0.00889292 0.135811 0.00272261 0.0107555 7.51461e-05 0.000164693 0.394088 0.32492 0.073005 0.0495656 
0.0170308 0.0818497 0.0214871 0.0029384 0.00928492 0.000725695 0.388308 0.173512 0.192788 0.112075 
0.0112825 0.109081 0.000648661 0.0758116 0.00140379 1.88726e-05 0.603058 0.139068 0.0575107 0.00211742 
0.00101947 0.115643 0.0052422 0.153452 0.00052954 0.000573052 0.652835 0.033306 0.0289932 0.00840765 
0.0621736 0.0249327 0.0250142 0.00810211 0.00266711 0.0108591 0.432168 0.170619 0.172489 0.0909754 
0.206575 0.0190449 0.0252178 0.00325817 5.74143e-06 9.54586e-05 0.632204 0.0446827 0.0674241 0.00149289 
0.0868788 0.136501 0.053561 0.00639967 0.000172898 0.00333807 0.346024 0.203665 0.0565885 0.106872 
0.008716 0.0617345 0.16088 0.00398835 8.47094e-06 0.00422634 0.562149 0.101778 0.0523392 0.0441803 
0.0678353 0.00580982 0.0107256 0.000686915 0.000441048 8.6253e-06 0.856732 0.0120557 0.0237731 0.0219322 
0.151139 0.130132 0.0234573 0.0440957 0.0200332 0.0275278 0.359799 0.131551 0.102243 0.0100221 
0.0899215 0.000679333 0.000144885 3.37848e-06 5.90982e-07 4.62788e-05 0.793453 0.0449149 0.0621437 0.00869224 
0.00189015 0.216329 8.63865e-05 0.137326 0.0105775 0.000101671 0.541512 0.0821702 0.00987035 0.000136856 
0.0563038 0.17877 0.0042635 0.00268566 0.235711 0.00123698 0.348112 0.149876 0.0156246 0.00741621 
0.0196603 0.05615 0.0053895 0.0323046 0.00059976 0.000185377 0.587791 0.20809 0.0754109 0.0144192 
0.096279 0.0786964 0.010533 0.0301248 0.000137543 0.00010537 0.468486 0.215964 0.0318704 0.0678035 
0.00172798 0.0972865 0.00140234 0.0165762 0.00352246 0.000537819 0.723216 0.0857531 0.0411679 0.0288101 
0.0359303 0.0113263 0.000301965 0.00158616 0.00315372 4.56102e-05 0.630349 0.182294 0.126409 0.00860339 
0.00337337 0.102848 0.0127097 0.0143763 0.000149987 0.00391169 0.432867 0.206155 0.157982 0.0656269 
0.023157 0.0526758 0.0263396 0.00146658 0.000688106 5.13406e-05 0.500015 0.215311 0.107424 0.0728724 
0.0598758 0.0751435 0.0735982 0.0131019 0.021262 0.0168929 0.40397 0.181399 0.0251321 0.129624 
0.142864 0.0279126 0.000171078 0.0020096 0.00084064 2.71062e-05 0.666088 0.0910464 0.0667451 0.0022954 
0.0180495 0.0115658 0.00371681 0.0395564 4.07984e-05 0.000290929 0.761379 0.0755222 0.00631899 0.0835591 
0.024813 0.0327716 0.00114577 0.00223289 0.205062 0.000858648 0.280925 0.114891 0.130892 0.206407 
0.00569928 0.066224 0.0115233 0.0229664 0.000510993 0.000276764 0.548746 0.252248 0.075967 0.0158382 
0.00800105 0.0833561 0.000412152 0.00239367 0.0652392 2.51043e-05 0.673584 0.166726 1.68778e-05 0.000245823 
0.0993781 0.0602938 0.127917 0.0130638 8.48853e-05 0.0533788 0.202661 0.158721 0.0828195 0.201682 
0.0123419 0.0204097 0.000488143 4.16866e-05 7.77243e-06 2.14877e-06 0.964003 0.000235763 0.000173532 0.00229624 
0.0110095 0.0980369 0.00163347 0.0633464 0.140316 0.000842809 0.447974 0.115689 0.0345805 0.0865708 
0.0288582 0.0528589 0.0796391 0.0104557 5.32021e-05 0.014339 0.30444 0.204195 0.0632972 0.241864 
0.0142764 0.0866516 0.0177291 0.0105678 0.00315268 0.000371985 0.427263 0.286483 0.0885203 0.0649835 
0.0738784 0.0733696 0.0033369 0.0131927 0.000394249 0.000486619 0.507665 0.244229 0.0671548 0.0162924 
0.119463 0.0240729 0.00060585 0.00110127 0.19795 0.00138947 0.30502 0.255249 0.0525657 0.0425833 
0.00677628 0.244326 0.00110884 0.0577709 1.19788e-06 0.000109639 0.545358 0.0861854 0.0573355 0.00102787 
0.0370022 0.0535581 0.00130091 0.00303598 0.00420008 0.000105867 0.811288 0.0386667 0.00156603 0.0492766 
0.0043923 0.244083 0.0207036 0.0144907 0.000207231 0.000241712 0.461946 0.218696 0.0247999 0.0104392 
0.00981652 0.118113 0.000900522 0.0111281 0.00421468 0.000353926 0.408682 0.29604 0.0783323 0.0724186 
0.00239886 0.00142809 0.000685775 6.34713e-05 5.35619e-05 7.19327e-05 0.508643 0.197628 0.289027 3.91931e-07 
0.0146673 0.0272821 0.000936866 0.000624332 9.64093e-05 0.000128935 0.748736 0.167854 0.0363225 0.00335195 
0.00614891 0.0668504 0.00195023 0.234951 0.0130661 5.79216e-05 0.365173 0.242368 0.0681783 0.00125639 
0.0371631 0.162498 2.83196e-05 0.0213914 0.00258605 8.15983e-06 0.521053 0.127085 0.127768 0.000420372 
0.00887721 0.0542183 0.000105026 0.169364 0.00499914 2.68924e-08 0.556083 0.189634 0.011115 0.00560481 
0.0150233 0.0399874 0.00234454 0.0314583 0.010118 0.000257504 0.617805 0.248168 0.0287891 0.00604975 
0.0383486 0.119003 0.00155028 0.00696432 2.52068e-05 5.41642e-05 0.487702 0.0831514 0.235579 0.027622 
4.03843e-06 0.168911 3.78846e-05 0.00104873 2.99939e-06 0.000104487 0.735291 0.0774417 0.0171569 9.89438e-07 
0.177972 0.0497168 0.00114826 0.00232923 2.03272e-05 0.000149094 0.558732 0.173332 0.0240835 0.0125166 
0.0113672 0.0901635 0.0733869 0.0487083 0.00025519 0.000207107 0.599683 0.141818 0.0242638 0.0101472 
0.00234482 0.156603 0.0184691 0.00263406 0.000100858 7.13425e-05 0.676154 0.112094 0.031495 3.327e-05 
0.0836937 0.123755 0.0317626 0.0151789 0.000203866 0.00892184 0.405904 0.121223 0.110425 0.0989317 
0.015683 0.0433671 0.000456769 0.0144773 0.00391775 4.0793e-05 0.617526 0.206044 0.0889445 0.00954266 
0.370709 0.00898281 0.00114241 0.00197355 0.000225318 7.27772e-05 0.508898 0.055826 0.0516012 0.000569588 
0.00387708 0.0418303 0.000540489 0.0537581 1.7304e-06 7.91756e-08 0.898132 2.93604e-06 3.17301e-06 0.00185399 
0.0258447 0.0736291 0.00132941 0.00351673 0.00552524 7.05048e-05 0.52133 0.169131 0.195491 0.00413267 
0.122173 0.287146 0.00335668 0.0115999 1.49893e-05 4.43555e-05 0.357021 0.150109 0.0439374 0.0245975 
0.138364 0.109794 0.00892788 0.000664944 2.60856e-06 5.66578e-05 0.298342 0.265076 0.12059 0.0581819 
0.0135518 0.287633 7.05073e-05 0.0848703 4.04578e-06 0.000408433 0.44506 0.0466341 0.121184 0.000583364 
0.100689 0.0454152 0.00164673 0.035851 0.0012795 0.000783761 0.330098 0.3077 0.161426 0.0151105 
0.0074536 0.0456727 0.00164116 0.000710234 8.87182e-07 2.58572e-05 0.885477 0.0413835 0.0160106 0.00162475 
0.0131395 0.0725874 0.00186999 0.00157477 4.12367e-06 1.88841e-07 0.818384 0.0729467 0.0124231 0.00706991 
0.00282908 0.178727 0.00454579 0.123838 5.03089e-05 0.000103994 0.506065 0.105789 0.072365 0.0056866 
0.0308808 0.134017 0.128775 0.0190073 0.000294741 0.0222173 0.283372 0.149288 0.141965 0.0901839 
0.139532 0.0553672 0.0442903 0.00254417 0.00015228 6.47669e-05 0.535888 0.196442 0.0235605 0.00215851 
0.0123782 0.018398 0.000462193 0.000456505 2.60072e-07 1.11114e-05 0.854642 0.0956894 0.00399759 0.013965 
0.0251454 0.0774019 0.0348131 0.0163156 0.000675222 0.142073 0.382276 0.124303 0.148137 0.0488596 
0.0149344 0.331381 0.00564016 0.00715703 2.07806e-06 0.000104399 0.371598 0.0932588 0.126854 0.0490698 
0.138359 0.0612589 0.0750753 0.0107572 0.000391113 0.00488962 0.365544 0.175276 0.105745 0.0627032 
0.0421042 0.0887138 0.00717817 0.0427945 0.0137148 0.000277955 0.354539 0.237204 0.212563 0.000910619 
0.26139 0.0725938 0.00566651 0.00807527 0.000158403 0.00107915 0.288672 0.161922 0.174796 0.0256467 
0.103846 0.0494113 0.00408208 0.00863062 4.25074e-06 3.43156e-06 0.729199 0.0637085 0.0335404 0.00757456 
0.0491379 0.049621 0.0059983 8.36723e-05 6.85309e-05 7.10621e-07 0.71508 0.0419235 0.113173 0.024913 
0.0279636 0.0787893 0.00978005 0.0285552 0.0100423 0.00292847 0.478464 0.245149 0.103918 0.0144106 
0.00283369 0.0745408 0.00581144 0.174994 0.00960735 0.000535241 0.441564 0.205521 0.0464108 0.0381817 
0.0292277 0.162623 0.00195957 0.0138394 0.00032085 7.06675e-05 0.547425 0.164162 0.071743 0.0086293 
0.0180012 0.102277 0.00773401 0.0238149 0.0051199 0.0107023 0.351743 0.214532 0.25425 0.0118252 
0.0538157 0.0431316 0.0172826 0.00270109 0.135675 0.0250096 0.404916 0.236616 0.0376954 0.0431565 
0.0239256 0.0473106 0.0624372 0.0156027 0.00970364 0.0182451 0.487259 0.200411 0.0261251 0.108981 
0.0141573 0.058569 0.0121351 0.00276724 0.000767927 0.0128484 0.725996 0.0708194 0.0524793 0.04946 
0.0129505 0.0463462 0.00111062 0.0310102 6.40945e-05 0.000144982 0.867943 0.0195247 0.00813052 0.0127752 
0.112434 0.0896895 9.7962e-05 0.00115789 0.00159014 7.16095e-05 0.448606 0.0428652 0.279215 0.0242734 
0.033644 0.0418761 0.0596656 0.0287644 2.86661e-05 0.00630835 0.307366 0.286183 0.189971 0.046193 
0.00409422 0.0117201 0.00361449 0.00394019 0.0136576 0.00824592 0.872588 0.0626934 0.0129733 0.00647249 
0.0585088 0.0837176 0.00578084 0.0701682 0.000264616 7.56252e-06 0.667553 0.0361538 0.0398045 0.0380409 
0.0226107 0.098533 0.0862669 0.0198681 0.000516835 0.000631703 0.531318 0.0963592 0.0641262 0.0797695 
0.0240643 0.242051 0.0167515 0.016621 1.69122e-11 1.39285e-06 0.347812 0.226508 0.05204 0.0741511 
0.0681772 0.189564 0.0165051 0.0438029 0.000699438 0.000896929 0.314934 0.171275 0.128358 0.0657871 
0.100604 0.0186002 0.000286377 0.0344819 0.0048909 0.000203425 0.436646 0.331819 0.0525693 0.0198983 
0.12454 0.0304005 0.0177581 0.013867 0.027408 0.0483835 0.448512 0.171308 0.103728 0.0140954 
0.032531 0.0515995 0.0142498 0.0944121 0.00338475 0.000212703 0.481716 0.215752 0.0843241 0.0218184 
0.0529367 0.0616378 0.0047579 0.00421381 1.63998e-05 6.80157e-05 0.402849 0.116859 0.068585 0.288077 
0.0651183 0.129576 0.00616433 0.00662403 0.00152299 0.000789592 0.545081 0.17763 0.0459826 0.0215112 
0.008716 0.0617345 0.16088 0.00398835 8.47094e-06 0.00422634 0.562149 0.101778 0.0523392 0.0441803 
0.0152482 0.019942 0.0876359 0.00324298 3.16979e-05 0.00113019 0.687797 0.137903 0.0103242 0.0367447 
0.0218097 0.0392157 0.0788272 0.00704707 1.73037e-05 0.000288333 0.677782 0.0845785 0.0113679 0.0790665 
0.0322001 0.0734114 0.000193406 0.0127513 0.00157095 0.00029166 0.551063 0.26729 0.0502114 0.0110168 
0.0347242 0.202653 0.025417 0.0300074 0.000766678 0.00278044 0.332745 0.187599 0.0996355 0.0836727 
0.058766 0.0304169 0.00128423 0.00662828 4.77756e-05 5.77025e-05 0.73483 0.121275 0.0441039 0.00259017 
0.00639916 0.0661705 0.000873972 0.0518283 0.0111935 0.000139359 0.460428 0.328385 0.0720152 0.00256742 
0.0541603 0.170016 0.200091 0.0850654 6.03386e-05 9.88026e-05 0.286077 0.0625824 0.0111293 0.13072 
0.00555607 0.0402304 0.00116916 0.0102365 0.00447561 0.000480341 0.752516 0.16433 0.00943103 0.0115743 
0.0188578 0.169612 0.00319284 0.0374018 0.000292245 0.000176589 0.473172 0.170041 0.10774 0.0195138 
0.064288 0.0220443 0.00275785 0.0166788 0.000915061 3.1161e-05 0.404225 0.150855 0.328085 0.0101193 
0.0261904 0.123406 0.0118954 0.0420611 0.000187097 0.048789 0.2881 0.261849 0.170408 0.0271139 
0.0181921 0.0163905 0.0109431 0.0040958 0.0020416 0.0124152 0.521609 0.208042 0.0697498 0.136521 
0.217064 0.216608 0.000422091 0.0125636 0.00119663 4.84815e-08 0.349371 0.180203 0.0205456 0.002026 
0.0221704 0.119289 0.0823715 0.0223641 7.34764e-05 0.0162087 0.471827 0.0655864 0.0444333 0.155676 
0.0140818 0.255443 0.0441944 0.0303851 7.86781e-05 0.00236529 0.265696 0.176126 0.0875635 0.124066 
0.0057833 0.0180341 0.181989 0.128116 0.000928607 0.048821 0.462091 0.0519283 0.00778938 0.0945195 
0.00812938 0.0625638 3.78766e-07 2.76328e-08 2.82987e-06 4.0457e-05 0.792978 0.00471747 0.0491 0.082468 
0.00725457 0.228188 0.00929289 0.0311741 0.000658016 0.000255956 0.317895 0.284307 0.114544 0.00643019 
0.0212934 0.0351209 0.0607032 0.020562 0.011138 0.0127538 0.666793 0.0832258 0.031393 0.0570164 
0.00278649 0.188157 0.0380902 0.063658 0.00114202 0.000406159 0.399919 0.235821 0.0539303 0.0160897 
0.00106948 0.274214 0.00511693 0.0510081 6.59122e-05 0.0144165 0.585557 0.0355243 0.0148691 0.0181584 
0.101168 0.0990492 0.00120886 0.00562851 0.000203799 1.71118e-05 0.647542 0.0788873 0.00471415 0.0615812 
0.102789 0.173239 0.00238958 0.00353308 0.00121517 4.91434e-05 0.379 0.223515 0.098411 0.0158595 
0.0157161 0.00637744 0.232078 0.00306091 0.000255475 0.00961145 0.464189 0.074346 0.170943 0.023423 
0.0677653 0.094575 0.0102906 0.0390837 0.0473618 0.00873285 0.606937 0.0768904 0.0240294 0.0243338 
0.0262797 0.0699358 0.00392101 0.00522877 0.000350908 3.33821e-05 0.727328 0.110636 0.0457594 0.0105273 
0.03133 0.0413914 0.155355 0.0121378 0.00156918 0.0374001 0.48697 0.116636 0.0481817 0.0690291 
0.0145841 0.209208 0.0404493 0.0230741 0.0618034 0.00101567 0.454567 0.14374 0.0351953 0.0163624 
0.00793638 0.22467 0.000749247 0.192687 0.00171535 1.40387e-05 0.320531 0.197677 0.051988 0.00203267 
0.0798898 0.160009 0.000350907 0.0314732 0.00182522 3.65231e-05 0.515423 0.179199 0.0309721 0.00082104 
0.0777903 0.0846131 0.00238157 0.00595643 0.00109138 0.000105198 0.642784 0.130407 0.0469598 0.00791057 
0.00424379 0.135014 0.119043 0.00144941 6.14442e-10 6.11507e-05 0.560081 0.0620108 0.107223 0.0108738 
0.008716 0.0617345 0.16088 0.00398835 8.47094e-06 0.00422634 0.562149 0.101778 0.0523392 0.0441803 
0.047914 0.22068 0.00989946 0.00916028 4.91176e-05 0.000163474 0.382357 0.155867 0.157526 0.0163838 
0.0415902 0.0754085 0.00207299 0.00601769 0.00218306 0.000126284 0.459914 0.342542 0.0679016 0.00224379 
0.0177269 0.142651 0.00111134 0.0781912 0.0561508 7.14311e-05 0.44986 0.21068 0.0428865 0.000670609 
0.000193111 0.326072 7.0286e-05 0.00647661 0.0250479 0.000137528 0.440476 0.144688 0.0563423 0.000496513 
0.0951878 0.0445702 0.000347907 0.00162505 0.00283991 1.18237e-05 0.631258 0.106128 0.108772 0.00925905 
0.0406836 0.0205302 0.00415629 0.0171229 0.00755975 0.00021068 0.434872 0.250424 0.200768 0.023673 
0.0323994 0.0332857 0.000172353 1.53092e-05 0.000120638 8.24797e-05 0.689982 0.148253 0.0464576 0.0492315 
0.0597341 0.1534 0.0447091 0.150495 0.000339752 0.000227771 0.316411 0.176607 0.0868224 0.0112537 
0.00404537 0.00893122 0.0164763 0.0179572 4.96457e-07 0.00932826 0.866394 0.0396213 0.00679626 0.0304499 
0.000216582 0.33902 0.00022783 0.156873 0.0024288 0.000142959 0.435176 0.0439199 0.0219942 1.95231e-09 
0.037225 0.0334023 0.00138644 0.00276621 0.283675 0.000633791 0.286859 0.262209 0.0648526 0.0269899 
0.00673694 0.0953423 0.119764 0.0369113 0.0337881 0.000247683 0.485572 0.14842 0.0699327 0.00328479 
0.0074536 0.0456727 0.00164116 0.000710234 8.87182e-07 2.58572e-05 0.885477 0.0413835 0.0160106 0.00162475 
0.00926774 0.171891 0.0201918 0.0472698 3.11117e-05 0.000401353 0.427241 0.187509 0.128654 0.0075437 
0.0250646 0.0562125 0.0106511 0.0565662 0.249973 0.010224 0.292472 0.142989 0.140799 0.0150484 
0.00753866 0.0221974 0.000537981 0.0147074 0.0231294 0.00010691 0.520909 0.308083 0.0988952 0.00389435 
0.0694656 0.131902 0.00680341 0.0629462 0.00168456 9.02703e-05 0.532714 0.0760391 0.108363 0.00999228 
0.00889292 0.135811 0.00272261 0.0107555 7.51461e-05 0.000164693 0.394088 0.32492 0.073005 0.0495656 
0.0831131 0.0747785 0.0411493 0.0450452 3.5585e-05 0.0133694 0.408562 0.114794 0.0307761 0.188377 
0.064021 0.0456034 0.000104009 0.00182338 1.7832e-05 1.97474e-05 0.844931 0.0248771 0.0161481 0.00245476 
0.0139582 0.0838616 0.260301 0.0109475 2.59197e-05 0.0341412 0.404836 0.0574827 0.0672672 0.0671793 
0.0282419 0.201908 0.0187836 0.049412 0.00101874 0.000284932 0.374833 0.162656 0.1103 0.0525624 
0.00725126 0.00654804 0.000112186 0.000550981 0.00404862 1.56509e-05 0.542163 0.371275 0.0638393 0.00419676 
0.013874 0.0363999 0.00126524 0.00716297 0.000878867 5.12302e-05 0.83725 0.0738633 0.0249614 0.00429293 
0.0223229 0.134429 0.0953743 0.0209008 0.000373796 0.0153355 0.387477 0.237674 0.0490884 0.0370245 
0.064288 0.0220443 0.00275785 0.0166788 0.000915061 3.1161e-05 0.404225 0.150855 0.328085 0.0101193 
0.00941211 0.0427872 0.00631454 0.00167641 0.0052208 0.0109305 0.611166 0.149186 0.126944 0.0363616 
0.00423311 0.0245142 0.00098543 0.0209593 0.0147787 9.53716e-05 0.582452 0.254092 0.0966332 0.00125695 
0.0123613 0.187038 0.00136162 0.0998999 0.0179286 0.000148784 0.469451 0.165787 0.00562054 0.0404035 
0.02699 0.125873 0.00269786 0.00500467 5.95458e-05 0.000129785 0.76231 0.0520879 0.017803 0.00704434 
0.0452308 0.0548098 0.00488866 0.0131556 0.00096969 0.000487186 0.413708 0.384319 0.0344997 0.0479312 
0.0130688 0.0271262 0.00130426 0.00257459 0.00305676 5.90005e-05 0.450335 0.398048 0.0869789 0.0174488 
0.00772745 0.108694 0.00101971 0.00131446 0.000337958 0.000706383 0.598075 0.178029 0.0983731 0.0057223 
0.0045443 0.0114769 0.000101811 0.00461927 6.02447e-05 0.000229284 0.913788 0.0561596 0.00475412 0.00426693 
0.0104034 0.00924894 0.0280357 0.009245 0.00289109 0.0438335 0.705719 0.0886928 0.0408233 0.0611074 
0.101747 0.0241838 0.00414002 0.00411558 0.124611 0.003076 0.341946 0.168258 0.143589 0.0843331 
0.00106359 0.0339574 0.0261926 0.00556269 3.34287e-08 0.00289192 0.760518 0.0911268 0.00771426 0.0709726 
0.00724881 0.116246 0.00593912 0.0323443 0.00561534 0.000281918 0.423311 0.318486 0.0815539 0.00897351 
0.0889815 0.0754331 0.00219167 0.00950427 8.39421e-05 0.000350963 0.600702 0.138178 0.0819292 0.00264517 
0.00918656 0.0934812 0.1715 0.0257484 2.41705e-05 0.025394 0.413325 0.124057 0.0826891 0.0545957 
0.0056694 0.0234638 0.0338167 0.0102783 0.337432 0.0479067 0.391136 0.0949088 0.0256297 0.0297587 
0.00676412 0.0424443 0.00211523 0.00847597 0.00141082 7.54825e-05 0.494776 0.326567 0.107318 0.0100537 
0.0434914 0.163688 0.000546204 0.0210166 0.00486373 4.29258e-05 0.588851 0.0736895 0.0840987 0.0197119 
0.0241499 0.266942 0.00462656 0.0374983 1.59316e-05 8.96511e-05 0.391733 0.240069 0.034538 0.000338478 
0.00855273 0.0232386 0.0016455 0.0112793 0.00047529 0.000235049 0.759536 0.169607 0.0185033 0.00692663 
0.0690286 0.0899953 0.00852689 0.146646 0.000133045 4.7582e-05 0.273436 0.183566 0.155106 0.0735153 
0.0341426 0.00970596 0.000346768 0.000660045 0.000132729 5.48364e-06 0.858917 0.0435149 0.0397635 0.0128112 
0.0260234 0.176225 0.0470915 0.016183 0.00160642 0.00209914 0.323077 0.115084 0.270892 0.0217185 
0.0466543 0.233871 1.87018e-06 0.00986125 1.79106e-08 6.35075e-08 0.277749 0.155577 0.0247484 0.251538 
0.223022 0.0404926 0.00779063 0.00422167 0.00170476 0.000241358 0.420933 0.179375 0.107483 0.0147361 
0.00731325 0.0817306 0.161122 0.0574017 0.000172307 0.0521288 0.549051 0.0253559 0.0276242 0.0381001 
0.0150752 0.0291567 0.0154323 0.000392204 0.205646 0.00188274 0.487659 0.175646 0.0418643 0.0272463 
0.0152546 0.0208803 0.238183 0.00377098 4.68364e-05 0.0104899 0.33309 0.112304 0.0389994 0.226981 
0.00998523 0.0562031 0.00454927 0.00424009 0.00118097 0.00052107 0.646332 0.16379 0.0924058 0.0207926 
0.0544269 0.0756571 0.0904318 0.00700682 7.53258e-05 0.0271005 0.301931 0.116111 0.0579147 0.269345 
0.0711951 0.0563918 0.00131556 0.00231755 0.00120384 0.000207423 0.519429 0.17306 0.117819 0.0570614 
0.0379805 0.0831081 0.00756836 0.0314385 0.00663841 0.000332785 0.46164 0.282741 0.0698767 0.0186759 
0.0177136 0.155971 0.0240901 0.00567003 0.136154 0.000999227 0.577633 0.0524781 0.023917 0.00537315 
0.105977 0.123182 0.0435683 0.0496863 0.000373877 0.0184654 0.25302 0.250202 0.030275 0.12525 
0.0672268 0.109556 0.00347631 0.0527486 0.0123536 3.08842e-05 0.39319 0.228139 0.123924 0.00935441 
0.02025 0.0685114 0.0693396 0.0581407 8.98656e-05 0.00557363 0.447041 0.156972 0.0417219 0.13236 
0.0073391 0.143578 0.031897 0.0137267 0.00635703 0.00107141 0.587821 0.161181 0.0273142 0.0197142 
0.0180495 0.0115658 0.00371681 0.0395564 4.07984e-05 0.000290929 0.761379 0.0755222 0.00631899 0.0835591 
0.02229 0.0223524 0.000545577 0.00772929 0.0040965 5.85956e-05 0.590117 0.252095 0.0590995 0.0416159 
0.0816794 0.00260925 0.081134 0.059753 0.000121537 0.0109084 0.339069 0.0760325 0.220912 0.127781 
0.0722256 0.0218608 0.0132936 0.00130763 0.244059 0.00629699 0.515778 0.037653 0.0778546 0.00967148 
0.00409422 0.0117201 0.00361449 0.00394019 0.0136576 0.00824592 0.872588 0.0626934 0.0129733 0.00647249 
0.0135598 0.328095 0.00851685 0.0519463 2.23364e-05 2.31583e-05 0.340939 0.110086 0.122892 0.0239205 
0.0288528 0.0845348 8.65897e-06 0.00316687 2.90077e-05 1.32767e-06 0.564899 0.312472 0.00602626 9.569e-06 
0.010209 0.122892 0.0530242 0.0114992 0.00369344 0.00664701 0.404477 0.291198 0.0515967 0.0447643 
0.0331433 0.26075 0.00213141 0.0120944 0.000197897 0.000130954 0.425328 0.201051 0.053276 0.0118971 
0.0551123 0.0511813 0.0111823 0.0385797 0.000101588 5.98241e-05 0.633914 0.184445 0.0150289 0.0103954 
0.0398796 0.276434 0.00572059 0.06959 4.06056e-05 0.000222545 0.429802 0.124108 0.0450161 0.00918733 
0.00629203 0.259276 0.000483978 0.0856292 0.00100493 8.49106e-06 0.498216 0.0941526 0.0373927 0.0175443 
0.00140849 0.00140855 0.00140831 0.00140847 0.00140761 0.00140835 0.987325 0.00140858 0.00140856 0.00140847 
0.0102831 0.0480217 0.0085078 0.0480732 0.0001284 0.000103844 0.682831 0.155778 0.0422964 0.00397661 
0.0174127 0.0296241 0.00665775 0.00348137 0.00142324 0.0190972 0.57891 0.219586 0.0910748 0.032733 
0.0284861 0.0563035 0.00401259 0.0149031 0.000159693 0.0105377 0.647998 0.0898158 0.0942127 0.0535707 
0.00593953 0.054549 0.000159221 0.00421417 0.000549615 3.12469e-05 0.819302 0.0266788 0.0629511 0.0256248 
0.00619323 0.0202182 0.0904395 0.0431364 0.000462267 0.0513762 0.736132 0.0139129 0.00797021 0.0301593 
0.0527578 0.299404 0.00276742 0.0868472 0.0109532 0.000489101 0.333971 0.154238 0.05 0.00857181 
0.0501161 0.121436 0.024114 0.0549884 0.000546174 0.0223522 0.245509 0.181533 0.112726 0.186679 
0.00551268 0.134209 0.00204689 0.0151552 0.000481703 3.34763e-05 0.534467 0.188925 0.114278 0.00488996 
0.0972319 0.210466 0.0401102 0.015695 0.000118882 0.000544766 0.420463 0.12269 0.0377962 0.0548848 
0.0365146 0.142612 0.000501053 0.0189794 0.000168087 9.52077e-05 0.504874 0.172534 0.104784 0.0189372 
0.00320022 0.0610541 0.00603689 9.18533e-05 7.58428e-05 2.78984e-05 0.572485 0.0291879 0.32688 0.000959991 
0.0295125 0.178045 0.0045729 0.00118022 0.000146234 4.0036e-05 0.664749 0.0363574 0.048747 0.0366493 
0.0508823 0.0587114 0.151569 0.00756299 0.00137357 0.0626546 0.281122 0.131239 0.0280354 0.22685 
0.0456947 0.0334213 0.165704 0.00340502 7.14742e-05 0.0175449 0.263084 0.172927 0.195892 0.102256 
0.00694581 0.100709 4.12245e-05 0.0970895 0.00247509 0.0011092 0.768122 0.0197549 0.00357477 0.000178973 
0.0140479 0.316913 0.00284489 0.072117 2.80234e-06 1.20534e-05 0.492211 0.00744785 0.0315756 0.0628272 
0.022764 0.116201 0.0234533 0.0442456 0.000363752 0.0147094 0.269067 0.211588 0.256889 0.0407193 
0.036145 0.0474161 0.00128499 0.0148496 2.82738e-05 0.000253409 0.528839 0.331388 0.00369615 0.0360996 
0.00409422 0.0117201 0.00361449 0.00394019 0.0136576 0.00824592 0.872588 0.0626934 0.0129733 0.00647249 
0.0550941 0.167063 0.123515 0.0876863 0.000647233 0.0202753 0.184724 0.164747 0.0858851 0.110363 
0.000216582 0.33902 0.00022783 0.156873 0.0024288 0.000142959 0.435176 0.0439199 0.0219942 1.95231e-09 
0.00152613 0.0779962 0.000358929 0.041119 0.0123798 8.66745e-05 0.735829 0.0921905 0.038341 0.000173168 
0.000515697 0.0876333 0.00817756 0.0557948 0.0514013 0.000197814 0.651799 0.133659 0.00606351 0.0047574 
0.0262829 0.0601682 0.00162424 0.012383 0.000989202 3.00708e-05 0.566157 0.287555 0.0350512 0.00975868 
0.0215018 0.0479772 0.00102174 0.00743806 0.00230664 0.000116046 0.561915 0.207587 0.073061 0.0770753 
0.00650182 0.0488979 0.0120981 0.00572526 0.0323857 0.000226305 0.717005 0.0678282 0.0965807 0.0127508 
0.0851519 0.0701328 0.00671805 0.00784305 0.0011104 0.000345086 0.358603 0.318241 0.0816559 0.0701993 
0.0851171 0.0800741 0.0260033 0.0365208 0.000296227 0.000845137 0.365218 0.242122 0.142612 0.0211914 
0.00826292 0.0277541 0.000993735 0.000744953 0.000386412 6.05752e-05 0.831109 0.111812 0.0085621 0.0103144 
0.0163392 0.0373463 0.000764026 0.00601109 0.000933744 5.11731e-05 0.608531 0.300872 0.0184396 0.0107115 
0.0426326 0.0232501 0.00135952 0.0210805 0.170997 0.00318812 0.476612 0.217105 0.0368396 0.00693525 
0.0287695 0.051197 0.00627678 0.0156323 0.0296348 0.000327831 0.752701 0.0648865 0.0260292 0.0245451 
0.108379 0.225434 0.00300065 0.0277403 0.00061767 9.758e-05 0.421859 0.104657 0.0682301 0.0399854 
0.0070028 0.271411 0.00440127 0.0983454 0.00024455 4.97557e-05 0.368626 0.102138 0.132168 0.0156128 
0.00847478 0.109126 0.000367704 0.00104098 0.00258449 4.70882e-05 0.760884 0.0748512 0.0391047 0.00351876 
0.011333 0.163054 0.100372 0.0644426 0.0163878 0.00785651 0.30334 0.088116 0.0173512 0.227746 
0.0057833 0.0180341 0.181989 0.128116 0.000928607 0.048821 0.462091 0.0519283 0.00778938 0.0945195 
0.0460753 0.0353702 0.0413734 0.00114816 0.000412422 0.0639862 0.460932 0.0451887 0.0802169 0.225297 
0.0158011 0.0435691 0.0606079 0.0821144 0.00101555 0.0126407 0.569616 0.137573 0.0368035 0.0402594 
0.0237153 0.108985 0.00212217 0.0168056 0.000814596 5.47677e-05 0.66115 0.0844953 0.0623573 0.0394995 
0.217064 0.216608 0.000422091 0.0125636 0.00119663 4.84815e-08 0.349371 0.180203 0.0205456 0.002026 
0.0148229 0.11977 0.0142558 0.0194309 0.000124845 0.00413966 0.437915 0.268812 0.0164058 0.104322 
0.10157 0.0435514 0.0132694 0.0279767 0.000612112 0.000272876 0.555335 0.108204 0.0559745 0.0932331 
0.101546 0.225295 0.000750331 0.0151792 0.000357091 0.000178252 0.339044 0.245804 0.0341901 0.0376548 
