0.0136111 0.133206 0.0178682 0.00456642 0.000116816 0.0995795 0.120729 0.14201 0.0809704 0.387342 
0.0173941 0.00639628 0.0655681 0.021615 9.92869e-05 0.0365017 0.00860679 0.384314 0.0302298 0.429275 
0.0143543 0.0389329 0.0220829 0.0201135 0.000166738 0.0127553 0.0350754 0.0726891 0.021769 0.762061 
0.0397848 0.337345 3.95573e-06 7.50015e-07 0.000102007 1.53191e-06 0.0289469 0.0293564 0.132271 0.432188 
0.0177391 0.107439 0.231037 0.0127368 2.12025e-05 0.0982342 0.0774751 0.10253 0.0927877 0.259999 
0.014572 0.0740048 0.024445 0.0664717 3.57554e-05 0.00648338 0.00750779 0.169205 0.0773054 0.559969 
0.018437 0.0295921 0.151563 0.00604596 0.00824894 0.0453318 0.137985 0.259212 0.0620543 0.281529 
0.0712252 0.0606923 0.018652 0.00411181 0.000546002 0.00742449 0.0545501 0.172727 0.129977 0.480095 
0.0018933 0.00527195 0.0332015 0.0122037 5.07324e-06 0.142409 0.0759715 0.0230955 0.00792009 0.698028 
0.0298166 0.0296127 0.00890119 0.0115927 0.00161323 0.00260933 0.106951 0.300392 0.112576 0.395935 
0.0376699 0.0606792 0.0157713 0.013664 0.000371228 0.0250705 0.106592 0.305202 0.0968288 0.338151 
0.0253812 0.0079884 0.154515 0.00342983 0.000396692 0.0747985 0.0405281 0.234207 0.18744 0.271316 
0.0241688 0.0823469 0.0481746 0.00219224 3.85454e-05 0.0038457 0.0623921 0.086518 0.15574 0.534583 
0.0136737 0.013275 0.000367061 0.00850813 1.14373e-05 0.00153716 0.0141718 0.126609 0.0306054 0.791241 
0.0243028 0.0128377 0.0762005 0.00364176 0.000175007 0.114656 0.0077733 0.128091 0.0298026 0.602519 
0.0269175 0.00997819 0.0152454 0.0013204 1.3014e-05 0.00857501 0.280271 0.0608404 0.00346046 0.593379 
0.0018933 0.00527195 0.0332015 0.0122037 5.07324e-06 0.142409 0.0759715 0.0230955 0.00792009 0.698028 
0.0359457 0.00280654 0.0351428 0.000979908 0.00017345 0.00776242 0.019584 0.413855 0.0183571 0.465393 
0.10379 0.0152576 0.00146822 9.29167e-05 1.14982e-05 1.11403e-06 0.00113324 0.130133 0.00455229 0.743559 
0.0248766 0.0228539 0.00237569 0.0273254 0.0774858 0.0266325 0.084202 0.172755 0.0458957 0.515597 
0.0398919 0.0289217 0.0143987 0.0152211 0.0625662 0.0485266 0.11419 0.112388 0.0481185 0.515777 
0.00519563 0.0287589 0.075399 0.0115273 3.40413e-09 0.102432 0.0286987 0.121735 0.0740889 0.552165 
0.0217851 0.0452888 0.0285791 0.0576937 1.40086e-05 0.248226 0.0924616 0.121594 0.0841778 0.300179 
0.014572 0.0740048 0.024445 0.0664717 3.57554e-05 0.00648338 0.00750779 0.169205 0.0773054 0.559969 
0.036075 0.0430979 0.13502 0.00470887 0.000184608 0.065408 0.12324 0.140558 0.023627 0.428081 
0.104436 0.103321 0.0226698 0.0145866 9.87904e-05 0.00317016 0.0481179 0.19018 0.237377 0.276043 
0.0249163 0.0182976 0.151753 0.0220836 0.000257083 0.11566 0.056142 0.140568 0.141491 0.328832 
0.00450575 0.0363023 0.00873802 0.0243022 2.34411e-10 4.10514e-05 0.0665751 0.250134 0.00427479 0.605127 
0.014572 0.0740048 0.024445 0.0664717 3.57554e-05 0.00648338 0.00750779 0.169205 0.0773054 0.559969 
0.00450575 0.0363023 0.00873802 0.0243022 2.34411e-10 4.10514e-05 0.0665751 0.250134 0.00427479 0.605127 
0.0107241 0.0173206 0.0607955 0.000907213 0.000116967 0.0400404 0.102431 0.0449617 0.00700199 0.715701 
0.014572 0.0740048 0.024445 0.0664717 3.57554e-05 0.00648338 0.00750779 0.169205 0.0773054 0.559969 
0.106663 0.0202291 0.0419064 0.00889095 2.39044e-06 0.0125383 0.0128671 0.166054 0.229182 0.401667 
0.00952819 0.0045298 0.0700731 0.000594828 2.07933e-05 0.0109507 0.0047849 0.319324 0.0118581 0.568335 
0.00836949 0.00355039 0.0423308 0.00215719 4.61711e-05 0.017239 0.00387132 0.389587 0.024035 0.508814 
0.0018933 0.00527195 0.0332015 0.0122037 5.07324e-06 0.142409 0.0759715 0.0230955 0.00792009 0.698028 
0.0234269 0.039355 0.04991 0.00547157 8.0133e-05 0.162134 0.0158764 0.222515 0.0765691 0.404661 
0.0193372 0.162754 0.0555086 0.0101893 0.000259525 0.0235592 0.051536 0.152054 0.240577 0.284226 
0.00548904 0.0256017 0.0276409 0.00842078 1.0447e-08 0.000283653 0.0507429 0.237602 0.130152 0.514068 
0.0116806 0.0259363 0.0728097 0.00758726 3.45521e-06 0.0716533 0.0212393 0.154017 0.077743 0.55733 
0.0190939 0.0244724 0.0414241 0.010444 8.1908e-05 0.0206961 0.00412601 0.19627 0.0102292 0.673162 
0.214842 0.0142762 0.0029484 0.00161112 0.000136687 0.000320344 0.11098 0.185304 0.0295553 0.440026 
0.014572 0.0740048 0.024445 0.0664717 3.57554e-05 0.00648338 0.00750779 0.169205 0.0773054 0.559969 
0.0420143 0.0377829 0.057581 0.0135906 3.50786e-05 0.0669894 0.0412653 0.282624 0.0771214 0.380996 
0.125771 0.012684 0.00730784 0.00213415 0.00309929 0.0345591 0.129983 0.186553 0.123874 0.374034 
0.0904924 0.0776201 0.0211905 0.0229345 0.0126669 0.00786216 0.0986447 0.124108 0.139557 0.404923 
0.0309655 0.006172 0.0289049 0.00175303 0.00043005 0.089123 0.0568689 0.202366 0.0639532 0.519463 
0.250656 0.050249 0.0251773 0.0117883 0.0046977 0.0209944 0.0235625 0.159692 0.15624 0.296942 
0.0765302 0.0497734 0.0982727 0.0211682 6.83982e-05 0.031265 0.0616085 0.243368 0.157026 0.260919 
0.0299196 0.00183168 0.196558 0.0279814 5.21495e-05 0.0467825 0.0118201 0.24698 0.163985 0.274089 
0.0018933 0.00527195 0.0332015 0.0122037 5.07324e-06 0.142409 0.0759715 0.0230955 0.00792009 0.698028 
0.109571 0.00400062 0.0093828 0.00182787 8.39511e-05 0.0323155 0.00615362 0.027362 0.0437233 0.765579 
0.03741 0.0225482 0.0118494 0.0100387 0.0464663 0.0326794 0.0703313 0.152012 0.096142 0.520522 
0.0256732 0.0123855 0.164454 0.0275548 2.02159e-05 0.0295581 0.0179632 0.0986327 0.0212329 0.602525 
0.0151863 0.0113531 0.00846139 0.000406061 4.4498e-06 0.0489192 0.0306246 0.146632 0.0563914 0.682021 
0.0336662 0.0316437 0.0448095 0.0303218 0.000141611 0.0638827 0.0343608 0.303125 0.0364318 0.421617 
0.0102066 0.0230562 0.000156482 2.61324e-05 2.71394e-10 4.94529e-06 0.0608356 0.0821835 0.000757002 0.822774 
0.0297005 0.0581561 0.136702 0.0359257 1.67129e-05 0.0163187 0.0363029 0.182311 0.0323478 0.472219 
0.00914152 0.0133049 0.0979064 0.00169885 0.000191952 0.0879256 0.0427346 0.0466114 0.0284848 0.672 
0.0018933 0.00527195 0.0332015 0.0122037 5.07324e-06 0.142409 0.0759715 0.0230955 0.00792009 0.698028 
0.0100269 0.0113525 0.0497242 0.00837092 3.80098e-05 0.0684136 0.00237846 0.0348862 0.0136966 0.801113 
0.014572 0.0740048 0.024445 0.0664717 3.57554e-05 0.00648338 0.00750779 0.169205 0.0773054 0.559969 
0.014572 0.0740048 0.024445 0.0664717 3.57554e-05 0.00648338 0.00750779 0.169205 0.0773054 0.559969 
0.147775 0.0197538 0.0132581 0.0153561 0.0132665 0.00955551 0.0163999 0.119808 0.134102 0.510725 
0.00923987 0.0585203 0.0134668 0.00626642 0.000121986 0.00761685 0.0411694 0.0540549 0.0228347 0.786709 
0.0362199 0.0285278 3.32277e-05 0.0354478 1.77161e-06 0.000633751 0.248922 0.090132 0.0276717 0.53241 
0.0278818 0.103174 0.0216965 0.0144955 0.00890764 0.00932756 0.192803 0.180439 0.105315 0.335959 
0.159875 0.0432387 0.0487958 0.00257784 0.0005589 0.00581512 0.00484644 0.192481 0.233886 0.307925 
0.0148929 0.0481738 0.0153786 0.00321152 0.00168135 0.0829113 0.194972 0.249209 0.0290691 0.3605 
0.0624094 0.0312457 0.256801 0.0285892 0.000343424 0.0645415 0.0257286 0.127315 0.0991592 0.303867 
0.085867 0.0662296 0.0222733 0.0300555 1.95251e-05 0.0361049 0.0306908 0.0508172 0.0431248 0.634817 
0.0330769 0.000652774 0.00530419 0.0215015 2.59904e-05 0.00791747 0.0159821 0.103868 0.00761096 0.80406 
0.0801745 0.142166 0.12834 0.0102474 0.00028914 0.0260989 0.0651459 0.0786858 0.106472 0.36238 
0.0275668 0.0188526 0.050013 0.0469111 3.01477e-05 0.0355722 0.117818 0.248931 0.0461277 0.408178 
0.00450575 0.0363023 0.00873802 0.0243022 2.34411e-10 4.10514e-05 0.0665751 0.250134 0.00427479 0.605127 
0.119023 0.0893379 0.0115095 0.00444402 9.31496e-09 5.55511e-06 0.0111269 0.166061 0.0293078 0.569185 
0.014572 0.0740048 0.024445 0.0664717 3.57554e-05 0.00648338 0.00750779 0.169205 0.0773054 0.559969 
0.0241594 0.0211626 0.0335884 0.0282381 0.000756593 0.0214825 0.166686 0.102458 0.00524645 0.596222 
0.014148 0.00079988 0.0280386 0.000529453 0.00185372 0.031463 0.308677 0.0670827 0.00947074 0.537936 
0.0422411 0.0217635 0.00797239 0.00249844 0.0013052 0.0349529 0.101108 0.220892 0.145509 0.421758 
0.014572 0.0740048 0.024445 0.0664717 3.57554e-05 0.00648338 0.00750779 0.169205 0.0773054 0.559969 
0.014572 0.0740048 0.024445 0.0664717 3.57554e-05 0.00648338 0.00750779 0.169205 0.0773054 0.559969 
0.106133 0.00628694 0.127702 0.0168679 3.46422e-05 0.015037 0.0530128 0.13916 0.138931 0.396835 
0.126628 0.0552229 0.00320275 0.00326917 0.0529215 0.000131645 0.0830293 0.17054 0.141534 0.36352 
0.0100269 0.0113525 0.0497242 0.00837092 3.80098e-05 0.0684136 0.00237846 0.0348862 0.0136966 0.801113 
0.018262 0.0497927 0.0515147 0.00842968 0.000698639 0.0310406 0.230314 0.248659 0.0365781 0.324711 
0.0540959 0.0202829 0.165385 0.00500951 6.01208e-05 0.0134208 0.27434 0.136249 0.0141528 0.317003 
0.0580458 0.0307113 0.0619777 0.0411916 1.66309e-05 0.0504993 0.0127831 0.126749 0.240068 0.377957 
0.0282174 0.00580347 0.0910859 0.0361433 0.00488657 0.0847476 0.225075 0.230593 0.0354843 0.257963 
0.0291937 0.0198793 0.0506803 0.0193448 3.20477e-08 0.167712 0.0365527 0.172669 0.185215 0.318753 
0.014572 0.0740048 0.024445 0.0664717 3.57554e-05 0.00648338 0.00750779 0.169205 0.0773054 0.559969 
0.0161884 0.0258554 0.0750495 0.0500016 0.000656611 0.0309101 0.177036 0.240049 0.0291924 0.355061 
0.0269175 0.00997819 0.0152454 0.0013204 1.3014e-05 0.00857501 0.280271 0.0608404 0.00346046 0.593379 
0.014572 0.0740048 0.024445 0.0664717 3.57554e-05 0.00648338 0.00750779 0.169205 0.0773054 0.559969 
0.0407519 0.0468319 0.0245664 0.106341 0.0381416 0.0101295 0.0955719 0.043586 0.0253042 0.568775 
0.017794 0.0509644 0.0151493 0.0008109 0.00087204 0.0708119 0.0774912 0.18492 0.0819628 0.499223 
0.0134831 0.00857643 0.0866331 0.00102351 0.000289081 0.0166943 0.145912 0.108354 0.0605022 0.558532 
0.0317626 0.00437339 0.052178 0.00101719 1.45712e-05 0.133548 0.0175164 0.11687 0.0269643 0.615755 
0.0154845 0.0143202 0.0211805 0.00257815 3.23546e-05 0.0261395 0.085255 0.036551 0.0108881 0.787571 
0.123344 0.0667931 0.118587 0.00933433 0.000168004 0.0337108 0.0435096 0.193108 0.17748 0.233965 
0.107665 0.080089 0.099067 0.0290652 6.29542e-05 0.0231442 0.0987021 0.253846 0.0437553 0.264603 
0.014572 0.0740048 0.024445 0.0664717 3.57554e-05 0.00648338 0.00750779 0.169205 0.0773054 0.559969 
0.0202845 0.0233026 0.0199086 0.00783462 1.29603e-05 0.0197504 0.0306103 0.396449 0.0329081 0.448939 
0.0100269 0.0113525 0.0497242 0.00837092 3.80098e-05 0.0684136 0.00237846 0.0348862 0.0136966 0.801113 
0.00615996 0.01393 0.0315311 0.00980054 0.000152034 0.0152874 0.0156659 0.0469421 0.00482459 0.855706 
0.166856 0.0389148 0.00938576 0.0210078 0.000353401 0.0471605 0.0441912 0.296532 0.0715127 0.304086 
0.0248766 0.0228539 0.00237569 0.0273254 0.0774858 0.0266325 0.084202 0.172755 0.0458957 0.515597 
0.00998716 0.00309583 0.177569 0.00123631 3.115e-05 0.0126442 0.0434701 0.286923 0.0381624 0.426882 
0.0518284 0.0118525 0.196424 0.00369197 0.000615595 0.0740402 0.135594 0.109065 0.0688668 0.348022 
0.182835 0.00661986 0.0180206 0.000511175 9.17865e-06 0.0152399 0.0459175 0.0192125 0.00826649 0.703367 
0.0179665 0.0404137 0.174222 0.00478533 4.25254e-05 0.0836235 0.0773502 0.168392 0.0512354 0.381969 
0.138919 0.0691179 0.00259299 0.00137413 0.00109742 0.00237201 0.0109012 0.0700071 0.0864938 0.617125 
0.03741 0.0225482 0.0118494 0.0100387 0.0464663 0.0326794 0.0703313 0.152012 0.096142 0.520522 
0.0153706 0.015325 0.072913 0.0102198 0.000467782 0.00548354 0.0999471 0.0602674 0.116778 0.603228 
0.0166526 0.0198684 0.0816795 0.0357929 4.592e-05 0.0279591 0.205814 0.0634577 0.0227514 0.525978 
0.0224254 0.0155615 0.149059 0.00510807 0.00194226 0.092119 0.0388448 0.107574 0.0461953 0.52117 
0.0645867 0.25834 0.00158088 0.000984121 0.0120519 7.80773e-05 0.0323226 0.160285 0.085409 0.384362 
0.0182291 0.00457808 0.0388942 0.00391779 1.27825e-05 0.077296 0.00807728 0.191682 0.297382 0.359931 
0.014572 0.0740048 0.024445 0.0664717 3.57554e-05 0.00648338 0.00750779 0.169205 0.0773054 0.559969 
0.0601163 0.12632 0.038123 0.011001 1.8503e-05 0.0387979 0.0748233 0.281795 0.080944 0.288062 
0.0134932 0.00495836 0.0602026 0.00822073 5.05239e-05 0.0690722 0.00850797 0.161479 0.0310788 0.642937 
0.0540959 0.0202829 0.165385 0.00500951 6.01208e-05 0.0134208 0.27434 0.136249 0.0141528 0.317003 
0.130525 0.0513085 0.0618436 0.0156591 0.000101249 0.0808012 0.0442238 0.237902 0.109841 0.267795 
0.137256 0.0146039 0.00783862 0.000504574 1.1653e-05 0.0918307 0.0117681 0.116654 0.0461019 0.573431 
0.0233055 0.0111331 0.0635829 0.00611866 0.000429148 0.0123916 0.0235915 0.317514 0.0607774 0.481156 
0.172329 0.0339355 0.0203156 0.00876238 8.0519e-05 0.00310456 0.0535351 0.161061 0.134434 0.412442 
0.0131397 0.053172 0.0362861 0.00312987 0.0131202 0.014975 0.266117 0.0824359 0.0655722 0.452052 
0.014572 0.0740048 0.024445 0.0664717 3.57554e-05 0.00648338 0.00750779 0.169205 0.0773054 0.559969 
0.0102066 0.0230562 0.000156482 2.61324e-05 2.71394e-10 4.94529e-06 0.0608356 0.0821835 0.000757002 0.822774 
0.158352 0.00616126 0.0186358 0.0121297 7.0818e-05 0.0218426 0.0805232 0.0874681 0.00838315 0.606433 
0.00450575 0.0363023 0.00873802 0.0243022 2.34411e-10 4.10514e-05 0.0665751 0.250134 0.00427479 0.605127 
0.16619 0.0424599 0.0903442 0.00232733 4.58455e-06 0.0281736 0.00695457 0.210181 0.157051 0.296313 
0.0523873 0.217141 5.3102e-05 0.0163134 0.000287565 5.06369e-05 0.195453 0.00202695 0.105988 0.4103 
0.014572 0.0740048 0.024445 0.0664717 3.57554e-05 0.00648338 0.00750779 0.169205 0.0773054 0.559969 
0.0406619 0.0622021 0.0229152 0.00433646 2.43359e-05 0.00433133 0.00880775 0.178291 0.156212 0.522218 
0.03741 0.0225482 0.0118494 0.0100387 0.0464663 0.0326794 0.0703313 0.152012 0.096142 0.520522 
0.0347117 0.0128684 0.07213 0.0825859 7.22121e-05 0.00868665 0.0660138 0.238829 0.0317944 0.452308 
0.0100269 0.0113525 0.0497242 0.00837092 3.80098e-05 0.0684136 0.00237846 0.0348862 0.0136966 0.801113 
0.0125156 0.0120844 0.00825958 0.0831943 0.00128825 0.023904 0.0174596 0.0533926 0.0130153 0.774887 
0.01892 0.0621757 0.0073405 0.0424165 0.000127704 0.00239545 0.016338 0.291642 0.142118 0.416526 
0.0018933 0.00527195 0.0332015 0.0122037 5.07324e-06 0.142409 0.0759715 0.0230955 0.00792009 0.698028 
0.0514899 0.0761501 0.00970809 0.00477578 0.0161114 0.264488 0.0380079 0.153718 0.113347 0.272205 
0.0518284 0.0118525 0.196424 0.00369197 0.000615595 0.0740402 0.135594 0.109065 0.0688668 0.348022 
0.0134932 0.00495836 0.0602026 0.00822073 5.05239e-05 0.0690722 0.00850797 0.161479 0.0310788 0.642937 
0.014572 0.0740048 0.024445 0.0664717 3.57554e-05 0.00648338 0.00750779 0.169205 0.0773054 0.559969 
0.00450575 0.0363023 0.00873802 0.0243022 2.34411e-10 4.10514e-05 0.0665751 0.250134 0.00427479 0.605127 
0.0769327 0.038317 0.0549554 0.00860392 0.000363393 0.0416704 0.0128794 0.160915 0.0639322 0.541431 
0.0503933 0.00808606 0.0808546 0.028872 0.0155029 0.168356 0.0776061 0.178378 0.0255014 0.366449 
0.014572 0.0740048 0.024445 0.0664717 3.57554e-05 0.00648338 0.00750779 0.169205 0.0773054 0.559969 
0.0271039 0.0315793 0.0962864 0.00538612 0.000379596 0.0267576 0.210505 0.246461 0.0714288 0.284112 
0.120539 0.0359744 0.0150419 0.0261134 0.00020239 0.00756917 0.0337823 0.324172 0.065496 0.37111 
0.188701 0.018599 0.0557234 0.0446037 0.000286077 0.0540634 0.0244851 0.239009 0.116588 0.257942 
0.0575616 0.159862 0.0856043 0.0102025 0.0280371 0.013768 0.108443 0.198386 0.114778 0.223358 
0.0737249 0.0536314 0.0284698 0.0209193 4.1426e-05 0.0228174 0.0364932 0.202498 0.0527514 0.508653 
0.014572 0.0740048 0.024445 0.0664717 3.57554e-05 0.00648338 0.00750779 0.169205 0.0773054 0.559969 
0.124489 0.0406999 0.0676065 0.00176458 0.00228827 0.00218832 0.0351358 0.211745 0.143932 0.370151 
0.00446062 0.0168346 0.00150283 0.00711441 0.00216055 0.000232162 0.076373 0.172875 0.00406405 0.714383 
0.036075 0.0430979 0.13502 0.00470887 0.000184608 0.065408 0.12324 0.140558 0.023627 0.428081 
0.127195 0.0103216 0.011017 0.00250438 3.66951e-05 0.00735429 0.0129307 0.135639 0.0720556 0.620945 
0.110753 0.00258432 0.00242421 5.0118e-05 2.82466e-06 4.64869e-06 0.00394063 0.309571 0.0158376 0.554832 
0.0603742 0.1335 0.0342887 0.00210706 0.000656035 0.00686655 0.0110183 0.134551 0.108544 0.508094 
0.0385233 0.141711 0.07207 0.0867272 0.000318862 0.0144813 0.0666998 0.193335 0.0720008 0.314133 
0.0642605 0.141739 0.000339579 0.0145037 0.000761141 8.36802e-05 0.0294135 0.061681 0.00134334 0.685875 
0.0271612 0.108817 0.0548702 0.00197325 4.51585e-07 0.0168436 0.099122 0.190958 0.0350005 0.465254 
0.0323384 0.0578703 0.0262909 0.0450193 0.00406141 0.0444827 0.218072 0.13075 0.0224422 0.418673 
0.091243 0.00789374 0.0106076 0.00961094 0.000334081 0.0354373 0.00665862 0.0495616 0.181926 0.606727 
0.145239 0.0986901 0.0726354 0.0171926 1.57353e-05 0.00981085 0.191492 0.159833 0.03443 0.270661 
0.262847 0.0317712 0.0858402 0.125841 1.56352e-05 0.00449374 0.0178012 0.0405464 0.00901587 0.421828 
0.0018933 0.00527195 0.0332015 0.0122037 5.07324e-06 0.142409 0.0759715 0.0230955 0.00792009 0.698028 
0.096146 0.0157328 0.0130711 0.00133233 0.00679216 0.131127 0.102257 0.223003 0.0522882 0.358251 
0.028327 0.0128847 0.0148138 0.000286139 1.06492e-05 0.0343899 0.059138 0.0808845 0.0997005 0.669565 
0.014572 0.0740048 0.024445 0.0664717 3.57554e-05 0.00648338 0.00750779 0.169205 0.0773054 0.559969 
0.0214357 0.0141918 0.0968665 0.00737738 0.00118334 0.00606996 0.0522377 0.0863843 0.0776062 0.636647 
0.000405488 0.0230465 0.0098199 0.00084419 1.55646e-06 0.00165896 0.112655 0.288662 0.124018 0.438889 
0.0162593 0.0112224 0.00844479 0.00170748 2.17092e-05 0.0088607 0.0190756 0.15524 0.00536537 0.773803 
0.0455188 0.108271 0.0292852 0.0109789 0.000470201 0.0136932 0.146527 0.215534 0.11734 0.312381 
0.134125 0.0496216 0.0294436 0.00944966 9.0663e-05 0.00780218 0.0299764 0.130585 0.196205 0.412701 
0.091243 0.00789374 0.0106076 0.00961094 0.000334081 0.0354373 0.00665862 0.0495616 0.181926 0.606727 
0.00450575 0.0363023 0.00873802 0.0243022 2.34411e-10 4.10514e-05 0.0665751 0.250134 0.00427479 0.605127 
0.032662 0.00330707 0.0288019 0.035082 3.04478e-05 0.00833408 0.0103598 0.220607 0.0150094 0.645806 
0.0518284 0.0118525 0.196424 0.00369197 0.000615595 0.0740402 0.135594 0.109065 0.0688668 0.348022 
0.0742289 0.0499067 0.157137 0.00160546 3.49987e-05 0.0945243 0.00968729 0.0631588 0.153616 0.3961 
0.0675739 0.0280393 0.0143628 0.0777933 0.0142456 0.0138216 0.0286585 0.122096 0.0421823 0.591226 
0.00594313 0.00440928 0.0102262 0.0082643 0.381801 0.0453757 0.0680346 0.0301274 0.00222888 0.443589 
0.0502133 0.0107076 0.120866 0.0129483 0.000154017 0.015294 0.0352728 0.182078 0.222027 0.35044 
0.0107798 0.00182569 0.0565157 0.00169599 2.18961e-05 0.281792 0.0239457 0.104091 0.0450198 0.474312 
0.0152536 0.00529863 0.199318 0.00411729 0.000488368 0.0440492 0.15605 0.256494 0.0519982 0.266934 
0.014572 0.0740048 0.024445 0.0664717 3.57554e-05 0.00648338 0.00750779 0.169205 0.0773054 0.559969 
0.0600281 0.00604273 0.0181694 0.00104301 2.3879e-05 0.0447866 0.00417883 0.243748 0.0665402 0.555439 
0.0534904 0.0219508 0.0326358 0.0505651 0.00113459 0.0233063 0.0646257 0.298333 0.0899547 0.364004 
0.109086 0.0577876 0.0236786 0.00361658 0.000608637 0.12672 0.0217378 0.255676 0.139719 0.261371 
0.0018933 0.00527195 0.0332015 0.0122037 5.07324e-06 0.142409 0.0759715 0.0230955 0.00792009 0.698028 
0.00836949 0.00355039 0.0423308 0.00215719 4.61711e-05 0.017239 0.00387132 0.389587 0.024035 0.508814 
0.0253038 0.0286025 0.000563881 0.000377878 4.79016e-07 0.00115401 0.0395482 0.26157 0.0150794 0.6278 
0.0990784 0.0201758 0.0939778 0.0016179 0.000460864 0.00716343 0.0968719 0.0170027 0.0384348 0.625216 
0.0839122 0.0349766 0.103714 0.0149749 0.000815469 0.0225387 0.0486971 0.27055 0.0692859 0.350535 
0.0136505 0.0868833 0.0161883 0.0163189 6.20149e-06 0.00283836 0.0530759 0.181845 0.0553906 0.573803 
0.0494569 0.0334228 0.025726 0.00267794 3.64886e-05 0.00540948 0.010992 0.0647287 0.0970926 0.710457 
0.00450575 0.0363023 0.00873802 0.0243022 2.34411e-10 4.10514e-05 0.0665751 0.250134 0.00427479 0.605127 
0.018685 0.108308 0.21604 0.0354321 0.0186187 0.0155251 0.129207 0.0926 0.0308569 0.334726 
0.0570307 0.0540287 0.0289003 0.0128323 0.000212554 0.00667752 0.0254423 0.127669 0.284791 0.402415 
0.0204882 0.157299 0.0784679 0.0227126 0.000270068 0.0213665 0.165263 0.188787 0.0762024 0.269143 
0.0518284 0.0118525 0.196424 0.00369197 0.000615595 0.0740402 0.135594 0.109065 0.0688668 0.348022 
0.166099 0.0203361 0.000638339 0.0090414 2.92304e-06 0.000256535 0.194661 0.17958 0.00296759 0.426417 
0.0492582 0.111878 0.0328983 0.0282617 0.0299546 0.00832111 0.22495 0.118155 0.0936587 0.302665 
0.250264 0.00581797 0.00130888 0.00124863 5.57836e-05 0.00466926 0.00120679 0.285812 0.109475 0.340142 
0.0888108 0.0273962 0.020933 0.00952374 0.061988 0.203902 0.0500728 0.174974 0.0558897 0.30651 
0.0018933 0.00527195 0.0332015 0.0122037 5.07324e-06 0.142409 0.0759715 0.0230955 0.00792009 0.698028 
0.10719 0.0362479 0.0541797 0.0180334 0.000128642 0.0283891 0.142359 0.0966332 0.0837317 0.433108 
0.0055744 0.0895 0.025088 0.00570574 9.69288e-06 0.0749986 0.0546997 0.121617 0.0346575 0.588149 
0.0430932 0.0734185 0.330084 0.00337218 0.000221382 0.0470972 0.00376324 0.0865681 0.0432636 0.369118 
0.0992526 0.0304616 0.0233429 0.0248154 9.178e-05 0.00810459 0.0564594 0.175815 0.158526 0.42313 
0.0119181 0.166468 0.112053 0.00675199 0.000462711 0.020658 0.07923 0.100454 0.0627655 0.439238 
0.00450575 0.0363023 0.00873802 0.0243022 2.34411e-10 4.10514e-05 0.0665751 0.250134 0.00427479 0.605127 
0.0116539 0.0307065 0.0242421 0.00998699 0.00052744 0.0209569 0.0440158 0.310541 0.0669969 0.480373 
0.0268573 0.0659864 0.119361 0.076405 0.000522553 0.0221992 0.20135 0.161756 0.0629702 0.262592 
0.0732706 0.0105871 0.0128637 0.00720475 0.000248568 0.234287 0.035521 0.276969 0.06771 0.281338 
0.00678713 0.0139994 0.00229384 9.92653e-06 7.59254e-09 2.0582e-07 0.000259039 0.0207551 0.00983642 0.946059 
0.0125156 0.0120844 0.00825958 0.0831943 0.00128825 0.023904 0.0174596 0.0533926 0.0130153 0.774887 
0.0359457 0.00280654 0.0351428 0.000979908 0.00017345 0.00776242 0.019584 0.413855 0.0183571 0.465393 
0.0018933 0.00527195 0.0332015 0.0122037 5.07324e-06 0.142409 0.0759715 0.0230955 0.00792009 0.698028 
0.025387 0.0417638 0.0724084 0.00825185 0.000381433 0.00579929 0.0429403 0.264345 0.110168 0.428555 
0.0236561 0.0415364 0.211532 0.000739768 4.04971e-05 0.00914948 0.0202971 0.124988 0.150997 0.417064 
0.0464741 0.0020847 0.0477324 0.000552008 4.73182e-05 0.00615416 0.00522437 0.214017 0.19072 0.486994 
0.110311 0.0638665 0.0190489 0.00198999 0.000105218 0.00390333 0.0982064 0.114776 0.114125 0.473668 
0.0270627 0.0215421 0.016807 0.00981851 0.000777399 0.0712722 0.246793 0.280847 0.0420889 0.282991 
0.014572 0.0740048 0.024445 0.0664717 3.57554e-05 0.00648338 0.00750779 0.169205 0.0773054 0.559969 
0.0782246 0.0190448 0.0202463 0.00199514 0.000324509 0.119919 0.00877729 0.0817237 0.0349999 0.634745 
0.00608355 0.213269 0.0871648 0.000930664 0.000662169 0.0405175 0.0134917 0.0411577 0.158942 0.437781 
0.062746 0.00348973 0.0215338 0.000510646 0.00417627 0.00590764 0.0175831 0.0568299 0.0522776 0.774945 
0.0520336 0.0555579 0.0369742 0.138537 0.000948287 0.0481346 0.110627 0.18332 0.059048 0.314819 
0.0462327 0.0527153 0.00212065 0.021297 0.00142125 6.7248e-05 0.0527411 0.231204 0.0986966 0.493504 
0.0721304 0.00281476 0.1366 0.0166603 2.24093e-05 0.0244816 0.00578379 0.170767 0.0512588 0.519481 
0.138562 0.00411005 0.0126747 0.00240696 0.0388291 0.00116311 0.0223864 0.173053 0.171485 0.43533 
0.00761206 0.0404921 0.0921278 0.0514355 2.57652e-05 0.038163 0.279892 0.0702356 0.0849276 0.335088 
0.03029 0.0235207 0.0430264 0.00288981 3.63066e-05 0.0399653 0.0143107 0.271045 0.0348815 0.540034 
0.0550181 0.0175618 0.0355422 0.0060399 0.00139682 0.0613194 0.129271 0.189302 0.0523401 0.452208 
0.00767619 0.00931616 0.0203252 0.0221069 3.68517e-05 0.0786235 0.0922142 0.200394 0.0152061 0.554101 
0.139447 0.0903501 0.0386579 0.0131866 0.00421272 0.0126403 0.0905856 0.202473 0.0534315 0.355015 
0.0735158 0.0190302 0.0430984 0.00351997 8.54006e-11 0.00113252 0.0508198 0.2474 0.10773 0.453754 
0.0139861 0.0111349 0.033229 0.00224038 3.86535e-05 0.0791752 0.215778 0.282486 0.036568 0.325364 
0.014572 0.0740048 0.024445 0.0664717 3.57554e-05 0.00648338 0.00750779 0.169205 0.0773054 0.559969 
0.0134932 0.00495836 0.0602026 0.00822073 5.05239e-05 0.0690722 0.00850797 0.161479 0.0310788 0.642937 
0.00450575 0.0363023 0.00873802 0.0243022 2.34411e-10 4.10514e-05 0.0665751 0.250134 0.00427479 0.605127 
0.0129895 0.00371399 0.0174914 0.000480213 1.7475e-05 0.0301206 0.102482 0.140297 0.0907359 0.601672 
0.122005 0.00550643 0.173031 0.0182318 0.000251283 0.00570396 0.000660318 0.130621 0.187308 0.356682 
0.0384453 0.174197 0.126349 0.0066963 4.33811e-07 0.00544736 0.0411651 0.206604 0.113782 0.287313 
0.230481 0.0231821 0.0260714 0.0017667 4.34034e-05 0.0327782 0.0176347 0.198349 0.0513541 0.41834 
0.126966 0.0862529 0.0287372 0.0409865 0.000147935 0.0393643 0.0181723 0.190773 0.195404 0.273196 
0.0916713 0.0122861 9.6301e-06 5.70442e-05 3.30494e-08 4.61254e-05 0.0664829 0.0435841 0.00820296 0.77766 
0.0122615 0.0913163 0.0478211 0.0535968 0.000103098 0.122291 0.184321 0.103644 0.0562625 0.328382 
0.125213 0.0157254 0.0251405 0.00109039 0.0110025 0.01592 0.0251356 0.209814 0.121251 0.449708 
0.014572 0.0740048 0.024445 0.0664717 3.57554e-05 0.00648338 0.00750779 0.169205 0.0773054 0.559969 
0.00516375 0.238985 0.0676858 0.000901542 0.000382092 0.0437853 0.0127228 0.0254885 0.090471 0.514414 
0.091243 0.00789374 0.0106076 0.00961094 0.000334081 0.0354373 0.00665862 0.0495616 0.181926 0.606727 
0.0359199 0.250025 0.00417782 0.0944935 0.000281651 0.000323619 0.0198052 0.214259 0.120557 0.260158 
0.036075 0.0430979 0.13502 0.00470887 0.000184608 0.065408 0.12324 0.140558 0.023627 0.428081 
0.00519563 0.0287589 0.075399 0.0115273 3.40413e-09 0.102432 0.0286987 0.121735 0.0740889 0.552165 
0.0235868 0.0380298 0.0137876 0.00692692 0.000897644 0.00615141 0.0572256 0.275378 0.102133 0.475883 
0.014572 0.0740048 0.024445 0.0664717 3.57554e-05 0.00648338 0.00750779 0.169205 0.0773054 0.559969 
0.0107637 0.0121155 0.0546168 0.00847227 5.25317e-05 0.0781741 0.00241919 0.0383932 0.014711 0.780282 
0.0861076 0.122411 0.015173 0.0435284 0.000687967 0.004342 0.129218 0.0943479 0.149364 0.354819 
0.00450575 0.0363023 0.00873802 0.0243022 2.34411e-10 4.10514e-05 0.0665751 0.250134 0.00427479 0.605127 
0.00450575 0.0363023 0.00873802 0.0243022 2.34411e-10 4.10514e-05 0.0665751 0.250134 0.00427479 0.605127 
0.00450575 0.0363023 0.00873802 0.0243022 2.34411e-10 4.10514e-05 0.0665751 0.250134 0.00427479 0.605127 
0.26335 0.0340586 0.035116 0.00231802 0.000868531 0.0134454 0.00290265 0.080153 0.0591845 0.508603 
0.0253812 0.0079884 0.154515 0.00342983 0.000396692 0.0747985 0.0405281 0.234207 0.18744 0.271316 
0.014572 0.0740048 0.024445 0.0664717 3.57554e-05 0.00648338 0.00750779 0.169205 0.0773054 0.559969 
0.0341191 0.0167445 0.00123978 0.0332114 7.45171e-06 1.48008e-05 0.00743377 0.243469 0.00293964 0.660821 
0.067598 0.00955243 0.0161958 0.00154473 2.32066e-05 0.0108041 0.0226504 0.137213 0.0676381 0.666781 
0.0166483 0.0515894 0.0798644 0.0180936 0.032038 0.152511 0.230373 0.124565 0.0502143 0.244104 
0.014572 0.0740048 0.024445 0.0664717 3.57554e-05 0.00648338 0.00750779 0.169205 0.0773054 0.559969 
0.033348 0.0238344 0.0328238 0.00260485 3.10413e-05 0.0107307 0.00805262 0.372544 0.0603233 0.455707 
0.241907 0.0179758 0.00605246 0.00574553 1.0213e-06 0.0179949 0.00496037 0.170264 0.11065 0.424449 
0.099286 0.00782728 0.0159823 0.00377083 0.000100975 0.0101256 0.00482006 0.0875885 0.0137632 0.756735 
0.0048757 0.0846797 0.0319641 0.000574394 0.114868 0.000849532 0.0581385 0.0392949 0.0673237 0.597431 
0.065469 0.00997387 0.000310277 3.14507e-06 8.41528e-08 2.75868e-06 0.0283651 0.14368 0.00187537 0.750321 
0.156929 0.0243617 0.0279713 0.000956637 6.80386e-05 0.0512932 0.0305086 0.0245185 0.056169 0.627225 
0.0446067 0.00185571 0.000893014 6.77568e-07 5.19662e-07 4.5424e-07 0.0558134 0.0264901 0.00227401 0.868065 
0.0591267 0.0888894 0.0311885 0.0592834 0.000147817 0.0156622 0.235599 0.112937 0.0789478 0.318219 
0.0248766 0.0228539 0.00237569 0.0273254 0.0774858 0.0266325 0.084202 0.172755 0.0458957 0.515597 
0.234502 0.0878674 0.0290024 0.00161171 0.00018891 0.0176396 0.0529404 0.15007 0.0654811 0.360697 
0.0314607 0.0674386 0.0438415 0.0142676 5.40698e-05 0.0163117 0.0302302 0.352962 0.0833893 0.360044 
0.255626 0.00312648 0.0104244 0.0349736 6.20943e-07 3.67844e-05 0.000322502 0.146564 0.114303 0.434623 
0.0201466 0.0216533 0.0165847 0.00203314 0.000168898 0.0676227 0.033108 0.266376 0.015085 0.557222 
0.00038476 0.0808468 0.00051895 0.000128033 1.4526e-05 0.00031264 0.00112147 0.000936616 0.00060887 0.915127 
0.014412 0.206303 0.023964 0.00106317 0.0594942 0.00964602 0.039605 0.0767424 0.058024 0.510746 
0.0018933 0.00527195 0.0332015 0.0122037 5.07324e-06 0.142409 0.0759715 0.0230955 0.00792009 0.698028 
0.014572 0.0740048 0.024445 0.0664717 3.57554e-05 0.00648338 0.00750779 0.169205 0.0773054 0.559969 
0.0818795 0.0668361 0.0305834 0.0257148 0.000746861 0.0340805 0.105056 0.194102 0.137465 0.323536 
0.00962297 0.0586956 0.016984 0.0066481 0.000138111 0.0104886 0.0404378 0.0545777 0.0226577 0.779749 
0.0186584 0.0237832 0.0159248 0.000971612 0.0611782 0.076728 0.0427396 0.096151 0.0799073 0.583958 
0.0221316 0.0130955 0.0750543 0.0187434 3.69981e-05 0.252383 0.0208461 0.0942543 0.0681471 0.435308 
0.0425231 0.0388416 0.00965342 0.0139515 0.00038306 0.00317741 0.0649678 0.0361828 0.024209 0.76611 
0.00393584 0.0307025 0.273514 0.0386248 5.21007e-11 0.0306029 0.100716 0.100184 0.061265 0.360454 
0.0186806 0.0240106 0.0336614 0.0107435 6.15706e-05 0.013361 0.00392125 0.194362 0.00872223 0.692476 
0.0186238 0.063049 0.0184584 0.0146965 0.000237396 0.0105004 0.027787 0.095951 0.0564152 0.694281 
0.0624991 0.0580796 0.0115604 0.00394016 0.00104564 0.0433044 0.10814 0.133645 0.0679564 0.50983 
0.0186584 0.0237832 0.0159248 0.000971612 0.0611782 0.076728 0.0427396 0.096151 0.0799073 0.583958 
0.0732803 0.0083339 0.0163334 0.0125084 0.0160672 0.248562 0.114323 0.13059 0.042458 0.337544 
0.135814 0.0742644 0.00430016 0.00166166 2.53328e-05 0.00579403 0.0313125 0.247881 0.105576 0.393371 
0.0177391 0.107439 0.231037 0.0127368 2.12025e-05 0.0982342 0.0774751 0.10253 0.0927877 0.259999 
0.079482 0.00512392 0.120434 0.00102889 1.09937e-06 0.000166579 0.0334187 0.14712 0.0562202 0.557005 
0.00516375 0.238985 0.0676858 0.000901542 0.000382092 0.0437853 0.0127228 0.0254885 0.090471 0.514414 
0.036075 0.0430979 0.13502 0.00470887 0.000184608 0.065408 0.12324 0.140558 0.023627 0.428081 
0.083268 0.0358745 0.0276829 0.0188678 0.0101617 0.0138305 0.0382131 0.220501 0.0964352 0.455165 
0.0464898 0.0581468 0.00450976 0.00750461 0.00347969 9.33744e-05 0.232215 0.146825 0.214277 0.286459 
0.0374815 0.016507 0.00698723 0.00352328 4.74074e-06 0.000292952 0.0073895 0.0655807 0.0188163 0.843417 
0.0036969 0.000141124 0.0667209 0.000292449 2.07601e-05 0.00927409 0.00695581 0.0294194 0.0193383 0.86414 
0.0194018 0.167939 0.147709 0.0690741 0.0488864 0.0137185 0.0977785 0.0914982 0.0210842 0.322909 
0.0105936 0.0243943 0.0234835 0.00779066 0.0893127 0.0655169 0.0837048 0.266127 0.0544338 0.374643 
0.320343 0.0458593 0.0257223 0.00772325 6.85821e-05 0.00819142 0.0579981 0.0737874 0.111657 0.348651 
0.0259255 0.0332212 0.0433738 0.00259044 1.6369e-05 0.00362793 0.297523 0.114165 0.0293282 0.450229 
0.0048757 0.0846797 0.0319641 0.000574394 0.114868 0.000849532 0.0581385 0.0392949 0.0673237 0.597431 
0.0210598 0.0129935 0.039872 0.0251585 0.000184188 0.0529482 0.0308965 0.281994 0.0550508 0.479843 
0.0295189 0.0054605 0.0227145 0.0146658 7.07049e-05 0.00800923 0.0080913 0.314691 0.0448815 0.551896 
0.0790583 0.0534322 0.0408563 0.00418681 3.20993e-05 0.00848905 0.0174566 0.103725 0.155511 0.537253 
0.0317626 0.00437339 0.052178 0.00101719 1.45712e-05 0.133548 0.0175164 0.11687 0.0269643 0.615755 
0.0310807 0.000584739 0.09767 0.00288997 0.000173541 0.0689562 0.00442036 0.276432 0.0260656 0.491727 
0.0018933 0.00527195 0.0332015 0.0122037 5.07324e-06 0.142409 0.0759715 0.0230955 0.00792009 0.698028 
0.0306026 0.0674813 0.056743 0.0280069 7.95403e-05 0.0147316 0.111053 0.0343446 0.116206 0.540752 
0.00720052 0.00328571 0.111686 0.0418393 0.00016083 0.00975113 0.0556075 0.120881 0.0314244 0.618164 
0.0100269 0.0113525 0.0497242 0.00837092 3.80098e-05 0.0684136 0.00237846 0.0348862 0.0136966 0.801113 
0.014572 0.0740048 0.024445 0.0664717 3.57554e-05 0.00648338 0.00750779 0.169205 0.0773054 0.559969 
0.0497468 0.00632711 0.00459796 0.00580573 6.03877e-05 0.0833731 0.0337784 0.20116 0.151934 0.463216 
0.0366414 0.0274155 0.0371385 0.0114696 0.00019575 0.0114205 0.20241 0.158247 0.013763 0.501299 
0.162587 0.0703019 0.103647 0.044092 9.54802e-06 0.046175 0.00774735 0.260454 0.0408408 0.264144 
0.00823643 0.0905903 0.0486181 0.016898 0.000124528 0.151428 0.0927586 0.11319 0.0706869 0.407469 
0.123554 0.0816436 0.0134414 0.00153934 0.000203784 0.00251708 0.021295 0.0777675 0.18141 0.496628 
0.0153917 0.000214219 0.0255596 0.000743415 0.000175842 0.102186 0.000758718 0.027511 0.012537 0.814923 
0.219228 0.0809457 0.00806526 0.00221403 0.00042526 0.00580826 0.0226891 0.159197 0.028557 0.472871 
0.0261162 0.0106562 0.0229082 0.00270741 4.62641e-05 0.00987096 0.03405 0.054997 0.164412 0.674235 
0.144738 0.0107301 0.00488618 0.00125898 0.000418632 0.00207939 0.020761 0.0820507 0.0942673 0.638809 
0.0592055 0.0881093 0.0115937 0.0168523 1.12548e-05 0.00916985 0.229223 0.221635 0.0287313 0.335469 
0.0300345 0.172563 0.133968 0.104993 0.0165689 0.0158323 0.114198 0.16841 0.0592405 0.184191 
0.0107702 0.0197112 0.0258178 0.0110499 0.000157798 0.0161345 0.0135725 0.0584853 0.0152639 0.829037 
0.0211958 0.00327899 0.0241238 0.00477606 0.000414363 0.0113185 0.0408161 0.309578 0.0266796 0.557818 
0.0670629 0.0308945 0.0581602 0.0182206 0.00212882 0.0151015 0.0346412 0.351682 0.0676901 0.354418 
0.0482216 0.0563444 0.0804547 0.00269747 9.61746e-06 0.158579 0.0322877 0.132714 0.0578604 0.430831 
0.0170422 0.0332993 0.0229854 0.0296141 0.00240062 0.224176 0.0891056 0.131288 0.024684 0.425405 
0.140256 0.0743535 0.199621 0.0196748 1.32981e-05 0.0116874 0.050637 0.0359717 0.034374 0.433412 
0.014572 0.0740048 0.024445 0.0664717 3.57554e-05 0.00648338 0.00750779 0.169205 0.0773054 0.559969 
0.110655 0.00408989 0.00207194 0.00489442 6.11259e-05 1.73688e-05 0.0268821 0.255736 0.0441298 0.551462 
0.0937746 0.0465763 0.0649367 0.00742586 8.55347e-05 0.0514987 0.00610059 0.272375 0.146957 0.31027 
0.0125145 9.32524e-05 0.0774837 0.000391249 2.80965e-05 0.0115787 0.00668822 0.0350902 0.0120114 0.844121 
0.0251307 0.000270063 0.000932378 6.99995e-05 7.5156e-11 2.76128e-05 3.76967e-05 0.478031 0.00157963 0.493921 
0.030164 0.0643628 0.00864004 0.00335099 5.47466e-05 0.000386584 0.0815106 0.288 0.0819023 0.441628 
0.0403436 0.0361317 0.019124 0.0610144 0.0123014 0.034813 0.0871701 0.210424 0.0425732 0.456104 
0.00083695 0.00999034 0.00226512 0.000172346 4.25825e-09 4.85721e-06 0.0202915 0.0407641 0.00495262 0.920722 
0.0198574 0.000665798 0.0637953 0.00175866 9.61057e-05 0.0360947 0.00392884 0.329869 0.0130328 0.530901 
0.0237974 0.0149346 0.0507912 0.00533131 0.000391335 0.0896209 0.0547197 0.116809 0.0370633 0.606541 
0.0200984 0.00141822 0.00844597 0.000107381 0.00593145 0.00974359 0.00464575 0.0378614 0.049992 0.861756 
0.0312815 0.0258496 0.00693448 0.028149 0.0232308 0.00106259 0.0274279 0.0394191 0.0426007 0.774044 
0.00606334 0.0365381 0.100643 0.000577753 0.000424146 0.0224232 0.00369683 0.0593634 0.217097 0.553173 
0.014572 0.0740048 0.024445 0.0664717 3.57554e-05 0.00648338 0.00750779 0.169205 0.0773054 0.559969 
0.014572 0.0740048 0.024445 0.0664717 3.57554e-05 0.00648338 0.00750779 0.169205 0.0773054 0.559969 
0.0113358 0.0121328 0.058102 0.00839004 5.899e-05 0.0843528 0.00248349 0.0407064 0.0155049 0.766933 
0.0214357 0.0141918 0.0968665 0.00737738 0.00118334 0.00606996 0.0522377 0.0863843 0.0776062 0.636647 
0.131694 0.0332959 0.0477027 0.00678395 0.000122572 0.0330214 0.00849062 0.307886 0.0640169 0.366986 
0.014572 0.0740048 0.024445 0.0664717 3.57554e-05 0.00648338 0.00750779 0.169205 0.0773054 0.559969 
0.0186584 0.0237832 0.0159248 0.000971612 0.0611782 0.076728 0.0427396 0.096151 0.0799073 0.583958 
0.00516375 0.238985 0.0676858 0.000901542 0.000382092 0.0437853 0.0127228 0.0254885 0.090471 0.514414 
0.0291937 0.0198793 0.0506803 0.0193448 3.20477e-08 0.167712 0.0365527 0.172669 0.185215 0.318753 
0.315282 0.00490877 0.00459383 0.0197394 3.17697e-06 0.012841 0.00920078 0.12882 0.0188745 0.485737 
0.00688549 0.0736801 0.0617613 0.0247877 0.00168168 0.0795353 0.195953 0.0789403 0.141796 0.33498 
0.106436 0.0360391 0.0276334 0.0117653 0.0326623 0.0162156 0.0311742 0.196539 0.249691 0.291844 
0.024248 0.0125806 0.0364281 0.0495991 7.64251e-05 0.0259821 0.0248966 0.239457 0.0130191 0.573713 
0.0407897 0.00881309 0.0181671 0.011828 4.19773e-05 0.0292754 0.118868 0.29003 0.0429444 0.439242 
0.0197715 0.00065019 0.0176242 0.0207338 0.000555366 0.0202534 0.0579501 0.128182 0.0151627 0.719117 
0.0564443 0.138183 0.0801123 0.00236387 1.50912e-05 0.00693497 0.00363791 0.214377 0.239374 0.258558 
0.157602 0.0962556 0.099271 0.00934801 0.0274834 0.0294023 0.0832258 0.0986597 0.182763 0.215989 
0.0177391 0.107439 0.231037 0.0127368 2.12025e-05 0.0982342 0.0774751 0.10253 0.0927877 0.259999 
0.112488 0.0117326 0.0280318 0.011946 0.000190867 0.018351 0.0309329 0.287079 0.0516532 0.447595 
0.056752 0.0163092 0.0115966 0.00071403 1.53761e-05 0.00557616 0.0345094 0.0194077 0.0447326 0.810387 
0.0177391 0.107439 0.231037 0.0127368 2.12025e-05 0.0982342 0.0774751 0.10253 0.0927877 0.259999 
0.0463666 0.084815 0.0389294 0.0301948 0.000135838 0.0113455 0.0750548 0.170274 0.205524 0.33736 
0.0517288 0.0205444 0.0357394 0.0225781 0.000339469 0.0150243 0.0243321 0.244167 0.245548 0.339998 
0.0593742 0.0400404 0.0988143 0.00727952 0.000263259 0.0626023 0.0487662 0.237639 0.198502 0.246719 
0.0236262 0.124169 0.128386 0.0236829 3.64955e-05 0.00911408 0.16462 0.124937 0.150917 0.250511 
0.0289731 0.01605 0.0907131 0.00622539 0.000384337 0.0549021 0.00681108 0.108537 0.154621 0.532783 
0.0018933 0.00527195 0.0332015 0.0122037 5.07324e-06 0.142409 0.0759715 0.0230955 0.00792009 0.698028 
0.0400938 0.0102681 0.0118753 0.00137328 3.4121e-05 0.0407264 0.0671756 0.268532 0.262618 0.297304 
0.0518284 0.0118525 0.196424 0.00369197 0.000615595 0.0740402 0.135594 0.109065 0.0688668 0.348022 
0.00519563 0.0287589 0.075399 0.0115273 3.40413e-09 0.102432 0.0286987 0.121735 0.0740889 0.552165 
0.316701 0.00150886 0.0080964 0.000406894 0.000176782 0.00341351 0.00561936 0.0695333 0.136098 0.458446 
0.0100269 0.0113525 0.0497242 0.00837092 3.80098e-05 0.0684136 0.00237846 0.0348862 0.0136966 0.801113 
0.00923987 0.0585203 0.0134668 0.00626642 0.000121986 0.00761685 0.0411694 0.0540549 0.0228347 0.786709 
0.154723 0.216316 0.00994359 0.000422297 3.08088e-08 2.74702e-06 0.0295528 0.0956674 0.109821 0.383551 
0.227766 0.00172723 0.281989 0.00270073 0.000174689 0.0668152 0.00247527 0.0844974 0.0169402 0.314914 
0.0247041 0.0504023 8.71816e-05 0.023514 0.000110498 6.3446e-06 0.042407 0.402168 0.0326833 0.423917 
0.00450575 0.0363023 0.00873802 0.0243022 2.34411e-10 4.10514e-05 0.0665751 0.250134 0.00427479 0.605127 
0.0357968 0.000624327 0.03871 0.00125142 6.51405e-05 0.0205169 0.089255 0.278232 0.022779 0.512769 
0.00450575 0.0363023 0.00873802 0.0243022 2.34411e-10 4.10514e-05 0.0665751 0.250134 0.00427479 0.605127 
0.0102066 0.0230562 0.000156482 2.61324e-05 2.71394e-10 4.94529e-06 0.0608356 0.0821835 0.000757002 0.822774 
0.0518284 0.0118525 0.196424 0.00369197 0.000615595 0.0740402 0.135594 0.109065 0.0688668 0.348022 
