0.587058 0.000365916 1.11612e-05 0.0269721 0.00218495 0.000334215 0.0317359 0.000862397 2.40064e-05 0.00801353 7.3384e-05 5.29987e-11 0.000384862 0.0221665 0.0282733 0.0345102 0.00823529 0.0468015 7.43554e-08 0.0010616 0.0684912 0.000810027 0.0414196 0.00889794 2.27567e-06 0.0798918 0.000698539 0.000719754 
0.285081 0.000403984 1.0335e-05 0.0374501 0.215381 0.000740495 0.00467589 0.00263507 0.00222009 0.00517683 0.000132144 5.08691e-11 0.000883287 0.0118075 0.0245714 0.0183241 0.0263657 0.0451899 1.48711e-06 0.0230663 0.0957394 0.0242579 0.0922985 0.0469016 1.58125e-05 0.036499 4.02509e-05 0.000130879 
0.715261 0.00289275 0.000135359 0.0146247 0.000582067 7.19103e-05 0.00177291 8.98755e-05 8.63587e-08 0.0398666 1.57771e-05 7.63879e-10 2.69336e-05 0.0361729 0.00404257 0.00112986 0.00179699 0.120722 3.14724e-06 0.0200118 0.0144591 7.72091e-05 0.00600531 0.0150385 1.44298e-05 0.00507331 2.24379e-05 9.02758e-05 
0.172295 0.000520352 5.97509e-05 0.0543075 0.0250144 0.00180487 0.0193538 0.0018141 0.00650925 0.0205287 0.000669469 2.36244e-05 0.00535105 0.0252174 0.0473476 0.0924228 0.113198 0.0790832 8.81756e-06 0.0163938 0.037935 0.00381878 0.0788337 0.10076 0.00101802 0.0931689 0.00123682 0.00130472 
0.644096 6.40903e-05 0.0015687 0.0357174 0.0043185 0.000109447 0.000611135 2.90229e-05 1.69584e-06 0.0106111 5.41368e-05 5.18654e-06 2.18593e-06 0.00786504 0.0175247 0.00298458 0.071975 0.00603559 2.86929e-06 0.0857921 0.0241965 0.00118064 0.0102843 0.0411374 6.57696e-06 0.0334208 0.000398411 6.95783e-06 
0.237587 0.0011553 3.87266e-05 0.00348199 0.0178577 1.40489e-07 0.00145564 0.000799048 3.80726e-06 0.000139093 2.0748e-06 3.85048e-07 8.11848e-05 0.00122481 0.0109987 0.161788 0.0172664 0.0298128 9.23067e-06 0.000650995 0.181689 0.00571011 0.196924 0.0296668 2.82495e-06 0.101648 3.53404e-06 3.02359e-06 
0.715261 0.00289275 0.000135359 0.0146247 0.000582067 7.19103e-05 0.00177291 8.98755e-05 8.63587e-08 0.0398666 1.57771e-05 7.63879e-10 2.69336e-05 0.0361729 0.00404257 0.00112986 0.00179699 0.120722 3.14724e-06 0.0200118 0.0144591 7.72091e-05 0.00600531 0.0150385 1.44298e-05 0.00507331 2.24379e-05 9.02758e-05 
0.715261 0.00289275 0.000135359 0.0146247 0.000582067 7.19103e-05 0.00177291 8.98755e-05 8.63587e-08 0.0398666 1.57771e-05 7.63879e-10 2.69336e-05 0.0361729 0.00404257 0.00112986 0.00179699 0.120722 3.14724e-06 0.0200118 0.0144591 7.72091e-05 0.00600531 0.0150385 1.44298e-05 0.00507331 2.24379e-05 9.02758e-05 
0.204686 0.000429011 0.00303858 0.0383106 0.0714875 0.00120757 0.008292 0.00478339 0.000699453 0.00578913 0.000642728 1.1125e-07 0.00152604 0.0970789 0.0898153 0.0251956 0.0170127 0.124136 6.69233e-06 0.0208192 0.0563132 0.0103173 0.0850002 0.0894024 0.00202727 0.0409973 7.63193e-05 0.000909146 
0.715261 0.00289275 0.000135359 0.0146247 0.000582067 7.19103e-05 0.00177291 8.98755e-05 8.63587e-08 0.0398666 1.57771e-05 7.63879e-10 2.69336e-05 0.0361729 0.00404257 0.00112986 0.00179699 0.120722 3.14724e-06 0.0200118 0.0144591 7.72091e-05 0.00600531 0.0150385 1.44298e-05 0.00507331 2.24379e-05 9.02758e-05 
0.350715 0.00128366 4.4829e-05 0.0488575 0.112236 0.000430473 0.00989323 0.0016115 0.000455577 0.0040151 0.000182833 1.16625e-10 0.000131064 0.0173643 0.0981015 0.0115453 0.00629146 0.0433036 1.52168e-05 0.00133873 0.111941 0.00856939 0.0744389 0.00263785 0.000231885 0.0939448 0.000234557 0.00018565 
0.461818 0.000214627 0.000575491 0.0312737 0.00158315 0.01108 0.00639382 0.000351175 4.32483e-06 0.00021994 0.000337628 0.0201071 0.000908476 0.0113702 0.0234292 0.0181981 0.0648412 0.00845574 1.21741e-06 0.0344943 0.0120498 6.84574e-05 0.0537604 0.185223 4.26484e-06 0.0529876 0.000208128 4.09751e-05 
0.276204 0.000536617 4.58826e-05 0.0132202 6.94189e-07 8.07948e-07 0.00285672 3.36556e-07 3.45319e-11 7.75613e-08 3.16647e-06 5.78764e-11 6.59743e-11 4.47551e-07 0.0279232 1.98362e-06 0.266768 2.84502e-06 2.82198e-08 0.0878312 0.0898149 0.0201129 1.23914e-06 0.139258 1.18878e-07 0.0754158 3.1148e-07 3.28489e-11 
0.435752 0.000801461 0.007489 0.016321 0.0213198 0.00129198 0.00117414 1.80204e-05 0.000133751 0.0291163 2.19944e-05 1.39918e-07 6.33579e-05 0.0206298 0.00683512 0.0208031 0.00796107 0.0264034 6.53824e-06 0.00901711 0.243264 0.000158398 0.0256809 0.12018 6.08234e-06 0.00182124 0.00372292 7.21125e-06 
0.715261 0.00289275 0.000135359 0.0146247 0.000582067 7.19103e-05 0.00177291 8.98755e-05 8.63587e-08 0.0398666 1.57771e-05 7.63879e-10 2.69336e-05 0.0361729 0.00404257 0.00112986 0.00179699 0.120722 3.14724e-06 0.0200118 0.0144591 7.72091e-05 0.00600531 0.0150385 1.44298e-05 0.00507331 2.24379e-05 9.02758e-05 
0.252797 0.00770924 0.000122135 0.0619401 0.0471647 0.000908063 0.0117154 0.160814 0.0194266 0.0142514 0.00137994 9.34777e-09 4.46713e-05 0.0479457 0.065632 0.0154334 0.0724374 0.0625005 1.47645e-07 0.00130668 0.010146 0.00743124 0.0970416 0.00569921 0.000170131 0.0346875 6.27064e-06 0.00128859 
0.87833 4.83305e-05 3.84035e-08 0.0636173 0.0241681 4.52852e-06 1.96587e-06 2.33011e-08 1.11339e-06 0.00320258 2.07833e-07 4.64853e-08 1.51421e-06 9.86086e-05 0.0113804 0.0125601 0.000794573 0.000779758 3.77132e-08 1.13929e-05 2.97782e-06 1.0287e-05 0.00167146 0.00217636 6.82713e-08 0.00111105 1.84209e-06 2.53475e-05 
0.378579 0.0123439 0.000725834 0.0284732 0.0155 0.00067726 0.00267483 0.000324334 0.00246275 0.0124886 6.73239e-05 9.3681e-07 5.00014e-05 0.0274783 0.00978059 0.0167787 0.0127108 0.00764261 1.28495e-07 0.06873 0.0118526 0.000646765 0.00586256 0.35106 2.37623e-05 0.0329893 2.18235e-05 5.42289e-05 
0.331034 1.40051e-05 0.00221365 0.0699503 0.00789976 0.00201099 0.0176481 0.00311866 1.46672e-08 0.000173991 1.69597e-05 3.54353e-11 0.000310273 0.192064 0.0168033 0.00207897 0.00519414 0.0734296 9.65904e-06 0.00331637 0.0765821 0.00133405 0.00953591 0.143213 7.20673e-06 0.0409908 5.61646e-05 0.000994581 
0.374532 4.37363e-07 5.28435e-06 0.000982192 0.00230938 8.05551e-10 0.000141447 0.00146249 8.34863e-07 9.87305e-05 0.000213678 1.14838e-09 1.58961e-06 0.00907308 0.0117588 0.000508553 0.00238962 0.0021583 1.47194e-06 0.000207437 0.349666 0.000629876 0.0763149 0.00188793 5.94808e-06 0.165564 6.90835e-05 1.68594e-05 
0.715261 0.00289275 0.000135359 0.0146247 0.000582067 7.19103e-05 0.00177291 8.98755e-05 8.63587e-08 0.0398666 1.57771e-05 7.63879e-10 2.69336e-05 0.0361729 0.00404257 0.00112986 0.00179699 0.120722 3.14724e-06 0.0200118 0.0144591 7.72091e-05 0.00600531 0.0150385 1.44298e-05 0.00507331 2.24379e-05 9.02758e-05 
0.310115 5.99464e-05 3.76129e-07 0.0531462 0.000320559 3.08234e-05 0.110355 0.000349118 0.0208192 0.000556937 7.3062e-05 3.61221e-10 4.91371e-06 0.0869946 0.00846206 0.110702 0.00943576 0.177999 1.49927e-06 0.00540938 0.0135095 0.0117411 0.0314755 0.0163112 4.6789e-05 0.0319677 4.92156e-06 0.000107211 
0.229406 3.97571e-05 0.0260839 0.0570665 0.0362314 0.00561862 0.00919604 0.00139342 3.15346e-05 0.00556683 0.000875838 7.28769e-05 0.000217161 0.0153812 0.0221743 0.0184528 0.191395 0.0258521 1.6687e-05 0.0200344 0.06732 0.00368278 0.0250113 0.189948 0.00188479 0.046866 0.000107529 7.33826e-05 
0.678813 0.000165308 0.00010734 0.0370486 0.000180765 0.000844683 0.00193515 0.183314 8.13191e-05 0.0015759 1.72405e-05 9.67637e-11 1.12185e-06 0.00249209 0.00566717 0.0179496 0.0171537 0.00409106 2.35963e-07 0.000639756 0.00220671 9.42784e-05 0.00955558 0.0298923 1.88576e-05 0.00614966 2.18864e-06 1.83509e-06 
0.226766 0.000483563 0.00238126 0.0596792 0.0141509 0.00030437 0.0160587 0.0235118 0.0035688 0.011888 0.000269371 4.00837e-06 0.000864574 0.0259865 0.0194819 0.0176219 0.128917 0.14066 2.92075e-06 0.0178817 0.0450938 0.00366637 0.0831133 0.0539975 0.00231894 0.095105 0.00246087 0.00376164 
0.636154 7.27846e-05 1.22574e-07 0.0320746 0.000331049 1.72141e-07 0.000573381 1.50045e-08 3.86594e-07 0.0154593 1.71332e-08 4.61069e-12 1.44109e-05 0.00511537 0.0454771 0.00215483 0.00223355 0.0996798 5.29408e-09 0.0675578 0.00912104 6.06219e-05 0.0137262 0.0440664 1.44303e-05 0.0260799 5.58859e-09 3.23016e-05 
0.715261 0.00289275 0.000135359 0.0146247 0.000582067 7.19103e-05 0.00177291 8.98755e-05 8.63587e-08 0.0398666 1.57771e-05 7.63879e-10 2.69336e-05 0.0361729 0.00404257 0.00112986 0.00179699 0.120722 3.14724e-06 0.0200118 0.0144591 7.72091e-05 0.00600531 0.0150385 1.44298e-05 0.00507331 2.24379e-05 9.02758e-05 
0.244303 0.011719 8.42241e-05 0.0268205 0.0813242 1.09026e-07 0.0101458 0.0838891 0.0643785 0.00220775 1.04836e-05 0.000167909 4.54951e-05 0.0129691 0.0264878 0.0990926 0.0223777 0.0157143 1.63337e-05 0.0850145 0.0495155 0.000462852 0.0637657 0.0954885 0.000168166 0.00374664 3.49939e-07 8.37091e-05 
0.248907 0.000101898 1.12625e-07 0.0108603 0.0394401 6.6288e-05 0.00940553 0.00214824 0.00132038 0.00337622 2.51872e-05 0.000118038 0.000154585 0.025928 0.00607248 0.0146268 0.0516153 0.179325 8.07825e-06 0.0199558 0.135541 0.000588515 0.0600087 0.187623 2.71051e-05 0.00273764 3.32368e-07 1.85354e-05 
0.251542 3.43063e-05 5.32787e-09 0.0176289 0.0166759 0.00249069 0.00721478 3.23265e-09 3.84783e-09 2.98636e-07 1.86782e-05 2.14881e-06 7.74073e-06 2.356e-06 0.0622566 0.243203 0.178482 0.0361197 2.6843e-06 8.38997e-06 9.05895e-06 0.0637568 0.0768528 6.75853e-06 1.01888e-09 0.0436569 1.05584e-05 1.66215e-05 
0.449616 0.000159437 1.75972e-07 0.00355842 0.109118 0.006604 0.0432407 0.000455256 1.68477e-06 1.46679e-06 0.00178615 2.13005e-07 0.00019378 0.000782805 0.0038301 0.00679838 0.0191148 0.0061351 1.59768e-05 0.273104 0.0325684 3.48638e-05 0.0248615 0.00700534 2.12644e-07 0.0107686 1.12742e-05 0.000233466 
0.664177 0.00125826 3.65226e-06 0.00780301 0.0270414 0.000875107 0.00569976 5.91451e-05 0.00293899 0.000226266 4.70363e-06 3.95075e-06 3.85422e-07 0.000626411 0.00128204 0.00890884 0.0111867 0.00606967 2.66039e-05 0.00302115 0.00568044 0.00178326 0.00173836 0.246762 6.77321e-06 0.00277006 3.2331e-06 4.36768e-05 
0.715261 0.00289275 0.000135359 0.0146247 0.000582067 7.19103e-05 0.00177291 8.98755e-05 8.63587e-08 0.0398666 1.57771e-05 7.63879e-10 2.69336e-05 0.0361729 0.00404257 0.00112986 0.00179699 0.120722 3.14724e-06 0.0200118 0.0144591 7.72091e-05 0.00600531 0.0150385 1.44298e-05 0.00507331 2.24379e-05 9.02758e-05 
0.815985 0.0216407 5.7701e-05 0.00615671 0.00860982 5.9833e-05 0.015335 0.00220897 2.20645e-06 6.05319e-06 0.000845809 1.24105e-06 1.85693e-06 0.0109197 0.00969725 0.0558506 0.0294245 1.41807e-05 1.53143e-06 0.00638994 0.00291198 0.000671034 1.19779e-05 0.0114863 1.47298e-06 0.00126074 2.47107e-06 0.000445414 
0.271578 0.000783031 0.000737869 0.0166966 0.0199531 0.00422099 0.00591252 0.00485101 0.00106363 0.00830896 0.000187977 6.67046e-05 0.000257396 0.0287877 0.0283102 0.0834277 0.0386003 0.0610336 6.60835e-05 0.0220653 0.157342 0.00790538 0.121356 0.0373301 0.000392538 0.0780817 0.000275983 0.000406731 
0.739106 4.1559e-05 0.00138176 0.00630877 0.00161216 0.000497964 0.00160405 0.00264409 6.21429e-06 0.000120452 5.97041e-05 1.80741e-08 1.61034e-05 0.00815943 0.00383003 0.0106004 0.0149554 0.0154296 7.64329e-07 0.0142268 0.0583598 0.00265922 0.0432858 0.0514268 6.1665e-06 0.0236061 4.42688e-05 1.00286e-05 
0.424832 0.00494812 5.88325e-05 0.0720056 0.0226882 0.00137555 0.0698902 0.000282978 0.000930332 0.00522105 4.98106e-05 4.68487e-08 0.00021773 0.00324672 0.0155871 0.0339463 0.0190278 0.00732206 9.60304e-05 0.00287628 0.0778726 0.00209868 0.135081 0.00290753 7.93102e-05 0.096754 0.000596905 7.84877e-06 
0.257873 0.000503883 4.39274e-09 0.00889727 0.00270158 0.143103 0.00185102 0.000342875 1.24769e-08 9.61414e-05 0.000129453 1.44701e-09 3.90105e-06 0.104512 0.0493241 0.0580278 0.0111794 0.0115026 2.31793e-05 0.0005613 0.0861164 0.000888775 0.164711 0.00968522 2.79759e-06 0.0878152 8.88361e-05 5.98e-05 
0.648887 0.00180524 6.09789e-08 0.00823597 0.0669549 5.17763e-08 0.00155846 0.00558193 4.40395e-08 0.000836533 0.000351274 7.38116e-08 6.39999e-06 0.0148875 0.00387957 0.0267452 7.4322e-07 0.0162225 1.04507e-06 0.00831801 0.0435779 0.0037079 0.0330989 0.029082 8.83953e-07 0.0209192 0.0653205 2.06132e-05 
0.715261 0.00289275 0.000135359 0.0146247 0.000582067 7.19103e-05 0.00177291 8.98755e-05 8.63587e-08 0.0398666 1.57771e-05 7.63879e-10 2.69336e-05 0.0361729 0.00404257 0.00112986 0.00179699 0.120722 3.14724e-06 0.0200118 0.0144591 7.72091e-05 0.00600531 0.0150385 1.44298e-05 0.00507331 2.24379e-05 9.02758e-05 
0.257939 0.00251732 7.71607e-06 0.0264605 0.161992 0.000201015 0.00355098 0.000756914 0.00119937 0.0130209 0.000679783 2.26417e-09 0.000846048 0.033849 0.0373864 0.00604008 0.0164188 0.231335 5.07822e-06 0.0143563 0.0777559 0.0105704 0.0510316 0.0401048 1.8237e-05 0.0117714 2.33019e-05 0.000162157 
0.715261 0.00289275 0.000135359 0.0146247 0.000582067 7.19103e-05 0.00177291 8.98755e-05 8.63587e-08 0.0398666 1.57771e-05 7.63879e-10 2.69336e-05 0.0361729 0.00404257 0.00112986 0.00179699 0.120722 3.14724e-06 0.0200118 0.0144591 7.72091e-05 0.00600531 0.0150385 1.44298e-05 0.00507331 2.24379e-05 9.02758e-05 
0.341531 4.35868e-05 0.00618239 0.0374641 0.153085 0.000754201 0.00120562 0.000134909 0.00743343 0.00126254 0.000246378 2.04857e-06 5.58711e-05 0.00206127 0.00860672 0.0398702 0.047025 0.00284815 9.88924e-05 0.0248591 0.0300954 0.0146711 0.0278441 0.241793 8.4753e-06 0.0107637 5.25978e-05 7.91492e-08 
0.376953 0.000652892 3.1009e-08 0.0159827 0.0289814 7.88339e-05 0.00439478 0.000316329 9.03265e-05 0.0256761 6.6467e-05 1.73124e-08 1.06712e-05 0.00324032 0.0117133 0.0409006 0.00552766 0.0248447 3.45332e-06 0.0690673 0.0544799 4.41348e-05 0.260903 0.00106777 2.2922e-05 0.0734051 0.00156646 9.62112e-06 
0.75795 0.000218363 0.00324198 0.00277228 8.70137e-05 3.26063e-05 0.000772476 0.000588652 4.02397e-05 0.000111428 1.17934e-05 1.9753e-08 5.57576e-05 0.025667 0.0058691 0.00855758 0.00326706 0.0233305 4.65625e-08 0.0733464 0.0116888 0.00167224 0.0409749 0.0257748 1.29834e-05 0.0139197 4.3633e-06 3.22402e-05 
0.715261 0.00289275 0.000135359 0.0146247 0.000582067 7.19103e-05 0.00177291 8.98755e-05 8.63587e-08 0.0398666 1.57771e-05 7.63879e-10 2.69336e-05 0.0361729 0.00404257 0.00112986 0.00179699 0.120722 3.14724e-06 0.0200118 0.0144591 7.72091e-05 0.00600531 0.0150385 1.44298e-05 0.00507331 2.24379e-05 9.02758e-05 
0.376953 0.000652892 3.1009e-08 0.0159827 0.0289814 7.88339e-05 0.00439478 0.000316329 9.03265e-05 0.0256761 6.6467e-05 1.73124e-08 1.06712e-05 0.00324032 0.0117133 0.0409006 0.00552766 0.0248447 3.45332e-06 0.0690673 0.0544799 4.41348e-05 0.260903 0.00106777 2.2922e-05 0.0734051 0.00156646 9.62112e-06 
0.328476 0.000697772 0.000418086 0.0176913 0.0683897 0.00138558 0.00346756 0.000376526 0.000232624 0.00901323 4.54054e-05 3.6676e-06 8.96984e-05 0.00793531 0.0206988 0.0225871 0.00550004 0.053434 2.68608e-05 0.0112746 0.138848 0.000578819 0.198113 0.0751056 0.000115005 0.0303873 0.0032245 0.00188397 
0.715261 0.00289275 0.000135359 0.0146247 0.000582067 7.19103e-05 0.00177291 8.98755e-05 8.63587e-08 0.0398666 1.57771e-05 7.63879e-10 2.69336e-05 0.0361729 0.00404257 0.00112986 0.00179699 0.120722 3.14724e-06 0.0200118 0.0144591 7.72091e-05 0.00600531 0.0150385 1.44298e-05 0.00507331 2.24379e-05 9.02758e-05 
0.715261 0.00289275 0.000135359 0.0146247 0.000582067 7.19103e-05 0.00177291 8.98755e-05 8.63587e-08 0.0398666 1.57771e-05 7.63879e-10 2.69336e-05 0.0361729 0.00404257 0.00112986 0.00179699 0.120722 3.14724e-06 0.0200118 0.0144591 7.72091e-05 0.00600531 0.0150385 1.44298e-05 0.00507331 2.24379e-05 9.02758e-05 
0.374941 0.000173558 6.80959e-06 0.00319908 0.00264968 0.00128632 0.00365386 1.38141e-08 2.91022e-05 0.265148 1.49715e-05 2.75588e-08 1.85832e-05 0.00188508 0.00875517 0.0673044 0.00602058 0.0343703 2.23583e-08 0.0216555 0.00560209 0.000163678 0.178403 0.0213999 1.82558e-05 0.00325237 4.12717e-05 6.76208e-06 
0.175215 1.17813e-06 1.17748e-06 0.0810146 0.0976344 1.17777e-06 0.0333648 0.0111944 0.00671585 0.0181599 0.00553558 0.132777 0.00517897 0.070978 0.112958 0.0189836 0.0530556 0.0191033 1.17752e-06 0.0155581 0.0259432 0.0089591 0.0411559 1.17906e-06 1.17901e-06 0.0665056 1.17725e-06 1.17807e-06 
0.248907 0.000101898 1.12625e-07 0.0108603 0.0394401 6.6288e-05 0.00940553 0.00214824 0.00132038 0.00337622 2.51872e-05 0.000118038 0.000154585 0.025928 0.00607248 0.0146268 0.0516153 0.179325 8.07825e-06 0.0199558 0.135541 0.000588515 0.0600087 0.187623 2.71051e-05 0.00273764 3.32368e-07 1.85354e-05 
0.715261 0.00289275 0.000135359 0.0146247 0.000582067 7.19103e-05 0.00177291 8.98755e-05 8.63587e-08 0.0398666 1.57771e-05 7.63879e-10 2.69336e-05 0.0361729 0.00404257 0.00112986 0.00179699 0.120722 3.14724e-06 0.0200118 0.0144591 7.72091e-05 0.00600531 0.0150385 1.44298e-05 0.00507331 2.24379e-05 9.02758e-05 
0.500926 0.000813529 0.0011623 0.0437034 0.0231313 0.00201594 0.0070334 0.00275728 0.000282343 0.0248244 0.00101621 0.000334634 0.000103666 0.00662061 0.0684202 0.0571604 0.0404691 0.0366309 7.59578e-05 0.0159227 0.0563306 0.000402456 0.0584384 0.0222784 0.00372053 0.0252838 6.97829e-05 7.20364e-05 
0.129658 0.000477447 1.46162e-05 0.031014 0.119974 0.00419925 0.00441164 0.00972393 0.00831375 0.016468 0.0155159 3.55121e-07 4.06681e-05 0.0311818 0.0318419 0.0043773 0.113923 0.0846763 0.00024556 0.0219881 0.0897217 0.129635 0.0573335 0.0287393 0.000753114 0.0290848 6.86034e-07 0.0366862 
0.444692 0.000367853 1.5682e-05 0.00848068 0.00416135 2.74087e-06 0.00277291 0.00239521 0.00154723 0.00131464 0.000279903 0.0396535 0.000249812 0.0159774 0.017084 0.0894492 0.0646924 0.00336351 2.70154e-07 0.0176798 0.0301321 0.0542499 0.11599 0.00637771 3.57951e-06 0.0790531 1.31259e-05 4.07894e-07 
0.530052 8.48345e-06 7.26607e-05 0.0222812 2.41902e-08 1.38122e-08 0.00134242 0.000121367 2.38272e-08 1.78017e-05 2.54816e-05 0.00353789 0.00289474 0.160174 0.00505393 0.0080488 0.0660764 0.0345967 2.7506e-06 0.00147988 0.0606948 0.00206414 0.0471535 0.00729508 2.74248e-08 0.0470061 2.36587e-08 1.11758e-08 
0.715261 0.00289275 0.000135359 0.0146247 0.000582067 7.19103e-05 0.00177291 8.98755e-05 8.63587e-08 0.0398666 1.57771e-05 7.63879e-10 2.69336e-05 0.0361729 0.00404257 0.00112986 0.00179699 0.120722 3.14724e-06 0.0200118 0.0144591 7.72091e-05 0.00600531 0.0150385 1.44298e-05 0.00507331 2.24379e-05 9.02758e-05 
0.557435 0.000375515 2.65004e-06 0.0142436 0.0061762 1.74074e-05 0.00576627 0.000359905 0.00148103 0.0180123 0.000213616 1.52372e-07 3.3946e-05 0.00488878 0.0205258 0.0202788 0.00781803 0.0659268 3.54613e-06 0.00452882 0.047744 0.000869228 0.198433 0.0076693 9.89953e-06 0.0164717 0.000658304 5.65344e-05 
0.347792 0.00334596 0.000619171 0.00689853 0.00664369 5.19051e-05 0.00221382 7.82043e-05 6.75561e-07 0.00624599 0.000262175 3.612e-10 2.34583e-05 0.0660714 0.0274525 0.0384305 0.00428003 0.174317 1.31555e-05 0.00485704 0.0669146 0.00040343 0.0673315 0.0552634 3.65147e-06 0.119723 0.000743263 2.0432e-05 
0.715261 0.00289275 0.000135359 0.0146247 0.000582067 7.19103e-05 0.00177291 8.98755e-05 8.63587e-08 0.0398666 1.57771e-05 7.63879e-10 2.69336e-05 0.0361729 0.00404257 0.00112986 0.00179699 0.120722 3.14724e-06 0.0200118 0.0144591 7.72091e-05 0.00600531 0.0150385 1.44298e-05 0.00507331 2.24379e-05 9.02758e-05 
0.427293 7.84628e-07 1.34416e-07 0.011056 0.000596964 0.000817226 0.029936 1.27932e-07 7.24824e-10 0.040056 0.000330196 1.21483e-09 0.000114891 0.0132868 0.0178715 0.062485 0.0167069 0.0168499 1.37142e-05 0.010679 0.0498065 0.00116403 0.0741983 0.0334346 4.21298e-08 0.193288 7.4919e-06 6.92127e-06 
0.416491 0.000112424 8.07477e-09 0.000522779 0.00842478 1.18838e-08 0.000525966 0.000701105 2.12956e-12 0.00293268 1.20376e-08 3.56921e-12 2.00797e-06 0.0135463 0.00262547 0.00329249 7.53406e-08 0.205724 2.89568e-12 0.00358429 0.0323755 0.000660567 0.0412595 0.265185 0.000128793 0.00190325 6.12565e-09 1.58719e-06 
0.579628 0.000715472 5.25817e-06 0.0250864 0.00764315 5.35686e-05 0.00424286 0.000196601 4.77608e-05 0.00301635 0.000107864 1.22315e-11 9.19994e-05 0.0081323 0.0734953 0.00760136 0.00190973 0.03387 6.91789e-07 0.00165076 0.0473901 7.60086e-05 0.0642272 0.000727655 3.77087e-05 0.139364 0.000541156 0.000140746 
0.183225 0.00042814 2.65246e-05 0.0122071 0.0153342 0.00189317 0.00429883 0.00586231 0.0002539 0.00378707 0.000504447 0.00163557 5.47446e-05 0.061238 0.102912 0.0448693 0.169053 0.0388224 9.96129e-07 0.043895 0.132372 0.0164452 0.0423291 0.0621211 0.0409612 0.00897765 0.00636902 0.000124203 
0.412633 0.000343972 2.63362e-05 0.0208677 0.0548256 0.00453616 0.00389053 0.000240447 0.000664803 0.0562611 0.00226777 3.85734e-07 0.000236825 0.0192206 0.0156475 0.0323022 0.0106834 0.0456882 2.78297e-05 0.0891924 0.0748732 0.0154674 0.0404588 0.0488284 0.00253267 0.0474539 0.000104847 0.000724302 
0.247726 0.000399415 1.15004e-06 0.00394054 0.0853141 0.0851322 0.0121511 8.69735e-06 0.0660029 2.07303e-05 3.67082e-06 0.0163062 2.34855e-05 0.00396153 0.000911884 0.0343411 0.101577 0.0135236 2.32646e-07 0.202716 0.0526854 0.00304873 0.0188605 0.0482788 9.66341e-05 0.00254107 1.6682e-06 0.000425526 
0.658078 3.08825e-05 8.78824e-08 0.00101181 0.00220145 4.03675e-06 0.000431785 0.000100481 1.84419e-09 0.00480947 9.13411e-06 3.94993e-08 6.24228e-06 0.00407428 0.00100187 0.000359247 0.000392368 0.095011 1.89181e-07 0.0461326 0.0270295 5.50374e-05 0.00455935 0.154536 3.63272e-06 0.000159004 1.39144e-06 1.5715e-06 
0.715261 0.00289275 0.000135359 0.0146247 0.000582067 7.19103e-05 0.00177291 8.98755e-05 8.63587e-08 0.0398666 1.57771e-05 7.63879e-10 2.69336e-05 0.0361729 0.00404257 0.00112986 0.00179699 0.120722 3.14724e-06 0.0200118 0.0144591 7.72091e-05 0.00600531 0.0150385 1.44298e-05 0.00507331 2.24379e-05 9.02758e-05 
0.44388 1.94097e-05 0.00221605 0.0111541 0.000248734 0.000796813 0.00109646 7.23512e-06 3.91386e-07 0.0154313 0.00171563 6.08613e-10 4.38622e-05 0.0214339 0.0155801 9.81401e-05 0.00142383 0.0282633 4.79446e-06 0.181382 0.160737 6.01982e-06 0.00141812 0.0825107 2.34807e-06 0.030441 6.10121e-06 8.28704e-05 
0.297262 6.36917e-05 8.32067e-09 0.010527 0.00944789 3.27158e-06 0.00157823 0.000323195 3.38432e-08 9.9158e-06 3.94286e-06 8.05481e-09 2.6242e-08 0.071736 0.0104728 6.59806e-05 0.000570167 0.141827 3.29344e-09 0.0126879 0.0663526 4.73478e-05 0.00693841 0.281339 1.9035e-08 0.0886097 6.78387e-05 6.53559e-05 
0.247809 9.18309e-06 8.06966e-07 0.0139138 0.000910945 2.58244e-05 0.000335573 0.00106735 7.53925e-11 0.0116711 0.000585044 1.2636e-10 0.000285753 0.0187269 0.113149 0.00444628 0.00149253 0.137308 9.37792e-09 0.0217406 0.0821371 0.000134231 0.132572 0.133614 9.60438e-07 0.0775009 0.000245304 0.000317003 
0.275731 0.00160773 0.00690265 0.0351319 0.0313379 0.00242267 0.0141251 0.00397875 0.000452604 0.00498886 0.000669027 1.17875e-05 0.00322843 0.13299 0.032709 0.00902984 0.035177 0.0769705 9.15197e-06 0.00669715 0.0899901 0.00132183 0.0464505 0.0685342 2.63415e-05 0.119098 0.000160587 0.000247641 
0.288612 0.00016795 0.00130842 0.0265039 0.0747529 1.58954e-06 0.0006661 0.0112404 0.00131855 0.0100288 0.0093328 2.14957e-07 0.0012501 0.145983 0.00532152 0.00147273 0.0100387 0.0301203 6.96336e-06 0.152822 0.0780612 0.0139442 0.00395058 0.0665888 0.000241064 0.065546 0.000170048 0.000549592 
0.541715 0.000335384 0.00840679 0.0146883 0.0109031 0.00436837 0.0054599 2.86105e-05 0.000129666 0.00155663 0.00394297 9.4718e-10 0.000393744 0.0061708 0.00425411 0.0604066 0.0128245 0.0435446 2.2223e-09 0.123295 0.0372669 0.000976454 0.0909283 0.0278053 6.08682e-07 0.000598446 3.24877e-07 1.14756e-07 
0.339097 0.00253516 1.29689e-05 0.0243981 0.0117417 0.000612963 0.0153173 0.0135639 0.00942961 0.0135285 0.00019473 0.000569213 0.000154287 0.0128054 0.0446059 0.0441059 0.1938 0.00709205 4.24776e-05 0.00562287 0.0758927 0.004403 0.11954 0.00651024 2.42488e-05 0.054302 9.69545e-05 1.62042e-07 
0.236939 4.62725e-05 1.99574e-06 0.0104325 0.00147837 7.88118e-06 0.0228871 0.00279608 6.17089e-05 0.0361051 6.567e-06 3.54153e-11 1.23928e-05 0.043685 0.0143106 0.16049 0.0103743 0.199724 2.39939e-06 0.000308092 0.0319359 0.00107657 0.141634 0.0576501 1.99512e-05 0.0280135 4.91767e-07 9.55181e-07 
0.430601 6.56193e-05 0.00178727 0.0489971 0.0120969 0.00027198 0.0429221 0.00053929 0.000129158 0.00324573 0.000217493 2.72163e-05 1.34996e-05 0.00133467 0.0214813 0.0392556 0.0216142 0.0130866 6.21013e-08 0.0104806 0.0391276 0.00194368 0.276782 0.00258999 1.0533e-06 0.0307869 0.000550074 5.12769e-05 
0.728827 0.102391 4.85817e-06 0.0373632 0.00511373 1.79534e-07 0.00217656 1.92908e-05 0.00480497 0.00939929 0.000962155 1.23641e-07 4.64977e-05 0.00185637 0.00167252 0.008406 0.00360476 0.00622147 1.76281e-07 0.0395017 0.00969697 0.000559574 0.0097708 0.0200533 0.000259659 0.0072667 5.67576e-07 2.00926e-05 
0.39045 0.000132412 0.00822116 0.0144517 0.00381681 0.0046738 0.000479391 0.0043283 0.0023881 0.000775187 1.86699e-07 2.47565e-09 1.96146e-06 0.00796796 0.00512941 0.0740274 0.138869 0.0040663 2.25512e-07 0.00299206 0.112172 0.00177555 0.0186384 0.130293 4.02062e-06 0.0742906 5.37525e-05 1.85423e-06 
0.715261 0.00289275 0.000135359 0.0146247 0.000582067 7.19103e-05 0.00177291 8.98755e-05 8.63587e-08 0.0398666 1.57771e-05 7.63879e-10 2.69336e-05 0.0361729 0.00404257 0.00112986 0.00179699 0.120722 3.14724e-06 0.0200118 0.0144591 7.72091e-05 0.00600531 0.0150385 1.44298e-05 0.00507331 2.24379e-05 9.02758e-05 
0.715261 0.00289275 0.000135359 0.0146247 0.000582067 7.19103e-05 0.00177291 8.98755e-05 8.63587e-08 0.0398666 1.57771e-05 7.63879e-10 2.69336e-05 0.0361729 0.00404257 0.00112986 0.00179699 0.120722 3.14724e-06 0.0200118 0.0144591 7.72091e-05 0.00600531 0.0150385 1.44298e-05 0.00507331 2.24379e-05 9.02758e-05 
0.399511 0.000476088 0.000130049 0.0240174 0.00650132 0.000209614 0.00352994 0.00129662 0.00174258 0.0131543 0.00464569 3.48308e-08 0.00144964 0.0455255 0.0619399 0.0138582 0.015811 0.0230329 1.87408e-06 0.00876402 0.0292185 0.00237254 0.0327577 0.169475 2.56323e-05 0.139114 0.00143186 6.50935e-06 
0.238098 0.000951274 1.99848e-05 0.0143705 0.0180298 0.00184628 0.00573124 0.00118219 0.000291012 0.0132355 0.000352946 0.0011459 6.19377e-06 0.0317048 0.0218294 0.108334 0.0253203 0.0260917 9.44488e-06 0.0433103 0.0471463 0.00132635 0.0470823 0.19181 1.77877e-05 0.160541 0.000177198 3.94008e-05 
0.661506 0.000104374 2.64945e-06 0.0263242 0.00180654 6.97293e-05 0.00454339 4.35082e-08 1.85154e-06 0.0475198 0.0101198 9.55086e-11 1.55412e-05 0.0104215 0.0115075 0.0125319 0.0074604 0.0419352 4.32578e-06 0.0312741 0.0746651 0.00165966 0.0109025 0.0433087 2.16819e-06 0.00210077 3.84247e-05 0.000174084 
0.410628 7.25324e-05 0.0015279 0.00286697 0.00520852 0.000870386 0.00117052 0.00127981 0.000127309 0.00509419 2.51246e-06 0.0014269 5.54629e-06 0.0101607 0.01372 0.00793139 0.00541877 0.00533129 5.001e-08 0.171045 0.00549289 0.000125901 0.00986531 0.317422 6.73897e-05 0.0230196 4.11313e-05 7.73124e-05 
0.388488 0.000590521 2.40411e-11 0.0350355 0.129732 6.13952e-05 0.0050611 0.00467058 0.00343821 0.000195818 0.000364658 2.91005e-11 0.000972065 0.0512123 0.0263119 0.00118254 0.00625052 0.0157191 0.000164389 0.0024644 0.066073 0.00236787 0.256679 0.000477266 1.00157e-05 0.00241395 8.2502e-06 5.52198e-05 
0.284408 4.24998e-05 5.69406e-05 0.0420202 0.00413062 0.000202926 0.00621428 0.000775716 0.00014098 0.0025623 0.000103019 0.000551958 0.00602124 0.0632794 0.0200125 0.00569982 0.0744972 0.083475 7.13851e-06 0.000767299 0.0969307 0.0103814 0.134017 0.0149591 0.00413538 0.144305 6.93214e-05 0.000233248 
0.642496 0.000631663 0.000171041 0.0204801 0.0138461 0.00476672 0.00187911 0.00607678 0.0018788 0.00031591 0.00106163 7.7816e-10 6.70219e-06 0.00265233 0.0173466 0.00881054 0.0926557 0.0251291 4.89569e-08 0.000267854 0.0230814 2.65173e-05 0.0262961 0.035918 3.40995e-06 0.0741727 4.87406e-06 2.44722e-05 
0.15921 0.000400929 7.23432e-05 0.0234839 0.0342309 0.00189869 0.00910498 0.00497792 0.0674198 0.00368921 0.000141694 2.84444e-11 1.15716e-06 0.106721 0.0616204 0.0072239 0.0130282 0.11648 0.000401752 0.000961983 0.105104 0.000426315 0.11287 0.0468882 1.29026e-05 0.0956503 0.000262429 0.0277164 
0.182423 0.0308593 0.00228878 0.035459 0.0227294 0.00562862 0.0064872 0.00296924 0.00222842 0.0358124 0.0134403 0.000646178 0.000371427 0.0357961 0.0174822 0.0549604 0.0598587 0.0252549 0.00346319 0.0160758 0.112231 0.0213206 0.140841 0.0415712 0.0164079 0.11289 0.00023951 0.000264869 
0.580345 0.000593282 9.16649e-07 0.0109325 0.0109191 0.00297768 0.00365608 0.0252794 0.000123641 0.000470283 0.000165472 3.77709e-09 3.31999e-05 0.00526692 0.00512841 0.105619 0.130896 0.00637945 7.15066e-08 0.000159632 0.0729741 0.00344431 0.0216182 0.00696386 2.29045e-06 0.0053164 0.000694953 4.00364e-05 
0.715261 0.00289275 0.000135359 0.0146247 0.000582067 7.19103e-05 0.00177291 8.98755e-05 8.63587e-08 0.0398666 1.57771e-05 7.63879e-10 2.69336e-05 0.0361729 0.00404257 0.00112986 0.00179699 0.120722 3.14724e-06 0.0200118 0.0144591 7.72091e-05 0.00600531 0.0150385 1.44298e-05 0.00507331 2.24379e-05 9.02758e-05 
0.623814 6.11666e-05 9.71471e-06 0.00394404 0.128059 0.000842483 0.00125521 5.25398e-05 0.004725 0.000377124 0.00227514 0.000312287 3.84008e-06 3.69999e-05 0.0795285 0.0513354 0.00959036 0.0243758 2.73304e-06 0.000265009 0.0345534 0.000114982 0.0251424 0.0065795 5.32218e-07 0.00170838 2.4535e-05 0.00101069 
0.715261 0.00289275 0.000135359 0.0146247 0.000582067 7.19103e-05 0.00177291 8.98755e-05 8.63587e-08 0.0398666 1.57771e-05 7.63879e-10 2.69336e-05 0.0361729 0.00404257 0.00112986 0.00179699 0.120722 3.14724e-06 0.0200118 0.0144591 7.72091e-05 0.00600531 0.0150385 1.44298e-05 0.00507331 2.24379e-05 9.02758e-05 
0.451594 4.25609e-05 8.56474e-07 0.00155931 5.9197e-05 5.5477e-07 0.00584749 1.10489e-06 1.26105e-06 0.00145562 1.17064e-06 8.23477e-10 5.75378e-09 0.00343173 0.00315261 0.175036 0.0225269 0.171813 6.89579e-08 2.84763e-06 0.0159216 0.000135332 0.132018 0.0122897 1.32441e-05 0.00304953 1.55107e-05 3.06327e-05 
0.585139 0.00585165 0.000126454 0.0740494 3.9182e-05 0.00213694 0.00181252 0.271039 9.78473e-06 9.71876e-05 1.9537e-05 2.40496e-10 1.9072e-06 0.00192873 0.00261762 0.00447979 0.0142971 0.00367954 9.61983e-08 0.000465665 0.000175867 1.51161e-06 0.000622538 0.0304942 4.32863e-05 0.000870937 5.32245e-07 7.47663e-08 
0.50652 1.05109e-05 1.7565e-05 0.0281076 0.00350145 0.0020312 0.0181692 8.66221e-05 0.000179578 0.0508716 0.00107212 1.20185e-09 0.000373758 0.00547061 0.0173862 0.157724 0.034274 0.0043528 4.6929e-05 0.0112529 0.0329845 0.000242598 0.0485515 0.0160009 3.36153e-06 0.0606818 2.90362e-05 5.72089e-05 
0.715261 0.00289275 0.000135359 0.0146247 0.000582067 7.19103e-05 0.00177291 8.98755e-05 8.63587e-08 0.0398666 1.57771e-05 7.63879e-10 2.69336e-05 0.0361729 0.00404257 0.00112986 0.00179699 0.120722 3.14724e-06 0.0200118 0.0144591 7.72091e-05 0.00600531 0.0150385 1.44298e-05 0.00507331 2.24379e-05 9.02758e-05 
0.275333 0.00104407 0.000327952 0.0301245 0.0168766 0.00206475 0.0183418 0.00231358 9.34077e-05 0.0281832 0.000561786 1.00497e-06 0.000322533 0.0573345 0.0122775 0.0294632 0.0275479 0.0779515 1.32636e-05 0.0289301 0.130704 0.00421314 0.105335 0.0606776 0.000242178 0.0844265 0.00420238 0.0010933 
0.282179 0.0025244 3.92981e-12 0.00556731 0.0108225 2.55916e-08 0.000823267 0.00161612 2.83814e-12 0.0108465 0.000120185 4.75681e-12 3.59982e-05 0.0137411 0.00544894 0.00607245 0.00287477 0.0936972 1.51543e-06 0.0131235 0.195396 0.00267904 0.209551 0.0754479 2.64373e-05 0.0673977 6.38681e-06 8.26455e-09 
0.277107 0.000689953 6.3048e-05 0.0954889 0.041145 0.00154517 0.0160991 0.000158066 0.00110113 0.0617962 0.000225122 1.1052e-10 7.37147e-05 0.0334974 0.145665 0.0104572 0.00347263 0.109847 2.03455e-05 0.052969 0.0170209 0.000183035 0.0610353 0.0461689 7.29056e-05 0.0230078 2.3964e-06 0.00108839 
0.715261 0.00289275 0.000135359 0.0146247 0.000582067 7.19103e-05 0.00177291 8.98755e-05 8.63587e-08 0.0398666 1.57771e-05 7.63879e-10 2.69336e-05 0.0361729 0.00404257 0.00112986 0.00179699 0.120722 3.14724e-06 0.0200118 0.0144591 7.72091e-05 0.00600531 0.0150385 1.44298e-05 0.00507331 2.24379e-05 9.02758e-05 
0.715261 0.00289275 0.000135359 0.0146247 0.000582067 7.19103e-05 0.00177291 8.98755e-05 8.63587e-08 0.0398666 1.57771e-05 7.63879e-10 2.69336e-05 0.0361729 0.00404257 0.00112986 0.00179699 0.120722 3.14724e-06 0.0200118 0.0144591 7.72091e-05 0.00600531 0.0150385 1.44298e-05 0.00507331 2.24379e-05 9.02758e-05 
0.486582 0.000875597 0.00129321 0.0219132 0.004222 0.00669621 0.0188423 0.000703182 0.000102932 0.00848028 0.000168067 7.41132e-10 0.000124491 0.0258281 0.0325062 0.0186098 0.0113305 0.117828 4.80673e-06 0.0156897 0.0650728 0.000379423 0.0356804 0.0581387 1.03771e-05 0.0684752 0.000227735 0.000214621 
0.57759 0.00103528 8.77433e-09 0.00951927 0.00821587 0.000240118 0.00338022 0.000254998 4.55317e-05 0.0115701 6.61184e-05 7.64249e-09 1.05908e-05 0.00178074 0.00885682 0.0264255 0.00438779 0.014966 3.40154e-06 0.0234129 0.0512346 4.4022e-05 0.208741 0.00192858 1.61763e-06 0.0455449 0.000655614 8.90194e-05 
0.292045 0.00141436 7.68019e-05 0.0374026 0.0321538 0.0128732 0.00316889 0.00352339 0.000193634 0.00520767 0.00151199 3.97808e-07 1.46222e-05 0.139303 0.0278409 0.0154978 0.102603 0.0569814 3.89047e-05 0.0158827 0.0665621 0.0163768 0.0689422 0.0533146 0.00224445 0.0435384 0.0012233 6.42259e-05 
0.715261 0.00289275 0.000135359 0.0146247 0.000582067 7.19103e-05 0.00177291 8.98755e-05 8.63587e-08 0.0398666 1.57771e-05 7.63879e-10 2.69336e-05 0.0361729 0.00404257 0.00112986 0.00179699 0.120722 3.14724e-06 0.0200118 0.0144591 7.72091e-05 0.00600531 0.0150385 1.44298e-05 0.00507331 2.24379e-05 9.02758e-05 
0.477284 1.90269e-08 4.02987e-12 0.00101025 0.000366196 1.30128e-08 0.000296649 1.74663e-08 2.91041e-12 2.19284e-07 2.27341e-05 3.84656e-09 5.8924e-05 0.0096902 0.00268483 0.00943941 0.00205145 0.0069701 1.90267e-08 0.0151462 0.360895 0.000149903 0.0129195 0.0993118 4.65682e-06 0.00165664 3.7862e-05 3.93881e-06 
0.715261 0.00289275 0.000135359 0.0146247 0.000582067 7.19103e-05 0.00177291 8.98755e-05 8.63587e-08 0.0398666 1.57771e-05 7.63879e-10 2.69336e-05 0.0361729 0.00404257 0.00112986 0.00179699 0.120722 3.14724e-06 0.0200118 0.0144591 7.72091e-05 0.00600531 0.0150385 1.44298e-05 0.00507331 2.24379e-05 9.02758e-05 
0.645684 0.0014672 4.83214e-07 0.0143023 0.00608433 0.00235708 0.00483236 2.35696e-05 0.000578834 0.0188032 0.00091781 2.78104e-08 0.000102573 0.000750724 0.0141811 0.137878 0.0103087 0.000678014 9.789e-08 0.0816994 0.00691806 7.02047e-05 0.0408647 0.00888481 1.17968e-07 0.0026007 1.16163e-05 1.57843e-08 
0.269698 2.68677e-06 0.000493851 0.0365742 0.0020951 0.00359845 0.00576439 0.000216941 2.2733e-07 0.00474574 9.53023e-08 1.6902e-10 7.16611e-06 0.00248358 0.0296303 0.00251742 0.00376595 0.0875906 1.79614e-05 0.215657 0.0631871 5.1429e-11 0.00819373 0.228038 8.63659e-09 0.0314344 1.56807e-10 0.00428714 
0.715261 0.00289275 0.000135359 0.0146247 0.000582067 7.19103e-05 0.00177291 8.98755e-05 8.63587e-08 0.0398666 1.57771e-05 7.63879e-10 2.69336e-05 0.0361729 0.00404257 0.00112986 0.00179699 0.120722 3.14724e-06 0.0200118 0.0144591 7.72091e-05 0.00600531 0.0150385 1.44298e-05 0.00507331 2.24379e-05 9.02758e-05 
0.715261 0.00289275 0.000135359 0.0146247 0.000582067 7.19103e-05 0.00177291 8.98755e-05 8.63587e-08 0.0398666 1.57771e-05 7.63879e-10 2.69336e-05 0.0361729 0.00404257 0.00112986 0.00179699 0.120722 3.14724e-06 0.0200118 0.0144591 7.72091e-05 0.00600531 0.0150385 1.44298e-05 0.00507331 2.24379e-05 9.02758e-05 
0.381019 0.00876232 2.03203e-05 0.0322069 0.00229425 0.00144736 0.00682121 0.0165605 0.000284883 0.0112904 0.000102579 8.45587e-05 1.47539e-05 0.012113 0.0141968 0.0158226 0.0064084 0.0432328 0.000147882 0.0161086 0.00912767 0.00445612 0.0242185 0.181323 2.78517e-05 0.211896 5.05051e-06 6.78729e-06 
0.715261 0.00289275 0.000135359 0.0146247 0.000582067 7.19103e-05 0.00177291 8.98755e-05 8.63587e-08 0.0398666 1.57771e-05 7.63879e-10 2.69336e-05 0.0361729 0.00404257 0.00112986 0.00179699 0.120722 3.14724e-06 0.0200118 0.0144591 7.72091e-05 0.00600531 0.0150385 1.44298e-05 0.00507331 2.24379e-05 9.02758e-05 
0.219376 3.04835e-05 0.0168444 0.0504945 0.00999419 0.00173018 0.00710657 0.00116666 0.000626475 0.000872847 0.00155155 1.09657e-11 6.96003e-05 0.21277 0.0578514 0.00349562 0.0340963 0.130035 2.37344e-05 0.0017029 0.0480363 0.000760326 0.0793664 0.0631958 1.86152e-05 0.0585975 1.27717e-05 0.000174669 
0.715261 0.00289275 0.000135359 0.0146247 0.000582067 7.19103e-05 0.00177291 8.98755e-05 8.63587e-08 0.0398666 1.57771e-05 7.63879e-10 2.69336e-05 0.0361729 0.00404257 0.00112986 0.00179699 0.120722 3.14724e-06 0.0200118 0.0144591 7.72091e-05 0.00600531 0.0150385 1.44298e-05 0.00507331 2.24379e-05 9.02758e-05 
0.243701 0.00112567 0.00349353 0.0438354 0.0487151 5.07282e-05 0.0024389 0.0134742 0.000453012 0.00705918 5.74886e-05 0.0347502 4.9097e-06 0.0251462 0.0102842 0.014975 0.0708652 0.134175 3.74078e-07 0.00165479 0.0867997 0.00193455 0.192125 0.0474447 4.41351e-05 0.0139446 0.000111593 0.00133443 
0.21433 0.00706958 0.00741676 0.0235082 0.0832636 0.028211 0.0192164 0.00522024 0.0145017 0.00850968 0.000304264 2.10147e-06 0.000687441 0.0230529 0.0183287 0.027125 0.0190226 0.0375281 0.00132844 0.070812 0.177535 0.00626898 0.0959002 0.0941472 0.000341632 0.0158059 0.000481867 8.00074e-05 
0.244861 0.000192779 0.00462351 0.138349 0.00304398 0.00316211 0.0349447 0.00371023 0.0312336 7.00913e-05 0.000177103 8.62275e-08 0.000102179 0.0329844 0.00739529 0.0349746 0.0199641 0.0453358 0.000165324 0.000884585 0.199204 0.0028913 0.0499424 0.0782302 0.0073125 0.0555065 0.000710103 2.86418e-05 
0.204483 0.00644674 2.93798e-06 0.0941849 0.0794389 0.0473522 0.0200862 0.0215781 0.00287768 7.50254e-05 0.000219564 2.06956e-10 0.000731714 0.0132915 0.102977 0.107828 0.0961746 0.0184433 5.79557e-09 0.0245108 0.0390251 0.00248712 0.0316913 0.0383857 0.000378618 0.0472693 3.32416e-05 2.7564e-05 
0.715261 0.00289275 0.000135359 0.0146247 0.000582067 7.19103e-05 0.00177291 8.98755e-05 8.63587e-08 0.0398666 1.57771e-05 7.63879e-10 2.69336e-05 0.0361729 0.00404257 0.00112986 0.00179699 0.120722 3.14724e-06 0.0200118 0.0144591 7.72091e-05 0.00600531 0.0150385 1.44298e-05 0.00507331 2.24379e-05 9.02758e-05 
0.715261 0.00289275 0.000135359 0.0146247 0.000582067 7.19103e-05 0.00177291 8.98755e-05 8.63587e-08 0.0398666 1.57771e-05 7.63879e-10 2.69336e-05 0.0361729 0.00404257 0.00112986 0.00179699 0.120722 3.14724e-06 0.0200118 0.0144591 7.72091e-05 0.00600531 0.0150385 1.44298e-05 0.00507331 2.24379e-05 9.02758e-05 
0.264781 0.000138189 2.82755e-06 0.0212176 0.0427275 0.000121735 0.0340134 0.00246745 2.68094e-06 9.86648e-05 0.00273753 2.03358e-06 3.10103e-06 0.0921096 0.0036544 0.0222515 0.0685084 0.0179459 1.95172e-05 0.0231377 0.067882 0.00471322 0.205285 0.0556211 0.0590687 0.0111937 0.000254181 4.13591e-05 
0.49246 0.00193805 0.000749189 0.0268638 0.007451 0.00422309 0.00876536 0.0263409 0.00133851 0.00474351 0.00077079 0.000282427 0.000261702 0.0204365 0.0159174 0.0475427 0.039625 0.0230585 4.14507e-05 0.0194717 0.0626185 0.00140686 0.0722479 0.0287092 3.13195e-05 0.0925031 0.000106026 9.60337e-05 
0.428158 0.000623961 6.23732e-06 0.0229182 0.00727964 0.000103936 0.0179211 0.000314916 0.00043743 0.00167536 0.000365026 5.22931e-05 2.34696e-05 0.0260103 0.0322285 0.0254674 0.0879224 0.0215827 0.0010971 0.0997384 0.0442438 0.0417715 0.0145283 0.0900986 0.0107178 0.0242327 0.000203742 0.000277383 
0.715261 0.00289275 0.000135359 0.0146247 0.000582067 7.19103e-05 0.00177291 8.98755e-05 8.63587e-08 0.0398666 1.57771e-05 7.63879e-10 2.69336e-05 0.0361729 0.00404257 0.00112986 0.00179699 0.120722 3.14724e-06 0.0200118 0.0144591 7.72091e-05 0.00600531 0.0150385 1.44298e-05 0.00507331 2.24379e-05 9.02758e-05 
0.53437 0.000933241 4.03347e-11 0.00583674 0.00818284 0.000238421 0.00567617 4.02639e-05 4.75451e-05 0.0238566 4.40813e-05 4.88229e-11 7.07828e-05 0.0269539 0.00566512 0.0924457 0.00402146 0.00428826 1.92216e-08 0.0538952 0.0440676 4.66212e-08 0.125424 0.0354265 1.23441e-05 0.0284031 9.21069e-05 8.23425e-06 
