0.0270187 0.0392003 0.000470659 0.122054 0.00938818 0.00065526 0.0048595 0.0663932 0.00422025 0.0242345 0.0113496 6.50508e-11 0.000166692 0.278954 0.00755903 0.00865307 0.0384339 0.00781045 9.11629e-06 0.000648748 0.151003 0.0284585 0.0313226 0.0112258 0.0623973 0.0472059 0.000220743 0.0160865 
0.153283 4.20081e-06 6.5865e-05 0.00787255 1.02358e-07 2.30663e-08 0.000550719 8.37125e-09 1.02359e-05 0.00385129 4.02851e-05 8.28973e-12 1.44828e-05 0.212219 0.0471008 0.00647253 0.0126218 0.171916 1.11761e-06 0.00029314 0.185475 0.00216855 0.0895141 0.00861978 2.0716e-05 0.09787 4.17709e-06 1.10966e-05 
0.00626993 0.00122439 4.17082e-05 0.0207602 0.00274405 0.000272832 0.00398716 0.00016882 0.000432018 0.00345825 4.74772e-05 9.89864e-10 0.000824922 0.58349 0.00633068 0.0182448 0.00283109 0.0578812 2.32636e-05 0.000391473 0.0103673 0.00190206 0.0310414 0.0113117 9.06047e-07 0.235858 3.02611e-05 6.41986e-05 
0.00540259 6.25568e-05 0.00015492 0.00119735 0.00271055 5.06132e-06 5.19641e-05 6.43013e-05 5.92196e-09 0.0165665 9.3609e-05 1.06138e-12 8.45e-06 0.751974 0.00292883 9.32336e-05 0.000168686 0.0878442 2.37595e-05 0.000188947 0.0204133 7.0204e-05 0.00873502 0.0625033 8.71876e-06 0.0386067 5.43316e-07 0.000122849 
0.0362362 0.000127271 0.000140173 0.0439935 0.03736 0.000150613 0.00830437 0.00955561 0.000330661 0.00227736 1.24378e-05 0.00113946 0.00013025 0.388339 0.380479 0.000950513 0.00584603 0.0194768 2.17564e-06 0.000894106 0.00770745 7.22077e-05 0.00258922 0.0188137 5.98437e-06 0.0343127 7.60735e-06 0.000745608 
0.0783408 1.96028e-05 2.74916e-07 0.00322031 0.000128311 0.000513118 0.00295322 0.000330705 8.10843e-05 0.000225301 0.00045263 1.2458e-10 1.43405e-05 0.274781 0.059069 0.00975702 0.0423141 0.14287 1.19625e-08 0.00503722 0.050151 0.00117969 0.042925 0.0664669 7.44564e-05 0.219066 1.26361e-08 2.78598e-05 
0.151734 7.6445e-05 0.00104563 0.00787466 0.00298289 0.000170548 0.00228243 0.000135247 0.000594996 0.00174785 0.000609732 5.73889e-05 5.14185e-06 0.324529 0.0153778 0.00652181 0.0731659 0.152902 1.37776e-06 0.0195855 0.0214351 0.0574827 0.0274947 0.100346 5.65546e-05 0.0316842 9.47835e-06 8.96663e-05 
0.00760179 0.000252735 4.20738e-05 0.0184823 0.00320618 4.99155e-05 0.00410867 0.0129112 1.18369e-07 0.0162234 0.0207356 1.2596e-07 4.07778e-05 0.702789 0.00562533 0.00225005 0.0153489 0.0320135 9.62721e-06 0.000702316 0.096393 0.0113984 0.00908763 0.0175551 0.00503188 0.00455144 0.0134573 0.000131724 
0.0217505 0.000229971 0.000142989 0.0348497 0.0122732 0.00163558 0.00300232 0.00815564 0.0241632 0.00825812 0.00191853 4.49975e-10 0.000478335 0.595782 0.0110643 0.00959969 0.00661176 0.0914215 3.08557e-06 0.00159673 0.021164 0.00397052 0.0408338 0.00922508 0.00267656 0.0881612 0.000764127 0.000267215 
0.00385388 0.000248956 9.14892e-07 0.00485589 0.321367 0.000327397 0.00113975 0.00185869 0.00382381 0.00603415 0.000587116 8.00094e-06 4.82349e-06 0.355112 0.0121598 0.00505203 0.0203487 0.00601982 0.000231327 0.00182473 0.0795101 0.00598935 0.148551 0.0194827 0.000500162 0.00104235 3.80415e-06 6.11306e-05 
0.00569538 0.000504545 8.36396e-06 0.00960804 0.000556462 5.16775e-09 4.01718e-05 3.32056e-08 2.08505e-05 0.000607585 0.000145101 7.35762e-12 0.000970342 0.953295 0.00503357 0.0012021 0.00495468 0.00088859 1.03422e-05 0.000201885 0.00579238 0.00370749 0.00254173 0.00154005 9.38596e-05 0.00248351 9.00306e-05 8.0882e-06 
0.195136 0.000710723 6.99157e-06 0.0136869 0.0180452 3.25936e-05 0.00574242 0.00204635 0.000958513 0.00602835 0.000252342 2.81286e-05 0.00113824 0.290187 0.0101973 0.0164172 0.0282588 0.222406 4.84881e-06 0.0113119 0.0699421 0.00131331 0.0330257 0.0676407 0.000246242 0.00515147 1.87247e-05 6.60345e-05 
0.00841248 0.00505812 0.0112496 0.00994719 0.0352431 1.56188e-05 0.00229057 4.39901e-05 5.0052e-06 0.000723537 0.000314282 8.93191e-08 0.000201194 0.294607 0.0115148 0.00566527 0.209819 0.00402695 1.26067e-05 0.000684747 0.0656555 0.00777349 0.0866377 0.00738907 0.00623139 0.215144 0.0113315 1.91132e-06 
0.0525623 0.00644828 0.000932285 0.0463761 0.071081 0.000853908 0.00257818 0.0257286 8.84692e-06 0.0218783 0.00147817 2.47364e-07 4.0767e-05 0.154482 0.00277724 0.0164406 0.0696303 0.0121201 1.51421e-06 0.00153942 0.100285 0.150985 0.119955 0.0483997 0.0772886 0.0133569 0.00206635 0.000705871 
0.00777731 8.67915e-05 0.000103728 0.00567378 0.00102029 4.91878e-06 0.000302912 0.000871263 5.49759e-05 0.00315498 0.000206814 2.22546e-12 0.00073643 0.909047 0.00712636 0.00161364 0.00395845 0.029227 6.65901e-07 0.000342442 0.00354738 0.00243575 0.00353034 0.00492731 0.0082445 0.00536783 0.000520627 0.00011637 
0.019473 0.28114 0.000372576 0.0163533 0.0496678 0.0105465 0.00997961 0.0417661 0.00193034 0.0210423 0.00166163 1.31435e-09 0.00901826 0.29025 0.00849092 0.016019 0.0517335 0.0832669 1.23125e-06 0.00130976 0.012973 0.0262859 0.0137084 0.00306261 0.00648415 0.0231444 0.000219478 9.93404e-05 
0.0170139 0.000179029 0.000717494 0.0209963 0.0105776 0.000174478 0.00143486 0.00552556 3.27544e-06 0.00662313 0.0097782 3.8695e-12 1.37773e-05 0.754884 0.00552359 0.00201164 0.0121187 0.0596115 3.44391e-06 0.000640383 0.0178185 0.00423783 0.00804355 0.0153932 0.0156014 0.028955 0.00208068 3.82768e-05 
0.0334589 9.63164e-05 0.0348966 0.00519168 0.0560261 1.01457e-05 6.13098e-05 0.00176739 1.82409e-08 0.00383012 0.000582763 2.41501e-09 0.000103519 0.419285 0.0041862 0.000180123 0.0294752 0.0412491 0.0282586 0.000962176 0.167571 0.00240912 0.00816694 0.132593 0.0168469 0.0120828 0.000443878 0.000264864 
0.0868047 0.0118524 0.00221719 0.206736 0.0222229 0.000194588 0.012279 0.0015541 0.00107311 0.0258901 0.00378682 7.98343e-05 0.000286704 0.208599 0.02291 0.00541447 0.00298944 0.0681706 7.08842e-06 0.00155241 0.0321194 0.000645181 0.0458646 0.170881 3.69091e-05 0.0621487 0.000357532 0.00332558 
0.00385388 0.000248956 9.14892e-07 0.00485589 0.321367 0.000327397 0.00113975 0.00185869 0.00382381 0.00603415 0.000587116 8.00094e-06 4.82349e-06 0.355112 0.0121598 0.00505203 0.0203487 0.00601982 0.000231327 0.00182473 0.0795101 0.00598935 0.148551 0.0194827 0.000500162 0.00104235 3.80415e-06 6.11306e-05 
0.00777731 8.67915e-05 0.000103728 0.00567378 0.00102029 4.91878e-06 0.000302912 0.000871263 5.49759e-05 0.00315498 0.000206814 2.22546e-12 0.00073643 0.909047 0.00712636 0.00161364 0.00395845 0.029227 6.65901e-07 0.000342442 0.00354738 0.00243575 0.00353034 0.00492731 0.0082445 0.00536783 0.000520627 0.00011637 
0.0162108 0.000565601 2.51067e-05 0.00912363 0.00147062 1.30497e-05 0.00123368 0.000559819 8.10897e-06 0.00186504 0.000110505 4.65343e-13 0.00128849 0.837515 0.0119197 0.00198866 0.00266396 0.0913763 1.14413e-06 0.000422359 0.00197161 0.0018772 0.0063928 0.00186131 0.000491301 0.00880182 7.72314e-05 0.000164774 
0.014643 0.163126 0.0128324 0.0274992 0.0147548 0.000513601 0.00408379 0.00178306 0.00028638 0.0157026 0.00180203 2.48567e-08 0.00105869 0.515102 0.0132137 0.00917327 0.00462292 0.0499501 2.21412e-05 0.00156706 0.0171425 0.0031539 0.0239363 0.00838915 0.000290451 0.0853202 5.43488e-05 0.00997648 
0.0504739 0.00144587 0.00066593 0.031366 0.0114964 0.000487634 0.010285 0.00157634 0.000145895 0.0251412 0.00487251 9.21519e-10 0.000180823 0.23262 0.0150186 0.0570832 0.0141527 0.0709617 0.000156374 0.00442095 0.0728279 0.0114509 0.160122 0.0215145 0.0265967 0.144541 2.48333e-05 0.030371 
0.0261278 0.000159744 3.47631e-05 0.0635821 0.0938163 3.82528e-05 0.00758175 0.0272013 5.82219e-07 0.00106264 7.52833e-08 8.34656e-10 0.00312442 0.653205 0.0249172 0.00240475 0.00606527 0.0463735 4.69561e-06 0.00270318 0.0194689 0.00253252 0.00776085 0.00330895 0.000110324 0.00836146 1.20107e-05 4.18537e-05 
0.0159996 6.58572e-05 0.00139128 0.0230345 0.00161632 6.53551e-06 0.000397111 0.0111799 8.98301e-12 0.018034 0.0111351 1.50558e-11 9.29654e-05 0.506895 0.0197257 0.00201245 0.00551885 0.221708 3.72909e-07 0.000536549 0.0440586 0.00863352 0.018687 0.0500367 0.00563874 0.0273157 0.000673311 0.00560689 
0.00777731 8.67915e-05 0.000103728 0.00567378 0.00102029 4.91878e-06 0.000302912 0.000871263 5.49759e-05 0.00315498 0.000206814 2.22546e-12 0.00073643 0.909047 0.00712636 0.00161364 0.00395845 0.029227 6.65901e-07 0.000342442 0.00354738 0.00243575 0.00353034 0.00492731 0.0082445 0.00536783 0.000520627 0.00011637 
0.000838394 8.78438e-05 3.05923e-05 0.00977155 0.000894897 5.0424e-05 0.00336725 0.0166582 5.87097e-08 0.0044921 0.0123845 2.07038e-09 1.94761e-05 0.793224 0.00173342 0.00140188 0.0119812 0.0158056 8.91476e-07 1.5854e-06 0.024017 0.04368 0.00834712 0.0113897 0.0024845 0.005364 0.0318948 7.85236e-05 
0.128738 0.00184772 0.00312214 0.0446998 0.0128881 0.000171391 0.0024334 0.00240346 2.37834e-05 0.0228973 0.00845535 3.55222e-06 0.000177849 0.507897 0.0166342 0.0157878 0.019775 0.0213721 2.8262e-05 0.0066646 0.0177414 0.000937006 0.00595918 0.131101 0.00952324 0.0178765 0.000690946 0.000150353 
0.0045023 2.61723e-05 1.37921e-11 0.0328631 0.0332965 0.00179358 0.00120575 0.0251801 0.0916662 0.000488612 1.82798e-05 1.66946e-11 8.32555e-05 0.286313 0.00726188 0.00454936 0.00277831 0.159432 1.52475e-06 0.00056175 0.0220936 0.00358355 0.0948863 0.00222718 3.32642e-05 0.224564 4.95717e-05 0.000541442 
0.00777731 8.67915e-05 0.000103728 0.00567378 0.00102029 4.91878e-06 0.000302912 0.000871263 5.49759e-05 0.00315498 0.000206814 2.22546e-12 0.00073643 0.909047 0.00712636 0.00161364 0.00395845 0.029227 6.65901e-07 0.000342442 0.00354738 0.00243575 0.00353034 0.00492731 0.0082445 0.00536783 0.000520627 0.00011637 
0.00190889 0.00531851 0.000224644 0.0703164 0.313235 0.000180049 0.00530367 0.00501702 0.00466713 0.0076091 0.000312827 3.48127e-09 0.000159853 0.320147 0.0344496 0.0355352 0.0336385 0.0362833 0.000131189 0.002219 0.0238932 0.0179176 0.0555374 0.00494963 0.0141489 0.00474073 0.00149187 0.000663698 
0.0170139 0.000179029 0.000717494 0.0209963 0.0105776 0.000174478 0.00143486 0.00552556 3.27544e-06 0.00662313 0.0097782 3.8695e-12 1.37773e-05 0.754884 0.00552359 0.00201164 0.0121187 0.0596115 3.44391e-06 0.000640383 0.0178185 0.00423783 0.00804355 0.0153932 0.0156014 0.028955 0.00208068 3.82768e-05 
0.023801 0.0110182 0.00035015 0.0205491 0.17083 0.000845971 0.00698577 0.0514131 0.00528041 0.018983 0.00161219 3.26198e-05 0.000112811 0.326668 0.0270744 0.0141434 0.0406995 0.0595321 9.65603e-05 0.000884898 0.0453745 0.00573206 0.0555124 0.0305676 9.66474e-05 0.0813642 0.000364824 7.47889e-05 
0.0232728 0.249809 0.000226915 0.0112671 0.0184616 0.00284792 0.00438974 0.0011853 6.18514e-05 0.016625 9.1012e-05 1.64647e-11 6.60867e-05 0.464789 0.0232591 0.0101751 0.0120792 0.0362462 2.68585e-05 0.00236473 0.0348845 0.00100133 0.0152742 0.0381033 0.000155288 0.0331682 7.46862e-06 0.000161406 
0.00119392 0.0102414 5.96713e-08 5.37683e-06 1.4782e-05 3.79707e-07 0.00522894 0.0285845 1.68411e-06 1.60631e-05 0.0922 2.36626e-09 6.28419e-07 0.557675 0.201506 1.94568e-06 0.000611961 0.0596585 9.09867e-08 8.47177e-10 0.0102412 0.000174239 0.0258409 0.00333191 8.9598e-07 3.55225e-06 0.00346222 3.76826e-06 
0.0526785 0.000203963 0.00352501 0.0432223 0.013187 8.65099e-05 0.00209724 0.0015164 0.0257146 0.0123418 6.41444e-05 0.000834807 0.00254152 0.218702 0.0162425 0.0104213 0.0396783 0.0949035 7.29682e-06 0.0129675 0.0661965 0.000934926 0.0969219 0.0956174 0.000484744 0.188873 1.26949e-05 2.27701e-05 
0.00661281 0.000297255 6.07807e-05 0.0291449 0.182802 0.000195451 0.000646063 0.00415823 0.0485392 0.0077934 0.00062285 3.39854e-06 7.42082e-06 0.29585 0.0170892 0.00302299 0.0151814 0.0374292 0.000126811 0.00127695 0.083566 0.00955437 0.164972 0.0607603 0.0036931 0.0252282 0.00104153 0.000324777 
0.0159631 0.000601056 0.000320431 0.0397226 0.0196093 0.0020643 0.00205302 0.000513002 0.000170189 0.0261244 0.000208762 8.28302e-08 0.000191729 0.291364 0.0174543 0.00470303 0.00231683 0.085082 3.47763e-05 0.00165586 0.165944 0.055284 0.0871166 0.0249202 3.09157e-05 0.153557 0.00291845 7.65913e-05 
0.00626993 0.00122439 4.17082e-05 0.0207602 0.00274405 0.000272832 0.00398716 0.00016882 0.000432018 0.00345825 4.74772e-05 9.89864e-10 0.000824922 0.58349 0.00633068 0.0182448 0.00283109 0.0578812 2.32636e-05 0.000391473 0.0103673 0.00190206 0.0310414 0.0113117 9.06047e-07 0.235858 3.02611e-05 6.41986e-05 
0.0176686 1.44177e-05 0.000226933 0.0298148 0.00801908 5.59248e-05 0.000980029 0.00410765 0.000285295 0.0454462 0.000382841 1.96986e-08 7.30265e-05 0.362901 0.0195506 0.00226463 0.0101042 0.213994 5.49708e-07 0.000669964 0.0370213 0.0175366 0.0632074 0.0240675 0.00107794 0.0850516 0.0490442 0.00643445 
0.000623205 5.9657e-06 0.000324733 0.0251228 0.00405916 0.000358201 0.000659581 0.0192682 0.000783566 0.000951848 0.000288123 4.50757e-07 0.000443403 0.675697 0.000117395 0.00211238 0.0140995 0.0133345 3.65697e-07 6.9754e-05 0.0295086 0.00907829 0.032938 0.0020351 0.0344571 0.128988 0.00460724 6.70497e-05 
0.0162108 0.000565601 2.51067e-05 0.00912363 0.00147062 1.30497e-05 0.00123368 0.000559819 8.10897e-06 0.00186504 0.000110505 4.65343e-13 0.00128849 0.837515 0.0119197 0.00198866 0.00266396 0.0913763 1.14413e-06 0.000422359 0.00197161 0.0018772 0.0063928 0.00186131 0.000491301 0.00880182 7.72314e-05 0.000164774 
0.00661281 0.000297255 6.07807e-05 0.0291449 0.182802 0.000195451 0.000646063 0.00415823 0.0485392 0.0077934 0.00062285 3.39854e-06 7.42082e-06 0.29585 0.0170892 0.00302299 0.0151814 0.0374292 0.000126811 0.00127695 0.083566 0.00955437 0.164972 0.0607603 0.0036931 0.0252282 0.00104153 0.000324777 
0.0451486 0.000425752 0.00434677 0.0133756 0.00664124 0.000160212 0.00474176 6.9998e-05 6.95758e-05 0.00147861 2.02918e-05 4.45479e-08 0.000251299 0.545346 0.00668834 0.0486257 0.00903074 0.107701 2.04207e-05 0.000987706 0.0362614 0.000613983 0.0284123 0.0594318 2.91073e-05 0.0800496 5.80958e-05 1.4275e-05 
0.00281946 0.000123555 3.52069e-07 0.00244399 9.94083e-06 3.83109e-06 0.000232003 0.000183289 5.4568e-09 4.71731e-05 9.5356e-05 4.71306e-12 0.000302258 0.957074 0.00127443 0.00205167 0.00265402 0.0135892 1.2155e-07 4.49947e-05 0.00238286 0.0014658 0.00495655 0.00106297 0.000256057 0.00689174 2.1092e-05 1.30967e-05 
0.0424994 0.00297561 0.00214516 0.0714481 0.130618 0.0413937 0.0902441 0.00167405 0.0169042 0.000450639 0.00458653 0.00186067 9.16328e-05 0.26596 0.000594689 0.0144237 0.124539 0.0266193 2.86865e-05 0.0722973 0.0307787 0.0123181 0.0042298 0.041131 2.47591e-05 4.69444e-05 0.000115938 1.63976e-07 
0.0577923 9.83822e-05 0.000449015 0.0245809 0.0419556 0.00178868 0.00550892 0.0123261 0.00128961 0.00452354 0.00399158 7.81729e-07 0.00015073 0.245014 0.0293416 0.0212867 0.0130436 0.151794 8.0824e-05 0.0278831 0.116781 0.000970719 0.129174 0.0525792 4.83297e-05 0.0571946 3.96432e-05 0.000312013 
0.0354241 3.95295e-05 3.93268e-07 0.0338652 0.0304299 0.00129601 0.0241884 0.00188057 1.79013e-05 0.000375043 0.000231271 1.39051e-09 2.84343e-05 0.174721 0.0454592 0.0675943 0.0115176 0.119975 1.47121e-07 0.00240485 0.0465367 0.0036298 0.109379 0.121143 0.000963625 0.168896 2.24602e-06 1.48238e-06 
0.00777731 8.67915e-05 0.000103728 0.00567378 0.00102029 4.91878e-06 0.000302912 0.000871263 5.49759e-05 0.00315498 0.000206814 2.22546e-12 0.00073643 0.909047 0.00712636 0.00161364 0.00395845 0.029227 6.65901e-07 0.000342442 0.00354738 0.00243575 0.00353034 0.00492731 0.0082445 0.00536783 0.000520627 0.00011637 
0.00816519 6.43735e-05 0.000567243 0.00444664 0.00167144 0.000157298 0.000526365 0.00307764 1.18932e-05 0.000859103 0.00060683 2.9917e-12 0.000592216 0.877627 0.00342897 0.00259899 0.0139729 0.0215572 1.654e-06 0.000463202 0.00771586 0.0054397 0.0071274 0.00791979 0.0220848 0.00760737 0.00166453 4.39674e-05 
0.0576593 0.000940898 0.000126547 0.0284431 0.00322296 0.000638308 0.00888942 0.000976968 1.1168e-05 0.0550853 0.00888616 9.76646e-09 0.000392362 0.645366 0.0246747 0.00361312 0.00284576 0.115122 9.59209e-06 0.00224699 0.0128433 0.00141091 0.0086226 0.0102697 0.000224379 0.00722792 0.000131743 0.000119453 
0.00816519 6.43735e-05 0.000567243 0.00444664 0.00167144 0.000157298 0.000526365 0.00307764 1.18932e-05 0.000859103 0.00060683 2.9917e-12 0.000592216 0.877627 0.00342897 0.00259899 0.0139729 0.0215572 1.654e-06 0.000463202 0.00771586 0.0054397 0.0071274 0.00791979 0.0220848 0.00760737 0.00166453 4.39674e-05 
0.0109655 0.0035545 0.00133418 0.0359795 0.014329 0.00157893 0.00347595 0.001238 0.000726459 0.0321088 6.67083e-05 2.59653e-12 0.000140246 0.327495 0.0110071 0.033875 0.021874 0.097989 1.41454e-07 0.00195374 0.0392924 0.0180137 0.0696803 0.00690982 0.000157026 0.266154 9.93097e-05 2.49678e-06 
0.0482472 0.000869071 0.0186431 0.038304 0.023629 0.00436405 0.00720751 0.000318719 0.00150424 0.00537246 0.000143583 3.81938e-09 0.000261441 0.445214 0.0367178 0.0128937 0.0164234 0.0768069 9.19942e-05 0.00360972 0.0460298 0.00083365 0.0397944 0.0469394 0.000264877 0.125076 0.000307966 0.000132606 
0.0043581 0.000164141 0.000387605 0.0109127 0.0736197 0.000134224 0.00126207 0.0186554 0.000115783 0.0016453 0.00132715 2.4316e-10 9.06536e-05 0.419164 0.0268809 0.00545759 0.121605 0.0111375 6.55284e-06 0.00574643 0.063744 0.0985245 0.0582902 0.00958404 0.0539007 0.01195 0.0012217 0.000113818 
0.00426279 0.000696118 0.00670138 0.0366342 0.0489687 0.00158134 0.00100664 0.0274445 0.00543208 0.00870875 0.00474581 6.77047e-05 0.00427709 0.195243 0.0052652 0.0777273 0.0502403 0.00338863 3.0532e-05 0.00391381 0.147306 0.15681 0.0793475 0.0187 0.0588873 0.0508825 0.00170287 2.83032e-05 
0.0116424 0.00150173 0.000141394 0.0436669 0.0295535 0.00712644 0.00666168 0.0083567 0.000657467 0.00843225 0.000389124 2.00129e-05 0.000354417 0.424226 0.0171109 0.029263 0.0122499 0.0333838 2.77957e-05 0.00296378 0.110164 0.0101749 0.0857303 0.0212823 0.00632721 0.0804552 0.048103 3.36621e-05 
0.0361661 0.00133464 0.00100884 0.0271804 0.0202189 0.000175164 0.00384107 0.0133765 0.000642046 0.0325745 0.000606377 2.74808e-08 0.00393 0.490806 0.0212603 0.0258734 0.00998277 0.0805497 8.59326e-07 0.00215825 0.0149797 0.0199247 0.0430684 0.00657166 0.000651782 0.142804 3.39227e-05 0.000279364 
0.00382855 0.203734 0.000180052 0.0121441 0.0139068 0.000420898 0.00981495 0.00603821 0.000296709 0.00772287 0.0104408 2.22165e-10 2.28511e-05 0.637858 0.00456672 0.00172571 0.0107183 0.0229287 3.25661e-05 0.000165356 0.0116394 0.00373582 0.00326932 0.0077361 0.0222215 0.00276421 0.00200972 7.78147e-05 
0.0112347 0.000184902 4.99335e-07 0.0549136 0.164454 0.0021536 0.00178788 0.00564077 1.20031e-06 0.00345781 0.00692602 1.2205e-08 2.89408e-05 0.368274 0.0189104 0.0245661 0.154792 0.0245431 3.01785e-05 0.00275775 0.00428829 0.00112316 0.0291853 0.100562 0.00102239 0.0176646 2.70772e-05 0.00146911 
0.00805992 0.000111839 2.32126e-10 0.0147375 0.318537 1.28652e-06 0.000345077 0.000608219 0.00709999 0.000939669 0.00033161 1.01253e-07 7.41652e-05 0.48121 0.015365 0.0378741 0.00375198 0.00491415 0.000167555 0.00179162 0.0271766 0.00451862 0.0082139 0.0026497 3.44477e-08 0.061486 2.38724e-09 3.40153e-05 
0.0151609 0.00193291 0.000324242 0.0344111 0.0458508 0.00310801 0.0547579 0.000569545 0.000812657 0.00252879 0.000150676 1.56005e-07 2.4996e-05 0.160755 0.0078218 0.0329377 0.0627999 0.133397 9.85563e-05 0.00338772 0.0367827 0.119865 0.0848661 0.0407393 0.007315 0.145055 0.00338348 0.00116389 
0.0411961 0.000846897 0.000248372 0.0488849 0.0260276 0.00163506 0.00565534 0.00522498 0.000425872 0.0167347 0.00589053 0.00203678 0.000220155 0.278841 0.034964 0.0836965 0.0418647 0.0947287 4.62909e-05 0.00386751 0.125221 0.0156977 0.0700644 0.0440522 0.00815579 0.0425633 0.00103641 0.000173846 
0.00824047 0.00127689 5.57584e-05 0.0169725 0.00449506 0.000261933 0.00427315 0.000459225 0.000220048 0.00571982 9.17646e-05 5.93916e-10 0.000422291 0.64725 0.00831127 0.0101662 0.0017151 0.0830789 1.87768e-05 0.000273629 0.011349 0.00167017 0.0279676 0.00910987 5.36801e-06 0.156398 1.85398e-05 0.000179002 
0.05825 0.00088791 1.0684e-07 0.00731729 0.0136811 0.00321152 0.00703759 0.000416603 7.82508e-05 0.000279116 0.000425795 6.42307e-12 2.98083e-05 0.328031 0.0966603 0.00883112 0.00506344 0.0979846 3.60108e-06 0.004164 0.0305181 0.000241734 0.0624843 0.173186 2.56799e-05 0.100849 0.000169478 0.000171813 
0.0429106 0.0237757 0.000684127 0.178443 0.000593158 0.0013202 0.0107297 0.000947896 0.00885387 0.00189885 0.00463708 1.06245e-11 0.000107774 0.597334 0.0108079 0.00254929 0.00346336 0.0247667 4.52046e-05 0.000263176 0.00543615 0.00108186 0.00871746 0.0106443 0.000357415 0.0076494 7.37382e-06 0.0519747 
0.0276967 0.00304573 0.00217815 0.0563057 0.0460508 0.0180869 0.0207744 0.0120447 0.00121004 0.0253301 0.000233271 1.6235e-08 0.00109353 0.171848 0.0152206 0.0317625 0.0254633 0.125406 1.30892e-05 0.00172851 0.126426 0.0198853 0.0909757 0.0693742 0.00158596 0.0846436 0.0201316 0.001485 
0.0429106 0.0237757 0.000684127 0.178443 0.000593158 0.0013202 0.0107297 0.000947896 0.00885387 0.00189885 0.00463708 1.06245e-11 0.000107774 0.597334 0.0108079 0.00254929 0.00346336 0.0247667 4.52046e-05 0.000263176 0.00543615 0.00108186 0.00871746 0.0106443 0.000357415 0.0076494 7.37382e-06 0.0519747 
0.0320381 0.000534952 0.00743241 0.0422133 0.0105834 0.00726307 0.00399774 0.0901825 0.000643622 0.018897 0.000656489 8.20477e-10 0.00112942 0.451744 0.0301034 0.00599357 0.00830109 0.0551697 7.16909e-06 0.007489 0.0531567 0.0035489 0.0519754 0.03291 0.000231663 0.0821186 0.000246003 0.00143251 
0.0022766 2.78852e-05 3.41321e-12 2.5553e-05 0.0799324 0.000404019 4.01443e-05 0.000212306 1.35107e-05 3.16111e-09 0.000152565 4.1315e-12 1.97992e-06 0.308235 0.00625401 5.95757e-09 2.68756e-05 0.0631787 0.000547072 7.78867e-05 0.144643 0.0085819 0.154656 0.16931 6.63551e-05 0.0610393 1.95569e-05 0.000277547 
0.0162108 0.000565601 2.51067e-05 0.00912363 0.00147062 1.30497e-05 0.00123368 0.000559819 8.10897e-06 0.00186504 0.000110505 4.65343e-13 0.00128849 0.837515 0.0119197 0.00198866 0.00266396 0.0913763 1.14413e-06 0.000422359 0.00197161 0.0018772 0.0063928 0.00186131 0.000491301 0.00880182 7.72314e-05 0.000164774 
0.00882691 0.000378449 4.94499e-05 0.0617881 0.122667 0.0159196 0.00548268 0.000933863 0.000131836 0.000498825 0.000114115 5.3922e-06 0.00131076 0.457614 0.0493691 0.000674414 0.0102721 0.0735296 1.97588e-06 0.00596749 0.0334302 0.00694875 0.0879956 0.0108243 0.000117828 0.0450012 9.6844e-05 5.0357e-05 
0.00569538 0.000504545 8.36396e-06 0.00960804 0.000556462 5.16775e-09 4.01718e-05 3.32056e-08 2.08505e-05 0.000607585 0.000145101 7.35762e-12 0.000970342 0.953295 0.00503357 0.0012021 0.00495468 0.00088859 1.03422e-05 0.000201885 0.00579238 0.00370749 0.00254173 0.00154005 9.38596e-05 0.00248351 9.00306e-05 8.0882e-06 
0.00871736 0.000222322 8.60122e-05 0.00652806 0.00126991 8.10005e-06 0.000475161 0.000954611 3.32366e-05 0.00288932 0.000185984 1.54313e-12 0.00241695 0.898798 0.00743368 0.00190906 0.00379326 0.0382721 7.10688e-07 0.000341811 0.00320576 0.00245207 0.00442771 0.00370747 0.00509106 0.00619916 0.000427592 0.00015382 
0.0448507 0.000158946 0.000146027 0.0300198 0.0609075 0.000794926 0.00363563 0.000473511 0.000446268 0.000856897 0.000128107 7.23071e-11 0.000501925 0.48899 0.119704 0.00630597 0.00325588 0.122933 4.30708e-05 0.000445264 0.00484833 0.0216854 0.0466976 0.0238413 0.000174161 0.017655 9.58964e-06 0.000490471 
0.00764564 0.000171388 0.000134466 0.00310982 0.00340009 9.18731e-06 0.000461187 0.0029349 0.000737508 0.0231045 0.00426907 2.42487e-10 1.54278e-05 0.466472 0.00237189 0.00413057 0.00125061 0.0964398 2.26331e-06 8.73695e-05 0.085685 0.00237817 0.0430653 0.0792335 3.17493e-05 0.17277 9.99868e-06 7.84491e-05 
0.0296107 0.00103393 0.00752309 0.0457992 0.0334615 0.00411934 0.00828636 0.00436736 0.000274305 0.00638194 0.00247942 1.86175e-05 0.00112114 0.26983 0.0151833 0.0124073 0.0282586 0.0455904 5.95775e-05 0.00168354 0.169787 0.0175022 0.138658 0.0372365 0.00813898 0.107119 0.00361713 0.000451672 
0.045654 0.000418901 0.00338345 0.025341 0.0539582 9.06183e-05 0.00275691 0.00537071 0.000117167 0.0108544 0.000390126 1.3134e-05 1.53084e-05 0.244469 0.0406393 0.00629597 0.0861435 0.0332771 0.00249035 0.0169811 0.0782804 0.0107611 0.0352752 0.129943 0.00631294 0.157975 0.00266132 0.000131031 
0.00620135 0.000805764 6.16909e-06 0.043415 0.00362032 1.46154e-05 0.00726537 0.000682521 7.32085e-06 0.000303584 5.66303e-05 1.72503e-09 0.00104168 0.506672 0.0109686 0.00858643 0.00308469 0.120417 3.87631e-05 0.000737548 0.0102479 0.00277127 0.152439 0.00348766 0.000142397 0.116924 1.17328e-05 5.10569e-05 
0.00805992 0.000111839 2.32126e-10 0.0147375 0.318537 1.28652e-06 0.000345077 0.000608219 0.00709999 0.000939669 0.00033161 1.01253e-07 7.41652e-05 0.48121 0.015365 0.0378741 0.00375198 0.00491415 0.000167555 0.00179162 0.0271766 0.00451862 0.0082139 0.0026497 3.44477e-08 0.061486 2.38724e-09 3.40153e-05 
0.0156759 0.0369454 0.00022998 0.00633712 0.00302593 0.000164112 0.000868065 0.0032578 4.85608e-06 0.00285226 0.000534741 4.97635e-12 0.000307877 0.824828 0.00295767 0.0045797 0.0138008 0.0193706 1.61556e-06 0.000323192 0.0129132 0.00674883 0.0122748 0.00490498 0.0202646 0.00456164 0.00215365 0.000112334 
0.0299159 0.000703942 0.0011321 0.0729807 0.00927708 8.70048e-05 0.0571412 0.0126009 0.000233701 0.0217302 0.000222973 2.10428e-11 0.00104468 0.30511 0.0266611 0.0785747 0.0405937 0.145536 2.00258e-07 0.000702623 0.0369416 0.016429 0.0860571 0.021863 0.00221233 0.026621 0.00496868 0.000659088 
0.00359484 0.00107473 5.80202e-05 0.0619978 0.0571665 3.65211e-05 0.151591 0.0119403 0.000907556 0.0022995 7.01219e-05 6.41243e-10 0.000144479 0.246935 0.00578228 0.00704903 0.016193 0.0726848 3.36515e-06 0.00791957 0.129576 0.137645 0.0357787 0.0127664 0.00355203 0.0276901 0.0054041 0.000139839 
0.00261965 2.55486e-05 2.21502e-08 0.00264392 0.00263139 0.000167045 0.000244254 0.00526553 3.33006e-05 0.00684806 0.00962737 3.92931e-12 3.22371e-05 0.786744 0.00579306 0.000866531 0.000208119 0.0561354 5.8749e-06 0.000311137 0.0170753 0.000138915 0.0640672 0.0269951 5.65057e-05 0.0111498 1.62557e-08 0.000314888 
0.00948584 1.35532e-05 0.00175961 0.0181647 0.00162272 1.14112e-05 0.0180938 0.000698659 2.38445e-05 0.000194735 0.000198914 8.74775e-09 0.000239362 0.403944 0.118446 0.0118592 0.0204012 0.251633 7.64376e-06 0.000809514 0.0268884 0.0126087 0.0357887 0.0126351 0.000429915 0.0539431 7.6811e-06 9.15623e-05 
0.14811 0.00243444 7.32994e-05 0.0215792 0.0355416 0.000367543 0.00435222 0.00474787 0.000928624 0.00543687 0.00167191 7.87697e-09 0.00228396 0.495516 0.0254811 0.064198 0.0264823 0.0361648 4.31281e-06 0.0030062 0.0145697 0.00231175 0.0564568 0.00687033 0.000671579 0.0340904 0.000512599 0.00613594 
0.00626993 0.00122439 4.17082e-05 0.0207602 0.00274405 0.000272832 0.00398716 0.00016882 0.000432018 0.00345825 4.74772e-05 9.89864e-10 0.000824922 0.58349 0.00633068 0.0182448 0.00283109 0.0578812 2.32636e-05 0.000391473 0.0103673 0.00190206 0.0310414 0.0113117 9.06047e-07 0.235858 3.02611e-05 6.41986e-05 
0.0495806 0.000570262 0.000157063 0.0168538 0.063931 0.000682994 0.00168417 0.000974218 0.00195718 0.000514795 0.000237873 0.00155032 0.000294399 0.26203 0.0766546 0.00368562 0.00354722 0.15724 7.38145e-05 0.000740918 0.11314 0.0373519 0.11263 0.0242231 0.000129206 0.0693736 1.39781e-05 0.000177257 
0.0517499 0.000126386 0.00065158 0.0255549 0.0129697 6.74048e-05 0.00107235 0.0149294 0.000251461 0.0301956 0.00128896 1.10558e-05 0.0002791 0.277084 0.00862508 0.0159629 0.0480262 0.145192 1.85966e-05 0.00171496 0.0581171 0.0112583 0.10065 0.0707827 0.00648583 0.111453 0.000628822 0.00485314 
0.0400012 0.000303295 0.000198617 0.00721105 0.0073351 2.58796e-06 0.000226753 0.000575565 0.000500473 7.47075e-06 2.78397e-05 2.89692e-08 2.0614e-05 0.562124 0.00390411 0.000908251 0.0117474 0.065198 1.21136e-06 0.00604418 0.0432404 7.44099e-05 0.0217179 0.0665433 1.21649e-06 0.161738 0.000239723 0.000107647 
0.0131983 3.72957e-07 0.118043 0.000940847 0.0380105 3.78876e-06 0.00460254 0.0152266 1.06904e-10 0.000220748 0.000694774 1.79174e-10 6.40012e-05 0.217281 0.0164637 0.00416162 0.128425 0.000741987 1.45363e-10 0.00388725 0.197749 0.112303 0.0294217 0.00748862 0.0886285 0.00115283 0.00127916 1.04093e-05 
0.0255429 0.000115262 2.55025e-05 0.045419 0.15694 2.78625e-05 0.00541819 0.0226618 5.47921e-07 0.00183833 7.20066e-08 2.37645e-09 0.00223486 0.60309 0.04211 0.00171858 0.00433441 0.0331285 3.4431e-06 0.00193251 0.0139082 0.00181004 0.0150733 0.0165756 7.90087e-05 0.00597372 8.78932e-06 3.04493e-05 
0.013064 0.000682694 0.00784114 0.00892553 0.0209205 0.000101278 0.000899281 0.000200563 0.000113621 0.00281541 6.16975e-05 3.29487e-10 0.000554766 0.528476 0.0129066 0.0078766 0.00464465 0.0674493 8.55857e-06 0.000618474 0.0736839 0.000560704 0.0220397 0.0623778 4.5737e-05 0.163051 4.79377e-05 3.29672e-05 
0.0312759 1.6514e-07 2.09017e-09 0.118146 0.00725744 1.77474e-09 1.13105e-06 0.00801455 1.50954e-09 0.00145392 0.00133064 1.41356e-06 1.59429e-06 0.75101 0.0494616 2.3913e-05 0.000388417 0.00103394 4.26786e-07 0.000847097 0.000671527 8.81073e-09 4.44419e-08 0.0194204 1.97273e-08 0.00677318 7.86879e-07 0.00288579 
0.00569538 0.000504545 8.36396e-06 0.00960804 0.000556462 5.16775e-09 4.01718e-05 3.32056e-08 2.08505e-05 0.000607585 0.000145101 7.35762e-12 0.000970342 0.953295 0.00503357 0.0012021 0.00495468 0.00088859 1.03422e-05 0.000201885 0.00579238 0.00370749 0.00254173 0.00154005 9.38596e-05 0.00248351 9.00306e-05 8.0882e-06 
0.00315666 0.0441538 0.000410112 0.0401017 0.0130769 3.70372e-05 0.028497 0.00236332 7.71563e-05 0.0159775 0.000146241 1.74132e-08 6.36909e-05 0.248051 0.00414044 0.0425813 0.013134 0.023888 1.33938e-06 0.0062735 0.235716 0.0746958 0.0529343 0.0162337 0.00440174 0.12988 4.14072e-06 3.62239e-06 
0.0717745 0.00102117 0.000110312 0.035996 0.00353031 0.000819881 0.0113429 0.00105434 9.32694e-06 0.0695579 0.00804929 1.10352e-09 8.2551e-05 0.595937 0.0293152 0.00368255 0.00271258 0.11717 1.30429e-05 0.00294717 0.0150191 0.00124821 0.00883313 0.0134352 0.000155487 0.00595916 0.000133627 8.94575e-05 
0.0214555 0.000269864 9.35691e-05 0.0310853 0.0043059 1.21366e-05 0.00127517 0.0026275 3.77522e-06 0.00392578 0.00858566 2.31206e-11 0.00139473 0.703621 0.0130709 0.0055961 0.0667041 0.0749185 1.43761e-06 0.000296683 0.00891953 0.00604767 0.00929398 0.0151406 0.00342646 0.0174538 0.000383531 9.13976e-05 
0.00661281 0.000297255 6.07807e-05 0.0291449 0.182802 0.000195451 0.000646063 0.00415823 0.0485392 0.0077934 0.00062285 3.39854e-06 7.42082e-06 0.29585 0.0170892 0.00302299 0.0151814 0.0374292 0.000126811 0.00127695 0.083566 0.00955437 0.164972 0.0607603 0.0036931 0.0252282 0.00104153 0.000324777 
0.0355293 0.000264874 2.5527e-05 0.0226875 0.0797233 5.36941e-05 0.00460995 3.19968e-05 0.000532358 0.0111701 0.000233096 8.05062e-06 2.27251e-05 0.366688 0.0161242 0.013905 0.0180662 0.0372104 2.81172e-05 0.0116928 0.16119 0.00304132 0.024939 0.0721341 1.7993e-05 0.119981 2.36553e-05 6.59882e-05 
0.0045023 2.61723e-05 1.37921e-11 0.0328631 0.0332965 0.00179358 0.00120575 0.0251801 0.0916662 0.000488612 1.82798e-05 1.66946e-11 8.32555e-05 0.286313 0.00726188 0.00454936 0.00277831 0.159432 1.52475e-06 0.00056175 0.0220936 0.00358355 0.0948863 0.00222718 3.32642e-05 0.224564 4.95717e-05 0.000541442 
0.00261965 2.55486e-05 2.21502e-08 0.00264392 0.00263139 0.000167045 0.000244254 0.00526553 3.33006e-05 0.00684806 0.00962737 3.92931e-12 3.22371e-05 0.786744 0.00579306 0.000866531 0.000208119 0.0561354 5.8749e-06 0.000311137 0.0170753 0.000138915 0.0640672 0.0269951 5.65057e-05 0.0111498 1.62557e-08 0.000314888 
0.0467802 0.000418888 5.68523e-05 0.00612513 0.0241156 0.00155475 0.00167862 0.00235649 0.000302889 0.0229087 0.000357893 9.52876e-08 8.69547e-05 0.28429 0.0284264 0.0120146 0.00618756 0.0164392 0.00010433 0.00166627 0.201309 0.00671211 0.142943 0.0325544 0.00631674 0.151682 0.00178627 0.000825425 
0.00281946 0.000123555 3.52069e-07 0.00244399 9.94083e-06 3.83109e-06 0.000232003 0.000183289 5.4568e-09 4.71731e-05 9.5356e-05 4.71306e-12 0.000302258 0.957074 0.00127443 0.00205167 0.00265402 0.0135892 1.2155e-07 4.49947e-05 0.00238286 0.0014658 0.00495655 0.00106297 0.000256057 0.00689174 2.1092e-05 1.30967e-05 
0.00805992 0.000111839 2.32126e-10 0.0147375 0.318537 1.28652e-06 0.000345077 0.000608219 0.00709999 0.000939669 0.00033161 1.01253e-07 7.41652e-05 0.48121 0.015365 0.0378741 0.00375198 0.00491415 0.000167555 0.00179162 0.0271766 0.00451862 0.0082139 0.0026497 3.44477e-08 0.061486 2.38724e-09 3.40153e-05 
0.0100802 0.00159537 0.0167136 0.00246825 0.0227159 0.000162899 0.000220726 0.000199354 0.000231097 0.00114453 9.29096e-05 5.62269e-10 0.00013816 0.495414 0.00380954 0.00838507 0.00527485 0.0176993 3.07832e-05 0.000629144 0.125022 0.000686236 0.0191779 0.125021 4.95011e-05 0.142899 0.000121011 1.71533e-05 
0.0761702 0.0567959 8.40653e-05 0.0313567 0.0377674 0.00247951 0.0252238 0.00342154 0.000930613 0.0217107 0.000295241 5.57132e-07 0.000523868 0.15228 0.0499869 0.0805352 0.0352121 0.135473 1.79053e-05 0.0036608 0.0622601 0.00529235 0.11795 0.0261274 0.000143404 0.0727539 0.00024244 0.00130442 
0.0221518 0.00202627 0.00246567 0.0235953 0.0453214 0.00106975 0.00325128 0.00590121 0.000185169 0.00745267 0.0133491 7.73573e-12 4.44207e-05 0.378065 0.0331685 0.00390705 0.0152235 0.115392 9.30811e-05 0.00769863 0.122945 0.00719387 0.118742 0.0344642 0.00106358 0.0339607 0.00019887 0.00106998 
0.0573197 0.000517642 4.57441e-06 0.0965484 0.00423285 0.0220603 0.00876952 0.0103988 0.000147699 0.0029663 4.91176e-05 2.50622e-08 0.000121671 0.325824 0.0937692 0.0432906 0.0293317 0.165799 7.31914e-07 0.000813204 0.014088 0.00297526 0.0486108 0.0451198 0.000156896 0.0270218 5.56097e-05 6.74238e-06 
0.00777731 8.67915e-05 0.000103728 0.00567378 0.00102029 4.91878e-06 0.000302912 0.000871263 5.49759e-05 0.00315498 0.000206814 2.22546e-12 0.00073643 0.909047 0.00712636 0.00161364 0.00395845 0.029227 6.65901e-07 0.000342442 0.00354738 0.00243575 0.00353034 0.00492731 0.0082445 0.00536783 0.000520627 0.00011637 
0.0486226 0.000975629 0.000552428 0.0650293 0.000815145 3.73992e-06 0.00282224 0.000473806 2.61866e-07 0.010275 0.000340746 3.22123e-09 0.000881777 0.355767 0.167827 0.00218834 0.00956223 0.0768025 4.41928e-05 0.000989161 0.0355323 0.000786912 0.0208214 0.150226 6.34627e-05 0.0238788 0.0246861 3.22075e-05 
0.0171565 0.000417635 8.69812e-05 0.0411854 0.0271932 0.0583112 0.106809 0.00299738 0.000379913 0.00260462 7.8708e-05 0.000213288 0.000727308 0.229907 0.0264177 0.027521 0.0310992 0.148955 8.93178e-05 0.00943234 0.0671964 0.036958 0.0731315 0.0490077 0.00279273 0.0365975 0.00058799 0.00214655 
0.00488796 0.00350838 0.000178097 0.0511554 0.0139772 0.0217975 0.000363702 0.00221336 7.26095e-05 0.0247518 9.74724e-05 1.9349e-11 0.00274368 0.720279 0.0155729 0.00529712 0.0310597 0.00194208 4.3253e-05 0.00146592 0.0298015 0.0233714 0.0371787 0.00354133 8.58893e-05 0.00387199 0.000417215 0.000324967 
0.009126 0.00140695 2.41496e-05 0.0347743 0.0322641 0.0024609 0.00436082 0.0452884 0.00297941 0.000246021 4.05472e-05 1.0749e-11 7.28164e-05 0.756788 0.00787468 0.00507463 0.00389366 0.0434769 4.49302e-06 0.00064552 0.0124833 0.00237313 0.0151652 0.00206937 7.70074e-05 0.0168726 5.08542e-06 0.000151592 
0.00195464 0.00244446 7.00849e-09 0.004703 0.0264792 0.000107529 0.00073235 0.0146756 0.000112609 0.000151003 1.33013e-05 7.49977e-12 5.05662e-05 0.912168 0.00372542 0.0021261 0.000892844 0.00531261 2.26557e-06 0.000280575 0.0057943 0.00246502 0.00660444 0.000402667 0.000109427 0.00841022 4.86981e-06 0.000276933 
0.0108608 0.0238199 1.34673e-05 0.0148462 0.0540677 8.32955e-05 0.00177085 0.0123831 0.000276794 0.00377317 0.000200865 6.24004e-07 0.000448295 0.659482 0.00993967 0.00864352 0.024298 0.0110565 5.33248e-05 0.00651257 0.0137547 0.0981399 0.002594 0.00571849 0.0324695 0.0031494 0.00161666 2.65188e-05 
0.00326554 0.0185841 9.0705e-06 0.00781417 0.039232 0.000369072 0.000850796 0.0112051 0.00254521 0.00524367 0.000167994 2.79123e-05 0.000611427 0.729087 0.00931079 0.00186301 0.00842887 0.0818332 1.53527e-05 0.00125173 0.0109448 0.0199495 0.0213811 0.00901474 0.00322811 0.0128643 0.000142233 0.000759466 
0.000561949 0.000251544 2.2117e-12 2.10973e-08 0.00028422 1.87792e-12 0.000196666 0.00121621 1.16619e-08 2.71774e-13 3.2311e-08 2.67714e-12 7.1108e-08 0.9904 0.00113721 0.000543142 9.93281e-05 0.000395887 3.47729e-09 0.000223125 0.00164996 0.00169103 0.00123951 1.37388e-08 4.03926e-08 2.44246e-13 3.30355e-08 0.000110352 
0.00562906 0.00103772 0.00105446 0.00360228 0.00486602 1.0432e-05 0.000909141 0.0018588 6.52748e-05 0.000317725 0.00186875 4.01418e-09 0.000698572 0.720778 0.00181255 0.00960891 0.0434733 0.119547 8.97195e-08 0.000102714 0.0140145 0.0485078 0.00885683 0.00390766 0.00350548 0.00337264 0.000490188 0.000103858 
0.00271556 0.000245901 4.94166e-06 0.00457866 0.00497147 1.05209e-07 0.000177154 0.000225183 1.05923e-05 0.000291412 7.05309e-05 3.80957e-09 0.000478768 0.891139 0.00431082 0.000574192 0.00236334 0.000424537 5.83021e-06 9.85749e-05 0.00551817 0.0717301 0.00413451 0.000735442 4.52387e-05 0.00510174 4.44413e-05 4.16132e-06 
0.0194828 0.00231975 0.00505933 0.0516756 0.114101 0.0037563 0.00951789 0.069223 0.0041512 0.00988135 0.00290208 4.75142e-06 0.00039469 0.154432 0.0863463 0.00724923 0.0146017 0.0367947 2.51251e-05 0.00605749 0.0724157 0.151426 0.10203 0.024725 0.0238143 0.0231969 0.00348243 0.000932537 
0.00628336 0.000134872 0.000180644 0.0143517 0.00212558 9.10977e-06 0.000223288 0.00181864 1.07119e-09 0.00381787 0.000236018 1.10757e-12 2.99613e-05 0.871229 0.00432182 0.0020284 0.00608041 0.0463775 2.50422e-06 0.000656609 0.00531096 0.00468084 0.00675956 0.00700456 0.0083346 0.00527248 0.00262288 0.000106597 
0.0311941 0.000429032 0.0062142 0.0468236 0.0208379 0.000750945 0.0111877 0.00519355 0.015637 0.0312929 0.000472481 8.40342e-07 0.00376999 0.169367 0.0166121 0.152021 0.0537018 0.129314 0.000102189 0.00201398 0.0807341 0.0119901 0.0838001 0.0334211 0.0185143 0.0722821 0.00229053 3.13692e-05 
0.0104279 0.00020569 0.00149463 0.000234781 0.00767091 7.20025e-06 2.83904e-06 0.000359185 2.18948e-09 1.22188e-06 9.19793e-05 1.01163e-12 2.10655e-05 0.425825 0.00393168 2.33378e-09 0.000118662 0.0677239 2.28843e-05 0.000470977 0.136713 2.70075e-05 0.0193155 0.25918 1.44018e-05 0.066071 1.46058e-06 6.74441e-05 
0.022279 4.11145e-05 0.000660922 0.0573003 0.0650154 0.000268459 0.00867139 0.0285475 0.000484417 0.0201247 0.00094688 8.39684e-07 0.0116406 0.224966 0.074978 0.0642912 0.0602339 0.0625699 4.71436e-06 0.000568298 0.0644519 0.0272833 0.141981 0.0129141 0.00323403 0.0444722 0.00126109 0.000808662 
0.0615741 4.70062e-05 2.46676e-05 0.00982722 0.000229673 4.59131e-06 0.000324101 0.00164659 1.54954e-06 0.000162198 3.85982e-05 3.94231e-12 0.00688175 0.730976 0.0141255 0.00694568 0.0211518 0.104874 8.11824e-08 0.00023937 0.00820343 0.00145642 0.0156039 0.0122818 0.000286084 0.00287555 7.72883e-06 0.000209832 
0.00281946 0.000123555 3.52069e-07 0.00244399 9.94083e-06 3.83109e-06 0.000232003 0.000183289 5.4568e-09 4.71731e-05 9.5356e-05 4.71306e-12 0.000302258 0.957074 0.00127443 0.00205167 0.00265402 0.0135892 1.2155e-07 4.49947e-05 0.00238286 0.0014658 0.00495655 0.00106297 0.000256057 0.00689174 2.1092e-05 1.30967e-05 
0.00569538 0.000504545 8.36396e-06 0.00960804 0.000556462 5.16775e-09 4.01718e-05 3.32056e-08 2.08505e-05 0.000607585 0.000145101 7.35762e-12 0.000970342 0.953295 0.00503357 0.0012021 0.00495468 0.00088859 1.03422e-05 0.000201885 0.00579238 0.00370749 0.00254173 0.00154005 9.38596e-05 0.00248351 9.00306e-05 8.0882e-06 
0.0429106 0.0237757 0.000684127 0.178443 0.000593158 0.0013202 0.0107297 0.000947896 0.00885387 0.00189885 0.00463708 1.06245e-11 0.000107774 0.597334 0.0108079 0.00254929 0.00346336 0.0247667 4.52046e-05 0.000263176 0.00543615 0.00108186 0.00871746 0.0106443 0.000357415 0.0076494 7.37382e-06 0.0519747 
0.0167552 0.00275601 0.00203888 0.02897 0.199207 0.00318637 0.0032582 0.006937 0.0130931 0.0254496 0.00130612 3.33856e-06 0.000228273 0.288715 0.0216144 0.0189524 0.0211851 0.0331235 7.09912e-05 0.00321448 0.114105 0.0401116 0.0657897 0.0340165 0.0006275 0.0311013 0.0196908 0.0044921 
