0.0683562 0.00262271 0.000276229 0.0115652 0.000773246 1.4997e-05 0.00239277 0.00516931 1.94833e-08 0.00117746 0.000480652 3.26545e-08 0.000586514 0.0218182 0.730941 0.00256949 0.00629866 0.0375713 1.48231e-05 0.000172791 0.0192942 0.00445449 0.0620363 0.00876907 5.16514e-05 0.00779128 0.00441715 0.000383963 
0.0233803 0.000295777 2.17708e-06 0.0385449 0.0863405 0.0004223 0.00435233 0.0249556 0.000196997 0.00126322 0.00996223 8.84499e-06 0.0193321 0.129941 0.243589 0.0119849 0.0972451 0.12039 6.01338e-05 0.00234363 0.0164207 0.126119 0.0137361 0.00858252 0.000298333 0.0196629 2.896e-05 0.000540856 
0.0286162 0.0145088 0.000665053 0.181046 0.012337 0.000610795 0.0250515 0.0029789 0.00324101 0.0128493 3.36647e-06 0.000117346 0.00418508 0.00736477 0.505825 0.0509002 0.0243602 0.000713441 0.00010593 0.0207052 0.00518451 0.0238652 0.0120115 0.0206137 9.23733e-05 0.0419726 1.20796e-06 7.369e-05 
0.0331219 0.0072937 1.56362e-06 0.0256696 0.0716617 0.0131057 0.00219963 0.00050308 0.00246743 0.00225452 1.85663e-05 3.12467e-09 3.57434e-07 0.000632353 0.350997 0.0116804 0.0181387 0.188918 0.000198963 0.00287977 0.00735706 0.000128267 0.0203397 0.125912 9.09675e-05 0.047852 3.98988e-05 0.0665374 
0.0398567 0.000490672 9.72919e-08 0.0604412 0.152105 4.97665e-06 0.02107 0.00489535 0.0687542 5.9646e-05 0.000186565 0.000230807 0.000559598 0.0704755 0.228267 0.0880025 0.0200513 0.174093 6.41018e-06 0.00131143 0.0276026 0.00425813 0.0166875 0.00733294 0.000888236 0.00788843 0.000195511 0.00428563 
0.183055 0.000531153 5.39132e-06 0.00910625 0.0096885 0.00147604 0.00354584 0.000154707 2.20464e-05 5.44788e-05 0.00108016 3.59784e-05 1.31129e-06 0.00835573 0.246887 0.0213217 0.199596 0.00997912 5.52548e-08 0.146273 0.00125936 1.39484e-05 0.0184435 0.112857 2.68836e-06 0.0260065 0.000232716 1.48426e-05 
0.0759353 0.000128008 6.83757e-05 0.0821887 0.0584379 0.000171909 0.0485021 0.000926391 5.31814e-05 0.0185295 0.0021785 5.38904e-08 8.90902e-05 0.0076092 0.283875 0.0694489 0.0502568 0.0415351 1.89328e-07 0.00829138 0.0440446 0.00531167 0.128429 0.0162258 1.38976e-07 0.0470263 1.29249e-05 0.0107235 
0.0623395 0.00120834 7.97134e-07 0.169613 0.081029 0.00776276 0.0137604 0.0027383 6.60673e-05 1.4464e-07 0.000935455 1.35639e-05 2.64938e-05 0.0727812 0.234174 0.0200219 0.0149922 0.187447 6.63434e-06 0.00180012 0.0492134 0.00458054 0.0558491 5.01784e-07 0.000313748 0.0184755 4.48896e-05 0.000805254 
0.12134 2.84644e-09 0.000141723 0.0357073 0.0112784 9.51805e-10 0.000787865 0.00355529 0.000104387 0.000173246 0.0189703 1.35688e-09 7.23636e-06 0.00884883 0.281088 0.0053334 0.162002 0.107742 1.47803e-05 0.00442841 0.07128 0.000716405 0.0695813 0.00591545 0.000913171 0.0900304 1.14614e-06 3.96266e-05 
0.0347945 0.000983138 0.000603926 0.103078 0.0970154 0.00758683 0.0218689 0.0115324 0.000541766 0.00141119 0.00343126 0.000108343 0.000129489 0.0919727 0.175542 0.00630175 0.0157533 0.00958022 7.1019e-05 0.00826785 0.157191 0.00165615 0.0922336 0.0452203 0.000776571 0.0606763 0.051397 0.000275458 
0.00782864 0.031933 1.246e-05 0.0543892 0.317691 4.52979e-08 0.0356881 0.0371593 4.16239e-05 0.000340056 1.70225e-06 6.4576e-08 0.000382347 0.00288174 0.467639 0.00130636 2.88146e-05 0.0154679 2.07309e-06 0.000435883 0.00678671 2.94362e-05 0.00090771 0.00232809 5.96051e-07 0.0166999 5.99097e-08 1.73858e-05 
0.000388725 2.83103e-07 4.29951e-07 0.000168642 0.0187239 3.65066e-07 0.000868037 0.000472843 3.10515e-07 2.99619e-05 4.18719e-07 5.20432e-07 5.93249e-07 0.000285591 0.661684 0.000268589 0.00155988 0.0291271 0.000185266 0.000665896 0.0792712 1.58355e-07 0.000291597 0.0465431 2.16796e-05 0.159045 0.000188778 0.000207198 
0.045258 8.78414e-05 4.33523e-06 0.1894 0.0871172 0.0120753 0.0312025 7.61701e-05 0.12677 0.00242572 8.8513e-07 1.03864e-07 0.000123897 0.00148559 0.355442 0.012455 0.0353787 0.00106583 2.06698e-09 0.0050929 0.041136 5.38031e-06 0.047706 0.00118259 1.22463e-05 0.00422034 9.72962e-05 0.000177807 
0.0435417 0.000191329 4.26929e-05 0.0848973 0.049777 0.00152327 0.0178117 0.00221032 0.00168901 0.0129413 0.00223983 0.000134063 0.000168953 0.0278484 0.380569 0.0325316 0.018878 0.0580064 5.51825e-05 0.0118188 0.0324476 0.00348292 0.10358 0.0302709 0.000882951 0.0802028 0.000143781 0.00211317 
0.0653421 0.00330163 1.8116e-06 0.0402195 0.0176031 0.00183033 0.00993906 8.41594e-05 6.4929e-05 0.00580422 4.51333e-05 1.33862e-06 0.000226417 0.00518267 0.251488 0.00185467 0.0161349 0.13983 3.72444e-05 0.0138971 0.0120619 0.000658906 0.078498 0.19444 3.25872e-05 0.139893 0.000297407 0.00123038 
0.0117956 0.000478781 1.96019e-12 0.046704 0.0241507 9.19168e-05 0.044793 0.00141825 0.036257 0.00812071 4.77436e-09 6.48032e-05 0.00146411 0.00207948 0.261893 0.0186317 0.0169395 0.238778 2.69513e-08 0.000324359 0.0042184 0.000303486 0.0389812 0.0864043 0.0693094 0.0867981 3.19403e-07 6.03324e-08 
0.123454 0.000383573 2.64942e-05 0.0160475 0.0225969 8.48134e-05 0.00344839 0.0001693 0.000443382 0.0101283 3.57684e-05 1.06714e-10 9.3421e-06 0.0113094 0.243411 0.0197633 0.0372882 0.112048 4.05206e-06 0.00211805 0.0825665 6.44409e-05 0.156624 0.0129615 1.31163e-05 0.144111 0.000821779 6.80282e-05 
0.0386349 0.00203352 0.001103 0.167037 0.214505 0.00502949 0.00338134 0.00430632 0.0345236 0.0193402 0.00016511 1.60995e-06 0.000191013 0.0346657 0.306669 0.00324954 0.0120332 0.030023 7.90925e-06 0.0251606 0.013448 0.0223685 0.0246217 0.00846198 1.64439e-05 0.0270461 7.18015e-06 0.00196891 
0.000634871 0.101489 8.05563e-05 0.0536796 0.000321363 1.8929e-06 0.00396413 1.79272e-05 0.0941454 0.00091629 1.57925e-05 2.4021e-08 0.000102453 0.00713121 0.678368 8.45015e-05 0.000248104 0.0325471 2.95375e-06 2.94754e-06 0.000627634 2.98491e-05 0.000262962 0.0126277 0.0118365 0.00051504 6.12414e-06 0.000339472 
0.0582279 0.000698688 3.84443e-06 0.0382779 0.017506 1.94632e-05 0.00794391 0.000201882 0.00109487 0.0503895 4.89366e-05 8.3288e-11 0.00033411 0.00499707 0.653359 0.00567112 0.00492593 0.104397 2.71875e-06 0.00116445 0.0125905 9.26759e-05 0.0149338 0.00275115 5.47186e-05 0.0202571 1.56505e-05 4.05326e-05 
0.0380124 0.00128588 0.00285928 0.071584 0.0846432 0.00516733 0.0139841 0.00415083 0.00197178 0.021183 0.00112898 0.00301035 0.000310575 0.0279758 0.27652 0.0210304 0.037966 0.0684091 0.000470347 0.00854718 0.0448674 0.012423 0.115004 0.0554021 0.000704268 0.0684939 0.0028969 0.00999785 
0.0049586 0.000286774 1.7763e-05 0.045385 0.0690237 0.00131386 0.00152378 0.0009622 0.000645941 0.00106855 3.33981e-05 1.50852e-07 2.39089e-05 0.0274213 0.604697 0.00245616 0.0130302 0.0219177 6.25624e-06 0.000889425 0.0273077 0.00588166 0.0373573 0.112396 0.00492222 0.0125172 0.000627736 0.00332877 
0.0156666 1.92904e-06 6.00379e-09 0.0776456 0.28764 0.0228558 0.0474888 0.000466564 0.00824271 0.00158312 0.00853426 8.91431e-06 1.07192e-06 0.00525075 0.312061 0.0108075 0.00410437 0.0615061 0.000142723 0.000279989 0.0140268 0.00315728 0.0971417 0.0181884 1.06555e-05 2.50767e-05 0.000121634 0.0030405 
0.0156666 1.92904e-06 6.00379e-09 0.0776456 0.28764 0.0228558 0.0474888 0.000466564 0.00824271 0.00158312 0.00853426 8.91431e-06 1.07192e-06 0.00525075 0.312061 0.0108075 0.00410437 0.0615061 0.000142723 0.000279989 0.0140268 0.00315728 0.0971417 0.0181884 1.06555e-05 2.50767e-05 0.000121634 0.0030405 
0.01257 0.00129197 0.0392009 0.0801181 0.154731 0.0194846 0.0155371 0.000439948 0.000416494 0.00499985 3.00966e-05 1.66073e-08 0.00107444 0.0107749 0.247782 0.0818378 0.0198811 0.00596567 7.34487e-07 0.0103617 0.077539 0.0140715 0.0802215 0.00335048 6.40666e-05 0.118081 0.00017187 1.72984e-06 
0.0162771 0.000779453 5.87213e-07 0.0191548 0.0717473 0.00222857 0.00468193 0.000176048 0.00830477 0.0073711 0.0020189 4.7833e-06 1.48692e-05 0.00893604 0.669621 0.0237894 0.00814939 0.0744305 0.000819707 0.00138812 0.019 0.000795767 0.0377539 0.0145422 1.32659e-05 0.00727853 4.1046e-05 0.000680965 
0.0428797 0.000353541 1.33485e-05 0.28777 0.101475 3.5644e-05 0.00102845 0.00175553 0.00803802 0.00371221 1.02737e-06 7.55652e-09 0.0050835 0.00401194 0.298673 0.00114524 0.0153612 0.143938 6.13056e-09 0.000354823 0.00722781 0.0363518 0.0302448 0.00229835 1.38814e-05 0.00816 7.27379e-05 1.00456e-06 
0.00793834 0.000294857 1.41543e-06 0.173753 0.158266 1.33603e-06 0.0270749 0.0319244 1.50378e-06 0.000117843 0.000260336 2.93404e-08 2.25881e-07 0.0465847 0.388892 0.00316185 0.0310165 0.0154702 2.47279e-10 0.000789405 0.0282722 0.0173403 0.0454504 0.000859202 3.95179e-05 0.0198731 0.00215756 0.000459057 
0.00977082 0.00197875 1.13704e-07 0.0176426 0.0141935 0.00328831 0.0110423 0.000441597 0.000230042 0.000226983 0.000515394 1.20901e-10 1.42538e-05 0.0077362 0.892533 0.00405474 0.00440401 0.0102236 3.11983e-06 0.00170372 0.00265482 0.000567114 0.0112132 0.00173728 4.11888e-06 0.00114563 2.57328e-05 0.00264894 
0.134308 0.00161135 0.0015493 0.103741 0.0925452 9.57209e-05 0.00969896 0.002885 0.00252952 0.0270852 0.00176997 0.000978048 0.000186817 0.0440754 0.174601 0.00827497 0.00826253 0.0805085 3.08041e-05 0.00963313 0.0333424 0.0100762 0.0888181 0.0201051 0.000388652 0.138276 0.0028693 0.00175443 
0.054789 0.00012373 0.000943493 0.0547607 0.039474 0.0108257 0.0311568 0.000925859 0.00147348 0.0072604 0.00872985 0.00119045 5.1287e-05 0.0437645 0.232918 0.0471632 0.16243 0.0191433 6.339e-06 0.00867932 0.0355725 0.0178067 0.0516689 0.14003 5.36552e-05 0.0237723 0.00400586 0.00128045 
0.0380217 0.00718615 3.43488e-05 0.0490085 0.268135 0.0105926 0.00802868 0.00105116 0.00156218 0.0255789 0.000454012 2.93923e-06 3.28213e-05 0.0172319 0.400476 0.0107006 0.00887341 0.0464489 2.41288e-06 0.00321027 0.0283983 0.00124966 0.043053 0.00448078 7.73337e-05 0.0255329 6.67827e-05 0.00050885 
0.168131 0.00253503 0.00124198 0.041782 0.0361722 0.0013828 0.0224675 0.00733266 0.000961464 0.0135939 0.000122026 0.00014383 0.0005326 0.0535261 0.215693 0.03335 0.0191636 0.167839 0.000287799 0.01918 0.022404 0.00536089 0.0350768 0.100093 3.22691e-05 0.0305074 0.000817006 0.000270773 
0.00577142 1.61416e-05 0.000149387 0.0388027 0.0197343 0.00472446 0.0965254 0.00141479 9.9396e-05 0.0344803 2.98751e-05 3.46801e-05 1.57211e-05 0.00579581 0.436049 0.0158654 0.043868 0.0152444 7.14723e-07 0.00481692 0.00124825 0.193105 0.0356777 0.0160494 1.68161e-06 0.0181754 0.0122834 2.03009e-05 
0.00136119 0.00142892 5.28673e-09 0.00349764 0.000215617 0.0265459 0.00108349 2.30264e-07 2.75978e-07 0.000749669 6.42733e-08 1.33872e-07 3.98757e-07 0.00510667 0.914071 0.00270988 0.00287001 0.0020957 4.02114e-10 1.275e-08 0.0031543 0.0303795 0.00418522 0.000523768 8.70715e-07 3.2429e-07 1.8789e-05 2.81313e-10 
0.0978304 7.07018e-05 1.54592e-05 0.0118726 0.0773988 0.000350086 0.0150434 0.000797929 0.000844317 0.000334956 0.000269536 5.03018e-06 7.79883e-05 0.00089395 0.345112 0.1714 0.0322196 0.0336266 0.000152588 0.00580457 0.0107659 0.00121128 0.0948643 0.0458724 0.000146554 0.0528308 7.03206e-05 0.000117643 
0.0170996 0.000152499 3.10132e-06 0.0589041 0.0695975 0.00687783 0.0266704 0.000973625 0.000297993 0.00515612 6.65652e-06 0.000302481 0.000100606 0.00134666 0.367007 0.0228289 0.0391852 0.0678453 1.63704e-06 0.000297397 0.0240033 0.00242289 0.249513 0.0227442 1.28484e-06 0.0157836 1.94584e-05 0.000857211 
0.00289419 7.12378e-05 9.42355e-05 0.0260313 0.0395939 0.000132126 0.00220696 0.000199734 0.010108 0.0641219 4.61404e-05 4.7664e-07 0.000173595 0.00177219 0.665136 0.000912539 0.00944108 0.0368014 0.000131104 0.000165073 0.01494 0.0370176 0.0449033 0.0121487 5.35892e-05 0.0308565 4.71764e-06 4.26826e-05 
0.0014982 0.00106981 9.49496e-08 0.138426 0.0126127 0.000913522 0.00370391 0.00254736 5.03126e-06 0.0258971 2.98622e-05 1.12727e-10 7.44141e-06 0.0128633 0.654899 3.54381e-05 0.000289249 0.105655 1.62063e-08 0.000689757 0.000889837 5.08593e-05 0.000981573 0.00351204 1.36766e-05 0.0318973 9.01184e-06 0.00150307 
0.0528335 0.000357841 0.000377903 0.0422012 0.0503708 0.00982023 0.0115977 8.32894e-05 0.00653571 0.00410626 0.000130951 1.30484e-07 0.00018228 0.0320766 0.477503 0.00328926 0.00412817 0.175825 2.66095e-06 0.000444403 0.00789981 2.45458e-05 0.0613116 0.0176862 2.69966e-05 0.0411642 9.9627e-06 1.02919e-05 
0.00961211 0.000882374 3.58138e-05 0.0643492 0.0800688 0.00165393 0.00379409 0.0106272 0.000458258 0.00780018 0.00244598 3.23145e-06 0.000499921 0.0232872 0.360926 0.00513751 0.00331633 0.223031 0.00011702 0.000584106 0.0108509 0.00667239 0.160813 0.00664847 2.8386e-05 0.0152124 2.5688e-05 0.00111873 
0.0676492 0.00105127 2.48069e-05 0.0445055 0.0673277 0.00379508 0.00642309 0.00563707 0.0163683 0.0115065 0.000451722 7.644e-07 0.0136053 0.0507103 0.195052 0.0489358 0.0393089 0.1469 4.75718e-05 0.013557 0.0345792 0.0373716 0.0986488 0.0184792 0.00493843 0.0710094 0.000334807 0.00178115 
0.0718816 0.000957763 0.000238842 0.0369439 0.0834207 0.0399365 0.00272163 0.0022385 0.000361942 0.0080499 0.000183411 0.000919135 0.000484719 0.0211169 0.215891 0.0322867 0.0221113 0.0799997 3.13218e-05 0.0869351 0.117507 0.0022791 0.077092 0.0362346 0.000348935 0.0542713 0.00487276 0.000683628 
0.0203253 0.000511474 0.000145059 0.0501742 0.0337311 0.0150952 0.0352568 0.000400586 0.00648448 0.0133696 0.000143226 0.000149777 3.30892e-05 0.0092614 0.321056 0.157799 0.0464832 0.090818 3.41151e-05 0.0013201 0.00699046 0.00269105 0.108787 0.0349913 5.16163e-05 0.0421918 6.49927e-05 0.00163978 
0.0456127 0.24441 0.0111572 0.0398249 0.0387136 0.000620922 0.00540005 0.00318806 0.000310949 1.29817e-05 4.13241e-08 0.000152107 6.13448e-06 0.0056944 0.40608 0.00791636 0.0278716 0.0441697 7.33028e-06 0.0232915 0.05861 0.00256007 0.0205997 0.00177908 9.80099e-07 0.0115231 0.00048405 2.41072e-06 
1.10551e-06 7.74726e-07 0.00141719 0.210189 0.142525 0.00602374 0.0127274 0.00324553 0.00028443 0.166353 0.000515641 4.10782e-11 3.95471e-06 2.92383e-06 0.320603 0.00107506 0.000963571 0.0206842 1.04142e-06 0.00162901 0.0155809 0.00193383 0.0470825 0.00620481 7.22412e-08 0.0409511 5.84843e-08 5.32572e-07 
0.094275 0.00238534 0.0141972 0.0961609 0.00461827 0.0021976 0.0120354 0.0052364 0.00166901 0.0955764 0.0201568 0.00227566 0.000251953 0.0423924 0.242127 0.0080889 0.0117178 0.0633813 2.85633e-05 0.0050575 0.0345632 0.0409504 0.0676734 0.0361639 2.32803e-05 0.0964247 9.50149e-06 0.000361796 
0.139282 0.000701664 1.1259e-08 7.08357e-07 0.0103374 0.00302607 0.00255639 5.01775e-07 8.44344e-11 4.85746e-05 3.23804e-07 1.41515e-10 2.68616e-07 0.00211593 0.414922 0.259821 0.0569533 0.0102009 1.1481e-10 0.00540159 0.0564784 4.00136e-07 0.0367012 0.00106725 4.57556e-08 2.53369e-07 2.0712e-06 0.000381718 
0.0273356 5.58863e-05 3.35881e-07 0.168456 0.212094 0.00558634 0.13233 0.000915011 0.000471083 0.00335874 0.00218748 8.11679e-08 0.00444724 0.0199013 0.272583 0.00866569 0.0149238 0.00577827 1.8206e-05 0.00326521 0.0121008 0.0136644 0.0537065 0.000643103 4.44489e-05 0.0373208 4.78584e-08 0.000146542 
0.124681 0.00165072 1.63666e-05 0.0355333 0.00570652 0.0174529 0.00515795 0.00115292 0.000440685 0.0043494 0.000116382 1.26364e-06 1.59694e-05 0.0206394 0.365058 0.0296696 0.0148816 0.113444 9.82769e-06 0.0022947 0.0659803 0.00102489 0.0758889 0.0260052 7.62845e-07 0.0171197 0.0717018 5.8516e-06 
0.0132502 0.0251664 3.35368e-09 0.0114384 0.199909 2.84756e-09 0.0285954 0.000150159 9.1748e-05 9.84811e-06 0.000292416 2.88451e-06 3.49108e-07 0.00253408 0.579863 0.00445126 0.00837488 0.0249928 3.29341e-09 0.00551476 0.0481804 0.000208889 0.00381824 0.00215924 0.000442825 0.0362475 0.00430591 2.30402e-09 
0.0151094 0.000357595 9.88035e-06 0.197485 0.0579172 1.31505e-07 0.00130423 0.000328222 0.0580345 0.0371658 6.43201e-05 2.36551e-10 5.60837e-05 0.0165886 0.526525 6.19985e-05 0.000246478 0.0139849 1.58665e-08 0.0041275 0.0218487 0.00167388 0.0345357 0.000823664 0.000139861 0.00898258 1.95226e-08 0.00262926 
0.0029964 0.000259303 1.38211e-05 0.143156 0.0189619 0.00157955 0.0168752 0.000187514 0.00192548 0.0464606 3.48186e-05 1.35584e-06 0.000243872 0.000917183 0.744656 0.00255241 0.00180462 0.000387389 8.15096e-07 4.09222e-08 0.00294654 0.00382036 0.00381229 0.000102634 4.8657e-06 0.00568582 8.5562e-05 0.000527269 
0.0208704 0.00189627 2.959e-06 0.0948606 0.0981296 0.0234006 0.0329459 0.000564372 0.000227437 0.00333748 8.66571e-05 8.80637e-10 0.00973912 0.00418265 0.30651 0.137646 0.0175917 0.00598132 2.46377e-06 0.00246862 0.121297 0.0182246 0.0675013 0.0161812 1.36721e-05 0.0161258 0.000144613 6.77511e-05 
0.0936398 0.000762548 0.00111178 0.0104419 0.0545276 0.00360541 0.00841431 0.000406021 0.00412245 0.0022917 0.00438684 9.81019e-09 4.05649e-05 0.0314878 0.321997 0.00400578 0.00234368 0.123345 1.11965e-05 0.00172267 0.134116 0.000207924 0.0264265 0.0400918 1.33729e-05 0.130185 2.44046e-06 0.000292359 
0.0437951 0.0114061 1.38719e-05 0.0421459 0.0755724 0.00151605 0.055761 0.000234564 0.000223443 3.73462e-05 0.0410775 5.07696e-08 0.00333471 0.000230301 0.470057 0.0813605 0.0450257 0.00482864 5.6056e-07 0.0157752 0.00973497 0.00277562 0.0312518 0.00310491 1.53661e-05 0.0599649 0.000424798 0.000331248 
0.0511289 0.101805 1.10634e-06 0.068273 0.187376 8.78157e-07 0.0125198 0.000156068 0.00151705 0.0399751 0.000465303 1.00403e-08 1.82585e-05 0.0193182 0.292356 0.0189659 0.04937 0.0245981 0.000214135 0.000658833 0.026054 0.016376 0.0677942 0.00867466 5.151e-05 0.0123084 2.13396e-05 2.0156e-06 
0.0293034 8.79691e-11 1.336e-10 9.62272e-07 6.0436e-08 5.50057e-05 0.00467928 2.83721e-06 9.6487e-11 7.63397e-07 7.41754e-07 1.61715e-10 1.84342e-10 2.81241e-06 0.560934 0.0473902 6.82252e-06 0.0366199 7.88502e-08 0.0182307 4.91297e-07 7.57824e-07 0.0959034 0.0156189 2.5549e-11 0.191245 4.80243e-07 2.65267e-06 
0.105667 0.00109811 0.000183791 0.071317 0.00702768 0.000498243 0.00625854 0.000161546 0.000816247 0.029244 6.1538e-06 4.671e-07 7.38742e-05 0.0170465 0.239907 0.0279317 0.0473787 0.0590458 2.19012e-05 0.0753192 0.0617108 0.0159479 0.0480253 0.118585 0.00213252 0.0636555 0.000905466 3.30879e-05 
0.0424071 0.00485473 0.000799221 0.0738495 0.0102766 0.00104692 0.00320178 0.000161339 0.000139278 0.0040985 0.0252365 0.0282108 5.99859e-05 0.00882725 0.171734 0.120016 0.0778137 0.00675246 0.000132735 0.00966653 0.153015 0.0421917 0.0856606 0.101835 0.00237221 0.0251234 3.8282e-05 0.000478559 
0.00241571 1.56281e-07 3.71546e-07 5.31576e-08 0.00228693 9.8359e-09 1.09872e-10 0.00388782 2.03982e-07 5.81391e-11 1.39608e-05 5.72706e-10 2.16929e-08 4.69126e-05 0.785917 0.000807369 7.14171e-06 0.0300564 9.2898e-06 0.00148259 0.00219012 0.000288974 0.155632 0.00951926 5.12163e-06 0.00535434 7.33778e-05 4.46935e-06 
0.192502 1.98271e-10 3.01117e-10 2.03012e-09 0.00421542 2.55674e-10 6.99255e-11 1.46178e-06 2.17469e-10 3.70012e-11 2.34893e-07 3.64485e-10 4.15482e-10 3.66517e-06 0.518476 0.00446641 5.00567e-07 0.0345404 6.80415e-07 1.30494e-10 0.107392 1.10904e-10 0.138394 2.00201e-06 5.75841e-11 2.13158e-06 2.53644e-06 4.55322e-07 
0.0328425 5.79413e-05 0.000119918 0.0570167 0.0199409 0.00174008 0.0135539 0.000698521 0.00077924 0.0112209 0.00126435 5.96836e-09 0.000104197 0.0152743 0.311569 0.0101594 0.0108027 0.0648739 1.73669e-06 0.0248455 0.00624897 0.00104497 0.10789 0.0871208 4.72116e-06 0.219896 6.07888e-07 0.000929433 
0.0033094 4.71662e-05 0.00341983 0.25228 0.0351201 0.00111307 0.0164734 1.0615e-05 0.000996845 0.00171095 9.98809e-05 2.58345e-07 3.88591e-05 0.00174902 0.44948 0.0152267 0.0028532 0.0114199 0.000395688 0.000995109 0.0032612 0.00175791 0.00903068 0.0138101 1.59023e-05 0.0233629 9.02393e-06 0.152012 
0.0500232 7.20795e-05 0.000174443 0.0612779 0.274457 0.0256423 0.0342053 0.000751952 0.0145231 0.00870313 0.000100238 4.68827e-09 0.000266909 0.00346269 0.305708 0.0639113 0.0255806 0.000618032 5.78043e-07 0.00585669 0.0605344 0.00414497 0.042139 0.00700199 3.8731e-05 0.0107942 8.43139e-06 2.56046e-06 
0.00455834 9.15859e-06 2.13003e-07 0.000224007 0.247633 0.000315728 0.00279932 0.00051517 0.00963933 1.34042e-05 0.00060389 0.000663401 1.61065e-05 0.00157179 0.533885 0.00471081 0.0190031 0.0588655 0.000469499 0.0129412 0.0259598 2.96245e-05 0.0012032 0.0728447 7.92177e-05 0.000570507 0.000229454 0.000645479 
0.0529499 0.000118492 0.000570635 0.103993 0.0185976 3.52856e-05 0.00114633 0.00191972 4.75405e-05 0.013297 0.00241249 7.64926e-08 5.16294e-05 0.00204372 0.438941 0.0120106 0.0618208 0.00489064 1.56238e-05 0.176807 0.0216919 0.00168729 0.00344972 0.0609046 5.24482e-06 0.0201556 0.000285186 0.000151132 
0.00119435 0.000520232 1.04017e-07 9.56876e-06 0.0117762 6.73897e-07 3.69405e-06 0.0286083 9.39887e-10 2.85864e-05 0.0922858 1.57528e-09 1.11536e-06 0.246058 0.453706 3.46225e-06 0.000611546 0.085432 1.59786e-07 5.63988e-10 0.0501605 0.000172818 0.0258397 0.00333233 1.59412e-06 6.32153e-06 0.000240121 6.70471e-06 
0.0802222 1.72119e-07 0.000206602 0.131399 0.0418786 1.72067e-07 0.00594233 0.00018952 1.72103e-07 0.00652908 0.000774321 1.71968e-07 0.00323229 1.72249e-07 0.264074 0.00907784 0.00694166 0.0560564 0.000447451 1.72181e-07 0.0441021 0.000103492 0.215831 0.0145213 0.0016193 0.116368 0.000481749 1.72111e-07 
0.00241571 1.56281e-07 3.71546e-07 5.31576e-08 0.00228693 9.8359e-09 1.09872e-10 0.00388782 2.03982e-07 5.81391e-11 1.39608e-05 5.72706e-10 2.16929e-08 4.69126e-05 0.785917 0.000807369 7.14171e-06 0.0300564 9.2898e-06 0.00148259 0.00219012 0.000288974 0.155632 0.00951926 5.12163e-06 0.00535434 7.33778e-05 4.46935e-06 
0.0419917 0.000379484 0.00260205 0.00973743 0.000569255 0.00342085 0.00318205 0.000298147 0.00044608 0.0008121 0.000491579 2.72316e-08 0.000273026 0.0169704 0.648066 0.00237628 0.00876483 0.130649 0.000105155 0.00169456 0.0074421 0.000204417 0.0208769 0.00965396 8.01472e-05 0.0885824 0.000161489 0.000169117 
0.00969578 0.00529397 0.0208019 0.071097 0.279022 0.0123153 0.0232488 0.0186114 0.00561352 0.00528196 0.00334372 0.0175114 1.73796e-05 0.0103335 0.350947 0.0159844 0.0123889 0.0258192 4.34034e-05 0.00319423 0.033774 0.008744 0.0582915 0.00601767 3.23067e-06 0.000521778 0.000250717 0.00183184 
0.200432 8.15636e-05 1.59506e-08 0.133129 0.0364197 0.00027856 0.0196275 8.95951e-05 2.1826e-07 0.00162262 1.17883e-07 6.46372e-06 0.00113608 0.0122565 0.223619 0.00147551 0.0458759 0.111128 6.60042e-08 0.00778147 0.00892099 0.00372132 0.114106 0.0427634 6.48101e-07 0.0348192 3.71623e-08 0.000709471 
0.00700987 0.0019997 1.90373e-06 0.220532 0.138682 0.0104083 0.0833018 0.00123556 0.00127395 0.0671969 0.000117575 4.74162e-05 0.00289869 0.00127335 0.343554 0.0136199 0.0238778 0.0166987 5.06532e-08 1.1793e-05 0.0054865 0.00257009 0.0369007 0.00224912 2.01015e-05 0.00512276 4.95876e-06 0.0139039 
0.038482 1.24142e-05 0.00159783 0.162999 0.0719808 0.0615752 0.0783673 0.00628167 0.000333715 0.00319119 3.33765e-05 9.00416e-08 0.000631659 0.00327987 0.276767 0.0184458 0.00403729 0.159847 1.69065e-05 0.000213969 0.010747 0.000287259 0.0504426 0.0275215 8.87963e-06 0.0210757 2.2675e-05 0.00179936 
0.0255386 1.89096e-06 2.87183e-06 7.79002e-05 0.000287196 2.43843e-06 6.66898e-07 1.74246e-06 0.000952405 3.5289e-07 2.7968e-06 3.47619e-06 3.96256e-06 0.00481465 0.923231 5.03766e-07 0.0104242 3.34791e-07 2.82021e-06 0.0119767 2.7864e-07 1.05772e-06 0.000842238 0.0182118 5.49194e-07 3.17147e-07 0.00361536 1.97298e-06 
0.0427063 0.000653412 0.00018924 0.275849 0.0155217 8.68942e-05 0.0543618 0.00342638 0.0678365 0.00176093 5.91986e-08 4.3032e-07 0.000652603 0.00578218 0.346913 0.0038925 0.0536037 0.0480862 1.3625e-06 0.000196865 0.00437102 0.0172266 0.0492824 0.00712022 8.73269e-05 0.000110342 4.78464e-08 0.000280926 
0.0258196 0.000242148 2.35906e-05 0.0439617 0.103721 0.00221247 0.00544915 0.000828427 2.51932e-05 0.0332098 0.00411968 5.70073e-08 5.10348e-05 0.0109647 0.358334 0.00348781 0.00862026 0.0300566 0.00035044 0.0281647 0.213083 0.00557305 0.0644686 0.0251117 6.25903e-05 0.0306797 1.56027e-05 0.00136284 
0.0286729 0.000217569 5.3474e-05 0.133256 0.00815446 0.00386852 0.0246441 0.000104305 0.000195799 0.010745 4.41459e-05 2.35412e-05 0.000249332 0.000453691 0.564391 0.0237423 0.0176816 0.0388876 1.19508e-07 0.00239763 0.000458178 0.00425879 0.0115361 0.0506371 7.27376e-07 0.0753129 4.45699e-06 8.26166e-06 
0.00590199 0.000739556 6.28085e-05 0.0571296 0.00134791 3.87093e-06 0.000789029 9.74552e-06 0.0460204 0.00153172 2.18996e-05 7.53656e-12 5.98168e-05 0.00999051 0.85208 0.000148703 0.00041759 0.0174378 4.61424e-09 0.000120595 0.00213233 1.59231e-09 0.000833797 0.0018541 5.59423e-06 0.00131118 7.61225e-06 4.15115e-05 
0.0265963 0.000298642 3.30896e-08 0.141416 0.0475103 0.000194925 0.0307728 0.0013358 8.00238e-05 0.0526589 0.000287692 1.11407e-09 0.00247128 0.0348736 0.343452 0.0109682 0.0113092 0.12382 7.36691e-06 0.00171093 0.0468557 0.00734825 0.0696561 0.00455214 1.75276e-05 0.0331979 4.52095e-05 0.00856283 
1.28804e-06 3.72193e-07 3.82456e-07 0.109934 0.0647083 0.0562183 0.00848164 0.173191 9.20825e-08 0.000959098 1.89757e-07 2.9114e-11 4.61339e-07 0.00950064 0.380453 0.0596307 0.0570046 7.57096e-08 2.362e-11 0.00202181 1.57057e-06 8.85871e-12 0.0245234 2.05861e-06 1.22815e-07 0.0533668 3.64664e-07 1.66911e-07 
0.143229 0.00258128 5.9341e-07 0.113076 0.0540201 0.00517549 0.0107622 0.00182609 0.000233817 1.0767e-07 0.000623973 0.00102446 1.76932e-05 0.0585082 0.215235 0.0431047 0.0167729 0.170337 4.43622e-06 0.00476383 0.0555382 0.00305407 0.0709943 0.00141173 0.000209236 0.0269285 3.00081e-05 0.000536972 
0.0117573 0.000225008 0.000264249 0.19295 0.00421903 5.66279e-05 0.00270101 8.21821e-06 0.00321159 0.147822 7.25562e-07 1.09214e-10 0.000171816 0.0130041 0.556562 0.000791709 0.00117374 0.0511554 1.76777e-08 0.00155623 0.00137364 3.21355e-06 0.00389727 0.00558526 2.6902e-08 0.00143131 3.13745e-05 4.6871e-05 
0.00911397 0.00295376 2.02427e-05 0.10848 0.216528 1.59161e-05 0.00355348 0.000794863 0.00030084 0.013271 2.64988e-05 2.49835e-08 2.07094e-05 0.0144002 0.34592 0.00232259 0.000170746 0.04614 0.00045986 0.000360517 0.0528885 0.00154021 0.0784847 0.0048754 0.000310256 0.0411726 1.63539e-07 0.0558749 
0.00561511 0.00436702 3.52992e-05 0.0180129 0.0843208 0.0137716 0.00187292 0.00080523 0.00033414 0.00520364 1.3586e-05 1.82902e-07 3.19944e-05 0.0133779 0.560484 0.00585998 0.00285934 0.0366644 4.00436e-06 0.000317383 0.0731169 0.0973211 0.00771742 0.0473003 1.01613e-05 0.0204423 7.21164e-06 0.000133434 
0.0102996 0.00275875 0.000262167 0.0722563 0.0597816 0.00376636 0.0206568 0.00727788 0.00909802 0.0202883 0.00582989 5.39705e-05 0.00120456 0.0127801 0.612535 0.00891084 0.0371929 0.026188 1.67315e-06 0.00135275 0.00864236 0.00627458 0.0273794 0.0160884 0.000306633 0.0262344 0.000177403 0.00240143 
0.0243295 0.000616928 2.97037e-07 0.0608539 0.0210692 0.00126292 0.0172555 0.000825804 0.000172149 0.00302934 3.23379e-05 7.09038e-08 0.0001979 0.000562899 0.63506 0.018815 0.00572981 0.00371101 4.52784e-05 9.96187e-06 0.0227936 0.00798675 0.155424 0.00189824 1.25023e-06 0.0176867 4.41412e-07 0.000628897 
0.00408145 0.00014057 9.21364e-08 0.0485308 0.098366 0.000231232 0.0144389 0.00255692 0.00941403 2.00535e-05 7.29485e-05 0.00472912 0.000249048 0.0212825 0.502849 0.00849342 0.0742675 0.123594 1.43011e-05 0.000417334 0.0204039 0.00101727 0.0586918 0.000328207 9.06474e-05 0.00557083 7.53239e-06 0.000140643 
0.0170211 0.00305409 4.00944e-06 0.0250199 0.0188817 0.00035673 0.0102755 0.000451135 0.000155178 0.00234302 3.26595e-05 1.22408e-06 0.000244028 0.00297032 0.830435 0.012258 0.00636753 0.00403208 2.35397e-06 0.00129191 0.0222552 0.000346846 0.0280627 0.000927058 3.5728e-06 0.0128007 0.000391155 1.51743e-05 
0.015767 0.00318701 1.92395e-06 0.180729 0.143045 2.00145e-06 0.0198162 0.00548979 0.00256211 0.0529979 0.000909979 8.20314e-10 0.000249497 0.0299746 0.494598 0.00546865 0.00109542 0.0116678 1.84667e-08 0.000382868 0.0036301 0.00328728 0.0149423 0.0058023 4.48081e-05 0.00332545 4.55446e-08 0.00102268 
0.0173054 2.47159e-05 4.0594e-05 0.0207347 0.0879576 0.000603407 0.000384069 9.54741e-05 0.0865598 0.00401228 0.000109747 3.28054e-06 3.78488e-05 3.76875e-05 0.63152 0.000474398 0.0501589 0.00862138 1.41124e-05 0.0253548 0.00191808 0.00165677 0.00665929 0.00345804 4.0663e-06 0.0516126 0.000619775 2.14798e-05 
0.0140354 0.00695291 0.000300508 0.214778 0.034248 0.00246114 0.0133609 0.00126613 0.00218965 0.0153453 2.23518e-05 0.000563113 0.0028748 0.00503204 0.585318 0.0238295 0.0137041 0.000585408 4.72186e-05 0.00788705 0.00612837 0.014226 0.00785362 0.00798115 4.03529e-05 0.018688 2.23487e-05 0.000259266 
0.019331 0.0013764 0.000604409 0.142938 0.12609 0.00526217 0.0122978 0.0320161 0.0488068 0.000554845 0.00119571 5.31415e-06 0.00155745 0.00777501 0.303965 0.0456829 0.0650035 0.00134462 7.08044e-10 0.00271605 0.027249 0.0150279 0.129942 0.00157695 2.24621e-05 0.00710481 0.000528855 2.4438e-05 
0.0014982 0.00106981 9.49496e-08 0.138426 0.0126127 0.000913522 0.00370391 0.00254736 5.03126e-06 0.0258971 2.98622e-05 1.12727e-10 7.44141e-06 0.0128633 0.654899 3.54381e-05 0.000289249 0.105655 1.62063e-08 0.000689757 0.000889837 5.08593e-05 0.000981573 0.00351204 1.36766e-05 0.0318973 9.01184e-06 0.00150307 
0.00417495 2.22546e-09 1.46866e-06 0.0518545 0.235575 2.86977e-09 0.0137971 0.260463 0.000100077 0.000960065 3.29154e-09 4.09111e-09 4.63634e-06 0.00157309 0.334065 0.000344773 0.0584547 0.000669131 0.000741313 0.0052989 1.00748e-06 0.0300511 3.19977e-05 0.00183576 9.88228e-07 1.74377e-06 3.79548e-09 2.32198e-09 
0.0289607 7.25432e-07 0.0003109 0.178221 0.00637536 0.00029939 0.00243092 0.00138428 0.00175647 0.0995691 0.00615898 1.21817e-10 0.000188883 0.0416858 0.361652 0.00690413 0.0136181 0.0218127 1.14824e-07 0.0270243 0.0136412 0.00172119 0.049216 0.108881 1.28521e-06 0.0279986 1.21178e-05 0.000174816 
0.000126306 0.00141245 0.0524546 0.0115049 0.196362 3.54056e-08 0.00223242 0.00101629 0.0580563 5.12391e-09 4.06091e-08 5.04737e-08 0.00715693 2.23075e-05 0.350338 0.0720814 0.0183002 3.75036e-06 1.12445e-05 0.00243332 0.0435863 0.000159979 0.0350454 0.132013 6.90686e-06 0.0156519 1.81172e-05 6.34583e-06 
0.0242333 0.000184651 1.21871e-06 0.0388995 0.0194338 6.19307e-06 0.0461933 0.011932 6.86646e-05 0.00109897 0.000204488 3.80962e-07 0.000250474 0.00169847 0.333464 0.225264 0.035024 0.0962044 5.14508e-05 2.3933e-05 0.021009 0.0169564 0.11215 0.00212432 1.28343e-06 0.00579097 0.00465154 0.00307951 
0.00136553 0.000808106 2.35984e-10 0.0149779 0.000877629 0.0698228 0.000655851 0.000428174 0.000300678 0.017358 2.29819e-10 1.27798e-07 3.25612e-10 9.53035e-05 0.883058 0.000468386 0.000924366 0.0050711 2.31743e-10 2.25158e-06 4.07042e-05 0.00071948 0.00211615 0.000225924 8.66589e-05 0.000219376 2.65005e-10 0.000377666 
0.00241571 1.56281e-07 3.71546e-07 5.31576e-08 0.00228693 9.8359e-09 1.09872e-10 0.00388782 2.03982e-07 5.81391e-11 1.39608e-05 5.72706e-10 2.16929e-08 4.69126e-05 0.785917 0.000807369 7.14171e-06 0.0300564 9.2898e-06 0.00148259 0.00219012 0.000288974 0.155632 0.00951926 5.12163e-06 0.00535434 7.33778e-05 4.46935e-06 
0.0625734 0.00131524 2.8584e-05 0.0259666 0.119556 0.000608079 0.000782946 0.00134774 0.000347482 0.0120853 6.95316e-05 2.69373e-07 0.00016849 0.00149627 0.443076 0.0180837 0.0125654 0.0441765 0.000384958 0.00551009 0.061781 0.00588455 0.0454618 0.0457879 0.000135523 0.0905429 4.5463e-05 0.000218326 
0.0466596 4.27714e-05 1.77121e-07 0.0153492 0.0335286 0.000158339 0.0120505 1.82701e-05 9.19175e-06 6.53778e-06 5.84241e-06 6.47916e-06 2.44392e-07 0.0276375 0.450353 0.0486823 0.165692 0.0670637 9.85756e-06 0.0178941 0.000170724 0.031033 0.00690817 0.0721156 9.10382e-06 0.00450996 1.98903e-07 8.41173e-05 
0.00708625 0.00767737 3.1151e-05 0.12709 0.0506531 0.0164341 0.0281021 0.0011768 0.0206526 0.0295118 0.00014036 4.17919e-07 0.00057472 0.0130119 0.620552 0.00586418 0.00604383 0.0258174 3.39252e-06 0.000610669 0.0138644 0.00155471 0.00585669 0.00212656 8.76296e-06 0.0146431 0.000390015 0.000521475 
2.94311e-05 4.41614e-09 6.70685e-09 0.0647126 0.339483 3.87296e-05 0.000101393 4.06934e-09 4.60205e-05 2.8104e-05 2.61331e-05 8.11827e-09 9.25415e-09 4.96267e-05 0.399459 1.6825e-05 0.000135925 3.1353e-07 6.58631e-09 2.90654e-09 0.195667 2.4702e-09 5.0522e-05 8.00684e-05 3.20775e-06 3.66635e-05 2.71215e-05 8.75921e-06 
0.0595726 0.00225023 0.00127478 0.0480159 0.0491678 0.00462093 0.0111326 0.00515554 0.00435528 0.0193556 0.00298871 0.000285732 0.0019455 0.0435117 0.245603 0.0282158 0.0328093 0.0556397 0.00158333 0.00491641 0.0687499 0.00885313 0.151641 0.0334186 0.00249881 0.109521 0.000822873 0.00209443 
0.023588 0.0411371 0.000127093 0.0444727 0.0525096 1.09658e-05 0.0434682 0.00390287 0.0273054 0.000660616 0.00440815 2.45287e-07 0.000238404 0.0138561 0.572045 0.00343553 0.011727 0.01787 3.79313e-06 1.9007e-05 0.00442004 0.0957352 0.0107124 0.0139554 0.00334808 0.0102923 1.79074e-05 0.000733197 
0.118145 6.20596e-07 6.18845e-12 0.0152762 0.0225645 0.023635 0.00417132 0.0388362 0.000490042 9.58513e-05 0.000370391 7.49077e-12 1.87939e-08 0.00978596 0.501727 0.00441112 0.0645164 0.120368 6.07722e-12 0.00127046 0.015392 5.083e-08 0.0274265 0.00363553 1.06522e-08 0.0276646 0.000216931 4.03939e-08 
0.0313515 0.00250805 5.5855e-06 0.0544037 0.258473 0.00569975 0.148376 0.00493897 2.35086e-06 0.00448304 5.92098e-06 8.08466e-09 3.61445e-06 8.72788e-05 0.267687 0.0663032 0.00813148 0.102187 9.54325e-07 0.000755435 7.16527e-06 7.77928e-06 0.0428779 0.00165131 2.15752e-06 3.19022e-05 1.75215e-06 1.59014e-05 
0.0484237 0.000219934 3.67277e-05 0.0131036 0.0199776 0.0141436 0.0533549 0.00188529 0.00187006 0.000606361 0.000142287 5.82308e-07 8.43419e-05 0.0201186 0.217565 0.0662732 0.0653694 0.120378 1.71505e-05 0.00207622 0.0708025 0.0397374 0.177801 0.0113823 0.00899497 0.0446652 0.000259164 0.000711248 
0.00745977 3.09782e-05 6.51289e-07 0.0966599 0.00885542 5.22273e-07 0.0164428 5.44095e-06 5.59374e-10 0.0607762 3.63347e-07 9.37527e-10 4.73352e-05 0.00288415 0.601525 0.00329195 0.00516519 0.0115477 1.89668e-07 0.093195 0.00575934 0.000352002 0.00041024 0.0718645 3.07699e-08 0.0137229 1.3327e-07 1.95234e-06 
0.0225536 7.29756e-12 1.10829e-11 0.078541 0.13537 9.41033e-12 0.027082 1.29789e-07 2.89758e-07 0.00208393 1.52197e-07 1.34152e-11 7.80056e-08 0.00318295 0.311865 0.0171228 0.033834 0.108119 3.70154e-08 0.00649128 0.0514765 0.00147008 0.108612 0.0200621 5.88383e-05 0.0720086 6.50258e-05 7.61407e-12 
0.0394676 0.000356137 0.0031768 0.0596039 0.0450215 0.00347345 0.0117484 0.00468925 0.00353241 0.0245567 0.000399631 0.000525454 0.000160242 0.0607069 0.344 0.0165181 0.031548 0.0857242 1.47926e-05 0.00433583 0.036644 0.0059197 0.120133 0.0346994 0.000390218 0.0606429 0.000661445 0.00134923 
0.0170229 0.00017202 1.28042e-07 0.136043 0.0858662 0.000976042 0.00346982 0.00450745 2.59469e-06 0.000321018 5.60604e-05 1.10875e-10 0.00898986 0.128802 0.406398 0.0016092 0.0386612 0.00312552 6.68946e-09 0.000346837 0.0993057 0.00753829 0.0270909 0.0101751 0.000564627 0.0175714 0.00136776 1.678e-05 
0.022125 0.000416377 0.000481116 0.0116583 0.0322197 0.000215513 0.00482319 0.0112574 0.00315314 0.0262064 0.0059559 2.03114e-08 0.00651988 0.00154457 0.351223 0.03004 0.00795555 0.0449842 1.77496e-05 0.00987603 0.00901831 0.00485166 0.250737 0.0391799 0.000247869 0.123751 0.000374132 0.00116691 
0.000897371 0.000107094 0.000978916 0.0761645 0.179314 0.000163803 0.0174553 0.00470387 0.000216644 1.56243e-05 6.79191e-05 3.05507e-06 0.00367316 0.00470636 0.6326 0.00144851 0.000728152 1.83315e-08 0.000122606 0.0105886 0.00249061 0.0481391 0.00116979 0.00122944 1.36562e-05 0.0128148 0.000151236 3.52684e-05 
0.00320627 0.0573285 0.00012185 0.0499121 0.00133845 6.84522e-06 0.0298333 2.9647e-05 0.0492458 0.0107522 1.23759e-05 4.97719e-08 0.000222516 0.0213261 0.54448 0.000841722 0.000653686 0.197753 3.07646e-06 8.14061e-05 0.00287477 0.000342139 0.00311275 0.0131783 0.00646719 0.00661366 1.34377e-05 0.000248541 
0.035634 0.00068391 1.40356e-07 0.136409 0.0468429 0.000149132 0.00313624 0.00202843 0.000171835 0.00179984 0.000157328 1.69893e-07 0.000157398 0.000106653 0.491865 0.046104 0.0013425 0.0756774 8.9233e-05 0.00084669 0.0455991 0.000679495 0.0191605 0.0402371 0.000121276 0.050174 0.000750687 7.59897e-05 
0.0240231 0.0125237 0.00247716 0.0727757 0.0516206 0.00106809 0.0160386 0.00871607 0.0108465 0.015514 0.000356879 1.14644e-05 0.000643417 0.037478 0.223399 0.00517679 0.0103733 0.176868 2.36465e-05 0.00890131 0.0711788 0.00505114 0.0776547 0.0299017 0.00758053 0.123199 8.55243e-05 0.00651269 
0.0128839 2.33867e-07 1.61216e-05 0.195358 0.0779466 1.57156e-07 0.000129728 0.000800751 1.51747e-10 0.0704141 0.00147652 2.54332e-10 0.00135396 0.00603585 0.404833 0.000252091 0.00134354 0.0555492 6.68329e-07 0.00391716 0.0350561 0.000286405 0.0381743 0.0599528 1.34149e-05 0.0338424 6.66723e-08 0.000362709 
0.0364519 0.000433274 2.74762e-08 0.0404875 0.0179835 0.000788632 0.119055 0.000928135 0.000155333 0.00114645 0.000120774 0.00125333 0.00161368 0.103406 0.437444 0.0171577 0.0587068 0.0689956 3.40511e-06 0.00226504 0.00800447 0.0274687 0.00872551 0.0232954 5.3333e-05 0.02207 4.40911e-05 0.00194267 
0.00528231 6.39883e-05 0.000549304 0.00992271 0.0474632 1.3278e-05 0.00184388 0.000570772 0.000675547 0.000316291 0.000258681 5.38873e-07 2.61534e-05 0.131866 0.511748 0.000260151 0.00288867 0.0490355 0.000514438 0.000895169 0.0286028 0.002458 0.0181712 0.148925 1.35062e-05 0.0374251 5.22286e-05 0.000157941 
0.035699 0.000890487 0.00287286 0.204887 0.18179 0.0014946 0.0189983 0.0134173 0.00279281 0.0206423 0.00285802 9.98875e-05 0.000535128 0.00946833 0.219988 0.0225242 0.0111567 0.0365431 1.57374e-05 0.011347 0.0577228 0.00338983 0.0574615 0.037392 0.00324178 0.0402982 0.00135925 0.00111463 
0.0317816 0.000319217 0.000420259 0.108114 0.0423676 0.000396131 0.0691189 0.00134275 1.0099e-05 0.0121531 0.00205654 1.07761e-09 0.000125438 0.0208931 0.268688 0.0256175 0.0241119 0.21747 4.89809e-07 0.00145893 0.010841 0.000891238 0.0585835 0.0444106 0.000480017 0.0551847 0.00265977 0.000503601 
0.00511166 0.0456452 0.000111175 0.221831 0.00402032 9.35384e-05 0.00796155 0.0028559 0.0385391 0.00869134 4.4798e-05 1.00384e-06 0.0127715 0.0232732 0.49146 0.000701484 0.00241526 0.0708249 5.46239e-06 0.000265755 0.0157162 0.00083354 0.00922352 0.0146672 0.0068301 0.0147269 3.27925e-05 0.00134558 
0.062356 0.0144424 0.000248766 0.0536123 0.0577963 0.00236716 0.0318557 0.00234383 0.00250148 0.0277275 0.000178151 9.43523e-08 0.000785747 0.0286643 0.180677 0.0446626 0.0446353 0.0532569 4.4748e-06 0.00813483 0.0531602 0.00590998 0.139367 0.035434 0.000621473 0.146761 0.00242058 7.50647e-05 
0.026193 0.00107702 8.42414e-06 0.110058 0.221752 0.00524452 0.0252493 0.0338202 0.000697476 0.0262997 7.52923e-05 0.00140048 2.31523e-05 0.013035 0.325522 0.025846 0.0139922 0.010872 4.35597e-06 0.0396382 0.0283301 0.0104394 0.0500259 0.012383 7.25721e-06 0.0176904 1.09344e-06 0.000314129 
0.0751183 1.04835e-06 3.06789e-05 0.0712708 0.0160067 2.41932e-06 0.00843646 0.000885398 0.00445848 2.86351e-05 2.42894e-06 0.00835408 3.56882e-05 0.0641735 0.182946 0.0902478 0.0722787 0.0798119 1.98968e-06 0.00403181 0.0238837 0.101906 0.0209359 0.0922831 4.16836e-06 0.0828522 5.83816e-06 6.19314e-06 
0.0170229 0.00017202 1.28042e-07 0.136043 0.0858662 0.000976042 0.00346982 0.00450745 2.59469e-06 0.000321018 5.60604e-05 1.10875e-10 0.00898986 0.128802 0.406398 0.0016092 0.0386612 0.00312552 6.68946e-09 0.000346837 0.0993057 0.00753829 0.0270909 0.0101751 0.000564627 0.0175714 0.00136776 1.678e-05 
0.00796464 0.0204476 5.82824e-09 0.0641576 0.263976 0.0156341 0.0157506 0.000708102 0.000599149 0.00100484 5.29982e-05 4.1209e-07 2.47544e-05 0.00985432 0.456943 0.0367103 0.01593 0.00983706 3.88571e-05 0.00333217 0.00948288 0.00505991 0.0498217 0.00273902 8.06425e-06 0.00943841 1.93179e-08 0.000484235 
0.0191149 2.44564e-05 1.26157e-05 0.00805285 0.185864 5.97455e-06 0.0408123 0.00403478 0.000143707 8.39648e-05 0.000550195 4.68523e-06 0.00021708 0.00204575 0.613754 0.00201821 0.00727368 0.00563244 2.30734e-06 0.00191274 0.00888568 0.0309745 0.0095597 0.0280353 7.69042e-09 0.0309574 2.62891e-05 1.99307e-07 
