0.0300168 0.00268116 0.000424664 0.0305279 0.0729242 0.00734634 0.00381586 0.000723932 0.00451923 0.013829 0.000178273 0.0022847 5.97569e-05 0.00336327 0.037909 0.325108 0.08246 0.0311045 4.3982e-06 0.000842413 0.0950756 0.00257318 0.227898 0.00713993 8.37217e-06 0.0170765 0.000100584 4.30821e-06 
0.0642303 4.01633e-05 1.00987e-06 0.0201277 0.00117068 0.000503078 0.00739716 6.77541e-05 6.55209e-08 0.0221614 2.18233e-05 2.47406e-06 7.73072e-06 0.00101534 0.0191101 0.295112 0.0476399 0.141809 1.519e-06 0.000208083 0.0333196 0.000121699 0.255364 0.0194315 1.01602e-07 0.0708912 3.97164e-07 0.000244706 
0.0687995 0.00466696 1.00436e-07 0.147825 0.00967123 0.00553116 0.0723722 0.00132648 7.21997e-07 0.0442928 0.000162948 2.57885e-08 7.94826e-06 0.0132348 0.110175 0.24412 0.093528 0.041451 6.50138e-08 0.00391107 0.0156721 0.00458394 0.0401628 0.0451183 2.04277e-07 0.0294424 0.00363995 0.000303806 
0.126522 0.00140303 0.000361118 0.0337255 0.0278627 0.0051656 0.016319 0.00517433 0.00416457 0.00984992 0.000974878 0.000423107 0.000352881 0.0492637 0.0764852 0.194559 0.0457686 0.087091 3.26462e-05 0.0106786 0.0173406 0.0061699 0.117469 0.0687508 0.00108006 0.0918604 0.000799058 0.000352714 
0.013085 0.106927 1.60605e-07 0.00748955 0.160776 0.000646657 0.0826784 0.000131147 0.0996417 8.67156e-07 0.00020486 1.94404e-07 3.78853e-06 0.022772 0.0451858 0.23805 0.0487149 0.000303017 2.09289e-06 0.00014908 0.00382017 0.00988113 0.00444305 0.143907 0.00019105 0.00839354 2.59275e-06 0.00259967 
0.00980742 0.0064494 1.02865e-09 0.0480047 0.0630108 2.14183e-05 0.0871513 3.89686e-05 0.00827959 0.00445584 5.84655e-07 1.44848e-06 3.94789e-05 0.00825693 0.00990928 0.683595 0.0160715 0.00152451 1.6306e-07 0.00626928 0.0222866 0.00203781 0.00350606 0.00953629 6.09261e-06 0.00973949 1.04501e-07 7.04717e-08 
0.198482 5.41216e-07 5.05521e-08 0.00913265 0.000550459 2.40927e-06 0.0346477 3.07234e-07 0.000186204 0.000705769 1.57364e-07 6.02858e-09 0.000517502 0.00176714 0.00308481 0.418572 0.0499636 0.172425 4.55855e-07 0.000733562 0.00905275 0.000128 0.0643605 0.0311939 8.96156e-06 0.00441446 6.55158e-05 3.60736e-06 
0.0288344 0.00445842 0.00147717 0.00325656 0.0452204 0.000394914 0.00173846 0.000118274 0.00468109 6.02668e-06 0.00111651 6.37284e-09 2.88306e-06 0.00734868 0.00190004 0.676563 0.0912661 0.0167075 4.95802e-06 0.000595928 0.0828107 0.00113426 0.0150528 0.00505302 8.94864e-06 0.00986653 1.31529e-05 0.00036898 
0.0237812 0.000176451 3.96386e-09 0.00463496 0.0140952 0.00204726 0.0186908 0.0110828 0.000317178 4.87079e-10 0.00569891 4.79803e-09 0.00654637 0.0413042 0.00932275 0.68203 0.0207418 0.00930972 3.89262e-09 0.00184947 0.000931629 0.0779844 0.0112564 0.0286275 0.000544987 0.0289299 4.45133e-09 9.60413e-05 
0.0198884 0.000440508 5.16019e-05 0.0713289 0.0954309 0.000425264 0.00949889 0.000796576 0.00649829 0.022357 3.77146e-05 3.05605e-06 0.000307606 0.00602608 0.0360248 0.162074 0.15071 0.00925256 9.34588e-07 0.0882476 0.0307401 0.0274955 0.152035 0.00173704 2.4726e-05 0.1085 2.61695e-05 4.10776e-05 
0.00449563 0.000798945 3.33166e-07 0.0300849 0.151789 0.00918015 0.0097996 0.0050588 0.00723087 0.000525363 0.00023053 4.03279e-07 5.77818e-06 0.0287657 0.0219879 0.568537 0.0263039 0.0122392 3.27178e-07 0.000400873 0.0216655 5.29864e-05 0.074134 0.0033956 3.78826e-05 0.0231356 3.74138e-07 0.000142575 
0.0204746 0.00422435 3.08246e-06 0.00210159 0.0768301 5.72165e-10 0.0210038 0.00131477 1.59683e-06 8.41785e-07 0.00219165 8.1567e-10 5.85918e-07 0.149905 0.0033949 0.298143 0.25086 0.00275312 8.38811e-06 0.000137288 0.085537 0.000760124 0.0712585 0.00215409 0.000122828 1.50578e-05 0.00672482 7.91644e-05 
0.00149215 4.61434e-06 6.46115e-06 0.115565 0.00443459 3.8264e-05 0.00456021 0.00589562 0.0791111 0.00123033 8.80744e-07 2.93427e-05 0.000243438 0.000405038 0.0056241 0.725822 0.00376655 2.91802e-05 8.88117e-07 0.000118746 0.000772827 4.50282e-05 0.0313427 0.00845431 1.72948e-07 0.0109098 1.01559e-06 9.53576e-05 
0.0298774 0.000313888 1.06237e-07 0.00253494 0.0896988 0.000983514 0.00161269 2.43674e-07 6.7247e-05 0.00232986 7.03213e-05 1.39743e-10 1.22668e-07 0.000477848 0.0237921 0.373999 0.0280027 0.0182275 0.00019438 0.00144966 0.212115 0.0354031 0.158976 0.0113925 1.88764e-05 0.0084535 9.00748e-06 4.15043e-08 
0.00121924 0.000188386 1.86255e-06 0.0271726 0.0335788 1.88078e-05 0.00196813 7.05276e-05 0.00206309 0.00261309 3.97583e-05 7.03364e-09 2.69561e-05 0.00422492 0.00247811 0.823498 0.00937375 0.000179056 8.06023e-06 0.00337992 0.0463552 0.0101547 0.00413014 0.0118045 0.0150306 2.82268e-05 0.000380032 1.32687e-05 
0.0112191 0.000633982 8.3441e-05 0.0159819 0.000226334 0.000122257 0.0279362 0.00176655 0.00149943 0.00473631 0.000352236 6.52473e-08 0.000102433 0.00349664 0.0124601 0.648522 0.0931105 0.021759 5.29348e-08 0.00641864 0.012635 4.1053e-05 0.112375 0.0144711 6.48729e-06 0.00887631 0.0007804 0.000387265 
0.0114239 0.000340742 3.66723e-06 0.00429704 0.000225323 0.000337726 0.0782754 1.48965e-05 7.80629e-05 1.27139e-06 4.91797e-05 4.08217e-05 5.06006e-06 3.96617e-05 0.00464703 0.844225 0.00625701 0.000249942 4.2228e-06 4.6294e-05 0.0150757 0.0266691 0.00403192 0.00241025 7.01303e-07 0.00118095 4.11822e-06 6.5128e-05 
0.15162 8.13503e-07 1.23548e-06 0.00172566 0.0194332 0.000475317 0.00352894 7.49618e-07 6.68307e-05 8.12378e-05 9.40277e-05 1.49548e-06 1.70472e-06 4.45287e-05 0.00325757 0.72617 0.0422329 0.000596097 7.37104e-05 0.00275922 3.62205e-05 2.87328e-05 0.00477645 0.0352399 0.00674322 0.00100778 1.38741e-06 8.48786e-07 
0.195902 2.22491e-05 3.52526e-06 0.00130056 0.00374722 0.000162561 0.00719481 5.92195e-06 1.2427e-05 3.4559e-05 1.4533e-06 2.80031e-06 5.57022e-06 0.0157799 0.0417538 0.245723 0.0569509 0.117813 6.97815e-07 0.0031148 0.0125152 0.0236741 0.0774334 0.0223415 1.90319e-07 0.161876 0.0125827 4.41182e-05 
0.0380944 0.000363451 8.55301e-05 0.0596241 0.032265 0.000590169 0.0231104 0.000199615 0.00198203 0.0327569 0.000646138 0.00105262 0.00889076 0.0523569 0.0711551 0.248353 0.0337457 0.123529 7.39776e-05 0.00444294 0.053902 0.00554541 0.0726186 0.0529299 3.46819e-05 0.0815021 0.000100573 4.93372e-05 
0.135523 0.002608 0.000407488 0.047612 0.00620174 0.00123343 0.0189569 0.000840712 0.00155302 0.0215569 0.00267386 0.000921729 7.79495e-05 0.015394 0.0272896 0.269236 0.026784 0.0392905 9.57733e-06 0.00421783 0.0157821 0.00181165 0.217206 0.0154584 0.000629578 0.124976 7.61166e-05 0.0016722 
0.0812238 0.00146408 0.000181085 0.0276819 0.0353533 0.00140473 0.00654694 0.000525265 0.00147273 0.011817 9.28396e-05 4.89642e-09 0.000136275 0.0143788 0.0280491 0.617295 0.0153708 0.01214 1.7986e-05 0.00735416 0.0571888 0.00438277 0.0417443 0.00216437 0.017834 0.013073 0.00106477 4.16956e-05 
0.0569483 0.000341926 1.51441e-05 0.00152993 0.00131651 0.0001255 0.00818987 1.83805e-05 5.64925e-06 1.98846e-06 9.77899e-05 2.24462e-08 2.55868e-08 0.000560277 0.0246846 0.50237 0.0337878 0.0108935 6.39361e-07 0.0116824 0.0897968 0.0017189 0.0567873 0.0143359 2.36442e-06 0.184789 2.08242e-08 1.27398e-08 
0.0388901 0.00373756 0.00063974 0.0253802 0.0668347 0.00241183 0.0154005 0.00790508 0.013668 0.00622602 0.00635446 0.000359139 0.000822444 0.0348259 0.0423798 0.239718 0.0639139 0.0177279 1.01696e-05 0.00353385 0.186173 0.0332374 0.134526 0.0173188 0.00124865 0.0344853 0.00192123 0.000349729 
0.00671525 0.12012 1.70018e-06 0.0118102 0.0535643 0.000179881 0.00894245 0.00390807 0.0195955 0.00160805 0.00240925 0.000138384 3.4442e-05 0.017035 0.0121872 0.526332 0.0742327 0.0150366 2.22761e-05 0.00656618 0.0527692 0.0309627 0.0288179 0.00142399 0.000861969 0.0046891 3.57249e-05 8.32995e-07 
0.0111723 0.000222654 8.46086e-07 0.0152259 0.0290866 0.0195419 0.0240778 0.00383875 0.000562867 0.000123619 1.28208e-05 3.92863e-07 0.000119011 0.000587604 0.100815 0.514119 0.0795298 0.00682326 5.65247e-07 0.000546303 0.0757019 0.000544401 0.112893 0.00423892 9.64802e-08 0.000178655 3.07022e-05 4.44258e-06 
0.101155 0.000422322 7.23403e-05 0.0719594 0.00149495 3.19017e-05 0.0749453 0.000531604 0.000108519 0.00811507 2.48331e-05 0.00198557 0.0052331 0.00474218 0.00438494 0.371478 0.096337 0.0370343 3.24977e-07 0.00375477 0.0132934 0.00802442 0.0282441 0.0332271 1.81628e-10 0.133363 5.90668e-06 3.05828e-05 
0.0594479 0.0329777 0.000105092 0.0446227 0.0376142 0.00348798 0.0142048 0.0141726 0.00304056 0.0109598 0.0027699 0.000357317 0.00200765 0.0922548 0.0285124 0.142242 0.101428 0.0457055 2.47998e-05 0.00456685 0.141586 0.0101062 0.112913 0.0200214 0.0075286 0.0623992 0.000468429 0.00447468 
0.00657378 1.09249e-06 0.00185748 0.0614276 0.120853 0.000931481 0.000957576 5.15547e-05 8.91449e-06 0.00203331 1.85596e-05 1.57137e-08 0.000247347 0.124347 4.90254e-06 0.464626 0.0350063 7.20235e-06 1.27484e-08 0.00136012 0.0268889 0.00768753 0.00641744 0.0192711 0.0892285 0.0301009 8.97576e-05 2.24732e-06 
0.0270427 0.000515099 0.000189976 0.0534941 0.0330337 0.0129147 0.0132759 0.000331685 0.011901 0.0217371 0.00728174 0.000393162 0.000154308 0.00476741 0.0251567 0.392038 0.0174205 0.0389208 6.49922e-06 0.000900498 0.0545299 0.0131349 0.200035 0.0181937 3.21639e-05 0.0504168 7.48756e-05 0.0021078 
0.0868923 0.000390328 0.000432316 0.0153197 0.0311605 0.000304946 0.0105893 0.00301431 0.00188924 0.0026448 4.50602e-05 0.00932722 0.000107827 0.109471 0.0550165 0.201975 0.0222868 0.0438593 5.85965e-05 0.0109739 0.0992844 0.00335618 0.200209 0.0170394 4.81234e-05 0.0739262 0.00028447 9.27526e-05 
0.146643 0.000209458 0.00147386 0.0387662 0.0130844 0.000748352 0.0164129 0.00250452 0.000367804 0.0205294 0.000327543 1.65387e-06 0.000508049 0.0309012 0.0586423 0.22668 0.0482383 0.099057 0.000316356 0.00205315 0.031716 0.00553827 0.168841 0.0188501 0.000328551 0.0596465 0.000553986 0.00706079 
0.160438 0.000397294 0.000572691 0.0389894 0.00585616 0.00683269 0.0253718 0.00137858 0.00150415 0.0171175 4.02908e-05 0.00011592 0.045217 0.00926912 0.0477976 0.17166 0.106698 0.0170349 9.73308e-05 0.0115432 0.0833218 0.00230013 0.103707 0.116941 0.000918059 0.024828 1.32231e-05 3.99962e-05 
0.123763 0.0109669 2.23613e-08 0.0473571 0.0413746 0.000660953 0.0307817 0.00153831 0.0036914 0.0158434 3.81805e-06 4.41075e-09 0.000411987 0.000379726 0.0279069 0.431381 0.095434 0.00298371 1.80197e-07 0.0130659 0.0467892 0.00220269 0.0122493 0.0336184 5.90811e-05 0.0201984 4.49344e-08 0.0373379 
0.180632 0.0138582 0.000122621 0.0316105 0.0337963 0.00581701 0.0164669 0.00325505 0.00392049 0.0227166 0.000526328 5.28363e-08 0.000177198 0.119522 0.0351105 0.227394 0.0257307 0.0534893 4.71647e-05 0.00758601 0.0468904 0.00601881 0.0905522 0.020857 0.00516284 0.0469443 0.000833276 0.000962117 
0.163988 0.00030849 0.000448364 0.0191874 0.173343 0.000665268 0.0654567 6.93662e-05 0.0722993 0.00785937 2.17474e-06 1.11611e-07 1.01714e-05 0.00244159 0.0262928 0.211378 0.0494207 0.00177623 1.23354e-05 0.109172 0.0236568 0.00264104 0.0200955 0.0350449 2.23345e-05 0.0142329 1.56533e-05 0.000159489 
0.010854 0.000446287 3.35855e-05 0.0467948 0.0443092 0.00383527 0.0242017 0.000100325 0.00249569 0.000219158 2.75587e-05 6.86364e-05 0.000600172 0.00232471 0.196403 0.35359 0.168092 0.0178116 2.51312e-05 0.00231153 0.0328042 0.000448194 0.0546174 0.00848927 2.36626e-06 0.028906 2.02697e-08 0.000189058 
0.0122464 0.00026236 0.000516387 0.032324 0.135251 0.0005907 0.0179883 0.000576429 0.00640284 0.0216281 0.000176787 4.14925e-08 0.0121509 0.0409992 0.0274859 0.33024 0.0113167 0.0276526 0.000219216 0.000894694 0.0538484 0.00115107 0.129392 0.0418973 6.49253e-05 0.090481 1.17842e-05 0.0042306 
0.0526065 7.93181e-05 7.73213e-05 0.00305278 0.00129858 0.0114004 0.000791893 5.75721e-05 2.87821e-07 6.53047e-05 8.99924e-07 1.27282e-08 4.15331e-06 0.106913 0.0108083 0.455044 0.0722452 0.0863391 3.11884e-06 0.000585805 0.00121315 0.00487819 0.0147371 0.0246874 6.3094e-05 0.0180047 9.09502e-06 0.135034 
3.17358e-10 1.14115e-05 2.23478e-09 2.17255e-05 0.00252424 1.89752e-09 5.18963e-10 0.000364977 1.66496e-05 8.09079e-07 2.1764e-09 1.99668e-06 3.08356e-09 4.13391e-10 0.0251031 0.771466 0.00021851 0.127951 2.19461e-09 0.0194278 0.000632149 6.07546e-07 0.00700085 0.0377273 4.27368e-10 0.00753148 2.50961e-09 1.53532e-09 
0.0618691 0.0155856 0.000294651 0.0165221 0.0178824 0.000775348 0.0171087 0.000328617 0.0113449 0.0136254 0.000212833 2.18609e-06 0.000118301 0.00862347 0.0166 0.466893 0.0461009 0.00892448 3.86668e-06 0.00942522 0.116986 0.040483 0.0426703 0.0294195 5.3532e-05 0.0380274 0.0195125 0.00060678 
0.0455972 0.000477315 0.00032305 0.00474153 0.0464934 0.000177085 0.00247324 9.12336e-05 0.00909275 0.000208696 0.00060555 4.09853e-08 0.000139536 0.0157484 0.00416592 0.609675 0.0457586 0.0035844 6.66242e-07 0.0053241 0.117455 0.00755766 0.00638216 0.0507647 1.02259e-05 0.0230182 0.000133685 3.88753e-07 
0.0226194 0.00277295 9.12214e-06 0.0481191 3.49278e-07 0.000797322 0.0703781 0.000741453 2.81215e-07 1.13884e-06 4.73891e-06 6.55389e-10 1.90474e-05 0.0338296 0.0727636 0.325469 0.0641354 0.0455516 5.31713e-10 9.03112e-05 0.00134481 6.44666e-07 0.0192437 0.0832175 1.55021e-07 0.20752 0.00124188 0.000129104 
0.0510986 0.000569558 3.95434e-07 0.049473 0.0293022 0.00103976 0.0155268 0.00110721 0.0045848 0.00174448 0.000130615 3.66079e-06 6.34632e-05 0.00844536 0.0235683 0.295767 0.0260773 0.0196718 2.40355e-06 0.00380451 0.179419 0.00272702 0.265021 0.0106015 8.80286e-07 0.00870157 6.12668e-08 0.00154742 
0.00141899 0.000308022 3.31748e-08 2.21449e-09 3.847e-09 0.000112702 6.08683e-05 2.01286e-08 0.000158154 4.07652e-09 3.23081e-08 3.61807e-05 4.57747e-08 0.0937842 0.000234844 0.902134 0.000148159 0.000255642 3.25785e-08 0.000336435 0.000221457 9.78714e-06 0.000274612 0.000194271 6.34418e-09 0.00031141 3.72545e-08 2.27914e-08 
0.0129392 0.00025429 0.00151606 0.0374214 0.00825484 0.00538504 0.0603458 0.000726738 0.000872827 0.00787845 7.05153e-05 0.000295961 0.000447795 0.0744136 0.0107395 0.293578 0.110167 0.0321897 1.98656e-06 0.000551634 0.211708 0.00770505 0.0781259 0.00441426 4.9523e-05 0.0395341 0.000193742 0.000218364 
0.0211008 5.05554e-05 7.7557e-05 0.000641697 0.0312659 1.64389e-05 0.00082953 7.05418e-05 0.00207659 2.02627e-07 1.6059e-06 1.996e-06 9.95606e-06 0.000245689 0.000185774 0.727148 0.00378705 0.011959 1.61934e-06 0.0276381 4.25867e-06 4.86744e-06 0.000665443 0.160818 1.92237e-06 0.0113938 1.85177e-06 1.13287e-06 
0.000791751 0.00327343 3.96113e-06 0.00355698 0.0356139 3.80952e-06 0.0180919 0.000154779 0.00182208 4.74844e-06 0.00259128 4.79473e-06 1.27162e-05 0.000105257 1.43959e-05 0.90784 0.000113814 0.0174843 1.21727e-05 2.0618e-05 3.8433e-07 0.0020353 3.04163e-07 0.00640386 7.57507e-07 3.27025e-05 7.39877e-06 2.72134e-06 
0.0510986 0.000569558 3.95434e-07 0.049473 0.0293022 0.00103976 0.0155268 0.00110721 0.0045848 0.00174448 0.000130615 3.66079e-06 6.34632e-05 0.00844536 0.0235683 0.295767 0.0260773 0.0196718 2.40355e-06 0.00380451 0.179419 0.00272702 0.265021 0.0106015 8.80286e-07 0.00870157 6.12668e-08 0.00154742 
0.0483849 0.00363404 3.7905e-06 0.0398701 0.0247579 0.000425975 0.00980901 0.000514021 0.00170047 0.0300549 0.000164276 6.55201e-06 8.9915e-05 0.00344042 0.0202516 0.355254 0.0361564 0.0241809 2.72137e-06 0.00503437 0.126279 0.0109247 0.17161 0.00744255 0.0015597 0.0773603 0.000829058 0.000258884 
0.0154504 0.000635414 0.00596675 0.176443 0.0738407 0.00539245 0.069346 0.00627129 0.00423856 0.0521236 0.0205558 1.96562e-08 0.0765586 0.0199999 0.0385517 0.250364 0.028286 0.0137345 6.01659e-06 0.00243098 0.020776 0.00535218 0.0270166 0.0142431 0.000140417 0.0666402 0.000359926 0.00527612 
3.50504e-06 0.028371 3.50024e-06 0.0375119 0.0644988 0.011207 0.16682 3.50245e-06 0.0161118 3.50514e-06 3.50039e-06 3.49907e-06 3.49812e-06 3.50479e-06 3.50501e-06 0.332964 0.0273403 0.124788 3.50035e-06 3.5034e-06 3.50529e-06 3.50378e-06 3.50539e-06 0.13985 0.00841496 0.0420661 3.49956e-06 3.50199e-06 
0.0534805 6.5243e-05 6.56955e-05 0.0824194 0.0300814 1.49101e-05 0.0121075 0.000234579 0.00226438 0.00123812 0.000305638 1.92944e-08 3.39644e-05 0.000725493 0.19808 0.203104 0.0168078 0.0281925 9.07768e-08 0.0486689 0.0446726 0.00327415 0.195988 0.0273454 3.86447e-06 0.0503845 9.83961e-07 0.000440071 
0.0147303 3.6257e-05 1.68064e-05 0.00485685 0.027328 0.00773701 0.00637135 0.00554784 0.000902158 0.00231024 3.34006e-05 9.8145e-09 1.65152e-05 0.00711597 0.0182508 0.339268 0.0664148 0.0177126 1.50167e-07 0.00169056 0.205198 0.0191288 0.069367 0.171481 2.92865e-07 0.00872938 0.00537696 0.000378596 
0.0247763 6.23071e-07 9.46266e-07 0.0728498 0.260805 9.99271e-06 0.000957121 0.000185826 0.00749216 2.94675e-06 0.00021804 0.0266214 0.000113492 1.12418e-05 0.0861734 0.293526 0.0452595 2.75065e-05 0.000127046 4.89632e-06 0.0196664 0.0117577 0.125174 1.53071e-07 1.80959e-07 0.0233153 0.000900343 2.2598e-05 
0.0374321 0.00069837 3.50362e-05 0.0286874 0.0110181 0.000520616 0.0180792 0.000731601 0.0538391 0.0196443 0.000161393 4.80624e-06 0.00125193 0.033774 0.00869884 0.586117 0.0204698 0.0479189 7.44062e-06 0.000824704 0.0223339 0.0014614 0.0660614 0.0043364 0.00047001 0.0340554 0.000246883 0.00111979 
0.13316 0.00282874 6.08821e-09 0.0391241 0.079885 5.16941e-09 0.0157087 4.73753e-05 0.00196369 4.77876e-06 6.29644e-06 7.36944e-09 3.12405e-06 0.0176694 0.00995261 0.430359 0.204182 0.000762777 1.50113e-05 0.0014972 0.00533332 3.17844e-05 0.00156733 0.0538118 1.61678e-05 5.57542e-06 6.08471e-07 0.00206424 
0.0464797 0.00037855 5.23161e-06 0.0046603 0.00348426 0.0111223 0.00576642 6.28368e-07 0.000195873 0.000576667 9.867e-06 7.31127e-10 5.19782e-07 0.00730627 0.00419736 0.766728 0.0509699 0.00146737 1.4872e-06 0.00969567 0.0122586 0.00808792 0.0243867 0.0066197 9.37897e-05 0.0354825 2.05131e-06 2.18419e-05 
0.0941763 6.13651e-05 0.000155768 0.0479404 0.00800589 0.00506509 0.0146505 5.0953e-05 5.69047e-05 0.0100721 0.0120742 4.41754e-11 4.45565e-05 0.056949 0.0301116 0.234623 0.0222134 0.0296154 0.0672266 0.0115681 0.0591873 0.00438446 0.0692167 0.0159671 0.000224725 0.205922 0.000256098 0.000180536 
0.081357 1.67267e-06 2.33657e-05 0.00155038 0.00279545 0.00286118 0.00788076 0.000155329 1.58582e-05 5.64641e-05 4.9171e-05 3.0749e-06 3.50512e-06 0.00104121 0.0565034 0.779723 0.0449449 3.90095e-05 0.000220445 0.00326973 0.00025105 0.00654085 0.00262843 0.00120774 4.85795e-07 8.33284e-06 0.00686605 1.74521e-06 
0.159391 0.000253457 2.16618e-07 0.0767157 0.0665845 0.00049346 0.0241424 6.15394e-05 0.000226886 0.0117933 3.52355e-05 1.57267e-07 0.00362676 0.000859655 0.213354 0.253091 0.044333 0.0118876 3.89311e-09 0.01187 0.0138271 0.00191813 0.0784778 0.00569105 5.36445e-06 0.0212074 0.00011555 3.82707e-05 
0.0373875 0.000583167 8.89359e-07 0.0369958 0.256367 0.00631031 0.154701 0.00289021 0.0125277 0.0180877 0.00231069 3.72335e-07 2.4758e-06 0.000552529 0.0107799 0.271624 0.113518 0.0109459 2.13442e-05 0.00186817 0.0271721 0.000350373 0.0144126 0.0170717 2.9493e-05 0.00346038 8.94705e-06 1.99559e-05 
0.0816602 7.90788e-05 3.70685e-07 0.000368831 2.66429e-08 6.16129e-05 0.00116649 1.96221e-06 7.1191e-07 1.84501e-05 0.00168252 1.6696e-07 1.34762e-06 0.0233327 0.00737178 0.38172 0.0348726 0.199042 3.06984e-08 0.00160937 0.00168738 0.0155713 0.0191235 0.0973678 7.4377e-06 0.13325 1.6304e-06 5.98964e-07 
0.0734995 0.000442106 7.66266e-11 0.0790363 0.0187746 0.000242463 0.0892483 6.92917e-05 0.00185375 0.0704606 1.15184e-06 1.66291e-06 0.000162127 0.0050644 0.0608484 0.176768 0.0197532 0.0991957 0.000238894 0.0121993 0.0139731 0.00719594 0.151621 0.0404483 0.030228 0.0485749 1.13283e-05 8.76086e-05 
0.0165568 1.11823e-06 7.59476e-10 0.0392437 0.0619215 0.00857413 0.0497603 0.00171729 0.0603062 8.64063e-08 7.39634e-10 1.88028e-06 1.21255e-06 0.0147311 0.107923 0.259344 0.0552784 0.0546572 7.45825e-10 0.00262373 0.144217 2.32711e-05 0.00635929 6.83656e-06 1.45238e-10 3.26474e-05 0.116719 5.77777e-07 
0.00297578 0.000175125 3.06957e-06 0.00194011 0.0221515 8.42735e-05 0.0214387 0.000618472 0.00558359 3.73846e-06 0.000133962 1.28254e-07 1.1567e-08 2.33647e-05 0.00652643 0.811463 0.0276798 0.000384247 2.21993e-07 0.000306661 0.0955597 0.00078288 0.00206374 8.62617e-05 1.16889e-06 2.05147e-11 1.40347e-05 1.27622e-10 
0.021525 3.51222e-05 3.8488e-09 0.0137168 0.00099158 0.000385684 0.00200817 4.42284e-05 6.70093e-09 0.000268244 7.21458e-06 7.59713e-09 1.29838e-05 0.00548984 0.00769833 0.38856 0.0401028 0.0130382 1.90459e-05 0.000317649 0.266246 0.000734367 0.189314 0.00891996 0.00790266 0.032628 3.46684e-05 2.80593e-12 
0.0391069 0.00063695 7.19575e-07 0.0242377 0.0363 0.000412897 0.00498926 6.82831e-05 0.0105308 0.0538064 0.000168398 9.3678e-09 0.000425066 0.010328 0.0200785 0.598328 0.0240465 0.00348809 1.37563e-06 0.0279853 0.0251646 0.00321807 0.0542948 0.00673623 1.62206e-06 0.0555355 0.000108635 1.90816e-06 
0.00167831 0.00714002 0.000290409 0.0023834 0.000469734 0.000124963 0.00139173 0.00148444 0.000846172 3.46533e-05 2.77665e-05 1.84617e-10 2.10448e-10 0.000669532 0.00098997 0.630519 0.0116122 0.00747165 5.66616e-08 0.00074192 0.00791729 4.48698e-07 0.250431 0.0253455 7.20625e-09 0.0484297 2.19262e-08 1.04783e-10 
0.11556 0.00417425 4.4642e-06 0.0448197 0.0335255 0.000415273 0.0109382 0.00146459 0.0616927 0.0119292 1.80043e-05 1.41387e-07 0.000514066 0.0112758 0.0682831 0.252473 0.0375704 0.0329689 4.82596e-07 0.00654389 0.0105351 0.0100289 0.0844479 0.0291617 6.16037e-06 0.170716 0.000734727 0.00019795 
0.0342131 0.00152191 9.15536e-07 0.0231276 0.010866 0.000212813 0.00221151 0.000873402 9.10095e-05 0.000767221 0.000102306 1.10821e-06 0.000333772 0.0216595 0.0110507 0.609776 0.00080064 0.000450591 4.08251e-05 0.00267218 0.114365 0.00376087 0.160427 0.000240052 0.000134899 1.04141e-05 0.000193595 9.47412e-05 
0.00770962 6.13342e-05 3.46487e-09 0.00436172 0.00544694 0.0131591 0.00298304 0.00733237 0.000285765 0.000120251 0.000537803 4.19403e-09 2.803e-06 0.000425325 0.00965134 0.692432 0.0433116 0.0388598 7.03929e-06 0.00142765 0.0183456 0.00853022 0.0943635 0.0258197 1.49367e-05 0.0247493 6.09668e-05 4.91254e-08 
0.172127 0.00174429 3.05817e-05 0.00971262 0.00174992 0.00351363 0.0028455 0.00015645 9.44168e-06 0.001156 0.000165742 1.62764e-09 5.84588e-05 0.0186469 0.010347 0.296589 0.0334381 0.0051296 1.94176e-07 0.0272838 0.222824 0.00176101 0.035027 0.00788241 0.0109546 0.0118012 0.125044 1.77993e-06 
0.00161528 0.000197956 0.000198811 0.0827597 0.0475376 0.00159908 0.00301845 0.000956649 0.0103529 0.000364597 1.00852e-05 6.90946e-09 3.47967e-05 0.00271801 0.00846177 0.697868 0.0156477 0.00270912 5.60561e-09 0.00155545 0.0278653 0.00143124 0.00615611 0.000852263 1.16878e-05 0.0860185 5.7352e-05 1.64116e-06 
0.00969497 0.0047641 3.10715e-06 0.0251815 0.0182344 0.000800052 0.125711 0.0024913 0.00601304 0.00685449 1.49969e-05 6.96557e-10 6.25503e-05 0.00555419 0.0138299 0.380541 0.0911392 0.0375956 5.65332e-07 0.000299195 0.00474676 0.0298248 0.0883533 0.0193663 4.37181e-06 0.128291 0.000623248 4.44985e-06 
0.0105828 1.77972e-05 5.40249e-07 0.00543218 0.0947871 0.0168823 0.0255101 0.00493141 5.74692e-05 0.000554056 0.000152276 0.000123173 2.30424e-06 0.0284403 0.0139881 0.263402 0.0949033 0.0953618 7.59042e-07 0.000177541 0.0719296 0.0604222 0.177361 0.0172475 8.67771e-06 0.0159607 0.00168409 7.89296e-05 
0.0829144 0.000198333 0.000569229 0.0404409 0.0236699 0.00489745 0.0242113 0.000665581 0.00453811 0.00552105 5.29548e-05 4.70189e-05 6.15705e-05 0.0309153 0.0747003 0.448082 0.0411621 0.097177 5.44822e-07 0.00498894 0.0374234 0.00432934 0.015199 0.0152833 4.87482e-05 0.0428466 2.84508e-05 2.75007e-05 
0.0177495 0.00942834 6.384e-06 0.00916204 0.00135398 0.000486348 0.0455557 0.00377074 0.000260095 0.000232172 0.000378688 1.07135e-07 0.000197312 0.00316525 0.00174468 0.741472 0.0686649 0.0114807 3.10822e-07 0.0142655 0.0242772 0.000870209 0.00345749 0.0289898 2.34937e-07 0.0127212 0.000264438 4.47934e-05 
0.0400613 0.00171113 0.00118158 0.032223 0.049879 0.00652945 0.0174684 0.00304142 0.00191432 0.0129748 0.00108116 0.00199974 5.38709e-05 0.0482945 0.0368202 0.178729 0.070749 0.021592 5.73897e-05 0.0764939 0.0984208 0.140986 0.106809 0.0259103 0.00609798 0.0165505 0.00120082 0.00116901 
0.029692 0.000265901 2.77348e-05 0.0145292 0.0343845 6.77255e-05 0.00638539 0.00109843 0.00286404 0.00294843 2.32984e-05 0.00899404 9.15823e-05 0.010706 0.0612607 0.384392 0.0467725 0.0340063 7.95799e-05 0.0027864 0.0906224 0.0012051 0.187245 0.00729919 2.26817e-05 0.0721798 2.98398e-05 2.01466e-05 
0.0142792 0.00789422 0.0125415 0.127493 0.169897 0.00596371 0.0532013 0.00246255 0.0917759 0.00950163 0.000384814 2.1987e-08 0.00133636 0.00350474 0.0610252 0.185988 0.0701606 0.0206088 4.64309e-05 0.00212849 0.0188139 0.0346975 0.0483475 0.0290562 0.0003481 0.016384 7.18627e-07 0.0121588 
0.0118885 0.000349486 0.000199167 0.0258667 0.0277075 0.000169721 0.0153399 3.77818e-05 0.00352279 0.00228758 0.00013504 1.25786e-07 8.85607e-05 0.0339587 0.0037996 0.649934 0.0425604 0.0299901 0.038001 0.00101447 0.0193386 0.00615032 0.024794 0.00496544 0.000198331 0.0504695 0.0071806 5.1769e-05 
0.0187513 2.01149e-06 1.81113e-05 0.00152275 0.0109854 9.17402e-05 0.040391 6.14395e-06 3.55243e-06 0.000156182 6.58422e-05 1.04224e-08 1.27512e-06 0.0313843 0.0060372 0.406216 0.069725 0.0778185 1.35148e-07 0.00184615 0.0144056 0.0109688 0.110817 0.163939 3.9617e-06 0.0323809 0.00163814 0.000823581 
0.00744913 0.000166974 4.12667e-07 0.00278505 0.0121566 0.000107772 0.0804581 0.0292085 0.00117134 3.14203e-07 1.48263e-05 1.21796e-05 5.69399e-07 1.24054e-05 0.0488347 0.775669 0.00940571 0.000102798 6.01805e-07 0.000569248 0.00978069 0.0172309 0.00258964 0.00154033 7.89163e-08 0.000711817 4.63415e-07 2.00845e-05 
0.0273859 0.00163402 0.00124579 0.0266797 0.0252936 0.0156326 0.00697584 0.0208035 0.00366749 0.00964952 0.000874472 0.0030121 0.000305331 0.0100183 0.0176436 0.50585 0.0360338 0.0273381 7.6868e-05 0.00606743 0.050829 0.00991108 0.105128 0.0350116 0.000858991 0.0514136 0.000534161 0.000125378 
0.0409031 0.00197863 6.42412e-06 0.0617547 0.121481 0.00614369 0.0240092 0.00341664 0.0084343 0.00778969 0.00449278 0.024181 0.000482766 0.0737091 0.0877941 0.171567 0.0448754 0.0277444 1.90472e-05 0.00374339 0.119379 0.0759576 0.0549076 0.00980715 9.43181e-05 0.0250421 0.000154406 0.000131587 
0.313181 1.01937e-06 5.63342e-08 0.00267309 2.29836e-06 4.03895e-08 0.0027268 3.34306e-06 5.04233e-06 0.00099684 1.47175e-05 2.8208e-10 9.99976e-08 0.00351022 0.00393092 0.488624 0.00886741 0.0198993 9.41096e-09 4.99875e-05 0.0139365 0.000419966 0.135382 0.00164275 2.0598e-08 0.00413245 1.86367e-08 1.38644e-07 
0.0286136 0.00171684 0.00275785 0.0673014 0.0120999 0.0121217 0.0199088 0.0199023 0.000684667 0.00831531 0.000223729 5.31203e-06 0.000416161 0.0091983 0.0125682 0.271826 0.018969 0.0236631 2.15518e-06 0.00350112 0.141927 0.0782421 0.0838722 0.00530786 0.000959552 0.174271 0.00159178 3.30915e-05 
0.0686121 0.000109594 9.95111e-08 0.00511873 0.0343729 0.0199759 0.00793955 0.000235604 0.0174009 0.012272 0.000270951 0.000974201 1.75725e-06 0.00733722 0.136978 0.273046 0.00821463 0.0376873 0.000140193 0.00257883 0.188989 0.00130401 0.141563 0.0190706 0.000191033 0.0155719 3.74676e-05 6.4796e-06 
0.039435 0.00191007 0.000275925 0.0179502 0.118618 0.0163572 0.00204956 0.00848023 0.00205876 0.0136145 0.000551474 0.000253503 0.00985172 0.149654 0.0239599 0.181456 0.0823226 0.0578331 2.44436e-05 0.00593323 0.175831 0.0036685 0.0633917 0.0134937 0.000154822 0.00970012 3.51467e-05 0.00113581 
0.0642799 0.00397267 0.00130775 0.0194684 0.0477245 0.00366473 0.0402317 0.00128362 0.00848805 0.0019287 0.00118315 3.62253e-05 0.000143005 0.0168372 0.0331799 0.423507 0.0256767 0.0661941 0.00239732 0.002955 0.0838426 0.000976837 0.0814671 0.0375137 2.19498e-05 0.0314719 6.41806e-05 0.000182152 
0.0115784 0.00891583 0.000442826 0.016057 0.0755201 0.00074996 0.0745942 5.86959e-05 0.0322018 0.000145958 5.08324e-05 3.1947e-07 0.000475419 0.0369958 0.021018 0.520745 0.0441132 0.0234636 2.14722e-06 0.000172167 0.0185372 0.00881335 0.0750191 0.00238874 5.06049e-05 0.0273979 0.00039106 0.000100873 
0.00524404 3.16394e-06 2.33112e-08 0.0949526 0.120624 7.55577e-05 0.0910615 4.33241e-06 0.00236082 0.000763688 0.00293761 2.82169e-08 0.000516803 0.0438771 0.0037106 0.281349 0.00678956 0.0376871 7.50349e-06 5.52818e-06 0.13476 0.00408905 0.133522 0.00203654 2.02476e-06 0.0336142 1.51058e-07 5.36395e-06 
0.00112336 1.9272e-05 1.65175e-06 0.021141 0.0130333 1.62548e-05 0.0393509 0.000411071 0.0031068 0.000227196 0.000159026 6.77219e-09 2.05261e-05 0.00061204 0.00129671 0.815331 0.0521046 0.0115783 5.49424e-09 0.000178825 0.0136155 0.0157204 0.0018851 0.000518638 1.64015e-07 0.000766147 0.00776967 1.23126e-05 
0.195996 0.000183047 8.69108e-06 0.0398042 0.0106239 6.49898e-06 0.0119513 3.3254e-05 0.0354429 0.0210575 0.000142385 6.36407e-09 4.74697e-06 0.0115186 0.0138786 0.30844 0.103467 0.109876 1.20973e-06 0.0026452 0.00485015 0.00114945 0.07325 0.00414143 2.47506e-06 0.0498426 2.06305e-05 0.00166227 
0.00209149 0.000123492 5.28305e-06 0.000826951 0.0101751 2.15512e-06 0.00183941 8.8126e-07 0.0155218 8.95341e-08 1.50685e-05 1.07544e-08 6.64835e-09 0.000388172 0.00199193 0.808536 0.0573955 0.0267313 1.27183e-08 1.28516e-06 0.040083 1.52549e-05 2.70815e-06 0.0342521 1.0253e-08 5.18251e-07 2.97662e-07 3.31024e-09 
0.04384 0.000365164 7.11698e-05 0.0842783 0.0173055 0.00388421 0.00584259 4.28234e-06 0.00130028 0.00754625 8.13762e-06 3.37309e-07 0.000105294 0.00365267 0.00282602 0.624326 0.0530522 0.000729463 6.75023e-06 0.00616753 0.117869 0.0085186 0.00815794 0.00823516 4.00744e-06 0.00189062 1.26941e-05 1.78326e-07 
0.0454352 9.51187e-05 2.16573e-06 0.00450886 0.0317334 2.71606e-05 0.000821655 3.42593e-05 0.00150669 0.0008295 0.000346174 5.49615e-05 5.88668e-05 0.00252868 0.0160459 0.558802 0.0132743 0.0131806 3.28254e-05 0.00227464 0.101101 0.00307876 0.108054 0.0318417 0.0491546 0.0151725 2.87711e-06 1.64404e-06 
0.060149 0.000700663 6.87449e-06 0.000576754 0.000567182 0.000479231 0.000197869 2.83935e-05 3.33788e-07 0.000554453 2.29433e-06 4.5407e-09 5.24608e-06 0.00209738 0.00599126 0.433127 0.184431 0.00171959 3.07673e-08 0.010253 0.212553 0.00289415 0.0687403 0.011601 0.000745524 0.00254707 3.13245e-05 4.78588e-08 
0.000209139 0.0153666 6.31042e-07 0.00163621 0.160647 3.93175e-05 0.000973674 7.60928e-07 0.0336171 3.89583e-06 0.000312542 3.25922e-07 4.08774e-06 0.00638893 0.00877033 0.581867 0.0942762 0.00637372 3.28432e-06 0.000670803 0.0452936 0.00189853 0.021239 0.00342017 1.22209e-06 0.0168386 0.000145301 2.0974e-06 
0.0040302 0.00298102 3.55526e-07 0.00935906 0.00576405 0.00664018 0.000367798 8.49027e-05 0.00396425 1.88942e-05 3.7508e-05 2.64243e-05 4.90556e-07 0.00298264 0.00442874 0.598306 0.0562192 0.00909002 3.49136e-07 0.00921394 0.0173934 0.0151707 0.102743 0.071499 6.7989e-08 0.0186997 0.060171 0.000807004 
1.12576e-06 0.0028132 1.12421e-06 0.0126111 0.104025 1.12449e-06 1.1256e-06 1.12493e-06 0.00326281 0.00168981 1.12426e-06 0.000787812 1.12353e-06 1.12568e-06 0.052461 0.67812 0.0231896 0.0373777 1.12425e-06 0.0136165 0.056856 0.000788873 1.12587e-06 0.0123841 1.12567e-06 1.12581e-06 1.124e-06 1.12478e-06 
0.0667977 6.11197e-07 3.33892e-07 5.43476e-12 0.0127163 3.38052e-06 4.42435e-07 1.29925e-06 1.14666e-06 0.143517 1.85546e-06 9.85505e-11 1.12339e-10 1.4434e-05 1.33443e-06 0.690456 5.2545e-05 1.2206e-06 7.99535e-11 1.33584e-05 3.8428e-05 6.87685e-05 0.0802769 1.79603e-05 0.00019403 5.07461e-06 4.24239e-06 0.00581554 
0.0550644 0.000818848 2.16922e-05 0.0299675 0.0349143 1.54717e-05 0.00682284 0.00111048 0.00457533 0.00305971 5.668e-05 5.11021e-07 0.000662187 0.019315 0.02515 0.23176 0.0902069 0.0402947 3.32716e-06 0.0084294 0.0375022 0.00115891 0.129588 0.0514607 1.01317e-05 0.228015 1.70773e-07 1.60413e-05 
0.0193623 6.20211e-05 2.29614e-08 0.000237881 0.0137809 4.09419e-05 0.00318271 0.000148054 0.0022961 0.00169728 1.14493e-05 5.16823e-12 3.35853e-10 0.000188044 0.0071215 0.662068 0.0762963 0.0120089 3.7616e-09 0.0011723 0.0763701 0.00358026 0.10886 0.00372593 1.8253e-08 0.00778263 6.62804e-06 1.22508e-08 
0.0524895 1.18539e-05 0.000250532 5.1485e-05 0.0118833 0.000170872 0.00582793 3.36958e-07 0.00460175 3.08492e-05 0.00182031 6.14013e-10 2.18898e-05 0.00386422 0.0195322 0.394716 0.174112 0.158989 1.53603e-06 0.0423591 0.00305887 0.00459554 0.0555996 0.0373295 0.000790994 0.0278593 1.67873e-05 1.38237e-05 
0.146033 4.42361e-05 2.61109e-07 0.0115426 0.000124 0.000416508 0.00726203 8.235e-05 0.000103702 4.73798e-08 0.000338208 1.013e-11 2.57256e-08 0.0345584 0.0263418 0.276341 0.0311298 0.244374 1.12778e-08 0.0107509 0.0111936 0.000126096 0.0947646 0.0349895 5.32423e-06 0.0694575 2.10295e-05 1.81323e-08 
0.15266 0.00184686 0.000407961 0.0178854 0.0183854 0.00116231 0.014304 0.00654167 0.00133309 0.00697134 0.000106059 0.000608309 0.000900114 0.0686459 0.0343788 0.158414 0.0778455 0.0803618 2.29723e-06 0.0933881 0.0579144 0.0346503 0.0560304 0.0696933 0.000368376 0.0434644 8.82205e-05 0.0016423 
0.0197854 0.00184468 0.000169514 0.0261854 0.0314339 0.000779429 0.0245611 0.002059 0.00750393 0.00102399 0.000303525 3.05956e-07 0.000440078 0.0599599 0.0215058 0.364285 0.024029 0.0137919 9.21952e-06 0.00235715 0.193861 0.00388691 0.116136 0.00935104 0.00010453 0.0740715 0.000154084 0.000406863 
0.0204746 0.00422435 3.08246e-06 0.00210159 0.0768301 5.72165e-10 0.0210038 0.00131477 1.59683e-06 8.41785e-07 0.00219165 8.1567e-10 5.85918e-07 0.149905 0.0033949 0.298143 0.25086 0.00275312 8.38811e-06 0.000137288 0.085537 0.000760124 0.0712585 0.00215409 0.000122828 1.50578e-05 0.00672482 7.91644e-05 
0.0141637 0.000278868 0.000128849 0.00541256 0.042594 0.000856474 0.00935153 0.000114042 0.0010497 1.09418e-05 3.85167e-05 1.02107e-07 8.76428e-06 0.00154801 0.0197464 0.49615 0.0945323 0.00134832 1.40773e-07 0.000559375 0.253856 0.0222103 0.0129733 0.0108338 0.0120393 0.000173144 1.15347e-05 1.02883e-05 
0.0107885 0.00193753 0.0270536 0.0486579 0.0297159 0.00207877 0.0058583 2.63193e-05 0.00208843 0.0783709 5.3629e-06 2.1307e-09 0.000884106 0.00513733 0.0136691 0.39931 0.0148115 0.0323011 5.84178e-05 0.00168331 0.084511 0.0195759 0.0881121 0.00629314 3.79251e-05 0.122366 0.000200214 0.00446698 
0.105826 0.000100157 0.00123606 0.0166663 0.0503742 0.00221943 0.031849 0.00247881 0.000454976 0.00808283 0.000164032 1.22208e-05 0.000359676 0.0119721 0.0153578 0.358041 0.0299116 0.0235308 3.72595e-05 0.00596119 0.218442 0.0231818 0.060968 0.0179809 0.00298555 0.0111632 0.000373509 0.000268644 
0.0505094 0.000459752 1.97681e-05 0.021173 0.0322896 0.0208915 0.0102681 0.000437878 0.023209 0.0302299 0.000155535 5.01399e-09 5.62685e-05 0.0248853 0.0397515 0.272865 0.0119106 0.0192318 2.75087e-06 0.0597554 0.201095 0.000709539 0.047108 0.120019 0.000117831 0.0128485 1.74253e-07 9.89377e-08 
0.0240996 0.000841972 0.00130187 0.0275283 0.0329499 0.00402889 0.00355325 0.0031667 0.00172378 0.00330409 6.99607e-05 0.00571752 0.000219765 0.023619 0.0322193 0.424446 0.0367625 0.00168838 3.16622e-05 0.00379825 0.269116 0.0204136 0.068711 0.00219098 3.87119e-05 0.00594413 0.000139533 0.00237542 
0.0475179 0.00355402 9.7631e-07 0.0194347 0.0243436 0.000190145 0.0231359 0.000791331 0.000588458 9.95478e-05 0.000103764 3.38916e-06 0.00123154 0.0294349 0.0188465 0.464259 0.0315864 0.0657125 2.2752e-05 0.00160518 0.00586714 0.00215588 0.0247073 0.0498097 0.018072 0.166853 7.02867e-05 2.51609e-06 
0.186252 0.00133639 4.14243e-05 0.0205662 0.0197253 0.0091316 0.00500267 0.000254039 0.0029246 0.0116931 4.7053e-05 2.15333e-08 0.000265772 0.00813977 0.0287062 0.441797 0.026671 0.0592922 1.59163e-06 0.0024432 0.0298353 0.00072906 0.130756 0.00558207 9.63509e-07 0.00879385 9.0117e-06 2.71146e-06 
0.0176309 0.00681935 0.000231756 0.0428342 0.0408014 0.00184494 0.0158755 0.00111778 0.0268576 0.0358116 0.000121964 1.42371e-08 0.000794857 0.0119444 0.00775839 0.520373 0.0239935 0.0669419 3.92701e-06 0.00325994 0.0420141 0.00272423 0.0558827 0.00996337 2.2237e-05 0.0615984 0.00263978 0.00013866 
0.00919644 0.00155479 0.000409587 0.109211 0.00434691 0.00928074 0.026334 0.000885982 6.45795e-08 0.000221121 0.000349342 7.91598e-09 0.0108409 0.164749 0.0365665 0.333444 0.0383926 0.0160555 1.27463e-08 1.19394e-07 0.0145676 0.00019871 0.13034 0.064759 2.07462e-06 0.0282929 4.62949e-07 4.73079e-07 
0.0396031 0.00388244 0.000749865 0.0577039 0.0584946 0.00460421 0.0294618 0.00304138 0.00869644 0.0160999 0.0017139 0.000265466 0.00054479 0.0208071 0.0589459 0.314256 0.0494301 0.0542317 0.000156486 0.00852928 0.0530685 0.00881668 0.0974177 0.0400031 0.00368153 0.0643904 0.000801526 0.000602245 
0.0228736 3.672e-05 1.33648e-06 0.0109745 0.0340695 0.000668234 0.00212086 0.00023613 0.000789329 0.00201022 0.00035792 8.94488e-11 0.00012528 0.00402402 0.00949218 0.588476 0.00446915 0.0152374 6.1148e-05 0.000549602 0.148526 0.00057321 0.0907897 0.00137287 8.01361e-07 0.0590097 3.1023e-07 0.00315513 
0.073797 8.51903e-06 0.000290768 0.00243145 0.0013904 0.0188479 0.000331717 0.000464459 8.95524e-07 0.00500623 0.00110887 0.0207184 0.000110195 0.00312339 0.0546768 0.608408 0.03329 0.0054145 4.43935e-06 0.0200111 0.0249793 0.00301853 0.0300736 0.0913988 1.9624e-06 0.000974408 0.000100449 1.80906e-05 
0.0755744 0.00213477 0.0303331 0.0636427 0.0265398 0.00244756 0.018069 0.000276097 0.00214552 3.76607e-05 0.000389998 2.16684e-06 3.80188e-05 0.0165393 0.0103528 0.338269 0.0447491 0.0088961 4.74939e-08 0.00053537 0.00601471 0.00213586 0.0111312 0.22339 1.31663e-05 0.116308 2.19273e-05 1.23977e-05 
0.0528919 0.000112642 1.50058e-05 0.178916 0.0134042 8.92387e-08 0.00731297 2.62346e-05 7.59039e-08 0.0202643 1.02354e-07 1.27217e-07 0.000829892 0.00117223 0.000177157 0.384174 0.0450381 0.0452412 5.77573e-05 4.55468e-08 0.000211925 0.00013594 0.241917 0.00450318 5.56917e-06 0.00200061 0.000718746 0.000873698 
0.00128396 0.000108158 2.7213e-07 0.0100206 0.0017375 1.41924e-05 0.195715 1.59607e-05 0.00144008 0.0206551 6.49318e-06 3.29398e-07 7.02035e-05 0.00188405 0.00145962 0.606923 0.10378 0.00605948 2.67239e-07 0.00287054 0.0180421 0.00602564 0.015357 0.00549848 6.01243e-06 0.000726461 0.000298164 1.3266e-06 
0.193201 1.04964e-05 1.13168e-06 0.0203414 7.59314e-05 3.52624e-09 0.010696 0.000182825 3.44499e-05 0.000958388 1.70114e-05 3.30011e-10 0.000684383 0.0246517 0.0240204 0.368811 0.0267615 0.121191 4.64541e-08 0.000250218 0.0170293 0.000343268 0.126556 0.0408868 2.4201e-05 0.0232691 2.86428e-06 4.06935e-07 
0.0196161 0.000520038 0.000288396 0.00533387 0.00333575 0.00474029 0.00365712 0.00102315 0.0103569 0.000740606 0.000107164 4.693e-05 1.9654e-05 0.0117207 0.0343382 0.667619 0.0275881 0.0433355 2.95523e-07 0.0866857 0.00584949 0.00084724 0.0433624 0.00813218 5.14219e-06 0.0186806 0.00202047 2.94506e-05 
0.014042 7.50614e-05 8.9541e-06 0.00212975 0.036482 3.95835e-07 1.58139e-05 2.82857e-07 0.00385801 1.33365e-05 6.45331e-06 5.64296e-07 6.4325e-07 8.62359e-08 1.4174e-05 0.909884 0.00880183 0.0018089 0.000137398 1.76196e-05 3.94293e-05 0.00999718 0.00499836 0.00177159 3.75796e-06 0.00585974 2.96046e-05 2.98968e-06 
0.0066337 0.00175903 1.54775e-06 0.00547673 0.0307317 0.000687575 0.0173193 9.39318e-05 0.0418572 0.000304123 0.000576726 3.64936e-07 5.21071e-06 0.00178312 0.00055793 0.770437 0.0687703 0.00399712 2.39182e-06 0.000147997 0.034022 0.00787493 0.00457436 0.00206807 1.07733e-05 0.000235494 9.00938e-06 6.23088e-05 
0.00526934 0.00435078 7.84178e-07 0.0236422 0.0117928 0.000828385 0.00738274 0.000118136 0.0889172 0.000361008 4.14072e-06 1.50874e-07 1.76134e-05 0.00831173 0.00392448 0.771936 0.00950464 0.000148514 0.000544329 0.00112221 0.0582945 6.57392e-05 0.00156667 0.00180976 4.42683e-05 2.74363e-05 7.8627e-06 6.32282e-06 
0.0082015 1.49548e-08 8.99683e-08 0.0139312 0.0108049 0.017838 0.0137969 0.000363353 0.00247485 2.79085e-09 1.48493e-06 0.000313931 0.000282629 0.000556637 0.00671402 0.481208 0.266605 0.00241293 1.06382e-06 0.00487736 0.00104559 0.007088 0.0730573 0.00742286 3.83745e-07 0.000795886 0.0802053 1.56034e-08 
