0.0966569 0.00127895 0.00169509 0.0294122 0.0147368 2.60945e-05 0.0598385 0.00219911 0.00078826 0.000179726 1.62868e-05 0.0364003 0.000159145 0.00287261 0.00470782 0.126366 0.315303 0.00376854 1.79898e-06 0.017314 0.00313764 0.00118708 0.0577302 0.18248 9.50548e-06 0.041693 4.0439e-05 3.516e-07 
0.086756 2.72512e-05 0.000165075 0.0596621 0.00701961 4.63598e-05 0.00117778 0.000611675 3.66044e-05 0.00062119 5.72464e-05 1.6421e-07 0.00247944 0.0514549 0.0182105 0.00973247 0.326468 0.0336473 6.1099e-06 0.0201809 0.16199 0.0293222 0.0538327 0.0566006 3.55812e-05 0.0797279 0.000114192 1.66465e-05 
0.0373676 0.0218729 2.59388e-06 0.0471563 0.0380278 3.75264e-05 0.0104302 0.00186723 0.00240906 0.00590847 9.91789e-05 0.000116093 0.00098204 0.10777 0.0399721 0.061723 0.220669 0.196161 1.71863e-07 0.00807754 0.0237956 0.0351234 0.074398 0.0495094 6.55286e-05 0.0160257 0.00033354 9.93739e-05 
0.0670279 0.000133473 8.52957e-05 0.0301832 0.00557226 0.00344841 0.00742738 0.000623686 0.000125132 0.0132534 0.000276159 0.00546851 0.000213699 0.0220958 0.0260848 0.0271247 0.654199 0.0378916 4.88903e-07 0.0025258 0.0250625 0.00394338 0.0246376 0.0160263 0.00188929 0.0242532 0.000383864 4.29522e-05 
0.0549735 2.83805e-06 0.013141 0.0252606 0.00622986 0.0103695 0.00624983 0.000376201 6.4364e-09 9.30263e-05 8.62074e-05 4.56864e-05 3.01021e-05 0.0226001 0.0152704 0.00975844 0.683315 0.0077916 0.00015332 0.00196301 0.00945464 0.00444853 0.00365145 0.119509 0.00334839 0.00114035 1.36387e-05 0.000724075 
0.173698 0.000833108 0.00014887 0.0124984 0.0160269 0.00133595 0.00176403 0.00298074 0.000969487 0.0111562 7.67215e-05 4.18049e-07 0.000165698 0.0532173 0.0257721 0.0593871 0.223765 0.146177 1.84636e-05 0.0197053 0.0568643 0.0232135 0.0292781 0.0766352 0.0013804 0.0608987 7.18416e-05 0.00196177 
0.232654 0.000358153 0.0140294 0.0158456 0.00565182 0.00031457 0.00337549 0.00326801 1.60181e-05 0.000365719 0.000252633 5.30367e-11 0.000228487 0.0882682 0.0506253 0.00313926 0.263519 0.256625 1.15929e-06 0.00218935 0.00832487 0.000171469 0.00574881 0.00407385 7.11932e-05 0.0404385 5.05196e-06 0.000439908 
0.00445024 0.000114858 5.9114e-06 0.002139 0.00693928 3.21697e-06 0.000822692 0.00475686 4.00682e-05 0.00481257 0.000953017 4.00553e-05 9.91673e-06 0.0481998 0.00346039 0.0300762 0.544796 0.0108869 0.035027 0.000561984 0.0429686 0.0335343 0.0225857 0.171214 0.0279665 0.00331749 0.000268905 4.80958e-05 
0.0172321 0.000156923 1.34019e-07 0.0541144 0.0156207 3.75631e-05 0.0131262 0.00247962 2.44383e-05 0.00747104 6.41083e-05 1.25353e-08 1.22358e-05 0.00555719 0.0126582 0.0736857 0.467916 0.00925336 2.79806e-06 8.9605e-05 0.0840337 0.0407834 0.0200817 0.117714 0.00928893 0.0467226 6.46e-05 0.00180877 
0.0216373 0.00121516 0.00139582 0.0480343 0.0480632 0.00297901 0.0019887 0.00526296 0.000831122 0.0164595 0.000133101 0.000113253 0.000170398 0.013929 0.0183871 0.0247186 0.457351 0.0173581 9.13451e-07 0.00892252 0.0597629 0.0409238 0.070945 0.0256584 0.00455465 0.108511 0.000126247 0.00056723 
0.0670279 0.000133473 8.52957e-05 0.0301832 0.00557226 0.00344841 0.00742738 0.000623686 0.000125132 0.0132534 0.000276159 0.00546851 0.000213699 0.0220958 0.0260848 0.0271247 0.654199 0.0378916 4.88903e-07 0.0025258 0.0250625 0.00394338 0.0246376 0.0160263 0.00188929 0.0242532 0.000383864 4.29522e-05 
0.00254097 0.00559159 0.000245502 0.115207 0.102795 0.000365526 0.0160938 0.013179 0.000157304 2.16649e-05 6.95642e-07 0.0088682 0.000607198 0.00419922 0.00175872 0.00629979 0.19783 0.0851357 5.60092e-08 3.05459e-07 0.103727 1.0745e-10 0.177668 0.000272146 9.28286e-06 0.153904 2.39281e-07 0.0035208 
0.0139971 0.116725 0.000304501 0.0251195 0.0330837 0.0278529 0.0159473 0.000149897 0.0046157 0.00024846 0.00179428 1.10376e-06 6.46738e-05 0.0448352 0.0315203 0.192857 0.328417 0.0196633 4.80209e-06 0.00328138 0.0203027 0.00422211 0.0607799 0.0450857 0.000266971 0.00878223 3.19814e-06 7.41069e-05 
0.00420804 0.0122888 0.0164929 0.0237358 0.00825689 0.00112044 0.00534979 0.00483035 0.00644308 0.0453031 0.000220828 2.58753e-07 0.000177883 0.0218516 0.0183552 0.0141954 0.384745 0.0875733 6.60929e-06 0.00111903 0.0861435 0.0189285 0.0385413 0.036434 1.07267e-05 0.162557 0.00106449 4.62443e-05 
0.0317025 0.0473281 1.6063e-06 0.104848 0.112054 0.0043865 0.0586814 9.52455e-05 0.0110186 0.00629771 1.74254e-05 1.67242e-09 0.000434868 0.0973779 0.0604615 0.0418393 0.143578 0.0945219 2.0433e-06 0.000505266 0.0121042 0.00238679 0.0482973 0.102071 6.99737e-05 0.0175551 1.20047e-07 0.00236375 
0.299651 2.07018e-06 1.06511e-09 0.0329834 0.0438655 0.000142808 0.025507 0.000262289 0.00104139 1.27068e-05 1.03729e-09 1.28926e-09 1.46965e-09 1.01523e-06 0.0542904 0.0717068 0.321643 8.15468e-05 1.04597e-09 0.000969454 0.0152068 3.08804e-07 0.131427 1.55434e-06 0.000170666 0.00103153 7.04324e-08 1.94916e-06 
0.0204957 0.000540793 6.45564e-05 0.076156 0.0559808 0.000344686 0.00805353 0.000350378 4.0859e-06 0.00273261 9.39996e-05 2.81192e-08 9.00179e-05 0.0514933 0.0570044 0.0257876 0.332985 0.019747 2.20713e-07 0.0714789 0.0199712 0.00461566 0.030563 0.172687 0.0395895 0.00498794 0.00417467 7.19198e-06 
0.0250696 0.000889053 5.92625e-07 0.000341856 0.00305388 0.00172153 0.00916966 0.000110712 1.05342e-05 2.87411e-05 1.60256e-05 2.27372e-08 6.12385e-09 0.000108085 0.0081667 0.114281 0.404115 0.035342 3.25346e-08 4.64575e-05 0.0363767 4.04663e-05 0.354963 0.00283176 3.29801e-06 0.00331216 1.54228e-06 3.04909e-09 
0.12932 2.08317e-07 1.34298e-06 0.0235022 0.00325193 1.88604e-06 0.0104135 0.000317733 2.45975e-07 0.00159503 1.87743e-07 8.50774e-11 1.32351e-07 0.0670493 0.0855737 0.0536574 0.251148 0.0594115 5.80313e-08 0.00185766 0.00676219 2.02295e-05 0.0504258 0.144201 4.4198e-08 0.111226 1.54782e-05 0.000246466 
0.0670279 0.000133473 8.52957e-05 0.0301832 0.00557226 0.00344841 0.00742738 0.000623686 0.000125132 0.0132534 0.000276159 0.00546851 0.000213699 0.0220958 0.0260848 0.0271247 0.654199 0.0378916 4.88903e-07 0.0025258 0.0250625 0.00394338 0.0246376 0.0160263 0.00188929 0.0242532 0.000383864 4.29522e-05 
0.0284955 0.014141 1.09881e-05 0.176431 0.111548 0.000127604 0.13489 0.00440452 0.0536514 0.000783322 0.000943453 0.000132399 0.0355539 0.00239208 0.0128661 0.0264932 0.347592 0.0231082 3.10648e-06 0.000851023 0.016586 0.00080692 0.00540076 0.000414632 2.42966e-05 0.00115062 1.03766e-05 0.00118788 
0.058692 0.00042513 5.25818e-05 0.0139126 0.0002915 0.000152184 0.0125914 0.000102943 3.88307e-05 1.95184e-05 3.95831e-05 5.31864e-05 3.34741e-05 0.000283678 0.00149218 0.088924 0.752569 0.00269063 8.21193e-07 0.000177152 0.0158305 4.73849e-06 0.0272288 0.0141714 1.42234e-06 0.0100105 0.000193532 1.62627e-05 
0.069002 0.00138721 0.00124703 0.00314308 0.0508025 0.00848685 0.0942487 0.0337282 0.0255481 0.000208695 2.07199e-05 0.00104697 3.48826e-05 0.0110756 0.0201505 0.0491141 0.238751 0.175331 5.69327e-07 0.00354793 0.0143121 0.0445255 0.0341592 0.0322595 1.32964e-05 0.0877911 4.92959e-06 5.86371e-05 
0.00605841 0.000711047 7.56707e-06 0.112435 0.142982 0.00211703 0.0165243 0.000473069 0.108917 0.00155549 0.00646774 4.86551e-07 0.000275299 0.00966272 0.00756593 0.106794 0.232568 0.064943 0.000365366 0.0191097 0.0854034 0.000532216 0.0488486 0.0127508 4.74591e-05 0.0068828 0.000222934 0.00577788 
0.0351976 4.22872e-09 2.64277e-06 0.0106983 0.0613452 0.000883986 2.88743e-08 0.000176591 6.6094e-05 5.66877e-06 5.37921e-05 0.00302718 8.8614e-09 0.0035708 0.034627 0.00880668 0.405342 0.00604846 0.0142633 0.0138973 0.00167795 0.0111447 0.0385418 0.328219 1.12503e-05 0.00700198 0.0153418 4.88384e-05 
0.0636068 0.00759328 0.000203486 0.0382252 0.0369599 0.010562 0.0165483 0.0582478 0.00316011 0.0277623 0.000107459 0.00011134 0.000116121 0.0906333 0.0678277 0.00381366 0.206995 0.11022 5.19806e-06 0.00361854 0.0676008 0.0157684 0.0676426 0.0119898 0.00011347 0.0903588 1.72591e-05 0.000191805 
0.052504 2.06778e-05 9.74409e-09 9.78899e-05 0.00121614 0.00110539 0.00195363 3.77927e-08 2.89234e-11 2.01645e-06 5.39758e-08 1.60931e-07 5.52591e-11 0.00231969 0.0138178 0.130644 0.401559 0.0714152 4.7804e-08 0.00776913 0.0492909 0.0230495 0.165307 0.0696728 5.64057e-06 0.00809137 0.000144139 1.35842e-05 
0.00499383 1.90226e-05 6.66176e-05 0.0167202 0.12092 0.00239559 0.00258972 3.41396e-05 0.000525859 0.000771266 4.39735e-05 2.87681e-08 4.49967e-07 0.00049092 0.00656349 0.0535629 0.640313 0.00172621 0.0935797 0.0088637 0.0130641 0.000295139 0.0134907 0.0170789 1.40536e-05 0.00110047 6.71273e-05 0.000709071 
0.015385 0.000132622 9.15079e-07 0.0306047 0.0256492 0.00255439 0.000727799 0.0368905 0.071654 0.000340177 3.24956e-05 1.40852e-10 7.24533e-05 0.163874 0.0112108 0.0135371 0.185306 0.124997 8.31752e-06 0.00175368 0.0443722 0.00623263 0.0873362 0.0125165 0.00158646 0.161505 0.000187755 0.00153305 
0.0168633 0.000123916 0.000305521 0.0884709 0.0491957 0.0436044 0.0251558 0.000180903 0.0144252 0.00121413 0.00406049 0.00119133 2.8214e-05 0.0168245 0.0736142 0.0243161 0.346373 0.123083 0.000191515 4.63235e-05 0.0226314 0.0023476 0.0127454 0.080513 0.00515235 0.043978 0.0032574 0.000105961 
0.038942 0.00126733 0.00235331 0.0251959 0.0345536 0.0213936 0.0100905 0.0161461 0.000258172 0.0134054 0.000642482 0.00370353 0.000210354 0.0262741 0.0403298 0.0837962 0.323459 0.00705344 1.42618e-07 0.0022046 0.209633 0.05212 0.0481805 0.00376527 0.0175989 0.0124033 0.00475719 0.000261986 
0.0130657 0.000595503 6.22961e-06 0.0225979 0.00123589 2.97684e-10 0.00231419 8.17579e-05 0.00773155 0.000935996 0.00111201 4.24373e-10 0.00309012 0.0132693 0.00503326 0.00533188 0.51801 0.170584 3.44292e-10 9.35692e-07 0.028875 0.00893739 0.00496395 0.184051 6.70457e-11 0.00817614 2.29908e-07 2.40861e-10 
0.0458186 0.00179883 2.85431e-10 0.0916234 0.0132828 0.000158918 0.00976483 0.00166931 0.0296303 0.00589038 6.85117e-05 3.45498e-10 0.000337984 0.0434411 0.00574587 0.0377797 0.619915 0.0173356 1.38654e-06 0.000672654 0.0146643 0.00110414 0.0348606 0.0145321 6.63177e-06 0.00970221 4.06964e-05 0.000154063 
0.0110295 4.56168e-05 1.69303e-05 0.000776889 0.00265828 3.40271e-05 0.0023656 5.75337e-05 1.4733e-08 2.50674e-09 0.00130871 0.223342 2.81479e-08 0.000900363 0.00167547 0.0155351 0.721688 2.37818e-09 2.00333e-08 0.00029855 6.25055e-06 4.38041e-06 0.00719124 0.0110595 3.90118e-09 2.25284e-09 2.29087e-08 5.57546e-06 
0.0813204 0.000374386 1.85456e-05 0.00794458 0.00533604 0.00618429 0.0131579 0.0461833 4.18198e-08 0.0128671 0.000146703 5.83518e-06 0.000200494 0.0648135 0.0519831 0.0282222 0.323015 0.139566 1.31464e-06 0.00727869 0.0370134 0.0380093 0.0667031 0.0353983 0.00663449 0.0263771 0.00115255 9.24832e-05 
0.00459163 0.000211513 4.8136e-05 0.0588789 0.0408777 0.00151616 0.00987065 0.000250037 0.00143879 0.000270451 0.000505465 1.66374e-07 9.04553e-05 0.00258566 0.00822302 0.0452813 0.44207 0.000888958 7.64036e-06 0.0534756 0.0588746 0.0035127 0.00371392 0.191232 0.0021518 0.0694108 1.98694e-05 2.78091e-06 
0.0130993 0.00454721 1.25411e-07 0.0100217 0.112174 0.00525783 0.0249773 5.73626e-05 4.96949e-09 8.21956e-08 6.65511e-07 8.32902e-09 2.80834e-06 0.00685373 0.109746 0.020786 0.231786 0.000456867 6.75729e-09 0.000147474 0.155694 0.138596 0.0833075 0.0206355 0.0143706 0.0458672 0.00161449 2.1327e-07 
0.0390407 2.64446e-05 3.58949e-06 0.00688811 0.0128697 0.232804 6.94464e-06 8.99226e-06 1.05842e-05 4.47305e-06 0.000174639 1.32656e-08 1.51216e-08 0.143934 0.119527 7.94996e-06 0.260359 0.0899889 1.07623e-08 8.39806e-07 4.94208e-06 4.03641e-09 0.0308376 0.0634945 2.0958e-09 7.06597e-06 1.2307e-08 7.52913e-09 
0.00492371 2.69181e-07 1.79255e-05 0.000535577 0.000613578 9.56598e-10 0.000592943 0.000528329 8.13656e-10 7.06045e-06 1.47139e-05 2.06977e-07 1.55452e-09 0.000917239 0.000453513 0.000828943 0.986279 0.00090473 2.67673e-08 0.000419004 0.00149292 1.17661e-06 8.40233e-05 0.000394124 3.72598e-08 0.000797477 0.000185244 8.56945e-06 
0.0641984 1.20435e-05 0.000308413 0.0243272 0.0579658 0.000350402 0.00996522 0.00409889 0.000878225 0.000296025 0.000526355 5.89277e-06 0.000130359 0.0136756 0.0231176 0.0101797 0.62134 0.0235865 4.87051e-10 0.00317907 0.0246356 0.0356529 0.0398975 0.0308547 0.00803413 0.00267245 1.43105e-05 9.65216e-05 
0.0322294 0.000348618 0.000163893 0.0133842 0.0100008 2.26816e-05 0.0796253 0.127932 0.00100775 0.010117 0.000203383 9.08245e-10 1.03532e-09 0.0146804 0.011883 0.078559 0.34651 0.0331514 7.26877e-09 0.000266636 0.0798232 0.0742142 0.0304062 0.0418671 9.45316e-06 0.0128913 0.000569096 0.000133795 
0.0215357 0.00739623 0.000116876 0.0147446 0.062554 0.0136679 0.00317648 0.000162229 9.4361e-05 0.00286051 2.4327e-05 5.58609e-06 4.57331e-05 0.0167814 0.0413097 0.146688 0.516549 0.00437703 1.99702e-06 0.00259888 0.0829241 0.0117287 0.0385015 0.005228 6.28962e-06 0.00618402 0.000134653 0.000602011 
0.190516 0.000323947 8.70878e-08 0.067307 0.011256 0.000126451 0.050127 7.58756e-05 0.00408278 2.99429e-05 3.08897e-07 9.65192e-05 0.000232196 0.0111499 0.118885 0.0591306 0.43507 0.0107086 1.09801e-06 0.00109972 0.000585835 0.000878313 0.0102564 0.0148835 0.00551835 0.00469619 0.00290392 5.87003e-05 
0.0877582 1.92093e-05 0.000179149 0.0131156 0.0478105 8.12382e-05 0.0255869 1.44216e-05 0.0473099 5.06796e-05 9.84611e-06 3.26017e-09 2.70035e-06 0.00339861 0.0249663 0.222177 0.260361 0.00760686 5.45309e-06 0.0119709 0.122754 0.00297348 0.0940462 0.0155842 2.28063e-05 0.0119357 9.80327e-07 0.000257701 
0.0743495 0.00154228 0.000208216 0.0375013 0.041007 0.00235524 0.00495933 0.0216991 0.000227325 0.00974725 0.000752015 0.00182448 0.0017801 0.133817 0.0289294 0.0183551 0.265471 0.0387057 0.000894421 0.0051646 0.0737433 0.032758 0.0869686 0.0419652 0.00730002 0.0662413 0.00121209 0.000521334 
0.191379 4.80221e-05 0.00521384 0.0663829 0.0272027 0.00587802 0.0172152 0.0227611 0.00460991 0.0012418 3.87625e-05 2.89631e-07 1.19587e-05 0.0320075 0.0122004 0.0461362 0.239832 0.0145109 1.14256e-06 0.0135883 0.0970904 0.0217142 0.0318434 0.133778 0.00235998 0.0121511 0.000727205 7.58427e-05 
0.0154065 0.117868 0.00267421 0.0435544 0.109826 0.0510047 0.0159399 0.0108495 0.0209378 0.0109319 0.0007888 0.00180584 0.000271958 0.0578175 0.0276436 0.0249012 0.131201 0.0626842 0.00506379 0.00374975 0.0718025 0.0731888 0.0266059 0.0265301 0.0157848 0.0361428 0.0337976 0.00122654 
0.0216628 0.0292094 0.00326628 0.0325205 0.153858 1.93966e-05 0.0283034 2.76745e-05 0.0181762 0.000291796 2.72886e-07 1.17028e-05 0.000283006 0.0195688 0.00838122 0.0889064 0.529502 0.00689319 2.7517e-07 0.00506581 0.00244967 0.000489251 0.00648623 0.0346707 0.00121129 0.00823732 1.23377e-05 0.000495434 
0.0980381 0.000334314 5.01257e-07 0.0399154 0.147547 6.27512e-05 0.00619507 0.00367702 0.00196307 0.0255361 0.000227206 1.44714e-06 1.39001e-05 0.0181764 0.00955709 0.0373686 0.21344 0.0205759 7.07395e-08 0.000131069 0.0399797 0.0261792 0.135072 0.00547909 6.79685e-06 0.1674 0.00308856 3.3983e-05 
0.00992402 0.00344795 1.09934e-06 0.0326292 0.0760638 0.00713937 0.0642044 0.000580913 0.20123 0.00195966 6.99577e-06 1.86631e-08 4.7174e-05 0.00139377 0.00979947 0.0461464 0.454163 0.0178425 2.79532e-06 0.00188648 0.00469636 0.00832775 0.0286012 0.00813518 4.90989e-05 0.0215204 4.88512e-05 0.000151743 
0.133203 3.80574e-05 1.19203e-05 0.0464417 0.0282813 0.000704725 0.00744409 0.253648 7.51228e-09 0.00247834 4.8923e-06 9.63064e-05 1.43525e-08 0.00219956 0.137392 0.0175224 0.316899 0.00360248 1.79924e-07 0.00222111 0.00104263 0.0271805 0.00776918 0.00778367 1.63305e-06 0.00399531 2.84809e-05 1.0444e-05 
0.101125 7.67734e-05 0.00460779 0.00374313 0.00401489 0.00264359 0.000968403 0.000929895 5.2742e-05 0.00524416 0.00017808 2.65276e-06 4.07039e-05 0.0217603 0.00992323 0.0477149 0.476872 0.108486 1.51075e-05 0.00638634 0.0176269 0.000583258 0.0160623 0.118771 0.000565811 0.0511859 0.000351068 6.74509e-05 
0.0310339 0.00105972 2.60149e-05 0.0996359 0.0759361 0.000398901 0.024072 0.00147974 0.00906788 0.00300928 0.00450293 1.64357e-05 0.000382544 0.049677 0.0542099 0.135823 0.328744 0.00169571 1.81388e-06 0.00198525 0.00432709 0.115708 0.0174316 0.0190126 0.000271193 0.00808818 0.0123702 3.31677e-05 
0.0379248 0.000114254 6.87373e-09 0.116661 0.00544872 5.52391e-06 0.0291917 0.000988633 0.00189752 0.0011346 2.36154e-05 8.32027e-09 1.2089e-06 0.000329077 0.0950271 0.00675683 0.381246 0.057087 3.00969e-05 0.00408461 0.0260015 0.0028867 0.0329692 0.146538 2.59656e-05 0.0224822 7.41492e-07 0.0311431 
0.0215423 1.16336e-07 3.64758e-06 0.0301647 0.0243295 0.11655 0.143728 0.000206264 1.99494e-07 0.000706475 2.3755e-06 2.94896e-05 3.72404e-10 0.000712056 0.0477633 0.122117 0.285833 0.00703147 3.67958e-06 0.000453137 0.0304462 0.0763909 0.0869628 0.00425259 2.78838e-08 0.000743968 2.68721e-05 1.85421e-10 
0.00271608 0.000251787 7.91793e-09 1.97665e-05 7.05636e-05 5.11262e-05 9.83186e-05 0.00298848 0.000315444 5.3477e-09 4.33048e-08 1.86021e-10 9.94472e-09 0.000183631 0.00673488 0.000984007 0.953326 0.000278805 9.34404e-09 6.07364e-05 0.00187572 1.59957e-06 0.00114444 0.0280293 4.51307e-06 0.000863524 9.88462e-08 8.6435e-07 
0.00707464 0.000122748 6.83045e-05 0.0122022 0.0192032 4.3045e-05 0.00030974 0.0103875 0.000700604 0.0175006 0.0953315 4.07809e-06 1.05811e-06 0.0739768 0.00738819 0.0188989 0.578425 0.000851062 8.60993e-07 0.00191543 0.0242447 0.0764242 0.0373077 0.00475353 0.00603775 0.00517161 0.00162916 2.57761e-05 
0.0380538 0.00405377 0.000750994 0.00637206 0.0254865 0.000943685 0.0283022 0.0104568 1.34802e-06 0.0160262 0.00166401 7.05968e-08 1.0883e-05 0.0124694 0.0210423 0.0170099 0.692921 0.00135133 7.33098e-06 0.000511546 0.0220558 0.00151979 0.0618608 0.0160458 0.000298741 0.00989777 0.0107941 9.18877e-05 
0.140476 0.000159446 0.0636925 0.0266214 0.0158533 0.000814966 0.00719759 0.000188662 0.000999696 0.000834828 0.00245909 0.00026782 2.14595e-05 0.036836 0.0181599 0.0114697 0.271847 0.0476614 0.000122219 0.0628496 0.101565 0.011545 0.0211833 0.117861 0.00145027 0.0249113 0.000296783 0.0126538 
0.098794 3.40648e-05 0.00259638 0.115852 0.103021 0.00277266 0.00407283 0.00539086 0.0004553 0.00261483 0.000680851 0.00356701 0.000764488 0.0362711 0.026366 0.0254257 0.127824 0.0616325 0.0287415 0.00188951 0.0470085 0.0130318 0.0925161 0.120569 0.00178209 0.0757218 0.000254891 0.000348809 
0.0802572 0.000703193 1.96729e-07 0.0188445 0.0848285 0.00171381 0.0135637 0.00104333 0.034677 0.00163203 0.000585559 7.32237e-09 0.000141065 0.0113992 0.0233439 0.133396 0.231632 0.0626112 6.67828e-07 0.0557183 0.0532704 0.120817 0.0526514 0.00991132 0.00157164 0.00551114 0.000128922 4.70293e-05 
0.00707464 0.000122748 6.83045e-05 0.0122022 0.0192032 4.3045e-05 0.00030974 0.0103875 0.000700604 0.0175006 0.0953315 4.07809e-06 1.05811e-06 0.0739768 0.00738819 0.0188989 0.578425 0.000851062 8.60993e-07 0.00191543 0.0242447 0.0764242 0.0373077 0.00475353 0.00603775 0.00517161 0.00162916 2.57761e-05 
0.0534753 0.000487051 0.00213393 0.104594 0.0455006 0.177717 0.0238469 0.000563456 0.000768874 0.0100033 4.68755e-08 8.02083e-07 0.00227229 0.00265441 0.0442121 0.0492963 0.369008 0.00196052 2.90913e-08 1.62034e-07 0.0798899 8.48764e-08 0.0234485 0.00253547 1.02666e-08 0.00527924 0.000350918 6.42222e-08 
0.0189917 9.36964e-06 3.62684e-05 0.0411153 0.0203971 0.00578669 0.00230479 2.56275e-05 4.54965e-05 0.0036958 2.31442e-07 1.71515e-05 0.00539263 0.000723924 0.00946844 0.0386215 0.756149 0.000465092 2.3338e-07 0.00428213 0.0127667 0.000180866 0.000984819 0.0417612 1.32046e-06 0.0361574 6.67975e-07 0.000618317 
0.0435192 5.91882e-05 9.92608e-05 0.088396 0.0080085 9.23231e-05 0.0994183 0.000291089 0.00140024 0.00141313 3.24835e-05 0.0158535 0.000142172 0.0010982 0.0206744 0.074653 0.551228 0.0106548 2.28773e-09 0.0053007 0.00726646 0.00250141 0.0188743 0.043484 6.20869e-06 0.00320986 0.00216168 0.000161815 
0.0234653 0.000273709 2.80095e-08 0.113633 0.0357794 0.00221548 0.0166125 0.00542728 0.000489259 0.00365657 8.88701e-05 7.52284e-05 0.000481396 0.0047124 0.0789111 0.0292876 0.25337 0.0626 0.000887554 0.0142344 0.0186836 0.000607807 0.219357 0.00498097 1.47641e-06 0.0960138 5.34029e-05 0.0141011 
0.16399 6.141e-05 4.33198e-05 0.0107017 0.0289492 0.000165178 0.0117863 0.00104834 0.000301672 0.000645348 1.0255e-05 4.65719e-05 7.53784e-07 0.133988 0.0230481 0.0213455 0.365934 0.0150402 3.13461e-07 0.00881853 0.0498401 0.00704774 0.0489223 0.085215 1.78316e-05 0.0230272 4.97749e-06 6.85517e-08 
0.052504 2.06778e-05 9.74409e-09 9.78899e-05 0.00121614 0.00110539 0.00195363 3.77927e-08 2.89234e-11 2.01645e-06 5.39758e-08 1.60931e-07 5.52591e-11 0.00231969 0.0138178 0.130644 0.401559 0.0714152 4.7804e-08 0.00776913 0.0492909 0.0230495 0.165307 0.0696728 5.64057e-06 0.00809137 0.000144139 1.35842e-05 
0.00777394 0.000576235 8.5936e-08 0.237743 0.0370341 0.0107628 0.0219541 0.00136493 5.72816e-05 0.00263288 9.36244e-11 1.16367e-10 0.00143836 0.00718083 0.112364 0.0129557 0.284621 0.0495976 2.63347e-09 0.00169193 0.04933 0.0156619 0.047643 0.00815518 4.74885e-08 0.0767163 0.012621 0.000123496 
0.0664507 0.000146598 0.000180119 0.0181584 0.0248333 0.000243855 0.0455349 0.00279402 0.00439153 0.0536282 0.000809775 9.43465e-07 0.000235739 0.0144384 0.00798336 0.0197923 0.36349 0.00630279 1.03643e-06 0.00280709 0.222421 0.00423494 0.0935035 0.0239212 0.00252194 0.019185 0.00193835 5.06363e-05 
0.019851 2.79437e-08 1.94785e-08 0.00219796 0.00221218 0.000310555 0.00610842 2.13715e-05 3.8148e-11 0.00116006 0.00412045 5.13664e-08 1.45072e-05 0.00232074 0.00248428 0.0261889 0.854908 0.0134557 1.37401e-06 0.000605201 0.0049975 0.00113372 0.0153198 0.0120258 1.21089e-05 0.030447 8.58803e-08 0.000102678 
0.028244 0.0539034 2.21601e-07 0.0989232 0.0598434 0.0369035 0.260046 0.00396001 0.00040659 0.000505293 0.000738103 2.68235e-07 9.9223e-05 0.011787 0.0241186 0.0372843 0.318639 0.0171057 2.17618e-07 0.000161649 0.00106876 0.00615734 0.0360487 0.000481731 4.23778e-08 0.00315551 7.67289e-05 0.000342038 
0.0607746 5.49133e-05 0.00034878 0.0371752 0.0149082 0.000185595 0.0369194 0.00567755 0.00192599 9.35245e-05 1.04164e-07 0.00225791 0.00166181 0.000920211 0.0216149 0.00298608 0.664933 0.00522339 4.24051e-05 0.000329751 0.0872427 0.000510325 0.0409262 0.000205327 0.0100088 0.00303501 3.30373e-05 5.58515e-06 
0.0306574 0.000735012 6.86843e-06 0.0520349 0.0613734 0.0161905 0.19244 0.00315749 0.0446514 0.00147174 0.000191099 6.05942e-07 0.000283322 0.00844863 0.0351957 0.041781 0.311849 0.0504128 1.36574e-06 0.00196072 0.00956857 0.0190104 0.0451761 0.0315923 0.00183283 0.0395885 0.000300855 8.73702e-05 
0.00153052 0.0606837 0.00224494 0.00849375 0.0412408 0.000991537 0.0122114 0.0280166 7.55667e-06 0.000660534 0.000206153 0.000410489 1.76998e-05 0.000168694 0.00798968 0.00374083 0.80262 0.00757175 1.45172e-06 6.83475e-05 0.00922198 0.000756378 0.000577311 0.00567094 6.65674e-06 0.0048825 1.66009e-06 5.97008e-06 
0.0651294 8.97192e-05 8.1026e-05 0.0392435 0.0889553 0.00321136 0.0323951 0.000984425 0.000660774 0.00655735 0.00195263 0.000421681 8.56717e-06 0.0631047 0.132438 0.0470809 0.151905 0.0728053 4.02028e-05 0.00405111 0.108199 0.00148802 0.0598808 0.0962274 3.55961e-05 0.021053 0.00157159 0.000429374 
0.0507349 0.00198443 0.00157828 0.0344958 0.0345814 0.00427696 0.0135718 0.00682385 0.00409966 0.00881453 0.00169352 0.00219935 0.000988649 0.0299486 0.0312951 0.0668465 0.371899 0.0297001 0.00170086 0.00751561 0.0907928 0.021875 0.0831 0.0419563 0.0055447 0.0486613 0.00216096 0.00115964 
0.0409802 0.0665779 1.87801e-07 0.0479186 0.166791 0.000229531 0.0096125 0.000125619 0.00111519 0.00882724 8.26752e-05 1.35548e-07 0.000608046 0.00485204 0.0162782 0.0407179 0.272457 0.000186989 1.76149e-05 0.00274141 0.0416646 0.0289491 0.0316186 0.0195768 0.00832695 0.186313 0.000231665 0.00319877 
0.110771 0.00324464 0.000432487 0.00100933 0.0116179 0.00572228 0.00740961 0.000540183 0.00364557 0.000235042 6.62805e-05 3.13292e-09 4.0076e-07 0.00895573 0.0140746 0.0767508 0.53891 0.0207787 3.23549e-07 0.00429938 0.0926276 3.78793e-05 0.0180661 0.0805311 0.000257974 4.87289e-06 9.72212e-06 2.82291e-07 
0.00720069 0.023969 0.00477753 0.0320897 0.023736 0.000247301 0.0194234 0.00101385 0.00212527 0.0139137 2.22633e-05 0.0027822 6.36909e-05 0.00400651 0.0147226 0.0243098 0.727179 0.00451413 3.69557e-06 0.00821862 0.0164136 0.00151315 0.0158204 0.0113676 0.0113369 0.0278823 0.00134686 4.30437e-07 
0.00843668 0.0206497 0.0137698 0.152136 0.0649561 0.200572 0.019836 0.0121529 0.000118936 0.0078517 0.00022383 7.19802e-08 0.000635263 0.05698 0.0180411 0.0192532 0.244923 0.046607 1.72995e-05 0.00316426 0.0375266 0.0019838 0.02104 0.0247557 2.78941e-05 0.0108944 0.00214781 0.0112986 
0.202353 0.0142138 9.09291e-10 0.0131345 0.00254643 0.0490278 0.0045407 0.0280727 0.00895519 0.00222143 1.63089e-06 1.10065e-09 0.000160553 0.000576741 0.00225097 0.0657859 0.486178 0.0178789 5.32901e-08 0.00106196 0.0389703 6.77236e-05 0.0463032 0.0143275 1.73888e-10 0.00137026 2.87295e-07 1.67166e-07 
0.0231417 0.0097795 0.00249668 0.152987 0.166094 4.15959e-05 0.0033168 1.28213e-05 0.00013474 0.000142792 0.0131572 2.8987e-08 7.24679e-05 0.00122521 0.0622244 0.00165387 0.360176 0.0199365 2.3517e-08 0.142409 0.00690554 1.22551e-05 0.00530476 0.00145628 0.000107584 0.0272099 2.68924e-08 8.71235e-07 
0.0253399 2.49957e-06 1.10787e-06 0.00245502 0.00622918 0.00220224 0.016603 6.54372e-05 0.000150986 4.25048e-05 1.07893e-06 1.34102e-06 1.266e-05 0.00205087 0.00387773 0.337244 0.540289 0.0153286 1.94443e-06 0.000761761 0.0119434 0.000727345 0.0160173 0.0176584 2.11864e-07 0.000990693 1.24411e-06 7.61119e-07 
0.120918 0.000104827 0.000341423 0.00764448 0.00459089 1.80061e-06 0.0033728 0.00264048 0.00229785 0.00277119 0.000189524 1.03731e-08 3.22772e-05 0.0175647 0.0178627 0.0254295 0.434661 0.0687119 0.0216716 0.00380399 0.115903 0.00527707 0.0576452 0.0385551 0.00156386 0.0461001 0.000145394 0.000199874 
0.152255 0.000619572 2.4768e-07 0.0986009 0.0070361 0.0046112 0.00350621 0.00111459 0.000388526 0.00640941 0.000193559 0.00671382 0.000269146 0.0302341 0.0129848 0.123895 0.328595 0.0309021 1.21203e-05 0.00369838 0.0163606 0.0147645 0.0496423 0.0632417 6.06102e-05 0.0436536 0.000237154 2.56769e-08 
0.0754947 0.00011998 0.00457016 0.0200729 0.0228529 0.000768121 0.00962432 0.00347462 0.000267968 0.00301887 0.0077921 0.0248284 0.00118242 0.0214245 0.0271673 0.020499 0.525585 0.0278696 1.98007e-05 0.0116448 0.0446972 0.0178466 0.0552836 0.0369306 0.00180336 0.0347637 0.000347622 4.97584e-05 
0.016609 0.000696807 0.000111828 0.0334051 0.119795 0.0371681 0.00777189 0.00122882 0.00241842 0.00194333 2.17979e-05 5.53307e-05 0.000957141 0.00859023 0.0376375 0.0430985 0.3069 0.0263332 8.76151e-06 0.0175818 0.182527 0.0112395 0.0520502 0.0576292 0.0017772 0.0122419 0.0202002 2.26515e-06 
0.0450856 3.52678e-05 1.11263e-06 0.0239972 0.00237772 1.03474e-07 0.000248853 0.0066495 3.23317e-10 0.000168619 1.45632e-05 5.41889e-10 0.000795814 0.0143785 0.0338049 0.00397328 0.778654 0.00509278 4.81262e-05 0.00935816 0.0138199 0.00108469 0.00696599 0.047393 6.56155e-05 0.00562996 0.000355833 9.11202e-07 
0.0108641 5.4294e-05 4.3152e-07 0.00175749 0.0181542 5.70028e-06 0.00120089 0.0230877 0.00185855 1.02451e-05 2.50118e-05 3.58535e-07 7.00126e-07 0.00339463 0.0197069 0.0521908 0.780638 0.00919135 0.0031835 0.003108 0.0213568 0.00625257 0.0110259 0.0235875 0.00103971 0.00784148 7.3269e-05 0.000389615 
0.0118679 0.000846305 0.00264782 0.133191 0.0719266 0.000375052 0.0272493 0.00351616 0.00116964 0.00365187 0.000772659 9.76011e-09 0.00289074 0.0831999 0.0590359 0.0465923 0.140511 0.0498473 7.65421e-05 0.00240352 0.0796492 0.0765843 0.0619898 0.0138427 0.0457283 0.0765338 0.00373354 0.000167365 
0.000280909 1.33041e-06 2.02051e-06 0.00240604 0.00144396 0.00225985 0.000364742 0.00228877 0.082792 2.48281e-07 4.56154e-05 2.44572e-06 0.000165823 0.0129688 0.000425745 0.000639791 0.41635 0.0444041 0.000327642 0.00027162 0.0400417 0.000437934 0.000837585 0.387205 1.28531e-05 0.00401991 2.26899e-06 1.38811e-06 
1.62748e-06 3.44514e-07 3.96868e-07 0.00127842 0.00442174 0.00220526 0.00872093 2.01362e-06 2.76181e-06 1.6036e-07 3.9419e-07 2.44788e-09 6.81677e-08 0.000847457 0.00102554 5.89678e-05 0.94808 0.000496031 1.98595e-09 0.000866666 7.84022e-07 1.54896e-07 0.000710832 0.0310069 3.09434e-08 0.000271984 5.16617e-07 1.38934e-09 
0.0936735 7.91802e-07 0.000861246 0.0312827 0.00496858 0.00618721 0.00260272 0.00177335 2.12764e-07 0.0044318 0.00030511 0.0212571 2.70798e-06 0.00925174 0.0188408 0.0206538 0.354381 0.0180696 0.000180886 0.00732163 0.0741542 0.176386 0.0562616 0.0431358 0.00679988 0.0454248 0.00019893 0.00159268 
0.0159814 0.000934922 0.000196798 0.0261403 0.115504 2.05442e-05 0.0208687 0.00268732 0.0173888 0.0133834 0.000282071 2.73001e-07 0.0052517 0.0574823 0.0159151 0.0470693 0.431083 0.0143367 2.38096e-08 0.00116859 0.0736379 0.0414639 0.0486909 0.0285187 0.005402 0.0161139 0.000405677 7.21203e-05 
0.0937758 0.000782961 2.95649e-05 0.0177585 0.0718444 0.000233821 0.0153534 0.00195369 3.34619e-05 0.000667046 0.000191492 2.70071e-09 1.41332e-05 0.0105524 0.0231159 0.0248637 0.231093 0.0251018 0.000140881 0.00388252 0.20252 0.00248658 0.156428 0.00897243 4.46458e-06 0.107605 0.000203654 0.000390878 
0.0670279 0.000133473 8.52957e-05 0.0301832 0.00557226 0.00344841 0.00742738 0.000623686 0.000125132 0.0132534 0.000276159 0.00546851 0.000213699 0.0220958 0.0260848 0.0271247 0.654199 0.0378916 4.88903e-07 0.0025258 0.0250625 0.00394338 0.0246376 0.0160263 0.00188929 0.0242532 0.000383864 4.29522e-05 
0.0807438 0.000762418 0.00015397 0.0930163 0.0605305 0.0132798 0.0151015 0.00038387 0.00226815 0.0420411 0.00711704 3.33248e-06 4.64552e-05 0.0136493 0.0798563 0.120718 0.205707 0.0575674 2.27092e-05 0.00837384 0.0219331 0.000209264 0.0923978 0.0502282 0.00762458 0.0254634 0.000116543 0.000684429 
0.0340735 4.476e-05 0.00379336 0.0334099 0.00800092 0.0097275 0.0570994 0.000781108 0.00389202 0.000178197 1.44918e-05 3.7267e-08 3.83538e-07 0.0065673 0.0451103 0.0334945 0.574799 0.0596353 3.02345e-08 0.0257245 0.0251509 0.0126023 0.0121257 0.0357473 0.000982671 0.0169413 0.000102452 3.68263e-07 
0.00540112 0.000284178 5.75493e-05 0.00361383 0.0287496 0.00093469 0.00164516 0.000274756 0.00278805 0.000135833 0.000310784 4.37753e-07 1.63506e-05 0.0749429 0.00537766 0.0294003 0.772841 0.010161 1.53221e-06 0.000348754 0.0324048 0.000706482 0.0138051 0.0028417 0.000110728 0.012689 0.000152698 4.30397e-06 
0.0234653 0.000273709 2.80095e-08 0.113633 0.0357794 0.00221548 0.0166125 0.00542728 0.000489259 0.00365657 8.88701e-05 7.52284e-05 0.000481396 0.0047124 0.0789111 0.0292876 0.25337 0.0626 0.000887554 0.0142344 0.0186836 0.000607807 0.219357 0.00498097 1.47641e-06 0.0960138 5.34029e-05 0.0141011 
1.77467e-06 0.0315984 2.48733e-09 0.0094217 0.0508079 0.0872866 0.0103521 0.00111847 0.0012896 2.68304e-07 1.01851e-05 3.01077e-09 1.47559e-06 0.000741263 0.000228066 3.95662e-05 0.76654 1.31981e-06 1.33525e-05 6.02711e-07 0.00461634 0.00332011 0.000157121 0.0302087 4.75664e-10 0.00224459 2.79321e-09 1.70882e-09 
0.0135601 0.00394239 0.000731922 0.0069819 0.00399368 4.61481e-05 0.00389348 0.0010049 1.33573e-06 0.000444103 0.000906424 1.35112e-09 4.88136e-06 0.0086814 0.0204188 0.0324097 0.411866 0.0165556 1.26516e-07 0.00122867 0.0784194 0.0334135 0.142127 0.107107 0.000612157 0.0922872 0.0193082 5.40002e-05 
0.023899 0.0413812 0.00372436 0.0039983 0.14879 0.000174282 0.000445167 0.0165596 4.85461e-05 0.00553116 0.000214422 2.44326e-09 0.00183984 0.0130687 0.0407642 0.00425889 0.209889 0.0134031 8.32824e-06 0.0807294 0.0246906 0.202264 0.03606 0.0398079 0.000300985 0.0500193 0.0110335 0.0270958 
0.0183763 9.47427e-05 0.000137683 0.0212119 0.00172193 0.000200771 0.0221387 0.00170831 5.61647e-08 0.00134704 0.000132031 9.41338e-08 0.000566847 0.0128459 0.0755173 0.0496043 0.523155 0.0970844 0.000482929 0.0326053 0.0129883 0.00795546 0.0186788 0.0612861 1.4872e-08 0.0397896 0.000355249 1.44927e-05 
0.076484 0.000252533 0.00185791 0.0168939 0.0200138 0.000843586 0.0175909 0.00067828 0.0029731 0.00822932 0.00010425 0.000256315 6.87595e-06 0.0180282 0.0194837 0.18408 0.27155 0.0757799 1.38026e-05 0.0142749 0.0408259 0.00921922 0.126698 0.0638861 0.000109134 0.0286378 0.000988201 0.000241043 
0.00786391 0.051277 1.55856e-05 0.0102706 0.0318722 9.32819e-05 0.00775608 0.0184548 0.00868108 0.000441704 0.000923975 2.6439e-05 0.000228464 0.0152196 0.0290941 0.0382794 0.41366 0.000774324 1.09446e-05 0.00685828 0.0709345 0.111832 0.109761 0.032298 0.00229198 0.0282417 0.00163938 0.00119921 
0.197625 0.0160079 5.94634e-10 0.0155545 0.00820642 0.0238871 0.00794921 0.0185114 0.0291691 0.0180628 7.95151e-07 1.88791e-07 0.000107105 0.00119874 0.00585439 0.121385 0.3682 0.0384359 2.43842e-05 0.000622921 0.0482674 9.20362e-06 0.0610185 0.0156216 2.78999e-06 0.00426838 1.02311e-05 2.11907e-07 
0.0138683 0.00228918 1.55329e-05 0.0353299 0.132294 0.00268266 0.0132448 0.00154442 0.00615758 0.00354226 0.000116741 0.0233253 0.000163429 0.017641 0.0194086 0.0380185 0.203695 0.0555916 2.38972e-05 0.00192376 0.104368 0.0281618 0.108657 0.131267 0.000705517 0.049299 0.00439532 0.00226994 
0.00492371 2.69181e-07 1.79255e-05 0.000535577 0.000613578 9.56598e-10 0.000592943 0.000528329 8.13656e-10 7.06045e-06 1.47139e-05 2.06977e-07 1.55452e-09 0.000917239 0.000453513 0.000828943 0.986279 0.00090473 2.67673e-08 0.000419004 0.00149292 1.17661e-06 8.40233e-05 0.000394124 3.72598e-08 0.000797477 0.000185244 8.56945e-06 
0.0226986 0.000261064 3.25738e-06 0.0388762 0.00908145 0.000206364 0.00834458 0.0401468 0.00459636 0.00225253 0.000408782 2.61467e-06 3.39796e-05 0.00092353 0.0257861 0.0292056 0.730447 0.0100659 7.65448e-07 0.00107462 0.0202723 0.000374026 0.0218192 0.00834754 0.00411046 0.00213239 1.73736e-05 0.018511 
0.0310716 2.43829e-05 0.000551314 0.0357385 0.0346182 0.000152835 0.006899 0.00489426 7.4059e-06 0.0079924 0.000940545 3.26667e-10 0.0002527 0.0463867 0.0557198 0.0451004 0.158875 0.0830533 2.65023e-10 0.0154846 0.127013 0.0733978 0.0774273 0.107464 0.00144553 0.0854203 1.18061e-05 5.76555e-05 
0.0484735 0.000683125 0.00142311 0.0313583 0.0241407 0.00333837 0.0111815 0.00652281 0.00248333 0.0130355 0.00198381 0.000594334 0.000465509 0.0836946 0.0284091 0.0330693 0.174649 0.0808801 0.000206013 0.00897842 0.104643 0.0295527 0.122542 0.0972456 0.00652055 0.0814187 0.00149085 0.0010164 
0.0916186 3.29499e-05 7.25883e-05 0.0130885 0.000806137 0.000750577 0.00811367 0.000535634 7.29175e-06 0.000808409 0.000135959 1.20478e-08 2.5361e-05 0.00716712 0.00607211 0.0454155 0.691199 0.0254304 2.34395e-06 0.00630162 0.00755605 0.00156131 0.0126633 0.0219447 0.00108576 0.00434868 0.0531277 0.000128331 
0.0391938 0.00112965 1.47682e-10 0.165967 2.63732e-06 0.056182 0.168444 5.46681e-07 2.82651e-06 0.00118675 4.17231e-07 0.0115073 5.05374e-06 1.50526e-06 0.106959 0.00782246 0.401403 5.24927e-06 2.32188e-07 2.79689e-06 1.66503e-06 5.43926e-11 1.62844e-06 3.89161e-06 1.74027e-05 0.040156 3.36678e-06 1.01459e-10 
0.0313838 0.000763415 0.000562582 0.022903 0.177077 0.00164161 0.00989267 0.000153974 0.0469763 0.0263133 2.90357e-05 3.14934e-05 0.00637329 0.000516421 0.0835302 0.13415 0.215203 0.0301309 4.18325e-09 0.00201572 0.0206066 0.0010786 0.038745 0.0483676 3.41563e-05 0.101509 3.58152e-06 7.41664e-06 
0.0429985 2.28853e-05 0.00395677 0.0154537 0.000570093 0.000414345 0.0198275 0.00783152 0.000123047 2.5971e-05 3.70721e-06 4.07038e-06 5.03268e-08 0.0162939 0.00376692 0.0345863 0.668226 0.0183207 7.21061e-09 0.00725582 0.0162053 0.00539114 0.0182963 0.115223 0.00109505 0.00104163 0.00306558 5.6127e-08 
0.0756713 0.000776839 8.05311e-07 0.0613454 0.016608 0.169542 0.0494475 0.00267297 2.04511e-05 0.00230838 0.000185233 0.000375182 0.000266632 0.0106028 0.102835 0.0314696 0.206674 0.0231688 2.28149e-07 0.00228803 0.0294869 0.0654685 0.0883795 0.0336847 1.53936e-06 0.0201106 8.22857e-05 0.00652633 
0.0976186 4.77889e-06 0.024281 0.0177295 0.0510387 0.000503732 0.00397517 0.0042653 0.00214618 3.30316e-05 5.57193e-06 0.000211789 0.00267819 0.00763195 0.0193834 0.011373 0.309109 0.0495472 4.22418e-06 0.00773149 0.0226549 0.00547566 0.18447 0.12469 1.75475e-06 0.0533564 7.91755e-05 2.75155e-07 
0.0280142 0.00447034 0.00026912 0.00666962 0.0614108 0.0101458 0.00517859 0.00295381 0.00477332 0.020256 0.000907671 3.44721e-08 0.000489752 0.00714139 0.0380266 0.102885 0.402936 0.00159576 2.60818e-05 0.00244484 0.170031 0.00179263 0.0824623 0.0208571 5.27832e-05 0.023756 0.000266251 0.000187783 
0.010535 1.32755e-07 4.82414e-07 0.151364 0.0612743 8.58609e-05 0.174768 0.007861 0.000103767 0.00270113 3.55455e-07 4.53833e-07 0.00200963 0.00678233 0.0528457 0.00246291 0.188943 0.0342425 8.61823e-11 0.00385396 0.11647 0.0356336 0.0804133 0.000374114 1.60784e-08 0.066978 1.66061e-07 0.00029598 
0.0365523 0.00141146 0.00100969 0.0280364 0.0309979 0.00957764 0.00815535 0.00772776 0.000384247 0.0199441 0.000460141 0.00410646 0.000272554 0.0207666 0.0337487 0.238813 0.245682 0.0175597 7.18876e-08 0.00258303 0.163415 0.0248161 0.066047 0.0188401 0.00782216 0.0088995 0.00204044 0.000330718 
0.0355576 0.000609555 0.00130398 0.016605 0.0180288 0.000617201 0.0282813 0.00149777 0.000774571 0.000781965 0.000353345 1.44577e-06 0.000744303 0.0055421 0.0128928 0.0146609 0.44165 0.0145684 2.85343e-06 0.00792647 0.063329 0.00813181 0.0279415 0.266111 0.00152043 0.0269463 0.0032427 0.00037758 
0.143053 2.04279e-05 8.57502e-05 0.0530931 0.0895984 0.000787626 0.0127837 0.019918 0.000721908 0.00121757 0.000330711 0.0125272 0.000193011 0.0486048 0.0553303 0.0299326 0.165426 0.13745 6.74264e-08 0.00582871 0.0342996 0.0278086 0.0433527 0.00792613 0.000110979 0.109244 0.00023755 0.000117157 
0.0189121 0.000277484 0.00180557 0.092652 0.0233542 0.0106962 0.043949 0.000197799 0.000121858 0.000309556 4.317e-11 0.0336141 8.72515e-05 0.0136312 0.00139145 0.00540727 0.22902 0.0774958 4.35313e-11 0.000122789 0.189319 0.177717 0.0442022 0.00568717 0.000200743 0.0284039 0.000669 0.000755862 
0.0251318 1.76944e-05 0.0120781 0.00542181 0.16423 1.77085e-06 0.00213873 0.000854255 4.8999e-07 7.34246e-05 0.000682155 1.26534e-09 9.28241e-05 0.0875859 0.0249167 0.0458711 0.167972 0.161386 0.000108206 0.00229922 0.0694778 0.024851 0.0614465 0.0750172 8.5582e-06 0.0676574 1.54064e-07 0.000678821 
0.0887566 4.58217e-05 1.90153e-06 0.00297063 0.00741614 0.000405624 0.0134012 8.97187e-05 0.000247497 3.39753e-05 0.000212541 0.000138542 3.12673e-07 0.00141454 0.00854038 0.209442 0.289831 0.010888 5.51876e-07 0.00551487 0.0371184 0.22922 0.0233269 0.0128937 0.0506847 0.00733453 6.614e-05 3.0345e-06 
0.0913172 0.000323463 0.00115018 0.0242147 0.0241457 0.0127595 0.00678931 0.0510193 0.00103733 0.0149958 0.000654969 0.000158907 0.00010814 0.017508 0.0402405 0.0594261 0.186619 0.0662476 1.1397e-05 0.017195 0.126793 0.00799168 0.18245 0.0225263 0.00749992 0.0211597 0.0138094 0.00184819 
0.0171608 3.51467e-05 3.14363e-06 0.0453507 0.0509284 0.000654657 0.0041372 0.0118578 4.4174e-07 0.000358557 0.00187217 2.98869e-10 6.56988e-05 0.186952 0.017334 0.0428851 0.31935 0.00410875 5.76074e-08 0.00286229 0.056914 0.0724654 0.0511253 0.0106968 0.0982478 0.00219836 0.00238409 5.16203e-05 
0.121778 0.000328857 2.85057e-05 0.0244672 0.00239285 0.00356647 0.0224171 0.00137241 0.00575377 0.0057455 0.000129559 5.23226e-07 2.95221e-05 0.0454988 0.0484763 0.135381 0.364964 0.0490713 2.74981e-05 0.00346947 0.0490375 0.0173708 0.0397924 0.0369192 4.32001e-05 0.0203672 0.00152324 4.85321e-05 
0.0330357 7.96172e-06 2.50295e-05 0.0171262 0.0277625 3.28219e-08 0.000103247 1.85984e-05 0.000108979 0.00105352 3.76457e-08 4.13181e-06 5.33372e-08 0.00296767 0.0102674 0.078781 0.640744 0.000464136 3.79609e-08 0.00854795 0.00255077 0.000120391 1.05149e-05 0.154069 9.37144e-07 0.0222291 3.35894e-07 2.65568e-08 
0.0103039 0.0067482 2.24005e-08 0.00210083 0.176096 0.00014241 0.00207913 0.000177816 0.00122413 0.00348486 0.00243865 2.96504e-06 6.92927e-05 0.0112974 0.0150752 0.00922819 0.296267 0.00215292 1.13471e-08 0.000843011 0.0982849 0.0955708 0.195128 0.0037221 0.0634522 0.00405543 4.95123e-05 4.4079e-06 
