0.00757512 1.80781e-05 2.69443e-05 0.0824072 0.147077 2.5557e-05 0.0283932 2.48483e-06 0.0621712 0.00088812 2.62927e-05 0.000362971 1.06474e-06 0.000766449 0.069805 0.0692607 0.155115 0.295555 1.23133e-07 0.000100431 0.0120175 0.0119326 0.00795424 0.0279038 1.16343e-06 0.020499 1.07189e-05 0.000103151 
0.34899 0.000480155 4.29753e-06 0.00573982 0.00220188 2.68262e-06 0.00104814 2.54349e-06 4.17724e-05 0.0258897 0.000298434 3.06279e-08 7.24089e-06 0.0473724 0.0046494 0.00839256 0.00286631 0.452075 2.38637e-06 0.0169218 0.0525014 3.2507e-05 0.00629813 0.0228882 5.37547e-06 0.00125099 2.94077e-06 3.40645e-05 
0.0259822 0.00128306 1.94708e-08 0.0474424 0.000321808 0.000114938 0.0251084 1.46828e-05 9.51594e-07 0.00449123 0.0186512 3.86518e-08 7.47013e-06 0.040437 0.0960953 0.0537254 0.0037565 0.439085 4.15154e-07 0.00176452 0.00101676 0.000618511 0.104413 0.104862 0.00506931 0.0248719 0.000197354 0.000668221 
0.0290109 0.00057948 0.00184745 0.0180899 0.0317301 7.45871e-05 0.011521 0.000447206 0.00805407 0.00228908 6.12281e-05 3.04748e-08 3.3315e-05 0.0625165 0.0238339 0.00702508 0.0206634 0.371001 2.95346e-05 0.0014744 0.08379 0.00197376 0.112812 0.091626 0.000110012 0.118022 1.05569e-05 0.00137323 
0.0674291 0.000517947 0.00294015 0.0511578 0.0229304 0.000793034 0.0175446 0.00176661 0.00195758 0.0169299 0.00173375 2.9413e-05 0.000101706 0.136182 0.0449641 0.0160205 0.0289034 0.257888 4.85919e-05 0.00540047 0.0534079 0.0217034 0.0579311 0.074479 0.000174642 0.112862 0.00021282 0.00398969 
0.00709826 0.000436293 4.75824e-05 0.0127486 0.00963168 0.000379521 0.00523468 0.0046582 3.41779e-05 0.0167944 0.000247808 8.20081e-05 5.86134e-05 0.0172335 0.0113335 0.00354238 0.00240032 0.776332 3.75748e-07 0.000541032 0.0440773 0.00245366 0.0246631 0.00743461 2.72806e-05 0.0521979 7.16513e-06 0.000304083 
0.0191738 0.00481554 0.00152857 0.0318884 0.0575009 0.00314175 0.00641319 0.0065214 0.000908377 0.0274855 0.000253745 5.49305e-06 0.000281697 0.0452377 0.0296999 0.00292164 0.0161289 0.315629 3.51358e-05 0.00332847 0.0776053 0.00436795 0.166567 0.0124381 4.66314e-05 0.161193 5.41107e-05 0.00482828 
0.0197481 1.76876e-06 3.87399e-08 0.01605 0.0028746 5.17479e-06 2.61732e-08 0.000536606 4.29919e-05 0.00208675 7.93333e-05 1.00859e-05 8.84014e-05 0.0307294 0.0126301 0.000379304 0.00158313 0.753263 2.31311e-07 0.00021298 0.00650079 0.000168243 0.0430203 0.00600362 1.49775e-06 0.103266 1.44537e-06 0.000715646 
0.0290907 5.15907e-05 2.67012e-08 0.00347618 0.00489359 4.73458e-07 0.000185102 1.01247e-05 1.09104e-06 0.00229901 1.35905e-05 1.22458e-11 3.53457e-05 0.090421 0.014768 0.00135144 0.00144306 0.767531 1.69003e-06 0.000560375 0.00806316 0.000300649 0.0302603 0.0118837 5.60429e-05 0.0332449 1.1568e-05 4.60484e-05 
0.0152039 2.61392e-05 1.92945e-05 0.0037778 0.0031066 6.45317e-05 0.00587302 0.000135817 3.50952e-05 0.00209993 0.000275504 0.000248961 1.37089e-05 0.0504636 0.00593977 0.0359313 0.0534564 0.673104 1.83768e-06 0.000524311 0.046949 0.0282287 0.0350346 0.0198221 0.000100542 0.0192929 0.000232265 3.77509e-05 
0.0131484 0.000503546 0.000164974 0.0110174 0.00273149 0.000111862 0.00134406 0.00420178 9.5147e-06 0.0221063 0.000235284 1.16019e-06 5.73905e-05 0.0884365 0.00750117 0.000823601 0.00171202 0.738078 5.86061e-07 0.000352691 0.0200898 0.00185274 0.0134036 0.0122356 1.73259e-05 0.0591573 1.02871e-05 0.000696149 
0.00364501 0.0026171 1.48709e-06 0.0766581 0.073861 0.000422042 0.000863184 0.000269521 4.6087e-05 0.0536155 0.000255504 2.08889e-08 0.00147095 0.00145667 0.0142076 0.00011284 0.00125065 0.623713 1.917e-05 0.000690361 0.0102032 0.000377375 0.0327058 0.0121263 6.51324e-05 0.0491558 4.95824e-06 0.0401861 
0.00709826 0.000436293 4.75824e-05 0.0127486 0.00963168 0.000379521 0.00523468 0.0046582 3.41779e-05 0.0167944 0.000247808 8.20081e-05 5.86134e-05 0.0172335 0.0113335 0.00354238 0.00240032 0.776332 3.75748e-07 0.000541032 0.0440773 0.00245366 0.0246631 0.00743461 2.72806e-05 0.0521979 7.16513e-06 0.000304083 
0.0170809 6.11265e-05 1.13671e-05 0.0313588 0.0250872 0.00108088 0.00492164 0.00133089 0.000267393 0.0268758 3.78703e-05 3.89463e-05 0.000134336 0.0571822 0.0140439 0.0169529 0.0110819 0.252953 2.44084e-05 0.00224552 0.112141 0.00503425 0.193399 0.017694 5.60181e-05 0.19226 2.74788e-06 0.0166419 
0.0336459 2.4692e-05 0.00366864 0.00989924 0.0186513 4.44532e-05 0.000304796 0.00162055 0.000225433 0.0280907 0.000207243 1.38856e-06 2.84534e-05 0.0939059 0.00856655 0.0011468 0.00763778 0.413661 2.35294e-06 0.00238776 0.132894 0.00178492 0.0393228 0.0905855 0.000879635 0.107924 0.00178721 0.00110071 
0.0119274 0.000106947 2.73814e-05 0.0268913 0.00161111 3.59652e-05 0.0008545 0.000475066 6.78415e-06 0.0239565 8.04025e-05 7.33791e-09 0.000108218 0.0379152 0.0209653 7.4757e-05 0.000659537 0.830238 2.53272e-06 0.000151784 0.000880944 0.000175891 0.015353 0.00117191 3.07695e-05 0.023914 4.52633e-06 0.00238069 
0.00352281 8.75178e-05 6.60709e-06 0.0140812 0.00696648 4.35175e-06 0.0712372 0.000480524 0.0157379 0.00178113 2.09697e-05 0.00188993 3.20826e-05 0.00420873 0.0422161 0.0043476 0.000741454 0.447382 4.16601e-07 8.55318e-05 0.00866504 0.003014 0.32982 0.0020679 4.24663e-06 0.0409588 1.50592e-07 0.000639481 
0.106299 7.01201e-07 9.42101e-06 0.0260042 0.00780893 1.28795e-11 0.00759146 1.20518e-05 1.09549e-11 1.75195e-05 6.37883e-07 1.83608e-11 2.99763e-05 0.00440616 0.0161814 0.0268834 0.0757249 0.487457 1.09705e-08 0.000242472 0.012682 0.000123233 0.192495 0.0208937 1.3174e-06 0.0150755 5.04964e-05 9.7776e-06 
0.0269586 1.89028e-05 2.18392e-05 0.01497 0.0267031 0.000842065 0.00332529 0.000220561 0.000899769 0.00259681 2.40613e-05 1.12173e-08 0.000178669 0.0547535 0.0610373 0.0126852 0.0290883 0.561351 5.72531e-06 0.00501286 0.0125001 0.0207278 0.018098 0.0472491 4.11381e-05 0.100086 3.9521e-06 0.000600338 
0.0423762 0.00115406 0.000368282 0.0676325 0.0299486 0.000380196 0.0500789 0.00144776 0.00125297 0.0241494 0.000206707 1.07826e-05 0.000422559 0.077236 0.0471795 0.0247101 0.0171439 0.248294 2.87968e-05 0.00489687 0.0513577 0.00507461 0.139024 0.0310247 0.00662777 0.12402 0.00115523 0.00279885 
0.0242935 9.05888e-05 0.00152438 0.0385398 0.0293819 5.34607e-05 0.00633 0.0187307 0.00347243 0.0350033 0.000342715 0.000470003 0.000159403 0.124388 0.0921369 0.0105617 0.035289 0.191112 1.52495e-05 0.00126925 0.0483254 0.0198503 0.0833492 0.100436 0.00247601 0.121848 0.00352607 0.0070248 
0.0373555 0.00021585 5.03231e-08 0.0554484 0.00691913 1.35535e-05 0.00599621 7.63521e-06 1.56609e-05 0.00191496 1.0246e-05 2.63498e-06 1.16716e-05 0.0948353 0.0624873 0.000912133 0.0113405 0.562898 6.17091e-05 0.00176056 0.00843822 6.51142e-05 0.0231508 0.00202517 0.000875096 0.0237186 4.01617e-06 0.0995158 
0.00739122 6.94293e-05 0.00109257 0.186382 0.00785128 4.63585e-05 0.166281 0.000781852 0.00205055 0.000624433 0.000271684 2.45079e-08 0.000141647 0.0103695 0.00963954 0.0195913 0.013949 0.389981 3.03164e-08 0.00489068 0.0103183 0.0181815 0.0455714 0.0864425 0.000638099 0.0125792 0.00479685 6.72518e-05 
0.00289526 0.000127129 1.24645e-05 0.0706971 0.0582178 0.000256457 0.00447707 0.00199447 0.000249035 0.00654582 2.43903e-05 8.34819e-09 0.000397148 0.0098981 0.0399629 0.00160935 0.00157869 0.422608 8.53797e-06 0.000685964 0.0120642 0.00250154 0.229427 0.00234158 5.68398e-06 0.129987 1.52835e-06 0.00142503 
0.0157615 0.000152662 3.51907e-06 0.0202224 0.0202809 0.000594913 0.0203571 0.00422398 0.00696549 0.000923323 0.000219906 6.94234e-07 1.94102e-05 0.231812 0.0915811 0.0168822 0.00977109 0.251985 1.82654e-06 0.000236237 0.0352701 0.0142804 0.168275 0.00414245 0.000216985 0.0730028 0.0114131 0.00140312 
0.0322908 5.99607e-05 2.16047e-05 0.0486158 0.00722663 2.82548e-05 0.145655 0.000113118 7.07084e-05 0.0285022 8.02114e-07 3.19816e-05 0.000414984 0.0220931 0.00837107 0.0447371 0.0198141 0.310851 5.10752e-06 0.000519631 0.00262967 0.00358307 0.068795 0.0144657 2.01746e-05 0.241006 3.62123e-06 7.43136e-05 
0.01793 0.000279859 0.000816554 0.0190415 0.0405106 0.000647244 0.00894259 0.00815185 0.000724544 0.0224014 6.16809e-05 1.29043e-05 0.000350255 0.0391638 0.0203569 0.00767243 0.00708925 0.249526 4.21729e-05 0.00146615 0.10756 0.00417128 0.112512 0.0933286 0.00832413 0.223465 0.00131389 0.00413691 
0.0541786 0.00108944 4.43264e-06 0.0174603 0.0116081 1.10246e-06 0.0117869 0.0013343 0.0647994 0.0501034 0.000230472 4.32284e-09 9.40557e-05 0.0674493 0.0646614 0.00997738 0.00589247 0.290128 8.73916e-06 0.000124944 0.0132642 0.00236716 0.202727 0.0249659 0.0131226 0.0864009 0.0058696 0.000350451 
0.0550232 0.00123462 0.000265437 0.0517202 0.040521 0.00640638 0.0147017 0.00468087 0.00435997 0.0321379 0.00366572 4.28578e-05 0.000259864 0.0190611 0.152564 0.0901239 0.0196451 0.167558 5.17638e-05 0.00302528 0.0599478 0.00653497 0.155319 0.0238166 0.000559517 0.0835309 0.000153992 0.00308928 
0.00527633 7.70245e-05 2.02829e-05 0.194461 0.114436 0.0286801 0.00904451 2.56839e-05 0.0193099 0.0197542 0.000198485 2.98476e-06 3.69472e-05 0.0299632 0.0148519 0.00870074 0.126423 0.207974 3.22018e-05 0.00107966 0.00587998 0.000606659 0.0166051 0.0340162 2.05324e-06 0.162517 2.5216e-05 1.60121e-08 
0.145255 0.000442787 1.93437e-06 0.00888142 0.00105906 0.000304226 0.00254442 5.93741e-07 1.97069e-05 0.00379116 0.000132948 4.78823e-09 1.09179e-05 0.0544155 0.0172878 0.0256032 0.011274 0.309411 2.52922e-06 0.00228083 0.0806865 2.83877e-05 0.0181632 0.0906763 1.87841e-06 0.227692 2.27533e-05 9.54109e-06 
0.0452999 0.000151874 0.00144203 0.0516946 0.0248027 9.329e-05 0.00741375 0.00497541 8.1131e-06 0.00232161 0.000186516 1.06815e-11 0.000182242 0.0504684 0.0569915 0.00737917 0.00595453 0.308679 0.00190709 0.00845848 0.0915634 0.00766599 0.177505 0.0628437 0.00155553 0.0799939 0.0001673 0.000295248 
0.0785435 0.000109675 9.67723e-06 0.0313301 0.0274014 0.000321017 0.0123278 0.000610557 3.44303e-05 0.0134052 0.000117952 2.58806e-09 1.8082e-05 0.0645444 0.211046 0.0797273 0.0200435 0.282759 7.76016e-08 0.00445926 0.0328996 0.0018684 0.0711229 0.0379769 0.000168872 0.0288993 0.000196426 5.84923e-05 
0.10048 5.2017e-07 0.000101005 0.0720759 0.0116161 0.0185196 0.0256085 0.00169127 1.41062e-07 0.000202512 2.78893e-09 3.30844e-11 2.14465e-05 0.0128249 0.0680926 0.0399746 0.0542421 0.423231 1.37516e-08 0.000280696 0.0132098 8.80635e-05 0.110968 0.0237708 9.44482e-07 0.022905 1.03418e-05 8.39229e-05 
0.0221186 5.1273e-05 0.00176254 0.0189063 0.0149352 0.000344844 0.00183842 0.000587361 0.000127812 0.00285647 0.00237409 2.53697e-08 0.000132715 0.0258928 0.0966507 0.0138655 0.0185055 0.255195 3.87579e-05 0.00216673 0.0370206 0.0249958 0.189458 0.11916 6.77712e-05 0.149401 8.41619e-06 0.00153779 
0.0299518 4.79098e-05 0.000993894 0.0288108 0.00113545 5.48522e-05 0.0272924 0.000726779 0.10646 0.0131668 0.00382297 1.0972e-08 6.4841e-05 0.0679691 0.0702071 0.00135682 0.00481911 0.377432 4.39142e-05 0.00145646 0.0121588 0.0156091 0.0697287 0.113147 0.0207293 0.0317143 0.000762663 0.000337002 
0.014251 7.06291e-05 7.37317e-06 0.0956732 0.0315423 5.79149e-08 0.0128968 7.81813e-05 2.43666e-07 0.000739307 1.54466e-06 3.91401e-09 2.79906e-05 0.000639412 0.0540635 0.0059417 0.00125015 0.392938 2.20764e-08 0.00116407 0.0115994 0.00038004 0.35873 0.00135941 1.33954e-06 0.014462 8.49177e-07 0.00218135 
0.00242365 1.31175e-05 2.87219e-08 0.00173891 0.00178251 1.34425e-05 0.000113114 5.64601e-05 1.42918e-08 0.00211119 4.36862e-06 9.37064e-12 7.87484e-07 0.00352963 0.0458615 0.00101251 0.000550079 0.846758 1.65041e-06 0.000928923 0.0011293 0.000228295 0.0322067 0.050225 5.82724e-06 0.00926649 6.95983e-07 3.79808e-05 
0.0114041 0.000218394 6.06691e-06 0.00567048 0.0302872 8.30436e-05 0.000642851 0.000766215 0.000831131 0.00618858 5.76178e-05 4.78683e-11 5.0313e-05 0.0661385 0.0152398 0.000759773 0.00116809 0.601122 1.63885e-05 5.2314e-05 0.0195463 0.00305663 0.206727 0.00214842 5.06945e-05 0.0262136 4.76339e-06 0.00154931 
0.00766891 0.00122139 1.54217e-05 0.0331191 0.0572788 0.000293527 0.00171317 0.000395587 0.000318458 0.0145773 0.000208297 1.47243e-08 0.000548766 0.0351123 0.028425 0.00116573 0.00314249 0.557099 2.14087e-05 0.00105673 0.0236014 0.000651934 0.112673 0.0125307 2.82665e-05 0.0958447 4.70823e-06 0.0112843 
0.171551 0.000239452 0.000240306 0.0197046 0.00571176 4.05737e-05 0.00194227 0.000518205 6.72844e-06 0.00268994 1.5181e-05 8.82941e-07 0.00017452 0.0054604 0.0890227 0.000378863 0.000590146 0.474593 0.00036518 0.0154922 0.0373657 0.000342487 0.00801468 0.0702782 6.94135e-06 0.0952057 4.0957e-06 4.48983e-05 
0.0176094 2.71488e-08 1.18008e-08 2.27195e-08 9.67738e-10 1.03234e-08 7.89698e-08 0.000599413 0.23085 0.000194783 3.37719e-08 5.7652e-12 3.09149e-08 0.187414 0.0453626 3.74299e-07 0.00321111 0.437369 1.4088e-09 6.65405e-05 0.000116672 0.00191615 0.0360706 0.0084866 0.000292862 0.0303691 3.21184e-08 6.99071e-05 
0.106992 1.39479e-05 2.13912e-07 0.000299847 0.00176896 3.03404e-06 0.00163207 3.05725e-06 1.50171e-08 0.000572789 6.18179e-06 4.12447e-10 7.49641e-06 0.0143911 0.00436504 7.1039e-05 4.00346e-05 0.448763 2.87761e-07 0.13723 0.0137862 2.74677e-06 0.0137232 0.254259 2.27342e-06 0.0020455 1.13128e-05 9.84782e-06 
0.120502 0.0001618 2.83787e-05 0.10954 0.0181717 1.34466e-05 0.00646374 0.00026496 0.000299663 0.0124729 0.00117552 3.01337e-06 0.0104639 0.0320925 0.0740598 0.00428141 0.0797506 0.153519 3.64197e-07 0.00349428 0.064596 0.122733 0.0859768 0.0393884 0.0090463 0.0504981 2.7158e-05 0.000974835 
0.0188232 0.00402922 0.00016604 0.0752149 0.0333496 3.46034e-05 0.00676426 0.00726322 0.00305586 0.032041 0.000381404 1.20637e-08 0.00122138 0.0382089 0.130234 0.00157354 0.00796067 0.436373 7.89649e-06 0.00408334 0.015784 0.00553559 0.0329131 0.067334 0.0201907 0.0530405 0.000278874 0.00413712 
0.0429908 3.93632e-05 0.00786072 0.0358086 0.00553789 0.000122518 0.00179289 0.00154059 2.76979e-09 0.0128536 0.00177108 1.86924e-11 9.34964e-05 0.200597 0.0299296 0.00320435 0.0115017 0.364323 2.31997e-05 0.00304629 0.0899185 0.00288139 0.101528 0.043476 0.00262825 0.0335194 0.00265272 0.000359651 
0.0429141 3.07792e-05 0.000309095 0.0246539 0.0148299 0.00101896 0.0122348 0.000833498 0.000172723 0.0127828 3.49023e-05 0.000745481 0.0004303 0.0545656 0.0228212 0.00744238 0.00602989 0.346017 1.61467e-05 0.00568642 0.117978 0.00140552 0.210685 0.0201335 5.23888e-05 0.0961483 5.82847e-06 2.13212e-05 
0.00485575 0.000365343 6.28018e-05 0.0108482 0.00257688 0.000150649 0.00138508 0.00597631 1.33443e-05 0.0126489 0.000249679 1.86784e-06 7.01922e-05 0.0218511 0.00420791 0.000639012 0.00147393 0.847349 3.61431e-07 0.000210624 0.0123204 0.00236239 0.0085315 0.0088566 1.16667e-05 0.0523808 2.33097e-06 0.000597156 
0.00153992 0.000147294 3.13273e-09 0.0848373 0.0202465 0.000378397 0.0026723 0.00214558 0.000509025 0.0121686 8.32831e-05 1.74428e-08 0.000257361 0.0015899 0.0190171 0.00423443 0.012091 0.648892 2.60366e-07 8.5151e-05 0.0130845 0.00421239 0.127543 0.000538293 7.00339e-05 0.0384623 1.56669e-05 0.00517797 
0.0106753 7.21695e-05 1.46821e-08 0.00254344 0.000896123 6.55796e-07 0.000209542 1.41498e-05 3.06117e-05 0.00223032 2.63052e-05 3.00529e-12 2.19976e-06 0.114969 0.0093809 0.000379622 0.000221548 0.718082 2.3916e-07 0.000150057 0.0133188 5.77414e-05 0.0605648 0.00299744 1.23066e-05 0.0630762 7.37553e-06 8.1041e-05 
0.0205879 0.000141028 1.55137e-06 0.157452 0.0444387 0.000622828 0.0238106 0.00405973 0.000466151 0.0528419 0.00576715 4.90872e-08 2.98322e-05 0.0107375 0.0241027 0.0114125 0.00528111 0.482868 9.32955e-07 0.0144041 0.00394319 0.00171915 0.0592299 0.0151283 5.83904e-06 0.0595528 0.000246112 0.00114799 
0.0174965 7.82358e-05 9.96457e-05 0.0591128 0.00459659 0.00117211 0.00377024 0.0200854 0.0014303 0.00964832 8.27539e-05 4.14389e-08 8.97982e-05 0.128154 0.0369268 0.0011681 0.00250973 0.661677 3.6162e-06 0.000755973 0.00416379 0.00082065 0.0182394 0.00286074 2.22259e-05 0.0241321 3.10745e-06 0.000900166 
0.0541786 0.00108944 4.43264e-06 0.0174603 0.0116081 1.10246e-06 0.0117869 0.0013343 0.0647994 0.0501034 0.000230472 4.32284e-09 9.40557e-05 0.0674493 0.0646614 0.00997738 0.00589247 0.290128 8.73916e-06 0.000124944 0.0132642 0.00236716 0.202727 0.0249659 0.0131226 0.0864009 0.0058696 0.000350451 
0.0110827 0.000145795 3.12951e-05 0.0896967 0.128434 4.65872e-05 0.0132636 0.00271142 0.0143629 0.0565184 5.74046e-05 3.66098e-11 0.000111362 0.0133322 0.114588 0.00112091 0.00265774 0.318876 1.56596e-06 0.00158489 0.0247593 0.00396092 0.149807 0.0315186 9.05138e-06 0.0205807 8.69212e-06 0.000731881 
0.080167 0.000760864 0.000310495 0.0395583 0.0523206 0.00174352 0.0149219 0.0022041 0.00184829 0.010115 0.0019779 0.000304032 0.000229166 0.0888377 0.0346687 0.0323968 0.0228784 0.15587 4.76713e-05 0.0130816 0.0532399 0.00662888 0.136733 0.0960654 0.000713968 0.148939 0.000358486 0.00307926 
0.00709826 0.000436293 4.75824e-05 0.0127486 0.00963168 0.000379521 0.00523468 0.0046582 3.41779e-05 0.0167944 0.000247808 8.20081e-05 5.86134e-05 0.0172335 0.0113335 0.00354238 0.00240032 0.776332 3.75748e-07 0.000541032 0.0440773 0.00245366 0.0246631 0.00743461 2.72806e-05 0.0521979 7.16513e-06 0.000304083 
0.108804 2.85868e-05 0.00451919 0.0923595 0.0322768 0.000140399 0.0274335 0.000103253 0.000129386 0.0099788 5.10359e-06 6.17231e-07 7.837e-05 0.116054 0.0799977 0.00456394 0.00426615 0.232813 2.6127e-05 0.00458901 0.102409 0.000990618 0.121696 0.0330217 7.64163e-05 0.0219586 0.000141932 0.0015386 
0.220301 5.71512e-05 2.17543e-08 0.0351792 0.00209432 7.07309e-06 0.038625 0.00435743 0.000635298 0.0298996 1.0671e-05 1.0422e-11 6.94569e-06 0.00719566 0.01644 0.141705 0.0146919 0.221606 3.06517e-09 2.86874e-07 0.0394516 0.00247978 0.118527 0.0218631 1.8071e-06 0.0847852 1.67229e-06 7.77958e-05 
0.01904 0.018177 3.65256e-05 0.0104326 0.0262065 8.5836e-06 0.013338 0.00122491 0.00533323 0.00211532 0.000174916 4.0664e-11 0.000895213 0.0500898 0.0417367 0.00648278 0.0133846 0.378201 2.05593e-06 0.00182224 0.0377845 0.00224444 0.0228266 0.00633535 0.000113228 0.341739 3.12289e-05 0.000222866 
0.0290907 5.15907e-05 2.67012e-08 0.00347618 0.00489359 4.73458e-07 0.000185102 1.01247e-05 1.09104e-06 0.00229901 1.35905e-05 1.22458e-11 3.53457e-05 0.090421 0.014768 0.00135144 0.00144306 0.767531 1.69003e-06 0.000560375 0.00806316 0.000300649 0.0302603 0.0118837 5.60429e-05 0.0332449 1.1568e-05 4.60484e-05 
0.0756798 4.42721e-05 0.000680189 0.02175 0.00052712 0.000783774 0.00972118 0.000295956 4.1093e-07 0.069445 4.10037e-05 6.00765e-11 0.000241908 0.12305 0.0619632 0.00456167 0.0110933 0.398453 1.22264e-06 0.00212991 0.0252022 0.000581042 0.0128319 0.137969 8.19353e-05 0.0420545 0.000746306 7.06515e-05 
0.034665 4.68e-05 0.000199515 0.0112061 0.0230723 2.5317e-05 0.00135481 0.0023243 0.00538421 0.0030252 0.00284483 2.61526e-06 1.50259e-05 0.079048 0.0469248 0.00903684 0.0379802 0.248862 7.44421e-06 0.00109563 0.0417054 0.119394 0.242291 0.0347758 0.00284439 0.0509594 0.000297716 0.000611243 
0.0163995 1.88541e-05 3.29318e-06 0.0341068 0.0107229 4.68511e-05 0.0291753 3.30599e-05 2.89299e-05 0.00016452 1.12917e-05 2.19002e-05 0.000218039 0.123268 0.0192516 0.0201498 0.0257013 0.491536 1.58537e-07 0.00971876 0.0250922 0.0127022 0.0259326 0.0821337 5.94339e-05 0.0734972 1.21798e-08 5.57676e-06 
0.0593571 0.000667196 0.000783258 0.0588129 0.0658015 0.00282259 0.00846743 0.00181555 0.000623768 0.0467247 9.24439e-06 3.86493e-09 0.000104417 0.0375138 0.0857128 0.00321713 0.0161207 0.237378 2.76248e-05 0.020087 0.0330754 0.000303897 0.166802 0.0709553 5.36755e-05 0.0496005 5.28703e-05 0.0331089 
0.0386274 0.00176416 0.000236489 0.0595174 0.0440151 0.00217603 0.00863245 0.00822217 0.00639212 0.013593 0.00137572 1.58683e-06 0.0219494 0.0794428 0.14547 0.0230887 0.0237146 0.204839 4.56975e-05 0.0058899 0.0381969 0.0168206 0.12333 0.0247809 0.00906686 0.0942333 0.000849324 0.00372917 
0.0290907 5.15907e-05 2.67012e-08 0.00347618 0.00489359 4.73458e-07 0.000185102 1.01247e-05 1.09104e-06 0.00229901 1.35905e-05 1.22458e-11 3.53457e-05 0.090421 0.014768 0.00135144 0.00144306 0.767531 1.69003e-06 0.000560375 0.00806316 0.000300649 0.0302603 0.0118837 5.60429e-05 0.0332449 1.1568e-05 4.60484e-05 
0.0042156 0.00122302 6.96268e-07 0.0341745 0.0928547 0.00015174 0.00293769 9.67893e-05 1.6652e-05 0.0192648 9.19463e-05 0.0318199 0.000528336 0.00120258 0.017048 0.00246976 0.0233718 0.61839 7.01708e-06 0.000271924 0.0279964 0.000135247 0.0662119 0.0061646 0.000143004 0.0291122 1.9005e-06 0.020097 
0.0124463 2.95448e-05 7.04334e-09 0.00153701 2.36798e-06 4.32526e-07 0.00137034 0.000384284 0.223554 0.000127238 2.01398e-08 1.3841e-08 1.10386e-05 0.0999139 0.0679456 0.0020667 0.00357669 0.446638 3.69206e-07 3.23991e-05 0.000164579 0.00137636 0.0299963 0.041104 0.0435294 0.0225918 0.00148535 0.000115604 
0.0136958 5.10979e-05 3.43124e-06 0.0280074 0.0296898 1.75927e-07 0.0019395 0.00491625 0.0345534 0.0050997 0.0148194 2.55107e-11 4.34761e-05 0.185476 0.0420942 0.00805353 0.00488285 0.303306 1.77145e-06 0.0039856 0.0142704 0.00520548 0.0467573 0.0655132 0.000110639 0.182635 7.69514e-06 0.00488005 
0.00242365 1.31175e-05 2.87219e-08 0.00173891 0.00178251 1.34425e-05 0.000113114 5.64601e-05 1.42918e-08 0.00211119 4.36862e-06 9.37064e-12 7.87484e-07 0.00352963 0.0458615 0.00101251 0.000550079 0.846758 1.65041e-06 0.000928923 0.0011293 0.000228295 0.0322067 0.050225 5.82724e-06 0.00926649 6.95983e-07 3.79808e-05 
0.0665274 0.00145078 0.00306844 0.0808033 0.0519532 0.000264998 0.0185114 0.00381892 0.00332504 0.0302841 0.000214607 5.8658e-07 0.000311203 0.0330816 0.0692212 0.0106966 0.0280442 0.3085 2.40454e-05 0.00598724 0.0367376 0.00336924 0.0468615 0.0765278 4.4275e-05 0.119594 0.000164773 0.000612086 
0.00709826 0.000436293 4.75824e-05 0.0127486 0.00963168 0.000379521 0.00523468 0.0046582 3.41779e-05 0.0167944 0.000247808 8.20081e-05 5.86134e-05 0.0172335 0.0113335 0.00354238 0.00240032 0.776332 3.75748e-07 0.000541032 0.0440773 0.00245366 0.0246631 0.00743461 2.72806e-05 0.0521979 7.16513e-06 0.000304083 
4.8242e-07 1.95869e-11 2.97468e-11 1.99142e-06 1.36876e-06 8.5901e-08 5.326e-07 3.68211e-07 7.06824e-07 1.11962e-06 3.15798e-07 3.60069e-11 1.31384e-07 1.98039e-06 2.96331e-06 0.000347175 1.07288e-08 0.793803 4.38474e-08 1.28913e-11 5.04799e-07 5.65344e-07 0.0831937 9.37855e-07 4.0395e-08 0.121648 3.3405e-11 0.000994225 
0.0152039 2.61392e-05 1.92945e-05 0.0037778 0.0031066 6.45317e-05 0.00587302 0.000135817 3.50952e-05 0.00209993 0.000275504 0.000248961 1.37089e-05 0.0504636 0.00593977 0.0359313 0.0534564 0.673104 1.83768e-06 0.000524311 0.046949 0.0282287 0.0350346 0.0198221 0.000100542 0.0192929 0.000232265 3.77509e-05 
0.0101552 0.000271801 1.63111e-10 0.0113812 0.00234305 8.29346e-05 0.00167522 0.000344894 0.00806136 0.00284919 0.000138732 4.09295e-08 1.94991e-05 0.0552494 0.010023 0.000520319 0.00159128 0.50307 1.05064e-05 2.65369e-05 0.0193641 0.000897812 0.092777 0.00667434 1.54847e-06 0.272413 3.52567e-05 2.28262e-05 
0.00710805 0.000181324 0.000136801 0.122041 0.039974 0.000892889 0.0764945 0.0437773 0.000178009 0.0177175 0.000331798 3.62769e-08 0.000287487 0.0218002 0.0377592 0.0393389 0.0276057 0.266551 2.86616e-05 0.000215286 0.0438327 0.00657928 0.105398 0.0328851 0.000774946 0.0973805 0.00647668 0.00425377 
0.00663841 0.00318458 4.40967e-05 0.0967758 0.0971478 8.90084e-05 0.0473638 0.0193903 0.00022834 0.00641052 9.36475e-05 1.50949e-06 0.00038081 0.0815103 0.0376244 0.00706413 0.0168285 0.422971 6.69362e-05 0.00319537 0.0891227 0.0101122 0.0175042 0.019916 8.72384e-05 0.0132628 0.00216165 0.000823605 
0.0152176 5.36707e-05 0.000288978 0.0362083 0.199143 0.000130862 0.000556175 0.045112 0.000220915 0.00590396 0.000300565 1.64117e-06 0.000213151 0.158662 0.0484257 0.000405536 0.00319576 0.240182 8.87069e-05 0.00140658 0.0727185 0.0400714 0.0551323 0.0335462 0.000100138 0.0406132 7.10881e-06 0.00209462 
0.297249 2.20873e-05 8.33316e-05 7.85358e-05 1.66858e-08 0.000246592 0.00341837 8.73047e-08 2.86234e-06 6.15912e-06 1.40131e-07 1.74172e-07 1.98541e-07 0.00267887 0.00143064 0.0693409 0.00193243 0.572729 7.67978e-05 0.000498184 5.34173e-05 5.31172e-05 0.0112312 0.0343218 2.4525e-05 0.00452123 1.61586e-07 9.88543e-08 
0.0290907 5.15907e-05 2.67012e-08 0.00347618 0.00489359 4.73458e-07 0.000185102 1.01247e-05 1.09104e-06 0.00229901 1.35905e-05 1.22458e-11 3.53457e-05 0.090421 0.014768 0.00135144 0.00144306 0.767531 1.69003e-06 0.000560375 0.00806316 0.000300649 0.0302603 0.0118837 5.60429e-05 0.0332449 1.1568e-05 4.60484e-05 
0.0137787 7.31359e-05 3.171e-07 0.0845241 0.0598458 0.000924751 0.0122082 0.000165192 0.000283895 0.0237437 4.71852e-06 0.00597775 5.02521e-05 0.0104837 0.0311945 0.0031705 0.0199439 0.566528 2.55829e-06 0.000771501 0.0212934 0.0305438 0.0632469 0.0160779 8.99041e-05 0.034311 5.59132e-05 0.000706074 
0.108943 2.82601e-10 1.66974e-05 0.0729171 9.55812e-07 0.0389183 0.00607341 0.00176381 1.43063e-06 0.00166355 4.17976e-10 5.1951e-10 9.58612e-08 0.0224379 0.196664 0.00829517 0.0922782 0.296946 4.21475e-10 0.000152138 0.0166752 7.03178e-05 0.044531 0.0273345 8.2076e-11 0.0643162 6.63036e-07 5.52653e-07 
0.0263497 0.000390805 5.85775e-06 0.0318207 0.0378734 2.18183e-05 0.0605967 2.24709e-05 0.000269822 0.0156222 7.69082e-05 4.69091e-06 7.69516e-05 0.0528175 0.0274285 0.0124803 0.00322355 0.411458 8.36673e-08 0.00135894 0.0443025 0.00020806 0.184963 0.0616248 4.8828e-05 0.00415439 5.48568e-06 0.0227938 
0.0119274 0.000106947 2.73814e-05 0.0268913 0.00161111 3.59652e-05 0.0008545 0.000475066 6.78415e-06 0.0239565 8.04025e-05 7.33791e-09 0.000108218 0.0379152 0.0209653 7.4757e-05 0.000659537 0.830238 2.53272e-06 0.000151784 0.000880944 0.000175891 0.015353 0.00117191 3.07695e-05 0.023914 4.52633e-06 0.00238069 
0.0176094 2.71488e-08 1.18008e-08 2.27195e-08 9.67738e-10 1.03234e-08 7.89698e-08 0.000599413 0.23085 0.000194783 3.37719e-08 5.7652e-12 3.09149e-08 0.187414 0.0453626 3.74299e-07 0.00321111 0.437369 1.4088e-09 6.65405e-05 0.000116672 0.00191615 0.0360706 0.0084866 0.000292862 0.0303691 3.21184e-08 6.99071e-05 
0.0425771 0.00191584 0.000585945 0.0599618 0.107536 0.0288042 0.00579345 0.00872196 0.0111926 0.0143717 0.000597732 1.69337e-09 0.000288833 0.10535 0.0754682 0.0505427 0.030743 0.142694 2.36296e-06 0.00186091 0.0897938 0.0104232 0.140554 0.0198557 0.000787186 0.0436441 0.00575121 0.000182801 
0.114808 0.00039191 0.0168941 0.0187568 0.000953353 7.36885e-05 0.0118255 0.00345851 1.36688e-10 0.0232035 0.00076371 2.29093e-10 4.88331e-05 0.119188 0.0141838 0.00618965 0.0189672 0.307338 2.15625e-06 0.00438122 0.0623097 0.00298401 0.118334 0.0412254 0.00149404 0.0942626 0.0178735 8.8814e-05 
0.00786672 0.00188722 1.00569e-06 0.0511056 0.0579008 0.000281505 0.00175924 0.000179735 3.07402e-05 0.0357439 0.000170382 2.77211e-08 0.00098082 0.00224321 0.0281393 0.000999617 0.00536745 0.668351 1.28025e-05 0.000460305 0.0101848 0.000251621 0.0334016 0.0115038 4.34361e-05 0.0543381 3.31541e-06 0.0267917 
0.0184255 9.01731e-06 7.37137e-06 0.0366213 0.0134291 2.32512e-07 3.34395e-05 0.00389552 3.65506e-10 0.00551713 0.0138359 8.0426e-07 5.20471e-05 0.205362 0.0073973 0.0194279 0.0519148 0.303453 1.51171e-07 0.000451759 0.0252354 0.00379028 0.108329 0.141083 0.00198954 0.0368438 7.599e-06 0.00288732 
0.0212641 0.00050753 1.96988e-05 0.00513777 0.00274134 0.00034925 0.0152442 0.000693573 4.87569e-06 2.57448e-05 0.000102474 9.41471e-11 6.06427e-06 0.0452881 0.0745483 0.149187 0.00622443 0.342925 2.44073e-05 0.00565158 0.00328349 0.00119852 0.238487 0.0681973 1.52707e-05 0.0185843 5.80478e-05 0.000230152 
0.00460464 0.0019016 1.85914e-05 0.0397195 0.124124 3.42151e-05 0.0099964 0.00124111 0.00921864 0.00409704 0.0015689 7.45311e-10 0.00479336 0.0427869 0.0681696 0.000143647 0.0014422 0.528841 0.000171464 0.000556951 0.0101715 0.00193061 0.040266 0.0281861 5.22613e-05 0.00731756 3.44513e-05 0.0686116 
0.119715 7.6734e-08 1.66244e-10 3.10831e-08 0.00347414 1.41156e-10 7.91447e-07 1.00868e-10 1.20063e-10 2.04281e-11 1.61901e-10 2.01229e-10 3.90183e-07 7.96507e-07 0.064332 1.29191e-06 4.07501e-06 0.754828 1.63256e-10 2.45025e-07 6.59728e-07 6.12294e-11 0.0064071 0.0216857 3.17917e-11 0.0295497 1.86688e-10 1.14211e-10 
0.00238656 4.97963e-05 6.32489e-08 0.0338956 0.088521 0.000151457 6.62648e-05 0.00107937 5.98483e-05 0.0108916 9.84676e-05 7.99233e-12 0.00121058 0.00353825 0.137248 1.67252e-08 0.000167917 0.597417 1.64299e-05 0.00131502 0.0199082 0.000484282 0.0420938 0.0416583 3.00817e-05 0.0164836 5.15657e-09 0.00122762 
0.000745336 4.21482e-05 1.83124e-05 0.0274311 0.0138298 0.000213838 0.000546513 0.000465152 0.000551756 0.00627291 0.000111893 0.000101969 0.000307548 0.00108444 0.00545384 0.000343435 0.00115631 0.807522 4.03977e-05 2.0923e-05 0.00612581 0.00027597 0.106861 3.37512e-05 3.06699e-05 0.0170142 5.11428e-05 0.00334811 
0.053385 0.000107077 2.57522e-07 0.0546857 0.00323085 0.00162026 0.0120675 9.58534e-05 2.82661e-05 0.0302125 0.000107236 1.26414e-10 8.76939e-05 0.0339626 0.0493431 0.0421675 0.016189 0.273755 1.27396e-06 0.00682446 0.0151848 0.000933693 0.109928 0.0265612 8.28762e-06 0.268041 0.00143228 3.95845e-05 
0.0011046 0.000447407 0.00817058 0.0685769 0.0310434 7.33408e-05 0.00473792 0.00145468 0.00119838 0.0207718 8.98718e-05 1.08684e-05 0.000254071 0.0145795 0.0398762 0.00937087 0.0198218 0.406773 4.99222e-05 0.000167663 0.00783881 0.00944034 0.0310018 0.295851 0.00814527 0.0179073 0.000174667 0.00106822 
0.00766891 0.00122139 1.54217e-05 0.0331191 0.0572788 0.000293527 0.00171317 0.000395587 0.000318458 0.0145773 0.000208297 1.47243e-08 0.000548766 0.0351123 0.028425 0.00116573 0.00314249 0.557099 2.14087e-05 0.00105673 0.0236014 0.000651934 0.112673 0.0125307 2.82665e-05 0.0958447 4.70823e-06 0.0112843 
0.0055439 0.00015941 2.47276e-06 0.0203011 0.0750237 0.00110167 0.00384128 0.00284671 0.00131901 0.000355782 0.000142083 6.46737e-11 4.50716e-05 0.0510594 0.03591 0.00254827 0.000732295 0.320901 7.42137e-06 0.000296544 0.0380504 0.00291771 0.231599 0.00373912 1.54885e-06 0.201145 4.17688e-06 0.000405558 
0.117842 0.000189181 0.000461891 0.0138344 0.0379354 1.25764e-05 0.0125837 0.00355028 2.99699e-05 0.00707949 0.000389284 9.97201e-08 9.52958e-06 0.0673941 0.0150394 0.0115287 0.000327946 0.309436 0.000639326 0.00324722 0.0941499 0.00211209 0.0599077 0.226563 4.27716e-06 0.0156106 4.64352e-06 0.000117698 
0.0276364 0.00223109 0.00061641 0.0406942 0.11727 0.000235985 0.0210644 0.00574774 0.00307648 0.000176847 7.62102e-05 2.86151e-07 3.17622e-05 0.0328625 0.0185742 0.034617 0.0168998 0.448151 9.5478e-06 0.000412049 0.024956 0.00391441 0.0677001 0.0707926 0.000253079 0.061241 4.35992e-06 0.000753874 
0.00485575 0.000365343 6.28018e-05 0.0108482 0.00257688 0.000150649 0.00138508 0.00597631 1.33443e-05 0.0126489 0.000249679 1.86784e-06 7.01922e-05 0.0218511 0.00420791 0.000639012 0.00147393 0.847349 3.61431e-07 0.000210624 0.0123204 0.00236239 0.0085315 0.0088566 1.16667e-05 0.0523808 2.33097e-06 0.000597156 
0.00453041 5.77584e-05 1.75206e-12 0.0147764 0.0303047 2.14113e-08 0.00572691 2.66971e-08 0.000164758 0.00831434 5.7047e-06 2.12078e-12 0.000112026 0.00503357 0.0294785 0.00507849 0.000412389 0.4113 1.042e-06 3.9924e-05 0.022687 0.000353901 0.376594 5.06977e-08 2.7238e-06 0.0849145 1.05617e-06 0.000109854 
0.00786672 0.00188722 1.00569e-06 0.0511056 0.0579008 0.000281505 0.00175924 0.000179735 3.07402e-05 0.0357439 0.000170382 2.77211e-08 0.00098082 0.00224321 0.0281393 0.000999617 0.00536745 0.668351 1.28025e-05 0.000460305 0.0101848 0.000251621 0.0334016 0.0115038 4.34361e-05 0.0543381 3.31541e-06 0.0267917 
0.0347712 0.000672239 6.74205e-06 0.124424 0.0117851 3.35151e-10 0.00183458 0.000308286 2.48591e-07 0.0392025 3.4215e-07 9.46316e-08 0.000191542 0.00789014 0.035838 4.06904e-05 0.000793509 0.429317 3.2254e-05 0.000369588 0.0320087 1.45379e-10 0.0100021 0.13845 5.68452e-05 0.0937444 9.84946e-08 0.0382595 
0.10048 5.2017e-07 0.000101005 0.0720759 0.0116161 0.0185196 0.0256085 0.00169127 1.41062e-07 0.000202512 2.78893e-09 3.30844e-11 2.14465e-05 0.0128249 0.0680926 0.0399746 0.0542421 0.423231 1.37516e-08 0.000280696 0.0132098 8.80635e-05 0.110968 0.0237708 9.44482e-07 0.022905 1.03418e-05 8.39229e-05 
0.0229535 0.00235569 7.47021e-06 0.115842 0.0190912 0.00858662 0.0289608 0.00182636 0.000439717 0.0411141 6.44097e-05 5.1878e-07 0.000109236 0.0186526 0.0268506 0.0629223 0.0215506 0.354245 5.68003e-05 0.00193549 0.00991288 0.00377322 0.111079 0.0646126 0.000109145 0.0259792 0.000104244 0.0568651 
0.0290907 5.15907e-05 2.67012e-08 0.00347618 0.00489359 4.73458e-07 0.000185102 1.01247e-05 1.09104e-06 0.00229901 1.35905e-05 1.22458e-11 3.53457e-05 0.090421 0.014768 0.00135144 0.00144306 0.767531 1.69003e-06 0.000560375 0.00806316 0.000300649 0.0302603 0.0118837 5.60429e-05 0.0332449 1.1568e-05 4.60484e-05 
0.101025 5.1004e-05 4.35182e-05 0.104351 0.0175016 0.000188731 0.022738 0.000732343 0.000141006 0.0111817 4.71968e-05 3.51366e-06 0.000461958 0.0279175 0.0827636 0.0162652 0.0109537 0.319071 4.5894e-05 0.00381158 0.0487747 0.0010507 0.0914581 0.0859522 2.59448e-05 0.0429235 0.00948302 0.00103681 
0.0285113 0.000570652 0.000107333 0.0312413 0.0161957 0.000309653 0.00351349 0.00121287 0.000162804 0.0271579 0.000242426 1.4153e-05 0.000501172 0.170897 0.0202546 0.0023347 0.00150128 0.218403 4.18528e-05 0.00135938 0.05415 0.00198873 0.191692 0.0401405 3.51706e-05 0.186737 0.00020698 0.000517047 
0.03624 0.0407732 5.44536e-05 0.0198954 0.153992 4.32862e-05 0.0336544 0.0010323 0.00462533 0.00079976 0.00018744 1.07775e-07 1.68873e-05 0.00034314 0.0451745 0.0112121 0.0732651 0.424389 4.2518e-05 0.00182622 0.0043779 0.0198218 0.0679686 0.0382885 1.08242e-05 0.0218573 1.03321e-05 9.79342e-05 
0.0130147 0.00021272 3.91219e-07 0.104122 0.11178 0.125956 0.00633992 0.000929059 0.000931476 0.000576639 1.71009e-06 2.34808e-06 0.000590591 0.00593579 0.00843697 0.0494359 0.0532535 0.291625 2.21387e-06 0.000421374 0.00299652 0.0035344 0.0431984 0.115386 0.0021866 0.0591134 8.87617e-06 8.01488e-06 
0.0152039 2.61392e-05 1.92945e-05 0.0037778 0.0031066 6.45317e-05 0.00587302 0.000135817 3.50952e-05 0.00209993 0.000275504 0.000248961 1.37089e-05 0.0504636 0.00593977 0.0359313 0.0534564 0.673104 1.83768e-06 0.000524311 0.046949 0.0282287 0.0350346 0.0198221 0.000100542 0.0192929 0.000232265 3.77509e-05 
0.122266 0.00107081 2.90636e-05 0.0148947 0.00484111 0.000718757 0.0383606 6.89382e-05 1.34619e-05 0.0156847 5.58278e-05 1.00524e-09 3.74231e-05 0.0451778 0.0338295 0.0207443 0.0228152 0.303094 7.25405e-07 0.00102981 0.10706 0.00964866 0.125498 0.0373773 6.3355e-06 0.0956772 9.59263e-07 2.18872e-11 
0.0172522 4.11846e-05 2.77823e-05 0.00997179 0.0033347 8.16079e-05 0.00138039 0.288239 0.00016266 0.00337507 0.000127196 4.02496e-07 0.00450422 0.1853 0.00987339 0.009282 0.00455385 0.392622 8.47807e-06 8.80181e-05 0.00445389 0.00909573 0.0177376 0.00212098 0.0157346 0.00482975 8.43838e-06 0.0157937 
0.00302645 0.000173244 2.67318e-12 0.00414101 0.0579492 5.60652e-08 0.00234509 6.9907e-08 0.000491796 0.000637889 2.0569e-08 3.23573e-12 8.83383e-05 0.00967615 0.0354346 0.00462835 0.000954692 0.624629 1.52284e-08 6.37277e-09 0.0381746 0.00106168 0.182881 4.32422e-13 8.48656e-09 0.0335794 1.35116e-08 0.00012729 
0.0139613 0.000168993 4.654e-06 0.0217715 0.000266188 2.89346e-05 0.0312365 0.0011688 8.5153e-08 0.000583072 2.6997e-05 3.43379e-09 0.000131145 0.0728587 0.028003 0.0472921 0.0375488 0.562233 9.13442e-07 0.000368544 0.0080784 0.00363707 0.0337801 0.0812004 0.0126528 0.0311734 0.0116534 0.000171108 
0.0555091 2.09745e-06 3.05584e-08 0.0340006 0.0074858 5.94848e-06 0.00822897 0.000944958 8.0563e-06 0.000195201 4.43569e-05 6.58974e-08 0.00024645 0.0563847 0.0260866 0.19325 0.0710057 0.212312 2.02743e-05 0.0204218 0.0825303 0.000440259 0.11286 0.0731254 5.94507e-05 0.0308007 0.000141329 0.0138897 
0.0575564 0.00102987 0.000115146 0.0251389 0.0198711 0.000149337 0.0248157 0.000825427 0.00841213 0.0141154 0.00152731 4.24149e-08 0.000978417 0.0224419 0.0796847 0.11976 0.0287321 0.249916 6.97185e-05 0.0003916 0.0197298 0.00536236 0.196944 0.0312214 3.19144e-05 0.0903686 0.000103213 0.000708175 
0.00516337 0.00146314 1.92652e-05 0.0413988 0.066163 0.00036684 0.00129542 0.000494441 0.000398041 0.0182216 0.000260341 1.2656e-08 0.000685873 0.0366062 0.0204666 0.000512846 0.00101339 0.523199 2.67473e-05 0.00132087 0.0256215 0.000814881 0.127882 0.013134 3.53259e-05 0.0993253 5.87979e-06 0.0141049 
0.050925 7.3578e-05 1.83816e-05 0.0760924 0.0500759 0.00438749 0.00569095 0.00142024 0.00148012 0.0161547 7.73586e-06 8.09122e-06 0.0255932 0.00290737 0.226205 0.00736407 0.0152867 0.262027 5.18517e-06 0.00227924 0.0270731 0.00162125 0.103892 0.00841455 0.000122674 0.110194 2.00841e-06 0.000677993 
0.000454184 3.16341e-08 3.70182e-10 3.67797e-07 0.000409662 1.61737e-08 0.00296473 6.82218e-08 1.30798e-07 2.06814e-07 5.86761e-08 4.48085e-10 2.4767e-08 0.0319374 0.0042983 0.000529529 1.6044e-05 0.847293 8.45579e-09 1.60425e-10 0.00499244 1.04541e-07 0.0184749 0.0139334 7.52981e-09 0.0620031 0.0119966 0.000695257 
0.0419146 0.000319309 6.36748e-05 0.0909784 0.0185061 0.000626928 0.0353216 0.00700692 0.0010072 0.00581579 0.000591507 3.09755e-06 0.00019747 0.0429692 0.0440914 0.0887221 0.0186174 0.309498 4.75848e-05 0.00129346 0.0281412 0.00880857 0.0582272 0.0687672 0.0130307 0.110534 0.0044168 0.000481789 
0.112434 0.111684 0.000774075 0.0156989 0.00635563 0.00134914 0.00597934 0.00190192 0.000441855 0.00430649 0.00160718 1.25124e-05 8.22994e-05 0.0500923 0.0191264 0.0118721 0.0327639 0.225252 0.00013609 0.0114383 0.0455252 0.0023685 0.0332951 0.145884 0.00116502 0.0595958 0.0981855 0.000672079 
0.0440964 0.000215457 0.000200326 0.00511446 0.0123099 0.000625283 0.00122652 0.00204254 0.0535882 0.0158555 3.04383e-05 1.10608e-08 1.74579e-05 0.0885926 0.124722 0.00707452 0.0208564 0.226708 6.59731e-06 0.021466 0.110659 0.0561845 0.0472034 0.0941487 0.0263996 0.0395973 0.000850917 0.000207765 
0.014485 0.00121945 1.42923e-05 0.0753172 0.030452 0.000283236 0.0213977 0.00814666 1.26024e-08 0.0257087 0.0763156 1.03913e-11 2.90284e-05 0.0303261 0.089627 0.0067505 0.027037 0.25689 1.95933e-06 0.000175631 0.0291976 0.216231 0.0340972 0.0430097 0.000209936 0.00894562 0.000383168 0.00374815 
0.0139248 0.0011699 7.13271e-05 0.0680839 0.0128089 0.000294079 0.049114 0.0154435 0.00265499 0.0061204 0.00128919 5.08453e-09 0.000134645 0.00609642 0.02572 0.0282251 0.0263346 0.319344 1.01771e-06 0.000278789 0.0511984 0.0132373 0.268697 0.0263009 5.00668e-06 0.059895 0.00338804 0.000168223 
0.00605697 0.00754587 5.58998e-07 0.0140862 0.0602976 4.74637e-07 0.0150193 0.00206927 0.0325396 0.0589083 0.00343023 6.76636e-07 0.00910222 1.03404e-07 0.0136774 0.0138458 0.00651536 0.691097 5.48951e-07 0.000533199 0.00531528 0.0140416 0.0220715 0.00397881 0.00258709 0.0127848 6.27742e-07 0.00449363 
0.0102097 9.32166e-05 1.33979e-06 0.00405166 0.00052116 4.28962e-05 0.00711815 0.00131265 0.0230232 0.00103416 1.24297e-05 0.000258819 0.000110512 0.0468133 0.0177824 0.0072173 0.01937 0.648848 3.38742e-10 4.8151e-05 0.0164005 0.00225616 0.0727291 0.00654417 1.29854e-05 0.112135 0.00133906 0.000713275 
0.0696927 0.160024 9.92533e-06 0.0443595 0.0450828 0.00390725 0.0129392 0.00236796 0.0153906 0.00415171 3.65836e-05 5.13952e-07 0.00018606 0.0133344 0.031683 0.0563595 0.0589443 0.206958 0.000558266 0.0119229 0.0363698 0.00117795 0.10944 0.0497431 0.000164406 0.0632048 0.0010155 0.000974185 
0.00833041 0.000246664 2.06864e-06 0.0171379 0.015165 6.87698e-05 0.00303173 0.000283869 0.00204142 0.00134869 3.36403e-05 2.27015e-11 0.000486494 0.128109 0.0210156 0.00572015 0.00157063 0.470289 5.65229e-07 0.000196918 0.00817037 0.00103305 0.118033 0.00257691 2.05251e-05 0.194887 2.29308e-05 0.000177515 
0.0630297 0.000163667 0.00080315 0.0205648 0.0136977 0.00177161 0.00110935 0.00177854 2.5686e-05 0.0184265 0.00136411 4.31922e-08 6.35963e-05 0.0834582 0.0455416 0.0139276 0.0154294 0.245935 3.93659e-05 0.014183 0.0949771 0.0185921 0.120107 0.0852389 0.00307051 0.132258 0.00108156 0.00336181 
