0.115597 0.00691585 0.00269986 0.00397669 0.00143599 3.60017e-05 0.000965271 9.43011e-05 0.0340986 0.00557371 5.15756e-06 2.2781e-06 3.45928e-06 0.0338433 0.0261776 0.0220818 0.0373124 0.0888722 1.64691e-05 0.338775 0.0104695 0.00235793 0.0174481 0.176339 3.83651e-07 0.0748981 9.0811e-07 3.3313e-06 
0.017167 0.00140262 0.0106642 0.028229 0.315103 0.00234236 0.00441629 0.0020495 0.000333105 0.0179256 0.000159293 2.13457e-05 0.00174219 0.000804447 0.00658908 0.00367945 0.00123925 0.0035781 6.82942e-05 0.41116 0.0482837 0.000504401 0.00205872 0.107319 0.00010825 0.0119554 2.4545e-06 0.00109412 
0.139524 0.00352148 0.00154479 0.0267016 0.0275873 0.011684 0.00594366 0.00114718 0.00109808 0.00760935 0.00219196 6.35604e-05 0.000130947 0.0371371 0.0476713 0.0324411 0.0326094 0.126016 1.43335e-05 0.193039 0.0442681 0.00291314 0.0650328 0.121502 0.00412191 0.0629634 0.00079584 0.000727528 
0.0553847 7.32084e-08 0.00385102 0.0590442 0.0405931 3.04662e-06 0.0136023 0.00170834 0.00232191 0.00154576 0.00367384 1.3458e-07 7.65304e-05 0.00659365 0.0851547 0.00984433 0.00190382 0.00602282 0.0950314 0.218838 0.184296 0.000514497 0.0453289 0.11656 1.75581e-05 0.0479503 8.36749e-05 5.54939e-05 
0.184578 2.12034e-05 0.0210486 0.0981375 0.0177253 1.39195e-06 2.73606e-06 3.38369e-05 0.00238273 0.0220239 3.49344e-06 5.43927e-05 3.75926e-05 0.00645719 0.0360033 0.0031006 0.0534826 0.017227 1.50847e-08 0.278267 0.0125737 0.0356743 0.00957982 0.184718 0.000207994 0.0166321 6.54916e-07 2.42029e-05 
0.0204758 0.0127382 1.33718e-05 0.0118854 0.0764374 0.000101781 0.00115221 0.00506709 0.000168661 0.000145237 3.44549e-05 7.1935e-06 6.45416e-05 0.0105786 0.00937629 0.00416338 0.0445405 0.00580825 6.82185e-05 0.542642 5.94917e-05 0.0329725 0.00289615 0.186868 0.00154308 0.0301843 1.59389e-07 6.95693e-06 
0.000200021 1.21384e-07 1.84347e-07 0.0916919 0.0042706 1.56527e-07 0.000228707 1.11852e-07 0.000178032 2.26526e-08 0.000568863 2.23142e-07 2.54363e-07 0.000149749 0.122981 0.00416468 0.000119837 0.000347897 1.81034e-07 0.765205 1.78864e-08 6.7897e-08 0.000109719 9.44897e-05 3.52537e-08 0.00961528 2.07018e-07 7.26532e-05 
0.0432208 9.79243e-05 0.010466 0.00480238 0.0071433 0.00056993 0.000497532 0.0125002 2.63314e-05 0.00107037 0.000105264 4.7229e-05 1.93122e-05 0.0199447 0.0409887 0.00337183 0.0289464 0.0481628 5.4793e-06 0.371681 0.0917113 0.00484851 0.0193719 0.230497 9.97442e-07 0.0594077 3.49835e-05 0.000460328 
0.0639779 0.000266914 0.123373 0.0457436 0.0933692 0.00531751 0.0108908 0.0157466 0.000172691 0.0340836 0.00233128 4.79591e-05 0.000326191 0.0198306 0.0249395 0.005426 0.0121543 0.0172255 0.000212808 0.25826 0.118946 0.00112816 0.0345614 0.0664155 3.39811e-05 0.0437547 0.00117016 0.000293887 
0.064486 8.02776e-06 2.20502e-08 0.0149806 0.0826636 1.15694e-06 0.000189139 7.05759e-05 0.00289947 5.00848e-05 7.5023e-05 2.5669e-08 1.58508e-06 0.0164079 0.0203929 0.00377792 0.00636578 0.0102171 1.03648e-05 0.73458 0.0216484 0.00128857 0.0108516 0.00277394 3.23498e-05 0.0061137 2.66802e-09 0.000114601 
0.148319 0.031822 0.00076242 0.0190808 0.0171109 0.00246233 0.00330835 4.32391e-05 0.00270958 0.00364374 0.00220357 1.0494e-07 5.39396e-06 0.0176835 0.0214938 0.00323502 0.0103342 0.00957077 7.98051e-05 0.636376 0.00662677 0.00957445 0.000802968 0.0459038 0.000160526 0.00619043 1.60822e-05 0.000480037 
0.0399558 4.02796e-07 6.11732e-07 0.00225582 0.111808 5.19413e-07 9.27506e-05 0.000158242 0.0406866 9.20863e-06 9.13505e-05 7.40468e-07 8.44071e-07 5.41549e-05 0.248833 9.43423e-05 0.0309139 6.74544e-06 6.00737e-07 0.524851 4.59327e-05 2.25307e-07 1.09853e-06 2.37283e-05 5.62056e-06 0.00010821 6.86961e-07 4.20266e-07 
0.0232165 0.000317443 3.52255e-08 0.20212 0.00200853 0.00570423 0.000102842 0.00015831 4.41303e-06 0.0375477 7.34989e-06 4.26385e-08 4.63129e-05 0.00181793 0.23319 0.00025425 9.48563e-05 0.00485856 4.01958e-07 0.264296 0.0347486 0.000174592 0.00908569 0.00622628 6.73635e-09 0.174016 2.67215e-06 2.42003e-08 
0.0952127 0.0017094 7.09075e-05 0.0415338 0.0648149 0.00219276 0.0249148 0.00318477 0.0073421 0.0294842 6.43354e-05 1.77454e-06 0.000880528 0.0162143 0.132691 0.0175718 0.0559783 0.0166774 1.03749e-05 0.210055 0.0344645 0.0050769 0.0442178 0.0326471 1.85795e-05 0.162903 5.16277e-05 1.49002e-05 
0.232578 1.57672e-05 0.0133189 0.00179099 0.00433112 0.000105185 0.0017448 0.00276185 1.46472e-06 0.000183991 3.80391e-05 3.08095e-09 3.25727e-05 0.00883742 0.00825632 2.73036e-06 0.0012886 0.00540322 3.47288e-07 0.515857 0.0170015 0.000162991 0.00852875 0.146188 4.81454e-06 0.0315348 1.78023e-05 1.26068e-05 
0.210479 0.000165187 8.06333e-08 0.0150356 0.0556014 2.46622e-06 0.00803709 0.000218909 0.000766318 0.00304821 8.64331e-05 0.00018274 8.95496e-05 0.176999 0.0452438 0.0293629 0.00414855 0.0111595 1.63774e-07 0.272445 0.0218024 0.000388938 0.0245333 0.015856 0.000314854 0.104014 3.64495e-07 1.90099e-05 
0.0975642 2.86327e-09 2.02474e-05 0.053752 0.224844 2.70746e-06 0.024818 0.0063271 1.27078e-06 0.000402582 1.81877e-05 5.26361e-09 4.3893e-06 0.00999521 0.0487097 0.00102964 0.00578119 0.00352848 3.17361e-05 0.298227 0.0879811 2.10294e-05 0.0217053 0.0998429 0.000305764 0.0149067 0.000136873 4.32657e-05 
0.00246151 3.43478e-05 1.89166e-05 0.0126338 0.0748477 0.00715961 0.000600377 0.000563265 0.00366134 0.00145429 8.1559e-06 4.53455e-08 1.32309e-05 0.00424949 0.0055126 0.00752826 0.0104584 0.00202936 3.48467e-05 0.55972 0.132854 0.00407742 0.0640704 0.0733771 1.6202e-05 0.0324499 8.18329e-06 0.000157688 
0.086912 4.45783e-08 6.77016e-08 9.29595e-05 0.123663 5.74844e-08 9.88962e-07 3.52289e-05 2.25763e-06 0.000264519 9.22179e-06 0.00117729 9.34149e-08 0.0607873 0.019235 1.1876e-08 0.200819 1.20532e-05 0.00283366 0.323301 0.110437 0.0061824 0.0150816 0.0474615 1.43311e-05 0.00165738 1.72963e-06 1.88785e-05 
0.0658742 0.00607831 0.00948444 0.0528837 0.0205602 0.00320331 0.000890196 0.000637425 0.00148811 0.086239 8.20782e-05 3.30163e-08 0.000585287 0.0967387 0.0217566 0.0217609 0.0987216 0.125054 0.00051861 0.146705 0.0575312 0.00505647 0.012005 0.0788196 8.84666e-06 0.0865878 3.26138e-05 0.000697155 
0.0992094 1.28995e-06 0.123475 0.00363213 0.00196109 1.07302e-06 9.77344e-08 0.0369384 6.51645e-06 0.000360464 0.000154721 1.42048e-10 3.6939e-08 0.0112025 0.0329691 0.00244628 0.0291401 0.112097 1.15243e-10 0.175102 0.0940387 5.93567e-05 0.0282071 0.143895 1.59162e-08 0.105003 9.81313e-05 5.45025e-08 
0.0307176 8.95837e-07 4.1321e-09 0.0158638 0.139144 4.70755e-08 0.0191824 0.00468501 0.000273165 1.42234e-07 1.05526e-06 2.50735e-07 0.000259775 0.0684607 0.111022 0.0162204 0.038294 0.0572555 9.06648e-05 0.1583 0.115293 0.0187693 0.0117311 0.0951114 0.0941266 0.00497194 3.63974e-06 0.000221197 
0.00887889 0.000337908 0.00286131 0.00291331 0.0101266 0.000501868 0.00308311 0.000300215 0.0160078 0.000145074 2.39369e-06 0.0148582 6.52809e-05 0.00503593 0.00414262 0.00831959 0.0281586 0.0105595 0.000268604 0.813325 0.0323633 0.00177713 0.00657013 0.0074985 7.3499e-06 0.0209883 7.07282e-05 0.000832758 
0.0734601 4.16799e-05 1.032e-06 0.00688903 0.0195066 2.24864e-05 0.00704552 0.00391311 0.000201014 0.000433138 3.78074e-05 4.00763e-05 2.63555e-05 0.0317599 0.0652032 0.0668013 0.0972456 0.0226654 1.40376e-05 0.319865 0.126182 0.027406 0.0173227 0.0422962 0.000467276 0.0710744 6.56764e-05 1.39387e-05 
0.186815 0.0008048 0.000686759 0.0212609 0.0537686 0.00709668 0.00700788 0.00171167 0.000610062 0.0120442 0.00010093 3.26114e-05 8.46024e-05 0.00959635 0.0463233 0.0116669 0.0169088 0.0244522 9.80374e-05 0.392798 0.0672071 0.00571343 0.059327 0.0243794 0.000824563 0.0464495 0.000158159 0.00207275 
0.0976207 0.0557512 0.00738463 0.0258745 0.115493 0.000466439 0.01345 0.00572838 0.00494558 0.016384 0.000420693 1.89308e-05 0.000240442 0.045222 0.0140687 0.0407195 0.0374341 0.0167339 0.00423318 0.229861 0.0566483 0.0830121 0.00771305 0.0415522 0.00121304 0.0775817 0.000157456 7.09954e-05 
0.13474 9.70763e-05 0.000287914 0.00604666 0.0024553 0.0164171 0.00510937 0.00173987 5.60344e-11 0.0224328 2.75881e-05 9.39154e-11 3.00965e-06 0.00559979 0.00333801 0.00111094 0.00200977 0.165218 6.79217e-06 0.517657 0.0315807 7.81409e-05 0.0111692 0.0718712 3.70512e-06 0.000974278 8.19823e-06 1.80451e-05 
0.440131 0.000618144 8.19805e-08 0.000113922 0.00128488 1.2444e-06 0.00118255 0.000338902 0.000732574 2.16521e-05 7.98387e-08 1.28269e-06 4.21499e-06 3.08478e-05 0.00098494 0.00316404 5.89547e-05 0.00741211 8.23288e-06 0.512518 0.00139378 4.0742e-05 0.0040801 0.0258435 1.56776e-08 3.2249e-05 9.20623e-08 1.72665e-06 
0.033456 0.000306283 0.000154483 0.0385823 0.0453823 0.000638063 0.018861 0.00512553 0.00221402 0.0207703 0.00114 5.6223e-06 0.000214883 0.0311416 0.0366292 0.0408717 0.0307406 0.101508 7.42137e-05 0.185909 0.152956 0.0154231 0.113589 0.0311536 0.000803699 0.0912487 3.71538e-05 0.001063 
0.206283 0.00430588 0.0104472 0.0339069 0.0550252 0.000981027 0.00923207 0.0195983 0.00104961 0.00489012 0.00234226 0.00177848 5.35933e-05 0.00455683 0.0124972 0.0110118 0.0573763 0.00150905 4.81337e-09 0.346943 0.0402766 0.0099423 0.0388327 0.0801027 3.20538e-05 0.0469754 7.25176e-06 4.30716e-05 
0.0260349 8.20937e-05 0.000210163 0.00127214 0.00282791 0.000268003 0.000832549 0.000287222 8.12026e-05 0.000372948 1.84942e-05 1.15669e-05 2.77777e-06 0.00490357 0.0282538 0.051039 0.0249309 0.0306941 0.000130315 0.434263 0.235316 0.00193784 0.0194662 0.101793 3.89902e-05 0.034701 0.000228256 1.36798e-06 
0.00695836 3.96433e-06 0.00146599 0.00610776 0.00117027 1.47652e-05 0.00623041 0.00107744 2.47558e-06 0.000801378 0.00029127 0.00889408 1.0981e-05 0.00306404 0.00145281 0.132048 0.157584 0.00275627 0.00258293 0.444498 0.1252 0.00291998 0.0133965 0.0503932 0.00947655 0.015924 0.00533649 0.00033742 
0.170537 0.00372775 0.0414663 0.0170352 0.0140709 0.00214555 0.007145 0.00055679 5.87747e-07 0.00244569 9.76668e-05 0.00107158 5.51602e-05 0.0114449 0.0530504 0.00192913 0.02294 0.013086 0.000294708 0.461914 0.0973199 0.00467604 0.0164627 0.04151 4.22149e-06 0.0149692 1.08287e-05 3.27871e-05 
0.214784 3.17383e-05 0.000940078 0.111537 0.00721514 4.64402e-05 0.00110964 3.80416e-05 0.00689597 0.0384978 0.000133263 9.18468e-06 9.14645e-06 0.0315625 0.0686885 0.000825595 0.0712193 0.0832618 1.67162e-05 0.258205 0.0153128 4.89559e-05 0.00329601 0.0668065 1.87312e-05 0.0160549 0.00318529 0.000250179 
0.00617428 5.2136e-07 3.59186e-05 2.20188e-06 2.24599e-06 3.50543e-07 4.4213e-07 0.000273024 6.84346e-10 6.69236e-07 9.54803e-06 1.14698e-09 8.76553e-07 0.00630517 0.00287282 3.36869e-07 2.85922e-06 0.000259309 1.48948e-06 0.712764 6.77893e-05 1.35661e-06 1.00314e-05 0.261506 3.50828e-08 0.00828456 1.49081e-07 0.00142397 
0.0949875 3.78342e-05 4.51968e-09 0.0573134 0.108875 0.00514994 0.00521221 0.00204262 0.0152139 0.00276495 1.33512e-06 8.19113e-07 0.000116797 0.0513085 0.165108 0.00176729 0.0369828 0.0109743 2.08394e-05 0.249336 0.0736691 0.00538473 0.0304614 0.0396079 0.0192665 0.024335 1.53199e-05 4.61038e-05 
0.0854132 0.000341707 0.00620396 0.0191013 0.00907714 0.000111647 0.00615336 0.000196496 0.00208469 0.000629578 3.80767e-05 3.28716e-09 1.2658e-05 0.0143092 0.0140503 0.0257139 0.0732975 0.083395 5.52948e-05 0.353553 0.0285609 0.00266187 0.0412941 0.108352 0.00335056 0.120345 8.47696e-05 0.00161251 
0.210479 0.000165187 8.06333e-08 0.0150356 0.0556014 2.46622e-06 0.00803709 0.000218909 0.000766318 0.00304821 8.64331e-05 0.00018274 8.95496e-05 0.176999 0.0452438 0.0293629 0.00414855 0.0111595 1.63774e-07 0.272445 0.0218024 0.000388938 0.0245333 0.015856 0.000314854 0.104014 3.64495e-07 1.90099e-05 
0.0762544 0.00846731 0.000866481 0.0260717 0.00822578 0.00244498 0.00460417 0.00284642 0.000467483 0.00513869 1.49129e-05 0.000599366 3.52096e-05 0.0182116 0.0098207 0.00719821 0.0128989 0.0586236 3.55954e-05 0.582519 0.0173187 0.0137245 0.0107162 0.112715 0.00375394 0.00916442 0.00675287 0.000509597 
0.0929887 3.80245e-05 1.71873e-05 0.172154 0.00303329 1.3708e-06 0.010945 0.0016239 0.000107287 0.00215041 1.92013e-06 1.7656e-09 0.000350768 0.004132 0.012182 0.0107313 0.141929 0.000149338 2.51537e-07 0.265534 0.147779 0.00305421 0.0095828 0.117765 2.78943e-10 0.00321545 5.43968e-07 0.000534573 
0.271483 0.000799464 1.09396e-06 0.000935289 0.0303178 0.000417865 0.00206088 1.71087e-05 2.90902e-05 1.38388e-05 8.90015e-08 0.0267713 5.34241e-07 0.000161643 0.00341069 0.0831493 0.0886285 0.0388087 2.21291e-06 0.390879 0.000903906 0.000147164 0.0312936 0.0268902 8.93042e-06 0.00281756 5.18713e-05 6.27853e-08 
0.138316 2.21505e-06 0.00351572 0.151106 0.0396114 8.28317e-05 0.00246828 0.000604209 2.03513e-06 0.0337711 0.00100556 8.39198e-08 0.000146144 0.0555515 0.0561333 0.000541104 0.00678625 0.00551825 5.08289e-05 0.32774 0.0787289 5.67574e-06 0.0129568 0.06774 4.99974e-06 0.0174409 6.94498e-07 0.000168743 
0.0859119 0.025309 2.893e-06 0.0395982 0.205341 0.000352691 0.0339989 0.00362578 0.000176014 0.00919752 0.0156985 5.43118e-09 0.000177057 0.00365304 0.00389017 0.0420889 0.130305 0.00177828 4.40629e-09 0.276989 0.00916866 0.0238525 0.0056746 0.020412 6.49063e-06 0.0627829 1.8336e-06 6.38327e-06 
0.171319 0.00624746 0.000354149 0.000342803 0.0247262 6.20657e-06 0.000647535 0.000313563 0.000201693 0.00112331 1.89776e-06 0.0176394 1.67778e-07 0.00652326 0.0140637 0.0106044 0.0146295 0.0601561 0.0129919 0.462917 0.0128681 0.00519512 0.0600408 0.0821147 2.57167e-05 0.0348739 3.01533e-06 6.88995e-05 
0.0651671 0.000340359 1.0038e-05 0.00730826 0.00449558 0.000284102 0.00194022 0.000233616 0.000209369 0.00132442 0.000127759 1.09706e-05 0.000315273 0.00363815 0.0102726 0.2526 0.00751075 0.00438422 1.24158e-06 0.57272 0.0164989 0.0115567 0.0032985 0.0172826 0.00224862 0.0161616 4.5067e-05 1.41487e-05 
0.045665 0.00039368 0.00470873 0.0413732 0.187567 0.00121482 0.00515995 0.00515402 0.00346529 0.00747534 0.000141193 1.30895e-05 0.000574505 0.013879 0.0242601 0.0183629 0.0080812 0.0428496 0.000146709 0.291911 0.139262 0.00601354 0.0409751 0.0775299 0.00149572 0.0316261 0.000135864 0.000565211 
0.149269 0.000208317 0.00452231 0.0129605 4.64962e-05 3.2619e-08 0.0511702 2.3309e-08 2.77448e-08 6.66797e-05 1.35796e-05 4.65012e-08 8.85282e-06 0.00823852 0.00538523 0.0397636 0.0694845 0.0827358 3.77262e-08 0.452559 0.0121441 2.11289e-05 0.0207883 0.061811 7.34661e-09 0.0283474 0.000305635 0.000149382 
0.0321414 0.000679354 0.00187085 0.0127101 0.0253259 2.41322e-05 0.000922333 0.00112064 0.00617009 4.44235e-05 0.000119452 0.00616977 1.46036e-05 6.08343e-05 0.033013 0.0154479 0.0097926 0.000430906 2.807e-06 0.747702 0.0169768 0.00558912 0.00745163 0.0665696 5.60407e-06 0.0096127 4.51701e-06 2.68273e-05 
0.00230953 0.00177911 9.05786e-05 0.101141 0.0166342 0.00132816 0.0263766 2.79111e-08 1.73567e-05 0.000217816 0.00131315 4.90561e-07 1.05856e-06 0.00153854 0.0181911 0.125229 0.0620916 0.000172046 0.000330165 0.302643 0.0363488 0.00755709 0.00455763 0.154993 0.128064 0.00649496 0.000578795 1.4832e-06 
0.433329 5.39847e-05 1.66144e-09 0.00603654 0.00154096 1.41071e-09 2.07582e-06 1.00807e-09 2.88805e-06 0.00077455 1.61804e-09 2.01109e-09 2.29247e-09 0.00283923 7.85057e-07 0.00034912 3.32723e-10 0.0122153 1.47378e-07 0.497934 0.00122472 6.11927e-10 0.00104713 0.0278906 3.17726e-10 0.0147589 1.86576e-09 2.60599e-07 
0.171845 3.82718e-05 0.000439527 0.0154413 0.0104288 0.00228381 0.00974132 0.0121524 0.00256056 0.0177022 9.51338e-06 0.00169159 9.50316e-05 0.0285596 0.029719 0.0340552 0.0296988 0.0131484 1.36769e-06 0.407161 0.0465683 0.0265878 0.0321842 0.0665844 8.14439e-06 0.0412552 3.31031e-06 3.60114e-05 
0.0486318 0.0128266 0.00120298 0.0303787 0.0129675 3.49488e-05 0.0195112 0.000734281 6.99748e-05 0.00562188 0.00285083 9.99418e-06 4.1415e-06 0.00373018 0.014474 0.0105341 0.0431568 0.0118198 2.04479e-06 0.579501 0.0912025 0.0202065 0.00848726 0.063813 0.00300486 0.0151627 2.67319e-05 3.37078e-05 
0.00498175 1.99448e-05 2.20402e-06 0.0352268 0.0381727 4.80714e-06 0.00263738 3.48826e-06 4.44584e-05 0.00852696 2.39119e-05 4.81027e-09 5.42791e-06 0.00136672 0.0345706 0.00159226 0.0345516 0.00895583 3.17304e-06 0.571677 0.0591136 0.00207597 0.0134054 0.154895 2.95076e-06 0.0281133 4.34183e-06 2.25326e-05 
0.0474116 5.80434e-10 0.00215755 0.0241336 0.00409238 0.000295703 0.00174844 0.000120427 3.86752e-06 0.000244401 3.79356e-05 1.06702e-09 4.85048e-05 0.000557679 0.00603804 0.000694327 0.0196961 0.00305796 4.30061e-05 0.444647 0.269479 0.00098864 0.000592652 0.148947 1.94164e-06 0.0246637 0.000208624 8.91536e-05 
0.0968445 0.000408158 0.00537237 0.0204536 0.0216861 0.000495727 0.000969414 0.000238837 0.00056149 0.00197116 0.00120032 8.66295e-08 0.000192824 0.0207181 0.0222988 0.00271511 0.0544157 0.0309216 8.83623e-06 0.325566 0.10705 0.00239929 0.0155363 0.165982 0.000324393 0.0996455 4.23029e-05 0.00198191 
0.0252293 5.59903e-06 0.0798209 0.000147184 0.00103847 1.45604e-07 4.6966e-07 0.0925009 3.24037e-10 2.4223e-05 0.000106649 5.43095e-10 4.50754e-06 0.0140124 0.00259467 7.87049e-11 0.0259714 0.0032687 1.19694e-06 0.326464 0.103662 1.65251e-10 0.000703403 0.32428 1.53998e-05 5.46511e-05 4.41454e-05 5.04758e-05 
0.0859119 0.025309 2.893e-06 0.0395982 0.205341 0.000352691 0.0339989 0.00362578 0.000176014 0.00919752 0.0156985 5.43118e-09 0.000177057 0.00365304 0.00389017 0.0420889 0.130305 0.00177828 4.40629e-09 0.276989 0.00916866 0.0238525 0.0056746 0.020412 6.49063e-06 0.0627829 1.8336e-06 6.38327e-06 
0.0118799 3.16831e-11 4.81176e-11 3.21196e-12 0.0587026 4.08559e-11 0.00046945 1.7228e-07 7.93848e-05 2.54305e-08 4.68605e-11 5.82436e-11 6.63928e-11 0.00055248 3.5193e-07 0.00472953 3.79671e-07 0.00242357 1.98508e-07 0.859499 0.0256827 1.77222e-11 3.6948e-12 0.032393 1.10513e-08 0.00358696 1.62159e-07 7.27591e-08 
1.98917e-05 1.10212e-07 1.67381e-07 1.11731e-08 0.0396046 0.00015319 4.96278e-05 0.000232503 4.79826e-05 2.05678e-08 7.2459e-05 2.02605e-07 0.000217852 0.000333459 0.000441777 0.214354 3.352e-08 0.197388 1.64373e-07 0.388253 4.50265e-05 3.80303e-05 6.66219e-05 0.158251 3.20091e-08 7.32045e-05 0.000303812 5.42922e-05 
0.0300648 4.19171e-08 0.00522452 0.00234714 0.00234201 0.000225411 0.000112143 0.000105527 4.86619e-05 9.33203e-05 0.00023 7.70569e-08 4.61385e-06 0.00352941 0.00340091 0.000740162 0.000610203 0.00902054 6.1952e-05 0.669339 0.0763101 3.17952e-05 0.00650758 0.16275 2.05199e-06 0.0267732 9.02421e-05 3.52645e-05 
0.147038 0.00724174 0.000628888 0.0787233 0.0705148 0.0170481 0.0198009 0.00241012 0.00010796 0.0159876 0.000125703 5.48684e-07 0.000260346 0.00438347 0.156985 0.0445955 0.0298338 0.0307645 9.35085e-08 0.163088 0.0566558 0.00674998 0.0375187 0.0253673 2.53494e-05 0.0840369 8.9491e-05 1.77517e-05 
0.136455 0.000623742 0.000210766 0.037538 0.0383601 0.000736133 0.0137415 0.000120522 0.00127037 0.000252406 3.09178e-05 5.77097e-09 6.78741e-05 0.0104692 0.0100021 0.0547862 0.0229386 0.0323737 9.82849e-08 0.302422 0.0814101 0.0142584 0.127056 0.0127184 0.000191323 0.101856 2.67864e-05 8.33174e-05 
0.00626958 3.00746e-08 1.10066e-06 0.0306412 0.0339801 1.45772e-09 2.25635e-06 8.92076e-06 1.23989e-09 0.000195826 6.6307e-05 2.0781e-09 8.51514e-07 0.0214827 0.0269562 0.0104137 0.00283671 0.0445109 1.68595e-09 0.344366 0.00809701 2.7859e-05 0.251089 0.00310529 3.28314e-10 0.215931 1.41053e-05 3.33848e-06 
0.014919 0.000398676 0.00472815 0.0486332 0.0256268 2.90089e-05 0.000668562 0.00851664 5.18565e-05 0.0374971 0.000157796 7.9951e-09 8.17316e-06 0.00389262 0.000263318 0.00201026 0.0046009 0.0169881 6.48638e-09 0.622874 0.026869 0.000341064 0.0611325 0.0136754 1.74927e-05 0.105964 9.22087e-05 4.43182e-05 
0.035036 0.00216866 0.000802168 0.016976 0.0357848 0.00164454 0.0043515 0.00233646 0.00195128 0.00779693 0.000890828 0.000847637 0.000352806 0.0130909 0.023876 0.0271039 0.0289077 0.0121755 3.1504e-05 0.605916 0.0599103 0.0125461 0.0348252 0.0316258 0.000494504 0.0357111 0.000249588 0.00259615 
0.0704988 0.00211678 0.00307455 0.0341522 0.00987867 0.00325918 0.00875164 0.00287002 0.00113553 0.00346836 0.00052066 3.96436e-06 0.000145502 0.0670969 0.0186429 0.0896948 0.0667035 0.0162013 1.02176e-05 0.201879 0.094149 0.0307562 0.0478947 0.163565 0.0092731 0.0493263 0.00442217 0.000509763 
0.0160608 1.0863e-05 0.00292396 0.00774152 0.0201094 9.03724e-05 0.0012355 0.016358 2.16252e-05 0.000751774 3.20019e-05 2.97152e-05 1.66356e-05 0.00170917 0.0140014 0.00238182 0.00279545 0.00787354 3.80752e-05 0.820578 0.0322536 0.00150287 0.00370332 0.0238145 2.00244e-05 0.0239154 1.06166e-06 3.01572e-05 
0.0596285 0.000143492 0.000249644 0.0120877 0.0170268 0.0013547 0.00429193 0.000350314 4.17876e-05 0.00116721 0.00146613 4.19293e-05 2.14978e-05 0.00583458 0.0224626 0.0699892 0.0416154 0.0121057 1.21459e-06 0.564428 0.0710059 0.00406546 0.0450282 0.0524906 0.00377269 0.00836933 0.000947388 1.26878e-05 
0.0584831 0.000471582 9.7444e-05 0.0311612 0.00538938 0.00229124 0.0114372 0.000462219 0.00311305 0.00574372 1.02822e-05 5.35128e-05 7.48107e-05 0.0134976 0.0471102 0.00294677 0.0261698 0.0245858 5.12384e-05 0.591083 0.0361426 0.0027242 0.00411181 0.108417 5.7753e-06 0.0241524 0.000169798 4.29816e-05 
0.0260349 8.20937e-05 0.000210163 0.00127214 0.00282791 0.000268003 0.000832549 0.000287222 8.12026e-05 0.000372948 1.84942e-05 1.15669e-05 2.77777e-06 0.00490357 0.0282538 0.051039 0.0249309 0.0306941 0.000130315 0.434263 0.235316 0.00193784 0.0194662 0.101793 3.89902e-05 0.034701 0.000228256 1.36798e-06 
0.0178793 0.0318241 0.000109934 0.0184321 0.142247 0.000918986 0.00123526 0.00561616 0.00479984 0.00599725 6.46271e-05 3.63435e-08 0.000124606 0.00732805 0.0252414 0.00235966 0.010619 0.00468044 2.27469e-06 0.65474 0.0407022 0.000770828 0.0119557 0.0107564 1.652e-05 0.00155884 6.75262e-07 1.83596e-05 
0.0339061 0.000239101 0.000187449 0.00734808 0.0117162 7.55464e-05 0.0014378 3.62526e-05 1.63426e-05 0.00345715 0.000184265 5.65018e-09 5.63954e-05 0.0085461 0.020888 0.0294148 0.00182111 0.0139382 1.27407e-05 0.775129 0.0533268 0.000460952 0.0144714 0.0160066 0.000208732 0.00697988 0.000129002 5.75081e-06 
0.0473677 0.0147494 0.000232562 0.0189795 0.00567203 0.00137664 0.0202384 5.35779e-05 0.000751646 0.00676204 0.000361347 9.43843e-05 0.000221235 0.016507 0.0103614 0.0221326 0.0551636 0.137887 2.2079e-06 0.546407 0.00231288 9.47545e-05 0.0184295 0.0312612 1.47196e-05 0.0423646 7.53369e-05 0.000126451 
0.102864 3.12666e-06 0.00131043 0.0749002 0.0620689 0.000926507 0.00105867 0.00059676 0.11077 0.00585938 0.000535984 1.5957e-07 1.29523e-05 0.021046 0.130191 0.0082914 0.00776183 0.0325381 0.00115131 0.208026 0.041612 9.02648e-06 0.00415382 0.169858 0.000202076 0.0138015 2.79056e-05 0.000422847 
0.0990236 0.000192632 1.21947e-05 0.00942463 0.0353134 0.000435628 0.00213188 0.00190337 0.000339236 0.00837017 7.45362e-05 5.52762e-05 0.0013677 0.0203182 0.0318526 0.00782617 0.0121313 0.0616427 7.37877e-06 0.423483 0.0635883 0.00577255 0.0484277 0.0646144 0.000422011 0.10115 1.35792e-05 0.000105256 
0.0846553 0.000193446 0.000182641 0.131115 0.09881 0.0155559 0.00768339 5.99291e-05 0.000256941 0.000114018 0.000128295 8.82791e-09 5.28912e-07 0.0332132 0.186491 0.0109142 0.051143 0.0217712 1.01405e-06 0.261835 0.0217376 0.000425024 0.0355443 0.0242399 1.41186e-05 0.0138238 3.23988e-06 8.8132e-05 
0.0538558 0.000540948 0.00282048 0.00679701 0.0142871 0.000213827 0.00533223 4.66583e-05 0.00420077 0.000123194 0.000225573 2.69625e-08 3.63424e-05 0.00560438 0.0181835 0.0333078 0.0931676 0.00551891 8.06476e-06 0.61521 0.00439729 0.00132305 0.0104359 0.0906948 7.54467e-07 0.0336053 7.92398e-06 5.44883e-05 
0.0282975 0.000178408 0.00484498 0.0148814 0.0506597 0.000446144 0.00426313 0.00302205 0.000603304 0.000458322 0.000448267 0.000158197 1.97067e-05 0.00611318 0.0306118 0.00242172 0.00533909 0.00784987 0.00011753 0.727159 0.0435122 0.00461874 0.0195555 0.0221031 1.54745e-05 0.0222056 3.40756e-05 6.15317e-05 
0.0350316 0.000346948 1.93877e-05 0.0195508 0.00850548 0.000450751 0.00610846 0.00620709 1.3956e-06 0.0110887 4.16365e-05 1.09337e-07 0.000292037 0.07679 0.0741176 0.00167203 0.0286263 0.0420909 7.99229e-07 0.507928 0.0649925 0.00297469 0.0366064 0.0467368 7.25246e-06 0.0292891 0.000490258 3.2579e-05 
0.0108126 8.88817e-07 4.25629e-05 0.000147424 7.96781e-05 2.1399e-05 1.85813e-06 4.217e-05 6.46352e-08 8.19782e-05 1.51755e-05 5.95109e-07 1.64535e-06 5.03083e-05 0.00110059 0.000376553 0.00400301 0.00242485 9.75207e-08 0.932479 0.0105414 0.00261964 0.00455347 0.0195477 0.000955248 0.00696612 0.00313181 1.83332e-06 
0.130669 1.45301e-05 0.00022271 0.0680223 0.0105179 0.0286045 0.0111607 0.00100765 9.07756e-06 0.00031947 0.000236421 4.86232e-06 6.40986e-05 0.0124683 0.0404964 0.0140833 0.0317068 0.071949 2.97294e-05 0.469619 0.0217038 0.00125785 0.0122552 0.0587167 4.43906e-05 0.0146635 0.000131636 2.13847e-05 
0.108875 0.000796517 0.000896855 0.0684894 0.0298201 0.00244392 0.0107067 0.00596757 0.00033877 0.0288087 9.36587e-06 1.73178e-06 0.000200722 0.0282723 0.0326887 0.0197177 0.0517679 0.0938894 0.000193758 0.153052 0.0471984 0.00265314 0.139838 0.061622 0.000204391 0.0959918 0.00578674 0.00976823 
0.0810463 4.55402e-05 7.1677e-07 0.0681153 0.00264184 0.00400506 0.000827448 4.18066e-05 5.17658e-07 0.000519571 0.000221887 9.96854e-06 6.43079e-05 0.00182914 0.0148574 2.36384e-05 0.000135864 0.000824545 4.57688e-05 0.678869 0.0996154 6.75842e-05 0.0119397 0.0341454 5.64049e-06 5.81438e-05 2.61347e-05 1.59886e-05 
0.137984 0.000492947 0.00498391 0.0355088 0.0159709 0.00517002 0.00713582 0.00398804 0.00245705 0.00402323 0.000737155 0.000280314 0.000103568 0.0152297 0.0418074 0.0308249 0.068296 0.0262589 3.20844e-05 0.388813 0.0503811 0.00173729 0.0267321 0.0969541 2.14801e-05 0.0323396 0.00149467 0.00024191 
0.12596 3.33015e-06 4.1031e-07 0.0107565 0.00156166 0.00611122 0.000405588 2.44324e-07 1.40047e-07 0.0185995 2.06351e-06 3.93256e-10 1.88626e-07 0.000155845 0.00736691 0.00739203 0.0032745 0.005396 2.81761e-06 0.762858 0.00603177 7.79597e-06 0.00174462 0.0398918 7.90842e-09 0.00246443 1.01819e-05 2.5988e-06 
0.316395 0.00172055 0.000657054 0.0061026 0.00468847 8.45974e-05 0.000385548 0.00146918 8.82883e-05 0.00742587 0.0019468 4.8838e-10 4.86272e-06 0.00467603 0.0145147 0.0216234 0.00905107 0.0303063 2.71055e-07 0.338352 0.107289 0.00798538 0.021953 0.0632929 2.77555e-05 0.0397238 0.000176583 5.89385e-05 
0.0498279 0.00406933 0.000226834 0.0298909 0.055638 0.000638701 0.00677411 0.00161733 0.0124243 0.00259262 0.00198435 4.55641e-08 7.38769e-05 0.0193879 0.017213 0.0101952 0.0347784 0.0135473 0.000310257 0.348932 0.074568 0.00504601 0.0453064 0.0570799 9.07693e-05 0.206581 0.0010428 0.000162452 
0.0148762 0.000547817 1.24269e-09 0.000125 0.0013287 1.05275e-06 0.00545284 3.89762e-07 2.1431e-06 6.63487e-05 0.00168855 1.5042e-09 1.71466e-09 0.000445098 0.0202619 0.239323 0.0307863 0.0279501 1.22035e-09 0.41702 0.122065 0.000122419 0.0415233 0.0694626 0.000133479 0.00681027 8.13331e-06 1.31422e-07 
0.0690022 0.000852797 0.00018021 0.00804992 0.0132988 0.00150093 0.00262376 0.000294854 0.000198813 0.0126885 7.13913e-05 2.85355e-05 1.57942e-05 0.00584953 0.0105846 0.018057 0.00890872 0.0110107 1.39092e-05 0.664038 0.0739894 0.00492765 0.0427851 0.0209878 0.000188567 0.0296239 0.000163526 6.55599e-05 
0.00169374 0.0130692 1.70313e-05 0.0815908 0.0421885 0.000663065 0.00959833 0.000958976 0.00124967 0.0470766 5.71787e-05 1.49591e-06 9.78466e-05 0.0126761 0.00916533 0.0474704 0.0578724 0.0025614 4.46341e-05 0.356614 0.0251737 0.0596049 0.012531 0.0173271 6.41356e-05 0.20055 7.65204e-05 6.5782e-06 
0.178304 0.000345895 0.00327523 0.016269 0.00441879 0.00159887 0.0345971 6.97479e-05 0.000202419 0.018398 8.46594e-05 1.33831e-06 3.7579e-05 0.0138632 0.0168083 0.0224594 0.01899 0.231566 3.25844e-06 0.314906 0.0280626 0.00140729 0.0305369 0.0432073 4.06646e-06 0.0199004 1.38321e-05 0.000669338 
0.0211671 4.10036e-06 0.000553872 0.0225707 0.0140219 0.000129453 0.0323162 8.99982e-06 1.26412e-06 0.000176448 7.91418e-05 9.82239e-06 9.9257e-05 0.000370598 0.226694 0.0275295 0.0333132 0.0847025 0.000233276 0.282656 0.0229285 0.00271035 0.0655294 0.137346 8.69062e-07 0.0248222 3.34182e-06 2.19014e-05 
0.203409 0.000124079 0.000122773 0.0175827 0.138978 0.0026872 0.0275061 0.00164925 6.54224e-05 0.0160334 0.000889348 9.61926e-07 0.00038915 1.94194e-05 0.00744631 0.0747285 0.00838476 0.0356653 7.58375e-05 0.3087 0.01033 0.078588 0.0174339 0.041773 2.48856e-05 0.00641082 8.12596e-07 0.00098205 
0.128344 0.192236 2.32677e-05 0.00745726 0.19619 0.0019939 0.000924751 0.00735348 0.00226234 0.000934492 9.49896e-05 0.00325683 0.000344426 0.00187723 0.0132458 0.00651369 0.0260122 0.00421369 1.20284e-05 0.258647 0.0161347 0.0337523 0.0129937 0.0235413 0.000523473 0.0610176 7.17955e-05 2.77e-05 
0.0387556 0.000514239 0.0128193 0.0366344 0.255194 0.00194766 0.00167438 0.000549565 0.00293741 0.00463238 0.000250081 0.00151491 0.000701681 0.00354329 0.048059 0.0116993 0.026437 0.00870044 0.00065737 0.395511 0.00620216 0.00175614 0.00948062 0.0701874 0.000180256 0.0588253 0.000126628 0.00050922 
0.0473677 0.0147494 0.000232562 0.0189795 0.00567203 0.00137664 0.0202384 5.35779e-05 0.000751646 0.00676204 0.000361347 9.43843e-05 0.000221235 0.016507 0.0103614 0.0221326 0.0551636 0.137887 2.2079e-06 0.546407 0.00231288 9.47545e-05 0.0184295 0.0312612 1.47196e-05 0.0423646 7.53369e-05 0.000126451 
0.162376 0.00192261 0.000211645 0.0150024 0.0262027 0.000734159 0.00448458 0.000510123 0.000293686 0.0117383 0.00018674 0.0147609 1.7704e-05 0.0187304 0.00572807 0.0256247 0.0208178 0.0257526 4.26589e-06 0.320916 0.0574566 0.0174138 0.0326911 0.127234 2.80058e-06 0.10879 0.000377771 1.87472e-05 
0.0134323 0.00167832 0.0018313 0.0186179 0.0322529 0.00477085 0.00307774 0.00115658 0.00199713 0.00329722 0.000579905 0.000131572 0.000148979 0.0109153 0.0147432 0.0156779 0.0121291 0.0117005 6.97739e-05 0.720076 0.0313722 0.00319067 0.0149528 0.0178512 1.19572e-05 0.0594084 4.52764e-05 0.00488292 
0.142439 0.000248931 0.00639479 0.0281723 0.0115603 0.00272237 0.00335979 0.00102862 0.000575033 0.00357713 0.000181921 3.95396e-05 0.000178434 0.00889117 0.0469988 0.0174473 0.0504614 0.0123077 0.000355235 0.515084 0.0243076 0.0031902 0.00907503 0.0769007 0.00275713 0.0314147 0.00024586 8.50824e-05 
0.101082 6.29945e-05 2.37943e-06 0.003673 0.00228215 0.000124483 7.75418e-05 0.00365581 9.67473e-06 0.00510127 0.00017624 1.82857e-10 1.90328e-05 0.0578035 0.00176287 0.0294176 0.00321632 0.00650226 8.80213e-08 0.607261 0.0377084 0.00115041 0.0850328 0.0445283 0.000412975 0.008087 0.000846571 2.94264e-06 
0.0227696 0.00320352 0.000350444 0.0594634 0.202952 8.81661e-05 0.0061386 0.000275367 0.00260251 0.0163026 4.46983e-05 5.60645e-06 0.000100255 0.0116074 0.0704821 0.0205757 0.0110107 0.00939206 6.84503e-05 0.383594 0.0530971 0.020952 0.0298865 0.0564377 2.15342e-05 0.0185365 2.21438e-05 1.95606e-05 
0.022709 4.20949e-05 9.87755e-05 0.00181545 0.000494026 0.0850692 0.00170118 8.36864e-05 0.000330542 0.0314467 0.000160165 6.15346e-07 0.0003995 0.00239551 0.0100223 0.0231661 0.00545873 0.000147595 4.14635e-05 0.640866 0.115444 0.0116276 0.00979139 0.0198443 6.61367e-05 0.0166165 0.000162022 3.49251e-07 
0.339024 4.55615e-06 0.000555986 0.00225615 0.00210192 2.12751e-09 1.45088e-05 3.46627e-06 8.42866e-07 3.61619e-06 2.44018e-09 3.03294e-09 3.25311e-06 0.000118085 0.0252819 0.00105516 0.0005142 0.0254734 7.75946e-07 0.529369 0.00453187 7.32146e-07 0.011299 0.0231575 8.13726e-07 0.0352272 1.84553e-06 2.80796e-07 
0.0467583 0.00291432 0.00241184 0.00694988 0.0207431 0.000669392 0.000934835 0.0076698 0.022816 0.0204109 2.97716e-05 0.000252375 2.00769e-05 0.0187348 0.031078 0.00811773 0.0362275 0.0444975 1.61665e-05 0.323128 0.253203 0.0180585 0.0232535 0.0908793 1.30716e-05 0.0201891 7.04227e-06 1.55082e-05 
0.100702 4.53183e-06 0.00185427 0.0156282 0.00850054 6.75986e-06 0.0068565 0.000911282 0.00011002 0.00358243 1.57424e-05 1.13457e-07 3.72218e-05 0.0177223 0.0419609 0.000687345 0.00313717 0.0468045 7.22369e-06 0.409273 0.0660385 0.000188699 0.006288 0.210595 1.01072e-05 0.0590708 7.93942e-07 6.54011e-06 
0.0836263 0.000370091 2.46266e-07 0.0903863 0.177213 0.000598637 0.00155237 0.0471953 0.00396509 0.000178618 2.41701e-06 1.17688e-07 1.01264e-05 0.000119004 0.0453708 0.00445002 0.00536671 0.0143671 9.54796e-08 0.430058 0.0399541 0.00138255 0.0465937 0.000362503 5.50531e-05 0.00637698 1.09184e-07 0.000445008 
0.0541241 0.0106471 4.65415e-05 0.00354 0.0753129 0.00131868 0.0127684 0.0003502 1.13709e-06 1.40934e-05 1.32634e-05 0.00136597 5.74198e-05 0.0123599 0.0248902 0.00144352 0.0408728 0.00346905 1.58892e-05 0.702055 0.0121588 0.021394 0.00715265 0.00992163 0.000194465 0.00447914 2.24161e-05 1.04863e-05 
0.00216027 7.14355e-05 4.15577e-09 0.0084489 0.088583 5.97318e-06 0.0101746 0.00016682 4.64319e-05 0.0153591 0.000458168 5.03033e-09 1.08516e-06 0.0014902 0.00585411 0.000263019 0.00210691 0.000867131 8.86433e-07 0.811882 0.0116246 0.000981494 0.00339203 0.0321817 2.56564e-05 0.00192978 8.79199e-06 0.00191568 
0.00585654 0.00018197 0.00186043 0.00239688 0.0037887 5.86542e-05 0.00234093 0.00324888 0.000466392 0.000188482 6.03014e-05 1.19307e-06 4.82997e-05 0.00324469 0.00252635 0.0334085 0.0151083 0.00775446 6.05012e-06 0.772353 0.0140365 0.0890469 0.0101789 0.0186461 0.00237994 0.00862877 0.00217945 4.58381e-06 
0.10958 0.000933518 0.00032766 0.0118613 0.0185749 0.00306257 0.00195872 0.000316156 0.00189081 0.00619743 0.000393472 1.11215e-09 0.000172955 0.0190782 0.00541206 0.0109424 0.0202121 0.0490597 9.76399e-06 0.606758 0.0267683 0.0245416 0.0165557 0.0360228 2.80433e-05 0.0283923 5.86048e-05 0.000891042 
0.362176 2.09253e-08 4.66946e-05 9.90579e-05 0.0032515 0.000319958 3.89666e-05 0.00114385 2.29515e-08 5.24162e-06 0.000214066 1.3891e-05 4.38495e-08 0.00201029 0.00142129 0.00244443 0.0558004 0.000910208 2.7971e-06 0.458647 0.0169519 0.000742924 9.16906e-07 0.0871012 0.000135037 0.00648132 4.10764e-05 2.18329e-08 
0.0346061 2.82927e-05 0.000116777 0.0165258 0.0211355 0.00103244 0.00293105 0.00207887 0.00113873 0.000555012 1.47293e-05 0.000122419 2.38088e-05 0.00179575 0.101633 0.0197275 0.0127297 0.0241885 2.92059e-05 0.603017 0.0203124 0.0257971 0.057729 0.0314119 2.49393e-06 0.0201232 0.00116127 3.24935e-05 
0.157984 0.0003075 0.00154034 0.0281533 0.00535363 0.0387908 0.00475459 0.000999003 0.0178805 0.00916633 0.0012361 2.77929e-08 0.000215328 0.00845348 0.016868 0.030408 0.0124369 0.0161076 1.09293e-05 0.41919 0.124533 0.00387023 0.0317385 0.0285863 7.42602e-06 0.0411409 4.20674e-05 0.000224599 
0.0473677 0.0147494 0.000232562 0.0189795 0.00567203 0.00137664 0.0202384 5.35779e-05 0.000751646 0.00676204 0.000361347 9.43843e-05 0.000221235 0.016507 0.0103614 0.0221326 0.0551636 0.137887 2.2079e-06 0.546407 0.00231288 9.47545e-05 0.0184295 0.0312612 1.47196e-05 0.0423646 7.53369e-05 0.000126451 
0.0862964 6.1173e-05 8.71233e-05 0.004361 0.00190815 0.000465295 9.64901e-05 0.00011627 4.46701e-05 5.87389e-05 0.00018815 0.00462325 0.00030851 0.0269276 0.0133936 0.0164246 0.115849 0.0118596 8.65408e-07 0.4641 0.0311194 0.122927 0.022232 0.0579565 0.00113797 0.0174036 4.60395e-05 6.93957e-06 
0.0446118 1.19993e-05 3.9795e-07 0.0290191 0.0725682 7.45499e-05 0.0164706 0.000150286 0.023093 8.90484e-06 8.51627e-05 4.36352e-05 5.49093e-07 5.14363e-05 0.18878 0.00433628 0.0379489 0.000399646 3.90797e-07 0.573861 4.28895e-05 3.65734e-05 0.000406646 0.00671945 5.21707e-06 0.00126949 4.46889e-07 3.43373e-06 
0.0238219 0.00759777 0.00145256 0.0235739 0.0116472 0.00296616 0.00717685 0.00847968 0.000290677 0.000470957 3.60579e-05 4.78036e-08 0.00101434 0.248739 0.00861984 0.0406715 0.0306404 0.00348983 5.73277e-06 0.47608 0.0245745 0.00202634 0.0365201 0.0120271 3.29503e-05 0.0278631 9.84742e-05 8.22295e-05 
0.0383337 0.00520591 0.00435822 0.0199753 0.0217263 0.0090227 0.00549845 0.00385462 0.00113157 0.00578321 0.000125609 0.000382132 0.00262485 0.0155942 0.0141474 0.0448965 0.0207343 0.00415097 0.000198914 0.405349 0.0473146 0.00355316 0.0176083 0.260959 0.000367662 0.0467155 0.000205415 0.00018188 
0.0134441 1.50775e-05 0.00122712 0.00412855 0.0164775 0.000158751 0.000326483 0.00287846 3.6051e-05 1.1536e-05 3.49481e-08 3.60313e-07 1.37355e-06 0.00197292 0.0284432 0.00148272 0.0136095 0.00265809 1.60812e-05 0.856495 0.022635 0.00134659 0.00946782 0.0207519 8.12183e-06 0.00239183 6.61445e-07 1.46915e-05 
0.0845426 0.000106109 1.91356e-06 0.0714211 0.114799 0.000150802 0.0170575 0.00290112 0.000391682 0.0144506 0.00073177 2.49367e-10 0.000139326 0.0606207 0.0558849 0.0421355 0.0236423 0.0750617 1.86821e-05 0.188345 0.0299797 0.0135354 0.0729778 0.0917455 1.51832e-05 0.0393325 4.08041e-06 6.77707e-06 
0.179671 1.86588e-05 0.00485189 0.0240111 0.00759935 0.00165696 0.00183286 0.000337993 1.95657e-05 0.0106527 0.000302255 3.10679e-05 0.000117089 0.0192802 0.0127306 0.00547138 0.157173 0.0144098 0.000192456 0.448027 0.019981 0.000845794 0.00588741 0.071315 0.000915642 0.0125865 6.67644e-05 1.47028e-05 
0.109633 0.000607318 0.027439 0.0107607 0.00822326 0.00100029 0.00195933 0.00401916 5.1033e-05 0.00602757 0.000587883 1.09507e-06 8.54787e-05 0.0268102 0.0105987 0.0048353 0.0307725 0.0180924 1.44883e-05 0.405492 0.0398855 0.00103882 0.00923572 0.185286 0.00485409 0.091678 0.000998538 1.33139e-05 
0.0015512 7.79286e-05 2.6009e-05 0.00578312 0.0823296 2.06385e-05 0.000304669 0.00162826 1.4814e-05 0.000175674 0.000169682 1.02694e-07 0.00022445 0.0503974 0.0613736 7.02149e-05 5.47649e-05 0.00484727 0.0785378 0.511345 0.119418 0.0029958 0.00663169 0.025156 0.00368263 0.0431559 2.20601e-06 2.56975e-05 
0.240885 2.81528e-07 3.10526e-08 0.141835 0.101868 3.92117e-06 0.085506 0.0148688 9.62926e-07 0.00700974 0.00116626 3.75875e-08 0.000298414 0.000571872 0.0492276 0.0229446 0.0360456 1.07267e-06 3.04945e-08 0.246644 0.0118146 1.1437e-08 3.74106e-06 0.0388621 5.87194e-08 0.000439758 1.59331e-06 3.45592e-07 
0.0164141 0.0012222 0.000564852 0.0197436 0.0266091 0.00108477 0.00493045 0.000254706 0.00114147 0.00508719 0.000136194 5.99366e-05 0.000155636 0.0104612 0.02639 0.0144089 0.010268 0.0250175 2.6185e-05 0.716455 0.0176227 0.00385154 0.00734607 0.0353756 0.000455106 0.0547979 1.55848e-05 0.00010419 
0.0171784 0.00356921 0.00157803 0.0142405 0.03746 0.00111012 0.00188198 0.00266303 0.00321114 0.00657409 0.000100003 1.81436e-05 0.000237836 0.00321101 0.00400328 0.113552 0.0445385 0.0109138 8.6539e-07 0.547446 0.0247294 0.0857847 0.0199179 0.023676 0.00375591 0.0286012 3.73004e-05 1.01785e-05 
0.0505181 0.00121859 0.00140659 0.0184639 0.048502 0.00105543 0.00412443 0.00700576 0.00277994 0.00854894 0.00059386 0.00171869 0.000318062 0.0174401 0.0286427 0.012498 0.0150061 0.0142537 6.26582e-05 0.57519 0.0659196 0.00563485 0.0526474 0.0228635 0.00059221 0.0421395 0.000152849 0.00070256 
0.140596 3.0322e-07 1.64627e-05 0.019456 0.00404993 7.16209e-05 0.000239752 0.000465033 8.03717e-06 1.9869e-05 8.63715e-05 7.3634e-05 6.35406e-07 0.026996 0.00146747 0.0676126 0.274832 0.00969781 1.21191e-05 0.402192 0.0111609 0.0003329 0.00602136 0.0145585 2.34051e-05 0.0198415 0.000167429 3.16371e-07 
0.232128 1.88339e-06 1.21345e-05 0.00822389 0.0103775 0.000223961 0.00525086 4.04591e-05 3.64479e-05 0.000465355 2.46647e-05 9.8324e-05 0.000120309 0.0176721 0.0323537 0.046601 0.00719446 0.00167788 4.90622e-06 0.569471 0.00368808 0.00065678 0.0232967 0.0111449 3.99711e-07 0.0292315 8.05238e-07 2.65833e-06 
0.228951 0.000160154 5.02968e-05 0.00818868 0.00633769 2.9837e-08 0.00945105 8.87875e-05 1.14521e-10 0.000229134 1.54428e-10 1.9194e-10 2.18796e-10 0.025047 0.0128014 0.0214751 0.00476821 0.086434 3.8108e-06 0.292082 0.0441271 0.0115308 0.0157801 0.176047 7.35297e-08 0.0564463 1.78071e-10 1.08939e-10 
0.0144545 1.15991e-06 0.000103457 0.00798655 0.0229509 0.000572521 0.0184764 0.00742997 2.69405e-05 0.0186831 0.000174829 3.42975e-06 0.000259707 0.00321797 0.0457276 0.00228601 0.0104842 0.00710165 4.18927e-07 0.761745 0.0312963 0.000391854 0.0140542 0.0264003 4.79713e-06 0.00612669 1.47894e-05 2.45613e-05 
