0.189823 0.000166932 3.78095e-07 0.00877755 0.0333171 1.19388e-05 0.00200072 4.88062e-05 0.000250834 0.00055511 0.000173401 9.21329e-07 4.74716e-05 0.023629 0.0658739 0.00522285 0.00228661 0.102075 1.73271e-05 0.0105564 0.259985 0.00124298 0.0737733 0.108887 1.56678e-05 0.111224 1.30335e-05 2.30957e-05 
0.120149 0.000293282 0.000649836 0.0393596 0.0439841 0.00196477 0.0109232 0.00449579 0.0036425 0.00836084 0.00029504 0.000312564 8.22421e-05 0.0213925 0.0415886 0.0367893 0.105775 0.110535 4.92719e-05 0.0192846 0.145102 0.00786823 0.108549 0.0905396 0.00270941 0.0737966 0.000518013 0.00098992 
0.0168331 0.000161217 0.0138282 0.0786876 0.0605581 1.73419e-05 0.0701757 0.000121111 1.54503e-05 0.000290869 0.00341081 8.34254e-09 0.000276861 0.0117441 0.0366962 0.00199488 0.00380569 0.0838139 0.000125006 0.0219509 0.31345 0.00547546 0.108889 0.0907195 9.78274e-07 0.0758882 1.16903e-05 0.00105885 
0.00360642 0.000300933 0.0435624 0.00758409 0.00990107 0.00137577 0.0093714 0.000588113 9.60059e-06 0.00651202 5.97793e-05 0.000127362 5.72388e-05 0.00625705 0.00164709 0.039214 0.0146319 0.00718786 3.87577e-07 6.2762e-05 0.793987 0.00203676 0.0458056 0.00339675 2.75601e-05 0.000903038 0.00176903 1.73108e-05 
0.0503155 5.90315e-05 6.85619e-08 0.00454023 0.266176 9.13548e-12 0.00155313 0.0129032 7.77039e-12 0.00202414 0.000631531 2.01909e-08 8.0072e-06 0.00309651 0.0261532 0.00531694 0.000927525 0.0195022 1.97676e-06 0.00446762 0.294174 0.00457362 0.21674 0.0428563 5.0336e-05 0.0438525 2.48996e-05 5.11809e-05 
0.0944466 4.64699e-05 1.52041e-05 0.024124 0.0203355 0.00168859 0.0205131 0.000474629 0.000650513 0.00935044 0.000158999 0.000190793 5.67968e-05 0.0207583 0.0238167 0.0626579 0.0346425 0.0538786 3.87881e-06 0.00115734 0.320701 0.00946392 0.191255 0.00965932 0.00213311 0.0961595 2.41535e-05 0.00163726 
0.0775469 0.0019524 5.69863e-06 0.0583251 0.0480441 0.00195894 0.00231073 0.00080579 9.64515e-05 0.0198225 0.000105502 2.61262e-07 0.000113328 0.0128135 0.0136749 0.0683997 0.0320784 0.0376058 3.50601e-06 0.00179326 0.25708 0.000906143 0.21142 0.107807 2.8479e-05 0.0343835 0.0108699 4.88443e-05 
0.024905 0.00043644 6.96165e-05 0.00388928 0.0131897 0.000632199 0.0106601 0.0107904 0.000481823 0.00131508 0.000421704 3.57848e-07 0.000187481 0.030996 0.00398953 0.0931763 0.0730809 0.0938168 6.88942e-07 5.32921e-05 0.478162 0.00820042 0.106 0.021257 0.00090973 0.0135308 0.00980749 4.01001e-05 
0.0130156 0.000892823 0.000828559 0.015649 0.0444237 0.00114982 0.00953804 0.00944479 0.000630625 0.00978364 0.000161337 5.17951e-05 3.51513e-05 0.0534886 0.00868467 0.0387152 0.039608 0.0294021 7.21362e-06 0.00188716 0.321381 0.00682533 0.249099 0.0169279 0.0145329 0.11206 0.00150264 0.000273739 
0.0703514 0.00108979 0.0028718 0.0251779 0.0175137 8.39697e-05 0.00302547 0.00410419 5.31212e-05 0.0356446 0.000238479 2.21286e-09 0.000205449 0.127354 0.0138925 0.03439 0.0821341 0.0894161 4.63982e-07 0.000566298 0.172704 0.0200826 0.111286 0.017389 0.00513601 0.162481 0.00278312 2.49954e-05 
0.0222386 0.000536886 0.000114361 0.0902109 0.0617102 0.00360489 0.00711414 0.00616947 9.70395e-05 0.047639 0.000473684 0.00166506 5.31792e-05 0.0221279 0.0136434 0.0166795 0.0456236 0.0269134 4.06668e-07 0.000917692 0.394512 0.06235 0.120572 0.0149519 0.0046178 0.0212261 0.013695 0.000541892 
0.04407 0.00145029 0.00180532 0.023606 0.0820781 0.00595589 0.0137928 0.00668924 0.00231656 0.00633987 0.000199903 0.000549972 0.000232246 0.109195 0.0146191 0.0153458 0.0283854 0.0444845 2.32797e-05 0.00150937 0.382635 0.00869777 0.181756 0.00333257 0.000377784 0.0196819 8.11665e-05 0.000789496 
0.0251684 0.000524168 1.7076e-06 0.000495232 0.0394813 0.00115912 0.00573223 0.000247973 0.000411919 6.68145e-05 0.000417335 5.87011e-10 1.29662e-08 0.0102466 0.00975558 0.0902352 0.12489 0.0651822 1.77665e-06 9.21351e-09 0.467437 0.00140252 0.152166 0.0036574 3.98318e-05 0.00117395 8.25746e-07 0.000105487 
0.011458 9.36507e-09 5.12863e-09 1.67253e-08 1.80169e-08 5.17431e-08 1.98033e-06 1.98922e-08 4.68035e-10 2.44324e-06 7.77102e-06 2.52806e-11 2.88178e-11 0.0227506 0.00149654 0.0399012 0.0201202 0.0010354 2.051e-11 2.0441e-07 0.819405 0.0308805 0.0375073 0.000755801 2.96893e-06 0.0146743 6.49363e-08 9.001e-09 
0.00375777 0.00453809 0.000115483 0.0181854 0.0334297 0.00340131 0.0133116 0.246202 0.00112596 0.0209835 0.000232369 0.000732867 0.000653761 0.0326627 0.0242367 0.0210062 0.00807884 0.100878 0.00038984 0.00220499 0.255067 0.0092623 0.168814 0.0045835 4.14441e-05 0.022694 0.00339025 2.01049e-05 
0.0244981 0.0331193 6.12188e-05 0.00863144 0.0730429 0.01373 0.0148785 0.00145522 0.000301851 0.000236169 0.000167699 0.00015597 1.22942e-05 0.00566919 0.00881778 0.0881217 0.0768695 0.0286163 8.3701e-06 0.00483828 0.338323 0.176217 0.0525546 0.0221118 0.010484 0.00624101 0.0107886 4.84066e-05 
0.0357337 0.000719162 0.00019842 0.0611416 0.0173176 0.000173753 0.00374608 0.00517079 0.000146803 0.0363725 0.000187439 1.08282e-07 2.04937e-05 0.0527149 0.00682399 0.0241952 0.0908364 0.0278397 1.24563e-06 0.0145374 0.23142 0.0430705 0.166011 0.0612491 0.0746375 0.0432355 0.00238634 0.000112887 
0.0211259 1.35258e-07 0.00293614 0.00149464 0.0294298 0.000924812 0.00477678 2.10356e-05 1.32771e-07 0.000927575 1.06078e-05 1.37216e-08 0.000128314 0.0142415 0.0238918 0.112159 0.00228477 0.0592588 4.99056e-05 0.00220426 0.424335 5.78454e-05 0.0459014 0.0573749 0.000207774 0.196252 2.1671e-07 4.85596e-06 
0.0139449 0.000528933 0.00500424 0.0327477 0.0322493 0.00740676 0.00125296 0.00802291 0.000109549 0.00698021 0.00430673 0.00767952 2.7357e-05 0.0414757 0.0134557 0.00963539 0.0771847 0.0196861 0.00343809 0.0106915 0.387107 0.0638497 0.072754 0.0600848 0.028755 0.0890055 0.000831001 0.00178531 
0.00461731 1.34958e-08 0.00120552 0.00272551 0.0411779 1.76718e-12 0.000266401 0.000436334 1.60505e-08 0.00214314 0.000179874 2.51926e-12 1.84327e-05 0.0651243 0.00685197 0.00034722 9.86921e-05 0.0440043 0.000191627 0.00237962 0.379756 3.67778e-05 0.0610634 0.171678 2.23458e-06 0.215408 1.34994e-05 0.000273505 
0.0117343 1.98515e-05 3.29028e-09 0.000168151 0.000421184 4.89179e-05 3.01919e-05 4.15951e-05 1.03623e-07 0.000966245 2.18156e-05 1.61932e-11 1.4559e-08 0.00744754 0.00323778 0.00814056 0.0186474 0.00183126 2.81956e-09 0.000495608 0.798969 0.0380481 0.0937942 0.00135371 0.0018362 0.012563 0.00017854 4.7245e-06 
0.0172882 0.00273163 0.00160384 0.0222191 0.103434 0.000807266 0.00522531 0.00594517 4.85497e-06 0.000108407 0.000107095 1.20494e-07 5.38485e-05 0.0715959 0.0152851 0.0244058 0.0418642 0.0668426 4.92272e-05 0.0162689 0.386278 0.00101115 0.089531 0.0791048 8.8656e-05 0.0478967 0.000101898 0.000147675 
0.00976284 0.00022861 0.00260346 0.00406794 0.0335921 0.021823 0.0013872 0.000833427 1.04833e-07 0.257994 0.00056667 5.7972e-07 9.86728e-05 0.00387854 0.00769735 0.012013 0.0480194 5.24798e-08 5.76312e-05 0.00240182 0.472209 0.109481 0.00717734 0.00336263 0.000398036 0.000139418 0.000206988 4.74311e-12 
0.0248489 5.93551e-05 4.76907e-08 0.154459 0.061502 0.000129719 0.032567 0.0482549 0.012249 0.0281973 7.05526e-05 6.85507e-09 0.0001523 0.00673291 0.042477 0.00967474 0.0174322 0.038979 7.85516e-06 0.00579019 0.238214 0.0116676 0.154236 0.0513467 0.00396525 0.0563644 0.00059152 3.07959e-05 
0.12591 0.00116593 0.0272 0.0379262 0.0656834 0.0182667 0.0074047 0.00187708 0.0029064 0.0120661 0.000200145 0.000535894 0.000142882 0.0345096 0.0164867 0.0263053 0.0146981 0.0395996 1.53704e-05 0.00229348 0.460733 0.00119931 0.0542955 0.00333386 9.60396e-05 0.0447465 0.000381679 2.1166e-05 
0.0206266 0.0010861 2.25973e-07 0.00213681 0.179866 0.00039314 0.00040428 0.000326025 0.00179712 0.00755533 7.32599e-05 0.00010096 7.05534e-05 0.323415 0.039795 0.000154324 0.000189806 0.000467927 0.0305161 9.90614e-05 0.333332 0.00150196 0.0148632 0.0403996 0.000223119 9.26204e-05 0.000232347 0.000282194 
0.0102689 0.00835238 0.00689768 0.0463661 0.0899468 0.0121445 0.00379446 0.00369983 0.00164824 0.0396749 0.000848699 8.67181e-05 0.000538882 0.0316508 0.0141894 0.00897225 0.0330091 0.00823363 8.013e-05 0.00384643 0.412342 0.0401306 0.0861179 0.0141276 0.0387054 0.081317 0.00290148 0.00010831 
0.0376667 8.4263e-05 1.12868e-05 0.00260216 0.0212136 0.000666198 0.00108639 0.000440244 0.000340149 0.000535677 8.45949e-05 7.8134e-06 1.05554e-05 0.022917 0.0079518 0.0178943 0.0350813 0.0263881 3.56238e-05 0.00155606 0.513551 0.00279935 0.252538 0.0279971 0.000919753 0.0253006 1.43312e-05 0.000306119 
0.011458 9.36507e-09 5.12863e-09 1.67253e-08 1.80169e-08 5.17431e-08 1.98033e-06 1.98922e-08 4.68035e-10 2.44324e-06 7.77102e-06 2.52806e-11 2.88178e-11 0.0227506 0.00149654 0.0399012 0.0201202 0.0010354 2.051e-11 2.0441e-07 0.819405 0.0308805 0.0375073 0.000755801 2.96893e-06 0.0146743 6.49363e-08 9.001e-09 
0.0432103 0.000342173 0.000406954 0.0249841 0.0602397 0.0204286 0.00425934 0.00836619 0.000544745 0.0914364 0.0010218 2.0664e-05 0.000159306 0.0122565 0.041675 0.0220021 0.0272314 0.0226515 0.000120182 0.00871514 0.369656 0.0794913 0.0840541 0.0315565 0.0163775 0.0284394 0.000232101 0.000120665 
0.00983376 0.00067246 1.08775e-05 0.015933 0.180162 0.000211768 0.00363893 0.000911827 0.000785664 0.0141923 4.08581e-05 8.31446e-05 9.68026e-06 0.00758974 0.0110883 0.0359767 0.214279 0.0348774 0.000154302 0.00203227 0.310491 0.000905968 0.0924532 0.0340426 2.83818e-05 0.0294443 4.60729e-05 0.000104678 
0.00764649 7.86815e-05 0.000360272 0.000390018 0.0175528 7.14798e-09 0.000400792 0.000404728 8.88882e-09 0.000551176 1.22604e-05 1.96058e-08 2.34338e-05 0.0300839 0.00387569 0.00227751 0.0105938 0.0456119 2.36583e-05 0.00149603 0.573434 0.00069447 0.097032 0.120942 4.86809e-06 0.0863831 1.60583e-05 0.000109918 
0.0437541 9.22436e-05 1.29271e-08 0.0166728 0.0110849 5.0735e-05 0.00190613 0.000190984 2.00468e-06 0.00258179 0.000141127 1.37851e-06 1.46962e-05 0.0147294 0.00777234 0.00956018 0.00202493 0.0455044 0.000120543 0.00880642 0.500565 0.00105814 0.183076 0.0450512 1.76745e-05 0.105116 4.2678e-05 6.22675e-05 
0.141749 0.0027048 0.0231229 0.0376716 0.062033 0.00262404 0.00706887 0.0134354 0.0101324 0.00858896 0.000233125 6.59308e-05 0.00106916 0.0314586 0.0188591 0.152544 0.0164989 0.0183056 1.20178e-05 0.00986467 0.331963 0.00900015 0.0448535 0.0310516 0.000491156 0.0241286 0.000110976 0.000358302 
0.0164957 0.000306179 0.0186885 0.0910283 0.0407976 0.0013272 0.00640345 0.00364187 0.000159297 0.05375 0.00218193 1.79317e-07 0.000183544 0.0390034 0.0112459 0.0251725 0.0282411 0.00571155 1.34953e-08 0.00136065 0.51891 0.0189361 0.0744039 0.00593816 0.000721407 0.0339213 0.00146322 7.35675e-06 
0.0306166 0.000334396 0.000692152 0.0199287 0.0375778 0.00213844 0.00319757 0.00209808 0.000471511 0.0142973 0.000371148 3.12265e-05 0.000639085 0.025255 0.0194322 0.0264826 0.0216657 0.0434771 6.5499e-05 0.00236383 0.317918 0.0161596 0.283711 0.0118176 0.00309049 0.112844 0.000492822 0.00283085 
0.00194577 9.20887e-05 1.90193e-06 0.000990849 0.00194337 0.000248997 0.00752564 0.00145671 1.00464e-11 0.000229022 6.42588e-05 1.8768e-10 1.44605e-05 0.0147134 0.00138384 0.131588 0.0642506 0.00904275 1.24111e-08 2.55465e-07 0.673459 0.00408059 0.0814356 0.00225116 9.6883e-06 0.00273226 0.00052593 1.36256e-05 
0.143354 3.59838e-05 9.59069e-07 0.0104684 0.301765 4.64015e-05 2.81598e-05 5.81909e-07 1.45896e-05 7.92784e-05 0.000149081 1.1609e-06 0.000952863 0.107356 0.0017477 0.00400523 0.00220237 0.000162448 6.68686e-06 0.00994468 0.324109 0.00110298 0.0129891 0.0397939 0.0010971 0.0384994 7.85858e-05 7.47314e-06 
0.136302 0.000166614 4.96869e-07 0.0514221 0.0504004 5.55734e-05 0.00889856 0.00159342 0.00315591 0.0146463 0.000390537 5.34279e-05 0.000243128 0.0243894 0.0278888 0.00816887 0.0231644 0.148052 9.75935e-06 0.0143899 0.172777 0.000546151 0.166135 0.113849 1.8223e-05 0.031898 3.32251e-05 0.0013511 
0.0083746 0.00503793 0.00408657 0.0371184 0.107071 0.000592182 0.00318295 0.0159491 0.000418021 0.00271512 0.0417516 1.71382e-11 5.93151e-05 0.172478 0.052458 0.00524215 0.0323762 0.0403652 0.00021216 0.0145472 0.213856 0.0203498 0.179172 0.0170487 0.00220536 0.0215121 0.000408194 0.00141169 
0.0136436 6.7304e-05 5.43047e-05 0.0579028 0.0044145 0.0736015 0.00667733 0.0152005 2.98515e-05 0.00821933 0.000262652 7.68323e-12 1.19493e-05 0.0359609 0.080224 0.026181 0.0848706 0.0505627 7.86307e-09 0.00330254 0.218734 0.031848 0.186835 0.0364921 0.00062569 0.056336 0.0079274 1.4911e-05 
0.0229927 0.000653834 6.59013e-06 0.0110164 0.00149106 0.00066216 0.0193674 0.00109566 1.23185e-07 0.00546721 3.05487e-05 2.35899e-10 5.07305e-06 0.00570366 0.0108772 0.168158 0.0444971 0.0425112 3.73098e-06 0.00159319 0.370566 0.0031764 0.2153 0.0199199 5.95997e-05 0.038602 0.0110202 0.0052234 
0.0260809 5.17874e-05 0.000648031 0.0251604 0.0699613 0.00104303 0.00882728 0.0391391 0.00015645 0.00416572 0.000193768 0.000504981 3.35578e-05 0.0091982 0.0322278 0.00521792 0.0583193 0.0262216 4.90852e-05 0.00414495 0.520587 0.0313798 0.0403835 0.0666019 0.000171427 0.0268426 0.00251278 0.000176134 
0.0160747 5.18831e-05 0.000117789 0.00428659 0.299639 0.000977954 0.000564528 0.0023722 3.29554e-05 0.00141391 0.00336731 8.69165e-05 1.43021e-06 0.00917962 0.016865 0.0109528 0.00670885 0.00593318 0.0592165 0.000298625 0.35125 0.00376724 0.14468 0.00852135 0.0333813 0.0197639 8.27284e-06 0.000486613 
0.0379241 0.000357576 0.00194325 0.0177297 0.0168735 0.000948721 0.00584385 0.00296448 0.000615092 0.000811355 0.000678531 3.88477e-05 5.07463e-05 0.0232577 0.0211953 0.0447498 0.0452794 0.0620822 3.10687e-06 0.00446687 0.487689 0.0203618 0.109153 0.0281376 0.0130997 0.042627 0.0110555 6.32157e-05 
0.0180977 0.0012788 0.0700454 0.00557889 0.0550736 0.000966725 0.000692614 0.00152914 0.00306525 0.00280502 3.19118e-05 1.11597e-06 3.81901e-05 0.0113585 0.0203648 0.00138619 0.00250583 0.0612522 0.000111661 0.0161676 0.564077 0.0192796 0.0340552 0.0757735 0.000180658 0.0335548 0.000246861 0.000481595 
1.24199e-09 2.96912e-06 8.74591e-09 1.53129e-06 1.98914e-06 7.42603e-09 9.47607e-07 5.30652e-09 6.31637e-09 1.0747e-09 6.47854e-06 1.05864e-08 1.20676e-08 1.06458e-05 1.28446e-09 0.0129396 0.00157752 0.000524517 8.58872e-09 3.7902e-09 0.980463 0.000266905 0.00419972 3.01747e-06 1.51806e-06 9.65843e-10 9.82146e-09 6.00853e-09 
0.0486996 0.000245978 0.000174092 0.0129226 0.0251223 0.00198517 0.00497803 0.000553052 0.000659491 0.00338643 6.72341e-05 4.69347e-08 6.16491e-05 0.0194348 0.0250942 0.0147203 0.0235478 0.0239021 8.52171e-05 0.00262729 0.46694 0.00779918 0.246417 0.0301217 2.99383e-05 0.026427 5.77654e-05 0.0139405 
0.129844 0.000162688 1.41718e-12 0.00853461 0.0355673 0.000576708 0.00287511 0.0010734 0.000180943 0.00831288 0.000172741 1.83117e-05 1.34559e-05 0.016611 0.0126928 0.0121065 0.0191151 0.0898454 1.01027e-05 0.00172617 0.397065 0.00155991 0.240933 0.00732016 1.96242e-05 0.0136045 1.70777e-05 4.25255e-05 
0.0076283 0.0320917 0.0625514 0.0967925 0.0284423 4.64604e-05 0.0385655 0.004191 5.5296e-05 0.0628451 0.000130897 4.19713e-09 7.08508e-05 0.0662838 0.0186984 0.0186712 0.019326 0.0322201 6.39811e-09 0.00152497 0.185425 0.0623638 0.0260157 0.012641 0.0779167 0.145497 8.27908e-07 4.4713e-06 
0.0194911 0.000838064 0.00561619 0.0106415 0.0213156 0.00151312 0.0163166 0.0118703 0.0021213 0.00367256 0.000280486 7.63216e-05 0.00010252 0.0155285 0.00895058 0.0341092 0.038813 0.00829355 5.92574e-05 0.0476024 0.541452 0.0179382 0.0423335 0.0253015 0.0191274 0.0573499 0.032805 0.0164801 
0.0521977 2.73346e-05 0.00374885 0.0212902 0.105417 0.000126013 0.00466599 0.000374735 0.000248165 0.00446306 0.000484136 5.48481e-08 1.89849e-05 0.0608677 0.0462829 0.000462649 0.00223925 0.076994 3.97906e-05 0.0107591 0.414701 0.000392715 0.0196361 0.09135 0.000182161 0.0828787 0.000107216 4.4021e-05 
0.0124892 0.00028904 0.0148407 0.0201281 0.0200292 0.0252115 0.00831669 0.000491666 0.000104948 0.000543987 6.81307e-05 0.00425299 4.99505e-05 0.00658137 0.0174715 0.0789153 0.0347632 0.0205643 3.02204e-06 0.000532532 0.561503 0.00858798 0.144258 0.0119757 0.0026309 0.0052561 0.000110986 3.04832e-05 
0.0603399 0.0120386 0.000234089 0.00266959 0.0136139 0.00310582 0.00549419 0.00132933 7.21876e-07 0.0625719 0.00018693 1.07624e-08 9.87151e-08 0.0203051 0.0250559 0.116401 0.155906 0.0219611 3.26562e-06 0.00227065 0.35753 0.00726928 0.080773 0.0320143 1.06783e-05 0.0188862 2.80799e-05 1.7976e-08 
0.002182 0.000107476 1.34538e-06 0.00158097 0.272181 0.01945 0.00132709 0.0039328 0.000103702 0.00108647 1.96775e-05 1.19852e-10 2.94402e-05 0.00795602 0.00969596 0.00747575 0.000354226 0.0141555 0.000419892 2.49056e-05 0.345737 0.0165102 0.254444 0.015689 0.000624239 0.0026046 1.34243e-07 0.0223066 
0.00210422 0.000444955 8.66373e-07 0.00254756 0.263336 0.000154684 0.000330834 7.97147e-05 0.000358308 0.000516594 4.48392e-05 2.55916e-09 0.000401937 0.043995 0.00324589 0.000109992 0.00228167 0.0143179 0.00101163 0.00342681 0.556648 0.00301927 0.0458187 0.0328533 3.18654e-05 0.0229095 3.18073e-07 1.02196e-05 
0.0140797 0.000123624 2.11321e-06 0.0208728 0.022057 0.00777508 0.00603252 0.00340959 0.00115312 0.00133562 0.00010396 7.40305e-11 2.56922e-05 0.00684873 0.00724823 0.0617861 0.0560902 0.0253502 3.44114e-05 0.000891147 0.61276 0.00522512 0.131278 0.00546568 2.97798e-05 0.00832668 0.000866603 0.000828422 
0.0206086 0.000183579 7.38831e-05 0.135984 0.0223293 0.000934867 0.0310312 0.000308792 5.10977e-05 0.0205639 0.000405362 0.000422306 8.14701e-05 0.00958627 0.0962795 0.00978108 0.00781533 0.053953 8.02523e-06 0.00192283 0.36527 0.00777429 0.144763 0.036998 3.02627e-05 0.0323306 0.000441123 6.85347e-05 
0.0355162 0.000151433 0.0055393 0.00993874 0.045123 0.00830155 0.000621473 0.00141169 5.27193e-05 0.00664805 3.20909e-05 5.63635e-07 1.51757e-05 0.0105954 0.0240993 0.00505751 0.0335749 0.00446415 3.04174e-05 0.0514416 0.546032 0.0674597 0.0568793 0.0817388 7.40388e-05 0.00509574 9.02455e-05 1.51631e-05 
0.137777 0.0016169 1.08572e-05 0.014837 0.00588414 7.51292e-05 0.0113141 0.0030216 0.000176144 0.000659877 0.000208422 9.36792e-06 2.8094e-05 0.0253485 0.0158745 0.0234135 0.0637322 0.189222 2.57258e-06 0.00351528 0.194722 0.00376035 0.193233 0.0429279 0.0039005 0.057516 0.00708615 0.00012681 
0.0377064 0.00197137 1.13277e-05 0.00874842 0.0569691 0.000595842 0.00472516 0.00091663 0.000483699 0.00105603 0.000153995 3.51695e-07 0.000242233 0.0152256 0.0309157 0.0166124 0.00691513 0.0438528 0.000146179 0.00098664 0.302447 0.001691 0.298274 0.0048439 0.00788143 0.156111 0.000192545 0.00032382 
0.0161291 0.000548917 0.000616634 0.0275001 0.11884 0.00630679 0.0286993 0.0825304 0.024018 0.0111771 0.000925224 1.7788e-06 3.77372e-05 0.0283152 0.00439489 0.000234653 0.00839437 0.0661323 2.6371e-05 0.0184863 0.364214 0.00564705 0.00743475 0.022257 0.00473137 0.151484 3.7097e-05 0.000879521 
0.0673096 0.000188166 1.09375e-06 0.0133369 0.00316071 0.00514219 0.0045473 0.00100484 2.72685e-08 0.00102777 0.000486508 7.76953e-12 2.20129e-06 0.00629166 0.0210814 0.0151232 0.0207523 0.0984937 6.59196e-07 0.00792653 0.326423 4.43009e-08 0.0740243 0.0368605 1.67196e-05 0.205802 0.090807 0.000189785 
0.0496218 0.00337794 0.00351552 0.0241728 0.0451337 0.00357859 0.00528461 0.00499741 0.000869431 0.0136356 0.00137389 0.000659271 0.000277981 0.0346864 0.0216712 0.0363519 0.0612157 0.0250079 0.000485689 0.0132423 0.321824 0.0314584 0.185124 0.0337269 0.00774635 0.0690895 0.000769183 0.00110233 
0.0145789 0.000618699 1.96679e-06 0.00536912 0.0309573 0.000281182 0.000730537 0.000590327 0.00562402 5.05964e-05 0.000146762 0.00289808 3.11576e-05 0.163633 0.0187257 0.000864874 0.0017938 0.0449925 7.9417e-05 0.00130408 0.425064 0.0466098 0.0338448 0.0299207 1.35321e-05 0.171263 1.54445e-07 1.20801e-05 
0.0200962 0.00059762 0.000343398 0.0159907 0.103897 0.00111172 0.0101481 0.00266098 0.000653423 0.0600166 0.00235778 7.06669e-05 8.24979e-05 0.0136234 0.0205166 0.0229174 0.0187006 0.0101682 0.000152269 0.00387904 0.428542 0.0114983 0.229382 0.00341573 0.0136387 0.0043007 0.000498362 0.000739677 
0.00986517 0.000426726 0.000333102 0.00991192 0.0105827 0.00299367 0.00186799 0.00610177 5.75592e-05 0.00566691 0.000286071 1.13892e-06 4.4812e-05 0.0216522 0.00549478 0.0322581 0.0817866 0.0296505 7.72479e-07 0.00192892 0.543356 0.0572696 0.122506 0.0199789 0.0166306 0.0121628 0.00702862 0.000156588 
0.1586 0.011188 5.92789e-08 0.00561223 0.030884 0.00333929 0.00177843 0.000522296 0.000170474 0.000455154 7.95484e-05 4.91487e-09 4.97294e-05 0.0101125 0.0927759 0.00564562 0.0548468 0.0942527 1.36009e-05 0.00353992 0.246412 0.000756677 0.169469 0.0311971 7.69347e-06 0.0782034 7.04319e-05 1.73206e-05 
0.109204 0.00475726 0.00126387 0.0184401 0.0112968 0.000955917 0.00187135 0.00175977 0.000506997 0.0122601 0.000397154 5.29743e-05 3.78415e-05 0.165156 0.0170736 0.0511701 0.0325903 0.0422877 0.000194334 0.00419984 0.213064 0.0355049 0.136822 0.0309707 0.0135275 0.0820605 0.0123714 0.000202865 
0.0346395 7.07853e-07 1.5958e-11 0.00625074 0.000765776 0.00608447 0.00177562 0.00180288 1.1525e-11 5.12963e-05 0.000727249 1.93163e-11 2.2019e-11 0.0351123 0.0301022 0.0286362 0.0752663 0.0386597 1.56712e-11 0.00108436 0.293688 3.10753e-07 0.0968267 0.00538229 4.69254e-05 0.138666 0.20435 8.03223e-05 
0.0268382 0.00769205 0.000450935 0.0196109 0.107863 0.0013022 0.00671345 0.00125508 0.00145568 0.0110227 0.000256777 1.55405e-06 0.000270312 0.190426 0.0202214 0.00405187 0.00685931 0.0644194 0.000786992 0.0105939 0.223016 0.00766824 0.0729151 0.10548 0.000862943 0.10787 3.36934e-05 6.11368e-05 
0.0159398 8.0631e-05 0.00016907 0.00440833 0.0105428 3.37778e-09 0.00153862 0.0014508 2.87304e-09 0.000105863 1.5644e-06 4.81531e-09 0.000317358 0.000174689 0.00442794 0.000117719 0.00195428 0.0040126 7.96653e-06 0.0214752 0.863292 0.000128922 0.0045654 0.019128 1.02805e-06 0.0460251 0.000131809 2.97528e-06 
0.0687302 0.000537334 0.00331537 0.0284575 0.0354855 0.0020797 0.00686763 0.00169205 0.00221351 0.0152007 0.00019649 3.03321e-05 0.000216859 0.0159883 0.0303059 0.0613644 0.0236156 0.0422363 8.87936e-05 0.00339217 0.313104 0.00624856 0.232183 0.0220173 0.0027117 0.0793045 0.000158552 0.00225736 
0.0208006 0.000836738 0.00159962 0.0319805 0.0806429 0.00599736 0.0107301 0.0054645 0.000823664 0.0154873 0.00038111 5.59472e-05 0.000992407 0.0255417 0.029953 0.0334282 0.0144108 0.0717013 3.29404e-05 0.00249676 0.227126 0.010201 0.212138 0.0140004 8.57258e-05 0.176724 5.64925e-05 0.00631037 
0.010016 0.00123673 0.000118925 0.0266006 0.157125 5.70928e-06 0.00582598 0.000222283 0.0010412 0.0796108 0.000432585 4.60756e-10 0.000108779 0.00607142 0.0468508 0.0124031 0.026494 0.0256197 0.00961712 0.022766 0.442603 0.00110966 0.0525747 0.00732774 0.000460975 0.0145844 2.99311e-08 0.0491735 
0.0702921 0.00045245 0.000102529 0.0148458 0.0502734 0.00181886 0.00333287 0.0153446 0.00280145 0.0166714 7.60005e-05 2.49443e-07 2.26318e-05 0.0326102 0.00849012 0.0977643 0.110376 0.00441426 1.97811e-08 0.00251407 0.191026 0.189083 0.114245 0.0138103 0.0550388 0.00314685 0.00140148 4.4862e-05 
0.0930492 0.00294544 0.000157275 0.0139354 0.0540347 0.00508578 0.00308701 0.00331425 0.000471458 0.0134464 0.000358967 0.000138929 0.00014858 0.0262446 0.0121145 0.0821417 0.0338605 0.0377431 1.45822e-05 0.0289058 0.416283 0.0103941 0.0968337 0.0188362 0.000129958 0.0462495 7.54739e-05 2.98745e-08 
0.0433371 1.51771e-05 0.00159403 0.0296876 0.035073 7.17756e-05 0.0169787 0.0268308 0.000194044 0.0244515 0.000900549 1.47959e-07 0.000102253 0.0836485 0.0505982 0.0286903 0.134066 0.0587189 6.50756e-06 0.0438849 0.177816 0.0539823 0.0254301 0.114202 0.00499313 0.0367916 0.00312664 0.00480822 
0.0141984 0.00065035 0.000648774 0.0354685 0.0120105 0.0183772 0.00445286 0.00132983 0.000791151 0.000470384 7.10976e-05 1.53428e-07 8.42244e-07 0.0298451 0.01196 0.0828531 0.0427468 0.0603759 2.41584e-08 0.00133557 0.2506 0.109123 0.0341591 0.062412 0.0806113 0.138098 0.00740504 5.27097e-06 
0.0136712 0.000479043 0.00851967 0.0270844 0.0424113 0.00177683 0.00230115 0.00907843 0.00069658 0.010653 5.66816e-05 4.75388e-05 2.75465e-05 0.0491749 0.162886 0.0124148 0.0113463 0.0253479 0.00020353 0.00497743 0.508044 0.00685388 0.0368246 0.0441456 0.00394449 0.0135735 0.000577233 0.00288215 
0.0252618 0.0215464 0.000556449 0.143751 0.0775916 0.0062247 0.0628801 0.00154135 1.31821e-07 0.00505165 1.81856e-05 1.25928e-08 0.000230247 0.0378554 0.0295341 0.0161032 0.0472936 0.0335152 5.47256e-05 0.010528 0.246171 0.0200433 0.183715 0.0220245 1.7851e-05 0.00149942 0.00541936 0.00157229 
0.0145083 0.0189297 0.0607908 0.00675516 0.0572997 0.00542933 0.0139697 0.000233281 0.000457398 0.042212 3.6366e-05 1.04121e-06 3.82421e-05 0.0467838 0.0118165 0.0564424 0.0295915 0.0315002 3.93089e-06 0.00130709 0.524122 0.00101309 0.0559766 0.0149714 0.000118452 0.00543681 0.000243791 1.17899e-05 
0.0056418 0.000494653 1.37587e-09 0.0130057 0.243444 0.00285724 0.00536907 0.00358663 0.000155051 0.0525591 0.000144285 0.00151139 1.61331e-05 0.00489921 0.0239851 0.00571696 0.00134707 0.0108348 2.41406e-05 0.000458853 0.400644 0.00163634 0.21608 0.000578394 0.000190315 0.00336107 3.44836e-05 0.00142471 
0.0129196 0.000260347 0.00878327 0.0120343 0.116642 0.00172804 0.00572007 0.00408445 0.000218302 0.0025624 0.000337772 1.58814e-07 5.04219e-05 0.00355336 0.0162609 0.0807781 0.0074395 0.0230744 2.59647e-07 0.00305596 0.581166 0.00253936 0.10352 0.0063789 5.80224e-05 0.00675216 4.20663e-06 7.84345e-05 
0.00280973 0.000520303 1.73509e-05 0.0142432 0.0100021 9.68643e-06 0.00013388 0.000826518 5.04292e-08 0.00863667 0.0532187 0.0126756 9.63466e-08 0.237067 0.00380768 0.00782753 0.142221 0.00699355 9.85841e-05 0.00165682 0.317623 0.0241291 0.0334672 0.0030967 0.0197446 0.0991284 3.52771e-05 9.23543e-06 
0.0274169 0.00043691 5.58678e-05 0.0158508 0.0141374 0.00142724 0.00814933 0.000492028 4.4139e-05 0.0218162 0.00023799 0.00103555 3.12899e-05 0.00501465 0.0060637 0.0276861 0.0275731 0.0413601 1.13909e-06 0.000875478 0.360932 0.00569951 0.355394 0.00746612 0.00191049 0.0654571 0.000595058 0.0028396 
0.0793631 0.00138434 0.00180281 0.0297397 0.0226897 0.00386829 0.00858266 0.00208503 0.0010021 0.0115662 0.0029745 0.00034944 0.000786151 0.0334652 0.0389606 0.0922288 0.0955654 0.0257208 5.88903e-05 0.107659 0.18416 0.0187248 0.050304 0.123834 0.0134462 0.0477234 0.00119633 0.000759307 
0.0545878 0.00125906 3.56138e-08 0.0673396 0.103064 0.00520821 0.0524 0.000953917 0.0014873 0.00314672 0.000181439 0.0193762 0.000165415 0.0127218 0.0863951 0.0933933 0.0938528 0.000292143 1.14153e-06 0.00722122 0.242187 0.0196275 0.128336 0.00357379 5.77001e-05 0.00187662 1.59405e-05 0.00127823 
0.022624 1.55792e-05 0.000724997 0.0113255 0.0499516 0.00239383 0.000949693 0.000415014 3.75763e-05 0.000185707 0.000296379 0.000249403 3.50239e-05 0.0198439 0.0407614 0.00459861 0.0140939 0.0920618 0.000881002 0.00161824 0.335191 0.0030013 0.180922 0.166601 5.48188e-06 0.0510337 5.74345e-05 0.000124947 
0.031196 0.000166811 0.000144233 0.0124465 0.0322697 0.00137544 0.000982961 0.000259678 5.66962e-05 0.00935303 7.98885e-05 1.83442e-05 1.34682e-05 0.0271474 0.00591785 0.00755178 0.0152677 0.0504424 9.24995e-06 0.0035893 0.657513 0.00962764 0.108316 0.0159525 0.00643569 0.00361846 0.000219654 2.86394e-05 
0.0443759 5.03704e-07 0.00116779 0.104462 0.186838 0.0622903 0.00653951 3.18384e-07 0.0012413 0.000199947 0.0517999 0.0922143 8.34049e-10 3.08478e-07 0.0577815 0.0060311 0.00327035 0.0190564 1.54528e-07 2.76233e-07 0.188275 0.0118747 0.107263 0.0496084 1.56441e-07 0.00570946 6.78805e-10 6.78398e-08 
0.0857424 1.51838e-05 0.00536086 0.0325062 0.0737122 0.0714888 0.0109897 0.00354154 0.00012824 0.00582679 8.87924e-05 9.15142e-09 0.000172191 0.00955932 0.00563751 0.0768819 0.0801539 0.128331 1.32156e-07 0.000500052 0.154923 0.0755018 0.0970858 0.0215999 0.00024134 0.0496918 0.00995921 0.000359428 
0.0837066 0.00376705 0.000386503 0.02556 0.00893651 0.000293373 0.00430899 0.00058048 4.86221e-05 0.000621497 0.000103761 0.0159241 0.00015697 0.0229453 0.0174042 0.0183519 0.135571 0.0151998 5.03879e-06 0.0346019 0.394635 0.021032 0.0748264 0.0193996 0.00275899 0.0987874 7.33876e-05 1.3816e-05 
0.00843492 0.0014288 4.34098e-05 0.0556907 0.0533277 0.0123646 0.00107478 0.00379584 0.0105478 0.0224325 0.000392748 0.0144802 0.000388984 0.0343949 0.00805916 0.0132605 0.0273394 0.0178573 9.81425e-06 0.000228542 0.399623 0.117967 0.0795464 0.004331 5.70173e-05 0.112848 4.32325e-05 3.29368e-05 
0.0126508 0.0127308 0.0122589 0.0226831 0.0572478 0.000785919 0.00337598 0.0392567 0.00480594 0.0158489 0.00329996 1.70877e-08 0.00230036 0.0310001 0.0151651 0.00134992 0.0199315 0.0196697 7.87529e-05 0.0128861 0.58912 0.015421 0.00497446 0.0314504 0.00878326 0.0608346 0.00168391 0.000406092 
0.0824576 0.0191196 0.00306037 0.189337 0.122485 0.000383831 0.00872614 0.00610046 0.000405174 0.0480198 0.000113742 1.08566e-08 0.00129436 0.0198195 0.0794217 0.00535448 0.00941131 0.0393426 4.00193e-05 0.00614538 0.197539 0.00630058 0.0315167 0.0437377 0.000258118 0.0784925 5.21995e-06 0.00111183 
0.0325061 0.0038671 0.000251149 0.0360329 0.0667892 0.00198694 0.0025855 0.000322556 0.000473832 0.00660044 0.000186112 0.00344829 3.79936e-05 0.00508441 0.0170006 0.000337719 0.00106537 0.230748 1.31363e-05 0.0085376 0.240439 0.00332441 0.117131 0.0391181 2.84404e-05 0.181372 3.05947e-05 0.000682331 
0.187219 7.15119e-06 9.46917e-08 0.0377913 0.0451231 0.000376721 0.000318946 0.000596227 2.45538e-07 0.045568 0.00182252 1.69783e-09 0.000260938 0.00844337 0.0163289 3.15856e-05 0.000144789 0.0638719 5.43885e-05 0.00957847 0.379935 0.00592714 0.0892041 0.0370904 1.14746e-05 0.0700844 2.50422e-05 0.000185145 
0.0541049 0.00504365 0.0107706 0.0228687 0.0495863 0.0111518 0.010459 3.35668e-05 8.99527e-05 0.0223077 0.000212448 6.55859e-06 0.000108489 0.042471 0.0128471 0.0147587 0.00800694 0.039085 0.00823411 0.0514356 0.290016 0.00114707 0.0473887 0.257518 0.00013837 0.0401 2.85085e-05 8.03492e-05 
0.00684284 7.62487e-05 6.66718e-07 0.0294672 0.183503 0.000187607 0.000936219 0.00659569 0.00678458 0.0118248 0.00193635 2.88336e-05 4.10625e-06 0.2544 0.00458839 0.00373629 0.000892845 0.00745196 0.00231947 2.35925e-05 0.305918 5.50919e-05 0.134005 0.00304056 0.0010144 0.0283307 5.97372e-06 0.00603009 
0.115024 0.00608181 0.00139756 0.0439237 0.0360418 0.00704802 0.00403958 0.0005831 8.82827e-06 0.0134713 1.89257e-05 1.23544e-06 8.04952e-06 0.0166109 0.0178175 0.0347274 0.034855 0.0123219 0.000100186 0.0243499 0.429265 0.0496062 0.0643497 0.0386515 0.0471047 0.00253344 4.87974e-05 9.93515e-06 
0.0467565 5.30395e-06 0.0187396 0.0147622 0.0266057 0.00116901 0.000447029 0.0096318 8.99731e-06 0.000438859 2.36507e-05 1.11014e-05 4.47567e-05 0.0237766 0.0162581 0.00348886 0.0696105 0.0318997 0.000112489 0.200126 0.367367 0.00806505 0.019905 0.131216 0.000121861 0.00926096 0.00014385 3.70744e-06 
0.0584123 9.92436e-05 0.000130373 0.00272814 0.0348678 0.000703057 0.000744243 0.00529432 5.18387e-05 0.00809323 0.000527126 2.09549e-09 1.65306e-05 0.0905436 0.0552998 0.00484106 0.00654563 0.0142324 9.35343e-05 0.00102957 0.344791 0.00717069 0.248945 0.0257382 0.0201858 0.0627942 0.00484489 0.00127673 
0.0112698 6.03054e-05 4.7565e-06 0.00107933 0.00208818 2.20978e-05 2.91653e-05 0.00107598 9.66391e-09 4.85807e-05 0.000101892 1.61058e-08 3.31028e-11 0.0191071 0.00503624 0.0054834 0.0911713 0.00459181 5.7191e-09 0.00419401 0.639504 0.10086 0.0588583 0.0369962 0.00177769 0.0162982 0.000330592 1.13829e-05 
0.0235239 0.00038189 0.000254273 0.0276114 0.0192847 0.0140369 0.0122533 0.00292457 4.93202e-05 0.0041412 0.00112049 0.000447952 9.17962e-05 0.00396931 0.0190563 0.0289096 0.0165616 0.0262405 3.49879e-05 0.000533396 0.438227 0.00209804 0.31669 0.00720997 5.33459e-06 0.0301723 0.0039741 0.000195083 
0.0510117 1.75689e-06 7.22424e-05 0.00280091 0.00546517 3.11246e-05 3.42588e-06 1.29371e-05 0.000687082 0.00019743 2.89057e-06 8.75447e-09 9.31916e-08 0.00827097 6.22489e-05 0.0482302 0.00387531 2.6282e-07 6.60278e-07 0.0223216 0.764063 0.00494455 0.00563766 0.0782282 0.000264403 0.00376507 7.05285e-06 4.2515e-05 
0.0230592 0.0010241 0.00241029 0.0259865 0.0524761 0.00361277 0.00810715 0.00658455 0.00183849 0.0124831 0.000761184 0.000125916 0.000638419 0.0230495 0.0186644 0.0186293 0.0183086 0.0396404 0.000624427 0.0113124 0.303219 0.0145214 0.26383 0.0258805 0.000962336 0.119724 0.00149919 0.0010258 
0.0156401 0.00198301 8.35157e-05 0.004089 0.0418737 0.0118951 0.000210656 0.000494453 4.33827e-05 0.0172212 1.24465e-05 5.46241e-08 3.89139e-05 0.0300348 0.0181213 0.0115208 0.0746419 0.000541921 1.42052e-07 0.0313673 0.452277 0.20445 0.0219643 0.0346253 0.00567195 0.0208126 0.000185042 0.000199514 
0.0609877 0.00343207 0.000162405 0.023651 0.150554 0.00148248 0.00998001 0.0110461 0.00112607 0.00697512 0.000749448 6.07693e-06 3.05094e-05 0.0217702 0.076982 0.0270232 0.0119982 0.0381621 2.69353e-05 0.0226734 0.245694 0.0226676 0.0844217 0.0118306 0.000833635 0.165116 8.75873e-05 0.000529645 
0.0129196 0.000260347 0.00878327 0.0120343 0.116642 0.00172804 0.00572007 0.00408445 0.000218302 0.0025624 0.000337772 1.58814e-07 5.04219e-05 0.00355336 0.0162609 0.0807781 0.0074395 0.0230744 2.59647e-07 0.00305596 0.581166 0.00253936 0.10352 0.0063789 5.80224e-05 0.00675216 4.20663e-06 7.84345e-05 
0.0411881 1.09458e-05 9.20164e-09 0.000461441 0.00206873 3.15584e-09 0.000987359 0.000418303 3.92447e-09 0.000950602 8.49482e-05 8.65613e-09 1.83612e-06 0.00365836 0.00232956 0.0278015 0.0385761 0.0148595 3.11905e-10 0.000368062 0.479189 0.00293286 0.361532 0.000802411 5.00623e-10 0.0217403 1.66322e-05 2.11209e-05 
0.0949789 0.00146534 0.000996525 0.00964716 0.0109181 0.00199086 0.00774831 0.00426911 0.000130221 0.00681062 0.000307389 1.01745e-05 0.000672117 0.0224655 0.0174443 0.0147548 0.0594461 0.0326725 8.26221e-06 0.00585081 0.472781 0.0207738 0.12071 0.0374988 0.00516801 0.0478418 0.000808127 0.00183138 
0.0216057 0.00356383 0.00303619 0.0132472 0.155979 0.0103539 0.00256592 0.0149666 0.00177868 0.0148833 0.00628881 1.03978e-08 0.000307752 0.0315099 0.0518854 0.00100682 0.0273472 0.0563237 0.00406751 0.00932967 0.237284 0.0088289 0.0212331 0.0802062 0.00771221 0.213182 0.00079916 0.000706477 
0.200194 7.94102e-05 0.000291531 0.000951384 0.00939945 1.77596e-05 0.00149478 0.00420632 2.4633e-07 0.00363645 0.000659577 0.000118776 9.01849e-05 0.0477188 0.00412893 0.0426221 0.0557185 0.0642406 3.1198e-11 0.024851 0.399971 0.0360067 0.0503837 0.0421719 0.00341624 0.00517103 0.00241867 4.04347e-05 
0.0301312 0.0021526 0.0237731 0.099022 0.0547179 0.00101987 0.00149869 0.0346012 0.000677767 0.00825503 0.00142063 1.45415e-11 0.000123161 0.0195732 0.0430007 0.00119254 0.0144681 0.0688021 0.000345955 0.00412807 0.226577 0.00125114 0.162296 0.0546485 2.06708e-05 0.0809762 7.71493e-05 0.0652498 
0.0203759 0.00110604 2.58071e-05 0.00452981 0.0404261 0.000351134 0.00607949 0.00154159 0.000714722 0.00220311 3.54539e-05 1.02136e-05 2.89666e-05 0.0340297 0.0269196 0.030248 0.0471058 0.043049 2.30876e-05 0.0140192 0.323107 0.00680587 0.269297 0.00646012 4.62029e-06 0.121363 0.000112651 2.76433e-05 
0.0413319 0.000266698 4.38e-06 0.146815 0.0739107 3.96794e-05 0.00916069 3.10736e-07 2.56211e-07 0.00347897 0.000222353 5.47425e-05 0.000143039 0.0747094 0.0339473 0.00106191 0.0103463 0.0651086 3.13277e-05 0.00142589 0.224848 0.00401197 0.0239846 0.0804281 0.000122479 0.204522 2.39925e-05 3.1973e-08 
0.0803465 3.67743e-05 0.00491654 0.0149375 0.0376455 6.02676e-09 0.000687087 0.0069633 0.000694199 0.000438969 0.000234486 7.69304e-12 5.14117e-05 0.00923145 0.0273424 0.000249671 0.00088067 0.042166 1.61205e-05 0.00252021 0.560931 0.00153156 0.0166737 0.0505681 1.36513e-06 0.1409 1.48608e-05 2.03801e-05 
0.0123434 0.000374621 0.029454 0.00399432 0.114238 0.00146977 0.00921628 0.0510288 0.00414895 0.00299647 7.71504e-05 5.2032e-07 4.23649e-05 0.00923066 0.00499995 0.034243 0.0197675 0.000809999 8.89577e-05 0.00229637 0.402563 0.0187031 0.252053 0.00156813 0.000299057 0.0234165 9.37588e-05 0.000482305 
0.0932946 0.00017396 0.000240094 0.0129212 0.183921 0.00184956 0.00264683 0.00238343 0.00415156 0.00132863 0.000323369 5.06066e-05 4.24009e-05 0.088798 0.00560833 0.0571281 0.00990026 0.0252373 1.41338e-05 0.00362365 0.201133 0.0131365 0.157261 0.036172 0.00264111 0.0957107 4.96118e-05 0.000259251 
0.00735947 0.00257902 6.17893e-05 0.0120363 0.0254055 0.00122411 0.00295366 0.000812441 3.4836e-05 0.00309758 0.000548057 1.26272e-10 0.000188717 0.0395792 0.0144068 0.0391767 0.0889178 0.0257296 0.000162575 0.00104438 0.629133 0.0199369 0.0489587 0.00742399 1.71401e-05 0.026227 0.00295964 2.5408e-05 
0.119237 0.000286349 4.18783e-05 0.0349412 0.0431648 0.000122262 0.0130919 0.000910932 0.025741 0.0364354 0.000499988 1.12215e-09 1.19434e-05 0.0209605 0.0392338 0.018682 0.014939 0.0795945 2.3881e-05 0.0963837 0.152878 0.00240837 0.134272 0.0186963 1.33745e-05 0.131216 0.000938497 0.0152757 
0.0164226 0.000382452 0.0135772 0.0408623 0.0367683 0.0135017 0.00340248 0.0100179 0.000380276 0.0214474 0.000533199 0.00349311 9.63883e-06 0.0482675 0.0139951 0.0196765 0.0154689 0.0202775 1.59824e-06 0.00132949 0.430723 0.0070202 0.107514 0.0262302 0.00405297 0.141069 0.0035444 3.10523e-05 
0.10237 0.000205531 5.08744e-06 0.0400672 0.167361 0.00119343 0.00468316 0.00261908 4.90379e-05 0.00324403 0.000802348 3.65995e-11 9.80568e-06 0.0145241 0.0221688 0.000797302 0.00108813 0.0670477 4.24085e-05 0.0580377 0.183567 0.000788573 0.166958 0.12598 2.41366e-05 0.0353843 6.09187e-06 0.000975291 
0.0411289 0.000174433 0.000241045 0.00505663 0.0162891 0.00200878 0.000877136 0.000966061 0.000578352 0.0102938 0.00308044 0.000247756 1.88849e-05 0.0226789 0.00621114 0.0116534 0.0290752 0.00927984 3.15496e-05 0.00586179 0.661673 0.0159161 0.0776464 0.0172881 0.00157125 0.0592882 0.000641745 0.000222314 
0.0181508 0.0255991 0.00476831 0.0460824 0.150963 0.00561377 0.0157696 0.00524226 0.00139045 0.00261796 0.000109608 0.00314635 0.000319274 0.0117625 0.020849 0.0662118 0.0778973 0.0122954 5.34286e-05 0.00855305 0.308864 0.0925011 0.100692 0.0080446 0.000304095 0.0121281 1.91327e-05 5.11178e-05 
0.0199123 0.00182144 2.29036e-07 0.021023 0.267636 3.26091e-08 0.00148481 0.00298183 0.00537916 0.00138424 1.51085e-05 4.61171e-11 5.25696e-11 6.64927e-08 0.0424111 0.0256721 0.0398811 0.0125124 3.4901e-05 0.000490614 0.282752 0.159368 0.110543 0.000360397 3.68851e-08 0.00433612 4.27847e-11 9.93887e-08 
0.0146359 0.00119925 0.000316559 0.0480956 0.00397852 0.000162659 0.000780899 0.000552725 1.79975e-05 0.0117038 0.000196565 6.13842e-11 1.76989e-06 0.101137 0.00118032 0.112696 0.0458179 0.0134734 3.64472e-08 0.00265417 0.280543 0.00985811 0.130363 0.0580572 0.0377654 0.124609 0.000202739 6.85834e-07 
0.00808785 2.78487e-05 0.00566605 0.00556597 0.0713528 9.36878e-05 0.000282923 0.013732 1.42004e-07 0.000525068 0.00138651 3.98606e-07 9.90471e-06 0.056506 0.00821726 0.0113854 0.225099 0.00572933 0.000151148 0.000963393 0.401102 0.0189773 0.147586 0.0122516 0.000609942 0.00339949 0.00122299 6.73854e-05 
0.0246685 0.00280563 5.57881e-05 0.0147254 0.0200169 0.00289541 0.00378664 0.00184459 0.000414407 0.0140609 0.000234131 0.00544454 0.000162898 0.0196172 0.0119406 0.0428957 0.038677 0.0102972 0.0206723 0.00166275 0.461328 0.0428868 0.15559 0.0601115 0.0059512 0.0368621 0.000244639 0.000146569 
0.0046753 0.00153351 1.59e-05 0.00580199 0.217606 0.019724 7.9483e-05 0.00200441 0.000944912 0.000657293 6.52531e-05 4.40569e-09 9.62199e-08 0.0165703 0.0601402 0.0424818 0.105894 0.000691945 0.000189395 2.68018e-06 0.478301 0.00729458 0.0308615 0.000148245 3.38099e-05 0.00326383 1.41352e-06 0.00101659 
0.0120742 0.000341651 0.012624 0.0303769 0.025988 0.0014376 0.0134876 0.0180355 0.00376807 0.00959393 0.000267493 0.000163367 0.000191758 0.0237387 0.00875167 0.0313184 0.0420761 0.0115152 2.43708e-05 0.0413215 0.528503 0.0198032 0.0496388 0.0291338 0.0155803 0.0471992 0.00691649 0.0161291 
