0.0468009 0.145927 1.4576e-09 0.034049 0.150442 0.00888913 0.00967479 0.0178238 0.00245508 0.0103446 0.000532059 2.1543e-08 4.92118e-07 0.0422588 0.00929189 0.0303352 0.0485449 0.00135152 1.4314e-09 0.0010456 0.0309663 0.278957 0.0517021 0.012202 0.000698277 0.0655089 1.54069e-05 0.000183202 
0.00734139 2.379e-08 2.05317e-08 0.0285271 0.00152861 0.000572975 0.0108977 0.017524 8.28341e-13 0.00219064 0.000263603 2.91687e-09 8.91006e-08 0.0281902 0.00766807 0.0336074 0.142862 0.138458 1.12634e-12 2.85785e-05 0.113179 0.301977 0.105398 0.0446428 1.09691e-09 0.0092717 0.00521172 0.000659255 
0.00355596 7.4469e-05 7.69495e-08 0.043884 0.00201556 4.60654e-05 0.129272 0.00291646 0.070981 0.000344059 0.000309256 1.93751e-07 0.00238229 0.085975 0.00174638 0.000128826 0.00182582 0.0263608 6.34774e-06 0.00020654 0.00149872 0.61986 0.00477634 0.000110266 0.000319612 0.000368015 6.51532e-08 0.00103638 
0.0039822 0.000183375 2.39581e-06 0.0011282 0.0569299 0.00232586 0.00242737 0.0542816 7.80403e-05 0.000118209 0.0027815 4.75233e-08 9.95091e-06 0.0143602 0.000916835 0.0168541 0.0519038 0.00886635 3.37759e-05 0.000308601 0.144337 0.373871 0.075145 0.00286005 0.184309 0.00171258 1.23881e-05 0.00025971 
0.00392126 0.00153048 0.000428715 0.0193615 0.00586444 0.000321861 0.00614045 0.0178164 0.000528438 0.00646183 0.000918287 0.000448386 0.000136507 0.0945546 0.00612198 0.00643262 0.0342586 0.0130444 1.76634e-07 0.000503229 0.0672691 0.555218 0.0401746 0.00655315 0.0414967 0.0659265 0.00447805 8.94744e-05 
0.00638461 1.93599e-08 1.17905e-08 0.0012367 0.0371696 0.000120103 0.00295704 0.00672171 3.55169e-06 7.02218e-09 0.05404 2.29856e-09 1.28524e-07 0.0496905 0.0263344 0.0887653 0.112512 0.0076169 6.7236e-07 0.0114323 0.0221318 0.442619 0.100459 0.0266927 0.00232303 0.000753202 3.28199e-05 4.20733e-06 
0.00276883 0.0172448 1.19242e-07 0.00917849 0.314554 0.00438315 3.10624e-05 0.0415475 0.000216342 0.000142606 0.00011201 1.57164e-07 4.21806e-10 0.0713439 0.00809422 0.00489305 0.0130343 0.00331731 2.02413e-08 0.000104131 0.0771925 0.399033 0.0187138 0.00377115 0.000235986 0.0100817 2.1578e-07 4.87387e-06 
0.00228143 0.00340386 0.00486085 0.00632068 0.101823 2.5749e-08 0.000460856 0.00903278 1.82711e-05 3.62768e-08 0.000314716 2.50749e-10 9.55934e-06 0.0286241 0.0199594 0.00390479 0.0256853 0.00464343 3.03516e-06 0.000511108 0.0728818 0.64823 0.0154568 0.0181839 0.000246907 0.0321565 0.000963608 2.3092e-05 
0.000939607 4.7917e-05 1.76937e-07 0.00861258 0.00892504 1.17107e-05 0.00963339 0.000102712 9.78322e-07 6.64683e-06 0.000358355 4.74114e-07 1.85536e-06 0.000374509 0.00498699 0.00139352 0.00620506 0.0014483 4.6312e-05 2.47964e-05 0.00218266 0.89633 0.00682523 0.0055104 2.61277e-05 0.0061344 0.00740612 0.0324642 
0.0259863 0.000110857 0.000332188 0.00153383 0.0478742 0.00604356 0.000317811 0.0163158 8.01528e-06 0.0149657 7.77525e-05 0.00784918 5.30164e-07 0.00697145 0.00744625 0.0257925 0.0258152 0.00683765 0.00144021 0.0200865 0.184541 0.321441 0.0642853 0.0612786 0.134379 0.0181523 6.26949e-05 5.52933e-05 
0.000748974 0.00777629 9.75318e-09 0.00253474 0.00738083 2.97629e-05 0.000255742 0.024728 0.000539826 0.00107124 0.000344901 0.00240492 2.05924e-06 0.000890516 0.00110007 0.00117352 0.00118021 9.78838e-05 1.5427e-06 0.00012309 0.000545696 0.930795 0.001382 8.20588e-05 0.00469166 0.0101169 2.62835e-10 2.8066e-06 
0.00224 0.000484682 1.10312e-06 0.0217828 0.0313247 2.09989e-05 0.0121353 0.00802146 7.62399e-07 0.00106993 0.0244889 3.689e-07 2.04128e-05 0.0141286 0.029594 0.00228623 0.00789779 0.00725956 4.18423e-05 1.90213e-05 0.00813154 0.733613 0.0236825 0.0106538 0.000170177 0.0118856 0.0104931 0.0385517 
0.00838704 0.0012826 0.000778979 0.0219819 0.0132919 5.15759e-05 0.000244239 0.12777 0.00171071 0.00285081 0.00113172 0.0044959 8.08541e-06 0.0266978 0.00251578 0.00759845 0.0100788 0.000135038 6.13081e-07 0.00678524 0.0119685 0.574259 0.0049529 0.00906431 0.0785511 0.0834048 9.61646e-07 1.06094e-06 
0.000494509 0.000222238 5.36081e-07 0.107972 0.156222 0.00312315 0.0561884 0.00174033 0.0039147 0.0830848 0.132942 9.59991e-05 0.000121893 0.000632242 0.109507 0.00323968 5.65844e-05 0.0118195 0.000627351 0.000126078 0.00230302 0.156803 0.0252683 0.141225 5.44786e-06 0.000982713 1.59387e-05 0.0012658 
0.034071 1.84083e-05 1.19232e-05 0.0298689 0.0641861 2.78505e-06 9.17283e-06 0.000149182 4.75275e-06 0.000696685 0.000298572 1.04748e-06 0.000106675 0.267718 0.0372296 0.0660752 0.0139422 0.00839246 1.11432e-05 0.000823783 0.0129472 0.329504 0.020474 0.0184793 5.19607e-05 0.0949041 2.64441e-08 2.12097e-05 
0.00738119 3.08597e-05 1.03177e-06 0.00880906 0.0211997 0.000235308 0.00099877 0.00192955 5.6964e-08 0.000152843 0.000617524 5.32088e-07 3.94222e-05 0.00736714 0.0236507 0.00722364 0.0354439 0.0104579 9.92685e-06 0.00343003 0.0207156 0.707615 0.0253827 0.0192643 0.0362198 0.0150627 0.000107423 0.0466534 
0.00272591 0.00131364 1.01763e-06 0.0338513 0.106064 0.000352966 0.00217861 0.000145934 0.0363834 0.000261484 0.000207599 7.08936e-07 0.000358618 0.00525171 0.0515203 0.023815 0.125142 0.0120929 0.000172344 0.0013898 0.0126504 0.553674 0.00387532 0.0156488 0.00420774 0.00562163 0.000326737 0.000767527 
0.000341023 1.37779e-05 9.82093e-10 0.00410767 0.028795 7.18529e-07 0.000426398 0.127572 1.99302e-06 0.000121675 2.30545e-05 1.18877e-09 1.34229e-06 0.00232639 0.000958084 0.000201528 0.00417561 0.00254269 2.59129e-08 5.3622e-07 0.00924769 0.736349 0.00608066 0.00163082 0.0742391 0.000841775 8.73487e-07 2.37578e-07 
0.000748974 0.00777629 9.75318e-09 0.00253474 0.00738083 2.97629e-05 0.000255742 0.024728 0.000539826 0.00107124 0.000344901 0.00240492 2.05924e-06 0.000890516 0.00110007 0.00117352 0.00118021 9.78838e-05 1.5427e-06 0.00012309 0.000545696 0.930795 0.001382 8.20588e-05 0.00469166 0.0101169 2.62835e-10 2.8066e-06 
0.000748974 0.00777629 9.75318e-09 0.00253474 0.00738083 2.97629e-05 0.000255742 0.024728 0.000539826 0.00107124 0.000344901 0.00240492 2.05924e-06 0.000890516 0.00110007 0.00117352 0.00118021 9.78838e-05 1.5427e-06 0.00012309 0.000545696 0.930795 0.001382 8.20588e-05 0.00469166 0.0101169 2.62835e-10 2.8066e-06 
0.00739301 0.0322026 7.91571e-07 0.0921884 0.146631 0.00673345 0.0434537 0.0790319 0.0021996 0.0202107 0.000840083 4.51496e-06 0.0016322 0.0727658 0.05053 0.0137128 0.0315875 0.00332868 3.79045e-08 0.00514555 0.0445601 0.258122 0.0184377 0.00641535 0.00378501 0.058854 0.000162992 7.10882e-05 
0.000930323 3.26216e-10 4.95429e-10 0.0108436 0.149818 4.20662e-10 0.00690092 0.00326985 3.57803e-10 4.41124e-05 0.01688 5.99689e-10 2.02789e-06 0.0786004 0.0797428 0.00155422 3.37772e-07 0.0247585 0.000957055 1.12472e-06 4.16618e-06 0.433582 4.53903e-05 0.00219705 0.00120007 0.188668 5.56356e-10 2.55279e-07 
0.00701647 0.000887433 7.65818e-05 0.10559 0.0417065 0.00861522 0.123515 0.0539188 0.0192324 0.00619798 0.00444186 3.3366e-06 0.000558127 0.0214149 0.0568785 0.0476836 0.0754172 0.0492036 1.0993e-06 0.000922917 0.0431413 0.201057 0.0492836 0.00985041 2.28577e-05 0.0318308 0.00015426 0.0413786 
0.00349415 0.000562669 0.00164169 0.00313404 0.135471 0.000635783 0.00360046 0.000326151 0.00473055 0.00541903 0.00981383 2.00505e-05 0.00140315 0.00165985 0.0217339 0.0122133 0.00861756 0.00134798 0.295878 0.00197655 0.0739672 0.36089 0.00886269 0.0210866 0.0180277 0.00267954 1.14119e-05 0.000794434 
0.000341023 1.37779e-05 9.82093e-10 0.00410767 0.028795 7.18529e-07 0.000426398 0.127572 1.99302e-06 0.000121675 2.30545e-05 1.18877e-09 1.34229e-06 0.00232639 0.000958084 0.000201528 0.00417561 0.00254269 2.59129e-08 5.3622e-07 0.00924769 0.736349 0.00608066 0.00163082 0.0742391 0.000841775 8.73487e-07 2.37578e-07 
0.000748974 0.00777629 9.75318e-09 0.00253474 0.00738083 2.97629e-05 0.000255742 0.024728 0.000539826 0.00107124 0.000344901 0.00240492 2.05924e-06 0.000890516 0.00110007 0.00117352 0.00118021 9.78838e-05 1.5427e-06 0.00012309 0.000545696 0.930795 0.001382 8.20588e-05 0.00469166 0.0101169 2.62835e-10 2.8066e-06 
0.00131087 0.00147505 4.62046e-05 0.0258903 0.215131 0.000200852 0.00290568 0.0137017 3.21769e-07 0.0112445 4.56312e-05 1.21053e-07 5.63074e-05 0.0456097 0.0209888 0.0381244 0.0704327 0.00297905 0.00136238 0.000337517 0.0859769 0.309554 0.055359 0.00305251 0.084281 0.0095969 0.000281232 5.50493e-05 
0.00285681 0.0992839 0.000160719 0.0280308 0.0607905 0.00311182 0.000323778 0.0408176 0.00993065 0.0147546 0.00082658 7.77063e-09 0.00138071 0.0075121 0.00713424 0.0090784 0.0234677 0.000743466 4.78055e-06 0.000310068 0.0533033 0.612346 0.00944558 0.000913652 0.000521969 0.0124003 5.82752e-06 0.000544223 
0.00912739 9.48782e-06 4.39034e-09 0.0117998 0.00148248 3.73462e-05 0.00808618 5.62115e-05 6.85204e-08 9.51776e-06 3.13999e-05 7.14877e-08 1.53628e-10 0.00329408 0.00466913 0.0311427 0.135775 0.00525772 6.73348e-10 0.00388745 0.0109333 0.74444 0.00924469 0.0142378 0.00308079 0.00337241 1.98963e-05 4.73931e-06 
0.00214777 0.000461591 0.000133167 0.0590292 0.0825229 0.00100992 0.015434 0.173308 0.00105236 0.0115259 0.00034682 0.000125717 0.000624008 0.0388086 0.0303862 0.00424585 0.0232636 0.0127667 2.72915e-05 0.00107605 0.0320936 0.42152 0.0338829 0.00302574 0.0246635 0.0221137 0.00429676 0.000108001 
0.00534653 0.00146279 6.3031e-07 0.0393928 0.0681118 8.62916e-08 0.0663088 0.0175737 4.11748e-05 0.00162961 0.000577519 5.75203e-10 6.35094e-08 0.280043 0.0408228 0.0315435 0.0393469 0.000804092 3.37685e-08 0.000825669 0.0413231 0.304937 0.0434993 0.0076366 0.00489586 0.00259635 0.00127693 4.09383e-06 
0.000748974 0.00777629 9.75318e-09 0.00253474 0.00738083 2.97629e-05 0.000255742 0.024728 0.000539826 0.00107124 0.000344901 0.00240492 2.05924e-06 0.000890516 0.00110007 0.00117352 0.00118021 9.78838e-05 1.5427e-06 0.00012309 0.000545696 0.930795 0.001382 8.20588e-05 0.00469166 0.0101169 2.62835e-10 2.8066e-06 
0.00522839 0.0102812 8.45704e-05 0.0409877 0.100336 0.00255588 0.00106531 0.103802 0.0019869 0.0341385 0.000469054 4.36503e-11 0.000100566 0.0223451 0.00490128 0.00264585 0.027367 0.0197998 6.90526e-08 0.0137823 0.0981543 0.363757 0.02143 0.0105667 0.0569808 0.0478089 4.14854e-05 0.00938256 
0.0348768 0.181601 5.31831e-06 0.0558551 0.0418439 0.00713013 0.00799851 0.0247169 0.00303471 0.0287671 0.00126702 0.000462893 0.000471851 0.0334231 0.016797 0.0633906 0.03524 0.00843466 4.93493e-06 0.00388326 0.0504809 0.286569 0.0733628 0.0116875 0.00779859 0.0201306 0.000259711 0.000505941 
0.00442458 5.19013e-06 0.000298733 0.0221 0.148294 0.0388336 0.00213596 3.33337e-05 0.00583896 0.0289654 1.10159e-05 1.34143e-09 9.6378e-07 0.0303901 0.0297836 0.0115631 0.00573837 1.29193e-10 4.30147e-07 0.00551988 0.143361 0.438966 0.00909383 0.0655814 1.68086e-05 0.00746282 5.45727e-06 0.00157551 
0.00134075 9.18033e-05 0.0001374 0.0177377 0.146631 7.46835e-05 0.000390813 0.0140825 0.000164178 0.000394738 0.000315162 8.99678e-10 2.13598e-05 0.00776217 0.0547441 0.00477856 0.0126974 0.000153364 0.00018297 0.00267142 0.0909655 0.490938 0.0563815 0.0118495 0.0776034 0.00788887 2.4616e-07 1.6383e-06 
0.000748974 0.00777629 9.75318e-09 0.00253474 0.00738083 2.97629e-05 0.000255742 0.024728 0.000539826 0.00107124 0.000344901 0.00240492 2.05924e-06 0.000890516 0.00110007 0.00117352 0.00118021 9.78838e-05 1.5427e-06 0.00012309 0.000545696 0.930795 0.001382 8.20588e-05 0.00469166 0.0101169 2.62835e-10 2.8066e-06 
0.00438684 0.000145395 5.54567e-05 0.0174926 0.0209879 0.00131557 0.0270186 0.00085841 0.000613488 0.0016973 3.79568e-05 1.8237e-08 3.88695e-05 0.0236614 0.0137139 0.0357884 0.114287 0.00392502 9.68188e-06 0.00832524 0.0608648 0.571305 0.0134733 0.0168845 0.0255916 0.0361708 0.00134933 1.26532e-06 
0.209406 0.0110759 0.000193748 0.0358488 0.0670499 0.00181506 0.00453617 0.0172394 0.0509091 0.000363945 0.000187097 1.17189e-06 0.00011316 0.0107131 0.0207428 0.00659655 0.101242 0.0183406 3.35725e-05 0.0318224 0.0381775 0.309908 0.0342967 0.00954346 0.00452928 0.0123302 0.00288767 9.64625e-05 
0.00165767 9.53149e-05 6.39889e-08 0.0189783 0.00432121 9.5539e-08 0.156334 0.0373388 0.0548987 0.000183309 0.000689791 2.22844e-09 8.57831e-05 0.0180776 0.00142916 0.00859886 0.00237299 0.0732373 5.1369e-06 0.000191763 0.00434169 0.50216 0.0172953 0.000858848 0.0952865 0.000851611 3.75851e-07 0.000709862 
0.00989935 0.00178512 0.000302046 0.0220108 0.00762062 0.00053704 0.010055 0.0126088 0.00112269 0.00435686 0.00075207 0.000280166 0.000116634 0.106574 0.0130061 0.0301882 0.0495371 0.0220152 5.25258e-07 0.000455917 0.133926 0.430061 0.0521285 0.0109431 0.0269068 0.0498208 0.00288038 0.000109045 
0.0129388 2.818e-05 5.54373e-06 0.00835181 0.00762188 2.61121e-05 0.000268684 0.000138855 3.29195e-09 6.73172e-06 0.000348795 5.51741e-09 2.6676e-05 0.00196163 0.00201394 0.0121198 0.0484559 0.00710769 4.47625e-09 0.00253521 0.043453 0.820371 0.0151764 0.0132498 3.67757e-05 0.00372621 2.77707e-05 2.54161e-06 
0.0951624 0.00424794 9.49387e-06 0.00954478 0.357585 3.95369e-05 0.00143922 0.000266873 7.53938e-05 6.00124e-05 4.26811e-07 5.3049e-07 2.95403e-05 0.00145635 0.000107719 0.00539177 0.00396864 0.000514499 4.30384e-07 0.000241556 0.0131335 0.47959 0.000764809 0.00118318 3.45616e-06 0.0251142 3.60552e-05 3.20624e-05 
0.0226687 0.018908 8.51385e-05 0.0644448 0.117035 0.0131195 0.00231381 0.00449996 0.000494856 0.0290446 0.000236884 1.43785e-07 6.02171e-05 0.0334352 0.0311144 0.0178369 0.0935963 0.00418864 3.47995e-09 0.0082057 0.0994348 0.357288 0.0248268 0.00319933 5.92586e-05 0.0535316 0.000211546 0.000160021 
0.00734378 0.000436938 8.91978e-05 0.0312447 0.064756 0.000990311 0.0119897 0.192893 0.00143291 0.0281032 0.11485 0.000204267 6.69312e-05 0.0146363 0.0187088 0.00831865 0.0081371 0.0138312 5.21844e-05 0.000196141 0.0652961 0.327453 0.0420211 0.00297306 0.0411576 0.0020608 0.000654782 0.000102124 
0.00358476 0.000197771 4.56023e-08 0.0529753 0.0230303 0.00112092 0.0013988 0.0226874 3.82665e-07 0.0019227 5.45634e-05 3.39384e-06 5.68878e-05 0.0128891 0.0280958 0.00440612 0.0054963 0.00753096 1.04519e-08 4.46846e-06 0.0232245 0.654956 0.101739 0.0025514 0.0520249 3.05852e-05 7.44289e-06 9.5234e-06 
0.0165364 0.00216782 1.92508e-10 0.0609897 0.23763 0.000671175 0.0317381 0.00130626 0.00931346 0.00169439 0.000891131 0.00112643 0.000778078 0.00320282 0.0290835 0.00295506 0.00100793 0.00402732 2.63492e-08 6.47662e-05 0.00609617 0.32411 0.252555 6.3926e-05 5.13113e-09 0.0117406 7.59033e-09 0.000250445 
0.0231603 0.00103249 0.0252943 0.0517926 0.156449 0.00142537 0.0109625 0.00614502 0.00265288 0.00229124 0.00192242 0.00684261 0.0108061 0.0422576 0.0195896 0.00919137 0.0432794 0.0274326 0.0312527 0.00854242 0.0681219 0.3291 0.036067 0.0506829 0.000528938 0.0326324 0.000338427 0.000205995 
0.00750707 0.00101544 0.00033992 0.0329271 0.00897948 0.000331195 0.00747211 0.241715 0.000704634 0.0153425 0.00160895 0.000130046 0.000110133 0.0658835 0.0068843 0.00763675 0.0473873 0.0288507 1.44445e-06 0.000586567 0.0505824 0.295981 0.0329633 0.00882664 0.0802769 0.0515423 0.00435063 6.26937e-05 
0.0118097 0.000332161 3.34621e-09 0.000304124 0.00245016 5.15775e-06 0.00226131 0.00149273 7.95283e-05 2.44781e-06 0.000430074 4.04981e-11 4.54102e-08 0.00676681 0.0180365 0.0308378 0.0350487 0.0387784 3.09781e-08 0.00084929 0.022953 0.789978 0.0287733 0.006747 0.00103886 0.00101992 4.21384e-08 4.72028e-06 
0.000748974 0.00777629 9.75318e-09 0.00253474 0.00738083 2.97629e-05 0.000255742 0.024728 0.000539826 0.00107124 0.000344901 0.00240492 2.05924e-06 0.000890516 0.00110007 0.00117352 0.00118021 9.78838e-05 1.5427e-06 0.00012309 0.000545696 0.930795 0.001382 8.20588e-05 0.00469166 0.0101169 2.62835e-10 2.8066e-06 
0.00429607 0.000129014 0.00122474 0.0183872 0.0409576 0.00175947 0.00809983 0.183329 0.00103669 0.00142521 0.00144946 5.00669e-06 9.17597e-05 0.015238 0.0263414 0.0123774 0.0368721 0.0128387 3.28616e-05 0.00369284 0.0573715 0.385523 0.0886253 0.00903637 0.0208175 0.0198375 0.0489079 0.000296845 
0.0179236 0.000139006 2.00789e-06 0.0125069 0.0415226 0.000425917 0.00437396 0.0195818 0.00010673 0.134697 0.000348845 7.69983e-05 0.00234668 0.0227513 0.121106 0.102989 0.0822329 0.0340468 7.74068e-06 0.000228192 0.0590737 0.181317 0.0474817 0.0478282 0.00540611 0.0609478 0.000288602 0.000242669 
0.00448359 5.38005e-06 1.68294e-05 0.0154948 0.0741773 0.000242923 9.02597e-07 0.00232338 1.41839e-05 0.00381909 0.000108377 2.01447e-05 8.147e-05 0.00068969 0.0660552 0.00289192 0.00487765 0.0171827 3.74909e-07 0.00902411 0.069793 0.679062 0.0155962 0.0297496 0.000315491 0.00380889 2.17681e-06 0.00016305 
0.0578151 2.29204e-05 3.32892e-05 0.0181984 0.0193227 0.000963411 0.00732056 6.37656e-05 9.44288e-06 0.0358743 5.26785e-05 0.00752957 3.8115e-05 0.0217009 0.00730777 0.0585167 0.036194 0.257071 8.41663e-06 0.0311192 0.00811844 0.263446 0.0137354 0.135324 0.0020708 0.0181168 1.79259e-05 8.79671e-06 
0.00356114 0.000675695 2.53016e-06 0.00558703 0.11173 0.0291101 0.000868664 0.000294539 1.28675e-05 0.00733529 7.15561e-05 7.60279e-06 1.02934e-05 0.00488494 0.0079412 0.0484329 0.0282119 0.0240974 0.0542211 0.000772501 0.189522 0.205864 0.118143 0.0450818 0.0121571 0.0522686 1.57234e-05 0.0491187 
0.00422799 6.56305e-05 3.32494e-08 0.0295647 0.0432204 0.000193306 0.0396614 0.00315697 0.0014732 0.00358467 0.00113631 5.41699e-05 2.38135e-05 0.0042658 0.011041 0.00705842 0.038677 0.0580713 5.97176e-09 0.000538853 0.145784 0.514993 0.0811707 0.00458024 5.14786e-05 0.00701587 0.000357547 3.23425e-05 
0.000748974 0.00777629 9.75318e-09 0.00253474 0.00738083 2.97629e-05 0.000255742 0.024728 0.000539826 0.00107124 0.000344901 0.00240492 2.05924e-06 0.000890516 0.00110007 0.00117352 0.00118021 9.78838e-05 1.5427e-06 0.00012309 0.000545696 0.930795 0.001382 8.20588e-05 0.00469166 0.0101169 2.62835e-10 2.8066e-06 
0.0105399 4.36157e-05 0.000163951 0.0114687 0.034176 0.00130987 0.00200861 0.00675707 8.85453e-05 0.00483618 0.000610113 0.000374313 1.23324e-05 0.0214117 0.00766076 0.00708342 0.0499891 0.0157987 9.11381e-05 0.00461766 0.0907567 0.550486 0.0490013 0.0318092 0.020599 0.0305473 0.00736263 0.0403961 
0.0235009 0.000360272 0.000110575 0.0658607 0.0757001 0.000900301 0.170995 0.0185028 0.0135865 0.00738661 0.00290491 1.37831e-05 0.000164355 0.0453414 0.0810805 0.0518169 0.0239033 0.040439 1.02277e-05 0.00937623 0.0201618 0.199779 0.071315 0.0207446 0.0229198 0.0324864 1.10183e-05 0.000627851 
0.000748974 0.00777629 9.75318e-09 0.00253474 0.00738083 2.97629e-05 0.000255742 0.024728 0.000539826 0.00107124 0.000344901 0.00240492 2.05924e-06 0.000890516 0.00110007 0.00117352 0.00118021 9.78838e-05 1.5427e-06 0.00012309 0.000545696 0.930795 0.001382 8.20588e-05 0.00469166 0.0101169 2.62835e-10 2.8066e-06 
0.00442458 5.19013e-06 0.000298733 0.0221 0.148294 0.0388336 0.00213596 3.33337e-05 0.00583896 0.0289654 1.10159e-05 1.34143e-09 9.6378e-07 0.0303901 0.0297836 0.0115631 0.00573837 1.29193e-10 4.30147e-07 0.00551988 0.143361 0.438966 0.00909383 0.0655814 1.68086e-05 0.00746282 5.45727e-06 0.00157551 
0.000748974 0.00777629 9.75318e-09 0.00253474 0.00738083 2.97629e-05 0.000255742 0.024728 0.000539826 0.00107124 0.000344901 0.00240492 2.05924e-06 0.000890516 0.00110007 0.00117352 0.00118021 9.78838e-05 1.5427e-06 0.00012309 0.000545696 0.930795 0.001382 8.20588e-05 0.00469166 0.0101169 2.62835e-10 2.8066e-06 
0.00442458 5.19013e-06 0.000298733 0.0221 0.148294 0.0388336 0.00213596 3.33337e-05 0.00583896 0.0289654 1.10159e-05 1.34143e-09 9.6378e-07 0.0303901 0.0297836 0.0115631 0.00573837 1.29193e-10 4.30147e-07 0.00551988 0.143361 0.438966 0.00909383 0.0655814 1.68086e-05 0.00746282 5.45727e-06 0.00157551 
0.00720213 0.000173097 0.000411648 0.0212352 0.0234007 5.6271e-05 0.000915572 0.0975813 3.64873e-09 0.0150551 0.0169867 6.61732e-09 0.000123169 0.0250936 0.0270225 0.00610961 0.031752 0.0252366 4.71384e-09 0.00340857 0.0619915 0.507272 0.0530492 0.0221203 2.92346e-05 0.0532099 6.58241e-05 0.000498132 
0.00916184 0.00678169 0.000271073 0.0836538 0.10155 0.0136333 0.00558619 0.0109044 0.0391957 0.0118247 0.000651308 0.000497765 0.000328867 0.0468676 0.0832549 0.0406976 0.0845151 0.011132 4.75213e-06 0.00107997 0.0832285 0.199963 0.125583 0.0186357 0.00189917 0.0180127 0.000867334 0.0002192 
0.00280807 0.159426 0.000143831 0.0279053 0.0604861 0.0030302 0.000273507 0.0427211 0.0096373 0.0296831 0.0044572 6.16534e-10 0.00123693 0.0132883 0.0070332 0.00895785 0.0233142 0.000720995 4.62347e-07 0.000248926 0.0531427 0.527912 0.0093893 0.000887621 0.000496489 0.0122894 4.34918e-07 0.000510036 
0.0091742 0.000307126 0.0507874 0.022167 0.0569289 0.00772878 0.0112077 0.00164893 0.000258977 0.00362516 0.00487082 0.0267385 0.000428078 0.0042808 0.0158985 0.0138447 0.0423235 0.00907688 2.86001e-05 0.000300195 0.0568839 0.548559 0.0634644 0.0197144 0.00341524 0.0257636 3.46361e-07 0.000574217 
0.0424822 9.00711e-05 1.63923e-05 0.0121889 0.110169 0.0406289 0.000594629 0.0417959 0.00428425 0.000441324 0.00611356 1.00473e-09 0.000369662 0.243521 0.0127402 0.00557807 0.128774 0.00321506 3.18827e-09 0.00133022 0.00941593 0.295905 0.0248365 0.00442457 0.00998145 0.000849677 0.000214183 3.89548e-05 
0.00695093 0.015166 8.6794e-05 0.0140314 0.096057 0.000832642 0.00110687 0.0831546 0.00873438 0.00996009 0.00151082 4.35382e-11 4.24957e-05 0.0199046 0.00725308 0.00818016 0.0226175 0.0113476 1.17365e-06 0.0140874 0.126151 0.372614 0.0133884 0.00271954 0.0715317 0.0925287 2.94942e-06 3.81866e-05 
0.00489708 0.00399928 5.01247e-07 0.00224629 0.00661457 2.89266e-05 0.00123431 0.0142285 0.000541855 0.000618059 0.000397946 0.000924274 8.05077e-07 0.0027598 0.00694564 0.0120374 0.0116945 0.00791662 1.48517e-06 0.000470846 0.00793615 0.887135 0.0121917 0.00172624 0.0078217 0.005626 1.5922e-07 4.77089e-06 
0.00533686 8.44418e-05 0.000281635 0.0394246 0.0646152 3.64039e-05 0.00131624 0.0541221 0.00173609 0.0028493 0.0398969 2.2772e-08 5.92646e-05 0.0945654 0.0399507 0.0182834 0.0274191 0.214623 9.19723e-07 0.00283059 0.034377 0.293817 0.0213964 0.0265812 0.00135877 0.013195 0.000453152 0.00138907 
8.22099e-10 6.70921e-05 5.78908e-09 0.194718 0.261501 0.000259539 0.000665451 3.51249e-09 2.09087e-05 7.11362e-10 5.63784e-09 7.00736e-09 1.83799e-05 1.07087e-09 0.00893472 0.000204015 4.96204e-05 1.64677e-05 5.68503e-09 2.5088e-09 0.0511349 0.482395 2.62315e-06 1.13321e-05 1.10708e-09 3.84225e-07 6.50101e-09 3.97716e-09 
0.00308487 0.00226805 0.00116734 0.00693828 0.0738226 0.000550904 0.000385358 0.0349105 0.000473222 0.0466232 0.000128711 4.51201e-08 3.88016e-05 0.00879183 0.00481593 0.0088645 0.0283771 0.00040521 0.000253377 0.00324487 0.248543 0.362351 0.0359205 0.0188262 0.061771 0.0472319 6.35537e-05 0.000147869 
0.0140452 0.00186437 0.000109141 0.0639442 0.18441 0.00713123 0.00366541 0.0535975 0.00104199 0.0331259 0.000211136 1.59238e-05 0.000588451 0.105388 0.0318053 0.0054759 0.00636685 0.0412721 1.49021e-05 0.00182077 0.0180729 0.229789 0.100297 0.00224912 0.0470391 0.039606 0.00365674 0.00339554 
0.00991976 0.000304604 0.000906251 0.0331832 0.0836915 0.000120945 0.106456 0.0770276 0.0111134 0.00131366 0.00163476 6.70204e-08 0.000136222 0.0546911 0.0538527 0.0171632 0.0208767 0.106575 4.86316e-05 0.00239016 0.0302002 0.244713 0.0795542 0.0106831 0.0190787 0.0292396 0.000927848 0.00419811 
0.00714278 0.000147706 0.00129103 0.012924 0.0765912 0.000506589 0.00544329 0.00188977 0.000216992 0.00218011 0.361889 9.2353e-07 1.79289e-05 0.00535739 0.0171558 0.00340409 0.00640371 0.00787315 2.30508e-05 0.000420035 0.0154166 0.449784 0.0162589 0.00618855 6.47321e-05 0.00125764 3.58343e-06 0.000147885 
0.0237324 0.000854313 3.70898e-05 0.0255727 0.093836 0.0108908 0.00488175 0.000206843 4.96934e-05 0.0461833 0.000174248 2.91577e-05 1.21587e-06 0.010501 0.0320852 0.00993941 0.0214922 0.0156318 0.00175869 0.00146617 0.127302 0.189758 0.144476 0.0683101 0.000457534 0.014368 0.025902 0.130102 
0.000748974 0.00777629 9.75318e-09 0.00253474 0.00738083 2.97629e-05 0.000255742 0.024728 0.000539826 0.00107124 0.000344901 0.00240492 2.05924e-06 0.000890516 0.00110007 0.00117352 0.00118021 9.78838e-05 1.5427e-06 0.00012309 0.000545696 0.930795 0.001382 8.20588e-05 0.00469166 0.0101169 2.62835e-10 2.8066e-06 
0.00415687 0.000119033 0.00064876 0.01644 0.0130748 0.000184777 0.00315466 0.127902 5.73112e-07 0.00148109 0.00047382 1.89856e-08 6.46304e-05 0.139289 0.0037183 0.00893815 0.0247024 0.00570046 3.71014e-08 0.00493862 0.0986225 0.460776 0.0283949 0.0205945 0.0114214 0.0145747 0.0105902 3.80384e-05 
0.00815432 0.00867479 5.88721e-07 0.0171661 0.0935235 0.0611716 0.0124015 0.141944 0.00132953 0.0386433 0.000580236 4.84331e-10 0.00130244 0.00382778 0.0276829 0.0415602 0.026025 0.00559609 7.24333e-07 0.000556132 0.0437424 0.285733 0.166847 0.00318572 0.000169927 0.0100607 1.52713e-05 0.000106293 
0.000717577 0.00228933 0.000677825 0.100176 0.222034 0.000316685 0.00224017 0.0298449 2.48297e-07 0.0630855 0.00994439 3.82251e-07 3.23947e-05 0.00903907 0.0365539 0.000397105 0.00135323 0.000391024 3.94737e-06 0.0021755 0.0951409 0.415838 0.0020385 0.000746696 0.00045486 0.000800175 3.42272e-06 0.00370379 
0.0433666 0.00155854 0.000311956 0.0295412 0.200974 0.000914431 0.00944906 0.0146093 0.00399507 0.00872672 0.00194062 7.92889e-08 0.00383774 0.118719 0.0219306 0.00324026 0.0013778 0.0208581 0.0071547 0.0022453 0.0786008 0.353416 0.0311765 0.0201682 0.0009779 0.0206512 1.78059e-05 0.000241084 
0.00342734 1.22086e-05 1.99121e-05 0.0584161 0.135552 0.000971909 0.116521 0.0190404 1.2641e-05 0.000166863 0.000218888 6.09199e-05 8.88172e-05 0.00228474 0.0583315 0.0685246 0.0140937 0.0177072 5.12408e-06 0.00025109 0.0252016 0.424371 0.00488206 0.0116886 0.00220898 0.0359082 1.37592e-05 1.88367e-05 
0.00392126 0.00153048 0.000428715 0.0193615 0.00586444 0.000321861 0.00614045 0.0178164 0.000528438 0.00646183 0.000918287 0.000448386 0.000136507 0.0945546 0.00612198 0.00643262 0.0342586 0.0130444 1.76634e-07 0.000503229 0.0672691 0.555218 0.0401746 0.00655315 0.0414967 0.0659265 0.00447805 8.94744e-05 
0.0413567 7.15761e-07 5.20597e-10 3.47511e-11 0.00538758 4.42032e-10 1.63011e-07 0.000506473 3.7598e-10 6.3971e-11 7.98557e-07 6.30154e-10 7.18323e-10 0.0170366 0.0335712 0.00065509 0.0591986 0.0202146 5.11241e-10 5.73448e-07 5.517e-07 0.707677 0.0189987 0.0282401 3.29891e-08 0.067155 5.84619e-10 3.57656e-10 
0.0161712 0.000515991 3.56058e-05 0.0630169 0.0205061 8.86167e-05 0.0229185 0.000818265 0.000161954 0.0145797 0.000180004 0.000446673 0.000295196 0.0108454 0.00442214 0.130766 0.0959904 0.054403 2.18085e-05 0.00320145 0.198258 0.223587 0.0639371 0.0398409 0.00513877 0.0275375 0.0022287 8.77292e-05 
0.000748974 0.00777629 9.75318e-09 0.00253474 0.00738083 2.97629e-05 0.000255742 0.024728 0.000539826 0.00107124 0.000344901 0.00240492 2.05924e-06 0.000890516 0.00110007 0.00117352 0.00118021 9.78838e-05 1.5427e-06 0.00012309 0.000545696 0.930795 0.001382 8.20588e-05 0.00469166 0.0101169 2.62835e-10 2.8066e-06 
0.00604597 2.28776e-05 1.20151e-06 0.0040062 0.0172501 9.36745e-05 0.000137455 0.00235815 5.72801e-08 0.000186786 0.000277293 2.50445e-09 1.8044e-05 0.00900405 0.0109751 0.00631925 0.0385087 0.0113464 1.20928e-05 0.00419214 0.0253189 0.714215 0.0198456 0.023545 0.0442678 0.0165449 0.000131021 0.0453757 
0.00346285 0.000481598 8.92409e-07 0.0694209 0.297668 5.62161e-06 0.0122258 0.00385306 0.00282519 0.0180012 0.000315316 2.45755e-07 0.000359185 0.03873 0.0129431 0.00613491 0.00950304 0.00604554 9.41415e-05 0.000805009 0.0296119 0.321986 0.117693 0.0246256 0.00461832 0.017539 1.50763e-05 0.00103526 
0.00663156 0.000653732 0.000115872 0.0167594 0.0961594 0.00692516 0.00750375 0.000808315 0.00168496 0.0355881 0.000210989 0.000195983 1.14162e-05 0.00366979 0.0939002 0.0381577 0.018875 0.00245352 0.000311341 0.00524639 0.267203 0.298158 0.0768761 0.00972908 0.000202067 0.0115355 1.70866e-05 0.000416655 
0.00429607 0.000129014 0.00122474 0.0183872 0.0409576 0.00175947 0.00809983 0.183329 0.00103669 0.00142521 0.00144946 5.00669e-06 9.17597e-05 0.015238 0.0263414 0.0123774 0.0368721 0.0128387 3.28616e-05 0.00369284 0.0573715 0.385523 0.0886253 0.00903637 0.0208175 0.0198375 0.0489079 0.000296845 
0.00754169 0.000201193 7.2197e-10 0.00558991 0.0316154 5.51899e-05 0.0004997 0.0439075 0.00170349 0.000655331 0.00827808 0.000147283 9.96178e-10 0.0348609 0.0186753 0.00286324 0.299881 0.0417967 0.0347663 0.000611086 0.0095826 0.352765 0.0102916 0.0359366 0.000223262 0.0575331 2.28077e-06 1.64475e-05 
0.00934424 7.40815e-06 0.000194516 0.000634902 0.000465908 0.000488283 1.28262e-06 4.91001e-05 1.73896e-07 0.0165311 1.58815e-05 1.16025e-08 3.27941e-08 0.0891217 0.00151598 0.000499812 0.00282937 3.88881e-07 5.31721e-07 0.00072255 0.163285 0.682818 0.00433655 0.0172518 2.48554e-05 0.00577442 0.00408597 1.48188e-10 
0.000748974 0.00777629 9.75318e-09 0.00253474 0.00738083 2.97629e-05 0.000255742 0.024728 0.000539826 0.00107124 0.000344901 0.00240492 2.05924e-06 0.000890516 0.00110007 0.00117352 0.00118021 9.78838e-05 1.5427e-06 0.00012309 0.000545696 0.930795 0.001382 8.20588e-05 0.00469166 0.0101169 2.62835e-10 2.8066e-06 
0.00317727 0.000220349 4.08853e-08 0.0585453 0.0816811 0.00268714 0.00305997 0.0910042 0.000783101 0.0217502 1.00143e-05 6.96037e-07 6.5744e-06 0.00479008 0.0162234 0.000664163 0.00465694 0.0105322 1.53484e-06 0.00156012 0.0116282 0.572168 0.0637752 0.000811936 0.0360967 0.00509919 0.00895163 0.000115133 
0.0413567 7.15761e-07 5.20597e-10 3.47511e-11 0.00538758 4.42032e-10 1.63011e-07 0.000506473 3.7598e-10 6.3971e-11 7.98557e-07 6.30154e-10 7.18323e-10 0.0170366 0.0335712 0.00065509 0.0591986 0.0202146 5.11241e-10 5.73448e-07 5.517e-07 0.707677 0.0189987 0.0282401 3.29891e-08 0.067155 5.84619e-10 3.57656e-10 
0.010104 4.23681e-05 6.15353e-05 0.0105716 0.091956 0.000136743 0.028908 0.0670279 1.71746e-06 0.0078077 5.89452e-05 0.000101631 9.52476e-05 0.0174149 0.0194664 0.0176475 0.0069316 0.0100528 9.43998e-07 0.00172686 0.125018 0.383773 0.0786624 0.0128791 0.086941 0.0226075 3.05597e-06 6.38581e-07 
0.00418852 0.00802451 1.9199e-05 0.0109387 0.0625021 1.12818e-05 0.00147863 0.0250538 0.00257288 0.00368528 0.00808398 2.9058e-07 5.05286e-05 0.0121115 0.0102148 0.0142513 0.0156328 0.0370694 2.80477e-06 0.00197693 0.00872293 0.716881 0.012394 0.00860928 1.62919e-05 0.0353675 3.69426e-05 0.000102684 
0.00228143 0.00340386 0.00486085 0.00632068 0.101823 2.5749e-08 0.000460856 0.00903278 1.82711e-05 3.62768e-08 0.000314716 2.50749e-10 9.55934e-06 0.0286241 0.0199594 0.00390479 0.0256853 0.00464343 3.03516e-06 0.000511108 0.0728818 0.64823 0.0154568 0.0181839 0.000246907 0.0321565 0.000963608 2.3092e-05 
0.0209601 0.000105137 0.000511986 0.0554921 0.0603683 0.00241134 0.0047472 0.0522985 0.00032729 0.0142112 0.00012925 0.00087467 1.9765e-05 0.0140628 0.115268 0.00143379 0.0370671 0.0726479 0.00977856 0.00430373 0.0222815 0.365185 0.0464853 0.0582276 0.0166689 0.0183807 0.0020954 0.00365738 
0.0109255 0.000272206 8.26371e-06 0.00494942 0.00462379 0.000193052 7.2869e-05 0.00455992 0.000259504 0.000108385 0.000538617 2.66736e-09 3.62101e-05 0.0822789 0.00449418 0.00736811 0.084298 0.0502068 2.16402e-09 0.00691313 0.0210379 0.36718 0.0776936 0.00893304 0.0289924 0.231843 0.0021825 3.11598e-05 
0.0424822 9.00711e-05 1.63923e-05 0.0121889 0.110169 0.0406289 0.000594629 0.0417959 0.00428425 0.000441324 0.00611356 1.00473e-09 0.000369662 0.243521 0.0127402 0.00557807 0.128774 0.00321506 3.18827e-09 0.00133022 0.00941593 0.295905 0.0248365 0.00442457 0.00998145 0.000849677 0.000214183 3.89548e-05 
0.0178927 5.39879e-05 2.09323e-05 0.00270408 0.0010823 0.00454119 0.00166809 0.000433137 5.28378e-08 0.000101059 0.0144187 8.85577e-08 8.55482e-06 0.00657007 0.0204241 0.0834647 0.0663449 0.026978 2.38273e-06 0.00606307 0.107966 0.544962 0.0134148 0.0424778 0.0285382 0.00883464 0.00099213 4.28586e-05 
0.0115552 0.000657483 0.164019 0.0200456 0.0769277 0.000670461 0.00103971 0.00109582 0.000129184 0.000588439 0.000639008 1.71667e-06 2.0904e-05 0.00444657 0.0288124 0.00192622 0.162686 0.0533988 1.32568e-05 0.00061046 0.0539392 0.329 0.0309665 0.0286753 5.34174e-05 0.00110278 6.32247e-07 0.0269783 
0.0140841 0.00123436 0.00101044 0.0624641 0.156534 0.00319539 0.00528722 0.0109309 0.00211483 0.036328 0.000982038 1.73051e-06 0.000421344 0.0126698 0.0528122 0.0300286 0.100645 0.0515533 1.71959e-07 0.00719404 0.115849 0.232607 0.0469551 0.0255383 0.00265113 0.0182217 0.00433326 0.00435296 
0.00234174 0.00195696 6.33364e-05 0.00818139 0.00297397 2.45874e-06 0.000197261 0.00498238 0.000397317 0.000682973 0.00066683 0.00189915 1.33058e-06 0.00932288 0.00379521 0.0498082 0.16264 0.00545099 1.49286e-06 0.000340103 0.0250392 0.659263 0.00685742 0.0136919 0.010132 0.0280426 0.00125882 9.46279e-06 
0.00392126 0.00153048 0.000428715 0.0193615 0.00586444 0.000321861 0.00614045 0.0178164 0.000528438 0.00646183 0.000918287 0.000448386 0.000136507 0.0945546 0.00612198 0.00643262 0.0342586 0.0130444 1.76634e-07 0.000503229 0.0672691 0.555218 0.0401746 0.00655315 0.0414967 0.0659265 0.00447805 8.94744e-05 
0.0133045 0.000264563 5.45432e-05 0.038882 0.0314974 1.40271e-05 0.0743291 0.0268361 0.00318624 0.000225324 0.057248 6.01406e-06 8.87753e-06 0.00157737 0.00512748 0.00393834 0.00858441 0.0158448 1.29232e-06 0.000683248 0.0177946 0.463414 0.14553 0.00619477 4.49639e-05 0.0851255 2.22503e-05 0.000260405 
0.00738119 3.08597e-05 1.03177e-06 0.00880906 0.0211997 0.000235308 0.00099877 0.00192955 5.6964e-08 0.000152843 0.000617524 5.32088e-07 3.94222e-05 0.00736714 0.0236507 0.00722364 0.0354439 0.0104579 9.92685e-06 0.00343003 0.0207156 0.707615 0.0253827 0.0192643 0.0362198 0.0150627 0.000107423 0.0466534 
0.0143052 0.000100077 4.68859e-05 0.0574238 0.00710861 0.00173306 0.0201788 0.0139831 5.50756e-06 0.00053019 0.000351136 0.00150235 7.04329e-05 0.00352264 0.0184387 0.011629 0.0632493 0.0632286 6.23808e-07 0.000936207 0.117128 0.395269 0.0993191 0.033101 0.055856 0.0206699 0.00028137 3.07895e-05 
0.000227797 1.1135e-05 0.002433 0.0902295 0.0704097 0.000520325 0.0045478 0.000384388 0.000145573 0.00138957 0.0034207 1.22159e-09 5.20709e-05 7.89051e-07 0.0200712 0.000138202 4.53481e-05 0.0128064 2.73803e-06 0.00967346 0.0339092 0.726707 0.00859043 0.00321211 7.54603e-08 0.0107353 6.65671e-08 0.000335986 
0.0444211 0.00268798 1.95116e-10 0.0461672 0.165264 0.0925731 0.101024 0.0385439 0.0218943 0.000622332 0.000519386 1.63844e-05 1.34719e-06 0.00230787 0.0293434 0.00238099 0.0129064 0.000360354 1.91609e-10 1.26997e-07 0.0031719 0.420578 0.0105954 0.00182123 7.8572e-05 0.0024027 0.000317624 1.34046e-10 
0.0244765 0.00372641 7.62611e-05 0.0386967 0.0573171 0.000303682 0.0164845 0.0215356 0.000285035 0.0139011 0.00115352 0.00428666 0.000122543 0.019502 0.0472399 0.0171043 0.00982054 0.207779 2.63235e-05 0.00740242 0.0294479 0.280233 0.108374 0.0294449 0.00334143 0.051798 1.04129e-05 0.00611053 
0.00192609 0.000398139 4.24399e-06 0.0124871 0.0716319 0.00145775 0.00128068 0.0607354 0.00084373 0.00031519 0.000137201 0.000745656 0.000293603 0.0299932 0.0170999 0.00365278 0.00574036 0.0100405 1.65523e-06 0.000667085 0.0161039 0.70637 0.0227798 0.00135669 1.61545e-05 0.0339024 9.51476e-06 9.00955e-06 
0.00154405 0.000514541 8.62407e-08 0.0490031 0.168607 1.66765e-06 0.00313086 0.0233888 0.000968898 0.0384275 2.74291e-05 1.64735e-10 3.71774e-05 0.00121466 0.0086617 0.00706207 0.00185731 0.00093854 0.000142724 5.98354e-05 0.00826639 0.522735 0.0153161 0.00343462 0.132266 0.0122592 3.16467e-05 0.000102287 
0.0118097 0.000332161 3.34621e-09 0.000304124 0.00245016 5.15775e-06 0.00226131 0.00149273 7.95283e-05 2.44781e-06 0.000430074 4.04981e-11 4.54102e-08 0.00676681 0.0180365 0.0308378 0.0350487 0.0387784 3.09781e-08 0.00084929 0.022953 0.789978 0.0287733 0.006747 0.00103886 0.00101992 4.21384e-08 4.72028e-06 
0.0112973 4.6751e-05 6.26688e-05 0.0483177 0.0432308 9.10417e-08 0.00869334 0.00435865 0.00027954 0.000303697 0.00027133 0.0292082 4.16443e-05 0.00836621 0.0121269 0.000402593 0.0378479 0.00415458 0.120953 0.00172208 0.0272424 0.560876 0.0116339 0.06104 0.000232929 0.00728222 6.55766e-06 1.22763e-06 
0.00538834 0.00483873 0.00653324 0.0456229 0.171798 0.000215976 0.00105706 0.0198603 0.00252946 0.00180519 0.00253003 0.000168685 0.00412958 0.0699539 0.0530179 0.00685922 0.0613373 0.00862733 0.00010311 0.00290294 0.0458412 0.350942 0.051085 0.0199814 0.0150394 0.047505 0.000158188 0.000168131 
0.00803337 0.00110571 0.000105912 0.093985 0.0624582 0.00143749 0.00252199 0.0497282 0.000124488 0.0339892 0.00245555 1.79766e-10 0.00778476 0.00860367 0.0169434 0.00712781 0.0136005 0.00237836 1.06055e-05 0.000261609 0.0638916 0.47192 0.0226016 0.003897 0.107109 0.0174398 4.62364e-05 0.000438863 
0.0424822 9.00711e-05 1.63923e-05 0.0121889 0.110169 0.0406289 0.000594629 0.0417959 0.00428425 0.000441324 0.00611356 1.00473e-09 0.000369662 0.243521 0.0127402 0.00557807 0.128774 0.00321506 3.18827e-09 0.00133022 0.00941593 0.295905 0.0248365 0.00442457 0.00998145 0.000849677 0.000214183 3.89548e-05 
0.00811297 0.0136529 3.22269e-06 0.091577 0.0836919 3.62351e-06 0.00293326 0.00662691 0.00112963 0.0304439 0.00146282 0.00152804 0.00130571 0.0104301 0.0343169 0.00316106 0.0101705 0.0790371 0.00743953 0.00911174 0.0995553 0.177672 0.136714 0.0930836 2.35858e-05 0.0948191 0.000395597 0.00159832 
0.0272809 0.000759721 0.00102835 0.0260036 0.164274 0.00184574 0.00104288 0.0162842 0.00189675 0.000856032 0.000597227 2.61202e-06 0.00380625 0.0745704 0.0372134 0.00767978 0.0699405 0.00859169 5.64717e-08 0.00068575 0.0747553 0.307333 0.0529247 0.0186659 0.00357617 0.0803957 0.0179534 3.61978e-05 
0.00355596 7.4469e-05 7.69495e-08 0.043884 0.00201556 4.60654e-05 0.129272 0.00291646 0.070981 0.000344059 0.000309256 1.93751e-07 0.00238229 0.085975 0.00174638 0.000128826 0.00182582 0.0263608 6.34774e-06 0.00020654 0.00149872 0.61986 0.00477634 0.000110266 0.000319612 0.000368015 6.51532e-08 0.00103638 
0.016837 0.00235577 1.31733e-05 0.0118435 0.0171788 0.000585302 0.00188869 0.0040315 8.21909e-05 0.0158929 0.00809746 4.53059e-09 0.000380877 0.0290354 0.00842706 0.0057143 0.200337 0.0135609 6.46925e-06 0.0168413 0.0488704 0.390521 0.0773326 0.0452053 0.00190763 0.0828302 0.000208445 1.43175e-05 
0.0422415 5.156e-06 2.73799e-08 0.00052517 0.0581066 0.000156219 0.000720082 0.0122529 9.38395e-06 5.07011e-06 0.000984372 5.10417e-07 5.81833e-07 0.00867227 0.0014675 0.017562 0.140096 0.000114918 2.41302e-05 0.159326 0.00891091 0.526155 0.00297009 0.01566 0.00321766 0.000762399 4.26932e-05 1.08177e-05 
0.0101035 2.385e-05 0.00496829 0.0189319 0.0193074 0.000196612 0.0042839 0.0637093 0.00186742 0.000106403 0.00226178 1.42514e-10 0.000486369 0.124196 0.0238718 0.0078345 0.0150166 0.0238278 4.68487e-05 1.08806e-05 0.060685 0.414784 0.0931568 0.00964452 0.0924158 0.00819817 4.86824e-05 1.58431e-05 
0.00410529 0.000194694 1.81499e-07 0.000833766 0.0764357 0.00676046 0.00181315 4.85798e-05 0.0279199 8.60898e-05 0.000317147 2.66882e-08 1.27306e-07 0.00235227 0.00167998 0.0307174 0.0706556 0.0113285 0.000136641 0.00137094 0.104261 0.504226 0.11913 0.0110247 0.0178526 0.00630052 0.000423517 2.61979e-05 
0.0244034 0.00434046 0.000479301 0.0224751 0.0961386 0.000583365 0.0871735 0.0239887 0.0164357 0.000105245 0.000843333 6.57398e-10 7.94924e-05 0.0225083 0.00585075 0.0195975 0.168848 0.0165732 0.000255564 0.00100215 0.0454671 0.169123 0.0716471 0.0339574 0.013732 0.0171343 0.00105796 0.1362 
0.000602445 2.11628e-06 2.83102e-07 0.0230757 0.13954 0.000802649 0.00300394 0.0680847 0.000927005 0.000372395 0.000111859 3.57989e-09 3.79131e-06 0.00467156 0.00199357 0.0307038 0.00279394 0.00367657 0.00196438 6.05378e-05 0.00895791 0.628941 0.07278 0.000403436 0.000161772 0.00129252 8.7918e-08 0.00507181 
0.00738119 3.08597e-05 1.03177e-06 0.00880906 0.0211997 0.000235308 0.00099877 0.00192955 5.6964e-08 0.000152843 0.000617524 5.32088e-07 3.94222e-05 0.00736714 0.0236507 0.00722364 0.0354439 0.0104579 9.92685e-06 0.00343003 0.0207156 0.707615 0.0253827 0.0192643 0.0362198 0.0150627 0.000107423 0.0466534 
