0.0834453 0.00176044 0.000195464 0.0322328 0.0176661 0.0104877 0.0109504 0.00160644 0.00212387 0.0154877 0.000498686 0.00120695 0.000537387 0.0138028 0.0538121 0.0932676 0.0280474 0.0355502 3.0726e-05 0.00701557 0.0642573 0.00969194 0.334467 0.0181501 0.00178224 0.160036 0.000185551 0.00170398 
0.0158162 8.9813e-05 0.00137855 0.0279843 0.00494751 0.00030364 0.0145604 0.000477314 0.000272462 0.00896428 0.000387864 1.59559e-11 0.00022979 0.00239612 0.01896 0.0254742 0.00340809 0.0185207 1.2945e-11 0.00170337 0.117965 0.000270553 0.608669 0.00096582 2.9931e-06 0.126116 6.70169e-05 6.91851e-05 
0.00253119 0.000165778 4.02787e-05 0.0428356 0.0849056 0.000467654 0.00390971 0.00030262 0.000805569 0.0990647 5.1541e-05 2.9446e-06 0.000115274 0.0013608 0.0147149 0.00311239 0.00153507 0.0579897 0.000490624 0.000154658 0.0256132 0.000773868 0.586924 0.00135715 7.01932e-05 0.0470738 1.25958e-06 0.0236305 
0.0167084 9.45085e-05 2.97305e-12 0.0104398 0.00482122 9.15858e-09 0.012426 9.80313e-05 2.14716e-12 0.00134925 5.69415e-05 9.45141e-07 5.34331e-06 0.000817837 0.00271865 0.020589 0.0298041 0.0322017 1.33272e-09 7.69063e-05 0.193325 0.000433722 0.650644 7.54769e-05 2.13698e-09 0.0231954 2.02203e-07 0.000117676 
0.0225125 0.000302525 8.33449e-09 0.0232671 0.012862 2.70352e-12 0.0168659 0.000233656 4.68895e-06 0.00071115 0.00137398 1.10379e-09 6.23719e-06 0.00159243 0.0316592 0.00193248 0.00113741 0.0803659 2.23942e-09 9.4986e-06 0.0115127 9.94642e-05 0.734158 0.00249476 4.69505e-06 0.0542254 0.000711959 0.00195613 
0.0028853 0.000774788 0.000802183 0.0657728 0.0140376 0.012456 0.000938169 0.00148118 0.000209994 0.0461013 0.000615398 1.71849e-07 0.000161269 0.00423152 0.00328806 0.00624954 0.0010611 0.00552083 6.45336e-06 0.00068242 0.0240173 0.00370604 0.597726 0.000415709 1.45285e-06 0.206837 4.8663e-07 1.94156e-05 
0.0565444 0.000159886 0.000128121 0.0491636 0.0203497 0.00118993 0.0176572 0.00179097 0.000848818 0.0285714 0.0151834 2.70251e-08 0.000464243 0.0415218 0.0441331 0.0457008 0.0243885 0.123612 1.51253e-05 0.00601019 0.13203 0.00751605 0.247872 0.0456654 0.000913355 0.0824757 0.00283618 0.00325764 
0.0360664 0.0018145 8.88974e-07 0.0253915 0.0204789 0.000388807 0.0347166 0.000541565 0.00170891 0.0246886 2.56664e-05 1.51091e-05 0.000105004 0.0172236 0.0463803 0.0726008 0.00156594 0.152238 0.000123648 0.00555264 0.0367481 0.000456292 0.367541 0.0631271 0.0499095 0.03788 0.000265623 0.00244536 
0.00594163 0.00133587 0.000107734 0.145527 0.12593 0.00552672 0.0394243 0.00404199 0.00609419 0.02979 8.98852e-05 1.4741e-07 0.000655809 0.003582 0.0268242 0.0158598 0.0215066 0.00797103 3.98268e-10 0.000715009 0.0264749 0.0163729 0.312851 0.00665399 6.27249e-05 0.0166672 0.176696 0.00329734 
0.0956619 0.00052485 2.41122e-05 0.0105059 0.00675231 1.42209e-06 0.00349127 0.0147846 0.00909272 0.00181041 0.00217371 1.84002e-09 1.79574e-06 0.00398992 0.021855 0.1205 0.0343176 0.0398259 6.33006e-06 0.0804882 0.0535591 0.00144413 0.288694 0.0514316 2.15197e-06 0.159049 2.37403e-06 1.00913e-05 
0.024574 0.00310898 0.000123664 0.0574994 0.0192034 0.012835 0.0668344 0.00238814 0.000876838 0.0504946 0.00435561 9.05786e-06 0.000690742 0.00495821 0.0336959 0.040517 0.0170681 0.0484476 3.62874e-05 0.00174294 0.0808676 0.00900485 0.283429 0.00760487 0.00606377 0.217605 0.00039357 0.00557157 
0.0414218 0.000992356 0.00092054 0.0293106 0.0391744 0.00194076 0.0155039 0.0033453 0.00215443 0.0146809 0.000771417 0.000107068 0.001087 0.0250213 0.0390548 0.0162688 0.0207563 0.102633 6.29943e-05 0.00445742 0.142684 0.0378832 0.309535 0.0366954 0.00220956 0.107362 0.00107194 0.00289427 
0.00189633 5.31358e-07 2.51675e-08 0.00617181 0.0776136 4.31229e-06 0.00214793 7.28869e-05 2.24241e-06 0.000431674 1.69315e-05 0.0607664 7.08945e-07 0.000641724 0.00343931 0.00502498 0.000584711 0.0503919 2.47152e-08 0.00100396 0.0252866 0.000294343 0.755415 0.00288028 7.26025e-07 0.00163639 5.74754e-06 0.00426922 
0.00908094 0.000400225 9.62652e-09 0.000160215 0.051668 0.000224899 0.000153488 3.24353e-05 0.000548658 1.51709e-05 2.59659e-05 3.3852e-06 1.22771e-05 0.00159407 0.0161266 0.0794431 0.0426379 0.0619467 6.80412e-07 0.00499032 0.136802 0.19834 0.283195 0.0639057 0.0177791 0.0302635 0.000526469 0.000123518 
0.00926354 0.000304854 0.000175696 0.0706705 0.276075 0.0591334 0.00509432 0.00205246 2.53608e-06 0.0157789 0.00028068 3.58888e-07 0.0001143 0.00431886 0.0288809 0.00216376 0.000969132 0.0330096 5.19495e-05 1.22557e-05 0.00749126 0.065173 0.33136 0.000836493 1.79954e-05 0.0792983 8.28508e-07 0.00747012 
0.00627971 1.81511e-08 2.40545e-09 0.129484 0.118132 0.0012429 0.00711611 0.00618375 0.00618073 0.0118346 2.08387e-05 6.31873e-13 8.07758e-05 0.0122154 0.0125589 0.010407 0.00302405 0.0633964 8.2529e-05 0.000203311 0.0821888 0.00182533 0.472113 0.0045088 3.67316e-05 0.049699 2.73076e-07 0.001185 
0.00700819 0.00252455 8.2547e-08 0.050769 0.265172 0.00148174 0.0406754 0.00393345 0.0373152 0.027751 6.19891e-05 6.62624e-07 4.02203e-05 0.00272161 0.0275389 0.0122218 0.0109947 0.0114537 0.000121468 0.000950377 0.105139 0.00307593 0.354855 0.0111954 9.8166e-06 0.022766 2.09469e-05 0.000202083 
0.0533766 0.00608375 0.000168894 0.0315883 0.0321557 0.00545365 0.0126778 0.00131328 0.000990161 0.0012439 0.000393777 6.58974e-05 3.44527e-05 0.0195855 0.103147 0.092544 0.0257542 0.0640619 7.3336e-05 0.00348378 0.109163 0.00126516 0.25595 0.0317464 0.00115574 0.139573 0.00562574 0.00132469 
0.0149158 1.46156e-05 0.000198252 0.0461147 0.0326663 9.35054e-05 0.00231837 0.000358496 0.000488942 0.0204547 1.28951e-05 2.09899e-08 0.000680306 0.00165945 0.0873491 0.00797882 0.00219437 0.0663841 4.28723e-05 0.00122407 0.0861456 0.000141427 0.40483 0.0101579 1.41021e-05 0.212257 2.45076e-06 0.00130188 
0.0265346 0.000543389 7.74491e-07 0.0128369 0.0328289 0.000676015 0.0123964 2.48722e-05 0.00021194 0.000485601 6.00069e-06 1.73175e-06 6.59013e-06 0.0012321 0.150193 0.100021 0.0199881 0.118593 5.34841e-07 0.000812834 0.00361358 0.000513909 0.232542 0.19218 4.5588e-07 0.0937143 2.49754e-05 1.64573e-05 
0.0486585 0.000125442 5.74997e-08 0.0174734 0.0370829 9.56287e-05 0.0570571 0.000576695 0.000899461 0.00108911 0.000105084 1.49249e-10 2.89245e-05 0.0117484 0.00993204 0.00207863 0.00144151 0.00810041 0.000134788 0.000448374 0.0792482 0.0274941 0.693927 3.46294e-05 4.08047e-05 0.00199636 2.03514e-05 0.00016194 
0.128962 0.00269073 0.000620492 0.0616473 0.0544442 0.00336928 0.0275787 0.00701489 0.00199763 0.0104855 0.000907804 0.000584725 0.000319022 0.023379 0.0597154 0.137116 0.0445917 0.0691179 1.29846e-05 0.0474163 0.0593314 0.00787565 0.145224 0.0268023 0.00235374 0.0746179 0.00121416 0.000609686 
0.0142101 0.0105557 3.9008e-05 0.0656969 0.207362 0.00339116 0.0171543 0.00356273 0.000188383 0.00116304 0.000327322 0.0131108 0.000169776 0.00477664 0.0430594 0.0383706 0.0161767 0.0118838 5.01085e-06 0.000317441 0.091967 0.00980568 0.40554 0.0121022 3.12244e-05 0.0267684 0.00138706 0.000878004 
0.062314 0.000569734 0.000616999 0.0274672 0.0386063 0.00534443 0.0142601 0.0126731 0.00217263 0.0105745 0.000865304 0.00230956 0.000848573 0.0664972 0.0464087 0.0541154 0.0469728 0.117826 3.09346e-05 0.0056606 0.13132 0.0163182 0.172439 0.0340797 0.00629577 0.118413 0.00180801 0.00319213 
0.00996699 3.33397e-05 1.14408e-08 0.0273495 0.0103327 2.56644e-05 0.00407586 6.61278e-08 5.75778e-05 0.0366914 2.91422e-06 0.00334191 0.000222476 0.00196934 0.0158796 0.00443988 0.0243207 0.363105 6.14271e-08 3.31152e-05 0.00468378 0.000130664 0.365959 0.000130169 5.19898e-06 0.1234 2.9072e-07 0.00384306 
0.00030186 1.64062e-06 0.00132065 0.00133318 0.00133403 7.22888e-07 3.22698e-06 0.00335979 0.000172778 8.38969e-05 0.000132176 5.6071e-11 2.5119e-08 7.77542e-05 0.00727975 3.64418e-05 9.96553e-05 0.000194181 0.000609398 0.000477754 0.00154004 4.73875e-05 0.977224 0.00410444 2.55325e-06 0.000241317 3.47154e-07 2.10161e-05 
0.0227911 0.000129277 2.98058e-09 0.00505602 0.0321176 0.00877545 0.00398609 0.000523264 0.000169235 0.0425912 0.000249431 0.0116429 5.61882e-06 0.00664818 0.00607354 0.00862148 0.0107976 0.0368113 1.51541e-06 0.000679965 0.336664 0.00290366 0.396114 0.00139466 3.7601e-05 0.0651773 2.45587e-05 1.28681e-05 
0.00592676 4.10056e-05 1.59797e-05 0.0120715 0.00114042 0.00022959 0.00222015 0.000155175 1.52943e-05 0.00899929 3.55472e-05 1.56911e-05 6.92576e-05 0.00403783 0.00351583 0.0189974 0.00563297 0.0470235 5.85683e-06 8.44262e-06 0.043337 4.51799e-05 0.766052 0.00166986 2.03368e-06 0.0782074 1.78646e-05 0.000511308 
0.00874679 0.000474522 0.00396445 0.0410049 0.0530852 0.000921614 0.013254 0.00320994 0.005685 0.0190598 8.91303e-05 0.00010023 0.00018524 0.0143313 0.0198475 0.0557776 0.0106636 0.00565113 1.81619e-05 0.000240416 0.325683 0.0184592 0.348885 0.00548629 0.000138784 0.0429956 0.00056603 0.00147576 
0.00438586 0.000124305 0.00338044 0.0453393 0.0147855 0.000428844 0.00515101 0.0027746 0.000297263 0.0291392 3.10548e-05 3.28861e-05 0.000333704 0.00187124 0.00594727 0.0126675 0.0011385 0.0274361 2.42122e-06 0.000438403 0.0324454 0.00139512 0.487885 0.0018843 2.81547e-05 0.302389 6.3385e-07 0.0182665 
0.119453 0.000129812 0.000579268 0.032529 0.0158751 0.000126145 0.00373419 0.00214936 3.65477e-05 0.0172081 0.00503429 0.00103588 0.00101537 0.0654852 0.00962944 0.014366 0.0181565 0.090945 4.13446e-05 0.00275175 0.171818 0.00133713 0.225327 0.0667185 5.31939e-05 0.127913 8.93192e-05 0.00646288 
0.0465901 9.83221e-09 3.82096e-09 0.00402707 0.00699301 0.00378617 0.000254994 1.56364e-07 2.98522e-09 4.21501e-05 1.15848e-05 5.4719e-12 3.4532e-05 0.0501293 0.0207449 0.0190096 0.00186752 0.0529918 1.0961e-09 0.0053373 0.14321 0.000170732 0.572722 0.0607931 5.71029e-09 0.0112838 5.29926e-09 2.22598e-08 
0.0298201 4.08248e-05 1.07338e-07 0.0621013 0.00324692 0.00290712 0.00647765 0.000272452 0.000247574 0.0180062 1.52599e-06 2.0756e-08 8.57264e-05 0.00448285 0.0526405 0.0986978 0.00923569 0.0980976 1.27778e-07 0.000106542 0.0442059 9.76663e-05 0.314994 0.0181729 7.00614e-06 0.235951 2.1348e-05 8.18437e-05 
0.037843 0.00607589 4.25823e-07 0.0344599 0.253085 0.000232494 0.0265262 0.0160587 0.000688615 0.00465574 0.00049637 0.000392961 8.69342e-05 0.00511664 0.0997626 0.0143167 0.0029085 0.0224736 2.9621e-07 0.000275735 0.096122 0.00733773 0.362306 0.000985664 3.21988e-05 0.00375734 4.42925e-06 0.00399908 
0.039429 0.00075492 0.00512722 0.0160846 0.0222603 0.000256727 0.0069388 0.00973569 0.000225705 0.00195146 0.000201558 7.02094e-07 0.00691518 0.100359 0.0166008 0.097051 0.046859 0.0129914 1.40808e-05 0.000282153 0.0847749 0.176005 0.233773 0.0183445 0.027511 0.0734599 0.00188943 0.000202892 
0.0132312 0.000129136 3.80826e-06 0.00927755 0.0482424 0.00196249 0.0169003 0.00159838 0.00183581 0.00110353 5.8621e-05 3.33576e-07 9.49233e-05 0.00271056 0.00517459 0.0198034 0.0212467 0.00937361 8.59726e-06 0.0011745 0.0991271 0.00306617 0.735607 0.00380536 1.83633e-06 0.00442591 9.03378e-06 2.6882e-05 
0.0163675 0.00398624 0.000347609 0.0200258 0.168592 0.0172605 0.0159031 0.00692973 0.00373745 0.0259881 0.000575459 2.91986e-08 0.000207283 0.0231808 0.0211991 0.0175481 0.0113825 0.0447578 0.0064582 0.000470712 0.165432 0.010707 0.299599 0.00964878 0.00504206 0.0481336 9.34776e-05 0.0564268 
0.00673464 0.00015077 1.88182e-08 0.0869222 0.0033385 7.53549e-06 0.0277364 0.00922244 1.07323e-10 0.0237641 0.00491394 1.79877e-10 4.22094e-05 0.0346692 0.220692 0.011895 0.00460503 0.0125245 2.32152e-07 7.00913e-06 0.0388099 0.000123557 0.434947 0.00474524 1.62965e-05 0.0683589 3.12975e-05 0.00574239 
0.0648252 0.00301325 9.64353e-05 0.0503989 0.0457222 0.00944683 0.0445035 0.00560421 0.00281797 0.00723283 0.00021597 8.42753e-08 0.000133752 0.0181179 0.07846 0.0561507 0.0201042 0.109751 0.000105281 0.00516415 0.0802172 0.00437415 0.311285 0.0173932 0.000315287 0.0603286 0.000145945 0.00407644 
0.0792305 0.000880858 0.00218601 0.0284796 0.0170887 0.000441095 0.0411066 0.00351428 0.000411327 0.00701026 0.000148777 2.44693e-06 3.22545e-05 0.0247821 0.0297454 0.0211166 0.0111244 0.122032 2.94711e-05 0.00407931 0.100331 0.00517283 0.256696 0.0241691 0.00483968 0.20605 0.000314227 0.00898387 
0.17427 0.000639453 0.000201577 0.0319011 0.0268771 0.00176095 0.0118496 0.00437485 0.00414718 0.0154762 0.000436878 0.00104887 0.00027097 0.0163217 0.0354489 0.17866 0.0573379 0.046631 3.13901e-05 0.0205029 0.0736524 0.0107145 0.195889 0.0330296 0.00163555 0.0531239 0.00151436 0.00225192 
0.0905025 0.00134522 7.09241e-06 0.0492731 0.146504 0.00334082 0.0146213 0.000107609 0.000195824 0.0051969 5.68462e-05 1.66724e-08 6.10754e-05 0.013653 0.119418 0.0464936 0.0167963 0.0284424 9.12745e-05 0.0491931 0.114278 0.00393249 0.218693 0.0527442 1.07644e-05 0.0248721 5.19829e-05 0.000117908 
0.0209356 0.00131006 0.000460045 0.016093 0.109181 0.0505758 0.0056383 0.0100828 0.000226603 0.00628987 0.000261327 8.95363e-07 1.96987e-05 0.0251614 0.0501086 0.0488886 0.010363 0.0846191 0.000182711 0.00182667 0.242317 0.00416628 0.243248 0.0238938 7.55317e-05 0.0386817 0.00092686 0.00446469 
0.0506991 1.24625e-07 1.45714e-08 0.00146607 0.00194834 3.04544e-07 0.0192681 1.06808e-07 0.00351538 3.28524e-08 5.28576e-08 0.0178431 8.94985e-08 7.66299e-08 1.17943e-06 0.207002 0.0102589 0.00593673 2.61235e-09 0.00559654 0.0919923 2.39341e-07 0.582265 0.00220644 2.53093e-12 1.90442e-07 1.48622e-11 8.00219e-08 
0.0436314 6.51003e-05 1.54129e-08 0.000713377 0.0361719 0.0623436 0.00301178 1.12102e-07 0.00323153 0.00106397 5.5565e-08 0.00119093 1.58155e-07 0.000592572 0.0168778 0.179613 0.025421 0.000396073 6.59526e-07 0.000653058 0.200857 0.000113786 0.415261 0.000868408 2.75294e-11 0.00792126 1.26251e-07 8.40182e-08 
0.00456159 8.06737e-05 3.51253e-07 0.0920778 0.0123859 0.000133499 0.00702289 0.00275183 5.01194e-10 0.00299396 0.222102 8.40017e-10 5.42308e-05 0.0205178 0.0100467 0.00794349 0.000575846 0.118916 6.12856e-07 0.00310699 0.0037257 2.20921e-05 0.480763 0.00129457 8.5813e-06 0.00882043 2.28131e-07 9.38254e-05 
0.0090086 0.000191805 1.59516e-06 0.0324528 0.0226981 0.00102707 0.00462039 0.00142489 0.00506875 0.00143216 0.000200573 1.85075e-07 0.000510086 0.00224832 0.299125 0.00712296 0.0100032 0.157608 2.99256e-06 0.00055314 0.0208258 9.10606e-05 0.3818 0.0326525 3.64998e-06 0.00897498 1.6469e-05 0.000335039 
0.0390578 0.000422071 2.97629e-06 0.0329787 0.0302963 0.000712075 0.00621108 1.71571e-05 0.00112203 0.000360241 5.67964e-07 2.59235e-10 2.19278e-06 0.00147744 0.0786168 0.185148 0.0540378 0.0467201 2.46589e-06 0.00867721 0.00713496 0.000678218 0.466947 0.0144181 5.76702e-09 0.0247329 2.40503e-10 0.000226051 
0.0332737 9.52478e-05 1.07847e-05 0.017551 0.00773915 4.35604e-06 0.00671778 0.00137178 0.00017654 0.0194757 1.61361e-05 2.21596e-10 4.14859e-05 0.112564 0.0216248 0.0453989 0.0204598 0.262041 3.55867e-07 0.000376737 0.0141518 0.000693448 0.284377 0.0760433 2.79456e-05 0.0755847 0.000151867 3.08446e-05 
0.110033 5.92198e-07 3.46813e-11 0.0154243 0.00127066 1.74924e-05 0.00118332 0.000839532 3.59116e-06 0.000673849 0.000224019 4.19798e-11 1.74858e-08 0.010558 0.0217129 0.138279 0.0466706 0.0248612 5.59479e-05 0.000364063 0.0324361 0.000342564 0.528735 0.00674934 6.63229e-12 0.0592582 7.81968e-05 0.00022868 
0.0685658 0.00384549 3.17802e-06 0.0403232 0.0257546 0.00124309 0.0270598 0.000794007 0.000335992 0.0104246 0.000338882 0.00129206 0.000591185 0.0102159 0.0364112 0.066223 0.0144593 0.0130462 8.19093e-05 0.00285122 0.199066 0.0271049 0.314287 0.0317689 0.00256784 0.100621 0.000275139 0.000449102 
0.0106729 2.2859e-05 2.25499e-12 0.00477274 0.0314211 1.52575e-08 0.0002288 0.000429077 0.00405282 8.66658e-05 0.000400264 2.72953e-12 2.62254e-06 0.00664491 0.0878491 0.00121309 0.000474421 0.162621 4.14536e-09 2.08859e-05 0.0246655 0.00119161 0.627181 0.00036943 1.28087e-05 0.0356305 6.33575e-06 2.99671e-05 
0.0213621 0.000329114 1.41811e-05 0.0374784 0.0361411 0.00145788 0.0203921 0.00709461 0.00328135 0.020716 0.00252455 0.000171615 6.10779e-05 0.13343 0.171716 0.00690542 0.00321931 0.1731 3.29982e-05 0.000901989 0.0618664 0.010398 0.217227 0.0251027 0.00027142 0.0415165 0.000104694 0.00318429 
0.00230654 7.59487e-06 1.43218e-06 0.171337 0.00354496 0.000173556 0.021476 1.81058e-08 9.62416e-06 0.0480624 1.80015e-05 1.74246e-08 0.000685976 0.00293538 0.0186668 0.0158796 0.00146401 0.112071 8.44812e-06 9.25188e-06 0.0184027 0.000106682 0.385625 0.00252672 6.66988e-06 0.193768 2.80873e-07 0.000907279 
0.276518 0.00269434 5.17703e-10 0.00186133 0.0702785 4.39574e-10 0.000663764 4.9415e-05 8.31157e-06 0.000288081 4.39052e-06 6.26651e-10 6.21184e-08 0.00487553 0.00386388 0.000369601 0.0210157 0.00307646 5.08398e-10 0.00194073 0.0119257 0.0117224 0.58013 9.75568e-05 1.65426e-06 0.00704612 1.54434e-07 0.00156808 
0.0367644 6.699e-05 0.000157485 0.0156169 0.0108071 4.08158e-05 0.0243144 0.000601695 0.00141286 0.0324755 0.00035303 0.000451327 6.76011e-05 0.0275578 0.0466084 0.0433496 0.02423 0.287096 4.33955e-06 0.00234024 0.0350378 0.00142955 0.341579 0.0107625 2.34994e-06 0.0558073 1.26609e-06 0.00106401 
0.0149442 0.000161733 5.00295e-05 0.0879485 0.206096 0.024591 0.0464311 0.00017529 0.00160205 0.0443901 0.00132717 1.41458e-10 0.00061029 0.0375113 0.0985803 0.00767207 0.00507791 0.011303 1.80649e-08 0.00572638 0.0642363 0.00266301 0.243999 0.00127632 8.14108e-05 0.092889 0.000475042 0.000180894 
0.0545496 0.000108839 2.52786e-06 0.0114414 0.0160547 0.00111776 0.00508189 0.000201247 0.00960967 0.00361317 7.84031e-06 1.83335e-11 1.90176e-05 0.00272192 0.0266362 0.0108273 0.00509192 0.0261794 7.15724e-05 0.000842292 0.343712 0.000458624 0.37513 0.00631745 1.21048e-05 0.0992801 1.542e-05 0.000895979 
0.0108216 0.000942629 0.000742849 0.203204 0.0218988 0.000865145 0.101817 1.75761e-05 3.91055e-05 0.007498 0.00115538 0.000184562 3.44292e-05 0.0154294 0.0377604 0.00573553 5.7299e-05 0.0757169 7.41759e-06 0.000378522 0.0882201 0.000153124 0.384538 0.00501037 4.96039e-07 0.0333581 0.000942173 0.00347135 
0.0946395 0.000292482 0.000426095 0.0532968 0.0317087 1.68854e-05 0.0160671 0.000900729 0.000243259 0.0119407 0.00013981 4.50773e-07 0.000256125 0.003632 0.0371469 0.00683691 0.00858854 0.0271582 0.0116237 0.0177507 0.067127 0.000981407 0.311361 0.00720584 4.47937e-05 0.287353 0.00014005 0.00312085 
0.00822674 0.0006804 1.97007e-08 0.0382084 0.0651588 0.00116232 0.000780833 0.028361 0.00907185 0.00745815 0.000507756 4.13947e-12 7.06563e-05 0.0072537 0.0538559 0.00308961 0.0345467 0.110548 3.69833e-07 0.000605682 0.0914825 0.0264035 0.491204 0.000671135 6.31954e-06 0.0201729 4.87241e-05 0.000424382 
0.0505684 0.000196817 1.30529e-05 0.00401311 0.0160605 3.5092e-05 0.00662501 0.000774697 0.000359986 0.000971939 0.000560885 0.000766176 2.37333e-05 0.00204828 0.0280495 0.0199815 0.0258172 0.0672068 9.21198e-07 0.00195399 0.215232 0.00665307 0.333878 0.0135236 0.000189369 0.204088 0.000394756 1.3481e-05 
0.0154364 0.000228008 1.20953e-06 0.0354087 0.0356022 4.17245e-06 0.0137546 0.00049443 0.000644354 0.000519694 0.000546487 8.16354e-06 5.0627e-05 0.000577265 0.0602773 0.0397943 0.00658451 0.0849375 4.16559e-09 0.000504544 0.0245816 0.00424903 0.626357 0.00952353 2.80588e-06 0.0373459 6.9857e-06 0.00255846 
0.0109689 7.70111e-07 4.52336e-10 0.00753749 0.000581387 7.70869e-08 0.00766197 2.74452e-10 8.53713e-06 0.0044243 2.77146e-07 5.47528e-10 0.000113513 0.024403 0.0021 0.0226606 0.0829213 0.0239348 1.98923e-07 4.40263e-05 0.00575763 0.0304779 0.671905 0.00384055 6.3001e-08 0.100657 9.00713e-08 6.4755e-07 
0.0501145 0.00150867 0.000350026 0.0759 0.106058 2.2184e-08 0.00376568 0.00298541 5.2773e-08 0.0384179 0.000184703 5.6267e-08 7.81889e-05 0.00457791 0.0473369 0.00238962 0.010707 0.0969168 8.4447e-08 0.00065469 0.0520288 0.0290119 0.249319 0.071823 5.37193e-06 0.153371 1.99833e-05 0.00247506 
0.0289698 0.00417076 3.32255e-05 0.0117421 0.158595 0.000205008 0.00378145 0.000115179 0.000327863 0.0475092 0.0228304 2.38149e-08 1.77e-05 0.00192981 0.0247588 0.0831812 0.00811077 0.00213598 0.0994111 0.00220431 0.127088 0.0147205 0.285164 0.0280724 0.0206837 0.0214916 0.000737288 0.00201313 
0.0132312 0.000129136 3.80826e-06 0.00927755 0.0482424 0.00196249 0.0169003 0.00159838 0.00183581 0.00110353 5.8621e-05 3.33576e-07 9.49233e-05 0.00271056 0.00517459 0.0198034 0.0212467 0.00937361 8.59726e-06 0.0011745 0.0991271 0.00306617 0.735607 0.00380536 1.83633e-06 0.00442591 9.03378e-06 2.6882e-05 
0.00521949 0.000607123 2.88362e-07 0.0756522 0.19937 4.37883e-05 0.00645702 0.0222019 0.000745836 0.00683397 0.0349684 1.21171e-07 7.70784e-05 0.036471 0.06426 0.01053 0.000371769 0.123838 2.95697e-06 0.000107726 0.0521428 0.00185537 0.331483 0.0157769 8.43473e-05 0.00990853 8.70434e-06 0.000981563 
0.0453921 7.69821e-05 0.000102071 0.0230501 0.0343993 0.00204888 0.00210262 0.000899969 0.000475845 0.061137 0.0005676 0.000581781 0.000164774 0.0120781 0.0136655 0.015373 0.0146041 0.0661025 8.14615e-05 0.00645312 0.256669 0.00437117 0.330852 0.0345469 3.99249e-05 0.0699868 1.96878e-05 0.00415723 
0.0127385 0.000262431 1.04735e-05 0.0870211 0.219029 0.00105445 0.126775 0.000662375 0.00286664 0.00845664 0.000175903 1.93047e-06 0.000230123 0.0145028 0.0926671 0.0138659 0.00498547 0.0704876 8.22356e-06 0.00132335 0.0286045 0.00874093 0.27364 0.00161555 2.96437e-05 0.0267934 3.59703e-07 0.0034507 
0.0381495 0.00268796 8.47634e-06 0.0202333 0.110001 0.00324366 0.00493743 0.00195834 0.00604877 0.00149769 9.31583e-05 0.00102137 5.08953e-05 0.0313609 0.0179339 0.0228132 0.00987304 0.0476711 5.6761e-06 0.00238025 0.238195 0.0052077 0.393363 0.012055 0.00012427 0.0283418 7.02299e-06 0.000737019 
0.042702 4.13405e-05 1.36503e-05 0.0497159 0.00354014 0.000396871 0.00880492 0.000106069 2.40431e-05 0.0188444 4.79186e-05 1.01e-07 4.12786e-05 0.0149518 0.0189474 0.00796836 0.00369925 0.0900182 6.34633e-06 0.00517463 0.0601676 2.5317e-05 0.360517 0.0113241 2.3939e-06 0.302693 1.72412e-06 0.000225162 
0.0715989 0.0271871 2.86878e-06 0.0674843 0.0325973 0.000397434 0.0148463 0.00040026 4.88576e-05 0.0123481 6.98773e-06 2.18742e-06 5.70592e-05 0.0120479 0.00620672 0.00979987 0.00536039 0.187923 5.28867e-05 0.000845586 0.053006 0.000857647 0.244317 0.0146042 8.85997e-05 0.232121 8.37928e-08 0.00579118 
0.0416914 0.00128272 4.90814e-06 0.0649127 0.136618 0.000751675 0.0123985 0.0104983 0.000188778 0.00589256 8.10563e-05 5.8712e-10 0.000182424 0.00838367 0.0407688 0.0164949 0.00217473 0.0352 5.89098e-05 0.0130995 0.0586125 0.00350329 0.273037 0.0135847 3.40823e-05 0.259058 3.92529e-07 0.00148656 
0.0724232 0.00148025 1.76084e-05 0.0267744 0.0839047 0.000375582 0.198917 0.00316326 0.000135099 0.00037194 0.00017442 4.73221e-10 0.000931442 0.00682398 0.0349394 0.0594309 0.128071 0.0405036 1.07587e-08 6.86323e-06 0.0621935 0.00611901 0.264033 0.00214755 2.17781e-06 0.00598223 0.000577937 0.000500879 
0.0292794 0.000146901 3.82704e-08 0.0235019 0.053632 0.000549391 0.00515926 0.00835437 0.000616807 0.00987727 0.000320144 1.35796e-09 5.96809e-05 0.0142992 0.152729 0.0101447 0.0241772 0.0156021 2.42902e-05 0.000244514 0.0446771 0.000912514 0.376994 0.19232 9.0395e-06 0.0263228 0.00978007 0.000266768 
0.018781 0.0101372 0.000175281 0.0930236 0.143051 0.000778975 0.0500843 0.000379602 0.0122082 0.00292942 0.000130214 2.54799e-06 5.11039e-05 0.0179916 0.0465148 0.0118446 0.00641693 0.0220572 0.000239063 9.02267e-05 0.0461473 0.00124379 0.445272 0.00194404 2.41383e-05 0.0594985 0.000720193 0.00826328 
0.0538199 0.000842466 0.000623825 0.0254012 0.0123621 0.00501317 0.0174744 0.000339442 8.6127e-05 0.145256 0.000250294 1.42421e-05 0.000154883 0.0304703 0.0416194 0.145466 0.100376 0.124827 4.05173e-07 0.00130604 0.0575853 0.00888176 0.20166 0.0171323 9.11836e-06 0.0081593 0.000841332 2.8178e-05 
0.0493034 0.000337408 0.00314358 0.0325154 0.00427585 0.000290218 0.00395008 0.00286533 0.00792181 0.0284722 0.0197609 1.70561e-08 1.42669e-05 0.0474089 0.0762221 0.0814697 0.00673638 0.0234532 1.20634e-06 0.00366769 0.0932134 0.000585312 0.259741 0.0693464 2.69945e-05 0.184125 0.000990952 0.000161762 
0.0231587 0.000567459 0.00433702 0.00952586 0.0145652 2.90702e-05 0.00304326 0.00490557 2.67266e-05 0.000318651 0.0013946 1.72477e-08 6.04626e-05 0.00178752 0.0832707 0.00076024 0.00392608 0.164532 0.000124377 0.00313964 0.0618903 0.00100367 0.497484 0.0561497 8.94892e-06 0.0623641 0.00141713 0.000209468 
0.07478 0.00123825 0.000981626 0.0399547 0.0379608 0.00326974 0.0118181 0.00314401 0.00262847 0.01407 0.000897589 0.000205502 0.000717869 0.0255715 0.0337614 0.0775925 0.0549945 0.0761766 8.27596e-05 0.0283794 0.0838317 0.00765977 0.184983 0.0649574 0.00279635 0.165853 0.000714875 0.00097904 
0.0210943 0.000942528 9.28008e-06 0.0192426 0.0128696 9.24181e-05 0.0178212 0.00251862 0.00140049 0.0278967 0.000504845 8.64549e-09 2.51945e-05 0.00338646 0.00666686 0.0850916 0.0109859 0.0153695 2.21852e-06 0.00420845 0.187056 0.00739015 0.524494 0.01248 0.000170547 0.0355298 0.00242414 0.00032654 
0.0250514 0.000889745 4.67728e-05 0.0722393 0.0258677 0.003169 0.12078 0.00269943 0.000940808 0.00228591 8.36e-05 2.07895e-09 0.000304207 0.00580409 0.0184454 0.0819191 0.0961311 0.144875 3.6137e-06 0.00180639 0.0860859 0.00506953 0.234811 0.034211 5.69968e-05 0.035483 0.000865375 7.42848e-05 
0.0365051 0.00110831 4.6534e-05 0.0219016 0.0150963 0.00131493 0.0931162 0.000449084 0.000247652 0.000440502 0.000523406 3.26254e-10 3.76375e-06 0.0065614 0.0136607 0.0287303 0.0456827 0.202107 3.31828e-05 0.000278839 0.0283345 0.0372543 0.33733 0.0449498 2.15363e-05 0.0801576 0.00103883 0.00310576 
0.0234366 2.60936e-05 2.1892e-06 0.0521219 0.0785521 5.26598e-06 0.0117335 0.0256485 1.01834e-07 0.012027 0.0150478 2.24543e-07 0.000308914 0.0495272 0.0725542 0.00858676 0.0625723 0.173726 2.09671e-06 0.00724924 0.0954914 0.00142073 0.248345 0.0172241 4.22091e-05 0.0427444 0.00127097 0.000333208 
0.0258898 0.000572546 0.0011991 0.161594 0.0140947 0.000170669 0.00701314 0.00284206 0.00750588 0.00317066 0.00117216 1.0199e-05 0.000165329 0.00276372 0.286881 0.00707763 0.00856515 0.0322772 0.000557178 0.00180384 0.0253924 0.00588941 0.329437 0.0133149 0.00638994 0.0534931 0.000295743 0.000461444 
0.0272201 0.00192179 0.000198207 0.0352772 0.0490326 0.00395851 0.0915541 0.00578394 0.00209265 0.0059572 0.0003988 5.58367e-05 0.000122029 0.0159411 0.0273429 0.134805 0.081487 0.0330845 2.59482e-05 0.00561737 0.0660831 0.0605775 0.242616 0.0329445 0.0185176 0.0519011 0.000839562 0.00464363 
0.0409718 0.00230523 0.00143407 0.0342985 0.0262121 0.00189533 0.011868 0.000749313 0.000690045 0.0225115 7.50316e-05 4.66383e-06 0.000433199 0.0236876 0.0176128 0.0198393 0.0182503 0.035419 9.04398e-05 0.0050962 0.104936 0.00630622 0.411737 0.0272137 0.000284005 0.182923 3.6134e-05 0.00311899 
0.156976 0.000811402 0.00135537 0.0225233 0.0739784 0.000114428 0.0446182 0.000245923 0.00167624 0.00224577 0.000380244 2.94607e-07 6.62837e-05 0.00385165 0.0343192 0.0128673 0.00733366 0.0352935 0.000382612 0.00632918 0.0807535 0.00527666 0.359322 0.052842 0.000112772 0.0956264 0.000635278 6.2661e-05 
0.0129305 1.79388e-05 3.13134e-08 0.0727986 0.0566549 0.00935366 0.000273238 0.000342589 0.0024355 0.000175082 0.000105822 4.43727e-11 0.000877371 0.129873 0.0156857 0.00455512 0.00199486 0.127397 3.20823e-06 0.00246349 0.101755 0.00684541 0.285447 0.0365403 1.79066e-06 0.13142 2.63843e-08 5.29896e-05 
0.0124914 1.74668e-05 2.43494e-08 0.00649369 0.00536534 3.65073e-05 0.0013565 0.000291326 0.000192293 0.00165909 0.000153747 2.29061e-08 2.6105e-06 0.0922392 0.00859829 0.0393591 0.0125875 0.173845 1.12473e-06 0.000371402 0.0767741 0.000920104 0.363843 0.0148255 6.1219e-07 0.188421 1.71137e-05 0.000137965 
0.0430213 0.00199976 0.00161255 0.0479167 0.0351843 0.00265823 0.00676498 0.00401534 0.00349801 0.0200998 0.000394765 0.000810029 0.00150389 0.0220619 0.0325981 0.0418046 0.0177332 0.0378972 2.14768e-05 0.00324053 0.162305 0.00862217 0.282618 0.0301074 0.0020023 0.185747 0.00123367 0.00252801 
0.121976 0.000127872 2.82812e-08 0.0275817 0.0155777 0.0012548 0.00192175 0.00100703 6.22278e-05 0.0503601 3.09601e-05 1.57461e-07 5.96093e-05 0.00270634 0.0257667 0.00397512 0.00751336 0.0845543 4.38636e-08 0.000167352 0.0243705 6.5502e-05 0.355481 0.000700077 4.20539e-06 0.273171 2.69743e-06 0.00156179 
0.0259824 0.000125314 1.4574e-07 0.0131409 0.00714785 2.04675e-07 0.00271344 4.21144e-05 0.00744227 0.000303837 0.0023892 4.32323e-12 5.0572e-06 0.179266 0.00616039 0.00357415 0.000296666 0.19287 1.41722e-06 0.000215561 0.0136352 3.76844e-05 0.372898 0.00489526 4.69592e-06 0.166622 6.64378e-09 0.000231232 
0.0794502 0.000467036 5.65519e-05 0.0575305 0.0326819 0.0121263 0.00804528 0.00567074 0.000408593 0.00606171 0.000115804 0.00151483 0.000141398 0.0451727 0.055049 0.0841202 0.0271276 0.0519331 7.97556e-06 0.0052984 0.120633 0.0276826 0.316799 0.0367384 0.000548404 0.0196234 0.000326486 0.00466834 
0.0152864 0.000206849 4.2627e-05 0.0284153 0.0556274 0.000963619 0.0103802 0.00608317 0.000235441 0.00530141 0.000189839 1.06438e-09 0.000126128 0.0937513 0.0255742 0.00830728 0.0278159 0.177213 1.13784e-05 0.00082567 0.0454696 0.0112679 0.390199 0.00631323 0.00819167 0.0707559 0.00588672 0.00555886 
0.14864 0.00358766 0.000888422 0.0322902 0.0248831 0.00349263 0.00967549 0.00497659 0.000956966 0.0132791 0.00333668 0.00173347 0.0110935 0.036015 0.0404723 0.0524771 0.0426572 0.0887905 1.19982e-05 0.00949443 0.167558 0.0086045 0.17362 0.0345593 0.00297477 0.0822405 0.00055351 0.00113702 
0.0484334 0.000221291 9.86209e-08 0.0236446 0.00753063 0.000137308 0.00644018 0.000388429 3.21547e-06 0.00221582 8.37586e-06 7.03083e-12 0.000355066 0.000845807 0.031695 0.0580787 0.00731588 0.00788716 1.85396e-06 4.70678e-05 0.0610755 0.000563972 0.678406 0.00499516 1.11078e-12 0.0587155 2.98223e-08 0.000993801 
0.00475903 0.000320029 0.000123284 0.0936074 0.0307344 0.00122176 0.00943892 0.000374891 8.05558e-05 0.0206231 1.2027e-05 5.09523e-05 0.00025666 0.00141308 0.0057482 0.0109806 0.00118196 0.0413704 5.63705e-06 0.000357579 0.0363565 0.00152878 0.645587 0.000933397 5.78781e-06 0.0865385 3.28319e-07 0.00638959 
0.00228001 0.000118513 6.51034e-11 0.00267173 0.000531824 5.52784e-11 0.031692 6.26872e-08 3.77651e-05 0.000202 1.37249e-07 7.8804e-11 1.82267e-07 0.000544328 0.000921886 0.0281028 0.00732988 0.00559649 2.62869e-08 6.6189e-08 0.0336733 1.17642e-07 0.882349 3.98609e-07 1.24501e-11 0.00390481 7.31097e-11 4.25439e-05 
0.209579 0.000490895 0.00021914 0.0128994 0.0258413 4.38616e-05 0.121072 0.000245518 0.00339541 0.00020093 3.50887e-05 5.03728e-09 0.0001494 0.00130912 0.0212 0.00150974 0.00689218 0.0202719 4.49981e-05 0.000915343 0.0335587 0.00772858 0.368501 0.0047285 0.00020416 0.158628 0.000305909 2.94184e-05 
0.0996545 4.00482e-07 1.28388e-10 0.00531274 0.0783652 4.571e-06 0.000285509 0.00526746 0.00163409 0.00453817 0.000105261 1.55407e-10 7.93075e-06 0.0321475 0.0210736 0.000597365 0.000102032 0.24522 1.65649e-08 0.00129485 0.0590485 0.00160155 0.265483 0.0209759 3.37155e-07 0.157202 6.3126e-06 7.16867e-05 
0.126224 9.48848e-06 0.000139925 0.17085 0.00466639 0.000118754 0.0185972 0.00178642 1.14214e-09 0.0939318 0.000236677 1.00161e-08 0.00164949 0.00230584 0.0774408 0.0123762 0.00407271 0.107899 8.22699e-10 0.00157443 0.00558744 0.000211813 0.298453 0.0583363 5.12902e-07 0.00370913 1.18758e-05 0.00981139 
0.0315338 0.00132461 0.00125704 0.0416213 0.0657704 0.00113106 0.00944712 0.00212646 0.000402191 0.0221798 0.00659379 0.000221968 3.32935e-05 0.00731783 0.0482741 0.0186522 0.0269664 0.0373599 8.24541e-06 0.000567495 0.0851975 0.00374792 0.438758 0.00347873 7.20957e-05 0.143353 0.000368847 0.00223513 
0.0187664 0.000696403 3.86264e-08 0.026344 0.00759947 2.02543e-08 0.0129437 0.00018575 8.88982e-09 0.00249144 0.000177269 1.55442e-11 4.20854e-05 0.0245534 0.0102491 0.00227589 0.000858541 0.102722 1.84342e-07 0.000371709 0.133391 0.000187643 0.582238 0.00290363 2.85436e-06 0.0706887 2.08796e-05 0.000290459 
0.00837655 4.37733e-05 0.000169601 0.0700341 0.097905 0.00114413 0.0414691 0.00471603 0.0067926 0.00275223 0.000163953 1.14783e-08 0.000166643 0.0146495 0.167217 0.00811458 0.00757046 0.0364289 4.73216e-05 3.77772e-05 0.0163929 0.00927522 0.332732 0.114323 0.000113403 0.0457498 0.000319717 0.0132952 
0.00207122 0.000411474 2.93065e-08 0.068271 0.215867 0.0120788 0.0054529 0.000202674 0.0659563 0.0101483 3.61794e-05 9.07424e-12 2.29561e-06 0.0191329 0.13052 0.00103673 0.0015705 0.048393 5.34592e-07 2.38801e-06 0.0169015 0.000271589 0.382566 0.00136055 2.1111e-05 0.0153647 8.85601e-09 0.0023598 
0.0106729 2.2859e-05 2.25499e-12 0.00477274 0.0314211 1.52575e-08 0.0002288 0.000429077 0.00405282 8.66658e-05 0.000400264 2.72953e-12 2.62254e-06 0.00664491 0.0878491 0.00121309 0.000474421 0.162621 4.14536e-09 2.08859e-05 0.0246655 0.00119161 0.627181 0.00036943 1.28087e-05 0.0356305 6.33575e-06 2.99671e-05 
0.0603492 0.004007 0.0055168 0.0221194 0.039549 0.0686139 0.0129707 0.00113516 0.000242891 0.000409738 0.0010862 0.00809622 0.000178547 0.0156512 0.027823 0.0198755 0.155474 0.0491768 3.219e-05 0.0167247 0.161194 0.0012275 0.214981 0.0880834 2.14166e-05 0.0253554 3.61971e-05 6.98318e-05 
0.0152345 0.000516181 3.66421e-08 0.0146133 0.101238 0.00146238 0.00353418 0.00315212 0.000824483 0.000273437 0.000111422 9.88698e-12 1.22777e-05 0.00140937 0.0731868 0.0920936 0.0247401 0.105132 3.57133e-05 0.00139776 0.0750997 0.00897305 0.422696 0.0200186 4.38866e-05 0.0333744 1.38563e-06 0.000825456 
0.00936173 0.00228687 1.81436e-06 0.0110922 0.154296 0.0013858 0.000459998 2.55094e-05 7.2887e-05 0.00132043 7.23588e-05 1.07081e-09 2.38386e-08 0.0471375 0.0249236 0.021855 0.0115077 0.0166497 2.12195e-05 0.00856893 0.200446 0.0052133 0.367223 0.0898856 7.56666e-05 0.0256008 0.000449045 6.76299e-05 
0.0633209 0.000188537 1.23595e-07 0.0171368 0.000714973 5.17325e-08 0.00422931 8.1806e-08 0.00508397 4.07917e-05 0.0016369 3.55771e-08 4.25903e-11 0.00962081 0.00674359 0.0920063 0.00355322 0.016537 3.03122e-11 0.00621876 0.0152419 0.000447493 0.29441 0.172392 1.29618e-06 0.290223 0.000245232 6.43514e-06 
0.0155401 2.42731e-05 9.10912e-05 0.0320463 0.0421257 0.000115687 0.0692808 0.00029282 2.76809e-05 0.000920761 9.74588e-05 4.82907e-08 1.5161e-05 0.0161479 0.037131 0.0054684 0.018687 0.289262 1.20409e-07 0.00397183 0.0286432 0.00518013 0.345537 0.0225338 1.68065e-05 0.0650181 0.000470535 0.00135401 
0.0128282 0.000188262 6.59631e-05 0.0517034 0.0839236 0.00548008 0.00639967 0.00171301 0.000832794 0.0396227 7.25093e-05 0.000101565 0.000171936 0.00543927 0.0186141 0.00844759 0.00744782 0.0349031 9.46238e-05 0.00104384 0.209931 0.00773238 0.413554 0.00514141 0.000134039 0.0516605 1.07773e-05 0.0327415 
0.0507972 0.000974092 1.79487e-05 0.0329728 0.0281664 0.00423652 0.0139187 0.000745657 0.000372752 0.00649183 9.01515e-05 0.000125212 0.000326293 0.00349334 0.0175793 0.225073 0.0088376 0.0577998 2.28315e-05 0.00488345 0.195384 0.00338022 0.260081 0.0106044 8.44463e-06 0.0731192 0.000137507 0.00035976 
0.0117799 0.000129844 1.86232e-06 0.0217168 0.0112133 0.000109425 0.00327529 0.000966886 6.31867e-05 0.025593 8.95077e-05 1.35e-08 2.39943e-05 0.00186619 0.00687941 0.00190787 0.00112576 0.0316479 6.69551e-06 0.000139666 0.062828 0.000115655 0.635711 0.00171224 5.9515e-06 0.175 9.42394e-05 0.00599578 
0.0406777 0.001363 0.000122432 0.0348778 0.0430868 0.00129874 0.00879776 0.00691756 0.00309055 0.0123342 0.000198459 2.58703e-05 0.000169794 0.0217529 0.0319013 0.108783 0.0395915 0.0484551 3.94158e-05 0.00213682 0.14063 0.0139959 0.302451 0.029377 0.00289931 0.102275 0.000999344 0.00175182 
0.0389252 0.00096086 0.000202567 0.0450647 0.0751125 0.00430967 0.0151785 0.00195691 0.000195721 0.0199602 5.59974e-05 0.000348928 6.96048e-05 0.00306051 0.0181509 0.0835757 0.00808791 0.0155904 1.35789e-07 0.00213392 0.237755 0.00395216 0.361986 0.00418632 2.03655e-05 0.0591161 4.29679e-05 7.70866e-07 
0.0837171 1.26814e-06 9.77577e-05 2.50736e-08 0.0015912 0.000147513 0.000189093 3.85165e-08 1.59696e-07 6.10341e-07 2.66279e-08 3.76823e-07 6.18694e-10 0.00126723 0.0617797 0.315502 0.062965 0.00482557 6.63026e-09 0.0054421 0.0205566 1.12528e-07 0.358092 0.0278456 5.38852e-12 0.0559789 1.32446e-08 1.93582e-11 
0.043991 5.90233e-08 1.35797e-11 0.0294612 0.0211837 1.15303e-11 0.0151725 1.96106e-07 3.92393e-08 0.0895891 3.54442e-07 1.64375e-11 4.68623e-08 5.62435e-07 0.0208174 0.0107492 2.40023e-06 0.0699038 2.13504e-08 1.43012e-07 0.185375 6.35203e-07 0.508625 0.00239532 3.42819e-08 3.86987e-06 0.000544643 0.0021834 
0.00993373 1.81716e-07 5.21501e-06 0.00326066 0.00201665 2.20327e-10 0.000729881 1.21566e-05 9.22848e-07 0.00885796 2.5545e-05 3.14094e-10 3.57559e-06 0.000512071 0.288159 0.029721 0.083188 0.063803 2.37689e-07 8.49737e-05 0.0314649 0.00013309 0.355446 0.00116163 2.65805e-06 0.120249 1.47048e-06 0.00122705 
0.0165627 0.000107301 7.4266e-05 0.017853 0.0530548 0.000944494 0.00407675 0.0817937 0.000160703 0.0163216 0.0024941 1.12962e-05 0.000320144 0.00370314 0.044507 0.0177187 0.0424599 0.0765072 7.17443e-05 0.0121942 0.161398 0.0128292 0.237491 0.0168016 0.000100067 0.179743 7.79615e-06 0.00069273 
0.0793614 0.000503268 0.000178331 0.0472454 0.121225 0.00369784 0.0384916 0.0123311 0.00549644 0.107956 0.000116929 1.00703e-06 7.95361e-05 0.00337378 0.0264932 0.0104889 0.0176374 0.035798 0.000185188 0.00285232 0.0531981 0.00622503 0.350419 0.0163412 3.36911e-05 0.0588363 2.5507e-06 0.00143087 
0.00167123 0.00620522 0.00345988 0.165398 0.0262106 5.09813e-05 0.00452447 0.00753668 0.000608022 0.144096 0.00015487 2.35601e-06 0.00315224 0.0668773 0.00421928 0.0162115 0.00148093 0.0199721 3.91024e-07 0.0038771 0.0386277 0.0232052 0.267474 0.000264425 0.000198811 0.190576 1.44887e-05 0.00393065 
0.15496 2.42612e-05 2.08814e-08 0.00169385 0.00843091 7.16177e-09 0.00208137 0.000382886 0.00165413 0.00104784 5.5412e-05 1.96435e-08 4.36745e-06 0.00590923 0.00601949 0.00443401 0.0113905 0.0225709 4.89899e-10 7.92589e-05 0.161211 0.00214711 0.583801 0.000617128 6.03477e-06 0.0313647 4.50442e-05 6.89132e-05 
0.0120162 0.000194956 8.23651e-05 0.0562766 0.0114735 0.00137603 0.00624184 9.63405e-05 0.000142318 0.0862812 0.00840696 0.000142333 2.13317e-05 0.00414571 0.00734986 0.0118479 0.0125775 0.128033 2.85715e-05 0.00306479 0.0284749 0.00262371 0.268577 0.00123078 6.11435e-06 0.259536 2.54567e-06 0.08975 
0.074212 0.000191098 4.66142e-08 0.0289 0.0467331 1.75924e-05 0.0617401 0.00045856 0.000854826 0.00115474 5.39588e-05 6.28331e-11 2.53021e-05 0.00562867 0.015347 0.000446198 0.000606052 0.0037288 0.000186571 0.000524931 0.0220959 0.03526 0.698619 0.000371596 5.16837e-05 0.00257853 2.71588e-05 0.000186614 
0.0238127 0.00200656 0.00370537 0.0439841 0.0724507 0.00612347 0.0165644 0.00179396 0.0027831 0.0315163 0.000474805 0.00182319 0.000711677 0.0102606 0.0471599 0.054565 0.0101604 0.0357034 2.20175e-06 0.00352612 0.0691121 0.00522673 0.426286 0.0227748 2.93774e-05 0.10673 1.09769e-05 0.000702347 
0.0504262 0.00101521 0.000612044 0.016938 0.0189246 0.000132714 0.00059322 0.00144408 0.0018798 0.0256319 0.000609475 5.18989e-07 2.80101e-05 0.0284204 0.0105512 0.00601764 0.0113369 0.0525582 0.00016651 0.00682232 0.0231405 0.00516257 0.638888 0.0174919 0.00101182 0.0767507 0.00010989 0.00333593 
0.0323056 4.03343e-05 3.04732e-05 0.0444337 0.0760329 0.00312074 0.0255087 0.00322811 0.000895606 0.00128326 0.00128867 3.06083e-05 0.00158723 0.0912086 0.0162309 0.0262213 0.0559317 0.0529898 3.39648e-06 0.00154888 0.0846784 0.178609 0.220036 0.0193813 0.0189052 0.0439032 0.000513337 5.37509e-05 
0.0534211 0.00067262 3.27011e-07 0.0340371 0.170547 0.000536849 0.0503871 0.00232232 0.00331594 0.00337591 1.61069e-05 3.71848e-05 3.26218e-05 0.0174428 0.0604199 0.0268256 0.0327976 0.0824172 2.0828e-05 0.0280149 0.0693558 0.0292103 0.255384 0.0216972 2.85591e-05 0.0523707 2.35855e-05 0.00528938 
0.105472 0.000227897 0.00343697 0.135616 0.0603619 0.00165559 0.0747528 0.000717452 0.00756537 0.00531743 2.53179e-06 3.4982e-09 4.92827e-05 0.034374 0.149373 0.106747 0.0163826 0.0343552 1.45765e-06 0.00472169 0.00881928 1.6573e-05 0.205313 0.0102984 9.17482e-09 0.0315827 0.000206439 0.00263369 
