0.020377 2.81754e-05 0.00328181 0.0228175 0.079135 0.0261113 0.0297263 0.0319157 0.00136501 0.0031462 0.000473458 2.47424e-08 4.78886e-05 0.00176178 0.0153821 0.0176561 0.0156666 0.00497427 5.57333e-06 0.203298 0.21301 0.00439874 0.0737654 0.218974 3.90899e-09 0.00461014 0.00806401 7.02119e-06 
0.00651684 4.52363e-05 2.482e-07 0.251468 5.72679e-08 2.16401e-05 0.149916 1.65686e-07 8.05099e-08 6.92569e-05 3.42235e-07 8.38026e-11 3.69664e-08 7.6862e-08 0.162039 0.00159586 0.0222955 0.0295268 6.79886e-11 0.00194473 0.000117101 2.62332e-07 0.00159933 0.362816 9.52188e-06 0.00983794 0.000170917 8.53585e-06 
0.144319 0.00253909 7.58702e-12 0.00199727 0.0167871 0.000126336 0.00471517 0.000346754 2.64826e-08 0.00220596 0.000130399 9.18366e-12 2.56171e-06 0.120429 0.000925278 0.15907 0.000271351 0.0134259 2.1074e-07 0.0425028 0.0951737 7.1352e-05 0.140358 0.240098 2.79755e-05 0.0144771 1.31246e-08 3.16559e-08 
0.0179872 0.000520789 0.00865339 0.0290927 0.0524087 0.00113552 0.00777394 0.00556674 0.00121688 0.0245411 0.0008288 0.00152125 8.34801e-05 0.00545139 0.0127861 0.0218014 0.00806171 0.021713 0.00603672 0.0192693 0.113598 0.00364678 0.0346099 0.575009 0.000187089 0.0213771 0.000164478 0.00495829 
0.0786614 0.00110306 1.22776e-05 0.0925161 0.136703 0.000259823 0.00797045 0.000839207 0.0269019 0.00441467 0.000314687 4.71158e-05 0.000131224 0.0011844 0.00758206 0.031968 0.0798178 0.0175178 7.17186e-06 0.0328037 0.0181771 0.0391287 0.0467215 0.354686 0.000119625 0.0188474 0.00155858 5.6257e-06 
0.0114542 1.78967e-08 0.000148952 0.0413627 0.109044 3.44461e-05 3.91079e-06 1.64912e-08 1.96296e-08 3.18932e-06 2.93407e-06 3.28998e-08 0.00227214 0.00587899 2.63818e-05 0.00191963 0.073619 0.0650964 1.06765e-05 2.17351e-05 3.38189e-05 0.138527 0.106593 0.434833 1.47828e-06 0.00905427 5.7699e-05 1.86729e-08 
0.0564268 5.43811e-06 0.00125752 0.0104825 0.0232704 0.00172642 0.00259841 0.00945007 1.29281e-05 0.00234446 1.00679e-05 9.02401e-10 3.12525e-05 0.00488169 0.0418056 0.0276318 0.103189 0.0378346 9.18146e-05 0.0905686 0.102801 0.0115379 0.0575221 0.359239 8.79644e-05 0.0549045 6.58127e-06 0.000281497 
0.00234636 6.44064e-06 0.00140067 0.0209252 0.0213896 0.00427851 0.00298231 0.0261607 0.00159762 0.0790851 7.89632e-06 7.40705e-07 0.000208106 0.0164491 0.00765669 0.0832738 0.0334787 0.0102231 1.88345e-06 5.28265e-05 0.017044 0.00462037 0.00186617 0.653579 0.00304164 0.00828008 4.02596e-05 2.7313e-06 
0.285429 0.00290789 0.000138457 0.00648268 0.000624546 4.05005e-05 0.000533912 0.000405097 1.55192e-06 0.000508416 2.3172e-05 1.20156e-06 2.29349e-05 0.000639505 0.0229082 0.025886 0.00160814 0.00389944 1.3964e-09 0.00976317 0.0277902 0.000550219 0.0240658 0.511052 0.000150949 0.0745673 6.84615e-08 3.00854e-10 
0.177069 4.18595e-05 0.0623407 0.0103645 0.0839001 4.02029e-05 0.000397664 0.00387186 0.000214737 0.000297542 5.56151e-06 7.10512e-05 0.000877299 0.016421 0.0287148 0.00518724 0.149329 0.0506847 0.00320191 0.00440376 0.0762338 0.00111051 0.0161334 0.287639 0.00143 0.0193178 6.10349e-06 0.000694471 
0.084678 9.50572e-05 0.00497603 0.0202022 0.0216782 0.000230078 0.00938061 0.00614614 0.0127943 0.000344116 9.57983e-05 1.95211e-05 0.00017418 0.0167426 0.0124985 0.0057958 0.154399 0.13588 1.44189e-05 0.00718626 0.201453 0.000592862 0.00884612 0.244975 0.0336871 0.0148836 0.00222276 8.18419e-06 
0.0342077 0.00029582 0.00468534 0.0153244 0.0276338 0.000975917 0.0021925 0.00286703 0.000161402 0.0045522 0.00185515 0.00086331 0.0010184 0.117904 0.0153002 0.0160544 0.134405 0.0806351 0.0943175 0.00930569 0.068695 0.0130305 0.03632 0.286838 0.00463807 0.0252612 0.000521942 0.000139695 
0.00317115 6.50517e-05 1.14827e-11 0.00130269 0.222836 7.56615e-08 0.00142615 0.00129602 0.00100258 0.000142247 0.000178582 1.4683e-08 1.91887e-07 0.000951301 0.0170621 0.00103281 1.25986e-06 0.0452967 2.46264e-05 0.00744858 0.115169 0.00017556 0.15444 0.366104 7.95227e-06 0.0608235 3.50076e-08 4.15358e-05 
0.0760711 0.000159338 0.0174281 7.96575e-05 0.00123235 1.46947e-07 1.38193e-08 7.79697e-06 2.96174e-10 8.61596e-09 1.54618e-07 4.96396e-10 1.32293e-07 0.00791426 0.000692667 7.19373e-11 0.00788291 0.0307011 3.10125e-05 0.0166166 0.0811373 1.51042e-10 1.7271e-07 0.754013 2.81882e-08 0.00593917 9.25351e-05 9.65809e-08 
0.0837044 2.69729e-08 7.35037e-05 0.00159292 0.0142643 1.23745e-05 0.00256703 0.00226409 4.22141e-05 0.000451614 5.93751e-06 4.95848e-08 2.32647e-06 0.0028607 0.00138275 0.0467444 0.0303523 0.00950915 0.0978486 0.108463 0.0562734 0.000732507 0.00497427 0.526726 0.000711264 0.00843733 4.60018e-08 2.74147e-06 
0.115892 7.27804e-06 0.0100079 0.108712 0.0282099 0.013467 0.0286518 0.00346662 0.00136819 0.000496222 0.000485035 9.2427e-05 0.0251948 0.00576422 0.039236 0.0346001 0.0601 0.0144821 3.44547e-05 0.000628175 0.044696 0.00561819 0.062033 0.280028 1.3115e-07 0.116307 6.38445e-07 0.000421157 
0.0285877 0.000144995 2.43029e-07 0.08351 0.0118204 2.79207e-05 0.00530955 3.57339e-05 0.00561446 0.00295446 2.16477e-05 6.33414e-05 8.52132e-05 0.00612257 0.0478151 0.0280115 0.00414778 0.0316462 6.83905e-05 0.0141412 0.00290263 0.000350014 0.0154418 0.694451 3.32822e-06 0.0166828 2.40296e-05 1.61221e-05 
0.0678234 0.000195924 0.00623278 0.014981 0.0554964 0.00489474 0.0143515 0.00168702 0.00171633 0.000905312 0.000168951 1.07631e-08 7.65046e-05 0.0500158 0.121393 0.0337766 0.0173434 0.0669293 3.70877e-05 0.032333 0.134287 0.000504143 0.105013 0.186069 3.45625e-05 0.0830381 6.01386e-05 0.000636043 
0.141896 0.00754092 5.15477e-11 0.0177254 0.00184488 0.000329437 0.000454669 7.57846e-08 3.72282e-11 0.0142042 2.6298e-05 6.23956e-11 9.20777e-06 0.00819681 0.00964446 9.16599e-05 0.000957794 0.0668712 2.39446e-06 0.00968098 0.00819184 0.00108056 0.00571486 0.564743 1.04009e-06 0.140189 0.000405061 0.000198972 
0.00113575 0.00549651 0.000117929 0.00848667 0.0598572 1.61548e-05 0.0186028 0.0135245 0.133494 0.000863399 0.000500926 0.000161469 6.16262e-05 0.188256 0.00192282 0.0203178 0.01982 0.0169061 0.0595106 4.50072e-05 0.0513228 0.0413033 0.0263669 0.256025 0.0495391 0.023849 0.00049114 0.00200559 
0.0801277 4.13734e-07 0.00193046 0.0759409 0.00366357 0.000626033 0.0151394 9.52297e-06 4.42865e-05 0.00165645 8.81748e-05 5.25601e-07 7.66551e-05 0.0123957 0.0182179 0.0141266 0.106831 0.0491181 1.17544e-07 0.00161145 0.0162395 0.000104535 0.0340444 0.326485 8.79284e-08 0.241486 3.6004e-05 1.86381e-07 
0.10198 0.00161229 0.000119122 0.0303447 0.110659 0.00979642 0.0074991 0.0105633 0.00579533 0.00305529 0.00033211 1.0098e-06 0.000173292 0.0648505 0.0207486 0.0433757 0.0161291 0.0844387 1.07195e-05 0.00380628 0.200175 0.00562217 0.0364763 0.223718 0.000594928 0.0168714 0.000301804 0.000950255 
0.106602 0.00694541 0.000242249 0.0124813 0.0213282 4.51271e-05 0.000795426 1.99581e-05 0.000945045 0.00476929 7.366e-06 0.230784 9.38924e-06 0.00969435 0.00262398 0.0130161 0.0036611 0.00527994 1.3152e-05 0.104333 0.0298272 0.0124406 0.0186522 0.355302 0.000163406 0.0591521 0.000856554 9.69256e-06 
0.111151 0.00383622 2.05822e-07 0.00762846 0.0202787 0.0167069 0.00658008 1.64131e-07 4.96001e-08 8.18893e-08 1.03909e-10 1.2915e-10 2.4829e-07 0.0951196 0.0627693 0.0899848 0.149377 0.0285254 1.11501e-06 0.00212063 0.057374 0.00164877 0.136965 0.174702 0.000103697 0.0351257 1.96263e-07 8.98482e-08 
0.0240226 0.000173821 1.80521e-05 0.110924 0.0931384 0.0335928 0.0237171 0.000435156 0.000598549 0.000298765 0.00112068 2.06317e-08 1.79967e-06 4.21621e-05 0.0197471 0.00467818 0.27383 0.0169743 7.95161e-07 0.0010697 0.000110035 1.43858e-06 0.00220729 0.326391 7.04038e-05 0.0666863 0.000149421 1.26377e-06 
0.0375784 0.00138975 0.0229429 0.0210604 0.0198166 0.000949174 0.00812212 0.0132769 0.0484324 0.00745128 4.84438e-05 5.87672e-07 0.000533109 0.00860811 0.0698531 0.0102328 0.0213096 0.0266809 9.11735e-06 0.0365212 0.171134 0.0325476 0.0290458 0.238874 2.64213e-05 0.173446 0.000108274 5.05431e-08 
0.0156064 4.11889e-05 2.68542e-07 0.0129019 0.0134753 1.86082e-05 0.0882041 0.000892846 0.000617902 6.40677e-05 3.08268e-05 2.87959e-09 1.74681e-05 0.0171558 0.0170643 0.0109956 0.051741 0.0689018 1.67923e-06 1.46562e-06 0.0384502 0.00171048 0.189925 0.450354 7.51616e-08 0.0206964 0.000949114 0.000182227 
0.0318417 6.3182e-05 0.00156426 0.0172124 0.0263759 0.000303793 0.000567805 0.00121576 0.000106965 0.00164928 0.000458854 4.19806e-08 5.93005e-05 0.0927914 0.0385906 0.00367946 0.00493243 0.106251 2.09908e-05 0.0191071 0.145291 0.0011994 0.0716303 0.293922 2.87499e-05 0.141079 2.17984e-05 3.62011e-05 
0.0708894 0.0314145 2.97813e-06 0.0618897 0.0901342 2.56079e-05 0.0298398 0.00446638 0.117413 0.00616955 1.96701e-05 2.71933e-07 0.013322 0.00340843 0.0531485 0.0325527 0.0711774 0.0172706 2.07283e-07 0.0240668 0.0206796 4.13103e-06 0.0572078 0.268678 7.38222e-06 0.0223693 1.61967e-05 0.0038265 
0.0612453 0.00176461 0.0104923 0.0412071 0.0308911 0.000722632 0.0184438 0.0121774 0.000891088 0.0187679 0.0085936 1.10992e-05 0.000921249 0.0357998 0.0775881 0.0433476 0.118784 0.0792952 3.20463e-06 0.0111332 0.0457967 0.0388453 0.0656003 0.143094 0.00227044 0.130759 0.00148108 7.21494e-05 
0.0312557 0.00122557 0.00490296 0.047088 0.0309755 0.00826358 0.00991963 0.0025774 0.00140106 0.0131266 0.00012216 0.000356945 0.000645105 0.0465956 0.0418197 0.00582382 0.00788762 0.0425864 0.000312798 0.0178703 0.088749 0.00143595 0.060312 0.493176 0.000765997 0.0383723 0.000259329 0.00217266 
0.0987756 4.94688e-06 0.000454403 0.0256076 0.137417 0.00769606 0.00577217 0.00119618 0.0184235 0.000187567 4.35553e-06 2.55559e-06 3.25953e-06 0.0452925 0.0416589 0.00309774 0.180294 0.0111261 1.85481e-07 0.0368187 0.0775537 0.00825888 0.0793764 0.206212 0.00177126 0.0125644 0.000261308 0.000169236 
0.0512246 7.32469e-05 8.38131e-07 0.0739697 0.0159851 1.2954e-06 0.0223033 0.000839293 5.11833e-05 0.0036689 6.18595e-05 1.66781e-05 8.60304e-05 0.0264113 0.041705 0.01688 0.0803931 0.0565497 0.0116449 0.00137443 0.0254503 0.00782306 0.117036 0.439258 0.000169839 0.0069254 1.03431e-05 8.61136e-05 
0.0756153 1.30395e-08 0.0045002 0.0329004 0.0433627 0.000651669 0.000200604 0.0155756 2.27721e-05 0.000370217 3.2961e-05 2.39707e-08 2.47661e-06 0.0340903 0.0530396 0.00237574 0.00498497 0.00324992 0.000374177 0.0747897 0.0552066 0.00113657 0.0020357 0.533444 3.57518e-06 0.0614359 2.22386e-08 0.000597923 
0.0172418 0.000782296 0.146559 0.0633061 0.00358955 0.000696467 0.000597288 0.00138249 0.000776844 0.00194293 1.71238e-09 0.00898622 4.28985e-05 0.00768785 0.00588387 0.00542673 0.218594 0.0170519 4.04092e-06 0.127588 0.0223367 0.00810023 0.00383044 0.246008 5.77397e-06 0.0912392 3.84361e-05 0.000301037 
0.151464 0.000302564 0.0110652 0.0623162 0.066345 0.00155692 0.0108618 0.00473011 0.000781803 0.00444773 0.000166855 0.081044 0.000127573 0.019773 0.0690531 0.00896749 0.0551914 0.0184293 1.84606e-05 0.114817 0.0522735 0.00153162 0.0210494 0.199096 0.00296674 0.0195597 0.0217447 0.000319077 
0.0527045 0.000888457 0.00124363 0.0445255 0.0123011 0.186174 0.0103806 0.000705105 0.000239866 0.00360659 0.00019773 0.000767523 0.000113412 0.0294031 0.0491526 0.0160095 0.033536 0.0386812 8.3295e-06 0.0103824 0.0614466 0.00246417 0.045297 0.315009 0.000682746 0.0835778 0.000293935 0.000207692 
0.0995754 0.00228672 3.68563e-07 3.69113e-07 0.0769913 3.68653e-07 0.00202995 3.68796e-07 3.68729e-07 3.6908e-07 0.00158526 0.000774092 3.6834e-07 3.69043e-07 0.00501966 3.69049e-07 3.69034e-07 0.0117003 0.00132723 0.0169697 0.196248 3.68936e-07 0.0931998 0.427294 0.000664643 0.0623391 0.00199022 3.68748e-07 
0.121556 0.000244819 0.00297587 0.126065 0.00883821 4.66413e-06 0.0016717 1.19967e-07 3.02167e-10 1.96036e-08 6.60585e-09 2.12791e-05 5.51368e-07 0.0276868 0.0120829 0.0434383 0.0711341 0.00976986 3.79125e-08 0.156818 0.113892 0.00783815 0.0775602 0.205812 2.01629e-08 0.0124716 0.000116324 1.62081e-06 
0.00113575 0.00549651 0.000117929 0.00848667 0.0598572 1.61548e-05 0.0186028 0.0135245 0.133494 0.000863399 0.000500926 0.000161469 6.16262e-05 0.188256 0.00192282 0.0203178 0.01982 0.0169061 0.0595106 4.50072e-05 0.0513228 0.0413033 0.0263669 0.256025 0.0495391 0.023849 0.00049114 0.00200559 
0.126046 0.00229052 0.177438 0.0233936 0.00301367 0.00190254 0.00191329 0.0025806 0.000528859 0.0131456 0.000259554 0.000172366 0.000250017 0.0321978 0.0159435 0.0105308 0.0195144 0.0728877 8.30429e-05 0.0408458 0.154808 0.0123831 0.0262565 0.240358 4.17061e-05 0.0210885 5.81287e-05 6.8641e-05 
0.026415 0.0044557 8.50138e-06 0.0219177 0.0694444 0.00275258 0.0163255 0.0138756 0.00197439 0.00471273 5.19553e-05 3.54311e-07 9.78489e-05 0.00142911 0.123369 0.0328141 0.0771059 0.0235211 0.00227707 0.00139044 0.0448957 0.0211508 0.0153463 0.490077 0.000191551 0.00359982 0.000543447 0.000256413 
0.0740855 5.40793e-06 0.000194486 0.0128055 0.00215805 3.66664e-06 0.00024116 0.00168319 0.000286471 0.0024369 0.000323033 4.20411e-10 3.11373e-05 0.0686862 0.148261 0.00878446 0.0120605 0.222275 6.87793e-06 0.00651456 0.0075461 0.00160952 0.0419351 0.293236 0.00214849 0.0923652 0.000262075 5.3274e-05 
0.0841993 0.0107396 0.000144759 0.0538278 0.0253128 0.00272899 0.0130518 0.00126473 0.000671077 0.0154976 0.000982863 0.000990339 0.000151601 0.0526954 0.0419893 0.0269267 0.0404874 0.130213 0.000603807 0.0111594 0.0209708 0.00544978 0.0473849 0.246308 0.0046973 0.15899 0.000260228 0.00230146 
0.187122 0.000268708 5.9822e-12 5.86213e-08 0.060372 5.0794e-12 0.000302628 4.95452e-07 4.3204e-12 5.95499e-09 0.00017292 1.52136e-08 3.05491e-08 4.78058e-08 1.19494e-08 1.04938e-12 1.198e-12 0.00670538 2.96376e-05 0.0107691 0.230996 2.2033e-12 0.0485873 0.45466 1.29823e-05 1.11582e-07 3.62832e-08 4.10983e-12 
0.285429 0.00290789 0.000138457 0.00648268 0.000624546 4.05005e-05 0.000533912 0.000405097 1.55192e-06 0.000508416 2.3172e-05 1.20156e-06 2.29349e-05 0.000639505 0.0229082 0.025886 0.00160814 0.00389944 1.3964e-09 0.00976317 0.0277902 0.000550219 0.0240658 0.511052 0.000150949 0.0745673 6.84615e-08 3.00854e-10 
0.0152545 0.0023064 0.000197856 0.0307011 0.165953 0.00104152 0.00623876 0.000105229 0.0132318 0.00508928 0.000248716 0.00386161 0.000122875 0.00381969 0.0291091 0.0197469 0.0793721 0.0379377 0.00726718 0.00447648 0.057628 0.20846 0.0472056 0.239046 0.00531195 0.0152254 8.54964e-05 0.000956533 
0.0627788 0.000127273 0.000193021 0.0118519 0.0177552 0.00109023 0.00552641 0.0166743 0.000286976 0.00339753 0.000103386 5.48165e-10 3.65263e-05 0.0382306 0.0301843 0.0471484 0.0678068 0.147613 1.99579e-06 0.00374672 0.0661619 0.0148422 0.0435776 0.329118 0.016323 0.0746811 0.000155581 0.000587096 
0.144319 0.00253909 7.58702e-12 0.00199727 0.0167871 0.000126336 0.00471517 0.000346754 2.64826e-08 0.00220596 0.000130399 9.18366e-12 2.56171e-06 0.120429 0.000925278 0.15907 0.000271351 0.0134259 2.1074e-07 0.0425028 0.0951737 7.1352e-05 0.140358 0.240098 2.79755e-05 0.0144771 1.31246e-08 3.16559e-08 
0.123662 0.000636389 2.41616e-08 0.00596806 0.000263982 0.00383723 0.0139957 1.56889e-06 5.3246e-05 8.1698e-08 8.36948e-05 2.88673e-05 2.60336e-09 1.38182e-06 0.00407014 0.0136746 0.023537 0.0004584 1.33099e-07 0.0222132 0.00025731 0.0112023 0.00707554 0.745627 4.24861e-05 0.0228831 0.000353529 7.3641e-05 
0.174333 1.7142e-09 2.60338e-09 0.000926624 0.00425742 2.52274e-06 0.00106217 0.000112657 0.00014342 2.87567e-07 2.53537e-09 3.15125e-09 7.72276e-07 0.00150042 0.0131512 0.090559 0.247919 0.0260765 3.67278e-07 0.00464643 0.0162904 0.000222784 0.0144433 0.37515 1.57169e-07 0.0292013 2.23726e-07 1.63868e-07 
0.0989558 0.00247508 2.00703e-10 0.0453015 0.200723 0.0247876 0.00168865 0.00200929 0.00078784 9.0429e-06 0.000115759 0.0606769 8.25066e-08 0.00177136 0.0497618 0.0183127 0.0500079 0.0213078 0.00456871 3.2527e-07 0.0101665 0.0277972 0.0176768 0.280055 0.000158762 0.080808 7.32336e-08 7.6599e-05 
0.0154599 0.00427275 3.07073e-11 0.0696264 0.0122708 4.52793e-06 0.0315423 0.000100916 0.00151913 0.045262 0.000132019 3.71694e-11 0.000513503 0.0247107 0.0112152 0.00594338 0.0198444 0.0359796 1.32284e-06 0.000244161 0.0183576 0.0401995 0.156066 0.326628 0.00373841 0.175908 9.53005e-05 0.000363189 
0.102771 0.000524663 0.00480396 0.0134252 0.0380367 0.000553241 0.00132769 0.00504488 0.00131735 0.00930411 0.000210845 0.00023322 0.000244558 0.0922751 0.0162458 0.00653164 0.0190919 0.0726738 9.63345e-06 0.025352 0.119352 0.00909203 0.0778177 0.247053 0.00056784 0.133537 0.000123614 0.00247975 
0.240206 2.41251e-05 1.89717e-09 0.116462 0.0127475 1.61086e-09 0.00166277 0.00079856 1.37016e-09 8.62372e-08 0.00107938 2.29642e-09 1.40263e-05 0.00129406 2.78626e-10 2.13397e-06 8.48597e-08 0.00648658 1.84043e-06 0.00573867 0.0593313 6.98749e-10 0.0735186 0.480223 1.6061e-06 0.000405816 9.04983e-07 1.30338e-09 
0.0106903 0.000247016 1.13918e-06 0.0601877 0.0709944 0.0249618 0.0270765 0.0997272 0.000557809 0.0131423 8.85255e-05 4.25369e-05 0.000505871 0.0329484 0.109763 0.018629 0.0907083 0.0142999 1.31622e-06 0.000257817 0.138528 0.00913038 0.0724904 0.200517 3.75889e-06 0.00240475 0.00121346 0.000881841 
0.162049 0.000566666 0.000704611 0.000225828 0.00326173 0.00119742 2.42116e-05 1.04361e-05 2.46293e-11 0.000133183 2.77472e-05 4.38612e-06 3.94932e-10 0.00605305 0.00889187 0.0733473 0.0863199 0.00174338 3.56547e-07 0.0898161 0.135762 0.0025331 0.183009 0.236629 9.98428e-07 0.00761101 7.67795e-05 2.34289e-11 
0.0696243 0.000282471 0.00158207 0.164279 0.0406063 3.09736e-07 0.022291 5.25431e-05 0.0878419 7.16963e-05 5.20707e-06 0.00165103 8.17797e-05 0.00900475 0.0344253 0.0026455 0.0651438 0.0695114 3.0845e-05 0.000989966 0.0191991 0.00168277 0.00661351 0.299313 0.00329813 0.0162471 0.0833404 0.000184779 
0.00782702 0.0176979 8.50252e-05 0.117184 0.0250718 2.6267e-05 0.00706906 1.68947e-05 0.00716916 0.00286298 0.0001566 6.45642e-09 0.000264345 0.0664265 0.133335 0.00189871 0.0133402 0.109343 5.66403e-06 0.00583443 0.0994821 0.00100629 0.00894073 0.332683 9.3856e-05 0.0415746 1.1273e-05 0.000594049 
9.98084e-06 1.62624e-05 5.38282e-07 0.06398 0.0210207 3.40644e-05 1.29012e-05 1.47116e-08 0.00646663 0.0194061 2.36133e-08 4.11802e-06 4.46266e-06 1.16458e-05 0.00706967 1.02836e-05 0.000976765 3.72798e-06 0.0454477 3.81652e-06 4.21854e-07 8.93034e-09 1.86184e-09 0.823612 1.07991e-07 0.0118869 2.13854e-05 1.66578e-08 
0.139516 0.00103449 1.4348e-07 0.0211683 0.0437693 0.00052439 0.00132761 0.00338866 7.78281e-05 0.0100822 0.000993714 2.4555e-08 0.000350139 0.0538535 0.0532147 0.000528226 0.00265489 0.169772 2.7619e-06 0.00284656 0.177366 0.0107034 0.0678273 0.224191 1.24739e-05 0.0136973 8.37763e-06 0.0010885 
0.0294209 1.88805e-05 0.0664818 0.207593 0.00890833 0.0507394 0.0176145 6.79131e-05 0.00134571 0.000115695 5.7828e-05 1.79266e-05 6.73773e-05 0.0207934 0.0956496 0.00770991 0.000923418 0.0422048 1.92617e-05 0.000133796 0.037643 2.02437e-05 0.00019821 0.374389 3.93306e-05 0.0358511 0.00100572 0.000969748 
0.118246 0.0073876 0.0136078 0.0218269 0.0461131 4.21031e-05 0.00455258 0.00497344 0.132114 0.0156488 0.000172411 1.93336e-05 0.00113844 0.0791053 0.0603313 0.00970063 0.0481265 0.0648707 0.00749211 0.00656143 0.0413856 0.00239969 0.0362701 0.181135 0.0303947 0.0661081 9.396e-05 0.000181688 
0.0209045 4.38831e-06 0.000194176 0.000736024 0.000528213 2.41327e-05 0.00129731 0.000471379 9.60677e-05 2.15983e-05 1.32709e-05 6.09285e-08 6.94534e-08 0.000771355 0.0127559 0.109022 0.0732748 0.00939705 4.9431e-08 0.00687868 0.072699 0.00049008 0.0269628 0.653212 0.00138272 0.00882785 3.02883e-05 4.21991e-06 
0.226385 0.000122232 6.02502e-06 0.0123927 0.00490003 0.00053079 5.19293e-06 0.000246351 0.000424667 1.093e-06 5.42601e-06 2.92348e-07 9.98844e-06 0.000725681 0.0109452 0.00197605 0.169914 0.00602332 7.29586e-05 0.0290406 0.000370535 4.79912e-07 0.000523054 0.512185 1.99014e-07 0.0231769 2.79791e-07 1.57869e-05 
0.033844 0.00149836 0.000885255 0.212967 0.0662043 0.00189488 0.0246086 0.00462575 0.00734104 0.000722191 0.000564949 0.0016802 0.00277188 0.0239659 0.0110963 0.00916144 0.024943 0.0317537 6.2309e-05 0.00345447 0.0361826 0.000973289 0.0201749 0.399265 2.53294e-05 0.0790652 4.86965e-05 0.000219411 
0.226779 0.000612408 0.000506145 0.0330619 0.00500662 0.000230215 0.0148914 0.00217335 9.41945e-06 0.0104145 0.0233998 1.20942e-09 4.52943e-06 0.0207696 0.0162973 0.044368 0.0582973 0.00935535 1.46973e-05 0.0152266 0.0757809 0.0116469 0.0508615 0.288111 0.00429958 0.0872186 0.000473758 0.000189686 
0.0487595 0.000530502 0.000330028 0.00155367 0.0038659 0.00139858 0.00220636 0.00176752 4.87879e-05 0.00331277 0.000182337 1.60238e-07 1.37267e-05 0.0228018 0.0605927 0.0800841 0.0609031 0.00963602 1.51569e-05 0.078175 0.131609 0.165637 0.0296076 0.251179 0.00422244 0.0412563 0.000293399 1.72419e-05 
0.177069 4.18595e-05 0.0623407 0.0103645 0.0839001 4.02029e-05 0.000397664 0.00387186 0.000214737 0.000297542 5.56151e-06 7.10512e-05 0.000877299 0.016421 0.0287148 0.00518724 0.149329 0.0506847 0.00320191 0.00440376 0.0762338 0.00111051 0.0161334 0.287639 0.00143 0.0193178 6.10349e-06 0.000694471 
0.00119916 0.000242037 0.0121743 0.0482154 0.00976502 1.54105e-06 0.00113442 0.000187235 6.14306e-05 0.0182644 1.64555e-05 3.25619e-05 1.97672e-05 0.0015114 0.0125096 0.000844977 0.0248766 0.243102 1.64814e-09 1.42927e-07 0.000589154 0.0162346 0.00166995 0.586371 2.45978e-08 0.0209761 1.46723e-07 1.15301e-09 
0.0179285 0.000991775 0.00904634 0.0202923 0.0789734 0.00161307 0.0136603 6.18862e-05 0.0105277 0.025429 0.000221914 0.000113424 0.000124841 0.0408248 0.0941141 0.0141974 0.0649614 0.0615299 4.61161e-06 0.0743015 0.100961 0.00352351 0.0361562 0.224734 0.00354863 0.101787 0.00015365 0.000216981 
0.0404675 5.0104e-05 0.00114769 0.0878403 0.114267 0.0127023 0.0609724 0.0267278 0.00363603 0.000328508 2.20442e-05 4.49028e-05 0.000284202 0.00345239 0.0547439 0.0618943 0.0326994 0.0171375 6.66836e-07 0.00485252 0.00153469 0.00208274 0.0178239 0.453308 0.000158486 0.00150624 3.92009e-05 0.000274728 
0.0665234 0.000164986 0.000211281 0.00840662 0.128229 4.01642e-05 0.0027161 0.0109656 2.4901e-07 0.00279349 0.00124065 7.14988e-10 9.80251e-05 0.0744203 0.0153725 0.0705184 0.000471932 0.0745534 2.99502e-06 0.000995707 0.0415769 0.0513488 0.0538989 0.377916 0.0015736 0.00740991 0.0054077 0.00314324 
0.164984 0.000174996 0.0212595 0.0179695 0.00782694 0.00100677 0.0105524 0.00276038 0.00129078 0.00508182 0.00159325 8.63475e-05 4.39874e-05 0.0398073 0.0129114 0.00408347 0.184142 0.0801543 0.00110688 0.0610492 0.0902681 0.00757494 0.025461 0.191382 0.00228149 0.0647143 0.000140927 0.000292678 
0.190189 0.000905841 1.79956e-10 0.0199675 0.0337919 2.12606e-05 0.0315718 0.0261416 0.000447322 0.00278514 4.65724e-05 5.24222e-08 1.96157e-05 0.0280474 0.00173624 0.10641 0.000263182 0.0986995 4.22494e-06 0.0748259 0.0807839 3.11971e-05 0.0456763 0.243527 0.00443313 0.0094697 1.31215e-05 0.000191859 
0.127357 0.0102739 0.000679935 0.0366356 0.0905194 3.32169e-05 0.00720413 4.38347e-05 2.19715e-07 0.0131026 8.46605e-05 1.56808e-08 0.000140458 0.0160228 0.103375 0.0195835 0.0834122 0.0973553 2.2807e-05 0.0200423 0.117272 0.00162559 0.102726 0.139071 1.08655e-05 0.013377 1.6965e-05 1.13543e-05 
0.0562918 0.00025693 0.00776827 0.0308342 0.0117057 0.00116888 0.013398 0.00294163 0.00438865 0.0111014 0.000406866 0.00172766 0.001377 0.103874 0.0356139 0.019505 0.0360488 0.12658 0.00423544 0.0146346 0.0426282 0.00557536 0.0576577 0.327824 0.00146117 0.0791181 0.000934226 0.000941775 
0.0930972 5.89548e-07 0.121739 0.0122189 0.000128862 8.39541e-10 0.000568239 0.00033525 7.1409e-10 0.00012233 0.00202089 1.19684e-09 9.91759e-08 0.0479427 0.0254658 1.79951e-07 0.0175 0.166766 4.17231e-05 0.00684274 0.0049693 8.87062e-05 0.000137088 0.494394 1.12683e-06 0.00548005 2.72479e-05 0.000111851 
0.0586018 0.00400523 5.53696e-05 0.0455609 0.193573 0.0128333 0.0149688 0.00478114 0.00139765 0.00646005 0.000296223 6.52416e-05 0.000713579 0.0325923 0.041691 0.021704 0.0368008 0.0113419 4.18092e-05 0.0207648 0.0788657 0.00900256 0.119255 0.228563 0.00155639 0.0446178 0.00315228 0.00673842 
0.0472208 0.00570341 0.00936747 0.0593868 0.0256839 0.00832295 0.00405501 0.00143582 1.52307e-05 0.00245524 0.00125264 5.4131e-06 0.00021823 0.0131381 0.021726 0.0110122 0.0109772 0.00402747 2.07689e-06 0.0138888 0.0805196 0.00120231 0.016947 0.527124 2.66513e-05 0.134238 4.17283e-05 6.04291e-06 
0.000700447 0.00104255 0.000453622 0.0461677 0.0344664 2.85926e-08 0.00137657 0.000260865 1.13314e-06 0.00158275 0.00027228 4.52736e-11 4.86222e-05 0.016412 0.0235669 0.0329632 0.000598461 0.182849 3.78483e-05 0.00159074 0.120772 0.0284683 0.00942418 0.287014 1.8305e-05 0.208842 4.73223e-05 0.00102243 
0.0066852 1.01836e-06 3.93127e-05 0.0761444 0.232723 0.000617734 0.000161002 0.000965378 1.04764e-06 0.0341726 8.41281e-05 1.11015e-05 1.19272e-07 0.0726998 0.0517351 0.00120541 0.00408741 0.00341108 0.00217644 0.00493672 0.150251 0.00431284 0.0688402 0.264632 0.000190998 0.00592088 2.13308e-05 0.0139732 
0.149238 0.000264805 1.66508e-06 0.00464485 0.027021 5.87889e-05 0.000497815 0.0314982 4.78962e-05 1.06014e-05 0.000278578 8.94554e-08 6.17237e-05 0.0158583 0.020622 0.00079086 0.110812 0.112775 1.09271e-06 0.00233253 0.171307 0.0304054 0.0965833 0.177951 4.94415e-06 0.046919 9.81362e-09 1.27687e-05 
0.0103502 1.26492e-08 1.35276e-12 9.03e-14 0.15849 0.00040159 5.10472e-05 0.00181305 2.44253e-08 7.82715e-05 2.86802e-05 1.63744e-12 1.31013e-06 0.00537862 0.00617437 2.37297e-13 8.15428e-11 0.16343 1.71383e-08 0.00133122 0.0640412 4.88323e-09 0.0692154 0.519129 4.90927e-06 3.98888e-09 4.5589e-09 8.02868e-05 
0.0908286 3.40277e-05 1.3727e-06 1.6766e-05 0.0509979 0.000102457 7.76554e-05 0.00467034 8.9909e-06 0.000195949 0.000421617 9.69974e-08 3.0917e-06 0.0482873 0.00257454 0.00664466 0.0558643 0.0226134 0.000271296 0.00125715 0.215045 0.00129188 0.190036 0.293575 0.00178129 0.0114951 0.00185145 5.2144e-05 
0.00195321 0.000265757 2.01714e-11 0.00283982 0.00635245 2.24915e-08 0.0234637 0.000350979 0.000181129 0.0108924 8.95944e-06 2.44163e-11 7.37585e-05 0.00608291 0.00644437 0.00219659 0.000176628 0.0163361 4.83309e-06 4.34243e-05 0.00197044 0.000292146 0.0553077 0.845896 1.06116e-08 0.0188623 4.44641e-06 2.24677e-08 
0.166151 0.000673469 0.00342284 0.0482622 0.00766641 0.00119665 0.00632267 2.19518e-05 0.000124422 0.0026147 0.0168279 0.0922082 8.33505e-05 0.0530147 0.0729459 0.0432269 0.041825 0.0762428 2.03024e-05 0.00392234 0.00944336 0.00136023 0.0418639 0.218274 0.000169735 0.0907359 5.60827e-07 0.0013796 
0.075039 0.00640429 0.000100636 0.0428308 0.0125468 0.00147936 0.00606749 0.000379686 0.000134967 0.0177409 0.000289995 1.92183e-07 0.00495915 0.0305973 0.0430101 0.0295354 0.00988292 0.0886525 0.000121133 0.00881884 0.0279075 0.00386988 0.104032 0.28189 1.41583e-05 0.180772 0.0218377 0.00108585 
0.0144085 6.77522e-05 9.56712e-06 0.0508948 0.0136308 5.51942e-07 0.0249687 0.000877045 0.000108394 0.010359 0.000457066 0.00172679 1.1909e-05 0.0641599 0.0971007 0.00332111 0.0604292 0.052746 0.00401162 0.000390821 0.0521334 0.002209 0.0871644 0.330815 3.52682e-05 0.122337 2.07174e-06 0.00562344 
0.0117129 3.81116e-08 5.78805e-08 0.0298645 0.0244515 4.91455e-08 0.0515953 3.51186e-08 0.000222095 0.000123436 2.35634e-05 7.00612e-08 1.3919e-05 0.00173232 0.000364869 0.0722808 0.0466758 0.035377 3.4532e-06 0.00638974 0.00458127 0.0393821 0.0462186 0.572848 1.10688e-08 0.0542873 0.00185131 3.97645e-08 
0.0291701 1.73565e-06 0.000173022 0.0830798 0.00502957 9.18437e-05 0.0488937 0.0419884 6.87206e-07 9.93953e-05 0.00790811 3.91829e-05 2.68672e-05 0.0405661 0.0379623 0.0182706 0.197494 0.0521394 1.35297e-09 0.00429229 0.075819 0.0400964 0.0281111 0.250099 0.00314099 0.0281481 0.00728635 7.22541e-05 
0.090888 0.000341585 1.05148e-07 0.00026071 0.0130894 1.56854e-05 9.65416e-05 0.000577411 1.02037e-05 0.000484169 0.000191912 9.93061e-10 1.30324e-05 0.0945681 0.00768123 1.68724e-05 0.000533875 0.280112 5.80283e-06 0.00532711 0.151816 0.00195815 0.0183791 0.315075 6.73306e-06 0.0185264 7.00928e-06 1.81178e-05 
0.084208 0.000184852 0.0270101 0.0232141 0.023125 1.27786e-06 0.0101989 4.6315e-05 4.46387e-08 0.0136806 0.000437555 4.36671e-07 1.65215e-05 0.0608206 0.0389847 0.000250976 0.000721624 0.107483 7.54862e-06 0.0152671 0.143685 0.000105545 0.0420096 0.262518 0.00042746 0.144872 0.000499756 0.000223459 
0.0692896 0.00524701 2.44578e-08 0.168596 0.000342196 0.000970256 0.00911842 4.9605e-05 2.17101e-06 0.0176681 0.0523787 8.13409e-05 4.4477e-05 0.000110835 0.0143274 0.00182425 0.00370534 0.0153694 8.61289e-06 0.0406014 0.00900906 6.6661e-07 0.000756572 0.532889 8.9697e-07 0.0575328 7.08779e-05 4.93792e-06 
0.0283977 4.94294e-05 0.0598611 0.0184904 0.00616603 3.56752e-05 0.000403156 0.0459715 0.0228749 0.00980492 0.000347321 1.00231e-07 0.000593285 0.0295892 0.0223244 0.00307533 0.048979 0.164147 3.89916e-07 0.0741847 0.151314 0.00688554 0.0275013 0.206134 0.000547504 0.0696178 0.000586328 0.00211769 
0.0799207 0.000584525 2.27457e-06 0.0381589 0.00578295 1.57906e-05 0.0230421 0.0048949 7.37254e-05 0.014989 1.484e-05 9.14201e-07 2.67079e-05 0.0044954 0.0872758 0.0832916 0.0126559 0.0291297 1.81841e-05 0.00954072 0.0198202 0.00829109 0.0745292 0.426126 1.90482e-05 0.0772377 5.5794e-06 5.62188e-05 
0.0356888 2.97833e-05 0.00517256 0.0210027 0.0833379 0.000950945 0.000639424 0.00179675 0.000240709 0.0274291 0.00038054 2.44638e-06 0.00010677 0.000867215 0.0112376 0.0269353 0.109848 0.00165868 7.57356e-05 0.0265925 0.240668 0.0395332 0.0815151 0.281597 1.55394e-05 0.00262889 4.14868e-05 6.952e-06 
0.0229551 5.55798e-05 2.77928e-05 0.0924349 0.0136507 0.00022706 0.0104133 0.000833817 4.44274e-05 0.0084128 6.58875e-05 8.10279e-06 0.000404541 0.0155785 0.011465 0.0122756 0.0101504 0.0576907 1.51417e-06 0.00171504 0.0578149 0.025027 0.00849395 0.405969 1.99714e-05 0.24381 0.000100718 0.00035361 
0.0439566 5.61009e-05 0.00434283 0.00450014 0.00849716 1.94982e-05 0.00187577 0.000945661 0.00304643 0.00316587 0.00147597 0.000180844 0.00156442 0.0370427 0.0146812 0.055799 0.064825 0.0502668 3.03585e-05 0.0322271 0.161105 0.0167722 0.027607 0.409621 0.0238239 0.0320027 0.000522368 4.71427e-05 
0.0219741 5.18007e-06 0.0150851 0.00254533 0.133932 2.70236e-05 0.000315083 8.93536e-05 1.24703e-05 0.000572341 0.00016236 8.85605e-08 6.26696e-07 0.00315758 0.0433968 0.000550192 0.000682782 0.0207754 0.0975963 0.00879287 0.139502 0.00436656 0.0685015 0.422577 0.000130849 0.0152078 6.4549e-06 3.47956e-05 
0.0512246 7.32469e-05 8.38131e-07 0.0739697 0.0159851 1.2954e-06 0.0223033 0.000839293 5.11833e-05 0.0036689 6.18595e-05 1.66781e-05 8.60304e-05 0.0264113 0.041705 0.01688 0.0803931 0.0565497 0.0116449 0.00137443 0.0254503 0.00782306 0.117036 0.439258 0.000169839 0.0069254 1.03431e-05 8.61136e-05 
0.0141235 0.00354995 1.13961e-07 0.204818 0.0133362 0.00377305 0.00772062 0.00263292 0.00514863 0.000601963 2.86869e-06 0.016194 0.000139428 0.000210619 0.00878326 0.0120137 0.0145551 0.0174001 4.68181e-07 0.000380142 0.00236264 0.00742743 0.00218655 0.560264 1.87233e-07 0.102348 2.63248e-05 5.68887e-08 
0.0442803 7.31467e-05 0.0260546 0.0225288 0.113632 0.0238703 0.0182348 0.000316278 0.00815585 0.00581299 0.000170894 1.01108e-05 8.13576e-05 0.0200613 0.0561153 0.0134462 0.0265347 0.00387722 0.0320523 0.00153985 0.0512054 0.000580448 0.0238495 0.494446 7.87486e-05 0.0125614 4.08018e-05 0.000389802 
0.149825 9.13482e-05 8.10083e-05 0.000592404 0.0326994 8.063e-05 0.000603241 0.00104631 8.62154e-06 0.00509131 8.36384e-05 5.62749e-10 2.40123e-05 0.0514224 0.00979594 0.000353985 0.000675288 0.234436 1.91147e-05 0.00413079 0.131405 0.000165647 0.0589224 0.308405 4.43661e-05 0.00994022 4.67144e-06 5.32491e-05 
0.101803 0.00015533 0.000646825 0.0580823 0.0257189 0.000105575 0.0162351 0.00326311 7.33909e-06 0.00109264 0.000112608 5.28542e-08 0.00252536 0.113849 0.0200792 0.0312876 0.0218491 0.0310524 0.00134439 0.000230634 0.0487391 0.047017 0.137423 0.218214 0.00501791 0.0742563 0.000152787 0.0397402 
0.0695971 1.91905e-06 0.000363486 0.027249 0.0409304 8.13975e-05 0.00161259 0.00918884 2.05475e-10 0.0813397 0.000132719 3.44382e-10 0.000292983 0.0318061 0.131653 0.000422022 0.0113823 0.116902 0.000201318 0.0386696 0.0922167 0.00315776 0.0257538 0.185347 0.000280747 0.125516 0.00302996 0.00287084 
0.0252233 0.000456576 0.00172006 0.0691983 0.00642719 0.0130377 0.0373974 0.00113211 0.00130002 0.00113618 0.00104697 9.90978e-08 0.000158895 0.0021705 0.04246 0.105603 0.0607845 0.0240029 4.30813e-06 0.0029952 0.0444022 0.00434221 0.0709724 0.23247 4.44727e-06 0.0398183 0.211709 2.54071e-05 
1.43478e-06 0.00156833 0.000714753 0.0751476 0.000547244 0.000665257 0.000173962 6.13021e-06 0.00271316 1.24151e-06 9.8395e-06 1.22297e-05 1.39408e-05 0.000287994 0.00404252 0.00925743 0.000828053 0.00163609 9.92187e-06 4.37852e-06 9.80293e-07 0.000472139 7.75814e-07 0.901055 6.76653e-05 0.000743223 1.1346e-05 6.94118e-06 
0.0286201 0.0163481 7.6135e-06 0.0313575 0.0302449 2.61068e-05 0.00803935 0.000283474 3.49736e-07 0.000101619 0.000265115 6.13726e-09 0.000230619 0.0860613 0.0994282 0.00706074 0.0257906 0.160811 5.601e-06 0.00444834 0.0767064 0.00370727 0.00390714 0.339189 5.94209e-06 0.0772529 7.42969e-05 2.61784e-05 
0.0322803 0.00272469 0.00199596 0.058675 0.0890369 0.00933709 0.00993998 0.00726151 0.0020492 0.00513015 0.000457392 0.0179101 0.00104514 0.00408438 0.081149 0.0509153 0.037163 0.0144306 0.0112944 0.0170664 0.042749 0.0193962 0.0452323 0.383943 0.000723382 0.0429384 0.000943068 0.0101284 
0.055332 0.00027535 9.64369e-05 0.0760304 0.0520443 0.000346883 0.0138022 0.000394033 0.00149713 0.0073398 3.70802e-05 0.14473 1.36063e-06 0.00487646 0.0565673 0.0085419 0.0278151 0.0145945 3.16073e-05 0.00187166 0.00329984 7.92291e-05 0.00232161 0.449912 0.00736905 0.0103742 0.0597609 0.000657447 
0.0212545 0.00074791 0.000291454 0.0158831 0.0900217 6.57283e-05 0.146472 0.0205885 2.81919e-05 0.000661979 0.00522236 5.87557e-07 3.00565e-05 0.000494337 0.0233716 0.000110363 0.000422215 0.00411605 6.3639e-05 0.0019347 0.0609286 3.96633e-05 0.0412897 0.433455 6.13509e-06 0.129369 0.0030613 6.90279e-05 
0.0370966 0.00011125 0.000154729 0.00908326 0.00776707 3.29592e-05 0.000233014 0.00026069 1.37398e-10 9.17152e-05 0.0350536 2.30283e-10 2.49911e-05 0.00595107 0.0541049 0.00155713 0.00803204 0.229163 2.07801e-07 0.00441821 0.0111454 0.00264756 0.0724264 0.452977 3.63818e-11 0.0674071 0.000260086 2.85094e-07 
0.107551 0.000328706 0.000512781 0.00878177 0.0116721 0.00516561 0.00619894 0.000256517 0.00158042 0.00632194 0.000103708 0.112371 1.78354e-05 0.0202339 0.0258866 0.0185769 0.208789 0.00577076 0.0108191 0.0605482 0.0200371 0.00316846 0.00876668 0.340158 2.94737e-05 0.0162158 2.07519e-06 0.0001359 
0.0203219 7.17355e-05 4.41068e-05 0.0038429 0.0147913 0.000154858 0.000222959 7.27853e-07 9.20428e-07 0.000529661 6.99898e-05 1.35211e-09 2.45454e-07 0.100045 0.0302787 4.79302e-05 0.00309121 0.102288 3.1344e-06 0.0907075 0.0277688 0.00073166 0.00940664 0.564041 2.13617e-10 0.0315023 3.70158e-05 1.12266e-07 
0.0325279 0.00133918 0.00635059 0.0707875 0.018908 0.000968013 0.0113507 0.0055952 4.20656e-05 0.0118157 0.000418867 0.00100531 7.65109e-05 0.0698977 0.0920151 0.0247198 0.0105692 0.0966124 0.000519091 0.00178974 0.0355041 0.00346262 0.0738332 0.304565 0.0010252 0.1183 0.0027159 0.00328509 
0.0630293 4.35671e-06 0.0027418 0.0228609 0.0283418 3.53382e-06 0.00855852 0.115593 0.000716641 0.00147082 4.6525e-06 5.39413e-08 2.1713e-07 0.0111145 0.0225311 0.000840496 0.0250201 0.032598 0.277098 0.00449513 0.0304444 0.00154222 0.00605114 0.33354 0.00229734 0.00842354 9.18696e-07 0.000677099 
0.016579 4.02424e-08 4.63229e-08 0.112639 0.00761439 0.000353055 0.0119964 2.35679e-07 0.00132283 7.15808e-05 1.04266e-06 0.000512882 2.60369e-05 0.002355 0.0178692 0.0506278 0.136815 0.0923683 3.50982e-08 0.00163803 0.0393726 0.0233577 0.00801542 0.314617 1.14407e-07 0.161803 4.44787e-05 6.31092e-11 
0.208238 0.00339756 0.000190546 0.0241543 0.00934237 0.00152243 0.000832554 1.91844e-05 0.00703376 0.000260063 1.62782e-05 2.8157e-08 1.09833e-05 0.0275933 0.00334794 0.00185097 0.0999154 0.00462967 1.03551e-06 0.0959524 0.0173475 0.00315812 0.00429853 0.469555 0.00149292 0.0157875 4.74107e-05 4.35666e-06 
0.0477208 0.000356869 4.20513e-07 0.00703782 0.0258176 0.00765693 0.00170292 0.00195378 0.000342986 0.000883713 6.9096e-05 0.00529448 7.07467e-05 0.0328655 0.0780824 0.00712012 0.049589 0.0284332 0.021941 0.000427814 0.0427533 0.00449466 0.148382 0.467155 4.76386e-05 0.019744 3.55883e-05 2.08846e-05 
0.0430122 0.0171438 0.0231822 0.01837 0.00530311 0.102539 0.0091874 0.000309932 0.000780611 0.00270819 0.000281637 0.000317648 0.000186341 0.0303518 0.0233657 0.00975792 0.0390078 0.0105098 6.6884e-07 0.0108515 0.0242008 0.00031124 0.00491773 0.600072 3.25e-05 0.0227025 3.53188e-05 0.000560102 
0.0196759 9.02045e-05 0.000550621 0.137914 0.050737 0.00113685 0.0268959 0.00732106 0.000937356 0.0274292 0.00101118 0.000215187 0.0001637 0.0122541 0.0260451 0.00894426 0.076078 0.0976506 0.000121051 0.000233833 0.0524778 0.00352202 0.0995473 0.230481 0.00102269 0.0897568 0.000830382 0.0269568 
0.0772175 1.22164e-05 0.00278437 0.00747267 0.0233199 0.0362584 0.00132057 0.00647342 0.000362285 2.66703e-05 1.93082e-05 4.26619e-09 8.49855e-05 0.000715912 0.0465681 0.11874 0.0329133 0.0115796 1.18245e-05 0.0348744 0.101703 1.1042e-05 0.0212623 0.435626 2.66804e-05 0.0405622 1.60871e-06 5.14156e-05 
0.0268893 0.000254103 0.0172495 0.0204397 0.00185784 0.00100618 0.0134121 0.000498541 0.000111406 0.00143819 1.47624e-05 1.24009e-07 3.44436e-05 0.00134562 0.0055061 0.00204891 0.0290443 0.00256205 3.37743e-07 0.00569185 0.014924 0.000692295 0.000760764 0.82841 3.41036e-05 0.0257639 5.95198e-06 3.64349e-06 
0.00727846 0.0105648 3.85266e-06 0.0348967 0.0649343 0.00243269 0.0190834 0.000278957 0.00158245 0.000300189 0.00987541 5.09149e-06 3.04876e-05 0.0138529 0.0128491 0.00470771 0.00645938 0.0133005 0.0512584 2.55987e-05 0.0439978 0.000766317 0.0584296 0.615087 0.000377249 0.0232387 0.00315552 0.00122789 
0.010717 2.91729e-07 0.000212522 0.00280863 0.000658098 0.000223718 0.000402702 0.000415288 4.35127e-06 0.00175917 0.00353078 1.53801e-07 1.36904e-06 0.00859146 0.00597472 0.013829 0.0794575 0.00514145 2.46324e-08 0.177252 0.236245 0.0360686 0.0323797 0.292653 0.0326894 0.0559722 0.00301117 5.46977e-07 
0.171654 0.000777596 6.77483e-06 0.0391353 0.0395046 0.00120863 0.00987948 0.00832619 4.39496e-05 0.0158208 6.12136e-05 1.33194e-09 0.000266447 0.013003 0.0299469 0.134279 0.0501581 0.0355685 4.10021e-08 0.0108651 0.140827 0.0236341 0.0340434 0.212841 0.00532603 0.0227555 1.8021e-05 4.92936e-05 
0.0467114 0.00159646 0.00465435 0.0304166 0.0185692 0.00255003 0.0150926 0.00257209 0.0087499 0.000818135 6.15405e-05 7.44741e-05 0.000208987 0.028508 0.103219 0.0985638 0.0177433 0.0213562 8.30927e-06 0.0825598 0.00148468 0.0147377 0.0552565 0.426907 5.23136e-06 0.0166003 0.00093022 4.34921e-05 
0.0278546 0.000654394 0.00267438 0.0129775 0.0630873 1.68263e-05 0.00153378 0.00324515 0.000293996 0.00173423 0.00043159 0.00199464 4.10467e-05 0.0495765 0.0232638 0.154004 0.104222 0.0283618 0.0219448 0.00797676 0.120842 0.016622 0.0518373 0.235833 0.0144314 0.0465566 0.00373811 0.00425106 
0.103444 0.000128351 0.00153096 0.0542352 0.0198727 0.000673076 0.00500282 0.00291134 0.000476746 0.000982082 0.00138535 1.08858e-10 8.14628e-05 0.102793 0.092683 0.00344358 0.116947 0.063037 0.000126088 0.00250046 0.0244874 0.00774057 0.0577409 0.271018 0.00331166 0.0486185 0.014166 0.000662763 
0.0762111 0.000717465 0.00226627 0.0284464 0.0094301 0.0133677 0.00890922 0.00539863 0.000184581 0.0134322 0.0013777 1.70284e-05 0.00102028 0.0277234 0.0377901 0.030879 0.025579 0.198434 1.24285e-05 0.0110172 0.0680685 0.00170542 0.0538727 0.231218 0.000950872 0.149348 0.00141538 0.00120724 
0.105704 0.00129292 0.0167569 0.0441749 0.0592308 0.00505973 0.00418011 0.00486228 0.000461807 0.013923 0.000276323 0.000527343 0.000243326 0.0518797 0.0533173 0.0382037 0.0622257 0.0866391 3.01628e-05 0.0156495 0.12781 0.00408646 0.0836068 0.157757 0.000745561 0.0607065 0.000240813 0.000407911 
