0.108265 0.00775182 0.00203788 0.0750414 0.0334089 0.000135493 0.0327588 0.00498959 0.000254784 0.00460236 0.000147254 0.00064347 0.000712288 0.00446237 0.106991 0.0173355 0.0246114 0.123623 1.07946e-05 0.00676498 0.0329635 0.0120759 0.065247 0.0635554 0.000434986 0.261279 3.24539e-05 0.00986361 
0.00460577 5.53864e-05 2.08542e-06 0.01382 0.0233568 0.00116232 0.00134819 0.00015069 0.000472357 0.00881308 0.000362036 0.0115487 0.000402249 0.00093086 0.00717525 0.00337531 0.0179074 0.0195732 3.49477e-05 0.000371023 0.00877791 0.0216436 0.0364069 0.00711855 3.38064e-05 0.802355 9.96973e-05 0.00809739 
0.0407599 0.000309214 0.000830186 0.0522611 0.0297424 0.0320313 0.00649255 0.00102414 0.000159071 0.000211494 0.000246531 5.70911e-07 0.00130016 0.042323 0.0226987 0.00427706 0.0164446 0.0521745 1.45533e-05 0.0036307 0.0962931 0.00186738 0.108436 0.0165539 3.57037e-06 0.468893 0.00100217 1.83634e-05 
0.0157601 0.000481774 0.00019422 0.0517277 0.144645 0.000135816 0.0139039 0.00361783 0.00174377 0.00580596 4.15035e-05 0.0150743 6.4627e-05 0.00172284 0.0646259 0.00316017 0.00985449 0.223436 1.95789e-06 0.000883372 0.0118248 0.00237249 0.138894 0.0204075 2.81393e-05 0.268487 5.18031e-05 0.00105321 
0.0182095 0.070495 0.00724372 0.0208076 0.0160983 0.000662398 0.00208284 0.00103553 0.037633 0.020198 1.84299e-05 3.27986e-11 0.000214746 0.0801318 0.059674 0.0203258 0.0321309 0.221548 1.34389e-09 0.00354332 0.0246928 0.018017 0.0690647 0.0130173 0.000433463 0.262313 0.000408705 1.34579e-08 
0.138177 0.000469729 0.00175707 0.0890423 0.0260046 0.00383441 0.00968004 0.0013224 0.000622938 0.00839239 9.67735e-05 2.66438e-06 0.000387489 0.0202971 0.0980467 0.0130076 0.0124677 0.147617 1.19914e-05 0.00549941 0.101742 0.00204225 0.0342128 0.0621822 2.1064e-05 0.222531 0.000176103 0.000355096 
0.0260756 0.00514199 0.000921573 0.0392341 0.0565335 0.003804 0.0108659 0.00577847 0.000908494 0.019069 0.000245042 3.82573e-05 0.000196116 0.033745 0.0182617 0.00926334 0.00737463 0.163378 2.77702e-05 0.00325916 0.0666938 0.00228579 0.145477 0.0457507 3.03702e-05 0.328787 0.000111878 0.00674178 
0.031095 2.04167e-09 3.10071e-09 1.81873e-06 2.70816e-06 1.17749e-05 4.51954e-06 1.88133e-09 2.23936e-09 3.81015e-10 3.0197e-09 3.75323e-09 1.27579e-05 8.2346e-06 1.77191e-05 4.65137e-06 1.87545e-05 1.21773e-06 2.15285e-06 3.40495e-05 0.0201047 7.88481e-06 2.36893e-06 0.170351 5.92964e-10 0.778319 3.48202e-09 2.13022e-09 
0.0251283 0.00113591 0.0013264 0.0654402 0.0749521 0.00114476 0.0513327 0.00264294 0.00253415 0.00370584 0.000266177 4.14166e-05 0.00438396 0.0120926 0.0801869 0.0182844 0.0245933 0.126727 5.53456e-06 0.00250509 0.058346 0.013931 0.151807 0.0543122 0.00557385 0.21601 8.98537e-06 0.00158236 
0.0214338 0.143431 0.00295702 0.0281259 0.0676992 0.00459343 0.0407809 0.00174084 0.0007194 0.0151202 0.000233767 0.000257393 0.000549061 0.136201 0.0226935 0.0594143 0.0143437 0.0735395 0.000115294 0.00503127 0.0278961 0.00256937 0.106433 0.0409626 0.000218549 0.179181 4.60544e-05 0.00371205 
0.0367155 1.18969e-05 2.15315e-06 0.0287585 0.000315083 3.02386e-06 0.00370699 2.63563e-07 3.94331e-07 0.000579385 3.30831e-05 6.01023e-11 0.000196607 0.0191636 0.0114217 0.000247882 0.0090494 0.391911 1.16697e-05 3.06562e-05 0.00731457 0.00011692 0.0138061 0.067328 8.87874e-05 0.409186 9.81515e-08 1.4951e-07 
0.0024077 6.50616e-07 1.42986e-07 2.96543e-06 0.101873 3.32458e-07 1.5009e-07 5.33505e-05 1.79963e-08 2.51227e-07 2.48127e-06 7.52178e-11 7.72535e-08 2.91979e-07 0.00945687 3.27025e-07 2.11567e-07 0.0412986 6.10238e-11 1.8315e-07 0.112374 0.000498371 0.161289 0.000476259 1.18835e-11 0.570263 1.52831e-06 4.01342e-07 
0.0208897 4.37176e-05 9.88432e-05 0.0382131 0.0168336 0.00186472 0.0924609 0.00314736 0.000186102 0.00359896 1.06411e-05 0.000286597 0.00292125 0.0205817 0.0479473 0.138908 0.0443463 0.0902169 8.28595e-07 0.00187444 0.0187106 0.0529614 0.128722 0.0770571 7.64024e-05 0.198032 9.53224e-06 1.64836e-08 
0.00528684 0.000789999 0.00234971 0.045779 0.0459035 0.000361913 0.00112072 0.00890376 0.000983743 0.0172821 7.34145e-05 1.93194e-05 0.000495085 0.0183506 0.0148179 0.0170058 0.0093089 0.0492623 2.58004e-06 0.0207411 0.0305248 0.00599966 0.0688477 0.0121961 2.73316e-05 0.623312 5.10344e-05 0.000202844 
0.0238868 6.74369e-07 2.26688e-11 0.00211088 0.0196489 9.60539e-08 0.00233906 6.06044e-05 0.00143238 0.00950206 3.57297e-08 2.24011e-08 2.02608e-05 0.00441968 0.0125643 4.52441e-08 0.0120443 0.223136 9.17645e-09 0.00168238 0.0221915 0.00671435 0.0328128 0.00482758 4.33506e-12 0.620432 0.000173771 1.55737e-11 
0.0137485 0.000276494 1.63695e-06 0.0272458 0.0177194 3.41687e-05 0.00226802 0.000484201 0.000193487 0.0038388 8.4749e-05 6.13908e-12 6.13179e-06 0.00416161 0.0110676 0.0284709 0.00794125 0.0340919 4.04388e-07 4.16375e-05 0.110786 0.00080973 0.289611 0.0250475 5.21266e-06 0.420857 0.00115828 4.8814e-05 
0.108832 0.0027509 0.000758182 0.0354533 0.0650853 0.00340687 0.00422081 0.00439725 0.000992996 0.0161252 0.000130086 0.00652157 0.000208905 0.0217927 0.0362848 0.0315693 0.0164046 0.0543052 8.50449e-05 0.022257 0.0740111 0.0148567 0.112696 0.0549269 0.000700289 0.307751 0.000894033 0.00258224 
0.101892 0.0159324 2.16125e-05 0.0401197 0.00686343 7.08479e-05 0.00511166 0.00218673 0.0200142 0.027042 0.000706061 3.98335e-06 7.0364e-05 0.0133935 0.00755017 0.00939929 0.01456 0.0139116 9.70959e-06 0.000136319 0.150002 0.00873011 0.0508656 0.0105167 0.000921425 0.304833 0.195113 2.29573e-05 
0.00696521 0.00428746 0.00451947 0.0715416 0.12693 0.025765 0.00502449 0.000269132 0.000406386 0.108034 7.16674e-06 1.66311e-06 0.00377907 0.0177505 0.00137858 0.0308854 0.000863382 0.000667092 1.57057e-06 0.130139 0.010729 0.0372586 0.0344545 0.0122712 0.000147624 0.365857 2.77638e-07 6.5192e-05 
0.0754371 0.000293223 0.00028012 0.0677677 0.0387309 0.000407348 0.00976982 0.000406658 0.0110494 0.00922525 0.000230941 7.75804e-08 0.00134333 0.0590587 0.0719615 0.022049 0.00880479 0.157124 2.26707e-05 0.00939862 0.101835 0.00243311 0.121468 0.0153741 0.00582357 0.209069 3.6304e-05 0.000599599 
0.0798934 0.00128815 0.000782858 0.0254811 0.013676 0.000340535 0.00355602 0.000521359 8.22055e-05 0.0490755 2.66106e-05 8.57296e-11 5.94587e-05 0.0349394 0.0322484 0.0180616 0.022306 0.246019 1.04088e-07 0.0119708 0.0849786 0.00430072 0.0391772 0.0608071 3.46129e-05 0.270365 2.79727e-06 5.66178e-06 
0.0248387 0.00208195 0.000546879 0.0404688 0.0119099 0.00469712 0.0389746 0.00536804 0.000887239 0.0195765 0.000408706 0.000237021 0.000634259 0.136562 0.0230673 0.0233177 0.0190059 0.229639 5.93362e-06 0.00317419 0.0284102 0.00672287 0.0750044 0.0247019 0.00145923 0.277349 0.000430141 0.000520314 
0.00481624 0.0551242 1.51786e-05 0.00404635 0.000924376 0.0053198 0.00160324 0.000624536 5.22686e-07 2.75993e-05 5.90203e-05 7.8829e-09 8.98584e-09 0.0147928 0.0006222 0.225558 0.003183 0.00228517 6.29457e-07 0.00258795 0.000676117 2.39858e-09 0.0170444 0.0278579 8.03751e-08 0.632829 1.84364e-06 4.47409e-09 
0.0759549 0.00218127 0.000705246 0.0306367 0.0131978 0.0013855 0.00644367 0.00376715 0.00175913 0.00993783 0.00257118 1.21879e-07 0.000238508 0.117203 0.0415321 0.0432235 0.00964453 0.0933477 6.91935e-06 0.0046637 0.0533677 0.0097138 0.110222 0.0532118 0.00291613 0.310834 0.000606991 0.000726224 
0.0449266 0.00326134 7.47665e-06 0.0245896 0.0184833 0.000232414 0.000805605 0.00186936 0.00119751 0.00219966 0.000201762 0.000194535 0.00132087 0.0999481 0.0131095 0.0251882 0.0166291 0.0318261 2.28582e-05 0.000823609 0.155629 0.0383584 0.180233 0.017799 2.29772e-05 0.321077 1.38904e-05 3.02401e-05 
0.0208656 0.000480224 0.000261168 0.0221519 0.072683 0.00340189 0.00490816 0.002414 0.0014469 0.0133109 0.000163624 0.000192959 0.000229348 0.0314692 0.013348 0.0111849 0.00269827 0.045535 4.08646e-05 0.000586393 0.0316088 0.00403335 0.190901 0.00567427 6.76459e-05 0.509712 3.67033e-06 0.0106264 
0.0508417 0.00133347 7.30554e-05 0.0682899 0.0592329 0.000392699 0.12502 0.00166637 0.000967014 0.0119964 0.00504839 1.79762e-06 0.00526915 0.0346012 0.123023 0.0304077 0.038684 0.0454178 9.60016e-06 0.00542978 0.0273543 0.0137564 0.125384 0.0172718 9.55565e-05 0.207978 0.000234143 0.000220156 
0.0326316 0.0390879 0.000210614 0.0366813 0.0865736 0.000881665 0.00179514 0.00441243 0.00221457 0.0517225 0.000145866 1.09971e-05 5.01808e-05 0.123334 0.0490759 0.0164371 0.016948 0.0449498 9.42992e-06 0.00320251 0.15908 0.0594265 0.0334868 0.0123372 0.000262349 0.224965 1.45104e-06 6.61449e-05 
0.0426141 0.000136214 0.000632429 0.047798 0.0216021 0.000158205 0.00663724 0.000564306 0.000354009 0.0210392 0.000541361 4.63131e-09 0.000101976 0.023944 0.0401607 0.00463422 0.00388 0.182252 2.78651e-05 0.000598345 0.058042 0.000120443 0.148123 0.0131525 1.80069e-05 0.381359 0.000752097 0.000757473 
0.0524373 6.80384e-05 5.89023e-05 0.0361738 0.00733664 5.14821e-05 0.00139089 0.00870344 0.000341066 0.0493604 0.000511018 5.0527e-05 0.000213183 0.0243549 0.0167195 0.0101611 0.00950458 0.189373 9.63835e-10 0.000641299 0.0279971 0.00480813 0.12259 0.0723596 3.76511e-06 0.352155 4.10107e-09 0.0126359 
0.0528011 0.00454618 0.00142584 0.0292526 0.0291975 0.0104894 0.00827214 0.00451026 0.00318228 0.0186913 0.00487753 1.6995e-05 0.000192438 0.0621552 0.0773251 0.0582628 0.0301725 0.0563534 1.36177e-05 0.0303362 0.064161 0.0124956 0.125834 0.0979644 0.00362886 0.212627 0.000621425 0.000593333 
0.201078 0.00228083 3.49057e-05 0.0296964 0.0203402 0.00091569 0.00334159 0.00855853 0.000762462 0.0251423 0.00286747 2.05176e-05 5.99851e-05 0.0195989 0.0302612 0.0561875 0.0180471 0.112347 4.83911e-05 0.0182112 0.101104 0.00379362 0.131719 0.00933877 8.95528e-06 0.202588 0.000201892 0.0014449 
0.0348238 0.000995594 3.54887e-09 0.00332874 0.000780077 5.15786e-05 0.000669772 8.46946e-05 0.00053165 0.00737647 7.99341e-05 5.99954e-12 3.42639e-05 0.0853835 0.0138588 0.0252657 0.0329716 0.132679 1.87489e-07 0.00147456 0.0950522 0.0073386 0.219049 0.00926681 0.039885 0.288979 3.50118e-05 4.63922e-06 
0.0169335 0.00248131 1.0074e-05 0.0222631 0.0127414 0.000523457 0.0029219 3.92872e-05 0.000532634 0.0196718 6.2071e-05 3.10401e-11 4.16239e-05 0.0888566 0.00887196 0.0131747 0.0108393 0.00848555 3.22012e-07 0.00487101 0.138534 0.00957529 0.0798864 0.00814848 0.0104536 0.540081 2.0756e-08 1.30736e-08 
0.0117034 0.000461176 0.00019995 0.0134884 0.0574989 0.00122872 0.0327779 0.00879075 0.00152282 0.00133051 0.000897871 2.2049e-05 5.49066e-05 0.171505 0.0450194 0.00615703 0.00763878 0.0857166 5.23395e-05 0.000748393 0.210791 0.0596768 0.0295299 0.0210539 3.20923e-05 0.231723 2.28752e-05 0.000356282 
0.0367244 1.2503e-05 5.91017e-06 0.00229941 0.000315603 8.30019e-06 0.0037107 7.23442e-07 1.08238e-06 0.000580254 3.37169e-05 1.38597e-10 5.25213e-05 0.00307135 0.0232628 0.000249226 4.50437e-06 0.389308 1.19564e-05 3.19937e-05 0.0191003 0.000117476 0.0138089 0.0167829 8.91565e-05 0.490416 2.69392e-07 4.10376e-07 
0.0182095 0.070495 0.00724372 0.0208076 0.0160983 0.000662398 0.00208284 0.00103553 0.037633 0.020198 1.84299e-05 3.27986e-11 0.000214746 0.0801318 0.059674 0.0203258 0.0321309 0.221548 1.34389e-09 0.00354332 0.0246928 0.018017 0.0690647 0.0130173 0.000433463 0.262313 0.000408705 1.34579e-08 
0.0217356 0.000380123 3.30257e-05 0.051443 0.0128763 0.00213768 0.00292959 0.00195094 5.20844e-05 0.0172378 0.000834805 0.00874678 0.00104507 0.163234 0.0792471 0.0196483 0.011191 0.0618745 6.47633e-06 0.00443302 0.0754258 0.00409361 0.146642 0.0815788 0.000130559 0.228307 5.66027e-05 0.00272788 
0.0738233 0.00333505 0.0111914 0.0321194 0.00773316 0.00157377 0.00528538 0.000181989 3.6588e-05 0.0327675 0.000339229 1.08841e-11 5.29002e-05 0.0344847 0.0200786 0.0142699 0.0122419 0.201945 2.47783e-06 0.00955671 0.200738 0.00500853 0.0556834 0.0347212 2.76341e-05 0.240157 0.00260704 3.83586e-05 
0.024325 0.00281065 0.000157621 0.15972 0.0841222 0.000742807 0.00804652 0.0361976 0.0034461 0.0608347 0.000268786 3.43016e-05 0.000447253 0.0274179 0.0191974 0.0311274 0.0307465 0.0822793 3.3801e-05 0.00569133 0.0318579 0.0195585 0.125068 0.0131962 0.00492061 0.22362 0.00118319 0.00294901 
0.0257179 0.000538517 5.8072e-05 0.0207915 0.0183671 2.13065e-05 0.00528787 0.000280727 0.00061997 0.009451 0.000528203 0.00082116 0.000209442 0.0519705 0.0122808 0.00558022 0.0196568 0.207452 1.79784e-05 0.000469938 0.0462953 0.000264924 0.153676 0.00285705 6.06391e-06 0.412781 0.00180797 0.00219109 
0.0880468 0.000950798 0.000361054 0.0592203 0.0780445 0.000868747 0.0454589 0.00240603 0.000243494 0.024421 0.000191916 2.05291e-06 0.000902085 0.117368 0.0677237 0.0135264 0.0146062 0.039169 3.83649e-05 0.0051487 0.0413453 0.0141362 0.0728767 0.0284737 0.0048018 0.274284 0.00229064 0.00309422 
0.0503684 0.000729336 0.00439832 0.0499499 0.0438264 0.00119275 0.014899 0.00172966 0.0129891 0.0220019 0.00248832 9.70916e-06 0.00010068 0.0137177 0.0338642 0.0680409 0.020405 0.0549468 6.75371e-06 0.0137363 0.11978 0.00530461 0.105641 0.0187413 1.5112e-05 0.339569 0.000508871 0.0010384 
0.0041524 0.00274016 1.06364e-06 0.0333403 0.0678567 0.000579588 0.0344105 0.0214123 6.48216e-08 0.0269758 0.00107416 4.71578e-07 8.66905e-05 0.027703 0.0134417 0.00779381 0.00728965 0.0834224 5.14804e-05 0.00240631 0.162973 0.0138242 0.00633318 0.0373114 1.42009e-05 0.444723 3.96372e-05 4.32419e-05 
0.0357311 0.00027659 5.14941e-09 0.0475772 0.0673157 0.00238887 0.0146911 0.00419003 0.000330625 0.0226408 0.000123049 0.00127001 4.22331e-05 0.00903782 0.0517848 0.0297918 0.00664704 0.0846755 4.09479e-05 0.00891795 0.0209566 0.00113527 0.11388 0.0150224 1.04271e-06 0.461193 2.98293e-05 0.000308881 
0.0367244 1.2503e-05 5.91017e-06 0.00229941 0.000315603 8.30019e-06 0.0037107 7.23442e-07 1.08238e-06 0.000580254 3.37169e-05 1.38597e-10 5.25213e-05 0.00307135 0.0232628 0.000249226 4.50437e-06 0.389308 1.19564e-05 3.19937e-05 0.0191003 0.000117476 0.0138089 0.0167829 8.91565e-05 0.490416 2.69392e-07 4.10376e-07 
0.117863 0.000132152 8.40581e-05 0.0433615 0.00754412 0.0102354 0.0174443 8.73146e-05 2.94062e-05 0.00665788 0.00363506 6.56146e-11 2.98603e-05 0.034046 0.0279542 0.0215431 0.00106095 0.16328 1.30428e-05 0.00150623 0.00560978 2.62182e-05 0.225778 0.0151125 4.67187e-05 0.293442 8.53643e-06 0.00346792 
0.0508141 0.000754606 4.25933e-06 0.0365763 0.0230991 0.0321651 0.00605735 0.00111564 0.000906401 0.0288162 9.41811e-05 0.00667524 0.000227237 0.0314417 0.0325591 0.0277912 0.0599347 0.0339223 2.03672e-05 0.00282121 0.095067 0.00354638 0.138236 0.0336241 0.0104691 0.342314 3.98841e-05 0.000907882 
0.00742034 0.00181078 0.035785 0.0212313 0.0316102 0.148942 0.00148611 0.000325231 0.000111174 5.35236e-05 0.000529584 0.00848293 5.95157e-05 0.000845825 0.118889 0.0496696 0.019631 0.0112949 2.75353e-05 0.0156546 0.0119725 0.000379025 0.0585222 0.154057 2.6393e-06 0.301158 4.72604e-05 1.87249e-06 
0.0242264 0.00122696 0.013777 0.0372529 0.0618561 0.000205239 0.0014806 0.00255927 0.00431097 0.0559041 2.86833e-05 3.83922e-10 0.000165872 0.00350431 0.0214757 0.0632853 0.0054026 0.0517911 7.13203e-06 0.00111329 0.17638 0.00207167 0.0484434 0.0167225 0.000131349 0.351747 5.82529e-06 0.054925 
0.0341159 6.87002e-05 2.16722e-06 0.139267 0.0352077 0.000874025 0.00951032 0.00306674 0.000310019 0.00156998 4.94028e-05 2.60298e-08 0.000121473 0.00436592 0.0606613 0.0109011 0.00856865 0.0610582 8.87585e-07 2.53084e-05 0.0885239 0.00276762 0.137653 0.0503226 2.53371e-12 0.350982 4.3218e-06 1.12819e-06 
0.0727838 2.95446e-05 3.15338e-07 0.0139801 0.0558667 0.0028727 0.0067445 0.000317263 0.000746683 0.0024666 8.29005e-06 1.54952e-11 0.000252617 0.0641164 0.118808 0.00215155 0.020579 0.187165 3.58627e-06 0.0190605 0.0220174 0.00419936 0.0103185 0.058177 8.1164e-05 0.33718 1.43807e-08 7.26808e-05 
0.122899 0.00342878 0.00126838 0.050821 0.0489753 4.65327e-05 0.00429485 0.00840388 0.000494127 0.00681156 0.00262733 1.42714e-06 6.2166e-05 0.0711059 0.038746 0.0173334 0.0245877 0.0993773 2.94169e-05 0.0328869 0.0595849 0.00209277 0.0773148 0.137496 0.000324538 0.186658 0.000384544 0.00194438 
0.0208656 0.000480224 0.000261168 0.0221519 0.072683 0.00340189 0.00490816 0.002414 0.0014469 0.0133109 0.000163624 0.000192959 0.000229348 0.0314692 0.013348 0.0111849 0.00269827 0.045535 4.08646e-05 0.000586393 0.0316088 0.00403335 0.190901 0.00567427 6.76459e-05 0.509712 3.67033e-06 0.0106264 
0.0146257 0.000744213 0.00619147 0.0634237 0.00235447 2.69773e-05 0.000560733 0.00261718 3.95252e-05 0.0605887 0.00224876 1.45433e-08 5.31088e-05 0.00610136 0.0107346 0.00183303 0.00780484 0.0434755 1.35477e-05 0.000708391 0.0284238 0.020592 0.0219814 0.0867666 5.7021e-06 0.618081 1.34924e-08 4.06434e-06 
0.00525402 3.21235e-05 0.0125644 0.0174783 0.0932282 0.000120359 0.00135182 0.00418306 0.00140915 0.0843625 0.00423232 3.62985e-07 0.00217321 0.200899 0.0140729 0.00538553 0.0061488 0.0149355 0.00143862 0.00255353 0.0287048 0.00583575 0.0268746 0.0139547 0.0072235 0.440658 0.00415208 0.000772111 
0.04791 0.0016671 0.00226596 0.0560964 0.00377166 0.000219084 0.00324483 8.62657e-05 0.00046555 0.0064824 0.000251221 5.4533e-10 0.00579806 0.21281 0.0128756 0.0157816 0.0510627 0.0114114 2.34488e-06 0.00917584 0.0820651 0.00735711 0.0998176 0.00515503 0.0519245 0.312158 0.000136944 7.67698e-06 
0.0348238 0.000995594 3.54887e-09 0.00332874 0.000780077 5.15786e-05 0.000669772 8.46946e-05 0.00053165 0.00737647 7.99341e-05 5.99954e-12 3.42639e-05 0.0853835 0.0138588 0.0252657 0.0329716 0.132679 1.87489e-07 0.00147456 0.0950522 0.0073386 0.219049 0.00926681 0.039885 0.288979 3.50118e-05 4.63922e-06 
0.030425 0.00604665 0.000636322 0.0357699 0.0318474 0.00116444 0.00723568 0.0804852 0.00620922 0.0131139 0.00074845 0.000107754 0.00478009 0.119205 0.104822 0.0258342 0.0147851 0.0821971 2.93827e-05 0.0052201 0.0656302 0.014397 0.123292 0.0519946 0.00308142 0.167898 0.00039621 0.00264818 
0.095572 0.000972932 0.000392953 0.0352755 0.0300145 0.000882996 0.0112461 0.00520931 0.000642062 0.0151393 0.000239471 2.1458e-05 0.0005924 0.0328585 0.0531192 0.0272984 0.0233815 0.17236 6.35042e-05 0.00975085 0.112733 0.00642116 0.1454 0.0426758 0.00108389 0.175736 0.00044939 0.000467256 
0.0157436 0.000712481 0.000463843 0.0137902 0.0791695 0.00441536 0.0109635 0.0041951 0.000496152 0.0150254 0.000155655 0.00033446 9.48505e-05 0.0157454 0.0207084 0.0213177 0.00460751 0.131698 0.000121063 0.00352987 0.0183284 0.00383489 0.209345 0.0022433 7.4903e-05 0.418328 8.26012e-05 0.00447454 
0.00135864 0.00088448 0.000340188 0.0277702 0.018888 1.91009e-08 0.000477287 0.000553534 8.24806e-05 0.000488995 0.000204102 6.87194e-09 4.79476e-05 0.0386606 0.0155693 0.0177718 0.00165513 0.252354 2.83794e-05 0.00158945 0.120942 0.0200465 0.0100954 0.204671 9.34564e-06 0.264519 0.000353118 0.000639299 
0.0211062 3.36723e-05 0.00101862 0.00673629 0.00805756 4.78245e-05 0.000746268 0.00464757 0.000336772 0.00242597 7.93205e-05 3.64804e-05 3.76044e-05 0.00489527 0.0219958 0.0074511 0.00196221 0.119147 1.33856e-06 0.000519073 0.0124521 0.00275049 0.136473 0.00561238 1.56366e-05 0.641405 3.20997e-07 8.83213e-06 
0.0442187 0.0101434 8.62381e-05 0.0594328 0.0188686 0.000694419 0.0158255 0.000880407 0.00190841 0.0145258 0.000996719 2.6004e-10 2.55943e-05 0.0120367 0.0860328 0.1375 0.116088 0.0277594 2.40334e-06 0.00581358 0.0286393 0.0890967 0.0204158 0.0869868 0.000121242 0.221888 4.47755e-06 7.38675e-06 
0.0620154 0.00111354 8.00155e-05 0.0453701 0.0247117 0.0239687 0.021434 0.00163399 0.000151464 0.0535256 0.000487438 1.01412e-07 0.000715058 0.0241005 0.0106546 0.00989551 0.0238296 0.023055 8.84045e-06 0.255414 0.0448113 0.00473705 0.0426983 0.0418592 4.61936e-06 0.280881 0.00283897 4.1483e-06 
0.0282756 0.00028565 4.07989e-06 0.0325024 0.00707795 0.00219428 0.0050717 0.000494506 5.10165e-05 0.000388998 5.06719e-05 1.31606e-07 0.000459593 0.042692 0.058808 0.111403 0.0298566 0.0231309 6.29187e-06 0.000382478 0.0426481 0.14046 0.145575 0.0429951 0.00243802 0.282234 0.00017653 0.000337656 
0.0310989 0.000154676 4.04689e-05 0.0720025 0.0292815 1.66928e-05 0.048856 0.00425518 0.00024304 0.0449018 0.000603867 0.00919821 0.000114138 0.079579 0.0629707 0.012938 0.00981199 0.088495 3.59559e-06 0.0019793 0.0381 0.00488596 0.127495 0.0213253 0.000522094 0.302079 0.00567035 0.00337824 
0.0913995 6.4298e-06 0.00010966 0.0544122 0.102652 0.00742377 0.00555865 0.00019295 4.56886e-05 0.00875408 0.000101664 6.4641e-09 1.01947e-05 0.0549821 0.0202794 0.00930925 0.00291479 0.036202 9.5302e-06 0.000244566 0.0317818 0.000905158 0.178386 0.0112562 7.21523e-05 0.381276 0.00164295 7.05669e-05 
0.0350443 0.00327798 0.000151269 0.0212814 0.14209 0.00200851 0.00159683 0.00186506 0.00135488 0.0204696 0.000373967 7.20061e-08 0.00292419 0.0442411 0.0208752 0.0143707 0.025295 0.0237033 3.55567e-05 0.0108471 0.176927 0.0876356 0.0885772 0.0838038 0.00694122 0.183948 5.74564e-05 0.000304307 
0.0461139 0.00126819 0.00143692 0.118488 0.0389295 0.000851961 0.00685406 0.00103483 0.00414104 0.016781 0.000747517 6.28173e-08 5.33337e-05 0.00233733 0.0204772 0.104755 0.0640491 0.0186884 3.38869e-11 0.00684425 0.0942402 0.0118862 0.0330707 0.0607379 3.45199e-05 0.346089 8.94391e-05 1.61532e-08 
0.00481624 0.0551242 1.51786e-05 0.00404635 0.000924376 0.0053198 0.00160324 0.000624536 5.22686e-07 2.75993e-05 5.90203e-05 7.8829e-09 8.98584e-09 0.0147928 0.0006222 0.225558 0.003183 0.00228517 6.29457e-07 0.00258795 0.000676117 2.39858e-09 0.0170444 0.0278579 8.03751e-08 0.632829 1.84364e-06 4.47409e-09 
0.0609358 0.000455224 6.81357e-06 0.0235181 0.0100993 0.000177865 0.0349071 0.00328333 0.000261825 0.0068841 0.000542665 1.24897e-07 6.82825e-05 0.00866633 0.0133035 0.0678894 0.00867706 0.0480096 1.09e-08 0.0126344 0.0156248 0.00366827 0.10901 0.0140557 9.29943e-06 0.557306 3.88732e-06 1.05726e-07 
0.0162761 1.65421e-05 2.14563e-05 0.0455461 0.00444242 2.01531e-06 0.00102513 8.45087e-05 5.20768e-05 0.000155564 3.37837e-05 0.00012202 6.39998e-05 0.0746344 0.0259082 0.0372144 0.0507356 0.293201 2.13358e-07 0.0231112 0.0324147 0.00095313 0.0374019 0.0572585 1.04419e-05 0.299105 0.000109748 0.000100176 
0.0121563 8.53548e-05 1.00187e-05 0.00899686 0.0160251 0.000345472 0.000576968 0.00152624 2.3127e-05 0.123787 0.000114669 2.12931e-11 0.000142431 0.00292542 0.0716492 0.00540082 0.000532798 0.031739 2.11594e-07 0.00142547 0.114114 0.000523688 0.283939 0.00380759 1.52092e-06 0.319746 4.32122e-05 0.000363424 
0.0219693 3.99769e-05 0.000894971 0.0837328 0.00843755 0.000906794 0.110285 0.000164109 0.000832643 0.0503741 1.80015e-05 3.44298e-05 4.87962e-05 0.0277822 0.0136568 0.0133386 0.0419128 0.0414773 4.52136e-06 0.0318536 0.191278 0.00626679 0.0433828 0.108294 0.00215965 0.200786 6.32006e-05 4.71156e-06 
0.0489143 0.00460765 2.1903e-05 0.0546914 0.157661 9.50696e-05 0.0577144 0.0021368 0.00422857 0.012762 7.16886e-05 6.26174e-08 0.000157092 0.0519231 0.0346699 0.132572 0.0291325 0.0101576 1.22984e-07 0.0267798 0.0486475 0.0200337 0.00779854 0.076726 0.000167808 0.217151 0.000837971 0.000339622 
0.00850801 0.0012393 1.9995e-11 0.00120819 0.00494019 5.3163e-08 0.000585191 0.000293295 2.42036e-07 0.2855 4.14704e-05 2.42028e-11 0.000209675 1.54085e-07 0.00447437 2.50396e-08 0.0059145 0.00179668 5.0856e-09 1.77219e-07 0.236568 0.00520814 0.139685 0.00199383 2.34668e-08 0.301801 3.20463e-05 3.78693e-07 
0.0220227 0.00171693 0.000109036 0.00233311 0.0521407 0.00573523 0.00349201 0.000384862 0.000122459 0.00434576 0.0035971 0.00142882 2.00243e-06 0.116423 0.0171639 0.00656412 0.00912736 0.0266352 0.000106632 0.00492138 0.273293 0.00157606 0.142635 0.0149687 0.000365264 0.287551 2.26272e-06 0.00123609 
0.0214631 0.000238802 0.00291806 0.189939 0.00269523 0.000436373 0.00423892 0.016623 1.43965e-05 0.00465232 0.00189049 8.22085e-08 5.4932e-05 0.17631 0.00366226 0.00391683 0.0859234 0.0564746 5.31915e-06 0.00391027 0.103858 0.00110975 0.00446277 0.108544 0.000488839 0.205927 0.000198291 4.35948e-05 
0.0183242 0.00112353 0.000583948 0.028275 0.0540036 0.00859998 0.0121321 0.00631399 0.000239893 0.0186569 0.000401368 2.26665e-05 0.000223114 0.0487176 0.0152026 0.00506135 0.0025322 0.17746 8.61938e-05 0.00188266 0.0958612 0.00187448 0.223763 0.0136389 4.67034e-05 0.249203 6.45963e-07 0.0157684 
0.0374863 0.00177536 0.000626187 0.0289456 0.0456404 0.00282469 0.00469822 0.0404024 0.000681533 0.0177668 0.00218796 2.58352e-06 0.000428729 0.0877225 0.0412463 0.0106238 0.0119131 0.220021 4.03307e-05 0.00121468 0.0584935 0.00347206 0.11513 0.0266795 0.00157176 0.228677 0.000287963 0.00943917 
0.0386132 0.00154863 0.000731839 0.0210732 0.0267572 0.00342364 0.00421262 0.00353388 0.000504464 0.0112164 0.000318079 7.55898e-05 4.33332e-05 0.0664362 0.0192672 0.0283426 0.0261218 0.0144331 6.35062e-05 0.0167335 0.191417 0.016772 0.172694 0.00839067 0.00595551 0.319885 0.000187957 0.00124783 
0.0444285 5.18012e-05 0.000155921 0.0222628 0.0141663 0.00112166 0.00245586 0.00630042 0.00588174 0.0276878 0.0026577 3.31718e-06 0.000122783 0.0870455 0.0281598 0.0275206 0.0203617 0.176139 1.99311e-05 0.00363987 0.0566697 0.00359234 0.136452 0.0406325 0.00217113 0.286657 0.00236403 0.00127804 
0.0556544 0.0293361 0.00255361 0.0363423 0.075549 0.00197044 0.0128327 0.0458711 0.000795873 0.016519 0.00141585 3.77304e-11 7.52318e-05 0.113701 0.0684448 0.0120784 0.0323362 0.125277 4.38093e-05 0.00869981 0.0573002 0.00995594 0.105332 0.0125135 0.00478659 0.167182 0.000481244 0.00295258 
0.006376 6.40319e-06 0.000183608 0.018059 0.065199 1.15026e-06 0.00317124 0.0019898 4.93502e-06 0.00471618 0.000235796 9.71003e-06 0.0010634 0.0248336 0.00158197 0.00178674 0.00101454 0.0403706 0.161425 4.25558e-05 0.0898205 0.00810153 0.209287 0.0268364 0.000272646 0.332425 2.86272e-07 0.00118536 
0.0418941 0.0111948 3.05265e-05 0.0750077 0.0368899 0.00144398 0.0100753 0.0137096 0.000143749 0.0291552 0.0312701 2.4475e-06 0.000280937 0.113116 0.0200714 0.0212722 0.0227539 0.0650727 9.51103e-05 0.00452401 0.157688 0.00891869 0.153322 0.0181813 0.000126078 0.16233 0.000394528 0.00103623 
0.000968442 0.000884546 0.000340245 0.0395686 0.0258498 2.32214e-08 0.00103245 0.000413867 1.51708e-05 0.00118708 0.000204385 4.10369e-11 3.64783e-05 0.0328338 0.018732 0.0247226 0.000961398 0.226416 2.83948e-05 0.00172601 0.110469 0.0248856 0.00811197 0.230402 1.37318e-05 0.248725 0.000188704 0.00128305 
0.0091665 0.307685 1.76677e-09 1.17936e-10 0.0312163 1.21924e-05 0.00811934 5.57652e-06 2.29771e-05 0.0055 1.33616e-06 2.13857e-09 2.43779e-09 0.00137391 0.00308863 0.0141724 0.00496356 0.00524819 1.70993e-05 1.31422e-05 0.0237046 0.000214446 0.0248561 0.00571912 1.57256e-06 0.554896 1.20622e-06 1.21379e-09 
0.069468 0.000572424 6.14695e-05 0.01927 0.00152241 3.55808e-06 0.00176684 4.53818e-05 0.00148614 0.0268065 5.01307e-05 6.78955e-12 4.75834e-05 0.122191 0.0644604 0.0164048 0.027458 0.14234 1.60442e-05 0.00502147 0.0669111 0.00472309 0.106973 0.0390526 0.0255035 0.257819 1.63459e-05 9.23956e-06 
0.00607362 4.17403e-06 3.36473e-05 0.0100648 0.00695788 0.00457432 7.07031e-05 0.0577724 0.00118601 0.00109628 4.07767e-05 4.20763e-08 9.10014e-06 0.0170355 0.00339999 0.00463205 0.000943592 0.153628 1.0098e-07 0.00143483 0.00122571 1.92304e-07 0.134931 0.0161477 2.85159e-08 0.578373 6.76186e-07 0.000363034 
0.054327 0.000111575 0.000984156 0.0255701 0.0297246 0.000901832 0.00434382 0.00352977 0.000102058 0.00665051 0.040137 6.59074e-09 4.05238e-05 0.0675173 0.0285268 0.032822 0.017573 0.0960193 0.000174174 0.00425724 0.043798 0.00852373 0.0961572 0.031701 0.000148236 0.389284 5.45109e-05 0.0170202 
0.0544212 0.000929346 0.000506343 0.0573037 0.0141599 0.000100052 0.00444243 0.00231396 0.000108254 0.00791969 0.000456029 1.75235e-05 0.00010561 0.0698266 0.0198797 0.00576355 0.00910107 0.0994243 5.25297e-06 0.00213345 0.196964 0.00776941 0.079603 0.102683 0.000548276 0.259617 0.00387569 2.11985e-05 
0.00226457 8.92219e-05 2.43795e-10 0.110321 0.0244066 0.000118044 0.204118 0.000572988 1.76071e-10 0.00372314 1.30722e-06 2.95101e-10 0.000363319 0.00738403 0.0338286 0.166018 0.00626953 0.0120849 0.000102736 3.10032e-05 0.0105279 0.00363781 0.130869 0.0191153 1.94683e-06 0.264125 1.14919e-07 2.54676e-05 
0.0208656 0.000480224 0.000261168 0.0221519 0.072683 0.00340189 0.00490816 0.002414 0.0014469 0.0133109 0.000163624 0.000192959 0.000229348 0.0314692 0.013348 0.0111849 0.00269827 0.045535 4.08646e-05 0.000586393 0.0316088 0.00403335 0.190901 0.00567427 6.76459e-05 0.509712 3.67033e-06 0.0106264 
0.0985718 3.70376e-06 0.00296154 0.10315 0.000896741 2.24084e-08 0.0103261 7.12798e-05 1.906e-08 3.54963e-05 2.83276e-05 3.19451e-08 1.03349e-06 0.00046061 0.0570174 0.00255378 0.00966342 0.0455327 2.59169e-08 0.0339234 0.184184 0.0024184 0.0131526 0.00606021 0.000231146 0.428754 2.8132e-06 1.8131e-08 
0.0317177 0.0011029 0.000531982 0.0618318 0.00713806 0.000210631 0.0397466 0.0022243 0.00960467 0.00955995 0.000200574 0.00120272 0.00108487 0.0189522 0.0458352 0.0218095 0.0456033 0.165361 2.63179e-06 0.0262789 0.051028 0.010765 0.0901575 0.132268 0.0016449 0.190837 0.0297922 0.00350821 
0.0711422 0.000405808 9.45194e-08 0.17089 0.025044 6.2459e-06 0.0231721 0.00464006 0.00155282 0.00713677 0.000119275 3.2546e-10 0.000441258 0.0277762 0.0881979 0.00505007 0.0416981 0.102769 6.00239e-06 0.00109433 0.104228 0.000482274 0.0620377 0.0250963 5.99575e-05 0.234095 0.00238132 0.000477397 
0.0451853 0.000106068 0.00179939 0.0345625 0.0190879 0.000938663 0.155062 0.00024262 7.6149e-05 0.00145112 0.000418175 1.75342e-07 0.000195542 0.0253068 0.0568542 0.015764 0.00547102 0.164075 1.92183e-05 0.0055651 0.153341 0.00140149 0.0667561 0.0468826 5.08666e-06 0.199336 6.78227e-05 2.87776e-05 
0.0141323 0.00340288 1.40968e-08 0.0988685 0.148186 8.87852e-05 0.01086 0.00104138 0.000678697 0.000130523 0.000139947 1.98233e-08 0.0011638 0.129262 0.0568475 0.0420759 0.000279818 0.0127438 0.00152226 0.00440632 0.0823512 0.0302394 0.161324 0.0320141 0.000194074 0.166962 1.51971e-06 0.00108404 
0.180202 2.5397e-05 2.45268e-06 0.00160691 0.0105862 0.00073763 0.00198042 8.54606e-05 0.000401993 0.000180852 0.000112322 7.08273e-12 2.7081e-06 0.00797854 0.0231308 0.0484975 0.00698259 0.00638438 1.03186e-05 0.00795698 0.21367 0.000259518 0.225047 0.00538039 1.15458e-05 0.258661 9.14652e-05 1.31815e-05 
0.0407354 0.00137744 9.38677e-05 0.036456 0.00722347 8.0505e-05 0.0253708 0.00176256 4.7613e-08 0.00676493 0.00108446 1.44833e-10 5.05196e-05 0.059003 0.0203354 0.0019645 0.0128497 0.25346 1.80772e-06 0.0010316 0.0772914 0.0252921 0.117772 0.0346528 0.00143457 0.266975 0.00682384 0.000112899 
0.0157436 0.000712481 0.000463843 0.0137902 0.0791695 0.00441536 0.0109635 0.0041951 0.000496152 0.0150254 0.000155655 0.00033446 9.48505e-05 0.0157454 0.0207084 0.0213177 0.00460751 0.131698 0.000121063 0.00352987 0.0183284 0.00383489 0.209345 0.0022433 7.4903e-05 0.418328 8.26012e-05 0.00447454 
0.0409009 0.000531351 0.00518609 0.0336818 0.0179521 0.00134328 0.00832365 0.00398254 0.00354338 0.0145854 0.00212718 9.43823e-05 0.00407133 0.198537 0.0149942 0.0924942 0.0109602 0.0541422 1.04484e-05 0.00159585 0.066014 0.00197259 0.156906 0.0395382 2.13621e-05 0.225577 0.000814172 9.91171e-05 
0.0426679 0.000137205 0.000775578 0.0125574 0.0123143 1.47675e-06 0.00449955 0.00312183 0.0022147 0.00147591 0.000535707 5.72582e-10 2.5199e-05 0.149941 0.107405 0.0026628 0.00279642 0.0965005 1.99597e-05 0.00259734 0.0716019 0.000224804 0.0254376 0.027762 8.91302e-06 0.431866 0.000829389 1.92931e-05 
0.018493 0.00177011 3.34648e-05 0.0400734 0.012158 0.0021797 0.0203249 0.0024803 0.000437982 0.0077351 0.000277677 1.29825e-05 0.000139932 0.165511 0.00869295 0.0149207 0.00461317 0.107971 3.023e-05 0.000503911 0.0229279 0.00116211 0.117062 0.0117934 5.68179e-06 0.438343 0.000254569 9.20741e-05 
0.0375264 0.00104692 0.00119619 0.0384147 0.0246356 0.000708229 0.0252226 0.00103574 0.000692042 0.0163738 0.000574755 0.00165932 0.000215216 0.0365436 0.0421423 0.0983763 0.0458901 0.127257 2.8842e-05 0.0021546 0.05047 0.0109564 0.159897 0.0308181 4.08264e-05 0.24448 1.59183e-05 0.00162788 
0.00914008 0.00213306 0.000802376 0.0300512 0.00859755 0.000947533 0.00208568 0.00145611 0.00380029 0.0192658 4.00509e-05 8.31099e-12 0.000307495 0.247304 0.0231466 0.0267502 0.0364373 0.173923 8.91649e-08 0.00184612 0.0256342 0.0191466 0.0418084 0.0245369 9.42314e-05 0.300683 5.96496e-05 1.5059e-06 
0.0496005 0.00234341 0.0178115 0.14428 0.131688 0.000514507 0.0612622 0.00502737 0.0121831 0.0247011 9.83608e-05 2.84304e-10 4.39888e-05 0.00462927 0.00839235 0.0407448 0.0481914 0.0385397 9.98671e-09 0.00161525 0.0914651 0.0106756 0.0725943 0.0156173 7.98322e-05 0.216583 0.00117723 0.000140989 
0.00611399 0.000102431 0.000870401 0.0370204 0.0249677 0.00063849 0.00175991 0.00106592 0.00018092 0.030518 0.000412399 7.69454e-10 0.000952312 0.256564 0.0128977 0.0554604 0.00588857 0.0352241 1.44794e-05 0.00106676 0.0586282 0.00351208 0.119907 0.0416287 0.000395008 0.296592 0.000717411 0.00690021 
0.0176496 1.95596e-05 2.0225e-05 0.0122748 0.00176312 2.66047e-06 0.00158616 4.2378e-05 4.78758e-05 0.00170363 0.00022154 4.66585e-06 2.00932e-05 0.00269557 0.0132633 0.0235528 0.00501031 0.219851 4.73414e-07 0.000629238 0.0257884 0.00116721 0.0706109 0.026828 5.85924e-06 0.574823 1.26936e-05 0.000404702 
0.0193319 0.000279592 0.0015852 0.0195547 0.0874434 0.0137611 0.00214055 0.000223464 0.00110256 0.000464077 2.03359e-05 1.55692e-09 0.000205589 0.0251207 0.0902959 0.0180571 0.0214846 0.0434188 8.71782e-05 0.00249062 0.204045 0.00080467 0.211502 0.00702767 3.49415e-05 0.22593 0.000156779 0.00343184 
0.124545 0.000282865 1.0185e-05 0.0231126 0.0403876 0.000145693 0.0134767 0.000394943 0.000607685 0.00323201 1.87977e-05 1.05294e-06 0.000135243 0.0158414 0.0147595 0.00608388 0.0190477 0.124855 1.7783e-05 0.00172111 0.0303845 0.00139807 0.163628 0.00263072 6.72548e-05 0.413114 5.3236e-06 9.49803e-05 
0.0446736 0.00013265 0.00480828 0.0229025 0.0179957 0.000140003 0.00182054 0.000143698 0.000548921 0.001704 4.93518e-05 2.61853e-07 0.0002137 0.0967564 0.0431822 0.00343912 0.0101356 0.204826 4.74079e-06 0.00260407 0.0819063 0.00109077 0.152288 0.0247907 3.99353e-06 0.280325 7.46247e-05 0.00344012 
0.0706452 0.000462062 0.00892239 0.125733 0.0235494 0.0243168 0.0032066 9.44082e-05 2.24094e-05 0.0176473 0.000371236 0.000214952 0.000573655 0.0059629 0.0575903 0.00348129 0.0153798 0.135751 6.97521e-05 0.0214984 0.0859993 0.0165255 0.0570753 0.103118 0.00303499 0.21579 1.50366e-05 0.00294941 
0.0235979 3.84861e-06 0.000132737 0.122016 0.000762351 0.01414 0.0130884 0.000241784 0.215168 0.000511783 2.09211e-05 2.54807e-06 0.000661161 2.02984e-05 0.0247065 0.0891975 0.00375439 0.00144721 2.04957e-08 0.0053474 0.00221818 2.12489e-06 0.00289439 0.115026 3.42391e-07 0.364337 4.94933e-05 0.000651865 
0.00403029 0.000426188 1.48611e-05 0.0543259 0.0687917 2.38149e-05 0.00535654 0.000520052 0.000616427 0.00141296 2.53055e-05 4.51405e-08 0.000100958 0.010068 0.0149584 0.0184085 0.000556803 0.0521626 2.2445e-05 0.000312249 0.204792 0.00103494 0.225738 0.0897372 3.79956e-05 0.246325 1.27693e-05 0.000187503 
0.0357425 0.000306247 8.84881e-05 0.0439004 0.0588504 0.000585221 0.0136678 0.000679822 0.0165452 0.00569595 8.8011e-05 1.63538e-06 0.000269241 0.0288335 0.0181627 0.0777088 0.0043582 0.0657662 2.15172e-05 0.00916682 0.0288671 0.000462252 0.270996 0.00243464 7.13228e-05 0.313317 3.66997e-06 0.00340935 
0.0373957 0.0555904 0.00050786 0.0320965 0.0789577 0.00301218 0.0214952 0.0143258 0.00242461 0.00775542 0.00166312 9.5096e-11 2.41459e-05 0.0219144 0.10931 0.011387 0.0455092 0.0716094 9.22412e-05 0.0154749 0.0374396 0.00281479 0.0928573 0.00682984 0.000271093 0.327208 1.54099e-05 0.00201842 
0.0118803 1.42247e-05 2.76963e-05 0.0668236 0.0432045 0.000278977 0.0109528 0.00575453 6.23306e-06 0.0186471 2.55555e-05 2.01729e-09 0.000708041 0.0440195 0.00510398 0.0013667 0.0103183 0.0413337 2.70293e-07 0.000327208 0.0505486 0.0108063 0.226518 0.0188416 0.000924703 0.430777 0.000660268 0.000130367 
0.024581 0.0012732 0.00211914 0.0177778 0.0296192 0.000943037 0.000844989 0.00151995 0.00275337 0.0157526 0.000241207 5.07451e-08 0.00103227 0.00200907 0.0132357 0.00176453 0.0238129 0.0797017 4.67734e-07 0.00455826 0.0431838 0.0133089 0.204772 0.0119194 1.13257e-05 0.503107 4.76447e-06 0.000152259 
0.0464023 0.000403778 0.00134586 0.0168251 0.0376914 0.000108575 0.000603284 0.000663726 1.46551e-05 0.0133632 0.000414826 1.57649e-05 0.00353911 0.00292878 0.0264849 0.000626461 0.0109911 0.0133066 5.29392e-05 0.00600684 0.119665 0.0123013 0.097926 0.0527269 2.34093e-05 0.535384 5.00025e-05 0.000134787 
0.0883261 0.000262809 0.000191134 0.065112 0.0125669 0.000466053 0.0171019 0.00593385 0.00085568 0.0165587 0.000221699 1.8159e-05 0.00032675 0.0135113 0.0304615 0.0211289 0.216759 0.0782226 9.79745e-06 0.00151516 0.0257803 0.0189663 0.121076 0.0409755 0.000340525 0.217105 0.00140328 0.0048024 
0.0239751 2.91509e-07 0.00676673 0.0369257 0.000357004 2.63873e-06 0.00125782 2.30077e-07 3.44201e-07 0.00368769 2.62756e-07 2.38311e-10 1.853e-07 0.000141247 0.0356105 0.00253204 1.43196e-06 0.291712 8.1285e-08 6.60136e-07 0.00563113 1.49281e-07 8.12229e-07 0.0707453 1.45479e-05 0.520628 8.58187e-08 8.29706e-06 
0.0363012 0.00173838 0.00371965 0.0180038 0.0101696 0.00249037 0.00193512 0.000846812 0.000759571 0.0171433 0.00028563 1.88067e-07 0.00130088 0.0034408 0.0102202 0.00115448 0.00742077 0.0336051 8.34676e-07 0.00267116 0.0424042 0.00464106 0.075514 0.013976 3.19173e-05 0.710154 6.25759e-06 6.49584e-05 
0.101892 0.0159324 2.16125e-05 0.0401197 0.00686343 7.08479e-05 0.00511166 0.00218673 0.0200142 0.027042 0.000706061 3.98335e-06 7.0364e-05 0.0133935 0.00755017 0.00939929 0.01456 0.0139116 9.70959e-06 0.000136319 0.150002 0.00873011 0.0508656 0.0105167 0.000921425 0.304833 0.195113 2.29573e-05 
0.0091665 0.307685 1.76677e-09 1.17936e-10 0.0312163 1.21924e-05 0.00811934 5.57652e-06 2.29771e-05 0.0055 1.33616e-06 2.13857e-09 2.43779e-09 0.00137391 0.00308863 0.0141724 0.00496356 0.00524819 1.70993e-05 1.31422e-05 0.0237046 0.000214446 0.0248561 0.00571912 1.57256e-06 0.554896 1.20622e-06 1.21379e-09 
0.162878 0.00207729 0.00013862 0.0283004 0.0191628 0.00193757 0.00569553 0.0431476 0.00361635 0.014422 0.000718081 6.97527e-05 0.00020859 0.0834288 0.0227135 0.0179123 0.0258512 0.121323 1.1816e-05 0.00996409 0.0679437 0.0139061 0.130539 0.0384677 0.0106574 0.173611 0.000731808 0.000566844 
0.0232761 0.000760499 5.4533e-06 0.0195717 0.0309265 0.00131037 0.0183676 0.00276539 0.00981396 0.0160413 0.000295321 6.52507e-05 9.52715e-05 0.0213801 0.0296141 0.011893 0.00415793 0.126712 6.8147e-06 0.00040571 0.0383015 0.000963427 0.269315 0.0132772 0.00288768 0.356749 0.00091443 0.000127893 
0.0141463 0.000115605 2.13695e-07 0.0802975 0.0756407 4.19246e-06 0.0271143 0.000830173 5.99211e-05 0.0241856 7.40152e-05 3.44472e-06 0.000214932 0.0258323 0.0177087 0.00211092 0.0475271 0.0303373 9.84682e-07 0.00274597 0.0197665 0.00971025 0.199586 0.0207172 1.15385e-06 0.397598 3.06014e-07 0.00367109 
0.00110382 0.00154591 0.000371552 0.045252 0.0214504 0.000843852 0.00321006 0.0018036 0.000990527 0.0586323 2.88199e-05 3.01044e-07 0.000286998 0.00127319 0.000782159 0.00255966 0.00416479 0.00409432 5.39545e-06 0.000702302 0.00792275 0.00392112 0.0546531 0.000642008 2.37604e-05 0.783341 5.24421e-06 0.000388675 
0.00393525 0.000127262 1.47004e-06 0.00626142 0.00246946 0.000291432 0.0019697 0.000192172 1.51261e-05 0.000245654 1.65442e-05 7.19239e-09 7.13509e-05 0.0255717 0.00248976 0.0040464 5.94706e-05 0.0989058 2.73825e-05 2.3681e-05 0.00385008 5.14971e-05 0.201607 0.000647098 1.16176e-05 0.644356 1.18584e-06 0.00275448 
0.05591 0.00141425 8.2934e-11 0.0167231 0.00200183 0.000184888 0.00973266 0.0015567 0.00349666 0.000120778 0.00161173 8.49867e-06 1.33568e-07 0.0989752 0.00793039 0.181149 0.0621955 0.0459883 1.35766e-05 0.00164846 0.0251364 0.00168184 0.0676936 0.0997724 0.0255086 0.283324 0.00620711 1.49294e-05 
