0.00358577 0.000727668 0.000990616 0.166588 0.0206972 0.021062 0.0736434 1.08739e-05 0.00182583 0.0196336 0.0892107 2.87511e-06 5.96572e-05 0.00450266 0.0248312 0.024891 0.0519742 0.00628249 6.9222e-07 0.00136189 0.00676821 0.0147219 0.00927284 0.00357862 1.348e-07 0.00614669 0.446971 0.00065818 
0.0250719 0.000223648 5.84767e-07 0.026057 0.0415555 3.76026e-06 0.0710376 1.70654e-06 4.22324e-07 9.03858e-07 2.50996e-06 7.07828e-07 8.06864e-07 6.8938e-06 2.28783e-05 0.00375875 0.0313375 0.000700942 5.74257e-07 0.00252573 8.46868e-06 0.00113217 0.0201273 0.100235 1.11828e-07 0.113422 0.562753 1.18998e-05 
0.00424672 0.0019115 0.00284617 0.0174606 0.0482328 0.0254331 0.000477583 0.000126049 0.00323158 0.0373868 0.000109746 0.000225622 0.000136994 0.0015799 0.0116203 0.000588082 0.00681064 0.00256183 6.56763e-06 0.0223646 0.00996344 0.00358462 0.00190247 0.018318 6.64895e-07 0.0121622 0.766701 1.05549e-05 
0.000100571 1.47464e-05 1.66004e-06 5.67545e-05 0.0030152 0.0015173 3.318e-05 2.29258e-05 2.64253e-05 1.37916e-05 4.46622e-06 7.68682e-06 2.29052e-06 2.61368e-05 0.000152784 0.000189769 0.000140273 0.000244848 1.6302e-06 6.43167e-06 0.000155059 7.09113e-05 0.000164905 3.85755e-06 3.17457e-07 0.000135239 0.993887 3.53e-06 
0.0363157 0.000502572 0.00131712 0.022501 0.0261771 0.00123663 0.00956419 0.00152737 6.55277e-06 0.00217557 6.18331e-05 3.66339e-07 2.86754e-05 0.186792 0.0496579 0.00755202 0.00292918 0.0808028 4.90023e-06 0.00159604 0.0660719 0.000608321 0.0246072 0.15271 4.00593e-05 0.0490169 0.275788 0.000408184 
0.054395 0.000644629 0.000154106 0.0558641 0.035732 0.00339259 0.00119842 0.000298427 0.00694283 0.0166089 7.0461e-05 3.23412e-08 2.20197e-05 0.0101834 0.143437 0.0152593 0.13559 0.0384025 5.54432e-06 0.034265 0.0578601 0.000210745 0.00986203 0.0617966 6.17324e-05 0.016715 0.300829 0.000198012 
0.00612598 0.00026117 6.90385e-07 0.0516518 0.0449867 0.000775222 0.0113955 0.00257822 5.70039e-05 0.00399432 0.0312141 1.91903e-07 0.000127282 0.0665436 0.00185536 0.202605 0.177279 0.0621974 9.25109e-07 4.34035e-06 0.00275899 0.000433851 0.0100977 0.018786 8.19417e-06 0.00764783 0.296579 3.44513e-05 
6.80512e-05 1.10945e-05 5.06043e-08 0.000763369 0.00286439 5.39196e-06 2.51006e-05 5.20128e-06 2.52278e-06 8.23233e-08 3.61337e-07 6.20805e-07 4.75728e-05 0.00291866 0.012473 7.99009e-05 5.48155e-05 0.0233978 4.96948e-08 1.47244e-06 8.26382e-05 6.94717e-06 0.00462953 6.91626e-05 9.67732e-09 6.92434e-05 0.952147 0.000276397 
0.000287262 0.000368393 0.000242956 0.0439977 0.136402 3.24624e-07 0.00208879 0.000642241 0.000271421 0.000254822 7.86276e-05 4.62779e-07 0.000157949 0.000335905 0.00655777 0.00182139 0.0792207 0.024212 9.59002e-05 3.81301e-06 0.137048 0.0388926 0.137362 0.00461161 3.97073e-05 0.0773246 0.307564 0.000117489 
0.000297829 1.98318e-05 7.90364e-10 0.115222 1.49054e-05 4.17579e-05 8.46853e-05 3.91922e-05 2.08381e-05 1.16628e-07 4.13971e-06 4.69063e-06 1.09055e-09 6.04275e-05 0.0856532 0.000566732 0.105576 0.000748636 7.76159e-10 8.39904e-06 0.000461511 5.80693e-05 0.0004987 0.0203313 1.51145e-10 0.000399822 0.669884 2.78948e-06 
0.0636772 0.0531691 2.51956e-06 0.0186432 0.019059 0.0042156 0.0709733 1.2388e-05 0.00654817 3.09604e-07 0.00341609 8.17918e-06 0.000676382 0.00103912 0.0604905 0.0142372 0.00680706 2.06121e-05 2.47428e-06 4.41912e-06 0.00279888 6.44416e-05 0.00208105 0.000641379 4.81829e-07 0.00586877 0.665539 3.30649e-06 
0.0681352 6.603e-07 1.7658e-10 0.357372 0.00777413 0.00166921 0.00250698 1.72767e-06 0.00158038 0.0079965 0.00118312 8.16226e-07 3.20113e-06 0.00380409 0.0173914 0.0673305 0.0200067 0.000669582 1.73407e-10 0.00403906 0.0246945 1.01042e-05 0.0416858 2.85642e-11 1.33499e-07 0.00791788 0.364226 2.50764e-07 
0.0244293 0.000756869 6.0414e-09 0.0422988 0.001264 0.000762966 0.0233772 9.77303e-05 1.62439e-05 0.0550063 2.3082e-05 6.69118e-07 0.00518251 0.0116103 0.26227 0.0225293 0.00258653 0.0275006 5.78354e-07 6.90275e-05 0.0110837 0.0961533 0.0149929 0.0046958 4.8703e-06 0.00968039 0.38356 4.68485e-05 
4.79344e-05 7.07809e-06 9.32225e-07 0.00251282 0.00991285 1.07621e-05 0.000963083 1.10432e-05 1.27815e-05 1.14552e-07 0.00394963 0.0204786 1.28629e-06 1.25026e-05 0.00190996 9.04514e-05 6.69189e-05 0.000116681 9.1547e-07 3.13605e-06 7.3916e-05 3.40862e-05 7.85966e-05 0.00709499 1.78274e-07 6.44712e-05 0.952543 1.78377e-06 
0.21724 0.0735622 4.70433e-07 0.0217402 0.0405684 0.00198029 0.0303136 0.000251007 0.000412631 0.0137535 4.73612e-05 2.82155e-06 0.000170041 0.0054488 0.0469424 0.111651 0.0302205 0.00914405 4.61978e-07 0.00555533 0.0101758 0.00162546 0.0138646 4.90817e-05 1.03538e-05 0.00280857 0.362434 2.84056e-05 
0.0265436 0.000120433 1.10768e-05 0.011194 0.0245918 8.53973e-06 0.00172084 3.80457e-06 9.7737e-06 0.000341162 0.000191633 7.97749e-07 2.18914e-05 0.0149816 0.0331288 0.00362818 0.00342614 0.0971291 5.09211e-06 0.00121845 0.0279234 0.0194223 0.0209872 0.293986 0.0400007 0.0716001 0.307637 0.000166649 
0.0173378 2.3832e-06 1.18109e-09 0.0031285 0.000388997 0.00306099 0.000890282 0.000917863 8.52996e-10 0.00144529 0.000371322 1.42965e-09 1.62968e-09 0.0599927 0.0224967 0.0143371 0.0377003 0.197011 1.15986e-09 0.000552794 0.146937 2.20202e-05 0.0484555 0.00269639 2.52296e-05 0.175777 0.266411 4.23293e-05 
0.000145142 2.51887e-05 1.26379e-05 0.0803051 8.47503e-05 1.27736e-05 0.00685668 1.2689e-05 0.00733087 0.0155609 9.7653e-07 1.94773e-06 1.50644e-08 4.24846e-05 0.00958651 0.0012038 0.000119203 0.000323735 1.07216e-08 3.66176e-06 0.000184769 0.0011564 0.000174775 9.48248e-06 2.08787e-09 0.00313101 0.873491 0.000224008 
0.154426 0.000257852 1.17956e-08 0.0270479 0.025346 0.000595774 0.029594 1.4926e-05 0.0113135 0.0107165 1.45859e-05 1.4278e-08 0.00104227 0.000937722 0.00463987 0.0134503 0.00155088 0.000807697 1.15836e-08 0.0015567 0.00598359 5.06958e-06 0.0122057 9.37519e-06 1.07572e-06 0.00191973 0.69649 7.21955e-05 
0.0036958 0.00101764 3.02604e-06 0.026663 0.0264391 0.000275773 0.0333404 0.0108074 0.00418466 6.84152e-05 5.62576e-07 0.326696 2.869e-06 0.00343603 0.072236 0.0146842 0.00372061 0.0173568 1.76338e-05 3.25547e-05 0.00888782 0.0172657 0.0042932 0.0168134 0.0198257 0.00425877 0.382779 0.00119749 
0.0681352 6.603e-07 1.7658e-10 0.357372 0.00777413 0.00166921 0.00250698 1.72767e-06 0.00158038 0.0079965 0.00118312 8.16226e-07 3.20113e-06 0.00380409 0.0173914 0.0673305 0.0200067 0.000669582 1.73407e-10 0.00403906 0.0246945 1.01042e-05 0.0416858 2.85642e-11 1.33499e-07 0.00791788 0.364226 2.50764e-07 
0.021461 0.0120617 0.00310852 0.0716801 0.000909937 0.00101272 0.000754335 0.000131924 9.53347e-05 0.00617107 2.39383e-05 1.11731e-08 5.18292e-05 0.0961078 0.0142519 0.00291236 0.0536727 0.042102 2.48631e-07 0.000703471 0.157666 0.0396674 0.02432 0.056734 0.00734328 0.00504193 0.382011 3.98455e-06 
0.0122656 0.000267052 1.8224e-05 0.148729 0.030117 0.00783933 0.0140736 0.00194516 0.000290682 0.00543334 0.0043148 1.08182e-08 0.000239818 0.00502422 0.181109 0.00678334 0.0413042 0.0231469 3.22257e-06 0.000652355 0.0433169 0.00149506 0.177427 0.0730487 3.08606e-05 0.0197197 0.200648 0.000756853 
0.197826 0.00106567 6.94419e-05 0.0226832 0.000991228 0.000721031 0.0219921 0.000338347 0.00095913 0.000539311 0.00143195 0.000655733 6.63139e-06 0.018756 0.0189045 0.0283558 0.062381 0.0921206 2.22216e-05 0.00375314 0.0280595 0.021567 0.0253241 0.0834705 0.0255974 0.0598836 0.282077 0.000448126 
0.000682413 1.65949e-05 1.80687e-08 0.0207026 0.00129392 6.53727e-06 0.071601 0.000268887 0.000853588 1.44636e-05 3.98972e-07 9.01669e-07 2.49313e-08 0.000438191 0.0374036 0.0167211 0.0418951 0.0035978 1.7744e-08 5.91369e-05 0.000158698 0.000282965 0.00371351 0.0715355 1.02638e-06 0.00225268 0.726494 5.47883e-06 
0.0047828 0.00562242 0.0193252 0.0399333 0.100451 6.85652e-05 0.0230557 0.174176 5.17503e-05 0.013238 0.0249227 4.64016e-07 0.00637028 0.020624 0.0510842 0.0105002 0.000437134 0.0214163 2.57882e-05 0.000765077 0.0269641 0.000276229 0.0530815 0.0179844 0.000241901 0.0205362 0.317286 0.0467792 
0.00628238 0.000398519 2.00226e-09 0.0273226 0.00919354 7.13501e-05 0.0228901 2.59166e-05 5.06584e-07 0.00123097 2.50579e-05 1.02145e-06 7.71734e-07 0.00409583 0.0185262 0.0218857 0.000292216 0.0267168 1.96627e-09 6.18162e-07 0.0745241 0.000588273 0.186324 0.015121 3.82902e-10 0.0103238 0.485357 0.0888024 
0.00446207 0.000232159 0.000118415 0.022868 0.0317645 0.000911527 0.00267326 0.00226608 0.000154132 0.000621462 0.000379201 0.000159116 0.000391085 0.0550263 0.0115545 0.00138059 0.0738315 0.134304 5.35974e-06 0.00102171 0.0136064 0.000754483 0.00683833 0.0534541 0.0158696 0.0133096 0.552036 6.47638e-06 
6.04205e-07 0.00839215 6.03377e-07 0.0583134 0.00737221 6.03525e-07 6.04119e-07 6.0376e-07 6.03649e-07 0.00416974 6.03404e-07 6.03176e-07 6.03012e-07 6.04163e-07 6.04201e-07 6.04173e-07 0.00537753 0.00453231 6.03397e-07 6.03923e-07 6.04248e-07 6.03988e-07 6.04266e-07 6.04186e-07 6.04158e-07 0.000363145 0.908509 0.00295864 
1.83619e-05 0.00300025 0.00042883 0.0451866 1.85341e-06 0.00115976 0.00527986 0.00034338 8.46819e-07 6.15157e-07 2.84315e-06 1.4193e-06 0.000143238 4.71628e-06 0.00165352 0.00101203 0.0719414 0.00140521 1.15147e-06 0.00725368 6.09678e-06 4.31859e-07 0.000636508 0.0508915 2.24231e-07 0.00685882 0.802759 7.50993e-06 
0.0198381 0.000561586 4.84817e-08 0.000902671 0.00156981 0.00375501 0.010796 9.62017e-07 3.50139e-08 5.95743e-09 1.31003e-06 0.000104301 6.68952e-08 0.000560259 0.0062701 0.443374 0.0183701 0.00959452 4.76103e-08 0.00119277 0.0046961 0.000665311 0.0172804 0.0125505 9.2714e-09 0.00140245 0.446463 4.98103e-05 
0.019381 0.000441232 0.175642 0.0067984 0.0432815 0.00441739 0.00157242 0.00231327 7.14366e-05 5.02033e-11 0.000923611 2.25889e-06 5.63727e-10 5.55768e-05 0.0135875 0.0177235 0.0056839 0.00312982 2.32381e-05 0.000214657 0.0211519 0.00342758 0.000518835 0.0103253 7.81302e-11 0.00649705 0.662816 6.93898e-07 
0.000165378 3.05842e-05 2.58099e-07 0.0223955 0.00161241 9.02478e-06 0.00186064 1.35329e-05 0.00176822 0.0315986 5.05433e-07 1.04709e-06 2.85189e-09 4.03584e-05 0.00271733 0.000467154 0.000199314 0.000889242 2.02973e-09 2.48065e-06 0.000242625 0.000752184 0.000249508 0.00230458 3.95259e-10 0.00184727 0.930769 6.28012e-05 
0.0704664 0.000805373 1.88186e-06 0.0746633 0.037068 0.00021624 0.138184 0.00142667 0.000542763 0.00038214 1.38305e-05 1.1429e-05 0.00102284 0.023733 0.0357956 0.0145284 0.0503664 0.0405481 0.000675704 0.079717 0.027347 0.0196737 0.0735194 0.0994957 0.0101559 0.00355269 0.190767 0.0053188 
0.126597 0.00399214 6.91253e-08 0.0531378 0.0180215 0.00905538 0.00508295 0.00160466 3.55468e-06 3.54191e-07 7.80126e-07 8.72451e-07 9.53793e-08 0.00177642 0.0156046 0.05978 0.290118 0.0343001 6.78828e-08 0.00738841 0.00820873 9.79235e-06 0.00389534 0.0105533 1.32192e-08 5.39679e-05 0.350808 6.59034e-06 
0.0225774 0.0309664 1.47343e-05 0.133834 0.0791604 0.00394279 0.00441648 0.000224112 0.000167649 0.0254629 1.13932e-06 6.24664e-05 4.19064e-05 0.0108315 0.00356652 0.0152757 0.0228648 0.000114525 5.49774e-07 0.0335004 0.0217864 0.00020272 0.00373168 0.0240327 1.78095e-06 0.0425849 0.520633 4.73715e-07 
4.50423e-05 5.97639e-05 1.63885e-06 4.41422e-05 3.84343e-06 8.49661e-06 2.52646e-05 3.93706e-06 1.18359e-06 1.20346e-06 5.82038e-06 1.98373e-06 2.26129e-06 1.10226e-05 3.84906e-05 1.03589e-05 6.14211e-06 4.32921e-05 1.60939e-06 2.56281e-06 1.48839e-05 6.03604e-07 1.10623e-05 2.0941e-05 3.13405e-07 1.41391e-05 0.999604 1.57353e-05 
0.000212121 4.20783e-05 4.84475e-08 0.00018206 0.00024073 1.69015e-05 7.44982e-05 2.43256e-05 5.10784e-05 3.39356e-07 1.04174e-06 2.52571e-06 6.68481e-08 7.01474e-05 0.000385628 0.00032899 0.000329554 0.00059871 4.75768e-08 4.90479e-06 0.000402017 0.000718283 0.000415378 1.49908e-05 9.26487e-09 0.000311127 0.995559 1.38978e-05 
0.0207623 2.45172e-05 1.31668e-09 0.0853339 0.0248419 1.11478e-05 5.29149e-05 1.04196e-05 0.00082457 0.00127566 0.000661059 9.18972e-07 4.30894e-06 0.00444156 0.0128491 0.02435 0.171423 0.0324102 1.05834e-06 0.00116838 0.00687159 0.0388101 0.000171413 0.0280963 2.51796e-10 0.00730524 0.53829 8.87599e-06 
0.0179742 0.0107789 1.08354e-05 0.013767 0.0276032 0.0179707 0.00908688 0.0044178 0.00219774 0.000238747 0.000821115 5.54221e-07 1.05678e-05 0.0780463 0.0423435 0.00862949 0.00490955 0.0874576 5.36143e-07 7.22603e-05 0.0131819 0.00252334 0.0132919 0.00298321 4.70101e-06 0.0160784 0.623313 0.00228596 
0.00707903 3.18679e-05 9.96176e-07 0.0046172 7.94248e-05 7.39612e-05 0.0135796 0.000478627 0.000215071 6.73864e-06 9.28097e-06 7.14501e-07 4.29035e-06 0.00540958 0.0027077 0.153207 0.0825803 0.133617 1.09085e-08 1.87387e-06 0.00369257 0.00248617 0.0156094 0.000276896 2.12428e-09 0.00713572 0.566753 0.000344876 
4.29225e-05 1.0155e-05 3.97828e-07 3.69929e-05 0.0878915 0.000214803 0.00313486 5.53862e-06 0.0245395 2.21343e-07 0.000151833 1.70847e-06 0.000242178 1.35399e-05 6.48187e-05 0.012506 3.71557e-05 0.00639283 3.90678e-07 1.81222e-06 5.20837e-05 0.00169323 0.00495868 0.000975844 1.16424e-05 4.40014e-05 0.856971 4.39646e-06 
0.028908 2.20657e-07 2.20536e-07 0.0375031 0.0622791 0.00355172 0.0123213 0.00792249 0.0139664 2.20845e-07 2.20546e-07 0.00187415 2.20403e-07 0.0196535 0.0528465 0.0473899 0.0550059 0.0772086 2.20543e-07 0.00339956 0.0800157 0.0763609 0.0930934 2.20832e-07 2.20821e-07 0.0630088 0.262674 0.0010152 
0.000151341 3.15392e-05 5.54538e-07 0.000131149 9.16571e-05 1.7333e-05 5.89988e-05 1.76896e-05 1.74287e-05 5.19554e-07 2.44312e-06 4.5036e-06 7.65154e-07 4.6779e-05 0.000229432 0.000180568 0.000129803 0.000333805 5.44571e-07 5.49333e-06 0.000184433 4.76577e-05 0.000181939 1.13181e-05 1.06047e-07 0.000155474 0.997954 1.28698e-05 
0.0155797 0.00129263 4.87726e-05 8.51028e-05 0.104171 0.000338077 3.65827e-05 8.46031e-06 0.00865256 2.17555e-07 1.01144e-06 1.36846e-06 2.18646e-07 2.84186e-05 0.00014714 0.0018921 0.0122896 0.000215944 1.55613e-07 2.5137e-06 0.000291497 1.46281e-05 0.000116432 0.00338727 3.03034e-08 9.87799e-05 0.851293 6.69195e-06 
0.0349841 0.00221047 5.28916e-09 0.000129478 8.76398e-05 0.00229288 5.68777e-05 1.42905e-05 1.12609e-05 4.99932e-07 1.45452e-06 2.53992e-06 7.29801e-09 0.0100978 0.027552 0.0010825 0.000122772 0.0300203 5.1941e-09 4.31908e-06 0.024802 0.0211591 0.0164255 0.235735 1.01147e-09 0.000150912 0.593044 1.26108e-05 
0.130223 0.00149754 5.73401e-05 0.00766949 0.0502231 0.00107678 0.00122867 5.41074e-06 0.0257887 0.00760921 1.88566e-05 6.21382e-07 4.44e-05 0.000439082 0.00537338 0.144319 0.0202365 0.00030677 6.79782e-08 0.00213764 0.00630814 6.68213e-06 0.0162285 0.00761193 1.74366e-06 0.00221254 0.566002 0.00337191 
0.00661154 8.60976e-05 4.50177e-05 0.0152336 0.0163613 0.0130847 0.00702747 0.000382873 0.00173678 0.00127792 0.000308434 2.65398e-05 2.68541e-05 0.00405205 0.0275452 0.0195824 0.0381258 0.0830336 5.64596e-07 0.000719095 0.0210137 0.0017524 0.0308963 0.00449038 2.0393e-07 0.024876 0.679822 0.00188067 
0.0354525 0.000888373 0.000638131 0.114922 0.0184344 0.00165048 0.0111272 0.000906875 2.09335e-05 0.00589127 0.00022265 4.62522e-08 2.00672e-05 0.173093 0.0381333 0.01349 0.00295325 0.0676652 3.16614e-06 0.0025057 0.0469877 0.000566083 0.0290757 0.0978493 4.76148e-05 0.0998999 0.235884 0.0016715 
0.000115551 2.28898e-05 3.39468e-08 0.000546093 0.00192529 9.11481e-06 4.05298e-05 1.31204e-05 2.75632e-05 1.84523e-07 5.63699e-07 1.31853e-06 2.30078e-05 0.00187422 0.00847642 0.000179172 0.000179411 0.0150992 3.33367e-08 2.63042e-06 0.000219034 0.000390949 0.0031165 4.91813e-05 6.49183e-09 0.000169481 0.965908 0.00161029 
0.028992 0.000286824 0.00173839 0.0444626 0.00353757 0.00399227 0.0302063 0.00146288 0.000804751 0.234821 0.000267534 3.90913e-06 0.000397257 0.0357426 0.0423431 0.00865548 0.0236403 0.123509 7.06451e-05 0.000809039 0.0162704 0.00539876 0.034192 0.0276372 5.38464e-05 0.0518992 0.278615 0.000190263 
0.0402165 0.0565389 0.00366099 0.317416 0.00149487 0.00428563 0.0440864 0.000219339 0.0330538 0.00178468 0.000251063 6.78864e-09 0.00222361 0.00720851 0.00344107 0.00173545 0.00225969 0.021351 1.12899e-05 1.52859e-05 0.0047477 0.00144281 0.000893232 0.00683526 3.96921e-08 0.000127053 0.443439 0.00126094 
0.00866576 0.000551528 4.25314e-06 0.0102771 0.0713145 0.196289 0.00229813 0.00076197 0.000747041 0.000107468 1.28366e-05 0.000321903 1.81927e-05 0.00866596 0.146843 0.0240132 0.0461994 0.0151499 2.03813e-06 0.000321191 0.0179972 0.0187867 0.0229009 0.0832464 0.00932848 0.00910316 0.30604 3.17424e-05 
0.0554414 0.0052891 1.50678e-05 0.0122254 0.0796986 0.00240209 0.0146647 0.000253105 0.00304939 0.000467272 2.03616e-06 3.1832e-08 5.30749e-05 0.000854309 0.0618301 0.0505191 0.268847 0.0443837 0.000210239 0.00143868 0.0402005 0.00010219 0.0333102 0.00521919 1.63049e-05 0.0200743 0.299425 8.05231e-06 
7.99035e-07 3.10337e-09 4.59498e-08 1.02246e-06 6.92321e-07 0.00542483 1.09449e-09 4.94922e-07 3.40386e-09 5.79149e-10 9.01483e-07 1.22173e-07 6.50319e-09 2.57913e-06 0.23668 0.0162424 3.89052e-06 0.0951415 4.62842e-09 0.000238376 8.50005e-07 1.61516e-05 0.00887166 0.0141951 9.01315e-10 0.00119469 0.621984 3.23797e-09 
5.0428e-07 0.0526009 3.55105e-06 2.37041e-07 0.00113244 3.01515e-06 8.24628e-07 2.15458e-06 2.5646e-06 0.0115319 0.000750631 4.29835e-06 4.89976e-06 6.56876e-07 5.2152e-07 6.22913e-07 4.8533e-05 4.13974e-07 3.48723e-06 1.53891e-06 3.44543e-07 7.19513e-05 2.72674e-07 7.78313e-05 6.79086e-07 3.92156e-07 0.933752 2.43961e-06 
0.00274843 2.52167e-05 1.18973e-08 0.041013 0.00350284 1.27813e-05 0.00805157 1.26932e-05 8.60636e-06 2.29533e-05 9.81173e-07 0.0392394 1.64159e-08 4.24917e-05 0.0201388 0.000171305 0.000654332 0.00440853 1.16834e-08 3.66425e-06 0.00017657 2.39643e-05 0.000174782 0.0047806 2.27517e-09 0.00650228 0.866829 0.00145517 
0.00286841 0.000459109 0.000488101 0.0112095 0.00244131 0.000396712 0.00151454 0.00177226 8.69428e-05 0.00768879 0.000321812 1.3916e-05 9.86758e-05 0.0101009 0.00505046 0.0019672 0.00666851 0.00529864 2.27046e-05 0.000270332 0.0083227 0.00406042 0.0060522 0.00573908 0.005181 0.00330368 0.908329 0.00027282 
0.0363157 0.000502572 0.00131712 0.022501 0.0261771 0.00123663 0.00956419 0.00152737 6.55277e-06 0.00217557 6.18331e-05 3.66339e-07 2.86754e-05 0.186792 0.0496579 0.00755202 0.00292918 0.0808028 4.90023e-06 0.00159604 0.0660719 0.000608321 0.0246072 0.15271 4.00593e-05 0.0490169 0.275788 0.000408184 
0.0354525 0.000888373 0.000638131 0.114922 0.0184344 0.00165048 0.0111272 0.000906875 2.09335e-05 0.00589127 0.00022265 4.62522e-08 2.00672e-05 0.173093 0.0381333 0.01349 0.00295325 0.0676652 3.16614e-06 0.0025057 0.0469877 0.000566083 0.0290757 0.0978493 4.76148e-05 0.0998999 0.235884 0.0016715 
9.98961e-05 6.4893e-05 2.41996e-08 0.0100861 0.00315878 6.16429e-05 0.000354474 6.58378e-06 9.16852e-07 2.01829e-05 2.37931e-06 2.31705e-07 0.000219839 1.17836e-05 0.00160843 0.000148931 7.82369e-05 0.000179656 2.37646e-08 1.26681e-06 9.84643e-05 2.51525e-06 0.000107337 1.82061e-05 4.62781e-09 0.0014766 0.982191 1.3826e-06 
0.12305 0.0185483 1.24782e-09 0.0107257 0.0941447 0.00339382 0.0374445 1.09959e-05 0.000502999 1.20797e-06 1.93451e-06 0.000616633 2.30435e-06 4.40835e-05 0.000221893 0.159086 0.0463992 0.00909327 6.81155e-08 0.000553522 0.0538952 1.01445e-05 0.120962 0.00650869 2.38627e-10 0.0145657 0.300197 2.08177e-05 
0.00351767 0.000731958 1.36399e-06 0.102981 0.162572 0.000454949 0.00791493 0.00090212 0.00746912 0.0144654 7.97225e-05 1.75115e-06 5.90226e-08 0.000439916 0.0222062 0.0635264 0.0167502 0.0188379 3.86192e-06 0.000200595 0.0199298 0.015968 0.0271994 0.00152846 5.43594e-05 0.00825291 0.503925 8.54498e-05 
0.0140195 4.86469e-07 0.0240167 0.0610449 0.00718054 0.00522399 0.0171158 5.51426e-05 3.31933e-06 7.71992e-08 0.000324285 2.97909e-05 3.33793e-07 0.0211545 0.0660141 0.0123007 0.0669603 0.0628007 8.08326e-05 0.000245334 0.170818 0.058048 0.060798 0.0698555 0.0533496 0.00654082 0.222018 3.74024e-07 
0.0139073 9.20073e-05 5.4909e-07 0.0319314 0.0367388 4.15162e-05 0.015423 0.0565495 0.000316817 0.00106875 0.00857883 3.62945e-07 1.21607e-05 0.00395434 0.0381894 0.0942048 0.083914 0.128873 2.8867e-09 0.00100723 0.016142 0.0885411 0.0534574 0.0553416 2.89886e-06 0.0128452 0.258746 0.000119938 
0.00663973 0.000697705 1.64533e-06 0.000181246 0.000239189 1.59835e-05 7.3537e-05 2.32503e-05 4.91073e-05 2.98188e-07 8.32944e-07 2.0585e-06 1.34424e-05 6.92261e-05 0.00141322 0.0219598 0.000327159 0.0200415 2.54878e-08 0.000670081 0.000400252 0.000712827 0.000413766 1.46539e-05 4.96337e-09 0.00449408 0.941532 1.32496e-05 
0.0265701 0.000260006 0.00168176 0.0573809 0.0328309 0.00982042 0.0109646 0.00317842 0.000956186 0.00723227 0.000632546 0.00033696 0.000596675 0.0271355 0.0791809 0.0183489 0.018307 0.0635804 7.05578e-05 0.00323876 0.0884646 0.0172685 0.0841958 0.134526 0.00293192 0.0356505 0.273926 0.000733216 
0.039018 0.000613157 6.43131e-05 0.0491367 0.0233315 0.00493121 0.00784578 0.0023673 0.000394816 0.00762702 0.00136005 1.05393e-08 0.000220089 0.0617741 0.0042372 0.0288677 0.144467 0.0695659 4.45486e-06 0.000520579 0.0542077 0.00989998 0.107777 0.104919 0.000496229 0.0324815 0.24382 5.16912e-05 
0.00764675 0.000941086 4.28556e-08 0.0309701 0.00173816 1.96008e-05 0.0169635 0.000456175 0.373475 0.000103277 0.000184177 1.10127e-05 3.3558e-05 0.000749978 0.0147208 0.0100146 0.024505 0.0284113 1.2691e-05 1.33436e-05 0.00112905 0.00165839 0.00277166 0.0149197 0.0219443 0.00376335 0.442813 3.05787e-05 
0.035625 6.05614e-05 0.000302817 0.00143485 0.00491511 3.71468e-05 3.34071e-05 0.0388139 4.57389e-07 0.000179973 0.000103313 1.03105e-07 2.17819e-10 0.00760063 0.0151108 0.000108469 0.00735903 0.00976738 1.55025e-10 0.086469 0.0251318 1.27437e-06 0.00690785 0.0760767 8.81124e-06 0.00124246 0.682369 0.000340024 
0.0613807 0.00224051 1.06014e-05 0.0774155 0.0524388 0.12015 0.0228304 0.000160719 0.0454569 0.00590354 0.0775427 9.34482e-06 0.000361377 0.00948871 0.0915586 0.0070481 0.0184588 0.00683753 8.66132e-07 0.000101514 0.0108581 0.00761628 0.0254042 0.0381189 0.0650309 0.0116626 0.241372 0.000541976 
9.50587e-05 0.00422309 4.28151e-09 0.00717052 0.0237849 0.00441088 0.00545582 6.36256e-07 0.000156584 5.40332e-05 4.16965e-09 5.18253e-09 0.000202938 1.93808e-06 0.00228436 4.49149e-06 0.00643923 1.32315e-05 4.20456e-09 0.000234184 4.15416e-10 0.000481566 0.000763567 0.0176627 8.18775e-10 0.00528002 0.92128 2.94144e-09 
0.00906127 0.00145683 2.37111e-07 0.222862 0.0105746 0.00306893 0.00971207 0.000295278 0.0026618 9.94611e-06 4.68373e-07 1.56839e-05 0.0478998 0.0035577 0.0149659 0.00839068 0.00342681 0.0902877 7.6638e-07 1.59697e-05 0.00830814 0.00344172 0.0700039 0.0433377 0.0173311 0.0045476 0.424679 8.65984e-05 
9.43756e-05 1.47565e-05 1.32207e-08 0.0191855 0.0251129 6.90247e-06 3.44709e-05 6.51822e-06 2.12561e-06 1.06076e-05 3.37222e-07 4.92244e-07 7.33363e-05 2.66295e-05 0.0123424 0.000110459 7.50861e-05 0.00070612 1.29831e-08 1.79195e-06 0.000114475 5.90183e-06 0.000113566 0.000370704 2.52826e-09 0.00501774 0.936568 4.81767e-06 
0.00321007 0.000476467 3.02601e-07 0.0552318 0.00469015 0.000132026 0.00201073 0.0131882 3.83909e-06 8.16232e-05 0.0119721 8.73791e-07 0.000175135 0.0809218 0.0274159 0.0059593 0.0016979 0.208209 4.6174e-07 1.9809e-06 0.0144322 0.000490011 0.0282031 0.00181445 4.55274e-06 0.0118937 0.507143 0.0206401 
0.00321794 0.000481683 6.03244e-07 0.193642 0.00982623 0.000135875 0.00202041 0.0133133 8.71181e-06 0.000140344 0.0123913 2.06443e-06 5.60319e-06 0.0229467 0.0113307 0.00597173 0.00170618 0.0574343 8.75357e-07 2.87065e-06 0.0144498 0.000504097 0.0126743 0.00156401 7.84334e-06 0.0119107 0.603588 0.0207218 
0.0173378 2.3832e-06 1.18109e-09 0.0031285 0.000388997 0.00306099 0.000890282 0.000917863 8.52996e-10 0.00144529 0.000371322 1.42965e-09 1.62968e-09 0.0599927 0.0224967 0.0143371 0.0377003 0.197011 1.15986e-09 0.000552794 0.146937 2.20202e-05 0.0484555 0.00269639 2.52296e-05 0.175777 0.266411 4.23293e-05 
0.0603223 0.00032278 1.52391e-06 0.0404994 0.020322 0.0190823 0.0275407 0.000402034 3.26096e-05 0.000588657 4.51809e-07 3.70455e-08 0.000944351 0.00457113 0.0152289 0.0158754 0.006756 0.00901515 5.79405e-09 0.0166024 0.00848335 0.00220469 0.0245282 0.122715 2.14086e-07 0.00791991 0.596032 7.90826e-06 
0.000953894 0.000343825 3.91869e-05 0.0234018 0.00518406 5.67535e-05 0.00256008 0.000182354 8.64784e-06 9.23915e-05 1.74852e-05 8.5082e-09 1.35365e-05 0.00232741 0.000479432 0.00314449 0.000683396 0.0497389 6.90266e-09 8.49423e-05 0.0262068 0.000639265 0.000759521 0.00211268 1.34419e-09 0.000404493 0.880474 9.11283e-05 
0.215282 0.00387184 4.45098e-06 0.0141855 0.0409543 0.00288814 0.00487677 0.000424151 0.00357259 0.0562139 8.92899e-05 1.40473e-06 3.66772e-05 0.00509276 0.0727048 0.0297359 0.0123821 0.0223412 5.93072e-07 0.0133291 0.0223211 0.00165609 0.0356655 0.0654524 6.86508e-05 0.0282521 0.348568 2.86345e-05 
0.0881897 0.000847214 1.70009e-06 0.0106464 0.00143708 1.31029e-05 0.0109203 4.73179e-05 1.0522e-05 0.00167077 0.000160824 2.60992e-06 4.94357e-08 0.00111193 0.00333446 0.00706433 0.00963383 0.0261026 5.14802e-08 0.00809338 0.0184334 0.00216864 0.0123336 0.0107559 4.28785e-07 0.00112796 0.785855 3.66424e-05 
0.00321007 0.000476467 3.02601e-07 0.0552318 0.00469015 0.000132026 0.00201073 0.0131882 3.83909e-06 8.16232e-05 0.0119721 8.73791e-07 0.000175135 0.0809218 0.0274159 0.0059593 0.0016979 0.208209 4.6174e-07 1.9809e-06 0.0144322 0.000490011 0.0282031 0.00181445 4.55274e-06 0.0118937 0.507143 0.0206401 
0.000131218 0.00013111 0.000131039 0.118242 0.000131224 0.000131071 0.301891 0.000131122 0.000131098 0.000131222 0.000131044 0.000130995 0.000130959 0.000131209 0.000131217 0.000131211 0.000131206 0.000131224 0.000131043 0.000131157 0.000131228 0.000131171 0.000131232 0.000131214 0.000131208 0.000131225 0.576588 0.000131104 
0.262115 2.93365e-05 1.06607e-07 0.112625 0.0235336 0.00200754 0.00171466 0.000835378 7.69922e-08 7.11662e-05 4.37551e-05 1.29041e-07 1.47096e-07 0.00259846 0.00250671 0.00741267 0.00107668 0.0101079 1.04691e-07 8.05925e-07 0.0466638 0.000357495 0.0358665 0.0434509 3.65315e-05 0.00329641 0.443258 0.00039024 
0.000853717 0.0104658 1.55471e-05 0.0754383 0.0152751 9.1142e-06 0.0491113 0.0627521 0.000103538 9.67413e-05 6.69063e-07 6.17124e-07 1.8387e-10 0.0014551 0.000211846 0.0059482 0.000155732 0.0565635 1.30863e-10 0.00147575 0.0199254 0.0152093 0.000206561 0.000452955 2.54837e-11 0.000159664 0.684102 1.11163e-05 
0.0173378 2.3832e-06 1.18109e-09 0.0031285 0.000388997 0.00306099 0.000890282 0.000917863 8.52996e-10 0.00144529 0.000371322 1.42965e-09 1.62968e-09 0.0599927 0.0224967 0.0143371 0.0377003 0.197011 1.15986e-09 0.000552794 0.146937 2.20202e-05 0.0484555 0.00269639 2.52296e-05 0.175777 0.266411 4.23293e-05 
4.3107e-05 5.53307e-05 1.19497e-06 0.00590181 0.0184201 7.06935e-06 2.36352e-05 3.23271e-06 8.63015e-07 9.78637e-07 4.7636e-06 1.44644e-06 0.000166467 1.01054e-05 3.67406e-05 0.00639381 5.19373e-06 4.15169e-05 0.00023578 0.00412429 1.39272e-05 4.40118e-07 1.02468e-05 1.96488e-05 2.28519e-07 1.3126e-05 0.964452 1.32546e-05 
0.0118456 4.22986e-05 0.00319786 0.0432629 0.0118998 9.46729e-05 0.00520253 0.000467888 6.52286e-05 0.0180548 2.27378e-05 6.80849e-08 0.000314229 0.031354 0.00620397 0.011089 0.0303797 0.015336 1.88854e-05 0.0029121 0.0586642 0.00147606 0.0399859 0.0113711 0.123563 0.0192295 0.553758 0.000187715 
0.0192212 0.00192049 4.65061e-06 0.016022 0.0220296 0.000258545 0.00145793 0.00106148 0.000142433 8.56396e-05 0.000138808 1.44686e-08 1.23611e-07 0.0143272 0.00158376 0.0371137 0.012304 0.0297236 2.20642e-09 0.00033204 0.0383041 0.000383147 0.00686191 0.00205215 4.29668e-10 0.00308154 0.791562 2.83317e-05 
0.0173378 2.3832e-06 1.18109e-09 0.0031285 0.000388997 0.00306099 0.000890282 0.000917863 8.52996e-10 0.00144529 0.000371322 1.42965e-09 1.62968e-09 0.0599927 0.0224967 0.0143371 0.0377003 0.197011 1.15986e-09 0.000552794 0.146937 2.20202e-05 0.0484555 0.00269639 2.52296e-05 0.175777 0.266411 4.23293e-05 
0.00192932 0.000937178 5.93524e-05 0.135752 0.0187854 0.00278893 0.0350917 4.91726e-05 0.0126031 0.000405988 0.000215441 7.34953e-07 2.30584e-06 0.00135865 0.0675092 0.0154414 0.0110597 0.0940642 2.20493e-09 7.99548e-05 0.0375633 0.000361541 0.00339855 0.0020721 6.49151e-08 0.0156774 0.542715 7.78473e-05 
0.0580294 8.10513e-05 0.00130739 0.0364891 0.0618354 2.01874e-07 0.00181298 0.00230761 0.000698344 0.00105958 2.34581e-05 5.40156e-08 0.000323073 0.017634 0.0750388 0.00402891 0.136023 0.0804506 0.000537214 0.00214669 0.10213 0.00505463 0.0325712 0.117481 2.16071e-05 0.00856351 0.25352 0.000831022 
8.30784e-07 0.000246946 0.000711485 0.0274359 4.83757e-08 3.54214e-07 0.00144764 2.53116e-07 3.01285e-07 1.99963e-05 1.63457e-06 5.04962e-07 3.59166e-05 0.00174973 0.00957739 7.31787e-08 9.96714e-07 0.0028735 1.24144e-05 1.80789e-07 4.04762e-08 1.53648e-07 0.000162274 0.00338503 0.000103561 0.00167428 0.950558 2.86601e-07 
0.126597 0.00399214 6.91253e-08 0.0531378 0.0180215 0.00905538 0.00508295 0.00160466 3.55468e-06 3.54191e-07 7.80126e-07 8.72451e-07 9.53793e-08 0.00177642 0.0156046 0.05978 0.290118 0.0343001 6.78828e-08 0.00738841 0.00820873 9.79235e-06 0.00389534 0.0105533 1.32192e-08 5.39679e-05 0.350808 6.59034e-06 
0.000129433 8.59159e-06 7.98734e-06 0.00140871 2.92231e-05 0.000184966 0.000226963 0.000270969 2.9723e-07 4.9163e-05 3.01711e-05 7.29717e-07 3.17313e-05 0.000827688 0.000549617 0.00108856 0.00276625 0.00413243 4.0416e-07 4.73903e-07 0.00116827 0.00475233 0.0039367 0.0012787 7.87041e-08 0.000362394 0.976734 2.35712e-05 
0.00958086 0.000911276 6.05157e-06 0.00886709 0.00106689 9.22108e-05 0.0166505 0.00134269 6.47664e-05 0.000552689 0.000510177 1.94491e-06 2.08535e-05 0.000973599 0.00447357 0.00267795 0.00763929 0.0238812 7.80746e-07 3.35633e-05 0.0161404 0.00386352 0.0314524 0.00257541 2.80643e-07 0.0250074 0.841561 5.1521e-05 
0.0447377 0.00144904 3.23497e-07 0.0033862 0.00365926 1.55418e-05 0.0448282 1.55224e-05 0.00135351 3.97513e-08 0.000476923 3.35186e-06 0.000557685 2.08907e-05 0.00883998 0.111083 0.032991 0.0395138 3.17683e-07 0.0970052 0.0206988 0.00937941 0.0553537 2.12245e-06 6.1864e-08 0.000125247 0.524502 1.59633e-06 
0.0155797 0.00129263 4.87726e-05 8.51028e-05 0.104171 0.000338077 3.65827e-05 8.46031e-06 0.00865256 2.17555e-07 1.01144e-06 1.36846e-06 2.18646e-07 2.84186e-05 0.00014714 0.0018921 0.0122896 0.000215944 1.55613e-07 2.5137e-06 0.000291497 1.46281e-05 0.000116432 0.00338727 3.03034e-08 9.87799e-05 0.851293 6.69195e-06 
0.00415386 0.0061804 8.98181e-06 0.0309431 0.0866935 0.0470534 0.00203701 0.000493892 0.00760125 0.081555 0.000180499 9.2514e-09 0.000780311 0.00167821 0.0163007 0.00148782 0.00394017 0.00715253 2.52683e-07 0.000549667 0.00343671 0.00332211 0.00741123 0.0172788 1.29362e-06 0.0418933 0.62786 5.5436e-06 
0.0563041 7.1813e-06 3.38244e-07 0.00659872 0.0133237 1.1275e-05 0.0866493 1.10057e-05 0.00138927 4.15634e-08 0.1381 2.54102e-06 4.6671e-07 0.00014797 9.53375e-05 0.00917504 0.0127224 0.00177472 3.32164e-07 0.000995895 9.71334e-05 0.0112186 0.00965039 1.8839e-06 6.46841e-08 0.00717389 0.644547 1.25047e-06 
0.0681352 6.603e-07 1.7658e-10 0.357372 0.00777413 0.00166921 0.00250698 1.72767e-06 0.00158038 0.0079965 0.00118312 8.16226e-07 3.20113e-06 0.00380409 0.0173914 0.0673305 0.0200067 0.000669582 1.73407e-10 0.00403906 0.0246945 1.01042e-05 0.0416858 2.85642e-11 1.33499e-07 0.00791788 0.364226 2.50764e-07 
0.000910433 8.60921e-05 1.38872e-06 0.0673027 0.0253134 0.000709421 0.0914566 0.00149368 3.51382e-05 0.000607949 7.85287e-05 7.16218e-08 1.87026e-05 0.0101593 0.0507988 0.0196049 0.0387472 0.132351 5.46347e-07 1.67141e-06 0.0634364 0.035691 0.0725225 0.0376157 4.97999e-08 0.0179096 0.329606 0.00354109 
0.0162791 0.0028976 0.00177221 0.0109947 0.00470999 0.000103777 0.0166651 0.00119063 0.000635499 0.00071257 2.57799e-05 6.15811e-09 3.20415e-05 0.0079467 0.000659163 0.368893 0.0509167 0.0176886 2.86972e-07 0.00210898 0.0320899 0.00802129 0.0152604 0.00461389 0.0116317 0.0177812 0.406344 2.59465e-05 
0.00464274 3.42593e-07 2.31979e-08 0.000940621 0.000710318 0.00271252 2.09782e-06 4.24178e-05 1.7586e-09 7.1699e-06 8.67261e-05 6.15894e-08 2.74026e-07 0.0020273 0.236486 0.0341385 0.0120448 0.166059 1.25678e-07 0.0104941 0.0124968 0.00719858 0.134554 0.0196437 1.98534e-07 0.0311642 0.324547 1.26308e-06 
0.114643 0.00572556 1.95353e-08 0.0578333 0.0111966 0.00898197 0.0153249 0.00218513 1.43816e-10 0.00162658 0.000988287 2.41041e-10 8.41902e-08 0.00293991 0.0702675 0.00774748 0.176984 0.0451128 1.95555e-10 0.00104733 0.0523461 0.030251 0.0287515 0.0654387 3.80814e-11 0.0119858 0.288237 0.000385786 
0.000557872 5.38256e-05 5.72308e-05 0.0105599 0.000624572 0.00452821 0.022824 0.0032819 4.79518e-06 0.000526076 0.000115617 1.26557e-06 1.79787e-05 0.00569443 0.0124506 0.00358858 0.0204531 0.0069603 1.74656e-07 3.88241e-05 0.011472 0.00572212 0.00541879 0.0026162 0.00014272 0.00221322 0.879999 7.69418e-05 
0.000635443 0.000270416 0.010861 0.0636705 0.0811495 1.81174e-06 0.00342594 1.29464e-06 0.01609 5.55877e-05 2.07801e-06 2.58279e-06 2.94416e-06 3.94703e-07 0.0048762 0.00310374 0.000568839 0.00122353 0.000416608 9.247e-07 2.07028e-07 0.000114793 0.0220327 0.000671666 4.08048e-07 2.35638e-07 0.790819 1.46591e-06 
0.00438309 0.00694008 5.05015e-08 0.0310573 0.0265706 0.00120579 0.0188288 0.0630472 0.00175498 0.0778104 0.000388283 1.07754e-06 6.43445e-05 0.00200487 0.0276978 0.00223189 0.00270966 0.0716069 3.07482e-06 0.00016906 0.00720003 0.0014488 0.0476969 0.0975367 1.53595e-07 0.030563 0.477053 2.58136e-05 
0.0116589 0.0027988 5.38736e-08 0.0355029 0.0469033 8.95424e-06 0.13884 1.21308e-05 0.00360296 0.00017377 9.70798e-07 1.47049e-06 4.05081e-06 0.00518151 0.000135783 0.254616 0.0193858 0.0281406 0.00122229 2.14998e-06 0.00712313 0.0255455 0.00214747 2.94278e-06 1.03025e-08 0.000936083 0.416051 6.02011e-07 
0.00657478 0.000394953 5.65047e-09 0.149589 0.0210929 1.04834e-05 0.028804 0.00028793 0.00541246 0.00938648 4.7885e-07 0.0792719 4.95399e-06 0.000972924 0.0354479 0.00664443 0.0107163 0.0106936 4.21564e-11 2.11976e-05 0.00228454 0.00573744 0.00551789 0.0100426 4.68195e-06 0.00827147 0.598217 0.00459805 
0.000313931 2.97649e-05 1.5973e-09 0.00017745 3.58121e-05 5.3985e-05 9.55621e-05 5.45626e-05 5.00659e-05 1.96276e-10 6.21352e-06 1.12695e-05 2.20396e-09 7.20724e-05 0.000476743 0.000595742 0.0446471 0.000778751 1.56859e-09 1.3211e-05 0.000486375 0.000139519 0.000521628 7.82423e-06 3.0546e-10 0.000422584 0.951005 5.12137e-06 
0.0364594 0.000556594 5.63087e-07 0.00323223 0.00134764 1.14779e-05 0.00229266 0.000122411 0.000937823 1.86507e-06 6.17969e-07 3.57557e-05 1.60799e-06 0.00109201 0.00574659 0.00615125 0.00376168 0.0198053 3.54604e-05 0.000252592 0.00165583 0.000599157 0.00740754 0.0278826 0.147026 0.00538702 0.728178 1.93279e-05 
0.00680389 0.000137019 0.00205082 0.0262906 0.000571954 9.05655e-05 0.00819922 0.00108939 7.45553e-11 0.000620284 2.11767e-05 1.24957e-10 0.00189486 0.0029591 0.000897552 0.00630012 0.0789219 0.0644778 1.01377e-10 6.57792e-07 0.00525005 0.00418681 0.00833807 0.0483066 8.70818e-07 0.00271525 0.729735 0.000140555 
8.19083e-05 2.75007e-05 5.35349e-09 0.0311357 0.102509 0.0924479 0.00132265 0.122176 0.00184224 0.000195257 2.1091e-06 9.40868e-07 7.38677e-09 0.00725387 0.166655 0.0162665 0.0188784 0.0296029 5.25727e-09 2.01183e-06 0.000107341 0.0031103 0.0185437 0.00987783 4.05704e-06 0.0137054 0.364251 6.91629e-07 
0.000959957 1.51402e-06 4.33503e-09 0.0124146 0.0814925 0.000175468 9.13991e-06 0.000101374 0.00132605 0.15836 1.37574e-06 5.24731e-09 5.36777e-06 1.18275e-06 0.0051038 4.19131e-06 0.0017415 3.85917e-05 4.25712e-09 0.0038996 3.38105e-06 0.00240667 2.07953e-05 0.031735 8.2901e-10 0.0385651 0.661633 2.97821e-09 
0.00626741 2.0791e-05 1.79376e-05 0.0635287 0.0261123 0.0288256 3.85884e-05 0.000713025 0.00209623 0.000419294 1.42583e-06 2.23982e-06 3.58261e-05 3.02252e-05 0.0155169 0.209353 0.00374223 0.0047325 6.17586e-05 3.19909e-06 0.0209902 2.36665e-05 0.00106736 7.52714e-06 5.32077e-08 0.000101556 0.616281 8.97129e-06 
