0.0780949 0.00108919 0.00290272 0.472434 0.0392323 0.00567083 0.028653 0.00530959 0.00256045 0.00194833 0.00445686 7.74811e-06 0.000645818 0.0299864 0.0785896 0.0051474 0.00754966 0.0900672 1.20335e-06 0.00037402 0.016639 0.000674176 0.0235377 0.0391296 1.83155e-05 0.0418499 0.000507237 0.0229225 
5.05599e-07 5.05183e-07 0.00272701 0.578829 0.066894 0.00429325 0.0969102 5.05226e-07 5.05134e-07 0.0259891 0.00237366 5.04738e-07 0.00121155 0.0038428 0.0734129 5.05572e-07 5.05552e-07 0.0319556 5.04923e-07 5.05363e-07 0.0272542 5.05417e-07 5.0565e-07 0.0156736 0.00101162 0.0266974 5.04808e-07 0.0409184 
0.0322504 0.00349244 0.00208939 0.396113 0.0611439 0.00229103 0.0446343 0.00106002 0.00709434 0.043005 0.00170452 0.00326304 0.00229843 0.0143931 0.0417047 0.118006 0.0183169 0.0125388 1.91957e-05 0.00318948 0.0331819 0.0034245 0.0969082 0.00654321 2.03783e-05 0.0458848 0.00348758 0.00194165 
0.0148201 0.00202692 3.74022e-06 0.607094 0.0136204 0.00414597 0.0671031 0.00610541 0.0029137 0.00675239 0.000215595 8.17618e-05 0.00472948 0.00324556 0.0372024 0.00315002 0.0179 0.0251564 1.83469e-06 0.00123392 0.00137017 0.00233429 0.00704068 0.146296 9.04199e-05 0.00657251 0.000500701 0.0182921 
0.0266937 0.000297208 2.52221e-08 0.836129 0.00149032 3.35414e-05 0.0215224 7.91219e-08 4.61549e-08 3.83636e-08 2.85833e-05 2.26341e-11 0.000189227 0.000644003 0.00106297 0.0523171 0.0115557 0.00402577 6.78347e-09 0.000142683 0.0106425 6.88857e-05 0.0172539 0.00608189 4.18071e-09 0.00981874 1.66441e-06 3.40656e-08 
0.00290004 0.0516163 1.64384e-07 0.434167 0.000170662 2.60007e-07 0.0130116 0.00483974 0.0077433 0.00966381 0.000124336 1.52207e-09 0.000319732 0.0169564 0.0299195 2.92745e-05 0.000144916 0.0163838 0.000126828 0.000124273 0.00182799 1.96477e-07 0.000447918 0.00423933 0.000798926 0.00111929 1.41208e-09 0.403324 
0.00192646 0.000179906 2.61336e-11 0.505523 0.00225604 2.21897e-11 0.41471 1.58564e-11 1.4443e-07 0.000198684 0.00479655 1.95811e-08 2.49574e-05 5.92273e-05 0.0184069 0.00275811 1.92745e-08 0.00966132 4.53411e-08 1.13255e-11 0.00565128 0.0148206 0.00064968 0.00547598 4.99767e-12 0.0126608 3.05345e-07 0.000239496 
0.00127123 0.000200448 0.0101741 0.672386 0.0137717 0.00749734 0.00497303 0.00155786 0.0569581 0.0443193 6.31578e-05 4.9007e-08 0.0011793 0.00481479 0.0411832 0.00156566 0.00598974 0.0354526 5.29682e-08 0.000187628 0.0123155 0.00184947 0.0227737 0.0227343 6.58263e-07 0.0100184 7.92474e-06 0.0267548 
0.000126438 0.00155383 4.27266e-05 0.622208 0.0120805 0.0780727 0.0135602 0.000996115 0.00106984 0.135099 1.22808e-06 4.79397e-11 0.0120675 0.000705142 0.00471504 0.00829609 0.0126481 4.80947e-05 1.20772e-09 0.000410651 0.012534 0.00937878 0.0273073 0.000390129 2.37428e-08 0.0438555 0.000519179 0.00231348 
0.00320115 9.01949e-07 0.00243787 0.652451 0.00409986 2.48791e-05 0.000274107 0.0323642 3.75267e-08 0.0196483 0.00373209 5.65925e-08 0.0045351 0.00799441 0.00137674 7.20597e-05 0.0278738 0.0463691 2.1797e-09 0.00160492 0.00979819 0.00257775 0.0402166 0.0312775 2.50134e-05 0.0635167 0.00146831 0.0430597 
0.0020896 7.96983e-06 2.66036e-07 0.700307 2.8847e-06 2.35602e-06 0.165526 6.65309e-08 6.30459e-05 0.0502872 4.13812e-11 2.42244e-08 0.00256847 0.00596359 0.0230886 0.00496559 0.0103914 0.0109192 7.63458e-09 0.000246068 0.00035987 2.16302e-05 0.00506974 0.0117175 1.78905e-06 0.00461808 4.10657e-08 0.00178185 
0.00647399 0.00270095 0.00296602 0.260441 0.0367761 0.00465387 0.0017195 0.00383295 0.00227152 0.083127 0.000273081 0.000248999 0.000156212 0.0646072 0.0976354 0.0158127 0.0272663 0.0179396 2.34354e-05 0.00205679 0.0899904 0.0233687 0.106409 0.00979282 0.0293857 0.107407 0.000910482 0.00175296 
0.00099671 6.28394e-05 7.58994e-07 0.958597 0.00536005 3.68992e-05 0.00251577 0.00259985 0.000291454 0.00018846 2.22327e-06 1.76759e-09 0.000155571 0.000778715 0.000951276 0.000694518 0.000701177 0.00993405 1.04312e-07 3.89866e-05 0.00264166 8.55927e-05 0.0108992 0.00223094 8.10928e-07 0.000233912 1.46631e-07 1.34905e-06 
0.0450904 0.00242286 1.47872e-09 0.389299 0.0164804 5.80001e-05 0.0166169 5.52405e-05 0.00206927 0.12679 0.00545305 5.84e-08 0.000148703 0.00134595 0.0628579 0.0780686 0.00916772 0.0112665 3.14718e-06 0.000186431 0.0288449 9.97332e-06 0.183581 0.00597918 5.78426e-08 0.01325 7.33691e-05 0.000880909 
0.00170398 0.000945433 4.12809e-07 0.603834 0.0114712 0.000213937 0.0588798 0.0034693 2.98437e-05 0.0522061 7.06366e-06 0.0700794 0.000121015 0.00411775 0.00497652 0.0113134 0.0238288 0.02171 2.2138e-07 0.00409958 0.00471151 0.0125199 0.0104969 0.00728796 4.78017e-07 0.0870918 2.52924e-05 0.0048585 
0.00292601 0.00257345 9.28709e-05 0.641124 0.0140431 0.000689237 0.103066 0.002914 0.0122287 0.029034 0.000370113 0.00464083 0.0018412 0.00815398 0.0589487 0.00309721 0.00965949 0.0375354 9.17336e-07 0.000908082 0.00663825 0.00278674 0.022398 0.0101936 1.04041e-05 0.0207331 0.000490103 0.00290253 
0.002677 0.0112376 8.93945e-08 0.440503 0.208388 0.0053568 0.0314365 0.00743492 0.00307017 0.0483055 0.00010492 3.09616e-09 0.000338568 0.0204388 0.0077233 0.00621154 0.0241848 0.0111307 0.00024685 0.000175599 0.0142741 0.00476613 0.0417585 0.0179981 1.82101e-05 0.0911333 5.28844e-07 0.00108596 
0.0783897 6.98079e-07 6.97696e-07 0.351674 6.98683e-07 0.000140271 0.27586 6.98138e-07 0.00111751 0.115492 0.00411729 6.97464e-07 6.97274e-07 0.0185836 0.0621106 6.98617e-07 6.98589e-07 0.0143237 6.97719e-07 0.000210197 6.98703e-07 6.98402e-07 0.0455577 0.0111788 6.98599e-07 0.0155814 6.97561e-07 0.00565488 
0.019097 0.00103356 0.000301352 0.363992 0.0377014 0.001373 0.0381334 0.00318918 0.0085696 0.0852361 0.0118117 0.000825558 0.12462 0.0094174 0.0854863 0.0135474 0.0126019 0.0136359 6.30053e-05 0.00414205 0.051131 0.0056054 0.0425878 0.0132346 4.39734e-05 0.0483629 0.000769101 0.0034877 
8.25334e-08 4.66434e-08 1.43838e-11 0.585988 0.0163375 1.22131e-11 0.00758066 0.000602993 0.000235212 2.75736e-08 0.347354 1.74108e-11 0.0020871 0.00175864 0.00561689 0.000463849 0.000447934 1.15501e-07 1.02428e-08 0.000308144 0.0011865 0.000162628 0.00457658 0.00226135 2.05259e-05 1.58845e-12 3.79042e-05 0.0229726 
0.00983574 0.00439851 0.00256641 0.560595 0.0658398 0.00125717 0.04605 0.00831314 0.00404003 0.0333242 0.00397918 0.00161752 0.00292784 0.0204783 0.0241642 0.0119582 0.00890413 0.0153616 8.96993e-06 0.000644406 0.0144216 0.00656538 0.0341172 0.00945276 7.08785e-05 0.0320817 0.00452508 0.072501 
0.0105905 0.0240491 5.61831e-09 0.378464 0.0247648 0.00190959 0.0136934 0.00227215 0.000150622 0.275762 0.0277676 7.09066e-11 2.7849e-05 0.0423413 0.00628543 0.00525157 0.00897851 0.00711407 5.69988e-07 0.000741231 0.049157 0.0085336 0.0814737 0.0030614 4.32648e-05 0.0273012 7.944e-05 0.000185762 
0.00276193 0.00119956 3.95716e-05 0.860261 0.0146757 0.00025222 0.00658464 0.0019696 0.00537394 0.00587098 1.80319e-06 3.68275e-06 9.77423e-05 0.00153465 0.0215744 0.000403973 0.00444168 0.0328036 8.65865e-08 0.000113536 0.00108613 0.00039277 0.00646078 0.0297527 8.37158e-06 0.00233396 1.23285e-07 1.09274e-06 
0.00178319 0.000570322 0.000151238 0.579985 0.0383806 0.00527485 0.00949842 0.00127351 0.0394121 0.200853 2.56196e-05 8.59111e-08 0.00914854 0.00963126 0.0164834 0.00684928 0.00447567 0.00623832 7.07741e-05 0.00267569 0.00559859 0.00531882 0.0147986 0.00157027 4.01442e-05 0.0366607 0.00020502 0.00302743 
9.71237e-08 3.41697e-11 0.00469696 0.864419 0.00940897 0.000855381 0.00932923 3.14864e-11 0.000792791 0.000874445 9.59644e-05 6.28148e-11 2.932e-05 6.42953e-05 0.00584236 3.80542e-06 0.00279716 6.44956e-08 5.09613e-11 0.000657011 0.00191626 0.00312398 0.000719809 0.0382402 1.6046e-06 0.00543895 1.4681e-08 0.0506924 
0.0118854 0.000268562 0.00276116 0.372983 0.0338963 0.00100754 0.0060284 0.00511023 0.00129139 0.186824 0.181565 2.48856e-10 0.0211261 0.0205398 0.0273982 0.00470329 0.00443028 0.0389779 1.1397e-05 0.000165563 0.0126566 0.000682594 0.0268549 0.00312911 5.39262e-05 0.0182878 0.00106739 0.0162943 
0.000279873 6.82661e-05 4.22267e-06 0.274384 0.17403 8.91166e-05 0.159149 0.00635686 0.00186583 0.0720797 0.000204463 8.48676e-07 4.83416e-05 0.00125119 0.0239225 0.00772186 0.00532692 0.0341407 2.63664e-09 0.000119986 0.0253994 0.0149659 0.191031 0.00301394 1.64923e-05 0.00238603 4.58375e-05 0.00209697 
0.0077295 0.00151409 0.0163603 0.257863 0.000431643 0.000770057 0.000673965 8.23153e-06 0.0668143 0.156723 7.3003e-05 3.89556e-09 0.00366713 0.00135889 0.0529581 0.00043542 0.00804946 0.0203621 8.66171e-06 0.0302807 0.00345586 0.000304936 0.00860017 0.119113 3.50313e-06 0.171624 0.0708158 1.3789e-06 
0.00412999 0.00112038 0.00848115 0.292591 0.270683 0.000316699 0.0637122 0.000825276 0.0203273 0.00748839 8.58379e-06 8.38554e-08 0.00113793 0.000200097 0.065928 0.068201 0.0295992 0.0169674 1.16643e-06 8.41584e-05 0.018225 0.00155396 0.071565 0.0323802 0.000176109 0.00533762 0.00963116 0.00932715 
0.000671313 0.000185315 6.5298e-06 0.491215 0.0812375 3.16792e-06 0.039595 0.000141873 5.53812e-05 0.0428449 2.80955e-05 2.27334e-06 0.000992936 0.000176958 0.0827441 0.00219714 0.000249175 0.00213414 2.38411e-06 1.75159e-05 0.00103937 0.0150797 0.194436 0.0195702 0.000313249 0.0181148 2.19195e-06 0.00694393 
0.00645897 0.000527533 6.03738e-05 0.622008 0.0299225 0.000997055 0.0963851 0.00196261 0.00232341 0.0259633 0.000478991 0.000158377 0.00158569 0.00563937 0.0162237 0.00177488 0.00297906 0.0220969 3.48298e-06 0.000649409 0.01199 0.000561985 0.0354161 0.00555635 2.2581e-05 0.00931356 3.04046e-05 0.0989106 
0.00431907 0.0382898 7.29124e-09 0.455066 0.0202742 0.00306859 0.00871382 0.00326013 5.80136e-05 0.278709 0.0368565 4.27085e-11 3.52031e-05 0.0558226 0.00297691 0.00358948 0.00606501 0.000950995 1.42933e-08 0.00097164 0.0196455 0.0118003 0.035595 0.00244959 5.41387e-05 0.0114166 2.84439e-06 9.64439e-06 
0.0159391 0.00451161 0.0030742 0.519512 0.0521988 0.00266494 0.170582 0.0064862 0.0109126 0.0249075 0.00155727 5.38907e-05 0.00800017 0.0121689 0.0409841 0.00993529 0.00475995 0.0120525 1.69573e-05 0.0019164 0.0159996 0.00186424 0.041294 0.00678749 0.0018994 0.0253724 0.00338958 0.00115899 
0.0136606 0.00327599 2.33213e-05 0.544257 0.00839148 0.000206267 0.00510369 0.0030499 0.00164967 0.0608547 0.000785889 1.50737e-08 0.000146298 0.00644551 0.0181855 0.000732147 0.00113375 0.0945048 4.69967e-06 0.000233347 0.00998991 0.000775121 0.0253326 0.00922772 1.93159e-05 0.0108307 3.39567e-05 0.181146 
4.51738e-08 0.000369587 2.1827e-08 0.780006 0.0370019 0.000172443 0.00461298 1.26329e-07 0.000645084 0.0860158 5.68067e-08 1.21571e-07 0.00255031 0.00117856 0.00638487 2.75449e-08 2.13701e-07 1.93221e-06 4.55397e-09 2.49439e-08 1.07509e-07 6.75866e-09 8.85603e-07 4.02414e-08 7.53518e-09 0.00630175 1.95226e-08 0.0747569 
0.00031726 8.78993e-06 4.0954e-06 0.81968 0.00300367 3.31126e-05 0.000136071 3.87893e-05 2.42956e-05 0.150491 1.98067e-06 7.33622e-07 0.000327578 0.000232563 0.00193471 1.27284e-05 3.2354e-05 0.00304762 2.18432e-07 1.75087e-06 0.000910557 0.00144636 0.00439127 2.5894e-06 5.92576e-07 0.00722623 1.18488e-07 0.00669347 
0.00099671 6.28394e-05 7.58994e-07 0.958597 0.00536005 3.68992e-05 0.00251577 0.00259985 0.000291454 0.00018846 2.22327e-06 1.76759e-09 0.000155571 0.000778715 0.000951276 0.000694518 0.000701177 0.00993405 1.04312e-07 3.89866e-05 0.00264166 8.55927e-05 0.0108992 0.00223094 8.10928e-07 0.000233912 1.46631e-07 1.34905e-06 
1.6119e-06 5.46246e-06 4.36397e-09 0.903998 0.0226406 3.70538e-09 1.0134e-09 2.64781e-09 9.45823e-06 1.16907e-05 4.24996e-09 5.28234e-09 5.4253e-06 8.0725e-10 0.073277 7.65512e-10 8.73935e-10 2.69684e-06 4.28554e-09 1.89121e-09 4.23416e-10 1.60729e-09 1.44125e-06 7.05929e-10 8.34544e-10 4.81929e-10 1.07863e-05 3.53805e-05 
0.00683276 0.0116464 0.0121476 0.533329 0.0360376 0.0238115 0.00795811 0.000468522 0.050509 0.0459895 0.0176269 2.7437e-07 0.000337528 0.00267402 0.054274 0.00450593 0.00157726 0.0654206 3.1719e-05 0.000202228 0.0119137 5.29828e-07 0.0566918 0.00440446 1.71031e-07 0.00493528 6.51817e-05 0.0466083 
0.00079783 5.05031e-05 6.54888e-07 0.966792 0.00428922 2.97433e-05 0.00201356 0.00208162 0.000234832 0.000150992 1.83605e-06 1.75182e-08 0.000124934 0.000623575 0.000761492 0.000556111 0.000561403 0.00794871 9.92407e-08 3.1359e-05 0.00218491 6.87744e-05 0.00872095 0.00178547 6.66032e-07 0.000187333 1.39074e-07 1.13395e-06 
0.0879914 5.84508e-05 0.00250114 0.559863 0.0375655 0.00826304 0.00236408 0.0062053 0.134826 0.036195 8.51643e-05 3.89535e-08 0.000462851 0.00464727 0.0547346 0.000369014 5.23309e-05 0.00171988 2.17825e-09 0.000339292 0.0166337 0.0045058 0.0238616 0.0156639 3.16776e-06 0.000702251 1.80265e-06 0.000384561 
0.00313967 3.35824e-05 5.88926e-07 0.450039 0.00591461 0.0074955 0.0041516 0.00867976 0.000338114 0.000285665 1.06625e-05 7.42134e-09 0.00210727 0.0388953 0.0977611 0.00097864 0.00271685 0.149667 1.0503e-07 0.00019507 0.00659376 0.000838663 0.159988 0.0119719 3.06491e-05 0.0473318 5.04479e-05 0.000784774 
0.00228146 0.00217716 0.000427963 0.470875 0.0358096 0.00469215 0.00474852 0.00109257 0.00662197 0.192199 0.061371 2.60378e-08 0.00135306 0.000929017 0.00591582 0.000999856 0.00559766 0.00722919 1.10881e-06 0.000481685 0.0219502 0.0150979 0.105704 0.000794262 1.37688e-05 0.050168 6.56539e-05 0.00140319 
0.00294011 0.000447786 0.000231382 0.444005 0.0193748 4.31524e-06 0.0221746 0.000259356 0.0657805 0.00705941 6.3875e-05 2.14826e-07 0.000216846 0.00873388 0.0920735 0.00741152 0.0653898 0.0102245 6.90505e-06 0.0106258 0.105124 0.0123349 0.0346246 0.00614944 0.0391486 0.0428209 4.25811e-05 0.00273029 
0.0149105 0.00167052 0.000134742 0.153913 0.0936197 0.00054962 0.0577526 0.000536842 0.000103497 0.0160193 0.00012182 0.00283451 0.00249421 0.0217206 0.0243592 0.0969806 0.133537 0.0708839 1.67589e-05 0.0215874 0.0405988 0.0019165 0.152864 0.0486991 3.23592e-06 0.0376489 2.29008e-06 0.00452 
0.0151888 0.000157832 0.00421432 0.429621 0.0221117 0.000342022 0.12529 8.42012e-05 0.00369574 0.00350665 1.08727e-05 2.8882e-05 2.06582e-05 0.00102914 0.0429238 0.00967494 0.0286781 0.058587 7.8053e-08 8.66945e-05 0.00366755 1.42897e-05 0.175101 0.0682075 5.93386e-08 0.00718144 2.46744e-05 0.000550898 
0.0457502 4.69172e-05 0.00163163 0.366288 0.00207595 0.000984247 0.00596362 3.8958e-05 7.27144e-06 0.0101947 0.00318802 3.32841e-06 5.85847e-05 0.0376069 0.0270633 0.0028737 0.039959 0.104071 6.69784e-07 0.000512634 0.0266187 0.00011882 0.00770436 0.0549981 2.31145e-05 0.262126 1.5511e-06 9.11801e-05 
0.0138564 0.00101699 8.27175e-06 0.382837 0.0389273 0.00230096 0.0273072 0.00684506 0.00571265 0.0930476 0.0257299 0.000144901 0.000199357 0.00972853 0.0514834 0.0144123 0.00665653 0.0308289 7.55978e-07 0.000698622 0.100974 0.003658 0.0566704 0.0106105 2.0696e-05 0.103821 0.00656311 0.00593966 
8.25334e-08 4.66434e-08 1.43838e-11 0.585988 0.0163375 1.22131e-11 0.00758066 0.000602993 0.000235212 2.75736e-08 0.347354 1.74108e-11 0.0020871 0.00175864 0.00561689 0.000463849 0.000447934 1.15501e-07 1.02428e-08 0.000308144 0.0011865 0.000162628 0.00457658 0.00226135 2.05259e-05 1.58845e-12 3.79042e-05 0.0229726 
0.0458851 0.000104282 4.24114e-06 0.725748 0.00454522 0.000138707 0.0438857 0.00204879 9.38213e-10 0.0257812 7.37479e-07 6.17323e-05 0.00042379 0.00308972 0.0242575 0.000152568 0.000188529 0.0359952 2.65699e-05 0.00370104 0.0496766 7.15222e-05 0.00802326 0.023637 5.21863e-07 0.00102691 2.32985e-07 0.00152479 
8.25334e-08 4.66434e-08 1.43838e-11 0.585988 0.0163375 1.22131e-11 0.00758066 0.000602993 0.000235212 2.75736e-08 0.347354 1.74108e-11 0.0020871 0.00175864 0.00561689 0.000463849 0.000447934 1.15501e-07 1.02428e-08 0.000308144 0.0011865 0.000162628 0.00457658 0.00226135 2.05259e-05 1.58845e-12 3.79042e-05 0.0229726 
0.00145235 6.76015e-06 1.59405e-07 0.452696 0.000178466 1.1559e-05 0.0217442 5.9659e-05 8.61076e-11 0.416629 2.55298e-06 1.70775e-08 2.02488e-05 0.0107951 0.0391176 2.41393e-05 2.16396e-05 0.0321036 1.82184e-08 0.000539898 0.00233126 0.00288927 0.000123591 0.0183069 2.98949e-05 0.000914905 1.47142e-06 4.55985e-08 
0.0920851 1.44665e-05 0.0348911 0.177868 0.0295472 0.000123454 0.000208493 2.72563e-06 2.90793e-07 0.00619203 0.000932261 4.61215e-10 0.15967 0.0495047 0.0300329 0.00101424 0.0176292 0.0878561 4.40598e-08 0.00357568 0.10087 7.61646e-05 0.00820072 0.0797942 2.35701e-05 0.115933 0.00365637 0.000298849 
0.00333032 0.000149198 0.000189699 0.62776 0.00784179 0.00418788 0.00748723 0.00524813 0.000967942 0.0864143 9.81429e-05 2.25692e-11 0.00211504 0.111387 0.0172445 0.00576754 0.0110399 0.0244435 1.88706e-06 0.000473351 0.0176218 0.00584351 0.0172023 0.0183475 0.00236663 0.00887495 0.00571187 0.00788407 
0.00737062 0.0185412 2.15669e-05 0.692846 0.066085 0.000319685 0.0226383 0.00421722 0.00378451 0.00613794 7.79728e-06 1.11181e-07 0.00623357 0.00630921 0.0219568 0.00382862 0.00621211 0.0338545 4.25759e-07 0.000496637 0.0106955 0.000526426 0.066958 0.00838289 1.68575e-05 0.0119576 1.50213e-05 0.000585786 
0.0244578 0.0025834 0.00034881 0.260813 0.00216353 0.000222352 0.238171 0.000358515 0.00064413 0.0459624 0.0039006 3.32406e-07 0.00260822 0.0014583 0.222603 0.0102019 0.012502 0.0742581 4.31105e-06 0.00386752 0.00414857 0.00221776 0.00751039 0.0647271 1.93888e-05 0.013438 6.67947e-05 0.000742354 
8.25334e-08 4.66434e-08 1.43838e-11 0.585988 0.0163375 1.22131e-11 0.00758066 0.000602993 0.000235212 2.75736e-08 0.347354 1.74108e-11 0.0020871 0.00175864 0.00561689 0.000463849 0.000447934 1.15501e-07 1.02428e-08 0.000308144 0.0011865 0.000162628 0.00457658 0.00226135 2.05259e-05 1.58845e-12 3.79042e-05 0.0229726 
0.00128658 0.00340685 2.07163e-08 0.566009 0.0226022 0.00863167 0.0639943 0.0218734 0.000268041 0.10331 1.71192e-07 4.39156e-09 0.00226336 6.02471e-05 0.119853 0.00899047 0.0115829 0.00501374 9.52757e-08 1.90763e-05 0.0037447 0.0162997 0.0307389 0.00201013 2.05224e-06 0.00740176 4.66344e-05 0.000590441 
0.00987909 0.00755366 0.000718844 0.605192 0.0035185 0.00410028 0.038985 5.2399e-05 0.000516761 0.0888623 5.61201e-06 7.22984e-07 0.00856026 0.0164152 0.110729 0.00696076 0.0143177 0.00807061 2.17752e-05 0.00142357 0.00990059 0.000654752 0.0104628 0.0174571 1.77127e-05 0.0344958 3.03322e-05 0.00109648 
0.0107005 0.00259955 0.000954926 0.424944 0.138903 0.00781248 0.0251076 0.0143989 0.00496246 0.0638765 0.000745113 8.84042e-05 0.0572964 0.0184403 0.0516342 0.0123193 0.0108878 0.023683 0.000515584 0.0013807 0.0223165 0.00918498 0.0563374 0.00712565 0.000618531 0.0235614 0.000605317 0.00899915 
0.00540748 0.000196375 3.32412e-06 0.245144 0.0729961 0.0130113 0.210553 0.000122417 0.00140533 0.0235677 0.000101264 3.30642e-10 0.000112201 0.0179772 0.19787 0.00465268 0.0368387 0.0412166 1.45439e-05 1.16785e-06 0.00218756 1.6305e-05 0.0883569 0.0276745 7.62914e-06 0.00882834 1.51742e-07 0.00173746 
0.000433231 0.000101091 1.36638e-05 0.392877 0.14421 0.000833314 0.00909343 0.172842 0.0111226 0.0105132 0.000209256 4.18813e-05 0.00015745 0.000261945 0.158512 0.00317622 0.0411612 0.0169399 2.60867e-05 0.000506187 0.00656453 0.00208495 0.0150359 0.00192262 1.57675e-05 0.0109083 2.30539e-05 0.000413165 
0.0207845 0.00238436 0.0029109 0.366892 0.0411623 0.00405647 0.0317709 0.00453213 0.0104838 0.276019 0.0111521 0.00036582 0.00239317 0.0100572 0.0497878 0.0113383 0.00775271 0.020635 6.85758e-05 0.00465339 0.0198497 0.00478686 0.0364661 0.0158321 0.000812493 0.032733 0.00113867 0.00918094 
0.00752457 0.00178704 1.74645e-05 0.342515 0.0339915 0.0138278 0.0625459 0.000124406 0.29886 0.0206191 2.06354e-05 2.05819e-06 9.32347e-05 0.00107527 0.0384221 0.00062148 0.0117663 0.0485248 3.12566e-06 0.00277821 0.016203 0.0142552 0.0227471 0.00503117 2.92529e-05 0.0563511 4.01491e-06 0.000259209 
0.000207002 7.5424e-07 1.14547e-06 0.810862 0.153373 0.000968835 7.61895e-06 0.00352604 8.27271e-07 0.0241646 0.000340316 3.97136e-05 1.58053e-06 0.00074993 0.000169902 2.00935e-07 2.29394e-07 1.33537e-07 1.12489e-06 4.96412e-07 0.000227452 0.00514922 0.000141107 1.85295e-07 6.37988e-05 1.26499e-07 1.28634e-06 7.86952e-07 
0.013471 0.00515557 1.08781e-05 0.779616 2.82141e-05 0.000445069 0.00329317 2.51046e-09 0.074484 0.0206305 1.39941e-05 2.98413e-11 0.00010842 0.00169148 0.0630556 3.89945e-10 0.000106584 0.000711354 2.42101e-11 0.00108819 0.00012302 5.27221e-05 3.17252e-05 0.0275001 4.93462e-06 0.00333174 6.68613e-08 0.00504573 
0.00099671 6.28394e-05 7.58994e-07 0.958597 0.00536005 3.68992e-05 0.00251577 0.00259985 0.000291454 0.00018846 2.22327e-06 1.76759e-09 0.000155571 0.000778715 0.000951276 0.000694518 0.000701177 0.00993405 1.04312e-07 3.89866e-05 0.00264166 8.55927e-05 0.0108992 0.00223094 8.10928e-07 0.000233912 1.46631e-07 1.34905e-06 
0.0112369 0.000632748 7.26249e-05 0.328452 0.0937944 0.0140372 0.0452934 0.000694261 0.0118148 0.0373844 0.00122091 0.000450432 0.000332712 0.0142797 0.0455389 0.0104878 0.00847933 0.0362976 1.31426e-05 0.00480657 0.131824 0.00935102 0.0821897 0.0620345 8.10556e-05 0.0313853 1.02307e-05 0.0178051 
0.0266981 0.000129726 0.00208479 0.403578 0.0189802 0.000324239 0.0309904 0.0017514 0.0130337 0.0157967 0.000415106 1.86455e-05 0.190606 0.0295195 0.072087 0.00483055 0.00487846 0.0857726 6.7641e-06 0.00106629 0.0159021 0.00147102 0.0376799 0.0197787 4.64806e-05 0.016761 0.0002098 0.00558205 
0.0202081 0.00016831 1.07443e-05 0.330782 0.122533 0.000621494 0.00906767 0.000186082 5.61782e-05 0.00693796 3.48228e-05 1.11545e-09 1.41785e-05 0.00583082 0.0871284 0.00077154 0.026292 0.0787367 0.00011656 0.000543259 0.00400828 0.000292199 0.27281 0.00813064 2.85011e-06 0.0242994 1.74192e-07 0.000417017 
0.155432 1.64431e-10 2.52221e-08 0.25103 0.0848064 2.14156e-08 3.77527e-06 1.33351e-06 0.00571741 0.0125065 3.89362e-07 3.02276e-10 6.92584e-08 1.30272e-06 0.126882 0.107191 0.0561481 2.76569e-06 2.45235e-10 5.95234e-06 0.200142 1.94998e-06 2.73061e-06 4.0396e-11 0.000116248 5.7307e-06 2.80434e-10 2.12755e-06 
0.0133271 0.00103434 3.50902e-06 0.647575 0.0293239 0.00050862 0.011895 0.00152925 0.0076742 0.0222448 0.000276404 0.000190402 0.000283523 0.0328061 0.0114041 0.00147203 0.00353736 0.0739996 5.76389e-06 5.57077e-05 0.0300781 0.000909112 0.07381 0.00248443 5.57149e-05 0.00617053 9.13806e-06 0.0273361 
0.0240592 0.000500255 0.151214 0.2874 0.00949802 0.0015584 0.0218512 0.006751 0.00222767 0.0116767 0.00128526 3.40158e-06 0.00466373 0.00948854 0.0244526 0.00741997 0.013799 0.0574369 9.04891e-06 0.129918 0.0214292 0.00108824 0.0145412 0.143096 0.00409467 0.0205211 0.000159729 0.0298569 
0.000207207 0.0002843 0.00293353 0.605769 0.129633 2.63677e-07 0.155514 0.00808793 0.00675559 0.000925358 1.07593e-07 1.76214e-08 0.0342031 8.38031e-05 0.00966064 0.000191874 0.000433687 0.000322483 5.80854e-05 0.000222167 0.0107551 0.00890849 0.0216867 0.000136516 0.00034388 0.00167754 2.5581e-08 0.00120561 
0.000833048 0.000429889 5.87719e-05 0.626847 0.0893899 0.000118771 0.0132628 0.000138971 0.0653697 0.021111 3.02193e-05 2.14841e-10 0.000282344 0.00669591 0.121864 0.000250174 0.000405766 0.0213205 2.82345e-06 0.00350451 0.00485153 0.000789196 0.00321459 0.0045982 3.45272e-06 0.0105011 7.47548e-07 0.00412482 
0.0351032 0.000287955 3.62508e-06 0.739275 0.000956833 0.00410057 0.0091249 0.00895516 7.22692e-05 0.0229305 0.000165802 6.16652e-10 0.010802 0.0360797 0.0281799 0.0108125 0.00529721 0.00741421 1.36812e-08 0.00028733 0.0176427 0.000419981 0.00920639 0.00375388 3.54786e-05 0.0344947 0.0144583 0.00014035 
0.0431509 0.00087375 6.58881e-10 0.373709 0.00205025 0.00026257 1.30229e-06 3.80589e-07 4.7585e-10 0.133564 3.08367e-07 7.97539e-10 0.0174007 0.00143565 0.134731 3.89991e-07 0.00311842 0.00741727 3.56587e-06 2.7599e-06 0.0393406 0.00712234 4.29875e-06 1.65221e-06 1.26001e-10 0.235804 5.66076e-07 4.27996e-06 
0.00431354 0.000941941 1.478e-07 0.501025 0.00804106 8.22362e-05 0.0311856 0.000786639 0.00128113 0.0574293 0.0361187 6.21101e-07 0.0236415 0.0232025 0.179482 0.00161505 0.00404631 0.0314322 8.151e-07 7.47568e-05 0.00665614 0.000836569 0.0297137 0.0104218 0.00414218 0.0133639 0.0198333 0.0103305 
0.0415711 4.66723e-06 7.01732e-10 0.724989 0.0630126 5.9583e-10 1.62957e-10 8.51968e-07 1.92633e-06 8.62288e-11 6.83399e-10 8.49407e-10 9.68253e-10 1.3631e-06 1.44077e-05 0.0308493 3.61175e-06 1.32534e-06 6.89119e-10 2.15617e-05 0.0142047 2.58455e-10 5.38838e-11 4.94933e-06 3.35624e-07 0.125318 7.88029e-10 4.82097e-10 
0.00848825 0.00254022 6.80885e-10 0.339044 0.0746861 0.0184481 0.0535412 0.000859255 0.00343216 0.000417196 1.09996e-07 2.16048e-06 0.000100267 0.0171597 0.104572 0.00773346 0.00196355 5.5296e-06 2.23773e-07 0.000212685 0.0948949 0.00369438 0.0284877 0.133379 1.07372e-07 0.106332 1.61569e-06 3.41033e-06 
0.052616 1.96627e-10 2.98621e-10 0.739263 0.000115439 2.53555e-10 0.00180221 0.000101148 2.01795e-07 0.0229047 2.90819e-10 3.61464e-10 4.12038e-10 0.00248725 0.0504073 0.000729983 0.0870662 0.0126249 2.19661e-06 2.85821e-05 0.0122248 1.61088e-06 0.00492202 0.0102102 5.71067e-11 0.00104338 0.000106907 0.00134217 
0.00989372 0.00250489 1.57726e-05 0.32336 0.214653 0.00289593 0.0194555 0.0106554 0.000943414 0.157203 0.000362371 1.3486e-07 0.00359032 0.00339957 0.0419156 0.00202345 0.00269311 0.0113938 2.37207e-05 0.00113482 0.0452138 0.0112243 0.114381 0.000269747 7.28342e-05 0.0200013 0.000179006 0.000540491 
0.00853331 0.0132825 9.94905e-05 0.60044 0.0442107 0.00207692 0.0185077 0.00468777 0.000179818 0.0102139 0.00248807 0.000121581 0.000316035 0.00832823 0.0341296 0.00709366 0.0135031 0.0181579 3.06345e-06 0.000450719 0.0284707 0.000571969 0.100304 0.0161196 1.95363e-05 0.0666884 0.000404959 0.000596379 
0.001771 0.000328703 5.81628e-09 0.794042 0.00527347 2.73014e-05 0.0040934 6.85747e-05 3.09254e-07 0.00864178 5.85368e-07 7.04028e-09 0.000638883 0.000900265 0.0620156 0.000624024 0.0115344 0.0248423 1.54327e-07 0.00118392 0.00559671 0.000873047 0.00646263 0.0349577 7.11385e-06 0.0361146 1.07153e-06 1.69618e-07 
0.196354 5.64297e-08 0.000512038 0.306159 0.097014 0.00633902 0.00657567 0.0023529 1.74927e-06 0.00237331 0.00990067 1.03736e-07 0.000817137 0.00131245 0.155508 0.0558356 0.00972376 0.0156818 1.50777e-07 0.000999629 0.00222574 0.000419973 0.0303879 0.0787169 7.95454e-05 0.0200217 0.00062496 6.1825e-05 
0.0213198 0.00112265 0.000107581 0.377886 0.0222906 0.000478184 0.0102257 0.00461911 0.000150181 0.298707 0.0785136 2.38781e-08 3.54405e-05 0.00216337 0.00896954 0.00153013 0.0010891 0.0467416 1.93732e-07 0.00243742 0.027036 0.00350513 0.0433064 0.00492178 6.18714e-06 0.0257143 0.000149811 0.0169733 
0.0516601 9.25606e-08 0.000359978 0.227346 0.00282599 0.00355894 0.000818432 2.13886e-05 5.05758e-09 0.0351881 2.97259e-05 1.87889e-08 0.000627449 0.00753337 0.113721 0.00114529 0.018013 0.103294 0.00170729 0.00120504 0.0371514 5.01902e-05 0.00391362 0.227154 1.13129e-08 0.00961688 0.153001 5.83978e-05 
0.0823849 0.0103096 0.0014415 0.220888 0.0336179 0.000578968 0.140653 0.00628407 0.000129429 0.00290261 0.000173325 5.14599e-09 0.00288105 0.00802708 0.087679 0.0412761 0.0230886 0.0723762 1.16947e-06 0.00466799 0.112968 0.00336135 0.0229712 0.0816492 1.57026e-05 0.0356978 0.00388333 9.30341e-05 
0.0199867 1.43894e-05 9.16811e-10 0.856584 0.0024258 0.000390619 0.00378706 5.1131e-05 0.011129 0.0309732 4.34782e-05 7.45895e-09 0.00012515 0.00136399 0.0114925 0.00246049 0.00101338 0.000731074 1.20059e-08 0.0012241 0.00636037 0.000149191 0.00413891 8.26348e-05 9.46641e-06 0.00124975 2.97195e-06 0.0442103 
0.000572347 0.000291177 2.13772e-06 0.471355 0.0707851 0.00495632 0.0147115 0.000289739 0.000188321 0.0576376 1.83303e-05 1.28951e-07 0.283518 0.000701948 0.0162644 0.0073947 0.00550166 0.0305398 6.67838e-07 0.00243477 0.0108651 0.00584754 0.00448006 0.000739458 1.83025e-06 0.0104071 4.50847e-07 0.000495217 
0.00910697 2.84598e-05 3.97707e-05 0.42513 0.000319504 6.18089e-05 0.00880358 4.71128e-05 1.77687e-06 0.119103 0.323263 2.70688e-09 0.000762887 0.0106592 0.0164516 0.000234647 0.000719502 0.0116346 2.89126e-06 0.00198267 0.00847109 6.91727e-05 0.00021451 0.0193602 5.3125e-08 0.0423255 2.70422e-05 0.00117913 
2.24662e-07 0.000136555 8.64266e-05 0.892348 0.000973542 3.07739e-07 0.064156 1.25013e-07 0.010644 8.4679e-07 0.000698544 3.08631e-10 1.6078e-05 1.94366e-07 0.0156613 2.94604e-07 3.96106e-06 8.53925e-05 2.50391e-10 2.82372e-07 0.000383374 5.17342e-05 6.13209e-08 3.83098e-07 4.59961e-08 0.00186272 2.86329e-10 0.01289 
0.00921383 0.00586873 0.000284584 0.76119 0.0197944 0.000751176 0.0280286 0.000934632 0.0034197 0.0242007 7.83411e-05 2.26534e-06 9.52609e-05 0.0122406 0.011014 0.00244131 0.00338572 0.0580164 3.62976e-08 0.000381775 0.0212051 0.0010848 0.0109907 0.00936931 1.31339e-05 0.00773032 0.00468245 0.00358162 
0.00212972 1.02082e-07 8.81711e-08 0.487901 0.000198885 0.00027383 0.308416 0.0129906 0.000641292 0.0452304 0.000180584 2.02902e-10 2.42585e-05 0.00931177 0.0159977 0.00491235 0.000523971 0.0790682 1.64613e-10 3.69468e-09 1.39409e-06 0.00087776 0.0111966 0.00721825 3.2056e-11 0.0126486 6.76781e-06 0.000249489 
0.0320469 0.00180265 4.31707e-05 0.355431 0.0432437 0.000863513 0.00840714 0.000225697 0.00168339 0.0698806 0.0023778 0.0204603 0.000115513 0.0181606 0.0453015 0.0342387 0.0527322 0.0426257 2.10697e-07 0.00112918 0.0843767 0.00164873 0.0399593 0.0194864 3.41781e-05 0.122915 1.82145e-05 0.000791966 
1.76056e-07 1.07911e-10 1.63886e-10 0.733549 0.0048765 6.29145e-07 1.68935e-07 0.0122426 1.1836e-10 0.00527278 3.09557e-08 1.98375e-10 0.224079 0.000208908 0.00616428 6.82133e-06 5.12983e-07 0.0114505 6.00629e-07 7.10231e-11 1.7306e-07 1.17072e-08 1.01511e-07 0.00147852 5.08285e-08 0.000668656 1.84041e-10 1.12592e-10 
0.0875685 0.000239798 0.0517873 0.159497 0.0832844 0.101059 0.0833258 0.00216424 0.0058668 0.00893254 0.00540963 1.11829e-07 0.00139857 0.0265007 0.119609 0.0246982 0.0214992 0.0524774 0.000174513 0.00350705 0.0655935 0.00417121 0.0317838 0.0142681 1.17002e-05 0.0440567 6.05193e-05 0.00105502 
0.0779986 9.6523e-06 5.82348e-11 0.416212 0.0200157 4.94463e-11 0.0085844 0.000113216 2.93624e-10 0.339522 1.93928e-08 5.24885e-07 0.00120949 0.000128954 0.00665275 0.00019844 0.000459044 0.00559836 4.84615e-09 0.0112705 0.00719202 2.14485e-11 0.0594495 0.00335482 5.24867e-06 0.040842 7.24262e-07 0.00118269 
0.026722 0.000779769 3.36488e-06 0.322011 0.109041 0.00240515 0.0188413 1.95735e-05 0.00837208 0.000401825 7.09811e-07 0.000989814 0.000110596 0.000674759 0.0161745 0.0738829 0.134349 0.00447103 0.000641377 0.00550513 0.0161443 0.0137897 0.013566 0.0379091 1.2679e-05 0.192725 1.09035e-05 0.000445683 
0.00949844 0.00041456 1.26504e-06 0.466386 0.046798 0.00440209 0.0479185 0.00440011 0.0013392 0.0997701 0.000337903 1.53619e-05 0.00739365 0.00384669 0.0283713 0.00710432 0.0157119 0.162412 1.4189e-08 0.00144649 0.0232959 0.00813195 0.0354481 0.00839467 3.78024e-05 0.0109618 0.00396294 0.00219937 
0.00159929 2.07339e-06 8.08797e-09 0.579967 0.00245977 7.81458e-06 0.00130279 0.000487083 2.9813e-08 0.049955 0.000100066 4.49561e-08 0.0262683 0.00237546 0.00877775 2.32577e-05 0.00144527 0.299719 8.65286e-08 1.38524e-05 0.00235022 3.4684e-05 0.0062167 0.00168079 1.36726e-05 0.0116852 6.3977e-08 0.0035147 
0.0184834 0.043904 2.70576e-05 0.652033 0.00417941 6.33897e-07 0.0788601 7.23398e-05 1.9481e-05 0.00548004 0.00106134 2.30245e-10 0.000163827 0.000112841 0.0836596 0.0120525 0.00405301 0.0121244 1.36454e-08 6.26921e-05 0.000607293 3.06544e-05 0.0282624 0.0214812 1.49551e-05 0.0331794 3.31138e-06 7.13447e-05 
0.012708 0.00264078 0.000220921 0.352068 0.242296 0.00748 0.0345397 0.0140823 0.013663 0.0512601 0.00138042 0.00127963 0.0347009 0.0151699 0.0637628 0.011001 0.0173135 0.0266759 4.73816e-05 0.00191468 0.0157908 0.00275707 0.0271591 0.0164586 0.000133099 0.0234826 0.000126777 0.00988683 
0.00229758 0.00797667 1.32567e-06 0.315039 0.302946 0.00177473 0.068759 0.000236942 0.00848851 0.0110096 0.000245107 0.000122682 0.000238405 0.0088168 0.0667843 0.00674979 0.00448737 0.0382067 3.44217e-06 0.015804 0.0140734 0.00133573 0.0428207 0.00924697 7.05844e-05 0.061145 8.4871e-07 0.0113186 
0.00958768 0.000215917 0.000252331 0.469444 0.0330523 0.00314108 0.216231 0.00183711 0.00455079 0.00571091 0.000606251 0.00127251 0.0015832 0.00246648 0.12099 0.00219012 0.00866639 0.025815 3.70316e-06 0.00266284 0.00564667 0.00189343 0.0102943 0.0511556 0.000929984 0.0178085 0.000263247 0.0017285 
0.00491082 0.000641451 6.26875e-06 0.30453 0.054384 0.0201302 0.291817 0.00700322 5.93036e-05 0.00367519 4.61549e-05 2.10548e-10 0.000531255 0.00109421 0.0258365 0.000595293 0.00141286 0.0184514 0.00029927 0.000419965 0.0160049 0.000196214 0.0172128 0.00495448 5.205e-05 0.0159844 3.56764e-06 0.209747 
8.25334e-08 4.66434e-08 1.43838e-11 0.585988 0.0163375 1.22131e-11 0.00758066 0.000602993 0.000235212 2.75736e-08 0.347354 1.74108e-11 0.0020871 0.00175864 0.00561689 0.000463849 0.000447934 1.15501e-07 1.02428e-08 0.000308144 0.0011865 0.000162628 0.00457658 0.00226135 2.05259e-05 1.58845e-12 3.79042e-05 0.0229726 
0.0148117 4.65722e-05 2.14966e-05 0.599537 0.0256874 0.000713171 0.024272 1.19197e-05 6.02557e-05 0.0142809 4.95197e-05 2.48223e-10 0.000147423 0.0204214 0.0128907 0.00263628 0.000374984 0.152106 3.61519e-05 8.47421e-05 0.0030416 2.07934e-05 0.0286816 0.00417739 7.08602e-05 0.0201978 1.23397e-06 0.0756187 
0.00287474 0.0048367 2.88204e-06 0.397363 0.0254424 0.000564135 0.0292154 0.0290939 0.00452639 0.0715895 0.00205016 2.66206e-06 0.0649751 0.00139724 0.022179 0.00230688 0.00588338 0.0198223 6.99118e-06 0.000158745 0.0134092 0.00184866 0.0345032 0.00121406 5.21954e-05 0.0113145 0.00124958 0.252117 
0.0202393 0.00303848 0.000411753 0.53155 0.0394647 0.00183765 0.0275588 0.00205079 0.00026193 0.0568896 1.89348e-05 0.00113098 0.00768705 0.00816733 0.0720748 0.0127692 0.0245135 0.0273427 3.14673e-05 0.00469618 0.0260237 0.00748955 0.0344351 0.0404441 9.14406e-05 0.042046 0.0014126 0.00632264 
0.00378207 0.00200205 1.8888e-08 0.687246 0.00103357 0.00409945 0.00583671 1.39256e-05 1.29986e-05 0.0656814 0.000145537 1.40068e-08 0.124146 0.0239019 0.00346214 0.0063912 0.000767824 4.76745e-08 5.07067e-06 0.000299569 0.00269558 0.000218014 0.00509992 0.000960675 2.72051e-05 0.061839 4.80334e-06 0.000327104 
0.00099671 6.28394e-05 7.58994e-07 0.958597 0.00536005 3.68992e-05 0.00251577 0.00259985 0.000291454 0.00018846 2.22327e-06 1.76759e-09 0.000155571 0.000778715 0.000951276 0.000694518 0.000701177 0.00993405 1.04312e-07 3.89866e-05 0.00264166 8.55927e-05 0.0108992 0.00223094 8.10928e-07 0.000233912 1.46631e-07 1.34905e-06 
6.17382e-08 0.000955005 1.46249e-10 0.637795 0.104831 4.95499e-07 0.0226189 1.83874e-07 0.0755388 0.119229 1.42428e-10 1.77026e-10 0.00199549 2.70532e-11 0.0286337 0.000127113 0.0015653 2.50731e-07 1.4362e-10 4.82204e-06 2.0459e-07 0.00127123 0.00531763 6.5547e-05 2.79679e-11 1.41528e-07 4.92228e-05 4.2625e-07 
0.0311311 1.4044e-05 1.6643e-06 0.745832 4.12576e-05 6.13889e-11 0.00323703 0.000100726 1.01157e-07 0.0104779 2.01017e-08 9.20735e-06 2.70149e-06 0.000868058 0.00316179 6.84025e-06 0.0168418 0.00129459 7.10005e-11 9.14528e-06 0.000233094 1.31757e-09 3.85046e-08 0.0061277 3.8705e-07 1.27355e-07 0.000728136 0.17988 
0.0194867 3.44562e-06 0.000187689 0.345685 0.00254154 0.00316106 0.061851 0.00674836 7.59964e-11 0.0369283 1.25908e-05 1.27372e-10 6.64001e-05 0.0438159 0.256451 0.00651212 0.000567541 0.144171 6.2665e-07 0.000836562 0.00352754 5.08684e-05 0.0165273 0.0488008 6.35009e-06 0.00205344 5.80676e-06 7.30783e-07 
0.0128053 0.00207788 0.00117612 0.52436 0.033896 0.000245972 0.0223952 0.00360943 0.00227709 0.0138003 0.0204718 0.00223367 0.000172867 0.0624543 0.0471807 0.00356653 0.00464818 0.0682222 2.81876e-06 0.000492253 0.0177548 0.00597387 0.0668031 0.0347789 2.43811e-05 0.0408292 0.000175811 0.00757095 
0.00283351 2.56582e-06 1.50795e-05 0.759562 0.0480695 4.59989e-05 0.015163 7.59655e-05 0.0148903 0.0223467 1.72333e-05 1.3164e-10 0.00122347 0.000864441 0.00837991 0.000404949 0.0026965 0.00182437 1.27478e-07 7.61108e-05 0.0275387 0.0061776 0.0473663 0.0021326 2.21442e-05 0.0367747 7.0892e-08 0.00149569 
0.00301395 0.0178887 0.00121082 0.275642 0.205387 0.00562485 0.009586 0.00938272 0.00178294 0.113588 2.31799e-05 6.01426e-06 0.00105796 0.00112791 0.0123777 0.000773834 0.0586478 0.00474012 0.0662702 0.000550415 0.00988137 0.135766 0.0510357 0.000929911 0.000107438 0.0113982 0.000260744 0.00193831 
0.00859463 0.00849079 0.000281104 0.776417 0.0142501 0.00778476 0.0228203 0.00154751 0.00103343 0.0309578 0.00013493 0.00132275 0.00653051 0.0201288 0.0138595 0.00603502 0.00889504 0.0143767 1.30644e-05 0.000382759 0.00355834 0.00185218 0.0209088 0.00975062 0.000277276 0.017097 0.00101863 0.00168023 
0.00993772 0.000384725 0.000350261 0.55476 0.00589371 0.000437827 0.0696492 0.00326093 0.0106422 0.0514141 0.00156819 1.50532e-07 0.00136395 0.0143371 0.0405327 0.00335937 0.00534623 0.0248899 6.62009e-07 0.000126511 0.00154745 0.00134072 0.0174584 0.00796321 6.96556e-06 0.00995153 2.32493e-06 0.163474 
0.00351805 0.000518338 0.000117845 0.565274 0.0123012 0.0027389 0.037679 0.0053322 0.00253005 0.0671707 8.3098e-05 5.1046e-06 0.00157792 0.0678067 0.022069 0.00704619 0.0123164 0.0527635 3.5355e-06 0.000258397 0.0177144 0.00555567 0.0174822 0.0284162 0.0328328 0.00823257 0.0108745 0.0177818 
0.00404227 7.07631e-05 3.40982e-10 0.76047 0.0380271 0.000846892 0.0219036 1.37237e-05 7.44802e-07 3.87879e-05 0.00152177 5.16468e-08 0.00282349 0.000169812 0.0831729 0.0259331 0.00858845 0.00273145 1.19095e-07 0.00119709 0.00749438 0.0199112 0.00771526 0.00348651 1.49729e-07 0.00897873 0.000844861 1.63289e-05 
0.0357889 0.00219758 5.54462e-08 0.248484 0.129383 0.000410722 0.00389615 0.00184802 0.000883485 0.205517 0.000671566 3.40045e-05 0.000965528 0.0178118 0.0297812 0.0014661 0.039447 0.0653019 0.000128932 0.00971622 0.100522 0.00708267 0.0322544 0.0567196 1.98678e-05 0.00952377 3.32211e-05 0.000111688 
0.0279537 0.000454455 0.000100539 0.224257 0.0900079 0.10169 0.0797878 0.000110251 0.000391129 0.00114197 2.14258e-05 4.62717e-05 0.000188439 0.022355 0.118653 0.141646 0.0460071 0.00881736 2.97026e-07 0.00108336 0.0135698 0.003633 0.0909617 0.0203921 7.65271e-05 0.0065123 0.000129875 1.17413e-05 
0.0255529 0.000211577 0.00128261 0.299247 0.0349052 0.00257775 0.0142813 0.0020245 0.00557467 0.0751826 0.00140694 0.000298154 0.000248531 0.0420429 0.0539834 0.00417955 0.00377656 0.0820866 0.00516345 0.00198775 0.0590972 0.00240881 0.100601 0.0489454 0.000116867 0.0451243 8.61274e-05 0.0876062 
8.25334e-08 4.66434e-08 1.43838e-11 0.585988 0.0163375 1.22131e-11 0.00758066 0.000602993 0.000235212 2.75736e-08 0.347354 1.74108e-11 0.0020871 0.00175864 0.00561689 0.000463849 0.000447934 1.15501e-07 1.02428e-08 0.000308144 0.0011865 0.000162628 0.00457658 0.00226135 2.05259e-05 1.58845e-12 3.79042e-05 0.0229726 
0.00131375 0.000364645 5.92298e-05 0.387046 0.096581 0.0024496 0.0173694 0.0489597 0.00367995 0.251683 0.000260353 3.8371e-08 0.0100159 0.000980854 0.0208234 0.0124685 0.00361764 0.016596 0.000130233 0.00027401 0.00912165 0.00294419 0.0914399 0.000606835 6.12632e-05 0.0102681 2.43519e-06 0.0108828 
0.00853736 0.00165699 0.000135442 0.674282 0.0388631 0.000628135 0.0153939 0.00106194 0.000322394 0.0413344 4.14888e-06 1.69258e-06 0.0317779 0.00453682 0.066188 0.00426262 0.0115294 0.00377887 4.30293e-05 0.0277142 0.0193543 0.00016786 0.0184341 0.0175682 5.53726e-06 0.0123538 6.36351e-05 4.64204e-07 
1.73212e-07 7.79343e-11 1.1836e-10 0.656015 6.0613e-07 1.00498e-10 0.00189584 7.23403e-08 5.24993e-07 0.0313088 7.26134e-08 1.43268e-10 1.63313e-10 1.29465e-07 0.0103213 0.00558873 0.233972 0.00805636 1.16233e-10 5.12934e-11 4.68052e-07 0.000906726 0.000274047 0.0515198 0.000138883 1.30709e-11 4.37377e-07 5.30915e-07 
0.0138765 0.00474631 0.000601317 0.49993 0.0712231 0.00321869 0.0440047 0.00540518 0.0114869 0.0633678 0.0455228 4.26205e-06 0.00113573 0.00963625 0.0410255 0.0090841 0.00749491 0.0178442 2.05768e-05 0.00150142 0.0139014 0.00226406 0.0482388 0.0129382 3.06041e-05 0.0275498 0.00190457 0.0420426 
