0.00164745 0.000414013 2.62324e-06 0.0151862 0.590734 0.014786 0.00933455 0.00138376 0.000125708 0.00148833 1.69873e-05 4.36322e-06 0.00129019 0.00515269 0.0149895 0.0393846 0.0270131 0.0184375 0.00247481 0.000645303 0.0362753 0.0131758 0.0361382 0.0671722 0.0030108 0.0241008 2.78624e-06 0.075612 
0.00839596 0.0668079 0.00304122 0.0137821 0.495958 0.000542199 0.0258758 0.0115799 0.0054676 0.0011281 0.00069356 2.97789e-09 0.000478089 0.01562 0.0290433 0.0489679 0.0810061 0.000873746 1.27315e-07 0.00351378 0.118667 0.0339792 0.0150187 0.0016225 0.000724991 0.0172119 4.07288e-10 9.19397e-07 
0.00273191 0.00974226 3.56965e-05 0.0292836 0.31065 0.0114807 0.0130326 0.0160208 0.000240298 0.083392 0.000683801 9.10939e-12 6.08008e-06 0.00243621 0.00131945 0.00647506 0.0183466 0.0612875 0.000549162 4.84464e-05 0.125411 0.0140232 0.101175 0.000775802 0.00035632 0.122038 1.93956e-09 0.0684592 
0.0338774 0.00396217 0.000355118 0.0821076 0.26713 0.000350415 0.0153994 0.00488944 0.0052551 0.0159789 0.000204597 0.0208989 0.000335361 0.0353192 0.0814821 0.0107975 0.022709 0.0147932 8.70701e-05 0.00283335 0.103274 0.0330292 0.133087 0.0338539 0.00817551 0.0517547 0.00441814 0.013642 
0.0296979 0.00297045 0.00289274 0.126111 0.501161 0.00539895 0.0580569 0.0201483 0.0415891 0.010416 0.000364157 0.000314303 0.00180194 0.0017126 0.088441 0.0114717 0.015088 0.014843 9.54813e-05 0.0013401 0.0171389 0.006595 0.0288 0.000982003 2.05372e-05 0.0112747 6.99537e-05 0.00120434 
0.00669754 7.66539e-05 0.00406255 0.0221636 0.301355 4.94038e-05 0.00263481 0.00483468 0.00408218 0.00172471 0.00506381 1.0378e-07 0.000473359 0.00640178 0.0711459 0.000722387 0.00257582 0.054633 0.188676 0.0016745 0.139521 0.021453 0.0447025 0.0752016 0.000216476 0.0386469 0.000285558 0.000925803 
0.00236236 0.0138084 2.78452e-05 0.266838 0.46825 0.00144908 0.00257563 0.00654815 0.0011363 0.068111 7.18065e-05 6.49658e-08 0.00199132 0.0271078 0.00884653 0.00103083 0.00103044 0.0282159 1.0655e-05 0.000510891 0.0218544 0.00616598 0.0274248 0.00113698 7.90598e-05 0.0334566 1.14229e-07 0.00995881 
0.00286043 0.042329 0.000422052 0.0123763 0.334368 0.0089083 0.0158585 0.000352139 0.320636 0.000533533 1.00866e-05 0.00353528 7.70764e-06 0.00555322 0.0100042 0.023267 0.151591 0.00632866 1.4901e-05 0.00545403 0.0191731 0.0191138 0.00848183 0.00597559 7.37164e-05 0.00272972 2.34742e-05 1.86886e-05 
0.0062026 0.00122644 1.50198e-07 0.00174153 0.919674 0.00469324 0.00352979 0.00431973 0.00172485 1.84563e-08 0.000863162 1.81806e-07 2.07243e-07 0.00191988 0.0051529 0.00408383 0.00754381 0.00274028 0.000265644 0.0014516 0.0121481 0.00201921 0.0119923 0.00156229 0.000123538 0.00306527 0.00062424 0.00133122 
0.00625085 0.0196063 0.000333746 0.0770942 0.594806 0.000366218 0.0134641 0.00598942 0.0186139 8.23308e-06 3.06847e-06 6.05605e-09 0.00014133 0.0838426 0.074982 0.00469138 0.0156489 0.0137826 0.000233692 0.00123918 0.00312342 0.0010174 0.00239654 0.0172779 0.000137691 0.0445392 0.000305392 0.000104279 
0.00170586 2.06073e-07 3.03112e-10 0.00319681 0.716846 1.31411e-07 6.8655e-08 0.000272024 8.13276e-06 0.000186425 2.0662e-07 3.669e-10 1.917e-07 0.000778076 0.0113902 5.31709e-11 0.0454539 0.000349728 0.0846131 0.00477758 0.0687096 0.00326337 0.000207102 0.0537676 0.000695214 0.00377851 4.09521e-08 2.11394e-07 
0.000535534 0.0844456 3.38252e-08 0.00408263 0.792434 0.000175382 0.00017535 0.000215996 0.00550324 4.15644e-09 0.00015485 4.09435e-08 4.97945e-06 6.25701e-09 0.0361119 0.00101264 0.00471532 0.00196628 0.000353835 1.46588e-08 0.00392155 0.000485823 0.0154286 5.47167e-09 4.28596e-05 0.0482329 3.79849e-08 2.32383e-08 
0.000163016 3.02223e-07 4.5899e-07 0.000784379 0.997082 3.89722e-07 0.000330526 2.78489e-07 3.31487e-07 5.64007e-08 4.46999e-07 5.55582e-07 6.33317e-07 8.49043e-08 0.00118647 8.05145e-08 9.19181e-08 5.35081e-08 4.50741e-07 1.98912e-07 4.45338e-08 1.69051e-07 3.52445e-08 0.000118871 8.77751e-08 0.000329522 5.15436e-07 3.15331e-07 
0.00995058 0.000498755 3.41183e-05 0.0134824 0.485016 0.00101915 0.102803 0.104519 0.0598885 0.00473087 0.00354824 0.0020275 5.28491e-05 0.00117865 0.0141383 0.00206708 0.0089164 0.00155998 0.0863864 3.00577e-05 0.0355493 0.0064717 0.0204732 0.0250477 0.000282511 0.00320981 2.55001e-06 0.00711516 
0.00693134 0.00217182 3.42734e-05 0.06253 0.369944 0.0014804 0.0257588 0.00829446 0.00915175 0.0457206 0.00016641 0.000318087 0.000383672 0.00461996 0.0792174 0.0926035 0.0087721 0.0381121 2.27547e-05 0.0109716 0.0865415 0.00376318 0.109984 0.00603624 5.90066e-05 0.0255581 4.09335e-06 0.000849529 
0.00102621 0.00234248 2.67844e-05 0.0107538 0.782173 0.000703539 0.00113567 0.00272736 0.000619234 0.00104162 0.000202539 5.40248e-08 0.00145778 0.0945015 0.00958365 0.00434301 0.00266823 0.00203309 3.06592e-05 3.2866e-05 0.00303862 0.0396418 0.0215103 7.24789e-05 0.000312882 0.000717937 2.32482e-05 0.0172801 
0.00862588 0.0074526 5.01953e-07 0.07258 0.435924 0.000988602 0.00111815 0.000561266 0.00308649 0.0259373 0.000151878 2.73243e-06 0.00213588 0.00172799 0.160289 0.00401906 0.00211831 0.12005 6.23388e-06 0.000385009 0.00470148 0.0100984 0.062485 0.00433787 2.17706e-05 0.0600775 4.5228e-07 0.0111158 
0.0296851 0.00327816 0.000856184 0.142863 0.306096 0.0130782 0.0199505 0.00554333 0.00455801 0.000274645 0.000297339 7.06287e-08 0.000142663 0.029572 0.017008 0.132715 0.246242 4.03511e-06 5.73007e-08 0.00134999 0.00865942 0.00455896 0.00746256 0.00345188 0.011944 0.0103339 5.02697e-05 2.41185e-05 
0.00614266 5.0926e-06 3.77728e-06 0.0154878 0.747787 0.00250611 0.0124414 0.00560554 0.00578347 7.56527e-05 0.000506262 9.79975e-07 0.000138563 0.000279721 0.0110552 0.00815451 0.013448 0.0584888 7.95048e-07 0.000286958 0.0114188 0.0106664 0.0812747 0.003178 2.31817e-05 0.00523019 5.90178e-06 4.34261e-06 
0.0268581 0.000532352 8.34438e-07 0.0113797 0.678695 0.0251209 0.00917697 6.39407e-10 0.0774919 2.87137e-07 1.06074e-05 0.000192651 8.76307e-07 2.21128e-07 0.0283409 0.0242399 0.0531814 1.00363e-06 0.000377517 0.0114069 0.0257323 0.00244118 0.0173621 0.00491596 4.92613e-05 0.00249043 1.6891e-08 3.62331e-07 
0.00117325 0.000988469 9.50072e-05 0.0275878 0.577732 2.96414e-05 0.00320315 0.000168731 0.00102798 0.0074679 1.94368e-05 2.10553e-07 0.000137818 0.0298873 0.0919954 0.000772163 0.000428451 0.0243354 0.000122392 0.0166984 0.0600384 0.00494861 0.00116932 0.0303256 9.39722e-05 0.119395 2.61187e-05 0.000132058 
0.00576239 0.000806005 3.11673e-06 0.01079 0.490032 0.000176298 0.0178649 0.0254482 0.02512 0.00517697 6.68865e-05 7.15534e-08 6.56801e-05 0.00349838 0.150185 0.0105267 0.00224591 0.0446917 3.59987e-05 0.0035917 0.0291167 0.00986999 0.0972284 0.00592524 4.18497e-05 0.0601865 4.64242e-06 0.00153923 
0.00788539 0.00110604 3.73685e-06 0.0538047 0.35242 0.0193143 0.0111107 0.0293223 0.00849502 0.00189585 0.00123284 0.0078508 0.000648923 0.0137086 0.181569 0.0175614 0.00453849 0.0199049 1.2894e-05 0.0147445 0.036187 0.0174718 0.151165 0.0220494 8.64627e-05 0.0247167 0.000705652 0.000488438 
0.0787544 2.94829e-05 2.77142e-05 0.136271 0.381078 0.00541854 0.0509496 0.00501116 0.00466336 0.00108936 0.00152245 3.13119e-08 4.33817e-05 0.0109127 0.115102 0.00752889 0.00247809 0.0437622 7.78192e-06 0.00540851 0.0419569 0.00874413 0.0319798 0.0192435 0.000158861 0.0474407 6.27763e-06 0.000411377 
0.00480299 0.000234764 0.0379653 0.0273128 0.354742 0.00493908 0.00854055 0.0829018 0.000782006 0.00458507 0.000932857 0.00026949 4.44114e-05 0.0397514 0.04525 0.00387941 0.0374625 0.00830625 0.0076148 0.000728862 0.182834 0.00980845 0.0761448 0.0238486 0.0108513 0.0230507 0.00161227 0.000803982 
0.00185034 0.00169011 0.000284975 0.004067 0.468599 0.000640294 0.0129103 0.00200647 0.00197945 0.013274 8.022e-05 1.90635e-05 1.46023e-05 0.00296632 0.124196 0.00464313 0.00172874 0.0573362 0.000867812 0.000898093 0.126173 0.00241402 0.155928 0.00869167 0.000158484 0.00480221 5.22778e-06 0.00177596 
0.00210131 0.00108118 1.62141e-07 0.0411163 0.493533 0.00106416 0.0101624 0.00327017 0.00525541 9.4429e-05 0.000157267 0.00358506 2.86943e-05 0.0223294 0.0718584 0.0987044 0.0410691 0.0230211 0.00365426 0.00566579 0.0407116 0.00920123 0.045776 0.0473167 0.000714174 0.0274801 2.64368e-05 0.00102159 
0.00474435 0.000997367 0.00138882 0.0272937 0.344447 0.00464914 0.0273703 0.0142617 0.00650677 0.0650463 0.000639888 0.00161111 8.5177e-05 0.0122219 0.0204779 0.00980041 0.0330043 0.00599154 0.000103147 0.00412963 0.215858 0.0437565 0.0828683 0.0041277 0.00323729 0.0634546 0.000821965 0.00110435 
0.0221661 0.00088259 4.42415e-06 0.2256 0.330933 6.63238e-07 0.0400498 0.00482182 0.00145267 0.00593486 4.21596e-08 8.96555e-08 4.34214e-05 0.00585849 0.0457102 0.0307291 0.00327004 0.0223473 1.48327e-08 0.000211693 0.10501 0.000659943 0.103239 0.00351715 0.000104725 0.0453213 1.08261e-05 0.00211992 
0.0495929 0.0337108 0.047557 0.0571008 0.126653 0.0259068 0.0685541 0.00955696 0.0110489 6.71666e-05 4.46949e-05 0.0237817 3.82131e-05 0.0394294 0.0602306 0.0142265 0.113116 0.0569697 0.000286745 0.000291669 0.0566492 0.0274607 0.025044 0.0705721 0.000167031 0.0771417 1.75303e-08 0.00480099 
1.0138e-06 0.00739839 0.000343734 0.0734366 0.718837 3.4374e-10 0.0275436 5.8969e-07 0.0029307 0.00376137 6.36545e-05 2.07044e-07 1.6095e-06 8.20784e-07 0.00665917 0.00554844 0.0376976 0.0355344 5.52833e-07 2.07082e-06 0.0387681 0.0117765 0.00938094 2.64083e-06 0.000555734 0.0197542 4.54621e-10 5.45892e-07 
0.0167042 0.0325811 0.00728588 0.00937889 0.332975 0.00233679 0.005757 0.00136599 0.0391733 0.00757183 6.41892e-05 7.45829e-05 8.23485e-06 0.00902421 0.0613057 0.0126298 0.0328686 0.0118229 0.000168333 0.0306985 0.119579 0.0374596 0.129761 0.0290674 0.00843507 0.0617217 1.347e-05 0.000168103 
0.00268548 9.15871e-05 2.87449e-09 0.0424391 0.665834 2.64644e-07 0.00221973 0.000452087 0.00247153 0.00639882 0.00138018 1.00106e-07 0.00025408 0.0425034 0.0238158 0.01758 0.000273503 0.0117206 0.000612783 0.000780561 0.0280109 0.000477567 0.0525695 0.00562147 0.000102777 0.0901587 2.97797e-05 0.00151602 
0.0216246 0.0686345 0.00030044 0.112097 0.310427 0.00481308 0.0205664 0.00257837 0.000966722 0.00984853 0.0876125 6.81021e-07 0.00130592 0.00203699 0.0849886 0.0337485 0.0169923 0.00825928 5.61859e-06 0.00943005 0.0177456 0.0913401 0.0353867 0.0189919 0.000235612 0.0400583 3.67158e-06 3.68635e-07 
0.0107222 0.00206389 0.00126591 0.106839 0.400237 0.076898 0.0169629 0.000121424 0.00403095 0.0032257 3.26491e-06 0.000425463 0.000183015 0.00336292 0.0736151 0.0230899 0.0581122 0.0409479 0.000177353 0.000858103 0.0812953 0.0125218 0.0269655 0.00523333 8.44356e-05 0.0143462 8.8262e-07 0.03641 
0.0140432 0.000465904 7.62228e-06 0.14551 0.284091 0.00637537 0.0262238 0.0480076 0.00183852 0.00221706 0.000201847 7.13315e-07 4.9107e-05 0.0205917 0.072726 0.106505 0.0715594 0.00601127 2.58096e-06 0.0025606 0.0479167 0.0262349 0.0492121 0.00572882 0.00339837 0.0562706 0.00186391 0.00038619 
0.0098511 0.00172953 8.50066e-07 0.0105557 0.388059 7.43925e-05 0.0015989 0.000226199 0.000112218 0.036942 0.000124452 4.17946e-05 2.78988e-05 0.00755252 0.0268218 0.000915686 0.0947458 0.0549706 0.000351942 0.00343585 0.219562 0.000622151 0.104103 0.0372604 3.43595e-05 0.000248203 1.08434e-05 2.15043e-05 
0.0107314 0.00187352 1.00706e-07 0.031525 0.44101 0.000991253 0.00182063 0.00203544 0.0027176 0.401205 0.000272495 1.73906e-09 0.00456919 0.00440268 0.000939915 0.032416 0.0104254 0.000113053 0.000202687 0.000333933 0.0143333 0.00771829 0.0183853 8.90976e-05 9.04363e-05 0.0074094 3.66029e-06 0.00438548 
0.00036007 1.76539e-06 4.09777e-07 0.0323225 0.588474 2.05605e-05 4.4658e-06 3.00692e-06 1.47445e-09 0.00269029 1.20316e-06 2.47123e-09 0.000426587 1.27953e-06 0.00138893 0.000248006 0.00899676 1.30199e-05 2.83149e-06 3.07572e-07 2.70062e-06 7.51938e-10 0.0111107 0.101057 0.000229047 0.0207976 2.29266e-09 0.231847 
0.02034 0.000409861 2.91107e-05 0.0336446 0.373392 0.00550686 0.0105258 0.00492528 0.00548233 0.00160277 4.78552e-05 6.28487e-12 4.77855e-05 0.00617061 0.0470988 0.00989821 0.0444127 0.0685289 1.92849e-07 0.00813247 0.0599399 0.00889497 0.138187 0.0463599 0.000108037 0.0998906 1.02195e-05 0.00641357 
0.000583281 2.07396e-11 3.14974e-11 6.30968e-09 0.547116 0.000501228 0.000878327 1.83483e-07 0.000160043 3.16677e-06 1.25797e-07 3.81259e-11 4.34603e-11 0.0101621 0.00955249 1.20454e-07 1.29945e-07 0.02683 0.00830175 1.365e-11 0.262347 0.0457952 0.0573725 0.0278565 1.9396e-07 9.69779e-07 3.82041e-07 0.00253888 
0.0126185 0.017912 2.03048e-05 0.0506767 0.451087 0.00773722 0.00169337 0.0185728 0.00652726 0.0273113 0.000353308 1.62184e-06 0.00210733 0.0200281 0.0239778 0.00339371 0.00443473 0.00481727 2.10482e-05 0.000287361 0.0182745 0.222099 0.0225775 0.000930451 0.000193682 0.0765945 1.39687e-07 0.00575146 
0.00174214 0.000210394 3.50352e-10 0.043741 0.816618 0.000291077 0.00346624 0.0056 0.00362318 0.000278383 1.2225e-05 4.24082e-10 1.8751e-05 0.00741484 0.0535249 0.00185899 0.0170643 0.00397095 0.000475247 0.0001357 0.00659785 0.00159692 0.021271 0.000933212 0.000302615 0.00568181 3.93438e-10 0.00357014 
0.0155585 0.000127317 6.09421e-06 0.0481996 0.843375 6.24155e-05 0.00185118 0.000886912 0.000403819 0.000640455 0.000402141 7.37671e-06 8.40882e-06 0.000133222 0.0473132 0.000932747 0.00786227 0.00084715 5.98468e-06 0.00236707 0.00164139 0.0128399 0.007235 0.000104586 7.56531e-05 0.00678653 0.000179283 0.000146562 
0.00237231 0.000673399 2.29252e-06 0.0576767 0.824092 0.00163024 0.00162012 0.000259166 0.00217735 0.00311766 0.000318755 3.95195e-05 0.00593336 2.82604e-07 0.00953071 0.000752121 0.00322504 0.00173877 6.25552e-07 8.77503e-05 0.00190728 0.000471984 0.0270159 0.000391454 6.82583e-05 0.04394 8.48054e-10 0.0109566 
0.00017179 0.00142976 5.97866e-06 0.00872952 0.829904 4.39344e-06 0.000889598 0.0114135 7.48686e-05 2.40055e-05 0.000101118 2.80158e-06 0.000264127 0.120288 0.00679105 0.000770187 0.000330546 0.00174396 5.2399e-05 0.000690548 0.0090966 0.00277168 0.000973361 6.61916e-05 0.000588163 0.00227057 0.000165784 0.000385616 
0.0431581 8.87862e-05 0.000280376 0.0543554 0.366534 0.000205365 0.00291907 0.00908001 0.000242908 0.0302135 0.00170615 4.53698e-11 3.84928e-05 0.00550615 0.080418 0.000961076 0.00250213 0.126771 8.96556e-05 0.00195252 0.0276228 0.0493603 0.150053 0.00362623 8.09607e-05 0.0356025 7.47416e-06 0.00662404 
0.00130555 0.000287421 0.000102458 0.0240895 0.619724 0.000435906 0.00861297 0.00428628 0.0121518 0.00598385 5.78698e-06 1.85767e-08 0.000259995 0.00179868 0.00886822 0.00505693 0.00140145 0.00176068 0.00781615 3.0482e-06 0.0852764 0.0158081 0.168679 0.0109315 7.48339e-05 0.00832012 7.04543e-07 0.00695842 
0.00848289 0.000558437 7.76025e-08 0.0154297 0.759578 0.000778422 0.00357976 0.000296636 0.0178473 0.000451755 5.26996e-05 0.000477398 0.00558299 0.000274826 0.0659782 0.00904945 0.00477366 0.000624126 2.54776e-05 0.00124418 0.0702067 4.41643e-05 0.0314705 0.000129126 1.32366e-05 0.00302499 1.77372e-05 8.02512e-06 
0.0107314 0.00187352 1.00706e-07 0.031525 0.44101 0.000991253 0.00182063 0.00203544 0.0027176 0.401205 0.000272495 1.73906e-09 0.00456919 0.00440268 0.000939915 0.032416 0.0104254 0.000113053 0.000202687 0.000333933 0.0143333 0.00771829 0.0183853 8.90976e-05 9.04363e-05 0.0074094 3.66029e-06 0.00438548 
0.011818 1.33433e-05 6.97977e-11 0.00165401 0.464074 0.0034883 0.000731683 0.0755892 0.000873972 2.74999e-05 0.00258089 2.7216e-08 3.76471e-06 0.0121516 0.0202661 0.00288207 0.000281018 0.0222614 0.000124151 0.0008393 0.121104 0.000336078 0.0674332 0.000708435 0.000684704 0.189914 3.92021e-08 0.000159052 
0.014046 0.00800348 0.000352816 0.0366607 0.43497 0.00449428 0.00557302 0.00100516 0.0314481 0.0398697 0.0319246 5.8823e-08 0.000279827 0.00485115 0.0549346 0.00672967 0.00588215 0.118586 0.000278756 0.00257247 0.0313886 0.0137989 0.0832864 0.00521436 9.20376e-05 0.0599093 4.02779e-05 0.00380839 
0.0430846 0.0372769 2.67458e-09 0.136072 0.429861 0.00359182 0.022884 0.00295653 7.49751e-05 0.0308306 3.68871e-05 2.71552e-07 0.000164693 0.000477072 0.0460622 0.0221423 0.00794663 0.00241404 2.62651e-09 0.000656237 0.0206463 0.0371518 0.128305 0.00201358 7.7524e-06 0.0189007 3.45699e-05 0.00640774 
5.04816e-06 8.76628e-10 1.33135e-09 1.80763e-05 0.517559 8.36626e-06 5.47255e-06 0.00160192 2.07695e-05 1.25985e-06 1.29656e-09 0.000841216 1.85537e-07 0.0426882 0.385531 7.96393e-06 4.7194e-06 1.55205e-10 2.61614e-06 5.76963e-10 0.0386628 4.78096e-05 0.0129815 2.15363e-10 2.546e-10 2.22023e-06 9.71944e-06 9.14649e-10 
0.0038073 0.00620834 0.00185797 0.0740175 0.605006 0.000667844 0.00628202 0.00812713 0.00196957 0.0205565 0.000148597 2.64714e-05 0.00104437 0.00802186 0.01937 0.0123465 0.00775067 0.0524901 0.00115117 0.00514448 0.0379932 0.00405544 0.0483187 0.0146912 6.33626e-05 0.0579842 0.000450971 0.000448102 
0.0467462 5.57468e-07 3.71901e-07 0.00302768 0.607762 1.32558e-06 0.00222875 0.00101209 0.000114467 2.86687e-05 1.4694e-07 5.43266e-10 0.000350009 0.0036037 0.00628068 2.67261e-07 0.0128241 0.00310454 0.00037016 0.0123104 0.193362 0.000651292 6.09622e-06 0.0206744 6.68271e-05 0.0851775 7.8958e-08 0.000296394 
0.000517584 0.000120605 4.60926e-06 0.00506825 0.636933 1.32484e-07 0.00122756 0.00221605 0.00153872 0.000142036 7.68221e-05 6.89094e-07 5.78728e-07 0.00243143 0.0172282 0.000788812 0.00835246 0.00126526 0.274692 0.000597068 0.0245419 0.00464035 0.00346196 0.0103496 0.00164528 0.00197474 3.13837e-08 0.000184128 
0.0121128 0.000435532 0.000363995 0.0293296 0.58488 0.000223287 0.0567874 0.00237337 0.0146203 0.0012591 0.000900106 3.04464e-06 2.28403e-05 0.0473578 0.0344587 0.00201218 0.00126882 0.0758797 6.57082e-06 0.00355437 0.0892127 0.00426157 0.0153678 0.0232646 2.46979e-08 1.42624e-08 3.76595e-05 5.90078e-06 
0.00771058 0.000938921 0.00858653 0.0284526 0.373422 0.00202691 0.00020784 2.36906e-09 0.239971 0.0688021 0.000233761 2.67943e-05 7.82998e-06 0.00971808 0.00235778 0.0263503 0.00559338 0.0124866 0.0663826 0.00119704 0.0536561 0.000526945 0.00234752 0.0646374 0.000395616 0.0238128 7.49097e-05 7.63209e-05 
0.0211038 0.0145399 0.000875315 0.231328 0.278622 3.80499e-07 0.0475334 3.80647e-07 0.00392033 0.020952 3.80423e-07 3.80279e-07 0.00133099 0.0157316 0.0868894 0.0323395 0.0168739 3.80943e-07 7.6464e-05 0.00521669 0.0452959 0.0172122 0.143434 0.0121897 0.00342847 3.80947e-07 0.00110335 3.80597e-07 
0.00432964 0.00166705 7.31003e-06 0.052771 0.660469 0.000714601 0.0028307 0.035924 0.0108396 0.00355063 2.58977e-05 1.25657e-08 0.0125105 0.068038 0.0670402 0.000983514 0.00341648 0.00789241 0.000111069 0.000485381 0.0305774 0.00500178 0.0143901 0.00393816 0.000196223 0.0106842 6.4417e-07 0.00160487 
0.00896539 8.98148e-06 0.00181203 0.071857 0.266117 2.88566e-05 0.00675129 0.0116753 1.56633e-05 0.000662964 0.000152807 1.16211e-09 9.72325e-06 0.0287815 0.0057898 0.00248671 0.0520279 0.0150142 0.0392672 0.00170913 0.0891112 0.163738 0.00718673 0.0933029 0.0316135 0.0323136 0.000365998 0.0692346 
0.00701716 0.000862973 1.25371e-07 0.00832823 0.520424 0.001521 0.0019101 0.00113777 0.0338667 0.00128788 5.70707e-05 4.78859e-11 3.89412e-05 0.00163597 0.0444293 0.0958171 0.0046258 0.000109379 3.55314e-06 0.000320263 0.19673 0.00258539 0.0654793 0.000551288 0.000251087 0.0107609 0.00014485 0.000103696 
0.0152847 9.06763e-05 9.05797e-11 0.063665 0.54765 8.79781e-07 0.0919297 0.0053469 0.0026085 0.0013355 3.41218e-07 1.09642e-10 1.58065e-05 0.00347344 0.136244 0.0049864 0.00701225 0.00671951 8.89517e-11 0.00951719 0.0436433 0.0122352 0.0362892 0.00360768 3.03324e-05 0.00831312 1.01719e-10 1.92767e-07 
0.0163652 0.155665 1.56004e-07 0.115371 0.355574 0.0387963 0.00392319 0.00322985 0.00233368 0.0969755 0.000291846 7.97159e-07 0.00283261 0.0187093 0.0120518 0.00700581 0.0424999 0.00288741 0.000365833 0.0016298 0.0271312 0.0612559 0.0197064 0.000589678 4.41705e-05 0.0133677 4.22375e-05 0.00135433 
0.00318429 0.0106581 2.4112e-05 0.0165184 0.796455 0.00046359 0.00862306 0.00735937 0.00191224 0.00738925 4.99032e-05 1.0351e-06 1.98199e-05 0.00364606 0.0599886 0.0024115 0.00212169 0.00485498 0.000179838 0.00221278 0.0180232 0.000858343 0.0276861 0.00062329 0.000426669 0.0103776 2.1186e-07 0.0139312 
0.0150044 0.000286533 0.00445673 0.0328272 0.497952 0.0118274 0.00147429 0.0197086 0.024978 0.00519017 0.00166038 7.42748e-05 0.000742143 0.030589 0.0216077 0.0310258 0.0201209 0.0280741 0.000181398 0.00777499 0.104653 0.00956757 0.0701715 0.0102408 0.00260447 0.042056 0.000470875 0.0046795 
0.0139813 0.000346989 0.00426764 0.00151642 0.419476 2.40659e-08 0.00031093 0.0103602 1.41406e-05 7.99279e-05 0.00109723 4.89888e-05 6.36049e-06 0.0340694 0.00752451 5.27755e-06 0.0081281 0.0378892 1.36851e-05 0.00396813 0.0350097 0.196057 0.00576523 0.00272581 0.217125 1.58237e-05 2.37036e-06 0.000194376 
0.000709107 0.000115779 9.17964e-06 0.00376935 0.882855 6.22142e-08 0.00215934 0.0018081 0.0148792 7.49439e-05 0.000102178 8.86916e-08 1.28656e-05 0.00312303 0.00989747 0.0011657 0.0023298 4.21186e-05 7.1955e-08 6.12838e-05 0.0245696 0.000630327 0.0500842 6.50671e-05 0.000214557 0.00129416 1.56087e-05 1.1669e-05 
0.00968632 0.00504477 3.41368e-08 0.040423 0.423727 0.0030261 0.00387498 0.0340105 0.00235794 0.0462391 0.00156333 2.8054e-07 0.000102452 0.0073554 0.0333156 0.00477469 0.0033791 0.0522949 5.90513e-05 0.00833436 0.0282464 0.055087 0.115513 0.00221578 0.000358539 0.104996 0.0020554 0.0119601 
1.28456e-05 5.38339e-06 3.10478e-06 1.9322e-07 0.512635 0.000290787 1.16616e-06 5.69494e-06 1.50778e-06 1.91601e-09 5.31916e-06 1.88739e-08 6.54074e-07 0.0836563 0.000391976 1.59822e-06 6.05379e-07 1.08018e-05 8.43678e-07 5.27558e-06 3.39542e-05 0.000411079 3.96164e-05 0.402463 8.48121e-07 1.92461e-05 7.58849e-07 1.79965e-06 
0.000911349 0.00217234 0.000122555 0.0298794 0.38254 0.000197266 0.00404115 0.000976028 0.00157096 0.00170674 9.73742e-06 8.85075e-08 2.77988e-06 0.00703483 0.0343337 0.109427 0.00734307 0.0268565 0.000202111 0.00178256 0.161625 0.0577687 0.0969816 0.00893118 0.000228283 0.0619325 2.46276e-05 0.0013984 
0.0038024 1.89563e-06 8.96363e-08 0.0230167 0.71021 0.00257842 0.00647169 0.000428656 0.0396177 0.00598611 1.65342e-05 8.1707e-06 0.0139974 0.00841118 0.0346278 0.00486195 0.0239579 0.00740908 5.48644e-06 0.000879887 0.00146845 0.00133152 0.0149537 0.0614584 0.000158546 0.0340212 0.000268038 5.07061e-05 
0.044876 0.0104965 0.00130519 0.0588731 0.411061 0.0166276 0.00705214 0.00258446 0.0236516 0.00537531 0.000133191 7.75537e-10 4.38881e-05 0.0693984 0.0273117 0.0329625 0.0671514 0.019363 4.21972e-06 0.020781 0.079448 0.0328595 0.0114262 0.0251707 5.48379e-05 0.0318896 3.92384e-05 5.96357e-05 
0.0275439 0.00635319 5.90028e-06 0.120672 0.350109 0.00114092 0.0226888 0.0107964 0.0170535 0.0228041 2.34762e-06 4.69246e-08 0.00117717 0.0441693 0.0371339 0.020947 0.0171474 0.011314 3.06334e-05 0.0123786 0.0323372 0.0593491 0.0512899 0.00800819 6.82361e-05 0.125401 2.90554e-05 4.94385e-05 
0.000212501 0.000173223 0.00157909 0.00685575 0.928982 0.00206205 0.000219979 2.34218e-08 0.000926276 1.114e-05 3.27306e-05 8.08274e-07 5.32638e-08 0.000207768 0.00486679 0.000778934 0.00186092 0.00149918 0.0448209 0.00205462 0.000757488 7.95807e-05 0.000875632 0.00063193 0.000270557 0.000218828 1.00153e-05 1.1172e-05 
0.00299399 0.000337305 0.00303197 0.0394406 0.64944 0.00104425 0.0123052 0.00217295 0.0126646 0.00546289 0.00600732 2.8301e-07 0.00274043 0.0103692 0.0147205 0.0870465 0.0217269 0.000231357 0.000191416 6.7193e-05 0.0636582 0.0137926 0.0352632 0.0142389 3.21175e-05 0.000795299 4.82137e-05 0.000176291 
0.00723073 0.000860083 0.000104723 0.0683688 0.583002 0.00092545 0.00238112 0.121701 0.000271909 0.00585174 0.000160334 1.43186e-10 2.94715e-05 0.00437824 0.0424749 0.00265092 0.00232123 0.0017299 3.37941e-05 0.0108113 0.0462902 0.000560198 0.0342248 0.000695741 0.000715979 0.0313341 1.57216e-07 0.030891 
0.000201338 0.00108584 0.00012237 0.00908314 0.765262 0.00571074 0.00855535 8.63162e-05 0.000154941 0.00346027 2.91663e-06 3.62513e-06 0.00215664 0.00045175 0.00429213 0.00524251 0.0608744 4.86703e-05 6.40341e-06 0.00659337 0.014741 0.000713956 0.000497193 0.00171081 4.45565e-05 0.108234 0.000662104 2.05751e-06 
0.00760426 6.64948e-05 2.08819e-05 0.0513299 0.508089 2.02861e-07 0.00258127 0.00485653 0.0126575 0.000450631 0.000213444 1.13655e-09 5.41831e-06 0.0028949 0.0337916 0.00693875 0.000399419 0.00502946 1.27876e-06 0.00448111 0.133618 0.00537555 0.140396 0.0240688 5.80698e-07 0.0550994 2.94193e-05 2.44588e-07 
0.00211083 0.0479696 0.0444385 0.0282558 0.378542 0.00211186 0.00353674 0.00525717 0.00073106 0.00851566 0.000212087 1.01817e-07 0.000125167 0.0210651 0.00696987 0.0063892 0.015922 0.017676 0.000141653 9.2724e-05 0.0908067 0.0307717 0.194217 0.000670537 0.000468092 0.0367618 1.92388e-05 0.0562217 
0.00283764 2.84288e-05 0.000515411 0.000396088 0.709388 0.00350405 3.92885e-05 0.00268537 0.000121372 2.72654e-05 0.000174543 1.705e-05 5.84794e-06 0.00754501 0.0010494 0.000167733 0.000628667 0.000184277 0.00225577 0.000861173 0.03173 0.230889 0.00309347 0.00102 0.000568086 0.000137295 0.000110149 1.93733e-05 
0.0402659 8.02672e-06 0.0010716 0.066189 0.65098 0.000530099 0.00228239 0.0031591 0.00150534 2.05021e-05 0.0100406 1.11103e-06 6.10511e-05 0.0516884 0.0209981 0.00643688 0.00960944 0.0227389 0.000273593 0.000622056 0.0530094 0.00741515 0.0079561 0.00850243 2.0924e-05 0.0345163 1.13159e-05 8.60717e-05 
3.02097e-06 7.53184e-05 2.38431e-08 0.153009 0.803003 2.21234e-05 0.00554478 3.24594e-06 1.72197e-08 0.00430913 0.000713353 2.88608e-08 4.08219e-06 1.37966e-06 0.0177607 0.00443586 3.3563e-07 0.00816778 3.06546e-06 0.00202101 2.9056e-06 8.78167e-09 2.04724e-05 6.68469e-07 0.000734178 2.13396e-05 2.67753e-08 0.000143761 
0.0166209 0.0620684 0.000283434 0.0187921 0.700111 2.05887e-05 0.00375813 5.93145e-06 0.000347714 0.000858522 6.43064e-05 6.59883e-06 1.42984e-05 0.000424702 0.0036151 0.034386 0.0223767 0.00409792 0.000103466 0.00141229 0.036818 0.0340418 0.0363901 0.0037076 0.000114576 0.0189313 2.55269e-05 0.000603053 
0.0113451 0.000570004 1.23809e-05 0.0364359 0.341121 0.00922386 0.0111035 0.00400379 0.00307675 0.00984578 0.000287362 0.000153035 1.3895e-05 0.0486394 0.00927695 0.0475948 0.0322342 0.0488838 1.02195e-05 0.00320596 0.106682 0.00220801 0.121386 0.0295625 0.000162257 0.120059 5.39806e-05 0.00284971 
0.00965003 0.00024096 0.000167195 0.0432246 0.46232 0.0056814 0.00956585 0.0170704 0.00303906 0.0109993 0.000616107 2.11403e-10 0.000181734 0.0639868 0.0499372 0.00388888 0.0265107 0.00822897 5.01125e-08 0.00288927 0.114704 0.0299209 0.0660947 0.0159712 0.0436355 0.0104733 0.000642062 0.000359358 
0.00757684 0.000139809 5.5838e-07 0.0827211 0.598182 0.0148069 0.00696152 0.00142017 0.00204215 0.00500702 0.000141083 0.000357364 6.10108e-05 0.00237388 0.0869282 0.00321411 0.002954 0.0219946 0.000153311 0.000791027 0.022 0.00345404 0.105335 0.00378336 5.58924e-05 0.0210604 7.6517e-05 0.00640773 
0.0167513 0.0158355 5.39286e-05 0.0309847 0.58593 3.28322e-05 0.00155537 0.0223843 0.0625294 0.000749181 0.000194946 1.91697e-06 0.0130773 0.0221514 0.017573 0.00497298 0.0310238 0.00230753 0.000121974 0.00907668 0.0103984 0.010119 0.00932606 0.00568458 0.000379847 0.126692 5.07094e-05 4.14047e-05 
0.0031325 0.0116941 1.90661e-06 0.107953 0.449752 0.000255436 0.0120228 0.00207136 0.0117554 0.0610381 4.3876e-05 9.04718e-07 0.000383865 0.00108254 0.0238518 0.0264998 0.0101599 0.020882 1.20642e-06 0.000501615 0.0236409 0.00656905 0.178988 0.00574607 0.000182721 0.0415817 0.000121022 8.70038e-05 
0.0404089 0.00464896 0.00680896 0.0684326 0.220291 0.000922876 0.00481768 0.00633532 0.00452796 0.0425279 0.000100244 1.1119e-07 0.000675304 0.00981046 0.0737661 0.00654973 0.0254483 0.102078 6.20722e-06 0.00187849 0.0513366 0.00747366 0.193485 0.00656055 2.50322e-05 0.12074 6.2389e-06 0.000338171 
0.00798415 0.00024421 2.27336e-05 0.0922233 0.578857 0.0118983 0.0204067 0.00303349 0.122866 0.0029363 6.81409e-07 1.68356e-09 0.000360202 0.000489588 0.0521372 0.000767312 0.081069 0.00392746 1.36586e-09 1.63571e-05 0.00118788 2.28949e-06 0.0174767 0.00132657 0.000323825 0.000438399 1.97301e-06 2.06382e-06 
0.00139482 0.260892 2.17795e-09 0.00590141 0.340127 1.21195e-07 0.00207372 0.00192753 0.0134365 0.0131063 0.000113567 2.63629e-09 0.00276733 7.28914e-06 0.00770273 0.0542817 0.124793 0.000532969 2.39844e-07 0.000180494 0.0479123 0.00344347 0.000928189 0.00533858 0.000261668 0.112315 5.82824e-07 0.000562113 
0.0527035 0.0439929 0.000598137 0.0767612 0.207259 0.000700142 0.0337859 0.00463833 0.031061 0.00197359 0.00045745 0.00129215 0.0004902 0.0250945 0.00908394 0.0837696 0.190079 0.0144772 2.92097e-06 0.000412055 0.0689458 0.017637 0.043158 0.00498841 8.72923e-05 0.0862886 3.73115e-06 0.000259058 
0.0023162 0.000908234 0.00014591 0.113333 0.400092 0.000944602 0.0314058 0.00533755 0.0163352 0.0550413 0.000710509 3.31777e-05 0.00223294 0.0126807 0.164916 0.0069738 0.00581156 0.00821461 0.00105244 0.00228089 0.0175729 0.0398492 0.0451281 0.0134212 0.00477126 0.0322465 0.000537212 0.0157069 
1.82458e-05 1.15442e-05 1.312e-07 0.0188256 0.636441 2.83879e-06 0.00609182 0.000456516 3.97153e-05 2.54885e-06 1.27772e-07 0.000873217 1.68016e-05 0.00638296 0.190297 0.00159719 0.00482987 0.02741 9.10785e-05 5.68578e-08 0.00876106 0.0175753 0.010444 0.0463183 2.33017e-05 0.0232822 1.47334e-07 0.000208041 
0.0213655 0.00930322 6.69441e-05 0.0303789 0.21746 0.0890946 0.0116333 0.0127735 0.00662176 0.0103523 0.00186343 0.00022747 0.000331611 0.0347969 0.0999997 0.0451367 0.057228 0.043705 0.000216245 0.00703722 0.10554 0.0307189 0.101056 0.0213573 0.0079158 0.0286537 0.00315539 0.00201108 
0.0486975 0.0100423 3.88964e-05 0.0257291 0.534127 0.0577665 0.00135594 0.00733574 0.00328519 0.00159584 0.000123717 4.42953e-08 0.00819427 0.00194148 0.0941896 0.000691421 0.00416508 0.0542038 3.62183e-06 0.006397 0.0142208 0.0307743 0.0450811 0.0230051 0.000142396 0.0266827 5.76228e-07 0.000209425 
0.00308217 0.000115044 7.30517e-10 0.0386723 0.741003 0.000380672 0.0016833 0.00751743 0.0730017 1.30036e-06 8.02587e-07 8.78176e-07 5.38448e-05 0.00634444 0.010649 0.0219429 0.00528498 0.00401214 9.03011e-06 0.00182953 1.78203e-05 0.0594436 0.0110902 0.00013603 2.29173e-07 0.0137273 8.20354e-10 5.01873e-10 
0.00682194 0.00108424 5.50016e-05 0.153223 0.45127 0.000215076 0.128772 0.0223268 0.00485854 0.00558716 0.0043679 1.25558e-05 0.00112809 0.00126501 0.0866805 0.00724638 0.0173427 0.0173317 4.29006e-07 0.0073726 0.0117002 0.0257672 0.0233757 0.00325514 5.13519e-05 0.0187875 1.99835e-05 8.23873e-05 
0.0211909 0.000667976 2.70036e-05 0.237015 0.238321 0.0102137 0.042549 0.0115635 0.0185797 0.00594599 8.08586e-05 1.28578e-05 0.110721 0.00493217 0.0995968 0.00705971 0.0072652 0.0715104 4.5979e-06 0.00052541 0.00782303 0.00102373 0.0624003 0.00201946 1.34426e-05 0.0330318 1.41591e-05 0.00589106 
0.0284779 0.00529249 6.11637e-05 0.0407982 0.37569 0.000326554 0.0780341 0.0725042 0.0121814 0.000341445 2.93982e-05 2.46655e-09 0.000101111 0.0045454 0.229423 0.0637512 0.00322813 0.019801 6.43877e-05 0.0013262 0.0155794 0.00409433 0.0149397 0.0047624 2.59191e-05 0.0242357 0.000289462 9.59318e-05 
0.000835844 0.0179237 6.71958e-07 0.00230836 0.912035 0.00359129 0.000794258 0.000552275 0.00510854 0.000422015 5.21751e-05 1.69947e-10 2.29478e-08 0.000706234 0.001691 0.0070322 0.000827181 0.00260695 0.000105062 3.04188e-05 0.000975096 0.000938377 0.0394113 0.000355863 9.77072e-05 0.00159309 2.28157e-06 3.08121e-06 
0.0054995 0.000555424 3.37881e-07 0.109066 0.383203 2.94145e-07 0.0168614 0.000601742 0.00557997 0.00116014 0.00369472 2.87759e-06 0.000103247 0.00389465 0.0587504 0.0432372 0.00242884 0.149905 4.07012e-06 0.00208988 0.00452047 0.13436 0.0557804 0.00317108 4.74036e-05 0.0145752 4.31667e-05 0.000864745 
0.012003 6.9133e-05 0.168532 0.076172 0.221351 0.157494 0.00611197 0.000370844 0.0047169 4.96899e-05 7.08264e-07 4.28748e-10 0.000392419 6.57898e-07 0.00835445 0.0493541 0.000988605 0.000214299 3.63532e-07 0.0241707 0.00945215 0.218732 0.00234259 0.00212154 0.0001206 0.0357013 0.0011825 7.47203e-07 
0.0025151 0.00460499 7.27078e-07 0.032346 0.911863 3.24526e-05 0.000945897 0.000435219 0.0101148 0.00035293 2.41146e-05 4.73861e-05 2.84937e-05 0.00538308 0.00350472 0.00946344 0.0107157 0.000341616 1.29274e-05 3.42125e-06 0.00214365 0.00122214 0.00285214 0.000207055 6.23452e-05 0.000750616 5.23095e-07 2.55827e-05 
0.0118475 0.0175269 1.3476e-06 0.0315479 0.701236 0.000832267 0.00139969 0.027201 0.0100223 0.0101931 0.000608663 4.68916e-07 0.000130801 0.0224084 0.0191907 0.00254742 0.00665664 0.0102223 0.000221669 0.00106505 0.0113314 0.011022 0.0471909 0.00561965 9.48605e-05 0.0498584 4.35033e-07 2.18865e-05 
0.0216534 0.00143946 2.16761e-07 0.00774394 0.458286 0.000629872 0.00252725 0.0170539 0.00202419 0.000845849 0.000354642 1.04123e-06 0.000348953 0.135081 0.090827 0.00717702 0.0172682 0.04115 4.44199e-05 0.00403818 0.0831542 0.00594015 0.0440471 0.0399492 0.000290299 0.0177535 4.32532e-07 0.000371157 
9.72242e-09 3.8375e-06 6.84636e-08 0.00453341 0.918347 0.000317798 1.58987e-08 0.000128019 1.46661e-05 1.24141e-06 3.2753e-05 8.28713e-08 0.000457727 2.14479e-05 4.29225e-06 0.000793918 1.37106e-08 0.0014287 0.0488915 3.49835e-05 8.54303e-06 2.52158e-08 0.000522131 8.48255e-07 0.0177606 7.56069e-09 0.0011211 0.00557573 
0.0333329 0.00688816 3.84197e-06 0.112936 0.325817 0.00737199 0.00850833 0.000347569 0.0024237 0.029732 0.0186704 0.00623732 0.00023973 0.0114142 0.105294 0.0279546 0.0120776 0.0333629 5.019e-08 0.0358968 0.123595 0.00368614 0.0719797 0.00654933 8.4455e-05 0.0154255 2.3812e-05 0.000145915 
0.00823198 0.0767213 4.65491e-09 0.0757876 0.374556 0.0153371 0.0388654 0.000207328 9.39362e-05 0.00822345 1.49189e-05 1.63598e-05 5.14526e-06 0.00642597 0.00601594 0.000203059 2.30124e-05 0.21563 3.97751e-06 0.00531329 0.0174204 0.000140497 0.0366258 0.109367 7.76014e-06 0.00468326 7.84858e-07 7.86837e-05 
0.00212254 0.0869006 2.23873e-10 0.0769628 0.534163 0.00577506 0.00567012 0.00443986 0.00882515 0.00691231 2.18024e-10 0.00543611 0.00258658 0.0043826 0.191646 0.0261746 0.0104913 2.52276e-07 2.99284e-05 0.000274777 0.00189557 0.0110257 0.00227269 0.000684773 1.24378e-07 0.0111981 0.000129744 1.53803e-10 
0.00184057 0.00304368 1.70288e-05 0.0117072 0.622899 0.00316513 0.0401941 4.66601e-05 0.0560276 9.22297e-06 3.11852e-07 0.00525094 0.000212687 8.33792e-05 0.0572655 0.00658791 0.102919 0.00394791 4.33289e-06 0.000812038 0.00586015 6.13716e-07 0.0651523 0.00213169 0.000124606 0.0106944 3.66006e-08 1.70229e-06 
0.0011971 0.000124972 0.00337848 0.0444286 0.47148 2.45178e-06 0.0488452 0.00021388 0.00105614 0.00943889 0.00489556 4.18603e-07 0.00024128 0.0140939 0.022903 0.00410608 0.0089217 0.00121957 0.0472372 9.60796e-05 0.0754985 0.00355812 0.0522667 0.00742102 0.0908964 0.086318 8.62694e-05 7.41693e-05 
0.0462752 0.168774 4.24409e-05 0.0991554 0.207253 0.0049224 0.00690043 0.0162606 0.000196107 0.0201983 4.52567e-06 0.000303099 0.00171537 0.0467854 0.0867638 0.0065964 0.00503764 0.0102767 1.382e-06 0.00100967 0.083273 0.0480367 0.0769137 0.0130014 0.00130825 0.0489906 3.07798e-06 1.44625e-06 
6.15717e-07 1.23659e-06 5.25458e-08 0.00711543 0.806347 0.00337326 0.00124574 0.0586935 3.63324e-07 0.00021154 0.000235793 0.00140915 7.2503e-08 0.000869528 0.0121325 0.00671818 0.0168223 0.000448208 0.051362 2.27717e-08 2.48583e-05 0.0091128 0.0025414 0.0213076 2.28367e-05 5.80283e-09 2.99766e-07 3.30685e-06 
0.00665742 4.39687e-05 0.0010133 0.0262352 0.821277 3.60677e-06 0.000573846 0.000490342 0.00791494 0.000151635 4.9072e-06 1.09361e-05 0.000115778 3.33315e-05 0.0177074 0.00719748 0.0201879 0.0071757 0.000135517 8.19886e-05 0.0123871 0.0159978 0.0153011 0.0344522 0.000106172 0.00462126 0.000113558 8.41684e-06 
0.0220963 2.10818e-06 3.59791e-07 0.0403228 0.381047 0.0684081 0.0121343 0.00031181 0.00767409 0.0171771 0.000302607 1.81313e-10 0.00031305 0.0907716 0.13297 0.088957 0.0133648 0.0116925 3.33565e-07 0.00930528 0.0732196 0.00371473 0.0198246 0.00153728 1.32455e-05 0.00479183 1.24435e-07 4.83716e-05 
1.00077e-07 0.0129827 2.01292e-10 0.0447067 0.862288 1.70914e-10 6.31095e-07 1.31916e-06 0.029094 9.15215e-07 1.96033e-10 2.43653e-10 2.77744e-10 1.8249e-07 0.00712678 0.00794795 0.000131165 2.34662e-11 1.78104e-07 8.72337e-11 1.37106e-06 0.0340993 0.00161592 5.56837e-07 4.23821e-08 9.3366e-07 2.26047e-10 1.21709e-06 
0.0188467 0.000109907 0.00019322 0.0196296 0.271549 0.00418878 0.00270209 0.0348526 0.0032711 0.0173195 0.000417528 1.33436e-06 3.29488e-05 0.0610321 0.0431895 0.00693971 0.00798082 0.00635088 7.90046e-05 0.00216049 0.154937 0.113601 0.0979255 0.0106856 0.11457 0.00736554 4.90014e-05 1.8677e-05 
0.0571874 0.000938689 4.3914e-05 0.036 0.38223 0.00233469 0.00627084 0.00491379 0.00648592 0.014556 0.000135884 3.57252e-05 0.000646374 0.0106684 0.045944 0.0201186 0.0188992 0.0855296 0.000307722 0.00885805 0.0864851 0.00727924 0.0828784 0.0584407 0.0149861 0.0469269 1.11616e-05 0.00088771 
3.51795e-05 3.51506e-05 3.51313e-05 3.51837e-05 0.650882 3.51399e-05 0.119628 3.51535e-05 0.0176087 3.51805e-05 0.0421946 3.51196e-05 3.511e-05 0.116119 3.51792e-05 3.51776e-05 3.51762e-05 3.51809e-05 3.51324e-05 0.0281658 0.0246626 3.51668e-05 3.51831e-05 3.51784e-05 3.51767e-05 3.51813e-05 3.51245e-05 3.51489e-05 
0.038708 5.79221e-05 7.71997e-11 0.0331972 0.569764 0.0170966 0.0123623 0.0176518 0.00247132 0.00334287 0.000334116 0.00359629 0.000111747 0.00188481 0.0619614 0.00437622 0.0247059 0.0109212 1.32424e-07 0.0322903 0.0454456 0.00458972 0.0905953 0.00270248 2.86762e-05 0.0216331 6.05159e-06 0.000165217 
0.00850243 5.35943e-05 0.0298126 0.0167399 0.516547 0.000604977 0.00708083 0.00114816 8.04003e-06 8.2676e-06 3.73598e-06 3.80215e-06 1.5504e-05 0.00330362 0.00628628 0.0312908 0.0204736 0.0019611 0.0896357 0.00181426 0.109499 0.0417614 0.00913839 0.0208879 0.0745288 0.00787717 0.000668608 0.000344958 
0.013693 0.00210614 0.00501735 0.0283299 0.424042 0.00397141 0.00326293 0.0030551 0.00221826 0.00284358 0.000233103 0.00190128 0.000572821 0.0661166 0.094894 0.00527505 0.0188681 0.0448052 0.00282268 0.00584494 0.127423 0.00433304 0.0517027 0.0605188 0.000355238 0.0250337 0.000240268 0.000519889 
0.0174023 0.000226265 8.41522e-05 0.0918734 0.474441 0.000841241 0.0356227 0.0116421 0.00914503 0.00509131 0.00335246 7.48447e-10 0.000246046 0.0145406 0.0611511 0.0257292 0.0546373 0.00833802 0.000176578 0.00665109 0.0304642 0.0037168 0.104492 0.0159628 1.50671e-05 0.023814 0.000343003 1.7925e-07 
0.0318644 0.000211536 2.00417e-05 0.0874197 0.26253 0.000265491 0.022325 0.0777447 0.00440313 0.00442578 0.029987 2.78508e-06 1.51919e-05 0.0159254 0.0698762 0.0169588 0.0142766 0.0328294 1.62482e-07 0.000638428 0.00254657 0.177624 0.0784022 0.0131689 0.034936 0.0188186 0.000139638 0.00264525 
3.16489e-07 1.11771e-06 4.41055e-07 0.210987 0.645074 8.24907e-08 0.0755848 6.35345e-07 0.00195309 0.0235679 6.78233e-07 2.19499e-09 0.000181515 1.53844e-06 0.0201905 0.00377299 3.02438e-07 1.58203e-06 0.00331124 1.92055e-06 3.08284e-06 1.37389e-06 0.0145849 7.18534e-07 0.000133714 1.74559e-06 1.24394e-07 0.000642243 
3.37838e-06 3.37561e-06 3.37375e-06 0.0908927 0.426035 3.37458e-06 3.3779e-06 0.0145197 0.0499574 0.0158823 0.00438945 3.37263e-06 3.37171e-06 0.0297311 0.118921 3.37821e-06 3.37807e-06 0.106426 0.00337723 3.37681e-06 3.37862e-06 0.0952397 3.37873e-06 0.0165569 3.37812e-06 3.37855e-06 3.3731e-06 0.0280196 
0.0115429 0.0104861 0.00283926 0.109375 0.41479 0.0064654 0.0079017 0.0133272 0.00762234 0.0398084 5.19042e-05 7.39248e-08 0.000268044 0.0155067 0.044484 0.0171953 0.0170558 0.013453 0.00106963 0.0481034 0.086576 0.0271171 0.0650095 0.0140358 0.000144864 0.025222 0.000105328 0.000443036 
0.0196353 0.0456965 0.000274352 0.0352865 0.537506 0.00432505 0.00648532 0.00153803 0.00347999 0.00554492 0.000485463 4.11807e-05 0.00204377 0.00206626 0.00905396 0.0830015 0.100721 0.000977645 4.58254e-05 0.0251449 0.0419684 0.0103985 0.0238247 0.00243818 6.13302e-05 0.0379236 4.41751e-06 2.77408e-05 
