0.0943047 0.000784262 8.78458e-05 0.0482294 0.00789757 0.381758 0.0124003 0.000355309 0.000102301 0.00148203 9.99826e-05 3.24575e-09 2.22008e-05 0.0164155 0.0584858 0.175603 0.0179076 0.00926912 1.28635e-06 0.0512022 0.00893415 0.00240565 0.0162892 0.0763396 1.288e-05 0.0194476 0.000128663 3.30238e-05 
0.00189082 0.000684637 7.03839e-05 0.0123222 0.0913593 0.382604 0.00186629 0.00831438 0.000504021 0.00200504 4.30937e-05 1.44296e-08 4.30703e-05 0.00374044 0.0670682 0.0133225 0.0327241 0.013347 1.43569e-05 0.00481151 0.154734 0.00985436 0.191953 0.00310452 1.74664e-06 0.00221198 9.64585e-05 0.00130783 
2.97001e-05 6.53855e-05 1.75494e-07 0.00671359 0.0198546 0.892218 0.0013571 2.4357e-06 0.00212095 3.75272e-07 0.00127936 2.12426e-07 5.706e-05 6.25875e-06 0.0113963 0.000885986 0.0308341 0.000543764 1.7234e-07 0.00469836 1.00821e-05 5.27226e-07 0.000339226 0.0262785 3.35606e-08 0.000677626 0.000629517 1.20566e-07 
0.0673298 0.000470193 0.0043271 0.0287299 0.0891269 0.283619 0.00144386 0.000142064 0.00440476 0.00109558 6.96735e-05 1.28865e-10 0.000111009 0.00679033 0.0118267 0.00612119 0.00762667 0.0207844 6.4566e-05 0.0292571 0.243145 1.15792e-06 0.0632034 0.0157959 2.54944e-08 0.114311 1.78832e-05 0.000184151 
0.00802298 0.000557252 0.0273869 0.02945 0.153341 0.268771 0.00294581 0.00421716 0.00167248 0.00737768 0.000110421 0.000212971 5.33708e-05 0.0157575 0.0299196 0.0360376 0.0122744 0.0322279 1.25176e-05 0.00305379 0.234278 0.00302533 0.101627 0.00230939 2.88556e-05 0.0251044 0.000188656 3.74424e-05 
0.0155792 0.000453136 0.00155988 0.0166419 0.188257 0.29685 0.00177316 0.00192503 0.00193433 0.00427517 0.000104989 0.00219808 0.00367721 0.0113012 0.015298 0.0418298 0.00972025 0.00624748 1.44024e-06 0.00253759 0.198712 0.00389584 0.141107 0.000961823 2.24377e-05 0.0330177 3.86405e-05 7.97403e-05 
0.0155792 0.000453136 0.00155988 0.0166419 0.188257 0.29685 0.00177316 0.00192503 0.00193433 0.00427517 0.000104989 0.00219808 0.00367721 0.0113012 0.015298 0.0418298 0.00972025 0.00624748 1.44024e-06 0.00253759 0.198712 0.00389584 0.141107 0.000961823 2.24377e-05 0.0330177 3.86405e-05 7.97403e-05 
0.00123033 2.7479e-06 4.43758e-09 2.96218e-10 0.0274719 0.315773 0.00324277 0.276424 3.20486e-09 3.84745e-07 7.87049e-07 5.37144e-09 6.12299e-09 8.20866e-10 0.0953321 7.78425e-10 3.65339e-06 0.210416 4.35782e-09 1.52078e-05 9.65746e-06 0.0169233 0.0442595 0.00880563 8.35359e-05 1.57346e-06 4.9833e-09 3.70243e-06 
0.0437087 0.000127891 4.78867e-07 0.058216 0.00449322 0.538792 0.00372654 0.00142396 3.45842e-07 0.000230297 0.000119732 5.79642e-07 0.000239223 0.00685376 0.154423 0.0124298 0.013263 0.0153735 4.48131e-05 0.00289043 0.0836464 0.00109816 0.0392422 9.92144e-05 0.000217186 0.0191884 8.55419e-05 6.55104e-05 
0.0362423 0.0094227 2.05179e-05 0.0158794 0.0308909 0.72719 0.0123593 0.0101243 0.0236374 0.0152646 4.75924e-06 0.000431349 0.000328916 0.00168822 0.00475289 0.0521256 0.0234659 0.00576936 4.25655e-05 0.00111817 0.0077435 0.00109488 0.0148415 0.00321653 1.9437e-05 0.00231102 1.16995e-05 2.08774e-06 
0.00318641 4.01566e-06 2.26814e-07 9.31787e-05 0.000844847 0.925555 0.000267051 7.51747e-06 0.00597 2.78709e-08 2.20888e-07 0.000232296 3.12959e-07 2.04928e-05 0.00273503 0.00118354 0.0273583 3.88918e-05 1.37398e-06 1.93863e-06 2.20067e-08 7.04381e-05 0.000891386 0.0277875 5.54694e-07 0.00374904 2.54707e-07 1.55823e-07 
0.0012498 0.00209442 3.98261e-06 0.0749579 0.136518 0.548359 0.0133214 0.000145601 0.0051801 0.0703986 0.000595158 3.73241e-07 0.000115485 0.00475296 0.000350506 0.0352518 0.00220991 0.00146461 8.40561e-06 0.0104327 0.00656233 0.000223862 0.0197863 0.00433107 3.51358e-06 0.061553 5.61678e-05 7.24464e-05 
0.0867286 0.000282175 0.00259644 0.0245022 0.066309 0.325451 0.00168876 0.000675125 0.0061068 0.000657376 4.18263e-05 9.01221e-11 6.66506e-05 0.00913236 0.0150537 0.0295021 0.00960223 0.0255718 3.87809e-05 0.0189179 0.174276 7.00212e-07 0.0824589 0.0190098 1.75032e-08 0.101209 1.07445e-05 0.00011052 
0.0176617 0.0121272 2.25798e-07 0.0217778 0.0169331 0.227001 0.027501 0.00251222 0.000889972 0.000271434 0.000241987 1.75112e-09 9.05013e-05 0.0149282 0.055149 0.192376 0.0655395 0.00660207 3.87867e-07 0.0786206 0.0201957 0.0298377 0.158117 0.0447153 3.91975e-05 0.00650457 0.000346995 1.94851e-05 
0.0987836 0.00219037 2.08475e-08 0.165178 0.13055 0.212088 0.0126825 0.000961196 0.0169006 0.0169671 3.86655e-05 1.17699e-06 0.000198318 0.000650368 0.0114703 0.0334618 0.114448 0.00659281 2.37163e-06 0.000552693 0.00926976 0.000417077 0.0977806 0.0482294 8.49533e-05 0.0204366 4.285e-05 2.05983e-05 
0.0135868 0.00214021 0.00711376 0.019318 0.159297 0.346232 0.00197589 0.144022 2.41099e-06 4.69309e-05 0.00218103 1.33447e-08 1.96258e-06 0.0214718 0.00731929 0.000857256 0.0102297 0.0191985 1.98667e-05 0.0342246 0.0963673 0.0490498 0.0014161 0.0458477 0.000167731 0.0171982 0.000709828 3.8276e-06 
0.095698 0.000352145 6.52602e-08 0.176205 0.00412738 0.3977 0.180074 2.15376e-05 2.48405e-06 0.00344372 1.1032e-05 5.54356e-10 0.000160413 0.00746519 0.0448333 0.0163278 0.00208127 0.00120916 1.06431e-06 0.000161165 0.00914442 0.000158209 0.0494094 0.000582945 2.70553e-06 0.00961203 5.14298e-10 0.00121643 
0.193838 6.53066e-05 1.11337e-06 0.0121461 0.00103112 0.254144 0.00274459 1.36316e-07 0.000480624 0.000625169 7.95684e-05 1.09201e-10 6.36373e-06 0.0989411 0.00059651 3.80466e-07 0.0009101 1.7102e-06 4.81396e-08 0.069097 0.0473916 8.8447e-08 0.00175571 0.119351 3.66465e-08 0.196765 9.77856e-06 1.76525e-05 
0.00987455 0.000388059 0.00237595 1.28489e-05 0.0159083 0.883261 0.00200439 0.000160888 0.0132085 7.26134e-06 2.99106e-06 2.75514e-06 0.000325462 4.93868e-05 0.00765706 0.000224906 0.0287066 0.0167922 9.51022e-07 0.00181966 9.22418e-05 0.000216603 0.0147105 0.00214914 1.51705e-05 2.53652e-05 5.51152e-06 1.49397e-06 
0.014946 0.00023492 5.1158e-07 0.0321989 0.057932 0.497725 0.00379033 0.00767583 0.00127404 0.0795469 9.80224e-05 2.63796e-11 4.37089e-05 0.00536454 0.0100415 0.00547326 0.00321325 0.0295156 4.05152e-05 0.000325906 0.0217002 0.00279261 0.116252 9.15224e-05 1.97933e-05 0.0132536 0.00117103 0.0952786 
0.00582301 0.00166047 0.000242942 0.0225653 0.0785005 0.296193 0.168817 0.0157872 0.00652552 0.0137637 0.000174367 1.95347e-08 0.000173653 0.00116671 0.01858 0.00676858 0.00103691 0.0139164 0.197545 0.000524077 0.0600439 0.000433897 0.0291079 0.0577578 0.0002513 0.00249319 1.53721e-05 0.00013181 
0.00247295 7.33885e-05 6.09977e-06 0.0022184 0.0638166 0.802044 0.00116587 0.00134013 0.000306569 0.000308591 5.21471e-06 0.000687536 5.69923e-05 0.00374181 0.0250466 0.0390147 0.0184903 0.0158808 0.000857554 6.19977e-06 0.0145736 0.00161433 0.00368302 0.00194451 9.18872e-07 1.51291e-05 1.3722e-05 0.000614295 
0.0254843 0.000139484 1.55412e-07 0.0191914 0.023952 0.350002 0.0293597 0.000231161 0.000432184 0.00787106 0.000160819 1.88118e-07 6.21826e-05 0.000984814 0.0780969 0.233923 0.0736759 0.0013392 0.000123518 0.00156336 0.0932629 0.00170116 0.0545971 0.000439291 2.6735e-05 0.0028383 0.000425255 0.000116261 
0.0288253 0.0020842 0.00610727 0.0691913 0.081693 0.444045 0.0232141 0.0196509 0.00411855 0.00984661 0.00386385 0.000495794 0.000761283 0.0206063 0.0281073 0.025461 0.0533426 0.0212084 9.87009e-05 0.00792089 0.0277088 0.00968473 0.0223614 0.0278901 0.00566976 0.0497314 0.00408817 0.00222321 
0.0109025 0.00043093 0.00493065 0.0719063 0.128321 0.466594 0.0137992 0.000797923 0.052933 0.00815963 0.00148512 2.83878e-06 0.00667976 0.00396659 0.0710205 0.00812382 0.0413835 0.000142891 8.18541e-06 0.000229688 0.079121 0.00259765 0.00497186 0.017882 7.34253e-06 0.00350118 3.10684e-05 7.07294e-05 
0.011767 0.00282234 3.43484e-06 0.00254307 0.0410664 0.782265 0.00243045 0.00118802 0.00128433 0.005352 0.000109052 0.000268735 1.79656e-05 0.00350219 0.00424422 0.00661631 0.00637724 0.00558756 3.68651e-05 0.000223184 0.0261631 0.0014384 0.0861304 0.00069414 2.61316e-05 0.00665557 5.53346e-06 0.00118159 
0.00945422 0.000779484 7.80069e-05 4.73502e-05 0.0228364 0.83856 0.00705108 0.000324181 0.015837 2.09101e-05 1.10387e-05 0.000502024 0.000613652 0.000181997 0.0117506 0.00713028 0.0529261 0.00651521 3.52115e-06 0.000257516 0.00320734 0.000432324 0.0185646 0.00278067 3.16411e-05 9.34741e-05 3.731e-06 5.51698e-06 
7.74087e-05 7.73451e-05 7.73027e-05 7.7418e-05 7.7412e-05 0.394416 7.73977e-05 7.73516e-05 0.317162 7.7411e-05 7.7306e-05 7.72769e-05 7.72558e-05 7.74033e-05 0.286488 7.74046e-05 7.74015e-05 7.74118e-05 7.73052e-05 7.73726e-05 7.74142e-05 7.73808e-05 7.74166e-05 7.74063e-05 7.74026e-05 7.74126e-05 7.72877e-05 7.73414e-05 
0.00454652 4.23863e-06 1.07533e-07 0.0420573 0.00736416 0.87278 0.0220577 1.40732e-07 0.00411024 0.0168577 5.99831e-09 1.8592e-11 0.000970234 9.85942e-08 2.25578e-12 0.00798963 2.29161e-07 0.000279814 2.71656e-08 0.00149785 0.0177056 5.65713e-12 1.45942e-06 0.0017767 2.93731e-12 1.24844e-07 1.48355e-07 3.16674e-08 
0.0195242 0.0069783 8.34188e-06 0.0476204 0.0249697 0.494073 0.0244572 0.0128315 0.00718134 0.00171004 0.00165561 0.0155263 6.73779e-05 0.00606789 0.0337161 0.002225 0.0428792 0.0114925 8.56271e-07 0.00031433 0.0196269 0.176325 0.0252229 0.00019917 3.66429e-07 0.0251987 1.9199e-05 0.000109455 
0.00142658 7.22499e-05 1.54052e-05 0.00235401 0.00278428 0.92817 0.000220955 0.000153931 0.00163851 2.40227e-07 1.04939e-06 0.00103089 4.02155e-05 1.55188e-06 0.0335847 0.00696298 0.0114073 0.00429732 1.80654e-06 4.26221e-05 0.000229796 0.000687661 0.00246859 0.00159011 1.12066e-05 0.000673007 0.000131216 1.56937e-06 
0.00395418 7.26899e-05 8.26547e-06 0.0201279 0.0388491 0.633974 0.00181054 0.0104633 0.000708763 0.0445242 5.40935e-05 7.27849e-11 0.00243578 0.00707429 0.0126678 0.0184475 0.0188727 0.00432641 1.57111e-05 0.003829 0.108864 0.0130144 0.0306678 0.00745319 6.60014e-05 0.0175008 5.74347e-05 0.000160153 
0.0256031 0.000530423 0.0120768 0.0149818 0.0667633 0.600541 0.0827306 0.0002678 0.000100581 0.000382986 6.30147e-05 1.54874e-07 0.000252455 0.0105016 0.0107159 0.0184903 0.0574959 0.00459216 5.22362e-06 0.00101118 0.042988 0.000247243 0.00844058 0.0410588 3.91065e-06 0.000141818 5.52493e-06 8.28774e-06 
0.0338162 1.69203e-05 0.0342001 0.00740036 0.0203591 0.643761 0.00104206 4.13633e-05 9.25725e-05 5.17291e-06 1.01773e-09 1.26496e-09 7.30535e-07 0.00392884 0.0322561 0.00793528 0.00931894 0.000264359 5.2799e-08 0.00546998 0.159353 3.86449e-07 0.0162113 0.0113053 1.99848e-10 0.0132063 1.47224e-05 2.64495e-07 
0.0419895 0.0129464 6.29426e-10 0.0454429 0.163935 0.167056 4.67766e-06 0.00133334 0.133035 4.37331e-05 1.01546e-06 7.61885e-10 0.000890103 2.01473e-06 0.150653 0.0121498 0.104297 0.00299587 6.67147e-07 4.09223e-06 0.00269117 0.00324951 0.135351 0.0214258 8.66806e-05 7.94404e-07 6.49403e-06 0.000407946 
0.00233838 0.00233646 0.00233518 0.00233866 0.00233848 0.703059 0.00233805 0.00233666 0.00233623 0.00233845 0.00233528 0.0023344 0.00233376 0.00233822 0.236174 0.00233826 0.00233816 0.00233847 0.00233525 0.00233729 0.00233855 0.00233754 0.00233862 0.00233831 0.0023382 0.0023385 0.00233472 0.00233635 
0.00010157 1.02217e-05 5.80593e-06 0.0279146 0.0599787 0.805021 2.5288e-05 8.46371e-08 0.00903858 0.000117306 0.00560143 1.6885e-07 1.92474e-07 0.0313951 0.0128285 0.0270273 8.83816e-06 0.00174973 0.0030977 0.00578664 6.32818e-05 0.000258232 1.64248e-05 0.00963625 2.66761e-08 3.62193e-06 0.000289441 2.37374e-05 
0.0659699 6.66104e-08 8.87309e-12 0.0102435 0.009453 0.332252 0.00078976 2.15353e-07 6.31274e-06 0.00825248 0.0456023 1.07404e-11 1.22431e-11 0.0038838 0.0819382 0.0435983 0.00985974 0.0343531 0.000122056 0.00110337 0.271354 0.00061128 0.0598012 0.0202317 1.69685e-12 0.000436366 0.000137386 1.55452e-07 
0.031989 2.86637e-05 0.0307814 0.111131 0.0201647 0.408179 0.0655879 0.00636981 0.00672694 0.00142427 2.16212e-05 0.00100275 0.000443528 0.0081772 0.0220247 0.0332462 0.0594973 0.0452154 2.20147e-06 0.00923496 0.0150589 0.00314149 0.0238846 0.027214 3.99177e-05 0.0692368 1.49085e-05 0.00016011 
0.0130895 0.000391761 0.0139817 0.0265328 0.105328 0.509498 0.00151852 0.00320658 0.00527348 0.0062978 0.00242503 7.56272e-05 1.62245e-05 0.034399 0.024025 0.0154019 0.00725489 0.0434637 7.02704e-05 0.00134354 0.111116 0.00171927 0.0532528 0.0100579 0.000188016 0.00942174 0.000498863 0.000152505 
0.0943047 0.000784262 8.78458e-05 0.0482294 0.00789757 0.381758 0.0124003 0.000355309 0.000102301 0.00148203 9.99826e-05 3.24575e-09 2.22008e-05 0.0164155 0.0584858 0.175603 0.0179076 0.00926912 1.28635e-06 0.0512022 0.00893415 0.00240565 0.0162892 0.0763396 1.288e-05 0.0194476 0.000128663 3.30238e-05 
0.0141266 0.00078918 0.00052024 0.0890464 0.0727069 0.503043 0.00359412 0.0171958 0.00357336 0.0300254 0.000537157 6.78393e-07 0.000564394 0.023287 0.0323182 0.0185935 0.0175232 0.0163116 6.47636e-05 0.00503952 0.0427287 0.0067569 0.0328619 0.022143 0.00797387 0.0312566 0.000630879 0.00678733 
0.000631935 1.61202e-05 1.41674e-08 0.00457069 0.00806473 0.78048 0.0741955 9.44245e-05 0.0306695 3.7856e-06 2.61033e-07 0.000383994 0.00026543 8.35661e-06 0.0412303 0.0295801 0.00998656 0.000110361 3.55772e-05 0.00413793 0.00497071 0.000413086 0.00188801 0.0064015 1.04674e-06 0.00179928 6.10361e-05 9.73317e-09 
0.095698 0.000352145 6.52602e-08 0.176205 0.00412738 0.3977 0.180074 2.15376e-05 2.48405e-06 0.00344372 1.1032e-05 5.54356e-10 0.000160413 0.00746519 0.0448333 0.0163278 0.00208127 0.00120916 1.06431e-06 0.000161165 0.00914442 0.000158209 0.0494094 0.000582945 2.70553e-06 0.00961203 5.14298e-10 0.00121643 
0.00448141 0.000112382 1.78512e-05 0.0233929 0.0320266 0.728881 0.0252092 0.00204999 0.00162223 4.01913e-06 1.87716e-05 0.00141322 8.30951e-05 0.001995 0.0112712 0.00554572 0.047544 0.00132123 2.33236e-05 0.0700266 0.00634809 0.00254245 0.00716217 0.0240879 3.03475e-06 0.00262095 6.93119e-06 0.00018817 
0.0045591 7.66155e-08 0.000227104 0.0764616 0.0546968 0.380469 0.00380446 0.000131846 0.00207512 0.0485956 0.000146916 1.40844e-07 0.000473065 0.0215815 0.0460005 0.000743868 0.019499 0.00514664 0.000151063 0.00444925 0.0161759 0.000686225 0.00943225 0.141264 6.61761e-06 0.159591 1.30666e-07 0.00363068 
0.095698 0.000352145 6.52602e-08 0.176205 0.00412738 0.3977 0.180074 2.15376e-05 2.48405e-06 0.00344372 1.1032e-05 5.54356e-10 0.000160413 0.00746519 0.0448333 0.0163278 0.00208127 0.00120916 1.06431e-06 0.000161165 0.00914442 0.000158209 0.0494094 0.000582945 2.70553e-06 0.00961203 5.14298e-10 0.00121643 
0.00513062 0.00906174 0.00395367 0.06356 0.00432027 0.528011 0.022864 0.000280256 0.00584101 0.00171183 5.76548e-06 1.41447e-08 0.00257934 7.64993e-05 5.35581e-07 0.320187 0.0110912 0.00146589 3.60354e-06 0.00378305 0.00551646 5.19166e-06 0.00294927 0.00330793 5.71515e-07 0.00429208 4.56965e-07 1.13024e-06 
0.0462589 0.0015644 0.000160618 0.0273876 1.60925e-08 0.764069 9.38235e-05 0.000192655 3.49639e-05 0.00110367 3.56504e-05 1.67979e-07 0.000153047 0.0158657 0.00455921 0.00972848 0.000271287 0.0149628 1.44074e-05 0.00611917 5.52033e-05 2.45914e-05 6.35325e-05 0.105025 2.24099e-05 0.00205456 5.17314e-05 0.000127537 
0.00102716 0.000296808 0.000304993 0.000868851 0.000546048 0.984135 0.00052025 0.000243241 7.34319e-05 0.000121384 1.86796e-08 2.32172e-08 0.000367899 0.00048254 0.00235554 0.000905754 0.00234311 6.03752e-05 1.8836e-08 0.000335827 0.00125246 7.06445e-09 0.00083215 0.00164166 3.66802e-09 0.000861474 0.000290804 0.000133105 
0.0293869 0.00356578 0.0472971 0.0148237 0.132547 0.278913 0.00126171 0.000195932 2.31337e-05 0.00396765 0.000177739 2.17728e-08 8.81388e-05 0.0191961 0.158161 0.0439703 0.0560539 0.0320928 0.0706045 0.00349941 0.0564568 0.000292077 0.011686 0.033232 0.000284027 0.00215287 3.06262e-05 3.97441e-05 
0.00513062 0.00906174 0.00395367 0.06356 0.00432027 0.528011 0.022864 0.000280256 0.00584101 0.00171183 5.76548e-06 1.41447e-08 0.00257934 7.64993e-05 5.35581e-07 0.320187 0.0110912 0.00146589 3.60354e-06 0.00378305 0.00551646 5.19166e-06 0.00294927 0.00330793 5.71515e-07 0.00429208 4.56965e-07 1.13024e-06 
0.0068935 0.000456318 2.14691e-07 0.0153734 0.00492277 0.889492 0.0171521 0.000247441 0.00234298 8.58917e-06 3.73287e-08 0.000284796 3.93082e-06 0.000403366 0.00395544 0.013549 0.0255942 0.0092694 1.13374e-05 0.00123657 0.00130289 0.000115359 0.000583937 0.00631902 1.06338e-07 0.000449324 4.30439e-08 3.16509e-05 
0.00123033 2.7479e-06 4.43758e-09 2.96218e-10 0.0274719 0.315773 0.00324277 0.276424 3.20486e-09 3.84745e-07 7.87049e-07 5.37144e-09 6.12299e-09 8.20866e-10 0.0953321 7.78425e-10 3.65339e-06 0.210416 4.35782e-09 1.52078e-05 9.65746e-06 0.0169233 0.0442595 0.00880563 8.35359e-05 1.57346e-06 4.9833e-09 3.70243e-06 
0.0241715 0.00138924 0.00424917 0.0479643 0.186156 0.272699 0.00783641 0.0106376 0.022272 0.0225682 0.00430981 0.000620357 0.000137275 0.0350838 0.0754807 0.0239539 0.0157897 0.0257531 0.00102322 0.021691 0.0750063 0.0030445 0.0419597 0.0339005 0.0018413 0.0385547 0.000682027 0.00122514 
0.00196616 0.0384817 0.0524522 0.0456516 0.100255 0.461267 0.042672 0.0151555 0.000879176 0.000736233 0.000479586 4.50055e-07 0.00424241 0.000698015 0.00100756 0.0792644 0.00813323 9.35276e-05 1.10664e-05 0.0041921 0.00995746 0.00268788 0.0280442 0.00172876 7.049e-06 0.0999351 4.17534e-07 2.55437e-07 
0.0229428 0.000504009 2.58251e-05 0.00875658 0.0882664 0.632495 0.00184659 0.00034542 0.0110711 0.000341958 1.05717e-05 0.00131428 2.72031e-05 6.01764e-05 0.0831503 0.00637209 0.041834 0.0518274 2.39894e-06 0.00368999 0.000277927 0.000538033 0.0323574 0.00548792 1.55231e-05 0.00632577 0.000111573 1.84818e-06 
0.0128338 1.84616e-06 0.000294247 0.0130031 0.0147419 0.440791 0.00776266 3.22216e-05 2.43685e-10 1.08957e-05 3.14658e-06 4.08423e-10 6.91412e-06 0.00381312 0.0111428 0.0290569 2.84241e-05 0.0703949 1.14704e-06 6.57137e-08 0.113671 2.21161e-05 0.00906762 0.0268624 6.45257e-11 8.64705e-06 0.246444 5.16681e-06 
0.0199933 0.00430649 0.0265171 0.172891 0.0372441 0.389569 0.00830636 0.00327897 0.00918607 0.00135199 0.000880017 0.0188382 4.83693e-05 0.0284095 0.113794 0.0208583 0.0143361 0.0153242 4.28283e-05 0.00800396 0.00649015 0.00263716 3.31552e-06 0.0879797 0.000146055 0.00440874 0.0051506 4.7568e-06 
0.014946 0.00023492 5.1158e-07 0.0321989 0.057932 0.497725 0.00379033 0.00767583 0.00127404 0.0795469 9.80224e-05 2.63796e-11 4.37089e-05 0.00536454 0.0100415 0.00547326 0.00321325 0.0295156 4.05152e-05 0.000325906 0.0217002 0.00279261 0.116252 9.15224e-05 1.97933e-05 0.0132536 0.00117103 0.0952786 
0.0579079 0.0083042 0.0013296 0.0552995 0.0772786 0.205577 0.0612354 0.00191378 0.00156922 0.016654 0.000243984 2.49248e-05 0.0018969 0.0221584 0.0104216 0.0592403 0.0362155 0.024592 2.26617e-05 0.00370686 0.152856 0.00807333 0.111031 0.0706094 0.000125215 0.00985541 1.5998e-05 0.00184038 
0.00123033 2.7479e-06 4.43758e-09 2.96218e-10 0.0274719 0.315773 0.00324277 0.276424 3.20486e-09 3.84745e-07 7.87049e-07 5.37144e-09 6.12299e-09 8.20866e-10 0.0953321 7.78425e-10 3.65339e-06 0.210416 4.35782e-09 1.52078e-05 9.65746e-06 0.0169233 0.0442595 0.00880563 8.35359e-05 1.57346e-06 4.9833e-09 3.70243e-06 
0.00454652 4.23863e-06 1.07533e-07 0.0420573 0.00736416 0.87278 0.0220577 1.40732e-07 0.00411024 0.0168577 5.99831e-09 1.8592e-11 0.000970234 9.85942e-08 2.25578e-12 0.00798963 2.29161e-07 0.000279814 2.71656e-08 0.00149785 0.0177056 5.65713e-12 1.45942e-06 0.0017767 2.93731e-12 1.24844e-07 1.48355e-07 3.16674e-08 
0.00718884 0.000177356 1.82134e-06 0.0122884 0.0660491 0.332521 0.00781847 0.00130127 0.0092343 0.00408579 0.000395139 0.00138121 1.64916e-05 0.00728633 0.0245722 0.00768085 0.00335859 0.0401995 3.68892e-05 0.00278198 0.291385 0.00230307 0.158224 0.0126294 5.34936e-05 0.00692735 4.31113e-05 5.90624e-05 
0.0376239 0.000215043 0.0802219 0.0427859 0.0237456 0.45316 0.0476851 0.00997194 0.024418 0.0183399 0.000572538 6.37303e-05 1.29375e-05 7.74543e-05 0.105577 0.0917623 0.0122218 0.0102737 1.41166e-07 0.000987558 0.0080617 0.000461981 0.0178315 0.0124774 1.11437e-05 0.00142276 8.19894e-06 7.9975e-06 
0.0561853 0.00562645 2.73945e-05 0.0240939 0.0235332 0.69394 0.00452315 0.00855031 0.034161 0.0173564 1.82373e-06 0.000132515 0.000268287 0.000183707 0.00260944 0.0750849 0.0347763 0.000344255 6.06535e-05 0.00112728 0.00590426 0.00139489 0.00811485 0.000187068 2.44889e-05 0.00177605 1.18708e-05 8.93294e-10 
0.00094342 0.000356446 4.43319e-08 0.00194792 0.0839909 0.454019 0.00141645 8.36702e-05 1.13839e-07 0.0170638 2.71925e-05 1.25162e-06 4.45927e-06 0.000495737 0.00629586 0.00110642 0.00120305 0.0849847 7.67785e-06 0.00124562 0.0487214 0.016815 0.201271 0.00297213 0.000267133 0.0536479 1.13329e-08 0.0211122 
0.0151445 3.08376e-05 3.48226e-07 0.00355627 0.0467122 0.266021 0.0237808 0.00153262 0.0108093 0.000582105 3.49605e-05 0.0078566 5.00685e-08 0.000383799 0.0765476 0.106962 0.241151 0.0587918 1.12932e-05 0.00602218 0.00222719 0.062707 0.0423787 0.00824019 3.01404e-06 0.0185127 9.14215e-08 1.47582e-07 
0.0315005 0.00076054 9.89709e-07 0.0708903 0.0387516 0.380865 0.00354355 0.000991027 0.00303026 0.000369223 9.20819e-06 2.58705e-07 5.91624e-08 3.99057e-05 0.0224122 0.0468149 0.243235 0.0184895 2.86589e-06 0.00390656 0.000193856 0.00608038 0.00787389 0.108613 5.89856e-07 0.0110514 8.15431e-06 0.000564635 
0.051852 0.00103693 0.0620547 0.0923969 0.014243 0.174584 0.016977 0.0011061 0.000125931 0.000818787 0.000110839 8.09517e-08 0.000987016 0.00847661 0.170007 0.0706145 0.0166494 0.0303135 3.81328e-06 0.000656835 0.0256035 0.000396102 0.095673 0.134345 6.07276e-06 0.0308062 0.000133095 2.20097e-05 
0.0106603 0.00228639 4.67747e-08 0.00162965 0.230795 0.279091 8.90921e-06 0.000935997 4.38176e-06 5.74768e-09 2.22118e-06 5.66182e-08 6.454e-08 0.000654583 0.202973 1.03033e-05 0.128008 0.0178647 7.15238e-07 3.67951e-06 0.026444 5.10743e-06 3.02355e-05 0.00175414 3.20306e-07 0.09629 6.30932e-05 0.000484764 
6.57182e-05 6.39897e-06 9.71819e-06 1.54027e-05 8.17407e-05 0.998195 1.65261e-05 0.000117188 2.32462e-05 7.2234e-06 6.35006e-05 1.17633e-05 1.34092e-05 3.54732e-05 0.000104332 0.000317268 0.000158245 4.59307e-05 2.75562e-05 1.87186e-05 0.000291165 7.53587e-05 0.000195853 4.58565e-05 1.85846e-06 1.03911e-05 3.82058e-05 6.6765e-06 
0.15291 0.00676825 0.000506002 0.0471103 0.0355074 0.246731 0.0188051 0.00160364 0.00144526 0.034391 0.00245214 1.38919e-07 0.000230684 0.0493956 0.0113576 0.00642767 0.0030468 0.0523393 1.46973e-05 0.0145459 0.0561276 0.000416452 0.0663397 0.174531 0.000710445 0.0152703 3.24601e-05 0.000983557 
0.00454652 4.23863e-06 1.07533e-07 0.0420573 0.00736416 0.87278 0.0220577 1.40732e-07 0.00411024 0.0168577 5.99831e-09 1.8592e-11 0.000970234 9.85942e-08 2.25578e-12 0.00798963 2.29161e-07 0.000279814 2.71656e-08 0.00149785 0.0177056 5.65713e-12 1.45942e-06 0.0017767 2.93731e-12 1.24844e-07 1.48355e-07 3.16674e-08 
0.00328093 0.000903766 8.12757e-07 0.000653404 0.0224693 0.890876 0.00374939 4.93135e-07 0.0120054 0.000175373 0.000227153 9.83797e-07 0.000735375 0.000793909 0.00601667 0.0126936 0.00127062 0.000576341 7.98149e-07 0.0210438 0.0116982 2.99347e-07 0.000850592 0.000809931 1.74931e-05 0.00903112 9.10147e-06 0.000108881 
0.0135868 0.00214021 0.00711376 0.019318 0.159297 0.346232 0.00197589 0.144022 2.41099e-06 4.69309e-05 0.00218103 1.33447e-08 1.96258e-06 0.0214718 0.00731929 0.000857256 0.0102297 0.0191985 1.98667e-05 0.0342246 0.0963673 0.0490498 0.0014161 0.0458477 0.000167731 0.0171982 0.000709828 3.8276e-06 
0.0979235 0.000341209 0.00316189 0.0434977 0.0298384 0.330604 0.00168784 0.000436609 0.00127301 0.00655367 0.00510168 1.57123e-09 3.29228e-05 0.0113231 0.023145 0.0154063 0.0100252 0.0210847 5.85985e-05 0.00916776 0.289971 0.000101619 0.0428201 0.0194076 2.93284e-06 0.0366868 3.08554e-05 0.000315968 
0.0112005 8.8142e-05 0.000185882 0.00734472 0.012489 0.199273 0.0040549 0.000870767 0.000147601 0.00240924 3.17575e-05 2.68556e-07 4.22866e-05 0.00212152 0.0544753 0.15696 0.166984 0.00186057 9.78128e-05 0.0236155 0.157276 0.0352355 0.14041 0.00988305 0.00285347 0.00604058 0.00273234 0.00131661 
0.0596332 0.00745049 0.00032628 0.0681551 0.0812372 0.139256 0.0604142 0.0166038 0.0234499 0.0129146 0.00263951 2.22064e-06 0.000250933 0.00442351 0.0795524 0.0141544 0.0722998 0.0652965 5.78268e-08 0.0530643 0.125151 0.0137523 0.0842997 0.00714865 9.98155e-07 0.00798795 1.03582e-05 0.000524726 
0.0138878 0.000304271 0.000272836 0.132004 0.0771444 0.591675 0.000287971 0.000369112 2.99538e-08 5.86071e-06 0.03692 5.02036e-08 0.00176373 0.000807294 0.0150483 0.005464 0.00987998 0.00422662 4.07299e-08 0.00779528 0.00131965 0.0763223 0.0021146 0.0204336 6.3714e-05 0.00148444 5.30616e-05 0.000351754 
0.00280485 0.00166489 1.66019e-08 7.23676e-05 0.000904835 0.985082 0.00022978 0.00102646 0.000243409 5.71416e-06 7.76233e-05 2.00957e-08 5.04189e-05 0.000275474 0.00101089 0.00081048 0.00208527 0.000839387 1.63035e-08 0.000199302 0.00031282 0.000136363 0.00110475 0.000100443 2.8577e-05 0.000781217 4.47631e-05 0.000108366 
0.00153431 0.000205893 1.20623e-06 0.0658425 0.0374952 0.56437 0.0551037 0.000999715 3.14178e-06 0.00019226 0.00104305 1.46007e-06 0.000302726 0.000333998 0.111898 0.0559586 0.000127518 0.000135592 1.18455e-06 4.17491e-05 0.029099 0.000201988 0.0463946 0.0224322 6.9831e-07 0.000361697 0.00142808 0.00449059 
0.095698 0.000352145 6.52602e-08 0.176205 0.00412738 0.3977 0.180074 2.15376e-05 2.48405e-06 0.00344372 1.1032e-05 5.54356e-10 0.000160413 0.00746519 0.0448333 0.0163278 0.00208127 0.00120916 1.06431e-06 0.000161165 0.00914442 0.000158209 0.0494094 0.000582945 2.70553e-06 0.00961203 5.14298e-10 0.00121643 
0.0658436 0.00114344 1.35592e-08 0.00156048 0.0383209 0.36378 0.00278394 0.00199098 0.00070706 0.000326187 0.000122108 3.82971e-07 3.97958e-06 0.00745356 0.0187207 0.00945095 0.0392076 0.0332589 3.02682e-09 0.000924817 0.0302692 0.00176159 0.297094 0.00116659 1.83006e-05 0.0840278 8.31051e-06 5.43117e-05 
0.0658436 0.00114344 1.35592e-08 0.00156048 0.0383209 0.36378 0.00278394 0.00199098 0.00070706 0.000326187 0.000122108 3.82971e-07 3.97958e-06 0.00745356 0.0187207 0.00945095 0.0392076 0.0332589 3.02682e-09 0.000924817 0.0302692 0.00176159 0.297094 0.00116659 1.83006e-05 0.0840278 8.31051e-06 5.43117e-05 
0.0256031 0.000530423 0.0120768 0.0149818 0.0667633 0.600541 0.0827306 0.0002678 0.000100581 0.000382986 6.30147e-05 1.54874e-07 0.000252455 0.0105016 0.0107159 0.0184903 0.0574959 0.00459216 5.22362e-06 0.00101118 0.042988 0.000247243 0.00844058 0.0410588 3.91065e-06 0.000141818 5.52493e-06 8.28774e-06 
0.00508894 6.01635e-05 1.13476e-05 0.0463573 0.0360381 0.658082 0.001831 0.0149579 0.00540982 0.0403447 0.000116669 8.45826e-07 0.000111447 0.0245848 0.00898765 0.0171232 0.0147603 0.0129446 2.38017e-05 0.00064095 0.0327568 0.00970873 0.021619 0.00825233 0.00165556 0.031655 0.00457077 0.00230676 
0.031385 0.00526003 0.00146955 0.0300608 0.068743 0.735952 0.00245742 0.000199519 0.035257 0.00106152 2.46926e-06 3.91937e-08 5.63888e-05 0.0130218 0.00361105 0.0133009 0.00258007 0.00969424 3.12966e-05 0.00214965 0.00205951 1.2175e-06 0.00742477 0.00688725 5.05655e-07 0.0271968 0.000134938 1.07611e-06 
0.00454652 4.23863e-06 1.07533e-07 0.0420573 0.00736416 0.87278 0.0220577 1.40732e-07 0.00411024 0.0168577 5.99831e-09 1.8592e-11 0.000970234 9.85942e-08 2.25578e-12 0.00798963 2.29161e-07 0.000279814 2.71656e-08 0.00149785 0.0177056 5.65713e-12 1.45942e-06 0.0017767 2.93731e-12 1.24844e-07 1.48355e-07 3.16674e-08 
0.0129427 0.000239926 2.07237e-05 0.0934827 0.156734 0.193638 0.00991432 0.000105372 0.00187342 0.00091097 6.48532e-07 2.7727e-09 0.000501764 0.0176875 0.0159353 0.162561 0.0831795 0.0254922 4.16335e-06 0.00750165 0.113801 0.00328162 0.0756611 0.00243984 0.0214056 0.000630077 2.84195e-07 5.48308e-05 
0.0564106 0.000250444 0.0247558 0.0311975 0.0948382 0.291074 0.00355146 0.000735656 0.000477159 0.000267041 0.000249643 0.00462881 0.000130592 0.0347196 0.081729 0.0509685 0.00856239 0.00415435 1.0009e-06 0.0187393 0.201985 0.0078778 0.0253884 0.0471152 2.56452e-05 0.0100986 6.47798e-05 3.82988e-06 
0.0338162 1.69203e-05 0.0342001 0.00740036 0.0203591 0.643761 0.00104206 4.13633e-05 9.25725e-05 5.17291e-06 1.01773e-09 1.26496e-09 7.30535e-07 0.00392884 0.0322561 0.00793528 0.00931894 0.000264359 5.2799e-08 0.00546998 0.159353 3.86449e-07 0.0162113 0.0113053 1.99848e-10 0.0132063 1.47224e-05 2.64495e-07 
0.00554371 0.00167025 3.58758e-07 0.089753 0.060293 0.574999 0.01201 0.012211 0.00154781 0.0285932 2.76874e-05 1.12347e-09 8.24587e-05 0.0229724 0.0546876 0.0199039 0.0134524 0.0100278 2.44306e-05 0.00109423 0.0299429 0.00365003 0.022216 0.00288074 0.000105106 0.0314072 0.000252693 0.000650622 
0.0328544 0.00191443 0.00509294 0.0347528 0.0432287 0.463881 0.00910304 0.000344167 0.00527721 0.00460784 6.72404e-05 2.57165e-07 0.000116712 0.00473235 0.183082 0.0578794 0.0218219 0.00403906 9.70848e-06 0.011173 0.0124489 0.000347982 0.0185546 0.0263953 2.4619e-05 0.0580361 0.00016354 5.16408e-05 
0.00392742 0.00118404 4.83078e-07 0.000823825 0.0139183 0.835616 0.0014193 0.00253589 2.1508e-05 0.00032704 1.14764e-05 0.00261113 6.66553e-07 0.000186515 0.0470094 0.00985393 0.00172422 0.0208917 1.02394e-05 5.91448e-05 1.46085e-05 0.00066805 0.0502869 0.00174524 7.63137e-07 0.00511778 5.42486e-07 3.39425e-05 
0.0640225 0.000155251 5.11767e-08 0.00274859 0.141076 0.220843 0.00158448 5.7741e-05 8.30312e-10 0.00221645 2.07738e-05 1.39163e-09 9.50768e-07 0.00272673 0.0325765 0.018727 0.0375973 0.0538023 7.14205e-07 0.0024344 0.0714786 0.0508276 0.1089 0.0798867 0.0244143 0.0352609 0.0320272 0.016615 
0.00971956 0.00138482 4.72942e-07 0.146465 0.00144115 0.615226 0.0161591 0.00246801 3.41563e-07 0.00306247 0.000212894 5.7247e-07 3.08756e-05 0.00378461 0.0375552 0.00662464 0.00301272 0.0180006 4.64442e-07 0.000976629 0.00456513 0.000203275 0.000920381 0.0137235 3.14784e-06 0.111877 7.53331e-06 0.00257337 
0.0182032 0.000342059 2.75378e-06 0.031707 0.0552453 0.418388 0.00400813 0.0103041 0.00150487 0.0749153 0.000223967 5.52608e-08 4.67686e-05 0.00919438 0.016596 0.00902834 0.00572505 0.0407135 7.74849e-05 0.000430157 0.0241896 0.00822004 0.138733 0.000577646 2.7512e-05 0.0186852 0.0309522 0.0819576 
0.000261717 0.000368872 6.38301e-05 0.0474892 0.0251367 0.374313 0.000830445 0.000140495 0.00517378 0.00275569 2.48888e-05 2.64279e-05 8.37458e-05 0.00266167 0.0708038 0.028088 0.0411137 0.246664 4.78108e-06 5.42303e-06 0.00270771 0.00131704 0.0526094 0.0605528 3.98464e-05 0.0355672 8.76513e-06 0.00118693 
2.55388e-05 2.29223e-06 1.64035e-07 0.0112978 0.0025942 0.913096 0.000616086 4.26867e-06 0.000321109 2.28041e-05 1.59749e-07 1.38163e-06 1.57546e-05 9.23671e-06 0.000610212 0.0028871 0.0192967 0.0398583 9.58938e-06 0.00314505 3.58565e-06 0.000158807 0.000440661 0.00533423 3.20232e-07 0.000164531 1.84207e-07 8.40473e-05 
4.94941e-07 2.2949e-06 3.48529e-06 0.00210203 0.000122511 0.990057 0.000997895 2.11468e-06 2.51711e-06 0.00439755 3.39424e-06 2.17994e-05 0.00092417 9.19923e-05 0.000362334 6.11378e-07 0.000496622 4.06307e-07 3.42265e-06 0.000122676 2.13002e-05 1.28367e-06 2.67625e-07 5.63791e-07 6.22157e-06 0.000109254 3.9139e-06 0.00014209 
0.00833075 0.00033349 2.60599e-06 0.0157055 0.0244197 0.818075 0.000857432 0.000345719 0.0214274 0.000665418 1.15921e-05 0.000527725 0.000110863 0.00336079 0.0138187 0.00439407 0.0475462 0.0177031 7.47977e-06 0.00237124 0.00271309 0.00123259 0.00862349 0.00336375 1.58402e-05 0.00400109 3.44986e-05 7.07475e-07 
0.0173666 0.00420362 0.000218913 0.0410161 0.188175 0.219116 0.0107371 0.170762 0.0172512 0.0146458 0.000219998 1.49056e-07 0.000479503 0.0235641 0.0777148 0.0129181 0.00562585 0.0552195 0.000668641 0.00103683 0.0271326 0.0203017 0.0577553 0.0155537 0.00506084 0.00992643 0.000113283 0.00321645 
0.0262519 0.00588071 0.0220843 0.0718119 0.026799 0.300669 0.0521762 0.00394848 0.00187619 0.0104541 3.68629e-05 8.84698e-05 0.00243098 0.0177209 0.047893 0.0411087 0.0312162 0.0431325 1.51071e-05 0.024276 0.0312969 0.00813295 0.0373999 0.123245 0.000423963 0.0685522 0.000728291 0.000350413 
0.000380095 0.00225039 0.000114334 0.0223402 0.0609259 0.279523 0.0367231 3.50989e-05 0.00154639 0.00683578 1.21019e-05 1.29401e-05 3.09145e-06 0.00193782 0.10624 0.000444889 0.00531449 0.223884 4.10772e-06 0.000503058 0.0194993 0.0146323 0.0805293 0.071995 0.000247131 0.0555753 1.18083e-07 0.00849091 
0.00454652 4.23863e-06 1.07533e-07 0.0420573 0.00736416 0.87278 0.0220577 1.40732e-07 0.00411024 0.0168577 5.99831e-09 1.8592e-11 0.000970234 9.85942e-08 2.25578e-12 0.00798963 2.29161e-07 0.000279814 2.71656e-08 0.00149785 0.0177056 5.65713e-12 1.45942e-06 0.0017767 2.93731e-12 1.24844e-07 1.48355e-07 3.16674e-08 
0.00938857 0.00486175 5.72597e-08 0.0189894 0.0459565 0.568308 0.00381129 5.8565e-05 0.00272706 0.284916 3.5493e-05 5.75964e-06 0.000584294 0.00029679 0.0182171 0.0125469 0.00348803 9.79168e-07 5.38549e-06 4.97826e-05 0.0112162 0.000183125 0.013741 0.000137937 3.15132e-06 0.000391428 7.00264e-05 8.9055e-06 
0.00769036 0.00131333 2.54503e-07 0.00100128 0.0202089 0.813823 0.00381863 6.06272e-06 0.00952952 3.12734e-08 2.47854e-07 0.000770007 1.50458e-05 0.000169889 0.00417122 0.0477335 0.0711161 0.00221366 1.42707e-05 0.000148058 0.000564879 5.33348e-05 0.00155256 0.00936897 4.58031e-07 0.00463405 8.1623e-05 1.74846e-07 
0.193838 6.53066e-05 1.11337e-06 0.0121461 0.00103112 0.254144 0.00274459 1.36316e-07 0.000480624 0.000625169 7.95684e-05 1.09201e-10 6.36373e-06 0.0989411 0.00059651 3.80466e-07 0.0009101 1.7102e-06 4.81396e-08 0.069097 0.0473916 8.8447e-08 0.00175571 0.119351 3.66465e-08 0.196765 9.77856e-06 1.76525e-05 
0.00252085 3.46414e-06 3.79919e-07 8.67327e-06 0.00307992 0.943521 0.000469214 6.36521e-06 1.36826e-05 4.66844e-08 7.60707e-05 2.20071e-06 5.24214e-07 7.02776e-08 1.27544e-05 0.0225636 0.0228831 2.35902e-05 1.28898e-06 0.000308535 1.42984e-05 4.35993e-05 3.84817e-05 0.00423892 4.97702e-07 1.68357e-05 4.26641e-07 0.000151568 
0.0658436 0.00114344 1.35592e-08 0.00156048 0.0383209 0.36378 0.00278394 0.00199098 0.00070706 0.000326187 0.000122108 3.82971e-07 3.97958e-06 0.00745356 0.0187207 0.00945095 0.0392076 0.0332589 3.02682e-09 0.000924817 0.0302692 0.00176159 0.297094 0.00116659 1.83006e-05 0.0840278 8.31051e-06 5.43117e-05 
0.217236 0.00125773 0.00360016 0.0933953 0.00204512 0.228047 0.03743 0.000664243 0.000198065 0.000819114 3.58438e-05 1.50139e-11 0.00241606 0.0403891 0.0630353 0.0118254 0.0731018 0.0513455 3.4013e-08 0.000518131 0.0208287 0.000746734 0.0683688 0.0217245 1.57967e-05 0.0602426 0.000677725 3.52058e-05 
0.0489741 0.184906 6.13826e-05 0.0142019 0.154116 0.279703 0.00365295 0.00919176 0.0371482 0.000610296 8.38536e-05 3.33282e-07 0.00137179 0.007027 0.0557684 0.105463 0.0137594 0.0300792 0.000114869 0.0134167 0.000239383 0.00439773 0.0229212 0.0105302 3.27651e-05 0.00161384 0.000598173 1.67256e-05 
0.0580323 9.93211e-07 0.00194592 0.0486399 0.00346145 0.65842 0.00165908 0.0020274 0.00109649 0.000589049 4.37006e-06 5.38273e-07 1.05724e-07 0.00713878 0.0560598 0.00504689 0.00953833 0.0248661 1.25175e-07 0.000415414 0.00124529 0.000257714 0.00466232 0.112541 2.77853e-05 0.00232071 3.14428e-07 1.39744e-06 
0.0440103 0.000277799 2.03e-05 0.0157314 0.00140703 0.570703 0.00275518 1.54747e-05 9.84051e-05 0.0411468 0.000572749 6.24299e-08 5.29031e-05 0.00625856 0.00152714 0.033612 0.0139597 3.24673e-05 1.28235e-06 0.00957253 0.0516905 0.00108455 0.0279133 0.0150715 0.15645 0.00587339 0.000160442 1.2687e-06 
0.0943047 0.000784262 8.78458e-05 0.0482294 0.00789757 0.381758 0.0124003 0.000355309 0.000102301 0.00148203 9.99826e-05 3.24575e-09 2.22008e-05 0.0164155 0.0584858 0.175603 0.0179076 0.00926912 1.28635e-06 0.0512022 0.00893415 0.00240565 0.0162892 0.0763396 1.288e-05 0.0194476 0.000128663 3.30238e-05 
0.000101855 5.75658e-07 8.7426e-07 0.000795922 0.0114723 0.94467 2.03021e-07 2.01548e-05 0.000253685 1.07429e-07 8.51419e-07 1.05824e-06 0.000157404 1.61721e-07 2.76661e-05 1.5336e-07 0.0403514 1.01919e-07 8.58547e-07 7.10728e-05 0.00183987 3.21999e-07 6.71317e-08 0.000231222 1.67189e-07 9.65477e-08 9.81774e-07 1.39192e-06 
0.0596332 0.00745049 0.00032628 0.0681551 0.0812372 0.139256 0.0604142 0.0166038 0.0234499 0.0129146 0.00263951 2.22064e-06 0.000250933 0.00442351 0.0795524 0.0141544 0.0722998 0.0652965 5.78268e-08 0.0530643 0.125151 0.0137523 0.0842997 0.00714865 9.98155e-07 0.00798795 1.03582e-05 0.000524726 
4.33006e-05 1.03148e-06 1.23715e-07 3.45937e-06 6.08044e-06 0.405143 0.00227688 8.46439e-06 3.41743e-06 4.27783e-10 3.14018e-05 4.21393e-09 5.14517e-06 0.00480813 0.00519892 1.14864e-07 0.239989 1.93056e-05 8.02503e-05 0.0265711 0.0312397 0.246687 2.06332e-06 0.0378722 2.27382e-06 7.26334e-06 3.90943e-09 2.3917e-09 
0.031385 0.00526003 0.00146955 0.0300608 0.068743 0.735952 0.00245742 0.000199519 0.035257 0.00106152 2.46926e-06 3.91937e-08 5.63888e-05 0.0130218 0.00361105 0.0133009 0.00258007 0.00969424 3.12966e-05 0.00214965 0.00205951 1.2175e-06 0.00742477 0.00688725 5.05655e-07 0.0271968 0.000134938 1.07611e-06 
0.095698 0.000352145 6.52602e-08 0.176205 0.00412738 0.3977 0.180074 2.15376e-05 2.48405e-06 0.00344372 1.1032e-05 5.54356e-10 0.000160413 0.00746519 0.0448333 0.0163278 0.00208127 0.00120916 1.06431e-06 0.000161165 0.00914442 0.000158209 0.0494094 0.000582945 2.70553e-06 0.00961203 5.14298e-10 0.00121643 
0.0529758 0.00072228 0.0018232 0.0216329 0.0417479 0.400871 0.00350555 0.00112983 0.000610716 0.0294368 0.000128889 0.00128864 1.62211e-05 0.026244 0.0132862 0.0663175 0.0107646 0.0125959 3.5352e-06 0.00187466 0.187533 0.00220772 0.0796649 0.0033115 7.21595e-05 0.0401202 6.45125e-05 4.98835e-05 
0.00454652 4.23863e-06 1.07533e-07 0.0420573 0.00736416 0.87278 0.0220577 1.40732e-07 0.00411024 0.0168577 5.99831e-09 1.8592e-11 0.000970234 9.85942e-08 2.25578e-12 0.00798963 2.29161e-07 0.000279814 2.71656e-08 0.00149785 0.0177056 5.65713e-12 1.45942e-06 0.0017767 2.93731e-12 1.24844e-07 1.48355e-07 3.16674e-08 
0.00193779 1.02126e-06 1.86407e-05 0.00563769 0.140197 0.600435 0.067493 1.93641e-06 0.0149034 6.47484e-05 0.00128255 5.70139e-07 2.155e-05 3.67824e-09 0.0302239 0.00454123 0.0805828 0.00583323 3.15694e-06 0.0105902 1.67515e-07 0.000211091 0.00250953 0.0255966 9.89862e-06 0.00788649 4.86399e-07 1.65399e-05 
0.0147629 0.00353982 3.43543e-05 0.00343356 0.0433931 0.755712 0.00304517 0.00148668 0.00113235 0.00585979 0.000143206 0.000285874 1.93923e-05 0.00489779 0.00610151 0.00895745 0.00731707 0.00772083 4.94116e-05 0.000576847 0.0287399 0.00148918 0.0905201 0.00118932 3.04707e-05 0.00814526 1.89227e-05 0.00139826 
0.202562 0.0253739 0.00707999 0.0754839 0.0188414 0.322975 0.00282531 0.00156861 0.000717664 0.000622995 0.000312871 0.00532815 1.42133e-06 0.0147034 0.0401762 0.0145083 0.013762 0.0269791 1.03708e-06 0.0130765 0.00912185 8.70328e-05 0.00644014 0.180192 5.78467e-05 0.017156 8.83785e-07 4.36036e-05 
0.0207207 0.000205825 8.64295e-09 0.0498545 0.00233388 0.627715 0.0156447 0.00329853 0.0161262 0.000242495 6.06535e-06 0.00615082 7.44059e-06 0.000382424 0.0132071 0.0913082 0.0306716 0.0116732 6.22169e-05 0.0397188 0.00167711 0.00290987 0.000959273 0.0624632 3.06721e-07 0.00266009 9.70584e-09 5.9378e-09 
0.00220231 0.00030498 3.21767e-08 0.00394898 0.0124472 0.946901 7.3333e-06 0.000167228 0.01505 7.08074e-08 8.91133e-07 1.68244e-06 1.35559e-07 1.34682e-05 0.0033402 0.00314455 0.000780903 0.000241544 0.000573243 0.00820145 0.000112693 0.000131637 0.000656181 0.00172748 3.40158e-05 1.02297e-05 3.51423e-07 2.18108e-07 
8.66565e-05 4.25811e-08 2.4755e-09 0.21261 9.62461e-08 0.537728 0.00621606 1.09795e-06 1.74811e-05 0.00250256 1.01564e-05 7.7702e-11 0.000331372 6.72088e-07 0.00413611 4.42054e-07 8.64122e-05 1.32407e-07 3.49349e-07 2.78192e-11 3.43836e-08 1.84643e-08 1.21253e-07 0.000770253 0.000280883 0.00067515 4.49205e-08 0.234545 
0.00604876 0.000568667 0.000107785 0.0193093 0.0542722 0.752693 0.00172845 0.0115552 0.0012857 0.0140215 0.000134651 9.01936e-07 0.000324636 0.00946252 0.0206715 0.0113321 0.00927462 0.00324091 4.31577e-05 0.000553333 0.0374895 0.0031816 0.0163397 0.00301185 0.000127307 0.0230675 5.29498e-05 0.00010068 
