0.00212184 0.000319468 4.1622e-07 0.0388457 0.120226 4.19551e-05 0.740716 0.000287466 0.0322864 0.000949398 3.46105e-05 1.84286e-09 0.000283954 0.0152836 0.00662518 0.0160448 0.00174948 0.000936675 1.4951e-09 2.48897e-05 0.00117407 0.0104148 0.0102476 3.41972e-06 3.3127e-06 0.0012466 6.08393e-09 0.000132918 
0.0978927 0.000143486 1.98834e-06 0.16129 0.108489 3.15577e-06 0.291727 0.00420521 0.00251611 0.00175653 0.00462814 5.6029e-08 0.000399717 0.000429848 0.0454551 0.155985 0.0384644 0.014508 5.39769e-05 0.00054155 0.00427613 0.0103011 0.0368034 0.0142787 7.89041e-05 0.00564079 5.4236e-05 7.56476e-05 
0.01041 0.000116763 1.66229e-07 0.273097 0.0228833 0.000131674 0.614808 0.000507445 0.00795186 0.00155868 0.00331066 5.78355e-07 0.00047103 0.00293884 0.0018532 0.00123438 0.0076474 0.00650479 5.063e-06 0.00125929 0.00134923 0.00280063 0.0227297 0.00209512 3.32818e-05 0.00386437 1.20203e-05 0.0104254 
0.00168767 0.00417186 1.09158e-09 0.333942 0.0159397 0.000225133 0.499419 6.62311e-10 7.88351e-10 0.0324859 1.06307e-09 1.3213e-09 7.90128e-08 1.59817e-05 0.00296682 0.00228798 0.0244312 0.00473563 1.07196e-09 3.85416e-07 1.44282e-06 2.10908e-08 0.00418689 0.0723064 2.7314e-05 5.14994e-07 1.22582e-09 0.00116848 
0.00116801 0.000186414 1.18457e-06 0.0233525 0.0343932 0.000299516 0.520083 0.00275181 0.000350591 0.00247246 2.17726e-05 4.05893e-08 4.74996e-05 0.0269228 0.0272107 0.0161356 0.0130309 0.165471 5.05489e-05 0.00711726 0.014108 0.00229285 0.0574851 0.00868665 2.76218e-05 0.0732063 2.28219e-06 0.00312416 
0.00593291 0.000429287 0.0112231 0.1905 0.0456256 0.00097247 0.380482 0.018387 4.49744e-05 0.0429079 0.0141146 1.0018e-07 0.000603999 0.020702 0.0625478 0.021632 0.032924 0.0429144 1.98756e-05 0.00185313 0.00971149 0.00760362 0.0535864 0.016916 0.000110293 0.0173593 3.41071e-05 0.000861389 
0.00248363 0.00010565 6.38552e-07 0.251028 0.0109656 1.08698e-05 0.540879 0.000143891 6.16722e-05 0.0155409 3.89863e-06 1.25329e-05 0.000569146 0.000589236 0.00535622 0.00208472 0.00161271 0.0429224 1.79061e-06 0.0011212 0.000881172 1.19338e-08 0.0643221 0.00267098 4.46366e-06 0.028795 5.19241e-08 0.0278315 
0.000252483 2.89408e-07 4.39527e-07 0.00019358 0.215285 3.81044e-05 0.381576 0.292976 0.000401481 3.91874e-05 4.28044e-07 5.32023e-07 6.06462e-07 8.1304e-08 0.00713014 0.00128366 0.0036405 0.000142081 4.31628e-07 6.43834e-05 0.0142716 0.0815602 0.000146475 0.000128862 0.000215827 0.000288358 0.000362462 3.0196e-07 
0.00690909 0.000247679 8.39038e-06 0.0514728 0.0255019 2.36343e-06 0.347342 0.00226046 0.000491828 0.000384855 0.00103948 1.28846e-08 6.48401e-05 0.0369434 0.177153 0.00493358 0.0412315 0.0963585 0.000189882 0.00659032 0.0209441 0.023129 0.146304 0.00848761 0.000120637 0.00178261 6.84419e-06 9.86221e-05 
0.000125346 2.92965e-07 1.43354e-10 0.0104056 0.0106843 4.29874e-07 0.82499 4.48243e-06 2.42626e-07 3.18406e-05 2.98876e-07 1.73522e-10 0.000202559 0.00474771 0.0806139 0.0044781 0.0251645 0.012511 1.5578e-07 3.08417e-06 1.5184e-06 0.00207568 0.00139138 0.00015789 2.00956e-08 0.0224092 1.09244e-07 2.03814e-07 
0.0296041 1.28979e-06 8.34559e-06 0.3111 0.00844476 0.0084122 0.485628 1.67726e-06 9.01915e-06 0.0379548 0.000224666 4.98701e-05 1.01656e-05 1.21382e-06 0.00971466 0.036648 0.0531864 0.000460331 1.8106e-06 1.09256e-09 0.00987938 5.27772e-06 0.00557182 2.98249e-07 8.72894e-06 0.00307202 1.61818e-06 1.73202e-09 
0.020029 4.91601e-05 4.43333e-09 0.0355176 0.279506 0.0220128 0.482972 0.0204388 0.000284025 0.000930909 0.00064266 5.36629e-09 0.000162629 0.0013832 0.0415624 0.00525204 0.00189038 0.00476445 1.13308e-08 0.00137449 0.0086552 0.00190911 0.0194927 0.0358507 5.91475e-06 0.00286149 0.0124365 1.6588e-05 
0.00755291 0.00115253 2.66478e-06 0.0310641 0.0269992 0.000833534 0.566338 0.0331668 0.00241058 0.00488764 0.000236623 1.23457e-05 0.000339216 0.102437 0.0222327 0.0242654 0.0461751 0.0517656 0.000141218 0.00124938 0.00852296 0.0263292 0.0200992 0.00247226 0.000150489 0.0190778 1.99746e-06 8.38822e-05 
0.0324674 1.93776e-05 5.09372e-05 0.204503 0.0148814 0.00156488 0.346188 0.000724437 0.000149469 0.0120985 0.000408971 4.88308e-06 0.000371379 0.0195267 0.11361 0.0451175 0.00614752 0.1127 1.91875e-06 0.000618784 0.00586987 0.000162108 0.0305337 0.0324497 2.69838e-05 0.0197337 1.56654e-05 5.33107e-05 
9.50428e-05 2.99604e-05 4.92952e-06 0.0116851 0.0143039 0.00104754 0.619857 0.00107852 0.00376079 0.000152267 0.282835 1.89273e-07 2.15756e-07 6.58079e-05 7.38349e-06 0.00118434 0.00420979 0.00681783 1.53557e-07 0.00625379 0.000795357 0.00117254 0.0429761 0.00166612 2.99028e-08 1.72682e-08 1.75597e-07 1.07426e-07 
0.00128648 0.00184645 6.66112e-05 0.0176208 0.0608068 0.00272313 0.501844 0.00234441 0.00665729 0.00272012 0.000205482 3.38838e-05 0.000579659 0.038933 0.0537397 0.0565349 0.0102477 0.000372743 0.000349846 0.00202769 0.0581119 0.0157005 0.124306 0.0133815 3.1425e-05 0.027213 0.000315734 6.99352e-08 
0.00345549 0.00090561 1.70093e-06 0.148712 0.0262316 0.00128998 0.302312 0.00761423 0.00167766 0.0100705 7.76699e-05 9.73888e-05 0.000557907 0.00809328 0.0225792 0.0438078 0.00971139 0.193885 2.07924e-06 0.000573334 0.00684369 0.00181127 0.136396 0.0224594 8.47164e-08 0.0503298 1.45434e-06 0.000501991 
6.06618e-08 0.00675178 7.89251e-10 0.111051 0.0369012 2.64774e-05 0.503272 4.78873e-10 3.35704e-07 9.69832e-11 7.68632e-10 9.55345e-10 0.00047587 0.0172993 0.0494344 0.0397035 0.00988816 0.0707513 1.00034e-06 0.0081645 0.0245713 0.0116517 0.0846525 0.00766657 4.54333e-07 0.0175128 0.000223319 5.42224e-10 
0.024024 7.45169e-05 1.55709e-05 0.127839 0.144139 6.39558e-05 0.171174 0.00111338 2.72874e-07 0.0593583 0.0205472 1.97836e-10 3.68246e-05 0.00128549 0.134454 0.00556232 0.0225602 0.0461091 6.92347e-08 0.000509009 0.00717412 0.054995 0.117623 0.00856576 6.9182e-06 0.0518997 1.83961e-05 0.000850127 
0.0230184 0.0565308 0.00113986 0.0992088 0.0327585 0.00269228 0.360732 0.022781 0.016867 0.00739366 0.000261577 7.17504e-07 0.00166486 0.0410495 0.0599025 0.0670642 0.0320136 0.0647284 1.28102e-05 0.0028496 0.0163705 0.00463587 0.0271385 0.015699 0.00121441 0.0393512 0.002617 0.000303864 
0.0171664 0.000274516 6.59695e-07 0.252678 0.0152026 2.37508e-07 0.415601 0.000166209 0.0296335 0.000726311 0.0242071 1.21779e-09 0.00370565 0.0071375 0.0159584 0.00367726 0.000815715 0.0688989 3.89011e-06 1.03459e-06 0.0134763 5.48282e-05 0.0409911 0.00813579 1.15571e-06 0.0380786 0.00149747 0.0419107 
0.00466283 0.000269276 0.000888257 0.127347 0.0885092 0.000781856 0.364788 0.0107948 0.038071 0.00258207 0.000651964 4.02428e-10 0.00112671 0.0333141 0.0340842 0.0272543 0.0980071 0.00767468 3.04027e-08 0.00218372 0.0373774 0.0521495 0.0425798 0.0131114 0.0044864 0.00727296 8.27859e-06 2.34971e-05 
0.0206443 0.000617398 1.23857e-07 0.12894 0.157469 0.000522205 0.226516 0.000298583 0.00011392 0.00180138 0.000223422 1.17247e-07 7.03479e-07 0.0442591 0.0701576 0.00655958 0.161844 0.0293824 1.03163e-07 0.00202548 0.0131727 0.00251702 0.0606173 0.019438 0.00954384 0.0426553 3.05975e-06 0.000677263 
0.000164296 2.54175e-07 7.03043e-11 0.131556 0.0075814 1.53627e-05 0.554307 6.25025e-05 4.43416e-06 0.00360671 2.42454e-06 2.4658e-08 1.21566e-06 0.00143646 0.0403663 0.000428465 4.28963e-07 0.101995 3.02952e-08 3.04676e-11 0.00015002 5.24272e-06 0.0982882 0.000265248 7.07129e-06 0.0520547 2.28762e-08 0.00770101 
1.30339e-06 8.75376e-07 7.60891e-08 0.399621 1.74397e-07 4.30678e-12 0.431885 2.38822e-07 3.66323e-12 1.15806e-07 1.02698e-06 6.13969e-12 8.04923e-08 9.66427e-08 0.0375504 0.0018959 0.0119447 0.000244053 2.04275e-08 4.48447e-08 7.53464e-07 0.000394639 0.0255166 0.0342136 1.26109e-08 0.0250698 0.0316592 1.02802e-07 
0.0250806 0.000984632 4.46559e-08 0.0279221 0.169187 0.00126825 0.325103 0.0032376 0.000305027 0.000608532 0.000302189 5.40535e-08 0.000229893 0.0271456 0.236114 0.0281525 0.0244129 0.00489385 9.76389e-05 0.0240315 0.025826 0.014082 0.042073 0.0141074 9.47347e-07 0.00452747 1.63584e-07 0.000306015 
0.0362752 9.19023e-07 0.000795752 0.163068 0.0497426 0.00167303 0.241702 0.000258762 0.00326538 0.000858364 0.139723 3.51326e-10 0.00117114 0.000860732 0.203774 0.00345955 0.019689 0.0026538 0.000117982 0.000938157 0.0312342 0.000792276 0.0120969 0.00948741 7.66794e-10 0.0755367 3.6786e-05 0.000788416 
0.0498396 4.34105e-07 4.02646e-10 0.020882 0.138808 0.000168614 0.454537 0.00057785 0.00228659 0.00955737 5.96235e-07 4.8738e-10 1.26288e-07 0.00236394 0.0493672 0.159946 0.0311166 0.0167797 3.95409e-10 0.0051291 0.00248841 0.0187692 0.0234662 5.30739e-07 9.13354e-06 0.0138186 4.52162e-10 8.66851e-05 
0.00940982 1.73525e-05 4.28254e-10 0.0662194 0.0190632 3.63624e-10 0.680049 0.000833615 0.00190372 0.00033104 4.17066e-10 5.18378e-10 0.000116153 0.000479787 0.0218655 0.000837303 0.0036292 0.0854803 1.86828e-06 0.00140585 0.0216905 1.5773e-10 0.0221595 0.00760109 8.22547e-07 0.00837587 4.8092e-10 0.048529 
0.0110775 0.00131088 0.00116269 0.213359 0.00238426 0.000136449 0.343197 4.40066e-06 0.0313837 0.000197291 2.69869e-07 1.04795e-05 0.00258402 0.0235859 0.0441704 0.0610671 0.0149452 0.186572 3.54691e-05 0.00151083 0.00230947 0.0136165 0.00577328 0.0263708 0.00296157 0.0102266 2.90831e-05 1.81245e-05 
0.224086 0.00209276 0.000149365 0.0707312 0.0467991 0.0202259 0.250726 0.000774279 0.000911016 0.000102772 0.000508399 0.000527246 0.000113405 0.0109852 0.0576556 0.0425138 0.0544739 0.0417152 2.41307e-06 0.00370477 0.0349335 0.00039564 0.0514214 0.0384314 3.14716e-05 0.0400585 0.00554273 0.000388098 
0.00725396 0.000317389 0.000194839 0.0921159 0.0328274 0.0627465 0.448895 0.000176308 0.00461655 7.30573e-05 6.38078e-05 1.26182e-06 4.36051e-05 0.00221211 0.0287518 0.124972 0.0230266 0.0032913 1.42519e-05 0.00191306 0.0517371 0.00483482 0.0313171 0.0783119 4.56559e-06 0.000261075 5.6832e-06 2.07939e-05 
0.00659481 1.83914e-07 3.03831e-07 0.0722674 0.0832338 2.41041e-07 0.513754 7.5243e-07 1.72909e-07 0.0015413 5.22564e-08 1.79984e-07 0.00518157 0.00105211 0.134962 0.00114592 2.0507e-07 0.0386174 0.000356257 0.0183782 0.0054803 6.38887e-07 0.0999609 0.00775879 2.11509e-05 0.00969075 2.47895e-08 1.57346e-07 
0.00950329 0.000570829 3.60899e-06 0.112182 0.174229 0.0170201 0.339664 0.0153007 0.0142276 0.00158058 0.000468992 1.04983e-06 0.000858653 0.00472846 0.0321612 0.0333689 0.12559 0.0354278 3.18575e-08 0.0188616 0.00477457 0.0442498 0.00128538 0.00275349 0.000123742 0.0110634 3.64301e-08 7.16462e-07 
0.0454454 1.34794e-06 4.47234e-06 0.0139837 0.0866007 0.00346521 0.221341 0.000984025 0.000501557 2.0612e-05 2.20986e-06 1.26799e-09 1.4454e-09 0.00302937 0.0414728 0.113808 0.152506 0.0311819 1.24593e-06 0.000474823 0.00858305 0.0835857 0.0404699 0.0735951 2.57574e-08 0.0786781 1.04426e-05 0.000252752 
0.000592548 7.25162e-05 1.74368e-06 0.13673 0.0831995 0.000825863 0.650243 0.000133076 0.0323437 0.00193603 0.000500604 0.00119335 8.22468e-06 0.000308329 0.00519957 0.000390531 0.00255291 0.00495666 3.13472e-06 0.00122552 0.00162653 0.00516861 0.0123967 0.024226 0.000185636 0.0188674 7.01879e-09 0.0151128 
0.00307717 0.000589991 6.32055e-06 0.12811 0.119293 0.00459438 0.130672 0.00125945 0.076075 0.0288538 0.00430529 0.000772739 8.44435e-05 0.00489542 0.0429542 0.102921 0.00587959 0.12757 8.07449e-06 0.000734097 0.0170387 0.0134519 0.0504221 0.0653118 1.25642e-05 0.0699054 1.95289e-06 0.00119983 
0.00130309 0.000195154 6.61521e-10 0.0349156 0.00513523 8.88953e-08 0.853914 9.33396e-07 6.29344e-08 0.0291777 4.09464e-05 1.94415e-08 0.000608677 5.79279e-06 0.00594675 0.00130523 0.0016084 0.00292166 3.84587e-08 0.000131007 7.06284e-05 0.011006 0.0361193 0.00291685 1.26506e-10 0.00903999 2.45741e-08 0.00363689 
0.00232119 0.000327738 4.988e-09 0.193916 0.00839088 7.99822e-06 0.715266 0.000217791 7.17285e-05 0.000815525 3.74412e-06 2.01636e-08 0.000467116 0.000690811 0.00217902 0.00209277 0.00104956 0.00728252 1.01152e-06 0.00114803 0.00071931 0.000367977 0.0412966 0.00150006 5.13125e-06 0.00600312 3.87153e-10 0.0138585 
0.00397785 0.02805 1.19283e-08 0.247346 0.170663 5.05887e-07 0.354556 0.000559277 0.000137048 0.00567249 1.51302e-07 1.31361e-06 3.49756e-05 0.0068426 0.00697734 0.00163916 0.000278353 0.0168702 9.11586e-09 1.3706e-05 0.04157 0.00139321 0.112146 0.000281054 8.62859e-05 0.000903832 8.64355e-07 4.17949e-08 
0.0377687 2.06049e-05 0.000124992 0.0603313 0.00539208 0.000146039 0.221429 0.000700591 0.000149326 0.00256154 0.00168654 1.25323e-09 0.000223959 0.00293292 0.183992 0.0614055 0.00277307 0.0700476 1.01674e-09 0.00145123 0.00480496 0.000534306 0.123192 0.0431377 1.97994e-10 0.17515 4.13778e-05 1.74568e-06 
0.0108275 0.000542626 0.000647929 0.0837127 0.0223262 0.00111516 0.669139 0.0036062 0.00518213 0.00483334 0.000635416 0.000714355 0.000711439 0.00548397 0.0326976 0.0410407 0.0155748 0.0212959 1.7086e-05 0.00265399 0.0113709 0.00447486 0.0286532 0.0113388 0.000885191 0.0183723 0.00116849 0.000978653 
0.0519334 0.00103039 3.37863e-06 0.064365 0.0920307 7.91576e-05 0.307316 0.00044056 0.0230629 0.0639345 0.00126176 4.65341e-09 0.0145367 0.0095641 0.0474648 0.0298717 0.0110176 0.0117955 0.000103899 0.000344954 0.0113433 0.0119008 0.150125 0.0055619 3.27741e-05 0.0903765 2.48426e-07 0.000503152 
0.00791784 9.08339e-05 9.4584e-06 0.358963 0.0106593 0.000169575 0.378686 0.000670797 0.000164399 0.0421043 0.0261339 4.06645e-07 0.000211414 0.00172083 0.0174144 0.00706687 0.00825294 0.0273196 3.8721e-08 0.00189823 0.00509984 0.00127033 0.0617771 0.00958156 3.79706e-06 0.0254008 0.000328643 0.00708419 
0.00212184 0.000319468 4.1622e-07 0.0388457 0.120226 4.19551e-05 0.740716 0.000287466 0.0322864 0.000949398 3.46105e-05 1.84286e-09 0.000283954 0.0152836 0.00662518 0.0160448 0.00174948 0.000936675 1.4951e-09 2.48897e-05 0.00117407 0.0104148 0.0102476 3.41972e-06 3.3127e-06 0.0012466 6.08393e-09 0.000132918 
0.00314153 0.0217906 2.98601e-08 0.00742842 0.0104595 0.000181751 0.711904 1.00117e-05 0.00362819 0.007028 1.22094e-07 2.92994e-09 0.00110645 0.00295758 0.0124009 0.0129884 0.0149467 0.0878758 8.35472e-06 0.000737336 0.00329572 0.011078 0.0430701 0.00820243 5.99999e-05 0.0356675 1.92949e-05 1.31724e-05 
0.0615307 0.000310411 8.53136e-05 0.143961 0.029634 0.00138166 0.207203 0.000300762 0.000278301 9.67634e-05 0.000187848 7.024e-09 3.36425e-05 0.0391766 0.0137406 0.0773925 0.0123895 0.0521305 5.74434e-07 0.0171267 0.0280254 0.0003636 0.0524253 0.151916 1.1349e-06 0.110201 4.13349e-05 6.64648e-05 
0.0149014 9.5665e-06 7.29845e-06 0.0481109 0.320622 1.17274e-06 0.430844 0.00293906 0.000491358 0.000194089 1.14811e-06 8.20971e-06 0.000115491 0.000609118 0.0948566 0.00461141 0.00308541 0.0319788 5.83141e-05 0.00154822 0.0074398 0.0207857 0.00845061 0.000742483 5.4631e-05 0.00743611 1.30741e-07 9.63999e-05 
0.00792185 0.00138294 0.00231763 0.0111373 0.0228276 0.00126064 0.884005 0.000143047 0.00244843 5.28636e-05 6.75877e-05 0.0214614 0.000364684 0.00361017 0.00405621 0.00431645 0.00607312 0.00336446 3.06188e-06 9.85833e-06 0.0111808 0.00624304 0.0052289 0.000198019 6.14865e-06 0.000299346 1.31868e-05 5.84984e-06 
0.023374 0.000333868 0.00572337 0.0471782 0.0366471 0.0026339 0.320419 0.000233605 0.0135887 0.00870895 0.000199318 0.00267782 0.000175647 0.0242383 0.0345982 0.242508 0.066288 0.0117467 4.42205e-08 0.00429743 0.0174345 0.00719302 0.032243 0.0180898 8.26237e-05 0.0793559 2.47961e-06 2.83944e-05 
0.0214264 0.0129125 0.00105175 0.127197 0.0150956 0.000182945 0.243653 0.00843707 0.00407923 0.0127905 0.00685686 2.08605e-08 0.000555008 0.0216473 0.065047 0.0084302 0.0232039 0.217908 7.0997e-06 0.00261972 0.0245397 0.00335644 0.052841 0.0831131 0.00375619 0.0266546 0.0122738 0.000364476 
0.0401018 0.000654307 0.00245291 0.206082 0.0403121 0.000129208 0.283316 0.00557871 7.23071e-05 0.00533921 0.0205167 3.38811e-07 0.00355459 0.018297 0.0524531 0.00194306 0.00729908 0.106253 1.6432e-05 0.00370355 0.121238 0.00350472 0.0307095 0.0143196 0.00429542 0.0173185 0.00990443 0.000634625 
0.000146272 7.248e-06 7.11425e-07 0.0582236 0.000721794 0.000585758 0.897098 1.1593e-06 8.56098e-08 2.04083e-05 1.13307e-07 1.42176e-10 2.48894e-07 0.000855889 0.0125598 0.00425004 0.00363023 0.00913956 1.15346e-10 1.23644e-06 9.07926e-07 0.00204894 0.00309387 0.0026864 1.03523e-08 0.00492282 4.40766e-06 1.85958e-07 
0.00780235 3.01161e-05 1.92635e-06 0.0622866 0.00912526 6.9927e-06 0.556048 0.000808645 0.000171022 0.000101374 1.15984e-05 3.23258e-09 5.51091e-05 0.0472557 0.0862353 0.0166157 0.0300786 0.0803663 2.51929e-06 0.000593642 0.00459188 0.00094949 0.0223646 0.010315 4.43924e-05 0.0441084 2.62316e-06 0.0200272 
0.000121382 6.84663e-07 2.1736e-10 0.0690533 0.00937651 1.84557e-10 0.59103 2.04336e-07 1.39913e-06 2.67092e-11 2.11682e-10 2.63102e-10 7.22676e-07 0.000596998 0.309211 8.23109e-07 0.00133421 0.0158863 1.54451e-07 4.60343e-07 1.34268e-07 0.00205287 0.00133166 3.93384e-07 1.61661e-07 4.86021e-08 2.44091e-10 2.77612e-07 
0.00232119 0.000327738 4.988e-09 0.193916 0.00839088 7.99822e-06 0.715266 0.000217791 7.17285e-05 0.000815525 3.74412e-06 2.01636e-08 0.000467116 0.000690811 0.00217902 0.00209277 0.00104956 0.00728252 1.01152e-06 0.00114803 0.00071931 0.000367977 0.0412966 0.00150006 5.13125e-06 0.00600312 3.87153e-10 0.0138585 
0.00466283 0.000269276 0.000888257 0.127347 0.0885092 0.000781856 0.364788 0.0107948 0.038071 0.00258207 0.000651964 4.02428e-10 0.00112671 0.0333141 0.0340842 0.0272543 0.0980071 0.00767468 3.04027e-08 0.00218372 0.0373774 0.0521495 0.0425798 0.0131114 0.0044864 0.00727296 8.27859e-06 2.34971e-05 
3.5272e-07 7.13048e-05 1.69812e-06 0.0314427 4.71953e-08 4.73839e-12 0.953354 2.90212e-05 4.03034e-12 0.000122584 2.77922e-07 6.75498e-12 3.17816e-05 1.36766e-05 0.000826925 8.07086e-06 1.22903e-07 0.00440399 5.53215e-09 1.21376e-08 2.039e-07 1.94154e-08 0.00176732 4.44396e-05 3.41352e-09 0.00782349 1.35971e-06 5.61505e-05 
0.015659 1.53829e-05 3.47673e-05 0.0821476 0.107998 1.41097e-05 0.160992 0.0157828 0.00166234 0.0159749 0.000199028 0.0251916 0.0001813 0.00719193 0.0200599 0.0316771 0.0846551 0.159531 0.0108864 0.000261333 0.0386885 0.0418584 0.0889794 0.0400895 0.000252896 0.0434214 0.000141769 0.00645246 
0.0165106 3.25517e-05 6.37676e-08 0.0124019 0.000677387 4.28434e-07 0.622633 1.81337e-07 3.5184e-05 3.82991e-05 9.31066e-08 1.13866e-10 0.00081833 0.000275647 0.0219919 0.00215063 0.00142699 0.225507 1.27917e-06 9.34509e-08 0.00193657 1.15489e-07 0.0695805 0.00239337 1.65051e-05 0.0214669 1.05638e-10 0.000104589 
0.00214412 0.000234064 5.32791e-09 0.268467 0.018328 7.32188e-07 0.495592 0.00589843 0.00132874 0.111115 2.01829e-05 2.02245e-06 7.26826e-05 0.00216338 0.00687687 0.00156258 0.00065652 0.00488355 1.30137e-06 0.00158524 0.00126512 0.00251149 0.0508994 0.00107061 2.93561e-05 0.0105299 3.60342e-07 0.0127608 
0.0192111 0.00198421 5.1408e-07 0.12146 0.0134296 0.000862605 0.323301 0.0106495 0.00173788 0.00152192 1.46976e-05 0.00020075 0.00310421 0.00743658 0.208743 0.0136383 0.017241 0.161734 1.2189e-06 8.91393e-05 0.000891294 6.39874e-05 0.0292611 0.0250622 0.00122635 0.0342063 3.75126e-05 0.00289068 
0.0722387 0.00294842 3.66503e-06 0.215052 0.0437779 1.37567e-07 0.26012 0.000127938 0.0381542 0.000115474 0.000129621 2.80296e-10 0.000216968 0.0103919 0.118091 0.0112838 0.0159205 0.0893877 2.70341e-08 0.000173973 0.0177724 0.000152482 0.0948085 0.000797515 2.69231e-06 0.00810959 4.96059e-08 0.00022299 
3.37315e-05 6.01827e-07 9.14003e-07 0.0167932 0.0485402 0.000148674 0.921921 5.54565e-07 5.00274e-05 0.000278428 8.90124e-07 1.10635e-06 0.000118626 5.98352e-05 0.000187787 2.36807e-05 2.30932e-05 0.00190499 1.54482e-05 3.961e-07 2.89136e-05 3.36637e-07 0.00496383 9.18962e-06 4.01827e-06 0.000157513 1.0264e-06 0.00473221 
0.0253586 3.88381e-05 4.79889e-08 0.0820045 0.0871582 9.69221e-07 0.370124 0.000554198 0.0232243 0.0173957 0.0149017 0.00553624 0.000234192 7.88871e-05 0.249926 0.00309752 0.029817 0.0178821 1.40633e-05 0.0013779 0.00734779 0.00649448 0.0407841 0.0101452 1.7357e-05 0.00589317 1.77415e-05 0.000575137 
0.0377687 2.06049e-05 0.000124992 0.0603313 0.00539208 0.000146039 0.221429 0.000700591 0.000149326 0.00256154 0.00168654 1.25323e-09 0.000223959 0.00293292 0.183992 0.0614055 0.00277307 0.0700476 1.01674e-09 0.00145123 0.00480496 0.000534306 0.123192 0.0431377 1.97994e-10 0.17515 4.13778e-05 1.74568e-06 
0.000903801 6.33707e-05 6.86948e-10 0.040372 0.229267 0.0150055 0.607947 0.0117168 0.000292308 0.0010196 0.000814143 8.31512e-10 0.00018116 0.00174603 0.0429796 0.00647774 0.00145328 0.00636271 6.19106e-09 0.000653219 0.00417411 0.00135934 0.0178458 0.00631302 8.30749e-06 0.00302006 2.42655e-07 2.30765e-05 
0.00576656 0.000128483 1.23457e-08 0.242688 0.000820039 2.46344e-05 0.405039 0.000128369 0.00112403 0.00435711 9.13517e-07 4.79173e-07 1.17426e-06 0.00550608 0.194327 0.0611957 0.00196735 0.00577116 5.91551e-07 0.00174077 0.000529708 0.000131591 0.0120028 0.0222634 0.026596 0.00766015 3.92326e-05 0.000189361 
0.00368629 0.000612483 1.19184e-05 0.0170442 0.0118187 0.0014768 0.694942 0.000412433 0.000296139 0.012995 0.00066199 1.44265e-05 0.000539205 0.00688351 0.174627 0.0165038 0.00432485 5.99555e-05 0.000112601 5.16504e-06 0.0146203 0.00402762 0.0299276 0.000546234 0.000218408 0.00170527 0.00126091 0.000665517 
0.0346832 9.90707e-05 0.000456246 0.0726987 0.00152107 0.00484383 0.55897 0.000274879 7.21984e-05 0.00251991 0.000210573 2.28138e-10 2.24092e-05 0.0220579 0.00543313 0.0153584 0.0314077 0.0263118 1.77366e-05 0.00631906 0.0937131 0.00683507 0.027827 0.0210018 0.00181345 0.0618788 9.33184e-05 0.00355926 
0.00601945 1.2921e-05 3.62449e-08 0.105863 0.0462792 9.58034e-05 0.390451 0.00332172 0.0171219 0.0104906 5.92655e-06 3.45264e-08 0.00191457 0.00668826 0.123795 0.0109717 0.00362057 0.06521 9.09974e-10 0.000255099 0.00980846 0.00633118 0.137364 0.0124791 1.15827e-06 0.0412368 1.90521e-08 0.000661938 
0.00240096 0.0169079 3.62721e-05 0.191618 0.102454 1.28228e-05 0.557171 0.000346316 8.66125e-05 0.00342565 3.83522e-06 3.3296e-05 2.41423e-05 0.0159673 0.00419823 0.000996951 0.0001739 0.0101557 2.31264e-07 1.40012e-05 0.0250045 0.00084643 0.0673435 0.000173683 5.38543e-05 0.000547652 2.23298e-06 1.28279e-06 
0.00166387 0.032851 5.44267e-11 0.0449458 0.00412525 0.000117297 0.845755 0.0142347 0.000631805 1.41837e-06 5.46795e-05 6.58805e-11 0.00126129 0.000611694 0.00610778 0.000184518 0.0150255 0.0015889 3.48344e-07 0.000259335 0.000421392 0.0027079 0.00629135 0.00601571 5.13489e-05 0.000343939 6.112e-11 0.0147487 
0.0268439 0.00460095 8.25077e-05 0.116317 0.00813437 3.31357e-06 0.509176 2.65201e-05 0.000634716 0.000185077 0.00057261 6.33941e-05 0.00252627 0.00140887 0.00133912 0.16295 0.0403992 0.03252 1.08955e-07 0.000321387 0.0120263 0.000576759 0.0161627 0.00049739 3.44938e-06 0.0625938 2.49416e-05 9.44451e-06 
0.0265671 0.0424497 0.000110869 0.0731965 0.0174614 0.00479313 0.314294 0.0656717 0.000295026 0.00079837 0.000574876 1.095e-05 0.00401505 0.0565299 0.113458 0.00415418 0.0838449 0.0234345 1.8929e-06 0.0012056 0.0153109 0.0531789 0.0133963 0.0333949 0.0010862 0.0434333 0.00721102 0.000120175 
0.028072 4.80681e-07 7.30016e-07 0.0144687 0.015193 6.19846e-07 0.781896 1.82357e-05 0.000421672 3.58717e-06 0.000925136 2.0106e-06 1.00728e-06 0.00121432 0.0653603 0.0182646 0.0279927 0.0107949 4.95187e-06 0.00422583 6.23106e-05 0.00497864 0.0122611 0.00496252 2.43344e-07 0.00884031 7.09293e-06 2.70641e-05 
0.0317244 0.00167034 4.88145e-06 0.0867276 0.162224 0.00132 0.283474 0.0295383 0.000382805 0.000400725 9.26161e-05 0.000665902 0.00285496 0.0135899 0.205784 0.0139489 0.0217631 0.0171244 2.84866e-06 0.00786061 0.0169582 0.0138868 0.0232524 0.0118733 3.14447e-05 0.0511025 1.81107e-05 0.00172317 
0.002474 0.000313374 8.96425e-07 0.194616 0.00707673 4.15539e-05 0.68677 0.000981787 5.73838e-05 0.00178135 1.2345e-05 1.64552e-08 0.000554496 0.00140758 0.00296248 0.00363196 0.00346196 0.0188335 8.09414e-07 0.000925118 0.00350342 0.00188078 0.0462379 0.00322506 4.10518e-06 0.00714312 3.87022e-06 0.0120977 
0.014938 8.20893e-05 3.50237e-08 0.0794058 0.00651862 0.000732835 0.53843 0.000478684 0.000371301 0.00291512 8.31895e-05 0.000971746 0.000125701 0.00232855 0.00592184 0.0586533 0.0048173 0.0114096 7.70607e-08 0.000245544 0.0361966 0.00642177 0.211704 0.00124985 2.6745e-05 0.0142955 5.28735e-07 0.00167593 
0.00277432 0.000106883 1.59663e-06 0.0436609 0.051186 3.26283e-05 0.751644 0.000819342 0.000205539 0.000307405 9.53198e-05 4.7229e-10 0.000212256 0.00148607 0.0350006 0.00897977 0.0213549 0.00771076 1.95567e-07 0.000518514 0.0125958 0.0130515 0.0419486 0.00221257 1.92673e-05 0.00367657 0.000119851 0.000278422 
0.0216055 0.00195832 0.000248196 0.0433989 0.10472 0.000615733 0.353573 0.000484845 0.00283416 0.0024178 0.00107393 1.89318e-06 0.00465783 0.0134244 0.0299375 0.0152911 0.0142599 0.109909 3.63136e-05 0.0123713 0.124803 0.0117099 0.0631971 0.0165098 0.000144071 0.0497821 5.85452e-06 0.00102791 
0.0435665 0.00014077 0.00178121 0.0731793 0.0388246 2.01504e-05 0.286252 0.0148104 0.000210116 0.00480018 0.000878629 2.21416e-07 0.00541547 0.134722 0.0282767 0.00989931 0.047187 0.0277759 1.73002e-06 0.00218058 0.0810003 0.00936855 0.0513582 0.0555732 0.00530443 0.0678604 0.00846772 0.00114374 
0.0122325 0.000257116 2.2325e-05 0.063513 0.0275436 0.000298328 0.347901 0.0028937 0.000314531 0.00230184 0.000249089 2.73334e-05 0.00121435 0.0034403 0.116868 0.0189196 0.0103465 0.184559 1.15309e-05 0.0004436 0.0225388 0.00658495 0.0693328 0.0384832 4.16503e-06 0.0656225 0.00373434 0.000341959 
0.000728458 3.88926e-06 9.43468e-07 0.0149481 0.00798893 3.43426e-07 0.903118 0.000785376 9.38847e-07 0.000354147 6.70117e-05 5.13726e-10 0.000143556 0.000966418 0.0142301 0.00423184 0.0196695 0.0132486 4.16783e-10 0.000217375 0.00257848 0.00198522 0.00828443 0.00246545 2.59038e-06 0.0038085 0.000154342 1.75225e-05 
5.00427e-05 0.000392301 4.10524e-06 0.211653 0.0120706 0.00233591 0.625826 0.000129856 0.000207797 0.0213986 2.32359e-05 7.65904e-06 0.000307032 0.000585753 0.00568823 0.001063 0.000145927 0.00612944 2.79699e-07 5.94719e-05 0.0079512 0.00185845 0.0464636 0.000754851 2.69549e-05 0.00530799 2.42673e-08 0.0495591 
0.00397785 0.02805 1.19283e-08 0.247346 0.170663 5.05887e-07 0.354556 0.000559277 0.000137048 0.00567249 1.51302e-07 1.31361e-06 3.49756e-05 0.0068426 0.00697734 0.00163916 0.000278353 0.0168702 9.11586e-09 1.3706e-05 0.04157 0.00139321 0.112146 0.000281054 8.62859e-05 0.000903832 8.64355e-07 4.17949e-08 
0.0161584 0.000149132 0.00218717 0.181227 0.080068 0.0100227 0.299629 0.0021625 0.0220292 0.00563208 5.75108e-05 6.91399e-06 0.000773268 0.0136181 0.0397289 0.0352802 0.0345134 0.0338631 1.44673e-06 0.00283209 0.0351164 0.0490561 0.0611981 0.00973388 5.93535e-05 0.0572167 0.00753398 0.000145015 
2.2121e-12 1.49567e-08 1.55772e-11 0.0143269 1.80636e-12 1.32264e-11 0.984488 2.05767e-08 1.125e-11 4.20446e-09 1.51703e-11 1.88554e-11 1.82888e-05 3.84725e-08 6.09869e-08 3.55984e-09 3.11952e-12 0.000479883 1.52973e-11 6.75067e-12 1.51139e-12 5.73725e-12 9.63489e-06 6.43403e-07 2.97891e-12 0.000233105 1.74929e-11 0.000443197 
2.2121e-12 1.49567e-08 1.55772e-11 0.0143269 1.80636e-12 1.32264e-11 0.984488 2.05767e-08 1.125e-11 4.20446e-09 1.51703e-11 1.88554e-11 1.82888e-05 3.84725e-08 6.09869e-08 3.55984e-09 3.11952e-12 0.000479883 1.52973e-11 6.75067e-12 1.51139e-12 5.73725e-12 9.63489e-06 6.43403e-07 2.97891e-12 0.000233105 1.74929e-11 0.000443197 
0.00190618 0.00116224 2.16974e-08 0.0252315 0.00565758 5.69121e-07 0.911863 0.0002427 1.491e-05 0.00388935 9.61563e-06 2.62634e-08 0.000532396 3.04643e-05 0.00666155 0.00335564 0.0020053 0.00402502 2.13074e-08 2.44091e-06 0.0028586 0.00182084 0.0263093 0.000196421 1.04971e-07 0.00222041 4.45974e-08 3.84774e-06 
0.000669903 0.0045855 5.42124e-12 0.106242 0.0531023 3.02428e-07 0.714595 2.54725e-06 0.0032294 0.000256502 9.8206e-08 6.56211e-12 0.00710435 0.0007898 0.00678678 0.00996108 0.0110152 0.0146763 9.58817e-09 4.79301e-08 5.73869e-08 8.88551e-08 0.0507884 0.00852144 3.36947e-08 0.00735146 6.08793e-12 0.00032137 
0.0257841 0.000231122 3.9071e-05 0.113563 0.175075 0.000368842 0.196823 0.00202563 0.0284597 9.55006e-05 0.00231569 0.020779 0.000239012 0.00102041 0.18387 0.0269145 0.0563789 0.0126964 7.02016e-08 0.000540042 0.0083754 0.00295231 0.0213237 0.0219949 1.39256e-05 0.0913484 0.00595876 0.000814037 
0.000880881 0.000184508 4.10919e-06 0.311198 0.00822103 0.0028108 0.517854 0.000234285 7.98424e-05 0.0448304 2.04105e-05 3.22285e-09 0.000733984 0.00146839 0.016238 0.000586142 0.000141221 0.00467768 3.40253e-07 2.02383e-05 0.00726032 0.0018585 0.0391139 0.000742722 3.57059e-05 0.00918582 2.46152e-06 0.031616 
0.000903801 6.33707e-05 6.86948e-10 0.040372 0.229267 0.0150055 0.607947 0.0117168 0.000292308 0.0010196 0.000814143 8.31512e-10 0.00018116 0.00174603 0.0429796 0.00647774 0.00145328 0.00636271 6.19106e-09 0.000653219 0.00417411 0.00135934 0.0178458 0.00631302 8.30749e-06 0.00302006 2.42655e-07 2.30765e-05 
0.0477546 0.000568904 0.000131361 0.0542629 0.0333492 0.000739567 0.193615 0.00169974 0.000797197 0.00610608 0.000971567 7.6642e-07 0.000356754 0.00733235 0.0227866 0.11294 0.100197 0.105005 6.73288e-06 0.00099647 0.0654313 0.0183768 0.15409 0.0301246 5.79153e-05 0.0375 0.00460308 0.000197935 
0.000235232 3.98367e-06 6.57842e-06 0.108368 0.00975473 5.22065e-06 0.499346 1.62333e-05 3.7485e-06 0.000308079 0.000234175 3.8821e-08 5.93837e-06 0.00744056 0.0287428 3.68759e-05 0.000897666 0.0271307 2.01023e-06 0.00243128 0.00999736 0.00316308 0.0191976 0.280069 4.03488e-06 0.0025505 5.69016e-07 4.90347e-05 
7.11146e-13 3.36009e-09 5.00777e-12 0.019831 1.46436e-09 4.25203e-12 0.978579 9.57152e-06 1.46944e-08 9.44455e-10 9.06084e-09 6.06163e-12 2.33361e-05 6.32587e-06 1.36971e-08 4.67294e-07 1.00286e-12 0.000402117 4.91776e-12 2.17021e-12 4.85881e-13 1.19659e-07 0.000288278 5.66932e-08 2.55724e-09 0.000139821 5.62361e-12 0.000719454 
0.166209 0.000122789 1.02867e-05 0.0829908 0.0139039 0.00218154 0.281265 0.00110079 0.000328656 0.020506 0.000748253 1.65383e-08 0.000385316 0.00875542 0.0271862 0.106703 0.0440592 0.0249034 7.41404e-07 0.00325351 0.0588058 0.00668065 0.0665783 0.0382699 0.0190871 0.0219177 0.00286342 0.00118406 
0.00140269 0.000108596 2.46109e-06 0.00463029 0.0582814 0.000161825 0.354363 0.00423764 0.0269932 0.00238894 2.43099e-05 1.21138e-07 0.00019965 0.00827863 0.100611 0.224999 0.111352 0.0139719 3.08079e-05 0.00388045 0.0304931 0.0166572 0.0134281 0.0169876 7.1983e-07 0.0064637 3.71397e-05 1.43088e-05 
0.00132234 0.000238251 1.83921e-06 0.316904 0.0256024 3.84103e-05 0.361186 0.001262 0.000115221 0.0078698 0.000163706 0.000402317 0.000175478 0.00183674 0.0241185 0.0053738 0.00101106 0.0206833 7.95396e-05 0.000309113 0.00386452 0.000337305 0.0471599 0.00259481 2.31224e-05 0.0471104 2.34022e-05 0.130193 
0.0350659 0.00248484 3.40701e-05 0.158455 0.000418958 0.000102212 0.575671 0.000446375 3.66798e-07 0.00278468 9.838e-08 1.87596e-07 0.00461505 0.0116587 0.0152952 0.0434065 0.0184728 0.0782561 3.36907e-06 0.0018178 0.00055768 0.00610816 0.00109008 0.0198672 1.20954e-05 0.0227452 1.4271e-07 0.000630162 
0.118784 0.0010819 0.00020149 0.0347696 0.0892258 0.000144321 0.249516 0.00513757 0.00194916 0.000751435 0.000598953 2.10207e-08 3.78621e-05 0.0949061 0.0348591 0.021927 0.0343471 0.0418381 1.18756e-05 0.00133743 0.120696 0.0142334 0.0661072 0.0468668 9.98301e-05 0.0200117 4.69088e-06 0.000555507 
0.0181162 0.00426452 1.89683e-05 0.0244156 0.0618195 0.00271931 0.354044 0.0185884 9.83179e-06 0.0221156 0.000896002 6.92089e-09 0.000300596 0.0056286 0.0182092 0.000817289 0.00279546 0.181766 2.80036e-05 0.000358272 0.0103231 0.00104658 0.097777 0.00208108 7.31557e-05 0.163416 0.000297671 0.00807374 
0.00172994 0.0353603 8.21146e-05 0.168454 0.100935 0.0308141 0.474902 0.0132844 0.00140092 2.53697e-05 0.00305277 7.02735e-06 0.000534958 0.00086348 0.0087882 0.00617765 0.00321632 0.0109508 2.16708e-05 0.0307284 0.00731931 0.014011 0.0838427 0.00340915 9.84428e-06 3.61045e-06 7.35614e-05 2.39291e-07 
0.011598 0.00592915 9.66569e-05 0.0934211 0.0111037 0.000135727 0.44071 0.0068592 0.0077497 0.00435295 0.000212976 1.38129e-05 0.000233566 0.0382913 0.0491824 0.0429815 0.0160647 0.169866 6.10121e-06 0.000772353 0.0118468 0.00135998 0.0185131 0.0357619 0.0090134 0.0196183 0.00347198 0.000834151 
0.00384339 0.000454076 4.10545e-07 0.145561 0.0820812 0.0017012 0.606861 0.00038145 0.0198669 0.0011035 0.00082714 0.000312068 3.59327e-05 0.00132263 0.0268205 0.0100509 0.00380067 0.00582197 6.29294e-06 0.0035361 0.00186717 0.0118784 0.0169773 0.0228879 0.000121085 0.019355 1.39229e-07 0.012524 
0.0152852 0.00118642 0.000113949 0.0942978 0.0121374 0.000198107 0.581485 0.0183594 0.00449465 0.00327049 0.00107736 8.38895e-09 0.00121596 0.00919931 0.0299791 0.0264124 0.081699 0.0209235 1.30962e-05 0.00361902 0.0123866 0.0206859 0.0307756 0.018933 0.000799309 0.0111587 0.000163692 0.000129497 
0.00617674 0.00452245 4.24865e-05 0.319176 0.0972543 0.000605797 0.385343 0.00123329 0.000285194 0.0100364 0.0132911 0.000217827 0.00039317 0.00347448 0.0330254 0.00118827 0.000750748 0.0127379 3.42925e-05 0.000764223 0.024465 0.00134888 0.0672065 0.00185257 3.0012e-05 0.0106304 0.000256788 0.00365674 
0.00117982 2.95431e-06 1.86924e-08 0.14143 0.00724377 7.77586e-08 0.62433 0.000589492 0.000226211 0.00223102 0.000167746 3.98463e-09 4.98047e-05 0.00212167 0.0414292 0.0165357 0.0106982 0.0757973 2.70197e-11 8.94322e-07 0.00667297 0.00113234 0.0527682 0.0041606 6.60334e-07 0.00837475 0.00155543 0.00130134 
0.0106413 0.000730209 1.53144e-05 0.0848369 0.0253767 0.0929294 0.328577 0.00779349 0.00176166 0.0345027 5.97753e-05 1.69086e-10 0.000204167 0.0405351 0.0675993 0.00460799 0.0033219 0.0809658 3.74236e-05 0.000537843 0.00873387 0.0247549 0.118914 0.00592169 4.88754e-05 0.0521298 2.72853e-05 0.00443612 
0.0180196 5.97658e-05 9.36339e-08 0.182581 0.002158 0.000667873 0.571195 0.00502223 7.3091e-06 0.000245834 1.71559e-07 5.11719e-10 0.00334114 0.00284057 0.160535 0.00709269 0.0117013 0.00716364 1.55138e-08 0.00328456 0.0046516 0.000252525 0.000777772 0.0179455 2.08149e-06 0.000418717 3.62355e-05 1.06301e-07 
0.0268439 0.00460095 8.25077e-05 0.116317 0.00813437 3.31357e-06 0.509176 2.65201e-05 0.000634716 0.000185077 0.00057261 6.33941e-05 0.00252627 0.00140887 0.00133912 0.16295 0.0403992 0.03252 1.08955e-07 0.000321387 0.0120263 0.000576759 0.0161627 0.00049739 3.44938e-06 0.0625938 2.49416e-05 9.44451e-06 
0.0334973 0.000373213 0.0134926 0.0394952 0.0205008 0.00170522 0.349764 0.000149208 0.0044204 0.000234722 0.000106776 0.0027824 5.6345e-05 0.0401742 0.0244423 0.0214057 0.281846 0.0487499 4.14123e-07 0.00266436 0.0271296 0.0186594 0.0291451 0.0258221 2.94628e-05 0.0126382 7.84046e-05 0.000636748 
0.0118165 0.000202686 5.47518e-05 0.137088 0.162111 0.000328769 0.240282 0.0032208 0.000304694 0.0342049 0.000116353 1.13933e-06 0.000595289 0.00512813 0.189063 0.00442045 0.00571814 0.0540589 0.000188175 0.000362107 0.0167584 0.00604485 0.0686819 0.0047548 3.99915e-05 0.0469635 0.000318892 0.00717255 
0.00990108 9.51459e-05 1.08298e-05 0.195285 0.0173388 2.59923e-05 0.544591 3.51788e-05 0.000234797 0.00409895 0.000200587 1.34127e-08 0.00255035 0.0010312 0.0076704 0.00634934 0.0110464 0.123181 7.68946e-05 0.000123241 0.00295858 0.00211506 0.0529715 0.00744504 1.07833e-05 0.00569947 3.98155e-06 0.00494973 
0.00143387 5.27533e-08 9.73206e-11 0.0581533 0.0127144 1.88003e-07 0.69528 0.00039855 9.60156e-08 0.00449219 0.000191827 8.9232e-09 0.000239401 0.00372164 0.000834765 0.00802417 0.0245001 0.0208661 2.52304e-08 0.00508754 1.57203e-06 0.00564676 0.0860653 0.0107424 1.84016e-06 0.0581296 4.75967e-09 0.00347439 
0.00633543 0.000399315 6.82376e-06 0.0595162 0.0173786 0.000129548 0.650351 0.0154856 0.000258921 0.000711843 0.000334511 1.00197e-11 8.7813e-05 0.0253375 0.0306836 0.00387541 0.015204 0.101147 2.34248e-06 0.000278906 0.0142515 0.00230827 0.0218548 0.00727046 1.09439e-08 0.0262281 0.000369816 0.000192866 
0.0362752 9.19023e-07 0.000795752 0.163068 0.0497426 0.00167303 0.241702 0.000258762 0.00326538 0.000858364 0.139723 3.51326e-10 0.00117114 0.000860732 0.203774 0.00345955 0.019689 0.0026538 0.000117982 0.000938157 0.0312342 0.000792276 0.0120969 0.00948741 7.66794e-10 0.0755367 3.6786e-05 0.000788416 
0.000131172 0.000332078 1.65698e-06 0.00509454 0.0310303 0.000696656 0.353132 0.000606191 0.000696585 0.00120689 4.56871e-06 9.74516e-09 0.000121604 0.00386697 0.00384378 0.242713 0.0124257 0.0389041 3.70549e-05 3.7132e-05 0.0303427 0.0270011 0.100754 0.00638375 2.74735e-05 0.130304 0.00958833 0.000716408 
0.00881608 0.000100727 2.7932e-05 0.0672307 0.00242063 0.000243659 0.440525 0.00200216 0.00121484 0.000309433 3.07584e-05 2.57093e-09 0.00113427 0.00296175 0.0162397 0.00996295 0.208984 0.13875 2.56714e-09 0.000977178 0.00552934 0.00156544 0.0173255 0.0522417 9.75316e-07 0.0202334 0.00112265 4.90357e-05 
0.209816 0.00028924 3.2687e-10 0.086794 4.58978e-07 6.50237e-07 0.374692 6.4053e-07 2.36068e-10 1.94389e-05 3.1833e-10 3.95658e-10 7.42051e-07 0.00223045 0.0022491 0.0299199 0.154591 0.0746555 3.20995e-10 0.000370759 0.0285626 0.00132874 0.0152288 0.0116485 6.2509e-11 0.0076011 3.67068e-10 2.90947e-08 
0.0488687 3.59465e-05 2.48138e-06 0.0607364 0.00279544 1.47116e-06 0.611503 0.00507203 5.75722e-05 0.00105646 0.00153334 5.39946e-05 3.09334e-05 0.00155548 0.0104314 0.00815829 0.121714 0.0785031 0.000507098 0.000263464 0.0113496 0.00291997 0.0158108 0.00299235 3.5936e-05 0.00521492 2.11968e-07 0.00879603 
0.00782081 5.25559e-06 6.7538e-08 0.159068 0.0284775 1.07043e-07 0.237982 0.00289577 0.13012 0.00181453 1.69854e-08 1.04055e-06 2.20447e-05 0.01845 0.0518991 0.000463078 0.021464 0.112897 2.95251e-08 0.000139265 5.02522e-05 0.000368078 0.190231 0.0259722 6.32747e-06 0.00377256 2.3398e-05 0.00605666 
0.000624565 2.80398e-05 3.41064e-07 0.26013 0.294969 0.000432049 0.336201 0.00342603 0.0150111 0.0122697 5.55625e-05 7.11279e-06 0.000998962 0.000713268 0.0184639 0.000796715 0.00167913 0.00958732 8.61783e-07 8.76828e-05 0.000646229 0.00262824 0.0238987 0.000955662 5.21672e-05 0.00771169 3.49367e-06 0.00862106 
0.00400327 0.000238361 0.000600321 0.0561333 0.00935783 2.7863e-06 0.27122 0.000289731 0.0309962 0.0132448 0.0003177 8.7426e-08 0.000575128 0.113257 0.0879984 0.0255976 0.0145609 0.177928 2.32689e-06 0.000321944 0.0303674 0.0283471 0.0374851 0.0236017 0.000103535 0.0723415 2.29624e-06 0.00110516 
0.00154176 9.63916e-06 6.44868e-07 0.00712129 8.50768e-05 6.99593e-07 0.910905 8.936e-05 2.64194e-07 4.48916e-05 3.32469e-07 1.52293e-09 8.02999e-06 0.000779196 0.000284077 0.0072285 0.00887152 0.00889248 1.23554e-09 0.000264359 0.0043089 0.00846626 0.00933112 0.0138747 2.40603e-10 0.0178787 1.28995e-05 5.44813e-07 
0.00559302 6.23405e-05 5.17715e-05 0.024902 0.0443839 0.060818 0.688421 0.00013185 0.000740929 0.00123784 3.67505e-05 9.18072e-06 9.70242e-05 0.00578253 0.0187232 0.00097501 0.00164363 0.00561942 0.000180701 0.00405034 0.0228961 0.000700853 0.0677559 0.00105761 5.31162e-05 0.0409731 4.83938e-05 0.00305474 
0.000366193 8.96949e-10 1.36221e-09 0.436784 0.0127814 1.15663e-09 0.493586 0.000346403 2.9919e-06 0.000150723 1.32662e-09 1.81938e-08 1.87958e-09 1.8556e-07 0.0509792 4.10808e-05 0.000747477 1.91019e-06 1.33773e-09 4.2123e-07 2.78456e-09 0.000152058 0.00272036 5.29284e-06 1.86601e-08 0.00133448 1.52973e-09 1.64244e-07 
0.024786 0.0517249 1.36447e-05 0.0485908 0.0355226 0.00558263 0.475261 0.00109881 0.00132873 0.00421853 0.000392369 0.00158676 0.000189908 0.035599 0.032658 0.0870099 0.0252802 0.0554602 3.63471e-05 0.00446466 0.0257279 0.00775475 0.0475453 0.0107043 0.00156342 0.0150068 0.000214707 0.000678195 
0.00116839 1.09224e-05 1.74917e-09 0.104949 0.049802 0.000784853 0.676715 0.00303825 0.00185643 0.00298594 4.40726e-05 3.77362e-05 0.000664967 0.00176932 0.0503245 0.0313239 0.0149768 0.0156917 4.19983e-06 0.000829675 0.0022867 0.00133923 0.0279356 0.00225201 5.90844e-07 0.00812492 6.13091e-05 0.00102195 
