0.000379506 0.00232917 1.90575e-07 0.160685 0.0052099 0.00112541 0.00384757 0.00842577 0.000684183 0.704464 0.0017995 3.98144e-09 8.35512e-05 0.000266934 0.000824137 0.0019723 0.00132076 0.00235229 2.60142e-08 7.94464e-05 0.00260655 0.00722672 0.0142433 0.000162346 4.03321e-05 0.0793623 9.84172e-07 0.000507545 
0.0422409 0.000201927 0.000561532 0.0278395 0.0514013 0.00415849 0.0027721 0.00340589 0.00012984 0.279499 0.000106484 0.00173945 0.000156039 0.0266237 0.0288882 0.0092284 0.0363664 0.022915 9.03952e-05 0.00445205 0.171598 0.0388315 0.0753345 0.0553792 4.76845e-05 0.114949 9.81536e-05 0.000985766 
0.0143926 0.00027168 0.000409831 0.238143 0.000353032 0.000267342 0.00395162 3.6278e-05 4.2838e-08 0.663687 4.25131e-06 3.15281e-10 9.3047e-06 0.0171035 0.0170229 0.000158523 0.000503013 0.0319667 5.30677e-07 0.00156382 0.000169789 5.21604e-05 0.000604183 0.00316769 3.97225e-05 0.00600688 5.85237e-06 0.000109011 
0.00203648 0.0124938 3.49023e-08 0.236057 0.0052711 0.0206975 0.0038744 0.0266881 0.00291049 0.446425 4.83658e-05 1.94549e-08 0.00101032 0.00215467 0.00575799 0.00240603 0.0053497 0.121476 1.50978e-06 1.18031e-05 0.00251373 0.000539273 0.00517978 0.00429385 2.04997e-05 0.0908266 0.000423729 0.00153229 
0.0256682 0.000999644 0.000855321 0.16546 0.0348119 0.120648 0.012285 0.00722113 0.0278636 0.324424 0.000898033 3.7034e-05 0.000970866 0.0251325 0.0308424 0.01704 0.0177053 0.0198457 7.12489e-05 0.00299471 0.0400226 0.015883 0.0334641 0.0417684 0.00345496 0.0173673 0.00803713 0.00422888 
8.8197e-05 1.44207e-05 5.68835e-08 0.015506 0.000119637 6.61671e-07 0.000884974 8.97227e-05 1.66561e-05 0.49754 0.480073 1.49088e-12 1.73786e-05 0.000465215 0.00128026 0.000451723 4.32279e-08 0.000721829 1.35816e-07 5.33769e-13 0.000168231 7.93411e-07 0.0015777 9.11067e-05 3.16402e-09 0.000372629 2.4996e-05 0.000494092 
0.0395012 0.000538007 4.91939e-05 0.21906 0.0123332 0.00266063 0.0192216 0.0152677 0.00188682 0.371555 0.000139361 6.71484e-06 0.000768575 0.0103908 0.0458679 0.017052 0.0169617 0.0309168 1.24083e-05 0.00319468 0.0700352 0.00237474 0.0412223 0.0431358 0.00304191 0.0296187 0.000609395 0.00257765 
0.0117811 0.0465707 1.29973e-05 0.0968229 0.0265013 0.00179957 0.0047454 0.000334541 0.0542561 0.686715 0.000115465 1.19161e-07 0.00107598 0.0047198 0.0216903 0.0025843 0.00103136 0.00232976 1.28933e-05 0.00187698 0.0179869 0.000567574 0.0134983 0.00083855 5.18809e-05 0.00177705 1.31773e-05 0.000290023 
0.000274057 0.000326717 5.38131e-09 0.190646 0.000973365 6.29072e-05 0.00956066 6.16738e-06 9.33629e-05 0.502605 0.275463 3.54805e-11 4.89764e-06 1.31031e-05 0.0128688 0.000778038 3.76663e-05 0.00185095 8.13207e-09 0.00108189 0.000108887 6.72913e-07 0.001348 0.00109291 5.01317e-09 0.000508672 2.32613e-08 0.00029402 
0.0424507 5.56778e-05 2.04167e-05 0.00199945 0.00198567 0.00112655 0.000513621 5.79707e-05 4.98412e-09 0.702278 9.55864e-05 1.37769e-12 5.36206e-05 0.00421775 0.00875488 0.0141631 0.00433427 0.00381582 1.30679e-06 0.00563896 0.161245 0.0125485 0.030529 0.00199924 2.46277e-05 0.00176817 0.000275754 4.60666e-05 
0.0156778 0.000888637 0.000185609 0.155608 0.00323017 0.000668681 0.0102279 0.0017547 0.0786842 0.565027 0.0366383 2.24113e-06 0.000112185 0.00653741 0.013257 0.00514322 0.00149181 0.0106958 9.13214e-07 0.00175626 0.00630638 0.00388763 0.0312495 0.00180931 2.37473e-05 0.0321496 9.41018e-06 0.0169764 
0.0205929 0.00213408 3.72408e-05 0.308959 0.0467306 0.00526022 0.0267094 0.00361094 0.0200691 0.345852 0.00110713 0.000101763 0.00045256 0.00765324 0.0195674 0.0108079 0.00535438 0.0428386 0.000723082 0.0015503 0.0277682 0.00604994 0.0559851 0.008474 5.93601e-05 0.0285937 0.000681956 0.00227598 
0.100063 9.84957e-05 0.000378363 0.0144505 0.0255055 0.0018968 0.00623977 0.000612807 0.000155979 0.330144 7.46572e-05 0.00572038 0.000508886 0.0375559 0.048159 0.0119275 0.011841 0.108671 0.000152495 0.00521629 0.171312 0.0163052 0.0486697 0.0140111 0.000153034 0.0399876 0.000112085 7.794e-05 
7.23733e-08 2.39192e-08 1.26975e-07 0.0579864 0.00118638 5.80101e-08 0.00232998 1.60322e-08 6.01727e-05 0.83672 5.37319e-05 1.11463e-09 4.67429e-07 0.000729157 0.00680243 0.000375949 0.000122327 8.33169e-07 2.69078e-06 1.80442e-06 0.00183353 5.93926e-08 0.000939121 0.000111001 1.92525e-06 0.00622134 0.0844881 3.23153e-05 
0.00129503 0.00235528 4.01322e-06 0.104111 0.0050323 8.39916e-05 0.00159213 0.000177829 3.79451e-05 0.86855 1.16949e-05 9.18687e-09 0.000450745 0.00224006 0.00561127 0.000271639 0.000330104 0.00355937 3.23849e-07 0.000793565 0.000247721 0.000169432 0.000165584 0.000303001 1.29123e-05 0.00255635 2.06171e-07 3.63655e-05 
0.00145976 0.0028834 6.00534e-06 0.0549388 0.00445078 0.000393928 0.00552917 0.000259465 0.000343691 0.838707 3.87864e-06 5.02992e-07 0.000140233 0.00531256 0.00374203 0.00233389 0.00304567 0.0101601 9.08697e-07 0.000277079 0.00465784 0.0030475 0.0125419 0.0011949 6.71287e-06 0.0440311 7.79196e-06 0.000522952 
0.0155078 0.000668537 8.50153e-06 0.271889 0.00829815 0.00103517 0.0198749 0.000656717 0.0721436 0.32682 0.000585766 3.52219e-07 0.000561199 0.0102115 0.0123903 0.00360495 0.0075055 0.0352889 2.77197e-06 0.000363448 0.0154259 0.00995173 0.0352546 0.00527245 1.87791e-05 0.0060817 0.000298703 0.140279 
0.00142501 0.00171896 8.00414e-07 0.244245 0.00832921 0.0003635 0.0066945 0.0103984 0.00431516 0.333712 0.00689473 9.7712e-07 0.00011209 0.00140976 0.00230551 0.00166656 0.00151697 0.0143642 5.24231e-06 8.69196e-05 0.00502421 0.00390583 0.0367652 0.00167746 0.000164311 0.0482075 5.33739e-08 0.264691 
0.0114765 0.00450153 5.42615e-05 0.0838779 0.0524595 0.00219671 0.0366772 0.0034058 0.00247972 0.581683 0.0171248 0.000421064 0.00105663 0.00821617 0.028567 0.00501631 0.00293735 0.0296616 4.76613e-06 0.000369637 0.00610421 0.0402519 0.0298214 0.004841 6.86978e-05 0.043477 4.72058e-05 0.00320121 
0.00309842 0.0106564 6.1106e-05 0.140008 0.202262 0.00405138 0.0286599 0.0218151 0.00135893 0.361289 0.00638426 7.20995e-06 0.000302739 0.00102946 0.0383682 0.0181017 0.0148303 0.00294011 1.2311e-05 0.00126168 0.0175346 0.0331338 0.0135512 0.00782997 9.81058e-05 0.0709586 1.98983e-05 0.000375733 
0.00569306 5.33424e-05 8.12981e-10 0.279154 0.0165327 4.06013e-08 0.0156676 0.0648925 0.00179859 0.544275 5.33641e-05 4.7662e-11 1.00807e-05 0.00207374 0.00301146 0.000422568 0.00462261 0.0014696 5.45418e-09 0.000905557 0.00458356 0.00264801 0.0271877 0.00191058 3.40714e-05 0.0198588 1.26863e-06 0.00313976 
0.0329519 3.16125e-05 4.63849e-05 0.000229514 0.000663452 0.0026489 0.00020139 5.79863e-05 9.77645e-13 0.779889 8.70793e-05 1.63856e-12 1.4361e-05 0.00296679 0.00579346 0.0126179 0.00281092 0.00132308 1.46539e-06 0.00252531 0.116433 0.0146574 0.0195094 0.00421653 1.17382e-05 0.000166231 0.000136522 7.86265e-06 
0.0185452 0.0110409 0.00284953 0.0681455 0.17864 0.000191863 0.0024391 0.0088574 0.00213274 0.258598 0.000288707 3.48989e-10 0.000963951 0.0165244 0.0214847 0.01289 0.0155666 0.0105462 1.61668e-05 0.0038355 0.0450472 0.00853559 0.0851387 0.00655476 0.00165799 0.218279 0.00109101 0.000139171 
0.0241541 0.000513912 3.65123e-12 0.16165 0.00170079 3.40678e-08 0.0105679 0.000112459 1.71887e-05 0.70339 2.15832e-06 4.41961e-12 2.31012e-05 0.000417387 0.00044713 0.00118232 0.000124269 0.0034108 7.81119e-10 0.0036888 0.00330419 0.000983932 0.0414009 0.000875884 9.83803e-07 0.0419909 1.02025e-09 4.03391e-05 
7.23733e-08 2.39192e-08 1.26975e-07 0.0579864 0.00118638 5.80101e-08 0.00232998 1.60322e-08 6.01727e-05 0.83672 5.37319e-05 1.11463e-09 4.67429e-07 0.000729157 0.00680243 0.000375949 0.000122327 8.33169e-07 2.69078e-06 1.80442e-06 0.00183353 5.93926e-08 0.000939121 0.000111001 1.92525e-06 0.00622134 0.0844881 3.23153e-05 
1.32357e-08 5.57525e-06 3.99045e-10 0.0234508 0.000517838 4.34115e-05 0.00062182 7.16513e-05 4.23093e-09 0.970266 6.81221e-07 1.31425e-09 0.000111984 0.00011699 0.0036862 0.000196409 0.000274216 1.31289e-08 1.43439e-09 4.53135e-05 9.4794e-07 8.43846e-09 9.73348e-05 1.19655e-08 2.99123e-07 0.000485117 5.461e-09 7.40283e-06 
0.0197857 0.000638116 3.48654e-09 0.0932492 0.00300374 1.49269e-08 0.00215341 0.000112431 1.71757e-05 0.734624 2.15308e-06 1.51921e-12 0.000103515 0.000417359 0.000919528 0.00146483 0.000282392 0.00393702 1.08585e-07 0.00221701 0.0032875 0.00460363 0.0493051 0.00169667 8.40656e-06 0.0781305 4.47726e-10 4.03203e-05 
0.0158679 0.00397768 0.0361665 0.180962 0.00103258 2.5335e-05 0.0805579 0.00459623 0.00337589 0.503445 0.00272583 2.44372e-06 0.000244176 0.0134414 0.0119575 0.000180463 0.00219558 0.0772257 6.99017e-08 0.00825823 0.00452444 0.000469972 0.0115805 0.0116531 4.86688e-06 0.0194667 2.20627e-05 0.00603996 
0.00685695 0.000329861 0.00247858 0.039719 0.00995612 0.00705224 0.00816625 0.00200459 0.000436989 0.783693 0.000295541 4.40777e-05 0.000168418 0.00303264 0.0202025 0.0646417 0.012066 9.62572e-09 1.38011e-08 0.00195827 0.0139858 0.00410397 0.00938083 0.0014532 3.29769e-05 0.00783183 0.000108999 2.87606e-08 
0.032905 0.00133701 0.000740404 0.259924 0.0347155 0.000217294 0.00784064 0.00182317 0.00716903 0.388563 9.18709e-06 4.65069e-08 7.56128e-05 0.00156072 0.0431949 0.0200563 0.00159097 0.0101156 6.21572e-05 0.00706422 0.0228469 0.00130393 0.0823006 0.0143686 1.43738e-05 0.0599997 1.15652e-07 0.000201256 
0.00567452 0.000266902 4.96131e-05 0.197755 0.0182914 0.000647033 0.0156924 0.0969172 0.000272358 0.419159 1.85407e-06 1.20051e-09 0.000216459 0.000364657 0.0472187 0.00597767 0.0331129 0.0243163 2.23938e-07 4.64815e-05 0.010144 0.0353195 0.0353981 0.0234725 2.1066e-05 0.0273722 6.47614e-07 0.00229093 
0.0241541 0.000513912 3.65123e-12 0.16165 0.00170079 3.40678e-08 0.0105679 0.000112459 1.71887e-05 0.70339 2.15832e-06 4.41961e-12 2.31012e-05 0.000417387 0.00044713 0.00118232 0.000124269 0.0034108 7.81119e-10 0.0036888 0.00330419 0.000983932 0.0414009 0.000875884 9.83803e-07 0.0419909 1.02025e-09 4.03391e-05 
0.0112102 0.000176701 1.74754e-05 0.0730362 0.00381484 0.00129936 0.00146762 7.87317e-05 2.41668e-05 0.840786 1.68575e-05 0.000393424 9.47755e-06 0.00402096 0.00747499 0.00229193 0.000706722 0.00964405 3.71687e-07 0.00108355 0.0190029 0.00022371 0.019226 0.000604374 2.59826e-05 0.00330361 2.36115e-05 3.59328e-05 
0.00228802 0.00044143 1.11238e-06 0.139105 0.00679523 0.00152105 0.0987022 0.00278925 0.000199774 0.606679 4.01441e-06 7.46866e-08 0.000128768 0.000299809 0.0343817 0.00547473 0.00270143 0.00153609 3.90212e-07 0.000268428 0.0337359 0.00678873 0.0162648 0.00223959 3.40809e-05 0.0374758 2.79914e-06 0.000140166 
0.00598217 0.00134841 8.81275e-05 0.0737447 0.00565911 0.00168493 0.00703079 0.0042821 0.000474674 0.77372 0.0139907 1.45784e-05 0.00206473 0.00630168 0.00945671 0.00744571 0.00280261 0.00947421 0.00656229 0.000786555 0.00889132 0.00232928 0.0209646 0.00335875 0.000157191 0.0235622 0.00512741 0.0026946 
0.00140051 0.000143573 6.00604e-06 0.000445884 0.0232238 0.000824756 0.000124927 3.64412e-06 0.0478095 0.650065 0.0820637 7.26997e-06 8.28716e-06 0.000206173 0.167639 0.000234013 0.0112089 0.000860016 6.98281e-05 0.000319387 0.00291288 0.00205575 0.000226694 0.000711346 1.14856e-06 0.00703598 6.10517e-05 0.000329975 
0.00414101 3.1529e-08 0.00321047 0.236816 2.58022e-07 3.43225e-07 0.00778854 0.00106435 1.34193e-07 0.497841 0.000166455 2.81103e-09 0.000283849 0.000821672 0.090795 0.000731196 0.00067103 0.0276687 4.91632e-08 0.00958021 0.0125737 0.000412713 1.26419e-07 0.0427051 1.44203e-05 0.0627134 5.72544e-11 1.83749e-07 
0.0218994 0.000331225 0.000619106 0.0722383 0.0610008 0.00175592 0.00187211 0.00130066 1.1892e-05 0.672764 3.62345e-05 0.0204469 0.000121292 0.00382286 0.0264815 0.00194776 0.00148141 0.0290794 3.3753e-05 0.0017452 0.0246742 0.00074827 0.0390648 0.00472795 1.09212e-05 0.00429497 3.44646e-05 0.00745507 
0.0012751 8.45735e-05 1.9577e-05 0.167945 3.89687e-05 7.09598e-06 0.00054909 4.20475e-06 1.7592e-12 0.810415 6.77683e-09 3.50253e-10 6.97785e-07 0.000962628 0.00735337 1.47297e-05 2.58e-05 0.00964962 2.72458e-09 0.000446152 1.05276e-08 1.08801e-05 1.20461e-05 0.00058292 1.80803e-05 0.000519414 1.05005e-06 6.35995e-05 
0.000379506 0.00232917 1.90575e-07 0.160685 0.0052099 0.00112541 0.00384757 0.00842577 0.000684183 0.704464 0.0017995 3.98144e-09 8.35512e-05 0.000266934 0.000824137 0.0019723 0.00132076 0.00235229 2.60142e-08 7.94464e-05 0.00260655 0.00722672 0.0142433 0.000162346 4.03321e-05 0.0793623 9.84172e-07 0.000507545 
0.00845366 5.20426e-05 1.97486e-07 0.0241399 0.000543596 0.000173574 0.00329235 0.000619672 8.7997e-05 0.714381 0.209898 7.04101e-10 2.14977e-05 0.00539369 0.00556566 0.00182253 0.000272173 0.00726655 1.17749e-06 0.000240336 0.00544638 6.74304e-05 0.00340956 0.00339043 1.62046e-06 0.00057466 4.98272e-05 0.00483464 
0.00434933 9.08801e-05 2.03177e-07 0.0511313 0.0025078 3.11586e-06 0.0010909 0.00823005 7.37848e-08 0.877882 2.058e-05 8.19246e-12 5.76404e-06 0.00643873 0.00867481 0.000328616 0.000603077 0.0159801 8.65217e-08 0.000246494 0.00239217 0.00144484 0.00787051 0.00165168 2.62492e-05 0.00889789 1.24994e-05 0.000119687 
9.54078e-07 9.53294e-07 9.52771e-07 0.0472333 0.0984658 0.000953956 9.53942e-07 9.53374e-07 0.0233543 0.748879 9.62341e-05 9.52453e-07 9.52194e-07 0.00534342 0.0491355 0.00734697 9.5399e-07 9.54117e-07 9.52802e-07 9.53633e-07 9.54146e-07 0.00810767 9.54175e-07 0.0101139 0.000859557 9.63666e-05 9.52587e-07 9.53249e-07 
0.0013986 5.57145e-05 3.98967e-08 0.00564232 5.66042e-13 9.54437e-09 0.0001682 3.46447e-09 3.52532e-12 0.952996 1.12864e-08 5.90854e-12 1.20849e-08 0.00183206 0.00817099 6.72866e-05 3.77908e-08 0.0257201 4.53812e-09 0.000502409 0.000195277 6.28156e-05 2.01785e-08 0.00268461 1.238e-06 0.00050176 1.63888e-08 1.14026e-08 
0.000394737 9.77164e-05 0.000100073 0.099244 0.0103081 0.00123001 0.0377645 0.00103425 2.76666e-05 0.738702 3.34439e-05 3.62328e-12 0.000699407 0.00172877 0.0107668 0.00413907 0.0114213 0.0185917 2.93955e-12 0.000397491 0.0221097 0.00209564 0.0252196 0.00893166 6.81419e-10 0.0044212 0.000422155 0.000118496 
0.0424507 5.56778e-05 2.04167e-05 0.00199945 0.00198567 0.00112655 0.000513621 5.79707e-05 4.98412e-09 0.702278 9.55864e-05 1.37769e-12 5.36206e-05 0.00421775 0.00875488 0.0141631 0.00433427 0.00381582 1.30679e-06 0.00563896 0.161245 0.0125485 0.030529 0.00199924 2.46277e-05 0.00176817 0.000275754 4.60666e-05 
0.00476679 6.49277e-06 3.63878e-06 0.120409 0.000938047 1.39805e-05 0.000518794 3.62576e-05 3.13177e-06 0.587193 0.0127407 7.97279e-09 0.00122399 0.0156768 0.00866886 2.89889e-05 0.000583283 0.180644 8.94079e-08 0.000162895 0.00246394 5.61773e-05 0.00994344 0.0102684 2.54699e-06 0.0131026 8.90683e-06 0.0305362 
1.32357e-08 5.57525e-06 3.99045e-10 0.0234508 0.000517838 4.34115e-05 0.00062182 7.16513e-05 4.23093e-09 0.970266 6.81221e-07 1.31425e-09 0.000111984 0.00011699 0.0036862 0.000196409 0.000274216 1.31289e-08 1.43439e-09 4.53135e-05 9.4794e-07 8.43846e-09 9.73348e-05 1.19655e-08 2.99123e-07 0.000485117 5.461e-09 7.40283e-06 
0.0613243 0.00071184 6.30187e-06 0.0557215 0.0941962 0.00544466 0.025204 0.000773614 0.00206556 0.242496 0.000354758 0.00451169 0.000436323 0.0192029 0.0881094 0.0467049 0.0348177 0.008741 1.902e-05 0.0135088 0.172366 0.0100002 0.102826 0.00471111 4.07468e-05 0.00388813 0.00013651 0.00168074 
0.0172272 0.000527332 9.09374e-13 0.0658937 0.00170074 1.33424e-08 0.0018904 0.000112428 1.71741e-05 0.821289 3.42235e-06 1.10075e-12 4.50577e-05 0.000427793 0.000373191 0.00118228 0.000124246 0.0034107 3.21366e-10 0.00207481 0.00277926 0.000983805 0.0370297 0.000875835 9.80657e-07 0.0419907 4.19844e-10 4.03176e-05 
0.0320069 2.38777e-08 3.73001e-08 0.0172559 0.00146982 0.00249369 0.00327694 0.00358037 1.79618e-08 0.697582 0.000129691 1.70296e-07 3.256e-05 0.00982456 0.0817299 0.0097706 0.0110366 0.00328026 4.18112e-06 0.0247985 0.0358226 0.0239007 0.0121119 0.0271087 8.63254e-06 0.00208433 0.000617283 7.2736e-05 
0.00125719 0.0336896 7.84768e-08 0.395709 0.0467562 0.000592139 0.00379836 0.0175511 0.0011405 0.431411 6.79881e-05 7.95014e-10 0.000325867 0.00228114 0.00240709 0.00310363 0.00366959 0.00259493 2.54109e-07 0.000168755 0.00285017 0.00624151 0.0222243 0.000137204 2.73729e-05 0.021972 3.164e-07 2.3372e-05 
0.0566715 0.0009768 1.36794e-11 0.233451 0.00368005 5.33521e-08 0.0225646 6.56603e-05 0.000140813 0.464702 1.268e-06 1.65582e-11 4.02565e-05 0.000683301 0.0022753 0.0889792 0.00285798 0.00284985 9.19771e-10 0.0148672 0.00784483 0.00066884 0.0520505 0.0013216 5.78705e-07 0.0432835 1.19985e-09 2.35649e-05 
0.0172272 0.000527332 9.09374e-13 0.0658937 0.00170074 1.33424e-08 0.0018904 0.000112428 1.71741e-05 0.821289 3.42235e-06 1.10075e-12 4.50577e-05 0.000427793 0.000373191 0.00118228 0.000124246 0.0034107 3.21366e-10 0.00207481 0.00277926 0.000983805 0.0370297 0.000875835 9.80657e-07 0.0419907 4.19844e-10 4.03176e-05 
0.00788418 0.00110006 6.34779e-05 0.163157 0.0177368 0.0014015 0.00583481 0.00223098 0.00183066 0.62216 0.00188042 1.91787e-06 0.000530038 0.0231176 0.0160998 0.00257238 0.00332414 0.0254252 5.5158e-06 0.00212901 0.00709969 0.00453918 0.0292354 0.00457815 0.0001954 0.0480164 0.000486 0.00736391 
8.8197e-05 1.44207e-05 5.68835e-08 0.015506 0.000119637 6.61671e-07 0.000884974 8.97227e-05 1.66561e-05 0.49754 0.480073 1.49088e-12 1.73786e-05 0.000465215 0.00128026 0.000451723 4.32279e-08 0.000721829 1.35816e-07 5.33769e-13 0.000168231 7.93411e-07 0.0015777 9.11067e-05 3.16402e-09 0.000372629 2.4996e-05 0.000494092 
5.41892e-13 0.100968 2.67261e-10 0.0310053 1.11421e-08 0.00215691 0.00229117 1.12946e-08 4.50224e-08 0.862357 3.52769e-05 4.61895e-12 4.53296e-06 0.000614634 0.000370871 2.01087e-05 1.03901e-08 8.24515e-09 3.74733e-12 1.65369e-12 3.86054e-05 7.45271e-05 4.62879e-06 6.17273e-13 1.93091e-08 1.06634e-08 1.6597e-09 5.83211e-05 
0.0127043 0.000913535 4.09609e-07 0.221933 0.067321 1.75706e-10 0.00591932 2.56613e-06 0.00855209 0.350672 2.85433e-06 2.50484e-10 0.000830797 0.00108814 0.144525 0.00162844 0.00160449 0.0168267 6.14954e-05 7.65698e-05 0.0132267 0.00725276 0.0417803 0.00520533 1.55129e-05 0.00492992 0.0928718 5.51378e-05 
0.0459078 2.59007e-05 8.01157e-13 0.00308815 0.000305082 0.000127081 0.000437143 4.68795e-07 5.78602e-13 0.913257 5.65866e-05 1.2205e-09 6.51205e-05 0.0053176 0.00412336 0.00130662 0.000231252 0.00820966 1.7131e-06 0.00160507 0.0112956 0.000174691 0.00222886 0.00212081 7.37613e-10 7.78076e-09 8.90476e-05 2.54763e-05 
0.00917094 0.000388259 1.42784e-07 0.145814 0.0184404 0.000513981 0.0287373 0.00209349 0.00047932 0.600604 5.6003e-06 1.73365e-07 9.40673e-05 0.00219507 0.0711259 0.00078079 0.00442846 0.0226616 4.18364e-07 0.00311482 0.0351836 0.000122043 0.00730666 0.0230812 7.04105e-06 0.0229064 9.88467e-07 0.000743591 
5.77369e-05 2.13299e-05 3.41029e-08 0.0273322 0.000116379 2.22334e-07 0.000863859 0.0113236 5.56011e-06 0.792627 0.16449 3.16253e-12 1.84301e-05 0.000645522 0.000532923 0.000150593 9.70487e-06 0.000350944 1.54309e-07 1.30524e-10 6.64684e-05 4.70151e-06 0.000561101 3.03799e-05 4.39519e-06 0.000382691 1.01474e-05 0.000393743 
0.00111612 0.00010186 2.78542e-05 0.11433 0.0139757 0.000397106 0.0165481 0.0166615 9.47172e-05 0.735257 5.02766e-05 5.79404e-12 0.000245516 0.00253962 0.00774718 0.00218928 0.00596831 0.0102661 3.77653e-10 0.000249842 0.0143899 0.00399545 0.0380746 0.00353509 9.64915e-06 0.0114162 0.000554464 0.000258692 
2.22978e-09 2.97268e-06 2.3549e-10 0.0178845 2.04565e-05 2.42423e-12 0.000229065 0.00182147 2.06198e-12 0.979909 2.95685e-08 3.45594e-12 2.34911e-06 1.93346e-05 2.76802e-06 5.00832e-13 1.63296e-08 5.45146e-09 6.10017e-10 2.69202e-10 1.03857e-09 7.35278e-06 7.89429e-10 4.6185e-13 4.87197e-09 4.63478e-05 1.23107e-09 5.40544e-05 
0.0405801 0.00129304 9.59487e-05 0.067733 0.013075 2.2262e-08 0.00633452 6.57242e-08 9.00828e-08 0.357165 7.0022e-05 2.12211e-12 0.00040058 0.0517751 0.0352439 0.00734765 0.00108026 0.12562 8.39281e-06 0.000149241 0.00753503 0.00451629 0.125175 0.00448052 9.5257e-05 0.150039 7.28129e-05 0.000113814 
0.0267642 0.0001414 5.03369e-07 0.337842 0.00609475 3.25587e-05 0.00433289 5.98426e-06 7.51253e-11 0.360544 4.73581e-05 1.25912e-10 0.0243672 0.0706277 0.0224442 0.00728058 0.000600793 0.0876078 5.72934e-08 0.00541568 0.00771942 1.10497e-05 0.00247646 0.0202942 1.61797e-05 0.0121401 2.06805e-07 0.00319279 
0.000127207 0.00222415 3.58698e-10 0.052881 0.0124719 0.000192775 0.00271285 0.000317658 0.000140729 0.918018 9.75066e-06 1.15654e-09 0.0015345 0.000506397 0.00201829 0.00067868 0.000423704 5.11859e-05 9.22625e-09 0.000857329 0.000465516 0.0003099 0.000226017 3.032e-05 1.22539e-06 0.00378879 8.24205e-12 1.17801e-05 
0.00734867 0.00577113 5.86376e-05 0.190067 0.00155512 0.000177164 0.0100619 0.00267366 0.00340791 0.7024 0.0290735 1.24162e-06 0.000111581 0.00188506 0.00841266 0.000274167 0.000430874 0.0143304 1.2984e-06 0.000143195 0.000829866 1.42644e-05 0.00227968 0.00228002 3.57579e-06 0.00693061 5.58154e-05 0.00942056 
0.000326407 3.05108e-05 1.35267e-08 0.0301586 0.000547742 9.90892e-06 0.00752608 0.000683316 0.000321293 0.834546 0.109109 3.51883e-12 4.69787e-06 0.00131603 0.00420181 0.00211393 0.000231059 0.00150151 3.1806e-08 1.23472e-06 0.000975019 1.81985e-05 0.00331055 0.00204318 3.53541e-09 0.000905088 6.92302e-06 0.000112336 
0.0104521 0.00129324 8.55539e-05 0.0310386 0.00658905 0.00162448 0.00520502 0.000408871 0.000111227 0.770926 5.35071e-05 2.71874e-09 0.00020968 0.00599846 0.00743728 0.0102715 0.00717167 0.0118555 1.2203e-06 0.00229765 0.0607573 0.00777216 0.0324749 0.0029101 1.35963e-05 0.0220991 0.000752432 0.000189627 
0.000361977 0.00151261 9.07998e-06 0.120434 0.00835837 0.000209638 0.00483184 0.000650272 9.30309e-05 0.72941 2.8172e-06 7.48871e-09 0.000379328 0.000553387 0.00188916 0.000600049 0.00239476 0.00376625 4.17465e-07 0.000157811 0.00475933 0.0104348 0.0256612 0.000133751 8.12257e-06 0.0827203 1.05142e-06 0.000666402 
0.00460098 0.000628646 7.59968e-05 0.123707 0.00401584 0.000921992 0.00547632 0.00471025 0.0225724 0.69367 0.0478294 7.73643e-06 0.000811394 0.00885907 0.0120202 0.00532133 0.00498935 0.00705944 1.99266e-06 0.000647898 0.00852573 0.00164427 0.0160157 0.0024829 0.000187203 0.01596 0.0014155 0.00584152 
8.8197e-05 1.44207e-05 5.68835e-08 0.015506 0.000119637 6.61671e-07 0.000884974 8.97227e-05 1.66561e-05 0.49754 0.480073 1.49088e-12 1.73786e-05 0.000465215 0.00128026 0.000451723 4.32279e-08 0.000721829 1.35816e-07 5.33769e-13 0.000168231 7.93411e-07 0.0015777 9.11067e-05 3.16402e-09 0.000372629 2.4996e-05 0.000494092 
0.00295322 0.00601514 8.10521e-07 0.250955 0.00952472 0.000580374 0.00572918 0.000390542 0.000236259 0.493475 2.1911e-06 5.17813e-09 0.000656621 0.0008446 0.00408946 0.0128246 0.00610727 0.00724552 1.28191e-07 0.000162749 0.0094009 0.00144255 0.101478 0.000274816 9.9332e-06 0.0834904 0.00133115 0.000778164 
0.00449599 0.00100593 1.74263e-05 0.210137 0.0259022 0.00351378 0.0259094 0.00557054 0.000447182 0.536109 0.0170817 2.55045e-08 0.000796119 0.00224381 0.0110612 0.00338228 0.00250787 0.0170073 6.81787e-06 0.00036804 0.00732707 0.0013936 0.0361631 0.00263029 5.05398e-05 0.00728699 5.79331e-05 0.077527 
0.007126 2.94482e-07 4.47233e-07 0.0150254 5.18618e-08 7.63275e-05 0.0410132 2.71356e-07 0.000517116 0.917514 0.00257018 5.4135e-07 6.17094e-07 0.00220069 0.00583922 7.8452e-08 8.95635e-08 0.00106887 4.39195e-07 5.83389e-05 4.3393e-08 1.6472e-07 0.00223912 0.0011576 8.55266e-08 0.00110144 5.02232e-07 0.00248906 
0.000858682 6.0046e-05 1.43602e-05 0.243686 0.000238681 2.8196e-09 0.0081095 2.49604e-07 0.00461622 0.321647 0.315327 3.83878e-12 1.58122e-05 0.0059515 0.00721693 0.000188233 6.42293e-06 0.00317073 6.66772e-10 1.43702e-05 0.00120256 9.70849e-06 0.00227196 0.00188035 4.5999e-06 0.0034221 0.0260611 0.0540256 
0.0383363 0.000860003 1.10609e-05 0.122995 0.0173933 0.0020009 0.019601 0.0255638 0.00161201 0.272581 0.000321355 8.49325e-07 0.000668068 0.00730031 0.0216978 0.14234 0.0152071 0.0137798 2.51884e-05 0.00373112 0.142846 0.00995967 0.116812 0.00648579 6.32552e-05 0.0146723 2.64314e-05 0.00310988 
0.000438511 0.00139491 9.66223e-09 0.109916 0.0168451 0.000315252 0.0016961 0.000452139 3.9425e-07 0.807825 4.77113e-09 9.05584e-12 0.00983542 0.000532631 0.000841032 0.00265858 0.00257071 0.00290798 2.93784e-07 2.05551e-05 0.000542546 0.000265313 0.0220557 0.000405609 1.81154e-05 0.0180899 0.000274783 9.73784e-05 
8.8197e-05 1.44207e-05 5.68835e-08 0.015506 0.000119637 6.61671e-07 0.000884974 8.97227e-05 1.66561e-05 0.49754 0.480073 1.49088e-12 1.73786e-05 0.000465215 0.00128026 0.000451723 4.32279e-08 0.000721829 1.35816e-07 5.33769e-13 0.000168231 7.93411e-07 0.0015777 9.11067e-05 3.16402e-09 0.000372629 2.4996e-05 0.000494092 
0.00618017 4.19193e-06 2.40905e-08 0.143197 0.00016716 1.13951e-05 0.00516076 1.0275e-06 7.45402e-06 0.771918 6.81885e-09 1.57175e-08 0.000312903 0.00287068 0.0455073 0.00143769 0.000724131 0.00946216 2.74509e-09 0.000299061 0.000195816 2.31078e-05 0.00111087 0.00759902 1.82696e-06 0.0034434 9.89992e-09 0.00036526 
0.00378635 0.00351821 7.64956e-10 0.229407 0.0295833 0.0053634 0.00833538 0.0026855 0.0173881 0.410446 0.00109454 3.23147e-10 0.000488371 0.000644172 0.0056072 0.00240688 0.00137475 0.00437759 1.50219e-05 9.64367e-05 0.00817977 0.0009959 0.0225001 0.00184082 8.11009e-05 0.00412628 2.31676e-05 0.235635 
0.00278838 0.000865694 1.25654e-06 0.213151 0.0156543 0.00247376 0.012041 0.00384791 0.219023 0.405089 0.00135644 3.00268e-08 0.000280292 0.00290676 0.0071915 0.00183346 0.00101917 0.009809 1.50385e-06 0.000191913 0.00547364 0.00685421 0.0396638 0.000801031 5.67251e-05 0.0315661 1.38477e-05 0.0160446 
0.007003 0.00500558 1.00706e-05 0.191844 0.0491397 0.00104685 0.0241878 0.00115412 0.0309777 0.34445 7.00602e-05 7.88341e-07 0.000396256 0.010345 0.126536 0.0246128 0.0283777 0.01304 5.93893e-06 0.00112333 0.0165936 0.0045433 0.0200033 0.02716 6.99606e-05 0.0710638 0.000257628 0.000982628 
0.00142207 0.00424956 9.33053e-05 0.0471433 0.0183874 0.000246869 0.0107608 0.00189799 0.0120385 0.755118 2.94048e-05 5.85376e-07 0.000442628 0.000403412 0.0198516 0.0347836 0.00308305 0.0209111 0.000141469 0.000681439 0.0043396 0.00655164 0.00402458 0.00922415 1.83482e-05 0.0433765 2.01288e-05 0.000759313 
0.0459078 2.59007e-05 8.01157e-13 0.00308815 0.000305082 0.000127081 0.000437143 4.68795e-07 5.78602e-13 0.913257 5.65866e-05 1.2205e-09 6.51205e-05 0.0053176 0.00412336 0.00130662 0.000231252 0.00820966 1.7131e-06 0.00160507 0.0112956 0.000174691 0.00222886 0.00212081 7.37613e-10 7.78076e-09 8.90476e-05 2.54763e-05 
0.00648981 0.000183956 0.000103142 0.0245589 0.0142395 0.00704143 0.000886042 8.13096e-05 0.000289817 0.726991 2.55885e-05 1.08196e-08 1.19303e-05 0.0202374 0.0138865 0.00069575 0.00146874 0.0963343 2.40667e-05 7.76162e-05 0.0156425 0.000577673 0.0355778 0.00421494 3.70162e-05 0.0207903 2.12366e-06 0.00953046 
0.000127207 0.00222415 3.58698e-10 0.052881 0.0124719 0.000192775 0.00271285 0.000317658 0.000140729 0.918018 9.75066e-06 1.15654e-09 0.0015345 0.000506397 0.00201829 0.00067868 0.000423704 5.11859e-05 9.22625e-09 0.000857329 0.000465516 0.0003099 0.000226017 3.032e-05 1.22539e-06 0.00378879 8.24205e-12 1.17801e-05 
0.0238204 0.000214754 1.02797e-07 0.256299 0.0124998 5.1324e-06 0.00613584 0.000995187 5.91984e-07 0.505797 2.91258e-08 9.47973e-11 3.12086e-08 0.00760437 0.086282 0.00137684 0.00158595 0.0720013 1.17499e-08 0.00044067 0.000329047 9.3789e-05 0.000691038 0.0205741 7.80385e-06 0.0017743 1.9354e-05 0.00145111 
0.0418955 9.14285e-05 2.86229e-05 0.00639085 0.0077866 0.000926686 0.0129601 0.000102535 1.06504e-05 0.419848 0.000149827 1.37517e-07 7.13796e-05 0.00512364 0.0698824 0.0351257 0.00632861 0.0901454 8.52089e-07 0.00726167 0.221879 0.00702109 0.0503156 0.00463932 2.78554e-05 0.0117294 0.000235392 2.18202e-05 
0.000156668 2.76253e-05 3.01747e-09 0.39789 0.00476006 0.000679399 0.00637213 2.36543e-05 2.74111e-05 0.476082 7.84483e-09 1.70559e-06 0.000446203 0.00125073 0.033062 0.000205115 0.000287649 0.00247653 6.33556e-10 0.00270969 0.000876346 1.71783e-05 0.000919187 0.00322833 8.83206e-06 0.0622654 2.70008e-09 0.00622622 
0.00569306 5.33424e-05 8.12981e-10 0.279154 0.0165327 4.06013e-08 0.0156676 0.0648925 0.00179859 0.544275 5.33641e-05 4.7662e-11 1.00807e-05 0.00207374 0.00301146 0.000422568 0.00462261 0.0014696 5.45418e-09 0.000905557 0.00458356 0.00264801 0.0271877 0.00191058 3.40714e-05 0.0198588 1.26863e-06 0.00313976 
0.00204031 5.32578e-05 2.49168e-10 0.123191 0.0112846 1.81295e-08 0.00233167 0.0363927 1.26465e-07 0.761097 5.32301e-05 9.26718e-12 1.00113e-05 0.0027016 0.00301103 0.000422318 0.00095141 0.00146903 1.05333e-09 2.24239e-05 0.00458278 0.00264734 0.0271853 0.000239865 3.40311e-05 0.0198571 1.19888e-06 0.000420752 
0.0488166 7.68605e-06 3.81151e-09 0.00147829 8.5707e-05 2.28294e-05 0.000305648 3.68938e-07 4.19079e-09 0.881211 1.15681e-05 8.88578e-13 5.00736e-05 0.000995561 0.00490397 0.0229281 0.00267266 0.00128243 2.18491e-07 0.000401443 0.011212 9.77077e-05 0.0217367 0.000990796 2.35299e-10 0.000644564 0.000140253 3.54135e-06 
1.32357e-08 5.57525e-06 3.99045e-10 0.0234508 0.000517838 4.34115e-05 0.00062182 7.16513e-05 4.23093e-09 0.970266 6.81221e-07 1.31425e-09 0.000111984 0.00011699 0.0036862 0.000196409 0.000274216 1.31289e-08 1.43439e-09 4.53135e-05 9.4794e-07 8.43846e-09 9.73348e-05 1.19655e-08 2.99123e-07 0.000485117 5.461e-09 7.40283e-06 
1.32357e-08 5.57525e-06 3.99045e-10 0.0234508 0.000517838 4.34115e-05 0.00062182 7.16513e-05 4.23093e-09 0.970266 6.81221e-07 1.31425e-09 0.000111984 0.00011699 0.0036862 0.000196409 0.000274216 1.31289e-08 1.43439e-09 4.53135e-05 9.4794e-07 8.43846e-09 9.73348e-05 1.19655e-08 2.99123e-07 0.000485117 5.461e-09 7.40283e-06 
0.000466681 0.00525946 1.41521e-05 0.1487 0.00980587 0.000658112 0.0187994 0.000697736 0.000191954 0.75605 2.90718e-06 4.03128e-11 0.00266447 0.000741346 0.0064997 0.00288139 0.00293955 0.00593625 5.57323e-07 6.41715e-05 0.00378122 0.000564457 0.0165207 0.00399625 1.10161e-05 0.0108659 0.00106508 0.000822036 
0.00015139 0.00174297 2.46636e-08 0.0495972 0.00437911 0.000198209 0.00653334 0.00764447 0.00157307 0.912119 4.46245e-05 1.0173e-07 0.000349545 0.000265235 0.00238481 0.000279006 0.000489868 0.00413078 8.2373e-08 0.000287454 0.000325304 0.000106575 0.000692467 0.000545036 2.54124e-06 0.00572231 3.79949e-07 0.000435127 
0.00268419 0.00308332 0.000406461 0.134669 0.0367211 0.00162706 0.0192991 0.00310347 0.000432355 0.66537 3.13017e-05 2.23357e-06 0.000628732 0.00111144 0.00871827 0.00169155 0.0137921 0.0137655 0.00481784 0.00118173 0.00874968 0.0241182 0.0287422 0.00390524 1.64185e-05 0.0195876 0.000832506 0.000911083 
0.000379506 0.00232917 1.90575e-07 0.160685 0.0052099 0.00112541 0.00384757 0.00842577 0.000684183 0.704464 0.0017995 3.98144e-09 8.35512e-05 0.000266934 0.000824137 0.0019723 0.00132076 0.00235229 2.60142e-08 7.94464e-05 0.00260655 0.00722672 0.0142433 0.000162346 4.03321e-05 0.0793623 9.84172e-07 0.000507545 
0.00245648 0.00479852 0.000204065 0.163138 0.0254842 0.000292587 0.00998486 0.0013774 0.0101825 0.451733 0.0012417 1.25901e-08 0.000735152 0.00141469 0.0522741 0.0774426 0.00652738 0.0290435 0.000235531 0.000495188 0.0247314 0.0164635 0.0167736 0.0264597 2.99271e-05 0.0752228 0.00106593 0.000191311 
0.0147849 0.000677627 0.0396463 0.206597 0.0154842 0.00184591 0.00326618 3.62001e-05 0.00283823 0.474158 0.000661545 0.000420245 0.000307349 0.0143262 0.00608974 0.0137691 0.0403777 0.122612 4.98912e-06 0.00102788 0.00561268 0.000841389 0.0102557 0.000602073 3.60973e-05 0.0200046 0.00249913 0.0012179 
0.000105948 0.000769869 4.52326e-08 0.0567603 0.00119591 0.000180294 0.0152268 0.00119132 0.000747118 0.887836 1.06598e-05 8.70796e-09 0.000111209 0.00014405 0.00575198 0.00019799 0.000523554 0.0159894 3.29484e-10 0.000113926 0.000200623 6.31782e-06 0.00135726 0.00207309 8.20331e-07 0.00828785 1.29448e-06 0.00121644 
0.00723661 0.00333619 7.39694e-05 0.107072 0.0177663 0.00127824 0.00647424 0.00151008 0.00419845 0.72266 0.0027172 1.12974e-06 0.00977137 0.00460902 0.0148235 0.00390455 0.00192848 0.0099964 0.00838608 0.000883427 0.0168342 0.0017647 0.0245682 0.00392478 3.80094e-05 0.0123735 0.00748482 0.00438434 
0.00641944 0.00121008 0.00165437 0.25912 0.0684024 0.00938756 0.00532674 0.000905441 0.000318412 0.388508 0.000447858 5.88713e-06 0.0139569 0.0103248 0.0747809 0.00637485 0.00447999 0.0372994 1.42184e-05 0.0147234 0.0213495 0.00331151 0.0171052 0.017808 2.14416e-05 0.0350219 2.92615e-05 0.00169186 
0.00547177 4.18623e-05 1.15246e-05 0.0943722 0.000663302 7.35086e-05 0.00146847 0.000403352 7.18656e-06 0.482795 0.267288 3.96426e-09 0.000345051 0.0112865 0.0110069 0.000237077 0.000314313 0.0606766 4.11584e-07 0.000135988 0.00345296 8.12964e-05 0.0076514 0.00514012 4.78192e-06 0.00564501 2.1358e-05 0.0414043 
0.00685695 0.000329861 0.00247858 0.039719 0.00995612 0.00705224 0.00816625 0.00200459 0.000436989 0.783693 0.000295541 4.40777e-05 0.000168418 0.00303264 0.0202025 0.0646417 0.012066 9.62572e-09 1.38011e-08 0.00195827 0.0139858 0.00410397 0.00938083 0.0014532 3.29769e-05 0.00783183 0.000108999 2.87606e-08 
0.00473357 0.00508923 1.52416e-06 0.0246652 0.00374235 0.000442683 0.00143522 6.70435e-05 0.000267222 0.813648 1.18365e-05 7.76866e-09 0.000115332 0.0211481 0.00613745 0.0038851 0.00397166 0.0344497 2.74468e-06 0.000708352 0.00608567 0.00075343 0.0114052 0.00186212 1.00994e-05 0.0551382 2.63914e-05 0.000197055 
0.0621155 0.000585068 1.55067e-05 0.137288 0.0352073 0.00558635 0.0104264 0.020595 0.00103719 0.220001 0.0636541 8.1969e-07 0.000654423 0.00863227 0.132041 0.019141 0.0440288 0.0577801 9.00109e-06 0.00543413 0.0516526 0.00298621 0.0772953 0.024471 1.81061e-05 0.0186918 7.69504e-05 0.000574965 
0.00340486 6.01343e-06 2.60063e-06 0.0972186 0.000670038 9.98697e-06 0.000375635 2.59012e-05 2.23758e-06 0.693391 0.00917695 6.46404e-09 0.00107975 0.0112911 0.00634493 2.07074e-05 0.000416635 0.129031 6.40464e-08 0.000116357 0.00175996 4.01294e-05 0.00710247 0.00733456 1.81961e-06 0.009359 6.36294e-06 0.0218117 
0.0172272 0.000527332 9.09374e-13 0.0658937 0.00170074 1.33424e-08 0.0018904 0.000112428 1.71741e-05 0.821289 3.42235e-06 1.10075e-12 4.50577e-05 0.000427793 0.000373191 0.00118228 0.000124246 0.0034107 3.21366e-10 0.00207481 0.00277926 0.000983805 0.0370297 0.000875835 9.80657e-07 0.0419907 4.19844e-10 4.03176e-05 
0.00182088 0.00366851 3.13086e-06 0.389223 0.0077666 0.000103867 0.00593439 0.00613078 0.00249163 0.437609 0.0396423 2.85746e-10 8.24434e-05 0.00453478 0.0187732 0.00255394 0.00162022 0.00794288 3.42662e-08 0.000241935 0.00262964 0.00148316 0.0178168 0.0029828 3.09769e-05 0.0222875 0.0142669 0.00835788 
7.28321e-12 1.14852e-07 1.54374e-08 0.0515599 0.41308 2.39553e-07 3.10861e-07 3.36107e-07 0.0014506 0.503451 4.99472e-11 6.20802e-11 7.14739e-09 1.16701e-07 0.0015594 0.0118985 0.00037015 5.97893e-12 4.53791e-08 1.74922e-06 0.00331899 1.80965e-06 7.91615e-08 0.00807289 1.07985e-08 0.00523373 5.75943e-11 3.10102e-07 
0.0171979 3.77161e-05 7.78126e-06 0.197245 0.000829193 6.27526e-05 0.0105887 0.000516788 0.000292742 0.293362 0.00670462 0.00275417 0.00101803 0.0194982 0.0207526 0.00460216 0.0131295 0.255234 9.0709e-07 0.000948566 0.00923397 0.000642599 0.0239899 0.0797767 0.00147601 0.0217635 0.0024729 0.0158612 
0.00416642 0.0124194 6.48187e-08 0.0811283 0.00310895 0.000889957 0.00611212 0.00554626 0.000883868 0.826805 0.000474819 3.97749e-07 6.97593e-05 0.00326773 0.00389133 0.000934196 0.000819527 0.00886195 1.70636e-07 0.000297081 0.00401747 0.00142971 0.0089165 0.00158641 2.04648e-05 0.0235886 1.85934e-05 0.000745394 
0.00204031 5.32578e-05 2.49168e-10 0.123191 0.0112846 1.81295e-08 0.00233167 0.0363927 1.26465e-07 0.761097 5.32301e-05 9.26718e-12 1.00113e-05 0.0027016 0.00301103 0.000422318 0.00095141 0.00146903 1.05333e-09 2.24239e-05 0.00458278 0.00264734 0.0271853 0.000239865 3.40311e-05 0.0198571 1.19888e-06 0.000420752 
0.00340486 6.01343e-06 2.60063e-06 0.0972186 0.000670038 9.98697e-06 0.000375635 2.59012e-05 2.23758e-06 0.693391 0.00917695 6.46404e-09 0.00107975 0.0112911 0.00634493 2.07074e-05 0.000416635 0.129031 6.40464e-08 0.000116357 0.00175996 4.01294e-05 0.00710247 0.00733456 1.81961e-06 0.009359 6.36294e-06 0.0218117 
0.013816 6.55761e-05 8.47382e-05 0.0600075 0.0025859 0.00132263 0.00425731 0.000588425 9.0574e-05 0.743021 0.0352288 1.40329e-07 0.000182435 0.00513396 0.0113313 0.00929838 0.00311668 0.0153456 4.97802e-07 0.00151483 0.043515 0.00375753 0.0257123 0.00576321 9.23734e-06 0.010615 0.000619742 0.0030154 
0.0114099 0.00232253 1.45719e-05 0.168336 0.0499889 0.00235674 0.0211574 0.0114804 0.000502438 0.554402 0.00532771 4.29564e-05 0.000233042 0.0037649 0.0307782 0.0141646 0.0120348 0.0117137 1.84814e-06 0.00184552 0.0274149 0.00419079 0.0277596 0.0120875 6.57487e-05 0.0161328 5.19155e-05 0.0104182 
0.0728824 0.000313134 2.00518e-05 0.0553459 0.0536946 0.0210684 0.0116748 0.000404519 0.00160148 0.290248 5.84611e-05 9.03666e-07 0.00050236 0.00346609 0.0689381 0.234273 0.00591321 0.0336154 4.28828e-06 0.0180386 0.030105 0.00234562 0.0483511 0.0260262 1.058e-06 0.0209016 6.99541e-05 0.000136484 
0.00744813 0.000117906 1.55492e-05 0.0674873 0.016278 0.000739478 0.00400041 0.000101852 0.000108966 0.601173 0.00428964 5.45531e-05 0.000428529 0.00978094 0.0187502 0.00351652 0.00150323 0.0703862 2.57787e-05 0.000505433 0.0244148 0.000419934 0.129673 0.00513107 3.07902e-05 0.0124088 1.53777e-05 0.0211946 
0.000127207 0.00222415 3.58698e-10 0.052881 0.0124719 0.000192775 0.00271285 0.000317658 0.000140729 0.918018 9.75066e-06 1.15654e-09 0.0015345 0.000506397 0.00201829 0.00067868 0.000423704 5.11859e-05 9.22625e-09 0.000857329 0.000465516 0.0003099 0.000226017 3.032e-05 1.22539e-06 0.00378879 8.24205e-12 1.17801e-05 
0.00380263 5.19233e-05 9.32943e-07 0.382815 0.0109115 2.52626e-05 0.0230761 3.98331e-05 3.42484e-07 0.4908 2.25137e-06 7.28668e-08 6.17505e-06 0.00105574 0.0614733 0.000710344 0.000381476 0.0152181 1.07109e-07 0.000552835 0.000413727 7.9139e-06 0.00179988 0.00612391 1.52697e-05 0.000713316 1.4936e-06 2.67096e-07 
0.0279972 0.00345045 4.39148e-12 0.0272045 0.141913 9.09626e-08 0.0192529 0.000678429 0.00128927 0.302933 0.000647053 0.00263577 0.000340428 0.018237 0.0353227 0.0505306 0.00527623 0.057208 1.25296e-06 0.000361948 0.136085 0.00330197 0.159464 0.00456176 4.6521e-05 0.000995182 0.000232664 3.28275e-05 
0.000316475 0.000344904 1.54587e-06 0.0698472 0.000916072 8.47804e-05 0.00489359 0.00028193 0.000205518 0.890832 0.000203191 7.84349e-08 3.3829e-05 0.000569512 0.00696278 0.000176414 0.000234086 0.00756071 2.81902e-07 0.000128878 0.00113261 2.9078e-05 0.00172016 0.000905648 4.98218e-06 0.00477299 0.00751816 0.000322993 
0.0405801 0.00129304 9.59487e-05 0.067733 0.013075 2.2262e-08 0.00633452 6.57242e-08 9.00828e-08 0.357165 7.0022e-05 2.12211e-12 0.00040058 0.0517751 0.0352439 0.00734765 0.00108026 0.12562 8.39281e-06 0.000149241 0.00753503 0.00451629 0.125175 0.00448052 9.5257e-05 0.150039 7.28129e-05 0.000113814 
0.00340486 6.01343e-06 2.60063e-06 0.0972186 0.000670038 9.98697e-06 0.000375635 2.59012e-05 2.23758e-06 0.693391 0.00917695 6.46404e-09 0.00107975 0.0112911 0.00634493 2.07074e-05 0.000416635 0.129031 6.40464e-08 0.000116357 0.00175996 4.01294e-05 0.00710247 0.00733456 1.81961e-06 0.009359 6.36294e-06 0.0218117 
0.0115328 0.00300238 0.000117034 0.322162 0.0236619 0.00504516 0.0273603 0.00333204 0.00167715 0.365575 0.0194688 1.40471e-05 0.00147242 0.0171595 0.0318318 0.00760799 0.00521092 0.0255106 5.51647e-05 0.00436281 0.0156872 0.00568278 0.0434546 0.0101793 0.00144446 0.0407255 0.0012933 0.00537281 
0.0111811 7.37087e-05 4.97554e-08 0.0238133 0.00373796 1.65276e-05 0.00211343 0.00697491 0.000212849 0.299779 0.272689 6.08407e-11 9.46618e-06 0.0200089 0.0109176 0.0342096 0.00101523 0.0123852 1.59486e-05 5.12098e-08 0.0892036 0.00183422 0.195586 0.000855411 9.19053e-06 0.0119826 0.000128089 0.00124697 
