0.00694905 0.380546 0.00727661 0.0588909 0.014772 8.29154e-05 0.150322 0.0237312 0.0223476 0.0397995 0.000531042 0.0620578 0.0151376 0.0040878 0.00989991 0.103665 0.0896515 0.00173286 0.00851842 
0.000431944 0.228643 0.0066944 0.0226797 0.0193127 0.000384007 0.0390901 0.0285173 0.0491148 0.0319925 0.000448887 0.15084 0.0576093 0.00161815 0.000269707 0.137009 0.0272781 0.000669792 0.197397 
0.00090714 0.465225 0.00272788 0.0261472 0.0119245 0.000612377 0.24662 0.0186042 0.00638947 0.0144377 1.56505e-05 0.10728 0.0217495 0.00459427 0.000243894 0.0281227 0.0405534 1.20589e-05 0.00383269 
0.00528478 0.236465 0.00635763 0.032454 0.0136174 0.000185688 0.0536701 0.0565412 0.0678207 0.0389763 0.00158876 0.135274 0.0284368 0.00411074 0.000146884 0.236456 0.0467184 0.00785931 0.028037 
0.00309533 0.530006 0.00919768 0.0415729 0.0215799 0.000163146 0.0450527 0.0207301 0.0121238 0.0659413 0.00397714 0.111314 0.0152944 0.000274292 7.26952e-05 0.0697383 0.0489434 0.000198036 0.000725092 
7.30947e-05 0.464286 0.00555128 0.0244774 0.0810885 0.000137229 0.0127763 0.145686 0.0303806 0.0495525 0.000235916 0.0233978 0.00920691 0.00805341 0.000105224 0.116069 0.0250815 0.000111397 0.00373069 
0.00221239 0.164751 0.0208798 0.0507596 0.156154 0.000276557 0.110737 0.00991505 0.0912374 0.0940457 0.00142511 0.0551506 0.0125917 0.00710237 0.00182217 0.0779736 0.0740761 0.0290876 0.0398028 
0.000140026 0.282708 0.00316993 0.0569864 0.00888237 5.48553e-05 0.0030731 0.0715059 0.0453626 0.035122 0.000348489 0.0914501 0.0741205 0.00198738 2.95022e-05 0.0209338 0.0981171 1.00287e-05 0.205998 
0.000920519 0.242616 0.00242508 0.0653169 0.0109886 0.000557815 0.105491 0.0305514 0.0738274 0.0327086 0.000418746 0.0553548 0.137507 0.00173008 0.000135621 0.190387 0.0357926 0.000418497 0.0128525 
0.000999347 0.252838 0.0030205 0.0294405 0.00996683 0.000390512 0.177439 0.035498 0.0219528 0.0628358 0.000366633 0.0917394 0.00866938 0.00201219 0.000839976 0.214774 0.0692705 0.000641596 0.0173042 
0.00662794 0.329029 0.00735001 0.0496593 0.0106714 0.000286376 0.136025 0.0242829 0.101121 0.0279189 0.000474959 0.0471997 0.00883933 0.00455398 0.00023221 0.197564 0.0335021 0.00459115 0.0100713 
0.000510032 0.40147 0.00577227 0.0267237 0.0419869 0.000181986 0.0690845 0.0534354 0.0378744 0.0265011 2.76826e-05 0.0506528 0.00383559 0.000703942 0.000446687 0.165501 0.114548 0.000224821 0.000519302 
0.000996513 0.333421 0.00660461 0.038531 0.0268519 0.000450689 0.0365072 0.105559 0.015375 0.0354811 0.00822555 0.0658578 0.0182258 0.00400366 6.19671e-05 0.213074 0.0837889 0.00274696 0.00423654 
0.00225858 0.222813 0.0272059 0.060862 0.0589216 0.000139602 0.166409 0.0404145 0.0345326 0.0542406 0.00028189 0.0612854 0.021173 0.00439338 0.00281367 0.179115 0.0544196 0.000172221 0.00854855 
0.000465139 0.301217 0.00954945 0.0284442 0.0150732 7.74583e-05 0.0819889 0.117758 0.0530831 0.034037 0.000246393 0.0782823 0.00793919 0.00184338 0.000768637 0.188798 0.0551808 0.00012904 0.0251183 
0.00699122 0.227218 0.00563397 0.125391 0.0149326 0.000517489 0.0896053 0.0273398 0.064623 0.0383652 0.00123258 0.121393 0.0145702 0.00489211 0.000500479 0.182972 0.0588628 0.0105376 0.00442228 
0.000679599 0.294652 0.0109874 0.0545013 0.0326415 0.000210106 0.0943844 0.0411949 0.0438321 0.0497994 0.00040214 0.0340831 0.0138533 0.00227525 8.79487e-05 0.260836 0.0584395 0.00150637 0.00563321 
0.00453572 0.178094 0.0101278 0.0764051 0.0337552 0.000733708 0.0945148 0.0517971 0.0624469 0.070795 0.000549228 0.104015 0.0339326 0.00653544 0.00056927 0.168205 0.0752518 0.00476449 0.0229719 
0.000130417 0.602659 0.00893803 0.0216441 0.0178408 4.04584e-05 0.0180637 0.0434814 0.0181172 0.0288951 0.00572544 0.0797743 0.0243367 0.000499587 0.000198337 0.0928358 0.0292789 6.52096e-05 0.00747544 
8.07022e-06 0.266596 0.0135022 0.0230135 0.126842 5.01334e-06 0.0320024 0.098533 0.0320678 0.0570327 2.23769e-06 0.153113 0.0693754 0.00778596 0.000143174 0.0843778 0.0274334 1.96476e-05 0.00814655 
3.76868e-05 0.275673 0.0329874 0.0275714 0.0784662 4.71418e-05 0.0626786 0.103419 0.0118494 0.0493285 0.000814859 0.177735 0.043259 0.00710767 0.000131961 0.0693751 0.0551802 1.74418e-05 0.00432102 
1.83044e-05 0.385944 0.0103658 0.0449871 0.0183375 7.45773e-05 0.0247912 0.0886816 0.0222262 0.104711 0.0024122 0.117837 0.00845008 9.48067e-05 0.00019801 0.0585606 0.111492 1.20819e-05 0.000806518 
0.000444367 0.495984 0.045572 0.0180585 0.0599437 0.000928787 0.0976001 0.0456065 0.0218259 0.0276895 6.8287e-05 0.0313855 0.0127706 0.000176758 0.000554674 0.110968 0.0277156 0.000133961 0.00257302 
0.00122751 0.290319 0.0112085 0.0865961 0.168307 0.000396692 0.0513434 0.00591442 0.0276499 0.125521 0.000158744 0.0651468 0.0110143 0.00159048 0.000532527 0.105974 0.0399661 2.69297e-05 0.00710674 
0.00211729 0.210447 0.0128295 0.0355568 0.0247381 0.000132437 0.0453791 0.0941049 0.0336241 0.0705254 0.0016389 0.18012 0.0493575 0.0201926 0.000728828 0.106504 0.0784739 0.00493868 0.0285912 
0.00357588 0.280207 0.00655891 0.053018 0.0151597 0.000133548 0.0766896 0.0569142 0.0520333 0.0339131 0.000468891 0.0852504 0.0202222 0.00460085 0.000550205 0.242107 0.0500564 0.00746469 0.0110762 
0.00136324 0.383032 0.00865026 0.0456892 0.0222444 2.36092e-05 0.0531236 0.0131186 0.0227027 0.0310161 0.000150649 0.158542 0.0127113 0.00795052 0.000153622 0.172735 0.0312832 0.00547607 0.0300339 
0.00561653 0.241194 0.00803962 0.0411913 0.0168925 0.000193186 0.136427 0.116162 0.0709753 0.0549794 0.000324018 0.0379643 0.026766 0.0100289 0.000399053 0.174244 0.0470643 0.00104289 0.0104955 
0.00152326 0.240903 0.0236811 0.128204 0.0307842 0.000286182 0.0441831 0.0406385 0.0229221 0.0891095 0.065591 0.0601246 0.0305988 0.00549972 0.000482606 0.140389 0.0574172 0.00760342 0.0100583 
0.00637765 0.527415 0.0126631 0.0510903 0.0320543 0.000230617 0.0330757 0.0324012 0.0144113 0.0890434 0.00647665 0.0634695 0.0232953 0.000239241 0.000154036 0.0466928 0.0598528 0.000362193 0.000694848 
0.000484002 0.266228 0.0087314 0.0248223 0.035416 1.91108e-05 0.0235099 0.0332008 0.0102523 0.100247 0.00630959 0.14003 0.0655355 0.00116537 6.16379e-05 0.237255 0.0348476 0.000296616 0.0115878 
0.00470753 0.280215 0.0156002 0.0867347 0.0243629 0.00390436 0.0804286 0.0274535 0.0786475 0.0566271 0.000333979 0.109604 0.0284571 0.00278664 0.00119732 0.0888786 0.0682218 0.00636964 0.0354696 
0.00139943 0.245986 0.0127826 0.0289504 0.0298546 8.39487e-05 0.0378817 0.0478695 0.0384137 0.0757776 0.00536387 0.142581 0.10311 0.00317984 0.00107729 0.147903 0.0539205 0.00361624 0.0202484 
4.81037e-05 0.27967 0.0147716 0.0797568 0.00653239 6.67105e-05 0.0857558 0.0119253 0.0299201 0.0227271 0.00524121 0.152976 0.0228438 0.0864898 3.51469e-05 0.141896 0.0568812 1.88356e-05 0.00244435 
0.0119277 0.305191 0.00430566 0.0867991 0.0404153 0.0013849 0.0884713 0.0252988 0.055436 0.0329546 0.00297387 0.0566586 0.0431475 0.00479234 0.000856559 0.183182 0.0368989 0.00990218 0.00940375 
0.0158612 0.326288 0.0606916 0.020382 0.0271839 0.000567235 0.141422 0.0207626 0.0291293 0.0350717 0.000402896 0.136767 0.0382077 0.00220799 0.000406438 0.0724736 0.0414004 0.0120713 0.0187037 
0.00102754 0.263819 0.00564568 0.026844 0.0136208 0.000139059 0.0267643 0.0450824 0.0526382 0.0253697 0.00967067 0.149527 0.0406996 0.0058115 0.000235365 0.248848 0.0744834 0.00135034 0.00842331 
0.000852323 0.276665 0.0157371 0.0260693 0.0143682 0.000151743 0.0481662 0.0235162 0.0374467 0.0678941 0.000330221 0.128994 0.0404958 0.00122007 3.78374e-05 0.107043 0.206087 0.000366248 0.00455862 
0.000229202 0.352778 0.0153965 0.0267739 0.0419623 0.000248678 0.140747 0.0268537 0.0258033 0.0517114 0.000471837 0.0209243 0.00529373 0.0014657 0.00200262 0.220824 0.0612264 5.23758e-06 0.00528179 
0.022066 0.284412 0.0231826 0.0325519 0.013522 0.000437856 0.11621 0.0275348 0.0256139 0.0422525 0.000317637 0.104146 0.0347787 0.00228349 0.00016546 0.196776 0.0640471 0.00144165 0.00826175 
0.00178691 0.282606 0.00852586 0.0868039 0.0210472 0.000330566 0.209068 0.0155704 0.0164375 0.0532067 0.000238838 0.0912159 0.0161757 0.00129972 0.000122092 0.0932415 0.09799 0.00186015 0.00247249 
0.00140825 0.217987 0.0192476 0.0799484 0.017648 0.000177547 0.0680961 0.069543 0.0291036 0.0528525 0.0018803 0.145716 0.0815765 0.0036186 9.12968e-05 0.144505 0.0396581 0.00534451 0.0215984 
1.11484e-05 0.274376 0.000424944 0.0441609 0.00214031 8.43278e-06 0.0811672 0.0967337 0.0352777 0.0221077 0.00102951 0.0777575 0.0125259 0.000208627 2.30527e-06 0.254911 0.0805395 9.13725e-06 0.016608 
0.000107843 0.588656 0.00881552 0.0265178 0.017388 0.000242051 0.0215026 0.0429285 0.0171883 0.0265979 0.0049019 0.0820757 0.0259393 0.000404977 0.000237288 0.0992372 0.0313149 5.02914e-05 0.00589372 
0.00444066 0.339237 0.00413744 0.0693226 0.0228229 0.000640279 0.167338 0.0217664 0.0170854 0.0300664 0.000267612 0.0924452 0.0311471 0.00320465 0.000314552 0.0633491 0.127035 0.00058069 0.00479884 
0.00538655 0.147062 0.00869155 0.0583726 0.037476 0.00114934 0.0340286 0.099506 0.0570929 0.0681344 0.000719549 0.115662 0.137523 0.0194844 0.000838922 0.11644 0.0397292 0.00528074 0.0474228 
0.00293473 0.422559 0.00526024 0.0567261 0.00899683 0.000156438 0.0617064 0.0215682 0.0366517 0.0306006 0.000516778 0.0742167 0.0117836 0.00194602 0.000158036 0.178759 0.0746666 0.00143501 0.00935823 
0.00110438 0.219906 0.00335758 0.0690253 0.0264628 0.000450927 0.113122 0.0349029 0.0711757 0.0644534 0.00065141 0.0437597 0.0808689 0.0016192 0.000411669 0.203195 0.0382963 0.00713432 0.0201028 
0.00210411 0.305391 0.0229866 0.0335197 0.0242645 0.000108556 0.1414 0.0609739 0.0190145 0.0522062 0.000379372 0.0721903 0.0198618 0.00351602 0.000485664 0.163169 0.0659492 0.00240728 0.0100719 
0.000257332 0.316786 0.00986129 0.0393456 0.0493469 4.3727e-05 0.0690733 0.0697883 0.0247101 0.10865 0.000812402 0.0734327 0.0771345 0.00363431 0.000111032 0.077222 0.0684887 0.00594819 0.0053535 
0.000650023 0.266382 0.00703061 0.0376234 0.0213114 0.000357753 0.0755394 0.0390782 0.0199489 0.0663011 0.000827831 0.15707 0.0567001 0.00610628 0.000497803 0.169362 0.0421396 0.00139496 0.0316789 
1.48437e-05 0.356345 0.00596835 0.0257012 0.0110124 6.7553e-05 0.0354022 0.0517868 0.0259255 0.0396141 1.38884e-05 0.13477 0.13494 0.000105244 6.28321e-06 0.0198133 0.131947 0.000735208 0.0258304 
0.000107843 0.588656 0.00881552 0.0265178 0.017388 0.000242051 0.0215026 0.0429285 0.0171883 0.0265979 0.0049019 0.0820757 0.0259393 0.000404977 0.000237288 0.0992372 0.0313149 5.02914e-05 0.00589372 
0.00309533 0.530006 0.00919768 0.0415729 0.0215799 0.000163146 0.0450527 0.0207301 0.0121238 0.0659413 0.00397714 0.111314 0.0152944 0.000274292 7.26952e-05 0.0697383 0.0489434 0.000198036 0.000725092 
0.00103791 0.183168 0.0105613 0.0735214 0.0161342 0.000131499 0.0323191 0.0432992 0.0703946 0.0362741 0.00182127 0.134485 0.143545 0.034936 8.00601e-05 0.0763322 0.0151694 0.0210519 0.105738 
1.27607e-05 0.477461 0.00604384 0.0319663 0.0101783 8.84235e-05 0.0461084 0.0274928 0.0141288 0.0586123 0.00252767 0.170614 0.00664144 0.000220637 4.25313e-05 0.0907443 0.056297 9.90648e-06 0.000810313 
0.0182586 0.202958 0.0112321 0.116914 0.0479892 0.000222178 0.173999 0.0381541 0.0382703 0.0704753 0.00143429 0.0455765 0.0110656 0.00187089 4.22522e-05 0.15512 0.0562352 1.89354e-05 0.0101642 
0.00982011 0.357186 0.00346327 0.0590314 0.0207972 0.00120007 0.147091 0.0349909 0.011855 0.0519127 0.000909991 0.0541756 0.00829407 0.0125874 0.000389933 0.162187 0.0597064 0.00210046 0.0023019 
0.00134302 0.388154 0.011835 0.041072 0.0138023 0.000184436 0.0894886 0.0509492 0.0283423 0.0520621 0.0024769 0.0787287 0.0151619 0.00134705 0.000236795 0.159909 0.0606668 0.000849277 0.00339034 
0.00291566 0.31887 0.00419288 0.0286371 0.0108996 0.000234379 0.0563538 0.0327677 0.0348955 0.0278254 0.00279318 0.192022 0.0433282 0.00491816 0.000489374 0.169786 0.0458622 0.00289748 0.0203113 
0.000640075 0.25763 0.00575123 0.0136509 0.0409314 0.000328811 0.0124665 0.0947093 0.0276021 0.1571 0.0844022 0.039713 0.0338256 0.00107191 0.000729538 0.201941 0.0153073 0.000212923 0.011987 
0.00594911 0.160693 0.0141621 0.153023 0.0230338 0.00297675 0.0978483 0.0333225 0.0303113 0.128834 0.00171996 0.0559832 0.0878343 0.0106454 0.00171198 0.132244 0.0449347 0.00156328 0.0132105 
0.00121732 0.438346 0.00682852 0.0154862 0.019262 5.48107e-05 0.0214468 0.0323035 0.0253449 0.0504778 0.00223209 0.113512 0.0259558 0.0103945 0.000352698 0.120608 0.0820056 0.000642708 0.0335287 
0.000215662 0.413236 0.00557609 0.0302073 0.0106623 0.00199782 0.0443302 0.0607808 0.0285276 0.052645 0.00286283 0.118882 0.0411134 0.00268387 0.000407567 0.136038 0.0435668 0.000264955 0.00600238 
0.000215662 0.413236 0.00557609 0.0302073 0.0106623 0.00199782 0.0443302 0.0607808 0.0285276 0.052645 0.00286283 0.118882 0.0411134 0.00268387 0.000407567 0.136038 0.0435668 0.000264955 0.00600238 
0.00045703 0.240044 0.0116297 0.109589 0.0215352 0.000216762 0.0244555 0.0128654 0.0580823 0.0881703 0.00373486 0.0989422 0.0501028 0.00309471 0.000390107 0.11521 0.0609986 0.00108469 0.0993967 
0.00119778 0.167889 0.0117133 0.136581 0.0255052 0.000213274 0.0877856 0.0412844 0.0458477 0.115348 0.00129221 0.096786 0.0109799 0.00170517 7.90842e-05 0.0870542 0.161503 0.000712414 0.00652357 
0.00169472 0.198117 0.010899 0.0356974 0.0238033 0.000159132 0.0433575 0.0716751 0.048719 0.0485315 0.00469233 0.198065 0.0899227 0.00542422 0.000801212 0.127987 0.0597955 0.00374067 0.0269177 
0.000480753 0.328299 0.00885052 0.0374595 0.0882101 0.000143436 0.0897613 0.0409338 0.0227996 0.0673931 0.000357245 0.0725452 0.0187017 0.00426562 0.00531162 0.151291 0.0538695 0.000100522 0.00922684 
0.0161098 0.37579 0.0376926 0.0454252 0.0346521 0.000488543 0.1064 0.0213135 0.0160411 0.0345164 0.000494873 0.105714 0.0348902 0.001305 8.7627e-05 0.0936553 0.0473577 0.0226742 0.00539166 
6.12111e-05 0.322149 0.00644099 0.0114892 0.0187611 0.000414574 0.0144766 0.0254399 0.00949286 0.0334022 0.00133497 0.239732 0.0286012 0.00339597 0.000171961 0.248083 0.0296639 0.000164963 0.00672374 
0.000271083 0.394679 0.0149909 0.0171979 0.0229861 7.90226e-05 0.0478182 0.0237123 0.00555218 0.0458942 0.000570087 0.167004 0.106469 0.00165632 1.93355e-05 0.0407091 0.0992356 0.00535655 0.0057988 
0.00480041 0.365662 0.00229363 0.0899642 0.0122544 0.000268075 0.136347 0.0775331 0.100675 0.024576 0.000398505 0.0425184 0.00613926 0.00347203 0.000308178 0.103126 0.0236113 2.02649e-05 0.00603229 
0.000904466 0.257098 0.00487192 0.0653132 0.00515167 0.000119665 0.0718108 0.101235 0.0326048 0.0929739 0.000840755 0.111756 0.0113331 0.000622201 3.00497e-05 0.119526 0.119899 2.71565e-05 0.0038825 
0.00704309 0.223627 0.00805812 0.127027 0.133261 0.000404162 0.203745 0.0636859 0.0134076 0.0656886 0.000499696 0.02396 0.0101676 0.0220158 0.000262674 0.0341911 0.0581795 0.0010326 0.00374347 
0.000162481 0.294687 0.00421269 0.0299342 0.0237857 0.00022582 0.0518706 0.0533007 0.0112793 0.0523291 0.00081391 0.277119 0.0177116 0.00110166 9.54379e-05 0.139871 0.0344621 0.000176981 0.00686118 
0.00465146 0.313363 0.00537214 0.040101 0.00897369 0.000127288 0.120433 0.0231933 0.102561 0.0225237 0.000687216 0.0747242 0.0172713 0.0034258 0.000271609 0.145597 0.0770563 0.0128653 0.0268016 
0.000481456 0.399693 0.00465855 0.0168494 0.012195 0.000212139 0.0512722 0.0281064 0.0240177 0.0199846 0.00697101 0.154184 0.0697555 0.00540077 0.000320959 0.110732 0.0623727 0.0223435 0.0104496 
0.00216786 0.179093 0.00821292 0.0484499 0.0256564 0.00034507 0.0878581 0.0418718 0.0232735 0.0497222 0.000321591 0.162815 0.0136781 0.0113475 0.00137114 0.164487 0.147056 0.00518777 0.027084 
0.0093332 0.206999 0.0332596 0.0530245 0.0224347 2.85776e-05 0.0539787 0.125455 0.110926 0.0641071 0.000545285 0.0736713 0.0206085 0.00336814 0.000279211 0.140401 0.0437304 0.0152758 0.0225746 
0.00321714 0.308819 0.00908552 0.0630705 0.0490841 0.00016065 0.0612108 0.0251101 0.0415042 0.0521108 0.000986288 0.0904674 0.0813802 0.00950386 0.0006028 0.162815 0.0214862 0.00100654 0.0183794 
0.00518303 0.593695 0.00756279 0.036505 0.0194609 9.75337e-05 0.0513229 0.00625855 0.0079282 0.0481854 0.00571093 0.101401 0.0163416 0.000227339 2.54948e-05 0.0694527 0.0296686 0.000316524 0.000656151 
0.000965351 0.363158 0.0166328 0.0692189 0.0172179 0.000285443 0.118463 0.0323857 0.0274264 0.0509852 0.00255524 0.0637748 0.0162527 0.00112834 0.000508042 0.146624 0.0679771 0.000977157 0.00346406 
0.00331171 0.136869 0.00796705 0.0607731 0.0196505 0.00022592 0.0675762 0.123265 0.0514231 0.0639016 0.00573254 0.108343 0.04869 0.00558049 0.0002255 0.134502 0.0614292 0.0353151 0.0652191 
0.00472935 0.217369 0.00821607 0.0545434 0.0286034 0.000582079 0.154708 0.0294973 0.0509829 0.039783 0.000808612 0.0850863 0.0581904 0.00420643 0.000991801 0.208231 0.0367409 0.00286649 0.0138636 
0.000208477 0.51765 0.00136584 0.0502433 0.0213031 4.40605e-05 0.0825707 0.0316761 0.0248348 0.0270945 0.000186653 0.0514777 0.00657095 0.00115639 0.000203274 0.120071 0.0469746 0.00209581 0.0142733 
0.00518303 0.593695 0.00756279 0.036505 0.0194609 9.75337e-05 0.0513229 0.00625855 0.0079282 0.0481854 0.00571093 0.101401 0.0163416 0.000227339 2.54948e-05 0.0694527 0.0296686 0.000316524 0.000656151 
0.00419424 0.211521 0.0117903 0.0672783 0.0173907 0.000396119 0.0707748 0.143663 0.0556299 0.0517528 0.00300489 0.0639193 0.0578991 0.0034217 0.00141585 0.163309 0.0608242 0.00440531 0.00740956 
0.000707549 0.367049 0.0069036 0.0183887 0.0592024 7.79528e-05 0.0501898 0.036737 0.018125 0.0281049 0.000762694 0.12259 0.0810186 0.00916588 0.000772269 0.153505 0.0229173 0.00190791 0.0218741 
0.00025147 0.33553 0.0500013 0.0554271 0.0206205 0.000327213 0.118967 0.0361771 0.0243651 0.0627749 0.00174861 0.0522952 0.022079 0.00167453 0.00167901 0.132102 0.0733671 0.0049808 0.00563173 
0.001407 0.346791 0.00762426 0.0464204 0.0166207 0.000166458 0.0770074 0.0706271 0.0287438 0.0728516 0.0069344 0.0791018 0.0155375 0.00199512 0.000233438 0.173915 0.0502319 0.000205969 0.00358512 
1.75524e-05 0.239866 0.00545019 0.0204383 0.0214305 0.00111092 0.175648 0.204221 0.00347739 0.0423598 4.52662e-05 0.0808072 0.0246781 0.00715401 5.68227e-05 0.0713145 0.0918645 0.00823408 0.00182624 
1.27607e-05 0.477461 0.00604384 0.0319663 0.0101783 8.84235e-05 0.0461084 0.0274928 0.0141288 0.0586123 0.00252767 0.170614 0.00664144 0.000220637 4.25313e-05 0.0907443 0.056297 9.90648e-06 0.000810313 
9.51605e-06 0.643686 0.00176307 0.04762 0.0159786 1.83266e-05 0.0260566 0.0525228 0.0142677 0.039088 0.000296801 0.053889 0.00636592 0.00260737 0.000637322 0.054923 0.0348879 2.96593e-06 0.00537923 
0.00309533 0.530006 0.00919768 0.0415729 0.0215799 0.000163146 0.0450527 0.0207301 0.0121238 0.0659413 0.00397714 0.111314 0.0152944 0.000274292 7.26952e-05 0.0697383 0.0489434 0.000198036 0.000725092 
0.00860093 0.254142 0.00178808 0.18839 0.0217 5.77746e-06 0.0481899 0.00709688 0.0203361 0.110327 0.0214058 0.0805307 0.0403675 0.00199293 2.08865e-06 0.108526 0.0497963 4.86006e-05 0.0367539 
0.000911341 0.400386 0.0182496 0.0224915 0.038938 0.000273558 0.067111 0.0233157 0.00838396 0.0400294 0.000941995 0.13938 0.109402 0.00185795 0.000128014 0.0585731 0.0601909 0.000426063 0.00900957 
0.00100514 0.263802 0.0175068 0.0245751 0.0250796 0.000713644 0.0595438 0.0755815 0.0125625 0.0508715 0.000146507 0.144671 0.0601437 0.0144093 0.000497262 0.0867106 0.141773 0.0036325 0.0167753 
0.00529534 0.280968 0.0131362 0.050724 0.0107246 0.000153515 0.132473 0.0295535 0.0476178 0.0316051 0.00119551 0.0787657 0.0241867 0.00287335 0.000231169 0.185941 0.0844823 0.00782291 0.012249 
0.0176249 0.618089 0.0127807 0.050445 0.0382646 0.000125794 0.0358452 0.0073736 0.00745335 0.0724418 0.00523187 0.0328384 0.0340152 0.000140768 8.27044e-05 0.035185 0.0308385 0.000678301 0.000545032 
0.000444497 0.338859 0.0148905 0.0104428 0.0771576 0.000407056 0.0198187 0.161133 0.0336367 0.0604638 0.000642309 0.125153 0.025529 0.000829983 0.000381287 0.0695771 0.0548449 0.000539137 0.00524859 
0.000248858 0.244442 0.00569923 0.0551194 0.0653134 0.000686441 0.0790886 0.0305133 0.0464388 0.0411959 0.000866481 0.219021 0.0445724 0.00533872 0.000709324 0.102209 0.041055 0.00159974 0.0158826 
0.0136349 0.392946 0.00421806 0.0505954 0.00689609 8.4839e-05 0.157607 0.0147155 0.0236799 0.0244002 6.26857e-05 0.0796938 0.0172654 0.00348266 0.000164401 0.151046 0.0367863 0.00538693 0.0173336 
1.27607e-05 0.477461 0.00604384 0.0319663 0.0101783 8.84235e-05 0.0461084 0.0274928 0.0141288 0.0586123 0.00252767 0.170614 0.00664144 0.000220637 4.25313e-05 0.0907443 0.056297 9.90648e-06 0.000810313 
0.000127398 0.223019 0.00860422 0.0202686 0.01706 0.000199579 0.0180381 0.124698 0.0560227 0.0305391 0.000478949 0.175761 0.0502493 0.000983143 0.000115365 0.172263 0.0979716 0.000155398 0.00344507 
0.000666089 0.351068 0.00187417 0.098434 0.00892629 0.000102827 0.0284309 0.0346335 0.0591724 0.0255867 0.000346516 0.0384216 0.0235 0.210475 0.000189991 0.0217485 0.0690351 7.66379e-05 0.0273122 
0.00221916 0.150139 0.00327604 0.0955377 0.0283643 0.0113375 0.120442 0.0490494 0.136831 0.043687 0.00139136 0.0969106 0.0696548 0.00659256 0.0026348 0.106527 0.0501575 0.00479979 0.0204481 
0.00791638 0.503901 0.00181288 0.0755493 0.0708657 0.000369079 0.063224 0.0217613 0.0174014 0.0523937 0.000516062 0.0457048 0.00719433 0.000377851 0.00153904 0.0496119 0.0745335 0.00409006 0.00123792 
0.00154451 0.236361 0.0156516 0.050607 0.0221676 0.000122299 0.083845 0.0574359 0.0289455 0.0551514 0.000451644 0.189671 0.0360179 0.00398928 0.000213961 0.142416 0.0558378 0.00547353 0.0140962 
0.000215662 0.413236 0.00557609 0.0302073 0.0106623 0.00199782 0.0443302 0.0607808 0.0285276 0.052645 0.00286283 0.118882 0.0411134 0.00268387 0.000407567 0.136038 0.0435668 0.000264955 0.00600238 
0.0049178 0.207308 0.00476468 0.0255279 0.0283411 8.70331e-05 0.0324865 0.133363 0.0173597 0.0714583 0.0015921 0.203649 0.0781519 0.00322669 9.7885e-05 0.111963 0.0515877 0.000755835 0.0233625 
0.000329572 0.340917 0.00406418 0.145335 0.0133472 0.000588159 0.164206 0.00250074 0.00720175 0.0208135 0.000901757 0.0220522 0.00206405 0.000324012 4.77575e-07 0.240007 0.0325234 0.000137367 0.0026874 
4.82475e-07 0.239397 0.00429353 0.154266 0.00038973 4.784e-06 0.220569 0.0379394 0.00212006 0.00334588 6.35745e-07 0.0619765 0.061513 0.00050493 7.58545e-05 0.106916 0.102879 3.04453e-06 0.00380396 
0.00309533 0.530006 0.00919768 0.0415729 0.0215799 0.000163146 0.0450527 0.0207301 0.0121238 0.0659413 0.00397714 0.111314 0.0152944 0.000274292 7.26952e-05 0.0697383 0.0489434 0.000198036 0.000725092 
0.0298645 0.24488 0.0198845 0.0858175 0.02064 7.33703e-05 0.0553057 0.027221 0.0845456 0.0424999 0.000715844 0.0891357 0.0162182 0.108156 0.000495962 0.100436 0.0388838 0.0079433 0.0272832 
0.00334714 0.219768 0.0088014 0.0218026 0.0184565 0.000494865 0.152069 0.0502369 0.0435645 0.0408739 0.00273339 0.129467 0.0305299 0.00468473 0.000319762 0.209485 0.0481428 0.00210493 0.0131177 
0.0013239 0.173097 0.00462413 0.0991133 0.0119968 0.00129553 0.135994 0.023972 0.0191221 0.113415 0.000365026 0.0389706 0.0823638 0.00326894 0.000203864 0.149173 0.137869 0.00251905 0.00131285 
0.0156902 0.209418 0.0285455 0.106058 0.0279236 0.000102552 0.161329 0.0227263 0.0220852 0.048706 1.74026e-05 0.116678 0.0495572 0.00429917 0.000258022 0.0785747 0.0967151 0.000190278 0.0111253 
0.000576295 0.405219 0.00629656 0.0537636 0.0244208 0.00589539 0.0243613 0.0579219 0.0260086 0.0365671 0.00445312 0.157489 0.0367721 0.00502516 0.000154935 0.101052 0.0466526 7.93438e-05 0.00729133 
0.00772682 0.229412 0.00948603 0.0570979 0.0257271 0.000937519 0.0903512 0.0239822 0.0421036 0.0357177 0.00037825 0.073475 0.0521302 0.00154202 0.000278674 0.124714 0.214254 0.000884012 0.00980177 
0.00505758 0.180489 0.00256356 0.0321199 0.0262576 0.000292438 0.054898 0.122932 0.041234 0.0567568 0.00032772 0.159703 0.145907 0.000448804 4.26878e-05 0.0978966 0.0523808 0.00876579 0.011927 
1.83044e-05 0.385944 0.0103658 0.0449871 0.0183375 7.45773e-05 0.0247912 0.0886816 0.0222262 0.104711 0.0024122 0.117837 0.00845008 9.48067e-05 0.00019801 0.0585606 0.111492 1.20819e-05 0.000806518 
0.000222341 0.399788 0.00877328 0.0617451 0.0936946 0.000313705 0.0294821 0.0168846 0.0788239 0.0415849 0.000225004 0.0932164 0.0133664 0.00289412 0.00335192 0.123704 0.020974 0.000595709 0.0103593 
0.000414303 0.661674 0.00350844 0.00410801 0.00876418 0.000137613 0.00547955 0.0389802 0.0039145 0.0283685 0.000122335 0.0791643 0.0495138 0.00108303 0.00062574 0.0882658 0.0139546 0.00142789 0.0104932 
0.00154779 0.292913 0.00981752 0.0391926 0.015235 0.000126054 0.0776386 0.0299088 0.0198129 0.0462023 0.00841548 0.100725 0.0410351 0.00258275 0.000197229 0.237923 0.0609383 0.00192399 0.0138646 
0.00443092 0.305283 0.0447529 0.0223656 0.0216408 3.76973e-05 0.0764932 0.0310334 0.0116473 0.1382 0.00139442 0.0956034 0.165334 0.00036359 4.25227e-05 0.037063 0.0302508 0.000901794 0.0131626 
0.000183494 0.286837 0.0339199 0.0283468 0.0300503 0.000132381 0.0449322 0.0288301 0.0173937 0.0544387 6.16649e-05 0.199772 0.118072 0.00124704 0.000229804 0.060291 0.0840635 0.000154859 0.0110425 
0.0132351 0.281255 0.00441908 0.110338 0.0153349 0.000106131 0.0733028 0.0466146 0.0389738 0.0384688 0.00153131 0.0327333 0.0187805 0.00358256 3.6258e-05 0.17339 0.139323 0.00315191 0.00542401 
0.000737226 0.438646 0.00636573 0.0449754 0.0496049 0.000437894 0.0396372 0.0441025 0.0155609 0.0565636 0.00219829 0.0764732 0.0108153 0.00368544 0.00147917 0.134025 0.064866 0.000681699 0.00914462 
0.00663108 0.231521 0.00573188 0.0623873 0.0166634 0.000274526 0.0789791 0.0228424 0.0945112 0.014659 0.000258394 0.176677 0.0275566 0.00651475 0.00132913 0.198627 0.0126781 0.0206042 0.0215529 
0.000188063 0.591656 0.00758683 0.0183094 0.0279255 4.0835e-05 0.0342141 0.0392507 0.00750437 0.0264916 0.000291083 0.113667 0.0126078 0.00167021 0.000222686 0.0691895 0.0284449 6.54143e-06 0.0207327 
0.000648319 0.33662 0.00749885 0.0769497 0.0399683 0.000345834 0.0370256 0.0289887 0.030922 0.0868723 0.00274012 0.072559 0.0978546 0.00246403 0.000128952 0.126273 0.0266405 0.00387614 0.0216234 
0.00544832 0.254538 0.00942506 0.0265904 0.0301542 0.000283542 0.0740875 0.101153 0.0331935 0.0396429 0.000858957 0.0978227 0.0246951 0.00196566 0.000261283 0.180381 0.109688 0.000588033 0.00922214 
0.0133814 0.224304 0.0128722 0.0849559 0.0205379 0.000518636 0.0958606 0.0200671 0.0465503 0.0427273 0.00100988 0.123436 0.0375345 0.00472706 0.000449793 0.199797 0.0308905 0.00419836 0.0361817 
0.00057358 0.253908 0.00772731 0.0138161 0.0323104 5.07019e-05 0.0937354 0.13303 0.0289169 0.180404 0.00428896 0.0640728 0.0181438 0.0011012 0.000174815 0.133196 0.0317783 3.74368e-05 0.00273335 
0.00632743 0.186504 0.00799223 0.0453909 0.0313801 0.00031087 0.101738 0.0467579 0.0715523 0.049021 0.00119317 0.0974076 0.0488877 0.0062601 0.00230047 0.183631 0.0384684 0.0341029 0.0407737 
0.000215662 0.413236 0.00557609 0.0302073 0.0106623 0.00199782 0.0443302 0.0607808 0.0285276 0.052645 0.00286283 0.118882 0.0411134 0.00268387 0.000407567 0.136038 0.0435668 0.000264955 0.00600238 
1.08622e-05 0.597521 0.00430727 0.0236117 0.0178759 0.000137034 0.0560565 0.0120588 0.00303872 0.0535017 0.000990518 0.108542 0.00361161 7.03355e-05 1.27151e-05 0.0895045 0.0276835 8.46973e-06 0.0014566 
7.76355e-05 0.257201 0.00401962 0.030995 0.011054 0.000388689 0.069586 0.0586901 0.0209106 0.140846 0.000681492 0.0745613 0.0602877 0.00339731 0.000253765 0.1774 0.0229347 0.00057852 0.0661372 
0.0154995 0.381497 0.0084201 0.0547905 0.0307559 0.000189558 0.087518 0.019783 0.0255008 0.0506552 0.00217606 0.0552735 0.0139206 0.00129423 0.000163386 0.197855 0.0524271 0.000612898 0.00166743 
0.00562445 0.35884 0.00457727 0.057735 0.0197825 0.00046603 0.120292 0.0341526 0.0698825 0.0473234 0.00136199 0.0872389 0.0205351 0.00118872 0.000288315 0.110666 0.0439104 0.00020017 0.0159344 
0.0213263 0.427149 0.00226587 0.131533 0.044535 0.000200264 0.0636066 0.0346533 0.0377533 0.0265221 0.00124922 0.0274592 0.0102204 0.00283896 0.000558417 0.131483 0.0249764 0.00018644 0.0114846 
0.000883417 0.339526 0.00264695 0.0730568 0.0167311 0.000236159 0.0907743 0.0183234 0.0902399 0.0500692 0.000326654 0.101873 0.0280106 0.00301565 0.000344878 0.129863 0.0502124 0.00014593 0.00372031 
0.00697665 0.213604 0.0179874 0.0579982 0.0112937 0.000176417 0.178256 0.0281983 0.05488 0.026401 0.000863306 0.15756 0.0191662 0.00368604 0.000251286 0.137494 0.0608808 0.0103822 0.0139447 
0.000920519 0.242616 0.00242508 0.0653169 0.0109886 0.000557815 0.105491 0.0305514 0.0738274 0.0327086 0.000418746 0.0553548 0.137507 0.00173008 0.000135621 0.190387 0.0357926 0.000418497 0.0128525 
0.000304963 0.561841 0.00340101 0.0143123 0.0193785 0.000674048 0.0951029 0.0270628 0.00626455 0.0183874 0.000110448 0.134721 0.0390302 0.00402891 0.000545627 0.0259824 0.0460463 0.000147474 0.00265808 
0.000851874 0.185726 0.00847239 0.0511602 0.0399328 0.000170842 0.0245847 0.158416 0.0157674 0.0699917 0.000785703 0.0615764 0.0466533 0.00295698 0.000385472 0.179501 0.13441 0.00419285 0.0144636 
0.00130111 0.197152 0.00734651 0.0766368 0.0330618 0.000273376 0.0717255 0.0137975 0.0740409 0.071132 0.00144248 0.175023 0.0730704 0.00535314 0.00963137 0.104495 0.0664817 0.00093726 0.0170984 
0.00548753 0.172459 0.0677604 0.0602706 0.0454395 5.88585e-05 0.0446851 0.0514764 0.0157884 0.121193 0.000780113 0.163159 0.0315879 0.00246823 0.00108797 0.0943186 0.110136 0.000349697 0.0114928 
0.00229659 0.199988 0.00599644 0.0537914 0.044188 0.000429605 0.0787898 0.0342136 0.0299919 0.0772774 0.00159017 0.103045 0.0250512 0.0307218 5.98433e-05 0.176682 0.107129 0.000167285 0.0285906 
0.000221945 0.182606 0.00830361 0.0736846 0.0461135 4.0239e-06 0.0454181 0.0363981 0.0406428 0.17105 0.00222099 0.163498 0.0348907 0.000480635 2.70189e-05 0.0892168 0.103005 0.000189098 0.00202899 
0.0018242 0.244667 0.0291487 0.0636037 0.0229388 0.000137488 0.178719 0.0421501 0.0466577 0.0438796 0.0002889 0.0514934 0.0168581 0.00183705 0.00354625 0.184874 0.0601007 0.000125909 0.00714884 
0.000304963 0.561841 0.00340101 0.0143123 0.0193785 0.000674048 0.0951029 0.0270628 0.00626455 0.0183874 0.000110448 0.134721 0.0390302 0.00402891 0.000545627 0.0259824 0.0460463 0.000147474 0.00265808 
0.00397729 0.268443 0.00476349 0.122901 0.0354012 3.67802e-05 0.0559285 0.0540245 0.0847471 0.0737537 0.000831864 0.0443083 0.0066776 0.00155823 3.00878e-05 0.0957912 0.13814 0.000153475 0.00853284 
1.05243e-05 0.353363 0.00296894 0.016292 0.000960866 3.61037e-06 0.00260566 0.00681388 0.00458911 0.051236 1.18502e-05 0.0424825 0.325726 0.00409093 5.81806e-10 0.00732113 0.0430576 0.134217 0.00424921 
0.000660373 0.208649 0.011191 0.0381987 0.0296688 0.00156205 0.0153917 0.0700624 0.0490414 0.0468387 0.000520385 0.142819 0.0455011 0.00716144 0.000397634 0.135873 0.0562971 0.0114527 0.128714 
0.000182164 0.4953 0.00438294 0.0181948 0.0344267 0.000183089 0.00969193 0.0117088 0.0249223 0.083929 0.00708296 0.0365492 0.123206 0.000833846 0.000588811 0.124163 0.0139852 9.29068e-05 0.0105762 
0.00637765 0.527415 0.0126631 0.0510903 0.0320543 0.000230617 0.0330757 0.0324012 0.0144113 0.0890434 0.00647665 0.0634695 0.0232953 0.000239241 0.000154036 0.0466928 0.0598528 0.000362193 0.000694848 
0.000366801 0.21103 0.0107373 0.125569 0.0204125 0.00235706 0.0642579 0.0761138 0.0526227 0.069153 0.00321532 0.0806766 0.0888384 0.000591379 0.000479287 0.124616 0.0659884 0.000269162 0.00270479 
0.00521131 0.198004 0.00976455 0.0459446 0.0178317 0.000230849 0.0865138 0.0156609 0.0242408 0.0341824 0.00109326 0.0752888 0.0158501 0.181014 0.000484402 0.115843 0.142044 0.00650107 0.024296 
3.78508e-05 0.355279 0.004422 0.130501 0.0311947 4.97921e-05 0.0452011 0.031762 0.100517 0.0454965 0.000369467 0.0752568 0.00978316 0.00169723 6.75003e-05 0.118712 0.0473416 2.30451e-05 0.00228811 
0.00518303 0.593695 0.00756279 0.036505 0.0194609 9.75337e-05 0.0513229 0.00625855 0.0079282 0.0481854 0.00571093 0.101401 0.0163416 0.000227339 2.54948e-05 0.0694527 0.0296686 0.000316524 0.000656151 
7.71225e-06 0.427842 0.00535819 0.0214576 0.00704725 0.00260016 0.022802 0.136113 0.00578631 0.0391254 0.00889348 0.0832328 0.0349638 0.000369993 0.000147769 0.154297 0.0481955 4.74197e-06 0.00175569 
0.00232627 0.193756 0.00492179 0.145427 0.0677454 0.000305759 0.106857 0.0323855 0.0307651 0.0568402 0.000489073 0.08795 0.029534 0.00137358 5.4777e-05 0.0829906 0.13757 0.00497543 0.0137324 
0.00121363 0.377142 0.00771327 0.0495747 0.0212261 0.000445803 0.165956 0.0200657 0.0124687 0.044543 0.000222304 0.112638 0.0283278 0.00253846 0.000213474 0.0727381 0.078872 0.00141184 0.00268915 
0.00221721 0.200532 0.00366546 0.0840158 0.0420147 0.000136713 0.0425401 0.05452 0.0454936 0.0272207 0.00131429 0.106075 0.114709 0.0145749 0.000987262 0.198697 0.0274463 0.00380959 0.0300306 
0.00225537 0.487276 0.000856298 0.0229854 0.020871 0.000179691 0.0635036 0.0227344 0.10351 0.00977674 0.000164954 0.0919115 0.0437569 0.000133526 0.000175085 0.103312 0.0236831 8.86718e-06 0.0029056 
0.0138826 0.227722 0.0056159 0.102498 0.0592035 0.00079688 0.172383 0.0382995 0.0604249 0.0458237 0.000824152 0.0446133 0.0127841 0.00201235 0.000111117 0.122409 0.0629353 0.00699145 0.0206689 
0.000130417 0.602659 0.00893803 0.0216441 0.0178408 4.04584e-05 0.0180637 0.0434814 0.0181172 0.0288951 0.00572544 0.0797743 0.0243367 0.000499587 0.000198337 0.0928358 0.0292789 6.52096e-05 0.00747544 
0.00118684 0.260712 0.0116451 0.0747891 0.0675853 0.000159779 0.0596527 0.0188872 0.0558173 0.0429795 0.00712958 0.116539 0.0407877 0.00555869 0.000317942 0.19943 0.0196547 0.0015773 0.0155901 
6.12111e-05 0.322149 0.00644099 0.0114892 0.0187611 0.000414574 0.0144766 0.0254399 0.00949286 0.0334022 0.00133497 0.239732 0.0286012 0.00339597 0.000171961 0.248083 0.0296639 0.000164963 0.00672374 
6.78831e-05 0.215538 0.00603789 0.100544 0.0310088 0.000143172 0.0394678 0.0205565 0.0232585 0.0711905 0.000204332 0.196465 0.0693949 0.00939774 0.000359821 0.0844704 0.103991 0.000448284 0.0274561 
0.000976347 0.259426 0.041352 0.0380338 0.0469025 0.000121084 0.0273985 0.109283 0.043245 0.0437178 0.000472932 0.157563 0.0607893 0.00617238 0.000660579 0.0772397 0.0472106 0.00252479 0.0369107 
0.0104044 0.195863 0.0201195 0.0616726 0.0367214 0.000305791 0.0679617 0.09163 0.0444676 0.0475727 0.00187065 0.171963 0.0273462 0.00286604 0.000503587 0.147907 0.05547 0.00409741 0.011257 
1.24869e-05 0.39404 0.00257554 0.0766125 0.0118911 0.000100225 0.0538573 0.0632005 0.0127201 0.0441267 1.76306e-05 0.203077 0.00628561 0.0010965 9.90343e-06 0.0878937 0.0419904 4.06948e-06 0.000489253 
0.00329492 0.213714 0.0021048 0.0201465 0.0077712 0.000423967 0.0268193 0.0598705 0.0815918 0.0179524 0.00323772 0.0911568 0.0251666 0.00573296 0.000959478 0.209502 0.0531069 0.00366552 0.173782 
0.00034271 0.216722 0.0102726 0.0274991 0.0264247 0.000221598 0.0440805 0.180945 0.0340628 0.0567065 0.000836093 0.102818 0.0634315 0.00236227 0.000295262 0.112902 0.104027 0.000200309 0.0158507 
0.000229202 0.352778 0.0153965 0.0267739 0.0419623 0.000248678 0.140747 0.0268537 0.0258033 0.0517114 0.000471837 0.0209243 0.00529373 0.0014657 0.00200262 0.220824 0.0612264 5.23758e-06 0.00528179 
0.00430512 0.316219 0.00500905 0.0477488 0.0325508 0.000332327 0.0780859 0.0199498 0.0883073 0.0291008 0.0006785 0.128808 0.0532076 0.00734907 0.00058422 0.149828 0.019417 0.002875 0.0156435 
0.000872703 0.286503 0.0115237 0.0317254 0.0686094 0.00512362 0.0592042 0.0268769 0.0116214 0.138575 0.00555288 0.048964 0.117771 0.00179651 0.00114099 0.143932 0.0355777 0.00258016 0.00204944 
4.7759e-06 0.594639 0.00316932 0.0254954 0.0136603 6.65054e-05 0.0374048 0.0647501 0.0135677 0.0465131 0.00270079 0.0493684 0.0104757 0.0018743 0.000434713 0.0722844 0.0578395 6.22178e-06 0.00574521 
0.00042257 0.448254 0.00291894 0.012474 0.0223688 0.000190793 0.0283315 0.0412122 0.0137757 0.0543523 0.00127861 0.251975 0.0132098 0.00177144 0.00105077 0.0573321 0.0394107 0.000413333 0.00925813 
0.00025375 0.426771 0.0075882 0.164845 0.072445 0.0275876 0.0103016 0.0295552 0.0152169 0.0720294 0.00429587 0.0720741 0.0470909 0.00208309 0.000139885 0.0362781 0.0082113 4.99964e-06 0.00322793 
0.00183757 0.52348 0.00302502 0.0101287 0.0196144 0.000414172 0.0294001 0.0565783 0.0242085 0.0172256 0.000714248 0.0997144 0.0243189 0.00254139 0.00279071 0.133969 0.0320737 0.00417262 0.0137933 
0.00292447 0.185524 0.00512777 0.135044 0.0165563 0.000176987 0.0223129 0.0541766 0.165286 0.0953966 0.0030707 0.12976 0.0323517 0.0109543 0.0208929 0.0899189 0.0236919 0.000217975 0.00661646 
0.00177099 0.149109 0.00556709 0.114544 0.0272985 0.000470684 0.0343019 0.140238 0.0601591 0.0695151 0.00122293 0.138804 0.0465818 0.0121447 0.00113677 0.108125 0.0673784 0.00510599 0.0165272 
1.83044e-05 0.385944 0.0103658 0.0449871 0.0183375 7.45773e-05 0.0247912 0.0886816 0.0222262 0.104711 0.0024122 0.117837 0.00845008 9.48067e-05 0.00019801 0.0585606 0.111492 1.20819e-05 0.000806518 
0.00150758 0.210185 0.0157148 0.11052 0.0720142 0.000799986 0.0490336 0.0166571 0.0222892 0.0677999 0.000282806 0.208736 0.0770591 0.00215172 5.70132e-05 0.105651 0.0310835 0.000339739 0.0081174 
0.000288045 0.386193 0.00820424 0.0319274 0.0777342 0.000290473 0.0530092 0.113285 0.0551881 0.0292491 0.000635519 0.0317781 0.0182991 0.00239954 0.000224498 0.139489 0.0391413 0.000204282 0.0124595 
0.00118684 0.260712 0.0116451 0.0747891 0.0675853 0.000159779 0.0596527 0.0188872 0.0558173 0.0429795 0.00712958 0.116539 0.0407877 0.00555869 0.000317942 0.19943 0.0196547 0.0015773 0.0155901 
0.00730701 0.298539 0.00222772 0.0389823 0.022989 0.000651967 0.292555 0.00680433 0.0100186 0.0259029 0.000518996 0.0436312 0.00711926 0.000516182 0.000319309 0.190923 0.0442249 0.000148915 0.00662153 
0.00561859 0.367146 0.014028 0.0377343 0.0414562 0.000143956 0.0504424 0.0226335 0.0185706 0.0316828 0.00626472 0.142561 0.0684701 0.002629 0.000470576 0.133072 0.0425778 0.000906134 0.0135921 
0.00089957 0.434279 0.0117557 0.0581604 0.0765261 0.00023822 0.0263745 0.0400003 0.042817 0.0634042 0.00085245 0.083772 0.0329478 0.002025 0.00117663 0.0842417 0.0346455 0.000131203 0.00575322 
0.00152326 0.240903 0.0236811 0.128204 0.0307842 0.000286182 0.0441831 0.0406385 0.0229221 0.0891095 0.065591 0.0601246 0.0305988 0.00549972 0.000482606 0.140389 0.0574172 0.00760342 0.0100583 
7.69135e-05 0.360983 0.00217138 0.0175175 0.00663779 0.00129032 0.0117371 0.269009 0.0427107 0.0251813 0.000737382 0.0653397 0.053805 0.00683392 0.000528521 0.0847426 0.0454327 0.000164301 0.00510094 
0.00127768 0.165958 0.00982426 0.0786125 0.0310266 0.000583639 0.107805 0.0461016 0.0448559 0.0752449 0.0190561 0.160607 0.0292729 0.00530315 0.000842387 0.135626 0.0801233 0.000774468 0.0071056 
0.000394916 0.48072 0.00728599 0.0439708 0.0335105 0.000118522 0.0553135 0.0399935 0.038661 0.0308087 0.000301861 0.0329144 0.0170552 0.00282013 0.00253327 0.166161 0.035335 0.00158374 0.0105176 
0.00447098 0.248082 0.00644475 0.058322 0.0310363 0.00415569 0.0718258 0.0403119 0.0478066 0.034411 0.00262148 0.102302 0.0530522 0.00391373 0.00183436 0.214376 0.0271477 0.00559983 0.0422853 
0.000258288 0.235284 0.00512165 0.0923195 0.0129452 0.000238157 0.129025 0.0264558 0.0327209 0.0549645 0.00326353 0.130377 0.0193419 0.003267 1.77771e-05 0.145566 0.0601504 0.000156522 0.048527 
0.00691085 0.258888 0.00354761 0.0677718 0.0141488 0.000456389 0.127681 0.0685018 0.0190694 0.0335432 0.000833262 0.103071 0.0186063 0.000743342 0.000820724 0.213937 0.0591775 0.000433301 0.00185837 
0.000329478 0.286849 0.00476147 0.0506813 0.0161547 0.00014497 0.0283999 0.0477188 0.0208354 0.0450606 0.000180964 0.178447 0.0269232 0.00234748 3.86837e-05 0.0553204 0.0532394 0.00345394 0.179113 
0.000329343 0.402349 0.00343029 0.0255613 0.010913 0.000407748 0.0534232 0.0208819 0.0335584 0.0409276 0.000112754 0.141641 0.016403 0.00297936 0.000659756 0.207565 0.0297517 0.000178302 0.00892694 
