0.000838371 0.0665332 0.014022 0.0789497 0.0210546 0.000230875 0.0418841 0.0258416 0.0232106 0.0200225 0.0679282 0.371418 0.0901249 0.00500482 0.000274159 0.142376 0.0114034 0.00455202 0.0143303 
0.0173469 0.0578336 0.0233815 0.0196024 0.0290218 6.63035e-05 0.0270699 0.0957343 0.0620656 0.0806064 0.00295407 0.213774 0.189674 0.00134788 3.39588e-05 0.13589 0.0185613 0.00472959 0.0203068 
0.0002439 0.0485547 0.00172646 0.0478 0.0127664 0.000254703 0.0559657 0.0194535 0.0460645 0.0258081 0.00659698 0.603948 0.0362928 0.00410739 0.00031756 0.0717524 0.00868503 0.000337282 0.00932482 
0.000967913 0.13179 0.00704858 0.0651481 0.0181241 0.00128811 0.0331035 0.0461583 0.013249 0.0572209 0.00164554 0.422305 0.0217037 0.0243141 0.000129131 0.107333 0.0291708 0.000132852 0.0191679 
0.00184277 0.128509 0.00555723 0.0231021 0.0288954 0.000434609 0.0335556 0.0180724 0.0279252 0.0268315 0.000127899 0.312047 0.102285 0.00505758 0.00115873 0.229625 0.0292252 0.00357048 0.022177 
0.000119964 0.0723287 0.0104936 0.0104189 0.0236166 0.000129949 0.00743384 0.0306001 0.0181381 0.0504076 0.000850983 0.60545 0.0280919 0.00356574 9.37298e-05 0.0584002 0.0596358 0.00511421 0.0151099 
0.000233117 0.11444 0.0201827 0.0855517 0.0175103 0.000113918 0.0904114 0.017627 0.0762717 0.0540176 0.00243692 0.273013 0.0420458 0.00563764 0.00573216 0.156111 0.0163701 0.00065842 0.021635 
5.97756e-05 0.129057 0.00469652 0.00979681 0.0251133 0.000240044 0.0167813 0.0323 0.00585249 0.0204378 0.000117701 0.662648 0.028483 0.00139584 0.000286462 0.0358454 0.0229289 0.000262244 0.00369686 
0.00191247 0.078035 0.0196314 0.0430684 0.0226262 0.000322003 0.0418512 0.0631327 0.0477257 0.0455221 0.00789762 0.446715 0.0328443 0.00208224 0.000297289 0.0937243 0.0477685 0.002265 0.00257812 
0.0020518 0.12532 0.0154514 0.0779214 0.0230089 0.000451264 0.0557174 0.0630463 0.0596881 0.0645614 0.00796237 0.18708 0.0836471 0.00440239 0.000212961 0.13838 0.0570456 0.00390763 0.0301443 
0.0012238 0.142159 0.00321703 0.0204415 0.0142803 0.00023267 0.0270811 0.0843921 0.0206776 0.0206126 0.00093024 0.448017 0.024057 0.00152333 0.000384719 0.114132 0.0560591 0.00218471 0.0183936 
0.000201727 0.0967688 0.00484978 0.0130331 0.0163013 6.66487e-05 0.0245141 0.0569316 0.08278 0.0209239 0.000119028 0.516537 0.0258983 0.00127388 0.00105628 0.0594779 0.0722316 0.000554474 0.00648046 
0.00495022 0.066151 0.0103207 0.0385742 0.0316345 0.000212857 0.128003 0.0227768 0.0164603 0.0450675 0.00151981 0.362874 0.0113911 0.00310286 0.000108701 0.199835 0.0422669 0.00131027 0.0134399 
0.00276361 0.0857741 0.0194634 0.0543566 0.0298328 0.000197589 0.0271924 0.026696 0.0162534 0.0472735 0.00263493 0.483452 0.0326791 0.00354186 0.000381811 0.125028 0.0331179 0.00288196 0.00647819 
0.00379293 0.215855 0.0122398 0.0706018 0.0164853 0.000203437 0.0380203 0.0137102 0.0376663 0.0598177 0.000706862 0.35177 0.00937311 0.00220252 0.000215785 0.0854176 0.0207041 0.000842419 0.0603744 
0.0125977 0.144344 0.00409159 0.0509344 0.0140665 0.000312004 0.0867419 0.027953 0.0387688 0.040633 0.000753922 0.209852 0.0188317 0.00664885 0.00036135 0.148937 0.0665125 0.00494559 0.122715 
0.000814658 0.10811 0.00184496 0.0291399 0.0103923 0.000267524 0.0232381 0.0396289 0.00771481 0.158711 0.00010659 0.304905 0.0383759 0.00266752 0.000188976 0.0648151 0.19873 0.0011515 0.00919671 
1.2471e-05 0.116969 0.0168575 0.00726092 0.046066 2.0662e-05 0.00512664 0.0136196 0.00109342 0.0652604 2.61323e-06 0.652768 0.0158221 0.00201567 9.92368e-05 0.0166281 0.0347164 5.64322e-06 0.00565631 
0.000686644 0.168323 0.00195234 0.00873735 0.00692344 0.000286188 0.00405134 0.0537217 0.00584766 0.036548 0.000131525 0.619734 0.00762486 0.00142751 0.000357695 0.0527216 0.0225237 0.000168771 0.0082321 
0.00184264 0.0330557 0.00678491 0.0935461 0.170776 0.000351666 0.0392968 0.0194938 0.0236823 0.0752063 0.00498812 0.262175 0.0175098 0.0121295 0.000253204 0.0697074 0.13127 0.00176583 0.0361659 
0.000816735 0.0935214 0.0036766 0.0459082 0.00699921 4.85134e-05 0.0525635 0.0233297 0.0369516 0.111251 0.00422362 0.250098 0.122409 0.0089733 0.000707807 0.150655 0.0343183 2.37548e-05 0.0535243 
0.00157488 0.0917806 0.00390932 0.0455191 0.0108293 0.000228427 0.0532344 0.0245492 0.0381917 0.112036 0.00429561 0.23981 0.117793 0.00973635 0.0010256 0.156218 0.0348421 0.000233423 0.0541937 
6.0091e-05 0.0352892 0.000590992 0.0404756 0.0191813 0.000540533 0.0543175 0.020801 0.0463808 0.0143372 0.0167272 0.627916 0.0298756 0.0040905 0.000740947 0.0722096 0.00866525 0.00066845 0.00713234 
0.00255852 0.139295 0.0131517 0.0344561 0.0248436 0.000145593 0.03884 0.0791393 0.0860721 0.0303223 0.00215875 0.208048 0.0862498 0.00596964 0.000914665 0.148426 0.0374846 0.0076471 0.0542774 
0.000575032 0.111942 0.00840328 0.0119785 0.0280517 0.000124396 0.0157977 0.0748821 0.114932 0.0488121 0.000121642 0.35875 0.0166163 0.00278504 0.00025352 0.0999854 0.0648898 0.0322616 0.00883795 
0.000181196 0.116295 0.0167074 0.00790089 0.0550567 0.000263547 0.00854437 0.0159727 0.00316133 0.0866477 8.44739e-05 0.576915 0.0241982 0.004319 0.000277828 0.0313968 0.0429838 0.000174778 0.00891896 
0.000163833 0.0466077 0.00574926 0.0115632 0.0383318 0.000165266 0.013397 0.0159704 0.00701744 0.0411871 0.00249604 0.663585 0.0152269 0.00305532 0.000181363 0.0972756 0.0192089 0.000182452 0.018635 
0.000404498 0.0426342 0.002423 0.0173678 0.0141407 4.98792e-06 0.0160583 0.0250262 0.0249857 0.0134791 0.000143169 0.421252 0.253796 0.00503062 0.000304568 0.101756 0.00989362 0.0004906 0.0508086 
0.000303219 0.245734 0.00127373 0.0217953 0.00903841 1.79297e-05 0.00714915 0.0264625 0.00457855 0.017766 7.11636e-06 0.557222 0.00145282 0.00204606 0.00011927 0.0701863 0.0225172 0.000421714 0.011909 
0.00131309 0.0577635 0.0189715 0.01125 0.0148426 0.00074235 0.131852 0.0954581 0.0143489 0.0538989 0.0245894 0.309162 0.0117024 0.00281561 6.73615e-05 0.104965 0.121033 0.000120448 0.0251036 
0.000886877 0.0453136 0.022502 0.0335238 0.0347818 7.51911e-05 0.0373276 0.0577685 0.012998 0.180452 0.00272786 0.305469 0.109559 0.0220126 8.90546e-05 0.094967 0.0314953 0.000337902 0.00771265 
0.0014459 0.0404788 0.0632073 0.0446597 0.200561 0.000178414 0.0495915 0.0432704 0.0195373 0.139385 0.00632304 0.221343 0.0406246 0.00204588 0.000497806 0.0773024 0.0303336 0.00143517 0.0177796 
9.00394e-05 0.121113 0.00186294 0.0180396 0.0218287 0.00064941 0.0174384 0.0308943 0.0330786 0.0343253 0.000434472 0.598849 0.0235475 0.00658727 0.00104775 0.0481275 0.0144312 0.000308382 0.0273462 
7.62634e-05 0.158719 0.00318348 0.0229772 0.0237554 0.000349998 0.0520574 0.0389124 0.0292114 0.0221636 0.000233638 0.503169 0.0387261 0.00516382 0.000447103 0.0486028 0.0159737 0.000202748 0.0360752 
0.0420273 0.0792025 0.00541859 0.0421756 0.0122441 0.000283329 0.0332315 0.0566051 0.0384742 0.0312851 7.85252e-05 0.338499 0.0769066 0.00673293 0.00188671 0.109758 0.0696825 0.00584669 0.0496623 
0.000163833 0.0466077 0.00574926 0.0115632 0.0383318 0.000165266 0.013397 0.0159704 0.00701744 0.0411871 0.00249604 0.663585 0.0152269 0.00305532 0.000181363 0.0972756 0.0192089 0.000182452 0.018635 
0.00166603 0.116755 0.00534649 0.0457108 0.114765 0.000217504 0.00464396 0.0597204 0.0812891 0.0549888 0.0020566 0.235164 0.0668641 0.00956625 0.00112532 0.148452 0.0299387 0.00405195 0.0176775 
0.00278225 0.147707 0.0082732 0.058634 0.0860025 1.44394e-05 0.00842116 0.0223027 0.0381745 0.0279505 0.000431181 0.421232 0.0345305 0.0208659 0.00176724 0.0712148 0.0242726 0.00420336 0.0212204 
0.00248515 0.0872212 0.00324347 0.150364 0.0066249 0.000156364 0.183876 0.0297211 0.0155128 0.058502 0.000314605 0.25328 0.0408213 0.00866898 0.000520227 0.0948956 0.0390047 2.80007e-05 0.0247599 
0.00940587 0.0536532 0.00582867 0.0963598 0.0289513 0.00710357 0.0480854 0.0462464 0.117652 0.0852101 0.000318924 0.136271 0.0422107 0.0076415 0.000729586 0.135678 0.0315604 0.0483427 0.0987511 
4.27298e-06 0.218911 0.00357785 0.0280127 0.0221405 9.28505e-05 0.113758 0.0161804 0.00380807 0.0206897 3.43307e-06 0.375675 0.0240239 0.000875928 0.000111673 0.10507 0.0290247 4.94004e-05 0.0379912 
9.43319e-05 0.0401731 0.0056384 0.0133662 0.0165502 0.000230804 0.0198989 0.0131587 0.0179756 0.0143236 0.00241728 0.746127 0.0401228 0.00748049 0.00025589 0.04348 0.00595313 1.52778e-05 0.0127383 
0.0162282 0.036983 0.00777976 0.0416523 0.0263652 0.0012468 0.0122937 0.0634234 0.0357775 0.109143 0.00551571 0.305515 0.054542 0.00969053 0.000278158 0.107829 0.0422997 0.081589 0.0418476 
0.00276361 0.0857741 0.0194634 0.0543566 0.0298328 0.000197589 0.0271924 0.026696 0.0162534 0.0472735 0.00263493 0.483452 0.0326791 0.00354186 0.000381811 0.125028 0.0331179 0.00288196 0.00647819 
0.00277308 0.0709678 0.0417903 0.0278876 0.0368906 0.000627064 0.046185 0.0161992 0.0302373 0.0271288 0.00247682 0.461546 0.0448161 0.00598723 0.000536081 0.128624 0.0126274 0.019945 0.0227538 
0.00131838 0.0632585 0.00153889 0.0072621 0.00664524 4.008e-05 0.0191355 0.0602289 0.126745 0.00546544 0.000241965 0.340253 0.137967 0.00413395 0.000198594 0.0980407 0.0069053 0.0720709 0.048551 
0.00165209 0.0721829 0.00347635 0.0711999 0.0565599 0.000562162 0.0647619 0.0648318 0.0294153 0.0281628 0.0040484 0.290748 0.0335992 0.00243154 0.000458364 0.204389 0.047747 0.000407145 0.0233658 
7.83803e-06 0.0576525 0.00608903 0.0260608 0.0187697 6.69809e-05 0.0121982 0.0246441 0.00806439 0.0346869 0.00130307 0.707133 0.0156193 0.00151243 0.000187114 0.0564242 0.0268623 1.44961e-05 0.00270388 
1.02036e-05 0.11225 0.0181507 0.0182401 0.0364068 2.47852e-05 0.00849444 0.0156311 0.00111148 0.0578312 4.26535e-06 0.604355 0.028287 0.00202658 8.11925e-05 0.0282761 0.0600417 9.93715e-06 0.00876749 
0.150982 0.0319574 0.00179797 0.103379 0.00925959 6.80214e-06 0.159614 0.023731 0.0417675 0.0500257 6.73054e-06 0.181258 0.0453351 0.0174754 0.000271271 0.0669108 0.0169148 0.00638576 0.092922 
0.0119949 0.0543609 0.0103437 0.068258 0.018327 3.62934e-05 0.0154399 0.0545252 0.0133812 0.0745239 0.0010356 0.312628 0.0223495 0.00405713 0.000252437 0.108517 0.0965466 0.0178043 0.115618 
0.000201727 0.0967688 0.00484978 0.0130331 0.0163013 6.66487e-05 0.0245141 0.0569316 0.08278 0.0209239 0.000119028 0.516537 0.0258983 0.00127388 0.00105628 0.0594779 0.0722316 0.000554474 0.00648046 
5.97756e-05 0.129057 0.00469652 0.00979681 0.0251133 0.000240044 0.0167813 0.0323 0.00585249 0.0204378 0.000117701 0.662648 0.028483 0.00139584 0.000286462 0.0358454 0.0229289 0.000262244 0.00369686 
0.0012226 0.0638769 0.0320263 0.0136993 0.0247203 0.000307797 0.0179191 0.0550477 0.0155958 0.0463777 0.0011536 0.501542 0.0497053 0.00129403 7.40365e-05 0.111839 0.042822 0.00328821 0.0174883 
0.00196632 0.115372 0.00768346 0.0508436 0.0343885 0.000290941 0.0782323 0.0888686 0.0650181 0.0442037 0.000854481 0.225962 0.0340469 0.00557299 0.0113022 0.154844 0.0574544 0.00899541 0.0141004 
0.000894499 0.0562173 0.00251515 0.0641411 0.0123932 0.00102289 0.198772 0.00919581 0.0205315 0.0268008 0.00210165 0.444832 0.0231361 0.00795898 0.000347814 0.0964825 0.0154168 0.000243878 0.016996 
0.00256114 0.061539 0.015071 0.0453148 0.0865885 2.53209e-05 0.0246566 0.0219404 0.0135851 0.0758297 0.00125623 0.515056 0.0156343 0.00394413 8.91238e-05 0.0857748 0.0248998 0.000436384 0.00579757 
0.000320955 0.0977352 0.00339453 0.0786051 0.00566555 0.000314988 0.111728 0.0378764 0.0264914 0.0660472 0.00027066 0.259911 0.0415488 0.00151948 4.06423e-05 0.0541313 0.0200848 0.000312161 0.194002 
3.38518e-06 0.112846 0.0017324 0.0132304 0.009746 0.00024253 0.0175651 0.0255277 0.0326535 0.0214593 0.00035342 0.645213 0.0139683 0.00860817 0.000700965 0.0451777 0.0123936 1.3782e-05 0.0385648 
0.000880918 0.21166 0.0098969 0.056912 0.0301164 0.000518918 0.0448155 0.0518419 0.0289473 0.0533656 0.00155056 0.218043 0.0968001 0.00128015 0.000378075 0.130298 0.0436858 0.00773691 0.0112712 
0.0751555 0.0713289 0.00715294 0.0175383 0.0201886 0.000156663 0.0179434 0.0254027 0.0105733 0.0374374 0.0015088 0.526374 0.0105671 0.0180958 0.000296792 0.116285 0.029594 0.000101576 0.0142991 
0.00183278 0.0625803 0.000825051 0.0262277 0.014692 0.000182463 0.0213226 0.170756 0.0358128 0.033069 6.62078e-05 0.417158 0.0409139 0.00392936 0.000903526 0.104327 0.0371121 0.00944897 0.0188401 
0.000163833 0.0466077 0.00574926 0.0115632 0.0383318 0.000165266 0.013397 0.0159704 0.00701744 0.0411871 0.00249604 0.663585 0.0152269 0.00305532 0.000181363 0.0972756 0.0192089 0.000182452 0.018635 
0.000519381 0.100645 0.0122726 0.0326936 0.13836 0.00141343 0.015262 0.0376235 0.0496933 0.0506285 0.000363625 0.305152 0.0879102 0.0145802 0.000429004 0.111885 0.0253763 0.000474364 0.0147169 
0.00495022 0.066151 0.0103207 0.0385742 0.0316345 0.000212857 0.128003 0.0227768 0.0164603 0.0450675 0.00151981 0.362874 0.0113911 0.00310286 0.000108701 0.199835 0.0422669 0.00131027 0.0134399 
0.000226809 0.0857241 0.00301807 0.0287503 0.0117707 8.09199e-05 0.0182496 0.036241 0.0250186 0.0600795 0.0105698 0.522203 0.0463212 0.0042704 0.000220551 0.101412 0.0184998 0.000609594 0.026734 
5.97756e-05 0.129057 0.00469652 0.00979681 0.0251133 0.000240044 0.0167813 0.0323 0.00585249 0.0204378 0.000117701 0.662648 0.028483 0.00139584 0.000286462 0.0358454 0.0229289 0.000262244 0.00369686 
0.000168016 0.0539435 0.0210774 0.0156642 0.0158963 3.41747e-05 0.0475411 0.0260985 0.0169254 0.0436541 0.00138423 0.598069 0.022943 0.00396972 4.15763e-05 0.0567728 0.0670065 0.00118204 0.00762891 
0.000980098 0.142009 0.0100717 0.0457008 0.013841 0.000149941 0.078351 0.0585702 0.0238909 0.0686328 0.00501973 0.24776 0.0518695 0.00527092 0.000312747 0.141302 0.0684954 0.000474289 0.0372984 
0.0150597 0.08005 0.00926271 0.0352415 0.0849282 0.000418223 0.0327296 0.0793668 0.0630306 0.0394657 0.000875004 0.261362 0.0242511 0.0196725 0.0016154 0.108585 0.0199611 0.0142787 0.109846 
0.00190632 0.147563 0.00927673 0.0570617 0.0720597 1.4423e-05 0.0135936 0.0229787 0.0370664 0.0444162 0.00566109 0.360452 0.0253001 0.0042367 0.000347041 0.157469 0.0264373 0.000341969 0.0138177 
0.00079393 0.0879568 0.00356988 0.0445121 0.0228245 0.000433116 0.054412 0.0476718 0.0297237 0.0607977 0.0089991 0.376253 0.0626725 0.00489963 0.000375863 0.106868 0.0173796 0.00123999 0.0686164 
0.000697109 0.145835 0.00495945 0.0744993 0.0118266 0.000335685 0.154539 0.0289281 0.0398198 0.0532749 0.000146973 0.228216 0.0258477 0.00507817 0.000434464 0.124488 0.0907924 0.00221284 0.00806818 
0.000132558 0.205173 0.00136404 0.1356 0.0397332 0.000810024 0.0660116 0.0348182 0.0421277 0.0257869 0.00140224 0.238283 0.0156042 0.0772744 0.000487198 0.0809601 0.0269677 0.000726962 0.00673743 
0.00272012 0.0404443 0.00058937 0.0653664 0.0464237 3.39331e-05 0.033848 0.0118865 0.123584 0.0293302 0.0106218 0.236548 0.027459 0.0612036 0.00108686 0.151761 0.0268889 0.0501538 0.0800504 
0.00232949 0.118366 0.00709548 0.0430447 0.0375909 0.000368842 0.0484665 0.0764072 0.047061 0.0652856 0.00456081 0.196758 0.0997888 0.0105032 0.00229952 0.140714 0.0607955 0.00749102 0.0310735 
0.00214232 0.055002 0.0461626 0.0450734 0.00806659 3.14116e-05 0.0578998 0.0197253 0.0671071 0.0371013 0.000882492 0.241363 0.0445216 0.0113625 0.000439124 0.114167 0.0174759 0.00773381 0.223743 
0.00205105 0.173517 0.0108955 0.0346478 0.0206198 0.000661271 0.0512366 0.0349537 0.0139956 0.0580201 0.00203206 0.296804 0.0433942 0.00148033 0.000183178 0.173458 0.0701116 0.00188051 0.0100578 
3.65984e-06 0.169262 0.00783064 0.00864985 0.029049 7.91655e-06 0.0163561 0.0191761 0.00345029 0.0214929 4.18958e-06 0.637853 0.0257912 0.000638612 0.00012866 0.0293808 0.0278932 6.25238e-06 0.00302548 
0.00252856 0.0738104 0.0609788 0.0393069 0.0307664 0.000563974 0.0341961 0.0286732 0.0905138 0.0509399 0.000346821 0.230852 0.176763 0.00219286 0.000334867 0.11125 0.0323151 0.0119002 0.0217665 
0.00225513 0.0405622 0.00433121 0.0117545 0.0163254 0.000351611 0.0115977 0.123762 0.0215768 0.170447 0.000882353 0.289048 0.0560667 0.00927802 0.0011405 0.119729 0.0450559 0.00523187 0.0706039 
0.00157043 0.0341543 0.000656319 0.0325739 0.00569187 0.000601931 0.0296851 0.0458572 0.0421146 0.0219036 0.000190844 0.343896 0.0350338 0.0109796 0.00113685 0.156236 0.0458888 0.00817666 0.183652 
0.000853463 0.087487 0.0350343 0.0345879 0.0192974 0.00017605 0.0308668 0.0406662 0.0499531 0.0520725 0.00234247 0.271725 0.181702 0.0064341 0.000216228 0.118661 0.0308117 0.00640711 0.030705 
4.5283e-05 0.0413518 0.0256806 0.0473268 0.0513696 3.23591e-05 0.0288998 0.00582426 0.0141557 0.0750879 0.00836521 0.504012 0.03248 0.00219343 0.000386455 0.0768431 0.0179073 0.00469743 0.0633408 
0.00527914 0.06657 0.00410903 0.0969676 0.0271617 0.0171301 0.0656877 0.0445077 0.109752 0.0301322 0.00641859 0.213619 0.0347998 0.0347234 0.00023287 0.1712 0.0300459 0.00157786 0.0400844 
0.00447211 0.0882178 0.0176286 0.0208529 0.0563199 2.57682e-06 0.0072523 0.0270959 0.0579404 0.158044 0.000488286 0.195099 0.0716931 0.0310116 0.000928379 0.0893335 0.118893 0.00723354 0.0474922 
7.38278e-05 0.175153 0.0050504 0.0248749 0.00563513 6.49307e-05 0.0138305 0.101036 0.0422286 0.0490785 0.000318102 0.446527 0.0295249 0.00299677 0.00123604 0.038852 0.055622 3.99315e-05 0.00785696 
0.00253265 0.126645 0.0157195 0.0654903 0.036827 0.000264275 0.067284 0.0512429 0.0447434 0.0854265 0.00912678 0.178425 0.0236031 0.00706379 0.000388424 0.144824 0.0957081 0.00940858 0.0352769 
0.00122366 0.0622473 0.0291975 0.0534636 0.0747884 0.000335298 0.0259723 0.0282664 0.0373585 0.0503577 0.000554959 0.294006 0.155806 0.00647855 0.000575925 0.121234 0.0325256 0.00317928 0.0224295 
0.00234356 0.0965761 0.00368467 0.0436124 0.0145334 0.000449403 0.163644 0.0288469 0.0278827 0.0645775 0.0114093 0.240801 0.090951 0.00555948 0.000220042 0.142353 0.0294743 0.000830209 0.0322509 
0.00221739 0.0373039 0.0110712 0.039263 0.0359815 0.00185638 0.0251123 0.0373749 0.0317878 0.191639 0.0192186 0.260539 0.0658763 0.0393762 0.000141524 0.112128 0.0654367 0.000222671 0.0234538 
0.00495022 0.066151 0.0103207 0.0385742 0.0316345 0.000212857 0.128003 0.0227768 0.0164603 0.0450675 0.00151981 0.362874 0.0113911 0.00310286 0.000108701 0.199835 0.0422669 0.00131027 0.0134399 
0.00735907 0.120653 0.00237902 0.0504447 0.0112497 0.000949398 0.0333742 0.0285523 0.144154 0.0418241 0.000250066 0.227332 0.0614108 0.00745553 0.0010162 0.117556 0.0196889 0.0874541 0.0368969 
0.00140105 0.047764 0.00195942 0.0929565 0.0089013 0.00862952 0.0939851 0.0202088 0.0974973 0.0274585 0.0254752 0.214376 0.128924 0.00521471 0.000577025 0.0926898 0.00337052 0.0236273 0.104984 
0.00366795 0.0812876 0.00107672 0.0207043 0.00803328 0.000251129 0.0100989 0.0310438 0.143511 0.0258324 0.000474018 0.285946 0.0687865 0.00319684 0.000188409 0.0520208 0.0185016 0.0158745 0.229504 
0.0308006 0.243656 0.0477205 0.040903 0.0271285 0.000315355 0.107344 0.013344 0.0186633 0.0356987 7.96594e-05 0.248953 0.0486197 0.00899601 3.90904e-05 0.0417386 0.082469 0.00166859 0.00186263 
0.000814374 0.114821 0.00483426 0.0379357 0.0155284 5.13301e-05 0.0372868 0.0384507 0.0226713 0.0319762 0.00141911 0.295822 0.0386878 0.104501 0.000178892 0.0955436 0.0264135 0.00428063 0.128784 
0.00249637 0.0866766 0.00798319 0.133424 0.0353382 0.00238181 0.191951 0.0233099 0.03034 0.0359441 0.00171599 0.23372 0.0465762 0.00763058 0.000214024 0.0799959 0.0164398 0.00103578 0.062826 
3.71506e-06 0.205262 0.00202949 0.0375628 0.0248332 3.11965e-05 0.0147325 0.105312 0.0970968 0.0293798 2.22249e-05 0.349785 0.0498163 0.00590348 0.000794234 0.0452708 0.0170119 0.00278758 0.0123649 
1.30111e-05 0.114822 0.0180299 0.0127959 0.0385908 2.47795e-05 0.00875756 0.0134763 0.00153712 0.0519074 1.50091e-05 0.620195 0.0309259 0.00354368 8.11853e-05 0.0317055 0.0466379 1.16849e-05 0.00692896 
0.00157043 0.0341543 0.000656319 0.0325739 0.00569187 0.000601931 0.0296851 0.0458572 0.0421146 0.0219036 0.000190844 0.343896 0.0350338 0.0109796 0.00113685 0.156236 0.0458888 0.00817666 0.183652 
0.000132558 0.205173 0.00136404 0.1356 0.0397332 0.000810024 0.0660116 0.0348182 0.0421277 0.0257869 0.00140224 0.238283 0.0156042 0.0772744 0.000487198 0.0809601 0.0269677 0.000726962 0.00673743 
0.00245544 0.0925351 0.0018518 0.0152073 0.0320153 0.000448092 0.00604899 0.0680512 0.0528229 0.0253582 0.000236558 0.258027 0.0821275 0.00672704 0.000670518 0.246837 0.0123191 0.0459043 0.0503574 
0.000163833 0.0466077 0.00574926 0.0115632 0.0383318 0.000165266 0.013397 0.0159704 0.00701744 0.0411871 0.00249604 0.663585 0.0152269 0.00305532 0.000181363 0.0972756 0.0192089 0.000182452 0.018635 
0.00127195 0.0809615 0.0103534 0.0279699 0.00447749 0.000197891 0.0639693 0.0465966 0.0863971 0.0230483 0.000247555 0.245364 0.129278 0.00313714 0.000385199 0.201917 0.0414124 0.00425012 0.0287654 
3.49184e-06 0.0598119 0.0130177 0.0113677 0.00569883 0.000105934 0.00940582 0.1622 0.0203849 0.0666592 8.78382e-05 0.316168 0.0482073 0.00138687 0.000557239 0.0937047 0.167561 1.10599e-05 0.0236607 
0.000779074 0.123553 0.014182 0.0421205 0.0526114 8.84922e-05 0.0297371 0.0245768 0.0317025 0.0426943 0.00677994 0.358965 0.0657725 0.00551992 0.000190505 0.146694 0.0237855 0.0016805 0.028567 
0.00285302 0.130435 0.00437707 0.0374164 0.0149391 4.34156e-05 0.0130514 0.0406555 0.0648541 0.0389425 0.000659915 0.310472 0.107217 0.00887445 0.000745483 0.126424 0.034727 0.018135 0.0451779 
0.000903956 0.0407463 0.113775 0.158002 0.059045 3.91523e-05 0.0404754 0.0189988 0.0886797 0.0718768 3.99974e-05 0.165681 0.0199445 0.00342322 0.000126217 0.131029 0.0343123 0.000955267 0.0519458 
5.97756e-05 0.129057 0.00469652 0.00979681 0.0251133 0.000240044 0.0167813 0.0323 0.00585249 0.0204378 0.000117701 0.662648 0.028483 0.00139584 0.000286462 0.0358454 0.0229289 0.000262244 0.00369686 
0.0014269 0.13496 0.00722794 0.0600562 0.0169497 0.000188159 0.0884876 0.0309561 0.0431946 0.0383087 0.00248044 0.262137 0.0311645 0.00701243 0.000278392 0.116283 0.0718773 0.00119514 0.0858149 
2.09019e-05 0.0660483 0.00342643 0.013872 0.00641845 8.93159e-05 0.0367087 0.00969795 0.0102069 0.0111802 0.0046559 0.697609 0.0509182 0.00116112 1.22158e-05 0.0717628 0.00526885 1.67731e-05 0.0109257 
0.00140165 0.109004 0.00584906 0.0830163 0.024307 7.51153e-05 0.0285939 0.0154118 0.0431139 0.0637417 0.00524199 0.213196 0.0455707 0.0113451 0.000153956 0.205052 0.00763267 0.00253884 0.134755 
3.91045e-07 0.0791465 0.00198847 0.02665 0.0103778 0.000201122 0.0226484 0.0230778 0.0363627 0.0284251 0.00328753 0.530646 0.0299798 0.0855965 0.000945034 0.0745509 0.0111054 3.10426e-05 0.0349796 
0.000198639 0.114605 0.0164111 0.00927177 0.0599037 0.000316255 0.00783314 0.0164146 0.00281958 0.0744428 8.18624e-05 0.602572 0.0186534 0.00332597 0.000333392 0.0267048 0.0371332 0.000191186 0.0087875 
0.0031832 0.119771 0.0196774 0.047726 0.00808153 0.000338371 0.0922861 0.081344 0.0146414 0.116615 0.00159497 0.206303 0.062048 0.00111585 1.47118e-05 0.177798 0.0393433 1.274e-05 0.00810633 
0.00440253 0.0610984 0.00331796 0.062424 0.172948 0.000698728 0.00322484 0.168944 0.130766 0.0288745 0.000472971 0.199313 0.0107582 0.00130906 0.000179393 0.0732072 0.0375651 0.000688891 0.0398067 
1.04645e-06 0.105702 0.00913139 0.0351159 0.0176815 0.000243824 0.0199741 0.0282361 0.0426351 0.0487484 0.00123602 0.559241 0.0542375 0.0116593 0.000611391 0.0420556 0.00742659 5.34706e-06 0.0160584 
0.021432 0.0204041 0.00430775 0.059797 0.019372 7.53629e-05 0.0185201 0.184003 0.0466466 0.0676932 0.00178098 0.205784 0.0742499 0.00500967 0.000682056 0.137854 0.0179079 0.0819512 0.0325294 
0.00495022 0.066151 0.0103207 0.0385742 0.0316345 0.000212857 0.128003 0.0227768 0.0164603 0.0450675 0.00151981 0.362874 0.0113911 0.00310286 0.000108701 0.199835 0.0422669 0.00131027 0.0134399 
0.00505271 0.0740834 0.00467949 0.102841 0.0400811 0.00346334 0.0340955 0.050189 0.0578125 0.124613 0.00209134 0.179763 0.0440881 0.0161315 0.00657454 0.152956 0.0392458 0.0171226 0.0451165 
0.0166765 0.0722005 0.016233 0.0204191 0.00946866 0.00219031 0.0263149 0.0879174 0.0891893 0.0467551 0.0027436 0.277926 0.0251444 0.00177777 0.000139949 0.213391 0.0140807 0.0473799 0.0300515 
0.00249452 0.213845 0.0107617 0.0352975 0.0346145 0.000226833 0.0424456 0.0390716 0.0325291 0.0531416 0.00202676 0.253057 0.0500007 0.00514356 0.000556126 0.152815 0.04871 0.00260688 0.0206551 
0.00108435 0.0732353 2.79069e-05 0.108705 0.00122041 0.000203958 0.179511 0.0562014 0.0878363 0.00297152 1.16743e-06 0.321419 0.0127175 0.0045505 0.000296016 0.0975927 0.00563722 0.00493581 0.0418524 
0.000101976 0.0615918 0.0131828 0.0133195 0.0128183 0.000534539 0.0128765 0.151812 0.0252413 0.0745841 0.000230158 0.292135 0.0478246 0.00273986 0.00099577 0.108041 0.154565 0.000289004 0.027118 
0.00495022 0.066151 0.0103207 0.0385742 0.0316345 0.000212857 0.128003 0.0227768 0.0164603 0.0450675 0.00151981 0.362874 0.0113911 0.00310286 0.000108701 0.199835 0.0422669 0.00131027 0.0134399 
0.00156003 0.0596907 0.00420906 0.00833938 0.0100555 0.000101526 0.010015 0.0927684 0.156357 0.00892845 0.000227864 0.434005 0.0208079 0.0052288 0.000366921 0.120507 0.0242895 0.0108042 0.0317383 
0.000721814 0.0590761 0.0099278 0.0151668 0.0831747 0.000254909 0.0277644 0.0536396 0.0180183 0.222552 0.000428372 0.23444 0.031086 0.00213917 0.000254742 0.173394 0.0575608 0.00251016 0.00789094 
2.67786e-05 0.0606279 0.00468228 0.0377081 0.00448512 0.000218603 0.0409892 0.0104743 0.0153106 0.0180216 0.00058856 0.710648 0.0134547 0.00147196 3.83108e-05 0.0583296 0.00639485 8.94344e-06 0.0165211 
6.47436e-05 0.0415741 0.000634248 0.0479661 0.0326637 0.000463052 0.0532396 0.0239452 0.0498377 0.0192222 0.0142048 0.55503 0.0337855 0.00439515 0.000617457 0.0943158 0.0102416 0.000737132 0.0170624 
0.00166236 0.121932 0.00771094 0.0941366 0.0179028 0.00155479 0.0468378 0.0230131 0.0168771 0.0566804 0.000868916 0.364814 0.0465644 0.00875434 0.000535103 0.105777 0.0730377 0.000101882 0.0112382 
0.000944543 0.0731109 0.0247836 0.0230776 0.0204755 0.000149981 0.0404153 0.0213669 0.0199372 0.0363528 0.000785292 0.571196 0.0281215 0.00470533 0.000108288 0.061148 0.0586829 0.00200172 0.0126364 
0.000163833 0.0466077 0.00574926 0.0115632 0.0383318 0.000165266 0.013397 0.0159704 0.00701744 0.0411871 0.00249604 0.663585 0.0152269 0.00305532 0.000181363 0.0972756 0.0192089 0.000182452 0.018635 
0.000169332 0.0709292 0.0130023 0.0165463 0.0570141 0.00028362 0.00733386 0.0181558 0.0051884 0.0512998 0.00134128 0.600536 0.0260463 0.00236211 0.00040362 0.0950889 0.0255464 0.00022982 0.00852334 
0.0225938 0.0298392 0.00646449 0.0343932 0.0126712 2.63057e-05 0.00928561 0.0835169 0.0238624 0.0721584 0.000514935 0.373398 0.0252957 0.0066783 0.000157586 0.100563 0.0342644 0.115707 0.0486105 
0.00396366 0.25286 0.0314073 0.030785 0.0635033 0.000245111 0.0218499 0.032617 0.0276537 0.0355342 0.000545393 0.320211 0.0580028 0.00222576 0.000219508 0.0596629 0.0545441 0.00124624 0.00292278 
0.0039839 0.164387 0.00693391 0.0396114 0.0178468 0.000756937 0.0942717 0.0449831 0.0508184 0.037501 0.0015071 0.277589 0.0312317 0.00432428 0.000649681 0.17164 0.0414627 0.00112002 0.00938259 
0.00801051 0.0557277 0.00255222 0.0656148 0.035387 9.3369e-05 0.0407191 0.0158686 0.0293601 0.0351923 0.000357179 0.244568 0.168921 0.0107551 0.000814142 0.195425 0.0132959 0.00841246 0.0689245 
7.46346e-05 0.219595 0.00908896 0.0402483 0.0254001 0.000104461 0.0277131 0.0411114 0.0259419 0.0550104 0.000320946 0.32344 0.0640955 0.00194874 0.000117691 0.083012 0.0781294 5.48784e-05 0.00459279 
0.000132558 0.205173 0.00136404 0.1356 0.0397332 0.000810024 0.0660116 0.0348182 0.0421277 0.0257869 0.00140224 0.238283 0.0156042 0.0772744 0.000487198 0.0809601 0.0269677 0.000726962 0.00673743 
0.000109744 0.0963666 0.0144195 0.102723 0.00831624 3.06829e-05 0.0132929 0.0348951 0.0327469 0.0405545 0.0015039 0.463985 0.0443817 0.00198127 5.7101e-05 0.10079 0.0225568 0.00740157 0.0138879 
0.00444258 0.0971036 0.0787021 0.0585526 0.0109545 0.000340557 0.127489 0.0512816 0.0901874 0.0620729 0.000853048 0.177941 0.0327906 0.00756561 0.000289164 0.135634 0.0386757 0.000817391 0.0243069 
2.58971e-05 0.0508739 0.00182945 0.00450709 0.00162422 6.31534e-06 0.00739005 0.249305 0.0338719 0.0278434 0.000349682 0.369087 0.0610369 0.000349213 7.44543e-05 0.0538017 0.129786 1.60673e-05 0.00822255 
0.00199425 0.0600847 0.0034836 0.0368502 0.00435248 3.55135e-05 0.0392963 0.0197132 0.0396164 0.0368232 0.000231483 0.353507 0.0195476 0.00772187 0.000110266 0.0697224 0.00704197 0.0143383 0.285529 
0.00118612 0.108486 0.0140461 0.152642 0.0186889 6.50243e-05 0.0544674 0.021539 0.0522893 0.0454263 0.0017064 0.365997 0.0325973 0.0130318 8.24028e-05 0.0896516 0.0147202 0.000298704 0.0130782 
0.00185121 0.107223 0.00568865 0.0187538 0.00719998 0.000238424 0.0147838 0.0536367 0.0537037 0.0524131 0.000114174 0.232598 0.16085 0.00476308 0.000431948 0.19779 0.0145868 0.00497638 0.0683985 
0.00269581 0.224656 0.032012 0.0488029 0.0237977 0.000227879 0.05051 0.0346213 0.0287478 0.0517588 0.000497961 0.300689 0.0324771 0.00243249 0.000392162 0.120163 0.0330587 0.000161406 0.0122988 
5.97756e-05 0.129057 0.00469652 0.00979681 0.0251133 0.000240044 0.0167813 0.0323 0.00585249 0.0204378 0.000117701 0.662648 0.028483 0.00139584 0.000286462 0.0358454 0.0229289 0.000262244 0.00369686 
0.0120756 0.21481 0.0288602 0.0896582 0.0146493 0.000205074 0.0504189 0.0154906 0.0948974 0.0673393 0.000530209 0.216584 0.0105032 0.00357643 0.000320464 0.097005 0.0170931 0.0206528 0.0453298 
0.000326616 0.219736 0.00118988 0.00619062 0.00161886 6.88257e-05 0.00703408 0.229875 0.0241654 0.0489089 3.63849e-05 0.347289 0.017858 6.86488e-05 2.18781e-06 0.0309523 0.056986 0.0067426 0.000951041 
0.00549938 0.135556 0.0171066 0.0802994 0.025337 0.000328419 0.0580088 0.022903 0.0238267 0.0480328 0.000461168 0.34182 0.0289434 0.00593351 0.000162811 0.09728 0.0908191 0.00292671 0.0147553 
0.00636177 0.158373 0.00307243 0.0364412 0.0117439 0.000153156 0.0178475 0.0493718 0.0356008 0.0384571 9.50069e-05 0.357001 0.0386726 0.0433148 0.000832851 0.0974136 0.0168591 0.0017877 0.0866001 
6.36805e-05 0.0747567 0.00220468 0.0244694 0.0202799 0.000338073 0.0326461 0.0232244 0.0278863 0.0211101 0.00697649 0.619665 0.0463348 0.00440092 0.000484856 0.0577895 0.0136541 0.000524964 0.0231898 
0.000670309 0.111488 0.00701324 0.040806 0.0150899 0.00015141 0.00747983 0.0209665 0.0484655 0.0339779 0.00210209 0.559321 0.0359896 0.00421249 0.000292014 0.0752745 0.027051 0.000232974 0.00941643 
0.00431333 0.0487946 0.0100819 0.105588 0.0103362 8.16784e-05 0.221594 0.00797252 0.0216002 0.0257354 0.00195596 0.37087 0.0291884 0.00115372 4.56529e-05 0.11427 0.0127506 2.59975e-05 0.0136422 
0.000163833 0.0466077 0.00574926 0.0115632 0.0383318 0.000165266 0.013397 0.0159704 0.00701744 0.0411871 0.00249604 0.663585 0.0152269 0.00305532 0.000181363 0.0972756 0.0192089 0.000182452 0.018635 
0.00495022 0.066151 0.0103207 0.0385742 0.0316345 0.000212857 0.128003 0.0227768 0.0164603 0.0450675 0.00151981 0.362874 0.0113911 0.00310286 0.000108701 0.199835 0.0422669 0.00131027 0.0134399 
0.00123881 0.135676 0.00774416 0.04249 0.0382477 0.000168995 0.0198519 0.133385 0.0468789 0.0717032 0.000597149 0.213531 0.0463181 0.00323333 0.000630082 0.139253 0.0902679 0.000118756 0.00866646 
9.00394e-05 0.121113 0.00186294 0.0180396 0.0218287 0.00064941 0.0174384 0.0308943 0.0330786 0.0343253 0.000434472 0.598849 0.0235475 0.00658727 0.00104775 0.0481275 0.0144312 0.000308382 0.0273462 
0.00030959 0.0717516 0.0131534 0.0766124 0.0449753 0.000135972 0.0301816 0.023448 0.0179966 0.10493 0.00156198 0.424726 0.0387706 0.00310757 0.00038598 0.0922594 0.0426513 0.000306826 0.0127354 
0.00100104 0.0732461 0.00825116 0.0503317 0.0259279 0.000335596 0.0298602 0.018289 0.00688546 0.0557641 0.00344131 0.47287 0.0236487 0.00397625 0.000219361 0.152182 0.0363964 0.00134132 0.0360323 
0.000484069 0.0951113 0.00637647 0.022002 0.0132955 0.000144308 0.0140327 0.0515084 0.0453513 0.0347687 0.000283155 0.491773 0.0298933 0.00634525 0.000254859 0.0571046 0.0403785 0.0010526 0.0898399 
0.00137876 0.123308 0.0134269 0.0243129 0.0396294 0.000182348 0.0305987 0.0281561 0.00910375 0.0744177 0.00072732 0.499044 0.0138352 0.00394124 0.000225705 0.0700595 0.0514398 0.000140543 0.0160716 
0.00383902 0.122775 0.0204547 0.0664288 0.020105 0.000169006 0.0467735 0.0348731 0.047175 0.0549559 0.000372869 0.270994 0.0514364 0.00552046 0.000106813 0.117032 0.0557163 0.0173296 0.0639428 
0.00369658 0.0478824 0.0110099 0.0318609 0.0186502 0.000224707 0.0421867 0.116057 0.116826 0.0253362 0.000219314 0.396608 0.0352879 0.00103153 3.27119e-05 0.0429203 0.0451854 8.51659e-05 0.0648993 
0.000312742 0.0594055 0.0352092 0.0310955 0.0247113 5.08866e-05 0.0199903 0.0430284 0.0213283 0.0855233 0.00341949 0.410663 0.0293528 0.00109652 0.00019132 0.0738619 0.0586745 0.0156988 0.0863866 
0.0135862 0.0693522 0.00491732 0.0628975 0.0111266 0.000293117 0.0830143 0.0312674 0.0290987 0.113232 0.00555487 0.332236 0.0404488 0.00830155 0.000436336 0.0929657 0.0526482 0.000932688 0.0476901 
0.00573686 0.0652898 0.0167595 0.101314 0.0547185 0.000653858 0.0801548 0.0622461 0.0249777 0.0862825 0.000680086 0.169468 0.0879909 0.00125572 0.0161197 0.115118 0.0881031 0.00678456 0.0163456 
0.000377457 0.0141165 0.0769533 0.049656 0.00221826 0.118797 0.0780128 0.0217611 0.0197564 0.0580962 0.000981255 0.288816 0.0290151 0.00990839 3.24665e-05 0.124241 0.10137 0.000334227 0.00555583 
9.00394e-05 0.121113 0.00186294 0.0180396 0.0218287 0.00064941 0.0174384 0.0308943 0.0330786 0.0343253 0.000434472 0.598849 0.0235475 0.00658727 0.00104775 0.0481275 0.0144312 0.000308382 0.0273462 
9.00394e-05 0.121113 0.00186294 0.0180396 0.0218287 0.00064941 0.0174384 0.0308943 0.0330786 0.0343253 0.000434472 0.598849 0.0235475 0.00658727 0.00104775 0.0481275 0.0144312 0.000308382 0.0273462 
0.00495022 0.066151 0.0103207 0.0385742 0.0316345 0.000212857 0.128003 0.0227768 0.0164603 0.0450675 0.00151981 0.362874 0.0113911 0.00310286 0.000108701 0.199835 0.0422669 0.00131027 0.0134399 
0.00867752 0.0846009 0.00959462 0.097799 0.040152 0.000389045 0.0822037 0.0926821 0.089413 0.0468227 0.000620191 0.150058 0.0764034 0.0107668 0.000379802 0.124364 0.0563339 0.00671926 0.0220194 
0.0247685 0.0411626 0.00984487 0.0406617 0.0262403 5.60936e-05 0.0164403 0.0657267 0.0287711 0.101331 0.000863389 0.31992 0.0408321 0.0135871 0.000516635 0.14117 0.0297628 0.0417664 0.0565785 
8.80234e-05 0.0842318 0.020867 0.0339197 0.092452 7.14336e-05 0.0261708 0.0234915 0.00899414 0.0484996 0.00197361 0.489612 0.0145077 0.00211117 0.00010046 0.0964643 0.0435347 1.41382e-05 0.0128958 
0.001692 0.0332966 0.00372655 0.0175626 0.0206604 0.000444005 0.0261627 0.0120352 0.0240761 0.0233423 0.0055783 0.431485 0.104628 0.00408607 0.000379993 0.260973 0.015932 0.000195267 0.0137435 
2.67786e-05 0.0606279 0.00468228 0.0377081 0.00448512 0.000218603 0.0409892 0.0104743 0.0153106 0.0180216 0.00058856 0.710648 0.0134547 0.00147196 3.83108e-05 0.0583296 0.00639485 8.94344e-06 0.0165211 
0.0125977 0.144344 0.00409159 0.0509344 0.0140665 0.000312004 0.0867419 0.027953 0.0387688 0.040633 0.000753922 0.209852 0.0188317 0.00664885 0.00036135 0.148937 0.0665125 0.00494559 0.122715 
0.000198625 0.110382 0.017228 0.0175914 0.0547669 0.000337246 0.0110544 0.0164174 0.00287557 0.0470139 8.59159e-05 0.600516 0.0267788 0.00385651 0.000333374 0.0384465 0.0421223 0.000283111 0.00971206 
0.0014993 0.0517079 0.00658822 0.0395545 0.0216547 4.55833e-05 0.0195539 0.0634725 0.205805 0.0935779 0.000590949 0.23514 0.0720952 0.0095754 0.000585365 0.0595664 0.0268605 0.023643 0.0684836 
0.00495022 0.066151 0.0103207 0.0385742 0.0316345 0.000212857 0.128003 0.0227768 0.0164603 0.0450675 0.00151981 0.362874 0.0113911 0.00310286 0.000108701 0.199835 0.0422669 0.00131027 0.0134399 
0.00244017 0.075684 0.017175 0.0528165 0.0263238 0.00017459 0.0239942 0.023512 0.0143418 0.0416984 0.00232575 0.520067 0.0294963 0.00312562 0.00031585 0.107484 0.0511824 0.00254343 0.00529952 
0.000198625 0.110382 0.017228 0.0175914 0.0547669 0.000337246 0.0110544 0.0164174 0.00287557 0.0470139 8.59159e-05 0.600516 0.0267788 0.00385651 0.000333374 0.0384465 0.0421223 0.000283111 0.00971206 
0.00657721 0.0986968 0.017853 0.0798093 0.0284313 0.000394261 0.0376225 0.145666 0.117657 0.0543555 0.000657388 0.173366 0.0151744 0.00204486 0.000426752 0.0918192 0.117486 0.00621338 0.00574938 
0.00274042 0.131627 0.0114445 0.078657 0.040656 0.000790194 0.0873467 0.0415316 0.0311997 0.0636036 0.00240001 0.218478 0.0795446 0.00709996 0.000348301 0.135565 0.0497195 0.00304405 0.0142044 
3.95047e-05 0.0534573 0.00133767 0.00583028 0.0024813 9.56341e-06 0.0112899 0.143667 0.0183333 0.013404 7.9241e-08 0.485083 0.0137883 0.000533366 0.000113646 0.0734244 0.167477 1.07643e-05 0.00972046 
5.97756e-05 0.129057 0.00469652 0.00979681 0.0251133 0.000240044 0.0167813 0.0323 0.00585249 0.0204378 0.000117701 0.662648 0.028483 0.00139584 0.000286462 0.0358454 0.0229289 0.000262244 0.00369686 
0.00190205 0.0437919 0.027311 0.0135173 0.0227169 0.000553214 0.0627616 0.0237623 0.0243588 0.0207128 0.0013962 0.622355 0.0261516 0.00787599 0.000529413 0.054561 0.0288646 0.00476326 0.0121149 
0.000360154 0.0711195 0.00852191 0.0202834 0.0177229 0.000593353 0.0287167 0.0186166 0.0211721 0.0254009 0.00266678 0.595587 0.0514917 0.00842287 0.000257836 0.0806103 0.0136961 0.00297787 0.0317817 
0.00495022 0.066151 0.0103207 0.0385742 0.0316345 0.000212857 0.128003 0.0227768 0.0164603 0.0450675 0.00151981 0.362874 0.0113911 0.00310286 0.000108701 0.199835 0.0422669 0.00131027 0.0134399 
0.00141275 0.131224 0.00923622 0.0349626 0.0315324 0.000239157 0.0738282 0.0591725 0.0479706 0.0665309 0.0305194 0.196717 0.0552749 0.00509545 0.00128638 0.187921 0.0480472 0.00506449 0.0139643 
0.00114596 0.219589 0.0142909 0.0205271 0.00904641 8.1059e-05 0.0672176 0.0263537 0.0276359 0.0305587 0.000426069 0.400961 0.0208629 0.00492539 0.000242888 0.0985416 0.0462359 0.000691965 0.0106661 
0.00030959 0.0717516 0.0131534 0.0766124 0.0449753 0.000135972 0.0301816 0.023448 0.0179966 0.10493 0.00156198 0.424726 0.0387706 0.00310757 0.00038598 0.0922594 0.0426513 0.000306826 0.0127354 
0.00489554 0.043194 0.00430873 0.0695032 0.0094382 4.36358e-06 0.0221778 0.0174817 0.170346 0.0342369 0.007422 0.198944 0.0395346 0.00561962 0.00092922 0.187381 0.0128981 0.00181452 0.16987 
4.93834e-05 0.0420959 0.00333896 0.0142549 0.00770477 0.000473454 0.0105765 0.0509543 0.00764139 0.0367302 0.000510235 0.627667 0.0425279 0.00388941 0.000424161 0.0668364 0.0602153 0.0187408 0.00536905 
0.00238707 0.0693424 0.00430499 0.0687738 0.00724891 0.000163881 0.0238459 0.0774399 0.106851 0.0401367 0.00404872 0.244551 0.0629508 0.00797372 0.000272622 0.169853 0.0419082 0.0160105 0.0519371 
0.00495022 0.066151 0.0103207 0.0385742 0.0316345 0.000212857 0.128003 0.0227768 0.0164603 0.0450675 0.00151981 0.362874 0.0113911 0.00310286 0.000108701 0.199835 0.0422669 0.00131027 0.0134399 
0.00350821 0.0440738 0.00824489 0.0352371 0.0248871 0.000296447 0.0158836 0.0327855 0.0358759 0.0544127 0.000222495 0.47772 0.0425405 0.0148496 0.00153592 0.111235 0.0244247 0.0208319 0.0514348 
8.25071e-05 0.245949 0.00288177 0.0235429 0.0167067 2.54294e-05 0.0374974 0.0158194 0.0149074 0.0363049 0.000463332 0.435953 0.0106426 0.00211589 0.000147279 0.119171 0.0309026 0.000297223 0.00658939 
0.000125482 0.114603 0.0120289 0.0153668 0.0510881 0.000409301 0.027998 0.0263431 0.0108236 0.0357631 0.00138397 0.58034 0.0176825 0.00355859 0.000468495 0.0683496 0.0260858 0.000185787 0.00739621 
0.00440253 0.0610984 0.00331796 0.062424 0.172948 0.000698728 0.00322484 0.168944 0.130766 0.0288745 0.000472971 0.199313 0.0107582 0.00130906 0.000179393 0.0732072 0.0375651 0.000688891 0.0398067 
0.00938433 0.164812 0.0121955 0.0453223 0.0227895 0.000200784 0.123922 0.0369669 0.0616994 0.0501018 0.000363636 0.223429 0.0241812 0.00249454 0.000222212 0.112849 0.0809203 0.00713233 0.0210126 
0.0043562 0.104526 0.00436433 0.0680475 0.0245828 0.00013499 0.0488692 0.0183502 0.0507819 0.0289599 0.00791091 0.369737 0.0374723 0.0154003 0.000404588 0.163066 0.0152822 0.00701218 0.030742 
