0.00395174 0.132121 0.00462268 0.0677812 0.0111492 0.000359892 0.134302 0.0249889 0.10173 0.0425595 0.00102945 0.0467816 0.0207877 0.00390263 0.000650896 0.289433 0.0263506 0.00311628 0.0843808 
0.00108689 0.0943072 0.00171604 0.0254105 0.0241267 5.96058e-05 0.0214704 0.119788 0.206818 0.0269869 0.00054836 0.0714584 0.0446387 0.0264128 0.000242672 0.232029 0.04431 0.0038409 0.0547491 
0.00245118 0.0619295 0.00798934 0.0936884 0.0199408 0.000383925 0.170365 0.0226529 0.0359468 0.038923 0.000462584 0.143377 0.0203097 0.0086437 0.000197697 0.181238 0.0668198 0.00784033 0.11684 
0.00666119 0.0323834 0.0147918 0.154456 0.0423367 0.000923556 0.215892 0.0306472 0.0289202 0.0243792 0.000782192 0.0933695 0.0256202 0.00202572 8.4697e-05 0.228302 0.0590737 0.000761719 0.038589 
0.0101712 0.0310841 0.00558405 0.0591752 0.0110697 0.000181534 0.0747788 0.0393081 0.0617478 0.0199523 0.00741982 0.155303 0.125921 0.00904254 0.00713875 0.261449 0.0242932 0.0466201 0.0497601 
0.000732509 0.141866 0.0020047 0.110656 0.0166363 0.00132708 0.155023 0.020658 0.0375543 0.0729101 0.0013731 0.0606751 0.0830831 0.00386643 0.00595006 0.22171 0.0229785 0.0216628 0.0193332 
0.00351545 0.0330516 0.000598082 0.117106 0.00641596 6.42622e-05 0.0728562 0.0191166 0.167272 0.0670441 0.00433341 0.0330192 0.026091 0.0191871 0.000130173 0.242106 0.100031 0.0648335 0.0232291 
0.00972417 0.0641728 0.00414245 0.0522109 0.0123247 0.000239465 0.105829 0.0659502 0.208126 0.0335103 0.0010288 0.0431059 0.0269207 0.0136916 0.00022492 0.298316 0.0345082 0.00728353 0.0186905 
0.000235531 0.160978 0.00230856 0.0683331 0.0100718 0.0013141 0.236812 0.00584813 0.052843 0.0693653 0.00126404 0.012925 0.00901672 0.00046852 0.00386244 0.262587 0.0662422 0.00072043 0.0348044 
0.00260048 0.116385 0.00166081 0.0173841 0.0106905 0.00466848 0.0121277 0.0506143 0.0317096 0.00611782 0.000609893 0.0299053 0.0375669 0.00552353 0.00114517 0.629211 0.00569164 0.0130838 0.0233044 
0.00877274 0.049262 0.00444244 0.0516591 0.0133371 8.9568e-05 0.100671 0.102854 0.207333 0.0291999 0.000546924 0.0323919 0.0217587 0.00732592 0.000841757 0.282582 0.031472 0.0123323 0.0431274 
0.00649735 0.18786 0.00806373 0.0614817 0.0376879 0.000512673 0.080793 0.0321121 0.0600672 0.0507391 0.00226822 0.052075 0.0215595 0.00421344 0.000314738 0.309457 0.0454371 0.00379484 0.0350655 
0.00609387 0.125285 0.00425926 0.0405234 0.0207253 0.000423839 0.061228 0.0665152 0.0612698 0.0341505 0.00439736 0.0652643 0.0417756 0.00368742 0.000771549 0.407318 0.0285568 0.00901752 0.018738 
0.00130117 0.0555326 0.00198128 0.108482 0.00328204 6.76662e-05 0.192815 0.0291964 0.120318 0.0786115 0.00123741 0.0210572 0.031856 0.00244875 2.18199e-05 0.266506 0.0341542 0.00939051 0.0417417 
0.000278583 0.102812 0.000507963 0.0783137 0.00793033 1.57229e-05 0.235102 0.00323379 0.011233 0.0235809 8.34206e-07 0.00344404 0.00451585 0.00839892 3.34589e-05 0.501491 0.0181236 0.000983288 1.21657e-06 
0.00327733 0.128544 0.0162871 0.118849 0.0103604 0.000133251 0.0438749 0.0295763 0.106078 0.0762163 0.00209265 0.090758 0.0517776 0.0442405 0.000788028 0.140205 0.0164501 0.00506804 0.115423 
0.00144006 0.0572996 0.00386359 0.0410494 0.0227359 0.00152399 0.0767171 0.0300696 0.151927 0.0196261 0.00310707 0.118908 0.129223 0.0165717 0.00144041 0.243408 0.0135396 0.0279207 0.0396281 
0.0173881 0.0443906 0.00309178 0.0517327 0.0393523 0.00014415 0.0564423 0.174741 0.111542 0.0369765 0.00129798 0.0526359 0.0247464 0.0189128 0.00514522 0.22575 0.053146 0.0166003 0.0659637 
0.00387831 0.0864951 0.0266261 0.0662499 0.0391138 0.000183306 0.128175 0.0214052 0.0288919 0.183099 0.00128123 0.0639053 0.0443659 0.0226204 0.000191946 0.207078 0.0545366 0.00296905 0.0189345 
0.00522527 0.135299 0.00887669 0.0752772 0.0316012 0.00183597 0.094184 0.0731308 0.0574423 0.0373851 0.00747333 0.0581528 0.0275202 0.0162442 0.00257374 0.277882 0.0621702 0.014977 0.0127487 
0.00784537 0.151345 0.00758771 0.0561005 0.0342341 0.000955982 0.0756809 0.054716 0.0482114 0.0488134 0.000648955 0.107263 0.105484 0.00809897 0.000288334 0.193263 0.0677046 0.00457898 0.0271799 
0.00419414 0.0755307 0.00740969 0.0532022 0.0325252 0.000271291 0.137896 0.0930298 0.0881973 0.0377613 0.00180345 0.0849504 0.0549685 0.00748339 0.000667466 0.241692 0.0418716 0.00617792 0.0303677 
0.000861847 0.0947487 0.00886453 0.0244382 0.00638902 0.000135848 0.129054 0.146211 0.101795 0.041056 0.00494417 0.0601229 0.0243882 0.00362586 0.000809183 0.286077 0.0504326 0.000771965 0.015274 
0.014351 0.10188 0.0136603 0.0599456 0.0162916 0.000172865 0.147565 0.0221243 0.0625826 0.0328774 0.000692201 0.176067 0.03908 0.00742823 0.000536362 0.230034 0.0381182 0.00422895 0.0323631 
0.0363908 0.0961584 0.00350925 0.0961941 0.0183256 0.0017871 0.259814 0.0138857 0.0673945 0.0284353 0.000650668 0.0241013 0.0128746 0.00196537 0.000178277 0.284231 0.044021 0.00181035 0.00827218 
0.00565307 0.0945435 0.00283713 0.0839456 0.0166022 0.000591645 0.1001 0.0261044 0.0468926 0.0632838 0.00684656 0.166555 0.124281 0.00779658 0.00167959 0.218091 0.0174179 0.000490184 0.0162878 
0.0107396 0.0899586 0.00308998 0.128837 0.020611 0.000294074 0.113968 0.03009 0.0887037 0.0367494 0.00158723 0.138951 0.0230273 0.0147797 0.000568503 0.147675 0.0450661 0.0105786 0.0947257 
0.00572289 0.129973 0.0105874 0.0284873 0.042392 0.000237185 0.109937 0.0177555 0.0444898 0.0354587 0.000786784 0.0991956 0.019665 0.00985442 0.00516472 0.221969 0.026961 0.013785 0.177578 
0.00202707 0.108397 0.00959456 0.199612 0.0239194 0.000119846 0.110882 0.0127897 0.0307882 0.0551953 0.0027261 0.0769836 0.09536 0.00400613 0.000190577 0.201982 0.0558728 0.00176436 0.00778899 
0.00109092 0.113639 0.00260188 0.0904423 0.0236161 0.00018256 0.145086 0.0294043 0.138191 0.0684897 0.00018956 0.0191424 0.0851408 0.00352154 0.00508281 0.191043 0.0548294 0.00159496 0.0267116 
0.0244301 0.0686074 0.0130245 0.132536 0.0205917 0.000368953 0.226096 0.0147076 0.036667 0.14013 0.000323679 0.0131499 0.0069171 0.0014933 5.14224e-05 0.247478 0.0389245 0.00795622 0.00654737 
0.00524912 0.100734 0.00889017 0.0589464 0.0207295 0.00132521 0.0561898 0.042702 0.067497 0.0467532 0.009421 0.0735588 0.0982576 0.00792256 0.00152194 0.223499 0.0251676 0.0090467 0.142589 
0.00530012 0.0289397 0.00294198 0.0247566 0.00690511 0.000130262 0.0211557 0.101286 0.185072 0.0261903 0.000155185 0.0197957 0.0164686 0.00549858 0.00043477 0.480871 0.0298112 0.0163935 0.0278939 
0.00319929 0.0948108 0.00713166 0.131592 0.0179942 0.000197813 0.177004 0.0393712 0.0944292 0.0554065 0.002271 0.0722039 0.0273879 0.00165839 0.000443708 0.222235 0.0385686 0.00326624 0.0108287 
0.0118165 0.0634532 0.00676139 0.0982451 0.0341084 0.000479374 0.165786 0.0117672 0.146784 0.0500172 0.00221819 0.0545263 0.0228315 0.0198198 0.000286495 0.222805 0.0162554 0.0315188 0.0405193 
0.00382996 0.0323566 0.0053407 0.0470434 0.0102792 0.000877589 0.0248013 0.120767 0.0432942 0.0314029 0.0213457 0.0852339 0.0707024 0.00595989 0.000303533 0.428201 0.0146982 0.0289906 0.0245721 
0.00300621 0.0328684 0.00170564 0.0394571 0.0097891 0.000337056 0.256338 0.0161688 0.0313287 0.0197686 0.00307463 0.224229 0.0162401 0.00713952 9.61783e-05 0.285196 0.0209267 0.000177497 0.0321529 
0.0013281 0.219959 0.00275151 0.0506381 0.037679 0.000294956 0.0783246 0.0403049 0.0431776 0.0344612 0.0023201 0.105636 0.0520335 0.00282147 0.000127883 0.284914 0.0320986 0.00163852 0.00948981 
0.00768148 0.183582 0.00914417 0.0320441 0.0203173 0.00100283 0.181776 0.0331811 0.0358822 0.0435582 0.000727156 0.0752791 0.0200828 0.00311673 0.00102593 0.298699 0.0409262 0.00186175 0.0101123 
0.00503293 0.0551967 0.0113826 0.0652986 0.0284331 0.000574252 0.100451 0.0767943 0.0978617 0.0419104 0.00217488 0.114257 0.0877507 0.0147009 0.00154044 0.22391 0.0386602 0.0128262 0.0212444 
0.00193245 0.0422483 0.00293131 0.084871 0.0109092 0.000321704 0.0635818 0.0601609 0.154894 0.0269042 0.00180325 0.0778562 0.0302547 0.0330094 0.00146653 0.345307 0.0202762 0.00213531 0.0391369 
0.00609352 0.0517493 0.00369732 0.133821 0.0121752 0.000129234 0.191555 0.0249901 0.0491672 0.0350311 7.04967e-05 0.0383772 0.00904205 0.0198358 0.000125203 0.208542 0.118381 0.0100122 0.0872053 
0.0120099 0.0372466 0.00309966 0.0379887 0.0542704 0.000618558 0.154938 0.0293821 0.074251 0.0193492 0.000910611 0.0202128 0.0205157 0.219435 0.000910514 0.245949 0.0252483 0.00718206 0.0364818 
0.0122461 0.0967765 0.0113509 0.0779363 0.042147 1.93926e-05 0.132629 0.0248232 0.110028 0.0627868 0.00122916 0.0330766 0.00912867 0.00151277 1.4394e-05 0.245833 0.100319 0.0205744 0.0175688 
0.00418745 0.0901734 0.00722555 0.0427933 0.0206639 0.000311265 0.122544 0.0457789 0.0478497 0.0267685 0.00490402 0.0537499 0.210178 0.00405911 0.000184718 0.269606 0.0385089 0.00127964 0.00923386 
0.0024737 0.0635068 0.0105446 0.0554816 0.0213335 0.00103043 0.103429 0.0294645 0.0935598 0.0451225 0.00174775 0.128025 0.0672734 0.0553101 0.000455836 0.245129 0.0332071 0.0117331 0.0311717 
0.0011385 0.0711352 0.00553375 0.0447825 0.0140632 0.00030676 0.0417246 0.122443 0.0675674 0.0488525 0.000698683 0.18955 0.0808445 0.00502553 0.000642336 0.243729 0.02816 0.00334758 0.0304555 
0.00438109 0.04018 0.0329189 0.0892775 0.0122886 0.000332103 0.183996 0.0352942 0.100502 0.0245029 0.000149482 0.0270072 0.0772812 0.00388339 0.000156981 0.317156 0.0424791 0.00185535 0.00635848 
0.00539201 0.0406586 0.00772412 0.0613408 0.0141411 0.000455516 0.101642 0.127957 0.0499396 0.0398742 0.000753796 0.102416 0.125494 0.00814498 0.00053583 0.248024 0.0383198 0.0117552 0.0154311 
0.000864401 0.155255 0.00618898 0.0320779 0.0152177 0.000229106 0.0581496 0.0323413 0.0935312 0.0255053 0.000923599 0.0638717 0.0261012 0.00236639 0.00185326 0.433113 0.0339389 0.0064403 0.0120317 
0.000468808 0.109495 0.0208181 0.0355982 0.0167398 0.000120042 0.0936446 0.0167125 0.0209768 0.0688902 0.000840124 0.164662 0.0834758 0.000909423 1.05951e-05 0.25515 0.0560629 8.27601e-05 0.0553435 
0.00467227 0.0553709 0.00645386 0.0525347 0.015341 8.18758e-05 0.0684995 0.0341992 0.122187 0.0396667 0.00340344 0.156834 0.0949142 0.0130482 0.000492553 0.284187 0.0186289 0.00171497 0.0277702 
0.0023845 0.0310038 0.00888223 0.119546 0.0195423 0.00205743 0.105984 0.0558051 0.0450682 0.0547411 0.00377246 0.060962 0.0577207 0.00321567 0.000224775 0.2692 0.143267 0.00529623 0.0113261 
0.00129906 0.181773 0.00828332 0.00977277 0.0438464 0.000213132 0.00560238 0.0403032 0.00863609 0.065578 0.0794943 0.0388572 0.0553417 0.00214178 0.000610197 0.421724 0.0180896 0.00213261 0.0163013 
0.00262616 0.0893367 0.0239449 0.0704206 0.0441086 0.000352122 0.0391505 0.0288105 0.0271325 0.0606379 0.00222358 0.150795 0.03229 0.00394129 0.00131611 0.281774 0.0671476 0.0103465 0.0636459 
0.0144536 0.0720897 0.00779471 0.0537741 0.0251112 0.000246586 0.0661124 0.0349503 0.147978 0.0600512 0.00100626 0.117711 0.0288657 0.00640071 0.00150352 0.173499 0.049273 0.0103526 0.128826 
0.00191901 0.0425264 0.00919041 0.0316266 0.049521 0.000340455 0.0587813 0.10292 0.162478 0.0603476 0.000279257 0.0785683 0.136706 0.0188708 0.00103433 0.171755 0.0192962 0.0215757 0.0322635 
0.0076165 0.0276394 0.00322694 0.0358742 0.0113266 0.000136423 0.0969451 0.024114 0.302082 0.0133883 0.00023067 0.0428347 0.0191811 0.022042 0.000855406 0.305166 0.0300098 0.0156351 0.0416958 
0.0120725 0.0827747 0.00327878 0.124837 0.0533898 0.000605319 0.0881479 0.0395882 0.0198953 0.215377 0.00294972 0.0340373 0.012009 0.0013152 0.000111241 0.248403 0.0544502 0.000149472 0.0066084 
0.00425399 0.135798 0.0124203 0.0665995 0.0390472 0.000233978 0.0791199 0.0740204 0.112692 0.0538932 0.00152238 0.095182 0.0527472 0.00779382 0.000462837 0.173754 0.0513713 0.00842861 0.0306592 
0.00912373 0.165106 0.0107113 0.0821832 0.0311389 0.000412957 0.103399 0.0505221 0.0529881 0.0371671 0.00240503 0.0485989 0.0252114 0.00400797 0.000255401 0.323937 0.0373716 0.00148571 0.013975 
0.0106583 0.108962 0.0061129 0.0516848 0.00773098 0.000806636 0.0506471 0.0630705 0.0889219 0.0619911 0.00186836 0.15859 0.0777538 0.010072 0.000949454 0.214731 0.0159219 0.0264309 0.0430968 
0.00416912 0.157322 0.00609524 0.0703537 0.0239825 0.00223732 0.0683199 0.0316371 0.118262 0.0558385 0.00143626 0.081053 0.02418 0.00446956 0.00153995 0.268378 0.0395983 0.0108596 0.0302687 
0.00153093 0.153733 0.0118189 0.0402298 0.0237857 0.000344451 0.00476861 0.115707 0.0228862 0.117066 0.00221311 0.0959476 0.0521712 0.00137581 0.000104525 0.17359 0.166247 0.000268494 0.0162124 
0.0184679 0.190497 0.00471436 0.0247489 0.0112946 0.000477867 0.0470439 0.106546 0.0635594 0.0488401 0.000280704 0.0372841 0.0222935 0.00431901 0.000343611 0.208318 0.190393 0.0107291 0.00984805 
0.0303912 0.0348184 0.00245735 0.0530792 0.00337255 0.000198169 0.034905 0.00419352 0.351386 0.00806467 3.15761e-05 0.0184548 0.0165273 0.0121025 0.000405285 0.35868 0.00464247 0.0107187 0.0555716 
0.00133268 0.040717 0.00666899 0.0705816 0.0157352 1.98967e-05 0.0844343 0.14774 0.073216 0.0730708 0.000817296 0.0176591 0.0161405 0.00189377 3.48472e-06 0.381746 0.0504775 4.37668e-05 0.0177021 
0.000701924 0.041402 0.0182643 0.053882 0.0166403 0.000231856 0.0405985 0.0122719 0.0303911 0.0284137 0.00099623 0.22516 0.16326 0.00403433 0.000609499 0.322104 0.0230398 0.00148906 0.0165101 
0.000404234 0.178868 0.00392593 0.0339879 0.0135174 0.000595089 0.141047 0.030939 0.0285491 0.0905576 0.00501828 0.0827769 0.0071818 0.00416847 3.45395e-05 0.220892 0.151323 2.48217e-05 0.00618853 
0.00664405 0.0484135 0.0084373 0.0380504 0.0318528 0.000183593 0.13697 0.0210649 0.0204604 0.0515239 0.000901641 0.0958253 0.215445 0.00272245 0.000115335 0.258363 0.0482677 0.00284004 0.0119191 
0.00202334 0.1527 0.0101393 0.0262203 0.0412446 0.000150238 0.0437616 0.0389756 0.0485881 0.0416304 0.00520602 0.0692196 0.0559621 0.00259585 8.06083e-05 0.39676 0.0477882 0.00220144 0.0147529 
0.0461622 0.0331618 0.00196178 0.048678 0.0101066 9.6902e-05 0.0882832 0.028156 0.293712 0.030006 0.000196282 0.0209173 0.012061 0.00718656 0.000194353 0.298107 0.0363868 0.0245856 0.0200406 
0.000103931 0.134608 0.0117081 0.0449381 0.118387 0.000151951 0.0555452 0.0628457 0.0399955 0.0501771 0.000207911 0.0907132 0.0624956 0.00362589 0.0015107 0.218651 0.0814678 0.00277292 0.0200936 
0.00822053 0.140851 0.0062339 0.0601656 0.020843 0.000696483 0.186112 0.0217971 0.112178 0.0258083 0.000551323 0.0594961 0.0396188 0.00333182 0.00112188 0.260198 0.0275394 0.00390825 0.021328 
0.0165246 0.119678 0.0167344 0.147993 0.112901 0.000381749 0.0551089 0.0280389 0.0488504 0.0634721 0.000140801 0.0720694 0.0230267 0.00991286 0.00628552 0.15816 0.0669952 0.0105269 0.0431993 
0.00342255 0.0553451 0.00102219 0.0419322 0.0143017 0.000178244 0.0368353 0.0404825 0.186323 0.0246886 0.000754974 0.0730581 0.0425361 0.0175894 0.00129239 0.337321 0.0227496 0.0363889 0.0637786 
0.00277105 0.0840892 0.00437328 0.152437 0.0170926 0.000629413 0.151916 0.0115015 0.0731075 0.0576576 0.000461959 0.0898714 0.092441 0.0115908 0.00198389 0.177823 0.0271817 0.0096959 0.0333759 
0.00146038 0.100581 0.00649438 0.0423898 0.0141454 0.000358771 0.0447786 0.0827908 0.0450341 0.0352405 0.00804462 0.206081 0.0906967 0.00756364 0.000659643 0.25169 0.0243647 0.0121459 0.0254797 
0.056685 0.0319166 0.000552136 0.151601 0.00287267 0.000102981 0.0998281 0.00160749 0.146961 0.0145011 0.00231643 0.0564802 0.1212 0.00404022 0.00176506 0.202781 0.0656157 0.00812223 0.0310522 
0.0323878 0.0574374 0.0115559 0.0522113 0.0228459 0.000441398 0.137866 0.0194788 0.0492957 0.0341683 0.00753314 0.0435399 0.0384836 0.00837079 0.000451427 0.429463 0.0218492 0.00325971 0.0293611 
0.00315912 0.0321615 0.00175701 0.0420246 0.00836061 0.000494406 0.24408 0.0418741 0.0756264 0.0185797 0.022113 0.0351827 0.0449859 0.00347761 0.000161455 0.403576 0.0178683 0.000450112 0.00406683 
0.00418556 0.168856 0.00750758 0.0572569 0.0229401 0.00234963 0.0877989 0.0461041 0.0540973 0.0504416 0.00311146 0.0992383 0.0256523 0.00391349 0.000509845 0.310098 0.0412217 0.00116355 0.0135542 
0.00418345 0.232887 0.00866133 0.0402763 0.0299493 0.000454506 0.108132 0.0283179 0.0703303 0.0354085 0.000509879 0.0704018 0.0417435 0.00560589 0.000374968 0.261315 0.0478067 0.00296779 0.0106747 
0.0134683 0.018294 0.00110388 0.0505269 0.0124923 1.54493e-05 0.236398 0.0200692 0.222402 0.00771946 2.28059e-06 0.0358019 0.0177551 0.0209581 0.000947055 0.272731 0.0136304 0.0147378 0.0409471 
0.00258799 0.0793267 0.00546433 0.0433336 0.0240145 0.00233215 0.0604001 0.056104 0.0663737 0.037095 0.000626194 0.017349 0.0411325 0.0167993 0.000898749 0.472116 0.0291313 0.0103421 0.0345723 
0.0203141 0.0721901 0.00764669 0.0392678 0.0457797 0.000189873 0.0592208 0.0132991 0.116731 0.0612691 0.000607057 0.072806 0.0202764 0.00619159 0.000353991 0.344597 0.0228183 0.0120912 0.0843502 
0.00528865 0.0760225 0.00323769 0.0683214 0.0136789 0.00165406 0.0523151 0.019913 0.0315592 0.0449505 0.000252023 0.0701821 0.0329162 0.00730812 0.000642894 0.434167 0.0214352 0.00534152 0.110814 
0.00787598 0.0338564 0.0195473 0.14479 0.0120393 7.00548e-05 0.0922548 0.108652 0.0528606 0.021751 0.000612865 0.121425 0.117188 0.00326598 0.000481175 0.161173 0.0254759 0.013307 0.0633737 
0.00619312 0.0483173 0.000271209 0.0176649 0.00570716 0.00138794 0.119755 0.00736423 0.0836241 0.00676781 3.56076e-05 0.0636111 0.0224368 0.0025294 0.000191908 0.591035 0.00807911 0.00744818 0.0075801 
0.0103542 0.0569454 0.00363129 0.0906091 0.0146626 3.69868e-05 0.0790766 0.0751575 0.0739719 0.0475432 0.00148134 0.0603545 0.110568 0.00672208 0.000118711 0.276658 0.0557245 0.00308453 0.0332997 
0.00011194 0.160756 0.00564994 0.0346703 0.0221169 4.966e-05 0.0274605 0.0768399 0.0112445 0.106271 0.000452884 0.140746 0.0487119 0.0016338 0.000126481 0.326485 0.0331382 3.68414e-05 0.00349833 
0.00633308 0.165829 0.00249485 0.028592 0.0124755 0.000383635 0.0908268 0.0202201 0.0477689 0.0234367 0.000337854 0.0495722 0.0177228 0.0266921 0.000684485 0.448981 0.0480888 0.00158401 0.00797525 
0.00610652 0.0752511 0.00252446 0.0373955 0.0223298 0.000142857 0.162229 0.0764434 0.184431 0.0370101 0.000563897 0.0303334 0.0280682 0.00514567 0.00123932 0.266512 0.0299764 0.0185802 0.0157172 
0.00189378 0.185371 0.0231524 0.0399519 0.0588784 7.44903e-05 0.0248598 0.0638738 0.0520587 0.168814 0.0149706 0.0831929 0.0414138 0.00164291 0.000556669 0.194536 0.0244336 0.00170532 0.0186204 
0.00741279 0.073622 0.00781196 0.0520805 0.0195021 0.00043172 0.0449672 0.0680467 0.0740607 0.0365526 0.00124769 0.0877865 0.102581 0.00941385 0.0019799 0.291548 0.0402645 0.0368762 0.0438138 
0.00677962 0.0508027 0.00188348 0.0302361 0.00912065 8.18598e-05 0.0362494 0.0309685 0.23927 0.0152283 0.000359004 0.0460855 0.0700156 0.017697 0.00120071 0.354324 0.0191234 0.0271595 0.0434139 
0.000963599 0.0532023 0.0131522 0.0674408 0.0455319 0.000274464 0.146817 0.032377 0.0475788 0.0681054 0.00113348 0.0523245 0.0303721 0.00491501 6.30943e-05 0.361845 0.0548755 0.000112237 0.0189154 
0.00599411 0.08945 0.00335438 0.111292 0.0175765 0.000132993 0.106362 0.0526097 0.0741369 0.0381338 0.000870501 0.0707872 0.0606153 0.010187 0.00022563 0.291045 0.0365824 0.00211827 0.0285262 
0.00474582 0.158008 0.0111917 0.0399015 0.0116127 0.000470193 0.173521 0.0529458 0.0218914 0.045498 0.00114208 0.0542699 0.018453 0.0110904 0.00077204 0.30791 0.0722027 0.00167089 0.0127032 
0.000281942 0.0685534 0.0903059 0.0304216 0.0705245 0.000611116 0.19415 0.0545379 0.0170206 0.0679503 0.00242844 0.0519772 0.0142109 0.00096798 0.000194048 0.261887 0.0627256 0.0093128 0.00193879 
0.00124359 0.0614646 0.00506113 0.0776151 0.045387 0.000469521 0.0370982 0.0188582 0.242981 0.029648 0.000823285 0.032686 0.0178944 0.00193117 0.00142607 0.326767 0.0655219 0.00576112 0.0273631 
0.0150872 0.138973 0.00920961 0.075188 0.0247864 0.000338141 0.146949 0.0217957 0.0511214 0.0368126 0.000876306 0.0941624 0.0126038 0.0047919 0.000353803 0.262951 0.0392817 0.021721 0.0429967 
0.00577221 0.180886 0.00656228 0.0788488 0.0122128 0.000131885 0.081804 0.0442778 0.0248661 0.0385412 0.0010542 0.203662 0.0258453 0.00353533 4.94998e-05 0.21189 0.0573274 3.22383e-05 0.0227006 
0.00572749 0.128634 0.0182897 0.0348538 0.0198011 0.00061431 0.207634 0.0379411 0.0326283 0.0460277 0.00175926 0.0817912 0.0151732 0.00559152 0.000670522 0.277573 0.0698365 0.0047917 0.0106616 
0.0104008 0.200471 0.00488524 0.0577603 0.0196862 0.00041744 0.0880449 0.0403415 0.106885 0.0290283 0.00294353 0.0443895 0.0198248 0.00248865 0.000451348 0.271748 0.0737286 0.00723292 0.0192719 
4.71112e-06 0.0424797 0.000680635 0.0179141 0.0203623 8.73125e-08 0.0279557 0.169594 0.31311 0.0436779 1.11417e-06 0.00304155 0.000690232 0.000113065 9.29983e-08 0.336596 0.0172514 5.28061e-06 0.00652236 
0.00575363 0.153912 0.00858698 0.0494488 0.0326113 8.60988e-05 0.144308 0.0139418 0.0250797 0.0980029 0.00115442 0.0350724 0.0340954 0.00301517 0.000221017 0.33974 0.0389769 0.000957725 0.0150351 
0.00284593 0.0183104 0.00928327 0.0570095 0.00596936 0.000260275 0.0949576 0.0376087 0.0731945 0.0395519 0.00442946 0.0908191 0.21748 0.00178876 1.93623e-05 0.292323 0.0212382 0.000219018 0.0326915 
0.00370811 0.158529 0.00833575 0.056181 0.0256946 0.00161123 0.0494989 0.122034 0.0526628 0.0505787 0.00190932 0.169834 0.0424966 0.00824995 0.000641656 0.173045 0.0530804 0.00499084 0.0169181 
0.00127548 0.0668633 0.00143793 0.0194657 0.00561778 0.000277174 0.115823 0.0414327 0.118928 0.0227969 0.00679155 0.0888542 0.0227721 0.00111988 0.000170256 0.44478 0.0211158 0.0116113 0.00886692 
0.00571015 0.129553 0.00718486 0.0658442 0.0192476 0.00079769 0.12302 0.0238638 0.0802461 0.0335658 0.00295591 0.086411 0.0407624 0.00451161 0.000763896 0.313149 0.0337403 0.0039717 0.0247008 
0.000190232 0.0205189 0.00429199 0.036938 0.0105878 0.000146491 0.140298 0.00844304 0.0398562 0.00743361 0.000366639 0.0447065 0.0993575 0.00692708 0.000378479 0.559068 0.0041258 0.000913119 0.0154523 
0.00526135 0.0878432 0.00713827 0.08462 0.0282524 0.000776246 0.0888247 0.129845 0.135914 0.0679023 0.00191165 0.0696482 0.0374506 0.00798368 0.00103354 0.155748 0.0684426 0.00583713 0.0155671 
0.00660314 0.181962 0.00686628 0.0314327 0.027066 0.000237239 0.0812802 0.0740124 0.0381821 0.0159391 0.000411261 0.0244122 0.105838 0.00996422 0.000699732 0.343047 0.0280303 0.00374547 0.0202706 
0.00390176 0.0269121 0.00129072 0.0466644 0.00655703 0.000103249 0.0567159 0.0183055 0.286889 0.0200713 0.000272183 0.0620581 0.0839134 0.00343698 0.000306744 0.339328 0.0214189 0.00522482 0.0166291 
0.00140828 0.127347 0.0517817 0.00967041 0.0187583 2.91812e-05 0.0152826 0.195781 0.0178624 0.0177109 0.000330576 0.188657 0.0176066 0.00305101 0.000359523 0.247686 0.0361176 0.00254184 0.0480179 
0.00213143 0.0944055 0.00516286 0.144166 0.0195288 0.000193312 0.0549931 0.0703941 0.0971867 0.0666178 0.0107013 0.0997581 0.0646605 0.00716856 0.000289369 0.217746 0.0217991 0.00209251 0.0210049 
0.00828948 0.221233 0.00852958 0.0544847 0.0128427 0.000449139 0.211052 0.00986702 0.0131685 0.0313955 0.000231776 0.0578776 0.00864044 0.00626887 0.000583707 0.313106 0.0262138 0.00232147 0.0134449 
0.00547447 0.124138 0.0208613 0.0725383 0.040064 0.000516819 0.0686302 0.0382816 0.0144343 0.131564 0.00117467 0.0560073 0.0164827 0.00245339 0.000147927 0.317703 0.0744242 0.00712288 0.0079819 
0.00499267 0.0366751 0.0023353 0.138524 0.0170007 0.000365777 0.0714912 0.0216094 0.0450264 0.0348356 0.00728896 0.0136938 0.0368706 0.0808618 0.000796071 0.358137 0.0243033 0.00586696 0.0993245 
0.00254983 0.0687091 0.00504152 0.0547642 0.00994981 0.000115798 0.0953309 0.0596912 0.120125 0.0392331 0.0012175 0.150303 0.0394313 0.00548692 0.000347188 0.23182 0.0655241 0.00295077 0.0474094 
0.00662322 0.046535 0.00174289 0.0304105 0.0200606 0.000104622 0.0247811 0.192664 0.120841 0.00578242 0.000233374 0.0262903 0.045711 0.0600815 0.00281711 0.295096 0.0133995 0.0714454 0.0353808 
0.00272444 0.0354232 0.0168997 0.0264279 0.0308014 0.000799223 0.062951 0.0394181 0.0379697 0.154194 0.000789514 0.0510919 0.184149 0.00643674 0.000689624 0.244984 0.039033 0.00420404 0.0610135 
0.00532999 0.0658324 0.00773013 0.0790822 0.0229085 0.000133608 0.125885 0.0346395 0.167067 0.0485595 0.000636794 0.0538913 0.0487033 0.014442 0.000130949 0.256603 0.0400175 0.00553448 0.0228729 
0.00217389 0.11089 0.00696559 0.0475709 0.0449247 9.98202e-05 0.0657072 0.0374991 0.104864 0.0314453 0.000244504 0.0364954 0.0277996 0.00457166 0.00139495 0.375372 0.0300105 0.0146816 0.0572884 
0.00682204 0.0586298 0.00448747 0.0756242 0.0266967 0.000673671 0.0730454 0.0620366 0.0696117 0.146213 0.00251702 0.0935128 0.0313939 0.0127093 0.00415527 0.204274 0.105231 0.00462162 0.0177439 
0.0026555 0.0217317 0.0867022 0.0744631 0.0483365 0.000585986 0.0348514 0.0143062 0.0413089 0.108308 0.00333132 0.0221393 0.0421091 0.0039535 0.000772326 0.366263 0.102515 0.00872703 0.0169398 
0.00399205 0.140854 0.00292496 0.0359606 0.0195381 0.000926873 0.113938 0.0438902 0.0507503 0.0293363 0.000178745 0.0199923 0.0134772 0.00134391 0.00193177 0.483645 0.0257004 0.00309338 0.00852584 
0.000278583 0.102812 0.000507963 0.0783137 0.00793033 1.57229e-05 0.235102 0.00323379 0.011233 0.0235809 8.34206e-07 0.00344404 0.00451585 0.00839892 3.34589e-05 0.501491 0.0181236 0.000983288 1.21657e-06 
0.00363675 0.0754458 0.0120448 0.0633775 0.0418516 0.0140443 0.0332928 0.204363 0.0882881 0.0379055 0.000838765 0.092848 0.0352765 0.000943678 0.00809936 0.251348 0.026312 0.00174037 0.00834319 
0.00411569 0.0524712 0.004015 0.0733216 0.00332157 0.000293059 0.0298997 0.113245 0.0157316 0.0443507 0.000903943 0.040248 0.0275562 0.152373 9.49773e-05 0.303065 0.0479759 2.00827e-05 0.0869964 
0.0135769 0.0292836 0.0124026 0.115028 0.0110779 0.00451896 0.0694023 0.0605059 0.226201 0.0470321 0.000113247 0.0257454 0.0760435 0.0229391 0.000389618 0.22775 0.0318633 0.00310991 0.0230168 
0.00484197 0.0819336 0.0065819 0.0911146 0.0138464 0.00015111 0.0939803 0.0369855 0.0666423 0.0455886 0.00172383 0.148046 0.0309229 0.0246181 0.00089456 0.224453 0.0852864 0.0100729 0.0323163 
0.00423532 0.0903167 0.003829 0.211866 0.0226691 0.000346698 0.13464 0.0185518 0.0161626 0.0591221 0.00539506 0.0674055 0.0176389 0.00241265 5.04718e-05 0.283826 0.0565197 6.26709e-05 0.00494952 
0.000667484 0.0744697 0.00268944 0.0857668 0.014625 0.011457 0.152026 0.0374055 0.0704266 0.0863582 0.00301711 0.183089 0.0401783 0.00235105 0.000600274 0.198269 0.0137011 0.00141325 0.0214903 
0.00776742 0.0915812 0.0030313 0.111567 0.0430667 0.000357315 0.160892 0.0220019 0.0472755 0.0514829 0.00402549 0.122267 0.0707495 0.0117132 0.000406936 0.213713 0.0233058 0.000375752 0.0144207 
0.00190296 0.0717254 0.00368238 0.0389091 0.0123543 9.64175e-05 0.0423345 0.215602 0.111973 0.0295165 0.000362969 0.0489182 0.0304321 0.0055746 0.000794592 0.306725 0.0395884 0.00626649 0.0332409 
0.00666623 0.0325837 0.00659967 0.0327118 0.0127423 0.0019812 0.0760835 0.0389785 0.0707093 0.0173307 0.0135633 0.126538 0.169549 0.0176516 0.000555719 0.305111 0.018601 0.0104638 0.0415795 
0.00990731 0.0673889 0.0126074 0.0175301 0.011597 0.000170691 0.0654704 0.108529 0.0304736 0.0574219 0.00209968 0.132979 0.0518572 0.00149045 0.00020136 0.292441 0.12004 0.0106725 0.00712342 
0.00183942 0.0325935 0.00329726 0.0794758 0.0160668 0.000130462 0.0713557 0.0913053 0.114102 0.101354 0.00200019 0.055152 0.0752606 0.00539158 0.000263858 0.24369 0.0785097 0.0087585 0.0194536 
0.027337 0.0587042 0.00208889 0.0617863 0.0102785 3.56224e-05 0.136189 0.0446893 0.167213 0.0412633 0.00109827 0.0106756 0.0174104 0.00643069 0.000247818 0.339013 0.0447048 0.00708519 0.023749 
0.0159332 0.15008 0.00551896 0.128922 0.00866706 0.000496695 0.0951296 0.0127501 0.0643328 0.0267928 0.00145702 0.108617 0.0495058 0.00613132 0.000697359 0.242712 0.0193725 0.00841013 0.0544735 
0.00281079 0.0852818 0.00511455 0.0454933 0.0248369 0.000613513 0.0631149 0.0572842 0.0669718 0.0348439 0.000685828 0.0180039 0.031363 0.00817291 0.00098434 0.477907 0.0296818 0.0108761 0.0359591 
0.000566859 0.135975 0.00278456 0.0327502 0.0183538 0.000324539 0.199736 0.0130805 0.00843246 0.0336549 0.019357 0.0398233 0.0458625 0.000565215 0.000319569 0.383222 0.0461321 0.000133552 0.0189256 
0.00472042 0.0897054 0.00761261 0.0406679 0.0162928 0.000255932 0.08077 0.0606254 0.107529 0.0404421 0.00528327 0.0854946 0.0318278 0.00641584 0.000356095 0.254886 0.0499325 0.0265538 0.0906294 
0.0053589 0.188893 0.00788958 0.0533679 0.0250515 0.00033631 0.14438 0.0204733 0.0596569 0.0408658 0.00624447 0.0593272 0.0264872 0.00230108 0.000558872 0.288615 0.0619704 0.000110114 0.00811267 
0.0045617 0.110943 0.0199478 0.055365 0.0220477 0.00488801 0.107707 0.0452716 0.0544844 0.0486268 0.0014324 0.145833 0.0629012 0.00604982 0.00083223 0.178889 0.0356422 0.0109611 0.0836163 
0.00579463 0.0934453 0.00492829 0.0977332 0.0375265 0.000180796 0.109838 0.125531 0.0484685 0.0517545 0.0011709 0.0407564 0.0804641 0.0154447 0.000737296 0.228518 0.0412834 0.00180105 0.0146237 
0.000969474 0.157713 0.00389009 0.0904407 0.0174884 0.000174452 0.192175 0.0795885 0.0688678 0.0349595 6.73426e-05 0.0795185 0.0217637 0.00259849 0.000878575 0.199645 0.0426348 0.0030443 0.0035818 
0.00961918 0.0361022 0.00459049 0.162342 0.0107806 0.000274623 0.164022 0.00812133 0.0916905 0.0140548 0.000192114 0.030926 0.0240476 0.016735 0.00264304 0.358861 0.0096573 0.0178667 0.0374732 
0.021822 0.0584923 0.00393906 0.0419141 0.0373867 0.000274477 0.0891191 0.159114 0.184084 0.0268463 0.000112122 0.0340046 0.00989913 0.00255876 0.000579815 0.262493 0.0432068 0.00185554 0.0222975 
0.00123174 0.271939 0.00811739 0.0166347 0.0165629 4.48656e-05 0.0324365 0.0739439 0.0313719 0.0289285 0.000207375 0.117727 0.0198205 0.00273788 0.000457274 0.314631 0.035199 0.0182599 0.00974902 
0.0018039 0.132087 0.00498389 0.0220268 0.0131623 0.000232066 0.041631 0.173723 0.132186 0.0500136 0.00378136 0.0698682 0.0527081 0.00062248 7.96035e-05 0.222774 0.0702542 0.000311103 0.00775115 
0.00935613 0.0885022 0.00821764 0.0554142 0.0162105 0.000255572 0.119823 0.0460351 0.125278 0.0291413 0.00150027 0.0900409 0.0372686 0.00641884 0.000750745 0.293271 0.0423694 0.0075927 0.0225542 
0.000101659 0.0689065 0.0236961 0.0424997 0.0221423 0.000220118 0.133797 0.0277622 0.0843454 0.157683 0.000364016 0.0588471 0.0349326 0.00339445 2.33791e-07 0.259759 0.0467804 0.0107043 0.0240639 
0.00263005 0.0522151 0.00599047 0.0338766 0.0186458 0.000119139 0.039174 0.0144026 0.163301 0.0263054 0.00621463 0.065437 0.0350655 0.00528641 0.000336716 0.434031 0.0172468 0.0460259 0.0336955 
0.000887729 0.0798684 0.0334335 0.0890615 0.0305852 5.91975e-05 0.147751 0.0271928 0.0235427 0.152983 0.00165865 0.0838023 0.0219846 0.00685686 1.96497e-05 0.163072 0.116753 0.000387042 0.0201012 
9.65001e-05 0.103155 0.0411448 0.00872327 0.00870831 8.37407e-06 0.0746864 0.0584347 0.00797796 0.086486 0.0394991 0.0981415 0.121054 0.00116652 3.82132e-08 0.234545 0.108813 3.089e-06 0.00735593 
0.00728804 0.0235478 0.00527752 0.0386142 0.00770146 0.000267874 0.27787 0.0154973 0.237193 0.0168189 0.000134017 0.016938 0.00556362 0.00365615 8.27186e-05 0.295629 0.0177172 0.00484525 0.0253579 
0.00407168 0.132106 0.00655684 0.0493745 0.0280956 0.00430971 0.0611596 0.0703285 0.1197 0.0485202 0.00160702 0.0939954 0.0410491 0.00588102 0.00137739 0.201864 0.0543884 0.00925708 0.0663587 
0.0012136 0.0848559 0.00905896 0.110656 0.0163855 0.0352465 0.120827 0.130298 0.0448509 0.0935044 0.00695279 0.0989483 0.0346877 0.00389594 0.000301366 0.131742 0.0504247 0.00127953 0.0248719 
0.000183268 0.111703 0.00460857 0.0734577 0.0332903 0.00022801 0.0983856 0.0847493 0.0352055 0.140387 0.0049 0.0343947 0.0188221 0.00150082 9.12034e-05 0.243044 0.110437 1.3494e-05 0.00459884 
0.00098682 0.041989 0.0163952 0.0584749 0.040695 0.00116829 0.048075 0.152748 0.0882994 0.0565481 0.0124876 0.125627 0.0409322 0.0782187 0.00022478 0.170853 0.0555225 0.00129576 0.00945831 
0.00134093 0.121726 0.0101327 0.0392995 0.0435215 0.000104672 0.0605035 0.0545486 0.0891626 0.0292725 5.81384e-05 0.0386715 0.0696483 0.00598227 0.000782397 0.35963 0.0214241 0.00500652 0.049184 
0.0195128 0.0667623 0.0280332 0.0704174 0.0132313 0.000992591 0.0747667 0.0267198 0.040635 0.0293493 0.0239458 0.0834137 0.0886505 0.00744841 0.00267746 0.377091 0.0232902 0.00840014 0.0146626 
0.00708667 0.0319296 0.0116495 0.0281947 0.00922606 0.000244843 0.0424731 0.0290719 0.20898 0.0337045 0.00665539 0.0509322 0.0182895 0.00495676 0.000364547 0.468548 0.0206775 0.00425245 0.0227625 
0.000681014 0.102088 0.00910705 0.170288 0.0158218 0.00046104 0.207108 0.0365656 0.0389931 0.0497343 0.00052411 0.0329203 0.0146516 0.00363823 0.000187397 0.23687 0.0545156 0.0138544 0.0119905 
0.00915816 0.116428 0.0055818 0.172033 0.0133061 0.00135387 0.234292 0.0133515 0.0352009 0.0393376 0.000404075 0.0530344 0.0137066 0.00107246 0.000597819 0.239391 0.0421689 0.00721165 0.00236992 
0.00528865 0.0760225 0.00323769 0.0683214 0.0136789 0.00165406 0.0523151 0.019913 0.0315592 0.0449505 0.000252023 0.0701821 0.0329162 0.00730812 0.000642894 0.434167 0.0214352 0.00534152 0.110814 
0.00259038 0.0715884 0.00874641 0.212292 0.0245798 0.00013188 0.203497 0.0237611 0.0441448 0.0467501 0.000712086 0.0422549 0.0145815 0.0115188 0.000238875 0.215279 0.0392019 0.000421989 0.0377096 
0.00474582 0.158008 0.0111917 0.0399015 0.0116127 0.000470193 0.173521 0.0529458 0.0218914 0.045498 0.00114208 0.0542699 0.018453 0.0110904 0.00077204 0.30791 0.0722027 0.00167089 0.0127032 
0.0121485 0.0216639 0.000655248 0.262886 0.00483644 0.000111411 0.142353 0.00279155 0.0385529 0.0178605 5.81805e-06 0.0451588 0.0946836 0.00601079 0.000473294 0.303666 0.0126371 0.00581687 0.0276884 
0.00334699 0.0492914 0.00140871 0.0558489 0.00480673 0.000127159 0.109689 0.0209535 0.0302174 0.0132957 0.00139593 0.153603 0.233106 0.00312484 0.000170318 0.249825 0.0123265 0.000272243 0.0571904 
0.00306607 0.0338826 0.00825996 0.0748436 0.00635397 0.0351875 0.105361 0.00869236 0.0195839 0.0283748 0.0337416 0.106336 0.0609043 0.00375073 7.32059e-05 0.442996 0.00985971 0.00017358 0.0185589 
0.00315912 0.0321615 0.00175701 0.0420246 0.00836061 0.000494406 0.24408 0.0418741 0.0756264 0.0185797 0.022113 0.0351827 0.0449859 0.00347761 0.000161455 0.403576 0.0178683 0.000450112 0.00406683 
0.000156315 0.0523833 0.000436758 0.208478 0.00809013 0.000996778 0.130722 0.065416 0.0800422 0.015628 0.0023372 0.073634 0.0395901 0.0284425 0.00140432 0.231114 0.0378711 0.000620055 0.0226382 
0.00411893 0.0447694 0.00186955 0.113309 0.019032 0.00521006 0.122223 0.058541 0.112481 0.0355049 0.00234273 0.0972987 0.08519 0.00776093 0.0315683 0.192189 0.0395564 0.00547424 0.0215618 
0.000144716 0.057155 0.0184858 0.0386355 0.0368526 0.000649419 0.214488 0.0832239 0.0663523 0.0479893 0.000496448 0.0291831 0.0305223 0.00211256 0.000139265 0.304671 0.0626456 0.00326789 0.00298512 
0.0018205 0.134321 0.0200526 0.0382337 0.0451988 0.000244438 0.0929136 0.0703112 0.0545763 0.0427643 0.00257827 0.108166 0.0174217 0.00429003 0.00116526 0.286755 0.0522352 0.00413234 0.0228189 
0.000508061 0.148903 0.0446334 0.062602 0.0161929 0.000196148 0.071385 0.0457453 0.090018 0.0569198 0.000135413 0.138212 0.0127693 0.00736223 0.000312825 0.197106 0.0876042 0.00692957 0.0124652 
0.0220605 0.113353 0.003207 0.0742351 0.0166503 0.00166592 0.194272 0.0169741 0.0722348 0.0328965 0.000578771 0.0480757 0.023223 0.00234117 0.000193479 0.291792 0.0627377 0.00525159 0.0182568 
0.00223606 0.156891 0.013192 0.0139512 0.042974 0.00104199 0.0347348 0.0517147 0.00828693 0.0970806 0.00122474 0.187191 0.0252462 0.00531774 0.000267989 0.239351 0.107798 0.000247297 0.0112521 
0.00223299 0.0661504 0.00558356 0.034782 0.017672 0.000209755 0.0192483 0.0252181 0.12144 0.030112 0.00673497 0.125972 0.0562581 0.00830772 0.000407987 0.366708 0.0186281 0.0545711 0.0397636 
0.0113199 0.0542444 0.00344541 0.100825 0.0122019 0.000383535 0.186926 0.038715 0.119689 0.0205308 2.06357e-05 0.032821 0.0186243 0.0184809 1.38825e-05 0.318433 0.0484931 0.001487 0.0133456 
0.0026555 0.0217317 0.0867022 0.0744631 0.0483365 0.000585986 0.0348514 0.0143062 0.0413089 0.108308 0.00333132 0.0221393 0.0421091 0.0039535 0.000772326 0.366263 0.102515 0.00872703 0.0169398 
0.000259442 0.0635475 0.0024555 0.0193819 0.00825225 0.00101501 0.157935 0.0110148 0.0218381 0.0153387 0.0224485 0.149332 0.090744 0.00140663 4.51429e-05 0.41424 0.0147565 3.84505e-06 0.00598448 
0.00843473 0.0862302 0.00281473 0.108261 0.0192697 0.000131687 0.0593141 0.0480432 0.0862845 0.036053 0.00235228 0.139773 0.0344032 0.00986559 0.00277473 0.213123 0.0449376 0.00793394 0.0899998 
0.00785744 0.0296949 0.00257851 0.0257247 0.0204294 1.93856e-05 0.0158946 0.0227663 0.0456101 0.0405891 0.001395 0.243917 0.151305 0.0115284 0.000677323 0.257808 0.01752 0.0154802 0.0892039 
0.00868931 0.242261 0.00667572 0.0497461 0.0129664 0.000176643 0.0466659 0.0434901 0.0521635 0.0420362 0.00305606 0.14742 0.0372745 0.00463289 0.000627837 0.257088 0.0306331 0.0026574 0.0117397 
0.00156918 0.0792542 0.00860392 0.044999 0.0122914 0.000171734 0.0860959 0.0840256 0.170948 0.0281381 0.000990573 0.0801238 0.0546079 0.00530246 0.00068605 0.278292 0.0436538 0.00379708 0.0164495 
0.00709493 0.118159 0.00363633 0.14155 0.0443857 0.000454857 0.106482 0.0318139 0.105599 0.0531348 0.000618613 0.116425 0.02426 0.00750543 0.000353374 0.15673 0.037995 0.00503696 0.0387648 
0.00588979 0.212495 0.00692464 0.0560963 0.0378353 0.00187733 0.0691907 0.0219604 0.0631009 0.0346949 0.00116009 0.0838207 0.0539112 0.00734554 0.000660243 0.295751 0.0239435 0.0038236 0.0195188 
0.016105 0.0353923 0.00798237 0.136861 0.0139358 0.000360572 0.137082 0.0452486 0.098666 0.0304877 0.000880301 0.0851548 0.0779234 0.0063896 0.000227199 0.201743 0.0364048 0.0272947 0.0418612 
0.00175347 0.0710237 0.0123269 0.0887925 0.0160668 0.000414089 0.237744 0.068631 0.0435783 0.050478 0.000192561 0.0541824 0.0195679 0.00653117 0.00047549 0.277374 0.0456934 0.00164059 0.00353353 
0.00234895 0.0897098 0.00101622 0.0197779 0.0146628 0.000368315 0.0579065 0.186479 0.0566821 0.0249867 0.000392555 0.0747694 0.0134978 0.00350709 0.000572637 0.387932 0.0506157 0.00363162 0.0111432 
0.00567315 0.0661942 0.00427574 0.0307696 0.00943087 0.0058955 0.162758 0.00799916 0.278612 0.0134281 0.000407699 0.0386015 0.0368629 0.00176879 0.000418322 0.321592 0.00796707 0.000469743 0.00687561 
0.00083243 0.13391 0.00620474 0.0272874 0.0129128 0.000219663 0.0375533 0.0119391 0.034775 0.0154676 0.00307849 0.0633215 0.0287073 0.00363372 0.000613902 0.561551 0.0202422 0.00460003 0.033149 
0.00376727 0.215819 0.00365565 0.0238806 0.0124971 3.59575e-05 0.0379782 0.0275018 0.0183379 0.0804987 0.000606068 0.164322 0.0190512 0.0027845 4.03033e-06 0.247824 0.104878 0.000483881 0.0360733 
0.00655189 0.213757 0.0144649 0.0185666 0.0286386 0.00042323 0.01518 0.0209892 0.0372697 0.0300761 0.0013965 0.0971483 0.0695783 0.00891207 0.00120761 0.337486 0.0279487 0.0133338 0.0570719 
0.000567505 0.0158192 0.00249045 0.150832 0.0103484 0.000153892 0.0476904 0.0537528 0.00883112 0.0184285 0.179956 0.0491065 0.209442 0.0107524 0.000204752 0.217752 0.00921851 0.00247993 0.0121726 
0.00756028 0.094547 0.00525646 0.0445331 0.00923278 0.000294362 0.174899 0.024166 0.247026 0.0174875 0.000525054 0.0444317 0.0196952 0.00234094 0.000103755 0.26976 0.0197685 0.00935347 0.00901887 
0.0123529 0.116587 0.0125541 0.124604 0.0264655 0.00575842 0.119647 0.0324828 0.0544033 0.0510243 0.00189197 0.0668001 0.0361954 0.0645191 0.000309968 0.127263 0.0533377 0.0244863 0.0693179 
0.000441922 0.0324605 0.00410817 0.0761585 0.0176344 0.000175357 0.242277 0.0107325 0.0286176 0.0357424 0.0330923 0.0702286 0.0308298 0.00181608 3.04477e-05 0.377606 0.0277218 0.000343755 0.00998276 
0.0338132 0.0403732 0.00250469 0.044176 0.0107801 2.07445e-06 0.0326555 0.0804591 0.0354801 0.0586649 0.00374116 0.0907247 0.113334 0.0078964 5.80744e-05 0.377544 0.0318859 0.00072946 0.0351774 
