1.05266e-05 0.153597 0.0236988 0.00865546 0.0149071 1.65992e-05 0.0331108 0.0193517 0.00276754 0.0943355 0.000398197 0.0698794 0.00805731 0.000494779 5.52337e-05 0.049492 0.520664 2.80597e-06 0.000504901 
5.89114e-05 0.0415684 0.00685645 0.00890081 0.00665803 0.000371003 0.01163 0.185969 0.0148248 0.033025 0.000140693 0.157756 0.022996 0.00983761 0.000684923 0.0827927 0.388746 0.00045463 0.0267289 
0.00635533 0.0890662 0.00956082 0.079364 0.06644 7.02466e-05 0.0135723 0.0158827 0.0256916 0.057082 1.52896e-05 0.044865 0.160681 0.0109234 0.000679557 0.175067 0.198501 0.0133391 0.0328433 
0.0049679 0.0192276 0.00907223 0.0670375 0.0414521 4.29461e-05 0.0448437 0.0548826 0.0288194 0.101457 0.0012791 0.0119718 0.0173581 0.00396352 2.89079e-05 0.0560335 0.535458 1.00721e-05 0.0020948 
0.00764174 0.0742989 0.0130765 0.0704235 0.0272915 0.000184502 0.051042 0.0156554 0.0199772 0.0648424 0.000221825 0.0668701 0.0175604 0.00564373 0.000129162 0.0759765 0.485674 0.000142664 0.00334767 
0.000751095 0.0439765 0.00251315 0.2099 0.0412607 0.000187492 0.0383636 0.0186474 0.0175295 0.0910553 0.00222019 0.0266837 0.00993702 0.00406919 0.000558073 0.0572147 0.427266 0.000164423 0.00770186 
0.00344024 0.0924001 0.0162485 0.0445705 0.0656095 2.64675e-05 0.0533121 0.128817 0.134374 0.0513522 0.000279137 0.0711804 0.025088 0.00381197 0.000687519 0.0980943 0.185437 0.00387805 0.0213925 
0.0128535 0.0596852 0.00566485 0.142581 0.0241641 0.000138094 0.0841136 0.0125383 0.0196822 0.107419 0.000550425 0.0355241 0.00986344 0.00195154 0.000101871 0.0669552 0.368395 0.0110838 0.0367358 
0.00168769 0.0927217 0.00731241 0.0960933 0.0507191 0.000526824 0.0901293 0.0504443 0.0448194 0.0892708 0.000946424 0.0537332 0.045569 0.00439184 0.000158074 0.086964 0.272682 0.00177903 0.0100519 
0.00256513 0.0552409 0.00609264 0.0826113 0.0128266 0.000516383 0.0720971 0.055121 0.0599194 0.0995491 0.00106955 0.0272334 0.0204975 0.00848972 0.000371473 0.0893217 0.386751 0.00346759 0.0162581 
0.000525319 0.0872686 0.00754463 0.0761635 0.0115702 3.05168e-05 0.0325769 0.0469165 0.180932 0.095083 0.00215131 0.0728616 0.0282053 0.0032955 0.000394419 0.082779 0.250435 0.0130739 0.00819315 
0.00161304 0.0269107 0.00177034 0.121951 0.0456471 4.69226e-05 0.0801501 0.0153434 0.0292852 0.131973 3.57331e-05 0.0251168 0.00596002 0.0171905 0.000426163 0.104343 0.383644 0.000188904 0.00840414 
0.00503844 0.0325082 0.00975314 0.0397414 0.0933022 9.71155e-06 0.0226982 0.0417578 0.0262632 0.105548 0.000831046 0.00954435 0.00627621 0.0152515 0.000112934 0.0561102 0.526219 0.00689144 0.00214335 
0.00147591 0.0519137 0.00740995 0.172193 0.00929401 0.0021481 0.0649609 0.122838 0.0398894 0.0856118 0.00479997 0.0291707 0.0497926 0.00774499 0.00164215 0.147451 0.179857 0.00450702 0.0173007 
0.000603381 0.038114 0.00991652 0.102443 0.00835085 0.00116585 0.0248013 0.130738 0.0688987 0.0780897 0.000522907 0.0329641 0.0704797 0.0232654 0.000580029 0.118979 0.234631 0.0100075 0.0454476 
0.00843256 0.0201879 0.00569087 0.0534782 0.0432702 0.00011654 0.0429211 0.0705639 0.075774 0.0569216 0.00414157 0.02485 0.0113507 0.00165276 4.29469e-05 0.0424808 0.514947 0.00234407 0.0208331 
0.000376802 0.00460313 0.0002326 0.0569611 0.00693118 3.35327e-05 0.187848 0.0309345 0.0432964 0.0187958 0.000320704 0.0205679 0.00470882 0.000220544 1.04639e-05 0.042014 0.580639 2.63792e-05 0.00147926 
0.000270923 0.0662573 0.00118061 0.0476397 0.0113683 0.000337214 0.0108608 0.079918 0.00455172 0.0593845 0.000682564 0.0621046 0.017961 0.0143178 2.52472e-05 0.034653 0.579566 0.000121709 0.0087991 
0.00143882 0.128132 0.02293 0.0712451 0.0257469 0.000394263 0.0575243 0.024265 0.0213768 0.132277 0.00017094 0.0918626 0.0238335 0.00390804 0.00125826 0.0846806 0.289616 0.000660222 0.0186788 
2.63767e-06 0.0295463 0.00262051 0.217211 0.0169196 3.21063e-05 0.0307165 0.0553664 0.0869454 0.0355481 0.000284272 0.0692665 0.0213212 0.00184978 0.00101758 0.0532139 0.365918 2.10193e-05 0.0121992 
0.0303555 0.060134 0.03392 0.0364944 0.00409864 0.000184097 0.0294868 0.154145 0.0142331 0.177821 0.000915218 0.0632442 0.0198705 0.00471142 1.73416e-05 0.0998179 0.254722 0.00383262 0.0119966 
0.00968689 0.05975 0.0131052 0.105631 0.0181754 0.000436623 0.140873 0.0127664 0.0243139 0.126428 0.000469663 0.00882093 0.00346804 0.000859342 0.000585599 0.160239 0.314297 8.19457e-06 8.53461e-05 
0.00622232 0.0678415 0.00907704 0.0192095 0.0230092 0.000366042 0.0517922 0.092219 0.0916156 0.0558919 0.00241241 0.140075 0.0234999 0.00102548 6.54834e-05 0.127709 0.277883 0.00243892 0.00764575 
8.17863e-05 0.0550618 0.00831308 0.101436 0.00228869 7.68792e-05 0.0778029 0.0238525 0.0201752 0.0375603 0.000533943 0.00694953 0.0123829 0.00128953 0.0102712 0.0709689 0.568869 5.33907e-06 0.00208054 
0.00030287 0.0597731 0.00466839 0.0756698 0.00505765 0.000107608 0.0329645 0.058023 0.0204497 0.175396 0.00149601 0.117122 0.0316728 0.00177353 5.16881e-05 0.171251 0.229061 2.81366e-05 0.0151315 
4.86832e-05 0.00880784 0.000871668 0.0273747 0.0284814 0.000701097 0.0325832 0.0498447 0.0149268 0.0241668 0.000205811 0.0719059 0.00542665 0.00266936 0.000180782 0.0606594 0.646378 0.000138816 0.0246282 
0.00549507 0.0367772 0.00454454 0.115896 0.0704227 0.000344262 0.0489126 0.0177788 0.0272774 0.18833 0.000887797 0.033427 0.0107786 0.0122957 0.000252316 0.0951976 0.320964 0.00125023 0.0091689 
9.54462e-05 0.173414 0.145863 0.0123975 0.0172946 1.00626e-05 0.0571342 0.0304382 0.00342578 0.0511927 1.06459e-05 0.0644357 0.00556487 0.000216772 3.17724e-06 0.0889861 0.344794 0.00154642 0.00317727 
0.00409287 0.184479 0.00402879 0.0376084 0.0271438 0.000255523 0.0820409 0.052178 0.0499873 0.059597 0.000570908 0.0654731 0.015521 0.000514345 1.54905e-05 0.127993 0.284788 1.61735e-05 0.00369639 
0.000389867 0.161312 0.0127259 0.0325253 0.0146117 7.59017e-06 0.0035095 0.107157 0.0181702 0.12419 0.00171043 0.109134 0.0594412 0.00131067 6.55688e-06 0.160007 0.180725 1.12971e-05 0.0130543 
0.0163741 0.056054 0.0412257 0.0272248 0.0172028 0.000388804 0.0299003 0.171273 0.103393 0.0495389 0.000918638 0.0853751 0.0389425 0.00862071 0.000898706 0.111757 0.234454 0.000152345 0.00630628 
0.0020737 0.0893546 0.00666802 0.139011 0.0770027 0.000335792 0.0675211 0.0680718 0.0305708 0.0891072 0.000917638 0.0385278 0.00989931 0.00525533 0.000132539 0.142253 0.210682 0.0012358 0.021379 
0.00393406 0.03102 0.00833264 0.129982 0.037225 2.12033e-05 0.0737366 0.0519571 0.038969 0.0728592 0.000274772 0.0320232 0.0167744 0.0048489 0.000347853 0.104704 0.377589 0.00242045 0.0129807 
0.00034545 0.0516949 0.00252506 0.0963401 0.0193707 4.75922e-05 0.0217674 0.031201 0.027143 0.0335343 0.000668875 0.0817889 0.0158907 0.0193032 0.000137162 0.0533335 0.528294 0.00166272 0.014951 
0.00393406 0.03102 0.00833264 0.129982 0.037225 2.12033e-05 0.0737366 0.0519571 0.038969 0.0728592 0.000274772 0.0320232 0.0167744 0.0048489 0.000347853 0.104704 0.377589 0.00242045 0.0129807 
0.000447694 0.226828 0.006455 0.0229877 0.0024745 2.84994e-05 0.0262144 0.0636385 0.0214568 0.103386 0.000226371 0.0334458 0.0118775 0.00181508 2.48264e-06 0.065824 0.391685 0.00642041 0.0147868 
0.00120809 0.0359012 0.0117982 0.0274815 0.00424346 4.61127e-05 0.0265785 0.161923 0.0557433 0.0320644 0.00348387 0.0252619 0.0427718 0.00287259 2.5236e-05 0.225909 0.326115 2.86783e-05 0.0165438 
9.54462e-05 0.173414 0.145863 0.0123975 0.0172946 1.00626e-05 0.0571342 0.0304382 0.00342578 0.0511927 1.06459e-05 0.0644357 0.00556487 0.000216772 3.17724e-06 0.0889861 0.344794 0.00154642 0.00317727 
0.00212614 0.016241 0.00176392 0.0558666 0.00756945 0.000288321 0.00919963 0.039812 0.0201128 0.032654 0.00590376 0.0260195 0.0172128 0.0202334 0.00151287 0.043282 0.687576 0.000296143 0.0123297 
0.00361377 0.0156101 0.00355526 0.0336724 0.0204624 2.09505e-05 0.00676574 0.169344 0.218046 0.0565982 8.67238e-05 0.0367819 0.0388299 0.00622612 0.0207031 0.0942065 0.237702 0.0154526 0.0223225 
0.0112157 0.119981 0.0222891 0.12602 0.0249041 0.000232069 0.145993 0.0651774 0.0393427 0.0704239 0.000275476 0.0393702 0.0444581 0.00125424 0.000992311 0.110718 0.155426 0.000963801 0.0209622 
8.80624e-07 0.00528369 0.000546333 0.120327 0.0100008 4.25464e-05 0.00291196 0.0509194 0.0122372 0.0306561 0.000529184 0.00610574 0.0323116 0.00658392 7.47212e-05 0.00396872 0.675738 0.000204849 0.0415574 
0.00580437 0.18892 0.00784641 0.0295602 0.0139892 0.000290881 0.0343532 0.135163 0.0160872 0.0529304 0.00017569 0.14844 0.0472095 0.00176306 8.09496e-05 0.0862439 0.218238 0.00535495 0.00754854 
7.77137e-06 0.039564 0.00865838 0.00583957 0.00932734 2.84435e-05 0.00753283 0.0160197 0.00206874 0.0748943 0.000811675 0.0118035 0.00429368 9.27955e-05 9.46721e-05 0.0225076 0.796136 1.48538e-05 0.000304039 
9.26755e-07 0.0289362 0.00494827 0.00148558 0.0122134 3.75528e-06 0.00189752 0.00380875 0.0001791 0.0975825 0.000431875 0.00853495 0.00129939 5.95077e-05 7.16364e-07 0.0320836 0.805995 1.13019e-06 0.000537831 
0.000348234 0.00956034 0.00577743 0.179859 0.00862203 0.000491637 0.014409 0.0154475 0.0238957 0.0329096 0.00021728 0.00697013 0.0126418 0.00055415 0.000272879 0.0137467 0.665179 0.000853573 0.00824449 
0.00931069 0.0488491 0.0112737 0.074963 0.127839 0.000189279 0.0559798 0.0144662 0.0235095 0.0977318 0.000290343 0.0606028 0.0226173 0.00802489 0.000904394 0.0712575 0.344778 0.00332132 0.0240914 
0.000167753 0.115877 0.0108832 0.0437387 0.0221026 0.00017213 0.0565592 0.0736809 0.00818555 0.202975 0.000695542 0.057193 0.0134235 0.00448761 0.000635816 0.056696 0.325462 0.00406662 0.00299822 
0.000462805 0.078615 0.00938565 0.0858759 0.00994765 2.41858e-05 0.108641 0.0857977 0.0152125 0.17155 0.000106688 0.0603863 0.018671 0.00442962 4.45126e-05 0.115451 0.226264 0.000340528 0.00879348 
4.88863e-06 0.00259024 0.0093169 0.0402607 0.00739275 7.65608e-05 0.074898 0.00690751 0.00709365 0.0168007 2.75132e-06 0.00569381 0.00146412 0.0011272 6.73403e-05 0.01182 0.813387 4.39259e-06 0.00109172 
0.00607037 0.0466646 0.00988479 0.132113 0.0128037 0.000183527 0.0686571 0.0370354 0.0644243 0.0714073 0.000414835 0.0785511 0.0289649 0.00313984 0.00075998 0.110969 0.162929 0.052029 0.112998 
0.000778074 0.149274 0.00384014 0.0142804 0.0145115 0.000420951 0.0591879 0.0222071 0.01104 0.0483542 0.00119182 0.0466266 0.00870458 0.00158288 8.95908e-05 0.173948 0.438657 0.000450753 0.00485407 
0.00224781 0.0399308 0.00126662 0.13823 0.00210099 4.69293e-05 0.0804193 0.15771 0.0526002 0.0645898 6.65014e-05 0.0462609 0.0210201 0.00247118 0.000651222 0.174315 0.180433 0.0230475 0.0125934 
0.000875871 0.0406428 0.0152276 0.0110284 0.0265311 0.000220755 0.0153166 0.0187872 0.00502773 0.334821 0.00054345 0.0378041 0.0210698 0.0827794 4.36512e-05 0.0273842 0.337181 0.0106567 0.0140589 
0.000751095 0.0439765 0.00251315 0.2099 0.0412607 0.000187492 0.0383636 0.0186474 0.0175295 0.0910553 0.00222019 0.0266837 0.00993702 0.00406919 0.000558073 0.0572147 0.427266 0.000164423 0.00770186 
0.00466408 0.06491 0.00138335 0.0374306 0.00559633 0.000115708 0.0619159 0.0805614 0.0415206 0.00997364 0.000291954 0.0950339 0.00432463 0.00162176 1.81586e-05 0.0976322 0.491026 0.000743198 0.00123643 
0.0013572 0.0229231 0.0369645 0.0434155 0.0191189 0.000529634 0.0135386 0.0349802 0.0151155 0.0833544 0.00053703 0.0155415 0.00735652 0.0205974 0.000153468 0.0400426 0.616795 0.0104434 0.0172353 
0.00419607 0.0289188 0.000949456 0.0365114 0.00958225 2.15741e-05 0.00933408 0.142648 0.117247 0.0683978 7.90475e-05 0.0454029 0.0141523 0.0730322 0.000645243 0.125246 0.269391 0.0183588 0.0358854 
0.00568532 0.0198685 0.0168166 0.101375 0.101547 0.000123799 0.0217715 0.00397667 0.00675689 0.120145 0.000420481 0.00687662 0.00206125 0.00283158 1.96796e-05 0.0210922 0.566552 0.00122202 0.000857873 
0.00117522 0.0966079 0.00294613 0.0676313 0.0155637 0.000686391 0.0535611 0.0861087 0.106621 0.0557076 0.00119949 0.072172 0.0386725 0.0304236 0.00043095 0.124318 0.23776 0.00070732 0.00770778 
0.019777 0.153923 0.0195488 0.0948647 0.0282144 0.00393003 0.0954187 0.065906 0.0238027 0.0844962 0.000689124 0.0638842 0.0339683 0.00281193 0.000267015 0.123443 0.172408 0.00489609 0.00775048 
0.0123827 0.164514 0.00262252 0.0634788 0.0175183 4.53555e-05 0.145477 0.107268 0.0573345 0.0434478 0.000907275 0.0114929 0.00974668 0.00227383 7.40253e-06 0.169379 0.173038 0.00177436 0.0172917 
0.0189796 0.0660465 0.0036071 0.156309 0.0140641 0.000190866 0.0937221 0.0321531 0.0439198 0.0342378 0.000110436 0.0178349 0.0420395 0.00200653 0.00015859 0.202132 0.258662 0.000276187 0.0135506 
0.0671822 0.100617 0.00632923 0.0531484 0.113737 0.000644138 0.0932603 0.0420339 0.0353096 0.0495851 0.000328287 0.0468269 0.00946688 0.00283289 0.000145226 0.130234 0.240983 0.00481559 0.00252042 
0.000405798 0.0252329 0.00496487 0.133553 0.0635372 1.84461e-05 0.0735443 0.103111 0.035927 0.0583947 0.000467707 0.061113 0.0196774 0.00786003 0.000240421 0.160573 0.238436 0.000497989 0.0124458 
0.00204984 0.0627373 0.0127218 0.103952 0.0192089 3.27508e-05 0.111643 0.0772578 0.0847799 0.0730337 0.000905178 0.0404394 0.0184871 0.0903645 0.000259942 0.124708 0.16125 0.00299487 0.0131741 
7.77137e-06 0.039564 0.00865838 0.00583957 0.00932734 2.84435e-05 0.00753283 0.0160197 0.00206874 0.0748943 0.000811675 0.0118035 0.00429368 9.27955e-05 9.46721e-05 0.0225076 0.796136 1.48538e-05 0.000304039 
0.00563633 0.0620599 0.0119567 0.101566 0.012301 0.000106017 0.102719 0.0182365 0.0334054 0.111384 0.000406011 0.0402961 0.0290237 0.00436815 0.000460082 0.0737566 0.382716 0.00162934 0.00797323 
0.000427425 0.0371039 0.00874416 0.0236429 0.0308012 0.000218543 0.025129 0.0289763 0.0195251 0.0563528 0.00115112 0.00808391 0.00314961 0.000661469 0.00014973 0.0674916 0.686124 0.00151589 0.000751525 
0.000592877 0.0491665 0.00648724 0.117523 0.0140123 5.45758e-05 0.0702803 0.049009 0.0363227 0.051589 0.00236351 0.0299481 0.0140264 0.00877271 9.8062e-05 0.0906442 0.438568 0.00101085 0.0195316 
0.0273591 0.038984 0.00410571 0.167863 0.0140967 6.761e-05 0.155155 0.13488 0.0403158 0.0762013 0.00114737 0.0256339 0.0459536 0.00185256 1.81327e-05 0.053582 0.208494 5.03051e-05 0.00423989 
0.00682583 0.0217422 0.0168419 0.00859493 0.0632914 0.000262494 0.0251776 0.00160669 0.00397011 0.349095 0.00010334 0.00786205 0.000495968 0.000762513 2.07631e-07 0.0284007 0.460103 0.000996698 0.00386712 
0.0248369 0.0594252 0.00675982 0.036793 0.0155095 6.54064e-05 0.0331331 0.0409761 0.0175651 0.238822 0.000982622 0.0685201 0.0503637 0.00587834 1.61512e-05 0.0665666 0.329019 0.00077146 0.00399533 
2.91588e-05 0.0321297 0.000822963 0.0842091 0.0615664 0.000160443 0.0379552 0.0215912 0.0317065 0.0589755 0.00674541 0.17781 0.136924 0.00145503 8.45306e-05 0.14704 0.184772 1.8431e-05 0.0160039 
0.000107376 0.0185338 0.0140277 0.0191344 0.0849293 7.8616e-06 0.0390142 0.0166595 0.0107026 0.321108 0.000171904 0.0255866 0.0168031 0.0110934 4.63368e-05 0.033409 0.378761 1.20757e-05 0.00989208 
0.000653028 0.0640337 0.00278719 0.0501432 0.0441218 0.00014023 0.0425381 0.0520961 0.0438305 0.0750159 0.000511364 0.163539 0.0272144 0.00639445 0.000340917 0.161997 0.244479 0.0143248 0.005839 
0.00514771 0.066629 0.113036 0.0901476 0.0435761 0.015549 0.0639514 0.0447779 0.023108 0.167999 0.000798029 0.0465587 0.0184152 0.00955759 7.13348e-05 0.0979125 0.186581 0.000344061 0.00583949 
0.00092303 0.0218393 0.00235164 0.0228022 0.00929555 0.000263758 0.0128564 0.16858 0.088555 0.0139115 0.000211605 0.197943 0.0197306 0.00262635 0.000545459 0.131669 0.291411 6.86165e-05 0.0144158 
0.00114825 0.060354 0.0353626 0.0661811 0.0245196 0.000166057 0.0870063 0.0454745 0.0798283 0.128974 0.000408805 0.0747997 0.0107911 0.00355324 6.94298e-05 0.13009 0.235444 0.00638352 0.00944518 
0.000321083 0.0453304 0.0246777 0.0141362 0.00900907 7.34803e-05 0.0225629 0.0150234 0.0129034 0.129146 0.000442416 0.0232869 0.00903876 0.00107532 3.92782e-05 0.0419648 0.64712 0.000964812 0.00288486 
0.00420806 0.0547153 0.00998549 0.0375425 0.0303738 2.45149e-05 0.0717095 0.128197 0.0969515 0.0957797 0.000534723 0.0329236 0.0294156 0.00201719 7.95309e-05 0.110219 0.269125 0.00534041 0.0208581 
0.00328224 0.158039 0.0102679 0.0407288 0.00882546 8.16799e-05 0.0493495 0.0330438 0.0396194 0.0682248 0.0004947 0.126222 0.107093 0.00177325 4.65656e-05 0.0863085 0.26069 0.00182833 0.00408108 
0.00432528 0.0711527 0.0148806 0.0618081 0.0217201 0.000371208 0.0695452 0.0726975 0.0490898 0.0830117 0.0012383 0.0520124 0.0177829 0.00629038 0.000377986 0.102499 0.356395 0.00144202 0.0133591 
0.00242243 0.0172824 0.0143589 0.216384 0.0028505 0.000197001 0.0633722 0.0154749 0.0357183 0.062014 0.000386622 0.0258095 0.0105667 0.00140267 9.80706e-05 0.0399273 0.487165 1.23556e-05 0.00455719 
0.00286808 0.0525981 0.00198136 0.0401608 0.0091892 0.000231287 0.14271 0.0317434 0.0516047 0.05568 0.000514379 0.0293666 0.0113003 0.0458419 0.000240181 0.143032 0.359353 0.00505001 0.016534 
0.00350919 0.0278844 0.00740531 0.111181 0.0236786 8.59987e-05 0.0796584 0.0388767 0.022926 0.190475 0.00615037 0.0357662 0.0277639 0.00668916 0.000311648 0.0687759 0.328763 4.59358e-05 0.0200536 
0.000676828 0.00749447 0.00278971 0.0909487 0.134541 4.84646e-05 0.0197945 0.0452143 0.0253029 0.0816538 0.0120818 0.0105648 0.0222461 0.00577851 0.000370356 0.0754681 0.454293 0.000163328 0.0105699 
0.0225279 0.168073 0.00899935 0.0836287 0.0190002 0.00016821 0.117278 0.012652 0.0207563 0.0908806 0.00107459 0.0291004 0.0103675 0.00125498 1.88116e-06 0.189724 0.221417 1.63753e-05 0.00307901 
0.00161304 0.0269107 0.00177034 0.121951 0.0456471 4.69226e-05 0.0801501 0.0153434 0.0292852 0.131973 3.57331e-05 0.0251168 0.00596002 0.0171905 0.000426163 0.104343 0.383644 0.000188904 0.00840414 
0.000395245 0.112145 0.00221918 0.021787 0.0212269 4.29539e-05 0.039404 0.0765462 0.0216866 0.180946 0.00101545 0.0462753 0.0167904 0.0361625 0.000215035 0.210043 0.210449 0.00114237 0.00150683 
0.00075261 0.0906092 0.013403 0.013781 0.036311 0.000290332 0.0142347 0.0235655 0.00527734 0.251019 0.000454055 0.103083 0.0313947 0.0558235 0.000121002 0.0365669 0.29855 0.00921774 0.0155458 
0.0017537 0.0260009 0.00615382 0.0711922 0.0144047 0.00011442 0.0300544 0.0591005 0.109459 0.0983217 0.00139617 0.0537329 0.0236514 0.00783605 0.000102352 0.0726001 0.374976 0.0217158 0.0274347 
1.90872e-06 0.0737057 0.0291944 0.00736992 0.0214284 4.41496e-05 0.0167132 0.0334736 0.00654582 0.112899 0.000256645 0.0230726 0.00171864 8.18119e-06 1.3754e-05 0.0654856 0.60586 3.34842e-06 0.00220507 
0.000336706 0.0524483 0.0118579 0.0919645 0.0138573 4.96421e-05 0.0610505 0.0663585 0.0543844 0.0770005 0.00102837 0.126806 0.034595 0.00200299 0.0023393 0.08957 0.247769 0.00382039 0.0627614 
0.000586016 0.0138858 0.0256136 0.22838 0.0458955 7.1942e-06 0.15621 0.00742306 0.0107797 0.17286 3.68524e-05 0.00475283 0.00263909 0.00709324 3.04877e-05 0.0254422 0.28662 1.10178e-05 0.0117333 
0.00754298 0.0350717 0.00625049 0.163732 0.0297182 0.000200531 0.0539049 0.121828 0.0124194 0.103823 0.00114571 0.0184391 0.0120155 0.00414711 0.000531519 0.0575368 0.363974 0.00156513 0.00615293 
0.000387252 0.0366309 0.00426224 0.00510683 0.0640747 0.000527591 0.00601272 0.0493743 0.0761985 0.155106 0.000155284 0.173404 0.0820471 0.00291566 0.000136607 0.153024 0.188564 0.00019437 0.00187841 
0.000891164 0.0974347 0.0833469 0.0599996 0.010545 7.07559e-07 0.0879024 0.0256688 0.0588897 0.131694 0.00651806 0.12214 0.0128583 0.00132791 1.19752e-05 0.0762403 0.180895 0.00834345 0.0352925 
0.00713469 0.0183885 0.00231007 0.0591718 0.0053258 2.04732e-05 0.0154754 0.0852373 0.154692 0.029666 9.45451e-05 0.0409487 0.0370579 0.0365019 0.000258917 0.137087 0.222375 0.0255718 0.122681 
0.00124832 0.0271708 0.00466107 0.0275376 0.0499484 6.77691e-05 0.0144245 0.0865931 0.0432692 0.0740362 0.000653454 0.0226225 0.015926 0.00240673 2.94197e-05 0.0788725 0.332838 0.00109576 0.216599 
0.000401274 0.0703364 0.00440628 0.0721201 0.0202374 0.000698465 0.0441644 0.082089 0.15531 0.133854 3.82792e-05 0.114526 0.0359056 0.00104658 0.000588809 0.0759487 0.17086 0.000121132 0.0173484 
0.00235355 0.0670211 0.0063967 0.0992205 0.198261 2.32339e-05 0.0409557 0.0248526 0.0511682 0.114692 9.96832e-06 0.0430757 0.00934267 0.00440564 0.0102312 0.0615393 0.198742 0.0201454 0.0475637 
0.0211519 0.00666088 0.00981546 0.0067871 0.00175762 3.18586e-05 0.00596105 0.0579104 0.181312 0.0299615 9.25274e-08 0.0255657 0.0216193 0.0186035 0.000927371 0.0687103 0.534359 0.000262478 0.0086027 
0.00629776 0.0709139 0.00389878 0.0238477 0.0151395 9.87486e-05 0.0510653 0.12815 0.128432 0.0400557 4.83362e-05 0.127773 0.0665289 0.00406215 0.000298332 0.136117 0.175318 0.00737147 0.0145844 
0.00188671 0.0877248 0.0013719 0.173938 0.00868662 0.000157523 0.0538492 0.074055 0.0192083 0.0436386 0.000572089 0.0465871 0.01682 0.00590452 0.000230448 0.0618437 0.385404 0.00107813 0.0170429 
0.000683498 0.0274984 0.00151225 0.109781 0.0310424 0.000117556 0.131513 0.0312278 0.0229299 0.0903888 0.00973459 0.107237 0.0186475 0.000924448 0.000190751 0.0772636 0.308733 7.88598e-05 0.0304947 
0.00016207 0.0305038 0.00635736 0.00655173 0.0277011 0.000998544 0.00979545 0.164841 0.0203469 0.137993 0.000311499 0.0508189 0.0125859 0.0001228 0.000267369 0.0827926 0.446818 0.000161977 0.000870107 
1.94902e-11 0.00108598 1.36935e-11 0.122092 4.33206e-12 3.8178e-11 0.0143626 4.03322e-12 0.0373194 0.0178305 4.08091e-11 2.92137e-12 4.53473e-12 0.075834 0.104119 1.63002e-12 0.625179 0.00217761 6.51741e-12 
0.00196152 0.107267 0.0120004 0.0313402 0.00724157 6.49117e-05 0.099365 0.048338 0.0382479 0.0712225 0.000983645 0.0879594 0.021149 0.00365101 5.09404e-05 0.156549 0.260647 2.13306e-05 0.0519398 
0.00216761 0.0808629 0.010421 0.143051 0.0236814 0.000244322 0.160055 0.0303082 0.0163885 0.105649 0.0132951 0.0263218 0.00759432 0.00247357 3.73037e-06 0.184127 0.18449 2.59918e-06 0.00886225 
8.96592e-05 0.114907 0.00440576 0.0326571 0.0281803 0.000125321 0.0619685 0.142888 0.0416652 0.0275194 8.59202e-06 0.0884779 0.00410261 0.000199355 0.00197253 0.212626 0.237885 0.000155767 0.0001669 
0.00570018 0.228663 0.0108195 0.0513256 0.0091133 4.85519e-05 0.118678 0.0221167 0.014707 0.0383143 0.00208342 0.0510756 0.00829031 0.00507638 7.50431e-05 0.170424 0.246965 0.000257007 0.0162671 
0.000809637 0.0827328 0.00715524 0.0851695 0.00900185 0.0010774 0.0438174 0.0348899 0.0149006 0.0395933 0.000455444 0.187562 0.0153067 0.00148481 0.00014788 0.0830007 0.376403 0.00240779 0.0140846 
0.000751095 0.0439765 0.00251315 0.2099 0.0412607 0.000187492 0.0383636 0.0186474 0.0175295 0.0910553 0.00222019 0.0266837 0.00993702 0.00406919 0.000558073 0.0572147 0.427266 0.000164423 0.00770186 
0.00872833 0.0201873 0.00438747 0.118487 0.0328052 0.000138192 0.0306463 0.146901 0.00638423 0.06017 0.0017653 0.0135156 0.00421319 0.00264478 0.000252392 0.0788617 0.466737 0.000598413 0.00257739 
0.00232662 0.0367743 0.0145687 0.125811 0.0179448 0.000122984 0.0338761 0.0517779 0.0394138 0.0680469 0.00145485 0.0265592 0.0199435 0.00863157 7.72385e-05 0.0708968 0.465094 0.00156721 0.0151126 
0.000959839 0.0530425 0.0102893 0.0713162 0.0350174 0.000289579 0.0224372 0.0862738 0.074382 0.0774181 0.000304767 0.106438 0.086967 0.0113586 0.000841088 0.0921915 0.226125 0.0165925 0.0277564 
0.00121577 0.0502931 0.00431156 0.16905 0.0151621 9.57468e-05 0.0676043 0.023567 0.022697 0.0443846 0.00037977 0.0289311 0.00645509 0.0104255 0.0010099 0.221394 0.320394 0.00352757 0.00910124 
0.0540255 0.080846 0.00435391 0.130272 0.0340736 0.000118858 0.00855744 0.0680018 0.0406438 0.0751641 0.000729838 0.0685947 0.0293616 0.00228478 0.000162385 0.0541834 0.342007 0.0030652 0.00355397 
0.0123898 0.0470874 0.00236626 0.210048 0.011418 0.000511532 0.13059 0.0642235 0.0564935 0.0414452 0.000431991 0.0152522 0.0101477 0.00805009 0.000213956 0.0954495 0.26395 0.00148058 0.0284507 
0.000377978 0.0406458 0.01566 0.0103297 0.0200398 7.11967e-05 0.0132689 0.0184745 0.0038298 0.343088 0.000416038 0.0366778 0.0205515 0.0838471 4.43872e-06 0.0208275 0.353584 0.00514759 0.0131576 
0.00286808 0.0525981 0.00198136 0.0401608 0.0091892 0.000231287 0.14271 0.0317434 0.0516047 0.05568 0.000514379 0.0293666 0.0113003 0.0458419 0.000240181 0.143032 0.359353 0.00505001 0.016534 
6.20866e-05 0.0198358 0.0031039 0.0618127 0.0659523 2.71222e-05 0.0262299 0.0279926 0.0820453 0.141204 0.00869657 0.00838556 0.00498636 0.00288358 1.27941e-07 0.0890949 0.450011 0.000122948 0.00755348 
0.000399283 0.207844 0.0836201 0.0224264 0.0167171 7.90851e-05 0.0581338 0.0517792 0.0122125 0.0554987 0.000109035 0.0634194 0.00781564 0.000307884 2.53921e-05 0.0882895 0.324324 0.00264854 0.00435116 
0.00728405 0.115725 0.00699011 0.0418889 0.0177342 6.21815e-05 0.107426 0.0780497 0.0827416 0.0636351 0.000593879 0.0553128 0.0183245 0.0238339 0.00057549 0.128366 0.200843 0.00404403 0.0465699 
8.96592e-05 0.114907 0.00440576 0.0326571 0.0281803 0.000125321 0.0619685 0.142888 0.0416652 0.0275194 8.59202e-06 0.0884779 0.00410261 0.000199355 0.00197253 0.212626 0.237885 0.000155767 0.0001669 
5.37936e-05 0.0134958 0.00292179 0.193707 0.0251478 7.74397e-05 0.086245 0.0290053 0.0324988 0.156985 0.000561712 0.00669324 0.00416924 0.00597593 0.000112628 0.0412612 0.39586 0.000137321 0.00509041 
0.00424145 0.0906055 0.0219116 0.139398 0.0213046 0.000273443 0.141496 0.0729308 0.0214999 0.0494565 0.00283909 0.0624765 0.0426158 0.0043562 3.36927e-05 0.136588 0.171893 0.00467623 0.0114039 
0.0052926 0.0623389 0.0092206 0.0836886 0.0376998 0.000192673 0.0355844 0.0657017 0.0353644 0.149328 0.00221943 0.079587 0.0194059 0.00530377 0.00033821 0.0961238 0.275602 0.00336705 0.0336412 
0.00745599 0.0435843 0.00759001 0.0710026 0.0137533 0.00017699 0.0653935 0.0182354 0.0280552 0.0810999 0.000367647 0.0556985 0.0153805 0.00516334 0.000980542 0.0560326 0.519877 0.000477534 0.00967497 
0.00196864 0.165232 0.00343442 0.0531142 0.0108065 6.82758e-05 0.0860445 0.0710663 0.0134256 0.0616341 7.72003e-05 0.059937 0.0359195 0.00126717 0.000177927 0.0760024 0.353881 0.00229616 0.00364686 
4.60424e-05 0.0519483 0.0126293 0.151609 0.0175784 0.000955343 0.0428323 0.0349959 0.0163682 0.0957042 0.00324729 0.165621 0.0300525 0.0024342 0.000236359 0.0454623 0.324123 0.000985689 0.00317 
0.00113763 0.0259565 0.00365113 0.0145921 0.011667 3.12758e-05 0.0183348 0.104481 0.127505 0.0124757 0.000245265 0.0120879 0.0253506 0.00242104 0.000391493 0.185253 0.443203 0.00433109 0.00688276 
7.39421e-06 0.0409827 0.00798873 0.0159464 0.0121692 7.89204e-05 0.0143064 0.198745 0.0659856 0.0385997 0.00322699 0.106282 0.013124 0.00119054 2.2599e-05 0.165155 0.307508 0.000586077 0.00809402 
0.00267854 0.0194165 0.00986177 0.0852857 0.0998421 0.00462614 0.0303121 0.00816141 0.0138602 0.0737785 0.000208623 0.0192503 0.0104082 0.0108816 5.4515e-05 0.0522218 0.55632 0.000403318 0.00242902 
2.39939e-07 0.0032374 6.9494e-05 0.0230014 0.0121495 1.66337e-06 0.0264722 0.0444525 0.00941861 0.0143076 1.28195e-06 0.0600439 0.00254138 0.000608913 6.94864e-07 0.039445 0.74919 1.34165e-06 0.0150569 
0.0141769 0.211165 0.00831098 0.069377 0.0417847 9.42655e-05 0.0752633 0.0529111 0.0123666 0.122569 0.00057697 0.0835655 0.0291778 0.00514072 0.000484182 0.0341503 0.234871 0.000807388 0.00320627 
0.000493101 0.0485383 0.0583252 0.0690815 0.0407048 1.91042e-05 0.135268 0.0844456 0.125056 0.110154 2.57861e-05 0.0512487 0.0129575 0.0012114 0.00259044 0.0959999 0.15655 0.00181416 0.00551634 
9.54462e-05 0.173414 0.145863 0.0123975 0.0172946 1.00626e-05 0.0571342 0.0304382 0.00342578 0.0511927 1.06459e-05 0.0644357 0.00556487 0.000216772 3.17724e-06 0.0889861 0.344794 0.00154642 0.00317727 
0.000533192 0.059182 0.0114505 0.011719 0.007199 0.000304539 0.0650806 0.218385 0.0437195 0.0305678 0.000138142 0.0352352 0.0218877 0.000847803 7.95784e-05 0.162065 0.328715 0.00182187 0.00106864 
2.29646e-05 0.139113 0.00544224 0.053079 0.010798 0.000208863 0.117781 0.0263157 0.0132659 0.0900808 0.000114352 0.0490735 0.00781667 0.00193242 4.81769e-05 0.0443422 0.415328 7.19793e-06 0.0252306 
0.00507461 0.0691442 0.0192172 0.0800872 0.0186557 0.000350796 0.148059 0.0310585 0.023479 0.0782016 0.000364963 0.108685 0.0159065 0.00141617 0.000816517 0.17064 0.202894 0.00915228 0.0167968 
0.00091435 0.0740061 0.141919 0.0422905 0.0564218 0.000142051 0.0602844 0.0285921 0.0260304 0.105933 0.000690512 0.0455978 0.0328702 0.00163672 0.000245931 0.117966 0.214582 0.015784 0.0340934 
0.0207299 0.07488 0.00865747 0.0759471 0.016048 0.000347309 0.14986 0.0294083 0.0524665 0.0751436 0.00154253 0.0670609 0.00578413 0.000966056 0.000910185 0.135209 0.281163 0.00278069 0.00109562 
0.00727172 0.0338404 0.0107953 0.214204 0.0438107 1.12506e-06 0.124251 0.00328498 0.0271364 0.131827 0.000579389 0.00298656 0.00135573 0.000883389 2.29209e-05 0.0424133 0.353535 1.77478e-05 0.00178335 
0.000548976 0.0352412 0.00227876 0.0997805 0.0131154 0.000150706 0.142957 0.0260096 0.0682084 0.0832546 0.00765775 0.0630903 0.113099 0.00414474 0.00253132 0.164479 0.165391 7.66307e-05 0.00798475 
0.00159608 0.015359 0.0162489 0.120481 0.0282405 1.36404e-05 0.0500087 0.0511246 0.0153227 0.189252 0.000716606 0.0181045 0.0225821 0.00663415 1.13467e-05 0.101473 0.35361 0.0027718 0.00644923 
0.00114855 0.110374 0.0385594 0.112129 0.0290809 8.00906e-06 0.0357925 0.0410054 0.0591872 0.0730259 0.0597762 0.0420481 0.0107489 0.00448112 0.000213858 0.0861077 0.257092 0.00266529 0.0365565 
0.000875871 0.0406428 0.0152276 0.0110284 0.0265311 0.000220755 0.0153166 0.0187872 0.00502773 0.334821 0.00054345 0.0378041 0.0210698 0.0827794 4.36512e-05 0.0273842 0.337181 0.0106567 0.0140589 
0.00876363 0.139044 0.0232707 0.0845304 0.0418923 5.23971e-05 0.0479175 0.0588593 0.034773 0.141961 0.00336808 0.0673928 0.0255655 0.00755542 0.000137546 0.139618 0.162302 0.00073856 0.0122581 
0.00121591 0.0283697 0.00555357 0.0446193 0.0227369 0.00163637 0.0302727 0.0409643 0.0134749 0.105796 0.000772821 0.0153851 0.00506469 0.00187636 0.191866 0.0465964 0.322914 0.0202755 0.100609 
5.37936e-05 0.0134958 0.00292179 0.193707 0.0251478 7.74397e-05 0.086245 0.0290053 0.0324988 0.156985 0.000561712 0.00669324 0.00416924 0.00597593 0.000112628 0.0412612 0.39586 0.000137321 0.00509041 
8.96592e-05 0.114907 0.00440576 0.0326571 0.0281803 0.000125321 0.0619685 0.142888 0.0416652 0.0275194 8.59202e-06 0.0884779 0.00410261 0.000199355 0.00197253 0.212626 0.237885 0.000155767 0.0001669 
0.00182038 0.0434625 0.00703989 0.0617057 0.0082991 0.000395514 0.205051 0.0503883 0.0224214 0.0546367 0.00585015 0.0248441 0.00973416 0.0234121 6.90996e-05 0.130384 0.345343 9.38257e-05 0.00504878 
0.000660233 0.157072 0.00485386 0.0388212 0.0132833 2.34039e-05 0.0587485 0.0191002 0.0404525 0.0655556 0.0130753 0.117872 0.0141601 0.0480537 0.000218055 0.095155 0.300253 2.19757e-05 0.0126198 
0.0151121 0.0609449 0.0315517 0.211907 0.0494579 0.000345714 0.0713494 0.0361032 0.0670798 0.0707879 0.0111176 0.0317971 0.00997664 0.0010766 0.00012664 0.0900111 0.220666 0.0132783 0.00731012 
0.000158409 0.052197 0.0064148 0.0367974 0.0164616 0.00256223 0.0227487 0.0592148 0.0647515 0.0619086 0.00200446 0.0812014 0.035321 0.0102621 0.00106505 0.0808284 0.454924 0.000717829 0.0104609 
4.86832e-05 0.00880784 0.000871668 0.0273747 0.0284814 0.000701097 0.0325832 0.0498447 0.0149268 0.0241668 0.000205811 0.0719059 0.00542665 0.00266936 0.000180782 0.0606594 0.646378 0.000138816 0.0246282 
0.00185977 0.0828766 0.00195476 0.030058 0.0292108 0.000794244 0.0234274 0.0368754 0.0296242 0.0458091 0.000387494 0.0367877 0.00569691 0.00444808 7.13911e-05 0.0650084 0.59647 0.000493238 0.00814624 
0.000160804 0.0379682 0.000878272 0.16765 0.00145506 6.83291e-05 0.0167707 0.0788542 0.110974 0.0457194 0.0063639 0.058631 0.0642511 0.00112894 0.000226906 0.124455 0.256956 5.68864e-06 0.0274835 
0.000560493 0.0189008 0.0087375 0.104251 0.0113797 0.000145322 0.0695698 0.0368034 0.0586368 0.156877 0.000476722 0.0520818 0.0148233 0.00319414 0.0391709 0.0934283 0.306556 0.00037506 0.0240324 
0.000119281 0.057265 0.0125148 0.0655642 0.245137 0.000162087 0.070537 0.0156987 0.0156434 0.0840111 4.79031e-06 0.00574098 0.00753417 0.00020268 0.00152605 0.0566329 0.316895 2.68853e-05 0.0447838 
0.000534596 0.0102156 0.00398577 0.148828 0.0103952 2.06852e-05 0.0582153 0.0175232 0.0205628 0.0499675 0.000748214 0.00439867 0.0022769 0.00247484 6.76663e-05 0.0447271 0.616592 0.000117957 0.00834727 
2.84244e-05 0.0112799 0.000869953 0.0504406 0.0497698 0.000432375 0.0916099 0.057266 0.0180776 0.0278628 0.000593509 0.0505649 0.00376604 0.00205541 0.000146841 0.0654012 0.555387 8.10009e-05 0.0143666 
0.00142506 0.0497969 0.00871433 0.0547947 0.0133512 0.000177511 0.19369 0.138168 0.0457802 0.0824459 0.0013555 0.0463161 0.0224195 0.00204453 0.0102169 0.0623119 0.262673 0.00157098 0.00274773 
1.23434e-05 0.196748 0.00205715 0.138918 0.00680438 0.000100838 0.0747567 0.0238477 0.00898601 0.0411403 0.00105719 0.0940131 0.0691811 0.000245773 0.000650536 0.0882719 0.238345 0.00150413 0.0133592 
0.0014877 0.0509134 0.00657834 0.191153 0.0184953 0.00277869 0.0694515 0.0680736 0.0748294 0.0633283 0.000475348 0.0426543 0.0377423 0.0137502 0.00130595 0.0771867 0.2181 0.00872954 0.0529664 
0.000851746 0.10939 0.0431722 0.0287973 0.117659 1.4321e-05 0.036163 0.0797441 0.00689583 0.0623741 0.000505447 0.156796 0.0605309 0.00115826 0.000185629 0.111076 0.179953 7.66513e-06 0.00472476 
0.00655949 0.127644 0.0141249 0.185067 0.00808714 0.000167959 0.0737779 0.0178998 0.0351899 0.116651 0.00058741 0.027424 0.00681622 0.00217651 0.000363788 0.186548 0.186732 3.55216e-06 0.00417973 
0.000712819 0.0323745 0.00473114 0.0516645 0.014116 0.00020017 0.017145 0.0304502 0.0210213 0.0798112 0.000628846 0.0132985 0.0140951 0.00231849 0.000172861 0.0465432 0.647977 0.00199034 0.0207491 
0.00108377 0.054119 0.0212368 0.0606351 0.0125828 1.67885e-05 0.0269469 0.151394 0.0410165 0.0279604 0.000519172 0.155804 0.0514666 0.00406992 0.000152933 0.141536 0.221298 0.00633837 0.0218222 
0.00210535 0.108803 0.000665886 0.112295 0.00352434 0.000572118 0.00461569 0.0365602 0.0571856 0.0321367 0.000103836 0.0161541 0.0356537 0.0128424 0.000417627 0.137822 0.320447 0.0191283 0.0989674 
0.000809637 0.0827328 0.00715524 0.0851695 0.00900185 0.0010774 0.0438174 0.0348899 0.0149006 0.0395933 0.000455444 0.187562 0.0153067 0.00148481 0.00014788 0.0830007 0.376403 0.00240779 0.0140846 
0.00257191 0.0785857 0.00208032 0.0263297 0.0189724 0.000132336 0.0392118 0.153351 0.0374072 0.0795274 0.00044353 0.0556139 0.0277261 0.00150579 0.00026685 0.16042 0.305128 0.0014126 0.00931366 
0.00388631 0.202735 0.00420907 0.0592724 0.00546018 5.17839e-05 0.0430785 0.0188667 0.0499656 0.0353857 0.000520206 0.0743351 0.021625 0.00346089 0.000124967 0.197975 0.260054 0.0065129 0.0124811 
0.00243925 0.0576145 0.0161969 0.157743 0.0254802 6.32027e-05 0.0745579 0.0264263 0.0230975 0.152406 0.0363096 0.0400331 0.0131458 0.00592942 0.000145629 0.09078 0.267446 0.000765361 0.00941976 
0.00214524 0.0774066 0.0100669 0.0390666 0.0226556 0.000496948 0.144741 0.0785363 0.0243841 0.051515 0.000799709 0.0226982 0.009897 0.00100472 0.000633574 0.225091 0.277343 0.00469935 0.00681895 
0.0105195 0.0633701 0.00252712 0.105252 0.0357774 3.6897e-05 0.12412 0.120403 0.0618184 0.0488444 0.000470968 0.051191 0.0410044 0.00846999 0.000743056 0.0959881 0.200623 0.000595434 0.0282444 
0.00221512 0.137654 0.00531682 0.142811 0.0187819 0.00023173 0.0593635 0.021456 0.0388929 0.0661276 0.000329282 0.0423766 0.012048 0.00138759 0.000118877 0.162076 0.272302 0.000338444 0.0161723 
0.000776091 0.175373 0.0113342 0.024094 0.0185787 0.000292392 0.0393742 0.0464126 0.0161111 0.0335865 0.000203621 0.195591 0.00854552 0.000920164 4.24547e-06 0.0938285 0.334524 7.94743e-06 0.00044267 
0.00400391 0.0817083 0.0135839 0.130218 0.0377238 0.00863032 0.113704 0.0578242 0.0423719 0.108719 0.00137678 0.0734244 0.0595448 0.00612963 0.000650465 0.105298 0.139629 0.00335162 0.012108 
0.000890464 0.0675506 0.00592174 0.0743109 0.145632 0.00040423 0.0558196 0.150506 0.0433073 0.0598687 0.000611595 0.0312006 0.00921972 0.000792656 0.0010753 0.0712948 0.278281 0.00210397 0.00120856 
4.86832e-05 0.00880784 0.000871668 0.0273747 0.0284814 0.000701097 0.0325832 0.0498447 0.0149268 0.0241668 0.000205811 0.0719059 0.00542665 0.00266936 0.000180782 0.0606594 0.646378 0.000138816 0.0246282 
0.00728895 0.0555212 0.0214478 0.157397 0.0155988 7.82854e-05 0.123914 0.0234475 0.0163395 0.052497 0.000548812 0.0126315 0.00979572 0.0033575 5.34664e-05 0.187517 0.286429 0.000115753 0.0260206 
0.195847 0.0229425 0.00128189 0.0690375 0.00508645 0.000488572 0.0193587 0.0184022 0.119918 0.0231372 0.000133665 0.00900377 0.00429511 0.00138951 0.000210051 0.028548 0.39231 0.00595874 0.0826516 
0.00188671 0.0877248 0.0013719 0.173938 0.00868662 0.000157523 0.0538492 0.074055 0.0192083 0.0436386 0.000572089 0.0465871 0.01682 0.00590452 0.000230448 0.0618437 0.385404 0.00107813 0.0170429 
5.61465e-05 0.0163052 0.00252731 0.0756022 0.0347289 0.00031412 0.00735238 0.0141318 0.00743003 0.0904852 0.000102326 0.0135686 0.0373859 0.00159484 0.000183654 0.0280764 0.656563 9.30007e-05 0.0134989 
0.00294515 0.00795861 0.0139667 0.039706 0.0181689 0.000188597 0.00627773 0.0409771 0.0108109 0.140925 0.00126008 0.01906 0.0107182 0.00236631 0.000623947 0.0372641 0.635059 0.00121741 0.0105065 
0.0019036 0.0768863 0.0241159 0.0876984 0.0459878 3.17595e-05 0.0252495 0.0694986 0.0205723 0.166625 0.0005288 0.0325191 0.0122568 0.00226571 0.00024244 0.0419841 0.377485 9.51742e-05 0.0140544 
0.000574899 0.0285657 0.0194983 0.0324735 0.199965 0.000189259 0.0187725 0.021151 0.0072826 0.234144 0.00091024 0.0438011 0.00889679 0.00171218 0.000264978 0.0365 0.341573 7.35106e-05 0.00365128 
0.000893809 0.0815454 0.00136234 0.113047 0.00223778 0.00136804 0.0191862 0.0943676 0.0610857 0.0450184 0.00194118 0.0140034 0.0192759 0.00682932 0.000317003 0.154164 0.203885 9.54012e-06 0.179462 
0.0174712 0.0335349 0.0206215 0.103672 0.036905 0.00010411 0.103268 0.0732437 0.0650619 0.0975913 0.00108843 0.0229881 0.0189784 0.0968865 0.00064296 0.0938438 0.197594 0.00200582 0.0144979 
0.0010404 0.0752274 0.0135697 0.115377 0.0360821 0.000210767 0.0496372 0.0200433 0.0102589 0.0578673 0.00196469 0.103678 0.0539637 0.00703505 0.000205871 0.146665 0.299114 0.00250214 0.00555701 
0.000341152 0.0111593 0.00101664 0.132914 0.00144901 0.000586869 0.00543016 0.134526 0.0162262 0.0350051 0.00027481 0.0399534 0.104871 0.00236789 0.0025146 0.00317871 0.49799 0.0100288 0.000165847 
0.000403416 0.0216425 0.172944 0.115226 0.037755 3.55649e-05 0.0490281 0.0358692 0.017446 0.191712 0.000244408 0.0248373 0.0274541 0.00230465 1.15753e-05 0.0507868 0.247687 0.000854265 0.00375906 
0.0011173 0.184088 0.00524504 0.0392818 0.0206728 4.47231e-05 0.0151987 0.0896048 0.177022 0.0645345 0.000229752 0.018366 0.0158973 0.00284727 0.000446413 0.0693774 0.29487 0.000407796 0.000748416 
0.00571227 0.0825096 0.00925588 0.0804142 0.0531389 0.0001901 0.0569444 0.0418259 0.0314408 0.204186 0.000851949 0.0660764 0.0221186 0.00545871 0.000383004 0.100366 0.21738 0.00151108 0.0202359 
0.00951585 0.0374486 0.00714674 0.109575 0.0124205 0.000157587 0.0803871 0.0161104 0.0239766 0.0883063 0.000329028 0.0482062 0.0148789 0.00515537 0.000989483 0.0673207 0.4675 0.000419393 0.0101555 
0.000903852 0.0433713 0.010158 0.155227 0.0240791 0.00615071 0.0893938 0.0533484 0.037153 0.0678488 0.0015056 0.0150625 0.0349764 0.00338974 0.000647808 0.0605679 0.366995 0.000295158 0.0289258 
3.49067e-06 0.0493001 0.0170442 0.177789 0.0115911 0.000223882 0.0662405 0.0165108 0.0145652 0.0759711 9.60268e-05 0.043355 0.0716569 0.000799028 3.06599e-05 0.142977 0.23856 0.000378924 0.0729073 
0.00170441 0.100447 0.013403 0.103977 0.0153845 5.51652e-05 0.119785 0.0630599 0.0297389 0.184948 0.000656083 0.0524244 0.0123521 0.00149403 4.74611e-05 0.102556 0.187885 0.000295225 0.0097867 
0.00140912 0.096478 0.00998241 0.0729968 0.0439942 0.000127397 0.0827056 0.0262814 0.0168509 0.184357 0.000629075 0.0799421 0.0353483 0.00580193 0.000872907 0.0872921 0.242537 0.000235153 0.0121589 
