9.00381e-05 0.123651 0.0168705 0.236501 0.00792205 0.000102434 0.109052 0.00731799 0.0252167 0.0479572 0.000216535 0.032859 0.0506197 0.0875827 0.0220399 0.154826 0.0650144 0.00143186 0.0107295 
0.0139205 0.0160899 0.00371871 0.412798 0.0199313 0.000506581 0.132036 0.0265482 0.0447187 0.0500002 0.0018615 0.0135384 0.0159822 0.00934983 0.00369668 0.0833736 0.0213926 0.0128681 0.11767 
0.0271525 0.0397907 0.0116004 0.449459 0.0179415 4.55008e-05 0.147957 0.04027 0.0178667 0.0515191 0.00294939 0.0216881 0.0135359 0.00776386 2.1208e-05 0.0874206 0.0518154 0.00206538 0.00913746 
0.00883562 0.013285 0.00176797 0.390309 0.024641 2.26261e-05 0.0404297 0.0183943 0.0658006 0.049074 0.000221458 0.0277478 0.0115789 0.00431674 0.00061377 0.11459 0.0334556 0.12126 0.073656 
0.0335772 0.113678 0.00774157 0.336471 0.0246189 0.000126419 0.214996 0.0296954 0.0243657 0.026475 0.000966801 0.0338146 0.0202229 0.00444703 0.000105886 0.0856701 0.0373809 0.000466074 0.00518113 
0.019599 0.0442196 0.00167331 0.479121 0.0216841 1.38137e-06 0.0599527 0.0293129 0.118367 0.0537592 4.30974e-07 0.00533663 0.00721446 0.0596057 0.00226374 0.0497363 0.0282847 0.00221383 0.0176536 
0.00181603 0.0105999 9.40915e-05 0.771133 0.00181166 0.000436685 0.0978559 0.0029871 0.00354462 0.00298918 0.000324981 0.019138 0.0206092 0.0159709 0.000523014 0.03991 0.00161369 0.000258944 0.00838292 
0.00265816 0.0236135 0.00153262 0.395787 0.0126812 0.000942976 0.256403 0.014086 0.0437437 0.0797298 7.90274e-05 0.0359041 0.058742 0.00467048 4.64023e-05 0.0270352 0.0259357 0.00112779 0.0152817 
0.00193428 0.0789519 0.00745153 0.323235 0.0200172 9.54248e-05 0.198313 0.020389 0.0296668 0.0564622 0.00113713 0.0309303 0.0168303 0.00924577 0.000146727 0.113926 0.0805486 0.000484859 0.010234 
0.00522524 0.0498639 0.0257424 0.385224 0.0358619 0.000174196 0.141349 0.0861469 0.0501937 0.0368517 0.000179907 0.0331089 0.0178908 0.00166553 0.00605007 0.0900052 0.0307663 0.00017925 0.00352165 
0.0804899 0.0380017 0.00190393 0.229314 0.0325761 0.000420068 0.036912 0.0256131 0.120999 0.0327419 0.000497077 0.0433993 0.0167013 0.0269663 0.00061491 0.0697256 0.0255875 0.0108231 0.206713 
4.71871e-05 0.00970782 0.00321121 0.511849 0.00951837 7.87253e-05 0.269098 0.00867512 0.00422891 0.0237592 3.51468e-05 0.041332 0.0398266 0.0063716 0.00465275 0.03327 0.0336153 4.81833e-05 0.00067516 
0.0131648 0.048935 0.0148941 0.307886 0.0228551 0.000444346 0.152011 0.0239402 0.0537312 0.1235 0.00102259 0.0255112 0.00645827 0.0229389 2.94874e-05 0.109876 0.0409438 0.000882274 0.0309761 
0.00718607 0.0381366 0.0186006 0.403224 0.022358 0.00311251 0.174303 0.0139975 0.0206391 0.0346654 0.000582737 0.0394684 0.00935337 0.00216591 0.00019057 0.172688 0.021479 0.00898665 0.00886304 
0.00210623 0.0273692 0.00227758 0.430688 0.0994251 0.000811059 0.077693 0.0330624 0.025682 0.0393831 0.000600352 0.0280862 0.0104773 0.00248933 0.000538329 0.0553144 0.0319632 0.112994 0.0190386 
0.124542 0.0663566 0.00298847 0.247519 0.0143093 0.0136437 0.164748 0.00818825 0.0503596 0.0153075 0.000552966 0.022683 0.0364573 0.0146631 0.00144994 0.131528 0.0144138 0.0553058 0.0149843 
0.00011351 0.0251624 0.00246841 0.751692 0.00236224 0.0032637 0.0145911 0.0555943 0.0199856 0.0150972 0.000655296 0.00936906 0.0289208 0.000716043 0.00499826 0.0489388 0.011384 3.12264e-05 0.00465627 
0.000328268 0.0704428 0.00577155 0.53654 0.00463731 0.0202985 0.127131 0.0181302 0.0178553 0.0598136 0.00348076 0.00943164 0.0288433 0.00152408 0.000222601 0.0649227 0.0120993 8.56462e-05 0.0184414 
0.000208907 0.0444206 0.00128597 0.210942 0.00233548 7.61296e-05 0.0755865 0.152629 0.0396146 0.0304872 0.0607424 0.0622462 0.0571948 0.104421 0.000408756 0.118449 0.0138941 0.000264452 0.0247927 
0.000842825 0.0578765 0.0173638 0.306354 0.0438614 7.81461e-05 0.18706 0.0377574 0.0772983 0.0529865 0.000384429 0.0268316 0.0158654 0.00498537 0.00225216 0.0877859 0.0538178 0.000593648 0.0260048 
0.00107762 0.103355 0.00332044 0.230587 0.167023 0.000115292 0.0277042 0.157983 0.0258361 0.0992422 0.00014648 0.0742311 0.0175844 0.00684316 0.00184359 0.0402159 0.022115 8.29457e-06 0.0207673 
0.00531326 0.0102305 0.00359645 0.516474 0.0911274 0.000542797 0.0195981 0.0166805 0.0362506 0.0269798 0.00063258 0.015226 0.0313313 0.025912 0.00122369 0.0822559 0.00672115 0.0163818 0.0935219 
0.00708994 0.0247645 0.00207097 0.383989 0.0114775 0.0002667 0.126538 0.055303 0.0692902 0.0604889 0.00128812 0.0355667 0.0599587 0.0264221 0.000135369 0.0828325 0.0391143 0.00320434 0.0101996 
0.000733271 0.0402789 0.00384667 0.584401 0.00497551 5.34053e-05 0.191298 0.0225463 0.0293485 0.0218604 0.000477228 0.0240087 0.00138374 0.00109736 0.00013283 0.0424162 0.0246274 1.95837e-05 0.00649443 
0.00308404 0.0135212 0.00378375 0.466915 0.0153869 0.000138957 0.260185 0.0264524 0.0345265 0.0296261 0.00027039 0.00646657 0.00447098 0.0105002 0.0014626 0.0704582 0.0297001 0.00573757 0.0173127 
0.0234358 0.047728 0.00328581 0.394893 0.0048319 3.92809e-05 0.144671 0.0325787 0.0231627 0.0996073 3.64648e-05 0.0209019 0.0205747 0.00158332 0.000190493 0.0933849 0.0677401 0.0164449 0.00490943 
9.03771e-05 0.0447437 0.00659918 0.409539 0.00559763 0.00011996 0.1621 0.0569865 0.0601691 0.0420366 0.00174295 0.0334856 0.0168836 0.00199126 0.00076878 0.0974883 0.0531395 4.57123e-05 0.00647226 
0.00861849 0.0552906 0.000789672 0.326548 0.0123099 4.81379e-05 0.0785167 0.0182708 0.15177 0.0506399 0.0022787 0.0513637 0.0520569 0.0208965 0.00336703 0.082744 0.0347125 0.00670927 0.0430695 
9.3992e-05 0.0294011 0.00436012 0.360863 0.0034368 1.26262e-05 0.0751793 0.0596675 0.0648043 0.0216012 0.000663946 0.109215 0.0430449 0.0239663 0.000485108 0.100982 0.0407203 0.00241193 0.0590914 
0.000170468 0.0531148 0.001865 0.504209 0.0152314 0.00111037 0.119641 0.0338289 0.050737 0.0299944 0.000361358 0.0391701 0.0126986 0.000323335 0.00229953 0.101489 0.0225572 0.00104921 0.0101486 
0.00613705 0.121333 0.00398469 0.21541 0.0210666 0.000784261 0.146658 0.0242294 0.0447743 0.0345176 0.000966915 0.0668541 0.0409895 0.00618166 0.000577104 0.19138 0.0398889 0.00138663 0.0328812 
0.00364194 0.0762801 0.0372845 0.32644 0.0233332 0.00228554 0.265419 0.00731448 0.0112612 0.0559833 9.85434e-05 0.0295101 0.0138242 0.042165 0.00036205 0.0411381 0.0579856 0.00158804 0.00408486 
0.009873 0.0744328 0.00589556 0.176456 0.0179754 0.000490907 0.175653 0.0377793 0.0905143 0.109992 0.000942119 0.042723 0.0609377 0.0116013 0.000549004 0.13049 0.0440488 0.00100539 0.00864024 
0.00166086 0.0444038 0.00639173 0.232204 0.0168881 0.000460726 0.100264 0.00670052 0.116846 0.0253045 0.000336099 0.059681 0.0626592 0.105884 7.79935e-05 0.145053 0.0307962 0.0059713 0.0384163 
0.000970432 0.0359262 0.00458046 0.331916 0.0562718 2.2448e-05 0.0379142 0.0364593 0.0393589 0.0459867 0.000335536 0.102652 0.00442425 0.0325549 7.4709e-05 0.101328 0.155712 0.00495501 0.00855776 
0.00222052 0.0474749 0.0226792 0.170817 0.00772293 0.000327277 0.0623519 0.0306739 0.0360965 0.165238 0.00187989 0.0298467 0.0873468 0.00516547 0.000268378 0.0894299 0.0782366 0.00347618 0.158748 
0.0562277 0.0396303 0.0105733 0.320404 0.0101298 4.0967e-05 0.13037 0.00835128 0.0983186 0.0602156 3.64558e-05 0.013623 0.0353006 0.0248073 0.00121 0.12353 0.0287502 0.0108186 0.0276624 
0.0070825 0.0393988 0.00999463 0.365512 0.016322 0.000133828 0.171062 0.00912054 0.0275993 0.0756013 0.000698813 0.0522878 0.0381929 0.00429987 2.87219e-05 0.149185 0.0234328 0.000431527 0.009615 
0.0171324 0.0604811 0.0172748 0.413092 0.0387711 0.00299843 0.242788 0.038169 0.00970975 0.0197109 0.000139321 0.0352153 0.00283775 0.0067344 0.000694288 0.0621716 0.0277969 0.00200295 0.00227952 
0.000545351 0.0524335 0.00104402 0.60409 0.00547698 0.000272525 0.0539329 0.0732214 0.0204325 0.0121064 0.000456734 0.0568726 0.0276016 0.00872831 0.00020227 0.0634169 0.00986113 0.000118058 0.00918667 
0.00822549 0.0228881 0.00349974 0.54737 0.025793 0.000347623 0.0862557 0.00777618 0.0594039 0.0132047 0.0944421 0.0159331 0.0132938 0.00720553 0.000512072 0.0612655 0.0107532 0.000320285 0.0215097 
0.000221679 0.105897 0.000646779 0.316294 0.00808085 0.000224983 0.0558782 0.0214443 0.0151858 0.0473393 0.0327115 0.0554242 0.0452339 0.000135965 3.83902e-05 0.0197173 0.273095 0.00238248 4.82013e-05 
0.00399459 0.0386011 0.00278428 0.366672 0.00559876 0.000300198 0.120443 0.0306402 0.0827963 0.0224174 0.000523656 0.0593339 0.0622558 0.00761893 0.00050353 0.111016 0.0512486 0.0114256 0.0218266 
0.00112382 0.0828561 0.00163586 0.429514 0.00757141 0.000173637 0.176473 0.0248784 0.0683501 0.0217761 0.0267813 0.0420422 0.0207005 0.00379002 0.00226364 0.0552057 0.0275735 2.90131e-05 0.00726177 
0.00330107 0.0652933 0.00635191 0.324943 0.0173678 0.000241839 0.153379 0.0306672 0.0199173 0.0511417 0.000608808 0.124443 0.061942 0.00510125 0.000416819 0.100119 0.0283665 0.000178802 0.00621853 
0.00522387 0.0367029 0.00459504 0.225124 0.049191 7.2196e-05 0.145794 0.0297004 0.0556525 0.144625 0.000399981 0.0156214 0.00836729 0.000588449 4.21491e-06 0.115481 0.135018 0.000436622 0.0274025 
0.0019469 0.0486124 0.00170176 0.387028 0.00365482 0.000235007 0.0672163 0.0512255 0.0952408 0.0455483 0.00582306 0.0335224 0.0338888 0.00254973 4.58591e-05 0.173123 0.0178608 7.11307e-05 0.0307055 
0.00168264 0.0517242 0.0660321 0.356331 0.0116134 0.000904783 0.172972 0.00973737 0.11266 0.0642322 0.000141615 0.0203709 0.0124821 0.00292102 0.00193535 0.0687577 0.0140041 0.00234823 0.0291494 
0.0520603 0.128002 0.00250665 0.203254 0.012305 0.000347219 0.196469 0.00631223 0.046591 0.0164031 0.000904188 0.0483994 0.0319564 0.00517346 0.000180036 0.198724 0.0154362 0.0133226 0.0216539 
0.00142084 0.0452477 0.00134704 0.450222 0.158 0.000544866 0.030936 0.00406148 0.00739198 0.0265765 0.0003869 0.0178959 0.154695 0.00546796 0.000224157 0.0689952 0.0203416 0.000252327 0.00599269 
0.0246844 0.0197194 0.00221658 0.419027 0.0179065 0.00117636 0.112996 0.00873651 0.00569656 0.0319285 0.000322687 0.237436 0.0347951 0.00171406 0.00963532 0.0452717 0.0223521 0.00221963 0.00216592 
0.0135584 0.0467007 0.0109942 0.429085 0.0175767 8.48924e-05 0.140922 0.0503797 0.0356988 0.0319336 0.00167281 0.0179377 0.0182341 0.0135676 2.193e-05 0.122569 0.034608 2.86174e-05 0.0144261 
0.0290376 0.0619963 0.000886794 0.598626 0.0389941 0.000159648 0.0961982 0.00356266 0.0412903 0.0235803 0.00131569 0.0158694 0.0187474 0.00688969 5.5788e-05 0.0441683 0.00948131 5.08693e-05 0.00908914 
0.00184302 0.0225955 0.0102739 0.501935 0.0386582 0.000129744 0.121343 0.0427765 0.0554596 0.0263216 0.000135579 0.023727 0.0106715 0.0244418 0.000179954 0.082193 0.0215483 0.000741877 0.0150252 
0.0109409 0.0489748 0.00448081 0.275623 0.0287519 0.00052292 0.140478 0.0237056 0.134771 0.0279199 0.00330636 0.0379565 0.0239951 0.0241294 0.0036823 0.135304 0.0293902 0.00824695 0.0378193 
0.00105193 0.0223952 0.000681813 0.615614 0.0484129 0.00512307 0.0506093 0.0342908 0.0297374 0.0475446 0.00325078 0.0274445 0.016141 0.0246447 0.000185335 0.0363827 0.0325793 0.0001227 0.00378837 
1.3611e-06 0.00711323 0.00124878 0.355438 0.0133278 3.10972e-05 0.265446 0.101094 0.0496618 0.0188571 1.14736e-05 0.0353958 0.0130213 0.0556058 0.000285886 0.0479247 0.0227449 0.000177409 0.0126148 
0.0019922 0.0130579 0.00274451 0.210458 0.0637638 3.87655e-05 0.127424 0.00454321 0.20813 0.0157747 0.000463258 0.0323486 0.0191977 0.0459101 0.000650805 0.0625641 0.0294626 0.0793966 0.0820786 
0.00822549 0.0228881 0.00349974 0.54737 0.025793 0.000347623 0.0862557 0.00777618 0.0594039 0.0132047 0.0944421 0.0159331 0.0132938 0.00720553 0.000512072 0.0612655 0.0107532 0.000320285 0.0215097 
3.46507e-05 0.0420461 0.000439275 0.70871 0.000644891 0.000194088 0.109527 0.00440781 0.00633053 0.0174582 3.48576e-05 0.0466756 0.0291652 2.15617e-05 3.93805e-05 0.0176799 0.0162801 3.44749e-06 0.000307776 
0.00199214 0.0168773 0.000714965 0.650687 0.00988032 8.09356e-05 0.17048 0.0145044 0.0149605 0.0202957 0.000998807 0.0278559 0.00722519 0.00033094 2.24212e-05 0.0214727 0.0411836 8.06856e-06 0.000429456 
0.000125349 0.0450456 0.00134591 0.52734 0.00974701 4.93032e-05 0.17229 0.00780321 0.0154418 0.0828052 0.00020704 0.00737471 0.00962834 0.000818877 1.69901e-05 0.0677876 0.0496474 3.4773e-05 0.00249128 
0.0858078 0.0485656 0.00758152 0.315729 0.0198784 6.90559e-05 0.0701301 0.0205515 0.0541398 0.029927 0.000127278 0.007679 0.0247502 0.0251221 0.000406657 0.206443 0.0395556 0.0106387 0.0328976 
0.00133307 0.0394933 0.00415786 0.464127 0.0108956 0.00254578 0.272725 0.00435378 0.0280911 0.0526829 0.00127162 0.01218 0.00646967 0.0052164 2.1667e-05 0.0532187 0.0396669 2.91909e-05 0.00152041 
0.00413476 0.05157 0.0126361 0.312934 0.00640376 0.000170899 0.237931 0.0292294 0.0382329 0.0992785 0.000328709 0.0186859 0.0376183 0.00169151 1.76184e-05 0.0670066 0.0730403 0.000270453 0.00881868 
0.00167282 0.0190395 0.00544086 0.425898 0.0099036 0.000171484 0.266245 0.0135198 0.0416282 0.0190046 0.00937897 0.0739078 0.0227333 0.0029807 0.000186329 0.0723153 0.0127199 0.000198773 0.00305558 
0.00594775 0.0513064 0.00640431 0.349872 0.0120841 0.000259578 0.254032 0.0210787 0.0241873 0.0517119 0.000703111 0.0289848 0.0139305 0.00455876 0.000378747 0.0934984 0.0515715 6.94883e-05 0.0294206 
0.0193955 0.0247143 0.00321422 0.389233 0.00816175 1.87724e-05 0.153788 0.0112555 0.0557912 0.019424 0.00456448 0.0123656 0.0179108 0.0156864 0.000341467 0.164833 0.015493 0.00452174 0.0792872 
0.000189762 0.0247797 0.00698885 0.323796 0.0288508 0.000875753 0.15948 0.0618791 0.0550377 0.11035 0.000109339 0.0103445 0.0151948 0.00469798 0.00107892 0.0708154 0.112789 0.00367732 0.0090648 
0.00963958 0.0840201 0.00101369 0.351201 0.0118816 0.00322266 0.111919 0.119595 0.0748684 0.0346068 0.00301693 0.0177023 0.0216113 0.0033292 8.77257e-05 0.0916769 0.0566906 0.00173131 0.00218597 
0.0286347 0.120716 0.0139142 0.147252 0.0488482 0.000407981 0.0920008 0.0317075 0.0868661 0.0493725 0.000735975 0.119385 0.0427581 0.00826962 0.00217067 0.12538 0.0266485 0.00765002 0.0472833 
0.00535815 0.0337778 0.00195871 0.486826 0.028282 0.000976935 0.085011 0.0185414 0.0528248 0.0877987 0.000836712 0.0407931 0.0171262 0.00378441 0.00234015 0.0851591 0.0336036 0.00567645 0.00932432 
0.0206705 0.0229806 0.00187004 0.479251 0.0137849 0.0558042 0.145205 0.0244413 0.0183147 0.0434253 0.00106031 0.0224071 0.0122697 0.0422841 0.00203385 0.0588744 0.0188955 0.00358103 0.0128457 
0.00058758 0.0322652 0.00349003 0.567861 0.0070659 2.38396e-05 0.213378 0.00285881 0.0245653 0.0159608 9.95888e-06 0.024864 0.0103946 0.00112106 0.00124623 0.048959 0.0129312 6.19658e-05 0.0323547 
0.00551378 0.0141889 0.00302001 0.308453 0.00411285 8.40114e-07 0.0236214 0.249451 0.0683852 0.0293965 0.00233666 0.0127861 0.0142149 0.0632376 1.09566e-05 0.10355 0.0923922 0.00299768 0.00233033 
0.00294115 0.0265656 0.00480308 0.341484 0.0532485 4.9947e-05 0.170295 0.0323629 0.0904843 0.0324753 0.00056394 0.0507126 0.0141961 0.0288218 0.000194864 0.0803898 0.0482123 0.00568783 0.0165115 
0.000321332 0.0309662 0.00267051 0.696782 0.00586547 7.70344e-05 0.0807444 0.0162247 0.0112309 0.0363479 0.000261495 0.0142974 0.0180071 0.00307177 0.000124089 0.041758 0.0233163 0.000779952 0.0171532 
7.64748e-05 0.0279167 0.00170688 0.314572 0.00559043 3.8644e-05 0.0599373 0.0346027 0.0457068 0.0553816 0.00274508 0.0381983 0.072482 0.00665675 0.000822277 0.109678 0.204688 0.000284695 0.018915 
0.00296924 0.0763275 0.0134427 0.208764 0.0159304 0.000197917 0.15674 0.0260366 0.0410342 0.0895945 0.0018464 0.0803769 0.0385118 0.0151545 0.00138218 0.166654 0.0338411 0.00479224 0.0264035 
0.0212001 0.0313583 0.00205126 0.286121 0.0302164 5.23848e-05 0.0234656 0.0213801 0.178923 0.0363254 0.000149585 0.040096 0.015292 0.141908 0.00217547 0.0651019 0.0140903 0.0106013 0.0794926 
0.0011772 0.0507108 0.00656951 0.409157 0.00940891 0.000452978 0.127501 0.0254159 0.0600889 0.0547228 0.0234605 0.0465271 0.0345212 0.0127163 0.00345047 0.0879507 0.0334898 0.0010364 0.0116427 
3.31851e-07 4.57628e-08 2.33153e-07 0.647155 8.23223e-05 6.50039e-07 0.000293483 0.00050877 0.282385 6.9943e-06 6.94837e-07 4.97409e-08 0.000204347 2.43621e-07 6.9237e-07 1.24991e-05 0.0693491 1.06017e-07 1.10969e-07 
0.00232539 0.0228562 0.0217184 0.289773 0.0160849 0.00017576 0.039525 0.0177327 0.100999 0.0398738 0.00138979 0.237682 0.0217036 0.0050403 0.000612388 0.0538868 0.0232509 0.0109804 0.0943896 
0.00275626 0.0547684 0.00920778 0.313013 0.014024 5.00072e-05 0.0384863 0.0115557 0.10365 0.0572869 0.0066535 0.0377799 0.0294799 0.012883 0.00209519 0.0944841 0.0301876 0.0264069 0.155231 
0.00994464 0.0296817 0.00676363 0.389019 0.00589705 0.000241199 0.245926 0.0204767 0.0277504 0.0497085 0.00408215 0.02663 0.0285002 0.00319022 0.000196924 0.106833 0.036295 0.000589816 0.00827321 
0.00363636 0.0667936 0.0026654 0.309477 0.0114188 7.88391e-05 0.14733 0.0220186 0.0381983 0.0624582 0.000860766 0.0270785 0.0133378 0.00234249 0.000288795 0.22795 0.053915 3.20782e-05 0.0101181 
0.00375411 0.0422308 0.00116506 0.498299 0.0105207 0.000661132 0.159612 0.0291717 0.0440624 0.0245683 0.00107483 0.0236608 0.0093656 0.00157459 0.000510955 0.080117 0.0433634 0.000596269 0.0256907 
0.00377671 0.0253382 0.00253284 0.34892 0.0424001 0.000732464 0.34385 0.0201688 0.0212039 0.0234223 0.000467346 0.0182606 0.00694448 0.00349575 0.00052693 0.0568152 0.0207573 0.0482982 0.012089 
0.006925 0.0478533 0.00166403 0.285379 0.00798488 0.000592568 0.165649 0.0494324 0.0720852 0.0541951 0.0415575 0.0128683 0.0745105 0.0106417 0.000138056 0.114158 0.0500733 0.00250308 0.00178965 
0.0246587 0.0446914 0.000637925 0.268974 0.00605029 0.000502964 0.250301 0.0141693 0.13571 0.018721 4.03552e-05 0.0159635 0.00918206 0.0580963 0.000556551 0.052032 0.0406323 0.0189731 0.0401061 
0.000184769 0.0564979 0.00573228 0.355563 0.00780355 0.0045533 0.313327 0.00609367 0.0432168 0.0732097 0.000700932 0.0458263 0.00375774 0.00289007 0.00189044 0.0551755 0.0215346 2.16477e-05 0.00202124 
0.0267783 0.0808341 0.00181318 0.300109 0.0130575 3.26386e-05 0.138318 0.0118652 0.107278 0.0129107 1.39103e-05 0.0525772 0.0475852 0.015251 0.000627606 0.118775 0.0258733 0.00331981 0.0429805 
1.60839e-05 0.168411 0.00537448 0.212235 0.0106838 5.31508e-05 0.143814 0.0156458 0.0433822 0.0361028 0.000379209 0.129776 0.0144792 0.00301609 0.000475422 0.142113 0.0622629 0.000396087 0.0113838 
0.0247499 0.0380496 0.000887891 0.292216 0.00529593 7.98239e-05 0.166634 0.0255791 0.0859026 0.0640869 0.0212029 0.0311915 0.0152419 0.00108583 0.00806388 0.115864 0.0958459 0.000447098 0.00757489 
0.00407738 0.0264244 0.0021433 0.256324 0.00564241 1.64266e-06 0.176976 0.0495731 0.0620488 0.0670636 0.000909419 0.0929713 0.0212894 0.0475579 0.000322219 0.141824 0.0299775 0.00087399 0.0139992 
0.000640604 0.0687707 0.00202018 0.321809 0.0127947 0.00078895 0.122033 0.0111564 0.0189733 0.0724781 0.00156367 0.0199891 0.00911368 0.00218134 7.48434e-05 0.105907 0.208649 0.000606674 0.0204502 
0.000569564 0.00941194 0.00105516 0.585327 0.0103794 0.000156326 0.138716 0.0148084 0.0427658 0.0222552 6.71954e-05 0.00675039 0.0100766 0.024215 0.00194246 0.0451901 0.0837832 0.000683959 0.0018469 
0.00116338 0.0966133 0.00842858 0.216678 0.123623 9.44802e-05 0.0406737 0.0163809 0.00555826 0.2113 0.00027156 0.0368082 0.00214186 0.0984189 1.406e-05 0.0758061 0.0567549 2.78294e-05 0.00924259 
0.000398509 0.053913 0.00209522 0.329225 0.00845025 0.00055262 0.206318 0.0356197 0.0430424 0.0347136 0.00165582 0.0582829 0.0157597 0.00757511 0.000150208 0.072982 0.0694871 0.0207833 0.0389955 
0.00882734 0.0312369 0.0173637 0.364945 0.025002 2.70508e-05 0.059388 0.008079 0.0739852 0.0425898 0.000181136 0.0417313 0.0225495 0.146303 0.000713336 0.0994313 0.013876 0.0211798 0.0225907 
0.00111689 0.0419724 0.00291566 0.338758 0.00554408 0.00192072 0.222064 0.0371938 0.0558341 0.0475473 0.00112569 0.0240145 0.0445832 0.00368388 0.000178705 0.0628666 0.0786329 0.00032745 0.0297195 
0.0208995 0.0444386 0.00902397 0.281561 0.0524323 0.00297012 0.168233 0.0102274 0.038247 0.10647 0.000799235 0.0293891 0.0167724 0.00389153 0.000122402 0.115256 0.0563517 0.00805899 0.0348567 
0.000288391 0.0323905 0.00197958 0.483545 0.00801153 0.00066439 0.0792317 0.00754313 0.0151923 0.0966693 0.0506987 0.0339864 0.00747199 0.0107771 7.53374e-05 0.149913 0.0135274 6.92561e-05 0.00796468 
0.00630708 0.041479 0.00272767 0.383587 0.00436095 0.000441167 0.0990301 0.0191109 0.0283267 0.0362851 0.00143501 0.0908084 0.0319172 0.00226453 0.00157865 0.154357 0.0842296 2.16906e-05 0.0117327 
0.0146148 0.121554 0.00297984 0.235048 0.0408953 0.000244521 0.17085 0.0433651 0.0372433 0.0745913 0.00136662 0.0342826 0.0187172 0.00345452 0.000518112 0.153967 0.038037 0.00143852 0.00683258 
1.63658e-05 0.0404129 0.0116061 0.373167 0.0128928 5.68848e-05 0.0658865 0.0228087 0.0199861 0.0457012 8.65334e-06 0.163192 0.0243779 0.00745631 0.000278388 0.0944971 0.0242291 7.6909e-05 0.0933493 
0.0390545 0.0393791 0.00266018 0.291561 0.00737621 0.00011475 0.0660782 0.0212835 0.0829033 0.0300894 0.000295414 0.0254875 0.025128 0.00596499 0.00191414 0.131718 0.0122444 0.121103 0.0956448 
0.00117332 0.0351748 0.00492874 0.458841 0.0108008 0.00158666 0.126198 0.042811 0.0413229 0.04185 0.000661483 0.0439394 0.020942 0.00743433 0.000236483 0.117886 0.0351497 0.00213489 0.00692787 
0.0115127 0.0460845 0.00854215 0.50124 0.0169383 0.000104996 0.137639 0.0101942 0.0258526 0.0417821 0.00195131 0.0378481 0.0356633 0.0101162 0.000587665 0.0767603 0.0269882 0.000777967 0.00941704 
0.00656417 0.056447 0.00863316 0.531812 0.0761062 0.00020864 0.143409 0.0122171 0.00324972 0.0558145 6.96926e-05 0.0184916 0.00232139 0.00473459 0.000365883 0.0363104 0.0422871 9.2791e-05 0.000864785 
0.000701184 0.0692274 0.00905458 0.231928 0.0189922 0.000111496 0.165253 0.0148973 0.0272807 0.0913325 0.00138526 0.0432718 0.014089 0.00542279 0.000100749 0.215718 0.079478 0.000246705 0.0115092 
0.00317134 0.164814 0.0106311 0.431584 0.0340508 0.000165455 0.119033 0.0153289 0.0131442 0.024911 0.000191271 0.0204543 0.00648608 0.0107547 0.000115242 0.0903206 0.0430512 0.000267728 0.0115254 
0.00193766 0.0185549 0.00497535 0.603634 0.00629294 4.14211e-05 0.04087 0.015566 0.0183694 0.0297435 0.000210154 0.00650842 0.00443834 0.00446675 0.000275378 0.0225853 0.0771864 0.103984 0.04036 
0.000272892 0.13804 0.00137358 0.56248 0.0128826 0.000235617 0.122399 0.0180976 0.0263093 0.0270206 0.0031206 0.0388411 0.0128894 0.000570621 1.5861e-05 0.0249781 0.00835521 3.83696e-06 0.00211373 
0.000945416 0.0301972 0.00161912 0.508227 0.0469925 0.00126969 0.0584094 0.0147149 0.0315209 0.012403 0.00124731 0.0527692 0.0496291 0.0094654 0.00198942 0.154025 0.0168631 0.000482431 0.00723037 
0.00730733 0.0404081 0.00617918 0.239375 0.025839 0.000152277 0.133155 0.0182053 0.168181 0.0463763 0.000209614 0.022941 0.0952942 0.0327266 0.00127445 0.112193 0.0167199 0.00748644 0.0259761 
0.0313219 0.0271259 0.00217709 0.604526 0.0260621 2.65713e-05 0.110719 0.00651833 0.0169719 0.0524016 0.000183924 0.00530251 0.00855974 0.012919 0.00016858 0.0663462 0.0137347 6.76939e-05 0.0148674 
0.000103011 0.0116092 0.00571842 0.275289 0.0266731 6.5096e-05 0.0938224 0.0706954 0.0410164 0.00866819 0.000338863 0.0136481 0.254662 0.00427846 0.00111503 0.130943 0.0440605 0.000349119 0.0169451 
0.0069571 0.0396413 0.00021573 0.297186 0.00614643 1.00163e-05 0.0376091 0.0251071 0.0926248 0.0117836 7.46826e-06 0.0380342 0.165849 0.196479 0.0103711 0.0467891 0.00564761 0.00325507 0.016287 
0.00304459 0.0202564 0.00329918 0.344637 0.0494684 6.57832e-05 0.105044 0.0382771 0.0982191 0.0568471 7.30439e-05 0.0438865 0.0360481 0.03632 0.000852547 0.0973686 0.0208919 0.016643 0.028758 
0.0619455 0.0347739 0.00334695 0.340863 0.0516049 1.79261e-05 0.282612 0.024891 0.0323048 0.0434702 0.000278316 0.00892204 0.00326243 0.00323592 6.93493e-05 0.0751756 0.0298689 0.00132358 0.00203368 
0.00113616 0.0287549 0.000265478 0.423847 0.00386658 8.42301e-05 0.0700645 0.00961904 0.170652 0.0100745 0.000190353 0.010265 0.0136575 0.0302024 0.00486697 0.0456012 0.00579044 0.125948 0.0451141 
0.00154782 0.0439417 0.00458249 0.521756 0.0352463 0.00158324 0.170726 0.0236865 0.0178567 0.0254532 0.00203574 0.0284591 0.00973231 0.00326682 0.000900013 0.0685668 0.0303342 0.000399844 0.00992568 
0.123046 0.0427189 0.000930699 0.272647 0.0226049 0.000192927 0.110722 0.010625 0.098077 0.00701244 5.69906e-05 0.00849516 0.0161694 0.0263062 0.00163523 0.152353 0.00438489 0.0228141 0.0792091 
0.0169112 0.0414275 0.0018764 0.419698 0.00362096 0.000160035 0.200398 0.0663404 0.03803 0.0916684 3.30218e-05 0.00714267 0.0116699 0.00183179 0.000169395 0.047544 0.0504122 2.17754e-05 0.00104417 
0.0101419 0.0298903 0.00278133 0.416461 0.00295311 4.67285e-05 0.0229709 0.0476007 0.0915147 0.0206442 0.000625897 0.0825816 0.0723815 0.000335757 9.56003e-06 0.167 0.0275354 8.56843e-06 0.00451697 
0.00880739 0.0414835 0.00400231 0.230883 0.0094268 6.01862e-05 0.109648 0.0220989 0.10959 0.0376397 0.00061303 0.025999 0.0271661 0.0106232 0.000501561 0.105296 0.0460314 0.0395774 0.170553 
0.00632184 0.076704 0.00242896 0.294132 0.0163659 0.000453205 0.120452 0.0307975 0.0512421 0.0350921 0.000624668 0.0636239 0.0814377 0.00852342 0.000723865 0.143597 0.0324307 0.0183447 0.0167046 
0.00244711 0.031227 0.00190953 0.580012 0.0334425 0.000145796 0.09071 0.0350472 0.0166214 0.0281098 0.000205275 0.0108583 0.0044902 0.0404656 1.64061e-05 0.0882771 0.0293247 6.38742e-05 0.00662638 
0.0152185 0.0663041 0.0142912 0.256133 0.0247453 0.000749563 0.19962 0.0138668 0.0338387 0.0842586 0.00147668 0.0621969 0.0206547 0.00714148 0.000171059 0.137571 0.0528064 0.000350018 0.00860631 
0.0384465 0.0624928 0.00341094 0.444582 0.0130072 0.000340118 0.250696 0.010777 0.0385059 0.0249124 0.000740002 0.0176805 0.0108911 0.000667008 0.000223104 0.0559305 0.0185031 0.000837943 0.00735562 
0.00176868 0.0407015 0.00155975 0.364854 0.00771549 4.08568e-05 0.21939 0.0323411 0.0469141 0.0685204 0.000108935 0.0214249 0.0149848 0.00397094 0.000742882 0.0883781 0.0645611 4.27215e-05 0.0219794 
0.00532377 0.0386793 0.00188514 0.658311 0.0130808 0.000168075 0.107068 0.00996442 0.0256434 0.0153394 6.12624e-05 0.0196702 0.00378218 0.002717 0.000250732 0.0406295 0.0499686 0.00395539 0.00350178 
0.00136378 0.0428157 0.0362822 0.268834 0.0604817 4.29567e-05 0.0113499 0.024064 0.106353 0.105077 0.00339127 0.0796054 0.0157447 0.0638325 0.000945607 0.0980096 0.0537435 0.00843632 0.0196271 
0.0149408 0.0547498 0.00752619 0.433585 0.036264 1.11706e-05 0.137755 0.0203221 0.0333806 0.058481 0.00030934 0.0240289 0.0158452 0.0119445 5.06801e-05 0.0336986 0.0659915 0.000572412 0.050543 
0.000275122 0.0532954 0.00353314 0.216948 0.00670094 0.0359131 0.212305 0.00716152 0.0859784 0.0607999 0.0102068 0.0424166 0.0604627 0.000610968 0.0329899 0.0685689 0.0129901 0.00109766 0.0877465 
0.000360288 0.0635703 0.00388046 0.338921 0.0213816 0.000147805 0.0953828 0.0355814 0.0286578 0.129622 0.0021166 0.0427732 0.0157434 0.00604579 9.9092e-05 0.129787 0.0512155 0.00630259 0.0284114 
0.00205417 0.0270321 0.00385024 0.331494 0.034144 3.92228e-05 0.103131 0.0476261 0.0624968 0.0601454 0.000910156 0.0215026 0.00911493 0.00772434 0.000211554 0.0589071 0.224478 0.000145615 0.00499173 
0.00575005 0.109229 0.00349736 0.478659 0.0161866 0.000121267 0.148696 0.0269527 0.00914338 0.052995 0.000145752 0.0291273 0.00765665 0.0138598 0.000145187 0.0436108 0.0484704 2.07838e-05 0.00573294 
0.00309364 0.0646412 0.00087907 0.376252 0.00724113 0.000259119 0.223643 0.0125381 0.0457025 0.0250758 0.000181386 0.014778 0.0029322 0.0168285 1.16647e-05 0.174827 0.0203016 0.000365665 0.0104488 
0.00502049 0.0635765 0.00602245 0.337998 0.0156884 0.00272916 0.159037 0.0248867 0.0558479 0.0566729 0.00235385 0.0409068 0.0359359 0.0150905 0.00171819 0.122156 0.0334265 0.00382224 0.0171104 
0.000957374 0.0322251 0.000903689 0.524477 0.00610104 0.000262159 0.17318 0.015285 0.0473509 0.0602274 0.00201648 0.0239249 0.00872525 0.00534108 0.000821367 0.0644711 0.0270646 2.39134e-05 0.00664145 
0.00102126 0.0131646 0.011524 0.335006 0.0752953 1.55922e-05 0.0491437 0.0887786 0.0497836 0.113703 0.000239322 0.0113636 0.045929 0.0540188 1.42471e-05 0.0456212 0.0965264 0.00306469 0.00578727 
0.000306884 0.0644161 0.00284298 0.429503 0.0308607 8.10595e-05 0.103078 0.0248514 0.0186507 0.0307747 0.000210332 0.0250629 0.00578291 0.0329842 0.000952771 0.0730285 0.140567 0.000150771 0.0158957 
0.00457138 0.0155182 0.00104174 0.377247 0.0351045 3.75426e-05 0.0525006 0.0401417 0.123206 0.0350415 0.000390947 0.00737154 0.0337264 0.140029 0.00188731 0.0992413 0.0164209 0.00633267 0.0101895 
0.00339019 0.0514139 0.0070484 0.434397 0.00492717 0.000114959 0.0905894 0.0538143 0.0894652 0.0414749 0.00183913 0.0237511 0.0188467 0.00616432 0.000138335 0.128493 0.0371367 0.000298702 0.00669621 
0.00292167 0.0462502 0.00424245 0.506733 0.0225881 4.01625e-05 0.0490627 0.0168779 0.0684368 0.0327406 0.00123705 0.0654857 0.0482687 0.0336886 0.00144614 0.0577995 0.00606595 0.0055619 0.0305525 
0.00412098 0.0251834 0.00206465 0.337138 0.0117047 0.00112235 0.0769342 0.0136494 0.0174385 0.0218949 0.000376957 0.324509 0.0216748 0.00227994 0.000895796 0.111591 0.0190372 0.00044828 0.00793517 
0.00162657 0.0868609 0.00352654 0.298884 0.0141116 0.00206263 0.187836 0.020077 0.0430284 0.128107 0.000429166 0.0336622 0.0132239 0.00776275 0.00103779 0.0943497 0.0506717 0.00203676 0.0107058 
0.0339467 0.0686439 0.00270862 0.377883 0.00930818 0.000149784 0.19191 0.0141786 0.0806421 0.0170611 9.00365e-05 0.0230862 0.0274707 0.0175878 0.000856593 0.0900706 0.021651 0.0116175 0.0111373 
0.0574843 0.07423 0.00188643 0.393509 0.0142649 4.70015e-05 0.0710597 0.0286655 0.0772642 0.0605503 0.000311019 0.0300476 0.0142942 0.0135826 0.000801967 0.0808394 0.0412026 0.00296159 0.0369981 
0.0107058 0.032773 0.00297152 0.462337 0.0886844 0.000330822 0.0219854 0.0938983 0.0402624 0.0650411 0.00127753 0.0215818 0.0456224 0.0283522 0.000220062 0.0288661 0.0357279 0.0075924 0.0117702 
0.0371311 0.0242729 0.00426204 0.216986 0.00907162 0.000185268 0.119606 0.0277511 0.10229 0.0259885 0.00126811 0.103487 0.0529991 0.00963155 0.000856441 0.103168 0.0314272 0.0610396 0.0685787 
0.0698801 0.0261603 0.00721538 0.269199 0.0101592 0.000267194 0.205306 0.0121553 0.0224584 0.0934948 0.000707008 0.0187243 0.00580971 0.00354757 3.93283e-05 0.107584 0.0480732 0.00132989 0.09789 
0.159862 0.0366639 0.00137917 0.32965 0.0459776 6.14792e-05 0.0154817 0.0280552 0.138522 0.0242556 0.000180779 0.028174 0.0113009 0.0371494 0.000675283 0.0271389 0.0301711 0.00744259 0.0778586 
0.0044375 0.0547826 0.0126643 0.308618 0.0345101 5.04022e-05 0.0931302 0.0155013 0.219642 0.0179315 0.00196235 0.0431743 0.0403879 0.0110774 0.000129057 0.0737674 0.0159865 0.0176344 0.0346128 
0.003013 0.00613731 0.00356352 0.637978 0.0472084 2.7245e-05 0.0155699 0.010416 0.0194449 0.0255441 0.00698527 0.0197487 0.0119204 0.0184085 0.000635105 0.049246 0.00847007 0.00508825 0.110596 
2.02392e-05 0.0404816 0.000444148 0.15977 0.00448225 0.0732833 0.131623 0.151123 0.0754465 0.0393944 0.0170231 0.0445215 0.10441 0.0158387 0.00398774 0.0647422 0.0680404 5.46046e-05 0.00531369 
0.00794371 0.011339 0.00210643 0.684872 0.0140305 8.47006e-05 0.0482756 0.0530774 0.0418472 0.0364717 0.00180123 0.00691124 0.0213375 0.0221201 0.0010446 0.025168 0.0172471 0.00239434 0.00192768 
0.000908706 0.0300404 0.00428347 0.383426 0.00532094 7.01372e-05 0.0337437 0.028455 0.0760962 0.0580026 0.00145635 0.0455778 0.148738 0.00305594 7.61561e-05 0.0462598 0.0242265 0.00941345 0.100849 
6.07987e-05 0.0507691 0.000686952 0.326424 0.00234464 0.00496504 0.091399 0.0456578 0.0132842 0.037112 0.00301621 0.014563 0.00479367 0.00277544 6.52226e-06 0.187466 0.207729 8.05085e-06 0.00693913 
0.00464326 0.0333456 0.00103855 0.391552 0.00390941 0.000109584 0.132636 0.0284431 0.0817371 0.0716724 2.18676e-05 0.0308936 0.0256758 0.0105836 0.00410258 0.0959255 0.0379364 0.00616384 0.0396095 
0.000288171 0.0925185 0.0004661 0.612226 0.0174176 9.45027e-05 0.133567 0.0455267 0.0245089 0.0188555 0.00170143 0.00521627 0.00620778 0.000902419 0.00142193 0.02053 0.0148796 1.24621e-05 0.00365847 
0.00524299 0.0274156 0.00529349 0.364416 0.0135573 0.000177816 0.164734 0.0327193 0.0369605 0.0842303 0.000393798 0.0563136 0.017302 0.00444935 8.9642e-05 0.105022 0.0620786 7.86009e-05 0.0195246 
0.00126426 0.107369 0.00201135 0.550828 0.00607684 0.000184599 0.136489 0.0323301 0.0151031 0.0209918 0.00119185 0.0186864 0.00584276 0.000302525 0.000517577 0.0840705 0.0156458 3.68692e-05 0.00105698 
0.000897677 0.0802038 0.00191768 0.37679 0.00982765 7.93939e-05 0.182771 0.00960539 0.0155235 0.0134433 0.00315611 0.0513374 0.0562184 0.00290641 0.000482091 0.104371 0.0156031 0.00390006 0.0709653 
0.00841982 0.0480463 0.0115265 0.280997 0.0231961 0.000144531 0.215436 0.015659 0.0570098 0.0469112 0.00108943 0.029012 0.0219524 0.0166374 0.000163646 0.163254 0.0426619 0.00604213 0.011842 
0.00124801 0.143894 0.0147031 0.151716 0.0236161 0.000160407 0.051093 0.140122 0.0188556 0.0879776 0.000998122 0.0692181 0.044009 0.0404397 0.00129391 0.08943 0.115622 0.00215679 0.00344668 
0.0288335 0.0343376 0.0071751 0.338315 0.00787065 0.000486541 0.114734 0.0254491 0.0927996 0.0462786 0.00126591 0.0379964 0.101074 0.000550497 0.000124761 0.102881 0.0209725 0.0137478 0.0251074 
0.01769 0.011022 0.0016451 0.551374 0.00985173 0.000176956 0.169956 0.0263653 0.0398827 0.0332809 0.000223818 0.0224174 0.0106542 0.00489591 0.000912419 0.0695289 0.0259876 6.87676e-05 0.00406629 
0.000899014 0.0265954 0.000497908 0.714555 0.0144498 0.000355767 0.118556 0.004669 0.00370553 0.0181425 0.00429779 0.00576826 0.0148681 0.00123045 0.00538809 0.0249223 0.0393487 0.000346776 0.00140374 
0.0177963 0.0549908 0.00107252 0.60805 0.0217969 7.66558e-05 0.115478 0.00721954 0.0136358 0.0425459 0.000995168 0.00320614 0.00909013 0.0320358 0.000131678 0.0275228 0.0386215 1.97e-05 0.00571409 
0.0390545 0.0393791 0.00266018 0.291561 0.00737621 0.00011475 0.0660782 0.0212835 0.0829033 0.0300894 0.000295414 0.0254875 0.025128 0.00596499 0.00191414 0.131718 0.0122444 0.121103 0.0956448 
0.015394 0.0189822 0.00166672 0.4683 0.077614 0.000138681 0.033738 0.00844252 0.104659 0.0242346 2.62383e-05 0.018567 0.0122496 0.0259682 0.000734168 0.0607245 0.0146492 0.0213953 0.0925163 
0.024168 0.0235871 0.00348464 0.620099 0.0236693 4.28428e-05 0.165958 0.0212884 0.0315932 0.0410178 8.89812e-05 0.00278811 0.00134169 0.00127984 2.11581e-05 0.0223708 0.0161159 0.00044152 0.000644288 
0.0010977 0.0349588 0.00249325 0.32028 0.0148308 0.000115767 0.128734 0.0438782 0.0480054 0.0965902 0.00446791 0.0394593 0.0256737 0.00461186 0.00310047 0.144937 0.0750303 0.000266158 0.0114701 
0.0010647 0.0373585 0.0124106 0.215995 0.0262682 0.000477985 0.164064 0.0465118 0.0629422 0.0527369 0.0281668 0.0309305 0.0694769 0.0166565 0.00180998 0.1676 0.0564162 0.00394162 0.00517123 
0.00917946 0.0152094 0.00572059 0.333706 0.0136976 0.0207088 0.191576 0.0273843 0.0576691 0.107871 0.000930256 0.0107903 0.0195704 0.00295977 0.00367492 0.146944 0.0277682 9.92345e-05 0.00454052 
0.0273588 0.100942 0.00437106 0.471913 0.0173648 0.00652552 0.0769038 0.0168401 0.0437099 0.0711936 0.000769546 0.0134109 0.017653 0.00761155 9.92214e-06 0.0599888 0.0535606 0.00505959 0.00481339 
2.62247e-05 0.0120817 0.0223116 0.209757 0.123154 1.98012e-06 0.118888 0.0157988 0.0409862 0.207444 0.00195627 0.00503514 0.00823115 0.00806257 1.60036e-06 0.0921807 0.131575 0.000593015 0.00191466 
0.0013139 0.0553748 0.0127803 0.392969 0.0368177 0.000600425 0.238391 0.0125591 0.0205076 0.0459575 0.00529804 0.0338707 0.0126293 0.00775261 0.000460558 0.0803573 0.0184693 0.00327942 0.0206116 
0.0568954 0.0342473 0.00157059 0.493037 0.0126825 0.000249963 0.125348 0.0116101 0.0676069 0.00775577 0.005195 0.0114195 0.0131077 0.0107377 0.00209714 0.0701462 0.00932006 0.0487541 0.0182194 
0.0118253 0.023753 0.0411095 0.549286 0.0165247 0.0010375 0.114404 0.00701859 0.0198936 0.0431336 0.001465 0.0468018 0.0169303 0.00369287 7.68951e-05 0.0795315 0.0137665 2.16922e-05 0.00972716 
4.02308e-05 0.00966774 0.00069647 0.598237 0.0389885 0.00343701 0.118387 0.0112433 0.0417286 0.0747252 0.000994105 0.0255336 0.00772408 0.0230071 0.000129965 0.0222134 0.0147452 6.86288e-05 0.00843276 
0.00424827 0.101341 0.000982262 0.314104 0.0182631 5.47768e-05 0.0839597 0.0234713 0.104095 0.0322108 0.000220108 0.0251407 0.0647959 0.0304581 0.00108042 0.0826953 0.0855698 0.00992742 0.0173811 
0.00632174 0.0310134 0.00248223 0.399089 0.0075551 0.000307847 0.243202 0.00899061 0.0570711 0.0280517 0.00407367 0.0401303 0.0158122 0.0053962 0.000109588 0.0999859 0.032499 0.000168802 0.01774 
0.00536998 0.120255 0.00768473 0.261669 0.0163523 0.000359889 0.142373 0.0392339 0.0510271 0.0479443 0.000319597 0.0857242 0.0235138 0.00481402 0.000225315 0.0922778 0.0908024 0.000799325 0.00925444 
0.000215352 0.035038 1.24192e-05 0.47819 0.000198614 2.35652e-05 0.0445018 0.198764 0.0518448 0.015804 0.000121358 0.026037 0.00480017 0.000209762 0.00988466 0.128097 0.00315231 1.21992e-06 0.00310396 
0.0032088 0.024632 0.00455947 0.363981 0.00409697 8.42699e-05 0.0885267 0.025533 0.0259304 0.0441504 0.00734426 0.0842826 0.193705 0.00110954 0.000486027 0.102887 0.0181717 0.00465338 0.00265716 
0.0115431 0.0440526 0.00126033 0.306338 0.0268751 2.05938e-05 0.0582163 0.0149091 0.101055 0.0240893 0.00030821 0.0473433 0.0543832 0.199065 0.000295728 0.0774499 0.0161209 0.00215601 0.0145183 
0.00356906 0.0666637 0.0052908 0.274652 0.0166219 0.000408342 0.104762 0.0180463 0.0944074 0.0649207 0.00214325 0.0410263 0.0274127 0.0116641 0.000391673 0.115188 0.0212872 0.00392568 0.127619 
0.00397932 0.0233019 0.00041695 0.470984 0.0244376 0.000209085 0.0918545 0.0123835 0.0584484 0.00833075 0.000184229 0.0208132 0.0220933 0.0786392 0.00178535 0.0699352 0.00680193 0.071922 0.0334798 
0.00730854 0.057893 0.0075434 0.491182 0.0252583 0.000258958 0.194355 0.0159305 0.0196811 0.0384541 0.000672921 0.0153353 0.00854212 0.021871 0.000314637 0.0615344 0.0253546 0.000245168 0.00826595 
0.0190307 0.036514 0.0769124 0.26402 0.0131272 3.50729e-06 0.0982168 0.00158828 0.0293835 0.0584208 0.00824606 0.0431879 0.12075 0.000356797 7.60344e-05 0.175313 0.00927999 0.00451262 0.0410602 
0.0820561 0.0828198 0.00129268 0.488959 0.0468545 6.42025e-05 0.0854754 0.0163566 0.0452309 0.0690141 0.000236178 0.0123876 0.000612973 0.000387386 6.37169e-06 0.0451095 0.0212452 0.00113623 0.000755075 
0.00907461 0.11428 0.00298272 0.286592 0.110226 6.93543e-05 0.131279 0.0328725 0.0622951 0.0657511 0.000801257 0.0276996 0.0109285 0.0181763 7.20468e-05 0.0651504 0.0508629 0.000605021 0.0102816 
0.00791311 0.0250147 0.00323869 0.38328 0.0121669 0.000253986 0.208393 0.00431043 0.0226303 0.0183043 0.000287698 0.0309224 0.0294443 0.124796 0.00034511 0.0768322 0.00605301 0.0133615 0.0324521 
0.00192874 0.0553464 0.00204377 0.397867 0.0178418 0.00204687 0.167182 0.011978 0.0485585 0.0338891 0.000121104 0.0674284 0.0326997 0.0583732 0.000238042 0.0783758 0.0196748 0.000365416 0.00404085 
0.000276231 0.162424 0.00962234 0.2677 0.0865848 0.000165966 0.0517307 0.0283108 0.0305778 0.10242 4.26934e-05 0.0298432 0.0228388 0.00554674 0.000735585 0.103318 0.0444274 0.000316101 0.0531185 
0.00138797 0.136008 0.00366332 0.174383 0.136741 0.000178939 0.0715776 0.0337507 0.134621 0.0628772 0.00637034 0.0886956 0.028832 0.0125524 0.000141791 0.0418039 0.0557822 0.00104823 0.0095843 
0.0406706 0.0141999 0.0120085 0.51207 0.0222459 0.000115056 0.0928127 0.0065117 0.0425444 0.0181034 0.000121434 0.0131084 0.0103666 0.0317207 0.000459208 0.0662277 0.00578082 0.0144639 0.0964688 
0.00961561 0.093348 0.0112268 0.360533 0.0327871 0.000253652 0.22811 0.021375 0.0344908 0.0429115 0.00268237 0.0186768 0.0133096 0.0092455 0.000618221 0.0862709 0.0282483 0.00142015 0.00487718 
0.00178524 0.0779807 0.0738349 0.137524 0.0543251 6.05307e-05 0.0627191 0.056265 0.0427643 0.122043 0.00179149 0.134045 0.0995481 0.00168305 0.000107338 0.0933306 0.0298633 3.61168e-05 0.0102929 
