0.0106092 0.0398104 0.169746 0.145493 0.241019 0.000253174 0.046407 0.0210813 0.0119925 0.160826 0.000865635 0.0246709 0.0181936 0.00968264 0.00014563 0.0574215 0.0326575 0.00169082 0.00743518 
0.000542161 0.0304377 0.00700954 0.0110634 0.350666 0.000545963 0.0120834 0.0171434 0.0142533 0.277278 0.000332807 0.0340005 0.114694 0.00284238 8.71681e-05 0.0493658 0.0112281 0.0491933 0.0172326 
0.0290125 0.10771 0.00756413 0.145348 0.206382 5.40329e-05 0.165775 0.00832014 0.0380721 0.0854687 0.0011 0.0312316 0.00275268 0.00860879 6.23132e-07 0.110393 0.0490942 0.000777041 0.00233512 
0.000799587 0.0620194 0.0122662 0.0208013 0.739013 3.56313e-05 0.00427209 0.00222963 0.00905577 0.0676511 0.000519756 0.0193423 0.00340839 0.0040783 0.000585236 0.0316571 0.0180385 0.000275135 0.00395176 
0.000413383 0.068026 0.0110798 0.0228141 0.689081 1.06433e-05 0.00247817 0.00491653 0.00944215 0.10452 0.000390844 0.0172255 0.00418833 0.00645382 0.00116735 0.0231779 0.0091243 0.000585822 0.0249043 
6.64924e-05 0.0164488 0.00804776 0.0126684 0.726975 0.00028716 0.0351778 0.0268298 0.00476217 0.0662197 0.00107749 0.0126253 0.00280214 0.000473681 0.00014978 0.0323036 0.0525257 5.19949e-05 0.000507487 
0.0113246 0.101709 0.00495585 0.0414871 0.2363 0.00043257 0.0270173 0.0396538 0.0907043 0.0306498 0.00351525 0.0436627 0.0741722 0.00759993 0.00248228 0.197025 0.00832877 0.012773 0.0662071 
0.000362313 0.0903248 0.0342499 0.0208156 0.37546 4.87533e-05 0.0162313 0.0280386 0.0247869 0.135063 0.000638479 0.0593724 0.020976 0.00855362 0.00181335 0.0338041 0.0670493 0.0192012 0.0632105 
6.99223e-05 0.0443318 0.015755 0.00710805 0.534681 0.000253849 0.00754444 0.0132422 0.00229983 0.227984 0.000462512 0.0409061 0.0405348 0.000799403 6.0647e-05 0.0325511 0.015707 0.000450902 0.0152574 
0.0040447 0.0540169 0.00891003 0.154985 0.301263 0.00017781 0.036148 0.0104808 0.0272162 0.12254 0.00014015 0.081457 0.0217491 0.0216625 0.000254193 0.073251 0.0366665 0.00350566 0.0415313 
0.00204595 0.0461801 0.0204821 0.0529455 0.172037 0.000379459 0.113947 0.05242 0.0625596 0.0778148 0.00621762 0.0390048 0.0980551 0.00418103 0.000208938 0.170075 0.0331965 0.00516462 0.0430845 
5.36546e-05 0.100194 0.00272978 0.0439483 0.224915 0.000493467 0.044341 0.0374656 0.0129356 0.0999678 0.00139447 0.211344 0.10716 0.000436193 8.66717e-05 0.0250542 0.0860178 0.000335598 0.00112757 
2.48375e-09 0.0103337 0.00439095 0.10966 0.481841 8.39461e-05 0.0286407 0.147933 0.0282687 0.018859 0.00039299 0.017423 0.027676 0.00631426 0.00122822 0.0738751 0.0245054 2.93663e-05 0.0185448 
9.5672e-07 0.0858264 0.0122907 0.0150827 0.471851 6.28546e-07 0.0266827 0.00284723 0.00165558 0.130685 4.65061e-06 0.0179723 0.00157544 0.000538849 9.0301e-07 0.0137106 0.219146 9.84601e-07 0.000127169 
0.0021382 0.0380723 0.0695886 0.058173 0.165603 0.000220667 0.0665156 0.0766621 0.126295 0.152331 0.0011296 0.0436662 0.0309119 0.00523423 0.000177894 0.0697933 0.0477566 0.00642385 0.039307 
0.000477682 0.024059 0.361039 0.00918834 0.365487 0.00028758 0.0277514 0.0166193 0.00547075 0.0697374 0.00107115 0.0301753 0.00446984 0.000786903 6.72025e-05 0.0507652 0.0253381 0.000540206 0.0066683 
6.64924e-05 0.0164488 0.00804776 0.0126684 0.726975 0.00028716 0.0351778 0.0268298 0.00476217 0.0662197 0.00107749 0.0126253 0.00280214 0.000473681 0.00014978 0.0323036 0.0525257 5.19949e-05 0.000507487 
0.00407617 0.0633249 0.0259373 0.0565902 0.2201 0.000413165 0.0542244 0.0351461 0.0555606 0.116916 0.0019261 0.0496003 0.0707533 0.0142018 0.000453226 0.154512 0.0360224 0.00888683 0.0313557 
0.00166667 0.0272052 0.00923258 0.0464284 0.4563 0.000429741 0.117378 0.0204007 0.015237 0.132212 0.000368542 0.0168998 0.00861756 0.0421796 0.000346063 0.0703567 0.0164921 0.00426002 0.0139886 
0.000799587 0.0620194 0.0122662 0.0208013 0.739013 3.56313e-05 0.00427209 0.00222963 0.00905577 0.0676511 0.000519756 0.0193423 0.00340839 0.0040783 0.000585236 0.0316571 0.0180385 0.000275135 0.00395176 
0.00168367 0.0503424 0.00631457 0.00935916 0.435528 0.000208964 0.0265391 0.0369894 0.0931285 0.0347527 0.000337339 0.0409484 0.0184386 0.00121266 0.000482674 0.178646 0.00946514 0.00245043 0.0531727 
0.000600818 0.0547043 0.110684 0.0257779 0.455801 0.00015626 0.0172831 0.0120627 0.0111454 0.183621 0.000760252 0.0259842 0.0161955 0.00269529 0.000739948 0.0477589 0.0227595 0.000663879 0.0106067 
0.00570845 0.0656329 0.0138912 0.0807719 0.235567 0.000985036 0.103022 0.0411099 0.0300716 0.204006 0.00138374 0.032164 0.016022 0.00548983 0.000727712 0.088813 0.0593497 0.00240264 0.0128817 
0.00158948 0.0495918 0.0113301 0.0758076 0.202142 2.94502e-05 0.142582 0.0432631 0.0323036 0.138346 0.000978863 0.0368839 0.0160073 0.00201193 3.27523e-06 0.114918 0.128085 0.000156815 0.00397044 
0.00123554 0.135661 0.00626684 0.017345 0.233588 0.00138307 0.060095 0.0496261 0.0724346 0.0371709 0.000618106 0.0800469 0.0734736 0.00117724 0.0141717 0.153124 0.0262012 0.00152244 0.0348575 
0.00013923 0.000266121 0.000417048 0.0966207 0.613117 1.95303e-09 0.00201194 0.00458564 2.9257e-07 0.274208 0.00136962 0.000182633 3.33039e-05 0.000545882 5.83776e-08 0.0006342 0.00582452 5.48186e-06 3.83951e-05 
3.83285e-06 0.000241935 2.69289e-06 0.00120525 0.941072 7.50788e-06 0.0278367 0.000117918 6.22256e-07 0.000988261 8.02529e-06 5.74502e-07 8.91776e-07 2.8138e-06 7.9968e-06 1.02784e-05 0.00688469 1.22449e-06 0.0216066 
0.000312241 0.0427018 0.00823942 0.0430828 0.553663 0.000135264 0.0901276 0.0124094 0.00862033 0.143084 0.000293523 0.0139594 0.0050887 0.0100348 0.000728827 0.0390977 0.0132164 0.000483129 0.0147215 
2.66447e-05 0.125075 0.0148144 0.172271 0.257957 0.000217555 0.0101314 0.00561813 0.0104182 0.0748989 6.93279e-05 0.0598603 0.0269826 0.0110113 0.000133267 0.118924 0.0320711 0.000814119 0.0787049 
0.00103036 0.0721135 0.018257 0.0113335 0.391813 0.000316547 0.0309658 0.0124809 0.0174242 0.101893 0.000669164 0.0685255 0.0126111 0.0014678 0.000166908 0.108332 0.0254894 0.000242734 0.124867 
4.23206e-05 0.090455 0.0238231 0.00654483 0.576857 0.000188717 0.0082459 0.00927135 0.00769031 0.132544 0.00126084 0.0299188 0.00238261 0.00109823 4.90255e-05 0.0323094 0.0632546 0.000382599 0.013681 
0.00316451 0.0366297 0.0185602 0.00947195 0.609105 0.000234713 0.0153737 0.0494299 0.0068797 0.0702287 0.002253 0.0276986 0.0382191 0.000533534 6.52935e-05 0.0798683 0.0231776 0.000128606 0.0089779 
0.000512859 0.0507923 0.0170899 0.0237906 0.664227 0.000141867 0.0108083 0.0117893 0.0129902 0.059426 0.000835299 0.0583366 0.0110146 0.0084246 0.000443276 0.0375393 0.0253085 0.00278754 0.00374141 
0.00242362 0.0270099 0.0119757 0.0549962 0.365015 0.000167424 0.0474155 0.0570486 0.0251179 0.137699 0.000656091 0.0143374 0.00709957 0.0501239 0.00700688 0.111815 0.0687461 0.00222988 0.0091167 
0.00372278 0.0459384 0.173169 0.0273749 0.233142 0.000128064 0.0271356 0.0226337 0.0249012 0.219993 0.00129869 0.0469761 0.0150574 0.00271929 8.68555e-05 0.0652443 0.0793472 0.00213944 0.00899268 
0.00264656 0.0824402 0.0265774 0.0355378 0.313774 0.000240879 0.0641667 0.0183514 0.0262308 0.0688675 0.00260757 0.156211 0.0359092 0.011003 0.000163851 0.116084 0.0255586 0.00518326 0.00844651 
0.00550752 0.0848786 0.016974 0.11705 0.369177 0.000827823 0.0171251 0.00491056 0.0165607 0.231416 0.00180905 0.014718 0.00392592 0.00456831 0.0284781 0.0615941 0.0149471 0.000156402 0.00537581 
0.011501 0.0412204 0.00414119 0.124625 0.364662 8.54867e-06 0.0324864 0.0186913 0.0622459 0.0949909 3.21394e-06 0.0478091 0.0306111 0.0211226 0.000209369 0.0621862 0.0344053 0.002902 0.0461785 
0.000838502 0.0248284 0.015772 0.0238891 0.728972 0.000227289 0.0124745 0.0131126 0.00759183 0.0704347 0.000214167 0.0188495 0.00822495 0.00235795 0.00238252 0.0301672 0.0268495 0.00885253 0.00396058 
0.00137241 0.0612512 0.0400788 0.0395938 0.339931 0.000204028 0.0355064 0.0187941 0.0264654 0.178174 0.00840538 0.0450469 0.0140052 0.00294321 0.00200491 0.0632939 0.104472 0.000608396 0.0178495 
0.00104319 0.0495512 0.0162413 0.02767 0.543232 0.000396786 0.0237145 0.0259117 0.0559978 0.0776456 0.00459119 0.0207777 0.0180704 0.00198925 0.000172844 0.0647897 0.0514937 0.000539059 0.0161726 
0.0031837 0.0505708 0.0217406 0.0549172 0.256902 8.40295e-06 0.00529063 0.017516 0.0464348 0.0684119 9.5128e-05 0.0470963 0.0264077 0.0444517 0.000895225 0.101106 0.0616351 0.060132 0.133205 
0.000413987 0.0160277 0.00104511 0.0269588 0.73419 0.000672583 0.0125352 0.0159779 0.0132783 0.113031 0.000524758 0.00731436 0.00236359 0.00181392 3.35183e-06 0.0219196 0.0259189 1.87229e-05 0.00599196 
6.97222e-05 0.112988 0.00978527 0.0334548 0.528957 2.44073e-05 0.0172828 0.0199596 0.01687 0.105018 0.000621252 0.049241 0.00570793 0.00869482 0.000606211 0.0526251 0.0304546 2.27703e-05 0.00761605 
1.62479e-06 0.0623068 0.0252635 0.0110608 0.66099 2.11767e-05 0.00227564 0.00730127 0.00366279 0.128528 0.000455061 0.0252959 0.00273189 0.000502265 3.47297e-05 0.0250277 0.0381914 3.3256e-05 0.00631662 
0.00870441 0.119905 0.0247282 0.0696366 0.177917 0.000102063 0.124527 0.0112917 0.0129548 0.0862985 0.00134801 0.106337 0.0496181 0.00531841 0.000336333 0.148523 0.0462963 0.000146078 0.00601134 
0.000694764 0.0879812 0.174645 0.0102427 0.363288 0.000242278 0.0102419 0.0140053 0.00877346 0.0703426 0.000122902 0.150135 0.0241718 0.00239159 0.000274918 0.0410517 0.034757 0.00251126 0.00412673 
0.00107032 0.070675 0.0173047 0.0718102 0.297697 0.000200512 0.0929997 0.00787814 0.0191278 0.263472 0.00174666 0.0303107 0.00723061 0.00141834 0.000309909 0.0497587 0.0538947 0.00225498 0.0108403 
2.66774e-05 0.00920774 0.000103902 0.00844172 0.53986 7.75693e-06 0.000211534 0.0597667 0.138131 0.0415509 0.00649021 0.0370883 0.00821466 0.0259925 4.43811e-06 0.104048 0.0206314 2.00679e-06 0.000220964 
8.11733e-05 0.0338789 0.0162635 0.00777303 0.608903 0.000280945 0.00704459 0.00838653 0.00151068 0.21108 0.000555011 0.031027 0.0213975 0.000632357 7.27753e-05 0.0273738 0.0135763 0.000470347 0.00969235 
0.00124208 0.0295386 0.235618 0.00967955 0.445639 0.000338554 0.0273885 0.0289293 0.00717672 0.0681185 0.00133771 0.0305876 0.0160831 0.000754512 0.000721107 0.0594186 0.0285727 0.000804583 0.00805062 
0.00182147 0.0656057 0.0424581 0.0256077 0.466038 0.000302577 0.0173166 0.0191574 0.0198374 0.0837942 0.000666992 0.0728372 0.0260649 0.00568413 0.000665193 0.0779667 0.0292583 0.00665084 0.038267 
0.000766788 0.0515223 0.0871678 0.00960814 0.512672 0.000241397 0.0135145 0.0217664 0.0062203 0.0824136 0.00043486 0.105869 0.0202897 0.00146913 0.000256384 0.0377272 0.040523 0.0027076 0.0048294 
0.000477682 0.024059 0.361039 0.00918834 0.365487 0.00028758 0.0277514 0.0166193 0.00547075 0.0697374 0.00107115 0.0301753 0.00446984 0.000786903 6.72025e-05 0.0507652 0.0253381 0.000540206 0.0066683 
0.000643227 0.121305 0.182614 0.0132218 0.228952 0.000507428 0.0162013 0.0223013 0.00866528 0.0811853 0.000249524 0.172742 0.0278131 0.00210964 0.000349895 0.0633565 0.0514629 0.00219738 0.00412339 
0.00579076 0.224426 0.00377729 0.0802737 0.272319 0.000437435 0.0205885 0.0316053 0.0431114 0.10793 0.000331768 0.0300442 0.00761925 0.0513078 0.000493384 0.0611221 0.0524874 0.000619727 0.00571559 
0.000106973 0.0863699 0.0206539 0.0754032 0.342778 0.000225409 0.0293749 0.00987709 0.0285491 0.172707 0.000317546 0.0468531 0.020372 0.00322663 8.94285e-05 0.0711728 0.042231 0.000123098 0.0495691 
7.46685e-07 0.0903759 0.0239048 0.0145435 0.387624 5.19139e-07 0.0207534 0.00405426 0.00128774 0.128721 3.6411e-06 0.0139785 0.00252348 0.00094202 7.15193e-07 0.0106638 0.275049 7.67214e-07 0.0255718 
0.00341556 0.0510692 0.0215036 0.0747325 0.409364 0.000118799 0.0572658 0.0177806 0.0118418 0.138722 0.00111473 0.062966 0.0203105 0.0112416 6.07303e-05 0.0875647 0.0221657 0.00101105 0.00775111 
0.00022107 0.062237 0.00650458 0.0384759 0.720166 0.00018262 0.00688402 0.00633198 0.00450493 0.0513718 0.000277273 0.0143227 0.0184072 0.00190869 0.000110505 0.0445109 0.0188393 0.000221646 0.00452216 
0.000760902 0.0202093 0.00736431 0.0183909 0.414006 7.15552e-05 0.024449 0.0548031 0.012042 0.331157 0.000746542 0.0154401 0.0150843 0.00321369 7.65843e-05 0.0388607 0.034885 0.00113121 0.00730719 
0.000265562 0.134945 0.0158046 0.18962 0.190149 0.00045177 0.0282654 0.00493398 0.0160843 0.0625521 3.1104e-05 0.059548 0.0255591 0.0118865 0.00013325 0.143963 0.032262 0.000838577 0.0827073 
0.00581 0.031811 0.0166342 0.0315321 0.407658 0.000228234 0.0324514 0.0780159 0.0428008 0.105023 0.00315212 0.0213594 0.0500705 0.00113077 0.000151568 0.0964924 0.0337637 0.000232435 0.0416825 
3.88909e-06 0.0573668 0.01007 0.0723317 0.471292 2.35979e-05 0.00831809 0.00988404 0.00896827 0.165024 0.00069889 0.0247278 0.00725767 0.0978299 4.26121e-05 0.0370372 0.0167675 0.000105543 0.0122495 
7.13887e-05 0.0651224 0.0538736 0.0291808 0.362153 0.000767031 0.0236788 0.034408 0.0234981 0.227612 0.00828703 0.0386693 0.0230026 0.00473523 0.000237075 0.0417181 0.0346522 0.0233514 0.00498253 
0.000558385 0.0277461 0.243246 0.02571 0.440359 0.000284789 0.0175281 0.0148131 0.0115698 0.0799294 0.000346063 0.0349179 0.0168806 0.00765643 0.00454617 0.0392667 0.0254786 0.00121739 0.00794486 
9.5076e-05 0.0570865 0.00526459 0.0197679 0.566647 0.00012008 0.00929844 0.0519058 0.0281369 0.118705 0.000423765 0.0144661 0.0254268 0.00265484 8.93071e-05 0.0642777 0.0296012 0.000140102 0.00589333 
0.000523899 0.080225 0.0105389 0.0459363 0.622599 0.000137371 0.00657815 0.00640695 0.0118863 0.102799 0.0015608 0.0289756 0.00508454 0.00923324 0.000348084 0.0432367 0.02064 0.000139379 0.00315054 
0.00308448 0.0427881 0.0258113 0.0261511 0.678739 0.000197358 0.0374718 0.006819 0.00455555 0.0831057 6.48595e-05 0.0261101 0.00309691 0.00264607 4.01748e-05 0.0192956 0.0334702 0.000108892 0.00644341 
0.00032774 0.0932801 0.023786 0.0422922 0.331365 1.31867e-05 0.0151769 0.0118721 0.00365952 0.14773 0.00232014 0.0425545 0.018958 0.00351049 3.75519e-06 0.0662871 0.115156 3.26252e-06 0.0817043 
0.00321837 0.052628 0.00353489 0.107256 0.355113 7.1162e-05 0.0112506 0.0626814 0.0535996 0.111883 0.000164706 0.0251372 0.00989349 0.0231946 0.000412673 0.0951569 0.0690334 0.00717081 0.00860105 
0.00466142 0.0429427 0.00756683 0.0379173 0.536654 0.000282838 0.0166725 0.0423884 0.0659871 0.054502 0.00152235 0.026482 0.0171717 0.00957149 0.00034246 0.0949767 0.014168 0.00855362 0.017636 
0.00316451 0.0366297 0.0185602 0.00947195 0.609105 0.000234713 0.0153737 0.0494299 0.0068797 0.0702287 0.002253 0.0276986 0.0382191 0.000533534 6.52935e-05 0.0798683 0.0231776 0.000128606 0.0089779 
0.0220969 0.103785 0.0140231 0.092835 0.447824 0.000337594 0.0170601 0.0087343 0.00395927 0.107192 8.36123e-05 0.0822644 0.0019882 0.0211908 7.1052e-05 0.0387679 0.0318512 0.000274846 0.0056603 
0.00227289 0.0297305 0.17358 0.0135028 0.478807 0.000347779 0.0178898 0.0151599 0.013016 0.0702223 0.00115559 0.0320412 0.0117083 0.00598559 0.000386381 0.0641973 0.0202124 0.0061166 0.0436674 
0.000477682 0.024059 0.361039 0.00918834 0.365487 0.00028758 0.0277514 0.0166193 0.00547075 0.0697374 0.00107115 0.0301753 0.00446984 0.000786903 6.72025e-05 0.0507652 0.0253381 0.000540206 0.0066683 
0.00621089 0.0270247 0.00581427 0.0768256 0.497571 0.000269165 0.0296046 0.0174476 0.00813053 0.21747 0.00393195 0.0168708 0.00724807 0.00132388 0.000740473 0.0353258 0.0427339 0.00149125 0.00396517 
0.00134699 0.0147973 0.0128208 0.0122238 0.385362 2.63845e-06 0.0287702 0.0493153 0.00352215 0.115718 0.00208006 0.0584744 0.0113682 0.00128675 4.77738e-07 0.129093 0.117722 5.04493e-05 0.056046 
0.00253881 0.0694115 0.0402298 0.0523178 0.420567 0.000537042 0.0163241 0.0433137 0.0466299 0.0725916 0.000704552 0.0664406 0.0246612 0.0111348 0.000685935 0.0637842 0.0315709 0.0030995 0.0334569 
0.0178171 0.0462116 0.00235098 0.262167 0.282309 2.53281e-05 0.0237695 0.00704431 0.0207551 0.194331 0.00119666 0.00751054 0.00958527 0.00437579 0.000198641 0.0374768 0.0320897 0.0241573 0.0266278 
0.00385574 0.032057 0.0162095 0.016848 0.591107 0.000258092 0.00735521 0.0102862 0.0155843 0.0634321 0.00113764 0.0287275 0.0187756 0.0123197 0.000679068 0.0684159 0.0121829 0.0109904 0.0897781 
0.000336284 0.031623 0.0435244 0.134209 0.221103 0.00029404 0.0418291 0.074747 0.00992708 0.199325 0.00848803 0.0710419 0.0114679 0.0319446 6.43869e-05 0.048314 0.0392665 0.000696507 0.0317976 
0.000456524 0.0227435 0.160308 0.011686 0.552174 0.000362975 0.0353328 0.0230512 0.00602334 0.0705214 0.00117161 0.0245568 0.00441673 0.000780974 0.000138164 0.0443996 0.0373414 0.000759104 0.00377598 
0.000845692 0.0803007 0.0128635 0.0419574 0.617207 8.45271e-05 0.0082282 0.00503554 0.0177641 0.0910054 0.000646517 0.0238553 0.00985647 0.006085 0.000614712 0.051239 0.0260693 0.000321275 0.00602043 
0.00198605 0.0672439 0.0117953 0.0368659 0.318938 0.000219723 0.0315371 0.042143 0.0600988 0.0622855 0.000544803 0.0330756 0.0133223 0.0506047 0.00163291 0.131521 0.116089 0.00630565 0.0137898 
0.000549715 0.0593612 0.00525066 0.0366967 0.521357 1.43929e-05 0.0114616 0.00819013 0.0034774 0.168134 0.000534953 0.01401 0.034301 0.0021485 4.9861e-06 0.0895926 0.0361489 0.000149926 0.00861691 
0.00113207 0.0441371 0.10128 0.0286036 0.453407 0.000292587 0.0259516 0.0216627 0.0205792 0.134964 0.00110492 0.0411478 0.0144221 0.00448232 0.000777034 0.0583947 0.0260976 0.00464944 0.0169149 
0.000477682 0.024059 0.361039 0.00918834 0.365487 0.00028758 0.0277514 0.0166193 0.00547075 0.0697374 0.00107115 0.0301753 0.00446984 0.000786903 6.72025e-05 0.0507652 0.0253381 0.000540206 0.0066683 
6.24793e-05 0.0220486 0.00902002 0.0219576 0.605298 0.00017218 0.00755744 0.0148712 0.00848884 0.136875 0.000320784 0.0380789 0.0318393 0.0025125 0.00018031 0.0417096 0.0531833 0.000151726 0.0056727 
5.20705e-05 0.12317 0.0143679 0.0253863 0.598133 0.000173243 0.00681101 0.0130714 0.0137015 0.0983362 0.00090592 0.0216006 0.00210918 0.00783614 0.00102288 0.0485172 0.0223553 0.000125551 0.0023246 
0.0156346 0.0378527 0.144216 0.0623185 0.306046 0.00016674 0.0557912 0.0211072 0.0176291 0.157434 0.000623237 0.0285741 0.0110504 0.0097004 0.000128801 0.064841 0.0537867 0.00411391 0.00898616 
0.00717882 0.0382314 0.0154104 0.0488699 0.239622 0.000287453 0.0338663 0.0898519 0.11246 0.0572497 0.000807702 0.0240531 0.0213766 0.0178032 0.000623278 0.215336 0.0379984 0.0100347 0.0289383 
0.000477682 0.024059 0.361039 0.00918834 0.365487 0.00028758 0.0277514 0.0166193 0.00547075 0.0697374 0.00107115 0.0301753 0.00446984 0.000786903 6.72025e-05 0.0507652 0.0253381 0.000540206 0.0066683 
0.000295188 0.0281016 0.0851533 0.00731839 0.491841 0.000195223 0.00499555 0.020278 0.00721282 0.208151 0.000324818 0.0634619 0.0345108 0.00187322 0.000241744 0.0229387 0.0187983 0.000109018 0.00419929 
0.0285616 0.0383344 0.216363 0.075951 0.254246 0.000176923 0.143737 0.014123 0.0130851 0.100876 0.000502529 0.0068518 0.00467221 0.00273358 6.73085e-05 0.0660327 0.0273592 0.00301809 0.00330841 
0.000665072 0.0506167 0.00673458 0.122526 0.29106 0.00207308 0.0481233 0.0575453 0.0398384 0.186709 0.000415019 0.047312 0.0233995 0.0126853 0.000271767 0.0420729 0.0599732 0.000700078 0.00727784 
0.00826793 0.0646238 0.00971501 0.183115 0.190185 0.000191758 0.0644766 0.0175871 0.027418 0.12387 0.000447374 0.0763391 0.0250048 0.0285451 0.000150204 0.0799958 0.0712491 0.0053843 0.0234336 
0.00359286 0.0922995 0.071455 0.0190576 0.370753 0.00032997 0.0267754 0.0112808 0.00919608 0.0557172 0.000308903 0.169871 0.0305794 0.00195456 0.000202524 0.106573 0.0233611 0.000231859 0.0064597 
0.00066303 0.0252897 0.00881444 0.0378803 0.694348 0.000181497 0.00972308 0.0116308 0.00869243 0.0952864 0.000443967 0.031984 0.00810019 0.0135021 0.000364389 0.0221345 0.0271098 0.00184592 0.00200548 
0.00786865 0.129128 0.00158703 0.0312999 0.616841 7.79237e-05 0.00585933 0.00331295 0.00533748 0.113616 0.000201571 0.00625596 0.00170825 0.00297415 0.00016836 0.0307561 0.0186352 0.000951134 0.0234217 
0.00234512 0.0322816 0.0919611 0.0405238 0.272946 7.99369e-06 0.0384767 0.0800527 0.00598146 0.254752 0.00104394 0.0606622 0.0326209 0.000754134 2.86719e-06 0.0270167 0.0552944 0.000421131 0.00285606 
0.00411947 0.027042 0.0166012 0.0208948 0.512158 0.000279601 0.0175909 0.0124318 0.0174994 0.100111 0.000475259 0.0228301 0.0107324 0.104994 0.000789413 0.0744402 0.0195164 0.00926507 0.0282291 
0.00018786 0.0260157 0.0137475 0.0280077 0.663959 2.42088e-06 0.00710852 0.00405372 0.00907765 0.157353 0.000134364 0.0126157 0.00117366 0.0173023 9.79086e-06 0.0424454 0.0145306 0.000111936 0.00216303 
1.93878e-06 0.09922 0.0135499 0.0120736 0.398462 4.89859e-07 0.0299453 0.00386281 0.00268343 0.157664 1.97656e-05 0.0329475 0.00558193 0.00185605 7.0276e-07 0.0205666 0.221159 1.49271e-06 0.000403607 
0.00279649 0.0614215 0.0126602 0.0386872 0.472872 0.000202541 0.0163869 0.0132072 0.032309 0.0749292 0.000825123 0.0358407 0.0227129 0.00940602 0.000804818 0.105016 0.0154553 0.0103711 0.0740965 
1.62479e-06 0.0623068 0.0252635 0.0110608 0.66099 2.11767e-05 0.00227564 0.00730127 0.00366279 0.128528 0.000455061 0.0252959 0.00273189 0.000502265 3.47297e-05 0.0250277 0.0381914 3.3256e-05 0.00631662 
6.17575e-06 0.0766574 0.0310678 0.0144842 0.627792 0.000113237 0.00927366 0.00578987 0.00116713 0.150411 0.000624226 0.022827 0.00219873 0.000357818 2.44909e-05 0.0203351 0.0340652 1.97081e-05 0.00278522 
0.000838502 0.0248284 0.015772 0.0238891 0.728972 0.000227289 0.0124745 0.0131126 0.00759183 0.0704347 0.000214167 0.0188495 0.00822495 0.00235795 0.00238252 0.0301672 0.0268495 0.00885253 0.00396058 
0.00907398 0.0981252 0.013356 0.0695515 0.251619 0.000316026 0.0207467 0.0104284 0.0262541 0.0871591 0.000142126 0.14469 0.0140436 0.0200097 0.000779549 0.148705 0.0266726 0.0106227 0.0477037 
0.000413383 0.068026 0.0110798 0.0228141 0.689081 1.06433e-05 0.00247817 0.00491653 0.00944215 0.10452 0.000390844 0.0172255 0.00418833 0.00645382 0.00116735 0.0231779 0.0091243 0.000585822 0.0249043 
0.000301734 0.139853 0.0165389 0.156376 0.170943 0.000369632 0.0283903 0.00555588 0.0154759 0.0824189 3.847e-05 0.0720009 0.0342209 0.0132498 0.000109024 0.142489 0.0400875 0.000719145 0.0808625 
0.00820263 0.231661 0.0002102 0.228116 0.391869 2.64932e-06 0.0122309 0.00413871 0.0182428 0.0525343 1.31912e-05 0.00612224 0.0013286 0.012481 0.000131095 0.0141508 0.00607309 3.25013e-05 0.012459 
5.99443e-05 0.0688319 0.0285793 0.00894345 0.700496 0.000267521 0.00475057 0.00495576 0.00271806 0.0973288 0.000772013 0.0234752 0.00257926 0.00148915 6.94621e-05 0.022662 0.0249528 0.000495564 0.00657295 
0.000814348 0.0627897 0.138096 0.0495718 0.244878 2.90477e-05 0.0194112 0.0454327 0.0338401 0.0839735 0.000438454 0.151201 0.0238536 0.0113666 0.00176741 0.0488316 0.0603951 0.000109142 0.0232008 
0.00720941 0.051297 0.0201647 0.0406211 0.463192 0.0109605 0.0592619 0.0196214 0.0180368 0.111963 0.00201547 0.0348282 0.0144954 0.00787872 0.00175559 0.0771515 0.0326273 0.00226435 0.0246553 
0.00299479 0.0827842 0.00737996 0.0799782 0.398853 0.000317803 0.0832451 0.0137906 0.0174528 0.123121 0.00028766 0.0231025 0.00779377 0.0337723 0.000952204 0.0745336 0.0391742 0.000937121 0.00952848 
0.00406337 0.051457 0.0439634 0.0371936 0.48549 0.00154528 0.0448404 0.0214669 0.0233321 0.0901928 0.00107667 0.0535634 0.0213649 0.00729492 0.000626861 0.0661629 0.0269029 0.00291863 0.016544 
0.00498487 0.0459005 0.0415417 0.0476207 0.330718 0.000182412 0.0273972 0.0137662 0.020647 0.273152 0.000265808 0.0293931 0.00633014 0.0883241 0.000136721 0.0287623 0.0224485 0.00297544 0.0154525 
0.00104319 0.0495512 0.0162413 0.02767 0.543232 0.000396786 0.0237145 0.0259117 0.0559978 0.0776456 0.00459119 0.0207777 0.0180704 0.00198925 0.000172844 0.0647897 0.0514937 0.000539059 0.0161726 
0.000133508 0.0613267 0.0110965 0.13039 0.280864 2.20549e-05 0.0369429 0.0129295 0.00910045 0.15251 0.000367341 0.0143223 0.00326811 0.00604424 9.10051e-05 0.02606 0.215062 0.000207374 0.0392626 
0.000344981 0.0540408 0.0288962 0.0301077 0.536107 5.59183e-05 0.00818972 0.0171052 0.0206192 0.0418398 0.000766655 0.140443 0.0271026 0.0187362 0.000123781 0.0459151 0.0161316 0.00699004 0.00648456 
0.0160903 0.0507441 0.126126 0.0877577 0.205346 0.00116465 0.0845586 0.0245692 0.0353309 0.148647 0.00162004 0.0332386 0.0223061 0.00647649 0.000306122 0.0951846 0.0407566 0.00251084 0.0172666 
1.98492e-06 0.0687346 0.0308775 0.00735091 0.733592 6.01155e-07 0.0026927 0.00309733 0.0012723 0.0910439 0.000556156 0.0189617 0.00143564 0.000613857 4.3304e-07 0.0136391 0.0229008 1.85299e-05 0.00320985 
0.00022107 0.062237 0.00650458 0.0384759 0.720166 0.00018262 0.00688402 0.00633198 0.00450493 0.0513718 0.000277273 0.0143227 0.0184072 0.00190869 0.000110505 0.0445109 0.0188393 0.000221646 0.00452216 
0.00578926 0.0916239 0.0351402 0.0809859 0.285134 0.00040127 0.0709358 0.0165837 0.0349241 0.113018 0.000400328 0.100702 0.0193199 0.00775576 0.000191264 0.0810591 0.0458595 0.00164876 0.0085272 
0.0035873 0.067147 0.00988964 0.108491 0.251261 0.00217436 0.129402 0.0158692 0.0188055 0.174691 0.00104449 0.0175056 0.013015 0.00839243 0.000136264 0.106114 0.0484058 0.000451282 0.0236176 
0.00940057 0.092595 0.0761207 0.0282471 0.210032 6.03788e-05 0.0453601 0.0169784 0.00576231 0.209022 0.000131024 0.040473 0.00598359 0.016631 1.84155e-06 0.0417996 0.160993 0.000134591 0.0402732 
0.00308195 0.10422 0.00241096 0.0998016 0.255808 0.000106063 0.089274 0.00373606 0.0469227 0.155682 0.000641064 0.00505729 0.0117865 0.00184317 0.00362337 0.0956332 0.108974 0.000458939 0.0109393 
0.00318312 0.051156 0.0178177 0.0265418 0.589387 0.000254844 0.0172603 0.0148255 0.0150166 0.0865164 0.000702487 0.0279571 0.0151078 0.0221491 0.000588402 0.0598671 0.0206387 0.00370066 0.0273291 
0.000343504 0.0562487 0.0250882 0.0350199 0.57294 5.43681e-05 0.0073355 0.0152663 0.0216635 0.0438212 0.000765289 0.112305 0.0169889 0.0182972 0.00012377 0.0459104 0.0164696 0.00685167 0.00450739 
0.00279649 0.0614215 0.0126602 0.0386872 0.472872 0.000202541 0.0163869 0.0132072 0.032309 0.0749292 0.000825123 0.0358407 0.0227129 0.00940602 0.000804818 0.105016 0.0154553 0.0103711 0.0740965 
5.36546e-05 0.100194 0.00272978 0.0439483 0.224915 0.000493467 0.044341 0.0374656 0.0129356 0.0999678 0.00139447 0.211344 0.10716 0.000436193 8.66717e-05 0.0250542 0.0860178 0.000335598 0.00112757 
0.00229924 0.0474803 0.0906134 0.0239324 0.445306 0.000231853 0.0445637 0.0320941 0.0451708 0.0777473 0.00051199 0.0343857 0.0181088 0.00202625 0.00141414 0.0860332 0.0260142 0.0040468 0.0180196 
0.00062618 0.0607001 0.0127169 0.0317083 0.33599 0.000290032 0.02204 0.025833 0.0347364 0.250121 0.0199416 0.0456993 0.0228423 0.00451988 0.00170884 0.0567139 0.0465081 0.000483745 0.0268199 
0.00225274 0.103007 0.0862016 0.060635 0.167801 0.000481672 0.106274 0.0198985 0.0299001 0.122007 0.00295899 0.054328 0.0299728 0.0014721 0.000235942 0.15204 0.0457519 0.00336661 0.0114162 
5.99443e-05 0.0688319 0.0285793 0.00894345 0.700496 0.000267521 0.00475057 0.00495576 0.00271806 0.0973288 0.000772013 0.0234752 0.00257926 0.00148915 6.94621e-05 0.022662 0.0249528 0.000495564 0.00657295 
0.00066303 0.0252897 0.00881444 0.0378803 0.694348 0.000181497 0.00972308 0.0116308 0.00869243 0.0952864 0.000443967 0.031984 0.00810019 0.0135021 0.000364389 0.0221345 0.0271098 0.00184592 0.00200548 
0.00251125 0.0477153 0.0884467 0.0322533 0.368987 0.0460652 0.0395135 0.0233859 0.0180548 0.0891087 0.00695023 0.0415052 0.0163304 0.0113239 0.000425318 0.0914416 0.0481234 0.0023205 0.0255378 
0.000871367 0.0782988 0.148452 0.0456539 0.162538 0.000204521 0.0206141 0.0531977 0.0325038 0.10118 0.00053166 0.158609 0.0374188 0.0104557 0.00140814 0.0541177 0.0658746 0.000157553 0.0279125 
0.000301222 0.0436815 0.00968756 0.0219242 0.387579 0.000146233 0.00794801 0.00639365 0.0131814 0.200174 0.000970375 0.0199504 0.00524015 0.00370663 0.000399746 0.0339028 0.240187 0.000258142 0.00436891 
0.00176488 0.0417671 0.0185255 0.0188305 0.616697 0.000305199 0.0252524 0.00937731 0.00815036 0.108337 0.000399189 0.032821 0.00931018 0.00267389 0.000933156 0.042759 0.0273861 0.000965022 0.0337451 
0.00168367 0.0503424 0.00631457 0.00935916 0.435528 0.000208964 0.0265391 0.0369894 0.0931285 0.0347527 0.000337339 0.0409484 0.0184386 0.00121266 0.000482674 0.178646 0.00946514 0.00245043 0.0531727 
5.99443e-05 0.0688319 0.0285793 0.00894345 0.700496 0.000267521 0.00475057 0.00495576 0.00271806 0.0973288 0.000772013 0.0234752 0.00257926 0.00148915 6.94621e-05 0.022662 0.0249528 0.000495564 0.00657295 
0.000413383 0.068026 0.0110798 0.0228141 0.689081 1.06433e-05 0.00247817 0.00491653 0.00944215 0.10452 0.000390844 0.0172255 0.00418833 0.00645382 0.00116735 0.0231779 0.0091243 0.000585822 0.0249043 
0.0020095 0.0697941 0.0606727 0.0484412 0.299398 0.000595398 0.0502548 0.0249387 0.0244992 0.196277 0.00122156 0.0498592 0.0285037 0.00772184 0.00200297 0.0647264 0.0498073 0.00339329 0.0158826 
0.0012253 0.0718063 0.00254549 0.0828623 0.42897 0.000146789 0.00843301 0.0305509 0.0140262 0.221878 0.00458449 0.0532247 0.0160954 0.000292338 0.00126191 0.0451035 0.0151561 0.000180456 0.00165654 
0.00761906 0.0607734 0.127603 0.0508791 0.298011 0.00105212 0.0563599 0.0190965 0.0213098 0.137907 0.00165121 0.0571135 0.0197181 0.00551703 0.00157391 0.0824417 0.0337259 0.00408529 0.0135623 
0.000344981 0.0540408 0.0288962 0.0301077 0.536107 5.59183e-05 0.00818972 0.0171052 0.0206192 0.0418398 0.000766655 0.140443 0.0271026 0.0187362 0.000123781 0.0459151 0.0161316 0.00699004 0.00648456 
0.00385574 0.032057 0.0162095 0.016848 0.591107 0.000258092 0.00735521 0.0102862 0.0155843 0.0634321 0.00113764 0.0287275 0.0187756 0.0123197 0.000679068 0.0684159 0.0121829 0.0109904 0.0897781 
0.00337171 0.0268579 0.0330122 0.0154318 0.57531 0.000293094 0.0103824 0.0421153 0.0182791 0.097164 0.000926156 0.0371253 0.0298664 0.0032733 0.00111361 0.0669558 0.0181643 0.00497455 0.0153833 
2.57326e-05 0.0436293 0.0679156 0.00703768 0.622561 0.000191089 0.00269923 0.00398244 0.00763988 0.15986 0.000776713 0.0182755 0.00209203 0.00106806 4.9446e-05 0.0155457 0.0328934 0.000355551 0.0134019 
0.00138075 0.0415698 0.0672971 0.0348979 0.399139 0.000328943 0.0430537 0.0208223 0.0118147 0.112289 0.00147382 0.042056 0.0200013 0.0997252 0.000278385 0.0551284 0.0392623 0.00195163 0.0075297 
0.00348747 0.0419225 0.0409845 0.184663 0.247989 0.000372895 0.0591228 0.0258844 0.0291189 0.190549 0.00071611 0.0200949 0.0235452 0.00548119 0.000114949 0.0608075 0.0491497 0.00767069 0.00832542 
0.00066303 0.0252897 0.00881444 0.0378803 0.694348 0.000181497 0.00972308 0.0116308 0.00869243 0.0952864 0.000443967 0.031984 0.00810019 0.0135021 0.000364389 0.0221345 0.0271098 0.00184592 0.00200548 
4.50384e-05 0.0201581 0.00806225 0.0823449 0.541117 0.000280214 0.0269764 0.0901687 0.0176671 0.0576686 0.00117625 0.0214423 0.0174736 0.00498774 0.00104472 0.0664369 0.0299011 0.000408217 0.012641 
1.62425e-06 0.162474 0.0223244 0.0207319 0.614404 2.60212e-06 0.00276062 0.00412876 0.014443 0.0767701 0.000455058 0.0358073 0.00204092 0.000502267 0.000435839 0.0206897 0.0183407 1.71367e-05 0.0036699 
0.000368292 0.0701693 0.0158217 0.0335069 0.431771 0.000276576 0.0221019 0.0144308 0.0189698 0.0916508 0.00118945 0.105893 0.0338488 0.00687477 0.000197629 0.0790363 0.0395717 0.00387468 0.0304463 
0.000708198 0.0232951 0.00945162 0.0251791 0.749875 0.000339762 0.00810231 0.00942914 0.00346788 0.0626307 0.000116557 0.0198419 0.00675405 0.00272733 8.57988e-05 0.0390271 0.0255973 0.000226752 0.0131442 
0.00219272 0.0720714 0.0201473 0.0338108 0.347058 0.00110196 0.0337532 0.0194128 0.0242185 0.129355 0.00159154 0.0775863 0.0262225 0.0109658 0.000400293 0.0683495 0.110137 0.00189427 0.0197316 
2.8952e-06 0.0813029 0.0318448 0.00627086 0.644471 4.92502e-07 0.00372565 0.00394606 0.00200178 0.128542 0.000520433 0.032172 0.00443179 0.00194909 3.54579e-07 0.0194164 0.03285 2.35322e-05 0.00652834 
0.000825086 0.0651451 0.00578101 0.0351322 0.551847 0.000311839 0.0127059 0.0100804 0.0243783 0.0431212 0.000346389 0.0938522 0.0560009 0.00392703 0.000499252 0.0515435 0.0149483 0.00732589 0.0222287 
1.62479e-06 0.0623068 0.0252635 0.0110608 0.66099 2.11767e-05 0.00227564 0.00730127 0.00366279 0.128528 0.000455061 0.0252959 0.00273189 0.000502265 3.47297e-05 0.0250277 0.0381914 3.3256e-05 0.00631662 
0.000799587 0.0620194 0.0122662 0.0208013 0.739013 3.56313e-05 0.00427209 0.00222963 0.00905577 0.0676511 0.000519756 0.0193423 0.00340839 0.0040783 0.000585236 0.0316571 0.0180385 0.000275135 0.00395176 
0.00683452 0.0679344 0.076829 0.109101 0.167176 0.000204805 0.0423719 0.0308151 0.0955371 0.118098 0.00351534 0.0650693 0.0221579 0.0217081 0.000840783 0.0759422 0.0483781 0.0123296 0.0351582 
0.00243408 0.0458366 0.0103337 0.0957669 0.407823 0.000988387 0.0250182 0.0237278 0.0198287 0.15596 0.00141935 0.0227495 0.0182515 0.00664609 0.000207131 0.0739078 0.0474215 0.000838339 0.0408421 
0.00123411 0.0509305 0.0230709 0.063189 0.517943 0.000305915 0.0476353 0.0218437 0.0120126 0.124351 0.000674111 0.0306763 0.0172757 0.0109578 0.000250521 0.0459281 0.0246535 0.00137748 0.00569086 
6.64924e-05 0.0164488 0.00804776 0.0126684 0.726975 0.00028716 0.0351778 0.0268298 0.00476217 0.0662197 0.00107749 0.0126253 0.00280214 0.000473681 0.00014978 0.0323036 0.0525257 5.19949e-05 0.000507487 
0.00316451 0.0366297 0.0185602 0.00947195 0.609105 0.000234713 0.0153737 0.0494299 0.0068797 0.0702287 0.002253 0.0276986 0.0382191 0.000533534 6.52935e-05 0.0798683 0.0231776 0.000128606 0.0089779 
0.000639151 0.0344883 0.00430125 0.00808156 0.429936 3.31978e-05 0.018379 0.0318238 0.0861425 0.0380796 0.00171282 0.0490921 0.0294183 0.00150996 0.000225995 0.169975 0.00765407 0.000586764 0.0879214 
0.000737496 0.0163924 0.00607675 0.13304 0.510639 0.000112573 0.0444523 0.0305465 0.0290423 0.0503465 0.00169281 0.013501 0.0194451 0.00985387 2.50265e-05 0.0673233 0.0581956 0.00216499 0.00641297 
0.0145193 0.0250511 0.00198546 0.103226 0.451353 6.92974e-05 0.219982 0.0113369 0.0181409 0.0621145 0.000173971 0.00097408 0.0011196 0.00262392 4.06983e-05 0.0537876 0.0293435 0.00224627 0.00191148 
9.87225e-05 0.0508862 0.0115871 0.0528611 0.678451 0.000214566 0.0139972 0.0147577 0.0124184 0.074838 0.00161537 0.0160965 0.00471533 0.00700441 5.49336e-05 0.0363029 0.0194502 0.00263794 0.00201274 
0.00429361 0.0343596 0.0820606 0.0406532 0.272905 0.000237669 0.0401691 0.0769457 0.00812974 0.244434 0.00124898 0.0623842 0.0332563 0.0012948 6.42216e-05 0.0359682 0.0542076 0.00273752 0.00464972 
0.000799139 0.0803096 0.00771971 0.0697114 0.466498 0.00017576 0.125923 0.021206 0.0504841 0.0633189 0.000558671 0.0111315 0.0081444 0.00212663 0.000157082 0.0678022 0.0145992 0.00687834 0.00245625 
1.98492e-06 0.0687346 0.0308775 0.00735091 0.733592 6.01155e-07 0.0026927 0.00309733 0.0012723 0.0910439 0.000556156 0.0189617 0.00143564 0.000613857 4.3304e-07 0.0136391 0.0229008 1.85299e-05 0.00320985 
0.00867287 0.0686099 0.073029 0.0480087 0.267362 0.000525 0.0331411 0.0235108 0.0191429 0.192552 0.000717523 0.0578355 0.0556765 0.00480425 0.00039436 0.0813299 0.028712 0.0147867 0.0211889 
5.53658e-05 0.0613222 0.00685142 0.0148463 0.699503 0.000171002 0.00555648 0.00683792 0.00454981 0.0852841 0.000319947 0.016091 0.0214188 0.00193127 0.000127518 0.0493088 0.020672 0.000203623 0.00494987 
0.00134788 0.117114 0.0269395 0.0627708 0.407992 0.0003125 0.0327258 0.0156239 0.0145566 0.0887401 0.000231916 0.0842656 0.0339092 0.00711952 0.000387423 0.0465174 0.0536438 7.47558e-05 0.00572747 
0.000122958 0.125103 0.00967466 0.0411738 0.214642 4.53248e-05 0.0368603 0.0961967 0.0384291 0.113859 0.000997769 0.0749112 0.0112356 0.00184086 3.94308e-05 0.124698 0.105173 2.75163e-05 0.00496992 
0.000489435 0.0885474 0.0672064 0.0152195 0.504528 0.000323459 0.00949312 0.0121784 0.00825853 0.106405 0.00042645 0.0686632 0.0215635 0.00255571 0.000258052 0.0555557 0.0312893 0.0016602 0.00537869 
0.00092564 0.0659407 0.022797 0.031448 0.38157 0.000498155 0.151156 0.0169811 0.0174583 0.0888067 0.000445064 0.0338871 0.00813183 0.00522643 0.000467229 0.097148 0.044328 0.00207528 0.0307094 
0.000451326 0.0637071 0.0696365 0.0379099 0.527233 9.74921e-05 0.0118776 0.0138546 0.0183105 0.121397 0.000638248 0.0424342 0.0140969 0.00896282 0.00108581 0.0393089 0.0186964 0.00149891 0.00880297 
0.000876018 0.0493576 0.0538643 0.0196339 0.584506 0.000300868 0.0185149 0.0151079 0.010134 0.0681754 0.000472098 0.0788272 0.0148397 0.00597029 0.000899269 0.0361511 0.0338835 0.00329671 0.00518885 
0.00168367 0.0503424 0.00631457 0.00935916 0.435528 0.000208964 0.0265391 0.0369894 0.0931285 0.0347527 0.000337339 0.0409484 0.0184386 0.00121266 0.000482674 0.178646 0.00946514 0.00245043 0.0531727 
5.39089e-05 0.000443246 0.000331077 0.0743842 0.507261 3.53889e-06 0.00127873 0.0389225 0.00137272 0.269645 0.00348069 0.0115182 0.0328696 0.0315072 3.29359e-05 0.0149234 0.00198613 1.71151e-05 0.00996919 
0.000260329 0.0142289 0.0772637 0.0109066 0.399354 0.000162233 0.0336099 0.0384223 0.00863055 0.331899 0.00202685 0.00692137 0.00652902 0.00186722 0.00207527 0.0353147 0.0246981 0.000705384 0.00512489 
0.00117578 0.0491196 0.0152514 0.0205437 0.706569 0.000124943 0.0189426 0.00786484 0.00662783 0.0846208 0.000448747 0.0196997 0.00346862 0.00345959 0.000530577 0.0264737 0.0253683 0.000442644 0.00926782 
0.00563714 0.0572372 0.0343325 0.0503689 0.38038 0.000354318 0.0571047 0.0150058 0.019183 0.140695 0.002574 0.0779364 0.0216287 0.00289628 0.00269912 0.0662662 0.0348137 0.00359227 0.0272945 
0.000343504 0.0562487 0.0250882 0.0350199 0.57294 5.43681e-05 0.0073355 0.0152663 0.0216635 0.0438212 0.000765289 0.112305 0.0169889 0.0182972 0.00012377 0.0459104 0.0164696 0.00685167 0.00450739 
0.00259787 0.051685 0.0106391 0.0452323 0.288079 0.000451653 0.0579684 0.0382858 0.0369115 0.127978 0.00134302 0.0916301 0.0208672 0.00515241 0.00171167 0.107025 0.0509139 0.00219761 0.0593306 
0.0678602 0.0584823 0.00497269 0.122442 0.341865 0.00131772 0.0590255 0.0140159 0.00746247 0.180066 0.000254024 0.00977282 0.00480631 0.00110847 0.000137451 0.0714986 0.0454101 0.000482109 0.00902047 
0.0155365 0.105872 0.0426036 0.101565 0.207163 0.00116394 0.060237 0.0514181 0.0305674 0.0637459 0.00145078 0.0977975 0.0250166 0.00216416 0.000449301 0.100797 0.0473867 0.00554957 0.0395159 
0.00308448 0.0427881 0.0258113 0.0261511 0.678739 0.000197358 0.0374718 0.006819 0.00455555 0.0831057 6.48595e-05 0.0261101 0.00309691 0.00264607 4.01748e-05 0.0192956 0.0334702 0.000108892 0.00644341 
0.000588078 0.0457612 0.0296012 0.0227684 0.625522 0.000140192 0.00510142 0.011029 0.00934427 0.136068 0.000439482 0.0363412 0.0134477 0.00769688 0.00128624 0.0238888 0.0164994 0.00119888 0.013278 
0.000643395 0.0318293 0.0124459 0.0515205 0.286916 0.000155028 0.122027 0.024776 0.0129064 0.168071 0.0565288 0.0365942 0.0117089 0.00192334 5.56436e-05 0.076642 0.100763 0.000849802 0.00364493 
0.0125809 0.0173423 0.00423544 0.0147116 0.501299 0.000261167 0.0192522 0.0623765 0.11227 0.0230821 0.00127235 0.0112587 0.0268692 0.00316378 0.000592571 0.138389 0.00742653 0.00877925 0.0348369 
0.00341624 0.0621611 0.0086484 0.0432168 0.333615 0.000180762 0.0183162 0.0248451 0.120847 0.0645617 0.00168937 0.0356641 0.026556 0.0408157 0.000302249 0.134956 0.0368059 0.0172733 0.0261294 
0.000265562 0.134945 0.0158046 0.18962 0.190149 0.00045177 0.0282654 0.00493398 0.0160843 0.0625521 3.1104e-05 0.059548 0.0255591 0.0118865 0.00013325 0.143963 0.032262 0.000838577 0.0827073 
0.000824414 0.105577 0.200886 0.0122912 0.251716 0.000290725 0.0122902 0.0168063 0.0104373 0.0782654 0.000147477 0.179328 0.0290036 0.0028699 0.000329892 0.049262 0.0417084 0.00301349 0.00495207 
0.00429361 0.0343596 0.0820606 0.0406532 0.272905 0.000237669 0.0401691 0.0769457 0.00812974 0.244434 0.00124898 0.0623842 0.0332563 0.0012948 6.42216e-05 0.0359682 0.0542076 0.00273752 0.00464972 
0.000413383 0.068026 0.0110798 0.0228141 0.689081 1.06433e-05 0.00247817 0.00491653 0.00944215 0.10452 0.000390844 0.0172255 0.00418833 0.00645382 0.00116735 0.0231779 0.0091243 0.000585822 0.0249043 
