0.0084983 0.0748299 0.0551174 0.145957 0.0135809 0.00145631 0.331615 0.0334526 0.02264 0.041124 0.00101547 0.0113124 0.0228201 0.00210966 0.000129662 0.132356 0.0855324 0.000126846 0.0163256 
0.00242738 0.0563395 0.00916248 0.159232 0.0210197 0.000868868 0.325081 0.0104769 0.0554558 0.0641773 0.000484231 0.0283969 0.0140924 0.00796489 0.0001462 0.189707 0.0292805 0.000372804 0.0253143 
0.00182117 0.0956995 0.0176361 0.0611727 0.0399415 3.60621e-06 0.285774 0.0428186 0.0345214 0.0736003 0.000541567 0.0238697 0.0325605 0.00278751 0.000274576 0.161762 0.104813 0.0016698 0.0187333 
0.00472322 0.109224 0.00254195 0.168567 0.0184002 0.00122207 0.347773 0.031525 0.0610347 0.0204239 3.49631e-05 0.0223686 0.0312626 0.00862511 0.00293969 0.124886 0.0360673 0.00479758 0.00358373 
0.0034841 0.0613321 0.0201547 0.100679 0.0193701 0.000244897 0.25435 0.0186387 0.0949588 0.0764553 0.000935373 0.0206417 0.018729 0.00207945 0.000718835 0.202172 0.0620371 0.00464369 0.0383748 
0.000892405 0.0603589 0.0137962 0.119878 0.0155697 0.000845485 0.19631 0.0503623 0.0444614 0.0766161 0.000956012 0.097622 0.0119076 0.00472664 0.000454948 0.0884128 0.191822 0.000466513 0.0245401 
1.95285e-05 0.050878 0.00899593 0.0568239 0.0213997 8.76666e-05 0.446228 0.0148166 0.0807997 0.0400634 6.48033e-05 0.0209628 0.00930758 0.00368223 4.9321e-05 0.212022 0.0157735 0.000846091 0.01718 
0.00477508 0.0637923 0.0177732 0.21245 0.00735701 0.00200504 0.331918 0.0073224 0.0297072 0.0192223 0.00270271 0.0462715 0.0363714 0.00660124 0.000541965 0.160473 0.0322289 0.00777864 0.010707 
0.00463348 0.0272771 0.00340373 0.257312 0.00623273 0.000297645 0.257499 0.0177964 0.0181854 0.0328052 0.000675431 0.010651 0.00470766 0.249412 0.000344442 0.0755032 0.0276489 9.66074e-05 0.00551723 
0.0209121 0.121467 0.0025433 0.141007 0.0262805 0.000730594 0.261945 0.0236183 0.0592792 0.046357 0.000671086 0.0511664 0.039496 0.0050272 0.000183723 0.146239 0.0354567 0.000273582 0.0173455 
0.00928059 0.043557 0.000629833 0.0271529 0.00874477 0.000411432 0.383317 0.0175612 0.032437 0.00435286 0.000136699 0.0276317 0.0649084 0.0015851 0.0028821 0.354247 0.0136538 0.000542106 0.00696811 
0.015052 0.02418 0.00545896 0.188969 0.0124598 0.00124288 0.493936 0.013336 0.0341666 0.0245309 0.000599864 0.0205278 0.0154671 0.00733911 0.000142933 0.0924233 0.0166318 0.0239193 0.00961571 
0.0037005 0.0593016 0.00488939 0.0366333 0.0300162 2.41251e-05 0.255383 0.0349468 0.168323 0.064443 0.000216348 0.0263649 0.0048758 0.0027553 0.000173461 0.185273 0.0437559 0.0125055 0.0664184 
0.00294918 0.0865516 0.00423844 0.15257 0.0252198 0.000337019 0.223077 0.0170499 0.0305542 0.150837 0.00131615 0.0548834 0.0117545 0.00374329 0.000104152 0.188117 0.0393048 0.00125276 0.00613901 
0.0168002 0.0735729 0.00298851 0.0887706 0.0265655 0.00155268 0.443471 0.0216889 0.0237828 0.0404526 0.00044443 0.015751 0.00341862 0.00303459 0.00045717 0.0768018 0.156764 0.000114648 0.00356765 
0.0160193 0.065661 0.00105238 0.168302 0.00473755 0.00460414 0.27087 0.0158266 0.114461 0.0375008 9.20625e-05 0.0299149 0.0353026 0.0039719 0.000567951 0.130359 0.0281999 0.00961675 0.0629403 
0.0135339 0.0403398 0.00375955 0.172998 0.00593737 0.000742327 0.283258 0.0125379 0.0616924 0.0246933 0.00311842 0.12459 0.0523979 0.0157915 0.00179436 0.135598 0.0179403 0.0102364 0.0190411 
0.0312045 0.153202 0.00229669 0.149425 0.0123416 0.000446161 0.262561 0.0168826 0.119178 0.0231678 8.34774e-05 0.0424933 0.00794054 0.00296791 0.00016322 0.13042 0.024544 0.0101398 0.0105424 
0.0378568 0.0695159 0.00312986 0.171623 0.0253655 0.0056227 0.267109 0.0207639 0.0916744 0.0451786 0.000434449 0.0685435 0.0442361 0.00443767 8.28729e-05 0.102717 0.0271992 0.00170038 0.0128089 
0.00240784 0.0404028 0.108115 0.0672742 0.108591 0.000299651 0.123732 0.0445482 0.100697 0.0937694 0.0546834 0.0700745 0.0339988 0.00269683 0.000187398 0.0933494 0.0428774 0.00110074 0.0111941 
0.011774 0.122775 0.0147169 0.0299252 0.0121141 0.000309275 0.413678 0.0191905 0.0159921 0.0305676 0.000518772 0.057666 0.0168003 0.0143454 0.000216691 0.140072 0.0823406 0.00665626 0.0103408 
0.010622 0.0745197 0.0129203 0.0717839 0.0237952 0.000194615 0.287679 0.0272312 0.0260564 0.0460856 0.0002082 0.0646838 0.00591074 0.00321277 4.75304e-05 0.276957 0.058117 0.00196011 0.00801444 
0.00380789 0.102476 0.00343263 0.0543454 0.0225666 0.00028692 0.357835 0.0990219 0.0431378 0.0393651 9.61472e-05 0.0190562 0.00703794 0.000627985 4.2777e-05 0.168074 0.0727444 1.12893e-05 0.00603464 
1.95285e-05 0.050878 0.00899593 0.0568239 0.0213997 8.76666e-05 0.446228 0.0148166 0.0807997 0.0400634 6.48033e-05 0.0209628 0.00930758 0.00368223 4.9321e-05 0.212022 0.0157735 0.000846091 0.01718 
0.00979616 0.251827 0.00221429 0.0573553 0.0223525 0.000535441 0.295818 0.00855218 0.0135636 0.0310276 0.000466303 0.0399813 0.00721877 0.000632778 0.000337205 0.202233 0.046727 0.000126281 0.00923547 
0.00631202 0.0612426 0.0131033 0.283687 0.00750152 0.000448106 0.28788 0.011788 0.0607761 0.048859 0.000258793 0.0244971 0.0280405 0.000702946 0.000139262 0.119596 0.0289175 0.000345507 0.0159046 
0.0144741 0.0585428 0.0378025 0.0765139 0.0331271 0.000588086 0.227605 0.0595642 0.0720491 0.0934632 0.000184085 0.0319378 0.00612378 0.00304577 0.000159685 0.212709 0.0582756 0.00616988 0.0076643 
0.00496713 0.0302978 0.00512049 0.117612 0.00879218 0.000337733 0.214225 0.043313 0.117898 0.0480533 0.104723 0.0476177 0.0379869 0.00293058 0.000610968 0.138525 0.0620768 0.00463919 0.0102726 
0.0114971 0.131221 0.0141223 0.0658299 0.0268785 7.00653e-05 0.185037 0.113886 0.0297777 0.0700022 0.00393883 0.0278953 0.0105175 0.00113189 0.000135813 0.121943 0.181152 3.04845e-05 0.00493296 
0.0354774 0.0561971 0.00185375 0.147849 0.00489388 0.000406738 0.263847 0.00877697 0.0410593 0.0288724 0.00105255 0.0417516 0.142751 0.00019077 2.9827e-05 0.19022 0.0176892 1.99014e-05 0.0170622 
0.0037005 0.0593016 0.00488939 0.0366333 0.0300162 2.41251e-05 0.255383 0.0349468 0.168323 0.064443 0.000216348 0.0263649 0.0048758 0.0027553 0.000173461 0.185273 0.0437559 0.0125055 0.0664184 
0.000305934 0.149729 0.00152113 0.0841561 0.0023205 9.33512e-05 0.297935 0.0567726 0.0745818 0.0160534 0.000603323 0.0170758 0.0161569 0.00163521 8.70381e-05 0.218847 0.0594774 0.000372554 0.00227588 
0.00359452 0.00659473 0.000286893 0.139041 0.00961037 0.0162122 0.34536 0.0135402 0.0245998 0.0067769 0.000512051 0.0903745 0.0477873 0.00330826 0.000482288 0.189924 0.0201692 0.00294639 0.0788796 
0.00484282 0.0600152 0.0166897 0.140494 0.00820905 0.000252951 0.259195 0.0152985 0.140794 0.0145603 0.000292937 0.0479668 0.0545603 0.0171665 0.000879974 0.167551 0.0131304 0.00260153 0.0354991 
0.000206285 0.0488543 0.0255084 0.183829 0.00446757 1.50721e-05 0.412523 0.0289325 0.0510201 0.0765577 1.40258e-06 0.0112758 0.00419787 0.000668534 5.98949e-09 0.0739959 0.0456534 0.000370447 0.0319235 
0.00191544 0.0898919 0.00721591 0.132251 0.0127048 0.00020533 0.32345 0.0617366 0.0301382 0.081229 0.000143684 0.0093529 0.00554447 0.00150107 0.00762889 0.160222 0.0685062 1.31307e-05 0.00634964 
0.000881358 0.142146 0.00295588 0.0431119 0.0158417 0.00132088 0.312713 0.0193831 0.0237456 0.0766329 0.000439675 0.0566519 0.0158667 0.00327641 0.000377465 0.248741 0.0292121 0.000364902 0.00633792 
0.000230268 0.0901729 0.0066094 0.171353 0.0127865 0.00420844 0.429703 0.0152228 0.026568 0.0484935 0.000256661 0.0405506 0.00885001 0.0199761 0.00018368 0.0650155 0.0271519 0.000815013 0.0318524 
0.0474021 0.0935801 0.00665409 0.0804178 0.0355634 0.000982336 0.396053 0.00598149 0.0233846 0.0442846 4.37488e-05 0.0156585 0.00388404 0.000974531 6.45073e-05 0.202013 0.0406668 0.000493168 0.00189809 
0.00241998 0.0692926 0.0156071 0.18175 0.012709 0.000220131 0.249116 0.045603 0.0433579 0.129004 0.000315292 0.0286373 0.0470862 0.00225592 0.000696937 0.117276 0.0484524 6.44013e-05 0.00613614 
0.0135661 0.0366974 0.015306 0.139662 0.0100363 0.000283739 0.293718 0.0395876 0.0733544 0.0835115 0.000111822 0.020207 0.041362 0.00716575 0.000680769 0.179056 0.0158715 0.0019168 0.0279052 
0.00209371 0.102405 0.00804106 0.107189 0.0111651 0.010249 0.209972 0.0297477 0.104884 0.035899 0.00208629 0.0704731 0.0535288 0.000779349 0.00396391 0.208239 0.0258553 0.00156738 0.0118604 
0.00233556 0.0330834 0.00222778 0.217289 0.0134909 2.13098e-05 0.280386 0.0088786 0.0462025 0.0490471 0.00127405 0.027757 0.0172188 0.124895 5.18231e-05 0.123584 0.0299637 0.000828292 0.0214653 
0.00592976 0.0411674 0.0067038 0.113453 0.0106044 0.000105944 0.319279 0.0198353 0.195944 0.0212317 0.000547196 0.00884571 0.0153313 0.0531009 0.000236326 0.102646 0.0487545 0.0251741 0.0111101 
0.00263851 0.0219655 0.00105303 0.327266 0.00744175 0.000344411 0.365674 0.00398566 0.0357205 0.0194024 0.000137971 0.0437977 0.00648344 0.0122077 3.94054e-05 0.125613 0.0224646 0.000684958 0.00307874 
0.00123661 0.0229334 0.00118451 0.268558 0.00819678 0.000124862 0.282015 0.00981985 0.0785726 0.0397085 0.000381758 0.0148065 0.0106521 0.00181316 2.73371e-05 0.180626 0.0298765 0.000523855 0.0489436 
0.00168926 0.0356512 0.00334671 0.146034 0.0115981 0.000758234 0.396323 0.00658562 0.0354034 0.0199337 0.000179413 0.0945759 0.0174676 0.0080368 0.000369955 0.129769 0.0150991 0.00264667 0.0745327 
2.09387e-05 0.026693 0.00105826 0.133017 0.00105921 0.00438466 0.612787 0.0798179 0.0246568 0.00347146 0.00407914 0.0443911 0.0296419 0.00126082 0.000824169 0.02062 0.0114971 1.06483e-05 0.000708203 
0.0367074 0.0070453 0.00425615 0.235051 0.0184147 0.00014957 0.540882 0.0169193 0.0437193 0.0186027 2.28757e-05 0.001299 0.000933397 0.00363483 2.49568e-05 0.057993 0.0130356 2.9666e-05 0.00127912 
0.00517904 0.0683925 0.00376175 0.270576 0.0166088 0.00162876 0.299749 0.0145539 0.0281845 0.0389786 0.00335553 0.0409897 0.0287862 0.0102011 0.000641736 0.134136 0.0211622 0.00266147 0.0104533 
0.00191068 0.101895 0.0126166 0.0681538 0.0474334 5.40389e-05 0.226665 0.0662592 0.0606556 0.0811054 0.000156695 0.0389764 0.0134038 0.00160222 3.96439e-05 0.176308 0.0813581 0.000875739 0.0205309 
0.00925609 0.0916786 0.0136106 0.0995044 0.0137318 3.46602e-05 0.178428 0.0424097 0.108362 0.0476685 0.00262133 0.0777519 0.0503887 0.0183493 0.000584257 0.13549 0.0242804 0.00852373 0.0773263 
0.015052 0.02418 0.00545896 0.188969 0.0124598 0.00124288 0.493936 0.013336 0.0341666 0.0245309 0.000599864 0.0205278 0.0154671 0.00733911 0.000142933 0.0924233 0.0166318 0.0239193 0.00961571 
0.000625221 0.0445918 0.000196296 0.278731 0.00267028 5.60558e-05 0.286948 0.00973606 0.213717 0.0123826 0.000842073 0.0120905 0.0113671 0.0106137 0.000592746 0.0898309 0.00725326 0.00323204 0.0145237 
0.00466423 0.0324868 0.000376654 0.247933 0.00256015 0.000487948 0.283737 0.0175397 0.115061 0.0178001 0.000113434 0.0393271 0.0711338 0.00245278 0.00513847 0.0979842 0.0430003 0.0114205 0.00678268 
0.012258 0.0430763 0.00196786 0.199649 0.00498736 6.80269e-05 0.223838 0.0170902 0.175971 0.016516 9.84788e-05 0.0127471 0.034549 0.0140834 0.000894398 0.152284 0.0247907 0.0154087 0.0497228 
0.0135518 0.059889 0.00560976 0.210948 0.0155815 0.00200212 0.262814 0.00970414 0.0355954 0.0219631 0.00337808 0.19685 0.0512898 0.00322815 5.4047e-05 0.0840232 0.0120797 0.00196896 0.00947015 
0.000441129 0.104242 0.00387467 0.101319 0.0195145 3.18233e-05 0.235211 0.0719187 0.0860883 0.0429903 0.000270421 0.0791301 0.100145 0.00566081 0.000262715 0.0959651 0.0425314 0.00037884 0.0100237 
0.00125104 0.0906791 0.0589603 0.0623572 0.0227129 0.000478764 0.352821 0.0179802 0.020259 0.0649439 0.000266334 0.0556193 0.0112565 0.00424959 0.000316759 0.153944 0.0672649 0.00269501 0.0119442 
0.00822262 0.0542984 0.00622752 0.16399 0.0121768 0.000356518 0.215566 0.0107661 0.0894048 0.0661163 5.44064e-05 0.0962033 0.0185936 0.0106459 0.000113696 0.124749 0.044833 0.0154367 0.0622463 
0.000738994 0.121972 0.00970503 0.196023 0.0128918 0.000197896 0.215738 0.0334801 0.0522005 0.0444989 0.000241187 0.0500333 0.00688878 0.00320896 0.000628338 0.119601 0.114147 0.00284702 0.0149581 
0.00056142 0.0477233 0.00252325 0.0142775 0.000256727 1.56973e-05 0.479837 0.0012189 0.181755 0.00587376 1.72184e-06 0.00412602 0.0145625 0.000187354 3.48158e-09 0.0658007 0.0153836 3.24375e-05 0.165863 
0.00706739 0.0992752 0.0174963 0.154773 0.0228965 0.000123629 0.223725 0.0148975 0.027626 0.0525176 0.000271131 0.0584617 0.0218509 0.00492073 0.000206711 0.211123 0.0330177 0.00520114 0.0445494 
0.010622 0.0745197 0.0129203 0.0717839 0.0237952 0.000194615 0.287679 0.0272312 0.0260564 0.0460856 0.0002082 0.0646838 0.00591074 0.00321277 4.75304e-05 0.276957 0.058117 0.00196011 0.00801444 
9.94053e-05 0.00675891 0.000617022 0.089289 0.000340805 0.00399931 0.546571 0.0403217 0.00107521 0.00532851 0.00056269 0.0464829 0.0867024 0.0679232 0.00220846 0.0573876 0.0443173 7.10553e-07 1.39241e-05 
0.00823122 0.0973084 0.00371714 0.0409824 0.0144911 0.00868063 0.361732 0.0235234 0.0330189 0.0955113 0.00161734 0.0178517 0.0229222 0.0050547 0.000362504 0.197127 0.046548 0.00399056 0.0173304 
0.00370099 0.0481873 0.00365487 0.0452111 0.0236948 2.42154e-05 0.295301 0.0370794 0.168575 0.0679531 0.0069926 0.0344034 0.00764373 0.00412026 0.000173777 0.159327 0.0185826 0.0124145 0.0629606 
0.000351278 0.0709041 0.000615973 0.274892 0.00389126 0.000278077 0.479722 0.00426729 0.0222454 0.00978377 0.000196979 0.0171135 0.0088818 0.0217508 5.28736e-05 0.0566375 0.025634 6.76357e-05 0.00271438 
0.0308656 0.0312616 0.00291939 0.282713 0.0113601 0.00119956 0.322109 0.0552851 0.0735732 0.0202001 5.83005e-05 0.033077 0.0171769 0.00122358 0.000872088 0.0740715 0.0404809 1.94216e-05 0.00153331 
1.95285e-05 0.050878 0.00899593 0.0568239 0.0213997 8.76666e-05 0.446228 0.0148166 0.0807997 0.0400634 6.48033e-05 0.0209628 0.00930758 0.00368223 4.9321e-05 0.212022 0.0157735 0.000846091 0.01718 
0.00497545 0.0578214 0.00166919 0.185879 0.00264477 9.2118e-05 0.220755 0.00902454 0.217489 0.0110862 0.000161587 0.0158525 0.0190446 0.0247319 0.000465992 0.119267 0.012643 0.0336 0.0627961 
0.00112002 0.0754454 0.0166219 0.26767 0.0340647 0.00194895 0.295939 0.00613575 0.0167851 0.0243742 4.22667e-05 0.0661195 0.0137067 0.00354088 0.000151868 0.113817 0.0196557 9.79997e-05 0.042763 
0.00688318 0.10504 0.0146002 0.0886464 0.0236795 0.000220261 0.186041 0.0125374 0.122355 0.0280348 0.010105 0.0711909 0.013089 0.0653128 0.000748206 0.138772 0.0189521 0.00370024 0.0900918 
0.015052 0.02418 0.00545896 0.188969 0.0124598 0.00124288 0.493936 0.013336 0.0341666 0.0245309 0.000599864 0.0205278 0.0154671 0.00733911 0.000142933 0.0924233 0.0166318 0.0239193 0.00961571 
1.95285e-05 0.050878 0.00899593 0.0568239 0.0213997 8.76666e-05 0.446228 0.0148166 0.0807997 0.0400634 6.48033e-05 0.0209628 0.00930758 0.00368223 4.9321e-05 0.212022 0.0157735 0.000846091 0.01718 
0.0175594 0.039102 0.0004739 0.354373 0.00543149 0.000709159 0.359875 0.0216094 0.0252002 0.0191453 0.000306509 0.0394976 0.0173032 0.000292024 2.04824e-05 0.0619984 0.0353395 1.64559e-05 0.00174691 
0.0030564 0.043787 0.000421792 0.284112 0.00932891 0.0002405 0.461692 0.0143144 0.0523171 0.0309037 7.66319e-05 0.0144022 0.00195508 0.000360805 0.00156526 0.049167 0.0286469 6.09194e-05 0.00359172 
0.000448077 0.0381764 0.00246865 0.149386 0.0171371 0.000606873 0.375075 0.0116012 0.0230388 0.0278308 0.000162509 0.0457766 0.0062132 0.00593349 7.13362e-05 0.210376 0.0772333 0.00127929 0.0071851 
0.016854 0.0126114 0.00164585 0.0515926 0.012634 0.000242534 0.372927 0.0131661 0.0783445 0.0119712 1.62143e-05 0.0207091 0.0105586 0.0220104 0.000579475 0.20494 0.0114371 0.0141667 0.143593 
0.00804715 0.0646314 0.00696934 0.0698754 0.021968 0.0022399 0.254011 0.01934 0.129509 0.0476534 0.00436668 0.0293393 0.0255297 0.0087493 0.000686467 0.194586 0.024026 0.0092417 0.0792298 
0.00378153 0.0949508 0.0211146 0.102043 0.0490422 6.98128e-06 0.179442 0.028404 0.0341025 0.108337 0.000134206 0.0633291 0.00778281 0.00234471 7.8655e-05 0.13888 0.158785 0.00160105 0.00584113 
0.00057216 0.013611 0.0415207 0.294189 0.0445149 0.0395312 0.401759 0.0198236 0.0213632 0.0325364 0.00495363 0.00760054 0.00400015 0.00110168 0.000105309 0.0421161 0.0284286 0.00123061 0.00104126 
0.0122101 0.125734 0.00272262 0.176664 0.0128017 0.000417506 0.203876 0.0298291 0.0307695 0.0565295 0.000285536 0.0475411 0.0265718 0.00449168 0.000175979 0.181583 0.0702664 0.00052734 0.0170031 
0.0289919 0.0232919 0.00361864 0.145955 0.0253091 0.000361109 0.261043 0.0262304 0.055846 0.0696276 0.000193832 0.0179561 0.00930827 0.000676486 5.1766e-06 0.22101 0.0623605 0.045808 0.00240683 
0.0106689 0.0466374 0.00161691 0.0756977 0.0246267 0.000527229 0.331128 0.0224222 0.0302276 0.186584 0.000493457 0.0259841 0.0206159 0.00372256 0.000154033 0.135041 0.0723844 0.00189514 0.00957248 
0.0145278 0.039414 0.00494073 0.0580581 0.0323987 0.000118451 0.229255 0.0291329 0.170371 0.0207406 8.09622e-05 0.0388583 0.0273418 0.0322293 0.000450377 0.194286 0.0199056 0.00477178 0.0831188 
0.00899606 0.0572022 0.00546623 0.287681 0.00356591 0.0200797 0.35311 0.00768429 0.0668364 0.0215529 0.00205558 0.0295336 0.0201574 0.00060221 0.00125577 0.0993458 0.0101939 0.00213987 0.00254166 
0.00019133 0.0507763 0.0362183 0.130801 0.00768082 0.000311906 0.272355 0.00844775 0.0273823 0.243177 0.000223568 0.016821 0.0031779 0.000966682 5.49071e-06 0.155537 0.0386753 0.00018054 0.00707097 
0.00688898 0.0624259 0.011361 0.154928 0.0105401 0.000536351 0.31235 0.0258626 0.0447154 0.0532875 0.000147717 0.00712935 0.0209208 0.00491751 1.43979e-05 0.167539 0.112185 8.74921e-05 0.0041632 
0.0034841 0.0613321 0.0201547 0.100679 0.0193701 0.000244897 0.25435 0.0186387 0.0949588 0.0764553 0.000935373 0.0206417 0.018729 0.00207945 0.000718835 0.202172 0.0620371 0.00464369 0.0383748 
9.82604e-10 0.026104 0.0224626 0.0359542 0.0315418 6.29362e-05 0.411054 0.0572749 0.0339386 0.0365984 2.44995e-08 0.0259947 0.00938166 0.000620156 1.32766e-08 0.234171 0.0738523 9.08579e-06 0.000979339 
0.00688318 0.10504 0.0146002 0.0886464 0.0236795 0.000220261 0.186041 0.0125374 0.122355 0.0280348 0.010105 0.0711909 0.013089 0.0653128 0.000748206 0.138772 0.0189521 0.00370024 0.0900918 
0.00839936 0.0429994 0.00769661 0.0748791 0.0102397 0.00286667 0.250497 0.0238946 0.0594039 0.0588193 0.000165109 0.145181 0.0650107 0.012805 0.000135239 0.174707 0.0491413 0.00148695 0.0116717 
0.0171999 0.0690206 0.01108 0.250857 0.00794316 0.000154608 0.260077 0.00987465 0.02128 0.0672809 0.000253681 0.02282 0.00531935 0.00124411 2.00102e-05 0.16847 0.077265 2.8396e-05 0.00981155 
0.00258402 0.0902252 0.00437077 0.143955 0.039068 0.000514171 0.479922 0.0108209 0.0178299 0.00497409 0.000974938 0.0285351 0.0302498 0.0260007 0.00040566 0.0847112 0.0343705 5.16834e-06 0.000482993 
0.00324477 0.047253 0.00402157 0.231261 0.00935665 0.00201563 0.278115 0.021099 0.0674296 0.0809893 0.00348682 0.0592337 0.0298622 0.00728503 0.00040359 0.112721 0.0267399 0.00385932 0.0116222 
0.00030814 0.0321777 0.00186852 0.223452 0.00184244 0.126851 0.467265 0.00980741 0.0303625 0.0138107 5.75292e-05 0.00761039 0.00583029 0.00383031 0.00187496 0.0472436 0.0221996 0.00138717 0.00221973 
1.95285e-05 0.050878 0.00899593 0.0568239 0.0213997 8.76666e-05 0.446228 0.0148166 0.0807997 0.0400634 6.48033e-05 0.0209628 0.00930758 0.00368223 4.9321e-05 0.212022 0.0157735 0.000846091 0.01718 
0.00582034 0.0265661 0.00356123 0.241002 0.00860494 0.000641978 0.580317 0.0108544 0.0175278 0.0133925 0.000149005 0.0113425 0.00354928 0.0040603 0.000563375 0.057064 0.0114596 0.000193126 0.00333039 
0.00823122 0.0973084 0.00371714 0.0409824 0.0144911 0.00868063 0.361732 0.0235234 0.0330189 0.0955113 0.00161734 0.0178517 0.0229222 0.0050547 0.000362504 0.197127 0.046548 0.00399056 0.0173304 
0.00582034 0.0265661 0.00356123 0.241002 0.00860494 0.000641978 0.580317 0.0108544 0.0175278 0.0133925 0.000149005 0.0113425 0.00354928 0.0040603 0.000563375 0.057064 0.0114596 0.000193126 0.00333039 
0.0324464 0.0252253 0.0108632 0.0847948 0.016608 0.000594843 0.416017 0.0102685 0.129059 0.0255629 7.54801e-05 0.00932712 0.015723 0.00645063 0.00022915 0.184438 0.0123564 0.00461592 0.0153434 
0.00316211 0.0965775 0.0133165 0.105609 0.015014 8.07665e-05 0.194141 0.0669403 0.0287184 0.0983588 0.000271028 0.0821746 0.0643794 0.00206357 0.00288594 0.125914 0.0875355 2.10252e-05 0.0128367 
0.000161677 0.099735 0.00552517 0.216974 0.024672 0.000266679 0.318881 0.0144916 0.0248851 0.0451438 0.000610216 0.0735158 0.0235843 0.0115109 7.0407e-05 0.0862114 0.0467687 3.34509e-05 0.00695803 
0.00879579 0.0857241 0.00847166 0.0645586 0.0100226 0.00136762 0.291021 0.0174135 0.0442659 0.043134 0.00010027 0.0904523 0.0712472 0.00135961 0.005938 0.198251 0.0331771 0.0164664 0.00823379 
0.0123125 0.065585 0.00673885 0.038611 0.039979 0.00103598 0.425572 0.0218336 0.0568486 0.0264655 0.000190183 0.0176332 0.00531946 0.00664482 0.00132371 0.223471 0.0413717 0.00603972 0.00302431 
0.015052 0.02418 0.00545896 0.188969 0.0124598 0.00124288 0.493936 0.013336 0.0341666 0.0245309 0.000599864 0.0205278 0.0154671 0.00733911 0.000142933 0.0924233 0.0166318 0.0239193 0.00961571 
0.00509501 0.066136 0.00796486 0.136212 0.00686598 0.00049409 0.393254 0.00761637 0.0322411 0.0455339 0.000136823 0.104339 0.010053 0.00377449 0.000128091 0.126132 0.0115726 0.00239324 0.0400576 
0.00355102 0.0752442 0.0205704 0.094486 0.0183902 0.000467296 0.507309 0.0364751 0.0258722 0.084358 0.000501647 0.0174086 0.0104595 0.00440512 0.00136976 0.0501857 0.0447547 0.000955365 0.00323658 
0.00604857 0.0473534 0.0121501 0.087175 0.0320792 0.000414828 0.28342 0.0174033 0.0226174 0.191388 0.00070219 0.0132342 0.00451329 0.0106266 0.00214525 0.109058 0.149971 0.00134418 0.00835509 
1.2253e-05 0.0245995 0.0210982 0.0499826 0.009635 0.124751 0.411885 0.0144513 0.0210671 0.019431 0.000503051 0.0540542 0.0713701 0.001379 0.0014178 0.0555099 0.0102428 0.000133448 0.108477 
0.00979616 0.251827 0.00221429 0.0573553 0.0223525 0.000535441 0.295818 0.00855218 0.0135636 0.0310276 0.000466303 0.0399813 0.00721877 0.000632778 0.000337205 0.202233 0.046727 0.000126281 0.00923547 
0.00509501 0.066136 0.00796486 0.136212 0.00686598 0.00049409 0.393254 0.00761637 0.0322411 0.0455339 0.000136823 0.104339 0.010053 0.00377449 0.000128091 0.126132 0.0115726 0.00239324 0.0400576 
3.27108e-05 0.0379106 0.00198842 0.161979 0.00855657 0.00142513 0.664573 0.00484799 0.00679085 0.0124933 0.000125182 0.00535447 0.00501437 0.00435337 0.000862075 0.0596198 0.0237402 1.7341e-05 0.000315058 
0.00194639 0.0600445 0.00170683 0.32035 0.0297987 7.50443e-05 0.322469 0.0241409 0.0562208 0.0276378 0.000280466 0.0287123 0.0188833 0.00244643 0.000366083 0.0616009 0.0367984 0.000526874 0.00599568 
0.00756048 0.0312942 0.00359558 0.134186 0.0317425 0.000724545 0.288394 0.0141866 0.153715 0.0302943 0.00033014 0.0521167 0.0133704 0.021467 0.000520092 0.117007 0.0105826 0.0541705 0.0347416 
0.0442504 0.0567517 0.00539849 0.301852 0.017073 0.00052864 0.421682 0.00588409 0.0153893 0.0176538 0.000114614 0.0251084 0.00391487 0.00064816 0.00130581 0.0499359 0.0257081 0.000323473 0.00647702 
0.0129691 0.0650443 0.00916206 0.0945436 0.0214655 9.75733e-05 0.241402 0.0429047 0.0690903 0.0500236 0.000769825 0.0612325 0.0502822 0.00503628 0.0014901 0.213026 0.0387126 0.000635398 0.0221121 
0.00355528 0.0503668 0.00201255 0.221203 0.0211866 0.00021506 0.272854 0.0125861 0.132985 0.0181307 0.000120935 0.0233749 0.0214436 0.0142594 0.00134577 0.0676697 0.0202233 0.0790006 0.0374655 
0.00259683 0.0384654 0.00584949 0.242563 0.00739385 0.0530719 0.321387 0.0271679 0.0485576 0.0371673 0.00412201 0.0538993 0.0220275 0.000655731 0.000299107 0.0957814 0.0299846 0.000577082 0.0084323 
0.0155619 0.135427 0.00238407 0.137201 0.00326704 0.000270366 0.166647 0.0663591 0.0899972 0.035107 0.000592627 0.103042 0.0222776 0.000174217 0.0095435 0.115656 0.0664724 0.000450875 0.0295703 
0.0240796 0.100079 0.00392276 0.150539 0.0178197 0.000184292 0.22203 0.0317444 0.0378759 0.0716907 0.000877787 0.0396024 0.0236777 0.00747463 0.00109889 0.172387 0.0644009 0.000497488 0.0300174 
0.0165325 0.030076 0.0114726 0.0597263 0.0220401 0.000545745 0.401164 0.0123056 0.0506048 0.0347635 0.000252325 0.0199088 0.00430927 0.00565404 4.22953e-05 0.290545 0.033997 0.00203849 0.00402216 
0.00612844 0.101643 0.00384855 0.104012 0.0190939 0.0128366 0.265283 0.036231 0.183364 0.0174951 0.00041726 0.0474384 0.0198626 0.00384968 0.00123409 0.10567 0.0538407 0.00209083 0.015662 
0.0022239 0.0893116 0.00679534 0.091665 0.0243504 0.000246595 0.316293 0.0166728 0.0261397 0.193158 0.000406244 0.0202463 0.0110216 0.000779327 0.00023369 0.151633 0.0441293 2.25033e-05 0.00467234 
0.00603637 0.130845 0.00294314 0.187311 0.00917453 0.000198091 0.216215 0.0376808 0.0292417 0.043104 0.000383125 0.0653807 0.0119012 0.00187724 5.05193e-05 0.139289 0.111439 3.77428e-05 0.0068925 
0.0209904 0.0736358 0.000707404 0.115814 0.0102255 0.00116214 0.455499 0.0126899 0.0222262 0.0334467 0.000424194 0.128484 0.0133466 0.000324226 2.42193e-05 0.087061 0.0226484 1.887e-05 0.0012713 
0.00252964 0.0498545 0.00062104 0.364544 0.00172608 0.00137049 0.412279 0.00354492 0.0222627 0.0321647 0.000256525 0.0414954 0.00904965 0.00569851 0.000169512 0.0356109 0.0154576 2.59693e-05 0.00133862 
0.00334943 0.0491738 0.0424085 0.0981268 0.02072 0.0229379 0.303006 0.0170225 0.0158283 0.139436 0.012242 0.0283328 0.0558784 0.000727076 0.00019378 0.100766 0.0345346 0.00100843 0.0543078 
0.0113773 0.0781279 0.01012 0.118704 0.00810979 0.000272362 0.349157 0.0249798 0.0334249 0.0313987 0.000716653 0.0460349 0.00737061 0.000677013 2.64023e-05 0.221363 0.0372254 0.00151888 0.0193955 
1.95285e-05 0.050878 0.00899593 0.0568239 0.0213997 8.76666e-05 0.446228 0.0148166 0.0807997 0.0400634 6.48033e-05 0.0209628 0.00930758 0.00368223 4.9321e-05 0.212022 0.0157735 0.000846091 0.01718 
0.0150439 0.0260569 0.00809652 0.149253 0.0333101 0.000164795 0.260996 0.0362883 0.0782852 0.0753085 0.000939721 0.0261153 0.116901 0.0031159 1.44617e-06 0.084602 0.0510928 0.00630081 0.0281272 
9.71213e-06 0.0489829 0.0254884 0.0170339 0.0129045 0.000249481 0.600613 0.0288782 0.0176141 0.02785 0.000128745 0.00822618 0.00298472 0.00107076 5.53699e-05 0.154986 0.0511776 8.68055e-06 0.00173698 
0.0221391 0.0405912 0.00142851 0.113933 0.00314979 0.00118406 0.638947 0.00910624 0.0130615 0.0109179 0.000322992 0.0238308 0.00958537 0.000879825 4.59981e-05 0.0967163 0.0104605 0.000836 0.00286351 
0.015052 0.02418 0.00545896 0.188969 0.0124598 0.00124288 0.493936 0.013336 0.0341666 0.0245309 0.000599864 0.0205278 0.0154671 0.00733911 0.000142933 0.0924233 0.0166318 0.0239193 0.00961571 
0.0134519 0.24698 0.053234 0.0845379 0.0210412 0.000407354 0.295827 0.0152744 0.01476 0.036556 5.92651e-05 0.0850544 0.0123868 0.00211102 0.000177412 0.0395487 0.0585714 0.00832728 0.0116947 
0.0162449 0.0488633 0.00614637 0.213481 0.011796 0.000577801 0.266613 0.0248355 0.0577078 0.0359397 0.000557952 0.0475831 0.0463787 0.0118386 0.000301819 0.153672 0.0382081 0.0116912 0.00756296 
0.0452834 0.0436132 0.00163413 0.127183 0.00899647 0.000876476 0.352814 0.0197587 0.0495499 0.0243507 0.000172709 0.0138013 0.00667019 0.00210432 0.000121439 0.251013 0.0440584 4.06821e-05 0.00795787 
0.0194948 0.0919259 0.00505298 0.23181 0.00515048 0.000943026 0.413529 0.0191538 0.0153511 0.018147 0.000219685 0.0292218 0.00317058 0.00133308 0.000109586 0.103464 0.0396334 1.96266e-05 0.00227048 
0.00122146 0.102458 0.00904786 0.118595 0.00906258 0.00013442 0.196896 0.031665 0.0441733 0.0581081 0.00172159 0.0271764 0.00922472 0.0228743 0.000480764 0.196358 0.157061 0.00330975 0.010433 
0.0116711 0.122431 0.0028721 0.207118 0.0237748 5.65884e-05 0.22774 0.0324484 0.0646368 0.0313525 0.000130705 0.0272312 0.00954783 0.0304125 8.48391e-05 0.154616 0.0412769 0.00450709 0.00809186 
0.00675655 0.0729631 0.00276573 0.19906 0.00493417 0.00010429 0.24512 0.0430471 0.112949 0.0209994 0.00053202 0.04556 0.0326174 0.0016292 0.00455573 0.172614 0.02812 1.43181e-05 0.00565855 
1.95285e-05 0.050878 0.00899593 0.0568239 0.0213997 8.76666e-05 0.446228 0.0148166 0.0807997 0.0400634 6.48033e-05 0.0209628 0.00930758 0.00368223 4.9321e-05 0.212022 0.0157735 0.000846091 0.01718 
0.000968064 0.0607788 0.000967254 0.26687 0.00814421 0.00047887 0.451238 0.00667784 0.0140763 0.0170111 0.000322246 0.0265922 0.0135302 0.0218193 0.000496374 0.0677898 0.0385703 2.99549e-05 0.00363908 
0.00057474 0.0482662 0.0192717 0.0549473 0.0147926 0.0646627 0.334178 0.0160406 0.0600991 0.0187686 0.000384342 0.0520534 0.0693399 0.0280759 0.00096022 0.0957825 0.00933838 0.00199113 0.110473 
0.0129419 0.126571 0.0171488 0.0825955 0.0125239 0.000163683 0.284283 0.0243519 0.0544998 0.0270096 0.000839358 0.0470858 0.00943724 0.00215554 2.63961e-05 0.140633 0.135717 0.00452191 0.0174947 
0.0244194 0.0776577 0.00225453 0.199908 0.0471441 0.00384038 0.242049 0.0124161 0.184034 0.0192482 0.00020887 0.0076984 0.0135074 0.0194518 0.00135517 0.089943 0.020192 0.0310556 0.00361639 
0.000511639 0.0181799 0.000345657 0.15301 0.00332203 9.47249e-06 0.450789 0.020705 0.0274215 0.0414968 0.000763631 0.0163616 0.00224311 0.0222696 0.000196951 0.0698867 0.135379 0.000352665 0.0367555 
0.0106057 0.187658 0.0108124 0.0606271 0.0237839 0.000141573 0.256836 0.0584086 0.0532623 0.050829 0.000252422 0.036442 0.0124785 0.00450423 0.000207982 0.158118 0.0691697 0.00194768 0.00391495 
0.0195115 0.0777586 0.00858793 0.146002 0.00490683 0.000191628 0.30339 0.0135831 0.0527114 0.0833319 0.000119003 0.0331015 0.0164309 0.0033792 4.80115e-06 0.125723 0.0828085 0.0165416 0.0119159 
0.000838174 0.169212 0.0167287 0.0902606 0.0373511 0.000524016 0.237237 0.035488 0.0212134 0.0633009 0.000817781 0.0485769 0.00675533 0.00896818 0.00138754 0.181164 0.0719078 0.000195458 0.00807248 
0.025245 0.176314 0.0410642 0.0570099 0.0223494 0.000178508 0.198878 0.0223244 0.013563 0.101044 8.70397e-05 0.102715 0.0468844 0.00288222 4.39151e-05 0.0706902 0.0751186 0.000373305 0.0432352 
0.0154016 0.0596913 0.00424782 0.223998 0.0117278 0.000284578 0.292674 0.0213922 0.0671823 0.0449333 0.00019193 0.0314179 0.0285171 0.0035926 0.000823233 0.138973 0.0424578 0.00501099 0.00748239 
0.00748075 0.0824571 0.100153 0.0273876 0.0533184 0.000229356 0.260126 0.0154809 0.0161272 0.137225 0.000397221 0.0789543 0.0219422 0.00847764 0.000194282 0.0843791 0.0860073 0.00848578 0.0111773 
0.00796495 0.0436064 0.00554286 0.103106 0.0155716 0.000387338 0.344144 0.0109652 0.0405618 0.0380816 0.000264661 0.086094 0.0182332 0.00259085 0.00140819 0.249611 0.0204323 0.000346226 0.0110878 
0.00520934 0.0391215 0.0185798 0.113494 0.0121443 0.00047307 0.343234 0.168102 0.0303148 0.0326475 0.000471928 0.0223068 0.0101713 0.0261226 0.000551604 0.141334 0.027199 9.10349e-05 0.00843167 
0.00168926 0.0356512 0.00334671 0.146034 0.0115981 0.000758234 0.396323 0.00658562 0.0354034 0.0199337 0.000179413 0.0945759 0.0174676 0.0080368 0.000369955 0.129769 0.0150991 0.00264667 0.0745327 
0.11015 0.0310295 0.00279959 0.0825925 0.0116753 0.000370987 0.323618 0.00959045 0.194345 0.0307328 0.000254747 0.00422078 0.0109343 0.00144627 0.00938044 0.15285 0.0203487 0.000685354 0.00297526 
0.00592976 0.0411674 0.0067038 0.113453 0.0106044 0.000105944 0.319279 0.0198353 0.195944 0.0212317 0.000547196 0.00884571 0.0153313 0.0531009 0.000236326 0.102646 0.0487545 0.0251741 0.0111101 
0.00139857 0.205552 0.0197014 0.110557 0.0238786 8.45968e-05 0.233896 0.0124571 0.0733431 0.0281095 6.4018e-05 0.0570293 0.0391123 0.0103228 0.00054611 0.155505 0.0164377 0.000554092 0.0114509 
0.0280081 0.132055 0.0135296 0.0821095 0.0142083 0.00040153 0.305347 0.0128877 0.0239894 0.0324776 0.000838652 0.0249315 0.00917127 0.0039999 0.000323969 0.262999 0.0412236 0.00417882 0.0073196 
0.00582034 0.0265661 0.00356123 0.241002 0.00860494 0.000641978 0.580317 0.0108544 0.0175278 0.0133925 0.000149005 0.0113425 0.00354928 0.0040603 0.000563375 0.057064 0.0114596 0.000193126 0.00333039 
0.017526 0.0492463 0.00564659 0.0819238 0.0113231 0.0316111 0.310759 0.0346042 0.0301054 0.0464778 0.00323973 0.0411305 0.0222094 0.00150292 4.64903e-05 0.232886 0.0659188 2.1792e-05 0.0138208 
0.00582034 0.0265661 0.00356123 0.241002 0.00860494 0.000641978 0.580317 0.0108544 0.0175278 0.0133925 0.000149005 0.0113425 0.00354928 0.0040603 0.000563375 0.057064 0.0114596 0.000193126 0.00333039 
0.015052 0.02418 0.00545896 0.188969 0.0124598 0.00124288 0.493936 0.013336 0.0341666 0.0245309 0.000599864 0.0205278 0.0154671 0.00733911 0.000142933 0.0924233 0.0166318 0.0239193 0.00961571 
0.00355183 0.0686426 0.00150017 0.198129 0.0165683 0.000120797 0.200074 0.0278846 0.117294 0.0447414 0.000135659 0.0602595 0.0544952 0.00808957 0.000702968 0.148107 0.0153222 0.00456831 0.0298123 
0.00349318 0.077416 0.0013265 0.110128 0.0161566 1.29664e-05 0.31021 0.0107455 0.0862092 0.0282881 1.52384e-05 0.0406895 0.0148723 0.0109206 0.000168309 0.173416 0.0346538 0.0241267 0.0571515 
0.00481337 0.0882642 0.0105969 0.232604 0.0410305 3.94426e-05 0.303453 0.0272759 0.0231289 0.048542 0.000274183 0.00938125 0.0107825 0.00174438 0.000185498 0.102365 0.0938511 1.43381e-05 0.00165319 
1.95285e-05 0.050878 0.00899593 0.0568239 0.0213997 8.76666e-05 0.446228 0.0148166 0.0807997 0.0400634 6.48033e-05 0.0209628 0.00930758 0.00368223 4.9321e-05 0.212022 0.0157735 0.000846091 0.01718 
0.00463348 0.0272771 0.00340373 0.257312 0.00623273 0.000297645 0.257499 0.0177964 0.0181854 0.0328052 0.000675431 0.010651 0.00470766 0.249412 0.000344442 0.0755032 0.0276489 9.66074e-05 0.00551723 
0.00543604 0.076028 0.00749485 0.175036 0.024305 0.0432633 0.176779 0.0274529 0.049649 0.0962586 0.000630113 0.150133 0.0562489 0.00365084 0.000727098 0.0618788 0.0193978 0.000606616 0.0250239 
0.00115798 0.104161 0.00935952 0.111688 0.00582529 0.000531443 0.330598 0.0186485 0.0494714 0.0846206 0.0032019 0.0783409 0.036148 0.0031381 0.000140199 0.106594 0.0461417 0.00436742 0.00586556 
0.00541151 0.119268 0.0228579 0.11367 0.0219614 7.14232e-05 0.356061 0.0155568 0.020751 0.042593 0.000239135 0.0532334 0.0138935 0.00271318 4.58481e-05 0.0985754 0.0436349 0.00153212 0.0679304 
0.0117891 0.0897748 0.00869943 0.128261 0.0180863 0.00032273 0.163605 0.0377037 0.0653769 0.0697186 0.000885112 0.0674558 0.0313653 0.0159573 0.000676543 0.162782 0.058122 0.0161452 0.053274 
0.00168384 0.028159 0.00154308 0.154055 0.0127588 0.000157955 0.198406 0.0245564 0.0338748 0.133131 0.0177718 0.132858 0.0141905 0.00136937 0.000526953 0.125471 0.0716052 0.000547096 0.0473336 
0.00265771 0.124933 0.00523414 0.145508 0.00446928 5.70223e-05 0.19422 0.0295603 0.101751 0.0411123 0.000614634 0.0566018 0.0269228 0.00268091 0.000374186 0.181967 0.0703945 0.000301632 0.0106398 
0.0129737 0.0916173 0.0708335 0.112287 0.0217608 0.000224175 0.296158 0.0209789 0.0231614 0.061287 8.94873e-05 0.0560659 0.00300369 0.000740501 1.12249e-05 0.136852 0.0898777 0.000202341 0.00187643 
0.00463348 0.0272771 0.00340373 0.257312 0.00623273 0.000297645 0.257499 0.0177964 0.0181854 0.0328052 0.000675431 0.010651 0.00470766 0.249412 0.000344442 0.0755032 0.0276489 9.66074e-05 0.00551723 
0.00729772 0.0320728 0.00225108 0.0432073 0.0304364 8.00531e-05 0.336724 0.0664138 0.125332 0.0278128 0.000108253 0.0225645 0.0265693 0.0104802 0.0020634 0.200549 0.01932 0.0100394 0.0366786 
0.0113159 0.029292 0.0120243 0.0524376 0.0122486 0.000754229 0.289624 0.0151278 0.0423988 0.0414284 0.000835255 0.0479213 0.0243051 0.00964973 0.000960435 0.0980235 0.0198716 0.0117163 0.280065 
0.00036317 0.0478237 0.00541978 0.0971918 0.0232536 0.0120296 0.260345 0.0228094 0.0589373 0.1512 0.000697283 0.0487926 0.0261318 0.000427477 0.00643993 0.19562 0.0393777 0.000695062 0.00244422 
0.00556158 0.089137 0.00276508 0.0455557 0.0190986 0.00379444 0.284882 0.0219544 0.181567 0.0493591 0.00194013 0.0195001 0.016692 0.00416623 0.000686125 0.196947 0.0336276 0.0082622 0.0145032 
0.00582034 0.0265661 0.00356123 0.241002 0.00860494 0.000641978 0.580317 0.0108544 0.0175278 0.0133925 0.000149005 0.0113425 0.00354928 0.0040603 0.000563375 0.057064 0.0114596 0.000193126 0.00333039 
0.010622 0.0745197 0.0129203 0.0717839 0.0237952 0.000194615 0.287679 0.0272312 0.0260564 0.0460856 0.0002082 0.0646838 0.00591074 0.00321277 4.75304e-05 0.276957 0.058117 0.00196011 0.00801444 
0.00449727 0.119023 0.0197131 0.0912291 0.0306944 0.000266668 0.218568 0.0121604 0.0789964 0.0546241 0.000484736 0.0669345 0.0181365 0.00272909 0.000336568 0.169405 0.0725672 0.0139647 0.0256693 
0.015052 0.02418 0.00545896 0.188969 0.0124598 0.00124288 0.493936 0.013336 0.0341666 0.0245309 0.000599864 0.0205278 0.0154671 0.00733911 0.000142933 0.0924233 0.0166318 0.0239193 0.00961571 
0.00665339 0.0346377 0.00341929 0.189692 0.013689 0.000915238 0.372146 0.0184075 0.0678578 0.0421203 0.00074315 0.110774 0.0137382 0.00706271 0.000196391 0.0842387 0.0200788 0.000543636 0.0130861 
0.00052651 0.0742914 0.00772087 0.169588 0.0276652 0.000408389 0.383756 0.0119916 0.0322938 0.0434505 0.000395175 0.0353294 0.00479405 0.0110628 0.000130051 0.0969592 0.0531818 0.00266657 0.0437891 
0.00725215 0.0693909 0.00107513 0.148461 0.00491079 0.00023502 0.309393 0.010332 0.0434555 0.033765 0.0143108 0.0182924 0.00886814 0.00753213 0.00245738 0.0408499 0.0775404 0.000343968 0.201535 
0.0105058 0.098345 0.00813199 0.201685 0.0293367 0.000112602 0.219577 0.0145385 0.0171304 0.0575124 0.000407322 0.0455127 0.0174878 0.00477671 0.000162479 0.178918 0.0395872 0.00729877 0.0489734 
0.000158802 0.0699075 0.00789302 0.0719208 0.0289245 3.40529e-05 0.181767 0.0470786 0.0396862 0.0795458 0.00032793 0.0877409 0.0751965 0.00398739 8.39153e-06 0.169227 0.0408396 6.4407e-05 0.0956917 
0.00469696 0.0981463 0.0171933 0.191685 0.0380675 8.48985e-05 0.244842 0.00911328 0.0314987 0.0865962 0.00144694 0.0615309 0.0110926 0.00121003 6.28403e-05 0.133726 0.0485696 0.00012469 0.0203127 
0.02454 0.0424681 0.0018415 0.211409 0.0321662 0.000269426 0.400861 0.00654568 0.0256576 0.0300535 6.00282e-05 0.0139093 0.00306977 0.0241405 2.85724e-05 0.1405 0.0343803 0.00114259 0.00695715 
0.00442233 0.012688 0.00469657 0.407032 0.0102372 0.00218205 0.451121 0.0148549 0.0131 0.0148943 0.000653204 0.0213702 0.00309608 0.00218389 0.000345171 0.01948 0.0123704 0.000815136 0.00445817 
4.93812e-06 0.0610433 0.00513437 0.219253 0.0205831 0.000305042 0.276795 0.0474769 0.0575554 0.0286923 0.00220764 0.01644 0.0212295 0.00101464 0.000394577 0.172702 0.0674054 0.000132707 0.00163045 
0.0165325 0.030076 0.0114726 0.0597263 0.0220401 0.000545745 0.401164 0.0123056 0.0506048 0.0347635 0.000252325 0.0199088 0.00430927 0.00565404 4.22953e-05 0.290545 0.033997 0.00203849 0.00402216 
0.00854355 0.0120525 0.000763791 0.133492 0.0161082 8.15312e-05 0.44735 0.0578604 0.0831367 0.0394038 0.000923015 0.0178755 0.0106179 0.00662077 2.73953e-06 0.104127 0.0484995 0.00133391 0.0112072 
0.0107478 0.154411 0.0149407 0.175287 0.0168701 0.000899673 0.197045 0.0198449 0.0284743 0.0692289 0.000730206 0.0665048 0.011083 0.0032485 9.48886e-05 0.118047 0.10454 0.00134541 0.00665671 
0.0119604 0.0997036 0.00630822 0.211584 0.00784571 0.000154312 0.330508 0.0190863 0.0252944 0.0530177 0.000216801 0.0251408 0.00875795 0.00327721 0.000575288 0.1519 0.0396782 2.31928e-05 0.00496742 
0.015923 0.0426288 0.0222944 0.191508 0.0288583 0.00117705 0.321804 0.0282326 0.0406454 0.0450616 0.000337563 0.0484439 0.0108889 0.00248153 0.000399221 0.140095 0.0446688 0.00662117 0.00793108 
0.00294468 0.0334278 0.00290391 0.353003 0.00746122 0.000359096 0.404719 0.00808512 0.034315 0.0307116 5.66785e-05 0.0211331 0.0103014 0.00466923 0.000338855 0.065831 0.0135843 0.000388068 0.00576746 
0.00240151 0.0727562 0.00278464 0.093646 0.0332607 0.000394488 0.234177 0.0344618 0.169329 0.018549 0.000801338 0.0458054 0.0279524 0.00903142 0.000300369 0.152308 0.027789 0.0172133 0.0570389 
0.00355102 0.0752442 0.0205704 0.094486 0.0183902 0.000467296 0.507309 0.0364751 0.0258722 0.084358 0.000501647 0.0174086 0.0104595 0.00440512 0.00136976 0.0501857 0.0447547 0.000955365 0.00323658 
