0.000656968 0.0915607 0.00224724 0.131115 0.0390183 0.000739123 0.0663981 0.27141 0.0873653 0.0483993 0.000924769 0.0135267 0.102061 0.00815295 0.00023742 0.0793681 0.0498262 0.000126526 0.00686532 
0.00210908 0.0330697 0.00342489 0.035645 0.00820379 6.51491e-05 0.044621 0.468635 0.0615034 0.0699389 0.00450653 0.0358337 0.0836912 0.0021625 0.000436671 0.0866844 0.0382946 0.000326564 0.0208481 
0.00015593 0.0552415 0.001193 0.00832399 0.008092 0.000708236 0.00322777 0.453396 0.0311502 0.0127522 0.000207446 0.244641 0.0335757 0.000316227 0.00018262 0.0895033 0.045716 0.000386795 0.01123 
0.00228691 0.0279653 0.144893 0.0875778 0.0142272 0.000158697 0.0553147 0.216413 0.034244 0.0812277 0.000785306 0.051525 0.0173514 0.0176068 4.02895e-05 0.0574669 0.0198633 0.140376 0.0306767 
0.000638567 0.0740117 0.00304282 0.0985748 0.0060888 5.0887e-05 0.119437 0.229999 0.143027 0.0419459 0.000598561 0.0153423 0.06054 0.00227227 7.39047e-05 0.122436 0.0748054 0.00286178 0.00425331 
0.00284449 0.0156164 0.0172783 0.16634 0.0018574 7.99701e-05 0.0856842 0.279156 0.140375 0.01857 0.00188873 0.0107852 0.0217554 0.0746998 0.000702101 0.0625499 0.0800411 0.00190206 0.0178742 
0.00192526 0.0415045 0.00734209 0.179665 0.0215523 0.000197106 0.025074 0.283598 0.0818944 0.0300782 0.00115998 0.0305203 0.154279 0.00711629 0.00436762 0.0359369 0.0627393 0.00340706 0.0276427 
0.000480409 0.00745091 0.00665035 0.0259284 0.00564752 0.000867976 0.0209233 0.384324 0.00505799 0.0934019 0.000330096 0.0394225 0.0118474 0.00402104 0.000369577 0.0144771 0.0124487 0.338466 0.0278855 
0.00058353 0.00631509 9.33235e-05 0.0674864 0.000719514 5.06898e-06 0.00936868 0.762293 0.0364006 0.033132 2.62588e-05 0.00646611 0.0176863 0.002261 0.000963623 0.0102601 0.0405162 4.81377e-06 0.00541863 
0.00162583 0.0300592 0.00685239 0.0352972 0.00504054 5.50544e-05 0.0242071 0.259009 0.0613966 0.0421323 0.000355391 0.0668293 0.238363 0.00525108 0.00483101 0.124638 0.0557869 0.017609 0.0206613 
0.00222778 0.0725055 0.00111238 0.00523826 0.00513381 6.72403e-05 0.00339056 0.34269 0.166607 0.00968701 8.86435e-06 0.0371873 0.0955172 0.006152 0.00089162 0.149853 0.00947187 0.0505966 0.0416624 
0.000153931 0.019792 0.00677552 0.240505 0.0424975 6.18327e-05 0.0478749 0.364476 0.0288676 0.0714948 0.000106435 0.0104908 0.0269051 0.00996843 1.24724e-05 0.0735207 0.0526228 0.000168123 0.00370633 
0.00159567 0.0259699 0.00155161 0.0747045 0.00346991 4.64523e-05 0.0561103 0.46623 0.0753538 0.0310654 0.000497677 0.0407542 0.0309778 0.109997 0.00015432 0.0392943 0.0328273 0.0019809 0.00741886 
0.00495866 0.0206994 0.0038709 0.0347707 0.0128951 0.000263121 0.115454 0.425428 0.126984 0.0426972 0.00123713 0.0167524 0.0341333 0.00917459 0.000169894 0.062352 0.0786467 0.000495571 0.0090176 
0.000991997 0.0533081 0.0019338 0.0165334 0.0208719 0.000364892 0.0142551 0.321665 0.0418332 0.0691315 0.000211457 0.0624386 0.017409 0.00843337 0.00102139 0.224703 0.135884 0.00435456 0.00465597 
0.000334033 0.357434 0.00698101 0.0105509 0.0244773 0.000634261 0.00932913 0.395264 0.00299208 0.0479425 0.000680349 0.0147529 0.0124737 9.79097e-05 8.53905e-05 0.0751115 0.0404592 2.67672e-06 0.000396854 
0.000686523 0.252754 0.00200322 0.0200187 0.0179499 3.83579e-05 0.0939581 0.287506 0.0205888 0.025868 0.00143101 0.0682728 0.0415738 0.00222602 0.000310285 0.0703953 0.0942989 4.80413e-06 0.000116272 
2.86793e-05 0.0671308 0.00535373 0.0338699 0.00825272 0.00806779 0.0174919 0.351963 0.0799687 0.0823154 0.000650746 0.0588035 0.167945 0.0096019 0.0315682 0.030449 0.0427604 0.00032396 0.00345489 
8.46592e-06 0.00381092 0.00621079 0.0267653 0.000934573 0.000423281 0.0195377 0.42011 0.00335868 0.0841626 0.000150434 0.0350546 0.00850109 0.00135578 9.87535e-05 0.00542001 0.00926862 0.347658 0.0271705 
0.00416179 0.0669459 0.00573919 0.24761 0.0136674 0.000146465 0.0283837 0.415477 0.0357775 0.0343797 0.000353217 0.0284063 0.00462715 0.000919982 3.36494e-05 0.0717274 0.036391 1.24197e-05 0.0052397 
0.00420121 0.0261996 0.00330656 0.111136 0.04613 0.000363258 0.0160237 0.556156 0.0226437 0.0694204 0.000828061 0.0183613 0.0146729 0.000575973 0.000376072 0.0663857 0.0337669 0.000125028 0.00932734 
0.000843293 0.0834459 0.0109277 0.051529 0.0690728 0.000246964 0.0336234 0.394094 0.0496892 0.0494614 0.000624615 0.0591847 0.0237257 0.00322463 0.000209101 0.101194 0.0521754 0.0113386 0.00538885 
0.00633974 0.0548026 0.00241139 0.0518989 0.00798729 0.013262 0.0905259 0.339594 0.0986898 0.0295637 0.00222001 0.0277702 0.0760534 0.00132637 0.00194399 0.0636293 0.0894559 0.00553924 0.0369868 
1.51134e-07 0.0602967 0.000177915 0.00851302 0.00121487 0.000161339 0.00134754 0.793124 0.0156011 0.00643309 0.000102443 0.0568739 0.0158869 0.00339188 2.02513e-06 0.0264389 0.0100967 2.27172e-06 0.000335796 
0.00446985 0.0708887 0.0030239 0.0989976 0.01942 1.8375e-05 0.0840914 0.434006 0.0772024 0.0301323 0.000703231 0.0548232 0.0262477 0.000940475 0.000395069 0.0486581 0.0380024 1.93789e-05 0.00795971 
0.00764948 0.0727448 0.00837737 0.108487 0.0362632 0.000149969 0.0499309 0.164529 0.106291 0.0649667 0.00250232 0.0485082 0.10354 0.00485478 0.0047083 0.150923 0.0518891 0.0025457 0.0111384 
0.00176939 0.0133932 0.000822 0.0392784 0.0213692 0.00109485 0.118779 0.47932 0.058661 0.0596159 0.000289477 0.0121265 0.0129408 0.00518866 0.000271467 0.147036 0.0256128 0.000402152 0.00202917 
0.00211426 0.00258942 9.64445e-05 0.00792817 0.00040921 3.03784e-06 0.00091643 0.382577 0.382099 0.00185303 7.95472e-07 0.00754714 0.0502516 0.0151564 0.00192669 0.0340182 0.00257715 0.0333055 0.0746299 
0.00186535 0.174259 0.00635161 0.0573522 0.00870141 0.000164977 0.064816 0.215839 0.0571434 0.0339074 0.00484121 0.130317 0.077566 0.00301106 0.000235632 0.102854 0.0419582 0.00448389 0.0143321 
8.46592e-06 0.00381092 0.00621079 0.0267653 0.000934573 0.000423281 0.0195377 0.42011 0.00335868 0.0841626 0.000150434 0.0350546 0.00850109 0.00135578 9.87535e-05 0.00542001 0.00926862 0.347658 0.0271705 
0.0157448 0.022286 0.00263375 0.042019 0.0177604 0.000447349 0.0279638 0.363857 0.100446 0.0391703 0.0010557 0.017253 0.0214553 0.00404917 0.00068586 0.216581 0.0838933 0.0146698 0.00802859 
0.00292887 0.119749 0.00767262 0.0195767 0.0100821 1.66623e-05 0.0312989 0.22405 0.0223744 0.0988667 0.000426092 0.115955 0.0289179 0.00249676 0.000314574 0.186528 0.113036 0.00354802 0.0121605 
0.00997297 0.044411 0.00567018 0.0530606 0.0220785 0.0021932 0.0481727 0.188335 0.151344 0.056538 0.00312124 0.110296 0.0684392 0.007458 0.00123539 0.154489 0.0405726 0.00339167 0.0292214 
0.00184152 0.053589 0.00813221 0.101551 0.161726 2.7767e-05 0.0434395 0.186507 0.0424365 0.176476 0.00126632 0.0209086 0.0126564 0.0316152 4.17154e-06 0.0992608 0.0418327 0.00110831 0.0156208 
0.000526332 0.0664373 0.00567494 0.0414643 0.00809021 0.000423344 0.071315 0.278781 0.0521264 0.0558686 0.000242759 0.114054 0.0178654 0.00249948 0.000118648 0.0979987 0.171066 0.0027375 0.0127097 
0.0042336 0.0805024 0.00874017 0.118993 0.0245966 0.00144557 0.0748572 0.191364 0.0584314 0.0562056 0.00955811 0.15747 0.0313969 0.00351512 0.00391493 0.100589 0.0659225 0.00105942 0.00720358 
0.00802808 0.0387746 0.00717493 0.0618322 0.0201267 0.000358545 0.0363848 0.253187 0.0597074 0.0679786 0.0101062 0.0974201 0.0366382 0.00352716 0.000107418 0.203381 0.0808566 0.000353161 0.0140573 
0.000663431 0.0270215 0.00527323 0.0829702 0.0182039 7.48793e-05 0.0317413 0.386857 0.0322921 0.0962292 0.000126804 0.0559734 0.00915619 0.00385973 0.000603558 0.0759467 0.142603 0.0207086 0.00969491 
0.000655895 0.283606 0.0111428 0.0624261 0.0309261 0.0040485 0.04538 0.311882 0.0229858 0.0328932 0.00122571 0.0272318 0.0225352 0.00232753 0.00286817 0.0876665 0.0473584 0.000213017 0.00262747 
0.0058212 0.0678109 0.0137216 0.0404821 0.0551847 0.000275378 0.0337224 0.232221 0.162566 0.0384049 0.000324623 0.0556827 0.0144736 0.00695733 0.0107085 0.0907379 0.0416821 0.0276164 0.101607 
0.00440483 0.069976 0.0096112 0.0792004 0.0346462 0.000213756 0.0928773 0.278888 0.0280059 0.117145 0.00472089 0.0763242 0.0468448 0.00278253 0.000145098 0.0941281 0.0564818 9.44226e-05 0.00350966 
0.0272178 0.04096 0.00213408 0.0141029 0.00577186 0.000447345 0.0262087 0.601385 0.0485739 0.0129215 0.000423439 0.0326165 0.101794 0.000614168 0.000838272 0.0550681 0.0278145 0.000143675 0.000964579 
0.000502086 0.149011 0.0136774 0.0714792 0.0179749 0.000323392 0.0314706 0.241737 0.037032 0.064967 0.000642742 0.0702291 0.0916615 0.00699461 0.00046078 0.0871723 0.0235216 0.0562169 0.0349262 
0.0156656 0.0500994 0.00590947 0.199352 0.0197395 0.000342392 0.147138 0.236531 0.0124363 0.120939 0.00229157 0.0235887 0.0133923 0.00227933 6.40484e-06 0.0700214 0.0769613 1.07484e-05 0.00329454 
0.00157464 0.141236 0.0107402 0.0362324 0.00987424 0.000111885 0.0226706 0.195357 0.0534208 0.0433216 0.00151186 0.194147 0.0514699 0.00416459 0.000373745 0.120115 0.0864544 0.00660327 0.0206207 
0.00907264 0.101595 0.0089235 0.0913627 0.0318086 0.000154657 0.121533 0.192508 0.0348818 0.111698 0.000952066 0.0512458 0.015143 0.00176716 6.5671e-05 0.0842082 0.136272 0.000970541 0.0058371 
0.000107086 0.0320793 0.00292269 0.00979771 0.00238256 0.00184077 0.00586979 0.299017 0.0326471 0.015527 0.219513 0.0245303 0.236205 0.000835572 0.00167614 0.0946912 0.0182652 0.00023904 0.00185381 
5.50651e-07 0.00133972 0.00568263 0.046158 0.00012817 4.83722e-06 0.0141461 0.669652 0.069181 0.111367 5.31657e-05 0.0146946 0.04021 0.000599275 6.54256e-06 0.0154184 0.010822 2.821e-06 0.000532541 
4.71839e-05 0.0894598 0.00237478 0.0341858 0.00197014 5.51356e-05 0.0389369 0.434657 0.0290336 0.0313925 0.00289409 0.0253893 0.147998 0.00283619 0.00597759 0.112979 0.0361666 7.25454e-06 0.00363906 
0.0022012 0.0976552 0.00549997 0.0266539 0.0103869 0.000120168 0.0738584 0.298236 0.0638698 0.0692773 0.00209149 0.0725664 0.0762299 0.00350386 0.0013562 0.137585 0.0378136 0.00345191 0.0176434 
0.00253462 0.179414 0.00702028 0.0455357 0.0319849 1.09481e-05 0.0347172 0.212787 0.031634 0.165132 0.00068304 0.104539 0.0221086 0.00412705 0.00149472 0.0941265 0.0321027 0.00403638 0.0260102 
0.00117587 0.0859552 0.00227218 0.0151413 0.0399211 0.000188737 0.0181703 0.248742 0.0499906 0.0222571 0.00131859 0.142427 0.0639166 0.00638848 0.00153563 0.222684 0.0488709 0.00467044 0.0243741 
0.000103576 0.0193239 0.00911282 0.02943 0.0104286 3.12043e-05 0.0179637 0.554066 0.0891269 0.0288631 0.000395086 0.021198 0.0141795 0.000440383 4.91119e-05 0.0553445 0.135537 0.000142872 0.0142632 
0.000141761 0.0595831 0.00493257 0.173444 0.00621204 1.34398e-05 0.0314601 0.257601 0.0717401 0.0385227 0.000160646 0.06852 0.0302396 0.000799437 3.75341e-06 0.0827607 0.166936 1.19766e-05 0.00691577 
0.000589974 0.0281762 0.000780085 0.0157147 0.00932429 3.68753e-05 0.00839854 0.523159 0.0767829 0.0140649 0.000159356 0.01266 0.212094 0.00076136 9.74841e-05 0.0601923 0.0278865 0.00329069 0.00583005 
0.00170508 0.0594844 0.0390713 0.0447117 0.0185501 0.000278545 0.0264208 0.374451 0.0440068 0.035643 0.00349857 0.0684361 0.0900912 0.00182848 0.000387133 0.0959303 0.0318631 0.0496936 0.0139488 
0.0101887 0.163049 0.0168083 0.0434717 0.018661 0.000170943 0.116783 0.204757 0.0571677 0.0947704 0.000280038 0.0284536 0.0578101 0.000208673 0.000193678 0.109545 0.075068 0.000143719 0.00246873 
0.000736243 0.109126 0.0166515 0.144594 0.057739 0.00014406 0.0690657 0.17549 0.0384427 0.0636436 0.000742405 0.0778359 0.050216 0.00423109 0.000280677 0.10144 0.0273772 0.006435 0.0558084 
0.000321108 0.0167261 0.0292984 0.0356381 0.00139069 4.73974e-05 0.0783471 0.337605 0.109743 0.196093 0.000229168 0.0356916 0.0446022 0.00663346 1.2335e-05 0.0746808 0.0297862 3.276e-06 0.003151 
0.00972575 0.0465415 0.0050985 0.0433247 0.0153392 0.00148976 0.0364137 0.268268 0.0723658 0.0418248 0.000687167 0.072766 0.0725939 0.0129321 0.000329874 0.217838 0.0262114 0.0161841 0.0400656 
0.000900353 0.0204846 0.00115461 0.046699 0.00922154 0.000329898 0.0746999 0.233246 0.184302 0.107382 0.0430833 0.0221066 0.0187826 0.0191245 0.00106025 0.0802766 0.125013 0.00286166 0.00927127 
0.000135694 0.136351 0.00190702 0.00952871 0.0277133 2.15985e-05 0.0226299 0.291323 0.0575632 0.0177909 0.00136374 0.109823 0.0133687 0.00136292 0.000731483 0.218184 0.073022 0.000286526 0.0168931 
0.0156021 0.0616442 0.00801454 0.0885856 0.0337147 8.86549e-05 0.131598 0.231832 0.0455022 0.0839668 0.00115007 0.0142696 0.0252574 0.00135022 0.000110114 0.152002 0.101321 0.000226605 0.00376499 
0.00143414 0.0166089 0.00439409 0.102867 0.00297288 0.000310125 0.0306055 0.281401 0.0318371 0.163144 0.000328197 0.0510106 0.013543 0.00413182 0.000206198 0.0333278 0.0258756 0.175364 0.060638 
0.000737579 0.0444654 0.0130614 0.0655889 0.0736865 6.29348e-06 0.06572 0.25142 0.03014 0.197974 0.00194819 0.0273756 0.0256775 5.69837e-05 7.22058e-06 0.155907 0.0460166 1.80982e-05 0.000192337 
8.37675e-06 0.0414803 0.000419519 0.167103 0.00878402 1.68838e-07 0.0321571 0.6104 0.00893341 0.0505761 1.35612e-08 0.0358558 0.0145818 0.000807982 2.6093e-05 0.00507687 0.0218629 1.60651e-06 0.00192476 
0.000256651 0.0261097 0.00140152 0.0832004 0.00336387 7.46174e-06 0.00901024 0.71555 0.0294234 0.0187659 0.000178128 0.0278735 0.015973 0.00444095 0.00150075 0.0125294 0.0488791 0.000159026 0.00137707 
0.00278052 0.0476262 0.000588238 0.00950764 0.0476064 4.49473e-05 0.00708238 0.345126 0.123158 0.0248564 0.00254405 0.0120844 0.0868538 0.0010327 0.000160428 0.208855 0.0664117 0.000429909 0.0132516 
0.000606375 0.100005 0.00442281 0.0163857 0.0256705 9.60799e-06 0.0160236 0.495688 0.0526271 0.0420346 0.00114629 0.0497305 0.020387 0.000167724 2.7782e-05 0.118422 0.0512923 3.29099e-05 0.00532045 
0.00736913 0.17168 0.00194924 0.0897179 0.0219292 0.000415271 0.0900224 0.226382 0.0678804 0.0698638 0.000953108 0.0548984 0.0333661 0.00707739 0.00037378 0.0991598 0.0498419 0.000852289 0.00626782 
0.000367738 0.0838787 0.00863951 0.0498902 0.0138567 1.14325e-05 0.0237013 0.196383 0.0272591 0.0946103 0.0219017 0.0998231 0.192939 0.00260623 1.7976e-05 0.115042 0.0596894 0.000852446 0.00853064 
0.00120282 0.0144769 0.00093153 0.0196172 0.00532149 5.79053e-05 0.0180456 0.401706 0.207946 0.0324728 9.95509e-05 0.0273793 0.0439841 0.00294247 0.00746599 0.162006 0.0257858 0.0136334 0.0149257 
8.46592e-06 0.00381092 0.00621079 0.0267653 0.000934573 0.000423281 0.0195377 0.42011 0.00335868 0.0841626 0.000150434 0.0350546 0.00850109 0.00135578 9.87535e-05 0.00542001 0.00926862 0.347658 0.0271705 
0.00365402 0.0564945 0.00412345 0.0303618 0.013575 0.000317044 0.0811498 0.257476 0.147876 0.0295843 0.000297849 0.0976178 0.0233268 0.00333983 0.000201158 0.178424 0.0564627 0.00162525 0.0140922 
0.000729592 0.0225324 0.0127461 0.0720889 0.0262628 1.99299e-05 0.0319609 0.229177 0.0524527 0.0591852 1.9823e-05 0.0414225 0.0688639 0.00619043 0.0309669 0.142432 0.0403011 0.0388105 0.123838 
0.0025413 0.0805057 0.0266899 0.0115894 0.0363568 0.000101637 0.0107355 0.43731 0.00168609 0.127075 0.00127343 0.0964957 0.0131356 0.000163823 9.44709e-05 0.061931 0.0921999 3.50431e-06 0.000111512 
0.00437763 0.0225975 0.00486016 0.0417752 0.00732724 3.65793e-06 0.0441808 0.21091 0.101579 0.0374394 0.0018705 0.0498175 0.0285028 0.0118756 0.000146949 0.199883 0.102232 0.0126024 0.118019 
0.00159025 0.0485435 0.00616195 0.0749923 0.0157779 0.000146034 0.036582 0.420575 0.0548596 0.0391521 0.000159309 0.0657474 0.0214025 0.00595626 0.0002385 0.120044 0.0610456 0.0101363 0.0168903 
0.00174436 0.105456 0.0115666 0.0713017 0.0270459 0.000113362 0.140529 0.169798 0.111553 0.0480843 0.00181662 0.028402 0.0212224 0.00668849 0.00434876 0.143763 0.0853683 0.00732686 0.0138714 
0.00180002 0.110128 0.00352406 0.0489869 0.018757 0.000422328 0.0821656 0.368921 0.0828221 0.0297075 0.000623571 0.0267267 0.0178907 0.00102632 0.000284414 0.123589 0.0585473 0.00134567 0.0227319 
0.00715352 0.0489974 0.0325334 0.0377787 0.0151122 0.000268124 0.0302465 0.304158 0.0287997 0.147391 0.000883911 0.0699578 0.0244496 0.00900308 0.000926822 0.128628 0.0765331 0.016545 0.0206339 
0.00482011 0.0672145 0.0344433 0.0414489 0.00381632 0.000133257 0.0138231 0.286047 0.0418261 0.0933359 0.000351636 0.116138 0.0348616 0.00166768 2.61416e-05 0.0284441 0.117641 0.0764198 0.0375413 
0.00231083 0.0361309 0.00361274 0.0472747 0.0214807 0.00044873 0.0269598 0.411152 0.057475 0.0590089 0.000200516 0.0791506 0.0333229 0.00529822 0.000694626 0.163732 0.040341 0.00321488 0.00819145 
0.000813375 0.124708 0.000594823 0.0871714 0.00933621 8.90238e-05 0.0208101 0.257273 0.134294 0.0414231 0.000664127 0.018472 0.00981249 0.0181864 0.000155563 0.0858983 0.180377 4.88555e-05 0.00987183 
1.09518e-09 5.42805e-07 0.00568955 0.0395256 1.26865e-07 2.14527e-09 0.00297686 0.847905 0.0228248 0.0529058 0.000292308 0.00351747 0.0240882 8.92433e-07 7.11806e-07 0.000270417 9.43405e-07 3.4988e-10 3.05016e-07 
0.000281401 0.00676877 0.00720159 0.0257622 0.00457395 0.000702667 0.0211798 0.387091 0.00508377 0.0974116 0.000304096 0.0397468 0.0113839 0.00420227 0.000354947 0.0124309 0.0123453 0.335701 0.0274737 
0.0111287 0.0259938 0.00409405 0.0218985 0.0202332 0.000283857 0.0294282 0.349219 0.276168 0.0268585 0.00344163 0.0288376 0.0107954 0.00539711 7.51615e-05 0.114497 0.0641761 0.00410539 0.00336878 
0.00280527 0.0394554 0.000362577 0.0216629 0.00721779 0.000842601 0.0104966 0.518423 0.274998 0.0174983 0.00131157 0.0132972 0.0376332 0.000928051 6.72521e-05 0.0382978 0.0123652 0.0012898 0.00104727 
0.00237905 0.0114547 0.00463391 0.0903937 0.00758064 3.32823e-06 0.0403706 0.311417 0.24377 0.0285855 0.000475606 0.0138132 0.0252367 0.00689056 0.000206452 0.115019 0.0622613 0.00914775 0.0263612 
0.00209626 0.0790045 0.0033196 0.0689939 0.0225416 0.000329366 0.0845487 0.316614 0.132717 0.0346647 0.00246512 0.0397503 0.0257004 0.00403193 0.00495248 0.120578 0.0344075 0.00231919 0.0209659 
0.00987223 0.0711157 0.00980025 0.0924074 0.0143465 0.000164423 0.038618 0.175843 0.0373351 0.17255 0.00180727 0.115689 0.102618 0.00927983 0.000988342 0.0863666 0.0404566 0.00273825 0.0180044 
0.0013904 0.0494026 0.0211395 0.0143131 0.0112606 1.9193e-05 0.00665826 0.226141 0.141185 0.0148497 0.0102586 0.089908 0.190816 0.00504336 0.000491461 0.155068 0.0219787 0.0164123 0.0236633 
0.00243292 0.0313012 0.0932394 0.0977477 0.0124653 0.000228854 0.0542693 0.334611 0.0270563 0.0204227 0.000201483 0.0337948 0.00968041 0.00240678 3.72943e-05 0.059561 0.0295636 0.175682 0.0152973 
1.51134e-07 0.0602967 0.000177915 0.00851302 0.00121487 0.000161339 0.00134754 0.793124 0.0156011 0.00643309 0.000102443 0.0568739 0.0158869 0.00339188 2.02513e-06 0.0264389 0.0100967 2.27172e-06 0.000335796 
0.00196251 0.0376828 0.00920677 0.0363653 0.0213532 0.00167333 0.121937 0.182815 0.0450319 0.0286234 0.00479407 0.179006 0.0950732 0.00662342 0.000290445 0.182156 0.0145821 0.00321771 0.0276068 
0.00149537 0.0223785 0.187543 0.0772832 0.0134184 0.000153129 0.0463361 0.225042 0.0307199 0.0701276 0.000520424 0.0464549 0.0159849 0.0207611 4.07477e-05 0.0439762 0.0146949 0.160803 0.0222665 
0.000281401 0.00676877 0.00720159 0.0257622 0.00457395 0.000702667 0.0211798 0.387091 0.00508377 0.0974116 0.000304096 0.0397468 0.0113839 0.00420227 0.000354947 0.0124309 0.0123453 0.335701 0.0274737 
0.00127464 0.259856 0.0121545 0.01498 0.0204427 4.48744e-05 0.0184284 0.261106 0.00574903 0.160867 0.0029581 0.0448796 0.0122425 0.000471119 2.12974e-05 0.108576 0.0725448 9.17386e-06 0.00339473 
0.000812587 0.0464595 0.00274713 0.0456131 0.00939404 0.000329193 0.0101367 0.500049 0.0420506 0.050424 0.00343394 0.0347857 0.167585 0.00546183 0.0018087 0.0429555 0.0293999 0.00166817 0.00488576 
0.00172558 0.0209975 0.000901766 0.0506248 0.00682406 3.81227e-06 0.00285941 0.317408 0.191128 0.0892114 0.02422 0.0502732 0.0822317 0.0103031 0.00131607 0.0508705 0.0693413 0.00649139 0.0232688 
0.00015684 0.161883 0.00290286 0.0428108 0.0419809 2.54862e-05 0.0498105 0.287863 0.0314898 0.0185288 7.40573e-05 0.050142 0.108128 0.000611616 2.77525e-05 0.172415 0.028365 0.000252353 0.00253198 
0.000952319 0.00873655 0.0235477 0.00723828 0.0109248 1.55979e-05 0.00602345 0.51304 0.0414325 0.0141961 1.42248e-05 0.0776701 0.00345671 0.00161355 0.000110659 0.0356944 0.176409 0.00352302 0.075401 
6.04108e-05 0.00233916 3.42128e-05 0.151529 0.000178986 2.24697e-07 0.00292958 0.471486 0.162915 0.0101015 7.56816e-05 0.0115816 0.0817717 0.0100864 1.78362e-07 0.038151 0.0494413 4.00464e-07 0.00731779 
0.000783877 0.134182 0.00766481 0.00632232 0.0324882 0.000603635 0.0140517 0.315803 0.0234473 0.133948 0.000288041 0.115439 0.0238158 0.000612175 0.00015101 0.0762492 0.0978936 0.00262235 0.0136347 
0.00150472 0.0068176 0.00078915 0.0278166 0.00515863 3.32191e-05 0.0107912 0.512789 0.156346 0.0169866 0.00653011 0.0184826 0.0378161 0.00780002 0.000144083 0.147412 0.0133529 0.00309464 0.0263348 
0.00425056 0.0677148 0.00369594 0.0266242 0.00353206 7.60999e-05 0.0242493 0.398904 0.171688 0.00842443 5.46458e-06 0.0289041 0.0758548 0.00810278 0.000399647 0.0763128 0.0307908 0.0581811 0.0122889 
6.22929e-05 0.0369277 0.000963093 0.0123152 0.00271859 7.49076e-05 0.0131426 0.488541 0.102719 0.0448184 0.0201759 0.0201305 0.16395 0.00160573 0.000252805 0.0245898 0.0459544 7.56771e-05 0.0209815 
0.00673025 0.0617969 0.0141901 0.229912 0.0207837 0.00106339 0.0941298 0.233987 0.0387936 0.0975757 0.00194077 0.0522227 0.0188872 0.00162083 4.39003e-05 0.0711256 0.0451587 0.000931749 0.0091066 
0.000669874 0.0779533 0.00364493 0.146641 0.026106 0.00038865 0.038454 0.250684 0.111067 0.0389586 0.0013006 0.0720641 0.0391618 0.00460506 0.000342799 0.103382 0.042175 0.0324847 0.00991738 
0.000593057 0.134017 0.00188514 0.0328701 0.00919713 1.35765e-05 0.0293544 0.305729 0.0229499 0.0225955 0.0153418 0.129805 0.0366735 0.00198364 2.66018e-05 0.171426 0.0512234 6.31443e-05 0.0342526 
0.00101892 0.0707879 0.0019069 0.0199372 0.00703936 0.000125366 0.0213311 0.377392 0.0512723 0.0146392 0.000558099 0.0924852 0.021711 0.00372624 0.000563252 0.260053 0.0326426 0.00174805 0.0210624 
0.00292131 0.0595962 0.0049159 0.0365968 0.0180329 0.000907824 0.070125 0.260811 0.103569 0.0364946 0.00271193 0.0980133 0.0609806 0.00438394 0.000331514 0.137244 0.0893343 0.00224081 0.010789 
0.000254379 0.0336235 0.0116005 0.0972608 0.00806118 0.000379867 0.126262 0.318109 0.081383 0.0706431 0.000211175 0.0175482 0.0593654 0.00125378 1.3795e-05 0.0951893 0.0733265 0.000185861 0.0053278 
0.000131069 0.0500671 0.000815652 0.0515502 0.0381072 1.46741e-05 0.0503927 0.504711 0.103218 0.0326474 0.000975789 0.0397687 0.0136169 0.00819482 9.452e-05 0.0661825 0.0357813 0.000152674 0.00357797 
0.000808001 0.0827402 0.0117581 0.0170494 0.0149788 3.02982e-05 0.0171554 0.193061 0.0581258 0.166286 0.00114353 0.0763838 0.0403307 0.00203296 0.000759362 0.181849 0.105032 0.00388526 0.0265892 
0.00137593 0.110805 0.00648652 0.0258812 0.037955 0.000170465 0.0399487 0.236218 0.0265287 0.0746821 0.000858501 0.162776 0.0473374 0.00843483 0.000311948 0.129756 0.0663451 0.000140262 0.0239885 
0.00215451 0.0575493 0.00208222 0.0414647 0.0106484 0.000331369 0.0487804 0.256262 0.142755 0.0250267 0.000452488 0.0396433 0.0705618 0.00178708 0.018659 0.185737 0.0845884 0.00935224 0.00216458 
0.00898147 0.0186478 0.00314405 0.0272442 0.0112519 0.000202107 0.0318847 0.419587 0.178551 0.0444811 0.000264578 0.0459294 0.0482445 0.00481891 0.000865998 0.0847036 0.0313077 0.0170666 0.0228239 
0.00343697 0.0722255 0.00618961 0.0276839 0.0350351 0.000287318 0.0220476 0.288551 0.0820199 0.0515101 0.000862783 0.154802 0.0378807 0.0069978 0.000842702 0.155231 0.0350702 0.00611925 0.0132063 
0.00125234 0.0839535 0.0132844 0.0423676 0.0101247 0.00025018 0.0324367 0.237864 0.0591144 0.0890945 0.00141932 0.142994 0.102187 0.0240836 0.0114146 0.0968068 0.027006 0.000498055 0.0238477 
0.00017718 0.104335 0.00655068 0.0183005 0.0137975 1.36044e-05 0.00168749 0.350379 0.0787173 0.0396203 0.000314712 0.132902 0.0512504 7.40381e-05 9.44745e-05 0.0226385 0.178811 1.38848e-06 0.000335119 
0.00548529 0.121989 0.0013427 0.0241076 0.0183248 0.000116564 0.0556656 0.267297 0.0605588 0.0250326 0.000749959 0.0468709 0.0151873 0.00184582 0.000497237 0.236997 0.10371 0.00362009 0.0106012 
0.00522904 0.18911 0.0107629 0.0100861 0.0214658 0.0197076 0.0226194 0.231894 0.0772956 0.0346528 0.000260486 0.071323 0.0546189 0.00134347 0.000224162 0.18811 0.0521664 0.00282734 0.00630263 
0.00994881 0.0642584 0.00876926 0.0429307 0.0320454 0.000155372 0.167121 0.207189 0.132654 0.0443112 0.00115767 0.0308478 0.0203732 0.00300826 0.00015111 0.194387 0.0337507 0.0025641 0.00437679 
0.000593057 0.134017 0.00188514 0.0328701 0.00919713 1.35765e-05 0.0293544 0.305729 0.0229499 0.0225955 0.0153418 0.129805 0.0366735 0.00198364 2.66018e-05 0.171426 0.0512234 6.31443e-05 0.0342526 
0.00143526 0.141721 0.0104751 0.0323752 0.0279445 9.03203e-05 0.0282902 0.387152 0.0458218 0.0635543 0.000278384 0.0364897 0.059325 0.0028454 0.00031872 0.0979268 0.0532539 0.000263631 0.0104389 
7.33304e-06 0.114479 0.00363546 0.0258612 0.00592597 5.28928e-05 0.0115866 0.193076 0.10776 0.110801 0.065274 0.086501 0.178231 0.00154046 0.000215405 0.0378343 0.0354085 1.76437e-06 0.0218072 
0.000106287 0.0889368 0.0055644 0.0878082 0.00545089 7.38912e-05 0.0227382 0.334599 0.0704953 0.0751714 0.000282432 0.0382082 0.0916549 0.0125558 0.00112964 0.0881145 0.0677479 0.00018587 0.00917634 
0.0364442 0.0861087 0.00352843 0.0582327 0.0065587 0.00163819 0.037322 0.258637 0.107631 0.0451463 0.00408862 0.10584 0.0300441 0.00262073 6.37128e-05 0.153282 0.0495144 5.29812e-05 0.0132464 
0.000927687 0.0451207 0.00276805 0.0244499 0.00949223 2.08908e-05 0.00986756 0.436173 0.0600983 0.0259969 0.000240024 0.104051 0.0211453 0.00341081 0.00129929 0.138251 0.106948 0.00433074 0.00540847 
0.00112896 0.0256164 0.00300348 0.00728032 0.0294449 6.68588e-05 0.0116793 0.340842 0.0497888 0.0131557 0.00178027 0.0607694 0.201363 0.00374125 0.000512975 0.209669 0.018959 0.00198455 0.0192151 
0.000281401 0.00676877 0.00720159 0.0257622 0.00457395 0.000702667 0.0211798 0.387091 0.00508377 0.0974116 0.000304096 0.0397468 0.0113839 0.00420227 0.000354947 0.0124309 0.0123453 0.335701 0.0274737 
0.0082773 0.0369429 0.0129528 0.0512064 0.00772171 0.00015996 0.0426628 0.233623 0.183808 0.067391 0.00197114 0.0320865 0.0438276 0.00777469 0.000413313 0.152219 0.0314966 0.0490484 0.0364174 
0.00294056 0.0132635 0.000536079 0.0819509 0.00423906 2.19475e-05 0.0534729 0.237722 0.075618 0.0905807 0.00614718 0.049571 0.171923 0.00395722 0.000169959 0.112867 0.0888185 0.000230087 0.00597086 
0.00395305 0.0774089 0.0104961 0.062971 0.0102261 0.000172653 0.0673401 0.215464 0.0572964 0.100539 0.000736065 0.0494879 0.0164266 0.00241601 0.000438245 0.106528 0.20519 0.00698266 0.00592668 
0.00201957 0.0370723 0.00108393 0.0311552 0.0101963 0.000393983 0.0321591 0.519649 0.0579954 0.0232019 0.000256471 0.0628807 0.059624 0.00512184 0.00910889 0.100083 0.0350095 0.00102056 0.0119683 
0.00103569 0.0103564 0.000958079 0.12106 0.0209161 6.80201e-05 0.0651564 0.300368 0.178023 0.0526067 0.000156989 0.0195298 0.0675079 0.0156024 0.00259298 0.0934733 0.0274927 0.00467281 0.0184224 
0.0053245 0.0404551 0.00629655 0.159664 0.0123891 0.000181259 0.082549 0.180289 0.0955202 0.0328066 0.00180625 0.0669223 0.0479802 0.00126443 0.0119112 0.0789937 0.147503 0.000654663 0.0274877 
0.000125036 0.0170025 0.00236726 0.0414953 0.0231658 0.000244892 0.0191436 0.436393 0.0501285 0.0419818 0.000914546 0.0119514 0.184876 0.0138426 0.000250082 0.116369 0.0369618 0.000170488 0.00261543 
0.000265798 0.0063634 1.50844e-05 0.0548067 0.000801288 1.51191e-05 0.00329416 0.714727 0.184892 4.13222e-05 0.000147634 0.00236667 0.000259036 0.000476581 4.4705e-05 0.0198466 0.011588 2.2415e-05 2.60138e-05 
0.00376273 0.0440917 0.00885126 0.105391 0.0321811 0.000157645 0.193851 0.283296 0.0344425 0.0666936 0.00348161 0.0464683 0.041719 0.00281866 0.000146964 0.0816215 0.0467246 0.000611686 0.00368934 
0.00340232 0.0740404 0.00522757 0.0821898 0.0173182 9.80313e-05 0.0430828 0.309783 0.0540964 0.0601305 0.000842258 0.0501525 0.057347 0.00127277 0.000123914 0.0915653 0.117468 3.55016e-05 0.0318232 
0.0126578 0.0285947 0.000136607 0.144922 0.00785001 4.80976e-06 0.0138199 0.429642 0.100614 0.00785854 0.000236703 0.0156151 0.0300918 0.00789912 0.000429393 0.0229484 0.0105606 0.002538 0.16358 
6.54613e-12 0.311408 0.000205654 2.62868e-08 1.82844e-07 1.28227e-11 1.07959e-05 0.41965 0.00257376 0.0102899 1.37064e-11 0.0206099 0.00466198 8.86943e-06 1.36578e-11 0.220956 0.00793996 2.0913e-12 0.00168552 
0.000157783 0.0574946 0.0124157 0.108204 0.00981053 7.8432e-06 0.0379434 0.303428 0.0622027 0.0856092 0.000116811 0.0649388 0.0785084 0.0106643 0.000125554 0.0872978 0.0490144 0.000390578 0.0316692 
0.000281401 0.00676877 0.00720159 0.0257622 0.00457395 0.000702667 0.0211798 0.387091 0.00508377 0.0974116 0.000304096 0.0397468 0.0113839 0.00420227 0.000354947 0.0124309 0.0123453 0.335701 0.0274737 
0.00918878 0.0100621 0.0115277 0.114069 0.0273647 0.000100394 0.0179241 0.426592 0.0680871 0.0590286 0.00454714 0.0696206 0.0395158 0.00132979 0.000948016 0.0461537 0.0757254 0.000466576 0.0177481 
0.00932164 0.0159445 0.00260029 0.0264842 0.0100884 9.63456e-05 0.0305631 0.426114 0.186154 0.0443514 0.000182145 0.0435117 0.0482352 0.00515596 0.00082797 0.0789357 0.0291827 0.0176365 0.0246137 
0.00048522 0.0446717 0.00701639 0.139022 0.0167455 8.10379e-05 0.0557714 0.213651 0.0422585 0.0913246 0.000442788 0.0310217 0.0225285 0.00815802 0.000470574 0.0990697 0.198182 0.000382559 0.0287165 
0.0012097 0.0240476 0.00550145 0.061845 0.0106682 0.000206675 0.047142 0.459629 0.0318087 0.0975239 0.00057341 0.03872 0.0492008 0.0019942 0.0328066 0.0399065 0.0788043 0.00425591 0.0141561 
0.00126429 0.169066 0.00548928 0.0543939 0.0306383 9.19276e-07 0.0231963 0.195072 0.0622687 0.0556978 1.03148e-06 0.0996254 0.0132169 0.0198634 0.000528194 0.169079 0.0428078 0.00490113 0.0528897 
0.000330879 0.0670735 0.00375717 0.110235 0.0140326 0.0289846 0.0604874 0.169125 0.0662152 0.072493 0.00150322 0.0806404 0.0551178 0.00298511 0.0189692 0.147702 0.0225562 0.000306593 0.077485 
0.0164508 0.0180586 0.000118612 0.162181 0.000891203 0.00289969 0.22672 0.374871 0.0363233 0.025409 0.000199499 0.0141987 0.0200938 0.000724936 0.00248236 0.0524044 0.0435584 1.76613e-05 0.00239698 
0.00240595 0.0328954 0.000840585 0.0441661 0.0148677 6.28448e-06 0.029519 0.49407 0.191589 0.057574 0.000363991 0.0210145 0.0187032 0.00145866 0.000631628 0.0621428 0.0238359 0.000694489 0.00322115 
0.000739526 0.021676 0.00952484 0.081465 0.0111378 0.000695444 0.0350116 0.281632 0.254115 0.0306851 0.000509938 0.0335265 0.0329611 0.00569723 5.82429e-05 0.0845084 0.0822766 0.0113954 0.0223843 
0.00883086 0.00688798 0.000206592 0.314839 0.00894277 6.44271e-06 0.0272978 0.477892 0.0223259 0.0180504 1.04026e-05 0.00737306 0.045799 0.00632101 4.78833e-05 0.0291104 0.0257118 3.68157e-05 0.000310672 
0.00124748 0.0740868 0.0108071 0.0349815 0.0246143 0.00261291 0.0305826 0.194229 0.180763 0.046185 0.00269197 0.0685858 0.0704695 0.00615242 0.00107938 0.142585 0.0802947 0.00564978 0.022383 
0.0106946 0.0828083 0.00314007 0.0316881 0.0214342 0.00104531 0.0278957 0.185545 0.0868922 0.0409222 0.000352254 0.0424515 0.0207355 0.0473958 0.00115013 0.179909 0.108711 0.00352166 0.103707 
0.00201082 0.104564 0.00678271 0.0349096 0.0277307 0.000410252 0.0778278 0.204145 0.0725778 0.037478 0.00067834 0.0884286 0.0674088 0.00286109 0.000404389 0.187935 0.0447753 0.004026 0.0350457 
0.00388419 0.108759 0.00662274 0.0698406 0.022272 0.000410587 0.0899771 0.233907 0.0662721 0.0474631 0.0026629 0.0780194 0.0408195 0.00415943 0.000752953 0.146863 0.0550064 0.00432944 0.017978 
0.00295096 0.0281213 0.00966391 0.0629009 0.00717002 0.000492573 0.0473048 0.55474 0.0770751 0.0199418 0.000396574 0.0500528 0.0115486 0.000970979 0.00010944 0.0705994 0.0443207 0.00156795 0.010072 
0.0082178 0.12513 0.00129188 0.0332627 0.0183225 1.96337e-05 0.0114123 0.221091 0.145794 0.107966 0.00165458 0.109576 0.0514313 0.00777247 0.00381715 0.0762356 0.0414198 0.016061 0.0195236 
0.0122262 0.0632955 0.00273806 0.109898 0.0504069 0.00106215 0.0647669 0.194208 0.031904 0.0643531 0.00989815 0.0778446 0.0185258 0.00491645 0.000196176 0.0907704 0.160837 0.0369615 0.00519001 
0.00184472 0.0552328 0.006153 0.0299912 0.0250947 4.98375e-05 0.0394263 0.376645 0.0380172 0.133328 0.00430444 0.0553395 0.0347723 0.00378573 6.17772e-05 0.112186 0.0718474 0.00146062 0.0104584 
0.0354649 0.060609 0.0013987 0.0726779 0.0317146 0.000233941 0.0364082 0.223532 0.0647723 0.0272055 0.000233825 0.0545069 0.180671 0.0104179 0.000391894 0.0930086 0.0402641 0.0344642 0.0320253 
0.000461161 0.0631645 0.00737703 0.0152073 0.00846051 4.83468e-05 0.0309767 0.477798 0.0197074 0.0364359 0.0196662 0.0311391 0.0392604 0.000627909 6.20841e-05 0.207402 0.0370313 0.00166855 0.00350512 
0.00297694 0.0609433 0.00230309 0.114472 0.00320571 9.9881e-05 0.0353218 0.214542 0.0494961 0.0191346 8.30663e-05 0.163793 0.036352 0.00334819 0.000384775 0.17522 0.095634 0.00154488 0.0211435 
0.00792159 0.154059 0.00517286 0.0457738 0.119999 0.000193463 0.0600659 0.158094 0.0860076 0.0359326 0.000868447 0.0195165 0.00903274 0.00284493 0.000241319 0.0935946 0.147857 0.00186392 0.0509607 
9.40331e-05 0.101986 0.00509433 0.00990525 0.026191 0.00245459 0.0191496 0.232243 0.20069 0.119968 0.000594103 0.0743525 0.0190154 0.007508 0.000268202 0.0467718 0.0755298 1.54135e-06 0.0581828 
0.00309375 0.15561 0.00333485 0.0290378 0.0126658 0.000890903 0.0304779 0.192863 0.0909986 0.030002 0.00491598 0.133792 0.0687962 0.0079845 0.000705822 0.132186 0.0325846 0.00455681 0.065504 
0.000438793 0.149136 0.0210964 0.0344096 0.020943 0.0939313 0.0202949 0.236614 0.0683541 0.0584777 0.000832361 0.0526786 0.0694885 0.00442825 0.000106898 0.125721 0.0321617 0.0021886 0.00869813 
0.00481776 0.0409492 0.00989885 0.135327 0.0284074 0.00016088 0.0348288 0.512328 0.0245538 0.0270609 0.000944502 0.0356118 0.0141526 0.00432936 0.000584297 0.0698752 0.0326629 0.00651031 0.0169964 
0.00241704 0.141864 0.00386544 0.0187776 0.010782 0.000264569 0.0133967 0.262135 0.044287 0.0375788 0.000409874 0.191781 0.0478232 0.00481826 0.00358318 0.136784 0.0599723 0.00434489 0.0151157 
0.000486274 0.00434296 7.40793e-05 0.0731811 0.000507777 4.87177e-06 0.0144696 0.828006 0.0256972 0.0104905 2.36161e-05 0.00445985 0.00772638 0.00157905 0.000677948 0.00958606 0.0174196 4.17572e-06 0.00126309 
0.000549208 0.04865 0.000391677 0.0215998 0.00588013 2.8301e-05 0.0642408 0.324049 0.308003 0.0131996 0.000196837 0.0158898 0.0259163 0.00262708 0.00234872 0.135158 0.0253944 0.00243209 0.00344599 
1.51134e-07 0.0602967 0.000177915 0.00851302 0.00121487 0.000161339 0.00134754 0.793124 0.0156011 0.00643309 0.000102443 0.0568739 0.0158869 0.00339188 2.02513e-06 0.0264389 0.0100967 2.27172e-06 0.000335796 
0.00210908 0.0330697 0.00342489 0.035645 0.00820379 6.51491e-05 0.044621 0.468635 0.0615034 0.0699389 0.00450653 0.0358337 0.0836912 0.0021625 0.000436671 0.0866844 0.0382946 0.000326564 0.0208481 
0.000179178 0.0849394 0.010316 0.1693 0.00328412 4.157e-05 0.0573132 0.259552 0.0697127 0.0201437 0.000161626 0.0664777 0.0826745 0.0146315 0.00558365 0.0911906 0.0399338 0.00161121 0.0229539 
0.0182911 0.0788964 0.00316992 0.085434 0.00177797 4.70356e-05 0.0852405 0.319621 0.0904995 0.0329827 0.00167918 0.0147289 0.0160015 0.000602196 4.89027e-05 0.218912 0.0300018 1.94284e-05 0.00204584 
0.00598356 0.0189458 0.00522449 0.074704 0.00290949 0.00030792 0.0272312 0.400809 0.0734906 0.0258331 0.00143622 0.0302938 0.0410212 0.00486182 0.000418262 0.119063 0.133288 0.0125491 0.0216299 
0.0034586 0.069248 0.0578454 0.0573268 0.0118379 0.000156366 0.0746674 0.123696 0.107903 0.038018 0.000496696 0.113165 0.0637985 0.00554595 0.000407769 0.0979378 0.0523895 0.0741203 0.0479809 
0.000374213 0.0402294 0.0526225 0.162167 0.0118581 0.000144551 0.0752607 0.230229 0.0475484 0.131249 0.0130902 0.0927335 0.0267914 0.00584574 0.000154822 0.0363945 0.0574591 0.000155071 0.0156934 
0.000308463 0.202348 0.007253 0.0349988 0.0164815 0.0799062 0.0266863 0.242086 0.0716795 0.0399642 0.00129236 0.0864741 0.0600261 0.00243949 0.000170219 0.092888 0.0253292 0.00199309 0.00767516 
0.000802776 0.00679581 0.000911213 0.0688135 0.0100103 0.00209069 0.0236555 0.72948 0.0292833 0.0144229 0.000861493 0.00783756 0.0132117 0.0250442 0.00128958 0.0253343 0.0353548 0.0002721 0.00452826 
9.45962e-07 0.275103 0.0024961 0.0122839 0.00720717 0.000132105 0.00865052 0.479446 0.0542296 0.020026 5.60598e-06 0.00884905 0.0244002 0.00278728 0.000307307 0.0593705 0.0422369 7.36754e-07 0.00246679 
0.00588075 0.104389 0.0142309 0.0984917 0.0116589 0.000150321 0.060871 0.239528 0.0763564 0.0309821 0.000687592 0.142578 0.0532663 0.0025168 0.000107102 0.0835617 0.0698863 0.000162782 0.0046955 
0.000103005 0.116289 0.00492629 0.00670302 0.00916269 3.37287e-05 0.0198421 0.451175 0.013796 0.029226 1.28029e-05 0.0903741 0.0327557 0.00687067 5.93465e-06 0.0775784 0.132167 0.00599912 0.00297909 
6.67402e-06 0.111292 0.011266 0.00696839 4.28145e-05 8.21788e-06 0.00334387 0.397917 0.0381834 0.146313 2.49337e-06 0.085882 0.0911619 9.8356e-05 0.0287565 0.00325686 0.0406878 0.000394276 0.0344184 
0.00453832 0.177212 0.000576586 0.015607 0.00944644 0.000277024 0.155274 0.236596 0.0953287 0.0247196 0.000176054 0.0486304 0.0181287 0.00622591 0.000503927 0.172145 0.0277289 0.00252531 0.00436072 
0.00414539 0.0634688 0.00626708 0.0261733 0.0304253 0.000232986 0.0190236 0.280899 0.0647446 0.0420241 0.000526872 0.0938289 0.0698607 0.00867402 0.0015554 0.208861 0.0524631 0.00658756 0.0202379 
7.38759e-07 0.00151702 0.000491269 0.265134 0.000178102 3.01248e-06 0.00533092 0.542097 0.0193768 0.0136675 0.000171331 0.000732962 0.0451435 0.000463455 9.51456e-06 0.00658067 0.0990922 9.72118e-07 9.11396e-06 
0.00549742 0.140987 0.0070032 0.0521337 0.0195918 7.4453e-05 0.0359567 0.151096 0.127 0.0339838 0.00118369 0.079528 0.0801683 0.0388031 0.000396856 0.138321 0.0409182 0.0107794 0.0365782 
2.37995e-06 0.00103216 0.0107987 0.133908 0.0162236 7.29334e-07 0.0256302 0.410722 0.129444 0.105374 5.99736e-09 0.0256103 0.00677838 0.0317442 5.97607e-09 0.0825441 0.0133626 2.40354e-06 0.00682234 
0.00024906 0.023925 0.00885034 0.0116073 0.0100294 0.000314771 0.0125862 0.645656 0.0128682 0.0591689 0.000636941 0.0253254 0.0609769 0.00377634 0.0235455 0.0319349 0.0474696 0.00548988 0.0155898 
0.00041136 0.0132179 0.00150967 0.0293042 0.00045952 1.46057e-06 0.0570526 0.418281 0.0101232 0.0716434 0.108151 0.0297323 0.143602 0.00396474 0.0163613 0.0692022 0.0134779 0.000161393 0.0133428 
0.0045914 0.145724 0.00647776 0.0686517 0.0178403 0.00841507 0.0461597 0.235635 0.0402732 0.128494 0.00546739 0.057995 0.0433962 0.00224986 0.0135954 0.108925 0.0510269 0.00187449 0.0132079 
1.51134e-07 0.0602967 0.000177915 0.00851302 0.00121487 0.000161339 0.00134754 0.793124 0.0156011 0.00643309 0.000102443 0.0568739 0.0158869 0.00339188 2.02513e-06 0.0264389 0.0100967 2.27172e-06 0.000335796 
0.00345035 0.025967 0.000558925 0.0681974 0.0140198 0.000309176 0.0458624 0.401975 0.108305 0.0329504 0.000188584 0.0483886 0.0793132 0.0296958 0.0123954 0.0533436 0.0572971 0.00165014 0.0161322 
0.00128211 0.0328035 0.00469953 0.0216367 0.0332903 2.03528e-05 0.0271369 0.331282 0.0792446 0.0289471 0.000384466 0.0618391 0.0196968 0.00551215 0.000761843 0.271337 0.0521315 0.00583692 0.0221579 
0.00161473 0.226086 0.019515 0.0172819 0.0346363 0.000167062 0.0339366 0.320634 0.0280216 0.0386374 0.000500604 0.0800201 0.0175226 0.00107944 0.000459321 0.109648 0.0575952 0.00240838 0.0102346 
0.00222716 0.0483907 0.00110977 0.0724565 0.00746035 5.54296e-06 0.0517161 0.321101 0.114326 0.0367085 0.000499062 0.059292 0.0849041 0.00839828 0.0150381 0.118051 0.0413219 0.000240229 0.0167542 
0.0104419 0.105826 0.00429835 0.0845546 0.0136366 0.0282213 0.0330521 0.198899 0.0578594 0.0582264 0.00119544 0.100953 0.0804307 0.00697051 0.000492904 0.133347 0.0309387 0.0140248 0.0366314 
