0.0033873 0.048912 0.00103315 0.102595 0.0237364 0.000181962 0.0415184 0.0223752 0.296254 0.0338872 0.00189739 0.0922859 0.0710239 0.0132361 0.000553929 0.131666 0.0162081 0.00938673 0.0898603 
0.00135457 0.0346931 0.00264426 0.0384059 0.0105084 0.000448741 0.103106 0.0195646 0.237734 0.0449416 0.00097572 0.0978834 0.0382205 0.0109204 1.75137e-05 0.0897123 0.0187724 0.0322428 0.217855 
0.0222663 0.12472 0.0229426 0.0560331 0.023598 0.000124105 0.0496276 0.0302744 0.186228 0.0533908 0.000132105 0.152188 0.0469321 0.0269959 5.23651e-05 0.144116 0.043636 0.000689629 0.0160525 
0.0257329 0.014206 0.000137877 0.0182001 0.00112143 6.451e-06 0.0208115 0.0113751 0.364815 0.00084657 8.65373e-06 0.0127764 0.0176196 0.00935062 0.000706196 0.178587 0.0137172 0.188522 0.12146 
0.0117656 0.022031 0.00106384 0.0339467 0.0110317 0.000113977 0.0221309 0.0967891 0.233835 0.032006 0.000415397 0.0771626 0.0792503 0.0102608 0.000669755 0.103318 0.032525 0.123148 0.108536 
0.0036184 0.0540885 0.000770605 0.0822694 0.0143518 0.000551867 0.071236 0.022706 0.29563 0.0173373 0.00135176 0.066906 0.0303151 0.013511 0.00201946 0.173479 0.0144442 0.0782152 0.0571985 
0.0026397 0.0386361 0.00224932 0.089017 0.00562861 7.97629e-06 0.0320502 0.103617 0.256591 0.042733 0.00154289 0.111216 0.0436618 0.0389317 0.00102969 0.118986 0.0303438 0.00813282 0.0729851 
0.00405773 0.100229 0.000544346 0.0916135 0.00127101 0.000231921 0.0836273 0.0585823 0.232265 0.0220521 0.000175251 0.038625 0.0371532 0.0115742 0.0067441 0.206368 0.0225035 0.0540036 0.0283784 
0.00424637 0.0192636 0.00146833 0.0503095 0.00488544 3.83963e-05 0.0424711 0.0262646 0.530558 0.00666884 0.000158558 0.0852931 0.0107384 0.00581257 0.00131671 0.10281 0.0264128 0.0391612 0.0421228 
0.311659 0.0265244 0.000153378 0.0755717 0.0145418 0.000333072 0.0757481 0.0328545 0.343995 0.0135613 0.000195557 0.00579141 0.0121307 0.00305583 0.00029179 0.0476401 0.0101074 0.0156661 0.0101792 
0.00203086 0.00988022 0.00238649 0.0443145 0.0187049 1.90835e-05 0.0124373 0.274927 0.400314 0.0214502 0.000220302 0.00923761 0.0571364 0.00320881 0.00011318 0.100034 0.0100805 0.00396386 0.0295416 
0.00273796 0.0447427 0.00521928 0.0737756 0.0178726 0.00373301 0.0515566 0.0657603 0.415618 0.0404107 0.00160038 0.0555953 0.0301602 0.00933763 0.00156719 0.106051 0.0387467 0.0060833 0.0294311 
0.0062671 0.0137387 2.49119e-05 0.00268134 0.0008387 3.44068e-06 0.0324527 0.0437769 0.360679 3.06867e-05 5.6625e-07 0.00643354 0.0149281 0.0119734 0.0011172 0.206892 0.000144079 0.245451 0.0525671 
0.00459261 0.0320803 0.00343569 0.119367 0.0192139 3.45336e-05 0.056934 0.213525 0.247257 0.0862748 0.00162524 0.0368411 0.0234938 0.00776981 0.000196915 0.0613429 0.0780472 0.00281556 0.00515185 
0.00213336 0.0553366 0.00140159 0.121027 0.0155002 0.00298824 0.0914413 0.0405188 0.22764 0.011161 0.000315043 0.0232425 0.0851213 0.00204432 0.00319047 0.140088 0.00574267 0.13913 0.0319779 
0.000984975 0.0816969 0.000488053 0.0366723 0.0025796 1.11977e-05 0.0147781 0.0193807 0.647533 0.0206821 0.000281508 0.0213927 0.0109605 0.00394352 0.000288186 0.0402916 0.00534737 0.000433271 0.0922547 
0.00176933 0.0583996 0.00441869 0.241211 0.0199265 9.42383e-05 0.0797448 0.0483654 0.325287 0.0165363 0.00081933 0.0369134 0.0216774 0.00563312 0.000559227 0.0717184 0.0210897 0.0205825 0.0252539 
0.00524419 0.042759 0.0209793 0.116259 0.00884269 0.000122609 0.0455195 0.207278 0.244139 0.0321138 0.00024472 0.0251806 0.0356382 0.0114515 0.00354191 0.0894427 0.0213716 0.00852154 0.0813505 
0.0132091 0.0496697 0.00404352 0.0303467 0.0526151 0.000588475 0.152532 0.0241474 0.375299 0.0179189 0.000122976 0.0216731 0.0161632 0.00216361 4.72289e-05 0.205237 0.025628 0.000376337 0.00821943 
0.00826552 0.0293572 0.00181214 0.0586966 0.0052807 0.000118064 0.0204423 0.0619085 0.300243 0.0109522 0.000302895 0.0171595 0.0202599 0.0174644 0.000606578 0.2149 0.0285443 0.0290272 0.174658 
0.0254621 0.0520105 0.00403615 0.0652211 0.0246618 0.000341668 0.0379948 0.0305134 0.23516 0.0361866 0.00137338 0.08655 0.0909464 0.00940561 0.000455626 0.150831 0.0489426 0.012126 0.087781 
0.00319069 0.0531017 0.00211659 0.0422325 0.0119371 0.000140028 0.0492223 0.0778243 0.290094 0.02487 0.00111809 0.105366 0.0509025 0.00780019 0.00196444 0.115599 0.0368279 0.0123588 0.113334 
0.00148225 0.0667255 0.0017538 0.0147719 0.037524 1.04056e-05 0.0985121 0.0317019 0.260989 0.0314679 7.72713e-07 0.0861775 0.0326 0.0043057 0.000523661 0.201841 0.0221922 0.0725706 0.0348496 
0.0053149 0.0394949 0.00332825 0.217116 0.00598767 4.73588e-05 0.035069 0.0352919 0.239836 0.030907 0.00333747 0.0422412 0.0304242 0.0497992 0.000354477 0.179428 0.0373772 0.0217976 0.0228487 
0.00722878 0.0664238 0.00760127 0.0982199 0.0146065 0.00022693 0.0908056 0.0643805 0.23054 0.0352342 0.00215993 0.0525555 0.0313036 0.0075963 0.004121 0.199595 0.052051 0.00498972 0.0303605 
0.00523164 0.0492667 0.00502646 0.122938 0.0118618 6.45225e-05 0.0240579 0.129862 0.164295 0.0372196 0.0115959 0.154738 0.0447192 0.00349734 0.0175124 0.113244 0.0374205 0.0134277 0.0540206 
0.00206845 0.0516582 0.000508151 0.0147468 0.0027652 0.000477414 0.018489 0.0875786 0.350845 0.003303 0.00373324 0.043534 0.215027 0.00486131 0.000565226 0.0858353 0.00344639 0.00813121 0.102427 
0.0939831 0.0706247 0.00302798 0.130532 0.0101023 0.000551985 0.106197 0.0466439 0.282963 0.0234755 0.00130839 0.0297476 0.0151176 0.00126485 0.000593035 0.0576876 0.0465112 0.0114575 0.0682108 
0.00334617 0.0800652 0.00246457 0.029662 0.0094805 0.000112716 0.0447766 0.0217407 0.284372 0.017373 0.000304228 0.122085 0.0279763 0.00741973 0.0170528 0.226376 0.0135615 0.025884 0.0659471 
0.00774747 0.0302759 0.00138047 0.0506111 0.0112404 8.70699e-05 0.144616 0.0473018 0.36324 0.015663 0.000325886 0.0184434 0.0347306 0.00898376 0.00130183 0.201168 0.0247716 0.00558696 0.0325238 
0.00431741 0.0641813 0.00361898 0.0545855 0.0200069 0.000753908 0.0435582 0.114302 0.195524 0.0352645 0.00100697 0.147124 0.0381384 0.00771934 0.00797969 0.116732 0.020087 0.0147449 0.110355 
7.25777e-05 0.0354439 0.00392097 0.0145397 0.00496603 0.00494431 0.0168624 0.12242 0.589262 0.015977 0.000282211 0.0120926 0.0419549 0.000909641 0.0144454 0.076906 0.026959 0.00373498 0.0143058 
0.0009864 0.0450158 0.00303648 0.056281 0.0272687 0.000169181 0.0580743 0.0175455 0.32995 0.0243132 0.000521893 0.152105 0.0249323 0.00827181 0.0014888 0.156506 0.0215696 0.0123401 0.0596251 
0.00667311 0.0337202 0.00686043 0.0842477 0.0911016 0.00115703 0.072894 0.0465204 0.309786 0.0963477 0.00128045 0.0582197 0.0284044 0.0122267 0.000182079 0.104192 0.0226694 0.00578046 0.0177365 
0.000886394 0.167753 0.00313979 0.0208869 0.0268144 6.86315e-05 0.0113111 0.115522 0.205753 0.0147743 0.000489663 0.118925 0.145055 0.00393647 0.01994 0.0982965 0.0120804 0.0207874 0.0135788 
0.00795251 0.148372 0.00112261 0.0299944 0.00121857 4.03769e-05 0.0594439 0.0387821 0.314735 0.0126858 0.00168374 0.0501536 0.0355581 0.00382832 0.000346896 0.103131 0.0264983 0.075002 0.0894505 
0.00325366 0.178852 0.00243623 0.0335765 0.0157647 0.000547936 0.151373 0.0135359 0.236455 0.103355 0.000100538 0.0231319 0.00822419 0.000599493 0.000316976 0.193786 0.0331333 0.000114877 0.00144219 
0.00210185 0.0546488 0.00249242 0.0476473 0.0113735 0.000365685 0.130798 0.0781477 0.258603 0.0270895 0.00023848 0.036829 0.0322167 0.00260604 0.000751752 0.216631 0.0441291 0.0327413 0.0205887 
0.00669852 0.0690918 0.010076 0.0635462 0.0130909 0.000579361 0.093261 0.0792445 0.290079 0.0389901 7.926e-05 0.0550394 0.0214216 0.00211059 0.00032474 0.141108 0.0533909 0.0435336 0.0183345 
0.0262078 0.0318763 0.00303592 0.171 0.0127799 0.000517397 0.0850787 0.0230005 0.310691 0.0309578 0.000405341 0.0354068 0.0132423 0.00297401 0.000100757 0.178082 0.0358673 0.0209294 0.0178467 
0.00134981 0.112299 0.00286029 0.0382133 0.0175629 1.45033e-05 0.0381832 0.0455247 0.154761 0.0824523 0.000714309 0.147475 0.124748 0.0393973 0.000488889 0.0614031 0.0371722 0.0123229 0.0830564 
0.00560331 0.00658566 0.000864604 0.0154332 0.00229594 3.02843e-06 0.00199795 0.205163 0.537312 0.00175362 1.69648e-05 0.0164638 0.0398358 0.0186044 0.00127062 0.0447602 0.013299 0.0549732 0.0337639 
0.00482362 0.0128231 0.0003317 0.0493302 0.00198655 1.96581e-06 0.00230507 0.124139 0.439526 0.0107682 7.01271e-05 0.0300723 0.0655249 0.108576 0.0116915 0.0449019 0.0212402 0.0119483 0.0599391 
0.00309673 0.0278547 0.00238579 0.0469164 0.0169028 9.11621e-05 0.0282041 0.0944113 0.38141 0.0309752 0.00109757 0.0303202 0.046489 0.03452 0.000690793 0.131457 0.0627583 0.0133689 0.0470498 
2.8121e-05 0.0592636 0.00592883 0.0540173 0.00807791 7.85843e-05 0.171913 0.0619168 0.244782 0.0206458 0.000712704 0.0428666 0.0198945 0.000492165 9.20545e-05 0.190442 0.0701364 0.00143687 0.0472752 
0.0239266 0.0919428 0.000974037 0.1479 0.00857367 0.000416633 0.0602384 0.0212043 0.312692 0.00789696 0.0137427 0.0546055 0.045696 0.0042553 0.000205631 0.112298 0.00566133 0.063992 0.0237791 
0.00665283 0.050994 0.00715098 0.0899967 0.0447585 0.00124739 0.0626053 0.0408535 0.227899 0.0411596 0.00656215 0.0624932 0.0292408 0.00740472 0.0176565 0.181982 0.080385 0.00516141 0.0357958 
0.00258865 0.0755587 0.00427892 0.124961 0.0093819 0.000190551 0.060075 0.093749 0.211328 0.0270501 0.000574346 0.0708257 0.0949581 0.00857022 0.000768131 0.126379 0.0402052 0.015385 0.0331726 
0.00123552 0.0469614 0.00272764 0.0235253 0.0162253 0.000204994 0.0745411 0.122645 0.420508 0.0140276 0.000330019 0.0190933 0.0431613 0.00170255 5.04863e-05 0.167611 0.0343479 0.00155936 0.00954236 
0.00372866 0.103103 0.00220921 0.0258787 0.00564244 0.00041324 0.0273121 0.0304242 0.333462 0.0130723 0.000628713 0.0321082 0.0632772 0.00150739 0.000105041 0.324275 0.0203626 0.000778932 0.0117119 
0.00246888 0.0212752 0.00410242 0.0516225 0.0540458 0.000146757 0.0287094 0.0331989 0.334399 0.0240446 0.000183776 0.0468069 0.0430265 0.00460297 0.00486463 0.0987178 0.0084807 0.0280664 0.211237 
0.00625862 0.0138324 0.000799538 0.033992 0.00279365 0.00326012 0.019296 0.141578 0.475147 0.0116098 0.000138661 0.026055 0.0577472 0.0118526 0.001087 0.0991342 0.0193227 0.0408092 0.0352866 
0.00587833 0.0842203 0.00160247 0.0863114 0.00931922 6.0836e-05 0.0313223 0.0184309 0.353937 0.044638 0.0170213 0.10055 0.0183701 0.00655176 0.000739135 0.104839 0.00784837 0.0144555 0.0939033 
0.00769833 0.0164398 0.00136741 0.0476057 0.000802231 4.29758e-05 0.0356292 0.074497 0.463983 0.039437 7.59505e-05 0.0230609 0.06171 0.00196452 0.000654781 0.195778 0.0101362 0.0135526 0.00556403 
0.00556671 0.0308353 0.00455955 0.12258 0.00861285 0.000109169 0.0720472 0.0522138 0.284352 0.0196642 0.000925362 0.0332193 0.0245957 0.0119434 0.000394735 0.266815 0.0374001 0.00382443 0.020342 
0.00156813 0.0540402 0.000627242 0.0557503 0.00882089 0.00027814 0.0958863 0.106076 0.213699 0.0247056 0.000386205 0.0988885 0.0978974 0.00829244 0.00693571 0.109128 0.0385214 0.00497355 0.0735254 
0.0175398 0.130774 0.0448945 0.0578217 0.00641854 6.62926e-06 0.0648834 0.027122 0.24598 0.0466675 0.000150195 0.0582848 0.0481989 0.0117446 0.000697094 0.117874 0.0241632 0.0618211 0.0349573 
0.00776359 0.0866092 0.00423349 0.159379 0.0125849 3.16943e-05 0.148783 0.0233775 0.179558 0.040591 0.000421113 0.025754 0.0422658 0.012584 0.00277815 0.107364 0.0279814 0.0218338 0.0961062 
0.0268218 0.227329 0.00142055 0.0516694 0.014518 0.00106093 0.0889737 0.0156665 0.249527 0.0195095 0.000106702 0.0445932 0.0783757 0.00790807 0.0020869 0.100402 0.0155438 0.0310429 0.0234436 
0.12166 0.0444968 0.000587754 0.0912747 0.00211828 0.000226028 0.0306386 0.0301552 0.368474 0.0157746 0.000274676 0.0337323 0.0314721 0.00580807 0.000310002 0.0765022 0.0627655 0.0274938 0.0562349 
0.00756738 0.0446414 0.00262274 0.173144 0.0304996 0.000630401 0.0999566 0.0523 0.281021 0.0381875 0.00285296 0.0275785 0.0330013 0.0166261 0.00040336 0.133447 0.0254221 0.00713375 0.022965 
0.0269431 0.234479 0.001956 0.0764126 0.0155483 0.0377854 0.0703664 0.0539413 0.268844 0.0272786 0.000366192 0.0321265 0.039079 0.00139723 0.0028322 0.0796893 0.0194688 0.00745606 0.00402971 
0.0129785 0.00977687 0.00128083 0.0612176 0.0166794 1.95824e-05 0.0452605 0.171801 0.338571 0.0328248 0.0590604 0.0189245 0.105561 0.00187152 9.89696e-06 0.0895832 0.0105358 0.00471426 0.0193284 
0.00573115 0.0544595 0.00888282 0.0448544 0.0204821 0.000221866 0.251835 0.0201743 0.252658 0.017424 0.00178801 0.0219322 0.0135904 0.00552658 0.000889979 0.133519 0.0130387 0.00994412 0.123047 
0.00231269 0.0374852 0.0258904 0.0382208 0.0267107 0.012811 0.052232 0.0495382 0.357496 0.0250149 0.000223262 0.0784579 0.0867948 0.00700825 0.00512234 0.109111 0.0308994 0.0158156 0.0388553 
0.000193687 0.0419394 0.00216295 0.104348 0.0205962 8.35101e-05 0.110749 0.0499316 0.27303 0.0465029 0.000281028 0.0971428 0.0348446 0.00752987 0.0101609 0.10209 0.0154643 0.0359649 0.0469838 
0.00733418 0.0358134 0.00187785 0.033767 0.0116054 2.54577e-05 0.0718202 0.016275 0.323376 0.0152015 0.000329793 0.0355167 0.0298122 0.00921499 0.00034402 0.304846 0.0186609 0.0306215 0.0535577 
0.00611581 0.0333821 0.00253966 0.045012 0.00444651 2.7547e-05 0.125918 0.035367 0.341539 0.0718992 0.000225419 0.0429094 0.0170339 0.0185366 0.000423283 0.127126 0.0778968 0.0163603 0.0332413 
0.0211505 0.104352 0.00297174 0.0492437 0.0416042 0.000507506 0.054184 0.0230423 0.172364 0.0555912 0.000851558 0.0623065 0.0899976 0.00652985 0.00657779 0.113838 0.0844182 0.0253727 0.0850962 
0.000604996 0.0510808 0.00266213 0.0742078 0.0307496 0.00448588 0.0301691 0.0576042 0.219571 0.0787541 0.0013812 0.0903848 0.0382361 0.00860257 0.0010261 0.0969124 0.0354188 0.00152399 0.176625 
0.00375828 0.090536 0.00192142 0.0434992 0.00959639 0.000266101 0.171653 0.00920394 0.303063 0.0313318 0.000302234 0.0268419 0.0187697 0.00331312 8.86135e-05 0.233995 0.0107047 0.0191833 0.0219721 
0.0175828 0.0610275 0.00190537 0.167987 0.0306046 2.30495e-05 0.0269919 0.157297 0.279512 0.0386768 0.000235415 0.0221798 0.00782614 0.0861664 0.000270916 0.0555762 0.0191712 0.0105861 0.0163808 
0.00407002 0.119052 0.0129234 0.0598653 0.0194048 0.00337559 0.10069 0.0243635 0.181483 0.0335388 0.000379863 0.134709 0.0727454 0.0127153 0.000206128 0.164228 0.0219813 0.0104018 0.0238653 
0.00694267 0.0234156 0.00367841 0.114153 0.012307 0.00147491 0.0912664 0.0890615 0.155429 0.0642628 0.00528237 0.0384513 0.024701 0.0736764 0.00100337 0.114554 0.095949 0.0203703 0.0640215 
0.000519947 0.00941091 0.00106102 0.021264 0.00787422 2.05005e-05 0.0273709 0.136346 0.522899 0.0198622 4.60014e-06 0.020219 0.0215726 0.0124366 0.101419 0.0722308 0.0181708 0.000151785 0.00716566 
0.00235861 0.155823 0.00588236 0.0200491 0.0179758 0.000142894 0.0638837 0.0239894 0.341745 0.0433093 2.72191e-05 0.0235 0.0166366 0.0132518 0.000959772 0.132772 0.0125353 0.079159 0.0459999 
0.000451963 0.0295665 0.00082186 0.0108021 0.0031256 0.00022919 0.0218201 0.17602 0.3391 0.0173535 8.76529e-05 0.0867521 0.167186 0.00473427 0.000243498 0.0447565 0.0148121 0.00933327 0.0728036 
0.00483864 0.0773301 0.00238591 0.0500325 0.0142805 0.000415867 0.0641657 0.0206794 0.316521 0.0183796 0.00251839 0.0316227 0.0989673 0.00930695 0.0101769 0.179246 0.0143285 0.0361375 0.0486669 
0.000907046 0.0580903 0.000197213 0.0167359 0.00233271 0.000667125 0.0217865 0.097213 0.412037 0.0119873 0.000252761 0.033676 0.0685079 0.00435542 0.000736029 0.157389 0.00526369 0.00445907 0.103406 
0.000573124 0.0383547 6.26902e-05 0.0225971 0.00182813 2.36466e-05 0.0505135 0.0399014 0.255606 0.0188063 0.00576397 0.245659 0.0211256 0.00584725 1.24366e-05 0.188967 0.00956086 0.022945 0.0718515 
0.00300079 0.0392395 0.00152125 0.0289697 0.0154146 0.000177972 0.00703476 0.089542 0.339163 0.0409451 0.0309745 0.113222 0.0594821 0.00631285 0.000912794 0.131421 0.0511916 0.00674953 0.0347252 
0.002282 0.0189257 0.00014741 0.0139609 0.00119875 0.000153315 0.0283549 0.0120587 0.430379 0.00439023 0.000653709 0.210814 0.0471913 0.00329079 0.000453338 0.130574 0.0113763 0.00708118 0.0767147 
0.0166862 0.0504056 0.00175973 0.203112 0.00137638 0.000113392 0.0714288 0.0157027 0.299145 0.0163927 0.000134851 0.0188371 0.0180856 0.0089909 0.00167954 0.0784594 0.0121516 0.102384 0.0831552 
0.00229836 0.0473191 0.0118195 0.0406139 0.0126312 0.000412463 0.0804563 0.0990501 0.267476 0.0245703 0.0011575 0.227824 0.0283794 0.0038742 0.000149651 0.110647 0.0302168 0.000864193 0.0102398 
0.010301 0.100154 0.00700695 0.064991 0.0121 0.000136686 0.11061 0.0509626 0.228867 0.0320806 0.000532033 0.0412679 0.0643189 0.00806626 0.00020165 0.209092 0.0351947 0.00741695 0.0167 
0.0069182 0.0412261 0.00425449 0.0925743 0.026545 6.52941e-05 0.0865572 0.0411763 0.428414 0.0373095 9.48715e-05 0.0142848 0.0579725 0.000936918 1.49436e-05 0.0860925 0.0520313 0.00877246 0.0147596 
0.00177634 0.0532779 0.000534784 0.03249 0.00508234 0.00119948 0.0442267 0.122493 0.316466 0.0313809 0.000303606 0.0626877 0.0790045 0.00408701 0.000749697 0.141981 0.00711726 0.00762931 0.087513 
0.00386993 0.0343172 0.010793 0.058241 0.0210494 0.000294805 0.161891 0.0232856 0.206539 0.054918 0.00127709 0.0676417 0.053586 0.00730311 0.00017413 0.170537 0.0741717 0.010827 0.0392821 
0.0458326 0.100369 0.000383837 0.171037 0.00164655 0.000167712 0.206678 0.00429294 0.234862 0.00855295 3.76299e-06 0.00987449 0.0271942 0.00229678 0.00189475 0.067575 0.0129133 0.0548164 0.0496082 
0.0121204 0.0528148 0.00313196 0.10049 0.0194364 0.00170311 0.120545 0.0429981 0.167916 0.05623 0.000994944 0.107877 0.0225337 0.0232643 0.00413352 0.124604 0.0499625 0.0137551 0.07549 
0.00283909 0.0617346 0.000337497 0.111308 0.014066 0.000638386 0.0830983 0.0203658 0.333204 0.0140033 0.00160742 0.0790912 0.0154529 0.0142864 0.0022972 0.108422 0.016052 0.0621254 0.0590711 
0.00634938 0.0160457 0.00155905 0.0404116 0.00474548 0.00573131 0.0231141 0.25011 0.393934 0.00983395 0.000129605 0.0316337 0.0362211 0.0185914 0.00133485 0.0722111 0.0251287 0.0343074 0.0286069 
0.0072152 0.0294211 0.00122172 0.127003 0.0156049 4.35624e-05 0.085596 0.0612451 0.248212 0.0189776 0.000306754 0.0671805 0.0431236 0.0144782 0.000810892 0.196608 0.0171879 0.00791791 0.0578464 
0.00577721 0.0326704 0.000540241 0.0255423 0.0008351 5.80176e-06 0.00405509 0.0418199 0.612628 0.0048099 9.46577e-05 0.0158232 0.0307945 0.0250709 0.00231999 0.102008 0.0243256 0.0216411 0.0492385 
0.00445329 0.077836 0.00114375 0.0556992 0.0206446 0.000138459 0.205773 0.0211178 0.351212 0.00561518 0.00294332 0.0202078 0.0105416 0.00399067 0.000707647 0.180772 0.0116485 0.00957163 0.0159846 
0.0032435 0.0632239 0.00134463 0.125056 0.0293415 0.000244474 0.102957 0.0335215 0.19967 0.0176849 0.000408899 0.0364856 0.0425027 0.00664573 0.00205272 0.184037 0.015599 0.0767165 0.0592639 
0.00541688 0.0384504 0.00214082 0.0638116 0.0419792 0.000126403 0.155509 0.122172 0.16418 0.0432616 0.00198118 0.0412096 0.0563244 0.00699421 0.00403284 0.150783 0.0255001 0.017295 0.0588323 
0.00324409 0.0601747 0.00580101 0.0473327 0.0180193 0.000343364 0.0520554 0.106299 0.235256 0.0374975 0.00240797 0.0610433 0.152711 0.00733304 0.00142579 0.133497 0.0318195 0.016445 0.0272946 
0.00286332 0.0167213 0.00251309 0.143242 0.0287628 0.000116831 0.0331646 0.0309738 0.321289 0.036483 0.000425324 0.049789 0.00912164 0.0035963 0.00429848 0.075616 0.188849 0.0205717 0.0316034 
0.00989387 0.0856131 0.00235348 0.160425 0.0108192 0.000162895 0.0297731 0.108013 0.20216 0.0278513 0.00271418 0.0234609 0.0273093 0.00944494 0.00157171 0.178537 0.0873752 0.00177927 0.030742 
0.00167393 0.0349705 0.0028719 0.0451818 0.0167536 1.36046e-05 0.0221132 0.158833 0.273559 0.0350502 0.000549615 0.0399197 0.0998116 0.0122271 0.0178312 0.111913 0.0430762 0.017637 0.0660141 
0.00229917 0.104261 0.00581933 0.040107 0.0169006 0.000107327 0.0587532 0.09916 0.227978 0.0319616 0.000299408 0.0889739 0.0321824 0.00675146 0.000251601 0.204868 0.0548779 0.00255582 0.0218924 
0.00705143 0.0385871 0.00176334 0.10534 0.00953641 0.00176889 0.177669 0.00794454 0.359172 0.0199122 1.77417e-05 0.0134577 0.0139526 0.00989361 0.000244479 0.199463 0.0118054 0.00393879 0.0184826 
0.00295845 0.0265706 0.0020142 0.00293098 0.00736178 0.000184836 0.00906271 0.163831 0.461589 0.0339876 0.000379987 0.0295634 0.0903831 0.00311903 5.42497e-06 0.0545567 0.0880611 0.0153708 0.00806862 
0.00124962 0.0403989 0.000512769 0.0688486 0.0721206 4.24322e-06 0.0114861 0.0431157 0.500229 0.0236221 1.13007e-05 0.0326973 0.028692 0.00978962 0.00757537 0.0359748 0.0295707 0.0205624 0.0735384 
0.00223045 0.0633241 0.00588831 0.0499137 0.0167232 0.000240429 0.0370542 0.136954 0.147245 0.0317811 0.00542079 0.104731 0.136476 0.00747788 0.00101818 0.128513 0.0467453 0.00582563 0.0724375 
0.0548267 0.047829 0.00175939 0.182555 0.0118275 0.00263062 0.0429659 0.0421095 0.271242 0.0315972 0.000400717 0.0389799 0.0289368 0.0430442 0.00171873 0.107867 0.042893 0.00663885 0.040179 
0.00321472 0.0585855 0.00310214 0.0522377 0.0211962 0.000122905 0.0366304 0.10635 0.347217 0.0395398 0.00190648 0.0469466 0.029925 0.00405203 0.000924475 0.149153 0.058445 0.0095358 0.0309152 
0.0143161 0.0331133 0.00173582 0.103554 0.00561942 0.00051707 0.117805 0.0190484 0.259175 0.0127351 0.000509586 0.0330236 0.0247413 0.0126435 0.000634248 0.148368 0.0170804 0.147257 0.0481233 
9.51119e-05 0.071462 0.000737728 0.0701981 0.000424377 0.000683171 0.145228 0.0232974 0.336383 0.00964835 0.000851878 0.0327722 0.0831987 0.00384253 0.00014591 0.181723 0.0089153 0.0115607 0.0188327 
0.134115 0.0418314 0.00558851 0.230289 0.0310329 0.000953652 0.0396834 0.0151859 0.324535 0.0137935 0.000289204 0.0172878 0.026824 0.00702745 0.000128702 0.0471959 0.00817432 0.0463728 0.00969097 
0.00379933 0.0199824 0.000609978 0.100701 0.0569591 0.000130764 0.0432297 0.0583378 0.313567 0.0175866 3.73303e-05 0.0433248 0.0307031 0.0584632 0.00148374 0.184879 0.0310176 0.00659943 0.0285881 
0.00729443 0.0479984 0.001568 0.0652642 0.00412336 8.53603e-05 0.0462974 0.0861537 0.38077 0.0299704 0.00161857 0.0309304 0.00983307 0.0354891 0.00252718 0.106684 0.0597337 0.00341195 0.0802468 
0.00394651 0.0493951 0.000510058 0.0293166 0.0171185 0.000191862 0.055364 0.0593141 0.352535 0.0307718 0.000285946 0.0111934 0.0681235 0.0226947 0.0043685 0.198187 0.0123942 0.060315 0.0239738 
0.000816639 0.0301859 0.0029207 0.088518 0.00220885 9.04238e-05 0.0887236 0.0795616 0.343324 0.141047 0.00019927 0.0390384 0.0262908 0.00358144 0.00369269 0.0575838 0.0662359 0.000442576 0.0255386 
0.00225336 0.022249 0.000562548 0.0202912 0.00118549 0.000128353 0.0253965 0.0123159 0.553234 0.0125904 0.000108633 0.0279704 0.0432769 0.00590755 0.00022831 0.228516 0.012603 0.0116231 0.0195595 
0.0121011 0.0776922 0.00099471 0.0461683 0.00729686 0.00096407 0.0455679 0.0210962 0.420308 0.00792634 0.00178989 0.0743847 0.0394776 0.0032271 0.00632944 0.102947 0.0112984 0.0178772 0.102553 
0.00366014 0.0307149 0.00550466 0.0325736 0.0132462 0.000244902 0.0211385 0.116482 0.427395 0.0630739 0.00117211 0.0481262 0.0855842 0.00723397 0.000264348 0.0669841 0.059921 0.00181804 0.0148623 
0.0037262 0.047249 0.00327603 0.187483 0.0283715 8.82973e-05 0.0797754 0.0189745 0.220635 0.0103296 0.000175102 0.0520578 0.0174654 0.00294364 0.00299753 0.120086 0.0504016 0.108742 0.0452222 
0.00169331 0.0199953 0.0139291 0.0530677 0.00660562 0.000923303 0.0576403 0.0440985 0.23304 0.0937705 0.00020237 0.161718 0.0669976 0.0068806 0.00249476 0.0825302 0.0701497 0.0222852 0.0619775 
0.00355245 0.0387041 0.0148455 0.0327578 0.0129471 2.7332e-06 0.0308879 0.02511 0.254237 0.0114874 0.00108014 0.0524422 0.191272 0.00683109 0.000144179 0.217034 0.00763063 0.0325498 0.0664832 
0.00173548 0.0954047 0.00248948 0.144311 0.0215327 0.00024531 0.0601423 0.0607511 0.183326 0.0407205 0.00301334 0.0584848 0.0694537 0.0338385 0.00302405 0.112817 0.0684285 0.00524662 0.0350343 
0.00424637 0.0192636 0.00146833 0.0503095 0.00488544 3.83963e-05 0.0424711 0.0262646 0.530558 0.00666884 0.000158558 0.0852931 0.0107384 0.00581257 0.00131671 0.10281 0.0264128 0.0391612 0.0421228 
0.032433 0.00706713 0.00589048 0.0814801 0.0152447 6.42229e-05 0.0149252 0.0835837 0.312897 0.0514969 0.000218069 0.00735054 0.0150201 0.00904694 0.000452521 0.223212 0.0714799 0.0435728 0.0245644 
0.00183708 0.0271639 0.0376652 0.0853686 0.0609354 7.89802e-05 0.0770413 0.0461678 0.401161 0.0886545 0.000626927 0.0714649 0.00804134 0.0015908 7.69311e-05 0.0472694 0.0194119 0.00375132 0.0216934 
0.0217706 0.0225815 0.000630467 0.178981 0.011098 5.61219e-05 0.072964 0.0213908 0.214985 0.00957286 0.00512503 0.0559954 0.0114484 0.00521805 0.00765269 0.151544 0.0448866 0.0929623 0.0711376 
0.000348119 0.0210252 0.00218329 0.0422605 0.00699143 0.000150643 0.0481014 0.0291774 0.628671 0.00308096 0.00131833 0.0287048 0.0396524 0.00472795 0.000248375 0.123989 0.00348268 0.000563506 0.0153234 
0.311659 0.0265244 0.000153378 0.0755717 0.0145418 0.000333072 0.0757481 0.0328545 0.343995 0.0135613 0.000195557 0.00579141 0.0121307 0.00305583 0.00029179 0.0476401 0.0101074 0.0156661 0.0101792 
0.12166 0.0444968 0.000587754 0.0912747 0.00211828 0.000226028 0.0306386 0.0301552 0.368474 0.0157746 0.000274676 0.0337323 0.0314721 0.00580807 0.000310002 0.0765022 0.0627655 0.0274938 0.0562349 
0.000401117 0.00808225 0.00282308 0.0883465 0.0432199 0.000157261 0.151034 0.021579 0.246301 0.194829 1.43935e-05 0.123836 0.0383933 0.00169152 6.67085e-05 0.0380612 0.0320149 0.000206491 0.00894183 
0.00675253 0.00319507 0.000156426 0.091299 0.00248572 7.55733e-06 0.0322529 0.114471 0.590834 0.00549682 7.89144e-06 0.009133 0.00763009 0.0439333 0.00149942 0.058276 0.0226558 0.00213003 0.00778312 
0.00155538 0.0425645 0.00500652 0.0969768 0.126125 0.000108347 0.0919587 0.0344639 0.307626 0.0894451 0.000500467 0.0599865 0.0084635 0.00471885 0.000208436 0.0473419 0.0714552 0.000997899 0.010497 
4.74637e-06 0.0214216 0.212372 0.0474165 0.0659941 5.18438e-05 0.0414424 0.0087719 0.23561 0.111268 0.000203764 0.0182017 0.102465 0.00564758 0.00622513 0.0953508 0.0078446 0.000553315 0.0191553 
0.00857293 0.0806729 0.00184102 0.133529 0.0106932 0.000306536 0.0894908 0.0315813 0.227602 0.0661181 0.000466397 0.0322982 0.0221739 0.0211802 0.000529506 0.137487 0.0416892 0.018597 0.075171 
0.00583375 0.0152863 0.000533225 0.0209222 0.00427745 5.27336e-05 0.0135981 0.32602 0.368635 0.00711568 9.33306e-05 0.0273448 0.0172697 0.0347649 0.000925859 0.0846594 0.0306163 0.018735 0.0233169 
0.030441 0.00981962 0.00233647 0.0566429 0.0099252 0.000162846 0.0503096 0.0810032 0.512407 0.0332368 0.000390784 0.020065 0.0161983 0.00880359 0.000141837 0.094591 0.0574158 0.00498024 0.0111285 
0.00386758 0.0392634 0.00319843 0.0290292 0.00801121 0.00050762 0.0714528 0.0869491 0.249963 0.0244092 0.000164772 0.0351288 0.104813 0.0302798 0.0128034 0.193189 0.030456 0.0437941 0.0327186 
3.18316e-05 0.144125 0.00530602 0.027149 0.0166973 0.000257815 0.0251101 0.0331749 0.370086 0.0307564 0.00164782 0.130885 0.03315 0.00476973 0.000375297 0.122334 0.0325038 0.0136633 0.0079762 
0.00370699 0.0207356 0.00159891 0.0928656 0.00218178 0.000166418 0.0864666 0.012385 0.403847 0.0192287 1.32541e-05 0.0343783 0.0196472 0.00182069 6.15423e-06 0.0709957 0.0393069 0.021873 0.168777 
0.00248589 0.00879907 0.00377329 0.0673603 0.0326208 0.000795117 0.0528442 0.0880438 0.21659 0.19082 0.000216918 0.0359418 0.0183563 0.00467562 0.000657631 0.204221 0.0466296 0.00814527 0.0170237 
0.000113552 0.00301926 0.0014994 0.0863507 0.0102407 5.98488e-05 0.0143903 0.152172 0.5823 0.0205428 0.00478843 0.0117155 0.0230751 0.00122982 3.38303e-05 0.0554045 0.0192163 0.00757828 0.00627005 
0.0111331 0.0562182 0.0108126 0.0783502 0.0335797 7.88311e-05 0.0695364 0.0567606 0.268051 0.0851396 0.00129394 0.0260538 0.0695544 0.0180253 0.000528248 0.149079 0.0273119 0.0107634 0.0277296 
0.00309509 0.0230638 0.00071902 0.0463867 0.0145713 5.37843e-05 0.023716 0.204575 0.304043 0.0282186 0.000791487 0.0156034 0.0315387 0.00518172 0.00169261 0.0910678 0.0767749 0.0707019 0.0582052 
0.00183662 0.0400335 0.00086254 0.0428612 0.0147727 6.04153e-05 0.0736831 0.0659473 0.395474 0.0293478 0.000161122 0.0935655 0.057653 0.00304374 0.000234402 0.140867 0.0144653 0.00337286 0.0217577 
0.00229322 0.0366781 0.0229222 0.0428986 0.0222493 4.36997e-05 0.204696 0.0342786 0.262415 0.0211777 0.000190885 0.0415499 0.0237446 0.00676426 0.000190053 0.219743 0.030877 0.000171056 0.0271164 
0.00517124 0.06638 0.00697855 0.0559597 0.0256336 0.000410479 0.103748 0.0404723 0.260434 0.0317536 0.00103831 0.0469735 0.0670115 0.00822469 0.00161448 0.198624 0.0232975 0.00743704 0.0488376 
0.00304842 0.0484106 0.00217671 0.0356072 0.0262029 0.000257596 0.0474275 0.0218841 0.352832 0.00353293 0.000285401 0.0324738 0.137796 0.00639336 0.000293335 0.234114 0.00360018 0.00840153 0.0352623 
0.00504393 0.142353 0.0020616 0.0794481 0.00512138 0.00123704 0.107909 0.00579631 0.259319 0.089762 0.0001525 0.0455674 0.0864111 0.00784546 0.00124393 0.0691775 0.00640165 0.0138301 0.0713201 
0.00207932 0.01505 0.000796887 0.0377741 0.00144695 9.33591e-06 0.0136064 0.0306302 0.326444 0.00413251 5.02598e-05 0.196858 0.0941901 0.00993801 0.000719903 0.101485 0.00407449 0.0535372 0.107177 
0.0250906 0.144394 0.00127994 0.0580634 0.0574523 0.000367681 0.119839 0.0239862 0.237022 0.0213607 0.000387076 0.0367063 0.012257 0.00837916 0.00048942 0.174714 0.012047 0.0272802 0.0388837 
0.00281176 0.177123 0.00142965 0.0911244 0.0248028 0.000276255 0.130051 0.0458159 0.187751 0.0180364 0.000922068 0.0256852 0.0479103 0.00702618 9.35107e-05 0.187216 0.0193515 0.00284809 0.0297237 
0.0612734 0.0138847 0.000679891 0.0607633 0.0488797 0.00280435 0.0193073 0.0290462 0.572145 0.0122049 0.000109965 0.00572695 0.0328622 0.033332 0.000657374 0.0771435 0.00308658 0.0133725 0.0127206 
0.130365 0.0144661 0.00502741 0.133602 0.0068272 8.72219e-05 0.0910805 0.0367992 0.349856 0.0230107 0.000979858 0.00564818 0.0213082 0.00519414 0.00581658 0.0593056 0.0124887 0.01431 0.0838271 
0.0217706 0.0225815 0.000630467 0.178981 0.011098 5.61219e-05 0.072964 0.0213908 0.214985 0.00957286 0.00512503 0.0559954 0.0114484 0.00521805 0.00765269 0.151544 0.0448866 0.0929623 0.0711376 
0.00238584 0.0356818 0.000770766 0.105891 0.00692814 6.59802e-05 0.0207839 0.0533669 0.528989 0.00552825 0.000112243 0.0127937 0.014063 0.0235299 0.00055094 0.103781 0.0185943 0.0465955 0.0195884 
0.0161219 0.0701997 0.00693053 0.0418065 0.0125201 0.000134608 0.0734089 0.0448304 0.194567 0.0467877 7.80705e-05 0.149717 0.0208515 0.0118392 0.000656786 0.181595 0.0251123 0.0449978 0.0578451 
0.0246823 0.0511953 0.00251843 0.0903521 0.00764629 0.00041811 0.0814946 0.0279369 0.360181 0.0171521 0.000414909 0.0374069 0.0159496 0.0049676 0.000134455 0.193381 0.0385622 0.014719 0.0308879 
0.00296042 0.0658972 0.00767785 0.0378324 0.0212932 0.000518482 0.0770579 0.11507 0.261138 0.0353467 0.000753844 0.0571983 0.0250222 0.00456575 0.00263156 0.21027 0.0275653 0.00533193 0.0418699 
0.00154058 0.0445061 0.0106975 0.039262 0.00931663 2.45748e-05 0.0384491 0.0728772 0.431491 0.0120572 0.000589251 0.0638363 0.0279823 0.00691996 0.0054206 0.0919593 0.0197347 0.025222 0.0981142 
0.0570004 0.0619311 0.00210898 0.114069 0.0305373 0.00241176 0.0350997 0.0296682 0.308661 0.0332963 0.000382839 0.0851952 0.130478 0.000534863 1.87357e-05 0.0464161 0.0152867 0.0100323 0.0368722 
0.00422464 0.089246 0.00359747 0.123379 0.015264 3.31534e-05 0.0325793 0.0312511 0.267295 0.0766002 0.00160293 0.0529762 0.0554951 0.017412 0.00387703 0.0539474 0.0504026 0.0218777 0.0989392 
0.00084194 0.120436 0.0246815 0.0478924 0.0205517 0.00035442 0.0721226 0.0302993 0.226168 0.0348561 0.000351146 0.105925 0.0213697 0.00484738 0.000819205 0.204062 0.0567107 0.0130885 0.0146217 
0.00347475 0.0106557 0.0152495 0.124892 0.0379146 6.53562e-05 0.00915128 0.0404492 0.486159 0.0276858 0.0116223 0.00508069 0.0470814 0.0293831 0.000894511 0.10502 0.010466 0.0101723 0.0245819 
0.102882 0.0147032 0.00165647 0.213313 0.016371 0.000396859 0.211864 0.0327406 0.251294 0.0248962 5.32854e-05 0.0124784 0.0109766 0.0125862 0.000589416 0.0568906 0.015474 0.00308038 0.0177549 
0.00884343 0.041624 0.00646564 0.0392358 0.0139486 0.000127049 0.0313484 0.139821 0.174267 0.0805645 0.000534427 0.154826 0.0415486 0.00544992 0.00027468 0.117489 0.10502 0.0101437 0.0284676 
0.00294549 0.0578124 0.00834591 0.0874199 0.0177932 2.12828e-05 0.0934145 0.13342 0.160775 0.0589068 0.00130564 0.0614274 0.0698603 0.0160125 0.000618326 0.140443 0.0703102 0.0043711 0.0147975 
0.0336503 0.0265931 0.00249026 0.158653 0.0182394 3.58338e-05 0.0605374 0.0454076 0.271209 0.0414117 0.000194951 0.0311872 0.026766 0.0435898 0.000785893 0.133494 0.0528774 0.0225566 0.0303218 
0.00881317 0.0258076 0.0214363 0.146469 0.0133025 0.017921 0.0335812 0.0201619 0.333265 0.0205792 0.000451233 0.00976355 0.0982892 0.00751478 0.00106863 0.134915 0.000567137 0.0163639 0.0897302 
0.0307087 0.0639297 0.00132519 0.243818 0.0326906 3.7765e-05 0.0451245 0.00630405 0.262032 0.0379098 1.66829e-05 0.0141449 0.0258317 0.0287623 0.000384932 0.0864897 0.012958 0.0102724 0.0972593 
0.00461277 0.102059 0.00430922 0.0637875 0.0254189 0.000686665 0.16015 0.0123535 0.265494 0.0305674 0.000487144 0.0568961 0.0298809 0.0019362 0.00205357 0.177735 0.0219393 0.00298677 0.0366459 
0.00488979 0.0287142 0.000239356 0.0510568 0.0175668 7.64442e-05 0.0163413 0.128357 0.505548 0.00388713 0.000127424 0.0375511 0.0156856 0.0146814 0.0269558 0.056502 0.0123528 0.0398954 0.0395717 
0.0012148 0.0810624 0.0106932 0.0419098 0.024392 0.000366289 0.110769 0.0551446 0.161314 0.0378424 0.000477506 0.1568 0.028117 0.00556006 0.00396255 0.161033 0.0293097 0.00555786 0.0844732 
0.0328492 0.0286745 0.00175275 0.0856443 0.0226358 5.43129e-05 0.130016 0.00631455 0.388826 0.0100551 5.72176e-05 0.0143512 0.0155975 0.00841236 0.000100713 0.205331 0.00654062 0.00781964 0.0349678 
0.0217706 0.0225815 0.000630467 0.178981 0.011098 5.61219e-05 0.072964 0.0213908 0.214985 0.00957286 0.00512503 0.0559954 0.0114484 0.00521805 0.00765269 0.151544 0.0448866 0.0929623 0.0711376 
0.0202886 0.025785 0.000222622 0.107074 0.0180512 0.000505317 0.142281 0.011596 0.403428 0.0102557 0.0152975 0.00978118 0.0315536 0.00422401 0.0250818 0.103818 0.0071269 0.0129667 0.0506621 
0.0130898 0.0497813 0.000700161 0.0252302 0.00370212 1.2946e-05 0.0377697 0.0584116 0.462547 0.00797591 1.05483e-05 0.0311224 0.0482287 0.00432567 0.00058253 0.1442 0.0179671 0.033987 0.0603555 
0.00599025 0.0145716 0.00010573 0.00268067 0.0101172 8.34028e-07 0.0020997 0.0450714 0.375114 3.06144e-05 8.3903e-07 0.00713172 0.106076 0.012357 0.00111548 0.312026 0.000473483 0.0329562 0.0720804 
0.0184699 0.0251255 0.0017112 0.0530917 0.00832587 0.000173357 0.0814701 0.0631931 0.441905 0.0269351 0.000342165 0.032229 0.0172118 0.00817444 0.000100959 0.152255 0.0540578 0.00545731 0.0097702 
0.00479273 0.0562195 0.00438555 0.0732812 0.01476 0.000213095 0.0928634 0.139679 0.201456 0.0334403 0.0022081 0.0997245 0.0186981 0.00745646 0.00131535 0.188214 0.0468943 0.00271142 0.0116862 
0.00737304 0.0302504 0.000652354 0.0146435 0.0142774 0.000186876 0.00476544 0.241697 0.406302 0.0255054 0.000696389 0.0504357 0.0435189 0.0100525 0.00072073 0.0637432 0.0382373 0.00589877 0.0410431 
0.00336606 0.0278643 0.00353327 0.0672406 0.0129706 0.000303491 0.0477457 0.0815935 0.3621 0.0406203 0.00150706 0.0564113 0.0372206 0.0174465 0.00155384 0.143082 0.0429401 0.0134721 0.0390295 
0.00670986 0.0360138 0.0021712 0.0751883 0.0208847 6.98948e-05 0.0400619 0.0312893 0.288101 0.0417505 0.00274786 0.0998429 0.0390011 0.0915146 0.000531055 0.1179 0.038559 0.0102748 0.0573881 
0.00213378 0.0713917 0.00132927 0.0118923 0.0247297 1.45386e-05 0.0368689 0.0124758 0.54191 0.0292662 0.000108802 0.0908119 0.0305811 0.00231693 1.50289e-06 0.0800326 0.0170259 0.000128547 0.0469801 
0.0470729 0.0913973 0.00130826 0.0665766 0.0195879 0.000617148 0.26249 0.00760577 0.274081 0.00796897 0.000315351 0.0153964 0.0134367 0.00349446 4.47317e-05 0.162648 0.00961355 0.00182755 0.014517 
0.00119664 0.0422858 0.00161534 0.0448787 0.0124797 0.00191691 0.0416901 0.0795667 0.299021 0.033629 0.000159487 0.204769 0.048868 0.00218927 0.00563374 0.0701936 0.0498096 0.00510159 0.0549961 
0.00726701 0.0733236 0.00271169 0.108396 0.0263122 0.000623762 0.15814 0.0270372 0.218916 0.175839 0.000227541 0.0149019 0.0317043 0.0524091 0.000556363 0.0647225 0.0261212 0.000759096 0.0100324 
0.00502658 0.01472 0.0047948 0.0958092 0.0118425 7.63522e-05 0.153591 0.0358083 0.263204 0.0366943 0.000142499 0.00695603 0.0266386 0.00429467 0.0121917 0.22936 0.0817072 0.00366376 0.0134776 
0.00224519 0.152318 0.00231305 0.142993 0.0940541 0.000673975 0.128552 0.03525 0.153921 0.0390773 0.000517134 0.0652851 0.0325864 0.00782925 0.000352565 0.0993039 0.0205231 0.00029481 0.0219106 
0.0101372 0.0350641 0.00302317 0.0812107 0.0094062 0.000103036 0.0805197 0.173247 0.201708 0.13649 0.00159025 0.0151525 0.0843346 0.00390966 0.00027366 0.0947712 0.0543015 0.00354598 0.0112119 
0.00104524 0.063108 0.00744911 0.0794922 0.00811119 0.000225573 0.180043 0.111796 0.214033 0.0798214 0.000706159 0.0262014 0.0296924 0.00525716 5.3554e-05 0.108231 0.0642048 0.00506914 0.0154593 
0.00202302 0.0729519 0.000617525 0.0105178 0.00231571 8.11282e-05 0.0392987 0.145727 0.368657 0.0203631 7.1062e-05 0.0648055 0.0482587 0.000770786 0.000726244 0.163251 0.0152302 0.0138411 0.0304924 
0.00509657 0.0347424 0.000452456 0.147327 0.0160936 1.0421e-05 0.120157 0.0151721 0.442247 0.00684782 3.9122e-06 0.027329 0.0272291 0.00889639 0.000980472 0.0815396 0.0273644 0.0158077 0.0227029 
0.00789684 0.0601304 0.000329757 0.133888 0.0020882 0.000112621 0.02382 0.0102829 0.300484 0.0102364 1.35812e-05 0.0318651 0.0335618 0.00455174 0.00049225 0.150021 0.00489889 0.0591967 0.16613 
0.0499428 0.0062658 0.00251593 0.106596 0.0130353 0.000101666 0.00858421 0.207881 0.27995 0.0760182 2.75167e-06 0.0487653 0.041516 0.0035802 0.000264696 0.0334563 0.068712 0.00794957 0.0448629 
0.000446904 0.0168066 0.0033852 0.0770784 0.016331 0.000114787 0.0354116 0.0552584 0.60544 0.0554907 1.25594e-05 0.0284129 0.0116163 0.00491591 0.000156837 0.0480156 0.0209087 0.00153461 0.0186626 
0.00415941 0.0397854 0.00463562 0.0632028 0.0219243 0.000335081 0.0854339 0.0722912 0.310598 0.0334187 0.000984585 0.0746529 0.0260738 0.0319944 0.00055494 0.15497 0.0225898 0.00524836 0.0471465 
0.00793007 0.0586098 0.000386139 0.0483259 0.00308333 3.04435e-05 0.0301692 0.106464 0.466033 0.0208525 0.000650378 0.0454964 0.0707161 0.00566114 0.000231903 0.0669881 0.010285 0.0186005 0.0394864 
0.0031113 0.0404164 0.000709347 0.0525417 0.0032256 0.000151335 0.0281878 0.0574015 0.506046 0.0156158 0.000371231 0.0381134 0.0212877 0.00584247 0.000483366 0.0707896 0.0349733 0.0452373 0.0754944 
0.00251966 0.018947 0.000753993 0.0310616 0.0579903 1.58213e-05 0.00799396 0.0376597 0.437768 0.0210627 0.000143204 0.0556315 0.0629994 0.0278905 0.000554973 0.0921008 0.0124027 0.00775703 0.124748 
0.00479615 0.0109618 0.000670996 0.00833313 0.0155579 1.23633e-05 0.0296151 0.0104106 0.333633 0.0375315 0.000109468 0.0178308 0.209875 0.0431654 0.00882546 0.0678118 0.00935295 0.0311167 0.16039 
0.00424637 0.0192636 0.00146833 0.0503095 0.00488544 3.83963e-05 0.0424711 0.0262646 0.530558 0.00666884 0.000158558 0.0852931 0.0107384 0.00581257 0.00131671 0.10281 0.0264128 0.0391612 0.0421228 
0.0420753 0.0487415 0.0145927 0.109379 0.00802775 0.000185721 0.0468015 0.0294321 0.325129 0.0541819 0.00185725 0.0342127 0.0156278 0.0106574 0.00218929 0.0697251 0.0537513 0.00629731 0.127135 
0.00405535 0.00948914 0.000173618 0.0971649 0.00507566 1.54129e-07 0.193642 0.105329 0.367231 0.0075492 0.00132202 0.00541627 0.00745321 0.00570304 6.06074e-05 0.167565 0.0224071 2.17409e-06 0.000360753 
0.0025243 0.0303265 0.00399149 0.169265 0.0394297 0.000322275 0.0593942 0.0286474 0.255086 0.236059 0.00695244 0.0343095 0.0324519 0.00746115 0.00344972 0.0523972 0.0185595 0.00554469 0.0138286 
