0.000231143 0.160968 0.0079439 0.0470699 0.0101076 0.0413918 0.0395491 0.0334497 0.0238686 0.374063 0.00201707 0.0330213 0.0152826 0.00806229 0.000541742 0.0858142 0.076441 0.000226779 0.0399508 
0.00433634 0.0246494 0.00306441 0.0830272 0.0728969 9.32446e-05 0.0114569 0.088796 0.0289618 0.340332 0.00469657 0.0330241 0.0478106 0.0194778 0.00121398 0.0448978 0.186841 0.0002881 0.00413619 
0.00036876 0.146248 0.0181354 0.0424377 0.0241877 4.56508e-05 0.138307 0.0276906 0.0166047 0.159973 0.000258604 0.154834 0.0560394 0.00180338 0.00903758 0.140145 0.0485433 0.00233749 0.0130028 
0.00329955 0.0638934 0.00473584 0.0780197 0.0246919 4.72865e-05 0.0915162 0.0243083 0.132127 0.180199 0.0110856 0.0646269 0.022633 0.023458 0.0117034 0.119625 0.0730571 0.0202037 0.0507684 
0.00570044 0.0879566 0.00954124 0.0644541 0.0400484 0.000724871 0.0940251 0.019036 0.0223307 0.197827 0.0761393 0.140465 0.0344666 0.000857611 7.27979e-06 0.183622 0.0217647 0.000432831 0.000599807 
0.000841969 0.020375 0.0139268 0.195187 0.0729656 2.82882e-07 0.0411549 0.0140775 0.161779 0.224043 0.000474952 0.00380252 0.0115557 0.00777993 3.75898e-05 0.033115 0.160069 0.00389783 0.0349176 
0.00048832 0.071303 0.00847404 0.0711351 0.0518822 1.20392e-06 0.111767 0.0938206 0.0261947 0.287795 6.54607e-05 0.0650932 0.0251589 0.00348192 7.55297e-05 0.0654656 0.0946455 0.00166341 0.0214892 
0.000439675 0.0687474 0.0718789 0.0295607 0.137105 0.000471061 0.0270873 0.0565578 0.0243109 0.29331 0.000966934 0.0636144 0.0454107 0.00262971 0.00161343 0.0635392 0.103559 0.000966049 0.00823203 
0.0026636 0.0536203 0.0574676 0.0650018 0.054772 0.000180137 0.0800985 0.025631 0.0289983 0.382781 0.000885016 0.0304429 0.0162362 0.00751707 0.000171611 0.0486772 0.134588 0.00147373 0.00879423 
0.000261991 0.0357245 0.0490633 0.0165797 0.0450933 6.90285e-05 0.00628646 0.0628569 0.00577988 0.581351 0.00373874 0.0337474 0.0139656 0.00123889 2.64118e-05 0.0370551 0.105407 1.20144e-05 0.00174213 
0.00191871 0.04714 0.0690398 0.0214976 0.0693646 0.000204706 0.0272778 0.0159018 0.00459182 0.632883 0.000722987 0.0342516 0.00791758 0.00153852 5.52918e-05 0.0433627 0.0159761 0.00330537 0.00304979 
0.00800161 0.0718217 0.0706392 0.0855927 0.0850568 0.000617155 0.0398635 0.0262742 0.024469 0.364231 0.000608266 0.0255444 0.0109328 0.00149158 0.000207308 0.0992512 0.0811046 0.000870249 0.00342282 
0.000373003 0.0452737 0.044589 0.0366677 0.16453 9.89411e-05 0.00900644 0.00737241 0.0126857 0.539717 0.000836567 0.0528522 0.0188322 0.00385097 2.87298e-05 0.0275792 0.0108386 0.000159315 0.024708 
0.00537741 0.100355 0.0919714 0.106198 0.0870673 0.000119432 0.093837 0.00105739 0.0234256 0.275524 0.00613827 0.00570433 0.00429489 0.000210774 4.81149e-06 0.173736 0.0182292 3.47391e-06 0.00674554 
0.00074388 0.0758766 0.0694751 0.0921821 0.0420971 0.000192128 0.0717159 0.0272974 0.0209058 0.26369 0.000871157 0.0991693 0.0291158 0.00695634 0.000711394 0.0786597 0.101623 0.000745799 0.0179714 
0.00610997 0.031292 0.0122534 0.113184 0.00944647 4.61194e-06 0.123502 0.0958128 0.0360141 0.285921 0.000247226 0.0144362 0.0161971 0.00209799 3.17683e-06 0.0796599 0.16278 0.0048137 0.00622488 
0.00218629 0.07927 0.0223051 0.0551715 0.0964436 7.6755e-05 0.054903 0.0311152 0.0246996 0.396285 0.000810524 0.0455975 0.0192714 0.00256759 0.000259583 0.0660454 0.0827716 0.000666706 0.0195534 
0.00449942 0.0681981 0.0774173 0.0374174 0.0295771 3.88519e-05 0.0564366 0.0700592 0.0250837 0.257671 0.00153602 0.0379038 0.0209143 0.0045049 2.67624e-05 0.093061 0.205914 0.00284191 0.00689901 
0.0041012 0.0711237 0.126156 0.0662629 0.114776 0.000971825 0.049773 0.0269976 0.0244366 0.301815 0.00293705 0.0377689 0.0173653 0.00975511 0.00110497 0.0683002 0.0529345 0.00387242 0.0195477 
0.000784907 0.0508298 0.0698645 0.018698 0.0597335 3.56892e-05 0.0254669 0.0146991 0.00372856 0.642535 0.000556072 0.0392861 0.0103958 0.00175723 7.82922e-06 0.039539 0.0187043 0.00107938 0.00229822 
7.25473e-07 0.0125635 0.0123491 0.00532468 0.0908405 2.22766e-07 0.00175914 0.0326483 0.00245966 0.636943 0.0168407 0.0467095 0.00860648 0.000237989 2.76903e-06 0.118771 0.012979 1.94156e-05 0.000944148 
0.000463533 0.0796603 0.00326622 0.0645469 0.0464433 0.000297878 0.0207678 0.0328528 0.0172545 0.265999 0.00468788 0.0655895 0.168346 0.0209761 0.000353276 0.16924 0.0266566 0.000283327 0.0123152 
0.00520882 0.0925306 0.0250912 0.0548327 0.0231451 7.22872e-05 0.0469222 0.0271401 0.0327085 0.400327 0.00389163 0.0256695 0.0674182 0.00181813 5.20251e-05 0.121459 0.0624193 7.20476e-05 0.00922094 
0.00394258 0.0190351 0.0503089 0.0177824 0.0540984 0.000204093 0.0151039 0.0379552 0.00805144 0.652119 0.00464268 0.0269615 0.0196287 0.000875149 5.0254e-05 0.0455035 0.0357013 0.00157143 0.00646469 
8.11653e-07 0.0454957 0.00105675 0.0240857 0.0073841 5.70836e-05 0.0697582 0.0319585 0.00472356 0.66332 0.00588853 0.0120203 0.0234894 0.000411256 4.25416e-05 0.0107116 0.0951214 1.35251e-05 0.00446064 
0.0243721 0.0509279 0.0210493 0.162652 0.00899287 5.19985e-05 0.0959027 0.0440365 0.0252479 0.348509 0.000587871 0.0296305 0.0132252 0.000366435 1.72361e-05 0.115115 0.0523554 0.00195072 0.0050094 
4.63637e-05 0.0582789 0.0281117 0.0141234 0.0519963 8.42156e-06 0.0146814 0.0173015 0.00922506 0.367348 0.0026926 0.328675 0.0240103 0.00164339 5.13632e-05 0.0317696 0.0464017 5.94124e-06 0.00362905 
0.00246015 0.0629862 0.00418838 0.0413015 0.0399348 0.000131823 0.0280335 0.0287726 0.00949533 0.656838 0.00081214 0.0258077 0.00543333 0.00095045 0.000636832 0.0353186 0.0403833 0.00314762 0.0133681 
0.000305366 0.0165561 0.0119529 0.0183217 0.0171127 6.14014e-05 0.0295399 0.00728597 0.0116721 0.829839 0.00055272 0.00920734 0.00432623 0.00074401 0.000398013 0.025914 0.0117175 0.000411154 0.00408198 
0.00171053 0.0431586 0.0113218 0.052655 0.017075 0.000131807 0.0106589 0.0241401 0.185226 0.31557 8.72526e-05 0.0443087 0.0182603 0.00376278 0.00041016 0.0670121 0.0975601 0.0962529 0.0106976 
0.00708516 0.0614408 0.0273729 0.155684 0.127182 0.000161182 0.0655338 0.0526899 0.0274298 0.244088 0.000797668 0.056282 0.0110456 0.0032096 0.000329259 0.0656484 0.0780584 0.00354275 0.012419 
0.000783883 0.0241655 0.0150495 0.0312725 0.0182258 6.59441e-06 0.0641304 0.012495 0.0164577 0.7201 0.000940816 0.0084035 0.00523002 0.00134849 1.22835e-06 0.041329 0.0342553 0.000359492 0.00544507 
0.000358853 0.112494 0.0256654 0.110792 0.0130918 0.000149886 0.0570102 0.0191622 0.0938879 0.229596 0.00764295 0.0496216 0.0658351 0.000977094 0.000416177 0.115865 0.06104 0.000356321 0.0360362 
9.5431e-06 0.112989 0.0389904 0.0578788 0.151954 1.12367e-07 0.0257438 0.00346402 0.00666801 0.385962 0.00390866 0.0712198 0.00117099 0.0144765 1.29135e-05 0.0998959 0.0240547 6.14543e-07 0.00160045 
0.0232656 0.074126 0.0255937 0.183207 0.0682394 0.00105722 0.149687 0.0215865 0.0259985 0.251233 0.000813515 0.0188783 0.0113278 0.00639285 9.3616e-05 0.0726013 0.056457 0.000170798 0.00927095 
0.000206971 0.0168886 0.177676 0.00748448 0.0219687 2.62752e-06 0.00471836 0.0424531 0.0160067 0.5769 0.000483297 0.0191214 0.012848 0.000785381 0.000523379 0.0705871 0.0291125 0.000122342 0.00211129 
1.25822e-05 0.0136303 0.0117536 0.0165885 0.00921296 2.13735e-06 0.026114 0.00521357 0.00900739 0.868684 0.000412315 0.00638622 0.00297181 0.000300487 3.2975e-05 0.0175171 0.00950911 3.25997e-05 0.00261857 
0.00735245 0.105372 0.00872017 0.0835892 0.0887719 0.000235205 0.0745925 0.0267571 0.0428569 0.174254 0.00126959 0.086872 0.0382184 0.0145295 0.000314912 0.153173 0.0625722 0.00867257 0.0218759 
0.000834433 0.0199273 0.016317 0.0210814 0.0162245 3.22151e-06 0.050146 0.0125981 0.0127888 0.778831 0.000585986 0.00786163 0.00370573 0.00139836 1.61758e-05 0.0353738 0.0176343 0.000381147 0.00429122 
0.00456904 0.0920811 0.00959313 0.0186163 0.189039 5.83799e-05 0.0112278 0.0213024 0.00950252 0.536282 0.00102106 0.00544771 0.0230465 0.000356245 6.7149e-06 0.0361864 0.0378392 0.00199287 0.00183214 
0.000176238 0.029596 0.025943 0.0156608 0.0526409 5.40574e-05 0.00584401 0.014372 0.00989595 0.646648 0.0358817 0.0542068 0.0135556 0.00136681 1.31831e-05 0.022207 0.0689399 5.21562e-06 0.00299314 
0.0165366 0.0877798 0.0517757 0.0353227 0.0704888 0.0113827 0.054937 0.0306399 0.02573 0.296843 0.0021326 0.0734466 0.0221956 0.00152053 0.000161589 0.0932502 0.107535 0.00566932 0.0126531 
0.0014109 0.13313 0.0146358 0.0453243 0.0428717 3.10544e-06 0.0296744 0.0655146 0.0453152 0.335147 0.0109292 0.0666741 0.0679128 0.0017005 0.000105427 0.0847232 0.0246227 0.00242434 0.0278806 
0.00440583 0.0521139 0.00732039 0.086956 0.108309 0.00065326 0.0462137 0.022098 0.0243972 0.448203 0.00130089 0.0351442 0.0159267 0.015334 0.0024708 0.0574094 0.0575877 0.00191344 0.0122433 
0.00359086 0.0870662 0.00406725 0.0507639 0.044834 9.39247e-05 0.00814367 0.0332503 0.026852 0.230986 0.225874 0.0429641 0.0430964 0.0145099 0.00475935 0.0855019 0.0336184 0.00447152 0.0555562 
4.13297e-05 0.0485986 0.0211594 0.0184434 0.044109 0.000802402 0.0256299 0.0173403 0.0126455 0.519131 0.000102543 0.0502857 0.0972864 0.00425658 0.000445416 0.104583 0.0335348 8.87887e-05 0.00151609 
0.00103519 0.0650462 0.0249495 0.0172017 0.0720935 0.00324576 0.0220729 0.0568644 0.0140669 0.26647 0.00209837 0.0387961 0.115355 0.00759066 0.000231607 0.054539 0.230346 0.000713975 0.00728278 
1.65213e-05 0.0225861 0.0137215 0.0847838 0.0427669 0.00151536 0.15573 0.0146974 0.00429525 0.491629 0.00225308 0.00250344 0.00226027 5.03712e-05 1.59747e-06 0.0614698 0.0196408 4.41438e-06 0.0800742 
0.00191871 0.04714 0.0690398 0.0214976 0.0693646 0.000204706 0.0272778 0.0159018 0.00459182 0.632883 0.000722987 0.0342516 0.00791758 0.00153852 5.52918e-05 0.0433627 0.0159761 0.00330537 0.00304979 
0.000157663 0.00650127 0.00932825 0.0597596 0.0192891 2.10583e-06 0.13016 0.00766965 0.0310963 0.619714 0.000952008 0.0034648 0.0012589 0.000488093 0.0139405 0.0451348 0.0346333 1.1661e-05 0.0164374 
0.000480119 0.0905722 0.0411519 0.0307238 0.224067 0.000452158 0.0231773 0.0212437 0.0272567 0.25769 0.00521982 0.114579 0.0234825 0.00878499 0.00028577 0.0573627 0.0422364 0.0155634 0.0156703 
0.0016217 0.0396793 0.0149268 0.0872203 0.102352 0.000464961 0.0427014 0.059955 0.109422 0.181213 0.000932433 0.0637034 0.0833424 0.00555711 0.00010122 0.104274 0.0168783 0.00864851 0.0770063 
0.00400738 0.145358 0.0882051 0.0484897 0.0278244 0.00123687 0.0404467 0.0189695 0.0199573 0.396689 0.001777 0.0277781 0.0319613 0.000914838 5.33568e-06 0.0802928 0.0575852 1.06224e-05 0.00849039 
0.000604917 0.0783129 0.00906134 0.0438734 0.031216 5.98578e-07 0.0283845 0.068067 0.0492044 0.407642 0.00124182 0.0635956 0.0234958 0.00198011 0.000173219 0.0889256 0.0886308 6.36907e-06 0.0155833 
0.000834433 0.0199273 0.016317 0.0210814 0.0162245 3.22151e-06 0.050146 0.0125981 0.0127888 0.778831 0.000585986 0.00786163 0.00370573 0.00139836 1.61758e-05 0.0353738 0.0176343 0.000381147 0.00429122 
0.000784907 0.0508298 0.0698645 0.018698 0.0597335 3.56892e-05 0.0254669 0.0146991 0.00372856 0.642535 0.000556072 0.0392861 0.0103958 0.00175723 7.82922e-06 0.039539 0.0187043 0.00107938 0.00229822 
0.00182494 0.0613726 0.0477382 0.029658 0.0447027 0.000596265 0.0541321 0.0264614 0.0453069 0.407636 0.0135383 0.0811913 0.0576246 0.00184061 0.00203415 0.0912942 0.0211284 0.00242688 0.00949234 
0.00119942 0.00904826 0.0040018 0.00771349 0.036715 7.17281e-06 0.00801599 0.0419987 0.0304088 0.76617 0.000456819 0.0158099 0.00569953 0.000733818 7.40201e-06 0.0507814 0.0179286 0.00176974 0.00153459 
0.00207135 0.0876789 0.0155638 0.0745097 0.164048 7.647e-05 0.0326657 0.0307175 0.0282244 0.36622 0.00166176 0.0319045 0.0106989 0.0173401 6.80571e-05 0.0587357 0.0626509 0.000917625 0.014246 
0.000101573 0.00656732 0.0104184 0.0260173 0.141885 1.10119e-11 0.0747779 0.162731 0.0146205 0.46571 8.76323e-05 0.0162453 0.0085316 0.000605167 7.05522e-06 0.01727 0.0504952 4.46996e-05 0.0038849 
0.000329842 0.0354013 0.0334155 0.021803 0.0648393 0.00044577 0.0325984 0.0237315 0.013119 0.537849 0.00184567 0.0320192 0.00797647 0.0023396 0.000156002 0.124196 0.0608512 0.000261809 0.00682151 
0.00208398 0.0308237 0.0993362 0.0207054 0.0457551 3.17037e-06 0.0200938 0.0308965 0.0192306 0.567746 0.00319751 0.0478652 0.01948 0.000821981 2.42746e-06 0.0483887 0.0149674 0.0044959 0.0241068 
0.000683119 0.0611343 0.0481442 0.0606133 0.0742664 0.000133411 0.0714414 0.0156708 0.0693504 0.194743 0.00120059 0.127919 0.0184567 0.00146093 0.000157671 0.16753 0.0691725 0.00136184 0.0165599 
0.0330006 0.0915256 0.0263413 0.0725998 0.0590943 0.000589439 0.103992 0.0267801 0.0314408 0.234603 0.0156842 0.0244631 0.0669514 0.0216521 0.0008194 0.118463 0.0645911 0.00243582 0.00497208 
0.00130488 0.0332788 0.0500523 0.0189156 0.049451 0.000139254 0.0281411 0.0336601 0.00833704 0.676773 0.000491798 0.0285788 0.00747394 0.00107537 3.76257e-05 0.0437753 0.0140655 0.00230929 0.00213921 
0.00103519 0.0650462 0.0249495 0.0172017 0.0720935 0.00324576 0.0220729 0.0568644 0.0140669 0.26647 0.00209837 0.0387961 0.115355 0.00759066 0.000231607 0.054539 0.230346 0.000713975 0.00728278 
6.13672e-05 0.0665066 0.0225243 0.162113 0.00839055 2.65953e-05 0.100452 0.00399222 0.0409608 0.395406 1.8608e-05 0.0765488 0.0142085 0.00780746 0.000243267 0.0466416 0.0403406 0.00106852 0.0126897 
0.000852664 0.0272591 0.0190695 0.0213168 0.0186094 3.12956e-06 0.0389598 0.0142632 0.014205 0.746375 0.000613381 0.0145715 0.00676291 0.00222708 9.67313e-07 0.0443143 0.0249651 0.00039418 0.00523696 
0.0145549 0.0190875 0.0216593 0.0358217 0.0425216 3.21033e-07 0.0195255 0.0665503 0.0479239 0.293426 0.00143533 0.0625464 0.0963042 0.0442903 0.000284973 0.0686274 0.0943191 0.00383737 0.0672837 
0.00118899 0.0442043 0.0875045 0.0162147 0.0494739 0.000785766 0.00781176 0.0412365 0.023466 0.51028 0.00704079 0.11207 0.0199277 0.000675681 8.63502e-05 0.0344156 0.0421047 4.19358e-06 0.00150879 
8.19242e-05 0.0081894 0.00752529 0.0620508 0.00769697 0.00180128 0.0131679 0.052651 0.0206726 0.581561 0.00149081 0.0231598 0.012279 0.00229614 0.000102339 0.0227888 0.158981 0.00010797 0.0233957 
0.000540084 0.0175632 0.00473759 0.188282 0.11208 2.85463e-05 0.0285415 0.0123721 0.0381956 0.430216 0.000925207 0.0784077 0.0140975 0.00906992 0.000556653 0.0289662 0.0264356 0.00436517 0.0046199 
1.93777e-08 0.00293167 3.44812e-07 0.00762659 0.216544 4.81687e-13 1.07225e-07 0.000168466 3.99224e-14 0.772016 6.26971e-07 0.000710484 1.37201e-06 4.80925e-08 5.4389e-09 5.60727e-08 1.97913e-07 1.12349e-09 4.99874e-08 
0.00216492 0.0517444 0.182015 0.0691832 0.078695 6.17999e-05 0.0778018 0.0340336 0.0348549 0.184917 0.00130353 0.0537163 0.0263784 0.023053 0.000228983 0.105065 0.054097 0.00216325 0.0185223 
0.00278079 0.0509678 0.0186809 0.0283762 0.0531429 4.23408e-05 0.0234483 0.0512509 0.0412529 0.478078 0.00164032 0.0462715 0.0227949 0.0131116 0.000132315 0.108717 0.0435601 0.00280522 0.0129459 
0.000123968 0.0328524 0.0103566 0.00781167 0.16395 4.54398e-07 0.00533803 0.0237626 0.0104896 0.416246 0.00107626 0.044748 0.00105903 0.000388677 7.91869e-06 0.0311449 0.243386 0.000109395 0.00714813 
0.00242439 0.0410676 0.0143858 0.118858 0.0695569 0.000297526 0.143475 0.0273494 0.035172 0.253961 0.000673852 0.0399425 0.0386272 0.00303393 0.0033572 0.118958 0.0794746 0.000510797 0.00887464 
0.000120136 0.156791 0.0379054 0.0148393 0.134635 0.000263925 0.0303338 0.0232823 0.0382882 0.197849 0.0012048 0.141556 0.0627792 0.000456323 0.000213124 0.0973713 0.0556748 0.000311689 0.00612518 
0.000859248 0.0317444 0.00559269 0.0698178 0.21222 0.000359827 0.0860682 0.0169367 0.0488016 0.293504 0.00103621 0.0182201 0.00667546 0.00436528 0.000290421 0.0589968 0.134501 0.00485315 0.00515623 
4.67398e-05 0.0218271 0.0143252 0.00325932 0.0780694 0.000222942 0.00319903 0.0257393 0.00712522 0.659342 0.000486435 0.115542 0.00736772 0.000811627 0.0012077 0.025475 0.0351271 6.34022e-05 0.000763123 
0.00113501 0.0887703 0.00614543 0.233026 0.0120546 0.0500772 0.0387504 0.0530122 0.0250339 0.296093 0.0210083 0.0334401 0.00741245 0.0197433 0.000577715 0.0609599 0.0270243 9.97953e-05 0.0256363 
3.98672e-05 0.0288347 0.00650038 0.0219369 0.0544378 0.000228791 0.01068 0.0371192 0.00727361 0.556237 0.004724 0.0403404 0.0872076 0.00197907 0.000253179 0.0419291 0.062582 0.000142243 0.0375543 
0.00909561 0.0545886 0.0110356 0.164821 0.0234539 6.44179e-06 0.132649 0.0155012 0.0500527 0.232693 0.0027211 0.0463111 0.0113182 0.00454391 4.11617e-05 0.179803 0.0497209 0.000471014 0.0111736 
0.00387247 0.0621331 0.00499828 0.202659 0.0906741 0.000227683 0.0762007 0.0340487 0.0256243 0.298003 0.000725332 0.0314386 0.0659284 0.00104671 4.43317e-06 0.0427638 0.0437224 0.000450422 0.0154779 
0.00286417 0.0615184 0.0170297 0.0412658 0.219013 0.00159094 0.0184731 0.0858054 0.0134185 0.277743 0.00278881 0.0387712 0.0311465 0.00237647 6.5396e-05 0.133603 0.0433736 0.000606891 0.00854672 
0.00251554 0.0903435 0.0212856 0.157102 0.0784627 2.59365e-05 0.0795741 0.066777 0.0440299 0.159749 0.00108547 0.0323 0.0105036 0.0303299 0.000147989 0.120953 0.0778827 0.00217229 0.0247595 
0.00624296 0.118066 0.0492119 0.144593 0.0413798 0.000389678 0.0713076 0.0431499 0.0139018 0.286881 0.00137645 0.0329584 0.0281749 0.00687084 0.000189768 0.061652 0.091094 0.000139507 0.00242013 
0.00702693 0.055135 0.187244 0.0825367 0.146517 5.42547e-05 0.0668561 0.0114792 0.0152271 0.221016 0.0191154 0.0180537 0.00684476 0.00631489 0.000190427 0.0767087 0.0667133 0.000261363 0.0127054 
0.00254045 0.0520333 0.0287116 0.0495796 0.0133822 0.000233126 0.0720617 0.0271029 0.027673 0.262552 0.000779609 0.062923 0.110624 0.00215477 0.00169195 0.145842 0.087126 0.00704522 0.0459434 
0.0029064 0.0635462 0.0121629 0.0627623 0.0647083 0.000234153 0.0370086 0.0404979 0.0255873 0.4254 0.001901 0.0393761 0.0181804 0.00895409 0.00032652 0.087174 0.0936431 0.00353784 0.0120925 
0.000944138 0.0225827 0.0184888 0.0238906 0.018386 3.54669e-06 0.0399958 0.0142763 0.0144925 0.76622 0.000662819 0.00890859 0.00419869 0.0015836 1.09624e-06 0.0400884 0.0199834 0.000431018 0.00486184 
0.00556486 0.0478745 0.00921052 0.166673 0.013507 3.12674e-05 0.154069 0.0346218 0.0689672 0.226539 0.0142592 0.00803633 0.0589409 0.00304861 0.0301699 0.118702 0.0369787 7.48494e-06 0.00279904 
4.67398e-05 0.0218271 0.0143252 0.00325932 0.0780694 0.000222942 0.00319903 0.0257393 0.00712522 0.659342 0.000486435 0.115542 0.00736772 0.000811627 0.0012077 0.025475 0.0351271 6.34022e-05 0.000763123 
0.00111423 0.0607202 0.0307912 0.0884651 0.0482348 0.000301903 0.0552213 0.0428556 0.011181 0.384222 0.000801636 0.102485 0.0249161 0.0152048 7.70504e-05 0.0828868 0.0306133 0.00204467 0.0178635 
3.19283e-05 0.0237984 0.00630589 0.0119506 0.0987205 0.000131849 0.00321873 0.0122849 0.008091 0.699619 0.00187864 0.0655497 0.00581998 0.00264496 2.72923e-05 0.0351365 0.014997 1.3739e-05 0.0097794 
0.00251869 0.029503 0.00405871 0.212733 0.138434 0.000230343 0.0418255 0.0232503 0.0553326 0.214231 0.00144352 0.015081 0.0334833 0.00800483 0.0050866 0.126587 0.0185177 0.0017457 0.0679329 
0.00596097 0.0689677 0.0298156 0.063287 0.167153 4.46376e-05 0.0770248 0.0280523 0.0171473 0.300886 0.00172181 0.0740136 0.0156918 0.0130205 7.22208e-05 0.0674357 0.0483399 0.00286424 0.0185015 
0.000969426 0.0586647 0.0126412 0.0468774 0.039665 0.00015822 0.0422764 0.0245692 0.0291767 0.538016 0.00104256 0.032584 0.0166804 0.00404338 0.000337508 0.0534139 0.092975 0.00113741 0.00477134 
4.81027e-05 0.00750999 0.0320203 0.00634565 0.0522621 2.09938e-09 0.00133379 0.0121215 0.00929029 0.779562 0.000397191 0.050084 0.0110578 0.000304333 1.13813e-06 0.0038559 0.0333285 2.46468e-06 0.000474599 
0.0013417 0.0111202 0.0100954 0.0290066 0.16899 3.51975e-07 0.0748018 0.136536 0.0207893 0.393281 0.000875065 0.0276805 0.0173034 0.00219097 0.000306969 0.0366083 0.0511134 0.00355494 0.0144042 
3.99535e-05 0.0439936 0.0230616 0.0620958 0.105851 1.96978e-06 0.0526128 0.0137819 0.0136809 0.512611 0.00431786 0.039444 0.00623697 0.0116864 2.0608e-05 0.0717613 0.030371 9.40502e-06 0.00842194 
0.00316505 0.0407154 0.0439197 0.09191 0.145353 1.05995e-05 0.0524998 0.0181081 0.0254826 0.423042 0.00149318 0.0259724 0.00828103 0.00520692 0.000755787 0.0555115 0.0401227 0.00182608 0.0166236 
0.00692189 0.0775665 0.0183746 0.0765248 0.0334187 0.00886063 0.0868887 0.0164999 0.0195127 0.491919 0.000579154 0.0253625 0.0170911 0.00349466 0.00224827 0.0744079 0.031993 0.00040717 0.00792867 
0.00203774 0.0354857 0.00922528 0.0178869 0.0538894 8.62987e-05 0.0154982 0.0212151 0.0115953 0.330621 0.230372 0.0308656 0.0193579 0.00511392 1.71312e-05 0.0719725 0.134179 0.000184471 0.0103964 
0.00790035 0.0842695 0.0117582 0.116477 0.09664 0.000204666 0.0514305 0.0279971 0.0262796 0.291645 0.0141123 0.0374197 0.0169836 0.00669852 0.00028088 0.0712603 0.131148 0.000452429 0.00704219 
0.00468278 0.0693722 0.0296323 0.099812 0.0755855 0.000821481 0.0907871 0.0354095 0.0296122 0.271209 0.00247954 0.0449282 0.0314173 0.00639287 0.00124776 0.0906705 0.0996214 0.00218993 0.0141283 
0.00831698 0.0622909 0.0507764 0.016856 0.0409725 4.58259e-06 0.0130247 0.134963 0.0212896 0.50404 0.000155548 0.0568242 0.0182534 0.0055255 1.13338e-06 0.0170605 0.0457196 0.000560728 0.0033643 
0.000809484 0.104465 0.0169333 0.0990416 0.142687 3.66336e-05 0.0297679 0.00539351 0.0161516 0.210403 0.0088478 0.0787244 0.00709133 0.0474992 7.32282e-05 0.128395 0.0628279 0.00014809 0.0407042 
0.00091799 0.0529879 0.0170718 0.107075 0.0369086 0.00063252 0.0351002 0.0240376 0.0130422 0.536784 0.000791612 0.0424472 0.0412499 0.00165072 0.000106015 0.0657445 0.0149956 0.000342687 0.00811319 
0.00340595 0.0529956 0.0184979 0.207736 0.0501093 0.00284779 0.0295642 0.0180911 0.0524788 0.388495 0.00324108 0.0311011 0.0178668 0.00465592 1.21138e-05 0.0762152 0.0340341 9.56002e-05 0.00855716 
0.00244388 0.050275 0.160699 0.119941 0.139807 1.57759e-05 0.0585268 0.0151818 0.0167777 0.23285 0.00101566 0.0162173 0.00444408 0.00077551 3.18509e-05 0.0633702 0.113731 0.000860646 0.00303702 
0.00496644 0.0529451 0.056753 0.0498656 0.0601734 0.000133643 0.027455 0.0501693 0.0556286 0.289002 0.00364965 0.0686865 0.0280541 0.0018852 0.00120585 0.10868 0.0991506 0.00200657 0.0395899 
0.00556486 0.0478745 0.00921052 0.166673 0.013507 3.12674e-05 0.154069 0.0346218 0.0689672 0.226539 0.0142592 0.00803633 0.0589409 0.00304861 0.0301699 0.118702 0.0369787 7.48494e-06 0.00279904 
0.000438927 0.124168 0.0308197 0.0790473 0.0338072 0.000205787 0.0132467 0.0911316 0.0147854 0.157295 0.000387331 0.156897 0.0504383 0.00275117 4.94641e-05 0.138065 0.0902942 0.00146641 0.0147051 
0.000212856 0.0570377 0.0178217 0.0246585 0.0282987 6.57074e-05 0.0186555 0.0281855 0.00555871 0.391565 0.00752471 0.064988 0.0208013 0.0476636 4.12926e-06 0.056019 0.197919 0.00521862 0.0278021 
0.00408321 0.101943 0.0381521 0.146958 0.0614045 0.00046756 0.0709218 0.0140885 0.0248235 0.207393 0.00217064 0.0333159 0.0109941 0.00116969 2.45147e-05 0.117225 0.155839 0.0013912 0.007636 
0.00903338 0.0449344 0.007929 0.248533 0.0397697 2.43639e-05 0.151596 0.00231824 0.00727526 0.36319 0.000965973 0.0191345 0.00510083 0.000856852 7.1761e-05 0.0482647 0.0287184 0.000143849 0.022139 
0.000784907 0.0508298 0.0698645 0.018698 0.0597335 3.56892e-05 0.0254669 0.0146991 0.00372856 0.642535 0.000556072 0.0392861 0.0103958 0.00175723 7.82922e-06 0.039539 0.0187043 0.00107938 0.00229822 
9.07422e-05 0.024459 0.122466 0.00427549 0.0124833 8.78384e-05 0.0572395 0.108581 0.00753519 0.470488 9.90568e-05 0.0307795 0.0162581 0.000760559 0.000159085 0.0378054 0.0710528 0.000145885 0.0352335 
0.00386046 0.094651 0.0260476 0.055889 0.0170923 9.38466e-06 0.0460415 0.0256181 0.0308313 0.41902 0.00391769 0.0228801 0.0674951 0.00119684 3.72115e-06 0.114627 0.0631857 2.43762e-06 0.00763051 
0.00548822 0.0633565 0.0674179 0.055332 0.133361 0.000272721 0.0358377 0.0261896 0.0178845 0.372579 0.0020237 0.042033 0.018616 0.00563625 0.000465736 0.0770851 0.0597483 0.00147989 0.0151925 
0.00285966 0.0644105 0.0305705 0.111384 0.0185371 0.000238687 0.0912808 0.029154 0.0360179 0.308305 0.00169844 0.0496024 0.0206146 0.00879001 0.00127917 0.139934 0.0726072 0.00302865 0.00968774 
0.000720946 0.0206388 0.0143832 0.0368893 0.0220107 2.79461e-05 0.0529884 0.0109116 0.0128225 0.728313 0.000695026 0.0109522 0.00757534 0.00201595 0.000337794 0.048965 0.0175318 0.00039017 0.0118309 
0.0697446 0.0968068 0.0492625 0.0431883 0.0532996 0.00138481 0.0490536 0.0478861 0.0310375 0.242386 0.00116521 0.065559 0.0235687 0.0016639 0.000208261 0.130439 0.0889359 0.00031661 0.00409368 
0.0011739 0.0786024 0.00635331 0.0885927 0.0675131 0.00027625 0.10178 0.0196361 0.0410775 0.328799 0.00154591 0.0819865 0.020683 0.00452873 0.0042492 0.0976566 0.0435115 0.000565418 0.0114683 
0.00562904 0.145935 0.0222536 0.106098 0.0212064 6.32216e-05 0.147995 0.0508754 0.0248804 0.17787 0.00173892 0.0590067 0.0193515 0.00296724 5.69363e-05 0.123977 0.0759339 2.99217e-05 0.0141313 
0.0049057 0.0490573 0.150912 0.149269 0.0597425 0.000253541 0.064788 0.029718 0.028045 0.266686 0.00162462 0.0418731 0.0146147 0.00696519 0.000212962 0.0750006 0.0449583 0.00365029 0.0077234 
0.0143526 0.077669 0.0280217 0.0710759 0.0480561 0.000122053 0.075654 0.0344046 0.0310635 0.420472 0.000591892 0.0515386 0.0206731 0.00291326 0.000155327 0.0528986 0.0649894 0.000231582 0.00511712 
0.00135788 0.0906755 0.0304125 0.11955 0.0364071 0.000413618 0.120818 0.0393991 0.0448069 0.138665 0.0025708 0.064764 0.0336084 0.00271819 0.00106278 0.133765 0.112821 0.00374671 0.0224373 
0.00719352 0.103384 0.0820367 0.0502732 0.081327 0.00642004 0.107788 0.0246167 0.0219989 0.210377 0.0024796 0.0648064 0.0428357 0.00318654 4.21793e-05 0.12073 0.0485687 0.000843787 0.0210923 
0.00126998 0.0100798 0.0102574 0.0578267 0.0370438 6.46152e-05 0.123043 0.0115385 0.0359691 0.561255 0.00119006 0.00742812 0.00285093 0.0016068 0.0180503 0.0631225 0.0367607 0.000513007 0.0201296 
0.000783562 0.0308197 0.00730615 0.0417762 0.0757891 0.000324698 0.0478583 0.0318064 0.0176914 0.533808 0.00762919 0.0288857 0.0540546 0.00407251 0.000146908 0.0694867 0.042548 0.00116668 0.00404625 
0.0164523 0.0145797 0.107755 0.0570168 0.0379399 3.36317e-05 0.0257322 0.0743919 0.013409 0.550288 0.00207457 0.0105231 0.00210725 0.00085969 2.20562e-05 0.05253 0.0290882 8.46348e-05 0.00511222 
7.01949e-05 0.116724 0.0106537 0.0234094 0.0220553 0.000226712 0.0199147 0.16903 0.00873845 0.179545 0.000254933 0.107247 0.108997 0.00233763 1.24373e-05 0.07533 0.152457 7.14968e-06 0.00298868 
8.98875e-06 0.136401 0.0104337 0.00902742 0.0958077 1.83429e-05 0.0528412 0.0341861 0.0466445 0.2479 2.75731e-05 0.188663 0.0719132 0.000493495 1.84253e-07 0.0458319 0.0422777 1.61234e-06 0.0175214 
0.00053077 0.0351252 0.00327944 0.201805 0.0161279 0.00571894 0.151057 0.0240121 0.0323929 0.235071 0.0535016 0.0329329 0.0154236 0.0203637 4.46677e-05 0.0457876 0.0691836 0.0202039 0.0374377 
0.0126302 0.0667399 0.004654 0.151606 0.0444436 0.00039941 0.152601 0.0182002 0.0473039 0.218532 0.00160289 0.0426663 0.0296975 0.00448766 0.00175068 0.128827 0.0614604 0.00231157 0.0100856 
0.00213892 0.0481925 0.0300376 0.0683828 0.0547377 3.29508e-06 0.0348575 0.0609922 0.0633102 0.290821 0.00581602 0.0121297 0.00957454 0.00392229 0.000671443 0.117431 0.172836 8.81015e-06 0.0241364 
0.01085 0.0487772 0.0612655 0.112336 0.111027 0.000572005 0.0661206 0.0228306 0.028376 0.317119 0.000699951 0.0410325 0.0136645 0.00205031 0.00033228 0.0517093 0.0843826 0.000817474 0.0260363 
2.38918e-05 0.0608086 0.120595 0.0147326 0.0683326 9.2676e-05 0.0517395 0.0883089 0.0060268 0.235168 0.000658397 0.142897 0.0310329 0.00912125 3.12036e-06 0.0535575 0.0877342 0.0116468 0.0175195 
0.00208452 0.104022 0.00955339 0.0558287 0.0389844 4.06021e-05 0.0455504 0.0402809 0.020078 0.211461 0.000281026 0.0696998 0.155376 0.00263847 1.52498e-05 0.146481 0.0721263 0.0038714 0.0216271 
0.00207533 0.0351913 0.0369005 0.0390684 0.0182129 0.000198457 0.10791 0.0609007 0.0340887 0.250811 0.000299768 0.060641 0.00682742 0.00291229 0.000117492 0.16838 0.160798 0.0030318 0.0116362 
0.00491966 0.0509819 0.0203031 0.032563 0.112608 0.00109523 0.0471704 0.0735172 0.0355807 0.273619 0.0213126 0.0336733 0.012095 0.00341702 0.000690605 0.130378 0.125587 0.00279029 0.0176974 
0.000130667 0.0571538 0.0395197 0.0102911 0.0630219 4.79705e-05 0.0095283 0.046169 0.0102569 0.327035 0.00769384 0.0770287 0.220692 0.00254416 0.000100765 0.0582244 0.0635246 0.000187358 0.00685041 
0.00444815 0.0881629 0.00240318 0.111399 0.006579 0.000317333 0.0670518 0.0249937 0.0186926 0.412693 0.00096884 0.0570024 0.043251 0.00118126 0.000106274 0.113387 0.0291203 0.000211466 0.0180308 
0.00308264 0.075139 0.00203688 0.0449724 0.0468539 0.000245809 0.0645934 0.0507132 0.0348096 0.466856 0.000768293 0.0263067 0.0199119 0.00340562 0.00016754 0.0951995 0.0233325 0.000185117 0.0414199 
1.26023e-05 0.0516292 0.0342533 0.0625202 0.0579223 1.7557e-05 0.201813 0.0213744 0.030584 0.287708 1.30066e-05 0.0354753 0.0398492 0.000429208 0.000116607 0.141477 0.0324324 3.54396e-06 0.00236941 
0.00191871 0.04714 0.0690398 0.0214976 0.0693646 0.000204706 0.0272778 0.0159018 0.00459182 0.632883 0.000722987 0.0342516 0.00791758 0.00153852 5.52918e-05 0.0433627 0.0159761 0.00330537 0.00304979 
0.000756889 0.0855517 0.0308266 0.106593 0.019556 0.00032749 0.152077 0.0071169 0.0397399 0.349885 8.85084e-05 0.0682658 0.0160675 0.00036864 0.00100037 0.0435917 0.050508 0.00803943 0.0196396 
0.00286068 0.059826 0.00769197 0.0665039 0.183686 0.00014906 0.115302 0.0446784 0.0410237 0.28017 0.001752 0.0251243 0.0196147 0.00397512 0.000681507 0.104326 0.0307539 0.0021708 0.0097091 
0.000315466 0.0180867 0.016213 0.0313569 0.0175871 6.11964e-06 0.0513337 0.00941509 0.00951374 0.759511 0.000665944 0.00754625 0.00696414 0.00160097 8.77787e-05 0.0417396 0.0174382 6.15673e-05 0.0105569 
1.72183e-05 0.059624 0.00313115 0.0502767 0.044747 0.000674552 0.00761506 0.0236903 0.0167521 0.540858 0.00106754 0.0793695 0.0170043 0.00123436 0.000381031 0.0329576 0.11271 1.31536e-05 0.00787568 
0.00785192 0.113271 0.0258676 0.0421227 0.0374295 8.48927e-05 0.0346059 0.166165 0.0320401 0.19803 0.000987286 0.110963 0.055161 0.00417773 0.00091982 0.0665959 0.0973738 0.000781446 0.00557084 
0.000534689 0.0447403 0.022967 0.103492 0.20845 5.42213e-05 0.0457849 0.00598028 0.0212577 0.322566 0.00018838 0.0205698 0.00334228 0.0322601 0.00436903 0.0443768 0.0684098 0.000229922 0.0504267 
0.000157663 0.00650127 0.00932825 0.0597596 0.0192891 2.10583e-06 0.13016 0.00766965 0.0310963 0.619714 0.000952008 0.0034648 0.0012589 0.000488093 0.0139405 0.0451348 0.0346333 1.1661e-05 0.0164374 
0.00148077 0.0980526 0.0107202 0.0419174 0.0290023 0.000195953 0.0245111 0.0251296 0.0185199 0.526318 0.00961914 0.0356437 0.0107161 0.00133878 2.49345e-05 0.0899063 0.0684566 0.000171738 0.00827498 
0.00121422 0.0247651 0.00903128 0.018082 0.0361219 0.000125243 0.0105973 0.0430115 0.0276284 0.607031 0.00868796 0.0409282 0.0124216 0.00164808 0.000130647 0.0831344 0.0427242 0.00266927 0.0300482 
0.000185817 0.103953 0.0338097 0.055362 0.168616 1.80877e-05 0.0287515 0.00656213 0.0115691 0.34651 0.00411731 0.0726685 0.00284631 0.0176226 0.000295008 0.115651 0.0270128 8.25566e-05 0.00436725 
0.000635834 0.0222642 0.16129 0.0223318 0.11217 0.000771036 0.005409 0.0157327 0.0213601 0.38017 0.00324003 0.0528157 0.100575 0.000883477 0.00315324 0.0419078 0.0170343 0.000136645 0.0381189 
0.000874692 0.0562276 0.0260822 0.0303354 0.110916 0.000158853 0.0112353 0.0261974 0.0295048 0.481512 0.000835567 0.0962174 0.0182699 0.00505355 0.000287223 0.0448385 0.0546165 0.00109872 0.00573835 
0.000793032 0.0463762 0.0515838 0.0299125 0.0713828 1.43065e-05 0.0152473 0.0405406 0.0298923 0.335775 0.139692 0.0316604 0.0394627 0.00235564 9.4925e-05 0.0729968 0.0808946 0.000665953 0.0106589 
0.00390226 0.0829108 0.013157 0.138448 0.0765464 0.000562371 0.0862846 0.0277873 0.0371524 0.273192 0.00168714 0.0670398 0.018433 0.00793239 0.000685717 0.078246 0.0658805 0.00502333 0.0151291 
0.000944138 0.0225827 0.0184888 0.0238906 0.018386 3.54669e-06 0.0399958 0.0142763 0.0144925 0.76622 0.000662819 0.00890859 0.00419869 0.0015836 1.09624e-06 0.0400884 0.0199834 0.000431018 0.00486184 
0.0174693 0.0524104 0.055485 0.0518646 0.0683608 0.000144506 0.0612425 0.0192834 0.0286858 0.433272 0.00204206 0.0426343 0.0270602 0.00429704 0.000195608 0.0807058 0.0407264 0.00217536 0.0119448 
0.00489578 0.0444425 0.0440392 0.108283 0.0645005 0.000150034 0.0985671 0.0273674 0.0430929 0.26873 0.00206892 0.0521276 0.0350264 0.00183444 0.00302467 0.149751 0.0470757 0.000106779 0.00491599 
0.00267393 0.054112 0.0163695 0.0825494 0.110992 0.000117172 0.0491437 0.0264461 0.0304965 0.399908 0.00199672 0.0315411 0.0145961 0.0076026 0.000898748 0.060253 0.0973066 0.000950462 0.0120463 
0.000134859 0.00633621 0.00351663 0.104495 0.0831727 5.95411e-07 0.0258162 0.0383335 0.0481132 0.482186 0.000474293 0.0097315 0.0772279 0.00398494 3.58042e-07 0.0267259 0.0784616 4.60441e-06 0.0112842 
0.0036507 0.0716601 0.019648 0.072248 0.101108 0.000407359 0.0705406 0.0473645 0.040452 0.240723 0.00364771 0.0671664 0.0388958 0.0061806 0.00135634 0.10527 0.0901173 0.00277681 0.0167865 
0.000936448 0.0287656 0.0120531 0.0387361 0.0237853 4.1386e-05 0.0549381 0.0267978 0.028536 0.606922 0.000807103 0.0204003 0.0116449 0.00595813 9.4388e-05 0.0550046 0.073296 0.00154811 0.0097344 
0.00129239 0.0064401 0.00821775 0.0855766 0.0336522 4.18894e-06 0.0380456 0.0888871 0.042244 0.541318 0.000137784 0.0163084 0.0094427 0.00268527 0.00475318 0.03648 0.0833911 0.000368219 0.000755644 
0.00122703 0.025897 0.0289301 0.115882 0.0605176 9.8295e-05 0.138012 0.0117013 0.0267792 0.437649 0.000413029 0.0106146 0.00584452 0.0130685 0.0020497 0.0653494 0.0435817 0.00066945 0.011715 
0.00409079 0.0267105 0.0625498 0.0171795 0.0507565 5.08274e-05 0.0136588 0.0343875 0.00960946 0.647723 0.00461529 0.034928 0.0217758 0.00112504 1.43142e-05 0.0477262 0.0145671 0.00174848 0.00678261 
0.00414548 0.0678196 0.0147297 0.151235 0.0761417 4.47845e-05 0.0910496 0.0512746 0.0371572 0.195495 0.00368327 0.0577791 0.032543 0.0136388 0.00180648 0.0959676 0.0828067 0.0025047 0.0201776 
0.00562819 0.0474126 0.0672493 0.154031 0.114628 1.85041e-06 0.217794 0.0023683 0.0214957 0.254678 0.000205808 0.00460941 0.00239586 0.000182852 3.26017e-05 0.0565755 0.0422208 3.18865e-05 0.00845747 
5.65219e-05 0.130227 0.00326879 0.0353795 0.0330759 4.29272e-05 0.00941534 0.0349846 0.0211801 0.492029 0.00992092 0.0671894 0.00852939 0.000725296 7.94168e-06 0.0486566 0.0990073 8.41826e-05 0.00621925 
0.000639469 0.069632 0.00969145 0.172702 0.00732714 0.000181482 0.151659 0.0263625 0.0238683 0.274028 0.000237781 0.022368 0.122979 0.000299416 1.44627e-05 0.0797799 0.0339934 6.99936e-06 0.0042299 
0.000197873 0.125888 0.00680815 0.0560751 0.00943739 0.0264438 0.0353007 0.0286698 0.023229 0.326487 0.00172765 0.0283029 0.013788 0.00825891 0.000463602 0.0839062 0.178945 0.000884837 0.0451864 
0.00414261 0.0647748 0.101802 0.0964925 0.0699517 0.000562393 0.148812 0.0184181 0.0354137 0.227772 0.000717446 0.0437485 0.031423 0.00280544 0.000330811 0.089098 0.0439154 0.00186675 0.0179536 
0.000493605 0.0421077 0.00773568 0.198867 0.0556839 0.00305054 0.0652467 0.0232878 0.0822473 0.349434 0.000434666 0.0309215 0.027024 0.00474581 0.000742415 0.0375117 0.0605357 0.00245694 0.00747326 
0.000908542 0.033363 0.00923487 0.016646 0.0418856 4.00022e-06 0.0128387 0.0190868 0.00891855 0.349237 0.249325 0.0268073 0.0174988 0.00389505 8.66725e-07 0.0604349 0.141763 6.79937e-06 0.00814433 
0.000614503 0.0557765 0.149781 0.0555711 0.0414377 0.000505338 0.0484213 0.0144036 0.0164447 0.399919 0.000497474 0.0751184 0.014525 0.000584668 1.81563e-05 0.0565866 0.04403 0.00449608 0.021269 
0.0134678 0.0535047 0.00702102 0.194595 0.0845744 0.000184894 0.114212 0.0423907 0.047792 0.195165 0.000760494 0.0341383 0.0242393 0.0103998 0.000937837 0.0911294 0.0662475 0.00497867 0.01426 
0.00044051 0.0129796 0.00982164 0.0160752 0.014618 0.000258939 0.0335021 0.0693762 0.00808128 0.425098 4.42615e-06 0.10038 0.0172229 0.000526392 8.03242e-05 0.0592047 0.177677 0.0536461 0.00100645 
0.00017552 0.0152287 0.0245006 0.0334136 0.170251 2.60932e-06 0.0105374 0.0623755 0.018391 0.356453 0.000560462 0.0280517 0.00510754 0.000129642 0.000104319 0.106577 0.0916255 0.000156881 0.0763576 
0.000330694 0.0496681 0.0115988 0.114018 0.101838 0.00135839 0.0899821 0.0246906 0.0375988 0.159846 0.00132604 0.0601499 0.0178136 0.0428598 0.000314599 0.135894 0.139177 0.00170916 0.00982669 
0.0017645 0.0773164 0.00393476 0.110425 0.0949948 0.00014178 0.10989 0.0496033 0.0543971 0.198782 0.000720346 0.0497439 0.0106332 0.0096081 0.000194933 0.0873127 0.123278 0.00164391 0.0156147 
0.000731807 0.133518 0.00102197 0.0377885 0.0129528 9.39692e-05 0.0181277 0.201499 0.0383475 0.248996 0.0462151 0.0344108 0.0876106 0.00146701 0.000383986 0.0566167 0.0767495 1.15248e-05 0.00345755 
0.00439516 0.0684001 0.133688 0.042285 0.0938273 0.00320505 0.0359284 0.025901 0.018569 0.334982 0.00214895 0.048913 0.0232832 0.00356014 0.000352084 0.0745017 0.0685956 0.00151218 0.0159519 
0.00222187 0.118738 0.0253632 0.0837936 0.0937175 0.00022911 0.0916542 0.0474067 0.0221065 0.217952 0.000605341 0.0351936 0.04463 0.00148427 0.000641686 0.0969062 0.0877171 0.000273057 0.029366 
0.000157663 0.00650127 0.00932825 0.0597596 0.0192891 2.10583e-06 0.13016 0.00766965 0.0310963 0.619714 0.000952008 0.0034648 0.0012589 0.000488093 0.0139405 0.0451348 0.0346333 1.1661e-05 0.0164374 
0.00355511 0.0507821 0.149889 0.112731 0.148497 0.000173165 0.0585221 0.0167541 0.0185363 0.226251 0.00111164 0.0190623 0.00565453 0.00131316 0.000121059 0.0712411 0.10898 0.00254936 0.0042756 
0.00105886 0.0376152 0.181754 0.0183542 0.0452513 0.000272826 0.00939013 0.0728704 0.0125964 0.313808 0.000107396 0.0419732 0.0688276 0.0557081 0.000961306 0.076765 0.0387493 0.00227929 0.0216575 
0.000225017 0.0453411 0.0163266 0.071734 0.173536 2.29658e-05 0.0438642 0.0113363 0.0103388 0.298922 0.00174931 0.0316175 0.0060251 0.00270447 5.10649e-06 0.110938 0.170377 1.25012e-05 0.00492453 
0.000418925 0.0848705 0.0362465 0.0738928 0.239361 0.000450989 0.0201053 0.0197677 0.0193373 0.278902 0.00180516 0.0548556 0.0178196 0.00697791 0.000141097 0.0857817 0.0552937 0.00021694 0.00375559 
0.00201757 0.0353852 0.005971 0.0393087 0.0549913 9.80384e-05 0.0432025 0.0194614 0.0805293 0.609442 0.0164132 0.00814756 0.00700224 0.000488868 0.00173928 0.0475281 0.02269 4.68579e-05 0.00553663 
0.00105886 0.0376152 0.181754 0.0183542 0.0452513 0.000272826 0.00939013 0.0728704 0.0125964 0.313808 0.000107396 0.0419732 0.0688276 0.0557081 0.000961306 0.076765 0.0387493 0.00227929 0.0216575 
0.00360274 0.0672761 0.00942446 0.0522451 0.16274 0.000217647 0.0378386 0.0399831 0.0230027 0.308405 0.00187676 0.0795067 0.0338748 0.00590687 0.000298336 0.0580943 0.0777869 0.00323408 0.0346858 
0.000258394 0.0230633 0.0153309 0.0338581 0.0156044 4.83179e-06 0.0505031 0.00936196 0.0116536 0.737033 0.000551344 0.0148925 0.00941915 0.00192759 6.93024e-05 0.0461612 0.0199643 5.46974e-05 0.0102885 
2.56754e-06 0.03048 0.0632868 0.016977 0.30386 1.15404e-07 0.0139749 0.00687821 0.000923649 0.352727 0.000181381 0.0391372 0.0249637 0.000117867 1.83487e-06 0.128254 0.0176547 2.98786e-05 0.000549681 
4.81027e-05 0.00750999 0.0320203 0.00634565 0.0522621 2.09938e-09 0.00133379 0.0121215 0.00929029 0.779562 0.000397191 0.050084 0.0110578 0.000304333 1.13813e-06 0.0038559 0.0333285 2.46468e-06 0.000474599 
0.00580042 0.0899511 0.233534 0.0444935 0.0574707 0.00535465 0.0509168 0.0119583 0.0165951 0.249006 0.00211641 0.0896754 0.0234855 0.0038136 0.000822391 0.0669634 0.0354394 0.00180291 0.0108005 
0.00340094 0.0969787 0.00587476 0.0723435 0.0108349 4.73421e-05 0.0857614 0.0515472 0.0478745 0.277256 0.000823917 0.0759028 0.0258735 0.00274644 7.51335e-05 0.131858 0.0996715 0.00147593 0.00965296 
