0.0278648 0.972127 7.77332e-06 
0.716826 0.281291 0.00188227 
0.378796 0.589759 0.0314448 
0.130987 0.868691 0.000322567 
0.0765665 0.89683 0.0266038 
0.321211 0.677809 0.000980079 
0.0594516 0.845164 0.0953845 
3.38163e-05 0.999964 2.02033e-06 
0.103081 0.89691 8.28107e-06 
0.000403451 0.0110612 0.988535 
0.0519628 0.895233 0.0528037 
0.83292 0.149924 0.0171559 
0.00687582 0.989409 0.00371559 
0.059693 0.940303 3.48404e-06 
0.433964 0.566035 1.09113e-06 
0.0898078 0.908819 0.00137275 
3.40143e-05 0.00360613 0.99636 
0.987879 0.000109922 0.0120115 
0.0280515 0.970858 0.00109033 
0.032106 0.967873 2.07187e-05 
0.11259 0.884787 0.00262311 
0.244072 0.646532 0.109396 
0.948042 0.0517626 0.000195197 
0.134198 0.861758 0.00404405 
0.0645105 0.927015 0.00847425 
0.561345 0.409589 0.0290657 
0.923906 0.0754082 0.000685994 
0.169966 0.829948 8.60792e-05 
0.14726 0.848451 0.00428865 
0.0373162 0.947133 0.0155506 
0.0689198 0.929 0.00208032 
0.568169 0.43128 0.000550158 
0.060689 0.939294 1.74159e-05 
0.0362538 0.930697 0.0330491 
0.147377 0.835736 0.0168871 
0.284543 0.563804 0.151653 
0.620354 0.379645 2.22174e-07 
0.0802992 0.322165 0.597536 
0.0221535 0.977834 1.23034e-05 
0.924255 0.0757061 3.89593e-05 
0.0529321 0.946497 0.00057087 
0.948042 0.0517626 0.000195197 
0.263643 0.733786 0.00257061 
0.555593 0.438116 0.00629185 
0.344277 0.655723 3.99127e-09 
0.032106 0.967873 2.07187e-05 
0.192798 0.778549 0.0286531 
0.000403451 0.0110612 0.988535 
0.235521 0.763859 0.000619389 
0.230924 0.765093 0.00398264 
0.883145 0.116853 1.9509e-06 
0.295658 0.686951 0.0173909 
0.385619 0.61429 9.07116e-05 
0.838534 0.159224 0.0022424 
0.034397 0.965574 2.9113e-05 
0.178094 0.81911 0.00279576 
0.184007 0.815731 0.000262302 
0.0232076 0.862223 0.114569 
0.171978 0.827422 0.00060012 
0.191329 0.808261 0.000410105 
0.0407936 0.958997 0.000209522 
0.575951 0.422027 0.00202257 
0.0780292 0.92034 0.0016309 
0.0903194 0.904966 0.00471464 
0.80916 0.188591 0.00224829 
0.152292 0.820258 0.02745 
0.0506426 0.945656 0.00370141 
0.471709 0.528255 3.61445e-05 
0.840737 0.110193 0.0490698 
0.000343651 0.00396654 0.99569 
0.278955 0.713154 0.00789117 
0.0588753 0.935506 0.00561878 
0.545839 0.45398 0.000181012 
0.0869056 0.911331 0.00176356 
0.525607 0.47242 0.00197331 
0.000403451 0.0110612 0.988535 
0.0439771 0.934256 0.0217668 
0.168919 0.809187 0.0218939 
0.187611 0.810087 0.00230219 
0.147146 0.842452 0.0104023 
0.272467 0.727517 1.53173e-05 
0.123826 0.876167 6.67924e-06 
0.0820053 0.899644 0.0183504 
0.0959776 0.903215 0.000807427 
0.0396925 0.956218 0.00408961 
0.83006 0.16994 5.05537e-07 
0.634115 0.365488 0.000396772 
0.14537 0.854598 3.22465e-05 
0.0595773 0.939831 0.000591272 
0.0474578 0.952297 0.00024513 
0.000403451 0.0110612 0.988535 
3.40143e-05 0.00360613 0.99636 
0.000403451 0.0110612 0.988535 
0.0858667 0.907855 0.00627846 
0.395454 0.499153 0.105393 
0.564759 0.43273 0.00251126 
0.340132 0.659668 0.000200076 
0.0489466 0.926712 0.0243412 
0.441451 0.557595 0.000954364 
0.0224835 0.97711 0.000406323 
0.50072 0.496812 0.00246738 
0.258426 0.737454 0.00412068 
0.651024 0.345731 0.00324535 
0.0952748 0.90287 0.00185496 
0.69995 0.289287 0.0107631 
0.835931 0.162595 0.00147352 
0.181094 0.817958 0.000947846 
0.259298 0.71965 0.0210513 
0.137835 0.825015 0.0371502 
0.502107 0.497876 1.68314e-05 
0.935863 0.0638088 0.000327846 
0.27953 0.713724 0.00674664 
0.114789 0.884359 0.000852159 
0.888584 0.110521 0.000894338 
0.123277 0.876723 3.03294e-07 
0.811455 0.188221 0.000323412 
0.026542 0.973426 3.22941e-05 
0.000403451 0.0110612 0.988535 
0.206222 0.793765 1.25901e-05 
0.202852 0.670724 0.126424 
0.242202 0.757396 0.000401782 
0.0547823 0.943206 0.00201138 
0.0256057 0.974241 0.000153702 
0.808978 0.190299 0.000722631 
0.145056 0.849909 0.00503446 
0.737048 0.262952 6.21486e-09 
0.000403451 0.0110612 0.988535 
0.272228 0.718706 0.00906637 
0.114377 0.871035 0.0145881 
0.109587 0.885689 0.00472338 
0.126085 0.873523 0.000392506 
0.576307 0.423692 9.7065e-07 
0.0822868 0.917554 0.000159007 
0.0754963 0.924367 0.000136998 
0.0380082 0.960607 0.00138445 
0.252296 0.740511 0.00719313 
0.00489495 0.995104 1.4072e-06 
0.0624784 0.937239 0.000282377 
0.55203 0.447566 0.000403492 
0.0602812 0.878564 0.0611551 
0.173272 0.818563 0.00816461 
0.917833 0.0821105 5.62758e-05 
0.16312 0.83202 0.00485983 
0.389587 0.608585 0.00182779 
0.148557 0.851066 0.000377158 
0.518898 0.44884 0.0322613 
0.77643 0.221473 0.00209705 
0.308007 0.684258 0.00773519 
0.197717 0.802184 9.88263e-05 
0.327337 0.580099 0.0925642 
0.201756 0.795785 0.00245879 
0.0675589 0.929941 0.00249979 
0.285596 0.681347 0.0330572 
0.0443297 0.95537 0.000300073 
0.934252 0.0655159 0.00023244 
0.79273 0.207263 6.75786e-06 
0.210225 0.784102 0.00567218 
0.000403451 0.0110612 0.988535 
0.136947 0.858253 0.00480068 
0.48554 0.507122 0.00733769 
0.365461 0.20976 0.424779 
0.0498871 0.942259 0.00785427 
0.993683 0.00266148 0.00365531 
0.201838 0.79808 8.14522e-05 
0.0522213 0.947779 6.66614e-09 
0.000403451 0.0110612 0.988535 
0.161726 0.833324 0.00495043 
0.46576 0.527994 0.00624587 
0.236863 0.761241 0.00189675 
0.000403451 0.0110612 0.988535 
0.936785 0.062736 0.000479192 
0.441358 0.556411 0.00223139 
0.738287 0.236247 0.0254669 
0.13197 0.843618 0.0244122 
0.104825 0.890647 0.00452816 
0.000403451 0.0110612 0.988535 
0.0472701 0.952716 1.3963e-05 
0.0754963 0.924367 0.000136998 
0.803586 0.193915 0.00249853 
0.0373083 0.961315 0.00137649 
0.452608 0.545971 0.00142122 
0.0545442 0.94545 5.58117e-06 
0.200505 0.791144 0.00835061 
0.0154524 0.98083 0.00371735 
0.225325 0.762572 0.012103 
0.0958247 0.904109 6.59614e-05 
0.559386 0.440565 4.93141e-05 
0.390945 0.608172 0.000882939 
0.000403451 0.0110612 0.988535 
0.0127279 0.987162 0.000110004 
0.12973 0.347516 0.522753 
0.110911 0.114531 0.774558 
0.0790352 0.918282 0.00268248 
0.0765281 0.86082 0.0626514 
0.749164 0.250826 9.94089e-06 
0.000403451 0.0110612 0.988535 
0.0879574 0.912039 3.84619e-06 
0.0251005 0.974173 0.000726831 
0.0822868 0.917554 0.000159007 
0.187331 0.811211 0.00145836 
0.0356932 0.917336 0.046971 
0.477222 0.522778 4.4249e-08 
0.633199 0.366132 0.000668891 
0.111036 0.888795 0.000169213 
0.182962 0.817013 2.52438e-05 
0.0503269 0.949288 0.000384838 
0.173531 0.826253 0.000216046 
0.262744 0.717847 0.0194092 
0.934393 0.0647045 0.000902166 
0.369028 0.601449 0.0295228 
0.0998998 0.899951 0.000148905 
0.359144 0.637935 0.00292042 
0.769034 0.230735 0.000230709 
0.322578 0.539231 0.138191 
0.219087 0.736071 0.0448418 
0.611057 0.3849 0.00404265 
0.358951 0.633634 0.00741493 
0.135642 0.864082 0.000275966 
0.268505 0.711518 0.0199774 
0.551209 0.32766 0.121131 
0.464717 0.530904 0.0043792 
0.217982 0.779957 0.00206106 
0.425077 0.235154 0.339769 
0.0213836 0.978615 1.50124e-06 
0.150779 0.848249 0.000971357 
0.00994832 0.990046 5.40264e-06 
0.825415 0.174513 7.15971e-05 
0.265019 0.730618 0.00436345 
0.144727 0.846262 0.00901049 
0.0443507 0.955527 0.000122264 
0.0319676 0.96778 0.00025233 
0.280266 0.307693 0.41204 
0.000403451 0.0110612 0.988535 
0.17444 0.819594 0.00596527 
0.000403451 0.0110612 0.988535 
0.0649811 0.935 1.85076e-05 
0.0660315 0.927439 0.00652983 
0.209612 0.790325 6.31244e-05 
0.0163239 0.983214 0.000461961 
0.000403451 0.0110612 0.988535 
0.552684 0.446371 0.000944822 
0.930278 0.0697215 9.24848e-07 
0.522905 0.477057 3.78631e-05 
0.14537 0.854598 3.22465e-05 
0.224402 0.77377 0.00182786 
0.281287 0.718552 0.000161194 
0.896939 0.103059 2.08616e-06 
0.0328439 0.966719 0.000436662 
0.0212202 0.978771 8.33464e-06 
0.925175 0.0707635 0.00406103 
0.0744998 0.92325 0.00225064 
0.0428817 0.957083 3.49585e-05 
0.0916408 0.904487 0.00387267 
0.130759 0.842591 0.0266503 
0.120248 0.879437 0.000315019 
0.000403451 0.0110612 0.988535 
0.062697 0.925749 0.0115543 
3.40143e-05 0.00360613 0.99636 
0.000403451 0.0110612 0.988535 
0.882517 0.115845 0.00163802 
0.261876 0.737954 0.000170486 
0.000343651 0.00396654 0.99569 
0.502107 0.497876 1.68314e-05 
0.000403451 0.0110612 0.988535 
0.259709 0.71785 0.0224416 
0.752783 0.245773 0.00144375 
0.218591 0.591424 0.189985 
0.820361 0.179292 0.000346793 
0.142486 0.832418 0.0250961 
0.110911 0.114531 0.774558 
0.0343845 0.965567 4.84734e-05 
0.215318 0.673125 0.111557 
0.000403451 0.0110612 0.988535 
0.0572926 0.919124 0.0235835 
0.11883 0.881162 8.22148e-06 
0.149489 0.836421 0.0140898 
0.360649 0.633305 0.00604594 
0.075857 0.921467 0.00267571 
0.0396697 0.956797 0.00353348 
0.175987 0.818993 0.00502008 
0.0115414 0.5218 0.466659 
0.000403451 0.0110612 0.988535 
0.0371101 0.96272 0.000169859 
0.0430658 0.598006 0.358928 
0.465986 0.499534 0.0344791 
0.333386 0.66207 0.00454429 
0.142682 0.856743 0.0005749 
0.0754963 0.924367 0.000136998 
0.0306559 0.931084 0.0382597 
0.263643 0.733786 0.00257061 
0.076255 0.923635 0.000109647 
0.0587837 0.941117 9.92385e-05 
0.205577 0.793646 0.000776394 
0.925875 0.0720185 0.00210607 
0.0445642 0.955235 0.000200619 
0.757576 0.237822 0.00460244 
0.106584 0.893295 0.00012101 
0.913731 0.0809426 0.00532621 
0.0290614 0.925007 0.0459318 
0.000403451 0.0110612 0.988535 
0.0853019 0.914698 3.82197e-09 
0.218591 0.591424 0.189985 
0.0185613 0.981439 2.3054e-08 
0.250862 0.749138 2.49382e-07 
0.988702 0.0112978 9.04509e-13 
0.0726437 0.917625 0.00973094 
0.0418414 0.955477 0.00268195 
0.0790812 0.920857 6.20222e-05 
0.115398 0.770392 0.11421 
0.570548 0.429436 1.57749e-05 
0.635057 0.0286087 0.336334 
0.989845 0.00999602 0.00015928 
0.0939107 0.898871 0.00721877 
0.261329 0.738153 0.000518316 
0.000343651 0.00396654 0.99569 
0.825535 0.174446 1.91061e-05 
0.0448288 0.954346 0.000825444 
0.2831 0.386574 0.330327 
0.110911 0.114531 0.774558 
0.453668 0.537741 0.0085908 
0.000403451 0.0110612 0.988535 
0.573235 0.384109 0.042656 
0.0822868 0.917554 0.000159007 
0.0787545 0.230174 0.691072 
0.110911 0.114531 0.774558 
0.0610913 0.880071 0.0588376 
0.279132 0.720515 0.00035311 
0.110911 0.114531 0.774558 
0.0898078 0.908819 0.00137275 
0.0365235 0.963003 0.000473766 
0.181133 0.814482 0.00438551 
0.0757004 0.92428 1.97668e-05 
0.199158 0.788123 0.0127188 
0.00697372 0.992803 0.000223505 
0.000403451 0.0110612 0.988535 
0.629281 0.370717 1.87882e-06 
0.266977 0.705683 0.0273403 
0.0716753 0.635637 0.292688 
0.149819 0.850148 3.36271e-05 
0.655957 0.343505 0.000538706 
0.0671754 0.932702 0.00012277 
0.749929 0.249356 0.00071437 
0.202407 0.79713 0.000463271 
0.060989 0.938955 5.56945e-05 
0.255773 0.744112 0.000114329 
0.0284623 0.971398 0.00013985 
0.122249 0.877745 5.87584e-06 
0.948042 0.0517626 0.000195197 
0.206479 0.79309 0.0004314 
0.31975 0.664761 0.0154891 
0.000403451 0.0110612 0.988535 
0.602661 0.395526 0.00181284 
5.56409e-05 0.220166 0.779778 
0.099748 0.894844 0.00540757 
0.0690089 0.930834 0.000156846 
0.000403451 0.0110612 0.988535 
0.184712 0.807657 0.00763107 
0.000403451 0.0110612 0.988535 
0.435764 0.563287 0.000949384 
0.0952007 0.836292 0.0685074 
0.478063 0.481222 0.0407155 
0.474092 0.523032 0.00287603 
0.0733456 0.9252 0.00145473 
0.112841 0.882922 0.00423661 
0.0306008 0.969061 0.000337833 
8.61012e-05 0.497297 0.502617 
0.815738 0.184262 4.05757e-09 
0.5889 0.411079 2.1764e-05 
0.853358 0.144756 0.00188661 
0.575951 0.422027 0.00202257 
0.0391473 0.960402 0.000450714 
0.0666232 0.933272 0.000104962 
0.141431 0.857991 0.000578061 
0.0705578 0.895355 0.0340871 
0.000403451 0.0110612 0.988535 
0.468049 0.504154 0.027797 
0.0385841 0.919299 0.0421167 
0.818824 0.165576 0.0155993 
0.384069 0.608375 0.00755659 
0.0955705 0.904247 0.000182094 
0.498401 0.495283 0.00631539 
0.0710572 0.786056 0.142887 
0.362217 0.635361 0.00242128 
0.506768 0.480412 0.01282 
0.788149 0.207726 0.00412589 
0.224624 0.727065 0.0483108 
0.0543287 0.94054 0.00513104 
0.714355 0.283418 0.00222678 
0.0895326 0.910276 0.00019152 
0.10949 0.881792 0.00871831 
0.160356 0.833365 0.00627896 
0.156275 0.655884 0.187841 
0.107843 0.887247 0.00490982 
0.190308 0.80197 0.00772211 
0.524991 0.472814 0.00219505 
0.494746 0.505233 2.10124e-05 
0.010677 0.989323 1.24495e-07 
0.0163239 0.983214 0.000461961 
0.000403451 0.0110612 0.988535 
0.000403451 0.0110612 0.988535 
0.0495619 0.947091 0.00334686 
0.000403451 0.0110612 0.988535 
0.0371101 0.96272 0.000169859 
0.0923346 0.900286 0.00737969 
0.119852 0.858747 0.0214017 
0.0796513 0.92016 0.000188827 
0.960998 0.0215691 0.017433 
0.385875 0.592253 0.0218717 
0.251117 0.747701 0.00118223 
0.689994 0.307151 0.00285567 
0.0618034 0.936038 0.00215893 
0.189375 0.806577 0.00404805 
0.000403451 0.0110612 0.988535 
0.000403451 0.0110612 0.988535 
0.263928 0.735079 0.000993279 
0.842547 0.1524 0.00505256 
0.0491573 0.950526 0.000316797 
0.0797741 0.919453 0.000773049 
0.819628 0.180372 6.37202e-09 
0.000403451 0.0110612 0.988535 
0.0479411 0.951992 6.65377e-05 
0.000403451 0.0110612 0.988535 
0.530537 0.435545 0.0339177 
0.0760854 0.918346 0.00556888 
0.0563234 0.934534 0.00914265 
0.575951 0.422027 0.00202257 
0.573923 0.424659 0.00141743 
0.858557 0.141387 5.59926e-05 
0.13143 0.867912 0.000658004 
0.00843217 0.991568 7.38097e-09 
0.66964 0.219758 0.110602 
0.0992604 0.864966 0.0357737 
0.0178393 0.981206 0.000954754 
0.674566 0.320334 0.00510031 
0.000403451 0.0110612 0.988535 
0.800731 0.199264 4.55423e-06 
0.352867 0.646683 0.000449664 
0.0482349 0.946806 0.00495937 
0.154551 0.831923 0.0135261 
0.17827 0.728837 0.0928925 
0.104999 0.874684 0.0203167 
0.156636 0.726927 0.116437 
0.869682 0.130318 1.34446e-07 
0.0754963 0.924367 0.000136998 
0.0191721 0.971827 0.00900091 
0.0293985 0.970601 6.15555e-07 
0.517872 0.459162 0.0229656 
0.0827726 0.902305 0.0149224 
0.0966336 0.895792 0.00757392 
0.0056806 0.993756 0.000563015 
0.738797 0.260186 0.00101671 
0.100131 0.898271 0.00159787 
0.312275 0.678089 0.00963621 
0.0983636 0.900915 0.000721522 
0.0630141 0.926609 0.0103771 
0.000403451 0.0110612 0.988535 
0.0163239 0.983214 0.000461961 
0.000403451 0.0110612 0.988535 
0.0205643 0.829619 0.149817 
0.00698703 0.0769445 0.916068 
0.0898819 0.907928 0.00219023 
0.222673 0.775217 0.00210994 
0.295351 0.492716 0.211933 
0.0970512 0.902926 2.23242e-05 
0.0413342 0.955594 0.00307184 
0.11236 0.884876 0.00276368 
0.000403451 0.0110612 0.988535 
0.000343651 0.00396654 0.99569 
0.000343651 0.00396654 0.99569 
0.808381 0.185352 0.00626677 
0.104116 0.895469 0.000415221 
0.015957 0.98398 6.25383e-05 
0.0572714 0.941129 0.00159999 
0.305965 0.685085 0.00894988 
0.198596 0.796091 0.00531264 
0.071745 0.925024 0.00323126 
0.837586 0.162365 4.98111e-05 
0.110911 0.114531 0.774558 
0.111973 0.887942 8.495e-05 
0.175832 0.798422 0.025746 
0.716462 0.114519 0.169019 
0.00117244 0.998757 7.09365e-05 
0.218006 0.781761 0.000233377 
0.000403451 0.0110612 0.988535 
0.0771403 0.856391 0.0664683 
0.0282452 0.969144 0.00261112 
0.0607723 0.937972 0.00125543 
0.342756 0.657231 1.25327e-05 
0.0264023 0.927766 0.0458312 
0.0686523 0.930903 0.000444668 
0.0386408 0.957215 0.00414465 
0.433436 0.560865 0.00569955 
0.0489777 0.950775 0.00024721 
0.207735 0.791599 0.000666071 
0.0757179 0.924279 3.36826e-06 
0.128637 0.870586 0.000776963 
0.0328439 0.966719 0.000436662 
0.121655 0.872965 0.00538053 
0.000403451 0.0110612 0.988535 
0.036249 0.757681 0.20607 
0.159016 0.767854 0.07313 
0.767966 0.231553 0.000480942 
0.047653 0.951946 0.000401302 
0.0410533 0.958497 0.000449211 
0.205043 0.794206 0.000750105 
0.144648 0.855298 5.31385e-05 
0.148168 0.851531 0.000300282 
0.0720873 0.729029 0.198884 
0.199462 0.765639 0.0348991 
0.949832 0.0465791 0.00358884 
0.158152 0.833941 0.00790688 
0.0267064 0.973229 6.40763e-05 
0.258325 0.739038 0.0026372 
0.477055 0.521889 0.00105599 
0.140565 0.839292 0.020143 
0.000403451 0.0110612 0.988535 
0.0550481 0.913462 0.0314895 
0.110881 0.886238 0.00288139 
0.148956 0.85101 3.32478e-05 
0.15941 0.811759 0.0288308 
0.647726 0.352274 8.8179e-08 
0.783466 0.216103 0.000430722 
0.000403451 0.0110612 0.988535 
0.6768 0.312142 0.011058 
0.0594516 0.845164 0.0953845 
0.042084 0.957834 8.21698e-05 
0.11211 0.870686 0.0172034 
0.0602178 0.939779 2.99974e-06 
0.0339053 0.96519 0.000904829 
0.124553 0.872757 0.0026901 
0.444555 0.523293 0.0321518 
0.000403451 0.0110612 0.988535 
0.231505 0.768449 4.55523e-05 
0.877562 0.0798381 0.0425998 
0.0321673 0.963808 0.00402493 
0.121553 0.874665 0.00378127 
0.0193411 0.980597 6.18519e-05 
0.949876 0.0500839 4.04326e-05 
0.137365 0.862007 0.000627229 
0.000403451 0.0110612 0.988535 
0.742302 0.256969 0.000729705 
0.000403451 0.0110612 0.988535 
0.655957 0.343505 0.000538706 
0.0909849 0.908757 0.000258445 
0.127457 0.872475 6.77888e-05 
0.000403451 0.0110612 0.988535 
0.129742 0.869455 0.000802758 
0.000403451 0.0110612 0.988535 
0.0543486 0.945268 0.000383778 
0.0534058 0.946389 0.000205619 
0.309167 0.690831 2.39126e-06 
0.000403451 0.0110612 0.988535 
0.184481 0.814041 0.0014778 
0.220258 0.779693 4.89005e-05 
0.144752 0.852334 0.00291359 
0.351039 0.647158 0.00180317 
0.000403451 0.0110612 0.988535 
0.14537 0.854598 3.22465e-05 
0.655957 0.343505 0.000538706 
0.0908649 0.864682 0.0444527 
0.15059 0.849329 8.13847e-05 
0.0162532 0.983699 4.80138e-05 
0.075906 0.923673 0.000420637 
0.12725 0.871226 0.00152424 
0.822474 0.177523 3.78441e-06 
0.287694 0.70492 0.00738537 
0.602043 0.397416 0.000540992 
0.161082 0.83883 8.76165e-05 
0.0754963 0.924367 0.000136998 
0.255266 0.717865 0.0268683 
0.281552 0.716266 0.00218228 
0.555603 0.442742 0.00165461 
0.158231 0.816373 0.0253966 
0.0725955 0.924619 0.0027858 
0.00945583 0.989421 0.00112332 
0.291298 0.70774 0.000962392 
0.095102 0.889095 0.0158031 
0.0320674 0.967908 2.505e-05 
0.870593 0.126223 0.00318369 
0.947453 0.0507718 0.00177564 
0.425878 0.571456 0.00266582 
0.0859526 0.844188 0.0698592 
0.26417 0.319705 0.416125 
0.902673 0.0971875 0.000139462 
0.229278 0.77067 5.12337e-05 
0.0133719 0.985841 0.000787325 
0.00340518 0.920439 0.0761557 
0.0128414 0.947586 0.0395725 
0.139132 0.860663 0.000205396 
0.129857 0.870128 1.53718e-05 
0.284507 0.715438 5.45633e-05 
0.729981 0.26992 9.93471e-05 
0.704289 0.29345 0.00226096 
0.13197 0.843618 0.0244122 
0.0923353 0.907459 0.000206158 
0.298128 0.700817 0.00105459 
0.000403451 0.0110612 0.988535 
0.431972 0.509831 0.058197 
0.270078 0.717334 0.0125882 
0.596566 0.40332 0.000113571 
0.0923346 0.900286 0.00737969 
0.00248456 0.992948 0.00456746 
0.0236659 0.976257 7.70905e-05 
0.502107 0.497876 1.68314e-05 
0.154074 0.825005 0.0209211 
0.284768 0.715218 1.40673e-05 
0.470914 0.528631 0.000455131 
0.34577 0.654026 0.000203142 
0.0609417 0.9121 0.0269582 
0.911215 0.0866788 0.00210625 
0.03399 0.965622 0.000388206 
0.054536 0.944246 0.00121806 
0.220293 0.773818 0.00588858 
0.0261343 0.97386 5.68453e-06 
0.0152663 0.984529 0.00020484 
0.226906 0.772208 0.000885666 
0.0950007 0.904935 6.47655e-05 
0.0545705 0.943228 0.00220103 
0.0158707 0.979467 0.0046626 
0.76518 0.234439 0.000380734 
0.0416328 0.958185 0.000182417 
0.120127 0.877168 0.00270582 
0.286416 0.712184 0.00139979 
0.108373 0.864166 0.0274614 
0.231793 0.648688 0.119518 
0.0392994 0.959374 0.00132698 
0.111586 0.879179 0.00923584 
0.247923 0.749897 0.00218021 
0.163383 0.836578 3.92897e-05 
0.472383 0.526926 0.000691521 
0.017624 0.797485 0.184891 
0.952308 0.0475359 0.00015579 
0.000403451 0.0110612 0.988535 
0.61404 0.378502 0.00745704 
0.391999 0.607843 0.0001586 
0.948042 0.0517626 0.000195197 
0.925393 0.0718189 0.00278855 
0.0608025 0.927343 0.0118545 
0.131022 0.868443 0.000534233 
0.296423 0.703425 0.000151714 
0.0754963 0.924367 0.000136998 
0.0258414 0.974141 1.73382e-05 
0.231801 0.758985 0.00921398 
0.031552 0.964018 0.00442969 
0.623614 0.353393 0.0229934 
0.0792393 0.919997 0.000763401 
2.5069e-06 0.999997 6.00393e-10 
0.724807 0.274558 0.000635073 
0.970438 0.0289836 0.000578472 
0.09034 0.909637 2.32921e-05 
0.509932 0.478915 0.011152 
0.0743708 0.925629 3.36958e-07 
0.0249947 0.954646 0.0203591 
0.11009 0.889842 6.73628e-05 
0.110911 0.114531 0.774558 
0.519519 0.473456 0.0070252 
0.299117 0.425952 0.27493 
0.336983 0.661753 0.00126415 
0.0604624 0.821147 0.11839 
0.932819 0.0659613 0.00121955 
0.775016 0.223006 0.00197845 
0.502107 0.497876 1.68314e-05 
0.90828 0.0917087 1.1452e-05 
0.0355936 0.963232 0.00117466 
0.76296 0.235284 0.00175595 
0.0572111 0.937185 0.00560412 
0.533025 0.466975 1.01357e-07 
0.0290084 0.970724 0.000267949 
0.817434 0.182556 1.04671e-05 
0.243989 0.755989 2.239e-05 
0.00848938 0.991258 0.00025273 
0.928743 0.0712083 4.91283e-05 
0.000403451 0.0110612 0.988535 
0.237671 0.754811 0.00751808 
0.0118282 0.678667 0.309505 
0.931921 0.0680787 1.62184e-08 
0.798037 0.201391 0.00057248 
3.40143e-05 0.00360613 0.99636 
0.000403451 0.0110612 0.988535 
0.847847 0.150434 0.0017186 
0.0931992 0.905671 0.00112988 
0.000403451 0.0110612 0.988535 
0.125633 0.87397 0.000396767 
0.124611 0.0673806 0.808008 
0.856401 0.143509 9.03152e-05 
0.0876126 0.912217 0.000170398 
0.0410348 0.939519 0.0194464 
0.512529 0.487325 0.000146139 
0.716547 0.280745 0.00270809 
0.0731467 0.916208 0.0106458 
0.65569 0.343072 0.00123811 
0.0232076 0.862223 0.114569 
0.000403451 0.0110612 0.988535 
0.247273 0.690879 0.0618483 
0.504701 0.492806 0.00249289 
0.0876527 0.911242 0.00110511 
0.270704 0.684216 0.0450795 
0.270704 0.684216 0.0450795 
0.613923 0.385687 0.000389501 
0.282395 0.717549 5.67105e-05 
0.0894615 0.91043 0.000108437 
0.186695 0.226029 0.587277 
0.211293 0.788705 1.55654e-06 
0.325458 0.58687 0.0876717 
0.0562961 0.635132 0.308571 
0.366709 0.632217 0.00107462 
0.0790812 0.920857 6.20222e-05 
0.110911 0.114531 0.774558 
0.502107 0.497876 1.68314e-05 
0.204443 0.794449 0.00110837 
0.0700449 0.891869 0.0380863 
0.068966 0.931018 1.62976e-05 
0.369623 0.629373 0.00100419 
0.019951 0.644317 0.335732 
0.161411 0.837895 0.000693725 
0.344221 0.530919 0.12486 
0.0157872 0.984174 3.90869e-05 
0.0619632 0.703415 0.234622 
0.000403451 0.0110612 0.988535 
0.502107 0.497876 1.68314e-05 
0.992638 0.00680514 0.000556948 
0.205579 0.785098 0.00932304 
0.000403451 0.0110612 0.988535 
0.0558276 0.917508 0.0266647 
0.038695 0.855259 0.106046 
0.0877683 0.911569 0.000662776 
0.0690532 0.922241 0.00870594 
0.202925 0.637938 0.159137 
0.0729303 0.926466 0.000603496 
0.46576 0.527994 0.00624587 
0.987879 0.000109922 0.0120115 
0.0669956 0.910968 0.0220367 
0.445367 0.549191 0.00544188 
-nan -nan -nan 
0.152955 0.845813 0.0012327 
0.0387831 0.959923 0.00129394 
0.329693 0.548498 0.121809 
0.248028 0.751951 2.09496e-05 
0.0547405 0.91435 0.0309093 
0.0738441 0.865735 0.0604211 
0.146165 0.85343 0.000405073 
0.0925402 0.893139 0.014321 
0.000403451 0.0110612 0.988535 
0.930499 0.0694205 8.01646e-05 
3.40143e-05 0.00360613 0.99636 
-nan -nan -nan 
0.16323 0.836181 0.000588853 
0.295177 0.701767 0.00305588 
0.106501 0.893277 0.000222715 
0.018629 0.195051 0.78632 
0.000403451 0.0110612 0.988535 
0.044776 0.955164 5.98677e-05 
0.000403451 0.0110612 0.988535 
0.237722 0.748851 0.0134266 
0.0147174 0.298364 0.686919 
0.335507 0.664389 0.000104872 
0.000403451 0.0110612 0.988535 
0.00782779 0.991734 0.000438209 
0.205043 0.794206 0.000750105 
0.0711156 0.928883 1.90626e-06 
0.0241459 0.974297 0.00155726 
0.926039 0.0699106 0.00405003 
0.231291 0.768368 0.000341112 
0.779563 0.217951 0.002486 
0.106779 0.886146 0.00707474 
0.0636944 0.933045 0.0032611 
0.110911 0.114531 0.774558 
0.0608413 0.935629 0.00352971 
0.171978 0.827422 0.00060012 
0.134198 0.861758 0.00404405 
0.647557 0.35227 0.000173024 
0.215185 0.784498 0.000316999 
0.312275 0.678089 0.00963621 
0.79507 0.204237 0.000692647 
0.0770247 0.922216 0.000759047 
0.173362 0.826621 1.74988e-05 
0.0516448 0.948146 0.000209302 
0.0897964 0.88505 0.0251532 
0.000403451 0.0110612 0.988535 
0.751783 0.248163 5.38403e-05 
0.160443 0.835045 0.00451172 
0.0601573 0.31589 0.623953 
0.576307 0.423692 9.7065e-07 
0.0656738 0.934319 7.07912e-06 
0.0726437 0.917625 0.00973094 
0.243758 0.753742 0.00250006 
0.625435 0.373841 0.000723682 
0.0726437 0.917625 0.00973094 
0.172905 0.82704 5.43885e-05 
0.0255009 0.60021 0.374289 
0.0646082 0.916504 0.018888 
0.989845 0.00999602 0.00015928 
0.298993 0.699354 0.00165253 
0.460841 0.496824 0.0423353 
0.646048 0.353427 0.000524572 
0.0923346 0.900286 0.00737969 
0.378751 0.618507 0.00274202 
0.00391113 0.996018 7.13247e-05 
0.0735933 0.924055 0.00235133 
0.0859357 0.595739 0.318325 
0.0673486 0.931819 0.00083272 
0.062036 0.937956 8.24729e-06 
0.000403451 0.0110612 0.988535 
0.000343651 0.00396654 0.99569 
0.0954346 0.887313 0.0172523 
0.000403451 0.0110612 0.988535 
0.000403451 0.0110612 0.988535 
0.0787726 0.9204 0.000827587 
0.903865 0.0961162 1.89056e-05 
0.898269 0.101731 2.2578e-09 
0.000403451 0.0110612 0.988535 
0.747063 0.252836 0.000101463 
0.686966 0.279907 0.0331277 
0.0236659 0.976257 7.70905e-05 
0.417989 0.569632 0.0123786 
0.0923945 0.745909 0.161696 
0.000403451 0.0110612 0.988535 
3.40143e-05 0.00360613 0.99636 
0.0970121 0.902984 3.57631e-06 
0.0930367 0.894591 0.0123721 
0.0539245 0.94303 0.00304516 
0.0428699 0.957129 9.02376e-07 
0.264344 0.73392 0.0017367 
0.71269 0.281647 0.00566264 
0.0333635 0.953065 0.0135718 
0.110911 0.114531 0.774558 
0.0527768 0.940348 0.00687493 
0.0346837 0.965303 1.33588e-05 
0.193795 0.805954 0.000251651 
0.818824 0.165576 0.0155993 
0.241365 0.758542 9.30106e-05 
0.0889032 0.888818 0.0222783 
0.248085 0.75189 2.49215e-05 
0.000403451 0.0110612 0.988535 
0.989845 0.00999602 0.00015928 
0.126652 0.872777 0.000571583 
0.00427209 0.995631 9.70034e-05 
0.000403451 0.0110612 0.988535 
0.000403451 0.0110612 0.988535 
0.0803817 0.919363 0.000254973 
0.000887318 0.999015 9.74142e-05 
0.00918167 0.990663 0.000155599 
0.158006 0.841463 0.000530971 
0.921796 0.078204 5.68142e-08 
0.00525693 0.994702 4.09933e-05 
0.0203645 0.979591 4.49416e-05 
0.891791 0.107996 0.000213054 
0.954526 0.0421177 0.00335658 
0.772131 0.221301 0.0065677 
0.83006 0.16994 5.05537e-07 
0.0470083 0.943891 0.00910046 
3.40143e-05 0.00360613 0.99636 
0.0803817 0.919363 0.000254973 
0.109047 0.890945 8.14342e-06 
0.0744998 0.92325 0.00225064 
0.159573 0.839838 0.000589039 
0.148581 0.700741 0.150679 
0.138681 0.861185 0.000133196 
0.117484 0.875905 0.00661099 
0.0641468 0.826687 0.109166 
0.000343651 0.00396654 0.99569 
0.500565 0.493245 0.00618923 
0.051387 0.947631 0.000982113 
0.0968652 0.897529 0.00560605 
0.000403451 0.0110612 0.988535 
0.64191 0.354305 0.00378505 
0.123698 0.875588 0.000714516 
0.108726 0.891011 0.0002622 
0.551968 0.376942 0.0710892 
0.186429 0.813525 4.56283e-05 
0.0775468 0.757523 0.16493 
0.865134 0.134832 3.38978e-05 
0.000403451 0.0110612 0.988535 
0.110911 0.114531 0.774558 
0.0749664 0.154975 0.770059 
0.000343651 0.00396654 0.99569 
0.104039 0.895777 0.000183763 
0.211132 0.788865 2.91284e-06 
0.0762045 0.923173 0.00062221 
0.142631 0.857335 3.38454e-05 
0.187636 0.802885 0.00947907 
0.0293583 0.970572 6.91793e-05 
0.361995 0.636553 0.0014525 
0.270262 0.728958 0.00078005 
0.00668173 0.99225 0.00106777 
0.508512 0.491488 1.00284e-09 
0.060989 0.938955 5.56945e-05 
0.0284663 0.966377 0.00515684 
0.14537 0.854598 3.22465e-05 
0.0602874 0.93815 0.00156271 
0.000403451 0.0110612 0.988535 
0.847134 0.127114 0.0257519 
0.0310982 0.74988 0.219022 
0.257625 0.600478 0.141898 
0.112071 0.874726 0.0132028 
0.102329 0.88822 0.0094507 
0.338302 0.661557 0.000141015 
0.0814434 0.918481 7.54085e-05 
0.000403451 0.0110612 0.988535 
0.105075 0.893867 0.00105815 
0.0605315 0.931439 0.00802996 
0.127296 0.872654 4.94475e-05 
0.0999022 0.873585 0.0265127 
0.0783258 0.921543 0.000131534 
0.261339 0.614652 0.124008 
0.28284 0.71716 5.79168e-08 
0.543362 0.455692 0.000946014 
0.2432 0.752106 0.00469449 
0.0771818 0.825272 0.0975462 
0.000343651 0.00396654 0.99569 
0.0497283 0.942104 0.00816756 
0.0689834 0.930648 0.000368421 
0.147084 0.848172 0.00474425 
0.122707 0.876894 0.000399893 
3.40143e-05 0.00360613 0.99636 
0.274995 0.562947 0.162057 
0.0507552 0.949218 2.65591e-05 
0.0516908 0.947342 0.000967652 
0.000403451 0.0110612 0.988535 
0.000403451 0.0110612 0.988535 
0.0920755 0.906277 0.00164789 
0.765685 0.232514 0.00180145 
0.104218 0.895562 0.000220567 
0.0398351 0.958637 0.00152782 
0.00420844 0.778314 0.217478 
0.301961 0.697667 0.000372035 
0.0127155 0.987205 7.91526e-05 
0.156762 0.843015 0.000223113 
0.0810432 0.918713 0.000243816 
0.00252682 0.996898 0.000575541 
0.205651 0.794103 0.000246175 
0.195259 0.797223 0.0075187 
0.000403451 0.0110612 0.988535 
0.301393 0.694252 0.00435468 
0.000403451 0.0110612 0.988535 
0.0838281 0.896709 0.0194626 
0.0864262 0.910546 0.00302812 
0.484014 0.515498 0.000488802 
0.338302 0.661557 0.000141015 
0.273033 0.698424 0.0285426 
0.637897 0.354483 0.00761925 
0.110911 0.114531 0.774558 
0.103335 0.887123 0.00954157 
0.0826844 0.9167 0.00061568 
0.0739842 0.924096 0.00191935 
0.0168311 0.982353 0.000816316 
0.281678 0.672909 0.0454127 
0.116428 0.879072 0.00450043 
0.345376 0.654604 1.99828e-05 
0.792427 0.20233 0.0052429 
0.797299 0.179924 0.0227767 
0.274319 0.720176 0.00550538 
0.952308 0.0475359 0.00015579 
0.716819 0.283157 2.42668e-05 
0.123368 0.875964 0.000667512 
0.000403451 0.0110612 0.988535 
0.804503 0.195413 8.43524e-05 
0.0469184 0.941173 0.0119084 
0.767393 0.130717 0.10189 
0.00671494 0.99312 0.000164611 
0.000403451 0.0110612 0.988535 
0.850733 0.148243 0.00102397 
0.0283785 0.959006 0.0126154 
0.0320674 0.967908 2.505e-05 
0.153332 0.839784 0.00688393 
0.222001 0.757372 0.0206273 
0.000403451 0.0110612 0.988535 
0.954526 0.0421177 0.00335658 
0.132332 0.850512 0.0171563 
0.350654 0.649279 6.69644e-05 
0.0888433 0.897808 0.0133486 
0.071369 0.92717 0.00146132 
0.705717 0.291216 0.00306701 
0.639558 0.343769 0.0166728 
0.0308871 0.969088 2.51663e-05 
0.0818091 0.91817 2.09378e-05 
0.000403451 0.0110612 0.988535 
0.751766 0.248219 1.50672e-05 
0.14537 0.854598 3.22465e-05 
0.806766 0.192793 0.000441336 
0.198574 0.791785 0.00964031 
0.0539053 0.613987 0.332108 
0.254792 0.743448 0.0017595 
0.305011 0.500874 0.194115 
0.183228 0.81107 0.00570126 
0.111942 0.852472 0.0355855 
0.63863 0.361358 1.10714e-05 
0.000403451 0.0110612 0.988535 
0.151839 0.844735 0.00342639 
0.897963 0.102037 6.55177e-08 
0.0453791 0.954507 0.000114082 
3.40143e-05 0.00360613 0.99636 
0.0563507 0.922786 0.0208628 
0.00850539 0.0825248 0.90897 
0.219551 0.780438 1.08482e-05 
0.222534 0.777057 0.000408737 
0.0932924 0.90532 0.00138757 
0.952308 0.0475359 0.00015579 
0.186288 0.813411 0.000300751 
0.000403451 0.0110612 0.988535 
0.243696 0.75589 0.0004142 
0.000403451 0.0110612 0.988535 
0.709462 0.290432 0.00010596 
0.145437 0.854392 0.00017168 
0.047653 0.951946 0.000401302 
0.00445175 0.940449 0.0550997 
0.170642 0.829223 0.000134904 
0.0395301 0.954895 0.00557449 
0.0257815 0.97417 4.86295e-05 
0.801595 0.196832 0.00157284 
0.952308 0.0475359 0.00015579 
0.283483 0.634894 0.081623 
0.54299 0.456322 0.000688635 
0.988669 0.0112717 5.9131e-05 
0.988702 0.0112978 9.04509e-13 
0.148402 0.851498 9.91878e-05 
0.25793 0.685314 0.0567554 
0.0895419 0.904319 0.00613947 
0.110911 0.114531 0.774558 
0.878828 0.111454 0.00971842 
0.0538654 0.942856 0.003279 
0.873224 0.126687 8.88245e-05 
0.928743 0.0712083 4.91283e-05 
0.000403451 0.0110612 0.988535 
0.20932 0.790351 0.000329128 
0.0455748 0.953558 0.000867206 
0.00624294 0.75785 0.235907 
0.20281 0.745548 0.0516421 
0.21136 0.787484 0.00115619 
0.0986926 0.900506 0.000801654 
0.447417 0.552583 1.33348e-10 
0.100792 0.893667 0.00554061 
0.61729 0.341148 0.0415622 
0.0236659 0.976257 7.70905e-05 
0.0981934 0.894188 0.00761851 
0.134611 0.256217 0.609172 
0.460475 0.53111 0.00841492 
0.936809 0.0585196 0.00467185 
0.00365416 0.743152 0.253193 
0.16018 0.839308 0.000512618 
0.006878 0.301116 0.692006 
0.14537 0.854598 3.22465e-05 
0.0160728 0.980923 0.00300405 
0.126695 0.873226 7.82421e-05 
0.137133 0.861727 0.00113942 
0.647634 0.351883 0.000483013 
0.0354458 0.964532 2.22622e-05 
0.163213 0.83663 0.000156952 
0.331405 0.634039 0.0345554 
0.862369 0.137387 0.000244777 
0.0844815 0.915225 0.00029361 
0.116963 0.784574 0.098463 
0.119738 0.88003 0.000231594 
0.0652021 0.921592 0.0132063 
0.0805461 0.911186 0.00826749 
0.782887 0.216868 0.000245351 
3.40143e-05 0.00360613 0.99636 
0.623535 0.376134 0.000330951 
0.856648 0.131739 0.0116135 
0.0562879 0.640795 0.302917 
0.983032 0.0168795 8.8693e-05 
0.00371874 0.996233 4.86372e-05 
0.908611 0.0909674 0.000421523 
0.0822868 0.917554 0.000159007 
0.000343651 0.00396654 0.99569 
0.566478 0.43351 1.19918e-05 
0.0743263 0.90138 0.0242941 
0.000343651 0.00396654 0.99569 
0.0610802 0.862659 0.0762607 
0.407621 0.539367 0.0530117 
0.679214 0.314136 0.0066499 
0.110911 0.114531 0.774558 
0.00898048 0.991004 1.51181e-05 
0.110911 0.114531 0.774558 
0.511769 0.488117 0.000113753 
0.464869 0.535106 2.5029e-05 
0.0546371 0.940038 0.00532446 
0.330151 0.668365 0.00148404 
0.00250855 0.997134 0.000357067 
0.920502 0.0792723 0.000225831 
0.170782 0.823519 0.00569846 
0.625082 0.374681 0.000236641 
0.216085 0.681634 0.10228 
0.0915605 0.907991 0.000448076 
0.264116 0.690818 0.0450658 
0.56484 0.435124 3.56273e-05 
0.0259554 0.973131 0.00091362 
0.0130814 0.986912 7.04718e-06 
0.000403451 0.0110612 0.988535 
0.934252 0.0655159 0.00023244 
0.0471137 0.952877 9.17986e-06 
0.190198 0.807791 0.00201103 
0.205043 0.794206 0.000750105 
0.0764524 0.923352 0.000195565 
0.209959 0.783676 0.00636533 
0.672439 0.327558 3.00667e-06 
0.0822868 0.917554 0.000159007 
0.000403451 0.0110612 0.988535 
0.000403451 0.0110612 0.988535 
-nan -nan -nan 
0.0355046 0.939042 0.0254539 
0.0650859 0.925666 0.00924781 
0.118171 0.881252 0.000577376 
0.469552 0.527538 0.00290968 
0.502107 0.497876 1.68314e-05 
0.241748 0.704173 0.0540798 
0.379321 0.620202 0.000477163 
0.0707117 0.268337 0.660951 
0.0642635 0.917392 0.0183441 
0.403836 0.595599 0.000565397 
0.526849 0.349245 0.123906 
0.117447 0.866356 0.0161969 
0.0155487 0.946124 0.0383275 
0.0352528 0.955824 0.00892287 
0.162654 0.836812 0.000533853 
0.0759853 0.923875 0.000139402 
0.00878404 0.988811 0.00240517 
0.358632 0.632013 0.0093555 
0.00533399 0.993036 0.00163009 
0.0708957 0.928135 0.000969691 
0.0907716 0.909148 8.06162e-05 
0.690254 0.309656 9.01769e-05 
0.0193971 0.98036 0.000242645 
0.366111 0.596571 0.037318 
0.223082 0.768746 0.00817282 
0.173107 0.813878 0.0130152 
0.106289 0.881499 0.0122119 
0.0647613 0.931365 0.00387331 
0.000403451 0.0110612 0.988535 
0.141706 0.856725 0.00156883 
0.502107 0.497876 1.68314e-05 
0.940599 0.0593951 5.71632e-06 
0.119852 0.858747 0.0214017 
0.0349929 0.946087 0.0189202 
0.134024 0.826222 0.0397539 
0.0638029 0.915231 0.0209657 
0.702261 0.295143 0.00259618 
0.000403451 0.0110612 0.988535 
0.204107 0.787418 0.00847486 
0.14537 0.854598 3.22465e-05 
0.0557556 0.940778 0.00346685 
0.488902 0.510994 0.000104291 
0.14537 0.854598 3.22465e-05 
0.000403451 0.0110612 0.988535 
0.000605421 0.00486713 0.994527 
0.32628 0.627531 0.0461888 
0.902752 0.0946349 0.00261343 
0.163877 0.836057 6.56037e-05 
0.101897 0.89659 0.00151263 
0.150615 0.848832 0.000553006 
0.0469469 0.953039 1.3997e-05 
0.048423 0.951368 0.000208837 
0.0934875 0.906388 0.000124023 
0.174942 0.824974 8.32018e-05 
0.11476 0.884974 0.000265941 
0.0934722 0.904103 0.00242484 
0.518566 0.475972 0.00546194 
0.0754963 0.924367 0.000136998 
0.400358 0.59855 0.00109163 
0.0594516 0.845164 0.0953845 
0.504925 0.495031 4.34231e-05 
0.745963 0.186881 0.0671561 
0.107509 0.630792 0.261699 
0.0536362 0.933333 0.0130308 
0.173272 0.818563 0.00816461 
0.0312636 0.0470984 0.921638 
0.484521 0.515479 1.79324e-08 
0.815599 0.184288 0.000112841 
0.269279 0.730716 5.62421e-06 
0.309712 0.68994 0.000347988 
0.13793 0.854484 0.00758604 
0.147281 0.798409 0.0543104 
0.2831 0.386574 0.330327 
0.735181 0.260041 0.00477846 
0.614981 0.383603 0.00141672 
0.771625 0.228317 5.8046e-05 
0.499381 0.500511 0.00010779 
0.0759853 0.923875 0.000139402 
0.0963471 0.883892 0.019761 
0.165145 0.827095 0.00775981 
0.367327 0.549903 0.0827695 
0.140054 0.858985 0.000960492 
0.0726283 0.920515 0.00685715 
0.0916598 0.907162 0.00117787 
0.0951459 0.885763 0.0190908 
0.130627 0.869058 0.000314899 
0.124611 0.0673806 0.808008 
0.0128414 0.947586 0.0395725 
0.838452 0.15526 0.00628807 
0.0215085 0.978382 0.000109965 
0.00575547 0.951081 0.0431638 
2.92808e-08 0.999965 3.49123e-05 
0.378048 0.621947 5.62215e-06 
0.532849 0.467094 5.6905e-05 
0.748733 0.250176 0.00109069 
0.698829 0.301171 3.12297e-08 
0.130076 0.869419 0.000505125 
0.000403451 0.0110612 0.988535 
0.25017 0.749563 0.000267578 
0.171978 0.827422 0.00060012 
0.0511375 0.898178 0.0506846 
0.215398 0.71579 0.0688111 
0.0626019 0.933876 0.00352191 
0.332183 0.667325 0.000492643 
0.0321409 0.967845 1.46398e-05 
0.145482 0.847096 0.00742226 
0.140328 0.822727 0.0369451 
0.195259 0.797223 0.0075187 
0.651428 0.338461 0.0101111 
0.0313699 0.968617 1.31305e-05 
0.091962 0.853238 0.0547995 
0.119559 0.879866 0.000575342 
0.66133 0.338653 1.63052e-05 
0.861269 0.138722 9.20841e-06 
0.0267485 0.973213 3.80688e-05 
0.0151373 0.984832 3.0276e-05 
3.40143e-05 0.00360613 0.99636 
0.239374 0.755676 0.00494987 
0.450448 0.539633 0.00991923 
0.101294 0.892088 0.00661826 
0.108179 0.558349 0.333472 
0.123254 0.540388 0.336357 
0.14537 0.854598 3.22465e-05 
0.000403451 0.0110612 0.988535 
0.579798 0.419339 0.000863046 
0.0860365 0.908406 0.00555784 
0.0450476 0.953529 0.00142345 
0.365719 0.625837 0.00844396 
0.0156952 0.984235 6.92644e-05 
0.940308 0.0595871 0.000104583 
0.0907673 0.864323 0.0449098 
0.84026 0.159369 0.000371217 
0.0468681 0.95153 0.00160156 
0.000403451 0.0110612 0.988535 
0.398025 0.598761 0.00321444 
0.120711 0.806238 0.073051 
0.255412 0.742173 0.00241437 
0.145334 0.853021 0.00164534 
0.252517 0.744291 0.00319165 
0.119692 0.880184 0.000123596 
0.000403451 0.0110612 0.988535 
0.0428772 0.956701 0.000421465 
0.502107 0.497876 1.68314e-05 
0.000403451 0.0110612 0.988535 
0.172056 0.818753 0.00919075 
0.0627473 0.918295 0.018958 
0.0249183 0.91829 0.0567917 
0.000403451 0.0110612 0.988535 
0.330525 0.406209 0.263266 
0.0163239 0.983214 0.000461961 
0.940189 0.0569769 0.00283432 
0.147982 0.838995 0.013023 
0.197381 0.80237 0.000249701 
0.134102 0.857875 0.00802368 
0.119852 0.858747 0.0214017 
0.990138 0.00985958 2.06192e-06 
0.000403451 0.0110612 0.988535 
0.902938 0.0970623 6.99709e-11 
0.120406 0.866432 0.0131616 
0.197288 0.80186 0.000852685 
0.00166619 0.937637 0.0606965 
0.0851517 0.90843 0.00641825 
0.683083 0.0792685 0.237649 
0.804503 0.195413 8.43524e-05 
0.993683 0.00266148 0.00365531 
0.08776 0.880765 0.0314755 
0.777809 0.217935 0.00425603 
0.239874 0.758663 0.00146356 
0.0436422 0.951368 0.00498972 
0.0442161 0.884425 0.071359 
0.246697 0.753302 7.7384e-07 
0.550947 0.446535 0.00251807 
0.000343651 0.00396654 0.99569 
0.000403451 0.0110612 0.988535 
0.104658 0.895282 6.04751e-05 
0.179209 0.81459 0.0062008 
0.0436904 0.956302 7.28622e-06 
-nan -nan -nan 
0.000403451 0.0110612 0.988535 
0.76941 0.230494 9.61536e-05 
0.005206 0.994794 2.50226e-08 
0.415742 0.533294 0.0509638 
0.0654193 0.921951 0.0126298 
0.227743 0.639479 0.132778 
0.000403451 0.0110612 0.988535 
0.0767449 0.922259 0.000996227 
0.0759853 0.923875 0.000139402 
0.0754963 0.924367 0.000136998 
0.490611 0.509167 0.000222271 
0.259709 0.71785 0.0224416 
0.0764765 0.923409 0.000114122 
0.0949948 0.898322 0.00668285 
0.000403451 0.0110612 0.988535 
0.0404524 0.95932 0.000227415 
0.00674181 0.993136 0.000122484 
0.0192449 0.823726 0.157029 
0.0419753 0.922348 0.0356766 
0.114721 0.885154 0.000124473 
0.130314 0.869168 0.00051786 
0.116389 0.560696 0.322915 
0.744569 0.254054 0.00137712 
0.13015 0.865362 0.00448766 
0.144081 0.848285 0.00763393 
0.704029 0.280763 0.015208 
0.0529119 0.942243 0.00484478 
0.0268072 0.667471 0.305722 
0.068966 0.931018 1.62976e-05 
0.00624294 0.75785 0.235907 
0.176822 0.818973 0.00420462 
0.908712 0.0809207 0.0103668 
0.862218 0.135743 0.00203915 
0.703611 0.292783 0.00360576 
0.0538654 0.942856 0.003279 
0.866413 0.133587 6.54835e-08 
0.00379429 0.995607 0.000598241 
0.114283 0.883972 0.00174474 
