0.882631 0.00225574 0.115113 
0.685372 0.0285227 0.286105 
0.785764 0.0279079 0.186328 
0.906493 0.00891479 0.0845926 
0.890278 0.0319852 0.0777366 
0.715498 0.00642955 0.278073 
0.655164 0.160078 0.184758 
0.855105 0.00109081 0.143805 
0.904026 0.00884152 0.0871322 
0.0705452 0.922116 0.0073389 
0.875858 0.0901396 0.0340025 
0.291942 0.311999 0.396059 
0.886155 0.103646 0.0101986 
0.832387 0.0262667 0.141347 
0.83471 0.000393416 0.164896 
0.937581 0.000159953 0.0622593 
0.989286 0.00655456 0.00415973 
0.05184 0.927728 0.0204324 
0.835909 0.00679202 0.157299 
0.86571 0.00109793 0.133192 
0.827999 0.010822 0.161179 
0.89108 0.00483865 0.104081 
0.413242 0.521318 0.0654402 
0.931461 0.000421639 0.0681176 
0.897565 0.00941606 0.0930188 
0.595143 0.0257796 0.379077 
0.337042 0.00421037 0.658747 
0.767647 0.00245777 0.229895 
0.800206 0.0139214 0.185872 
0.955178 0.023938 0.0208844 
0.450152 0.000581641 0.549266 
0.580381 0.00675012 0.412869 
0.904202 0.00916092 0.0866373 
0.874829 0.0689058 0.0562653 
0.776765 0.00305879 0.220177 
0.750468 0.103382 0.146151 
0.568363 0.00283351 0.428803 
0.890792 0.0307806 0.0784272 
0.8772 0.0173606 0.10544 
0.18368 0.00280683 0.813513 
0.897153 0.00838814 0.0944587 
0.413242 0.521318 0.0654402 
0.796468 0.0050053 0.198527 
0.733655 0.0157258 0.250619 
0.620525 0.000777721 0.378697 
0.86571 0.00109793 0.133192 
0.882793 0.00780865 0.109399 
0.0705452 0.922116 0.0073389 
0.861677 0.0233698 0.114953 
0.73741 0.00879446 0.253795 
0.501974 0.00481714 0.493209 
0.791176 0.103083 0.105741 
0.66502 0.0056626 0.329317 
0.87423 0.0132485 0.112522 
0.893461 0.04354 0.0629989 
0.849106 0.0114611 0.139433 
0.459944 0.00247873 0.537577 
0.865297 0.0821023 0.0526004 
0.73982 0.000683032 0.259497 
0.781108 0.00109435 0.217797 
0.914323 0.0460483 0.0396285 
0.830018 0.120468 0.0495137 
0.909347 0.000265521 0.090387 
0.844226 0.0102273 0.145547 
0.610782 0.277901 0.111317 
0.879529 0.0209245 0.0995464 
0.942033 0.000957705 0.0570091 
0.804088 0.0355612 0.160351 
0.237444 0.0579055 0.704651 
0.987777 0.00620317 0.00601964 
0.825975 0.00357569 0.170449 
0.850354 0.0431262 0.106519 
0.451576 0.00123549 0.547189 
0.804452 0.00519048 0.190357 
0.62192 0.0161271 0.361953 
0.0705452 0.922116 0.0073389 
0.937767 0.0019894 0.0602441 
0.857544 0.0532136 0.0892428 
0.726265 0.0524263 0.221309 
0.828272 0.00164662 0.170081 
0.748361 0.000707496 0.250932 
0.869052 4.55951e-05 0.130902 
0.797515 0.154139 0.0483456 
0.863947 0.00942556 0.126627 
0.918875 0.0215982 0.059527 
0.495531 0.00928385 0.495185 
0.525463 0.0161076 0.45843 
0.851826 0.012881 0.135293 
0.912984 0.00285848 0.0841579 
0.919291 0.0130957 0.0676137 
0.0705452 0.922116 0.0073389 
0.989286 0.00655456 0.00415973 
0.0705452 0.922116 0.0073389 
0.887779 0.0509075 0.0613132 
0.745559 0.0321129 0.222328 
0.852972 0.00348061 0.143548 
0.760878 0.00425443 0.234867 
0.925205 0.0168944 0.0579003 
0.60403 0.00293486 0.393035 
0.904779 0.00441916 0.0908022 
0.565125 0.00283508 0.43204 
0.907798 0.0345562 0.0576461 
0.613076 0.00551341 0.38141 
0.868456 0.00307254 0.128471 
0.414344 0.00356352 0.582092 
0.332045 0.00269098 0.665264 
0.898374 0.00818582 0.0934405 
0.868952 0.022708 0.10834 
0.847716 0.0531478 0.0991357 
0.839967 0.017561 0.142472 
0.281635 0.332469 0.385896 
0.636071 0.0404769 0.323452 
0.876829 0.00520295 0.117968 
0.66471 0.236163 0.0991274 
0.758201 5.08149e-05 0.241748 
0.344152 0.00345216 0.652396 
0.901353 0.0252048 0.0734424 
0.0705452 0.922116 0.0073389 
0.8024 0.0106784 0.186921 
0.800926 0.0714667 0.127607 
0.819866 0.00215799 0.177976 
0.876367 0.00594193 0.117691 
0.916622 0.0157339 0.0676438 
0.68156 0.177708 0.140733 
0.822001 0.0118856 0.166113 
0.387744 2.41729e-05 0.612232 
0.0705452 0.922116 0.0073389 
0.718243 0.00302655 0.27873 
0.82183 0.00978327 0.168386 
0.768567 0.0129016 0.218531 
0.78406 0.0127236 0.203217 
0.32192 0.00619894 0.671881 
0.781231 0.000750609 0.218018 
0.815169 0.00202755 0.182804 
0.876332 0.00974825 0.11392 
0.841248 0.0239222 0.13483 
0.896513 0.000559098 0.102927 
0.916533 0.0225019 0.060965 
0.623349 0.00524503 0.371406 
0.869273 0.0378642 0.0928627 
0.668561 0.278339 0.0531009 
0.508661 0.0161216 0.475218 
0.765231 0.00575952 0.229009 
0.80317 0.0225851 0.174245 
0.840031 0.00323604 0.156733 
0.739275 0.0197131 0.241012 
0.427645 0.000211093 0.572143 
0.778746 0.0743836 0.14687 
0.799672 0.0169835 0.183345 
0.83786 0.0323309 0.129809 
0.884084 0.00167261 0.114243 
0.908147 0.0236333 0.0682195 
0.584616 0.0015354 0.413849 
0.913278 0.0164407 0.0702814 
0.112776 0.00196669 0.885257 
0.637427 0.000347115 0.362226 
0.742092 0.00823436 0.249673 
0.0705452 0.922116 0.0073389 
0.837836 0.0106624 0.151501 
0.547467 0.00651187 0.446021 
0.752336 0.144371 0.103294 
0.866155 0.000217662 0.133628 
0.237892 0.00654101 0.755567 
0.839522 0.0184136 0.142064 
0.854255 0.024616 0.121129 
0.0705452 0.922116 0.0073389 
0.87807 0.000886776 0.121043 
0.759926 0.0104548 0.229619 
0.895884 0.00376445 0.100351 
0.0705452 0.922116 0.0073389 
0.609127 0.23808 0.152793 
0.775826 0.00334551 0.220829 
0.867594 0.000295225 0.132111 
0.697663 0.0193531 0.282984 
0.894637 0.0100875 0.095276 
0.0705452 0.922116 0.0073389 
0.936402 0.00337228 0.0602253 
0.815169 0.00202755 0.182804 
0.400912 0.00326304 0.595825 
0.925159 0.00122697 0.0736137 
0.792497 0.00460145 0.202902 
0.900696 0.00903607 0.0902676 
0.863985 0.00696106 0.129054 
0.915597 0.0262709 0.0581323 
0.755774 0.0734184 0.170808 
0.886184 0.00132388 0.112492 
0.389447 0.000875535 0.609677 
0.772563 9.50778e-05 0.227342 
0.0705452 0.922116 0.0073389 
0.862265 0.00112179 0.136613 
0.342766 0.421058 0.236177 
0.924297 0.0108477 0.0648556 
0.908203 0.00214338 0.0896534 
0.748261 0.0565512 0.195188 
0.738418 0.00139345 0.260189 
0.0705452 0.922116 0.0073389 
0.873669 0.000168481 0.126163 
0.958189 0.00935475 0.0324565 
0.781231 0.000750609 0.218018 
0.873385 0.00533896 0.121276 
0.901431 0.0753509 0.023218 
0.590736 0.000131217 0.409133 
0.38637 0.00716483 0.606465 
0.849113 0.000166302 0.15072 
0.788897 2.29336e-05 0.21108 
0.882659 0.00328731 0.114054 
0.809086 4.65427e-05 0.190867 
0.761376 0.0179899 0.220634 
0.193756 0.00606391 0.80018 
0.916976 0.0209415 0.0620825 
0.847191 0.000989404 0.15182 
0.770048 0.0274896 0.202462 
0.507469 0.00134152 0.491189 
0.721762 0.11221 0.166028 
0.793541 0.0231239 0.183335 
0.694248 0.00478882 0.300963 
0.558665 0.0365607 0.404774 
0.822732 0.00932982 0.167938 
0.705116 0.00243824 0.292445 
0.569816 0.229023 0.201161 
0.801128 0.00344203 0.19543 
0.75118 0.0942946 0.154525 
0.711156 0.118978 0.169866 
0.889717 0.0110024 0.0992808 
0.889288 0.00390449 0.106808 
0.894772 0.00444956 0.100778 
0.643405 0.00445959 0.352136 
0.83041 0.00793307 0.161657 
0.714464 0.00936361 0.276172 
0.872192 0.00376588 0.124042 
0.91553 8.42327e-05 0.0843861 
0.940354 0.00144235 0.0582036 
0.0705452 0.922116 0.0073389 
0.901901 0.000486139 0.0976125 
0.0705452 0.922116 0.0073389 
0.836916 0.00377309 0.159311 
0.852697 0.0118897 0.135413 
0.73152 0.0138362 0.254643 
0.898094 0.00206926 0.0998367 
0.0705452 0.922116 0.0073389 
0.428066 0.00243683 0.569497 
0.112477 9.12736e-05 0.887431 
0.605795 0.019276 0.374929 
0.851826 0.012881 0.135293 
0.699872 0.00892743 0.291201 
0.740131 0.00749662 0.252372 
0.273623 0.00342085 0.722956 
0.942358 0.0072332 0.0504085 
0.727275 0.0101502 0.262574 
0.118634 0.0052717 0.876094 
0.846555 0.0610897 0.0923557 
0.826911 0.000702173 0.172387 
0.88314 0.00332348 0.113537 
0.861831 0.0307283 0.107441 
0.784101 0.000178556 0.21572 
0.0705452 0.922116 0.0073389 
0.886626 0.0257382 0.0876359 
0.989286 0.00655456 0.00415973 
0.0705452 0.922116 0.0073389 
0.40671 0.247111 0.346179 
0.622552 0.0154548 0.361993 
0.987777 0.00620317 0.00601964 
0.839967 0.017561 0.142472 
0.0705452 0.922116 0.0073389 
0.813665 0.0281623 0.158173 
0.387321 0.00223307 0.610446 
0.908346 0.00846246 0.0831917 
0.401707 0.00830614 0.589987 
0.890891 0.0247426 0.0843663 
0.924297 0.0108477 0.0648556 
0.851029 1.29279e-05 0.148958 
0.936728 0.00322716 0.060045 
0.0705452 0.922116 0.0073389 
0.786782 0.136104 0.0771142 
0.828011 0.00979903 0.16219 
0.852062 0.0239387 0.123999 
0.867235 0.000702342 0.132063 
0.909104 0.0241295 0.0667667 
0.881537 0.0149408 0.103522 
0.824387 0.00362104 0.171992 
0.746704 0.21638 0.0369157 
0.0705452 0.922116 0.0073389 
0.900071 0.00204529 0.0978837 
0.685089 0.225543 0.0893677 
0.654607 0.0271439 0.318249 
0.885351 0.0459599 0.068689 
0.783607 0.00450571 0.211887 
0.815169 0.00202755 0.182804 
0.945139 0.00693425 0.0479267 
0.796468 0.0050053 0.198527 
0.882114 0.00124757 0.116638 
0.890234 0.000170523 0.109595 
0.821264 0.00976765 0.168968 
0.220371 0.00396367 0.775665 
0.842164 0.00283713 0.154999 
0.794633 0.0042503 0.201117 
0.878785 0.0221 0.099115 
0.904719 0.0165179 0.0787631 
0.879223 0.0518493 0.0689276 
0.0705452 0.922116 0.0073389 
0.895039 0.00322239 0.101738 
0.908346 0.00846246 0.0831917 
0.874317 0.0207597 0.104923 
0.811214 0.00145472 0.187332 
0.12584 0.000150922 0.874009 
0.891998 0.0546073 0.0533948 
0.874318 0.00876846 0.116913 
0.84161 0.00374699 0.154643 
0.788908 0.0805086 0.130583 
0.553517 0.00717186 0.439312 
0.535413 0.0207937 0.443793 
0.0653413 0.00123521 0.933423 
0.848451 0.0172491 0.1343 
0.795469 0.00237813 0.202153 
0.987777 0.00620317 0.00601964 
0.393147 0.00153367 0.60532 
0.906219 0.0130073 0.0807734 
0.629183 0.207956 0.162861 
0.924297 0.0108477 0.0648556 
0.877829 0.011775 0.110396 
0.0705452 0.922116 0.0073389 
0.608133 0.0480785 0.343789 
0.781231 0.000750609 0.218018 
0.539202 0.377147 0.0836508 
0.924297 0.0108477 0.0648556 
0.854483 0.073412 0.0721051 
0.714164 0.000533984 0.285302 
0.924297 0.0108477 0.0648556 
0.937581 0.000159953 0.0622593 
0.793253 0.00509156 0.201656 
0.806026 0.0211958 0.172778 
0.820082 0.000832881 0.179085 
0.949518 0.00532175 0.0451605 
0.884737 0.00703327 0.10823 
0.0705452 0.922116 0.0073389 
0.467576 5.15837e-05 0.532372 
0.828359 0.0141412 0.1575 
0.757549 0.151099 0.0913529 
0.665462 8.91596e-05 0.334449 
0.786778 0.0252454 0.187977 
0.860334 0.0131624 0.126504 
0.365162 0.00299227 0.631846 
0.859818 0.00974753 0.130434 
0.856986 0.000103249 0.14291 
0.813972 0.0182064 0.167822 
0.920446 0.0131926 0.0663611 
0.862817 0.00628114 0.130902 
0.413242 0.521318 0.0654402 
0.816933 0.0234675 0.1596 
0.877596 0.00165547 0.120748 
0.0705452 0.922116 0.0073389 
0.635846 0.000121015 0.364033 
0.949231 0.000157442 0.050612 
0.898036 0.0116139 0.0903498 
0.892233 0.00107231 0.106695 
0.0705452 0.922116 0.0073389 
0.82591 0.00543118 0.168658 
0.0705452 0.922116 0.0073389 
0.774684 0.00165976 0.223657 
0.898139 0.00265965 0.0992015 
0.823572 0.0131049 0.163323 
0.665795 0.0487058 0.285499 
0.87616 0.0014559 0.122384 
0.845935 0.0110266 0.143039 
0.86918 0.0110811 0.119739 
0.637566 0.35572 0.00671399 
0.21052 0.000483697 0.788997 
0.408907 0.000360622 0.590732 
0.254901 0.00648364 0.738615 
0.830018 0.120468 0.0495137 
0.918912 0.0172969 0.0637909 
0.880356 0.00147007 0.118174 
0.870179 0.00765343 0.122167 
0.939629 0.00183207 0.0585385 
0.0705452 0.922116 0.0073389 
0.666217 0.0204578 0.313325 
0.871504 0.0135234 0.114972 
0.405603 0.476922 0.117475 
0.891676 0.00070516 0.107619 
0.82805 0.00266561 0.169284 
0.638412 0.0108565 0.350731 
0.918173 0.00366075 0.0781663 
0.645422 0.048247 0.306331 
0.812002 0.009248 0.17875 
0.460403 0.0119037 0.527693 
0.736775 0.0154321 0.247793 
0.899233 0.0360243 0.0647422 
0.502486 0.00529446 0.492219 
0.799436 0.00273947 0.197825 
0.806488 0.00926503 0.184247 
0.869129 0.000303321 0.130568 
0.747011 0.102235 0.150754 
0.844948 0.100293 0.054759 
0.809288 0.0134138 0.177298 
0.4399 0.0126217 0.547478 
0.673579 0.0234332 0.302988 
0.69758 0.277612 0.0248081 
0.898094 0.00206926 0.0998367 
0.0705452 0.922116 0.0073389 
0.0705452 0.922116 0.0073389 
0.898211 0.0141738 0.0876155 
0.0705452 0.922116 0.0073389 
0.905775 0.00184892 0.0923762 
0.768933 0.151802 0.079265 
0.900567 0.00523377 0.0941995 
0.909366 0.0407967 0.0498371 
0.316861 0.0204768 0.662662 
0.700321 0.018811 0.280868 
0.660321 0.0053906 0.334289 
0.709741 0.00402783 0.286231 
0.833971 0.00183307 0.164196 
0.836535 0.00175377 0.161711 
0.0705452 0.922116 0.0073389 
0.0705452 0.922116 0.0073389 
0.813784 0.00272539 0.18349 
0.814022 0.000148752 0.185829 
0.918519 0.000437365 0.0810441 
0.904075 0.0148345 0.0810902 
0.396476 0.00462774 0.598896 
0.0705452 0.922116 0.0073389 
0.875906 0.00732583 0.116769 
0.0705452 0.922116 0.0073389 
0.926414 0.0128588 0.0607274 
0.865493 0.0152913 0.119216 
0.881817 0.00357406 0.114609 
0.830018 0.120468 0.0495137 
0.765816 0.00902216 0.225162 
0.285985 0.000464804 0.713551 
0.861387 0.018869 0.119744 
0.870897 0.0971295 0.0319734 
0.259211 0.0390627 0.701726 
0.858966 0.0227908 0.118243 
0.924131 0.00473519 0.0711342 
0.695105 0.0041283 0.300767 
0.0705452 0.922116 0.0073389 
0.475893 0.00021439 0.523893 
0.541219 0.00319328 0.455588 
0.934281 0.00136078 0.0643582 
0.730865 0.0403461 0.228789 
0.810518 0.0485204 0.140962 
0.922474 0.0165215 0.0610044 
0.926255 0.00678309 0.0669621 
0.411092 0.000111471 0.588796 
0.815169 0.00202755 0.182804 
0.904604 0.034043 0.0613535 
0.967103 1.37697e-05 0.0328833 
0.576531 0.0148916 0.408577 
0.911743 0.00756398 0.0806933 
0.894035 0.00624338 0.099722 
0.974109 0.00176973 0.0241214 
0.396683 0.00670011 0.596617 
0.907904 0.00996833 0.0821279 
0.677086 0.000997408 0.321916 
0.861213 0.00662229 0.132165 
0.85952 0.0174073 0.123073 
0.0705452 0.922116 0.0073389 
0.898094 0.00206926 0.0998367 
0.0705452 0.922116 0.0073389 
0.859061 0.10266 0.0382792 
0.980151 0.00246799 0.0173812 
0.873427 0.0171969 0.109376 
0.753097 0.00399374 0.24291 
0.630819 0.124115 0.245066 
0.644345 0.0190016 0.336653 
0.876137 0.0102626 0.1136 
0.830413 0.0019537 0.167633 
0.0705452 0.922116 0.0073389 
0.987777 0.00620317 0.00601964 
0.987777 0.00620317 0.00601964 
0.819856 0.00773618 0.172408 
0.862948 0.0071496 0.129902 
0.909994 0.00203596 0.08797 
0.890354 0.00461374 0.105032 
0.879701 0.00434342 0.115956 
0.853584 0.000136589 0.146279 
0.900476 0.000897329 0.0986269 
0.224205 0.000312119 0.775483 
0.924297 0.0108477 0.0648556 
0.840586 0.00661612 0.152798 
0.897926 0.00100104 0.101073 
0.589423 0.0240449 0.386532 
0.948453 0.00161525 0.049932 
0.799965 0.00533686 0.194698 
0.0705452 0.922116 0.0073389 
0.856855 0.0496552 0.0934893 
0.920404 0.0445323 0.035064 
0.955532 0.000529924 0.0439382 
0.652293 0.0320453 0.315662 
0.865352 0.0733339 0.0613141 
0.909127 0.000580154 0.0902931 
0.89167 0.0112672 0.0970626 
0.696113 0.000339131 0.303548 
0.86283 0.00075987 0.13641 
0.551453 0.00931846 0.439228 
0.875659 0.0211633 0.103178 
0.826914 0.00139983 0.171687 
0.942358 0.0072332 0.0504085 
0.855956 0.017422 0.126622 
0.0705452 0.922116 0.0073389 
0.747803 0.187381 0.0648166 
0.912967 0.0343476 0.0526857 
0.69413 0.0973871 0.208483 
0.912645 0.000757916 0.0865972 
0.893339 0.0242167 0.082444 
0.767474 0.000942384 0.231584 
0.75773 0.00692917 0.235341 
0.885764 0.000529297 0.113707 
0.813616 0.0910821 0.0953017 
0.826878 0.0316177 0.141505 
0.0634007 0.0034445 0.933155 
0.77934 0.0214751 0.199184 
0.951244 0.0039452 0.0448108 
0.669496 0.00304658 0.327457 
0.816775 0.000190847 0.183034 
0.757789 0.021208 0.221003 
0.0705452 0.922116 0.0073389 
0.859895 0.0586705 0.0814345 
0.889177 0.000292996 0.11053 
0.729475 0.00232668 0.268198 
0.73736 0.0150977 0.247543 
0.449559 4.48784e-05 0.550396 
0.250603 0.00452652 0.744871 
0.0705452 0.922116 0.0073389 
0.542333 0.00590424 0.451762 
0.655164 0.160078 0.184758 
0.855349 0.0296119 0.115039 
0.865758 0.0309342 0.103307 
0.876928 0.00244021 0.120631 
0.89914 0.00373184 0.0971281 
0.899207 0.0129928 0.0878003 
0.894442 0.000366877 0.105191 
0.0705452 0.922116 0.0073389 
0.817092 0.0123201 0.170588 
0.870076 0.000270335 0.129654 
0.943481 0.00119449 0.0553245 
0.85257 0.0345652 0.112865 
0.899405 0.00132141 0.0992739 
0.159124 0.00105981 0.839816 
0.863371 0.0163874 0.120242 
0.0705452 0.922116 0.0073389 
0.606968 0.000596699 0.392435 
0.0705452 0.922116 0.0073389 
0.786778 0.0252454 0.187977 
0.863761 0.00617006 0.130069 
0.782256 0.000443265 0.2173 
0.0705452 0.922116 0.0073389 
0.837926 0.00441317 0.157661 
0.0705452 0.922116 0.0073389 
0.893605 2.16005e-05 0.106374 
0.892637 0.00115425 0.106209 
0.785209 0.0505999 0.164191 
0.0705452 0.922116 0.0073389 
0.802072 0.0072099 0.190719 
0.716318 0.0356974 0.247985 
0.814032 0.00681217 0.179155 
0.768314 0.0301116 0.201575 
0.0705452 0.922116 0.0073389 
0.851826 0.012881 0.135293 
0.786778 0.0252454 0.187977 
0.810388 0.0702196 0.119392 
0.864345 0.0327814 0.102873 
0.860815 0.00188538 0.1373 
0.917777 0.023372 0.0588512 
0.826016 0.00957524 0.164409 
0.652958 0.000750544 0.346292 
0.598324 0.005698 0.395978 
0.380489 0.00584505 0.613666 
0.678089 0.000887963 0.321023 
0.815169 0.00202755 0.182804 
0.874111 0.0158621 0.110026 
0.819255 0.00518574 0.175559 
0.601225 0.0031997 0.395575 
0.930737 0.00334021 0.0659225 
0.926584 0.00478973 0.0686266 
0.976157 0.00673631 0.0171066 
0.79534 0.0186497 0.18601 
0.722493 0.00974824 0.267759 
0.88562 0.00475062 0.10963 
0.395331 0.0167834 0.587886 
0.269369 0.0010655 0.729566 
0.63953 0.0117095 0.348761 
0.867376 0.054778 0.0778456 
0.624838 0.239242 0.13592 
0.224518 0.00191345 0.773569 
0.768391 0.00340701 0.228202 
0.912042 0.000805746 0.0871524 
0.914559 0.0409748 0.0444666 
0.833231 0.105385 0.0613843 
0.736139 0.0265076 0.237353 
0.470588 0.028924 0.500488 
0.760557 6.78701e-05 0.239376 
0.57275 4.62669e-05 0.427204 
0.298824 0.0104295 0.690747 
0.697663 0.0193531 0.282984 
0.891644 0.0012354 0.10712 
0.630235 5.81687e-05 0.369707 
0.0705452 0.922116 0.0073389 
0.705401 0.167486 0.127113 
0.725395 0.0744105 0.200195 
0.547786 0.000897115 0.451317 
0.768933 0.151802 0.079265 
0.73753 0.00612646 0.256344 
0.885014 0.000550587 0.114436 
0.839967 0.017561 0.142472 
0.686014 0.0763829 0.237603 
0.76539 0.00121335 0.233397 
0.682284 0.0113704 0.306345 
0.750924 0.00346749 0.245608 
0.856539 0.0570049 0.0864564 
0.236556 0.000169376 0.763275 
0.647103 0.253471 0.099426 
0.926251 0.0135997 0.0601489 
0.831348 0.00424414 0.164408 
0.91643 0.00130345 0.0822661 
0.950036 0.000182843 0.049781 
0.794706 0.00220743 0.203087 
0.851503 0.000955668 0.147542 
0.891976 0.0165591 0.0914645 
0.934281 0.00250449 0.0632147 
0.345819 0.00237029 0.651811 
0.912446 0.0180343 0.0695201 
0.83614 0.0103799 0.15348 
0.843679 8.91197e-05 0.156232 
0.823455 0.0688503 0.107695 
0.751335 0.090712 0.157953 
0.936143 0.00061299 0.0632439 
0.841627 0.0308957 0.127477 
0.855292 0.000735611 0.143973 
0.916196 0.000900858 0.0829033 
0.791216 0.00137784 0.207406 
0.806146 0.135721 0.0581334 
0.182121 0.000804844 0.817075 
0.0705452 0.922116 0.0073389 
0.690825 0.00488462 0.30429 
0.704622 0.00122283 0.294155 
0.413242 0.521318 0.0654402 
0.107489 0.00138143 0.891129 
0.900694 0.0213772 0.0779285 
0.838138 0.000712573 0.161149 
0.483052 0.000493495 0.516455 
0.815169 0.00202755 0.182804 
0.926773 0.0098787 0.0633485 
0.89764 0.0114414 0.0909186 
0.882732 0.00599446 0.111273 
0.810365 0.000104778 0.18953 
0.874854 0.0038924 0.121253 
0.881089 0.00164696 0.117264 
0.586486 0.000339586 0.413174 
0.227722 0.741375 0.0309031 
0.887522 0.00809895 0.104379 
0.815165 0.0120299 0.172805 
0.865269 0.00289588 0.131835 
0.844901 0.0194799 0.135619 
0.642725 0.00118407 0.356091 
0.924297 0.0108477 0.0648556 
0.810015 0.0133643 0.176621 
0.95556 0.00565541 0.0387847 
0.768712 0.000124022 0.231164 
0.868954 0.0808644 0.0501816 
0.203477 0.000214172 0.796309 
0.771581 0.000274334 0.228144 
0.839967 0.017561 0.142472 
0.200163 0.000659262 0.799178 
0.857822 0.0872682 0.0549098 
0.336238 0.00958917 0.654173 
0.872271 0.00895518 0.118774 
0.6455 0.000411982 0.354088 
0.936775 0.000327967 0.0628973 
0.370921 0.349613 0.279466 
0.80503 0.00181377 0.193156 
0.872841 0.0235388 0.10362 
0.17386 0.00143824 0.824702 
0.0705452 0.922116 0.0073389 
0.795582 0.00195282 0.202465 
0.875225 0.0674487 0.0573265 
0.107274 0.000368591 0.892358 
0.717823 0.163773 0.118404 
0.989286 0.00655456 0.00415973 
0.0705452 0.922116 0.0073389 
0.14755 0.0017433 0.850706 
0.843715 0.0198678 0.136417 
0.0705452 0.922116 0.0073389 
0.849032 0.000227971 0.15074 
0.420186 0.284021 0.295792 
0.275012 0.00355692 0.721431 
0.875012 0.00341696 0.121571 
0.92555 0.0279116 0.0465386 
0.379603 0.00170639 0.61869 
0.912973 0.000871709 0.0861555 
0.896622 0.0184357 0.0849422 
0.464739 0.00318247 0.532079 
0.865297 0.0821023 0.0526004 
0.0705452 0.922116 0.0073389 
0.849494 0.0289695 0.121536 
0.635622 0.00822343 0.356154 
0.838078 0.00225703 0.159665 
0.71849 0.0679351 0.213575 
0.71849 0.0679351 0.213575 
0.592908 0.00278566 0.404306 
0.809781 0.00457458 0.185645 
0.838251 0.000622211 0.161127 
0.456295 0.215253 0.328451 
0.748108 0.0131044 0.238788 
0.581409 0.0350291 0.383562 
0.727505 0.202481 0.0700137 
0.812497 0.00151472 0.185988 
0.84161 0.00374699 0.154643 
0.924297 0.0108477 0.0648556 
0.839967 0.017561 0.142472 
0.895302 0.00860065 0.0960973 
0.858884 0.0537279 0.0873877 
0.772221 0.00421048 0.223569 
0.649224 0.0104318 0.340345 
0.937682 0.0190119 0.0433063 
0.896053 0.000884488 0.103063 
0.944509 0.000445613 0.0550456 
0.94204 0.000676995 0.0572828 
0.786762 0.152864 0.0603737 
0.0705452 0.922116 0.0073389 
0.839967 0.017561 0.142472 
0.133473 0.835071 0.0314558 
0.801213 0.0102829 0.188504 
0.0705452 0.922116 0.0073389 
0.976917 1.27591e-05 0.0230701 
0.349493 0.568394 0.0821132 
0.87843 0.00824002 0.11333 
0.886907 0.0184646 0.0946282 
0.834597 0.101871 0.0635316 
0.903845 0.00765055 0.0885047 
0.759926 0.0104548 0.229619 
0.05184 0.927728 0.0204324 
0.867607 0.0078118 0.124581 
0.794604 0.00246343 0.202933 
0.804297 0.000623227 0.195079 
0.851297 0.00517081 0.143532 
0.900268 0.0183544 0.0813771 
0.845793 0.0004018 0.153805 
0.863735 0.0092721 0.126993 
0.862818 0.0315524 0.10563 
0.837967 0.0921607 0.0698721 
0.635962 0.185864 0.178174 
0.882139 0.0364333 0.0814278 
0.0705452 0.922116 0.0073389 
0.402778 0.00271924 0.594503 
0.989286 0.00655456 0.00415973 
0.663054 0.000418591 0.336527 
0.899062 0.00752766 0.0934107 
0.861608 0.000417086 0.137975 
0.834772 0.00310286 0.162125 
0.416799 0.533115 0.0500864 
0.0705452 0.922116 0.0073389 
0.884461 0.00310407 0.112434 
0.0705452 0.922116 0.0073389 
0.762911 0.0115915 0.225498 
0.897542 0.0177642 0.0846937 
0.673786 0.0027736 0.32344 
0.0705452 0.922116 0.0073389 
0.89025 0.0529298 0.0568199 
0.767474 0.000942384 0.231584 
0.929733 1.64541e-06 0.0702653 
0.941287 0.00365559 0.0550574 
0.25398 0.0005573 0.745463 
0.76578 0.000479726 0.23374 
0.403213 0.000266112 0.596521 
0.894903 0.00463281 0.100464 
0.935107 0.00108946 0.0638038 
0.924297 0.0108477 0.0648556 
0.917792 0.00485455 0.077353 
0.73982 0.000683032 0.259497 
0.931461 0.000421639 0.0681176 
0.67648 0.00349566 0.320025 
0.533385 3.18082e-05 0.466583 
0.677086 0.000997408 0.321916 
0.392645 0.00861862 0.598737 
0.834918 0.0628551 0.102227 
0.731317 0.000932383 0.267751 
0.901554 0.000905124 0.0975406 
0.862495 0.0497339 0.087771 
0.0705452 0.922116 0.0073389 
0.334605 0.00791091 0.657484 
0.815092 0.0150482 0.169859 
0.418243 0.47292 0.108837 
0.264614 0.000186743 0.7352 
0.912626 4.13403e-05 0.0873326 
0.891998 0.0546073 0.0533948 
0.909833 0.0421051 0.0480617 
0.654369 0.00034968 0.345281 
0.891998 0.0546073 0.0533948 
0.765249 0.000610122 0.234141 
0.913584 0.0348913 0.0515243 
0.856896 0.0106021 0.132502 
0.0653413 0.00123521 0.933423 
0.772963 0.00179413 0.225243 
0.528664 0.0648321 0.406504 
0.487895 0.00312284 0.508982 
0.768933 0.151802 0.079265 
0.873211 0.00193743 0.124852 
0.94692 0.0222591 0.0308207 
0.889375 0.033765 0.0768602 
0.930902 0.0353202 0.0337781 
0.918672 0.011452 0.0698756 
0.831528 0.00520498 0.163267 
0.0705452 0.922116 0.0073389 
0.987777 0.00620317 0.00601964 
0.877789 0.0249085 0.0973027 
0.0705452 0.922116 0.0073389 
0.0705452 0.922116 0.0073389 
0.849844 0.00425632 0.1459 
0.19987 0.000997178 0.799133 
0.412183 0.000804573 0.587013 
0.0705452 0.922116 0.0073389 
0.370543 0.00341765 0.626039 
0.837077 0.00868282 0.15424 
0.885014 0.000550587 0.114436 
0.634931 0.00604059 0.359029 
0.874096 0.00129501 0.124609 
0.0705452 0.922116 0.0073389 
0.989286 0.00655456 0.00415973 
0.907462 0.021872 0.0706662 
0.853901 0.0125649 0.133534 
0.943111 0.00112636 0.0557626 
0.688582 7.69979e-05 0.311341 
0.915365 0.0153026 0.0693322 
0.553339 0.185316 0.261346 
0.931268 0.000501278 0.0682309 
0.924297 0.0108477 0.0648556 
0.909672 0.0108823 0.0794452 
0.910353 0.00111625 0.0885308 
0.815343 0.00069553 0.183961 
0.405603 0.476922 0.117475 
0.874188 0.000971729 0.12484 
0.854785 0.0249036 0.120312 
0.775458 0.0412781 0.183264 
0.0705452 0.922116 0.0073389 
0.0653413 0.00123521 0.933423 
0.87789 0.00629644 0.115814 
0.932287 0.0249457 0.0427671 
0.0705452 0.922116 0.0073389 
0.0705452 0.922116 0.0073389 
0.893006 0.0231983 0.0837961 
0.901238 0.00310257 0.0956597 
0.93443 0.0330414 0.0325289 
0.905013 7.17125e-05 0.0949153 
0.125475 8.11329e-07 0.874524 
0.93975 0.00462922 0.0556211 
0.868094 0.00777178 0.124134 
0.136137 0.0263271 0.837536 
0.259204 0.000102027 0.740694 
0.886935 0.000612726 0.112452 
0.562281 0.00055475 0.437164 
0.882464 0.0655037 0.0520323 
0.989286 0.00655456 0.00415973 
0.893006 0.0231983 0.0837961 
0.856505 0.00683916 0.136656 
0.846555 0.0610897 0.0923557 
0.921238 0.0231362 0.0556255 
0.696471 0.0944605 0.209068 
0.814646 0.00141643 0.183938 
0.741491 0.0249126 0.233596 
0.835682 0.074102 0.090216 
0.987777 0.00620317 0.00601964 
0.886886 0.025194 0.0879205 
0.798821 0.0105081 0.190671 
0.819208 0.0101726 0.170619 
0.0705452 0.922116 0.0073389 
0.293781 0.00148339 0.704735 
0.894844 0.00134696 0.103809 
0.785428 0.000270449 0.214302 
0.71625 0.0242383 0.259512 
0.784233 0.00461359 0.211153 
0.911965 0.00892739 0.0791075 
0.243197 0.000590146 0.756213 
0.0705452 0.922116 0.0073389 
0.924297 0.0108477 0.0648556 
0.434167 0.483908 0.081925 
0.987777 0.00620317 0.00601964 
0.857222 0.00768727 0.135091 
0.808807 0.00331696 0.187876 
0.814146 0.00157743 0.184276 
0.852403 0.00459929 0.142997 
0.781057 0.0300619 0.188881 
0.89277 0.000677778 0.106552 
0.667214 0.00403259 0.328753 
0.802526 0.00932353 0.188151 
0.961358 0.0128857 0.0257564 
0.481756 7.52258e-05 0.518169 
0.90528 9.70795e-05 0.094623 
0.891468 0.00235782 0.106174 
0.851826 0.012881 0.135293 
0.903054 0.0377824 0.059164 
0.0705452 0.922116 0.0073389 
0.552087 0.315163 0.13275 
0.814928 0.12277 0.0623029 
0.878998 0.0134004 0.107602 
0.884325 0.000289517 0.115386 
0.848448 0.0190222 0.13253 
0.885499 0.000732288 0.113769 
0.839386 0.014354 0.14626 
0.0705452 0.922116 0.0073389 
0.892303 0.00169539 0.106002 
0.88006 0.0139166 0.106024 
0.837403 0.00120018 0.161397 
0.838564 0.0284983 0.132938 
0.873818 0.0166492 0.109532 
0.858187 0.0322526 0.10956 
0.877693 0.0129948 0.109312 
0.530196 0.193624 0.27618 
0.780512 0.00950486 0.209983 
0.549774 0.39549 0.0547352 
0.987777 0.00620317 0.00601964 
0.891487 0.0275668 0.0809463 
0.838553 0.00371367 0.157733 
0.842421 0.00262686 0.154952 
0.887109 0.0206018 0.0922893 
0.989286 0.00655456 0.00415973 
0.729868 0.195917 0.0742148 
0.906662 0.00365686 0.0896813 
0.867997 0.0150696 0.116933 
0.0705452 0.922116 0.0073389 
0.0705452 0.922116 0.0073389 
0.894641 0.0126352 0.092724 
0.944609 0.0174334 0.0379576 
0.867081 0.00297296 0.129946 
0.718098 0.0826888 0.199213 
0.8796 0.0937271 0.026673 
0.835097 0.013893 0.15101 
0.950639 0.00735808 0.0420028 
0.891925 0.00819812 0.0998772 
0.883254 0.00504398 0.111702 
0.964218 3.80194e-05 0.035744 
0.751076 0.00916948 0.239755 
0.868808 0.00259741 0.128594 
0.0705452 0.922116 0.0073389 
0.904182 0.00230089 0.0935174 
0.0705452 0.922116 0.0073389 
0.820481 0.106669 0.0728501 
0.855097 0.00710093 0.137803 
0.64645 0.00202252 0.351528 
0.885499 0.000732288 0.113769 
0.79349 0.0189914 0.187518 
0.855724 0.00195111 0.142325 
0.924297 0.0108477 0.0648556 
0.734927 0.0143962 0.250677 
0.896683 0.00934798 0.0939691 
0.874344 0.0170247 0.108631 
0.924154 0.00170446 0.0741417 
0.881103 0.00204336 0.116854 
0.847916 0.00900715 0.143076 
0.686037 0.0256637 0.2883 
0.316468 0.00488759 0.678645 
0.892753 0.000131646 0.107115 
0.707755 0.017607 0.274638 
0.160662 0.00116904 0.838169 
0.314547 0.000128641 0.685324 
0.834265 0.00255726 0.163178 
0.0705452 0.922116 0.0073389 
0.416798 0.000870243 0.582332 
0.924989 0.00714591 0.0678655 
0.484262 0.462043 0.0536942 
0.901158 0.00832608 0.0905161 
0.0705452 0.922116 0.0073389 
0.327754 0.0022066 0.67004 
0.876299 0.058406 0.0652953 
0.88562 0.00475062 0.10963 
0.84531 0.0196408 0.135049 
0.890221 0.00955334 0.100226 
0.0705452 0.922116 0.0073389 
0.259204 0.000102027 0.740694 
0.833232 0.0159639 0.150804 
0.800235 0.000207521 0.199558 
0.700665 0.00155971 0.297775 
0.863748 0.00363673 0.132615 
0.426863 0.00571676 0.56742 
0.486726 0.013085 0.500189 
0.915867 0.00441258 0.0797205 
0.815143 5.49431e-05 0.184803 
0.0705452 0.922116 0.0073389 
0.394432 0.000135435 0.605433 
0.851826 0.012881 0.135293 
0.352336 0.00353287 0.644131 
0.820148 0.0093049 0.170547 
0.650663 0.279643 0.0696938 
0.768381 0.00247249 0.229147 
0.818497 0.080402 0.101101 
0.832325 0.0237193 0.143956 
0.808675 0.0575729 0.133752 
0.466244 0.00200479 0.531752 
0.0705452 0.922116 0.0073389 
0.821755 0.00860641 0.169639 
0.195188 0.000165111 0.804647 
0.880098 0.00367299 0.116229 
0.989286 0.00655456 0.00415973 
0.882475 0.0327229 0.084802 
0.979592 0.00257529 0.0178326 
0.747832 0.000432782 0.251735 
0.893347 0.000160597 0.106492 
0.878201 0.0113868 0.110412 
0.184939 0.000277424 0.814783 
0.788473 6.86389e-05 0.211458 
0.0705452 0.922116 0.0073389 
0.848722 0.0434467 0.107831 
0.0705452 0.922116 0.0073389 
0.418858 0.00287242 0.57827 
0.872842 0.000647207 0.126511 
0.912645 0.000757916 0.0865972 
0.869137 0.0920046 0.0388582 
0.804389 0.0199566 0.175655 
0.937442 0.0354366 0.0271214 
0.946244 0.00715387 0.0466017 
0.376774 0.00603215 0.617193 
0.163544 0.000850958 0.835605 
0.763699 0.0855304 0.15077 
0.730167 0.0112656 0.258567 
0.150923 0.00134722 0.84773 
0.12584 0.000150922 0.874009 
0.680846 0.00135109 0.317803 
0.761015 0.0337312 0.205253 
0.89487 0.00343255 0.101697 
0.924297 0.0108477 0.0648556 
0.306144 0.00232868 0.691527 
0.89665 0.0627946 0.0405559 
0.495762 0.00195688 0.502281 
0.173755 0.0039266 0.822319 
0.0705452 0.922116 0.0073389 
0.785452 0.00164388 0.212904 
0.886611 4.06381e-05 0.113348 
0.755238 0.215268 0.0294936 
0.876964 0.00346742 0.119568 
0.801433 0.00307682 0.19549 
0.87739 0.0363159 0.0862943 
0.761686 0.0166543 0.221659 
0.901765 0.00902194 0.0892129 
0.827141 0.00492601 0.167933 
0.885014 0.000550587 0.114436 
0.867277 0.0265286 0.106195 
0.924713 0.0316978 0.0435891 
0.716419 0.00180127 0.281779 
0.466045 0.439817 0.0941377 
0.66616 0.310015 0.0238251 
0.778527 0.106515 0.114958 
0.484314 0.472411 0.0432759 
0.851826 0.012881 0.135293 
0.933725 0.00543221 0.0608432 
0.781078 0.00516867 0.213754 
0.937472 0.00921945 0.053309 
0.677353 0.0337395 0.288907 
0.905389 0.00989346 0.084718 
0.826882 0.0193235 0.153794 
0.867139 0.00238119 0.130479 
0.250988 0.00795705 0.741055 
0.79398 0.00423912 0.201781 
0.900915 0.0217607 0.077324 
0.764756 0.00695247 0.228291 
0.899174 0.0169113 0.0839147 
0.914435 0.00171159 0.0838533 
0.351214 0.00649522 0.64229 
0.989286 0.00655456 0.00415973 
0.49359 0.00171031 0.5047 
0.21407 0.0492188 0.736711 
0.968169 0.000108557 0.031722 
0.244009 0.00205256 0.753938 
0.90555 0.00147916 0.0929709 
0.352867 0.00168943 0.645444 
0.781231 0.000750609 0.218018 
0.987777 0.00620317 0.00601964 
0.653791 0.00321673 0.342992 
0.861742 0.0106211 0.127637 
0.987777 0.00620317 0.00601964 
0.85748 0.0730251 0.0694945 
0.841973 0.00112482 0.156902 
0.50649 0.0216959 0.471815 
0.924297 0.0108477 0.0648556 
0.913805 0.000268084 0.0859268 
0.924297 0.0108477 0.0648556 
0.442625 0.00328727 0.554088 
0.71559 0.00202655 0.282384 
0.802484 0.04782 0.149696 
0.635708 0.00961654 0.354676 
0.927565 0.0145982 0.057837 
0.290687 0.0299745 0.679338 
0.858557 0.00561415 0.135829 
0.757284 0.000868599 0.241847 
0.781485 0.124851 0.0936641 
0.879768 0.0106305 0.109601 
0.828389 0.00488847 0.166723 
0.810505 0.000275131 0.18922 
0.927436 0.0135338 0.0590299 
0.938396 0.00594777 0.0556561 
0.0705452 0.922116 0.0073389 
0.112776 0.00196669 0.885257 
0.854839 0.000100955 0.14506 
0.882723 0.00168578 0.115591 
0.767474 0.000942384 0.231584 
0.859664 0.00276939 0.137566 
0.837981 0.01342 0.148599 
0.541363 0.0102442 0.448393 
0.781231 0.000750609 0.218018 
0.0705452 0.922116 0.0073389 
0.0705452 0.922116 0.0073389 
0.80047 0.000283454 0.199247 
0.868549 0.0437146 0.0877364 
0.838381 0.059701 0.101918 
0.852174 0.00452406 0.143302 
0.868593 0.0104405 0.120967 
0.839967 0.017561 0.142472 
0.755205 0.0312454 0.21355 
0.703728 0.0946172 0.201654 
0.685752 0.28834 0.0259078 
0.898444 0.0328767 0.0686789 
0.792574 0.000932203 0.206494 
0.707405 0.0997605 0.192835 
0.836258 0.0193371 0.144405 
0.894136 0.0201042 0.08576 
0.794212 0.0211744 0.184614 
0.833878 0.00382271 0.162299 
0.877705 0.00199767 0.120297 
0.856459 0.0406309 0.10291 
0.46556 0.00302149 0.531418 
0.855789 0.0167295 0.127481 
0.835917 0.0705264 0.093557 
0.838687 0.00634287 0.15497 
0.276735 0.0299574 0.693308 
0.961063 0.0128224 0.0261148 
0.793515 0.026145 0.18034 
0.901354 0.0259108 0.0727353 
0.887931 0.0274114 0.0846572 
0.847668 0.0256933 0.126638 
0.878669 0.0123564 0.108974 
0.0705452 0.922116 0.0073389 
0.87436 0.000779301 0.12486 
0.839967 0.017561 0.142472 
0.264914 0.000501654 0.734584 
0.900567 0.00523377 0.0941995 
0.937872 0.017051 0.0450773 
0.846104 0.0266004 0.127296 
0.881844 0.0294214 0.0887348 
0.605784 0.018298 0.375918 
0.0705452 0.922116 0.0073389 
0.884651 0.0116416 0.103707 
0.851826 0.012881 0.135293 
0.953951 0.0199799 0.0260695 
0.821068 0.00154133 0.177391 
0.851826 0.012881 0.135293 
0.0705452 0.922116 0.0073389 
0.986365 0.00643264 0.00720239 
0.76954 0.130449 0.100012 
0.242738 0.00155342 0.755709 
0.595768 0.00085279 0.403379 
0.865206 0.0146761 0.120118 
0.672305 0.00431943 0.323375 
0.890932 0.00469103 0.104377 
0.96594 0.00375093 0.030309 
0.865878 0.00593899 0.128183 
0.806232 0.00057939 0.193189 
0.808025 0.000639227 0.191336 
0.820568 0.00849055 0.170941 
0.715274 0.0585738 0.226152 
0.815169 0.00202755 0.182804 
0.786985 0.0964869 0.116528 
0.655164 0.160078 0.184758 
0.603094 0.00519243 0.391714 
0.722846 0.0209405 0.256214 
0.698851 0.219867 0.0812823 
0.972078 0.00406203 0.0238598 
0.668561 0.278339 0.0531009 
0.216839 0.00968686 0.773474 
0.590055 5.53382e-12 0.409945 
0.345038 0.000614867 0.654347 
0.701695 6.15787e-05 0.298244 
0.81986 0.000316672 0.179823 
0.879022 0.0218878 0.0990903 
0.826541 0.080995 0.0924644 
0.629183 0.207956 0.162861 
0.411357 0.00603355 0.582609 
0.436637 0.0106294 0.552733 
0.457425 6.20897e-05 0.542513 
0.799347 0.00194331 0.19871 
0.877705 0.00199767 0.120297 
0.840605 0.0213129 0.138082 
0.857623 0.00582285 0.136554 
0.837975 0.0278241 0.134201 
0.839361 0.00212046 0.158518 
0.861924 0.0181318 0.119945 
0.849446 0.00206599 0.148488 
0.882275 0.0160558 0.10167 
0.776808 0.0321796 0.191012 
0.422713 0.277271 0.300016 
0.833231 0.105385 0.0613843 
0.329751 0.011886 0.658363 
0.836414 0.0188768 0.144709 
0.814802 0.161879 0.0233195 
0.652739 0.346187 0.00107468 
0.728668 0.0586303 0.212702 
0.685753 0.000839498 0.313407 
0.531171 0.00172034 0.467109 
0.588255 2.73941e-05 0.411717 
0.865867 0.0123673 0.121765 
0.0705452 0.922116 0.0073389 
0.806182 0.00487024 0.188948 
0.73982 0.000683032 0.259497 
0.823432 0.0263449 0.150223 
0.73383 0.0810104 0.185159 
0.909841 0.0143895 0.0757694 
0.807103 0.012027 0.18087 
0.92463 0.000967625 0.0744022 
0.851081 0.0281983 0.120721 
0.855888 0.00304767 0.141065 
0.868808 0.00259741 0.128594 
0.621192 0.233575 0.145232 
0.952652 4.16625e-05 0.047306 
0.833538 0.0538858 0.112576 
0.755822 0.00524275 0.238936 
0.468335 0.00280701 0.528858 
0.510628 0.000652722 0.488719 
0.924833 0.0198166 0.0553502 
0.932273 0.00179701 0.0659303 
0.989286 0.00655456 0.00415973 
0.885953 0.0251522 0.0888946 
0.859716 0.0351899 0.105094 
0.907178 0.00526437 0.0875578 
0.869455 0.00224845 0.128296 
0.682824 0.220196 0.0969804 
0.851826 0.012881 0.135293 
0.0705452 0.922116 0.0073389 
0.69221 0.00164386 0.306146 
0.841942 0.002823 0.155235 
0.910781 0.0229811 0.0662377 
0.907414 0.000364012 0.0922221 
0.909902 0.000338194 0.0897602 
0.182364 0.000970619 0.816666 
0.881012 0.000269837 0.118718 
0.443845 0.439811 0.116345 
0.839687 0.0123785 0.147934 
0.0705452 0.922116 0.0073389 
0.830268 0.00448249 0.165249 
0.858053 0.0394454 0.102502 
0.849606 0.0466515 0.103742 
0.802211 0.00707732 0.190712 
0.813146 0.0548495 0.132005 
0.834777 0.00946848 0.155754 
0.0705452 0.922116 0.0073389 
0.91493 0.0228616 0.0622082 
0.839967 0.017561 0.142472 
0.0705452 0.922116 0.0073389 
0.846772 0.00416452 0.149063 
0.861531 0.0213414 0.117128 
0.840054 0.0693107 0.0906356 
0.0705452 0.922116 0.0073389 
0.823397 0.0231531 0.15345 
0.898094 0.00206926 0.0998367 
0.413393 2.28203e-05 0.586585 
0.781361 0.00604573 0.212594 
0.817139 0.00278 0.180081 
0.87618 0.0124445 0.111375 
0.900567 0.00523377 0.0941995 
0.106283 0.000157592 0.89356 
0.0705452 0.922116 0.0073389 
0.647583 3.68367e-05 0.35238 
0.920746 0.000539922 0.0787138 
0.811834 0.0106789 0.177487 
0.816013 0.0292662 0.15472 
0.899188 0.00963711 0.0911744 
0.900517 0.0268217 0.0726617 
0.416798 0.000870243 0.582332 
0.21642 0.00289212 0.780688 
0.772249 0.169776 0.0579755 
0.209222 0.00138748 0.78939 
0.904287 0.00328758 0.0924257 
0.872118 0.0110645 0.116818 
0.857344 0.0724542 0.0702023 
0.79203 0.000776482 0.207194 
0.705224 0.0018798 0.292896 
0.987777 0.00620317 0.00601964 
0.0705452 0.922116 0.0073389 
0.834539 0.00674612 0.158715 
0.861525 0.0231218 0.115354 
0.86797 0.00452904 0.127501 
0.771647 0.083465 0.144888 
0.0705452 0.922116 0.0073389 
0.487523 0.00208792 0.510389 
0.914171 0.00358867 0.0822401 
0.892393 0.00112774 0.106479 
0.925709 0.0241064 0.0501846 
0.848897 0.0571654 0.0939381 
0.0705452 0.922116 0.0073389 
0.80384 0.000834561 0.195325 
0.877705 0.00199767 0.120297 
0.815169 0.00202755 0.182804 
0.74075 0.000431033 0.258819 
0.813665 0.0281623 0.158173 
0.860008 0.00114707 0.138845 
0.846309 0.0175302 0.13616 
0.0705452 0.922116 0.0073389 
0.92519 0.000406744 0.074403 
0.942346 0.00705875 0.0505954 
0.85759 0.0434896 0.0989202 
0.90152 0.0246992 0.0737804 
0.795064 0.00380057 0.201135 
0.885289 0.000144399 0.114566 
0.88576 0.0291278 0.0851122 
0.852934 0.00110314 0.145963 
0.937962 0.00418997 0.0578477 
0.820352 0.0579507 0.121697 
0.876471 0.0095189 0.11401 
0.898465 0.0109964 0.0905381 
0.733232 0.228511 0.0382578 
0.772221 0.00421048 0.223569 
0.755238 0.215268 0.0294936 
0.813936 0.0075292 0.178535 
0.351625 0.110323 0.538052 
0.396699 0.565148 0.0381523 
0.5423 0.0101234 0.447577 
0.89665 0.0627946 0.0405559 
0.574662 0.144948 0.28039 
0.89226 0.0425753 0.0651644 
0.849253 0.00481833 0.145929 
0.98835 0.000186472 0.0114635 
0.621345 0.000574523 0.37808 
0.924297 0.0108477 0.0648556 
0.522331 0.00671546 0.470954 
0.793555 0.00946648 0.196979 
0.516412 0.42748 0.0561083 
0.815169 0.00202755 0.182804 
0.434167 0.483908 0.081925 
0.918966 0.00136095 0.0796733 
0.883919 0.00374399 0.112337 
0.860621 0.0237379 0.115641 
0.475084 0.318167 0.206749 
0.915597 0.0262709 0.0581323 
0.724635 0.182963 0.0924018 
0.0705452 0.922116 0.0073389 
0.714169 0.000689331 0.285141 
0.843877 0.0186189 0.137504 
0.853119 0.0126272 0.134254 
0.846319 0.00627264 0.147408 
0.892864 0.0142684 0.0928672 
0.413242 0.521318 0.0654402 
0.825005 0.00522973 0.169765 
0.399727 0.00309633 0.597176 
0.839967 0.017561 0.142472 
0.924297 0.0108477 0.0648556 
0.862106 0.0467515 0.0911422 
0.791825 0.000148416 0.208027 
0.8393 0.00822195 0.152478 
0.795973 0.00101768 0.20301 
0.895738 0.000107073 0.104155 
0.881309 0.00107173 0.117619 
