0.000669121 0.000770901 0.00495261 0.00236446 8.471e-05 0.0108375 0.00110826 0.00370461 0.00601186 0.00310132 0.0001501 6.50972e-05 0.0464493 0.0149122 0.109658 0.000387176 0.00852988 0.12215 0.40672 0.0484321 0.0204386 0.000110214 0.0199118 0.0124417 0.156038 
0.00204581 0.00113255 0.00645158 0.00299713 0.000158052 0.0011197 0.00107986 0.00266079 0.000875608 0.00819806 0.000199533 0.000210171 0.121986 0.0392031 0.0160189 0.000871301 0.00781306 0.0529883 0.556728 0.117098 0.0279496 2.20793e-05 0.00339001 0.0102649 0.0185373 
8.26457e-05 0.0054088 0.00249645 0.00770948 0.0020297 0.00531693 0.00355368 0.0129252 0.00037172 0.00164919 7.1262e-05 2.06893e-05 0.0402355 0.00622463 0.091097 7.65141e-06 0.0206364 0.202653 0.26592 0.199781 0.0380113 5.81952e-05 0.000974225 0.0378434 0.0549217 
0.000635529 0.0117408 0.00647286 0.0228543 0.001316 0.00991948 0.00614528 0.0137134 0.0103606 0.000754348 0.000522169 0.00500205 0.0504286 0.0323912 0.0554592 0.00062682 0.00422838 0.0853759 0.538018 0.0336776 0.0265771 0.00742178 0.0300941 0.0370212 0.00924351 
0.00549141 0.0141174 0.00464421 0.0063549 0.0177802 0.00259666 0.00195927 0.00142211 0.00118689 0.00431912 0.000398561 0.00522878 0.0416376 0.0413341 0.057797 0.0525803 0.0266093 0.109711 0.249477 0.121832 0.0149883 7.2977e-06 0.00367796 0.0893306 0.125518 
0.00204581 0.00113255 0.00645158 0.00299713 0.000158052 0.0011197 0.00107986 0.00266079 0.000875608 0.00819806 0.000199533 0.000210171 0.121986 0.0392031 0.0160189 0.000871301 0.00781306 0.0529883 0.556728 0.117098 0.0279496 2.20793e-05 0.00339001 0.0102649 0.0185373 
0.000281868 0.00626557 0.00372267 0.0655511 0.000186306 0.00281223 0.00514698 0.021443 0.0116857 0.000295353 0.000189903 0.000417455 0.0435375 0.0803932 0.115012 0.000224999 0.00335955 0.160068 0.160247 0.0870129 0.0909167 0.0003835 0.0181763 0.105318 0.0173517 
3.63522e-05 0.00037109 0.00185662 0.00555738 0.00187729 0.00506545 0.00297171 0.00207614 0.000451918 0.0010006 8.67136e-05 2.89291e-06 0.0363642 0.00465199 0.0498433 1.54709e-05 0.0475407 0.258747 0.378399 0.0204653 0.0218057 0.000108206 0.000161553 0.0128968 0.147646 
5.43315e-07 0.00369183 0.00365968 0.00271845 3.79055e-06 0.017188 0.000621031 0.00692801 0.000397978 1.56653e-05 3.58329e-06 1.36506e-05 0.0209224 0.00919359 0.0403905 9.58377e-06 0.000276929 0.0430939 0.820798 0.00128471 0.0128856 2.71999e-05 0.00545516 0.00340636 0.00701386 
0.00116211 0.00515072 0.00252242 0.0486432 0.000404139 0.006023 0.0549568 0.00890319 0.00419706 0.0017544 0.00039144 0.000988409 0.0341477 0.0306478 0.109974 0.00138703 0.00171156 0.140569 0.321688 0.116121 0.035288 0.000305903 0.0207544 0.0401273 0.0121809 
1.19538e-05 0.00134494 0.00515621 0.0681064 0.000179873 0.0186762 0.0202896 0.0277376 0.0629745 0.00511215 0.000559219 1.25586e-05 0.0711914 0.0114933 0.0434073 4.72023e-05 0.00253655 0.172096 0.348603 0.0246879 0.0199679 0.00113845 0.071077 0.00602 0.0175727 
1.98739e-05 0.000273522 0.00125635 0.00136834 0.00015432 0.000858151 0.00184527 0.00210848 0.00180117 1.37506e-05 0.000215059 1.75416e-05 0.026041 0.00585897 0.0638629 1.67581e-05 0.000136705 0.303154 0.474493 0.0229929 0.0276788 0.00071873 0.00185923 0.0541935 0.00906183 
0.000858373 0.00147909 0.00376901 0.00549903 0.000231146 0.00383342 0.00250229 0.00187485 0.00065416 0.00670735 0.00122199 0.000581493 0.077634 0.0709938 0.0823457 0.000478123 0.00690304 0.218581 0.231827 0.0627138 0.0991978 0.000941419 0.00911711 0.0926521 0.0174032 
0.00153509 0.00102554 0.00192389 0.00636079 0.000462843 0.0104107 0.00959883 0.0117635 0.0013875 0.00057023 0.00223431 0.000361697 0.0959916 0.0713916 0.0721024 0.000563933 0.00329113 0.190079 0.213992 0.105729 0.102283 0.000335055 0.00813951 0.0367038 0.0517623 
0.000228832 0.0205282 0.00363668 0.0264368 0.00259873 0.0030051 0.00255591 0.00193701 0.0451728 0.000135448 0.00058623 0.107626 0.0564738 0.0110039 0.0261453 0.000158001 0.00183083 0.0416211 0.270413 0.0170921 0.0519002 0.24079 0.00349476 0.04088 0.0237489 
1.09192e-05 0.0341943 0.0139138 0.0510414 0.0597634 0.0877334 0.047352 0.0293847 0.00684671 9.25545e-06 0.000626093 6.03822e-06 0.0518363 0.0145238 0.172644 7.2984e-06 0.000684514 0.0402322 0.206741 0.128412 0.0189995 0.0013029 0.00152103 0.0186438 0.0135703 
2.06035e-05 0.0209593 0.0018625 0.0435725 1.52588e-06 0.061081 0.0289664 0.00294739 0.0267428 0.000142096 1.14396e-05 9.42964e-06 0.00266961 0.0288139 0.240358 1.53421e-05 0.00037171 0.121691 0.259113 0.0428877 0.083899 1.27907e-07 0.00689804 0.0104308 0.0165347 
0.0010977 1.2192e-06 1.2197e-06 1.21983e-06 1.21871e-06 1.21955e-06 1.21954e-06 0.00548957 1.2196e-06 1.21911e-06 1.21748e-06 1.21885e-06 0.0311063 1.21961e-06 0.00183106 0.00195277 1.21943e-06 1.2199e-06 0.946423 0.00195296 0.0101256 1.21865e-06 1.21978e-06 1.21986e-06 1.21973e-06 
2.76312e-05 0.000439104 0.0207211 0.0301376 0.000143267 0.0014716 0.0219335 0.0164433 0.00654272 0.00180773 6.9017e-05 2.5353e-05 0.0222301 0.00402162 0.271264 0.00248697 7.23738e-05 0.0745996 0.348992 0.0123455 0.128067 0.000129282 0.0043723 0.016828 0.0148299 
0.000511461 0.0126953 0.00311322 0.00525159 0.00324341 0.00424687 0.00279882 0.00277731 0.0381513 0.000466745 0.000436512 0.047541 0.0270255 0.0828051 0.11184 0.0103396 0.00722158 0.154949 0.255614 0.0553384 0.0417188 0.0016623 0.0078671 0.0961002 0.0262844 
0.000396473 0.000994466 0.00457446 0.0252156 3.4848e-05 0.0195417 0.0263602 0.0252949 0.00236877 0.000220128 0.000127331 0.000829782 0.0713198 0.00656636 0.0358205 6.34299e-05 0.000522066 0.0183478 0.372474 0.0446243 0.020189 6.95946e-05 2.60115e-05 0.308028 0.0159901 
7.99746e-05 0.000182896 0.000830263 0.00400653 0.000669726 0.000315863 0.00509561 0.0270835 0.000295621 0.00621154 5.49957e-05 0.0028731 0.128353 0.00045952 0.00591974 1.48682e-05 0.00278987 0.136854 0.606096 0.0265224 0.00876575 1.92889e-05 0.00962653 0.0240919 0.00278805 
0.00103171 0.0458985 0.002896 0.0135992 1.75199e-05 0.0164083 0.00605905 0.00169727 0.00668933 0.000169623 0.204643 0.000197164 0.201552 0.00645399 0.0310277 0.000106504 0.00271 0.0565211 0.223116 0.0361972 0.077434 0.00243906 0.00255746 0.0402931 0.0202863 
7.83604e-06 0.00357506 0.141927 0.119372 0.000660386 0.00208735 0.0480703 0.000494958 0.0472356 3.08869e-05 3.15442e-05 9.02006e-07 0.0930232 0.0511836 0.0486516 3.95622e-05 0.000176881 0.181113 0.205965 0.00917953 0.00247336 0.000234018 0.00717728 0.0370539 0.000235338 
0.00116538 0.00168387 0.00761983 0.0108343 0.00166327 0.0077897 0.0031927 0.0103574 0.00603894 0.000863039 0.00024187 0.00361487 0.0494207 0.0185132 0.054062 0.000728827 0.00302335 0.13348 0.477439 0.0531928 0.0696342 0.000320834 0.0142967 0.0294583 0.0413646 
0.000414909 0.00274366 0.0174049 0.0107664 0.000862204 0.00108055 0.00678346 0.00324834 0.0171076 6.32924e-05 0.000161794 3.70999e-05 0.126145 0.0388911 0.136211 9.3549e-05 0.00131382 0.127669 0.223928 0.0375837 0.213936 0.000336014 0.00619583 0.0121448 0.0148776 
1.80028e-05 0.000373103 0.000596071 0.000587061 0.0793119 0.000281165 0.00199137 0.011675 0.000795562 0.000177888 0.000282016 8.12949e-05 0.0562625 0.0384072 0.0386581 1.16158e-05 0.000540517 0.127202 0.462308 0.0514509 0.10387 0.000332107 0.000710931 0.0185978 0.00547829 
1.09177e-05 0.0143238 0.000294045 0.0374684 0.000704437 0.157985 0.0095596 0.0315975 0.00150903 9.95629e-05 0.00146535 3.82293e-05 0.0228583 0.0267554 0.217626 5.74156e-06 0.00163378 0.0128306 0.360022 0.0275902 0.0529221 0.000405792 0.0103793 0.00575303 0.00616201 
0.00568245 0.00878673 0.00186192 0.00117125 0.00165002 0.00183011 0.000587999 0.00130636 0.00130497 0.00439027 0.0018566 0.00596137 0.00946987 0.0277804 0.0570248 0.0165988 0.00774005 0.19956 0.280883 0.196044 0.0156414 8.93825e-05 0.00482129 0.0777827 0.0701747 
5.55113e-05 0.000389679 0.00760321 0.0133168 0.0020369 0.0109568 0.00623113 0.018969 0.0122381 0.00270295 0.000117783 0.00555125 0.0578556 0.00373615 0.0512448 0.00334576 0.017016 0.148397 0.223605 0.0430852 0.0888727 2.77981e-05 0.016015 0.0800099 0.18662 
0.000396473 0.000994466 0.00457446 0.0252156 3.4848e-05 0.0195417 0.0263602 0.0252949 0.00236877 0.000220128 0.000127331 0.000829782 0.0713198 0.00656636 0.0358205 6.34299e-05 0.000522066 0.0183478 0.372474 0.0446243 0.020189 6.95946e-05 2.60115e-05 0.308028 0.0159901 
2.39236e-05 0.00137341 0.00500837 0.0160895 0.00233534 0.00588464 0.0284837 0.00587958 0.00083504 0.000477312 0.000360461 0.00187895 0.0645402 0.00327162 0.133329 3.99813e-05 0.0741681 0.213029 0.222289 0.0235768 0.0384018 9.79784e-05 0.00382947 0.0256592 0.129138 
0.000196435 0.00430761 0.0109377 0.0671926 0.0022404 0.00346926 0.00233764 0.00284574 0.00980706 0.000161194 0.00022273 0.000150358 0.0088019 0.0124985 0.16667 0.00058588 0.00322075 0.179864 0.280759 0.123082 0.0472526 0.00579224 0.00936538 0.0338198 0.0244199 
0.00320128 1.60798e-05 0.122112 0.0029509 8.5041e-06 0.000438223 2.64061e-05 0.0135407 0.000162494 0.000104454 1.05511e-09 1.53619e-07 0.10756 0.0014393 0.0384675 0.00105697 0.000586156 0.139699 0.429377 0.00464144 0.0734268 1.55848e-05 0.00188695 0.0100752 0.0492069 
2.59302e-05 6.12899e-07 0.000909578 0.00209079 0.000251815 0.000877104 0.000756298 0.000616565 0.000621331 0.000106277 0.000339256 0.000413535 0.148445 0.0230195 0.177929 0.000145632 0.00307892 0.102535 0.221624 0.0168823 0.15648 0.0544608 0.00325721 0.0677872 0.0173455 
1.46389e-05 3.91693e-05 7.89864e-05 0.000367655 9.77491e-06 9.60127e-06 0.000390976 0.000116541 0.00016939 4.64099e-05 3.72581e-05 1.54063e-05 0.192359 0.00284992 0.0206532 1.68578e-05 0.00135274 0.0539855 0.69235 0.0104783 0.00630932 2.51283e-05 0.000127576 0.00174479 0.0164517 
0.00829439 0.0333309 0.0106494 0.14414 0.000456037 0.0253425 0.00610289 0.00734549 0.00543227 0.00137559 0.000370129 0.000848089 0.0100399 0.00766382 0.118229 0.00161398 0.00195824 0.181036 0.231207 0.0953775 0.0405438 4.66828e-05 0.0251541 0.035538 0.00790341 
4.29884e-05 0.0118483 0.000592385 0.00644483 4.0647e-08 0.00420974 0.00492686 0.0312807 0.00244955 0.000295713 8.68149e-05 0.000195031 0.0199375 0.00645912 0.0314067 1.72443e-05 0.000216459 0.28404 0.290052 0.0530011 0.0199538 0.000150784 0.014127 0.217664 0.000601749 
2.48969e-05 0.0072555 0.0105778 0.0214621 0.00321049 0.00497816 0.0105582 0.00429712 0.00144417 0.000120297 0.000117875 0.000802925 0.230944 0.0763194 0.0583906 0.00969966 0.0134326 0.0595966 0.291976 0.0226933 0.0333056 5.36237e-05 0.00094394 0.0885236 0.0492711 
2.51368e-05 0.00747658 0.010711 0.0057291 1.9479e-06 0.00289798 0.000914685 0.00220515 0.00173932 0.000155623 0.000184606 2.26926e-05 0.0203003 0.029038 0.188998 2.49534e-05 0.00127678 0.151144 0.318922 0.0351363 0.0961484 8.69315e-05 0.0019387 0.0553391 0.0695829 
5.0711e-06 0.0688826 0.0033523 0.00576084 7.19792e-09 0.0383574 0.000114294 0.00175868 0.0015842 6.8902e-07 1.41724e-08 0.000125565 0.00993939 0.113344 0.0128504 1.73684e-06 0.00344388 0.0219205 0.670409 0.01953 0.00206742 0.000119123 0.000111915 0.00777121 0.0185503 
0.00188895 0.00354022 0.0109314 0.011208 0.0024461 0.0149304 0.00597297 0.00803026 0.00447041 0.000998463 0.00915815 0.0108434 0.0431291 0.0183964 0.078964 0.00340788 0.0141369 0.193005 0.301867 0.0662363 0.034586 0.0140669 0.0174754 0.0926962 0.0376143 
1.86713e-05 0.000161578 0.0021294 0.00199874 7.31818e-05 0.0022289 0.000630841 0.000431901 0.0012496 0.000430991 5.58552e-05 1.73396e-05 0.00285031 0.029704 0.120526 5.72797e-06 0.00262092 0.0433445 0.60233 0.0134458 0.023351 0.00015899 0.00665778 0.0221828 0.123396 
1.89523e-05 0.000214497 0.00472489 0.00121532 1.84524e-07 6.79127e-05 0.000767262 0.00179032 0.000400561 0.000882158 4.01337e-05 1.5623e-05 0.0199785 0.00407642 0.0618098 8.69996e-05 0.000720442 0.127572 0.411296 0.0136839 0.023769 7.70629e-05 0.000203041 0.00609224 0.320496 
0.000191672 0.000680999 3.32492e-10 0.00273976 1.10573e-07 0.00748772 0.000554712 0.0712594 0.0195541 0.000706648 1.08143e-07 6.56456e-12 0.0159769 8.72036e-07 0.00446022 1.52795e-12 1.14387e-07 0.15612 0.452567 0.0236224 0.108665 9.20972e-09 0.00957955 0.121014 0.00481888 
0.00332758 0.00685826 0.00222648 0.00246154 0.00452339 0.000704209 0.000882609 0.00314736 0.00130763 0.00147557 0.00105823 0.00258217 0.025761 0.0710825 0.0797713 0.00133456 0.00205087 0.211016 0.223548 0.213728 0.0307198 2.21301e-06 0.00838841 0.080253 0.0217901 
1.18701e-05 0.000216082 0.00386135 0.00112313 0.000144252 0.000411633 0.0104086 0.0373395 0.00142407 0.000958056 0.000110182 0.00180774 0.17896 0.00581565 0.0357687 3.79665e-05 0.000250313 0.0546909 0.573972 0.00956308 0.0720543 0.000338463 0.00159979 0.00693029 0.00220218 
4.29884e-05 0.0118483 0.000592385 0.00644483 4.0647e-08 0.00420974 0.00492686 0.0312807 0.00244955 0.000295713 8.68149e-05 0.000195031 0.0199375 0.00645912 0.0314067 1.72443e-05 0.000216459 0.28404 0.290052 0.0530011 0.0199538 0.000150784 0.014127 0.217664 0.000601749 
0.00150889 0.0234699 0.0391013 0.0147347 0.00136272 0.00737193 0.00852586 0.0083288 0.0316512 0.00321518 0.000417048 0.0026887 0.127518 0.0211529 0.11037 0.0017584 0.0146357 0.152512 0.17843 0.0544746 0.0706585 0.00103434 0.0210392 0.0557353 0.0483051 
0.00524012 0.112948 0.000699742 0.00679339 0.000593883 0.00488969 0.000106454 0.000799122 0.0024834 0.00402034 0.000404214 0.016258 0.00628467 0.0200792 0.018005 0.00868992 0.0057071 0.0570598 0.388809 0.0544552 0.0187868 1.80337e-06 0.000519647 0.245215 0.0211506 
0.000983841 0.0965436 0.000118068 0.000131127 0.000157248 0.00115104 0.000266711 0.000558256 0.000135479 0.000938584 0.0016563 0.000837226 0.000727425 0.0179306 0.0675331 0.000780494 0.00103615 0.0176575 0.69198 0.0137924 0.00137819 3.71818e-06 0.000565266 0.0706767 0.0124612 
0.00168159 0.0018371 0.00873174 0.0134606 0.00130316 0.00193705 0.00500351 0.00318418 0.00429596 0.0114601 0.000269419 0.00816104 0.194119 0.0219533 0.064309 0.0473469 0.0100212 0.0755349 0.291221 0.0382367 0.110544 0.000249842 0.0131378 0.0399067 0.032093 
0.00204581 0.00113255 0.00645158 0.00299713 0.000158052 0.0011197 0.00107986 0.00266079 0.000875608 0.00819806 0.000199533 0.000210171 0.121986 0.0392031 0.0160189 0.000871301 0.00781306 0.0529883 0.556728 0.117098 0.0279496 2.20793e-05 0.00339001 0.0102649 0.0185373 
1.85111e-05 0.0277583 0.000126998 0.00251118 8.81693e-07 0.0186145 0.000263529 0.00139434 0.00274295 0.000102619 1.93028e-05 3.77149e-06 0.000157514 0.305759 0.0367582 1.60556e-06 1.98286e-05 0.0342256 0.33771 0.117819 0.0130517 5.08038e-07 0.00758112 0.0737811 0.0195783 
3.32562e-06 6.92646e-05 0.00315566 0.0278012 6.59855e-05 0.0343755 0.0293766 0.0133177 0.00126626 0.020513 0.00090622 2.40459e-05 0.188575 0.00249653 0.0317807 9.95998e-06 0.00434863 0.170287 0.332959 0.0193446 0.0762904 0.000248092 0.0254995 0.0145172 0.00276907 
0.000145516 0.00115375 0.00674145 0.0297031 8.90671e-08 0.0606487 0.0198727 0.000303354 0.0128393 0.00077104 0.000524435 0.00043935 0.0407103 0.0280902 0.0265831 9.81186e-06 0.0050961 0.115134 0.440647 0.0970797 0.0463117 3.6261e-06 0.0301345 0.0131741 0.0238835 
0.000491417 0.00130399 0.00359454 0.00253077 0.000336385 0.000312396 0.00399618 0.00327252 0.0353683 0.0101752 0.000187581 0.021341 0.16108 0.0390175 0.0416813 0.00103556 0.00639245 0.0942434 0.318309 0.0565485 0.127966 0.00910748 0.000893461 0.0321086 0.0287067 
0.00123474 0.000637227 0.0184276 0.013967 0.000251348 0.00266145 0.00240922 0.00191584 0.0166831 0.00191335 0.000757356 0.000383576 0.0303557 0.0683534 0.11393 0.000475407 0.0141514 0.145125 0.235539 0.111489 0.0891984 3.62535e-06 0.0145158 0.0286122 0.0870093 
2.70473e-05 0.00480453 0.0503315 0.0177373 0.000228591 0.0441589 0.00841365 0.0766703 0.0534434 0.00365368 0.000179472 3.87545e-05 0.0277059 0.0180197 0.0725778 3.18181e-05 0.000155675 0.112147 0.196782 0.10598 0.060265 8.2362e-05 0.00315904 0.0308811 0.112526 
0.0019985 0.0388934 0.00254239 0.0206825 3.26348e-05 0.0487147 0.00901085 0.0136975 0.0028523 0.0018206 0.000224143 0.000141036 0.0735362 0.0178914 0.0840663 5.99288e-05 0.00249974 0.172549 0.172989 0.085121 0.109166 9.33261e-05 0.00766668 0.0722701 0.0614803 
0.000638458 0.00137091 0.0307705 0.0520877 4.51489e-05 0.00397809 0.00238446 0.00107431 0.000522527 0.000354784 7.15797e-08 0.000124978 0.00179919 0.0106901 0.204488 0.000428158 0.0140873 0.0385765 0.46733 0.030011 0.00161043 3.80729e-08 0.0025745 0.0918742 0.0431793 
2.69862e-05 0.00322149 0.00180504 0.00988043 7.28723e-08 0.00585448 0.0158322 0.00453238 0.00126292 6.75871e-05 0.003598 6.43682e-05 0.00845302 0.00644708 0.205923 9.28399e-06 0.00235794 0.271524 0.283095 0.021532 0.0189072 0.00115121 0.000404142 0.0334485 0.100602 
7.34971e-05 0.00025918 0.0279294 0.0621038 3.79029e-06 0.048701 0.00712191 0.00253392 0.0441174 0.0227679 0.000428663 7.84768e-06 0.0250037 0.0151784 0.173609 3.53618e-05 0.000351333 0.0494083 0.250914 0.02008 0.159592 2.71289e-05 0.00780791 0.0427425 0.0392028 
0.00332758 0.00685826 0.00222648 0.00246154 0.00452339 0.000704209 0.000882609 0.00314736 0.00130763 0.00147557 0.00105823 0.00258217 0.025761 0.0710825 0.0797713 0.00133456 0.00205087 0.211016 0.223548 0.213728 0.0307198 2.21301e-06 0.00838841 0.080253 0.0217901 
7.28404e-05 0.00095028 0.00453082 0.00997025 0.00992296 0.0138437 0.00124037 0.00655399 0.00992908 5.60109e-05 0.000397968 0.00171313 0.0270087 0.0087999 0.137817 0.00259838 0.00942263 0.0921072 0.391336 0.00777265 0.0565072 0.0231991 0.00397131 0.153711 0.0265684 
2.46059e-05 8.31289e-06 1.40157e-05 4.88827e-05 5.54644e-09 8.0134e-13 6.59596e-05 6.23518e-06 0.000190207 0.000592801 8.6583e-06 0.000932875 0.0496511 0.00149068 0.0645118 0.000198466 0.00229642 0.274522 0.299272 5.13322e-08 0.0305935 0.000330263 7.12776e-05 0.0282181 0.246952 
1.89126e-05 0.000401338 0.00842603 0.00124054 2.06347e-05 0.00224424 0.0007474 0.000712271 0.000508707 5.45575e-05 0.000353861 1.8054e-07 0.269435 0.0604344 0.0369051 0.000169433 9.41482e-05 0.100639 0.375281 0.0446006 0.0676284 0.00551678 0.00148662 0.014485 0.00859539 
0.000816413 0.00589999 0.000836536 0.00476903 2.05288e-06 0.00270324 0.00212775 0.000231909 0.0335926 3.30358e-05 4.39226e-05 0.000755983 0.0310839 0.0110581 0.0837851 9.3849e-06 9.31122e-05 0.0607833 0.698721 0.0269017 0.00792219 2.83341e-06 0.000796857 0.0192459 0.00778391 
1.85111e-05 0.0277583 0.000126998 0.00251118 8.81693e-07 0.0186145 0.000263529 0.00139434 0.00274295 0.000102619 1.93028e-05 3.77149e-06 0.000157514 0.305759 0.0367582 1.60556e-06 1.98286e-05 0.0342256 0.33771 0.117819 0.0130517 5.08038e-07 0.00758112 0.0737811 0.0195783 
0.000146328 7.35095e-06 0.00119233 0.0973216 7.06896e-05 0.0021107 0.000664437 0.000857358 0.0208336 1.29575e-05 9.21603e-05 0.0097569 0.0496211 0.00286589 0.0197668 0.000227193 0.00306102 0.230839 0.273249 1.43688e-05 0.0146315 0.00225303 0.104723 0.116587 0.0490954 
0.00123474 0.000637227 0.0184276 0.013967 0.000251348 0.00266145 0.00240922 0.00191584 0.0166831 0.00191335 0.000757356 0.000383576 0.0303557 0.0683534 0.11393 0.000475407 0.0141514 0.145125 0.235539 0.111489 0.0891984 3.62535e-06 0.0145158 0.0286122 0.0870093 
6.04957e-06 0.0149005 0.000487358 0.000507573 0.000244836 0.00116022 1.66303e-06 1.22961e-06 9.13094e-05 1.078e-05 2.90286e-05 6.19889e-06 0.00345526 0.290141 0.128653 2.45532e-06 4.20939e-05 0.0174357 0.406092 0.0238546 0.0046503 0.000162099 1.49629e-06 0.104484 0.00357889 
0.00223946 0.00899757 0.00781285 0.0149931 0.00159642 0.00648903 0.0065693 0.0110707 0.00469106 0.00214336 0.000802079 0.00249554 0.0925527 0.0255775 0.0739377 0.00189937 0.0107356 0.22428 0.264109 0.0410263 0.0428235 0.00770408 0.00707227 0.10701 0.0313718 
2.06035e-05 0.0209593 0.0018625 0.0435725 1.52588e-06 0.061081 0.0289664 0.00294739 0.0267428 0.000142096 1.14396e-05 9.42964e-06 0.00266961 0.0288139 0.240358 1.53421e-05 0.00037171 0.121691 0.259113 0.0428877 0.083899 1.27907e-07 0.00689804 0.0104308 0.0165347 
4.05794e-05 0.000214939 0.000262067 0.00128642 0.000262507 0.00175801 0.00155023 0.000288724 0.000817949 2.40315e-05 0.000429534 5.00563e-05 0.00185848 0.00716117 0.000531907 1.43786e-05 5.08376e-05 0.000497172 0.978435 0.00254681 0.000454662 0.000496637 0.000554629 0.000179803 0.000233826 
3.81578e-07 0.00985174 2.18561e-06 0.00439567 4.85211e-07 0.0036958 4.61467e-06 0.00989885 0.00382137 0.000270644 3.32214e-07 3.07418e-09 0.00689056 0.0733659 0.0355638 1.02401e-05 1.27997e-07 0.00170513 0.665282 0.0652621 0.0524736 9.01761e-06 1.37508e-06 0.0656938 0.00180012 
1.75158e-05 0.000237755 0.0053941 0.00252676 0.00195083 0.000972519 0.00407385 0.00288649 0.00326816 8.27683e-05 0.00010047 3.33861e-05 0.0238912 0.00404442 0.220706 3.02543e-05 0.000549582 0.153758 0.432567 0.0196743 0.0749522 5.60805e-05 0.00480831 0.00624202 0.0371766 
0.00204581 0.00113255 0.00645158 0.00299713 0.000158052 0.0011197 0.00107986 0.00266079 0.000875608 0.00819806 0.000199533 0.000210171 0.121986 0.0392031 0.0160189 0.000871301 0.00781306 0.0529883 0.556728 0.117098 0.0279496 2.20793e-05 0.00339001 0.0102649 0.0185373 
0.0110976 0.0120057 0.00625578 0.00385339 0.000206081 0.0435342 0.000878592 0.000678232 0.0931105 0.00706149 0.0356972 0.0586168 0.0794838 0.00629939 0.0122604 0.0168713 0.0666875 0.0687327 0.161883 0.0428003 0.0225461 0.0756583 0.0018328 0.115337 0.0566117 
1.17164e-07 3.70805e-06 0.000867347 0.102553 8.20816e-07 0.00541835 0.095433 0.0511139 0.0213352 0.00896739 7.75507e-07 1.5057e-07 0.0970477 0.00348217 0.00367703 4.36625e-08 1.56895e-07 0.0987202 0.237453 0.0929261 0.00102879 1.1329e-06 0.172955 0.00701389 7.36931e-07 
0.000149254 0.0231074 0.00908272 0.0112708 2.52844e-06 0.0339482 0.00387525 0.00986619 0.00605913 0.000147495 0.00201883 2.64504e-06 0.0840586 0.0146323 0.0349269 1.31147e-05 0.000743945 0.218414 0.287173 0.107123 0.113484 0.000201063 0.0177196 0.014634 0.00734621 
4.88643e-05 0.00732917 0.016039 0.013608 0.0427905 0.0951117 0.00434479 0.0430375 0.00182254 0.00029783 0.000240433 9.00576e-06 0.02108 0.0698992 0.116609 2.55666e-05 0.000869301 0.125901 0.298054 0.0496274 0.0384413 6.36168e-06 0.0015109 0.0319839 0.0213132 
0.000872858 0.00386294 0.000990146 0.00750431 0.000963641 0.00592152 0.00929611 0.0129546 0.0426188 0.000402397 0.00131423 8.22748e-05 0.0941455 0.00517752 0.0216109 2.73004e-05 0.00424394 0.186725 0.424672 0.0655846 0.0482203 7.70955e-05 0.00778488 0.0419522 0.0129957 
0.000853191 0.00039179 0.00277776 0.00594989 0.00254112 0.000637089 0.00222993 0.0237512 0.0102714 0.000800678 0.000724087 0.00115365 0.0665566 0.0664325 0.13198 0.00677313 0.127018 0.0825822 0.263596 0.0697308 0.0413334 5.41575e-05 0.00413335 0.0503314 0.0373967 
5.43315e-07 0.00369183 0.00365968 0.00271845 3.79055e-06 0.017188 0.000621031 0.00692801 0.000397978 1.56653e-05 3.58329e-06 1.36506e-05 0.0209224 0.00919359 0.0403905 9.58377e-06 0.000276929 0.0430939 0.820798 0.00128471 0.0128856 2.71999e-05 0.00545516 0.00340636 0.00701386 
0.00136981 0.0290833 0.0362255 0.0105748 0.000308322 0.00790708 0.0019411 0.00144068 0.0532641 0.0040925 0.00826632 0.0274017 0.0322923 0.012645 0.0715656 0.000888583 0.00739021 0.218351 0.245167 0.0633569 0.0629213 0.00155652 0.00950345 0.0687137 0.023773 
0.00011815 0.0045754 0.0915718 0.0981745 0.001112 0.0102777 0.00719332 0.0053095 0.111189 0.00105305 0.000586738 0.0341553 0.104432 0.00276729 0.0507843 8.8048e-05 0.00137084 0.0654947 0.144484 0.0221973 0.111694 0.0622321 0.0312709 0.0209963 0.0168717 
0.00058433 0.001316 8.19667e-06 0.00052204 0.0025151 0.00114518 0.00128169 0.0229967 0.000682709 0.00182484 7.14383e-05 0.330331 0.00610714 1.06929e-05 0.000324656 7.57115e-06 0.239288 0.00877886 0.364498 0.00262728 0.00457157 3.79977e-05 0.000308867 0.00910782 0.00105317 
9.37086e-06 0.000433163 0.00555012 0.00361586 0.00218975 0.030179 0.00100914 0.00760401 0.000229864 1.85901e-05 8.91862e-05 4.06965e-05 0.071639 0.00404694 0.0321465 0.000363927 0.00119796 0.314362 0.41905 0.00898955 0.0173009 0.000253095 0.00412824 0.00752281 0.0680307 
1.17164e-07 3.70805e-06 0.000867347 0.102553 8.20816e-07 0.00541835 0.095433 0.0511139 0.0213352 0.00896739 7.75507e-07 1.5057e-07 0.0970477 0.00348217 0.00367703 4.36625e-08 1.56895e-07 0.0987202 0.237453 0.0929261 0.00102879 1.1329e-06 0.172955 0.00701389 7.36931e-07 
7.96663e-06 0.00160895 0.000608836 0.010861 7.38984e-07 0.018884 0.000208663 0.000366787 0.00813212 8.6061e-05 0.000830276 3.54418e-06 0.00175193 0.0748487 0.223056 2.63837e-06 1.19407e-05 0.00482305 0.489493 0.0295491 0.0240202 0.000341446 0.000836745 0.050341 0.0593247 
7.83768e-06 0.00415604 0.00629292 0.00585083 0.00284578 0.00381553 0.010739 0.00965687 0.00306705 0.000117974 0.000659454 8.81384e-05 0.134347 0.0081492 0.044215 2.06372e-05 0.0017091 0.137726 0.468117 0.0180811 0.0391982 0.0132793 0.0155333 0.0664493 0.00587726 
2.04726e-05 0.058602 0.0155223 0.02586 1.63222e-06 0.00908727 0.0072731 0.00967842 0.0147909 5.64355e-06 0.00830722 0.0219064 0.20889 0.0258582 0.0151097 0.000270569 0.00156083 0.131332 0.272836 0.00448389 0.0727086 0.00271221 0.0367408 0.0213656 0.0350758 
1.86978e-05 0.00040043 0.000198458 0.000460194 1.96948e-05 5.27654e-08 0.00081532 0.00195764 0.000507218 5.42698e-05 0.000477205 6.27286e-05 0.0660206 0.0848965 0.0820453 2.54582e-05 0.00066225 0.141906 0.39485 0.04969 0.150776 0.000321429 0.00144539 0.00450451 0.0178845 
3.14659e-05 0.000992527 0.00165129 0.00164266 0.000114114 0.000667819 0.00136212 0.00109716 0.00148152 3.20723e-05 0.000261756 0.000737174 0.155066 0.00915425 0.0422222 4.53614e-05 0.000766138 0.242655 0.403661 0.0451969 0.0629089 0.00259177 0.00026773 0.0203774 0.00501591 
0.000838629 0.00510006 0.00111144 0.00119948 0.00212626 0.000451417 0.000500159 0.00997063 0.000759268 0.000657672 0.000158962 0.00203214 0.0251089 0.0255426 0.0401073 0.0142125 0.00936938 0.21633 0.246147 0.152109 0.0629013 3.78656e-05 0.00217378 0.124514 0.0565397 
0.00332758 0.00685826 0.00222648 0.00246154 0.00452339 0.000704209 0.000882609 0.00314736 0.00130763 0.00147557 0.00105823 0.00258217 0.025761 0.0710825 0.0797713 0.00133456 0.00205087 0.211016 0.223548 0.213728 0.0307198 2.21301e-06 0.00838841 0.080253 0.0217901 
0.000303119 0.0138838 0.00126213 0.0363099 0.0014618 0.00322255 0.0158283 0.00828921 0.00282155 0.00243914 0.000491773 0.0564055 0.0503687 0.0208675 0.0240913 0.000547078 0.000391681 0.0971452 0.470282 0.0127725 0.014008 0.0361897 0.0243995 0.096298 0.00992 
4.04268e-05 0.00513233 0.00210405 0.0801771 0.000177497 0.0161275 0.000691364 0.00118009 0.00141467 3.45085e-05 4.11581e-05 6.54211e-06 0.00410948 0.0365936 0.200339 5.69273e-05 0.000154689 0.0123489 0.410318 0.021448 0.0942793 4.1177e-05 0.0395352 0.0537135 0.0199349 
2.32176e-05 0.00673168 0.000679613 0.00223729 0.0128521 0.00114771 0.000413667 0.00216606 0.00167086 1.7042e-05 0.000119537 0.00210255 0.0602752 0.195721 0.036037 0.00205511 0.00592862 0.029399 0.361734 0.0192619 0.0157301 0.0356568 0.000627942 0.188727 0.0186852 
0.000228832 0.0205282 0.00363668 0.0264368 0.00259873 0.0030051 0.00255591 0.00193701 0.0451728 0.000135448 0.00058623 0.107626 0.0564738 0.0110039 0.0261453 0.000158001 0.00183083 0.0416211 0.270413 0.0170921 0.0519002 0.24079 0.00349476 0.04088 0.0237489 
0.000469658 0.000779508 0.000932085 0.00495986 0.00117494 0.00183913 0.000299265 0.000618863 0.00076959 0.000993228 0.000184155 0.00125013 0.0178661 0.0799079 0.111776 0.00917925 0.0053991 0.0903377 0.308016 0.0492901 0.0764007 4.0918e-05 0.0353797 0.0671512 0.134985 
0.00010307 0.0028773 0.0013845 0.0414448 0.000149309 0.00574757 0.00484328 0.00181057 0.0947635 0.000292341 0.000494646 0.14191 0.0584152 0.0149302 0.0409218 2.72847e-05 0.000240995 0.0903099 0.290702 0.0286121 0.0665747 0.0575751 0.00909369 0.0147605 0.032016 
0.000320849 0.00135046 0.00782641 0.00514592 0.00158846 0.00628389 0.000232284 0.0010083 0.000656528 0.000249528 0.000191318 0.0698937 0.0306526 0.0108893 0.0971842 0.00101376 0.0246562 0.204909 0.238596 0.0347115 0.0195552 0.000141395 0.00548537 0.155104 0.0823537 
0.000228832 0.0205282 0.00363668 0.0264368 0.00259873 0.0030051 0.00255591 0.00193701 0.0451728 0.000135448 0.00058623 0.107626 0.0564738 0.0110039 0.0261453 0.000158001 0.00183083 0.0416211 0.270413 0.0170921 0.0519002 0.24079 0.00349476 0.04088 0.0237489 
0.00188764 0.00725157 0.0103855 0.00896067 0.00141328 0.00654193 0.0030351 0.00212205 0.0146279 0.00949048 0.00142443 0.00581168 0.131049 0.022507 0.0932014 0.0139095 0.0237135 0.130653 0.253599 0.0582507 0.0558672 0.00135374 0.0210267 0.07973 0.0421862 
1.15824e-05 0.0113674 0.0025977 0.0100418 9.91061e-05 0.0034236 0.0103848 0.0185117 0.00400249 0.000165461 7.51559e-05 0.000115651 0.0282506 0.0250368 0.0875399 0.000105411 0.000542473 0.141086 0.33134 0.0867778 0.0364181 7.69406e-05 0.0121765 0.126551 0.0633012 
0.000228832 0.0205282 0.00363668 0.0264368 0.00259873 0.0030051 0.00255591 0.00193701 0.0451728 0.000135448 0.00058623 0.107626 0.0564738 0.0110039 0.0261453 0.000158001 0.00183083 0.0416211 0.270413 0.0170921 0.0519002 0.24079 0.00349476 0.04088 0.0237489 
1.00897e-05 6.13315e-06 0.00404375 0.00125188 0.000415527 0.000441646 0.00134041 0.000676484 0.00138134 1.73024e-05 8.71014e-05 0.00125839 0.237159 0.00106058 0.151656 3.00748e-05 0.000335596 0.156687 0.25754 0.00555181 0.116328 0.000612399 0.00270332 0.0541624 0.00524285 
3.75387e-05 0.0017588 0.00197214 0.00392098 0.000605819 0.00429914 0.000841837 0.000143173 0.00263253 0.000208843 0.000313662 0.0196898 0.22829 0.0098684 0.0110402 0.000219071 2.47293e-05 0.0555702 0.586796 0.02054 0.00479587 0.00094516 0.000174214 0.0391591 0.00615318 
0.000949211 0.00789725 0.00641827 0.00320114 0.00240692 0.00790613 0.00142531 0.0115658 0.00166542 0.00196477 0.000319204 0.000541642 0.0176051 0.0243193 0.0954586 0.00193238 0.00202001 0.152963 0.23513 0.0931069 0.0260971 0.000795725 0.00698761 0.123178 0.174146 
0.000511836 0.00316527 0.00571655 0.00707464 0.000440836 0.0042718 0.00333521 0.00832208 0.00338764 0.00112724 0.000386557 0.00495362 0.0433679 0.0213802 0.0556327 0.000786435 0.0101774 0.151895 0.418705 0.110947 0.0370193 0.000394519 0.0124329 0.0869779 0.0075907 
0.00121938 0.00338924 0.00808565 0.00785804 0.000924825 0.00509842 0.00233771 0.00109594 0.00351105 0.00130077 0.00136795 0.00150102 0.0409657 0.0199523 0.0562935 0.000599072 0.0161314 0.19734 0.351242 0.152348 0.0265058 0.000103245 0.00342319 0.0605267 0.0368787 
0.000171124 0.00107376 0.107768 0.0470762 0.0014387 0.0153357 0.00705575 0.000665822 0.024579 0.000680479 0.000222886 0.196363 0.0877459 0.00378506 0.0208747 0.00556436 0.00198694 0.0894748 0.205902 0.0228396 0.0351569 8.22291e-05 0.0096571 0.0876097 0.0268896 
6.18435e-06 3.20317e-05 0.000164186 5.96813e-05 2.0136e-12 2.06824e-09 5.02059e-05 1.87277e-06 7.46706e-05 0.000195567 5.98416e-06 6.46669e-06 0.00739527 0.00167405 0.0353273 1.72871e-05 0.000226758 0.151249 0.606149 0.00345099 0.0140318 1.18129e-05 3.72193e-06 0.0060484 0.173817 
4.27444e-05 0.00620913 0.000552542 0.00182712 4.95294e-06 0.00100217 0.00130918 0.000542507 0.000973709 0.000418552 0.00122795 4.29427e-06 0.382312 0.0117724 0.0205294 1.05112e-05 0.00284808 0.0106387 0.529773 0.00421356 0.0113039 5.39734e-05 0.00137211 0.00574888 0.00530926 
5.43315e-07 0.00369183 0.00365968 0.00271845 3.79055e-06 0.017188 0.000621031 0.00692801 0.000397978 1.56653e-05 3.58329e-06 1.36506e-05 0.0209224 0.00919359 0.0403905 9.58377e-06 0.000276929 0.0430939 0.820798 0.00128471 0.0128856 2.71999e-05 0.00545516 0.00340636 0.00701386 
1.29464e-05 0.0554803 0.000464067 0.0412895 7.16503e-05 0.00160103 0.0156006 0.0285371 0.00325139 0.000234271 0.000106318 2.77373e-05 0.107203 0.0597719 0.0601544 0.000174332 0.000281821 0.0222082 0.45619 0.00825987 0.0631619 0.0162093 0.0107075 0.031602 0.0173981 
0.000228832 0.0205282 0.00363668 0.0264368 0.00259873 0.0030051 0.00255591 0.00193701 0.0451728 0.000135448 0.00058623 0.107626 0.0564738 0.0110039 0.0261453 0.000158001 0.00183083 0.0416211 0.270413 0.0170921 0.0519002 0.24079 0.00349476 0.04088 0.0237489 
0.0021598 0.010986 0.00322574 0.02278 0.000247315 0.0142133 0.00453415 0.0107208 0.0264789 0.00571217 0.000133585 0.0261103 0.110356 0.146822 0.0464333 0.00241329 0.00232911 0.0349021 0.154184 0.0641454 0.0703328 0.00824532 0.00255888 0.104578 0.125397 
0.00125457 0.0107301 0.00557334 0.0089668 0.000310227 0.0108057 0.00330349 0.00518756 0.00392854 0.000602777 0.000781718 0.000596765 0.0171774 0.0965478 0.0727838 0.00043052 0.00149687 0.145663 0.354426 0.105348 0.075515 0.00114616 0.00356204 0.024102 0.0497601 
0.00234126 0.0382349 0.000699448 0.0214182 0.000331375 0.0692272 0.000647557 0.0148102 0.00161326 0.000928813 0.00151788 0.00292233 0.00405121 0.0192944 0.207022 0.00261372 0.00385547 0.0897463 0.297154 0.0490398 0.0084 3.53387e-06 0.00153709 0.149649 0.0129403 
0.00204581 0.00113255 0.00645158 0.00299713 0.000158052 0.0011197 0.00107986 0.00266079 0.000875608 0.00819806 0.000199533 0.000210171 0.121986 0.0392031 0.0160189 0.000871301 0.00781306 0.0529883 0.556728 0.117098 0.0279496 2.20793e-05 0.00339001 0.0102649 0.0185373 
1.11574e-05 0.00750196 0.00122145 0.0135205 0.000197857 0.00344904 0.00521725 0.0108175 0.00197809 5.86851e-05 0.000633648 0.00980796 0.197141 0.0357537 0.0194125 0.000131172 0.000405338 0.0610145 0.538307 0.0183583 0.00778426 0.00111612 0.000784134 0.0463566 0.0190197 
5.51452e-05 0.00605508 0.0198879 0.0208004 6.58623e-05 0.00970378 0.0137898 0.183761 0.0107902 0.00160045 0.000120523 6.49481e-05 0.0568074 0.0144949 0.0427371 3.25572e-05 0.000203832 0.0612266 0.332828 0.0533305 0.136609 0.000610432 0.0115205 0.0166723 0.00623181 
6.32305e-05 0.0131161 0.00173186 0.0218107 0.00773703 0.0111625 0.00109894 0.0049407 0.0431434 0.00031808 0.00114073 0.00113325 0.0194357 0.020622 0.164508 0.00266837 0.00250017 0.0646615 0.224584 0.0266652 0.0738834 0.0126593 0.0116993 0.158215 0.110501 
1.46389e-05 3.91693e-05 7.89864e-05 0.000367655 9.77491e-06 9.60127e-06 0.000390976 0.000116541 0.00016939 4.64099e-05 3.72581e-05 1.54063e-05 0.192359 0.00284992 0.0206532 1.68578e-05 0.00135274 0.0539855 0.69235 0.0104783 0.00630932 2.51283e-05 0.000127576 0.00174479 0.0164517 
1.78316e-05 9.90775e-05 0.00196183 0.00169284 1.09564e-05 0.0021377 0.000249755 0.000167356 0.000814224 0.000436853 2.94326e-05 1.56896e-05 0.00216475 0.0242805 0.119103 5.13222e-06 0.00118062 0.0424889 0.613381 0.0125947 0.0225818 4.79968e-05 0.0055124 0.0224628 0.126563 
1.78316e-05 9.90775e-05 0.00196183 0.00169284 1.09564e-05 0.0021377 0.000249755 0.000167356 0.000814224 0.000436853 2.94326e-05 1.56896e-05 0.00216475 0.0242805 0.119103 5.13222e-06 0.00118062 0.0424889 0.613381 0.0125947 0.0225818 4.79968e-05 0.0055124 0.0224628 0.126563 
6.32305e-05 0.0131161 0.00173186 0.0218107 0.00773703 0.0111625 0.00109894 0.0049407 0.0431434 0.00031808 0.00114073 0.00113325 0.0194357 0.020622 0.164508 0.00266837 0.00250017 0.0646615 0.224584 0.0266652 0.0738834 0.0126593 0.0116993 0.158215 0.110501 
2.83501e-05 0.000545003 0.00168745 0.00142843 3.46651e-08 0.000101622 0.000225649 0.000319781 0.00135388 0.000560469 5.99411e-05 3.94255e-05 0.0111721 0.00784897 0.104509 4.40412e-05 0.000253275 0.133567 0.398663 0.0179636 0.0266139 0.000170124 0.00063424 0.00742974 0.284781 
0.000597642 0.0538388 0.00575076 0.0312031 0.000367616 0.00937999 0.0170697 0.0373755 0.01634 0.003491 0.00173959 0.00760654 0.0837561 0.00821689 0.175898 0.00925734 0.00203939 0.107793 0.258841 0.0436611 0.045746 0.00036154 0.0221197 0.0219924 0.0355579 
9.37086e-06 0.000433163 0.00555012 0.00361586 0.00218975 0.030179 0.00100914 0.00760401 0.000229864 1.85901e-05 8.91862e-05 4.06965e-05 0.071639 0.00404694 0.0321465 0.000363927 0.00119796 0.314362 0.41905 0.00898955 0.0173009 0.000253095 0.00412824 0.00752281 0.0680307 
0.000104643 0.0236258 0.00185879 0.011796 0.0142558 0.00325011 0.00323924 0.0933567 0.00291181 0.000445343 0.000180722 2.19123e-05 0.0158935 0.0982781 0.0454313 3.08496e-05 0.00194024 0.0200141 0.49266 0.0481328 0.0335477 0.0184651 0.00831328 0.0512539 0.0109924 
1.46389e-05 3.91693e-05 7.89864e-05 0.000367655 9.77491e-06 9.60127e-06 0.000390976 0.000116541 0.00016939 4.64099e-05 3.72581e-05 1.54063e-05 0.192359 0.00284992 0.0206532 1.68578e-05 0.00135274 0.0539855 0.69235 0.0104783 0.00630932 2.51283e-05 0.000127576 0.00174479 0.0164517 
0.00139484 0.00186739 0.0234546 0.0598114 4.95957e-05 0.00971313 0.000897268 0.0148957 0.00286588 0.000107494 8.1265e-05 7.27433e-05 0.182797 0.0225654 0.115802 2.19658e-05 0.0004386 0.166786 0.214352 0.0327414 0.0138648 7.61897e-05 0.00390923 0.0779757 0.0534585 
0.00171793 0.0015138 0.00207866 0.0148592 0.000364116 0.00332729 0.00345982 0.00250999 0.0248881 0.00112875 0.00129447 0.0187976 0.0430637 0.0237096 0.0673231 0.00354582 0.00959971 0.217593 0.277942 0.060347 0.0674481 0.000250958 0.00440114 0.120698 0.0281383 
0.000667206 0.00383738 0.00470398 0.00362872 0.0046747 0.00459246 0.00700723 0.00518099 0.00724214 0.000399422 0.0044166 0.000857482 0.0064499 0.00641007 0.00956591 0.000248657 0.000893532 0.00877213 0.885429 0.00750232 0.008173 0.00645211 0.00630487 0.00239307 0.004197 
0.00116925 0.00735516 0.00128661 0.00422649 0.00028391 0.00409182 0.00170404 0.00130048 0.00226256 0.000478638 0.00462225 0.000576261 0.00874044 0.0752552 0.122294 0.000352798 0.00146187 0.254743 0.360615 0.0685778 0.0196246 0.00135065 0.00138921 0.0276004 0.028638 
0.00183531 0.0511988 0.00156238 0.00497151 0.00144223 0.00198706 0.00642059 0.0108484 0.00182725 0.00187347 0.00160265 0.0134932 0.0169447 0.0596335 0.117524 0.0179312 0.00836653 0.104616 0.23663 0.0860412 0.00969501 0.000251552 0.00836433 0.106987 0.127953 
0.00209693 0.0128265 0.00856443 0.00837987 0.00101742 0.0369803 0.0100997 0.0095122 0.000884399 0.00363608 0.000570734 0.00288807 0.12488 0.0469281 0.0324235 0.0143342 0.0261292 0.139347 0.182447 0.112441 0.0479512 2.01596e-06 0.00155695 0.145588 0.0285155 
0.00346801 0.0346939 0.00185046 0.00625852 0.0016004 0.00194346 0.00657275 0.00784015 0.00178779 0.00310064 0.0014915 0.0105994 0.0143988 0.0638536 0.10937 0.0179321 0.00850018 0.11867 0.158832 0.119893 0.0156143 0.000257857 0.0107787 0.135982 0.144709 
1.55976e-05 9.89739e-06 0.000103886 0.000998369 0.000184488 0.000304975 0.000518308 0.000221067 5.50724e-05 0.000111901 5.08365e-06 2.13009e-05 0.014837 0.0927433 0.0336648 2.26578e-05 0.000757524 0.053535 0.628987 0.0278122 0.0602166 1.55177e-05 0.000319796 0.0246097 0.0599291 
0.00136981 0.0290833 0.0362255 0.0105748 0.000308322 0.00790708 0.0019411 0.00144068 0.0532641 0.0040925 0.00826632 0.0274017 0.0322923 0.012645 0.0715656 0.000888583 0.00739021 0.218351 0.245167 0.0633569 0.0629213 0.00155652 0.00950345 0.0687137 0.023773 
8.10663e-05 0.00566964 0.0132867 0.0335702 8.79794e-05 0.0105388 0.00172414 0.00414564 0.00623332 0.00266593 0.000209731 0.00110322 0.18935 0.0247422 0.0395182 3.03221e-05 0.0107269 0.129869 0.414131 0.0254882 0.0149618 5.99941e-05 0.0122164 0.0472206 0.0123685 
9.95779e-05 0.000162582 0.000305837 0.00118978 9.02622e-10 0.00212687 0.000210714 0.000216552 3.16948e-05 0.000374067 0.000131647 7.75735e-07 0.152934 0.00382277 0.00813424 2.19564e-05 0.00241251 0.132077 0.64284 0.000908779 0.00751522 0.000125225 0.00015568 0.0152645 0.0289374 
5.60982e-05 0.00368403 0.00371228 0.00849718 0.000167631 0.00669317 0.0927754 0.0359331 0.00299196 6.252e-06 0.0015444 0.000119634 0.00937406 0.0119676 0.298534 4.37681e-05 0.000440347 0.108357 0.329307 0.0421332 0.00562119 7.73822e-05 0.000802048 0.0331482 0.00401316 
0.000884213 0.0366431 0.00195751 0.0057038 0.00535622 0.00299496 0.0025032 0.127559 0.00145932 0.000477652 0.00028221 0.00534898 0.0416769 0.0913826 0.0977116 0.00134803 0.00537 0.0731119 0.24486 0.115268 0.0532771 0.000219439 0.000892192 0.078103 0.00560861 
0.00426655 0.00659294 0.00139757 0.000879187 0.00123952 0.00137387 0.000442209 0.000980898 0.000980135 0.00329561 0.00139501 0.00447467 0.00710425 0.0208391 0.0427717 0.0124521 0.00580768 0.185905 0.292879 0.20729 0.0117335 6.81066e-05 0.00361749 0.129577 0.0526357 
