0.0120391 0.00257592 0.00183452 0.133617 0.00119544 0.0329225 1.97339e-05 0.00333627 2.93028e-05 0.00852533 0.00049896 0.0787804 0.102355 0.0446024 0.00303111 0.0415065 0.0550071 0.158422 0.000359391 0.0133702 0.0678559 6.48519e-08 0.00133334 0.213652 0.0231301 
0.00225449 0.00274674 0.00162993 0.00471212 0.00169406 0.00131263 0.00809315 0.0372744 0.00203898 0.00163142 0.000330578 0.00134678 0.0166021 0.0137421 0.0956431 0.0102664 0.0138914 0.215308 0.0145705 0.0482646 0.0191324 2.33743e-05 0.00394494 0.441392 0.0421539 
0.00158742 0.00597212 0.0310103 0.0510312 0.000212778 0.00299614 0.000736048 0.00661223 0.0444464 0.0527824 0.000117456 0.00213633 0.00918943 0.00472806 0.0451049 0.0511505 0.0842204 0.0826003 0.00431001 0.0561936 0.00801972 4.50525e-06 0.0120982 0.294331 0.148408 
0.00412628 0.0375873 0.00281419 0.0185207 0.0122882 0.0110022 0.00228501 0.0138703 0.0021723 0.00178616 0.000301973 0.0133883 0.00508173 0.0123464 0.0468222 0.0289816 0.00437027 0.00355186 0.0639641 0.0566862 0.00754002 0.000107259 0.00041728 0.62459 0.0253977 
0.00570745 0.00248054 0.00335549 0.00317165 0.00033984 0.000327276 0.00173042 0.0198527 0.000349187 0.0451633 0.00957644 0.010943 0.230669 0.00481442 0.0284623 0.0136614 0.154663 0.108417 0.00140859 0.0128325 0.0283155 1.04119e-05 0.00185556 0.266263 0.0456298 
0.000414204 0.000266404 0.000281994 0.00191692 0.00772989 5.00271e-05 0.000658123 0.0274121 0.000116387 0.000148113 0.000184609 0.000347768 0.00652669 0.00209679 0.0486956 0.0211333 0.0116896 0.0124327 0.0705023 0.0240605 0.00353759 0.020296 0.00397732 0.724394 0.0111308 
0.00228028 0.00230691 0.00487008 0.00225016 0.00103849 0.0014756 0.00101769 0.012644 0.00287699 0.00190066 0.00018349 0.00995716 0.0411564 0.0837857 0.0130799 0.00996255 0.00743747 0.188352 0.00626833 0.0516651 0.00838152 0.000199837 0.0191636 0.521871 0.00587582 
5.93598e-06 0.00493383 0.000421364 0.0043182 0.000207123 0.00323884 0.00118095 0.0170336 0.000593953 0.000455887 4.91261e-06 8.43376e-05 0.00310025 0.07055 0.258253 1.94894e-05 0.0162315 0.0226407 0.0062015 0.0246413 0.0177947 1.94387e-06 0.00246725 0.323589 0.22203 
0.0569673 0.00439008 0.0574813 0.0109391 6.49468e-07 0.00430771 0.00546382 0.0163995 0.01173 0.0158672 1.61114e-07 3.96226e-05 0.0382039 0.000288166 0.0417174 5.16513e-08 2.26252e-05 0.267974 0.00133897 0.0397573 0.0275245 5.94371e-07 0.00119494 0.397753 0.000637845 
0.0121605 0.00383918 0.00154622 0.000527461 0.0060321 0.00014361 9.4588e-05 0.0144458 9.02272e-05 0.00132999 0.000896847 0.00958416 0.0122452 0.0063522 0.0417394 0.026839 0.241327 0.0955394 0.0235753 0.0450558 0.0125913 0.0290554 0.000622419 0.39644 0.0179262 
0.0029947 0.00485988 0.0109603 0.0107526 0.000783405 0.00589986 0.0055576 0.0237014 0.00649091 0.0046776 0.00125029 0.0118936 0.0332251 0.0210263 0.0651752 0.0100691 0.00679466 0.2122 0.00829621 0.0795222 0.0363707 0.000137429 0.0267028 0.381303 0.0293549 
0.00138988 0.00122798 0.116139 0.00136054 9.34172e-05 0.000733598 2.94011e-05 0.0129686 0.00014007 0.0041725 8.34216e-05 0.00126041 0.0133937 0.00430566 0.0100823 0.0228456 0.00392823 0.0206527 0.000704496 0.00617097 0.00220898 0.00122154 0.00531612 0.767781 0.00178915 
0.00402178 0.00454956 0.000173492 0.000509312 9.18422e-08 0.000742942 0.000442679 0.0145588 0.000381778 0.00166021 0.00900937 0.000978586 0.00936471 0.0545384 0.0199252 0.000187178 0.00224438 0.234175 0.0911888 0.174177 0.0159631 0.00101544 0.000560738 0.345733 0.0138994 
0.00687656 0.00375569 0.0061424 0.00507488 0.00234177 0.00652052 0.0010903 0.0214909 0.00104934 0.00532249 0.000625867 0.00555553 0.0111309 0.0795928 0.0390748 0.0297064 0.0140942 0.194845 0.0661472 0.0677121 0.0229702 0.00122436 0.0226005 0.231802 0.153253 
0.00466346 0.0243176 0.00585028 0.0433772 0.00199545 0.0193891 0.0182231 0.0327397 0.000877731 0.0211387 0.000677136 0.00316256 0.0283299 0.0286394 0.0329034 0.00977877 0.13228 0.156187 0.0183162 0.0855533 0.00955834 8.58396e-05 0.0103358 0.238351 0.0732696 
0.000770137 0.00123511 0.0256975 0.0114395 0.00629799 0.00331522 0.00530322 0.00935359 0.00723303 0.000905506 0.000524018 0.00358211 0.0257228 0.0304808 0.184908 0.0139195 0.0211888 0.154864 0.0556676 0.0412481 0.0674556 0.00773606 0.0111858 0.286683 0.0232833 
0.00596568 0.00193254 0.00683059 0.0541981 0.00491197 0.0136796 0.0253899 0.0460627 0.0133875 0.0264763 0.000560284 0.00250982 0.0718962 0.0118382 0.133615 0.00636199 0.00951669 0.130474 0.0178071 0.064308 0.0456852 4.92657e-05 0.0291429 0.170113 0.107287 
9.03528e-06 0.000322221 0.000153058 0.00176977 1.88106e-05 0.000490316 0.0595004 0.184331 2.0505e-05 8.46597e-06 4.67971e-05 0.000147485 0.00959046 0.0625574 0.00409267 0.012028 2.43245e-06 0.00286578 0.00056254 0.0820094 0.00676918 6.30741e-05 9.27732e-05 0.572427 0.000122078 
0.00527537 0.0163015 0.01489 0.03498 0.0021038 0.0328196 0.00999385 0.0294475 0.0385371 0.00433476 0.00140551 0.0191305 0.0334481 0.125255 0.0780041 0.00740733 0.00589576 0.0950346 0.0515064 0.124565 0.035747 4.22489e-05 0.0309817 0.167365 0.0355271 
0.0251944 0.0286219 0.00340259 0.0100989 0.0042261 0.00290175 0.00125302 0.00890139 0.0010177 0.0761673 0.0188091 0.00299918 0.0321157 0.053413 0.0251865 0.00386928 0.00804111 0.0312765 0.0105922 0.107452 0.0287295 4.76974e-07 0.000334401 0.465686 0.0497093 
0.010713 0.0025744 0.0014762 0.00246909 0.00181787 0.000796155 0.00322531 0.0112454 0.0012408 0.00545259 0.0599517 0.00444531 0.0046102 0.00404496 0.0535115 0.0133351 0.0113299 0.28772 0.00472028 0.0423995 0.0120122 1.37843e-05 0.00600392 0.432639 0.0222529 
0.00498658 0.0173364 0.0154627 0.104551 0.00354202 0.000114081 0.0221567 0.0145194 0.093171 0.00573496 0.00877794 0.00346017 0.00510248 0.00650604 0.122043 0.00919811 0.037714 0.0226444 0.00217554 0.0838832 0.0117182 1.98642e-05 0.00295243 0.344818 0.0574115 
0.00506332 0.00198727 0.00426203 0.00907739 0.000681919 0.00306362 0.00486385 0.0131028 0.00179265 0.00320434 0.00046076 0.000198559 0.0147173 0.0046661 0.032067 0.000679301 0.0098528 0.323263 0.0496193 0.0629209 0.0141085 6.40461e-05 0.0298723 0.400065 0.0103461 
0.00101558 0.000396537 0.00218927 0.012345 0.000358314 0.0019886 0.0034592 0.0161722 0.000876518 0.00844169 0.00164414 0.111173 0.244239 0.0226901 0.0295471 0.00574097 0.0800157 0.108409 0.0133751 0.0204957 0.0204336 0.00148429 0.000826283 0.288948 0.00373422 
0.00623377 0.00111367 0.000806289 0.00109663 0.0015761 0.000458 0.000280224 0.00559173 0.00018981 0.00361528 0.000310227 0.0355644 0.056035 0.00703433 0.014235 0.14929 0.0286026 0.149806 0.00390085 0.0331865 0.0106909 5.42698e-06 0.00242335 0.37237 0.115584 
0.00794745 0.00114052 0.0782346 0.00357794 0.000258023 0.00344125 0.000201997 0.00100625 0.0303465 0.0149909 0.000249623 0.00223705 0.0646791 0.0132434 0.022443 0.114366 0.238536 0.0585342 0.00303255 0.0106768 0.00870026 5.79611e-08 0.0134604 0.269398 0.0392989 
0.00201632 0.0128801 0.00491294 0.0204128 0.000473101 0.00601453 0.017835 0.0210912 0.0236121 0.00195142 0.00019057 0.000498512 0.0307577 0.0034232 0.173627 0.000878684 0.00287977 0.149217 0.123814 0.0675147 0.017037 3.39572e-05 0.0029508 0.300112 0.0158658 
0.00260283 0.00895378 0.0566298 0.139839 0.000127782 0.00611834 0.0318397 0.00509764 0.14528 0.00638522 0.00769643 0.0017082 0.0460329 0.0112998 0.0252096 0.0636858 0.0117145 0.0933788 0.00139162 0.0208925 0.0781917 6.33365e-06 0.0112325 0.207503 0.0171823 
0.00202868 0.00148614 0.0091133 0.012321 0.000281891 0.0045098 0.00696518 0.00345059 0.013883 0.00107253 0.0316853 0.00127008 0.117515 0.0575399 0.11963 0.00260739 0.005515 0.105891 0.0135581 0.138012 0.0471227 9.96411e-05 0.020723 0.205581 0.0781373 
0.0151025 0.00990704 0.000655217 0.0045642 0.000371275 0.000974815 0.000605534 0.00586005 0.000946718 0.0131118 0.0006081 0.00421338 0.128192 0.0258673 0.00957275 0.0100609 0.0078601 0.224928 0.0127914 0.0277933 0.0628881 0.000142489 0.0329412 0.356318 0.0437238 
0.00131887 0.000605346 0.00260833 0.0232371 0.00130313 0.00330083 0.000253333 0.0175524 0.000225195 0.000757466 4.35492e-05 0.000952569 0.00792507 0.00321902 0.0371417 0.00952602 0.0125616 0.0887003 0.00939693 0.040788 0.00130136 4.50773e-07 0.00204753 0.683735 0.0514987 
0.00146886 0.00347211 0.00836592 0.083553 0.00299507 0.0263973 0.0124983 0.0152514 0.0092284 0.00202155 0.000628421 0.0303168 0.167692 0.017526 0.0823559 0.0109581 0.019291 0.126518 0.0243474 0.0742215 0.0474708 0.000844438 0.0189864 0.184721 0.028871 
0.0107417 0.00124977 0.000562807 0.000837626 0.000975449 0.000144327 0.00266757 0.0208973 0.000265802 0.00552292 0.000528744 0.00411373 0.00345833 0.000783789 0.0149735 0.0129462 0.0129231 0.153377 0.000976791 0.0438638 0.00328805 8.49011e-08 0.00204697 0.684076 0.018779 
0.00383378 0.00164908 0.0101835 0.0452094 0.00113818 0.000313431 0.091954 0.00327849 0.00205283 0.00970232 0.000506661 0.0157839 0.0385229 0.00397502 0.0691572 0.0179997 0.0371601 0.105157 0.00873906 0.0118447 0.0130881 2.89208e-06 0.00553204 0.296251 0.206964 
0.000847688 0.00165516 0.00245193 0.0114249 0.000310591 0.00110752 0.00382453 0.017007 0.00131636 0.00104759 0.000168598 0.0012801 0.0356159 0.0342142 0.0283491 0.0058886 0.00468996 0.238723 0.0211169 0.0448929 0.0285909 1.25497e-06 0.00249831 0.497689 0.0152881 
4.62253e-05 2.17552e-05 7.98292e-06 0.0191963 3.53362e-05 0.000703548 0.000292339 0.000403507 0.0109446 0.000185994 0.000313855 3.16798e-05 0.000168923 7.84637e-05 0.000550448 0.000324516 0.00554354 0.000783908 0.00153569 0.000657362 0.00100224 3.70068e-05 0.0533067 0.849014 0.0548139 
0.000594114 0.000185569 0.00879004 0.0905375 9.23523e-05 0.0108209 0.0349696 0.0385535 0.0225848 0.000538146 0.000183816 0.00325273 0.0368786 0.00272956 0.109184 0.00990422 0.0310901 0.170687 0.000435455 0.0671323 0.071464 2.52811e-05 0.0785461 0.207299 0.00352121 
0.00369904 0.00066848 0.000482233 0.00517102 0.000951419 0.000279127 0.000175908 0.00329843 0.000116796 0.0264015 0.00160196 0.0209014 0.0327939 0.00413406 0.108109 0.0872577 0.0167715 0.0874669 0.00230281 0.0590918 0.0319008 1.50681e-05 0.00142819 0.355344 0.149637 
0.000288574 0.0028325 0.00335226 0.00822579 0.000218954 0.00353623 0.0193638 0.0937585 0.0027609 0.000689263 0.00059628 0.0112922 0.00597055 0.00384692 0.136646 0.000154979 0.000917146 0.257877 0.00636739 0.089175 0.0206357 0.000268977 0.00853632 0.31858 0.00410983 
4.12038e-05 0.00803465 0.0119533 0.0404358 0.000138186 0.0140903 0.0297053 0.0169396 0.00309462 0.00672544 0.00036843 0.0700633 0.169862 0.0189259 0.0281129 0.00569734 0.0133288 0.127338 0.0590692 0.0575863 0.0456337 0.000571766 0.0204478 0.245123 0.00671368 
0.0113949 0.0103641 0.0144785 0.0219304 0.000764689 0.0153134 0.0185191 0.0376606 0.0047904 0.00486089 0.000879852 0.117896 0.0895265 0.0518385 0.120871 0.0120949 0.0224365 0.05893 0.022508 0.046049 0.0604059 0.000448876 0.0118354 0.205023 0.0391794 
0.000904164 0.0136725 0.0798921 0.054428 0.000109881 0.0070476 0.00105778 0.000170726 0.017315 0.0128865 8.70649e-05 0.00308893 0.203708 0.00386116 0.0125915 0.00207341 0.021926 0.0910208 0.0157214 0.0170928 0.0259237 8.05395e-05 0.0481128 0.322935 0.0442932 
0.0003265 0.0154137 0.0034193 0.0157255 0.00199845 0.00214296 0.00853999 0.0423707 0.00488545 0.000194462 0.00042507 0.03628 0.0158088 0.0115591 0.171076 0.00198597 0.0226092 0.136834 0.0249203 0.0317776 0.0800853 0.000511757 0.00261752 0.357068 0.0114237 
0.0163402 0.00462324 0.00369512 0.0140274 0.000306035 0.0184029 0.0519253 0.175248 0.000956908 0.00490971 0.000258742 0.00659455 0.0109265 0.0025512 0.0491327 0.00583138 0.0141452 0.126859 0.0047341 0.0778008 0.00490586 6.25854e-08 0.00621699 0.322206 0.0774019 
0.00835214 0.0150771 0.00226789 0.0344639 0.000949194 0.000863064 0.000560372 0.0160793 0.000453307 0.00113721 8.09077e-05 0.00186939 0.00458596 0.0191495 0.0993716 0.00149851 0.0077409 0.0412827 0.00785112 0.178385 0.00849192 3.07961e-06 0.00126528 0.488277 0.0599438 
0.00384302 0.00179434 0.00121378 0.000573246 0.00434581 0.000498912 0.00903858 0.0640712 0.0002214 0.00628344 0.00108525 0.0115489 0.04527 0.00527363 0.0396191 0.0733732 0.142201 0.088296 0.00554672 0.0463576 0.00631855 9.83993e-06 0.00137928 0.418151 0.0236863 
0.0213444 0.00256891 0.00259542 0.151058 0.00185621 0.00182519 0.00306143 0.0141367 0.00245779 0.00444433 0.000285084 0.00507211 0.157157 0.00539742 0.00927322 0.0368872 0.01541 0.132314 0.0142838 0.0407618 0.0218913 2.42288e-05 0.0278187 0.234631 0.0934445 
0.00629923 0.00611544 0.0023972 0.0127053 0.00304721 0.00276691 0.00554499 0.023853 0.00369501 0.00195033 0.000907352 0.00189745 0.017906 0.0106338 0.131966 0.0164455 0.0064075 0.22116 0.0169229 0.10242 0.0304603 5.33952e-05 0.00379896 0.34648 0.024167 
0.00239408 0.00438023 0.0501574 0.0205427 0.000528218 0.000442931 0.000857618 0.012461 0.00192557 0.00520727 0.0140821 0.0221974 0.0268061 0.0207649 0.0400766 0.00999043 0.10176 0.080852 0.00562998 0.104728 0.0481762 5.87354e-06 0.00674117 0.288239 0.131053 
0.0056009 0.0433802 0.00972374 0.0288324 0.000194414 0.016012 0.00316034 0.00903619 0.0165186 0.00451526 0.00296842 0.00259771 0.0358995 0.0683499 0.0869475 0.00229289 0.0120521 0.127405 0.0824124 0.0510497 0.022522 0.00289296 0.00710391 0.202349 0.156183 
1.14899e-06 8.56803e-06 7.45872e-07 2.47257e-06 8.40357e-06 5.39898e-07 4.5437e-07 0.00452264 6.49887e-06 3.46514e-05 7.96347e-09 4.68906e-07 7.48443e-06 7.17697e-06 5.04348e-05 5.49465e-07 5.90164e-06 0.0727861 3.43738e-06 0.00446462 0.000157013 1.25482e-07 2.51239e-07 0.91793 8.20583e-10 
0.00194494 0.000903372 0.0101938 0.00399337 0.00127387 0.00291576 0.000185543 0.0485917 0.00147468 0.00152466 8.92469e-05 0.0459849 0.0122507 0.00402191 0.00789895 0.0143025 0.205719 0.0324297 0.00171723 0.0187423 0.00580258 1.45238e-05 0.0304804 0.492677 0.0548664 
0.0116411 0.0425813 0.00521172 0.0253858 0.00166415 0.01176 0.0167936 0.0136482 0.00952336 0.00679168 0.000565216 0.00386133 0.0186365 0.0174935 0.106772 0.00706446 0.00605397 0.135007 0.0244395 0.117731 0.0827253 0.00440741 0.00964174 0.253058 0.0675409 
0.00107492 0.00304504 0.00869916 0.012951 0.00444586 0.00819564 0.00205856 0.0336304 0.00532066 0.00571133 0.000454922 0.0849427 0.101844 0.00300549 0.0322555 0.00611343 0.227251 0.0794101 0.0341983 0.0129896 0.0223148 0.0136478 0.00573937 0.280649 0.0100515 
0.0018789 0.017128 0.00139896 0.0112798 0.00570882 0.00112494 0.0101714 0.0159001 0.000853317 0.00168432 0.000950976 0.00116781 0.0274612 0.026619 0.124489 0.00327214 0.00939318 0.0504637 0.0148571 0.210522 0.0166333 1.51476e-05 0.00271592 0.359209 0.0851016 
0.00305837 0.000359047 0.00748416 0.0116292 0.000409169 0.00156018 0.00732339 0.0120204 0.000395063 0.00186975 0.000258172 0.00266869 0.0103078 0.0167293 0.0236399 0.0447649 0.0130969 0.180432 0.000605217 0.0446674 0.00790627 9.90251e-06 0.0229914 0.578108 0.0077049 
0.00125455 0.000748454 0.00225505 0.00189497 0.000189529 0.00131998 0.00145986 0.0541096 0.000254652 0.00418488 0.00114711 0.322385 0.0180763 0.00585352 0.021111 0.0349311 0.0361912 0.0988374 0.0026369 0.0165688 0.031644 2.07295e-05 0.000151502 0.340661 0.00211203 
0.00633884 0.0201276 0.0301937 0.0702746 0.0066534 0.00377538 0.00397887 0.114104 0.00760422 0.00467664 0.00449537 0.00807181 0.0488897 0.00184316 0.0397752 0.0191597 0.0133183 0.133612 0.0400355 0.0542842 0.0359344 0.000118913 0.00640107 0.267495 0.0588384 
0.00794745 0.00114052 0.0782346 0.00357794 0.000258023 0.00344125 0.000201997 0.00100625 0.0303465 0.0149909 0.000249623 0.00223705 0.0646791 0.0132434 0.022443 0.114366 0.238536 0.0585342 0.00303255 0.0106768 0.00870026 5.79611e-08 0.0134604 0.269398 0.0392989 
0.00185412 0.0106126 0.00748013 0.043826 0.000159265 0.000805086 0.0497046 0.00596762 0.00252798 0.00333636 0.00212115 0.0136331 0.146714 0.0040384 0.0138756 0.00619545 0.00533847 0.191575 0.00668112 0.0459768 0.0481404 0.000166302 0.000792205 0.378061 0.010417 
8.46853e-05 0.000474914 0.00778286 0.00605441 4.11748e-06 0.00382759 0.00137108 0.017973 0.00361501 0.000868543 9.24817e-05 0.248231 0.0803237 0.00960338 0.0397713 0.024059 0.0853858 0.107542 0.00379446 0.00824866 0.0265588 0.00101928 0.0220029 0.299967 0.0013442 
0.000125151 0.00570324 0.00123491 0.00577433 2.44249e-05 0.00235492 0.00850071 0.213058 0.000884647 0.00112196 0.000130856 2.65668e-07 0.0210244 0.0390004 0.162439 0.000230749 2.48431e-05 0.0373488 0.0218114 0.142293 0.0147143 1.458e-05 0.000845975 0.315875 0.00546405 
0.00349426 0.00291334 0.00733885 0.0307015 0.00408168 0.00356187 0.0103579 0.11832 0.00202546 0.00878023 0.000135293 0.000204882 0.00825529 0.00928007 0.203655 0.00690184 0.0130163 0.144703 0.0104694 0.0618679 0.0227945 0.000478152 0.00130397 0.319188 0.00617132 
0.00247809 0.00440812 0.00934439 0.00872109 0.00080632 0.00561836 0.00502712 0.0103664 0.0130653 0.00482137 0.000438741 0.226316 0.0748612 0.00625359 0.012965 0.0108668 0.0251531 0.207789 0.00832672 0.0409648 0.0159161 0.000670196 0.012018 0.273349 0.0194548 
0.00879006 0.0715789 0.00170149 0.00143426 0.00190465 0.0007962 0.000481736 0.00125035 0.00104011 0.00572459 0.00347983 0.00515929 0.0115382 0.170333 0.0523528 0.0132501 0.00858115 0.068349 0.19246 0.055738 0.0130181 2.12429e-05 0.0074545 0.224032 0.0795306 
0.000731104 0.00309874 0.00821426 0.00923406 0.000533471 0.00561296 0.00361098 0.0184024 0.000784985 0.020689 0.000462364 0.00066038 0.0346919 0.0042633 0.0459202 0.008939 0.00901019 0.136766 0.00710875 0.0631745 0.0258557 3.02207e-05 0.0157929 0.568842 0.00757034 
0.00241902 0.0158599 0.00925179 0.0348796 0.000588511 0.00892042 0.000952366 0.000600247 0.000773615 0.00161116 7.60962e-05 0.175517 0.159402 0.0112001 0.0394837 0.042673 0.104743 0.0502573 0.0404765 0.0175903 0.0139736 0.0278419 0.000679604 0.188887 0.0513431 
0.00846056 0.00210719 0.00157101 0.00495995 0.00180625 0.00215257 0.00472402 0.0132927 0.00479591 0.00309572 0.0006909 0.00316075 0.0159007 0.0443084 0.0369378 0.00897225 0.00442972 0.216102 0.0262727 0.0859331 0.0657434 0.00025405 0.0341686 0.347247 0.0629126 
0.00794745 0.00114052 0.0782346 0.00357794 0.000258023 0.00344125 0.000201997 0.00100625 0.0303465 0.0149909 0.000249623 0.00223705 0.0646791 0.0132434 0.022443 0.114366 0.238536 0.0585342 0.00303255 0.0106768 0.00870026 5.79611e-08 0.0134604 0.269398 0.0392989 
0.00152958 0.00293945 0.00248679 0.00823812 0.00237958 0.0024212 0.00180927 0.010979 0.000925688 0.00328488 0.000763618 0.00451138 0.0282711 0.00661192 0.0363989 0.0309927 0.0250434 0.2771 0.0236651 0.12866 0.0171054 7.5775e-05 0.0104842 0.336614 0.0367087 
0.00200228 0.00150881 0.0313693 0.0147485 0.0042154 0.0139287 0.00880015 0.127015 0.00601755 0.0029124 0.000520359 0.00347963 0.0266697 0.00826454 0.0960774 0.00719937 0.0127022 0.213109 0.00856969 0.0810189 0.0219307 7.51089e-05 0.0148582 0.233451 0.0595567 
0.00778174 0.00154035 0.000272284 0.000635743 0.000713112 0.000645434 0.00014022 0.00692043 0.000261972 0.0107175 0.000640957 0.0051825 0.00531132 0.00194967 0.00328276 0.0197092 0.00766075 0.25101 0.00283186 0.0397712 0.0054084 1.43406e-07 0.0247155 0.59066 0.012237 
0.0406091 0.218449 0.000977038 0.0123998 0.00045229 0.0157563 0.0267277 0.00228257 0.000790863 0.0028784 0.000218913 0.00241424 0.0240284 0.00640124 0.00539688 0.105204 0.00360311 0.0488889 0.00110984 0.134329 0.00271764 1.19071e-05 0.000541421 0.335536 0.00827499 
0.00053163 0.0127712 0.000664374 0.00212594 0.00143229 0.00155961 0.00518304 0.00223778 0.000873347 0.000370733 0.000163891 0.00822931 0.0192648 0.0191385 0.0148002 0.0515736 0.00763995 0.129983 0.0139172 0.0209646 0.0190803 0.000124217 0.0288207 0.616613 0.0219371 
0.00063514 0.00677587 0.0550826 0.0625969 0.10139 0.00751634 0.00573957 0.0497022 0.006779 0.00371087 0.00126152 0.000740976 0.0356515 0.0156366 0.0312045 0.00220493 0.0152335 0.0505091 0.00671802 0.0456359 0.019927 6.16302e-05 0.0120366 0.372121 0.0911289 
0.00353755 0.0580057 0.0358541 0.0151251 0.00268867 0.0121943 0.00552434 0.123226 0.000362982 0.0824168 0.000112225 0.0705294 0.198129 0.00882813 0.0149097 0.0191477 0.0209358 0.070337 0.00259678 0.0254461 0.00562778 5.73295e-06 0.00280173 0.211579 0.0100794 
0.00215628 0.00398754 0.013405 0.000755253 0.000242228 0.00145373 0.00673683 0.000416942 0.0094803 0.0878348 0.00924344 0.00266932 0.169154 0.000615166 0.0925151 0.00582996 0.0383666 0.00168058 0.0459321 0.0561942 0.00553505 4.70158e-07 0.0120706 0.421527 0.0121971 
0.000780928 0.00547081 0.0115499 0.0224496 0.000308084 0.000904982 0.00292445 0.00510474 0.000583535 0.00193389 0.000228824 0.00120772 0.0109151 0.00304467 0.0581985 0.0755561 0.314049 0.0251461 0.00793341 0.0447327 0.0038502 6.80533e-05 0.00167311 0.373755 0.0276301 
0.000125151 0.00570324 0.00123491 0.00577433 2.44249e-05 0.00235492 0.00850071 0.213058 0.000884647 0.00112196 0.000130856 2.65668e-07 0.0210244 0.0390004 0.162439 0.000230749 2.48431e-05 0.0373488 0.0218114 0.142293 0.0147143 1.458e-05 0.000845975 0.315875 0.00546405 
0.000262273 0.00340652 0.0059286 0.00682973 0.00054792 0.0150877 0.00833286 0.0105658 0.00258607 0.000793235 0.000221541 3.81682e-05 0.0653149 0.0239515 0.0301768 1.15719e-05 0.00193866 0.0788489 0.0106884 0.0425294 0.0413521 0.000484882 0.00393969 0.623674 0.0224883 
0.00402131 0.00564751 0.0275032 0.150611 0.00121573 0.0220757 0.0177692 0.0251982 0.0350143 0.0114571 0.00133792 0.00518141 0.139224 0.00876693 0.0708059 0.00847416 0.0865034 0.0704935 0.00747392 0.0469254 0.0539626 0.000535469 0.0142422 0.166848 0.018712 
0.000711462 0.00348782 0.000905737 0.0185856 0.000412475 0.0010215 0.0034308 0.0293239 0.00102608 0.00309151 0.000305304 0.000693625 0.0156502 0.0574429 0.105953 0.0146294 0.00563503 0.176558 0.00668167 0.110944 0.0200776 0.000153198 0.00316137 0.411797 0.00831984 
0.00513925 0.0186029 0.00158863 0.00353708 0.0132513 0.005629 0.000485197 0.0011494 0.000610087 0.00542445 0.00187649 0.00991641 0.0254261 0.0480919 0.0162852 0.0135051 0.0243781 0.14502 0.0149254 0.0349977 0.0318551 2.85002e-05 0.00799978 0.553472 0.0168046 
0.000938867 0.0012492 0.000705394 0.00738973 3.39451e-08 0.000226416 0.000216255 0.0109934 0.000102069 0.00101674 7.53374e-05 2.31679e-05 0.0087929 0.00860859 0.161396 0.0406719 0.0255951 0.10859 0.0114255 0.0442399 0.00315456 3.20981e-06 0.000841164 0.388689 0.175056 
0.0015581 0.00762856 0.0164405 0.0104689 9.08364e-05 0.00624985 0.00214173 0.0226995 0.00139453 0.0864786 4.23963e-05 0.00047471 0.119533 0.0180878 0.0371285 0.00668665 0.0169896 0.0688809 0.00152379 0.0638746 0.014902 9.83022e-05 0.0273147 0.437689 0.0316235 
0.00141775 0.00349936 0.0133294 0.0314553 0.0018552 0.00591989 0.0134462 0.106318 0.00380597 0.0225972 0.000702535 0.00252567 0.116621 0.0092234 0.0646627 0.0114227 0.0196954 0.0993916 0.00505613 0.117712 0.0157723 0.00051546 0.0107207 0.282203 0.0401311 
0.000379919 0.00907558 0.00250845 0.0236042 0.00728144 0.00768228 0.0150186 0.0132377 0.00106488 0.00868824 0.00109855 0.0239797 0.0356017 0.0150727 0.0145341 0.000858058 0.00395711 0.0974258 0.016728 0.0335321 0.0344946 9.49974e-05 0.00071161 0.447873 0.185497 
0.0390149 0.0014518 0.00831031 0.00928246 0.0011252 0.0015453 0.00388941 0.00822565 0.000882131 0.00378834 0.000247829 0.00184775 0.0373636 0.0111119 0.131726 0.00296726 0.136068 0.0574564 0.00810231 0.102945 0.0276582 1.11196e-07 0.00103159 0.249014 0.154944 
0.0109317 0.00313599 0.00687347 0.00345593 0.000422023 0.00359378 0.00527871 0.0180728 0.00067452 0.044836 0.00024335 0.100118 0.0347112 0.00943331 0.0354391 0.00754729 0.00328269 0.161283 0.0162123 0.0286954 0.00642441 7.26992e-07 0.0299094 0.405436 0.0639889 
0.00106189 0.0140578 0.00702808 0.0108105 0.000349216 0.00409782 0.00163869 0.0197042 0.00217705 0.0010167 0.000151124 0.00650116 0.00253749 0.00422223 0.175073 0.00121913 0.0150781 0.117696 0.0453565 0.103637 0.00743287 0.000127053 0.00406143 0.416376 0.0385883 
0.00291392 0.0837809 0.0088981 0.00741147 0.00139276 0.0139529 0.00295971 0.00189997 0.00528662 0.00416468 0.00917174 0.00526879 0.0978096 0.0236866 0.0151321 0.0879848 0.105549 0.126875 0.0770156 0.0332548 0.0109707 0.000331479 0.0244994 0.147904 0.101885 
0.05612 0.0242661 0.00752077 0.206087 0.000208224 0.00334229 0.0187038 0.00811771 0.00209735 0.00226448 0.00493864 0.00180897 0.00898424 0.00731705 0.0935412 0.00392277 0.00380579 0.04632 0.00337293 0.108953 0.0955905 4.33108e-08 0.00545873 0.229158 0.0581008 
0.00101268 0.00307121 0.0225771 0.0181628 0.000491578 0.00323562 0.129629 0.0590177 0.0123421 0.00273674 0.000427146 0.00602198 0.043361 0.0115087 0.105274 0.0186066 0.0280233 0.164026 0.0113987 0.125239 0.0434055 0.00010185 0.00827603 0.169639 0.0124147 
0.000100618 0.00226699 0.165473 0.0445888 7.70332e-07 0.00118331 0.000228125 0.0226661 0.00272506 0.00376257 0.000961339 0.000723113 0.0332063 0.0147383 0.0286961 0.0012589 0.0660056 0.131162 0.0124247 0.0353467 0.0644859 2.32162e-06 0.0214317 0.304576 0.0419853 
0.00235276 0.00399455 0.00994321 0.0169472 0.000875587 0.0104862 0.00330866 0.00731827 0.00391585 0.00587241 0.000336204 0.00342377 0.0209048 0.0451358 0.0716215 0.0709457 0.0229566 0.0741792 0.0154993 0.0730487 0.0207982 1.55469e-06 0.026526 0.294323 0.195285 
0.000127111 0.00103924 0.00574061 0.0100243 0.000313349 0.00127972 0.00383358 0.0164208 0.00106356 0.000315728 9.23843e-05 0.00146735 0.0190562 0.122016 0.0487738 0.000673678 0.00787134 0.167071 0.0160845 0.0434868 0.0238673 2.0218e-06 0.0371417 0.463894 0.00834374 
0.00286247 0.0276897 0.00147978 0.00501571 0.0206793 0.0033534 0.00299019 0.0125446 0.00083564 0.00345607 0.00010991 0.000124131 0.019066 0.0213007 0.054068 3.02811e-05 0.00514371 0.198696 0.013969 0.0728072 0.0180575 0.000257464 0.00106811 0.500036 0.0143594 
7.53957e-05 0.000963793 0.0845382 0.00743649 0.000497473 0.00227924 0.000313633 0.0087735 0.000773764 0.014782 1.36153e-08 0.000224026 0.00994304 0.00342788 0.024861 0.0515998 0.0375356 0.341559 0.00298699 0.0228678 0.000972005 7.89382e-08 0.013383 0.358663 0.0115436 
0.00715771 0.000266165 0.00431543 0.0200567 0.00010923 0.00108485 0.00168584 0.00520001 0.00257606 0.00344571 0.00732015 0.015711 0.216491 0.0120385 0.00803979 0.0050085 0.00711521 0.21934 0.0144677 0.0219006 0.0266469 0.000391214 0.00294238 0.389058 0.00763216 
0.00243238 0.00454069 0.00321031 0.00723899 0.00634695 0.00457142 0.00277797 0.0199452 0.00105824 0.00426733 0.000241407 0.00890391 0.0449732 0.0298191 0.0268539 0.0158721 0.00640117 0.154032 0.0181268 0.111494 0.0315058 0.00044084 0.00518941 0.473216 0.0165411 
0.00257988 0.000551939 0.00520801 0.000100489 0.000256259 9.118e-05 5.54888e-05 0.0454621 0.000620592 0.0799334 0.00217386 0.00185492 0.00393579 0.00297072 0.00809425 0.00760873 0.00208391 0.11783 0.000284356 0.0380643 0.00286828 1.51426e-07 0.000314995 0.672683 0.00437326 
0.000982694 0.0231428 0.0109139 0.0340038 0.000746951 0.00562093 0.00442905 0.00775546 0.00281701 0.000811935 0.00077938 0.000815128 0.0378149 0.0225512 0.098228 0.0224865 0.00103729 0.223044 0.0276714 0.075805 0.043151 7.42229e-05 0.019551 0.327966 0.00780098 
4.97977e-05 0.021475 0.00785437 0.0535908 4.1061e-05 0.00250759 0.00228161 0.0735876 0.0029131 0.000236456 7.02708e-05 7.56526e-05 0.0826467 0.0419837 0.193515 0.00433993 0.00781158 0.0395021 0.00144556 0.115781 0.0200216 8.96449e-07 0.0308286 0.239086 0.0583543 
0.00656565 0.00491448 0.000902558 0.00278473 0.00101267 0.00152464 0.00106178 0.0116174 0.00260075 0.00269459 0.0109221 0.00340046 0.0247508 0.00793765 0.0190777 0.00671098 0.00397773 0.278783 0.0396201 0.0765689 0.0237417 0.00198792 0.00434495 0.445933 0.0165633 
0.00978515 0.00212586 0.0011539 0.00223664 0.000835369 0.000260032 0.00295219 0.0131658 0.00136439 0.00358659 0.000623786 0.0138962 0.0422754 0.00497906 0.037062 0.203411 0.186976 0.148527 0.00664299 0.03319 0.00766351 0.000125326 0.00316361 0.254835 0.019162 
0.00222736 0.00304705 0.000515415 0.00232419 0.000360078 0.000451361 0.00168695 0.0418039 0.000200544 0.00503903 0.00023092 0.0144298 0.0135458 0.00221124 0.0133533 0.0048857 0.00247567 0.219725 0.0137538 0.042448 0.0118475 5.91153e-06 0.00999109 0.589119 0.00432159 
0.00183701 0.0123608 0.00110205 0.00297379 0.00370118 0.00566717 0.000539689 0.00873497 0.000828237 0.0643981 0.000526666 0.00914943 0.122588 0.0217115 0.00799177 0.00649102 0.00938171 0.0825173 0.0232277 0.0687922 0.0123682 2.24058e-05 0.0105969 0.472717 0.0497754 
3.63331e-05 0.000267856 0.00691268 0.00588095 8.83134e-10 0.00345467 0.000185563 0.00445695 0.0105573 0.000797884 8.58708e-06 0.00475483 0.164918 0.00199325 0.00518607 4.21451e-05 0.000122143 0.173365 0.0122971 0.19874 0.00741855 0.000374406 0.00425007 0.393694 0.000285941 
0.00473068 0.00400401 0.00159021 0.00104314 0.00135012 0.0015093 0.0016103 0.00955114 0.000805816 0.00280356 0.00100159 0.00322596 0.00475484 0.00791365 0.147888 0.0624799 0.0187778 0.195486 0.0059416 0.161176 0.0122475 1.03595e-05 0.0049923 0.309985 0.0351219 
1.9326e-05 0.00490156 4.8314e-05 0.000752929 4.35318e-08 0.000195148 9.613e-06 0.00305105 2.97005e-05 8.46562e-05 4.98231e-05 2.78643e-05 0.00159122 0.00506353 0.012853 0.000637347 0.0159318 0.113822 0.00215768 0.0141131 0.00417229 2.78667e-07 1.77809e-05 0.81817 0.00229912 
0.000957355 0.00234466 0.00984461 0.0271668 0.00117658 0.00551548 0.00764607 0.045162 0.00211602 0.000308764 0.000439193 0.00127286 0.0276393 0.0488356 0.202161 0.00875392 0.055787 0.0919878 0.0297523 0.0745069 0.0679541 4.04026e-07 0.00827717 0.243807 0.0365867 
0.00296399 0.00324277 0.00925391 0.00664015 0.00145504 0.00221459 0.0447948 0.0304271 0.0024345 0.00267827 0.000998095 0.0833644 0.0129597 0.0222298 0.0508932 0.0280434 0.0119039 0.138412 0.00283726 0.0545199 0.0523371 4.74644e-05 0.0406825 0.379378 0.0152883 
0.00641494 0.00264153 0.000527657 0.000587064 0.000658007 0.00121923 0.000497551 0.00839278 0.000198207 0.0077425 0.000517572 0.0200701 0.0102742 0.0069258 0.00852367 0.0144299 0.00607584 0.328162 0.0296766 0.0837818 0.00643581 7.2454e-06 0.012063 0.426091 0.0180854 
0.00153829 0.00747508 0.00283521 0.0060562 0.000566104 0.00124695 0.00882313 0.000485876 0.00238805 0.00253509 0.000102983 0.0110148 0.0483752 0.0222065 0.0569714 0.0154407 0.00527592 0.161004 0.0205537 0.0449497 0.0114968 0.000177325 0.00584199 0.518071 0.0445676 
0.00022234 0.000153662 0.00179689 0.0065431 0.00275496 0.00140361 0.00612759 0.0136828 9.18258e-05 0.000482305 0.000262808 0.00185613 0.0130911 0.220013 0.0334763 0.000676279 0.00373929 0.173998 0.116306 0.0777129 0.0453224 5.17181e-06 0.000805984 0.229593 0.0498828 
0.00193783 0.00167927 0.00102916 0.00243895 0.000221168 0.00156218 0.00128385 0.0526781 0.00123171 0.00199248 0.0204976 0.00397796 0.0237359 0.00349704 0.0211268 0.00376797 0.00451386 0.369372 0.00896316 0.040734 0.0108034 2.77628e-05 0.00703837 0.397954 0.0179358 
0.00205944 0.00570917 0.00841808 0.00923389 0.000849629 0.00624957 0.00569568 0.0595204 0.000959421 0.00453686 0.00295694 0.00263639 0.0689657 0.111561 0.0489809 0.00842062 0.0100837 0.122687 0.00812322 0.0820083 0.0232544 5.39993e-05 0.00410692 0.357353 0.0455761 
0.000107444 0.0459489 0.0126049 0.0153506 0.000186847 0.00399029 0.0112069 0.101278 0.00401564 0.00556629 0.000134601 8.02451e-05 0.0819065 0.0102112 0.016157 6.1724e-05 0.00150993 0.153769 0.0159589 0.0911311 0.0223267 0.000218504 0.0230096 0.377665 0.0056035 
0.00415219 0.0265099 0.00551218 0.0142468 0.00073308 0.00435939 0.00225653 0.0603501 0.00184241 0.00301795 0.00102602 0.00413528 0.0141442 0.0303072 0.0733132 0.015238 0.0708107 0.110988 0.0161708 0.0903207 0.0115292 6.2416e-05 0.0340415 0.386562 0.0183703 
0.00127478 0.180621 0.0001917 0.00595926 0.0312821 0.0338398 0.00012632 0.00544269 0.0329839 0.00048306 0.000774606 0.00631269 0.0544254 0.0466485 0.0275375 0.0180631 0.0176405 0.0426439 0.170368 0.0305179 0.00748958 0.0234601 0.0200422 0.22611 0.0157622 
0.00315983 0.00379141 0.00647021 0.0066029 0.00131654 0.00534466 0.00105492 0.00994192 0.000343875 0.00524302 0.000178559 0.0148621 0.0109802 0.0066087 0.0652166 0.0303678 0.129793 0.124568 0.00124514 0.0241395 0.011182 0.000201562 0.0072472 0.308802 0.221338 
0.00138988 0.00122798 0.116139 0.00136054 9.34172e-05 0.000733598 2.94011e-05 0.0129686 0.00014007 0.0041725 8.34216e-05 0.00126041 0.0133937 0.00430566 0.0100823 0.0228456 0.00392823 0.0206527 0.000704496 0.00617097 0.00220898 0.00122154 0.00531612 0.767781 0.00178915 
9.93157e-05 0.00164754 0.013548 0.00692454 2.20699e-05 0.00520158 0.0223075 0.051194 0.00390597 0.00356194 0.000128952 0.0237349 0.14625 0.00859101 0.0509917 0.000172658 0.144953 0.177466 0.00449421 0.0104908 0.0233982 0.000147269 0.00949273 0.268512 0.0227638 
0.00258303 0.00406208 0.0379327 0.0288043 0.000257091 0.000265562 0.0164 0.112377 0.00570902 0.00419848 0.000107714 0.00283298 0.00100869 0.00241539 0.00496498 0.00652622 0.00245192 0.0463463 0.000271798 0.180348 0.016445 3.93382e-07 0.000315401 0.513836 0.00953956 
0.00548887 0.18806 0.0178973 0.0032145 0.00227962 0.000917529 0.000155554 0.00142914 0.00452075 0.0022295 0.00360097 0.0184211 0.00631157 0.00311225 0.0768308 0.00694183 0.00565999 0.0571696 0.00347052 0.0244782 0.0724123 1.84226e-07 0.000440474 0.482707 0.0122506 
0.00434395 0.00445372 0.0222295 0.087894 0.0100902 0.0326569 0.0119675 0.020602 0.076739 0.00172852 0.000243923 3.64476e-06 0.0548947 0.0371288 0.0572697 1.62958e-05 8.30293e-05 0.0410435 0.0195487 0.0642906 0.13817 0.000597902 0.0856941 0.208298 0.0200109 
0.00482519 0.00596549 0.0052875 0.0669699 0.000481027 1.14376e-05 0.138701 0.00943687 0.00205046 0.00540745 0.000381747 0.00590815 0.00237778 0.0111966 0.16911 0.0112119 0.00680586 0.0137031 0.00122035 0.198884 0.00320743 3.70783e-08 0.000545394 0.315257 0.0210539 
0.00238862 0.0113848 0.00882717 0.00719632 0.000858281 0.0122477 0.0098719 0.0332602 0.000990325 0.00121723 0.000973353 0.0127158 0.0561729 0.0126697 0.133034 0.0133437 0.0503461 0.0707361 0.00704853 0.157126 0.0661081 0.000230844 0.0162131 0.262245 0.0527945 
0.00138988 0.00122798 0.116139 0.00136054 9.34172e-05 0.000733598 2.94011e-05 0.0129686 0.00014007 0.0041725 8.34216e-05 0.00126041 0.0133937 0.00430566 0.0100823 0.0228456 0.00392823 0.0206527 0.000704496 0.00617097 0.00220898 0.00122154 0.00531612 0.767781 0.00178915 
3.10261e-05 0.00220886 0.00415835 0.0172341 0.000338946 0.00990854 4.73946e-05 0.0472718 0.000509908 0.00174588 5.40449e-05 4.21341e-05 0.00249724 0.00668759 0.0851185 0.0268348 0.00264008 0.264662 0.0018529 0.0140707 0.00125927 4.03865e-07 0.00798533 0.470403 0.0324379 
0.0178421 0.0185756 0.00110563 0.0167138 0.000459283 0.00146687 0.000446491 0.0421418 0.00146669 0.00156843 0.0106765 0.00165045 0.00322549 0.00844673 0.0263925 0.0412191 0.00395067 0.00917642 0.0294871 0.237657 0.00272805 1.98553e-07 0.00722694 0.45369 0.0626866 
0.00504967 0.000865899 0.0013423 0.00428614 0.000440197 0.000337851 0.00376796 0.0434098 0.000430067 0.00693849 0.000739879 0.00400958 0.00440307 0.00373029 0.0919252 0.0195163 0.00677834 0.0606957 0.00713721 0.0488781 0.0019214 6.59196e-07 0.0108104 0.662679 0.00990671 
0.00354981 0.00542819 0.0194562 0.0284881 0.000314127 0.00846391 0.00200464 0.0201002 0.000151429 0.00347804 0.00269945 0.00088438 0.00232312 0.00700528 0.108611 0.00282287 0.240157 0.0567055 0.00407314 0.0780278 0.0663324 4.52721e-06 0.00131005 0.312438 0.0251716 
0.00124602 0.00108298 0.00416951 0.00968024 0.000627536 0.00220235 0.00201977 0.00396948 0.00142956 0.00136093 0.00298289 0.00318495 0.228931 0.00567221 0.0085199 0.134483 0.0641204 0.132008 0.00516557 0.0337995 0.0352681 6.02277e-05 0.0165949 0.239316 0.0621054 
0.0050237 0.0696552 0.000550657 0.000449628 0.00149388 0.031394 0.00016547 0.00109042 9.34681e-05 0.00223659 0.000525424 0.00191457 0.00113395 0.250188 0.0489818 0.00726791 0.00884624 0.0109722 0.00455611 0.105007 0.0495915 1.70188e-07 0.0163253 0.276508 0.106029 
0.00361277 0.00721984 0.00555991 0.0241185 0.0328331 0.00177039 0.0051436 0.0411049 0.00433177 0.00634242 0.000631719 0.00257718 0.0109533 0.0120573 0.0438173 0.0144416 0.00387326 0.0772769 0.0150855 0.262212 0.0375215 1.99669e-05 0.0137552 0.363489 0.0102515 
0.00347217 0.0100968 0.00393611 0.00473728 0.000358797 4.30181e-05 0.000406833 0.0117015 0.00059847 0.00646728 0.0795666 0.112415 0.0326633 0.028875 0.0329327 0.0142822 0.112264 0.0577721 0.000109843 0.17064 0.0369677 1.86168e-06 0.000616316 0.174303 0.104772 
0.00539162 0.00379312 0.00717603 0.00931339 0.000741301 0.00358864 0.00412229 0.0155693 0.00182022 0.0120402 0.000657355 0.00572739 0.0205569 0.00738222 0.0509542 0.0111584 0.0189079 0.241548 0.0132164 0.0661198 0.0137487 0.000227955 0.0142859 0.455796 0.0161573 
0.00151745 0.00138709 0.00203162 0.0483814 0.0054512 0.00631752 0.00482657 0.00640178 0.00148172 0.00083108 0.000970819 0.0112877 0.0452436 0.00327507 0.0297797 0.0290185 0.101845 0.139324 0.04523 0.01012 0.0236863 0.14523 0.00778054 0.309377 0.019204 
0.00221185 0.00693177 0.00158944 0.0144443 0.000198591 0.00608522 0.00085571 0.121749 0.000224568 0.0104181 0.00038276 0.00153923 0.00250857 0.11152 0.0966263 0.0388038 0.00858288 0.055963 0.00242461 0.175231 0.0135254 5.07823e-09 0.000853457 0.31965 0.00768029 
0.0246189 0.00310407 0.000309758 0.00549258 0.00162635 0.00129652 0.00162269 0.0143847 0.00645987 0.0142968 0.000820733 0.00899537 0.0117957 0.0241952 0.0190453 0.0303611 0.0106504 0.194287 0.00846886 0.0538087 0.0168561 1.26032e-06 0.0271812 0.469541 0.0507805 
0.000395936 0.00209116 5.61228e-05 0.00514704 1.22969e-06 8.06265e-05 0.0139006 0.0078612 0.000109082 0.000739872 0.000161282 9.98572e-05 0.0306267 0.0320196 0.0510046 0.000429178 0.0107697 0.0232606 0.0124534 0.151087 0.0190063 2.37228e-09 0.000318402 0.507424 0.130956 
0.010661 0.00427291 0.016251 0.00446815 0.00133999 0.00242543 0.000299762 0.0130034 0.000637821 0.0321036 0.000343511 0.0385061 0.0604162 0.0185647 0.0159127 0.115036 0.172826 0.0821308 0.00733028 0.0339976 0.00729269 0.0002506 0.0119243 0.324408 0.0255978 
0.00374037 0.000977451 0.0797686 0.0161261 0.000342146 0.00287846 0.00367231 0.00123645 0.00321756 0.00297818 0.00162745 0.00247453 0.0421356 0.00717631 0.0273637 0.00870496 0.00700153 0.116939 0.0169021 0.127104 0.00954887 2.83893e-07 0.00187175 0.479438 0.0367753 
0.00723316 0.00208727 0.0469387 0.00953442 0.000601818 0.00406678 0.00313474 0.00602713 0.00393428 0.0084583 0.000315127 0.0136774 0.104325 0.00801964 0.0176957 0.00334029 0.0241547 0.115363 0.00246692 0.0268987 0.0493879 0.000198798 0.0402295 0.493652 0.00825825 
0.000762847 0.00142698 0.018684 0.0143351 0.000124138 0.0237757 0.0140637 0.0329564 0.0067272 0.0111527 0.000740954 0.00185959 0.142367 0.0177736 0.0548325 0.00133758 0.0105173 0.20487 0.00389028 0.0749969 0.0450003 0.000518396 0.00337443 0.281241 0.0326708 
0.00177363 0.00694958 0.016283 0.0261513 0.0112767 0.00704324 0.0146023 0.0429898 0.00142369 0.0226888 0.000472316 0.000728763 0.0271256 0.0251118 0.0274163 0.013769 0.0455005 0.0698841 0.0119765 0.0932754 0.0181984 5.39822e-06 0.0134985 0.485565 0.0162907 
0.0147781 0.0108374 0.00256927 0.00141884 0.00472499 0.000950661 0.00118419 0.0145514 0.00175527 0.00952783 0.00244918 0.01129 0.0137954 0.023391 0.0762364 0.21613 0.0215847 0.136424 0.0111025 0.0933826 0.0149654 3.60783e-05 0.0149994 0.246021 0.0558951 
1.56569e-05 0.00089363 0.0015662 0.0191754 1.89148e-05 0.00244593 0.00285535 0.0330586 0.00338796 0.000410278 0.000945714 0.00666667 0.0664437 0.00415801 0.0138368 0.0026938 0.00582151 0.290103 0.00186925 0.0998926 0.0164008 2.01446e-06 0.000476673 0.424716 0.0021454 
0.00111729 0.0222858 0.00705448 0.0168169 0.000622511 0.00804041 0.00731247 0.0322887 0.00591 0.00333663 0.00128241 0.000821629 0.0240617 0.166985 0.113323 0.011556 0.00482905 0.0866239 0.0212273 0.0965524 0.0428423 0.00821014 0.0116807 0.273211 0.0320082 
0.00873738 0.00293082 7.64927e-05 2.29143e-05 0.000719887 1.70045e-05 1.20069e-05 0.00211487 2.41591e-05 0.00511989 0.000444151 0.00591001 0.00248304 0.00440947 0.0277018 0.309227 0.0731328 0.0189006 0.000698641 0.017239 0.00056487 4.25214e-08 0.000854008 0.503003 0.0156562 
