2.84046e-05 0.00168754 0.0309318 0.0746096 0.00474878 0.00229667 0.00647978 0.000246827 0.764961 1.04926e-05 2.66102e-05 0.00122 0.00436855 0.000204348 0.0299737 1.72592e-05 8.79808e-05 0.0264861 0.0013878 0.00513134 0.0252538 5.15071e-05 0.0168386 0.000559255 0.00239208 
0.000331161 0.00131823 0.0252928 0.0816137 9.84348e-06 0.0396592 0.00535686 0.000397536 0.710581 3.49003e-05 9.02071e-05 0.0025909 0.00371416 0.000497639 0.0155273 2.61705e-05 0.000339047 0.0530814 0.00292891 0.00942613 0.0298396 6.93979e-05 0.014405 0.000585465 0.00228371 
5.89358e-05 0.00118467 0.195489 0.0819301 0.00476174 0.033524 0.0161203 0.0106114 0.20304 0.00155241 0.00559236 1.92372e-05 0.0490227 0.00612398 0.0721285 2.16471e-05 0.0152998 0.131042 0.00240325 0.0198844 0.0157483 0.000326002 0.111085 0.00680216 0.0162285 
1.82803e-06 0.000387252 0.00235419 0.0313821 4.54579e-06 0.0114612 0.00922141 0.0268746 0.250165 0.000127341 0.000289894 2.59998e-06 0.00987441 0.012484 0.209478 2.7152e-05 0.00292337 0.0828715 0.0102714 0.0914991 0.0715858 1.29563e-06 0.123429 0.00933235 0.043951 
9.18791e-06 0.000434671 0.0804853 0.142308 0.000186819 0.0101643 0.0135041 0.00259351 0.45605 4.9046e-05 5.08428e-05 0.00630884 0.0248522 0.000693334 0.0280824 3.8312e-05 0.000925496 0.0339133 0.00341869 0.0114469 0.0352371 8.5607e-05 0.14044 0.0060157 0.00270569 
0.000299846 0.00264651 0.0627028 0.226942 6.63652e-05 0.0719929 0.116902 0.00491328 0.2392 0.00195173 0.00023854 0.000169613 0.0478532 0.00145712 0.0565305 1.00009e-05 0.00550008 0.0291717 0.00308981 0.0161375 0.0422301 7.23982e-05 0.0493863 0.0150259 0.00550941 
0.000213744 0.000338743 0.123605 0.0654274 3.45302e-05 0.00974716 0.00611068 0.00175421 0.539407 0.00023337 0.000118685 0.00839254 0.0227232 0.00319556 0.0346671 0.000174576 0.0121316 0.065457 0.00625037 0.0138028 0.0336108 0.000175441 0.0439888 0.0042656 0.00417432 
0.000110845 8.30237e-09 0.0871319 0.147352 4.75034e-09 0.0159786 0.00159574 0.000288455 0.389266 0.000165803 7.02635e-06 0.0180868 0.0546845 9.60546e-09 0.00319814 1.5057e-05 3.88171e-05 0.0600987 2.22298e-07 0.0031745 0.0180928 0.000117913 0.193046 9.54681e-05 0.00745533 
1.16642e-05 0.000477335 0.010282 0.011071 3.42134e-06 0.00196076 0.00138724 0.000453291 0.900068 8.64699e-05 5.87165e-05 0.00173528 0.00191291 0.00050392 0.015955 5.09707e-05 0.000118132 0.0149804 0.00211118 0.00758998 0.0201916 0.000163302 0.00516246 0.000780621 0.00288414 
0.00525159 0.000100683 0.0244918 0.0419119 9.85665e-06 0.0213666 0.00288019 0.00171084 0.461689 4.37232e-05 0.00105237 4.50162e-06 0.00724137 0.00126388 0.0495731 3.50584e-05 0.00396769 0.0427374 0.00287401 0.00684623 0.0414539 2.60788e-06 0.240946 0.0383168 0.00422869 
1.73703e-05 0.000153709 0.00425551 0.0259511 1.758e-06 0.00408532 0.00413095 0.000378264 0.826638 4.11657e-05 0.00117479 2.05999e-05 0.0079235 0.00128662 0.0297435 2.91331e-06 0.000571053 0.0362348 0.0010217 0.0126821 0.0216823 1.45299e-05 0.0140009 0.000862701 0.00712483 
1.73703e-05 0.000153709 0.00425551 0.0259511 1.758e-06 0.00408532 0.00413095 0.000378264 0.826638 4.11657e-05 0.00117479 2.05999e-05 0.0079235 0.00128662 0.0297435 2.91331e-06 0.000571053 0.0362348 0.0010217 0.0126821 0.0216823 1.45299e-05 0.0140009 0.000862701 0.00712483 
3.56415e-07 0.0375627 0.183598 0.197872 2.66158e-07 0.0754887 0.0194367 0.000325369 0.402267 8.09782e-09 2.21922e-06 1.45958e-05 0.0162595 0.000600312 0.0182684 2.68424e-06 0.000484427 0.0103962 0.0010052 0.0016706 0.0146611 6.24636e-10 0.0161338 0.00345166 0.000498531 
0.000126071 2.05988e-05 0.048101 0.00944985 1.93236e-07 0.0139508 0.00912726 0.00556211 0.23749 0.000447412 0.00246402 0.000111486 0.0250032 0.000394564 0.163097 6.06104e-09 0.159029 0.0207291 0.00278382 0.0391442 0.102478 5.0238e-09 0.00582788 0.153103 0.00155913 
1.44746e-05 0.000301139 0.111726 0.13423 0.000395108 0.0365458 0.00511502 0.000883392 0.295781 0.000177599 0.00152028 2.64292e-05 0.00683978 0.000253745 0.0292159 1.63123e-05 0.000574069 0.0396688 0.0109842 0.0080026 0.0740398 7.36773e-08 0.215848 0.00362747 0.0242137 
0.000163611 0.00404107 0.00574402 0.0609869 7.4279e-05 0.0296324 0.0180013 0.0077383 0.352382 0.000205142 0.000169884 0.00217737 0.0202148 0.00498142 0.0824872 0.00663266 0.00298879 0.0873217 0.0102673 0.0546736 0.0841687 0.000174838 0.133052 0.0119779 0.019743 
0.000186822 0.000781749 0.0997781 0.125728 9.12821e-06 0.0449737 0.0166269 0.000388172 0.546904 0.000575919 9.57929e-05 0.00203774 0.00690744 0.000370286 0.018668 1.71215e-05 0.00125222 0.0446219 0.00187423 0.011113 0.0370916 3.46273e-05 0.0357458 0.00249615 0.00172167 
1.39306e-05 0.000150996 0.00430483 0.0622672 6.91289e-05 0.00515851 0.0105658 0.00104244 0.561249 9.09545e-06 0.000114568 1.80306e-05 0.180709 0.000144932 0.0423157 5.48836e-06 0.000326121 0.0199608 0.00124535 0.00566638 0.095489 9.06467e-05 0.00786146 0.000687861 0.000533921 
2.38519e-05 0.00073839 0.0311331 0.10404 3.13533e-05 0.0136706 0.00766911 0.00430852 0.590379 2.86198e-05 5.68055e-05 0.00043427 0.00239124 0.00151339 0.0445981 2.72294e-05 6.14106e-05 0.0371872 0.00219264 0.0146811 0.0530471 3.58941e-05 0.0824435 0.00260019 0.00670737 
2.15982e-05 0.000475597 0.0538876 0.0399461 4.534e-05 0.00645557 0.0106237 0.00190132 0.616656 4.3628e-05 5.63022e-05 0.000659576 0.0143469 0.000354725 0.0289578 3.42941e-05 0.000308702 0.0343869 0.0034509 0.00980399 0.0279929 8.91235e-05 0.141059 0.00437774 0.00406485 
0.0014859 0.00209925 0.0221101 0.0631083 5.47904e-05 0.0253308 0.00480623 0.00255788 0.436461 0.000216652 0.000575623 0.0163949 0.0119381 0.00656039 0.0703343 0.000132475 0.00531305 0.0420912 0.00895452 0.0247418 0.0734209 0.000384089 0.161262 0.0128284 0.00683677 
6.12096e-06 0.000625285 0.0168637 0.147828 4.40132e-05 0.0320713 0.175809 0.00571271 0.180771 0.0138203 0.000771403 0.000145748 0.0109802 0.0730312 0.13915 2.87824e-06 0.000918716 0.0296885 0.015481 0.0143164 0.0705563 0.00212055 0.0554094 0.00951424 0.00436147 
0.00180114 0.000159904 0.00175806 0.0446576 1.75339e-06 0.0183124 0.00388436 0.00207981 0.663104 3.81815e-05 0.000187804 0.00645844 0.00437794 0.00109768 0.0348041 1.03647e-05 0.00330868 0.0170642 0.00380272 0.0130098 0.029561 0.00013164 0.138399 0.00462042 0.00736873 
3.91282e-05 0.000214838 0.0225924 0.00940543 1.45121e-06 0.00132091 0.00313761 0.00034028 0.838865 1.44555e-05 3.66553e-05 0.000966073 0.00299956 0.00028171 0.0336653 2.37864e-05 0.000121278 0.0360568 0.00191339 0.00648343 0.0223697 7.09748e-05 0.0151698 0.000612115 0.00329809 
0.00140365 0.000262739 0.00346789 0.0589086 2.47147e-06 0.0209721 0.00817326 0.00185271 0.569431 0.000190476 0.000196791 0.00583407 0.00461837 0.00187695 0.0490034 1.48945e-05 0.00285781 0.053595 0.00673169 0.0404319 0.0431965 0.000111133 0.113106 0.00516994 0.00859092 
4.31884e-06 0.000994251 0.0111319 0.0386182 3.86471e-05 0.00797029 0.0375165 0.0100607 0.749088 0.00284831 9.28704e-05 0.00103324 0.01219 0.000483288 0.0160689 2.49189e-05 0.000533469 0.0419684 0.00197573 0.0254432 0.0247739 0.000162939 0.00834422 0.0074922 0.001142 
1.22629e-05 0.000211176 0.00315478 0.018299 1.28696e-06 0.0028808 0.00377191 0.000829942 0.857869 2.90412e-05 0.000963636 1.45422e-05 0.00663986 0.00127049 0.0283717 2.05797e-06 0.000430126 0.0281478 0.00128589 0.0105991 0.0185491 1.03104e-05 0.0101532 0.000929663 0.00557351 
2.64301e-05 0.0104705 0.0730297 0.133687 8.00555e-05 0.062233 0.0247779 0.00741492 0.363931 0.000286943 0.000463936 0.0028504 0.0227658 0.00823819 0.103265 0.0410197 0.000603792 0.0193018 0.0197934 0.00887447 0.0802949 9.57884e-05 0.00554177 0.00557993 0.00537357 
4.69503e-05 0.000257801 0.0251759 0.0100867 1.73719e-06 0.00154604 0.00376512 0.00040833 0.810545 1.51767e-05 4.3981e-05 0.00110826 0.00335052 0.000338045 0.0403983 2.85432e-05 0.000133901 0.0432681 0.00229606 0.00768554 0.0267131 8.51636e-05 0.0180089 0.000734535 0.00395769 
2.75504e-05 0.005681 0.0739314 0.111197 0.000161917 0.0363311 0.0098685 0.00346512 0.165527 0.000340932 0.00121163 0.0579022 0.024434 0.00690312 0.131122 0.000187113 0.00249049 0.0739368 0.0105583 0.0492653 0.164866 0.00128492 0.0468322 0.0178366 0.00463707 
3.91282e-05 0.000214838 0.0225924 0.00940543 1.45121e-06 0.00132091 0.00313761 0.00034028 0.838865 1.44555e-05 3.66553e-05 0.000966073 0.00299956 0.00028171 0.0336653 2.37864e-05 0.000121278 0.0360568 0.00191339 0.00648343 0.0223697 7.09748e-05 0.0151698 0.000612115 0.00329809 
0.00216843 0.000548047 0.00564497 0.0987 1.00179e-05 0.0434823 0.0197472 0.000931956 0.306106 0.000347267 0.00191242 0.0160944 0.002112 0.000791859 0.0816876 8.58581e-06 8.11396e-05 0.168848 0.00406161 0.0648981 0.140922 0.000610048 0.0209163 0.0132329 0.00613683 
1.16642e-05 0.000477335 0.010282 0.011071 3.42134e-06 0.00196076 0.00138724 0.000453291 0.900068 8.64699e-05 5.87165e-05 0.00173528 0.00191291 0.00050392 0.015955 5.09707e-05 0.000118132 0.0149804 0.00211118 0.00758998 0.0201916 0.000163302 0.00516246 0.000780621 0.00288414 
0.000183593 0.00293131 0.0294968 0.208561 8.88736e-06 0.0169545 0.011912 0.00194434 0.439989 7.69981e-05 6.95988e-05 1.98016e-05 0.0219022 0.0019138 0.0326846 1.09839e-05 8.01179e-05 0.0149056 0.00639553 0.124567 0.0482716 5.24136e-06 0.028221 0.000474881 0.00841993 
3.91282e-05 0.000214838 0.0225924 0.00940543 1.45121e-06 0.00132091 0.00313761 0.00034028 0.838865 1.44555e-05 3.66553e-05 0.000966073 0.00299956 0.00028171 0.0336653 2.37864e-05 0.000121278 0.0360568 0.00191339 0.00648343 0.0223697 7.09748e-05 0.0151698 0.000612115 0.00329809 
0.00253899 0.000147885 0.00214587 0.0152664 2.6521e-06 0.0127618 0.00300096 0.00202411 0.649349 4.44889e-05 9.86332e-05 7.95341e-06 0.00368178 0.00342481 0.0307529 1.58303e-05 0.00122956 0.0256811 0.00576366 0.0102015 0.0305699 8.05076e-06 0.190716 0.0029716 0.007595 
0.00140365 0.000262739 0.00346789 0.0589086 2.47147e-06 0.0209721 0.00817326 0.00185271 0.569431 0.000190476 0.000196791 0.00583407 0.00461837 0.00187695 0.0490034 1.48945e-05 0.00285781 0.053595 0.00673169 0.0404319 0.0431965 0.000111133 0.113106 0.00516994 0.00859092 
6.12096e-06 0.000625285 0.0168637 0.147828 4.40132e-05 0.0320713 0.175809 0.00571271 0.180771 0.0138203 0.000771403 0.000145748 0.0109802 0.0730312 0.13915 2.87824e-06 0.000918716 0.0296885 0.015481 0.0143164 0.0705563 0.00212055 0.0554094 0.00951424 0.00436147 
8.4759e-05 0.00116421 0.0246028 0.232347 7.17143e-05 0.00630201 0.0128891 0.00861798 0.496885 0.000151185 6.66133e-05 1.52104e-05 0.0228649 0.00201815 0.0501397 3.50734e-05 0.000294521 0.0423798 0.00392278 0.0480843 0.0312247 0.000138567 0.00464643 0.00708465 0.00396911 
0.00360456 0.000464701 0.0190447 0.126747 6.93237e-05 0.0186448 0.0359168 0.00946097 0.303808 0.000270984 0.000183396 0.00455305 0.0342379 0.00292654 0.0725302 2.0864e-05 0.0100353 0.117281 0.00794888 0.0699691 0.0742886 0.000381135 0.049532 0.014145 0.0239348 
3.91282e-05 0.000214838 0.0225924 0.00940543 1.45121e-06 0.00132091 0.00313761 0.00034028 0.838865 1.44555e-05 3.66553e-05 0.000966073 0.00299956 0.00028171 0.0336653 2.37864e-05 0.000121278 0.0360568 0.00191339 0.00648343 0.0223697 7.09748e-05 0.0151698 0.000612115 0.00329809 
1.16642e-05 0.000477335 0.010282 0.011071 3.42134e-06 0.00196076 0.00138724 0.000453291 0.900068 8.64699e-05 5.87165e-05 0.00173528 0.00191291 0.00050392 0.015955 5.09707e-05 0.000118132 0.0149804 0.00211118 0.00758998 0.0201916 0.000163302 0.00516246 0.000780621 0.00288414 
1.47584e-05 0.00157285 0.0432181 0.224219 1.77216e-05 0.0606901 0.0106968 0.000740812 0.236489 0.00129494 4.11611e-05 0.0259541 0.0982866 0.0005535 0.0292583 0.000159133 0.000594606 0.0662512 0.0181347 0.034942 0.0830161 0.000396686 0.021871 0.0174613 0.0241247 
5.87055e-05 0.000951513 0.11526 0.0404009 0.00121133 0.0193058 0.012751 0.00218774 0.305446 0.00226961 0.000189796 0.00221958 0.0345292 0.00240007 0.108018 0.000122845 0.00234485 0.0977921 0.0676042 0.0172155 0.0775563 0.00319759 0.0265143 0.0176322 0.0428211 
0.000617835 0.000363761 0.00853484 0.109428 1.13274e-05 0.0339207 0.0117424 0.00218954 0.453128 0.000180131 0.000243042 0.00741545 0.0062685 0.00213064 0.0562057 1.95784e-05 0.00274935 0.0668864 0.00829063 0.0475231 0.0550928 0.000126356 0.112107 0.00440824 0.0104172 
1.86051e-05 0.00274079 0.00515852 0.0262094 0.00200148 0.0102354 0.00564374 0.00312183 0.506666 0.000291859 0.00234522 0.00138049 0.0262294 0.0168254 0.0615281 1.01301e-05 0.00337205 0.0998508 0.074226 0.0264711 0.0340202 8.76879e-05 0.00792299 0.0500312 0.0336112 
2.39184e-05 0.000148445 0.0460082 0.106372 5.42861e-06 0.00371152 0.00397203 0.000624756 0.71145 2.09583e-05 2.32127e-05 0.0105192 0.00890977 0.00054652 0.0228589 2.38687e-05 0.000353333 0.0276942 0.00195796 0.00563806 0.0215008 4.53918e-05 0.0236818 0.00155093 0.00235819 
4.0456e-05 0.00566396 0.112604 0.0447053 1.76618e-05 0.00899048 0.158844 0.0480331 0.37306 0.0181261 0.000143856 0.000728722 0.0131909 0.00427323 0.0690194 8.973e-05 0.00263407 0.0797187 0.00212853 0.0137104 0.0182552 9.01744e-05 0.0120598 0.00445067 0.00942228 
2.2243e-05 0.000472254 0.0286262 0.198866 2.35185e-06 0.0697511 0.0119677 0.00266216 0.479106 0.000215915 0.00113921 0.000183289 0.00868526 0.0020648 0.0424914 8.13843e-06 0.00532643 0.0142827 0.00298397 0.0333085 0.0630893 2.18142e-05 0.0193901 0.0132357 0.00209673 
3.91282e-05 0.000214838 0.0225924 0.00940543 1.45121e-06 0.00132091 0.00313761 0.00034028 0.838865 1.44555e-05 3.66553e-05 0.000966073 0.00299956 0.00028171 0.0336653 2.37864e-05 0.000121278 0.0360568 0.00191339 0.00648343 0.0223697 7.09748e-05 0.0151698 0.000612115 0.00329809 
5.95906e-05 0.000989578 0.0690261 0.0859055 2.97788e-06 0.00267122 0.00455646 0.00628022 0.416683 0.0138865 0.000630931 0.00430247 0.069546 0.000751546 0.0496361 1.72002e-06 1.68554e-05 0.0796844 0.0132872 0.0282042 0.101157 0.000148034 0.0393527 0.00795875 0.00526062 
0.00167695 0.000173279 0.00178469 0.0291354 1.34265e-05 0.0168545 0.00326391 0.0021012 0.695787 2.88461e-05 0.000207175 4.48565e-05 0.00440086 0.00111599 0.0348499 1.16727e-05 0.00332937 0.0150116 0.00383371 0.0127892 0.0269503 3.93336e-05 0.136395 0.00372535 0.00647682 
3.91282e-05 0.000214838 0.0225924 0.00940543 1.45121e-06 0.00132091 0.00313761 0.00034028 0.838865 1.44555e-05 3.66553e-05 0.000966073 0.00299956 0.00028171 0.0336653 2.37864e-05 0.000121278 0.0360568 0.00191339 0.00648343 0.0223697 7.09748e-05 0.0151698 0.000612115 0.00329809 
0.00017917 0.00243315 0.025858 0.0355522 4.71449e-06 0.00533185 0.00578793 0.0033299 0.770025 0.000109662 4.75121e-05 1.99909e-05 0.0019963 0.00110399 0.023294 7.66604e-06 0.000126153 0.0275641 0.00270631 0.04567 0.0337574 3.65988e-05 0.00803235 0.00104852 0.00597754 
0.00106939 0.00198682 0.0674805 0.152071 0.000155028 0.0300106 0.0231793 0.00414918 0.249273 0.000912998 8.81891e-05 0.00207148 0.00437237 0.00123295 0.197131 1.04487e-05 0.00172488 0.0386172 0.00546507 0.017845 0.0899683 4.23217e-05 0.0767535 0.015502 0.0188871 
0.000116458 0.0276332 0.0182159 0.094239 0.00549382 0.0140447 0.178458 0.000812031 0.265795 0.000552281 0.000266471 6.17144e-06 0.193159 0.00310369 0.0672374 0.000344227 0.00755681 0.0421669 0.0109799 0.0135248 0.0334461 0.000134783 0.00528421 0.011049 0.00638016 
0.0023234 0.00096386 0.0809622 0.0408331 0.0011451 0.276902 0.0021114 0.00344927 0.292543 0.000608405 0.000293836 0.00102183 0.0303371 0.00149292 0.029482 1.04024e-05 0.00189715 0.00964696 0.00101605 0.00252542 0.0650378 2.14738e-06 0.135777 0.00989248 0.00972523 
2.90571e-05 0.00259792 0.0669606 0.290343 0.000303686 0.0411916 0.000507549 0.000513647 0.429423 9.51841e-05 7.11938e-05 9.32527e-05 0.00514638 0.000850625 0.0396462 0.00214194 0.00269511 0.0216724 0.0105379 0.00876666 0.0146673 1.36708e-08 0.029481 0.0147088 0.0175566 
1.01725e-06 4.78754e-07 0.0101632 0.00766862 7.77621e-07 6.63988e-05 0.15888 8.06135e-05 0.79216 5.32903e-07 0.00188626 6.97158e-07 0.0216352 2.29176e-07 0.00298126 9.25334e-06 3.41226e-07 0.000116845 2.26814e-07 1.51303e-05 0.0040971 8.14387e-07 0.000166865 7.91394e-06 6.0539e-05 
3.91282e-05 0.000214838 0.0225924 0.00940543 1.45121e-06 0.00132091 0.00313761 0.00034028 0.838865 1.44555e-05 3.66553e-05 0.000966073 0.00299956 0.00028171 0.0336653 2.37864e-05 0.000121278 0.0360568 0.00191339 0.00648343 0.0223697 7.09748e-05 0.0151698 0.000612115 0.00329809 
0.000497239 0.000515718 0.0325596 0.0104165 0.0082786 0.00155746 0.00493873 0.000287948 0.80789 0.000194775 3.103e-05 0.000817709 0.00335835 0.000238384 0.0354235 2.01321e-05 0.000102636 0.0305097 0.00213366 0.00940929 0.0302627 6.00686e-05 0.0145856 0.00312003 0.00279074 
2.2243e-05 0.000472254 0.0286262 0.198866 2.35185e-06 0.0697511 0.0119677 0.00266216 0.479106 0.000215915 0.00113921 0.000183289 0.00868526 0.0020648 0.0424914 8.13843e-06 0.00532643 0.0142827 0.00298397 0.0333085 0.0630893 2.18142e-05 0.0193901 0.0132357 0.00209673 
3.91282e-05 0.000214838 0.0225924 0.00940543 1.45121e-06 0.00132091 0.00313761 0.00034028 0.838865 1.44555e-05 3.66553e-05 0.000966073 0.00299956 0.00028171 0.0336653 2.37864e-05 0.000121278 0.0360568 0.00191339 0.00648343 0.0223697 7.09748e-05 0.0151698 0.000612115 0.00329809 
0.00065561 0.000303546 0.0120464 0.037793 2.33828e-05 0.00971142 0.00771768 0.00153323 0.687045 0.00011531 0.000165288 0.00345102 0.00483276 0.0013723 0.0506892 2.54037e-05 0.00121456 0.0584646 0.00500084 0.0280725 0.0350485 0.000122124 0.0448249 0.0024785 0.00729239 
3.91282e-05 0.000214838 0.0225924 0.00940543 1.45121e-06 0.00132091 0.00313761 0.00034028 0.838865 1.44555e-05 3.66553e-05 0.000966073 0.00299956 0.00028171 0.0336653 2.37864e-05 0.000121278 0.0360568 0.00191339 0.00648343 0.0223697 7.09748e-05 0.0151698 0.000612115 0.00329809 
0.0011674 0.00026017 0.0732332 0.0535086 3.72491e-05 0.0511973 0.0265954 0.00111439 0.539413 0.000108535 6.75015e-05 0.00154709 0.00670607 0.000497751 0.0385105 1.82513e-05 0.000324436 0.0387088 0.00158733 0.0130908 0.0572007 8.06536e-05 0.0862826 0.00199036 0.0067516 
0.00016711 0.0013879 0.021893 0.0153313 2.60393e-05 0.00615061 0.00521963 0.00128054 0.4751 0.000462257 0.00181505 0.00210771 0.00716551 0.0286512 0.0856065 0.000131659 0.000814213 0.0730724 0.0174014 0.05002 0.157566 0.000682673 0.0252016 0.00781534 0.0149307 
2.37666e-05 0.000134981 0.076439 0.159089 6.50983e-06 0.00864121 0.00753879 0.0016774 0.539095 8.88109e-05 2.54023e-05 0.0073073 0.0304681 0.000345316 0.0263607 1.87657e-05 0.0117205 0.0368071 0.00154484 0.0157587 0.0373747 4.67508e-05 0.0362137 0.00120203 0.00207144 
7.32721e-05 0.000290335 0.00751112 0.275486 3.07178e-06 0.0388785 0.0265402 0.00203474 0.461619 0.00026207 0.000378871 4.88662e-05 0.0156172 0.00104902 0.030928 2.28431e-05 0.00151778 0.0456746 0.00372817 0.00654451 0.0709533 1.32905e-06 0.00761943 0.000710916 0.00250731 
1.70705e-05 0.000165876 0.00448323 0.0249987 2.24498e-05 0.00395263 0.00474494 0.000483071 0.814897 4.01909e-05 0.00115036 2.04304e-05 0.00809903 0.00132437 0.0338063 3.26216e-06 0.000690781 0.0417302 0.00112911 0.0139759 0.0217323 4.9329e-05 0.0136889 0.000870681 0.00792394 
3.91282e-05 0.000214838 0.0225924 0.00940543 1.45121e-06 0.00132091 0.00313761 0.00034028 0.838865 1.44555e-05 3.66553e-05 0.000966073 0.00299956 0.00028171 0.0336653 2.37864e-05 0.000121278 0.0360568 0.00191339 0.00648343 0.0223697 7.09748e-05 0.0151698 0.000612115 0.00329809 
2.77455e-05 0.000590157 0.0175228 0.217619 2.83518e-06 0.0871878 0.0149587 0.00332716 0.399018 0.00026979 0.00142373 0.000229022 0.00995377 0.00258075 0.0531136 1.01618e-05 0.0066572 0.017853 0.00372969 0.0416349 0.0788609 2.71213e-05 0.0242372 0.0165441 0.00262074 
0.00180114 0.000159904 0.00175806 0.0446576 1.75339e-06 0.0183124 0.00388436 0.00207981 0.663104 3.81815e-05 0.000187804 0.00645844 0.00437794 0.00109768 0.0348041 1.03647e-05 0.00330868 0.0170642 0.00380272 0.0130098 0.029561 0.00013164 0.138399 0.00462042 0.00736873 
0.000107804 0.00141694 0.0579552 0.132989 0.000205896 0.0716767 0.0254454 0.00361361 0.278316 0.0204441 0.000158503 0.000548749 0.0227853 0.00831142 0.0706475 0.000628993 0.00443361 0.0515362 0.00760454 0.0224312 0.0659258 5.12564e-05 0.119917 0.0191704 0.0136788 
0.000580674 0.00222819 0.0101625 0.0174425 0.000837937 0.00777162 0.0131906 0.0018739 0.299246 0.00145326 0.000365958 0.00373221 0.0229789 0.00488118 0.133066 0.00173258 0.00262397 0.0540189 0.0222683 0.0410234 0.0304584 0.000233159 0.00763036 0.0466954 0.273504 
0.000845063 0.000219048 0.00383161 0.0658517 4.26548e-06 0.0190134 0.0141668 0.00293133 0.49755 0.000184118 0.000341054 0.00838526 0.00522305 0.00245835 0.0591991 2.5813e-05 0.00149382 0.0842667 0.00746053 0.0609836 0.0569763 0.000185311 0.093632 0.00414571 0.0106258 
0.000126071 2.05988e-05 0.048101 0.00944985 1.93236e-07 0.0139508 0.00912726 0.00556211 0.23749 0.000447412 0.00246402 0.000111486 0.0250032 0.000394564 0.163097 6.06104e-09 0.159029 0.0207291 0.00278382 0.0391442 0.102478 5.0238e-09 0.00582788 0.153103 0.00155913 
0.000497239 0.000515718 0.0325596 0.0104165 0.0082786 0.00155746 0.00493873 0.000287948 0.80789 0.000194775 3.103e-05 0.000817709 0.00335835 0.000238384 0.0354235 2.01321e-05 0.000102636 0.0305097 0.00213366 0.00940929 0.0302627 6.00686e-05 0.0145856 0.00312003 0.00279074 
3.91282e-05 0.000214838 0.0225924 0.00940543 1.45121e-06 0.00132091 0.00313761 0.00034028 0.838865 1.44555e-05 3.66553e-05 0.000966073 0.00299956 0.00028171 0.0336653 2.37864e-05 0.000121278 0.0360568 0.00191339 0.00648343 0.0223697 7.09748e-05 0.0151698 0.000612115 0.00329809 
2.70571e-05 0.00029219 0.0171656 0.0091335 2.40936e-05 0.00145937 0.00415951 0.000527257 0.839051 1.53221e-05 6.09573e-05 0.00382269 0.00332247 0.000465597 0.0311498 3.36516e-05 0.000126086 0.0369986 0.00222402 0.00809389 0.0235179 0.000134721 0.0144812 0.000680585 0.00303321 
0.00314283 0.0164813 0.0324608 0.108732 0.000217209 0.0302606 0.00905864 0.0121645 0.175749 0.00223242 0.00168749 0.00971864 0.153316 0.0179414 0.127701 0.00325066 0.00941257 0.0958334 0.011439 0.0266351 0.0639789 1.96246e-05 0.0247748 0.04349 0.0203012 
3.91282e-05 0.000214838 0.0225924 0.00940543 1.45121e-06 0.00132091 0.00313761 0.00034028 0.838865 1.44555e-05 3.66553e-05 0.000966073 0.00299956 0.00028171 0.0336653 2.37864e-05 0.000121278 0.0360568 0.00191339 0.00648343 0.0223697 7.09748e-05 0.0151698 0.000612115 0.00329809 
0.00155778 0.00279992 0.133168 0.18911 0.00150053 0.0400645 0.0264259 0.00885893 0.189213 0.00220162 0.001481 0.00549006 0.0541517 0.00915423 0.0621554 0.000188118 0.00434909 0.074063 0.00715129 0.0243271 0.0621752 9.33101e-05 0.0649335 0.0209971 0.0143898 
3.92878e-05 0.000210763 0.0595195 0.038382 2.10275e-05 0.00288198 0.20377 0.00129225 0.519477 8.09347e-05 0.000132132 0.000530933 0.0100689 0.00197183 0.0603114 2.52417e-05 0.000745072 0.0458374 0.00196136 0.0152484 0.0223235 8.51539e-05 0.0100367 0.00200605 0.0030414 
0.000276719 0.000315263 0.0487311 0.0406028 0.000361249 0.00764026 0.00697879 0.00123413 0.696113 7.018e-05 0.000532667 0.000141595 0.0112513 0.00141122 0.043411 0.00119584 0.00745331 0.0321216 0.00425729 0.0162988 0.0318532 5.02418e-06 0.0144732 0.0165641 0.0167063 
0.0224388 0.00631661 0.131035 0.0294992 0.000684157 0.00729069 0.00943002 0.0028987 0.290967 0.0153258 0.00068382 0.00459381 0.0115136 0.00462842 0.0300263 0.0105891 0.0332943 0.084151 0.00265783 0.086786 0.0292053 9.84832e-06 0.0953194 0.0486713 0.041984 
0.00115966 0.000183759 0.0239492 0.0840648 2.4485e-05 0.00818151 0.00388402 0.0011179 0.722443 4.87915e-05 4.16069e-05 0.00572425 0.00664391 0.00214423 0.032459 1.95904e-05 0.000339369 0.0267218 0.00398599 0.00751443 0.0228832 7.93258e-05 0.0421164 0.00217187 0.00209749 
1.27033e-05 0.000120412 0.00705788 0.0321789 4.76374e-05 0.00531472 0.00511038 0.000927375 0.77613 2.94896e-05 0.000974739 1.502e-05 0.0217454 0.00133725 0.0311348 6.78088e-05 0.000403969 0.0482327 0.000723161 0.0218293 0.0253993 1.18955e-05 0.0130163 0.00235084 0.00582824 
1.26632e-05 0.000228968 0.0034721 0.0183221 1.76359e-05 0.00309162 0.00409205 0.000906429 0.848284 3.08727e-05 0.00101728 1.52468e-05 0.00676821 0.00137108 0.0299427 2.28208e-06 0.000522673 0.0322531 0.00141917 0.0113974 0.0193967 3.87183e-05 0.0105602 0.000926974 0.00590989 
1.70402e-06 6.25281e-05 0.0140736 0.0646029 0.000906713 0.0297583 0.00574667 0.000379863 0.547636 1.55928e-05 0.000157992 4.3436e-06 0.00174464 9.83922e-05 0.0107846 1.93727e-05 0.000452145 0.00912926 0.000741109 0.0031456 0.0140795 1.14466e-10 0.290131 0.000596302 0.00573291 
0.00140365 0.000262739 0.00346789 0.0589086 2.47147e-06 0.0209721 0.00817326 0.00185271 0.569431 0.000190476 0.000196791 0.00583407 0.00461837 0.00187695 0.0490034 1.48945e-05 0.00285781 0.053595 0.00673169 0.0404319 0.0431965 0.000111133 0.113106 0.00516994 0.00859092 
7.85723e-06 0.00207056 0.00336019 0.0302678 3.47851e-05 0.00824741 0.0147103 0.00619527 0.754104 8.56175e-05 0.000546582 0.000486445 0.0828729 0.00156349 0.0153244 5.64398e-06 9.12128e-05 0.0123941 0.00332797 0.0128504 0.0382272 5.69021e-07 0.00546513 0.00608305 0.0016765 
2.75504e-05 0.005681 0.0739314 0.111197 0.000161917 0.0363311 0.0098685 0.00346512 0.165527 0.000340932 0.00121163 0.0579022 0.024434 0.00690312 0.131122 0.000187113 0.00249049 0.0739368 0.0105583 0.0492653 0.164866 0.00128492 0.0468322 0.0178366 0.00463707 
0.00140365 0.000262739 0.00346789 0.0589086 2.47147e-06 0.0209721 0.00817326 0.00185271 0.569431 0.000190476 0.000196791 0.00583407 0.00461837 0.00187695 0.0490034 1.48945e-05 0.00285781 0.053595 0.00673169 0.0404319 0.0431965 0.000111133 0.113106 0.00516994 0.00859092 
0.000126071 2.05988e-05 0.048101 0.00944985 1.93236e-07 0.0139508 0.00912726 0.00556211 0.23749 0.000447412 0.00246402 0.000111486 0.0250032 0.000394564 0.163097 6.06104e-09 0.159029 0.0207291 0.00278382 0.0391442 0.102478 5.0238e-09 0.00582788 0.153103 0.00155913 
9.96916e-05 0.000104754 0.0706859 0.054369 4.02155e-06 0.00912828 0.0043067 0.00335891 0.386127 0.00201421 2.60749e-05 0.00953693 0.0365842 0.000384495 0.00984814 0.000160812 0.000794826 0.0347013 0.00457624 0.0111992 0.0187928 4.92286e-05 0.337597 0.00362453 0.00192602 
7.14564e-06 0.000298413 0.0167623 0.087274 0.000278179 0.0212509 0.0644493 0.0111931 0.287716 8.61876e-05 0.000164463 0.00207576 0.0697413 0.00318415 0.082339 2.98315e-06 0.0632665 0.0914535 0.0058376 0.0241112 0.0654405 8.97515e-05 0.0642185 0.0377485 0.00101099 
0.00140365 0.000262739 0.00346789 0.0589086 2.47147e-06 0.0209721 0.00817326 0.00185271 0.569431 0.000190476 0.000196791 0.00583407 0.00461837 0.00187695 0.0490034 1.48945e-05 0.00285781 0.053595 0.00673169 0.0404319 0.0431965 0.000111133 0.113106 0.00516994 0.00859092 
3.35887e-05 0.00466829 0.00566857 0.069257 4.45115e-05 0.00773709 0.0110466 0.0110703 0.448336 0.00851961 0.000818762 1.83559e-05 0.0481255 0.0111288 0.0854047 7.19157e-05 0.00155857 0.0638214 0.00366236 0.0431572 0.0796949 6.61604e-05 0.024557 0.00875307 0.0627792 
0.00365772 0.000408959 0.125096 0.0617308 3.33751e-05 0.00703493 0.00560659 0.00530205 0.41898 0.00520778 0.000355949 0.00736703 0.0393041 0.010527 0.0542656 7.07937e-05 0.0192667 0.0705916 0.0139529 0.0215782 0.0524443 0.000257151 0.0648742 0.00896524 0.00312117 
1.30146e-05 0.00190346 0.0423112 0.113073 0.000198112 0.0061371 0.0462669 0.00781228 0.416171 0.000211307 0.000194834 1.70211e-05 0.0406226 0.00263834 0.0716098 9.71829e-05 0.00613141 0.0470538 0.00530808 0.0541362 0.0534533 0.000162764 0.0616269 0.012997 0.00985303 
0.00417253 0.000280649 0.0230658 0.13885 9.29701e-05 0.0160557 0.0396544 0.00291486 0.425987 0.000980754 0.000225024 0.011768 0.0065779 0.000341824 0.0823477 0.0196662 0.0053077 0.0269518 0.0047029 0.021291 0.0476297 2.54481e-05 0.0959121 0.0142566 0.010941 
0.0575177 0.0154169 0.0628548 0.172274 0.0022732 0.014075 0.00613077 0.00171701 0.380196 0.000712701 0.000214141 0.000718523 0.00327031 0.0031499 0.0334478 0.00036233 0.00136711 0.0339943 0.00381281 0.100694 0.0526922 1.50136e-06 0.0303961 0.0129993 0.00971145 
0.000126071 2.05988e-05 0.048101 0.00944985 1.93236e-07 0.0139508 0.00912726 0.00556211 0.23749 0.000447412 0.00246402 0.000111486 0.0250032 0.000394564 0.163097 6.06104e-09 0.159029 0.0207291 0.00278382 0.0391442 0.102478 5.0238e-09 0.00582788 0.153103 0.00155913 
0.00081499 0.001239 0.0905404 0.102109 0.00021549 0.0781831 0.0257648 0.00919436 0.26498 0.000563611 0.0178271 0.00159873 0.0210748 0.00473524 0.0966888 9.77445e-06 0.000776381 0.0537165 0.0135036 0.0355298 0.0831766 5.73166e-05 0.0709526 0.00783063 0.0189179 
1.00534e-05 0.000426542 0.0186253 0.0143292 4.28792e-06 0.00601141 0.00245666 0.000565893 0.850338 6.80576e-05 7.1543e-05 0.00212638 0.00201818 0.000358731 0.0210576 3.86908e-05 9.98692e-05 0.0197735 0.00156413 0.00895864 0.0383843 0.000176487 0.00916598 0.000556325 0.00281401 
5.86041e-06 0.000583368 0.0269513 0.0443524 0.000414054 0.00285926 0.0277108 0.0265773 0.55274 1.91232e-05 0.000576062 7.26371e-06 0.0248633 0.00479018 0.0941722 1.73856e-05 0.00371721 0.0643127 0.00230239 0.0204819 0.0709375 1.92637e-05 0.0242179 0.00500562 0.00236518 
1.67867e-05 0.000108414 0.00300075 0.0572186 1.26482e-06 0.00345155 0.00722563 0.00171728 0.767751 8.77873e-05 0.000946464 4.21753e-05 0.00968556 0.00110057 0.0224207 3.89995e-06 0.000402703 0.03427 0.000828675 0.0169607 0.0159188 1.81069e-05 0.0501435 0.0016548 0.00502401 
0.000307898 0.0112698 0.0117708 0.082925 4.97033e-05 0.0735912 0.00693712 0.032325 0.244564 0.00106444 0.00371681 0.000217197 0.0335577 0.00772852 0.051983 0.000128916 0.000119682 0.115526 0.00695765 0.0899652 0.108207 0.000101116 0.0773486 0.0216782 0.0179596 
1.73703e-05 0.000153709 0.00425551 0.0259511 1.758e-06 0.00408532 0.00413095 0.000378264 0.826638 4.11657e-05 0.00117479 2.05999e-05 0.0079235 0.00128662 0.0297435 2.91331e-06 0.000571053 0.0362348 0.0010217 0.0126821 0.0216823 1.45299e-05 0.0140009 0.000862701 0.00712483 
4.46093e-06 0.000448864 0.0983187 0.02782 1.57977e-05 0.134302 0.0197659 0.00747992 0.190354 0.000234586 0.0247806 0.0282387 0.0981062 0.000397008 0.0871942 0.000151371 0.0014497 0.0561329 0.00194522 0.027841 0.11274 5.92565e-05 0.0289916 0.0213884 0.0318392 
6.12096e-06 0.000625285 0.0168637 0.147828 4.40132e-05 0.0320713 0.175809 0.00571271 0.180771 0.0138203 0.000771403 0.000145748 0.0109802 0.0730312 0.13915 2.87824e-06 0.000918716 0.0296885 0.015481 0.0143164 0.0705563 0.00212055 0.0554094 0.00951424 0.00436147 
3.56415e-07 0.0375627 0.183598 0.197872 2.66158e-07 0.0754887 0.0194367 0.000325369 0.402267 8.09782e-09 2.21922e-06 1.45958e-05 0.0162595 0.000600312 0.0182684 2.68424e-06 0.000484427 0.0103962 0.0010052 0.0016706 0.0146611 6.24636e-10 0.0161338 0.00345166 0.000498531 
3.91282e-05 0.000214838 0.0225924 0.00940543 1.45121e-06 0.00132091 0.00313761 0.00034028 0.838865 1.44555e-05 3.66553e-05 0.000966073 0.00299956 0.00028171 0.0336653 2.37864e-05 0.000121278 0.0360568 0.00191339 0.00648343 0.0223697 7.09748e-05 0.0151698 0.000612115 0.00329809 
4.69518e-05 0.000166322 0.0252423 0.0108978 1.73978e-06 0.00158509 0.00363232 0.000377979 0.83521 1.73462e-05 3.50392e-05 2.0233e-05 0.00359947 0.000134303 0.033641 1.81284e-05 0.000113014 0.038889 0.00111485 0.00632231 0.016609 1.54909e-05 0.0180103 0.000510356 0.00378943 
6.22454e-05 0.000533487 0.0390755 0.0834031 1.47655e-05 0.00503063 0.00323927 0.00224889 0.65053 3.30452e-05 6.06787e-05 0.00558327 0.0387583 0.00144752 0.0364076 0.000436114 0.00316444 0.0431944 0.00217189 0.0203176 0.0320415 0.00022187 0.023064 0.0029737 0.00598651 
2.75504e-05 0.005681 0.0739314 0.111197 0.000161917 0.0363311 0.0098685 0.00346512 0.165527 0.000340932 0.00121163 0.0579022 0.024434 0.00690312 0.131122 0.000187113 0.00249049 0.0739368 0.0105583 0.0492653 0.164866 0.00128492 0.0468322 0.0178366 0.00463707 
0.00145326 0.000811734 0.0667197 0.218375 2.81172e-05 0.0871371 0.00306485 0.00110365 0.441713 0.000206164 0.000334005 0.00193322 0.0104506 0.003392 0.0401454 7.12888e-05 0.000691834 0.0317595 0.00484829 0.00850909 0.0453093 8.90377e-05 0.020878 0.00378266 0.00719327 
0.000113517 0.00757555 0.167896 0.0905661 0.000211586 0.0360444 0.00662432 0.00354035 0.240295 0.000824847 0.000877211 0.00293028 0.0661593 0.00444649 0.0422942 0.00013691 0.00819524 0.0565169 0.00624438 0.0192224 0.0350974 0.00039863 0.1601 0.0290714 0.0146178 
0.00520617 0.0150939 0.0177058 0.193254 5.37191e-05 0.0369023 0.062013 0.00996377 0.241097 0.000634868 0.000188534 1.54692e-05 0.0252532 0.00564898 0.0616129 2.67449e-05 0.00123903 0.0553693 0.0092457 0.0248585 0.0455422 2.42925e-05 0.161022 0.0239991 0.00402875 
3.29838e-05 0.00808549 0.0179664 0.0593499 0.000237658 0.0102738 0.0180215 0.0171367 0.344152 0.000754197 9.65804e-05 0.000816465 0.0499838 0.00248986 0.104509 1.82508e-06 0.00114153 0.0901077 0.00251961 0.117426 0.09332 7.67844e-08 0.00265361 0.0551405 0.00378253 
5.4614e-05 0.000114051 0.0238808 0.0103955 1.34175e-05 0.00152892 0.00367269 0.000395108 0.838456 1.93568e-05 4.60781e-05 2.35058e-05 0.00362253 0.00015105 0.0336944 1.81812e-06 0.000103395 0.0389389 0.00112973 0.00552203 0.0162497 3.15703e-05 0.0180575 0.000510324 0.00338732 
0.000937574 0.0466405 0.040815 0.105654 0.00015661 0.0423128 0.0215656 0.00179098 0.361946 0.000409315 0.000227755 0.000977309 0.0471496 0.00363608 0.0660658 0.00627227 0.00356229 0.026714 0.00505525 0.0168676 0.0396745 3.65236e-05 0.134366 0.0159711 0.0111951 
0.000461985 0.00401619 0.0884204 0.131277 0.000118581 0.0476467 0.0108267 0.00168924 0.165448 0.000717073 0.00251115 0.00274668 0.0276428 0.00915138 0.0860145 0.000860488 0.002392 0.111118 0.028907 0.0322032 0.0892315 0.00328276 0.0854941 0.02713 0.0406924 
7.85723e-06 0.00207056 0.00336019 0.0302678 3.47851e-05 0.00824741 0.0147103 0.00619527 0.754104 8.56175e-05 0.000546582 0.000486445 0.0828729 0.00156349 0.0153244 5.64398e-06 9.12128e-05 0.0123941 0.00332797 0.0128504 0.0382272 5.69021e-07 0.00546513 0.00608305 0.0016765 
2.16729e-05 0.000174236 0.0281472 0.0350275 1.45304e-06 0.0991266 0.0106754 0.00481347 0.619509 7.70273e-06 6.55272e-05 0.000847896 0.0030689 0.000660383 0.0440519 2.57927e-05 9.8675e-05 0.0513843 0.00191342 0.00999929 0.0275418 5.92865e-05 0.058295 0.00163307 0.00285018 
0.000874934 0.00192658 0.0630436 0.246849 0.000578187 0.0411984 0.0230703 0.00472708 0.346337 0.00914543 0.000199708 0.0027833 0.0214505 0.00195941 0.0439131 0.000878368 0.00469401 0.0475336 0.0034559 0.0306476 0.0341956 4.99064e-05 0.0563718 0.0071108 0.00700632 
0.000975193 0.000825522 0.00294661 0.0553975 2.05436e-05 0.0174225 0.00711332 0.00205018 0.427906 0.000255701 0.000368338 0.0446838 0.0208198 0.00578729 0.0517418 1.88756e-05 0.00216352 0.0690846 0.0737606 0.0424072 0.0573683 0.00779795 0.0830241 0.00986207 0.0161988 
2.52748e-05 0.00123434 0.0371933 0.0620149 0.00856542 0.0111827 0.0194551 0.0565019 0.350154 0.000923329 3.35194e-05 0.00812287 0.130774 0.00134453 0.0241877 0.00025872 0.0235586 0.0486324 0.00395381 0.0332167 0.0778962 3.21279e-05 0.0116577 0.0852878 0.00379276 
0.00245814 8.3205e-05 0.00684715 0.0340582 3.56264e-06 0.0148591 0.00289468 0.0015476 0.758358 9.69614e-05 3.56607e-05 1.98255e-06 0.00167788 0.00490629 0.0407086 1.04381e-06 0.000199448 0.0135577 0.00596078 0.00712427 0.0196618 1.18132e-06 0.0821611 0.00234337 0.000451902 
3.31504e-05 0.000181829 0.0234251 0.0136878 1.2532e-06 0.00111779 0.00265507 0.000785645 0.815584 1.22429e-05 3.10554e-05 0.000817869 0.00307547 0.000587085 0.0513705 2.01358e-05 0.000102648 0.0305098 0.00451526 0.00781706 0.0253863 6.00984e-05 0.0128362 0.000517972 0.00486842 
0.001617 0.00180589 0.112323 0.163945 0.00453209 0.044642 0.0244944 0.00569977 0.305557 0.000741784 0.000667909 0.00573694 0.0149629 0.0052351 0.0714534 0.00136617 0.00205497 0.0397144 0.00592923 0.0255541 0.0561506 0.000129896 0.0840044 0.0105008 0.0111811 
3.91282e-05 0.000214838 0.0225924 0.00940543 1.45121e-06 0.00132091 0.00313761 0.00034028 0.838865 1.44555e-05 3.66553e-05 0.000966073 0.00299956 0.00028171 0.0336653 2.37864e-05 0.000121278 0.0360568 0.00191339 0.00648343 0.0223697 7.09748e-05 0.0151698 0.000612115 0.00329809 
0.00191303 0.000283238 0.0348847 0.0625437 0.000144413 0.014358 0.00847137 0.00259953 0.705675 0.000385787 2.77704e-05 1.54806e-06 0.00239075 0.00381617 0.0480847 2.51595e-05 0.000436309 0.010545 0.00610348 0.0155525 0.0152927 9.5591e-07 0.0639036 0.00220878 0.000351515 
3.20241e-08 0.00160675 0.242938 0.0336181 0.0502379 0.0288812 0.00728032 0.0184817 0.350527 0.00038798 2.1636e-06 0.00265947 0.0111875 0.000805428 0.0628969 2.35228e-06 0.000105506 0.016427 0.00580231 0.00343511 0.0179792 2.13276e-06 0.13273 0.00335556 0.00864964 
7.85723e-06 0.00207056 0.00336019 0.0302678 3.47851e-05 0.00824741 0.0147103 0.00619527 0.754104 8.56175e-05 0.000546582 0.000486445 0.0828729 0.00156349 0.0153244 5.64398e-06 9.12128e-05 0.0123941 0.00332797 0.0128504 0.0382272 5.69021e-07 0.00546513 0.00608305 0.0016765 
0.000165694 0.00736171 0.0674754 0.24448 0.000245008 0.0388755 0.00997763 0.00555653 0.278075 0.000247945 0.000365621 3.15025e-05 0.0240512 0.0186179 0.0592509 1.72012e-05 0.000320504 0.0390175 0.00366604 0.0447328 0.108044 0.000163867 0.0205364 0.0103155 0.0184094 
0.000120523 0.00017065 0.116111 0.0824605 7.62104e-06 0.0117753 0.00666425 0.000275993 0.593031 9.23552e-05 3.6667e-05 0.000592892 0.00745021 0.000127878 0.0389438 1.41418e-05 0.000209024 0.0392422 0.00100262 0.00614677 0.0342373 2.76646e-05 0.0573532 0.00038215 0.00352477 
1.73703e-05 0.000153709 0.00425551 0.0259511 1.758e-06 0.00408532 0.00413095 0.000378264 0.826638 4.11657e-05 0.00117479 2.05999e-05 0.0079235 0.00128662 0.0297435 2.91331e-06 0.000571053 0.0362348 0.0010217 0.0126821 0.0216823 1.45299e-05 0.0140009 0.000862701 0.00712483 
0.00046112 0.000468482 0.00763133 0.0264177 0.000648814 0.0047749 0.0109534 0.00335901 0.537093 0.000222085 0.00258239 4.67417e-05 0.0178763 0.00314636 0.139411 1.15813e-05 0.00216804 0.0836941 0.0404546 0.0302213 0.0350914 8.82951e-05 0.0144119 0.0158067 0.0229598 
3.91282e-05 0.000214838 0.0225924 0.00940543 1.45121e-06 0.00132091 0.00313761 0.00034028 0.838865 1.44555e-05 3.66553e-05 0.000966073 0.00299956 0.00028171 0.0336653 2.37864e-05 0.000121278 0.0360568 0.00191339 0.00648343 0.0223697 7.09748e-05 0.0151698 0.000612115 0.00329809 
7.56681e-06 0.004494 0.0279904 0.13588 9.96768e-05 0.00460158 0.0175712 0.0105835 0.191447 0.00658199 6.93169e-05 2.34255e-05 0.013579 0.00563898 0.166218 0.0111744 0.000442893 0.050741 0.0352116 0.0446441 0.125496 0.00033751 0.0512685 0.018138 0.0777602 
0.00139561 0.00034296 0.223246 0.069612 0.00241384 0.016366 0.0183911 0.00163923 0.287206 6.84279e-05 2.20942e-05 0.000118429 0.0139013 0.00125804 0.0871585 0.00734061 0.0358036 0.0321027 0.0116459 0.0248051 0.0518516 1.2193e-07 0.0178454 0.0663802 0.0290847 
4.69498e-05 0.0002578 0.025847 0.011119 1.73668e-06 0.00158509 0.00376511 0.000408329 0.810323 1.48931e-05 3.2724e-05 0.00115927 0.00269787 0.000338044 0.0403983 2.85432e-05 0.000114348 0.0432681 0.00229606 0.00760931 0.0257837 8.51629e-05 0.0182038 0.000734535 0.00388109 
2.90571e-05 0.00259792 0.0669606 0.290343 0.000303686 0.0411916 0.000507549 0.000513647 0.429423 9.51841e-05 7.11938e-05 9.32527e-05 0.00514638 0.000850625 0.0396462 0.00214194 0.00269511 0.0216724 0.0105379 0.00876666 0.0146673 1.36708e-08 0.029481 0.0147088 0.0175566 
0.00525159 0.000100683 0.0244918 0.0419119 9.85665e-06 0.0213666 0.00288019 0.00171084 0.461689 4.37232e-05 0.00105237 4.50162e-06 0.00724137 0.00126388 0.0495731 3.50584e-05 0.00396769 0.0427374 0.00287401 0.00684623 0.0414539 2.60788e-06 0.240946 0.0383168 0.00422869 
5.18609e-05 0.00946093 0.108128 0.0258567 0.00601889 0.0203807 0.0110215 0.0430828 0.252379 0.000729447 8.92636e-05 0.00441192 0.0213873 0.00830237 0.17015 1.57317e-05 0.00035595 0.0413397 0.00498487 0.0345819 0.0589274 5.6099e-05 0.0912358 0.0176415 0.0694101 
1.11045e-05 0.0265957 0.12945 0.166883 5.54806e-05 0.0555144 0.0167229 0.00199649 0.269104 0.000110456 0.000443204 0.0212243 0.0256017 0.0055473 0.0756349 8.91871e-05 0.00331063 0.0433123 0.00613869 0.0219904 0.0804559 0.000394394 0.0330277 0.0138332 0.00255154 
