0.00025725 0.0203509 0.0180959 0.961296 
0.00156449 0.539985 0.320864 0.137586 
0.00858275 0.378496 0.234729 0.378191 
0.000598998 0.0528592 0.0938658 0.852676 
0.018473 0.171793 0.0485421 0.761192 
0.000417678 0.170741 0.278819 0.550022 
0.10812 0.00334622 0.0537938 0.83474 
2.01982e-06 1.03942e-05 3.49589e-05 0.999953 
2.13477e-05 0.121416 0.0506496 0.827913 
0.989555 0.000546893 0.00027544 0.00962239 
0.145005 0.262528 0.00407372 0.588393 
0.00451108 0.709128 0.205032 0.0813286 
0.0161496 0.0137012 0.00470167 0.965448 
1.38635e-06 0.0267005 0.0398318 0.933466 
6.67274e-07 0.819836 0.0936845 0.0864787 
7.67047e-05 0.595203 0.0132075 0.391513 
0.0108796 0.0103645 0.976705 0.00205066 
0.0111399 0.000693459 0.0129642 0.975202 
0.00215368 0.0285445 0.0210323 0.94827 
1.87276e-05 0.0184136 0.0243323 0.957235 
0.00269144 0.0720665 0.087856 0.837386 
0.0466703 0.672428 0.0354569 0.245445 
2.19994e-05 0.972165 0.00750591 0.0203071 
0.000315466 0.844858 0.0254659 0.129361 
0.00323388 0.239179 0.02255 0.735037 
0.0362968 0.0964464 0.511706 0.355551 
0.000450679 0.0325271 0.89949 0.0675318 
4.67332e-05 0.0299997 0.141728 0.828225 
0.00251093 0.239819 0.0557294 0.701941 
0.00753626 0.170457 0.0190617 0.802945 
0.00214376 0.0492273 0.0339123 0.914717 
0.000205686 0.310187 0.383984 0.305623 
1.11707e-05 0.0180872 0.0509667 0.930935 
0.0349535 0.0149826 0.0304458 0.919618 
0.00789852 0.0768771 0.109163 0.806061 
0.0988702 0.486465 0.117525 0.29714 
1.73358e-07 0.698783 0.175034 0.126184 
0.0166127 0.940958 0.00708722 0.0353416 
5.4194e-05 0.098806 0.00552023 0.89562 
4.32984e-05 0.00762699 0.91089 0.0814397 
0.000579403 0.0552209 0.0350126 0.909187 
2.19994e-05 0.972165 0.00750591 0.0203071 
0.000487974 0.0936278 0.290015 0.615869 
0.000679337 0.8733 0.0375138 0.0885072 
3.49642e-09 0.0135889 0.320419 0.665992 
1.87276e-05 0.0184136 0.0243323 0.957235 
0.013388 0.491787 0.0970006 0.397824 
0.989555 0.000546893 0.00027544 0.00962239 
0.0159638 0.401667 0.0861083 0.496261 
0.00524097 0.176618 0.152995 0.665146 
3.43447e-07 0.0586816 0.826211 0.115108 
0.00225706 0.652189 0.0392 0.306354 
1.7294e-05 0.340712 0.151694 0.507577 
2.53391e-05 0.955284 0.0155148 0.0291759 
0.0198023 0.0550309 0.0289808 0.896186 
0.00106754 0.0882847 0.13739 0.773257 
3.47352e-05 0.0143688 0.146688 0.838909 
0.122175 0.0182455 0.0146774 0.844902 
0.000414937 0.068867 0.121396 0.809322 
4.73581e-05 0.0918911 0.137255 0.770806 
0.000487495 0.0572049 0.0337014 0.908606 
0.000259171 0.950804 0.00449469 0.0444418 
1.16179e-05 0.620877 0.0356358 0.343475 
0.00588596 0.0733954 0.0683568 0.852362 
0.000354495 0.824512 0.0650544 0.110079 
0.0174487 0.18575 0.0803943 0.716407 
0.010999 0.0816619 0.0302239 0.877115 
1.86827e-05 0.577991 0.152593 0.269398 
0.0368439 0.0032455 0.835303 0.124608 
0.0100834 0.0119048 0.975923 0.00208908 
0.00399055 0.74727 0.089718 0.159022 
0.0102431 0.100493 0.0456883 0.843576 
0.000109909 0.0776542 0.49069 0.431546 
0.00393877 0.0418785 0.071113 0.88307 
0.000747424 0.145984 0.438974 0.414294 
0.989555 0.000546893 0.00027544 0.00962239 
0.00229451 0.233956 0.0413246 0.722425 
0.0163482 0.295334 0.0721137 0.616204 
0.000788302 0.187028 0.118226 0.693959 
0.0131311 0.0990683 0.10007 0.787731 
0.000667133 0.293156 0.159546 0.546631 
4.71496e-08 0.0305571 0.0915678 0.877875 
0.0629623 0.0904177 0.0607478 0.785872 
0.000152271 0.107543 0.0646151 0.82769 
0.00409973 0.0101938 0.0272993 0.958407 
5.05539e-07 0.0906536 0.757 0.152346 
0.000755336 0.167171 0.616481 0.215593 
3.22277e-05 0.0113444 0.0888515 0.899772 
0.000600773 0.0192854 0.0525929 0.927521 
0.000119083 0.150715 0.0232738 0.825893 
0.989555 0.000546893 0.00027544 0.00962239 
0.0108796 0.0103645 0.976705 0.00205066 
0.989555 0.000546893 0.00027544 0.00962239 
0.00588015 0.0171945 0.0582892 0.918636 
0.0645423 0.27643 0.205067 0.453961 
0.000657418 0.707888 0.122572 0.168883 
0.0105327 0.143319 0.303079 0.543069 
0.0178476 0.121209 0.0285772 0.832366 
0.000864696 0.0881608 0.337982 0.572993 
0.000858813 0.011164 0.0169272 0.97105 
0.000283143 0.235103 0.380973 0.383641 
0.00102447 0.802962 0.0179877 0.178026 
0.00124293 0.260874 0.494791 0.243092 
0.000534847 0.148082 0.0454005 0.805983 
0.00767159 0.168583 0.571542 0.252204 
0.0031024 0.062439 0.786224 0.148234 
0.000880682 0.229161 0.11654 0.653419 
0.0172584 0.570684 0.0977622 0.314295 
0.0386298 0.656136 0.0214876 0.283747 
3.08291e-06 0.486418 0.182901 0.330678 
0.000262697 0.579107 0.291852 0.128778 
0.00768432 0.127715 0.23719 0.627411 
0.000400509 0.0808496 0.0906729 0.828077 
0.767861 0.0784825 0.0668382 0.0868186 
0.00121348 0.0165013 0.110687 0.871598 
0.000239234 0.0798093 0.750978 0.168973 
4.90617e-05 0.0298382 0.0156016 0.954511 
0.989555 0.000546893 0.00027544 0.00962239 
5.83331e-05 0.132943 0.153477 0.713522 
0.107356 0.214042 0.0731171 0.605485 
0.000467537 0.23469 0.154228 0.610614 
0.000338718 0.355112 0.00473441 0.639815 
9.38874e-05 0.0397608 0.0137675 0.946378 
0.52023 0.172632 0.1389 0.168238 
0.00553168 0.0532493 0.11798 0.823239 
3.24899e-11 0.0286287 0.698808 0.272563 
0.989555 0.000546893 0.00027544 0.00962239 
0.00644235 0.141497 0.218549 0.633511 
0.0157216 0.0133285 0.103465 0.867485 
0.00808518 0.00652513 0.0968171 0.888573 
0.000315937 0.11324 0.0888609 0.797583 
1.05271e-06 0.0205205 0.537652 0.441827 
0.000143627 0.00838592 0.065835 0.925635 
0.000124478 0.0138017 0.0583511 0.927723 
7.36675e-05 0.0982584 0.0167916 0.884876 
0.0035098 0.276434 0.0666495 0.653407 
4.92414e-09 0.00362063 0.00257641 0.993803 
0.00021349 0.218307 0.0317292 0.749751 
0.00476676 0.156942 0.486325 0.351966 
0.0590726 0.0645174 0.044267 0.832143 
0.514641 0.0673023 0.0216869 0.39637 
1.00547e-05 0.912765 0.0435462 0.0436787 
0.0065258 0.031667 0.137623 0.824184 
0.00360089 0.590334 0.110613 0.295453 
0.000778641 0.171355 0.0632286 0.764637 
0.0253386 0.414995 0.272496 0.287171 
0.000908718 0.103939 0.710755 0.184397 
0.00368773 0.300815 0.083352 0.612145 
0.000205462 0.0216793 0.176182 0.801933 
0.00381593 0.799407 0.0702178 0.12656 
0.0010949 0.628462 0.0703135 0.30013 
0.00118354 0.584232 0.0233403 0.391245 
0.00833773 0.422482 0.157777 0.411403 
0.000641726 0.0193135 0.0345856 0.945459 
0.000101213 0.0178735 0.918191 0.0638338 
1.72991e-07 0.494134 0.386524 0.119342 
0.00602269 0.044636 0.175368 0.773974 
0.989555 0.000546893 0.00027544 0.00962239 
0.00383477 0.0784512 0.106196 0.811518 
0.00969734 0.0959818 0.346092 0.548229 
0.32064 0.53201 0.0828917 0.0644581 
0.00186488 0.654065 0.0376968 0.306374 
0.00324663 0.000747992 0.992663 0.00334205 
0.000342194 0.159681 0.103774 0.736203 
1.59597e-06 0.00228077 0.0469833 0.950734 
0.989555 0.000546893 0.00027544 0.00962239 
0.00127103 0.361073 0.0827474 0.554908 
0.00371628 0.500938 0.229129 0.266217 
0.00763164 0.729432 0.0768143 0.186122 
0.989555 0.000546893 0.00027544 0.00962239 
0.470832 0.0337868 0.311996 0.183385 
0.000679302 0.423053 0.227032 0.349236 
0.0115076 0.731045 0.183072 0.0743748 
0.0327417 0.015731 0.113532 0.837996 
0.00336363 0.103941 0.072509 0.820187 
0.989555 0.000546893 0.00027544 0.00962239 
1.58853e-05 0.00384687 0.0369458 0.959191 
0.000124478 0.0138017 0.0583511 0.927723 
0.00653678 0.134301 0.702407 0.156756 
0.000276888 0.046395 0.0244518 0.928876 
0.00200321 0.277257 0.265854 0.454885 
2.52657e-06 0.0244773 0.0434872 0.932033 
0.00089552 0.470378 0.0668974 0.461829 
0.00864372 0.0611826 0.0088448 0.921329 
0.0113297 0.00281039 0.0796772 0.906183 
5.05391e-05 0.0648156 0.0700942 0.86504 
5.07306e-05 0.00316817 0.556289 0.440492 
0.000454494 0.0884001 0.338449 0.572697 
0.989555 0.000546893 0.00027544 0.00962239 
0.00023009 0.00218087 0.00990794 0.987681 
0.540027 0.0384802 0.0918095 0.329683 
0.647516 0.196157 0.0860705 0.070256 
0.000768549 0.170926 0.0424568 0.785849 
0.0713237 0.00502726 0.0674642 0.856185 
1.35721e-05 0.505638 0.346143 0.148205 
0.989555 0.000546893 0.00027544 0.00962239 
5.15637e-05 0.017249 0.0696854 0.913014 
0.000101564 0.0775175 0.0102347 0.912146 
0.000143627 0.00838592 0.065835 0.925635 
0.0010988 0.523826 0.0647317 0.410343 
0.0276238 0.628402 0.0132304 0.330744 
5.74858e-08 0.0402498 0.394128 0.565622 
0.00133803 0.374953 0.330744 0.292965 
0.000208187 0.0491315 0.0833584 0.867302 
0.000105108 0.0190264 0.152441 0.828428 
0.00028172 0.0330479 0.0397381 0.926932 
2.24093e-05 0.0589397 0.102563 0.838475 
0.0434209 0.343971 0.125766 0.486843 
0.0118349 0.00244959 0.9444 0.0413151 
0.0194509 0.684845 0.0303129 0.265391 
0.000135315 0.0609051 0.0626293 0.87633 
0.00481896 0.056643 0.304359 0.634179 
4.13354e-05 0.700322 0.222905 0.0767312 
0.124255 0.148739 0.204061 0.522945 
0.055683 0.0637593 0.18803 0.692528 
0.00235831 0.636227 0.209391 0.152024 
0.00808079 0.00267294 0.31426 0.674987 
0.00617467 0.159268 0.0888178 0.74574 
0.00929723 0.426685 0.188294 0.375724 
0.0358315 0.436373 0.294596 0.2332 
0.00236954 0.883449 0.0189022 0.0952794 
0.00822012 0.182023 0.0634981 0.746259 
0.228762 0.587917 0.13467 0.0486507 
1.11713e-05 0.00868037 0.0187174 0.972591 
0.00038928 0.666234 0.0649677 0.268409 
4.77504e-06 0.0370773 0.00313193 0.959786 
7.59102e-05 0.591531 0.341698 0.0666953 
0.00399085 0.350634 0.151587 0.493788 
0.00778007 0.00778252 0.119109 0.865329 
0.000130271 0.0895307 0.0252588 0.88508 
2.64923e-05 0.0290897 0.0232145 0.947669 
0.00165921 0.972596 0.0135437 0.0122008 
0.989555 0.000546893 0.00027544 0.00962239 
0.000522854 0.6234 0.0357563 0.340321 
0.989555 0.000546893 0.00027544 0.00962239 
6.69216e-05 0.0317039 0.0537569 0.914472 
0.00674977 0.0826441 0.0486799 0.861926 
2.72202e-05 0.0103058 0.173705 0.815962 
0.00190397 0.0195602 0.0130396 0.965496 
0.989555 0.000546893 0.00027544 0.00962239 
0.00105893 0.141471 0.468781 0.388689 
2.30884e-06 0.0236243 0.904394 0.0719794 
9.64517e-05 0.0585307 0.454907 0.486466 
3.22277e-05 0.0113444 0.0888515 0.899772 
0.0104793 0.0214007 0.206739 0.761381 
0.000107194 0.158012 0.200465 0.641416 
1.22527e-08 0.181227 0.729823 0.0889493 
0.000314028 0.170426 0.00890253 0.820357 
4.35483e-08 0.0553178 0.0106429 0.934039 
0.00295537 0.024872 0.904216 0.0679568 
0.0223513 0.0520776 0.0722848 0.853286 
2.16496e-05 0.00147041 0.0341335 0.964374 
0.000436936 0.361604 0.0416355 0.596324 
0.0214757 0.224391 0.0902683 0.663865 
1.14888e-05 0.0998697 0.0900435 0.810075 
0.989555 0.000546893 0.00027544 0.00962239 
0.0123888 0.0797598 0.0450597 0.862792 
0.0108796 0.0103645 0.976705 0.00205066 
0.989555 0.000546893 0.00027544 0.00962239 
0.00219627 0.704028 0.174427 0.119349 
0.000487513 0.0703507 0.154998 0.774164 
0.0100834 0.0119048 0.975923 0.00208908 
3.08291e-06 0.486418 0.182901 0.330678 
0.989555 0.000546893 0.00027544 0.00962239 
0.0209379 0.0171081 0.212936 0.749018 
0.00316215 0.0896664 0.703171 0.204 
0.0199885 0.0621711 0.499577 0.418263 
0.000184004 0.197217 0.686892 0.115707 
0.01638 0.579735 0.0623767 0.341509 
0.647516 0.196157 0.0860705 0.070256 
1.05627e-05 0.0369565 0.0194855 0.943547 
0.0153253 0.760523 0.00507785 0.219074 
0.989555 0.000546893 0.00027544 0.00962239 
0.0238582 0.0685336 0.0657707 0.841838 
9.20277e-06 0.0123105 0.0928973 0.894783 
0.0138729 0.166141 0.0614067 0.758579 
0.00123415 0.58995 0.116005 0.292811 
0.000406603 0.362797 0.0281864 0.60861 
0.00296428 0.0389262 0.0294613 0.928648 
0.00158598 0.354696 0.0722182 0.5715 
0.406763 0.246602 0.0046394 0.341996 
0.989555 0.000546893 0.00027544 0.00962239 
0.000118479 0.00624148 0.0279792 0.965661 
0.329938 0.226028 0.0119592 0.432074 
0.0150419 0.015249 0.401353 0.568356 
0.00104696 0.633356 0.0111429 0.354454 
0.000580834 0.0250696 0.107346 0.867004 
0.000124478 0.0138017 0.0583511 0.927723 
0.000526161 0.428491 0.0130806 0.557902 
0.000487974 0.0936278 0.290015 0.615869 
3.90666e-05 0.0494653 0.0566162 0.893879 
0.000348131 0.0108989 0.0404092 0.948344 
0.000372539 0.456976 0.0980805 0.444571 
0.013761 0.00317858 0.919937 0.0631231 
2.34159e-05 0.0696444 0.0175215 0.912811 
0.00176106 0.786159 0.131912 0.0801675 
0.000264587 0.0438565 0.0889952 0.866884 
0.000308631 0.951333 0.024897 0.0234614 
0.0424107 0.0269793 0.0226627 0.907947 
0.989555 0.000546893 0.00027544 0.00962239 
4.94966e-08 0.084155 0.0316562 0.884189 
0.0199885 0.0621711 0.499577 0.418263 
2.18556e-08 0.0771717 0.0109136 0.911915 
1.4143e-07 0.276468 0.0737515 0.649781 
8.10748e-13 0.00187684 0.986838 0.0112856 
0.00933606 0.0145379 0.0475193 0.928607 
7.92114e-05 0.389631 0.0126454 0.597644 
6.2457e-05 0.0083135 0.0661729 0.925451 
0.126956 0.169398 0.0629317 0.640713 
6.55563e-08 0.018392 0.528907 0.452701 
0.0069085 0.912377 0.0784302 0.00228444 
0.000118077 0.000709503 0.988369 0.0108038 
0.0106614 0.0588184 0.0678988 0.862621 
0.00102499 0.445601 0.155374 0.397999 
0.0100834 0.0119048 0.975923 0.00208908 
1.40377e-05 0.668574 0.134742 0.19667 
0.00902153 0.025499 0.0386661 0.926813 
0.300869 0.397027 0.126712 0.175392 
0.647516 0.196157 0.0860705 0.070256 
0.00042029 0.600192 0.156683 0.242705 
0.989555 0.000546893 0.00027544 0.00962239 
0.104443 0.104607 0.500221 0.29073 
0.000143627 0.00838592 0.065835 0.925635 
0.659301 0.0800228 0.057044 0.203632 
0.647516 0.196157 0.0860705 0.070256 
0.0877985 0.10512 0.0368029 0.770279 
3.9276e-05 0.080134 0.245983 0.673844 
0.647516 0.196157 0.0860705 0.070256 
7.67047e-05 0.595203 0.0132075 0.391513 
0.000334281 0.00328931 0.0289715 0.967405 
0.0282382 0.185038 0.134564 0.65216 
7.65027e-05 0.00720343 0.0651253 0.927595 
0.000165908 0.665215 0.0107809 0.323838 
0.000175989 0.0119622 0.00219549 0.985666 
0.989555 0.000546893 0.00027544 0.00962239 
4.66795e-08 0.466665 0.310845 0.22249 
0.0260186 0.582021 0.0604665 0.331494 
0.182798 0.307059 0.0353086 0.474834 
0.000180983 0.0189888 0.135895 0.844935 
0.000190528 0.565817 0.166286 0.267706 
0.000320901 0.239538 0.066514 0.693627 
0.00715344 0.0666149 0.69191 0.234321 
7.68635e-05 0.331877 0.0813484 0.586697 
0.00029704 0.00678631 0.0506804 0.942236 
0.000256858 0.0072716 0.241646 0.750826 
0.00024689 0.037866 0.0215672 0.94032 
4.86622e-05 0.0227514 0.0948103 0.88239 
2.19994e-05 0.972165 0.00750591 0.0203071 
0.000805391 0.214232 0.0785865 0.706376 
0.0161457 0.729137 0.0452901 0.209427 
0.989555 0.000546893 0.00027544 0.00962239 
0.00156621 0.568749 0.249937 0.179748 
2.51027e-05 0.999886 2.26154e-05 6.66011e-05 
0.000697973 0.394661 0.0439316 0.56071 
0.00038596 0.152605 0.0453751 0.801634 
0.989555 0.000546893 0.00027544 0.00962239 
0.0048796 0.128257 0.115838 0.751026 
0.989555 0.000546893 0.00027544 0.00962239 
0.000682551 0.335158 0.28755 0.376609 
0.000538019 0.526849 0.0962674 0.376346 
0.000679722 0.687453 0.120512 0.191356 
0.000677016 0.404639 0.281758 0.312927 
0.00115905 0.00964409 0.0560484 0.933148 
0.00359653 0.144237 0.0885382 0.763628 
0.00128329 0.0224577 0.0680812 0.908178 
0.515409 0.0359639 7.85957e-09 0.448627 
3.14743e-08 0.0232245 0.792144 0.184632 
7.24533e-06 0.795583 0.0435908 0.160819 
5.77275e-05 0.146127 0.735515 0.1183 
0.000259171 0.950804 0.00449469 0.0444418 
0.000484539 0.00283684 0.02878 0.967899 
9.92506e-05 0.0310808 0.0485781 0.920242 
0.000369205 0.226503 0.0701861 0.702941 
0.00179565 0.756823 0.0267328 0.214649 
0.989555 0.000546893 0.00027544 0.00962239 
0.0241053 0.444676 0.238264 0.292954 
0.0312451 0.156163 0.0241813 0.78841 
0.00159522 0.894206 0.0504193 0.0537796 
0.00154245 0.577869 0.139632 0.280957 
0.000124522 0.0153184 0.0749943 0.909563 
0.00324142 0.433187 0.250011 0.313561 
0.00136325 0.421891 0.165657 0.411089 
0.004139 0.0589504 0.326089 0.610822 
0.00057454 0.878665 0.0476607 0.0731002 
0.00244853 0.282749 0.585473 0.12933 
0.0934781 0.0995167 0.175791 0.631215 
0.00526386 0.0439391 0.0435687 0.907228 
0.00243517 0.116959 0.635931 0.244674 
3.76031e-05 0.0536308 0.0844829 0.861849 
0.00845758 0.0219732 0.0897235 0.879846 
0.00399488 0.265324 0.101044 0.629637 
0.153342 0.307123 0.0802457 0.459289 
0.0519436 0.0711883 0.0776804 0.799188 
0.00992227 0.116608 0.141687 0.731783 
0.00553572 0.456849 0.25324 0.284375 
0.000117626 0.0601408 0.476175 0.463567 
6.06023e-06 0.00253876 0.16365 0.833805 
0.00190397 0.0195602 0.0130396 0.965496 
0.989555 0.000546893 0.00027544 0.00962239 
0.989555 0.000546893 0.00027544 0.00962239 
0.00588476 0.0239603 0.0390302 0.931125 
0.989555 0.000546893 0.00027544 0.00962239 
0.000118479 0.00624148 0.0279792 0.965661 
0.044974 0.0784949 0.0607761 0.815755 
0.0173248 0.177419 0.0855586 0.719698 
0.026437 0.0535802 0.0270007 0.892982 
0.0185111 0.14531 0.793575 0.0426038 
0.0165252 0.22774 0.25637 0.499365 
0.0133764 0.19981 0.195714 0.5911 
0.0171713 0.754552 0.161975 0.0663013 
0.000853942 0.342801 0.0184082 0.637937 
0.000791147 0.384385 0.0992539 0.51557 
0.989555 0.000546893 0.00027544 0.00962239 
0.989555 0.000546893 0.00027544 0.00962239 
0.000322768 0.187725 0.16676 0.645192 
0.00100138 0.926921 0.0613914 0.0106861 
0.000222101 0.674002 0.0217394 0.304037 
0.000638057 0.0711524 0.052512 0.875698 
5.33291e-09 0.0194282 0.801982 0.178589 
0.989555 0.000546893 0.00027544 0.00962239 
0.000650497 0.0268005 0.0398561 0.932693 
0.989555 0.000546893 0.00027544 0.00962239 
0.000276175 0.825708 0.0436916 0.130324 
0.00649021 0.0603075 0.0500659 0.883136 
0.00218543 0.256099 0.0257545 0.715961 
0.000259171 0.950804 0.00449469 0.0444418 
0.000183784 0.38478 0.324807 0.29023 
3.88484e-06 0.870926 0.0825257 0.0465441 
0.000421429 0.224529 0.0763965 0.698653 
0.000380403 0.470455 0.00370978 0.525455 
0.113548 0.0394322 0.634554 0.212466 
0.0224107 0.131518 0.0874247 0.758646 
0.000713384 0.0702521 0.00852797 0.920507 
0.000855228 0.476754 0.361612 0.160779 
0.989555 0.000546893 0.00027544 0.00962239 
1.18591e-05 0.0773976 0.766456 0.156134 
0.000451759 0.0323437 0.3078 0.659405 
0.000373991 0.15922 0.0153415 0.825064 
0.0312974 0.061621 0.122754 0.784327 
0.0817446 0.0705785 0.135288 0.712389 
0.00338574 0.722573 0.00572541 0.268316 
0.00731621 0.897798 0.00502929 0.0898561 
4.85604e-08 0.0646724 0.823939 0.111389 
0.000124478 0.0138017 0.0583511 0.927723 
0.00855704 0.00562902 0.0110341 0.97478 
7.65598e-07 0.919611 0.0120087 0.0683795 
0.0195031 0.152421 0.43316 0.394916 
0.000401239 0.143367 0.15901 0.697221 
0.00175018 0.0717951 0.10592 0.820535 
0.00013176 0.0894133 0.00262907 0.907826 
0.00442105 0.118645 0.638269 0.238665 
0.000234193 0.199937 0.0436714 0.756158 
0.00228805 0.686069 0.138131 0.173512 
0.000899012 0.0471138 0.0781251 0.873862 
0.0101139 0.054192 0.0428533 0.892841 
0.989555 0.000546893 0.00027544 0.00962239 
0.00190397 0.0195602 0.0130396 0.965496 
0.989555 0.000546893 0.00027544 0.00962239 
0.0934734 0.283556 0.00293612 0.620035 
0.0107662 0.0393126 0.913463 0.0364585 
0.00176712 0.0406268 0.0630888 0.894517 
0.000780844 0.154926 0.155108 0.689186 
0.160704 0.310119 0.170457 0.35872 
8.73486e-06 0.00126467 0.0827063 0.91602 
0.00218903 0.0359983 0.027753 0.93406 
0.000791566 0.107803 0.0816475 0.809758 
0.989555 0.000546893 0.00027544 0.00962239 
0.0100834 0.0119048 0.975923 0.00208908 
0.0100834 0.0119048 0.975923 0.00208908 
0.00192628 0.882388 0.0788752 0.0368107 
0.000153767 0.146329 0.0599596 0.793557 
0.000150077 0.0145098 0.0104357 0.974904 
0.00136712 0.0084687 0.0426412 0.947523 
0.000536754 0.610175 0.0585408 0.330748 
0.00179145 0.371649 0.102764 0.523796 
0.00216028 0.27698 0.0295497 0.69131 
4.86279e-05 0.0382822 0.793745 0.167924 
0.647516 0.196157 0.0860705 0.070256 
9.31372e-05 0.24236 0.0487266 0.70882 
0.00662489 0.544613 0.0340017 0.41476 
0.00277646 0.848945 0.132784 0.0154939 
4.51339e-05 0.00183332 0.00075979 0.997362 
0.000341025 0.138013 0.135068 0.726579 
0.989555 0.000546893 0.00027544 0.00962239 
0.0560606 0.0916838 0.0436356 0.80862 
0.00258429 0.00500873 0.0205206 0.971886 
0.000256828 0.712177 0.0106735 0.276893 
4.14846e-06 0.240024 0.201238 0.558734 
0.103273 0.0747198 0.0132215 0.808786 
0.000111468 0.119034 0.0279331 0.852921 
0.00522337 0.0370526 0.0272938 0.93043 
0.00521902 0.347039 0.278814 0.368928 
5.4459e-05 0.391648 0.0189117 0.589386 
0.000199676 0.861 0.0952398 0.0435605 
1.49351e-06 0.0266765 0.062244 0.911078 
0.000257127 0.0914311 0.0893745 0.818937 
0.000314028 0.170426 0.00890253 0.820357 
0.00904361 0.0492307 0.0975749 0.844151 
0.989555 0.000546893 0.00027544 0.00962239 
0.244664 0.0224651 0.0250971 0.707774 
0.00745046 0.695109 0.00962349 0.287818 
0.00027402 0.716742 0.131572 0.151412 
0.000213089 0.0376018 0.0364755 0.92571 
0.000430762 0.0154291 0.0296849 0.954455 
0.000518636 0.0733963 0.147738 0.778347 
8.62974e-05 0.0442587 0.123201 0.832454 
1.30723e-06 0.44371 0.0795403 0.476749 
0.212514 0.0739851 0.0446052 0.668896 
0.0310786 0.221972 0.128505 0.618444 
0.00299579 0.0138688 0.934159 0.0489764 
0.00667245 0.0536273 0.120616 0.819084 
3.46092e-10 0.627287 2.08348e-06 0.372711 
0.000544652 0.168256 0.198621 0.632578 
0.000276369 0.619081 0.0631262 0.317516 
0.0225059 0.0152128 0.122424 0.839858 
0.989555 0.000546893 0.00027544 0.00962239 
0.0209422 0.0784373 0.0414834 0.859137 
0.00312053 0.113919 0.0753035 0.807657 
1.86988e-05 0.00654049 0.133179 0.860261 
0.0143414 0.176501 0.0960859 0.713072 
5.05832e-06 0.0720027 0.573067 0.354926 
0.00106254 0.0281419 0.758209 0.212587 
0.989555 0.000546893 0.00027544 0.00962239 
0.0217965 0.155401 0.605909 0.216893 
0.10812 0.00334622 0.0537938 0.83474 
8.90883e-05 0.015288 0.0297393 0.954884 
0.00957714 0.221969 0.0527456 0.715709 
1.45163e-05 0.0162868 0.0488323 0.934866 
0.000432198 0.0413828 0.0209247 0.93726 
0.000401772 0.297142 0.0395391 0.662917 
0.000759693 0.908687 0.0152862 0.0752669 
0.989555 0.000546893 0.00027544 0.00962239 
4.86444e-05 0.0712764 0.167373 0.761302 
0.00109614 0.823458 0.151706 0.0237397 
0.0014602 0.417459 0.0178517 0.563229 
0.0063767 0.102733 0.0668478 0.824043 
5.74254e-05 0.0148272 0.0141435 0.970972 
1.11796e-05 0.00174801 0.942427 0.055814 
0.000604863 0.048468 0.106071 0.844856 
0.989555 0.000546893 0.00027544 0.00962239 
0.000284141 0.462793 0.387187 0.149735 
0.989555 0.000546893 0.00027544 0.00962239 
0.000190528 0.565817 0.166286 0.267706 
0.000165886 0.0578086 0.0656399 0.876386 
9.63705e-05 0.0321464 0.0925663 0.875191 
0.989555 0.000546893 0.00027544 0.00962239 
0.000214865 0.0659575 0.103836 0.829992 
0.989555 0.000546893 0.00027544 0.00962239 
0.000135469 0.141713 0.0288618 0.82929 
9.93797e-05 0.101575 0.0270345 0.871291 
0.000364174 0.583483 0.0230952 0.393057 
0.989555 0.000546893 0.00027544 0.00962239 
0.000297524 0.46415 0.073138 0.462415 
0.000291824 0.207343 0.188253 0.604112 
0.00335129 0.0457214 0.12092 0.830007 
0.000666647 0.572492 0.107123 0.319719 
0.989555 0.000546893 0.00027544 0.00962239 
3.22277e-05 0.0113444 0.0888515 0.899772 
0.000190528 0.565817 0.166286 0.267706 
0.0343289 0.0399727 0.072056 0.853642 
0.00377952 0.0899973 0.0815185 0.824705 
6.73117e-05 0.00911128 0.012195 0.978626 
0.0164312 0.0662424 0.031028 0.886298 
0.00232748 0.0604682 0.105352 0.831852 
3.78446e-06 0.430345 0.544287 0.025364 
0.00401924 0.544645 0.172964 0.278372 
0.000252028 0.57132 0.264264 0.164164 
0.000107751 0.00192558 0.12938 0.868587 
0.000124478 0.0138017 0.0583511 0.927723 
0.0212534 0.235222 0.164455 0.57907 
0.000671822 0.235881 0.168662 0.594785 
0.00065834 0.498933 0.248288 0.252121 
0.00181074 0.865472 0.00306938 0.129648 
0.0018376 0.795012 0.021449 0.181701 
8.95729e-05 0.893378 0.000136039 0.106397 
0.00133205 0.358601 0.144051 0.496016 
0.0187991 0.0085181 0.0788233 0.893859 
2.67355e-05 0.0439717 0.0181889 0.937813 
0.00116877 0.181894 0.731997 0.0849402 
0.00161437 0.00428606 0.938685 0.0554141 
0.0016804 0.0452612 0.38446 0.568598 
0.0600034 0.0555562 0.0717333 0.812707 
0.28821 0.390306 0.144386 0.177098 
6.58841e-05 0.125693 0.809064 0.0651773 
0.000257932 0.0871093 0.197034 0.715598 
0.000745544 0.03432 0.00501689 0.959918 
0.0354054 0.297815 0.00945832 0.657321 
0.0410012 0.355822 0.00622502 0.596952 
0.000598108 0.128128 0.101725 0.769549 
0.0490419 0.687697 0.0724186 0.190842 
4.5497e-08 0.089153 0.239329 0.671518 
7.31248e-06 0.837562 0.0227004 0.13973 
0.00600504 0.0939767 0.658563 0.241455 
0.0327417 0.015731 0.113532 0.837996 
0.00154428 0.557446 0.0370332 0.403976 
4.80225e-05 0.110433 0.241892 0.647627 
0.989555 0.000546893 0.00027544 0.00962239 
0.0410169 0.397087 0.100722 0.461174 
0.00384676 0.433274 0.17071 0.392168 
0.000482388 0.116082 0.518845 0.36459 
0.044974 0.0784949 0.0607761 0.815755 
2.26264e-06 0.207581 2.15607e-05 0.792395 
5.33788e-05 0.00299899 0.0160737 0.980874 
3.08291e-06 0.486418 0.182901 0.330678 
0.0245414 0.120574 0.0823994 0.772485 
5.93659e-05 0.0237531 0.253521 0.722666 
0.000193609 0.438766 0.281717 0.279324 
0.00225516 0.0578301 0.298528 0.641386 
0.0350185 0.0425758 0.0415898 0.880816 
0.00203832 0.0541411 0.863212 0.0806088 
7.23365e-05 0.722179 0.0321507 0.245598 
0.000198727 0.155689 0.0273922 0.81672 
0.00114112 0.539032 0.0549647 0.404862 
1.29847e-05 0.0567368 0.0143566 0.928894 
3.76907e-05 0.519649 0.00644553 0.473868 
0.00649643 0.297724 0.148812 0.546968 
0.000326953 0.0688279 0.0729084 0.857937 
0.00356414 0.0309077 0.044438 0.92109 
0.00450472 0.365549 0.00433394 0.625612 
0.00120646 0.0602896 0.719638 0.218866 
0.000178125 0.120567 0.0211572 0.858097 
0.00174837 0.0501995 0.0992754 0.848777 
0.000179079 0.445866 0.133212 0.420743 
0.0656745 0.0741268 0.0736848 0.786514 
0.11651 0.241379 0.137054 0.505057 
0.000408218 0.177671 0.0185441 0.803377 
0.00872925 0.0828012 0.0788334 0.829636 
0.00166542 0.436314 0.108441 0.45358 
0.000361587 0.542532 0.00491992 0.452187 
0.000200699 0.513952 0.128876 0.356971 
0.192483 0.119046 0.0058919 0.682579 
8.10826e-05 0.0112462 0.938307 0.0503655 
0.989555 0.000546893 0.00027544 0.00962239 
0.00140451 0.390801 0.412441 0.195353 
3.60775e-05 0.571122 0.138718 0.290124 
2.19994e-05 0.972165 0.00750591 0.0203071 
0.000175279 0.00248144 0.913348 0.0839952 
0.00439742 0.0338609 0.0567503 0.904991 
0.000458488 0.0795187 0.0937221 0.826301 
6.16871e-05 0.307963 0.207612 0.484363 
0.000124478 0.0138017 0.0583511 0.927723 
3.29302e-06 0.033974 0.0177594 0.948263 
0.000560792 0.794075 0.0246127 0.180752 
0.00441432 0.043269 0.023629 0.928688 
0.00206158 0.86913 0.0780011 0.0508069 
0.000235248 0.243875 0.0295981 0.726292 
5.6863e-10 0.000264584 1.74958e-06 0.999734 
0.000169464 0.58516 0.242447 0.172223 
0.00013378 0.979379 0.00534442 0.0151429 
0.000188759 0.152797 0.0685121 0.778503 
0.00180886 0.663746 0.147054 0.187391 
1.84989e-07 0.0110641 0.0595368 0.929399 
0.00269917 0.193211 0.012772 0.791318 
0.00078867 0.0903819 0.0827982 0.826031 
0.647516 0.196157 0.0860705 0.070256 
0.000610667 0.814039 0.0900411 0.0953092 
0.00629921 0.87428 0.0615041 0.0579172 
0.000672261 0.761383 0.0423272 0.195618 
0.0147065 0.564085 0.00493747 0.416271 
0.00116724 0.00293914 0.924228 0.071666 
2.71448e-07 0.648074 0.260255 0.0916707 
3.08291e-06 0.486418 0.182901 0.330678 
4.33666e-05 0.0798168 0.835116 0.0850242 
0.00744684 0.0780904 0.0260202 0.888443 
0.00270165 0.024777 0.741817 0.230704 
0.00435576 0.0380673 0.0407149 0.916862 
1.14944e-07 0.00890728 0.488521 0.502572 
0.000206013 0.0209719 0.0198893 0.958933 
0.00208977 0.801268 0.0753415 0.121301 
9.29821e-06 0.111078 0.184689 0.704224 
0.000220268 0.00456118 0.00548951 0.989729 
5.626e-05 0.00838774 0.913627 0.0779287 
0.989555 0.000546893 0.00027544 0.00962239 
0.00357481 0.270309 0.129023 0.597093 
0.220162 0.0281585 0.0418671 0.709812 
2.21562e-06 0.00387803 0.921589 0.0745309 
0.460237 0.137415 0.165216 0.237133 
0.0108796 0.0103645 0.976705 0.00205066 
0.989555 0.000546893 0.00027544 0.00962239 
0.00169175 0.026859 0.819043 0.152406 
0.000272341 0.0881479 0.0661629 0.845417 
0.989555 0.000546893 0.00027544 0.00962239 
0.000528598 0.0722578 0.0900602 0.837153 
0.809609 0.00140437 0.105795 0.0831918 
6.13475e-05 0.0261063 0.822982 0.150851 
5.88828e-05 0.604143 0.0449854 0.350813 
0.0138078 0.140268 0.0269777 0.818947 
0.00276566 0.67169 0.0895092 0.236035 
6.25654e-07 0.914454 0.0201376 0.0654082 
0.0103377 0.0875201 0.0446091 0.857533 
0.00340548 0.0612283 0.606627 0.328739 
0.122175 0.0182455 0.0146774 0.844902 
0.989555 0.000546893 0.00027544 0.00962239 
0.0298083 0.642265 0.0405286 0.287398 
0.00369844 0.193801 0.409338 0.393162 
0.00188567 0.017975 0.0741631 0.905976 
0.0383308 0.211309 0.185312 0.565048 
0.0383308 0.211309 0.185312 0.565048 
0.00163562 0.268257 0.425791 0.304317 
0.0102969 0.360049 0.169615 0.460039 
1.40085e-05 0.0339182 0.0677935 0.898274 
0.579195 0.030234 0.160925 0.229646 
4.10615e-07 0.0309651 0.194101 0.774934 
0.0611561 0.0997049 0.311815 0.527324 
0.252467 0.138684 0.0337094 0.575139 
0.000290688 0.264534 0.239299 0.495877 
6.2457e-05 0.0083135 0.0661729 0.925451 
0.647516 0.196157 0.0860705 0.070256 
3.08291e-06 0.486418 0.182901 0.330678 
0.00614741 0.424904 0.0504253 0.518523 
0.0400845 0.0433244 0.0533107 0.86328 
6.75133e-06 0.0026845 0.0540272 0.943281 
0.0398044 0.224375 0.286812 0.449008 
0.0121726 0.238839 0.388979 0.360009 
9.48114e-05 0.478377 0.0636619 0.457866 
1.5464e-06 0.970753 0.00324483 0.026001 
3.43694e-05 0.00904073 0.0111139 0.979811 
0.224923 0.228496 0.0275751 0.519006 
0.989555 0.000546893 0.00027544 0.00962239 
3.08291e-06 0.486418 0.182901 0.330678 
0.000114392 0.996844 0.00204777 0.000993354 
0.00397498 0.218721 0.114107 0.663197 
0.989555 0.000546893 0.00027544 0.00962239 
0.00384305 0.369155 0.0448329 0.582169 
0.0759745 0.694144 0.0346783 0.195204 
0.000590721 0.0633011 0.0639025 0.872206 
0.00776207 0.0613484 0.0528244 0.878065 
0.0534435 0.339434 0.0342578 0.572865 
0.000142701 0.117948 0.0418201 0.84009 
0.00371628 0.500938 0.229129 0.266217 
0.0111399 0.000693459 0.0129642 0.975202 
0.00406573 0.260815 0.0530798 0.682039 
0.000341714 0.446571 0.240652 0.312435 
-nan -nan -nan -nan 
0.000741446 0.0844625 0.110818 0.803978 
0.00393076 0.027807 0.0318795 0.936383 
9.20154e-05 0.851017 0.0965888 0.0523021 
2.70666e-05 0.393001 0.123763 0.483209 
0.0238284 0.147569 0.0182003 0.810402 
0.0898515 0.023073 0.0550542 0.832021 
0.00381093 0.388811 0.131291 0.476087 
0.0157998 0.0184208 0.0697564 0.896023 
0.989555 0.000546893 0.00027544 0.00962239 
5.7949e-05 0.0194773 0.91482 0.0656444 
0.0108796 0.0103645 0.976705 0.00205066 
-nan -nan -nan -nan 
0.000131093 0.767097 0.0613499 0.171422 
0.00138564 0.176308 0.206727 0.61558 
0.00122446 0.110363 0.0632973 0.825115 
0.793793 0.0174846 0.0122052 0.176517 
0.989555 0.000546893 0.00027544 0.00962239 
1.82577e-05 0.0270969 0.0299719 0.942913 
0.989555 0.000546893 0.00027544 0.00962239 
0.0135456 0.0880607 0.204281 0.694113 
0.00923915 0.0525492 0.353847 0.584364 
0.000414572 0.157149 0.272259 0.570177 
0.989555 0.000546893 0.00027544 0.00962239 
0.0968666 0.077465 0.00648402 0.819184 
0.000518636 0.0733963 0.147738 0.778347 
0.0261178 0.183786 0.042327 0.747769 
0.00132671 0.0239279 0.0169046 0.957841 
0.00413106 0.0230378 0.903443 0.0693879 
0.000482653 0.115761 0.156554 0.727202 
0.00101937 0.0475266 0.7403 0.211154 
0.0116905 0.51516 0.0542382 0.418911 
2.94163e-06 0.869638 0.00546471 0.124895 
0.647516 0.196157 0.0860705 0.070256 
0.00427226 0.0364808 0.047097 0.91215 
0.000414937 0.068867 0.121396 0.809322 
0.000315466 0.844858 0.0254659 0.129361 
8.82147e-05 0.515078 0.289089 0.195744 
9.52297e-05 0.141303 0.202183 0.656418 
0.00228805 0.686069 0.138131 0.173512 
0.00479359 0.143285 0.695222 0.1567 
0.0101492 0.0665718 0.0598587 0.86342 
1.15701e-05 0.0138471 0.152727 0.833415 
7.65916e-05 0.513015 0.0162979 0.470611 
0.031971 0.0777228 0.0714057 0.8189 
0.989555 0.000546893 0.00027544 0.00962239 
0.0457305 0.0275251 0.841855 0.0848897 
0.00383314 0.11711 0.117836 0.76122 
0.58934 0.08084 0.0372317 0.292589 
1.05271e-06 0.0205205 0.537652 0.441827 
4.7345e-09 0.288256 0.0257296 0.686014 
0.00933606 0.0145379 0.0475193 0.928607 
0.0119583 0.891072 0.042923 0.0540463 
5.99645e-05 0.424868 0.349537 0.225535 
0.00933606 0.0145379 0.0475193 0.928607 
4.16273e-06 0.0229202 0.142624 0.834452 
0.0140197 0.247156 0.440132 0.298693 
0.0104354 0.0829778 0.0460204 0.860566 
0.000118077 0.000709503 0.988369 0.0108038 
0.000709379 0.217848 0.174929 0.606513 
0.0540601 0.12874 0.378629 0.438571 
0.00764292 0.234452 0.451026 0.30688 
0.044974 0.0784949 0.0607761 0.815755 
0.000635161 0.746488 0.0908139 0.162063 
5.63102e-05 0.0177678 0.00256535 0.979611 
0.00234257 0.314824 0.0444517 0.638381 
0.159023 0.513266 0.047913 0.279798 
0.000770254 0.0208419 0.0501149 0.928273 
3.21242e-05 0.00619175 0.0666775 0.927099 
0.989555 0.000546893 0.00027544 0.00962239 
0.0100834 0.0119048 0.975923 0.00208908 
0.0199714 0.143327 0.0693336 0.767368 
0.989555 0.000546893 0.00027544 0.00962239 
0.989555 0.000546893 0.00027544 0.00962239 
0.0041269 0.0694438 0.0551429 0.871286 
2.26719e-05 0.00449027 0.89498 0.100507 
5.83183e-05 0.00520984 0.889447 0.105284 
0.989555 0.000546893 0.00027544 0.00962239 
9.54288e-05 0.0385464 0.695069 0.26629 
0.000139787 0.845414 0.080955 0.0734911 
5.33788e-05 0.00299899 0.0160737 0.980874 
0.00146821 0.04854 0.383885 0.566106 
0.00140656 0.177379 0.338974 0.482241 
0.989555 0.000546893 0.00027544 0.00962239 
0.0108796 0.0103645 0.976705 0.00205066 
0.00186528 0.215076 0.045966 0.737093 
0.00803924 0.0841963 0.0662682 0.841496 
0.000107209 0.645194 0.0175961 0.337103 
9.02374e-07 0.0714769 0.0190437 0.909478 
7.81929e-05 0.541128 0.0887507 0.370043 
0.0018121 0.791852 0.09181 0.114526 
0.00361108 0.0257562 0.0327981 0.937835 
0.647516 0.196157 0.0860705 0.070256 
0.00771248 0.0657571 0.0387237 0.887807 
0.018562 0.260872 0.008438 0.712128 
4.95965e-05 0.169197 0.0990451 0.731709 
0.00159522 0.894206 0.0504193 0.0537796 
3.26775e-05 0.32559 0.120793 0.553584 
0.0192977 0.035424 0.0702689 0.875009 
0.00029794 0.0129258 0.247918 0.738858 
0.989555 0.000546893 0.00027544 0.00962239 
0.000118077 0.000709503 0.988369 0.0108038 
0.0014796 0.298068 0.0528921 0.64756 
0.000292518 0.0289589 0.00195339 0.968795 
0.989555 0.000546893 0.00027544 0.00962239 
0.989555 0.000546893 0.00027544 0.00962239 
0.000299899 0.557102 0.028849 0.413749 
5.89514e-05 0.86342 0.000150129 0.136371 
1.98867e-08 0.00591774 0.0108148 0.983267 
0.000212646 0.0597905 0.1274 0.812597 
8.2571e-11 0.143925 0.787966 0.0681087 
4.81018e-05 0.0329148 0.00311457 0.963922 
0.00313722 0.0117121 0.0183255 0.966825 
0.000138176 0.096685 0.829199 0.0739783 
0.00404935 0.04574 0.914914 0.0352964 
0.00147807 0.950786 0.0187572 0.0289787 
5.05539e-07 0.0906536 0.757 0.152346 
0.00553109 0.148665 0.0296454 0.816159 
0.0108796 0.0103645 0.976705 0.00205066 
0.000299899 0.557102 0.028849 0.413749 
2.58859e-07 0.0487339 0.0820145 0.869251 
0.0223513 0.0520776 0.0722848 0.853286 
0.00678932 0.857443 0.0175939 0.118174 
0.143146 0.118291 0.106784 0.631779 
0.00567819 0.0438776 0.131887 0.818558 
0.0113173 0.00739405 0.103278 0.878011 
0.209797 0.0134293 0.0467132 0.730061 
0.0100834 0.0119048 0.975923 0.00208908 
0.000185974 0.865254 0.031318 0.103242 
0.000471367 0.155858 0.0280555 0.815615 
0.0131641 0.139131 0.0561903 0.791515 
0.989555 0.000546893 0.00027544 0.00962239 
0.00196644 0.0438433 0.602661 0.351529 
0.000101634 0.114698 0.0733502 0.81185 
0.00026356 0.0136126 0.0951471 0.890977 
0.00389437 0.677846 0.1328 0.18546 
0.000307321 0.039507 0.265057 0.695129 
0.00496609 0.326979 0.199905 0.46815 
3.7659e-05 0.0073021 0.851917 0.140743 
0.989555 0.000546893 0.00027544 0.00962239 
0.647516 0.196157 0.0860705 0.070256 
0.177614 0.779393 0.00957539 0.0334179 
0.0100834 0.0119048 0.975923 0.00208908 
0.000257027 0.0812673 0.0855976 0.832878 
4.69949e-08 0.0977642 0.155869 0.746367 
0.000584693 0.0473514 0.0552631 0.896801 
7.32027e-06 0.034236 0.12776 0.837997 
0.0169493 0.0533453 0.155699 0.774007 
3.14547e-05 0.0110205 0.0235107 0.965437 
0.0015029 0.345822 0.133463 0.519213 
0.0124519 0.307022 0.130659 0.549867 
0.00149007 0.0786435 0.00298305 0.916883 
3.04683e-05 0.00363473 0.498584 0.49775 
0.00029704 0.00678631 0.0506804 0.942236 
0.00435164 0.43745 0.009775 0.548424 
3.22277e-05 0.0113444 0.0888515 0.899772 
0.000531845 0.0511555 0.0388729 0.90944 
0.989555 0.000546893 0.00027544 0.00962239 
0.0109055 0.0991699 0.0647341 0.82519 
0.159599 0.52614 0.022991 0.29127 
0.0562243 0.549888 0.0981797 0.295708 
0.00207259 0.607623 0.0318137 0.358491 
0.00870933 0.0585038 0.0799228 0.852864 
4.69893e-05 0.769608 0.0580066 0.172339 
0.0220897 0.0781649 0.0757842 0.823961 
0.989555 0.000546893 0.00027544 0.00962239 
0.000267243 0.0779611 0.0890411 0.832731 
0.0104039 0.0774183 0.0498604 0.862317 
1.7502e-05 0.0618 0.10716 0.831022 
0.0271318 0.0335898 0.0728491 0.866429 
0.000343049 0.0119433 0.063555 0.924159 
0.10456 0.462004 0.0708803 0.362556 
7.35823e-08 0.289043 0.147862 0.563095 
0.000274555 0.753015 0.0894268 0.157283 
0.00260476 0.179143 0.174668 0.643584 
0.0834454 0.135694 2.02778e-05 0.780841 
0.0100834 0.0119048 0.975923 0.00208908 
0.0171321 0.133425 0.0330004 0.816443 
0.000164758 0.0517309 0.0576604 0.890444 
0.00208576 0.118338 0.10297 0.776606 
0.00776999 0.135428 0.0884944 0.768308 
0.0108796 0.0103645 0.976705 0.00205066 
0.0781683 0.225669 0.0690796 0.627084 
1.84524e-05 0.164191 0.032473 0.803318 
0.000511246 0.112364 0.0327349 0.85439 
0.989555 0.000546893 0.00027544 0.00962239 
0.989555 0.000546893 0.00027544 0.00962239 
0.00289781 0.0650945 0.0721974 0.85981 
8.65111e-06 0.982003 0.00372693 0.0142617 
4.04923e-05 0.0417529 0.0972814 0.860925 
0.00174819 0.00236029 0.0311426 0.964749 
0.0991375 0.25625 0.00882564 0.635787 
0.000911656 0.232257 0.219861 0.546971 
6.95087e-05 0.0365749 0.00779222 0.955563 
3.29012e-05 0.412842 0.040489 0.546636 
0.000283898 0.106356 0.0568622 0.836498 
0.000369966 0.00985613 0.0018028 0.987971 
0.000135244 0.0960801 0.156504 0.74728 
0.00108023 0.251349 0.115897 0.631674 
0.989555 0.000546893 0.00027544 0.00962239 
8.60266e-05 0.734681 0.0531393 0.212094 
0.989555 0.000546893 0.00027544 0.00962239 
0.0169027 0.259228 0.0385672 0.685302 
0.00357891 0.079726 0.0589018 0.857793 
0.000154729 0.329266 0.289463 0.381116 
4.69893e-05 0.769608 0.0580066 0.172339 
0.0104011 0.425556 0.112796 0.451247 
1.64631e-05 0.907627 0.0717578 0.0205986 
0.647516 0.196157 0.0860705 0.070256 
0.00246661 0.640474 0.0468374 0.310222 
0.00143412 0.818805 0.050163 0.129598 
0.0134089 0.113074 0.0460216 0.827496 
2.38826e-05 0.283205 0.00540627 0.711365 
0.00010315 0.522411 0.1291 0.348386 
0.00427818 0.0873546 0.0868016 0.821566 
9.05649e-06 0.197702 0.245612 0.556678 
0.00845578 0.0482348 0.755843 0.187467 
0.00409275 0.876406 0.0936012 0.0258996 
0.0261809 0.0523515 0.246401 0.675066 
8.10826e-05 0.0112462 0.938307 0.0503655 
4.95161e-06 0.158053 0.584233 0.257709 
0.000669563 0.0730753 0.0833894 0.842866 
0.989555 0.000546893 0.00027544 0.00962239 
1.88671e-05 0.77197 0.151229 0.0767822 
0.00556523 0.316606 0.0184241 0.659405 
0.0719374 0.115451 0.0333134 0.779298 
0.000149828 0.0323733 0.00196079 0.965516 
0.989555 0.000546893 0.00027544 0.00962239 
6.72328e-05 0.0268051 0.830001 0.143126 
0.0806121 0.0896 0.0272983 0.80249 
2.67355e-05 0.0439717 0.0181889 0.937813 
0.0548141 0.479174 0.083858 0.382154 
0.0143308 0.483274 0.0550337 0.447362 
0.989555 0.000546893 0.00027544 0.00962239 
0.00404935 0.04574 0.914914 0.0352964 
0.0152501 0.145961 0.089131 0.749658 
6.81953e-06 0.756341 0.122586 0.121066 
0.0102977 0.0219663 0.0705015 0.897235 
0.00132416 0.00808214 0.0567294 0.933864 
0.00292018 0.124818 0.620788 0.251474 
0.00944852 0.157156 0.561216 0.272179 
5.80426e-05 0.0104611 0.0218168 0.967664 
2.75779e-05 0.0495709 0.051214 0.899188 
0.989555 0.000546893 0.00027544 0.00962239 
2.23528e-05 0.815663 0.0989623 0.0853527 
3.22277e-05 0.0113444 0.0888515 0.899772 
0.00012846 0.154953 0.685736 0.159183 
0.00699276 0.0647242 0.166924 0.761359 
0.374991 0.250637 0.0154753 0.358896 
0.001268 0.143615 0.226627 0.628491 
0.254814 0.327446 0.0975342 0.320205 
0.0386428 0.16991 0.144169 0.647278 
0.0936414 0.0864041 0.0763883 0.743566 
3.87117e-05 0.011155 0.623403 0.365403 
0.989555 0.000546893 0.00027544 0.00962239 
0.00250137 0.114168 0.109322 0.774009 
