0.867396 0.0665298 0.0642304 0.00184405 
0.156693 0.653954 0.181079 0.00827352 
0.303053 0.546776 0.126179 0.0239925 
0.579162 0.368693 0.0452088 0.00693582 
0.509858 0.417102 0.0440661 0.028974 
0.457003 0.314156 0.223534 0.00530661 
0.66035 0.0827994 0.113059 0.143792 
0.722519 0.165922 0.110825 0.000734126 
0.635237 0.305634 0.0518743 0.0072549 
0.0533569 0.0224617 0.00486165 0.91932 
0.394395 0.521745 0.0158621 0.0679977 
0.215425 0.292358 0.226103 0.266114 
0.840221 0.0567932 0.00427284 0.0987132 
0.593055 0.285914 0.0994503 0.0215812 
0.207765 0.732786 0.0593016 0.000147325 
0.165698 0.809723 0.0245061 7.30206e-05 
0.0180354 0.0118751 0.964404 0.00568498 
0.0370353 0.0220937 0.0172795 0.923592 
0.827728 0.0644816 0.104835 0.00295583 
0.797888 0.110263 0.0914009 0.000447633 
0.699444 0.176547 0.114524 0.00948565 
0.317602 0.629871 0.0497498 0.002777 
0.0984229 0.875846 0.02045 0.00528134 
0.114396 0.853568 0.0317755 0.00026022 
0.554231 0.381836 0.0563676 0.00756475 
0.360454 0.330279 0.284955 0.0243121 
0.170006 0.246929 0.580973 0.00209168 
0.687834 0.16107 0.148942 0.00215437 
0.636845 0.225552 0.1285 0.00910346 
0.604365 0.368567 0.0116582 0.0154093 
0.415563 0.117174 0.467022 0.000240602 
0.246327 0.468487 0.284611 0.000574637 
0.793951 0.137378 0.0612886 0.00738231 
0.732806 0.174337 0.0342196 0.0586366 
0.682615 0.154363 0.161731 0.00129136 
0.299372 0.54118 0.0743831 0.0850646 
0.182099 0.565103 0.251693 0.00110482 
0.172994 0.760258 0.0443364 0.0224121 
0.496993 0.418648 0.0690512 0.0153072 
0.167992 0.0648456 0.764488 0.00267428 
0.805971 0.127003 0.0601685 0.00685722 
0.0984229 0.875846 0.02045 0.00528134 
0.340484 0.506615 0.148709 0.00419117 
0.150742 0.656073 0.180068 0.0131169 
0.626094 0.0877528 0.285844 0.000309085 
0.797888 0.110263 0.0914009 0.000447633 
0.250829 0.674789 0.0715655 0.00281592 
0.0533569 0.0224617 0.00486165 0.91932 
0.396474 0.491815 0.108956 0.00275494 
0.523273 0.28866 0.180375 0.00769188 
0.288188 0.411163 0.296333 0.00431611 
0.277719 0.647869 0.0445144 0.0298984 
0.427697 0.327709 0.240106 0.00448695 
0.125584 0.838483 0.0357367 0.000195966 
0.745292 0.166464 0.0756899 0.0125537 
0.53886 0.359489 0.0934217 0.0082288 
0.706709 0.0747826 0.21565 0.00285845 
0.815973 0.0920817 0.0311628 0.0607824 
0.673668 0.154852 0.171332 0.000148449 
0.524268 0.325434 0.149324 0.000974277 
0.526817 0.411047 0.0225438 0.039592 
0.143239 0.79561 0.0221491 0.039002 
0.337725 0.580806 0.0812523 0.000216226 
0.68774 0.200988 0.103924 0.00734771 
0.159192 0.7884 0.0420081 0.0104003 
0.652472 0.272773 0.056112 0.0186429 
0.557632 0.409643 0.0320939 0.000631257 
0.15634 0.737308 0.0776108 0.0287403 
0.251626 0.0412441 0.651725 0.0554046 
0.0218852 0.015309 0.957731 0.00507463 
0.0926561 0.827905 0.0789543 0.000484104 
0.729082 0.154656 0.077938 0.0383244 
0.373412 0.169568 0.455978 0.00104185 
0.7804 0.0869152 0.127726 0.00495858 
0.396103 0.305444 0.285601 0.0128512 
0.0533569 0.0224617 0.00486165 0.91932 
0.600451 0.34334 0.0552699 0.000939496 
0.611689 0.293758 0.0474033 0.04715 
0.543144 0.265266 0.15339 0.0381998 
0.649402 0.240284 0.110078 0.000235724 
0.481289 0.253275 0.265366 7.02158e-05 
0.672999 0.250076 0.0769162 9.27253e-06 
0.438008 0.398096 0.0280755 0.135821 
0.651079 0.263686 0.0816746 0.00355975 
0.900311 0.050656 0.0351103 0.0139228 
0.30229 0.316714 0.374577 0.00641936 
0.439217 0.152294 0.397377 0.0111116 
0.789213 0.112571 0.0924326 0.00578319 
0.832145 0.108288 0.0576477 0.00191888 
0.49551 0.459556 0.0339623 0.0109715 
0.0533569 0.0224617 0.00486165 0.91932 
0.0180354 0.0118751 0.964404 0.00568498 
0.0533569 0.0224617 0.00486165 0.91932 
0.862659 0.0690828 0.0340661 0.0341916 
0.480095 0.373387 0.124494 0.0220237 
0.209676 0.711612 0.077017 0.00169444 
0.47885 0.355853 0.162223 0.00307371 
0.670011 0.285453 0.030469 0.014067 
0.522556 0.20304 0.274036 0.000367835 
0.822293 0.120843 0.0541823 0.00268185 
0.290453 0.377274 0.329767 0.00250573 
0.212719 0.750327 0.0217369 0.0152169 
0.213845 0.534967 0.250217 0.000971805 
0.316122 0.613984 0.0683805 0.0015142 
0.266953 0.290163 0.4401 0.00278483 
0.218357 0.189885 0.590506 0.00125167 
0.438687 0.497493 0.056574 0.00724671 
0.425027 0.502913 0.0539737 0.0180865 
0.258861 0.659615 0.0467152 0.0348085 
0.386098 0.506969 0.0955794 0.011354 
0.160459 0.565158 0.262948 0.0114354 
0.618366 0.106556 0.246849 0.0282293 
0.576056 0.338817 0.080278 0.00484856 
0.196592 0.684719 0.058406 0.0602826 
0.755062 0.0837967 0.161118 2.35362e-05 
0.233857 0.193088 0.571201 0.00185415 
0.623024 0.317101 0.0426029 0.0172719 
0.0533569 0.0224617 0.00486165 0.91932 
0.508152 0.362547 0.121067 0.00823386 
0.588973 0.311662 0.0600814 0.0392835 
0.493397 0.38782 0.117322 0.00146129 
0.475463 0.445997 0.0739426 0.00459715 
0.785984 0.153743 0.0464676 0.0138057 
0.226217 0.643346 0.0846703 0.0457668 
0.7262 0.146632 0.117631 0.0095376 
0.427571 0.0606413 0.511782 5.27321e-06 
0.0533569 0.0224617 0.00486165 0.91932 
0.546961 0.26327 0.186813 0.00295624 
0.770246 0.0927379 0.129564 0.00745157 
0.806714 0.0393542 0.142737 0.0111952 
0.638403 0.209587 0.14137 0.0106402 
0.280572 0.118691 0.595552 0.00518477 
0.843056 0.0389202 0.11742 0.000603365 
0.686921 0.202657 0.108655 0.00176725 
0.64379 0.278766 0.0687269 0.00871661 
0.575769 0.327309 0.0885493 0.00837281 
0.814672 0.121318 0.0638728 0.000136973 
0.638656 0.305246 0.0370257 0.0190727 
0.375963 0.320165 0.301931 0.00194103 
0.662456 0.246937 0.0587898 0.0318168 
0.409749 0.37284 0.0293761 0.188035 
0.12788 0.773424 0.0908271 0.00786851 
0.809329 0.0656077 0.123132 0.00193143 
0.233064 0.660152 0.0887399 0.0180443 
0.691945 0.199155 0.107952 0.000947641 
0.25813 0.593221 0.132628 0.0160208 
0.193538 0.343756 0.462511 0.000194241 
0.546835 0.323859 0.0991388 0.0301672 
0.735653 0.114929 0.135951 0.0134666 
0.18045 0.71537 0.0819882 0.0221918 
0.215647 0.713764 0.0696395 0.000949102 
0.362562 0.579477 0.0361668 0.0217951 
0.228678 0.465304 0.304837 0.00118145 
0.791701 0.150261 0.0460866 0.0119518 
0.102748 0.0570981 0.839429 0.000724089 
0.235135 0.560436 0.204374 5.44258e-05 
0.702537 0.119353 0.172597 0.00551331 
0.0533569 0.0224617 0.00486165 0.91932 
0.575881 0.312301 0.102531 0.00928682 
0.424238 0.206564 0.363902 0.00529538 
0.170021 0.693197 0.047404 0.0893775 
0.265083 0.64753 0.0872646 0.000122791 
0.136147 0.141425 0.716093 0.00633487 
0.68466 0.229586 0.0844704 0.00128456 
0.758514 0.144055 0.077171 0.0202597 
0.0533569 0.0224617 0.00486165 0.91932 
0.363395 0.556944 0.0789637 0.000696793 
0.174826 0.72301 0.100892 0.00127189 
0.133808 0.77136 0.0948096 2.1813e-05 
0.0533569 0.0224617 0.00486165 0.91932 
0.32089 0.513526 0.0971128 0.0684713 
0.238849 0.637686 0.121516 0.0019486 
0.269151 0.677502 0.0532418 0.000105483 
0.704257 0.0621406 0.21647 0.0171331 
0.624733 0.308023 0.059298 0.00794613 
0.0533569 0.0224617 0.00486165 0.91932 
0.947892 0.0185778 0.0308656 0.00266499 
0.686921 0.202657 0.108655 0.00176725 
0.234303 0.312803 0.451965 0.000929521 
0.838662 0.114762 0.0451358 0.00144055 
0.304986 0.554023 0.139071 0.00191919 
0.716144 0.220503 0.0559885 0.00736395 
0.274413 0.650411 0.0731072 0.00206872 
0.656248 0.289736 0.0300341 0.0239819 
0.749457 0.0674628 0.11267 0.07041 
0.469735 0.462574 0.066928 0.000762506 
0.496692 0.020943 0.481961 0.000404113 
0.362504 0.48582 0.151649 2.72168e-05 
0.0533569 0.0224617 0.00486165 0.91932 
0.8534 0.0564798 0.0893048 0.000814892 
0.381598 0.0546605 0.16272 0.401022 
0.106944 0.846409 0.0359329 0.0107149 
0.588644 0.351909 0.0577444 0.00170239 
0.780407 0.0454978 0.131833 0.042263 
0.298044 0.530961 0.170567 0.0004272 
0.0533569 0.0224617 0.00486165 0.91932 
0.706873 0.222916 0.070179 3.16132e-05 
0.825294 0.143807 0.0228495 0.00804967 
0.843056 0.0389202 0.11742 0.000603365 
0.424559 0.495046 0.0768169 0.00357829 
0.235718 0.69263 0.010977 0.060675 
0.52267 0.159959 0.317298 7.28049e-05 
0.277965 0.169593 0.551827 0.000615049 
0.703276 0.201537 0.095097 9.00277e-05 
0.778009 0.0788397 0.14314 1.12068e-05 
0.753198 0.166068 0.0783595 0.00237417 
0.685207 0.19202 0.122762 1.07845e-05 
0.45039 0.37196 0.16975 0.00790015 
0.11865 0.112682 0.767371 0.00129646 
0.273058 0.665175 0.0392209 0.0225465 
0.776023 0.110698 0.112901 0.000378053 
0.422807 0.425344 0.128035 0.0238136 
0.103332 0.688537 0.207538 0.000592798 
0.583101 0.233468 0.112365 0.0710658 
0.466729 0.384769 0.129978 0.0185243 
0.213879 0.613221 0.171591 0.00130888 
0.661873 0.0517825 0.255241 0.0311034 
0.586315 0.287314 0.123735 0.00263552 
0.307311 0.490109 0.201009 0.00157134 
0.318242 0.366379 0.11978 0.195599 
0.411264 0.445622 0.139481 0.00363239 
0.613958 0.248183 0.0921937 0.0456654 
0.108562 0.764726 0.0561958 0.0705168 
0.741012 0.18263 0.0672154 0.0091427 
0.313998 0.630698 0.052012 0.00329214 
0.8597 0.0731465 0.0645329 0.00262107 
0.126602 0.690656 0.181091 0.00165089 
0.412137 0.487568 0.0935054 0.00678987 
0.818742 0.0322876 0.141166 0.007805 
0.542078 0.368022 0.0871828 0.00271786 
0.680656 0.265848 0.0534821 1.38978e-05 
0.220861 0.698577 0.0704859 0.0100756 
0.0533569 0.0224617 0.00486165 0.91932 
0.359179 0.580905 0.0597868 0.000129914 
0.0533569 0.0224617 0.00486165 0.91932 
0.752929 0.135858 0.108271 0.00294228 
0.698858 0.206202 0.0851718 0.0097679 
0.775276 0.0765866 0.136474 0.0116634 
0.884734 0.0485686 0.0655488 0.00114892 
0.0533569 0.0224617 0.00486165 0.91932 
0.275336 0.253617 0.469063 0.00198361 
0.117451 0.04331 0.839223 1.57167e-05 
0.508351 0.195212 0.283675 0.012762 
0.789213 0.112571 0.0924326 0.00578319 
0.570834 0.201055 0.225488 0.0026226 
0.428514 0.309157 0.252299 0.0100302 
0.27282 0.0926435 0.631798 0.00273781 
0.750831 0.214463 0.0308311 0.00387482 
0.704151 0.0934082 0.194747 0.007694 
0.111638 0.0710475 0.813863 0.0034512 
0.745346 0.144202 0.0742128 0.0362398 
0.857087 0.0344581 0.108115 0.000339375 
0.324692 0.601795 0.0704509 0.00306162 
0.337669 0.573446 0.0611911 0.0276948 
0.663939 0.170122 0.165562 0.000377229 
0.0533569 0.0224617 0.00486165 0.91932 
0.718513 0.204938 0.0564354 0.0201139 
0.0180354 0.0118751 0.964404 0.00568498 
0.0533569 0.0224617 0.00486165 0.91932 
0.21738 0.576193 0.192401 0.0140263 
0.699697 0.0934717 0.205687 0.00114397 
0.0218852 0.015309 0.957731 0.00507463 
0.386098 0.506969 0.0955794 0.011354 
0.0533569 0.0224617 0.00486165 0.91932 
0.772381 0.124843 0.0845629 0.0182128 
0.344736 0.150559 0.503152 0.00155355 
0.332266 0.455637 0.21096 0.00113711 
0.259353 0.240814 0.493468 0.00636562 
0.377811 0.534164 0.0617624 0.0262629 
0.106944 0.846409 0.0359329 0.0107149 
0.81461 0.0966405 0.0887444 5.43305e-06 
0.307564 0.666965 0.023851 0.00161954 
0.0533569 0.0224617 0.00486165 0.91932 
0.761366 0.0808743 0.0722624 0.0854976 
0.789655 0.0818377 0.119425 0.00908198 
0.655493 0.258036 0.0751012 0.0113689 
0.270566 0.649259 0.0799884 0.00018714 
0.226003 0.72111 0.030579 0.0223077 
0.821723 0.103428 0.063757 0.0110918 
0.591585 0.305195 0.103022 0.000197281 
0.380929 0.407406 0.0213432 0.190321 
0.0533569 0.0224617 0.00486165 0.91932 
0.878599 0.0562913 0.0643495 0.000759777 
0.277803 0.47712 0.0426003 0.202477 
0.572728 0.175479 0.231758 0.0200351 
0.422963 0.539773 0.0355741 0.00168971 
0.680082 0.161121 0.154948 0.00384908 
0.686921 0.202657 0.108655 0.00176725 
0.387645 0.56365 0.0326588 0.0160462 
0.340484 0.506615 0.148709 0.00419117 
0.790878 0.130951 0.0774252 0.000746043 
0.881872 0.0609265 0.0571251 7.60108e-05 
0.435901 0.454028 0.107319 0.00275196 
0.163324 0.109055 0.723657 0.00396431 
0.748339 0.141462 0.108302 0.00189788 
0.216548 0.690142 0.0906128 0.00269776 
0.78203 0.141427 0.0657298 0.0108124 
0.0833883 0.876641 0.0315883 0.00838272 
0.635946 0.282412 0.0436914 0.037951 
0.0533569 0.0224617 0.00486165 0.91932 
0.589877 0.347601 0.0599113 0.00260984 
0.332266 0.455637 0.21096 0.00113711 
0.748876 0.164763 0.0700091 0.0163516 
0.451726 0.440738 0.107098 0.000437607 
0.104367 0.0509439 0.844577 0.000112409 
0.876619 0.0592018 0.0292825 0.0348969 
0.420589 0.487575 0.0870343 0.00480141 
0.759906 0.139875 0.0968953 0.00332379 
0.527234 0.330346 0.0764932 0.0659272 
0.491398 0.142664 0.359701 0.00623706 
0.117751 0.779527 0.0862134 0.0165086 
0.0578617 0.0219504 0.919269 0.00091882 
0.566029 0.339359 0.0818795 0.0127325 
0.414475 0.484892 0.0993257 0.00130755 
0.0218852 0.015309 0.957731 0.00507463 
0.254564 0.321865 0.422842 0.000729348 
0.784686 0.134711 0.0729739 0.00762901 
0.211673 0.534916 0.0767027 0.176708 
0.106944 0.846409 0.0359329 0.0107149 
0.149467 0.798 0.0453798 0.00715382 
0.0533569 0.0224617 0.00486165 0.91932 
0.39919 0.289987 0.280451 0.0303718 
0.843056 0.0389202 0.11742 0.000603365 
0.46988 0.124596 0.0568365 0.348687 
0.106944 0.846409 0.0359329 0.0107149 
0.652944 0.22295 0.058343 0.0657622 
0.571381 0.186659 0.241642 0.000317592 
0.106944 0.846409 0.0359329 0.0107149 
0.165698 0.809723 0.0245061 7.30206e-05 
0.730427 0.117309 0.148921 0.00334248 
0.488261 0.348681 0.15239 0.0106677 
0.794177 0.0798335 0.125426 0.00056408 
0.296146 0.680927 0.0180394 0.00488831 
0.84182 0.0818971 0.0705375 0.0057449 
0.0533569 0.0224617 0.00486165 0.91932 
0.267237 0.339584 0.393155 2.31185e-05 
0.258265 0.636619 0.0990514 0.00606436 
0.498321 0.304418 0.067701 0.12956 
0.739093 0.0924135 0.168489 5.1405e-06 
0.401125 0.476081 0.112393 0.010402 
0.476823 0.420453 0.0911431 0.0115812 
0.229423 0.234075 0.535127 0.00137359 
0.285887 0.640793 0.0703063 0.00301383 
0.8845 0.0317291 0.0837384 3.23137e-05 
0.760876 0.112218 0.112047 0.0148584 
0.824928 0.120289 0.0439358 0.0108468 
0.599634 0.315246 0.080746 0.00437396 
0.0984229 0.875846 0.02045 0.00528134 
0.552808 0.33476 0.111228 0.00120377 
0.232105 0.707518 0.059205 0.0011727 
0.0533569 0.0224617 0.00486165 0.91932 
0.141545 0.641821 0.216579 5.51228e-05 
0.143049 0.83032 0.0265303 0.000101376 
0.678193 0.252784 0.0621247 0.00689884 
0.764168 0.168061 0.0670099 0.000761274 
0.0533569 0.0224617 0.00486165 0.91932 
0.616297 0.273883 0.108263 0.00155618 
0.0533569 0.0224617 0.00486165 0.91932 
0.268716 0.605185 0.125894 0.000204825 
0.271498 0.623745 0.100964 0.00379323 
0.180837 0.707554 0.105194 0.00641521 
0.193206 0.667446 0.134777 0.0045701 
0.877925 0.0392025 0.0824141 0.000458825 
0.578194 0.30552 0.109268 0.00701771 
0.836412 0.0926131 0.0695996 0.00137529 
0.43351 0.218778 0.00244559 0.345266 
0.231014 0.0406477 0.728062 0.000276815 
0.278728 0.240167 0.480962 0.000142806 
0.196245 0.129994 0.668079 0.00568222 
0.143239 0.79561 0.0221491 0.039002 
0.914356 0.0402112 0.0320644 0.0133687 
0.875354 0.0533304 0.0705497 0.000765464 
0.56559 0.351082 0.076738 0.00659042 
0.203055 0.745259 0.0488982 0.00278785 
0.0533569 0.0224617 0.00486165 0.91932 
0.274136 0.527314 0.186133 0.0124165 
0.39759 0.511066 0.0753428 0.0160014 
0.144493 0.774887 0.0453148 0.0353052 
0.223 0.707999 0.0688465 0.000154776 
0.711734 0.176298 0.109783 0.00218568 
0.445982 0.289287 0.257112 0.00761954 
0.383596 0.466001 0.14393 0.00647263 
0.552785 0.149327 0.259062 0.0388254 
0.198835 0.697144 0.0963304 0.0076902 
0.114499 0.528659 0.348406 0.00843554 
0.430511 0.373288 0.185098 0.0111027 
0.645399 0.283346 0.0399157 0.0313393 
0.318426 0.283632 0.393973 0.00396925 
0.720064 0.147185 0.130616 0.00213453 
0.749395 0.127935 0.114776 0.00789436 
0.396536 0.526185 0.0771669 0.000112038 
0.494976 0.324121 0.0922207 0.0886823 
0.805814 0.103143 0.0583781 0.0326648 
0.561431 0.310245 0.115725 0.0125992 
0.251619 0.349875 0.389419 0.009087 
0.491628 0.253764 0.238715 0.0158926 
0.840451 0.0846318 0.0203378 0.0545798 
0.884734 0.0485686 0.0655488 0.00114892 
0.0533569 0.0224617 0.00486165 0.91932 
0.0533569 0.0224617 0.00486165 0.91932 
0.847613 0.0825119 0.0615006 0.00837476 
0.0533569 0.0224617 0.00486165 0.91932 
0.875569 0.0633969 0.0602966 0.00073759 
0.510559 0.311633 0.0482405 0.129567 
0.379812 0.557451 0.0587148 0.00402129 
0.5836 0.363693 0.0272526 0.0254542 
0.168346 0.27525 0.555218 0.00118583 
0.341636 0.474435 0.174519 0.00941035 
0.455468 0.264773 0.277615 0.00214412 
0.0579374 0.809321 0.132725 1.68761e-05 
0.451131 0.444055 0.103428 0.00138614 
0.310779 0.594594 0.0934385 0.00118804 
0.0533569 0.0224617 0.00486165 0.91932 
0.0533569 0.0224617 0.00486165 0.91932 
0.501091 0.38206 0.115068 0.00178118 
0.0329451 0.898639 0.0683814 3.478e-05 
0.311497 0.644495 0.0438339 0.00017327 
0.596053 0.348864 0.0437058 0.0113778 
0.375128 0.10548 0.515433 0.00395828 
0.0533569 0.0224617 0.00486165 0.91932 
0.729864 0.186999 0.0780636 0.00507311 
0.0533569 0.0224617 0.00486165 0.91932 
0.157073 0.815027 0.0228462 0.0050535 
0.774028 0.139055 0.077265 0.00965178 
0.543087 0.387196 0.0666184 0.00309868 
0.143239 0.79561 0.0221491 0.039002 
0.228497 0.628272 0.139608 0.00362258 
0.101497 0.785296 0.112956 0.000251612 
0.707027 0.205696 0.0725736 0.0147033 
0.861155 0.0738044 0.0462328 0.0188076 
0.257634 0.0906332 0.621035 0.0306984 
0.560415 0.286553 0.133059 0.0199731 
0.769407 0.18026 0.0479619 0.00237074 
0.204558 0.624181 0.168466 0.00279564 
0.0533569 0.0224617 0.00486165 0.91932 
0.272236 0.3626 0.365026 0.000138259 
0.429216 0.212661 0.355763 0.0023604 
0.479822 0.481532 0.0377653 0.00088082 
0.642959 0.171466 0.159206 0.026369 
0.565642 0.304961 0.0878723 0.0415249 
0.239858 0.726386 0.0237874 0.00996861 
0.205015 0.759311 0.0326838 0.00299074 
0.343203 0.151537 0.505176 8.38081e-05 
0.686921 0.202657 0.108655 0.00176725 
0.856359 0.0834611 0.0380917 0.0220887 
0.172167 0.814016 0.0138097 6.7722e-06 
0.387011 0.289797 0.311784 0.0114082 
0.650736 0.140831 0.197953 0.0104805 
0.509427 0.408088 0.0775081 0.00497651 
0.625694 0.360393 0.0130934 0.000819613 
0.32608 0.166048 0.503399 0.0044739 
0.632803 0.306674 0.0519217 0.00860126 
0.204296 0.617723 0.176797 0.00118373 
0.727407 0.179896 0.0878118 0.00488584 
0.747935 0.159431 0.0774198 0.0152141 
0.0533569 0.0224617 0.00486165 0.91932 
0.884734 0.0485686 0.0655488 0.00114892 
0.0533569 0.0224617 0.00486165 0.91932 
0.582833 0.307684 0.016402 0.0930805 
0.0750177 0.310833 0.613055 0.00109386 
0.820481 0.101615 0.0659573 0.0119465 
0.503773 0.322836 0.169975 0.00341658 
0.365303 0.369743 0.156518 0.108436 
0.769821 0.0520793 0.162248 0.0158515 
0.727379 0.195794 0.0694361 0.00739026 
0.683699 0.201052 0.114776 0.00047363 
0.0533569 0.0224617 0.00486165 0.91932 
0.0218852 0.015309 0.957731 0.00507463 
0.0218852 0.015309 0.957731 0.00507463 
0.069876 0.866966 0.0596225 0.00353579 
0.579105 0.340224 0.078154 0.0025176 
0.803548 0.142102 0.052769 0.00158114 
0.865917 0.0634845 0.0671329 0.00346583 
0.278739 0.672435 0.0463288 0.00249741 
0.448809 0.458826 0.0922993 6.61415e-05 
0.535021 0.404937 0.0593657 0.000677072 
0.198477 0.106679 0.694821 2.28726e-05 
0.106944 0.846409 0.0359329 0.0107149 
0.592883 0.307486 0.0941177 0.00551345 
0.297845 0.644907 0.0564281 0.000819798 
0.130348 0.729178 0.118073 0.0224014 
0.95271 0.0147541 0.0314464 0.00108965 
0.554501 0.314208 0.128276 0.00301465 
0.0533569 0.0224617 0.00486165 0.91932 
0.713598 0.204093 0.0510539 0.031255 
0.917001 0.0314871 0.0183021 0.0332098 
0.184721 0.795225 0.0199701 8.36693e-05 
0.610681 0.138939 0.24255 0.00783019 
0.697728 0.197746 0.0466627 0.057863 
0.876948 0.0626132 0.0600718 0.00036682 
0.767059 0.160956 0.0627884 0.00919652 
0.408782 0.371273 0.21977 0.000174313 
0.337281 0.583035 0.078974 0.000710207 
0.196747 0.622461 0.174504 0.00628924 
0.681868 0.233504 0.067151 0.0174771 
0.756785 0.13985 0.102432 0.000933168 
0.750831 0.214463 0.0308311 0.00387482 
0.650268 0.251531 0.0869131 0.011287 
0.0533569 0.0224617 0.00486165 0.91932 
0.64886 0.144707 0.0432185 0.163214 
0.242151 0.721696 0.0213877 0.0147658 
0.322515 0.560225 0.105121 0.0121391 
0.7244 0.220042 0.0550264 0.000531521 
0.888636 0.0533963 0.0430515 0.0149165 
0.685467 0.165618 0.148727 0.000187132 
0.667754 0.172983 0.155013 0.00425092 
0.25841 0.66535 0.0759405 0.000299369 
0.549263 0.303047 0.0576248 0.090065 
0.571631 0.285599 0.120724 0.0220459 
0.0421282 0.0642156 0.890404 0.0032521 
0.715296 0.128334 0.137089 0.0192807 
0.493227 0.474286 0.02874 0.00374724 
0.461111 0.287537 0.248899 0.00245229 
0.2295 0.659902 0.110507 9.08253e-05 
0.771033 0.0680712 0.142813 0.0180829 
0.0533569 0.0224617 0.00486165 0.91932 
0.679113 0.214097 0.0555103 0.0512796 
0.714417 0.216269 0.0692193 9.5376e-05 
0.710147 0.0882297 0.199687 0.00193635 
0.584512 0.242957 0.161992 0.0105388 
0.417748 0.152697 0.429522 3.25976e-05 
0.226433 0.0952341 0.67396 0.00437284 
0.0533569 0.0224617 0.00486165 0.91932 
0.243311 0.406602 0.345707 0.00437979 
0.66035 0.0827994 0.113059 0.143792 
0.820632 0.0886159 0.0653427 0.0254093 
0.44565 0.475065 0.0547733 0.0245108 
0.768057 0.147077 0.0830496 0.00181636 
0.792852 0.140746 0.0636786 0.00272378 
0.589466 0.354333 0.0458574 0.0103444 
0.128399 0.815238 0.0562744 8.86902e-05 
0.0533569 0.0224617 0.00486165 0.91932 
0.608966 0.269569 0.110837 0.0106269 
0.0500571 0.769948 0.178495 0.00150049 
0.541647 0.424816 0.0326938 0.00084373 
0.717159 0.190166 0.0754307 0.0172438 
0.8491 0.0794784 0.0708114 0.000609699 
0.181697 0.0223631 0.795007 0.000932239 
0.782153 0.121121 0.0861258 0.0106008 
0.0533569 0.0224617 0.00486165 0.91932 
0.260535 0.580119 0.159063 0.000283238 
0.0533569 0.0224617 0.00486165 0.91932 
0.401125 0.476081 0.112393 0.010402 
0.67299 0.233168 0.0891399 0.00470208 
0.797303 0.0750259 0.127614 5.79393e-05 
0.0533569 0.0224617 0.00486165 0.91932 
0.594057 0.299354 0.104899 0.00169076 
0.0533569 0.0224617 0.00486165 0.91932 
0.563269 0.389245 0.0474688 1.72947e-05 
0.752879 0.177564 0.0693357 0.0002214 
0.33833 0.57595 0.0518913 0.0338291 
0.0533569 0.0224617 0.00486165 0.91932 
0.451683 0.424771 0.117749 0.00579634 
0.561119 0.218532 0.19092 0.029429 
0.696271 0.179055 0.118838 0.0058361 
0.148837 0.761223 0.0853914 0.00454855 
0.0533569 0.0224617 0.00486165 0.91932 
0.789213 0.112571 0.0924326 0.00578319 
0.401125 0.476081 0.112393 0.010402 
0.715609 0.149272 0.0794865 0.0556321 
0.699764 0.204266 0.0665051 0.0294643 
0.79433 0.110266 0.0941744 0.00122884 
0.729226 0.224474 0.0381759 0.0081239 
0.73564 0.137218 0.118709 0.00843298 
0.244731 0.545491 0.209647 0.000131783 
0.156187 0.701599 0.138833 0.0033815 
0.142066 0.372582 0.482392 0.00295979 
0.812953 0.0378356 0.148672 0.000539379 
0.686921 0.202657 0.108655 0.00176725 
0.378626 0.5413 0.0679131 0.0121604 
0.40041 0.494838 0.102899 0.0018525 
0.371655 0.325909 0.299918 0.00251752 
0.233718 0.730758 0.0332333 0.00229015 
0.194916 0.756953 0.0433246 0.00480637 
0.0899609 0.903254 0.00538036 0.00140486 
0.366724 0.494278 0.121426 0.0175723 
0.837903 0.0310186 0.123249 0.00782937 
0.54858 0.378524 0.0693952 0.00350089 
0.2469 0.262315 0.4808 0.00998482 
0.221787 0.0989296 0.678749 0.000534405 
0.489573 0.216165 0.283955 0.0103071 
0.728662 0.17014 0.0464287 0.0547684 
0.294507 0.368656 0.102526 0.234312 
0.171352 0.143743 0.683578 0.00132603 
0.658997 0.167837 0.170837 0.00232926 
0.88058 0.0596331 0.0593242 0.000462959 
0.634723 0.27941 0.0574714 0.0283948 
0.574148 0.307542 0.0393449 0.0789656 
0.445765 0.348034 0.188816 0.0173846 
0.264963 0.520366 0.187741 0.0269304 
0.575698 0.24708 0.177201 2.08225e-05 
0.15638 0.640115 0.203498 7.17807e-06 
0.235711 0.109955 0.650285 0.00404889 
0.704257 0.0621406 0.21647 0.0171331 
0.33802 0.596832 0.064765 0.000382466 
0.561781 0.167908 0.270136 0.000174882 
0.0533569 0.0224617 0.00486165 0.91932 
0.535236 0.363598 0.0621878 0.0389779 
0.501745 0.287771 0.146359 0.0641252 
0.398685 0.247122 0.353929 0.000264055 
0.510559 0.311633 0.0482405 0.129567 
0.662241 0.150154 0.183787 0.00381803 
0.907522 0.0247339 0.0673289 0.000414907 
0.386098 0.506969 0.0955794 0.011354 
0.713145 0.151065 0.0912805 0.0445092 
0.530279 0.299378 0.169883 0.000460481 
0.469602 0.315446 0.207832 0.00711973 
0.447887 0.380997 0.168986 0.00212969 
0.719036 0.180551 0.0534796 0.0469334 
0.162916 0.165226 0.671785 7.27083e-05 
0.423525 0.196474 0.0994958 0.280505 
0.625082 0.329752 0.0327076 0.0124586 
0.226565 0.682415 0.0884252 0.0025944 
0.829571 0.118846 0.0505052 0.00107813 
0.546324 0.427097 0.0265004 7.83663e-05 
0.455479 0.377183 0.1673 3.73676e-05 
0.478874 0.426703 0.0939831 0.000439607 
0.744785 0.177845 0.063101 0.0142696 
0.587014 0.349208 0.0633656 0.000412133 
0.309311 0.124058 0.565571 0.00106023 
0.544568 0.399539 0.0398399 0.0160533 
0.738918 0.154295 0.097147 0.0096403 
0.362972 0.54149 0.095505 3.2613e-05 
0.724288 0.151654 0.067886 0.0561714 
0.439372 0.382465 0.0972487 0.0809138 
0.337594 0.632636 0.029483 0.000286559 
0.637027 0.253938 0.0841843 0.0248501 
0.357566 0.569615 0.0721598 0.000658985 
0.401515 0.559093 0.0386047 0.000787676 
0.297181 0.591942 0.11017 0.000706924 
0.55691 0.28626 0.0352005 0.121629 
0.139958 0.10016 0.759211 0.000670384 
0.0533569 0.0224617 0.00486165 0.91932 
0.241354 0.583398 0.171934 0.00331348 
0.299387 0.515403 0.184902 0.000307931 
0.0984229 0.875846 0.02045 0.00528134 
0.120383 0.0353262 0.844266 2.41577e-05 
0.858315 0.0687142 0.0546449 0.0183264 
0.747249 0.12567 0.126537 0.000544152 
0.48297 0.0890787 0.427719 0.000232186 
0.686921 0.202657 0.108655 0.00176725 
0.618281 0.326764 0.0472008 0.0077537 
0.263311 0.69676 0.0393892 0.000539891 
0.68442 0.240934 0.0694408 0.00520522 
0.158965 0.744303 0.0966778 5.50286e-05 
0.560002 0.362736 0.074012 0.00325004 
0.881519 0.0412644 0.0757991 0.00141724 
0.17795 0.615636 0.206178 0.00023527 
0.0895352 0.891704 0.00545507 0.0133052 
0.638522 0.28751 0.0676378 0.00632978 
0.176872 0.738021 0.0847755 0.000331328 
0.831971 0.0778377 0.0879625 0.00222842 
0.582708 0.310838 0.0917471 0.0147069 
0.357597 0.374403 0.267426 0.000573811 
0.106944 0.846409 0.0359329 0.0107149 
0.204962 0.671797 0.11459 0.00865199 
0.0855837 0.858848 0.0530198 0.00254828 
0.268032 0.603069 0.128843 5.5108e-05 
0.456901 0.447306 0.0289963 0.0667965 
0.179779 0.0723536 0.747721 0.000146397 
0.186666 0.748161 0.0650544 0.000118289 
0.386098 0.506969 0.0955794 0.011354 
0.177479 0.103088 0.71942 1.30155e-05 
0.661364 0.234877 0.0475908 0.0561685 
0.298971 0.137876 0.55432 0.00883278 
0.686168 0.226717 0.0794935 0.00762118 
0.602663 0.120943 0.275983 0.000410866 
0.911785 0.0526553 0.0354663 9.31805e-05 
0.205289 0.683215 0.105041 0.0064548 
0.488884 0.373851 0.135785 0.00147987 
0.835391 0.0748587 0.0698226 0.0199282 
0.165132 0.0602994 0.773137 0.00143222 
0.0533569 0.0224617 0.00486165 0.91932 
0.45843 0.410422 0.129904 0.00124397 
0.716132 0.151139 0.0816904 0.0510393 
0.1397 0.019909 0.840214 0.000176869 
0.285156 0.597037 0.0667683 0.0510388 
0.0180354 0.0118751 0.964404 0.00568498 
0.0533569 0.0224617 0.00486165 0.91932 
0.188436 0.0422587 0.769065 0.000240117 
0.602724 0.288479 0.0902929 0.0185033 
0.0533569 0.0224617 0.00486165 0.91932 
0.774836 0.128017 0.0971082 3.88461e-05 
0.332403 0.161074 0.238587 0.267937 
0.26511 0.0993448 0.633056 0.00248913 
0.307475 0.614855 0.0748181 0.00285199 
0.513531 0.43849 0.0275555 0.0204239 
0.290649 0.167122 0.541839 0.000390974 
0.120375 0.828321 0.0509961 0.000307592 
0.634116 0.300203 0.0526195 0.013062 
0.36264 0.178243 0.455726 0.00339088 
0.815973 0.0920817 0.0311628 0.0607824 
0.0533569 0.0224617 0.00486165 0.91932 
0.36585 0.558745 0.0718546 0.00355025 
0.400454 0.32467 0.26944 0.0054365 
0.763866 0.143515 0.0912491 0.00137008 
0.508452 0.281728 0.146156 0.063663 
0.508452 0.281728 0.146156 0.063663 
0.366048 0.354724 0.278255 0.000973142 
0.291518 0.5657 0.142552 0.000230102 
0.755034 0.144568 0.100104 0.000294078 
0.36203 0.208173 0.254025 0.175772 
0.734717 0.089985 0.162597 0.0127011 
0.556451 0.119843 0.292597 0.0311089 
0.506714 0.260249 0.0428546 0.190183 
0.464273 0.414131 0.121423 0.000172525 
0.759906 0.139875 0.0968953 0.00332379 
0.106944 0.846409 0.0359329 0.0107149 
0.386098 0.506969 0.0955794 0.011354 
0.31322 0.624494 0.0575348 0.00475107 
0.772853 0.129907 0.0515362 0.0457035 
0.763146 0.103746 0.129212 0.00389574 
0.277267 0.474289 0.238168 0.0102755 
0.32047 0.356281 0.302914 0.0203339 
0.478728 0.45823 0.0624716 0.000571344 
0.250258 0.715577 0.0339034 0.000261746 
0.639602 0.32769 0.0322379 0.000469579 
0.499841 0.326892 0.0357422 0.137525 
0.0533569 0.0224617 0.00486165 0.91932 
0.386098 0.506969 0.0955794 0.011354 
0.0502116 0.926115 0.0115617 0.0121113 
0.631704 0.227978 0.132784 0.00753371 
0.0533569 0.0224617 0.00486165 0.91932 
0.229689 0.752727 0.0175721 1.20178e-05 
0.208474 0.0829665 0.103356 0.605203 
0.617098 0.305248 0.0713965 0.00625827 
0.658308 0.266026 0.0597415 0.015925 
0.393075 0.497459 0.0333831 0.0760825 
0.66277 0.273814 0.0573473 0.00606925 
0.174826 0.72301 0.100892 0.00127189 
0.0370353 0.0220937 0.0172795 0.923592 
0.533704 0.340306 0.120108 0.00588251 
0.343844 0.544247 0.111715 0.00019452 
0.635429 0.228422 0.136075 7.30129e-05 
0.594573 0.314277 0.0873845 0.00376581 
0.801996 0.128642 0.0587034 0.0106578 
0.201459 0.659091 0.138755 0.000695233 
0.46407 0.455071 0.0720913 0.00876808 
0.454078 0.458903 0.059143 0.0278757 
0.767735 0.126808 0.0398353 0.0656218 
0.56897 0.0922403 0.157431 0.181359 
0.779933 0.142788 0.0491129 0.0281659 
0.0533569 0.0224617 0.00486165 0.91932 
0.261696 0.23746 0.49896 0.00188421 
0.0180354 0.0118751 0.964404 0.00568498 
0.330238 0.423554 0.246156 5.32592e-05 
0.227413 0.722338 0.0451178 0.00513056 
0.367941 0.547921 0.0839037 0.000233916 
0.449419 0.454609 0.0934412 0.00253071 
0.295331 0.146269 0.0311681 0.527232 
0.0533569 0.0224617 0.00486165 0.91932 
0.79602 0.136404 0.0653289 0.00224692 
0.0533569 0.0224617 0.00486165 0.91932 
0.533612 0.302758 0.155002 0.0086275 
0.328199 0.458845 0.20035 0.0126058 
0.571022 0.188368 0.240056 0.000553925 
0.0533569 0.0224617 0.00486165 0.91932 
0.675242 0.251119 0.0539907 0.019648 
0.685467 0.165618 0.148727 0.000187132 
0.705776 0.251274 0.032912 0.0100385 
0.918864 0.0461332 0.0325914 0.00241087 
0.168511 0.182637 0.64831 0.000542414 
0.653478 0.166279 0.180015 0.000228006 
0.281869 0.198066 0.519952 0.000113537 
0.645867 0.285318 0.0626818 0.00613362 
0.269769 0.700164 0.0295654 0.000501758 
0.106944 0.846409 0.0359329 0.0107149 
0.788964 0.156335 0.0517921 0.00290919 
0.673668 0.154852 0.171332 0.000148449 
0.114396 0.853568 0.0317755 0.00026022 
0.289206 0.539195 0.169928 0.00167073 
0.687748 0.115088 0.197127 3.64744e-05 
0.204296 0.617723 0.176797 0.00118373 
0.279525 0.228093 0.484916 0.0074658 
0.703677 0.180118 0.0771945 0.0390109 
0.715642 0.0883923 0.195653 0.000312626 
0.446055 0.501329 0.0522014 0.000414774 
0.690374 0.20313 0.0606746 0.0458216 
0.0533569 0.0224617 0.00486165 0.91932 
0.306126 0.0953594 0.598477 3.76768e-05 
0.525008 0.36546 0.0987264 0.0108056 
0.306541 0.174205 0.0573423 0.461912 
0.253069 0.0944536 0.652434 4.3524e-05 
0.685801 0.263165 0.0510277 6.18721e-06 
0.876619 0.0592018 0.0292825 0.0348969 
0.174642 0.766928 0.0448004 0.0136305 
0.107375 0.703351 0.189232 4.11975e-05 
0.876619 0.0592018 0.0292825 0.0348969 
0.673129 0.172098 0.154313 0.000460397 
0.269947 0.322805 0.37333 0.0339175 
0.56189 0.340033 0.0892016 0.00887521 
0.0578617 0.0219504 0.919269 0.00091882 
0.521475 0.313991 0.163203 0.0013318 
0.359853 0.253191 0.342184 0.0447719 
0.365016 0.222763 0.411109 0.00111268 
0.510559 0.311633 0.0482405 0.129567 
0.128708 0.794278 0.0769514 6.2839e-05 
0.83417 0.130308 0.0163831 0.0191388 
0.664948 0.267754 0.0423817 0.0249158 
0.218655 0.711816 0.0408425 0.0286866 
0.901362 0.0536375 0.0380636 0.00693735 
0.799751 0.0737897 0.122758 0.00370072 
0.0533569 0.0224617 0.00486165 0.91932 
0.0218852 0.015309 0.957731 0.00507463 
0.609603 0.310717 0.0581319 0.0215485 
0.0533569 0.0224617 0.00486165 0.91932 
0.0533569 0.0224617 0.00486165 0.91932 
0.711811 0.184511 0.101572 0.00210569 
0.241614 0.0336858 0.724012 0.000688127 
0.308507 0.181365 0.509918 0.000210534 
0.0533569 0.0224617 0.00486165 0.91932 
0.372585 0.0800333 0.544163 0.00321813 
0.159168 0.738393 0.101912 0.000527201 
0.907522 0.0247339 0.0673289 0.000414907 
0.620807 0.09789 0.27566 0.00564344 
0.451184 0.235963 0.310584 0.00226914 
0.0533569 0.0224617 0.00486165 0.91932 
0.0180354 0.0118751 0.964404 0.00568498 
0.378533 0.568504 0.0392864 0.0136772 
0.619904 0.277915 0.091264 0.0109173 
0.231541 0.739223 0.0286668 0.00056907 
0.68429 0.105634 0.210061 1.52306e-05 
0.377799 0.576466 0.033115 0.0126206 
0.277596 0.551985 0.14827 0.0221486 
0.806314 0.146337 0.0465232 0.000826164 
0.106944 0.846409 0.0359329 0.0107149 
0.65906 0.278201 0.0530053 0.00973335 
0.280935 0.673296 0.0447953 0.000973259 
0.588948 0.2876 0.123011 0.000441153 
0.144493 0.774887 0.0453148 0.0353052 
0.320199 0.608402 0.0708584 0.00053966 
0.749526 0.152608 0.0767817 0.021084 
0.756612 0.0906954 0.13359 0.0191026 
0.0533569 0.0224617 0.00486165 0.91932 
0.0578617 0.0219504 0.919269 0.00091882 
0.403136 0.530432 0.0644079 0.00202469 
0.674264 0.281087 0.0245636 0.0200862 
0.0533569 0.0224617 0.00486165 0.91932 
0.0533569 0.0224617 0.00486165 0.91932 
0.285844 0.653411 0.042502 0.018243 
0.347052 0.582002 0.0688468 0.00209932 
0.860753 0.0860544 0.0245497 0.0286429 
0.712626 0.217622 0.0697322 2.04636e-05 
0.111827 0.0759079 0.812265 3.6651e-07 
0.860637 0.104051 0.0318032 0.00350921 
0.825365 0.0985158 0.0692277 0.00689101 
0.148799 0.0176972 0.819799 0.0137047 
0.0885936 0.430721 0.480612 7.29648e-05 
0.0664818 0.887556 0.0455913 0.00037114 
0.0995789 0.631858 0.26822 0.000342661 
0.476399 0.447664 0.0285969 0.0473397 
0.0180354 0.0118751 0.964404 0.00568498 
0.285844 0.653411 0.042502 0.018243 
0.663473 0.236806 0.0945284 0.00519273 
0.745346 0.144202 0.0742128 0.0362398 
0.183669 0.763169 0.0486044 0.0045576 
0.523186 0.23845 0.147341 0.0910233 
0.538093 0.318592 0.143013 0.000301672 
0.758371 0.0547116 0.164456 0.0224607 
0.792565 0.117343 0.0373909 0.0527012 
0.0218852 0.015309 0.957731 0.00507463 
0.139958 0.82616 0.0258954 0.00798705 
0.672049 0.193739 0.126094 0.00811797 
0.662927 0.205427 0.12823 0.00341587 
0.0533569 0.0224617 0.00486165 0.91932 
0.266323 0.109219 0.623843 0.000614696 
0.503785 0.434148 0.0613067 0.000759994 
0.790625 0.0474058 0.161878 9.14032e-05 
0.175783 0.741019 0.0687136 0.0144848 
0.827724 0.059205 0.113002 6.89083e-05 
0.393509 0.469857 0.127301 0.00933254 
0.276661 0.0478373 0.675237 0.000265457 
0.0533569 0.0224617 0.00486165 0.91932 
0.106944 0.846409 0.0359329 0.0107149 
0.150759 0.523391 0.0537115 0.272138 
0.0218852 0.015309 0.957731 0.00507463 
0.595076 0.301827 0.096528 0.00656928 
0.560289 0.314155 0.123178 0.00237842 
0.600623 0.276594 0.121751 0.00103191 
0.779724 0.120444 0.0958931 0.0039394 
0.707733 0.13663 0.13021 0.0254265 
0.685132 0.243852 0.0707088 0.0003069 
0.495411 0.273375 0.22802 0.00319398 
0.383262 0.489625 0.121775 0.00533831 
0.668536 0.30741 0.0144769 0.00957676 
0.571608 0.00951006 0.418881 8.25407e-07 
0.915963 0.0316386 0.0523648 3.33002e-05 
0.383368 0.559556 0.0562925 0.000784004 
0.789213 0.112571 0.0924326 0.00578319 
0.781442 0.151501 0.0357542 0.0313036 
0.0533569 0.0224617 0.00486165 0.91932 
0.243179 0.355098 0.09574 0.305983 
0.314333 0.507357 0.0712136 0.107097 
0.182846 0.750648 0.0561846 0.0103214 
0.35838 0.576446 0.0650432 0.000130897 
0.703629 0.191369 0.0890427 0.0159588 
0.242954 0.692509 0.0644561 8.11932e-05 
0.831101 0.0808207 0.0798011 0.00827766 
0.0533569 0.0224617 0.00486165 0.91932 
0.683195 0.245117 0.0705714 0.00111672 
0.770834 0.153183 0.0639592 0.0120233 
0.767955 0.122112 0.108973 0.000959022 
0.781724 0.11556 0.082147 0.0205693 
0.800259 0.125286 0.0610849 0.0133706 
0.418756 0.500298 0.0517288 0.0292164 
0.393946 0.53011 0.0737796 0.002164 
0.277804 0.616108 0.0865055 0.0195824 
0.523883 0.322301 0.147214 0.00660226 
0.529485 0.103005 0.0415056 0.326005 
0.0218852 0.015309 0.957731 0.00507463 
0.627421 0.300395 0.0495847 0.022599 
0.79796 0.0931377 0.106135 0.00276748 
0.617019 0.274188 0.106869 0.001924 
0.526686 0.358552 0.0919149 0.0228471 
0.0180354 0.0118751 0.964404 0.00568498 
0.536651 0.232444 0.0467246 0.18418 
0.590829 0.348154 0.0577302 0.00328658 
0.673399 0.233093 0.0798946 0.0136137 
0.0533569 0.0224617 0.00486165 0.91932 
0.0533569 0.0224617 0.00486165 0.91932 
0.542886 0.391426 0.0552023 0.0104853 
0.136673 0.823638 0.0233095 0.0163789 
0.798685 0.106176 0.0926653 0.00247366 
0.680338 0.116536 0.130521 0.072604 
0.608221 0.274424 0.0313528 0.0860021 
0.453924 0.433589 0.100174 0.0123129 
0.438413 0.533374 0.022043 0.00617087 
0.509918 0.423521 0.0599405 0.00662059 
0.563526 0.358436 0.0739892 0.00404868 
0.436603 0.543122 0.0202544 2.05788e-05 
0.56815 0.238048 0.186223 0.00758014 
0.333195 0.582337 0.0821133 0.00235397 
0.0533569 0.0224617 0.00486165 0.91932 
0.225851 0.722715 0.0494656 0.00196898 
0.0533569 0.0224617 0.00486165 0.91932 
0.433649 0.434471 0.0346572 0.0972227 
0.694758 0.205823 0.09458 0.00483903 
0.336086 0.420435 0.242461 0.00101877 
0.242954 0.692509 0.0644561 8.11932e-05 
0.302093 0.580152 0.100417 0.017338 
0.117243 0.810613 0.0648127 0.00733147 
0.106944 0.846409 0.0359329 0.0107149 
0.294798 0.568354 0.125621 0.0112274 
0.271376 0.65752 0.0669451 0.00415803 
0.646235 0.265428 0.0793686 0.00896827 
0.585524 0.370578 0.041837 0.00206092 
0.323416 0.584283 0.0898844 0.00241754 
0.62783 0.272786 0.0928905 0.00649357 
0.584586 0.174281 0.218834 0.0222996 
0.270483 0.128254 0.598639 0.00262397 
0.13309 0.813892 0.052925 9.31077e-05 
0.676559 0.103361 0.208716 0.0113637 
0.0987479 0.0914078 0.809139 0.00070544 
0.24657 0.186349 0.567031 5.03955e-05 
0.755335 0.145583 0.0971295 0.0019525 
0.0533569 0.0224617 0.00486165 0.91932 
0.222195 0.407093 0.370366 0.000345355 
0.371503 0.585575 0.038069 0.00485252 
0.164734 0.372808 0.0282944 0.434164 
0.707826 0.23457 0.0507994 0.00680483 
0.0533569 0.0224617 0.00486165 0.91932 
0.301551 0.100385 0.596859 0.00120459 
0.612534 0.273047 0.0737936 0.0406256 
0.54858 0.378524 0.0693952 0.00350089 
0.423129 0.468904 0.095117 0.01285 
0.29764 0.636786 0.0573143 0.00826046 
0.0533569 0.0224617 0.00486165 0.91932 
0.0885936 0.430721 0.480612 7.29648e-05 
0.587685 0.302543 0.0971736 0.0125983 
0.257471 0.629673 0.112769 8.70633e-05 
0.54311 0.284461 0.171734 0.000695294 
0.857908 0.0533851 0.086041 0.00266555 
0.283619 0.249582 0.464049 0.00275046 
0.414636 0.185792 0.388925 0.0106477 
0.861655 0.0837521 0.0512853 0.00330734 
0.516417 0.361837 0.121733 1.26486e-05 
0.0533569 0.0224617 0.00486165 0.91932 
0.217612 0.280776 0.501557 5.44608e-05 
0.789213 0.112571 0.0924326 0.00578319 
0.232245 0.228527 0.537423 0.00180569 
0.614841 0.255857 0.121656 0.00764601 
0.343447 0.368635 0.0633304 0.224588 
0.442928 0.396237 0.160419 0.000415592 
0.355901 0.545849 0.0531364 0.0451137 
0.517692 0.367339 0.0961919 0.0187769 
0.689782 0.175063 0.106637 0.0285184 
0.437281 0.116239 0.444594 0.0018855 
0.0533569 0.0224617 0.00486165 0.91932 
0.707213 0.170937 0.114273 0.0075765 
0.235005 0.0403208 0.724625 4.96763e-05 
0.813322 0.112661 0.0712131 0.00280374 
0.0180354 0.0118751 0.964404 0.00568498 
0.803355 0.119525 0.0484798 0.0286402 
0.078729 0.316003 0.604066 0.00120122 
0.56864 0.258107 0.173092 0.00016094 
0.256422 0.684495 0.0590593 2.36283e-05 
0.438862 0.482639 0.0704166 0.00808225 
0.115385 0.141685 0.742742 0.000187845 
0.606853 0.228351 0.164629 0.000166441 
0.0533569 0.0224617 0.00486165 0.91932 
0.46667 0.464788 0.0552563 0.0132858 
0.0533569 0.0224617 0.00486165 0.91932 
0.390011 0.101505 0.505857 0.00262746 
0.614673 0.300596 0.0845614 0.000169182 
0.7244 0.220042 0.0550264 0.000531521 
0.59943 0.30021 0.0241738 0.0761862 
0.714839 0.156708 0.111482 0.0169706 
0.782525 0.183354 0.0125966 0.0215244 
0.494545 0.475174 0.0247678 0.00551341 
0.25471 0.218798 0.522426 0.00406686 
0.115251 0.105385 0.778635 0.000729489 
0.447339 0.391044 0.104906 0.056711 
0.174168 0.711172 0.114585 7.49733e-05 
0.150531 0.0422353 0.805938 0.00129549 
0.104367 0.0509439 0.844577 0.000112409 
0.667631 0.108499 0.223105 0.00076517 
0.568063 0.249624 0.152632 0.029681 
0.563795 0.376919 0.0566297 0.00265586 
0.106944 0.846409 0.0359329 0.0107149 
