0.441829 6.10731e-08 0.00292153 0.0160125 0.00153859 3.23342e-08 0.0128762 0.0836555 0.00259079 0.078163 2.41122e-08 5.80456e-08 0.0591499 0.0450675 1.16313e-07 0.0786847 3.23924e-07 1.52222e-06 0.000398798 0.0688089 0.00591772 0.0399859 0.00012772 5.19858e-05 0.0544618 0.00775547 
0.316943 3.792e-08 0.00178636 0.0110796 0.00576682 1.15335e-07 0.013418 0.00132408 0.00388026 0.116859 1.75892e-07 0.000412748 0.15053 0.0260292 0.00351082 0.0407422 0.000238274 0.00368612 0.000201378 0.0807481 0.0130681 0.0216912 0.000210241 0.00021876 0.145782 0.0418733 
0.468807 0.0107941 0.00033399 0.139505 2.58124e-06 4.6102e-08 0.00293771 0.0190593 0.0275165 0.0680261 3.00345e-09 1.62723e-05 0.0285064 0.0563625 0.00210845 0.103619 8.75325e-05 0.000709634 0.00126395 0.00617194 0.00787106 0.0483902 0.000395599 1.19443e-07 0.002309 0.0052056 
0.63019 4.05156e-08 8.27871e-05 0.00341965 3.67848e-06 0.00291535 0.00284176 0.00361678 0.00199651 0.0500032 0.00279266 0.00101878 0.0156468 0.00439785 9.98687e-08 0.02778 0.000637661 0.00161061 4.50026e-06 0.107148 0.0346435 0.0709073 0.000400078 0.00115169 0.00371837 0.0330731 
0.815573 1.47553e-07 5.9311e-07 0.0167716 1.18837e-06 9.3175e-06 0.00357129 0.000428416 8.54022e-05 0.024811 1.21266e-08 0.000847982 0.00122397 0.0294654 8.25596e-06 0.00252847 0.00018405 0.0419348 0.00125717 0.00375351 0.00242844 0.0471349 0.00527 5.35709e-07 0.00124897 0.00146199 
0.475187 1.16024e-05 0.00211233 0.00246593 0.000348368 0.000486303 0.0104385 0.0441534 0.00450735 0.122129 7.12891e-08 8.64326e-12 0.0612499 0.0102172 0.0122311 0.0529196 1.97854e-06 0.000201889 0.000746296 0.148782 0.00360862 0.0206505 0.0001248 4.23021e-05 0.0235858 0.00379826 
0.740946 0.000122382 0.00344265 0.00337941 0.019297 1.05577e-06 0.00338022 0.000373227 0.00767658 0.0432223 1.14585e-06 2.47654e-06 0.00909428 0.024556 0.000364812 0.0080426 3.76099e-07 0.00736631 0.00129798 0.0348444 0.000853806 0.000129057 9.78104e-06 0.003595 0.0844926 0.00350818 
0.244697 5.64101e-08 9.21856e-06 0.0304242 0.00254235 0.000143 0.0357056 0.0265237 0.0784151 0.0540909 1.05791e-09 0.000280914 0.0982894 0.00418327 0.000179911 0.202087 3.89572e-06 0.000314549 2.02648e-09 0.181403 0.00401875 0.0272453 9.23773e-06 2.6259e-07 0.00710021 0.00233265 
0.353662 6.09226e-06 6.4128e-06 0.00108528 2.55766e-05 0.34265 0.0462238 0.00087439 0.0056547 0.0106082 0.00162382 0.00147086 0.0134597 0.00993237 0.00533088 0.0588764 6.79253e-06 3.31943e-05 1.07171e-05 0.044254 0.00233883 0.00766636 1.9368e-05 0.0368319 0.0467027 0.010646 
0.548471 1.27161e-09 0.000217016 0.00448953 0.000337565 8.27423e-08 0.00179202 0.00565002 0.0017691 0.144282 8.61139e-07 5.97599e-05 0.103207 0.00658142 5.27395e-08 0.0256871 0.000151266 0.022485 6.20356e-05 0.0671014 0.0051103 0.00302987 0.000126505 1.16684e-06 0.058745 0.000643681 
0.940859 2.05347e-10 1.32248e-06 1.73958e-06 0.00644844 3.18992e-10 0.00135492 0.00405879 2.81369e-07 0.000599773 1.35021e-10 0.00010403 2.35214e-07 5.55373e-07 2.19788e-07 2.08196e-08 1.79652e-10 2.04134e-10 2.85162e-07 0.0276421 0.000346662 1.38984e-07 3.44642e-11 4.84954e-07 0.000224183 0.0183569 
0.356303 3.88065e-07 0.0379321 0.0110364 0.0254643 2.09683e-06 0.000255731 0.000388812 0.00106844 0.142043 1.01576e-08 1.40596e-06 0.0351826 0.0169224 1.90879e-06 0.00375577 1.88804e-05 0.00587204 9.49315e-05 0.00121764 0.00954547 0.00151503 0.0918821 0.000480559 0.256945 0.00207 
0.344775 3.8542e-07 3.85637e-07 0.00625352 0.0473646 3.85041e-07 0.0160176 0.0271767 0.00455428 0.0554 3.85656e-07 0.00231445 0.0277963 0.0666662 3.85815e-07 0.0100379 0.00127255 0.00724636 0.0705767 0.23581 0.0421904 3.85882e-07 0.0185279 3.85396e-07 0.0138158 0.00220081 
0.259922 0.000466772 0.000159756 0.00463171 0.00196537 7.66364e-06 0.0124757 0.0139622 0.0102869 0.21133 6.41831e-05 0.00052355 0.0499479 0.0141805 0.0104032 0.0770297 1.70551e-05 0.00457111 0.00183467 0.219065 0.0269681 0.00442955 2.24257e-05 6.71389e-05 0.0284826 0.0471851 
0.561843 0.000648556 1.84538e-07 0.071734 0.0340587 4.05326e-10 0.000958496 0.0130225 0.0144543 0.0615828 2.3386e-07 0.000249593 0.0339631 0.037073 0.000280238 0.0324446 0.000113366 0.000596784 5.55032e-05 0.0232009 0.00395416 0.0335724 0.000499856 1.89994e-06 0.056149 0.0195427 
0.40698 1.33653e-05 0.000598068 0.0215232 2.54648e-05 4.92281e-09 0.0403158 0.000921736 0.00567304 0.054569 2.0837e-09 0.00984476 0.142744 0.0139763 0.00442766 0.0886846 5.37506e-06 0.000252981 0.000133874 0.147772 0.011422 0.000868606 0.000261965 0.000120278 0.0101903 0.0386752 
0.289297 2.36432e-06 0.00112029 0.0029814 0.00100799 4.28646e-09 0.0013303 0.00159252 0.00703744 0.213193 3.59757e-05 9.57488e-05 0.149021 0.107738 0.000298771 0.0587591 0.000262448 0.0146422 0.00101257 0.00832652 0.0463566 0.00798958 0.0308785 0.000436705 0.0433106 0.0132738 
0.492293 0.0452147 0.00300562 0.0291286 0.00503687 4.85749e-07 0.0416955 2.29911e-06 0.000210069 0.0642711 8.63176e-06 0.00308908 0.0603122 0.0286581 0.000449538 0.0574348 5.13286e-07 0.000622011 4.06446e-06 0.111525 0.00681 0.010291 0.000219405 0.012252 0.000159856 0.0273057 
0.179382 7.6301e-05 0.0145486 0.00622124 0.00189876 0.00134795 0.0143153 0.0525368 0.0132901 0.104043 2.58977e-07 0.000976799 0.156425 0.0567464 0.000255836 0.179206 1.21279e-05 0.000274354 5.73609e-06 0.120402 0.0500752 0.00952301 0.000120818 3.87807e-05 0.00806398 0.0302131 
0.383111 0.000201421 9.98361e-06 0.0515827 0.0021606 0.000175896 0.0532109 0.0212552 0.0049003 0.0438802 1.74988e-10 1.72691e-06 0.0141511 0.118672 0.000461251 0.0372588 0.00156097 0.0146005 0.000504739 0.0672907 0.0156438 0.159949 0.000316457 5.5931e-05 0.00487481 0.0041699 
0.72157 4.49726e-08 0.00014111 0.00276773 0.000122168 1.85652e-07 0.00108905 9.74891e-05 0.000808014 0.111684 1.10741e-10 6.00418e-09 0.00536442 0.0191192 1.22535e-05 0.0361616 1.97486e-06 8.543e-06 1.14548e-07 0.0118798 0.0653289 0.0067828 3.74722e-05 0.0098788 0.00263178 0.00451228 
0.510906 9.87227e-07 0.0148431 0.00268426 0.000687641 0.000862272 0.0410154 0.021114 0.00115797 0.0373097 0.00378422 2.16237e-05 0.0238472 0.0057988 0.00654886 0.111081 1.85886e-05 0.000718818 0.00899605 0.159555 0.00677225 0.00135285 3.25756e-05 0.001488 0.00468383 0.0347184 
0.994306 1.92317e-07 0.000407372 3.01613e-08 1.13384e-07 2.9875e-07 0.00122334 2.14865e-08 5.04148e-08 0.000789328 1.26453e-07 1.20369e-07 1.40043e-08 0.000298049 8.11323e-08 0.000386454 1.68253e-07 1.91181e-07 2.42228e-07 0.00181664 2.84334e-08 6.19309e-08 3.26001e-06 1.9912e-07 0.000767855 1.80825e-08 
0.339884 0.00108001 0.00254399 0.00316294 0.00868429 8.82385e-09 0.0121817 0.0105548 0.000453997 0.0380742 3.73491e-09 3.47577e-06 0.0096442 0.017029 0.00130355 0.0429709 0.000134068 0.00214535 1.97894e-06 0.176105 0.00607065 0.00115081 0.000402799 2.70238e-06 0.307305 0.0191106 
0.706318 1.1917e-07 2.48113e-05 0.00943088 0.0156891 2.94084e-05 0.00493844 0.0279532 0.00891973 0.0657277 9.08686e-05 0.00650047 0.0128353 0.0124888 0.00277888 0.0053957 6.35089e-06 3.14131e-05 4.02906e-05 0.0232602 0.000245743 0.0113059 5.68679e-05 5.53707e-06 0.00200154 0.0839246 
0.584572 7.66145e-08 3.32589e-06 0.00826535 4.33949e-06 1.80545e-07 0.0156165 0.050867 0.00467041 0.0515054 8.66263e-06 0.000122616 0.125117 0.0240433 6.50104e-05 0.00204657 4.15203e-05 2.24983e-05 2.82873e-10 0.0835644 0.00477515 0.0342144 9.92799e-05 0.000245308 0.000567926 0.00956161 
0.20183 2.6495e-06 0.000182989 0.0594482 0.00281566 2.42241e-09 0.00254645 0.00177777 0.00143974 0.0864636 0.000104998 3.92558e-05 0.0624314 0.0237112 0.010142 0.16187 0.000112887 0.00516731 0.0156134 0.0944297 0.198134 0.0543747 0.000239623 3.76012e-05 0.00301709 0.0140669 
0.489671 4.21676e-07 2.15781e-09 2.2263e-06 2.6064e-06 4.90718e-09 0.0190944 1.05054e-05 4.28691e-06 0.14753 2.07709e-09 7.58706e-07 0.0260917 0.0234301 1.33265e-09 0.018564 1.84892e-05 1.66732e-06 3.97877e-09 0.00933004 3.60855e-06 0.00165722 6.06167e-07 0.000332026 4.44302e-06 0.264249 
0.736712 2.60137e-11 0.000465735 0.00146027 0.000282553 4.68087e-08 0.00115483 0.00289261 0.000424114 0.0804337 1.71047e-11 4.6371e-08 0.0520393 0.000555416 6.92014e-05 0.0385544 0.00100487 0.0593144 8.94656e-08 0.0185071 0.000776741 0.00166865 0.00052234 0.000131947 0.00302971 1.25462e-07 
0.999808 1.37103e-07 9.36522e-08 2.1502e-08 8.09129e-05 2.12979e-07 2.07233e-05 1.53177e-08 3.59408e-08 8.63044e-09 9.01487e-08 8.58112e-08 9.9837e-09 4.31731e-05 5.78393e-08 8.19207e-06 1.19948e-07 1.36293e-07 1.72685e-07 2.29036e-05 2.02702e-08 4.41506e-08 2.30105e-08 1.43373e-05 3.99535e-08 1.2891e-08 
0.820944 2.20673e-06 2.73423e-05 0.00133323 0.00296263 4.75446e-06 3.91408e-05 6.51194e-05 0.00522501 0.00902918 1.45098e-06 8.58236e-05 0.000356452 0.0509031 0.000405112 0.041829 0.00112509 0.000120185 0.00754748 0.00508084 0.000315058 0.00475225 4.38315e-06 0.0120286 0.000913161 0.034899 
0.245041 0.000314649 0.0003184 0.00529608 0.0588777 0.000132443 0.0148413 0.0572948 0.00823308 0.075792 1.28794e-06 0.000881618 0.103217 0.0821231 0.000783995 0.0157054 3.58728e-05 0.00262227 0.00172676 0.18184 6.04388e-07 0.00424051 9.10514e-05 0.0191798 0.0585273 0.0628811 
0.213692 0.0244797 0.0066645 0.0521339 0.00143368 5.38709e-06 0.037893 0.00208111 0.00330585 0.0615828 0.0198207 0.00214949 0.0415779 0.0434254 0.00183068 0.126221 1.70437e-05 2.59432e-05 0.00336968 0.024233 0.0702154 0.0108922 0.031184 0.00812369 0.155505 0.0581376 
0.43828 3.33299e-06 0.000818469 0.0128623 0.00116002 1.29108e-07 0.0297268 0.00698844 0.0144527 0.0973894 8.89323e-06 0.00121939 0.0269535 0.0763694 0.00739962 0.0735391 9.35455e-07 3.64012e-05 5.51332e-06 0.158596 0.00279643 0.00416203 5.01837e-05 6.54037e-05 0.00222884 0.0448866 
0.239474 1.20604e-05 0.00493191 0.119413 8.71646e-05 5.14859e-05 0.00340683 0.00725078 0.00616514 0.183963 0.00520067 0.000679704 0.069415 0.074608 0.00296721 0.077631 0.0188504 0.00147099 0.000424545 0.035254 0.0384711 0.0466954 0.000308132 0.0055739 0.0267842 0.0309104 
0.86061 0.000175494 2.66774e-05 0.00449214 0.000110721 1.21741e-05 0.00857937 0.000722977 0.00215466 0.00448114 5.15299e-06 4.90505e-06 0.0159121 0.000765274 9.41508e-05 0.00659592 2.56957e-05 7.79064e-06 9.87083e-06 0.0613475 0.000152386 0.000132298 8.13427e-05 0.00032056 0.0169016 0.016278 
0.630871 0.00047945 1.72667e-05 0.00294921 0.00327216 1.02554e-06 0.0027459 0.000413184 0.0268254 0.056706 3.91738e-06 0.000275053 0.0027227 0.0858195 0.0111178 0.00536143 7.81015e-08 0.00198126 0.000507342 0.0201387 0.00323458 6.18808e-05 0.000327147 0.000364082 0.00721561 0.136588 
0.544024 0.000234626 0.00492064 0.0105723 0.0253357 0.000710872 0.00111325 0.00516724 0.0334261 0.0141916 1.33211e-06 0.000121694 0.0791416 0.0183764 0.0163335 0.0232895 6.49635e-06 0.0255467 0.000145766 0.0279104 0.0102063 0.020092 8.12171e-05 0.00131602 0.0686067 0.0691281 
0.907818 1.26207e-09 2.18155e-06 9.88702e-07 7.44078e-10 0.0037007 1.07256e-06 1.41004e-10 3.30844e-10 0.00396057 9.2626e-07 7.89914e-10 0.00308416 6.64695e-07 1.07105e-06 0.0103842 1.10415e-09 0.0160078 1.1834e-06 0.0550354 8.18658e-07 4.06418e-10 5.77225e-07 1.30671e-09 3.67783e-10 1.18665e-10 
0.639148 6.78798e-09 0.00156903 0.00080163 0.0117535 4.49261e-05 0.000997556 0.0312893 0.0064345 0.00338908 4.46327e-09 0.000184248 0.0331658 0.0274326 3.68468e-05 0.00548776 2.83e-05 0.127566 8.54964e-09 0.0396207 0.000956022 7.38904e-06 0.00717827 1.80361e-05 0.000700706 0.0621901 
0.918699 1.82665e-06 0.000238495 6.20049e-05 0.000288155 4.1585e-06 0.000659081 0.00280809 0.000740411 0.0271588 2.10533e-06 0.000287793 0.0164331 0.00240428 0.000504647 0.00908085 0.00669144 4.65074e-05 0.00326093 0.00672476 0.00104859 0.000753193 1.60125e-05 7.80678e-05 0.00110782 0.000900204 
0.570538 0.000421604 0.00575474 0.00257151 0.000231897 0.000351387 0.000669669 0.0101764 0.00729882 0.0137135 2.18408e-07 1.94898e-06 0.0365476 0.164209 0.0012127 0.00187902 4.5962e-05 0.00111036 0.019294 0.00495627 0.0155593 0.00610941 0.000333004 0.00933083 0.112404 0.0152792 
0.409148 0.0215898 1.59081e-06 0.00468243 0.0243438 0.000286882 0.017809 0.00316923 0.00245554 0.000932227 8.71819e-06 7.01389e-06 0.0866213 0.00501114 0.00585355 0.0668132 6.14848e-05 0.0285494 9.96496e-07 0.063131 0.010532 0.000377579 0.065226 9.14502e-07 0.171842 0.0115448 
0.620145 0.00035544 0.000427251 0.014508 7.67125e-05 3.83966e-06 0.00717867 0.0331834 0.000243197 0.10908 3.66908e-05 0.000117724 0.0280628 0.010669 2.21938e-07 0.0415385 0.000314974 0.00424936 0.00545913 0.0117525 0.0139345 0.0953339 0.000225558 0.000342026 0.00267889 8.25612e-05 
0.828645 1.43145e-05 0.0415426 6.57303e-05 0.00289531 3.36547e-05 0.00114655 0.00127502 0.00134924 0.00174061 9.36538e-06 1.07682e-05 0.0257553 0.00369611 0.00127493 0.0036599 3.59086e-08 3.37016e-07 1.14279e-07 0.00934564 0.00136235 0.00330454 6.61052e-06 0.0149812 0.0250577 0.0328271 
0.348871 2.6952e-08 0.00128192 0.00607191 0.0416092 9.2415e-06 0.0284511 0.00273434 0.00622374 0.0693929 2.76599e-05 9.24407e-07 0.128157 0.00990281 0.00160027 0.105643 2.53594e-05 0.000394354 0.00254235 0.0456483 0.0528366 0.00214252 0.000311085 0.00012382 0.115857 0.0301432 
0.27177 4.21758e-05 0.000665748 0.0384716 0.000522016 3.57057e-05 0.109746 0.023648 0.0182443 0.0622945 9.26749e-08 0.00625007 0.0778178 0.0670194 0.00116157 0.0175112 0.00012758 0.010599 6.24337e-05 0.189422 0.0159546 0.0395055 6.43575e-05 0.000395159 0.0443002 0.00436819 
0.548642 1.22371e-05 0.00311867 0.00018968 5.15487e-05 1.06568e-05 0.0205627 0.00979368 0.000578064 0.0134625 0.000209065 0.0239663 0.012582 0.00764716 0.0478432 0.0224925 8.51191e-06 0.000525556 5.61355e-05 0.24697 0.00083691 0.00290181 7.41368e-06 2.34007e-05 0.0358896 0.00161901 
0.751726 0.000537479 0.006918 0.000417095 0.000599557 6.45792e-06 0.000202394 5.79662e-05 0.0381916 0.00148669 7.92051e-10 1.65459e-07 0.0103233 0.0325445 0.000256179 0.000412777 0.000298232 2.09188e-06 0.0514078 0.0205134 0.0116507 2.89625e-06 6.55316e-05 0.00033888 0.040371 0.0316693 
0.393074 1.03865e-10 0.00242406 0.0156031 0.00583704 1.61347e-10 0.0147181 0.0160148 0.00353664 0.116665 0.000197912 0.000210275 0.202052 0.00986684 0.00142943 0.0124029 2.67125e-05 4.72582e-05 0.00106895 0.0494222 0.00104393 0.0989297 0.00014658 1.92576e-05 0.0156833 0.0395801 
0.843281 5.11218e-07 6.15468e-05 0.000857443 1.76131e-05 1.64871e-05 0.0275163 0.000175945 0.000952437 0.040644 3.36139e-07 2.3289e-05 0.0225875 0.00217737 0.000283616 0.00756962 7.14074e-06 3.04673e-05 1.52364e-05 0.0318779 0.00667551 0.00473253 3.12543e-05 0.000362371 0.00980904 0.000293994 
0.649883 2.47156e-06 1.48093e-05 0.0743495 0.000379586 1.01863e-06 0.000793706 0.0181902 0.00048591 0.072605 3.69708e-09 0.0153712 0.0346525 0.00983297 0.00011649 0.0202594 0.00309296 0.0417586 0.00186976 0.0336428 0.00924121 0.0048494 0.000737524 4.09685e-05 0.00747677 0.000352522 
0.592856 1.17529e-05 0.00121215 0.000823168 0.000365206 6.68429e-05 0.0327494 0.000274983 0.00281689 0.0850826 0.000421822 0.0199533 0.00308626 0.01496 0.00101037 0.0284617 0.000115179 4.36042e-05 0.0418719 0.111053 0.0105921 0.00414907 8.77249e-05 0.000265954 0.0340317 0.0136372 
0.485882 4.41995e-07 0.000176597 0.000737661 0.000402811 5.47076e-06 0.00113614 0.0119713 0.0198112 0.0910864 0.000773386 0.00286101 0.0892925 0.00387241 6.5415e-08 0.140913 9.24445e-07 0.00169311 1.97983e-09 0.130843 0.00520422 0.00705473 9.24879e-06 2.76083e-05 0.00201103 0.00423332 
0.385816 2.11059e-05 0.0080089 0.00824443 0.00621081 5.42575e-06 0.0184245 0.00147778 0.0163992 0.0666893 0.000203254 0.000109256 0.109399 0.0784404 0.00474512 0.01587 1.97627e-07 0.00015325 5.69722e-09 0.0697874 0.00342419 0.0140102 0.00395405 4.47141e-05 0.167354 0.0212067 
0.509725 0.00039305 0.0363571 0.00833477 7.73141e-05 6.6208e-05 0.000633517 0.000120499 9.85934e-05 0.0671232 2.56573e-10 0.000193858 0.0214346 0.072561 0.000106401 0.0225998 1.54901e-05 0.000266254 0.000116141 0.04918 0.0420733 0.0223903 0.0153679 0.000382294 0.0863513 0.044032 
0.574101 3.41746e-07 0.00915517 0.0134576 0.00097825 1.02216e-07 0.0133775 0.00713374 0.0119148 0.230059 5.24042e-09 0.000160902 0.0252615 0.0170105 0.000119932 0.0293281 0.00039843 0.00994459 0.00135431 0.0267972 0.00886935 0.00679501 0.00135295 0.000446761 0.0111316 0.000850847 
0.493646 0.000298744 8.31925e-05 0.0440204 0.00212034 1.39324e-05 3.66075e-07 1.89681e-07 4.45059e-07 0.062656 0.000161043 1.06261e-06 0.000359104 2.05543e-07 0.00106373 0.000189632 1.48532e-06 1.68773e-06 0.175153 0.00367803 6.74386e-05 0.216131 2.84942e-07 1.75782e-06 4.94749e-07 0.000349977 
0.373389 6.56987e-06 0.000182761 0.00225107 0.000857782 0.000362777 0.0306148 0.131308 0.00275721 0.0335117 0.000178302 0.00321223 0.0268434 0.00468123 0.00953652 0.0246151 0.0001899 0.00535621 0.0039974 0.322601 0.00634518 0.0061128 4.20422e-05 8.01822e-06 0.00100695 0.0100321 
0.73127 6.27528e-06 0.0128218 0.0021887 0.000470581 0.00286063 0.00354065 0.000945981 4.23772e-05 0.0175866 1.59224e-06 6.1122e-06 0.0669518 0.0255129 0.00448594 0.00836011 0.00049105 0.0134865 0.000126715 0.0967938 0.00884242 3.76005e-05 8.15212e-05 1.19933e-07 0.000138378 0.00294961 
0.803943 3.77744e-06 0.000885177 0.0133901 0.00012547 1.6461e-06 0.0039639 0.000142321 2.69277e-05 0.0965564 6.96753e-07 1.90449e-05 0.0371919 0.00313222 4.48357e-05 0.000220843 0.000420642 0.0167244 0.000349618 0.000449675 0.00414285 0.000555024 0.000282838 3.91459e-05 0.000165684 0.0172215 
0.474395 3.1357e-05 2.31075e-05 6.94316e-06 0.00504169 6.94221e-05 1.43629e-07 1.96372e-06 0.00677612 0.0213144 6.43188e-10 5.97465e-06 0.0171635 0.149624 4.09918e-07 0.0196849 1.53508e-06 6.38687e-07 3.86757e-05 0.0672651 0.0564764 5.24911e-06 0.0652178 8.17276e-07 0.070519 0.0463353 
0.420161 1.90136e-05 0.010665 0.00093981 0.00410789 0.000651345 0.00320595 0.0266503 0.00148992 0.0292675 2.59271e-06 0.00608749 0.0103778 0.0102884 0.000446728 0.0126461 0.000749419 0.000913939 0.31529 0.104487 0.0225752 0.0022632 0.00311902 4.43007e-05 0.00875293 0.00479774 
0.433668 4.42195e-05 0.00302095 0.00967996 0.00211777 3.37007e-05 0.00289057 0.00524242 0.0266343 0.0482818 2.99578e-07 0.000135502 0.0270231 0.089626 0.048802 0.0479343 2.64606e-06 2.94355e-05 0.00233442 0.0591468 0.0881687 0.00404836 4.63465e-05 2.00472e-06 0.0345586 0.0665278 
0.821388 3.74581e-09 1.45819e-05 0.00218072 0.0314816 4.21146e-06 0.00662216 0.000641681 0.00469419 0.0396626 2.46297e-09 0.000106472 0.00634713 0.0126819 0.00226755 0.00639267 0.000324482 0.0205715 0.00124602 0.00911435 0.00541031 0.000340776 0.000171572 4.30074e-06 0.0219749 0.00635588 
0.999599 4.05004e-06 2.73911e-08 6.28883e-09 2.36414e-08 6.22915e-08 8.64632e-09 4.48008e-09 1.05118e-08 5.07365e-07 2.63664e-08 2.50978e-08 1.43109e-05 4.85473e-09 1.69166e-08 2.65926e-09 2.10842e-05 3.98626e-08 5.05063e-08 1.44418e-05 4.15593e-06 0.000103317 9.42881e-06 0.000124595 8.53158e-05 1.96095e-05 
0.274269 1.89916e-10 1.55182e-07 0.0316334 0.000411912 1.44516e-06 0.008433 0.000319762 1.75823e-05 0.255896 8.09389e-07 4.67584e-08 0.0962616 0.043748 3.13873e-05 0.051622 4.87925e-05 9.61882e-06 4.0559e-05 0.199295 0.00228214 0.0270241 2.22252e-05 1.18615e-05 0.00357147 0.00504926 
0.37226 8.85302e-05 8.74182e-05 0.0545689 0.010409 0.0215692 0.0112571 0.0754402 0.000883266 0.0328214 0.00626369 6.46775e-05 0.0175706 0.0228669 0.0252678 0.00646296 1.91761e-06 0.0225218 0.00021535 0.131444 0.00266153 0.00450024 0.0238892 1.67335e-06 0.00340023 0.153483 
0.249757 5.311e-05 0.0174276 0.00907364 0.18621 3.77922e-05 0.0179856 0.0195667 0.00634835 0.0657368 0.00646207 0.0186584 0.0331085 0.0673182 0.00571166 0.115324 2.58988e-05 0.0117667 8.9485e-05 0.0563729 0.0263342 0.0208133 0.0192989 0.000419596 0.0153183 0.0307819 
0.370056 5.13162e-05 0.00491155 0.062134 0.00367687 3.78849e-05 0.00440301 0.00519028 0.0680281 0.0202827 5.02949e-05 0.00994554 0.0795322 0.0185573 0.00134678 0.0446959 5.96265e-05 0.000174805 6.07697e-06 0.247168 0.0299371 0.00898715 5.15901e-05 0.00282343 0.00829472 0.00959804 
0.753201 2.7242e-07 0.000232683 0.000186662 0.000487485 1.22042e-08 0.00138658 0.000237335 0.000259483 0.134194 0.000840482 3.31418e-05 0.00726702 0.00777705 1.84483e-05 0.0492524 0.000140028 0.00070043 8.85133e-07 0.0196196 0.0017601 0.00350269 5.25973e-05 0.000126277 0.00620591 0.0125173 
0.353663 2.69511e-07 0.000772224 1.77173e-05 0.00314044 2.91871e-07 0.197197 0.00366253 7.55159e-06 0.223542 1.82237e-06 3.84611e-06 0.0187017 0.00528023 1.09616e-06 0.0578421 6.70879e-06 0.00463784 7.09133e-11 0.116686 0.00551341 0.00206896 9.99717e-06 1.60748e-05 0.00426268 0.00296479 
0.326146 6.777e-05 8.09913e-05 0.00065998 0.0189377 2.30937e-05 0.0210854 0.0021727 4.87976e-05 0.100494 0.000166128 2.66762e-05 0.0327098 0.0137549 0.0061765 0.074297 2.61823e-05 0.20908 3.30333e-05 0.121098 0.0083973 0.00494006 8.42724e-05 8.9627e-05 0.0493675 0.0100364 
0.842549 1.8534e-07 0.000285536 0.0021351 0.0169754 5.95503e-07 0.00582547 0.00105026 0.00336546 0.0194644 8.68712e-10 0.00146589 0.00161135 0.0155493 0.00349158 0.00339668 0.000378216 0.0157271 1.66406e-09 0.0387013 0.00703379 0.0142939 0.000143257 1.12337e-06 0.00407255 0.00248265 
0.857025 2.99298e-06 2.19835e-05 0.00214247 0.000447895 1.74052e-08 0.0048061 0.000268964 0.00285512 0.0324487 5.61425e-06 0.000232244 0.0133616 0.00305284 0.00200846 0.0221131 0.000416811 0.00834792 0.000557865 0.0157762 0.00436986 0.00333346 0.000199214 5.78126e-07 0.00179126 0.0244139 
0.555572 6.83832e-08 0.00343585 0.00262036 0.0815517 0.000196623 0.00902557 0.00215619 0.00403607 0.0284945 0.000374426 0.00137154 0.0745726 0.0550794 0.017801 0.0200909 6.28756e-07 0.00010749 7.15482e-05 0.0162032 0.0146246 5.5409e-06 0.000177182 3.2377e-05 0.0203318 0.0920667 
0.497002 9.58809e-10 3.11801e-07 0.000761363 6.08825e-06 1.9911e-05 0.0666178 0.000810416 0.000254274 0.224936 3.78847e-06 1.24201e-06 0.0170326 0.0295691 0.0285874 0.0125985 1.24144e-07 7.98768e-07 8.68839e-05 0.0559221 0.00460717 0.000496378 2.70862e-06 0.000130636 0.00643817 0.0541151 
0.33189 5.5005e-06 2.93338e-06 0.0313794 7.18142e-06 9.40942e-06 0.00182626 4.72981e-06 0.000167134 0.0227238 3.00666e-06 0.00242291 0.0432057 0.16799 0.00465176 0.0502143 0.000291678 5.85643e-05 5.40884e-06 0.0676095 0.232557 0.00126999 5.8906e-06 0.000613281 0.00554087 0.0355436 
0.894927 3.28469e-07 4.68498e-05 3.14983e-06 3.76393e-05 0.00017855 0.00141561 6.29775e-05 5.52613e-06 0.0379223 1.42577e-08 2.08607e-07 0.00215182 0.0115013 0.00137669 0.00830506 5.37164e-07 0.000102207 3.57582e-05 0.0311164 4.42143e-05 0.00567705 7.72885e-06 1.20722e-06 0.00144267 0.00363756 
0.152997 0.000873109 0.0382366 0.00140309 0.110868 1.17786e-05 0.142455 0.0180374 0.0101623 0.106313 0.00106036 3.5579e-05 0.022675 0.0356077 0.0245509 0.0959417 6.29325e-06 0.00222265 0.000104338 0.0676531 0.0253694 0.0182147 0.00565329 2.80762e-05 0.0196316 0.0998882 
0.452872 1.19624e-05 0.00698807 0.00442478 0.0204589 4.47209e-05 0.0751683 0.0123171 0.000319145 0.0958704 0.000553864 3.63242e-08 0.011656 0.00142737 0.0296834 0.0210262 7.30337e-07 0.000159992 2.52457e-06 0.163529 0.00801776 0.00324592 0.000214651 3.0888e-05 0.00358635 0.0883902 
0.581187 2.26356e-10 1.54619e-10 7.17132e-07 1.33453e-10 3.51628e-10 0.000183653 2.52895e-11 7.95189e-07 6.61857e-06 1.48835e-10 1.41674e-10 6.31318e-07 1.96766e-06 9.54923e-11 1.50112e-11 0.000618594 3.75805e-06 0.416303 9.65139e-07 0.0014121 1.03515e-06 0.000278723 2.34364e-10 2.70515e-07 3.49062e-07 
0.81141 1.31275e-06 3.6715e-08 0.00497747 5.97724e-06 1.42808e-06 1.15895e-08 1.39503e-06 0.000369132 0.00162682 3.53415e-08 3.36411e-08 3.91397e-09 0.0649576 2.26751e-08 8.30786e-05 0.000111144 1.10828e-05 8.75683e-05 2.02732e-06 2.83127e-05 0.115643 0.000139449 5.56507e-08 0.000541969 7.89296e-07 
0.348209 2.87462e-09 1.96359e-09 4.5083e-10 2.03393e-05 9.8286e-06 6.19832e-10 7.06884e-07 7.53566e-10 0.00207194 1.89014e-09 0.0322672 3.11918e-06 4.10702e-06 0.158129 0.318697 2.51493e-09 1.05762e-05 3.62066e-09 9.90289e-07 1.1178e-05 2.87061e-06 4.82459e-10 2.97631e-09 2.13623e-05 0.140541 
0.284892 3.25585e-05 0.0013894 0.00777005 0.00548367 0.000530647 0.165269 0.0180098 0.010218 0.0668901 4.19777e-05 0.00287238 0.0368021 0.0272112 0.00518302 0.0509006 6.41889e-05 0.0011091 0.0202839 0.18532 0.0383774 0.00568162 0.00924281 0.000880324 0.049213 0.00633062 
0.333827 0.045771 0.000638075 0.00531149 0.000140738 2.74574e-08 0.160994 0.000231809 0.0248455 0.0613058 6.14386e-07 0.000169738 0.0439421 0.0191623 0.00236642 0.093437 2.06826e-05 1.18296e-05 6.03573e-06 0.0418038 0.000432515 0.00208231 0.0186545 0.000462029 0.0250158 0.119367 
0.157961 0.00132567 0.00366405 0.145639 0.00131177 6.40375e-07 0.00509965 0.0186262 0.00923588 0.0809502 0.00482479 0.000773713 0.00842025 0.0832716 0.0054379 0.0830106 4.6342e-06 8.07883e-05 0.00843671 0.0464422 0.129029 0.0276242 0.0683966 0.0253593 0.073353 0.0117203 
0.294867 9.33975e-06 0.00255342 0.00357812 0.181975 8.12048e-05 0.0363266 0.0213226 0.0239169 0.0515696 4.93463e-11 4.3006e-06 0.0683818 0.0226683 0.0159763 0.0402855 3.5713e-08 3.7857e-05 2.4044e-08 0.093239 0.00421116 0.00163674 1.34659e-05 0.000164456 0.0945248 0.0426568 
0.497002 9.58809e-10 3.11801e-07 0.000761363 6.08825e-06 1.9911e-05 0.0666178 0.000810416 0.000254274 0.224936 3.78847e-06 1.24201e-06 0.0170326 0.0295691 0.0285874 0.0125985 1.24144e-07 7.98768e-07 8.68839e-05 0.0559221 0.00460717 0.000496378 2.70862e-06 0.000130636 0.00643817 0.0541151 
0.540432 1.67032e-05 0.000828975 0.0132627 0.00139189 0.000148741 0.0108464 0.00384373 0.0196615 0.0892459 0.000638708 0.0031276 0.059254 0.0704764 0.00585239 0.0641824 8.06779e-07 0.000110043 1.76412e-05 0.0507188 0.00898297 0.0208682 2.67e-05 0.000311624 0.00972056 0.0260323 
0.371554 4.58117e-07 0.000229463 0.019186 0.000726127 8.77279e-08 0.00227428 0.000636401 0.179229 0.00906773 2.44781e-07 1.955e-05 0.168061 0.0323387 0.0280235 0.0146903 6.29909e-06 1.02322e-05 0.00268803 0.0857342 0.0259795 0.00351323 7.77704e-05 1.23322e-06 0.04887 0.00708216 
0.938881 8.41963e-10 5.75128e-10 0.000429149 6.06251e-05 1.30793e-09 0.0402915 1.31932e-05 5.45891e-05 0.000909079 5.53613e-10 0.000278087 0.000127088 0.00186546 6.11257e-07 0.00491336 7.3661e-10 1.01307e-06 1.5092e-07 0.0034508 0.000304815 5.23881e-05 1.89791e-05 4.06095e-08 0.00233813 0.00600994 
0.183827 0.000137784 0.0199813 0.0320708 0.00883633 0.000832599 0.00918018 0.0113694 0.0132729 0.0736166 2.73516e-05 0.0252636 0.0868044 0.0670824 0.00927643 0.041705 0.000579859 0.00750568 0.00655405 0.0846841 0.112695 0.0199113 0.117277 0.00260128 0.0384428 0.0264643 
0.543767 2.59104e-06 6.45887e-09 0.103931 4.44261e-06 3.30718e-05 0.000129183 0.00370646 0.0170392 0.023743 0.00171986 0.000161093 0.0511943 0.0399745 0.00630861 0.0567863 0.0180744 0.0237586 0.000282465 0.0335464 0.00346808 0.0326489 5.59886e-05 4.03264e-07 0.0152604 0.0244042 
0.755877 5.57157e-06 0.0101222 7.40723e-07 5.26655e-06 7.27421e-08 0.0332972 2.77484e-05 0.0011487 0.00618527 3.07899e-08 0.000590112 0.00292515 0.000971735 1.70348e-05 0.00224891 1.08522e-05 0.00220871 5.89797e-08 0.00528066 0.00350333 1.60419e-05 0.10732 0.000205096 0.0485112 0.0195221 
0.471498 6.49502e-11 0.0206989 0.00344985 0.00208628 2.97118e-05 0.0025324 0.0279095 0.0026785 0.0517204 4.27064e-11 0.00744357 0.0972835 0.0152048 9.12803e-05 0.0120164 0.000705041 0.161825 0.000148275 0.104548 0.0054453 0.00515597 0.000827 0.000218332 0.00582665 0.000657726 
0.637827 3.92161e-07 3.05891e-06 0.00459653 0.000359881 1.76141e-05 0.00256351 0.00983735 0.000151038 0.16247 4.1049e-09 6.82153e-06 0.0466485 0.00547152 7.06634e-05 0.036395 0.000730499 0.00274686 2.30638e-06 0.0490526 0.0108509 0.00587801 6.12429e-05 5.47857e-05 0.00535523 0.0188484 
0.815642 0.000100459 0.000311248 0.00375256 0.000152622 2.78719e-10 0.00187762 0.00851018 0.00268801 0.0696484 3.39017e-08 8.48549e-05 0.000670502 0.0249494 0.000113531 0.0094227 0.00402341 0.000121692 0.00029194 0.027182 0.000851558 0.024469 0.000399603 8.7847e-05 0.00439822 0.00025033 
0.313329 0.001584 0.00319688 0.0630758 0.00099349 0.000117215 0.00945992 0.0254436 0.00770384 0.108246 0.000720039 0.00151403 0.121661 0.0237287 0.00812878 0.104076 0.00175018 0.0145752 0.0157664 0.098141 0.020871 0.00676461 0.000372701 0.00465407 0.0253294 0.018798 
0.533083 2.60249e-06 0.00656848 0.0130606 0.0287112 0.000777632 0.0149738 0.00209195 0.0171899 0.0590647 3.80689e-06 0.000386549 0.105496 0.0199594 0.000738226 0.00878173 0.000268922 0.0001731 0.000431054 0.0203266 0.0952317 0.01135 0.000350806 8.98142e-06 0.0168735 0.044096 
0.352371 0.000912653 0.000211183 0.0269597 0.00335987 2.06913e-06 0.0764014 0.00153935 0.00565633 0.108985 0.000244015 6.70195e-05 0.0780953 0.0127528 5.75589e-05 0.10491 5.20868e-05 0.000198933 0.000206076 0.19981 0.00654258 0.0061787 8.71758e-05 0.000680365 0.00797172 0.00574684 
0.834906 1.06117e-08 7.24862e-09 3.25631e-06 0.0242391 1.23134e-05 0.00145725 6.41774e-07 3.5577e-07 0.00881617 6.97745e-09 9.8978e-06 0.0163609 0.0313653 0.00196848 0.0219438 4.1671e-06 0.000227598 1.33657e-08 0.0245448 0.00199893 0.000574168 1.17531e-05 1.93808e-07 0.00376075 0.027794 
0.618447 6.51189e-05 0.00376829 0.000315655 0.000617965 0.00470936 0.00587924 0.0207701 0.0034906 0.0271367 4.22302e-06 1.69127e-05 0.114853 0.010513 0.047423 0.00375982 1.81506e-05 0.0365453 6.83002e-05 0.0266819 0.00123759 6.11878e-05 0.000103195 8.27904e-05 0.00831904 0.0651126 
0.597798 1.85139e-05 0.0837348 0.0004206 0.00148444 1.7717e-08 0.00267654 0.0320312 0.000594464 0.117856 7.49915e-09 0.000657597 0.0129376 0.0172939 0.000543183 0.00262213 0.000613946 0.0577882 0.0163769 0.0320564 0.00173988 0.00518804 0.000676627 0.000205511 0.00758773 0.00709762 
0.496601 0.00279999 9.0344e-07 0.00551702 0.00198881 9.02043e-07 9.04188e-07 0.0132045 9.04112e-07 0.0335553 9.03485e-07 9.03532e-07 0.0228826 0.0196251 0.0118415 0.026591 0.00234904 0.00280002 9.02514e-07 0.333289 0.00795871 0.00922187 9.04264e-07 9.02874e-07 0.00976484 9.04382e-07 
0.883923 9.31582e-06 7.22844e-05 0.000335671 0.00012654 6.78449e-05 0.0274647 0.000493159 6.76875e-07 0.00330304 0.000747011 1.61609e-06 0.00225912 4.2433e-05 8.82051e-05 0.00231837 0.00017369 0.000394648 2.62285e-05 0.0690538 3.55941e-05 0.000240018 5.50091e-06 7.23245e-06 0.00185667 0.00695389 
0.519731 5.37543e-05 0.00032076 0.00219746 0.0364721 0.000509654 0.00380778 0.0706214 0.007837 0.0184547 0.000133384 0.0158862 0.129046 0.033729 0.00138571 0.0215851 0.00272309 2.44256e-05 1.53426e-07 0.0689667 0.0375733 0.00108768 0.000150139 6.8916e-05 0.0125751 0.015059 
0.372901 0.0166439 0.000798429 0.106968 0.000396318 0.00736303 0.00281957 0.00208884 0.125787 0.0528974 3.44554e-07 7.76967e-06 0.0208344 0.0649983 0.00243653 0.0679474 5.98829e-06 2.16947e-05 0.00373674 0.056292 0.00201551 0.000604506 0.00224131 5.81042e-05 0.064607 0.0255295 
0.690865 6.98844e-06 0.0010017 0.00966676 0.00144873 6.06721e-06 0.00951966 0.0032492 0.000951837 0.135134 4.69425e-08 8.74569e-05 0.00565398 0.0220259 0.00104361 0.0207755 3.32407e-07 0.00121798 8.9921e-08 0.0633445 0.00605503 0.0131562 1.40046e-05 2.70448e-05 0.00536649 0.00938107 
0.328449 9.9818e-06 0.0015936 0.000399122 0.0409041 0.00023279 0.0708935 0.00312641 0.000694469 0.110336 7.691e-05 0.00022211 0.0517464 0.0104863 0.0015258 0.0751576 0.000123471 0.054877 0.00214478 0.174455 0.00359563 0.0118846 0.00115947 0.00212745 0.0422993 0.011479 
0.251935 6.29463e-05 0.000150844 0.0133155 0.000650347 1.54376e-10 0.00332728 0.004596 0.00490491 0.20262 8.29123e-08 0.0194125 0.0579496 0.157754 0.00261261 0.0247422 0.00261447 0.0939695 1.72561e-05 0.0522624 0.00275896 0.00418041 0.00269907 4.51044e-05 0.0404236 0.0569951 
0.961321 9.75404e-05 4.1318e-07 0.000215391 3.56618e-07 9.39635e-07 0.000112744 0.000588855 0.000569245 0.00275631 4.45237e-05 3.78587e-07 5.34743e-05 0.00013199 0.000222838 0.0269028 1.3948e-05 0.00105862 7.6186e-07 0.00278846 0.00109741 0.000836943 1.12122e-05 4.94641e-05 0.00112051 3.85378e-06 
0.923981 4.98101e-08 3.40243e-08 0.0281803 2.93666e-08 0.000147093 0.000873187 0.000397903 0.00123003 0.00418963 3.27515e-08 0.00489772 0.00372506 0.00214621 0.00562317 0.00370293 0.0145287 0.000163453 6.27372e-08 0.00120019 0.00134326 1.60401e-08 9.28027e-05 0.000835522 0.00118301 0.00155816 
0.54368 8.55609e-05 0.00113754 0.00259532 0.00197059 1.81507e-07 0.0074853 0.00623425 0.00136902 0.0553691 5.2397e-11 3.27362e-05 0.0130353 0.0318221 2.23573e-05 0.0218826 7.39245e-05 0.000245944 0.00109462 0.159048 0.0551548 0.003348 0.000735992 1.79891e-05 0.0876193 0.00594023 
0.973218 6.52895e-07 5.23979e-05 1.02394e-07 3.30999e-06 1.01423e-06 8.05714e-06 7.29443e-08 0.0174071 0.00547286 4.29295e-07 4.75601e-06 2.89696e-05 0.0002461 2.75435e-07 4.32979e-08 5.712e-07 6.49038e-07 4.57173e-06 0.00303863 9.65284e-08 7.50464e-05 1.09578e-07 1.09497e-05 0.000424914 6.1388e-08 
0.544536 3.3423e-05 0.00100479 0.00156344 0.0112648 1.72674e-05 0.00780018 0.00287271 0.00431331 0.095523 0.000199447 0.000130012 0.0402478 0.0287707 0.00111034 0.0618683 3.66665e-05 0.00528243 0.000480797 0.0959775 0.0591051 0.00117335 0.000412786 0.000327113 0.0196574 0.0162918 
0.427552 1.03752e-07 1.044e-06 0.0080851 0.00537338 7.62065e-08 0.00802973 0.000232353 0.0357649 0.0211261 4.08957e-09 0.00169452 0.00440795 0.0190528 0.00545002 0.00715422 8.51553e-07 2.42182e-07 4.09545e-07 0.077131 0.00955167 0.000489552 1.52271e-05 0.00298544 0.000785402 0.365116 
0.294502 0.00432786 0.0178294 0.00507157 0.213282 1.80023e-05 0.00190555 0.00650684 0.00511405 0.00653558 0.000150128 0.000648804 0.0664132 0.167498 0.00307922 0.0201969 1.6354e-05 3.13395e-05 0.000909849 0.00509348 0.118226 0.000860453 8.035e-05 0.000970121 0.0545884 0.00614506 
0.472074 4.80686e-05 1.3795e-05 0.000890739 0.000427348 1.07028e-06 0.0877666 0.00344996 0.000828075 0.0780473 0.00124859 2.05978e-07 0.0665759 0.000942708 0.000258544 0.112197 4.91355e-06 1.90217e-05 1.18099e-05 0.165589 0.00435703 0.000958156 2.55558e-07 0.00320185 0.000766411 0.000321177 
0.382683 1.42876e-05 0.000100568 0.0750453 8.64386e-05 1.70861e-07 0.0158018 0.00698915 0.0106502 0.0838423 5.89256e-11 1.55489e-07 0.0174975 0.00978824 0.000742626 0.148422 0.0691691 0.000150594 1.12875e-10 0.0520813 0.0180608 0.0567719 0.000400232 8.17125e-06 0.00781289 0.0438817 
0.794208 1.80363e-06 2.0885e-06 0.000756547 0.00856454 4.39694e-07 0.000743702 0.000816241 0.00068005 0.0245706 2.32446e-09 8.12581e-05 0.0139785 0.0194767 0.000581149 0.000175529 3.14288e-05 0.000264233 0.0601881 0.0517392 0.00674486 0.00340872 0.000180451 7.62524e-05 0.0119127 0.000816549 
0.567946 4.80646e-08 3.41147e-05 1.40568e-07 0.00776672 0.00278572 3.54188e-05 0.00035688 0.00320846 0.0114738 1.60123e-07 2.14526e-10 0.00102512 0.00188593 1.82648e-05 0.00777122 0.000170548 0.364402 3.06336e-06 0.0175376 7.79317e-05 5.30365e-07 3.29332e-05 2.00029e-05 0.0131095 0.000338037 
0.554578 3.57194e-06 0.000699045 0.00170906 0.000678865 0.000194211 0.0248333 0.0107149 0.00636375 0.0772419 3.79083e-08 5.60288e-07 0.0416111 0.0373176 0.000569851 0.00372005 1.29537e-05 0.000141664 6.58735e-05 0.117349 0.00227794 0.00796543 7.61412e-05 3.37856e-07 0.0236383 0.0882362 
0.322512 3.24605e-07 0.000781828 0.0325204 0.00731691 6.17774e-09 0.00444577 0.00123671 0.00185725 0.0705857 2.83113e-06 4.99468e-06 0.000882095 0.174928 0.000116461 0.0270766 8.79538e-05 9.3724e-06 6.39308e-06 0.0811216 0.00216561 0.0631154 1.46175e-07 0.0104697 0.100305 0.0984509 
0.202843 0.000501684 0.0189561 0.103531 0.000306561 1.47887e-07 0.117005 0.000574563 0.0225089 0.0704494 1.79083e-09 0.00320496 0.127287 0.000981673 0.000283109 0.0764549 0.000628548 1.62376e-07 0.000227073 0.13045 0.0168539 0.00115149 0.000904873 0.000348299 0.0395153 0.0650323 
0.347435 9.04986e-08 5.03115e-05 3.00705e-05 0.00270644 5.07284e-06 0.00343819 0.00417133 9.71929e-05 0.126659 6.07733e-09 3.57984e-05 0.0802132 0.00180101 0.000418397 0.0221825 0.000140254 0.212586 0.160039 0.0219683 0.00692557 0.00586726 0.000369014 0.000243072 0.00250529 0.000112793 
0.531791 7.64634e-05 0.00104413 0.00403887 0.00209052 0.00217577 0.0285648 0.0161486 0.00503741 0.170912 2.87593e-07 0.00443287 0.0653942 0.02907 0.00325312 0.0304014 0.000474388 0.00204844 8.09346e-07 0.0323839 0.0326152 0.00965423 6.4596e-05 6.58048e-05 0.00225988 0.026002 
0.461255 1.7823e-06 0.00257534 0.0617612 0.00142387 3.98045e-06 0.0589901 0.000509038 0.0195709 0.140276 6.33664e-09 1.40651e-08 0.00364233 0.0107087 0.000324582 0.0499851 1.90904e-07 1.17057e-05 1.21382e-08 0.168634 0.00429134 0.00234472 7.64871e-05 9.6127e-06 0.00307854 0.010526 
0.480286 9.40926e-05 0.000825115 0.0130034 0.00811391 0.000656634 0.0309477 0.0143633 0.00254049 0.0721913 7.21822e-05 0.027857 0.0182917 0.0129765 0.00202066 0.0405526 3.31501e-05 0.000921098 0.000834511 0.0576222 0.0306194 0.0255324 0.00783728 6.37896e-05 0.118778 0.0329655 
0.959407 5.60421e-08 1.04409e-05 1.1473e-05 0.010358 8.70574e-08 1.11767e-05 0.000518243 1.46911e-08 0.00161318 3.68492e-08 5.31937e-05 6.32514e-06 8.94526e-07 2.36424e-08 0.00348925 4.90297e-08 0.000129336 7.05866e-08 0.0222168 8.28565e-09 0.00115692 0.000991215 5.80247e-08 2.60301e-06 2.35422e-05 
0.255996 3.48383e-06 5.27053e-07 0.00585312 0.00274804 6.31812e-05 0.0128121 0.00075417 5.53194e-07 0.0731645 6.73789e-11 6.46467e-05 0.011864 0.208796 0.0951797 0.0428051 4.56288e-08 0.0011508 6.5943e-05 0.0587084 0.0538807 0.000786663 0.000307399 0.000809119 0.152687 0.0214991 
0.788553 0.00104605 0.0152914 0.0184681 0.00892122 3.38275e-05 0.0060056 0.00162721 0.000145427 0.0261983 3.2742e-05 1.93388e-05 0.000797293 0.00341776 0.0108338 0.00127087 0.0456527 0.000163558 0.00275001 0.0268471 0.00446299 0.000134194 0.00286168 6.97709e-05 0.00257129 0.0318252 
0.331324 8.96023e-06 0.000154191 0.00469871 0.00395337 1.20562e-06 0.0426275 0.0286645 0.00436759 0.193773 0.000164991 5.43259e-05 0.0198904 0.0316938 0.00476146 0.0870359 2.76486e-06 0.00201184 1.30151e-08 0.160781 0.00141049 0.0123085 8.91676e-08 0.000397067 0.00562634 0.0642878 
0.256078 9.96731e-05 0.00504825 0.0324077 0.00308423 0.00026699 0.0390221 0.0389055 0.015522 0.0833676 0.000282126 0.00978313 0.058971 0.0679651 0.00477943 0.0501119 4.36476e-05 0.000513962 5.65579e-05 0.104398 0.0250601 0.0533655 0.0137895 0.00292206 0.12615 0.00800635 
0.433215 1.77255e-07 4.25906e-07 9.33703e-06 3.34939e-06 2.75353e-07 3.82201e-08 0.000677131 4.64664e-08 0.00542829 0.00140337 0.00260785 0.0158657 0.00202236 0.000136013 0.123264 5.06847e-06 0.00032408 8.65431e-06 0.191986 2.81924e-06 4.30572e-05 4.04233e-07 0.0559908 0.00499545 0.16201 
0.544371 7.49065e-07 0.00585868 0.0345657 0.00109975 3.84439e-08 0.0127172 0.00391294 0.00883772 0.0623393 3.47449e-05 0.0012005 0.0264614 0.019577 0.00617746 0.0717486 5.63335e-07 0.000119812 5.99184e-05 0.0802323 0.00990262 0.0052923 3.40314e-05 0.00022947 0.0511582 0.0540676 
0.538344 1.6467e-09 3.29622e-05 0.000770967 0.000888746 2.16016e-08 0.00189206 0.0844794 1.0599e-07 0.0303637 1.08275e-09 0.000107916 0.000734362 0.00531246 0.000115703 0.0109443 0.00415899 0.0384535 0.000934166 0.27471 0.00305858 0.00305387 0.00019118 0.00014151 0.00120374 0.000107749 
0.578538 0.00418374 0.00154843 0.0184921 0.00465693 2.2347e-05 0.00695867 0.0203859 0.0179676 0.0140629 6.77942e-07 0.0388134 0.0337775 0.0391756 0.00690729 0.00942668 2.03349e-05 0.000155991 0.0012833 0.099562 0.00254558 0.00106377 0.00365758 0.000301126 0.00571529 0.0907771 
0.406794 1.04745e-05 0.00176973 0.0207029 7.10305e-05 1.11515e-06 0.00419402 0.00228393 0.00196302 0.265417 5.40586e-11 0.000462288 0.119346 0.02592 0.000370926 0.0534702 1.97665e-05 0.0101008 7.9495e-08 0.0583686 0.00239068 0.00545806 4.40514e-05 3.40591e-05 0.0203933 0.000413242 
0.365685 0.000104523 0.00109435 0.0233967 0.00699763 0.000970532 0.0224485 0.0814074 0.00320252 0.0867214 1.30536e-09 0.00146308 0.1095 0.0179163 0.000149352 0.0288068 0.000207708 0.02335 0.000109407 0.10397 0.0844594 0.0113103 0.000264491 0.00693777 0.0138098 0.00571785 
