0.187742 0.442743 9.42765e-05 0.00204489 9.84913e-06 0.0158045 0.0276983 0.000232202 0.000566786 0.0468905 3.05594e-06 9.27102e-06 0.000108009 0.0016816 6.84213e-06 0.147802 8.12574e-07 9.23305e-07 1.89846e-06 0.0612102 0.00174493 3.24887e-06 1.92884e-07 0.000238527 0.000628543 0.062734 
0.0222036 0.372304 4.95525e-07 0.000749219 1.14701e-05 1.38776e-06 0.0785634 0.0200772 0.00100737 0.011562 3.31287e-05 1.24037e-05 0.00584668 0.011222 0.0115142 0.0224596 1.14161e-07 1.29717e-07 1.19754e-06 0.204543 0.00124957 0.000179983 6.88776e-08 0.225196 0.00627824 0.00498376 
0.0261594 0.531049 2.9489e-07 0.0850821 2.81379e-05 8.49516e-08 0.0211165 6.91296e-07 9.26285e-07 0.000898668 7.44954e-06 3.88548e-07 0.0149683 0.0208449 0.00647905 0.0253687 4.78437e-08 5.43635e-08 0.00016212 0.043982 7.97851e-06 0.000403285 3.02705e-08 1.99395e-06 0.000569979 0.222868 
0.0127209 0.260495 1.87033e-05 0.0019874 3.60963e-05 3.6028e-08 0.0299355 3.74222e-05 0.000102556 0.254219 0.000583637 0.000279644 0.045372 0.0391756 7.63104e-05 0.170154 4.75913e-11 1.73053e-08 1.00923e-06 0.0702651 0.0127351 0.0304583 8.51917e-08 1.10509e-05 0.0158987 0.0554364 
0.0485888 0.208995 0.00574585 0.0251933 0.00105653 0.00120639 0.00857722 0.0126074 0.0087053 0.0329071 1.99021e-05 0.00154546 0.0816859 0.0835232 0.00576876 0.0261713 1.4515e-05 6.69154e-05 0.000408604 0.15221 0.0695874 0.00208716 0.000140358 3.15559e-05 0.0233712 0.199785 
0.00677922 0.991667 1.75407e-06 1.02177e-05 1.45454e-05 2.89835e-06 2.07915e-05 7.10176e-07 1.07802e-05 0.000311107 6.68739e-06 2.05732e-05 0.000168093 0.000108053 1.10406e-05 0.000336754 1.63232e-06 1.85476e-06 3.97712e-06 7.27693e-05 3.89686e-05 5.89876e-06 3.73942e-07 5.53957e-06 6.48652e-05 0.000333752 
0.00299891 0.266481 0.00051708 0.0107605 0.000435463 4.2827e-08 0.00079697 6.35142e-05 0.00227289 0.150648 1.07082e-11 7.2874e-10 0.239263 0.135615 0.00458494 0.0695219 1.42478e-11 7.30569e-08 6.6783e-08 0.00684229 0.038253 0.00639919 2.32821e-05 0.00031354 0.0017969 0.0624138 
0.0224129 0.272629 0.000535477 0.109407 0.000540604 2.54663e-06 0.00713165 0.00196334 0.00503964 0.0374073 3.27498e-05 0.00292922 0.035411 0.0339436 0.00149875 0.185846 2.49855e-06 2.45164e-06 3.18432e-06 0.0261551 0.198831 0.0427403 5.91187e-05 9.80947e-05 0.000982117 0.0143957 
0.0471332 0.299795 0.000217944 0.115259 0.0011249 3.77479e-08 0.00144735 0.0167396 0.0318614 0.0150678 1.59777e-08 0.00294044 0.0189093 0.0788582 0.00647427 0.190198 6.75423e-06 1.48823e-05 9.72869e-06 0.077961 0.0141446 0.00655613 3.99235e-05 4.54673e-05 0.000175732 0.0750186 
0.00717056 0.328838 0.00020721 0.00425848 0.000134336 1.2446e-07 0.000203174 0.00359934 0.000141178 0.0113341 4.39734e-08 4.18576e-08 0.00184003 0.00324762 0.00190298 0.1036 6.88482e-08 0.000107255 2.42283e-07 0.0515154 0.0561037 0.01266 1.45257e-06 0.100737 0.00239839 0.309999 
0.00461528 0.969962 7.94702e-08 6.13406e-06 9.69483e-06 1.27417e-05 1.59343e-05 3.72434e-07 2.86292e-06 0.000137478 0.000209152 2.88588e-06 8.93389e-05 6.67785e-05 0.000125694 0.0169337 3.96138e-08 4.50121e-08 3.10347e-05 0.000546024 0.00407846 0.00296051 1.40386e-08 4.12034e-07 9.6373e-06 0.000183361 
0.0125597 0.274282 0.000769953 0.0480569 0.0428039 2.39731e-06 1.21952e-05 4.80597e-07 0.0172985 0.207511 0.00137686 1.28855e-05 0.0307517 0.163958 0.00374151 0.0369928 1.35014e-06 0.000934641 2.9432e-06 0.0529294 0.00431299 3.91987e-06 3.11372e-07 5.20423e-06 0.000480008 0.101198 
0.000100952 0.33191 1.31501e-06 2.58868e-05 3.68409e-05 2.11499e-09 5.39005e-05 0.000529998 2.27959e-05 0.000979331 5.76266e-06 2.04766e-05 0.000515226 0.000317766 2.66599e-05 0.180097 1.19114e-09 2.72026e-07 1.71858e-06 0.183699 0.000102377 1.07556e-05 1.32549e-07 9.8867e-06 6.78694e-05 0.301463 
0.0239816 0.905291 1.31586e-06 0.000869425 0.00145123 2.99247e-06 0.00505569 5.82818e-07 0.000938032 0.00665703 5.26743e-06 0.00148531 0.00654026 0.00195887 0.00192094 0.00374432 1.68533e-06 1.91499e-06 3.61845e-06 0.017533 0.00131159 2.65232e-06 3.38439e-07 0.00657494 4.76876e-05 0.0146192 
0.00941645 0.368446 1.36948e-10 0.000443292 4.28445e-07 3.1144e-10 0.00130364 0.00263419 0.0100705 0.0797072 7.64496e-07 2.71647e-06 0.0371764 0.00867341 0.000219946 0.00609986 1.754e-10 1.99302e-10 2.28015e-07 0.360453 0.00191886 0.000149192 2.93659e-07 0.00346553 9.00367e-06 0.109809 
0.0155157 0.371391 3.51132e-05 0.000395908 0.000330784 0.0276311 0.0165933 0.125138 0.0014607 0.0265788 3.44022e-05 0.000886622 0.0136026 0.0112283 0.0162797 0.215404 3.48553e-07 0.00023362 6.37592e-06 0.0708135 0.0133954 8.68457e-05 5.67787e-07 9.66081e-05 0.0468994 0.0259612 
0.00343909 0.970477 8.78009e-07 0.000769352 6.52221e-06 1.51428e-06 0.000194876 3.35285e-07 4.99387e-06 0.000147411 3.10477e-06 0.00207162 0.000391938 5.09157e-05 0.0141441 0.000305002 8.52822e-07 9.69038e-07 1.96194e-06 0.00278027 1.82262e-05 2.73398e-06 1.90711e-07 0.00499834 2.93058e-05 0.000158149 
0.0315142 0.31081 3.02969e-07 0.113565 0.000111225 2.77309e-06 0.00101153 0.000450047 0.00360842 0.0184582 3.27782e-06 2.3429e-06 0.0904995 0.0155729 0.0181222 0.255201 5.42597e-06 6.77634e-05 5.52806e-06 0.0147143 0.0190807 0.00468526 0.0540043 2.17471e-05 0.0366788 0.0118032 
0.0647069 0.228931 0.0212298 0.0844014 6.92687e-05 0.000100699 0.00473531 0.000399398 0.00191476 0.00639544 2.95907e-05 0.0765222 0.0126967 0.0127048 0.0019777 0.1823 1.04198e-06 1.84533e-05 1.52523e-05 0.0436286 0.221782 0.00213996 0.000436342 0.0018248 0.0263043 0.00473443 
0.00150865 0.309847 0.000283616 0.0509696 0.000220028 3.16305e-06 0.000400991 0.00174243 0.00115067 0.0753703 9.93037e-10 5.40065e-08 0.119701 0.0678964 0.00230832 0.251968 1.32129e-09 5.39522e-06 4.30775e-06 0.00342583 0.0776439 0.0032237 1.27356e-05 0.000160271 0.00092266 0.0312311 
0.00587987 0.887754 1.69039e-07 1.36033e-05 2.24967e-05 1.59093e-08 0.00441942 0.0183725 6.80502e-06 0.0030131 1.48212e-05 8.67471e-06 0.000190623 0.000143194 6.07629e-06 0.000488045 8.95995e-09 2.63047e-05 2.42701e-05 0.0770298 6.43908e-05 1.02483e-05 2.29585e-08 1.22959e-06 0.0015819 0.000928201 
0.051343 0.74993 5.08191e-08 0.000800772 0.000133304 2.19405e-08 0.00447833 0.0117392 0.0140502 0.0308133 3.47553e-06 3.82667e-08 0.0089218 0.00242104 0.000239496 0.0215735 4.07384e-07 4.80187e-06 1.77895e-08 0.0480596 0.00137178 0.000186469 2.07764e-06 2.62689e-05 3.86974e-05 0.0538625 
0.0343793 0.341706 1.6955e-05 0.00307469 0.00106771 1.67971e-05 0.0156129 4.6617e-05 0.000513557 0.00761013 0.337013 0.00054305 0.00267282 0.0218718 0.00105752 0.124032 0.00094146 9.36735e-06 0.00436513 0.0385623 0.00655043 0.0059476 0.0197269 7.42549e-06 0.0177161 0.0149378 
0.00154025 0.528857 1.61558e-06 0.000268659 0.000358872 3.67407e-06 0.000115553 1.64084e-05 0.145124 7.67658e-05 1.55514e-06 1.48031e-06 0.00130274 2.86341e-07 0.00141658 0.000146183 2.06919e-06 2.35117e-06 2.97895e-06 0.000265118 6.36197e-05 7.61633e-07 3.9695e-07 2.44881e-06 6.89231e-07 0.320428 
0.00941645 0.368446 1.36948e-10 0.000443292 4.28445e-07 3.1144e-10 0.00130364 0.00263419 0.0100705 0.0797072 7.64496e-07 2.71647e-06 0.0371764 0.00867341 0.000219946 0.00609986 1.754e-10 1.99302e-10 2.28015e-07 0.360453 0.00191886 0.000149192 2.93659e-07 0.00346553 9.00367e-06 0.109809 
0.000548378 0.383444 5.55793e-06 0.0153748 0.0147122 4.67692e-06 0.000948195 0.00627744 0.00332952 0.0246267 1.18575e-09 0.00015982 0.0160207 0.18791 0.0390982 0.0659561 3.30068e-07 0.000751077 5.93946e-06 0.0618712 0.115506 0.00259118 0.0152433 1.6033e-05 0.0165312 0.0290676 
0.0022853 0.256384 5.54426e-05 0.0264715 0.000713219 1.37629e-06 0.0117639 0.000612539 0.0552026 0.0234869 0.00420153 0.000205377 0.090213 0.0454416 0.0101591 0.235417 3.18702e-05 6.28066e-06 6.9096e-06 0.0283561 0.0225156 0.00281349 0.0269778 0.00101634 0.0147056 0.140955 
0.019222 0.709499 5.54217e-08 0.00907154 1.51135e-05 3.42288e-08 0.0431502 4.29448e-07 0.000141207 0.000304897 7.83343e-06 1.33185e-05 0.000175733 0.000465561 3.15149e-06 0.0450557 1.92773e-08 2.19042e-08 1.60064e-07 0.0317467 4.39616e-05 0.0166859 8.25235e-09 5.2298e-07 0.000338175 0.124059 
0.0171404 0.318407 2.99935e-05 0.0775977 0.000160722 0.00790146 0.0678946 7.6946e-05 0.00667593 0.00460605 0.00196392 0.000181235 0.0620461 0.0930124 0.0039598 0.01827 1.49311e-06 1.17089e-07 0.000145972 0.13451 0.0360411 0.000929531 9.83441e-05 4.53763e-06 0.034262 0.114083 
0.107003 0.33443 0.0437541 0.0139375 0.00261351 1.81622e-07 0.0185708 0.0119461 0.00150566 0.0963901 0.0139387 8.52795e-08 0.00574839 0.0143768 2.59088e-06 0.0669439 9.51271e-07 4.48181e-06 0.0696616 0.0740748 0.0415635 0.0277221 0.00148115 0.0273479 0.0217916 0.00519043 
0.00643895 0.484455 9.68864e-05 0.00105981 3.64046e-05 3.51457e-09 0.0149864 0.00127875 4.07105e-05 0.120309 0.109788 4.60352e-07 0.0166443 0.0572563 0.000134183 0.0601807 1.97937e-09 2.2491e-09 1.16307e-08 0.0366513 0.00281132 0.0783811 5.34661e-08 9.07913e-07 0.000986143 0.00846402 
0.0268964 0.595756 0.00149019 0.00949303 8.0207e-05 1.65656e-05 0.00148801 0.000947863 0.000798251 0.00777239 0.000183706 0.0490748 0.0154152 0.0131394 0.00338637 0.0994623 8.54102e-06 2.36802e-06 4.88964e-07 0.0350471 0.0693066 0.00206637 0.0170251 0.000118524 0.0050801 0.0459443 
0.00731176 0.902951 6.03594e-07 6.04156e-07 0.00796938 6.0266e-07 6.04093e-07 0.00398835 6.04043e-07 6.04257e-07 6.03624e-07 6.03656e-07 0.00259886 0.00169236 0.00350306 0.00314273 6.03388e-07 6.0326e-07 6.02975e-07 0.0661677 0.000665186 6.03977e-07 6.04145e-07 6.03216e-07 6.04013e-07 6.04223e-07 
0.00173903 0.719819 9.51961e-07 0.00745418 2.3132e-05 1.47395e-06 0.0020119 5.83612e-07 1.22257e-06 0.000501562 5.79147e-06 0.000157486 0.000270131 8.52705e-06 0.202946 0.00638997 8.30112e-07 9.43233e-07 1.19509e-06 0.0237882 0.000584722 4.27134e-06 1.84131e-07 3.26799e-06 4.01078e-07 0.0342853 
0.0966152 0.682665 1.54836e-07 0.0442459 0.0198108 2.3017e-06 0.00384303 0.00040366 0.00149905 0.000159209 6.90956e-06 0.0458271 0.000160127 0.0249555 0.000985384 0.00443996 0.000118556 6.16838e-05 5.34384e-06 0.0430351 0.0292908 7.29946e-08 1.12769e-05 0.000104531 0.000357586 0.0013953 
0.00337528 0.462479 0.00162439 0.00084168 0.000544558 8.55183e-05 0.00511565 6.75404e-09 0.00336666 0.0186756 6.44344e-05 3.78367e-08 0.00903269 0.00575037 0.000478052 0.0250598 5.28884e-08 6.00956e-08 7.61418e-08 0.00109338 0.000821317 0.00273236 1.92821e-08 1.70508e-06 0.000241862 0.458615 
0.0431629 0.683129 4.72447e-08 0.00446298 0.000704992 7.51185e-10 0.000482806 1.73388e-07 0.00241052 0.0212038 3.40694e-06 0.185421 0.000711134 0.00961781 0.0043159 0.0051827 8.68041e-05 1.75738e-06 1.62061e-05 0.00587352 9.4737e-05 0.000419229 1.7376e-06 0.00109971 0.00914728 0.0224497 
0.00304977 0.931538 3.14331e-08 0.00318799 2.79406e-05 4.3213e-09 0.00119078 0.0331376 5.88654e-06 0.00334874 1.1356e-05 2.04898e-05 0.000267018 0.000282147 4.66558e-06 0.000453802 2.4337e-09 5.64107e-07 2.11931e-06 0.0215303 6.48103e-05 7.26378e-06 3.13107e-09 6.83486e-07 0.000844304 0.00102362 
6.37552e-05 0.620689 1.18476e-09 7.61666e-06 1.02258e-09 2.69433e-09 0.179188 1.41478e-06 1.32769e-05 6.79103e-05 1.5397e-05 5.47139e-05 5.29326e-05 4.90946e-05 6.29339e-06 0.00464691 1.51741e-09 1.7242e-09 4.5898e-06 0.194857 3.15414e-05 7.82005e-06 5.85107e-08 1.7958e-09 0.000181352 6.10573e-05 
0.0972615 0.542667 0.030518 0.0246987 0.0417157 0.00052084 0.00300894 0.0375752 0.0176905 0.001412 3.87055e-05 2.45348e-07 0.0144431 0.0539984 0.00765033 0.00215056 3.42949e-07 3.89684e-07 0.000224021 0.0948041 0.0067136 0.000410447 7.1134e-06 9.94478e-07 1.45168e-05 0.0224747 
6.78059e-06 0.999611 1.96733e-06 8.71126e-06 5.46458e-05 2.85889e-06 1.86326e-05 1.16332e-06 2.74323e-06 6.17834e-06 1.15723e-05 1.64712e-06 1.44299e-05 2.03389e-05 6.85213e-06 9.67622e-05 1.61009e-06 1.8295e-06 2.318e-06 5.23317e-05 1.40589e-05 9.29994e-06 3.67044e-07 7.24811e-06 7.8611e-07 4.37656e-05 
0.000401965 0.99541 1.42935e-07 1.76946e-05 3.82666e-05 8.45157e-08 4.66887e-05 1.10196e-06 1.0758e-05 0.000771848 1.99809e-05 3.45522e-05 0.000445092 0.000279748 8.09995e-06 0.000770788 4.75982e-08 5.40846e-08 4.77608e-07 0.000226924 0.000111632 1.28076e-05 2.18953e-08 1.34865e-06 0.000696219 0.000693303 
0.0251558 0.580384 8.33465e-08 0.00168303 0.000171327 9.36922e-05 3.28834e-05 0.000972015 0.00301805 0.000286536 1.27761e-05 0.006409 0.000185924 0.0228906 0.00237464 0.169883 2.80667e-06 2.16117e-09 6.91326e-05 0.0667183 0.00485711 0.00218195 1.0537e-08 0.000148642 0.00718282 0.105286 
0.0347234 0.554411 0.00448587 0.000109125 0.0226641 1.21673e-07 0.00624008 0.000254037 0.000242371 0.0906994 0.000145096 0.00416004 0.0245289 0.00542981 0.000146274 0.171982 6.75385e-07 0.000316328 6.2733e-07 0.0187408 0.0354032 0.00367018 7.71705e-06 0.000137162 0.00254857 0.0189526 
0.000103039 0.572535 2.8804e-05 0.000143584 0.000233476 1.74111e-06 0.00810191 3.14443e-05 4.64401e-06 0.0238763 7.31304e-06 0.000195567 0.0158786 0.00572025 5.4709e-05 0.133016 9.92108e-09 8.38467e-07 1.44644e-06 0.00617783 0.00969682 0.000118668 2.10591e-07 9.6298e-06 0.0032735 0.220788 
0.109304 0.8553 3.68441e-07 0.000195615 8.83622e-06 0.000150812 0.000755529 4.39251e-07 2.67088e-06 0.00789447 5.89918e-06 4.71447e-06 5.54494e-05 4.23017e-05 0.000230129 0.00641166 3.31833e-07 3.77053e-07 8.02676e-07 0.000662937 1.96488e-05 0.00677876 7.38162e-06 0.000210469 0.00316699 0.0087895 
0.0906779 0.262136 2.2061e-07 0.00618304 2.20647e-07 2.20269e-07 0.00911896 0.0016123 0.00644682 0.13737 0.0029786 0.0111201 0.0925579 0.0516303 0.00189834 0.0883407 2.20535e-07 2.20488e-07 0.000463027 0.0452756 0.027161 0.00309073 4.4383e-05 2.20472e-07 0.0792102 0.0826829 
0.00220771 0.43875 1.06622e-06 2.44798e-07 0.000169654 5.18272e-05 0.302542 1.7439e-07 0.000543616 0.0011423 1.02633e-06 9.7695e-07 0.000177401 0.137072 0.00727827 0.0430854 1.36559e-06 9.97474e-06 1.96599e-06 0.0152798 0.0406117 5.68598e-05 8.20043e-06 1.61612e-06 0.00056166 0.0104429 
0.000127759 0.997886 7.45319e-07 1.55889e-05 2.86258e-05 9.67367e-07 3.86341e-05 1.3715e-06 9.02431e-06 0.000301994 1.93753e-05 1.57246e-05 0.000198266 0.000150768 8.43956e-06 0.000496778 5.4481e-07 6.19053e-07 1.89322e-06 0.000161623 6.95688e-05 1.27051e-05 1.45664e-07 3.05157e-06 5.09049e-05 0.000399286 
0.0127011 0.314501 2.53679e-05 0.0500348 2.15655e-09 1.04828e-05 0.00827318 0.00100386 8.68426e-05 0.0146855 2.40512e-09 0.000320098 0.00167702 0.00518439 0.0449288 0.109019 5.72193e-09 0.000150128 9.39263e-07 0.125082 0.0117087 0.00187999 5.4432e-07 9.06345e-07 0.0206928 0.278033 
0.0929668 0.843907 2.98938e-07 9.35395e-06 1.69405e-05 3.19373e-07 2.3736e-05 6.91214e-07 0.0337096 0.000194951 1.06104e-05 5.56098e-06 0.000127127 9.56553e-05 0.00199323 0.00952816 1.79867e-07 6.9412e-05 5.99812e-07 0.000105479 4.3146e-05 7.25108e-06 5.23943e-08 1.40521e-06 0.00940066 0.00778196 
0.000124924 0.59378 3.31033e-07 0.17887 0.00688989 9.66461e-09 3.82613e-05 1.3448e-06 0.0108867 0.000298703 1.94218e-05 1.27283e-05 0.0001958 0.0473328 0.00209128 0.112561 5.44299e-09 6.18472e-09 8.93003e-07 0.000161203 0.00393546 0.0423579 3.99137e-08 2.4647e-06 4.19112e-05 0.000396583 
0.0748809 0.528268 2.08556e-07 0.00438391 0.00376062 1.64137e-07 0.000692775 0.0313533 0.00691532 0.0225215 6.69328e-07 2.19784e-06 0.0103552 0.011725 0.00728919 0.0113012 9.24403e-08 1.05037e-07 0.00024225 0.024297 0.000523719 0.0001759 9.80246e-07 3.69693e-05 7.09658e-06 0.261266 
0.0261711 0.678361 0.000472251 0.00671408 5.31059e-05 8.48466e-07 0.00422806 0.00279267 0.000609808 0.0269235 0.00058295 0.00655855 0.0312248 0.00915607 0.0132887 0.113281 3.8181e-07 2.8061e-06 1.42063e-05 0.0219839 0.00426594 0.00373899 5.68708e-07 0.000245007 0.00275485 0.0465752 
0.0170707 0.252727 0.000415748 0.0614656 0.00104159 1.7885e-06 0.00834558 0.00638403 0.00664693 0.0341924 2.31463e-05 0.00378103 0.0770166 0.0298697 0.00221903 0.172166 1.95222e-06 5.5792e-06 8.30223e-06 0.127759 0.157755 0.0236721 0.00013442 9.01617e-05 0.000484203 0.0167232 
6.67565e-05 0.186922 5.11516e-05 0.0148383 0.0249096 8.51445e-06 0.0185564 0.0348366 0.0112385 0.0152736 1.28329e-08 1.40431e-06 0.0214661 0.0620133 0.0535527 0.0732912 2.07323e-06 2.99662e-05 2.45822e-08 0.136609 0.169245 0.00580383 0.0300901 1.50873e-05 0.018187 0.122991 
0.00354857 0.978575 7.48851e-08 9.5869e-06 2.06986e-05 6.18192e-06 2.53411e-05 5.88472e-07 5.79235e-06 0.00042065 0.000824601 1.85895e-05 0.000242492 0.000152312 8.14191e-05 0.0103745 2.82386e-08 3.20868e-08 1.75032e-05 0.000423488 0.00262996 0.0018653 1.17098e-08 7.01789e-07 0.000378908 0.000377793 
0.00299891 0.266481 0.00051708 0.0107605 0.000435463 4.2827e-08 0.00079697 6.35142e-05 0.00227289 0.150648 1.07082e-11 7.2874e-10 0.239263 0.135615 0.00458494 0.0695219 1.42478e-11 7.30569e-08 6.6783e-08 0.00684229 0.038253 0.00639919 2.32821e-05 0.00031354 0.0017969 0.0624138 
0.00478475 0.412223 9.64273e-05 0.317343 6.30409e-06 1.17319e-05 0.000125916 0.00055557 0.00122578 0.0309024 5.51804e-06 4.17294e-05 0.0084295 0.0717878 1.9346e-05 0.0357444 0.00051548 5.91042e-06 6.47139e-05 0.00459585 0.0108651 0.0250332 2.28828e-05 1.24698e-05 0.00366541 0.0719163 
0.00220844 0.371548 0.00711179 0.0315385 0.000670134 0.000163527 0.00814582 0.0031671 0.00208833 0.0173181 2.78628e-06 0.00866231 0.0433855 0.0797328 0.00416513 0.139603 9.21486e-05 0.00461894 4.16283e-06 0.0206259 0.0735097 0.00725683 0.0019263 0.00171854 0.140388 0.0303489 
0.00329469 0.503594 0.000448741 0.0982584 0.0139606 0.000149441 0.0593995 0.00195533 8.68007e-05 0.00551149 3.08747e-07 0.00292856 0.000104286 0.00297306 0.000266503 0.0199274 9.10404e-06 2.63749e-05 0.000117516 0.275118 0.00769883 0.00144695 3.13093e-07 0.000178099 0.00114657 0.00139938 
0.117715 0.299939 0.106158 0.0146436 0.00526264 8.03348e-05 0.0153894 0.000657701 0.00324533 0.0654542 5.78165e-06 3.3265e-06 0.0289294 0.035986 0.019886 0.0828144 0.000237927 3.83245e-08 0.0886905 0.0197871 0.00225444 0.00679017 3.5156e-05 2.66278e-06 7.83698e-05 0.0859542 
0.00821972 0.5191 6.97299e-07 0.0145437 2.86645e-09 7.55264e-09 1.04834e-09 5.43195e-10 0.00155249 0.0181448 2.43849e-06 3.04302e-09 0.00137969 4.69298e-06 1.88788e-06 0.434445 4.8695e-08 2.05574e-05 1.02096e-07 1.78042e-06 4.4468e-06 0.00255303 2.33921e-07 6.62467e-07 1.89271e-05 4.67398e-06 
0.00792412 0.844632 1.72714e-07 1.36092e-05 2.25271e-05 2.21559e-08 0.00504914 8.44637e-05 6.81098e-06 0.00029249 0.0698587 8.68692e-06 0.00622096 0.00014321 0.00851141 0.0187239 1.24779e-08 8.51781e-05 5.7789e-07 0.0365346 6.44016e-05 1.02543e-05 2.37195e-08 1.24074e-06 0.00142243 0.000389088 
0.00239943 0.907294 0.00103033 0.00277875 0.000405918 4.13418e-05 0.00101489 0.00744428 0.000540267 0.00553003 5.26658e-05 0.000877422 0.00484572 0.0130208 0.000930356 0.0122277 2.57576e-05 0.000260321 1.86186e-05 0.0135161 0.00931048 0.00152686 0.00525531 9.24855e-05 0.00390196 0.00565783 
0.0535789 0.439773 3.82903e-05 0.0334628 0.000706093 4.58763e-05 0.000534045 0.00333308 0.00973432 0.0188626 8.58828e-06 0.0191981 0.0489477 0.179271 0.0142689 0.0107617 1.56393e-05 2.81817e-05 0.000194491 0.0505951 0.00354341 0.0139255 0.000305393 0.000687446 0.00972228 0.0884581 
0.0224129 0.272629 0.000535477 0.109407 0.000540604 2.54663e-06 0.00713165 0.00196334 0.00503964 0.0374073 3.27498e-05 0.00292922 0.035411 0.0339436 0.00149875 0.185846 2.49855e-06 2.45164e-06 3.18432e-06 0.0261551 0.198831 0.0427403 5.91187e-05 9.80947e-05 0.000982117 0.0143957 
0.0170707 0.252727 0.000415748 0.0614656 0.00104159 1.7885e-06 0.00834558 0.00638403 0.00664693 0.0341924 2.31463e-05 0.00378103 0.0770166 0.0298697 0.00221903 0.172166 1.95222e-06 5.5792e-06 8.30223e-06 0.127759 0.157755 0.0236721 0.00013442 9.01617e-05 0.000484203 0.0167232 
0.00299891 0.266481 0.00051708 0.0107605 0.000435463 4.2827e-08 0.00079697 6.35142e-05 0.00227289 0.150648 1.07082e-11 7.2874e-10 0.239263 0.135615 0.00458494 0.0695219 1.42478e-11 7.30569e-08 6.6783e-08 0.00684229 0.038253 0.00639919 2.32821e-05 0.00031354 0.0017969 0.0624138 
0.0437803 0.283887 0.00572648 0.00452653 0.000161222 0.000301862 0.0134801 0.00645557 0.00158975 0.169202 9.98729e-06 0.00058048 0.0514063 0.028695 0.00278669 0.185154 2.46087e-07 0.000639823 5.10692e-05 0.0991706 0.00296865 0.00719561 5.62734e-05 5.77866e-05 0.0184743 0.0736421 
0.00408064 0.981881 1.70413e-07 7.27648e-06 6.24508e-05 4.68305e-05 1.38749e-05 2.98398e-05 4.04921e-06 0.000209103 2.13142e-07 7.11977e-07 0.000819664 6.72407e-05 1.07929e-05 0.000320727 2.32541e-08 2.6423e-08 1.58482e-06 0.0120523 1.94846e-05 8.53165e-05 1.45518e-08 3.13764e-06 2.31253e-06 0.000281155 
0.0587199 0.46855 1.05451e-05 0.0447626 0.000112097 1.67243e-05 0.0080701 1.74442e-05 0.000223678 0.0120716 0.000188614 0.000356935 0.0013015 0.157991 0.00329735 0.00289412 0.000190728 8.49404e-07 3.18507e-06 0.00193452 0.0046688 0.0046672 1.84381e-05 0.000750071 0.00200397 0.227178 
0.0885356 0.300301 3.53851e-07 0.00181675 0.0265719 5.0696e-07 0.0301809 0.0001358 0.0148952 0.208359 2.56393e-05 5.23731e-06 0.0315715 0.0958211 7.245e-06 0.0433177 1.20512e-09 1.4551e-06 2.25214e-07 0.0144109 6.64038e-05 1.52337e-05 3.28433e-08 2.65623e-06 1.59563e-05 0.143941 
0.190304 0.507601 0.000385849 0.000149317 0.00323358 6.15255e-08 0.00627788 0.0158969 0.00038461 0.051925 2.2771e-06 2.48145e-05 0.0103085 0.0145154 0.000523073 0.0248712 3.46504e-08 0.000624421 4.93256e-06 0.0925297 0.000814802 0.00130602 5.83446e-05 0.000133002 0.0157522 0.0623727 
0.0332915 0.288956 0.0136148 0.000141062 8.46725e-06 1.75914e-08 0.00575649 0.00131106 0.00501799 0.0368596 1.08005e-05 0.012435 0.0202408 0.0305978 0.000151548 0.2476 3.26312e-09 7.05435e-06 8.36632e-08 0.037488 0.00156699 0.00727884 3.5604e-05 5.42163e-05 0.105527 0.152049 
0.000400172 0.9231 1.05214e-07 1.73386e-05 0.000800151 2.23995e-05 4.60066e-05 1.03564e-06 0.00158594 0.000769817 1.92691e-05 3.30832e-05 0.00397448 0.00298778 7.69061e-06 0.0386193 3.47503e-08 3.94858e-08 3.3789e-07 0.000226156 0.000110599 1.24115e-05 1.56245e-08 1.12515e-06 0.000691416 0.0265733 
0.0388647 0.286953 0.0011171 0.02899 0.000180974 6.43808e-05 0.00713485 0.00663073 0.00412985 0.083104 0.000151189 0.0199004 0.0483719 0.0764775 0.0323111 0.1376 7.89207e-05 0.016381 0.000205761 0.0761004 0.0341511 0.046569 0.00403527 0.000374502 0.0121567 0.0379653 
0.0191209 0.275938 0.00094185 0.099645 0.000623189 1.31984e-05 0.00152981 0.00612657 0.00248543 0.124089 2.32966e-09 0.000243513 0.0312207 0.0151349 0.0110144 0.0744161 2.91179e-06 0.0035967 2.07174e-06 0.0623397 0.0632475 0.0398505 0.000522734 0.00148143 0.0180524 0.148361 
0.184356 0.558707 0.00183058 0.000366212 0.00120549 6.30309e-06 0.0067122 5.54101e-06 0.000314439 0.00103517 1.64366e-05 1.3324e-06 0.00190648 0.00124558 0.00264139 0.0426828 1.14763e-05 1.05111e-05 3.03851e-05 0.0297705 0.00138127 0.0687662 0.0439273 0.000625947 0.000719863 0.051724 
0.00767219 0.699339 1.04673e-08 0.0919676 0.000236797 2.63871e-10 2.09773e-05 0.000156761 0.0762964 0.00438426 7.30613e-06 0.0385706 0.000122333 0.0140054 0.00217817 0.0401726 1.48609e-10 5.29625e-08 8.35556e-05 0.00218129 0.00782686 0.000804858 2.48046e-05 6.33257e-05 0.00582676 0.0080578 
0.187 0.328543 0.00120423 0.13709 0.000194185 0.00155731 0.0303803 7.00548e-05 0.0133906 0.0143615 0.000618947 0.0679076 0.0158937 0.0213513 0.00313466 0.0273245 0.000133069 1.07089e-05 0.000464476 0.120625 0.0112236 0.000274224 3.05448e-05 0.000508118 0.000211698 0.0164965 
0.123969 0.245817 0.000156453 0.000922928 0.00194272 1.95249e-05 0.0333003 0.00606002 0.000381332 0.0284447 6.64013e-05 2.111e-05 0.0206387 0.0152399 0.126592 0.0681655 2.34436e-06 2.89581e-06 6.01468e-06 0.0878953 0.0132289 0.00282449 0.0621584 0.090384 0.00833093 0.0634283 
0.0123329 0.406571 8.99593e-06 0.000518144 0.00126637 0.0195497 0.00423045 1.83108e-05 0.000469004 0.0631244 2.65257e-05 3.15163e-05 0.0069109 0.00628308 0.0641862 0.142265 1.25386e-06 1.55748e-06 3.89471e-06 0.23357 0.00569405 0.00311383 0.017452 6.48058e-07 0.00226644 0.0101042 
0.0319926 0.914986 1.1069e-07 0.000422735 1.43354e-05 4.702e-08 2.23962e-05 2.61275e-05 7.40806e-05 0.000662884 8.97091e-06 3.54148e-06 0.00233039 0.000211603 3.64875e-06 0.000323105 2.64811e-08 3.00898e-08 2.22863e-07 0.046945 4.14795e-05 0.00123508 1.53784e-08 7.08481e-07 1.18603e-05 0.000683128 
0.00617941 0.576341 0.000746376 0.00145109 0.000364135 1.23803e-05 0.00103694 0.000909697 7.16126e-05 0.0210883 0.000460835 2.97143e-06 0.00723031 0.00579184 0.000252494 0.143785 1.49141e-08 1.69464e-08 5.93382e-05 0.0914248 0.0987465 0.0145408 2.56914e-05 0.0136483 0.00868091 0.00714933 
0.00150865 0.309847 0.000283616 0.0509696 0.000220028 3.16305e-06 0.000400991 0.00174243 0.00115067 0.0753703 9.93037e-10 5.40065e-08 0.119701 0.0678964 0.00230832 0.251968 1.32129e-09 5.39522e-06 4.30775e-06 0.00342583 0.0776439 0.0032237 1.27356e-05 0.000160271 0.00092266 0.0312311 
0.0302496 0.220943 0.000485947 0.0354424 0.000558878 0.000139863 0.00896459 0.00412507 0.101625 0.183689 4.68817e-05 0.0286161 0.0423146 0.020111 0.00164784 0.0917432 8.13391e-06 0.000254755 5.57417e-05 0.0209734 0.140757 0.0069381 0.00165846 0.000436238 0.0133529 0.0448618 
0.0164752 0.622122 3.80569e-06 0.0257962 0.000724858 7.91114e-06 0.0206572 0.000194891 0.0229063 0.0307037 4.38026e-06 0.000224111 0.0131897 0.00645081 0.114582 0.0327513 4.63668e-09 9.69423e-07 3.4402e-07 0.0529759 0.00687755 0.00239729 4.24915e-07 5.94574e-07 0.00288776 0.0280647 
0.00313427 0.263696 5.96116e-06 0.0125984 0.000182833 2.27426e-08 7.3499e-06 0.00219334 0.000272752 0.0695394 0.000707333 0.0671515 0.0484472 0.174491 0.00180754 0.138017 7.55425e-07 1.45538e-08 1.84398e-08 0.0337485 0.00480019 0.000665756 8.67971e-06 0.000192199 0.170469 0.00786289 
0.00421447 0.88186 0.000811413 0.00101947 7.18421e-05 5.46278e-06 0.00215421 8.39343e-05 0.00019418 0.00294775 1.95899e-05 0.00525838 0.000326339 0.0337203 0.000271886 0.0333104 6.92371e-09 2.62384e-06 1.86808e-06 0.0273336 0.00302876 0.0016419 5.37743e-07 1.81397e-05 6.25328e-05 0.00164015 
0.0689758 0.341286 0.000491205 0.0833199 0.00359397 2.06291e-07 0.00586759 0.0531493 0.0630697 0.0655521 4.19626e-06 0.000526726 0.0423949 0.0118002 0.00942624 0.0853708 3.74199e-07 0.000301813 2.63069e-05 0.0208678 0.00610223 0.00186341 6.41866e-05 0.000148747 0.000866916 0.13493 
0.00391392 0.79127 5.46578e-07 0.011809 0.000144211 6.59733e-06 0.00597586 0.000517565 0.0480231 0.0246768 0.00010103 6.39411e-05 0.00337995 0.0166778 0.00274104 0.0491332 2.18252e-06 1.8109e-05 8.23002e-07 0.0134495 0.00139369 0.00020027 1.30506e-06 0.000147937 0.00136569 0.0249858 
0.00617941 0.576341 0.000746376 0.00145109 0.000364135 1.23803e-05 0.00103694 0.000909697 7.16126e-05 0.0210883 0.000460835 2.97143e-06 0.00723031 0.00579184 0.000252494 0.143785 1.49141e-08 1.69464e-08 5.93382e-05 0.0914248 0.0987465 0.0145408 2.56914e-05 0.0136483 0.00868091 0.00714933 
0.000131251 0.576706 0.000131113 0.000131235 0.000131135 0.00013091 0.0526199 0.000131246 0.000131211 0.000131257 0.00013112 0.000131127 0.000131255 0.000131244 0.000131174 0.000131257 0.000131069 0.000131041 0.000130979 0.367658 0.000131237 0.000131196 0.000131233 0.000131031 0.000131204 0.00013125 
0.0217003 0.484343 6.36126e-07 0.0688197 2.76194e-05 0.0023355 0.00124363 6.54821e-05 0.0214193 0.1561 5.8166e-06 5.97192e-07 0.00981066 0.11831 0.00488461 0.045036 9.50359e-06 0.000110026 6.76302e-07 0.00639306 0.00376297 4.74835e-06 2.60704e-05 2.58214e-06 0.00149178 0.0540968 
0.0152812 0.691111 0.0664578 0.000436607 0.00723118 1.78301e-10 0.0505019 7.14855e-05 0.00321306 0.00192085 1.26319e-05 0.0148798 0.000222217 0.0213905 0.000126881 0.0248536 1.00417e-10 1.14101e-10 5.689e-08 0.0615458 0.00174599 0.000495484 3.31563e-09 9.14272e-07 0.0381156 0.000385056 
0.00150865 0.309847 0.000283616 0.0509696 0.000220028 3.16305e-06 0.000400991 0.00174243 0.00115067 0.0753703 9.93037e-10 5.40065e-08 0.119701 0.0678964 0.00230832 0.251968 1.32129e-09 5.39522e-06 4.30775e-06 0.00342583 0.0776439 0.0032237 1.27356e-05 0.000160271 0.00092266 0.0312311 
5.46779e-09 0.25344 4.17203e-08 0.0171498 0.0211096 9.48784e-08 0.00684038 0.0047258 0.00558061 0.0110199 7.48606e-06 2.75996e-06 0.0409306 0.0869423 0.0591054 0.060885 5.34344e-08 5.15772e-06 7.69279e-08 0.22117 0.0528985 0.00700701 0.0327643 8.82959e-07 0.0126779 0.105736 
0.00803395 0.982623 8.85062e-07 0.00414299 4.50904e-05 9.47118e-07 1.56254e-05 6.99043e-07 1.70472e-06 4.03837e-06 7.22738e-06 7.07863e-07 1.24188e-05 1.77135e-05 4.26594e-06 9.18135e-05 0.000160418 6.06094e-07 7.67928e-07 0.000988811 1.18739e-05 6.87705e-06 1.40706e-07 4.15629e-06 3.42239e-07 0.00382322 
0.152198 0.52713 0.000211193 0.000259979 0.00227413 4.50657e-05 0.000470897 0.000114169 0.000665731 0.142466 5.16066e-07 0.00386448 0.00729969 0.00427294 0.000267785 0.0130791 9.49107e-05 0.000210703 0.00252906 0.0026462 0.00203504 0.121879 0.000156288 4.05977e-06 0.0114521 0.00437175 
0.00299891 0.266481 0.00051708 0.0107605 0.000435463 4.2827e-08 0.00079697 6.35142e-05 0.00227289 0.150648 1.07082e-11 7.2874e-10 0.239263 0.135615 0.00458494 0.0695219 1.42478e-11 7.30569e-08 6.6783e-08 0.00684229 0.038253 0.00639919 2.32821e-05 0.00031354 0.0017969 0.0624138 
0.00871704 0.536468 0.00312444 0.0189359 4.82782e-05 7.15239e-05 0.00242728 0.0183709 0.00234347 0.0499349 3.85488e-06 0.000664609 0.0257864 0.0412151 0.00162831 0.0272457 1.55458e-05 6.54338e-07 0.0290122 0.0459411 0.0345236 0.00292428 0.126893 3.60725e-05 0.001633 0.0220351 
0.0206755 0.783108 0.000349401 0.00210259 0.00261994 0.000276895 0.00114732 7.43164e-05 0.00262669 0.0106378 3.06357e-06 0.00349473 0.0084161 0.0618455 5.33405e-05 0.0177224 2.30858e-09 0.00836357 6.96589e-09 0.0120734 0.0238558 0.000189188 3.93558e-06 8.12881e-05 6.37394e-07 0.0402783 
0.00150865 0.309847 0.000283616 0.0509696 0.000220028 3.16305e-06 0.000400991 0.00174243 0.00115067 0.0753703 9.93037e-10 5.40065e-08 0.119701 0.0678964 0.00230832 0.251968 1.32129e-09 5.39522e-06 4.30775e-06 0.00342583 0.0776439 0.0032237 1.27356e-05 0.000160271 0.00092266 0.0312311 
0.0493035 0.540351 1.72783e-05 0.00211735 1.68621e-05 2.82975e-09 0.0246775 0.000797872 0.000377503 0.0128069 9.9378e-06 0.00123384 0.0170321 0.00519643 0.00449259 0.136484 1.59368e-09 1.81086e-09 9.33107e-06 0.170677 0.00149963 0.00894122 3.38516e-07 0.000182695 0.000674011 0.0231003 
0.0697605 0.233286 7.62566e-07 0.151967 8.89651e-05 1.07171e-06 0.000888993 0.00107077 0.00414709 0.0550963 1.75157e-06 0.00184844 0.0534416 0.0779844 0.00602916 0.144369 0.000499053 2.0922e-05 5.63015e-07 0.0433371 0.0306695 0.0233539 1.76756e-05 0.000762115 0.0230147 0.0783435 
0.00299891 0.266481 0.00051708 0.0107605 0.000435463 4.2827e-08 0.00079697 6.35142e-05 0.00227289 0.150648 1.07082e-11 7.2874e-10 0.239263 0.135615 0.00458494 0.0695219 1.42478e-11 7.30569e-08 6.6783e-08 0.00684229 0.038253 0.00639919 2.32821e-05 0.00031354 0.0017969 0.0624138 
1.63339e-06 0.948241 3.03601e-07 0.00029832 0.000157123 2.05136e-05 4.14224e-06 2.11837e-05 2.14051e-06 2.79781e-08 2.92244e-07 2.78182e-07 4.13977e-06 0.000177216 0.00194346 0.0168025 1.21159e-05 4.41834e-07 4.34163e-06 0.0314387 0.000452433 0.000285738 0.000125637 6.56675e-06 1.29521e-07 4.17901e-08 
0.0156137 0.433469 0.0120268 0.00100353 0.00289384 0.000163104 0.00908932 0.000400716 0.010294 0.0417359 1.80038e-06 3.88878e-05 0.0279522 0.0575993 0.000245816 0.0218704 6.59211e-08 6.82871e-05 0.000116553 0.008029 0.00683503 0.000779824 0.0019745 1.74558e-05 0.0038941 0.343887 
0.147954 0.474724 3.07484e-06 0.0061882 0.00171779 0.00106647 0.00429648 1.67273e-05 0.0143572 0.000665156 8.09658e-07 0.00963682 0.0137892 0.0523557 0.00147247 0.022666 1.27187e-06 4.23371e-08 0.000221262 0.083511 0.0553219 0.00834999 1.35972e-06 3.97896e-06 0.0103681 0.0913111 
1.17879e-05 0.972578 0.000187828 9.44902e-05 7.29757e-06 1.31521e-05 0.000156619 4.7164e-05 7.00762e-07 0.00274065 6.25474e-06 5.1384e-05 0.000388948 0.00320947 8.46079e-05 0.0106367 4.58361e-07 0.000100247 5.11788e-06 0.00175197 0.00106686 0.000505499 1.14619e-06 2.03448e-05 0.00408839 0.00224513 
0.00121535 0.838725 0.000545843 0.00262165 0.000421473 2.17531e-06 0.00922677 0.000572912 0.000313376 0.0391924 0.000180932 0.000527737 0.0321703 0.00727277 0.000288832 0.0379352 2.04623e-07 4.14859e-07 8.91213e-07 0.0114757 0.00162448 0.00126966 1.09379e-06 0.000665462 0.00495951 0.0087898 
0.00530548 0.524927 4.83138e-07 7.9118e-06 0.000897523 0.000416001 0.0129224 2.9589e-07 0.1055 0.0888393 3.04648e-06 1.02936e-05 0.0073941 0.0169102 7.52512e-06 0.0641231 2.7243e-07 3.09555e-07 1.23898e-06 0.00736517 0.000935705 0.000477524 7.07364e-06 0.000422689 0.0104178 0.153108 
0.0929668 0.843907 2.98938e-07 9.35395e-06 1.69405e-05 3.19373e-07 2.3736e-05 6.91214e-07 0.0337096 0.000194951 1.06104e-05 5.56098e-06 0.000127127 9.56553e-05 0.00199323 0.00952816 1.79867e-07 6.9412e-05 5.99812e-07 0.000105479 4.3146e-05 7.25108e-06 5.23943e-08 1.40521e-06 0.00940066 0.00778196 
0.186239 0.282626 5.86577e-07 0.0233281 0.00170964 1.33397e-06 0.00899581 9.59404e-08 0.00586659 0.000208082 3.83591e-05 0.000353756 0.000623883 0.0132323 0.014815 0.1813 1.29422e-05 0.00203902 0.00043387 0.0907761 0.00165218 0.000537264 2.3937e-06 7.48299e-05 0.0036106 0.181522 
0.0132827 0.64272 8.15864e-07 5.71769e-06 7.21282e-06 1.31066e-06 0.0403207 2.91778e-07 5.57645e-06 0.00020012 2.70444e-06 0.000664225 0.0428484 0.065118 0.0692659 0.016365 7.38147e-07 8.38736e-07 0.00867534 0.0113867 2.25522e-05 2.8813e-06 1.69934e-07 2.6755e-06 0.0056557 0.083444 
0.00941645 0.368446 1.36948e-10 0.000443292 4.28445e-07 3.1144e-10 0.00130364 0.00263419 0.0100705 0.0797072 7.64496e-07 2.71647e-06 0.0371764 0.00867341 0.000219946 0.00609986 1.754e-10 1.99302e-10 2.28015e-07 0.360453 0.00191886 0.000149192 2.93659e-07 0.00346553 9.00367e-06 0.109809 
0.0377202 0.326571 0.000517655 0.0133215 7.2924e-05 2.3973e-06 0.0505328 0.000599823 4.99191e-06 0.0755662 0.000762452 0.000298368 0.0158097 0.0669332 0.000123963 0.220901 6.57983e-07 0.000223235 4.61546e-05 0.0937284 0.0157498 0.0203568 1.45484e-05 0.000187528 0.024535 0.0354202 
0.00616546 0.491871 0.0053223 0.00126668 0.00467203 0.000235366 0.0108636 0.000684728 0.00359035 0.0274114 2.29386e-06 7.67045e-05 0.0205356 0.045448 0.000291162 0.0295053 2.20808e-07 9.64523e-05 0.00226097 0.0101055 0.00857187 0.00117615 0.00674698 2.06121e-05 0.00499497 0.318084 
0.00454926 0.329353 1.86471e-05 0.014306 0.000880972 3.13637e-08 0.00357132 0.000635293 0.00352255 0.0208265 9.29299e-05 8.32891e-05 0.00688151 0.101393 0.0102267 0.172567 8.4296e-11 1.5077e-08 1.46087e-05 0.0624301 0.0126774 0.000210863 5.94514e-08 0.00112632 0.0482339 0.206399 
0.00170328 0.84336 0.00207874 0.00115928 5.06217e-05 4.06737e-06 0.000674521 0.000476624 6.22343e-05 0.00983584 1.63216e-05 0.000573793 0.00266888 0.0138268 5.41794e-05 0.0182835 1.96288e-07 5.96986e-06 3.06674e-06 0.0274716 0.00615053 0.000869893 0.000281774 2.06142e-05 0.00727621 0.063091 
0.111216 0.651734 2.40099e-06 0.000306661 2.07231e-06 5.46023e-06 0.163827 0.000138679 9.21427e-07 0.0189771 2.31117e-06 2.19997e-06 2.55956e-07 0.00299236 0.00104042 0.00254117 3.07514e-06 3.49419e-06 4.42718e-06 0.0462756 0.000390026 1.1319e-06 5.8993e-07 3.6393e-06 1.0243e-06 0.000528059 
0.0307148 0.462468 0.0458349 0.00736774 0.00827622 1.42975e-07 0.0184502 0.0672357 0.000412353 0.029373 8.65031e-06 0.0195746 0.0470166 0.00460186 0.000743905 0.064428 3.48294e-06 3.15279e-07 8.39734e-06 0.0471815 0.00892961 0.122548 4.45505e-05 7.60286e-05 0.00262267 0.0120797 
0.0904919 0.418241 1.7352e-07 0.0024532 0.00269212 0.0233748 0.126893 0.000616946 0.00197502 0.0525523 2.99068e-05 1.60514e-05 0.000187881 0.00279647 4.53651e-06 0.0337521 1.63568e-06 7.00325e-08 3.67796e-07 0.0291425 0.00489787 2.04446e-06 2.51322e-08 1.24548e-06 0.0107864 0.199091 
0.0365435 0.580511 2.31533e-08 0.000694483 0.000383495 6.01589e-11 0.0195401 0.0115187 0.0001798 0.00833056 0.112074 7.13756e-05 0.00735623 0.00264983 0.0130256 0.0381327 3.38808e-11 5.88868e-06 1.57142e-06 0.142134 0.00172972 0.00036525 8.36608e-06 6.31077e-07 0.00806438 0.0166791 
0.000101043 0.979541 5.27488e-07 2.31101e-05 1.47703e-05 1.49034e-09 4.97396e-05 5.49674e-07 2.08255e-05 0.000973579 5.98194e-06 2.12565e-05 0.00051083 0.000312962 2.00147e-05 0.00106982 8.3934e-10 9.53719e-10 1.78349e-06 0.000221297 9.97469e-05 9.24499e-06 6.88356e-08 3.96415e-06 7.04553e-05 0.0169277 
0.00166666 0.711518 3.72931e-08 0.00828785 0.00045665 1.08255e-06 0.00142356 2.73686e-06 0.00693581 0.00699334 3.6785e-05 2.01195e-07 0.00971788 0.0027994 0.0113711 0.0469016 6.51983e-05 2.20145e-06 1.80648e-05 0.00432069 0.00233366 0.00305313 0.154928 8.2861e-07 0.000219979 0.0269454 
3.15299e-05 0.753617 0.000518171 0.0169153 0.000113853 2.45407e-06 0.00396857 0.000560157 1.21431e-06 0.00315621 2.72969e-05 0.00304696 0.000686886 0.0159466 0.00282351 0.0997151 1.00435e-10 8.95697e-07 3.72078e-07 0.0308375 0.00347382 0.00069729 2.49919e-07 2.09297e-05 0.0128431 0.050995 
0.000267578 0.774054 6.1949e-07 0.0210276 3.96576e-05 9.6469e-06 1.95549e-07 0.000212601 0.0779817 0.00845514 5.96315e-07 0.0257725 0.00200584 0.012189 0.00516234 0.0380844 7.93428e-07 4.42508e-05 0.00100171 0.000569116 0.0138879 0.000184719 6.92021e-05 0.000104729 0.000440154 0.0184338 
0.047536 0.622453 0.000200477 0.00505891 0.000524603 4.09239e-07 2.48936e-05 0.000893804 5.32107e-06 0.00630354 1.21458e-05 8.00602e-06 0.000129677 9.81591e-05 0.00036822 0.000328758 6.2821e-05 0.000281921 0.000101728 0.0475381 4.4873e-05 0.00219868 6.68034e-08 1.66524e-06 0.00066442 0.265159 
