0.0227948 7.18436e-06 0.00977495 0.00618655 0.00146066 0.0022758 0.000458894 0.000343904 0.0326736 0.0392782 9.77079e-08 1.12952e-05 0.515367 0.0892624 0.00229446 0.201709 3.19871e-08 1.07701e-10 3.49146e-07 0.0117989 0.0157492 0.00526618 7.54683e-09 2.60917e-07 0.00667801 0.0366076 
0.0178733 3.89666e-05 0.000691155 0.000499509 0.00527489 0.000221326 0.0173892 0.0291471 0.00431017 0.105721 8.00284e-08 8.586e-05 0.375155 0.0594851 0.000164274 0.0122956 4.6685e-07 2.27362e-05 1.30109e-05 0.0714676 0.162451 0.025962 0.0346667 2.9463e-05 0.054468 0.0225659 
0.0276883 0.00109023 0.00116546 0.079109 0.000518657 3.16389e-06 0.0331365 0.00997552 0.00783611 0.206703 0.00024092 0.000793907 0.368178 0.0211433 0.0130763 0.104538 2.79382e-05 0.0027341 0.000259371 0.0437945 0.0283564 0.00669098 3.22374e-05 0.000412953 0.00799233 0.0345026 
0.0169791 0.00101252 0.00110984 0.0368822 0.00467416 8.17478e-05 0.0077119 0.00375763 0.0110433 0.0512513 9.56652e-07 0.00759482 0.417108 0.00363222 0.0296022 0.246036 4.44389e-06 8.38498e-07 3.70719e-12 0.0892155 0.0502529 0.00516338 4.66564e-05 0.000385822 0.000248917 0.0162037 
0.064199 8.32294e-07 0.00590263 0.0268535 0.00650959 6.44608e-06 0.0094297 0.00212269 0.237658 0.017057 9.28488e-08 8.83813e-08 0.3434 0.0185918 0.00105584 0.0984037 1.67166e-06 0.00013655 0.00519713 0.0269218 0.00279536 0.00229608 1.58133e-05 0.000115694 0.00182903 0.1295 
0.0140344 3.63961e-07 0.000951496 0.000107703 0.000526881 0.00120288 0.00223348 0.049834 0.000707309 0.294603 2.36733e-07 9.71809e-05 0.463007 0.017947 0.00431692 0.0136303 2.66859e-06 0.00243153 0.0509452 0.0659095 0.00735202 0.00332888 1.39678e-05 0.00015158 0.00583054 0.000834082 
0.00158776 1.38651e-08 0.000337184 0.0418756 4.34413e-05 0.000259887 0.00135848 0.000244665 0.0078535 0.0240871 6.60158e-11 0.00518068 0.334019 0.0314932 0.00236995 0.223282 8.43979e-09 1.87588e-05 1.26457e-10 0.00480274 0.276632 0.000517839 3.07713e-05 0.000406829 0.000630509 0.042969 
0.119262 1.71207e-05 0.0238848 0.0630088 4.06118e-05 9.1577e-05 0.00120023 0.0115191 0.00032653 0.0390413 7.58017e-06 9.1854e-06 0.329943 0.0526544 8.44566e-06 0.0224721 6.38856e-06 2.13627e-06 1.77471e-05 0.0194316 0.181552 0.0981736 0.000222807 0.0136736 0.000959518 0.0224735 
0.00122313 5.60854e-08 9.43157e-08 0.0203058 3.22674e-08 8.11817e-10 1.90447e-05 5.40432e-07 1.21812e-07 0.252706 3.43621e-10 3.91348e-07 0.663003 1.69916e-06 1.79435e-08 0.00424936 0.00134549 5.1951e-10 0.00366672 0.00413025 3.59523e-07 1.01481e-06 1.78286e-08 0.000467474 0.00114316 0.0477369 
0.0377247 0.000723796 0.00182867 0.0731987 0.00196443 5.89924e-08 0.000504136 0.0207508 0.0146351 0.141397 5.42667e-07 0.000220093 0.335028 0.21153 0.000143188 0.0556153 2.8355e-06 1.07749e-05 0.000100501 0.0677736 0.0170671 0.00449883 2.45345e-05 4.5535e-05 0.0021294 0.0130829 
0.00487259 0.00143682 0.000213205 0.177406 0.00227949 7.4279e-07 0.00193307 0.00594622 0.0116676 0.0819713 4.13989e-07 0.00850401 0.324404 0.00869545 0.000806802 0.203392 1.02002e-05 2.80179e-07 1.8692e-06 0.0106279 0.0741209 0.00494643 5.93283e-06 0.000182923 0.00100146 0.0755734 
0.0762558 1.03788e-06 0.00152719 0.00104792 0.0504525 5.54187e-06 0.0154304 0.0103496 0.0130565 0.0546426 1.69619e-08 0.000346831 0.517831 0.0286347 0.0127356 0.0985902 4.9617e-06 0.000418412 7.83259e-06 0.0584409 0.0109415 0.00548582 1.56693e-05 0.00165024 0.0115384 0.0305891 
0.0346215 7.26703e-05 0.00283874 0.0829706 0.000809029 2.37678e-05 0.00927431 0.00916733 0.0461058 0.0336939 4.44904e-05 0.00414121 0.311635 0.019606 0.00196586 0.263959 1.38798e-05 0.00100249 1.03239e-05 0.080164 0.0137287 0.00152845 1.72564e-05 0.000296614 0.00679465 0.0755153 
0.119195 0.000277079 3.47485e-05 0.0114162 0.00114598 8.69719e-05 0.0108727 0.00515756 0.0217892 0.124545 2.72196e-06 0.000166243 0.362544 0.0547958 0.00059955 0.0986867 2.29774e-05 2.92799e-08 9.28591e-07 0.0641402 0.0242992 0.0144403 0.000295899 0.000286776 0.00662651 0.0785707 
0.0363234 0.00479582 0.00384974 0.0143648 0.00143847 2.82597e-05 0.0124172 0.00663991 0.0101345 0.139016 0.000106728 0.0713852 0.40345 0.0268598 0.00603329 0.0980978 2.40738e-05 0.000287531 0.00025283 0.0336259 0.0794878 0.00379241 0.000929364 0.00298144 0.0161184 0.0275591 
0.068911 1.62419e-06 3.15309e-06 5.14006e-06 8.56782e-07 1.10656e-10 0.00116797 2.80942e-07 7.65795e-08 0.117565 4.68377e-11 4.45841e-11 0.68207 0.0272182 5.10897e-07 0.0392732 6.232e-11 7.08833e-08 2.16586e-05 0.0197907 0.000488854 0.0432226 1.19554e-11 3.83591e-07 0.000258969 2.43801e-07 
0.00026736 4.70567e-06 0.00941128 0.000268328 0.000619135 2.37223e-06 0.00113127 0.000128553 0.000939831 0.0144836 3.70432e-07 9.4455e-05 0.844376 0.000271894 0.00625999 0.083459 2.51183e-06 2.67233e-05 8.73509e-06 0.0200552 0.0107263 0.00158862 7.41002e-07 6.81985e-06 1.90321e-05 0.00584718 
0.0233281 0.000173906 9.44753e-08 0.00736474 4.70759e-05 6.18801e-08 0.00167089 0.00819386 0.00289668 0.00816249 1.70652e-11 7.53722e-05 0.689207 0.00546596 0.000243126 0.215649 9.7569e-09 2.58003e-11 5.33963e-08 0.00478952 0.0114663 0.00715187 4.3559e-12 2.68717e-11 0.0109511 0.0031626 
0.0737679 0.0012375 0.00748171 0.0415938 0.00284663 0.000304921 0.0048506 0.0155517 0.105334 0.1122 0.00865356 0.0143971 0.368636 0.0372445 0.00459876 0.0646659 8.75446e-05 0.0019085 0.000733071 0.0408866 0.0261789 0.0147622 0.000799742 8.14542e-05 0.0119915 0.0392062 
0.0743497 9.55292e-05 0.000500935 0.00431327 0.0103239 0.00631256 0.00547539 0.0338759 0.0138395 0.16995 3.24442e-05 0.105838 0.226019 0.0616812 0.00546848 0.0143943 8.24627e-06 0.00102473 0.0463539 0.0567901 0.0936272 0.00243692 0.000139127 0.000372285 0.0540401 0.0127375 
0.0550385 2.95944e-05 0.00120372 0.0446848 0.000351917 0.000108342 0.0122813 0.00850206 0.0163036 0.141116 1.34836e-05 0.00549239 0.300226 0.0227533 0.00148519 0.167852 1.86203e-05 7.04253e-05 2.9753e-06 0.0813313 0.0815531 0.0197876 0.00506129 7.85084e-05 0.00195732 0.0326961 
0.0357872 2.4816e-05 0.0132089 0.00410148 0.0103408 2.12821e-05 0.00115738 0.208012 0.000562541 0.00994884 1.55551e-08 0.000674891 0.353407 0.00129281 0.0161707 0.0269957 4.80976e-06 0.000913524 0.00258337 0.201808 0.0632867 0.0292483 6.11754e-05 5.54649e-05 0.00194453 0.0183877 
0.0154345 2.33666e-06 0.02803 0.00774019 0.00160683 1.80438e-06 0.00287262 0.0511365 0.0449621 0.0429485 3.51149e-11 0.00814029 0.307608 0.0733384 0.0229097 0.28073 8.55545e-08 7.15374e-06 6.72645e-11 0.0244065 0.0459866 0.0116202 2.21632e-05 3.09263e-06 0.00329356 0.0271986 
0.122466 9.90379e-09 9.31072e-05 1.12498e-07 3.43267e-12 9.04456e-12 0.00300141 0.000629234 0.00494391 0.133 3.82833e-12 5.24791e-08 0.328926 0.0120902 2.45625e-12 0.155113 1.27396e-08 5.78793e-12 7.33337e-12 0.227337 1.55816e-08 0.0013326 0.000237374 6.0283e-12 0.000627729 0.0102018 
0.0131035 0.000410214 0.000719647 0.018838 0.00172663 0.000358538 0.0298928 0.0196759 0.00508475 0.0684334 0.000208579 0.0530018 0.282809 0.0141192 0.0227467 0.162772 6.08839e-06 0.000531001 0.000178815 0.0482421 0.205863 0.00919855 0.00172511 0.000685919 0.00500413 0.0346645 
0.040613 8.89231e-05 0.00127867 0.101346 0.00023166 0.000392473 0.00427462 0.00188005 0.0341364 0.0764949 7.93468e-07 0.00518335 0.243054 0.0165223 0.0106649 0.225666 2.90587e-05 0.000221925 9.66614e-05 0.0607425 0.0368064 0.074368 0.000221869 0.000860647 0.00931516 0.055511 
0.0150612 0.000498521 0.00683153 0.0498512 0.00243248 5.40931e-05 0.00947367 0.00981499 0.019682 0.0719526 4.20848e-05 0.00779465 0.375075 0.0334897 0.00444658 0.165788 7.00319e-06 0.00196454 5.85185e-05 0.0379989 0.120863 0.00766961 0.0029014 0.000208099 0.0101319 0.0459083 
2.29633e-07 0.000141349 1.75215e-06 4.02283e-07 2.03945e-05 3.98465e-06 0.000313614 2.86581e-07 0.000294522 0.000871773 1.6866e-06 0.331726 0.332282 0.000467541 0.000352373 0.00126887 2.24411e-06 0.00599748 3.23077e-06 0.280007 0.000449425 0.0447449 4.30506e-07 2.65581e-06 0.000896396 0.000149301 
0.122466 9.90379e-09 9.31072e-05 1.12498e-07 3.43267e-12 9.04456e-12 0.00300141 0.000629234 0.00494391 0.133 3.82833e-12 5.24791e-08 0.328926 0.0120902 2.45625e-12 0.155113 1.27396e-08 5.78793e-12 7.33337e-12 0.227337 1.55816e-08 0.0013326 0.000237374 6.0283e-12 0.000627729 0.0102018 
7.74402e-08 5.31143e-08 2.48671e-08 0.0108329 0.000451873 1.39212e-09 0.000239139 3.84832e-05 0.0467216 0.142001 6.53994e-13 9.33853e-09 0.371405 0.238722 0.0028975 0.0533455 1.22703e-08 0.00249319 1.25276e-12 1.92994e-08 0.0428452 0.00159922 0.0209006 0.000110315 0.043677 0.0217199 
0.00569933 1.57044e-06 3.65638e-05 0.00288585 0.000428197 8.41609e-06 0.00401487 0.0189877 0.00125891 0.145064 8.69144e-05 0.0515219 0.203628 0.088882 0.000301678 0.159864 6.21958e-05 0.0422328 3.88034e-05 0.0441394 0.0542306 0.173859 6.33615e-06 7.20571e-05 0.000165615 0.00252346 
0.00311214 0.000286514 0.0155125 0.036992 0.0176468 6.12392e-06 0.000821234 0.0390286 0.0152797 0.0718387 1.57942e-09 6.38763e-05 0.186248 0.183364 0.00479202 0.0436651 1.97926e-07 6.13818e-05 0.00020964 0.0283775 0.170986 0.00319995 0.0807784 4.06518e-05 0.0200824 0.0776063 
0.00704187 2.04231e-08 0.00759565 0.0575438 9.85142e-05 2.93475e-05 0.000971321 0.0480611 0.0028748 0.0697746 0.00876045 0.0369145 0.511957 0.00539247 0.000457841 0.124972 5.37618e-07 4.71202e-05 0.000106026 0.046469 0.0341402 0.0113552 8.51531e-06 0.000219428 0.00581794 0.0193913 
0.0371737 0.00108507 0.00249221 0.0523463 0.000184605 0.000988097 0.00251382 0.00733664 0.00862685 0.228614 0.000112791 0.00336357 0.289961 0.0907291 0.00238651 0.14282 3.05162e-05 0.000756429 0.000911096 0.0462003 0.030156 0.0193662 6.94432e-06 0.000444247 0.00246606 0.0289282 
0.0126772 5.56673e-06 0.000199606 2.93126e-07 3.93326e-07 9.88031e-07 0.000474474 0.00629092 4.5562e-06 0.109977 4.49498e-05 0.00362136 0.404404 0.0515315 6.33205e-07 0.10055 2.98069e-06 0.000199208 4.91767e-08 0.0390317 0.0222867 0.0099053 7.25409e-06 1.51262e-05 0.195604 0.0431645 
0.183743 0.00010989 0.0341362 0.0192717 0.0116507 3.63945e-07 0.00589099 0.0238948 0.0525699 0.0373935 3.8262e-05 0.00430409 0.359148 0.0683488 0.0102243 0.00717003 9.67034e-05 0.000360873 0.0190532 0.0170429 0.0449952 0.000589946 2.32405e-05 0.000431212 0.0554756 0.0440357 
0.0654935 3.63195e-05 0.0034941 0.0156947 0.000755118 0.000120365 0.0121537 0.0613434 0.00462848 0.18503 0.000270689 0.000842217 0.362912 0.018477 0.0045073 0.149828 5.68622e-05 0.00688025 0.000132462 0.0361843 0.0163311 0.0277009 0.0102918 9.37604e-05 0.0058413 0.0109006 
0.119152 0.000153389 0.000591699 0.0431779 0.00420659 0.000219913 0.00124696 0.012527 0.0169944 0.0549282 3.14931e-11 0.0779189 0.297623 0.101631 0.000323278 0.109283 1.1805e-06 2.2437e-06 3.95061e-06 0.0122137 0.0250325 0.0494648 7.80154e-05 1.5017e-05 0.0386065 0.0346042 
0.179778 1.5876e-06 0.000316656 0.00267441 0.000138578 0.000268693 0.00590188 0.00508599 0.00742854 0.111454 1.85229e-09 2.55546e-07 0.224874 0.0138543 0.00212484 0.040613 0.000179592 0.0477309 4.45502e-05 0.194981 0.00175915 0.0037957 2.38806e-05 6.33936e-05 0.0053199 0.151586 
0.00728289 0.00311253 0.0234582 0.0957978 0.00246044 7.32752e-05 0.00445598 0.0324958 0.018118 0.0864023 4.60631e-08 0.0198018 0.303574 0.118917 0.00157237 0.193682 1.92049e-06 1.69093e-06 4.61118e-06 0.0315907 0.0350441 0.00620685 2.35825e-05 7.30002e-05 0.00432093 0.0115284 
0.0510507 4.1313e-07 9.98357e-05 0.0161006 7.01083e-05 8.09004e-06 0.0178717 0.00196451 0.00990277 0.188495 1.27216e-07 1.64806e-05 0.474137 0.0608734 0.0034568 0.0444981 4.2311e-05 0.000392124 1.45405e-05 0.0681959 0.0116837 0.0080946 7.10475e-05 8.56378e-05 0.000459741 0.0424149 
0.0963626 0.000622987 0.000600546 0.00362552 0.000402648 1.13265e-05 0.0328789 0.00050913 0.000983043 0.139787 2.9291e-06 0.0381441 0.307099 0.0248875 2.60638e-05 0.191409 1.33783e-06 0.000476602 1.37756e-06 0.0590115 0.0538878 0.00373184 3.84931e-05 4.06215e-06 0.015275 0.0302189 
0.0166101 0.00165191 0.00109345 0.013626 0.000596811 2.54388e-05 0.00451839 0.0101312 0.000626988 0.155689 0.00041813 0.0812194 0.503329 0.00414472 8.39135e-05 0.087646 2.76815e-05 7.83007e-05 3.87836e-07 0.024989 0.0701385 0.00847958 5.59002e-06 0.000349515 0.000962462 0.0135581 
0.0643418 5.91399e-05 0.0926514 0.164973 0.00355158 0.000154371 0.0188058 0.0257153 0.00235093 0.0357337 4.32353e-09 0.0136283 0.388391 0.0177262 0.00051114 0.0535037 4.24707e-05 7.11628e-05 0.00145046 0.0481317 0.0313296 0.00755913 1.44599e-05 0.000664813 0.0212474 0.00739171 
0.00514264 0.00019032 6.40523e-05 0.059275 9.79937e-05 2.57206e-05 0.00269677 0.00505372 0.00828873 0.186299 1.21739e-12 0.00303808 0.385059 0.0472791 0.00995592 0.151866 2.15454e-06 2.94419e-05 2.33199e-12 0.0178992 0.0702483 0.0077386 5.72129e-05 0.000162677 0.000774202 0.0387549 
0.0544712 5.97513e-06 0.0117021 0.0103758 0.00641761 0.000425488 0.0196988 0.0165874 0.0032436 0.0757657 4.20413e-11 0.00513915 0.326132 0.0640545 0.000142642 0.0727697 9.85767e-07 3.95519e-05 8.05324e-11 0.0740023 0.0809262 0.0515653 0.0411851 0.00015916 0.0340126 0.0511769 
0.0361977 0.000327948 0.00129488 0.0199505 0.00388197 0.000106679 0.0100444 0.0224427 0.00329853 0.207279 4.03952e-05 0.0238103 0.326476 0.0371352 0.00472025 0.175918 1.39779e-05 0.0014538 2.00334e-05 0.0539838 0.0107673 0.0131051 0.00160253 0.000430687 0.00524278 0.0404561 
0.0260562 4.60139e-05 0.000226844 0.00723149 0.012434 5.33574e-06 0.00752672 0.0264172 0.0109913 0.119517 1.27779e-05 0.00394171 0.358927 0.0264835 0.0241228 0.241016 9.95377e-06 5.26204e-05 2.97446e-05 0.0464725 0.029363 0.00334721 7.67726e-06 0.000152978 0.000473468 0.0551348 
0.0247811 0.00245554 0.00234106 0.104954 0.00073051 3.49154e-05 0.00331547 0.00282257 0.00649409 0.115599 0.000513582 0.00144617 0.255674 0.0836278 0.00728141 0.178732 0.00807508 0.0189247 0.000311127 0.0160497 0.0313015 0.0333514 0.0365092 0.000218417 0.013841 0.050614 
0.0411601 4.90469e-05 1.82033e-05 0.0377809 0.00102454 0.000149761 0.00173653 5.5719e-05 0.0121056 0.0956213 0.00631546 0.0173681 0.322904 0.0125946 0.244222 0.123927 1.5852e-06 1.93908e-07 3.77985e-06 0.0571512 0.0013643 9.53685e-06 1.01938e-06 0.000120918 0.00297707 0.0213371 
0.0211969 5.51962e-07 0.000529611 0.00492417 0.00452607 0.00047419 0.00240593 0.00857429 0.00116793 0.0115811 7.78298e-09 0.0249468 0.41385 0.00856884 0.00414591 0.25221 6.75641e-07 4.4289e-05 1.793e-07 0.052659 0.0818052 0.0034179 2.9506e-05 3.85205e-05 0.00514728 0.0977559 
2.56526e-05 6.34334e-09 1.20527e-09 1.57192e-05 4.07473e-05 3.52376e-09 0.000649252 1.32703e-06 0.000106431 0.123097 2.87603e-12 5.98838e-09 0.633781 0.000556347 0.000223461 0.163376 4.38542e-09 0.00149327 3.20274e-09 0.0035029 0.0694698 0.00264649 7.3411e-13 4.4086e-09 2.30253e-05 0.000991672 
0.0559813 7.95839e-05 0.00863574 0.00851536 0.00141367 0.000627053 0.0029431 0.00524214 0.00591681 0.0453722 0.00191267 7.29065e-05 0.385806 0.0184022 0.00173395 0.0735089 0.00232744 0.00833524 0.000138638 0.0526935 0.00806929 0.0179226 0.00850534 1.05766e-05 0.00310601 0.282728 
0.0333225 0.0059496 0.00174912 0.0197457 0.0160814 3.74418e-05 0.00575423 0.0229028 0.00154914 0.0835919 3.45672e-07 0.0015585 0.630286 0.0395069 0.000394556 0.022217 9.76978e-06 4.21992e-06 2.77222e-07 0.0386028 0.017058 0.0013995 0.000992337 0.000130212 0.0181582 0.0389972 
0.0214903 4.90243e-06 6.90919e-05 0.00361127 0.00266598 3.07841e-11 0.0751084 0.00264396 0.00839587 0.226812 1.30301e-11 3.9084e-06 0.268319 0.167668 0.0593669 0.118713 0.000167959 3.0034e-06 0.000273868 0.00588687 0.0118532 0.00461141 9.24517e-05 0.000133554 0.00103136 0.0210732 
0.0411288 8.95229e-09 5.35738e-08 0.00111579 0.000119777 3.73489e-06 0.0171502 0.00129078 0.000686982 0.114647 9.39448e-12 1.28168e-07 0.335875 0.0431183 0.0661115 0.165932 6.18328e-07 0.0021897 1.79956e-11 0.123958 0.00771705 0.0595946 1.51835e-06 0.0010996 0.000406575 0.0178536 
0.0333992 0.00139079 0.00114164 0.0301884 0.00427077 0.00120485 0.0209523 0.019562 0.00827843 0.166789 0.00016207 0.0109519 0.259675 0.0399018 0.0019768 0.222029 5.54406e-06 0.000779577 3.92572e-06 0.0474898 0.033842 0.0129858 0.000262747 0.0014086 0.00417373 0.0771744 
0.0225949 0.00439823 0.000361604 0.0287115 0.00035219 8.57599e-06 0.00834144 0.0240873 0.0169019 0.129606 0.000542922 0.0126736 0.291166 0.0207522 0.0105548 0.139024 1.83097e-05 6.59788e-05 7.54877e-06 0.041459 0.0270152 0.166527 0.00244105 6.96817e-05 0.00439259 0.0479264 
0.00222412 1.5763e-08 0.00077481 0.161232 0.000695483 0.00113318 0.00041193 0.0585428 0.000438143 0.0219135 1.21704e-06 0.0204881 0.512185 0.00899826 0.0193322 0.0482896 1.02774e-05 8.39271e-06 1.12183e-06 0.0844665 0.0120084 0.0163208 5.08436e-06 0.00165623 0.0237624 0.00510083 
0.0207391 3.45812e-06 1.95954e-06 0.0184439 4.69145e-05 4.39605e-06 0.0279278 0.0166916 0.0309605 0.0872963 1.48106e-10 1.35114e-05 0.393506 0.00864161 0.00329272 0.0991866 6.91242e-06 0.000162234 3.70997e-06 0.0305404 0.00667721 0.00218468 1.07077e-06 0.000182564 0.0319949 0.22149 
0.1971 0.00165457 0.00402031 0.0218701 0.000453226 4.44067e-05 0.0105267 0.0270054 0.00244337 0.169865 0.00205786 0.0729599 0.24382 0.0180038 0.00800911 0.0731602 0.00158204 0.00179866 0.000366624 0.0416882 0.0232569 0.0215711 0.000120435 0.0146703 0.00846343 0.0334891 
0.00627643 0.000145989 0.00263673 0.0236837 0.0015649 0.0240422 0.00483517 0.00826649 0.01413 0.0775655 6.12678e-12 0.000855329 0.413257 0.0436867 0.00227385 0.0167672 1.95573e-06 1.81254e-08 0.000108699 0.0400415 0.210546 0.0139114 0.0504583 0.000266146 0.0104132 0.0342656 
0.0376946 0.000865794 0.0057053 0.0354826 0.0292966 0.000480846 0.0106523 0.0146554 0.0307288 0.112595 0.00194659 0.0047918 0.181843 0.0720755 0.0195791 0.17382 3.44927e-05 0.00282262 0.00092243 0.0461822 0.048079 0.0191217 0.00132114 0.00120185 0.0324226 0.115679 
0.0330897 0.00399552 0.00289046 0.0511692 0.00789174 0.000216928 0.00867459 0.00846955 0.0138201 0.0769774 0.000730408 0.00339024 0.267086 0.0328462 0.00869727 0.104396 1.78901e-05 0.00016028 1.05811e-05 0.0303566 0.0649358 0.0185155 0.00580348 0.000227681 0.00761738 0.248013 
0.0335315 1.9189e-05 0.0089855 0.0162234 0.000578294 1.71857e-05 0.00243305 0.0254823 0.145475 0.184895 6.00366e-06 0.000338713 0.343792 0.0229074 0.000700997 0.0795775 2.31832e-06 2.69994e-05 0.00129077 0.0382936 0.0601903 0.0106309 4.90875e-05 0.00221802 0.00115331 0.0211817 
0.0293861 0.00920712 0.0134534 0.119435 0.00938309 0.000131571 0.00461888 0.0187437 0.04675 0.094879 1.05552e-06 0.00254709 0.266469 0.0215885 0.0290991 0.122697 3.07897e-06 0.000109142 7.07494e-06 0.0533294 0.0364583 0.00733387 0.0028192 0.00106191 0.00915562 0.101333 
0.01365 1.54942e-05 0.00035907 0.00534524 0.000135796 0.000203566 0.00320386 0.0148213 0.00519046 0.12922 0.00173494 0.00886644 0.471378 0.0987713 0.00184079 0.14832 6.33809e-06 3.76255e-05 5.98814e-06 0.0140159 0.0363872 0.00396585 1.72243e-05 1.55121e-05 0.0014828 0.0410091 
0.00521728 0.000853938 0.000522873 0.1237 0.00017517 1.68135e-06 0.0100487 0.0263589 0.0153518 0.253054 8.75103e-06 5.39849e-05 0.374848 0.0130606 0.000180605 0.110277 3.26454e-06 3.99436e-05 2.32242e-06 0.0160176 0.00679879 0.00184723 1.33366e-05 0.000291976 0.00173337 0.0395394 
0.00307157 4.06806e-08 0.000136027 0.00119745 0.0110155 1.29217e-08 0.00113708 0.000186354 0.00110175 0.016897 5.46944e-09 5.20628e-09 0.769291 0.00143174 0.0500252 0.0302195 4.31972e-07 8.26908e-09 7.0014e-05 0.00491859 0.0137092 4.95518e-05 7.20058e-08 8.63755e-05 2.42403e-09 0.0954553 
0.0108664 5.24649e-08 0.00329444 0.0174444 0.000996006 9.93922e-08 0.0320365 0.00735267 0.0190016 0.0664038 1.17388e-05 3.60967e-05 0.649702 0.00220474 0.000734651 0.0863205 2.73913e-07 0.00158151 0.000649139 0.0301882 0.0115835 0.00730121 1.30688e-05 0.000402858 0.00429604 0.0475789 
0.112731 0.00167971 0.0180975 0.0388485 0.00161521 0.00222905 0.00617149 0.0736383 0.0111305 0.0524065 0.00087994 0.00551486 0.163444 0.0472125 0.0120436 0.052083 0.0031267 0.0196308 0.000194821 0.0942319 0.0832561 0.113223 0.0049407 0.00283384 0.0456213 0.0332155 
0.0214749 0.00254353 0.0290606 0.134059 0.00216931 0.000237399 0.00512142 0.0270219 0.0216442 0.0948302 0.0021868 0.0091728 0.293486 0.016666 0.0241455 0.188325 0.0231049 3.35766e-05 0.00163193 0.0196976 0.0327822 0.00974268 0.000243456 0.000479922 0.0155021 0.0246375 
0.0664774 1.10978e-09 0.000192554 0.00407937 0.000106695 3.205e-05 0.0474634 0.0469916 0.00700087 0.0683585 3.63285e-06 0.0238307 0.335715 0.00538223 0.00183989 0.0949225 0.000253236 3.01682e-05 4.10993e-05 0.230284 0.00365437 0.0304295 3.8322e-06 3.30587e-05 0.00762875 0.0252452 
0.00792065 2.89265e-09 3.37412e-07 0.00178565 2.62121e-08 4.25758e-12 0.000752897 0.0022794 0.00171947 0.0835411 2.95152e-08 0.00298554 0.700165 0.00182172 0.00075681 0.157433 1.64692e-06 0.00019952 2.88797e-07 0.00947112 0.00801395 0.013963 2.2759e-07 3.12316e-05 0.00245502 0.0047016 
0.00457093 3.80451e-11 2.82617e-08 0.000924269 6.04195e-05 1.31097e-08 0.00320797 1.23821e-05 1.82291e-08 0.00858993 1.05065e-09 1.94548e-08 0.767802 0.00319336 0.0264436 0.159255 1.93118e-05 5.69813e-05 1.1912e-08 0.0130092 0.0098979 0.00179529 6.38527e-12 1.40603e-05 3.47503e-06 0.00114439 
0.0102415 0.0226236 4.31885e-09 0.0494949 0.00112261 1.47602e-06 0.000517906 0.000133831 0.0013737 0.0174726 7.03748e-08 0.0457327 0.747428 0.0110276 0.000382482 0.0451824 4.05111e-07 6.97542e-05 4.30662e-06 0.0166738 0.00655436 0.00542979 4.17822e-08 6.40359e-06 0.0148708 0.00365552 
0.00787653 2.05369e-05 0.00124595 0.0721318 0.001096 1.79342e-07 0.00271934 0.052663 0.00896496 0.0566721 1.32222e-06 0.0112644 0.426802 0.0269875 0.002941 0.24832 5.6755e-06 4.38931e-05 0.000195424 0.028877 0.0185965 0.00212655 1.17238e-05 1.34345e-05 0.00865308 0.0217699 
0.00210458 2.21377e-05 7.51039e-05 0.00537213 0.00100624 3.73134e-06 0.000436332 0.00755928 0.00374459 0.110656 3.37071e-12 0.00395901 0.399132 0.0478143 0.000591105 0.121042 3.66201e-07 4.9267e-09 6.45678e-12 0.00416645 0.0936811 0.115682 0.0215577 0.000159066 0.00853413 0.0527006 
0.0152275 0.000138054 0.0161597 0.00680746 0.000975176 0.00290685 0.0654107 0.0018809 0.0117609 0.0935479 0.000174278 1.0906e-07 0.549851 0.0132934 0.00264807 0.0150725 0.000585176 5.3842e-05 0.00170444 0.00947244 0.0010532 0.00774702 0.112054 8.44634e-05 0.0164478 0.0549433 
0.0179219 0.00427134 0.00242888 0.0929445 0.00135417 8.60166e-05 0.00569713 0.0100457 0.122719 0.102558 0.000539772 0.00394158 0.157045 0.0626489 0.0129319 0.156288 8.06731e-05 0.000704039 0.000183254 0.0332843 0.0587574 0.0305402 0.00733218 0.00117162 0.00778374 0.10674 
0.0600858 0.00281039 0.00713124 0.0182956 0.000841978 4.91113e-05 0.00487606 0.035532 0.00722869 0.0924256 0.00169565 0.00186956 0.322762 0.022418 0.00717275 0.167913 8.84858e-06 0.000279289 2.72233e-05 0.0422332 0.0682738 0.00947436 0.00235735 9.07232e-06 0.0123857 0.111844 
0.0335697 0.00164905 0.00660449 0.0239223 0.000511851 0.000365275 0.00434347 0.0131863 0.0261929 0.0389723 4.62185e-08 0.00100524 0.383652 0.0490299 0.000406273 0.167305 1.31631e-06 0.000115428 4.79187e-06 0.0221068 0.0945741 0.0153276 0.00709419 2.63407e-05 0.0213758 0.0886574 
0.0561827 0.000814727 0.00841278 0.0533162 4.58782e-05 4.89458e-05 0.000570018 0.0011713 0.0142232 0.103248 0.00307177 0.00106575 0.195871 0.102181 0.00203098 0.0793142 0.00019363 0.00132103 0.00730975 0.0244278 0.114369 0.0136677 0.00197868 0.00172233 0.167959 0.0454822 
0.0057676 9.25056e-07 8.77459e-10 0.00158283 3.83179e-08 1.99548e-09 0.000101573 2.02159e-06 0.00876496 0.373026 8.44633e-10 8.03994e-10 0.463709 0.0209853 2.48969e-07 0.0893096 1.50269e-07 7.09915e-07 1.61794e-09 0.00271741 0.00433708 5.95268e-05 2.15593e-10 1.33001e-09 0.00252855 0.0271063 
0.0344172 2.45525e-06 6.57069e-06 1.45419e-05 0.313197 3.71413e-09 0.00322733 0.0049389 1.18809e-05 0.0319312 2.40188e-07 2.92573e-06 0.558141 0.00931274 0.00766857 0.0264945 3.01099e-05 6.31561e-06 3.01143e-09 0.00121573 0.000856617 7.69938e-10 1.51968e-06 1.4537e-06 0.000155272 0.00836672 
0.00125781 0.000216143 0.000171118 0.0329497 0.000416017 1.5176e-06 0.000462031 0.000282586 0.00691997 0.0920996 2.53052e-10 0.00122163 0.34488 0.033224 0.00442078 0.171715 2.1657e-05 1.48124e-05 8.62336e-09 0.0125448 0.115977 0.0408896 3.55781e-05 3.17075e-05 0.00365552 0.136591 
0.202333 6.41286e-09 0.0274932 0.000177733 5.65833e-06 2.24194e-05 0.00175461 0.00890535 0.00187175 0.198002 7.55535e-05 1.05634e-05 0.340795 0.0142151 1.82168e-05 0.139199 1.03776e-05 0.0205138 8.61602e-08 0.0307506 0.00348566 0.00371413 6.76558e-05 5.4071e-06 0.00121892 0.00535452 
0.0072659 2.03115e-05 5.5995e-05 0.0494284 0.00595323 9.72716e-05 0.00384594 0.002014 0.011959 0.11904 1.50245e-06 3.39511e-08 0.432005 0.0436494 0.00038626 0.035407 3.40879e-07 7.99663e-07 7.74686e-09 0.065461 0.113443 0.0232186 8.03404e-12 1.90913e-05 0.071505 0.0152227 
0.02186 0.000102352 0.0268949 0.114049 0.000212529 0.00711932 0.00302675 0.0342342 0.0206543 0.127282 2.71049e-11 0.00615249 0.260866 0.093354 0.000267965 0.0710713 4.12748e-07 8.11277e-06 1.89809e-07 0.040932 0.134556 0.0112438 5.54274e-05 0.00418889 0.000647244 0.02122 
0.0344172 2.45525e-06 6.57069e-06 1.45419e-05 0.313197 3.71413e-09 0.00322733 0.0049389 1.18809e-05 0.0319312 2.40188e-07 2.92573e-06 0.558141 0.00931274 0.00766857 0.0264945 3.01099e-05 6.31561e-06 3.01143e-09 0.00121573 0.000856617 7.69938e-10 1.51968e-06 1.4537e-06 0.000155272 0.00836672 
0.179967 0.0110138 0.00215037 0.00501024 0.00590199 7.93283e-05 0.0030669 0.0208964 0.00706004 0.118631 7.39984e-05 0.00529686 0.239706 0.0182549 0.000896176 0.146179 9.39591e-05 0.00647967 0.000808945 0.026961 0.0276628 0.00642216 5.16935e-05 0.0167974 0.106255 0.0442827 
0.0537939 1.0912e-06 0.000774244 0.0274177 2.20682e-06 4.72892e-08 0.000330638 2.64834e-05 0.00756029 0.0701718 2.00163e-08 7.53637e-07 0.460324 0.151967 0.000147736 0.078587 2.66327e-08 1.2749e-07 2.20942e-06 0.100209 0.000496267 0.000807169 8.95266e-07 1.72379e-05 0.000974928 0.0463878 
0.0233273 6.89605e-08 1.16606e-07 0.135536 3.96657e-08 1.30624e-11 0.00274433 0.00275009 0.000332347 0.262901 5.52899e-12 4.85252e-07 0.288595 0.0373233 2.19974e-08 0.127924 2.28129e-08 8.35911e-12 1.05911e-11 0.0445667 0.0146313 1.25915e-06 2.20174e-08 0.00287966 0.0234316 0.0330562 
0.0344172 2.45525e-06 6.57069e-06 1.45419e-05 0.313197 3.71413e-09 0.00322733 0.0049389 1.18809e-05 0.0319312 2.40188e-07 2.92573e-06 0.558141 0.00931274 0.00766857 0.0264945 3.01099e-05 6.31561e-06 3.01143e-09 0.00121573 0.000856617 7.69938e-10 1.51968e-06 1.4537e-06 0.000155272 0.00836672 
0.140318 9.96234e-08 0.000795859 0.0136801 0.00369437 0.000683163 0.00814883 0.000377103 0.00858586 0.161014 9.29914e-11 2.35063e-06 0.261995 0.0460984 3.74386e-05 0.0581008 0.00123636 0.00431631 2.88774e-07 0.120389 0.107894 0.00221675 0.00012194 0.000194861 0.0412476 0.0188509 
0.0489965 1.09643e-05 0.000619303 0.00394318 0.00168227 0.000314666 0.00429188 0.00135817 0.0052905 0.00739114 0.00664539 0.000154609 0.430268 0.0146887 0.0736358 0.0625348 2.44597e-06 0.000277416 8.06372e-05 0.184668 0.0227107 0.00248164 2.70555e-05 0.000454589 0.00773485 0.119738 
0.0731872 0.000104302 0.00365764 0.00116453 0.00128641 9.51748e-06 0.0079175 0.0148545 0.00645907 0.162457 0.000296818 0.000319155 0.447672 0.00876093 0.000685788 0.185072 0.000164612 0.0201021 5.74547e-06 0.0213461 0.0180147 0.0101471 0.000111638 6.03284e-05 0.00498584 0.0111574 
0.114084 1.89569e-05 0.00948875 0.015238 0.000443279 5.42686e-07 0.00746933 0.00303503 0.0220452 0.117794 3.27255e-06 0.0107081 0.389744 0.0302089 0.00139609 0.161193 3.65383e-06 1.98451e-05 1.43295e-06 0.064444 0.0381225 0.00672396 1.96901e-05 0.000104231 0.00168359 0.00600734 
0.0154714 3.08089e-07 6.72341e-05 0.0246635 0.00131405 0.000973392 0.00123629 0.0144048 0.00229158 0.0377415 3.68875e-09 1.71167e-05 0.746705 0.0190048 0.000176918 0.0148356 4.35674e-07 3.31367e-06 1.03905e-07 0.0808028 0.024079 0.00619827 1.44222e-06 0.000173229 0.00676259 0.00307535 
0.012928 6.67554e-06 0.000425045 0.0103857 0.000280292 4.00592e-06 0.000882187 0.0128822 0.00285185 0.247519 8.9778e-08 0.00229962 0.267133 0.0260147 0.00023457 0.0736102 7.43348e-06 1.60193e-05 1.33257e-09 0.0147593 0.0345329 0.266611 0.00842992 6.65704e-05 0.00513856 0.0129814 
0.0137321 0.000422397 0.0058385 0.0189997 0.0863759 0.00330505 0.0181187 0.0163882 0.0102215 0.0501666 4.44363e-10 0.00600802 0.272405 0.176008 0.000674188 0.0260177 5.52639e-06 1.48453e-06 9.46755e-06 0.0321425 0.200282 0.002352 0.00722786 1.71357e-05 0.0440853 0.00919487 
0.00314219 0.000156729 0.000394547 0.060526 0.000489365 0.00358455 0.00287487 0.000658942 0.0174471 0.119926 7.99676e-06 0.000138318 0.490348 0.053252 0.0020599 0.0743573 1.17464e-05 2.5467e-05 0.00215724 0.0348099 0.0875087 0.0135405 2.99637e-05 0.00259082 0.00336652 0.0265957 
0.00258854 0.000570556 0.00301852 0.00663593 0.000588095 2.7501e-05 0.00235645 0.00153712 0.0104467 0.0598756 8.51845e-06 1.95045e-05 0.644363 0.0113156 0.050834 0.059617 5.88174e-06 4.71336e-06 0.000526358 0.0637063 0.0055043 0.00181875 7.16234e-06 0.00373356 0.000442945 0.0704479 
0.0311772 4.41161e-05 0.00282036 0.0157856 0.00966999 1.04599e-05 0.0052708 0.00914297 0.0630002 0.211717 3.76687e-05 0.0112328 0.293586 0.0287271 0.00626661 0.0865546 1.67499e-05 0.00469621 0.00138867 0.0444303 0.0586072 0.00581812 0.00493966 0.000971604 0.00962178 0.0944656 
0.0525877 2.10936e-07 0.000228266 0.0293896 0.00133211 0.00106317 0.00384541 0.00271355 0.0164316 0.11294 4.44548e-08 0.000374625 0.311101 0.0194904 0.000977914 0.0995368 4.29679e-06 1.34777e-07 7.12302e-08 0.0323461 0.0266637 0.00711028 3.06098e-05 5.4416e-08 0.00139742 0.280435 
0.0100053 0.000149922 0.0013175 0.133671 0.000173677 0.000816098 0.0120959 0.0317407 0.0252821 0.223347 0.00978524 0.00621932 0.271243 0.0749593 0.00166771 0.0664945 2.4131e-05 0.00361287 5.82599e-06 0.0391523 0.00919596 0.0217698 0.00292169 0.00179098 0.00495184 0.0476064 
0.0620924 1.05628e-05 0.000410896 0.108684 0.000510286 0.000105182 0.00332368 0.00125444 0.000487329 0.272856 1.09047e-05 1.54467e-05 0.312162 0.0370414 0.000308259 0.0808702 2.56884e-05 5.14207e-09 9.5949e-07 0.0594272 0.0133923 0.0389264 3.05571e-05 0.000123811 0.00214184 0.00578813 
0.00375533 0.00112896 0.000369912 0.0401248 8.23998e-05 0.000148057 0.00338689 0.0179257 0.00190507 0.245757 8.36885e-05 0.00607905 0.262105 0.0695337 7.6922e-05 0.0313345 1.08382e-05 3.03282e-07 2.217e-06 0.04333 0.149481 0.00117661 1.2443e-05 0.000368161 0.0171903 0.104631 
0.0729007 4.01485e-06 0.00315528 0.00426425 0.012724 0.0264991 0.0386604 0.00672332 0.00112373 0.077057 4.64643e-07 1.53524e-05 0.266843 0.0347257 0.00120445 0.158397 0.000115872 0.0062421 0.00241924 0.166618 0.00394869 0.0425854 0.000138808 1.97058e-05 0.0163725 0.0572413 
0.00629071 0.00483641 0.000998077 0.151254 4.9228e-06 1.0366e-05 0.00105288 0.000150164 0.00293656 0.0133698 4.67622e-11 0.00415221 0.317342 0.00371793 0.000175319 0.25973 1.18609e-07 7.06983e-11 1.88822e-07 0.00714495 0.152018 0.026316 9.67646e-06 0.000160969 0.00733226 0.0409966 
0.105501 1.51864e-05 0.00575993 0.0132313 0.000469016 0.000138123 0.0187538 0.0532851 0.031379 0.0486781 0.000111854 0.000974776 0.302159 0.0355166 0.00165015 0.0264014 9.55913e-05 5.42937e-05 0.00854201 0.0903856 0.0328163 0.15899 6.39111e-05 1.2894e-05 0.0188099 0.0462057 
0.159838 5.31169e-06 0.00456915 0.00399461 0.00324979 4.07028e-06 0.0316846 0.0195274 0.00672785 0.123248 0.000147163 0.00105699 0.305513 0.0126356 0.0061614 0.176804 1.87934e-05 0.00164001 6.21767e-06 0.0828668 0.00593727 0.0130541 3.63993e-05 8.49351e-05 0.0200388 0.021149 
0.0333225 0.0059496 0.00174912 0.0197457 0.0160814 3.74418e-05 0.00575423 0.0229028 0.00154914 0.0835919 3.45672e-07 0.0015585 0.630286 0.0395069 0.000394556 0.022217 9.76978e-06 4.21992e-06 2.77222e-07 0.0386028 0.017058 0.0013995 0.000992337 0.000130212 0.0181582 0.0389972 
0.0497381 1.12579e-05 0.00024606 0.0983475 0.000870198 5.35284e-06 0.00224174 0.0460957 0.0569821 0.0965678 0.000303163 0.0157913 0.442358 0.0163165 0.00122108 0.0578328 3.22615e-06 6.4088e-06 2.06703e-05 0.0394458 0.000494496 0.0580293 2.02905e-05 2.39813e-06 0.00498521 0.0120635 
0.0223801 3.81489e-09 0.00123301 0.0012312 0.000292449 1.40324e-06 0.00304331 0.003915 0.00255443 0.0922078 2.12047e-08 4.92294e-06 0.710999 0.00313084 0.000411312 0.106941 4.93924e-05 0.0132931 5.06661e-05 0.0156302 0.0104082 0.00536485 9.88045e-05 2.28179e-05 0.00144609 0.00528955 
0.017222 0.00036481 0.000592778 0.0228208 0.000611359 0.000522458 0.014509 0.0106266 0.013075 0.130332 0.0004368 0.00563765 0.271565 0.0173941 0.00239236 0.24798 3.51828e-05 0.000253926 2.16213e-05 0.0312803 0.14289 0.00774787 0.00444565 0.000216766 0.0225164 0.0345095 
0.00470846 0.073522 5.72707e-05 0.039239 0.00190882 2.77437e-06 0.00329229 0.00114019 0.003342 0.153367 1.2549e-11 0.00407613 0.264212 0.0229436 0.0371071 0.180332 2.45712e-06 6.11305e-05 1.55119e-08 0.0346304 0.0778798 0.00443486 2.10671e-05 0.000602159 0.000724548 0.0923935 
0.0212271 7.375e-05 0.00138012 0.000897598 0.00165556 3.3043e-08 0.0177908 0.00701778 0.00116733 0.118191 0.000203038 0.0046637 0.554631 0.0071885 0.00188987 0.16648 2.60369e-05 0.000226844 1.27916e-07 0.0554141 0.0216324 0.00725767 7.01739e-06 0.000141377 0.000743977 0.0100934 
0.10034 0.000111338 0.00275246 0.047202 0.000376611 8.27776e-07 0.0136299 0.0151241 0.0115926 0.070286 1.38581e-07 0.00411713 0.187623 0.101267 0.0022364 0.167566 1.89112e-05 7.7391e-05 3.60012e-05 0.04555 0.0907277 0.00641537 5.12585e-05 0.0793412 0.00923719 0.044319 
0.0226465 4.81844e-06 0.000444883 0.000152116 0.00150397 2.49055e-05 0.00214984 0.0581479 0.000663371 0.0225741 2.47636e-07 0.000203537 0.806606 0.011607 0.000844113 0.00579337 8.24664e-06 0.00310457 2.29743e-05 0.0517522 0.0018296 0.00207628 3.07853e-05 1.10435e-05 0.00531536 0.0024822 
0.0795336 0.0022958 0.00131788 0.0129347 0.0142906 9.79159e-05 0.0257335 0.0282135 0.0147601 0.12598 3.07766e-07 0.0158223 0.237343 0.0304637 0.00459162 0.179798 4.20942e-06 7.03706e-05 0.00014199 0.0732254 0.0227619 0.019124 0.000705465 0.000123605 0.00890205 0.101765 
0.0153275 6.97371e-07 0.00251775 0.00052419 0.00309797 2.19216e-07 0.0128274 0.0138986 0.00215901 0.214884 7.44248e-05 0.0149547 0.42869 0.00971756 0.000643098 0.183275 1.56574e-05 0.000670009 3.37356e-06 0.0186693 0.0699523 0.00323898 1.90501e-05 7.30543e-05 0.00138775 0.00337796 
0.0182264 0.000257801 4.84925e-05 0.00498347 0.0010322 1.43944e-05 0.00367373 0.0365716 0.0104665 0.274084 1.01936e-07 0.000419906 0.277553 0.0764186 0.00278544 0.103313 3.07863e-07 4.67035e-05 1.51339e-08 0.0308888 0.0296632 0.0520991 0.00524914 5.67752e-05 0.0194178 0.0527292 
0.0290493 0.00634199 8.64283e-06 0.0338259 0.000620177 3.33724e-05 0.00368325 0.000805366 0.00437303 0.128252 3.05946e-05 0.0127825 0.465948 0.0438116 0.000422681 0.113467 0.000133051 0.000930524 5.6247e-05 0.0275911 0.0080887 0.0876208 8.05442e-06 1.89087e-05 0.00899464 0.0231019 
0.0299548 0.00187952 0.0104536 0.0252271 0.00276147 1.08083e-05 0.0139288 0.0177733 0.00670613 0.0725029 0.000330071 0.00698749 0.227689 0.0371123 0.0146917 0.177436 1.01823e-05 0.000219309 0.00217675 0.12567 0.0363292 0.0103448 7.4521e-05 0.00041469 0.0212912 0.158025 
0.0119637 1.59468e-05 3.01425e-05 0.00968184 3.50109e-05 3.52113e-05 0.00359462 0.00126197 0.000375178 0.233936 2.64423e-07 0.000148818 0.329449 0.0365687 0.000957863 0.107878 7.45863e-05 0.00100974 9.98015e-06 0.0181166 0.00758473 0.227845 1.29247e-05 5.52717e-05 0.000803252 0.00855573 
0.062579 0.000162647 0.00174046 0.0192564 0.00109407 0.000841506 0.0240524 0.0239659 0.0039482 0.214179 0.00154899 0.012924 0.263704 0.041364 0.0032367 0.163954 5.83369e-05 0.00339096 2.46081e-05 0.0918646 0.0188645 0.0106669 2.44267e-05 0.000214954 0.00589255 0.0304477 
0.0415281 5.21899e-07 0.00123886 0.000306336 0.000597789 5.78854e-09 0.0659475 0.00281564 0.00203004 0.179389 0.000516662 0.000414704 0.478298 0.00559845 0.00047091 0.137965 2.66484e-05 0.000510562 1.28847e-05 0.0259541 0.0439146 0.00523847 7.29628e-05 7.33023e-05 0.00372112 0.00335685 
0.0698447 4.8093e-05 7.011e-06 0.137937 0.000201733 0.000215642 0.0189077 0.0046877 0.0101146 0.222873 6.90124e-11 5.4367e-08 0.331798 0.0122117 0.000222764 0.0472528 6.184e-05 2.78687e-05 0.000387708 0.0444707 0.0104873 0.0646697 1.18724e-05 5.10991e-05 0.00359687 0.0199126 
0.0213076 0.00113476 0.00026876 0.183979 0.00105389 0.000532206 0.00481244 0.0169005 0.00781959 0.0449992 3.06822e-11 0.00247449 0.205283 0.032407 0.00316142 0.0562031 7.7069e-05 3.25816e-06 2.7986e-08 0.18497 0.0882665 0.000124851 3.23976e-05 9.96239e-06 0.102542 0.0416374 
0.0134326 4.57081e-05 0.00463633 0.0198032 5.02394e-06 2.10375e-05 0.000349378 0.00218438 0.00180988 0.114256 1.44461e-07 0.171718 0.324025 0.0717491 0.000216157 0.121022 4.64577e-06 6.88765e-05 2.94916e-07 0.0183396 0.0758344 0.00712022 0.0185621 0.000406295 0.0199267 0.0144629 
0.0661184 6.24194e-06 0.0193064 0.005134 0.0236072 0.0439314 0.0375212 0.00722434 0.00111421 0.0854703 1.11587e-06 4.06015e-06 0.200951 0.0205662 0.00482347 0.178348 0.000816811 2.56491e-05 9.61991e-07 0.156666 0.0409822 0.000491152 8.92253e-05 0.000117594 0.00415791 0.102525 
0.00857929 1.57038e-05 0.0111901 0.0679917 0.000843988 2.10513e-05 0.00171981 0.00659334 0.00692137 0.0677819 3.24712e-11 0.000111474 0.503954 0.0881717 0.0533062 0.0791784 7.18436e-06 0.00039937 3.96931e-07 0.0371161 0.00606083 0.00587111 0.000149615 0.0153738 0.00591 0.0327316 
0.00666998 1.11739e-05 0.00148431 0.0169693 9.52966e-05 0.000925074 0.0125034 0.00142976 0.00653948 0.0264111 2.66048e-05 0.00073375 0.288004 0.00375982 0.016108 0.273909 5.80086e-06 0.000431505 5.31981e-09 0.0632185 0.229046 0.0092231 2.22765e-06 2.91678e-05 0.00563335 0.0368302 
0.00843162 4.64006e-05 0.00127259 0.0765735 0.000413162 0.00431319 0.000886454 0.0262202 0.00793711 0.0601117 5.7795e-09 0.00783219 0.361427 0.0142614 0.00402923 0.163633 1.67146e-06 4.86063e-05 5.60263e-07 0.0259474 0.199878 0.0063249 2.64852e-05 3.97734e-05 0.00203033 0.0283132 
0.0814235 2.67528e-05 1.45391e-10 0.0181591 0.0641948 2.76112e-07 0.00305816 0.0012076 0.0240978 0.00783264 1.39952e-10 0.00409898 0.431905 0.0160032 0.00145921 0.264574 4.0809e-07 0.00172161 2.68086e-10 0.0332057 0.000479368 8.51583e-08 3.24608e-06 7.00053e-06 0.00172301 0.0448186 
0.00439788 0.000165625 7.76976e-05 0.0204877 0.000500477 1.27357e-05 0.00529762 0.0143472 0.0125834 0.12758 0.00105552 0.00340675 0.379594 0.0166947 0.00412292 0.233378 1.68346e-05 5.45785e-05 3.67159e-06 0.0235764 0.0604259 0.0594333 0.00830784 0.000234708 0.00237381 0.0218707 
0.203321 0.000195282 0.0022232 0.00981352 0.00494365 0.000424259 0.00448236 0.00440979 0.0405712 0.0890758 5.45726e-05 0.00188152 0.315639 0.0674317 0.0219129 0.0858825 6.90564e-06 0.000549158 0.00227098 0.0270441 0.0649821 0.00333879 0.00011378 8.28769e-05 0.00998609 0.039362 
0.0228584 6.34538e-08 0.00051449 0.0168562 9.42756e-05 3.27523e-05 0.00308305 0.00636558 0.00396171 0.369551 2.86387e-05 1.56052e-05 0.46075 0.0170245 0.000542616 0.0590865 1.32495e-05 0.00161421 7.28473e-07 0.0205405 0.00155816 0.00144619 2.22509e-05 9.88681e-06 0.00227348 0.0117564 
0.00804768 8.52052e-07 0.000145434 0.00641221 8.06668e-08 3.79536e-09 2.09077e-07 9.74723e-05 0.00455865 0.260696 7.96337e-08 0.000465879 0.467407 0.00458638 0.000222353 0.210838 3.33712e-06 2.99536e-08 3.91724e-09 0.00331253 0.00401808 0.00307653 2.4574e-09 0.00367945 0.000198559 0.0222335 
0.00487259 0.00143682 0.000213205 0.177406 0.00227949 7.4279e-07 0.00193307 0.00594622 0.0116676 0.0819713 4.13989e-07 0.00850401 0.324404 0.00869545 0.000806802 0.203392 1.02002e-05 2.80179e-07 1.8692e-06 0.0106279 0.0741209 0.00494643 5.93283e-06 0.000182923 0.00100146 0.0755734 
0.0595178 5.75671e-05 0.0254705 0.0175433 0.000843125 0.00172543 0.00148658 0.0182069 0.017365 0.0500109 0.000130568 0.00410712 0.63775 0.0176635 0.00193606 0.0453473 1.19779e-06 5.09251e-05 0.00129992 0.0508136 0.0226209 0.00747036 5.91826e-05 2.51427e-05 0.00715992 0.0113375 
