0.00815099 0.000481031 3.67107e-06 0.00372875 2.67589e-05 2.37689e-06 0.0056008 0.00472198 0.0011821 0.0384244 4.06881e-06 0.000350017 0.0241927 0.840082 0.000907486 0.00852079 8.98874e-08 0.000108457 2.23604e-06 0.00652991 0.0407007 0.00444906 0.00133269 2.3771e-05 0.00633711 0.0041364 
0.0957627 1.01823e-05 2.14775e-06 0.00150221 0.000411763 5.20566e-05 0.000369324 0.00542269 0.00404025 0.205563 3.7542e-08 3.54537e-06 0.0106776 0.558263 0.000874088 0.0018806 0.00044094 0.0120315 2.82136e-05 0.00532251 0.00236149 0.0111308 0.00777191 0.0290047 0.039127 0.0079463 
0.0255586 2.16107e-05 0.000634865 0.0196227 0.0306272 1.06557e-06 0.0085244 0.013536 0.043666 0.0359305 0.00426961 0.0108632 0.200214 0.211062 0.00631644 0.154477 0.000386753 0.0226228 3.47836e-09 0.0764679 0.0577844 0.0161436 8.00273e-05 3.35584e-05 0.0255064 0.0356499 
0.197277 0.00744998 0.00224292 0.00421756 0.00119613 6.51789e-07 0.00626811 0.050878 0.0034065 0.212099 0.000609057 0.000357637 0.0157399 0.251047 0.000802073 0.0716445 9.22733e-05 0.000336098 5.0752e-06 0.0678596 0.0464804 0.018618 0.00469895 0.000519894 0.0215605 0.0145928 
0.0339143 0.00267091 0.00469384 0.0290288 0.000489092 2.2624e-05 0.00399302 0.0200529 0.00301496 0.17231 1.08379e-07 0.0124715 0.197595 0.359194 0.00519707 0.0308409 5.01871e-06 6.43143e-05 2.29961e-06 0.040794 0.0402309 0.010672 0.00429347 6.94796e-05 0.0118522 0.0165281 
0.0107067 2.95521e-05 2.14413e-05 0.00396769 0.000748771 4.57815e-09 0.00034801 9.4059e-05 0.00421337 0.14237 2.55908e-11 2.36554e-05 0.00800354 0.797657 0.00114062 0.00612081 0.000131211 0.000633387 0.000166299 0.00206032 0.00797305 0.000748654 3.58948e-05 8.96114e-06 0.000588593 0.0122093 
0.134609 1.37615e-05 0.000506995 0.00157855 0.0297283 0.000272767 0.00213737 0.0035089 0.000743371 0.281915 3.19938e-12 0.000312658 0.0219319 0.401919 0.00159509 0.0110575 0.000111515 0.00270546 1.03729e-05 0.0090557 0.00447169 0.00234772 0.000251075 0.000243509 0.0102497 0.0787237 
0.308323 3.0013e-08 2.05013e-08 4.75228e-06 0.0241624 4.66231e-08 3.17413e-06 0.00538618 7.86775e-09 0.0387804 2.75357e-06 1.87848e-08 1.99034e-06 0.373574 1.26615e-08 0.105268 5.85226e-06 0.000549108 0.00042787 0.0999588 5.46418e-05 6.60657e-06 5.03721e-09 3.10748e-08 4.00335e-05 0.0434505 
0.0125536 0.0230313 0.0681187 0.006762 0.000226635 0.000568807 0.00636905 0.00506934 0.00883273 0.0677209 3.60543e-07 0.00698246 0.0355886 0.626542 0.00663627 0.0145657 1.56421e-07 4.2688e-06 2.57536e-05 0.0175024 0.0375304 0.00307711 0.0162151 0.000133863 0.0136616 0.0222807 
0.00307322 0.000906779 3.48823e-07 3.49148e-07 0.000837666 0.00167211 0.0179098 3.49176e-07 3.49083e-07 3.49206e-07 0.00101198 0.0031052 3.49201e-07 0.544951 3.48984e-07 0.0041908 0.00143004 3.4863e-07 0.000523047 0.261211 3.49154e-07 3.49045e-07 3.49142e-07 0.159173 3.49065e-07 3.49187e-07 
0.033438 0.00193953 0.0134146 0.120407 0.00193571 0.000456189 0.00379063 0.0139901 0.023943 0.155067 0.000186677 0.00300883 0.098575 0.301888 0.00886094 0.0391189 6.37458e-05 0.00105392 0.00065442 0.031671 0.0415201 0.0307645 0.00552025 0.000944451 0.0160743 0.0517143 
0.0224598 2.29711e-06 0.000142125 0.000712131 0.00659972 0.000137484 0.00346598 0.000735502 0.00159924 0.0349425 4.17467e-09 8.12949e-06 0.0459853 0.723205 0.00143307 0.00574835 6.44548e-07 1.92828e-05 2.12918e-06 0.00431984 0.00656884 0.0011168 0.00284229 3.26695e-05 0.00826324 0.129658 
0.0159847 0.00174728 0.0029274 0.0355918 0.0044981 3.53965e-05 0.00182644 0.00926692 0.0320683 0.0934641 0.000146357 0.00278405 0.15714 0.191418 0.00631353 0.160596 4.48136e-05 0.00125068 0.000138498 0.021368 0.120699 0.00873255 0.0216858 0.000106075 0.0150284 0.0951387 
6.61351e-07 5.23871e-08 0.000427387 0.00228114 6.6606e-09 5.36401e-08 1.42099e-09 9.55411e-10 4.76058e-05 0.0552969 1.301e-11 1.2384e-11 0.0657725 0.83618 1.05421e-07 0.0042052 1.73105e-11 7.95688e-08 2.49214e-11 1.81561e-05 0.0114993 0.000517269 2.0605e-06 1.28139e-08 0.0124372 0.0113143 
0.000191622 2.87931e-06 0.000175859 0.00276651 1.31706e-07 1.31375e-05 2.23971e-08 1.66533e-08 0.000139293 0.0552729 3.53887e-10 3.3686e-10 0.102216 0.738186 2.36363e-05 0.00566195 4.70865e-10 6.25876e-06 6.7789e-10 3.92483e-05 0.0269708 0.000710654 0.0216987 2.65193e-07 0.0168363 0.0290883 
0.0619373 0.00300642 0.00519523 0.0362566 0.00163532 0.0001518 0.00285243 0.0114314 0.0171376 0.107814 1.15891e-05 0.0220103 0.153474 0.18468 0.00263021 0.144982 7.74644e-05 0.00542665 0.000559322 0.0580847 0.118696 0.0304447 0.00168915 0.000344817 0.0185396 0.0109308 
0.0354648 0.00218178 0.00602359 0.0501652 0.00388292 5.90956e-05 0.00294143 0.0195715 0.00677386 0.0892277 0.000117825 0.000937066 0.0852132 0.210052 0.00687967 0.0533265 0.004428 0.0111618 0.00178803 0.0248001 0.0881398 0.0177891 0.0298603 7.83853e-05 0.169596 0.0795403 
0.0104473 2.51727e-05 0.000139035 0.0341059 5.02477e-05 3.19762e-07 0.00144887 0.00274593 0.00820484 0.269183 0.000175516 0.000524174 0.0667249 0.376462 0.0017907 0.0959629 0.000343841 7.3212e-05 4.22389e-05 0.0138037 0.045382 0.0303257 2.28581e-05 8.06226e-05 0.00439346 0.0375419 
0.0408093 2.76223e-05 1.0499e-07 0.00180166 0.00212891 4.71775e-07 0.000148897 0.00521443 0.00962667 0.00989105 1.93633e-11 3.5262e-06 0.0109569 0.393519 0.000744415 0.00765179 0.000397246 0.290022 1.53016e-05 0.0019856 0.00186476 0.0109888 0.0248846 7.26501e-05 0.169105 0.01814 
0.0536008 0.000341434 0.000348154 0.101147 0.000956125 4.23229e-06 0.00491028 0.0209073 0.00346132 0.0253063 3.70698e-06 0.0157823 0.0235618 0.571581 0.0396112 0.0239514 2.94919e-05 0.000358741 0.0291368 0.0376175 0.0167804 0.000670008 0.0128854 3.43982e-05 0.0135143 0.00349912 
0.0603155 0.000798918 0.0038481 0.0822885 0.0238515 3.82711e-05 0.00367653 0.0156413 0.0205135 0.102541 0.000497798 0.00557335 0.148031 0.159189 0.00470076 0.102204 0.000166021 0.00068664 1.49649e-05 0.0376756 0.145856 0.0307192 0.00245829 0.0041524 0.0235702 0.0209924 
0.0407182 4.33101e-05 2.11043e-11 0.0108274 0.000260932 1.03282e-09 0.000262766 0.0107539 0.0182792 0.0173945 2.03148e-11 8.41856e-08 0.0625468 0.58167 0.00160633 0.049428 2.9648e-05 0.000129023 2.92974e-06 0.00403331 0.0107141 0.0115156 0.0560974 0.00140374 0.0836809 0.0386014 
0.220346 6.058e-05 0.0032209 0.0402373 3.09217e-05 9.66846e-06 0.00189409 0.0185063 0.0150862 0.0186485 0.000335692 8.11789e-05 0.032078 0.388418 0.0130089 0.0100199 0.0239941 0.0117872 0.00587525 0.00858875 0.00881911 0.0244521 0.00186648 3.40259e-05 0.1155 0.0370999 
0.0582137 0.000319773 0.00131904 0.0476177 0.0154323 6.83744e-05 0.00205574 0.013319 0.0114857 0.161499 0.000104867 0.00299935 0.0696839 0.419804 0.00226347 0.0360291 9.63202e-05 0.00193298 0.000186302 0.0324772 0.00956352 0.0244651 0.0126552 9.75868e-05 0.0155617 0.0607492 
0.0362955 0.00134991 0.0202179 0.0064798 0.000531636 0.00114135 0.00611974 0.00483342 0.0267128 0.115915 3.38165e-11 0.00562324 0.0425218 0.635164 0.00308762 0.00086065 2.40389e-08 6.06076e-08 5.80543e-05 0.0175369 0.0387322 0.00217032 0.00333206 2.08e-05 0.00998777 0.0213075 
0.0317557 0.000701549 0.00518 0.0242282 0.0054673 2.20083e-05 0.00239449 0.00649617 5.67006e-05 0.236396 0.000200984 0.00485074 0.0942298 0.252862 0.00118343 0.0240494 1.60418e-05 1.30854e-08 1.2849e-05 0.0232693 0.113021 0.00730888 0.000137057 0.00759024 0.113091 0.0454793 
0.000315554 0.00028783 1.0815e-11 0.00445801 2.05687e-05 3.83018e-08 5.47665e-06 0.000360906 0.000679351 0.213487 1.04104e-11 9.90948e-12 0.0577817 0.679627 0.000107994 0.0052771 5.46141e-09 5.97495e-08 1.99416e-11 0.00036989 0.00601305 0.00320394 0.00257925 8.77162e-06 0.0157064 0.00971054 
0.000350275 0.000288373 0.000565563 0.00139834 9.86521e-05 2.93986e-06 0.000820264 0.000132809 8.92894e-05 0.318828 1.57228e-08 1.34926e-07 0.0448933 0.455647 0.000464607 0.0504004 3.13043e-09 1.57723e-08 0.0198428 0.00194483 0.00351606 0.0764015 1.67356e-05 3.33468e-05 0.000962696 0.0233024 
0.00202116 0.000114263 5.14193e-05 0.00166073 7.68729e-05 0.000482243 0.00195976 8.66707e-05 0.00103145 0.0228407 5.18798e-07 0.000342874 0.0319729 0.889499 0.000488097 0.000179235 4.43952e-06 3.16465e-12 1.53405e-05 0.0255005 0.000788329 0.000601351 7.5106e-07 0.0201312 1.67226e-05 0.000133369 
0.319591 9.56208e-05 3.53266e-05 0.0421432 5.95714e-05 4.77642e-06 0.00093709 0.00846481 0.0117404 0.0409201 1.28805e-07 0.0016135 0.0146745 0.367301 0.0109528 0.00451761 2.86417e-05 0.00187632 0.0013733 0.0100604 0.0403175 0.00763305 0.0115138 4.07466e-05 0.0363365 0.0677687 
0.0584161 4.88562e-05 1.09998e-07 0.00372109 7.66917e-05 2.58631e-07 0.00348342 0.00321825 0.00117615 0.146406 0.0749146 0.000368878 0.0407178 0.209438 1.99247e-05 0.0196494 2.15904e-08 5.21966e-07 0.0412808 0.00236584 0.0167143 0.00254826 0.0747052 0.00105127 0.106742 0.192937 
0.0112272 0.00133516 0.00631594 0.0207684 0.00119873 0.000231351 0.0100445 0.0092854 0.00234938 0.198311 0.000363056 0.00151723 0.17778 0.226218 0.000895274 0.0769736 4.2832e-06 0.00086254 0.000110471 0.0523436 0.0352531 0.00821986 0.00112906 0.00357425 0.013127 0.140561 
0.00145009 4.96307e-05 0.000157463 0.00862117 8.59215e-05 2.8266e-10 0.000147775 0.000196322 0.002458 0.286154 4.42295e-09 0.000463432 0.0388739 0.560805 0.00171317 0.012639 1.34021e-06 1.83912e-05 2.7453e-06 0.000444391 0.0061782 0.00313616 0.00163336 3.24732e-05 0.00701979 0.0677179 
2.42951e-06 6.5372e-05 4.45262e-07 0.00853733 3.72282e-05 2.81616e-10 3.22405e-05 0.00248455 0.00589623 0.120256 1.10119e-08 7.38955e-06 0.00508096 0.610309 0.00184061 0.000722456 7.25374e-08 4.48891e-07 4.1754e-07 7.27547e-07 0.00659048 0.000316612 0.00947056 1.76654e-05 0.0601799 0.168151 
0.0644797 0.00026673 0.0117527 0.00361159 5.94925e-05 6.48168e-09 0.000278858 0.00119304 0.014901 0.214593 1.47858e-11 7.56508e-05 0.022277 0.233369 7.19243e-05 0.0274503 2.04789e-07 0.0201478 1.99495e-05 0.00422766 0.164923 0.00474899 0.144776 0.000659076 0.0303137 0.0358048 
0.169254 3.25979e-06 8.57904e-07 0.00299717 0.00576139 1.81849e-05 0.0212662 6.0719e-08 0.00165498 0.140774 9.72834e-09 9.26026e-09 0.0481046 0.228113 0.0192352 0.153383 1.29441e-08 0.00108664 1.86352e-08 0.0244454 0.00638948 0.000337583 0.0112796 8.08076e-07 0.113929 0.051965 
0.0869695 0.00293618 0.00648802 0.0222893 0.00728965 0.000171376 0.00446076 0.0376733 0.00550717 0.132873 4.09109e-08 0.0047991 0.137203 0.353808 0.00498424 0.0116006 8.34561e-05 0.000255323 0.000862322 0.0605297 0.0274736 0.0162973 0.0393556 0.000231417 0.0203807 0.0154768 
0.000277131 3.18341e-08 0.000577549 0.00868843 0.000378463 1.94764e-11 7.25677e-05 0.000660377 0.000408644 0.218807 8.24386e-12 2.91865e-06 0.0842404 0.652048 3.88836e-05 0.00212453 3.5932e-08 1.24636e-11 1.57916e-11 0.00177935 0.00569593 0.0117725 2.00588e-06 4.05356e-09 0.00127215 0.0111529 
0.119367 0.000883421 9.12282e-05 0.106353 7.55925e-06 2.41728e-06 0.000155337 0.0039991 0.000489786 0.128833 1.42827e-08 5.08091e-05 0.0375916 0.222691 0.000443218 0.020096 0.107117 0.00271628 0.109609 0.0305884 0.0184965 0.0605746 0.0017874 3.58559e-05 0.00678543 0.0212343 
0.0240952 0.00233759 0.00688748 0.0175147 0.000325221 0.000174723 0.000953182 0.0059505 0.0040911 0.277117 3.14453e-12 0.00114191 0.0968275 0.315343 0.00422669 0.0230746 3.1449e-07 2.46916e-05 9.01178e-05 0.0135562 0.0382569 0.0349453 0.0145531 9.8017e-06 0.0220017 0.0965008 
0.00146368 0.000414653 2.09722e-09 0.0040007 8.63492e-05 6.30088e-12 0.000327093 0.00199472 0.00382966 0.268094 2.667e-12 1.03177e-08 0.152602 0.284533 0.159138 0.0044171 4.02731e-09 0.00147979 1.11082e-08 0.00840931 0.0249465 0.0108344 0.00427419 1.78844e-08 0.0356831 0.0334711 
0.014259 0.000602707 0.00455587 0.0133781 4.0649e-07 4.901e-06 0.00146997 1.38701e-06 0.00512166 0.00702272 7.33877e-11 3.57587e-05 0.0103466 0.676423 7.66349e-05 0.00537281 9.76461e-11 4.06855e-06 4.06537e-06 0.00354043 0.112 0.00106068 0.0656894 1.9955e-05 0.0408107 0.0381987 
0.0332374 0.00104766 0.00643483 0.0121178 0.000110404 2.28359e-06 0.00514915 0.0527406 0.00325843 0.127578 1.88421e-07 0.00230092 0.0604941 0.513051 0.00232898 0.0145165 2.23463e-07 4.50415e-05 2.35351e-05 0.0908405 0.0308999 0.00233417 0.000559328 0.000846754 0.0165435 0.0235383 
0.00488685 0.00198802 0.000727799 0.00135184 0.000713165 2.01348e-06 0.00236746 0.000845662 7.44441e-05 0.229558 3.02221e-07 3.85104e-05 0.01172 0.661226 0.000542802 0.0215008 2.47974e-05 0.00343819 5.05859e-05 0.00438483 0.00684358 0.00302152 3.37939e-05 8.20699e-05 0.00347435 0.0411023 
0.0501879 2.55143e-06 0.118388 0.00843488 0.00140846 9.62893e-07 0.000657347 0.0264277 0.00914836 0.0208447 1.18915e-09 5.56075e-05 0.144158 0.325388 0.00112184 0.047021 1.9456e-06 2.73061e-07 9.29091e-06 0.171801 0.0230215 0.0106052 0.000288548 2.7292e-05 0.0196504 0.0213487 
0.109808 6.77187e-06 0.00642667 0.000952724 0.183565 4.16369e-05 0.0165011 0.000550045 0.00778013 0.0890687 1.82373e-10 0.000109808 0.0177264 0.464197 0.00125854 0.0040096 3.60857e-05 0.000105265 0.000693912 0.0149396 0.00218544 0.0439817 0.0162263 4.88567e-05 0.00943566 0.0103447 
0.000277131 3.18341e-08 0.000577549 0.00868843 0.000378463 1.94764e-11 7.25677e-05 0.000660377 0.000408644 0.218807 8.24386e-12 2.91865e-06 0.0842404 0.652048 3.88836e-05 0.00212453 3.5932e-08 1.24636e-11 1.57916e-11 0.00177935 0.00569593 0.0117725 2.00588e-06 4.05356e-09 0.00127215 0.0111529 
0.028156 0.000302397 0.000238509 0.0183191 0.0196846 1.91641e-06 0.000544266 0.00690173 0.0245187 0.148865 1.44137e-08 0.0090774 0.0418253 0.410418 0.0039988 0.0397736 1.374e-05 0.000122637 0.000217219 0.0177199 0.03806 0.0125475 0.00820528 6.38831e-05 0.0324768 0.137948 
0.0566734 5.00575e-05 7.4662e-06 0.000598512 6.3637e-05 1.84697e-07 0.000475892 0.000657473 0.00213863 0.146413 5.09417e-07 0.000604268 0.0167728 0.447885 0.00045726 0.0400493 9.65342e-06 0.200508 1.52429e-05 0.0763039 0.00557332 0.00231553 3.04587e-05 3.33534e-06 0.000117702 0.00227545 
0.0555915 1.44942e-05 0.000279081 0.000127084 0.0111184 2.21398e-07 0.00264253 0.0403854 0.000652304 0.0258831 8.64334e-08 0.00147553 0.0111652 0.745011 0.00053277 0.00983508 3.56485e-05 0.00715719 3.06559e-05 0.00120485 0.00395103 0.00602217 0.000107726 0.000126594 0.00116248 0.0754879 
0.150885 0.000254702 0.000566798 0.0433179 0.00217014 0.000171338 0.034135 0.0218451 0.0187775 0.0991429 1.93463e-05 0.000191516 0.0463568 0.294178 0.0132175 0.0341304 0.000596538 0.0213069 0.0364476 0.061348 0.018708 0.0102496 0.00750448 0.000117811 0.0282669 0.0560936 
0.00627625 0.000110588 0.000315899 0.00951932 8.48765e-05 1.06637e-05 0.000706202 0.00144043 0.0029175 0.204088 6.21503e-11 0.000246422 0.220141 0.253218 0.0740332 0.0256272 1.53208e-06 0.00031995 1.43797e-07 0.0517438 0.0403069 0.00397737 0.00313524 2.40768e-05 0.00820735 0.0935474 
0.00815099 0.000481031 3.67107e-06 0.00372875 2.67589e-05 2.37689e-06 0.0056008 0.00472198 0.0011821 0.0384244 4.06881e-06 0.000350017 0.0241927 0.840082 0.000907486 0.00852079 8.98874e-08 0.000108457 2.23604e-06 0.00652991 0.0407007 0.00444906 0.00133269 2.3771e-05 0.00633711 0.0041364 
0.0599608 0.00111134 0.05993 0.0122716 0.00216476 1.19885e-05 0.0167568 0.00027926 0.00889024 0.211458 3.88536e-05 0.000487067 0.0309815 0.34412 0.00565905 0.0465067 1.15399e-05 0.021456 0.000170218 0.0181159 0.00737558 0.0060317 0.00631499 0.000510961 0.0142215 0.125164 
0.0801193 5.05178e-05 6.21365e-08 0.0048982 9.09068e-05 1.11871e-07 0.00113055 0.00574073 0.0314614 0.0149408 9.53547e-11 2.6549e-08 0.0502216 0.516518 0.0201115 0.0176664 0.00019135 0.0407707 0.0302762 0.00648916 0.00234269 0.0992908 0.00124062 5.70408e-06 0.0751343 0.00130795 
0.00813145 0.0690263 5.87363e-11 0.00138494 3.39618e-06 5.50807e-08 6.13866e-05 0.000218302 0.00136267 0.0659289 8.04704e-08 5.36558e-05 0.0177185 0.681483 0.00083878 0.00527507 6.88647e-07 5.28723e-07 2.61955e-05 0.000716543 0.00659158 0.00955091 4.52844e-06 3.72895e-05 0.129864 0.00172121 
0.250542 1.58322e-05 0.000752237 0.159108 0.00500514 3.25926e-09 0.00511793 0.023618 0.0284961 0.0833244 0.000134864 9.91867e-05 0.0268834 0.256288 0.000270585 0.0736525 0.0113963 0.00101199 0.000165342 0.0348546 0.0208303 0.0115676 0.000816477 0.000264609 0.00207921 0.00370492 
1.23949e-06 1.03789e-08 7.08959e-09 4.80003e-07 6.49302e-06 1.61228e-08 2.23791e-09 1.15957e-09 8.59444e-07 0.0296903 6.82437e-09 6.49602e-09 0.000627165 0.966845 2.39416e-06 4.43648e-06 9.08018e-09 1.03176e-08 1.30725e-08 0.000487953 5.1877e-06 0.000140856 9.34203e-07 1.0746e-08 5.99021e-06 0.00218075 
0.0929258 0.00868583 0.00105982 0.0073364 0.00287205 1.94748e-05 0.00238464 0.0143469 0.00130698 0.0385784 2.05933e-06 0.000398946 0.027795 0.240474 0.00327679 0.0298648 3.08115e-06 0.00125979 0.207799 0.0722125 0.0107213 0.0879092 0.000109621 0.000264562 0.146564 0.00182922 
0.0171588 0.000787265 0.00549126 0.0110241 0.00207297 0.00132535 0.00124546 0.0558143 0.0140065 0.0324105 2.27875e-05 8.35833e-05 0.214772 0.533189 0.00674051 0.00552225 2.94112e-05 0.000397324 0.000318308 0.017403 0.0356127 0.00561044 0.00371399 5.08872e-05 0.0232054 0.0119925 
0.0315364 0.00140468 0.000108109 0.137053 0.0117628 0.000223415 0.00125833 0.00277527 0.0256666 0.132557 9.1187e-07 0.0124451 0.0703515 0.280812 0.00604458 0.129993 2.4928e-06 3.63084e-05 0.000144976 0.0321219 0.067642 0.0107831 0.000103422 0.000365103 0.00458698 0.0402209 
0.134246 0.00117443 0.00136568 0.0124621 0.00300618 4.35892e-05 0.0119503 0.00584047 0.00714156 0.137604 0.000279921 0.00648154 0.0321274 0.382914 0.00941612 0.0478295 7.53506e-05 0.000315958 9.8397e-05 0.0169747 0.00757809 0.00365689 4.91642e-05 0.00186889 0.00555582 0.169945 
0.00341203 0.000104564 5.92582e-05 0.0143251 0.000789494 5.36263e-05 0.00561851 0.0324115 0.0115858 0.077942 6.70876e-12 6.38596e-12 0.117571 0.613995 0.00112264 0.0217444 2.71314e-07 2.05658e-08 8.86124e-06 0.0138231 0.0076726 0.00536029 1.08606e-05 0.000106081 0.0162337 0.0560491 
0.0675021 0.00297193 0.00454938 0.0338799 0.00152167 2.1517e-05 0.0040828 0.0119909 0.012283 0.244614 0.000359782 0.0024405 0.0915685 0.344055 0.0025474 0.0372939 0.0104694 0.00515038 0.00224084 0.0213084 0.0164515 0.019785 0.00284927 0.000128448 0.0185772 0.0413572 
0.00147265 0.00150956 0.000319636 0.00760364 8.38341e-06 1.98581e-09 2.33794e-05 0.0105113 0.00286724 0.206442 1.45096e-12 0.000435341 0.103121 0.452949 0.000859253 0.0145158 1.54733e-06 3.84121e-06 1.20303e-05 0.00160295 0.0136582 0.162459 0.00240846 2.6548e-05 0.00514723 0.0120413 
0.0577653 7.67519e-06 0.000100894 0.00909621 0.000743293 0.000173748 0.00243235 0.00452239 0.00195667 0.114633 9.9693e-09 7.5077e-06 0.0639812 0.46002 0.000568819 0.0373481 3.37728e-05 0.00263436 0.00039032 0.00670027 0.00566276 0.00887969 0.0375259 4.33347e-05 0.0480186 0.136754 
0.0341678 8.289e-05 6.98288e-08 0.0371123 7.25872e-05 6.05401e-09 0.000500876 0.00490136 0.0656029 0.0603879 2.33901e-07 9.90095e-05 0.0310348 0.631426 0.0232623 0.0460145 3.17098e-05 0.000129995 0.000175991 0.0126406 0.00938048 0.0152702 7.77901e-05 1.28883e-06 0.0201008 0.00752551 
0.00146368 0.000414653 2.09722e-09 0.0040007 8.63492e-05 6.30088e-12 0.000327093 0.00199472 0.00382966 0.268094 2.667e-12 1.03177e-08 0.152602 0.284533 0.159138 0.0044171 4.02731e-09 0.00147979 1.11082e-08 0.00840931 0.0249465 0.0108344 0.00427419 1.78844e-08 0.0356831 0.0334711 
0.0326486 0.0022875 0.0054897 0.00248588 0.00412198 0.000188126 0.00677114 0.00675808 0.00214207 0.247106 4.13421e-09 0.0018114 0.0317249 0.53467 0.00298095 0.0231449 3.41494e-05 4.14683e-09 9.17863e-07 0.0129932 0.0362696 0.00149084 4.67076e-05 0.000116079 0.00617927 0.0385373 
0.00208533 1.55287e-05 0.00542122 0.0155921 0.00121008 3.19278e-09 1.3867e-05 0.000212821 0.00622436 0.127617 1.37265e-11 2.0986e-05 0.0150159 0.758475 8.99774e-05 0.00411881 2.86606e-09 2.07527e-11 1.89254e-05 0.000504654 0.00277772 0.000201698 5.54275e-06 0.000250924 0.0386641 0.0214643 
0.0850287 4.91171e-05 0.00781511 0.00314924 0.000472652 8.23702e-06 0.0105213 0.00292085 0.00494886 0.30974 7.92246e-08 2.29139e-05 0.0634134 0.37652 0.00114993 0.00235431 7.73622e-05 0.00144038 0.0758816 0.00524289 0.00779953 0.00902056 0.000538281 8.98579e-05 0.0103444 0.02145 
0.0650571 0.00130185 0.00176904 0.0347129 0.00993566 4.94221e-05 0.00147645 0.0259762 0.00862715 0.0835145 2.58363e-06 0.0936527 0.146601 0.1643 0.00604595 0.123141 0.0223721 0.0144728 0.00355429 0.0160445 0.0938053 0.00906774 0.0013162 0.000713696 0.0346357 0.0378535 
0.0689207 0.000537143 0.0031984 0.00777906 0.000823159 9.55521e-05 0.012172 0.00868152 0.00300221 0.131684 2.53898e-05 0.000189494 0.0352201 0.609813 0.00293434 0.00795101 3.69962e-05 0.000717348 0.0229623 0.0284503 0.00853033 0.00436038 0.00110202 0.00120745 0.0268347 0.0127709 
0.0764812 0.000181355 0.00668685 0.00169645 0.000307363 0.000137439 0.0163316 0.00186148 0.00332442 0.164423 1.8239e-05 3.90925e-05 0.039365 0.597806 0.00112832 0.0039227 5.22764e-05 0.00069803 0.0372566 0.0168761 0.00558253 0.00437034 0.000292601 0.00188113 0.0050137 0.0142667 
0.0167991 0.00107421 0.0295205 0.0146764 0.000283435 1.62977e-06 0.00158758 0.0414387 0.00368742 0.100956 1.58921e-11 9.51039e-05 0.162548 0.3413 0.00443461 0.0531482 5.85087e-06 0.00141512 0.001597 0.0681455 0.0587278 0.0173043 0.0312223 0.00684264 0.00723517 0.0359536 
0.00147265 0.00150956 0.000319636 0.00760364 8.38341e-06 1.98581e-09 2.33794e-05 0.0105113 0.00286724 0.206442 1.45096e-12 0.000435341 0.103121 0.452949 0.000859253 0.0145158 1.54733e-06 3.84121e-06 1.20303e-05 0.00160295 0.0136582 0.162459 0.00240846 2.6548e-05 0.00514723 0.0120413 
0.0180005 0.00108132 0.000960684 0.00428895 0.044848 3.98488e-06 0.0378276 6.76944e-05 0.000589765 0.0760702 1.29328e-06 5.43128e-05 0.00284484 0.503841 0.00112808 0.198369 1.72077e-06 0.00020069 8.05462e-05 0.0439744 0.0134496 0.0092023 0.000864351 3.30098e-05 0.00376582 0.0384497 
0.0855531 0.000495875 0.00100692 0.085365 0.000183891 1.39043e-05 0.000467456 0.00297913 0.00465237 0.082502 4.43796e-07 0.00320911 0.0310604 0.565227 0.0002521 0.0258486 8.87654e-06 1.60922e-05 2.06012e-06 0.00685523 0.0412386 0.0214605 0.00243988 8.45691e-05 0.00343149 0.0356449 
0.211089 9.73696e-05 0.000620429 0.0620257 0.000488853 0.00188024 0.0046539 0.00849668 0.00738867 0.119451 4.30049e-09 0.000135582 0.0395827 0.356329 0.00295136 0.036437 0.000435719 0.00801709 3.6677e-05 0.0337656 0.0242503 0.00325289 0.00039811 0.000437605 0.0524253 0.0253535 
0.0128527 0.00258259 0.00166104 0.00897226 0.000162707 3.06686e-09 0.000467454 0.00399182 0.0110575 0.174222 1.65148e-11 0.00173389 0.122579 0.54967 0.00096273 0.018683 2.29951e-05 3.78798e-05 5.04794e-06 0.011967 0.0288064 0.00596888 0.0247489 2.54809e-05 0.00968354 0.00913455 
0.0728094 0.00195997 0.0365815 0.0339685 0.000264285 0.000311555 0.00738062 0.00183447 0.0201244 0.158487 3.5064e-07 0.00561333 0.031408 0.290416 0.00664027 0.0385755 0.000162623 0.000148754 0.00844931 0.0260762 0.00764337 0.00901006 0.00851127 0.000372688 0.0180508 0.215201 
0.000811462 0.000430784 0.0716873 0.00938289 0.000663669 7.28495e-06 0.000567848 0.0161682 0.00083972 0.109239 1.08255e-11 0.000422837 0.159463 0.381952 0.0047256 0.0138017 1.44039e-11 8.34718e-06 5.38015e-09 0.0524755 0.030094 0.00859353 0.0785657 1.66882e-06 0.00700713 0.0530917 
0.0114589 0.000773414 0.000125436 0.00677408 6.55902e-05 1.15425e-06 0.000295695 0.00381545 0.0016615 0.00381652 3.90942e-07 0.000100529 0.0171741 0.516886 0.000844922 0.0129121 1.02064e-05 0.00314848 8.87659e-06 0.00327996 0.013173 0.00201293 0.00249072 0.000268899 0.389047 0.00985445 
0.000117934 0.000162472 0.000402702 0.00710588 0.000123504 1.86685e-06 0.000203327 1.58991e-06 0.0758202 0.156649 1.16603e-06 3.17147e-07 0.0166376 0.479937 0.00188501 0.0627698 4.01967e-08 1.63597e-06 1.4728e-07 0.00121769 0.00826756 0.000117902 1.80006e-06 7.07615e-06 0.000100076 0.188466 
0.0162621 0.00187952 0.00569474 0.116516 0.00348539 8.33766e-07 0.00105191 0.0236485 0.00377061 0.225132 1.58911e-05 0.0700478 0.0780521 0.308571 0.00116765 0.061507 5.34552e-05 0.00465671 0.000133441 0.0130846 0.0257617 0.00803718 4.5982e-05 0.000161825 0.0271191 0.00414382 
0.161229 1.01253e-06 0.00304126 0.0015582 0.000114739 4.91952e-07 0.0110531 2.83812e-05 0.0367604 0.121702 0.0246878 7.91066e-10 0.0416537 0.378466 1.9544e-05 0.0208062 0.00227941 0.00175362 4.35893e-05 0.0172575 0.00912666 0.000552586 0.000252261 5.28023e-08 0.0154727 0.15214 
0.000279493 8.18738e-05 0.000159825 0.0613044 1.48692e-05 4.37735e-05 0.000684279 1.43732e-05 0.00258152 0.0298423 5.01449e-07 0.0371821 0.05275 0.573955 0.00113005 0.0906629 1.01809e-06 1.49366e-05 0.000937536 0.000543632 0.0597649 0.0044415 1.33121e-05 0.000747692 0.0470422 0.0358062 
0.0465424 0.00121483 0.00166872 0.00594993 0.00048753 1.63548e-08 0.00212141 0.0190564 0.0153186 0.119647 2.03948e-10 0.000728579 0.0271785 0.288125 0.000622744 0.0150844 4.31268e-06 1.67381e-05 1.02706e-06 0.0181317 0.0243698 0.00119579 0.0526589 5.58359e-06 0.136117 0.223753 
0.0623753 3.72682e-05 0.0570311 0.0436343 0.000959522 3.2146e-06 0.0151559 0.0102738 0.0111934 0.211828 1.71816e-08 0.00140707 0.142391 0.257561 0.00980567 0.0698024 1.27925e-05 0.00560996 5.77169e-05 0.0237978 0.0102105 0.00250631 0.0017194 0.00107828 0.00644186 0.0551068 
0.0671191 0.000612067 0.00222485 0.0366751 0.000352963 2.99777e-07 0.0535845 0.00976259 0.0115666 0.0717094 0.0011448 0.00532496 0.0377533 0.460567 0.00680626 0.080777 0.0128048 6.2143e-05 4.18983e-05 0.0366907 0.0543633 0.0261378 0.00458904 2.09232e-05 0.00258308 0.0167251 
0.0390562 0.00020919 5.42863e-05 0.0128581 0.0144796 1.17113e-08 0.00473034 0.0341759 0.00362532 0.138253 3.06041e-12 0.00361959 0.0118276 0.612779 0.00424864 0.0413063 7.11665e-06 1.11454e-08 5.62616e-06 0.00988323 0.0342635 0.00356534 0.000100282 7.29566e-05 0.000313202 0.0305658 
0.000856015 0.000909153 0.000897085 0.0369676 0.000163778 4.63251e-07 0.00100994 0.00553722 0.0075958 0.120066 3.80735e-07 0.000150198 0.0272703 0.684118 0.00188204 0.0373813 1.51952e-06 1.82422e-05 2.04181e-05 0.00379091 0.0151621 0.00224763 0.00182702 4.67284e-05 0.006263 0.0458174 
0.0544015 5.19751e-05 0.00163836 0.0539505 0.00217441 0.000388658 0.0055545 0.0108974 0.0297482 0.124313 9.26693e-09 0.00681871 0.0921454 0.319736 0.0144572 0.03201 0.000198085 1.55938e-05 8.9478e-05 0.0418371 0.0418452 0.00625887 0.000102029 0.000252392 0.00628209 0.154834 
1.54024e-07 1.35461e-10 2.40673e-07 0.232252 7.98641e-11 2.1043e-10 4.11868e-07 1.51343e-11 0.0159898 0.258101 8.90694e-11 8.47838e-11 0.145061 0.26265 5.77184e-09 0.0410565 1.18511e-10 1.34661e-10 1.70617e-10 3.04058e-08 0.00259042 4.52802e-06 2.27578e-08 1.40254e-10 4.57953e-07 0.0422933 
0.189207 0.00152174 0.0218308 0.0583465 0.0133057 0.000179475 0.00629623 0.0220919 0.0120123 0.0838599 7.35866e-05 0.0039315 0.0648055 0.205029 0.00603662 0.0555673 0.0024544 0.00949306 0.00514138 0.0619996 0.0801131 0.0144863 0.0191132 0.00195618 0.0303989 0.0307482 
0.0203122 0.000160154 0.000279145 0.000609363 0.000511619 0.000550669 0.00201454 0.00900019 0.0195563 0.0331608 4.80866e-07 3.97275e-06 0.00897701 0.586741 0.0140235 0.0102731 1.81351e-05 2.78193e-05 0.000109711 0.124693 0.00182251 0.000799149 3.33646e-06 0.000100297 0.00071208 0.16554 
0.0584161 4.88562e-05 1.09998e-07 0.00372109 7.66917e-05 2.58631e-07 0.00348342 0.00321825 0.00117615 0.146406 0.0749146 0.000368878 0.0407178 0.209438 1.99247e-05 0.0196494 2.15904e-08 5.21966e-07 0.0412808 0.00236584 0.0167143 0.00254826 0.0747052 0.00105127 0.106742 0.192937 
0.000247555 0.000137127 8.14378e-05 0.00240421 0.00073848 2.35477e-08 8.22877e-05 0.000263402 0.0213711 0.11976 1.97687e-09 2.66871e-06 0.0179096 0.477356 0.000822178 0.0239848 1.96407e-08 5.49941e-05 4.67411e-08 0.000876178 0.00198458 0.000527075 0.000397376 8.16013e-06 0.000598471 0.330392 
0.0244615 0.0240583 0.000813947 0.0349425 0.00396796 2.26624e-05 0.00394771 0.00160537 0.0131454 0.137047 0.00286798 0.00271445 0.116369 0.359026 0.0165853 0.0713084 4.14528e-05 0.000152016 0.000563116 0.0143461 0.0327457 0.0155211 7.3059e-05 0.000368908 0.0107674 0.112537 
0.0502758 5.68753e-05 5.60989e-05 0.00983514 0.00367489 2.22765e-09 0.00114532 0.0101951 0.0125091 0.104363 1.27709e-05 0.00726196 0.0654455 0.597774 0.00012687 0.0210864 0.000744367 3.86088e-06 7.46025e-05 0.0239484 0.0235351 0.000759014 0.000160044 0.000154363 0.0557773 0.0110246 
0.271107 3.53629e-06 0.00163059 0.00965175 0.000480323 3.37905e-07 0.00161685 0.00138045 0.00897534 0.254788 5.73298e-07 4.3572e-05 0.0165238 0.357043 0.000120768 0.0123476 0.000788547 0.00107587 5.86425e-05 0.0397099 0.00225403 0.0124755 0.000158735 0.000368594 0.0029241 0.00447324 
0.0584161 4.88562e-05 1.09998e-07 0.00372109 7.66917e-05 2.58631e-07 0.00348342 0.00321825 0.00117615 0.146406 0.0749146 0.000368878 0.0407178 0.209438 1.99247e-05 0.0196494 2.15904e-08 5.21966e-07 0.0412808 0.00236584 0.0167143 0.00254826 0.0747052 0.00105127 0.106742 0.192937 
0.00420746 5.66751e-06 1.32359e-05 0.00334434 7.77737e-05 4.3397e-10 0.000132852 0.000322292 0.000115928 0.413309 1.2136e-06 0.000660995 0.0421888 0.465812 8.07343e-06 0.025798 1.20426e-06 9.30423e-05 1.82925e-11 0.00102646 0.0141616 0.00538467 1.02007e-06 3.67155e-06 0.00369263 0.0196376 
0.000612102 3.3635e-05 0.000568994 0.0572213 0.000262498 8.65726e-10 0.000183301 0.000223785 0.00745442 0.162219 1.15701e-09 2.68696e-08 0.0336972 0.587887 0.000730615 0.0319934 7.46627e-07 1.67415e-05 3.91672e-06 0.00122568 0.0218759 0.000941841 0.00234077 5.26972e-05 0.00233829 0.0881162 
0.0054946 4.35959e-05 0.00853699 0.0102206 0.000764399 1.43934e-05 0.000334676 0.0186317 0.00629819 0.154223 1.27715e-08 0.000241408 0.128371 0.405916 0.00114683 0.0172377 0.000158771 1.16626e-05 0.0074398 0.00480817 0.00832752 0.190113 0.0116563 2.26945e-05 0.012193 0.00779457 
0.0580218 0.000117081 0.128132 0.00324198 0.00223236 0.000395045 0.0275866 0.00118498 0.00633643 0.180996 1.4525e-08 0.000921351 0.129014 0.254427 0.00176958 0.035584 8.05773e-06 0.00137093 0.000148559 0.0303485 0.0590447 0.00374814 0.000117474 0.00125392 0.00574097 0.0682583 
0.00549407 6.0483e-06 6.50463e-12 1.14721e-08 0.00017052 0.000678023 0.000817046 1.98567e-08 1.10716e-08 2.24618e-06 3.04816e-06 2.07292e-08 2.29288e-08 0.965181 6.68045e-08 3.06142e-05 3.91181e-05 9.46626e-12 2.0989e-06 0.0175471 1.04433e-08 3.05783e-08 1.1567e-05 0.00966132 9.79072e-08 0.000355681 
0.018504 0.000219937 4.1596e-07 0.00170279 7.72298e-05 3.22533e-06 2.0436e-05 8.10674e-05 0.0047552 0.00109213 4.43624e-06 0.0065604 0.00459963 0.896217 0.00249505 0.00222014 1.83426e-06 0.000441382 8.68767e-06 0.000239563 0.000294381 0.00216408 0.000273947 4.14943e-05 0.0565789 0.00140307 
0.255727 0.000459757 0.00704171 0.00566371 0.00115775 6.63208e-08 0.00478227 0.0265583 0.0015958 0.164569 0.000247851 0.00018507 0.0293464 0.31544 0.000272847 0.0146115 0.00131452 0.0181516 0.00207786 0.0332853 0.0160739 0.0235567 0.0067455 5.43234e-05 0.0603792 0.0107024 
0.0740637 6.50744e-05 0.0016133 0.0101321 0.0199817 1.22852e-07 0.00170348 8.1773e-05 0.00675875 0.191902 1.8984e-07 0.00152714 0.0131952 0.537157 0.00569745 0.0233013 1.62974e-05 2.93614e-06 2.82731e-05 0.0535517 0.00332713 0.000412131 3.9634e-05 7.49592e-07 0.00960844 0.0458322 
0.000751384 0.00119115 4.26769e-07 0.000802934 1.8191e-05 1.74083e-05 0.000966779 3.62667e-08 0.000125531 2.41006e-06 3.03767e-06 0.000335663 7.25317e-08 0.968875 0.00010254 0.000895301 3.95895e-09 1.17799e-08 5.83466e-06 0.0169938 0.00202127 9.69422e-08 0.000674202 0.00584139 2.54692e-07 0.000375628 
0.0613941 3.27928e-05 1.3238e-06 0.0164223 0.00700044 2.75984e-09 0.0120546 0.00677728 0.00236732 0.0389181 9.58537e-08 0.000235475 0.0984528 0.532029 0.0033371 0.147646 0.000599711 0.000309702 6.10396e-05 0.0301905 0.0171465 0.00215806 0.000259516 5.91703e-05 0.0164398 0.00610768 
0.0959411 2.51683e-05 0.00461618 2.82995e-05 0.00211441 0.00160321 0.00328012 0.135455 0.00187089 0.0224169 2.56842e-05 9.83474e-07 0.00919658 0.367003 0.00123653 0.00218397 1.57077e-05 0.000890135 0.00166744 0.0597063 0.00483923 0.00555618 0.000368203 0.00014318 0.222202 0.0576144 
0.0318923 0.000134152 0.000690053 0.00285297 0.00266844 0.00325999 0.00193218 0.0702771 0.0465968 0.147838 1.12608e-06 6.10999e-05 0.120438 0.213636 0.000102248 0.0633986 7.2138e-05 0.000887172 9.07489e-06 0.0641693 0.00293837 0.00549891 4.71121e-05 6.78249e-06 0.0108089 0.209783 
0.0132753 1.27078e-05 1.53689e-05 0.017292 8.64212e-05 6.78234e-12 0.0052 0.103029 0.0185966 0.18377 2.87079e-12 0.000127761 0.0982677 0.377398 0.00404711 0.0857636 1.62198e-05 8.54806e-06 5.55377e-06 0.017361 0.0428987 0.0137068 5.5957e-05 3.18647e-05 0.00246737 0.0165664 
0.12644 4.69871e-07 6.38662e-07 0.012169 0.00092048 1.61094e-05 0.000878163 0.00851342 0.00681533 0.316953 9.87604e-10 2.10327e-05 0.0291363 0.322488 0.000334808 0.0135404 0.000523632 0.00363117 3.63599e-06 0.0205167 0.00191863 0.00772707 0.000103073 0.00429639 0.00136887 0.121684 
0.0125741 0.00153276 0.00350133 0.0401746 2.19994e-05 9.98134e-07 0.000761115 0.00494698 0.00681215 0.21799 1.03672e-05 0.00172634 0.0274036 0.429365 4.83316e-05 0.100845 2.00445e-05 7.08838e-05 0.000333227 0.013513 0.0342617 0.0846509 0.000893024 4.39361e-05 0.00549575 0.0130034 
0.00609879 0.038082 7.59165e-11 0.00103878 0.00011398 5.69781e-08 4.60759e-05 0.000163769 0.00102209 0.0687249 9.35447e-08 0.00173951 0.0154368 0.723847 0.000882652 0.00653559 5.20257e-07 4.00434e-07 1.96732e-05 0.000954424 0.0217119 0.00620009 3.40102e-06 2.80316e-05 0.0927425 0.0146073 
0.000556326 4.58089e-06 0.000277975 0.00976936 0.000520006 3.90158e-10 8.63412e-05 0.00149856 0.000684626 0.115153 1.65144e-10 1.57198e-10 0.00879614 0.5635 0.00277252 0.0445143 7.64072e-09 1.54139e-07 3.72303e-08 0.0192658 0.00179049 0.0056921 2.31972e-06 1.23902e-05 1.44844e-05 0.225088 
0.0884001 0.000167496 0.000193242 0.0298343 0.00190914 1.79769e-05 0.00543742 0.0152943 0.0160212 0.101907 6.57925e-06 0.000468008 0.0322103 0.254073 0.00187825 0.0807293 3.19263e-05 0.00619527 5.51565e-06 0.0581705 0.0199097 0.0374567 0.00439952 0.00118779 0.209239 0.0348557 
0.109808 6.77187e-06 0.00642667 0.000952724 0.183565 4.16369e-05 0.0165011 0.000550045 0.00778013 0.0890687 1.82373e-10 0.000109808 0.0177264 0.464197 0.00125854 0.0040096 3.60857e-05 0.000105265 0.000693912 0.0149396 0.00218544 0.0439817 0.0162263 4.88567e-05 0.00943566 0.0103447 
0.0339143 0.00267091 0.00469384 0.0290288 0.000489092 2.2624e-05 0.00399302 0.0200529 0.00301496 0.17231 1.08379e-07 0.0124715 0.197595 0.359194 0.00519707 0.0308409 5.01871e-06 6.43143e-05 2.29961e-06 0.040794 0.0402309 0.010672 0.00429347 6.94796e-05 0.0118522 0.0165281 
0.00473057 0.00200085 0.00140542 0.116116 1.38579e-05 1.90598e-05 0.000322227 0.002035 0.0769963 0.124595 9.66002e-05 9.11001e-05 0.0284013 0.386324 0.000662583 0.0885341 3.52404e-11 1.63429e-05 1.00516e-05 0.00289037 0.053036 0.00353441 0.00362064 3.6394e-05 0.0222692 0.082242 
0.0339349 0.00654349 0.0302162 0.0211023 0.00440128 0.000179241 0.00470997 0.00129931 0.00625103 0.0575979 2.97915e-06 0.000744506 0.111684 0.409549 0.00116424 0.0457313 4.99487e-06 0.000288163 0.000739176 0.0278869 0.0287532 0.00470579 0.00966254 0.000123772 0.108904 0.0838204 
0.109808 6.77187e-06 0.00642667 0.000952724 0.183565 4.16369e-05 0.0165011 0.000550045 0.00778013 0.0890687 1.82373e-10 0.000109808 0.0177264 0.464197 0.00125854 0.0040096 3.60857e-05 0.000105265 0.000693912 0.0149396 0.00218544 0.0439817 0.0162263 4.88567e-05 0.00943566 0.0103447 
0.000503457 1.71629e-07 0.000352032 0.000611295 0.000138828 4.81614e-08 0.00486054 0.000195648 0.000892934 0.126465 7.00844e-10 2.35583e-06 0.00557835 0.406766 0.00232024 0.0158487 4.28388e-08 1.05958e-09 1.26082e-07 0.15963 0.00213332 8.28375e-05 2.49279e-06 8.04339e-07 1.30366e-05 0.273602 
0.0265472 0.00192129 0.00439734 0.0108083 0.000227586 6.60232e-07 0.000602149 0.00773458 0.0131508 0.119824 5.04794e-08 0.00185014 0.0989958 0.480657 0.0313744 0.0288224 2.49882e-05 0.000192961 1.65909e-05 0.0153589 0.0404023 0.00532772 0.0419319 5.94755e-05 0.0254277 0.0443437 
0.0443331 0.000101136 0.000594903 0.00604213 0.00338047 2.03734e-05 0.000229673 0.00113658 0.00940276 0.0627677 8.54863e-07 0.000596973 0.015603 0.790257 0.00932817 0.0105966 1.9017e-06 0.000114704 5.03514e-06 0.0024886 0.00383896 0.000668558 0.00010672 4.20622e-05 0.0012684 0.0370737 
0.0657364 0.000825842 0.000629535 0.0409843 0.0040013 4.87435e-05 0.00865647 0.0134659 0.0283986 0.131231 4.40959e-06 0.0155858 0.0332518 0.350535 0.00704313 0.10375 2.66152e-05 0.00135083 0.000187355 0.0587057 0.0270809 0.0141464 0.00790345 0.000264409 0.0151961 0.0709897 
0.0426813 1.91622e-05 1.13343e-07 0.0123367 0.0447247 1.2455e-10 0.00266135 0.0361532 0.00330309 0.0618178 0.0466897 0.00218857 0.00108855 0.446791 0.000299331 0.0233507 5.06437e-06 0.00013079 0.0010443 0.183931 0.0547928 0.000525569 0.000113227 0.0331401 0.00121653 0.000995896 
0.00126835 1.418e-05 4.99064e-05 0.00243977 0.000201646 1.0046e-06 7.36105e-05 6.52729e-05 0.000617071 0.207301 1.99674e-12 0.000130887 0.0429767 0.691555 0.000310648 0.00481164 2.27489e-07 1.80403e-08 1.94704e-09 0.000510989 0.00680022 0.00124511 0.00305197 2.22232e-05 0.00761962 0.0289327 
0.0769833 3.1456e-05 0.00291961 0.00110334 0.00519759 1.75321e-06 0.00215856 0.0308358 0.00862439 0.168837 0.000122474 4.34477e-05 0.0108742 0.553158 0.00507261 0.00783121 1.24919e-05 0.000132856 0.00255393 0.0231818 0.0025189 0.00997785 0.000328335 0.000206801 0.0250941 0.0621983 
0.0193635 4.9579e-05 2.55067e-09 0.000594147 3.96792e-05 1.30558e-05 0.0024686 0.00981917 0.00363011 0.0220318 2.45525e-09 1.2038e-05 0.00592194 0.743422 0.000457078 0.00708362 5.59713e-07 0.00192379 0.000115414 0.00408705 0.00106534 0.000456227 0.000314189 0.000101008 0.137387 0.0396426 
0.0178791 0.00102826 0.000399799 0.00205116 8.61241e-05 1.34679e-06 0.0015351 4.3137e-05 0.00892146 0.069818 0.000503683 3.0709e-08 0.00823278 0.556796 0.000132566 0.00549014 4.29253e-08 0.000162333 6.17983e-08 0.00601275 0.000904172 0.000184217 0.00353128 5.68856e-06 0.00470123 0.311579 
0.00476318 0.00118573 0.00121219 0.0410341 0.000490128 1.4576e-05 0.00270876 0.00204463 0.00363091 0.312293 4.7643e-07 4.73537e-05 0.0161764 0.353165 0.000218418 0.128014 1.50349e-06 1.41165e-06 2.62278e-06 0.0330499 0.0106503 0.0018248 1.28544e-05 7.41826e-05 0.002979 0.084405 
0.0644797 0.00026673 0.0117527 0.00361159 5.94925e-05 6.48168e-09 0.000278858 0.00119304 0.014901 0.214593 1.47858e-11 7.56508e-05 0.022277 0.233369 7.19243e-05 0.0274503 2.04789e-07 0.0201478 1.99495e-05 0.00422766 0.164923 0.00474899 0.144776 0.000659076 0.0303137 0.0358048 
0.00530201 0.0249499 2.10905e-05 0.0672456 2.57173e-05 2.53011e-05 0.00204148 0.00404686 0.00842535 0.00666799 6.09957e-08 7.93834e-05 0.155221 0.236075 0.00642804 0.186211 3.97267e-05 4.39472e-05 0.000157509 0.0114814 0.232111 0.0141059 0.0184134 4.93948e-05 0.00823162 0.0126007 
0.00167986 0.00839415 0.00109539 0.0129303 0.00790616 7.25352e-06 0.0042127 0.00532878 0.00416113 0.061273 3.39908e-06 0.00099778 0.0339262 0.647067 0.000421654 0.0694713 4.86977e-06 0.0010782 6.58274e-06 0.00969889 0.00843565 0.000383869 0.00118811 2.63533e-05 0.0166753 0.103626 
0.0340758 0.00630664 0.00306757 0.042135 0.000465617 3.94601e-05 0.0102182 0.00810495 0.0326752 0.0684939 9.02074e-05 0.0175716 0.0800782 0.524169 0.0042742 0.0143169 3.93494e-05 0.0170449 0.00377986 0.038096 0.0228976 0.00797374 0.0152835 9.45619e-05 0.0152062 0.0335018 
0.00316 0.00549532 0.00122752 0.034736 0.000133217 3.64472e-05 1.03786e-05 0.000272779 0.000640646 0.0221999 1.26991e-07 0.0100391 0.00717652 0.725764 0.00178505 0.0372028 0.000106504 6.10337e-05 4.0969e-06 0.00362815 0.0412037 0.00528161 0.00128901 0.000320382 0.00930191 0.0889239 
6.69635e-05 3.45546e-09 0.000262974 0.00256287 2.25633e-05 1.84884e-12 1.22037e-05 0.000113546 0.000131829 0.404665 7.82566e-13 9.72268e-05 0.0378074 0.517125 3.0322e-06 0.00517529 4.19181e-08 1.18314e-12 1.49905e-12 0.000233317 0.00249478 0.0011876 5.9137e-06 3.24257e-06 0.000349293 0.0276794 
